[[0.0, 3.022, 4.911, 8.881, 14.013, 16.157, 17.306, 17.849, 18.385, 19.045, 19.365, 19.187, 19.537, 20.099, 20.713, 21.155, 21.437, 21.653, 21.613, 21.791, 22.286, 22.474, 22.376, 22.307, 22.601, 22.685, 22.313, 22.117, 21.932, 21.466, 21.228, 21.046, 20.684, 21.013, 21.688, 21.838, 21.998, 22.128, 22.181, 22.222, 22.741, 23.067, 23.045, 23.094, 23.112, 23.524, 24.887, 25.612, 24.978, 25.019, 26.01, 26.72, 26.442, 26.873, 27.967, 27.955, 27.638, 27.977, 28.688, 28.763, 28.478, 28.477, 28.402, 28.19, 28.323, 28.523, 28.515, 28.658, 28.685, 28.073, 27.832, 27.484, 27.118, 26.806, 26.538, 26.537, 27.087, 26.81, 26.379, 26.07, 25.09, 24.451, 23.944, 23.286, 22.785, 22.379], [3.022, 0.0, 3.22, 7.437, 12.705, 14.942, 16.117, 16.607, 17.126, 17.852, 18.206, 18.065, 18.426, 19.035, 19.758, 20.249, 20.539, 20.764, 20.738, 20.932, 21.419, 21.584, 21.494, 21.441, 21.725, 21.809, 21.458, 21.274, 21.071, 20.589, 20.378, 20.313, 20.037, 20.417, 21.262, 21.53, 21.697, 21.78, 21.806, 21.846, 22.389, 22.742, 22.731, 22.777, 22.786, 23.186, 24.618, 25.414, 24.801, 24.867, 25.876, 26.576, 26.276, 26.768, 27.972, 27.988, 27.627, 27.904, 28.604, 28.696, 28.399, 28.373, 28.298, 28.108, 28.244, 28.406, 28.379, 28.546, 28.586, 27.961, 27.711, 27.385, 26.996, 26.652, 26.39, 26.413, 26.973, 26.688, 26.26, 25.963, 24.961, 24.237, 23.665, 22.956, 22.416, 21.967], [4.911, 3.22, 0.0, 5.775, 12.131, 14.638, 15.795, 16.214, 16.694, 17.49, 17.845, 17.663, 18.078, 18.665, 19.342, 19.828, 20.083, 20.302, 20.276, 20.497, 21.071, 21.249, 21.119, 21.065, 21.431, 21.524, 21.086, 20.867, 20.666, 20.109, 19.733, 19.534, 19.175, 19.561, 20.475, 20.855, 21.211, 21.443, 21.497, 21.541, 22.138, 22.502, 22.462, 22.504, 22.585, 23.155, 24.628, 25.317, 24.664, 24.759, 25.836, 26.573, 26.288, 26.748, 27.855, 27.846, 27.563, 27.896, 28.597, 28.697, 28.406, 28.392, 28.292, 28.059, 28.205, 28.434, 28.421, 28.546, 28.588, 27.912, 27.514, 27.102, 26.726, 26.398, 26.095, 26.041, 26.521, 26.228, 25.783, 25.493, 24.604, 24.005, 23.476, 22.742, 22.208, 21.791], [8.881, 7.437, 5.775, 0.0, 7.163, 10.415, 11.91, 12.511, 13.124, 14.097, 14.605, 14.653, 15.224, 15.935, 16.82, 17.432, 17.698, 17.872, 17.857, 18.101, 18.546, 18.678, 18.72, 18.817, 19.101, 19.212, 19.064, 18.956, 18.722, 18.274, 18.179, 18.616, 18.704, 19.043, 19.881, 20.2, 20.384, 20.446, 20.5, 20.702, 21.437, 21.793, 21.857, 21.94, 21.833, 22.27, 24.18, 25.313, 24.684, 24.76, 25.817, 26.477, 26.092, 26.818, 28.385, 28.5, 28.033, 28.1, 28.772, 28.914, 28.524, 28.452, 28.418, 28.257, 28.321, 28.352, 28.255, 28.458, 28.547, 27.9, 27.616, 27.316, 26.861, 26.441, 26.298, 26.458, 27.031, 26.769, 26.441, 26.223, 25.176, 24.22, 23.478, 22.685, 22.018, 21.512], [14.013, 12.705, 12.131, 7.163, 0.0, 4.485, 7.138, 8.426, 9.353, 10.457, 11.102, 11.442, 12.094, 12.983, 14.287, 15.129, 15.437, 15.558, 15.54, 15.725, 15.749, 15.736, 16.088, 16.405, 16.427, 16.607, 17.155, 17.313, 17.021, 16.847, 17.456, 18.972, 19.77, 20.057, 20.693, 20.781, 20.499, 20.101, 20.141, 20.56, 21.371, 21.72, 21.95, 22.052, 21.605, 21.734, 24.259, 26.06, 25.505, 25.574, 26.618, 27.146, 26.59, 27.702, 29.972, 30.273, 29.486, 29.167, 29.819, 30.009, 29.483, 29.309, 29.38, 29.379, 29.352, 29.048, 28.831, 29.207, 29.349, 28.789, 28.816, 28.742, 28.145, 27.587, 27.665, 28.14, 28.934, 28.726, 28.548, 28.402, 26.994, 25.415, 24.328, 23.431, 22.484, 21.715], [16.157, 14.942, 14.638, 10.415, 4.485, 0.0, 3.975, 6.348, 7.788, 8.924, 9.449, 9.648, 10.1, 10.959, 12.526, 13.572, 13.945, 14.055, 13.982, 14.082, 13.943, 13.905, 14.358, 14.725, 14.651, 14.862, 15.706, 15.998, 15.69, 15.697, 16.689, 18.687, 19.798, 20.074, 20.604, 20.559, 20.061, 19.432, 19.502, 20.172, 21.142, 21.557, 21.851, 21.953, 21.396, 21.479, 24.33, 26.37, 25.767, 25.798, 26.862, 27.371, 26.735, 27.977, 30.485, 30.82, 29.913, 29.489, 30.153, 30.37, 29.8, 29.566, 29.66, 29.703, 29.622, 29.171, 28.908, 29.368, 29.51, 28.956, 29.117, 29.13, 28.455, 27.81, 27.914, 28.467, 29.382, 29.187, 29.028, 28.882, 27.231, 25.294, 24.017, 23.042, 21.933, 21.0], [17.306, 16.117, 15.795, 11.91, 7.138, 3.975, 0.0, 3.341, 5.806, 7.503, 8.144, 8.466, 8.879, 9.696, 11.511, 12.74, 13.087, 13.165, 13.072, 13.245, 13.205, 13.162, 13.665, 14.118, 14.122, 14.383, 15.23, 15.533, 15.264, 15.344, 16.323, 18.365, 19.528, 19.82, 20.397, 20.383, 19.913, 19.338, 19.421, 20.197, 21.315, 21.8, 22.083, 22.172, 21.672, 21.873, 24.738, 26.742, 26.13, 26.14, 27.199, 27.712, 27.088, 28.278, 30.674, 30.974, 30.125, 29.75, 30.408, 30.631, 30.089, 29.848, 29.917, 29.935, 29.858, 29.431, 29.172, 29.619, 29.749, 29.169, 29.279, 29.279, 28.597, 27.899, 27.921, 28.391, 29.258, 29.073, 28.902, 28.742, 27.124, 25.212, 23.967, 23.018, 21.92, 20.99], [17.849, 16.607, 16.214, 12.511, 8.426, 6.348, 3.341, 0.0, 3.588, 6.22, 7.163, 7.807, 8.413, 9.347, 11.389, 12.713, 13.058, 13.153, 13.089, 13.369, 13.431, 13.374, 13.85, 14.338, 14.437, 14.721, 15.47, 15.745, 15.505, 15.55, 16.421, 18.366, 19.481, 19.812, 20.478, 20.525, 20.127, 19.653, 19.715, 20.39, 21.503, 22.027, 22.302, 22.366, 21.918, 22.197, 24.919, 26.786, 26.186, 26.209, 27.28, 27.8, 27.212, 28.342, 30.611, 30.887, 30.109, 29.795, 30.448, 30.68, 30.173, 29.949, 29.995, 29.985, 29.923, 29.562, 29.323, 29.741, 29.882, 29.29, 29.311, 29.273, 28.624, 27.933, 27.897, 28.299, 29.094, 28.895, 28.713, 28.563, 27.087, 25.34, 24.186, 23.275, 22.227, 21.376], [18.385, 17.126, 16.694, 13.124, 9.353, 7.788, 5.806, 3.588, 0.0, 3.455, 5.021, 6.337, 7.354, 8.655, 11.109, 12.555, 12.95, 13.081, 13.048, 13.422, 13.498, 13.411, 13.919, 14.429, 14.548, 14.861, 15.629, 15.928, 15.698, 15.724, 16.576, 18.479, 19.56, 19.882, 20.579, 20.659, 20.303, 19.88, 19.943, 20.571, 21.659, 22.167, 22.492, 22.584, 22.125, 22.408, 25.03, 26.826, 26.261, 26.297, 27.36, 27.869, 27.303, 28.403, 30.608, 30.882, 30.123, 29.822, 30.478, 30.719, 30.239, 30.039, 30.083, 30.065, 30.016, 29.701, 29.487, 29.89, 30.046, 29.471, 29.446, 29.393, 28.779, 28.086, 28.006, 28.379, 29.14, 28.937, 28.771, 28.649, 27.271, 25.626, 24.521, 23.621, 22.575, 21.757], [19.045, 17.852, 17.49, 14.097, 10.457, 8.924, 7.503, 6.22, 3.455, 0.0, 2.416, 4.716, 6.027, 7.62, 10.479, 12.024, 12.462, 12.598, 12.569, 12.958, 12.973, 12.868, 13.45, 14.001, 14.045, 14.386, 15.311, 15.681, 15.436, 15.502, 16.495, 18.495, 19.603, 19.89, 20.584, 20.676, 20.301, 19.865, 19.943, 20.58, 21.646, 22.129, 22.533, 22.73, 22.237, 22.463, 25.101, 26.936, 26.372, 26.382, 27.409, 27.907, 27.334, 28.446, 30.689, 30.979, 30.197, 29.87, 30.527, 30.762, 30.276, 30.076, 30.127, 30.121, 30.064, 29.727, 29.517, 29.931, 30.077, 29.522, 29.54, 29.51, 28.899, 28.199, 28.116, 28.504, 29.289, 29.102, 28.972, 28.877, 27.47, 25.776, 24.66, 23.777, 22.718, 21.858], [19.365, 18.206, 17.845, 14.605, 11.102, 9.449, 8.144, 7.163, 5.021, 2.416, 0.0, 2.875, 4.452, 6.193, 9.189, 10.81, 11.323, 11.518, 11.499, 11.89, 11.948, 11.906, 12.494, 13.12, 13.225, 13.56, 14.495, 14.866, 14.603, 14.709, 15.788, 17.9, 19.106, 19.386, 20.077, 20.203, 19.84, 19.411, 19.515, 20.192, 21.314, 21.812, 22.223, 22.464, 22.006, 22.267, 24.96, 26.828, 26.251, 26.259, 27.314, 27.831, 27.242, 28.347, 30.607, 30.897, 30.107, 29.79, 30.462, 30.703, 30.212, 30.006, 30.058, 30.057, 30.005, 29.666, 29.453, 29.879, 30.013, 29.434, 29.452, 29.415, 28.788, 28.08, 27.973, 28.351, 29.173, 28.993, 28.861, 28.773, 27.315, 25.563, 24.419, 23.512, 22.414, 21.493], [19.187, 18.065, 17.663, 14.653, 11.442, 9.648, 8.466, 7.807, 6.337, 4.716, 2.875, 0.0, 2.186, 4.175, 7.157, 8.887, 9.57, 9.936, 9.91, 10.306, 10.554, 10.656, 11.153, 11.81, 12.112, 12.424, 13.188, 13.499, 13.25, 13.424, 14.535, 16.733, 18.079, 18.393, 19.073, 19.181, 18.831, 18.432, 18.573, 19.315, 20.563, 21.114, 21.505, 21.761, 21.373, 21.747, 24.51, 26.376, 25.767, 25.785, 26.91, 27.46, 26.852, 27.923, 30.168, 30.439, 29.659, 29.394, 30.1, 30.347, 29.856, 29.644, 29.695, 29.68, 29.637, 29.325, 29.115, 29.549, 29.674, 29.05, 29.042, 28.97, 28.326, 27.625, 27.464, 27.815, 28.691, 28.503, 28.332, 28.245, 26.763, 24.988, 23.807, 22.843, 21.693, 20.727], [19.537, 18.426, 18.078, 15.224, 12.094, 10.1, 8.879, 8.413, 7.354, 6.027, 4.452, 2.186, 0.0, 2.737, 6.142, 7.922, 8.73, 9.195, 9.174, 9.569, 9.857, 10.04, 10.502, 11.151, 11.489, 11.745, 12.483, 12.811, 12.597, 12.939, 14.244, 16.599, 18.054, 18.375, 19.005, 19.05, 18.636, 18.173, 18.284, 19.052, 20.353, 20.948, 21.358, 21.644, 21.263, 21.617, 24.428, 26.331, 25.691, 25.69, 26.794, 27.328, 26.698, 27.789, 30.087, 30.361, 29.555, 29.271, 29.97, 30.219, 29.719, 29.486, 29.544, 29.531, 29.466, 29.11, 28.883, 29.342, 29.466, 28.852, 28.891, 28.843, 28.184, 27.481, 27.327, 27.712, 28.645, 28.455, 28.272, 28.18, 26.619, 24.743, 23.514, 22.535, 21.371, 20.369], [20.099, 19.035, 18.665, 15.935, 12.983, 10.959, 9.696, 9.347, 8.655, 7.62, 6.193, 4.175, 2.737, 0.0, 4.168, 6.407, 7.257, 7.794, 7.798, 8.194, 8.576, 8.876, 9.349, 10.083, 10.514, 10.799, 11.572, 11.928, 11.753, 12.233, 13.677, 16.158, 17.702, 18.072, 18.708, 18.737, 18.311, 17.845, 17.954, 18.752, 20.118, 20.737, 21.156, 21.467, 21.096, 21.469, 24.333, 26.26, 25.584, 25.581, 26.694, 27.237, 26.595, 27.687, 30.001, 30.277, 29.459, 29.161, 29.851, 30.098, 29.595, 29.35, 29.409, 29.393, 29.307, 28.933, 28.697, 29.165, 29.291, 28.676, 28.731, 28.687, 28.015, 27.303, 27.141, 27.551, 28.523, 28.335, 28.155, 28.074, 26.481, 24.558, 23.303, 22.305, 21.141, 20.157], [20.713, 19.758, 19.342, 16.82, 14.287, 12.526, 11.511, 11.389, 11.109, 10.479, 9.189, 7.157, 6.142, 4.168, 0.0, 3.098, 4.735, 5.737, 5.874, 6.201, 6.983, 7.607, 7.866, 8.698, 9.479, 9.729, 10.168, 10.384, 10.285, 10.972, 12.462, 14.986, 16.705, 17.112, 17.679, 17.671, 17.265, 16.86, 16.978, 17.764, 19.215, 19.851, 20.226, 20.556, 20.31, 20.893, 23.777, 25.658, 25.032, 25.078, 26.238, 26.794, 26.137, 27.141, 29.375, 29.643, 28.858, 28.614, 29.323, 29.575, 29.095, 28.863, 28.928, 28.904, 28.862, 28.562, 28.33, 28.777, 28.894, 28.239, 28.244, 28.164, 27.486, 26.771, 26.564, 26.961, 27.964, 27.788, 27.614, 27.548, 26.011, 24.192, 22.978, 21.99, 20.882, 20.016], [21.155, 20.249, 19.828, 17.432, 15.129, 13.572, 12.74, 12.713, 12.555, 12.024, 10.81, 8.887, 7.922, 6.407, 3.098, 0.0, 3.082, 4.84, 5.203, 5.578, 6.529, 7.362, 7.392, 8.216, 9.177, 9.319, 9.559, 9.713, 9.648, 10.531, 12.168, 14.771, 16.588, 16.97, 17.441, 17.408, 16.999, 16.578, 16.654, 17.388, 18.852, 19.49, 19.847, 20.195, 20.015, 20.653, 23.508, 25.354, 24.794, 24.912, 26.082, 26.615, 25.957, 26.918, 29.118, 29.407, 28.64, 28.398, 29.097, 29.357, 28.897, 28.669, 28.74, 28.711, 28.682, 28.409, 28.174, 28.612, 28.729, 28.077, 28.063, 27.984, 27.299, 26.567, 26.347, 26.744, 27.76, 27.596, 27.438, 27.369, 25.849, 24.095, 22.935, 22.0, 20.954, 20.136], [21.437, 20.539, 20.083, 17.698, 15.437, 13.945, 13.087, 13.058, 12.95, 12.462, 11.323, 9.57, 8.73, 7.257, 4.735, 3.082, 0.0, 2.374, 3.171, 4.046, 5.433, 6.421, 6.574, 7.502, 8.611, 8.951, 9.337, 9.495, 9.456, 10.383, 11.994, 14.579, 16.409, 16.801, 17.288, 17.286, 16.905, 16.564, 16.711, 17.484, 18.955, 19.563, 19.891, 20.214, 20.007, 20.676, 23.587, 25.461, 24.935, 25.095, 26.328, 26.918, 26.282, 27.205, 29.358, 29.634, 28.887, 28.681, 29.38, 29.618, 29.165, 28.949, 29.002, 28.958, 28.935, 28.681, 28.457, 28.892, 29.023, 28.372, 28.33, 28.224, 27.53, 26.783, 26.543, 26.911, 27.903, 27.727, 27.55, 27.495, 26.032, 24.32, 23.176, 22.238, 21.159, 20.278], [21.653, 20.764, 20.302, 17.872, 15.558, 14.055, 13.165, 13.153, 13.081, 12.598, 11.518, 9.936, 9.195, 7.794, 5.737, 4.84, 2.374, 0.0, 1.562, 3.276, 4.947, 5.981, 6.337, 7.33, 8.429, 8.894, 9.422, 9.599, 9.564, 10.487, 12.092, 14.655, 16.465, 16.816, 17.272, 17.274, 16.888, 16.58, 16.78, 17.604, 19.088, 19.679, 19.995, 20.302, 20.043, 20.675, 23.631, 25.553, 25.028, 25.182, 26.427, 27.057, 26.437, 27.365, 29.522, 29.788, 29.041, 28.836, 29.531, 29.76, 29.3, 29.085, 29.135, 29.096, 29.069, 28.799, 28.577, 29.021, 29.159, 28.513, 28.484, 28.382, 27.691, 26.943, 26.706, 27.069, 28.047, 27.864, 27.687, 27.646, 26.189, 24.451, 23.291, 22.344, 21.243, 20.331], [21.613, 20.738, 20.276, 17.857, 15.54, 13.982, 13.072, 13.089, 13.048, 12.569, 11.499, 9.91, 9.174, 7.798, 5.874, 5.203, 3.171, 1.562, 0.0, 2.34, 4.382, 5.474, 5.842, 6.862, 7.995, 8.519, 9.094, 9.302, 9.261, 10.128, 11.671, 14.261, 16.103, 16.433, 16.888, 16.904, 16.525, 16.252, 16.495, 17.364, 18.898, 19.522, 19.839, 20.145, 19.898, 20.573, 23.577, 25.521, 24.987, 25.136, 26.389, 27.044, 26.439, 27.37, 29.538, 29.802, 29.052, 28.861, 29.569, 29.799, 29.336, 29.117, 29.159, 29.125, 29.116, 28.85, 28.632, 29.081, 29.215, 28.564, 28.537, 28.429, 27.738, 26.992, 26.75, 27.098, 28.063, 27.871, 27.691, 27.662, 26.202, 24.437, 23.254, 22.283, 21.161, 20.226], [21.791, 20.932, 20.497, 18.101, 15.725, 14.082, 13.245, 13.369, 13.422, 12.958, 11.89, 10.306, 9.569, 8.194, 6.201, 5.578, 4.046, 3.276, 2.34, 0.0, 2.723, 4.262, 4.585, 5.739, 7.027, 7.682, 8.409, 8.681, 8.628, 9.549, 11.159, 13.87, 15.815, 16.121, 16.514, 16.469, 16.018, 15.693, 15.949, 16.858, 18.419, 19.087, 19.488, 19.853, 19.615, 20.302, 23.349, 25.297, 24.728, 24.84, 26.089, 26.765, 26.16, 27.123, 29.357, 29.641, 28.872, 28.66, 29.368, 29.584, 29.099, 28.87, 28.917, 28.894, 28.888, 28.606, 28.385, 28.845, 28.979, 28.324, 28.324, 28.229, 27.539, 26.808, 26.616, 27.016, 27.988, 27.796, 27.639, 27.627, 26.15, 24.351, 23.155, 22.187, 21.069, 20.142], [22.286, 21.419, 21.071, 18.546, 15.749, 13.943, 13.205, 13.431, 13.498, 12.973, 11.948, 10.554, 9.857, 8.576, 6.983, 6.529, 5.433, 4.947, 4.382, 2.723, 0.0, 2.232, 3.294, 4.9, 6.095, 6.98, 8.369, 8.892, 8.758, 9.703, 11.584, 14.525, 16.522, 16.775, 17.065, 16.942, 16.355, 15.833, 16.049, 16.966, 18.442, 19.076, 19.568, 19.97, 19.614, 20.126, 23.249, 25.319, 24.739, 24.832, 26.046, 26.695, 26.07, 27.141, 29.553, 29.894, 29.033, 28.698, 29.379, 29.595, 29.08, 28.831, 28.907, 28.934, 28.906, 28.53, 28.277, 28.78, 28.938, 28.332, 28.434, 28.423, 27.722, 26.978, 26.892, 27.413, 28.425, 28.25, 28.158, 28.159, 26.583, 24.653, 23.418, 22.476, 21.346, 20.396], [22.474, 21.584, 21.249, 18.678, 15.736, 13.905, 13.162, 13.374, 13.411, 12.868, 11.906, 10.656, 10.04, 8.876, 7.607, 7.362, 6.421, 5.981, 5.474, 4.262, 2.232, 0.0, 2.398, 4.581, 5.658, 6.681, 8.401, 9.04, 8.827, 9.602, 11.498, 14.521, 16.516, 16.761, 17.121, 17.084, 16.536, 16.016, 16.228, 17.123, 18.559, 19.171, 19.652, 20.033, 19.635, 20.16, 23.374, 25.509, 24.942, 25.048, 26.284, 26.932, 26.301, 27.399, 29.852, 30.203, 29.326, 28.975, 29.656, 29.875, 29.361, 29.11, 29.183, 29.229, 29.203, 28.803, 28.543, 29.053, 29.211, 28.613, 28.726, 28.732, 28.026, 27.261, 27.183, 27.697, 28.693, 28.532, 28.459, 28.452, 26.861, 24.891, 23.622, 22.672, 21.523, 20.556], [22.376, 21.494, 21.119, 18.72, 16.088, 14.358, 13.665, 13.85, 13.919, 13.45, 12.494, 11.153, 10.502, 9.349, 7.866, 7.392, 6.574, 6.337, 5.842, 4.585, 3.294, 2.398, 0.0, 2.872, 4.693, 5.629, 7.108, 7.749, 7.574, 8.47, 10.478, 13.609, 15.713, 16.04, 16.454, 16.409, 15.882, 15.4, 15.574, 16.412, 17.893, 18.54, 19.015, 19.42, 19.102, 19.765, 22.98, 25.037, 24.443, 24.557, 25.817, 26.5, 25.897, 26.952, 29.33, 29.667, 28.854, 28.582, 29.279, 29.493, 28.987, 28.733, 28.778, 28.792, 28.79, 28.446, 28.207, 28.696, 28.847, 28.214, 28.251, 28.211, 27.497, 26.721, 26.595, 27.092, 28.086, 27.922, 27.839, 27.843, 26.322, 24.433, 23.19, 22.252, 21.157, 20.249], [22.307, 21.441, 21.065, 18.817, 16.405, 14.725, 14.118, 14.338, 14.429, 14.001, 13.12, 11.81, 11.151, 10.083, 8.698, 8.216, 7.502, 7.33, 6.862, 5.739, 4.9, 4.581, 2.872, 0.0, 2.86, 4.274, 5.807, 6.622, 6.555, 7.637, 9.645, 12.779, 14.992, 15.418, 15.91, 15.836, 15.27, 14.803, 14.958, 15.739, 17.233, 17.908, 18.366, 18.795, 18.526, 19.274, 22.491, 24.502, 23.894, 24.012, 25.272, 25.968, 25.41, 26.478, 28.839, 29.161, 28.367, 28.181, 28.919, 29.108, 28.598, 28.322, 28.327, 28.331, 28.367, 28.073, 27.86, 28.343, 28.483, 27.843, 27.856, 27.792, 27.07, 26.286, 26.159, 26.688, 27.702, 27.54, 27.445, 27.432, 25.929, 24.06, 22.816, 21.886, 20.84, 19.991], [22.601, 21.725, 21.431, 19.101, 16.427, 14.651, 14.122, 14.437, 14.548, 14.045, 13.225, 12.112, 11.489, 10.514, 9.479, 9.177, 8.611, 8.429, 7.995, 7.027, 6.095, 5.658, 4.693, 2.86, 0.0, 2.632, 5.439, 6.579, 6.494, 7.55, 9.688, 12.914, 15.126, 15.57, 16.161, 16.157, 15.52, 14.974, 15.159, 15.952, 17.383, 18.028, 18.501, 18.958, 18.623, 19.268, 22.584, 24.719, 24.119, 24.225, 25.432, 26.074, 25.513, 26.699, 29.198, 29.564, 28.71, 28.472, 29.248, 29.438, 28.897, 28.593, 28.606, 28.645, 28.664, 28.308, 28.08, 28.587, 28.722, 28.12, 28.225, 28.21, 27.484, 26.714, 26.666, 27.256, 28.292, 28.143, 28.061, 28.007, 26.391, 24.397, 23.099, 22.171, 21.109, 20.237], [22.685, 21.809, 21.524, 19.212, 16.607, 14.862, 14.383, 14.721, 14.861, 14.386, 13.56, 12.424, 11.745, 10.799, 9.729, 9.319, 8.951, 8.894, 8.519, 7.682, 6.98, 6.681, 5.629, 4.274, 2.632, 0.0, 3.747, 5.229, 5.165, 6.558, 9.095, 12.561, 14.869, 15.314, 15.913, 15.915, 15.244, 14.633, 14.788, 15.621, 17.125, 17.788, 18.269, 18.767, 18.496, 19.2, 22.556, 24.686, 24.061, 24.159, 25.327, 25.937, 25.382, 26.574, 29.076, 29.457, 28.625, 28.373, 29.156, 29.399, 28.879, 28.572, 28.593, 28.626, 28.624, 28.249, 28.006, 28.515, 28.655, 28.064, 28.18, 28.17, 27.437, 26.649, 26.576, 27.172, 28.239, 28.073, 27.968, 27.906, 26.267, 24.257, 22.949, 22.029, 21.006, 20.187], [22.313, 21.458, 21.086, 19.064, 17.155, 15.706, 15.23, 15.47, 15.629, 15.311, 14.495, 13.188, 12.483, 11.572, 10.168, 9.559, 9.337, 9.422, 9.094, 8.409, 8.369, 8.401, 7.108, 5.807, 5.439, 3.747, 0.0, 1.886, 2.261, 4.44, 7.187, 10.737, 13.278, 13.88, 14.647, 14.731, 14.17, 13.717, 13.848, 14.654, 16.291, 17.0, 17.401, 17.927, 17.881, 18.873, 22.104, 24.022, 23.377, 23.48, 24.668, 25.333, 24.839, 25.859, 28.11, 28.419, 27.709, 27.621, 28.434, 28.705, 28.27, 27.992, 27.969, 27.934, 27.982, 27.737, 27.526, 27.988, 28.114, 27.463, 27.457, 27.363, 26.655, 25.854, 25.62, 26.103, 27.148, 26.954, 26.782, 26.741, 25.285, 23.491, 22.252, 21.335, 20.422, 19.752], [22.117, 21.274, 20.867, 18.956, 17.313, 15.998, 15.533, 15.745, 15.928, 15.681, 14.866, 13.499, 12.811, 11.928, 10.384, 9.713, 9.495, 9.599, 9.302, 8.681, 8.892, 9.04, 7.749, 6.622, 6.579, 5.229, 1.886, 0.0, 1.362, 3.886, 6.646, 10.18, 12.781, 13.48, 14.316, 14.436, 13.938, 13.568, 13.703, 14.474, 16.109, 16.813, 17.176, 17.693, 17.713, 18.777, 21.933, 23.763, 23.112, 23.215, 24.433, 25.148, 24.664, 25.591, 27.735, 28.022, 27.366, 27.334, 28.157, 28.428, 28.018, 27.768, 27.74, 27.682, 27.742, 27.552, 27.355, 27.79, 27.91, 27.225, 27.158, 27.024, 26.331, 25.549, 25.256, 25.671, 26.686, 26.492, 26.316, 26.311, 24.956, 23.279, 22.089, 21.181, 20.301, 19.651], [21.932, 21.071, 20.666, 18.722, 17.021, 15.69, 15.264, 15.505, 15.698, 15.436, 14.603, 13.25, 12.597, 11.753, 10.285, 9.648, 9.456, 9.564, 9.261, 8.628, 8.758, 8.827, 7.574, 6.555, 6.494, 5.165, 2.261, 1.362, 0.0, 3.013, 6.238, 9.931, 12.503, 13.218, 14.133, 14.33, 13.863, 13.463, 13.616, 14.418, 16.057, 16.764, 17.135, 17.634, 17.625, 18.675, 21.89, 23.765, 23.11, 23.223, 24.46, 25.168, 24.655, 25.607, 27.791, 28.084, 27.412, 27.359, 28.186, 28.473, 28.058, 27.808, 27.796, 27.752, 27.8, 27.585, 27.376, 27.814, 27.933, 27.248, 27.198, 27.07, 26.362, 25.575, 25.294, 25.696, 26.717, 26.527, 26.356, 26.345, 24.945, 23.223, 22.008, 21.086, 20.179, 19.506], [21.466, 20.589, 20.109, 18.274, 16.847, 15.697, 15.344, 15.55, 15.724, 15.502, 14.709, 13.424, 12.939, 12.233, 10.972, 10.531, 10.383, 10.487, 10.128, 9.549, 9.703, 9.602, 8.47, 7.637, 7.55, 6.558, 4.44, 3.886, 3.013, 0.0, 4.112, 8.166, 10.703, 11.704, 13.169, 13.748, 13.578, 13.455, 13.768, 14.567, 16.163, 16.869, 17.193, 17.652, 17.685, 18.887, 22.134, 23.951, 23.272, 23.383, 24.666, 25.405, 24.907, 25.824, 27.913, 28.165, 27.542, 27.578, 28.434, 28.71, 28.303, 28.061, 28.022, 27.99, 28.089, 27.923, 27.732, 28.139, 28.242, 27.523, 27.407, 27.217, 26.522, 25.779, 25.475, 25.787, 26.732, 26.53, 26.327, 26.285, 24.91, 23.255, 22.063, 21.121, 20.217, 19.546], [21.228, 20.378, 19.733, 18.179, 17.456, 16.689, 16.323, 16.421, 16.576, 16.495, 15.788, 14.535, 14.244, 13.677, 12.462, 12.168, 11.994, 12.092, 11.671, 11.159, 11.584, 11.498, 10.478, 9.645, 9.688, 9.095, 7.187, 6.646, 6.238, 4.112, 0.0, 4.623, 7.686, 8.955, 11.065, 12.174, 12.491, 13.022, 13.64, 14.424, 16.1, 16.851, 17.013, 17.403, 17.706, 19.397, 22.568, 24.198, 23.56, 23.694, 25.061, 25.872, 25.459, 26.206, 27.99, 28.148, 27.677, 27.959, 28.886, 29.123, 28.754, 28.543, 28.429, 28.368, 28.624, 28.669, 28.546, 28.884, 28.963, 28.153, 27.831, 27.492, 26.821, 26.113, 25.692, 25.816, 26.615, 26.395, 26.1, 26.0, 24.815, 23.441, 22.347, 21.365, 20.506, 19.935], [21.046, 20.313, 19.534, 18.616, 18.972, 18.687, 18.365, 18.366, 18.479, 18.495, 17.9, 16.733, 16.599, 16.158, 14.986, 14.771, 14.579, 14.655, 14.261, 13.87, 14.525, 14.521, 13.609, 12.779, 12.914, 12.561, 10.737, 10.18, 9.931, 8.166, 4.623, 0.0, 3.781, 5.722, 8.804, 10.585, 11.577, 12.908, 13.837, 14.509, 16.136, 16.894, 16.878, 17.212, 17.829, 19.997, 22.891, 24.144, 23.569, 23.776, 25.232, 26.113, 25.806, 26.321, 27.652, 27.677, 27.431, 28.055, 29.077, 29.273, 28.965, 28.802, 28.603, 28.447, 28.813, 29.126, 29.111, 29.352, 29.407, 28.535, 27.996, 27.471, 26.848, 26.241, 25.725, 25.638, 26.269, 26.024, 25.599, 25.431, 24.558, 23.653, 22.756, 21.783, 21.037, 20.623], [20.684, 20.037, 19.175, 18.704, 19.77, 19.798, 19.528, 19.481, 19.56, 19.603, 19.106, 18.079, 18.054, 17.702, 16.705, 16.588, 16.409, 16.465, 16.103, 15.815, 16.522, 16.516, 15.713, 14.992, 15.126, 14.869, 13.278, 12.781, 12.503, 10.703, 7.686, 3.781, 0.0, 3.676, 7.943, 10.285, 11.79, 13.55, 14.628, 15.241, 16.783, 17.552, 17.475, 17.763, 18.461, 20.76, 23.456, 24.43, 23.839, 24.077, 25.551, 26.471, 26.202, 26.594, 27.64, 27.57, 27.457, 28.243, 29.284, 29.458, 29.191, 29.07, 28.83, 28.599, 28.949, 29.362, 29.414, 29.595, 29.636, 28.765, 28.133, 27.517, 26.95, 26.448, 25.914, 25.699, 26.198, 25.929, 25.425, 25.189, 24.459, 23.818, 23.072, 22.143, 21.46, 21.076], [21.013, 20.417, 19.561, 19.043, 20.057, 20.074, 19.82, 19.812, 19.882, 19.89, 19.386, 18.393, 18.375, 18.072, 17.112, 16.97, 16.801, 16.816, 16.433, 16.121, 16.775, 16.761, 16.04, 15.418, 15.57, 15.314, 13.88, 13.48, 13.218, 11.704, 8.955, 5.722, 3.676, 0.0, 5.093, 8.242, 10.198, 12.327, 13.671, 14.5, 16.32, 17.218, 17.134, 17.448, 18.269, 20.716, 23.479, 24.495, 23.923, 24.158, 25.632, 26.554, 26.263, 26.643, 27.693, 27.595, 27.466, 28.242, 29.277, 29.474, 29.224, 29.108, 28.867, 28.645, 29.005, 29.409, 29.468, 29.683, 29.722, 28.847, 28.239, 27.641, 27.068, 26.519, 25.938, 25.679, 26.167, 25.895, 25.344, 25.034, 24.221, 23.502, 22.742, 21.823, 21.118, 20.704], [21.688, 21.262, 20.475, 19.881, 20.693, 20.604, 20.397, 20.478, 20.579, 20.584, 20.077, 19.073, 19.005, 18.708, 17.679, 17.441, 17.288, 17.272, 16.888, 16.514, 17.065, 17.121, 16.454, 15.91, 16.161, 15.913, 14.647, 14.316, 14.133, 13.169, 11.065, 8.804, 7.943, 5.093, 0.0, 4.122, 6.902, 9.676, 11.494, 12.622, 14.754, 15.789, 15.721, 16.094, 17.108, 19.802, 22.694, 23.763, 23.232, 23.493, 24.979, 25.895, 25.579, 25.968, 27.045, 26.93, 26.787, 27.586, 28.654, 28.883, 28.638, 28.523, 28.29, 28.063, 28.434, 28.856, 28.92, 29.167, 29.228, 28.355, 27.765, 27.181, 26.588, 26.015, 25.434, 25.199, 25.749, 25.462, 24.871, 24.54, 23.689, 22.936, 22.182, 21.314, 20.631, 20.237], [21.838, 21.53, 20.855, 20.2, 20.781, 20.559, 20.383, 20.525, 20.659, 20.676, 20.203, 19.181, 19.05, 18.737, 17.671, 17.408, 17.286, 17.274, 16.904, 16.469, 16.942, 17.084, 16.409, 15.836, 16.157, 15.915, 14.731, 14.436, 14.33, 13.748, 12.174, 10.585, 10.285, 8.242, 4.122, 0.0, 3.472, 6.916, 9.057, 10.357, 12.745, 13.922, 13.955, 14.418, 15.53, 18.409, 21.438, 22.556, 22.062, 22.362, 23.866, 24.79, 24.467, 24.867, 26.01, 25.908, 25.721, 26.529, 27.644, 27.89, 27.638, 27.531, 27.323, 27.107, 27.51, 27.963, 28.043, 28.316, 28.422, 27.589, 27.046, 26.483, 25.876, 25.313, 24.781, 24.628, 25.238, 24.908, 24.314, 24.039, 23.203, 22.45, 21.707, 20.885, 20.215, 19.823], [21.998, 21.697, 21.211, 20.384, 20.499, 20.061, 19.913, 20.127, 20.303, 20.301, 19.84, 18.831, 18.636, 18.311, 17.265, 16.999, 16.905, 16.888, 16.525, 16.018, 16.355, 16.536, 15.882, 15.27, 15.52, 15.244, 14.17, 13.938, 13.863, 13.578, 12.491, 11.577, 11.79, 10.198, 6.902, 3.472, 0.0, 3.935, 6.458, 8.192, 11.034, 12.395, 12.613, 13.205, 14.236, 17.051, 20.286, 21.641, 21.215, 21.529, 23.01, 23.933, 23.58, 24.053, 25.446, 25.438, 25.123, 25.801, 26.929, 27.208, 26.94, 26.822, 26.667, 26.506, 26.909, 27.305, 27.367, 27.703, 27.849, 27.084, 26.704, 26.261, 25.62, 24.997, 24.546, 24.53, 25.214, 24.855, 24.317, 24.106, 23.159, 22.218, 21.395, 20.596, 19.888, 19.436], [22.128, 21.78, 21.443, 20.446, 20.101, 19.432, 19.338, 19.653, 19.88, 19.865, 19.411, 18.432, 18.173, 17.845, 16.86, 16.578, 16.564, 16.58, 16.252, 15.693, 15.833, 16.016, 15.4, 14.803, 14.974, 14.633, 13.717, 13.568, 13.463, 13.455, 13.022, 12.908, 13.55, 12.327, 9.676, 6.916, 3.935, 0.0, 3.161, 6.03, 9.514, 11.058, 11.513, 12.247, 13.129, 15.691, 19.117, 20.749, 20.409, 20.771, 22.215, 23.107, 22.693, 23.281, 24.999, 25.124, 24.637, 25.08, 26.17, 26.52, 26.262, 26.134, 26.037, 25.934, 26.296, 26.573, 26.587, 26.993, 27.176, 26.485, 26.293, 26.033, 25.351, 24.603, 24.234, 24.357, 25.116, 24.74, 24.298, 24.159, 23.047, 21.872, 20.944, 20.153, 19.394, 18.875], [22.181, 21.806, 21.497, 20.5, 20.141, 19.502, 19.421, 19.715, 19.943, 19.943, 19.515, 18.573, 18.284, 17.954, 16.978, 16.654, 16.711, 16.78, 16.495, 15.949, 16.049, 16.228, 15.574, 14.958, 15.159, 14.788, 13.848, 13.703, 13.616, 13.768, 13.64, 13.837, 14.628, 13.671, 11.494, 9.057, 6.458, 3.161, 0.0, 3.969, 8.198, 10.032, 10.681, 11.53, 12.388, 14.888, 18.309, 19.952, 19.682, 20.11, 21.554, 22.459, 22.04, 22.633, 24.442, 24.618, 24.076, 24.44, 25.511, 25.909, 25.693, 25.581, 25.491, 25.409, 25.792, 26.065, 26.08, 26.505, 26.707, 26.051, 25.897, 25.697, 25.041, 24.257, 23.883, 24.019, 24.741, 24.336, 23.943, 23.853, 22.763, 21.621, 20.716, 19.943, 19.204, 18.701], [22.222, 21.846, 21.541, 20.702, 20.56, 20.172, 20.197, 20.39, 20.571, 20.58, 20.192, 19.315, 19.052, 18.752, 17.764, 17.388, 17.484, 17.604, 17.364, 16.858, 16.966, 17.123, 16.412, 15.739, 15.952, 15.621, 14.654, 14.474, 14.418, 14.567, 14.424, 14.509, 15.241, 14.5, 12.622, 10.357, 8.192, 6.03, 3.969, 0.0, 4.95, 7.46, 8.413, 9.44, 10.49, 13.357, 16.779, 18.289, 18.097, 18.635, 20.13, 21.036, 20.648, 21.222, 23.029, 23.215, 22.679, 23.146, 24.275, 24.666, 24.446, 24.335, 24.215, 24.156, 24.675, 25.08, 25.158, 25.577, 25.811, 25.197, 25.023, 24.77, 24.154, 23.539, 23.276, 23.443, 24.116, 23.68, 23.299, 23.255, 22.361, 21.507, 20.759, 20.06, 19.474, 19.116], [22.741, 22.389, 22.138, 21.437, 21.371, 21.142, 21.315, 21.503, 21.659, 21.646, 21.314, 20.563, 20.353, 20.118, 19.215, 18.852, 18.955, 19.088, 18.898, 18.419, 18.442, 18.559, 17.893, 17.233, 17.383, 17.125, 16.291, 16.109, 16.057, 16.163, 16.1, 16.136, 16.783, 16.32, 14.754, 12.745, 11.034, 9.514, 8.198, 4.95, 0.0, 3.428, 5.235, 6.67, 7.884, 11.127, 14.55, 15.974, 15.94, 16.66, 18.208, 19.044, 18.699, 19.307, 21.212, 21.451, 20.849, 21.382, 22.564, 22.932, 22.687, 22.558, 22.419, 22.41, 23.075, 23.598, 23.737, 24.182, 24.49, 23.982, 23.868, 23.611, 22.98, 22.565, 22.622, 22.998, 23.695, 23.251, 22.949, 23.067, 22.466, 21.91, 21.309, 20.713, 20.288, 20.074], [23.067, 22.742, 22.502, 21.793, 21.72, 21.557, 21.8, 22.027, 22.167, 22.129, 21.812, 21.114, 20.948, 20.737, 19.851, 19.49, 19.563, 19.679, 19.522, 19.087, 19.076, 19.171, 18.54, 17.908, 18.028, 17.788, 17.0, 16.813, 16.764, 16.869, 16.851, 16.894, 17.552, 17.218, 15.789, 13.922, 12.395, 11.058, 10.032, 7.46, 3.428, 0.0, 2.856, 5.014, 6.353, 9.795, 13.33, 14.868, 15.032, 15.95, 17.558, 18.37, 18.065, 18.661, 20.609, 20.89, 20.259, 20.787, 21.964, 22.341, 22.124, 22.012, 21.885, 21.86, 22.552, 23.111, 23.254, 23.725, 24.083, 23.643, 23.561, 23.321, 22.67, 22.28, 22.47, 23.002, 23.752, 23.312, 23.075, 23.346, 22.95, 22.507, 21.93, 21.343, 20.922, 20.728], [23.045, 22.731, 22.462, 21.857, 21.95, 21.851, 22.083, 22.302, 22.492, 22.533, 22.223, 21.505, 21.358, 21.156, 20.226, 19.847, 19.891, 19.995, 19.839, 19.488, 19.568, 19.652, 19.015, 18.366, 18.501, 18.269, 17.401, 17.176, 17.135, 17.193, 17.013, 16.878, 17.475, 17.134, 15.721, 13.955, 12.613, 11.513, 10.681, 8.413, 5.235, 2.856, 0.0, 2.896, 5.355, 9.587, 13.209, 14.745, 15.084, 16.176, 17.89, 18.728, 18.439, 18.945, 20.724, 20.939, 20.382, 21.025, 22.217, 22.604, 22.45, 22.361, 22.214, 22.145, 22.845, 23.467, 23.601, 24.044, 24.382, 23.917, 23.765, 23.48, 22.832, 22.429, 22.531, 22.973, 23.726, 23.304, 23.013, 23.276, 22.993, 22.649, 22.067, 21.422, 20.961, 20.787], [23.094, 22.777, 22.504, 21.94, 22.052, 21.953, 22.172, 22.366, 22.584, 22.73, 22.464, 21.761, 21.644, 21.467, 20.556, 20.195, 20.214, 20.302, 20.145, 19.853, 19.97, 20.033, 19.42, 18.795, 18.958, 18.767, 17.927, 17.693, 17.634, 17.652, 17.403, 17.212, 17.763, 17.448, 16.094, 14.418, 13.205, 12.247, 11.53, 9.44, 6.67, 5.014, 2.896, 0.0, 3.746, 8.965, 12.83, 14.441, 14.927, 16.14, 17.977, 18.847, 18.531, 19.017, 20.772, 20.98, 20.42, 21.096, 22.305, 22.683, 22.537, 22.468, 22.319, 22.252, 22.977, 23.64, 23.767, 24.176, 24.508, 24.038, 23.855, 23.541, 22.887, 22.509, 22.622, 23.01, 23.743, 23.374, 23.111, 23.369, 23.116, 22.81, 22.213, 21.511, 20.976, 20.77], [23.112, 22.786, 22.585, 21.833, 21.605, 21.396, 21.672, 21.918, 22.125, 22.237, 22.006, 21.373, 21.263, 21.096, 20.31, 20.015, 20.007, 20.043, 19.898, 19.615, 19.614, 19.635, 19.102, 18.526, 18.623, 18.496, 17.881, 17.713, 17.625, 17.685, 17.706, 17.829, 18.461, 18.269, 17.108, 15.53, 14.236, 13.129, 12.388, 10.49, 7.884, 6.353, 5.355, 3.746, 0.0, 6.068, 10.906, 13.183, 13.756, 15.011, 16.942, 17.879, 17.485, 18.129, 20.324, 20.677, 19.914, 20.378, 21.579, 21.948, 21.726, 21.654, 21.572, 21.574, 22.268, 22.824, 22.932, 23.398, 23.775, 23.394, 23.381, 23.157, 22.488, 22.156, 22.466, 23.061, 23.862, 23.529, 23.46, 23.892, 23.569, 23.069, 22.408, 21.719, 21.128, 20.81], [23.524, 23.186, 23.155, 22.27, 21.734, 21.479, 21.873, 22.197, 22.408, 22.463, 22.267, 21.747, 21.617, 21.469, 20.893, 20.653, 20.676, 20.675, 20.573, 20.302, 20.126, 20.16, 19.765, 19.274, 19.268, 19.2, 18.873, 18.777, 18.675, 18.887, 19.397, 19.997, 20.76, 20.716, 19.802, 18.409, 17.051, 15.691, 14.888, 13.357, 11.127, 9.795, 9.587, 8.965, 6.068, 0.0, 6.38, 10.311, 11.197, 12.477, 14.279, 15.268, 14.832, 15.676, 18.709, 19.387, 18.247, 18.194, 19.293, 19.716, 19.407, 19.31, 19.379, 19.57, 20.265, 20.648, 20.713, 21.33, 21.804, 21.61, 21.946, 21.958, 21.285, 21.044, 21.705, 22.732, 23.728, 23.383, 23.551, 24.357, 24.143, 23.523, 22.891, 22.388, 22.002, 21.733], [24.887, 24.618, 24.628, 24.18, 24.259, 24.33, 24.738, 24.919, 25.03, 25.101, 24.96, 24.51, 24.428, 24.333, 23.777, 23.508, 23.587, 23.631, 23.577, 23.349, 23.249, 23.374, 22.98, 22.491, 22.584, 22.556, 22.104, 21.933, 21.89, 22.134, 22.568, 22.891, 23.456, 23.479, 22.694, 21.438, 20.286, 19.117, 18.309, 16.779, 14.55, 13.33, 13.209, 12.83, 10.906, 6.38, 0.0, 5.302, 7.53, 9.365, 11.154, 12.328, 12.212, 12.603, 15.633, 16.558, 15.358, 15.181, 16.214, 16.705, 16.54, 16.56, 16.672, 16.981, 18.0, 18.714, 18.878, 19.489, 20.084, 20.027, 20.35, 20.414, 19.846, 19.796, 20.627, 21.814, 22.771, 22.413, 22.754, 23.994, 24.548, 24.609, 24.342, 24.077, 24.046, 24.084], [25.612, 25.414, 25.317, 25.313, 26.06, 26.37, 26.742, 26.786, 26.826, 26.936, 26.828, 26.376, 26.331, 26.26, 25.658, 25.354, 25.461, 25.553, 25.521, 25.297, 25.319, 25.509, 25.037, 24.502, 24.719, 24.686, 24.022, 23.763, 23.765, 23.951, 24.198, 24.144, 24.43, 24.495, 23.763, 22.556, 21.641, 20.749, 19.952, 18.289, 15.974, 14.868, 14.745, 14.441, 13.183, 10.311, 5.302, 0.0, 4.119, 6.955, 9.172, 10.706, 10.988, 10.857, 13.054, 13.964, 13.096, 13.269, 14.327, 14.794, 14.804, 14.992, 15.014, 15.148, 16.296, 17.411, 17.752, 18.225, 18.904, 18.896, 18.955, 18.884, 18.487, 18.727, 19.581, 20.699, 21.466, 21.089, 21.505, 22.968, 24.23, 25.058, 25.152, 24.992, 25.131, 25.362], [24.978, 24.801, 24.664, 24.684, 25.505, 25.767, 26.13, 26.186, 26.261, 26.372, 26.251, 25.767, 25.691, 25.584, 25.032, 24.794, 24.935, 25.028, 24.987, 24.728, 24.739, 24.942, 24.443, 23.894, 24.119, 24.061, 23.377, 23.112, 23.11, 23.272, 23.56, 23.569, 23.839, 23.923, 23.232, 22.062, 21.215, 20.409, 19.682, 18.097, 15.94, 15.032, 15.084, 14.927, 13.756, 11.197, 7.53, 4.119, 0.0, 3.587, 6.735, 8.926, 9.314, 9.467, 11.769, 12.592, 11.804, 11.978, 13.1, 13.5, 13.373, 13.565, 13.578, 13.575, 14.549, 15.589, 15.977, 16.433, 17.132, 17.095, 17.129, 17.018, 16.711, 17.178, 18.144, 19.368, 20.207, 19.846, 20.295, 21.788, 23.066, 23.968, 24.159, 24.062, 24.285, 24.577], [25.019, 24.867, 24.759, 24.76, 25.574, 25.798, 26.14, 26.209, 26.297, 26.382, 26.259, 25.785, 25.69, 25.581, 25.078, 24.912, 25.095, 25.182, 25.136, 24.84, 24.832, 25.048, 24.557, 24.012, 24.225, 24.159, 23.48, 23.215, 23.223, 23.383, 23.694, 23.776, 24.077, 24.158, 23.493, 22.362, 21.529, 20.771, 20.11, 18.635, 16.66, 15.95, 16.176, 16.14, 15.011, 12.477, 9.365, 6.955, 3.587, 0.0, 4.068, 7.086, 7.658, 7.967, 10.586, 11.475, 10.703, 10.822, 11.959, 12.262, 12.005, 12.182, 12.211, 12.209, 13.184, 14.201, 14.614, 15.051, 15.726, 15.634, 15.695, 15.625, 15.428, 16.089, 17.193, 18.595, 19.541, 19.235, 19.766, 21.279, 22.515, 23.428, 23.712, 23.764, 24.141, 24.513], [26.01, 25.876, 25.836, 25.817, 26.618, 26.862, 27.199, 27.28, 27.36, 27.409, 27.314, 26.91, 26.794, 26.694, 26.238, 26.082, 26.328, 26.427, 26.389, 26.089, 26.046, 26.284, 25.817, 25.272, 25.432, 25.327, 24.668, 24.433, 24.46, 24.666, 25.061, 25.232, 25.551, 25.632, 24.979, 23.866, 23.01, 22.215, 21.554, 20.13, 18.208, 17.558, 17.89, 17.977, 16.942, 14.279, 11.154, 9.172, 6.735, 4.068, 0.0, 3.908, 5.217, 5.617, 8.796, 9.994, 9.125, 8.984, 10.011, 10.312, 10.058, 10.163, 10.238, 10.361, 11.475, 12.515, 12.947, 13.398, 14.105, 14.163, 14.423, 14.583, 14.486, 15.298, 16.671, 18.437, 19.536, 19.263, 19.898, 21.445, 22.684, 23.633, 24.02, 24.261, 24.904, 25.486], [26.72, 26.576, 26.573, 26.477, 27.146, 27.371, 27.712, 27.8, 27.869, 27.907, 27.831, 27.46, 27.328, 27.237, 26.794, 26.615, 26.918, 27.057, 27.044, 26.765, 26.695, 26.932, 26.5, 25.968, 26.074, 25.937, 25.333, 25.148, 25.168, 25.405, 25.872, 26.113, 26.471, 26.554, 25.895, 24.79, 23.933, 23.107, 22.459, 21.036, 19.044, 18.37, 18.728, 18.847, 17.879, 15.268, 12.328, 10.706, 8.926, 7.086, 3.908, 0.0, 2.598, 4.246, 8.153, 9.549, 8.411, 7.897, 8.885, 9.265, 8.967, 8.887, 9.124, 9.553, 10.786, 11.798, 12.185, 12.657, 13.321, 13.54, 14.02, 14.365, 14.192, 15.0, 16.605, 18.622, 19.903, 19.667, 20.292, 21.72, 22.842, 23.736, 24.107, 24.391, 25.192, 26.015], [26.442, 26.276, 26.288, 26.092, 26.59, 26.735, 27.088, 27.212, 27.303, 27.334, 27.242, 26.852, 26.698, 26.595, 26.137, 25.957, 26.282, 26.437, 26.439, 26.16, 26.07, 26.301, 25.897, 25.41, 25.513, 25.382, 24.839, 24.664, 24.655, 24.907, 25.459, 25.806, 26.202, 26.263, 25.579, 24.467, 23.58, 22.693, 22.04, 20.648, 18.699, 18.065, 18.439, 18.531, 17.485, 14.832, 12.212, 10.988, 9.314, 7.658, 5.217, 2.598, 0.0, 3.705, 8.505, 9.936, 8.626, 7.837, 8.784, 9.159, 8.721, 8.632, 9.073, 9.687, 10.791, 11.621, 11.927, 12.458, 13.087, 13.267, 13.876, 14.267, 14.001, 14.773, 16.407, 18.409, 19.75, 19.555, 20.227, 21.623, 22.545, 23.263, 23.556, 23.802, 24.55, 25.384], [26.873, 26.768, 26.748, 26.818, 27.702, 27.977, 28.278, 28.342, 28.403, 28.446, 28.347, 27.923, 27.789, 27.687, 27.141, 26.918, 27.205, 27.365, 27.37, 27.123, 27.141, 27.399, 26.952, 26.478, 26.699, 26.574, 25.859, 25.591, 25.607, 25.824, 26.206, 26.321, 26.594, 26.643, 25.968, 24.867, 24.053, 23.281, 22.633, 21.222, 19.307, 18.661, 18.945, 19.017, 18.129, 15.676, 12.603, 10.857, 9.467, 7.967, 5.617, 4.246, 3.705, 0.0, 5.541, 7.437, 6.329, 5.905, 6.94, 7.43, 7.474, 7.732, 8.127, 8.765, 10.405, 11.734, 12.116, 12.482, 13.078, 13.149, 13.494, 13.777, 13.57, 14.33, 15.745, 17.56, 18.751, 18.554, 19.35, 21.059, 22.507, 23.618, 24.053, 24.355, 25.182, 26.043], [27.967, 27.972, 27.855, 28.385, 29.972, 30.485, 30.674, 30.611, 30.608, 30.689, 30.607, 30.168, 30.087, 30.001, 29.375, 29.118, 29.358, 29.522, 29.538, 29.357, 29.553, 29.852, 29.33, 28.839, 29.198, 29.076, 28.11, 27.735, 27.791, 27.913, 27.99, 27.652, 27.64, 27.693, 27.045, 26.01, 25.446, 24.999, 24.442, 23.029, 21.212, 20.609, 20.724, 20.772, 20.324, 18.709, 15.633, 13.054, 11.769, 10.586, 8.796, 8.153, 8.505, 5.541, 0.0, 2.831, 3.955, 5.784, 6.813, 7.237, 8.086, 8.634, 8.557, 8.629, 10.586, 12.652, 13.241, 13.164, 13.517, 13.41, 13.102, 13.086, 13.139, 13.99, 14.957, 16.318, 17.193, 17.032, 17.819, 19.74, 22.12, 24.118, 24.892, 25.299, 26.353, 27.44], [27.955, 27.988, 27.846, 28.5, 30.273, 30.82, 30.974, 30.887, 30.882, 30.979, 30.897, 30.439, 30.361, 30.277, 29.643, 29.407, 29.634, 29.788, 29.802, 29.641, 29.894, 30.203, 29.667, 29.161, 29.564, 29.457, 28.419, 28.022, 28.084, 28.165, 28.148, 27.677, 27.57, 27.595, 26.93, 25.908, 25.438, 25.124, 24.618, 23.215, 21.451, 20.89, 20.939, 20.98, 20.677, 19.387, 16.558, 13.964, 12.592, 11.475, 9.994, 9.549, 9.936, 7.437, 2.831, 0.0, 3.173, 6.203, 7.393, 7.772, 8.694, 9.208, 8.905, 8.707, 10.655, 12.849, 13.522, 13.411, 13.669, 13.462, 12.984, 12.794, 12.936, 13.797, 14.493, 15.616, 16.425, 16.232, 16.842, 18.693, 21.271, 23.51, 24.374, 24.803, 25.942, 27.153], [27.638, 27.627, 27.563, 28.033, 29.486, 29.913, 30.125, 30.109, 30.123, 30.197, 30.107, 29.659, 29.555, 29.459, 28.858, 28.64, 28.887, 29.041, 29.052, 28.872, 29.033, 29.326, 28.854, 28.367, 28.71, 28.625, 27.709, 27.366, 27.412, 27.542, 27.677, 27.431, 27.457, 27.466, 26.787, 25.721, 25.123, 24.637, 24.076, 22.679, 20.849, 20.259, 20.382, 20.42, 19.914, 18.247, 15.358, 13.096, 11.804, 10.703, 9.125, 8.411, 8.626, 6.329, 3.955, 3.173, 0.0, 3.657, 5.411, 6.011, 6.941, 7.449, 7.337, 7.622, 9.862, 11.868, 12.475, 12.632, 13.039, 13.007, 12.97, 13.011, 12.995, 13.73, 14.637, 16.048, 17.04, 16.779, 17.406, 19.202, 21.331, 23.141, 23.849, 24.24, 25.298, 26.449], [27.977, 27.904, 27.896, 28.1, 29.167, 29.489, 29.75, 29.795, 29.822, 29.87, 29.79, 29.394, 29.271, 29.161, 28.614, 28.398, 28.681, 28.836, 28.861, 28.66, 28.698, 28.975, 28.582, 28.181, 28.472, 28.373, 27.621, 27.334, 27.359, 27.578, 27.959, 28.055, 28.243, 28.242, 27.586, 26.529, 25.801, 25.08, 24.44, 23.146, 21.382, 20.787, 21.025, 21.096, 20.378, 18.194, 15.181, 13.269, 11.978, 10.822, 8.984, 7.897, 7.837, 5.905, 5.784, 6.203, 3.657, 0.0, 2.528, 3.967, 5.01, 5.668, 6.193, 7.173, 9.332, 10.886, 11.309, 11.652, 12.192, 12.402, 12.835, 13.285, 13.171, 13.789, 15.038, 16.809, 17.939, 17.701, 18.546, 20.386, 22.129, 23.534, 24.132, 24.528, 25.509, 26.573], [28.688, 28.604, 28.597, 28.772, 29.819, 30.153, 30.408, 30.448, 30.478, 30.527, 30.462, 30.1, 29.97, 29.851, 29.323, 29.097, 29.38, 29.531, 29.569, 29.368, 29.379, 29.656, 29.279, 28.919, 29.248, 29.156, 28.434, 28.157, 28.186, 28.434, 28.886, 29.077, 29.284, 29.277, 28.654, 27.644, 26.929, 26.17, 25.511, 24.275, 22.564, 21.964, 22.217, 22.305, 21.579, 19.293, 16.214, 14.327, 13.1, 11.959, 10.011, 8.885, 8.784, 6.94, 6.813, 7.393, 5.411, 2.528, 0.0, 2.512, 4.122, 4.954, 5.697, 6.848, 8.945, 10.389, 10.74, 11.053, 11.624, 11.973, 12.522, 13.164, 13.091, 13.699, 15.086, 17.014, 18.143, 17.953, 18.95, 20.871, 22.65, 24.072, 24.707, 25.147, 26.152, 27.225], [28.763, 28.696, 28.697, 28.914, 30.009, 30.37, 30.631, 30.68, 30.719, 30.762, 30.703, 30.347, 30.219, 30.098, 29.575, 29.357, 29.618, 29.76, 29.799, 29.584, 29.595, 29.875, 29.493, 29.108, 29.438, 29.399, 28.705, 28.428, 28.473, 28.71, 29.123, 29.273, 29.458, 29.474, 28.883, 27.89, 27.208, 26.52, 25.909, 24.666, 22.932, 22.341, 22.604, 22.683, 21.948, 19.716, 16.705, 14.794, 13.5, 12.262, 10.312, 9.265, 9.159, 7.43, 7.237, 7.772, 6.011, 3.967, 2.512, 0.0, 2.351, 3.619, 4.418, 5.704, 8.101, 9.759, 10.186, 10.444, 11.06, 11.429, 11.951, 12.563, 12.552, 13.379, 14.924, 16.949, 18.074, 17.93, 18.969, 20.883, 22.69