[[0.0, 1.608, 2.776, 5.217, 8.403, 11.596, 14.184, 15.394, 15.693, 15.691, 15.903, 16.174, 16.14, 16.26, 16.367, 16.848, 17.007, 17.07, 18.27, 18.751, 18.759, 18.918, 19.332, 19.395, 19.241, 19.429, 19.627, 19.837, 19.863, 19.238, 19.23, 19.668, 19.788, 19.733, 19.729, 19.712, 19.632, 19.319, 19.235, 19.499, 19.755, 20.083, 20.124, 19.915, 20.108, 20.651, 21.603, 22.59, 23.025, 23.324, 23.013, 22.348, 22.299, 22.711, 22.828, 22.877, 23.074, 23.881, 24.49, 24.427, 24.779, 24.854, 24.945, 25.081, 24.666, 24.276, 24.263, 24.093, 24.022, 23.818, 23.163, 22.665, 22.511, 22.619, 22.632, 22.845, 22.961, 22.649, 22.65, 22.627, 22.55, 22.803, 23.456, 23.706, 23.861, 24.299], [1.608, 0.0, 1.926, 5.125, 8.667, 11.988, 14.561, 15.708, 15.988, 15.99, 16.183, 16.438, 16.389, 16.489, 16.6, 17.092, 17.24, 17.329, 18.52, 18.966, 18.955, 19.072, 19.445, 19.489, 19.308, 19.491, 19.689, 19.911, 19.936, 19.325, 19.343, 19.788, 19.909, 19.873, 19.914, 19.921, 19.842, 19.548, 19.455, 19.684, 19.93, 20.279, 20.33, 20.122, 20.317, 20.86, 21.829, 22.836, 23.286, 23.588, 23.294, 22.66, 22.616, 23.013, 23.129, 23.173, 23.368, 24.174, 24.766, 24.695, 25.033, 25.102, 25.198, 25.324, 24.915, 24.533, 24.514, 24.344, 24.268, 24.056, 23.39, 22.873, 22.718, 22.83, 22.842, 23.045, 23.148, 22.828, 22.816, 22.79, 22.724, 22.974, 23.613, 23.869, 24.017, 24.442], [2.776, 1.926, 0.0, 3.744, 7.751, 11.324, 13.971, 15.126, 15.424, 15.435, 15.644, 15.947, 15.953, 16.114, 16.247, 16.735, 16.864, 16.931, 18.134, 18.572, 18.553, 18.658, 19.007, 19.05, 18.858, 19.055, 19.31, 19.555, 19.58, 18.981, 19.045, 19.539, 19.687, 19.701, 19.789, 19.807, 19.739, 19.487, 19.441, 19.702, 19.96, 20.305, 20.352, 20.141, 20.342, 20.888, 21.826, 22.786, 23.255, 23.569, 23.265, 22.64, 22.592, 22.987, 23.112, 23.176, 23.39, 24.192, 24.78, 24.71, 25.02, 25.078, 25.203, 25.341, 24.913, 24.515, 24.484, 24.304, 24.224, 24.024, 23.356, 22.809, 22.609, 22.696, 22.706, 22.91, 22.995, 22.651, 22.639, 22.615, 22.547, 22.806, 23.487, 23.799, 23.975, 24.416], [5.217, 5.125, 3.744, 0.0, 4.452, 8.561, 11.561, 12.879, 13.238, 13.282, 13.585, 14.094, 14.329, 14.682, 14.852, 15.352, 15.367, 15.212, 16.573, 17.185, 17.202, 17.361, 17.788, 17.91, 17.725, 17.964, 18.333, 18.597, 18.663, 18.004, 18.028, 18.567, 18.721, 18.755, 18.884, 18.919, 18.859, 18.642, 18.728, 19.154, 19.477, 19.807, 19.84, 19.619, 19.855, 20.422, 21.269, 22.151, 22.661, 23.001, 22.666, 22.049, 21.991, 22.41, 22.566, 22.646, 22.865, 23.633, 24.232, 24.149, 24.372, 24.388, 24.53, 24.682, 24.21, 23.763, 23.708, 23.503, 23.407, 23.21, 22.581, 22.061, 21.804, 21.839, 21.826, 22.024, 22.073, 21.689, 21.693, 21.667, 21.576, 21.873, 22.682, 23.105, 23.342, 23.85], [8.403, 8.667, 7.751, 4.452, 0.0, 4.694, 8.348, 10.08, 10.561, 10.645, 11.103, 11.926, 12.52, 13.107, 13.276, 13.77, 13.634, 13.259, 14.933, 15.877, 16.032, 16.351, 16.986, 17.266, 17.161, 17.443, 17.898, 18.116, 18.21, 17.472, 17.314, 17.769, 17.853, 17.809, 17.891, 17.934, 17.879, 17.696, 18.01, 18.699, 19.1, 19.398, 19.412, 19.188, 19.445, 19.972, 20.633, 21.391, 21.919, 22.261, 21.898, 21.324, 21.272, 21.729, 21.922, 21.996, 22.155, 22.776, 23.355, 23.264, 23.398, 23.363, 23.481, 23.612, 23.116, 22.644, 22.577, 22.376, 22.262, 22.069, 21.582, 21.2, 20.891, 20.847, 20.789, 20.954, 20.961, 20.588, 20.623, 20.578, 20.421, 20.673, 21.55, 22.061, 22.355, 22.926], [11.596, 11.988, 11.324, 8.561, 4.694, 0.0, 4.373, 6.933, 7.686, 7.821, 8.482, 9.813, 11.153, 12.096, 12.216, 12.673, 12.372, 12.037, 13.963, 15.162, 15.497, 16.018, 16.881, 17.306, 17.322, 17.654, 18.148, 18.301, 18.33, 17.561, 17.298, 17.637, 17.633, 17.484, 17.488, 17.533, 17.493, 17.379, 17.926, 18.844, 19.299, 19.551, 19.558, 19.344, 19.586, 20.009, 20.402, 20.948, 21.451, 21.774, 21.396, 20.889, 20.87, 21.368, 21.649, 21.751, 21.87, 22.312, 22.81, 22.733, 22.809, 22.737, 22.832, 22.899, 22.387, 21.918, 21.853, 21.682, 21.545, 21.358, 21.041, 20.817, 20.422, 20.246, 20.14, 20.274, 20.258, 19.948, 20.031, 19.956, 19.701, 19.774, 20.59, 21.17, 21.524, 22.133], [14.184, 14.561, 13.971, 11.561, 8.348, 4.373, 0.0, 3.417, 4.644, 4.932, 6.029, 8.249, 10.747, 12.247, 12.393, 12.838, 12.409, 11.992, 13.779, 14.986, 15.409, 16.065, 17.037, 17.552, 17.717, 18.096, 18.61, 18.717, 18.657, 17.936, 17.704, 18.014, 18.018, 17.916, 17.966, 18.026, 18.013, 17.994, 18.648, 19.633, 20.117, 20.315, 20.297, 20.097, 20.304, 20.622, 20.806, 21.142, 21.623, 21.938, 21.546, 21.081, 21.085, 21.607, 21.966, 22.122, 22.262, 22.606, 22.991, 22.918, 22.918, 22.826, 22.929, 22.945, 22.425, 21.958, 21.883, 21.686, 21.505, 21.316, 21.075, 20.951, 20.555, 20.339, 20.225, 20.37, 20.387, 20.155, 20.276, 20.172, 19.853, 19.799, 20.552, 21.196, 21.603, 22.235], [15.394, 15.708, 15.126, 12.879, 10.08, 6.933, 3.417, 0.0, 1.725, 2.531, 4.506, 7.511, 10.723, 12.632, 12.885, 13.36, 12.894, 12.299, 13.875, 15.012, 15.434, 16.104, 17.076, 17.621, 17.862, 18.25, 18.761, 18.834, 18.778, 18.107, 17.886, 18.214, 18.281, 18.297, 18.442, 18.524, 18.525, 18.565, 19.247, 20.222, 20.728, 20.925, 20.898, 20.706, 20.89, 21.163, 21.302, 21.551, 22.008, 22.306, 21.91, 21.456, 21.464, 21.989, 22.356, 22.517, 22.664, 22.994, 23.293, 23.209, 23.162, 23.069, 23.205, 23.214, 22.703, 22.251, 22.176, 21.962, 21.77, 21.577, 21.343, 21.255, 20.894, 20.698, 20.603, 20.782, 20.838, 20.641, 20.763, 20.645, 20.325, 20.25, 20.968, 21.636, 22.067, 22.7], [15.693, 15.988, 15.424, 13.238, 10.561, 7.686, 4.644, 1.725, 0.0, 1.545, 4.127, 7.324, 10.649, 12.654, 12.975, 13.477, 13.013, 12.362, 13.889, 15.017, 15.439, 16.088, 17.037, 17.595, 17.847, 18.229, 18.734, 18.802, 18.758, 18.106, 17.878, 18.196, 18.271, 18.341, 18.541, 18.637, 18.637, 18.688, 19.371, 20.338, 20.847, 21.062, 21.047, 20.859, 21.038, 21.313, 21.471, 21.724, 22.169, 22.458, 22.064, 21.617, 21.631, 22.154, 22.509, 22.654, 22.792, 23.12, 23.404, 23.319, 23.261, 23.168, 23.299, 23.306, 22.809, 22.371, 22.302, 22.09, 21.903, 21.705, 21.457, 21.364, 21.013, 20.837, 20.762, 20.954, 21.017, 20.834, 20.967, 20.858, 20.548, 20.467, 21.158, 21.816, 22.247, 22.878], [15.691, 15.99, 15.435, 13.282, 10.645, 7.821, 4.932, 2.531, 1.545, 0.0, 2.966, 6.504, 10.028, 12.1, 12.418, 12.914, 12.477, 12.017, 13.732, 14.904, 15.35, 16.028, 16.992, 17.536, 17.763, 18.141, 18.668, 18.77, 18.733, 18.09, 17.892, 18.23, 18.309, 18.404, 18.634, 18.734, 18.725, 18.769, 19.449, 20.408, 20.916, 21.137, 21.119, 20.93, 21.122, 21.409, 21.587, 21.848, 22.285, 22.571, 22.176, 21.701, 21.698, 22.217, 22.57, 22.71, 22.841, 23.182, 23.471, 23.395, 23.358, 23.268, 23.38, 23.384, 22.894, 22.461, 22.395, 22.188, 22.009, 21.808, 21.542, 21.433, 21.072, 20.897, 20.825, 20.998, 21.048, 20.878, 21.024, 20.939, 20.655, 20.583, 21.255, 21.894, 22.322, 22.951], [15.903, 16.183, 15.644, 13.585, 11.103, 8.482, 6.029, 4.506, 4.127, 2.966, 0.0, 4.108, 8.261, 10.559, 10.89, 11.425, 11.03, 11.074, 13.289, 14.601, 15.127, 15.859, 16.841, 17.344, 17.513, 17.888, 18.457, 18.653, 18.652, 18.021, 17.845, 18.182, 18.253, 18.371, 18.648, 18.763, 18.738, 18.769, 19.452, 20.404, 20.916, 21.158, 21.141, 20.948, 21.162, 21.479, 21.694, 21.965, 22.38, 22.654, 22.252, 21.719, 21.671, 22.175, 22.52, 22.657, 22.788, 23.166, 23.466, 23.404, 23.406, 23.301, 23.375, 23.37, 22.88, 22.457, 22.402, 22.205, 22.041, 21.841, 21.554, 21.42, 21.049, 20.888, 20.825, 20.967, 20.988, 20.837, 21.0, 20.956, 20.713, 20.633, 21.259, 21.88, 22.31, 22.943], [16.174, 16.438, 15.947, 14.094, 11.926, 9.813, 8.249, 7.511, 7.324, 6.504, 4.108, 0.0, 4.86, 7.662, 8.218, 8.939, 8.916, 10.162, 13.215, 14.768, 15.37, 16.089, 17.022, 17.398, 17.456, 17.805, 18.381, 18.701, 18.776, 18.173, 17.993, 18.276, 18.264, 18.343, 18.655, 18.774, 18.717, 18.7, 19.358, 20.273, 20.77, 21.032, 21.011, 20.81, 21.047, 21.468, 21.88, 22.263, 22.614, 22.871, 22.461, 21.795, 21.662, 22.129, 22.429, 22.528, 22.648, 23.113, 23.462, 23.424, 23.502, 23.358, 23.292, 23.251, 22.774, 22.356, 22.334, 22.167, 22.032, 21.777, 21.361, 21.113, 20.714, 20.627, 20.627, 20.758, 20.802, 20.707, 20.9, 20.928, 20.721, 20.6, 21.104, 21.63, 22.036, 22.67], [16.14, 16.389, 15.953, 14.329, 12.52, 11.153, 10.747, 10.723, 10.649, 10.028, 8.261, 4.86, 0.0, 3.454, 4.786, 5.97, 7.068, 10.172, 14.092, 15.807, 16.382, 16.997, 17.842, 18.08, 17.955, 18.231, 18.773, 19.194, 19.37, 18.798, 18.591, 18.817, 18.689, 18.674, 18.949, 19.033, 18.933, 18.814, 19.356, 20.171, 20.612, 20.851, 20.791, 20.577, 20.837, 21.411, 22.187, 22.788, 23.046, 23.284, 22.886, 22.11, 21.889, 22.288, 22.5, 22.497, 22.528, 23.068, 23.521, 23.522, 23.723, 23.521, 23.205, 23.102, 22.659, 22.254, 22.275, 22.175, 22.107, 21.774, 21.173, 20.755, 20.339, 20.384, 20.477, 20.584, 20.643, 20.613, 20.849, 20.979, 20.815, 20.648, 20.951, 21.25, 21.567, 22.162], [16.26, 16.489, 16.114, 14.682, 13.107, 12.096, 12.247, 12.632, 12.654, 12.1, 10.559, 7.662, 3.454, 0.0, 2.393, 4.333, 6.246, 10.603, 14.981, 16.727, 17.278, 17.848, 18.677, 18.867, 18.604, 18.826, 19.297, 19.753, 19.99, 19.399, 19.161, 19.355, 19.156, 19.026, 19.216, 19.278, 19.158, 18.992, 19.43, 20.133, 20.521, 20.759, 20.68, 20.455, 20.724, 21.348, 22.314, 23.082, 23.299, 23.509, 23.154, 22.366, 22.112, 22.458, 22.62, 22.577, 22.527, 23.085, 23.629, 23.672, 24.018, 23.791, 23.299, 23.153, 22.737, 22.352, 22.39, 22.345, 22.323, 21.973, 21.33, 20.866, 20.456, 20.526, 20.616, 20.649, 20.644, 20.603, 20.814, 20.974, 20.867, 20.711, 20.883, 21.022, 21.263, 21.806], [16.367, 16.6, 16.247, 14.852, 13.276, 12.216, 12.393, 12.885, 12.975, 12.418, 10.89, 8.218, 4.786, 2.393, 0.0, 2.673, 5.083, 10.199, 14.815, 16.592, 17.178, 17.801, 18.714, 18.922, 18.626, 18.848, 19.287, 19.745, 19.994, 19.366, 19.123, 19.344, 19.158, 18.984, 19.121, 19.177, 19.06, 18.91, 19.375, 20.08, 20.471, 20.723, 20.645, 20.418, 20.701, 21.305, 22.243, 23.033, 23.27, 23.472, 23.124, 22.343, 22.098, 22.464, 22.639, 22.606, 22.535, 23.071, 23.635, 23.696, 24.093, 23.865, 23.353, 23.194, 22.75, 22.35, 22.381, 22.35, 22.338, 22.011, 21.425, 21.007, 20.56, 20.556, 20.599, 20.594, 20.546, 20.467, 20.639, 20.787, 20.708, 20.59, 20.794, 20.939, 21.173, 21.705], [16.848, 17.092, 16.735, 15.352, 13.77, 12.673, 12.838, 13.36, 13.477, 12.914, 11.425, 8.939, 5.97, 4.333, 2.673, 0.0, 3.541, 9.792, 14.645, 16.436, 17.063, 17.774, 18.726, 18.936, 18.627, 18.855, 19.311, 19.794, 20.045, 19.421, 19.225, 19.519, 19.39, 19.285, 19.472, 19.531, 19.414, 19.297, 19.815, 20.536, 20.928, 21.164, 21.069, 20.846, 21.138, 21.734, 22.656, 23.425, 23.664, 23.882, 23.538, 22.743, 22.483, 22.851, 23.012, 22.952, 22.87, 23.407, 23.976, 24.043, 24.433, 24.199, 23.669, 23.497, 23.046, 22.628, 22.648, 22.621, 22.617, 22.292, 21.702, 21.265, 20.738, 20.673, 20.701, 20.679, 20.633, 20.571, 20.769, 20.956, 20.909, 20.809, 21.017, 21.165, 21.398, 21.929], [17.007, 17.24, 16.864, 15.367, 13.634, 12.372, 12.409, 12.894, 13.013, 12.477, 11.03, 8.916, 7.068, 6.246, 5.083, 3.541, 0.0, 7.38, 12.84, 14.844, 15.59, 16.433, 17.513, 17.78, 17.484, 17.766, 18.225, 18.749, 19.033, 18.332, 18.12, 18.455, 18.385, 18.354, 18.648, 18.751, 18.637, 18.607, 19.285, 20.134, 20.598, 20.874, 20.807, 20.588, 20.901, 21.503, 22.353, 23.125, 23.444, 23.684, 23.355, 22.58, 22.311, 22.69, 22.856, 22.806, 22.773, 23.344, 23.943, 24.003, 24.341, 24.11, 23.647, 23.488, 23.039, 22.617, 22.599, 22.534, 22.496, 22.182, 21.626, 21.193, 20.589, 20.419, 20.398, 20.378, 20.272, 20.139, 20.304, 20.44, 20.406, 20.396, 20.724, 20.98, 21.265, 21.846], [17.07, 17.329, 16.931, 15.212, 13.259, 12.037, 11.992, 12.299, 12.362, 12.017, 11.074, 10.162, 10.172, 10.603, 10.199, 9.792, 7.38, 0.0, 6.506, 9.475, 10.763, 12.036, 13.579, 14.151, 14.1, 14.511, 15.042, 15.551, 15.891, 15.173, 14.829, 15.107, 15.119, 15.342, 15.925, 16.123, 16.008, 16.075, 17.103, 18.336, 18.977, 19.279, 19.239, 19.022, 19.391, 20.025, 20.72, 21.46, 21.971, 22.289, 21.934, 21.355, 21.288, 21.777, 21.989, 22.003, 22.114, 22.707, 23.346, 23.371, 23.414, 23.221, 23.058, 22.971, 22.553, 22.162, 22.085, 21.897, 21.774, 21.522, 21.087, 20.805, 20.358, 20.198, 20.172, 20.316, 20.251, 20.023, 20.174, 20.166, 19.969, 20.108, 20.883, 21.428, 21.816, 22.483], [18.27, 18.52, 18.134, 16.573, 14.933, 13.963, 13.779, 13.875, 13.889, 13.732, 13.289, 13.215, 14.092, 14.981, 14.815, 14.645, 12.84, 6.506, 0.0, 4.159, 6.599, 8.647, 10.706, 11.631, 12.049, 12.521, 13.078, 13.332, 13.529, 13.08, 12.717, 12.917, 13.149, 13.912, 14.939, 15.256, 15.164, 15.301, 16.526, 17.986, 18.714, 19.035, 19.045, 18.843, 19.208, 19.789, 20.227, 20.75, 21.339, 21.686, 21.297, 21.009, 21.302, 21.926, 22.167, 22.254, 22.49, 23.084, 23.653, 23.645, 23.464, 23.379, 23.572, 23.578, 23.228, 22.89, 22.774, 22.483, 22.299, 22.144, 21.819, 21.65, 21.348, 21.189, 21.132, 21.364, 21.328, 21.041, 21.187, 21.096, 20.808, 21.042, 22.161, 22.985, 23.46, 24.134], [18.751, 18.966, 18.572, 17.185, 15.877, 15.162, 14.986, 15.012, 15.017, 14.904, 14.601, 14.768, 15.807, 16.727, 16.592, 16.436, 14.844, 9.475, 4.159, 0.0, 3.487, 6.457, 9.017, 10.142, 10.805, 11.316, 11.924, 12.043, 12.018, 11.725, 11.52, 11.981, 12.661, 13.963, 15.308, 15.681, 15.612, 15.84, 17.097, 18.529, 19.251, 19.6, 19.65, 19.462, 19.816, 20.393, 20.8, 21.226, 21.811, 22.152, 21.757, 21.528, 21.919, 22.602, 22.887, 23.039, 23.356, 23.978, 24.487, 24.474, 24.265, 24.233, 24.574, 24.64, 24.302, 23.957, 23.818, 23.483, 23.277, 23.157, 22.795, 22.55, 22.241, 22.059, 21.968, 22.173, 22.082, 21.719, 21.832, 21.729, 21.49, 21.823, 23.061, 23.987, 24.48, 25.134], [18.759, 18.955, 18.553, 17.202, 16.032, 15.497, 15.409, 15.434, 15.439, 15.35, 15.127, 15.37, 16.382, 17.278, 17.178, 17.063, 15.59, 10.763, 6.599, 3.487, 0.0, 3.915, 7.267, 8.659, 9.486, 10.134, 10.899, 11.054, 10.975, 10.614, 10.55, 11.446, 12.528, 14.103, 15.536, 15.903, 15.841, 16.054, 17.204, 18.563, 19.276, 19.653, 19.734, 19.551, 19.903, 20.523, 21.012, 21.464, 22.052, 22.422, 22.042, 21.773, 22.149, 22.846, 23.162, 23.368, 23.761, 24.434, 24.933, 24.915, 24.71, 24.712, 25.136, 25.249, 24.889, 24.5, 24.346, 23.976, 23.75, 23.616, 23.183, 22.873, 22.563, 22.38, 22.265, 22.429, 22.293, 21.868, 21.945, 21.842, 21.65, 22.072, 23.371, 24.324, 24.813, 25.46], [18.918, 19.072, 18.658, 17.361, 16.351, 16.018, 16.065, 16.104, 16.088, 16.028, 15.859, 16.089, 16.997, 17.848, 17.801, 17.774, 16.433, 12.036, 8.647, 6.457, 3.915, 0.0, 4.131, 6.014, 7.173, 8.02, 8.963, 9.203, 9.19, 8.959, 9.08, 10.295, 11.773, 13.762, 15.399, 15.786, 15.717, 15.913, 16.986, 18.28, 18.982, 19.396, 19.508, 19.334, 19.699, 20.386, 20.984, 21.506, 22.106, 22.517, 22.169, 21.884, 22.254, 22.939, 23.242, 23.472, 23.932, 24.675, 25.193, 25.18, 24.988, 25.033, 25.526, 25.694, 25.355, 24.954, 24.799, 24.433, 24.225, 24.07, 23.541, 23.15, 22.835, 22.665, 22.554, 22.708, 22.568, 22.136, 22.203, 22.096, 21.935, 22.421, 23.738, 24.674, 25.155, 25.807], [19.332, 19.445, 19.007, 17.788, 16.986, 16.881, 17.037, 17.076, 17.037, 16.992, 16.841, 17.022, 17.842, 18.677, 18.714, 18.726, 17.513, 13.579, 10.706, 9.017, 7.267, 4.131, 0.0, 2.863, 4.976, 6.07, 7.276, 7.688, 7.796, 8.081, 8.643, 9.981, 11.656, 14.027, 15.894, 16.296, 16.22, 16.442, 17.449, 18.623, 19.28, 19.708, 19.829, 19.665, 20.039, 20.79, 21.498, 22.072, 22.64, 23.071, 22.722, 22.355, 22.696, 23.344, 23.6, 23.833, 24.362, 25.194, 25.727, 25.706, 25.493, 25.565, 26.081, 26.289, 25.994, 25.613, 25.469, 25.113, 24.924, 24.744, 24.104, 23.614, 23.297, 23.151, 23.056, 23.206, 23.086, 22.687, 22.775, 22.69, 22.551, 23.069, 24.374, 25.266, 25.731, 26.389], [19.395, 19.489, 19.05, 17.91, 17.266, 17.306, 17.552, 17.621, 17.595, 17.536, 17.344, 17.398, 18.08, 18.867, 18.922, 18.936, 17.78, 14.151, 11.631, 10.142, 8.659, 6.014, 2.863, 0.0, 3.116, 4.618, 5.9, 6.615, 6.748, 7.258, 8.191, 9.687, 11.434, 13.921, 15.919, 16.339, 16.249, 16.483, 17.458, 18.573, 19.226, 19.701, 19.836, 19.675, 20.073, 20.89, 21.69, 22.318, 22.878, 23.334, 22.983, 22.514, 22.819, 23.458, 23.723, 23.98, 24.562, 25.528, 26.112, 26.091, 25.888, 25.952, 26.46, 26.68, 26.39, 26.018, 25.894, 25.555, 25.377, 25.174, 24.463, 23.899, 23.561, 23.421, 23.329, 23.468, 23.353, 22.952, 23.036, 22.968, 22.855, 23.392, 24.685, 25.549, 26.01, 26.675], [19.241, 19.308, 18.858, 17.725, 17.161, 17.322, 17.717, 17.862, 17.847, 17.763, 17.513, 17.456, 17.955, 18.604, 18.626, 18.627, 17.484, 14.1, 12.049, 10.805, 9.486, 7.173, 4.976, 3.116, 0.0, 2.354, 4.462, 5.796, 6.178, 6.304, 7.557, 9.366, 11.132, 13.626, 15.68, 16.125, 16.014, 16.235, 17.206, 18.297, 18.967, 19.524, 19.688, 19.516, 19.948, 20.866, 21.843, 22.62, 23.204, 23.677, 23.338, 22.818, 23.073, 23.69, 23.955, 24.2, 24.766, 25.834, 26.506, 26.499, 26.345, 26.38, 26.848, 27.065, 26.763, 26.382, 26.274, 25.967, 25.802, 25.569, 24.793, 24.148, 23.754, 23.595, 23.501, 23.632, 23.504, 23.079, 23.148, 23.092, 23.016, 23.573, 24.828, 25.648, 26.092, 26.758], [19.429, 19.491, 19.055, 17.964, 17.443, 17.654, 18.096, 18.25, 18.229, 18.141, 17.888, 17.805, 18.231, 18.826, 18.848, 18.855, 17.766, 14.511, 12.521, 11.316, 10.134, 8.02, 6.07, 4.618, 2.354, 0.0, 3.092, 4.917, 5.467, 5.701, 7.224, 9.147, 11.007, 13.684, 15.849, 16.326, 16.203, 16.383, 17.302, 18.368, 19.04, 19.607, 19.766, 19.592, 20.04, 21.005, 22.074, 22.903, 23.474, 23.944, 23.6, 23.093, 23.346, 23.952, 24.198, 24.409, 24.959, 26.075, 26.794, 26.802, 26.665, 26.695, 27.146, 27.369, 27.086, 26.719, 26.62, 26.321, 26.166, 25.93, 25.121, 24.45, 24.066, 23.914, 23.823, 23.958, 23.833, 23.404, 23.47, 23.42, 23.362, 23.94, 25.18, 25.971, 26.403, 27.062], [19.627, 19.689, 19.31, 18.333, 17.898, 18.148, 18.61, 18.761, 18.734, 18.668, 18.457, 18.381, 18.773, 19.297, 19.287, 19.311, 18.225, 15.042, 13.078, 11.924, 10.899, 8.963, 7.276, 5.9, 4.462, 3.092, 0.0, 2.897, 4.084, 4.5, 6.375, 8.352, 10.377, 13.231, 15.494, 15.997, 15.863, 16.073, 17.033, 18.13, 18.849, 19.468, 19.66, 19.501, 19.949, 20.919, 21.995, 22.868, 23.44, 23.906, 23.585, 23.091, 23.357, 23.96, 24.204, 24.432, 25.005, 26.177, 26.913, 26.932, 26.835, 26.864, 27.286, 27.509, 27.246, 26.904, 26.815, 26.519, 26.374, 26.152, 25.362, 24.716, 24.373, 24.239, 24.141, 24.261, 24.131, 23.698, 23.729, 23.655, 23.604, 24.199, 25.42, 26.178, 26.593, 27.234], [19.837, 19.911, 19.555, 18.597, 18.116, 18.301, 18.717, 18.834, 18.802, 18.77, 18.653, 18.701, 19.194, 19.753, 19.745, 19.794, 18.749, 15.551, 13.332, 12.043, 11.054, 9.203, 7.688, 6.615, 5.796, 4.917, 2.897, 0.0, 2.51, 4.075, 5.857, 7.811, 10.04, 13.061, 15.349, 15.856, 15.74, 15.991, 17.012, 18.182, 18.938, 19.575, 19.781, 19.629, 20.045, 20.925, 21.886, 22.678, 23.241, 23.701, 23.376, 22.935, 23.231, 23.839, 24.09, 24.313, 24.846, 25.946, 26.653, 26.663, 26.547, 26.597, 27.023, 27.241, 26.99, 26.654, 26.564, 26.263, 26.113, 25.908, 25.171, 24.582, 24.284, 24.171, 24.071, 24.187, 24.057, 23.624, 23.634, 23.531, 23.464, 24.056, 25.29, 26.059, 26.464, 27.084], [19.863, 19.936, 19.58, 18.663, 18.21, 18.33, 18.657, 18.778, 18.758, 18.733, 18.652, 18.776, 19.37, 19.99, 19.994, 20.045, 19.033, 15.891, 13.529, 12.018, 10.975, 9.19, 7.796, 6.748, 6.178, 5.467, 4.084, 2.51, 0.0, 3.455, 5.768, 7.722, 9.971, 13.019, 15.365, 15.889, 15.786, 16.072, 17.148, 18.355, 19.096, 19.696, 19.885, 19.734, 20.159, 21.035, 21.942, 22.681, 23.241, 23.701, 23.366, 22.924, 23.232, 23.864, 24.151, 24.377, 24.904, 25.963, 26.643, 26.657, 26.53, 26.584, 27.03, 27.249, 26.989, 26.639, 26.545, 26.242, 26.086, 25.865, 25.099, 24.481, 24.173, 24.069, 23.978, 24.114, 24.007, 23.577, 23.6, 23.505, 23.433, 24.017, 25.27, 26.052, 26.457, 27.08], [19.238, 19.325, 18.981, 18.004, 17.472, 17.561, 17.936, 18.107, 18.106, 18.09, 18.021, 18.173, 18.798, 19.399, 19.366, 19.421, 18.332, 15.173, 13.08, 11.725, 10.614, 8.959, 8.081, 7.258, 6.304, 5.701, 4.5, 4.075, 3.455, 0.0, 3.535, 6.479, 8.917, 11.828, 14.034, 14.549, 14.447, 14.71, 15.866, 17.199, 18.009, 18.688, 18.947, 18.794, 19.226, 20.139, 21.081, 21.916, 22.559, 23.045, 22.717, 22.265, 22.591, 23.266, 23.593, 23.856, 24.409, 25.491, 26.183, 26.198, 26.125, 26.175, 26.664, 26.91, 26.606, 26.229, 26.123, 25.817, 25.656, 25.45, 24.739, 24.149, 23.791, 23.62, 23.489, 23.619, 23.497, 23.032, 23.039, 22.92, 22.836, 23.433, 24.713, 25.531, 25.957, 26.602], [19.23, 19.343, 19.045, 18.028, 17.314, 17.298, 17.704, 17.886, 17.878, 17.892, 17.845, 17.993, 18.591, 19.161, 19.123, 19.225, 18.12, 14.829, 12.717, 11.52, 10.55, 9.08, 8.643, 8.191, 7.557, 7.224, 6.375, 5.857, 5.768, 3.535, 0.0, 3.778, 6.841, 10.11, 12.37, 12.908, 12.825, 13.051, 14.364, 15.937, 16.847, 17.595, 17.932, 17.781, 18.22, 19.091, 19.946, 20.826, 21.516, 21.968, 21.611, 21.237, 21.64, 22.344, 22.677, 22.94, 23.468, 24.505, 25.193, 25.21, 25.137, 25.185, 25.714, 25.986, 25.705, 25.373, 25.258, 24.945, 24.79, 24.645, 24.087, 23.635, 23.328, 23.157, 23.02, 23.15, 23.014, 22.558, 22.564, 22.418, 22.288, 22.845, 24.131, 24.99, 25.432, 26.083], [19.668, 19.788, 19.539, 18.567, 17.769, 17.637, 18.014, 18.214, 18.196, 18.23, 18.182, 18.276, 18.817, 19.355, 19.344, 19.519, 18.455, 15.107, 12.917, 11.981, 11.446, 10.295, 9.981, 9.687, 9.366, 9.147, 8.352, 7.811, 7.722, 6.479, 3.778, 0.0, 3.922, 7.989, 10.626, 11.257, 11.193, 11.54, 13.175, 15.028, 16.033, 16.833, 17.241, 17.121, 17.609, 18.479, 19.209, 20.119, 20.814, 21.193, 20.796, 20.501, 20.994, 21.702, 22.024, 22.272, 22.787, 23.785, 24.463, 24.497, 24.404, 24.442, 24.993, 25.272, 25.062, 24.831, 24.72, 24.421, 24.278, 24.17, 23.719, 23.365, 23.114, 22.977, 22.871, 23.021, 22.909, 22.516, 22.546, 22.386, 22.198, 22.675, 23.924, 24.786, 25.227, 25.876], [19.788, 19.909, 19.687, 18.721, 17.853, 17.633, 18.018, 18.281, 18.271, 18.309, 18.253, 18.264, 18.689, 19.156, 19.158, 19.39, 18.385, 15.119, 13.149, 12.661, 12.528, 11.773, 11.656, 11.434, 11.132, 11.007, 10.377, 10.04, 9.971, 8.917, 6.841, 3.922, 0.0, 4.859, 8.179, 8.969, 8.913, 9.508, 11.611, 13.769, 14.873, 15.737, 16.226, 16.166, 16.727, 17.69, 18.456, 19.497, 20.21, 20.564, 20.159, 19.852, 20.392, 21.09, 21.402, 21.671, 22.204, 23.214, 23.926, 23.972, 23.943, 23.986, 24.515, 24.782, 24.6, 24.402, 24.307, 24.044, 23.903, 23.767, 23.326, 23.005, 22.757, 22.617, 22.522, 22.674, 22.587, 22.239, 22.288, 22.124, 21.874, 22.268, 23.476, 24.313, 24.744, 25.402], [19.733, 19.873, 19.701, 18.755, 17.809, 17.484, 17.916, 18.297, 18.341, 18.404, 18.371, 18.343, 18.674, 19.026, 18.984, 19.285, 18.354, 15.342, 13.912, 13.963, 14.103, 13.762, 14.027, 13.921, 13.626, 13.684, 13.231, 13.061, 13.019, 11.828, 10.11, 7.989, 4.859, 0.0, 4.028, 5.188, 5.187, 6.33, 9.348, 11.99, 13.212, 14.167, 14.769, 14.771, 15.403, 16.402, 17.132, 18.316, 19.081, 19.438, 19.077, 18.78, 19.378, 20.1, 20.419, 20.733, 21.278, 22.265, 23.025, 23.086, 23.172, 23.224, 23.727, 23.959, 23.737, 23.545, 23.472, 23.272, 23.14, 22.993, 22.652, 22.443, 22.181, 21.985, 21.865, 22.019, 21.976, 21.679, 21.732, 21.545, 21.22, 21.488, 22.614, 23.4, 23.81, 24.467], [19.729, 19.914, 19.789, 18.884, 17.891, 17.488, 17.966, 18.442, 18.541, 18.634, 18.648, 18.655, 18.949, 19.216, 19.121, 19.472, 18.648, 15.925, 14.939, 15.308, 15.536, 15.399, 15.894, 15.919, 15.68, 15.849, 15.494, 15.349, 15.365, 14.034, 12.37, 10.626, 8.179, 4.028, 0.0, 1.641, 1.973, 4.03, 7.911, 10.883, 12.154, 13.132, 13.797, 13.824, 14.441, 15.311, 15.872, 17.101, 17.904, 18.26, 17.958, 17.782, 18.47, 19.25, 19.6, 19.93, 20.41, 21.284, 22.062, 22.135, 22.326, 22.407, 22.891, 23.121, 22.849, 22.664, 22.607, 22.455, 22.359, 22.275, 22.117, 22.075, 21.833, 21.6, 21.463, 21.638, 21.646, 21.401, 21.449, 21.224, 20.828, 20.972, 22.01, 22.762, 23.157, 23.801], [19.712, 19.921, 19.807, 18.919, 17.934, 17.533, 18.026, 18.524, 18.637, 18.734, 18.763, 18.774, 19.033, 19.278, 19.177, 19.531, 18.751, 16.123, 15.256, 15.681, 15.903, 15.786, 16.296, 16.339, 16.125, 16.326, 15.997, 15.856, 15.889, 14.549, 12.908, 11.257, 8.969, 5.188, 1.641, 0.0, 0.99, 3.685, 7.69, 10.687, 11.954, 12.916, 13.584, 13.613, 14.21, 15.049, 15.601, 16.837, 17.637, 18.003, 17.711, 17.542, 18.245, 19.048, 19.409, 19.742, 20.206, 21.057, 21.84, 21.916, 22.142, 22.243, 22.716, 22.949, 22.659, 22.467, 22.417, 22.273, 22.193, 22.128, 21.994, 21.975, 21.744, 21.52, 21.394, 21.58, 21.606, 21.381, 21.441, 21.215, 20.799, 20.913, 21.929, 22.67, 23.063, 23.71], [19.632, 19.842, 19.739, 18.859, 17.879, 17.493, 18.013, 18.525, 18.637, 18.725, 18.738, 18.717, 18.933, 19.158, 19.06, 19.414, 18.637, 16.008, 15.164, 15.612, 15.841, 15.717, 16.22, 16.249, 16.014, 16.203, 15.863, 15.74, 15.786, 14.447, 12.825, 11.193, 8.913, 5.187, 1.973, 0.99, 0.0, 3.2, 7.473, 10.567, 11.849, 12.811, 13.468, 13.488, 14.098, 14.975, 15.583, 16.854, 17.655, 18.04, 17.758, 17.573, 18.258, 19.054, 19.403, 19.719, 20.184, 21.073, 21.875, 21.946, 22.168, 22.26, 22.722, 22.957, 22.67, 22.472, 22.426, 22.292, 22.217, 22.139, 21.986, 21.961, 21.74, 21.526, 21.407, 21.598, 21.625, 21.398, 21.464, 21.246, 20.833, 20.951, 21.963, 22.692, 23.085, 23.734], [19.319, 19.548, 19.487, 18.642, 17.696, 17.379, 17.994, 18.565, 18.688, 18.769, 18.769, 18.7, 18.814, 18.992, 18.91, 19.297, 18.607, 16.075, 15.301, 15.84, 16.054, 15.913, 16.442, 16.483, 16.235, 16.383, 16.073, 15.991, 16.072, 14.71, 13.051, 11.54, 9.508, 6.33, 4.03, 3.685, 3.2, 0.0, 4.95, 8.635, 10.079, 11.124, 11.84, 11.866, 12.529, 13.492, 14.191, 15.626, 16.487, 16.953, 16.729, 16.644, 17.41, 18.215, 18.578, 18.893, 19.34, 20.306, 21.188, 21.245, 21.508, 21.619, 22.089, 22.378, 22.114, 21.92, 21.882, 21.764, 21.717, 21.632, 21.485, 21.578, 21.522, 21.386, 21.289, 21.503, 21.571, 21.367, 21.436, 21.228, 20.812, 20.917, 21.902, 22.62, 23.01, 23.643], [19.235, 19.455, 19.441, 18.728, 18.01, 17.926, 18.648, 19.247, 19.371, 19.449, 19.452, 19.358, 19.356, 19.43, 19.375, 19.815, 19.285, 17.103, 16.526, 17.097, 17.204, 16.986, 17.449, 17.458, 17.206, 17.302, 17.033, 17.012, 17.148, 15.866, 14.364, 13.175, 11.611, 9.348, 7.911, 7.69, 7.473, 4.95, 0.0, 4.279, 6.109, 7.561, 8.542, 8.637, 9.34, 10.454, 11.535, 13.427, 14.397, 15.062, 14.983, 15.061, 15.959, 16.716, 17.124, 17.516, 18.018, 19.189, 20.212, 20.272, 20.696, 20.909, 21.403, 21.82, 21.629, 21.439, 21.416, 21.291, 21.297, 21.192, 20.921, 21.098, 21.389, 21.467, 21.443, 21.684, 21.822, 21.676, 21.745, 21.561, 21.176, 21.269, 22.191, 22.882, 23.25, 23.837], [19.499, 19.684, 19.702, 19.154, 18.699, 18.844, 19.633, 20.222, 20.338, 20.408, 20.404, 20.273, 20.171, 20.133, 20.08, 20.536, 20.134, 18.336, 17.986, 18.529, 18.563, 18.28, 18.623, 18.573, 18.297, 18.368, 18.13, 18.182, 18.355, 17.199, 15.937, 15.028, 13.769, 11.99, 10.883, 10.687, 10.567, 8.635, 4.279, 0.0, 2.476, 4.767, 6.161, 6.386, 7.031, 8.282, 9.978, 12.383, 13.392, 14.196, 14.257, 14.417, 15.332, 15.962, 16.388, 16.869, 17.456, 18.812, 19.93, 20.007, 20.601, 20.914, 21.381, 21.888, 21.783, 21.609, 21.606, 21.473, 21.512, 21.382, 20.941, 21.055, 21.588, 21.887, 21.956, 22.22, 22.404, 22.302, 22.364, 22.211, 21.877, 21.954, 22.774, 23.391, 23.714, 24.246], [19.755, 19.93, 19.96, 19.477, 19.1, 19.299, 20.117, 20.728, 20.847, 20.916, 20.916, 20.77, 20.612, 20.521, 20.471, 20.928, 20.598, 18.977, 18.714, 19.251, 19.276, 18.982, 19.28, 19.226, 18.967, 19.04, 18.849, 18.938, 19.096, 18.009, 16.847, 16.033, 14.873, 13.212, 12.154, 11.954, 11.849, 10.079, 6.109, 2.476, 0.0, 2.861, 4.651, 4.982, 5.561, 7.003, 9.14, 11.829, 12.864, 13.751, 13.909, 14.167, 15.12, 15.698, 16.144, 16.665, 17.269, 18.653, 19.801, 19.884, 20.542, 20.891, 21.343, 21.881, 21.812, 21.65, 21.662, 21.534, 21.597, 21.453, 20.915, 20.967, 21.595, 22.023, 22.163, 22.461, 22.697, 22.632, 22.71, 22.584, 22.257, 22.311, 23.067, 23.629, 23.929, 24.434], [20.083, 20.279, 20.305, 19.807, 19.398, 19.551, 20.315, 20.925, 21.062, 21.137, 21.158, 21.032, 20.851, 20.759, 20.723, 21.164, 20.874, 19.279, 19.035, 19.6, 19.653, 19.396, 19.708, 19.701, 19.524, 19.607, 19.468, 19.575, 19.696, 18.688, 17.595, 16.833, 15.737, 14.167, 13.132, 12.916, 12.811, 11.124, 7.561, 4.767, 2.861, 0.0, 2.274, 2.971, 3.673, 5.464, 8.073, 10.954, 11.985, 12.955, 13.188, 13.554, 14.576, 15.161, 15.65, 16.198, 16.806, 18.183, 19.361, 19.473, 20.165, 20.537, 21.0, 21.584, 21.53, 21.357, 21.381, 21.265, 21.363, 21.217, 20.618, 20.634, 21.345, 21.898, 22.128, 22.506, 22.841, 22.834, 22.936, 22.827, 22.466, 22.477, 23.183, 23.697, 23.989, 24.492], [20.124, 20.33, 20.352, 19.84, 19.412, 19.558, 20.297, 20.898, 21.047, 21.119, 21.141, 21.011, 20.791, 20.68, 20.645, 21.069, 20.807, 19.239, 19.045, 19.65, 19.734, 19.508, 19.829, 19.836, 19.688, 19.766, 19.66, 19.781, 19.885, 18.947, 17.932, 17.241, 16.226, 14.769, 13.797, 13.584, 13.468, 11.84, 8.542, 6.161, 4.651, 2.274, 0.0, 1.35, 2.734, 4.72, 7.68, 10.619, 11.598, 12.608, 12.883, 13.251, 14.221, 14.782, 15.273, 15.79, 16.367, 17.761, 18.978, 19.119, 19.836, 20.198, 20.618, 21.224, 21.166, 20.962, 21.001, 20.907, 21.041, 20.885, 20.221, 20.199, 20.972, 21.622, 21.924, 22.383, 22.818, 22.86, 22.977, 22.877, 22.494, 22.455, 23.114, 23.59, 23.88, 24.382], [19.915, 20.122, 20.141, 19.619, 19.188, 19.344, 20.097, 20.706, 20.859, 20.93, 20.948, 20.81, 20.577, 20.455, 20.418, 20.846, 20.588, 19.022, 18.843, 19.462, 19.551, 19.334, 19.665, 19.675, 19.516, 19.592, 19.501, 19.629, 19.734, 18.794, 17.781, 17.121, 16.166, 14.771, 13.824, 13.613, 13.488, 11.866, 8.637, 6.386, 4.982, 2.971, 1.35, 0.0, 2.115, 4.343, 7.484, 10.487, 11.464, 12.483, 12.779, 13.151, 14.107, 14.667, 15.136, 15.608, 16.159, 17.573, 18.808, 18.938, 19.636, 19.971, 20.358, 20.961, 20.898, 20.683, 20.728, 20.655, 20.805, 20.651, 19.977, 19.955, 20.753, 21.439, 21.764, 22.245, 22.697, 22.74, 22.861, 22.76, 22.372, 22.315, 22.953, 23.426, 23.724, 24.226], [20.108, 20.317, 20.342, 19.855, 19.445, 19.586, 20.304, 20.89, 21.038, 21.122, 21.162, 21.047, 20.837, 20.724, 20.701, 21.138, 20.901, 19.391, 19.208, 19.816, 19.903, 19.699, 20.039, 20.073, 19.948, 20.04, 19.949, 20.045, 20.159, 19.226, 18.22, 17.609, 16.727, 15.403, 14.441, 14.21, 14.098, 12.529, 9.34, 7.031, 5.561, 3.673, 2.734, 2.115, 0.0, 2.863, 6.65, 9.894, 10.915, 12.014, 12.419, 12.936, 13.959, 14.512, 15.016, 15.517, 16.061, 17.507, 18.749, 18.84, 19.531, 19.895, 20.289, 20.909, 20.87, 20.675, 20.72, 20.634, 20.777, 20.643, 19.978, 19.976, 20.834, 21.56, 21.906, 22.409, 22.864, 22.898, 23.01, 22.901, 22.502, 22.422, 23.038, 23.526, 23.829, 24.321], [20.651, 20.86, 20.888, 20.422, 19.972, 20.009, 20.622, 21.163, 21.313, 21.409, 21.479, 21.468, 21.411, 21.348, 21.305, 21.734, 21.503, 20.025, 19.789, 20.393, 20.523, 20.386, 20.79, 20.89, 20.866, 21.005, 20.919, 20.925, 21.035, 20.139, 19.091, 18.479, 17.69, 16.402, 15.311, 15.049, 14.975, 13.492, 10.454, 8.282, 7.003, 5.464, 4.72, 4.343, 2.863, 0.0, 4.481, 8.129, 9.325, 10.594, 11.226, 12.205, 13.386, 13.894, 14.41, 14.925, 15.392, 16.734, 17.96, 18.027, 18.728, 19.149, 19.619, 20.306, 20.296, 20.149, 20.195, 20.128, 20.291, 20.261, 19.82, 20.027, 21.0, 21.753, 22.11, 22.642, 23.129, 23.189, 23.286, 23.151, 22.719, 22.551, 23.126, 23.646, 23.958, 24.425], [21.603, 21.829, 21.826, 21.269, 20.633, 20.402, 20.806, 21.302, 21.471, 21.587, 21.694, 21.88, 22.187, 22.314, 22.243, 22.656, 22.353, 20.72, 20.227, 20.8, 21.012, 20.984, 21.498, 21.69, 21.843, 22.074, 21.995, 21.886, 21.942, 21.081, 19.946, 19.209, 18.456, 17.132, 15.872, 15.601, 15.583, 14.191, 11.535, 9.978, 9.14, 8.073, 7.68, 7.484, 6.65, 4.481, 0.0, 4.289, 6.164, 7.727, 8.709, 10.656, 12.329, 12.89, 13.545, 14.29, 14.754, 15.681, 16.638, 16.662, 17.308, 17.856, 18.686, 19.5, 19.507, 19.438, 19.448, 19.396, 19.569, 19.74, 19.789, 20.39, 21.413, 22.085, 22.397, 22.926, 23.395, 23.466, 23.553, 23.37, 22.892, 22.652, 23.263, 23.912, 24.264, 24.714], [22.59, 22.836, 22.786, 22.151, 21.391, 20.948, 21.142, 21.551, 21.724, 21.848, 21.965, 22.263, 22.788, 23.082, 23.033, 23.425, 23.125, 21.46, 20.75, 21.226, 21.464, 21.506, 22.072, 22.318, 22.62, 22.903, 22.868, 22.678, 22.681, 21.916, 20.826, 20.119, 19.497, 18.316, 17.101, 16.837, 16.854, 15.626, 13.427, 12.383, 11.829, 10.954, 10.619, 10.487, 9.894, 8.129, 4.289, 0.0, 3.125, 5.34, 6.604, 9.48, 11.674, 12.411, 13.27, 14.266, 14.785, 15.315, 15.901, 15.917, 16.478, 17.17, 18.333, 19.251, 19.27, 19.233, 19.221, 19.171, 19.357, 19.662, 19.97, 20.77, 21.821, 22.474, 22.781, 23.301, 23.739, 23.818, 23.934, 23.759, 23.268, 22.981, 23.62, 24.362, 24.744, 25.182], [23.025, 23.286, 23.255, 22.661, 21.919, 21.451, 21.623, 22.008, 22.169, 22.285, 22.38, 22.614, 23.046, 23.299, 23.27, 23.664, 23.444, 21.971, 21.339, 21.811, 22.052, 22.106, 22.64, 22.878, 23.204, 23.474, 23.44, 23.241, 23.241, 22.559, 21.516, 20.814, 20.21, 19.081, 17.904, 17.637, 17.655, 16.487, 14.397, 13.392, 12.864, 11.985, 11.598, 11.464, 10.915, 9.325, 6.164, 3.125, 0.0, 2.896, 4.752, 8.281, 10.865, 11.765, 12.688, 13.701, 14.221, 14.757, 15.347, 15.452, 16.055, 16.786, 18.005, 18.987, 19.05, 19.044, 19.065, 19.037, 19.26, 19.594, 19.937, 20.792, 21.917, 22.635, 22.975, 23.489, 23.941, 24.062, 24.21, 24.075, 23.597, 23.261, 23.834, 24.553, 24.932, 25.357], [23.324, 23.588, 23.569, 23.001, 22.261, 21.774, 21.938, 22.306, 22.458, 22.571, 22.654, 22.871, 23.284, 23.509, 23.472, 23.882, 23.684, 22.289, 21.686, 22.152, 22.422, 22.517, 23.071, 23.334, 23.677, 23.944, 23.906, 23.701, 23.701, 23.045, 21.968, 21.193, 20.564, 19.438, 18.26, 18.003, 18.04, 16.953, 15.062, 14.196, 13.751, 12.955, 12.608, 12.483, 12.014, 10.594, 7.727, 5.34, 2.896, 0.0, 3.046, 7.47, 10.355, 11.395, 12.381, 13.42, 13.875, 14.314, 14.826, 14.991, 15.68, 16.451, 17.754, 18.763, 18.871, 18.949, 18.994, 18.981, 19.206, 19.592, 20.058, 20.98, 22.092, 22.784, 23.112, 23.627, 24.086, 24.22, 24.36, 24.217, 23.744, 23.382, 23.919, 24.633, 25.005, 25.409], [23.013, 23.294, 23.265, 22.666, 21.898, 21.396, 21.546, 21.91, 22.064, 22.176, 22.252, 22.461, 22.886, 23.154, 23.124, 23.538, 23.355, 21.934, 21.297, 21.757, 22.042, 22.169, 22.722, 22.983, 23.338, 23.6, 23.585, 23.376, 23.366, 22.717, 21.611, 20.796, 20.159, 19.077, 17.958, 17.711, 17.758, 16.729, 14.983, 14.257, 13.909, 13.188, 12.883, 12.779, 12.419, 11.226, 8.709, 6.604, 4.752, 3.046, 0.0, 5.204, 8.507, 9.802, 11.072, 12.339, 12.981, 13.569, 14.113, 14.323, 15.008, 15.811, 17.224, 18.258, 18.353, 18.447, 18.491, 18.457, 18.682, 19.091, 19.574, 20.512, 21.627, 22.324, 22.662, 23.212, 23.697, 23.828, 23.98, 23.844, 23.372, 23.024, 23.588, 24.32, 24.711, 25.14], [22.348, 22.66, 22.64, 22.049, 21.324, 20.889, 21.081, 21.456, 21.617, 21.701, 21.719, 21.795, 22.11, 22.366, 22.343, 22.743, 22.58, 21.355, 21.009, 21.528, 21.773, 21.884, 22.355, 22.514, 22.818, 23.093, 23.091, 22.935, 22.924, 22.265, 21.237, 20.501, 19.852, 18.78, 17.782, 17.542, 17.573, 16.644, 15.061, 14.417, 14.167, 13.554, 13.251, 13.151, 12.936, 12.205, 10.656, 9.48, 8.281, 7.47, 5.204, 0.0, 4.108, 6.216, 8.035, 9.968, 11.28, 12.585, 13.403, 13.675, 14.504, 15.347, 16.821, 17.917, 17.95, 17.942, 17.968, 17.876, 18.115, 18.429, 18.655, 19.474, 20.639, 21.43, 21.822, 22.426, 22.991, 23.147, 23.324, 23.228, 22.794, 22.502, 23.066, 23.771, 24.175, 24.649], [22.299, 22.616, 22.592, 21.991, 21.272, 20.87, 21.085, 21.464, 21.631, 21.698, 21.671, 21.662, 21.889, 22.112, 22.098, 22.483, 22.311, 21.288, 21.302, 21.919, 22.149, 22.254, 22.696, 22.819, 23.073, 23.346, 23.357, 23.231, 23.232, 22.591, 21.64, 20.994, 20.392, 19.378, 18.47, 18.245, 18.258, 17.41, 15.959, 15.332, 15.12, 14.576, 14.221, 14.107, 13.959, 13.386, 12.329, 11.674, 10.865, 10.355, 8.507, 4.108, 0.0, 3.112, 5.833, 8.248, 9.923, 11.657, 12.702, 13.049, 14.037, 14.925, 16.401, 17.556, 17.594, 17.532, 17.538, 17.436, 17.703, 17.968, 18.046, 18.813, 20.076, 20.973, 21.427, 22.095, 22.742, 22.941, 23.122, 23.052, 22.641, 22.339, 22.854, 23.513, 23.907, 24.394], [22.711, 23.013, 22.987, 22.41, 21.729, 21.368, 21.607, 21.989, 22.154, 22.217, 22.175, 22.129, 22.288, 22.458, 22.464, 22.851, 22.69, 21.777, 21.926, 22.602, 22.846, 22.939, 23.344, 23.458, 23.69, 23.952, 23.96, 23.839, 23.864, 23.266, 22.344, 21.702, 21.09, 20.1, 19.25, 19.048, 19.054, 18.215, 16.716, 15.962, 15.698, 15.161, 14.782, 14.667, 14.512, 13.894, 12.89, 12.411, 11.765, 11.395, 9.802, 6.216, 3.112, 0.0, 3.789, 6.864, 8.841, 10.855, 12.013, 12.388, 13.534, 14.509, 16.035, 17.256, 17.351, 17.349, 17.357, 17.251, 17.532, 17.818, 17.892, 18.688, 20.096, 21.1, 21.589, 22.268, 22.957, 23.204, 23.381, 23.317, 22.907, 22.556, 22.996, 23.624, 24.004, 24.469], [22.828, 23.129, 23.112, 22.566, 21.922, 21.649, 21.966, 22.356, 22.509, 22.57, 22.52, 22.429, 22.5, 22.62, 22.639, 23.012, 22.856, 21.989, 22.167, 22.887, 23.162, 23.242, 23.6, 23.723, 23.955, 24.198, 24.204, 24.09, 24.151, 23.593, 22.677, 22.024, 21.402, 20.419, 19.6, 19.409, 19.403, 18.578, 17.124, 16.388, 16.144, 15.65, 15.273, 15.136, 15.016, 14.41, 13.545, 13.27, 12.688, 12.381, 11.072, 8.035, 5.833, 3.789, 0.0, 3.97, 6.75, 9.495, 11.001, 11.425, 12.766, 13.85, 15.465, 16.803, 16.989, 17.06, 17.07, 16.955, 17.268, 17.571, 17.624, 18.447, 19.966, 21.046, 21.54, 22.21, 22.908, 23.183, 23.373, 23.314, 22.922, 22.602, 23.034, 23.655, 24.042, 24.51], [22.877, 23.173, 23.176, 22.646, 21.996, 21.751, 22.122, 22.517, 22.654, 22.71, 22.657, 22.528, 22.497, 22.577, 22.606, 22.952, 22.806, 22.003, 22.254, 23.039, 23.368, 23.472, 23.833, 23.98, 24.2, 24.409, 24.432, 24.313, 24.377, 23.856, 22.94, 22.272, 21.671, 20.733, 19.93, 19.742, 19.719, 18.893, 17.516, 16.869, 16.665, 16.198, 15.79, 15.608, 15.517, 14.925, 14.29, 14.266, 13.701, 13.42, 12.339, 9.968, 8.248, 6.864, 3.97, 0.0, 3.791, 7.805, 9.977, 10.527, 11.849, 12.885, 14.411, 15.841, 16.154, 16.307, 16.33, 16.265, 16.646, 16.96, 17.031, 17.931, 19.559, 20.748, 21.288, 21.97, 22.698, 23.03, 23.271, 23.246, 22.876, 22.563, 22.928, 23.469, 23.848, 24.334], [23.074, 23.368, 23.39, 22.865, 22.155, 21.87, 22.262, 22.664, 22.792, 22.841, 22.788, 22.648, 22.528, 22.527, 22.535, 22.87, 22.773, 22.114, 22.49, 23.356, 23.761, 23.932, 24.362, 24.562, 24.766, 24.959, 25.005, 24.846, 24.904, 24.409, 23.468, 22.787, 22.204, 21.278, 20.41, 20.206, 20.184, 19.34, 18.018, 17.456, 17.269, 16.806, 16.367, 16.159, 16.061, 15.392, 14.754, 14.785, 14.221, 13.875, 12.981, 11.28, 9.923, 8.841, 6.75, 3.791, 0.0, 5.139, 8.249, 9.046, 10.546, 11.532, 12.838, 14.312, 14.735, 15.009, 15.08, 15.155, 15.64, 16.063, 16.391, 17.52, 19.252, 20.517, 21.093, 21.785, 22.561, 22.961, 23.218, 23.2, 22.829, 22.455, 22.716, 23.181, 23.516, 23.971], [23.881, 24.174, 24.192, 23.633, 22.776, 22.312, 22.606, 22.994, 23.12, 23.182, 23.166, 23.113, 23.068, 23.085, 23.071, 23.407, 23.344, 22.707, 23.084, 23.978, 24.434, 24.675, 25.194, 25.528, 25.834, 26.075, 26.177, 25.946, 25.963, 25.491, 24.505, 23.785, 23.214, 22.265, 21.284, 21.057, 21.073, 20.306, 19.189, 18.812, 18.653, 18.183, 17.761, 17.573, 17.507, 16.734, 15.681, 15.315, 14.757, 14.314, 13.569, 12.585, 11.657, 10.855, 9.495, 7.805, 5.139, 0.0, 4.3, 5.924, 8.053, 9.348, 10.907, 12.617, 13.072, 13.487, 13.61, 13.847, 14.465, 15.165, 16.053, 17.549, 19.35, 20.629, 21.202, 21.902, 22.748, 23.232, 23.506, 23.473, 23.07, 22.584, 22.776, 23.245, 23.527, 23.899], [24.49, 24.766, 24.78, 24.232, 23.355, 22.81, 22.991, 23.293, 23.404, 23.471, 23.466, 23.462, 23.521, 23.629, 23.635, 23.976, 23.943, 23.346, 23.653, 24.487, 24.933, 25.193, 25.727, 26.112, 26.506, 26.794, 26.913, 26.653, 26.643, 26.183, 25.193, 24.463, 23.926, 23.025, 22.062, 21.84, 21.875, 21.188, 20.212, 19.93, 19.801, 19.361, 18.978, 18.808, 18.749, 17.96, 16.638, 15.901, 15.347, 14.826, 14.113, 13.403, 12.702, 12.013, 11.001, 9.977, 8.249, 4.3, 0.0, 2.996, 6.346, 8.292, 10.604, 12.565, 13.062, 13.595, 13.725, 13.962, 14.588, 15.387, 16.508, 18.104, 19.846, 21.08, 21.648, 22.367, 23.234, 23.726, 23.988, 23.941, 23.534, 23.008, 23.176, 23.683, 23.957, 24.275], [24.427, 24.695, 24.71, 24.149, 23.264, 22.733, 22.918, 23.209, 23.319, 23.395, 23.404, 23.424, 23.522, 23.672, 23.696, 24.043, 24.003, 23.371, 23.645, 24.474, 24.915, 25.18, 25.706, 26.091, 26.499, 26.802, 26.932, 26.663, 26.657, 26.198, 25.21, 24.497, 23.972, 23.086, 22.135, 21.916, 21.946, 21.245, 20.272, 20.007, 19.884, 19.473, 19.119, 18.938, 18.84, 18.027, 16.662, 15.917, 15.452, 14.991, 14.323, 13.675, 13.049, 12.388, 11.425, 10.527, 9.046, 5.924, 2.996, 0.0, 4.559, 7