[[0.0, 4.207, 6.601, 7.052, 8.749, 9.233, 9.258, 10.214, 11.871, 12.859, 13.321, 16.237, 17.95, 17.521, 17.777, 17.925, 17.75, 17.55, 17.661, 17.529, 16.928, 16.502, 16.457, 16.602, 16.644, 16.608, 16.681, 16.62, 16.364, 17.404, 18.313, 18.468, 18.599, 18.819, 19.115, 19.556, 20.177, 20.39, 20.3, 20.468, 19.991, 19.058, 18.695, 19.568, 20.277, 20.016, 19.573, 19.056, 18.998, 18.769, 18.244, 18.156, 18.219, 18.189, 18.543, 18.923, 19.252, 19.173, 18.872, 18.978, 18.878, 18.654, 18.534, 18.388, 18.174, 18.227, 18.581, 18.921, 19.027, 18.848, 18.55, 18.427, 18.499, 18.316, 18.097, 18.12, 18.222, 18.49, 18.588, 18.518, 18.244, 17.663, 17.454, 17.644, 17.799, 18.097], [4.207, 0.0, 3.574, 4.385, 6.294, 7.158, 7.408, 8.553, 10.729, 11.964, 12.419, 15.393, 17.216, 16.89, 17.132, 17.239, 17.064, 16.856, 16.963, 16.828, 16.211, 15.771, 15.752, 15.942, 16.026, 15.991, 16.111, 16.132, 15.891, 17.007, 17.937, 18.097, 18.242, 18.458, 18.823, 19.47, 20.168, 20.347, 20.271, 20.429, 19.942, 18.995, 18.565, 19.378, 20.024, 19.697, 19.201, 18.655, 18.599, 18.409, 17.905, 17.799, 17.873, 17.855, 18.21, 18.579, 18.902, 18.864, 18.616, 18.741, 18.621, 18.365, 18.244, 18.116, 17.921, 17.981, 18.311, 18.638, 18.749, 18.572, 18.31, 18.252, 18.363, 18.197, 17.993, 18.002, 18.07, 18.319, 18.407, 18.316, 18.066, 17.618, 17.502, 17.706, 17.863, 18.174], [6.601, 3.574, 0.0, 2.663, 5.22, 6.411, 6.927, 8.171, 10.578, 11.94, 12.359, 15.282, 17.09, 16.662, 16.816, 16.892, 16.74, 16.536, 16.659, 16.594, 15.997, 15.529, 15.491, 15.696, 15.791, 15.764, 15.942, 16.022, 15.778, 16.92, 17.858, 18.012, 18.184, 18.416, 18.681, 19.357, 20.187, 20.379, 20.274, 20.419, 19.903, 18.903, 18.364, 19.137, 19.779, 19.477, 19.07, 18.615, 18.579, 18.369, 17.801, 17.644, 17.729, 17.708, 18.084, 18.502, 18.854, 18.836, 18.577, 18.672, 18.521, 18.237, 18.104, 17.977, 17.793, 17.849, 18.156, 18.471, 18.591, 18.416, 18.17, 18.142, 18.284, 18.156, 17.981, 18.011, 18.115, 18.407, 18.481, 18.319, 17.99, 17.511, 17.393, 17.617, 17.794, 18.097], [7.052, 4.385, 2.663, 0.0, 3.48, 5.105, 5.909, 7.31, 9.712, 10.984, 11.433, 14.374, 16.188, 15.839, 16.062, 16.138, 15.994, 15.797, 15.88, 15.778, 15.205, 14.861, 15.017, 15.355, 15.482, 15.467, 15.651, 15.725, 15.491, 16.698, 17.665, 17.847, 18.031, 18.291, 18.663, 19.382, 20.199, 20.444, 20.389, 20.516, 19.971, 18.996, 18.56, 19.391, 20.061, 19.798, 19.413, 18.963, 18.877, 18.62, 18.031, 17.871, 17.958, 17.948, 18.334, 18.748, 19.057, 19.006, 18.749, 18.846, 18.692, 18.387, 18.217, 18.06, 17.846, 17.878, 18.197, 18.534, 18.662, 18.485, 18.255, 18.265, 18.428, 18.298, 18.116, 18.147, 18.243, 18.516, 18.589, 18.418, 18.074, 17.609, 17.536, 17.774, 17.936, 18.226], [8.749, 6.294, 5.22, 3.48, 0.0, 3.064, 4.964, 6.171, 8.421, 9.634, 10.113, 13.116, 15.086, 14.925, 15.22, 15.276, 15.179, 15.055, 15.117, 14.963, 14.465, 14.346, 14.685, 15.139, 15.299, 15.279, 15.453, 15.515, 15.319, 16.558, 17.519, 17.755, 17.964, 18.228, 18.733, 19.547, 20.289, 20.537, 20.63, 20.818, 20.247, 19.335, 19.044, 19.852, 20.467, 20.207, 19.818, 19.406, 19.287, 19.035, 18.519, 18.395, 18.48, 18.486, 18.837, 19.185, 19.449, 19.376, 19.136, 19.246, 19.116, 18.832, 18.668, 18.532, 18.308, 18.283, 18.565, 18.892, 19.016, 18.859, 18.687, 18.764, 18.955, 18.835, 18.641, 18.642, 18.692, 18.905, 18.948, 18.735, 18.38, 18.086, 18.186, 18.437, 18.56, 18.811], [9.233, 7.158, 6.411, 5.105, 3.064, 0.0, 3.101, 4.753, 6.998, 8.329, 8.86, 12.202, 14.36, 14.21, 14.512, 14.584, 14.515, 14.43, 14.511, 14.344, 13.873, 13.82, 14.231, 14.748, 14.929, 14.904, 15.061, 15.124, 14.913, 16.177, 17.153, 17.38, 17.601, 17.875, 18.398, 19.287, 20.069, 20.317, 20.491, 20.807, 20.244, 19.285, 18.985, 19.825, 20.51, 20.267, 19.825, 19.38, 19.256, 18.981, 18.412, 18.269, 18.35, 18.357, 18.72, 19.082, 19.315, 19.174, 18.879, 18.987, 18.873, 18.622, 18.488, 18.362, 18.144, 18.134, 18.421, 18.744, 18.871, 18.713, 18.539, 18.625, 18.83, 18.702, 18.491, 18.483, 18.545, 18.784, 18.83, 18.587, 18.211, 17.91, 18.009, 18.257, 18.38, 18.648], [9.258, 7.408, 6.927, 5.909, 4.964, 3.101, 0.0, 2.933, 6.185, 7.899, 8.465, 11.895, 13.951, 13.679, 13.966, 14.075, 13.936, 13.75, 13.835, 13.731, 13.262, 13.221, 13.655, 14.147, 14.309, 14.293, 14.439, 14.511, 14.296, 15.616, 16.603, 16.764, 16.948, 17.244, 17.748, 18.694, 19.525, 19.807, 20.009, 20.395, 19.907, 18.918, 18.583, 19.504, 20.283, 20.085, 19.626, 19.132, 18.992, 18.666, 18.013, 17.847, 17.937, 17.907, 18.273, 18.685, 18.934, 18.801, 18.487, 18.593, 18.466, 18.232, 18.139, 18.022, 17.808, 17.824, 18.122, 18.458, 18.594, 18.43, 18.235, 18.294, 18.493, 18.362, 18.159, 18.168, 18.26, 18.556, 18.64, 18.419, 18.01, 17.583, 17.59, 17.806, 17.939, 18.25], [10.214, 8.553, 8.171, 7.31, 6.171, 4.753, 2.933, 0.0, 4.357, 6.702, 7.132, 10.598, 12.715, 12.433, 12.736, 12.862, 12.745, 12.599, 12.818, 12.778, 12.369, 12.474, 12.922, 13.36, 13.496, 13.491, 13.656, 13.764, 13.619, 14.965, 15.917, 16.068, 16.24, 16.532, 17.067, 18.09, 18.911, 19.203, 19.507, 19.909, 19.416, 18.544, 18.406, 19.408, 20.208, 20.122, 19.737, 19.246, 19.04, 18.676, 18.03, 17.878, 17.987, 17.938, 18.248, 18.662, 18.957, 18.848, 18.552, 18.656, 18.531, 18.322, 18.249, 18.158, 17.953, 17.927, 18.165, 18.474, 18.597, 18.457, 18.325, 18.437, 18.657, 18.537, 18.338, 18.341, 18.422, 18.695, 18.762, 18.517, 18.045, 17.623, 17.68, 17.868, 17.981, 18.291], [11.871, 10.729, 10.578, 9.712, 8.421, 6.998, 6.185, 4.357, 0.0, 3.067, 3.652, 7.678, 10.361, 10.451, 10.992, 11.152, 11.233, 11.326, 11.524, 11.389, 11.272, 11.772, 12.451, 13.063, 13.259, 13.262, 13.396, 13.427, 13.242, 14.445, 15.361, 15.561, 15.75, 16.086, 16.732, 17.781, 18.535, 18.809, 19.26, 19.768, 19.282, 18.628, 18.956, 19.961, 20.688, 20.658, 20.325, 19.812, 19.5, 19.118, 18.552, 18.429, 18.539, 18.537, 18.833, 19.205, 19.427, 19.225, 18.886, 18.995, 18.922, 18.794, 18.775, 18.723, 18.508, 18.413, 18.616, 18.909, 19.007, 18.885, 18.83, 19.02, 19.257, 19.139, 18.93, 18.895, 18.906, 19.091, 19.13, 18.878, 18.402, 18.112, 18.353, 18.546, 18.621, 18.905], [12.859, 11.964, 11.94, 10.984, 9.634, 8.329, 7.899, 6.702, 3.067, 0.0, 2.137, 6.718, 9.73, 10.316, 11.092, 11.267, 11.471, 11.673, 11.666, 11.372, 11.432, 12.116, 12.942, 13.64, 13.863, 13.857, 13.931, 13.858, 13.64, 14.7, 15.575, 15.819, 16.018, 16.393, 17.128, 18.128, 18.801, 19.056, 19.549, 20.099, 19.65, 19.074, 19.588, 20.555, 21.201, 21.14, 20.787, 20.224, 19.865, 19.517, 19.057, 18.971, 19.064, 19.091, 19.365, 19.663, 19.808, 19.565, 19.243, 19.376, 19.348, 19.275, 19.27, 19.224, 19.005, 18.888, 19.104, 19.41, 19.511, 19.392, 19.355, 19.561, 19.781, 19.65, 19.427, 19.365, 19.319, 19.426, 19.463, 19.267, 18.886, 18.73, 19.061, 19.253, 19.299, 19.554], [13.321, 12.419, 12.359, 11.433, 10.113, 8.86, 8.465, 7.132, 3.652, 2.137, 0.0, 5.36, 8.702, 9.4, 10.263, 10.451, 10.693, 10.948, 11.048, 10.796, 10.886, 11.655, 12.479, 13.167, 13.39, 13.387, 13.459, 13.393, 13.202, 14.291, 15.171, 15.429, 15.642, 16.018, 16.769, 17.793, 18.478, 18.739, 19.271, 19.851, 19.394, 18.857, 19.437, 20.436, 21.112, 21.088, 20.753, 20.206, 19.837, 19.48, 19.014, 18.923, 19.014, 19.018, 19.257, 19.566, 19.746, 19.505, 19.167, 19.288, 19.262, 19.193, 19.189, 19.15, 18.922, 18.781, 18.983, 19.286, 19.383, 19.27, 19.247, 19.473, 19.706, 19.582, 19.366, 19.309, 19.265, 19.373, 19.406, 19.199, 18.804, 18.653, 18.997, 19.181, 19.22, 19.474], [16.237, 15.393, 15.282, 14.374, 13.116, 12.202, 11.895, 10.598, 7.678, 6.718, 5.36, 0.0, 4.149, 6.035, 7.399, 7.659, 8.251, 8.877, 8.969, 8.679, 9.393, 11.01, 12.203, 13.035, 13.321, 13.373, 13.45, 13.388, 13.271, 14.205, 14.953, 15.213, 15.387, 15.781, 16.706, 17.822, 18.392, 18.693, 19.396, 20.004, 19.586, 19.334, 20.376, 21.395, 21.982, 22.062, 21.845, 21.336, 20.845, 20.438, 20.005, 19.881, 19.959, 19.996, 20.206, 20.473, 20.604, 20.329, 19.995, 20.127, 20.175, 20.198, 20.239, 20.211, 19.92, 19.666, 19.804, 20.063, 20.126, 20.065, 20.179, 20.51, 20.77, 20.674, 20.485, 20.418, 20.325, 20.342, 20.321, 20.061, 19.634, 19.626, 20.116, 20.306, 20.329, 20.541], [17.95, 17.216, 17.09, 16.188, 15.086, 14.36, 13.951, 12.715, 10.361, 9.73, 8.702, 4.149, 0.0, 3.469, 5.397, 5.742, 6.575, 7.451, 7.55, 7.447, 8.769, 10.958, 12.329, 13.191, 13.5, 13.6, 13.689, 13.663, 13.61, 14.387, 14.985, 15.201, 15.312, 15.692, 16.715, 17.865, 18.309, 18.654, 19.405, 19.981, 19.634, 19.547, 20.843, 21.964, 22.544, 22.771, 22.697, 22.212, 21.613, 21.141, 20.686, 20.509, 20.568, 20.616, 20.819, 21.107, 21.248, 20.963, 20.644, 20.778, 20.854, 20.912, 20.97, 20.948, 20.637, 20.345, 20.446, 20.668, 20.722, 20.702, 20.896, 21.276, 21.543, 21.471, 21.32, 21.274, 21.188, 21.178, 21.128, 20.836, 20.385, 20.409, 20.917, 21.095, 21.116, 21.304], [17.521, 16.89, 16.662, 15.839, 14.925, 14.21, 13.679, 12.433, 10.451, 10.316, 9.4, 6.035, 3.469, 0.0, 2.443, 3.181, 4.322, 5.506, 6.129, 6.639, 8.09, 10.219, 11.441, 12.191, 12.476, 12.591, 12.748, 12.795, 12.784, 13.669, 14.29, 14.483, 14.611, 14.952, 15.826, 16.946, 17.475, 17.857, 18.575, 19.178, 18.857, 18.76, 19.986, 21.185, 21.877, 22.239, 22.292, 21.896, 21.335, 20.821, 20.295, 20.103, 20.178, 20.198, 20.396, 20.785, 21.049, 20.803, 20.446, 20.536, 20.561, 20.562, 20.606, 20.588, 20.305, 20.04, 20.127, 20.34, 20.4, 20.39, 20.562, 20.899, 21.147, 21.086, 20.956, 20.945, 20.935, 21.017, 20.983, 20.656, 20.133, 20.02, 20.401, 20.543, 20.586, 20.802], [17.777, 17.132, 16.816, 16.062, 15.22, 14.512, 13.966, 12.736, 10.992, 11.092, 10.263, 7.399, 5.397, 2.443, 0.0, 1.539, 3.25, 4.777, 5.885, 6.795, 8.216, 10.212, 11.29, 11.93, 12.197, 12.32, 12.539, 12.683, 12.697, 13.617, 14.216, 14.378, 14.525, 14.837, 15.596, 16.736, 17.332, 17.712, 18.406, 18.995, 18.691, 18.615, 19.795, 21.011, 21.741, 22.172, 22.289, 21.939, 21.41, 20.894, 20.347, 20.149, 20.236, 20.242, 20.414, 20.848, 21.189, 20.985, 20.641, 20.713, 20.7, 20.66, 20.689, 20.676, 20.419, 20.172, 20.233, 20.425, 20.493, 20.499, 20.673, 20.999, 21.244, 21.188, 21.065, 21.069, 21.093, 21.207, 21.172, 20.825, 20.27, 20.123, 20.456, 20.58, 20.631, 20.849], [17.925, 17.239, 16.892, 16.138, 15.276, 14.584, 14.075, 12.862, 11.152, 11.267, 10.451, 7.659, 5.742, 3.181, 1.539, 0.0, 2.283, 4.231, 5.571, 6.526, 8.005, 10.055, 11.092, 11.749, 12.038, 12.169, 12.402, 12.576, 12.597, 13.496, 14.118, 14.308, 14.459, 14.76, 15.533, 16.703, 17.316, 17.691, 18.378, 18.956, 18.643, 18.573, 19.745, 20.976, 21.716, 22.177, 22.307, 21.929, 21.368, 20.838, 20.28, 20.078, 20.171, 20.19, 20.377, 20.827, 21.191, 20.993, 20.66, 20.73, 20.694, 20.624, 20.634, 20.612, 20.346, 20.092, 20.157, 20.361, 20.438, 20.445, 20.631, 20.979, 21.239, 21.186, 21.061, 21.064, 21.094, 21.223, 21.192, 20.836, 20.276, 20.144, 20.491, 20.616, 20.668, 20.882], [17.75, 17.064, 16.74, 15.994, 15.179, 14.515, 13.936, 12.745, 11.233, 11.471, 10.693, 8.251, 6.575, 4.322, 3.25, 2.283, 0.0, 2.435, 4.458, 5.686, 7.307, 9.466, 10.481, 11.118, 11.399, 11.545, 11.762, 11.917, 11.933, 12.849, 13.508, 13.722, 13.849, 14.114, 14.904, 16.127, 16.777, 17.189, 17.86, 18.451, 18.161, 18.079, 19.177, 20.427, 21.209, 21.749, 21.918, 21.494, 20.888, 20.33, 19.777, 19.613, 19.72, 19.735, 19.92, 20.396, 20.809, 20.631, 20.303, 20.371, 20.31, 20.209, 20.191, 20.147, 19.871, 19.628, 19.732, 19.975, 20.064, 20.064, 20.234, 20.574, 20.836, 20.788, 20.672, 20.679, 20.728, 20.925, 20.943, 20.602, 20.051, 19.889, 20.186, 20.283, 20.335, 20.565], [17.55, 16.856, 16.536, 15.797, 15.055, 14.43, 13.75, 12.599, 11.326, 11.673, 10.948, 8.877, 7.451, 5.506, 4.777, 4.231, 2.435, 0.0, 2.907, 4.703, 6.471, 8.686, 9.835, 10.618, 10.91, 11.063, 11.277, 11.405, 11.401, 12.414, 13.142, 13.328, 13.367, 13.575, 14.336, 15.618, 16.343, 16.784, 17.428, 18.029, 17.77, 17.645, 18.653, 19.924, 20.733, 21.286, 21.45, 21.01, 20.407, 19.827, 19.259, 19.144, 19.279, 19.272, 19.453, 19.951, 20.385, 20.236, 19.932, 20.007, 19.931, 19.813, 19.787, 19.731, 19.443, 19.223, 19.372, 19.65, 19.749, 19.728, 19.86, 20.181, 20.441, 20.393, 20.285, 20.302, 20.37, 20.611, 20.667, 20.353, 19.821, 19.608, 19.832, 19.91, 19.961, 20.213], [17.661, 16.963, 16.659, 15.88, 15.117, 14.511, 13.835, 12.818, 11.524, 11.666, 11.048, 8.969, 7.55, 6.129, 5.885, 5.571, 4.458, 2.907, 0.0, 2.61, 5.331, 7.875, 9.553, 10.779, 11.171, 11.327, 11.521, 11.585, 11.579, 12.662, 13.467, 13.666, 13.653, 13.849, 14.64, 15.937, 16.687, 17.153, 17.808, 18.423, 18.16, 17.962, 18.966, 20.215, 20.944, 21.365, 21.431, 20.984, 20.412, 19.85, 19.294, 19.189, 19.324, 19.331, 19.554, 20.016, 20.346, 20.176, 19.904, 20.008, 19.953, 19.852, 19.829, 19.751, 19.435, 19.235, 19.444, 19.757, 19.861, 19.811, 19.902, 20.205, 20.457, 20.394, 20.272, 20.281, 20.326, 20.538, 20.601, 20.326, 19.837, 19.617, 19.825, 19.926, 19.972, 20.212], [17.529, 16.828, 16.594, 15.778, 14.963, 14.344, 13.731, 12.778, 11.389, 11.372, 10.796, 8.679, 7.447, 6.639, 6.795, 6.526, 5.686, 4.703, 2.61, 0.0, 3.844, 6.945, 9.011, 10.558, 11.035, 11.202, 11.379, 11.396, 11.361, 12.48, 13.35, 13.609, 13.618, 13.842, 14.736, 16.047, 16.78, 17.272, 17.957, 18.568, 18.256, 18.032, 19.084, 20.321, 21.003, 21.319, 21.289, 20.781, 20.209, 19.667, 19.14, 19.051, 19.176, 19.235, 19.525, 19.945, 20.19, 19.967, 19.685, 19.801, 19.77, 19.706, 19.697, 19.602, 19.25, 19.033, 19.286, 19.641, 19.755, 19.684, 19.75, 20.048, 20.298, 20.217, 20.077, 20.074, 20.094, 20.293, 20.368, 20.113, 19.656, 19.457, 19.714, 19.861, 19.907, 20.14], [16.928, 16.211, 15.997, 15.205, 14.465, 13.873, 13.262, 12.369, 11.272, 11.432, 10.886, 9.393, 8.769, 8.09, 8.216, 8.005, 7.307, 6.471, 5.331, 3.844, 0.0, 3.97, 6.907, 8.923, 9.537, 9.743, 9.948, 10.056, 10.143, 11.456, 12.443, 12.754, 12.773, 12.958, 13.87, 15.302, 16.113, 16.605, 17.279, 17.838, 17.462, 17.18, 18.233, 19.594, 20.371, 20.695, 20.621, 20.055, 19.493, 18.927, 18.317, 18.198, 18.33, 18.422, 18.853, 19.369, 19.633, 19.408, 19.143, 19.252, 19.18, 19.082, 19.055, 18.952, 18.581, 18.358, 18.636, 19.032, 19.176, 19.088, 19.115, 19.392, 19.651, 19.569, 19.423, 19.436, 19.475, 19.701, 19.793, 19.545, 19.09, 18.857, 19.114, 19.299, 19.36, 19.618], [16.502, 15.771, 15.529, 14.861, 14.346, 13.82, 13.221, 12.474, 11.772, 12.116, 11.655, 11.01, 10.958, 10.219, 10.212, 10.055, 9.466, 8.686, 7.875, 6.945, 3.97, 0.0, 4.207, 7.091, 7.929, 8.152, 8.44, 8.725, 8.951, 10.523, 11.648, 11.974, 12.007, 12.126, 12.902, 14.427, 15.485, 16.021, 16.592, 17.083, 16.652, 16.274, 17.275, 18.775, 19.635, 19.968, 19.901, 19.329, 18.821, 18.239, 17.554, 17.429, 17.589, 17.663, 18.199, 18.89, 19.245, 19.068, 18.829, 18.943, 18.837, 18.698, 18.653, 18.537, 18.178, 18.015, 18.333, 18.742, 18.887, 18.767, 18.72, 18.933, 19.178, 19.102, 18.972, 19.006, 19.066, 19.334, 19.455, 19.215, 18.763, 18.485, 18.673, 18.87, 18.956, 19.254], [16.457, 15.752, 15.491, 15.017, 14.685, 14.231, 13.655, 12.922, 12.451, 12.942, 12.479, 12.203, 12.329, 11.441, 11.29, 11.092, 10.481, 9.835, 9.553, 9.011, 6.907, 4.207, 0.0, 3.679, 4.841, 5.077, 5.538, 6.15, 6.548, 8.436, 9.747, 10.179, 10.387, 10.494, 11.191, 12.794, 14.039, 14.638, 15.173, 15.651, 15.241, 14.961, 16.077, 17.758, 18.707, 19.175, 19.248, 18.715, 18.259, 17.732, 17.11, 17.052, 17.233, 17.267, 17.719, 18.496, 19.102, 19.06, 18.847, 18.966, 18.849, 18.685, 18.644, 18.56, 18.23, 18.058, 18.352, 18.728, 18.841, 18.729, 18.661, 18.813, 19.028, 18.952, 18.823, 18.852, 18.905, 19.19, 19.336, 19.109, 18.655, 18.384, 18.553, 18.72, 18.817, 19.148], [16.602, 15.942, 15.696, 15.355, 15.139, 14.748, 14.147, 13.36, 13.063, 13.64, 13.167, 13.035, 13.191, 12.191, 11.93, 11.749, 11.118, 10.618, 10.779, 10.558, 8.923, 7.091, 3.679, 0.0, 1.487, 1.859, 2.628, 3.854, 4.751, 6.852, 8.118, 8.608, 9.029, 9.178, 9.823, 11.497, 12.745, 13.327, 13.875, 14.311, 13.974, 13.845, 15.066, 16.923, 17.939, 18.593, 18.882, 18.416, 18.006, 17.563, 17.063, 17.056, 17.242, 17.221, 17.499, 18.24, 19.081, 19.206, 19.044, 19.17, 19.051, 18.881, 18.82, 18.76, 18.489, 18.322, 18.569, 18.905, 19.005, 18.923, 18.866, 18.986, 19.179, 19.102, 18.97, 18.986, 19.02, 19.295, 19.456, 19.255, 18.811, 18.565, 18.737, 18.853, 18.947, 19.289], [16.644, 16.026, 15.791, 15.482, 15.299, 14.929, 14.309, 13.496, 13.259, 13.863, 13.39, 13.321, 13.5, 12.476, 12.197, 12.038, 11.399, 10.91, 11.171, 11.035, 9.537, 7.929, 4.841, 1.487, 0.0, 0.689, 1.748, 3.185, 4.394, 6.618, 7.834, 8.31, 8.763, 8.908, 9.483, 11.1, 12.342, 12.926, 13.489, 13.91, 13.594, 13.503, 14.734, 16.623, 17.643, 18.356, 18.733, 18.314, 17.93, 17.521, 17.086, 17.117, 17.306, 17.255, 17.454, 18.164, 19.076, 19.259, 19.117, 19.244, 19.125, 18.953, 18.875, 18.816, 18.564, 18.399, 18.63, 18.959, 19.059, 18.99, 18.937, 19.046, 19.229, 19.152, 19.026, 19.044, 19.075, 19.355, 19.528, 19.337, 18.903, 18.675, 18.852, 18.95, 19.04, 19.385], [16.608, 15.991, 15.764, 15.467, 15.279, 14.904, 14.293, 13.491, 13.262, 13.857, 13.387, 13.373, 13.6, 12.591, 12.32, 12.169, 11.545, 11.063, 11.327, 11.202, 9.743, 8.152, 5.077, 1.859, 0.689, 0.0, 1.427, 2.956, 4.222, 6.515, 7.745, 8.223, 8.692, 8.854, 9.442, 11.05, 12.289, 12.855, 13.417, 13.844, 13.525, 13.429, 14.661, 16.553, 17.576, 18.288, 18.668, 18.25, 17.872, 17.474, 17.058, 17.105, 17.297, 17.243, 17.429, 18.135, 19.056, 19.243, 19.101, 19.229, 19.108, 18.928, 18.848, 18.792, 18.545, 18.381, 18.61, 18.941, 19.042, 18.973, 18.917, 19.021, 19.199, 19.121, 18.998, 19.014, 19.039, 19.318, 19.495, 19.309, 18.888, 18.678, 18.863, 18.961, 19.05, 19.394], [16.681, 16.111, 15.942, 15.651, 15.453, 15.061, 14.439, 13.656, 13.396, 13.931, 13.459, 13.45, 13.689, 12.748, 12.539, 12.402, 11.762, 11.277, 11.521, 11.379, 9.948, 8.44, 5.538, 2.628, 1.748, 1.427, 0.0, 1.886, 3.665, 5.99, 7.211, 7.736, 8.253, 8.492, 9.219, 10.78, 11.942, 12.521, 13.132, 13.621, 13.361, 13.294, 14.531, 16.426, 17.441, 18.164, 18.58, 18.167, 17.764, 17.378, 17.024, 17.104, 17.294, 17.238, 17.404, 18.089, 19.01, 19.194, 19.054, 19.184, 19.07, 18.903, 18.815, 18.76, 18.519, 18.359, 18.598, 18.941, 19.047, 18.975, 18.911, 19.006, 19.171, 19.091, 18.971, 18.98, 18.992, 19.272, 19.461, 19.29, 18.896, 18.72, 18.917, 18.998, 19.081, 19.426], [16.62, 16.132, 16.022, 15.725, 15.515, 15.124, 14.511, 13.764, 13.427, 13.858, 13.393, 13.388, 13.663, 12.795, 12.683, 12.576, 11.917, 11.405, 11.585, 11.396, 10.056, 8.725, 6.15, 3.854, 3.185, 2.956, 1.886, 0.0, 2.599, 5.209, 6.527, 7.119, 7.692, 8.091, 8.974, 10.375, 11.459, 12.078, 12.74, 13.33, 13.153, 13.08, 14.292, 16.122, 17.074, 17.798, 18.254, 17.85, 17.429, 17.081, 16.839, 16.995, 17.183, 17.128, 17.268, 17.911, 18.81, 18.973, 18.806, 18.925, 18.824, 18.697, 18.633, 18.588, 18.357, 18.194, 18.443, 18.798, 18.898, 18.818, 18.741, 18.816, 18.952, 18.872, 18.76, 18.764, 18.776, 19.085, 19.305, 19.147, 18.779, 18.639, 18.862, 18.936, 19.009, 19.356], [16.364, 15.891, 15.778, 15.491, 15.319, 14.913, 14.296, 13.619, 13.242, 13.64, 13.202, 13.271, 13.61, 12.784, 12.697, 12.597, 11.933, 11.401, 11.579, 11.361, 10.143, 8.951, 6.548, 4.751, 4.394, 4.222, 3.665, 2.599, 0.0, 3.485, 5.188, 5.729, 6.361, 6.956, 8.005, 9.469, 10.636, 11.308, 11.96, 12.562, 12.409, 12.308, 13.639, 15.595, 16.584, 17.357, 17.82, 17.359, 16.914, 16.56, 16.319, 16.501, 16.695, 16.672, 16.84, 17.497, 18.383, 18.499, 18.252, 18.358, 18.282, 18.227, 18.274, 18.255, 18.007, 17.843, 18.123, 18.505, 18.601, 18.508, 18.409, 18.466, 18.596, 18.512, 18.397, 18.401, 18.422, 18.755, 18.992, 18.829, 18.444, 18.264, 18.495, 18.593, 18.668, 19.02], [17.404, 17.007, 16.92, 16.698, 16.558, 16.177, 15.616, 14.965, 14.445, 14.7, 14.291, 14.205, 14.387, 13.669, 13.617, 13.496, 12.849, 12.414, 12.662, 12.48, 11.456, 10.523, 8.436, 6.852, 6.618, 6.515, 5.99, 5.209, 3.485, 0.0, 2.25, 3.358, 4.29, 5.252, 6.771, 8.186, 9.215, 9.993, 10.733, 11.459, 11.464, 11.646, 13.481, 15.61, 16.59, 17.551, 18.163, 17.695, 17.173, 16.809, 16.659, 16.869, 17.058, 17.084, 17.25, 17.899, 18.797, 18.866, 18.583, 18.69, 18.684, 18.734, 18.848, 18.85, 18.578, 18.37, 18.661, 19.068, 19.158, 19.068, 18.988, 19.05, 19.164, 19.102, 19.01, 18.999, 18.994, 19.291, 19.515, 19.362, 18.982, 18.817, 19.084, 19.184, 19.241, 19.565], [18.313, 17.937, 17.858, 17.665, 17.519, 17.153, 16.603, 15.917, 15.361, 15.575, 15.171, 14.953, 14.985, 14.29, 14.216, 14.118, 13.508, 13.142, 13.467, 13.35, 12.443, 11.648, 9.747, 8.118, 7.834, 7.745, 7.211, 6.527, 5.188, 2.25, 0.0, 1.913, 3.348, 4.626, 6.417, 7.81, 8.617, 9.433, 10.26, 11.011, 11.185, 11.585, 13.605, 15.768, 16.712, 17.814, 18.584, 18.133, 17.55, 17.194, 17.12, 17.335, 17.517, 17.536, 17.645, 18.264, 19.194, 19.297, 19.037, 19.152, 19.19, 19.318, 19.477, 19.496, 19.245, 19.044, 19.307, 19.684, 19.762, 19.688, 19.64, 19.721, 19.832, 19.783, 19.706, 19.694, 19.671, 19.933, 20.14, 19.989, 19.616, 19.484, 19.759, 19.827, 19.869, 20.172], [18.468, 18.097, 18.012, 17.847, 17.755, 17.38, 16.764, 16.068, 15.561, 15.819, 15.429, 15.213, 15.201, 14.483, 14.378, 14.308, 13.722, 13.328, 13.666, 13.609, 12.754, 11.974, 10.179, 8.608, 8.31, 8.223, 7.736, 7.119, 5.729, 3.358, 1.913, 0.0, 2.0, 3.81, 5.786, 7.3, 8.127, 8.922, 9.768, 10.582, 10.925, 11.38, 13.352, 15.547, 16.505, 17.684, 18.533, 18.075, 17.465, 17.1, 17.02, 17.245, 17.441, 17.428, 17.503, 18.135, 19.081, 19.208, 18.957, 19.076, 19.131, 19.299, 19.524, 19.56, 19.327, 19.177, 19.444, 19.803, 19.879, 19.809, 19.762, 19.841, 19.955, 19.904, 19.823, 19.817, 19.809, 20.085, 20.293, 20.135, 19.737, 19.569, 19.809, 19.857, 19.896, 20.203], [18.599, 18.242, 18.184, 18.031, 17.964, 17.601, 16.948, 16.24, 15.75, 16.018, 15.642, 15.387, 15.312, 14.611, 14.525, 14.459, 13.849, 13.367, 13.653, 13.618, 12.773, 12.007, 10.387, 9.029, 8.763, 8.692, 8.253, 7.692, 6.361, 4.29, 3.348, 2.0, 0.0, 2.379, 4.819, 6.558, 7.391, 8.185, 9.064, 9.956, 10.458, 10.998, 13.062, 15.341, 16.297, 17.526, 18.407, 17.954, 17.34, 16.963, 16.888, 17.126, 17.339, 17.317, 17.393, 18.049, 18.973, 19.098, 18.87, 19.001, 19.065, 19.247, 19.493, 19.526, 19.28, 19.151, 19.448, 19.82, 19.894, 19.821, 19.777, 19.863, 19.983, 19.93, 19.849, 19.844, 19.843, 20.132, 20.348, 20.192, 19.789, 19.599, 19.818, 19.845, 19.877, 20.197], [18.819, 18.458, 18.416, 18.291, 18.228, 17.875, 17.244, 16.532, 16.086, 16.393, 16.018, 15.781, 15.692, 14.952, 14.837, 14.76, 14.114, 13.575, 13.849, 13.842, 12.958, 12.126, 10.494, 9.178, 8.908, 8.854, 8.492, 8.091, 6.956, 5.252, 4.626, 3.81, 2.379, 0.0, 3.179, 5.467, 6.385, 7.216, 8.207, 9.195, 9.772, 10.444, 12.642, 15.022, 16.034, 17.358, 18.299, 17.897, 17.341, 16.985, 16.893, 17.115, 17.341, 17.328, 17.408, 18.096, 19.049, 19.203, 19.017, 19.161, 19.211, 19.357, 19.572, 19.588, 19.322, 19.187, 19.499, 19.881, 19.947, 19.879, 19.846, 19.945, 20.075, 20.022, 19.942, 19.94, 19.938, 20.233, 20.456, 20.304, 19.904, 19.712, 19.908, 19.905, 19.929, 20.268], [19.115, 18.823, 18.681, 18.663, 18.733, 18.398, 17.748, 17.067, 16.732, 17.128, 16.769, 16.706, 16.715, 15.826, 15.596, 15.533, 14.904, 14.336, 14.64, 14.736, 13.87, 12.902, 11.191, 9.823, 9.483, 9.442, 9.219, 8.974, 8.005, 6.771, 6.417, 5.786, 4.819, 3.179, 0.0, 3.462, 5.421, 6.315, 7.259, 8.399, 9.147, 9.822, 11.923, 14.333, 15.425, 16.887, 18.016, 17.855, 17.5, 17.19, 17.034, 17.229, 17.477, 17.426, 17.485, 18.241, 19.274, 19.485, 19.307, 19.434, 19.449, 19.542, 19.727, 19.734, 19.484, 19.366, 19.649, 19.993, 20.05, 19.995, 19.95, 20.025, 20.157, 20.114, 20.045, 20.061, 20.099, 20.435, 20.666, 20.495, 20.04, 19.759, 19.866, 19.822, 19.858, 20.227], [19.556, 19.47, 19.357, 19.382, 19.547, 19.287, 18.694, 18.09, 17.781, 18.128, 17.793, 17.822, 17.865, 16.946, 16.736, 16.703, 16.127, 15.618, 15.937, 16.047, 15.302, 14.427, 12.794, 11.497, 11.1, 11.05, 10.78, 10.375, 9.469, 8.186, 7.81, 7.3, 6.558, 5.467, 3.462, 0.0, 3.345, 5.058, 6.042, 7.627, 8.709, 9.568, 11.754, 14.05, 15.087, 16.631, 17.956, 18.048, 17.792, 17.525, 17.502, 17.784, 18.024, 17.959, 17.982, 18.728, 19.796, 19.995, 19.762, 19.859, 19.906, 20.024, 20.213, 20.232, 19.987, 19.85, 20.121, 20.457, 20.508, 20.463, 20.414, 20.452, 20.544, 20.516, 20.474, 20.496, 20.561, 20.921, 21.143, 20.952, 20.475, 20.165, 20.243, 20.183, 20.217, 20.576], [20.177, 20.168, 20.187, 20.199, 20.289, 20.069, 19.525, 18.911, 18.535, 18.801, 18.478, 18.392, 18.309, 17.475, 17.332, 17.316, 16.777, 16.343, 16.687, 16.78, 16.113, 15.485, 14.039, 12.745, 12.342, 12.289, 11.942, 11.459, 10.636, 9.215, 8.617, 8.127, 7.391, 6.385, 5.421, 3.345, 0.0, 2.896, 4.659, 6.751, 8.264, 9.624, 12.181, 14.418, 15.361, 17.023, 18.462, 18.496, 18.091, 17.835, 17.966, 18.281, 18.491, 18.447, 18.419, 19.097, 20.178, 20.386, 20.153, 20.258, 20.365, 20.554, 20.784, 20.846, 20.614, 20.442, 20.697, 21.04, 21.083, 21.059, 21.063, 21.132, 21.212, 21.197, 21.176, 21.189, 21.225, 21.544, 21.751, 21.572, 21.138, 20.926, 21.083, 21.037, 21.048, 21.361], [20.39, 20.347, 20.379, 20.444, 20.537, 20.317, 19.807, 19.203, 18.809, 19.056, 18.739, 18.693, 18.654, 17.857, 17.712, 17.691, 17.189, 16.784, 17.153, 17.272, 16.605, 16.021, 14.638, 13.327, 12.926, 12.855, 12.521, 12.078, 11.308, 9.993, 9.433, 8.922, 8.185, 7.216, 6.315, 5.058, 2.896, 0.0, 2.94, 5.798, 7.703, 9.318, 11.943, 14.155, 15.095, 16.879, 18.374, 18.317, 17.833, 17.586, 17.728, 18.029, 18.241, 18.185, 18.115, 18.785, 19.889, 20.118, 19.913, 20.031, 20.139, 20.34, 20.605, 20.718, 20.535, 20.382, 20.606, 20.926, 20.964, 20.943, 20.971, 21.074, 21.179, 21.177, 21.156, 21.17, 21.204, 21.525, 21.746, 21.596, 21.182, 20.987, 21.175, 21.128, 21.134, 21.444], [20.3, 20.271, 20.274, 20.389, 20.63, 20.491, 20.009, 19.507, 19.26, 19.549, 19.271, 19.396, 19.405, 18.575, 18.406, 18.378, 17.86, 17.428, 17.808, 17.957, 17.279, 16.592, 15.173, 13.875, 13.489, 13.417, 13.132, 12.74, 11.96, 10.733, 10.26, 9.768, 9.064, 8.207, 7.259, 6.042, 4.659, 2.94, 0.0, 3.876, 6.479, 8.226, 10.908, 13.279, 14.279, 16.184, 17.805, 17.826, 17.379, 17.117, 17.258, 17.577, 17.801, 17.732, 17.653, 18.359, 19.506, 19.746, 19.537, 19.647, 19.732, 19.907, 20.174, 20.302, 20.147, 20.042, 20.283, 20.595, 20.628, 20.588, 20.582, 20.667, 20.785, 20.809, 20.82, 20.856, 20.921, 21.273, 21.506, 21.362, 20.947, 20.729, 20.904, 20.859, 20.871, 21.195], [20.468, 20.429, 20.419, 20.516, 20.818, 20.807, 20.395, 19.909, 19.768, 20.099, 19.851, 20.004, 19.981, 19.178, 18.995, 18.956, 18.451, 18.029, 18.423, 18.568, 17.838, 17.083, 15.651, 14.311, 13.91, 13.844, 13.621, 13.33, 12.562, 11.459, 11.011, 10.582, 9.956, 9.195, 8.399, 7.627, 6.751, 5.798, 3.876, 0.0, 3.791, 6.437, 9.897, 12.898, 14.103, 16.116, 17.83, 17.895, 17.473, 17.183, 17.251, 17.532, 17.758, 17.669, 17.574, 18.284, 19.49, 19.803, 19.674, 19.8, 19.833, 19.944, 20.166, 20.278, 20.13, 20.033, 20.255, 20.543, 20.576, 20.536, 20.528, 20.628, 20.787, 20.836, 20.873, 20.939, 20.978, 21.248, 21.449, 21.3, 20.899, 20.734, 20.972, 20.96, 20.98, 21.288], [19.991, 19.942, 19.903, 19.971, 20.247, 20.244, 19.907, 19.416, 19.282, 19.65, 19.394, 19.586, 19.634, 18.857, 18.691, 18.643, 18.161, 17.77, 18.16, 18.256, 17.462, 16.652, 15.241, 13.974, 13.594, 13.525, 13.361, 13.153, 12.409, 11.464, 11.185, 10.925, 10.458, 9.772, 9.147, 8.709, 8.264, 7.703, 6.479, 3.791, 0.0, 4.025, 8.894, 12.505, 14.016, 16.01, 17.605, 17.599, 17.169, 16.831, 16.741, 16.952, 17.173, 17.112, 17.118, 17.868, 19.055, 19.331, 19.187, 19.308, 19.308, 19.365, 19.537, 19.62, 19.432, 19.29, 19.538, 19.89, 19.942, 19.871, 19.842, 19.969, 20.173, 20.241, 20.302, 20.406, 20.438, 20.668, 20.852, 20.682, 20.246, 20.075, 20.388, 20.459, 20.494, 20.79], [19.058, 18.995, 18.903, 18.996, 19.335, 19.285, 18.918, 18.544, 18.628, 19.074, 18.857, 19.334, 19.547, 18.76, 18.615, 18.573, 18.079, 17.645, 17.962, 18.032, 17.18, 16.274, 14.961, 13.845, 13.503, 13.429, 13.294, 13.08, 12.308, 11.646, 11.585, 11.38, 10.998, 10.444, 9.822, 9.568, 9.624, 9.318, 8.226, 6.437, 4.025, 0.0, 6.277, 10.918, 12.677, 14.613, 16.254, 16.314, 15.982, 15.636, 15.477, 15.684, 15.899, 15.833, 15.927, 16.711, 17.875, 18.147, 18.013, 18.147, 18.121, 18.195, 18.395, 18.453, 18.234, 18.131, 18.509, 18.981, 19.079, 18.946, 18.814, 18.886, 19.082, 19.146, 19.228, 19.404, 19.531, 19.85, 20.073, 19.915, 19.464, 19.174, 19.372, 19.433, 19.477, 19.801], [18.695, 18.565, 18.364, 18.56, 19.044, 18.985, 18.583, 18.406, 18.956, 19.588, 19.437, 20.376, 20.843, 19.986, 19.795, 19.745, 19.177, 18.653, 18.966, 19.084, 18.233, 17.275, 16.077, 15.066, 14.734, 14.661, 14.531, 14.292, 13.639, 13.481, 13.605, 13.352, 13.062, 12.642, 11.923, 11.754, 12.181, 11.943, 10.908, 9.897, 8.894, 6.277, 0.0, 6.309, 9.16, 11.393, 13.614, 14.238, 14.397, 14.272, 14.236, 14.618, 14.855, 14.701, 14.734, 15.476, 16.775, 17.239, 17.208, 17.303, 17.16, 17.2, 17.44, 17.525, 17.41, 17.448, 17.876, 18.367, 18.499, 18.347, 18.102, 18.054, 18.213, 18.275, 18.371, 18.63, 18.971, 19.536, 19.832, 19.665, 19.19, 18.776, 18.738, 18.673, 18.719, 19.109], [19.568, 19.378, 19.137, 19.391, 19.852, 19.825, 19.504, 19.408, 19.961, 20.555, 20.436, 21.395, 21.964, 21.185, 21.011, 20.976, 20.427, 19.924, 20.215, 20.321, 19.594, 18.775, 17.758, 16.923, 16.623, 16.553, 16.426, 16.122, 15.595, 15.61, 15.768, 15.547, 15.341, 15.022, 14.333, 14.05, 14.418, 14.155, 13.279, 12.898, 12.505, 10.918, 6.309, 0.0, 4.588, 8.086, 11.57, 13.097, 13.886, 14.177, 14.584, 15.229, 15.473, 15.322, 15.269, 15.878, 17.204, 17.75, 17.716, 17.741, 17.574, 17.649, 17.958, 18.108, 18.098, 18.185, 18.557, 18.998, 19.119, 18.986, 18.724, 18.573, 18.643, 18.711, 18.825, 19.056, 19.492, 20.175, 20.491, 20.356, 19.929, 19.547, 19.409, 19.253, 19.283, 19.674], [20.277, 20.024, 19.779, 20.061, 20.467, 20.51, 20.283, 20.208, 20.688, 21.201, 21.112, 21.982, 22.544, 21.877, 21.741, 21.716, 21.209, 20.733, 20.944, 21.003, 20.371, 19.635, 18.707, 17.939, 17.643, 17.576, 17.441, 17.074, 16.584, 16.59, 16.712, 16.505, 16.297, 16.034, 15.425, 15.087, 15.361, 15.095, 14.279, 14.103, 14.016, 12.677, 9.16, 4.588, 0.0, 5.165, 9.891, 11.97, 13.069, 13.68, 14.626, 15.525, 15.798, 15.672, 15.499, 15.934, 17.201, 17.864, 17.996, 18.113, 18.037, 18.228, 18.613, 18.785, 18.794, 18.909, 19.314, 19.763, 19.874, 19.731, 19.45, 19.245, 19.228, 19.27, 19.386, 19.564, 19.929, 20.587, 20.931, 20.884, 20.565, 20.285, 20.184, 20.019, 20.031, 20.383], [20.016, 19.697, 19.477, 19.798, 20.207, 20.267, 20.085, 20.122, 20.658, 21.14, 21.088, 22.062, 22.771, 22.239, 22.172, 22.177, 21.749, 21.286, 21.365, 21.319, 20.695, 19.968, 19.175, 18.593, 18.356, 18.288, 18.164, 17.798, 17.357, 17.551, 17.814, 17.684, 17.526, 17.358, 16.887, 16.631, 17.023, 16.879, 16.184, 16.116, 16.01, 14.613, 11.393, 8.086, 5.165, 0.0, 5.657, 9.125, 11.199, 12.244, 13.649, 14.835, 15.114, 14.951, 14.69, 14.921, 16.133, 16.948, 17.289, 17.534, 17.518, 17.766, 18.198, 18.418, 18.477, 18.667, 19.137, 19.606, 19.727, 19.547, 19.175, 18.863, 18.766, 18.787, 18.922, 19.095, 19.432, 20.124, 20.558, 20.616, 20.428, 20.273, 20.236, 20.106, 20.118, 20.47], [19.573, 19.201, 19.07, 19.413, 19.818, 19.825, 19.626, 19.737, 20.325, 20.787, 20.753, 21.845, 22.697, 22.292, 22.289, 22.307, 21.918, 21.45, 21.431, 21.289, 20.621, 19.901, 19.248, 18.882, 18.733, 18.668, 18.58, 18.254, 17.82, 18.163, 18.584, 18.533, 18.407, 18.299, 18.016, 17.956, 18.462, 18.374, 17.805, 17.83, 17.605, 16.254, 13.614, 11.57, 9.891, 5.657, 0.0, 5.45, 8.961, 10.485, 12.093, 13.486, 13.729, 13.521, 13.224, 13.315, 14.495, 15.359, 15.828, 16.195, 16.255, 16.577, 17.095, 17.399, 17.502, 17.747, 18.28, 18.791, 18.937, 18.728, 18.265, 17.844, 17.662, 17.631, 17.768, 17.94, 18.257, 19.025, 19.603, 19.82, 19.854, 19.892, 19.969, 19.913, 19.93, 20.278], [19.056, 18.655, 18.615, 18.963, 19.406, 19.38, 19.132, 19.246, 19.812, 20.224, 20.206, 21.336, 22.212, 21.896, 21.939, 21.929, 21.494, 21.01, 20.984, 20.781, 20.055, 19.329, 18.715, 18.416, 18.314, 18.25, 18.167, 17.85, 17.359, 17.695, 18.133, 18.075, 17.954, 17.897, 17.855, 18.048, 18.496, 18.317, 17.826, 17.895, 17.599, 16.314, 14.238, 13.097, 11.97, 9.125, 5.45, 0.0, 4.452, 6.654, 8.643, 10.327, 10.575, 10.434, 10.183, 10.197, 11.525, 12.571, 13.265, 13.814, 13.984, 14.49, 15.232, 15.654, 15.768, 16.021, 16.627, 17.259, 17.458, 17.23, 16.751, 16.363, 16.193, 16.135, 16.287, 16.472, 16.749, 17.579, 18.291, 18.683, 19.024, 19.353, 19.613, 19.636, 19.667, 20.006], [18.998, 18.599, 18.579, 18.877, 19.287, 19.256, 18.992, 19.04, 19.5, 19.865, 19.837, 20.845, 21.613, 21.335, 21.41, 21.368, 20.888, 20.407, 20.412, 20.209, 19.493, 18.821, 18.259, 18.006, 17.93, 17.872, 17.764, 17.429, 16.914, 17.173, 17.55, 17.465, 17.34, 17.341, 17.5, 17.792, 18.091, 17.833, 17.379, 17.473, 17.169, 15.982, 14.397, 13.886, 13.069, 11.199, 8.961, 4.452, 0.0, 2.952, 5.86, 7.881, 8.162, 8.197, 8.132, 8.294, 9.735, 10.795, 11.624, 12.324, 12.594, 13.231, 14.143, 14.667, 14.768, 14.987, 15.628, 16.334, 16.562, 16.333, 15.933, 15.708, 15.648, 15.642, 15.837, 16.051, 16.322, 17.165, 17.887, 18.275, 18.687, 19.179, 19.588, 19.67, 19.702, 20.01], [18.769, 18.409, 18.369, 18.62, 19.035, 18.981, 18.666, 18.676, 19.118, 19.517, 19.48, 20.438, 21.141, 20.821, 20.894, 20.838, 20.33, 19.827, 19.85, 19.667, 18.927, 18.239, 17.732, 17.563, 17.521, 17.474, 17.378, 17.081, 16.56, 16.809, 17.194, 17.1, 16.963, 16.985, 17.19, 17.525, 17.835, 17.586, 17.117, 17.183, 16.831, 15.636, 14.272, 14.177, 13.68, 12.244, 10.485, 6.654, 2.952, 0.0, 3.698, 6.136, 6.563, 6.76, 7.088, 7.678, 9.142, 10.039, 10.821, 11.561, 11.854, 12.509, 13.471, 14.022, 14.093, 14.332, 15.042, 15.819, 16.083, 15.838, 15.437, 15.273, 15.297, 15.348, 15.591, 15.868, 16.2, 17.046, 17.72, 18.056, 18.417, 18.838, 19.234, 19.37, 19.432, 19.729], [18.244, 17.905, 17.801, 18.031, 18.519, 18.412, 18.013, 18.03, 18.552, 19.057, 19.014, 20.005, 20.686, 20.295, 20.347, 20.28, 19.777, 19.259, 19.294, 19.14, 18.317, 17.554, 17.11, 17.063, 17.086, 17.058, 17.024, 16.839, 16.319, 16.659, 17.12, 17.02, 16.888, 16.893, 17.034, 17.502, 17.966, 17.728, 17.258, 17.251, 16.741, 15.477, 14.236, 14.584, 14.626, 13.649, 12.093, 8.643, 5.86, 3.698, 0.0, 2.94, 3.815, 4.409, 5.747, 7.104, 8.674, 9.39, 10.035, 10.756, 10.932, 11.45, 12.415, 12.98, 13.006, 13.251, 13.957, 14.76, 15.08, 14.841, 14.456, 14.4, 14.559, 14.619, 14.852, 15.213, 15.642, 16.492, 17.096, 17.357, 17.694, 18.08, 18.455, 18.641, 18.765, 19.087], [18.156, 17.799, 17.644, 17.871, 18.395, 18.269, 17.847, 17.878, 18.429, 18.971, 18.923, 19.881, 20.509, 20.103, 20.149, 20.078, 19.613, 19.144, 19.189, 19.051, 18.198, 17.429, 17.052, 17.056, 17.117, 17.105, 17.104, 16.995, 16.501, 16.869, 17.335, 17.245, 17.126, 17.115, 17.229, 17.784, 18.281, 18.029, 17.577, 17.532, 16.952, 15.684, 14.618, 15.229, 15.525, 14.835, 13.486, 10.327, 7.881, 6.136, 2.94, 0.0, 1.569, 3.089, 5.386, 7.123, 8.62, 9.241, 9.849, 10.587, 10.729, 11.16, 12.075, 12.632, 12.639, 12.86, 13.503, 14.272, 14.609, 14.387, 14.067, 14.14, 14.393, 14.444, 14.648, 15.031, 15.479, 16.292, 16.836, 17.045, 17.372, 17.781, 18.188, 18.402, 18.555, 18.884], [18.219, 17.873, 17.729, 17.958, 18.48, 18.35, 17.937, 17.987, 18.539, 19.064, 19.014, 19.959, 20.568, 20.178, 20.236, 20.171, 19.72, 19.279, 19.324, 19.176, 18.33, 17.589, 17.233, 17.242, 17.306, 17.297, 17.294, 17.183, 16.695, 17.058, 17.517, 17.441, 17.339, 17.341, 17.477, 18.024, 18.491, 18.241, 17.801, 17.758, 17.173, 15.899, 14.855, 15.473, 15.798, 15.114, 13.729, 10.575, 8.162, 6.563, 3.815, 1.569, 0.0, 2.364, 5.076, 6.881, 8.343, 8.915, 9.548, 10.318, 10.488, 10.961, 11.902, 12.48, 12.495, 12.72, 13.371, 14.144, 14.485, 14.262, 13.946, 14.027, 14.274, 14.324, 14.531, 14.923, 15.371, 16.174, 16.709, 16.934, 17.312, 17.766, 18.192, 18.407, 18.559, 18.887], [18.189, 17.855, 17.708, 17.948, 18.486, 18.357, 17.907, 17.938, 18.537, 19.091, 19.018, 19.996, 20.616, 20.198, 20.242, 20.19, 19.735, 19.272, 19.331, 19.235, 18.422, 17.663, 17.267, 17.221, 17.255, 17.243, 17.238, 17.128, 16.672, 17.084, 17.536, 17.428, 17.317, 17.328, 17.426, 17.959, 18.447, 18.185, 17.732, 17.669, 17.112, 15.833, 14.701, 15.322, 15.672, 14.951, 13.521, 10.434, 8.197, 6.76, 4.409, 3.089, 2.364, 0.0, 3.302, 5.787, 7.675, 8.495, 9.305, 10.075, 10.165, 10.631, 11.617, 12.231, 12.301, 12.578, 13.203, 13.949, 14.293, 14.073, 13.752, 13.806, 14.043, 14.111, 14.34, 14.756, 15.219, 16.033, 16.58, 16.843, 17.247, 17.674, 18.073, 18.261, 18.408, 18.747], [18.543, 18.21, 18.084, 18.334, 18.837, 18.72, 18.273, 18.248, 18.833, 19.365, 19.257, 20.206, 20.819, 20.396, 20.414, 20.377, 19.92, 19.453, 19.554, 19.525, 18.853, 18.199, 17.719, 17.499, 17.454, 17.429, 17.404, 17.268, 16.84, 17.25, 17.645, 17.503, 17.393, 17.408, 17.485, 17.982, 18.419, 18.115, 17.653, 17.574, 17.118, 15.927, 14.734, 15.269, 15.499, 14.69, 13.224, 10.183, 8.132, 7.088, 5.747, 5.386, 5.076, 3.302, 0.0, 3.677, 6.76, 8.188, 9.335, 10.166, 10.291, 10.84, 11.874, 12.531, 12.69, 12.994, 13.565, 14.273, 14.604, 14.398, 14.079, 14.072, 14.225, 14.284, 14.537, 14.94, 15.369, 16.177, 16.768, 17.122, 17.592, 18.041, 18.423, 18.54, 18.65, 18.99], [18.923, 18.579, 18.502, 18.748, 19.185, 19.082, 18.685, 18.662, 19.205, 19.663, 19.566, 20.473, 21.107, 20.785, 20.848, 20.827, 20.396, 19.951, 20.016, 19.945, 19.369, 18.89, 18.496, 18.24, 18.164, 18.135, 18.089, 17.911, 17.497, 17.899, 18.264, 18.135, 18.049, 18.096, 18.241, 18.728, 19.097, 18.785, 18.359, 18.284, 17.868, 16.711, 15.476, 15.878, 15.934, 14.921, 13.315, 10.197, 8.294, 7.678, 7.104, 7.123, 6.881, 5.787, 3.677, 0.0, 4.234, 6.647, 8.381, 9.41, 9.738, 10.635, 11.826, 12.548, 12.833, 13.224, 13.811, 14.529, 14.867, 14.663, 14.325, 14.253, 14.303, 14.277, 14.497, 14.862, 15.235, 16.033, 16.685, 17.138, 17.722, 18.28, 18.703, 18.789, 18.871, 19.199], [19.252, 18.902, 18.854, 19.057, 19.449, 19.315, 18.934, 18.957, 19.427, 19.808, 19.746, 20.604, 21.248, 21.049, 21.189, 21.191, 20.809, 20.385, 20.346, 20.19, 19.633, 19.245, 19.102, 19.081, 19.076, 19.056, 19.01, 18.81, 18.383, 18.797, 19.194, 19.081, 18.973, 19.049, 19.274, 19.796, 20.178, 19.889, 19.506, 19.49, 19.055, 17.875, 16.775, 17.204, 17.201, 16.133, 14.495, 11.525, 9.735, 9.142, 8.674, 8.62, 8.343, 7.675, 6.76, 4.234, 0.0, 3.601, 6.466, 7.882, 8.41, 9.697, 11.137, 11.935, 12.35, 12.958, 13.637, 14.398, 14.778, 14.544, 14.165, 14.088, 14.109, 14.023, 14.21, 14.563, 14.911, 15.707, 16.385, 16.869, 17.527, 18.179, 18.705, 18.85, 18.936, 19.252], [19.173, 18.864, 18.836, 19.006, 19.376, 19.174, 18.801, 18.848, 19.225, 19.565, 19.505, 20.329, 20.963, 20.803, 20.985, 20.993, 20.631, 20.236, 20.176, 19.967, 19.408, 19.068, 19.06, 19.206, 19.259, 19.243, 19.194, 18.973, 18.499, 18.866, 19.297, 19.208, 19.098, 19.203, 19.485, 19.995, 20.386, 20.118, 19.746, 19.803, 19.331, 18.147, 17.239, 17.75, 17.864, 16.948, 15.359, 12.571, 10.795, 10.039, 9.39, 9.241, 8.915, 8.495, 8.188, 6.647, 3.601, 0.0, 3.761, 5.668, 6.583, 8.359, 10.089, 10.985, 11.386, 12.074, 12.877, 13.738, 14.16, 13.884, 13.461, 13.405, 13.445, 13.359, 13.568, 13.957, 14.36, 15.192, 15.838, 16.282, 16.959, 17.661, 18.294, 18.53, 18.642, 18.956], [18.872, 18.616, 18.577, 18.749, 19.136, 18.879, 18.487, 18.552, 18.886, 19.243, 19.167, 19.995, 20.644, 20.446, 20.641, 20.66, 20.303, 19.932, 19.904, 19.685, 19.143, 18.829, 18.847, 19.044, 19.117, 19.101, 19.054, 18.806, 18.252, 18.583, 19.037, 18.957, 18.87, 19.017, 19.307, 19.762, 20.153, 19.913, 19.537, 19.674, 19.187, 18.013, 17.208, 17.716, 17.996, 17.289, 15.828, 13.265, 11.624, 10.821, 10.035, 9.849, 9.548, 9.305, 9.335, 8.381, 6.466, 3.761, 0.0, 2.463, 4.465, 7.216, 9.411, 10.433, 10.764, 11.364, 12.22, 13.145, 13.55, 13.257, 12.822, 12.772, 12.829, 12.772, 13.005, 13.425, 13.947, 14.87, 15.446, 15.743, 16.313, 16.967, 17.657, 17.963, 18.106, 18.44], [18.978, 18.741, 18.672, 18.846, 19.246, 18.987, 18.593, 18.656, 18.995, 19.376, 19.288, 20.127, 20.778, 20.536, 20.713, 20.73, 20.371, 20.007, 20.008, 19.801, 19.252, 18.943, 18.966, 19.17, 19.244, 19.229, 19.184, 18.925, 18.358, 18.69, 19.152, 19.076, 19.001, 19.161, 19.434, 19.859, 20.258, 20.031, 19.647, 19.8, 19.308, 18.147, 17.303, 17.741, 18.113, 17.534, 16.195, 13.814, 12.324, 11.561, 10.756, 10.587, 10.318, 10.075, 10.166, 9.41, 7.882, 5.668, 2.463, 0.0, 2.967, 6.401, 8.885, 10.007, 10.367, 10.948, 11.769, 12.702, 13.11, 12.816, 12.385, 12.342, 12.42, 12.403, 12.66, 13.