[[0.0, 4.615, 6.0, 6.484, 7.037, 8.702, 10.09, 11.286, 13.155, 14.253, 15.15, 15.486, 15.663, 16.565, 17.103, 17.277, 17.531, 18.034, 18.454, 18.757, 19.994, 21.169, 21.71, 22.343, 22.986, 23.008, 22.935, 22.683, 22.307, 22.604, 22.771, 22.535, 22.265, 22.363, 22.304, 22.218, 22.011, 21.981, 22.024, 22.448, 22.699, 22.895, 23.101, 23.196, 22.566, 22.006, 22.343, 22.479, 22.534, 22.875, 23.437, 24.095, 24.271, 23.917, 23.499, 23.244, 22.939, 22.737, 22.821, 23.036, 23.201, 23.328, 23.361, 23.48, 23.625, 23.666, 23.741, 23.788, 23.996, 23.769, 23.415, 23.898, 24.52, 24.579, 24.004, 23.707, 24.08, 24.473, 25.065, 26.108, 26.627, 27.032, 27.869, 27.933, 27.248, 27.013], [4.615, 0.0, 2.709, 3.941, 5.338, 7.289, 8.606, 10.151, 12.48, 13.855, 14.959, 15.369, 15.643, 16.633, 17.152, 17.367, 17.573, 17.991, 18.371, 18.633, 19.832, 20.98, 21.532, 22.151, 22.806, 22.837, 22.77, 22.51, 22.129, 22.429, 22.604, 22.365, 22.146, 22.259, 22.197, 22.147, 21.959, 21.909, 21.94, 22.34, 22.615, 22.844, 23.061, 23.193, 22.593, 22.048, 22.397, 22.543, 22.572, 22.911, 23.491, 24.18, 24.381, 24.041, 23.648, 23.439, 23.107, 22.873, 22.929, 23.113, 23.26, 23.376, 23.39, 23.488, 23.629, 23.675, 23.735, 23.785, 23.979, 23.703, 23.29, 23.791, 24.442, 24.516, 23.933, 23.638, 24.034, 24.453, 25.08, 26.132, 26.647, 27.069, 27.961, 28.032, 27.317, 27.075], [6.0, 2.709, 0.0, 2.226, 4.536, 6.779, 8.149, 9.702, 12.036, 13.484, 14.73, 15.164, 15.42, 16.379, 16.826, 17.059, 17.248, 17.625, 17.965, 18.167, 19.334, 20.566, 21.198, 21.825, 22.481, 22.516, 22.447, 22.173, 21.752, 22.053, 22.23, 21.974, 21.775, 21.921, 21.844, 21.833, 21.724, 21.679, 21.726, 22.097, 22.345, 22.583, 22.812, 22.983, 22.43, 21.918, 22.261, 22.371, 22.395, 22.767, 23.382, 24.097, 24.31, 23.956, 23.532, 23.312, 22.988, 22.76, 22.802, 22.947, 23.053, 23.142, 23.131, 23.206, 23.349, 23.397, 23.45, 23.499, 23.688, 23.387, 22.946, 23.434, 24.12, 24.211, 23.611, 23.358, 23.797, 24.246, 24.918, 26.025, 26.569, 27.02, 27.949, 28.044, 27.338, 27.086], [6.484, 3.941, 2.226, 0.0, 3.496, 6.522, 8.308, 9.962, 12.221, 13.697, 15.057, 15.51, 15.768, 16.745, 17.15, 17.388, 17.604, 17.989, 18.335, 18.55, 19.716, 20.924, 21.531, 22.144, 22.771, 22.796, 22.724, 22.444, 22.034, 22.332, 22.493, 22.231, 22.022, 22.187, 22.117, 22.128, 22.04, 22.004, 22.035, 22.336, 22.521, 22.716, 22.913, 23.055, 22.474, 21.988, 22.317, 22.407, 22.419, 22.799, 23.466, 24.199, 24.41, 24.065, 23.628, 23.392, 23.093, 22.893, 22.935, 23.061, 23.145, 23.21, 23.176, 23.233, 23.371, 23.417, 23.468, 23.527, 23.722, 23.421, 22.992, 23.451, 24.122, 24.228, 23.647, 23.429, 23.891, 24.36, 25.036, 26.143, 26.71, 27.17, 28.1, 28.204, 27.47, 27.187], [7.037, 5.338, 4.536, 3.496, 0.0, 4.185, 7.016, 9.443, 11.852, 13.285, 14.589, 14.988, 15.306, 16.306, 16.762, 17.0, 17.189, 17.576, 17.984, 18.274, 19.493, 20.724, 21.365, 22.04, 22.666, 22.683, 22.615, 22.345, 21.927, 22.224, 22.372, 22.095, 21.826, 21.996, 21.964, 22.005, 21.975, 21.947, 22.022, 22.386, 22.574, 22.77, 22.982, 23.083, 22.48, 22.045, 22.342, 22.43, 22.43, 22.735, 23.316, 24.002, 24.218, 23.899, 23.496, 23.29, 23.012, 22.83, 22.895, 23.029, 23.097, 23.151, 23.129, 23.188, 23.314, 23.351, 23.384, 23.432, 23.612, 23.332, 22.938, 23.366, 24.019, 24.139, 23.57, 23.333, 23.754, 24.208, 24.883, 25.972, 26.544, 27.029, 27.958, 28.064, 27.346, 27.077], [8.702, 7.289, 6.779, 6.522, 4.185, 0.0, 4.238, 8.269, 11.185, 12.314, 13.338, 13.736, 14.103, 15.127, 15.653, 15.904, 16.03, 16.419, 16.882, 17.31, 18.703, 20.093, 20.888, 21.79, 22.505, 22.541, 22.49, 22.248, 21.802, 22.133, 22.311, 21.979, 21.616, 21.77, 21.778, 21.8, 21.827, 21.827, 21.969, 22.563, 22.839, 23.073, 23.327, 23.392, 22.785, 22.354, 22.597, 22.702, 22.676, 22.832, 23.218, 23.8, 24.013, 23.724, 23.391, 23.254, 22.987, 22.782, 22.86, 23.027, 23.097, 23.162, 23.19, 23.279, 23.394, 23.432, 23.468, 23.475, 23.639, 23.413, 23.025, 23.419, 24.076, 24.213, 23.64, 23.314, 23.623, 23.994, 24.624, 25.652, 26.168, 26.658, 27.551, 27.655, 27.047, 26.883], [10.09, 8.606, 8.149, 8.308, 7.016, 4.238, 0.0, 5.128, 8.74, 10.13, 11.588, 12.157, 12.62, 13.9, 14.583, 14.884, 14.997, 15.426, 15.968, 16.443, 17.901, 19.398, 20.249, 21.259, 22.115, 22.199, 22.146, 21.891, 21.418, 21.789, 21.992, 21.625, 21.243, 21.401, 21.407, 21.433, 21.471, 21.458, 21.6, 22.259, 22.584, 22.848, 23.131, 23.262, 22.766, 22.326, 22.533, 22.609, 22.595, 22.721, 22.987, 23.523, 23.733, 23.421, 23.071, 22.943, 22.698, 22.458, 22.519, 22.715, 22.814, 22.912, 22.978, 23.105, 23.237, 23.285, 23.338, 23.329, 23.488, 23.24, 22.81, 23.257, 23.999, 24.118, 23.48, 23.105, 23.391, 23.727, 24.363, 25.472, 26.027, 26.539, 27.441, 27.595, 27.083, 26.996], [11.286, 10.151, 9.702, 9.962, 9.443, 8.269, 5.128, 0.0, 4.456, 7.063, 9.878, 10.807, 11.522, 13.272, 14.08, 14.414, 14.635, 15.139, 15.78, 16.217, 17.578, 19.007, 19.726, 20.64, 21.591, 21.719, 21.643, 21.357, 20.878, 21.246, 21.444, 21.082, 20.767, 20.959, 20.918, 20.954, 20.956, 20.907, 21.002, 21.493, 21.765, 22.067, 22.401, 22.657, 22.284, 21.808, 21.984, 22.0, 22.014, 22.22, 22.503, 23.087, 23.305, 22.917, 22.465, 22.278, 22.059, 21.818, 21.855, 22.04, 22.169, 22.319, 22.394, 22.533, 22.693, 22.746, 22.809, 22.814, 22.981, 22.634, 22.145, 22.693, 23.523, 23.592, 22.859, 22.502, 22.855, 23.244, 23.983, 25.316, 26.016, 26.575, 27.543, 27.779, 27.282, 27.166], [13.155, 12.48, 12.036, 12.221, 11.852, 11.185, 8.74, 4.456, 0.0, 4.375, 8.5, 9.657, 10.729, 12.808, 13.686, 14.03, 14.347, 14.876, 15.57, 16.004, 17.234, 18.586, 19.259, 20.157, 21.199, 21.37, 21.275, 20.993, 20.5, 20.827, 21.019, 20.703, 20.493, 20.724, 20.636, 20.68, 20.699, 20.649, 20.737, 21.066, 21.249, 21.568, 21.965, 22.313, 22.051, 21.568, 21.688, 21.661, 21.695, 21.953, 22.235, 22.808, 23.008, 22.56, 22.027, 21.796, 21.616, 21.395, 21.407, 21.549, 21.651, 21.796, 21.861, 21.991, 22.161, 22.218, 22.276, 22.283, 22.456, 22.043, 21.555, 22.118, 22.972, 23.022, 22.255, 21.965, 22.386, 22.823, 23.666, 25.216, 26.027, 26.623, 27.644, 27.979, 27.523, 27.386], [14.253, 13.855, 13.484, 13.697, 13.285, 12.314, 10.13, 7.063, 4.375, 0.0, 5.216, 7.079, 8.608, 11.183, 12.174, 12.541, 12.902, 13.502, 14.275, 14.918, 16.344, 17.853, 18.689, 19.805, 20.972, 21.135, 21.047, 20.78, 20.249, 20.584, 20.781, 20.433, 20.228, 20.471, 20.372, 20.375, 20.407, 20.406, 20.55, 20.976, 21.201, 21.528, 21.917, 22.244, 22.007, 21.494, 21.565, 21.568, 21.602, 21.857, 22.118, 22.626, 22.793, 22.327, 21.779, 21.534, 21.367, 21.15, 21.14, 21.256, 21.323, 21.474, 21.577, 21.717, 21.876, 21.941, 22.001, 21.975, 22.139, 21.75, 21.297, 21.812, 22.638, 22.693, 21.942, 21.619, 22.004, 22.424, 23.313, 24.992, 25.835, 26.427, 27.438, 27.828, 27.439, 27.342], [15.15, 14.959, 14.73, 15.057, 14.589, 13.338, 11.588, 9.878, 8.5, 5.216, 0.0, 3.315, 5.88, 8.573, 9.726, 10.1, 10.466, 11.2, 12.204, 13.177, 14.726, 16.314, 17.423, 18.912, 20.254, 20.47, 20.425, 20.258, 19.784, 20.112, 20.309, 19.917, 19.742, 19.964, 19.881, 19.792, 19.865, 19.952, 20.276, 21.002, 21.339, 21.684, 22.075, 22.384, 22.198, 21.72, 21.795, 21.883, 21.903, 22.015, 22.076, 22.431, 22.567, 22.114, 21.639, 21.484, 21.313, 21.076, 21.085, 21.246, 21.31, 21.474, 21.657, 21.85, 22.0, 22.077, 22.145, 22.059, 22.16, 21.851, 21.495, 21.989, 22.766, 22.793, 22.087, 21.7, 21.898, 22.151, 22.954, 24.587, 25.367, 25.939, 26.892, 27.329, 27.078, 27.075], [15.486, 15.369, 15.164, 15.51, 14.988, 13.736, 12.157, 10.807, 9.657, 7.079, 3.315, 0.0, 3.765, 6.596, 7.876, 8.361, 8.778, 9.75, 11.148, 12.244, 13.666, 15.142, 16.26, 17.944, 19.438, 19.72, 19.695, 19.589, 19.172, 19.505, 19.713, 19.291, 19.129, 19.33, 19.244, 19.144, 19.297, 19.407, 19.813, 20.684, 21.088, 21.446, 21.882, 22.262, 22.225, 21.869, 21.921, 22.007, 22.035, 22.1, 22.054, 22.334, 22.458, 21.988, 21.558, 21.495, 21.367, 21.16, 21.187, 21.346, 21.4, 21.537, 21.715, 21.923, 22.079, 22.159, 22.229, 22.137, 22.198, 21.903, 21.614, 22.098, 22.867, 22.875, 22.201, 21.869, 22.019, 22.199, 22.975, 24.59, 25.357, 25.94, 26.896, 27.363, 27.175, 27.197], [15.663, 15.643, 15.42, 15.768, 15.306, 14.103, 12.62, 11.522, 10.729, 8.608, 5.88, 3.765, 0.0, 3.975, 6.084, 6.787, 7.332, 8.687, 10.36, 11.617, 13.085, 14.591, 15.758, 17.519, 19.076, 19.404, 19.399, 19.33, 18.971, 19.345, 19.548, 19.123, 19.003, 19.211, 19.116, 19.008, 19.18, 19.277, 19.672, 20.578, 21.036, 21.4, 21.832, 22.232, 22.245, 21.94, 22.008, 22.098, 22.125, 22.256, 22.331, 22.685, 22.837, 22.384, 21.96, 21.898, 21.792, 21.608, 21.617, 21.735, 21.76, 21.874, 22.011, 22.189, 22.34, 22.415, 22.495, 22.425, 22.489, 22.179, 21.865, 22.332, 23.106, 23.12, 22.468, 22.194, 22.364, 22.547, 23.307, 24.856, 25.556, 26.109, 27.047, 27.471, 27.251, 27.261], [16.565, 16.633, 16.379, 16.745, 16.306, 15.127, 13.9, 13.272, 12.808, 11.183, 8.573, 6.596, 3.975, 0.0, 3.294, 4.324, 4.783, 6.444, 8.505, 9.97, 11.345, 12.956, 14.46, 16.56, 18.298, 18.729, 18.752, 18.776, 18.473, 18.884, 19.121, 18.678, 18.633, 18.814, 18.727, 18.584, 18.834, 18.962, 19.457, 20.607, 21.169, 21.503, 21.919, 22.325, 22.394, 22.159, 22.249, 22.383, 22.434, 22.512, 22.511, 22.843, 23.036, 22.617, 22.238, 22.242, 22.129, 21.906, 21.891, 22.002, 22.018, 22.124, 22.273, 22.449, 22.59, 22.669, 22.753, 22.666, 22.687, 22.369, 22.076, 22.537, 23.322, 23.338, 22.726, 22.497, 22.616, 22.705, 23.399, 24.814, 25.397, 25.918, 26.829, 27.264, 27.131, 27.203], [17.103, 17.152, 16.826, 17.15, 16.762, 15.653, 14.583, 14.08, 13.686, 12.174, 9.726, 7.876, 6.084, 3.294, 0.0, 1.591, 2.438, 4.429, 7.013, 8.766, 10.212, 11.946, 13.606, 15.856, 17.66, 18.121, 18.144, 18.177, 17.867, 18.313, 18.594, 18.097, 18.053, 18.239, 18.148, 18.003, 18.33, 18.502, 19.041, 20.261, 20.803, 21.088, 21.492, 21.901, 21.986, 21.785, 21.873, 22.034, 22.11, 22.155, 22.132, 22.486, 22.703, 22.276, 21.886, 21.919, 21.821, 21.603, 21.59, 21.694, 21.712, 21.835, 21.997, 22.17, 22.309, 22.393, 22.476, 22.386, 22.389, 22.023, 21.724, 22.185, 22.983, 23.006, 22.408, 22.221, 22.366, 22.458, 23.151, 24.562, 25.149, 25.685, 26.619, 27.09, 26.979, 27.047], [17.277, 17.367, 17.059, 17.388, 17.0, 15.904, 14.884, 14.414, 14.03, 12.541, 10.1, 8.361, 6.787, 4.324, 1.591, 0.0, 1.728, 3.948, 6.67, 8.558, 9.992, 11.727, 13.427, 15.694, 17.496, 17.963, 17.983, 18.022, 17.716, 18.162, 18.449, 17.958, 17.929, 18.123, 18.035, 17.871, 18.193, 18.377, 18.939, 20.162, 20.679, 20.957, 21.367, 21.786, 21.87, 21.666, 21.764, 21.931, 22.012, 22.046, 22.012, 22.364, 22.588, 22.163, 21.774, 21.818, 21.73, 21.517, 21.514, 21.623, 21.65, 21.782, 21.946, 22.121, 22.258, 22.344, 22.427, 22.334, 22.338, 21.954, 21.64, 22.096, 22.902, 22.929, 22.332, 22.156, 22.311, 22.406, 23.1, 24.518, 25.11, 25.651, 26.59, 27.08, 26.977, 27.045], [17.531, 17.573, 17.248, 17.604, 17.189, 16.03, 14.997, 14.635, 14.347, 12.902, 10.466, 8.778, 7.332, 4.783, 2.438, 1.728, 0.0, 2.829, 5.995, 8.068, 9.526, 11.357, 13.174, 15.522, 17.37, 17.859, 17.887, 17.942, 17.641, 18.091, 18.382, 17.889, 17.856, 18.039, 17.97, 17.822, 18.179, 18.371, 18.977, 20.275, 20.797, 21.061, 21.47, 21.876, 21.946, 21.753, 21.872, 22.06, 22.14, 22.149, 22.056, 22.367, 22.592, 22.183, 21.818, 21.882, 21.775, 21.539, 21.533, 21.65, 21.674, 21.8, 21.972, 22.153, 22.289, 22.375, 22.453, 22.348, 22.339, 21.965, 21.654, 22.101, 22.908, 22.942, 22.354, 22.17, 22.301, 22.368, 23.049, 24.449, 25.021, 25.562, 26.492, 26.993, 26.934, 27.032], [18.034, 17.991, 17.625, 17.989, 17.576, 16.419, 15.426, 15.139, 14.876, 13.502, 11.2, 9.75, 8.687, 6.444, 4.429, 3.948, 2.829, 0.0, 3.984, 6.576, 8.211, 10.404, 12.562, 15.113, 17.082, 17.616, 17.647, 17.728, 17.423, 17.916, 18.241, 17.815, 17.849, 18.016, 17.947, 17.8, 18.148, 18.34, 18.989, 20.338, 20.853, 21.097, 21.498, 21.879, 21.912, 21.679, 21.825, 22.052, 22.15, 22.194, 22.138, 22.501, 22.751, 22.347, 21.975, 22.019, 21.877, 21.621, 21.61, 21.723, 21.739, 21.872, 22.05, 22.218, 22.348, 22.435, 22.497, 22.391, 22.385, 21.983, 21.667, 22.107, 22.908, 22.95, 22.358, 22.183, 22.344, 22.44, 23.122, 24.5, 25.039, 25.552, 26.487, 26.983, 26.907, 27.001], [18.454, 18.371, 17.965, 18.335, 17.984, 16.882, 15.968, 15.78, 15.57, 14.275, 12.204, 11.148, 10.36, 8.505, 7.013, 6.67, 5.995, 3.984, 0.0, 3.696, 6.457, 9.449, 12.168, 15.035, 17.134, 17.672, 17.693, 17.768, 17.401, 17.911, 18.24, 17.88, 17.976, 18.131, 18.049, 17.905, 18.225, 18.427, 19.077, 20.437, 20.967, 21.206, 21.584, 21.945, 21.889, 21.572, 21.765, 22.019, 22.123, 22.258, 22.372, 22.847, 23.131, 22.741, 22.336, 22.318, 22.128, 21.857, 21.853, 21.969, 21.973, 22.089, 22.239, 22.37, 22.489, 22.573, 22.613, 22.511, 22.523, 22.095, 21.759, 22.2, 22.986, 23.045, 22.445, 22.293, 22.529, 22.708, 23.433, 24.758, 25.211, 25.662, 26.595, 27.056, 26.927, 27.008], [18.757, 18.633, 18.167, 18.55, 18.274, 17.31, 16.443, 16.217, 16.004, 14.918, 13.177, 12.244, 11.617, 9.97, 8.766, 8.558, 8.068, 6.576, 3.696, 0.0, 4.285, 8.454, 11.509, 14.432, 16.602, 17.15, 17.152, 17.261, 16.879, 17.413, 17.755, 17.437, 17.596, 17.706, 17.609, 17.489, 17.825, 18.031, 18.671, 20.013, 20.626, 20.912, 21.347, 21.81, 21.799, 21.455, 21.645, 21.887, 22.025, 22.233, 22.387, 22.875, 23.167, 22.78, 22.366, 22.342, 22.141, 21.859, 21.845, 21.944, 21.934, 22.008, 22.119, 22.237, 22.36, 22.444, 22.474, 22.375, 22.387, 21.948, 21.607, 22.059, 22.878, 22.951, 22.335, 22.216, 22.491, 22.712, 23.49, 24.818, 25.241, 25.655, 26.604, 27.059, 26.927, 27.02], [19.994, 19.832, 19.334, 19.716, 19.493, 18.703, 17.901, 17.578, 17.234, 16.344, 14.726, 13.666, 13.085, 11.345, 10.212, 9.992, 9.526, 8.211, 6.457, 4.285, 0.0, 5.459, 9.266, 12.521, 14.993, 15.735, 15.766, 16.031, 15.779, 16.329, 16.714, 16.55, 16.963, 17.039, 16.913, 16.779, 17.212, 17.434, 18.171, 19.659, 20.391, 20.674, 21.166, 21.8, 22.059, 21.852, 22.004, 22.218, 22.414, 22.648, 22.694, 23.087, 23.378, 23.006, 22.634, 22.673, 22.521, 22.255, 22.225, 22.288, 22.25, 22.289, 22.381, 22.503, 22.632, 22.721, 22.748, 22.64, 22.611, 22.138, 21.805, 22.22, 23.047, 23.101, 22.505, 22.468, 22.725, 22.898, 23.679, 25.023, 25.449, 25.865, 26.824, 27.344, 27.296, 27.428], [21.169, 20.98, 20.566, 20.924, 20.724, 20.093, 19.398, 19.007, 18.586, 17.853, 16.314, 15.142, 14.591, 12.956, 11.946, 11.727, 11.357, 10.404, 9.449, 8.454, 5.459, 0.0, 4.939, 9.389, 12.446, 13.395, 13.482, 13.99, 14.032, 14.531, 14.919, 14.971, 15.807, 15.946, 15.813, 15.587, 16.072, 16.33, 17.178, 18.78, 19.654, 20.013, 20.605, 21.331, 21.853, 21.865, 22.042, 22.274, 22.456, 22.636, 22.567, 22.916, 23.228, 22.877, 22.604, 22.797, 22.739, 22.556, 22.573, 22.647, 22.612, 22.631, 22.718, 22.87, 23.007, 23.091, 23.119, 23.012, 22.934, 22.439, 22.124, 22.508, 23.256, 23.235, 22.649, 22.617, 22.784, 22.882, 23.604, 24.885, 25.293, 25.708, 26.695, 27.262, 27.253, 27.374], [21.71, 21.532, 21.198, 21.531, 21.365, 20.888, 20.249, 19.726, 19.259, 18.689, 17.423, 16.26, 15.758, 14.46, 13.606, 13.427, 13.174, 12.562, 12.168, 11.509, 9.266, 4.939, 0.0, 5.529, 9.273, 10.48, 10.599, 11.292, 11.765, 12.36, 12.832, 13.054, 14.123, 14.261, 14.155, 13.914, 14.369, 14.602, 15.379, 17.029, 18.212, 18.745, 19.495, 20.358, 21.143, 21.372, 21.554, 21.789, 21.932, 22.094, 22.03, 22.451, 22.791, 22.432, 22.226, 22.572, 22.632, 22.577, 22.674, 22.772, 22.769, 22.778, 22.819, 22.967, 23.11, 23.189, 23.225, 23.155, 23.079, 22.569, 22.232, 22.61, 23.312, 23.226, 22.602, 22.528, 22.658, 22.78, 23.506, 24.828, 25.348, 25.806, 26.852, 27.427, 27.341, 27.354], [22.343, 22.151, 21.825, 22.144, 22.04, 21.79, 21.259, 20.64, 20.157, 19.805, 18.912, 17.944, 17.519, 16.56, 15.856, 15.694, 15.522, 15.113, 15.035, 14.432, 12.521, 9.389, 5.529, 0.0, 4.525, 6.427, 6.622, 7.545, 8.742, 9.51, 10.073, 10.8, 12.402, 12.563, 12.454, 12.284, 12.653, 12.755, 13.356, 14.93, 16.609, 17.412, 18.32, 19.42, 20.492, 20.922, 21.074, 21.273, 21.369, 21.502, 21.48, 21.993, 22.361, 21.992, 21.817, 22.279, 22.437, 22.496, 22.691, 22.818, 22.847, 22.852, 22.845, 22.977, 23.131, 23.211, 23.246, 23.218, 23.143, 22.599, 22.21, 22.593, 23.305, 23.173, 22.502, 22.417, 22.539, 22.7, 23.473, 24.876, 25.576, 26.112, 27.231, 27.795, 27.571, 27.461], [22.986, 22.806, 22.481, 22.771, 22.666, 22.505, 22.115, 21.591, 21.199, 20.972, 20.254, 19.438, 19.076, 18.298, 17.66, 17.496, 17.37, 17.082, 17.134, 16.602, 14.993, 12.446, 9.273, 4.525, 0.0, 2.774, 3.272, 4.499, 6.454, 7.358, 7.927, 8.949, 10.991, 11.288, 11.225, 11.094, 11.454, 11.483, 12.005, 13.578, 15.592, 16.617, 17.635, 18.904, 20.153, 20.744, 20.852, 21.007, 21.045, 21.115, 21.099, 21.65, 22.057, 21.717, 21.594, 22.17, 22.43, 22.598, 22.921, 23.106, 23.143, 23.141, 23.113, 23.236, 23.394, 23.475, 23.502, 23.488, 23.414, 22.854, 22.434, 22.797, 23.49, 23.327, 22.641, 22.555, 22.641, 22.791, 23.549, 24.915, 25.681, 26.255, 27.392, 27.935, 27.644, 27.485], [23.008, 22.837, 22.516, 22.796, 22.683, 22.541, 22.199, 21.719, 21.37, 21.135, 20.47, 19.72, 19.404, 18.729, 18.121, 17.963, 17.859, 17.616, 17.672, 17.15, 15.735, 13.395, 10.48, 6.427, 2.774, 0.0, 1.175, 2.759, 4.876, 5.915, 6.567, 7.728, 10.007, 10.424, 10.389, 10.244, 10.565, 10.603, 11.161, 12.752, 14.839, 16.006, 17.11, 18.451, 19.715, 20.303, 20.39, 20.525, 20.55, 20.668, 20.716, 21.314, 21.756, 21.426, 21.31, 21.933, 22.246, 22.47, 22.865, 23.105, 23.142, 23.125, 23.072, 23.186, 23.35, 23.429, 23.451, 23.443, 23.375, 22.802, 22.36, 22.711, 23.384, 23.195, 22.493, 22.406, 22.515, 22.703, 23.477, 24.849, 25.629, 26.203, 27.366, 27.894, 27.547, 27.363], [22.935, 22.77, 22.447, 22.724, 22.615, 22.49, 22.146, 21.643, 21.275, 21.047, 20.425, 19.695, 19.399, 18.752, 18.144, 17.983, 17.887, 17.647, 17.693, 17.152, 15.766, 13.482, 10.599, 6.622, 3.272, 1.175, 0.0, 2.375, 4.619, 5.623, 6.297, 7.547, 9.871, 10.291, 10.257, 10.121, 10.412, 10.435, 10.974, 12.504, 14.569, 15.737, 16.879, 18.256, 19.524, 20.097, 20.178, 20.314, 20.344, 20.472, 20.527, 21.139, 21.584, 21.246, 21.125, 21.752, 22.067, 22.292, 22.69, 22.945, 23.003, 22.991, 22.931, 23.044, 23.212, 23.29, 23.31, 23.304, 23.24, 22.658, 22.207, 22.569, 23.251, 23.054, 22.344, 22.267, 22.406, 22.622, 23.415, 24.81, 25.607, 26.182, 27.357, 27.889, 27.535, 27.345], [22.683, 22.51, 22.173, 22.444, 22.345, 22.248, 21.891, 21.357, 20.993, 20.78, 20.258, 19.589, 19.33, 18.776, 18.177, 18.022, 17.942, 17.728, 17.768, 17.261, 16.031, 13.99, 11.292, 7.545, 4.499, 2.759, 2.375, 0.0, 2.931, 4.335, 5.271, 6.774, 9.263, 9.834, 9.777, 9.696, 9.969, 9.972, 10.357, 11.873, 14.035, 15.195, 16.34, 17.86, 19.186, 19.747, 19.831, 19.927, 19.952, 20.2, 20.404, 21.076, 21.522, 21.17, 21.02, 21.62, 21.94, 22.177, 22.577, 22.816, 22.866, 22.865, 22.795, 22.894, 23.065, 23.142, 23.159, 23.167, 23.113, 22.498, 22.01, 22.362, 23.046, 22.855, 22.139, 22.112, 22.343, 22.624, 23.462, 24.907, 25.737, 26.32, 27.513, 28.027, 27.605, 27.367], [22.307, 22.129, 21.752, 22.034, 21.927, 21.802, 21.418, 20.878, 20.5, 20.249, 19.784, 19.172, 18.971, 18.473, 17.867, 17.716, 17.641, 17.423, 17.401, 16.879, 15.779, 14.032, 11.765, 8.742, 6.454, 4.876, 4.619, 2.931, 0.0, 2.53, 4.118, 5.81, 8.422, 9.097, 9.011, 9.001, 9.379, 9.398, 9.815, 11.502, 13.621, 14.797, 15.966, 17.575, 18.821, 19.259, 19.361, 19.44, 19.487, 19.865, 20.189, 20.903, 21.363, 20.993, 20.797, 21.368, 21.683, 21.905, 22.291, 22.525, 22.566, 22.568, 22.499, 22.606, 22.793, 22.87, 22.88, 22.889, 22.842, 22.181, 21.636, 21.987, 22.716, 22.544, 21.809, 21.81, 22.118, 22.449, 23.35, 24.862, 25.676, 26.262, 27.472, 27.966, 27.523, 27.295], [22.604, 22.429, 22.053, 22.332, 22.224, 22.133, 21.789, 21.246, 20.827, 20.584, 20.112, 19.505, 19.345, 18.884, 18.313, 18.162, 18.091, 17.916, 17.911, 17.413, 16.329, 14.531, 12.36, 9.51, 7.358, 5.915, 5.623, 4.335, 2.53, 0.0, 2.242, 5.002, 8.083, 8.815, 8.713, 8.736, 9.198, 9.249, 9.827, 11.501, 13.539, 14.733, 15.942, 17.601, 18.864, 19.349, 19.482, 19.546, 19.567, 19.905, 20.162, 20.814, 21.259, 20.889, 20.707, 21.309, 21.634, 21.858, 22.263, 22.516, 22.569, 22.574, 22.517, 22.659, 22.859, 22.934, 22.94, 22.94, 22.883, 22.221, 21.678, 22.049, 22.778, 22.596, 21.858, 21.857, 22.155, 22.474, 23.358, 24.852, 25.654, 26.24, 27.455, 27.967, 27.554, 27.332], [22.771, 22.604, 22.23, 22.493, 22.372, 22.311, 21.992, 21.444, 21.019, 20.781, 20.309, 19.713, 19.548, 19.121, 18.594, 18.449, 18.382, 18.241, 18.24, 17.755, 16.714, 14.919, 12.832, 10.073, 7.927, 6.567, 6.297, 5.271, 4.118, 2.242, 0.0, 4.097, 7.679, 8.484, 8.367, 8.395, 8.894, 8.962, 9.666, 11.315, 13.325, 14.55, 15.756, 17.402, 18.702, 19.256, 19.393, 19.433, 19.437, 19.789, 20.063, 20.708, 21.155, 20.793, 20.616, 21.226, 21.571, 21.822, 22.247, 22.511, 22.575, 22.591, 22.53, 22.663, 22.874, 22.95, 22.95, 22.956, 22.906, 22.241, 21.706, 22.08, 22.789, 22.602, 21.874, 21.871, 22.165, 22.496, 23.382, 24.869, 25.676, 26.27, 27.485, 27.99, 27.563, 27.328], [22.535, 22.365, 21.974, 22.231, 22.095, 21.979, 21.625, 21.082, 20.703, 20.433, 19.917, 19.291, 19.123, 18.678, 18.097, 17.958, 17.889, 17.815, 17.88, 17.437, 16.55, 14.971, 13.054, 10.8, 8.949, 7.728, 7.547, 6.774, 5.81, 5.002, 4.097, 0.0, 4.378, 5.687, 5.723, 5.935, 6.866, 7.132, 8.025, 10.043, 12.359, 13.801, 15.094, 16.721, 17.989, 18.605, 18.723, 18.749, 18.741, 19.036, 19.248, 19.874, 20.368, 20.029, 19.869, 20.55, 20.974, 21.278, 21.744, 22.022, 22.085, 22.118, 22.076, 22.211, 22.434, 22.537, 22.547, 22.538, 22.512, 21.839, 21.283, 21.674, 22.429, 22.252, 21.481, 21.439, 21.722, 22.043, 22.963, 24.525, 25.37, 25.977, 27.2, 27.75, 27.381, 27.203], [22.265, 22.146, 21.775, 22.022, 21.826, 21.616, 21.243, 20.767, 20.493, 20.228, 19.742, 19.129, 19.003, 18.633, 18.053, 17.929, 17.856, 17.849, 17.976, 17.596, 16.963, 15.807, 14.123, 12.402, 10.991, 10.007, 9.871, 9.263, 8.422, 8.083, 7.679, 4.378, 0.0, 2.41, 3.228, 4.142, 5.833, 6.325, 7.298, 9.814, 12.297, 13.866, 15.204, 16.745, 17.902, 18.553, 18.657, 18.653, 18.657, 18.854, 18.913, 19.434, 19.938, 19.676, 19.56, 20.253, 20.745, 21.077, 21.567, 21.873, 21.934, 21.972, 21.968, 22.137, 22.364, 22.48, 22.512, 22.478, 22.473, 21.841, 21.279, 21.676, 22.464, 22.323, 21.549, 21.419, 21.64, 21.887, 22.745, 24.293, 25.133, 25.734, 26.922, 27.502, 27.2, 27.084], [22.363, 22.259, 21.921, 22.187, 21.996, 21.77, 21.401, 20.959, 20.724, 20.471, 19.964, 19.33, 19.211, 18.814, 18.239, 18.123, 18.039, 18.016, 18.131, 17.706, 17.039, 15.946, 14.261, 12.563, 11.288, 10.424, 10.291, 9.834, 9.097, 8.815, 8.484, 5.687, 2.41, 0.0, 1.807, 3.154, 5.077, 5.626, 6.723, 9.727, 12.465, 14.102, 15.434, 16.912, 18.071, 18.718, 18.813, 18.827, 18.882, 19.101, 19.101, 19.553, 20.044, 19.811, 19.724, 20.409, 20.893, 21.2, 21.667, 21.976, 22.043, 22.07, 22.073, 22.262, 22.497, 22.618, 22.658, 22.621, 22.603, 21.982, 21.427, 21.826, 22.623, 22.509, 21.763, 21.594, 21.759, 21.951, 22.763, 24.255, 25.037, 25.606, 26.765, 27.335, 27.071, 27.002], [22.304, 22.197, 21.844, 22.117, 21.964, 21.778, 21.407, 20.918, 20.636, 20.372, 19.881, 19.244, 19.116, 18.727, 18.148, 18.035, 17.97, 17.947, 18.049, 17.609, 16.913, 15.813, 14.155, 12.454, 11.225, 10.389, 10.257, 9.777, 9.011, 8.713, 8.367, 5.723, 3.228, 1.807, 0.0, 2.065, 4.452, 5.086, 6.208, 9.343, 12.271, 13.976, 15.313, 16.844, 18.052, 18.689, 18.778, 18.774, 18.845, 19.118, 19.173, 19.647, 20.13, 19.876, 19.767, 20.431, 20.906, 21.198, 21.639, 21.922, 21.974, 21.986, 21.974, 22.161, 22.41, 22.546, 22.589, 22.562, 22.553, 21.92, 21.366, 21.768, 22.566, 22.454, 21.709, 21.578, 21.787, 22.005, 22.831, 24.341, 25.127, 25.691, 26.855, 27.422, 27.148, 27.074], [22.218, 22.147, 21.833, 22.128, 22.005, 21.8, 21.433, 20.954, 20.68, 20.375, 19.792, 19.144, 19.008, 18.584, 18.003, 17.871, 17.822, 17.8, 17.905, 17.489, 16.779, 15.587, 13.914, 12.284, 11.094, 10.244, 10.121, 9.696, 9.001, 8.736, 8.395, 5.935, 4.142, 3.154, 2.065, 0.0, 2.974, 3.956, 5.332, 8.973, 12.146, 13.933, 15.312, 16.798, 17.967, 18.569, 18.65, 18.669, 18.738, 18.991, 19.054, 19.563, 20.056, 19.788, 19.696, 20.384, 20.838, 21.112, 21.552, 21.843, 21.921, 21.965, 21.968, 22.162, 22.406, 22.546, 22.599, 22.569, 22.566, 21.948, 21.399, 21.814, 22.603, 22.474, 21.717, 21.552, 21.744, 21.955, 22.766, 24.249, 25.005, 25.538, 26.685, 27.251, 26.98, 26.912], [22.011, 21.959, 21.724, 22.04, 21.975, 21.827, 21.471, 20.956, 20.699, 20.407, 19.865, 19.297, 19.18, 18.834, 18.33, 18.193, 18.179, 18.148, 18.225, 17.825, 17.212, 16.072, 14.369, 12.653, 11.454, 10.565, 10.412, 9.969, 9.379, 9.198, 8.894, 6.866, 5.833, 5.077, 4.452, 2.974, 0.0, 1.691, 3.566, 7.902, 11.555, 13.493, 14.937, 16.403, 17.526, 18.056, 18.139, 18.173, 18.216, 18.587, 18.863, 19.539, 20.057, 19.747, 19.631, 20.308, 20.751, 21.05, 21.509, 21.81, 21.949, 22.054, 22.043, 22.214, 22.454, 22.584, 22.645, 22.639, 22.646, 22.001, 21.418, 21.86, 22.63, 22.479, 21.689, 21.48, 21.724, 22.013, 22.831, 24.304, 25.054, 25.537, 26.677, 27.188, 26.802, 26.669], [21.981, 21.909, 21.679, 22.004, 21.947, 21.827, 21.458, 20.907, 20.649, 20.406, 19.952, 19.407, 19.277, 18.962, 18.502, 18.377, 18.371, 18.34, 18.427, 18.031, 17.434, 16.33, 14.602, 12.755, 11.483, 10.603, 10.435, 9.972, 9.398, 9.249, 8.962, 7.132, 6.325, 5.626, 5.086, 3.956, 1.691, 0.0, 2.857, 7.528, 11.303, 13.291, 14.773, 16.3, 17.477, 18.024, 18.125, 18.142, 18.165, 18.576, 18.924, 19.661, 20.188, 19.863, 19.733, 20.396, 20.839, 21.147, 21.607, 21.903, 22.054, 22.163, 22.138, 22.297, 22.537, 22.661, 22.723, 22.728, 22.736, 22.07, 21.458, 21.921, 22.706, 22.553, 21.758, 21.546, 21.8, 22.115, 22.944, 24.418, 25.179, 25.665, 26.812, 27.297, 26.871, 26.717], [22.024, 21.94, 21.726, 22.035, 22.022, 21.969, 21.6, 21.002, 20.737, 20.55, 20.276, 19.813, 19.672, 19.457, 19.041, 18.939, 18.977, 18.989, 19.077, 18.671, 18.171, 17.178, 15.379, 13.356, 12.005, 11.161, 10.974, 10.357, 9.815, 9.827, 9.666, 8.025, 7.298, 6.723, 6.208, 5.332, 3.566, 2.857, 0.0, 5.891, 10.628, 12.828, 14.373, 15.983, 17.212, 17.761, 17.815, 17.79, 17.807, 18.308, 18.837, 19.708, 20.256, 19.906, 19.761, 20.425, 20.891, 21.239, 21.673, 21.916, 22.08, 22.192, 22.132, 22.267, 22.504, 22.628, 22.692, 22.723, 22.741, 22.054, 21.399, 21.857, 22.673, 22.559, 21.757, 21.575, 21.909, 22.283, 23.145, 24.677, 25.504, 25.977, 27.136, 27.6, 27.072, 26.856], [22.448, 22.34, 22.097, 22.336, 22.386, 22.563, 22.259, 21.493, 21.066, 20.976, 21.002, 20.684, 20.578, 20.607, 20.261, 20.162, 20.275, 20.338, 20.437, 20.013, 19.659, 18.78, 17.029, 14.93, 13.578, 12.752, 12.504, 11.873, 11.502, 11.501, 11.315, 10.043, 9.814, 9.727, 9.343, 8.973, 7.902, 7.528, 5.891, 0.0, 6.508, 9.942, 12.094, 13.961, 15.439, 16.106, 16.021, 15.954, 15.881, 16.622, 17.654, 18.907, 19.544, 19.135, 18.923, 19.588, 20.116, 20.624, 21.063, 21.166, 21.296, 21.426, 21.305, 21.389, 21.628, 21.742, 21.81, 21.927, 21.986, 21.213, 20.519, 20.979, 21.812, 21.799, 21.008, 20.935, 21.435, 22.001, 22.979, 24.678, 25.712, 26.215, 27.486, 27.982, 27.263, 26.858], [22.699, 22.615, 22.345, 22.521, 22.574, 22.839, 22.584, 21.765, 21.249, 21.201, 21.339, 21.088, 21.036, 21.169, 20.803, 20.679, 20.797, 20.853, 20.967, 20.626, 20.391, 19.654, 18.212, 16.609, 15.592, 14.839, 14.569, 14.035, 13.621, 13.539, 13.325, 12.359, 12.297, 12.465, 12.271, 12.146, 11.555, 11.303, 10.628, 6.508, 0.0, 5.261, 8.586, 10.736, 12.605, 13.641, 13.694, 13.694, 13.608, 14.804, 16.44, 18.001, 18.71, 18.305, 17.985, 18.571, 19.112, 19.696, 20.149, 20.223, 20.339, 20.48, 20.304, 20.329, 20.565, 20.661, 20.739, 20.942, 21.041, 20.165, 19.514, 20.047, 20.813, 20.819, 20.189, 20.361, 21.05, 21.789, 22.821, 24.525, 25.585, 26.11, 27.42, 27.919, 27.145, 26.638], [22.895, 22.844, 22.583, 22.716, 22.77, 23.073, 22.848, 22.067, 21.568, 21.528, 21.684, 21.446, 21.4, 21.503, 21.088, 20.957, 21.061, 21.097, 21.206, 20.912, 20.674, 20.013, 18.745, 17.412, 16.617, 16.006, 15.737, 15.195, 14.797, 14.733, 14.55, 13.801, 13.866, 14.102, 13.976, 13.933, 13.493, 13.291, 12.828, 9.942, 5.261, 0.0, 4.219, 7.439, 10.717, 12.512, 12.83, 12.855, 12.96, 14.528, 16.383, 17.992, 18.692, 18.257, 17.764, 18.176, 18.727, 19.326, 19.767, 19.843, 19.993, 20.152, 19.914, 19.859, 20.075, 20.175, 20.244, 20.466, 20.549, 19.546, 18.926, 19.474, 20.171, 20.132, 19.703, 20.29, 21.244, 22.098, 23.104, 24.729, 25.732, 26.236, 27.498, 28.009, 27.277, 26.76], [23.101, 23.061, 22.812, 22.913, 22.982, 23.327, 23.131, 22.401, 21.965, 21.917, 22.075, 21.882, 21.832, 21.919, 21.492, 21.367, 21.47, 21.498, 21.584, 21.347, 21.166, 20.605, 19.495, 18.32, 17.635, 17.11, 16.879, 16.34, 15.966, 15.942, 15.756, 15.094, 15.204, 15.434, 15.313, 15.312, 14.937, 14.773, 14.373, 12.094, 8.586, 4.219, 0.0, 4.705, 9.445, 11.782, 12.211, 12.196, 12.51, 14.414, 16.49, 18.173, 18.874, 18.422, 17.76, 17.943, 18.518, 19.153, 19.576, 19.676, 19.878, 20.086, 19.811, 19.671, 19.87, 19.975, 20.045, 20.285, 20.367, 19.273, 18.638, 19.18, 19.818, 19.726, 19.379, 20.231, 21.402, 22.344, 23.296, 24.829, 25.802, 26.292, 27.518, 28.015, 27.269, 26.723], [23.196, 23.193, 22.983, 23.055, 23.083, 23.392, 23.262, 22.657, 22.313, 22.244, 22.384, 22.262, 22.232, 22.325, 21.901, 21.786, 21.876, 21.879, 21.945, 21.81, 21.8, 21.331, 20.358, 19.42, 18.904, 18.451, 18.256, 17.86, 17.575, 17.601, 17.402, 16.721, 16.745, 16.912, 16.844, 16.798, 16.403, 16.3, 15.983, 13.961, 10.736, 7.439, 4.705, 0.0, 6.183, 9.592, 10.295, 10.483, 10.762, 12.851, 15.422, 17.445, 18.232, 17.826, 17.183, 17.242, 17.742, 18.477, 19.008, 19.245, 19.574, 19.884, 19.638, 19.47, 19.636, 19.716, 19.799, 20.068, 20.165, 19.086, 18.536, 19.151, 19.659, 19.504, 19.151, 19.889, 21.025, 21.992, 22.817, 24.132, 25.088, 25.57, 26.768, 27.167, 26.287, 25.637], [22.566, 22.593, 22.43, 22.474, 22.48, 22.785, 22.766, 22.284, 22.051, 22.007, 22.198, 22.225, 22.245, 22.394, 21.986, 21.87, 21.946, 21.912, 21.889, 21.799, 22.059, 21.853, 21.143, 20.492, 20.153, 19.715, 19.524, 19.186, 18.821, 18.864, 18.702, 17.989, 17.902, 18.071, 18.052, 17.967, 17.526, 17.477, 17.212, 15.439, 12.605, 10.717, 9.445, 6.183, 0.0, 5.013, 7.189, 8.171, 8.155, 10.427, 13.878, 16.419, 17.31, 16.97, 16.435, 16.407, 16.638, 17.361, 18.082, 18.615, 19.15, 19.568, 19.365, 19.23, 19.388, 19.439, 19.537, 19.826, 19.962, 18.986, 18.472, 19.254, 19.71, 19.497, 19.022, 19.334, 20.301, 21.266, 22.036, 23.164, 24.105, 24.612, 25.827, 26.049, 24.89, 24.068], [22.006, 22.048, 21.918, 21.988, 22.045, 22.354, 22.326, 21.808, 21.568, 21.494, 21.72, 21.869, 21.94, 22.159, 21.785, 21.666, 21.753, 21.679, 21.572, 21.455, 21.852, 21.865, 21.372, 20.922, 20.744, 20.303, 20.097, 19.747, 19.259, 19.349, 19.256, 18.605, 18.553, 18.718, 18.689, 18.569, 18.056, 18.024, 17.761, 16.106, 13.641, 12.512, 11.782, 9.592, 5.013, 0.0, 4.283, 6.429, 6.813, 9.88, 13.857, 16.559, 17.432, 17.039, 16.445, 16.302, 16.404, 16.999, 17.647, 18.252, 18.854, 19.328, 19.161, 19.04, 19.223, 19.259, 19.353, 19.645, 19.81, 18.916, 18.366, 19.158, 19.679, 19.476, 18.897, 18.993, 19.954, 20.947, 21.783, 23.028, 23.958, 24.441, 25.658, 25.801, 24.525, 23.66], [22.343, 22.397, 22.261, 22.317, 22.342, 22.597, 22.533, 21.984, 21.688, 21.565, 21.795, 21.921, 22.008, 22.249, 21.873, 21.764, 21.872, 21.825, 21.765, 21.645, 22.004, 22.042, 21.554, 21.074, 20.852, 20.39, 20.178, 19.831, 19.361, 19.482, 19.393, 18.723, 18.657, 18.813, 18.778, 18.65, 18.139, 18.125, 17.815, 16.021, 13.694, 12.83, 12.211, 10.295, 7.189, 4.283, 0.0, 3.251, 4.444, 8.456, 13.072, 15.987, 16.887, 16.457, 15.775, 15.635, 15.965, 16.739, 17.353, 17.887, 18.496, 18.975, 18.768, 18.584, 18.761, 18.805, 18.906, 19.241, 19.453, 18.624, 18.123, 18.775, 19.271, 19.101, 18.488, 18.62, 19.649, 20.681, 21.54, 22.995, 24.175, 24.713, 25.916, 26.147, 24.964, 24.14], [22.479, 22.543, 22.371, 22.407, 22.43, 22.702, 22.609, 22.0, 21.661, 21.568, 21.883, 22.007, 22.098, 22.383, 22.034, 21.931, 22.06, 22.052, 22.019, 21.887, 22.218, 22.274, 21.789, 21.273, 21.007, 20.525, 20.314, 19.927, 19.44, 19.546, 19.433, 18.749, 18.653, 18.827, 18.774, 18.669, 18.173, 18.142, 17.79, 15.954, 13.694, 12.855, 12.196, 10.483, 8.171, 6.429, 3.251, 0.0, 3.15, 8.206, 12.937, 15.847, 16.759, 16.368, 15.601, 15.349, 15.852, 16.782, 17.4, 17.861, 18.436, 18.888, 18.614, 18.364, 18.54, 18.595, 18.689, 19.05, 19.31, 18.441, 17.878, 18.459, 18.94, 18.778, 18.162, 18.423, 19.578, 20.686, 21.572, 23.097, 24.378, 24.97, 26.195, 26.504, 25.422, 24.647], [22.534, 22.572, 22.395, 22.419, 22.43, 22.676, 22.595, 22.014, 21.695, 21.602, 21.903, 22.035, 22.125, 22.434, 22.11, 22.012, 22.14, 22.15, 22.123, 22.025, 22.414, 22.456, 21.932, 21.369, 21.045, 20.55, 20.344, 19.952, 19.487, 19.567, 19.437, 18.741, 18.657, 18.882, 18.845, 18.738, 18.216, 18.165, 17.807, 15.881, 13.608, 12.96, 12.51, 10.762, 8.155, 6.813, 4.444, 3.15, 0.0, 6.181, 11.824, 15.109, 16.085, 15.715, 15.004, 14.911, 15.398, 16.368, 17.109, 17.626, 18.223, 18.689, 18.425, 18.221, 18.388, 18.432, 18.534, 18.906, 19.173, 18.352, 17.861, 18.52, 18.978, 18.817, 18.123, 18.231, 19.314, 20.416, 21.262, 22.759, 24.114, 24.728, 25.994, 26.276, 25.104, 24.255], [22.875, 22.911, 22.767, 22.799, 22.735, 22.832, 22.721, 22.22, 21.953, 21.857, 22.015, 22.1, 22.256, 22.512, 22.155, 22.046, 22.149, 22.194, 22.258, 22.233, 22.648, 22.636, 22.094, 21.502, 21.115, 20.668, 20.472, 20.2, 19.865, 19.905, 19.789, 19.036, 18.854, 19.101, 19.118, 18.991, 18.587, 18.576, 18.308, 16.622, 14.804, 14.528, 14.414, 12.851, 10.427, 9.88, 8.456, 8.206, 6.181, 0.0, 7.012, 11.232, 12.416, 12.122, 11.657, 12.068, 12.67, 13.83, 14.963, 15.889, 16.748, 17.355, 17.312, 17.353, 17.493, 17.547, 17.713, 18.013, 18.296, 17.818, 17.641, 18.488, 18.957, 18.751, 17.867, 17.374, 17.942, 18.781, 19.373, 20.787, 22.504, 23.219, 24.451, 24.809, 23.76, 22.981], [23.437, 23.491, 23.382, 23.466, 23.316, 23.218, 22.987, 22.503, 22.235, 22.118, 22.076, 22.054, 22.331, 22.511, 22.132, 22.012, 22.056, 22.138, 22.372, 22.387, 22.694, 22.567, 22.03, 21.48, 21.099, 20.716, 20.527, 20.404, 20.189, 20.162, 20.063, 19.248, 18.913, 19.101, 19.173, 19.054, 18.863, 18.924, 18.837, 17.654, 16.44, 16.383, 16.49, 15.422, 13.878, 13.857, 13.072, 12.937, 11.824, 7.012, 0.0, 4.967, 6.647, 6.764, 7.071, 8.472, 9.34, 10.596, 12.195, 13.74, 14.846, 15.532, 15.858, 16.288, 16.45, 16.529, 16.703, 16.751, 16.95, 16.877, 16.965, 17.918, 18.489, 18.269, 17.342, 16.301, 16.171, 16.517, 16.75, 18.129, 20.222, 21.088, 22.23, 22.875, 22.5, 22.239], [24.095, 24.18, 24.097, 24.199, 24.002, 23.8, 23.523, 23.087, 22.808, 22.626, 22.431, 22.334, 22.685, 22.843, 22.486, 22.364, 22.367, 22.501, 22.847, 22.875, 23.087, 22.916, 22.451, 21.993, 21.65, 21.314, 21.139, 21.076, 20.903, 20.814, 20.708, 19.874, 19.434, 19.553, 19.647, 19.563, 19.539, 19.661, 19.708, 18.907, 18.001, 17.992, 18.173, 17.445, 16.419, 16.559, 15.987, 15.847, 15.109, 11.232, 4.967, 0.0, 2.391, 3.882, 5.364, 7.494, 8.598, 9.72, 11.382, 13.176, 14.239, 14.766, 15.206, 15.846, 16.05, 16.157, 16.302, 16.167, 16.311, 16.527, 16.763, 17.62, 18.21, 18.063, 17.291, 16.146, 15.713, 15.75, 15.852, 17.295, 19.472, 20.387, 21.417, 22.249, 22.398, 22.566], [24.271, 24.381, 24.31, 24.41, 24.218, 24.013, 23.733, 23.305, 23.008, 22.793, 22.567, 22.458, 22.837, 23.036, 22.703, 22.588, 22.592, 22.751, 23.131, 23.167, 23.378, 23.228, 22.791, 22.361, 22.057, 21.756, 21.584, 21.522, 21.363, 21.259, 21.155, 20.368, 19.938, 20.044, 20.13, 20.056, 20.057, 20.188, 20.256, 19.544, 18.71, 18.692, 18.874, 18.232, 17.31, 17.432, 16.887, 16.759, 16.085, 12.416, 6.647, 2.391, 0.0, 2.581, 4.656, 7.025, 8.221, 9.373, 11.049, 12.905, 13.961, 14.404, 14.804, 15.494, 15.722, 15.845, 16.008, 15.876, 16.06, 16.403, 16.748, 17.581, 18.145, 18.008, 17.28, 16.132, 15.678, 15.68, 15.795, 17.311, 19.532, 20.439, 21.411, 22.234, 22.434, 22.682], [23.917, 24.041, 23.956, 24.065, 23.899, 23.724, 23.421, 22.917, 22.56, 22.327, 22.114, 21.988, 22.384, 22.617, 22.276, 22.163, 22.183, 22.347, 22.741, 22.78, 23.006, 22.877, 22.432, 21.992, 21.717, 21.426, 21.246, 21.17, 20.993, 20.889, 20.793, 20.029, 19.676, 19.811, 19.876, 19.788, 19.747, 19.863, 19.906, 19.135, 18.305, 18.257, 18.422, 17.826, 16.97, 17.039, 16.457, 16.368, 15.715, 12.122, 6.764, 3.882, 2.581, 0.0, 2.897, 5.994, 7.318, 8.619, 10.423, 12.341, 13.459, 13.956, 14.334, 15.011, 15.255, 15.384, 15.577, 15.502, 15.681, 15.954, 16.349, 17.256, 17.885, 17.706, 16.875, 15.773, 15.422, 15.494, 15.707, 17.39, 19.651, 20.55, 21.544, 22.343, 22.45, 22.604], [23.499, 23.648, 23.532, 23.628, 23.496, 23.391, 23.071, 22.465, 22.027, 21.779, 21.639, 21.558, 21.96, 22.238, 21.886, 21.774, 21.818, 21.975, 22.336, 22.366, 22.634, 22.604, 22.226, 21.817, 21.594, 21.31, 21.125, 21.02, 20.797, 20.707, 20.616, 19.869, 19.56, 19.724, 19.767, 19.696, 19.631, 19.733, 19.761, 18.923, 17.985, 17.764, 17.76, 17.183, 16.435, 16.445, 15.775, 15.601, 15.004, 11.657, 7.071, 5.364, 4.656, 2.897, 0.0, 3.736, 5.789, 7.479, 9.314, 11.225, 12.363, 12.895, 13.235, 13.873, 14.145, 14.295, 14.512, 14.492, 14.735, 14.925, 15.332, 16.287, 16.985, 16.818, 15.929, 15.016, 15.015, 15.31, 15.608, 17.445, 19.719, 20.604, 21.624, 22.431, 22.472, 22.522], [23.244, 23.439, 23.312, 23.392, 23.29, 23.254, 22.943, 22.278, 21.796, 21.534, 21.484, 21.495, 21.898, 22.242, 21.919, 21.818, 21.882, 22.019, 22.318, 22.342, 22.673, 22.797, 22.572, 22.279, 22.17, 21.933, 21.752, 21.62, 21.368, 21.309, 21.226, 20.55, 20.253, 20.409, 20.431, 20.384, 20.308, 20.396, 20.425, 19.588, 18.571, 18.176, 17.943, 17.242, 16.407, 16.302, 15.635, 15.349, 14.911, 12.068, 8.472, 7.494, 7.025, 5.994, 3.736, 0.0, 3.382, 5.822, 7.621, 9.498, 10.712, 11.345, 11.714, 12.321, 12.584, 12.747, 12.995, 13.023, 13.419, 13.636, 14.099, 15.118, 15.786, 15.631, 14.743, 13.936, 14.265, 14.824, 15.098, 16.959, 19.24, 20.123, 21.131, 21.954, 22.0, 22.003], [22.939, 23.107, 22.988, 23.093, 23.012, 22.987, 22.698, 22.059, 21.616, 21.367, 21.313, 21.367, 21.792, 22.129, 21.821, 21.73, 21.775, 21.877, 22.128, 22.141, 22.521, 22.739, 22.632, 22.437, 22.43, 22.246, 22.067, 21.94, 21.683, 21.634, 21.571, 20.974, 20.745, 20.893, 20.906, 20.838, 20.751, 20.839, 20.891, 20.116, 19.112, 18.727, 18.518, 17.742, 16.638, 16.404, 15.965, 15.852, 15.398, 12.67, 9.34, 8.598, 8.221, 7.318, 5.789, 3.382, 0.0, 3.069, 5.408, 7.753, 9.244, 10.127, 10.797, 11.561, 11.769, 11.887, 12.154, 12.127, 12.492, 12.829, 13.467, 14.708, 15.347, 15.173, 14.243, 13.18, 13.412, 14.02, 14.279, 16.036, 18.252, 19.146, 20.18, 21.008, 21.097, 21.144], [22.737, 22.873, 22.76, 22.893, 22.83, 22.782, 22.458, 21.818, 21.395, 21.15, 21.076, 21.16, 21.608, 21.906, 21.603, 21.517, 21.539, 21.621, 21.857, 21.859, 22.255, 22.556, 22.577, 22.496, 22.598, 22.47, 22.292, 22.177, 21.905, 21.858, 21.822, 21.278, 21.077, 21.2, 21.198, 21.112, 21.05, 21.147, 21.239, 20.624, 19.696, 19.326, 19.153, 18.477, 17.361, 16.999, 16.739, 16.782, 16.368, 13.83, 10.596, 9.72, 9.373, 8.619, 7.479, 5.822, 3.069, 0.0, 3.225, 6.426, 8.216, 9.345, 10.421, 11.44, 11.642, 11.722, 11.962, 11.801, 12.098, 12.52, 13.213, 14.599, 15.349, 15.23, 14.3, 13.1, 13.229, 13.744, 14.056, 15.797, 17.828, 18.678, 19.714, 20.625, 20.881, 21.07], [22.821, 22.929, 22.802, 22.935, 22.895, 22.86, 22.519, 21.855, 21.407, 21.14, 21.085, 21.187, 21.617, 21.891, 21.59, 21.514, 21.533, 21.61, 21.853, 21.845, 22.225, 22.573, 22.674, 22.691, 22.921, 22.865, 22.69, 22.577, 22.291, 22.263, 22.247, 21.744, 21.567, 21.667, 21.639, 21.552, 21.509, 21.607, 21.673, 21.063, 20.149, 19.767, 19.576, 19.008, 18.082, 17.647, 17.353, 17.4, 17.109, 14.963, 12.195, 11.382, 11.049, 10.423, 9.314, 7.621, 5.408, 3.225, 0.0, 3.833, 6.128, 7.606, 9.032, 10.214, 10.413, 10.443, 10.672, 10.476, 10.867, 11.433, 12.196, 13.623, 14.479, 14.537, 13.676, 12.58, 12.943, 13.596, 14.029, 15.976, 17.906, 18.69, 19.722, 20.771, 21.153, 21.386], [23.036, 23.113, 22.947, 23.061, 23.029, 23.027, 22.715, 22.04, 21.549, 21.256, 21.246, 21.346, 21.735, 22.002, 21.694, 21.623, 21.65, 21.723, 21.969, 21.944, 22.288, 22.647, 22.772, 22.818, 23.106, 23.105, 22.945, 22.816, 22.525, 22.516, 22.511, 22.022, 21.873, 21.976, 21.922, 21.843, 21.81, 21.903, 21.916, 21.166, 20.223, 19.843, 19.676, 19.245, 18.615, 18.252, 17.887, 17.861, 17.626, 15.889, 13.74, 13.176, 12.905, 12.341, 11.225, 9.498, 7.753, 6.426, 3.833, 0.0, 3.082, 5.386, 7.31