[[0.0, 1.201, 3.559, 5.68, 6.652, 10.269, 12.74, 13.561, 14.051, 14.603, 14.528, 15.839, 19.936, 21.975, 22.443, 22.949, 24.018, 24.586, 24.906, 24.75, 24.174, 23.42, 23.241, 24.839, 27.157, 27.676, 26.199, 25.582, 25.856, 28.339, 30.418, 30.406, 30.626, 30.999, 31.1, 32.351, 33.086, 32.711, 32.215, 31.104, 30.992, 31.653, 31.654, 31.125, 31.047, 31.399, 31.912, 31.142, 29.804, 29.576, 29.657, 29.3, 28.809, 28.093, 28.261, 28.596, 28.748, 29.095, 29.294, 29.699, 30.516, 31.436, 31.991, 31.237, 32.062, 34.777, 36.903, 37.18, 36.505, 34.406, 32.249, 32.235, 33.226, 33.774, 34.296, 34.854, 34.995, 35.044, 34.398, 32.608, 31.491, 31.527, 32.091, 31.661, 31.087, 30.626], [1.201, 0.0, 2.858, 5.225, 6.265, 9.996, 12.547, 13.407, 13.883, 14.408, 14.327, 15.701, 19.84, 21.876, 22.319, 22.8, 23.874, 24.449, 24.772, 24.608, 24.041, 23.29, 23.108, 24.717, 27.035, 27.537, 26.047, 25.436, 25.724, 28.224, 30.306, 30.289, 30.514, 30.898, 31.01, 32.272, 33.006, 32.631, 32.136, 31.024, 30.908, 31.556, 31.549, 31.02, 30.944, 31.294, 31.803, 31.036, 29.711, 29.497, 29.582, 29.223, 28.737, 28.034, 28.222, 28.574, 28.735, 29.076, 29.27, 29.68, 30.497, 31.418, 31.966, 31.201, 32.02, 34.731, 36.855, 37.133, 36.454, 34.343, 32.181, 32.168, 33.16, 33.705, 34.217, 34.771, 34.917, 34.967, 34.316, 32.527, 31.413, 31.448, 32.014, 31.584, 31.028, 30.582], [3.559, 2.858, 0.0, 2.995, 4.503, 8.765, 11.825, 12.94, 13.431, 13.82, 13.714, 15.131, 19.283, 21.289, 21.704, 22.173, 23.251, 23.834, 24.162, 23.999, 23.466, 22.745, 22.545, 24.151, 26.488, 27.029, 25.559, 24.938, 25.253, 27.796, 29.882, 29.86, 30.093, 30.485, 30.583, 31.845, 32.615, 32.262, 31.76, 30.666, 30.531, 31.154, 31.139, 30.63, 30.552, 30.91, 31.453, 30.704, 29.392, 29.164, 29.237, 28.872, 28.401, 27.758, 28.037, 28.431, 28.605, 28.943, 29.127, 29.531, 30.341, 31.266, 31.814, 31.034, 31.831, 34.512, 36.6, 36.854, 36.184, 34.079, 31.908, 31.893, 32.886, 33.391, 33.842, 34.39, 34.542, 34.583, 33.927, 32.135, 31.029, 31.044, 31.606, 31.208, 30.692, 30.271], [5.68, 5.225, 2.995, 0.0, 2.72, 7.982, 11.385, 12.68, 13.158, 13.526, 13.41, 14.793, 18.861, 20.822, 21.24, 21.75, 22.838, 23.405, 23.716, 23.55, 23.035, 22.368, 22.203, 23.79, 26.121, 26.705, 25.284, 24.649, 24.958, 27.512, 29.591, 29.572, 29.81, 30.203, 30.295, 31.543, 32.312, 31.98, 31.469, 30.404, 30.274, 30.878, 30.852, 30.356, 30.28, 30.657, 31.235, 30.511, 29.209, 28.921, 28.947, 28.576, 28.112, 27.52, 27.884, 28.322, 28.492, 28.824, 28.994, 29.378, 30.17, 31.097, 31.665, 30.896, 31.682, 34.332, 36.383, 36.603, 35.937, 33.86, 31.709, 31.687, 32.67, 33.147, 33.562, 34.109, 34.265, 34.293, 33.639, 31.85, 30.746, 30.757, 31.334, 30.999, 30.53, 30.109], [6.652, 6.265, 4.503, 2.72, 0.0, 6.335, 10.171, 11.606, 12.132, 12.526, 12.457, 13.913, 18.219, 20.324, 20.855, 21.434, 22.563, 23.166, 23.509, 23.353, 22.811, 22.126, 21.961, 23.598, 26.054, 26.735, 25.339, 24.676, 24.972, 27.559, 29.674, 29.662, 29.902, 30.284, 30.335, 31.571, 32.367, 32.036, 31.529, 30.476, 30.343, 30.968, 30.961, 30.477, 30.398, 30.807, 31.448, 30.727, 29.36, 29.01, 29.027, 28.639, 28.141, 27.528, 27.919, 28.371, 28.525, 28.874, 29.048, 29.422, 30.222, 31.167, 31.769, 31.031, 31.853, 34.542, 36.606, 36.821, 36.164, 34.111, 31.964, 31.933, 32.911, 33.38, 33.791, 34.35, 34.51, 34.531, 33.872, 32.073, 30.962, 30.976, 31.591, 31.282, 30.78, 30.307], [10.269, 9.996, 8.765, 7.982, 6.335, 0.0, 5.255, 7.68, 8.561, 9.008, 9.083, 10.628, 15.355, 17.756, 18.501, 19.202, 20.384, 21.092, 21.564, 21.511, 21.016, 20.39, 20.257, 22.026, 24.814, 25.802, 24.559, 23.867, 24.108, 26.673, 28.843, 28.863, 29.122, 29.501, 29.465, 30.667, 31.588, 31.31, 30.847, 29.974, 29.922, 30.561, 30.581, 30.127, 30.04, 30.547, 31.392, 30.716, 29.239, 28.777, 28.785, 28.371, 27.825, 27.196, 27.681, 28.144, 28.245, 28.621, 28.813, 29.151, 29.916, 30.835, 31.477, 30.87, 31.77, 34.447, 36.466, 36.671, 36.079, 34.128, 32.008, 31.944, 32.904, 33.329, 33.691, 34.28, 34.45, 34.459, 33.855, 32.17, 31.126, 31.117, 31.752, 31.548, 31.075, 30.582], [12.74, 12.547, 11.825, 11.385, 10.171, 5.255, 0.0, 3.567, 5.319, 6.283, 6.513, 8.258, 13.304, 15.888, 16.888, 17.794, 19.05, 19.801, 20.342, 20.387, 19.971, 19.389, 19.326, 21.225, 24.251, 25.408, 24.261, 23.604, 23.805, 26.274, 28.477, 28.539, 28.8, 29.187, 29.141, 30.279, 31.195, 30.937, 30.514, 29.786, 29.883, 30.576, 30.625, 30.187, 30.098, 30.681, 31.663, 31.068, 29.584, 29.052, 29.01, 28.588, 28.008, 27.301, 27.7, 28.105, 28.175, 28.568, 28.776, 29.086, 29.819, 30.696, 31.348, 30.833, 31.75, 34.372, 36.32, 36.51, 35.965, 34.109, 32.041, 31.958, 32.886, 33.323, 33.715, 34.313, 34.475, 34.488, 33.943, 32.328, 31.291, 31.237, 31.822, 31.645, 31.204, 30.721], [13.561, 13.407, 12.94, 12.68, 11.606, 7.68, 3.567, 0.0, 2.901, 4.726, 5.087, 7.202, 12.533, 15.172, 16.31, 17.322, 18.612, 19.376, 19.929, 20.003, 19.611, 19.036, 19.017, 20.988, 24.098, 25.317, 24.216, 23.603, 23.811, 26.268, 28.5, 28.576, 28.824, 29.205, 29.148, 30.245, 31.133, 30.87, 30.47, 29.782, 29.953, 30.72, 30.803, 30.368, 30.275, 30.871, 31.888, 31.311, 29.818, 29.273, 29.227, 28.816, 28.232, 27.484, 27.822, 28.196, 28.256, 28.657, 28.87, 29.174, 29.905, 30.772, 31.433, 30.935, 31.855, 34.473, 36.412, 36.598, 36.059, 34.225, 32.172, 32.082, 32.992, 33.448, 33.873, 34.475, 34.627, 34.642, 34.108, 32.497, 31.438, 31.361, 31.92, 31.73, 31.27, 30.776], [14.051, 13.883, 13.431, 13.158, 12.132, 8.561, 5.319, 2.901, 0.0, 2.862, 3.768, 6.237, 11.823, 14.491, 15.651, 16.758, 18.115, 18.889, 19.452, 19.491, 19.118, 18.559, 18.554, 20.549, 23.712, 24.963, 23.915, 23.369, 23.61, 26.103, 28.347, 28.411, 28.651, 29.033, 28.966, 30.035, 30.909, 30.648, 30.252, 29.587, 29.789, 30.572, 30.671, 30.245, 30.152, 30.761, 31.785, 31.213, 29.745, 29.195, 29.122, 28.708, 28.132, 27.416, 27.783, 28.167, 28.224, 28.611, 28.809, 29.11, 29.833, 30.683, 31.333, 30.813, 31.722, 34.335, 36.275, 36.464, 35.929, 34.101, 32.072, 31.982, 32.882, 33.343, 33.775, 34.367, 34.516, 34.523, 33.983, 32.37, 31.296, 31.206, 31.759, 31.577, 31.12, 30.622], [14.603, 14.408, 13.82, 13.526, 12.526, 9.008, 6.283, 4.726, 2.862, 0.0, 2.06, 5.076, 10.862, 13.592, 14.776, 15.924, 17.327, 18.118, 18.71, 18.705, 18.288, 17.697, 17.629, 19.669, 22.996, 24.364, 23.379, 22.845, 23.106, 25.667, 27.948, 28.001, 28.241, 28.631, 28.543, 29.608, 30.508, 30.26, 29.868, 29.21, 29.398, 30.172, 30.276, 29.89, 29.806, 30.433, 31.467, 30.91, 29.49, 28.972, 28.898, 28.487, 27.92, 27.254, 27.671, 28.068, 28.14, 28.525, 28.715, 29.009, 29.722, 30.559, 31.187, 30.637, 31.519, 34.101, 36.012, 36.197, 35.677, 33.863, 31.859, 31.785, 32.684, 33.119, 33.511, 34.093, 34.239, 34.233, 33.678, 32.05, 30.974, 30.857, 31.373, 31.173, 30.702, 30.196], [14.528, 14.327, 13.714, 13.41, 12.457, 9.083, 6.513, 5.087, 3.768, 2.06, 0.0, 4.458, 10.668, 13.38, 14.577, 15.757, 17.133, 17.899, 18.493, 18.497, 18.073, 17.488, 17.44, 19.565, 22.926, 24.282, 23.299, 22.758, 23.031, 25.613, 27.905, 27.968, 28.211, 28.602, 28.536, 29.63, 30.527, 30.271, 29.876, 29.2, 29.377, 30.142, 30.233, 29.835, 29.767, 30.379, 31.366, 30.806, 29.409, 28.922, 28.869, 28.473, 27.915, 27.259, 27.702, 28.137, 28.238, 28.616, 28.809, 29.109, 29.828, 30.665, 31.281, 30.721, 31.596, 34.175, 36.072, 36.245, 35.718, 33.9, 31.9, 31.839, 32.737, 33.167, 33.558, 34.138, 34.285, 34.278, 33.716, 32.077, 31.003, 30.894, 31.409, 31.19, 30.708, 30.208], [15.839, 15.701, 15.131, 14.793, 13.913, 10.628, 8.258, 7.202, 6.237, 5.076, 4.458, 0.0, 7.151, 10.528, 12.25, 13.993, 15.589, 16.412, 17.114, 17.246, 16.833, 16.22, 16.155, 18.257, 21.863, 23.422, 22.566, 22.07, 22.328, 24.951, 27.27, 27.357, 27.609, 27.991, 27.856, 28.844, 29.713, 29.479, 29.114, 28.544, 28.821, 29.646, 29.761, 29.366, 29.3, 30.008, 31.037, 30.501, 29.136, 28.627, 28.551, 28.149, 27.605, 26.96, 27.406, 27.808, 27.862, 28.26, 28.458, 28.728, 29.408, 30.208, 30.825, 30.294, 31.146, 33.641, 35.506, 35.705, 35.227, 33.493, 31.555, 31.471, 32.356, 32.793, 33.167, 33.709, 33.855, 33.843, 33.282, 31.662, 30.622, 30.533, 31.036, 30.812, 30.349, 29.877], [19.936, 19.84, 19.283, 18.861, 18.219, 15.355, 13.304, 12.533, 11.823, 10.862, 10.668, 7.151, 0.0, 4.705, 8.008, 11.055, 13.038, 13.851, 14.625, 14.976, 14.668, 14.135, 14.139, 15.83, 19.551, 21.564, 21.223, 20.976, 21.185, 23.633, 25.838, 25.975, 26.238, 26.584, 26.35, 27.17, 28.013, 27.879, 27.606, 27.364, 27.902, 28.782, 28.925, 28.598, 28.531, 29.3, 30.395, 30.015, 28.864, 28.359, 28.2, 27.818, 27.356, 26.817, 27.31, 27.703, 27.694, 28.082, 28.259, 28.443, 28.976, 29.638, 30.223, 29.789, 30.505, 32.641, 34.297, 34.494, 34.151, 32.677, 30.971, 30.861, 31.648, 32.032, 32.302, 32.758, 32.897, 32.866, 32.355, 30.906, 30.007, 29.922, 30.366, 30.224, 29.905, 29.576], [21.975, 21.876, 21.289, 20.822, 20.324, 17.756, 15.888, 15.172, 14.491, 13.592, 13.38, 10.528, 4.705, 0.0, 4.882, 9.23, 11.595, 12.272, 12.856, 13.268, 13.137, 12.875, 13.015, 14.441, 17.896, 20.047, 20.08, 19.992, 20.222, 22.536, 24.662, 24.846, 25.107, 25.437, 25.227, 26.049, 26.891, 26.81, 26.58, 26.514, 27.216, 28.097, 28.226, 27.941, 27.897, 28.628, 29.714, 29.504, 28.585, 28.137, 27.941, 27.592, 27.214, 26.794, 27.369, 27.851, 27.872, 28.197, 28.374, 28.556, 29.013, 29.609, 30.144, 29.741, 30.349, 32.263, 33.765, 33.913, 33.634, 32.297, 30.749, 30.652, 31.361, 31.681, 31.909, 32.351, 32.489, 32.448, 31.956, 30.626, 29.819, 29.683, 30.036, 29.959, 29.761, 29.545], [22.443, 22.319, 21.704, 21.24, 20.855, 18.501, 16.888, 16.31, 15.651, 14.776, 14.577, 12.25, 8.008, 4.882, 0.0, 5.626, 8.858, 9.739, 10.218, 10.529, 10.742, 10.914, 11.297, 12.729, 15.798, 17.786, 17.97, 17.958, 18.263, 20.591, 22.728, 22.946, 23.22, 23.594, 23.514, 24.503, 25.379, 25.321, 25.082, 25.115, 25.928, 26.794, 26.897, 26.646, 26.64, 27.402, 28.628, 28.56, 27.814, 27.435, 27.242, 26.881, 26.54, 26.22, 26.875, 27.473, 27.55, 27.796, 27.958, 28.182, 28.631, 29.226, 29.697, 29.268, 29.832, 31.678, 33.117, 33.219, 32.942, 31.589, 30.075, 30.024, 30.709, 30.986, 31.218, 31.699, 31.855, 31.8, 31.275, 29.992, 29.221, 29.003, 29.264, 29.209, 29.137, 29.028], [22.949, 22.8, 22.173, 21.75, 21.434, 19.202, 17.794, 17.322, 16.758, 15.924, 15.757, 13.993, 11.055, 9.23, 5.626, 0.0, 4.385, 6.179, 7.041, 7.342, 7.92, 8.605, 9.271, 10.859, 13.974, 15.901, 15.977, 15.897, 16.195, 18.557, 20.735, 20.953, 21.268, 21.731, 21.798, 22.889, 23.764, 23.725, 23.49, 23.62, 24.483, 25.325, 25.429, 25.216, 25.233, 26.061, 27.49, 27.494, 26.801, 26.516, 26.401, 26.03, 25.682, 25.413, 26.174, 26.876, 26.995, 27.185, 27.333, 27.588, 28.038, 28.642, 29.068, 28.653, 29.243, 31.054, 32.419, 32.48, 32.212, 30.842, 29.318, 29.317, 30.02, 30.275, 30.514, 31.031, 31.199, 31.123, 30.58, 29.37, 28.676, 28.414, 28.631, 28.624, 28.667, 28.63], [24.018, 23.874, 23.251, 22.838, 22.563, 20.384, 19.05, 18.612, 18.115, 17.327, 17.133, 15.589, 13.038, 11.595, 8.858, 4.385, 0.0, 2.899, 4.593, 5.484, 6.564, 7.681, 8.561, 10.052, 13.242, 15.253, 15.43, 15.339, 15.451, 17.579, 19.731, 19.989, 20.341, 20.843, 20.981, 22.057, 22.879, 22.849, 22.65, 22.945, 23.873, 24.688, 24.782, 24.576, 24.588, 25.391, 26.788, 26.745, 26.02, 25.767, 25.782, 25.488, 25.162, 24.909, 25.763, 26.543, 26.676, 26.844, 26.977, 27.217, 27.635, 28.226, 28.647, 28.311, 28.927, 30.626, 31.834, 31.841, 31.626, 30.368, 28.907, 28.917, 29.606, 29.833, 30.041, 30.532, 30.692, 30.6, 30.076, 28.962, 28.37, 28.14, 28.377, 28.438, 28.542, 28.55], [24.586, 24.449, 23.834, 23.405, 23.166, 21.092, 19.801, 19.376, 18.889, 18.118, 17.899, 16.412, 13.851, 12.272, 9.739, 6.179, 2.899, 0.0, 2.454, 4.021, 5.62, 7.172, 8.213, 9.552, 12.6, 14.691, 15.118, 15.157, 15.184, 17.1, 19.215, 19.504, 19.852, 20.325, 20.461, 21.539, 22.379, 22.379, 22.187, 22.529, 23.548, 24.401, 24.496, 24.292, 24.306, 25.028, 26.315, 26.276, 25.611, 25.373, 25.433, 25.253, 25.006, 24.784, 25.642, 26.431, 26.579, 26.738, 26.875, 27.102, 27.477, 28.026, 28.436, 28.164, 28.779, 30.361, 31.48, 31.489, 31.329, 30.179, 28.787, 28.772, 29.425, 29.641, 29.836, 30.295, 30.441, 30.348, 29.839, 28.791, 28.267, 28.057, 28.282, 28.355, 28.463, 28.503], [24.906, 24.772, 24.162, 23.716, 23.509, 21.564, 20.342, 19.929, 19.452, 18.71, 18.493, 17.114, 14.625, 12.856, 10.218, 7.041, 4.593, 2.454, 0.0, 2.403, 4.754, 6.837, 8.106, 9.371, 12.08, 14.116, 14.706, 14.827, 14.891, 16.728, 18.818, 19.127, 19.457, 19.91, 20.11, 21.294, 22.182, 22.199, 21.987, 22.328, 23.429, 24.32, 24.423, 24.225, 24.243, 24.898, 26.135, 26.164, 25.61, 25.385, 25.395, 25.262, 25.112, 24.949, 25.791, 26.583, 26.744, 26.883, 27.041, 27.283, 27.629, 28.143, 28.523, 28.26, 28.854, 30.353, 31.422, 31.431, 31.284, 30.157, 28.785, 28.76, 29.386, 29.585, 29.775, 30.234, 30.378, 30.284, 29.769, 28.734, 28.235, 28.021, 28.213, 28.283, 28.388, 28.442], [24.75, 24.608, 23.999, 23.55, 23.353, 21.511, 20.387, 20.003, 19.491, 18.705, 18.497, 17.246, 14.976, 13.268, 10.529, 7.342, 5.484, 4.021, 2.403, 0.0, 3.321, 5.954, 7.358, 8.715, 11.406, 13.399, 13.957, 14.118, 14.282, 16.225, 18.327, 18.598, 18.912, 19.374, 19.62, 20.901, 21.827, 21.831, 21.592, 21.87, 22.972, 23.874, 23.991, 23.816, 23.85, 24.504, 25.762, 25.834, 25.387, 25.22, 25.201, 25.067, 24.946, 24.837, 25.676, 26.486, 26.682, 26.799, 26.967, 27.234, 27.582, 28.088, 28.447, 28.176, 28.768, 30.246, 31.311, 31.324, 31.143, 29.96, 28.57, 28.567, 29.196, 29.373, 29.567, 30.057, 30.209, 30.118, 29.578, 28.526, 28.025, 27.777, 27.911, 27.925, 27.984, 28.022], [24.174, 24.041, 23.466, 23.035, 22.811, 21.016, 19.971, 19.611, 19.118, 18.288, 18.073, 16.833, 14.668, 13.137, 10.742, 7.92, 6.564, 5.62, 4.754, 3.321, 0.0, 3.393, 5.286, 7.038, 10.691, 13.189, 13.64, 13.694, 13.869, 16.082, 18.299, 18.538, 18.843, 19.274, 19.441, 20.746, 21.709, 21.644, 21.374, 21.568, 22.592, 23.533, 23.697, 23.543, 23.583, 24.261, 25.585, 25.686, 25.2, 25.027, 25.034, 24.919, 24.762, 24.599, 25.421, 26.177, 26.357, 26.532, 26.743, 27.021, 27.408, 27.959, 28.365, 28.102, 28.742, 30.313, 31.463, 31.491, 31.28, 30.032, 28.582, 28.615, 29.307, 29.518, 29.756, 30.286, 30.433, 30.349, 29.795, 28.684, 28.147, 27.877, 27.998, 27.946, 27.883, 27.824], [23.42, 23.29, 22.745, 22.368, 22.126, 20.39, 19.389, 19.036, 18.559, 17.697, 17.488, 16.22, 14.135, 12.875, 10.914, 8.605, 7.681, 7.172, 6.837, 5.954, 3.393, 0.0, 2.569, 5.37, 10.405, 13.417, 13.747, 13.722, 13.91, 16.428, 18.747, 18.944, 19.259, 19.663, 19.651, 20.888, 21.901, 21.783, 21.467, 21.562, 22.535, 23.522, 23.715, 23.56, 23.602, 24.32, 25.691, 25.778, 25.207, 25.003, 25.04, 24.928, 24.716, 24.449, 25.21, 25.921, 26.078, 26.319, 26.553, 26.832, 27.259, 27.854, 28.296, 27.984, 28.652, 30.355, 31.641, 31.717, 31.503, 30.2, 28.67, 28.717, 29.47, 29.748, 30.038, 30.583, 30.724, 30.648, 30.063, 28.848, 28.25, 27.969, 28.105, 27.991, 27.823, 27.677], [23.241, 23.108, 22.545, 22.203, 21.961, 20.257, 19.326, 19.017, 18.554, 17.629, 17.44, 16.155, 14.139, 13.015, 11.297, 9.271, 8.561, 8.213, 8.106, 7.358, 5.286, 2.569, 0.0, 4.13, 10.096, 13.398, 13.686, 13.626, 13.841, 16.526, 18.887, 19.019, 19.34, 19.741, 19.569, 20.691, 21.768, 21.678, 21.346, 21.383, 22.31, 23.315, 23.531, 23.395, 23.434, 24.211, 25.619, 25.674, 25.052, 24.832, 24.888, 24.781, 24.552, 24.265, 25.007, 25.701, 25.866, 26.134, 26.38, 26.653, 27.082, 27.678, 28.129, 27.793, 28.453, 30.182, 31.497, 31.6, 31.412, 30.12, 28.564, 28.606, 29.385, 29.668, 29.934, 30.47, 30.608, 30.536, 29.941, 28.708, 28.122, 27.835, 27.985, 27.873, 27.691, 27.526], [24.839, 24.717, 24.151, 23.79, 23.598, 22.026, 21.225, 20.988, 20.549, 19.669, 19.565, 18.257, 15.83, 14.441, 12.729, 10.859, 10.052, 9.552, 9.371, 8.715, 7.038, 5.37, 4.13, 0.0, 7.04, 11.218, 12.035, 12.153, 12.296, 14.945, 17.176, 17.262, 17.623, 18.046, 17.831, 18.881, 19.994, 19.998, 19.717, 20.009, 21.091, 22.124, 22.378, 22.361, 22.426, 23.218, 24.725, 24.947, 24.522, 24.414, 24.538, 24.491, 24.336, 24.136, 24.899, 25.62, 25.798, 26.034, 26.28, 26.532, 26.9, 27.465, 27.881, 27.552, 28.098, 29.615, 30.827, 30.917, 30.818, 29.699, 28.306, 28.346, 29.079, 29.308, 29.496, 29.994, 30.115, 30.029, 29.46, 28.395, 27.954, 27.642, 27.692, 27.593, 27.502, 27.441], [27.157, 27.035, 26.488, 26.121, 26.054, 24.814, 24.251, 24.098, 23.712, 22.996, 22.926, 21.863, 19.551, 17.896, 15.798, 13.974, 13.242, 12.6, 12.08, 11.406, 10.691, 10.405, 10.096, 7.04, 0.0, 5.565, 8.106, 9.057, 9.386, 11.388, 13.205, 13.338, 13.71, 14.225, 14.459, 15.897, 16.973, 17.082, 16.911, 17.607, 19.09, 20.128, 20.354, 20.476, 20.625, 21.275, 22.861, 23.541, 23.714, 23.961, 24.107, 24.129, 24.168, 24.13, 24.903, 25.837, 26.142, 26.169, 26.438, 26.744, 27.007, 27.476, 27.728, 27.44, 27.796, 28.887, 29.911, 29.996, 29.986, 29.031, 27.897, 27.922, 28.504, 28.632, 28.762, 29.221, 29.345, 29.251, 28.652, 27.795, 27.566, 27.196, 26.969, 26.784, 26.934, 27.164], [27.676, 27.537, 27.029, 26.705, 26.735, 25.802, 25.408, 25.317, 24.963, 24.364, 24.282, 23.422, 21.564, 20.047, 17.786, 15.901, 15.253, 14.691, 14.116, 13.399, 13.189, 13.417, 13.398, 11.218, 5.565, 0.0, 4.326, 6.511, 7.48, 9.441, 11.151, 11.359, 11.788, 12.525, 13.372, 15.121, 15.865, 15.887, 15.737, 16.442, 18.112, 19.047, 19.134, 19.2, 19.362, 19.863, 21.35, 22.23, 22.841, 23.383, 23.459, 23.402, 23.536, 23.581, 24.328, 25.447, 25.872, 25.703, 25.951, 26.386, 26.639, 27.044, 27.135, 26.794, 27.077, 27.992, 28.907, 28.974, 28.908, 27.903, 26.87, 26.903, 27.396, 27.489, 27.675, 28.134, 28.286, 28.213, 27.57, 26.79, 26.623, 26.228, 25.88, 25.653, 26.024, 26.485], [26.199, 26.047, 25.559, 25.284, 25.339, 24.559, 24.261, 24.216, 23.915, 23.379, 23.299, 22.566, 21.223, 20.08, 17.97, 15.977, 15.43, 15.118, 14.706, 13.957, 13.64, 13.747, 13.686, 12.035, 8.106, 4.326, 0.0, 3.208, 5.271, 8.764, 11.099, 11.24, 11.692, 12.555, 13.509, 15.288, 15.847, 15.686, 15.478, 15.874, 17.344, 18.234, 18.277, 18.239, 18.376, 18.909, 20.413, 21.172, 21.735, 22.37, 22.416, 22.233, 22.283, 22.298, 23.097, 24.255, 24.705, 24.523, 24.751, 25.263, 25.652, 26.143, 26.23, 25.767, 26.107, 27.269, 28.326, 28.346, 28.128, 26.912, 25.708, 25.776, 26.355, 26.513, 26.803, 27.32, 27.492, 27.439, 26.763, 25.852, 25.579, 25.154, 24.839, 24.62, 25.005, 25.434], [25.582, 25.436, 24.938, 24.649, 24.676, 23.867, 23.604, 23.603, 23.369, 22.845, 22.758, 22.07, 20.976, 19.992, 17.958, 15.897, 15.339, 15.157, 14.827, 14.118, 13.694, 13.722, 13.626, 12.153, 9.057, 6.511, 3.208, 0.0, 3.417, 8.329, 11.054, 11.163, 11.636, 12.525, 13.433, 15.252, 15.848, 15.618, 15.362, 15.646, 16.827, 17.631, 17.682, 17.636, 17.773, 18.393, 20.044, 20.795, 21.25, 21.856, 21.932, 21.7, 21.691, 21.702, 22.639, 23.822, 24.264, 24.114, 24.342, 24.863, 25.347, 25.975, 26.112, 25.58, 25.955, 27.277, 28.376, 28.307, 28.023, 26.746, 25.456, 25.57, 26.222, 26.366, 26.66, 27.24, 27.416, 27.338, 26.653, 25.669, 25.325, 24.844, 24.536, 24.326, 24.645, 24.994], [25.856, 25.724, 25.253, 24.958, 24.972, 24.108, 23.805, 23.811, 23.61, 23.106, 23.031, 22.328, 21.185, 20.222, 18.263, 16.195, 15.451, 15.184, 14.891, 14.282, 13.869, 13.91, 13.841, 12.296, 9.386, 7.48, 5.271, 3.417, 0.0, 6.113, 9.415, 9.572, 10.058, 10.989, 11.915, 13.855, 14.548, 14.345, 14.073, 14.453, 15.657, 16.467, 16.541, 16.535, 16.664, 17.395, 19.347, 20.226, 20.606, 21.071, 21.151, 20.95, 20.909, 20.888, 21.908, 23.154, 23.627, 23.535, 23.786, 24.285, 24.748, 25.401, 25.668, 25.276, 25.676, 26.906, 27.872, 27.767, 27.549, 26.362, 25.077, 25.198, 25.87, 25.982, 26.238, 26.831, 26.994, 26.892, 26.228, 25.275, 24.924, 24.398, 24.071, 23.915, 24.232, 24.558], [28.339, 28.224, 27.796, 27.512, 27.559, 26.673, 26.274, 26.268, 26.103, 25.667, 25.613, 24.951, 23.633, 22.536, 20.591, 18.557, 17.579, 17.1, 16.728, 16.225, 16.082, 16.428, 16.526, 14.945, 11.388, 9.441, 8.764, 8.329, 6.113, 0.0, 4.119, 4.792, 5.193, 6.237, 7.831, 10.335, 11.173, 11.143, 11.012, 11.775, 13.355, 14.184, 14.263, 14.418, 14.571, 15.26, 17.656, 18.985, 19.588, 19.98, 20.042, 20.016, 20.116, 20.126, 21.13, 22.516, 23.074, 22.926, 23.269, 23.705, 23.982, 24.475, 24.784, 24.962, 25.404, 26.041, 26.582, 26.538, 26.58, 25.699, 24.611, 24.662, 25.18, 25.139, 25.264, 25.814, 25.973, 25.871, 25.248, 24.518, 24.38, 23.864, 23.458, 23.45, 23.974, 24.449], [30.418, 30.306, 29.882, 29.591, 29.674, 28.843, 28.477, 28.5, 28.347, 27.948, 27.905, 27.27, 25.838, 24.662, 22.728, 20.735, 19.731, 19.215, 18.818, 18.327, 18.299, 18.747, 18.887, 17.176, 13.205, 11.151, 11.099, 11.054, 9.415, 4.119, 0.0, 1.732, 2.572, 3.9, 6.354, 9.049, 9.775, 9.919, 9.897, 10.933, 12.676, 13.421, 13.481, 13.75, 13.961, 14.497, 16.941, 18.525, 19.408, 19.909, 19.995, 20.059, 20.326, 20.502, 21.498, 22.941, 23.526, 23.272, 23.604, 23.99, 24.135, 24.523, 24.725, 25.096, 25.498, 25.733, 26.072, 26.094, 26.269, 25.593, 24.745, 24.775, 25.163, 24.997, 25.016, 25.518, 25.68, 25.585, 24.989, 24.481, 24.556, 24.107, 23.706, 23.804, 24.491, 25.113], [30.406, 30.289, 29.86, 29.572, 29.662, 28.863, 28.539, 28.576, 28.411, 28.001, 27.968, 27.357, 25.975, 24.846, 22.946, 20.953, 19.989, 19.504, 19.127, 18.598, 18.538, 18.944, 19.019, 17.262, 13.338, 11.359, 11.24, 11.163, 9.572, 4.792, 1.732, 0.0, 1.745, 3.529, 6.01, 8.654, 9.363, 9.53, 9.481, 10.45, 12.149, 12.91, 13.001, 13.301, 13.522, 14.068, 16.55, 18.129, 19.025, 19.575, 19.678, 19.745, 20.039, 20.289, 21.336, 22.783, 23.375, 23.111, 23.424, 23.803, 23.952, 24.341, 24.523, 24.849, 25.248, 25.502, 25.882, 25.926, 26.099, 25.412, 24.565, 24.598, 24.99, 24.812, 24.81, 25.313, 25.474, 25.376, 24.787, 24.309, 24.418, 23.98, 23.593, 23.693, 24.391, 25.036], [30.626, 30.514, 30.093, 29.81, 29.902, 29.122, 28.8, 28.824, 28.651, 28.241, 28.211, 27.609, 26.238, 25.107, 23.22, 21.268, 20.341, 19.852, 19.457, 18.912, 18.843, 19.259, 19.34, 17.623, 13.71, 11.788, 11.692, 11.636, 10.058, 5.193, 2.572, 1.745, 0.0, 2.303, 5.465, 8.413, 9.214, 9.404, 9.367, 10.33, 12.077, 12.874, 12.987, 13.314, 13.551, 14.102, 16.637, 18.246, 19.121, 19.645, 19.712, 19.787, 20.086, 20.353, 21.41, 22.846, 23.43, 23.161, 23.491, 23.869, 24.006, 24.364, 24.552, 24.93, 25.335, 25.57, 25.954, 26.003, 26.177, 25.497, 24.641, 24.656, 25.035, 24.853, 24.848, 25.348, 25.513, 25.422, 24.825, 24.319, 24.423, 23.98, 23.556, 23.632, 24.332, 24.977], [30.999, 30.898, 30.485, 30.203, 30.284, 29.501, 29.187, 29.205, 29.033, 28.631, 28.602, 27.991, 26.584, 25.437, 23.594, 21.731, 20.843, 20.325, 19.91, 19.374, 19.274, 19.663, 19.741, 18.046, 14.225, 12.525, 12.555, 12.525, 10.989, 6.237, 3.9, 3.529, 2.303, 0.0, 3.927, 7.47, 8.661, 8.947, 8.934, 9.893, 11.651, 12.538, 12.729, 13.084, 13.34, 13.963, 16.697, 18.407, 19.242, 19.684, 19.715, 19.817, 20.141, 20.417, 21.465, 22.88, 23.454, 23.215, 23.571, 23.93, 24.047, 24.365, 24.571, 25.028, 25.463, 25.645, 25.996, 26.083, 26.331, 25.729, 24.865, 24.841, 25.2, 24.997, 24.972, 25.471, 25.638, 25.558, 24.966, 24.447, 24.514, 24.028, 23.567, 23.637, 24.306, 24.942], [31.1, 31.01, 30.583, 30.295, 30.335, 29.465, 29.141, 29.148, 28.966, 28.543, 28.536, 27.856, 26.35, 25.227, 23.514, 21.798, 20.981, 20.461, 20.11, 19.62, 19.441, 19.651, 19.569, 17.831, 14.459, 13.372, 13.509, 13.433, 11.915, 7.831, 6.354, 6.01, 5.465, 3.927, 0.0, 4.456, 6.917, 7.539, 7.52, 8.529, 10.29, 11.46, 11.911, 12.337, 12.533, 13.522, 16.785, 18.578, 19.185, 19.316, 19.266, 19.398, 19.716, 19.935, 20.969, 22.336, 22.904, 22.793, 23.208, 23.521, 23.61, 23.902, 24.193, 24.76, 25.289, 25.499, 25.826, 25.995, 26.441, 25.996, 25.073, 24.992, 25.367, 25.162, 25.117, 25.64, 25.793, 25.724, 25.169, 24.666, 24.668, 24.08, 23.618, 23.731, 24.308, 24.894], [32.351, 32.272, 31.845, 31.543, 31.571, 30.667, 30.279, 30.245, 30.035, 29.608, 29.63, 28.844, 27.17, 26.049, 24.503, 22.889, 22.057, 21.539, 21.294, 20.901, 20.746, 20.888, 20.691, 18.881, 15.897, 15.121, 15.288, 15.252, 13.855, 10.335, 9.049, 8.654, 8.413, 7.47, 4.456, 0.0, 3.824, 5.175, 5.335, 6.96, 9.007, 10.462, 11.225, 11.775, 11.893, 13.231, 16.924, 18.839, 19.334, 19.168, 18.981, 19.133, 19.441, 19.525, 20.359, 21.643, 22.2, 22.141, 22.591, 22.845, 22.838, 23.049, 23.345, 24.046, 24.599, 24.636, 24.818, 25.048, 25.734, 25.615, 24.842, 24.705, 25.027, 24.85, 24.858, 25.374, 25.494, 25.427, 24.939, 24.614, 24.689, 24.011, 23.496, 23.745, 24.418, 25.067], [33.086, 33.006, 32.615, 32.312, 32.367, 31.588, 31.195, 31.133, 30.909, 30.508, 30.527, 29.713, 28.013, 26.891, 25.379, 23.764, 22.879, 22.379, 22.182, 21.827, 21.709, 21.901, 21.768, 19.994, 16.973, 15.865, 15.847, 15.848, 14.548, 11.173, 9.775, 9.363, 9.214, 8.661, 6.917, 3.824, 0.0, 2.075, 2.888, 5.563, 8.066, 9.538, 10.314, 10.874, 11.007, 12.346, 16.099, 18.186, 18.891, 18.86, 18.654, 18.786, 19.077, 19.029, 19.624, 20.895, 21.484, 21.315, 21.694, 21.952, 21.942, 22.168, 22.378, 23.042, 23.536, 23.429, 23.562, 23.791, 24.49, 24.493, 23.924, 23.806, 24.053, 23.933, 24.087, 24.591, 24.698, 24.61, 24.109, 23.915, 24.081, 23.375, 22.803, 23.096, 23.938, 24.709], [32.711, 32.631, 32.262, 31.98, 32.036, 31.31, 30.937, 30.87, 30.648, 30.26, 30.271, 29.479, 27.879, 26.81, 25.321, 23.725, 22.849, 22.379, 22.199, 21.831, 21.644, 21.783, 21.678, 19.998, 17.082, 15.887, 15.686, 15.618, 14.345, 11.143, 9.919, 9.53, 9.404, 8.947, 7.539, 5.175, 2.075, 0.0, 1.766, 4.832, 7.388, 8.879, 9.641, 10.143, 10.296, 11.626, 15.437, 17.594, 18.382, 18.47, 18.296, 18.412, 18.67, 18.542, 19.069, 20.336, 20.942, 20.747, 21.097, 21.381, 21.435, 21.734, 21.944, 22.554, 23.078, 23.074, 23.287, 23.505, 24.134, 24.048, 23.464, 23.403, 23.671, 23.591, 23.835, 24.368, 24.478, 24.379, 23.847, 23.628, 23.775, 23.061, 22.499, 22.745, 23.55, 24.306], [32.215, 32.136, 31.76, 31.469, 31.529, 30.847, 30.514, 30.47, 30.252, 29.868, 29.876, 29.114, 27.606, 26.58, 25.082, 23.49, 22.65, 22.187, 21.987, 21.592, 21.374, 21.467, 21.346, 19.717, 16.911, 15.737, 15.478, 15.362, 14.073, 11.012, 9.897, 9.481, 9.367, 8.934, 7.52, 5.335, 2.888, 1.766, 0.0, 3.65, 6.648, 8.389, 9.23, 9.695, 9.851, 11.247, 15.157, 17.345, 18.132, 18.168, 17.948, 18.04, 18.292, 18.174, 18.733, 20.029, 20.64, 20.472, 20.848, 21.164, 21.244, 21.583, 21.829, 22.409, 22.965, 23.035, 23.286, 23.506, 24.115, 23.962, 23.293, 23.242, 23.564, 23.495, 23.748, 24.308, 24.426, 24.325, 23.768, 23.477, 23.571, 22.84, 22.29, 22.523, 23.288, 24.007], [31.104, 31.024, 30.666, 30.404, 30.476, 29.974, 29.786, 29.782, 29.587, 29.21, 29.2, 28.544, 27.364, 26.514, 25.115, 23.62, 22.945, 22.529, 22.328, 21.87, 21.568, 21.562, 21.383, 20.009, 17.607, 16.442, 15.874, 15.646, 14.453, 11.775, 10.933, 10.45, 10.33, 9.893, 8.529, 6.96, 5.563, 4.832, 3.65, 0.0, 4.101, 6.816, 8.011, 8.349, 8.514, 10.028, 14.122, 16.394, 17.225, 17.3, 17.015, 17.088, 17.345, 17.243, 17.843, 19.232, 19.908, 19.767, 20.194, 20.577, 20.723, 21.1, 21.408, 22.0, 22.653, 22.876, 23.276, 23.567, 24.116, 23.784, 22.923, 22.858, 23.247, 23.208, 23.509, 24.129, 24.268, 24.178, 23.553, 23.103, 23.118, 22.379, 21.869, 22.04, 22.718, 23.376], [30.992, 30.908, 30.531, 30.274, 30.343, 29.922, 29.883, 29.953, 29.789, 29.398, 29.377, 28.821, 27.902, 27.216, 25.928, 24.483, 23.873, 23.548, 23.429, 22.972, 22.592, 22.535, 22.31, 21.091, 19.09, 18.112, 17.344, 16.827, 15.657, 13.355, 12.676, 12.149, 12.077, 11.651, 10.29, 9.007, 8.066, 7.388, 6.648, 4.101, 0.0, 3.665, 5.484, 5.999, 6.211, 8.163, 12.934, 15.419, 16.304, 16.498, 16.321, 16.417, 16.682, 16.72, 17.604, 19.078, 19.808, 19.7, 20.082, 20.45, 20.68, 21.155, 21.518, 22.043, 22.705, 23.046, 23.434, 23.643, 24.178, 23.781, 22.851, 22.873, 23.305, 23.156, 23.385, 24.095, 24.245, 24.109, 23.514, 23.109, 23.119, 22.35, 21.884, 22.084, 22.692, 23.267], [31.653, 31.556, 31.154, 30.878, 30.968, 30.561, 30.576, 30.72, 30.572, 30.172, 30.142, 29.646, 28.782, 28.097, 26.794, 25.325, 24.688, 24.401, 24.32, 23.874, 23.533, 23.522, 23.315, 22.124, 20.128, 19.047, 18.234, 17.631, 16.467, 14.184, 13.421, 12.91, 12.874, 12.538, 11.46, 10.462, 9.538, 8.879, 8.389, 6.816, 3.665, 0.0, 2.361, 3.467, 3.806, 6.128, 11.555, 14.396, 15.623, 16.057, 16.017, 16.193, 16.52, 16.755, 17.931, 19.544, 20.328, 20.165, 20.457, 20.807, 21.051, 21.544, 21.868, 22.338, 22.919, 23.185, 23.389, 23.469, 24.014, 23.625, 22.77, 22.905, 23.312, 22.993, 23.09, 23.877, 24.064, 23.89, 23.372, 23.188, 23.324, 22.569, 22.102, 22.381, 23.065, 23.63], [31.654, 31.549, 31.139, 30.852, 30.961, 30.581, 30.625, 30.803, 30.671, 30.276, 30.233, 29.761, 28.925, 28.226, 26.897, 25.429, 24.782, 24.496, 24.423, 23.991, 23.697, 23.715, 23.531, 22.378, 20.354, 19.134, 18.277, 17.682, 16.541, 14.263, 13.481, 13.001, 12.987, 12.729, 11.911, 11.225, 10.314, 9.641, 9.23, 8.011, 5.484, 2.361, 0.0, 1.938, 2.611, 5.0, 10.563, 13.53, 15.007, 15.7, 15.783, 15.984, 16.335, 16.695, 18.098, 19.851, 20.674, 20.44, 20.663, 21.023, 21.286, 21.784, 22.066, 22.49, 23.059, 23.346, 23.503, 23.507, 23.989, 23.545, 22.739, 22.935, 23.327, 22.951, 22.988, 23.78, 24.0, 23.817, 23.31, 23.177, 23.37, 22.666, 22.223, 22.507, 23.249, 23.837], [31.125, 31.02, 30.63, 30.356, 30.477, 30.127, 30.187, 30.368, 30.245, 29.89, 29.835, 29.366, 28.598, 27.941, 26.646, 25.216, 24.576, 24.292, 24.225, 23.816, 23.543, 23.56, 23.395, 22.361, 20.476, 19.2, 18.239, 17.636, 16.535, 14.418, 13.75, 13.301, 13.314, 13.084, 12.337, 11.775, 10.874, 10.143, 9.695, 8.349, 5.999, 3.467, 1.938, 0.0, 1.329, 4.118, 9.669, 12.67, 14.272, 15.104, 15.218, 15.423, 15.794, 16.184, 17.694, 19.552, 20.406, 20.156, 20.385, 20.788, 21.085, 21.588, 21.881, 22.313, 22.963, 23.367, 23.589, 23.605, 24.023, 23.495, 22.637, 22.829, 23.233, 22.885, 22.965, 23.761, 23.997, 23.833, 23.308, 23.131, 23.305, 22.653, 22.284, 22.571, 23.299, 23.867], [31.047, 30.944, 30.552, 30.28, 30.398, 30.04, 30.098, 30.275, 30.152, 29.806, 29.767, 29.3, 28.531, 27.897, 26.64, 25.233, 24.588, 24.306, 24.243, 23.85, 23.583, 23.602, 23.434, 22.426, 20.625, 19.362, 18.376, 17.773, 16.664, 14.571, 13.961, 13.522, 13.551, 13.34, 12.533, 11.893, 11.007, 10.296, 9.851, 8.514, 6.211, 3.806, 2.611, 1.329, 0.0, 3.64, 9.444, 12.483, 14.076, 14.859, 14.943, 15.162, 15.551, 15.934, 17.456, 19.322, 20.183, 19.963, 20.216, 20.624, 20.918, 21.41, 21.73, 22.211, 22.891, 23.287, 23.472, 23.496, 23.932, 23.415, 22.538, 22.718, 23.124, 22.765, 22.838, 23.646, 23.884, 23.726, 23.216, 23.054, 23.232, 22.585, 22.232, 22.547, 23.28, 23.84], [31.399, 31.294, 30.91, 30.657, 30.807, 30.547, 30.681, 30.871, 30.761, 30.433, 30.379, 30.008, 29.3, 28.628, 27.402, 26.061, 25.391, 25.028, 24.898, 24.504, 24.261, 24.32, 24.211, 23.218, 21.275, 19.863, 18.909, 18.393, 17.395, 15.26, 14.497, 14.068, 14.102, 13.963, 13.522, 13.231, 12.346, 11.626, 11.247, 10.028, 8.163, 6.128, 5.0, 4.118, 3.64, 0.0, 6.489, 10.404, 12.889, 14.285, 14.588, 15.038, 15.689, 16.243, 17.844, 19.794, 20.681, 20.368, 20.624, 21.067, 21.325, 21.71, 21.91, 22.405, 23.093, 23.43, 23.623, 23.689, 24.071, 23.496, 22.66, 22.839, 23.192, 22.795, 22.821, 23.579, 23.823, 23.683, 23.192, 23.186, 23.563, 23.09, 22.804, 23.133, 23.92, 24.491], [31.912, 31.803, 31.453, 31.235, 31.448, 31.392, 31.663, 31.888, 31.785, 31.467, 31.366, 31.037, 30.395, 29.714, 28.628, 27.49, 26.788, 26.315, 26.135, 25.762, 25.585, 25.691, 25.619, 24.725, 22.861, 21.35, 20.413, 20.044, 19.347, 17.656, 16.941, 16.55, 16.637, 16.697, 16.785, 16.924, 16.099, 15.437, 15.157, 14.122, 12.934, 11.555, 10.563, 9.669, 9.444, 6.489, 0.0, 5.583, 10.301, 13.167, 14.0, 14.778, 15.81, 16.799, 18.795, 20.956, 21.839, 21.311, 21.467, 21.928, 22.138, 22.398, 22.412, 22.799, 23.473, 23.843, 24.137, 24.201, 24.388, 23.711, 22.979, 23.142, 23.417, 23.036, 23.051, 23.66, 23.903, 23.828, 23.345, 23.483, 24.252, 24.239, 24.237, 24.661, 25.504, 26.055], [31.142, 31.036, 30.704, 30.511, 30.727, 30.716, 31.068, 31.311, 31.213, 30.91, 30.806, 30.501, 30.015, 29.504, 28.56, 27.494, 26.745, 26.276, 26.164, 25.834, 25.686, 25.778, 25.674, 24.947, 23.541, 22.23, 21.172, 20.795, 20.226, 18.985, 18.525, 18.129, 18.246, 18.407, 18.578, 18.839, 18.186, 17.594, 17.345, 16.394, 15.419, 14.396, 13.53, 12.67, 12.483, 10.404, 5.583, 0.0, 6.064, 10.21, 11.745, 12.687, 13.765, 15.118, 17.799, 20.256, 21.103, 20.434, 20.356, 20.743, 21.037, 21.392, 21.428, 21.726, 22.501, 23.178, 23.678, 23.628, 23.602, 22.795, 22.025, 22.187, 22.484, 22.158, 22.218, 22.76, 23.012, 22.99, 22.509, 22.605, 23.617, 24.088, 24.608, 25.239, 26.057, 26.537], [29.804, 29.711, 29.392, 29.209, 29.36, 29.239, 29.584, 29.818, 29.745, 29.49, 29.409, 29.136, 28.864, 28.585, 27.814, 26.801, 26.02, 25.611, 25.61, 25.387, 25.2, 25.207, 25.052, 24.522, 23.714, 22.841, 21.735, 21.25, 20.606, 19.588, 19.408, 19.025, 19.121, 19.242, 19.185, 19.334, 18.891, 18.382, 18.132, 17.225, 16.304, 15.623, 15.007, 14.272, 14.076, 12.889, 10.301, 6.064, 0.0, 5.284, 8.097, 9.383, 10.332, 11.794, 15.283, 18.067, 18.885, 18.234, 18.011, 18.288, 18.731, 19.318, 19.591, 20.005, 21.047, 22.185, 22.986, 22.867, 22.773, 21.887, 20.877, 21.0, 21.414, 21.204, 21.34, 21.914, 22.171, 22.176, 21.721, 21.646, 22.64, 23.465, 24.589, 25.502, 26.247, 26.603], [29.576, 29.497, 29.164, 28.921, 29.01, 28.777, 29.052, 29.273, 29.195, 28.972, 28.922, 28.627, 28.359, 28.137, 27.435, 26.516, 25.767, 25.373, 25.385, 25.22, 25.027, 25.003, 24.832, 24.414, 23.961, 23.383, 22.37, 21.856, 21.071, 19.98, 19.909, 19.575, 19.645, 19.684, 19.316, 19.168, 18.86, 18.47, 18.168, 17.3, 16.498, 16.057, 15.7, 15.104, 14.859, 14.285, 13.167, 10.21, 5.284, 0.0, 4.15, 6.195, 7.313, 8.949, 13.147, 16.253, 17.069, 16.516, 16.352, 16.562, 16.973, 17.656, 18.232, 18.969, 20.195, 21.447, 22.343, 22.264, 22.292, 21.501, 20.309, 20.353, 20.844, 20.742, 20.989, 21.648, 21.908, 21.928, 21.519, 21.365, 22.26, 23.132, 24.534, 25.736, 26.497, 26.773], [29.657, 29.582, 29.237, 28.947, 29.027, 28.785, 29.01, 29.227, 29.122, 28.898, 28.869, 28.551, 28.2, 27.941, 27.242, 26.401, 25.782, 25.433, 25.395, 25.201, 25.034, 25.04, 24.888, 24.538, 24.107, 23.459, 22.416, 21.932, 21.151, 20.042, 19.995, 19.678, 19.712, 19.715, 19.266, 18.981, 18.654, 18.296, 17.948, 17.015, 16.321, 16.017, 15.783, 15.218, 14.943, 14.588, 14.0, 11.745, 8.097, 4.15, 0.0, 2.914, 4.824, 7.215, 11.956, 15.307, 16.176, 15.58, 15.481, 15.755, 16.088, 16.673, 17.295, 18.128, 19.38, 20.577, 21.49, 21.459, 21.513, 20.723, 19.494, 19.529, 20.029, 19.993, 20.396, 21.146, 21.428, 21.458, 21.041, 20.836, 21.666, 22.485, 23.893, 25.224, 26.098, 26.414], [29.3, 29.223, 28.872, 28.576, 28.639, 28.371, 28.588, 28.816, 28.708, 28.487, 28.473, 28.149, 27.818, 27.592, 26.881, 26.03, 25.488, 25.253, 25.262, 25.067, 24.919, 24.928, 24.781, 24.491, 24.129, 23.402, 22.233, 21.7, 20.95, 20.016, 20.059, 19.745, 19.787, 19.817, 19.398, 19.133, 18.786, 18.412, 18.04, 17.088, 16.417, 16.193, 15.984, 15.423, 15.162, 15.038, 14.778, 12.687, 9.383, 6.195, 2.914, 0.0, 2.652, 6.034, 11.348, 14.837, 15.737, 15.091, 14.923, 15.266, 15.671, 16.318, 16.949, 17.626, 18.871, 20.197, 21.151, 21.051, 21.018, 20.121, 18.876, 18.975, 19.523, 19.498, 19.945, 20.741, 21.044, 21.07, 20.62, 20.282, 20.987, 21.761, 23.2, 24.552, 25.484, 25.867], [28.809, 28.737, 28.401, 28.112, 28.141, 27.825, 28.008, 28.232, 28.132, 27.92, 27.915, 27.605, 27.356, 27.214, 26.54, 25.682, 25.162, 25.006, 25.112, 24.946, 24.762, 24.716, 24.552, 24.336, 24.168, 23.536, 22.283, 21.691, 20.909, 20.116, 20.326, 20.039, 20.086, 20.141, 19.716, 19.441, 19.077, 18.67, 18.292, 17.345, 16.682, 16.52, 16.335, 15.794, 15.551, 15.689, 15.81, 13.765, 10.332, 7.313, 4.824, 2.652, 0.0, 4.33, 10.317, 13.984, 14.946, 14.346, 14.102, 14.432, 14.968, 15.762, 16.536, 17.185, 18.48, 20.035, 21.05, 20.846, 20.74, 19.776, 18.496, 18.66, 19.272, 19.291, 19.793, 20.626, 20.925, 20.941, 20.486, 20.018, 20.555, 21.28, 22.796, 24.162, 25.037, 25.377], [28.093, 28.034, 27.758, 27.52, 27.528, 27.196, 27.301, 27.484, 27.416, 27.254, 27.259, 26.96, 26.817, 26.794, 26.22, 25.413, 24.909, 24.784, 24.949, 24.837, 24.599, 24.449, 24.265, 24.136, 24.13, 23.581, 22.298, 21.702, 20.888, 20.126, 20.502, 20.289, 20.353, 20.417, 19.935, 19.525, 19.029, 18.542, 18.174, 17.243, 16.72, 16.755, 16.695, 16.184, 15.934, 16.243, 16.799, 15.118, 11.794, 8.949, 7.215, 6.034, 4.33, 0.0, 6.651, 10.869, 12.09, 11.565, 11.467, 11.904, 12.515, 13.444, 14.411, 15.336, 16.856, 18.628, 19.844, 19.719, 19.661, 18.694, 17.254, 17.38, 18.064, 18.294, 19.077, 19.976, 20.246, 20.292, 19.848, 19.341, 19.728, 20.348, 21.842, 23.186, 24.022, 24.321], [28.261, 28.222, 28.037, 27.884, 27.919, 27.681, 27.7, 27.822, 27.783, 27.671, 27.702, 27.406, 27.31, 27.369, 26.875, 26.174, 25.763, 25.642, 25.791, 25.676, 25.421, 25.21, 25.007, 24.899, 24.903, 24.328, 23.097, 22.639, 21.908, 21.13, 21.498, 21.336, 21.41, 21.465, 20.969, 20.359, 19.624, 19.069, 18.733, 17.843, 17.604, 17.931, 18.098, 17.694, 17.456, 17.844, 18.795, 17.799, 15.283, 13.147, 11.956, 11.348, 10.317, 6.651, 0.0, 5.213, 7.21, 6.805, 7.275, 8.085, 8.683, 9.689, 10.747, 12.109, 13.884, 15.724, 17.325, 17.612, 17.743, 16.892, 15.311, 15.224, 15.922, 16.518, 17.727, 18.637, 18.807, 18.947, 18.573, 18.2, 18.529, 19.054, 20.523, 21.85, 22.694, 23.018], [28.596, 28.574, 28.431, 28.322, 28.371, 28.144, 28.105, 28.196, 28.167, 28.068, 28.137, 27.808, 27.703, 27.851, 27.473, 26.876, 26.543, 26.431, 26.583, 26.486, 26.177, 25.921, 25.701, 25.62, 25.837, 25.447, 24.255, 23.822, 23.154, 22.516, 22.941, 22.783, 22.846, 22.88, 22.336, 21.643, 20.895, 20.336, 20.029, 19.232, 19.078, 19.544, 19.851, 19.552, 19.322, 19.794, 20.956, 20.256, 18.067, 16.253, 15.307, 14.837, 13.984, 10.869, 5.213, 0.0, 2.996, 3.936, 5.225, 6.107, 6.788, 7.944, 9.092, 10.578, 12.472, 14.346, 16.223, 16.909, 17.216, 16.499, 14.78, 14.459, 15.222, 16.067, 17.423, 18.257, 18.297, 18.487, 18.285, 18.036, 18.297, 18.803, 20.35, 21.679, 22.413, 22.692], [28.748, 28.735, 28.605, 28.492, 28.525, 28.245, 28.175, 28.256, 28.224, 28.14, 28.238, 27.862, 27.694, 27.872, 27.55, 26.995, 26.676, 26.579, 26.744, 26.682, 26.357, 26.078, 25.866, 25.798, 26.142, 25.872, 24.705, 24.264, 23.627, 23.074, 23.526, 23.375, 23.43, 23.454, 22.904, 22.2, 21.484, 20.942, 20.64, 19.908, 19.808, 20.328, 20.674, 20.406, 20.183, 20.681, 21.839, 21.103, 18.885, 17.069, 16.176, 15.737, 14.946, 12.09, 7.21, 2.996, 0.0, 2.697, 4.399, 5.178, 5.892, 7.226, 8.541, 10.128, 12.158, 14.119, 16.107, 16.884, 17.205, 16.539, 14.785, 14.325, 15.092, 16.005, 17.39, 18.202, 18.214, 18.4, 18.239, 18.017, 18.311, 18.925, 20.581, 21.995, 22.72, 22.964], [29.095, 29.076, 28.943, 28.824, 28.874, 28.621, 28.568, 28.657, 28.611, 28.525, 28.616, 28.26, 28.082, 28.197, 27.796, 27.185, 26.844, 26.738, 26.883, 26.799, 26.532, 26.319, 26.134, 26.034, 26.169, 25.703, 24.523, 24.114, 23.535, 22.926, 23.272, 23.111, 23.161, 23.215, 22.793, 22.141, 21.315, 20.747, 20.472, 19.767, 19.7, 20.165, 20.44, 20.156, 19.963, 20.368, 21.311, 20.434, 18.234, 16.516, 15.58, 15.091, 14.346, 11.565, 6.805, 3.936, 2.697, 0.0, 2.519, 3.924, 4.715, 6.189, 7.295, 8.966, 11.162, 13.239, 15.341, 16.027, 16.204, 15.465, 13.865, 13.42, 14.083, 15.025, 16.549, 17.4, 17.445, 17.619, 17.36, 17.199, 17.719, 18.494, 20.222, 21.713, 22.607, 22.961], [29.294, 29.27, 29.127, 28.994, 29.048, 28.813, 28.776, 28.87, 28.809, 28.715, 28.809, 28.458, 28.259, 28.374, 27.958, 27.333, 26.977, 26.875, 27.041, 26.967, 26.743, 26.553, 26.38, 26.28, 26.438, 25.951, 24.751, 24.342, 23.786, 23.269, 23.604, 23.424, 23.491, 23.571, 23.208, 22.591, 21.694, 21.097, 20.848, 20.194, 20.082, 20.457, 20.663, 20.385, 20.216, 20.624, 21.467, 20.356, 18.011, 16.352, 15.481, 14.923, 14.102, 11.467, 7.275, 5.225, 4.399, 2.519, 0.0, 2.125, 3.651, 5.63, 6.679, 7.938, 10.131, 12.453, 14.673, 15.218, 15.261, 14.501, 13.068, 12.724, 13.371, 14.339, 15.917, 16.742, 16.794, 16.95, 16.701, 16.643, 17.249, 18.141, 20.023, 21.595, 22.533, 22.923], [29.699, 29.68, 29.531, 29.378, 29.422, 29.151, 29.086, 29.174, 29.11, 29.009, 29.109, 28.728, 28.443, 28.556, 28.182, 27.588, 27.217, 27.102, 27.283, 27.234, 27.021, 26.832, 26.653, 26.532, 26.744, 26.386, 25.263, 24.863, 24.285, 23.705, 23.99, 23.803, 23.869, 23.93, 23.521, 22.845, 21.952, 21.381, 21.164, 20.577, 20.45, 20.807, 21.023, 20.788, 20.624, 21.067, 21.928, 20.743, 18.288, 16.562, 15.755, 15.266, 14.432, 11.904, 8.085, 6.107, 5.178, 3