[[0.0, 2.85, 4.593, 5.487, 7.075, 9.695, 12.118, 13.432, 14.029, 14.253, 14.292, 14.373, 14.993, 16.187, 16.647, 16.801, 17.108, 17.986, 19.286, 19.644, 19.415, 19.087, 19.146, 19.565, 20.218, 20.305, 20.094, 20.398, 20.824, 21.103, 21.402, 21.672, 22.266, 23.033, 23.099, 22.752, 22.361, 22.345, 22.71, 22.71, 22.296, 22.002, 21.702, 21.152, 20.421, 20.017, 20.174, 20.913, 22.578, 25.0, 27.096, 28.143, 28.851, 29.548, 30.466, 31.861, 32.928, 33.129, 33.511, 34.57, 36.115, 37.636, 38.301, 39.045, 40.437, 41.299, 41.463, 41.186, 40.845, 41.89, 43.656, 44.642, 44.697, 44.958, 45.381, 45.706, 45.877, 46.437, 46.655, 45.805, 45.182, 44.152, 41.689, 37.704, 33.929, 31.729], [2.85, 0.0, 2.206, 3.838, 6.068, 8.859, 11.402, 12.801, 13.381, 13.539, 13.53, 13.659, 14.347, 15.603, 16.101, 16.249, 16.562, 17.521, 18.918, 19.312, 19.08, 18.75, 18.824, 19.259, 19.943, 20.066, 19.897, 20.229, 20.651, 20.905, 21.2, 21.524, 22.123, 22.809, 22.902, 22.598, 22.212, 22.166, 22.522, 22.562, 22.218, 22.022, 21.811, 21.318, 20.614, 20.228, 20.32, 20.978, 22.573, 24.929, 26.992, 28.008, 28.671, 29.348, 30.26, 31.653, 32.712, 32.921, 33.322, 34.384, 35.924, 37.435, 38.112, 38.885, 40.288, 41.147, 41.324, 41.056, 40.716, 41.757, 43.524, 44.519, 44.59, 44.872, 45.307, 45.633, 45.804, 46.366, 46.587, 45.745, 45.135, 44.116, 41.665, 37.699, 33.928, 31.709], [4.593, 2.206, 0.0, 2.497, 5.516, 8.557, 11.188, 12.691, 13.292, 13.346, 13.195, 13.27, 14.023, 15.364, 15.898, 16.045, 16.36, 17.368, 18.823, 19.23, 18.988, 18.648, 18.71, 19.146, 19.858, 19.999, 19.831, 20.146, 20.528, 20.742, 21.044, 21.418, 22.034, 22.686, 22.78, 22.521, 22.188, 22.157, 22.503, 22.536, 22.191, 22.005, 21.804, 21.324, 20.639, 20.269, 20.356, 21.003, 22.617, 25.013, 27.107, 28.124, 28.764, 29.431, 30.342, 31.73, 32.781, 32.995, 33.409, 34.489, 36.043, 37.555, 38.233, 39.018, 40.434, 41.288, 41.447, 41.165, 40.816, 41.853, 43.624, 44.622, 44.698, 44.988, 45.427, 45.748, 45.916, 46.479, 46.695, 45.845, 45.235, 44.217, 41.755, 37.762, 33.958, 31.707], [5.487, 3.838, 2.497, 0.0, 3.603, 7.492, 10.561, 12.189, 12.937, 13.097, 12.933, 12.932, 13.649, 15.029, 15.589, 15.729, 16.016, 17.005, 18.504, 18.939, 18.685, 18.353, 18.411, 18.808, 19.474, 19.555, 19.355, 19.667, 20.047, 20.273, 20.606, 21.038, 21.706, 22.368, 22.477, 22.264, 22.023, 22.12, 22.573, 22.635, 22.267, 22.066, 21.87, 21.386, 20.683, 20.306, 20.398, 21.035, 22.634, 25.019, 27.1, 28.107, 28.737, 29.397, 30.297, 31.675, 32.731, 32.938, 33.34, 34.433, 36.005, 37.519, 38.191, 38.974, 40.399, 41.256, 41.411, 41.129, 40.776, 41.813, 43.583, 44.58, 44.654, 44.947, 45.391, 45.713, 45.88, 46.437, 46.642, 45.78, 45.164, 44.14, 41.662, 37.636, 33.802, 31.552], [7.075, 6.068, 5.516, 3.603, 0.0, 5.026, 8.819, 10.617, 11.607, 12.121, 12.268, 12.374, 12.967, 14.262, 14.82, 14.952, 15.173, 16.052, 17.554, 18.045, 17.808, 17.537, 17.647, 17.979, 18.514, 18.493, 18.319, 18.74, 19.216, 19.518, 19.881, 20.328, 21.063, 21.791, 21.954, 21.757, 21.578, 21.872, 22.578, 22.796, 22.485, 22.333, 22.201, 21.744, 20.99, 20.545, 20.577, 21.122, 22.538, 24.721, 26.678, 27.648, 28.28, 28.918, 29.779, 31.146, 32.222, 32.418, 32.779, 33.832, 35.362, 36.834, 37.469, 38.214, 39.634, 40.527, 40.75, 40.515, 40.16, 41.197, 42.969, 43.961, 44.026, 44.319, 44.781, 45.111, 45.272, 45.817, 46.011, 45.142, 44.511, 43.486, 41.023, 37.013, 33.206, 31.015], [9.695, 8.859, 8.557, 7.492, 5.026, 0.0, 4.379, 6.801, 8.305, 9.506, 10.478, 11.147, 11.653, 12.639, 13.096, 13.246, 13.434, 14.186, 15.698, 16.292, 16.117, 15.967, 16.214, 16.527, 16.941, 16.925, 17.025, 17.777, 18.428, 18.773, 19.093, 19.459, 20.245, 21.122, 21.397, 21.182, 20.991, 21.376, 22.321, 22.864, 22.807, 22.801, 22.77, 22.427, 21.682, 21.075, 20.91, 21.225, 22.239, 24.03, 25.813, 26.764, 27.415, 28.019, 28.838, 30.212, 31.285, 31.482, 31.813, 32.754, 34.133, 35.497, 36.061, 36.727, 38.104, 39.05, 39.432, 39.326, 38.977, 40.014, 41.782, 42.753, 42.801, 43.086, 43.561, 43.891, 44.045, 44.571, 44.766, 43.897, 43.257, 42.26, 39.865, 35.969, 32.294, 30.184], [12.118, 11.402, 11.188, 10.561, 8.819, 4.379, 0.0, 3.347, 5.603, 7.472, 9.166, 10.344, 10.889, 11.619, 11.925, 12.107, 12.274, 12.809, 14.252, 14.925, 14.804, 14.791, 15.183, 15.518, 15.905, 15.952, 16.222, 17.156, 17.888, 18.22, 18.451, 18.689, 19.438, 20.389, 20.754, 20.54, 20.348, 20.732, 21.766, 22.568, 22.791, 22.972, 23.056, 22.832, 22.143, 21.424, 21.101, 21.221, 21.918, 23.434, 25.139, 26.118, 26.8, 27.396, 28.199, 29.57, 30.615, 30.826, 31.162, 32.038, 33.325, 34.644, 35.182, 35.794, 37.128, 38.122, 38.67, 38.711, 38.386, 39.413, 41.156, 42.096, 42.122, 42.385, 42.852, 43.176, 43.327, 43.839, 44.043, 43.183, 42.55, 41.589, 39.258, 35.482, 31.958, 29.922], [13.432, 12.801, 12.691, 12.189, 10.617, 6.801, 3.347, 0.0, 3.062, 5.831, 8.213, 9.736, 10.43, 11.196, 11.459, 11.658, 11.703, 11.917, 13.208, 13.898, 13.804, 13.946, 14.471, 14.778, 15.089, 15.136, 15.453, 16.416, 17.167, 17.499, 17.65, 17.766, 18.427, 19.301, 19.692, 19.493, 19.321, 19.738, 20.868, 21.863, 22.319, 22.725, 22.988, 22.909, 22.279, 21.477, 20.981, 20.871, 21.259, 22.502, 24.101, 25.074, 25.78, 26.377, 27.146, 28.471, 29.49, 29.693, 30.0, 30.82, 32.062, 33.38, 33.925, 34.531, 35.885, 36.967, 37.68, 37.853, 37.562, 38.596, 40.344, 41.295, 41.323, 41.584, 42.057, 42.384, 42.536, 43.047, 43.261, 42.414, 41.806, 40.876, 38.581, 34.879, 31.465, 29.504], [14.029, 13.381, 13.292, 12.937, 11.607, 8.305, 5.603, 3.062, 0.0, 3.523, 6.743, 8.712, 9.671, 10.653, 10.99, 11.247, 11.241, 11.416, 12.706, 13.359, 13.285, 13.525, 14.136, 14.45, 14.729, 14.792, 15.204, 16.202, 16.918, 17.22, 17.343, 17.402, 17.971, 18.694, 18.999, 18.754, 18.528, 18.863, 19.984, 21.081, 21.666, 22.217, 22.633, 22.693, 22.131, 21.274, 20.633, 20.355, 20.591, 21.734, 23.303, 24.262, 24.964, 25.571, 26.331, 27.618, 28.591, 28.794, 29.118, 29.921, 31.138, 32.46, 33.04, 33.705, 35.106, 36.231, 37.013, 37.259, 37.0, 38.076, 39.881, 40.883, 40.944, 41.238, 41.732, 42.068, 42.227, 42.751, 42.985, 42.156, 41.577, 40.673, 38.395, 34.714, 31.309, 29.335], [14.253, 13.539, 13.346, 13.097, 12.121, 9.506, 7.472, 5.831, 3.523, 0.0, 3.851, 6.328, 7.723, 9.165, 9.688, 10.056, 10.077, 10.456, 11.957, 12.586, 12.483, 12.699, 13.359, 13.799, 14.233, 14.413, 14.936, 15.981, 16.667, 16.941, 17.085, 17.198, 17.745, 18.347, 18.543, 18.237, 17.924, 18.073, 18.993, 20.042, 20.669, 21.289, 21.794, 21.976, 21.52, 20.689, 20.034, 19.771, 20.138, 21.496, 23.232, 24.25, 24.95, 25.586, 26.377, 27.654, 28.596, 28.826, 29.214, 30.066, 31.313, 32.661, 33.277, 34.008, 35.469, 36.59, 37.317, 37.532, 37.272, 38.371, 40.216, 41.246, 41.331, 41.657, 42.168, 42.505, 42.665, 43.204, 43.452, 42.633, 42.076, 41.184, 38.901, 35.191, 31.71, 29.66], [14.292, 13.53, 13.195, 12.933, 12.268, 10.478, 9.166, 8.213, 6.743, 3.851, 0.0, 2.949, 5.148, 7.415, 8.262, 8.73, 8.826, 9.524, 11.286, 11.902, 11.693, 11.746, 12.405, 13.014, 13.699, 14.012, 14.588, 15.648, 16.3, 16.569, 16.774, 17.011, 17.616, 18.192, 18.325, 18.005, 17.689, 17.747, 18.416, 19.231, 19.743, 20.325, 20.828, 21.088, 20.786, 20.112, 19.588, 19.493, 20.171, 21.89, 23.844, 24.934, 25.63, 26.286, 27.121, 28.419, 29.375, 29.63, 30.06, 30.984, 32.298, 33.679, 34.318, 35.091, 36.589, 37.681, 38.292, 38.406, 38.113, 39.194, 41.03, 42.05, 42.132, 42.472, 42.984, 43.316, 43.471, 44.013, 44.251, 43.431, 42.888, 41.994, 39.685, 35.917, 32.347, 30.226], [14.373, 13.659, 13.27, 12.932, 12.374, 11.147, 10.344, 9.736, 8.712, 6.328, 2.949, 0.0, 3.194, 6.366, 7.489, 7.994, 8.147, 9.01, 10.879, 11.488, 11.231, 11.182, 11.799, 12.471, 13.332, 13.732, 14.255, 15.262, 15.882, 16.175, 16.467, 16.819, 17.478, 18.052, 18.151, 17.833, 17.562, 17.672, 18.3, 18.952, 19.307, 19.8, 20.249, 20.492, 20.261, 19.73, 19.373, 19.462, 20.402, 22.387, 24.483, 25.619, 26.316, 26.98, 27.837, 29.15, 30.133, 30.399, 30.84, 31.819, 33.196, 34.605, 35.253, 36.047, 37.565, 38.637, 39.161, 39.187, 38.872, 39.937, 41.753, 42.758, 42.833, 43.174, 43.68, 44.005, 44.155, 44.695, 44.914, 44.08, 43.532, 42.623, 40.28, 36.448, 32.798, 30.625], [14.993, 14.347, 14.023, 13.649, 12.967, 11.653, 10.889, 10.43, 9.671, 7.723, 5.148, 3.194, 0.0, 3.676, 5.19, 5.801, 6.02, 7.123, 9.291, 10.005, 9.806, 9.933, 10.705, 11.395, 12.319, 12.836, 13.487, 14.616, 15.325, 15.691, 16.08, 16.6, 17.361, 17.951, 18.065, 17.677, 17.373, 17.577, 18.342, 19.082, 19.446, 19.926, 20.359, 20.583, 20.372, 19.944, 19.727, 19.912, 20.838, 22.769, 24.842, 25.998, 26.722, 27.383, 28.231, 29.539, 30.528, 30.8, 31.224, 32.16, 33.49, 34.853, 35.452, 36.21, 37.714, 38.754, 39.224, 39.206, 38.887, 39.943, 41.731, 42.716, 42.794, 43.151, 43.668, 43.987, 44.136, 44.667, 44.873, 44.046, 43.495, 42.58, 40.238, 36.409, 32.77, 30.621], [16.187, 15.603, 15.364, 15.029, 14.262, 12.639, 11.619, 11.196, 10.653, 9.165, 7.415, 6.366, 3.676, 0.0, 2.092, 3.107, 3.737, 5.517, 8.117, 8.973, 8.862, 9.302, 10.3, 10.975, 11.846, 12.441, 13.264, 14.521, 15.317, 15.726, 16.143, 16.772, 17.597, 18.184, 18.316, 17.807, 17.386, 17.613, 18.487, 19.382, 19.854, 20.4, 20.855, 21.063, 20.844, 20.441, 20.308, 20.547, 21.354, 23.118, 25.117, 26.275, 27.01, 27.651, 28.475, 29.759, 30.735, 31.02, 31.432, 32.292, 33.523, 34.806, 35.321, 36.001, 37.464, 38.448, 38.87, 38.846, 38.533, 39.583, 41.336, 42.291, 42.371, 42.745, 43.286, 43.604, 43.756, 44.278, 44.489, 43.687, 43.138, 42.228, 39.92, 36.16, 32.608, 30.536], [16.647, 16.101, 15.898, 15.589, 14.82, 13.096, 11.925, 11.459, 10.99, 9.688, 8.262, 7.489, 5.19, 2.092, 0.0, 1.546, 2.823, 5.201, 8.024, 8.929, 8.835, 9.333, 10.368, 11.033, 11.875, 12.458, 13.274, 14.513, 15.297, 15.692, 16.077, 16.683, 17.503, 18.088, 18.216, 17.666, 17.191, 17.385, 18.269, 19.215, 19.734, 20.317, 20.77, 20.952, 20.725, 20.298, 20.183, 20.469, 21.3, 23.074, 25.092, 26.26, 26.989, 27.617, 28.431, 29.706, 30.681, 30.973, 31.385, 32.234, 33.44, 34.7, 35.181, 35.833, 37.289, 38.258, 38.654, 38.63, 38.321, 39.372, 41.112, 42.047, 42.118, 42.49, 43.038, 43.361, 43.517, 44.044, 44.264, 43.467, 42.917, 42.008, 39.71, 35.977, 32.454, 30.4], [16.801, 16.249, 16.045, 15.729, 14.952, 13.246, 12.107, 11.658, 11.247, 10.056, 8.73, 7.994, 5.801, 3.107, 1.546, 0.0, 1.838, 4.82, 7.863, 8.8, 8.738, 9.269, 10.304, 10.975, 11.826, 12.42, 13.276, 14.543, 15.333, 15.724, 16.107, 16.711, 17.534, 18.126, 18.258, 17.706, 17.232, 17.434, 18.326, 19.263, 19.764, 20.325, 20.744, 20.888, 20.665, 20.261, 20.162, 20.459, 21.307, 23.08, 25.094, 26.26, 26.985, 27.607, 28.412, 29.683, 30.664, 30.952, 31.361, 32.206, 33.4, 34.644, 35.111, 35.757, 37.216, 38.178, 38.541, 38.491, 38.178, 39.229, 40.963, 41.889, 41.953, 42.331, 42.885, 43.206, 43.363, 43.893, 44.112, 43.315, 42.763, 41.853, 39.559, 35.842, 32.341, 30.3], [17.108, 16.562, 16.36, 16.016, 15.173, 13.434, 12.274, 11.703, 11.241, 10.077, 8.826, 8.147, 6.02, 3.737, 2.823, 1.838, 0.0, 3.46, 6.852, 7.883, 7.878, 8.575, 9.736, 10.423, 11.261, 11.902, 12.891, 14.25, 15.084, 15.495, 15.878, 16.475, 17.299, 17.893, 18.046, 17.507, 17.07, 17.324, 18.285, 19.294, 19.839, 20.436, 20.889, 21.062, 20.835, 20.404, 20.263, 20.483, 21.199, 22.836, 24.79, 25.963, 26.71, 27.339, 28.126, 29.379, 30.359, 30.633, 31.021, 31.84, 33.007, 34.236, 34.7, 35.342, 36.803, 37.796, 38.211, 38.188, 37.881, 38.933, 40.666, 41.596, 41.663, 42.049, 42.613, 42.932, 43.086, 43.612, 43.83, 43.034, 42.476, 41.564, 39.28, 35.6, 32.155, 30.158], [17.986, 17.521, 17.368, 17.005, 16.052, 14.186, 12.809, 11.917, 11.416, 10.456, 9.524, 9.01, 7.123, 5.517, 5.201, 4.82, 3.46, 0.0, 3.796, 5.181, 5.356, 6.65, 8.272, 8.947, 9.758, 10.542, 11.703, 13.188, 14.139, 14.623, 14.978, 15.514, 16.346, 16.991, 17.223, 16.722, 16.419, 16.855, 18.028, 19.274, 19.987, 20.704, 21.238, 21.453, 21.187, 20.681, 20.518, 20.649, 21.1, 22.466, 24.319, 25.55, 26.4, 27.06, 27.815, 29.022, 29.988, 30.241, 30.567, 31.315, 32.445, 33.674, 34.128, 34.726, 36.176, 37.249, 37.834, 37.921, 37.628, 38.648, 40.32, 41.207, 41.251, 41.631, 42.206, 42.529, 42.682, 43.194, 43.408, 42.615, 42.043, 41.13, 38.872, 35.267, 31.939, 30.043], [19.286, 18.918, 18.823, 18.504, 17.554, 15.698, 14.252, 13.208, 12.706, 11.957, 11.286, 10.879, 9.291, 8.117, 8.024, 7.863, 6.852, 3.796, 0.0, 1.955, 2.923, 5.369, 7.463, 8.02, 8.749, 9.72, 11.044, 12.611, 13.659, 14.206, 14.526, 14.991, 15.814, 16.49, 16.765, 16.274, 16.094, 16.65, 17.927, 19.342, 20.187, 20.993, 21.589, 21.854, 21.6, 21.082, 20.945, 21.034, 21.277, 22.408, 24.144, 25.412, 26.381, 27.085, 27.811, 28.955, 29.884, 30.129, 30.401, 31.081, 32.188, 33.421, 33.866, 34.421, 35.853, 36.971, 37.672, 37.848, 37.567, 38.539, 40.127, 40.949, 40.963, 41.327, 41.901, 42.222, 42.376, 42.868, 43.068, 42.281, 41.707, 40.805, 38.591, 35.082, 31.891, 30.112], [19.644, 19.312, 19.23, 18.939, 18.045, 16.292, 14.925, 13.898, 13.359, 12.586, 11.902, 11.488, 10.005, 8.973, 8.929, 8.8, 7.883, 5.181, 1.955, 0.0, 1.947, 5.087, 7.298, 7.796, 8.466, 9.462, 10.876, 12.51, 13.585, 14.143, 14.47, 14.943, 15.767, 16.421, 16.667, 16.133, 15.927, 16.438, 17.659, 19.075, 19.939, 20.767, 21.387, 21.688, 21.467, 20.95, 20.813, 20.898, 21.133, 22.264, 23.994, 25.271, 26.279, 27.013, 27.739, 28.854, 29.764, 30.012, 30.282, 30.965, 32.086, 33.33, 33.78, 34.336, 35.771, 36.883, 37.582, 37.768, 37.489, 38.458, 40.044, 40.865, 40.885, 41.248, 41.812, 42.127, 42.282, 42.773, 42.967, 42.181, 41.615, 40.721, 38.516, 35.026, 31.857, 30.091], [19.415, 19.08, 18.988, 18.685, 17.808, 16.117, 14.804, 13.804, 13.285, 12.483, 11.693, 11.231, 9.806, 8.862, 8.835, 8.738, 7.878, 5.356, 2.923, 1.947, 0.0, 3.571, 6.073, 6.704, 7.457, 8.47, 9.968, 11.706, 12.816, 13.384, 13.737, 14.254, 15.131, 15.859, 16.129, 15.608, 15.421, 15.939, 17.164, 18.593, 19.469, 20.319, 20.962, 21.285, 21.058, 20.476, 20.279, 20.34, 20.613, 21.842, 23.661, 24.976, 25.994, 26.745, 27.516, 28.69, 29.635, 29.894, 30.183, 30.892, 32.035, 33.292, 33.752, 34.314, 35.747, 36.839, 37.505, 37.677, 37.389, 38.365, 39.983, 40.832, 40.861, 41.226, 41.786, 42.103, 42.259, 42.757, 42.959, 42.18, 41.626, 40.737, 38.528, 35.01, 31.783, 29.965], [19.087, 18.75, 18.648, 18.353, 17.537, 15.967, 14.791, 13.946, 13.525, 12.699, 11.746, 11.182, 9.933, 9.302, 9.333, 9.269, 8.575, 6.65, 5.369, 5.087, 3.571, 0.0, 2.913, 4.114, 5.377, 6.716, 8.575, 10.504, 11.616, 12.181, 12.595, 13.17, 14.144, 15.102, 15.464, 15.032, 14.946, 15.46, 16.649, 18.043, 18.885, 19.721, 20.388, 20.744, 20.494, 19.811, 19.51, 19.532, 19.883, 21.283, 23.248, 24.621, 25.646, 26.419, 27.284, 28.637, 29.702, 29.979, 30.31, 31.068, 32.232, 33.508, 34.003, 34.59, 36.013, 37.07, 37.688, 37.826, 37.523, 38.495, 40.143, 41.019, 41.047, 41.401, 41.941, 42.257, 42.414, 42.917, 43.128, 42.354, 41.807, 40.924, 38.726, 35.189, 31.87, 29.963], [19.146, 18.824, 18.71, 18.411, 17.647, 16.214, 15.183, 14.471, 14.136, 13.359, 12.405, 11.799, 10.705, 10.3, 10.368, 10.304, 9.736, 8.272, 7.463, 7.298, 6.073, 2.913, 0.0, 2.023, 4.07, 5.841, 8.003, 10.017, 11.095, 11.635, 12.08, 12.712, 13.763, 14.89, 15.34, 15.002, 15.023, 15.556, 16.721, 18.044, 18.811, 19.587, 20.238, 20.584, 20.294, 19.55, 19.193, 19.201, 19.629, 21.15, 23.195, 24.584, 25.584, 26.353, 27.262, 28.737, 29.913, 30.216, 30.572, 31.358, 32.531, 33.815, 34.328, 34.937, 36.352, 37.376, 37.955, 38.063, 37.75, 38.715, 40.359, 41.238, 41.267, 41.618, 42.147, 42.461, 42.617, 43.123, 43.333, 42.555, 42.009, 41.123, 38.931, 35.392, 32.035, 30.083], [19.565, 19.259, 19.146, 18.808, 17.979, 16.527, 15.518, 14.778, 14.45, 13.799, 13.014, 12.471, 11.395, 10.975, 11.033, 10.975, 10.423, 8.947, 8.02, 7.796, 6.704, 4.114, 2.023, 0.0, 2.566, 4.901, 7.418, 9.546, 10.682, 11.248, 11.669, 12.32, 13.447, 14.629, 15.126, 14.844, 14.986, 15.675, 16.992, 18.377, 19.159, 19.94, 20.593, 20.923, 20.595, 19.812, 19.427, 19.395, 19.743, 21.165, 23.144, 24.506, 25.497, 26.249, 27.135, 28.599, 29.807, 30.134, 30.475, 31.226, 32.373, 33.638, 34.134, 34.73, 36.139, 37.167, 37.766, 37.896, 37.588, 38.544, 40.167, 41.034, 41.068, 41.427, 41.968, 42.287, 42.442, 42.94, 43.147, 42.367, 41.816, 40.926, 38.733, 35.21, 31.887, 29.966], [20.218, 19.943, 19.858, 19.474, 18.514, 16.941, 15.905, 15.089, 14.729, 14.233, 13.699, 13.332, 12.319, 11.846, 11.875, 11.826, 11.261, 9.758, 8.749, 8.466, 7.457, 5.377, 4.07, 2.566, 0.0, 3.064, 6.456, 8.94, 10.255, 10.943, 11.348, 11.98, 13.201, 14.441, 14.972, 14.671, 14.867, 15.745, 17.296, 18.823, 19.686, 20.527, 21.236, 21.593, 21.224, 20.35, 19.838, 19.644, 19.741, 20.872, 22.675, 23.976, 24.964, 25.704, 26.558, 28.003, 29.217, 29.552, 29.89, 30.607, 31.704, 32.92, 33.375, 33.933, 35.31, 36.338, 37.012, 37.227, 36.931, 37.888, 39.523, 40.401, 40.447, 40.823, 41.378, 41.699, 41.852, 42.342, 42.55, 41.772, 41.221, 40.34, 38.177, 34.725, 31.495, 29.654], [20.305, 20.066, 19.999, 19.555, 18.493, 16.925, 15.952, 15.136, 14.792, 14.413, 14.012, 13.732, 12.836, 12.441, 12.458, 12.42, 11.902, 10.542, 9.72, 9.462, 8.47, 6.716, 5.841, 4.901, 3.064, 0.0, 4.116, 7.151, 8.756, 9.615, 10.087, 10.79, 12.177, 13.544, 14.119, 13.823, 14.111, 15.215, 17.001, 18.615, 19.512, 20.397, 21.153, 21.53, 21.129, 20.152, 19.489, 19.156, 19.134, 20.179, 21.946, 23.216, 24.182, 24.919, 25.778, 27.245, 28.486, 28.822, 29.185, 30.001, 31.206, 32.453, 32.902, 33.448, 34.81, 35.826, 36.547, 36.828, 36.535, 37.499, 39.166, 40.073, 40.136, 40.525, 41.078, 41.395, 41.547, 42.046, 42.247, 41.445, 40.892, 40.021, 37.853, 34.377, 31.122, 29.273], [20.094, 19.897, 19.831, 19.355, 18.319, 17.025, 16.222, 15.453, 15.204, 14.936, 14.588, 14.255, 13.487, 13.264, 13.274, 13.276, 12.891, 11.703, 11.044, 10.876, 9.968, 8.575, 8.003, 7.418, 6.456, 4.116, 0.0, 3.55, 5.643, 6.815, 7.521, 8.463, 10.084, 11.646, 12.353, 12.207, 12.801, 14.237, 16.235, 17.862, 18.75, 19.664, 20.414, 20.748, 20.309, 19.274, 18.602, 18.312, 18.417, 19.678, 21.585, 22.884, 23.833, 24.57, 25.446, 26.929, 28.199, 28.535, 28.902, 29.872, 31.346, 32.764, 33.274, 33.855, 35.236, 36.244, 36.956, 37.238, 36.94, 37.88, 39.506, 40.394, 40.457, 40.837, 41.368, 41.682, 41.841, 42.353, 42.536, 41.693, 41.12, 40.228, 37.992, 34.376, 30.977, 29.04], [20.398, 20.229, 20.146, 19.667, 18.74, 17.777, 17.156, 16.416, 16.202, 15.981, 15.648, 15.262, 14.616, 14.521, 14.513, 14.543, 14.25, 13.188, 12.611, 12.51, 11.706, 10.504, 10.017, 9.546, 8.94, 7.151, 3.55, 0.0, 2.586, 4.28, 5.354, 6.592, 8.422, 10.098, 10.926, 10.996, 11.973, 13.66, 15.759, 17.366, 18.239, 19.194, 19.958, 20.274, 19.818, 18.742, 18.081, 17.829, 18.032, 19.47, 21.489, 22.829, 23.78, 24.516, 25.401, 26.884, 28.168, 28.495, 28.842, 29.867, 31.504, 33.083, 33.676, 34.299, 35.695, 36.69, 37.389, 37.667, 37.369, 38.268, 39.828, 40.678, 40.73, 41.094, 41.609, 41.928, 42.096, 42.612, 42.783, 41.918, 41.334, 40.42, 38.13, 34.42, 30.934, 28.948], [20.824, 20.651, 20.528, 20.047, 19.216, 18.428, 17.888, 17.167, 16.918, 16.667, 16.3, 15.882, 15.325, 15.317, 15.297, 15.333, 15.084, 14.139, 13.659, 13.585, 12.816, 11.616, 11.095, 10.682, 10.255, 8.756, 5.643, 2.586, 0.0, 2.148, 3.752, 5.375, 7.404, 9.176, 10.061, 10.356, 11.641, 13.394, 15.451, 17.01, 17.863, 18.838, 19.641, 20.001, 19.573, 18.462, 17.761, 17.485, 17.732, 19.307, 21.424, 22.787, 23.725, 24.461, 25.36, 26.853, 28.133, 28.462, 28.819, 29.874, 31.573, 33.242, 33.911, 34.577, 35.983, 36.957, 37.629, 37.901, 37.605, 38.481, 40.015, 40.859, 40.906, 41.258, 41.76, 42.082, 42.255, 42.774, 42.943, 42.075, 41.497, 40.578, 38.263, 34.5, 30.945, 28.907], [21.103, 20.905, 20.742, 20.273, 19.518, 18.773, 18.22, 17.499, 17.22, 16.941, 16.569, 16.175, 15.691, 15.726, 15.692, 15.724, 15.495, 14.623, 14.206, 14.143, 13.384, 12.181, 11.635, 11.248, 10.943, 9.615, 6.815, 4.28, 2.148, 0.0, 2.161, 4.412, 6.739, 8.612, 9.52, 9.942, 11.367, 13.125, 15.158, 16.72, 17.592, 18.59, 19.434, 19.841, 19.414, 18.237, 17.475, 17.165, 17.43, 19.104, 21.316, 22.713, 23.646, 24.382, 25.296, 26.792, 28.069, 28.417, 28.793, 29.871, 31.597, 33.309, 34.024, 34.724, 36.147, 37.112, 37.759, 38.023, 37.729, 38.597, 40.13, 40.98, 41.022, 41.362, 41.858, 42.186, 42.364, 42.889, 43.065, 42.204, 41.639, 40.732, 38.41, 34.619, 31.017, 28.93], [21.402, 21.2, 21.044, 20.606, 19.881, 19.093, 18.451, 17.65, 17.343, 17.085, 16.774, 16.467, 16.08, 16.143, 16.077, 16.107, 15.878, 14.978, 14.526, 14.47, 13.737, 12.595, 12.08, 11.669, 11.348, 10.087, 7.521, 5.354, 3.752, 2.161, 0.0, 2.93, 5.884, 8.026, 9.001, 9.465, 10.939, 12.765, 14.911, 16.572, 17.53, 18.596, 19.497, 19.941, 19.48, 18.197, 17.327, 16.916, 17.056, 18.645, 20.854, 22.278, 23.231, 23.958, 24.858, 26.34, 27.618, 27.975, 28.336, 29.411, 31.151, 32.882, 33.607, 34.311, 35.758, 36.763, 37.466, 37.774, 37.489, 38.353, 39.883, 40.726, 40.759, 41.086, 41.588, 41.927, 42.108, 42.635, 42.82, 41.968, 41.42, 40.53, 38.219, 34.458, 30.908, 28.85], [21.672, 21.524, 21.418, 21.038, 20.328, 19.459, 18.689, 17.766, 17.402, 17.198, 17.011, 16.819, 16.6, 16.772, 16.683, 16.711, 16.475, 15.514, 14.991, 14.943, 14.254, 13.17, 12.712, 12.32, 11.98, 10.79, 8.463, 6.592, 5.375, 4.412, 2.93, 0.0, 3.67, 6.678, 7.861, 8.53, 10.302, 12.279, 14.566, 16.348, 17.412, 18.557, 19.508, 19.959, 19.451, 18.067, 17.111, 16.613, 16.613, 18.082, 20.236, 21.668, 22.668, 23.393, 24.268, 25.752, 27.048, 27.385, 27.697, 28.757, 30.505, 32.248, 32.981, 33.677, 35.141, 36.259, 37.098, 37.472, 37.202, 38.06, 39.571, 40.392, 40.4, 40.704, 41.201, 41.547, 41.727, 42.241, 42.424, 41.58, 41.036, 40.158, 37.872, 34.181, 30.739, 28.764], [22.266, 22.123, 22.034, 21.706, 21.063, 20.245, 19.438, 18.427, 17.971, 17.745, 17.616, 17.478, 17.361, 17.597, 17.503, 17.534, 17.299, 16.346, 15.814, 15.767, 15.131, 14.144, 13.763, 13.447, 13.201, 12.177, 10.084, 8.422, 7.404, 6.739, 5.884, 3.67, 0.0, 3.958, 5.568, 6.719, 9.115, 11.316, 13.747, 15.656, 16.871, 18.175, 19.276, 19.832, 19.361, 18.004, 17.048, 16.5, 16.428, 17.822, 19.925, 21.351, 22.379, 23.117, 23.974, 25.428, 26.718, 27.033, 27.303, 28.35, 30.127, 31.891, 32.653, 33.387, 34.879, 36.089, 37.073, 37.512, 37.262, 38.105, 39.577, 40.382, 40.392, 40.694, 41.178, 41.514, 41.692, 42.194, 42.372, 41.538, 40.998, 40.136, 37.899, 34.293, 30.953, 29.053], [23.033, 22.809, 22.686, 22.368, 21.791, 21.122, 20.389, 19.301, 18.694, 18.347, 18.192, 18.052, 17.951, 18.184, 18.088, 18.126, 17.893, 16.991, 16.49, 16.421, 15.859, 15.102, 14.89, 14.629, 14.441, 13.544, 11.646, 10.098, 9.176, 8.612, 8.026, 6.678, 3.958, 0.0, 2.342, 4.613, 7.831, 10.257, 12.816, 14.831, 16.211, 17.781, 19.155, 19.945, 19.629, 18.394, 17.419, 16.738, 16.495, 17.689, 19.671, 21.039, 22.027, 22.756, 23.566, 24.868, 26.058, 26.362, 26.63, 27.685, 29.497, 31.29, 32.075, 32.868, 34.406, 35.627, 36.691, 37.234, 37.026, 37.858, 39.303, 40.11, 40.149, 40.478, 40.961, 41.282, 41.457, 41.966, 42.154, 41.334, 40.812, 39.976, 37.8, 34.288, 31.036, 29.19], [23.099, 22.902, 22.78, 22.477, 21.954, 21.397, 20.754, 19.692, 18.999, 18.543, 18.325, 18.151, 18.065, 18.316, 18.216, 18.258, 18.046, 17.223, 16.765, 16.667, 16.129, 15.464, 15.34, 15.126, 14.972, 14.119, 12.353, 10.926, 10.061, 9.52, 9.001, 7.861, 5.568, 2.342, 0.0, 3.318, 7.019, 9.56, 12.187, 14.21, 15.587, 17.219, 18.686, 19.563, 19.3, 18.082, 17.098, 16.403, 16.196, 17.47, 19.501, 20.883, 21.886, 22.634, 23.449, 24.696, 25.834, 26.136, 26.42, 27.51, 29.346, 31.147, 31.928, 32.74, 34.309, 35.516, 36.529, 37.072, 36.884, 37.744, 39.218, 40.04, 40.086, 40.426, 40.913, 41.231, 41.404, 41.921, 42.111, 41.296, 40.788, 39.959, 37.788, 34.273, 31.011, 29.154], [22.752, 22.598, 22.521, 22.264, 21.757, 21.182, 20.54, 19.493, 18.754, 18.237, 18.005, 17.833, 17.677, 17.807, 17.666, 17.706, 17.507, 16.722, 16.274, 16.133, 15.608, 15.032, 15.002, 14.844, 14.671, 13.823, 12.207, 10.996, 10.356, 9.942, 9.465, 8.53, 6.719, 4.613, 3.318, 0.0, 4.139, 7.275, 10.508, 12.888, 14.445, 16.229, 17.845, 18.815, 18.509, 17.156, 16.071, 15.397, 15.29, 16.724, 18.92, 20.451, 21.607, 22.438, 23.275, 24.523, 25.639, 25.937, 26.261, 27.373, 29.219, 31.026, 31.764, 32.56, 34.168, 35.425, 36.492, 37.037, 36.852, 37.804, 39.404, 40.285, 40.337, 40.673, 41.164, 41.483, 41.649, 42.172, 42.371, 41.554, 41.05, 40.214, 38.027, 34.484, 31.176, 29.281], [22.361, 22.212, 22.188, 22.023, 21.578, 20.991, 20.348, 19.321, 18.528, 17.924, 17.689, 17.562, 17.373, 17.386, 17.191, 17.232, 17.07, 16.419, 16.094, 15.927, 15.421, 14.946, 15.023, 14.986, 14.867, 14.111, 12.801, 11.973, 11.641, 11.367, 10.939, 10.302, 9.115, 7.831, 7.019, 4.139, 0.0, 3.987, 8.232, 11.142, 12.977, 14.986, 16.794, 17.879, 17.526, 16.01, 14.79, 14.179, 14.26, 15.931, 18.345, 20.01, 21.267, 22.164, 23.039, 24.297, 25.381, 25.692, 26.094, 27.235, 29.062, 30.861, 31.565, 32.365, 34.025, 35.338, 36.452, 36.98, 36.787, 37.833, 39.603, 40.591, 40.672, 41.009, 41.5, 41.818, 41.979, 42.511, 42.727, 41.915, 41.424, 40.589, 38.382, 34.802, 31.445, 29.512], [22.345, 22.166, 22.157, 22.12, 21.872, 21.376, 20.732, 19.738, 18.863, 18.073, 17.747, 17.672, 17.577, 17.613, 17.385, 17.434, 17.324, 16.855, 16.65, 16.438, 15.939, 15.46, 15.556, 15.675, 15.745, 15.215, 14.237, 13.66, 13.394, 13.125, 12.765, 12.279, 11.316, 10.257, 9.56, 7.275, 3.987, 0.0, 4.929, 8.483, 10.868, 13.27, 15.375, 16.771, 16.592, 15.078, 13.853, 13.361, 13.684, 15.635, 18.25, 19.994, 21.281, 22.229, 23.17, 24.449, 25.483, 25.834, 26.335, 27.489, 29.269, 31.063, 31.787, 32.618, 34.297, 35.6, 36.675, 37.164, 36.969, 38.042, 39.889, 40.945, 41.05, 41.373, 41.832, 42.135, 42.296, 42.834, 43.054, 42.256, 41.783, 40.958, 38.762, 35.197, 31.852, 29.909], [22.71, 22.522, 22.503, 22.573, 22.578, 22.321, 21.766, 20.868, 19.984, 18.993, 18.416, 18.3, 18.342, 18.487, 18.269, 18.326, 18.285, 18.028, 17.927, 17.659, 17.164, 16.649, 16.721, 16.992, 17.296, 17.001, 16.235, 15.759, 15.451, 15.158, 14.911, 14.566, 13.747, 12.816, 12.187, 10.508, 8.232, 4.929, 0.0, 4.337, 7.764, 10.772, 13.291, 15.284, 15.662, 14.546, 13.642, 13.481, 14.272, 16.598, 19.337, 21.075, 22.32, 23.289, 24.271, 25.553, 26.54, 26.905, 27.455, 28.584, 30.303, 32.078, 32.832, 33.692, 35.35, 36.594, 37.519, 37.894, 37.664, 38.706, 40.531, 41.577, 41.671, 41.959, 42.356, 42.627, 42.785, 43.314, 43.517, 42.724, 42.248, 41.408, 39.208, 35.676, 32.406, 30.503], [22.71, 22.562, 22.536, 22.635, 22.796, 22.864, 22.568, 21.863, 21.081, 20.042, 19.231, 18.952, 19.082, 19.382, 19.215, 19.263, 19.294, 19.274, 19.342, 19.075, 18.593, 18.043, 18.044, 18.377, 18.823, 18.615, 17.862, 17.366, 17.01, 16.72, 16.572, 16.348, 15.656, 14.831, 14.21, 12.888, 11.142, 8.483, 4.337, 0.0, 4.133, 7.635, 10.584, 13.245, 14.304, 13.78, 13.362, 13.674, 15.118, 17.906, 20.724, 22.37, 23.489, 24.417, 25.406, 26.699, 27.694, 28.039, 28.589, 29.738, 31.468, 33.239, 34.018, 34.918, 36.563, 37.728, 38.427, 38.613, 38.322, 39.33, 41.123, 42.137, 42.21, 42.476, 42.843, 43.098, 43.251, 43.77, 43.949, 43.154, 42.675, 41.807, 39.561, 35.988, 32.711, 30.809], [22.296, 22.218, 22.191, 22.267, 22.485, 22.807, 22.791, 22.319, 21.666, 20.669, 19.743, 19.307, 19.446, 19.854, 19.734, 19.764, 19.839, 19.987, 20.187, 19.939, 19.469, 18.885, 18.811, 19.159, 19.686, 19.512, 18.75, 18.239, 17.863, 17.592, 17.53, 17.412, 16.871, 16.211, 15.587, 14.445, 12.977, 10.868, 7.764, 4.133, 0.0, 3.892, 7.422, 10.848, 12.555, 12.518, 12.584, 13.445, 15.567, 18.821, 21.743, 23.318, 24.331, 25.223, 26.233, 27.574, 28.607, 28.925, 29.456, 30.641, 32.406, 34.184, 34.985, 35.921, 37.563, 38.65, 39.145, 39.176, 38.853, 39.847, 41.613, 42.59, 42.634, 42.893, 43.267, 43.527, 43.673, 44.187, 44.349, 43.542, 43.052, 42.158, 39.86, 36.203, 32.845, 30.894], [22.002, 22.022, 22.005, 22.066, 22.333, 22.801, 22.972, 22.725, 22.217, 21.289, 20.325, 19.8, 19.926, 20.4, 20.317, 20.325, 20.436, 20.704, 20.993, 20.767, 20.319, 19.721, 19.587, 19.94, 20.527, 20.397, 19.664, 19.194, 18.838, 18.59, 18.596, 18.557, 18.175, 17.781, 17.219, 16.229, 14.986, 13.27, 10.772, 7.635, 3.892, 0.0, 4.11, 8.479, 10.955, 11.491, 12.155, 13.629, 16.335, 19.946, 22.944, 24.459, 25.397, 26.26, 27.294, 28.695, 29.77, 30.073, 30.576, 31.763, 33.53, 35.294, 36.107, 37.045, 38.654, 39.669, 39.986, 39.879, 39.534, 40.503, 42.212, 43.128, 43.135, 43.373, 43.744, 44.012, 44.154, 44.662, 44.81, 43.982, 43.467, 42.546, 40.198, 36.461, 33.043, 31.062], [21.702, 21.811, 21.804, 21.87, 22.201, 22.77, 23.056, 22.988, 22.633, 21.794, 20.828, 20.249, 20.359, 20.855, 20.77, 20.744, 20.889, 21.238, 21.589, 21.387, 20.962, 20.388, 20.238, 20.593, 21.236, 21.153, 20.414, 19.958, 19.641, 19.434, 19.497, 19.508, 19.276, 19.155, 18.686, 17.845, 16.794, 15.375, 13.291, 10.584, 7.422, 4.11, 0.0, 5.147, 8.668, 10.229, 11.9, 14.157, 17.411, 21.337, 24.42, 25.908, 26.79, 27.623, 28.662, 30.094, 31.207, 31.509, 31.969, 33.137, 34.885, 36.613, 37.408, 38.304, 39.861, 40.814, 40.984, 40.751, 40.383, 41.318, 42.945, 43.792, 43.768, 43.981, 44.345, 44.622, 44.773, 45.288, 45.437, 44.595, 44.058, 43.113, 40.712, 36.891, 33.413, 31.412], [21.152, 21.318, 21.324, 21.386, 21.744, 22.427, 22.832, 22.909, 22.693, 21.976, 21.088, 20.492, 20.583, 21.063, 20.952, 20.888, 21.062, 21.453, 21.854, 21.688, 21.285, 20.744, 20.584, 20.923, 21.593, 21.53, 20.748, 20.274, 20.001, 19.841, 19.941, 19.959, 19.832, 19.945, 19.563, 18.815, 17.879, 16.771, 15.284, 13.245, 10.848, 8.479, 5.147, 0.0, 4.721, 8.162, 11.345, 14.515, 18.301, 22.54, 25.742, 27.249, 28.113, 28.924, 29.952, 31.39, 32.528, 32.822, 33.244, 34.414, 36.151, 37.828, 38.58, 39.432, 40.963, 41.886, 41.973, 41.652, 41.276, 42.193, 43.76, 44.575, 44.549, 44.763, 45.139, 45.427, 45.595, 46.139, 46.312, 45.468, 44.909, 43.935, 41.483, 37.581, 34.017, 31.966], [20.421, 20.614, 20.639, 20.683, 20.99, 21.682, 22.143, 22.279, 22.131, 21.52, 20.786, 20.261, 20.372, 20.844, 20.725, 20.665, 20.835, 21.187, 21.6, 21.467, 21.058, 20.494, 20.294, 20.595, 21.224, 21.129, 20.309, 19.818, 19.573, 19.414, 19.48, 19.451, 19.361, 19.629, 19.3, 18.509, 17.526, 16.592, 15.662, 14.304, 12.555, 10.955, 8.668, 4.721, 0.0, 5.044, 9.481, 13.357, 17.558, 22.101, 25.496, 27.112, 28.038, 28.869, 29.91, 31.383, 32.564, 32.862, 33.288, 34.498, 36.275, 37.97, 38.706, 39.542, 41.086, 42.022, 42.137, 41.819, 41.454, 42.395, 43.98, 44.821, 44.813, 45.049, 45.453, 45.759, 45.938, 46.505, 46.705, 45.86, 45.278, 44.283, 41.813, 37.863, 34.202, 32.064], [20.017, 20.228, 20.269, 20.306, 20.545, 21.075, 21.424, 21.477, 21.274, 20.689, 20.112, 19.73, 19.944, 20.441, 20.298, 20.261, 20.404, 20.681, 21.082, 20.95, 20.476, 19.811, 19.55, 19.812, 20.35, 20.152, 19.274, 18.742, 18.462, 18.237, 18.197, 18.067, 18.004, 18.394, 18.082, 17.156, 16.01, 15.078, 14.546, 13.78, 12.518, 11.491, 10.229, 8.162, 5.044, 0.0, 5.149, 9.702, 14.432, 19.439, 23.175, 24.993, 26.074, 26.99, 28.096, 29.653, 30.891, 31.222, 31.715, 33.015, 34.902, 36.706, 37.462, 38.289, 39.858, 40.824, 41.016, 40.786, 40.448, 41.459, 43.157, 44.071, 44.087, 44.344, 44.783, 45.117, 45.308, 45.891, 46.111, 45.275, 44.709, 43.731, 41.285, 37.332, 33.596, 31.359], [20.174, 20.32, 20.356, 20.398, 20.577, 20.91, 21.101, 20.981, 20.633, 20.034, 19.588, 19.373, 19.727, 20.308, 20.183, 20.162, 20.263, 20.518, 20.945, 20.813, 20.279, 19.51, 19.193, 19.427, 19.838, 19.489, 18.602, 18.081, 17.761, 17.475, 17.327, 17.111, 17.048, 17.419, 17.098, 16.071, 14.79, 13.853, 13.642, 13.362, 12.584, 12.155, 11.9, 11.345, 9.481, 5.149, 0.0, 5.041, 10.374, 15.887, 19.965, 21.953, 23.164, 24.179, 25.374, 27.041, 28.331, 28.691, 29.293, 30.717, 32.726, 34.638, 35.448, 36.306, 37.904, 38.887, 39.168, 39.058, 38.749, 39.832, 41.674, 42.695, 42.75, 43.033, 43.491, 43.845, 44.041, 44.642, 44.877, 44.056, 43.545, 42.616, 40.216, 36.315, 32.581, 30.299], [20.913, 20.978, 21.003, 21.035, 21.122, 21.225, 21.221, 20.871, 20.355, 19.771, 19.493, 19.462, 19.912, 20.547, 20.469, 20.459, 20.483, 20.649, 21.034, 20.898, 20.34, 19.532, 19.201, 19.395, 19.644, 19.156, 18.312, 17.829, 17.485, 17.165, 16.916, 16.613, 16.5, 16.738, 16.403, 15.397, 14.179, 13.361, 13.481, 13.674, 13.445, 13.629, 14.157, 14.515, 13.357, 9.702, 5.041, 0.0, 5.788, 11.837, 16.271, 18.389, 19.702, 20.837, 22.126, 23.874, 25.214, 25.609, 26.319, 27.869, 29.993, 32.01, 32.906, 33.812, 35.41, 36.38, 36.777, 36.838, 36.565, 37.679, 39.622, 40.731, 40.819, 41.113, 41.578, 41.943, 42.145, 42.762, 43.012, 42.206, 41.743, 40.877, 38.563, 34.779, 31.143, 28.919], [22.578, 22.573, 22.617, 22.634, 22.538, 22.239, 21.918, 21.259, 20.591, 20.138, 20.171, 20.402, 20.838, 21.354, 21.3, 21.307, 21.199, 21.1, 21.277, 21.133, 20.613, 19.883, 19.629, 19.743, 19.741, 19.134, 18.417, 18.032, 17.732, 17.43, 17.056, 16.613, 16.428, 16.495, 16.196, 15.29, 14.26, 13.684, 14.272, 15.118, 15.567, 16.335, 17.411, 18.301, 17.558, 14.432, 10.374, 5.788, 0.0, 6.457, 11.286, 13.625, 15.176, 16.485, 17.848, 19.63, 21.013, 21.476, 22.287, 23.905, 26.112, 28.234, 29.223, 30.146, 31.684, 32.628, 33.265, 33.64, 33.44, 34.547, 36.526, 37.688, 37.791, 38.08, 38.552, 38.923, 39.131, 39.754, 40.031, 39.266, 38.849, 38.076, 35.946, 32.472, 29.175, 27.193], [25.0, 24.929, 25.013, 25.019, 24.721, 24.03, 23.434, 22.502, 21.734, 21.496, 21.89, 22.387, 22.769, 23.118, 23.074, 23.08, 22.836, 22.466, 22.408, 22.264, 21.842, 21.283, 21.15, 21.165, 20.872, 20.179, 19.678, 19.47, 19.307, 19.104, 18.645, 18.082, 17.822, 17.689, 17.47, 16.724, 15.931, 15.635, 16.598, 17.906, 18.821, 19.946, 21.337, 22.54, 22.101, 19.439, 15.887, 11.837, 6.457, 0.0, 5.12, 7.888, 10.007, 11.544, 12.87, 14.631, 16.066, 16.585, 17.456, 19.043, 21.278, 23.471, 24.553, 25.497, 26.926, 27.855, 28.904, 29.737, 29.658, 30.748, 32.734, 33.942, 34.062, 34.34, 34.814, 35.189, 35.402, 36.022, 36.34, 35.649, 35.295, 34.644, 32.798, 29.894, 27.276, 25.76], [27.096, 26.992, 27.107, 27.1, 26.678, 25.813, 25.139, 24.101, 23.303, 23.232, 23.844, 24.483, 24.842, 25.117, 25.092, 25.094, 24.79, 24.319, 24.144, 23.994, 23.661, 23.248, 23.195, 23.144, 22.675, 21.946, 21.585, 21.489, 21.424, 21.316, 20.854, 20.236, 19.925, 19.671, 19.501, 18.92, 18.345, 18.25, 19.337, 20.724, 21.743, 22.944, 24.42, 25.742, 25.496, 23.175, 19.965, 16.271, 11.286, 5.12, 0.0, 3.373, 6.346, 8.069, 9.198, 10.88, 12.393, 12.867, 13.677, 15.178, 17.433, 19.656, 20.83, 21.835, 23.167, 24.077, 25.469, 26.68, 26.704, 27.763, 29.739, 31.005, 31.159, 31.425, 31.883, 32.258, 32.484, 33.097, 33.437, 32.819, 32.526, 31.964, 30.354, 27.989, 26.052, 25.011], [28.143, 28.008, 28.124, 28.107, 27.648, 26.764, 26.118, 25.074, 24.262, 24.25, 24.934, 25.619, 25.998, 26.275, 26.26, 26.26, 25.963, 25.55, 25.412, 25.271, 24.976, 24.621, 24.584, 24.506, 23.976, 23.216, 22.884, 22.829, 22.787, 22.713, 22.278, 21.668, 21.351, 21.039, 20.883, 20.451, 20.01, 19.994, 21.075, 22.37, 23.318, 24.459, 25.908, 27.249, 27.112, 24.993, 21.953, 18.389, 13.625, 7.888, 3.373, 0.0, 3.4, 5.31, 6.465, 8.302, 10.024, 10.525, 11.402, 13.058, 15.484, 17.746, 19.03, 20.151, 21.434, 22.242, 23.676, 25.048, 25.129, 26.152, 28.128, 29.457, 29.653, 29.92, 30.36, 30.736, 30.978, 31.59, 31.937, 31.354, 31.089, 30.569, 29.071, 26.943, 25.318, 24.536], [28.851, 28.671, 28.764, 28.737, 28.28, 27.415, 26.8, 25.78, 24.964, 24.95, 25.63, 26.316, 26.722, 27.01, 26.989, 26.985, 26.71, 26.4, 26.381, 26.279, 25.994, 25.646, 25.584, 25.497, 24.964, 24.182, 23.833, 23.78, 23.725, 23.646, 23.231, 22.668, 22.379, 22.027, 21.886, 21.607, 21.267, 21.281, 22.32, 23.489, 24.331, 25.397, 26.79, 28.113, 28.038, 26.074, 23.164, 19.702, 15.176, 10.007, 6.346, 3.4, 0.0, 2.232, 3.926, 6.347, 8.441, 9.143, 10.249, 12.136, 14.706, 16.974, 18.371, 19.643, 20.895, 21.533, 22.853, 24.282, 24.4, 25.366, 27.3, 28.655, 28.881, 29.16, 29.587, 29.963, 30.222, 30.846, 31.198, 30.63, 30.386, 29.904, 28.48, 26.467, 24.968, 24.315], [29.548, 29.348, 29.431, 29.397, 28.918, 28.019, 27.396, 26.377, 25.571, 25.586, 26.286, 26.98, 27.383, 27.651, 27.617, 27.607, 27.339, 27.06, 27.085, 27.013, 26.745, 26.419, 26.353, 26.249, 25.704, 24.919, 24.57, 24.516, 24.461, 24.382, 23.958, 23.393, 23.117, 22.756, 22.634, 22.438, 22.164, 22.229, 23.289, 24.417, 25.223, 26.26, 27.623, 28.924, 28.869, 26.99, 24.179, 20.837, 16.485, 11.544, 8.069, 5.31, 2.232, 0.0, 2.198, 5.151, 7.553, 8.394, 9.562, 11.478, 14.067, 16.296, 17.726, 19.051, 20.262, 20.823, 22.144, 23.65, 23.8, 24.72, 26.609, 27.964, 28.195, 28.468, 28.89, 29.273, 29.543, 30.17, 30.52, 29.972, 29.767, 29.332, 27.979, 26.099, 24.743, 24.203], [30.466, 30.26, 30.342, 30.297, 29.779, 28.838, 28.199, 27.146, 26.331, 26.377, 27.121, 27.837, 28.231, 28.475, 28.431, 28.412, 28.126, 27.815, 27.811, 27.739, 27.516, 27.284, 27.262, 27.135, 26.558, 25.778, 25.446, 25.401, 25.36, 25.296, 24.858, 24.268, 23.974, 23.566, 23.449, 23.275, 23.039, 23.17, 24.271, 25.406, 26.233, 27.294, 28.662, 29.952, 29.91, 28.096, 25.374, 22.126, 17.848, 12.87, 9.198, 6.465, 3.926, 2.198, 0.0, 3.353, 6.13, 7.051, 8.226, 10.211, 12.912, 15.152, 16.594, 17.931, 19.094, 19.652, 21.12, 22.78, 22.972, 23.882, 25.756, 27.12, 27.353, 27.615, 28.036, 28.421, 28.699, 29.323, 29.679, 29.156, 28.979, 28.588, 27.336, 25.683, 24.568, 24.177], [31.861, 31.653, 31.73, 31.675, 31.146, 30.212, 29.57, 28.471, 27.618, 27.654, 28.419, 29.15, 29.539, 29.759, 29.706, 29.683, 29.379, 29.022, 28.955, 28.854, 28.69, 28.637, 28.737, 28.599, 28.003, 27.245, 26.929, 26.884, 26.853, 26.792, 26.34, 25.752, 25.428, 24.868, 24.696, 24.523, 24.297, 24.449, 25.553, 26.699, 27.574, 28.695, 30.094, 31.39, 31.383, 29.653, 27.041, 23.874, 19.63, 14.631, 10.88, 8.302, 6.347, 5.151, 3.353, 0.0, 3.193, 4.516, 6.006, 8.315, 11.347, 13.712, 15.201, 16.548, 17.652, 18.167, 19.835, 21.779, 22.055, 22.955, 24.823, 26.2, 26.447, 26.706, 27.124, 27.496, 27.768, 28.4, 28.787, 28.295, 28.142, 27.82, 26.738, 25.391, 24.591, 24.393], [32.928, 32.712, 32.781, 32.731, 32.222, 31.285, 30.615, 29.49, 28.591, 28.596, 29.375, 30.133, 30.528, 30.735, 30.681, 30.664, 30.359, 29.988, 29.884, 29.764, 29.635, 29.702, 29.913, 29.807, 29.217, 28.486, 28.199, 28.168, 28.133, 28.069, 27.618, 27.048, 26.718, 26.058, 25.834, 25.639, 25.381, 25.483, 26.54, 27.694, 28.607, 29.77, 31.207, 32.528, 32.564, 30.891, 28.331, 25.214, 21.013, 16.066, 12.393, 10.024, 8.441, 7.553, 6.13, 3.193, 0.0, 2.32, 4.685, 7.384, 10.66, 13.15, 14.71, 16.044, 17.06, 17.478, 19.218, 21.362, 21.716, 22.62, 24.499, 25.887, 26.148, 26.414, 26.823, 27.16, 27.399, 28.023, 28.432, 27.967, 27.843, 27.585, 26.635, 25.483, 24.874, 24.791], [33.129, 32.921, 32.995, 32.938, 32.418, 31.482, 30.826, 29.693, 28.794, 28.826, 29.63, 30.399, 30.8, 31.02, 30.973, 30.952, 30.633, 30.241, 30.129, 30.012, 29.894, 29.979, 30.216, 30.134, 29.552, 28.822, 28.535, 28.495, 28.462, 28.417, 27.975, 27.385, 27.033, 26.362, 26.136, 25.937, 25.692, 25.834, 26.905, 28.039, 28.925, 30.073, 31.509, 32.822, 32.862, 31.222, 28.691, 25.609, 21.476, 16.585, 12.867, 10.525, 9.143, 8.394, 7.051, 4.516, 2.32, 0.0, 2.976, 6.342, 9.95, 12.559, 14.195, 15.582, 16.653, 17.166, 19.022, 21.209, 21.56, 22.465, 24.347, 25.766, 26.035, 26.299, 26.709, 27.035, 27.262, 27.876, 28.279, 27.813, 27.692, 27.42, 26.46, 25.348, 24.847, 24.845], [33.511, 33.322, 33.409, 33.34, 32.779, 31.813, 31.162, 30.0, 29.118, 29.214, 30.06, 30.84, 31.224, 31.432, 31.385, 31.361, 31.021, 30.567, 30.401, 30.282, 30.183, 30.31, 30.572, 30.475, 29.89, 29.185, 28.902, 28.842, 28.819, 28.793, 28.336, 27.697, 27.303, 26.63, 26.42, 26.261, 26.094, 26.335, 27.455, 28.589, 29.456, 30.576, 31.969, 33.244, 33.288, 31.715, 29.293, 26.319, 22.287, 17.456, 13.677, 11.402, 10.249, 9.562, 8.226, 6.006, 4.685, 2.976, 0.0, 4.061, 8.157, 10.949, 12.706, 14.204, 15.437, 16.274, 18.561, 20.939, 21.288, 22.132, 23.927, 25.34, 25.618, 25.863, 26.293, 26.642, 26.877, 27.465, 27.841, 27.384, 27.281, 27.008, 26.04, 24.996, 24.669, 24.813], [34.57, 34.384, 34.489, 34.433, 33.832, 32.754, 32.038, 30.82, 29.921, 30.066, 30.984, 31.819, 32.16, 32.292, 32.234, 32.206, 31.84, 31.315, 31.081, 30.965, 30.892, 31.068, 31.358, 31.226, 30.607, 30.001, 29.872, 29.867, 29.874, 29.871, 29.411, 28.757, 28.35, 27.685, 27.51, 27.373, 27.235, 27.489, 28.584, 29.738, 30.641, 31.763, 33.137, 34.414, 34.498, 33.015, 30.717, 27.869, 23.905, 19.043, 15.178, 13.058, 12.136, 11.478, 10.211, 8.315, 7.384, 6.342, 4.061, 0.0, 4.529, 7.825