[[0.0, 1.632, 2.009, 2.878, 5.815, 9.974, 11.373, 11.726, 13.554, 14.415, 14.875, 15.283, 14.869, 15.094, 15.214, 14.505, 14.545, 14.442, 14.066, 14.272, 14.999, 15.964, 16.118, 16.453, 17.691, 18.251, 18.756, 19.317, 19.271, 19.722, 20.332, 20.417, 20.76, 20.973, 21.153, 21.194, 21.188, 20.96, 20.241, 20.334, 20.709, 20.604, 20.85, 20.779, 21.013, 20.781, 20.482, 21.099, 21.107, 21.097, 21.259, 21.295, 21.674, 21.647, 21.356, 21.235, 21.282, 20.897, 20.436, 20.44, 20.535, 20.714, 21.0, 21.085, 21.314, 21.307, 22.003, 22.654, 22.354, 22.147, 22.078, 22.423, 22.739, 22.414, 22.185, 22.371, 22.491, 23.277, 24.345, 24.729, 24.895, 24.668, 23.878, 23.064, 22.478, 22.039], [1.632, 0.0, 0.931, 2.16, 5.033, 9.252, 10.691, 11.149, 13.107, 13.987, 14.467, 14.921, 14.505, 14.777, 14.907, 14.226, 14.293, 14.159, 13.762, 13.974, 14.749, 15.759, 15.92, 16.266, 17.543, 18.1, 18.6, 19.168, 19.117, 19.566, 20.166, 20.254, 20.601, 20.818, 21.022, 21.085, 21.082, 20.859, 20.153, 20.269, 20.668, 20.559, 20.784, 20.693, 20.921, 20.686, 20.387, 21.016, 21.005, 20.961, 21.126, 21.172, 21.566, 21.542, 21.243, 21.121, 21.171, 20.787, 20.317, 20.344, 20.46, 20.648, 20.942, 21.027, 21.267, 21.252, 21.987, 22.678, 22.377, 22.166, 22.105, 22.458, 22.773, 22.434, 22.19, 22.39, 22.535, 23.333, 24.396, 24.779, 24.945, 24.713, 23.916, 23.092, 22.496, 22.068], [2.009, 0.931, 0.0, 1.774, 4.812, 9.036, 10.519, 11.14, 13.196, 14.063, 14.516, 14.929, 14.466, 14.707, 14.804, 14.093, 14.158, 14.015, 13.6, 13.812, 14.619, 15.659, 15.824, 16.164, 17.443, 18.003, 18.516, 19.088, 19.038, 19.498, 20.116, 20.204, 20.541, 20.755, 20.96, 21.025, 21.024, 20.799, 20.092, 20.233, 20.65, 20.52, 20.728, 20.646, 20.884, 20.644, 20.351, 20.977, 20.965, 20.921, 21.083, 21.124, 21.52, 21.494, 21.185, 21.058, 21.107, 20.719, 20.242, 20.278, 20.4, 20.59, 20.881, 20.968, 21.209, 21.194, 21.945, 22.646, 22.343, 22.129, 22.072, 22.429, 22.749, 22.411, 22.177, 22.396, 22.558, 23.373, 24.444, 24.832, 25.005, 24.776, 23.973, 23.141, 22.538, 22.107], [2.878, 2.16, 1.774, 0.0, 3.877, 8.588, 10.118, 10.821, 13.005, 13.9, 14.337, 14.705, 14.197, 14.436, 14.48, 13.733, 13.806, 13.652, 13.22, 13.427, 14.2, 15.227, 15.398, 15.731, 17.025, 17.602, 18.148, 18.749, 18.701, 19.172, 19.816, 19.903, 20.235, 20.449, 20.66, 20.733, 20.73, 20.5, 19.788, 19.948, 20.389, 20.245, 20.44, 20.344, 20.581, 20.337, 20.033, 20.678, 20.676, 20.634, 20.799, 20.836, 21.248, 21.231, 20.919, 20.784, 20.818, 20.405, 19.906, 19.949, 20.089, 20.285, 20.585, 20.679, 20.931, 20.922, 21.698, 22.426, 22.113, 21.884, 21.817, 22.18, 22.508, 22.157, 21.9, 22.127, 22.306, 23.152, 24.245, 24.647, 24.834, 24.611, 23.799, 22.945, 22.328, 21.89], [5.815, 5.033, 4.812, 3.877, 0.0, 5.295, 7.136, 8.355, 11.062, 12.051, 12.614, 13.014, 12.523, 13.066, 13.11, 12.591, 12.866, 12.582, 12.136, 12.331, 13.079, 14.183, 14.436, 14.864, 16.253, 16.835, 17.404, 18.047, 17.978, 18.464, 19.132, 19.214, 19.576, 19.792, 20.022, 20.127, 20.12, 19.899, 19.228, 19.444, 19.972, 19.858, 20.048, 19.91, 20.099, 19.871, 19.514, 20.199, 20.187, 19.995, 20.158, 20.235, 20.692, 20.688, 20.357, 20.224, 20.237, 19.775, 19.261, 19.435, 19.671, 19.887, 20.196, 20.308, 20.621, 20.591, 21.481, 22.336, 21.99, 21.739, 21.711, 22.144, 22.489, 22.052, 21.623, 21.826, 22.048, 22.934, 24.029, 24.412, 24.59, 24.365, 23.55, 22.716, 22.145, 21.76], [9.974, 9.252, 9.036, 8.588, 5.295, 0.0, 3.127, 6.99, 10.287, 11.242, 11.946, 12.302, 11.84, 12.737, 12.692, 12.61, 13.153, 12.676, 12.301, 12.509, 13.24, 14.382, 14.705, 15.212, 16.549, 17.065, 17.578, 18.215, 18.158, 18.638, 19.261, 19.358, 19.737, 19.935, 20.14, 20.249, 20.238, 20.038, 19.452, 19.783, 20.389, 20.263, 20.429, 20.313, 20.432, 20.217, 19.827, 20.469, 20.454, 20.061, 20.171, 20.299, 20.783, 20.768, 20.39, 20.269, 20.277, 19.778, 19.31, 19.649, 19.966, 20.185, 20.479, 20.586, 20.927, 20.861, 21.747, 22.66, 22.325, 22.07, 22.06, 22.465, 22.775, 22.286, 21.75, 21.936, 22.178, 23.024, 24.069, 24.44, 24.62, 24.409, 23.628, 22.861, 22.371, 22.073], [11.373, 10.691, 10.519, 10.118, 7.136, 3.127, 0.0, 5.881, 9.67, 10.679, 11.389, 11.669, 11.21, 12.353, 12.332, 12.417, 13.063, 12.506, 12.198, 12.442, 13.118, 14.257, 14.623, 15.206, 16.589, 17.094, 17.593, 18.256, 18.223, 18.709, 19.287, 19.396, 19.796, 19.997, 20.195, 20.31, 20.304, 20.107, 19.534, 19.856, 20.475, 20.369, 20.537, 20.373, 20.43, 20.226, 19.828, 20.445, 20.446, 20.007, 20.087, 20.25, 20.768, 20.77, 20.397, 20.292, 20.307, 19.82, 19.407, 19.807, 20.134, 20.345, 20.642, 20.754, 21.091, 21.008, 21.898, 22.847, 22.543, 22.283, 22.266, 22.663, 22.967, 22.478, 21.937, 22.114, 22.341, 23.152, 24.165, 24.515, 24.673, 24.455, 23.684, 22.936, 22.451, 22.167], [11.726, 11.149, 11.14, 10.821, 8.355, 6.99, 5.881, 0.0, 4.527, 6.194, 7.578, 8.433, 8.501, 10.496, 11.095, 11.627, 12.312, 11.973, 12.002, 12.219, 12.614, 13.637, 14.059, 14.824, 16.333, 16.765, 17.134, 17.758, 17.749, 18.268, 18.74, 18.895, 19.426, 19.661, 19.832, 19.945, 19.93, 19.749, 19.327, 19.48, 19.996, 20.217, 20.571, 20.348, 20.347, 20.185, 19.783, 20.42, 20.396, 19.943, 20.065, 20.28, 20.795, 20.855, 20.608, 20.539, 20.553, 20.162, 19.805, 20.167, 20.519, 20.742, 21.045, 21.117, 21.474, 21.401, 22.208, 23.134, 22.853, 22.611, 22.633, 23.038, 23.326, 22.86, 22.371, 22.545, 22.725, 23.466, 24.421, 24.691, 24.765, 24.489, 23.712, 22.965, 22.442, 22.143], [13.554, 13.107, 13.196, 13.005, 11.062, 10.287, 9.67, 4.527, 0.0, 2.723, 5.559, 7.515, 8.368, 10.707, 11.725, 12.665, 13.365, 13.216, 13.444, 13.569, 13.741, 14.586, 14.974, 15.758, 17.124, 17.412, 17.631, 18.135, 18.108, 18.564, 18.928, 19.089, 19.687, 19.939, 20.063, 20.149, 20.118, 19.966, 19.658, 19.617, 20.0, 20.556, 21.213, 21.136, 21.094, 20.905, 20.512, 21.116, 21.041, 20.571, 20.714, 20.952, 21.434, 21.538, 21.387, 21.354, 21.369, 21.083, 20.787, 21.035, 21.364, 21.596, 21.892, 21.922, 22.272, 22.201, 22.824, 23.639, 23.372, 23.166, 23.233, 23.607, 23.857, 23.413, 22.939, 23.075, 23.213, 23.855, 24.711, 24.904, 24.9, 24.601, 23.889, 23.219, 22.733, 22.46], [14.415, 13.987, 14.063, 13.9, 12.051, 11.242, 10.679, 6.194, 2.723, 0.0, 3.964, 6.8, 7.865, 10.177, 11.389, 12.545, 13.319, 13.235, 13.509, 13.585, 13.67, 14.504, 14.914, 15.707, 17.053, 17.329, 17.534, 17.987, 17.915, 18.336, 18.684, 18.854, 19.45, 19.691, 19.818, 19.91, 19.877, 19.725, 19.424, 19.321, 19.674, 20.301, 21.081, 21.152, 21.177, 20.957, 20.565, 21.194, 21.075, 20.577, 20.748, 21.008, 21.496, 21.621, 21.495, 21.476, 21.501, 21.237, 20.933, 21.137, 21.455, 21.693, 21.983, 22.008, 22.367, 22.277, 22.882, 23.701, 23.419, 23.207, 23.29, 23.682, 23.942, 23.494, 23.001, 23.121, 23.26, 23.885, 24.706, 24.862, 24.831, 24.529, 23.842, 23.206, 22.745, 22.476], [14.875, 14.467, 14.516, 14.337, 12.614, 11.946, 11.389, 7.578, 5.559, 3.964, 0.0, 4.031, 5.815, 7.867, 9.574, 11.158, 11.909, 11.933, 12.388, 12.474, 12.49, 13.373, 13.877, 14.858, 16.365, 16.685, 16.91, 17.361, 17.265, 17.662, 17.986, 18.186, 18.837, 19.059, 19.185, 19.298, 19.274, 19.139, 18.878, 18.808, 19.175, 19.763, 20.507, 20.645, 20.885, 20.746, 20.337, 21.044, 20.912, 20.383, 20.552, 20.82, 21.3, 21.414, 21.296, 21.275, 21.308, 21.061, 20.765, 20.986, 21.305, 21.535, 21.817, 21.837, 22.201, 22.107, 22.734, 23.583, 23.292, 23.064, 23.154, 23.58, 23.867, 23.431, 22.939, 23.058, 23.225, 23.89, 24.71, 24.846, 24.815, 24.531, 23.866, 23.259, 22.822, 22.539], [15.283, 14.921, 14.929, 14.705, 13.014, 12.302, 11.669, 8.433, 7.515, 6.8, 4.031, 0.0, 3.302, 5.982, 7.963, 9.912, 10.578, 10.608, 11.296, 11.52, 11.502, 12.354, 12.942, 14.002, 15.597, 15.984, 16.207, 16.713, 16.699, 17.14, 17.468, 17.71, 18.369, 18.602, 18.705, 18.819, 18.789, 18.672, 18.58, 18.672, 19.101, 19.559, 20.092, 20.06, 20.356, 20.4, 19.994, 20.697, 20.602, 20.069, 20.218, 20.502, 20.987, 21.093, 20.979, 20.946, 20.989, 20.82, 20.591, 20.835, 21.138, 21.362, 21.633, 21.643, 21.991, 21.92, 22.598, 23.485, 23.218, 22.984, 23.062, 23.463, 23.747, 23.338, 22.866, 22.989, 23.194, 23.917, 24.748, 24.904, 24.89, 24.629, 23.989, 23.394, 22.961, 22.666], [14.869, 14.505, 14.466, 14.197, 12.523, 11.84, 11.21, 8.501, 8.368, 7.865, 5.815, 3.302, 0.0, 4.192, 6.335, 8.146, 8.878, 8.898, 9.7, 10.021, 10.003, 10.903, 11.494, 12.532, 14.275, 14.77, 15.08, 15.651, 15.624, 16.182, 16.607, 16.853, 17.495, 17.752, 17.875, 17.997, 17.972, 17.837, 17.736, 17.968, 18.506, 18.879, 19.302, 19.239, 19.609, 19.668, 19.345, 20.099, 20.018, 19.54, 19.697, 19.958, 20.453, 20.568, 20.434, 20.377, 20.425, 20.252, 19.994, 20.249, 20.558, 20.798, 21.085, 21.113, 21.464, 21.396, 22.181, 23.126, 22.848, 22.594, 22.657, 23.077, 23.388, 22.981, 22.51, 22.647, 22.872, 23.637, 24.493, 24.663, 24.665, 24.409, 23.747, 23.12, 22.668, 22.358], [15.094, 14.777, 14.707, 14.436, 13.066, 12.737, 12.353, 10.496, 10.707, 10.177, 7.867, 5.982, 4.192, 0.0, 3.666, 5.881, 6.508, 6.825, 7.913, 8.128, 8.01, 9.113, 9.768, 11.052, 12.99, 13.605, 14.043, 14.584, 14.464, 15.009, 15.564, 15.806, 16.427, 16.685, 16.828, 16.971, 16.973, 16.848, 16.7, 17.061, 17.685, 17.987, 18.432, 18.586, 19.279, 19.341, 19.051, 19.9, 19.808, 19.395, 19.562, 19.78, 20.274, 20.407, 20.277, 20.2, 20.236, 20.057, 19.779, 19.994, 20.268, 20.493, 20.766, 20.8, 21.147, 21.089, 21.897, 22.84, 22.553, 22.303, 22.371, 22.841, 23.204, 22.839, 22.383, 22.517, 22.781, 23.597, 24.453, 24.599, 24.606, 24.368, 23.702, 23.064, 22.601, 22.262], [15.214, 14.907, 14.804, 14.48, 13.11, 12.692, 12.332, 11.095, 11.725, 11.389, 9.574, 7.963, 6.335, 3.666, 0.0, 3.309, 4.547, 4.878, 6.256, 6.517, 6.429, 7.808, 8.545, 9.854, 11.976, 12.735, 13.24, 13.826, 13.769, 14.407, 15.058, 15.311, 15.918, 16.189, 16.286, 16.398, 16.43, 16.342, 16.21, 16.78, 17.57, 17.833, 18.221, 18.367, 19.115, 19.212, 18.925, 19.814, 19.828, 19.46, 19.6, 19.815, 20.329, 20.456, 20.294, 20.206, 20.244, 20.052, 19.76, 19.965, 20.215, 20.422, 20.674, 20.718, 21.067, 21.014, 21.831, 22.755, 22.472, 22.223, 22.255, 22.706, 23.073, 22.704, 22.259, 22.419, 22.707, 23.565, 24.458, 24.643, 24.674, 24.452, 23.792, 23.136, 22.654, 22.301], [14.505, 14.226, 14.093, 13.733, 12.591, 12.61, 12.417, 11.627, 12.665, 12.545, 11.158, 9.912, 8.146, 5.881, 3.309, 0.0, 2.11, 2.655, 4.316, 4.826, 5.108, 6.888, 7.541, 8.749, 11.076, 11.997, 12.634, 13.267, 13.22, 13.993, 14.795, 15.006, 15.601, 15.912, 16.01, 16.099, 16.156, 16.085, 15.86, 16.469, 17.285, 17.46, 17.794, 17.938, 18.745, 18.852, 18.641, 19.555, 19.664, 19.472, 19.623, 19.799, 20.321, 20.447, 20.27, 20.173, 20.217, 20.021, 19.712, 19.875, 20.09, 20.292, 20.543, 20.596, 20.915, 20.894, 21.757, 22.657, 22.386, 22.142, 22.136, 22.587, 22.972, 22.629, 22.231, 22.403, 22.687, 23.574, 24.507, 24.734, 24.797, 24.582, 23.908, 23.215, 22.691, 22.3], [14.545, 14.293, 14.158, 13.806, 12.866, 13.153, 13.063, 12.312, 13.365, 13.319, 11.909, 10.578, 8.878, 6.508, 4.547, 2.11, 0.0, 1.759, 3.985, 4.64, 5.143, 7.055, 7.723, 8.887, 11.199, 12.144, 12.762, 13.371, 13.334, 14.104, 14.914, 15.135, 15.732, 16.065, 16.176, 16.265, 16.32, 16.256, 16.084, 16.685, 17.444, 17.582, 17.854, 17.963, 18.792, 18.923, 18.745, 19.661, 19.779, 19.65, 19.807, 19.949, 20.443, 20.572, 20.418, 20.331, 20.391, 20.25, 19.985, 20.13, 20.332, 20.529, 20.775, 20.817, 21.117, 21.121, 21.97, 22.833, 22.576, 22.346, 22.336, 22.776, 23.156, 22.849, 22.502, 22.667, 22.933, 23.808, 24.727, 24.969, 25.054, 24.854, 24.195, 23.505, 22.97, 22.564], [14.442, 14.159, 14.015, 13.652, 12.582, 12.676, 12.506, 11.973, 13.216, 13.235, 11.933, 10.608, 8.898, 6.825, 4.878, 2.655, 1.759, 0.0, 2.793, 3.796, 4.587, 6.793, 7.549, 8.712, 11.083, 12.022, 12.667, 13.348, 13.334, 14.15, 14.959, 15.169, 15.766, 16.097, 16.213, 16.307, 16.365, 16.299, 16.104, 16.747, 17.543, 17.622, 17.839, 17.875, 18.651, 18.785, 18.59, 19.507, 19.654, 19.504, 19.659, 19.825, 20.344, 20.463, 20.286, 20.193, 20.243, 20.081, 19.823, 20.009, 20.223, 20.411, 20.652, 20.702, 21.006, 21.013, 21.901, 22.793, 22.542, 22.309, 22.288, 22.724, 23.108, 22.795, 22.441, 22.616, 22.892, 23.782, 24.717, 24.977, 25.078, 24.878, 24.208, 23.506, 22.964, 22.556], [14.066, 13.762, 13.6, 13.22, 12.136, 12.301, 12.198, 12.002, 13.444, 13.509, 12.388, 11.296, 9.7, 7.913, 6.256, 4.316, 3.985, 2.793, 0.0, 1.793, 3.581, 6.28, 7.104, 8.17, 10.662, 11.585, 12.282, 13.032, 13.015, 13.896, 14.744, 14.922, 15.531, 15.868, 16.019, 16.132, 16.199, 16.135, 15.856, 16.518, 17.355, 17.362, 17.582, 17.642, 18.418, 18.519, 18.311, 19.255, 19.424, 19.29, 19.456, 19.652, 20.234, 20.362, 20.16, 20.055, 20.094, 19.878, 19.582, 19.805, 20.036, 20.22, 20.458, 20.522, 20.822, 20.832, 21.782, 22.703, 22.446, 22.207, 22.173, 22.624, 23.026, 22.698, 22.341, 22.558, 22.865, 23.779, 24.739, 25.012, 25.129, 24.928, 24.227, 23.484, 22.9, 22.457], [14.272, 13.974, 13.812, 13.427, 12.331, 12.509, 12.442, 12.219, 13.569, 13.585, 12.474, 11.52, 10.021, 8.128, 6.517, 4.826, 4.64, 3.796, 1.793, 0.0, 2.748, 5.893, 6.756, 7.932, 10.503, 11.396, 12.078, 12.826, 12.794, 13.622, 14.461, 14.642, 15.252, 15.59, 15.777, 15.912, 15.976, 15.914, 15.628, 16.298, 17.161, 17.195, 17.478, 17.633, 18.459, 18.529, 18.325, 19.284, 19.417, 19.266, 19.44, 19.638, 20.243, 20.395, 20.198, 20.085, 20.101, 19.847, 19.521, 19.75, 20.001, 20.19, 20.429, 20.493, 20.797, 20.799, 21.759, 22.691, 22.422, 22.18, 22.15, 22.617, 23.028, 22.695, 22.33, 22.569, 22.89, 23.807, 24.769, 25.041, 25.162, 24.962, 24.251, 23.5, 22.907, 22.45], [14.999, 14.749, 14.619, 14.2, 13.079, 13.24, 13.118, 12.614, 13.741, 13.67, 12.49, 11.502, 10.003, 8.01, 6.429, 5.108, 5.143, 4.587, 3.581, 2.748, 0.0, 3.643, 4.877, 6.48, 9.348, 10.29, 10.999, 11.781, 11.753, 12.601, 13.436, 13.673, 14.361, 14.711, 14.914, 15.062, 15.126, 15.055, 14.839, 15.573, 16.508, 16.626, 16.964, 17.173, 18.102, 18.213, 17.995, 18.999, 19.125, 18.928, 19.107, 19.321, 19.948, 20.136, 19.971, 19.856, 19.852, 19.591, 19.267, 19.519, 19.8, 20.002, 20.252, 20.313, 20.644, 20.615, 21.571, 22.536, 22.237, 21.98, 21.972, 22.476, 22.899, 22.542, 22.124, 22.356, 22.684, 23.606, 24.562, 24.812, 24.919, 24.726, 24.031, 23.311, 22.748, 22.304], [15.964, 15.759, 15.659, 15.227, 14.183, 14.382, 14.257, 13.637, 14.586, 14.504, 13.373, 12.354, 10.903, 9.113, 7.808, 6.888, 7.055, 6.793, 6.28, 5.893, 3.643, 0.0, 2.254, 4.534, 7.392, 8.347, 9.181, 10.028, 10.035, 10.959, 11.857, 12.186, 13.025, 13.444, 13.657, 13.798, 13.872, 13.82, 13.691, 14.548, 15.577, 15.781, 16.162, 16.437, 17.517, 17.709, 17.501, 18.576, 18.735, 18.518, 18.698, 18.934, 19.595, 19.817, 19.677, 19.556, 19.547, 19.291, 18.979, 19.255, 19.563, 19.78, 20.045, 20.107, 20.454, 20.4, 21.336, 22.319, 21.993, 21.72, 21.726, 22.248, 22.671, 22.281, 21.797, 22.021, 22.35, 23.262, 24.206, 24.432, 24.521, 24.339, 23.677, 23.003, 22.495, 22.09], [16.118, 15.92, 15.824, 15.398, 14.436, 14.705, 14.623, 14.059, 14.974, 14.914, 13.877, 12.942, 11.494, 9.768, 8.545, 7.541, 7.723, 7.549, 7.104, 6.756, 4.877, 2.254, 0.0, 3.426, 6.488, 7.452, 8.467, 9.35, 9.331, 10.179, 11.166, 11.488, 12.346, 12.81, 13.041, 13.176, 13.257, 13.227, 13.04, 13.907, 14.958, 15.166, 15.602, 15.994, 17.204, 17.441, 17.286, 18.405, 18.598, 18.447, 18.647, 18.87, 19.533, 19.779, 19.648, 19.515, 19.506, 19.251, 18.919, 19.142, 19.428, 19.644, 19.919, 19.987, 20.333, 20.287, 21.188, 22.151, 21.829, 21.556, 21.557, 22.068, 22.481, 22.081, 21.572, 21.798, 22.141, 23.054, 24.004, 24.241, 24.338, 24.166, 23.516, 22.854, 22.368, 21.981], [16.453, 16.266, 16.164, 15.731, 14.864, 15.212, 15.206, 14.824, 15.758, 15.707, 14.858, 14.002, 12.532, 11.052, 9.854, 8.749, 8.887, 8.712, 8.17, 7.932, 6.48, 4.534, 3.426, 0.0, 3.99, 5.616, 6.891, 7.912, 7.998, 9.099, 10.241, 10.567, 11.333, 11.837, 12.042, 12.129, 12.219, 12.213, 12.128, 13.202, 14.359, 14.501, 14.807, 15.126, 16.308, 16.563, 16.484, 17.652, 17.939, 17.934, 18.205, 18.424, 19.09, 19.358, 19.245, 19.098, 19.133, 19.007, 18.7, 18.818, 19.064, 19.278, 19.55, 19.628, 19.966, 19.957, 20.9, 21.853, 21.554, 21.295, 21.278, 21.762, 22.169, 21.775, 21.299, 21.549, 21.94, 22.903, 23.888, 24.173, 24.315, 24.147, 23.483, 22.804, 22.311, 21.911], [17.691, 17.543, 17.443, 17.025, 16.253, 16.549, 16.589, 16.333, 17.124, 17.053, 16.365, 15.597, 14.275, 12.99, 11.976, 11.076, 11.199, 11.083, 10.662, 10.503, 9.348, 7.392, 6.488, 3.99, 0.0, 2.763, 4.728, 5.756, 6.017, 7.354, 8.813, 9.178, 9.849, 10.461, 10.634, 10.638, 10.738, 10.814, 10.915, 12.23, 13.491, 13.687, 14.019, 14.371, 15.519, 15.819, 15.806, 16.992, 17.354, 17.434, 17.744, 17.992, 18.679, 18.989, 18.917, 18.786, 18.863, 18.877, 18.658, 18.685, 18.893, 19.104, 19.374, 19.459, 19.78, 19.805, 20.711, 21.607, 21.32, 21.08, 21.059, 21.516, 21.891, 21.468, 20.958, 21.181, 21.6, 22.573, 23.552, 23.855, 24.016, 23.856, 23.212, 22.564, 22.102, 21.735], [18.251, 18.1, 18.003, 17.602, 16.835, 17.065, 17.094, 16.765, 17.412, 17.329, 16.685, 15.984, 14.77, 13.605, 12.735, 11.997, 12.144, 12.022, 11.585, 11.396, 10.29, 8.347, 7.452, 5.616, 2.763, 0.0, 2.698, 3.989, 4.355, 5.876, 7.411, 7.776, 8.539, 9.258, 9.472, 9.518, 9.605, 9.733, 9.991, 11.467, 12.879, 13.344, 13.922, 14.376, 15.534, 15.851, 15.847, 17.014, 17.332, 17.369, 17.673, 17.953, 18.681, 19.021, 18.973, 18.843, 18.891, 18.883, 18.684, 18.788, 19.06, 19.274, 19.552, 19.629, 19.954, 19.977, 20.82, 21.686, 21.398, 21.168, 21.161, 21.599, 21.946, 21.498, 20.962, 21.183, 21.613, 22.581, 23.549, 23.819, 23.948, 23.784, 23.15, 22.509, 22.048, 21.703], [18.756, 18.6, 18.516, 18.148, 17.404, 17.578, 17.593, 17.134, 17.631, 17.534, 16.91, 16.207, 15.08, 14.043, 13.24, 12.634, 12.762, 12.667, 12.282, 12.078, 10.999, 9.181, 8.467, 6.891, 4.728, 2.698, 0.0, 1.969, 3.029, 4.894, 6.217, 6.72, 7.735, 8.531, 8.804, 8.917, 8.945, 9.053, 9.692, 11.358, 12.899, 13.612, 14.269, 14.668, 15.747, 16.079, 16.067, 17.207, 17.495, 17.486, 17.793, 18.097, 18.833, 19.203, 19.187, 19.064, 19.102, 19.127, 18.978, 19.13, 19.458, 19.674, 19.938, 19.984, 20.308, 20.322, 21.092, 21.909, 21.625, 21.403, 21.407, 21.804, 22.11, 21.667, 21.174, 21.407, 21.835, 22.786, 23.736, 23.99, 24.106, 23.951, 23.34, 22.708, 22.244, 21.901], [19.317, 19.168, 19.088, 18.749, 18.047, 18.215, 18.256, 17.758, 18.135, 17.987, 17.361, 16.713, 15.651, 14.584, 13.826, 13.267, 13.371, 13.348, 13.032, 12.826, 11.781, 10.028, 9.35, 7.912, 5.756, 3.989, 1.969, 0.0, 2.101, 4.216, 5.527, 6.1, 7.236, 8.107, 8.403, 8.521, 8.555, 8.728, 9.589, 11.299, 12.837, 13.681, 14.452, 15.003, 16.127, 16.457, 16.483, 17.618, 17.889, 17.894, 18.215, 18.516, 19.233, 19.616, 19.628, 19.521, 19.57, 19.634, 19.521, 19.62, 19.915, 20.134, 20.39, 20.421, 20.737, 20.747, 21.431, 22.17, 21.877, 21.665, 21.684, 22.07, 22.347, 21.892, 21.398, 21.604, 22.023, 22.94, 23.851, 24.092, 24.207, 24.071, 23.495, 22.886, 22.432, 22.093], [19.271, 19.117, 19.038, 18.701, 17.978, 18.158, 18.223, 17.749, 18.108, 17.915, 17.265, 16.699, 15.624, 14.464, 13.769, 13.22, 13.334, 13.334, 13.015, 12.794, 11.753, 10.035, 9.331, 7.998, 6.017, 4.355, 3.029, 2.101, 0.0, 2.948, 4.716, 5.104, 6.273, 7.152, 7.541, 7.76, 7.797, 8.046, 8.88, 10.614, 12.227, 13.116, 14.015, 14.755, 16.027, 16.314, 16.376, 17.572, 17.78, 17.767, 18.113, 18.4, 19.108, 19.502, 19.52, 19.405, 19.447, 19.49, 19.351, 19.457, 19.752, 19.985, 20.266, 20.309, 20.65, 20.662, 21.377, 22.15, 21.84, 21.617, 21.656, 22.082, 22.379, 21.915, 21.378, 21.581, 22.022, 22.953, 23.857, 24.067, 24.156, 24.007, 23.422, 22.821, 22.381, 22.048], [19.722, 19.566, 19.498, 19.172, 18.464, 18.638, 18.709, 18.268, 18.564, 18.336, 17.662, 17.14, 16.182, 15.009, 14.407, 13.993, 14.104, 14.15, 13.896, 13.622, 12.601, 10.959, 10.179, 9.099, 7.354, 5.876, 4.894, 4.216, 2.948, 0.0, 2.816, 3.479, 4.677, 5.71, 6.319, 6.732, 6.732, 7.089, 8.136, 9.89, 11.538, 12.537, 13.596, 14.647, 16.134, 16.489, 16.59, 17.815, 17.958, 17.912, 18.271, 18.547, 19.23, 19.627, 19.659, 19.541, 19.568, 19.6, 19.465, 19.545, 19.835, 20.072, 20.355, 20.39, 20.748, 20.772, 21.43, 22.178, 21.851, 21.621, 21.674, 22.093, 22.37, 21.893, 21.327, 21.529, 21.999, 22.924, 23.805, 23.978, 24.044, 23.908, 23.349, 22.786, 22.401, 22.122], [20.332, 20.166, 20.116, 19.816, 19.132, 19.261, 19.287, 18.74, 18.928, 18.684, 17.986, 17.468, 16.607, 15.564, 15.058, 14.795, 14.914, 14.959, 14.744, 14.461, 13.436, 11.857, 11.166, 10.241, 8.813, 7.411, 6.217, 5.527, 4.716, 2.816, 0.0, 2.101, 4.054, 4.954, 5.636, 6.206, 6.195, 6.609, 8.031, 9.745, 11.444, 12.691, 13.794, 14.852, 16.369, 16.802, 16.951, 18.192, 18.314, 18.217, 18.576, 18.882, 19.557, 19.968, 20.033, 19.913, 19.918, 19.994, 19.911, 19.991, 20.269, 20.484, 20.765, 20.782, 21.167, 21.175, 21.772, 22.499, 22.188, 21.973, 22.035, 22.425, 22.683, 22.222, 21.683, 21.884, 22.356, 23.274, 24.145, 24.304, 24.354, 24.23, 23.703, 23.172, 22.813, 22.556], [20.417, 20.254, 20.204, 19.903, 19.214, 19.358, 19.396, 18.895, 19.089, 18.854, 18.186, 17.71, 16.853, 15.806, 15.311, 15.006, 15.135, 15.169, 14.922, 14.642, 13.673, 12.186, 11.488, 10.567, 9.178, 7.776, 6.72, 6.1, 5.104, 3.479, 2.101, 0.0, 2.76, 3.942, 4.739, 5.428, 5.446, 6.101, 7.593, 9.34, 11.15, 12.491, 13.708, 14.821, 16.347, 16.759, 16.931, 18.178, 18.32, 18.272, 18.626, 18.914, 19.595, 20.023, 20.094, 19.967, 19.962, 20.049, 19.957, 19.994, 20.252, 20.456, 20.743, 20.773, 21.156, 21.183, 21.757, 22.457, 22.151, 21.943, 22.02, 22.43, 22.699, 22.231, 21.65, 21.821, 22.3, 23.218, 24.082, 24.241, 24.291, 24.159, 23.621, 23.081, 22.729, 22.483], [20.76, 20.601, 20.541, 20.235, 19.576, 19.737, 19.796, 19.426, 19.687, 19.45, 18.837, 18.369, 17.495, 16.427, 15.918, 15.601, 15.732, 15.766, 15.531, 15.252, 14.361, 13.025, 12.346, 11.333, 9.849, 8.539, 7.735, 7.236, 6.273, 4.677, 4.054, 2.76, 0.0, 2.078, 3.417, 4.357, 4.365, 5.227, 6.987, 9.041, 10.951, 12.177, 13.353, 14.62, 16.213, 16.682, 16.957, 18.183, 18.346, 18.356, 18.725, 18.994, 19.657, 20.078, 20.14, 20.015, 20.018, 20.143, 20.055, 20.022, 20.246, 20.444, 20.723, 20.774, 21.155, 21.2, 21.778, 22.451, 22.157, 21.957, 22.031, 22.435, 22.705, 22.235, 21.624, 21.763, 22.271, 23.199, 24.032, 24.187, 24.248, 24.119, 23.58, 23.042, 22.707, 22.478], [20.973, 20.818, 20.755, 20.449, 19.792, 19.935, 19.997, 19.661, 19.939, 19.691, 19.059, 18.602, 17.752, 16.685, 16.189, 15.912, 16.065, 16.097, 15.868, 15.59, 14.711, 13.444, 12.81, 11.837, 10.461, 9.258, 8.531, 8.107, 7.152, 5.71, 4.954, 3.942, 2.078, 0.0, 2.142, 3.509, 3.564, 4.583, 6.545, 8.743, 10.736, 11.913, 13.068, 14.416, 16.093, 16.594, 16.911, 18.187, 18.344, 18.338, 18.731, 19.018, 19.68, 20.091, 20.147, 20.019, 20.02, 20.149, 20.064, 20.044, 20.267, 20.459, 20.74, 20.801, 21.206, 21.244, 21.844, 22.546, 22.256, 22.056, 22.128, 22.53, 22.807, 22.347, 21.733, 21.866, 22.376, 23.314, 24.141, 24.286, 24.335, 24.206, 23.67, 23.141, 22.812, 22.575], [21.153, 21.022, 20.96, 20.66, 20.022, 20.14, 20.195, 19.832, 20.063, 19.818, 19.185, 18.705, 17.875, 16.828, 16.286, 16.01, 16.176, 16.213, 16.019, 15.777, 14.914, 13.657, 13.041, 12.042, 10.634, 9.472, 8.804, 8.403, 7.541, 6.319, 5.636, 4.739, 3.417, 2.142, 0.0, 1.699, 1.936, 3.496, 5.901, 8.31, 10.403, 11.692, 12.895, 14.248, 15.929, 16.455, 16.77, 18.059, 18.271, 18.291, 18.691, 18.99, 19.648, 20.062, 20.127, 20.005, 20.02, 20.184, 20.122, 20.09, 20.299, 20.478, 20.759, 20.822, 21.226, 21.293, 21.877, 22.564, 22.306, 22.122, 22.183, 22.566, 22.843, 22.409, 21.815, 21.929, 22.413, 23.324, 24.14, 24.292, 24.332, 24.204, 23.675, 23.151, 22.824, 22.583], [21.194, 21.085, 21.025, 20.733, 20.127, 20.249, 20.31, 19.945, 20.149, 19.91, 19.298, 18.819, 17.997, 16.971, 16.398, 16.099, 16.265, 16.307, 16.132, 15.912, 15.062, 13.798, 13.176, 12.129, 10.638, 9.518, 8.917, 8.521, 7.76, 6.732, 6.206, 5.428, 4.357, 3.509, 1.699, 0.0, 0.97, 3.082, 5.539, 8.027, 10.169, 11.542, 12.806, 14.164, 15.801, 16.305, 16.614, 17.898, 18.152, 18.212, 18.603, 18.899, 19.556, 19.977, 20.051, 19.933, 19.964, 20.156, 20.108, 20.042, 20.231, 20.404, 20.692, 20.758, 21.155, 21.242, 21.812, 22.478, 22.237, 22.071, 22.125, 22.498, 22.777, 22.352, 21.76, 21.854, 22.321, 23.216, 24.028, 24.186, 24.228, 24.102, 23.581, 23.065, 22.749, 22.513], [21.188, 21.082, 21.024, 20.73, 20.12, 20.238, 20.304, 19.93, 20.118, 19.877, 19.274, 18.789, 17.972, 16.973, 16.43, 16.156, 16.32, 16.365, 16.199, 15.976, 15.126, 13.872, 13.257, 12.219, 10.738, 9.605, 8.945, 8.555, 7.797, 6.732, 6.195, 5.446, 4.365, 3.564, 1.936, 0.97, 0.0, 2.515, 5.297, 7.854, 10.027, 11.451, 12.743, 14.098, 15.715, 16.221, 16.529, 17.798, 18.033, 18.078, 18.467, 18.761, 19.422, 19.852, 19.929, 19.806, 19.832, 20.029, 19.982, 19.923, 20.135, 20.318, 20.606, 20.671, 21.073, 21.161, 21.733, 22.399, 22.154, 21.989, 22.056, 22.439, 22.717, 22.293, 21.703, 21.801, 22.273, 23.167, 23.976, 24.128, 24.17, 24.046, 23.527, 23.015, 22.706, 22.476], [20.96, 20.859, 20.799, 20.5, 19.899, 20.038, 20.107, 19.749, 19.966, 19.725, 19.139, 18.672, 17.837, 16.848, 16.342, 16.085, 16.256, 16.299, 16.135, 15.914, 15.055, 13.82, 13.227, 12.213, 10.814, 9.733, 9.053, 8.728, 8.046, 7.089, 6.609, 6.101, 5.227, 4.583, 3.496, 3.082, 2.515, 0.0, 3.791, 6.891, 9.234, 10.694, 12.018, 13.389, 15.029, 15.563, 15.869, 17.171, 17.403, 17.421, 17.827, 18.13, 18.808, 19.267, 19.359, 19.234, 19.257, 19.458, 19.404, 19.368, 19.639, 19.843, 20.141, 20.212, 20.63, 20.716, 21.338, 22.04, 21.788, 21.616, 21.699, 22.165, 22.497, 22.083, 21.487, 21.599, 22.068, 22.965, 23.768, 23.912, 23.957, 23.833, 23.308, 22.802, 22.504, 22.265], [20.241, 20.153, 20.092, 19.788, 19.228, 19.452, 19.534, 19.327, 19.658, 19.424, 18.878, 18.58, 17.736, 16.7, 16.21, 15.86, 16.084, 16.104, 15.856, 15.628, 14.839, 13.691, 13.04, 12.128, 10.915, 9.991, 9.692, 9.589, 8.88, 8.136, 8.031, 7.593, 6.987, 6.545, 5.901, 5.539, 5.297, 3.791, 0.0, 4.222, 7.152, 8.668, 10.444, 12.268, 14.072, 14.452, 14.767, 16.188, 16.445, 16.522, 16.951, 17.243, 17.953, 18.447, 18.542, 18.408, 18.419, 18.555, 18.432, 18.405, 18.695, 18.913, 19.263, 19.382, 19.82, 19.931, 20.667, 21.445, 21.187, 21.006, 21.074, 21.647, 22.089, 21.683, 21.029, 21.134, 21.601, 22.522, 23.355, 23.478, 23.498, 23.36, 22.816, 22.312, 22.034, 21.793], [20.334, 20.269, 20.233, 19.948, 19.444, 19.783, 19.856, 19.48, 19.617, 19.321, 18.808, 18.672, 17.968, 17.061, 16.78, 16.469, 16.685, 16.747, 16.518, 16.298, 15.573, 14.548, 13.907, 13.202, 12.23, 11.467, 11.358, 11.299, 10.614, 9.89, 9.745, 9.34, 9.041, 8.743, 8.31, 8.027, 7.854, 6.891, 4.222, 0.0, 3.653, 6.47, 9.431, 11.816, 13.55, 13.738, 14.082, 15.51, 15.752, 15.928, 16.4, 16.684, 17.37, 17.942, 18.146, 18.05, 18.066, 18.27, 18.169, 18.024, 18.268, 18.484, 18.902, 19.035, 19.492, 19.658, 20.385, 21.17, 20.949, 20.795, 20.874, 21.489, 21.974, 21.637, 21.0, 21.077, 21.523, 22.427, 23.263, 23.354, 23.329, 23.178, 22.672, 22.223, 21.987, 21.782], [20.709, 20.668, 20.65, 20.389, 19.972, 20.389, 20.475, 19.996, 20.0, 19.674, 19.175, 19.101, 18.506, 17.685, 17.57, 17.285, 17.444, 17.543, 17.355, 17.161, 16.508, 15.577, 14.958, 14.359, 13.491, 12.879, 12.899, 12.837, 12.227, 11.538, 11.444, 11.15, 10.951, 10.736, 10.403, 10.169, 10.027, 9.234, 7.152, 3.653, 0.0, 4.526, 8.555, 11.477, 13.256, 13.358, 13.725, 15.099, 15.336, 15.642, 16.163, 16.427, 17.048, 17.634, 17.907, 17.862, 17.894, 18.143, 18.099, 17.871, 18.07, 18.283, 18.719, 18.827, 19.238, 19.442, 20.122, 20.913, 20.772, 20.638, 20.679, 21.25, 21.731, 21.522, 21.088, 21.237, 21.664, 22.513, 23.32, 23.414, 23.388, 23.243, 22.77, 22.351, 22.122, 21.92], [20.604, 20.559, 20.52, 20.245, 19.858, 20.263, 20.369, 20.217, 20.556, 20.301, 19.763, 19.559, 18.879, 17.987, 17.833, 17.46, 17.582, 17.622, 17.362, 17.195, 16.626, 15.781, 15.166, 14.501, 13.687, 13.344, 13.612, 13.681, 13.116, 12.537, 12.691, 12.491, 12.177, 11.913, 11.692, 11.542, 11.451, 10.694, 8.668, 6.47, 4.526, 0.0, 4.936, 9.123, 11.704, 11.987, 12.386, 13.993, 14.324, 14.718, 15.317, 15.581, 16.19, 16.701, 16.937, 16.918, 16.98, 17.242, 17.294, 17.15, 17.353, 17.594, 17.981, 18.072, 18.406, 18.629, 19.507, 20.426, 20.322, 20.156, 20.105, 20.665, 21.193, 21.011, 20.745, 21.129, 21.683, 22.627, 23.493, 23.654, 23.708, 23.572, 23.038, 22.568, 22.303, 22.049], [20.85, 20.784, 20.728, 20.44, 20.048, 20.429, 20.537, 20.571, 21.213, 21.081, 20.507, 20.092, 19.302, 18.432, 18.221, 17.794, 17.854, 17.839, 17.582, 17.478, 16.964, 16.162, 15.602, 14.807, 14.019, 13.922, 14.269, 14.452, 14.015, 13.596, 13.794, 13.708, 13.353, 13.068, 12.895, 12.806, 12.743, 12.018, 10.444, 9.431, 8.555, 4.936, 0.0, 5.691, 9.417, 10.277, 10.831, 12.78, 13.31, 13.732, 14.394, 14.621, 15.134, 15.538, 15.767, 15.794, 15.946, 16.436, 16.712, 16.696, 16.941, 17.192, 17.509, 17.585, 17.906, 18.159, 19.291, 20.354, 20.281, 20.1, 20.009, 20.591, 21.163, 20.987, 20.816, 21.336, 22.002, 23.077, 24.026, 24.274, 24.424, 24.297, 23.709, 23.204, 22.921, 22.637], [20.779, 20.693, 20.646, 20.344, 19.91, 20.313, 20.373, 20.348, 21.136, 21.152, 20.645, 20.06, 19.239, 18.586, 18.367, 17.938, 17.963, 17.875, 17.642, 17.633, 17.173, 16.437, 15.994, 15.126, 14.371, 14.376, 14.668, 15.003, 14.755, 14.647, 14.852, 14.821, 14.62, 14.416, 14.248, 14.164, 14.098, 13.389, 12.268, 11.816, 11.477, 9.123, 5.691, 0.0, 5.105, 7.216, 7.922, 10.326, 11.17, 11.636, 12.416, 12.67, 13.135, 13.517, 13.846, 13.918, 14.189, 15.082, 15.597, 15.69, 16.037, 16.254, 16.547, 16.621, 17.0, 17.317, 18.769, 20.062, 20.013, 19.832, 19.756, 20.437, 21.082, 20.939, 20.844, 21.374, 22.045, 23.299, 24.41, 24.714, 24.891, 24.742, 24.116, 23.559, 23.204, 22.874], [21.013, 20.921, 20.884, 20.581, 20.099, 20.432, 20.43, 20.347, 21.094, 21.177, 20.885, 20.356, 19.609, 19.279, 19.115, 18.745, 18.792, 18.651, 18.418, 18.459, 18.102, 17.517, 17.204, 16.308, 15.519, 15.534, 15.747, 16.127, 16.027, 16.134, 16.369, 16.347, 16.213, 16.093, 15.929, 15.801, 15.715, 15.029, 14.072, 13.55, 13.256, 11.704, 9.417, 5.105, 0.0, 3.591, 4.783, 6.961, 8.204, 9.05, 9.919, 10.119, 10.603, 11.148, 11.66, 11.833, 12.316, 13.732, 14.493, 14.515, 14.885, 15.065, 15.376, 15.496, 15.87, 16.266, 17.913, 19.324, 19.341, 19.203, 19.137, 19.899, 20.623, 20.557, 20.496, 20.961, 21.632, 23.006, 24.252, 24.583, 24.756, 24.61, 23.982, 23.416, 23.064, 22.764], [20.781, 20.686, 20.644, 20.337, 19.871, 20.217, 20.226, 20.185, 20.905, 20.957, 20.746, 20.4, 19.668, 19.341, 19.212, 18.852, 18.923, 18.785, 18.519, 18.529, 18.213, 17.709, 17.441, 16.563, 15.819, 15.851, 16.079, 16.457, 16.314, 16.489, 16.802, 16.759, 16.682, 16.594, 16.455, 16.305, 16.221, 15.563, 14.452, 13.738, 13.358, 11.987, 10.277, 7.216, 3.591, 0.0, 2.736, 5.124, 6.32, 7.62, 8.528, 8.557, 9.1, 9.84, 10.488, 10.698, 11.261, 12.756, 13.509, 13.519, 13.928, 14.142, 14.541, 14.707, 15.081, 15.49, 17.263, 18.765, 18.791, 18.651, 18.574, 19.382, 20.174, 20.179, 20.161, 20.62, 21.283, 22.703, 24.039, 24.407, 24.576, 24.422, 23.765, 23.159, 22.793, 22.507], [20.482, 20.387, 20.351, 20.033, 19.514, 19.827, 19.828, 19.783, 20.512, 20.565, 20.337, 19.994, 19.345, 19.051, 18.925, 18.641, 18.745, 18.59, 18.311, 18.325, 17.995, 17.501, 17.286, 16.484, 15.806, 15.847, 16.067, 16.483, 16.376, 16.59, 16.951, 16.931, 16.957, 16.911, 16.77, 16.614, 16.529, 15.869, 14.767, 14.082, 13.725, 12.386, 10.831, 7.922, 4.783, 2.736, 0.0, 3.849, 5.304, 6.351, 7.256, 7.401, 8.13, 8.932, 9.634, 9.892, 10.466, 11.923, 12.729, 12.913, 13.443, 13.66, 14.049, 14.186, 14.584, 15.02, 16.843, 18.428, 18.457, 18.309, 18.227, 19.057, 19.857, 19.847, 19.838, 20.343, 21.011, 22.449, 23.821, 24.198, 24.376, 24.209, 23.524, 22.894, 22.507, 22.219], [21.099, 21.016, 20.977, 20.678, 20.199, 20.469, 20.445, 20.42, 21.116, 21.194, 21.044, 20.697, 20.099, 19.9, 19.814, 19.555, 19.661, 19.507, 19.255, 19.284, 18.999, 18.576, 18.405, 17.652, 16.992, 17.014, 17.207, 17.618, 17.572, 17.815, 18.192, 18.178, 18.183, 18.187, 18.059, 17.898, 17.798, 17.171, 16.188, 15.51, 15.099, 13.993, 12.78, 10.326, 6.961, 5.124, 3.849, 0.0, 2.794, 4.952, 5.761, 5.942, 6.819, 7.787, 8.627, 8.987, 9.773, 11.598, 12.5, 12.563, 13.104, 13.246, 13.533, 13.651, 13.967, 14.496, 16.327, 17.884, 17.995, 17.895, 17.792, 18.627, 19.454, 19.532, 19.612, 20.124, 20.834, 22.32, 23.707, 24.093, 24.3, 24.163, 23.48, 22.834, 22.456, 22.224], [21.107, 21.005, 20.965, 20.676, 20.187, 20.454, 20.446, 20.396, 21.041, 21.075, 20.912, 20.602, 20.018, 19.808, 19.828, 19.664, 19.779, 19.654, 19.424, 19.417, 19.125, 18.735, 18.598, 17.939, 17.354, 17.332, 17.495, 17.889, 17.78, 17.958, 18.314, 18.32, 18.346, 18.344, 18.271, 18.152, 18.033, 17.403, 16.445, 15.752, 15.336, 14.324, 13.31, 11.17, 8.204, 6.32, 5.304, 2.794, 0.0, 3.357, 4.535, 4.837, 5.993, 7.163, 8.072, 8.359, 9.115, 10.962, 11.871, 12.024, 12.662, 12.866, 13.169, 13.271, 13.631, 14.15, 16.103, 17.738, 17.768, 17.626, 17.577, 18.462, 19.299, 19.369, 19.43, 19.976, 20.736, 22.261, 23.661, 24.004, 24.188, 24.051, 23.345, 22.676, 22.284, 22.052], [21.097, 20.961, 20.921, 20.634, 19.995, 20.061, 20.007, 19.943, 20.571, 20.577, 20.383, 20.069, 19.54, 19.395, 19.46, 19.472, 19.65, 19.504, 19.29, 19.266, 18.928, 18.518, 18.447, 17.934, 17.434, 17.369, 17.486, 17.894, 17.767, 17.912, 18.217, 18.272, 18.356, 18.338, 18.291, 18.212, 18.078, 17.421, 16.522, 15.928, 15.642, 14.718, 13.732, 11.636, 9.05, 7.62, 6.351, 4.952, 3.357, 0.0, 2.205, 3.749, 5.518, 6.81, 7.639, 7.9, 8.571, 10.357, 11.501, 12.242, 13.103, 13.356, 13.676, 13.758, 14.217, 14.68, 16.71, 18.394, 18.33, 18.134, 18.16, 19.044, 19.814, 19.767, 19.7, 20.258, 20.996, 22.435, 23.776, 24.06, 24.209, 24.049, 23.331, 22.691, 22.318, 22.085], [21.259, 21.126, 21.083, 20.799, 20.158, 20.171, 20.087, 20.065, 20.714, 20.748, 20.552, 20.218, 19.697, 19.562, 19.6, 19.623, 19.807, 19.659, 19.456, 19.44, 19.107, 18.698, 18.647, 18.205, 17.744, 17.673, 17.793, 18.215, 18.113, 18.271, 18.576, 18.626, 18.725, 18.731, 18.691, 18.603, 18.467, 17.827, 16.951, 16.4, 16.163, 15.317, 14.394, 12.416, 9.919, 8.528, 7.256, 5.761, 4.535, 2.205, 0.0, 2.576, 4.802, 6.226, 7.089, 7.416, 8.129, 10.022, 11.343, 12.296, 13.258, 13.5, 13.803, 13.883, 14.343, 14.809, 16.795, 18.445, 18.389, 18.2, 18.238, 19.116, 19.868, 19.811, 19.736, 20.297, 21.03, 22.425, 23.732, 24.021, 24.172, 24.018, 23.315, 22.7, 22.36, 22.158], [21.295, 21.172, 21.124, 20.836, 20.235, 20.299, 20.25, 20.28, 20.952, 21.008, 20.82, 20.502, 19.958, 19.78, 19.815, 19.799, 19.949, 19.825, 19.652, 19.638, 19.321, 18.934, 18.87, 18.424, 17.992, 17.953, 18.097, 18.516, 18.4, 18.547, 18.882, 18.914, 18.994, 19.018, 18.99, 18.899, 18.761, 18.13, 17.243, 16.684, 16.427, 15.581, 14.621, 12.67, 10.119, 8.557, 7.401, 5.942, 4.837, 3.749, 2.576, 0.0, 2.802, 4.705, 5.82, 6.232, 7.144, 9.388, 10.839, 11.76, 12.773, 13.054, 13.386, 13.489, 13.947, 14.472, 16.446, 18.055, 17.988, 17.822, 17.895, 18.819, 19.602, 19.579, 19.533, 20.098, 20.853, 22.271, 23.602, 23.937, 24.122, 23.992, 23.317, 22.728, 22.421, 22.244], [21.674, 21.566, 21.52, 21.248, 20.692, 20.783, 20.768, 20.795, 21.434, 21.496, 21.3, 20.987, 20.453, 20.274, 20.329, 20.321, 20.443, 20.344, 20.234, 20.243, 19.948, 19.595, 19.533, 19.09, 18.679, 18.681, 18.833, 19.233, 19.108, 19.23, 19.557, 19.595, 19.657, 19.68, 19.648, 19.556, 19.422, 18.808, 17.953, 17.37, 17.048, 16.19, 15.134, 13.135, 10.603, 9.1, 8.13, 6.819, 5.993, 5.518, 4.802, 2.802, 0.0, 2.608, 4.324, 5.012, 6.17, 8.812, 10.48, 11.412, 12.47, 12.769, 13.105, 13.197, 13.672, 14.299, 16.277, 17.856, 17.813, 17.671, 17.752, 18.684, 19.481, 19.527, 19.575, 20.141, 20.892, 22.32, 23.671, 24.056, 24.277, 24.174, 23.544, 23.008, 22.752, 22.603], [21.647, 21.542, 21.494, 21.231, 20.688, 20.768, 20.77, 20.855, 21.538, 21.621, 21.414, 21.093, 20.568, 20.407, 20.456, 20.447, 20.572, 20.463, 20.362, 20.395, 20.136, 19.817, 19.779, 19.358, 18.989, 19.021, 19.203, 19.616, 19.502, 19.627, 19.968, 20.023, 20.078, 20.091, 20.062, 19.977, 19.852, 19.267, 18.447, 17.942, 17.634, 16.701, 15.538, 13.517, 11.148, 9.84, 8.932, 7.787, 7.163, 6.81, 6.226, 4.705, 2.608, 0.0, 2.247, 3.571, 5.096, 7.97, 9.886, 11.007, 12.119, 12.423, 12.734, 12.815, 13.315, 14.008, 16.08, 17.704, 17.681, 17.532, 17.564, 18.454, 19.258, 19.355, 19.506, 20.108, 20.84, 22.261, 23.612, 24.01, 24.249, 24.169, 23.56, 23.037, 22.784, 22.629], [21.356, 21.243, 21.185, 20.919, 20.357, 20.39, 20.397, 20.608, 21.387, 21.495, 21.296, 20.979, 20.434, 20.277, 20.294, 20.27, 20.418, 20.286, 20.16, 20.198, 19.971, 19.677, 19.648, 19.245, 18.917, 18.973, 19.187, 19.628, 19.52, 19.659, 20.033, 20.094, 20.14, 20.147, 20.127, 20.051, 19.929, 19.359, 18.542, 18.146, 17.907, 16.937, 15.767, 13.846, 11.66, 10.488, 9.634, 8.627, 8.072, 7.639, 7.089, 5.82, 4.324, 2.247, 0.0, 2.144, 4.303, 7.33, 9.363, 10.698, 11.858, 12.166, 12.472, 12.571, 13.084, 13.771, 15.884, 17.518, 17.479, 17.317, 17.318, 18.171, 18.964, 19.046, 19.21, 19.857, 20.594, 21.99, 23.318, 23.71, 23.964, 23.904, 23.301, 22.779, 22.514, 22.339], [21.235, 21.121, 21.058, 20.784, 20.224, 20.269, 20.292, 20.539, 21.354, 21.476, 21.275, 20.946, 20.377, 20.2, 20.206, 20.173, 20.331, 20.193, 20.055, 20.085, 19.856, 19.556, 19.515, 19.098, 18.786, 18.843, 19.064, 19.521, 19.405, 19.541, 19.913, 19.967, 20.015, 20.019, 20.005, 19.933, 19.806, 19.234, 18.408, 18.05, 17.862, 16.918, 15.794, 13.918, 11.833, 10.698, 9.892, 8.987, 8.359, 7.9, 7.416, 6.232, 5.012, 3.571, 2.144, 0.0, 2.899, 6.522, 8.654, 10.14, 11.41, 11.735, 12.07, 12.176, 12.75, 13.432, 15.584, 17.248, 17.165, 16.994, 17.03, 17.911, 18.708, 18.776, 18.945, 19.656, 20.442, 21.869, 23.218, 23.608, 23.864, 23.799, 23.175, 22.635, 22.355, 22.165], [21.282, 21.171, 21.107, 20.818, 20.237, 20.277, 20.307, 20.553, 21.369, 21.501, 21.308, 20.989, 20.425, 20.236, 20.244, 20.217, 20.391, 20.243, 20.094, 20.101, 19.852, 19.547, 19.506, 19.133, 18.863, 18.891, 19.102, 19.57, 19.447, 19.568, 19.918, 19.962, 20.018, 20.02, 20.02, 19.964, 19.832, 19.257, 18.419, 18.066, 17.894, 16.98, 15.946, 14.189, 12.316, 11.261, 10.466, 9.773, 9.115, 8.571, 8.129, 7.144, 6.17, 5.096, 4.303, 2.899, 0.0, 4.406, 7.207, 9.208, 10.723, 11.075, 11.439, 11.537, 12.193, 12.912, 15.228, 17.045, 16.954, 16.765, 16.813, 17.717, 18.523, 18.625, 18.861, 19.621, 20.424, 21.903, 23.308, 23.701, 23.945, 23.862, 23.205, 22.626, 22.322, 22.13], [20.897, 20.787, 20.719, 20.405, 19.775, 19.778, 19.82, 20.162, 21.083, 21.237, 21.061, 20.82, 20.252, 20.057, 20.052, 20.021, 20.25, 20.081, 19.878, 19.847, 19.591, 19.291, 19.251, 19.007, 18.877, 18.883, 19.127, 19.634, 19.49, 19.6, 19.994, 20.049, 20.143, 20.149, 20.184, 20.156, 20.029, 19.458, 18.555, 18.27, 18.143, 17.242, 16.436, 15.082, 13.732, 12.756, 11.923, 11.598, 10.962, 10.357, 10.022, 9.388, 8.812, 7.97, 7.33, 6.522, 4.406, 0.0, 4.111, 7.6, 9.565, 9.983, 10.403, 10.476, 11.183, 11.904, 14.466, 16.573, 16.482, 16.235, 16.229, 17.137, 17.969, 18.112, 18.461, 19.308, 20.071, 21.592, 23.098, 23.514, 23.748, 23.643, 22.932, 22.288, 21.94, 21.743], [20.436, 20.317, 20.242, 19.906, 19.261, 19.31, 19.407, 19.805, 20.787, 20.933, 20.765, 20.591, 19.994, 19.779, 19.76, 19.712, 19.985, 19.823, 19.582, 19.521, 19.267, 18.979, 18.919, 18.7, 18.658, 18.684, 18.978, 19.521, 19.351, 19.465, 19.911, 19.957, 20.055, 20.064, 20.122, 20.108, 19.982, 19.404, 18.432, 18.169, 18.099, 17.294, 16.712, 15.597, 14.493, 13.509, 12.729, 12.5, 11.871, 11.501, 11.343, 10.839, 10.48, 9.886, 9.363, 8.654, 7.207, 4.111, 0.0, 4.773, 7.37, 7.896, 8.444, 8.564, 9.435, 10.125, 12.818, 15.151, 15.063, 14.797, 14.794, 15.832, 16.76, 16.91, 17.297, 18.222, 19.047, 20.693, 22.341, 22.831, 23.103, 22.996, 22.249, 21.569, 21.222, 21.068], [20.44, 20.344, 20.278, 19.949, 19.435, 19.649, 19.807, 20.167, 21.035, 21.137, 20.986, 20.835, 20.249, 19.994, 19.965, 19.875, 20.13, 20.009, 19.805, 19.75, 19.519, 19.255, 19.142, 18.818, 18.685, 18.788, 19.13, 19.62, 19.457, 19.545, 19.991, 19.994, 20.022, 20.044, 20.09, 20.042, 19.923, 19.368, 18.405, 18.024, 17.871, 17.15, 16.696, 15.69, 14.515, 13.519, 12.913, 12.563, 12.024, 12.242, 12.296, 11.76, 11.412, 11.007, 10.698, 10.14, 9.208, 7.6, 4.773, 0.0, 3.346, 4.254, 5.062, 5.356, 6.457, 7.328, 10.017, 12.467, 12.497, 12.326, 12.342, 13.571, 14.637, 14.88, 15.369, 16.316, 17.286, 19.128, 20.911, 21.504, 21.843, 21.783, 21.102, 20.474, 20.193, 20.11