[[0.0, 4.514, 7.274, 8.166, 8.666, 10.545, 13.551, 16.363, 18.267, 19.932, 21.064, 21.311, 21.588, 21.898, 22.079, 22.471, 22.634, 22.203, 21.846, 21.638, 21.651, 21.626, 21.311, 21.371, 21.351, 21.21, 21.343, 21.906, 22.42, 22.788, 22.841, 22.918, 22.828, 22.584, 22.267, 21.795, 21.55, 21.444, 21.342, 21.279, 21.295, 21.322, 21.35, 21.725, 21.861, 21.373, 21.202, 21.217, 21.05, 20.841, 20.538, 20.235, 20.037, 20.007, 20.026, 20.178, 20.639, 20.942, 20.86, 20.56, 20.296, 20.482, 20.781, 21.037, 21.217, 21.246, 21.499, 21.576, 21.702, 21.633, 21.483, 22.126, 23.228, 23.978, 23.9, 23.512, 23.319, 23.497, 23.218, 22.48, 22.055, 21.7, 21.497, 21.586, 21.542, 21.277], [4.514, 0.0, 3.219, 4.748, 6.497, 9.906, 13.294, 16.109, 18.045, 19.707, 20.803, 21.051, 21.354, 21.672, 21.885, 22.29, 22.432, 22.025, 21.697, 21.499, 21.51, 21.51, 21.266, 21.407, 21.437, 21.314, 21.453, 22.043, 22.633, 23.043, 23.11, 23.199, 23.126, 22.888, 22.633, 22.283, 22.106, 22.012, 21.883, 21.776, 21.785, 21.844, 21.978, 22.427, 22.543, 22.076, 21.91, 21.884, 21.683, 21.458, 21.164, 20.88, 20.711, 20.686, 20.726, 20.927, 21.439, 21.746, 21.635, 21.335, 21.106, 21.299, 21.57, 21.819, 22.018, 22.043, 22.268, 22.344, 22.477, 22.416, 22.243, 22.821, 23.874, 24.632, 24.578, 24.197, 24.019, 24.197, 23.918, 23.158, 22.735, 22.43, 22.245, 22.321, 22.284, 22.034], [7.274, 3.219, 0.0, 2.364, 5.623, 9.965, 13.448, 16.173, 18.07, 19.667, 20.687, 20.921, 21.233, 21.543, 21.785, 22.201, 22.333, 21.961, 21.674, 21.493, 21.504, 21.514, 21.322, 21.536, 21.613, 21.505, 21.644, 22.24, 22.865, 23.293, 23.373, 23.476, 23.411, 23.166, 22.94, 22.676, 22.56, 22.483, 22.346, 22.24, 22.282, 22.374, 22.57, 23.042, 23.141, 22.695, 22.534, 22.49, 22.275, 22.047, 21.777, 21.525, 21.375, 21.348, 21.394, 21.61, 22.121, 22.417, 22.298, 22.005, 21.782, 21.959, 22.2, 22.449, 22.669, 22.696, 22.896, 22.963, 23.083, 23.006, 22.828, 23.379, 24.398, 25.151, 25.121, 24.757, 24.58, 24.748, 24.472, 23.715, 23.303, 23.032, 22.852, 22.912, 22.874, 22.634], [8.166, 4.748, 2.364, 0.0, 4.125, 9.19, 12.987, 15.89, 17.9, 19.522, 20.5, 20.715, 21.048, 21.365, 21.621, 22.057, 22.191, 21.813, 21.535, 21.361, 21.378, 21.392, 21.185, 21.4, 21.49, 21.386, 21.531, 22.126, 22.749, 23.181, 23.271, 23.383, 23.314, 23.057, 22.817, 22.557, 22.449, 22.38, 22.245, 22.144, 22.221, 22.336, 22.553, 23.049, 23.141, 22.658, 22.486, 22.444, 22.228, 21.994, 21.712, 21.438, 21.263, 21.231, 21.274, 21.464, 21.975, 22.286, 22.168, 21.86, 21.606, 21.779, 22.025, 22.306, 22.552, 22.581, 22.781, 22.837, 22.96, 22.87, 22.687, 23.259, 24.305, 25.072, 25.048, 24.69, 24.516, 24.691, 24.411, 23.644, 23.235, 22.963, 22.778, 22.837, 22.801, 22.564], [8.666, 6.497, 5.623, 4.125, 0.0, 6.121, 10.941, 14.505, 16.925, 18.787, 19.872, 20.101, 20.431, 20.751, 21.007, 21.455, 21.592, 21.191, 20.9, 20.718, 20.748, 20.774, 20.527, 20.728, 20.821, 20.701, 20.85, 21.456, 22.095, 22.553, 22.649, 22.767, 22.702, 22.453, 22.202, 21.928, 21.815, 21.751, 21.66, 21.634, 21.809, 21.988, 22.233, 22.751, 22.817, 22.259, 22.074, 22.058, 21.867, 21.631, 21.313, 20.992, 20.789, 20.774, 20.82, 20.975, 21.491, 21.826, 21.712, 21.371, 21.042, 21.198, 21.474, 21.808, 22.086, 22.118, 22.331, 22.37, 22.501, 22.426, 22.243, 22.874, 24.007, 24.826, 24.819, 24.466, 24.295, 24.485, 24.188, 23.395, 22.985, 22.694, 22.504, 22.58, 22.546, 22.306], [10.545, 9.906, 9.965, 9.19, 6.121, 0.0, 6.19, 11.243, 14.689, 17.243, 18.74, 19.053, 19.294, 19.572, 19.81, 20.277, 20.476, 20.095, 19.806, 19.613, 19.659, 19.693, 19.353, 19.509, 19.616, 19.478, 19.601, 20.193, 20.807, 21.241, 21.316, 21.423, 21.361, 21.154, 20.901, 20.578, 20.437, 20.361, 20.42, 20.765, 21.27, 21.582, 21.836, 22.326, 22.38, 21.817, 21.645, 21.666, 21.513, 21.29, 20.964, 20.644, 20.452, 20.503, 20.572, 20.683, 21.13, 21.442, 21.348, 21.009, 20.605, 20.671, 20.915, 21.24, 21.516, 21.55, 21.77, 21.773, 21.866, 21.8, 21.667, 22.407, 23.644, 24.528, 24.576, 24.237, 24.043, 24.226, 23.934, 23.178, 22.784, 22.45, 22.249, 22.361, 22.34, 22.081], [13.551, 13.294, 13.448, 12.987, 10.941, 6.19, 0.0, 6.459, 11.427, 14.988, 16.99, 17.421, 17.599, 17.846, 18.115, 18.623, 18.899, 18.587, 18.35, 18.172, 18.235, 18.251, 17.852, 18.065, 18.292, 18.23, 18.309, 18.815, 19.399, 19.814, 19.909, 20.075, 20.048, 19.884, 19.685, 19.419, 19.32, 19.227, 19.385, 20.125, 21.07, 21.637, 22.012, 22.531, 22.569, 22.038, 21.872, 21.895, 21.762, 21.565, 21.277, 21.013, 20.875, 20.977, 21.053, 21.114, 21.443, 21.684, 21.614, 21.328, 20.966, 21.005, 21.195, 21.449, 21.691, 21.713, 21.913, 21.903, 21.974, 21.917, 21.838, 22.581, 23.766, 24.645, 24.749, 24.417, 24.19, 24.343, 24.076, 23.403, 23.049, 22.707, 22.505, 22.63, 22.611, 22.339], [16.363, 16.109, 16.173, 15.89, 14.505, 11.243, 6.459, 0.0, 6.553, 11.397, 14.002, 14.613, 14.788, 15.122, 15.522, 16.039, 16.326, 16.146, 16.052, 15.95, 16.031, 16.01, 15.683, 16.171, 16.643, 16.739, 16.769, 17.15, 17.776, 18.233, 18.385, 18.68, 18.77, 18.714, 18.722, 18.788, 18.931, 18.886, 19.027, 19.883, 21.191, 22.103, 22.748, 23.372, 23.36, 22.88, 22.74, 22.77, 22.709, 22.606, 22.415, 22.253, 22.213, 22.345, 22.432, 22.475, 22.676, 22.823, 22.789, 22.578, 22.304, 22.352, 22.495, 22.687, 22.885, 22.89, 23.055, 23.044, 23.1, 23.042, 23.019, 23.714, 24.776, 25.61, 25.763, 25.453, 25.219, 25.347, 25.104, 24.478, 24.154, 23.866, 23.684, 23.763, 23.699, 23.415], [18.267, 18.045, 18.07, 17.9, 16.925, 14.689, 11.427, 6.553, 0.0, 5.96, 9.549, 10.507, 10.718, 11.345, 11.989, 12.54, 12.852, 12.851, 12.966, 13.004, 13.092, 13.009, 12.828, 13.781, 14.574, 14.829, 14.83, 15.062, 15.672, 16.139, 16.352, 16.776, 17.018, 17.121, 17.389, 17.883, 18.358, 18.442, 18.589, 19.422, 20.953, 22.193, 23.172, 24.002, 23.988, 23.53, 23.41, 23.456, 23.427, 23.374, 23.246, 23.151, 23.172, 23.302, 23.399, 23.469, 23.643, 23.75, 23.744, 23.57, 23.347, 23.423, 23.541, 23.72, 23.909, 23.907, 24.051, 24.041, 24.092, 24.034, 24.078, 24.777, 25.788, 26.599, 26.775, 26.491, 26.269, 26.39, 26.162, 25.529, 25.182, 24.936, 24.786, 24.831, 24.732, 24.433], [19.932, 19.707, 19.667, 19.522, 18.787, 17.243, 14.988, 11.397, 5.96, 0.0, 4.449, 5.996, 6.367, 7.47, 8.471, 9.167, 9.575, 9.804, 10.218, 10.471, 10.557, 10.372, 10.35, 11.815, 12.915, 13.284, 13.29, 13.46, 14.017, 14.362, 14.61, 15.151, 15.524, 15.775, 16.258, 17.143, 17.965, 18.237, 18.458, 19.287, 20.935, 22.422, 23.778, 24.896, 24.949, 24.498, 24.387, 24.443, 24.403, 24.348, 24.229, 24.119, 24.114, 24.211, 24.296, 24.372, 24.559, 24.672, 24.67, 24.502, 24.319, 24.427, 24.541, 24.74, 24.946, 24.946, 25.072, 25.058, 25.114, 25.062, 25.142, 25.824, 26.799, 27.592, 27.763, 27.484, 27.271, 27.389, 27.17, 26.526, 26.165, 25.953, 25.819, 25.836, 25.719, 25.424], [21.064, 20.803, 20.687, 20.5, 19.872, 18.74, 16.99, 14.002, 9.549, 4.449, 0.0, 2.203, 3.312, 5.001, 6.424, 7.386, 7.834, 8.105, 8.716, 9.149, 9.247, 9.035, 9.133, 10.84, 12.09, 12.536, 12.571, 12.763, 13.356, 13.594, 13.815, 14.405, 14.817, 15.111, 15.714, 16.871, 17.952, 18.419, 18.722, 19.493, 21.135, 22.711, 24.247, 25.543, 25.666, 25.221, 25.11, 25.172, 25.129, 25.074, 24.949, 24.79, 24.736, 24.812, 24.898, 24.955, 25.14, 25.254, 25.246, 25.073, 24.911, 25.042, 25.155, 25.373, 25.601, 25.605, 25.713, 25.693, 25.755, 25.697, 25.758, 26.391, 27.334, 28.117, 28.283, 27.997, 27.789, 27.91, 27.692, 27.041, 26.685, 26.507, 26.388, 26.381, 26.251, 25.969], [21.311, 21.051, 20.921, 20.715, 20.101, 19.053, 17.421, 14.613, 10.507, 5.996, 2.203, 0.0, 2.062, 4.07, 5.665, 6.725, 7.111, 7.284, 7.918, 8.4, 8.508, 8.335, 8.565, 10.435, 11.738, 12.195, 12.231, 12.428, 13.064, 13.292, 13.469, 14.039, 14.458, 14.774, 15.426, 16.66, 17.798, 18.339, 18.706, 19.467, 21.094, 22.672, 24.218, 25.534, 25.682, 25.247, 25.135, 25.198, 25.155, 25.102, 24.974, 24.799, 24.736, 24.812, 24.901, 24.944, 25.113, 25.216, 25.204, 25.031, 24.874, 25.017, 25.133, 25.351, 25.589, 25.597, 25.699, 25.677, 25.731, 25.653, 25.701, 26.321, 27.26, 28.047, 28.214, 27.922, 27.719, 27.848, 27.631, 26.979, 26.631, 26.468, 26.353, 26.338, 26.21, 25.936], [21.588, 21.354, 21.233, 21.048, 20.431, 19.294, 17.599, 14.788, 10.718, 6.367, 3.312, 2.062, 0.0, 2.492, 4.506, 5.741, 6.226, 6.537, 7.308, 7.829, 7.939, 7.839, 8.466, 10.648, 12.006, 12.432, 12.41, 12.613, 13.265, 13.454, 13.59, 14.164, 14.653, 15.024, 15.674, 16.902, 18.036, 18.565, 18.963, 19.807, 21.466, 23.038, 24.557, 25.822, 25.964, 25.551, 25.453, 25.521, 25.483, 25.437, 25.32, 25.168, 25.125, 25.209, 25.293, 25.328, 25.452, 25.518, 25.505, 25.36, 25.231, 25.364, 25.466, 25.674, 25.91, 25.923, 26.016, 25.989, 26.042, 25.972, 26.018, 26.609, 27.508, 28.276, 28.453, 28.168, 27.954, 28.071, 27.858, 27.234, 26.905, 26.749, 26.631, 26.609, 26.487, 26.219], [21.898, 21.672, 21.543, 21.365, 20.751, 19.572, 17.846, 15.122, 11.345, 7.47, 5.001, 4.07, 2.492, 0.0, 2.726, 4.519, 5.222, 5.737, 6.694, 7.274, 7.396, 7.373, 8.574, 11.135, 12.53, 12.896, 12.851, 13.107, 13.77, 13.914, 14.007, 14.567, 15.117, 15.526, 16.149, 17.372, 18.51, 19.041, 19.459, 20.337, 21.974, 23.492, 24.949, 26.147, 26.279, 25.884, 25.797, 25.877, 25.855, 25.824, 25.718, 25.577, 25.545, 25.637, 25.724, 25.741, 25.818, 25.844, 25.822, 25.701, 25.59, 25.705, 25.8, 26.009, 26.246, 26.269, 26.361, 26.337, 26.387, 26.316, 26.356, 26.902, 27.741, 28.48, 28.667, 28.389, 28.153, 28.247, 28.031, 27.434, 27.13, 26.984, 26.861, 26.825, 26.702, 26.442], [22.079, 21.885, 21.785, 21.621, 21.007, 19.81, 18.115, 15.522, 11.989, 8.471, 6.424, 5.665, 4.506, 2.726, 0.0, 2.272, 3.413, 4.141, 5.37, 6.161, 6.342, 6.325, 7.97, 10.912, 12.384, 12.709, 12.701, 13.024, 13.693, 13.832, 13.932, 14.525, 15.169, 15.668, 16.276, 17.467, 18.61, 19.154, 19.606, 20.519, 22.139, 23.612, 25.01, 26.162, 26.293, 25.901, 25.818, 25.906, 25.895, 25.866, 25.756, 25.613, 25.576, 25.654, 25.726, 25.736, 25.803, 25.826, 25.808, 25.697, 25.596, 25.706, 25.798, 26.005, 26.236, 26.24, 26.314, 26.286, 26.333, 26.269, 26.337, 26.896, 27.729, 28.466, 28.65, 28.366, 28.117, 28.205, 27.987, 27.397, 27.094, 26.934, 26.795, 26.754, 26.632, 26.368], [22.471, 22.29, 22.201, 22.057, 21.455, 20.277, 18.623, 16.039, 12.54, 9.167, 7.386, 6.725, 5.741, 4.519, 2.272, 0.0, 1.623, 2.853, 4.473, 5.467, 5.683, 5.669, 7.566, 10.725, 12.248, 12.568, 12.586, 12.957, 13.67, 13.854, 13.984, 14.61, 15.314, 15.878, 16.519, 17.713, 18.848, 19.382, 19.848, 20.777, 22.386, 23.836, 25.215, 26.337, 26.455, 26.068, 25.99, 26.076, 26.071, 26.047, 25.937, 25.798, 25.762, 25.825, 25.877, 25.895, 25.964, 25.99, 25.981, 25.874, 25.785, 25.893, 25.975, 26.174, 26.392, 26.375, 26.426, 26.385, 26.424, 26.367, 26.45, 27.017, 27.854, 28.595, 28.781, 28.499, 28.253, 28.344, 28.128, 27.543, 27.238, 27.068, 26.916, 26.875, 26.758, 26.49], [22.634, 22.432, 22.333, 22.191, 21.592, 20.476, 18.899, 16.326, 12.852, 9.575, 7.834, 7.111, 6.226, 5.222, 3.413, 1.623, 0.0, 1.996, 3.903, 4.929, 5.142, 5.203, 7.286, 10.522, 12.042, 12.36, 12.383, 12.781, 13.564, 13.838, 14.028, 14.656, 15.35, 15.911, 16.577, 17.799, 18.923, 19.452, 19.92, 20.819, 22.406, 23.851, 25.237, 26.354, 26.467, 26.093, 26.021, 26.106, 26.104, 26.086, 25.98, 25.849, 25.818, 25.874, 25.922, 25.949, 26.035, 26.07, 26.064, 25.953, 25.861, 25.97, 26.052, 26.251, 26.46, 26.435, 26.478, 26.432, 26.463, 26.403, 26.477, 27.033, 27.868, 28.611, 28.798, 28.518, 28.276, 28.371, 28.152, 27.561, 27.255, 27.09, 26.936, 26.891, 26.774, 26.506], [22.203, 22.025, 21.961, 21.813, 21.191, 20.095, 18.587, 16.146, 12.851, 9.804, 8.105, 7.284, 6.537, 5.737, 4.141, 2.853, 1.996, 0.0, 2.14, 3.434, 3.756, 3.912, 6.331, 9.722, 11.227, 11.527, 11.552, 12.017, 12.927, 13.279, 13.433, 14.006, 14.664, 15.201, 15.838, 17.061, 18.198, 18.735, 19.211, 20.098, 21.707, 23.183, 24.608, 25.794, 25.947, 25.581, 25.516, 25.598, 25.588, 25.562, 25.439, 25.289, 25.244, 25.295, 25.341, 25.372, 25.488, 25.549, 25.543, 25.418, 25.324, 25.456, 25.554, 25.76, 25.974, 25.949, 26.003, 25.966, 26.007, 25.947, 26.005, 26.562, 27.415, 28.164, 28.333, 28.036, 27.789, 27.89, 27.67, 27.066, 26.748, 26.573, 26.421, 26.385, 26.269, 26.001], [21.846, 21.697, 21.674, 21.535, 20.9, 19.806, 18.35, 16.052, 12.966, 10.218, 8.716, 7.918, 7.308, 6.694, 5.37, 4.473, 3.903, 2.14, 0.0, 1.648, 2.195, 2.483, 5.472, 9.099, 10.579, 10.822, 10.828, 11.349, 12.368, 12.787, 12.916, 13.445, 14.077, 14.599, 15.204, 16.418, 17.56, 18.08, 18.536, 19.4, 21.031, 22.539, 23.995, 25.251, 25.457, 25.11, 25.05, 25.126, 25.105, 25.077, 24.942, 24.783, 24.739, 24.789, 24.829, 24.86, 24.994, 25.072, 25.067, 24.933, 24.846, 25.0, 25.114, 25.333, 25.554, 25.527, 25.591, 25.56, 25.605, 25.541, 25.585, 26.142, 27.013, 27.775, 27.934, 27.619, 27.356, 27.451, 27.228, 26.626, 26.31, 26.128, 25.976, 25.952, 25.847, 25.58], [21.638, 21.499, 21.493, 21.361, 20.718, 19.613, 18.172, 15.95, 13.004, 10.471, 9.149, 8.4, 7.829, 7.274, 6.161, 5.467, 4.929, 3.434, 1.648, 0.0, 0.836, 1.632, 5.072, 8.806, 10.248, 10.436, 10.408, 10.955, 12.019, 12.488, 12.648, 13.171, 13.786, 14.296, 14.882, 16.081, 17.21, 17.71, 18.144, 19.001, 20.657, 22.183, 23.639, 24.917, 25.154, 24.818, 24.761, 24.832, 24.807, 24.781, 24.646, 24.486, 24.448, 24.504, 24.547, 24.571, 24.705, 24.787, 24.786, 24.654, 24.57, 24.732, 24.856, 25.086, 25.308, 25.282, 25.355, 25.329, 25.371, 25.304, 25.331, 25.874, 26.747, 27.523, 27.687, 27.363, 27.082, 27.168, 26.944, 26.347, 26.042, 25.865, 25.717, 25.702, 25.605, 25.337], [21.651, 21.51, 21.504, 21.378, 20.748, 19.659, 18.235, 16.031, 13.092, 10.557, 9.247, 8.508, 7.939, 7.396, 6.342, 5.683, 5.142, 3.756, 2.195, 0.836, 0.0, 1.464, 5.076, 8.8, 10.219, 10.388, 10.346, 10.909, 11.988, 12.459, 12.619, 13.135, 13.757, 14.273, 14.86, 16.052, 17.171, 17.665, 18.095, 18.947, 20.608, 22.136, 23.596, 24.88, 25.121, 24.789, 24.732, 24.802, 24.775, 24.75, 24.617, 24.459, 24.421, 24.48, 24.527, 24.553, 24.687, 24.768, 24.767, 24.638, 24.557, 24.719, 24.843, 25.071, 25.29, 25.265, 25.343, 25.319, 25.359, 25.291, 25.311, 25.849, 26.721, 27.499, 27.664, 27.34, 27.054, 27.137, 26.915, 26.32, 26.019, 25.848, 25.701, 25.686, 25.591, 25.323], [21.626, 21.51, 21.514, 21.392, 20.774, 19.693, 18.251, 16.01, 13.009, 10.372, 9.035, 8.335, 7.839, 7.373, 6.325, 5.669, 5.203, 3.912, 2.483, 1.632, 1.464, 0.0, 4.092, 8.162, 9.685, 9.86, 9.845, 10.447, 11.536, 12.023, 12.211, 12.762, 13.45, 14.022, 14.625, 15.832, 16.986, 17.483, 17.904, 18.787, 20.498, 22.052, 23.518, 24.8, 25.039, 24.71, 24.656, 24.728, 24.698, 24.673, 24.543, 24.39, 24.358, 24.419, 24.461, 24.481, 24.614, 24.694, 24.694, 24.565, 24.48, 24.641, 24.762, 24.987, 25.209, 25.186, 25.262, 25.241, 25.286, 25.226, 25.271, 25.834, 26.717, 27.494, 27.651, 27.325, 27.044, 27.129, 26.906, 26.302, 25.99, 25.814, 25.673, 25.661, 25.565, 25.296], [21.311, 21.266, 21.322, 21.185, 20.527, 19.353, 17.852, 15.683, 12.828, 10.35, 9.133, 8.565, 8.466, 8.574, 7.97, 7.566, 7.286, 6.331, 5.472, 5.072, 5.076, 4.092, 0.0, 4.646, 6.537, 6.847, 6.978, 7.67, 8.871, 9.544, 9.939, 10.655, 11.492, 12.213, 12.87, 14.125, 15.392, 15.902, 16.333, 17.366, 19.277, 20.931, 22.443, 23.824, 24.138, 23.854, 23.819, 23.898, 23.874, 23.843, 23.715, 23.574, 23.548, 23.621, 23.666, 23.693, 23.899, 24.062, 24.094, 23.941, 23.8, 23.939, 24.057, 24.293, 24.538, 24.51, 24.587, 24.564, 24.62, 24.575, 24.663, 25.321, 26.293, 27.11, 27.258, 26.926, 26.662, 26.767, 26.537, 25.892, 25.551, 25.359, 25.223, 25.227, 25.123, 24.833], [21.371, 21.407, 21.536, 21.4, 20.728, 19.509, 18.065, 16.171, 13.781, 11.815, 10.84, 10.435, 10.648, 11.135, 10.912, 10.725, 10.522, 9.722, 9.099, 8.806, 8.8, 8.162, 4.646, 0.0, 2.344, 3.205, 3.714, 4.603, 6.208, 7.291, 8.007, 8.969, 9.949, 10.769, 11.395, 12.623, 13.966, 14.471, 14.91, 16.03, 18.044, 19.733, 21.255, 22.769, 23.206, 22.998, 22.992, 23.065, 23.05, 23.025, 22.919, 22.828, 22.821, 22.913, 22.992, 23.055, 23.387, 23.696, 23.774, 23.59, 23.378, 23.475, 23.591, 23.842, 24.094, 24.052, 24.132, 24.108, 24.19, 24.166, 24.239, 24.942, 25.975, 26.815, 26.953, 26.634, 26.41, 26.542, 26.31, 25.64, 25.283, 25.083, 24.955, 24.967, 24.853, 24.554], [21.351, 21.437, 21.613, 21.49, 20.821, 19.616, 18.292, 16.643, 14.574, 12.915, 12.09, 11.738, 12.006, 12.53, 12.384, 12.248, 12.042, 11.227, 10.579, 10.248, 10.219, 9.685, 6.537, 2.344, 0.0, 1.498, 2.496, 3.752, 5.641, 6.911, 7.689, 8.68, 9.671, 10.475, 11.029, 12.182, 13.501, 13.983, 14.412, 15.501, 17.472, 19.122, 20.61, 22.179, 22.702, 22.547, 22.557, 22.621, 22.604, 22.583, 22.493, 22.434, 22.451, 22.567, 22.668, 22.746, 23.129, 23.503, 23.606, 23.413, 23.171, 23.247, 23.364, 23.625, 23.872, 23.829, 23.919, 23.899, 23.986, 23.965, 24.01, 24.714, 25.766, 26.611, 26.736, 26.421, 26.213, 26.356, 26.129, 25.461, 25.104, 24.902, 24.778, 24.796, 24.684, 24.389], [21.21, 21.314, 21.505, 21.386, 20.701, 19.478, 18.23, 16.739, 14.829, 13.284, 12.536, 12.195, 12.432, 12.896, 12.709, 12.568, 12.36, 11.527, 10.822, 10.436, 10.388, 9.86, 6.847, 3.205, 1.498, 0.0, 1.552, 3.456, 5.525, 6.823, 7.602, 8.597, 9.639, 10.469, 10.995, 12.101, 13.389, 13.86, 14.301, 15.395, 17.331, 18.94, 20.394, 21.962, 22.506, 22.359, 22.372, 22.433, 22.411, 22.39, 22.301, 22.251, 22.279, 22.408, 22.511, 22.577, 22.96, 23.345, 23.458, 23.273, 23.027, 23.091, 23.203, 23.468, 23.719, 23.68, 23.773, 23.751, 23.829, 23.801, 23.846, 24.563, 25.635, 26.49, 26.608, 26.292, 26.089, 26.24, 26.014, 25.343, 24.987, 24.782, 24.657, 24.677, 24.571, 24.273], [21.343, 21.453, 21.644, 21.531, 20.85, 19.601, 18.309, 16.769, 14.83, 13.29, 12.571, 12.231, 12.41, 12.851, 12.701, 12.586, 12.383, 11.552, 10.828, 10.408, 10.346, 9.845, 6.978, 3.714, 2.496, 1.552, 0.0, 2.492, 5.002, 6.462, 7.342, 8.418, 9.518, 10.382, 10.94, 12.09, 13.396, 13.869, 14.312, 15.414, 17.385, 19.029, 20.502, 22.069, 22.601, 22.455, 22.471, 22.526, 22.5, 22.482, 22.398, 22.363, 22.412, 22.556, 22.662, 22.715, 23.07, 23.436, 23.547, 23.37, 23.139, 23.21, 23.315, 23.571, 23.819, 23.782, 23.876, 23.852, 23.929, 23.899, 23.942, 24.643, 25.699, 26.55, 26.673, 26.358, 26.16, 26.313, 26.091, 25.425, 25.071, 24.87, 24.75, 24.77, 24.668, 24.373], [21.906, 22.043, 22.24, 22.126, 21.456, 20.193, 18.815, 17.15, 15.062, 13.46, 12.763, 12.428, 12.613, 13.107, 13.024, 12.957, 12.781, 12.017, 11.349, 10.955, 10.909, 10.447, 7.67, 4.603, 3.752, 3.456, 2.492, 0.0, 3.016, 5.053, 6.419, 7.766, 8.968, 9.906, 10.556, 11.859, 13.265, 13.76, 14.199, 15.299, 17.346, 19.099, 20.677, 22.298, 22.83, 22.686, 22.702, 22.759, 22.736, 22.73, 22.67, 22.66, 22.734, 22.893, 23.005, 23.047, 23.37, 23.701, 23.807, 23.638, 23.424, 23.511, 23.618, 23.868, 24.115, 24.082, 24.175, 24.152, 24.228, 24.195, 24.244, 24.922, 25.939, 26.779, 26.913, 26.607, 26.416, 26.575, 26.361, 25.704, 25.35, 25.152, 25.042, 25.061, 24.959, 24.667], [22.42, 22.633, 22.865, 22.749, 22.095, 20.807, 19.399, 17.776, 15.672, 14.017, 13.356, 13.064, 13.265, 13.77, 13.693, 13.67, 13.564, 12.927, 12.368, 12.019, 11.988, 11.536, 8.871, 6.208, 5.641, 5.525, 5.002, 3.016, 0.0, 2.795, 5.076, 6.837, 8.267, 9.394, 10.075, 11.353, 12.787, 13.315, 13.813, 15.012, 17.163, 19.02, 20.737, 22.448, 22.993, 22.85, 22.871, 22.936, 22.914, 22.916, 22.883, 22.888, 22.958, 23.124, 23.236, 23.262, 23.56, 23.868, 23.978, 23.824, 23.604, 23.679, 23.794, 24.047, 24.293, 24.27, 24.37, 24.347, 24.413, 24.369, 24.45, 25.15, 26.159, 26.992, 27.133, 26.834, 26.644, 26.805, 26.598, 25.955, 25.602, 25.393, 25.285, 25.31, 25.208, 24.912], [22.788, 23.043, 23.293, 23.181, 22.553, 21.241, 19.814, 18.233, 16.139, 14.362, 13.594, 13.292, 13.454, 13.914, 13.832, 13.854, 13.838, 13.279, 12.787, 12.488, 12.459, 12.023, 9.544, 7.291, 6.911, 6.823, 6.462, 5.053, 2.795, 0.0, 3.058, 5.349, 7.202, 8.679, 9.438, 10.649, 12.116, 12.75, 13.416, 14.772, 17.018, 18.963, 20.808, 22.603, 23.179, 23.06, 23.091, 23.156, 23.132, 23.14, 23.111, 23.113, 23.163, 23.319, 23.423, 23.437, 23.701, 23.98, 24.093, 23.954, 23.733, 23.784, 23.891, 24.151, 24.401, 24.388, 24.486, 24.458, 24.505, 24.453, 24.576, 25.309, 26.324, 27.153, 27.298, 26.996, 26.793, 26.946, 26.746, 26.125, 25.793, 25.586, 25.479, 25.514, 25.419, 25.122], [22.841, 23.11, 23.373, 23.271, 22.649, 21.316, 19.909, 18.385, 16.352, 14.61, 13.815, 13.469, 13.59, 14.007, 13.932, 13.984, 14.028, 13.433, 12.916, 12.648, 12.619, 12.211, 9.939, 8.007, 7.689, 7.602, 7.342, 6.419, 5.076, 3.058, 0.0, 2.886, 5.566, 7.568, 8.508, 9.78, 11.318, 12.02, 12.797, 14.235, 16.563, 18.585, 20.485, 22.315, 22.932, 22.858, 22.896, 22.962, 22.943, 22.971, 22.946, 22.951, 23.003, 23.153, 23.258, 23.289, 23.557, 23.822, 23.935, 23.801, 23.581, 23.622, 23.732, 24.0, 24.271, 24.276, 24.384, 24.361, 24.402, 24.359, 24.507, 25.255, 26.276, 27.098, 27.237, 26.927, 26.723, 26.878, 26.686, 26.083, 25.766, 25.558, 25.45, 25.492, 25.402, 25.115], [22.918, 23.199, 23.476, 23.383, 22.767, 21.423, 20.075, 18.68, 16.776, 15.151, 14.405, 14.039, 14.164, 14.567, 14.525, 14.61, 14.656, 14.006, 13.445, 13.171, 13.135, 12.762, 10.655, 8.969, 8.68, 8.597, 8.418, 7.766, 6.837, 5.349, 2.886, 0.0, 3.398, 5.974, 7.202, 8.694, 10.353, 11.133, 12.047, 13.623, 16.105, 18.204, 20.141, 22.009, 22.679, 22.666, 22.709, 22.763, 22.746, 22.799, 22.778, 22.779, 22.824, 22.969, 23.081, 23.151, 23.447, 23.705, 23.816, 23.68, 23.467, 23.517, 23.637, 23.904, 24.178, 24.215, 24.362, 24.355, 24.39, 24.349, 24.505, 25.255, 26.272, 27.085, 27.211, 26.89, 26.682, 26.839, 26.651, 26.059, 25.749, 25.534, 25.422, 25.461, 25.373, 25.096], [22.828, 23.126, 23.411, 23.314, 22.702, 21.361, 20.048, 18.77, 17.018, 15.524, 14.817, 14.458, 14.653, 15.117, 15.169, 15.314, 15.35, 14.664, 14.077, 13.786, 13.757, 13.45, 11.492, 9.949, 9.671, 9.639, 9.518, 8.968, 8.267, 7.202, 5.566, 3.398, 0.0, 3.015, 4.87, 7.043, 9.065, 10.061, 11.179, 12.913, 15.574, 17.705, 19.653, 21.588, 22.307, 22.333, 22.368, 22.4, 22.37, 22.426, 22.394, 22.383, 22.409, 22.542, 22.662, 22.792, 23.159, 23.425, 23.532, 23.384, 23.189, 23.279, 23.419, 23.685, 23.946, 23.992, 24.189, 24.211, 24.252, 24.213, 24.367, 25.119, 26.143, 26.956, 27.067, 26.719, 26.495, 26.648, 26.458, 25.861, 25.548, 25.332, 25.224, 25.267, 25.177, 24.907], [22.584, 22.888, 23.166, 23.057, 22.453, 21.154, 19.884, 18.714, 17.121, 15.775, 15.111, 14.774, 15.024, 15.526, 15.668, 15.878, 15.911, 15.201, 14.599, 14.296, 14.273, 14.022, 12.213, 10.769, 10.475, 10.469, 10.382, 9.906, 9.394, 8.679, 7.568, 5.974, 3.015, 0.0, 2.663, 5.812, 8.211, 9.324, 10.485, 12.242, 15.001, 17.127, 19.058, 21.065, 21.843, 21.883, 21.909, 21.92, 21.869, 21.917, 21.876, 21.858, 21.876, 22.003, 22.128, 22.303, 22.745, 23.044, 23.154, 22.993, 22.809, 22.936, 23.086, 23.361, 23.62, 23.659, 23.884, 23.938, 24.003, 23.972, 24.115, 24.868, 25.9, 26.718, 26.826, 26.465, 26.228, 26.377, 26.182, 25.572, 25.245, 25.024, 24.931, 24.977, 24.877, 24.604], [22.267, 22.633, 22.94, 22.817, 22.202, 20.901, 19.685, 18.722, 17.389, 16.258, 15.714, 15.426, 15.674, 16.149, 16.276, 16.519, 16.577, 15.838, 15.204, 14.882, 14.86, 14.625, 12.87, 11.395, 11.029, 10.995, 10.94, 10.556, 10.075, 9.438, 8.508, 7.202, 4.87, 2.663, 0.0, 3.762, 6.542, 7.79, 9.058, 10.994, 13.984, 16.192, 18.115, 20.213, 21.089, 21.154, 21.196, 21.212, 21.158, 21.199, 21.141, 21.123, 21.139, 21.268, 21.394, 21.579, 22.087, 22.448, 22.574, 22.402, 22.211, 22.357, 22.525, 22.818, 23.075, 23.1, 23.337, 23.41, 23.515, 23.51, 23.631, 24.379, 25.421, 26.235, 26.332, 25.971, 25.728, 25.876, 25.677, 25.062, 24.732, 24.498, 24.41, 24.468, 24.37, 24.098], [21.795, 22.283, 22.676, 22.557, 21.928, 20.578, 19.419, 18.788, 17.883, 17.143, 16.871, 16.66, 16.902, 17.372, 17.467, 17.713, 17.799, 17.061, 16.418, 16.081, 16.052, 15.832, 14.125, 12.623, 12.182, 12.101, 12.09, 11.859, 11.353, 10.649, 9.78, 8.694, 7.043, 5.812, 3.762, 0.0, 3.151, 4.901, 6.774, 9.409, 12.87, 15.169, 17.049, 19.169, 20.102, 20.158, 20.217, 20.246, 20.185, 20.207, 20.112, 20.071, 20.072, 20.207, 20.334, 20.504, 21.045, 21.476, 21.622, 21.443, 21.238, 21.397, 21.599, 21.903, 22.144, 22.158, 22.418, 22.507, 22.658, 22.716, 22.846, 23.622, 24.698, 25.498, 25.561, 25.195, 24.956, 25.114, 24.919, 24.32, 23.996, 23.745, 23.658, 23.739, 23.664, 23.403], [21.55, 22.106, 22.56, 22.449, 21.815, 20.437, 19.32, 18.931, 18.358, 17.965, 17.952, 17.798, 18.036, 18.51, 18.61, 18.848, 18.923, 18.198, 17.56, 17.21, 17.171, 16.986, 15.392, 13.966, 13.501, 13.389, 13.396, 13.265, 12.787, 12.116, 11.318, 10.353, 9.065, 8.211, 6.542, 3.151, 0.0, 2.513, 5.34, 8.672, 12.449, 14.749, 16.569, 18.626, 19.556, 19.607, 19.665, 19.687, 19.61, 19.619, 19.496, 19.444, 19.443, 19.59, 19.731, 19.897, 20.44, 20.908, 21.068, 20.888, 20.668, 20.827, 21.055, 21.362, 21.59, 21.605, 21.887, 21.989, 22.167, 22.264, 22.406, 23.206, 24.305, 25.098, 25.136, 24.765, 24.528, 24.691, 24.504, 23.929, 23.619, 23.354, 23.258, 23.35, 23.291, 23.042], [21.444, 22.012, 22.483, 22.38, 21.751, 20.361, 19.227, 18.886, 18.442, 18.237, 18.419, 18.339, 18.565, 19.041, 19.154, 19.382, 19.452, 18.735, 18.08, 17.71, 17.665, 17.483, 15.902, 14.471, 13.983, 13.86, 13.869, 13.76, 13.315, 12.75, 12.02, 11.133, 10.061, 9.324, 7.79, 4.901, 2.513, 0.0, 3.519, 7.625, 11.834, 14.237, 16.104, 18.172, 19.07, 19.136, 19.215, 19.229, 19.155, 19.182, 19.071, 19.061, 19.099, 19.267, 19.431, 19.632, 20.216, 20.734, 20.921, 20.756, 20.54, 20.692, 20.934, 21.254, 21.49, 21.516, 21.815, 21.931, 22.126, 22.219, 22.342, 23.149, 24.265, 25.071, 25.111, 24.735, 24.483, 24.639, 24.452, 23.887, 23.579, 23.295, 23.188, 23.284, 23.225, 22.973], [21.342, 21.883, 22.346, 22.245, 21.66, 20.42, 19.385, 19.027, 18.589, 18.458, 18.722, 18.706, 18.963, 19.459, 19.606, 19.848, 19.92, 19.211, 18.536, 18.144, 18.095, 17.904, 16.333, 14.91, 14.412, 14.301, 14.312, 14.199, 13.813, 13.416, 12.797, 12.047, 11.179, 10.485, 9.058, 6.774, 5.34, 3.519, 0.0, 4.992, 10.137, 12.97, 15.08, 17.368, 18.243, 18.3, 18.429, 18.442, 18.398, 18.479, 18.405, 18.459, 18.572, 18.798, 19.007, 19.288, 20.011, 20.623, 20.843, 20.699, 20.523, 20.708, 20.977, 21.323, 21.568, 21.605, 21.927, 22.06, 22.265, 22.333, 22.418, 23.209, 24.328, 25.145, 25.188, 24.804, 24.54, 24.693, 24.497, 23.912, 23.577, 23.27, 23.164, 23.264, 23.196, 22.941], [21.279, 21.776, 22.24, 22.144, 21.634, 20.765, 20.125, 19.883, 19.422, 19.287, 19.493, 19.467, 19.807, 20.337, 20.519, 20.777, 20.819, 20.098, 19.4, 19.001, 18.947, 18.787, 17.366, 16.03, 15.501, 15.395, 15.414, 15.299, 15.012, 14.772, 14.235, 13.623, 12.913, 12.242, 10.994, 9.409, 8.672, 7.625, 4.992, 0.0, 6.194, 10.067, 12.823, 15.671, 16.78, 16.98, 17.201, 17.226, 17.204, 17.344, 17.323, 17.493, 17.741, 18.077, 18.337, 18.751, 19.705, 20.426, 20.677, 20.545, 20.419, 20.693, 21.027, 21.415, 21.668, 21.716, 22.071, 22.219, 22.417, 22.454, 22.519, 23.309, 24.441, 25.272, 25.307, 24.905, 24.645, 24.811, 24.604, 23.983, 23.621, 23.297, 23.196, 23.298, 23.224, 22.982], [21.295, 21.785, 22.282, 22.221, 21.809, 21.27, 21.07, 21.191, 20.953, 20.935, 21.135, 21.094, 21.466, 21.974, 22.139, 22.386, 22.406, 21.707, 21.031, 20.657, 20.608, 20.498, 19.277, 18.044, 17.472, 17.331, 17.385, 17.346, 17.163, 17.018, 16.563, 16.105, 15.574, 15.001, 13.984, 12.87, 12.449, 11.834, 10.137, 6.194, 0.0, 5.262, 9.336, 13.267, 14.946, 15.51, 15.838, 15.855, 15.848, 16.045, 16.106, 16.482, 16.917, 17.362, 17.66, 18.235, 19.397, 20.19, 20.468, 20.354, 20.261, 20.606, 20.989, 21.413, 21.683, 21.743, 22.117, 22.272, 22.45, 22.46, 22.527, 23.343, 24.508, 25.355, 25.386, 24.977, 24.718, 24.894, 24.693, 24.074, 23.718, 23.4, 23.307, 23.404, 23.33, 23.106], [21.322, 21.844, 22.374, 22.336, 21.988, 21.582, 21.637, 22.103, 22.193, 22.422, 22.711, 22.672, 23.038, 23.492, 23.612, 23.836, 23.851, 23.183, 22.539, 22.183, 22.136, 22.052, 20.931, 19.733, 19.122, 18.94, 19.029, 19.099, 19.02, 18.963, 18.585, 18.204, 17.705, 17.127, 16.192, 15.169, 14.749, 14.237, 12.97, 10.067, 5.262, 0.0, 5.529, 10.807, 13.091, 13.973, 14.359, 14.374, 14.405, 14.673, 14.818, 15.397, 15.998, 16.512, 16.872, 17.66, 19.002, 19.863, 20.169, 20.055, 19.948, 20.288, 20.674, 21.119, 21.409, 21.478, 21.862, 22.033, 22.215, 22.228, 22.282, 23.093, 24.259, 25.093, 25.101, 24.681, 24.413, 24.586, 24.394, 23.798, 23.462, 23.155, 23.078, 23.174, 23.103, 22.895], [21.35, 21.978, 22.57, 22.553, 22.233, 21.836, 22.012, 22.748, 23.172, 23.778, 24.247, 24.218, 24.557, 24.949, 25.01, 25.215, 25.237, 24.608, 23.995, 23.639, 23.596, 23.518, 22.443, 21.255, 20.61, 20.394, 20.502, 20.677, 20.737, 20.808, 20.485, 20.141, 19.653, 19.058, 18.115, 17.049, 16.569, 16.104, 15.08, 12.823, 9.336, 5.529, 0.0, 6.295, 9.626, 11.081, 11.682, 11.908, 12.146, 12.6, 12.898, 13.798, 14.718, 15.411, 15.86, 16.856, 18.426, 19.431, 19.793, 19.663, 19.491, 19.78, 20.152, 20.605, 20.911, 21.0, 21.419, 21.608, 21.816, 21.864, 21.877, 22.644, 23.801, 24.629, 24.622, 24.211, 23.965, 24.15, 23.981, 23.43, 23.118, 22.793, 22.703, 22.799, 22.741, 22.551], [21.725, 22.427, 23.042, 23.049, 22.751, 22.326, 22.531, 23.372, 24.002, 24.896, 25.543, 25.534, 25.822, 26.147, 26.162, 26.337, 26.354, 25.794, 25.251, 24.917, 24.88, 24.8, 23.824, 22.769, 22.179, 21.962, 22.069, 22.298, 22.448, 22.603, 22.315, 22.009, 21.588, 21.065, 20.213, 19.169, 18.626, 18.172, 17.368, 15.671, 13.267, 10.807, 6.295, 0.0, 5.028, 7.977, 9.103, 9.843, 10.554, 11.29, 11.821, 13.128, 14.386, 15.252, 15.748, 16.815, 18.462, 19.533, 19.926, 19.802, 19.566, 19.77, 20.103, 20.534, 20.851, 20.99, 21.449, 21.644, 21.868, 21.952, 21.924, 22.627, 23.74, 24.548, 24.556, 24.192, 23.987, 24.194, 24.068, 23.599, 23.327, 22.958, 22.812, 22.901, 22.865, 22.683], [21.861, 22.543, 23.141, 23.141, 22.817, 22.38, 22.569, 23.36, 23.988, 24.949, 25.666, 25.682, 25.964, 26.279, 26.293, 26.455, 26.467, 25.947, 25.457, 25.154, 25.121, 25.039, 24.138, 23.206, 22.702, 22.506, 22.601, 22.83, 22.993, 23.179, 22.932, 22.679, 22.307, 21.843, 21.089, 20.102, 19.556, 19.07, 18.243, 16.78, 14.946, 13.091, 9.626, 5.028, 0.0, 4.401, 6.288, 7.428, 8.634, 9.756, 10.526, 12.06, 13.554, 14.613, 15.201, 16.294, 18.088, 19.285, 19.712, 19.603, 19.4, 19.655, 20.016, 20.444, 20.767, 20.933, 21.422, 21.626, 21.89, 22.01, 21.902, 22.507, 23.567, 24.371, 24.402, 24.054, 23.87, 24.106, 24.014, 23.561, 23.269, 22.854, 22.68, 22.77, 22.724, 22.53], [21.373, 22.076, 22.695, 22.658, 22.259, 21.817, 22.038, 22.88, 23.53, 24.498, 25.221, 25.247, 25.551, 25.884, 25.901, 26.068, 26.093, 25.581, 25.11, 24.818, 24.789, 24.71, 23.854, 22.998, 22.547, 22.359, 22.455, 22.686, 22.85, 23.06, 22.858, 22.666, 22.333, 21.883, 21.154, 20.158, 19.607, 19.136, 18.3, 16.98, 15.51, 13.973, 11.081, 7.977, 4.401, 0.0, 2.66, 4.552, 6.324, 7.835, 8.627, 10.011, 11.592, 12.806, 13.472, 14.565, 16.559, 17.957, 18.434, 18.299, 18.123, 18.486, 18.935, 19.362, 19.667, 19.823, 20.335, 20.572, 20.914, 21.087, 20.931, 21.515, 22.61, 23.434, 23.461, 23.116, 22.99, 23.278, 23.222, 22.777, 22.456, 22.009, 21.832, 21.931, 21.879, 21.69], [21.202, 21.91, 22.534, 22.486, 22.074, 21.645, 21.872, 22.74, 23.41, 24.387, 25.11, 25.135, 25.453, 25.797, 25.818, 25.99, 26.021, 25.516, 25.05, 24.761, 24.732, 24.656, 23.819, 22.992, 22.557, 22.372, 22.471, 22.702, 22.871, 23.091, 22.896, 22.709, 22.368, 21.909, 21.196, 20.217, 19.665, 19.215, 18.429, 17.201, 15.838, 14.359, 11.682, 9.103, 6.288, 2.66, 0.0, 2.575, 4.923, 6.743, 7.519, 8.822, 10.443, 11.738, 12.474, 13.667, 15.762, 17.222, 17.721, 17.577, 17.432, 17.864, 18.347, 18.764, 19.068, 19.217, 19.731, 19.981, 20.357, 20.563, 20.409, 21.006, 22.12, 22.955, 22.982, 22.631, 22.524, 22.833, 22.799, 22.379, 22.067, 21.624, 21.458, 21.563, 21.519, 21.339], [21.217, 21.884, 22.49, 22.444, 22.058, 21.666, 21.895, 22.77, 23.456, 24.443, 25.172, 25.198, 25.521, 25.877, 25.906, 26.076, 26.106, 25.598, 25.126, 24.832, 24.802, 24.728, 23.898, 23.065, 22.621, 22.433, 22.526, 22.759, 22.936, 23.156, 22.962, 22.763, 22.4, 21.92, 21.212, 20.246, 19.687, 19.229, 18.442, 17.226, 15.855, 14.374, 11.908, 9.843, 7.428, 4.552, 2.575, 0.0, 3.045, 5.419, 6.429, 7.905, 9.695, 11.104, 11.946, 13.269, 15.46, 16.946, 17.458, 17.334, 17.289, 17.803, 18.288, 18.703, 19.006, 19.139, 19.636, 19.889, 20.272, 20.491, 20.328, 20.896, 21.984, 22.826, 22.868, 22.514, 22.401, 22.708, 22.678, 22.263, 21.957, 21.541, 21.417, 21.535, 21.493, 21.321], [21.05, 21.683, 22.275, 22.228, 21.867, 21.513, 21.762, 22.709, 23.427, 24.403, 25.129, 25.155, 25.483, 25.855, 25.895, 26.071, 26.104, 25.588, 25.105, 24.807, 24.775, 24.698, 23.874, 23.05, 22.604, 22.411, 22.5, 22.736, 22.914, 23.132, 22.943, 22.746, 22.37, 21.869, 21.158, 20.185, 19.61, 19.155, 18.398, 17.204, 15.848, 14.405, 12.146, 10.554, 8.634, 6.324, 4.923, 3.045, 0.0, 2.894, 4.47, 6.366, 8.468, 10.069, 11.027, 12.479, 14.774, 16.303, 16.823, 16.706, 16.75, 17.346, 17.835, 18.251, 18.587, 18.721, 19.21, 19.47, 19.869, 20.112, 19.95, 20.53, 21.646, 22.524, 22.582, 22.22, 22.103, 22.412, 22.384, 21.957, 21.64, 21.247, 21.192, 21.353, 21.315, 21.146], [20.841, 21.458, 22.047, 21.994, 21.631, 21.29, 21.565, 22.606, 23.374, 24.348, 25.074, 25.102, 25.437, 25.824, 25.866, 26.047, 26.086, 25.562, 25.077, 24.781, 24.75, 24.673, 23.843, 23.025, 22.583, 22.39, 22.482, 22.73, 22.916, 23.14, 22.971, 22.799, 22.426, 21.917, 21.199, 20.207, 19.619, 19.182, 18.479, 17.344, 16.045, 14.673, 12.6, 11.29, 9.756, 7.835, 6.743, 5.419, 2.894, 0.0, 2.391, 4.991, 7.37, 9.068, 10.076, 11.66, 14.115, 15.711, 16.234, 16.122, 16.233, 16.899, 17.392, 17.811, 18.179, 18.328, 18.821, 19.081, 19.502, 19.774, 19.639, 20.28, 21.468, 22.391, 22.452, 22.075, 21.949, 22.263, 22.236, 21.795, 21.463, 21.066, 21.068, 21.299, 21.275, 21.095], [20.538, 21.164, 21.777, 21.712, 21.313, 20.964, 21.277, 22.415, 23.246, 24.229, 24.949, 24.974, 25.32, 25.718, 25.756, 25.937, 25.98, 25.439, 24.942, 24.646, 24.617, 24.543, 23.715, 22.919, 22.493, 22.301, 22.398, 22.67, 22.883, 23.111, 22.946, 22.778, 22.394, 21.876, 21.141, 20.112, 19.496, 19.071, 18.405, 17.323, 16.106, 14.818, 12.898, 11.821, 10.526, 8.627, 7.519, 6.429, 4.47, 2.391, 0.0, 3.17, 5.859, 7.628, 8.701, 10.495, 13.185, 14.887, 15.423, 15.308, 15.469, 16.224, 16.769, 17.213, 17.596, 17.756, 18.276, 18.55, 19.018, 19.348, 19.242, 19.927, 21.169, 22.117, 22.171, 21.783, 21.669, 22.008, 21.98, 21.523, 21.175, 20.762, 20.78, 21.049, 21.045, 20.867], [20.235, 20.88, 21.525, 21.438, 20.992, 20.644, 21.013, 22.253, 23.151, 24.119, 24.79, 24.799, 25.168, 25.577, 25.613, 25.798, 25.849, 25.289, 24.783, 24.486, 24.459, 24.39, 23.574, 22.828, 22.434, 22.251, 22.363, 22.66, 22.888, 23.113, 22.951, 22.779, 22.383, 21.858, 21.123, 20.071, 19.444, 19.061, 18.459, 17.493, 16.482, 15.397, 13.798, 13.128, 12.06, 10.011, 8.822, 7.905, 6.366, 4.991, 3.17, 0.0, 3.131, 5.372, 6.722, 8.615, 11.503, 13.325, 13.88, 13.74, 13.964, 14.848, 15.469, 15.933, 16.331, 16.514, 17.08, 17.398, 17.947, 18.397, 18.346, 19.066, 20.353, 21.311, 21.338, 20.926, 20.834, 21.207, 21.199, 20.75, 20.395, 20.001, 20.056, 20.342, 20.355, 20.205], [20.037, 20.711, 21.375, 21.263, 20.789, 20.452, 20.875, 22.213, 23.172, 24.114, 24.736, 24.736, 25.125, 25.545, 25.576, 25.762, 25.818, 25.244, 24.739, 24.448, 24.421, 24.358, 23.548, 22.821, 22.451, 22.279, 22.412, 22.734, 22.958, 23.163, 23.003, 22.824, 22.409, 21.876, 21.139, 20.072, 19.443, 19.099, 18.572, 17.741, 16.917, 15.998, 14.718, 14.386, 13.554, 11.592, 10.443, 9.695, 8.468, 7.37, 5.859, 3.131, 0.0, 2.85, 4.705, 6.911, 10.098, 12.073, 12.677, 12.505, 12.741, 13.721, 14.406, 14.897, 15.323, 15.553, 16.182, 16.538, 17.128, 17.648, 17.694, 18.525, 19.893, 20.867, 20.872, 20.431, 20.327, 20.703, 20.701, 20.244, 19.881, 19.494, 19.568, 19.873, 19.893, 19.751], [20.007, 20.686, 21.348, 21.231, 20.774, 20.503, 20.977, 22.345, 23.302, 24.211, 24.812, 24.812, 25.209, 25.637, 25.654, 25.825, 25.874, 25.295, 24.789, 24.504, 24.48, 24.419, 23.621, 22.913, 22.567, 22.408, 22.556, 22.893, 23.124, 23.319, 23.153, 22.969, 22.542, 22.003, 21.268, 20.207, 19.59, 19.267, 18.798, 18.077, 17.362, 16.512, 15.411, 15.252, 14.613, 12.806, 11.738, 11.104, 10.069, 9.068, 7.628, 5.372, 2.85, 0.0, 2.409, 5.569, 9.178, 11.275, 11.948, 11.769, 12.025, 13.098, 13.84, 14.36, 14.824, 15.08, 15.722, 16.09, 16.706, 17.26, 17.376, 18.288, 19.712, 20.706, 20.706, 20.259, 20.147, 20.518, 20.513, 20.061, 19.71, 19.321, 19.395, 19.719, 19.755, 19.623], [20.026, 20.726, 21.394, 21.274, 20.82, 20.572, 21.053, 22.432, 23.399, 24.296, 24.898, 24.901, 25.293, 25.724, 25.726, 25.877, 25.922, 25.341, 24.829, 24.547, 24.527, 24.461, 23.666, 22.992, 22.668, 22.511, 22.662, 23.005, 23.236, 23.423, 23.258, 23.081, 22.662, 22.128, 21.394, 20.334, 19.731, 19.431, 19.007, 18.337, 17.66, 16.872, 15.86, 15.748, 15.201, 13.472, 12.474, 11.946, 11.027, 10.076, 8.701, 6.722, 4.705, 2.409, 0.0, 4.152, 8.236, 10.42, 11.144, 10.994, 11.304, 12.477, 13.268, 13.78, 14.257, 14.519, 15.152, 15.513, 16.142, 16.729, 16.92, 17.927, 19.417, 20.442, 20.451, 20.011, 19.919, 20.292, 20.291, 19.864, 19.535, 19.151, 19.225, 19.561, 19.621, 19.512], [20.178, 20.927, 21.61, 21.464, 20.975, 20.683, 21.114, 22.475, 23.469, 24.372, 24.955, 24.944, 25.328, 25.741, 25.736, 25.895, 25.949, 25.372, 24.86, 24.571, 24.553, 24.481, 23.693, 23.055, 22.746, 22.577, 22.715, 23.047, 23.262, 23.437, 23.289, 23.151, 22.792, 22.303, 21.579, 20.504, 19.897, 19.632, 19.288, 18.751, 18.235, 17.66, 16.856, 16.815, 16.294, 14.565, 13.667, 13.269, 12.479, 11.66, 10.495, 8.615, 6.911, 5.569, 4.152, 0.0, 4.711, 7.416, 8.381, 8.422, 9.104, 10.571, 11.445, 11.905, 12.393, 12.722, 13.406, 13.802, 14.494, 15.2, 15.492, 16.601, 18.18, 19.253, 19.298, 18.909, 18.877, 19.264, 19.308, 18.975, 18.695, 18.367, 18.49, 18.841, 18.918, 18.864], [20.639, 21.439, 22.121, 21.975, 21.491, 21.13, 21.443, 22.676, 23.643, 24.559, 25.14, 25.113, 25.452, 25.818, 25.803, 25.964, 26.035, 25.488, 24.994, 24.705, 24.687, 24.614, 23.899, 23.387, 23.129, 22.96, 23.07, 23.37, 23.56, 23.701, 23.557, 23.447, 23.159, 22.745, 22.087, 21.045, 20.44, 20.216, 20.011, 19.705, 19.397, 19.002, 18.426, 18.462, 18.088, 16.559, 15.762, 15.46, 14.774, 14.115, 13.185, 11.503, 10.098, 9.178, 8.236, 4.711, 0.0, 3.419, 5.015, 5.608, 6.996, 8.733, 9.592, 9.983, 10.529, 10.981, 11.718, 12.154, 12.851, 13.706, 14.143, 15.272, 16.851, 17.964, 18.11, 17.782, 17.742, 18.113, 18.253, 18.102, 17.92, 17.694, 17.891, 18.255, 18.35, 18.361], [20.942, 21.746, 22.417, 22.286, 21.826, 21.442, 21.684, 22.823, 23.75, 24.672, 25.254, 25.216, 25.518, 25.844, 25.826, 25.99, 26.07, 25.549, 25.072, 24.787, 24.768, 24.694, 24.062, 23.696, 23.503, 23.345, 23.436, 23.701, 23.868, 23.98, 23.822, 23.705, 23.425, 23.044, 22.448, 21.476, 20.908, 20.734, 20.623, 20.426, 20.19, 19.863, 19.431, 19.533, 19.285, 17.957, 17.222, 16.946, 16.303, 15.711, 14.887, 13.325, 12.073, 11.275, 10.42, 7.416, 3.419, 0.0, 2.29, 3.785, 6.026, 8.011, 8.855, 9.224, 9.83, 10.392, 11.189, 11.652, 12.273, 13.213, 13.788, 14.859, 16.358, 17.484, 17.697, 17.367, 17.274, 17.603, 17.798, 17.779, 17.693, 17.55, 17.787, 18.152, 18.272, 18.334], [20.86, 21.635, 22.298, 22.168, 21.712, 21.348, 21.614, 22.789, 23.744, 24.67, 25.246, 25.204, 25.505, 25.822, 25.808, 25.981, 26.064, 25.543, 25.067, 24.786, 24.767, 24.694, 24.094, 23.774, 23.606, 23.458, 23.547, 23.807, 23.978, 24.093, 23.935, 23.816, 23.532, 23.154, 22.574, 21.622, 21.068, 20.921, 20.843, 20.677, 20.468, 20.169, 19.793, 19.926, 19.712, 18.434, 17.721, 17.458, 16.823, 16.234, 15.423, 13.88, 12.677, 11.948, 11.144, 8.381, 5.015, 2.29, 0.0, 2.229, 5.223, 7.522, 8.473, 8.861, 9.49, 10.085, 10.907, 11.378, 12.007, 13.049, 13.668, 14.679, 16.129, 17.223, 17.4, 17.039, 16.931, 17.255, 17.458, 17.47, 17.421, 17.309, 17.559, 17.933, 18.066, 18.137], [20.56, 21.335, 22.005, 21.86, 21.371, 21.009, 21.328, 22.578, 23.57, 24.502, 25.073, 25.031, 25.36, 25.701, 25.697, 25.874, 25.953, 25.418, 24.933, 24.654, 24.638, 24.565, 23.941, 23.59, 23.413, 23.273, 23.37, 23.638, 23.824, 23.954, 23.801, 23.68, 23.384, 22.993, 22.402, 21.443, 20.888, 20.756, 20.699, 20.545, 20.354, 20.055, 19.663, 19.802, 19.603, 18.299, 17.577, 17.334, 16.706, 16.122, 15.308, 13.74, 12.505, 11.769, 10.994, 8.422, 5.608, 3.785, 2.229, 0.0, 3.549, 6.333, 7.549, 8.075, 8.783, 9.416, 10.3, 10.793, 11.465, 12.583, 13.274, 14.39