[[0.0, 1.434, 2.26, 5.774, 9.878, 11.028, 10.875, 10.815, 11.585, 11.867, 12.724, 14.774, 16.408, 16.507, 16.149, 16.476, 17.178, 17.415, 18.171, 18.627, 20.201, 22.116, 22.454, 22.511, 22.89, 23.211, 22.688, 22.772, 23.248, 23.401, 23.126, 23.184, 23.733, 24.112, 24.137, 24.215, 24.216, 24.272, 24.521, 24.795, 24.911, 25.058, 25.008, 24.918, 24.582, 23.534, 23.01, 22.81, 23.347, 24.042, 24.358, 24.568, 24.554, 24.576, 24.699, 24.489, 24.013, 23.365, 23.035, 22.845, 22.843, 23.277, 23.643, 24.144, 24.497, 24.374, 24.445, 24.508, 24.486, 24.328, 24.422, 24.658, 24.647, 24.57, 23.959, 23.37, 23.439, 23.266, 23.459, 23.998, 24.281, 24.231, 23.779, 23.241, 22.997, 23.136], [1.434, 0.0, 1.796, 5.55, 9.65, 10.814, 10.665, 10.627, 11.362, 11.622, 12.488, 14.53, 16.163, 16.278, 15.938, 16.275, 17.01, 17.273, 18.021, 18.484, 20.114, 22.023, 22.339, 22.403, 22.779, 23.098, 22.601, 22.717, 23.186, 23.32, 23.04, 23.104, 23.655, 24.022, 24.039, 24.128, 24.139, 24.195, 24.446, 24.723, 24.839, 24.985, 24.935, 24.84, 24.494, 23.445, 22.925, 22.723, 23.257, 23.941, 24.243, 24.447, 24.431, 24.452, 24.575, 24.36, 23.875, 23.211, 22.868, 22.674, 22.675, 23.11, 23.467, 23.967, 24.328, 24.199, 24.271, 24.332, 24.307, 24.143, 24.23, 24.464, 24.462, 24.388, 23.766, 23.159, 23.229, 23.074, 23.277, 23.819, 24.1, 24.04, 23.572, 23.03, 22.785, 22.935], [2.26, 1.796, 0.0, 4.378, 8.884, 10.158, 10.003, 9.946, 10.756, 11.055, 12.002, 14.078, 15.731, 15.896, 15.557, 15.873, 16.611, 16.888, 17.678, 18.252, 20.037, 22.036, 22.385, 22.458, 22.855, 23.198, 22.684, 22.8, 23.3, 23.463, 23.208, 23.297, 23.896, 24.294, 24.305, 24.395, 24.408, 24.457, 24.71, 24.975, 25.077, 25.225, 25.172, 25.101, 24.775, 23.686, 23.131, 22.918, 23.48, 24.179, 24.483, 24.688, 24.658, 24.645, 24.742, 24.509, 23.97, 23.261, 22.88, 22.647, 22.658, 23.121, 23.48, 23.963, 24.304, 24.167, 24.242, 24.327, 24.326, 24.149, 24.235, 24.496, 24.527, 24.464, 23.806, 23.162, 23.247, 23.085, 23.3, 23.915, 24.269, 24.26, 23.821, 23.285, 23.021, 23.147], [5.774, 5.55, 4.378, 0.0, 5.183, 6.926, 7.01, 7.051, 8.002, 8.405, 9.616, 11.977, 13.738, 14.002, 13.699, 13.997, 14.787, 15.098, 16.067, 16.934, 19.245, 21.576, 21.999, 22.081, 22.494, 22.874, 22.289, 22.387, 22.951, 23.205, 23.055, 23.234, 23.903, 24.354, 24.435, 24.542, 24.539, 24.586, 24.861, 25.108, 25.153, 25.306, 25.238, 25.233, 25.047, 23.97, 23.388, 23.216, 23.876, 24.563, 24.792, 24.949, 24.903, 24.852, 24.904, 24.638, 24.009, 23.165, 22.639, 22.288, 22.311, 22.819, 23.171, 23.637, 23.951, 23.801, 23.89, 24.018, 24.053, 23.857, 23.938, 24.261, 24.384, 24.374, 23.671, 22.911, 23.009, 22.876, 23.158, 23.908, 24.353, 24.385, 23.992, 23.514, 23.253, 23.352], [9.878, 9.65, 8.884, 5.183, 0.0, 2.669, 3.811, 4.598, 5.499, 5.953, 7.682, 10.425, 12.246, 12.625, 12.535, 12.816, 13.598, 14.038, 15.195, 16.373, 19.28, 21.857, 22.33, 22.414, 22.789, 23.151, 22.533, 22.636, 23.202, 23.508, 23.471, 23.715, 24.376, 24.807, 24.943, 25.088, 25.105, 25.174, 25.485, 25.694, 25.678, 25.818, 25.731, 25.789, 25.744, 24.725, 24.133, 24.009, 24.672, 25.256, 25.379, 25.467, 25.392, 25.308, 25.317, 25.052, 24.38, 23.471, 22.879, 22.462, 22.525, 23.049, 23.339, 23.729, 23.989, 23.839, 23.945, 24.117, 24.186, 23.977, 24.05, 24.405, 24.603, 24.644, 23.95, 23.138, 23.243, 23.136, 23.451, 24.283, 24.8, 24.861, 24.502, 24.094, 23.844, 23.916], [11.028, 10.814, 10.158, 6.926, 2.669, 0.0, 2.198, 3.814, 4.716, 5.171, 7.274, 10.111, 12.012, 12.502, 12.528, 12.789, 13.54, 14.013, 15.226, 16.493, 19.423, 22.023, 22.542, 22.632, 23.012, 23.376, 22.757, 22.847, 23.392, 23.695, 23.667, 23.904, 24.54, 24.945, 25.099, 25.269, 25.302, 25.386, 25.723, 25.932, 25.916, 26.061, 25.976, 26.066, 26.059, 25.054, 24.463, 24.336, 24.955, 25.456, 25.532, 25.589, 25.484, 25.375, 25.356, 25.087, 24.441, 23.562, 22.994, 22.607, 22.719, 23.26, 23.523, 23.913, 24.169, 24.019, 24.128, 24.31, 24.385, 24.157, 24.221, 24.595, 24.834, 24.899, 24.222, 23.398, 23.482, 23.343, 23.629, 24.483, 25.04, 25.135, 24.81, 24.448, 24.231, 24.32], [10.875, 10.665, 10.003, 7.01, 3.811, 2.198, 0.0, 2.414, 4.006, 4.61, 6.893, 9.691, 11.695, 12.275, 12.284, 12.556, 13.332, 13.783, 14.96, 16.261, 19.221, 21.831, 22.348, 22.453, 22.829, 23.219, 22.638, 22.762, 23.337, 23.631, 23.574, 23.814, 24.475, 24.887, 25.014, 25.17, 25.208, 25.299, 25.656, 25.892, 25.896, 26.031, 25.941, 26.031, 25.995, 24.991, 24.418, 24.27, 24.87, 25.371, 25.463, 25.524, 25.397, 25.259, 25.215, 24.92, 24.254, 23.368, 22.793, 22.392, 22.497, 23.038, 23.318, 23.726, 23.964, 23.804, 23.917, 24.104, 24.176, 23.923, 23.972, 24.372, 24.643, 24.723, 24.027, 23.176, 23.271, 23.115, 23.391, 24.28, 24.866, 24.976, 24.673, 24.338, 24.134, 24.245], [10.815, 10.627, 9.946, 7.051, 4.598, 3.814, 2.414, 0.0, 2.502, 3.346, 5.767, 8.764, 10.869, 11.45, 11.401, 11.736, 12.582, 13.039, 14.2, 15.389, 18.371, 21.03, 21.506, 21.615, 21.969, 22.369, 21.814, 22.001, 22.643, 22.956, 22.905, 23.179, 23.908, 24.363, 24.452, 24.565, 24.591, 24.67, 25.013, 25.262, 25.265, 25.401, 25.305, 25.379, 25.331, 24.375, 23.861, 23.731, 24.36, 24.908, 25.013, 25.082, 24.976, 24.844, 24.797, 24.475, 23.761, 22.812, 22.207, 21.769, 21.82, 22.365, 22.684, 23.112, 23.362, 23.193, 23.308, 23.497, 23.567, 23.309, 23.336, 23.738, 24.013, 24.099, 23.377, 22.488, 22.576, 22.439, 22.742, 23.653, 24.239, 24.332, 24.023, 23.689, 23.487, 23.604], [11.585, 11.362, 10.756, 8.002, 5.499, 4.716, 4.006, 2.502, 0.0, 1.654, 4.907, 8.144, 10.385, 10.999, 11.052, 11.442, 12.336, 12.864, 14.002, 15.168, 18.281, 20.969, 21.385, 21.487, 21.829, 22.225, 21.725, 21.977, 22.632, 22.944, 22.924, 23.222, 23.95, 24.384, 24.46, 24.559, 24.577, 24.648, 24.972, 25.209, 25.208, 25.35, 25.259, 25.329, 25.3, 24.381, 23.882, 23.777, 24.404, 24.928, 25.007, 25.067, 24.969, 24.847, 24.799, 24.471, 23.742, 22.768, 22.16, 21.721, 21.78, 22.351, 22.674, 23.094, 23.349, 23.174, 23.29, 23.485, 23.567, 23.314, 23.326, 23.698, 23.957, 24.033, 23.305, 22.411, 22.499, 22.399, 22.728, 23.633, 24.213, 24.295, 23.965, 23.62, 23.42, 23.53], [11.867, 11.622, 11.055, 8.405, 5.953, 5.171, 4.61, 3.346, 1.654, 0.0, 4.021, 7.609, 9.909, 10.537, 10.665, 11.091, 12.013, 12.602, 13.806, 14.861, 17.894, 20.552, 20.929, 21.021, 21.371, 21.783, 21.309, 21.589, 22.255, 22.576, 22.572, 22.88, 23.601, 24.04, 24.131, 24.221, 24.232, 24.305, 24.639, 24.885, 24.89, 25.039, 24.944, 25.02, 25.009, 24.12, 23.651, 23.572, 24.205, 24.715, 24.771, 24.823, 24.734, 24.63, 24.592, 24.263, 23.542, 22.573, 21.964, 21.514, 21.553, 22.122, 22.443, 22.852, 23.123, 22.951, 23.063, 23.252, 23.33, 23.082, 23.077, 23.424, 23.665, 23.737, 23.004, 22.084, 22.163, 22.085, 22.44, 23.358, 23.936, 24.01, 23.67, 23.314, 23.116, 23.236], [12.724, 12.488, 12.002, 9.616, 7.682, 7.274, 6.893, 5.767, 4.907, 4.021, 0.0, 4.583, 7.687, 8.584, 8.758, 9.294, 10.287, 11.089, 12.717, 13.514, 16.426, 19.043, 19.397, 19.471, 19.913, 20.396, 19.901, 20.221, 20.951, 21.289, 21.308, 21.676, 22.492, 23.012, 23.083, 23.135, 23.145, 23.224, 23.584, 23.868, 23.865, 24.016, 23.926, 24.011, 24.089, 23.343, 22.929, 22.888, 23.57, 24.115, 24.15, 24.205, 24.154, 24.074, 24.047, 23.683, 22.941, 21.992, 21.4, 20.952, 20.915, 21.481, 21.875, 22.153, 22.383, 22.22, 22.293, 22.458, 22.511, 22.31, 22.372, 22.749, 22.964, 23.02, 22.284, 21.257, 21.234, 21.163, 21.577, 22.526, 23.104, 23.181, 22.824, 22.444, 22.256, 22.387], [14.774, 14.53, 14.078, 11.977, 10.425, 10.111, 9.691, 8.764, 8.144, 7.609, 4.583, 0.0, 4.181, 5.814, 6.244, 6.879, 8.127, 9.353, 11.396, 12.324, 15.494, 18.171, 18.532, 18.632, 19.188, 19.738, 19.256, 19.607, 20.376, 20.742, 20.86, 21.332, 22.219, 22.768, 22.783, 22.78, 22.771, 22.86, 23.245, 23.553, 23.547, 23.687, 23.61, 23.726, 23.924, 23.383, 23.084, 23.095, 23.823, 24.365, 24.362, 24.395, 24.354, 24.264, 24.211, 23.787, 23.006, 22.105, 21.551, 21.104, 21.002, 21.542, 21.946, 22.061, 22.2, 22.047, 22.101, 22.257, 22.334, 22.206, 22.365, 22.818, 23.046, 23.077, 22.325, 21.231, 21.16, 21.118, 21.581, 22.565, 23.166, 23.293, 22.99, 22.641, 22.473, 22.604], [16.408, 16.163, 15.731, 13.738, 12.246, 12.012, 11.695, 10.869, 10.385, 9.909, 7.687, 4.181, 0.0, 2.495, 3.624, 4.323, 5.882, 7.481, 9.769, 10.724, 14.326, 17.283, 17.772, 17.934, 18.552, 19.152, 18.717, 19.129, 19.952, 20.381, 20.619, 21.138, 22.011, 22.565, 22.57, 22.547, 22.497, 22.549, 22.915, 23.19, 23.149, 23.275, 23.221, 23.361, 23.534, 23.021, 22.839, 22.947, 23.713, 24.253, 24.23, 24.241, 24.226, 24.166, 24.115, 23.669, 22.886, 22.033, 21.512, 21.054, 20.921, 21.442, 21.841, 21.928, 22.042, 21.916, 21.976, 22.112, 22.182, 22.09, 22.282, 22.787, 23.043, 23.079, 22.328, 21.267, 21.207, 21.187, 21.72, 22.722, 23.331, 23.494, 23.246, 22.94, 22.796, 22.937], [16.507, 16.278, 15.896, 14.002, 12.625, 12.502, 12.275, 11.45, 10.999, 10.537, 8.584, 5.814, 2.495, 0.0, 1.865, 2.944, 4.708, 6.432, 8.842, 9.506, 13.192, 16.416, 17.046, 17.242, 17.911, 18.532, 18.08, 18.524, 19.395, 19.861, 20.104, 20.591, 21.45, 22.032, 22.052, 22.034, 21.957, 21.967, 22.32, 22.59, 22.536, 22.651, 22.605, 22.748, 22.844, 22.262, 22.103, 22.277, 23.097, 23.686, 23.682, 23.696, 23.695, 23.66, 23.637, 23.193, 22.397, 21.531, 21.022, 20.575, 20.455, 21.004, 21.432, 21.564, 21.715, 21.602, 21.662, 21.77, 21.817, 21.744, 21.953, 22.46, 22.701, 22.735, 21.991, 20.95, 20.869, 20.844, 21.408, 22.401, 22.999, 23.157, 22.918, 22.627, 22.509, 22.669], [16.149, 15.938, 15.557, 13.699, 12.535, 12.528, 12.284, 11.401, 11.052, 10.665, 8.758, 6.244, 3.624, 1.865, 0.0, 1.898, 3.883, 5.6, 8.188, 8.829, 12.612, 15.985, 16.688, 16.901, 17.6, 18.237, 17.734, 18.154, 19.064, 19.556, 19.771, 20.238, 21.121, 21.746, 21.778, 21.758, 21.683, 21.682, 22.02, 22.29, 22.239, 22.36, 22.32, 22.464, 22.535, 21.931, 21.768, 21.947, 22.813, 23.448, 23.472, 23.502, 23.501, 23.47, 23.459, 23.006, 22.182, 21.276, 20.763, 20.33, 20.209, 20.78, 21.245, 21.415, 21.583, 21.472, 21.535, 21.64, 21.685, 21.615, 21.833, 22.346, 22.578, 22.611, 21.856, 20.801, 20.7, 20.651, 21.2, 22.196, 22.803, 22.965, 22.721, 22.421, 22.311, 22.49], [16.476, 16.275, 15.873, 13.997, 12.816, 12.789, 12.556, 11.736, 11.442, 11.091, 9.294, 6.879, 4.323, 2.944, 1.898, 0.0, 2.507, 4.795, 7.637, 8.616, 12.789, 16.33, 17.119, 17.359, 18.051, 18.644, 18.077, 18.446, 19.348, 19.846, 20.065, 20.526, 21.405, 22.034, 22.071, 22.06, 21.993, 21.991, 22.334, 22.601, 22.54, 22.658, 22.622, 22.787, 22.834, 22.166, 21.969, 22.122, 22.977, 23.612, 23.652, 23.686, 23.67, 23.611, 23.583, 23.123, 22.284, 21.377, 20.868, 20.448, 20.372, 20.966, 21.429, 21.61, 21.76, 21.652, 21.73, 21.85, 21.897, 21.809, 22.031, 22.568, 22.819, 22.859, 22.106, 21.076, 21.002, 20.916, 21.425, 22.436, 23.076, 23.271, 23.057, 22.772, 22.661, 22.842], [17.178, 17.01, 16.611, 14.787, 13.598, 13.54, 13.332, 12.582, 12.336, 12.013, 10.287, 8.127, 5.882, 4.708, 3.883, 2.507, 0.0, 3.476, 7.008, 8.133, 12.59, 16.299, 17.286, 17.58, 18.331, 18.974, 18.444, 18.847, 19.765, 20.27, 20.489, 20.93, 21.8, 22.434, 22.476, 22.466, 22.393, 22.381, 22.719, 22.976, 22.901, 23.001, 22.968, 23.141, 23.133, 22.386, 22.14, 22.276, 23.114, 23.742, 23.805, 23.848, 23.818, 23.73, 23.682, 23.215, 22.357, 21.461, 20.984, 20.59, 20.561, 21.176, 21.639, 21.806, 21.927, 21.825, 21.907, 22.038, 22.092, 21.999, 22.249, 22.823, 23.088, 23.13, 22.387, 21.377, 21.282, 21.137, 21.626, 22.674, 23.359, 23.589, 23.397, 23.113, 22.998, 23.195], [17.415, 17.273, 16.888, 15.098, 14.038, 14.013, 13.783, 13.039, 12.864, 12.602, 11.089, 9.353, 7.481, 6.432, 5.6, 4.795, 3.476, 0.0, 4.246, 6.456, 12.083, 16.264, 17.409, 17.672, 18.284, 18.863, 18.317, 18.861, 19.916, 20.469, 20.685, 21.135, 22.025, 22.675, 22.782, 22.855, 22.787, 22.771, 23.091, 23.367, 23.34, 23.469, 23.466, 23.637, 23.544, 22.693, 22.401, 22.51, 23.309, 23.89, 23.948, 23.987, 23.935, 23.822, 23.773, 23.293, 22.387, 21.446, 20.953, 20.606, 20.674, 21.307, 21.752, 22.0, 22.135, 22.026, 22.13, 22.274, 22.325, 22.181, 22.45, 23.086, 23.386, 23.43, 22.651, 21.668, 21.635, 21.489, 21.993, 23.086, 23.787, 24.015, 23.822, 23.547, 23.447, 23.67], [18.171, 18.021, 17.678, 16.067, 15.195, 15.226, 14.96, 14.2, 14.002, 13.806, 12.717, 11.396, 9.769, 8.842, 8.188, 7.637, 7.008, 4.246, 0.0, 5.173, 12.364, 16.856, 17.973, 18.205, 18.544, 18.904, 18.359, 19.094, 20.266, 20.827, 21.047, 21.498, 22.358, 23.0, 23.144, 23.308, 23.297, 23.292, 23.584, 23.876, 23.9, 24.043, 24.066, 24.211, 24.015, 23.12, 22.871, 22.983, 23.712, 24.226, 24.271, 24.307, 24.253, 24.146, 24.116, 23.633, 22.663, 21.661, 21.175, 20.89, 20.997, 21.579, 21.977, 22.252, 22.359, 22.25, 22.388, 22.543, 22.579, 22.385, 22.626, 23.28, 23.597, 23.629, 22.819, 21.946, 22.062, 21.973, 22.493, 23.552, 24.223, 24.442, 24.266, 24.027, 23.949, 24.177], [18.627, 18.484, 18.252, 16.934, 16.373, 16.493, 16.261, 15.389, 15.168, 14.861, 13.514, 12.324, 10.724, 9.506, 8.829, 8.616, 8.133, 6.456, 5.173, 0.0, 8.532, 13.526, 14.75, 15.028, 15.431, 15.956, 15.674, 16.772, 18.095, 18.669, 18.904, 19.365, 20.211, 20.925, 21.03, 21.144, 21.186, 21.18, 21.464, 21.746, 21.742, 21.871, 21.871, 21.972, 21.753, 21.05, 21.069, 21.352, 22.147, 22.7, 22.714, 22.761, 22.816, 22.873, 22.937, 22.442, 21.503, 20.548, 20.14, 19.888, 19.837, 20.394, 20.872, 21.054, 21.207, 21.134, 21.223, 21.271, 21.23, 21.103, 21.307, 21.878, 22.105, 22.097, 21.325, 20.469, 20.482, 20.447, 21.066, 21.993, 22.525, 22.679, 22.465, 22.201, 22.155, 22.429], [20.201, 20.114, 20.037, 19.245, 19.28, 19.423, 19.221, 18.371, 18.281, 17.894, 16.426, 15.494, 14.326, 13.192, 12.612, 12.789, 12.59, 12.083, 12.364, 8.532, 0.0, 6.293, 8.661, 9.177, 10.194, 11.478, 11.999, 13.484, 14.843, 15.443, 15.72, 16.224, 17.145, 18.024, 18.154, 18.193, 18.2, 18.156, 18.436, 18.745, 18.719, 18.903, 18.919, 18.975, 18.888, 18.717, 19.218, 19.773, 20.616, 21.131, 21.045, 21.085, 21.303, 21.606, 21.819, 21.341, 20.61, 19.88, 19.66, 19.511, 19.224, 19.74, 20.335, 20.611, 21.059, 21.047, 21.032, 20.884, 20.74, 20.765, 20.985, 21.425, 21.501, 21.494, 20.945, 20.073, 19.731, 19.72, 20.39, 21.053, 21.288, 21.255, 20.918, 20.628, 20.72, 21.092], [22.116, 22.023, 22.036, 21.576, 21.857, 22.023, 21.831, 21.03, 20.969, 20.552, 19.043, 18.171, 17.283, 16.416, 15.985, 16.33, 16.299, 16.264, 16.856, 13.526, 6.293, 0.0, 4.262, 5.47, 7.427, 9.897, 11.817, 13.694, 14.708, 15.115, 15.469, 16.041, 16.859, 17.649, 17.685, 17.577, 17.657, 17.705, 17.916, 18.15, 18.1, 18.283, 18.288, 18.222, 18.403, 18.905, 19.811, 20.533, 21.382, 21.864, 21.697, 21.731, 22.068, 22.502, 22.768, 22.322, 21.73, 21.206, 21.159, 21.034, 20.405, 20.691, 21.287, 21.438, 21.936, 21.955, 21.87, 21.628, 21.477, 21.619, 21.739, 21.957, 21.871, 21.833, 21.443, 20.614, 20.123, 20.25, 20.953, 21.342, 21.294, 21.073, 20.593, 20.242, 20.374, 20.752], [22.454, 22.339, 22.385, 21.999, 22.33, 22.542, 22.348, 21.506, 21.385, 20.929, 19.397, 18.532, 17.772, 17.046, 16.688, 17.119, 17.286, 17.409, 17.973, 14.75, 8.661, 4.262, 0.0, 2.283, 5.213, 8.536, 11.332, 13.602, 14.582, 14.888, 15.317, 15.979, 16.735, 17.459, 17.452, 17.261, 17.423, 17.552, 17.697, 17.873, 17.809, 17.995, 17.977, 17.818, 18.151, 19.002, 20.113, 20.944, 21.883, 22.434, 22.26, 22.303, 22.701, 23.203, 23.491, 23.082, 22.528, 21.952, 21.847, 21.648, 20.855, 21.033, 21.631, 21.717, 22.213, 22.229, 22.131, 21.891, 21.747, 21.904, 21.919, 21.986, 21.801, 21.727, 21.328, 20.467, 19.982, 20.267, 21.053, 21.356, 21.171, 20.815, 20.214, 19.79, 19.879, 20.226], [22.511, 22.403, 22.458, 22.081, 22.414, 22.632, 22.453, 21.615, 21.487, 21.021, 19.471, 18.632, 17.934, 17.242, 16.901, 17.359, 17.58, 17.672, 18.205, 15.028, 9.177, 5.47, 2.283, 0.0, 3.92, 7.676, 10.664, 13.037, 14.064, 14.402, 14.868, 15.591, 16.416, 17.181, 17.209, 17.035, 17.172, 17.288, 17.451, 17.672, 17.632, 17.84, 17.814, 17.681, 18.104, 19.007, 20.115, 20.956, 21.92, 22.484, 22.303, 22.339, 22.732, 23.249, 23.553, 23.155, 22.611, 22.012, 21.866, 21.645, 20.855, 21.041, 21.64, 21.752, 22.264, 22.274, 22.176, 21.944, 21.797, 21.942, 21.954, 22.005, 21.804, 21.723, 21.304, 20.415, 19.914, 20.211, 21.022, 21.348, 21.156, 20.775, 20.155, 19.723, 19.81, 20.162], [22.89, 22.779, 22.855, 22.494, 22.789, 23.012, 22.829, 21.969, 21.829, 21.371, 19.913, 19.188, 18.552, 17.911, 17.6, 18.051, 18.331, 18.284, 18.544, 15.431, 10.194, 7.427, 5.213, 3.92, 0.0, 4.77, 8.856, 11.824, 13.111, 13.583, 14.135, 14.943, 15.822, 16.624, 16.709, 16.63, 16.85, 17.004, 17.202, 17.446, 17.426, 17.681, 17.659, 17.569, 18.066, 18.99, 20.126, 20.98, 21.928, 22.472, 22.283, 22.326, 22.73, 23.272, 23.583, 23.177, 22.594, 21.973, 21.898, 21.711, 20.902, 21.078, 21.673, 21.804, 22.35, 22.369, 22.273, 22.035, 21.879, 21.991, 21.963, 21.995, 21.786, 21.695, 21.273, 20.425, 19.952, 20.268, 21.091, 21.395, 21.169, 20.748, 20.114, 19.707, 19.81, 20.169], [23.211, 23.098, 23.198, 22.874, 23.151, 23.376, 23.219, 22.369, 22.225, 21.783, 20.396, 19.738, 19.152, 18.532, 18.237, 18.644, 18.974, 18.863, 18.904, 15.956, 11.478, 9.897, 8.536, 7.676, 4.77, 0.0, 5.403, 9.294, 11.068, 11.829, 12.54, 13.4, 14.325, 15.238, 15.425, 15.485, 15.832, 16.09, 16.394, 16.724, 16.757, 17.071, 17.068, 17.077, 17.606, 18.436, 19.539, 20.391, 21.283, 21.765, 21.542, 21.606, 22.029, 22.573, 22.861, 22.432, 21.867, 21.309, 21.427, 21.471, 20.832, 21.076, 21.659, 21.823, 22.422, 22.456, 22.365, 22.124, 21.96, 22.057, 22.06, 22.13, 21.932, 21.827, 21.411, 20.648, 20.219, 20.486, 21.251, 21.515, 21.282, 20.9, 20.337, 20.006, 20.146, 20.496], [22.688, 22.601, 22.684, 22.289, 22.533, 22.757, 22.638, 21.814, 21.725, 21.309, 19.901, 19.256, 18.717, 18.08, 17.734, 18.077, 18.444, 18.317, 18.359, 15.674, 11.999, 11.817, 11.332, 10.664, 8.856, 5.403, 0.0, 4.743, 7.592, 9.054, 9.861, 10.715, 11.983, 13.367, 13.821, 14.084, 14.417, 14.648, 15.108, 15.618, 15.719, 16.169, 16.209, 16.401, 16.949, 17.479, 18.39, 19.196, 20.145, 20.671, 20.457, 20.533, 20.934, 21.434, 21.695, 21.294, 20.836, 20.364, 20.539, 20.762, 20.447, 20.873, 21.467, 21.761, 22.434, 22.478, 22.421, 22.209, 22.019, 22.089, 22.232, 22.442, 22.332, 22.272, 21.857, 21.076, 20.613, 20.716, 21.399, 21.75, 21.637, 21.377, 20.931, 20.67, 20.828, 21.162], [22.772, 22.717, 22.8, 22.387, 22.636, 22.847, 22.762, 22.001, 21.977, 21.589, 20.221, 19.607, 19.129, 18.524, 18.154, 18.446, 18.847, 18.861, 19.094, 16.772, 13.484, 13.694, 13.602, 13.037, 11.824, 9.294, 4.743, 0.0, 3.968, 6.446, 7.467, 8.39, 10.055, 11.947, 12.751, 13.153, 13.386, 13.532, 14.059, 14.708, 14.844, 15.424, 15.552, 15.907, 16.6, 16.995, 17.742, 18.507, 19.553, 20.174, 20.023, 20.135, 20.527, 21.026, 21.281, 20.964, 20.747, 20.465, 20.646, 20.882, 20.725, 21.291, 21.947, 22.342, 23.047, 23.098, 23.061, 22.864, 22.655, 22.727, 22.942, 23.197, 23.119, 23.09, 22.711, 21.912, 21.378, 21.365, 21.992, 22.392, 22.341, 22.147, 21.769, 21.547, 21.713, 22.029], [23.248, 23.186, 23.3, 22.951, 23.202, 23.392, 23.337, 22.643, 22.632, 22.255, 20.951, 20.376, 19.952, 19.395, 19.064, 19.348, 19.765, 19.916, 20.266, 18.095, 14.843, 14.708, 14.582, 14.064, 13.111, 11.068, 7.592, 3.968, 0.0, 3.3, 5.099, 6.462, 8.286, 10.443, 11.536, 12.068, 12.425, 12.665, 13.216, 13.892, 13.978, 14.582, 14.767, 15.202, 16.204, 16.791, 17.565, 18.35, 19.461, 20.146, 20.041, 20.188, 20.601, 21.135, 21.412, 21.145, 21.077, 20.928, 21.102, 21.292, 21.09, 21.656, 22.369, 22.759, 23.445, 23.496, 23.448, 23.232, 23.008, 23.116, 23.33, 23.531, 23.419, 23.382, 23.064, 22.283, 21.693, 21.68, 22.291, 22.632, 22.526, 22.304, 21.923, 21.699, 21.854, 22.144], [23.401, 23.32, 23.463, 23.205, 23.508, 23.695, 23.631, 22.956, 22.944, 22.576, 21.289, 20.742, 20.381, 19.861, 19.556, 19.846, 20.27, 20.469, 20.827, 18.669, 15.443, 15.115, 14.888, 14.402, 13.583, 11.829, 9.054, 6.446, 3.3, 0.0, 2.812, 4.937, 7.0, 9.378, 10.551, 11.183, 11.727, 12.054, 12.61, 13.331, 13.379, 13.926, 14.144, 14.585, 15.728, 16.49, 17.332, 18.123, 19.265, 20.031, 19.969, 20.142, 20.579, 21.159, 21.473, 21.236, 21.218, 21.097, 21.248, 21.406, 21.113, 21.591, 22.331, 22.726, 23.418, 23.468, 23.407, 23.169, 22.91, 23.026, 23.206, 23.362, 23.226, 23.178, 22.902, 22.165, 21.56, 21.56, 22.152, 22.414, 22.245, 21.991, 21.605, 21.384, 21.522, 21.793], [23.126, 23.04, 23.208, 23.055, 23.471, 23.667, 23.574, 22.905, 22.924, 22.572, 21.308, 20.86, 20.619, 20.104, 19.771, 20.065, 20.489, 20.685, 21.047, 18.904, 15.72, 15.469, 15.317, 14.868, 14.135, 12.54, 9.861, 7.467, 5.099, 2.812, 0.0, 2.711, 5.497, 8.278, 9.501, 10.269, 10.885, 11.235, 11.876, 12.745, 12.892, 13.406, 13.661, 14.04, 15.052, 15.762, 16.57, 17.313, 18.439, 19.292, 19.31, 19.525, 19.976, 20.599, 20.976, 20.779, 20.827, 20.752, 20.935, 21.151, 20.869, 21.321, 22.067, 22.499, 23.229, 23.291, 23.242, 22.992, 22.697, 22.786, 22.941, 23.086, 22.942, 22.892, 22.636, 21.968, 21.385, 21.359, 21.921, 22.144, 21.972, 21.733, 21.36, 21.142, 21.272, 21.542], [23.184, 23.104, 23.297, 23.234, 23.715, 23.904, 23.814, 23.179, 23.222, 22.88, 21.676, 21.332, 21.138, 20.591, 20.238, 20.526, 20.93, 21.135, 21.498, 19.365, 16.224, 16.041, 15.979, 15.591, 14.943, 13.4, 10.715, 8.39, 6.462, 4.937, 2.711, 0.0, 3.491, 6.808, 8.292, 9.291, 10.014, 10.456, 11.17, 12.089, 12.327, 12.868, 13.171, 13.49, 14.356, 15.079, 15.938, 16.694, 17.757, 18.589, 18.635, 18.886, 19.373, 20.057, 20.502, 20.373, 20.55, 20.58, 20.844, 21.151, 20.922, 21.383, 22.114, 22.546, 23.296, 23.378, 23.333, 23.066, 22.748, 22.836, 23.002, 23.15, 22.996, 22.941, 22.711, 22.113, 21.542, 21.486, 22.016, 22.191, 22.025, 21.824, 21.469, 21.259, 21.403, 21.685], [23.733, 23.655, 23.896, 23.903, 24.376, 24.54, 24.475, 23.908, 23.95, 23.601, 22.492, 22.219, 22.011, 21.45, 21.121, 21.405, 21.8, 22.025, 22.358, 20.211, 17.145, 16.859, 16.735, 16.416, 15.822, 14.325, 11.983, 10.055, 8.286, 7.0, 5.497, 3.491, 0.0, 3.999, 6.257, 7.653, 8.744, 9.614, 10.523, 11.441, 11.706, 12.269, 12.617, 12.88, 13.847, 14.957, 16.077, 16.917, 17.817, 18.469, 18.429, 18.671, 19.226, 20.015, 20.524, 20.483, 20.83, 20.976, 21.304, 21.676, 21.424, 21.808, 22.482, 22.878, 23.632, 23.725, 23.674, 23.378, 23.043, 23.157, 23.318, 23.435, 23.237, 23.156, 22.967, 22.431, 21.855, 21.813, 22.332, 22.406, 22.176, 21.976, 21.627, 21.443, 21.643, 21.965], [24.112, 24.022, 24.294, 24.354, 24.807, 24.945, 24.887, 24.363, 24.384, 24.04, 23.012, 22.768, 22.565, 22.032, 21.746, 22.034, 22.434, 22.675, 23.0, 20.925, 18.024, 17.649, 17.459, 17.181, 16.624, 15.238, 13.367, 11.947, 10.443, 9.378, 8.278, 6.808, 3.999, 0.0, 3.436, 5.815, 7.426, 8.929, 10.163, 11.153, 11.499, 12.003, 12.385, 12.587, 13.709, 15.133, 16.349, 17.183, 17.868, 18.286, 18.133, 18.325, 18.896, 19.778, 20.35, 20.352, 20.778, 21.003, 21.42, 21.914, 21.708, 22.07, 22.726, 23.093, 23.823, 23.908, 23.842, 23.544, 23.226, 23.351, 23.473, 23.551, 23.307, 23.188, 23.0, 22.503, 21.943, 21.907, 22.402, 22.42, 22.166, 21.975, 21.642, 21.506, 21.771, 22.144], [24.137, 24.039, 24.305, 24.435, 24.943, 25.099, 25.014, 24.452, 24.46, 24.131, 23.083, 22.783, 22.57, 22.052, 21.778, 22.071, 22.476, 22.782, 23.144, 21.03, 18.154, 17.685, 17.452, 17.209, 16.709, 15.425, 13.821, 12.751, 11.536, 10.551, 9.501, 8.292, 6.257, 3.436, 0.0, 3.521, 6.14, 8.156, 9.578, 10.674, 11.146, 11.463, 11.763, 11.961, 13.054, 14.614, 15.869, 16.642, 17.199, 17.573, 17.416, 17.602, 18.142, 19.043, 19.67, 19.65, 20.082, 20.399, 20.94, 21.532, 21.301, 21.653, 22.353, 22.714, 23.449, 23.539, 23.46, 23.148, 22.839, 22.971, 23.05, 23.09, 22.813, 22.66, 22.482, 22.073, 21.552, 21.515, 21.976, 21.931, 21.667, 21.494, 21.198, 21.113, 21.404, 21.803], [24.215, 24.128, 24.395, 24.542, 25.088, 25.269, 25.17, 24.565, 24.559, 24.221, 23.135, 22.78, 22.547, 22.034, 21.758, 22.06, 22.466, 22.855, 23.308, 21.144, 18.193, 17.577, 17.261, 17.035, 16.63, 15.485, 14.084, 13.153, 12.068, 11.183, 10.269, 9.291, 7.653, 5.815, 3.521, 0.0, 3.809, 6.563, 8.275, 9.621, 10.227, 10.465, 10.657, 10.925, 12.342, 14.36, 15.841, 16.656, 17.236, 17.676, 17.536, 17.748, 18.294, 19.172, 19.782, 19.74, 20.194, 20.551, 21.096, 21.607, 21.199, 21.439, 22.138, 22.455, 23.198, 23.294, 23.204, 22.877, 22.579, 22.763, 22.81, 22.792, 22.483, 22.312, 22.144, 21.747, 21.212, 21.2, 21.654, 21.546, 21.227, 21.028, 20.752, 20.699, 20.993, 21.384], [24.216, 24.139, 24.408, 24.539, 25.105, 25.302, 25.208, 24.591, 24.577, 24.232, 23.145, 22.771, 22.497, 21.957, 21.683, 21.993, 22.393, 22.787, 23.297, 21.186, 18.2, 17.657, 17.423, 17.172, 16.85, 15.832, 14.417, 13.386, 12.425, 11.727, 10.885, 10.014, 8.744, 7.426, 6.14, 3.809, 0.0, 3.464, 5.999, 7.971, 8.828, 9.304, 9.634, 10.009, 11.599, 13.832, 15.501, 16.394, 17.037, 17.508, 17.38, 17.59, 18.149, 19.026, 19.603, 19.578, 20.124, 20.525, 21.039, 21.493, 21.093, 21.373, 22.077, 22.427, 23.194, 23.284, 23.198, 22.868, 22.564, 22.768, 22.889, 22.948, 22.683, 22.523, 22.315, 21.832, 21.274, 21.238, 21.698, 21.634, 21.321, 21.122, 20.874, 20.855, 21.179, 21.576], [24.272, 24.195, 24.457, 24.586, 25.174, 25.386, 25.299, 24.67, 24.648, 24.305, 23.224, 22.86, 22.549, 21.967, 21.682, 21.991, 22.381, 22.771, 23.292, 21.18, 18.156, 17.705, 17.552, 17.288, 17.004, 16.09, 14.648, 13.532, 12.665, 12.054, 11.235, 10.456, 9.614, 8.929, 8.156, 6.563, 3.464, 0.0, 3.464, 6.127, 7.235, 8.019, 8.534, 9.088, 10.691, 12.981, 14.84, 15.814, 16.504, 17.037, 16.965, 17.191, 17.753, 18.632, 19.184, 19.165, 19.778, 20.207, 20.722, 21.159, 20.798, 21.161, 21.909, 22.323, 23.135, 23.233, 23.151, 22.809, 22.474, 22.674, 22.866, 23.006, 22.784, 22.645, 22.44, 21.912, 21.319, 21.253, 21.711, 21.673, 21.373, 21.185, 20.961, 20.974, 21.33, 21.737], [24.521, 24.446, 24.71, 24.861, 25.485, 25.723, 25.656, 25.013, 24.972, 24.639, 23.584, 23.245, 22.915, 22.32, 22.02, 22.334, 22.719, 23.091, 23.584, 21.464, 18.436, 17.916, 17.697, 17.451, 17.202, 16.394, 15.108, 14.059, 13.216, 12.61, 11.876, 11.17, 10.523, 10.163, 9.578, 8.275, 5.999, 3.464, 0.0, 3.344, 5.11, 6.443, 7.262, 7.883, 9.822, 12.427, 14.477, 15.531, 16.285, 16.888, 16.892, 17.165, 17.767, 18.691, 19.264, 19.243, 19.849, 20.27, 20.846, 21.294, 20.887, 21.229, 22.003, 22.427, 23.236, 23.338, 23.25, 22.904, 22.559, 22.771, 22.952, 23.055, 22.821, 22.691, 22.521, 22.025, 21.427, 21.394, 21.856, 21.786, 21.452, 21.229, 20.979, 20.972, 21.312, 21.703], [24.795, 24.723, 24.975, 25.108, 25.694, 25.932, 25.892, 25.262, 25.209, 24.885, 23.868, 23.553, 23.19, 22.59, 22.29, 22.601, 22.976, 23.367, 23.876, 21.746, 18.745, 18.15, 17.873, 17.672, 17.446, 16.724, 15.618, 14.708, 13.892, 13.331, 12.745, 12.089, 11.441, 11.153, 10.674, 9.621, 7.971, 6.127, 3.344, 0.0, 2.75, 5.032, 6.138, 6.8, 9.178, 12.087, 14.297, 15.434, 16.26, 16.888, 16.941, 17.259, 17.89, 18.818, 19.379, 19.386, 19.963, 20.338, 20.964, 21.422, 20.977, 21.306, 22.098, 22.483, 23.252, 23.359, 23.261, 22.92, 22.587, 22.826, 23.0, 23.078, 22.845, 22.751, 22.64, 22.197, 21.614, 21.619, 22.081, 21.969, 21.616, 21.388, 21.12, 21.079, 21.379, 21.738], [24.911, 24.839, 25.077, 25.153, 25.678, 25.916, 25.896, 25.265, 25.208, 24.89, 23.865, 23.547, 23.149, 22.536, 22.239, 22.54, 22.901, 23.34, 23.9, 21.742, 18.719, 18.1, 17.809, 17.632, 17.426, 16.757, 15.719, 14.844, 13.978, 13.379, 12.892, 12.327, 11.706, 11.499, 11.146, 10.227, 8.828, 7.235, 5.11, 2.75, 0.0, 3.373, 4.924, 5.731, 8.658, 11.755, 14.057, 15.252, 16.116, 16.798, 16.878, 17.234, 17.932, 18.881, 19.406, 19.426, 20.003, 20.339, 20.933, 21.326, 20.798, 21.078, 21.899, 22.28, 23.04, 23.149, 23.043, 22.698, 22.355, 22.613, 22.775, 22.857, 22.651, 22.604, 22.581, 22.164, 21.549, 21.569, 22.044, 21.904, 21.533, 21.309, 21.064, 21.03, 21.305, 21.628], [25.058, 24.985, 25.225, 25.306, 25.818, 26.061, 26.031, 25.401, 25.35, 25.039, 24.016, 23.687, 23.275, 22.651, 22.36, 22.658, 23.001, 23.469, 24.043, 21.871, 18.903, 18.283, 17.995, 17.84, 17.681, 17.071, 16.169, 15.424, 14.582, 13.926, 13.406, 12.868, 12.269, 12.003, 11.463, 10.465, 9.304, 8.019, 6.443, 5.032, 3.373, 0.0, 2.425, 3.945, 7.518, 11.105, 13.53, 14.774, 15.596, 16.341, 16.471, 16.866, 17.595, 18.59, 19.144, 19.164, 19.741, 20.085, 20.69, 21.058, 20.397, 20.57, 21.408, 21.728, 22.471, 22.595, 22.474, 22.124, 21.779, 22.07, 22.176, 22.203, 21.982, 21.947, 22.033, 21.795, 21.23, 21.253, 21.719, 21.527, 21.14, 20.93, 20.732, 20.726, 20.973, 21.284], [25.008, 24.935, 25.172, 25.238, 25.731, 25.976, 25.941, 25.305, 25.259, 24.944, 23.926, 23.61, 23.221, 22.605, 22.32, 22.622, 22.968, 23.466, 24.066, 21.871, 18.919, 18.288, 17.977, 17.814, 17.659, 17.068, 16.209, 15.552, 14.767, 14.144, 13.661, 13.171, 12.617, 12.385, 11.763, 10.657, 9.634, 8.534, 7.262, 6.138, 4.924, 2.425, 0.0, 3.022, 7.036, 10.858, 13.376, 14.643, 15.49, 16.259, 16.379, 16.76, 17.445, 18.387, 18.942, 18.968, 19.509, 19.816, 20.388, 20.737, 20.05, 20.241, 21.078, 21.355, 22.105, 22.234, 22.116, 21.78, 21.469, 21.802, 21.929, 21.951, 21.716, 21.677, 21.776, 21.562, 21.036, 21.081, 21.54, 21.348, 20.966, 20.746, 20.527, 20.501, 20.733, 21.055], [24.918, 24.84, 25.101, 25.233, 25.789, 26.066, 26.031, 25.379, 25.329, 25.02, 24.011, 23.726, 23.361, 22.748, 22.464, 22.787, 23.141, 23.637, 24.211, 21.972, 18.975, 18.222, 17.818, 17.681, 17.569, 17.077, 16.401, 15.907, 15.202, 14.585, 14.04, 13.49, 12.88, 12.587, 11.961, 10.925, 10.009, 9.088, 7.883, 6.8, 5.731, 3.945, 3.022, 0.0, 5.362, 10.019, 12.856, 14.251, 15.123, 15.96, 16.165, 16.61, 17.378, 18.407, 19.056, 19.117, 19.622, 19.871, 20.419, 20.756, 20.005, 20.148, 20.995, 21.246, 21.987, 22.124, 22.01, 21.665, 21.345, 21.693, 21.829, 21.832, 21.559, 21.505, 21.622, 21.465, 20.987, 21.152, 21.683, 21.447, 20.993, 20.694, 20.375, 20.261, 20.451, 20.749], [24.582, 24.494, 24.775, 25.047, 25.744, 26.059, 25.995, 25.331, 25.3, 25.009, 24.089, 23.924, 23.534, 22.844, 22.535, 22.834, 23.133, 23.544, 24.015, 21.753, 18.888, 18.403, 18.151, 18.104, 18.066, 17.606, 16.949, 16.6, 16.204, 15.728, 15.052, 14.356, 13.847, 13.709, 13.054, 12.342, 11.599, 10.691, 9.822, 9.178, 8.658, 7.518, 7.036, 5.362, 0.0, 5.974, 9.678, 11.332, 12.307, 13.503, 14.065, 14.748, 15.554, 16.597, 17.372, 17.508, 18.142, 18.515, 19.159, 19.628, 19.034, 19.315, 20.208, 20.648, 21.516, 21.693, 21.629, 21.27, 20.914, 21.194, 21.429, 21.578, 21.333, 21.276, 21.412, 21.513, 21.228, 21.367, 21.92, 21.704, 21.295, 21.072, 20.745, 20.592, 20.774, 21.098], [23.534, 23.445, 23.686, 23.97, 24.725, 25.054, 24.991, 24.375, 24.381, 24.12, 23.343, 23.383, 23.021, 22.262, 21.931, 22.166, 22.386, 22.693, 23.12, 21.05, 18.717, 18.905, 19.002, 19.007, 18.99, 18.436, 17.479, 16.995, 16.791, 16.49, 15.762, 15.079, 14.957, 15.133, 14.614, 14.36, 13.832, 12.981, 12.427, 12.087, 11.755, 11.105, 10.858, 10.019, 5.974, 0.0, 4.393, 6.589, 8.378, 10.449, 11.578, 12.559, 13.265, 14.139, 14.946, 15.221, 16.01, 16.535, 17.323, 18.017, 17.899, 18.549, 19.536, 20.277, 21.241, 21.401, 21.399, 21.085, 20.714, 20.859, 21.185, 21.511, 21.374, 21.33, 21.366, 21.543, 21.412, 21.424, 21.956, 21.925, 21.728, 21.663, 21.405, 21.272, 21.447, 21.79], [23.01, 22.925, 23.131, 23.388, 24.133, 24.463, 24.418, 23.861, 23.882, 23.651, 22.929, 23.084, 22.839, 22.103, 21.768, 21.969, 22.14, 22.401, 22.871, 21.069, 19.218, 19.811, 20.113, 20.115, 20.126, 19.539, 18.39, 17.742, 17.565, 17.332, 16.57, 15.938, 16.077, 16.349, 15.869, 15.841, 15.501, 14.84, 14.477, 14.297, 14.057, 13.53, 13.376, 12.856, 9.678, 4.393, 0.0, 2.943, 6.059, 8.964, 10.5, 11.671, 12.245, 12.944, 13.765, 14.204, 15.095, 15.727, 16.631, 17.52, 17.766, 18.647, 19.673, 20.539, 21.505, 21.617, 21.627, 21.375, 21.036, 21.099, 21.423, 21.767, 21.666, 21.611, 21.554, 21.734, 21.669, 21.583, 22.086, 22.206, 22.191, 22.235, 22.023, 21.887, 22.03, 22.37], [22.81, 22.723, 22.918, 23.216, 24.009, 24.336, 24.27, 23.731, 23.777, 23.572, 22.888, 23.095, 22.947, 22.277, 21.947, 22.122, 22.276, 22.51, 22.983, 21.352, 19.773, 20.533, 20.944, 20.956, 20.98, 20.391, 19.196, 18.507, 18.35, 18.123, 17.313, 16.694, 16.917, 17.183, 16.642, 16.656, 16.394, 15.814, 15.531, 15.434, 15.252, 14.774, 14.643, 14.251, 11.332, 6.589, 2.943, 0.0, 4.1, 7.647, 9.605, 11.002, 11.469, 11.972, 12.756, 13.257, 14.267, 15.062, 16.1, 17.117, 17.515, 18.477, 19.498, 20.445, 21.442, 21.54, 21.566, 21.342, 21.021, 21.025, 21.369, 21.778, 21.724, 21.68, 21.626, 21.872, 21.863, 21.689, 22.113, 22.265, 22.338, 22.476, 22.331, 22.22, 22.354, 22.706], [23.347, 23.257, 23.48, 23.876, 24.672, 24.955, 24.87, 24.36, 24.404, 24.205, 23.57, 23.823, 23.713, 23.097, 22.813, 22.977, 23.114, 23.309, 23.712, 22.147, 20.616, 21.382, 21.883, 21.92, 21.928, 21.283, 20.145, 19.553, 19.461, 19.265, 18.439, 17.757, 17.817, 17.868, 17.199, 17.236, 17.037, 16.504, 16.285, 16.26, 16.116, 15.596, 15.49, 15.123, 12.307, 8.378, 6.059, 4.1, 0.0, 4.307, 7.221, 9.081, 9.549, 10.091, 11.022, 11.635, 12.962, 14.139, 15.539, 16.772, 17.24, 18.188, 19.121, 20.128, 21.21, 21.326, 21.367, 21.121, 20.787, 20.751, 21.156, 21.701, 21.705, 21.687, 21.749, 22.19, 22.257, 22.007, 22.297, 22.321, 22.368, 22.589, 22.562, 22.559, 22.753, 23.153], [24.042, 23.941, 24.179, 24.563, 25.256, 25.456, 25.371, 24.908, 24.928, 24.715, 24.115, 24.365, 24.253, 23.686, 23.448, 23.612, 23.742, 23.89, 24.226, 22.7, 21.131, 21.864, 22.434, 22.484, 22.472, 21.765, 20.671, 20.174, 20.146, 20.031, 19.292, 18.589, 18.469, 18.286, 17.573, 17.676, 17.508, 17.037, 16.888, 16.888, 16.798, 16.341, 16.259, 15.96, 13.503, 10.449, 8.964, 7.647, 4.307, 0.0, 3.835, 6.154, 6.741, 7.657, 8.916, 9.827, 11.679, 13.201, 14.907, 16.362, 16.95, 17.954, 18.828, 19.869, 21.009, 21.135, 21.174, 20.911, 20.584, 20.535, 21.031, 21.731, 21.804, 21.808, 21.909, 22.405, 22.523, 22.232, 22.44, 22.38, 22.403, 22.674, 22.732, 22.862, 23.198, 23.693], [24.358, 24.243, 24.483, 24.792, 25.379, 25.532, 25.463, 25.013, 25.007, 24.771, 24.15, 24.362, 24.23, 23.682, 23.472, 23.652, 23.805, 23.948, 24.271, 22.714, 21.045, 21.697, 22.26, 22.303, 22.283, 21.542, 20.457, 20.023, 20.041, 19.969, 19.31, 18.635, 18.429, 18.133, 17.416, 17.536, 17.38, 16.965, 16.892, 16.941, 16.878, 16.471, 16.379, 16.165, 14.065, 11.578, 10.5, 9.605, 7.221, 3.835, 0.0, 2.745, 4.018, 5.721, 7.339, 8.556, 10.87, 12.5, 14.176, 15.717, 16.355, 17.41, 18.299, 19.356, 20.556, 20.678, 20.691, 20.409, 20.078, 20.04, 20.608, 21.402, 21.502, 21.501, 21.571, 21.986, 22.094, 21.808, 22.01, 21.916, 21.9, 22.169, 22.273, 22.544, 23.085, 23.696], [24.568, 24.447, 24.688, 24.949, 25.467, 25.589, 25.524, 25.082, 25.067, 24.823, 24.205, 24.395, 24.241, 23.696, 23.502, 23.686, 23.848, 23.987, 24.307, 22.761, 21.085, 21.731, 22.303, 22.339, 22.326, 21.606, 20.533, 20.135, 20.188, 20.142, 19.525, 18.886, 18.671, 18.325, 17.602, 17.748, 17.59, 17.191, 17.165, 17.259, 17.234, 16.866, 16.76, 16.61, 14.748, 12.559, 11.671, 11.002, 9.081, 6.154, 2.745, 0.0, 2.256, 4.808, 6.621, 7.998, 10.524, 12.218, 13.879, 15.433, 16.132, 17.237, 18.128, 19.238, 20.473, 20.589, 20.596, 20.306, 19.969, 19.922, 20.532, 21.395, 21.512, 21.506, 21.539, 21.886, 21.986, 21.684, 21.872, 21.779, 21.749, 22.01, 22.154, 22.513, 23.175, 23.869], [24.554, 24.431, 24.658, 24.903, 25.392, 25.484, 25.397, 24.976, 24.969, 24.734, 24.154, 24.354, 24.226, 23.695, 23.501, 23.67, 23.818, 23.935, 24.253, 22.816, 21.303, 22.068, 22.701, 22.732, 22.73, 22.029, 20.934, 20.527, 20.601, 20.579, 19.976, 19.373, 19.226, 18.896, 18.142, 18.294, 18.149, 17.753, 17.767, 17.89, 17.932, 17.595, 17.445, 17.378, 15.554, 13.265, 12.245, 11.469, 9.549, 6.741, 4.018, 2.256, 0.0, 3.13, 5.312, 6.793, 9.545, 11.458, 13.27, 14.925, 15.809, 17.041, 17.929, 19.156, 20.428, 20.536, 20.569, 20.3, 19.983, 19.897, 20.567, 21.531, 21.694, 21.693, 21.692, 22.021, 22.162, 21.799, 21.935, 21.921, 21.98, 22.291, 22.467, 22.848, 23.507, 24.217], [24.576, 24.452, 24.645, 24.852, 25.308, 25.375, 25.259, 24.844, 24.847, 24.63, 24.074, 24.264, 24.166, 23.66, 23.47, 23.611, 23.73, 23.822, 24.146, 22.873, 21.606, 22.502, 23.203, 23.249, 23.272, 22.573, 21.434, 21.026, 21.135, 21.159, 20.599, 20.057, 20.015, 19.778, 19.043, 19.172, 19.026, 18.632, 18.691, 18.818, 18.881, 18.59, 18.387, 18.407, 16.597, 14.139, 12.944, 11.972, 10.091, 7.657, 5.721, 4.808, 3.13, 0.0, 2.722, 4.741, 7.961, 10.275, 12.297, 14.124, 15.284, 16.706, 17.615, 18.896, 20.18, 20.283, 20.337, 20.113, 19.865, 19.751, 20.544, 21.671, 21.907, 21.921, 21.89, 22.204, 22.419, 21.991, 22.066, 22.165, 22.343, 22.736, 22.946, 23.327, 23.956, 24.642], [24.699, 24.575, 24.742, 24.904, 25.317, 25.356, 25.215, 24.797, 24.799, 24.592, 24.047, 24.211, 24.115, 23.637, 23.459, 23.583, 23.682, 23.773, 24.116, 22.937, 21.819, 22.768, 23.491, 23.553, 23.583, 22.861, 21.695, 21.281, 21.412, 21.473, 20.976, 20.502, 20.524, 20.35, 19.67, 19.782, 19.603, 19.184, 19.264, 19.379, 19.406, 19.144, 18.942, 19.056, 17.372, 14.946, 13.765, 12.756, 11.022, 8.916, 7.339, 6.621, 5.312, 2.722, 0.0, 3.325, 7.252, 9.908, 12.069, 13.912, 15.185, 16.697, 17.615, 18.909, 20.19, 20.283, 20.336, 20.127, 19.913, 19.784, 20.652, 21.894, 22.19, 22.217, 22.167, 22.429, 22.648, 22.166, 22.204, 22.35, 22.569, 23.007, 23.261, 23.657, 24.273, 24.938], [24.489, 24.36, 24.509, 24.638, 25.052, 25.087, 24.92, 24.475, 24.471, 24.263, 23.683, 23.787, 23.669, 23.193, 23.006, 23.123, 23.215, 23.293, 23.633, 22.442, 21.341, 22.322, 23.082, 23.155, 23.177, 22.432, 21.294, 20.964, 21.145, 21.236, 20.779, 20.373, 20.483, 20.352, 19.65, 19.74, 19.578, 19.165, 19.243, 19.386, 19.426, 19.164, 18.968, 19.117, 17.508, 15.221, 14.204, 13.257, 11.635, 9.827, 8.556, 7.998, 6.793, 4.741, 3.325, 0.0, 4.641, 8.106, 10.744, 12.742, 14.1, 15.74, 16.689, 18.057, 19.406, 19.507, 19.571, 19.347, 19.134, 18.95, 19.818, 21.168, 21.517, 21.546, 21.473, 21.712, 21.964, 21.461, 21.498, 21.696, 21.932, 22.393, 22.707, 23.159, 23.805, 24.487], [24.013, 23.875, 23.97, 24.009, 24.38, 24.441, 24.254, 23.761, 23.742, 23.542, 22.941, 23.006, 22.886, 22.397, 22.182, 22.284, 22.357, 22.387, 22.663, 21.503, 20.61, 21.73, 22.528, 22.611, 22.594, 21.867, 20.836, 20.747, 21.077, 21.218, 20.827, 20.55, 20.83, 20.778, 20.082, 20.194, 20.124, 19.778, 19.849, 19.963, 20.003, 19.741, 19.509, 19.622, 18.142, 16.01, 15.095, 14.267, 12.962, 11.679, 10.87, 10.524, 9.545, 7.961, 7.252, 4.641, 0.0, 4.521, 8.065, 10.448, 12.125, 14.079, 15.112, 16.53, 17.877, 17.979, 18.082, 17.915, 17.782, 17.519, 18.385, 19.868, 20.274, 20.314, 20.154, 20.384, 20.81, 20.35, 20.403, 20.754, 21.094, 21.581, 21.931, 22.408, 23.056, 23.758], [23.365, 23.211, 23.261, 23.165, 23.471, 23.562, 23.368, 22.812, 22.768, 22.573, 21.992, 22.105, 22.033, 21.531, 21.276, 21.377, 21.461, 21.446, 21.661, 20.548, 19.88, 21.206, 21.952, 22.012, 21.973, 21.309, 20.364, 20.465, 20.928, 21.097, 20.752, 20.58, 20.976, 21.003, 20.399, 20.551, 20.525, 20.207, 20.27, 20.338, 20.339, 20.085, 19.816, 19.871, 18.515, 16.535, 15.727, 15.062, 14.139, 13.201, 12.5, 12.218, 11.458, 10.275, 9.908, 8.106, 4.521, 0.0, 4.309, 7.305, 9.511, 11.958, 13.18, 14.848, 16.259, 16.332, 16.526, 16.492, 16.458, 16.124, 16.982, 18.568, 19.035, 19.152, 18.892, 19.063, 19.691, 19.348, 19.456, 19.969, 20.427, 20.911, 21.24, 21.716, 22.363, 23.083], [23.035, 22.868, 22.88, 22.639, 22.879, 22.994, 22.793, 22.207, 22.16, 21.964, 21.4, 21.551, 21.512, 21.022, 20.763, 20.868, 20.984, 20.953, 21.175, 20.14, 19.66, 21.159, 21.847, 21.866, 21.898, 21.427, 20.539, 20.646, 21.102, 21.248, 20.935, 20.844, 21.304, 21.42, 20.94, 21.096, 21.039, 20.722, 20.846, 20.964, 20.933, 20.69, 20.388, 20.419, 19.159, 17.323, 16.631, 16.1, 15.539, 14.907, 14.176, 13.879, 13.27, 12.297, 12.069, 10.744, 8.065, 4.309, 0.0, 3.746, 7.036, 10.214, 11.62, 13.583, 15.101, 15.135, 15.423, 15.516, 15.551, 15.165, 16.119, 17.881, 18.434, 18.609, 18.227, 18.232, 19.007, 18.751, 18.93, 19.625, 20.223, 20.738, 21.06, 21.557, 22.23, 22.961], [22.845, 22.674, 22.647, 22.288, 22.462, 22.607, 22.392, 21.769, 21.721, 21.514, 20.952, 21.104, 21.054, 20.575, 20.33, 20.448, 20.59, 20.606, 20.89, 19.888, 19.511, 21.034, 21.648, 21.645, 21.711, 21.471, 20.762, 20.882, 21.292, 21.406, 21.151, 21.151, 21.676, 21.914, 21.532, 21.607, 21.493, 21.159, 21.294, 21.422, 21.326, 21.058, 20.737, 20.756, 19.628, 18.017, 17.52, 17.117, 16.772, 16.362, 15.717, 15.433, 14.925, 14.124, 13.912, 12.742, 1