[[0.0, 4.318, 7.924, 10.059, 10.55, 11.679, 12.943, 13.253, 13.17, 13.874, 15.246, 16.001, 16.566, 16.817, 16.936, 17.107, 17.595, 17.85, 18.047, 18.699, 19.358, 19.573, 19.771, 20.916, 22.32, 23.137, 23.243, 23.104, 22.805, 22.614, 23.306, 23.71, 23.926, 24.107, 23.978, 23.597, 23.271, 23.077, 22.837, 22.873, 23.134, 23.448, 23.815, 24.062, 24.208, 24.448, 24.519, 24.378, 24.512, 24.755, 24.821, 25.046, 25.07, 25.175, 25.555, 25.736, 26.069, 26.328, 26.178, 25.704, 25.712, 25.734, 26.159, 26.839, 26.979, 27.963, 28.606, 27.675, 26.769, 27.043, 27.278, 26.953, 26.045, 25.049, 24.483, 23.986, 23.562, 23.144, 22.867, 23.202, 23.686, 23.716, 23.645, 23.83, 24.131, 24.104], [4.318, 0.0, 4.899, 7.668, 8.172, 9.24, 10.654, 11.146, 11.108, 11.993, 13.727, 14.58, 15.185, 15.516, 15.68, 15.983, 16.592, 16.87, 17.09, 17.777, 18.441, 18.632, 18.723, 19.872, 21.434, 22.319, 22.442, 22.337, 22.051, 21.945, 22.765, 23.209, 23.345, 23.505, 23.47, 23.236, 23.067, 22.905, 22.636, 22.696, 22.971, 23.283, 23.62, 23.859, 24.001, 24.19, 24.183, 24.015, 24.154, 24.402, 24.467, 24.678, 24.708, 24.822, 25.213, 25.398, 25.76, 26.09, 25.954, 25.464, 25.483, 25.483, 25.866, 26.521, 26.689, 27.654, 28.304, 27.386, 26.476, 26.763, 27.001, 26.718, 25.844, 24.862, 24.351, 23.908, 23.559, 23.197, 22.924, 23.261, 23.719, 23.739, 23.664, 23.788, 24.06, 24.062], [7.924, 4.899, 0.0, 3.437, 4.287, 5.576, 7.358, 8.017, 8.074, 9.157, 11.408, 12.43, 13.071, 13.546, 13.762, 14.29, 15.026, 15.282, 15.532, 16.297, 17.03, 17.228, 17.181, 18.283, 20.016, 20.986, 21.139, 21.076, 20.805, 20.746, 21.629, 22.131, 22.246, 22.352, 22.4, 22.343, 22.368, 22.297, 21.973, 22.086, 22.428, 22.752, 23.079, 23.318, 23.436, 23.611, 23.591, 23.386, 23.544, 23.799, 23.867, 24.098, 24.135, 24.242, 24.649, 24.86, 25.295, 25.728, 25.628, 25.123, 25.142, 25.119, 25.498, 26.161, 26.351, 27.369, 28.11, 27.171, 26.213, 26.498, 26.742, 26.475, 25.545, 24.485, 24.008, 23.637, 23.369, 23.051, 22.781, 23.118, 23.581, 23.587, 23.524, 23.624, 23.873, 23.874], [10.059, 7.668, 3.437, 0.0, 1.751, 3.836, 5.731, 6.373, 6.564, 7.757, 10.383, 11.554, 12.21, 12.818, 13.071, 13.721, 14.481, 14.691, 14.954, 15.755, 16.519, 16.731, 16.655, 17.728, 19.54, 20.577, 20.754, 20.72, 20.491, 20.442, 21.305, 21.824, 21.943, 21.991, 22.044, 22.072, 22.236, 22.248, 21.881, 21.966, 22.295, 22.591, 22.909, 23.153, 23.229, 23.387, 23.384, 23.156, 23.329, 23.587, 23.659, 23.912, 23.952, 24.027, 24.415, 24.646, 25.127, 25.593, 25.473, 24.931, 24.927, 24.898, 25.293, 25.956, 26.145, 27.191, 27.989, 27.052, 26.074, 26.362, 26.615, 26.361, 25.436, 24.427, 24.046, 23.76, 23.574, 23.274, 23.032, 23.376, 23.818, 23.822, 23.768, 23.852, 24.084, 24.08], [10.55, 8.172, 4.287, 1.751, 0.0, 2.86, 5.013, 5.687, 6.004, 7.127, 9.734, 10.927, 11.635, 12.327, 12.599, 13.272, 14.079, 14.304, 14.581, 15.418, 16.219, 16.439, 16.343, 17.439, 19.333, 20.442, 20.63, 20.595, 20.384, 20.358, 21.232, 21.74, 21.855, 21.898, 21.95, 21.994, 22.177, 22.192, 21.827, 21.91, 22.214, 22.478, 22.777, 23.027, 23.111, 23.291, 23.296, 23.052, 23.22, 23.484, 23.559, 23.813, 23.859, 23.934, 24.308, 24.524, 25.006, 25.479, 25.35, 24.79, 24.797, 24.77, 25.161, 25.825, 26.019, 27.074, 27.888, 26.945, 25.949, 26.235, 26.494, 26.249, 25.328, 24.331, 23.978, 23.722, 23.571, 23.277, 23.026, 23.342, 23.76, 23.765, 23.713, 23.792, 24.026, 24.026], [11.679, 9.24, 5.576, 3.836, 2.86, 0.0, 2.824, 4.221, 4.756, 6.062, 8.857, 10.079, 10.787, 11.542, 11.881, 12.696, 13.6, 13.848, 14.12, 14.964, 15.793, 16.004, 15.906, 17.082, 19.124, 20.305, 20.511, 20.506, 20.298, 20.304, 21.212, 21.713, 21.81, 21.867, 21.967, 22.063, 22.295, 22.319, 21.977, 22.117, 22.424, 22.648, 22.91, 23.152, 23.256, 23.457, 23.467, 23.221, 23.378, 23.626, 23.697, 23.948, 24.006, 24.097, 24.466, 24.662, 25.133, 25.607, 25.46, 24.897, 24.899, 24.863, 25.223, 25.871, 26.065, 27.062, 27.861, 26.947, 25.99, 26.285, 26.546, 26.338, 25.453, 24.494, 24.167, 23.944, 23.849, 23.577, 23.316, 23.616, 24.008, 24.009, 23.949, 23.997, 24.207, 24.21], [12.943, 10.654, 7.358, 5.731, 5.013, 2.824, 0.0, 2.318, 3.55, 5.205, 8.332, 9.558, 10.238, 11.064, 11.477, 12.396, 13.351, 13.614, 13.88, 14.722, 15.555, 15.753, 15.689, 16.876, 18.926, 20.145, 20.403, 20.437, 20.271, 20.314, 21.221, 21.703, 21.786, 21.841, 21.973, 22.11, 22.396, 22.466, 22.192, 22.405, 22.752, 22.972, 23.194, 23.415, 23.542, 23.769, 23.783, 23.54, 23.685, 23.912, 23.976, 24.221, 24.29, 24.4, 24.77, 24.948, 25.401, 25.876, 25.73, 25.179, 25.165, 25.122, 25.45, 26.067, 26.25, 27.18, 27.954, 27.085, 26.195, 26.511, 26.769, 26.579, 25.696, 24.731, 24.412, 24.209, 24.163, 23.935, 23.7, 23.979, 24.334, 24.334, 24.277, 24.3, 24.474, 24.481], [13.253, 11.146, 8.017, 6.373, 5.687, 4.221, 2.318, 0.0, 2.1, 4.212, 7.717, 8.981, 9.675, 10.611, 11.04, 11.93, 12.87, 13.152, 13.405, 14.211, 15.04, 15.241, 15.191, 16.353, 18.319, 19.557, 19.886, 19.934, 19.796, 19.866, 20.776, 21.254, 21.345, 21.403, 21.542, 21.682, 21.983, 22.088, 21.878, 22.15, 22.546, 22.783, 22.993, 23.211, 23.365, 23.633, 23.659, 23.408, 23.549, 23.778, 23.84, 24.087, 24.167, 24.297, 24.679, 24.84, 25.287, 25.778, 25.656, 25.132, 25.124, 25.082, 25.415, 26.039, 26.223, 27.156, 27.937, 27.055, 26.154, 26.469, 26.731, 26.534, 25.599, 24.548, 24.191, 23.988, 23.958, 23.741, 23.503, 23.758, 24.108, 24.11, 24.062, 24.095, 24.268, 24.276], [13.17, 11.108, 8.074, 6.564, 6.004, 4.756, 3.55, 2.1, 0.0, 3.189, 7.103, 8.383, 9.072, 10.033, 10.471, 11.367, 12.289, 12.577, 12.797, 13.533, 14.35, 14.558, 14.552, 15.791, 17.763, 19.003, 19.36, 19.422, 19.272, 19.358, 20.337, 20.839, 20.917, 20.982, 21.144, 21.301, 21.627, 21.748, 21.53, 21.817, 22.217, 22.449, 22.673, 22.902, 23.048, 23.315, 23.34, 23.087, 23.231, 23.467, 23.529, 23.779, 23.867, 24.013, 24.408, 24.573, 25.035, 25.527, 25.413, 24.912, 24.913, 24.87, 25.223, 25.871, 26.066, 27.015, 27.819, 26.92, 25.992, 26.311, 26.582, 26.381, 25.412, 24.326, 23.958, 23.768, 23.763, 23.539, 23.279, 23.541, 23.911, 23.91, 23.864, 23.909, 24.087, 24.092], [13.874, 11.993, 9.157, 7.757, 7.127, 6.062, 5.205, 4.212, 3.189, 0.0, 4.473, 6.117, 6.913, 8.144, 8.658, 9.572, 10.454, 10.738, 11.052, 12.011, 13.017, 13.267, 13.147, 14.396, 16.53, 17.89, 18.332, 18.423, 18.364, 18.521, 19.483, 19.993, 20.08, 20.116, 20.268, 20.455, 20.835, 20.974, 20.75, 21.099, 21.548, 21.836, 22.095, 22.348, 22.555, 22.941, 23.011, 22.737, 22.898, 23.148, 23.212, 23.478, 23.576, 23.75, 24.178, 24.343, 24.849, 25.428, 25.38, 24.9, 24.923, 24.889, 25.232, 25.872, 26.063, 27.052, 27.86, 26.886, 25.882, 26.192, 26.501, 26.314, 25.275, 24.061, 23.619, 23.416, 23.422, 23.175, 22.857, 23.07, 23.475, 23.475, 23.422, 23.481, 23.671, 23.674], [15.246, 13.727, 11.408, 10.383, 9.734, 8.857, 8.332, 7.717, 7.103, 4.473, 0.0, 2.492, 4.097, 5.632, 6.23, 7.285, 8.123, 8.351, 8.853, 10.226, 11.534, 11.849, 11.664, 12.934, 15.225, 16.797, 17.359, 17.458, 17.492, 17.721, 18.627, 19.081, 19.234, 19.318, 19.469, 19.66, 20.037, 20.149, 19.944, 20.399, 20.909, 21.267, 21.586, 21.871, 22.139, 22.656, 22.794, 22.506, 22.673, 22.929, 22.994, 23.276, 23.378, 23.565, 24.009, 24.167, 24.705, 25.349, 25.357, 24.898, 24.942, 24.931, 25.258, 25.882, 26.053, 27.055, 27.859, 26.827, 25.764, 26.054, 26.399, 26.241, 25.148, 23.855, 23.342, 23.105, 23.092, 22.81, 22.41, 22.533, 22.992, 23.005, 22.939, 23.011, 23.214, 23.213], [16.001, 14.58, 12.43, 11.554, 10.927, 10.079, 9.558, 8.981, 8.383, 6.117, 2.492, 0.0, 2.849, 4.775, 5.337, 6.5, 7.483, 7.761, 8.307, 9.694, 11.019, 11.357, 11.19, 12.423, 14.719, 16.401, 17.045, 17.162, 17.207, 17.472, 18.409, 18.808, 18.958, 19.083, 19.274, 19.502, 19.917, 20.035, 19.86, 20.346, 20.849, 21.191, 21.508, 21.796, 22.068, 22.605, 22.752, 22.458, 22.614, 22.86, 22.924, 23.205, 23.311, 23.511, 23.961, 24.11, 24.642, 25.277, 25.27, 24.835, 24.926, 24.925, 25.248, 25.883, 26.055, 27.029, 27.842, 26.828, 25.775, 26.066, 26.417, 26.268, 25.153, 23.85, 23.34, 23.124, 23.148, 22.881, 22.448, 22.541, 23.014, 23.023, 22.954, 23.019, 23.206, 23.206], [16.566, 15.185, 13.071, 12.21, 11.635, 10.787, 10.238, 9.675, 9.072, 6.913, 4.097, 2.849, 0.0, 2.733, 3.761, 5.345, 6.506, 6.794, 7.509, 8.985, 10.367, 10.702, 10.502, 11.764, 14.176, 15.941, 16.574, 16.689, 16.769, 17.077, 18.055, 18.469, 18.604, 18.714, 18.94, 19.235, 19.738, 19.908, 19.73, 20.213, 20.719, 21.041, 21.343, 21.646, 21.916, 22.412, 22.56, 22.278, 22.433, 22.682, 22.748, 23.025, 23.138, 23.356, 23.821, 23.985, 24.533, 25.159, 25.128, 24.693, 24.781, 24.772, 25.089, 25.74, 25.907, 26.855, 27.679, 26.667, 25.609, 25.907, 26.263, 26.128, 25.018, 23.746, 23.295, 23.126, 23.195, 22.934, 22.521, 22.69, 23.208, 23.212, 23.155, 23.221, 23.385, 23.39], [16.817, 15.516, 13.546, 12.818, 12.327, 11.542, 11.064, 10.611, 10.033, 8.144, 5.632, 4.775, 2.733, 0.0, 2.019, 4.413, 5.715, 6.0, 6.811, 8.418, 9.843, 10.152, 10.036, 11.476, 13.924, 15.698, 16.321, 16.416, 16.486, 16.816, 17.841, 18.292, 18.434, 18.536, 18.752, 19.037, 19.524, 19.701, 19.516, 19.983, 20.507, 20.858, 21.172, 21.475, 21.752, 22.21, 22.345, 22.108, 22.276, 22.529, 22.593, 22.858, 22.96, 23.175, 23.655, 23.848, 24.403, 25.023, 25.01, 24.59, 24.669, 24.665, 24.988, 25.639, 25.785, 26.712, 27.524, 26.504, 25.44, 25.716, 26.045, 25.902, 24.832, 23.607, 23.173, 22.994, 23.046, 22.775, 22.395, 22.648, 23.206, 23.213, 23.171, 23.244, 23.395, 23.402], [16.936, 15.68, 13.762, 13.071, 12.599, 11.881, 11.477, 11.04, 10.471, 8.658, 6.23, 5.337, 3.761, 2.019, 0.0, 3.011, 4.739, 5.189, 6.023, 7.742, 9.214, 9.549, 9.495, 10.98, 13.395, 15.187, 15.868, 15.977, 16.04, 16.429, 17.532, 17.991, 18.122, 18.237, 18.475, 18.776, 19.28, 19.469, 19.282, 19.747, 20.275, 20.618, 20.933, 21.237, 21.514, 21.993, 22.141, 21.916, 22.112, 22.376, 22.442, 22.706, 22.801, 23.014, 23.5, 23.709, 24.27, 24.883, 24.874, 24.486, 24.589, 24.592, 24.925, 25.571, 25.708, 26.632, 27.447, 26.421, 25.344, 25.6, 25.921, 25.78, 24.719, 23.508, 23.095, 22.934, 22.995, 22.718, 22.33, 22.576, 23.133, 23.146, 23.111, 23.189, 23.341, 23.349], [17.107, 15.983, 14.29, 13.721, 13.272, 12.696, 12.396, 11.93, 11.367, 9.572, 7.285, 6.5, 5.345, 4.413, 3.011, 0.0, 2.574, 3.746, 4.555, 6.484, 8.174, 8.602, 8.658, 10.293, 12.706, 14.516, 15.289, 15.424, 15.543, 16.098, 17.328, 17.787, 17.874, 17.987, 18.235, 18.526, 19.026, 19.215, 19.029, 19.503, 20.04, 20.386, 20.712, 21.023, 21.303, 21.8, 21.969, 21.747, 21.956, 22.252, 22.33, 22.59, 22.689, 22.908, 23.397, 23.622, 24.192, 24.805, 24.823, 24.483, 24.614, 24.618, 24.961, 25.617, 25.754, 26.686, 27.501, 26.45, 25.331, 25.562, 25.879, 25.744, 24.67, 23.447, 23.036, 22.873, 22.949, 22.67, 22.266, 22.5, 23.075, 23.093, 23.058, 23.148, 23.308, 23.313], [17.595, 16.592, 15.026, 14.481, 14.079, 13.6, 13.351, 12.87, 12.289, 10.454, 8.123, 7.483, 6.506, 5.715, 4.739, 2.574, 0.0, 2.022, 3.271, 5.456, 7.44, 7.913, 8.001, 9.821, 12.28, 14.131, 15.025, 15.178, 15.314, 15.846, 16.955, 17.408, 17.504, 17.569, 17.794, 18.064, 18.568, 18.768, 18.591, 19.139, 19.743, 20.15, 20.528, 20.842, 21.156, 21.722, 21.923, 21.695, 21.91, 22.216, 22.297, 22.565, 22.68, 22.925, 23.432, 23.643, 24.218, 24.874, 24.953, 24.648, 24.785, 24.783, 25.128, 25.79, 25.932, 26.876, 27.675, 26.59, 25.426, 25.637, 25.96, 25.827, 24.709, 23.404, 22.932, 22.729, 22.786, 22.505, 22.086, 22.288, 22.893, 22.914, 22.875, 22.977, 23.153, 23.153], [17.85, 16.87, 15.282, 14.691, 14.304, 13.848, 13.614, 13.152, 12.577, 10.738, 8.351, 7.761, 6.794, 6.0, 5.189, 3.746, 2.022, 0.0, 2.271, 4.949, 7.042, 7.535, 7.59, 9.473, 12.07, 14.011, 14.938, 15.082, 15.197, 15.655, 16.662, 17.107, 17.225, 17.286, 17.523, 17.802, 18.322, 18.532, 18.357, 18.959, 19.628, 20.097, 20.515, 20.835, 21.162, 21.743, 21.945, 21.704, 21.925, 22.23, 22.309, 22.6, 22.719, 22.968, 23.487, 23.7, 24.289, 24.971, 25.056, 24.733, 24.859, 24.851, 25.196, 25.861, 26.01, 26.971, 27.765, 26.659, 25.48, 25.699, 26.038, 25.906, 24.771, 23.436, 22.923, 22.671, 22.682, 22.385, 21.962, 22.161, 22.782, 22.804, 22.761, 22.864, 23.049, 23.043], [18.047, 17.09, 15.532, 14.954, 14.581, 14.12, 13.88, 13.405, 12.797, 11.052, 8.853, 8.307, 7.509, 6.811, 6.023, 4.555, 3.271, 2.271, 0.0, 3.323, 5.884, 6.533, 6.799, 8.956, 11.666, 13.648, 14.641, 14.811, 14.903, 15.422, 16.525, 17.011, 17.115, 17.171, 17.448, 17.764, 18.302, 18.514, 18.352, 18.948, 19.604, 20.071, 20.491, 20.806, 21.116, 21.666, 21.827, 21.578, 21.807, 22.119, 22.199, 22.491, 22.613, 22.87, 23.405, 23.629, 24.224, 24.906, 24.997, 24.692, 24.817, 24.799, 25.159, 25.836, 25.99, 26.937, 27.729, 26.629, 25.444, 25.661, 25.994, 25.862, 24.734, 23.415, 22.905, 22.657, 22.684, 22.38, 21.967, 22.209, 22.837, 22.861, 22.83, 22.934, 23.114, 23.106], [18.699, 17.777, 16.297, 15.755, 15.418, 14.964, 14.722, 14.211, 13.533, 12.011, 10.226, 9.694, 8.985, 8.418, 7.742, 6.484, 5.456, 4.949, 3.323, 0.0, 3.164, 4.133, 5.065, 8.114, 11.045, 13.049, 14.236, 14.483, 14.506, 15.065, 16.249, 16.782, 16.866, 16.925, 17.298, 17.664, 18.231, 18.47, 18.347, 18.935, 19.581, 20.05, 20.461, 20.758, 21.051, 21.569, 21.691, 21.443, 21.681, 21.994, 22.068, 22.354, 22.49, 22.782, 23.34, 23.549, 24.105, 24.755, 24.847, 24.57, 24.708, 24.673, 25.053, 25.762, 25.928, 26.837, 27.642, 26.574, 25.399, 25.612, 25.921, 25.791, 24.658, 23.313, 22.811, 22.59, 22.655, 22.369, 21.968, 22.269, 22.911, 22.929, 22.922, 23.028, 23.199, 23.195], [19.358, 18.441, 17.03, 16.519, 16.219, 15.793, 15.555, 15.04, 14.35, 13.017, 11.534, 11.019, 10.367, 9.843, 9.214, 8.174, 7.44, 7.042, 5.884, 3.164, 0.0, 1.493, 3.777, 7.581, 10.68, 12.697, 13.997, 14.303, 14.279, 14.878, 16.15, 16.729, 16.808, 16.889, 17.354, 17.738, 18.302, 18.565, 18.487, 19.073, 19.725, 20.206, 20.609, 20.887, 21.172, 21.664, 21.757, 21.521, 21.768, 22.077, 22.143, 22.425, 22.564, 22.878, 23.443, 23.633, 24.152, 24.768, 24.842, 24.572, 24.708, 24.663, 25.052, 25.769, 25.931, 26.798, 27.611, 26.581, 25.441, 25.656, 25.949, 25.823, 24.705, 23.35, 22.859, 22.659, 22.733, 22.464, 22.073, 22.418, 23.076, 23.094, 23.097, 23.196, 23.362, 23.364], [19.573, 18.632, 17.228, 16.731, 16.439, 16.004, 15.753, 15.241, 14.558, 13.267, 11.849, 11.357, 10.702, 10.152, 9.549, 8.602, 7.913, 7.535, 6.533, 4.133, 1.493, 0.0, 3.194, 7.274, 10.455, 12.559, 13.918, 14.245, 14.227, 14.833, 16.119, 16.723, 16.784, 16.85, 17.338, 17.736, 18.32, 18.602, 18.53, 19.119, 19.777, 20.255, 20.642, 20.911, 21.199, 21.69, 21.783, 21.549, 21.796, 22.105, 22.169, 22.451, 22.589, 22.905, 23.468, 23.653, 24.165, 24.781, 24.852, 24.573, 24.704, 24.653, 25.035, 25.75, 25.908, 26.761, 27.586, 26.567, 25.433, 25.649, 25.937, 25.816, 24.712, 23.365, 22.896, 22.718, 22.803, 22.546, 22.167, 22.54, 23.205, 23.224, 23.224, 23.303, 23.462, 23.467], [19.771, 18.723, 17.181, 16.655, 16.343, 15.906, 15.689, 15.191, 14.552, 13.147, 11.664, 11.19, 10.502, 10.036, 9.495, 8.658, 8.001, 7.59, 6.799, 5.065, 3.777, 3.194, 0.0, 4.914, 9.257, 11.888, 13.316, 13.662, 13.781, 14.444, 15.693, 16.343, 16.384, 16.414, 16.919, 17.411, 18.129, 18.435, 18.333, 18.97, 19.69, 20.194, 20.548, 20.815, 21.135, 21.674, 21.774, 21.491, 21.736, 22.055, 22.123, 22.426, 22.575, 22.892, 23.46, 23.655, 24.227, 24.941, 25.01, 24.654, 24.768, 24.71, 25.072, 25.781, 25.932, 26.813, 27.656, 26.591, 25.406, 25.635, 25.963, 25.873, 24.77, 23.405, 22.957, 22.828, 22.95, 22.699, 22.304, 22.649, 23.291, 23.302, 23.276, 23.336, 23.506, 23.512], [20.916, 19.872, 18.283, 17.728, 17.439, 17.082, 16.876, 16.353, 15.791, 14.396, 12.934, 12.423, 11.764, 11.476, 10.98, 10.293, 9.821, 9.473, 8.956, 8.114, 7.581, 7.274, 4.914, 0.0, 6.133, 10.172, 11.872, 12.19, 12.585, 13.483, 14.722, 15.411, 15.477, 15.546, 16.139, 16.814, 17.781, 18.18, 18.145, 18.926, 19.757, 20.255, 20.534, 20.786, 21.163, 21.781, 21.912, 21.6, 21.836, 22.151, 22.221, 22.535, 22.7, 23.02, 23.568, 23.717, 24.295, 25.149, 25.287, 24.931, 25.034, 24.982, 25.304, 25.948, 26.066, 26.912, 27.734, 26.663, 25.475, 25.675, 26.031, 25.99, 24.851, 23.472, 23.117, 23.131, 23.361, 23.162, 22.76, 23.011, 23.576, 23.577, 23.543, 23.578, 23.717, 23.726], [22.32, 21.434, 20.016, 19.54, 19.333, 19.124, 18.926, 18.319, 17.763, 16.53, 15.225, 14.719, 14.176, 13.924, 13.395, 12.706, 12.28, 12.07, 11.666, 11.045, 10.68, 10.455, 9.257, 6.133, 0.0, 6.028, 8.981, 9.366, 9.909, 11.191, 12.556, 13.293, 13.376, 13.474, 14.181, 14.975, 16.112, 16.696, 16.945, 17.986, 19.03, 19.614, 19.882, 20.067, 20.513, 21.249, 21.404, 21.13, 21.374, 21.68, 21.741, 22.018, 22.194, 22.585, 23.168, 23.259, 23.772, 24.787, 25.281, 25.261, 25.451, 25.426, 25.751, 26.307, 26.371, 27.145, 27.901, 26.865, 25.678, 25.701, 25.938, 25.861, 24.65, 23.147, 22.76, 22.872, 23.167, 23.028, 22.654, 22.889, 23.45, 23.472, 23.466, 23.455, 23.516, 23.543], [23.137, 22.319, 20.986, 20.577, 20.442, 20.305, 20.145, 19.557, 19.003, 17.89, 16.797, 16.401, 15.941, 15.698, 15.187, 14.516, 14.131, 14.011, 13.648, 13.049, 12.697, 12.559, 11.888, 10.172, 6.028, 0.0, 4.438, 5.6, 6.449, 8.523, 10.331, 11.493, 11.74, 11.892, 12.785, 13.602, 14.661, 15.375, 15.82, 17.015, 18.238, 19.032, 19.466, 19.588, 19.937, 20.615, 20.712, 20.454, 20.743, 21.059, 21.095, 21.327, 21.492, 21.935, 22.593, 22.729, 23.273, 24.29, 24.999, 25.374, 25.771, 25.759, 26.125, 26.637, 26.675, 27.418, 28.134, 27.118, 25.931, 25.835, 25.912, 25.736, 24.523, 22.887, 22.321, 22.396, 22.681, 22.575, 22.241, 22.578, 23.243, 23.29, 23.296, 23.27, 23.316, 23.366], [23.243, 22.442, 21.139, 20.754, 20.63, 20.511, 20.403, 19.886, 19.36, 18.332, 17.359, 17.045, 16.574, 16.321, 15.868, 15.289, 15.025, 14.938, 14.641, 14.236, 13.997, 13.918, 13.316, 11.872, 8.981, 4.438, 0.0, 2.394, 4.681, 7.683, 9.877, 11.291, 11.71, 12.033, 13.033, 13.853, 14.781, 15.459, 15.934, 17.096, 18.282, 19.087, 19.564, 19.702, 20.009, 20.613, 20.691, 20.432, 20.721, 21.041, 21.07, 21.295, 21.453, 21.869, 22.545, 22.748, 23.344, 24.305, 24.954, 25.349, 25.798, 25.811, 26.145, 26.6, 26.63, 27.362, 28.071, 27.095, 25.947, 25.859, 25.931, 25.741, 24.571, 23.035, 22.477, 22.5, 22.763, 22.648, 22.341, 22.702, 23.366, 23.416, 23.427, 23.425, 23.507, 23.565], [23.104, 22.337, 21.076, 20.72, 20.595, 20.506, 20.437, 19.934, 19.422, 18.423, 17.458, 17.162, 16.689, 16.416, 15.977, 15.424, 15.178, 15.082, 14.811, 14.483, 14.303, 14.245, 13.662, 12.19, 9.366, 5.6, 2.394, 0.0, 3.562, 7.138, 9.505, 11.021, 11.55, 11.876, 12.818, 13.63, 14.533, 15.174, 15.63, 16.788, 17.998, 18.824, 19.3, 19.456, 19.768, 20.365, 20.461, 20.215, 20.494, 20.815, 20.845, 21.074, 21.237, 21.651, 22.339, 22.579, 23.202, 24.183, 24.852, 25.215, 25.657, 25.705, 26.051, 26.5, 26.531, 27.274, 27.98, 27.013, 25.875, 25.78, 25.861, 25.67, 24.51, 23.011, 22.451, 22.446, 22.681, 22.544, 22.234, 22.596, 23.251, 23.297, 23.324, 23.346, 23.444, 23.504], [22.805, 22.051, 20.805, 20.491, 20.384, 20.298, 20.271, 19.796, 19.272, 18.364, 17.492, 17.207, 16.769, 16.486, 16.04, 15.543, 15.314, 15.197, 14.903, 14.506, 14.279, 14.227, 13.781, 12.585, 9.909, 6.449, 4.681, 3.562, 0.0, 4.296, 7.348, 9.353, 10.099, 10.529, 11.679, 12.576, 13.499, 14.19, 14.615, 15.847, 17.187, 18.093, 18.643, 18.787, 19.032, 19.538, 19.593, 19.347, 19.61, 19.917, 19.938, 20.174, 20.351, 20.804, 21.539, 21.829, 22.464, 23.446, 24.201, 24.709, 25.209, 25.274, 25.756, 26.317, 26.366, 27.124, 27.832, 26.84, 25.662, 25.518, 25.532, 25.303, 24.134, 22.584, 21.965, 21.947, 22.173, 22.018, 21.724, 22.23, 22.982, 23.025, 23.054, 23.075, 23.167, 23.228], [22.614, 21.945, 20.746, 20.442, 20.358, 20.304, 20.314, 19.866, 19.358, 18.521, 17.721, 17.472, 17.077, 16.816, 16.429, 16.098, 15.846, 15.655, 15.422, 15.065, 14.878, 14.833, 14.444, 13.483, 11.191, 8.523, 7.683, 7.138, 4.296, 0.0, 4.172, 7.204, 8.441, 8.988, 10.231, 11.119, 12.047, 12.802, 13.246, 14.716, 16.309, 17.379, 18.062, 18.201, 18.449, 18.978, 19.045, 18.784, 19.01, 19.263, 19.257, 19.525, 19.742, 20.284, 21.082, 21.355, 21.957, 22.943, 23.781, 24.418, 24.985, 25.053, 25.648, 26.334, 26.42, 27.218, 27.91, 26.866, 25.651, 25.504, 25.481, 25.206, 23.976, 22.296, 21.529, 21.415, 21.573, 21.408, 21.112, 21.686, 22.517, 22.57, 22.585, 22.613, 22.717, 22.769], [23.306, 22.765, 21.629, 21.305, 21.232, 21.212, 21.221, 20.776, 20.337, 19.483, 18.627, 18.409, 18.055, 17.841, 17.532, 17.328, 16.955, 16.662, 16.525, 16.249, 16.15, 16.119, 15.693, 14.722, 12.556, 10.331, 9.877, 9.505, 7.348, 4.172, 0.0, 4.544, 6.871, 7.581, 8.827, 9.802, 10.838, 11.665, 12.197, 14.011, 15.944, 17.243, 18.037, 18.154, 18.449, 19.107, 19.272, 19.013, 19.211, 19.397, 19.356, 19.637, 19.871, 20.471, 21.288, 21.491, 22.064, 23.113, 24.023, 24.719, 25.324, 25.401, 26.018, 26.73, 26.817, 27.605, 28.243, 27.167, 25.944, 25.78, 25.735, 25.46, 24.21, 22.419, 21.516, 21.32, 21.399, 21.248, 20.959, 21.504, 22.367, 22.445, 22.443, 22.458, 22.558, 22.598], [23.71, 23.209, 22.131, 21.824, 21.74, 21.713, 21.703, 21.254, 20.839, 19.993, 19.081, 18.808, 18.469, 18.292, 17.991, 17.787, 17.408, 17.107, 17.011, 16.782, 16.729, 16.723, 16.343, 15.411, 13.293, 11.493, 11.291, 11.021, 9.353, 7.204, 4.544, 0.0, 3.782, 5.567, 7.253, 8.629, 9.972, 10.872, 11.717, 13.755, 15.77, 17.155, 17.974, 18.079, 18.423, 19.17, 19.386, 19.128, 19.305, 19.461, 19.416, 19.686, 19.912, 20.518, 21.324, 21.524, 22.115, 23.184, 24.085, 24.749, 25.348, 25.429, 26.041, 26.755, 26.811, 27.566, 28.228, 27.188, 25.995, 25.825, 25.778, 25.542, 24.341, 22.608, 21.713, 21.497, 21.55, 21.421, 21.127, 21.623, 22.479, 22.575, 22.565, 22.541, 22.588, 22.613], [23.926, 23.345, 22.246, 21.943, 21.855, 21.81, 21.786, 21.345, 20.917, 20.08, 19.234, 18.958, 18.604, 18.434, 18.122, 17.874, 17.504, 17.225, 17.115, 16.866, 16.808, 16.784, 16.384, 15.477, 13.376, 11.74, 11.71, 11.55, 10.099, 8.441, 6.871, 3.782, 0.0, 3.435, 6.314, 8.065, 9.713, 10.813, 11.84, 13.842, 15.747, 17.056, 17.802, 17.893, 18.245, 18.978, 19.151, 18.873, 19.05, 19.22, 19.189, 19.453, 19.677, 20.277, 21.094, 21.348, 22.006, 23.159, 24.1, 24.733, 25.287, 25.344, 25.946, 26.662, 26.717, 27.48, 28.187, 27.17, 25.984, 25.812, 25.759, 25.548, 24.401, 22.753, 21.96, 21.809, 21.92, 21.809, 21.524, 22.031, 22.847, 22.939, 22.926, 22.865, 22.879, 22.909], [24.107, 23.505, 22.352, 21.991, 21.898, 21.867, 21.841, 21.403, 20.982, 20.116, 19.318, 19.083, 18.714, 18.536, 18.237, 17.987, 17.569, 17.286, 17.171, 16.925, 16.889, 16.85, 16.414, 15.546, 13.474, 11.892, 12.033, 11.876, 10.529, 8.988, 7.581, 5.567, 3.435, 0.0, 3.958, 6.356, 8.505, 9.853, 10.769, 12.823, 14.817, 16.167, 16.913, 16.982, 17.397, 18.252, 18.455, 18.171, 18.354, 18.518, 18.481, 18.751, 19.008, 19.669, 20.542, 20.843, 21.592, 22.902, 23.987, 24.69, 25.287, 25.344, 25.97, 26.704, 26.787, 27.623, 28.364, 27.331, 26.11, 25.931, 25.859, 25.613, 24.451, 22.772, 21.984, 21.887, 22.068, 21.974, 21.66, 22.151, 22.95, 23.036, 23.037, 22.987, 22.997, 23.021], [23.978, 23.47, 22.4, 22.044, 21.95, 21.967, 21.973, 21.542, 21.144, 20.268, 19.469, 19.274, 18.94, 18.752, 18.475, 18.235, 17.794, 17.523, 17.448, 17.298, 17.354, 17.338, 16.919, 16.139, 14.181, 12.785, 13.033, 12.818, 11.679, 10.231, 8.827, 7.253, 6.314, 3.958, 0.0, 3.259, 6.395, 8.006, 8.841, 11.16, 13.462, 15.057, 15.899, 15.961, 16.488, 17.633, 18.026, 17.789, 17.983, 18.125, 18.077, 18.367, 18.635, 19.307, 20.156, 20.418, 21.195, 22.603, 23.805, 24.534, 25.187, 25.3, 25.939, 26.683, 26.775, 27.672, 28.393, 27.338, 26.144, 25.995, 25.955, 25.691, 24.531, 22.816, 21.904, 21.711, 21.855, 21.752, 21.4, 21.759, 22.477, 22.573, 22.582, 22.554, 22.575, 22.583], [23.597, 23.236, 22.343, 22.072, 21.994, 22.063, 22.11, 21.682, 21.301, 20.455, 19.66, 19.502, 19.235, 19.037, 18.776, 18.526, 18.064, 17.802, 17.764, 17.664, 17.738, 17.736, 17.411, 16.814, 14.975, 13.602, 13.853, 13.63, 12.576, 11.119, 9.802, 8.629, 8.065, 6.356, 3.259, 0.0, 3.842, 5.853, 7.137, 9.913, 12.506, 14.383, 15.367, 15.424, 16.072, 17.47, 17.995, 17.787, 17.981, 18.12, 18.053, 18.343, 18.619, 19.314, 20.136, 20.271, 20.959, 22.381, 23.683, 24.447, 25.126, 25.273, 25.91, 26.661, 26.768, 27.706, 28.394, 27.297, 26.119, 26.012, 26.017, 25.743, 24.542, 22.693, 21.568, 21.204, 21.244, 21.119, 20.734, 20.981, 21.647, 21.757, 21.771, 21.759, 21.807, 21.813], [23.271, 23.067, 22.368, 22.236, 22.177, 22.295, 22.396, 21.983, 21.627, 20.835, 20.037, 19.917, 19.738, 19.524, 19.28, 19.026, 18.568, 18.322, 18.302, 18.231, 18.302, 18.32, 18.129, 17.781, 16.112, 14.661, 14.781, 14.533, 13.499, 12.047, 10.838, 9.972, 9.713, 8.505, 6.395, 3.842, 0.0, 2.717, 5.399, 8.773, 11.63, 13.868, 15.098, 15.15, 15.877, 17.423, 17.988, 17.8, 17.984, 18.127, 18.038, 18.309, 18.59, 19.335, 20.184, 20.24, 20.868, 22.301, 23.723, 24.55, 25.253, 25.425, 26.061, 26.806, 26.932, 27.923, 28.585, 27.435, 26.234, 26.138, 26.167, 25.855, 24.591, 22.562, 21.166, 20.569, 20.413, 20.252, 19.827, 19.997, 20.691, 20.817, 20.841, 20.894, 21.005, 21.012], [23.077, 22.905, 22.297, 22.248, 22.192, 22.319, 22.466, 22.088, 21.748, 20.974, 20.149, 20.035, 19.908, 19.701, 19.469, 19.215, 18.768, 18.532, 18.514, 18.47, 18.565, 18.602, 18.435, 18.18, 16.696, 15.375, 15.459, 15.174, 14.19, 12.802, 11.665, 10.872, 10.813, 9.853, 8.006, 5.853, 2.717, 0.0, 4.247, 8.152, 11.123, 13.545, 14.923, 14.996, 15.741, 17.308, 17.873, 17.699, 17.886, 18.04, 17.948, 18.207, 18.488, 19.249, 20.119, 20.182, 20.823, 22.252, 23.683, 24.497, 25.206, 25.393, 26.017, 26.761, 26.905, 27.933, 28.58, 27.406, 26.195, 26.114, 26.167, 25.859, 24.607, 22.582, 21.098, 20.36, 20.083, 19.887, 19.417, 19.524, 20.228, 20.357, 20.384, 20.483, 20.636, 20.64], [22.837, 22.636, 21.973, 21.881, 21.827, 21.977, 22.192, 21.878, 21.53, 20.75, 19.944, 19.86, 19.73, 19.516, 19.282, 19.029, 18.591, 18.357, 18.352, 18.347, 18.487, 18.53, 18.333, 18.145, 16.945, 15.82, 15.934, 15.63, 14.615, 13.246, 12.197, 11.717, 11.84, 10.769, 8.841, 7.137, 5.399, 4.247, 0.0, 4.81, 8.605, 11.423, 13.019, 13.128, 13.706, 15.182, 15.871, 15.75, 15.958, 16.117, 16.028, 16.307, 16.57, 17.307, 18.182, 18.337, 19.122, 20.624, 22.112, 22.962, 23.723, 23.946, 24.629, 25.43, 25.621, 26.755, 27.443, 26.247, 25.014, 24.924, 24.984, 24.706, 23.551, 21.743, 20.418, 19.766, 19.654, 19.469, 19.027, 19.363, 20.21, 20.328, 20.331, 20.416, 20.562, 20.554], [22.873, 22.696, 22.086, 21.966, 21.91, 22.117, 22.405, 22.15, 21.817, 21.099, 20.399, 20.346, 20.213, 19.983, 19.747, 19.503, 19.139, 18.959, 18.948, 18.935, 19.073, 19.119, 18.97, 18.926, 17.986, 17.015, 17.096, 16.788, 15.847, 14.716, 14.011, 13.755, 13.842, 12.823, 11.16, 9.913, 8.773, 8.152, 4.81, 0.0, 4.603, 8.196, 10.223, 10.368, 10.771, 12.28, 13.143, 13.108, 13.321, 13.471, 13.39, 13.671, 13.879, 14.564, 15.444, 15.737, 16.715, 18.316, 19.947, 20.892, 21.744, 22.017, 22.74, 23.569, 23.804, 25.031, 25.745, 24.562, 23.32, 23.193, 23.272, 23.013, 22.005, 20.637, 19.744, 19.417, 19.601, 19.46, 19.09, 19.627, 20.548, 20.658, 20.703, 20.805, 20.921, 20.92], [23.134, 22.971, 22.428, 22.295, 22.214, 22.424, 22.752, 22.546, 22.217, 21.548, 20.909, 20.849, 20.719, 20.507, 20.275, 20.04, 19.743, 19.628, 19.604, 19.581, 19.725, 19.777, 19.69, 19.757, 19.03, 18.238, 18.282, 17.998, 17.187, 16.309, 15.944, 15.77, 15.747, 14.817, 13.462, 12.506, 11.63, 11.123, 8.605, 4.603, 0.0, 4.506, 7.258, 7.496, 7.921, 10.002, 11.09, 11.044, 11.225, 11.38, 11.322, 11.552, 11.741, 12.439, 13.317, 13.623, 14.711, 16.358, 18.129, 19.241, 20.225, 20.531, 21.234, 22.055, 22.347, 23.641, 24.405, 23.281, 22.042, 21.895, 22.018, 21.748, 20.748, 19.774, 19.429, 19.537, 20.023, 19.918, 19.556, 20.027, 20.852, 20.95, 21.054, 21.192, 21.278, 21.29], [23.448, 23.283, 22.752, 22.591, 22.478, 22.648, 22.972, 22.783, 22.449, 21.836, 21.267, 21.191, 21.041, 20.858, 20.618, 20.386, 20.15, 20.097, 20.071, 20.05, 20.206, 20.255, 20.194, 20.255, 19.614, 19.032, 19.087, 18.824, 18.093, 17.379, 17.243, 17.155, 17.056, 16.167, 15.057, 14.383, 13.868, 13.545, 11.423, 8.196, 4.506, 0.0, 3.36, 3.913, 4.722, 7.836, 9.316, 9.236, 9.368, 9.53, 9.536, 9.765, 9.967, 10.635, 11.382, 11.616, 12.784, 14.46, 16.305, 17.566, 18.672, 18.987, 19.696, 20.556, 20.908, 22.267, 23.132, 22.09, 20.841, 20.681, 20.83, 20.561, 19.516, 18.804, 18.999, 19.635, 20.503, 20.44, 20.078, 20.544, 21.275, 21.348, 21.469, 21.586, 21.612, 21.617], [23.815, 23.62, 23.079, 22.909, 22.777, 22.91, 23.194, 22.993, 22.673, 22.095, 21.586, 21.508, 21.343, 21.172, 20.933, 20.712, 20.528, 20.515, 20.491, 20.461, 20.609, 20.642, 20.548, 20.534, 19.882, 19.466, 19.564, 19.3, 18.643, 18.062, 18.037, 17.974, 17.802, 16.913, 15.899, 15.367, 15.098, 14.923, 13.019, 10.223, 7.258, 3.36, 0.0, 1.417, 3.581, 7.307, 8.953, 8.86, 8.971, 9.12, 9.178, 9.456, 9.7, 10.293, 10.853, 10.986, 12.115, 13.86, 15.769, 17.005, 18.093, 18.396, 19.082, 19.948, 20.32, 21.683, 22.586, 21.593, 20.336, 20.152, 20.329, 20.103, 19.057, 18.433, 18.863, 19.805, 20.949, 20.943, 20.593, 21.072, 21.719, 21.774, 21.889, 21.963, 21.94, 21.937], [24.062, 23.859, 23.318, 23.153, 23.027, 23.152, 23.415, 23.211, 22.902, 22.348, 21.871, 21.796, 21.646, 21.475, 21.237, 21.023, 20.842, 20.835, 20.806, 20.758, 20.887, 20.911, 20.815, 20.786, 20.067, 19.588, 19.702, 19.456, 18.787, 18.201, 18.154, 18.079, 17.893, 16.982, 15.961, 15.424, 15.15, 14.996, 13.128, 10.368, 7.496, 3.913, 1.417, 0.0, 3.231, 7.254, 8.915, 8.815, 8.919, 9.038, 9.087, 9.367, 9.632, 10.264, 10.825, 10.881, 11.937, 13.739, 15.773, 17.093, 18.192, 18.483, 19.168, 20.023, 20.388, 21.73, 22.621, 21.637, 20.369, 20.141, 20.283, 20.049, 19.0, 18.342, 18.749, 19.712, 20.9, 20.94, 20.627, 21.121, 21.757, 21.813, 21.927, 21.98, 21.936, 21.93], [24.208, 24.001, 23.436, 23.229, 23.111, 23.256, 23.542, 23.365, 23.048, 22.555, 22.139, 22.068, 21.916, 21.752, 21.514, 21.303, 21.156, 21.162, 21.116, 21.051, 21.172, 21.199, 21.135, 21.163, 20.513, 19.937, 20.009, 19.768, 19.032, 18.449, 18.449, 18.423, 18.245, 17.397, 16.488, 16.072, 15.877, 15.741, 13.706, 10.771, 7.921, 4.722, 3.581, 3.231, 0.0, 4.642, 6.802, 6.755, 6.934, 7.101, 7.192, 7.545, 7.774, 8.29, 8.85, 9.208, 10.63, 12.496, 14.651, 16.139, 17.3, 17.587, 18.351, 19.249, 19.613, 21.008, 21.982, 21.036, 19.746, 19.465, 19.567, 19.335, 18.421, 18.054, 18.657, 19.704, 20.957, 21.005, 20.813, 21.487, 22.176, 22.226, 22.311, 22.334, 22.29, 22.278], [24.448, 24.19, 23.611, 23.387, 23.291, 23.457, 23.769, 23.633, 23.315, 22.941, 22.656, 22.605, 22.412, 22.21, 21.993, 21.8, 21.722, 21.743, 21.666, 21.569, 21.664, 21.69, 21.674, 21.781, 21.249, 20.615, 20.613, 20.365, 19.538, 18.978, 19.107, 19.17, 18.978, 18.252, 17.633, 17.47, 17.423, 17.308, 15.182, 12.28, 10.002, 7.836, 7.307, 7.254, 4.642, 0.0, 3.003, 3.636, 4.016, 4.402, 4.622, 5.037, 5.206, 5.546, 6.284, 7.573, 9.567, 11.317, 13.358, 14.853, 15.966, 16.22, 17.132, 18.118, 18.475, 19.918, 21.011, 20.095, 18.755, 18.398, 18.368, 18.104, 17.476, 17.671, 18.592, 19.716, 21.049, 21.096, 21.061, 22.174, 23.05, 23.078, 23.132, 23.112, 23.053, 23.051], [24.519, 24.183, 23.591, 23.384, 23.296, 23.467, 23.783, 23.659, 23.34, 23.011, 22.794, 22.752, 22.56, 22.345, 22.141, 21.969, 21.923, 21.945, 21.827, 21.691, 21.757, 21.783, 21.774, 21.912, 21.404, 20.712, 20.691, 20.461, 19.593, 19.045, 19.272, 19.386, 19.151, 18.455, 18.026, 17.995, 17.988, 17.873, 15.871, 13.143, 11.09, 9.316, 8.953, 8.915, 6.802, 3.003, 0.0, 1.826, 2.716, 3.422, 3.741, 4.013, 4.168, 4.772, 6.035, 7.729, 9.808, 11.46, 13.363, 14.805, 15.856, 16.057, 16.996, 18.006, 18.363, 19.794, 20.935, 20.006, 18.611, 18.223, 18.104, 17.783, 17.188, 17.485, 18.503, 19.654, 21.001, 21.048, 21.04, 22.346, 23.33, 23.354, 23.414, 23.397, 23.335, 23.358], [24.378, 24.015, 23.386, 23.156, 23.052, 23.221, 23.54, 23.408, 23.087, 22.737, 22.506, 22.458, 22.278, 22.108, 21.916, 21.747, 21.695, 21.704, 21.578, 21.443, 21.521, 21.549, 21.491, 21.6, 21.13, 20.454, 20.432, 20.215, 19.347, 18.784, 19.013, 19.128, 18.873, 18.171, 17.789, 17.787, 17.8, 17.699, 15.75, 13.108, 11.044, 9.236, 8.86, 8.815, 6.755, 3.636, 1.826, 0.0, 1.58, 2.666, 3.065, 3.457, 3.708, 4.471, 5.898, 7.6, 9.766, 11.526, 13.457, 14.922, 15.993, 16.166, 17.115, 18.156, 18.537, 19.986, 21.145, 20.188, 18.742, 18.378, 18.276, 17.939, 17.258, 17.429, 18.456, 19.653, 21.015, 21.059, 21.028, 22.286, 23.277, 23.319, 23.372, 23.358, 23.312, 23.336], [24.512, 24.154, 23.544, 23.329, 23.22, 23.378, 23.685, 23.549, 23.231, 22.898, 22.673, 22.614, 22.433, 22.276, 22.112, 21.956, 21.91, 21.925, 21.807, 21.681, 21.768, 21.796, 21.736, 21.836, 21.374, 20.743, 20.721, 20.494, 19.61, 19.01, 19.211, 19.305, 19.05, 18.354, 17.983, 17.981, 17.984, 17.886, 15.958, 13.321, 11.225, 9.368, 8.971, 8.919, 6.934, 4.016, 2.716, 1.58, 0.0, 1.503, 2.097, 2.5, 2.972, 4.014, 5.518, 7.278, 9.505, 11.33, 13.343, 14.864, 15.957, 16.142, 17.117, 18.204, 18.615, 20.052, 21.214, 20.276, 18.836, 18.478, 18.381, 18.031, 17.319, 17.488, 18.533, 19.756, 21.136, 21.184, 21.157, 22.436, 23.445, 23.495, 23.546, 23.522, 23.473, 23.5], [24.755, 24.402, 23.799, 23.587, 23.484, 23.626, 23.912, 23.778, 23.467, 23.148, 22.929, 22.86, 22.682, 22.529, 22.376, 22.252, 22.216, 22.23, 22.119, 21.994, 22.077, 22.105, 22.055, 22.151, 21.68, 21.059, 21.041, 20.815, 19.917, 19.263, 19.397, 19.461, 19.22, 18.518, 18.125, 18.12, 18.127, 18.04, 16.117, 13.471, 11.38, 9.53, 9.12, 9.038, 7.101, 4.402, 3.422, 2.666, 1.503, 0.0, 0.919, 1.686, 2.309, 3.635, 5.257, 7.067, 9.33, 11.216, 13.307, 14.879, 15.999, 16.196, 17.172, 18.266, 18.692, 20.114, 21.252, 20.328, 18.905, 18.544, 18.461, 18.118, 17.4, 17.573, 18.627, 19.871, 21.258, 21.313, 21.285, 22.569, 23.584, 23.64, 23.701, 23.684, 23.632, 23.66], [24.821, 24.467, 23.867, 23.659, 23.559, 23.697, 23.976, 23.84, 23.529, 23.212, 22.994, 22.924, 22.748, 22.593, 22.442, 22.33, 22.297, 22.309, 22.199, 22.068, 22.143, 22.169, 22.123, 22.221, 21.741, 21.095, 21.07, 20.845, 19.938, 19.257, 19.356, 19.416, 19.189, 18.481, 18.077, 18.053, 18.038, 17.948, 16.028, 13.39, 11.322, 9.536, 9.178, 9.087, 7.192, 4.622, 3.741, 3.065, 2.097, 0.919, 0.0, 1.353, 2.197, 3.77, 5.434, 7.115, 9.33, 11.234, 13.367, 14.987, 16.121, 16.313, 17.28, 18.361, 18.79, 20.202, 21.313, 20.383, 18.968, 18.619, 18.543, 18.201, 17.47, 17.583, 18.594, 19.828, 21.214, 21.273, 21.239, 22.528, 23.546, 23.604, 23.669, 23.657, 23.612, 23.638], [25.046, 24.678, 24.098, 23.912, 23.813, 23.948, 24.221, 24.087, 23.779, 23.478, 23.276, 23.205, 23.025, 22.858, 22.706, 22.59, 22.565, 22.6, 22.491, 22.354, 22.425, 22.451, 22.426, 22.535, 22.018, 21.327, 21.295, 21.074, 20.174, 19.525, 19.637, 19.686, 19.453, 18.751, 18.367, 18.343, 18.309, 18.207, 16.307, 13.671, 11.552, 9.765, 9.456, 9.367, 7.545, 5.037, 4.013, 3.457, 2.5, 1.686, 1.353, 0.0, 1.481, 3.597, 5.366, 7.042, 9.223, 11.092, 13.292, 15.01, 16.176, 16.369, 17.317, 18.373, 18.804, 20.192, 21.297, 20.393, 19.0, 18.635, 18.529, 18.18, 17.457, 17.59, 18.621, 19.883, 21.3, 21.377, 21.351, 22.657, 23.686, 23.745, 23.821, 23.802, 23.741, 23.789], [25.07, 24.708, 24.135, 23.952, 23.859, 24.006, 24.29, 24.167, 23.867, 23.576, 23.378, 23.311, 23.138, 22.96, 22.801, 22.689, 22.68, 22.719, 22.613, 22.49, 22.564, 22.589, 22.575, 22.7, 22.194, 21.492, 21.453, 21.237, 20.351, 19.742, 19.871, 19.912, 19.677, 19.008, 18.635, 18.619, 18.59, 18.488, 16.57, 13.879, 11.741, 9.967, 9.7, 9.632, 7.774, 5.206, 4.168, 3.708, 2.972, 2.309, 2.197, 1.481, 0.0, 2.466, 4.601, 6.707, 9.058, 10.903, 13.087, 14.796, 15.942, 16.135, 17.086, 18.13, 18.548, 19.951, 21.066, 20.171, 18.79, 18.398, 18.27, 17.919, 17.276, 17.559, 18.678, 19.962, 21.359, 21.425, 21.422, 22.733, 23.763, 23.828, 23.907, 23.891, 23.826, 23.88], [25.175, 24.822, 24.242, 24.027, 23.934, 24.097, 24.4, 24.297, 24.013, 23.75, 23.565, 23.511, 23.356, 23.175, 23.014, 22.908, 22.925, 22.968, 22.87, 22.782, 22.878, 22.905, 22.892, 23.02, 22.585, 21.935, 21.869, 21.651, 20.804, 20.284, 20.471, 20.518, 20.277, 19.669, 19.307, 19.314, 19.335, 19.249, 17.307, 14.564, 12.439, 10.635, 10.293, 10.264, 8.29, 5.546, 4.772, 4.471, 4.014, 3.635, 3.77, 3.597, 2.466, 0.0, 2.727, 5.957, 8.731, 10.562, 12.608, 14.207, 15.313, 15.513, 16.516, 17.569, 17.965, 19.392, 20.535, 19.671, 18.315, 17.892, 17.744, 17.407, 16.95, 17.585, 18.945, 20.313, 21.705, 21.752, 21.793, 23.089, 24.084, 24.151, 24.216, 24.186, 24.126, 24.173], [25.555, 25.213, 24.649, 24.415, 24.308, 24.466, 24.77, 24.679, 24.408, 24.178, 24.009, 23.961, 23.821, 23.655, 23.5, 23.397, 23.432, 23.487, 23.405, 23.34, 23.443, 23.468, 23.46, 23.568, 23.168, 22.593, 22.545, 22.339, 21.539, 21.082, 21.288, 21.324, 21.094, 20.542, 20.156, 20.136, 20.184, 20.119, 18.182, 15.444, 13.317, 11.382, 10.853, 10.825, 8.85, 6.284, 6.035, 5.898, 5.518, 5.257, 5.434, 5.366, 4.601, 2.727, 0.0, 4.161, 7.308, 9.25, 11.397, 13.038, 14.165, 14.385, 15.416, 16.495, 16.913, 18.352, 19.517, 18.721, 17.435, 17.013, 16.891, 16.612, 16.317, 17.262, 18.848, 20.384, 21.936, 22.011, 22.073, 23.362, 24.31, 24.368, 24.422, 24.349, 24.27, 24.315], [25.736, 25.398, 24.86, 24.646, 24.524, 24.662, 24.948, 24.84, 24.573, 24.343, 24.167, 24.11, 23.985, 23.848, 23.709, 23.622, 23.643, 23.7, 23.629, 23.549, 23.633, 23.653, 23.655, 23.717, 23.259, 22.729, 22.748, 22.579, 21.829, 21.355, 21.491, 21.524, 21.348, 20.843, 20.418, 20.271, 20.24, 20.182, 18.337, 15.737, 13.623, 11.616, 10.986, 10.881, 9.208, 7.573, 7.729, 7.6, 7.278, 7.067, 7.115, 7.042, 6.707, 5.957, 4.161, 0.0, 3.583, 6.387, 9.379, 11.503, 12.775, 12.928, 13.788, 14.868, 15.417, 16.862, 17.986, 17.201, 15.977, 15.618, 15.575, 15.359, 14.946, 15.727, 17.311, 19.065, 20.958, 21.136, 21.171, 22.466, 23.383, 23.425, 23.48, 23.36, 23.257, 23.299], [26.069, 25.76, 25.295, 25.127, 25.006, 25.133, 25.401, 25.287, 25.035, 24.849, 24.705, 24.642, 24.533, 24.403, 24.27, 24.192, 24.218, 24.289, 24.224, 24.105, 24.152, 24.165, 24.227, 24.295, 23.772, 23.273, 23.344, 23.202, 22.464, 21.957, 22.064, 22.115, 22.006, 21.592, 21.195, 20.959, 20.868, 20.823, 19.122, 16.715, 14.711, 12.784, 12.115, 11.937, 10.63, 9.567, 9.808, 9.766, 9.505, 9.33, 9.33, 9.223, 9.058, 8.731, 7.308, 3.583, 0.0, 3.962, 7.971, 10.59, 11.955, 12.021, 12.675, 13.754, 14.428, 15.835, 16.9, 16.179, 15.064, 14.714, 14.662, 14.484, 13.971, 14.63, 16.281, 18.263, 20.41, 20.689, 20.707, 21.948, 22.792, 22.815, 22.879, 22.711, 22.57, 22.607], [26.328, 26.09, 25.728, 25.593, 25.479, 25.607, 25.876, 25.778, 25.527, 25.428, 25.349, 25.277, 25.159, 25.023, 24.883, 24.805, 24.874, 24.971, 24.906, 24.755, 24.768, 24.781, 24.941, 25.149, 24.787, 24.29, 24.305, 24.183, 23.446, 22.943, 23.113, 23.184, 23.159, 22.902, 22.603, 22.381, 22.301, 22.252, 20.624, 18.316, 16.358, 14.46, 13.86, 13.739, 12.496, 11.317, 11.46, 11.526, 11.33, 11.216, 11.234, 11.092, 10.903, 10.562, 9.25, 6.387, 3.962, 0.0, 4.87, 8.413, 10.113, 10.195, 10.916, 12.212, 12.949, 14.278, 15.416, 14.896, 14.067, 13.851, 13.768, 13.621, 13.283, 14.378, 16.356, 18.477, 20.678, 20.966, 21.024, 22.317, 23.134, 23.14, 23.22, 23.055, 22.909, 22.95], [26.178, 25.954, 25.628, 25.473, 25.35, 25.46, 25.73, 25.656, 25.413, 25.38, 25.357, 25.27, 25.128, 25.01, 24.874, 24.823, 24.953, 25.056, 24.997, 24.847, 24.842, 24.852, 25.01, 25.287, 25.281, 24.999, 24.954, 24.852, 24.201, 23.781, 24.023, 24.085, 24.1, 23.987, 23.805, 23.683, 23.723, 23.683, 22.112, 19.947, 18.129, 16.305, 15.769, 15.773, 14.651, 13.358, 13.363, 13.457, 13.343, 13.307, 13.367, 13.292, 13.087, 12.608, 11.397, 9.379, 7.971, 4.87, 0.0, 4.684, 7.298, 7.517, 8.531, 10.265, 10.969, 12.103, 13.371, 13.049, 12.632, 12.817, 12.776, 12.676, 12.691, 14.436, 16.798, 18.957, 21.111, 21.355, 21.466, 22.905, 23.74, 23.718, 23.787, 23.649, 23.535, 23.581], [25.704, 25.464, 25.123, 24.931, 24.79, 24.897, 25.179, 25.132, 24.912, 24.9, 24.898, 24.835, 24.693, 24.59, 24.486, 24.483, 24.648, 24.733, 24.692, 24.57, 24.572, 24.573, 24.654, 24.931, 25.261, 25.374, 25.349, 25.215, 24.709, 24.418, 24.719, 24.749, 24.733, 24.69, 24.534, 24.447, 24.55, 24.497, 22.962, 20.892, 19.241, 17.566, 17.005, 17.093, 16.139, 14.853, 14.805, 14.922, 14.864, 14.879, 14.987, 15.01, 14.796, 14.207, 13.038, 11.503, 10.59, 8.413, 4.684, 0.0, 3.763, 4.58, 6.052, 8.278, 8.963, 10.179, 11.61, 11.37, 11.27, 11.856, 12.036, 12.065, 12.434, 14.768, 17.328, 19.351, 21.384, 21.557, 21.685, 23.219, 24.04, 