[[0.0, 3.485, 5.533, 7.058, 7.492, 7.775, 8.167, 8.48, 9.212, 10.33, 10.785, 10.592, 10.53, 10.93, 11.172, 11.378, 11.404, 11.233, 11.189, 11.726, 12.519, 13.606, 14.321, 14.789, 15.486, 16.529, 19.06, 20.828, 21.149, 22.15, 22.311, 21.993, 22.85, 25.737, 28.503, 27.539, 28.069, 28.588, 27.957, 28.083, 27.275, 28.23, 30.951, 32.255, 32.524, 32.698, 33.042, 32.972, 32.305, 32.145, 31.37, 29.789, 26.936, 24.41, 22.553, 21.611, 21.472, 21.501, 22.132, 22.568, 22.752, 23.332, 24.012, 24.15, 24.286, 24.97, 24.952, 24.457, 24.661, 24.246, 23.199, 23.065, 23.049, 22.352, 22.064, 22.136, 21.97, 21.959, 21.816, 21.757, 22.084, 22.891, 23.031, 22.753, 22.592, 22.118], [3.485, 0.0, 3.851, 6.216, 6.618, 6.924, 7.279, 7.579, 8.355, 9.542, 9.965, 9.69, 9.462, 9.793, 10.009, 10.169, 10.191, 10.045, 10.046, 10.694, 11.623, 12.802, 13.555, 14.018, 14.716, 15.861, 18.562, 20.39, 20.73, 21.808, 21.98, 21.614, 22.448, 25.397, 28.324, 27.51, 28.098, 28.593, 27.952, 28.063, 27.224, 28.222, 31.058, 32.408, 32.684, 32.871, 33.232, 33.188, 32.514, 32.344, 31.558, 29.925, 27.001, 24.401, 22.464, 21.486, 21.354, 21.358, 21.983, 22.437, 22.637, 23.226, 23.902, 24.023, 24.131, 24.805, 24.768, 24.23, 24.38, 23.917, 22.846, 22.745, 22.736, 21.99, 21.697, 21.77, 21.538, 21.465, 21.325, 21.272, 21.602, 22.433, 22.591, 22.326, 22.14, 21.672], [5.533, 3.851, 0.0, 3.863, 4.784, 5.118, 5.742, 6.069, 7.295, 8.976, 9.56, 9.103, 8.481, 8.613, 8.762, 8.925, 8.824, 8.646, 8.82, 9.673, 10.894, 12.261, 13.012, 13.492, 14.35, 15.812, 18.772, 20.666, 20.95, 21.948, 22.118, 21.767, 22.584, 25.52, 28.403, 27.572, 28.466, 29.135, 28.444, 28.492, 27.555, 28.652, 31.542, 32.901, 33.172, 33.381, 33.749, 33.728, 33.052, 32.873, 32.019, 30.327, 27.289, 24.496, 22.344, 21.23, 21.114, 21.129, 21.801, 22.293, 22.5, 23.141, 23.896, 24.08, 24.272, 25.033, 25.008, 24.474, 24.67, 24.147, 22.919, 22.736, 22.735, 21.962, 21.662, 21.682, 21.351, 21.241, 21.102, 21.05, 21.384, 22.257, 22.415, 22.109, 21.922, 21.381], [7.058, 6.216, 3.863, 0.0, 1.795, 2.395, 3.242, 3.897, 5.294, 7.128, 7.778, 7.251, 6.622, 6.855, 6.989, 7.151, 7.138, 7.046, 7.317, 8.155, 9.394, 10.839, 11.571, 12.01, 12.905, 14.442, 17.421, 19.385, 19.696, 20.654, 20.975, 20.823, 21.714, 24.78, 27.87, 27.075, 28.039, 28.885, 28.225, 28.267, 27.384, 28.417, 31.204, 32.543, 32.83, 33.053, 33.403, 33.38, 32.727, 32.548, 31.711, 30.055, 27.117, 24.485, 22.488, 21.435, 21.318, 21.347, 21.999, 22.493, 22.725, 23.34, 24.056, 24.276, 24.452, 25.13, 25.09, 24.6, 24.841, 24.37, 23.216, 23.033, 23.023, 22.314, 22.069, 22.107, 21.828, 21.741, 21.616, 21.569, 21.871, 22.691, 22.818, 22.517, 22.362, 21.872], [7.492, 6.618, 4.784, 1.795, 0.0, 1.231, 2.222, 3.071, 4.509, 6.344, 7.028, 6.538, 6.007, 6.351, 6.487, 6.597, 6.629, 6.587, 6.889, 7.703, 8.874, 10.315, 11.047, 11.466, 12.364, 13.879, 16.828, 18.799, 19.128, 20.141, 20.543, 20.463, 21.395, 24.509, 27.651, 26.886, 27.781, 28.602, 27.985, 28.065, 27.228, 28.23, 30.986, 32.319, 32.605, 32.82, 33.168, 33.14, 32.491, 32.312, 31.502, 29.874, 26.988, 24.443, 22.528, 21.513, 21.394, 21.423, 22.053, 22.534, 22.766, 23.354, 24.031, 24.238, 24.391, 25.036, 24.991, 24.5, 24.74, 24.308, 23.232, 23.075, 23.05, 22.331, 22.076, 22.123, 21.879, 21.81, 21.706, 21.663, 21.958, 22.767, 22.902, 22.615, 22.47, 22.03], [7.775, 6.924, 5.118, 2.395, 1.231, 0.0, 1.453, 2.522, 4.042, 5.977, 6.681, 6.162, 5.606, 5.975, 6.113, 6.221, 6.275, 6.249, 6.573, 7.401, 8.573, 10.065, 10.831, 11.252, 12.159, 13.684, 16.644, 18.63, 18.962, 19.983, 20.395, 20.305, 21.224, 24.373, 27.561, 26.806, 27.713, 28.537, 27.925, 28.026, 27.2, 28.209, 30.958, 32.285, 32.57, 32.783, 33.125, 33.093, 32.441, 32.264, 31.462, 29.839, 26.966, 24.44, 22.544, 21.55, 21.441, 21.467, 22.087, 22.566, 22.803, 23.385, 24.049, 24.249, 24.389, 25.02, 24.97, 24.487, 24.735, 24.323, 23.268, 23.117, 23.095, 22.383, 22.129, 22.173, 21.926, 21.852, 21.751, 21.711, 22.015, 22.83, 22.967, 22.684, 22.542, 22.125], [8.167, 7.279, 5.742, 3.242, 2.222, 1.453, 0.0, 1.726, 3.398, 5.288, 6.01, 5.529, 5.133, 5.736, 5.907, 6.006, 6.128, 6.1, 6.358, 7.124, 8.201, 9.693, 10.5, 10.891, 11.744, 13.221, 16.144, 18.136, 18.49, 19.568, 20.038, 19.986, 20.926, 24.113, 27.367, 26.649, 27.523, 28.329, 27.724, 27.842, 27.067, 28.082, 30.807, 32.119, 32.392, 32.593, 32.933, 32.894, 32.242, 32.062, 31.28, 29.682, 26.856, 24.395, 22.57, 21.622, 21.522, 21.551, 22.152, 22.619, 22.854, 23.413, 24.041, 24.224, 24.336, 24.926, 24.871, 24.396, 24.625, 24.228, 23.237, 23.107, 23.088, 22.413, 22.189, 22.243, 22.022, 21.96, 21.859, 21.821, 22.127, 22.935, 23.067, 22.792, 22.656, 22.271], [8.48, 7.579, 6.069, 3.897, 3.071, 2.522, 1.726, 0.0, 2.495, 4.932, 5.863, 5.432, 4.829, 5.473, 5.699, 5.777, 5.909, 5.896, 6.216, 7.106, 8.28, 9.815, 10.624, 10.984, 11.817, 13.319, 16.317, 18.352, 18.701, 19.789, 20.242, 20.145, 21.025, 24.204, 27.458, 26.684, 27.513, 28.271, 27.652, 27.783, 27.022, 28.135, 30.938, 32.255, 32.518, 32.719, 33.075, 33.045, 32.39, 32.21, 31.426, 29.829, 26.975, 24.457, 22.569, 21.586, 21.482, 21.52, 22.147, 22.628, 22.862, 23.426, 24.068, 24.255, 24.367, 24.969, 24.926, 24.437, 24.622, 24.207, 23.233, 23.104, 23.091, 22.427, 22.217, 22.273, 22.033, 21.938, 21.798, 21.749, 22.064, 22.889, 23.03, 22.751, 22.61, 22.216], [9.212, 8.355, 7.295, 5.294, 4.509, 4.042, 3.398, 2.495, 0.0, 2.971, 4.406, 4.315, 4.041, 4.952, 5.22, 5.286, 5.602, 5.682, 6.006, 6.869, 7.759, 9.026, 9.774, 10.098, 10.839, 12.284, 15.337, 17.423, 17.771, 18.901, 19.405, 19.323, 20.207, 23.5, 26.893, 26.169, 26.973, 27.759, 27.19, 27.374, 26.679, 27.756, 30.583, 31.936, 32.199, 32.395, 32.755, 32.715, 32.072, 31.897, 31.154, 29.623, 26.839, 24.434, 22.696, 21.865, 21.812, 21.853, 22.459, 22.944, 23.198, 23.752, 24.361, 24.539, 24.614, 25.158, 25.095, 24.609, 24.784, 24.348, 23.397, 23.305, 23.298, 22.653, 22.465, 22.55, 22.336, 22.201, 22.033, 21.982, 22.281, 23.081, 23.216, 22.956, 22.819, 22.478], [10.33, 9.542, 8.976, 7.128, 6.344, 5.977, 5.288, 4.932, 2.971, 0.0, 2.151, 3.009, 4.089, 5.628, 5.917, 5.95, 6.508, 6.705, 6.941, 7.452, 7.564, 8.172, 8.819, 9.082, 9.622, 10.778, 13.605, 15.632, 15.952, 17.161, 17.812, 17.866, 18.823, 22.219, 25.818, 25.267, 26.053, 26.887, 26.383, 26.626, 26.072, 27.017, 29.725, 31.094, 31.371, 31.546, 31.903, 31.835, 31.217, 31.044, 30.376, 28.963, 26.369, 24.27, 22.893, 22.336, 22.342, 22.358, 22.872, 23.32, 23.59, 24.085, 24.593, 24.74, 24.749, 25.168, 25.075, 24.645, 24.835, 24.427, 23.58, 23.587, 23.59, 22.975, 22.808, 22.946, 22.831, 22.709, 22.561, 22.524, 22.794, 23.531, 23.649, 23.429, 23.318, 23.096], [10.785, 9.965, 9.56, 7.778, 7.028, 6.681, 6.01, 5.863, 4.406, 2.151, 0.0, 1.672, 3.848, 5.784, 6.196, 6.202, 6.836, 7.117, 7.31, 7.609, 7.409, 7.851, 8.522, 8.777, 9.282, 10.29, 12.927, 14.9, 15.199, 16.407, 17.111, 17.231, 18.199, 21.618, 25.352, 24.924, 25.693, 26.518, 26.02, 26.274, 25.756, 26.639, 29.263, 30.614, 30.936, 31.113, 31.453, 31.384, 30.779, 30.607, 29.965, 28.577, 26.085, 24.13, 22.898, 22.407, 22.4, 22.37, 22.808, 23.219, 23.479, 23.925, 24.379, 24.502, 24.471, 24.824, 24.719, 24.318, 24.511, 24.162, 23.412, 23.493, 23.51, 22.894, 22.732, 22.89, 22.829, 22.739, 22.619, 22.592, 22.863, 23.588, 23.704, 23.509, 23.41, 23.244], [10.592, 9.69, 9.103, 7.251, 6.538, 6.162, 5.529, 5.432, 4.315, 3.009, 1.672, 0.0, 2.707, 4.839, 5.314, 5.381, 6.04, 6.352, 6.541, 6.876, 6.934, 7.706, 8.461, 8.742, 9.353, 10.538, 13.336, 15.347, 15.642, 16.788, 17.407, 17.464, 18.421, 21.871, 25.614, 25.155, 25.94, 26.763, 26.237, 26.451, 25.853, 26.787, 29.462, 30.815, 31.155, 31.354, 31.687, 31.64, 31.03, 30.858, 30.176, 28.716, 26.155, 24.086, 22.72, 22.116, 22.074, 22.03, 22.482, 22.901, 23.159, 23.621, 24.107, 24.24, 24.231, 24.616, 24.51, 24.094, 24.291, 23.949, 23.185, 23.259, 23.279, 22.64, 22.473, 22.592, 22.469, 22.366, 22.249, 22.221, 22.501, 23.252, 23.374, 23.168, 23.061, 22.876], [10.53, 9.462, 8.481, 6.622, 6.007, 5.606, 5.133, 4.829, 4.041, 4.089, 3.848, 2.707, 0.0, 2.463, 3.179, 3.508, 4.408, 4.892, 5.3, 6.084, 6.964, 8.257, 9.036, 9.299, 9.969, 11.445, 14.584, 16.676, 16.967, 18.035, 18.492, 18.433, 19.367, 22.759, 26.34, 25.765, 26.631, 27.453, 26.876, 27.047, 26.348, 27.423, 30.267, 31.657, 31.993, 32.213, 32.565, 32.544, 31.924, 31.753, 31.022, 29.491, 26.776, 24.459, 22.816, 22.032, 21.965, 21.93, 22.464, 22.945, 23.218, 23.742, 24.315, 24.483, 24.531, 25.001, 24.898, 24.444, 24.639, 24.225, 23.306, 23.309, 23.328, 22.642, 22.461, 22.507, 22.225, 22.054, 21.924, 21.895, 22.175, 22.952, 23.08, 22.848, 22.721, 22.473], [10.93, 9.793, 8.613, 6.855, 6.351, 5.975, 5.736, 5.473, 4.952, 5.628, 5.784, 4.839, 2.463, 0.0, 1.344, 2.414, 3.51, 4.18, 4.869, 6.043, 7.452, 8.958, 9.671, 9.909, 10.58, 12.206, 15.534, 17.648, 17.939, 18.924, 19.26, 19.133, 20.036, 23.304, 26.732, 26.119, 27.081, 27.924, 27.327, 27.449, 26.664, 27.785, 30.709, 32.129, 32.47, 32.717, 33.069, 33.066, 32.443, 32.272, 31.503, 29.917, 27.115, 24.667, 22.868, 22.0, 21.938, 21.918, 22.505, 23.026, 23.313, 23.88, 24.504, 24.694, 24.777, 25.285, 25.172, 24.706, 24.916, 24.446, 23.421, 23.383, 23.402, 22.691, 22.499, 22.502, 22.127, 21.916, 21.782, 21.752, 22.013, 22.779, 22.905, 22.656, 22.518, 22.231], [11.172, 10.009, 8.762, 6.989, 6.487, 6.113, 5.907, 5.699, 5.22, 5.917, 6.196, 5.314, 3.179, 1.344, 0.0, 1.68, 2.999, 3.722, 4.484, 5.768, 7.269, 8.79, 9.491, 9.742, 10.431, 12.104, 15.485, 17.597, 17.884, 18.852, 19.151, 18.995, 19.91, 23.215, 26.664, 26.055, 27.048, 27.926, 27.338, 27.447, 26.641, 27.758, 30.699, 32.136, 32.478, 32.734, 33.085, 33.082, 32.457, 32.285, 31.493, 29.878, 27.045, 24.569, 22.747, 21.885, 21.835, 21.82, 22.417, 22.941, 23.23, 23.812, 24.444, 24.639, 24.727, 25.239, 25.12, 24.657, 24.876, 24.388, 23.332, 23.283, 23.303, 22.584, 22.387, 22.385, 21.998, 21.777, 21.642, 21.615, 21.873, 22.642, 22.772, 22.517, 22.382, 22.092], [11.378, 10.169, 8.925, 7.151, 6.597, 6.221, 6.006, 5.777, 5.286, 5.95, 6.202, 5.381, 3.508, 2.414, 1.68, 0.0, 1.826, 3.038, 4.159, 5.573, 7.084, 8.616, 9.335, 9.612, 10.337, 12.006, 15.352, 17.455, 17.745, 18.738, 19.057, 18.885, 19.784, 23.086, 26.561, 25.969, 26.951, 27.829, 27.253, 27.368, 26.565, 27.673, 30.599, 32.023, 32.366, 32.624, 32.972, 32.97, 32.346, 32.177, 31.389, 29.776, 26.948, 24.479, 22.668, 21.818, 21.772, 21.743, 22.326, 22.841, 23.118, 23.689, 24.311, 24.497, 24.573, 25.082, 24.97, 24.523, 24.752, 24.277, 23.235, 23.189, 23.205, 22.491, 22.305, 22.323, 21.963, 21.744, 21.606, 21.585, 21.862, 22.655, 22.793, 22.54, 22.409, 22.125], [11.404, 10.191, 8.824, 7.138, 6.629, 6.275, 6.128, 5.909, 5.602, 6.508, 6.836, 6.04, 4.408, 3.51, 2.999, 1.826, 0.0, 1.792, 3.593, 5.3, 6.973, 8.658, 9.463, 9.791, 10.591, 12.359, 15.775, 17.874, 18.142, 19.091, 19.375, 19.158, 20.009, 23.227, 26.626, 26.005, 27.016, 27.909, 27.327, 27.412, 26.567, 27.694, 30.631, 32.043, 32.376, 32.639, 32.979, 32.997, 32.371, 32.2, 31.381, 29.726, 26.848, 24.299, 22.391, 21.465, 21.403, 21.377, 21.982, 22.5, 22.763, 23.346, 23.997, 24.2, 24.302, 24.857, 24.765, 24.331, 24.593, 24.134, 23.072, 22.995, 23.006, 22.295, 22.112, 22.123, 21.75, 21.523, 21.376, 21.355, 21.63, 22.441, 22.589, 22.316, 22.191, 21.883], [11.233, 10.045, 8.646, 7.046, 6.587, 6.249, 6.1, 5.896, 5.682, 6.705, 7.117, 6.352, 4.892, 4.18, 3.722, 3.038, 1.792, 0.0, 2.295, 4.349, 6.185, 8.065, 9.029, 9.435, 10.308, 12.174, 15.688, 17.804, 18.058, 18.996, 19.277, 19.063, 19.935, 23.2, 26.61, 25.958, 26.984, 27.896, 27.309, 27.384, 26.518, 27.653, 30.61, 32.021, 32.345, 32.605, 32.939, 32.961, 32.331, 32.157, 31.316, 29.632, 26.721, 24.122, 22.151, 21.17, 21.095, 21.078, 21.697, 22.216, 22.476, 23.077, 23.754, 23.971, 24.093, 24.68, 24.601, 24.152, 24.417, 23.967, 22.896, 22.793, 22.802, 22.1, 21.921, 21.925, 21.54, 21.305, 21.144, 21.114, 21.38, 22.192, 22.344, 22.063, 21.932, 21.603], [11.189, 10.046, 8.82, 7.317, 6.889, 6.573, 6.358, 6.216, 6.006, 6.941, 7.31, 6.541, 5.3, 4.869, 4.484, 4.159, 3.593, 2.295, 0.0, 2.399, 4.692, 6.932, 8.078, 8.563, 9.5, 11.426, 14.988, 17.123, 17.405, 18.356, 18.629, 18.426, 19.364, 22.775, 26.305, 25.684, 26.702, 27.622, 27.052, 27.148, 26.283, 27.402, 30.375, 31.783, 32.102, 32.354, 32.683, 32.7, 32.065, 31.893, 31.059, 29.38, 26.503, 23.942, 21.999, 21.017, 20.935, 20.918, 21.522, 22.019, 22.266, 22.857, 23.525, 23.736, 23.854, 24.433, 24.34, 23.852, 24.078, 23.613, 22.555, 22.463, 22.474, 21.793, 21.64, 21.638, 21.253, 21.03, 20.87, 20.835, 21.079, 21.87, 22.022, 21.748, 21.607, 21.289], [11.726, 10.694, 9.673, 8.155, 7.703, 7.401, 7.124, 7.106, 6.869, 7.452, 7.609, 6.876, 6.084, 6.043, 5.768, 5.573, 5.3, 4.349, 2.399, 0.0, 2.935, 5.722, 7.053, 7.574, 8.565, 10.474, 13.956, 16.077, 16.374, 17.299, 17.604, 17.459, 18.462, 22.013, 25.723, 25.207, 26.212, 27.148, 26.609, 26.736, 25.908, 26.965, 29.879, 31.263, 31.585, 31.83, 32.153, 32.171, 31.544, 31.374, 30.569, 28.919, 26.153, 23.76, 21.967, 21.041, 20.951, 20.93, 21.483, 21.936, 22.161, 22.703, 23.32, 23.525, 23.618, 24.139, 24.019, 23.52, 23.728, 23.275, 22.299, 22.265, 22.283, 21.64, 21.518, 21.522, 21.191, 21.02, 20.89, 20.854, 21.058, 21.797, 21.946, 21.691, 21.556, 21.29], [12.519, 11.623, 10.894, 9.394, 8.874, 8.573, 8.201, 8.28, 7.759, 7.564, 7.409, 6.934, 6.964, 7.452, 7.269, 7.084, 6.973, 6.185, 4.692, 2.935, 0.0, 3.33, 5.227, 5.897, 6.882, 8.653, 11.97, 14.027, 14.307, 15.312, 15.813, 15.836, 16.875, 20.526, 24.466, 24.121, 25.123, 26.107, 25.624, 25.797, 25.069, 26.007, 28.781, 30.133, 30.457, 30.678, 30.975, 30.949, 30.322, 30.156, 29.404, 27.814, 25.224, 23.134, 21.68, 20.982, 20.93, 20.893, 21.341, 21.726, 21.941, 22.402, 22.906, 23.078, 23.103, 23.513, 23.376, 22.919, 23.151, 22.769, 21.956, 22.021, 22.054, 21.477, 21.395, 21.46, 21.29, 21.199, 21.11, 21.098, 21.311, 22.016, 22.16, 21.943, 21.827, 21.656], [13.606, 12.802, 12.261, 10.839, 10.315, 10.065, 9.693, 9.815, 9.026, 8.172, 7.851, 7.706, 8.257, 8.958, 8.79, 8.616, 8.658, 8.065, 6.932, 5.722, 3.33, 0.0, 2.649, 3.833, 4.909, 6.696, 10.008, 12.006, 12.259, 13.371, 14.029, 14.157, 15.178, 18.873, 22.992, 22.804, 23.88, 24.98, 24.549, 24.753, 24.103, 24.922, 27.628, 28.995, 29.293, 29.487, 29.779, 29.709, 29.085, 28.926, 28.197, 26.664, 24.225, 22.391, 21.269, 20.925, 21.04, 21.011, 21.368, 21.71, 21.938, 22.347, 22.744, 22.879, 22.851, 23.174, 23.017, 22.607, 22.898, 22.566, 21.833, 21.979, 22.036, 21.5, 21.454, 21.597, 21.561, 21.514, 21.456, 21.478, 21.709, 22.386, 22.525, 22.338, 22.243, 22.158], [14.321, 13.555, 13.012, 11.571, 11.047, 10.831, 10.5, 10.624, 9.774, 8.819, 8.522, 8.461, 9.036, 9.671, 9.491, 9.335, 9.463, 9.029, 8.078, 7.053, 5.227, 2.649, 0.0, 1.83, 3.5, 5.637, 9.175, 11.266, 11.497, 12.515, 13.164, 13.305, 14.362, 18.173, 22.381, 22.246, 23.387, 24.547, 24.127, 24.353, 23.717, 24.501, 27.242, 28.638, 28.907, 29.086, 29.404, 29.364, 28.762, 28.608, 27.868, 26.326, 23.93, 22.176, 21.14, 20.955, 21.243, 21.27, 21.608, 21.951, 22.21, 22.616, 22.979, 23.124, 23.106, 23.41, 23.245, 22.843, 23.169, 22.876, 22.168, 22.33, 22.393, 21.851, 21.799, 21.952, 21.929, 21.871, 21.829, 21.861, 22.049, 22.673, 22.813, 22.623, 22.532, 22.481], [14.789, 14.018, 13.492, 12.01, 11.466, 11.252, 10.891, 10.984, 10.098, 9.082, 8.777, 8.742, 9.299, 9.909, 9.742, 9.612, 9.791, 9.435, 8.563, 7.574, 5.897, 3.833, 1.83, 0.0, 2.164, 4.665, 8.522, 10.778, 11.031, 12.038, 12.742, 12.982, 14.136, 18.039, 22.307, 22.209, 23.341, 24.492, 24.085, 24.333, 23.742, 24.541, 27.289, 28.69, 28.953, 29.113, 29.434, 29.412, 28.825, 28.672, 27.957, 26.43, 24.06, 22.356, 21.353, 21.173, 21.489, 21.548, 21.884, 22.23, 22.501, 22.892, 23.233, 23.384, 23.366, 23.653, 23.493, 23.103, 23.416, 23.12, 22.427, 22.6, 22.671, 22.137, 22.078, 22.219, 22.183, 22.117, 22.088, 22.125, 22.289, 22.884, 23.02, 22.834, 22.738, 22.712], [15.486, 14.716, 14.35, 12.905, 12.364, 12.159, 11.744, 11.817, 10.839, 9.622, 9.282, 9.353, 9.969, 10.58, 10.431, 10.337, 10.591, 10.308, 9.5, 8.565, 6.882, 4.909, 3.5, 2.164, 0.0, 3.006, 7.454, 9.881, 10.178, 11.276, 12.085, 12.48, 13.755, 17.698, 22.051, 22.035, 23.145, 24.32, 23.952, 24.219, 23.695, 24.483, 27.234, 28.654, 28.916, 29.059, 29.371, 29.331, 28.751, 28.602, 27.927, 26.457, 24.176, 22.599, 21.739, 21.66, 21.986, 22.047, 22.376, 22.72, 22.99, 23.346, 23.638, 23.767, 23.716, 23.946, 23.782, 23.428, 23.719, 23.374, 22.662, 22.852, 22.933, 22.436, 22.413, 22.57, 22.552, 22.497, 22.49, 22.533, 22.688, 23.263, 23.393, 23.225, 23.128, 23.132], [16.529, 15.861, 15.812, 14.442, 13.879, 13.684, 13.221, 13.319, 12.284, 10.778, 10.29, 10.538, 11.445, 12.206, 12.104, 12.006, 12.359, 12.174, 11.426, 10.474, 8.653, 6.696, 5.637, 4.665, 3.006, 0.0, 4.931, 7.625, 8.061, 9.427, 10.607, 11.359, 12.813, 16.845, 21.423, 21.623, 22.605, 23.763, 23.479, 23.827, 23.456, 24.103, 26.703, 28.088, 28.352, 28.46, 28.751, 28.657, 28.09, 27.948, 27.382, 26.034, 24.005, 22.804, 22.318, 22.471, 22.825, 22.881, 23.138, 23.446, 23.728, 24.008, 24.178, 24.253, 24.112, 24.2, 24.021, 23.7, 23.932, 23.621, 23.047, 23.304, 23.384, 22.945, 22.961, 23.18, 23.287, 23.293, 23.324, 23.383, 23.54, 24.079, 24.209, 24.089, 24.005, 24.085], [19.06, 18.562, 18.772, 17.421, 16.828, 16.644, 16.144, 16.317, 15.337, 13.605, 12.927, 13.336, 14.584, 15.534, 15.485, 15.352, 15.775, 15.688, 14.988, 13.956, 11.97, 10.008, 9.175, 8.522, 7.454, 4.931, 0.0, 3.138, 4.269, 6.467, 8.76, 10.356, 11.964, 15.821, 20.687, 21.404, 22.238, 23.366, 23.206, 23.638, 23.523, 23.832, 25.915, 27.141, 27.398, 27.426, 27.639, 27.437, 26.899, 26.761, 26.404, 25.337, 23.874, 23.421, 23.589, 24.054, 24.411, 24.457, 24.538, 24.733, 25.03, 25.176, 25.119, 25.12, 24.839, 24.655, 24.435, 24.17, 24.312, 24.164, 23.99, 24.412, 24.504, 24.199, 24.272, 24.575, 24.923, 25.048, 25.143, 25.24, 25.421, 25.883, 26.004, 25.961, 25.92, 26.127], [20.828, 20.39, 20.666, 19.385, 18.799, 18.63, 18.136, 18.352, 17.423, 15.632, 14.9, 15.347, 16.676, 17.648, 17.597, 17.455, 17.874, 17.804, 17.123, 16.077, 14.027, 12.006, 11.266, 10.778, 9.881, 7.625, 3.138, 0.0, 2.149, 5.159, 8.086, 10.094, 11.697, 15.241, 20.134, 21.197, 22.023, 23.177, 23.104, 23.549, 23.561, 23.664, 25.434, 26.569, 26.821, 26.812, 26.966, 26.682, 26.148, 26.01, 25.751, 24.837, 23.72, 23.706, 24.258, 24.938, 25.318, 25.348, 25.319, 25.438, 25.726, 25.798, 25.611, 25.567, 25.224, 24.898, 24.636, 24.407, 24.53, 24.454, 24.459, 24.958, 25.061, 24.838, 24.957, 25.312, 25.803, 26.007, 26.149, 26.273, 26.459, 26.871, 26.981, 26.977, 26.966, 27.25], [21.149, 20.73, 20.95, 19.696, 19.128, 18.962, 18.49, 18.701, 17.771, 15.952, 15.199, 15.642, 16.967, 17.939, 17.884, 17.745, 18.142, 18.058, 17.405, 16.374, 14.307, 12.259, 11.497, 11.031, 10.178, 8.061, 4.269, 2.149, 0.0, 3.734, 7.054, 9.3, 11.075, 14.78, 19.743, 20.853, 21.749, 22.958, 22.897, 23.339, 23.36, 23.453, 25.224, 26.371, 26.628, 26.624, 26.775, 26.482, 25.939, 25.798, 25.523, 24.587, 23.482, 23.51, 24.126, 24.879, 25.301, 25.337, 25.294, 25.408, 25.694, 25.765, 25.581, 25.546, 25.22, 24.9, 24.63, 24.405, 24.563, 24.507, 24.514, 25.025, 25.125, 24.902, 25.029, 25.393, 25.893, 26.101, 26.25, 26.38, 26.557, 26.964, 27.073, 27.066, 27.069, 27.367], [22.15, 21.808, 21.948, 20.654, 20.141, 19.983, 19.568, 19.789, 18.901, 17.161, 16.407, 16.788, 18.035, 18.924, 18.852, 18.738, 19.091, 18.996, 18.356, 17.299, 15.312, 13.371, 12.515, 12.038, 11.276, 9.427, 6.467, 5.159, 3.734, 0.0, 4.048, 7.15, 9.374, 13.391, 18.612, 19.88, 20.982, 22.425, 22.392, 22.72, 22.699, 22.727, 24.398, 25.547, 25.839, 25.872, 26.01, 25.755, 25.244, 25.105, 24.791, 23.841, 22.851, 23.04, 23.788, 24.598, 25.051, 25.099, 25.025, 25.124, 25.422, 25.486, 25.305, 25.342, 25.1, 24.802, 24.554, 24.375, 24.67, 24.713, 24.715, 25.225, 25.356, 25.221, 25.406, 25.764, 26.286, 26.504, 26.653, 26.774, 26.885, 27.219, 27.319, 27.291, 27.316, 27.626], [22.311, 21.98, 22.118, 20.975, 20.543, 20.395, 20.038, 20.242, 19.405, 17.812, 17.111, 17.407, 18.492, 19.26, 19.151, 19.057, 19.375, 19.277, 18.629, 17.604, 15.813, 14.029, 13.164, 12.742, 12.085, 10.607, 8.76, 8.086, 7.054, 4.048, 0.0, 3.878, 7.094, 12.005, 17.458, 18.726, 20.017, 21.642, 21.62, 21.817, 21.681, 21.768, 23.581, 24.814, 25.137, 25.218, 25.393, 25.204, 24.708, 24.577, 24.174, 23.155, 22.06, 22.15, 22.876, 23.748, 24.257, 24.298, 24.227, 24.341, 24.655, 24.763, 24.634, 24.732, 24.623, 24.445, 24.207, 24.052, 24.5, 24.557, 24.364, 24.82, 24.998, 24.928, 25.161, 25.506, 26.009, 26.225, 26.369, 26.469, 26.519, 26.801, 26.892, 26.822, 26.85, 27.161], [21.993, 21.614, 21.767, 20.823, 20.463, 20.305, 19.986, 20.145, 19.323, 17.866, 17.231, 17.464, 18.433, 19.133, 18.995, 18.885, 19.158, 19.063, 18.426, 17.459, 15.836, 14.157, 13.305, 12.982, 12.48, 11.359, 10.356, 10.094, 9.3, 7.15, 3.878, 0.0, 4.502, 10.851, 16.612, 17.797, 19.171, 20.836, 20.806, 20.969, 20.734, 20.934, 22.982, 24.315, 24.636, 24.752, 24.986, 24.835, 24.323, 24.193, 23.712, 22.619, 21.305, 21.167, 21.812, 22.792, 23.399, 23.435, 23.39, 23.53, 23.858, 24.027, 23.952, 24.052, 24.036, 24.009, 23.758, 23.589, 24.165, 24.227, 23.885, 24.293, 24.484, 24.409, 24.647, 24.969, 25.417, 25.603, 25.729, 25.806, 25.822, 26.098, 26.181, 26.057, 26.075, 26.392], [22.85, 22.448, 22.584, 21.714, 21.395, 21.224, 20.926, 21.025, 20.207, 18.823, 18.199, 18.421, 19.367, 20.036, 19.91, 19.784, 20.009, 19.935, 19.364, 18.462, 16.875, 15.178, 14.362, 14.136, 13.755, 12.813, 11.964, 11.697, 11.075, 9.374, 7.094, 4.502, 0.0, 7.66, 14.399, 15.859, 17.337, 19.153, 19.188, 19.43, 19.227, 19.388, 21.494, 22.877, 23.215, 23.377, 23.717, 23.572, 23.038, 22.902, 22.432, 21.358, 20.15, 20.204, 21.056, 22.266, 22.991, 23.024, 22.945, 23.086, 23.426, 23.571, 23.45, 23.535, 23.526, 23.531, 23.305, 23.132, 23.756, 23.893, 23.597, 24.018, 24.205, 24.112, 24.346, 24.677, 25.152, 25.327, 25.445, 25.497, 25.45, 25.668, 25.764, 25.643, 25.659, 26.038], [25.737, 25.397, 25.52, 24.78, 24.509, 24.373, 24.113, 24.204, 23.5, 22.219, 21.618, 21.871, 22.759, 23.304, 23.215, 23.086, 23.227, 23.2, 22.775, 22.013, 20.526, 18.873, 18.173, 18.039, 17.698, 16.845, 15.821, 15.241, 14.78, 13.391, 12.005, 10.851, 7.66, 0.0, 8.311, 11.493, 13.684, 16.067, 16.233, 16.322, 16.289, 16.061, 17.636, 18.966, 19.359, 19.66, 20.174, 20.064, 19.592, 19.47, 19.045, 18.302, 17.946, 18.994, 20.645, 22.378, 23.286, 23.298, 23.057, 23.144, 23.491, 23.478, 23.155, 23.256, 23.256, 23.194, 23.069, 23.107, 23.836, 24.079, 23.925, 24.431, 24.639, 24.614, 24.897, 25.293, 25.943, 26.186, 26.348, 26.396, 26.237, 26.29, 26.383, 26.323, 26.411, 26.857], [28.503, 28.324, 28.403, 27.87, 27.651, 27.561, 27.367, 27.458, 26.893, 25.818, 25.352, 25.614, 26.34, 26.732, 26.664, 26.561, 26.626, 26.61, 26.305, 25.723, 24.466, 22.992, 22.381, 22.307, 22.051, 21.423, 20.687, 20.134, 19.743, 18.612, 17.458, 16.612, 14.399, 8.311, 0.0, 6.214, 10.201, 13.237, 13.577, 13.43, 13.643, 12.976, 13.945, 15.22, 15.58, 16.031, 16.78, 16.864, 16.618, 16.566, 16.217, 16.251, 16.961, 18.784, 21.008, 23.13, 24.192, 24.212, 23.854, 23.885, 24.185, 24.04, 23.606, 23.737, 23.905, 24.065, 24.115, 24.34, 25.343, 25.76, 25.593, 26.047, 26.261, 26.264, 26.535, 26.914, 27.588, 27.848, 28.029, 28.041, 27.768, 27.673, 27.738, 27.674, 27.805, 28.205], [27.539, 27.51, 27.572, 27.075, 26.886, 26.806, 26.649, 26.684, 26.169, 25.267, 24.924, 25.155, 25.765, 26.119, 26.055, 25.969, 26.005, 25.958, 25.684, 25.207, 24.121, 22.804, 22.246, 22.209, 22.035, 21.623, 21.404, 21.197, 20.853, 19.88, 18.726, 17.797, 15.859, 11.493, 6.214, 0.0, 6.107, 10.108, 10.467, 10.579, 10.907, 10.732, 12.845, 14.469, 14.806, 15.318, 16.282, 16.548, 16.36, 16.355, 15.883, 15.914, 16.399, 17.83, 19.785, 21.86, 22.967, 23.03, 22.788, 22.891, 23.189, 23.099, 22.796, 22.972, 23.24, 23.65, 23.857, 24.082, 25.252, 25.828, 25.569, 25.875, 26.059, 25.997, 26.225, 26.574, 27.146, 27.349, 27.442, 27.375, 27.07, 26.995, 27.056, 26.955, 27.054, 27.348], [28.069, 28.098, 28.466, 28.039, 27.781, 27.713, 27.523, 27.513, 26.973, 26.053, 25.693, 25.94, 26.631, 27.081, 27.048, 26.951, 27.016, 26.984, 26.702, 26.212, 25.123, 23.88, 23.387, 23.341, 23.145, 22.605, 22.238, 22.023, 21.749, 20.982, 20.017, 19.171, 17.337, 13.684, 10.201, 6.107, 0.0, 4.947, 6.147, 6.981, 8.256, 8.099, 11.057, 12.91, 13.178, 13.655, 14.8, 15.126, 14.991, 15.051, 14.723, 14.955, 15.856, 17.701, 19.933, 22.107, 23.176, 23.265, 22.986, 23.029, 23.312, 23.146, 22.744, 22.859, 23.047, 23.369, 23.598, 23.825, 24.938, 25.704, 25.813, 26.244, 26.421, 26.424, 26.7, 27.108, 27.758, 27.978, 28.037, 27.925, 27.578, 27.476, 27.535, 27.46, 27.557, 27.906], [28.588, 28.593, 29.135, 28.885, 28.602, 28.537, 28.329, 28.271, 27.759, 26.887, 26.518, 26.763, 27.453, 27.924, 27.926, 27.829, 27.909, 27.896, 27.622, 27.148, 26.107, 24.98, 24.547, 24.492, 24.32, 23.763, 23.366, 23.177, 22.958, 22.425, 21.642, 20.836, 19.153, 16.067, 13.237, 10.108, 4.947, 0.0, 2.916, 5.151, 7.248, 7.467, 10.949, 12.777, 12.927, 13.267, 14.452, 14.817, 14.687, 14.792, 14.657, 15.091, 16.153, 18.117, 20.405, 22.562, 23.582, 23.658, 23.301, 23.267, 23.515, 23.27, 22.768, 22.781, 22.89, 23.163, 23.369, 23.557, 24.559, 25.427, 25.886, 26.508, 26.697, 26.697, 26.972, 27.388, 28.049, 28.275, 28.339, 28.209, 27.84, 27.713, 27.777, 27.736, 27.808, 28.194], [27.957, 27.952, 28.444, 28.225, 27.985, 27.925, 27.724, 27.652, 27.19, 26.383, 26.02, 26.237, 26.876, 27.327, 27.338, 27.253, 27.327, 27.309, 27.052, 26.609, 25.624, 24.549, 24.127, 24.085, 23.952, 23.479, 23.206, 23.104, 22.897, 22.392, 21.62, 20.806, 19.188, 16.233, 13.577, 10.467, 6.147, 2.916, 0.0, 3.428, 6.029, 6.954, 10.962, 12.903, 13.076, 13.441, 14.667, 15.074, 14.911, 14.999, 14.766, 15.072, 15.867, 17.592, 19.738, 21.861, 22.903, 22.957, 22.607, 22.607, 22.896, 22.697, 22.243, 22.281, 22.413, 22.734, 22.962, 23.198, 24.235, 25.121, 25.59, 26.258, 26.48, 26.444, 26.682, 27.059, 27.646, 27.836, 27.88, 27.747, 27.391, 27.287, 27.355, 27.314, 27.38, 27.71], [28.083, 28.063, 28.492, 28.267, 28.065, 28.026, 27.842, 27.783, 27.374, 26.626, 26.274, 26.451, 27.047, 27.449, 27.447, 27.368, 27.412, 27.384, 27.148, 26.736, 25.797, 24.753, 24.353, 24.333, 24.219, 23.827, 23.638, 23.549, 23.339, 22.72, 21.817, 20.969, 19.43, 16.322, 13.43, 10.579, 6.981, 5.151, 3.428, 0.0, 3.725, 5.274, 9.601, 11.736, 12.002, 12.537, 13.759, 14.316, 14.213, 14.289, 13.841, 14.151, 15.002, 16.755, 18.936, 21.082, 22.145, 22.211, 21.843, 21.84, 22.145, 21.959, 21.508, 21.625, 21.864, 22.221, 22.482, 22.862, 24.029, 24.94, 25.399, 26.073, 26.321, 26.399, 26.718, 27.079, 27.644, 27.806, 27.823, 27.689, 27.315, 27.186, 27.23, 27.163, 27.242, 27.522], [27.275, 27.224, 27.555, 27.384, 27.228, 27.2, 27.067, 27.022, 26.679, 26.072, 25.756, 25.853, 26.348, 26.664, 26.641, 26.565, 26.567, 26.518, 26.283, 25.908, 25.069, 24.103, 23.717, 23.742, 23.695, 23.456, 23.523, 23.561, 23.36, 22.699, 21.681, 20.734, 19.227, 16.289, 13.643, 10.907, 8.256, 7.248, 6.029, 3.725, 0.0, 4.124, 9.664, 11.941, 12.35, 13.114, 14.237, 14.847, 14.671, 14.722, 13.947, 13.8, 14.226, 15.551, 17.462, 19.538, 20.693, 20.802, 20.499, 20.536, 20.861, 20.724, 20.341, 20.508, 20.838, 21.299, 21.573, 21.938, 23.186, 24.087, 24.472, 25.106, 25.336, 25.429, 25.852, 26.222, 26.729, 26.872, 26.87, 26.723, 26.34, 26.239, 26.286, 26.185, 26.258, 26.466], [28.23, 28.222, 28.652, 28.417, 28.23, 28.209, 28.082, 28.135, 27.756, 27.017, 26.639, 26.787, 27.423, 27.785, 27.758, 27.673, 27.694, 27.653, 27.402, 26.965, 26.007, 24.922, 24.501, 24.541, 24.483, 24.103, 23.832, 23.664, 23.453, 22.727, 21.768, 20.934, 19.388, 16.061, 12.976, 10.732, 8.099, 7.467, 6.954, 5.274, 4.124, 0.0, 6.499, 9.174, 9.762, 10.695, 11.932, 12.633, 12.593, 12.667, 12.069, 12.326, 13.497, 15.633, 18.116, 20.409, 21.541, 21.647, 21.247, 21.219, 21.552, 21.347, 20.835, 20.947, 21.215, 21.545, 21.775, 22.155, 23.454, 24.435, 24.941, 25.643, 25.865, 26.0, 26.449, 26.919, 27.591, 27.802, 27.853, 27.736, 27.351, 27.191, 27.227, 27.164, 27.273, 27.553], [30.951, 31.058, 31.542, 31.204, 30.986, 30.958, 30.807, 30.938, 30.583, 29.725, 29.263, 29.462, 30.267, 30.709, 30.699, 30.599, 30.631, 30.61, 30.375, 29.879, 28.781, 27.628, 27.242, 27.289, 27.234, 26.703, 25.915, 25.434, 25.224, 24.398, 23.581, 22.982, 21.494, 17.636, 13.945, 12.845, 11.057, 10.949, 10.962, 9.601, 9.664, 6.499, 0.0, 3.319, 4.716, 6.152, 7.459, 8.568, 9.094, 9.226, 9.075, 10.679, 13.579, 17.054, 20.298, 22.677, 23.585, 23.637, 23.021, 22.81, 23.071, 22.668, 21.903, 21.989, 22.199, 22.271, 22.507, 23.112, 24.493, 25.679, 26.554, 27.38, 27.601, 27.936, 28.432, 28.995, 29.973, 30.321, 30.412, 30.324, 29.986, 29.756, 29.744, 29.716, 29.901, 30.277], [32.255, 32.408, 32.901, 32.543, 32.319, 32.285, 32.119, 32.255, 31.936, 31.094, 30.614, 30.815, 31.657, 32.129, 32.136, 32.023, 32.043, 32.021, 31.783, 31.263, 30.133, 28.995, 28.638, 28.69, 28.654, 28.088, 27.141, 26.569, 26.371, 25.547, 24.814, 24.315, 22.877, 18.966, 15.22, 14.469, 12.91, 12.777, 12.903, 11.736, 11.941, 9.174, 3.319, 0.0, 2.479, 4.352, 5.692, 7.103, 7.955, 8.156, 8.337, 10.608, 14.184, 18.035, 21.444, 23.772, 24.602, 24.632, 23.923, 23.631, 23.85, 23.35, 22.487, 22.557, 22.725, 22.693, 22.96, 23.616, 24.981, 26.296, 27.354, 28.21, 28.434, 28.867, 29.408, 30.009, 31.107, 31.519, 31.619, 31.54, 31.24, 31.014, 30.987, 30.965, 31.163, 31.552], [32.524, 32.684, 33.172, 32.83, 32.605, 32.57, 32.392, 32.518, 32.199, 31.371, 30.936, 31.155, 31.993, 32.47, 32.478, 32.366, 32.376, 32.345, 32.102, 31.585, 30.457, 29.293, 28.907, 28.953, 28.916, 28.352, 27.398, 26.821, 26.628, 25.839, 25.137, 24.636, 23.215, 19.359, 15.58, 14.806, 13.178, 12.927, 13.076, 12.002, 12.35, 9.762, 4.716, 2.479, 0.0, 2.39, 4.476, 6.229, 7.241, 7.479, 7.748, 10.339, 14.059, 17.987, 21.447, 23.861, 24.783, 24.874, 24.18, 23.884, 24.11, 23.623, 22.75, 22.811, 22.981, 22.97, 23.236, 23.875, 25.24, 26.545, 27.61, 28.449, 28.666, 29.115, 29.657, 30.259, 31.353, 31.767, 31.883, 31.825, 31.529, 31.313, 31.286, 31.242, 31.438, 31.823], [32.698, 32.871, 33.381, 33.053, 32.82, 32.783, 32.593, 32.719, 32.395, 31.546, 31.113, 31.354, 32.213, 32.717, 32.734, 32.624, 32.639, 32.605, 32.354, 31.83, 30.678, 29.487, 29.086, 29.113, 29.059, 28.46, 27.426, 26.812, 26.624, 25.872, 25.218, 24.752, 23.377, 19.66, 16.031, 15.318, 13.655, 13.267, 13.441, 12.537, 13.114, 10.695, 6.152, 4.352, 2.39, 0.0, 2.987, 5.074, 6.318, 6.591, 7.185, 10.171, 13.962, 17.983, 21.526, 23.985, 24.916, 25.04, 24.333, 24.013, 24.23, 23.734, 22.823, 22.837, 22.978, 22.958, 23.229, 23.87, 25.228, 26.538, 27.625, 28.459, 28.673, 29.143, 29.67, 30.273, 31.395, 31.824, 31.963, 31.949, 31.697, 31.501, 31.473, 31.417, 31.609, 32.015], [33.042, 33.232, 33.749, 33.403, 33.168, 33.125, 32.933, 33.075, 32.755, 31.903, 31.453, 31.687, 32.565, 33.069, 33.085, 32.972, 32.979, 32.939, 32.683, 32.153, 30.975, 29.779, 29.404, 29.434, 29.371, 28.751, 27.639, 26.966, 26.775, 26.01, 25.393, 24.986, 23.717, 20.174, 16.78, 16.282, 14.8, 14.452, 14.667, 13.759, 14.237, 11.932, 7.459, 5.692, 4.476, 2.987, 0.0, 2.944, 4.663, 4.97, 5.86, 9.347, 13.438, 17.64, 21.351, 23.814, 24.667, 24.778, 23.995, 23.596, 23.774, 23.223, 22.227, 22.188, 22.281, 22.196, 22.483, 23.185, 24.587, 26.011, 27.254, 28.124, 28.343, 28.911, 29.494, 30.122, 31.322, 31.794, 31.95, 31.975, 31.81, 31.653, 31.609, 31.531, 31.732, 32.173], [32.972, 33.188, 33.728, 33.38, 33.14, 33.093, 32.894, 33.045, 32.715, 31.835, 31.384, 31.64, 32.544, 33.066, 33.082, 32.97, 32.997, 32.961, 32.7, 32.171, 30.949, 29.709, 29.364, 29.412, 29.331, 28.657, 27.437, 26.682, 26.482, 25.755, 25.204, 24.835, 23.572, 20.064, 16.864, 16.548, 15.126, 14.817, 15.074, 14.316, 14.847, 12.633, 8.568, 7.103, 6.229, 5.074, 2.944, 0.0, 2.234, 2.771, 4.369, 8.483, 12.794, 17.177, 21.077, 23.672, 24.521, 24.635, 23.828, 23.392, 23.56, 23.002, 21.965, 21.851, 21.865, 21.729, 22.02, 22.715, 24.111, 25.581, 26.869, 27.747, 27.975, 28.566, 29.153, 29.808, 31.07, 31.59, 31.767, 31.82, 31.779, 31.743, 31.717, 31.645, 31.837, 32.272], [32.305, 32.514, 33.052, 32.727, 32.491, 32.441, 32.242, 32.39, 32.072, 31.217, 30.779, 31.03, 31.924, 32.443, 32.457, 32.346, 32.371, 32.331, 32.065, 31.544, 30.322, 29.085, 28.762, 28.825, 28.751, 28.09, 26.899, 26.148, 25.939, 25.244, 24.708, 24.323, 23.038, 19.592, 16.618, 16.36, 14.991, 14.687, 14.911, 14.213, 14.671, 12.593, 9.094, 7.955, 7.241, 6.318, 4.663, 2.234, 0.0, 1.106, 3.177, 7.367, 11.683, 16.13, 20.091, 22.759, 23.66, 23.802, 23.005, 22.566, 22.743, 22.209, 21.175, 21.026, 21.024, 20.906, 21.208, 21.889, 23.303, 24.794, 26.082, 26.963, 27.197, 27.782, 28.371, 29.031, 30.296, 30.841, 31.035, 31.104, 31.124, 31.176, 31.19, 31.121, 31.299, 31.709], [32.145, 32.344, 32.873, 32.548, 32.312, 32.264, 32.062, 32.21, 31.897, 31.044, 30.607, 30.858, 31.753, 32.272, 32.285, 32.177, 32.2, 32.157, 31.893, 31.374, 30.156, 28.926, 28.608, 28.672, 28.602, 27.948, 26.761, 26.01, 25.798, 25.105, 24.577, 24.193, 22.902, 19.47, 16.566, 16.355, 15.051, 14.792, 14.999, 14.289, 14.722, 12.667, 9.226, 8.156, 7.479, 6.591, 4.97, 2.771, 1.106, 0.0, 2.868, 7.129, 11.378, 15.837, 19.806, 22.464, 23.355, 23.512, 22.733, 22.299, 22.476, 21.956, 20.932, 20.783, 20.787, 20.687, 21.0, 21.679, 23.105, 24.607, 25.9, 26.781, 27.014, 27.604, 28.197, 28.857, 30.117, 30.663, 30.859, 30.925, 30.936, 30.983, 31.011, 30.947, 31.127, 31.536], [31.37, 31.558, 32.019, 31.711, 31.502, 31.462, 31.28, 31.426, 31.154, 30.376, 29.965, 30.176, 31.022, 31.503, 31.493, 31.389, 31.381, 31.316, 31.059, 30.569, 29.404, 28.197, 27.868, 27.957, 27.927, 27.382, 26.404, 25.751, 25.523, 24.791, 24.174, 23.712, 22.432, 19.045, 16.217, 15.883, 14.723, 14.657, 14.766, 13.841, 13.947, 12.069, 9.075, 8.337, 7.748, 7.185, 5.86, 4.369, 3.177, 2.868, 0.0, 4.893, 9.515, 14.1, 18.141, 20.903, 21.896, 22.083, 21.322, 20.914, 21.138, 20.68, 19.713, 19.631, 19.715, 19.69, 20.037, 20.798, 22.359, 23.873, 25.094, 25.939, 26.18, 26.784, 27.424, 28.089, 29.324, 29.87, 30.059, 30.115, 30.104, 30.171, 30.217, 30.134, 30.337, 30.713], [29.789, 29.925, 30.327, 30.055, 29.874, 29.839, 29.682, 29.829, 29.623, 28.963, 28.577, 28.716, 29.491, 29.917, 29.878, 29.776, 29.726, 29.632, 29.38, 28.919, 27.814, 26.664, 26.326, 26.43, 26.457, 26.034, 25.337, 24.837, 24.587, 23.841, 23.155, 22.619, 21.358, 18.302, 16.251, 15.914, 14.955, 15.091, 15.072, 14.151, 13.8, 12.326, 10.679, 10.608, 10.339, 10.171, 9.347, 8.483, 7.367, 7.129, 4.893, 0.0, 5.602, 10.777, 15.016, 17.917, 19.086, 19.354, 18.61, 18.238, 18.586, 18.248, 17.35, 17.358, 17.492, 17.494, 17.878, 18.681, 20.444, 22.067, 23.287, 24.112, 24.368, 24.964, 25.649, 26.334, 27.54, 28.112, 28.339, 28.432, 28.435, 28.567, 28.678, 28.589, 28.817, 29.195], [26.936, 27.001, 27.289, 27.117, 26.988, 26.966, 26.856, 26.975, 26.839, 26.369, 26.085, 26.155, 26.776, 27.115, 27.045, 26.948, 26.848, 26.721, 26.503, 26.153, 25.224, 24.225, 23.93, 24.06, 24.176, 24.005, 23.874, 23.72, 23.482, 22.851, 22.06, 21.305, 20.15, 17.946, 16.961, 16.399, 15.856, 16.153, 15.867, 15.002, 14.226, 13.497, 13.579, 14.184, 14.059, 13.962, 13.438, 12.794, 11.683, 11.378, 9.515, 5.602, 0.0, 5.56, 10.082, 13.326, 14.793, 15.225, 14.664, 14.466, 15.004, 15.005, 14.448, 14.586, 14.919, 15.3, 15.721, 16.432, 18.397, 19.931, 20.847, 21.569, 21.829, 22.351, 23.022, 23.679, 24.765, 25.336, 25.585, 25.742, 25.909, 26.248, 26.4, 26.231, 26.417, 26.692], [24.41, 24.401, 24.496, 24.485, 24.443, 24.44, 24.395, 24.457, 24.434, 24.27, 24.13, 24.086, 24.459, 24.667, 24.569, 24.479, 24.299, 24.122, 23.942, 23.76, 23.134, 22.391, 22.176, 22.356, 22.599, 22.804, 23.421, 23.706, 23.51, 23.04, 22.15, 21.167, 20.204, 18.994, 18.784, 17.83, 17.701, 18.117, 17.592, 16.755, 15.551, 15.633, 17.054, 18.035, 17.987, 17.983, 17.64, 17.177, 16.13, 15.837, 14.1, 10.777, 5.56, 0.0, 4.843, 8.689, 10.69, 11.336, 11.135, 11.232, 11.964, 12.476, 12.506, 12.828, 13.505, 14.486, 14.949, 15.465, 17.504, 18.797, 19.218, 19.75, 20.016, 20.424, 21.077, 21.639, 22.479, 22.984, 23.198, 23.378, 23.708, 24.292, 24.471, 24.165, 24.285, 24.375], [22.553, 22.464, 22.344, 22.488, 22.528, 22.544, 22.57, 22.569, 22.696, 22.893, 22.898, 22.72, 22.816, 22.868, 22.747, 22.668, 22.391, 22.151, 21.999, 21.967, 21.68, 21.269, 21.14, 21.353, 21.739, 22.318, 23.589, 24.258, 24.126, 23.788, 22.876, 21.812, 21.056, 20.645, 21.008, 19.785, 19.933, 20.405, 19.738, 18.936, 17.462, 18.116, 20.298, 21.444, 21.447, 21.526, 21.351, 21.077, 20.091, 19.806, 18.141, 15.016, 10.082, 4.843, 0.0, 4.538, 7.349, 8.355, 8.727, 9.184, 10.051, 11.095, 11.759, 12.324, 13.319, 14.74, 15.238, 15.547, 17.488, 18.53, 18.498, 18.81, 19.069, 19.345, 19.948, 20.375, 20.906, 21.299, 21.454, 21.632, 22.03, 22.783, 23.004, 22.597, 22.66, 22.566], [21.611, 21.486, 21.23, 21.435, 21.513, 21.55, 21.622, 21.586, 21.865, 22.336, 22.407, 22.116, 22.032, 22.0, 21.885, 21.818, 21.465, 21.17, 21.017, 21.041, 20.982, 20.925, 20.955, 21.173, 21.66, 22.471, 24.054, 24.938, 24.879, 24.598, 23.748, 22.792, 22.266, 22.378, 23.13, 21.86, 22.107, 22.562, 21.861, 21.082, 19.538, 20.409, 22.677, 23.772, 23.861, 23.985, 23.814, 23.672, 22.759, 22.464, 20.903, 17.917, 13.326, 8.689, 4.538, 0.0, 3.583, 5.274, 6.263, 7.007, 8.049, 9.532, 10.73, 11.595, 12.855, 14.543, 15.178, 15.403, 17.275, 18.328, 18.198, 18.382, 18.63, 18.9, 19.493, 19.787, 20.097, 20.399, 20.485, 20.632, 21.008, 21.8, 22.062, 21.619, 21.663, 21.477], [21.472, 21.354, 21.114, 21.318, 21.394, 21.441, 21.522, 21.482, 21.812, 22.342, 22.4, 22.074, 21.965, 21.938, 21.835, 21.772, 21.403, 21.095, 20.935, 20.951, 20.93, 21.04, 21.243, 21.489, 21.986, 22.825, 24.411, 25.318, 25.301, 25.051, 24.257, 23.399, 22.991, 23.286, 24.192, 22.967, 23.176, 23.582, 22.903, 22.145, 20.693, 21.541, 23.585, 24.602, 24.783, 24.916, 24.667, 24.521, 23.66, 23.355, 21.896, 19.086, 14.793, 10.69, 7.349, 3.583, 0.0, 2.612, 4.281, 5.313, 6.602, 8.383, 9.866, 10.877, 12.197, 13.938, 14.679, 14.957, 16.837, 17.983, 17.909, 18.093, 18.355, 18.684, 19.279, 19.51, 19.775, 20.047, 20.085, 20.201, 20.576, 21.378, 21.655, 21.236, 21.286, 21.106], [21.501, 21.358, 21.129, 21.347, 21.423, 21.467, 21.551, 21.52, 21.853, 22.358, 22.37, 22.03, 21.93, 21.918, 21.82, 21.743, 21.377, 21.078, 20.918, 20.93, 20.893, 21.011, 21.27, 21.548, 22.047, 22.881, 24.457, 25.348, 25.337, 25.099, 24.298, 23.435, 23.024, 23.298, 24.212, 23.03, 23.265, 23.658, 22.957, 22.211, 20.802, 21.647, 23.637, 24.632, 24.874, 25.04, 24.778, 24.635, 23.802, 23.512, 22.083, 19.354, 15.225, 11.336, 8.355, 5.274, 2.612, 0.0, 2.394, 3.966, 5.62, 7.678, 9.324, 10.393, 11.719, 13.459, 14.22, 14.548, 16.485, 17.693, 17.577, 17.796, 18.114, 18.451, 19.03, 19.234, 19.495, 19.754, 19.782, 19.903, 20.316, 21.142, 21.421, 21.014, 21.072, 20.927], [22.132, 21.983, 21.801, 21.999, 22.053, 22.087, 22.152, 22.147, 22.459, 22.872, 22.808, 22.482, 22.464, 22.505, 22.417, 22.326, 21.982, 21.697, 21.522, 21.483, 21.341, 21.368, 21.608, 21.884, 22.376, 23.138, 24.538, 25.319, 25.294, 25.025, 24.227, 23.39, 22.945, 23.057, 23.854, 22.788, 22.986, 23.301, 22.607, 21.843, 20.499, 21.247, 23.021, 23.923, 24.18, 24.333, 23.995, 23.828, 23.005, 22.733, 21.322, 18.61, 14.664, 11.135, 8.727, 6.263, 4.281, 2.394, 0.0, 2.064, 4.396, 6.585, 8.183, 9.326, 10.706, 12.44, 13.266, 13.672, 15.721, 17.18, 17.339, 17.718, 18.085, 18.481, 19.062, 19.279, 19.642, 19.932, 19.992, 20.133, 20.537, 21.309, 21.585, 21.209, 21.292, 21.249], [22.568, 22.437, 22.293, 22.493, 22.534, 22.566, 22.619, 22.628, 22.944, 23.32, 23.219, 22.901, 22.945, 23.026, 22.941, 22.841, 22.5, 22.216, 22.019, 21.936, 21.726, 21.71, 21.951, 22.23, 22.72, 23.446, 24.733, 25.438, 25.408, 25.124, 24.341, 23.53, 23.086, 23.144, 23.885, 22.891, 23.029, 23.267, 22.607, 21.84, 20.536, 21.219, 22.81, 23.631, 23.884, 24.013, 23.596, 23.392, 22.566, 22.299, 20.914, 18.238, 14.466, 11.232, 9.184, 7.007, 5.313, 3.966, 2.064, 0.0, 2.731, 5.033, 6.676, 7.92, 9.436, 11.247, 12.133, 12.619, 14.792, 16.42, 16.821, 17.324, 17.712, 18.194, 18.811, 19.048, 19.529, 19.888, 19.984, 20.143, 20.544, 21.284, 21.549, 21.186, 21.303, 21.337], [22.752, 22.637, 22.5, 22.725, 22.766, 22.803, 22.854, 22.862, 23.1