[[0.0, 2.559, 3.33, 4.162, 6.527, 10.508, 12.242, 11.837, 13.028, 15.666, 20.795, 25.564, 27.375, 27.748, 27.825, 27.81, 27.666, 27.598, 27.487, 27.262, 26.886, 26.744, 27.357, 28.301, 28.876, 29.166, 29.22, 29.189, 29.417, 30.745, 32.694, 33.682, 33.94, 34.543, 35.518, 35.877, 35.535, 35.077, 34.848, 34.696, 34.413, 34.185, 34.265, 33.323, 30.599, 28.203, 28.178, 28.945, 29.125, 29.123, 29.511, 29.8, 29.875, 30.084, 30.03, 29.951, 29.852, 29.879, 30.054, 30.012, 29.918, 30.095, 30.306, 30.538, 30.433, 29.149, 28.247, 28.349, 28.355, 28.401, 28.735, 29.158, 29.665, 30.088, 30.072, 30.471, 30.955, 30.787, 29.967, 28.638, 27.761, 27.44, 27.496, 27.602, 27.747, 27.887], [2.559, 0.0, 1.499, 2.958, 5.544, 9.659, 11.504, 11.152, 12.348, 14.907, 20.059, 24.956, 26.867, 27.285, 27.377, 27.363, 27.23, 27.17, 27.055, 26.825, 26.422, 26.277, 26.91, 27.876, 28.468, 28.742, 28.772, 28.738, 28.979, 30.336, 32.34, 33.342, 33.583, 34.215, 35.245, 35.629, 35.295, 34.843, 34.61, 34.448, 34.154, 33.922, 34.011, 33.06, 30.276, 27.759, 27.69, 28.506, 28.691, 28.686, 29.08, 29.389, 29.46, 29.674, 29.642, 29.577, 29.478, 29.492, 29.677, 29.629, 29.53, 29.709, 29.929, 30.169, 30.039, 28.716, 27.838, 27.946, 27.936, 27.979, 28.327, 28.755, 29.279, 29.723, 29.709, 30.101, 30.572, 30.398, 29.538, 28.162, 27.253, 26.927, 26.972, 27.07, 27.21, 27.331], [3.33, 1.499, 0.0, 1.973, 5.216, 9.53, 11.412, 11.037, 12.303, 15.012, 20.142, 25.003, 26.899, 27.305, 27.392, 27.38, 27.239, 27.168, 27.047, 26.816, 26.408, 26.263, 26.902, 27.873, 28.463, 28.734, 28.766, 28.733, 28.973, 30.333, 32.336, 33.342, 33.599, 34.241, 35.271, 35.655, 35.324, 34.876, 34.643, 34.478, 34.185, 33.953, 34.041, 33.086, 30.276, 27.742, 27.725, 28.565, 28.753, 28.749, 29.141, 29.452, 29.523, 29.727, 29.689, 29.624, 29.533, 29.552, 29.743, 29.699, 29.597, 29.781, 29.994, 30.227, 30.101, 28.751, 27.819, 27.907, 27.904, 27.964, 28.321, 28.762, 29.288, 29.726, 29.72, 30.127, 30.595, 30.417, 29.552, 28.152, 27.212, 26.881, 26.924, 27.014, 27.145, 27.259], [4.162, 2.958, 1.973, 0.0, 4.114, 9.071, 11.128, 10.768, 12.335, 15.241, 20.314, 25.079, 26.909, 27.274, 27.346, 27.341, 27.184, 27.092, 26.963, 26.734, 26.329, 26.187, 26.825, 27.785, 28.365, 28.642, 28.687, 28.662, 28.905, 30.239, 32.242, 33.3, 33.607, 34.269, 35.302, 35.675, 35.329, 34.873, 34.643, 34.483, 34.194, 33.956, 34.046, 33.07, 30.153, 27.519, 27.578, 28.457, 28.648, 28.649, 29.052, 29.376, 29.453, 29.653, 29.602, 29.535, 29.471, 29.508, 29.714, 29.666, 29.554, 29.744, 29.951, 30.18, 30.055, 28.618, 27.508, 27.524, 27.529, 27.624, 28.024, 28.496, 29.042, 29.502, 29.499, 29.964, 30.471, 30.28, 29.404, 27.924, 26.871, 26.55, 26.592, 26.635, 26.759, 26.902], [6.527, 5.544, 5.216, 4.114, 0.0, 6.063, 9.083, 9.11, 11.191, 14.149, 19.357, 24.257, 26.14, 26.525, 26.579, 26.593, 26.447, 26.372, 26.265, 26.034, 25.603, 25.44, 26.068, 26.997, 27.585, 27.874, 27.912, 27.899, 28.166, 29.478, 31.563, 32.767, 33.159, 33.892, 34.994, 35.372, 34.993, 34.509, 34.268, 34.116, 33.819, 33.564, 33.673, 32.617, 29.349, 26.271, 26.379, 27.436, 27.655, 27.668, 28.138, 28.529, 28.592, 28.808, 28.747, 28.665, 28.682, 28.768, 28.999, 28.911, 28.761, 28.985, 29.231, 29.495, 29.326, 27.657, 26.183, 26.04, 26.028, 26.185, 26.722, 27.275, 27.891, 28.457, 28.436, 29.057, 29.714, 29.512, 28.546, 26.743, 25.321, 24.962, 24.999, 24.953, 25.063, 25.287], [10.508, 9.659, 9.53, 9.071, 6.063, 0.0, 4.324, 5.519, 7.865, 11.606, 18.049, 23.543, 25.644, 26.113, 26.175, 26.213, 26.101, 26.057, 25.998, 25.775, 25.313, 25.114, 25.8, 26.78, 27.393, 27.665, 27.644, 27.637, 27.918, 29.202, 31.313, 32.541, 32.934, 33.689, 34.836, 35.236, 34.864, 34.371, 34.121, 33.976, 33.641, 33.362, 33.488, 32.395, 28.922, 25.448, 25.392, 26.581, 26.828, 26.838, 27.358, 27.776, 27.786, 28.012, 27.95, 27.851, 27.874, 27.94, 28.173, 28.059, 27.909, 28.164, 28.449, 28.749, 28.547, 26.777, 25.215, 25.051, 25.022, 25.186, 25.799, 26.422, 27.073, 27.683, 27.632, 28.331, 29.093, 28.901, 27.822, 25.814, 24.202, 23.788, 23.815, 23.717, 23.806, 24.077], [12.242, 11.504, 11.412, 11.128, 9.083, 4.324, 0.0, 2.573, 5.673, 10.488, 17.761, 23.51, 25.631, 26.077, 26.158, 26.195, 26.055, 25.967, 25.909, 25.7, 25.249, 25.052, 25.838, 26.936, 27.567, 27.829, 27.794, 27.797, 28.065, 29.37, 31.514, 32.74, 33.139, 33.894, 35.045, 35.457, 35.103, 34.615, 34.371, 34.24, 33.907, 33.626, 33.749, 32.697, 29.336, 25.915, 25.771, 26.937, 27.174, 27.172, 27.688, 28.089, 28.087, 28.307, 28.243, 28.147, 28.12, 28.125, 28.338, 28.225, 28.104, 28.355, 28.636, 28.932, 28.744, 27.057, 25.624, 25.524, 25.507, 25.657, 26.246, 26.864, 27.489, 28.057, 28.005, 28.652, 29.374, 29.186, 28.086, 26.169, 24.689, 24.268, 24.3, 24.236, 24.33, 24.579], [11.837, 11.152, 11.037, 10.768, 9.11, 5.519, 2.573, 0.0, 4.831, 10.494, 17.868, 23.558, 25.613, 26.034, 26.129, 26.156, 25.978, 25.853, 25.781, 25.571, 25.134, 24.942, 25.752, 26.892, 27.535, 27.804, 27.779, 27.78, 28.03, 29.359, 31.537, 32.764, 33.162, 33.908, 35.045, 35.458, 35.117, 34.645, 34.414, 34.282, 33.954, 33.678, 33.796, 32.759, 29.498, 26.24, 26.127, 27.237, 27.456, 27.458, 27.965, 28.336, 28.343, 28.564, 28.502, 28.415, 28.368, 28.352, 28.544, 28.432, 28.316, 28.557, 28.829, 29.114, 28.955, 27.362, 26.033, 25.974, 25.97, 26.106, 26.652, 27.236, 27.828, 28.367, 28.328, 28.932, 29.599, 29.417, 28.375, 26.581, 25.223, 24.816, 24.854, 24.819, 24.915, 25.144], [13.028, 12.348, 12.303, 12.335, 11.191, 7.865, 5.673, 4.831, 0.0, 7.998, 17.075, 23.306, 25.578, 26.139, 26.293, 26.308, 26.164, 26.087, 26.025, 25.816, 25.389, 25.199, 25.984, 27.095, 27.747, 27.983, 27.904, 27.876, 28.116, 29.462, 31.602, 32.708, 32.973, 33.66, 34.791, 35.235, 34.944, 34.511, 34.292, 34.146, 33.78, 33.491, 33.606, 32.58, 29.474, 26.4, 26.121, 27.092, 27.283, 27.277, 27.753, 28.056, 28.042, 28.263, 28.2, 28.119, 28.037, 27.995, 28.15, 28.041, 27.966, 28.21, 28.492, 28.767, 28.604, 27.18, 26.203, 26.321, 26.321, 26.386, 26.829, 27.332, 27.833, 28.302, 28.263, 28.764, 29.347, 29.185, 28.198, 26.588, 25.471, 25.075, 25.115, 25.133, 25.219, 25.423], [15.666, 14.907, 15.012, 15.241, 14.149, 11.606, 10.488, 10.494, 7.998, 0.0, 11.127, 18.928, 21.913, 22.755, 23.033, 23.023, 22.931, 22.998, 22.986, 22.75, 22.307, 22.098, 22.914, 24.123, 24.863, 25.079, 24.945, 24.926, 25.209, 26.732, 29.274, 30.61, 30.88, 31.751, 33.174, 33.782, 33.537, 33.126, 32.904, 32.763, 32.427, 32.143, 32.278, 31.271, 28.129, 24.768, 24.464, 25.71, 25.975, 25.964, 26.485, 26.857, 26.82, 27.037, 26.972, 26.899, 27.004, 27.086, 27.215, 27.068, 26.971, 27.209, 27.525, 27.817, 27.52, 25.973, 25.008, 25.093, 25.038, 25.069, 25.525, 26.008, 26.426, 26.848, 26.749, 27.239, 27.889, 27.745, 26.682, 24.973, 23.862, 23.433, 23.496, 23.624, 23.728, 23.846], [20.795, 20.059, 20.142, 20.314, 19.357, 18.049, 17.761, 17.868, 17.075, 11.127, 0.0, 9.368, 13.574, 15.037, 15.542, 15.582, 15.709, 16.09, 16.262, 16.106, 15.677, 15.47, 16.209, 17.513, 18.383, 18.544, 18.357, 18.392, 18.761, 20.391, 23.368, 25.021, 25.379, 26.578, 28.424, 29.284, 29.148, 28.807, 28.623, 28.524, 28.294, 28.061, 28.219, 27.469, 24.957, 22.228, 22.679, 24.414, 24.814, 24.782, 25.241, 25.723, 25.722, 25.913, 25.863, 25.825, 26.298, 26.694, 26.8, 26.62, 26.46, 26.626, 26.923, 27.22, 26.802, 25.228, 24.384, 24.426, 24.328, 24.307, 24.743, 25.169, 25.414, 25.689, 25.56, 26.047, 26.765, 26.669, 25.543, 23.801, 22.915, 22.545, 22.615, 23.04, 23.356, 23.283], [25.564, 24.956, 25.003, 25.079, 24.257, 23.543, 23.51, 23.558, 23.306, 18.928, 9.368, 0.0, 5.485, 8.126, 8.871, 9.156, 9.931, 10.854, 11.43, 11.563, 11.337, 11.308, 11.444, 12.355, 13.258, 13.338, 13.16, 13.342, 13.815, 15.058, 17.763, 19.576, 20.221, 21.703, 23.741, 24.721, 24.691, 24.452, 24.302, 24.303, 24.258, 24.114, 24.286, 23.912, 22.511, 21.398, 23.074, 24.959, 25.37, 25.325, 25.635, 26.18, 26.309, 26.456, 26.424, 26.38, 27.079, 27.746, 27.847, 27.631, 27.411, 27.518, 27.801, 28.082, 27.656, 26.27, 25.593, 25.631, 25.552, 25.521, 25.911, 26.208, 26.309, 26.495, 26.352, 26.848, 27.583, 27.56, 26.617, 25.006, 24.267, 23.944, 24.026, 24.608, 25.088, 24.952], [27.375, 26.867, 26.899, 26.909, 26.14, 25.644, 25.631, 25.613, 25.578, 21.913, 13.574, 5.485, 0.0, 3.506, 4.647, 5.334, 6.739, 8.212, 9.235, 9.629, 9.638, 9.723, 9.365, 9.978, 10.91, 11.036, 11.025, 11.415, 11.914, 12.773, 15.26, 17.349, 18.427, 20.056, 22.005, 22.91, 22.888, 22.712, 22.572, 22.683, 22.851, 22.791, 22.969, 22.703, 21.766, 21.701, 24.217, 26.218, 26.638, 26.612, 26.886, 27.437, 27.613, 27.73, 27.692, 27.636, 28.302, 28.98, 29.094, 28.877, 28.629, 28.716, 28.983, 29.24, 28.858, 27.605, 26.941, 26.943, 26.877, 26.881, 27.262, 27.506, 27.612, 27.805, 27.654, 28.126, 28.81, 28.79, 27.976, 26.411, 25.627, 25.303, 25.393, 25.938, 26.384, 26.235], [27.748, 27.285, 27.305, 27.274, 26.525, 26.113, 26.077, 26.034, 26.139, 22.755, 15.037, 8.126, 3.506, 0.0, 2.089, 3.465, 5.09, 6.917, 8.208, 8.695, 8.8, 8.831, 8.438, 9.207, 10.196, 10.415, 10.568, 11.077, 11.558, 12.293, 14.877, 17.207, 18.476, 20.104, 21.946, 22.785, 22.759, 22.61, 22.48, 22.657, 22.927, 22.906, 23.076, 22.806, 21.881, 21.981, 24.756, 26.863, 27.315, 27.306, 27.602, 28.162, 28.342, 28.449, 28.392, 28.323, 28.916, 29.53, 29.66, 29.463, 29.208, 29.291, 29.547, 29.791, 29.435, 28.212, 27.518, 27.503, 27.441, 27.477, 27.864, 28.114, 28.274, 28.486, 28.334, 28.786, 29.421, 29.387, 28.629, 27.063, 26.199, 25.86, 25.949, 26.443, 26.836, 26.672], [27.825, 27.377, 27.392, 27.346, 26.579, 26.175, 26.158, 26.129, 26.293, 23.033, 15.542, 8.871, 4.647, 2.089, 0.0, 2.055, 4.22, 6.222, 7.595, 8.107, 8.277, 8.356, 7.944, 8.704, 9.697, 9.907, 10.05, 10.58, 11.107, 11.833, 14.411, 16.83, 18.215, 19.905, 21.753, 22.576, 22.528, 22.363, 22.25, 22.465, 22.756, 22.742, 22.916, 22.635, 21.676, 21.763, 24.583, 26.725, 27.198, 27.201, 27.514, 28.084, 28.268, 28.372, 28.299, 28.223, 28.82, 29.435, 29.572, 29.369, 29.101, 29.176, 29.429, 29.673, 29.323, 28.083, 27.344, 27.317, 27.259, 27.307, 27.705, 27.964, 28.145, 28.377, 28.231, 28.703, 29.347, 29.311, 28.563, 26.979, 26.08, 25.728, 25.818, 26.306, 26.69, 26.531], [27.81, 27.363, 27.38, 27.341, 26.593, 26.213, 26.195, 26.156, 26.308, 23.023, 15.582, 9.156, 5.334, 3.465, 2.055, 0.0, 2.733, 5.065, 6.606, 7.135, 7.382, 7.526, 7.201, 8.137, 9.186, 9.397, 9.537, 10.107, 10.645, 11.533, 14.393, 16.924, 18.351, 20.123, 22.056, 22.914, 22.875, 22.711, 22.614, 22.835, 23.125, 23.114, 23.288, 23.005, 22.029, 22.033, 24.765, 26.885, 27.353, 27.368, 27.714, 28.297, 28.478, 28.585, 28.51, 28.435, 29.004, 29.582, 29.711, 29.509, 29.24, 29.306, 29.552, 29.796, 29.456, 28.24, 27.535, 27.526, 27.464, 27.497, 27.872, 28.12, 28.308, 28.551, 28.414, 28.874, 29.506, 29.473, 28.748, 27.185, 26.304, 25.949, 26.038, 26.5, 26.844, 26.673], [27.666, 27.23, 27.239, 27.184, 26.447, 26.101, 26.055, 25.978, 26.164, 22.931, 15.709, 9.931, 6.739, 5.09, 4.22, 2.733, 0.0, 2.853, 4.949, 5.645, 6.012, 6.142, 6.043, 7.381, 8.488, 8.781, 9.051, 9.712, 10.215, 11.285, 14.619, 17.44, 19.011, 20.833, 22.776, 23.635, 23.594, 23.429, 23.327, 23.544, 23.841, 23.84, 24.008, 23.672, 22.552, 22.424, 25.171, 27.308, 27.77, 27.803, 28.231, 28.862, 29.047, 29.161, 29.076, 28.996, 29.502, 30.007, 30.14, 29.945, 29.673, 29.746, 29.998, 30.251, 29.925, 28.681, 27.888, 27.836, 27.776, 27.832, 28.223, 28.488, 28.72, 28.991, 28.87, 29.341, 29.957, 29.91, 29.19, 27.584, 26.614, 26.239, 26.329, 26.733, 27.022, 26.851], [27.598, 27.17, 27.168, 27.092, 26.372, 26.057, 25.967, 25.853, 26.087, 22.998, 16.09, 10.854, 8.212, 6.917, 6.222, 5.065, 2.853, 0.0, 2.637, 3.717, 4.367, 4.783, 5.204, 7.033, 8.119, 8.44, 8.773, 9.388, 9.835, 11.116, 14.767, 17.808, 19.547, 21.402, 23.31, 24.128, 24.033, 23.83, 23.711, 23.937, 24.254, 24.265, 24.433, 24.027, 22.75, 22.585, 25.428, 27.585, 28.049, 28.092, 28.571, 29.262, 29.47, 29.59, 29.498, 29.411, 29.876, 30.335, 30.482, 30.296, 30.025, 30.106, 30.364, 30.629, 30.316, 29.015, 28.084, 27.976, 27.925, 28.02, 28.443, 28.741, 29.021, 29.316, 29.218, 29.715, 30.322, 30.256, 29.52, 27.855, 26.78, 26.386, 26.484, 26.847, 27.101, 26.942], [27.487, 27.055, 27.047, 26.963, 26.265, 25.998, 25.909, 25.781, 26.025, 22.986, 16.262, 11.43, 9.235, 8.208, 7.595, 6.606, 4.949, 2.637, 0.0, 1.59, 2.826, 3.811, 4.743, 6.858, 7.927, 8.244, 8.557, 9.034, 9.446, 10.97, 14.796, 17.905, 19.712, 21.602, 23.518, 24.306, 24.128, 23.883, 23.783, 24.015, 24.339, 24.355, 24.526, 24.095, 22.719, 22.497, 25.375, 27.539, 28.002, 28.049, 28.541, 29.264, 29.495, 29.621, 29.523, 29.433, 29.886, 30.341, 30.492, 30.307, 30.047, 30.133, 30.392, 30.665, 30.357, 29.017, 28.024, 27.898, 27.853, 27.962, 28.403, 28.719, 29.0, 29.293, 29.206, 29.716, 30.323, 30.246, 29.477, 27.789, 26.664, 26.248, 26.357, 26.697, 26.938, 26.794], [27.262, 26.825, 26.816, 26.734, 26.034, 25.775, 25.7, 25.571, 25.816, 22.75, 16.106, 11.563, 9.629, 8.695, 8.107, 7.135, 5.645, 3.717, 1.59, 0.0, 1.783, 3.128, 4.335, 6.617, 7.725, 8.067, 8.365, 8.775, 9.169, 10.887, 14.909, 18.019, 19.778, 21.675, 23.624, 24.415, 24.213, 23.958, 23.873, 24.1, 24.411, 24.42, 24.591, 24.14, 22.686, 22.344, 25.177, 27.342, 27.801, 27.85, 28.352, 29.077, 29.311, 29.451, 29.359, 29.269, 29.719, 30.173, 30.325, 30.134, 29.873, 29.965, 30.229, 30.506, 30.199, 28.846, 27.843, 27.718, 27.673, 27.781, 28.226, 28.541, 28.818, 29.118, 29.031, 29.549, 30.167, 30.088, 29.303, 27.607, 26.447, 26.011, 26.121, 26.451, 26.682, 26.547], [26.886, 26.422, 26.408, 26.329, 25.603, 25.313, 25.249, 25.134, 25.389, 22.307, 15.677, 11.337, 9.638, 8.8, 8.277, 7.382, 6.012, 4.367, 2.826, 1.783, 0.0, 1.816, 3.653, 6.26, 7.405, 7.744, 8.019, 8.398, 8.801, 10.677, 14.918, 18.026, 19.704, 21.596, 23.585, 24.402, 24.202, 23.939, 23.84, 24.048, 24.333, 24.33, 24.5, 23.992, 22.391, 21.924, 24.764, 26.971, 27.433, 27.477, 27.982, 28.714, 28.947, 29.112, 29.053, 28.968, 29.423, 29.88, 30.038, 29.851, 29.59, 29.699, 29.975, 30.259, 29.942, 28.549, 27.51, 27.363, 27.313, 27.432, 27.903, 28.236, 28.514, 28.818, 28.725, 29.261, 29.901, 29.823, 29.016, 27.255, 26.007, 25.539, 25.648, 25.982, 26.218, 26.093], [26.744, 26.277, 26.263, 26.187, 25.44, 25.114, 25.052, 24.942, 25.199, 22.098, 15.47, 11.308, 9.723, 8.831, 8.356, 7.526, 6.142, 4.783, 3.811, 3.128, 1.816, 0.0, 2.724, 5.813, 7.034, 7.413, 7.677, 8.061, 8.484, 10.413, 14.849, 18.069, 19.766, 21.658, 23.651, 24.474, 24.294, 24.05, 23.952, 24.16, 24.434, 24.42, 24.59, 24.069, 22.409, 21.871, 24.722, 26.956, 27.421, 27.465, 27.971, 28.696, 28.922, 29.094, 29.04, 28.96, 29.419, 29.868, 30.028, 29.842, 29.584, 29.701, 29.984, 30.273, 29.954, 28.544, 27.48, 27.32, 27.267, 27.395, 27.886, 28.236, 28.522, 28.826, 28.723, 29.261, 29.906, 29.828, 29.02, 27.243, 25.95, 25.463, 25.57, 25.892, 26.119, 25.998], [27.357, 26.91, 26.902, 26.825, 26.068, 25.8, 25.838, 25.752, 25.984, 22.914, 16.209, 11.444, 9.365, 8.438, 7.944, 7.201, 6.043, 5.204, 4.743, 4.335, 3.653, 2.724, 0.0, 3.533, 5.099, 5.631, 6.075, 6.677, 7.179, 8.905, 13.394, 16.848, 18.755, 20.743, 22.759, 23.574, 23.403, 23.202, 23.13, 23.351, 23.651, 23.64, 23.811, 23.344, 21.859, 21.67, 24.768, 27.022, 27.482, 27.528, 28.019, 28.731, 28.969, 29.133, 29.075, 29.005, 29.522, 30.032, 30.187, 29.988, 29.721, 29.836, 30.124, 30.41, 30.092, 28.719, 27.664, 27.495, 27.446, 27.576, 28.063, 28.384, 28.632, 28.922, 28.806, 29.337, 29.989, 29.919, 29.142, 27.414, 26.176, 25.7, 25.805, 26.125, 26.346, 26.224], [28.301, 27.876, 27.873, 27.785, 26.997, 26.78, 26.936, 26.892, 27.095, 24.123, 17.513, 12.355, 9.978, 9.207, 8.704, 8.137, 7.381, 7.033, 6.858, 6.617, 6.26, 5.813, 3.533, 0.0, 2.152, 3.064, 4.011, 5.195, 5.819, 7.077, 11.419, 15.144, 17.387, 19.543, 21.595, 22.393, 22.226, 22.071, 22.067, 22.322, 22.648, 22.636, 22.804, 22.397, 21.14, 21.402, 24.784, 27.037, 27.48, 27.524, 27.999, 28.706, 28.959, 29.117, 29.054, 28.987, 29.57, 30.182, 30.346, 30.125, 29.847, 29.97, 30.272, 30.56, 30.231, 28.856, 27.758, 27.548, 27.503, 27.645, 28.13, 28.408, 28.58, 28.83, 28.702, 29.236, 29.897, 29.837, 29.069, 27.355, 26.197, 25.747, 25.853, 26.191, 26.423, 26.303], [28.876, 28.468, 28.463, 28.365, 27.585, 27.393, 27.567, 27.535, 27.747, 24.863, 18.383, 13.258, 10.91, 10.196, 9.697, 9.186, 8.488, 8.119, 7.927, 7.725, 7.405, 7.034, 5.099, 2.152, 0.0, 1.524, 3.187, 4.739, 5.385, 6.411, 10.716, 14.633, 17.077, 19.324, 21.399, 22.197, 22.034, 21.886, 21.917, 22.221, 22.578, 22.581, 22.748, 22.37, 21.203, 21.599, 25.035, 27.27, 27.707, 27.749, 28.213, 28.922, 29.177, 29.33, 29.266, 29.194, 29.78, 30.418, 30.606, 30.39, 30.106, 30.237, 30.542, 30.831, 30.499, 29.086, 27.918, 27.673, 27.635, 27.788, 28.265, 28.532, 28.683, 28.912, 28.779, 29.306, 29.962, 29.906, 29.149, 27.445, 26.306, 25.87, 25.972, 26.308, 26.539, 26.416], [29.166, 28.742, 28.734, 28.642, 27.874, 27.665, 27.829, 27.804, 27.983, 25.079, 18.544, 13.338, 11.036, 10.415, 9.907, 9.397, 8.781, 8.44, 8.244, 8.067, 7.744, 7.413, 5.631, 3.064, 1.524, 0.0, 2.129, 4.014, 4.727, 5.694, 10.154, 14.115, 16.558, 18.854, 20.989, 21.839, 21.705, 21.564, 21.604, 21.926, 22.285, 22.294, 22.467, 22.109, 21.045, 21.517, 24.932, 27.168, 27.612, 27.65, 28.1, 28.806, 29.061, 29.208, 29.143, 29.069, 29.668, 30.321, 30.511, 30.306, 30.036, 30.171, 30.473, 30.76, 30.42, 29.025, 27.922, 27.707, 27.675, 27.819, 28.274, 28.53, 28.661, 28.863, 28.732, 29.243, 29.888, 29.84, 29.086, 27.415, 26.35, 25.939, 26.034, 26.39, 26.636, 26.503], [29.22, 28.772, 28.766, 28.687, 27.912, 27.644, 27.794, 27.779, 27.904, 24.945, 18.357, 13.16, 11.025, 10.568, 10.05, 9.537, 9.051, 8.773, 8.557, 8.365, 8.019, 7.677, 6.075, 4.011, 3.187, 2.129, 0.0, 2.257, 3.252, 4.638, 9.644, 13.667, 16.042, 18.361, 20.553, 21.453, 21.345, 21.209, 21.251, 21.583, 21.933, 21.941, 22.12, 21.756, 20.732, 21.229, 24.593, 26.827, 27.28, 27.31, 27.753, 28.465, 28.724, 28.869, 28.799, 28.724, 29.342, 30.017, 30.205, 30.005, 29.765, 29.907, 30.211, 30.5, 30.147, 28.768, 27.749, 27.576, 27.544, 27.67, 28.118, 28.376, 28.5, 28.692, 28.564, 29.063, 29.704, 29.663, 28.896, 27.226, 26.198, 25.784, 25.876, 26.246, 26.491, 26.333], [29.189, 28.738, 28.733, 28.662, 27.899, 27.637, 27.797, 27.78, 27.876, 24.926, 18.392, 13.342, 11.415, 11.077, 10.58, 10.107, 9.712, 9.388, 9.034, 8.775, 8.398, 8.061, 6.677, 5.195, 4.739, 4.014, 2.257, 0.0, 1.567, 4.153, 9.654, 13.688, 16.0, 18.29, 20.465, 21.35, 21.231, 21.091, 21.13, 21.454, 21.804, 21.825, 22.011, 21.628, 20.615, 21.184, 24.526, 26.736, 27.189, 27.22, 27.66, 28.38, 28.647, 28.795, 28.725, 28.649, 29.266, 29.947, 30.141, 29.947, 29.723, 29.872, 30.178, 30.47, 30.115, 28.745, 27.749, 27.589, 27.556, 27.676, 28.133, 28.409, 28.551, 28.755, 28.632, 29.127, 29.764, 29.725, 28.957, 27.279, 26.213, 25.771, 25.862, 26.219, 26.447, 26.276], [29.417, 28.979, 28.973, 28.905, 28.166, 27.918, 28.065, 28.03, 28.116, 25.209, 18.761, 13.815, 11.914, 11.558, 11.107, 10.645, 10.215, 9.835, 9.446, 9.169, 8.801, 8.484, 7.179, 5.819, 5.385, 4.727, 3.252, 1.567, 0.0, 3.628, 9.605, 13.741, 16.081, 18.383, 20.557, 21.446, 21.353, 21.238, 21.283, 21.602, 21.957, 21.993, 22.176, 21.81, 20.882, 21.551, 24.884, 27.061, 27.508, 27.54, 27.982, 28.697, 28.963, 29.111, 29.039, 28.96, 29.56, 30.23, 30.423, 30.234, 30.017, 30.165, 30.472, 30.765, 30.42, 29.069, 28.087, 27.934, 27.901, 28.012, 28.449, 28.715, 28.854, 29.057, 28.937, 29.414, 30.03, 29.995, 29.25, 27.606, 26.577, 26.15, 26.236, 26.578, 26.791, 26.616], [30.745, 30.336, 30.333, 30.239, 29.478, 29.202, 29.37, 29.359, 29.462, 26.732, 20.391, 15.058, 12.773, 12.293, 11.833, 11.533, 11.285, 11.116, 10.97, 10.887, 10.677, 10.413, 8.905, 7.077, 6.411, 5.694, 4.638, 4.153, 3.628, 0.0, 6.616, 11.417, 14.321, 16.781, 18.916, 19.794, 19.736, 19.68, 19.777, 20.167, 20.592, 20.668, 20.855, 20.628, 20.184, 21.565, 25.2, 27.379, 27.84, 27.875, 28.266, 28.946, 29.217, 29.35, 29.271, 29.182, 29.788, 30.486, 30.687, 30.507, 30.297, 30.441, 30.743, 31.027, 30.688, 29.412, 28.496, 28.362, 28.335, 28.438, 28.853, 29.095, 29.206, 29.382, 29.254, 29.717, 30.318, 30.304, 29.627, 28.059, 27.162, 26.785, 26.87, 27.24, 27.477, 27.297], [32.694, 32.34, 32.336, 32.242, 31.563, 31.313, 31.514, 31.537, 31.602, 29.274, 23.368, 17.763, 15.26, 14.877, 14.411, 14.393, 14.619, 14.767, 14.796, 14.909, 14.918, 14.849, 13.394, 11.419, 10.716, 10.154, 9.644, 9.654, 9.605, 6.616, 0.0, 5.918, 10.347, 13.121, 15.043, 15.801, 15.716, 15.77, 16.047, 16.575, 17.132, 17.285, 17.472, 17.613, 18.477, 21.594, 25.674, 27.744, 28.223, 28.259, 28.512, 29.09, 29.375, 29.475, 29.394, 29.301, 29.896, 30.646, 30.855, 30.703, 30.526, 30.647, 30.917, 31.174, 30.881, 29.868, 29.25, 29.224, 29.21, 29.266, 29.608, 29.81, 29.863, 29.978, 29.859, 30.265, 30.814, 30.837, 30.257, 28.902, 28.313, 28.008, 28.106, 28.591, 28.906, 28.708], [33.682, 33.342, 33.342, 33.3, 32.767, 32.541, 32.74, 32.764, 32.708, 30.61, 25.021, 19.576, 17.349, 17.207, 16.83, 16.924, 17.44, 17.808, 17.905, 18.019, 18.026, 18.069, 16.848, 15.144, 14.633, 14.115, 13.667, 13.688, 13.741, 11.417, 5.918, 0.0, 5.502, 8.583, 10.614, 11.542, 11.6, 11.921, 12.467, 13.057, 13.634, 13.821, 13.995, 14.569, 16.939, 21.41, 25.56, 27.493, 27.97, 28.003, 28.14, 28.616, 28.925, 29.032, 28.988, 28.895, 29.489, 30.283, 30.453, 30.338, 30.22, 30.321, 30.547, 30.765, 30.52, 29.933, 29.96, 30.189, 30.177, 30.124, 30.32, 30.442, 30.423, 30.471, 30.382, 30.696, 31.164, 31.229, 30.726, 29.698, 29.533, 29.316, 29.4, 29.986, 30.371, 30.132], [33.94, 33.583, 33.599, 33.607, 33.159, 32.934, 33.139, 33.162, 32.973, 30.88, 25.379, 20.221, 18.427, 18.476, 18.215, 18.351, 19.011, 19.547, 19.712, 19.778, 19.704, 19.766, 18.755, 17.387, 17.077, 16.558, 16.042, 16.0, 16.081, 14.321, 10.347, 5.502, 0.0, 3.676, 6.883, 8.582, 9.096, 9.756, 10.451, 10.959, 11.381, 11.546, 11.689, 12.554, 15.911, 20.788, 24.706, 26.581, 27.049, 27.056, 27.12, 27.543, 27.879, 28.027, 28.028, 27.941, 28.587, 29.45, 29.566, 29.491, 29.439, 29.533, 29.72, 29.901, 29.657, 29.416, 30.117, 30.657, 30.653, 30.487, 30.547, 30.596, 30.516, 30.519, 30.454, 30.703, 31.119, 31.226, 30.781, 30.013, 30.197, 30.081, 30.127, 30.741, 31.176, 30.911], [34.543, 34.215, 34.241, 34.269, 33.892, 33.689, 33.894, 33.908, 33.66, 31.751, 26.578, 21.703, 20.056, 20.104, 19.905, 20.123, 20.833, 21.402, 21.602, 21.675, 21.596, 21.658, 20.743, 19.543, 19.324, 18.854, 18.361, 18.29, 18.383, 16.781, 13.121, 8.583, 3.676, 0.0, 3.955, 6.166, 7.135, 8.184, 9.005, 9.495, 9.87, 10.082, 10.186, 11.403, 15.721, 21.203, 25.059, 26.831, 27.284, 27.262, 27.25, 27.619, 27.974, 28.146, 28.163, 28.074, 28.686, 29.541, 29.637, 29.613, 29.62, 29.705, 29.855, 30.008, 29.789, 29.741, 30.773, 31.494, 31.512, 31.296, 31.281, 31.3, 31.212, 31.193, 31.145, 31.338, 31.69, 31.816, 31.439, 30.85, 31.238, 31.186, 31.216, 31.827, 32.281, 32.012], [35.518, 35.245, 35.271, 35.302, 34.994, 34.836, 35.045, 35.045, 34.791, 33.174, 28.424, 23.741, 22.005, 21.946, 21.753, 22.056, 22.776, 23.31, 23.518, 23.624, 23.585, 23.651, 22.759, 21.595, 21.399, 20.989, 20.553, 20.465, 20.557, 18.916, 15.043, 10.614, 6.883, 3.955, 0.0, 2.624, 4.524, 6.436, 7.555, 8.208, 8.743, 9.089, 9.168, 10.891, 16.236, 22.551, 26.531, 28.161, 28.594, 28.556, 28.478, 28.786, 29.139, 29.303, 29.307, 29.212, 29.724, 30.51, 30.614, 30.632, 30.68, 30.755, 30.876, 31.008, 30.837, 30.888, 31.967, 32.724, 32.757, 32.539, 32.492, 32.499, 32.442, 32.413, 32.375, 32.518, 32.788, 32.903, 32.569, 32.099, 32.602, 32.586, 32.621, 33.227, 33.684, 33.422], [35.877, 35.629, 35.655, 35.675, 35.372, 35.236, 35.457, 35.458, 35.235, 33.782, 29.284, 24.721, 22.91, 22.785, 22.576, 22.914, 23.635, 24.128, 24.306, 24.415, 24.402, 24.474, 23.574, 22.393, 22.197, 21.839, 21.453, 21.35, 21.446, 19.794, 15.801, 11.542, 8.582, 6.166, 2.624, 0.0, 2.689, 5.259, 6.646, 7.439, 8.14, 8.574, 8.649, 10.582, 16.295, 23.059, 27.228, 28.823, 29.244, 29.205, 29.111, 29.41, 29.772, 29.924, 29.91, 29.813, 30.281, 31.035, 31.153, 31.176, 31.23, 31.305, 31.421, 31.553, 31.408, 31.444, 32.418, 33.137, 33.172, 32.98, 32.965, 32.987, 32.971, 32.966, 32.932, 33.076, 33.325, 33.423, 33.086, 32.619, 33.093, 33.076, 33.124, 33.714, 34.161, 33.912], [35.535, 35.295, 35.324, 35.329, 34.993, 34.864, 35.103, 35.117, 34.944, 33.537, 29.148, 24.691, 22.888, 22.759, 22.528, 22.875, 23.594, 24.033, 24.128, 24.213, 24.202, 24.294, 23.403, 22.226, 22.034, 21.705, 21.345, 21.231, 21.353, 19.736, 15.716, 11.6, 9.096, 7.135, 4.524, 2.689, 0.0, 2.997, 4.841, 5.875, 6.797, 7.331, 7.433, 9.406, 15.229, 22.301, 26.736, 28.413, 28.846, 28.806, 28.726, 29.062, 29.464, 29.625, 29.601, 29.499, 29.981, 30.75, 30.88, 30.903, 30.966, 31.049, 31.171, 31.321, 31.197, 31.158, 31.993, 32.668, 32.703, 32.548, 32.619, 32.7, 32.72, 32.749, 32.714, 32.893, 33.169, 33.251, 32.864, 32.327, 32.7, 32.662, 32.725, 33.3, 33.728, 33.489], [35.077, 34.843, 34.876, 34.873, 34.509, 34.371, 34.615, 34.645, 34.511, 33.126, 28.807, 24.452, 22.712, 22.61, 22.363, 22.711, 23.429, 23.83, 23.883, 23.958, 23.939, 24.05, 23.202, 22.071, 21.886, 21.564, 21.209, 21.091, 21.238, 19.68, 15.77, 11.921, 9.756, 8.184, 6.436, 5.259, 2.997, 0.0, 2.498, 4.061, 5.253, 5.931, 6.091, 8.03, 13.956, 21.276, 25.918, 27.705, 28.165, 28.117, 28.051, 28.432, 28.861, 29.048, 29.027, 28.92, 29.429, 30.227, 30.366, 30.4, 30.478, 30.576, 30.704, 30.872, 30.759, 30.628, 31.344, 31.99, 32.032, 31.907, 32.057, 32.228, 32.296, 32.348, 32.31, 32.522, 32.838, 32.915, 32.475, 31.856, 32.146, 32.09, 32.165, 32.748, 33.161, 32.91], [34.848, 34.61, 34.643, 34.643, 34.268, 34.121, 34.371, 34.414, 34.292, 32.904, 28.623, 24.302, 22.572, 22.48, 22.25, 22.614, 23.327, 23.711, 23.783, 23.873, 23.84, 23.952, 23.13, 22.067, 21.917, 21.604, 21.251, 21.13, 21.283, 19.777, 16.047, 12.467, 10.451, 9.005, 7.555, 6.646, 4.841, 2.498, 0.0, 2.19, 3.849, 4.751, 5.011, 6.872, 12.92, 20.515, 25.349, 27.222, 27.697, 27.641, 27.574, 27.989, 28.423, 28.619, 28.613, 28.498, 29.016, 29.826, 29.98, 30.031, 30.114, 30.224, 30.358, 30.524, 30.4, 30.231, 30.93, 31.591, 31.639, 31.521, 31.693, 31.909, 32.05, 32.146, 32.102, 32.324, 32.659, 32.735, 32.285, 31.598, 31.818, 31.758, 31.841, 32.435, 32.849, 32.582], [34.696, 34.448, 34.478, 34.483, 34.116, 33.976, 34.24, 34.282, 34.146, 32.763, 28.524, 24.303, 22.683, 22.657, 22.465, 22.835, 23.544, 23.937, 24.015, 24.1, 24.048, 24.16, 23.351, 22.322, 22.221, 21.926, 21.583, 21.454, 21.602, 20.167, 16.575, 13.057, 10.959, 9.495, 8.208, 7.439, 5.875, 4.061, 2.19, 0.0, 2.163, 3.416, 3.774, 5.85, 12.29, 20.118, 25.026, 26.912, 27.379, 27.315, 27.232, 27.632, 28.066, 28.262, 28.27, 28.163, 28.693, 29.516, 29.661, 29.712, 29.795, 29.902, 30.026, 30.176, 30.042, 29.898, 30.668, 31.372, 31.419, 31.285, 31.44, 31.646, 31.813, 31.945, 31.916, 32.135, 32.47, 32.544, 32.091, 31.407, 31.646, 31.605, 31.687, 32.279, 32.699, 32.43], [34.413, 34.154, 34.185, 34.194, 33.819, 33.641, 33.907, 33.954, 33.78, 32.427, 28.294, 24.258, 22.851, 22.927, 22.756, 23.125, 23.841, 24.254, 24.339, 24.411, 24.333, 24.434, 23.651, 22.648, 22.578, 22.285, 21.933, 21.804, 21.957, 20.592, 17.132, 13.634, 11.381, 9.87, 8.743, 8.14, 6.797, 5.253, 3.849, 2.163, 0.0, 1.577, 2.186, 4.819, 11.683, 19.54, 24.353, 26.195, 26.649, 26.576, 26.477, 26.852, 27.294, 27.501, 27.521, 27.424, 27.99, 28.852, 28.973, 29.018, 29.119, 29.227, 29.343, 29.491, 29.352, 29.252, 30.138, 30.908, 30.958, 30.797, 30.937, 31.135, 31.288, 31.432, 31.419, 31.647, 31.992, 32.071, 31.622, 30.974, 31.274, 31.254, 31.333, 31.928, 32.36, 32.094], [34.185, 33.922, 33.953, 33.956, 33.564, 33.362, 33.626, 33.678, 33.491, 32.143, 28.061, 24.114, 22.791, 22.906, 22.742, 23.114, 23.84, 24.265, 24.355, 24.42, 24.33, 24.42, 23.64, 22.636, 22.581, 22.294, 21.941, 21.825, 21.993, 20.668, 17.285, 13.821, 11.546, 10.082, 9.089, 8.574, 7.331, 5.931, 4.751, 3.416, 1.577, 0.0, 1.087, 4.238, 11.218, 19.044, 23.846, 25.689, 26.132, 26.057, 25.959, 26.335, 26.787, 27.0, 27.024, 26.935, 27.543, 28.441, 28.548, 28.582, 28.692, 28.804, 28.925, 29.08, 28.938, 28.84, 29.74, 30.525, 30.578, 30.41, 30.557, 30.762, 30.907, 31.056, 31.053, 31.31, 31.677, 31.756, 31.304, 30.642, 30.933, 30.915, 30.996, 31.586, 32.022, 31.764], [34.265, 34.011, 34.041, 34.046, 33.673, 33.488, 33.749, 33.796, 33.606, 32.278, 28.219, 24.286, 22.969, 23.076, 22.916, 23.288, 24.008, 24.433, 24.526, 24.591, 24.5, 24.59, 23.811, 22.804, 22.748, 22.467, 22.12, 22.011, 22.176, 20.855, 17.472, 13.995, 11.689, 10.186, 9.168, 8.649, 7.433, 6.091, 5.011, 3.774, 2.186, 1.087, 0.0, 3.888, 11.219, 19.198, 24.024, 25.851, 26.289, 26.211, 26.11, 26.486, 26.95, 27.17, 27.199, 27.113, 27.721, 28.618, 28.722, 28.759, 28.876, 28.989, 29.109, 29.263, 29.129, 29.042, 29.936, 30.71, 30.763, 30.593, 30.734, 30.937, 31.076, 31.221, 31.223, 31.481, 31.851, 31.935, 31.488, 30.827, 31.113, 31.093, 31.175, 31.765, 32.199, 31.937], [33.323, 33.06, 33.086, 33.07, 32.617, 32.395, 32.697, 32.759, 32.58, 31.271, 27.469, 23.912, 22.703, 22.806, 22.635, 23.005, 23.672, 24.027, 24.095, 24.14, 23.992, 24.069, 23.344, 22.397, 22.37, 22.109, 21.756, 21.628, 21.81, 20.628, 17.613, 14.569, 12.554, 11.403, 10.891, 10.582, 9.406, 8.03, 6.872, 5.85, 4.819, 4.238, 3.888, 0.0, 8.133, 17.334, 22.828, 24.852, 25.324, 25.268, 25.242, 25.733, 26.273, 26.559, 26.629, 26.534, 27.201, 28.129, 28.255, 28.283, 28.386, 28.554, 28.732, 28.924, 28.78, 28.531, 29.161, 29.816, 29.864, 29.758, 29.998, 30.273, 30.458, 30.659, 30.656, 30.967, 31.394, 31.463, 30.966, 30.074, 30.049, 29.94, 30.037, 30.627, 31.035, 30.77], [30.599, 30.276, 30.276, 30.153, 29.349, 28.922, 29.336, 29.498, 29.474, 28.129, 24.957, 22.511, 21.766, 21.881, 21.676, 22.029, 22.552, 22.75, 22.719, 22.686, 22.391, 22.409, 21.859, 21.14, 21.203, 21.045, 20.732, 20.615, 20.882, 20.184, 18.477, 16.939, 15.911, 15.721, 16.236, 16.295, 15.229, 13.956, 12.92, 12.29, 11.683, 11.218, 11.219, 8.133, 0.0, 10.972, 18.271, 21.107, 21.72, 21.731, 21.966, 22.742, 23.385, 23.762, 23.843, 23.707, 24.617, 25.673, 25.857, 25.819, 25.856, 26.18, 26.507, 26.791, 26.601, 25.805, 25.691, 26.099, 26.157, 26.247, 26.834, 27.354, 27.706, 28.089, 28.053, 28.628, 29.304, 29.315, 28.671, 27.177, 26.319, 26.028, 26.147, 26.62, 26.949, 26.76], [28.203, 27.759, 27.742, 27.519, 26.271, 25.448, 25.915, 26.24, 26.4, 24.768, 22.228, 21.398, 21.701, 21.981, 21.763, 22.033, 22.424, 22.585, 22.497, 22.344, 21.924, 21.871, 21.67, 21.402, 21.599, 21.517, 21.229, 21.184, 21.551, 21.565, 21.594, 21.41, 20.788, 21.203, 22.551, 23.059, 22.301, 21.276, 20.515, 20.118, 19.54, 19.044, 19.198, 17.334, 10.972, 0.0, 9.573, 14.052, 15.019, 15.169, 15.908, 17.044, 17.698, 18.118, 18.149, 17.959, 19.358, 20.793, 21.011, 20.839, 20.751, 21.256, 21.785, 22.2, 21.958, 20.72, 20.36, 20.92, 21.025, 21.233, 22.142, 22.904, 23.401, 23.945, 23.862, 24.803, 25.824, 25.781, 25.04, 23.202, 21.949, 21.725, 21.822, 22.077, 22.373, 22.367], [28.178, 27.69, 27.725, 27.578, 26.379, 25.392, 25.771, 26.127, 26.121, 24.464, 22.679, 23.074, 24.217, 24.756, 24.583, 24.765, 25.171, 25.428, 25.375, 25.177, 24.764, 24.722, 24.768, 24.784, 25.035, 24.932, 24.593, 24.526, 24.884, 25.2, 25.674, 25.56, 24.706, 25.059, 26.531, 27.228, 26.736, 25.918, 25.349, 25.026, 24.353, 23.846, 24.024, 22.828, 18.271, 9.573, 0.0, 5.826, 7.397, 7.673, 8.832, 10.225, 10.907, 11.412, 11.499, 11.371, 12.965, 14.812, 15.042, 14.904, 14.958, 15.579, 16.172, 16.696, 16.64, 16.13, 17.551, 19.098, 19.27, 19.217, 19.803, 20.433, 20.8, 21.208, 21.193, 21.987, 22.889, 22.87, 22.351, 21.358, 21.381, 21.637, 21.667, 21.961, 22.312, 22.306], [28.945, 28.506, 28.565, 28.457, 27.436, 26.581, 26.937, 27.237, 27.092, 25.71, 24.414, 24.959, 26.218, 26.863, 26.725, 26.885, 27.308, 27.585, 27.539, 27.342, 26.971, 26.956, 27.022, 27.037, 27.27, 27.168, 26.827, 26.736, 27.061, 27.379, 27.744, 27.493, 26.581, 26.831, 28.161, 28.823, 28.413, 27.705, 27.222, 26.912, 26.195, 25.689, 25.851, 24.852, 21.107, 14.052, 5.826, 0.0, 2.308, 3.027, 4.601, 6.584, 7.859, 8.525, 8.72, 8.686, 10.303, 12.502, 12.707, 12.634, 12.922, 13.606, 14.174, 14.73, 14.919, 15.172, 17.667, 19.651, 19.848, 19.612, 19.909, 20.366, 20.59, 20.854, 20.913, 21.498, 22.183, 22.194, 21.928, 21.621, 22.47, 23.01, 23.021, 23.346, 23.737, 23.714], [29.125, 28.691, 28.753, 28.648, 27.655, 26.828, 27.174, 27.456, 27.283, 25.975, 24.814, 25.37, 26.638, 27.315, 27.198, 27.353, 27.77, 28.049, 28.002, 27.801, 27.433, 27.421, 27.482, 27.48, 27.707, 27.612, 27.28, 27.189, 27.508, 27.84, 28.223, 27.97, 27.049, 27.284, 28.594, 29.244, 28.846, 28.165, 27.697, 27.379, 26.649, 26.132, 26.289, 25.324, 21.72, 15.019, 7.397, 2.308, 0.0, 1.517, 3.778, 6.211, 7.779, 8.506, 8.775, 8.815, 10.405, 12.622, 12.775, 12.673, 13.023, 13.726, 14.281, 14.829, 15.029, 15.335, 17.865, 19.842, 20.028, 19.758, 20.013, 20.418, 20.598, 20.845, 20.918, 21.485, 22.147, 22.166, 21.926, 21.71, 22.679, 23.271, 23.295, 23.607, 24.001, 23.975], [29.123, 28.686, 28.749, 28.649, 27.668, 26.838, 27.172, 27.458, 27.277, 25.964, 24.782, 25.325, 26.612, 27.306, 27.201, 27.368, 27.803, 28.092, 28.049, 27.85, 27.477, 27.465, 27.528, 27.524, 27.749, 27.65, 27.31, 27.22, 27.54, 27.875, 28.259, 28.003, 27.056, 27.262, 28.556, 29.205, 28.806, 28.117, 27.641, 27.315, 26.576, 26.057, 26.211, 25.268, 21.731, 15.169, 7.673, 3.027, 1.517, 0.0, 2.763, 5.481, 7.152, 7.941, 8.298, 8.404, 9.999, 12.267, 12.4, 12.319, 12.751, 13.462, 13.987, 14.52, 14.725, 15.064, 17.686, 19.701, 19.892, 19.605, 19.833, 20.223, 20.38, 20.609, 20.699, 21.253, 21.914, 21.937, 21.687, 21.577, 22.684, 23.31, 23.336, 23.677, 24.094, 24.066], [29.511, 29.08, 29.141, 29.052, 28.138, 27.358, 27.688, 27.965, 27.753, 26.485, 25.241, 25.635, 26.886, 27.602, 27.514, 27.714, 28.231, 28.571, 28.541, 28.352, 27.982, 27.971, 28.019, 27.999, 28.213, 28.1, 27.753, 27.66, 27.982, 28.266, 28.512, 28.14, 27.12, 27.25, 28.478, 29.111, 28.726, 28.051, 27.574, 27.232, 26.477, 25.959, 26.11, 25.242, 21.966, 15.908, 8.832, 4.601, 3.778, 2.763, 0.0, 3.353, 5.527, 6.42, 7.023, 7.251, 8.976, 11.521, 11.667, 11.649, 12.168, 12.849, 13.3, 13.777, 14.046, 14.687, 17.717, 19.875, 20.076, 19.742, 19.878, 20.207, 20.287, 20.434, 20.544, 21.038, 21.654, 21.69, 21.499, 21.669, 23.097, 23.802, 23.821, 24.238, 24.742, 24.721], [29.8, 29.389, 29.452, 29.376, 28.529, 27.776, 28.089, 28.336, 28.056, 26.857, 25.723, 26.18, 27.437, 28.162, 28.084, 28.297, 28.862, 29.262, 29.264, 29.077, 28.714, 28.696, 28.731, 28.706, 28.922, 28.806, 28.465, 28.38, 28.697, 28.946, 29.09, 28.616, 27.543, 27.619, 28.786, 29.41, 29.062, 28.432, 27.989, 27.632, 26.852, 26.335, 26.486, 25.733, 22.742, 17.044, 10.225, 6.584, 6.211, 5.481, 3.353, 0.0, 2.856, 4.124, 5.086, 5.593, 7.388, 10.209, 10.33, 10.356, 10.969, 11.621, 12.024, 12.46, 12.783, 13.832, 17.45, 19.819, 20.02, 19.612, 19.638, 19.885, 19.856, 19.907, 20.041, 20.5, 21.093, 21.139, 21.046, 21.607, 23.446, 24.239, 24.241, 24.707, 25.29, 25.348], [29.875, 29.46, 29.523, 29.453, 28.592, 27.786, 28.087, 28.343, 28.042, 26.82, 25.722, 26.309, 27.613, 28.342, 28.268, 28.478, 29.047, 29.47, 29.495, 29.311, 28.947, 28.922, 28.969, 28.959, 29.177, 29.061, 28.724, 28.647, 28.963, 29.217, 29.375, 28.925, 27.879, 27.974, 29.139, 29.772, 29.464, 28.861, 28.423, 28.066, 27.294, 26.787, 26.95, 26.273, 23.385, 17.698, 10.907, 7.859, 7.779, 7.152, 5.527, 2.856, 0.0, 2.026, 3.533, 4.349, 6.025, 8.922, 9.105, 9.164, 9.816, 10.44, 10.832, 11.258, 11.554, 12.777, 16.848, 19.385, 19.576, 19.1, 19.016, 19.236, 19.201, 19.228, 19.381, 19.825, 20.418, 20.484, 20.419, 21.187, 23.287, 24.148, 24.131, 24.603, 25.192, 25.293], [30.084, 29.674, 29.727, 29.653, 28.808, 28.012, 28.307, 28.564, 28.263, 27.037, 25.913, 26.456, 27.73, 28.449, 28.372, 28.585, 29.161, 29.59, 29.621, 29.451, 29.112, 29.094, 29.133, 29.117, 29.33, 29.208, 28.869, 28.795, 29.111, 29.35, 29.475, 29.032, 28.027, 28.146, 29.303, 29.924, 29.625, 29.048, 28.619, 28.262, 27.501, 27.0, 27.17, 26.559, 23.762, 18.118, 11.412, 8.525, 8.506, 7.941, 6.42, 4.124, 2.026, 0.0, 2.138, 3.35, 5.262, 8.395, 8.608, 8.62, 9.229, 9.8, 10.134, 10.526, 10.914, 12.343, 16.669, 19.319, 19.519, 19.016, 18.859, 19.049, 19.031, 19.055, 19.226, 19.634, 20.193, 20.266, 20.255, 21.165, 23.407, 24.315, 24.29, 24.751, 25.343, 25.449], [30.03, 29.642, 29.689, 29.602, 28.747, 27.95, 28.243, 28.502, 28.2, 26.972, 25.863, 26.424, 27.692, 28.392, 28.299, 28.51, 29.076, 29.498, 29.523, 29.359, 29.053, 29.04, 29.075, 29.054, 29.266, 29.143, 28.799, 28.725, 29.039, 29.271, 29.394, 28.988, 28.028, 28.163, 29.307, 29.91, 29.601, 29.027, 28.613, 28.27, 27.521, 27.024, 27.199, 26.629, 23.843, 18.149, 11.499, 8.72, 8.775, 8.298, 7.023, 5.086, 3.533, 2.138, 0.0, 1.786, 4.545, 7.957, 8.184, 8.112, 8.68, 9.253, 9.587, 10.012, 10.466, 11.899, 16.281, 19.026, 19.254, 18.75, 18.618, 18.857, 18.886, 18.925, 19.098, 19.538, 20.113, 20.165, 20.141, 21.033, 23.289, 24.221, 24.199, 24.642, 25.237, 25.359], [29.951, 29.577, 29.624, 29.535, 28.665, 27.851, 28.147, 28.415, 28.119, 26.899, 25.825, 26.38, 27.636, 28.323, 28.223, 28.435, 28.996, 29.411, 29.433, 29.269, 28.968, 28.96, 29.005, 28.987, 29.194, 29.069, 28.724, 28.649, 28.96, 29.182, 29.301, 28.895, 27.941, 28.074, 29.212, 29.813, 29.499, 28.92, 28.498, 28.163, 27.424, 26.935, 27.113, 26.534, 23.707, 17.959, 11.371, 8.686, 8.815, 8.404, 7.251, 5.593, 4.349, 3.35, 1.786, 0.0, 4.044, 7.734, 7.995, 7.93, 8.489, 9.15, 9.566, 10.018, 10.472, 11.854, 16.169, 18.91, 19.135, 18.629, 18.528, 18.826, 18.916, 18.977, 19.125, 19.602, 20.214, 20.27, 20.25, 21.039, 23.21, 24.132, 24.113, 24.556, 25.166, 25.296], [29.852, 29.478, 29.533, 29.471, 28.682, 27.874, 28.12, 28.368, 28.037, 27.004, 26.298, 27.079, 28.302, 28.916, 28.82, 29.004, 29.502, 29.876, 29.886, 29.719, 29.423, 29.419, 29.522, 29.57, 29.78, 29.668, 29.342, 29.266, 29.56, 29.788, 29.896, 29.489, 28.587, 28.686, 29.724, 30.281, 29.981, 29.429, 29.016, 28.693, 27.99, 27.543, 27.721, 27.201, 24.617, 19.358, 12.965, 10.303, 10.405, 9.999, 8.976, 7.388, 6.025, 5.262, 4.545, 4.044, 0.0, 4.179, 4.806, 5.145, 6.389, 7.162, 7.499, 8.045, 8.757, 10.826, 16.087, 19.155, 19.375, 18.765, 18.489, 18.742, 18.941, 19.037, 19.257, 19.547, 19.991, 20.081, 20.153, 21.216, 23.702, 24.692, 24.65, 25.073, 25.646, 25.748], [29.879, 29.492, 29.552, 29.508, 28.768, 27.94, 28.125, 28.352, 27.995, 27.086, 26.694, 27.746, 28.98, 29.53, 29.435, 29.582, 30.007, 30.335, 30.341, 30.173, 29.88, 29.868, 30.032, 30.182, 30.418, 30.321, 30.017, 29.947, 30.23, 30.486, 30.646, 30.283, 29.45, 29.541, 30.51, 31.035, 30.75, 30.227, 29.826, 29.516, 28.852, 28.441, 28.618, 28.129, 25.673, 20.793, 14.812, 12.502, 12.622, 12.267, 11.521, 10.209, 8.922, 8.395, 7.957, 7.734, 4.179, 0.0, 1.91, 3.322, 5.146, 5.903, 6.205, 6.959, 7.962, 10.435, 16.259, 19.565, 19.788, 19.127, 18.766, 19.051, 19.438, 19.615, 19.867, 20.011, 20.323, 20.428, 20.558, 21.728, 24.3, 25.295, 25.24, 25.63, 26.149, 26.223], [30.054, 29.677, 29.743, 29.714, 28.999, 28.173, 28.338, 28.544, 28.15, 27.215, 26.8, 27.847, 29.094, 29.66, 29.572, 29.711, 30.14, 30.482, 30.492, 30.325, 30.038, 30.028, 30.187, 30.346, 30.606, 30.511, 30.205, 30.141, 30.423, 30.687, 30.855, 30.453, 29.566, 29.637, 30.614, 31.153, 30.88, 30.366, 29.98, 29.661, 28.973, 28.548, 28.722, 28.255, 25.857, 21.011, 15.042, 12.707, 12.775, 12.4, 11.667, 10.33, 9.105, 8.608, 8.184, 7.995, 4.806, 1.91, 0.0, 2.159, 4.507, 5.365, 5.715, 6.559, 7.766, 10.517, 16.476, 19.805, 20.022, 19.342, 18.979, 19.246, 19.578, 19.721, 19.969, 20.106, 20.416, 20.53, 20.687, 21.947, 24.589, 25.584, 25.531, 25.928, 26.439, 26.503], [30.012, 29.629, 29.699, 29.666, 28.911, 28.059, 28.225, 28.432, 28.041, 27.068, 26.62, 27.631, 28.877, 29.463, 29.369, 29.509, 29.945, 30.296, 30.307, 30.134, 29.851, 29.842, 29.988, 30.125, 30.39, 30.306, 30.005, 29.947, 30.234, 30.507, 30.703, 30.338, 29.491, 29.613, 30.632, 31.176, 30.903, 30.4, 30.031, 29.712, 29.018, 28.582, 28.759, 28.283, 25.819, 20.839, 14.904, 12.634, 12.673, 12.319, 11.649, 10.356, 9.164, 8.62, 8.112, 7.93, 5.145, 3.322, 2.159, 0.0, 2.876, 4.053, 4.771, 5.889, 7.26, 10.077, 16.067, 19.42, 19.639, 18.959, 18.631, 18.877, 19.164, 19.332, 19.566, 19.768, 20.145, 20.257