[[0.0, 1.394, 3.657, 5.949, 7.856, 8.954, 9.432, 10.125, 10.639, 10.943, 10.791, 10.921, 11.358, 11.833, 12.675, 13.507, 14.974, 15.892, 16.032, 16.254, 16.419, 16.643, 16.785, 16.94, 17.107, 16.409, 16.642, 17.223, 18.397, 19.571, 19.64, 20.671, 20.652, 20.579, 20.523, 20.511, 21.123, 21.83, 22.458, 22.419, 22.564, 22.513, 22.747, 22.745, 22.455, 21.941, 21.223, 20.74, 20.829, 20.953, 20.69, 20.62, 21.254, 22.112, 22.431, 22.329, 22.509, 22.58, 22.619, 22.753, 22.886, 22.996, 23.206, 23.502, 24.126, 25.651, 25.545, 24.812, 25.047, 26.117, 27.067, 26.938, 26.658, 26.515, 26.02, 25.493, 25.495, 25.424, 24.969, 24.834, 25.366, 25.954, 26.182, 26.232, 26.246, 25.763], [1.394, 0.0, 2.692, 5.238, 7.313, 8.519, 9.064, 9.819, 10.336, 10.64, 10.494, 10.648, 11.063, 11.536, 12.413, 13.257, 14.719, 15.625, 15.754, 15.967, 16.139, 16.382, 16.54, 16.704, 16.842, 16.047, 16.273, 16.918, 18.154, 19.399, 19.493, 20.539, 20.512, 20.414, 20.356, 20.372, 21.037, 21.756, 22.385, 22.344, 22.488, 22.426, 22.66, 22.661, 22.367, 21.849, 21.13, 20.638, 20.724, 20.847, 20.55, 20.437, 21.047, 21.901, 22.218, 22.117, 22.307, 22.386, 22.428, 22.56, 22.684, 22.784, 22.989, 23.289, 23.925, 25.466, 25.348, 24.608, 24.836, 25.917, 26.886, 26.763, 26.476, 26.346, 25.86, 25.332, 25.338, 25.266, 24.8, 24.662, 25.197, 25.792, 26.023, 26.078, 26.106, 25.637], [3.657, 2.692, 0.0, 3.086, 5.919, 7.534, 8.243, 9.114, 9.653, 9.93, 9.743, 10.001, 10.524, 10.995, 11.893, 12.751, 14.241, 15.128, 15.224, 15.429, 15.583, 15.834, 15.99, 16.147, 16.256, 15.281, 15.379, 16.13, 17.5, 18.855, 18.99, 20.102, 20.058, 19.924, 19.857, 19.93, 20.781, 21.598, 22.237, 22.191, 22.325, 22.235, 22.47, 22.467, 22.157, 21.62, 20.879, 20.357, 20.446, 20.57, 20.224, 20.072, 20.694, 21.57, 21.891, 21.791, 21.989, 22.075, 22.122, 22.257, 22.364, 22.438, 22.633, 22.95, 23.634, 25.245, 25.12, 24.382, 24.616, 25.733, 26.74, 26.632, 26.351, 26.241, 25.748, 25.21, 25.229, 25.164, 24.688, 24.547, 25.099, 25.716, 25.963, 26.025, 26.053, 25.576], [5.949, 5.238, 3.086, 0.0, 3.698, 6.078, 7.123, 8.118, 8.716, 9.003, 8.779, 9.144, 9.742, 10.24, 11.121, 11.988, 13.474, 14.282, 14.37, 14.598, 14.756, 15.054, 15.222, 15.356, 15.429, 14.379, 14.521, 15.491, 17.034, 18.477, 18.705, 19.931, 19.858, 19.687, 19.63, 19.762, 20.756, 21.64, 22.288, 22.237, 22.365, 22.249, 22.478, 22.476, 22.154, 21.599, 20.861, 20.344, 20.448, 20.549, 20.122, 19.914, 20.507, 21.355, 21.663, 21.561, 21.761, 21.861, 21.923, 22.057, 22.132, 22.152, 22.319, 22.647, 23.362, 25.021, 24.908, 24.182, 24.432, 25.561, 26.6, 26.519, 26.258, 26.151, 25.628, 25.078, 25.115, 25.062, 24.581, 24.432, 24.986, 25.612, 25.873, 25.941, 25.958, 25.485], [7.856, 7.313, 5.919, 3.698, 0.0, 3.269, 5.026, 6.238, 7.025, 7.418, 7.271, 7.646, 8.224, 8.797, 9.723, 10.668, 12.145, 12.977, 13.193, 13.484, 13.652, 14.009, 14.241, 14.371, 14.439, 13.745, 14.396, 15.675, 17.303, 18.732, 19.041, 20.32, 20.239, 20.121, 20.111, 20.284, 21.226, 22.049, 22.707, 22.664, 22.795, 22.675, 22.879, 22.873, 22.561, 22.007, 21.303, 20.858, 20.983, 21.054, 20.597, 20.329, 20.784, 21.518, 21.803, 21.708, 21.896, 21.996, 22.054, 22.173, 22.231, 22.212, 22.365, 22.703, 23.389, 25.002, 24.919, 24.242, 24.528, 25.613, 26.631, 26.595, 26.374, 26.235, 25.701, 25.158, 25.207, 25.177, 24.713, 24.554, 25.079, 25.685, 25.942, 26.002, 25.988, 25.518], [8.954, 8.519, 7.534, 6.078, 3.269, 0.0, 2.522, 4.344, 5.496, 6.085, 6.089, 6.373, 6.992, 7.733, 8.694, 9.677, 11.215, 12.222, 12.58, 12.923, 13.109, 13.489, 13.785, 13.98, 14.124, 13.864, 14.97, 16.334, 17.887, 19.232, 19.576, 20.833, 20.789, 20.75, 20.767, 20.931, 21.769, 22.553, 23.222, 23.196, 23.324, 23.208, 23.383, 23.364, 23.063, 22.526, 21.84, 21.445, 21.567, 21.64, 21.253, 21.011, 21.394, 22.057, 22.329, 22.24, 22.41, 22.484, 22.523, 22.64, 22.723, 22.731, 22.902, 23.237, 23.87, 25.405, 25.346, 24.716, 25.015, 26.051, 27.016, 26.996, 26.792, 26.631, 26.107, 25.578, 25.612, 25.592, 25.176, 25.037, 25.541, 26.117, 26.359, 26.404, 26.371, 25.904], [9.432, 9.064, 8.243, 7.123, 5.026, 2.522, 0.0, 2.617, 4.443, 5.294, 5.399, 5.625, 6.246, 7.065, 8.062, 9.033, 10.588, 11.652, 12.059, 12.43, 12.631, 13.038, 13.38, 13.615, 13.929, 14.051, 15.387, 16.709, 18.146, 19.387, 19.698, 20.952, 20.973, 20.992, 21.013, 21.154, 21.935, 22.729, 23.411, 23.395, 23.525, 23.425, 23.586, 23.56, 23.264, 22.736, 22.055, 21.681, 21.801, 21.873, 21.527, 21.306, 21.66, 22.285, 22.548, 22.468, 22.632, 22.692, 22.718, 22.83, 22.922, 22.95, 23.142, 23.48, 24.09, 25.592, 25.543, 24.933, 25.231, 26.245, 27.19, 27.185, 27.006, 26.839, 26.32, 25.807, 25.832, 25.811, 25.429, 25.307, 25.795, 26.353, 26.589, 26.639, 26.624, 26.177], [10.125, 9.819, 9.114, 8.118, 6.238, 4.344, 2.617, 0.0, 2.547, 3.98, 4.33, 4.586, 5.342, 6.197, 7.119, 8.001, 9.531, 10.733, 11.284, 11.708, 11.906, 12.33, 12.687, 12.926, 13.392, 13.957, 15.587, 16.911, 18.243, 19.37, 19.654, 20.94, 21.003, 21.085, 21.129, 21.268, 22.0, 22.806, 23.514, 23.506, 23.648, 23.582, 23.734, 23.703, 23.417, 22.897, 22.232, 21.901, 22.022, 22.081, 21.775, 21.556, 21.826, 22.384, 22.66, 22.613, 22.781, 22.836, 22.848, 22.94, 23.032, 23.075, 23.29, 23.633, 24.221, 25.695, 25.663, 25.081, 25.392, 26.408, 27.37, 27.417, 27.284, 27.115, 26.595, 26.085, 26.105, 26.08, 25.702, 25.564, 26.02, 26.554, 26.78, 26.829, 26.821, 26.398], [10.639, 10.336, 9.653, 8.716, 7.025, 5.496, 4.443, 2.547, 0.0, 1.991, 2.782, 3.23, 4.291, 5.43, 6.398, 7.234, 8.855, 10.244, 10.898, 11.354, 11.585, 12.007, 12.312, 12.54, 13.005, 13.569, 15.348, 16.752, 18.097, 19.231, 19.508, 20.816, 20.883, 20.992, 21.047, 21.199, 21.932, 22.761, 23.496, 23.494, 23.643, 23.588, 23.738, 23.705, 23.417, 22.897, 22.24, 21.911, 22.018, 22.081, 21.796, 21.572, 21.812, 22.361, 22.656, 22.628, 22.807, 22.861, 22.857, 22.932, 23.023, 23.071, 23.275, 23.596, 24.165, 25.642, 25.626, 25.064, 25.39, 26.424, 27.419, 27.512, 27.41, 27.249, 26.72, 26.192, 26.21, 26.177, 25.778, 25.617, 26.054, 26.578, 26.8, 26.841, 26.827, 26.409], [10.943, 10.64, 9.93, 9.003, 7.418, 6.085, 5.294, 3.98, 1.991, 0.0, 1.381, 2.24, 3.457, 4.884, 6.07, 6.921, 8.684, 10.236, 10.966, 11.45, 11.68, 12.076, 12.32, 12.515, 12.981, 13.365, 15.048, 16.497, 17.902, 19.103, 19.424, 20.776, 20.831, 20.94, 20.999, 21.16, 21.917, 22.759, 23.497, 23.5, 23.651, 23.59, 23.739, 23.71, 23.417, 22.895, 22.242, 21.899, 21.997, 22.075, 21.794, 21.564, 21.828, 22.407, 22.712, 22.685, 22.865, 22.914, 22.9, 22.971, 23.06, 23.104, 23.292, 23.595, 24.16, 25.655, 25.654, 25.107, 25.436, 26.472, 27.477, 27.591, 27.483, 27.31, 26.772, 26.237, 26.266, 26.227, 25.803, 25.632, 26.072, 26.598, 26.819, 26.853, 26.819, 26.374], [10.791, 10.494, 9.743, 8.779, 7.271, 6.089, 5.399, 4.33, 2.782, 1.381, 0.0, 1.546, 3.163, 4.595, 5.959, 6.856, 8.724, 10.312, 11.038, 11.544, 11.736, 12.121, 12.362, 12.552, 13.055, 13.251, 14.662, 16.08, 17.541, 18.791, 19.164, 20.564, 20.609, 20.708, 20.762, 20.92, 21.711, 22.581, 23.326, 23.328, 23.48, 23.411, 23.566, 23.536, 23.238, 22.707, 22.035, 21.668, 21.766, 21.855, 21.568, 21.343, 21.664, 22.298, 22.611, 22.577, 22.756, 22.805, 22.8, 22.882, 22.972, 23.009, 23.197, 23.504, 24.084, 25.617, 25.626, 25.08, 25.419, 26.47, 27.482, 27.589, 27.464, 27.273, 26.713, 26.164, 26.202, 26.168, 25.734, 25.563, 26.02, 26.563, 26.792, 26.821, 26.767, 26.285], [10.921, 10.648, 10.001, 9.144, 7.646, 6.373, 5.625, 4.586, 3.23, 2.24, 1.546, 0.0, 2.432, 4.128, 5.529, 6.442, 8.417, 10.097, 10.847, 11.382, 11.571, 11.977, 12.264, 12.502, 13.064, 13.309, 14.717, 16.066, 17.525, 18.778, 19.147, 20.529, 20.578, 20.693, 20.756, 20.903, 21.669, 22.542, 23.291, 23.294, 23.445, 23.375, 23.528, 23.493, 23.199, 22.677, 21.996, 21.646, 21.76, 21.857, 21.591, 21.386, 21.722, 22.37, 22.687, 22.651, 22.831, 22.88, 22.873, 22.956, 23.049, 23.089, 23.28, 23.588, 24.169, 25.703, 25.706, 25.145, 25.474, 26.522, 27.525, 27.622, 27.487, 27.287, 26.72, 26.169, 26.208, 26.177, 25.746, 25.584, 26.05, 26.599, 26.832, 26.861, 26.793, 26.287], [11.358, 11.063, 10.524, 9.742, 8.224, 6.992, 6.246, 5.342, 4.291, 3.457, 3.163, 2.432, 0.0, 2.635, 4.745, 5.817, 8.005, 9.783, 10.601, 11.165, 11.367, 11.787, 12.105, 12.342, 12.958, 13.327, 14.814, 16.183, 17.632, 18.876, 19.289, 20.684, 20.772, 20.908, 20.969, 21.108, 21.842, 22.681, 23.414, 23.414, 23.572, 23.509, 23.663, 23.629, 23.34, 22.813, 22.149, 21.802, 21.91, 22.009, 21.738, 21.539, 21.876, 22.506, 22.807, 22.764, 22.939, 22.986, 22.98, 23.059, 23.151, 23.187, 23.363, 23.67, 24.268, 25.807, 25.807, 25.226, 25.546, 26.588, 27.589, 27.692, 27.543, 27.325, 26.745, 26.191, 26.236, 26.202, 25.761, 25.599, 26.067, 26.613, 26.845, 26.875, 26.808, 26.301], [11.833, 11.536, 10.995, 10.24, 8.797, 7.733, 7.065, 6.197, 5.43, 4.884, 4.595, 4.128, 2.635, 0.0, 2.943, 4.449, 6.718, 8.591, 9.542, 10.17, 10.288, 10.716, 11.146, 11.465, 12.161, 12.805, 14.434, 15.849, 17.333, 18.528, 18.967, 20.493, 20.636, 20.78, 20.849, 20.99, 21.703, 22.535, 23.29, 23.292, 23.457, 23.407, 23.564, 23.53, 23.246, 22.714, 22.065, 21.792, 21.951, 22.035, 21.757, 21.55, 21.855, 22.463, 22.765, 22.725, 22.897, 22.946, 22.942, 23.017, 23.102, 23.129, 23.318, 23.649, 24.253, 25.779, 25.778, 25.182, 25.514, 26.562, 27.562, 27.675, 27.534, 27.309, 26.736, 26.185, 26.241, 26.212, 25.776, 25.621, 26.093, 26.633, 26.865, 26.896, 26.832, 26.342], [12.675, 12.413, 11.893, 11.121, 9.723, 8.694, 8.062, 7.119, 6.398, 6.07, 5.959, 5.529, 4.745, 2.943, 0.0, 2.275, 5.047, 7.116, 8.243, 8.918, 9.032, 9.521, 10.057, 10.599, 11.237, 12.183, 14.408, 15.936, 17.463, 18.616, 18.979, 20.514, 20.703, 20.859, 20.939, 21.078, 21.761, 22.591, 23.352, 23.364, 23.531, 23.481, 23.631, 23.602, 23.326, 22.819, 22.194, 21.997, 22.207, 22.278, 22.004, 21.817, 22.096, 22.673, 22.974, 22.933, 23.096, 23.148, 23.151, 23.223, 23.307, 23.329, 23.502, 23.805, 24.38, 25.846, 25.829, 25.226, 25.529, 26.547, 27.524, 27.637, 27.517, 27.325, 26.794, 26.27, 26.324, 26.293, 25.892, 25.759, 26.216, 26.732, 26.951, 26.992, 26.953, 26.499], [13.507, 13.257, 12.751, 11.988, 10.668, 9.677, 9.033, 8.001, 7.234, 6.921, 6.856, 6.442, 5.817, 4.449, 2.275, 0.0, 3.585, 6.248, 7.667, 8.45, 8.612, 9.156, 9.744, 10.374, 11.116, 12.102, 14.395, 15.935, 17.445, 18.593, 18.996, 20.562, 20.785, 20.984, 21.086, 21.228, 21.892, 22.729, 23.489, 23.505, 23.672, 23.629, 23.765, 23.732, 23.464, 22.972, 22.349, 22.163, 22.375, 22.459, 22.23, 22.083, 22.369, 22.946, 23.258, 23.227, 23.385, 23.43, 23.425, 23.488, 23.569, 23.594, 23.759, 24.034, 24.586, 26.049, 26.038, 25.446, 25.745, 26.764, 27.753, 27.903, 27.797, 27.613, 27.082, 26.56, 26.616, 26.583, 26.193, 26.068, 26.521, 27.028, 27.242, 27.276, 27.227, 26.762], [14.974, 14.719, 14.241, 13.474, 12.145, 11.215, 10.588, 9.531, 8.855, 8.684, 8.724, 8.417, 8.005, 6.718, 5.047, 3.585, 0.0, 3.613, 5.781, 6.832, 7.025, 7.64, 8.466, 9.264, 10.234, 11.826, 14.563, 16.196, 17.618, 18.606, 18.963, 20.648, 20.908, 21.157, 21.318, 21.481, 22.089, 22.915, 23.702, 23.722, 23.895, 23.872, 23.991, 23.952, 23.692, 23.21, 22.608, 22.521, 22.782, 22.848, 22.668, 22.509, 22.667, 23.144, 23.465, 23.469, 23.63, 23.674, 23.651, 23.683, 23.746, 23.772, 23.956, 24.232, 24.726, 26.117, 26.11, 25.572, 25.897, 26.895, 27.884, 28.115, 28.088, 27.942, 27.434, 26.932, 26.994, 26.965, 26.6, 26.481, 26.908, 27.381, 27.578, 27.609, 27.568, 27.151], [15.892, 15.625, 15.128, 14.282, 12.977, 12.222, 11.652, 10.733, 10.244, 10.236, 10.312, 10.097, 9.783, 8.591, 7.116, 6.248, 3.613, 0.0, 2.847, 4.351, 4.803, 5.791, 6.971, 8.002, 9.104, 11.428, 14.873, 16.636, 17.998, 18.79, 18.959, 20.605, 20.847, 21.081, 21.253, 21.414, 22.022, 22.842, 23.623, 23.644, 23.818, 23.786, 23.907, 23.866, 23.601, 23.125, 22.551, 22.518, 22.815, 22.854, 22.631, 22.431, 22.543, 22.964, 23.251, 23.249, 23.412, 23.479, 23.478, 23.502, 23.536, 23.532, 23.707, 23.991, 24.487, 25.838, 25.789, 25.246, 25.557, 26.53, 27.517, 27.774, 27.808, 27.712, 27.223, 26.743, 26.805, 26.784, 26.454, 26.351, 26.766, 27.226, 27.427, 27.484, 27.488, 27.127], [16.032, 15.754, 15.224, 14.37, 13.193, 12.58, 12.059, 11.284, 10.898, 10.966, 11.038, 10.847, 10.601, 9.542, 8.243, 7.667, 5.781, 2.847, 0.0, 2.05, 3.265, 4.821, 6.236, 7.455, 8.53, 11.093, 14.864, 16.725, 18.14, 18.878, 18.815, 20.326, 20.55, 20.755, 20.909, 21.066, 21.722, 22.554, 23.318, 23.334, 23.492, 23.442, 23.579, 23.534, 23.253, 22.771, 22.193, 22.14, 22.443, 22.477, 22.213, 22.003, 22.177, 22.635, 22.905, 22.885, 23.055, 23.139, 23.153, 23.18, 23.194, 23.169, 23.33, 23.621, 24.152, 25.517, 25.434, 24.859, 25.152, 26.138, 27.141, 27.381, 27.421, 27.358, 26.878, 26.404, 26.458, 26.446, 26.127, 26.024, 26.449, 26.927, 27.144, 27.222, 27.258, 26.91], [16.254, 15.967, 15.429, 14.598, 13.484, 12.923, 12.43, 11.708, 11.354, 11.45, 11.544, 11.382, 11.165, 10.17, 8.918, 8.45, 6.832, 4.351, 2.05, 0.0, 2.355, 4.581, 6.167, 7.454, 8.334, 11.031, 15.054, 16.972, 18.388, 19.127, 18.954, 20.372, 20.612, 20.799, 20.937, 21.098, 21.77, 22.597, 23.345, 23.357, 23.503, 23.448, 23.596, 23.552, 23.269, 22.789, 22.218, 22.159, 22.464, 22.492, 22.203, 21.963, 22.116, 22.565, 22.825, 22.799, 22.971, 23.062, 23.08, 23.101, 23.104, 23.073, 23.231, 23.518, 24.04, 25.375, 25.281, 24.708, 24.995, 25.972, 26.98, 27.227, 27.283, 27.245, 26.799, 26.347, 26.392, 26.383, 26.08, 25.978, 26.396, 26.875, 27.098, 27.191, 27.258, 26.937], [16.419, 16.139, 15.583, 14.756, 13.652, 13.109, 12.631, 11.906, 11.585, 11.68, 11.736, 11.571, 11.367, 10.288, 9.032, 8.612, 7.025, 4.803, 3.265, 2.355, 0.0, 2.841, 4.942, 6.389, 7.431, 10.464, 14.584, 16.607, 18.066, 18.828, 18.668, 20.157, 20.416, 20.597, 20.745, 20.916, 21.596, 22.453, 23.243, 23.253, 23.408, 23.362, 23.513, 23.473, 23.192, 22.709, 22.13, 22.096, 22.424, 22.443, 22.157, 21.918, 22.068, 22.529, 22.819, 22.807, 22.971, 23.061, 23.083, 23.11, 23.113, 23.078, 23.242, 23.545, 24.098, 25.468, 25.38, 24.819, 25.116, 26.085, 27.092, 27.364, 27.438, 27.377, 26.913, 26.454, 26.509, 26.507, 26.193, 26.081, 26.499, 26.983, 27.212, 27.303, 27.35, 27.004], [16.643, 16.382, 15.834, 15.054, 14.009, 13.489, 13.038, 12.33, 12.007, 12.076, 12.121, 11.977, 11.787, 10.716, 9.521, 9.156, 7.64, 5.791, 4.821, 4.581, 2.841, 0.0, 2.659, 4.596, 6.039, 9.541, 13.908, 16.137, 17.694, 18.482, 18.263, 19.831, 20.136, 20.336, 20.503, 20.685, 21.377, 22.242, 23.068, 23.071, 23.246, 23.217, 23.366, 23.332, 23.05, 22.556, 21.978, 21.983, 22.35, 22.355, 22.089, 21.9, 22.098, 22.592, 22.932, 22.956, 23.116, 23.19, 23.194, 23.207, 23.204, 23.168, 23.334, 23.641, 24.214, 25.613, 25.533, 24.982, 25.288, 26.259, 27.268, 27.558, 27.65, 27.587, 27.115, 26.648, 26.711, 26.709, 26.378, 26.244, 26.66, 27.145, 27.376, 27.468, 27.496, 27.124], [16.785, 16.54, 15.99, 15.222, 14.241, 13.785, 13.38, 12.687, 12.312, 12.32, 12.362, 12.264, 12.105, 11.146, 10.057, 9.744, 8.466, 6.971, 6.236, 6.167, 4.942, 2.659, 0.0, 2.524, 4.561, 8.641, 13.397, 15.841, 17.476, 18.278, 17.946, 19.534, 19.872, 20.093, 20.273, 20.473, 21.199, 22.066, 22.895, 22.89, 23.078, 23.052, 23.197, 23.17, 22.891, 22.389, 21.82, 21.83, 22.214, 22.211, 21.93, 21.739, 21.952, 22.459, 22.814, 22.859, 23.023, 23.09, 23.079, 23.073, 23.049, 22.997, 23.154, 23.467, 24.063, 25.494, 25.415, 24.856, 25.156, 26.14, 27.183, 27.503, 27.611, 27.548, 27.075, 26.606, 26.676, 26.668, 26.32, 26.166, 26.574, 27.061, 27.3, 27.404, 27.434, 27.06], [16.94, 16.704, 16.147, 15.356, 14.371, 13.98, 13.615, 12.926, 12.54, 12.515, 12.552, 12.502, 12.342, 11.465, 10.599, 10.374, 9.264, 8.002, 7.455, 7.454, 6.389, 4.596, 2.524, 0.0, 3.376, 8.324, 13.238, 15.794, 17.404, 18.164, 17.792, 19.41, 19.753, 19.984, 20.174, 20.385, 21.118, 21.998, 22.84, 22.834, 23.029, 23.012, 23.153, 23.131, 22.858, 22.358, 21.81, 21.818, 22.202, 22.184, 21.878, 21.631, 21.772, 22.224, 22.571, 22.627, 22.792, 22.858, 22.841, 22.814, 22.759, 22.675, 22.833, 23.177, 23.786, 25.244, 25.172, 24.608, 24.913, 25.903, 26.99, 27.372, 27.516, 27.433, 26.947, 26.485, 26.569, 26.561, 26.196, 26.014, 26.399, 26.88, 27.127, 27.245, 27.286, 26.933], [17.107, 16.842, 16.256, 15.429, 14.439, 14.124, 13.929, 13.392, 13.005, 12.981, 13.055, 13.064, 12.958, 12.161, 11.237, 11.116, 10.234, 9.104, 8.53, 8.334, 7.431, 6.039, 4.561, 3.376, 0.0, 6.5, 12.667, 15.633, 17.481, 18.422, 17.913, 19.434, 19.78, 19.911, 20.074, 20.311, 21.094, 21.936, 22.765, 22.755, 22.938, 22.9, 23.06, 23.052, 22.781, 22.284, 21.758, 21.771, 22.168, 22.111, 21.713, 21.384, 21.464, 21.879, 22.203, 22.236, 22.387, 22.474, 22.478, 22.44, 22.342, 22.21, 22.319, 22.639, 23.255, 24.709, 24.625, 24.066, 24.351, 25.317, 26.411, 26.822, 27.039, 27.019, 26.582, 26.153, 26.249, 26.246, 25.893, 25.71, 26.076, 26.546, 26.794, 26.942, 27.052, 26.784], [16.409, 16.047, 15.281, 14.379, 13.745, 13.864, 14.051, 13.957, 13.569, 13.365, 13.251, 13.309, 13.327, 12.805, 12.183, 12.102, 11.826, 11.428, 11.093, 11.031, 10.464, 9.541, 8.641, 8.324, 6.5, 0.0, 8.039, 12.407, 15.136, 16.813, 16.531, 18.224, 18.546, 18.558, 18.685, 18.99, 20.03, 20.976, 21.835, 21.808, 21.975, 21.865, 22.061, 22.065, 21.764, 21.204, 20.573, 20.433, 20.826, 20.801, 20.318, 19.952, 20.238, 20.918, 21.314, 21.329, 21.498, 21.568, 21.57, 21.57, 21.492, 21.368, 21.438, 21.697, 22.435, 24.211, 24.138, 23.49, 23.738, 24.825, 26.046, 26.399, 26.535, 26.571, 26.088, 25.582, 25.698, 25.69, 25.246, 25.034, 25.48, 26.04, 26.328, 26.494, 26.603, 26.277], [16.642, 16.273, 15.379, 14.521, 14.396, 14.97, 15.387, 15.587, 15.348, 15.048, 14.662, 14.717, 14.814, 14.434, 14.408, 14.395, 14.563, 14.873, 14.864, 15.054, 14.584, 13.908, 13.397, 13.238, 12.667, 8.039, 0.0, 6.399, 10.378, 12.899, 13.86, 16.345, 16.83, 17.109, 17.293, 17.637, 18.925, 20.143, 21.053, 21.022, 21.163, 21.033, 21.229, 21.215, 20.907, 20.323, 19.558, 19.27, 19.61, 19.743, 19.55, 19.458, 20.062, 21.046, 21.587, 21.67, 21.891, 21.896, 21.816, 21.844, 21.861, 21.835, 21.978, 22.249, 23.025, 25.039, 25.06, 24.397, 24.77, 26.068, 27.372, 27.631, 27.555, 27.431, 26.752, 26.082, 26.212, 26.228, 25.68, 25.438, 25.978, 26.611, 26.905, 26.982, 26.889, 26.317], [17.223, 16.918, 16.13, 15.491, 15.675, 16.334, 16.709, 16.911, 16.752, 16.497, 16.08, 16.066, 16.183, 15.849, 15.936, 15.935, 16.196, 16.636, 16.725, 16.972, 16.607, 16.137, 15.841, 15.794, 15.633, 12.407, 6.399, 0.0, 5.261, 8.723, 11.13, 14.443, 15.534, 16.374, 16.63, 16.875, 18.06, 19.411, 20.282, 20.293, 20.453, 20.4, 20.551, 20.508, 20.253, 19.788, 19.071, 18.853, 19.169, 19.441, 19.633, 19.836, 20.581, 21.647, 22.234, 22.341, 22.539, 22.495, 22.384, 22.44, 22.551, 22.619, 22.797, 23.052, 23.777, 25.699, 25.745, 25.119, 25.501, 26.768, 27.968, 28.175, 28.028, 27.775, 27.044, 26.375, 26.496, 26.506, 25.978, 25.766, 26.291, 26.879, 27.129, 27.139, 26.935, 26.257], [18.397, 18.154, 17.5, 17.034, 17.303, 17.887, 18.146, 18.243, 18.097, 17.902, 17.541, 17.525, 17.632, 17.333, 17.463, 17.445, 17.618, 17.998, 18.14, 18.388, 18.066, 17.694, 17.476, 17.404, 17.481, 15.136, 10.378, 5.261, 0.0, 4.835, 9.301, 13.273, 14.9, 16.146, 16.469, 16.612, 17.527, 18.919, 19.799, 19.874, 20.085, 20.182, 20.266, 20.199, 20.018, 19.689, 19.106, 19.016, 19.302, 19.644, 20.13, 20.435, 21.053, 22.036, 22.662, 22.865, 23.072, 22.976, 22.801, 22.85, 23.036, 23.206, 23.457, 23.711, 24.327, 26.109, 26.171, 25.629, 26.012, 27.183, 28.275, 28.489, 28.345, 27.979, 27.233, 26.61, 26.73, 26.743, 26.25, 26.027, 26.473, 26.981, 27.184, 27.153, 26.906, 26.244], [19.571, 19.399, 18.855, 18.477, 18.732, 19.232, 19.387, 19.37, 19.231, 19.103, 18.791, 18.778, 18.876, 18.528, 18.616, 18.593, 18.606, 18.79, 18.878, 19.127, 18.828, 18.482, 18.278, 18.164, 18.422, 16.813, 12.899, 8.723, 4.835, 0.0, 6.842, 11.864, 13.85, 15.563, 16.024, 16.127, 16.85, 18.342, 19.325, 19.434, 19.653, 19.846, 19.909, 19.836, 19.673, 19.372, 18.871, 18.97, 19.329, 19.696, 20.378, 20.758, 21.277, 22.167, 22.801, 23.088, 23.338, 23.218, 23.001, 23.04, 23.258, 23.461, 23.786, 24.099, 24.628, 26.286, 26.369, 25.89, 26.29, 27.391, 28.422, 28.647, 28.528, 28.098, 27.344, 26.764, 26.889, 26.907, 26.436, 26.184, 26.558, 27.008, 27.187, 27.137, 26.867, 26.229], [19.64, 19.493, 18.99, 18.705, 19.041, 19.576, 19.698, 19.654, 19.508, 19.424, 19.164, 19.147, 19.289, 18.967, 18.979, 18.996, 18.963, 18.959, 18.815, 18.954, 18.668, 18.263, 17.946, 17.792, 17.913, 16.531, 13.86, 11.13, 9.301, 6.842, 0.0, 6.601, 9.67, 12.164, 12.869, 12.94, 13.704, 15.416, 16.622, 16.739, 17.025, 17.277, 17.434, 17.389, 17.215, 16.833, 16.306, 16.608, 17.231, 17.577, 18.443, 19.085, 19.788, 20.798, 21.513, 21.796, 22.078, 22.03, 21.872, 21.942, 22.18, 22.404, 22.757, 23.178, 23.893, 25.603, 25.609, 25.093, 25.448, 26.561, 27.582, 27.746, 27.632, 27.274, 26.612, 26.107, 26.25, 26.239, 25.783, 25.564, 25.982, 26.474, 26.697, 26.696, 26.477, 25.854], [20.671, 20.539, 20.102, 19.931, 20.32, 20.833, 20.952, 20.94, 20.816, 20.776, 20.564, 20.529, 20.684, 20.493, 20.514, 20.562, 20.648, 20.605, 20.326, 20.372, 20.157, 19.831, 19.534, 19.41, 19.434, 18.224, 16.345, 14.443, 13.273, 11.864, 6.601, 0.0, 5.333, 9.263, 10.254, 10.275, 11.082, 12.823, 13.973, 14.11, 14.459, 14.756, 14.934, 14.926, 14.84, 14.573, 14.158, 14.635, 15.394, 15.716, 16.858, 17.897, 18.909, 20.132, 20.93, 21.179, 21.436, 21.457, 21.409, 21.574, 21.922, 22.242, 22.592, 23.033, 23.943, 25.749, 25.727, 25.181, 25.433, 26.505, 27.466, 27.581, 27.464, 27.122, 26.456, 25.966, 26.102, 26.071, 25.63, 25.444, 25.888, 26.399, 26.64, 26.66, 26.452, 25.809], [20.652, 20.512, 20.058, 19.858, 20.239, 20.789, 20.973, 21.003, 20.883, 20.831, 20.609, 20.578, 20.772, 20.636, 20.703, 20.785, 20.908, 20.847, 20.55, 20.612, 20.416, 20.136, 19.872, 19.753, 19.78, 18.546, 16.83, 15.534, 14.9, 13.85, 9.67, 5.333, 0.0, 5.401, 7.178, 7.661, 9.158, 11.335, 12.665, 12.799, 13.157, 13.293, 13.405, 13.432, 13.365, 13.081, 12.75, 13.295, 14.115, 14.434, 15.595, 16.636, 17.661, 18.968, 19.826, 20.105, 20.409, 20.462, 20.443, 20.676, 21.105, 21.484, 21.89, 22.395, 23.4, 25.388, 25.417, 24.852, 25.097, 26.243, 27.269, 27.388, 27.267, 26.9, 26.129, 25.593, 25.749, 25.729, 25.274, 25.086, 25.547, 26.089, 26.348, 26.37, 26.151, 25.494], [20.579, 20.414, 19.924, 19.687, 20.121, 20.75, 20.992, 21.085, 20.992, 20.94, 20.708, 20.693, 20.908, 20.78, 20.859, 20.984, 21.157, 21.081, 20.755, 20.799, 20.597, 20.336, 20.093, 19.984, 19.911, 18.558, 17.109, 16.374, 16.146, 15.563, 12.164, 9.263, 5.401, 0.0, 2.74, 4.332, 7.09, 9.64, 11.103, 11.27, 11.526, 11.463, 11.59, 11.657, 11.581, 11.338, 11.171, 11.737, 12.623, 12.875, 13.894, 14.874, 15.955, 17.372, 18.302, 18.651, 19.054, 19.174, 19.171, 19.437, 19.876, 20.294, 20.751, 21.349, 22.513, 24.611, 24.644, 24.131, 24.376, 25.588, 26.684, 26.783, 26.636, 26.309, 25.618, 25.152, 25.34, 25.313, 24.876, 24.728, 25.215, 25.783, 26.071, 26.138, 26.011, 25.427], [20.523, 20.356, 19.857, 19.63, 20.111, 20.767, 21.013, 21.129, 21.047, 20.999, 20.762, 20.756, 20.969, 20.849, 20.939, 21.086, 21.318, 21.253, 20.909, 20.937, 20.745, 20.503, 20.273, 20.174, 20.074, 18.685, 17.293, 16.63, 16.469, 16.024, 12.869, 10.254, 7.178, 2.74, 0.0, 2.648, 6.193, 8.892, 10.371, 10.515, 10.684, 10.586, 10.767, 10.856, 10.773, 10.594, 10.512, 11.012, 11.878, 12.122, 13.117, 14.185, 15.442, 16.962, 17.908, 18.292, 18.736, 18.87, 18.871, 19.143, 19.57, 19.986, 20.435, 21.041, 22.261, 24.373, 24.374, 23.878, 24.139, 25.362, 26.466, 26.547, 26.382, 26.074, 25.449, 25.029, 25.215, 25.176, 24.743, 24.604, 25.097, 25.671, 25.969, 26.058, 25.971, 25.402], [20.511, 20.372, 19.93, 19.762, 20.284, 20.931, 21.154, 21.268, 21.199, 21.16, 20.92, 20.903, 21.108, 20.99, 21.078, 21.228, 21.481, 21.414, 21.066, 21.098, 20.916, 20.685, 20.473, 20.385, 20.311, 18.99, 17.637, 16.875, 16.612, 16.127, 12.94, 10.275, 7.661, 4.332, 2.648, 0.0, 4.33, 7.608, 9.197, 9.346, 9.554, 9.54, 9.813, 9.95, 9.888, 9.778, 9.746, 10.317, 11.23, 11.511, 12.705, 14.037, 15.524, 17.143, 18.107, 18.491, 18.927, 19.05, 19.063, 19.351, 19.792, 20.231, 20.695, 21.296, 22.491, 24.545, 24.516, 23.983, 24.249, 25.484, 26.571, 26.628, 26.447, 26.12, 25.497, 25.08, 25.25, 25.204, 24.785, 24.655, 25.154, 25.728, 26.02, 26.103, 26.01, 25.418], [21.123, 21.037, 20.781, 20.756, 21.226, 21.769, 21.935, 22.0, 21.932, 21.917, 21.711, 21.669, 21.842, 21.703, 21.761, 21.892, 22.089, 22.022, 21.722, 21.77, 21.596, 21.377, 21.199, 21.118, 21.094, 20.03, 18.925, 18.06, 17.527, 16.85, 13.704, 11.082, 9.158, 7.09, 6.193, 4.33, 0.0, 4.275, 6.526, 6.808, 7.207, 7.584, 7.998, 8.236, 8.329, 8.42, 8.724, 9.814, 10.905, 11.14, 12.674, 14.291, 15.806, 17.395, 18.417, 18.849, 19.26, 19.338, 19.317, 19.635, 20.186, 20.745, 21.303, 21.954, 23.066, 24.951, 24.913, 24.384, 24.652, 25.856, 26.914, 26.966, 26.775, 26.415, 25.802, 25.383, 25.533, 25.487, 25.09, 24.967, 25.43, 25.951, 26.205, 26.267, 26.154, 25.583], [21.83, 21.756, 21.598, 21.64, 22.049, 22.553, 22.729, 22.806, 22.761, 22.759, 22.581, 22.542, 22.681, 22.535, 22.591, 22.729, 22.915, 22.842, 22.554, 22.597, 22.453, 22.242, 22.066, 21.998, 21.936, 20.976, 20.143, 19.411, 18.919, 18.342, 15.416, 12.823, 11.335, 9.64, 8.892, 7.608, 4.275, 0.0, 3.113, 3.69, 4.347, 5.213, 5.818, 6.133, 6.416, 6.766, 7.607, 9.24, 10.505, 10.56, 12.106, 13.947, 15.618, 17.264, 18.327, 18.768, 19.146, 19.224, 19.223, 19.579, 20.206, 20.853, 21.453, 22.137, 23.276, 25.067, 24.996, 24.45, 24.688, 25.839, 26.855, 26.901, 26.699, 26.349, 25.811, 25.424, 25.56, 25.509, 25.136, 25.046, 25.501, 25.99, 26.227, 26.305, 26.222, 25.693], [22.458, 22.385, 22.237, 22.288, 22.707, 23.222, 23.411, 23.514, 23.496, 23.497, 23.326, 23.291, 23.414, 23.29, 23.352, 23.489, 23.702, 23.623, 23.318, 23.345, 23.243, 23.068, 22.895, 22.84, 22.765, 21.835, 21.053, 20.282, 19.799, 19.325, 16.622, 13.973, 12.665, 11.103, 10.371, 9.197, 6.526, 3.113, 0.0, 1.44, 2.527, 3.802, 4.65, 5.107, 5.587, 6.258, 7.432, 9.172, 10.437, 10.43, 11.984, 14.1, 16.092, 17.832, 18.851, 19.254, 19.602, 19.687, 19.721, 20.086, 20.694, 21.331, 21.885, 22.522, 23.698, 25.456, 25.359, 24.787, 24.968, 26.07, 27.012, 27.017, 26.785, 26.432, 25.957, 25.608, 25.726, 25.671, 25.336, 25.292, 25.753, 26.227, 26.461, 26.563, 26.51, 25.983], [22.419, 22.344, 22.191, 22.237, 22.664, 23.196, 23.395, 23.506, 23.494, 23.5, 23.328, 23.294, 23.414, 23.292, 23.364, 23.505, 23.722, 23.644, 23.334, 23.357, 23.253, 23.071, 22.89, 22.834, 22.755, 21.808, 21.022, 20.293, 19.874, 19.434, 16.739, 14.11, 12.799, 11.27, 10.515, 9.346, 6.808, 3.69, 1.44, 0.0, 1.786, 3.336, 4.357, 4.891, 5.334, 5.969, 7.179, 8.949, 10.267, 10.239, 11.781, 13.967, 16.039, 17.807, 18.819, 19.225, 19.592, 19.691, 19.731, 20.087, 20.68, 21.302, 21.844, 22.477, 23.665, 25.441, 25.333, 24.742, 24.931, 26.052, 26.995, 26.992, 26.767, 26.431, 25.956, 25.602, 25.715, 25.668, 25.338, 25.291, 25.754, 26.234, 26.473, 26.585, 26.543, 26.016], [22.564, 22.488, 22.325, 22.365, 22.795, 23.324, 23.525, 23.648, 23.643, 23.651, 23.48, 23.445, 23.572, 23.457, 23.531, 23.672, 23.895, 23.818, 23.492, 23.503, 23.408, 23.246, 23.078, 23.029, 22.938, 21.975, 21.163, 20.453, 20.085, 19.653, 17.025, 14.459, 13.157, 11.526, 10.684, 9.554, 7.207, 4.347, 2.527, 1.786, 0.0, 2.076, 3.488, 4.12, 4.528, 5.34, 6.751, 8.649, 10.044, 10.03, 11.581, 13.809, 15.97, 17.806, 18.827, 19.23, 19.605, 19.708, 19.752, 20.12, 20.713, 21.335, 21.876, 22.499, 23.688, 25.479, 25.377, 24.79, 24.976, 26.107, 27.064, 27.061, 26.823, 26.482, 26.024, 25.679, 25.788, 25.738, 25.413, 25.375, 25.842, 26.328, 26.574, 26.689, 26.653, 26.128], [22.513, 22.426, 22.235, 22.249, 22.675, 23.208, 23.425, 23.582, 23.588, 23.59, 23.411, 23.375, 23.509, 23.407, 23.481, 23.629, 23.872, 23.786, 23.442, 23.448, 23.362, 23.217, 23.052, 23.012, 22.9, 21.865, 21.033, 20.4, 20.182, 19.846, 17.277, 14.756, 13.293, 11.463, 10.586, 9.54, 7.584, 5.213, 3.802, 3.336, 2.076, 0.0, 2.084, 3.039, 3.533, 4.497, 6.106, 8.135, 9.648, 9.681, 11.142, 13.381, 15.65, 17.552, 18.55, 18.927, 19.333, 19.479, 19.561, 19.954, 20.539, 21.14, 21.662, 22.273, 23.482, 25.321, 25.229, 24.634, 24.81, 25.959, 26.936, 26.926, 26.682, 26.345, 25.874, 25.528, 25.642, 25.592, 25.275, 25.259, 25.75, 26.262, 26.521, 26.638, 26.599, 26.06], [22.747, 22.66, 22.47, 22.478, 22.879, 23.383, 23.586, 23.734, 23.738, 23.739, 23.566, 23.528, 23.663, 23.564, 23.631, 23.765, 23.991, 23.907, 23.579, 23.596, 23.513, 23.366, 23.197, 23.153, 23.06, 22.061, 21.229, 20.551, 20.266, 19.909, 17.434, 14.934, 13.405, 11.59, 10.767, 9.813, 7.998, 5.818, 4.65, 4.357, 3.488, 2.084, 0.0, 1.655, 2.747, 4.078, 5.91, 8.119, 9.681, 9.754, 11.244, 13.443, 15.618, 17.481, 18.483, 18.887, 19.316, 19.467, 19.525, 19.915, 20.534, 21.167, 21.704, 22.32, 23.525, 25.365, 25.283, 24.689, 24.861, 26.008, 26.995, 27.015, 26.797, 26.459, 25.961, 25.604, 25.731, 25.682, 25.358, 25.335, 25.811, 26.305, 26.55, 26.654, 26.599, 26.059], [22.745, 22.661, 22.467, 22.476, 22.873, 23.364, 23.56, 23.703, 23.705, 23.71, 23.536, 23.493, 23.629, 23.53, 23.602, 23.732, 23.952, 23.866, 23.534, 23.552, 23.473, 23.332, 23.17, 23.131, 23.052, 22.065, 21.215, 20.508, 20.199, 19.836, 17.389, 14.926, 13.432, 11.657, 10.856, 9.95, 8.236, 6.133, 5.107, 4.891, 4.12, 3.039, 1.655, 0.0, 1.74, 3.423, 5.391, 7.713, 9.337, 9.442, 11.032, 13.277, 15.448, 17.324, 18.35, 18.757, 19.177, 19.326, 19.382, 19.777, 20.42, 21.08, 21.636, 22.256, 23.445, 25.288, 25.216, 24.633, 24.823, 25.988, 27.001, 27.049, 26.84, 26.491, 25.978, 25.615, 25.747, 25.706, 25.375, 25.348, 25.827, 26.32, 26.559, 26.653, 26.586, 26.04], [22.455, 22.367, 22.157, 22.154, 22.561, 23.063, 23.264, 23.417, 23.417, 23.417, 23.238, 23.199, 23.34, 23.246, 23.326, 23.464, 23.692, 23.601, 23.253, 23.269, 23.192, 23.05, 22.891, 22.858, 22.781, 21.764, 20.907, 20.253, 20.018, 19.673, 17.215, 14.84, 13.365, 11.581, 10.773, 9.888, 8.329, 6.416, 5.587, 5.334, 4.528, 3.533, 2.747, 1.74, 0.0, 2.317, 4.679, 7.179, 8.966, 9.09, 10.673, 12.945, 15.183, 17.101, 18.131, 18.529, 18.951, 19.11, 19.178, 19.58, 20.21, 20.858, 21.411, 22.021, 23.191, 25.056, 24.993, 24.421, 24.626, 25.793, 26.82, 26.878, 26.672, 26.317, 25.801, 25.44, 25.569, 25.535, 25.221, 25.203, 25.692, 26.199, 26.445, 26.538, 26.472, 25.922], [21.941, 21.849, 21.62, 21.599, 22.007, 22.526, 22.736, 22.897, 22.897, 22.895, 22.707, 22.677, 22.813, 22.714, 22.819, 22.972, 23.21, 23.125, 22.771, 22.789, 22.709, 22.556, 22.389, 22.358, 22.284, 21.204, 20.323, 19.788, 19.689, 19.372, 16.833, 14.573, 13.081, 11.338, 10.594, 9.778, 8.42, 6.766, 6.258, 5.969, 5.34, 4.497, 4.078, 3.423, 2.317, 0.0, 3.029, 5.972, 8.025, 8.146, 9.747, 12.152, 14.537, 16.533, 17.573, 17.968, 18.404, 18.574, 18.657, 19.07, 19.689, 20.33, 20.896, 21.528, 22.72, 24.636, 24.568, 23.984, 24.209, 25.4, 26.45, 26.502, 26.303, 25.954, 25.409, 25.032, 25.164, 25.132, 24.827, 24.838, 25.37, 25.915, 26.176, 26.276, 26.215, 25.652], [21.223, 21.13, 20.879, 20.861, 21.303, 21.84, 22.055, 22.232, 22.24, 22.242, 22.035, 21.996, 22.149, 22.065, 22.194, 22.349, 22.608, 22.551, 22.193, 22.218, 22.13, 21.978, 21.82, 21.81, 21.758, 20.573, 19.558, 19.071, 19.106, 18.871, 16.306, 14.158, 12.75, 11.171, 10.512, 9.746, 8.724, 7.607, 7.432, 7.179, 6.751, 6.106, 5.91, 5.391, 4.679, 3.029, 0.0, 3.678, 6.281, 6.491, 8.426, 11.158, 13.798, 15.942, 16.998, 17.364, 17.792, 17.963, 18.063, 18.49, 19.102, 19.748, 20.345, 21.003, 22.269, 24.311, 24.235, 23.614, 23.848, 25.098, 26.19, 26.24, 26.05, 25.725, 25.121, 24.693, 24.829, 24.813, 24.489, 24.516, 25.121, 25.724, 26.011, 26.112, 26.042, 25.435], [20.74, 20.638, 20.357, 20.344, 20.858, 21.445, 21.681, 21.901, 21.911, 21.899, 21.668, 21.646, 21.802, 21.792, 21.997, 22.163, 22.521, 22.518, 22.14, 22.159, 22.096, 21.983, 21.83, 21.818, 21.771, 20.433, 19.27, 18.853, 19.016, 18.97, 16.608, 14.635, 13.295, 11.737, 11.012, 10.317, 9.814, 9.24, 9.172, 8.949, 8.649, 8.135, 8.119, 7.713, 7.179, 5.972, 3.678, 0.0, 3.201, 3.837, 6.471, 9.855, 13.004, 15.353, 16.396, 16.73, 17.168, 17.367, 17.528, 17.981, 18.573, 19.216, 19.801, 20.447, 21.827, 24.042, 23.973, 23.328, 23.579, 24.908, 26.064, 26.112, 25.914, 25.622, 24.958, 24.468, 24.6, 24.596, 24.25, 24.265, 24.927, 25.604, 25.929, 26.033, 25.966, 25.326], [20.829, 20.724, 20.446, 20.448, 20.983, 21.567, 21.801, 22.022, 22.018, 21.997, 21.766, 21.76, 21.91, 21.951, 22.207, 22.375, 22.782, 22.815, 22.443, 22.464, 22.424, 22.35, 22.214, 22.202, 22.168, 20.826, 19.61, 19.169, 19.302, 19.329, 17.231, 15.394, 14.115, 12.623, 11.878, 11.23, 10.905, 10.505, 10.437, 10.267, 10.044, 9.648, 9.681, 9.337, 8.966, 8.025, 6.281, 3.201, 0.0, 2.165, 5.691, 9.433, 12.875, 15.275, 16.301, 16.639, 17.075, 17.289, 17.496, 17.971, 18.563, 19.212, 19.772, 20.377, 21.794, 24.059, 24.013, 23.384, 23.652, 24.996, 26.166, 26.23, 26.038, 25.766, 25.077, 24.559, 24.679, 24.677, 24.326, 24.33, 24.996, 25.691, 26.034, 26.14, 26.082, 25.458], [20.953, 20.847, 20.57, 20.549, 21.054, 21.64, 21.873, 22.081, 22.081, 22.075, 21.855, 21.857, 22.009, 22.035, 22.278, 22.459, 22.848, 22.854, 22.477, 22.492, 22.443, 22.355, 22.211, 22.184, 22.111, 20.801, 19.743, 19.441, 19.644, 19.696, 17.577, 15.716, 14.434, 12.875, 12.122, 11.511, 11.14, 10.56, 10.43, 10.239, 10.03, 9.681, 9.754, 9.442, 9.09, 8.146, 6.491, 3.837, 2.165, 0.0, 4.226, 8.452, 12.138, 14.623, 15.686, 16.029, 16.413, 16.605, 16.829, 17.323, 17.933, 18.625, 19.235, 19.906, 21.441, 23.783, 23.721, 23.08, 23.325, 24.669, 25.847, 25.923, 25.763, 25.52, 24.862, 24.367, 24.487, 24.493, 24.153, 24.171, 24.843, 25.537, 25.891, 26.035, 26.043, 25.491], [20.69, 20.55, 20.224, 20.122, 20.597, 21.253, 21.527, 21.775, 21.796, 21.794, 21.568, 21.591, 21.738, 21.757, 22.004, 22.23, 22.668, 22.631, 22.213, 22.203, 22.157, 22.089, 21.93, 21.878, 21.713, 20.318, 19.55, 19.633, 20.13, 20.378, 18.443, 16.858, 15.595, 13.894, 13.117, 12.705, 12.674, 12.106, 11.984, 11.781, 11.581, 11.142, 11.244, 11.032, 10.673, 9.747, 8.426, 6.471, 5.691, 4.226, 0.0, 5.101, 9.747, 12.656, 13.754, 14.077, 14.459, 14.69, 15.02, 15.577, 16.187, 16.93, 17.589, 18.313, 20.094, 22.698, 22.59, 21.884, 22.053, 23.41, 24.614, 24.66, 24.515, 24.347, 23.737, 23.293, 23.429, 23.444, 23.131, 23.214, 23.947, 24.693, 25.095, 25.331, 25.487, 25.064], [20.62, 20.437, 20.072, 19.914, 20.329, 21.011, 21.306, 21.556, 21.572, 21.564, 21.343, 21.386, 21.539, 21.55, 21.817, 22.083, 22.509, 22.431, 22.003, 21.963, 21.918, 21.9, 21.739, 21.631, 21.384, 19.952, 19.458, 19.836, 20.435, 20.758, 19.085, 17.897, 16.636, 14.874, 14.185, 14.037, 14.291, 13.947, 14.1, 13.967, 13.809, 13.381, 13.443, 13.277, 12.945, 12.152, 11.158, 9.855, 9.433, 8.452, 5.101, 0.0, 5.549, 9.076, 10.35, 10.801, 11.321, 11.627, 12.013, 12.618, 13.306, 14.272, 15.147, 15.999, 17.988, 20.941, 20.833, 20.162, 20.34, 21.754, 23.07, 23.187, 23.116, 23.024, 22.449, 22.027, 22.204, 22.22, 21.865, 21.948, 22.718, 23.525, 23.976, 24.274, 24.562, 24.34], [21.254, 21.047, 20.694, 20.507, 20.784, 21.394, 21.66, 21.826, 21.812, 21.828, 21.664, 21.722, 21.876, 21.855, 22.096, 22.369, 22.667, 22.543, 22.177, 22.116, 22.068, 22.098, 21.952, 21.772, 21.464, 20.238, 20.062, 20.581, 21.053, 21.277, 19.788, 18.909, 17.661, 15.955, 15.442, 15.524, 15.806, 15.618, 16.092, 16.039, 15.97, 15.65, 15.618, 15.448, 15.183, 14.537, 13.798, 13.004, 12.875, 12.138, 9.747, 5.549, 0.0, 4.046, 5.924, 6.918, 7.821, 8.285, 8.581, 9.103, 9.979, 11.369, 12.679, 13.875, 15.915, 18.993, 18.903, 18.382, 18.698, 20.215, 21.718, 22.054, 22.18, 22.216, 21.715, 21.281, 21.514, 21.527, 21.078, 21.049, 21.738, 22.506, 22.941, 23.228, 23.575, 23.641], [22.112, 21.901, 21.57, 21.355, 21.518, 22.057, 22.285, 22.384, 22.361, 22.407, 22.298, 22.37, 22.506, 22.463, 22.673, 22.946, 23.144, 22.964, 22.635, 22.565, 22.529, 22.592, 22.459, 22.224, 21.879, 20.918, 21.046, 21.647, 22.036, 22.167, 20.798, 20.132, 18.968, 17.372, 16.962, 17.143, 17.395, 17.264, 17.832, 17.807, 17.806, 17.552, 17.481, 17.324, 17.101, 16.533, 15.942, 15.353, 15.275, 14.623, 12.656, 9.076, 4.046, 0.0, 2.703, 4.663, 6.101, 6.794, 7.054, 7.427, 8.251, 9.745, 11.279, 12.755, 14.747, 17.733, 17.658, 17.305, 17.741, 19.259, 20.834, 21.349, 21.674, 21.814, 21.378, 20.949, 21.215, 21.23, 20.746, 20.636, 21.221, 21.912, 22.315, 22.582, 22.952, 23.238], [22.431, 22.218, 21.891, 21.663, 21.803, 22.329, 22.548, 22.66, 22.656, 22.712, 22.611, 22.687, 22.807, 22.765, 22.974, 23.258, 23.465, 23.251, 22.905, 22.825, 22.819, 22.932, 22.814, 22.571, 22.203, 21.314, 21.587, 22.234, 22.662, 22.801, 21.513, 20.93, 19.826, 18.302, 17.908, 18.107, 18.417, 18.327, 18.851, 18.819, 18.827, 18.55, 18.483, 18.35, 18.131, 17.573, 16.998, 16.396, 16.301, 15.686, 13.754, 10.35, 5.924, 2.703, 0.0, 2.788, 4.842, 5.868, 6.39, 6.836, 7.43, 8.713, 10.235, 11.78, 13.766, 16.796, 16.734, 16.447, 16.919, 18.41, 20.005, 20.598, 21.027, 21.183, 20.726, 20.288, 20.56, 20.58, 20.11, 20.006, 20.581, 21.276, 21.684, 21.954, 22.353, 22.719], [22.329, 22.117, 21.791, 21.561, 21.708, 22.24, 22.468, 22.613, 22.628, 22.685, 22.577, 22.651, 22.764, 22.725, 22.933, 23.227, 23.469, 23.249, 22.885, 22.799, 22.807, 22.956, 22.859, 22.627, 22.236, 21.329, 21.67, 22.341, 22.865, 23.088, 21.796, 21.179, 20.105, 18.651, 18.292, 18.491, 18.849, 18.768, 19.254, 19.225, 19.23, 18.927, 18.887, 18.757, 18.529, 17.968, 17.364, 16.73, 16.639, 16.029, 14.077, 10.801, 6.918, 4.663, 2.788, 0.0, 2.637, 4.4, 5.601, 6.33, 6.833, 7.987, 9.447, 11.006, 13.184, 16.391, 16.309, 15.917, 16.331, 17.865, 19.5, 20.109, 20.552, 20.702, 20.189, 19.724, 19.988, 20.019, 19.573, 19.513, 20.137, 20.873, 21.308, 21.596, 22.015, 22.381], [22.509, 22.307, 21.989, 21.761, 21.896, 22.41, 22.632, 22.781, 22.807, 22.865, 22.756, 22.831, 22.939, 22.897, 23.096, 23.385, 23.63, 23.412, 23.055, 22.971, 22.971, 23.116, 23.023, 22.792, 22.387, 21.498, 21.891, 22.539, 23.072, 23.338, 22.078, 21.436, 20.409, 19.054, 18.736, 18.927, 19.26, 19.146, 19.602, 19.592, 19.605, 19.333, 19.316, 19.177, 18.951, 18.404, 17.792, 17.168, 17.075, 16.413, 14.459, 11.321, 7.821, 6.101, 4.842, 2.637, 0.0, 2.477, 4.495, 5.583, 6.206, 7.529, 9.062, 10.65, 12.991, 16.332, 16.262, 15.818, 16.151, 17.68, 19.351, 20.028, 20.52, 20.683, 20.165, 19.709, 19.975, 20.022, 19.593, 19.565, 20.212, 20.942, 21.375, 21.69, 22.147, 22.54], [22.58, 22.386, 22.075, 21.861, 21.996, 22.484, 22.692, 22.836, 22.861, 22.914, 22.805, 22.88, 22.986, 22.946, 23.148, 23.43, 23.674, 23.479, 23.139, 23.062, 23.061, 23.19, 23.09, 22.858, 22.474, 21.568, 21.896, 22.495, 22.976, 23.218, 22.03, 21.457, 20.462, 19.174, 18.87, 19.05, 19.338, 19.224, 19.687, 19.691, 19.708, 19.479, 19.467, 19.326, 19.11, 18.574, 17.963, 17.367, 17.289, 16.605, 14.69, 11.627, 8.285, 6.794, 5.868, 4.4, 2.477, 0.0, 2.505, 4.013, 5.054, 6.861, 8.656, 10.335, 12.629, 15.987, 15.945, 15.519, 15.859, 17.448, 19.216, 19.949, 20.447, 20.632, 20.153, 19.704, 19.989, 20.036, 19.577, 19.547, 20.2, 20.917, 21.336, 21.671, 22.169, 22.592], [22.619, 22.428, 22.122, 21.923, 22.054, 22.523, 22.718, 22.848, 22.857, 22.9, 22.8, 22.873, 22.98, 22.942, 23.151, 23.425, 23.651, 23.478, 23.153, 23.08, 23.083, 23.194, 23.079, 22.841, 22.478, 21.57, 21.816, 22.384, 22.801, 23.001, 21.872, 21.409, 20.443, 19.171, 18.871, 19.063, 19.317, 19.223, 19.721, 19.731, 19.752, 19.561, 19.525, 19.382, 19.178, 18.657, 18.063, 17.528, 17.496, 16.829, 15.02, 12.013, 8.581, 7.054, 6.39, 5.601, 4.495, 2.505, 0.0, 1.973, 3.846, 6.308, 8.391, 10.175, 12.342, 15.618, 15.553, 15.16, 15.582, 17.309, 19.2, 19.961, 20.444, 20.677, 20.275, 19.808, 20.11, 20.149, 19.633, 19.567, 20.207, 20.904, 21.303, 21.638, 22.154, 22.608], [22.753, 22.56, 22.257, 22.057, 22.173, 22.64, 22.83, 22.94, 22.932, 22.971, 22.882, 22.956, 23.059, 23.017, 23.223, 23.488, 23.683, 23.502, 23.18, 23.101, 23.11, 23.207, 23.073, 22.814, 22.44, 21.57, 21.844, 22.44, 22.85, 23.04, 21.942, 21.574, 20.676, 19.437, 19.143, 19.351, 19.635, 19.579, 20.086, 20.087, 20.12, 19.954, 19.915, 19.777, 19.58, 19.07, 18.49, 17.981, 17.971, 17.323, 15.577, 12.618, 9.103, 7.427, 6.836, 6.33, 5.583, 4.013, 1.973, 0.0, 2.536, 5.477, 7.728, 9.592, 11.74, 15.016, 14.902, 14.523, 15.02, 16.85, 18.847, 19.689, 20.249, 20.583, 20.29, 19.83, 20.132, 20.179, 19.64, 19.528, 20.132, 20.81, 21.209, 21.568, 22.13, 