[[0.0, 3.787, 5.362, 7.683, 10.029, 11.104, 12.241, 14.055, 16.052, 17.416, 18.321, 18.998, 19.436, 20.023, 20.783, 21.242, 21.099, 20.95, 21.051, 21.539, 22.337, 22.639, 22.539, 22.411, 22.475, 22.655, 22.835, 22.793, 22.958, 23.663, 24.118, 24.359, 24.55, 24.624, 24.371, 24.126, 24.002, 23.945, 24.082, 24.406, 24.654, 24.764, 25.023, 25.218, 25.514, 25.675, 25.673, 25.679, 25.501, 25.544, 25.71, 25.699, 25.759, 25.841, 26.028, 26.139, 25.897, 25.542, 25.017, 24.486, 24.342, 24.558, 24.805, 24.727, 24.222, 24.068, 24.101, 24.246, 24.759, 25.294, 25.562, 25.418, 25.172, 25.124, 25.245, 25.374, 25.534, 25.362, 24.813, 24.546, 24.179, 23.937, 23.889, 24.097, 24.578, 25.033], [3.787, 0.0, 2.853, 6.243, 8.801, 9.959, 11.119, 12.932, 14.838, 16.134, 17.08, 17.846, 18.334, 18.964, 19.746, 20.244, 20.165, 20.042, 20.115, 20.62, 21.518, 21.899, 21.832, 21.745, 21.853, 22.058, 22.245, 22.218, 22.489, 23.248, 23.667, 23.923, 24.162, 24.263, 24.06, 23.907, 23.806, 23.706, 23.822, 24.164, 24.434, 24.511, 24.726, 24.915, 25.213, 25.377, 25.375, 25.384, 25.223, 25.297, 25.498, 25.531, 25.645, 25.729, 25.856, 25.893, 25.588, 25.199, 24.647, 24.062, 23.902, 24.12, 24.379, 24.294, 23.721, 23.506, 23.539, 23.71, 24.23, 24.745, 25.001, 24.854, 24.581, 24.526, 24.634, 24.704, 24.791, 24.629, 24.13, 23.878, 23.568, 23.399, 23.393, 23.593, 24.061, 24.475], [5.362, 2.853, 0.0, 4.289, 7.354, 8.728, 10.102, 12.155, 14.222, 15.594, 16.568, 17.356, 17.834, 18.475, 19.34, 19.898, 19.86, 19.753, 19.853, 20.404, 21.336, 21.737, 21.667, 21.566, 21.639, 21.81, 21.986, 21.938, 22.182, 22.958, 23.43, 23.717, 23.971, 24.07, 23.83, 23.664, 23.613, 23.583, 23.755, 24.148, 24.448, 24.517, 24.708, 24.898, 25.205, 25.377, 25.378, 25.378, 25.184, 25.226, 25.418, 25.446, 25.559, 25.627, 25.73, 25.762, 25.489, 25.161, 24.67, 24.134, 24.004, 24.241, 24.513, 24.443, 23.879, 23.663, 23.703, 23.871, 24.354, 24.849, 25.111, 24.968, 24.688, 24.631, 24.744, 24.805, 24.861, 24.702, 24.226, 23.95, 23.592, 23.401, 23.392, 23.584, 24.034, 24.435], [7.683, 6.243, 4.289, 0.0, 3.639, 5.553, 7.539, 10.125, 12.556, 14.088, 15.006, 15.776, 16.277, 16.983, 18.01, 18.706, 18.76, 18.684, 18.784, 19.377, 20.391, 20.834, 20.751, 20.636, 20.641, 20.724, 20.878, 20.807, 21.053, 21.855, 22.376, 22.71, 22.999, 23.176, 22.988, 22.787, 22.759, 22.875, 23.176, 23.675, 24.067, 24.185, 24.379, 24.561, 24.889, 25.072, 25.072, 25.077, 24.844, 24.832, 25.03, 25.102, 25.25, 25.336, 25.445, 25.482, 25.221, 24.895, 24.403, 23.892, 23.788, 24.04, 24.344, 24.289, 23.66, 23.399, 23.456, 23.668, 24.152, 24.603, 24.851, 24.693, 24.382, 24.324, 24.438, 24.419, 24.354, 24.177, 23.764, 23.523, 23.166, 22.963, 22.967, 23.154, 23.589, 23.987], [10.029, 8.801, 7.354, 3.639, 0.0, 2.453, 5.233, 8.377, 11.208, 12.853, 13.644, 14.374, 14.937, 15.751, 16.891, 17.682, 17.813, 17.76, 17.824, 18.42, 19.516, 20.013, 19.937, 19.856, 19.856, 19.893, 20.029, 19.95, 20.238, 21.043, 21.525, 21.873, 22.203, 22.474, 22.376, 22.172, 22.144, 22.336, 22.731, 23.326, 23.795, 23.917, 24.076, 24.241, 24.579, 24.767, 24.76, 24.771, 24.519, 24.482, 24.704, 24.832, 25.038, 25.141, 25.235, 25.248, 24.942, 24.559, 24.025, 23.497, 23.385, 23.626, 23.941, 23.887, 23.195, 22.898, 22.976, 23.238, 23.741, 24.155, 24.387, 24.23, 23.898, 23.833, 23.92, 23.811, 23.636, 23.45, 23.117, 22.965, 22.677, 22.523, 22.582, 22.758, 23.179, 23.563], [11.104, 9.959, 8.728, 5.553, 2.453, 0.0, 3.306, 7.024, 10.288, 12.031, 12.773, 13.498, 14.088, 14.953, 16.144, 16.956, 17.093, 17.031, 17.075, 17.696, 18.869, 19.406, 19.335, 19.274, 19.278, 19.307, 19.443, 19.358, 19.659, 20.467, 20.928, 21.284, 21.645, 21.972, 21.903, 21.684, 21.649, 21.865, 22.332, 23.026, 23.568, 23.693, 23.828, 23.983, 24.329, 24.517, 24.509, 24.527, 24.272, 24.236, 24.482, 24.634, 24.87, 24.982, 25.061, 25.048, 24.702, 24.276, 23.701, 23.148, 23.013, 23.233, 23.544, 23.485, 22.767, 22.463, 22.553, 22.834, 23.352, 23.764, 24.004, 23.859, 23.526, 23.455, 23.513, 23.358, 23.144, 22.956, 22.663, 22.57, 22.319, 22.194, 22.285, 22.456, 22.877, 23.263], [12.241, 11.119, 10.102, 7.539, 5.233, 3.306, 0.0, 4.504, 8.618, 10.675, 11.558, 12.389, 12.978, 13.824, 15.047, 15.899, 16.046, 15.961, 15.991, 16.683, 17.983, 18.565, 18.509, 18.494, 18.531, 18.567, 18.713, 18.619, 18.924, 19.74, 20.186, 20.577, 21.001, 21.405, 21.369, 21.111, 21.042, 21.255, 21.775, 22.564, 23.189, 23.336, 23.476, 23.628, 23.975, 24.162, 24.159, 24.191, 23.949, 23.932, 24.212, 24.388, 24.648, 24.77, 24.828, 24.788, 24.406, 23.939, 23.307, 22.705, 22.532, 22.722, 23.027, 22.972, 22.247, 21.939, 22.028, 22.307, 22.835, 23.261, 23.504, 23.363, 23.035, 22.967, 22.994, 22.801, 22.567, 22.374, 22.086, 22.017, 21.802, 21.707, 21.821, 21.991, 22.419, 22.821], [14.055, 12.932, 12.155, 10.125, 8.377, 7.024, 4.504, 0.0, 5.051, 7.834, 9.174, 10.306, 10.962, 11.863, 13.32, 14.404, 14.631, 14.541, 14.63, 15.334, 16.64, 17.206, 17.143, 17.204, 17.347, 17.451, 17.635, 17.522, 17.827, 18.694, 19.216, 19.721, 20.275, 20.801, 20.811, 20.509, 20.378, 20.579, 21.118, 21.955, 22.678, 23.011, 23.338, 23.546, 23.894, 24.079, 24.085, 24.132, 23.893, 23.86, 24.133, 24.32, 24.596, 24.735, 24.808, 24.782, 24.413, 23.968, 23.36, 22.763, 22.563, 22.712, 22.991, 22.93, 22.214, 21.902, 21.98, 22.25, 22.766, 23.16, 23.363, 23.211, 22.906, 22.864, 22.888, 22.686, 22.462, 22.256, 21.932, 21.845, 21.66, 21.574, 21.675, 21.844, 22.258, 22.659], [16.052, 14.838, 14.222, 12.556, 11.208, 10.288, 8.618, 5.051, 0.0, 3.61, 5.958, 7.656, 8.537, 9.646, 11.467, 12.852, 13.169, 13.071, 13.224, 13.718, 14.826, 15.354, 15.274, 15.387, 15.679, 15.928, 16.186, 16.073, 16.393, 17.347, 18.036, 18.681, 19.396, 20.041, 20.115, 19.856, 19.683, 19.854, 20.327, 21.091, 21.864, 22.485, 23.144, 23.473, 23.831, 24.018, 24.032, 24.102, 23.891, 23.841, 24.095, 24.297, 24.579, 24.759, 24.861, 24.842, 24.499, 24.132, 23.638, 23.106, 22.914, 23.036, 23.285, 23.201, 22.473, 22.131, 22.2, 22.485, 22.988, 23.312, 23.452, 23.295, 23.027, 23.041, 23.101, 22.924, 22.716, 22.501, 22.115, 21.979, 21.805, 21.708, 21.767, 21.924, 22.317, 22.714], [17.416, 16.134, 15.594, 14.088, 12.853, 12.031, 10.675, 7.834, 3.61, 0.0, 3.307, 5.581, 6.698, 8.04, 10.105, 11.658, 12.035, 11.935, 12.107, 12.503, 13.59, 14.158, 14.068, 14.188, 14.543, 14.87, 15.172, 15.082, 15.451, 16.426, 17.145, 17.848, 18.673, 19.412, 19.575, 19.416, 19.263, 19.416, 19.84, 20.554, 21.326, 22.031, 22.832, 23.246, 23.625, 23.81, 23.824, 23.91, 23.74, 23.726, 24.007, 24.25, 24.57, 24.782, 24.868, 24.811, 24.43, 24.042, 23.567, 23.061, 22.889, 22.992, 23.223, 23.127, 22.374, 21.992, 22.059, 22.363, 22.856, 23.128, 23.237, 23.091, 22.843, 22.888, 22.966, 22.788, 22.571, 22.371, 22.006, 21.906, 21.787, 21.724, 21.79, 21.925, 22.299, 22.684], [18.321, 17.08, 16.568, 15.006, 13.644, 12.773, 11.558, 9.174, 5.958, 3.307, 0.0, 2.672, 4.317, 6.236, 8.728, 10.547, 11.125, 11.161, 11.359, 11.635, 12.704, 13.298, 13.181, 13.331, 13.697, 14.001, 14.298, 14.196, 14.642, 15.643, 16.327, 17.035, 17.891, 18.686, 18.922, 18.822, 18.692, 18.861, 19.327, 20.133, 20.987, 21.721, 22.538, 22.975, 23.388, 23.582, 23.588, 23.673, 23.491, 23.466, 23.773, 24.073, 24.44, 24.674, 24.77, 24.718, 24.314, 23.864, 23.346, 22.845, 22.707, 22.824, 23.064, 22.961, 22.149, 21.719, 21.801, 22.156, 22.661, 22.9, 23.011, 22.889, 22.631, 22.659, 22.7, 22.441, 22.14, 21.948, 21.68, 21.664, 21.594, 21.58, 21.69, 21.805, 22.146, 22.501], [18.998, 17.846, 17.356, 15.776, 14.374, 13.498, 12.389, 10.306, 7.656, 5.581, 2.672, 0.0, 2.329, 4.873, 7.727, 9.8, 10.559, 10.717, 10.999, 11.143, 12.077, 12.642, 12.507, 12.691, 13.084, 13.398, 13.694, 13.581, 14.068, 15.102, 15.798, 16.498, 17.338, 18.141, 18.415, 18.348, 18.23, 18.428, 18.931, 19.79, 20.698, 21.477, 22.322, 22.769, 23.203, 23.417, 23.42, 23.502, 23.305, 23.249, 23.555, 23.874, 24.251, 24.5, 24.627, 24.609, 24.228, 23.784, 23.278, 22.809, 22.698, 22.831, 23.081, 22.978, 22.148, 21.702, 21.793, 22.182, 22.7, 22.921, 23.031, 22.921, 22.661, 22.684, 22.706, 22.411, 22.072, 21.875, 21.64, 21.642, 21.566, 21.557, 21.682, 21.79, 22.112, 22.461], [19.436, 18.334, 17.834, 16.277, 14.937, 14.088, 12.978, 10.962, 8.537, 6.698, 4.317, 2.329, 0.0, 2.996, 6.504, 8.909, 9.785, 9.998, 10.449, 10.781, 11.783, 12.301, 12.146, 12.334, 12.775, 13.136, 13.443, 13.329, 13.815, 14.887, 15.639, 16.348, 17.182, 18.004, 18.308, 18.265, 18.178, 18.441, 18.989, 19.857, 20.769, 21.578, 22.45, 22.897, 23.331, 23.553, 23.564, 23.649, 23.455, 23.387, 23.682, 23.981, 24.335, 24.575, 24.709, 24.713, 24.369, 23.965, 23.495, 23.058, 22.951, 23.077, 23.326, 23.228, 22.409, 21.963, 22.05, 22.434, 22.941, 23.151, 23.253, 23.14, 22.888, 22.923, 22.96, 22.683, 22.352, 22.162, 21.928, 21.908, 21.804, 21.756, 21.849, 21.961, 22.279, 22.632], [20.023, 18.964, 18.475, 16.983, 15.751, 14.953, 13.824, 11.863, 9.646, 8.04, 6.236, 4.873, 2.996, 0.0, 4.253, 7.181, 8.256, 8.563, 9.201, 9.813, 11.061, 11.604, 11.483, 11.717, 12.265, 12.718, 13.045, 12.952, 13.459, 14.558, 15.38, 16.132, 17.001, 17.894, 18.286, 18.292, 18.235, 18.546, 19.109, 19.962, 20.858, 21.693, 22.622, 23.091, 23.52, 23.742, 23.758, 23.864, 23.714, 23.672, 23.98, 24.273, 24.603, 24.822, 24.947, 24.96, 24.633, 24.243, 23.789, 23.347, 23.227, 23.345, 23.589, 23.49, 22.672, 22.233, 22.321, 22.697, 23.182, 23.372, 23.466, 23.353, 23.143, 23.213, 23.273, 23.036, 22.742, 22.558, 22.302, 22.281, 22.169, 22.095, 22.167, 22.276, 22.586, 22.926], [20.783, 19.746, 19.34, 18.01, 16.891, 16.144, 15.047, 13.32, 11.467, 10.105, 8.728, 7.727, 6.504, 4.253, 0.0, 3.522, 5.176, 5.839, 6.693, 7.776, 9.599, 10.337, 10.388, 10.826, 11.605, 12.209, 12.572, 12.552, 13.128, 14.176, 14.922, 15.679, 16.617, 17.633, 18.215, 18.307, 18.259, 18.559, 19.083, 19.875, 20.699, 21.461, 22.379, 22.87, 23.293, 23.51, 23.523, 23.663, 23.645, 23.765, 24.144, 24.437, 24.774, 24.98, 25.05, 25.003, 24.618, 24.17, 23.662, 23.153, 23.002, 23.108, 23.337, 23.222, 22.409, 21.98, 22.064, 22.442, 22.923, 23.105, 23.184, 23.054, 22.896, 23.043, 23.148, 22.978, 22.772, 22.583, 22.29, 22.363, 22.325, 22.301, 22.411, 22.515, 22.853, 23.212], [21.242, 20.244, 19.898, 18.706, 17.682, 16.956, 15.899, 14.404, 12.852, 11.658, 10.547, 9.8, 8.909, 7.181, 3.522, 0.0, 2.403, 3.784, 4.856, 6.618, 9.068, 9.958, 10.15, 10.735, 11.658, 12.351, 12.741, 12.784, 13.348, 14.301, 14.88, 15.566, 16.532, 17.619, 18.32, 18.45, 18.41, 18.691, 19.189, 19.941, 20.682, 21.3, 22.102, 22.568, 22.975, 23.18, 23.185, 23.336, 23.446, 23.768, 24.216, 24.489, 24.823, 25.02, 25.027, 24.911, 24.463, 23.958, 23.394, 22.84, 22.657, 22.734, 22.932, 22.807, 22.041, 21.642, 21.711, 22.062, 22.526, 22.719, 22.796, 22.651, 22.537, 22.764, 22.94, 22.864, 22.753, 22.554, 22.209, 22.332, 22.359, 22.39, 22.522, 22.632, 22.994, 23.375], [21.099, 20.165, 19.86, 18.76, 17.813, 17.093, 16.046, 14.631, 13.169, 12.035, 11.125, 10.559, 9.785, 8.256, 5.176, 2.403, 0.0, 2.049, 3.64, 6.026, 8.833, 9.786, 9.999, 10.522, 11.472, 12.3, 12.751, 12.822, 13.316, 14.243, 14.839, 15.505, 16.484, 17.599, 18.329, 18.466, 18.428, 18.699, 19.155, 19.848, 20.532, 21.101, 21.883, 22.36, 22.762, 22.96, 22.964, 23.115, 23.287, 23.722, 24.213, 24.47, 24.776, 24.964, 24.956, 24.819, 24.36, 23.875, 23.338, 22.781, 22.567, 22.623, 22.807, 22.676, 21.95, 21.602, 21.677, 22.011, 22.474, 22.697, 22.777, 22.618, 22.523, 22.777, 23.011, 23.027, 22.986, 22.769, 22.332, 22.401, 22.428, 22.462, 22.573, 22.69, 23.072, 23.473], [20.95, 20.042, 19.753, 18.684, 17.76, 17.031, 15.961, 14.541, 13.071, 11.935, 11.161, 10.717, 9.998, 8.563, 5.839, 3.784, 2.049, 0.0, 2.41, 5.512, 8.517, 9.515, 9.744, 10.196, 11.099, 12.009, 12.504, 12.572, 13.028, 13.98, 14.677, 15.384, 16.376, 17.506, 18.244, 18.392, 18.365, 18.645, 19.081, 19.736, 20.407, 20.995, 21.812, 22.313, 22.718, 22.917, 22.923, 23.075, 23.253, 23.698, 24.204, 24.462, 24.761, 24.944, 24.934, 24.798, 24.346, 23.885, 23.361, 22.786, 22.547, 22.595, 22.781, 22.656, 21.945, 21.615, 21.698, 22.027, 22.501, 22.745, 22.823, 22.648, 22.536, 22.78, 23.021, 23.074, 23.06, 22.84, 22.374, 22.435, 22.482, 22.521, 22.626, 22.744, 23.135, 23.547], [21.051, 20.115, 19.853, 18.784, 17.824, 17.075, 15.991, 14.63, 13.224, 12.107, 11.359, 10.999, 10.449, 9.201, 6.693, 4.856, 3.64, 2.41, 0.0, 3.986, 7.641, 8.903, 9.261, 9.77, 10.664, 11.595, 12.105, 12.205, 12.735, 13.687, 14.345, 15.056, 16.061, 17.202, 17.964, 18.125, 18.083, 18.333, 18.76, 19.427, 20.103, 20.643, 21.416, 21.906, 22.311, 22.509, 22.513, 22.689, 22.909, 23.391, 23.921, 24.207, 24.547, 24.766, 24.754, 24.585, 24.081, 23.557, 22.968, 22.331, 22.063, 22.099, 22.282, 22.148, 21.419, 21.082, 21.165, 21.5, 21.993, 22.242, 22.323, 22.151, 22.047, 22.304, 22.545, 22.599, 22.59, 22.374, 21.908, 21.998, 22.082, 22.165, 22.301, 22.419, 22.802, 23.199], [21.539, 20.62, 20.404, 19.377, 18.42, 17.696, 16.683, 15.334, 13.718, 12.503, 11.635, 11.143, 10.781, 9.813, 7.776, 6.618, 6.026, 5.512, 3.986, 0.0, 4.296, 6.143, 6.808, 7.554, 8.782, 10.075, 10.713, 10.867, 11.505, 12.488, 13.249, 14.0, 15.044, 16.203, 17.01, 17.189, 17.06, 17.219, 17.566, 18.195, 18.93, 19.596, 20.526, 21.066, 21.478, 21.689, 21.696, 21.936, 22.226, 22.728, 23.275, 23.572, 23.946, 24.287, 24.389, 24.252, 23.738, 23.185, 22.592, 21.943, 21.686, 21.734, 21.912, 21.756, 21.036, 20.729, 20.828, 21.178, 21.678, 21.905, 21.987, 21.88, 21.855, 22.147, 22.385, 22.447, 22.447, 22.226, 21.706, 21.702, 21.693, 21.747, 21.87, 22.0, 22.373, 22.765], [22.337, 21.518, 21.336, 20.391, 19.516, 18.869, 17.983, 16.64, 14.826, 13.59, 12.704, 12.077, 11.783, 11.061, 9.599, 9.068, 8.833, 8.517, 7.641, 4.296, 0.0, 2.512, 3.827, 5.119, 6.935, 8.712, 9.489, 9.672, 10.343, 11.318, 12.305, 13.132, 14.202, 15.365, 16.198, 16.394, 16.16, 16.236, 16.475, 17.023, 17.866, 18.856, 20.156, 20.81, 21.219, 21.453, 21.472, 21.777, 22.099, 22.525, 23.031, 23.322, 23.684, 24.141, 24.444, 24.437, 23.998, 23.507, 22.996, 22.389, 22.158, 22.235, 22.421, 22.255, 21.568, 21.304, 21.431, 21.804, 22.3, 22.498, 22.57, 22.514, 22.538, 22.817, 23.031, 23.101, 23.108, 22.867, 22.275, 22.115, 21.956, 21.922, 21.991, 22.13, 22.485, 22.879], [22.639, 21.899, 21.737, 20.834, 20.013, 19.406, 18.565, 17.206, 15.354, 14.158, 13.298, 12.642, 12.301, 11.604, 10.337, 9.958, 9.786, 9.515, 8.903, 6.143, 2.512, 0.0, 1.857, 3.79, 6.094, 8.044, 8.838, 8.997, 9.61, 10.592, 11.687, 12.56, 13.655, 14.845, 15.681, 15.856, 15.568, 15.624, 15.853, 16.404, 17.342, 18.55, 20.091, 20.827, 21.236, 21.484, 21.511, 21.829, 22.138, 22.491, 22.953, 23.234, 23.574, 24.075, 24.502, 24.602, 24.242, 23.808, 23.337, 22.748, 22.531, 22.633, 22.842, 22.692, 22.021, 21.771, 21.918, 22.316, 22.819, 23.014, 23.09, 23.047, 23.064, 23.313, 23.504, 23.551, 23.538, 23.28, 22.655, 22.432, 22.222, 22.163, 22.211, 22.349, 22.7, 23.1], [22.539, 21.832, 21.667, 20.751, 19.937, 19.335, 18.509, 17.143, 15.274, 14.068, 13.181, 12.507, 12.146, 11.483, 10.388, 10.15, 9.999, 9.744, 9.261, 6.808, 3.827, 1.857, 0.0, 2.432, 5.154, 7.252, 8.077, 8.193, 8.771, 9.861, 11.079, 11.986, 13.087, 14.294, 15.113, 15.26, 14.955, 15.042, 15.32, 15.916, 16.93, 18.259, 19.915, 20.694, 21.118, 21.378, 21.407, 21.714, 21.985, 22.295, 22.739, 23.009, 23.335, 23.86, 24.347, 24.502, 24.194, 23.805, 23.361, 22.795, 22.592, 22.711, 22.94, 22.799, 22.122, 21.876, 22.042, 22.461, 22.977, 23.182, 23.271, 23.234, 23.237, 23.47, 23.648, 23.674, 23.64, 23.376, 22.744, 22.492, 22.261, 22.193, 22.239, 22.376, 22.731, 23.149], [22.411, 21.745, 21.566, 20.636, 19.856, 19.274, 18.494, 17.204, 15.387, 14.188, 13.331, 12.691, 12.334, 11.717, 10.826, 10.735, 10.522, 10.196, 9.77, 7.554, 5.119, 3.79, 2.432, 0.0, 3.204, 5.791, 6.77, 6.936, 7.567, 8.807, 10.303, 11.289, 12.388, 13.605, 14.421, 14.589, 14.302, 14.469, 14.793, 15.401, 16.465, 17.918, 19.692, 20.514, 20.964, 21.244, 21.272, 21.58, 21.835, 22.125, 22.577, 22.838, 23.145, 23.713, 24.265, 24.455, 24.187, 23.871, 23.489, 22.95, 22.765, 22.902, 23.138, 22.99, 22.319, 22.091, 22.272, 22.701, 23.215, 23.427, 23.53, 23.492, 23.487, 23.704, 23.885, 23.944, 23.931, 23.668, 23.026, 22.728, 22.432, 22.301, 22.325, 22.47, 22.815, 23.231], [22.475, 21.853, 21.639, 20.641, 19.856, 19.278, 18.531, 17.347, 15.679, 14.543, 13.697, 13.084, 12.775, 12.265, 11.605, 11.658, 11.472, 11.099, 10.664, 8.782, 6.935, 6.094, 5.154, 3.204, 0.0, 3.138, 4.408, 4.749, 5.757, 7.23, 9.022, 10.144, 11.229, 12.471, 13.293, 13.491, 13.246, 13.548, 14.014, 14.779, 15.979, 17.503, 19.338, 20.194, 20.681, 20.982, 21.007, 21.307, 21.506, 21.722, 22.204, 22.529, 22.855, 23.467, 24.086, 24.308, 24.065, 23.816, 23.531, 23.071, 22.946, 23.112, 23.368, 23.227, 22.529, 22.286, 22.49, 22.95, 23.468, 23.683, 23.805, 23.778, 23.756, 23.928, 24.076, 24.117, 24.07, 23.806, 23.196, 22.87, 22.46, 22.249, 22.281, 22.415, 22.711, 23.083], [22.655, 22.058, 21.81, 20.724, 19.893, 19.307, 18.567, 17.451, 15.928, 14.87, 14.001, 13.398, 13.136, 12.718, 12.209, 12.351, 12.3, 12.009, 11.595, 10.075, 8.712, 8.044, 7.252, 5.791, 3.138, 0.0, 1.609, 2.321, 4.098, 5.884, 7.747, 8.997, 10.02, 11.257, 12.1, 12.307, 12.135, 12.633, 13.351, 14.386, 15.742, 17.222, 18.992, 19.84, 20.357, 20.663, 20.689, 20.963, 21.053, 21.17, 21.668, 22.072, 22.44, 23.056, 23.704, 23.958, 23.745, 23.553, 23.373, 23.035, 23.011, 23.222, 23.512, 23.405, 22.687, 22.408, 22.625, 23.112, 23.635, 23.85, 23.986, 23.973, 23.921, 24.037, 24.131, 24.092, 23.965, 23.699, 23.164, 22.875, 22.366, 22.089, 22.17, 22.271, 22.503, 22.819], [22.835, 22.245, 21.986, 20.878, 20.029, 19.443, 18.713, 17.635, 16.186, 15.172, 14.298, 13.694, 13.443, 13.045, 12.572, 12.741, 12.751, 12.504, 12.105, 10.713, 9.489, 8.838, 8.077, 6.77, 4.408, 1.609, 0.0, 1.388, 3.679, 5.473, 7.264, 8.529, 9.485, 10.67, 11.513, 11.744, 11.63, 12.218, 13.049, 14.2, 15.628, 17.105, 18.847, 19.686, 20.21, 20.517, 20.543, 20.812, 20.863, 20.944, 21.449, 21.879, 22.26, 22.862, 23.506, 23.771, 23.568, 23.39, 23.246, 22.967, 23.007, 23.257, 23.571, 23.489, 22.782, 22.496, 22.716, 23.209, 23.727, 23.937, 24.078, 24.073, 24.01, 24.105, 24.172, 24.095, 23.934, 23.665, 23.165, 22.902, 22.361, 22.059, 22.16, 22.249, 22.451, 22.728], [22.793, 22.218, 21.938, 20.807, 19.95, 19.358, 18.619, 17.522, 16.073, 15.082, 14.196, 13.581, 13.329, 12.952, 12.552, 12.784, 12.822, 12.572, 12.205, 10.867, 9.672, 8.997, 8.193, 6.936, 4.749, 2.321, 1.388, 0.0, 2.652, 4.813, 6.89, 8.223, 9.182, 10.346, 11.092, 11.255, 11.148, 11.803, 12.717, 13.945, 15.451, 16.997, 18.779, 19.627, 20.155, 20.468, 20.499, 20.772, 20.803, 20.845, 21.32, 21.739, 22.098, 22.684, 23.336, 23.616, 23.434, 23.284, 23.161, 22.905, 22.965, 23.242, 23.579, 23.51, 22.802, 22.516, 22.738, 23.231, 23.753, 23.967, 24.113, 24.109, 24.043, 24.132, 24.199, 24.107, 23.924, 23.643, 23.13, 22.854, 22.313, 22.014, 22.109, 22.194, 22.407, 22.704], [22.958, 22.489, 22.182, 21.053, 20.238, 19.659, 18.924, 17.827, 16.393, 15.451, 14.642, 14.068, 13.815, 13.459, 13.128, 13.348, 13.316, 13.028, 12.735, 11.505, 10.343, 9.61, 8.771, 7.567, 5.757, 4.098, 3.679, 2.652, 0.0, 2.944, 5.962, 7.547, 8.59, 9.82, 10.536, 10.611, 10.517, 11.306, 12.288, 13.509, 15.034, 16.709, 18.66, 19.57, 20.099, 20.426, 20.48, 20.767, 20.806, 20.815, 21.217, 21.56, 21.857, 22.446, 23.147, 23.477, 23.38, 23.349, 23.307, 23.091, 23.167, 23.469, 23.826, 23.77, 23.112, 22.872, 23.104, 23.579, 24.088, 24.314, 24.469, 24.469, 24.417, 24.502, 24.588, 24.536, 24.374, 24.097, 23.546, 23.223, 22.669, 22.359, 22.42, 22.508, 22.746, 23.08], [23.663, 23.248, 22.958, 21.855, 21.043, 20.467, 19.74, 18.694, 17.347, 16.426, 15.643, 15.102, 14.887, 14.558, 14.176, 14.301, 14.243, 13.98, 13.687, 12.488, 11.318, 10.592, 9.861, 8.807, 7.23, 5.884, 5.473, 4.813, 2.944, 0.0, 3.758, 5.679, 6.982, 8.51, 9.542, 9.854, 9.869, 10.747, 11.748, 12.969, 14.55, 16.351, 18.435, 19.38, 19.893, 20.226, 20.295, 20.596, 20.66, 20.684, 21.085, 21.431, 21.746, 22.369, 23.094, 23.432, 23.35, 23.353, 23.338, 23.133, 23.231, 23.543, 23.916, 23.894, 23.304, 23.104, 23.347, 23.823, 24.312, 24.529, 24.692, 24.72, 24.688, 24.753, 24.82, 24.76, 24.586, 24.326, 23.82, 23.521, 22.971, 22.666, 22.731, 22.818, 23.041, 23.332], [24.118, 23.667, 23.43, 22.376, 21.525, 20.928, 20.186, 19.216, 18.036, 17.145, 16.327, 15.798, 15.639, 15.38, 14.922, 14.88, 14.839, 14.677, 14.345, 13.249, 12.305, 11.687, 11.079, 10.303, 9.022, 7.747, 7.264, 6.89, 5.962, 3.758, 0.0, 2.419, 4.444, 6.618, 8.257, 9.023, 9.199, 10.018, 11.058, 12.436, 14.126, 15.831, 17.773, 18.656, 19.148, 19.467, 19.536, 19.819, 19.867, 19.949, 20.421, 20.843, 21.245, 21.882, 22.564, 22.852, 22.698, 22.626, 22.576, 22.378, 22.504, 22.811, 23.2, 23.233, 22.715, 22.539, 22.784, 23.27, 23.759, 23.975, 24.154, 24.217, 24.201, 24.269, 24.301, 24.164, 23.93, 23.675, 23.238, 23.019, 22.507, 22.26, 22.39, 22.46, 22.671, 22.921], [24.359, 23.923, 23.717, 22.71, 21.873, 21.284, 20.577, 19.721, 18.681, 17.848, 17.035, 16.498, 16.348, 16.132, 15.679, 15.566, 15.505, 15.384, 15.056, 14.0, 13.132, 12.56, 11.986, 11.289, 10.144, 8.997, 8.529, 8.223, 7.547, 5.679, 2.419, 0.0, 2.628, 5.296, 7.348, 8.434, 8.721, 9.555, 10.646, 12.099, 13.862, 15.555, 17.454, 18.318, 18.806, 19.13, 19.202, 19.49, 19.532, 19.628, 20.124, 20.567, 20.971, 21.614, 22.319, 22.609, 22.44, 22.368, 22.35, 22.182, 22.318, 22.626, 23.021, 23.053, 22.541, 22.382, 22.64, 23.135, 23.637, 23.859, 24.045, 24.121, 24.115, 24.19, 24.22, 24.066, 23.811, 23.549, 23.11, 22.889, 22.359, 22.11, 22.249, 22.323, 22.547, 22.804], [24.55, 24.162, 23.971, 22.999, 22.203, 21.645, 21.001, 20.275, 19.396, 18.673, 17.891, 17.338, 17.182, 17.001, 16.617, 16.532, 16.484, 16.376, 16.061, 15.044, 14.202, 13.655, 13.087, 12.388, 11.229, 10.02, 9.485, 9.182, 8.59, 6.982, 4.444, 2.628, 0.0, 3.081, 5.778, 7.341, 7.932, 9.055, 10.369, 11.941, 13.76, 15.432, 17.283, 18.126, 18.621, 18.96, 19.035, 19.303, 19.273, 19.293, 19.79, 20.261, 20.641, 21.274, 22.05, 22.414, 22.301, 22.301, 22.41, 22.368, 22.575, 22.918, 23.335, 23.377, 22.854, 22.691, 22.982, 23.505, 24.013, 24.241, 24.427, 24.506, 24.501, 24.566, 24.588, 24.42, 24.153, 23.889, 23.468, 23.221, 22.563, 22.236, 22.378, 22.447, 22.653, 22.891], [24.624, 24.263, 24.07, 23.176, 22.474, 21.972, 21.405, 20.801, 20.041, 19.412, 18.686, 18.141, 18.004, 17.894, 17.633, 17.619, 17.599, 17.506, 17.202, 16.203, 15.365, 14.845, 14.294, 13.605, 12.471, 11.257, 10.67, 10.346, 9.82, 8.51, 6.618, 5.296, 3.081, 0.0, 3.52, 5.963, 7.071, 8.496, 10.052, 11.811, 13.723, 15.376, 17.169, 17.986, 18.502, 18.873, 18.945, 19.171, 19.036, 18.937, 19.417, 19.917, 20.263, 20.857, 21.705, 22.158, 22.115, 22.192, 22.435, 22.547, 22.855, 23.254, 23.697, 23.756, 23.246, 23.082, 23.404, 23.954, 24.459, 24.69, 24.878, 24.951, 24.944, 25.0, 25.019, 24.847, 24.583, 24.317, 23.904, 23.607, 22.78, 22.372, 22.528, 22.588, 22.764, 22.965], [24.371, 24.06, 23.83, 22.988, 22.376, 21.903, 21.369, 20.811, 20.115, 19.575, 18.922, 18.415, 18.308, 18.286, 18.215, 18.32, 18.329, 18.244, 17.964, 17.01, 16.198, 15.681, 15.113, 14.421, 13.293, 12.1, 11.513, 11.092, 10.536, 9.542, 8.257, 7.348, 5.778, 3.52, 0.0, 3.29, 5.121, 7.058, 9.113, 11.349, 13.61, 15.464, 17.344, 18.185, 18.743, 19.166, 19.235, 19.419, 19.148, 18.857, 19.31, 19.842, 20.111, 20.615, 21.518, 22.058, 22.097, 22.284, 22.64, 22.833, 23.182, 23.624, 24.093, 24.147, 23.612, 23.443, 23.764, 24.311, 24.817, 25.057, 25.251, 25.323, 25.309, 25.354, 25.369, 25.19, 24.92, 24.637, 24.183, 23.777, 22.788, 22.295, 22.436, 22.497, 22.653, 22.858], [24.126, 23.907, 23.664, 22.787, 22.172, 21.684, 21.111, 20.509, 19.856, 19.416, 18.822, 18.348, 18.265, 18.292, 18.307, 18.45, 18.466, 18.392, 18.125, 17.189, 16.394, 15.856, 15.26, 14.589, 13.491, 12.307, 11.744, 11.255, 10.611, 9.854, 9.023, 8.434, 7.341, 5.963, 3.29, 0.0, 2.642, 5.482, 8.149, 10.808, 13.335, 15.322, 17.264, 18.13, 18.703, 19.144, 19.216, 19.395, 19.062, 18.659, 19.087, 19.613, 19.826, 20.29, 21.236, 21.839, 21.937, 22.198, 22.605, 22.827, 23.18, 23.637, 24.122, 24.172, 23.621, 23.448, 23.762, 24.302, 24.831, 25.093, 25.291, 25.367, 25.369, 25.427, 25.447, 25.273, 25.0, 24.695, 24.173, 23.674, 22.603, 22.053, 22.153, 22.222, 22.399, 22.668], [24.002, 23.806, 23.613, 22.759, 22.144, 21.649, 21.042, 20.378, 19.683, 19.263, 18.692, 18.23, 18.178, 18.235, 18.259, 18.41, 18.428, 18.365, 18.083, 17.06, 16.16, 15.568, 14.955, 14.302, 13.246, 12.135, 11.63, 11.148, 10.517, 9.869, 9.199, 8.721, 7.932, 7.071, 5.121, 2.642, 0.0, 3.406, 6.495, 9.49, 12.296, 14.534, 16.701, 17.634, 18.212, 18.66, 18.735, 18.956, 18.672, 18.269, 18.677, 19.181, 19.383, 19.908, 20.915, 21.536, 21.636, 21.887, 22.247, 22.419, 22.753, 23.219, 23.716, 23.76, 23.203, 23.047, 23.369, 23.925, 24.499, 24.794, 25.011, 25.106, 25.124, 25.189, 25.206, 25.039, 24.777, 24.458, 23.868, 23.322, 22.286, 21.769, 21.842, 21.921, 22.133, 22.453], [23.945, 23.706, 23.583, 22.875, 22.336, 21.865, 21.255, 20.579, 19.854, 19.416, 18.861, 18.428, 18.441, 18.546, 18.559, 18.691, 18.699, 18.645, 18.333, 17.219, 16.236, 15.624, 15.042, 14.469, 13.548, 12.633, 12.218, 11.803, 11.306, 10.747, 10.018, 9.555, 9.055, 8.496, 7.058, 5.482, 3.406, 0.0, 3.578, 7.302, 10.564, 13.045, 15.455, 16.473, 17.052, 17.517, 17.582, 17.831, 17.62, 17.269, 17.708, 18.245, 18.487, 19.083, 20.134, 20.763, 20.85, 21.079, 21.397, 21.541, 21.886, 22.367, 22.884, 22.954, 22.464, 22.37, 22.699, 23.257, 23.855, 24.186, 24.444, 24.595, 24.659, 24.736, 24.731, 24.552, 24.32, 24.0, 23.335, 22.755, 21.784, 21.368, 21.469, 21.547, 21.772, 22.098], [24.082, 23.822, 23.755, 23.176, 22.731, 22.332, 21.775, 21.118, 20.327, 19.84, 19.327, 18.931, 18.989, 19.109, 19.083, 19.189, 19.155, 19.081, 18.76, 17.566, 16.475, 15.853, 15.32, 14.793, 14.014, 13.351, 13.049, 12.717, 12.288, 11.748, 11.058, 10.646, 10.369, 10.052, 9.113, 8.149, 6.495, 3.578, 0.0, 4.254, 7.981, 10.903, 13.8, 14.983, 15.554, 16.048, 16.109, 16.419, 16.395, 16.198, 16.678, 17.231, 17.5, 18.227, 19.364, 20.008, 20.108, 20.358, 20.668, 20.782, 21.122, 21.606, 22.137, 22.258, 21.917, 21.937, 22.268, 22.802, 23.391, 23.749, 24.037, 24.248, 24.412, 24.549, 24.562, 24.429, 24.293, 23.975, 23.192, 22.547, 21.625, 21.302, 21.407, 21.485, 21.728, 22.057], [24.406, 24.164, 24.148, 23.675, 23.326, 23.026, 22.564, 21.955, 21.091, 20.554, 20.133, 19.79, 19.857, 19.962, 19.875, 19.941, 19.848, 19.736, 19.427, 18.195, 17.023, 16.404, 15.916, 15.401, 14.779, 14.386, 14.2, 13.945, 13.509, 12.969, 12.436, 12.099, 11.941, 11.811, 11.349, 10.808, 9.49, 7.302, 4.254, 0.0, 4.195, 8.14, 12.04, 13.536, 14.084, 14.598, 14.67, 15.093, 15.375, 15.415, 15.895, 16.389, 16.632, 17.514, 18.76, 19.417, 19.556, 19.877, 20.229, 20.332, 20.654, 21.141, 21.685, 21.865, 21.718, 21.873, 22.199, 22.682, 23.235, 23.609, 23.9, 24.149, 24.451, 24.712, 24.802, 24.783, 24.813, 24.512, 23.604, 22.884, 21.987, 21.717, 21.78, 21.856, 22.13, 22.476], [24.654, 24.434, 24.448, 24.067, 23.795, 23.568, 23.189, 22.678, 21.864, 21.326, 20.987, 20.698, 20.769, 20.858, 20.699, 20.682, 20.532, 20.407, 20.103, 18.93, 17.866, 17.342, 16.93, 16.465, 15.979, 15.742, 15.628, 15.451, 15.034, 14.55, 14.126, 13.862, 13.76, 13.723, 13.61, 13.335, 12.296, 10.564, 7.981, 4.195, 0.0, 4.99, 9.943, 11.83, 12.35, 12.853, 12.938, 13.447, 14.031, 14.373, 14.85, 15.246, 15.481, 16.48, 17.782, 18.436, 18.608, 19.014, 19.463, 19.641, 19.984, 20.473, 21.016, 21.243, 21.282, 21.549, 21.863, 22.287, 22.782, 23.165, 23.456, 23.721, 24.154, 24.57, 24.764, 24.874, 25.078, 24.793, 23.79, 23.045, 22.171, 21.962, 22.006, 22.068, 22.369, 22.743], [24.764, 24.511, 24.517, 24.185, 23.917, 23.693, 23.336, 23.011, 22.485, 22.031, 21.721, 21.477, 21.578, 21.693, 21.461, 21.3, 21.101, 20.995, 20.643, 19.596, 18.856, 18.55, 18.259, 17.918, 17.503, 17.222, 17.105, 16.997, 16.709, 16.351, 15.831, 15.555, 15.432, 15.376, 15.464, 15.322, 14.534, 13.045, 10.903, 8.14, 4.99, 0.0, 5.655, 8.124, 8.692, 9.187, 9.292, 9.868, 10.791, 11.685, 12.356, 12.754, 13.167, 14.287, 15.578, 16.198, 16.334, 16.799, 17.444, 17.925, 18.431, 18.945, 19.489, 19.786, 20.022, 20.381, 20.715, 21.115, 21.549, 21.951, 22.258, 22.541, 23.072, 23.61, 23.877, 24.072, 24.394, 24.107, 23.076, 22.379, 21.511, 21.411, 21.543, 21.573, 21.884, 22.279], [25.023, 24.726, 24.708, 24.379, 24.076, 23.828, 23.476, 23.338, 23.144, 22.832, 22.538, 22.322, 22.45, 22.622, 22.379, 22.102, 21.883, 21.812, 21.416, 20.526, 20.156, 20.091, 19.915, 19.692, 19.338, 18.992, 18.847, 18.779, 18.66, 18.435, 17.773, 17.454, 17.283, 17.169, 17.344, 17.264, 16.701, 15.455, 13.8, 12.04, 9.943, 5.655, 0.0, 3.158, 4.066, 4.638, 4.781, 5.443, 6.938, 8.915, 10.053, 10.536, 11.294, 12.388, 13.385, 13.855, 13.897, 14.383, 15.344, 16.383, 17.169, 17.698, 18.224, 18.616, 19.047, 19.454, 19.814, 20.197, 20.554, 20.948, 21.263, 21.554, 22.11, 22.699, 22.981, 23.185, 23.555, 23.278, 22.318, 21.727, 20.848, 20.842, 21.113, 21.114, 21.408, 21.787], [25.218, 24.915, 24.898, 24.561, 24.241, 23.983, 23.628, 23.546, 23.473, 23.246, 22.975, 22.769, 22.897, 23.091, 22.87, 22.568, 22.36, 22.313, 21.906, 21.066, 20.81, 20.827, 20.694, 20.514, 20.194, 19.84, 19.686, 19.627, 19.57, 19.38, 18.656, 18.318, 18.126, 17.986, 18.185, 18.13, 17.634, 16.473, 14.983, 13.536, 11.83, 8.124, 3.158, 0.0, 1.589, 2.562, 2.734, 3.542, 5.552, 8.206, 9.573, 10.084, 10.976, 12.0, 12.762, 13.094, 13.075, 13.571, 14.701, 16.005, 16.913, 17.439, 17.953, 18.398, 18.903, 19.309, 19.668, 20.044, 20.366, 20.738, 21.05, 21.345, 21.891, 22.475, 22.743, 22.911, 23.271, 23.016, 22.108, 21.552, 20.659, 20.671, 20.995, 20.984, 21.252, 21.605], [25.514, 25.213, 25.205, 24.889, 24.579, 24.329, 23.975, 23.894, 23.831, 23.625, 23.388, 23.203, 23.331, 23.52, 23.293, 22.975, 22.762, 22.718, 22.311, 21.478, 21.219, 21.236, 21.118, 20.964, 20.681, 20.357, 20.21, 20.155, 20.099, 19.893, 19.148, 18.806, 18.621, 18.502, 18.743, 18.703, 18.212, 17.052, 15.554, 14.084, 12.35, 8.692, 4.066, 1.589, 0.0, 1.344, 1.681, 2.873, 5.295, 8.148, 9.5, 9.99, 10.92, 11.982, 12.732, 13.031, 12.989, 13.477, 14.644, 16.002, 16.918, 17.419, 17.915, 18.384, 18.947, 19.367, 19.72, 20.083, 20.378, 20.736, 21.042, 21.348, 21.916, 22.51, 22.78, 22.954, 23.328, 23.088, 22.217, 21.698, 20.841, 20.883, 21.205, 21.174, 21.431, 21.768], [25.675, 25.377, 25.377, 25.072, 24.767, 24.517, 24.162, 24.079, 24.018, 23.81, 23.582, 23.417, 23.553, 23.742, 23.51, 23.18, 22.96, 22.917, 22.509, 21.689, 21.453, 21.484, 21.378, 21.244, 20.982, 20.663, 20.517, 20.468, 20.426, 20.226, 19.467, 19.13, 18.96, 18.873, 19.166, 19.144, 18.66, 17.517, 16.048, 14.598, 12.853, 9.187, 4.638, 2.562, 1.344, 0.0, 0.822, 2.56, 5.229, 8.205, 9.513, 9.975, 10.964, 12.026, 12.698, 12.926, 12.803, 13.197, 14.383, 15.843, 16.789, 17.269, 17.745, 18.229, 18.837, 19.27, 19.625, 19.98, 20.266, 20.626, 20.931, 21.245, 21.828, 22.435, 22.713, 22.902, 23.296, 23.058, 22.201, 21.717, 20.892, 20.96, 21.281, 21.233, 21.488, 21.82], [25.673, 25.375, 25.378, 25.072, 24.76, 24.509, 24.159, 24.085, 24.032, 23.824, 23.588, 23.42, 23.564, 23.758, 23.523, 23.185, 22.964, 22.923, 22.513, 21.696, 21.472, 21.511, 21.407, 21.272, 21.007, 20.689, 20.543, 20.499, 20.48, 20.295, 19.536, 19.202, 19.035, 18.945, 19.235, 19.216, 18.735, 17.582, 16.109, 14.67, 12.938, 9.292, 4.781, 2.734, 1.681, 0.822, 0.0, 2.044, 4.923, 8.033, 9.413, 9.92, 10.933, 11.994, 12.642, 12.853, 12.695, 13.023, 14.187, 15.672, 16.636, 17.122, 17.608, 18.105, 18.725, 19.169, 19.53, 19.886, 20.164, 20.524, 20.836, 21.16, 21.753, 22.366, 22.653, 22.854, 23.261, 23.013, 22.14, 21.664, 20.858, 20.952, 21.288, 21.236, 21.486, 21.809], [25.679, 25.384, 25.378, 25.077, 24.771, 24.527, 24.191, 24.132, 24.102, 23.91, 23.673, 23.502, 23.649, 23.864, 23.663, 23.336, 23.115, 23.075, 22.689, 21.936, 21.777, 21.829, 21.714, 21.58, 21.307, 20.963, 20.812, 20.772, 20.767, 20.596, 19.819, 19.49, 19.303, 19.171, 19.419, 19.395, 18.956, 17.831, 16.419, 15.093, 13.447, 9.868, 5.443, 3.542, 2.873, 2.56, 2.044, 0.0, 3.326, 6.951, 8.539, 9.138, 10.258, 11.272, 11.836, 12.088, 12.0, 12.449, 13.84, 15.544, 16.599, 17.103, 17.605, 18.145, 18.798, 19.238, 19.598, 19.944, 20.194, 20.549, 20.863, 21.182, 21.751, 22.355, 22.651, 22.862, 23.28, 23.031, 22.186, 21.772, 20.961, 21.09, 21.493, 21.42, 21.641, 21.942], [25.501, 25.223, 25.184, 24.844, 24.519, 24.272, 23.949, 23.893, 23.891, 23.74, 23.491, 23.305, 23.455, 23.714, 23.645, 23.446, 23.287, 23.253, 22.909, 22.226, 22.099, 22.138, 21.985, 21.835, 21.506, 21.053, 20.863, 20.803, 20.806, 20.66, 19.867, 19.532, 19.273, 19.036, 19.148, 19.062, 18.672, 17.62, 16.395, 15.375, 14.031, 10.791, 6.938, 5.552, 5.295, 5.229, 4.923, 3.326, 0.0, 4.155, 6.258, 7.291, 8.712, 9.723, 10.357, 10.848, 10.969, 11.716, 13.577, 15.679, 16.925, 17.516, 18.098, 18.689, 19.232, 19.574, 19.959, 20.343, 20.601, 20.946, 21.261, 21.555, 22.037, 22.564, 22.815, 22.946, 23.254, 23.005, 22.251, 21.884, 20.952, 21.02, 21.501, 21.397, 21.556, 21.828], [25.544, 25.297, 25.226, 24.832, 24.482, 24.236, 23.932, 23.86, 23.841, 23.726, 23.466, 23.249, 23.387, 23.672, 23.765, 23.768, 23.722, 23.698, 23.391, 22.728, 22.525, 22.491, 22.295, 22.125, 21.722, 21.17, 20.944, 20.845, 20.815, 20.684, 19.949, 19.628, 19.293, 18.937, 18.857, 18.659, 18.269, 17.269, 16.198, 15.415, 14.373, 11.685, 8.915, 8.206, 8.148, 8.205, 8.033, 6.951, 4.155, 0.0, 3.013, 5.207, 6.948, 8.127, 9.318, 10.299, 10.774, 11.866, 14.051, 16.331, 17.692, 18.395, 19.089, 19.702, 20.069, 20.312, 20.724, 21.149, 21.443, 21.776, 22.091, 22.382, 22.81, 23.264, 23.449, 23.467, 23.607, 23.354, 22.666, 22.265, 21.216, 21.172, 21.644, 21.503, 21.575, 21.807], [25.71, 25.498, 25.418, 25.03, 24.704, 24.482, 24.212, 24.133, 24.095, 24.007, 23.773, 23.555, 23.682, 23.98, 24.144, 24.216, 24.213, 24.204, 23.921, 23.275, 23.031, 22.953, 22.739, 22.577, 22.204, 21.668, 21.449, 21.32, 21.217, 21.085, 20.421, 20.124, 19.79, 19.417, 19.31, 19.087, 18.677, 17.708, 16.678, 15.895, 14.85, 12.356, 10.053, 9.573, 9.5, 9.513, 9.413, 8.539, 6.258, 3.013, 0.0, 3.064, 5.2, 6.76, 8.49, 9.771, 10.482, 11.789, 14.132, 16.516, 17.917, 18.673, 19.388, 19.988, 20.36, 20.619, 21.024, 21.45, 21.777, 22.138, 22.462, 22.746, 23.176, 23.635, 23.833, 23.866, 24.018, 23.76, 23.012, 22.576, 21.548, 21.493, 21.92, 21.768, 21.86, 22.146], [25.699, 25.531, 25.446, 25.102, 24.832, 24.634, 24.388, 24.32, 24.297, 24.25, 24.073, 23.874, 23.981, 24.273, 24.437, 24.489, 24.47, 24.462, 24.207, 23.572, 23.322, 23.234, 23.009, 22.838, 22.529, 22.072, 21.879, 21.739, 21.56, 21.431, 20.843, 20.567, 20.261, 19.917, 19.842, 19.613, 19.181, 18.245, 17.231, 16.389, 15.246, 12.754, 10.536, 10.084, 9.99, 9.975, 9.92, 9.138, 7.291, 5.207, 3.064, 0.0, 2.876, 5.221, 7.433, 9.01, 9.987, 11.497, 13.863, 16.275, 17.701, 18.512, 19.23, 19.805, 20.242, 20.558, 20.95, 21.362, 21.727, 22.148, 22.48, 22.735, 23.163, 23.634, 23.866, 23.994, 24.266, 24.006, 23.164, 22.702, 21.698, 21.642, 22.022, 21.9, 22.099, 22.518], [25.759, 25.645, 25.559, 25.25, 25.038, 24.87, 24.648, 24.596, 24.579, 24.57, 24.44, 24.251, 24.335, 24.603, 24.774, 24.823, 24.776, 24.761, 24.547, 23.946, 23.684, 23.574, 23.335, 23.145, 22.855, 22.44, 22.26, 22.098, 21.857, 21.746, 21.245, 20.971, 20.641, 20.263, 20.111, 19.826, 19.383, 18.487, 17.5, 16.632, 15.481, 13.167, 11.294, 10.976, 10.92, 10.964, 10.933, 10.258, 8.712, 6.948, 5.2, 2.876, 0.0, 3.254, 6.441, 8.511, 9.887, 11.743, 14.204, 16.561, 17.983, 18.872, 19.653, 20.205, 20.601, 20.934, 21.33, 21.746, 22.158, 22.611, 22.928, 23.147, 23.568, 24.042, 24.305, 24.478, 24.765, 24.475, 23.548, 22.986, 21.886, 21.759, 22.09, 21.979, 22.212, 22.701], [25.841, 25.729, 25.627, 25.336, 25.141, 24.982, 24.77, 24.735, 24.759, 24.782, 24.674, 24.5, 24.575, 24.822, 24.98, 25.02, 24.964, 24.944, 24.766, 24.287, 24.141, 24.075, 23.86, 23.713, 23.467, 23.056, 22.862, 22.684, 22.446, 22.369, 21.882, 21.614, 21.274, 20.857, 20.615, 20.29, 19.908, 19.083, 18.227, 17.514, 16.48, 14.287, 12.388, 12.0, 11.982, 12.026, 11.994, 11.272, 9.723, 8.127, 6.76, 5.221, 3.254, 0.0, 4.035, 6.805, 8.713, 11.099, 14.007, 16.64, 18.178, 19.127, 19.952, 20.529, 20.902, 21.207, 21.605, 22.021, 22.431, 22.871, 23.162, 23.344, 23.728, 24.19, 24.462, 24.617, 24.875, 24.572, 23.671, 23.101, 21.878, 21.693, 22.046, 21.913, 22.124, 22.611], [26.028, 25.856, 25.73, 25.445, 25.235, 25.061, 24.828, 24.808, 24.861, 24.868, 24.77, 24.627, 24.709, 24.947, 25.05, 25.027, 24.956, 24.934, 24.754, 24.389, 24.444, 24.502, 24.347, 24.265, 24.086, 23.704, 23.506, 23.336, 23.147, 23.094, 22.564, 22.319, 22.05, 21.705, 21.518, 21.236, 20.915, 20.134, 19.364, 18.76, 17.782, 15.578, 13.385, 12.762, 12.732, 12.698, 12.642, 11.836, 10.357, 9.318, 8.49, 7.433, 6.441, 4.035, 0.0, 3.408, 6.105, 9.284, 12.832, 15.907, 17.624, 18.599, 19.446, 20.115, 20.588, 20.889, 21.267, 21.647, 22.028, 22.461, 22.74, 22.915, 23.292, 23.772, 24.058, 24.213, 24.499, 24.215, 23.36, 22.868, 21.664, 21.531, 21.948, 21.789, 22.001, 22.5], [26.139, 25.893, 25.762, 25.482, 25.248, 25.048, 24.788, 24.782, 24.842, 24.811, 24.718, 24.609, 24.713, 24.96, 25.003, 24.911, 24.819, 24.798, 24.585, 24.252, 24.437, 24.602, 24.502, 24.455, 24.308, 23.958, 23.771, 23.616, 23.477, 23.432, 22.852, 22.609, 22.414, 22.158, 22.058, 21.839, 21.536, 20.763, 20.008, 19.417, 18.436, 16.198, 13.855, 13.094, 13.031, 12.926, 12.853, 12.088, 10.848, 10.299, 9.771, 9.01, 8.511, 6.805, 3.408, 0.0, 3.373, 7.415, 11.582, 14.974, 16.77, 17.719, 18.561, 19.289, 19.851, 20.184, 20.555, 20.918, 21.304, 21.751, 22.037, 22.231, 22.642, 23.166, 23.479, 23.654, 23.975, 23.695, 22.827, 22.382, 21.281, 21.248, 21.715, 21.541, 21.772, 22.298], [25.897, 25.588, 25.489, 25.221, 24.942, 24.702, 24.406, 24.413, 24.499, 24.43, 24.314, 24.228, 24.369, 24.633, 24.618, 24.463, 24.36, 24.346, 24.081, 23.738, 23.998, 24.242, 24.194, 24.187, 24.065, 23.745, 23.568, 23.434, 23.38, 23.35, 22.698, 22.44, 22.301, 22.115, 22.097, 21.937, 21.636, 20.85, 20.108, 19.556, 18.608, 16.334, 13.897, 13.075, 12.989, 12.803, 12.695, 12.0, 10.969, 10.774, 10.482, 9.987, 9.887, 8.713, 6.105, 3.373, 0.0, 4.672, 9.561, 13.405, 15.326, 16.255, 17.102, 17.896, 18.536, 18.916, 19.301, 19.672, 20.069, 20.535, 20.855, 21.093, 21.546, 22.118, 22.452, 22.636, 22.987, 22.691, 21.818, 21.469, 20.536, 20.645, 21.17, 20.988, 21.246, 21.776], [25.542, 25.199, 25.161, 24.895, 24.559, 24.276, 23.939, 23.968, 24.132, 24.042, 23.864, 23.784, 23.965, 24.243, 24.17, 23.958, 23.875, 23.885, 23.557, 23.185, 23.507, 23.808, 23.805, 23.871, 23.816, 23.553, 23.39, 23.284, 23.349, 23.353, 22.626, 22.368, 22.301, 22.192, 22.284, 22.198, 21.887, 21.079, 20.358, 19.877, 19.014, 16.799, 14.383, 13.571, 13.477, 13.197, 13.023, 12.449, 11.716, 11.866, 11.789, 11.497, 11.743, 11.099, 9.284, 7.415, 4.672, 0.0, 5.684, 10.495, 12.811, 13.807, 14.726, 15.685, 16.507, 16.977, 17.384, 17.765, 18.168, 18.689, 19.098, 19.44, 19.964, 20.595, 20.953, 21.146, 21.564, 21.255, 20.427, 20.294, 19.656, 19.994, 20.591, 20.417, 20.731, 21.256], [25.017, 24.647, 24.67, 24.403, 24.025, 23.701, 23.307, 23.36, 23.638, 23.567, 23.346, 23.278, 23.495, 23.789, 23.662, 23.394, 23.338, 23.361, 22.968, 22.592, 22.996, 23.337, 23.361, 23.489, 23.531, 23.373, 23.246, 23.161, 23.307, 23.338, 22.576, 22.35, 22.41, 22.435, 22.64, 22.605, 22.247, 21.397, 20.668, 20.229, 19.463, 17.444, 15.344, 14.701, 14.644, 14.383, 14.187, 13.84, 13.577, 14.051, 14.132, 13.863, 14.204, 14.007, 12.832, 11.582, 9.561, 5.684, 0.0, 5.772, 8.692, 9.961, 11.132, 12.404, 13.565, 14.219, 14.63, 15.007, 15.479, 16.18, 16.759, 17.238, 17.836, 18.52, 18.902, 19.13, 19.692, 19.393, 18.573, 18.735, 18.661, 19.339, 19.955, 19.843, 20.299, 20.908], [24.486, 24.062, 24.134, 23.892, 23.497, 23.148, 22.705, 22.763, 23.106, 23.061, 22.845, 22.809, 23.058, 23.347, 23.153, 22.84, 22.781, 22.786, 22.331, 21.943, 22.389, 22.748, 22.795, 22.95, 23.071, 23.035, 22.967, 22.905, 23.091, 23.133, 22.378, 22.182, 22.368, 22.547, 22.833, 22.827, 22.419, 21.541, 20.782, 20.332, 19.641, 17.925, 16.383, 16.005, 16.002, 15.843, 15.672, 15.544, 15.679, 16.331, 16.516, 16.275, 16.561, 16.64, 15.907, 14.974, 13.405, 10.495, 5.772, 0.0, 3.597, 5.762, 7.627, 9.265, 10.66,