[[0.0, 2.464, 3.553, 4.422, 6.477, 9.2, 12.233, 14.244, 15.335, 15.686, 16.055, 16.448, 17.16, 17.98, 18.006, 17.63, 17.917, 18.845, 19.492, 19.408, 19.174, 19.049, 19.003, 19.1, 19.453, 19.597, 19.362, 19.695, 20.637, 21.202, 21.438, 21.731, 21.65, 21.461, 21.674, 21.794, 21.874, 21.987, 21.861, 21.048, 19.631, 18.876, 18.806, 18.917, 19.109, 19.487, 20.102, 20.321, 19.919, 19.739, 19.478, 19.163, 19.34, 19.445, 19.57, 20.315, 21.039, 21.539, 21.543, 21.194, 21.414, 22.103, 22.687, 22.756, 22.603, 22.76, 22.629, 21.881, 21.3, 21.334, 21.098, 20.695, 20.731, 20.653, 20.795, 21.007, 20.843, 20.564, 20.534, 20.7, 20.57, 20.228, 20.079, 19.897, 19.504, 19.389], [2.464, 0.0, 1.678, 3.184, 5.8, 8.964, 12.192, 14.228, 15.321, 15.67, 16.023, 16.433, 17.144, 17.949, 17.995, 17.638, 17.947, 18.879, 19.528, 19.461, 19.249, 19.139, 19.069, 19.126, 19.497, 19.647, 19.392, 19.73, 20.676, 21.254, 21.502, 21.785, 21.696, 21.522, 21.761, 21.895, 21.973, 22.083, 21.963, 21.16, 19.747, 18.99, 18.929, 19.056, 19.248, 19.62, 20.236, 20.46, 20.047, 19.85, 19.589, 19.287, 19.464, 19.57, 19.689, 20.425, 21.165, 21.655, 21.63, 21.328, 21.579, 22.245, 22.815, 22.881, 22.725, 22.887, 22.769, 22.038, 21.472, 21.507, 21.279, 20.874, 20.905, 20.837, 20.978, 21.182, 21.017, 20.736, 20.702, 20.859, 20.73, 20.4, 20.249, 20.054, 19.666, 19.544], [3.553, 1.678, 0.0, 2.294, 5.47, 8.881, 12.189, 14.217, 15.3, 15.668, 16.023, 16.43, 17.151, 17.985, 18.056, 17.709, 18.03, 18.959, 19.601, 19.541, 19.325, 19.203, 19.125, 19.172, 19.551, 19.711, 19.451, 19.784, 20.723, 21.303, 21.552, 21.834, 21.746, 21.57, 21.808, 21.949, 22.029, 22.137, 22.019, 21.228, 19.821, 19.056, 18.992, 19.116, 19.294, 19.653, 20.266, 20.494, 20.081, 19.88, 19.618, 19.318, 19.492, 19.599, 19.711, 20.425, 21.144, 21.623, 21.588, 21.29, 21.55, 22.208, 22.779, 22.85, 22.703, 22.868, 22.757, 22.039, 21.486, 21.525, 21.298, 20.882, 20.914, 20.859, 21.0, 21.199, 21.036, 20.76, 20.725, 20.878, 20.756, 20.434, 20.285, 20.087, 19.704, 19.565], [4.422, 3.184, 2.294, 0.0, 3.878, 8.048, 11.682, 13.813, 14.921, 15.291, 15.665, 16.085, 16.817, 17.711, 17.843, 17.522, 17.876, 18.841, 19.498, 19.44, 19.219, 19.096, 19.019, 19.063, 19.444, 19.604, 19.338, 19.671, 20.598, 21.172, 21.424, 21.722, 21.647, 21.48, 21.733, 21.888, 21.974, 22.09, 21.992, 21.226, 19.83, 19.072, 19.011, 19.13, 19.3, 19.643, 20.243, 20.468, 20.055, 19.854, 19.596, 19.306, 19.492, 19.601, 19.689, 20.363, 21.055, 21.531, 21.493, 21.184, 21.448, 22.103, 22.677, 22.755, 22.626, 22.796, 22.682, 21.97, 21.432, 21.48, 21.256, 20.841, 20.884, 20.838, 20.978, 21.175, 21.011, 20.74, 20.706, 20.853, 20.742, 20.44, 20.312, 20.116, 19.715, 19.537], [6.477, 5.8, 5.47, 3.878, 0.0, 5.386, 9.601, 12.066, 13.349, 13.769, 14.139, 14.563, 15.293, 16.261, 16.539, 16.355, 16.865, 18.01, 18.744, 18.677, 18.471, 18.409, 18.367, 18.42, 18.757, 18.887, 18.647, 18.996, 19.877, 20.391, 20.623, 20.96, 20.943, 20.833, 21.143, 21.338, 21.45, 21.577, 21.502, 20.832, 19.566, 18.936, 18.933, 19.046, 19.209, 19.541, 20.145, 20.373, 19.962, 19.747, 19.512, 19.225, 19.392, 19.484, 19.568, 20.239, 20.923, 21.388, 21.391, 21.128, 21.385, 22.033, 22.605, 22.672, 22.533, 22.698, 22.575, 21.87, 21.342, 21.39, 21.169, 20.759, 20.795, 20.742, 20.877, 21.07, 20.908, 20.638, 20.604, 20.742, 20.636, 20.352, 20.234, 20.052, 19.661, 19.491], [9.2, 8.964, 8.881, 8.048, 5.386, 0.0, 5.383, 8.732, 10.533, 11.1, 11.563, 12.092, 12.831, 13.909, 14.53, 14.66, 15.454, 16.872, 17.674, 17.566, 17.416, 17.457, 17.467, 17.551, 17.791, 17.824, 17.642, 17.998, 18.784, 19.209, 19.405, 19.78, 19.848, 19.833, 20.235, 20.486, 20.626, 20.776, 20.787, 20.336, 19.338, 18.916, 18.965, 19.055, 19.214, 19.55, 20.157, 20.355, 19.934, 19.722, 19.521, 19.222, 19.376, 19.458, 19.559, 20.276, 20.975, 21.405, 21.488, 21.327, 21.558, 22.197, 22.77, 22.827, 22.665, 22.815, 22.674, 21.973, 21.454, 21.478, 21.23, 20.815, 20.825, 20.756, 20.882, 21.071, 20.903, 20.616, 20.58, 20.714, 20.601, 20.294, 20.134, 19.944, 19.547, 19.393], [12.233, 12.192, 12.189, 11.682, 9.601, 5.383, 0.0, 4.189, 6.79, 7.704, 8.345, 9.054, 9.838, 10.962, 12.024, 12.696, 13.842, 15.506, 16.417, 16.311, 16.292, 16.552, 16.697, 16.818, 16.86, 16.74, 16.71, 17.113, 17.772, 18.075, 18.196, 18.524, 18.63, 18.725, 19.216, 19.516, 19.678, 19.797, 19.772, 19.551, 19.024, 18.978, 19.108, 19.158, 19.306, 19.635, 20.223, 20.392, 20.0, 19.818, 19.65, 19.357, 19.499, 19.566, 19.653, 20.372, 21.062, 21.458, 21.613, 21.513, 21.679, 22.297, 22.849, 22.888, 22.726, 22.85, 22.695, 22.03, 21.553, 21.546, 21.283, 20.889, 20.884, 20.824, 20.945, 21.132, 20.987, 20.716, 20.69, 20.832, 20.721, 20.397, 20.206, 20.056, 19.698, 19.556], [14.244, 14.228, 14.217, 13.813, 12.066, 8.732, 4.189, 0.0, 3.186, 4.692, 5.642, 6.563, 7.456, 8.674, 10.217, 11.493, 12.898, 14.675, 15.687, 15.622, 15.72, 16.161, 16.424, 16.568, 16.464, 16.294, 16.418, 16.86, 17.482, 17.75, 17.79, 18.042, 18.169, 18.304, 18.81, 19.134, 19.31, 19.397, 19.315, 19.192, 19.009, 19.285, 19.496, 19.511, 19.637, 19.934, 20.478, 20.623, 20.28, 20.14, 20.012, 19.764, 19.9, 19.95, 20.0, 20.678, 21.339, 21.707, 21.916, 21.866, 22.015, 22.618, 23.142, 23.175, 23.031, 23.162, 23.021, 22.41, 21.986, 21.97, 21.724, 21.358, 21.332, 21.273, 21.395, 21.577, 21.469, 21.24, 21.227, 21.373, 21.272, 20.975, 20.803, 20.704, 20.4, 20.269], [15.335, 15.321, 15.3, 14.921, 13.349, 10.533, 6.79, 3.186, 0.0, 2.198, 3.816, 5.065, 6.127, 7.547, 9.569, 11.297, 12.807, 14.564, 15.614, 15.574, 15.738, 16.28, 16.606, 16.779, 16.643, 16.44, 16.606, 17.054, 17.659, 17.931, 17.936, 18.135, 18.269, 18.394, 18.866, 19.189, 19.379, 19.447, 19.338, 19.221, 19.11, 19.498, 19.778, 19.802, 19.925, 20.214, 20.738, 20.859, 20.529, 20.415, 20.325, 20.128, 20.26, 20.294, 20.311, 20.973, 21.641, 22.01, 22.256, 22.259, 22.429, 23.03, 23.545, 23.579, 23.431, 23.564, 23.438, 22.857, 22.467, 22.458, 22.23, 21.879, 21.824, 21.748, 21.864, 22.042, 21.964, 21.758, 21.746, 21.883, 21.782, 21.499, 21.337, 21.257, 20.979, 20.851], [15.686, 15.67, 15.668, 15.291, 13.769, 11.1, 7.704, 4.692, 2.198, 0.0, 2.324, 4.068, 5.37, 6.972, 9.298, 11.297, 12.863, 14.577, 15.605, 15.571, 15.77, 16.34, 16.668, 16.836, 16.696, 16.497, 16.658, 17.105, 17.713, 17.998, 18.003, 18.178, 18.299, 18.419, 18.892, 19.214, 19.406, 19.482, 19.393, 19.297, 19.171, 19.539, 19.845, 19.912, 20.063, 20.362, 20.882, 20.987, 20.646, 20.544, 20.471, 20.292, 20.427, 20.454, 20.45, 21.104, 21.787, 22.163, 22.404, 22.429, 22.624, 23.222, 23.734, 23.781, 23.629, 23.755, 23.629, 23.057, 22.678, 22.674, 22.457, 22.104, 22.02, 21.924, 22.041, 22.212, 22.134, 21.93, 21.911, 22.04, 21.938, 21.658, 21.492, 21.396, 21.113, 20.979], [16.055, 16.023, 16.023, 15.665, 14.139, 11.563, 8.345, 5.642, 3.816, 2.324, 0.0, 2.25, 4.118, 6.179, 8.903, 11.134, 12.745, 14.444, 15.474, 15.46, 15.669, 16.238, 16.536, 16.657, 16.507, 16.362, 16.555, 17.026, 17.681, 17.992, 17.998, 18.159, 18.256, 18.361, 18.825, 19.15, 19.345, 19.422, 19.319, 19.258, 19.194, 19.6, 19.915, 19.997, 20.188, 20.511, 21.032, 21.132, 20.801, 20.696, 20.617, 20.438, 20.562, 20.577, 20.565, 21.201, 21.872, 22.257, 22.491, 22.509, 22.712, 23.31, 23.819, 23.876, 23.73, 23.845, 23.721, 23.154, 22.783, 22.778, 22.568, 22.198, 22.09, 21.989, 22.118, 22.285, 22.217, 22.026, 22.006, 22.129, 22.03, 21.745, 21.56, 21.445, 21.171, 21.063], [16.448, 16.433, 16.43, 16.085, 14.563, 12.092, 9.054, 6.563, 5.065, 4.068, 2.25, 0.0, 2.509, 5.494, 8.818, 11.221, 12.837, 14.536, 15.578, 15.567, 15.756, 16.3, 16.587, 16.683, 16.527, 16.461, 16.683, 17.157, 17.827, 18.149, 18.154, 18.309, 18.396, 18.476, 18.904, 19.236, 19.458, 19.538, 19.398, 19.346, 19.314, 19.745, 20.058, 20.12, 20.324, 20.67, 21.192, 21.282, 20.959, 20.867, 20.809, 20.66, 20.795, 20.807, 20.777, 21.385, 22.037, 22.421, 22.641, 22.624, 22.82, 23.418, 23.921, 23.995, 23.881, 23.986, 23.859, 23.3, 22.939, 22.925, 22.7, 22.326, 22.212, 22.105, 22.237, 22.406, 22.349, 22.18, 22.168, 22.292, 22.198, 21.921, 21.743, 21.637, 21.381, 21.3], [17.16, 17.144, 17.151, 16.817, 15.293, 12.831, 9.838, 7.456, 6.127, 5.37, 4.118, 2.509, 0.0, 3.983, 8.323, 11.204, 12.951, 14.669, 15.709, 15.693, 15.889, 16.443, 16.762, 16.893, 16.726, 16.734, 17.009, 17.479, 18.133, 18.444, 18.433, 18.561, 18.65, 18.736, 19.149, 19.494, 19.748, 19.832, 19.65, 19.622, 19.681, 20.17, 20.472, 20.492, 20.655, 20.955, 21.448, 21.539, 21.224, 21.132, 21.102, 20.994, 21.154, 21.182, 21.121, 21.673, 22.295, 22.646, 22.853, 22.829, 23.0, 23.57, 24.054, 24.147, 24.071, 24.166, 24.036, 23.512, 23.187, 23.163, 22.936, 22.581, 22.482, 22.398, 22.531, 22.698, 22.649, 22.507, 22.511, 22.643, 22.554, 22.287, 22.13, 22.066, 21.854, 21.801], [17.98, 17.949, 17.985, 17.711, 16.261, 13.909, 10.962, 8.674, 7.547, 6.972, 6.179, 5.494, 3.983, 0.0, 5.461, 9.48, 11.713, 13.545, 14.614, 14.62, 14.865, 15.534, 15.96, 16.221, 16.107, 16.2, 16.596, 17.089, 17.786, 18.1, 18.045, 18.144, 18.218, 18.323, 18.757, 19.107, 19.36, 19.437, 19.231, 19.318, 19.647, 20.345, 20.694, 20.691, 20.806, 21.032, 21.49, 21.639, 21.392, 21.281, 21.23, 21.113, 21.286, 21.337, 21.279, 21.785, 22.386, 22.72, 22.95, 22.949, 23.076, 23.612, 24.069, 24.166, 24.107, 24.198, 24.075, 23.588, 23.285, 23.278, 23.097, 22.753, 22.669, 22.625, 22.766, 22.924, 22.874, 22.737, 22.747, 22.879, 22.783, 22.498, 22.325, 22.282, 22.105, 22.055], [18.006, 17.995, 18.056, 17.843, 16.539, 14.53, 12.024, 10.217, 9.569, 9.298, 8.903, 8.818, 8.323, 5.461, 0.0, 5.159, 8.233, 10.53, 11.839, 11.912, 12.143, 12.961, 13.563, 14.011, 14.027, 14.25, 14.777, 15.304, 16.122, 16.477, 16.424, 16.608, 16.694, 16.79, 17.276, 17.651, 17.897, 18.012, 17.94, 18.204, 18.807, 19.736, 20.17, 20.188, 20.314, 20.542, 21.004, 21.218, 21.097, 21.039, 20.973, 20.81, 20.976, 21.032, 20.994, 21.484, 22.069, 22.43, 22.694, 22.695, 22.791, 23.318, 23.772, 23.878, 23.83, 23.939, 23.836, 23.347, 23.01, 23.033, 22.9, 22.524, 22.435, 22.411, 22.565, 22.712, 22.639, 22.478, 22.476, 22.6, 22.499, 22.191, 21.972, 21.887, 21.669, 21.56], [17.63, 17.638, 17.709, 17.522, 16.355, 14.66, 12.696, 11.493, 11.297, 11.297, 11.134, 11.221, 11.204, 9.48, 5.159, 0.0, 3.845, 7.101, 8.95, 9.113, 9.264, 10.226, 11.016, 11.607, 11.725, 12.051, 12.634, 13.199, 14.175, 14.596, 14.611, 15.017, 15.201, 15.29, 15.826, 16.272, 16.551, 16.709, 16.787, 17.117, 17.754, 18.75, 19.204, 19.241, 19.42, 19.749, 20.274, 20.487, 20.462, 20.584, 20.6, 20.426, 20.601, 20.654, 20.617, 21.111, 21.663, 22.05, 22.324, 22.323, 22.422, 22.967, 23.453, 23.56, 23.496, 23.614, 23.518, 22.993, 22.604, 22.634, 22.491, 22.069, 21.979, 21.96, 22.116, 22.265, 22.186, 22.004, 21.98, 22.094, 21.999, 21.681, 21.425, 21.271, 20.971, 20.802], [17.917, 17.947, 18.03, 17.876, 16.865, 15.454, 13.842, 12.898, 12.807, 12.863, 12.745, 12.837, 12.951, 11.713, 8.233, 3.845, 0.0, 3.991, 6.416, 6.759, 7.03, 8.284, 9.273, 10.016, 10.119, 10.497, 11.193, 11.772, 12.87, 13.383, 13.456, 14.015, 14.303, 14.418, 14.971, 15.472, 15.811, 15.976, 16.094, 16.48, 17.182, 18.226, 18.681, 18.725, 18.947, 19.355, 19.938, 20.15, 20.165, 20.424, 20.55, 20.426, 20.622, 20.675, 20.637, 21.111, 21.615, 21.994, 22.282, 22.298, 22.414, 22.968, 23.465, 23.567, 23.487, 23.591, 23.481, 22.945, 22.546, 22.564, 22.394, 21.946, 21.848, 21.81, 21.957, 22.107, 22.036, 21.849, 21.804, 21.902, 21.808, 21.484, 21.213, 21.022, 20.688, 20.51], [18.845, 18.879, 18.959, 18.841, 18.01, 16.872, 15.506, 14.675, 14.564, 14.577, 14.444, 14.536, 14.669, 13.545, 10.53, 7.101, 3.991, 0.0, 2.981, 3.887, 4.764, 6.571, 7.772, 8.716, 8.797, 9.217, 10.133, 10.687, 11.856, 12.5, 12.614, 13.226, 13.551, 13.68, 14.237, 14.766, 15.141, 15.305, 15.459, 16.029, 16.993, 18.173, 18.652, 18.701, 18.926, 19.343, 19.942, 20.185, 20.255, 20.566, 20.765, 20.718, 20.942, 21.014, 20.987, 21.408, 21.847, 22.212, 22.516, 22.536, 22.654, 23.201, 23.669, 23.757, 23.67, 23.746, 23.623, 23.116, 22.751, 22.758, 22.599, 22.167, 22.064, 22.015, 22.149, 22.291, 22.226, 22.039, 21.976, 22.054, 21.96, 21.632, 21.346, 21.145, 20.83, 20.673], [19.492, 19.528, 19.601, 19.498, 18.744, 17.674, 16.417, 15.687, 15.614, 15.605, 15.474, 15.578, 15.709, 14.614, 11.839, 8.95, 6.416, 2.981, 0.0, 1.792, 3.697, 5.91, 7.254, 8.331, 8.406, 8.869, 9.868, 10.301, 11.428, 12.133, 12.256, 12.864, 13.181, 13.31, 13.87, 14.412, 14.787, 14.964, 15.204, 15.968, 17.119, 18.357, 18.835, 18.884, 19.093, 19.5, 20.106, 20.367, 20.462, 20.78, 20.995, 20.988, 21.258, 21.354, 21.34, 21.737, 22.134, 22.478, 22.789, 22.815, 22.934, 23.474, 23.923, 24.001, 23.9, 23.946, 23.818, 23.338, 23.0, 23.0, 22.847, 22.43, 22.325, 22.272, 22.396, 22.528, 22.47, 22.283, 22.209, 22.271, 22.173, 21.846, 21.547, 21.338, 21.035, 20.877], [19.408, 19.461, 19.541, 19.44, 18.677, 17.566, 16.311, 15.622, 15.574, 15.571, 15.46, 15.567, 15.693, 14.62, 11.912, 9.113, 6.759, 3.887, 1.792, 0.0, 2.679, 5.399, 7.006, 8.244, 8.379, 8.915, 9.928, 10.352, 11.524, 12.268, 12.42, 13.041, 13.362, 13.491, 14.035, 14.556, 14.925, 15.108, 15.362, 16.106, 17.202, 18.391, 18.852, 18.895, 19.101, 19.516, 20.13, 20.381, 20.459, 20.77, 20.979, 20.97, 21.265, 21.383, 21.379, 21.782, 22.176, 22.51, 22.82, 22.848, 22.957, 23.497, 23.951, 24.032, 23.925, 23.96, 23.83, 23.344, 22.999, 22.996, 22.828, 22.408, 22.296, 22.229, 22.349, 22.481, 22.423, 22.234, 22.157, 22.217, 22.115, 21.793, 21.5, 21.29, 20.982, 20.825], [19.174, 19.249, 19.325, 19.219, 18.471, 17.416, 16.292, 15.72, 15.738, 15.77, 15.669, 15.756, 15.889, 14.865, 12.143, 9.264, 7.03, 4.764, 3.697, 2.679, 0.0, 3.247, 5.475, 7.134, 7.58, 8.475, 9.543, 9.962, 11.301, 12.144, 12.348, 13.04, 13.375, 13.494, 14.036, 14.584, 14.971, 15.188, 15.532, 16.273, 17.251, 18.366, 18.811, 18.842, 19.034, 19.45, 20.062, 20.329, 20.434, 20.757, 20.948, 20.912, 21.204, 21.332, 21.353, 21.776, 22.155, 22.508, 22.803, 22.767, 22.842, 23.388, 23.847, 23.942, 23.858, 23.889, 23.754, 23.246, 22.885, 22.879, 22.712, 22.286, 22.153, 22.082, 22.208, 22.338, 22.286, 22.099, 22.021, 22.079, 21.985, 21.677, 21.403, 21.203, 20.889, 20.726], [19.049, 19.139, 19.203, 19.096, 18.409, 17.457, 16.552, 16.161, 16.28, 16.34, 16.238, 16.3, 16.443, 15.534, 12.961, 10.226, 8.284, 6.571, 5.91, 5.399, 3.247, 0.0, 3.071, 5.545, 6.385, 7.672, 8.8, 9.139, 10.647, 11.619, 11.854, 12.595, 12.933, 13.02, 13.568, 14.183, 14.606, 14.867, 15.361, 16.183, 17.083, 18.132, 18.561, 18.571, 18.742, 19.146, 19.759, 20.072, 20.244, 20.606, 20.793, 20.739, 21.04, 21.166, 21.207, 21.681, 22.067, 22.438, 22.716, 22.613, 22.675, 23.236, 23.694, 23.801, 23.747, 23.788, 23.657, 23.134, 22.762, 22.751, 22.597, 22.17, 22.018, 21.96, 22.099, 22.228, 22.184, 21.999, 21.922, 21.986, 21.903, 21.601, 21.338, 21.146, 20.827, 20.649], [19.003, 19.069, 19.125, 19.019, 18.367, 17.467, 16.697, 16.424, 16.606, 16.668, 16.536, 16.587, 16.762, 15.96, 13.563, 11.016, 9.273, 7.772, 7.254, 7.006, 5.475, 3.071, 0.0, 3.243, 4.811, 6.446, 7.466, 7.807, 9.524, 10.707, 11.082, 11.892, 12.261, 12.342, 12.929, 13.62, 14.063, 14.33, 14.873, 15.768, 16.631, 17.631, 18.048, 18.053, 18.222, 18.625, 19.256, 19.621, 19.855, 20.282, 20.514, 20.495, 20.842, 20.986, 21.012, 21.502, 21.949, 22.357, 22.627, 22.537, 22.66, 23.23, 23.68, 23.788, 23.74, 23.8, 23.684, 23.151, 22.778, 22.78, 22.645, 22.217, 22.077, 22.038, 22.184, 22.316, 22.273, 22.081, 22.008, 22.083, 22.005, 21.698, 21.443, 21.267, 20.965, 20.796], [19.1, 19.126, 19.172, 19.063, 18.42, 17.551, 16.818, 16.568, 16.779, 16.836, 16.657, 16.683, 16.893, 16.221, 14.011, 11.607, 10.016, 8.716, 8.331, 8.244, 7.134, 5.545, 3.243, 0.0, 2.976, 5.675, 6.549, 6.958, 8.868, 10.27, 10.806, 11.66, 12.034, 12.137, 12.785, 13.538, 13.967, 14.219, 14.624, 15.46, 16.321, 17.309, 17.711, 17.728, 17.905, 18.303, 18.953, 19.357, 19.636, 20.122, 20.398, 20.416, 20.798, 20.971, 20.995, 21.478, 21.972, 22.435, 22.691, 22.622, 22.791, 23.35, 23.782, 23.895, 23.863, 23.929, 23.811, 23.271, 22.908, 22.918, 22.768, 22.341, 22.222, 22.185, 22.325, 22.453, 22.408, 22.219, 22.148, 22.228, 22.155, 21.857, 21.622, 21.468, 21.193, 21.044], [19.453, 19.497, 19.551, 19.444, 18.757, 17.791, 16.86, 16.464, 16.643, 16.696, 16.507, 16.527, 16.726, 16.107, 14.027, 11.725, 10.119, 8.797, 8.406, 8.379, 7.58, 6.385, 4.811, 2.976, 0.0, 3.941, 5.533, 6.046, 8.044, 9.472, 9.922, 10.751, 11.233, 11.482, 12.202, 13.008, 13.484, 13.723, 13.959, 14.774, 15.895, 17.081, 17.517, 17.52, 17.677, 18.057, 18.733, 19.168, 19.466, 19.979, 20.301, 20.355, 20.745, 20.92, 20.944, 21.435, 21.927, 22.395, 22.703, 22.672, 22.819, 23.364, 23.797, 23.913, 23.895, 23.964, 23.832, 23.298, 22.955, 22.957, 22.795, 22.382, 22.261, 22.217, 22.355, 22.477, 22.433, 22.258, 22.197, 22.28, 22.2, 21.912, 21.704, 21.588, 21.346, 21.235], [19.597, 19.647, 19.711, 19.604, 18.887, 17.824, 16.74, 16.294, 16.44, 16.497, 16.362, 16.461, 16.734, 16.2, 14.25, 12.051, 10.497, 9.217, 8.869, 8.915, 8.475, 7.672, 6.446, 5.675, 3.941, 0.0, 2.582, 3.713, 5.947, 7.406, 7.909, 8.843, 9.402, 9.714, 10.513, 11.367, 11.86, 12.035, 12.297, 13.2, 14.465, 15.833, 16.376, 16.429, 16.644, 17.094, 17.823, 18.245, 18.52, 19.076, 19.502, 19.637, 20.078, 20.245, 20.243, 20.799, 21.408, 21.934, 22.382, 22.546, 22.773, 23.342, 23.805, 23.91, 23.832, 23.916, 23.793, 23.236, 22.869, 22.883, 22.735, 22.302, 22.173, 22.121, 22.25, 22.375, 22.314, 22.122, 22.06, 22.139, 22.045, 21.758, 21.56, 21.409, 21.122, 20.978], [19.362, 19.392, 19.451, 19.338, 18.647, 17.642, 16.71, 16.418, 16.606, 16.658, 16.555, 16.683, 17.009, 16.596, 14.777, 12.634, 11.193, 10.133, 9.868, 9.928, 9.543, 8.8, 7.466, 6.549, 5.533, 2.582, 0.0, 2.178, 4.8, 6.409, 7.191, 8.345, 8.897, 9.122, 9.928, 10.817, 11.275, 11.444, 11.846, 12.744, 13.762, 14.977, 15.523, 15.634, 15.912, 16.432, 17.208, 17.608, 17.841, 18.447, 18.95, 19.159, 19.681, 19.857, 19.828, 20.448, 21.175, 21.777, 22.253, 22.494, 22.806, 23.39, 23.867, 23.981, 23.883, 23.974, 23.867, 23.295, 22.897, 22.918, 22.763, 22.307, 22.19, 22.127, 22.245, 22.375, 22.291, 22.073, 22.005, 22.08, 21.985, 21.71, 21.52, 21.333, 20.996, 20.811], [19.695, 19.73, 19.784, 19.671, 18.996, 17.998, 17.113, 16.86, 17.054, 17.105, 17.026, 17.157, 17.479, 17.089, 15.304, 13.199, 11.772, 10.687, 10.301, 10.352, 9.962, 9.139, 7.807, 6.958, 6.046, 3.713, 2.178, 0.0, 3.127, 5.045, 5.978, 7.298, 7.994, 8.344, 9.259, 10.238, 10.735, 10.966, 11.612, 12.775, 13.908, 15.12, 15.674, 15.808, 16.085, 16.579, 17.333, 17.726, 17.963, 18.587, 19.116, 19.342, 19.883, 20.056, 20.016, 20.629, 21.343, 21.927, 22.381, 22.574, 22.869, 23.453, 23.931, 24.052, 23.972, 24.048, 23.944, 23.399, 23.012, 23.024, 22.871, 22.433, 22.306, 22.229, 22.347, 22.473, 22.386, 22.176, 22.107, 22.176, 22.087, 21.828, 21.646, 21.472, 21.152, 20.965], [20.637, 20.676, 20.723, 20.598, 19.877, 18.784, 17.772, 17.482, 17.659, 17.713, 17.681, 17.827, 18.133, 17.786, 16.122, 14.175, 12.87, 11.856, 11.428, 11.524, 11.301, 10.647, 9.524, 8.868, 8.044, 5.947, 4.8, 3.127, 0.0, 2.349, 3.977, 5.769, 6.721, 7.265, 8.301, 9.373, 9.945, 10.209, 11.13, 12.696, 14.097, 15.403, 16.011, 16.178, 16.453, 16.908, 17.615, 17.975, 18.19, 18.834, 19.454, 19.755, 20.326, 20.496, 20.408, 20.968, 21.666, 22.211, 22.691, 22.934, 23.233, 23.798, 24.28, 24.415, 24.342, 24.394, 24.284, 23.783, 23.42, 23.421, 23.258, 22.83, 22.682, 22.58, 22.684, 22.805, 22.704, 22.508, 22.445, 22.502, 22.425, 22.212, 22.078, 21.94, 21.657, 21.474], [21.202, 21.254, 21.303, 21.172, 20.391, 19.209, 18.075, 17.75, 17.931, 17.998, 17.992, 18.149, 18.444, 18.1, 16.477, 14.596, 13.383, 12.5, 12.133, 12.268, 12.144, 11.619, 10.707, 10.27, 9.472, 7.406, 6.409, 5.045, 2.349, 0.0, 2.431, 4.81, 6.015, 6.67, 7.739, 8.831, 9.453, 9.73, 10.785, 12.576, 14.162, 15.575, 16.222, 16.393, 16.671, 17.127, 17.823, 18.151, 18.352, 19.005, 19.657, 19.981, 20.555, 20.701, 20.577, 21.115, 21.794, 22.323, 22.858, 23.16, 23.461, 24.017, 24.505, 24.652, 24.579, 24.62, 24.504, 24.02, 23.663, 23.661, 23.502, 23.069, 22.903, 22.789, 22.888, 23.008, 22.897, 22.703, 22.641, 22.686, 22.609, 22.422, 22.311, 22.184, 21.906, 21.714], [21.438, 21.502, 21.552, 21.424, 20.623, 19.405, 18.196, 17.79, 17.936, 18.003, 17.998, 18.154, 18.433, 18.045, 16.424, 14.611, 13.456, 12.614, 12.256, 12.42, 12.348, 11.854, 11.082, 10.806, 9.922, 7.909, 7.191, 5.978, 3.977, 2.431, 0.0, 2.916, 4.609, 5.599, 6.884, 8.1, 8.766, 9.065, 10.203, 12.218, 14.067, 15.687, 16.419, 16.582, 16.844, 17.305, 18.032, 18.381, 18.584, 19.168, 19.746, 20.028, 20.557, 20.668, 20.561, 21.133, 21.788, 22.284, 22.842, 23.152, 23.448, 23.998, 24.48, 24.618, 24.547, 24.597, 24.477, 23.992, 23.643, 23.644, 23.501, 23.074, 22.896, 22.79, 22.9, 23.014, 22.918, 22.737, 22.672, 22.708, 22.622, 22.423, 22.285, 22.147, 21.856, 21.643], [21.731, 21.785, 21.834, 21.722, 20.96, 19.78, 18.524, 18.042, 18.135, 18.178, 18.159, 18.309, 18.561, 18.144, 16.608, 15.017, 14.015, 13.226, 12.864, 13.041, 13.04, 12.595, 11.892, 11.66, 10.751, 8.843, 8.345, 7.298, 5.769, 4.81, 2.916, 0.0, 2.363, 4.211, 6.008, 7.362, 8.015, 8.313, 9.548, 11.814, 13.965, 15.822, 16.678, 16.859, 17.103, 17.527, 18.249, 18.643, 18.839, 19.296, 19.793, 20.072, 20.578, 20.673, 20.595, 21.197, 21.865, 22.328, 22.886, 23.224, 23.521, 24.043, 24.498, 24.619, 24.535, 24.597, 24.469, 23.98, 23.652, 23.656, 23.516, 23.106, 22.927, 22.839, 22.956, 23.061, 22.985, 22.826, 22.765, 22.799, 22.705, 22.488, 22.334, 22.188, 21.886, 21.662], [21.65, 21.696, 21.746, 21.647, 20.943, 19.848, 18.63, 18.169, 18.269, 18.299, 18.256, 18.396, 18.65, 18.218, 16.694, 15.201, 14.303, 13.551, 13.181, 13.362, 13.375, 12.933, 12.261, 12.034, 11.233, 9.402, 8.897, 7.994, 6.721, 6.015, 4.609, 2.363, 0.0, 2.515, 4.847, 6.352, 7.005, 7.353, 8.727, 11.147, 13.493, 15.5, 16.435, 16.654, 16.91, 17.323, 18.047, 18.48, 18.678, 19.051, 19.496, 19.792, 20.315, 20.411, 20.362, 21.022, 21.747, 22.246, 22.838, 23.199, 23.5, 24.026, 24.471, 24.578, 24.471, 24.536, 24.416, 23.921, 23.591, 23.594, 23.451, 23.033, 22.867, 22.797, 22.913, 23.015, 22.939, 22.777, 22.713, 22.743, 22.641, 22.397, 22.211, 22.03, 21.686, 21.428], [21.461, 21.522, 21.57, 21.48, 20.833, 19.833, 18.725, 18.304, 18.394, 18.419, 18.361, 18.476, 18.736, 18.323, 16.79, 15.29, 14.418, 13.68, 13.31, 13.491, 13.494, 13.02, 12.342, 12.137, 11.482, 9.714, 9.122, 8.344, 7.265, 6.67, 5.599, 4.211, 2.515, 0.0, 2.703, 4.497, 5.334, 5.806, 7.479, 10.067, 12.546, 14.703, 15.73, 15.999, 16.279, 16.72, 17.464, 17.913, 18.137, 18.501, 18.95, 19.278, 19.831, 19.923, 19.87, 20.601, 21.415, 21.998, 22.685, 23.084, 23.4, 23.959, 24.414, 24.524, 24.405, 24.483, 24.382, 23.882, 23.54, 23.544, 23.412, 22.981, 22.826, 22.768, 22.874, 22.981, 22.897, 22.716, 22.645, 22.671, 22.562, 22.296, 22.075, 21.847, 21.454, 21.148], [21.674, 21.761, 21.808, 21.733, 21.143, 20.235, 19.216, 18.81, 18.866, 18.892, 18.825, 18.904, 19.149, 18.757, 17.276, 15.826, 14.971, 14.237, 13.87, 14.035, 14.036, 13.568, 12.929, 12.785, 12.202, 10.513, 9.928, 9.259, 8.301, 7.739, 6.884, 6.008, 4.847, 2.703, 0.0, 2.19, 3.515, 4.121, 6.147, 9.052, 11.77, 14.125, 15.275, 15.589, 15.878, 16.341, 17.089, 17.537, 17.793, 18.176, 18.69, 19.1, 19.686, 19.775, 19.696, 20.449, 21.312, 21.954, 22.72, 23.158, 23.482, 24.059, 24.515, 24.64, 24.527, 24.604, 24.516, 24.028, 23.691, 23.696, 23.584, 23.161, 23.015, 22.962, 23.057, 23.164, 23.078, 22.895, 22.822, 22.842, 22.735, 22.478, 22.259, 22.02, 21.612, 21.284], [21.794, 21.895, 21.949, 21.888, 21.338, 20.486, 19.516, 19.134, 19.189, 19.214, 19.15, 19.236, 19.494, 19.107, 17.651, 16.272, 15.472, 14.766, 14.412, 14.556, 14.584, 14.183, 13.62, 13.538, 13.008, 11.367, 10.817, 10.238, 9.373, 8.831, 8.1, 7.362, 6.352, 4.497, 2.19, 0.0, 1.816, 2.77, 5.386, 8.497, 11.311, 13.783, 15.047, 15.427, 15.752, 16.23, 16.966, 17.403, 17.649, 17.986, 18.514, 18.979, 19.584, 19.679, 19.61, 20.384, 21.291, 21.971, 22.775, 23.242, 23.58, 24.161, 24.614, 24.736, 24.608, 24.68, 24.589, 24.095, 23.762, 23.775, 23.677, 23.258, 23.113, 23.049, 23.139, 23.247, 23.155, 22.968, 22.894, 22.913, 22.802, 22.548, 22.329, 22.086, 21.671, 21.334], [21.874, 21.973, 22.029, 21.974, 21.45, 20.626, 19.678, 19.31, 19.379, 19.406, 19.345, 19.458, 19.748, 19.36, 17.897, 16.551, 15.811, 15.141, 14.787, 14.925, 14.971, 14.606, 14.063, 13.967, 13.484, 11.86, 11.275, 10.735, 9.945, 9.453, 8.766, 8.015, 7.005, 5.334, 3.515, 1.816, 0.0, 1.809, 5.316, 8.536, 11.295, 13.749, 15.029, 15.432, 15.789, 16.265, 16.969, 17.371, 17.602, 17.905, 18.41, 18.887, 19.507, 19.618, 19.57, 20.36, 21.295, 21.994, 22.796, 23.291, 23.665, 24.241, 24.685, 24.799, 24.651, 24.724, 24.634, 24.139, 23.805, 23.83, 23.759, 23.35, 23.2, 23.12, 23.21, 23.316, 23.226, 23.042, 22.97, 22.99, 22.882, 22.639, 22.425, 22.174, 21.757, 21.422], [21.987, 22.083, 22.137, 22.09, 21.577, 20.776, 19.797, 19.397, 19.447, 19.482, 19.422, 19.538, 19.832, 19.437, 18.012, 16.709, 15.976, 15.305, 14.964, 15.108, 15.188, 14.867, 14.33, 14.219, 13.723, 12.035, 11.444, 10.966, 10.209, 9.73, 9.065, 8.313, 7.353, 5.806, 4.121, 2.77, 1.809, 0.0, 4.11, 7.696, 10.72, 13.321, 14.66, 15.069, 15.423, 15.91, 16.612, 17.007, 17.26, 17.595, 18.154, 18.689, 19.326, 19.437, 19.376, 20.179, 21.158, 21.883, 22.732, 23.307, 23.697, 24.272, 24.719, 24.825, 24.661, 24.735, 24.654, 24.167, 23.84, 23.863, 23.791, 23.391, 23.255, 23.185, 23.268, 23.373, 23.288, 23.111, 23.044, 23.065, 22.963, 22.741, 22.546, 22.295, 21.887, 21.583], [21.861, 21.963, 22.019, 21.992, 21.502, 20.787, 19.772, 19.315, 19.338, 19.393, 19.319, 19.398, 19.65, 19.231, 17.94, 16.787, 16.094, 15.459, 15.204, 15.362, 15.532, 15.361, 14.873, 14.624, 13.959, 12.297, 11.846, 11.612, 11.13, 10.785, 10.203, 9.548, 8.727, 7.479, 6.147, 5.386, 5.316, 4.11, 0.0, 4.548, 8.713, 11.832, 13.381, 13.843, 14.153, 14.645, 15.456, 15.974, 16.3, 16.647, 17.304, 17.971, 18.654, 18.781, 18.725, 19.588, 20.688, 21.549, 22.521, 23.187, 23.563, 24.161, 24.629, 24.714, 24.52, 24.604, 24.54, 24.06, 23.749, 23.763, 23.646, 23.237, 23.193, 23.197, 23.273, 23.38, 23.281, 23.1, 23.045, 23.084, 22.972, 22.736, 22.552, 22.332, 21.951, 21.727], [21.048, 21.16, 21.228, 21.226, 20.832, 20.336, 19.551, 19.192, 19.221, 19.297, 19.258, 19.346, 19.622, 19.318, 18.204, 17.117, 16.48, 16.029, 15.968, 16.106, 16.273, 16.183, 15.768, 15.46, 14.774, 13.2, 12.744, 12.775, 12.696, 12.576, 12.218, 11.814, 11.147, 10.067, 9.052, 8.497, 8.536, 7.696, 4.548, 0.0, 5.137, 8.995, 10.914, 11.527, 11.878, 12.468, 13.421, 14.041, 14.429, 14.8, 15.589, 16.463, 17.228, 17.345, 17.323, 18.394, 19.732, 20.787, 21.978, 22.847, 23.259, 23.911, 24.42, 24.478, 24.222, 24.333, 24.27, 23.731, 23.385, 23.378, 23.163, 22.718, 22.733, 22.796, 22.857, 22.977, 22.848, 22.638, 22.592, 22.653, 22.519, 22.263, 22.107, 21.908, 21.515, 21.331], [19.631, 19.747, 19.821, 19.83, 19.566, 19.338, 19.024, 19.009, 19.11, 19.171, 19.194, 19.314, 19.681, 19.647, 18.807, 17.754, 17.182, 16.993, 17.119, 17.202, 17.251, 17.083, 16.631, 16.321, 15.895, 14.465, 13.762, 13.908, 14.097, 14.162, 14.067, 13.965, 13.493, 12.546, 11.77, 11.311, 11.295, 10.72, 8.713, 5.137, 0.0, 4.536, 7.176, 8.215, 8.868, 9.827, 11.035, 11.658, 11.987, 12.559, 13.621, 14.732, 15.607, 15.699, 15.719, 17.079, 18.682, 19.884, 21.16, 22.193, 22.73, 23.445, 24.006, 24.043, 23.733, 23.881, 23.809, 23.181, 22.76, 22.753, 22.474, 21.988, 22.015, 22.07, 22.138, 22.279, 22.116, 21.856, 21.802, 21.88, 21.727, 21.46, 21.332, 21.104, 20.654, 20.479], [18.876, 18.99, 19.056, 19.072, 18.936, 18.916, 18.978, 19.285, 19.498, 19.539, 19.6, 19.745, 20.17, 20.345, 19.736, 18.75, 18.226, 18.173, 18.357, 18.391, 18.366, 18.132, 17.631, 17.309, 17.081, 15.833, 14.977, 15.12, 15.403, 15.575, 15.687, 15.822, 15.5, 14.703, 14.125, 13.783, 13.749, 13.321, 11.832, 8.995, 4.536, 0.0, 3.477, 5.313, 6.468, 7.791, 9.211, 9.815, 10.113, 11.051, 12.437, 13.761, 14.801, 14.947, 14.937, 16.373, 18.091, 19.369, 20.546, 21.557, 22.183, 22.939, 23.537, 23.57, 23.249, 23.418, 23.357, 22.711, 22.261, 22.262, 21.99, 21.515, 21.604, 21.656, 21.737, 21.897, 21.725, 21.456, 21.406, 21.502, 21.353, 21.107, 21.02, 20.802, 20.368, 20.233], [18.806, 18.929, 18.992, 19.011, 18.933, 18.965, 19.108, 19.496, 19.778, 19.845, 19.915, 20.058, 20.472, 20.694, 20.17, 19.204, 18.681, 18.652, 18.835, 18.852, 18.811, 18.561, 18.048, 17.711, 17.517, 16.376, 15.523, 15.674, 16.011, 16.222, 16.419, 16.678, 16.435, 15.73, 15.275, 15.047, 15.029, 14.66, 13.381, 10.914, 7.176, 3.477, 0.0, 2.516, 4.328, 6.08, 7.651, 8.276, 8.823, 10.285, 11.866, 13.231, 14.395, 14.615, 14.485, 15.767, 17.46, 18.792, 19.933, 20.924, 21.589, 22.353, 22.967, 23.01, 22.696, 22.867, 22.83, 22.206, 21.766, 21.769, 21.512, 21.065, 21.225, 21.323, 21.409, 21.579, 21.457, 21.238, 21.207, 21.305, 21.17, 20.957, 20.909, 20.744, 20.377, 20.284], [18.917, 19.056, 19.116, 19.13, 19.046, 19.055, 19.158, 19.511, 19.802, 19.912, 19.997, 20.12, 20.492, 20.691, 20.188, 19.241, 18.725, 18.701, 18.884, 18.895, 18.842, 18.571, 18.053, 17.728, 17.52, 16.429, 15.634, 15.808, 16.178, 16.393, 16.582, 16.859, 16.654, 15.999, 15.589, 15.427, 15.432, 15.069, 13.843, 11.527, 8.215, 5.313, 2.516, 0.0, 2.396, 4.721, 6.558, 7.322, 8.19, 9.997, 11.634, 12.955, 14.137, 14.401, 14.212, 15.383, 17.011, 18.358, 19.539, 20.545, 21.22, 21.972, 22.589, 22.637, 22.348, 22.536, 22.516, 21.909, 21.478, 21.476, 21.238, 20.812, 21.007, 21.157, 21.251, 21.419, 21.345, 21.179, 21.165, 21.259, 21.131, 20.942, 20.925, 20.815, 20.498, 20.424], [19.109, 19.248, 19.294, 19.3, 19.209, 19.214, 19.306, 19.637, 19.925, 20.063, 20.188, 20.324, 20.655, 20.806, 20.314, 19.42, 18.947, 18.926, 19.093, 19.101, 19.034, 18.742, 18.222, 17.905, 17.677, 16.644, 15.912, 16.085, 16.453, 16.671, 16.844, 17.103, 16.91, 16.279, 15.878, 15.752, 15.789, 15.423, 14.153, 11.878, 8.868, 6.468, 4.328, 2.396, 0.0, 2.828, 5.171, 6.37, 7.623, 9.606, 11.301, 12.676, 13.904, 14.228, 14.05, 15.171, 16.751, 18.116, 19.339, 20.332, 20.98, 21.707, 22.305, 22.352, 22.088, 22.291, 22.283, 21.699, 21.29, 21.28, 21.063, 20.667, 20.917, 21.135, 21.233, 21.397, 21.337, 21.2, 21.206, 21.31, 21.197, 21.032, 21.061, 21.029, 20.77, 20.709], [19.487, 19.62, 19.653, 19.643, 19.541, 19.55, 19.635, 19.934, 20.214, 20.362, 20.511, 20.67, 20.955, 21.032, 20.542, 19.749, 19.355, 19.343, 19.5, 19.516, 19.45, 19.146, 18.625, 18.303, 18.057, 17.094, 16.432, 16.579, 16.908, 17.127, 17.305, 17.527, 17.323, 16.72, 16.341, 16.23, 16.265, 15.91, 14.645, 12.468, 9.827, 7.791, 6.08, 4.721, 2.828, 0.0, 2.899, 4.873, 6.728, 8.914, 10.758, 12.323, 13.701, 14.109, 13.909, 14.951, 16.49, 17.849, 19.092, 20.071, 20.692, 21.399, 21.968, 22.005, 21.778, 22.01, 22.022, 21.486, 21.121, 21.107, 20.931, 20.588, 20.895, 21.179, 21.281, 21.446, 21.395, 21.28, 21.306, 21.437, 21.349, 21.211, 21.288, 21.341, 21.162, 21.133], [20.102, 20.236, 20.266, 20.243, 20.145, 20.157, 20.223, 20.478, 20.738, 20.882, 21.032, 21.192, 21.448, 21.49, 21.004, 20.274, 19.938, 19.942, 20.106, 20.13, 20.062, 19.759, 19.256, 18.953, 18.733, 17.823, 17.208, 17.333, 17.615, 17.823, 18.032, 18.249, 18.047, 17.464, 17.089, 16.966, 16.969, 16.612, 15.456, 13.421, 11.035, 9.211, 7.651, 6.558, 5.171, 2.899, 0.0, 2.894, 5.764, 8.327, 10.377, 12.182, 13.72, 14.168, 13.855, 14.753, 16.273, 17.628, 18.891, 19.932, 20.578, 21.285, 21.836, 21.871, 21.672, 21.938, 21.977, 21.486, 21.158, 21.145, 21.015, 20.727, 21.047, 21.355, 21.458, 21.624, 21.593, 21.504, 21.542, 21.689, 21.634, 21.542, 21.657, 21.749, 21.625, 21.614], [20.321, 20.46, 20.494, 20.468, 20.373, 20.355, 20.392, 20.623, 20.859, 20.987, 21.132, 21.282, 21.539, 21.639, 21.218, 20.487, 20.15, 20.185, 20.367, 20.381, 20.329, 20.072, 19.621, 19.357, 19.168, 18.245, 17.608, 17.726, 17.975, 18.151, 18.381, 18.643, 18.48, 17.913, 17.537, 17.403, 17.371, 17.007, 15.974, 14.041, 11.658, 9.815, 8.276, 7.322, 6.37, 4.873, 2.894, 0.0, 3.764, 7.179, 9.676, 11.738, 13.403, 13.844, 13.408, 14.267, 15.812, 17.163, 18.45, 19.636, 20.401, 21.131, 21.714, 21.778, 21.601, 21.894, 21.948, 21.469, 21.137, 21.126, 21.006, 20.715, 20.988, 21.244, 21.346, 21.517, 21.497, 21.427, 21.469, 21.621, 21.596, 21.588, 21.749, 21.818, 21.686, 21.694], [19.919, 20.047, 20.081, 20.055, 19.962, 19.934, 20.0, 20.28, 20.529, 20.646, 20.801, 20.959, 21.224, 21.392, 21.097, 20.462, 20.165, 20.255, 20.462, 20.459, 20.434, 20.244, 19.855, 19.636, 19.466, 18.52, 17.841, 17.963, 18.19, 18.352, 18.584, 18.839, 18.678, 18.137, 17.793, 17.649, 17.602, 17.26, 16.3, 14.429, 11.987, 10.113, 8.823, 8.19, 7.623, 6.728, 5.764, 3.764, 0.0, 4.342, 7.692, 10.242, 12.129, 12.644, 12.23, 13.276, 14.95, 16.307, 17.63, 18.92, 19.798, 20.548, 21.174, 21.285, 21.13, 21.44, 21.509, 21.032, 20.685, 20.668, 20.503, 20.17, 20.451, 20.682, 20.787, 20.967, 20.911, 20.84, 20.891, 21.063, 21.066, 21.151, 21.406, 21.489, 21.342, 21.369], [19.739, 19.85, 19.88, 19.854, 19.747, 19.722, 19.818, 20.14, 20.415, 20.544, 20.696, 20.867, 21.132, 21.281, 21.039, 20.584, 20.424, 20.566, 20.78, 20.77, 20.757, 20.606, 20.282, 20.122, 19.979, 19.076, 18.447, 18.587, 18.834, 19.005, 19.168, 19.296, 19.051, 18.501, 18.176, 17.986, 17.905, 17.595, 16.647, 14.8, 12.559, 11.051, 10.285, 9.997, 9.606, 8.914, 8.327, 7.179, 4.342, 0.0, 4.236, 7.691, 10.029, 10.799, 10.575, 11.885, 13.773, 15.235, 16.717, 18.114, 19.037, 19.82, 20.47, 20.565, 20.346, 20.666, 20.772, 20.311, 19.983, 19.973, 19.806, 19.461, 19.808, 20.131, 20.244, 20.427, 20.342, 20.261, 20.331, 20.546, 20.573, 20.69, 21.029, 21.228, 21.173, 21.249], [19.478, 19.589, 19.618, 19.596, 19.512, 19.521, 19.65, 20.012, 20.325, 20.471, 20.617, 20.809, 21.102, 21.23, 20.973, 20.6, 20.55, 20.765, 20.995, 20.979, 20.948, 20.793, 20.514, 20.398, 20.301, 19.502, 18.95, 19.116, 19.454, 19.657, 19.746, 19.793, 19.496, 18.95, 18.69, 18.514, 18.41, 18.154, 17.304, 15.589, 13.621, 12.437, 11.866, 11.634, 11.301, 10.758, 10.377, 9.676, 7.692, 4.236, 0.0, 4.249, 7.385, 8.639, 8.675, 10.237, 12.268, 13.936, 15.598, 17.056, 18.028, 18.863, 19.553, 19.585, 19.218, 19.542, 19.692, 19.233, 18.91, 18.938, 18.842, 18.494, 18.91, 19.365, 19.496, 19.687, 19.622, 19.524, 19.599, 19.849, 19.893, 19.987, 20.324, 20.62, 20.702, 20.877], [19.163, 19.287, 19.318, 19.306, 19.225, 19.222, 19.357, 19.764, 20.128, 20.292, 20.438, 20.66, 20.994, 21.113, 20.81, 20.426, 20.426, 20.718, 20.988, 20.97, 20.912, 20.739, 20.495, 20.416, 20.355, 19.637, 19.159, 19.342, 19.755, 19.981, 20.028, 20.072, 19.792, 19.278, 19.1, 18.979, 18.887, 18.689, 17.971, 16.463, 14.732, 13.761, 13.231, 12.955, 12.676, 12.323, 12.182, 11.738, 10.242, 7.691, 4.249, 0.0, 4.045, 6.075, 6.587, 8.499, 10.622, 12.506, 14.362, 15.8, 16.789, 17.687, 18.439, 18.415, 17.933, 18.285, 18.475, 18.008, 17.673, 17.753, 17.767, 17.427, 17.924, 18.479, 18.642, 18.839, 18.772, 18.638, 18.714, 19.003, 19.063, 19.142, 19.441, 19.713, 19.863, 20.204], [19.34, 19.464, 19.492, 19.492, 19.392, 19.376, 19.499, 19.9, 20.26, 20.427, 20.562, 20.795, 21.154, 21.286, 20.976, 20.601, 20.622, 20.942, 21.258, 21.265, 21.204, 21.04, 20.842, 20.798, 20.745, 20.078, 19.681, 19.883, 20.326, 20.555, 20.557, 20.578, 20.315, 19.831, 19.686, 19.584, 19.507, 19.326, 18.654, 17.228, 15.607, 14.801, 14.395, 14.137, 13.904, 13.701, 13.72, 13.403, 12.129, 10.029, 7.385, 4.045, 0.0, 2.959, 4.776, 7.469, 9.716, 11.71, 13.724, 15.228, 16.202, 17.1, 17.89, 17.806, 17.206, 17.57, 17.808, 17.356, 17.017, 17.118, 17.204, 16.906, 17.451, 18.057, 18.243, 18.427, 18.338, 18.177, 18.254, 18.558, 18.622, 18.694, 18.964, 19.167, 19.316, 19.804], [19.445, 19.57, 19.599, 19.601, 19.484, 19.458, 19.566, 19.95, 20.294, 20.454, 20.577, 20.807, 21.182, 21.337, 21.032, 20.654, 20.675, 21.014, 21.354, 21.383, 21.332, 21.166, 20.986, 20.971, 20.92, 20.245, 19.857, 20.056, 20.496, 20.701, 20.668, 20.673, 20.411, 19.923, 19.775, 19.679, 19.618, 19.437, 18.781, 17.345, 15.699, 14.947, 14.615, 14.401, 14.228, 14.109, 14.168, 13.844, 12.644, 10.799, 8.639, 6.075, 2.959, 0.0, 3.323, 7.229, 9.665, 11.599, 13.65, 15.287, 16.282, 17.171, 17.973, 17.863, 17.197, 17.563, 17.83, 17.371, 17.009, 17.094, 17.158, 16.844, 17.331, 17.893, 18.078, 18.252, 18.141, 17.957, 18.019, 18.297, 18.349, 18.416, 18.65, 18.776, 18.861, 19.373], [19.57, 19.689, 19.711, 19.689, 19.568, 19.559, 19.653, 20.0, 20.311, 20.45, 20.565, 20.777, 21.121, 21.279, 20.994, 20.617, 20.637, 20.987, 21.34, 21.379, 21.353, 21.207, 21.012, 20.995, 20.944, 20.243, 19.828, 20.016, 20.408, 20.577, 20.561, 20.595, 20.362, 19.87, 19.696, 19.61, 19.57, 19.376, 18.725, 17.323, 15.719, 14.937, 14.485, 14.212, 14.05, 13.909, 13.855, 13.408, 12.23, 10.575, 8.675, 6.587, 4.776, 3.323, 0.0, 4.862, 7.936, 10.099, 12.38, 14.38, 15.604, 16.523, 17.357, 17.293, 16.677, 17.128, 17.425, 16.992, 16.646, 16.742, 16.843, 16.525, 16.964, 17.536, 17.71, 17.893, 17.81, 17.668, 17.743, 18.024, 18.12, 18.296, 18.618, 18.772, 18.884, 19.389], [20.315, 20.425, 20.425, 20.363, 20.239, 20.276, 20.372, 20.678, 20.973, 21.104, 21.201, 21.385, 21.673, 21.785, 21.484, 21.111, 21.111, 21.408, 21.737, 21.782, 21.776, 21.681, 21.502, 21.478, 21.435, 20.799, 20.448, 20.629, 20.968, 21.115, 21.133, 21.197, 21.022, 20.601, 20.449, 20.384, 20.36, 20.179, 19.588, 18.394, 17.079, 16.373, 15.767, 15.383, 15.171, 14.951, 14.753, 14.267, 13.276, 11.885, 10.237, 8.499, 7.469, 7.229, 4.862, 0.0, 4.089, 7.225, 10.031, 12.504, 14.063, 14.961, 15.82, 15.799, 15.265, 15.86, 16.201, 15.877, 15.62, 15.776, 16.061, 15.807, 16.273, 17.008, 17.189, 17.379, 17.398, 17.376, 17.504, 17.83, 18.011, 18.334, 18.859, 19.235, 19.579, 20.172], [21.039, 21.165, 21.144, 21.055, 20.923, 20.975, 21.062, 21.339, 21.641, 21.787, 21.872, 22.037, 22.295, 22.386, 22.069, 21.663, 21.615, 21.847, 22.134, 22.176, 22.155, 22.067, 21.949, 21.972, 21.927, 21.408, 21.175, 21.343, 21.666, 21.794, 21.788, 21.865, 21.747, 21.415, 21.312, 21.291, 21.295, 21.158, 20.688, 19.732, 18.682, 18.091, 17.46, 17.011, 16.751, 16.49, 16.273, 15.812, 14.95, 13.773, 12.268, 10.622, 9.716, 9.665, 7.936, 4.089, 0.0, 4.216, 7.67, 10.453, 12.227, 13.133, 14.069, 14.104, 13.646, 14.329, 14.718, 14.505, 14.345, 14.541, 15.014, 14.841, 15.31, 16.196, 16.424, 16.605, 16.727, 16.824, 17.001, 17.385, 17.649, 18.09, 18.784, 19.376, 19.955, 20.689], [21.539, 21.655, 21.623, 21.531, 21.388, 21.405, 21.458, 21.707, 22.01, 22.163, 22.257, 22.421, 22.646, 22.72, 22.43, 22.05, 21.994, 22.212, 22.478, 22.51, 22.508, 22.438, 22.357, 22.435, 22.395, 21.934, 21.777, 21.927, 22.211, 22.323, 22.284, 22.328, 22.246, 21.998, 21.954, 21.971, 21.994, 21.883, 21.549, 20.787, 19.884, 19.369, 18.792, 18.358, 18.116, 17.849, 17.628, 17.163, 16.307, 15.235, 13.936, 12.506, 11.71, 11.599, 10.099, 7.225, 4.216, 0.0, 4.539, 8.604, 10.772, 11.658, 12.686, 12.76, 12.329, 13.145, 13.596, 13.501, 13.418, 13.603, 14.143, 14.028, 14.365, 15.217, 15.499, 15.673, 15.844, 16.053, 16.256, 16.677, 17.016, 17.629, 18.501, 19.223, 19.96, 20.824], [21.543, 21.63, 21.588, 21.493, 21.391, 21.488, 21.613, 21.916, 22.256, 22.404, 22.491, 22.641, 22.853, 22.95, 22.694, 22.324, 22.282, 22.516, 22.789, 22.82, 22.803, 22.716, 22.627, 22.691, 22.703, 22.382, 22.253, 22.381, 22.691, 22.858, 22.842, 22.886, 22.838, 22.685, 22.72, 22.775, 22.796, 22.732, 22.521, 21.978, 21.16, 20.546, 19.933, 19.539, 19.339, 19.092, 18.891, 18.45, 17.63, 16.717, 15.598, 14.362, 13.724, 13.65, 12.38, 10.031, 7.67, 4.539, 0.0, 5.716, 8.885, 9.714, 10.758, 10.9, 10.632, 11.608, 12.146, 12.234, 12.193, 12.425, 13.138, 13.129, 13.433, 14.132, 14.434, 14.628, 14.849, 15.162, 15.392, 15.862, 16.302, 17.067, 18.114, 18.996, 19.917, 20.917], [21.194, 21.328, 21.29, 21.184, 21.128, 21.327, 21.513, 21.866, 22.259, 22.429, 22.509, 22.624, 22.829, 22.949, 22.695, 22.323, 22.298, 22.536, 22.815, 22.848, 22.767, 22.613, 22.537, 22.622, 22.672, 22.546, 22.494, 22.574, 22.934, 23.16, 23.152, 23.224, 23.199, 23.084, 23.158, 23.242, 23.291, 23.307, 23.187, 22.847, 22.193, 21.557, 20.924, 20.545, 20.332, 20.071, 19.932, 19.636, 18.92, 18.114, 17.056, 15.8, 15.228, 15.287, 14.38, 12.504, 10.453, 8.604, 5.716, 0.0, 4.445, 5.873, 7.048, 7.429, 8.083, 9.237, 9.844, 10.191, 10.273, 10.557, 11.706, 12.134, 12.856, 13.694, 14.028, 14.292, 14.555, 14.922, 15.264, 