[[0.0, 1.671, 2.898, 4.033, 5.983, 7.107, 7.442, 7.95, 8.823, 9.943, 10.723, 11.188, 11.605, 12.309, 12.837, 13.635, 14.953, 15.382, 15.46, 15.858, 16.15, 16.355, 16.633, 17.93, 19.175, 19.245, 19.16, 19.969, 20.029, 19.955, 21.302, 23.012, 23.379, 24.317, 25.091, 25.042, 25.17, 25.353, 25.912, 26.144, 26.219, 26.327, 26.292, 26.27, 25.864, 25.577, 25.779, 25.612, 25.366, 28.178, 30.76, 31.023, 30.219, 29.426, 28.909, 28.7, 28.758, 28.881, 29.498, 30.839, 31.685, 32.217, 33.275, 35.294, 36.504, 36.001, 35.661, 36.022, 36.042, 34.961, 33.56, 32.803, 33.245, 34.044, 34.122, 34.319, 34.588, 34.339, 33.394, 32.091, 31.609, 31.518, 30.215, 26.331, 23.713, 22.906], [1.671, 0.0, 1.753, 3.557, 5.886, 7.1, 7.49, 8.016, 8.861, 9.942, 10.7, 11.152, 11.546, 12.284, 12.81, 13.545, 14.864, 15.332, 15.421, 15.804, 16.072, 16.273, 16.553, 17.85, 19.091, 19.113, 18.881, 19.603, 19.708, 19.691, 21.091, 22.849, 23.24, 24.213, 25.031, 25.007, 25.141, 25.327, 25.9, 26.139, 26.206, 26.303, 26.256, 26.237, 25.837, 25.551, 25.759, 25.599, 25.375, 28.237, 30.843, 31.1, 30.276, 29.464, 28.939, 28.729, 28.79, 28.925, 29.554, 30.91, 31.766, 32.303, 33.375, 35.416, 36.64, 36.134, 35.785, 36.14, 36.154, 35.054, 33.629, 32.857, 33.3, 34.108, 34.188, 34.388, 34.662, 34.413, 33.459, 32.133, 31.638, 31.546, 30.23, 26.264, 23.537, 22.683], [2.898, 1.753, 0.0, 2.462, 5.336, 6.755, 7.24, 7.791, 8.631, 9.692, 10.449, 10.913, 11.366, 12.159, 12.632, 13.282, 14.597, 15.114, 15.248, 15.654, 15.944, 16.168, 16.451, 17.713, 18.928, 18.945, 18.673, 19.36, 19.454, 19.465, 20.894, 22.661, 23.057, 24.045, 24.874, 24.857, 24.996, 25.19, 25.782, 26.041, 26.111, 26.201, 26.152, 26.133, 25.712, 25.403, 25.601, 25.424, 25.142, 27.999, 30.636, 30.902, 30.085, 29.275, 28.744, 28.534, 28.598, 28.738, 29.371, 30.738, 31.598, 32.144, 33.226, 35.278, 36.528, 36.029, 35.68, 36.035, 36.042, 34.921, 33.473, 32.693, 33.147, 33.965, 34.046, 34.253, 34.535, 34.286, 33.331, 32.002, 31.507, 31.417, 30.083, 26.065, 23.315, 22.461], [4.033, 3.557, 2.462, 0.0, 3.302, 5.013, 5.616, 6.277, 7.231, 8.366, 9.145, 9.609, 10.131, 10.943, 11.36, 12.042, 13.462, 14.028, 14.173, 14.61, 14.946, 15.189, 15.484, 16.732, 17.973, 18.051, 17.983, 18.868, 18.983, 19.083, 20.557, 22.365, 22.782, 23.757, 24.573, 24.547, 24.703, 24.953, 25.611, 25.876, 25.956, 26.054, 26.005, 25.996, 25.572, 25.27, 25.471, 25.285, 24.98, 27.867, 30.544, 30.813, 29.979, 29.154, 28.615, 28.41, 28.483, 28.627, 29.265, 30.644, 31.512, 32.069, 33.181, 35.265, 36.534, 36.036, 35.689, 36.047, 36.056, 34.936, 33.485, 32.699, 33.151, 33.965, 34.029, 34.225, 34.502, 34.247, 33.281, 31.939, 31.443, 31.352, 29.995, 25.896, 23.034, 22.113], [5.983, 5.886, 5.336, 3.302, 0.0, 2.023, 2.955, 3.964, 5.244, 6.511, 7.309, 7.746, 8.272, 9.046, 9.441, 10.266, 11.92, 12.558, 12.686, 13.16, 13.535, 13.778, 14.086, 15.373, 16.653, 16.803, 17.109, 18.334, 18.517, 18.746, 20.248, 22.077, 22.52, 23.47, 24.255, 24.219, 24.407, 24.751, 25.515, 25.783, 25.876, 25.995, 25.944, 25.952, 25.576, 25.338, 25.573, 25.408, 25.164, 28.085, 30.753, 31.0, 30.125, 29.265, 28.71, 28.506, 28.592, 28.741, 29.387, 30.773, 31.649, 32.215, 33.335, 35.422, 36.677, 36.165, 35.817, 36.179, 36.195, 35.096, 33.661, 32.862, 33.293, 34.091, 34.134, 34.308, 34.57, 34.304, 33.316, 31.955, 31.458, 31.363, 29.994, 25.823, 22.796, 21.764], [7.107, 7.1, 6.755, 5.013, 2.023, 0.0, 1.458, 2.899, 4.438, 5.769, 6.548, 6.92, 7.387, 8.111, 8.51, 9.477, 11.332, 12.047, 12.142, 12.593, 12.958, 13.169, 13.472, 14.791, 16.107, 16.301, 16.75, 18.081, 18.288, 18.571, 20.077, 21.887, 22.338, 23.298, 24.084, 24.042, 24.242, 24.626, 25.438, 25.718, 25.818, 25.942, 25.887, 25.898, 25.542, 25.34, 25.606, 25.46, 25.248, 28.201, 30.881, 31.116, 30.213, 29.331, 28.766, 28.565, 28.66, 28.817, 29.472, 30.866, 31.752, 32.327, 33.45, 35.533, 36.772, 36.244, 35.893, 36.258, 36.279, 35.193, 33.771, 32.963, 33.381, 34.169, 34.198, 34.359, 34.614, 34.343, 33.341, 31.971, 31.475, 31.382, 30.012, 25.806, 22.682, 21.581], [7.442, 7.49, 7.24, 5.616, 2.955, 1.458, 0.0, 1.74, 3.578, 5.068, 5.937, 6.287, 6.728, 7.467, 7.913, 8.97, 10.908, 11.636, 11.673, 12.073, 12.445, 12.683, 13.016, 14.348, 15.697, 15.931, 16.423, 17.837, 18.102, 18.408, 19.91, 21.716, 22.171, 23.145, 23.936, 23.893, 24.107, 24.512, 25.342, 25.621, 25.729, 25.86, 25.799, 25.811, 25.476, 25.304, 25.594, 25.473, 25.33, 28.349, 31.042, 31.263, 30.335, 29.438, 28.866, 28.663, 28.755, 28.907, 29.564, 30.965, 31.856, 32.44, 33.58, 35.668, 36.893, 36.352, 35.996, 36.363, 36.388, 35.312, 33.891, 33.065, 33.47, 34.253, 34.275, 34.421, 34.666, 34.391, 33.375, 31.992, 31.492, 31.398, 30.025, 25.777, 22.557, 21.401], [7.95, 8.016, 7.791, 6.277, 3.964, 2.899, 1.74, 0.0, 2.187, 3.979, 5.03, 5.447, 5.952, 6.797, 7.333, 8.437, 10.374, 11.086, 11.117, 11.524, 11.921, 12.184, 12.543, 13.915, 15.297, 15.563, 16.116, 17.628, 17.961, 18.272, 19.755, 21.56, 22.027, 23.01, 23.8, 23.761, 23.99, 24.418, 25.277, 25.573, 25.698, 25.841, 25.779, 25.795, 25.491, 25.355, 25.665, 25.573, 25.507, 28.579, 31.28, 31.483, 30.527, 29.611, 29.033, 28.831, 28.919, 29.063, 29.724, 31.133, 32.024, 32.614, 33.775, 35.869, 37.074, 36.523, 36.162, 36.528, 36.549, 35.475, 34.058, 33.221, 33.607, 34.383, 34.398, 34.526, 34.759, 34.478, 33.448, 32.047, 31.54, 31.441, 30.064, 25.783, 22.498, 21.3], [8.823, 8.861, 8.631, 7.231, 5.244, 4.438, 3.578, 2.187, 0.0, 2.209, 3.695, 4.329, 4.971, 6.004, 6.754, 7.862, 9.691, 10.348, 10.373, 10.817, 11.23, 11.507, 11.924, 13.346, 14.731, 14.974, 15.59, 17.278, 17.825, 18.251, 19.744, 21.545, 22.032, 23.029, 23.822, 23.792, 24.05, 24.505, 25.394, 25.711, 25.84, 25.978, 25.908, 25.935, 25.687, 25.605, 25.939, 25.88, 25.905, 28.98, 31.648, 31.822, 30.824, 29.879, 29.297, 29.096, 29.184, 29.32, 29.979, 31.382, 32.265, 32.857, 34.04, 36.128, 37.308, 36.75, 36.39, 36.754, 36.763, 35.672, 34.247, 33.401, 33.775, 34.543, 34.555, 34.665, 34.885, 34.601, 33.551, 32.118, 31.594, 31.49, 30.102, 25.776, 22.398, 21.144], [9.943, 9.942, 9.692, 8.366, 6.511, 5.769, 5.068, 3.979, 2.209, 0.0, 1.921, 2.913, 3.86, 5.165, 6.077, 7.147, 8.893, 9.526, 9.511, 9.971, 10.422, 10.751, 11.215, 12.634, 14.033, 14.309, 15.087, 17.017, 17.793, 18.361, 19.843, 21.619, 22.131, 23.123, 23.9, 23.878, 24.158, 24.639, 25.547, 25.871, 25.996, 26.127, 26.049, 26.096, 25.908, 25.87, 26.214, 26.185, 26.314, 29.363, 31.97, 32.105, 31.069, 30.092, 29.499, 29.295, 29.379, 29.511, 30.165, 31.555, 32.429, 33.016, 34.2, 36.26, 37.409, 36.845, 36.487, 36.85, 36.853, 35.748, 34.307, 33.447, 33.81, 34.575, 34.586, 34.681, 34.884, 34.593, 33.526, 32.069, 31.532, 31.424, 30.033, 25.68, 22.222, 20.92], [10.723, 10.7, 10.449, 9.145, 7.309, 6.548, 5.937, 5.03, 3.695, 1.921, 0.0, 1.448, 2.85, 4.404, 5.45, 6.665, 8.525, 9.181, 9.117, 9.535, 9.986, 10.325, 10.759, 12.143, 13.594, 13.976, 14.931, 16.937, 17.751, 18.35, 19.796, 21.565, 22.1, 23.075, 23.83, 23.801, 24.085, 24.578, 25.497, 25.82, 25.943, 26.074, 25.996, 26.058, 25.902, 25.884, 26.228, 26.217, 26.436, 29.538, 32.151, 32.268, 31.203, 30.202, 29.597, 29.39, 29.479, 29.626, 30.293, 31.689, 32.568, 33.157, 34.354, 36.422, 37.554, 36.98, 36.62, 36.98, 36.982, 35.874, 34.423, 33.552, 33.904, 34.667, 34.681, 34.769, 34.958, 34.655, 33.581, 32.119, 31.58, 31.474, 30.087, 25.713, 22.182, 20.832], [11.188, 11.152, 10.913, 9.609, 7.746, 6.92, 6.287, 5.447, 4.329, 2.913, 1.448, 0.0, 1.808, 3.62, 4.779, 6.216, 8.311, 9.049, 8.95, 9.296, 9.725, 10.06, 10.463, 11.819, 13.312, 13.769, 14.748, 16.728, 17.538, 18.148, 19.586, 21.374, 21.929, 22.9, 23.654, 23.622, 23.908, 24.413, 25.346, 25.67, 25.801, 25.931, 25.847, 25.917, 25.776, 25.781, 26.143, 26.149, 26.44, 29.641, 32.293, 32.402, 31.311, 30.291, 29.68, 29.47, 29.566, 29.728, 30.411, 31.822, 32.709, 33.306, 34.526, 36.622, 37.752, 37.164, 36.796, 37.152, 37.154, 36.043, 34.586, 33.705, 34.045, 34.804, 34.819, 34.904, 35.087, 34.776, 33.697, 32.23, 31.692, 31.592, 30.216, 25.814, 22.181, 20.757], [11.605, 11.546, 11.366, 10.131, 8.272, 7.387, 6.728, 5.952, 4.971, 3.86, 2.85, 1.808, 0.0, 2.202, 3.824, 5.626, 7.946, 8.742, 8.593, 8.909, 9.327, 9.686, 10.111, 11.488, 13.033, 13.546, 14.595, 16.569, 17.456, 18.09, 19.488, 21.281, 21.851, 22.814, 23.562, 23.534, 23.838, 24.362, 25.302, 25.605, 25.734, 25.87, 25.781, 25.864, 25.772, 25.828, 26.226, 26.273, 26.686, 29.984, 32.646, 32.74, 31.621, 30.584, 29.966, 29.753, 29.848, 30.011, 30.697, 32.11, 32.998, 33.598, 34.83, 36.943, 38.053, 37.435, 37.048, 37.398, 37.404, 36.309, 34.868, 33.988, 34.308, 35.053, 35.066, 35.146, 35.321, 35.008, 33.927, 32.457, 31.919, 31.821, 30.456, 26.032, 22.292, 20.792], [12.309, 12.284, 12.159, 10.943, 9.046, 8.111, 7.467, 6.797, 6.004, 5.165, 4.404, 3.62, 2.202, 0.0, 2.383, 4.985, 7.566, 8.411, 8.244, 8.574, 9.006, 9.347, 9.785, 11.168, 12.762, 13.405, 14.743, 16.784, 17.654, 18.232, 19.504, 21.234, 21.797, 22.703, 23.407, 23.374, 23.689, 24.24, 25.192, 25.469, 25.604, 25.754, 25.67, 25.767, 25.721, 25.813, 26.226, 26.306, 26.839, 30.208, 32.863, 32.945, 31.816, 30.773, 30.153, 29.945, 30.041, 30.205, 30.884, 32.277, 33.155, 33.755, 34.995, 37.108, 38.184, 37.537, 37.138, 37.481, 37.495, 36.426, 35.022, 34.157, 34.452, 35.176, 35.188, 35.267, 35.435, 35.118, 34.046, 32.591, 32.061, 31.967, 30.619, 26.222, 22.473, 20.953], [12.837, 12.81, 12.632, 11.36, 9.441, 8.51, 7.913, 7.333, 6.754, 6.077, 5.45, 4.779, 3.824, 2.383, 0.0, 3.453, 6.662, 7.787, 7.78, 8.193, 8.758, 9.147, 9.592, 11.009, 12.646, 13.381, 14.887, 17.007, 17.73, 18.182, 19.372, 21.056, 21.607, 22.479, 23.172, 23.127, 23.422, 23.974, 24.946, 25.237, 25.4, 25.567, 25.488, 25.586, 25.51, 25.575, 25.972, 26.044, 26.581, 29.956, 32.62, 32.71, 31.591, 30.556, 29.938, 29.737, 29.835, 29.998, 30.67, 32.048, 32.916, 33.513, 34.753, 36.861, 37.935, 37.288, 36.883, 37.218, 37.234, 36.175, 34.785, 33.918, 34.203, 34.916, 34.912, 34.992, 35.168, 34.856, 33.791, 32.347, 31.829, 31.743, 30.403, 26.047, 22.391, 20.921], [13.635, 13.545, 13.282, 12.042, 10.266, 9.477, 8.97, 8.437, 7.862, 7.147, 6.665, 6.216, 5.626, 4.985, 3.453, 0.0, 4.022, 5.964, 6.493, 7.214, 7.979, 8.812, 9.504, 10.996, 12.636, 13.329, 14.853, 17.153, 17.92, 18.359, 19.506, 21.16, 21.718, 22.6, 23.306, 23.272, 23.571, 24.116, 25.069, 25.374, 25.547, 25.707, 25.627, 25.724, 25.672, 25.754, 26.153, 26.25, 26.861, 30.172, 32.761, 32.834, 31.718, 30.679, 30.055, 29.837, 29.908, 30.057, 30.71, 32.055, 32.906, 33.49, 34.686, 36.728, 37.773, 37.123, 36.712, 37.035, 37.046, 35.996, 34.611, 33.741, 34.018, 34.713, 34.689, 34.763, 34.949, 34.646, 33.58, 32.132, 31.614, 31.527, 30.182, 25.848, 22.283, 20.891], [14.953, 14.864, 14.597, 13.462, 11.92, 11.332, 10.908, 10.374, 9.691, 8.893, 8.525, 8.311, 7.946, 7.566, 6.662, 4.022, 0.0, 2.97, 4.638, 6.04, 7.082, 8.313, 9.404, 10.857, 12.388, 13.209, 15.224, 17.841, 18.723, 19.197, 20.171, 21.664, 22.171, 22.973, 23.617, 23.604, 23.94, 24.483, 25.377, 25.664, 25.837, 25.973, 25.888, 25.992, 26.033, 26.188, 26.594, 26.755, 27.538, 30.691, 33.092, 33.135, 32.049, 31.03, 30.415, 30.187, 30.222, 30.338, 30.94, 32.193, 32.996, 33.565, 34.697, 36.614, 37.576, 36.923, 36.506, 36.802, 36.805, 35.787, 34.439, 33.586, 33.841, 34.494, 34.444, 34.489, 34.662, 34.376, 33.331, 31.903, 31.385, 31.285, 29.963, 25.806, 22.533, 21.334], [15.382, 15.332, 15.114, 14.028, 12.558, 12.047, 11.636, 11.086, 10.348, 9.526, 9.181, 9.049, 8.742, 8.411, 7.787, 5.964, 2.97, 0.0, 2.614, 4.715, 6.13, 7.462, 8.702, 10.202, 11.757, 12.794, 15.281, 18.182, 19.152, 19.632, 20.526, 21.935, 22.388, 23.112, 23.688, 23.683, 24.039, 24.586, 25.456, 25.73, 25.912, 26.05, 25.963, 26.073, 26.161, 26.348, 26.756, 26.937, 27.773, 30.792, 33.05, 33.07, 31.999, 30.99, 30.385, 30.159, 30.182, 30.275, 30.835, 32.025, 32.797, 33.354, 34.475, 36.358, 37.28, 36.625, 36.21, 36.485, 36.476, 35.483, 34.162, 33.321, 33.571, 34.209, 34.15, 34.17, 34.318, 34.038, 33.003, 31.586, 31.063, 30.949, 29.657, 25.677, 22.633, 21.554], [15.46, 15.421, 15.248, 14.173, 12.686, 12.142, 11.673, 11.117, 10.373, 9.511, 9.117, 8.95, 8.593, 8.244, 7.78, 6.493, 4.638, 2.614, 0.0, 2.56, 4.432, 6.081, 7.373, 8.867, 10.566, 11.719, 14.417, 17.611, 18.743, 19.331, 20.308, 21.771, 22.213, 22.938, 23.5, 23.51, 23.897, 24.483, 25.387, 25.663, 25.849, 25.99, 25.894, 26.01, 26.121, 26.329, 26.757, 26.943, 27.779, 30.807, 33.048, 33.034, 31.929, 30.904, 30.293, 30.063, 30.089, 30.182, 30.737, 31.93, 32.705, 33.263, 34.412, 36.35, 37.286, 36.616, 36.198, 36.469, 36.46, 35.468, 34.135, 33.283, 33.539, 34.193, 34.153, 34.171, 34.298, 34.0, 32.945, 31.505, 30.965, 30.843, 29.562, 25.562, 22.39, 21.225], [15.858, 15.804, 15.654, 14.61, 13.16, 12.593, 12.073, 11.524, 10.817, 9.971, 9.535, 9.296, 8.909, 8.574, 8.193, 7.214, 6.04, 4.715, 2.56, 0.0, 2.398, 4.649, 6.113, 7.57, 9.388, 10.64, 13.444, 16.892, 18.192, 18.917, 19.981, 21.505, 21.943, 22.689, 23.257, 23.274, 23.687, 24.325, 25.287, 25.585, 25.787, 25.927, 25.818, 25.944, 26.062, 26.282, 26.724, 26.908, 27.745, 30.849, 33.126, 33.069, 31.91, 30.862, 30.248, 30.016, 30.042, 30.14, 30.708, 31.929, 32.72, 33.283, 34.459, 36.453, 37.432, 36.763, 36.338, 36.612, 36.604, 35.603, 34.25, 33.382, 33.64, 34.309, 34.287, 34.309, 34.425, 34.114, 33.042, 31.576, 31.021, 30.899, 29.628, 25.558, 22.171, 20.875], [16.15, 16.072, 15.944, 14.946, 13.535, 12.958, 12.445, 11.921, 11.23, 10.422, 9.986, 9.725, 9.327, 9.006, 8.758, 7.979, 7.082, 6.13, 4.432, 2.398, 0.0, 3.018, 4.9, 6.514, 8.482, 9.698, 12.484, 16.098, 17.575, 18.454, 19.608, 21.228, 21.695, 22.483, 23.079, 23.097, 23.525, 24.206, 25.218, 25.539, 25.76, 25.901, 25.787, 25.925, 26.046, 26.272, 26.718, 26.885, 27.701, 30.918, 33.277, 33.197, 31.98, 30.91, 30.303, 30.078, 30.114, 30.226, 30.827, 32.093, 32.91, 33.485, 34.679, 36.72, 37.753, 37.097, 36.669, 36.941, 36.927, 35.903, 34.526, 33.642, 33.902, 34.583, 34.571, 34.6, 34.724, 34.41, 33.326, 31.837, 31.265, 31.142, 29.866, 25.689, 22.086, 20.672], [16.355, 16.273, 16.168, 15.189, 13.778, 13.169, 12.683, 12.184, 11.507, 10.751, 10.325, 10.06, 9.686, 9.347, 9.147, 8.812, 8.313, 7.462, 6.081, 4.649, 3.018, 0.0, 2.573, 4.892, 7.127, 8.514, 11.646, 15.382, 16.834, 17.799, 19.061, 20.76, 21.233, 22.055, 22.706, 22.728, 23.162, 23.88, 24.951, 25.308, 25.561, 25.722, 25.618, 25.762, 25.84, 26.046, 26.487, 26.615, 27.337, 30.604, 33.035, 32.956, 31.712, 30.631, 30.033, 29.837, 29.91, 30.047, 30.679, 31.985, 32.824, 33.415, 34.646, 36.736, 37.811, 37.174, 36.748, 37.021, 36.998, 35.953, 34.56, 33.666, 33.925, 34.62, 34.609, 34.645, 34.782, 34.464, 33.367, 31.862, 31.282, 31.155, 29.864, 25.63, 21.957, 20.499], [16.633, 16.553, 16.451, 15.484, 14.086, 13.472, 13.016, 12.543, 11.924, 11.215, 10.759, 10.463, 10.111, 9.785, 9.592, 9.504, 9.404, 8.702, 7.373, 6.113, 4.9, 2.573, 0.0, 3.335, 6.14, 7.805, 11.242, 15.067, 16.435, 17.381, 18.685, 20.409, 20.864, 21.672, 22.343, 22.374, 22.802, 23.538, 24.648, 25.029, 25.302, 25.474, 25.378, 25.532, 25.575, 25.763, 26.204, 26.306, 26.977, 30.286, 32.757, 32.673, 31.41, 30.312, 29.706, 29.523, 29.625, 29.786, 30.434, 31.754, 32.599, 33.192, 34.433, 36.547, 37.635, 37.006, 36.584, 36.862, 36.834, 35.772, 34.368, 33.469, 33.731, 34.435, 34.427, 34.471, 34.619, 34.296, 33.19, 31.682, 31.101, 30.971, 29.682, 25.466, 21.817, 20.345], [17.93, 17.85, 17.713, 16.732, 15.373, 14.791, 14.348, 13.915, 13.346, 12.634, 12.143, 11.819, 11.488, 11.168, 11.009, 10.996, 10.857, 10.202, 8.867, 7.57, 6.514, 4.892, 3.335, 0.0, 3.589, 6.404, 10.855, 15.077, 16.613, 17.715, 18.951, 20.5, 20.861, 21.597, 22.226, 22.26, 22.723, 23.532, 24.69, 25.086, 25.369, 25.538, 25.432, 25.597, 25.676, 25.915, 26.373, 26.485, 27.178, 30.462, 32.889, 32.779, 31.504, 30.407, 29.803, 29.624, 29.728, 29.895, 30.525, 31.806, 32.632, 33.228, 34.449, 36.496, 37.554, 36.937, 36.524, 36.8, 36.777, 35.709, 34.278, 33.358, 33.606, 34.303, 34.294, 34.334, 34.487, 34.163, 33.047, 31.545, 30.972, 30.843, 29.576, 25.42, 21.794, 20.331], [19.175, 19.091, 18.928, 17.973, 16.653, 16.107, 15.697, 15.297, 14.731, 14.033, 13.594, 13.312, 13.033, 12.762, 12.646, 12.636, 12.388, 11.757, 10.566, 9.388, 8.482, 7.127, 6.14, 3.589, 0.0, 4.312, 10.256, 15.074, 16.87, 18.157, 19.379, 20.79, 21.046, 21.687, 22.271, 22.311, 22.808, 23.664, 24.869, 25.294, 25.591, 25.753, 25.634, 25.792, 25.919, 26.22, 26.696, 26.823, 27.541, 30.788, 33.18, 33.069, 31.808, 30.723, 30.121, 29.942, 30.037, 30.192, 30.807, 32.058, 32.873, 33.474, 34.667, 36.604, 37.585, 36.979, 36.58, 36.853, 36.825, 35.751, 34.297, 33.351, 33.573, 34.261, 34.253, 34.285, 34.437, 34.114, 32.99, 31.49, 30.921, 30.792, 29.539, 25.416, 21.828, 20.423], [19.245, 19.113, 18.945, 18.051, 16.803, 16.301, 15.931, 15.563, 14.974, 14.309, 13.976, 13.769, 13.546, 13.405, 13.381, 13.329, 13.209, 12.794, 11.719, 10.64, 9.698, 8.514, 7.805, 6.404, 4.312, 0.0, 7.295, 13.375, 15.781, 17.347, 18.833, 20.55, 20.932, 21.652, 22.325, 22.419, 22.926, 23.76, 24.972, 25.413, 25.702, 25.85, 25.706, 25.843, 25.992, 26.325, 26.835, 26.987, 27.741, 31.164, 33.697, 33.609, 32.326, 31.225, 30.609, 30.416, 30.52, 30.693, 31.353, 32.683, 33.537, 34.151, 35.332, 37.221, 38.161, 37.558, 37.174, 37.458, 37.422, 36.311, 34.813, 33.823, 34.028, 34.738, 34.735, 34.77, 34.938, 34.611, 33.466, 31.926, 31.336, 31.209, 29.913, 25.544, 21.631, 20.081], [19.16, 18.881, 18.673, 17.983, 17.109, 16.75, 16.423, 16.116, 15.59, 15.087, 14.931, 14.748, 14.595, 14.743, 14.887, 14.853, 15.224, 15.281, 14.417, 13.444, 12.484, 11.646, 11.242, 10.855, 10.256, 7.295, 0.0, 7.98, 12.317, 14.865, 17.127, 19.526, 20.247, 21.296, 22.239, 22.402, 22.866, 23.624, 24.814, 25.267, 25.514, 25.639, 25.476, 25.608, 25.735, 26.068, 26.632, 26.813, 27.573, 31.295, 34.021, 33.914, 32.549, 31.383, 30.736, 30.535, 30.673, 30.9, 31.651, 33.132, 34.073, 34.717, 35.883, 37.763, 38.765, 38.178, 37.796, 38.088, 38.028, 36.85, 35.275, 34.215, 34.416, 35.165, 35.157, 35.188, 35.386, 35.057, 33.874, 32.258, 31.644, 31.548, 30.227, 25.471, 20.959, 19.115], [19.969, 19.603, 19.36, 18.868, 18.334, 18.081, 17.837, 17.628, 17.278, 17.017, 16.937, 16.728, 16.569, 16.784, 17.007, 17.153, 17.841, 18.182, 17.611, 16.892, 16.098, 15.382, 15.067, 15.077, 15.074, 13.375, 7.98, 0.0, 7.419, 11.934, 15.368, 18.335, 19.34, 20.705, 21.846, 22.04, 22.451, 23.19, 24.446, 24.98, 25.196, 25.338, 25.234, 25.398, 25.393, 25.594, 26.135, 26.278, 26.857, 30.539, 33.281, 33.146, 31.747, 30.55, 29.897, 29.728, 29.916, 30.19, 30.979, 32.51, 33.5, 34.235, 35.535, 37.608, 38.74, 38.136, 37.713, 37.975, 37.876, 36.695, 35.165, 34.16, 34.388, 35.149, 35.155, 35.184, 35.373, 35.032, 33.861, 32.26, 31.666, 31.61, 30.34, 25.613, 21.107, 19.282], [20.029, 19.708, 19.454, 18.983, 18.517, 18.288, 18.102, 17.961, 17.825, 17.793, 17.751, 17.538, 17.456, 17.654, 17.73, 17.92, 18.723, 19.152, 18.743, 18.192, 17.575, 16.834, 16.435, 16.613, 16.87, 15.781, 12.317, 7.419, 0.0, 6.657, 11.793, 15.581, 16.746, 18.458, 19.822, 20.017, 20.469, 21.302, 22.704, 23.42, 23.734, 23.976, 23.978, 24.079, 23.731, 23.703, 24.207, 24.249, 24.333, 28.043, 31.063, 31.041, 29.661, 28.483, 27.862, 27.762, 28.046, 28.398, 29.261, 30.891, 31.949, 32.792, 34.384, 36.866, 38.23, 37.688, 37.272, 37.542, 37.461, 36.349, 34.894, 33.958, 34.287, 35.103, 35.115, 35.173, 35.372, 35.035, 33.891, 32.357, 31.806, 31.754, 30.488, 25.992, 21.99, 20.32], [19.955, 19.691, 19.465, 19.083, 18.746, 18.571, 18.408, 18.272, 18.251, 18.361, 18.35, 18.148, 18.09, 18.232, 18.182, 18.359, 19.197, 19.632, 19.331, 18.917, 18.454, 17.799, 17.381, 17.715, 18.157, 17.347, 14.865, 11.934, 6.657, 0.0, 6.467, 11.545, 13.118, 15.021, 16.598, 16.802, 17.222, 17.991, 19.382, 20.162, 20.567, 20.899, 20.966, 20.976, 20.466, 20.426, 21.008, 21.211, 21.848, 26.595, 30.155, 30.268, 28.878, 27.678, 27.047, 26.96, 27.303, 27.715, 28.671, 30.44, 31.578, 32.405, 33.975, 36.495, 37.858, 37.36, 36.959, 37.229, 37.144, 36.022, 34.567, 33.625, 33.935, 34.721, 34.715, 34.808, 35.033, 34.705, 33.557, 32.045, 31.518, 31.461, 30.178, 25.803, 22.234, 20.793], [21.302, 21.091, 20.894, 20.557, 20.248, 20.077, 19.91, 19.755, 19.744, 19.843, 19.796, 19.586, 19.488, 19.504, 19.372, 19.506, 20.171, 20.526, 20.308, 19.981, 19.608, 19.061, 18.685, 18.951, 19.379, 18.833, 17.127, 15.368, 11.793, 6.467, 0.0, 6.455, 9.091, 11.176, 12.972, 13.235, 13.645, 14.458, 15.86, 16.649, 17.153, 17.515, 17.595, 17.63, 17.428, 17.756, 18.526, 19.165, 21.404, 27.295, 31.014, 31.147, 29.775, 28.585, 27.948, 27.841, 28.153, 28.547, 29.487, 31.208, 32.314, 33.078, 34.439, 36.612, 37.726, 37.224, 36.843, 37.09, 36.999, 35.899, 34.48, 33.535, 33.738, 34.398, 34.337, 34.394, 34.584, 34.255, 33.118, 31.632, 31.109, 31.037, 29.809, 25.746, 22.695, 21.537], [23.012, 22.849, 22.661, 22.365, 22.077, 21.887, 21.716, 21.56, 21.545, 21.619, 21.565, 21.374, 21.281, 21.234, 21.056, 21.16, 21.664, 21.935, 21.771, 21.505, 21.228, 20.76, 20.409, 20.5, 20.79, 20.55, 19.526, 18.335, 15.581, 11.545, 6.455, 0.0, 4.181, 7.275, 9.664, 10.047, 10.569, 11.745, 13.35, 14.296, 14.919, 15.333, 15.476, 15.58, 15.715, 16.419, 17.345, 18.233, 21.25, 27.396, 30.929, 31.004, 29.68, 28.565, 27.976, 27.884, 28.179, 28.546, 29.415, 31.006, 32.041, 32.771, 33.998, 35.858, 36.765, 36.279, 35.929, 36.147, 36.046, 35.0, 33.668, 32.759, 32.887, 33.431, 33.307, 33.304, 33.449, 33.118, 31.997, 30.563, 30.055, 29.975, 28.843, 25.321, 23.018, 22.208], [23.379, 23.24, 23.057, 22.782, 22.52, 22.338, 22.171, 22.027, 22.032, 22.131, 22.1, 21.929, 21.851, 21.797, 21.607, 21.718, 22.171, 22.388, 22.213, 21.943, 21.695, 21.233, 20.864, 20.861, 21.046, 20.932, 20.247, 19.34, 16.746, 13.118, 9.091, 4.181, 0.0, 4.486, 7.571, 8.143, 8.884, 10.239, 11.964, 13.132, 13.909, 14.384, 14.591, 14.688, 14.742, 15.487, 16.451, 17.283, 20.257, 26.429, 29.953, 30.034, 28.743, 27.685, 27.144, 27.09, 27.402, 27.759, 28.603, 30.157, 31.17, 31.899, 33.105, 34.868, 35.745, 35.296, 34.969, 35.183, 35.073, 34.026, 32.706, 31.809, 31.926, 32.445, 32.309, 32.306, 32.448, 32.11, 30.982, 29.565, 29.067, 28.987, 27.905, 24.676, 22.79, 22.171], [24.317, 24.213, 24.045, 23.757, 23.47, 23.298, 23.145, 23.01, 23.029, 23.123, 23.075, 22.9, 22.814, 22.703, 22.479, 22.6, 22.973, 23.112, 22.938, 22.689, 22.483, 22.055, 21.672, 21.597, 21.687, 21.652, 21.296, 20.705, 18.458, 15.021, 11.176, 7.275, 4.486, 0.0, 3.73, 4.87, 5.81, 7.433, 9.544, 11.102, 12.282, 12.893, 13.154, 13.335, 13.483, 14.368, 15.316, 16.264, 20.101, 26.637, 30.133, 30.234, 28.985, 27.962, 27.438, 27.382, 27.673, 28.001, 28.788, 30.256, 31.217, 31.912, 33.021, 34.56, 35.234, 34.744, 34.428, 34.639, 34.557, 33.59, 32.38, 31.539, 31.6, 32.044, 31.905, 31.877, 31.959, 31.605, 30.493, 29.121, 28.647, 28.577, 27.606, 24.828, 23.459, 23.078], [25.091, 25.031, 24.874, 24.573, 24.255, 24.084, 23.936, 23.8, 23.822, 23.9, 23.83, 23.654, 23.562, 23.407, 23.172, 23.306, 23.617, 23.688, 23.5, 23.257, 23.079, 22.706, 22.343, 22.226, 22.271, 22.325, 22.239, 21.846, 19.822, 16.598, 12.972, 9.664, 7.571, 3.73, 0.0, 2.24, 4.046, 6.198, 8.6, 10.278, 11.665, 12.375, 12.65, 12.878, 13.121, 14.075, 14.978, 16.023, 20.423, 27.043, 30.418, 30.488, 29.245, 28.234, 27.714, 27.651, 27.923, 28.223, 28.963, 30.366, 31.291, 31.971, 33.059, 34.521, 35.081, 34.558, 34.254, 34.472, 34.426, 33.538, 32.422, 31.64, 31.693, 32.111, 32.0, 31.958, 31.982, 31.616, 30.535, 29.225, 28.77, 28.689, 27.781, 25.306, 24.226, 23.954], [25.042, 25.007, 24.857, 24.547, 24.219, 24.042, 23.893, 23.761, 23.792, 23.878, 23.801, 23.622, 23.534, 23.374, 23.127, 23.272, 23.604, 23.683, 23.51, 23.274, 23.097, 22.728, 22.374, 22.26, 22.311, 22.419, 22.402, 22.04, 20.017, 16.802, 13.235, 10.047, 8.143, 4.87, 2.24, 0.0, 2.576, 5.329, 8.044, 9.867, 11.326, 12.087, 12.399, 12.613, 12.803, 13.761, 14.665, 15.7, 20.123, 26.827, 30.247, 30.316, 29.064, 28.054, 27.534, 27.473, 27.756, 28.065, 28.808, 30.211, 31.143, 31.833, 32.947, 34.442, 35.014, 34.5, 34.202, 34.424, 34.376, 33.497, 32.386, 31.597, 31.648, 32.062, 31.937, 31.882, 31.902, 31.535, 30.467, 29.186, 28.75, 28.677, 27.778, 25.333, 24.286, 24.028], [25.17, 25.141, 24.996, 24.703, 24.407, 24.242, 24.107, 23.99, 24.05, 24.158, 24.085, 23.908, 23.838, 23.689, 23.422, 23.571, 23.94, 24.039, 23.897, 23.687, 23.525, 23.162, 22.802, 22.723, 22.808, 22.926, 22.866, 22.451, 20.469, 17.222, 13.645, 10.569, 8.884, 5.81, 4.046, 2.576, 0.0, 3.392, 6.811, 9.22, 10.918, 11.681, 11.993, 12.203, 12.231, 13.121, 13.992, 15.017, 19.57, 26.429, 29.926, 30.017, 28.775, 27.78, 27.266, 27.214, 27.518, 27.841, 28.58, 29.976, 30.905, 31.591, 32.7, 34.19, 34.745, 34.232, 33.935, 34.15, 34.093, 33.214, 32.128, 31.347, 31.376, 31.767, 31.618, 31.543, 31.552, 31.183, 30.129, 28.869, 28.45, 28.395, 27.534, 25.221, 24.366, 24.206], [25.353, 25.327, 25.19, 24.953, 24.751, 24.626, 24.512, 24.418, 24.505, 24.639, 24.578, 24.413, 24.362, 24.24, 23.974, 24.116, 24.483, 24.586, 24.483, 24.325, 24.206, 23.88, 23.538, 23.532, 23.664, 23.76, 23.624, 23.19, 21.302, 17.991, 14.458, 11.745, 10.239, 7.433, 6.198, 5.329, 3.392, 0.0, 4.09, 7.449, 9.56, 10.306, 10.603, 10.796, 10.61, 11.503, 12.419, 13.603, 18.726, 25.932, 29.549, 29.683, 28.465, 27.495, 26.996, 26.959, 27.289, 27.627, 28.359, 29.749, 30.673, 31.358, 32.465, 33.927, 34.421, 33.906, 33.617, 33.83, 33.766, 32.871, 31.792, 31.024, 31.05, 31.432, 31.267, 31.165, 31.151, 30.783, 29.749, 28.515, 28.116, 28.074, 27.244, 25.097, 24.533, 24.524], [25.912, 25.9, 25.782, 25.611, 25.515, 25.438, 25.342, 25.277, 25.394, 25.547, 25.497, 25.346, 25.302, 25.192, 24.946, 25.069, 25.377, 25.456, 25.387, 25.287, 25.218, 24.951, 24.648, 24.69, 24.869, 24.972, 24.814, 24.446, 22.704, 19.382, 15.86, 13.35, 11.964, 9.544, 8.6, 8.044, 6.811, 4.09, 0.0, 4.365, 7.032, 7.893, 8.351, 8.589, 8.605, 9.893, 10.972, 12.502, 18.552, 26.07, 29.681, 29.837, 28.685, 27.776, 27.304, 27.262, 27.586, 27.922, 28.619, 29.953, 30.849, 31.516, 32.552, 33.878, 34.262, 33.756, 33.49, 33.701, 33.648, 32.775, 31.723, 30.986, 31.012, 31.362, 31.185, 31.06, 31.022, 30.662, 29.669, 28.496, 28.132, 28.099, 27.328, 25.437, 25.211, 25.361], [26.144, 26.139, 26.041, 25.876, 25.783, 25.718, 25.621, 25.573, 25.711, 25.871, 25.82, 25.67, 25.605, 25.469, 25.237, 25.374, 25.664, 25.73, 25.663, 25.585, 25.539, 25.308, 25.029, 25.086, 25.294, 25.413, 25.267, 24.98, 23.42, 20.162, 16.649, 14.296, 13.132, 11.102, 10.278, 9.867, 9.22, 7.449, 4.365, 0.0, 3.201, 4.668, 5.63, 6.091, 7.152, 9.225, 10.465, 12.28, 19.115, 26.865, 30.377, 30.481, 29.346, 28.459, 27.99, 27.923, 28.217, 28.537, 29.219, 30.527, 31.411, 32.066, 33.054, 34.309, 34.629, 34.112, 33.859, 34.075, 34.048, 33.218, 32.192, 31.468, 31.494, 31.834, 31.672, 31.534, 31.468, 31.118, 30.166, 29.036, 28.685, 28.653, 27.896, 26.028, 25.759, 25.895], [26.219, 26.206, 26.111, 25.956, 25.876, 25.818, 25.729, 25.698, 25.84, 25.996, 25.943, 25.801, 25.734, 25.604, 25.4, 25.547, 25.837, 25.912, 25.849, 25.787, 25.76, 25.561, 25.302, 25.369, 25.591, 25.702, 25.514, 25.196, 23.734, 20.567, 17.153, 14.919, 13.909, 12.282, 11.665, 11.326, 10.918, 9.56, 7.032, 3.201, 0.0, 2.281, 3.897, 4.542, 6.519, 9.04, 10.354, 12.349, 19.474, 27.219, 30.634, 30.689, 29.543, 28.647, 28.171, 28.088, 28.368, 28.681, 29.364, 30.675, 31.557, 32.205, 33.201, 34.476, 34.781, 34.248, 33.998, 34.221, 34.207, 33.385, 32.361, 31.644, 31.686, 32.042, 31.897, 31.746, 31.658, 31.311, 30.38, 29.262, 28.911, 28.878, 28.11, 26.212, 25.887, 26.011], [26.327, 26.303, 26.201, 26.054, 25.995, 25.942, 25.86, 25.841, 25.978, 26.127, 26.074, 25.931, 25.87, 25.754, 25.567, 25.707, 25.973, 26.05, 25.99, 25.927, 25.901, 25.722, 25.474, 25.538, 25.753, 25.85, 25.639, 25.338, 23.976, 20.899, 17.515, 15.333, 14.384, 12.893, 12.375, 12.087, 11.681, 10.306, 7.893, 4.668, 2.281, 0.0, 1.984, 2.927, 5.583, 8.432, 9.821, 11.977, 19.456, 27.312, 30.736, 30.785, 29.641, 28.742, 28.259, 28.174, 28.456, 28.77, 29.446, 30.753, 31.627, 32.274, 33.285, 34.568, 34.866, 34.318, 34.063, 34.285, 34.267, 33.424, 32.387, 31.678, 31.729, 32.094, 31.962, 31.815, 31.722, 31.376, 30.448, 29.318, 28.949, 28.91, 28.127, 26.221, 25.9, 26.027], [26.292, 26.256, 26.152, 26.005, 25.944, 25.887, 25.799, 25.779, 25.908, 26.049, 25.996, 25.847, 25.781, 25.67, 25.488, 25.627, 25.888, 25.963, 25.894, 25.818, 25.787, 25.618, 25.378, 25.432, 25.634, 25.706, 25.476, 25.234, 23.978, 20.966, 17.595, 15.476, 14.591, 13.154, 12.65, 12.399, 11.993, 10.603, 8.351, 5.63, 3.897, 1.984, 0.0, 1.68, 5.006, 8.076, 9.568, 11.816, 19.476, 27.421, 30.883, 30.932, 29.775, 28.863, 28.372, 28.291, 28.58, 28.895, 29.569, 30.881, 31.755, 32.406, 33.44, 34.742, 35.047, 34.494, 34.235, 34.456, 34.439, 33.578, 32.517, 31.799, 31.85, 32.222, 32.095, 31.959, 31.88, 31.537, 30.601, 29.444, 29.053, 29.004, 28.197, 26.219, 25.814, 25.899], [26.27, 26.237, 26.133, 25.996, 25.952, 25.898, 25.811, 25.795, 25.935, 26.096, 26.058, 25.917, 25.864, 25.767, 25.586, 25.724, 25.992, 26.073, 26.01, 25.944, 25.925, 25.762, 25.532, 25.597, 25.792, 25.843, 25.608, 25.398, 24.079, 20.976, 17.63, 15.58, 14.688, 13.335, 12.878, 12.613, 12.203, 10.796, 8.589, 6.091, 4.542, 2.927, 1.68, 0.0, 4.125, 7.532, 9.173, 11.506, 19.152, 27.135, 30.654, 30.732, 29.595, 28.699, 28.216, 28.143, 28.446, 28.772, 29.454, 30.781, 31.663, 32.322, 33.367, 34.678, 35.01, 34.488, 34.239, 34.468, 34.45, 33.568, 32.477, 31.745, 31.809, 32.194, 32.064, 31.941, 31.885, 31.55, 30.623, 29.474, 29.084, 29.03, 28.205, 26.216, 25.839, 25.938], [25.864, 25.837, 25.712, 25.572, 25.576, 25.542, 25.476, 25.491, 25.687, 25.908, 25.902, 25.776, 25.772, 25.721, 25.51, 25.672, 26.033, 26.161, 26.121, 26.062, 26.046, 25.84, 25.575, 25.676, 25.919, 25.992, 25.735, 25.393, 23.731, 20.466, 17.428, 15.715, 14.742, 13.483, 13.121, 12.803, 12.231, 10.61, 8.605, 7.152, 6.519, 5.583, 5.006, 4.125, 0.0, 3.752, 5.695, 8.188, 16.204, 24.877, 28.866, 29.088, 27.977, 27.118, 26.674, 26.666, 27.062, 27.459, 28.197, 29.614, 30.548, 31.268, 32.468, 34.031, 34.582, 34.156, 33.929, 34.171, 34.127, 33.174, 32.006, 31.244, 31.369, 31.822, 31.694, 31.6, 31.59, 31.272, 30.352, 29.205, 28.824, 28.777, 27.904, 25.873, 25.592, 25.726], [25.577, 25.551, 25.403, 25.27, 25.338, 25.34, 25.304, 25.355, 25.605, 25.87, 25.884, 25.781, 25.828, 25.813, 25.575, 25.754, 26.188, 26.348, 26.329, 26.282, 26.272, 26.046, 25.763, 25.915, 26.22, 26.325, 26.068, 25.594, 23.703, 20.426, 17.756, 16.419, 15.487, 14.368, 14.075, 13.761, 13.121, 11.503, 9.893, 9.225, 9.04, 8.432, 8.076, 7.532, 3.752, 0.0, 2.344, 5.159, 13.768, 23.055, 27.427, 27.785, 26.709, 25.894, 25.494, 25.541, 25.998, 26.44, 27.212, 28.69, 29.663, 30.428, 31.757, 33.557, 34.307, 33.952, 33.734, 33.977, 33.916, 32.938, 31.759, 31.006, 31.187, 31.695, 31.575, 31.501, 31.516, 31.211, 30.3, 29.154, 28.779, 28.743, 27.85, 25.833, 25.66, 25.833], [25.779, 25.759, 25.601, 25.471, 25.573, 25.606, 25.594, 25.665, 25.939, 26.214, 26.228, 26.143, 26.226, 26.226, 25.972, 26.153, 26.594, 26.756, 26.757, 26.724, 26.718, 26.487, 26.204, 26.373, 26.696, 26.835, 26.632, 26.135, 24.207, 21.008, 18.526, 17.345, 16.451, 15.316, 14.978, 14.665, 13.992, 12.419, 10.972, 10.465, 10.354, 9.821, 9.568, 9.173, 5.695, 2.344, 0.0, 3.368, 12.81, 22.423, 26.944, 27.377, 26.35, 25.586, 25.222, 25.292, 25.761, 26.21, 26.976, 28.452, 29.424, 30.192, 31.545, 33.396, 34.209, 33.895, 33.69, 33.93, 33.864, 32.906, 31.763, 31.041, 31.24, 31.753, 31.634, 31.554, 31.556, 31.256, 30.36, 29.23, 28.862, 28.833, 27.963, 26.086, 26.075, 26.307], [25.612, 25.599, 25.424, 25.285, 25.408, 25.46, 25.473, 25.573, 25.88, 26.185, 26.217, 26.149, 26.273, 26.306, 26.044, 26.25, 26.755, 26.937, 26.943, 26.908, 26.885, 26.615, 26.306, 26.485, 26.823, 26.987, 26.813, 26.278, 24.249, 21.211, 19.165, 18.233, 17.283, 16.264, 16.023, 15.7, 15.017, 13.603, 12.502, 12.28, 12.349, 11.977, 11.816, 11.506, 8.188, 5.159, 3.368, 0.0, 10.228, 20.551, 25.489, 26.058, 25.089, 24.403, 24.099, 24.212, 24.727, 25.207, 26.0, 27.53, 28.533, 29.324, 30.753, 32.78, 33.806, 33.585, 33.4, 33.653, 33.585, 32.621, 31.477, 30.774, 31.025, 31.579, 31.471, 31.418, 31.453, 31.164, 30.278, 29.157, 28.791, 28.765, 27.899, 26.078, 26.155, 26.402], [25.366, 25.375, 25.142, 24.98, 25.164, 25.248, 25.33, 25.507, 25.905, 26.314, 26.436, 26.44, 26.686, 26.839, 26.581, 26.861, 27.538, 27.773, 27.779, 27.745, 27.701, 27.337, 26.977, 27.178, 27.541, 27.741, 27.573, 26.857, 24.333, 21.848, 21.404, 21.25, 20.257, 20.101, 20.423, 20.123, 19.57, 18.726, 18.552, 19.115, 19.474, 19.456, 19.476, 19.152, 16.204, 13.768, 12.81, 10.228, 0.0, 12.163, 18.733, 19.89, 19.247, 18.919, 18.838, 19.127, 19.856, 20.507, 21.434, 23.184, 24.331, 25.232, 26.952, 29.794, 31.743, 31.87, 31.745, 32.067, 32.025, 31.023, 29.87, 29.295, 29.817, 30.584, 30.561, 30.711, 30.985, 30.773, 29.972, 28.977, 28.664, 28.651, 27.797, 26.113, 26.439, 26.724], [28.178, 28.237, 27.999, 27.867, 28.085, 28.201, 28.349, 28.579, 28.98, 29.363, 29.538, 29.641, 29.984, 30.208, 29.956, 30.172, 30.691, 30.792, 30.807, 30.849, 30.918, 30.604, 30.286, 30.462, 30.788, 31.164, 31.295, 30.539, 28.043, 26.595, 27.295, 27.396, 26.429, 26.637, 27.043, 26.827, 26.429, 25.932, 26.07, 26.865, 27.219, 27.312, 27.421, 27.135, 24.877, 23.055, 22.423, 20.551, 12.163, 0.0, 7.913, 10.243, 10.959, 11.802, 12.262, 12.767, 13.516, 14.146, 14.863, 16.318, 17.361, 18.252, 20.106, 23.719, 26.576, 27.087, 27.048, 27.448, 27.534, 26.784, 26.042, 25.956, 26.838, 27.788, 27.974, 28.361, 28.81, 28.707, 28.198, 27.635, 27.5, 27.503, 26.949, 26.651, 28.414, 29.258], [30.76, 30.843, 30.636, 30.544, 30.753, 30.881, 31.042, 31.28, 31.648, 31.97, 32.151, 32.293, 32.646, 32.863, 32.62, 32.761, 33.092, 33.05, 33.048, 33.126, 33.277, 33.035, 32.757, 32.889, 33.18, 33.697, 34.021, 33.281, 31.063, 30.155, 31.014, 30.929, 29.953, 30.133, 30.418, 30.247, 29.926, 29.549, 29.681, 30.377, 30.634, 30.736, 30.883, 30.654, 28.866, 27.427, 26.944, 25.489, 18.733, 7.913, 0.0, 3.771, 6.72, 8.835, 9.724, 10.26, 10.71, 11.022, 11.187, 11.822, 12.489, 13.251, 15.119, 19.086, 22.287, 22.977, 23.002, 23.422, 23.606, 23.164, 22.909, 23.258, 24.313, 25.317, 25.702, 26.204, 26.636, 26.578, 26.318, 26.127, 26.139, 26.15, 25.888, 26.841, 29.748, 31.085], [31.023, 31.1, 30.902, 30.813, 31.0, 31.116, 31.263, 31.483, 31.822, 32.105, 32.268, 32.402, 32.74, 32.945, 32.71, 32.834, 33.135, 33.07, 33.034, 33.069, 33.197, 32.956, 32.673, 32.779, 33.069, 33.609, 33.914, 33.146, 31.041, 30.268, 31.147, 31.004, 30.034, 30.234, 30.488, 30.316, 30.017, 29.683, 29.837, 30.481, 30.689, 30.785, 30.932, 30.732, 29.088, 27.785, 27.377, 26.058, 19.89, 10.243, 3.771, 0.0, 3.911, 6.598, 7.709, 8.281, 8.694, 9.011, 9.101, 9.62, 10.308, 11.153, 13.362, 17.777, 21.118, 21.798, 21.801, 22.202, 22.385, 22.0, 21.881, 22.337, 23.41, 24.454, 24.954, 25.492, 25.882, 25.793, 25.536, 25.366, 25.381, 25.394, 25.195, 26.307, 29.319, 30.741], [30.219, 30.276, 30.085, 29.979, 30.125, 30.213, 30.335, 30.527, 30.824, 31.069, 31.203, 31.311, 31.621, 31.816, 31.591, 31.718, 32.049, 31.999, 31.929, 31.91, 31.98, 31.712, 31.41, 31.504, 31.808, 32.326, 32.549, 31.747, 29.661, 28.878, 29.775, 29.68, 28.743, 28.985, 29.245, 29.064, 28.775, 28.465, 28.685, 29.346, 29.543, 29.641, 29.775, 29.595, 27.977, 26.709, 26.35, 25.089, 19.247, 10.959, 6.72, 3.911, 0.0, 3.121, 4.719, 5.631, 6.326, 6.879, 7.325, 8.485, 9.559, 10.595, 13.351, 18.187, 21.544, 22.156, 22.109, 22.482, 22.623, 22.181, 22.0, 22.367, 23.39, 24.472, 24.999, 25.488, 25.822, 25.688, 25.307, 24.959, 24.896, 24.906, 24.653, 25.435, 28.112, 29.408], [29.426, 29.464, 29.275, 29.154, 29.265, 29.331, 29.438, 29.611, 29.879, 30.092, 30.202, 30.291, 30.584, 30.773, 30.556, 30.679, 31.03, 30.99, 30.904, 30.862, 30.91, 30.631, 30.312, 30.407, 30.723, 31.225, 31.383, 30.55, 28.483, 27.678, 28.585, 28.565, 27.685, 27.962, 28.234, 28.054, 27.78, 27.495, 27.776, 28.459, 28.647, 28.742, 28.863, 28.699, 27.118, 25.894, 25.586, 24.403, 18.919, 11.802, 8.835, 6.598, 3.121, 0.0, 2.12, 3.589, 4.726, 5.539, 6.346, 8.071, 9.433, 10.534, 13.534, 18.574, 21.873, 22.4, 22.325, 22.69, 22.785, 22.264, 21.989, 22.269, 23.265, 24.377, 24.911, 25.362, 25.659, 25.49, 25.019, 24.55, 24.435, 24.434, 24.111, 24.596, 27.005, 28.194], [28.909, 28.939, 28.744, 28.615, 28.71, 28.766, 28.866, 29.033, 29.297, 29.499, 29.597, 29.68, 29.966, 30.153, 29.938, 30.055, 30.415, 30.385, 30.293, 30.248, 30.303, 30.033, 29.706, 29.803, 30.121, 30.609, 30.736, 29.897, 27.862, 27.047, 27.948, 27.976, 27.144, 27.438, 27.714, 27.534, 27.266, 26.996, 27.304, 27.99, 28.171, 28.259, 28.372, 28.216, 26.674, 25.494, 25.222, 24.099, 18.838, 12.262, 9.724, 7.709, 4.719, 2.12, 0.0, 1.878, 3.482, 4.608, 5.69, 7.721, 9.255, 10.397, 13.354, 18.477, 21.783, 22.247, 22.145, 22.511, 22.574, 21.976, 21.652, 21.919, 22.925, 24.067, 24.622, 25.086, 25.392, 25.205, 24.705, 24.204, 24.077, 24.072, 23.709, 24.029, 26.313, 27.468], [28.7, 28.729, 28.534, 28.41, 28.506, 28.565, 28.663, 28.831, 29.096, 29.295, 29.39, 29.47, 29.753, 29.945, 29.737, 29.837, 30.187, 30.159, 30.063, 30.016, 30.078, 29.837, 29.523, 29.624, 29.942, 30.416, 30.535, 29.728, 27.762, 26.96, 27.841, 27.884, 27.09, 27.382, 27.651, 27.473, 27.214, 26.959, 27.262, 27.923, 28.088, 28.174, 28.291, 28.143, 26.666, 25.541, 25.292, 24.212, 19.127, 12.767, 10.26, 8.281, 5.631, 3.589, 1.878, 0.0, 2.041, 3.648, 5.036, 7.282, 8.945, 10.08, 12.894, 18.077, 21.447, 21.883, 21.751, 22.119, 22.18, 21.574, 21.285, 21.601, 22.632, 23.79, 24.375, 24.862, 25.179, 24.994, 24.497, 23.999, 23.872, 23.868, 23.513, 23.831, 26.106, 27.269], [28.758, 28.79, 28.598, 28.483, 28.592, 28.66, 28.755, 28.919, 29.184, 29.379, 29.479, 29.566, 29.848, 30.041, 29.835, 29.908, 30.222, 30.182, 30.089, 30.042, 30.114, 29.91, 29.625, 29.728, 30.037, 30.52, 30.673, 29.916, 28.046, 27.303, 28.153, 28.179, 27.402, 27.673, 27.923, 27.756, 27.518, 27.289, 27.586, 28.217, 28.368, 28.456, 28.58, 28.446, 27.062, 25.998, 25.761, 24.727, 19.856, 13.516, 10.71, 8.694, 6.326, 4.726, 3.482, 2.041, 0.0, 2.076, 3.872, 6.395, 8.17, 9.249, 11.931, 17.184, 20.653, 21.096, 20.958, 21.343, 21.432, 20.886, 20.69, 21.095, 22.15, 23.302, 23.919, 24.43, 24.755, 24.594, 24.129, 23.665, 23.552, 23.548, 23.237, 23.7, 26.109, 27.338], [28.881, 28.925, 28.738, 28.627, 28.741, 28.817, 28.907, 29.063, 29.32, 29.511, 29.626, 29.728, 30.011, 30.205, 29.998, 30.057, 30.338, 30.275, 30.182, 30.14, 30.226, 30.047, 29.786, 29.895, 30.192, 30.693, 30.9, 30.19, 28.398, 27.715, 28.547, 28.546, 27.759, 28.001, 28.223, 28.065, 27.841, 27.627, 27.922, 28.537, 28.681, 28.77, 28.895, 28.772, 27.459, 26.44, 26.21, 25.207, 20.507, 14.146, 11.022, 9.011, 6.879, 5.539, 4.608, 3.648, 2.076, 0.0, 2.244, 5.206, 7.078, 8.144, 10.951, 16.304, 19.799, 20.239, 20.102, 20.506, 20.619, 20.125, 20.001, 20.479, 21.553, 22.692, 23.331, 23.858, 24.185, 24.043, 23.603, 23.169, 23.069, 23.062, 22.797, 23.455, 26.064, 27.392], [29.498, 29.554, 29.371, 29.265, 29.387, 29.472, 29.564, 29.724, 29.979, 30.165, 30.293, 30.411, 30.697, 30.884, 30.67, 30.71, 30.94, 30.835, 30.737, 30.708, 30.827, 30.679, 30.434, 30.525, 30.807, 31.353, 31.651, 30.979, 29.261, 28.671, 29.487, 29.415, 28.603, 28.788, 28.963, 28.808, 28.58, 28.359, 28.619, 29.219, 29.364, 29.446, 29.569, 29.454, 28.197, 27.212, 26.976, 26.0, 21.434, 14.863, 11.187, 9.101, 7.325, 6.346, 5.69, 5.036, 3.872, 2.244, 0.0, 3.234, 5.216, 6.411, 9.61, 15.176, 18.696, 19.145, 19.005, 19.388, 19.513, 19.117, 19.142, 19.746, 20.853, 21.97, 22.635, 23.178, 23.497, 23.37, 22.983, 22.635, 22.568, 22.56, 22.391, 23.463, 26.445, 27.92], [30.839, 30.91, 30.738, 30.644, 30.773, 30.866, 30.965, 31.133, 31.382, 31.555, 31.689, 31.822, 32.11, 32.277, 32.048, 32.055, 32.193, 32.025, 31.93, 31.929, 32.093, 31.985, 31.754, 31.806, 32.058, 32.683, 33.132, 32.51, 30.891, 30.44, 31.208, 31.006, 30.157, 30.256, 30.366, 30.211, 29.976, 29.749, 29.953, 30.527, 30.675, 30.753, 30.881, 30.781, 29.614, 28.69, 28.452, 27.53, 23.184, 16.318, 11.822, 9.62, 8.485, 8.071, 7.721, 7.282, 6.395, 5.206, 3.234, 0.0, 2.268, 3.986, 7.868, 13.613, 17.13, 17.631, 17.507, 17.829, 17.96, 17.747, 18.034, 18.839, 19.987, 21.058, 21.752, 22.312, 22.617, 22.517, 22.263, 22