[[0.0, 2.201, 3.068, 4.06, 6.66, 8.928, 10.003, 10.341, 10.655, 11.307, 12.007, 13.077, 15.666, 17.508, 18.305, 17.427, 17.341, 18.254, 19.009, 19.31, 19.61, 19.743, 20.627, 20.977, 20.699, 21.233, 22.774, 23.677, 23.549, 24.69, 24.347, 23.437, 23.688, 24.293, 24.462, 25.418, 26.105, 25.872, 23.563, 22.121, 22.372, 22.127, 21.899, 21.893, 21.971, 22.63, 22.944, 22.906, 23.185, 23.219, 23.295, 23.652, 23.686, 23.725, 23.56, 23.441, 23.596, 23.806, 23.635, 23.401, 23.178, 23.243, 23.262, 22.874, 22.68, 22.744, 22.742, 22.688, 22.563, 22.193, 21.953, 21.809, 21.396, 21.419, 21.478, 20.712, 20.409, 20.948, 21.358, 21.425, 21.223, 21.194, 21.25, 21.345, 21.22, 20.948], [2.201, 0.0, 1.408, 2.865, 6.075, 8.608, 9.736, 10.1, 10.356, 10.963, 11.679, 12.816, 15.414, 17.205, 17.973, 17.057, 17.041, 18.038, 18.811, 19.112, 19.415, 19.541, 20.439, 20.786, 20.513, 21.074, 22.617, 23.524, 23.433, 24.595, 24.226, 23.313, 23.561, 24.161, 24.393, 25.44, 26.162, 25.942, 23.605, 22.099, 22.337, 22.114, 21.909, 21.904, 21.964, 22.62, 22.923, 22.854, 23.128, 23.166, 23.242, 23.608, 23.644, 23.681, 23.516, 23.398, 23.565, 23.787, 23.619, 23.389, 23.163, 23.215, 23.224, 22.829, 22.632, 22.686, 22.667, 22.602, 22.468, 22.088, 21.847, 21.696, 21.271, 21.307, 21.379, 20.616, 20.316, 20.874, 21.307, 21.374, 21.177, 21.156, 21.198, 21.291, 21.175, 20.906], [3.068, 1.408, 0.0, 2.084, 5.672, 8.371, 9.525, 9.921, 10.171, 10.735, 11.46, 12.685, 15.359, 17.161, 17.925, 16.972, 16.941, 17.96, 18.748, 19.052, 19.333, 19.444, 20.348, 20.686, 20.396, 20.949, 22.498, 23.408, 23.32, 24.496, 24.101, 23.154, 23.392, 23.987, 24.226, 25.311, 26.055, 25.835, 23.449, 21.907, 22.161, 21.936, 21.719, 21.715, 21.765, 22.433, 22.754, 22.688, 22.969, 23.012, 23.091, 23.469, 23.506, 23.542, 23.369, 23.239, 23.421, 23.667, 23.509, 23.279, 23.051, 23.107, 23.113, 22.704, 22.499, 22.546, 22.518, 22.448, 22.308, 21.916, 21.67, 21.513, 21.077, 21.135, 21.231, 20.464, 20.154, 20.719, 21.173, 21.251, 21.055, 21.044, 21.106, 21.21, 21.089, 20.809], [4.06, 2.865, 2.084, 0.0, 4.202, 7.379, 8.588, 9.031, 9.294, 9.901, 10.684, 12.053, 14.906, 16.75, 17.52, 16.543, 16.576, 17.692, 18.512, 18.809, 19.071, 19.21, 20.147, 20.48, 20.179, 20.737, 22.271, 23.192, 23.125, 24.337, 23.912, 22.897, 23.129, 23.752, 24.009, 25.102, 25.865, 25.666, 23.299, 21.825, 22.095, 21.823, 21.575, 21.553, 21.582, 22.254, 22.587, 22.505, 22.782, 22.829, 22.912, 23.309, 23.346, 23.381, 23.19, 23.037, 23.244, 23.551, 23.416, 23.196, 22.981, 23.052, 23.066, 22.646, 22.427, 22.475, 22.449, 22.374, 22.225, 21.828, 21.584, 21.426, 20.984, 21.061, 21.187, 20.428, 20.092, 20.656, 21.127, 21.223, 21.034, 21.019, 21.091, 21.202, 21.075, 20.786], [6.66, 6.075, 5.672, 4.202, 0.0, 4.117, 5.924, 6.556, 6.834, 7.538, 8.37, 10.136, 13.572, 15.541, 16.332, 15.378, 15.587, 16.878, 17.723, 18.006, 18.302, 18.539, 19.521, 19.87, 19.539, 20.119, 21.656, 22.672, 22.675, 23.962, 23.464, 22.247, 22.42, 23.072, 23.431, 24.635, 25.438, 25.32, 23.274, 22.231, 22.546, 22.202, 21.869, 21.79, 21.801, 22.474, 22.78, 22.6, 22.832, 22.883, 22.957, 23.361, 23.398, 23.427, 23.221, 23.055, 23.266, 23.623, 23.525, 23.317, 23.109, 23.173, 23.182, 22.761, 22.54, 22.588, 22.564, 22.48, 22.287, 21.862, 21.615, 21.458, 21.013, 21.094, 21.287, 20.607, 20.282, 20.871, 21.336, 21.413, 21.228, 21.221, 21.298, 21.399, 21.28, 20.998], [8.928, 8.608, 8.371, 7.379, 4.117, 0.0, 2.788, 3.93, 4.305, 5.249, 6.111, 7.978, 11.74, 13.759, 14.558, 13.749, 14.379, 15.874, 16.682, 16.94, 17.257, 17.537, 18.523, 18.842, 18.474, 19.035, 20.516, 21.597, 21.696, 23.008, 22.49, 21.23, 21.391, 22.069, 22.581, 23.91, 24.755, 24.687, 23.141, 22.81, 23.266, 22.982, 22.667, 22.561, 22.6, 23.345, 23.634, 23.322, 23.474, 23.522, 23.565, 23.919, 23.951, 23.971, 23.786, 23.661, 23.801, 24.084, 23.994, 23.786, 23.557, 23.562, 23.53, 23.15, 22.975, 23.031, 23.022, 22.937, 22.719, 22.298, 22.059, 21.92, 21.511, 21.593, 21.818, 21.231, 20.986, 21.619, 22.02, 22.01, 21.79, 21.735, 21.743, 21.809, 21.739, 21.525], [10.003, 9.736, 9.525, 8.588, 5.924, 2.788, 0.0, 1.919, 3.006, 4.279, 5.266, 7.293, 11.19, 13.211, 14.027, 13.307, 14.125, 15.722, 16.53, 16.765, 17.023, 17.293, 18.298, 18.595, 18.223, 18.771, 20.173, 21.184, 21.303, 22.625, 22.124, 20.923, 21.131, 21.836, 22.386, 23.719, 24.561, 24.465, 23.012, 22.862, 23.389, 23.141, 22.843, 22.728, 22.777, 23.571, 23.897, 23.604, 23.762, 23.814, 23.847, 24.184, 24.214, 24.233, 24.055, 23.944, 24.075, 24.342, 24.248, 24.032, 23.8, 23.803, 23.762, 23.386, 23.212, 23.262, 23.259, 23.188, 22.99, 22.597, 22.368, 22.234, 21.845, 21.956, 22.191, 21.604, 21.36, 21.985, 22.351, 22.321, 22.1, 22.008, 21.99, 22.052, 21.989, 21.785], [10.341, 10.1, 9.921, 9.031, 6.556, 3.93, 1.919, 0.0, 1.954, 3.742, 4.851, 6.883, 10.804, 12.853, 13.697, 13.02, 13.959, 15.611, 16.409, 16.625, 16.863, 17.165, 18.2, 18.515, 18.178, 18.745, 20.129, 21.117, 21.253, 22.566, 22.101, 20.997, 21.276, 22.009, 22.58, 23.902, 24.733, 24.6, 23.172, 23.077, 23.607, 23.389, 23.117, 23.013, 23.093, 23.897, 24.208, 23.924, 24.083, 24.134, 24.164, 24.49, 24.519, 24.538, 24.367, 24.263, 24.377, 24.617, 24.507, 24.284, 24.048, 24.048, 24.008, 23.647, 23.479, 23.529, 23.53, 23.47, 23.294, 22.925, 22.698, 22.563, 22.181, 22.283, 22.504, 21.922, 21.674, 22.259, 22.581, 22.526, 22.298, 22.166, 22.111, 22.177, 22.129, 21.938], [10.655, 10.356, 10.171, 9.294, 6.834, 4.305, 3.006, 1.954, 0.0, 2.388, 3.817, 6.145, 10.306, 12.399, 13.248, 12.553, 13.562, 15.285, 16.094, 16.308, 16.592, 16.947, 17.99, 18.31, 17.974, 18.553, 19.966, 21.004, 21.159, 22.485, 22.037, 20.962, 21.271, 22.022, 22.614, 23.95, 24.791, 24.663, 23.287, 23.262, 23.79, 23.587, 23.352, 23.265, 23.335, 24.131, 24.422, 24.111, 24.257, 24.306, 24.336, 24.653, 24.681, 24.699, 24.534, 24.443, 24.548, 24.756, 24.633, 24.408, 24.173, 24.16, 24.114, 23.766, 23.615, 23.679, 23.684, 23.621, 23.445, 23.08, 22.856, 22.721, 22.337, 22.432, 22.654, 22.083, 21.833, 22.427, 22.754, 22.683, 22.455, 22.315, 22.226, 22.265, 22.226, 22.061], [11.307, 10.963, 10.735, 9.901, 7.538, 5.249, 4.279, 3.742, 2.388, 0.0, 1.878, 5.103, 9.69, 11.872, 12.746, 12.046, 13.15, 14.948, 15.782, 15.983, 16.272, 16.637, 17.693, 18.024, 17.694, 18.268, 19.698, 20.753, 20.909, 22.247, 21.775, 20.688, 21.003, 21.759, 22.373, 23.746, 24.617, 24.508, 23.222, 23.286, 23.817, 23.611, 23.386, 23.299, 23.363, 24.172, 24.469, 24.164, 24.312, 24.363, 24.396, 24.707, 24.732, 24.749, 24.588, 24.506, 24.613, 24.804, 24.67, 24.438, 24.189, 24.164, 24.11, 23.766, 23.628, 23.695, 23.702, 23.64, 23.464, 23.099, 22.872, 22.736, 22.351, 22.458, 22.7, 22.138, 21.885, 22.502, 22.848, 22.778, 22.561, 22.431, 22.325, 22.34, 22.3, 22.152], [12.007, 11.679, 11.46, 10.684, 8.37, 6.111, 5.266, 4.851, 3.817, 1.878, 0.0, 4.263, 9.21, 11.444, 12.325, 11.621, 12.797, 14.671, 15.517, 15.696, 15.987, 16.37, 17.422, 17.754, 17.429, 17.996, 19.417, 20.479, 20.642, 21.993, 21.496, 20.38, 20.697, 21.457, 22.095, 23.482, 24.367, 24.298, 23.171, 23.362, 23.885, 23.658, 23.429, 23.345, 23.423, 24.244, 24.542, 24.219, 24.357, 24.415, 24.44, 24.729, 24.746, 24.762, 24.602, 24.518, 24.61, 24.772, 24.629, 24.399, 24.143, 24.101, 24.035, 23.699, 23.573, 23.632, 23.634, 23.571, 23.394, 23.041, 22.824, 22.695, 22.316, 22.43, 22.699, 22.19, 21.984, 22.61, 22.94, 22.878, 22.694, 22.603, 22.513, 22.512, 22.475, 22.343], [13.077, 12.816, 12.685, 12.053, 10.136, 7.978, 7.293, 6.883, 6.145, 5.103, 4.263, 0.0, 5.304, 7.85, 8.883, 8.573, 10.723, 12.831, 13.609, 13.737, 13.925, 14.283, 15.385, 15.718, 15.473, 15.997, 17.256, 18.255, 18.462, 19.78, 19.343, 18.564, 19.137, 20.02, 20.875, 22.396, 23.328, 23.254, 22.578, 23.569, 24.336, 24.271, 24.192, 24.164, 24.368, 25.319, 25.562, 25.12, 25.194, 25.252, 25.252, 25.472, 25.475, 25.485, 25.357, 25.35, 25.377, 25.375, 25.139, 24.859, 24.538, 24.389, 24.261, 23.986, 23.926, 23.994, 24.004, 23.946, 23.793, 23.492, 23.301, 23.194, 22.842, 22.936, 23.219, 22.802, 22.702, 23.413, 23.709, 23.577, 23.378, 23.189, 22.939, 22.903, 22.945, 22.932], [15.666, 15.414, 15.359, 14.906, 13.572, 11.74, 11.19, 10.804, 10.306, 9.69, 9.21, 5.304, 0.0, 3.095, 4.546, 5.46, 9.384, 11.606, 12.148, 12.168, 12.153, 12.409, 13.496, 13.791, 13.703, 14.139, 15.021, 15.833, 16.112, 17.211, 16.905, 16.803, 17.702, 18.678, 19.828, 21.542, 22.541, 22.443, 22.372, 24.399, 25.492, 25.684, 25.829, 25.871, 26.231, 27.326, 27.525, 26.994, 26.998, 27.048, 27.031, 27.179, 27.174, 27.174, 27.086, 27.17, 27.137, 26.973, 26.655, 26.33, 25.946, 25.682, 25.49, 25.325, 25.356, 25.442, 25.478, 25.438, 25.34, 25.104, 24.933, 24.851, 24.559, 24.608, 24.836, 24.502, 24.504, 25.257, 25.491, 25.25, 25.004, 24.622, 24.125, 24.063, 24.213, 24.347], [17.508, 17.205, 17.161, 16.75, 15.541, 13.759, 13.211, 12.853, 12.399, 11.872, 11.444, 7.85, 3.095, 0.0, 1.979, 4.599, 9.451, 11.663, 12.043, 11.993, 11.959, 12.243, 13.258, 13.49, 13.436, 13.829, 14.506, 15.232, 15.595, 16.561, 16.295, 16.46, 17.436, 18.414, 19.706, 21.52, 22.551, 22.439, 22.672, 25.177, 26.397, 26.696, 26.953, 27.023, 27.426, 28.569, 28.785, 28.22, 28.191, 28.237, 28.212, 28.324, 28.313, 28.308, 28.232, 28.338, 28.272, 28.045, 27.706, 27.38, 26.983, 26.683, 26.479, 26.378, 26.459, 26.56, 26.609, 26.572, 26.486, 26.277, 26.115, 26.049, 25.791, 25.805, 25.995, 25.726, 25.806, 26.566, 26.755, 26.475, 26.22, 25.76, 25.167, 25.082, 25.264, 25.445], [18.305, 17.973, 17.925, 17.52, 16.332, 14.558, 14.027, 13.697, 13.248, 12.746, 12.325, 8.883, 4.546, 1.979, 0.0, 4.003, 9.451, 11.73, 12.049, 11.979, 11.965, 12.261, 13.243, 13.455, 13.403, 13.765, 14.363, 15.076, 15.492, 16.425, 16.175, 16.445, 17.462, 18.453, 19.805, 21.651, 22.692, 22.587, 22.981, 25.651, 26.881, 27.199, 27.485, 27.566, 27.982, 29.12, 29.325, 28.74, 28.69, 28.734, 28.704, 28.793, 28.778, 28.771, 28.704, 28.827, 28.749, 28.502, 28.166, 27.849, 27.456, 27.147, 26.94, 26.86, 26.96, 27.066, 27.115, 27.073, 26.984, 26.786, 26.631, 26.574, 26.323, 26.31, 26.488, 26.294, 26.467, 27.239, 27.397, 27.095, 26.838, 26.37, 25.756, 25.654, 25.849, 26.053], [17.427, 17.057, 16.972, 16.543, 15.378, 13.749, 13.307, 13.02, 12.553, 12.046, 11.621, 8.573, 5.46, 4.599, 4.003, 0.0, 6.117, 8.934, 9.486, 9.505, 9.624, 10.14, 11.422, 11.778, 11.708, 12.227, 13.194, 14.268, 14.716, 15.821, 15.527, 15.438, 16.339, 17.434, 18.831, 20.79, 21.882, 21.806, 22.024, 24.523, 25.78, 26.058, 26.324, 26.438, 26.845, 27.959, 28.212, 27.679, 27.634, 27.677, 27.652, 27.747, 27.725, 27.724, 27.653, 27.749, 27.638, 27.391, 27.096, 26.808, 26.436, 26.159, 25.971, 25.867, 25.942, 26.059, 26.097, 26.043, 25.939, 25.726, 25.561, 25.487, 25.191, 25.13, 25.28, 25.104, 25.331, 26.067, 26.217, 25.964, 25.745, 25.343, 24.786, 24.682, 24.85, 25.025], [17.341, 17.041, 16.941, 16.576, 15.587, 14.379, 14.125, 13.959, 13.562, 13.15, 12.797, 10.723, 9.384, 9.451, 9.451, 6.117, 0.0, 3.712, 5.043, 5.399, 5.953, 7.176, 9.008, 9.684, 9.667, 10.463, 12.155, 13.748, 14.086, 15.308, 15.071, 14.425, 14.977, 16.183, 17.552, 19.586, 20.697, 20.674, 20.634, 22.964, 24.368, 24.646, 24.887, 25.025, 25.41, 26.514, 26.871, 26.464, 26.462, 26.501, 26.491, 26.618, 26.593, 26.604, 26.517, 26.544, 26.378, 26.097, 25.83, 25.567, 25.208, 24.982, 24.844, 24.694, 24.709, 24.846, 24.88, 24.812, 24.693, 24.461, 24.275, 24.177, 23.841, 23.698, 23.768, 23.542, 23.786, 24.49, 24.695, 24.581, 24.435, 24.11, 23.627, 23.539, 23.651, 23.764], [18.254, 18.038, 17.96, 17.692, 16.878, 15.874, 15.722, 15.611, 15.285, 14.948, 14.671, 12.831, 11.606, 11.663, 11.73, 8.934, 3.712, 0.0, 2.076, 2.961, 4.086, 5.753, 7.694, 8.543, 8.67, 9.537, 11.526, 13.311, 13.616, 14.805, 14.658, 13.996, 14.441, 15.663, 16.989, 19.01, 20.113, 20.085, 20.1, 22.633, 24.208, 24.574, 24.827, 24.962, 25.356, 26.494, 26.901, 26.548, 26.56, 26.593, 26.591, 26.719, 26.694, 26.71, 26.62, 26.626, 26.436, 26.112, 25.821, 25.547, 25.172, 24.948, 24.822, 24.672, 24.674, 24.823, 24.865, 24.799, 24.69, 24.471, 24.281, 24.183, 23.844, 23.622, 23.612, 23.382, 23.683, 24.409, 24.647, 24.579, 24.436, 24.092, 23.594, 23.532, 23.661, 23.788], [19.009, 18.811, 18.748, 18.512, 17.723, 16.682, 16.53, 16.409, 16.094, 15.782, 15.517, 13.609, 12.148, 12.043, 12.049, 9.486, 5.043, 2.076, 0.0, 1.553, 3.314, 5.164, 7.139, 8.034, 8.272, 9.171, 11.167, 13.001, 13.396, 14.548, 14.411, 13.872, 14.358, 15.594, 16.944, 18.956, 20.059, 20.029, 20.253, 23.05, 24.69, 25.117, 25.396, 25.529, 25.941, 27.101, 27.513, 27.141, 27.138, 27.171, 27.165, 27.278, 27.253, 27.267, 27.18, 27.187, 26.985, 26.652, 26.361, 26.088, 25.707, 25.463, 25.329, 25.198, 25.215, 25.358, 25.398, 25.336, 25.231, 25.017, 24.826, 24.73, 24.405, 24.16, 24.127, 23.935, 24.277, 24.99, 25.196, 25.096, 24.937, 24.561, 24.038, 23.989, 24.154, 24.315], [19.31, 19.112, 19.052, 18.809, 18.006, 16.94, 16.765, 16.625, 16.308, 15.983, 15.696, 13.737, 12.168, 11.993, 11.979, 9.505, 5.399, 2.961, 1.553, 0.0, 2.449, 4.71, 6.741, 7.661, 7.945, 8.848, 10.81, 12.649, 13.056, 14.21, 14.094, 13.634, 14.199, 15.458, 16.849, 18.91, 20.029, 20.019, 20.367, 23.242, 24.88, 25.305, 25.586, 25.714, 26.131, 27.3, 27.695, 27.31, 27.308, 27.341, 27.336, 27.449, 27.425, 27.437, 27.35, 27.36, 27.173, 26.859, 26.579, 26.31, 25.93, 25.682, 25.544, 25.42, 25.439, 25.575, 25.609, 25.547, 25.449, 25.24, 25.05, 24.953, 24.631, 24.383, 24.348, 24.166, 24.505, 25.199, 25.395, 25.298, 25.139, 24.762, 24.237, 24.191, 24.355, 24.51], [19.61, 19.415, 19.333, 19.071, 18.302, 17.257, 17.023, 16.863, 16.592, 16.272, 15.987, 13.925, 12.153, 11.959, 11.965, 9.624, 5.953, 4.086, 3.314, 2.449, 0.0, 3.162, 5.821, 6.799, 7.147, 8.001, 9.809, 11.543, 11.931, 13.106, 13.083, 12.813, 13.537, 14.899, 16.441, 18.601, 19.756, 19.735, 20.173, 23.166, 24.852, 25.294, 25.591, 25.724, 26.155, 27.343, 27.731, 27.372, 27.385, 27.416, 27.412, 27.522, 27.498, 27.511, 27.429, 27.452, 27.275, 26.961, 26.676, 26.393, 25.994, 25.727, 25.572, 25.451, 25.47, 25.595, 25.63, 25.579, 25.499, 25.299, 25.109, 25.012, 24.696, 24.464, 24.447, 24.264, 24.595, 25.303, 25.517, 25.43, 25.274, 24.883, 24.344, 24.308, 24.48, 24.641], [19.743, 19.541, 19.444, 19.21, 18.539, 17.537, 17.293, 17.165, 16.947, 16.637, 16.37, 14.283, 12.409, 12.243, 12.261, 10.14, 7.176, 5.753, 5.164, 4.71, 3.162, 0.0, 3.577, 4.994, 5.451, 6.402, 8.482, 10.266, 10.647, 11.976, 12.099, 12.101, 12.934, 14.32, 15.876, 18.032, 19.178, 19.184, 19.703, 22.79, 24.542, 25.015, 25.324, 25.459, 25.891, 27.105, 27.51, 27.179, 27.189, 27.214, 27.206, 27.301, 27.276, 27.288, 27.21, 27.236, 27.062, 26.759, 26.485, 26.212, 25.812, 25.525, 25.341, 25.207, 25.222, 25.333, 25.37, 25.332, 25.271, 25.077, 24.886, 24.787, 24.495, 24.314, 24.334, 24.183, 24.535, 25.235, 25.449, 25.381, 25.25, 24.901, 24.419, 24.398, 24.57, 24.733], [20.627, 20.439, 20.348, 20.147, 19.521, 18.523, 18.298, 18.2, 17.99, 17.693, 17.422, 15.385, 13.496, 13.258, 13.243, 11.422, 9.008, 7.694, 7.139, 6.741, 5.821, 3.577, 0.0, 2.281, 3.364, 4.66, 7.216, 9.262, 9.623, 10.997, 11.242, 11.304, 12.186, 13.634, 15.193, 17.301, 18.416, 18.484, 19.309, 22.762, 24.641, 25.188, 25.55, 25.698, 26.143, 27.394, 27.829, 27.491, 27.478, 27.498, 27.482, 27.555, 27.521, 27.533, 27.451, 27.453, 27.272, 26.969, 26.708, 26.459, 26.075, 25.773, 25.575, 25.46, 25.486, 25.594, 25.642, 25.612, 25.563, 25.393, 25.215, 25.131, 24.884, 24.736, 24.788, 24.696, 25.066, 25.725, 25.887, 25.81, 25.685, 25.348, 24.899, 24.885, 25.065, 25.244], [20.977, 20.786, 20.686, 20.48, 19.87, 18.842, 18.595, 18.515, 18.31, 18.024, 17.754, 15.718, 13.791, 13.49, 13.455, 11.778, 9.684, 8.543, 8.034, 7.661, 6.799, 4.994, 2.281, 0.0, 1.976, 3.72, 6.289, 8.368, 8.873, 10.289, 10.479, 10.52, 11.498, 13.062, 14.716, 16.876, 18.023, 18.106, 19.093, 22.762, 24.701, 25.285, 25.68, 25.833, 26.266, 27.532, 28.002, 27.673, 27.668, 27.691, 27.673, 27.745, 27.711, 27.724, 27.64, 27.621, 27.448, 27.177, 26.924, 26.679, 26.299, 26.0, 25.806, 25.706, 25.741, 25.849, 25.902, 25.872, 25.822, 25.666, 25.496, 25.416, 25.17, 25.015, 25.068, 24.982, 25.343, 25.979, 26.108, 26.006, 25.864, 25.517, 25.08, 25.087, 25.276, 25.455], [20.699, 20.513, 20.396, 20.179, 19.539, 18.474, 18.223, 18.178, 17.974, 17.694, 17.429, 15.473, 13.703, 13.436, 13.403, 11.708, 9.667, 8.67, 8.272, 7.945, 7.147, 5.451, 3.364, 1.976, 0.0, 2.404, 5.603, 7.936, 8.469, 10.029, 10.19, 10.08, 10.981, 12.487, 14.102, 16.306, 17.471, 17.577, 18.569, 22.28, 24.259, 24.825, 25.205, 25.354, 25.772, 27.062, 27.579, 27.278, 27.289, 27.313, 27.3, 27.378, 27.341, 27.355, 27.268, 27.237, 27.073, 26.816, 26.557, 26.302, 25.923, 25.632, 25.433, 25.315, 25.344, 25.457, 25.508, 25.473, 25.428, 25.282, 25.119, 25.034, 24.775, 24.629, 24.685, 24.564, 24.922, 25.584, 25.731, 25.648, 25.504, 25.172, 24.776, 24.789, 24.952, 25.105], [21.233, 21.074, 20.949, 20.737, 20.119, 19.035, 18.771, 18.745, 18.553, 18.268, 17.996, 15.997, 14.139, 13.829, 13.765, 12.227, 10.463, 9.537, 9.171, 8.848, 8.001, 6.402, 4.66, 3.72, 2.404, 0.0, 4.061, 6.797, 7.335, 9.024, 9.337, 9.553, 10.563, 11.916, 13.458, 15.668, 16.848, 17.03, 18.32, 22.29, 24.341, 24.923, 25.324, 25.477, 25.916, 27.25, 27.749, 27.433, 27.445, 27.471, 27.46, 27.527, 27.484, 27.497, 27.415, 27.405, 27.255, 26.979, 26.699, 26.42, 26.018, 25.697, 25.473, 25.358, 25.387, 25.489, 25.536, 25.501, 25.47, 25.347, 25.194, 25.112, 24.859, 24.728, 24.8, 24.687, 25.075, 25.786, 25.962, 25.879, 25.716, 25.37, 24.972, 24.98, 25.15, 25.316], [22.774, 22.617, 22.498, 22.271, 21.656, 20.516, 20.173, 20.129, 19.966, 19.698, 19.417, 17.256, 15.021, 14.506, 14.363, 13.194, 12.155, 11.526, 11.167, 10.81, 9.809, 8.482, 7.216, 6.289, 5.603, 4.061, 0.0, 3.459, 4.797, 6.926, 7.595, 8.489, 10.036, 11.409, 13.216, 15.599, 16.846, 17.09, 18.94, 23.336, 25.425, 26.066, 26.52, 26.671, 27.184, 28.518, 28.869, 28.475, 28.469, 28.498, 28.48, 28.527, 28.483, 28.487, 28.421, 28.48, 28.389, 28.13, 27.851, 27.564, 27.165, 26.824, 26.58, 26.505, 26.561, 26.642, 26.681, 26.649, 26.631, 26.532, 26.397, 26.32, 26.073, 25.935, 26.003, 25.904, 26.262, 26.959, 27.09, 26.932, 26.732, 26.332, 25.888, 25.912, 26.117, 26.317], [23.677, 23.524, 23.408, 23.192, 22.672, 21.597, 21.184, 21.117, 21.004, 20.753, 20.479, 18.255, 15.833, 15.232, 15.076, 14.268, 13.748, 13.311, 13.001, 12.649, 11.543, 10.266, 9.262, 8.368, 7.936, 6.797, 3.459, 0.0, 2.784, 5.402, 6.423, 8.211, 10.207, 11.67, 13.545, 15.944, 17.184, 17.397, 19.369, 23.797, 25.863, 26.537, 27.02, 27.17, 27.733, 29.068, 29.374, 29.016, 29.036, 29.067, 29.046, 29.076, 29.035, 29.036, 28.98, 29.079, 29.04, 28.786, 28.488, 28.185, 27.788, 27.465, 27.226, 27.166, 27.235, 27.299, 27.338, 27.324, 27.328, 27.236, 27.101, 27.029, 26.803, 26.692, 26.765, 26.672, 27.004, 27.676, 27.771, 27.563, 27.344, 26.903, 26.449, 26.515, 26.738, 26.942], [23.549, 23.433, 23.32, 23.125, 22.675, 21.696, 21.303, 21.253, 21.159, 20.909, 20.642, 18.462, 16.112, 15.595, 15.492, 14.716, 14.086, 13.616, 13.396, 13.056, 11.931, 10.647, 9.623, 8.873, 8.469, 7.335, 4.797, 2.784, 0.0, 3.611, 5.583, 7.925, 9.997, 11.388, 13.092, 15.392, 16.586, 16.818, 18.788, 23.234, 25.344, 26.028, 26.529, 26.696, 27.287, 28.635, 28.932, 28.626, 28.685, 28.722, 28.702, 28.734, 28.692, 28.693, 28.647, 28.776, 28.773, 28.495, 28.152, 27.824, 27.405, 27.076, 26.84, 26.778, 26.83, 26.876, 26.919, 26.922, 26.948, 26.859, 26.72, 26.655, 26.461, 26.399, 26.493, 26.379, 26.727, 27.445, 27.587, 27.403, 27.182, 26.733, 26.279, 26.34, 26.534, 26.718], [24.69, 24.595, 24.496, 24.337, 23.962, 23.008, 22.625, 22.566, 22.485, 22.247, 21.993, 19.78, 17.211, 16.561, 16.425, 15.821, 15.308, 14.805, 14.548, 14.21, 13.106, 11.976, 10.997, 10.289, 10.029, 9.024, 6.926, 5.402, 3.611, 0.0, 3.948, 7.634, 9.663, 10.952, 12.66, 14.88, 16.068, 16.268, 18.584, 23.542, 25.812, 26.596, 27.174, 27.383, 28.048, 29.426, 29.695, 29.368, 29.418, 29.453, 29.425, 29.434, 29.389, 29.386, 29.364, 29.551, 29.543, 29.184, 28.798, 28.457, 28.024, 27.664, 27.416, 27.423, 27.523, 27.574, 27.637, 27.661, 27.721, 27.657, 27.518, 27.472, 27.335, 27.308, 27.397, 27.286, 27.644, 28.374, 28.523, 28.319, 28.068, 27.532, 26.986, 27.041, 27.265, 27.505], [24.347, 24.226, 24.101, 23.912, 23.464, 22.49, 22.124, 22.101, 22.037, 21.775, 21.496, 19.343, 16.905, 16.295, 16.175, 15.527, 15.071, 14.658, 14.411, 14.094, 13.083, 12.099, 11.242, 10.479, 10.19, 9.337, 7.595, 6.423, 5.583, 3.948, 0.0, 4.909, 7.509, 9.161, 11.355, 14.013, 15.437, 15.669, 17.95, 22.932, 25.244, 26.062, 26.637, 26.842, 27.498, 28.937, 29.297, 28.98, 29.04, 29.084, 29.053, 29.076, 29.028, 29.027, 28.98, 29.101, 29.044, 28.728, 28.385, 28.056, 27.631, 27.295, 27.067, 27.079, 27.201, 27.272, 27.332, 27.348, 27.384, 27.297, 27.147, 27.096, 26.95, 26.948, 27.082, 26.965, 27.253, 27.943, 28.105, 27.926, 27.671, 27.123, 26.601, 26.714, 26.976, 27.221], [23.437, 23.313, 23.154, 22.897, 22.247, 21.23, 20.923, 20.997, 20.962, 20.688, 20.38, 18.564, 16.803, 16.46, 16.445, 15.438, 14.425, 13.996, 13.872, 13.634, 12.813, 12.101, 11.304, 10.52, 10.08, 9.553, 8.489, 8.211, 7.925, 7.634, 4.909, 0.0, 3.607, 6.488, 9.542, 12.79, 14.423, 14.67, 16.604, 21.51, 23.902, 24.711, 25.233, 25.418, 26.02, 27.49, 27.981, 27.674, 27.726, 27.776, 27.743, 27.793, 27.735, 27.738, 27.649, 27.662, 27.574, 27.365, 27.131, 26.858, 26.477, 26.202, 26.018, 25.992, 26.1, 26.215, 26.276, 26.259, 26.231, 26.115, 25.963, 25.902, 25.735, 25.732, 25.895, 25.747, 25.952, 26.597, 26.775, 26.666, 26.468, 26.022, 25.603, 25.744, 25.965, 26.156], [23.688, 23.561, 23.392, 23.129, 22.42, 21.391, 21.131, 21.276, 21.271, 21.003, 20.697, 19.137, 17.702, 17.436, 17.462, 16.339, 14.977, 14.441, 14.358, 14.199, 13.537, 12.934, 12.186, 11.498, 10.981, 10.563, 10.036, 10.207, 9.997, 9.663, 7.509, 3.607, 0.0, 4.069, 7.858, 11.56, 13.352, 13.672, 15.639, 20.78, 23.334, 24.196, 24.73, 24.914, 25.499, 26.991, 27.572, 27.271, 27.292, 27.337, 27.302, 27.352, 27.288, 27.292, 27.191, 27.163, 27.055, 26.872, 26.69, 26.459, 26.105, 25.85, 25.673, 25.639, 25.752, 25.902, 25.981, 25.957, 25.904, 25.772, 25.617, 25.554, 25.401, 25.412, 25.584, 25.441, 25.636, 26.277, 26.481, 26.413, 26.257, 25.872, 25.507, 25.643, 25.825, 25.997], [24.293, 24.161, 23.987, 23.752, 23.072, 22.069, 21.836, 22.009, 22.022, 21.759, 21.457, 20.02, 18.678, 18.414, 18.453, 17.434, 16.183, 15.663, 15.594, 15.458, 14.899, 14.32, 13.634, 13.062, 12.487, 11.916, 11.409, 11.67, 11.388, 10.952, 9.161, 6.488, 4.069, 0.0, 4.902, 9.678, 11.796, 12.351, 14.804, 20.369, 23.067, 23.983, 24.575, 24.767, 25.335, 26.848, 27.446, 27.159, 27.175, 27.218, 27.183, 27.212, 27.142, 27.148, 27.06, 27.046, 26.943, 26.742, 26.535, 26.296, 25.947, 25.668, 25.446, 25.399, 25.529, 25.681, 25.756, 25.745, 25.721, 25.611, 25.472, 25.416, 25.282, 25.325, 25.51, 25.368, 25.585, 26.277, 26.532, 26.474, 26.319, 25.966, 25.645, 25.774, 25.936, 26.112], [24.462, 24.393, 24.226, 24.009, 23.431, 22.581, 22.386, 22.58, 22.614, 22.373, 22.095, 20.875, 19.828, 19.706, 19.805, 18.831, 17.552, 16.989, 16.944, 16.849, 16.441, 15.876, 15.193, 14.716, 14.102, 13.458, 13.216, 13.545, 13.092, 12.66, 11.355, 9.542, 7.858, 4.902, 0.0, 5.772, 8.373, 9.341, 12.779, 19.257, 22.23, 23.218, 23.918, 24.149, 24.691, 26.158, 26.844, 26.668, 26.702, 26.743, 26.715, 26.709, 26.624, 26.635, 26.579, 26.597, 26.489, 26.204, 25.929, 25.676, 25.355, 25.062, 24.78, 24.709, 24.849, 24.991, 25.061, 25.074, 25.149, 25.14, 25.043, 25.007, 24.912, 25.005, 25.2, 25.043, 25.297, 26.039, 26.315, 26.258, 26.121, 25.796, 25.554, 25.695, 25.861, 26.064], [25.418, 25.44, 25.311, 25.102, 24.635, 23.91, 23.719, 23.902, 23.95, 23.746, 23.482, 22.396, 21.542, 21.52, 21.651, 20.79, 19.586, 19.01, 18.956, 18.91, 18.601, 18.032, 17.301, 16.876, 16.306, 15.668, 15.599, 15.944, 15.392, 14.88, 14.013, 12.79, 11.56, 9.678, 5.772, 0.0, 3.304, 5.233, 11.01, 18.969, 22.165, 23.209, 24.031, 24.305, 24.872, 26.21, 26.906, 26.852, 26.905, 26.947, 26.91, 26.849, 26.746, 26.761, 26.746, 26.818, 26.731, 26.33, 25.969, 25.715, 25.445, 25.132, 24.797, 24.741, 24.887, 25.011, 25.108, 25.159, 25.348, 25.502, 25.486, 25.498, 25.495, 25.662, 25.882, 25.776, 26.117, 26.871, 27.104, 27.046, 26.943, 26.61, 26.407, 26.547, 26.74, 27.0], [26.105, 26.162, 26.055, 25.865, 25.438, 24.755, 24.561, 24.733, 24.791, 24.617, 24.367, 23.328, 22.541, 22.551, 22.692, 21.882, 20.697, 20.113, 20.059, 20.029, 19.756, 19.178, 18.416, 18.023, 17.471, 16.848, 16.846, 17.184, 16.586, 16.068, 15.437, 14.423, 13.352, 11.796, 8.373, 3.304, 0.0, 3.504, 10.723, 19.185, 22.456, 23.487, 24.328, 24.614, 25.182, 26.464, 27.163, 27.168, 27.229, 27.272, 27.224, 27.134, 27.022, 27.041, 27.04, 27.115, 27.025, 26.552, 26.14, 25.874, 25.622, 25.3, 24.951, 24.917, 25.057, 25.174, 25.297, 25.365, 25.576, 25.775, 25.801, 25.85, 25.906, 26.117, 26.357, 26.3, 26.7, 27.454, 27.682, 27.652, 27.576, 27.248, 27.059, 27.191, 27.387, 27.664], [25.872, 25.942, 25.835, 25.666, 25.32, 24.687, 24.465, 24.6, 24.663, 24.508, 24.298, 23.254, 22.443, 22.439, 22.587, 21.806, 20.674, 20.085, 20.029, 20.019, 19.735, 19.184, 18.484, 18.106, 17.577, 17.03, 17.09, 17.397, 16.818, 16.268, 15.669, 14.67, 13.672, 12.351, 9.341, 5.233, 3.504, 0.0, 8.615, 18.198, 21.742, 22.879, 23.813, 24.143, 24.751, 26.109, 26.883, 26.939, 27.016, 27.059, 27.004, 26.897, 26.784, 26.805, 26.823, 26.922, 26.781, 26.197, 25.747, 25.473, 25.219, 24.903, 24.566, 24.574, 24.748, 24.896, 25.056, 25.15, 25.392, 25.605, 25.62, 25.686, 25.782, 26.014, 26.237, 26.143, 26.521, 27.276, 27.522, 27.501, 27.411, 27.007, 26.715, 26.816, 27.03, 27.354], [23.563, 23.605, 23.449, 23.299, 23.274, 23.141, 23.012, 23.172, 23.287, 23.222, 23.171, 22.578, 22.372, 22.672, 22.981, 22.024, 20.634, 20.1, 20.253, 20.367, 20.173, 19.703, 19.309, 19.093, 18.569, 18.32, 18.94, 19.369, 18.788, 18.584, 17.95, 16.604, 15.639, 14.804, 12.779, 11.01, 10.723, 8.615, 0.0, 11.546, 16.215, 17.798, 19.092, 19.587, 20.272, 21.953, 23.138, 23.483, 23.669, 23.73, 23.701, 23.637, 23.538, 23.577, 23.603, 23.715, 23.499, 22.809, 22.363, 22.092, 21.858, 21.656, 21.406, 21.397, 21.592, 21.845, 22.073, 22.225, 22.571, 22.869, 22.886, 22.946, 23.119, 23.548, 23.801, 23.396, 23.405, 24.081, 24.551, 24.768, 24.699, 24.282, 23.987, 24.073, 24.2, 24.472], [22.121, 22.099, 21.907, 21.825, 22.231, 22.81, 22.862, 23.077, 23.262, 23.286, 23.362, 23.569, 24.399, 25.177, 25.651, 24.523, 22.964, 22.633, 23.05, 23.242, 23.166, 22.79, 22.762, 22.762, 22.28, 22.29, 23.336, 23.797, 23.234, 23.542, 22.932, 21.51, 20.78, 20.369, 19.257, 18.969, 19.185, 18.198, 11.546, 0.0, 6.68, 9.932, 12.296, 13.182, 13.887, 16.059, 18.051, 19.273, 19.753, 19.824, 19.916, 20.024, 19.97, 20.039, 20.054, 20.109, 19.984, 19.514, 19.187, 18.913, 18.729, 18.812, 18.874, 18.853, 18.946, 19.259, 19.517, 19.761, 20.24, 20.517, 20.5, 20.519, 20.802, 21.574, 21.909, 21.13, 20.467, 20.722, 21.443, 22.024, 22.012, 21.789, 21.801, 21.966, 21.888, 21.874], [22.372, 22.337, 22.161, 22.095, 22.546, 23.266, 23.389, 23.607, 23.79, 23.817, 23.885, 24.336, 25.492, 26.397, 26.881, 25.78, 24.368, 24.208, 24.69, 24.88, 24.852, 24.542, 24.641, 24.701, 24.259, 24.341, 25.425, 25.863, 25.344, 25.812, 25.244, 23.902, 23.334, 23.067, 22.23, 22.165, 22.456, 21.742, 16.215, 6.68, 0.0, 5.237, 9.042, 10.21, 11.077, 13.736, 16.086, 17.723, 18.376, 18.441, 18.624, 18.813, 18.773, 18.842, 18.868, 18.913, 18.862, 18.623, 18.481, 18.288, 18.163, 18.4, 18.661, 18.698, 18.754, 19.065, 19.341, 19.633, 20.162, 20.426, 20.398, 20.42, 20.708, 21.574, 22.027, 21.377, 20.676, 20.753, 21.441, 22.058, 22.107, 22.008, 22.161, 22.367, 22.247, 22.115], [22.127, 22.114, 21.936, 21.823, 22.202, 22.982, 23.141, 23.389, 23.587, 23.611, 23.658, 24.271, 25.684, 26.696, 27.199, 26.058, 24.646, 24.574, 25.117, 25.305, 25.294, 25.015, 25.188, 25.285, 24.825, 24.923, 26.066, 26.537, 26.028, 26.596, 26.062, 24.711, 24.196, 23.983, 23.218, 23.209, 23.487, 22.879, 17.798, 9.932, 5.237, 0.0, 4.83, 6.383, 8.036, 11.432, 13.95, 15.747, 16.518, 16.609, 16.832, 17.075, 17.029, 17.099, 17.125, 17.222, 17.233, 17.138, 17.16, 17.055, 17.028, 17.398, 17.71, 17.671, 17.687, 18.013, 18.319, 18.631, 19.154, 19.432, 19.441, 19.481, 19.725, 20.616, 21.186, 20.729, 20.259, 20.405, 21.121, 21.84, 22.011, 22.09, 22.387, 22.601, 22.427, 22.207], [21.899, 21.909, 21.719, 21.575, 21.869, 22.667, 22.843, 23.117, 23.352, 23.386, 23.429, 24.192, 25.829, 26.953, 27.485, 26.324, 24.887, 24.827, 25.396, 25.586, 25.591, 25.324, 25.55, 25.68, 25.205, 25.324, 26.52, 27.02, 26.529, 27.174, 26.637, 25.233, 24.73, 24.575, 23.918, 24.031, 24.328, 23.813, 19.092, 12.296, 9.042, 4.83, 0.0, 2.457, 5.872, 9.757, 12.29, 14.255, 15.103, 15.218, 15.461, 15.77, 15.741, 15.813, 15.802, 15.96, 16.094, 16.151, 16.339, 16.301, 16.346, 16.84, 17.141, 16.952, 16.9, 17.234, 17.562, 17.88, 18.334, 18.544, 18.553, 18.579, 18.75, 19.62, 20.223, 19.899, 19.671, 19.921, 20.696, 21.529, 21.765, 21.955, 22.373, 22.623, 22.406, 22.111], [21.893, 21.904, 21.715, 21.553, 21.79, 22.561, 22.728, 23.013, 23.265, 23.299, 23.345, 24.164, 25.871, 27.023, 27.566, 26.438, 25.025, 24.962, 25.529, 25.714, 25.724, 25.459, 25.698, 25.833, 25.354, 25.477, 26.671, 27.17, 26.696, 27.383, 26.842, 25.418, 24.914, 24.767, 24.149, 24.305, 24.614, 24.143, 19.587, 13.182, 10.21, 6.383, 2.457, 0.0, 4.962, 9.318, 11.919, 13.926, 14.831, 14.952, 15.217, 15.604, 15.595, 15.665, 15.603, 15.706, 15.925, 16.151, 16.424, 16.422, 16.502, 17.046, 17.349, 17.07, 16.962, 17.291, 17.62, 17.913, 18.319, 18.506, 18.516, 18.531, 18.665, 19.518, 20.124, 19.793, 19.565, 19.858, 20.678, 21.522, 21.753, 21.983, 22.449, 22.717, 22.48, 22.131], [21.971, 21.964, 21.765, 21.582, 21.801, 22.6, 22.777, 23.093, 23.335, 23.363, 23.423, 24.368, 26.231, 27.426, 27.982, 26.845, 25.41, 25.356, 25.941, 26.131, 26.155, 25.891, 26.143, 26.266, 25.772, 25.916, 27.184, 27.733, 27.287, 28.048, 27.498, 26.02, 25.499, 25.335, 24.691, 24.872, 25.182, 24.751, 20.272, 13.887, 11.077, 8.036, 5.872, 4.962, 0.0, 5.839, 9.842, 12.499, 13.633, 13.766, 14.06, 14.497, 14.486, 14.56, 14.421, 14.306, 14.562, 15.005, 15.433, 15.507, 15.667, 16.328, 16.735, 16.44, 16.276, 16.614, 16.914, 17.17, 17.617, 17.89, 17.959, 17.989, 18.12, 19.025, 19.628, 19.17, 18.806, 19.097, 20.141, 21.158, 21.448, 21.777, 22.324, 22.604, 22.321, 21.902], [22.63, 22.62, 22.433, 22.254, 22.474, 23.345, 23.571, 23.897, 24.131, 24.172, 24.244, 25.319, 27.326, 28.569, 29.12, 27.959, 26.514, 26.494, 27.101, 27.3, 27.343, 27.105, 27.394, 27.532, 27.062, 27.25, 28.518, 29.068, 28.635, 29.426, 28.937, 27.49, 26.991, 26.848, 26.158, 26.21, 26.464, 26.109, 21.953, 16.059, 13.736, 11.432, 9.757, 9.318, 5.839, 0.0, 5.823, 10.131, 11.768, 11.922, 12.263, 12.772, 12.8, 12.871, 12.79, 12.861, 13.614, 14.325, 14.823, 14.973, 15.262, 16.046, 16.532, 16.248, 16.062, 16.396, 16.692, 16.971, 17.497, 17.882, 18.025, 18.076, 18.209, 19.06, 19.569, 19.067, 18.701, 18.923, 20.003, 21.101, 21.48, 21.88, 22.497, 22.782, 22.509, 22.126], [22.944, 22.923, 22.754, 22.587, 22.78, 23.634, 23.897, 24.208, 24.422, 24.469, 24.542, 25.562, 27.525, 28.785, 29.325, 28.212, 26.871, 26.901, 27.513, 27.695, 27.731, 27.51, 27.829, 28.002, 27.579, 27.749, 28.869, 29.374, 28.932, 29.695, 29.297, 27.981, 27.572, 27.446, 26.844, 26.906, 27.163, 26.883, 23.138, 18.051, 16.086, 13.95, 12.29, 11.919, 9.842, 5.823, 0.0, 5.888, 8.333, 8.582, 8.945, 9.681, 9.847, 9.897, 9.999, 10.92, 12.519, 13.754, 14.496, 14.731, 15.068, 15.871, 16.374, 16.078, 15.858, 16.12, 16.394, 16.678, 17.226, 17.746, 17.988, 18.064, 18.199, 19.057, 19.627, 19.254, 19.009, 19.279, 20.271, 21.307, 21.714, 22.139, 22.729, 22.99, 22.768, 22.447], [22.906, 22.854, 22.688, 22.505, 22.6, 23.322, 23.604, 23.924, 24.111, 24.164, 24.219, 25.12, 26.994, 28.22, 28.74, 27.679, 26.464, 26.548, 27.141, 27.31, 27.372, 27.179, 27.491, 27.673, 27.278, 27.433, 28.475, 29.016, 28.626, 29.368, 28.98, 27.674, 27.271, 27.159, 26.668, 26.852, 27.168, 26.939, 23.483, 19.273, 17.723, 15.747, 14.255, 13.926, 12.499, 10.131, 5.888, 0.0, 3.4, 3.972, 4.261, 5.647, 6.074, 6.075, 6.205, 7.985, 10.4, 12.423, 13.634, 14.077, 14.464, 15.245, 15.782, 15.507, 15.282, 15.51, 15.71, 15.829, 16.16, 16.788, 17.213, 17.338, 17.469, 18.382, 19.135, 18.986, 18.919, 19.284, 20.231, 21.22, 21.682, 22.222, 22.803, 23.018, 22.845, 22.585], [23.185, 23.128, 22.969, 22.782, 22.832, 23.474, 23.762, 24.083, 24.257, 24.312, 24.357, 25.194, 26.998, 28.191, 28.69, 27.634, 26.462, 26.56, 27.138, 27.308, 27.385, 27.189, 27.478, 27.668, 27.289, 27.445, 28.469, 29.036, 28.685, 29.418, 29.04, 27.726, 27.292, 27.175, 26.702, 26.905, 27.229, 27.016, 23.669, 19.753, 18.376, 16.518, 15.103, 14.831, 13.633, 11.768, 8.333, 3.4, 0.0, 1.161, 1.587, 3.34, 3.932, 3.9, 4.086, 6.576, 9.292, 11.599, 13.03, 13.598, 14.069, 14.85, 15.401, 15.174, 15.007, 15.309, 15.518, 15.554, 15.75, 16.426, 16.958, 17.117, 17.273, 18.177, 18.95, 18.917, 18.965, 19.356, 20.258, 21.246, 21.744, 22.339, 22.939, 23.119, 22.971, 22.78], [23.219, 23.166, 23.012, 22.829, 22.883, 23.522, 23.814, 24.134, 24.306, 24.363, 24.415, 25.252, 27.048, 28.237, 28.734, 27.677, 26.501, 26.593, 27.171, 27.341, 27.416, 27.214, 27.498, 27.691, 27.313, 27.471, 28.498, 29.067, 28.722, 29.453, 29.084, 27.776, 27.337, 27.218, 26.743, 26.947, 27.272, 27.059, 23.73, 19.824, 18.441, 16.609, 15.218, 14.952, 13.766, 11.922, 8.582, 3.972, 1.161, 0.0, 1.221, 3.101, 3.723, 3.701, 3.889, 6.479, 9.231, 11.559, 13.001, 13.576, 14.061, 14.855, 15.415, 15.206, 15.051, 15.373, 15.593, 15.628, 15.827, 16.506, 17.037, 17.2, 17.352, 18.223, 18.969, 18.934, 18.977, 19.362, 20.26, 21.25, 21.745, 22.335, 22.935, 23.113, 22.967, 22.789], [23.295, 23.242, 23.091, 22.912, 22.957, 23.565, 23.847, 24.164, 24.336, 24.396, 24.44, 25.252, 27.031, 28.212, 28.704, 27.652, 26.491, 26.591, 27.165, 27.336, 27.412, 27.206, 27.482, 27.673, 27.3, 27.46, 28.48, 29.046, 28.702, 29.425, 29.053, 27.743, 27.302, 27.183, 26.715, 26.91, 27.224, 27.004, 23.701, 19.916, 18.624, 16.832, 15.461, 15.217, 14.06, 12.263, 8.945, 4.261, 1.587, 1.221, 0.0, 2.28, 3.022, 3.018, 3.311, 6.183, 8.931, 11.26, 12.756, 13.352, 13.841, 14.625, 15.181, 14.982, 14.835, 15.151, 15.375, 15.411, 15.601, 16.306, 16.862, 17.035, 17.196, 18.08, 18.858, 18.895, 19.019, 19.423, 20.298, 21.276, 21.789, 22.404, 23.006, 23.18, 23.055, 22.898], [23.652, 23.608, 23.469, 23.309, 23.361, 23.919, 24.184, 24.49, 24.653, 24.707, 24.729, 25.472, 27.179, 28.324, 28.793, 27.747, 26.618, 26.719, 27.278, 27.449, 27.522, 27.301, 27.555, 27.745, 27.378, 27.527, 28.527, 29.076, 28.734, 29.434, 29.076, 27.793, 27.352, 27.212, 26.709, 26.849, 27.134, 26.897, 23.637, 20.024, 18.813, 17.075, 15.77, 15.604, 14.497, 12.772, 9.681, 5.647, 3.34, 3.101, 2.28, 0.0, 0.998, 1.083, 2.26, 5.889, 8.325, 10.407, 12.005, 12.67, 13.202, 13.975, 14.508, 14.352, 14.262, 14.603, 14.858, 14.923, 15.171, 15.999, 16.618, 16.825, 17.041, 17.932, 18.71, 18.861, 19.169, 19.649, 20.494, 21.466, 21.999, 22.62, 23.223, 23.366, 23.271, 23.194], [23.686, 23.644, 23.506, 23.346, 23.398, 23.951, 24.214, 24.519, 24.681, 24.732, 24.746, 25.475, 27.174, 28.313, 28.778, 27.725, 26.593, 26.694, 27.253, 27.425, 27.498, 27.276, 27.521, 27.711, 27.341, 27.484, 28.483, 29.035, 28.692, 29.389, 29.028, 27.735, 27.288, 27.142, 26.624, 26.746, 27.022, 26.784, 23.538, 19.97, 18.773, 17.029, 15.741, 15.595, 14.486, 12.8, 9.847, 6.074, 3.932, 3.723, 3.022, 0.998, 0.0, 0.46, 2.012, 5.679, 7.947, 9.943, 11.583, 12.279, 12.828, 13.6, 14.131, 13.986, 13.909, 14.265, 14.529, 14.597, 14.866, 15.741, 16.389, 16.611, 16.843, 17.746, 18.537, 18.714, 19.073, 19.593, 20.452, 21.439, 21.985, 22.621, 23.238, 23.37, 23.274, 23.216], [23.725, 23.681, 23.542, 23.381, 23.427, 23.971, 24.233, 24.538, 24.699, 24.749, 24.762, 25.485, 27.174, 28.308, 28.771, 27.724, 26.604, 26.71, 27.267, 27.437, 27.511, 27.288, 27.533, 27.724, 27.355, 27.497, 28.487, 29.036, 28.693, 29.386, 29.027, 27.738, 27.292, 27.148, 26.635, 26.761, 27.041, 26.805, 23.577, 20.039, 18.842, 17.099, 15.813, 15.665, 14.56, 12.871, 9.897, 6.075, 3.9, 3.701, 3.018, 1.083, 0.46, 0.0, 1.878, 5.67, 8.012, 10.07, 11.723, 12.421, 12.968, 13.735, 14.265, 14.126, 14.052, 14.404, 14.661, 14.725, 14.986, 15.846, 16.484, 16.702, 16.934, 17.84, 18.63, 18.804, 19.155, 19.668, 20.516, 21.488, 22.024, 22.655, 23.271, 23.404, 23.307, 23.249], [23.56, 23.516, 23.369, 23.19, 23.221, 23.786, 24.055, 24.367, 24.534, 24.588, 24.602, 25.357, 27.086, 28.232, 28.704, 27.653, 26.517, 26.62, 27.18, 27.35, 27.429, 27.21, 27.451, 27.64, 27.268, 27.415, 28.421, 28.98, 28.647, 29.364, 28.98, 27.649, 27.191, 27.06, 26.579, 26.746, 27.04, 26.823, 23.603, 20.054, 18.868, 17.125, 15.802, 15.603, 14.421, 12.79, 9.999, 6.205, 4.086, 3.889, 3.311, 2.26, 2.012, 1.878, 0.0, 4.192, 7.174, 9.876, 11.707, 12.444, 13.006, 13.812, 14.37, 14.206, 14.109, 14.474, 14.729, 14.762, 14.957, 15.754, 16.381, 16.584, 16.781, 17.673, 18.464, 18.619, 18.932, 19.44, 20.325, 21.315, 21.861, 22.527, 23.188, 23.349, 23.236, 23.14], [23.441, 23.398, 23.239, 23.037, 23.055, 23.661, 23.944, 24.263, 24.443, 24.506, 24.518, 25.35, 27.17, 28.338, 28.827, 27.749, 26.544, 26.626, 27.187, 27.36, 27.452, 27.236, 27.453, 27.621, 27.237, 27.405, 28.48, 29.079, 28.776, 29.551, 29.101, 27.662, 27.163, 27.046, 26.597, 26.818, 27.115, 26.922, 23.715, 20.109, 18.913, 17.222, 15.96, 15.706, 14.306, 12.861, 10.92, 7.985, 6.576, 6.479, 6.183, 5.889, 5.679, 5.67, 4.192, 0.0, 4.516, 8.846, 11.129, 12.021, 12.625, 13.505, 14.17, 14.026, 13.913, 14.316, 14.575, 14.542, 14.63, 15.358, 16.001, 16.209, 16.385, 17.25, 18.037, 18.136, 18.379, 18.847, 19.816, 20.9, 21.533, 22.31, 23.05, 23.257, 23.13, 22.973], [23.596, 23.565, 23.421, 23.244, 23.266, 23.801, 24.075, 24.377, 24.548, 24.613, 24.61, 25.377, 27.137, 28.272, 28.749, 27.638, 26.378, 26.436, 26.985, 27.173, 27.275, 27.062, 27.272, 27.448, 27.073, 27.255, 28.389, 29.04, 28.773, 29.543, 29.044, 27.574, 27.055, 26.943, 26.489, 26.731, 27.025, 26.781, 23.499, 19.984, 18.862, 17.233, 16.094, 15.925, 14.562, 13.614, 12.519, 10.4, 9.292, 9.231, 8.931, 8.325, 7.947, 8.012, 7.174, 4.516, 0.0, 5.64, 8.788, 10.014, 10.755, 11.658, 12.382, 12.409, 12.425, 12.948, 13.3, 13.289, 13.45, 14.358, 15.107, 15.392, 15.655, 16.559, 17.376, 17.505, 17.845, 18.396, 19.445, 20.673, 21.403, 22.219, 22.898, 23.038, 22.93, 22.828], [23.806, 23.787, 23.667, 23.551, 23.623, 24.084, 24.342, 24.617, 24.756, 24.804, 24.772, 25.375, 26.973, 28.045, 28.502, 27.391, 26.097, 26.112, 26.652, 26.859, 26.961, 26.759, 26.969, 27.177, 26.816, 26.979, 28.13, 28.786, 28.495, 29.184, 28.728, 27.365, 26.872, 26.742, 26.204, 26.33, 26.552, 26.197, 22.809, 19.514, 18.623, 17.138, 16.151, 16.151, 15.005, 14.325, 13.754, 12.423, 11.599, 11.559, 11.26, 10.407, 9.943, 10.07, 9.876, 8.846, 5.64, 0.0, 4.018, 5.784, 6.872, 7.92, 8.769, 9.168, 9.44, 10.144, 10.717, 10.881, 11.36, 12.701, 13.648, 14.075, 14.491, 15.464, 16.309, 16.463, 16.973, 17.733, 18.904, 20.31, 21.129, 21.872, 22.346, 22.345, 22.291, 22.366], [23.635, 23.619, 23.509, 23.416, 23.525, 23.994, 24.248, 24.507, 24.633, 24.67, 24.629, 25.139, 26.655, 27.706, 28.166, 27.096, 25.83, 25.821, 26.361, 26.579, 26.676, 26.485, 26.708, 26.924, 26.557, 26.699, 27.851, 28.488, 28.152, 28.798, 28.385, 27.131, 26.69, 26.535, 25.929, 25.969, 26.14, 25.747, 22.363, 19.187, 18.481, 17.16, 16.339, 16.424, 15.433, 14.823, 14.496, 13.634, 13.03, 13.001, 12.756, 12.005, 11.583, 11.723, 11.707, 11.129, 8.788, 4.018, 0.0, 2.238, 3.831, 5.185, 6.325, 7.006, 7.421, 8.236, 8.939, 9.218, 9.885, 11.425, 12.468, 12.968, 13.483, 14.547, 15.415, 15.463, 15.973, 16.886, 18.163, 19.665, 20.531, 21.239, 21.605, 21.544, 21.522, 21.692], [23.401, 23.389, 23.279, 23.196, 23.317, 23.786, 24.032, 24.284, 24.408, 24.438, 24.399, 24.859, 26.33, 27.38, 27.849, 26.808, 25.567, 25.547, 26.088, 26.31, 26.393, 26.212, 26.459, 26.679, 26.302, 26.42, 27.564, 28.185, 27.824, 28.457, 28.056, 26.858, 26.459, 26.296, 25.676, 25.715, 25.874, 25.473, 22.092, 18.913, 18.288, 17.055, 16.301, 16.422, 15.507, 14.973, 14.731, 14.077, 13.598, 13.576, 13.352, 12.67, 12.279, 12.421, 12.444, 12.021, 10.014, 5.784, 2.238, 0.0, 2.006, 3.669, 5.052, 5.884, 6.35