[[0.0, 2.156, 3.684, 6.193, 7.691, 8.282, 8.692, 9.638, 11.49, 14.072, 14.83, 14.902, 15.613, 16.053, 15.793, 15.742, 16.552, 17.547, 17.777, 17.835, 17.912, 17.91, 17.719, 18.272, 19.184, 19.724, 20.656, 21.507, 21.423, 21.34, 21.29, 21.427, 21.391, 21.152, 20.995, 21.092, 21.057, 21.036, 20.928, 20.728, 20.744, 20.98, 21.263, 21.485, 21.756, 21.982, 22.055, 22.132, 22.433, 23.064, 23.682, 23.945, 24.001, 23.992, 24.093, 24.129, 24.066, 23.836, 23.628, 23.623, 23.605, 23.641, 23.683, 23.761, 23.761, 23.732, 23.724, 23.711, 23.717, 23.755, 23.839, 24.07, 24.522, 24.592, 24.472, 24.324, 24.304, 24.388, 24.321, 24.258, 24.287, 24.238, 24.21, 24.294, 24.134, 24.168], [2.156, 0.0, 2.376, 5.421, 7.165, 7.968, 8.405, 9.392, 11.223, 13.705, 14.326, 14.277, 14.964, 15.39, 15.062, 14.988, 15.83, 16.85, 17.101, 17.165, 17.255, 17.252, 17.069, 17.664, 18.628, 19.12, 20.013, 20.903, 20.826, 20.731, 20.679, 20.827, 20.837, 20.643, 20.512, 20.66, 20.614, 20.609, 20.534, 20.326, 20.336, 20.579, 20.885, 21.13, 21.426, 21.668, 21.751, 21.831, 22.133, 22.743, 23.351, 23.624, 23.682, 23.668, 23.768, 23.809, 23.746, 23.518, 23.311, 23.313, 23.303, 23.331, 23.366, 23.453, 23.459, 23.44, 23.433, 23.38, 23.366, 23.417, 23.508, 23.759, 24.229, 24.296, 24.177, 24.021, 23.993, 24.083, 24.02, 23.95, 23.966, 23.913, 23.875, 23.962, 23.788, 23.815], [3.684, 2.376, 0.0, 3.637, 5.961, 6.98, 7.457, 8.535, 10.392, 12.828, 13.325, 13.201, 13.938, 14.428, 14.148, 14.265, 15.307, 16.396, 16.689, 16.789, 16.9, 16.886, 16.711, 17.383, 18.416, 18.774, 19.384, 20.171, 20.101, 20.018, 19.952, 20.052, 19.988, 19.793, 19.758, 19.939, 19.92, 19.965, 19.901, 19.689, 19.691, 19.932, 20.258, 20.522, 20.821, 21.085, 21.176, 21.241, 21.485, 22.025, 22.605, 22.882, 22.939, 22.915, 23.017, 23.056, 22.985, 22.739, 22.523, 22.53, 22.511, 22.532, 22.575, 22.672, 22.683, 22.672, 22.666, 22.561, 22.526, 22.592, 22.687, 22.95, 23.466, 23.555, 23.427, 23.284, 23.254, 23.361, 23.304, 23.241, 23.248, 23.183, 23.136, 23.237, 23.046, 23.069], [6.193, 5.421, 3.637, 0.0, 3.552, 5.176, 5.714, 6.878, 8.866, 11.507, 11.963, 11.774, 12.582, 13.163, 12.995, 13.469, 14.855, 16.046, 16.377, 16.505, 16.64, 16.604, 16.436, 17.228, 18.314, 18.556, 18.835, 19.425, 19.364, 19.334, 19.266, 19.317, 19.175, 18.955, 19.03, 19.224, 19.224, 19.34, 19.27, 19.066, 19.064, 19.319, 19.67, 19.92, 20.181, 20.486, 20.582, 20.626, 20.779, 21.187, 21.682, 21.924, 21.981, 21.953, 22.061, 22.096, 22.001, 21.717, 21.493, 21.506, 21.5, 21.559, 21.626, 21.723, 21.738, 21.726, 21.712, 21.568, 21.501, 21.578, 21.697, 21.966, 22.509, 22.619, 22.468, 22.338, 22.327, 22.463, 22.443, 22.403, 22.392, 22.315, 22.285, 22.433, 22.238, 22.272], [7.691, 7.165, 5.961, 3.552, 0.0, 2.638, 3.618, 4.807, 7.756, 11.101, 11.769, 11.726, 12.567, 13.204, 13.225, 13.695, 14.969, 16.1, 16.422, 16.542, 16.673, 16.656, 16.529, 17.392, 18.446, 18.768, 19.253, 19.895, 19.852, 19.826, 19.756, 19.845, 19.742, 19.489, 19.466, 19.61, 19.624, 19.662, 19.555, 19.381, 19.404, 19.629, 19.881, 20.034, 20.239, 20.52, 20.604, 20.646, 20.803, 21.285, 21.895, 22.183, 22.25, 22.233, 22.349, 22.395, 22.301, 22.016, 21.782, 21.774, 21.777, 21.864, 21.925, 22.009, 22.027, 22.005, 21.979, 21.884, 21.885, 21.979, 22.087, 22.317, 22.807, 22.911, 22.772, 22.71, 22.736, 22.877, 22.882, 22.873, 22.888, 22.816, 22.818, 23.016, 22.885, 22.942], [8.282, 7.968, 6.98, 5.176, 2.638, 0.0, 1.914, 3.658, 6.762, 10.401, 11.333, 11.573, 12.502, 13.159, 13.351, 13.866, 14.972, 15.982, 16.283, 16.406, 16.532, 16.532, 16.438, 17.341, 18.378, 18.77, 19.447, 20.178, 20.134, 20.091, 20.034, 20.155, 20.053, 19.749, 19.655, 19.768, 19.811, 19.832, 19.712, 19.602, 19.666, 19.863, 20.062, 20.172, 20.349, 20.567, 20.618, 20.653, 20.812, 21.371, 22.09, 22.427, 22.505, 22.489, 22.605, 22.662, 22.582, 22.315, 22.082, 22.06, 22.049, 22.133, 22.194, 22.284, 22.304, 22.27, 22.241, 22.185, 22.248, 22.349, 22.448, 22.653, 23.122, 23.222, 23.087, 23.055, 23.094, 23.244, 23.249, 23.252, 23.295, 23.227, 23.233, 23.424, 23.322, 23.395], [8.692, 8.405, 7.457, 5.714, 3.618, 1.914, 0.0, 2.7, 6.472, 10.342, 11.317, 11.549, 12.485, 13.163, 13.344, 13.829, 14.891, 15.871, 16.173, 16.292, 16.416, 16.429, 16.343, 17.272, 18.331, 18.741, 19.488, 20.263, 20.231, 20.21, 20.169, 20.297, 20.205, 19.906, 19.79, 19.888, 19.943, 19.958, 19.822, 19.732, 19.831, 20.037, 20.212, 20.312, 20.508, 20.732, 20.77, 20.802, 20.979, 21.573, 22.317, 22.662, 22.746, 22.731, 22.847, 22.909, 22.84, 22.582, 22.345, 22.325, 22.312, 22.392, 22.447, 22.522, 22.532, 22.495, 22.465, 22.405, 22.47, 22.577, 22.658, 22.864, 23.34, 23.443, 23.303, 23.26, 23.317, 23.471, 23.463, 23.454, 23.502, 23.432, 23.426, 23.592, 23.482, 23.547], [9.638, 9.392, 8.535, 6.878, 4.807, 3.658, 2.7, 0.0, 5.003, 9.612, 10.751, 10.973, 11.908, 12.612, 12.888, 13.435, 14.53, 15.512, 15.804, 15.905, 16.014, 16.007, 15.92, 16.888, 17.989, 18.499, 19.299, 20.065, 20.032, 20.037, 20.013, 20.141, 20.068, 19.766, 19.644, 19.745, 19.811, 19.826, 19.677, 19.589, 19.692, 19.929, 20.123, 20.227, 20.423, 20.659, 20.71, 20.74, 20.923, 21.55, 22.341, 22.711, 22.81, 22.805, 22.919, 22.983, 22.929, 22.683, 22.445, 22.419, 22.396, 22.472, 22.534, 22.6, 22.603, 22.567, 22.543, 22.491, 22.572, 22.682, 22.756, 22.961, 23.423, 23.52, 23.375, 23.337, 23.405, 23.554, 23.553, 23.557, 23.599, 23.516, 23.51, 23.704, 23.63, 23.718], [11.49, 11.223, 10.392, 8.866, 7.756, 6.762, 6.472, 5.003, 0.0, 5.454, 7.475, 8.66, 10.203, 10.968, 11.357, 12.365, 13.653, 14.536, 14.822, 14.967, 15.056, 14.958, 14.922, 15.922, 16.893, 17.355, 18.098, 18.886, 18.853, 18.899, 18.944, 19.074, 18.97, 18.515, 18.355, 18.483, 18.568, 18.664, 18.591, 18.604, 18.709, 18.958, 19.282, 19.447, 19.553, 19.652, 19.637, 19.66, 19.838, 20.498, 21.373, 21.789, 21.896, 21.885, 21.987, 22.037, 21.997, 21.766, 21.55, 21.514, 21.476, 21.552, 21.651, 21.746, 21.744, 21.697, 21.678, 21.642, 21.78, 21.886, 22.034, 22.266, 22.738, 22.839, 22.669, 22.633, 22.66, 22.827, 22.884, 22.941, 22.976, 22.89, 22.899, 23.186, 23.196, 23.384], [14.072, 13.705, 12.828, 11.507, 11.101, 10.401, 10.342, 9.612, 5.454, 0.0, 3.579, 6.961, 9.413, 10.182, 10.555, 12.064, 13.521, 14.187, 14.468, 14.715, 14.821, 14.653, 14.721, 15.72, 16.438, 16.61, 17.138, 17.935, 17.964, 18.066, 18.163, 18.267, 18.141, 17.566, 17.38, 17.539, 17.632, 17.819, 17.875, 17.994, 18.088, 18.302, 18.705, 18.923, 18.923, 18.882, 18.801, 18.821, 18.986, 19.618, 20.521, 20.978, 21.079, 21.045, 21.127, 21.145, 21.105, 20.904, 20.728, 20.684, 20.662, 20.762, 20.871, 20.984, 20.971, 20.914, 20.892, 20.862, 21.09, 21.214, 21.446, 21.691, 22.188, 22.311, 22.129, 22.109, 22.08, 22.264, 22.373, 22.475, 22.513, 22.434, 22.451, 22.793, 22.856, 23.118], [14.83, 14.326, 13.325, 11.963, 11.769, 11.333, 11.317, 10.751, 7.475, 3.579, 0.0, 4.369, 7.381, 8.198, 8.645, 10.582, 12.183, 12.782, 13.077, 13.385, 13.539, 13.353, 13.444, 14.546, 15.424, 15.549, 15.838, 16.564, 16.614, 16.771, 16.869, 16.928, 16.834, 16.379, 16.336, 16.592, 16.683, 16.938, 17.033, 17.137, 17.22, 17.47, 17.941, 18.228, 18.348, 18.457, 18.458, 18.513, 18.62, 19.076, 19.872, 20.322, 20.415, 20.365, 20.443, 20.452, 20.405, 20.202, 20.048, 20.022, 19.981, 20.045, 20.144, 20.26, 20.237, 20.191, 20.178, 20.103, 20.32, 20.475, 20.723, 20.985, 21.537, 21.694, 21.509, 21.471, 21.423, 21.622, 21.733, 21.834, 21.853, 21.763, 21.763, 22.105, 22.129, 22.361], [14.902, 14.277, 13.201, 11.774, 11.726, 11.573, 11.549, 10.973, 8.66, 6.961, 4.369, 0.0, 3.63, 4.933, 5.773, 8.327, 10.246, 11.011, 11.365, 11.678, 11.86, 11.643, 11.668, 12.921, 14.206, 14.507, 14.554, 15.128, 15.128, 15.318, 15.416, 15.458, 15.445, 15.247, 15.451, 15.827, 15.92, 16.239, 16.318, 16.343, 16.422, 16.769, 17.323, 17.677, 18.025, 18.478, 18.684, 18.76, 18.731, 18.873, 19.429, 19.832, 19.929, 19.883, 19.965, 19.988, 19.941, 19.723, 19.59, 19.601, 19.5, 19.456, 19.53, 19.662, 19.637, 19.611, 19.615, 19.459, 19.604, 19.804, 20.029, 20.325, 20.941, 21.131, 20.943, 20.85, 20.82, 21.039, 21.109, 21.162, 21.143, 21.029, 20.987, 21.298, 21.244, 21.398], [15.613, 14.964, 13.938, 12.582, 12.567, 12.502, 12.485, 11.908, 10.203, 9.413, 7.381, 3.63, 0.0, 2.317, 4.527, 7.543, 9.543, 10.384, 10.798, 11.097, 11.285, 11.052, 11.03, 12.409, 13.958, 14.365, 14.237, 14.657, 14.628, 14.818, 14.896, 14.982, 15.065, 15.019, 15.357, 15.772, 15.878, 16.237, 16.316, 16.318, 16.4, 16.79, 17.367, 17.741, 18.187, 18.849, 19.225, 19.305, 19.119, 19.005, 19.412, 19.793, 19.892, 19.857, 19.948, 19.989, 19.956, 19.761, 19.678, 19.707, 19.577, 19.483, 19.52, 19.66, 19.646, 19.629, 19.639, 19.439, 19.567, 19.803, 19.988, 20.283, 20.915, 21.125, 20.942, 20.835, 20.84, 21.06, 21.093, 21.114, 21.077, 20.953, 20.896, 21.185, 21.098, 21.218], [16.053, 15.39, 14.428, 13.163, 13.204, 13.159, 13.163, 12.612, 10.968, 10.182, 8.198, 4.933, 2.317, 0.0, 3.583, 7.054, 9.127, 10.034, 10.498, 10.821, 11.038, 10.796, 10.755, 12.194, 13.84, 14.298, 14.177, 14.6, 14.59, 14.772, 14.835, 14.938, 15.133, 15.171, 15.509, 15.932, 16.016, 16.398, 16.494, 16.488, 16.553, 16.947, 17.545, 17.942, 18.417, 19.101, 19.499, 19.618, 19.429, 19.257, 19.628, 20.006, 20.098, 20.06, 20.154, 20.205, 20.178, 19.996, 19.94, 19.98, 19.851, 19.751, 19.775, 19.917, 19.906, 19.891, 19.901, 19.692, 19.829, 20.071, 20.24, 20.526, 21.146, 21.361, 21.184, 21.06, 21.061, 21.276, 21.304, 21.326, 21.292, 21.171, 21.119, 21.393, 21.294, 21.418], [15.793, 15.062, 14.148, 12.995, 13.225, 13.351, 13.344, 12.888, 11.357, 10.555, 8.645, 5.773, 4.527, 3.583, 0.0, 4.344, 7.337, 8.68, 9.248, 9.632, 9.89, 9.654, 9.614, 11.114, 12.773, 13.219, 13.299, 13.978, 14.027, 14.203, 14.317, 14.541, 14.881, 14.971, 15.209, 15.641, 15.67, 16.017, 16.1, 16.053, 16.132, 16.52, 17.115, 17.521, 18.038, 18.797, 19.21, 19.366, 19.371, 19.355, 19.767, 20.161, 20.266, 20.231, 20.317, 20.362, 20.334, 20.151, 20.084, 20.145, 20.056, 19.975, 20.017, 20.16, 20.144, 20.124, 20.114, 19.914, 20.08, 20.309, 20.481, 20.786, 21.399, 21.601, 21.408, 21.25, 21.238, 21.449, 21.488, 21.51, 21.479, 21.354, 21.292, 21.525, 21.398, 21.51], [15.742, 14.988, 14.265, 13.469, 13.695, 13.866, 13.829, 13.435, 12.365, 12.064, 10.582, 8.327, 7.543, 7.054, 4.344, 0.0, 4.115, 6.355, 7.082, 7.499, 7.773, 7.629, 7.6, 9.138, 10.864, 11.618, 12.56, 13.819, 13.943, 14.119, 14.364, 14.855, 15.389, 15.459, 15.465, 15.868, 15.865, 16.077, 16.068, 15.992, 16.125, 16.489, 16.999, 17.352, 17.911, 18.728, 19.211, 19.406, 19.626, 20.01, 20.655, 21.099, 21.226, 21.219, 21.316, 21.384, 21.373, 21.204, 21.12, 21.175, 21.118, 21.041, 21.05, 21.168, 21.151, 21.123, 21.096, 20.986, 21.247, 21.463, 21.59, 21.875, 22.419, 22.579, 22.398, 22.244, 22.246, 22.422, 22.443, 22.455, 22.435, 22.319, 22.263, 22.442, 22.292, 22.375], [16.552, 15.83, 15.307, 14.855, 14.969, 14.972, 14.891, 14.53, 13.653, 13.521, 12.183, 10.246, 9.543, 9.127, 7.337, 4.115, 0.0, 2.995, 4.176, 4.729, 5.053, 5.106, 5.35, 7.12, 8.972, 10.204, 12.073, 13.795, 13.965, 14.156, 14.55, 15.28, 16.037, 16.09, 15.837, 16.198, 16.225, 16.345, 16.316, 16.338, 16.519, 16.811, 17.227, 17.527, 18.097, 18.842, 19.339, 19.589, 19.878, 20.521, 21.489, 22.035, 22.17, 22.18, 22.285, 22.362, 22.369, 22.231, 22.132, 22.149, 22.082, 21.972, 21.916, 22.006, 21.983, 21.945, 21.913, 21.923, 22.332, 22.544, 22.616, 22.854, 23.334, 23.461, 23.314, 23.201, 23.211, 23.359, 23.368, 23.39, 23.391, 23.294, 23.27, 23.448, 23.327, 23.414], [17.547, 16.85, 16.396, 16.046, 16.1, 15.982, 15.871, 15.512, 14.536, 14.187, 12.782, 11.011, 10.384, 10.034, 8.68, 6.355, 2.995, 0.0, 1.889, 2.866, 3.384, 3.64, 4.376, 6.39, 8.063, 9.359, 11.603, 13.533, 13.727, 13.93, 14.428, 15.291, 16.235, 16.301, 15.882, 16.218, 16.283, 16.361, 16.378, 16.53, 16.753, 17.002, 17.365, 17.642, 18.189, 18.837, 19.305, 19.566, 19.857, 20.549, 21.682, 22.319, 22.462, 22.476, 22.579, 22.647, 22.658, 22.539, 22.44, 22.439, 22.375, 22.26, 22.18, 22.261, 22.229, 22.187, 22.153, 22.221, 22.725, 22.943, 22.998, 23.202, 23.644, 23.752, 23.621, 23.535, 23.539, 23.679, 23.699, 23.753, 23.773, 23.683, 23.672, 23.863, 23.78, 23.89], [17.777, 17.101, 16.689, 16.377, 16.422, 16.283, 16.173, 15.804, 14.822, 14.468, 13.077, 11.365, 10.798, 10.498, 9.248, 7.082, 4.176, 1.889, 0.0, 1.359, 2.161, 2.591, 3.569, 5.686, 7.321, 8.814, 11.34, 13.379, 13.575, 13.78, 14.315, 15.232, 16.29, 16.433, 16.019, 16.355, 16.41, 16.473, 16.504, 16.667, 16.9, 17.171, 17.552, 17.841, 18.383, 18.993, 19.443, 19.699, 19.999, 20.685, 21.801, 22.442, 22.593, 22.609, 22.713, 22.78, 22.788, 22.671, 22.571, 22.566, 22.513, 22.398, 22.321, 22.408, 22.379, 22.344, 22.313, 22.393, 22.899, 23.106, 23.157, 23.348, 23.754, 23.847, 23.718, 23.637, 23.636, 23.766, 23.79, 23.863, 23.889, 23.801, 23.793, 23.977, 23.891, 23.997], [17.835, 17.165, 16.789, 16.505, 16.542, 16.406, 16.292, 15.905, 14.967, 14.715, 13.385, 11.678, 11.097, 10.821, 9.632, 7.499, 4.729, 2.866, 1.359, 0.0, 1.149, 1.887, 2.91, 5.083, 6.874, 8.657, 11.341, 13.398, 13.596, 13.814, 14.373, 15.316, 16.413, 16.612, 16.248, 16.603, 16.644, 16.707, 16.736, 16.885, 17.117, 17.399, 17.8, 18.105, 18.65, 19.251, 19.683, 19.932, 20.23, 20.881, 21.95, 22.567, 22.717, 22.733, 22.837, 22.906, 22.915, 22.804, 22.704, 22.698, 22.644, 22.523, 22.446, 22.535, 22.508, 22.477, 22.452, 22.536, 23.026, 23.221, 23.268, 23.457, 23.842, 23.921, 23.792, 23.713, 23.712, 23.836, 23.856, 23.928, 23.95, 23.861, 23.855, 24.035, 23.945, 24.047], [17.912, 17.255, 16.9, 16.64, 16.673, 16.532, 16.416, 16.014, 15.056, 14.821, 13.539, 11.86, 11.285, 11.038, 9.89, 7.773, 5.053, 3.384, 2.161, 1.149, 0.0, 1.21, 2.395, 4.489, 6.35, 8.313, 11.115, 13.212, 13.411, 13.651, 14.255, 15.231, 16.352, 16.578, 16.241, 16.605, 16.643, 16.708, 16.738, 16.882, 17.118, 17.414, 17.838, 18.155, 18.699, 19.287, 19.706, 19.949, 20.248, 20.892, 21.944, 22.557, 22.707, 22.724, 22.834, 22.906, 22.919, 22.815, 22.719, 22.716, 22.658, 22.525, 22.441, 22.53, 22.507, 22.475, 22.448, 22.525, 23.01, 23.209, 23.256, 23.446, 23.828, 23.906, 23.777, 23.702, 23.699, 23.817, 23.841, 23.919, 23.942, 23.856, 23.857, 24.049, 23.973, 24.075], [17.91, 17.252, 16.886, 16.604, 16.656, 16.532, 16.429, 16.007, 14.958, 14.653, 13.353, 11.643, 11.052, 10.796, 9.654, 7.629, 5.106, 3.64, 2.591, 1.887, 1.21, 0.0, 1.855, 4.304, 6.163, 8.061, 10.789, 12.838, 13.004, 13.245, 13.851, 14.828, 15.967, 16.217, 15.915, 16.303, 16.338, 16.416, 16.464, 16.605, 16.833, 17.163, 17.638, 17.982, 18.551, 19.163, 19.583, 19.819, 20.109, 20.721, 21.732, 22.336, 22.484, 22.499, 22.612, 22.685, 22.697, 22.587, 22.5, 22.505, 22.448, 22.317, 22.235, 22.33, 22.312, 22.28, 22.25, 22.306, 22.775, 22.975, 23.033, 23.229, 23.619, 23.704, 23.572, 23.486, 23.474, 23.593, 23.621, 23.702, 23.722, 23.638, 23.644, 23.851, 23.788, 23.895], [17.719, 17.069, 16.711, 16.436, 16.529, 16.438, 16.343, 15.92, 14.922, 14.721, 13.444, 11.668, 11.03, 10.755, 9.614, 7.6, 5.35, 4.376, 3.569, 2.91, 2.395, 1.855, 0.0, 3.161, 5.749, 7.903, 10.565, 12.559, 12.687, 12.916, 13.545, 14.542, 15.72, 16.069, 15.872, 16.292, 16.308, 16.403, 16.436, 16.536, 16.761, 17.144, 17.666, 18.045, 18.66, 19.322, 19.737, 19.954, 20.217, 20.752, 21.68, 22.252, 22.392, 22.402, 22.518, 22.591, 22.608, 22.493, 22.402, 22.422, 22.357, 22.211, 22.138, 22.239, 22.223, 22.194, 22.168, 22.185, 22.598, 22.795, 22.854, 23.06, 23.451, 23.543, 23.408, 23.302, 23.287, 23.403, 23.425, 23.491, 23.501, 23.417, 23.418, 23.618, 23.535, 23.631], [18.272, 17.664, 17.383, 17.228, 17.392, 17.341, 17.272, 16.888, 15.922, 15.72, 14.546, 12.921, 12.409, 12.194, 11.114, 9.138, 7.12, 6.39, 5.686, 5.083, 4.489, 4.304, 3.161, 0.0, 3.779, 7.029, 10.125, 12.382, 12.621, 12.93, 13.749, 14.866, 16.161, 16.633, 16.535, 16.976, 16.944, 17.061, 17.123, 17.188, 17.401, 17.843, 18.434, 18.848, 19.431, 20.017, 20.361, 20.554, 20.818, 21.324, 22.191, 22.721, 22.853, 22.862, 22.978, 23.05, 23.072, 22.99, 22.918, 22.942, 22.877, 22.702, 22.639, 22.762, 22.75, 22.725, 22.699, 22.7, 23.072, 23.278, 23.338, 23.519, 23.855, 23.931, 23.814, 23.708, 23.687, 23.787, 23.786, 23.833, 23.837, 23.761, 23.778, 23.974, 23.877, 23.953], [19.184, 18.628, 18.416, 18.314, 18.446, 18.378, 18.331, 17.989, 16.893, 16.438, 15.424, 14.206, 13.958, 13.84, 12.773, 10.864, 8.972, 8.063, 7.321, 6.874, 6.35, 6.163, 5.749, 3.779, 0.0, 4.643, 9.288, 12.327, 12.798, 13.174, 14.178, 15.487, 16.858, 17.201, 16.941, 17.355, 17.311, 17.385, 17.494, 17.659, 17.886, 18.304, 18.905, 19.282, 19.719, 20.133, 20.412, 20.6, 20.97, 21.659, 22.633, 23.166, 23.297, 23.314, 23.428, 23.501, 23.527, 23.461, 23.401, 23.419, 23.396, 23.257, 23.193, 23.313, 23.3, 23.262, 23.225, 23.271, 23.686, 23.881, 23.947, 24.079, 24.337, 24.382, 24.298, 24.223, 24.183, 24.268, 24.268, 24.335, 24.365, 24.304, 24.363, 24.596, 24.55, 24.659], [19.724, 19.12, 18.774, 18.556, 18.768, 18.77, 18.741, 18.499, 17.355, 16.61, 15.549, 14.507, 14.365, 14.298, 13.219, 11.618, 10.204, 9.359, 8.814, 8.657, 8.313, 8.061, 7.903, 7.029, 4.643, 0.0, 6.368, 10.537, 11.268, 11.645, 12.78, 14.281, 15.72, 15.962, 15.63, 16.089, 16.067, 16.186, 16.393, 16.714, 16.95, 17.328, 17.968, 18.347, 18.69, 19.059, 19.36, 19.521, 19.922, 20.662, 21.673, 22.22, 22.338, 22.34, 22.453, 22.521, 22.56, 22.491, 22.442, 22.491, 22.516, 22.434, 22.387, 22.516, 22.505, 22.456, 22.394, 22.354, 22.723, 22.913, 23.01, 23.151, 23.451, 23.527, 23.448, 23.379, 23.304, 23.39, 23.418, 23.524, 23.577, 23.52, 23.594, 23.901, 23.903, 24.064], [20.656, 20.013, 19.384, 18.835, 19.253, 19.447, 19.488, 19.299, 18.098, 17.138, 15.838, 14.554, 14.237, 14.177, 13.299, 12.56, 12.073, 11.603, 11.34, 11.341, 11.115, 10.789, 10.565, 10.125, 9.288, 6.368, 0.0, 5.026, 6.373, 7.108, 8.623, 10.335, 12.056, 12.772, 13.066, 13.755, 13.764, 14.223, 14.615, 14.907, 15.074, 15.499, 16.331, 16.874, 17.324, 17.94, 18.368, 18.452, 18.547, 18.744, 19.375, 19.862, 19.951, 19.902, 20.01, 20.067, 20.103, 20.047, 20.067, 20.187, 20.218, 20.179, 20.2, 20.354, 20.345, 20.318, 20.247, 19.961, 20.148, 20.398, 20.559, 20.756, 21.18, 21.344, 21.235, 21.152, 21.071, 21.188, 21.251, 21.398, 21.419, 21.346, 21.381, 21.754, 21.715, 21.859], [21.507, 20.903, 20.171, 19.425, 19.895, 20.178, 20.263, 20.065, 18.886, 17.935, 16.564, 15.128, 14.657, 14.6, 13.978, 13.819, 13.795, 13.533, 13.379, 13.398, 13.212, 12.838, 12.559, 12.382, 12.327, 10.537, 5.026, 0.0, 2.467, 4.285, 6.187, 7.876, 9.827, 11.135, 12.059, 12.876, 12.902, 13.564, 13.995, 14.137, 14.232, 14.724, 15.673, 16.341, 16.982, 17.869, 18.396, 18.445, 18.276, 17.958, 18.176, 18.574, 18.632, 18.552, 18.657, 18.694, 18.711, 18.665, 18.749, 18.902, 18.931, 18.961, 19.036, 19.18, 19.158, 19.151, 19.085, 18.667, 18.759, 19.076, 19.29, 19.535, 20.026, 20.242, 20.096, 20.008, 19.945, 20.081, 20.172, 20.332, 20.304, 20.219, 20.212, 20.617, 20.545, 20.66], [21.423, 20.826, 20.101, 19.364, 19.852, 20.134, 20.231, 20.032, 18.853, 17.964, 16.614, 15.128, 14.628, 14.59, 14.027, 13.943, 13.965, 13.727, 13.575, 13.596, 13.411, 13.004, 12.687, 12.621, 12.798, 11.268, 6.373, 2.467, 0.0, 2.713, 5.131, 6.885, 8.987, 10.5, 11.536, 12.408, 12.433, 13.096, 13.495, 13.575, 13.673, 14.239, 15.258, 15.998, 16.768, 17.753, 18.3, 18.346, 18.126, 17.729, 17.9, 18.302, 18.36, 18.268, 18.374, 18.408, 18.416, 18.339, 18.415, 18.583, 18.595, 18.619, 18.718, 18.879, 18.859, 18.856, 18.792, 18.346, 18.426, 18.772, 19.01, 19.285, 19.809, 20.037, 19.881, 19.784, 19.723, 19.859, 19.952, 20.101, 20.052, 19.968, 19.94, 20.331, 20.253, 20.36], [21.34, 20.731, 20.018, 19.334, 19.826, 20.091, 20.21, 20.037, 18.899, 18.066, 16.771, 15.318, 14.818, 14.772, 14.203, 14.119, 14.156, 13.93, 13.78, 13.814, 13.651, 13.245, 12.916, 12.93, 13.174, 11.645, 7.108, 4.285, 2.713, 0.0, 3.071, 5.466, 7.974, 9.681, 10.725, 11.648, 11.654, 12.284, 12.709, 12.804, 12.913, 13.477, 14.546, 15.338, 16.188, 17.269, 17.877, 17.944, 17.736, 17.362, 17.584, 18.032, 18.106, 18.02, 18.135, 18.195, 18.22, 18.139, 18.205, 18.375, 18.388, 18.392, 18.499, 18.717, 18.737, 18.748, 18.686, 18.234, 18.307, 18.645, 18.874, 19.165, 19.701, 19.931, 19.773, 19.684, 19.625, 19.758, 19.855, 19.995, 19.94, 19.854, 19.817, 20.2, 20.129, 20.249], [21.29, 20.679, 19.952, 19.266, 19.756, 20.034, 20.169, 20.013, 18.944, 18.163, 16.869, 15.416, 14.896, 14.835, 14.317, 14.364, 14.55, 14.428, 14.315, 14.373, 14.255, 13.851, 13.545, 13.749, 14.178, 12.78, 8.623, 6.187, 5.131, 3.071, 0.0, 3.201, 6.336, 8.413, 9.651, 10.647, 10.656, 11.337, 11.829, 11.894, 11.996, 12.493, 13.575, 14.429, 15.372, 16.61, 17.328, 17.437, 17.222, 16.804, 17.005, 17.493, 17.586, 17.509, 17.638, 17.728, 17.778, 17.698, 17.759, 17.916, 17.922, 17.918, 18.024, 18.29, 18.365, 18.416, 18.377, 17.93, 17.989, 18.312, 18.529, 18.848, 19.43, 19.683, 19.513, 19.42, 19.373, 19.513, 19.637, 19.781, 19.722, 19.64, 19.593, 19.987, 19.926, 20.058], [21.427, 20.827, 20.052, 19.317, 19.845, 20.155, 20.297, 20.141, 19.074, 18.267, 16.928, 15.458, 14.982, 14.938, 14.541, 14.855, 15.28, 15.291, 15.232, 15.316, 15.231, 14.828, 14.542, 14.866, 15.487, 14.281, 10.335, 7.876, 6.885, 5.466, 3.201, 0.0, 3.965, 6.869, 8.66, 9.822, 9.842, 10.69, 11.244, 11.186, 11.244, 11.775, 12.955, 13.929, 14.962, 16.267, 17.032, 17.179, 16.929, 16.398, 16.486, 16.975, 17.078, 16.984, 17.1, 17.196, 17.256, 17.184, 17.255, 17.4, 17.359, 17.337, 17.47, 17.766, 17.868, 17.981, 17.997, 17.524, 17.523, 17.848, 18.075, 18.425, 19.08, 19.375, 19.197, 19.081, 19.027, 19.174, 19.306, 19.454, 19.39, 19.31, 19.231, 19.615, 19.54, 19.648], [21.391, 20.837, 19.988, 19.175, 19.742, 20.053, 20.205, 20.068, 18.97, 18.141, 16.834, 15.445, 15.065, 15.133, 14.881, 15.389, 16.037, 16.235, 16.29, 16.413, 16.352, 15.967, 15.72, 16.161, 16.858, 15.72, 12.056, 9.827, 8.987, 7.974, 6.336, 3.965, 0.0, 4.004, 6.923, 8.33, 8.438, 9.463, 10.043, 9.928, 9.962, 10.543, 11.875, 12.969, 14.068, 15.475, 16.32, 16.51, 16.288, 15.783, 15.819, 16.275, 16.37, 16.26, 16.357, 16.463, 16.533, 16.48, 16.584, 16.71, 16.639, 16.651, 16.843, 17.168, 17.273, 17.414, 17.494, 17.039, 16.958, 17.232, 17.475, 17.872, 18.614, 18.943, 18.758, 18.641, 18.578, 18.734, 18.85, 18.992, 18.932, 18.86, 18.786, 19.209, 19.15, 19.258], [21.152, 20.643, 19.793, 18.955, 19.489, 19.749, 19.906, 19.766, 18.515, 17.566, 16.379, 15.247, 15.019, 15.171, 14.971, 15.459, 16.09, 16.301, 16.433, 16.612, 16.578, 16.217, 16.069, 16.633, 17.201, 15.962, 12.772, 11.135, 10.5, 9.681, 8.413, 6.869, 4.004, 0.0, 3.949, 5.806, 6.047, 7.223, 7.925, 8.075, 8.212, 8.795, 10.227, 11.303, 12.271, 13.656, 14.601, 14.844, 14.769, 14.66, 15.089, 15.7, 15.827, 15.749, 15.852, 15.965, 16.055, 16.026, 16.13, 16.186, 16.114, 16.19, 16.404, 16.741, 16.844, 16.943, 17.032, 16.8, 16.941, 17.163, 17.408, 17.822, 18.6, 18.913, 18.728, 18.672, 18.617, 18.789, 18.924, 19.11, 19.09, 19.023, 19.0, 19.509, 19.542, 19.703], [20.995, 20.512, 19.758, 19.03, 19.466, 19.655, 19.79, 19.644, 18.355, 17.38, 16.336, 15.451, 15.357, 15.509, 15.209, 15.465, 15.837, 15.882, 16.019, 16.248, 16.241, 15.915, 15.872, 16.535, 16.941, 15.63, 13.066, 12.059, 11.536, 10.725, 9.651, 8.66, 6.923, 3.949, 0.0, 2.509, 3.032, 4.287, 5.308, 5.913, 6.289, 6.895, 8.305, 9.256, 10.066, 11.404, 12.479, 12.825, 12.974, 13.415, 14.588, 15.601, 15.826, 15.802, 15.931, 16.072, 16.19, 16.188, 16.263, 16.217, 16.128, 16.228, 16.413, 16.749, 16.851, 16.919, 17.0, 17.072, 17.639, 17.91, 18.146, 18.549, 19.309, 19.596, 19.438, 19.427, 19.379, 19.562, 19.707, 19.913, 19.924, 19.854, 19.863, 20.391, 20.481, 20.671], [21.092, 20.66, 19.939, 19.224, 19.61, 19.768, 19.888, 19.745, 18.483, 17.539, 16.592, 15.827, 15.772, 15.932, 15.641, 15.868, 16.198, 16.218, 16.355, 16.603, 16.605, 16.303, 16.292, 16.976, 17.355, 16.089, 13.755, 12.876, 12.408, 11.648, 10.647, 9.822, 8.33, 5.806, 2.509, 0.0, 1.462, 2.898, 4.074, 4.935, 5.422, 6.104, 7.435, 8.22, 8.883, 10.291, 11.505, 11.897, 12.095, 12.683, 14.134, 15.34, 15.622, 15.626, 15.785, 15.952, 16.086, 16.099, 16.174, 16.085, 15.974, 16.08, 16.255, 16.593, 16.701, 16.775, 16.861, 17.042, 17.801, 18.131, 18.383, 18.784, 19.53, 19.817, 19.672, 19.682, 19.651, 19.841, 19.988, 20.203, 20.224, 20.158, 20.177, 20.714, 20.819, 21.016], [21.057, 20.614, 19.92, 19.224, 19.624, 19.811, 19.943, 19.811, 18.568, 17.632, 16.683, 15.92, 15.878, 16.016, 15.67, 15.865, 16.225, 16.283, 16.41, 16.644, 16.643, 16.338, 16.308, 16.944, 17.311, 16.067, 13.764, 12.902, 12.433, 11.654, 10.656, 9.842, 8.438, 6.047, 3.032, 1.462, 0.0, 2.175, 3.629, 4.553, 5.061, 5.925, 7.448, 8.261, 8.926, 10.361, 11.588, 11.99, 12.238, 12.825, 14.204, 15.356, 15.632, 15.636, 15.787, 15.947, 16.07, 16.078, 16.157, 16.075, 15.993, 16.121, 16.314, 16.664, 16.763, 16.83, 16.903, 17.061, 17.779, 18.111, 18.387, 18.804, 19.538, 19.808, 19.668, 19.662, 19.614, 19.804, 19.962, 20.181, 20.196, 20.127, 20.145, 20.693, 20.798, 20.991], [21.036, 20.609, 19.965, 19.34, 19.662, 19.832, 19.958, 19.826, 18.664, 17.819, 16.938, 16.239, 16.237, 16.398, 16.017, 16.077, 16.345, 16.361, 16.473, 16.707, 16.708, 16.416, 16.403, 17.061, 17.385, 16.186, 14.223, 13.564, 13.096, 12.284, 11.337, 10.69, 9.463, 7.223, 4.287, 2.898, 2.175, 0.0, 2.091, 3.644, 4.372, 5.355, 6.861, 7.617, 8.379, 9.934, 11.229, 11.672, 12.039, 12.896, 14.489, 15.708, 15.993, 16.006, 16.162, 16.324, 16.438, 16.412, 16.467, 16.376, 16.298, 16.425, 16.593, 16.942, 17.036, 17.082, 17.144, 17.368, 18.148, 18.464, 18.734, 19.167, 19.884, 20.131, 20.012, 20.035, 19.98, 20.166, 20.328, 20.554, 20.58, 20.513, 20.549, 21.128, 21.282, 21.49], [20.928, 20.534, 19.901, 19.27, 19.555, 19.712, 19.822, 19.677, 18.591, 17.875, 17.033, 16.318, 16.316, 16.494, 16.1, 16.068, 16.316, 16.378, 16.504, 16.736, 16.738, 16.464, 16.436, 17.123, 17.494, 16.393, 14.615, 13.995, 13.495, 12.709, 11.829, 11.244, 10.043, 7.925, 5.308, 4.074, 3.629, 2.091, 0.0, 2.373, 3.483, 4.623, 6.231, 7.005, 7.931, 9.694, 11.066, 11.539, 11.99, 13.018, 14.693, 15.926, 16.217, 16.232, 16.403, 16.573, 16.674, 16.586, 16.605, 16.523, 16.411, 16.507, 16.65, 16.987, 17.087, 17.123, 17.175, 17.421, 18.223, 18.539, 18.799, 19.247, 19.975, 20.216, 20.086, 20.124, 20.079, 20.257, 20.406, 20.619, 20.639, 20.568, 20.601, 21.171, 21.329, 21.528], [20.728, 20.326, 19.689, 19.066, 19.381, 19.602, 19.732, 19.589, 18.604, 17.994, 17.137, 16.343, 16.318, 16.488, 16.053, 15.992, 16.338, 16.53, 16.667, 16.885, 16.882, 16.605, 16.536, 17.188, 17.659, 16.714, 14.907, 14.137, 13.575, 12.804, 11.894, 11.186, 9.928, 8.075, 5.913, 4.935, 4.553, 3.644, 2.373, 0.0, 1.794, 3.77, 5.689, 6.712, 7.919, 9.897, 11.297, 11.763, 12.222, 13.151, 14.676, 15.871, 16.158, 16.169, 16.354, 16.544, 16.635, 16.507, 16.501, 16.426, 16.286, 16.354, 16.496, 16.838, 16.955, 17.003, 17.055, 17.275, 18.075, 18.427, 18.684, 19.153, 19.922, 20.198, 20.051, 20.067, 20.035, 20.201, 20.329, 20.518, 20.515, 20.442, 20.46, 20.992, 21.112, 21.282], [20.744, 20.336, 19.691, 19.064, 19.404, 19.666, 19.831, 19.692, 18.709, 18.088, 17.22, 16.422, 16.4, 16.553, 16.132, 16.125, 16.519, 16.753, 16.9, 17.117, 17.118, 16.833, 16.761, 17.401, 17.886, 16.95, 15.074, 14.232, 13.673, 12.913, 11.996, 11.244, 9.962, 8.212, 6.289, 5.422, 5.061, 4.372, 3.483, 1.794, 0.0, 2.857, 5.174, 6.351, 7.681, 9.753, 11.198, 11.681, 12.095, 12.938, 14.415, 15.597, 15.873, 15.885, 16.07, 16.261, 16.352, 16.22, 16.216, 16.144, 15.998, 16.049, 16.197, 16.556, 16.686, 16.746, 16.804, 17.021, 17.824, 18.178, 18.443, 18.924, 19.699, 19.985, 19.857, 19.879, 19.842, 20.004, 20.131, 20.317, 20.303, 20.23, 20.256, 20.802, 20.915, 21.091], [20.98, 20.579, 19.932, 19.319, 19.629, 19.863, 20.037, 19.929, 18.958, 18.302, 17.47, 16.769, 16.79, 16.947, 16.52, 16.489, 16.811, 17.002, 17.171, 17.399, 17.414, 17.163, 17.144, 17.843, 18.304, 17.328, 15.499, 14.724, 14.239, 13.477, 12.493, 11.775, 10.543, 8.795, 6.895, 6.104, 5.925, 5.355, 4.623, 3.77, 2.857, 0.0, 2.942, 4.579, 6.247, 8.59, 10.165, 10.735, 11.238, 12.209, 13.889, 15.182, 15.478, 15.501, 15.687, 15.894, 16.005, 15.876, 15.862, 15.772, 15.624, 15.71, 15.892, 16.292, 16.459, 16.537, 16.605, 16.87, 17.737, 18.074, 18.341, 18.824, 19.611, 19.891, 19.785, 19.862, 19.826, 19.986, 20.102, 20.28, 20.27, 20.194, 20.233, 20.81, 20.948, 21.148], [21.263, 20.885, 20.258, 19.67, 19.881, 20.062, 20.212, 20.123, 19.282, 18.705, 17.941, 17.323, 17.367, 17.545, 17.115, 16.999, 17.227, 17.365, 17.552, 17.8, 17.838, 17.638, 17.666, 18.434, 18.905, 17.968, 16.331, 15.673, 15.258, 14.546, 13.575, 12.955, 11.875, 10.227, 8.305, 7.435, 7.448, 6.861, 6.231, 5.689, 5.174, 2.942, 0.0, 2.242, 4.759, 7.672, 9.452, 10.036, 10.581, 11.773, 13.748, 15.219, 15.566, 15.623, 15.828, 16.039, 16.183, 16.039, 15.957, 15.832, 15.679, 15.807, 15.979, 16.349, 16.523, 16.609, 16.685, 17.054, 18.069, 18.424, 18.646, 19.116, 19.909, 20.199, 20.107, 20.23, 20.241, 20.402, 20.506, 20.681, 20.694, 20.616, 20.655, 21.205, 21.34, 21.534], [21.485, 21.13, 20.522, 19.92, 20.034, 20.172, 20.312, 20.227, 19.447, 18.923, 18.228, 17.677, 17.741, 17.942, 17.521, 17.352, 17.527, 17.642, 17.841, 18.105, 18.155, 17.982, 18.045, 18.848, 19.282, 18.347, 16.874, 16.341, 15.998, 15.338, 14.429, 13.929, 12.969, 11.303, 9.256, 8.22, 8.261, 7.617, 7.005, 6.712, 6.351, 4.579, 2.242, 0.0, 3.29, 6.843, 8.918, 9.534, 10.116, 11.547, 13.751, 15.325, 15.707, 15.793, 16.019, 16.236, 16.392, 16.242, 16.134, 15.982, 15.835, 15.983, 16.117, 16.453, 16.625, 16.703, 16.768, 17.244, 18.4, 18.77, 18.974, 19.425, 20.19, 20.457, 20.373, 20.528, 20.566, 20.754, 20.883, 21.079, 21.101, 21.014, 21.064, 21.622, 21.769, 21.961], [21.756, 21.426, 20.821, 20.181, 20.239, 20.349, 20.508, 20.423, 19.553, 18.923, 18.348, 18.025, 18.187, 18.417, 18.038, 17.911, 18.097, 18.189, 18.383, 18.65, 18.699, 18.551, 18.66, 19.431, 19.719, 18.69, 17.324, 16.982, 16.768, 16.188, 15.372, 14.962, 14.068, 12.271, 10.066, 8.883, 8.926, 8.379, 7.931, 7.919, 7.681, 6.247, 4.759, 3.29, 0.0, 4.266, 6.963, 7.72, 8.513, 10.485, 13.119, 14.848, 15.277, 15.41, 15.673, 15.912, 16.101, 16.025, 15.961, 15.764, 15.647, 15.808, 15.901, 16.242, 16.436, 16.515, 16.569, 17.172, 18.497, 18.882, 19.113, 19.526, 20.253, 20.488, 20.418, 20.643, 20.684, 20.891, 21.066, 21.324, 21.375, 21.291, 21.382, 22.009, 22.228, 22.474], [21.982, 21.668, 21.085, 20.486, 20.52, 20.567, 20.732, 20.659, 19.652, 18.882, 18.457, 18.478, 18.849, 19.101, 18.797, 18.728, 18.842, 18.837, 18.993, 19.251, 19.287, 19.163, 19.322, 20.017, 20.133, 19.059, 17.94, 17.869, 17.753, 17.269, 16.61, 16.267, 15.475, 13.656, 11.404, 10.291, 10.361, 9.934, 9.694, 9.897, 9.753, 8.59, 7.672, 6.843, 4.266, 0.0, 3.477, 4.787, 6.272, 9.344, 12.723, 14.657, 15.134, 15.321, 15.607, 15.846, 16.052, 16.113, 16.124, 15.871, 15.815, 15.982, 16.057, 16.41, 16.584, 16.64, 16.704, 17.445, 18.914, 19.299, 19.568, 19.922, 20.604, 20.822, 20.796, 21.09, 21.11, 21.315, 21.491, 21.796, 21.897, 21.832, 21.957, 22.64, 22.93, 23.228], [22.055, 21.751, 21.176, 20.582, 20.604, 20.618, 20.77, 20.71, 19.637, 18.801, 18.458, 18.684, 19.225, 19.499, 19.21, 19.211, 19.339, 19.305, 19.443, 19.683, 19.706, 19.583, 19.737, 20.361, 20.412, 19.36, 18.368, 18.396, 18.3, 17.877, 17.328, 17.032, 16.32, 14.601, 12.479, 11.505, 11.588, 11.229, 11.066, 11.297, 11.198, 10.165, 9.452, 8.918, 6.963, 3.477, 0.0, 2.243, 4.918, 8.71, 12.423, 14.427, 14.935, 15.145, 15.432, 15.667, 15.877, 16.005, 16.056, 15.815, 15.838, 16.075, 16.217, 16.574, 16.718, 16.759, 16.832, 17.618, 19.116, 19.508, 19.809, 20.139, 20.801, 21.014, 20.995, 21.31, 21.326, 21.536, 21.703, 21.999, 22.118, 22.059, 22.192, 22.884, 23.204, 23.536], [22.132, 21.831, 21.241, 20.626, 20.646, 20.653, 20.802, 20.74, 19.66, 18.821, 18.513, 18.76, 19.305, 19.618, 19.366, 19.406, 19.589, 19.566, 19.699, 19.932, 19.949, 19.819, 19.954, 20.554, 20.6, 19.521, 18.452, 18.445, 18.346, 17.944, 17.437, 17.179, 16.51, 14.844, 12.825, 11.897, 11.99, 11.672, 11.539, 11.763, 11.681, 10.735, 10.036, 9.534, 7.72, 4.787, 2.243, 0.0, 3.562, 7.933, 11.874, 13.933, 14.477, 14.705, 15.007, 15.251, 15.485, 15.647, 15.707, 15.5, 15.564, 15.823, 15.996, 16.349, 16.494, 16.551, 16.632, 17.4, 18.899, 19.325, 19.635, 19.966, 20.635, 20.858, 20.827, 21.153, 21.191, 21.412, 21.585, 21.868, 21.984, 21.933, 22.077, 22.777, 23.108, 23.448], [22.433, 22.133, 21.485, 20.779, 20.803, 20.812, 20.979, 20.923, 19.838, 18.986, 18.62, 18.731, 19.119, 19.429, 19.371, 19.626, 19.878, 19.857, 19.999, 20.23, 20.248, 20.109, 20.217, 20.818, 20.97, 19.922, 18.547, 18.276, 18.126, 17.736, 17.222, 16.929, 16.288, 14.769, 12.974, 12.095, 12.238, 12.039, 11.99, 12.222, 12.095, 11.238, 10.581, 10.116, 8.513, 6.272, 4.918, 3.562, 0.0, 5.36, 10.13, 12.472, 13.083, 13.343, 13.682, 13.966, 14.245, 14.456, 14.596, 14.414, 14.423, 14.661, 14.865, 15.282, 15.477, 15.565, 15.664, 16.425, 18.0, 18.51, 18.817, 19.128, 19.824, 20.092, 20.074, 20.446, 20.53, 20.766, 20.943, 21.236, 21.353, 21.316, 21.5, 22.272, 22.613, 22.938], [23.064, 22.743, 22.025, 21.187, 21.285, 21.371, 21.573, 21.55, 20.498, 19.618, 19.076, 18.873, 19.005, 19.257, 19.355, 20.01, 20.521, 20.549, 20.685, 20.881, 20.892, 20.721, 20.752, 21.324, 21.659, 20.662, 18.744, 17.958, 17.729, 17.362, 16.804, 16.398, 15.783, 14.66, 13.415, 12.683, 12.825, 12.896, 13.018, 13.151, 12.938, 12.209, 11.773, 11.547, 10.485, 9.344, 8.71, 7.933, 5.36, 0.0, 5.884, 9.054, 9.873, 10.195, 10.593, 10.995, 11.367, 11.711, 12.12, 12.035, 11.981, 12.233, 12.526, 13.058, 13.328, 13.48, 13.596, 14.315, 16.116, 16.824, 17.188, 17.51, 18.253, 18.616, 18.617, 19.027, 19.156, 19.418, 19.615, 19.921, 20.009, 19.96, 20.196, 21.127, 21.502, 21.816], [23.682, 23.351, 22.605, 21.682, 21.895, 22.09, 22.317, 22.341, 21.373, 20.521, 19.872, 19.429, 19.412, 19.628, 19.767, 20.655, 21.489, 21.682, 21.801, 21.95, 21.944, 21.732, 21.68, 22.191, 22.633, 21.673, 19.375, 18.176, 17.9, 17.584, 17.005, 16.486, 15.819, 15.089, 14.588, 14.134, 14.204, 14.489, 14.693, 14.676, 14.415, 13.889, 13.748, 13.751, 13.119, 12.723, 12.423, 11.874, 10.13, 5.884, 0.0, 4.122, 5.442, 5.941, 6.483, 7.122, 7.692, 8.242, 9.116, 9.275, 9.387, 9.888, 10.28, 10.855, 11.197, 11.437, 11.564, 12.128, 14.042, 14.944, 15.397, 15.725, 16.443, 16.903, 16.934, 17.357, 17.548, 17.842, 18.107, 18.445, 18.487, 18.432, 18.72, 19.818, 20.273, 20.629], [23.945, 23.624, 22.882, 21.924, 22.183, 22.427, 22.662, 22.711, 21.789, 20.978, 20.322, 19.832, 19.793, 20.006, 20.161, 21.099, 22.035, 22.319, 22.442, 22.567, 22.557, 22.336, 22.252, 22.721, 23.166, 22.22, 19.862, 18.574, 18.302, 18.032, 17.493, 16.975, 16.275, 15.7, 15.601, 15.34, 15.356, 15.708, 15.926, 15.871, 15.597, 15.182, 15.219, 15.325, 14.848, 14.657, 14.427, 13.933, 12.472, 9.054, 4.122, 0.0, 1.932, 2.989, 3.895, 4.775, 5.567, 6.359, 7.541, 7.928, 8.427, 9.354, 9.839, 10.321, 10.618, 10.858, 10.971, 11.317, 13.007, 13.897, 14.417, 14.726, 15.408, 15.903, 15.974, 16.391, 16.589, 16.892, 17.232, 17.617, 17.655, 17.626, 17.963, 19.169, 19.735, 20.208], [24.001, 23.682, 22.939, 21.981, 22.25, 22.505, 22.746, 22.81, 21.896, 21.079, 20.415, 19.929, 19.892, 20.098, 20.266, 21.226, 22.17, 22.462, 22.593, 22.717, 22.707, 22.484, 22.392, 22.853, 23.297, 22.338, 19.951, 18.632, 18.36, 18.106, 17.586, 17.078, 16.37, 15.827, 15.826, 15.622, 15.632, 15.993, 16.217, 16.158, 15.873, 15.478, 15.566, 15.707, 15.277, 15.134, 14.935, 14.477, 13.083, 9.873, 5.442, 1.932, 0.0, 1.595, 2.83, 3.834, 4.748, 5.693, 7.011, 7.454, 8.084, 9.236, 9.856, 10.345, 10.606, 10.821, 10.923, 11.18, 12.776, 13.637, 14.177, 14.479, 15.155, 15.658, 15.748, 16.177, 16.355, 16.657, 17.018, 17.429, 17.473, 17.457, 17.806, 19.03, 19.621, 20.148], [23.992, 23.668, 22.915, 21.953, 22.233, 22.489, 22.731, 22.805, 21.885, 21.045, 20.365, 19.883, 19.857, 20.06, 20.231, 21.219, 22.18, 22.476, 22.609, 22.733, 22.724, 22.499, 22.402, 22.862, 23.314, 22.34, 19.902, 18.552, 18.268, 18.02, 17.509, 16.984, 16.26, 15.749, 15.802, 15.626, 15.636, 16.006, 16.232, 16.169, 15.885, 15.501, 15.623, 15.793, 15.41, 15.321, 15.145, 14.705, 13.343, 10.195, 5.941, 2.989, 1.595, 0.0, 1.661, 2.954, 3.98, 5.069, 6.528, 7.01, 7.623, 8.896, 9.704, 10.276, 10.531, 10.747, 10.866, 11.091, 12.66, 13.516, 14.068, 14.377, 15.053, 15.545, 15.618, 16.027, 16.183, 16.487, 16.846, 17.254, 17.291, 17.27, 17.605, 18.829, 19.415, 19.944], [24.093, 23.768, 23.017, 22.061, 22.349, 22.605, 22.847, 22.919, 21.987, 21.127, 20.443, 19.965, 19.948, 20.154, 20.317, 21.316, 22.285, 22.579, 22.713, 22.837, 22.834, 22.612, 22.518, 22.978, 23.428, 22.453, 20.01, 18.657, 18.374, 18.135, 17.638, 17.1, 16.357, 15.852, 15.931, 15.785, 15.787, 16.162, 16.403, 16.354, 16.07, 15.687, 15.828, 16.019, 15.673, 15.607, 15.432, 15.007, 13.682, 10.593, 6.483, 3.895, 2.83, 1.661, 0.0, 1.889, 3.248, 4.609, 6.301, 6.829, 7.486, 8.873, 9.858, 10.547, 10.797, 10.981, 11.099, 11.321, 12.818, 13.629, 14.179, 14.485, 15.139, 15.596, 15.66, 16.06, 16.206, 16.51, 16.849, 17.24, 17.272, 17.234, 17.54, 18.754, 19.352, 19.893], [24.129, 23.809, 23.056, 22.096, 22.395, 22.662, 22.909, 22.983, 22.037, 21.145, 20.452, 19.988, 19.989, 20.205, 20.362, 21.384, 22.362, 22.647, 22.78, 22.906, 22.906, 22.685, 22.591, 23.05, 23.501, 22.521, 20.067, 18.694, 18.408, 18.195, 17.728, 17.196, 16.463, 15.965, 16.072, 15.952, 15.947, 16.324, 16.573, 16.544, 16.261, 15.894, 16.039, 16.236, 15.912, 15.846, 15.667, 15.251, 13.966, 10.995, 7.122, 4.775, 3.834, 2.954, 1.889, 0.0, 2.009, 3.926, 5.706, 6.275, 7.136, 8.775, 9.847, 10.507, 10.703, 10.855, 10.971, 11.178, 12.61, 13.397, 13.973, 14.274, 14.928, 15.383, 15.459, 15.855, 15.983, 16.271, 16.601, 17.002, 17.044, 17.012, 17.306, 18.535, 19.168, 19.735], [24.066, 23.746, 22.985, 22.001, 22.301, 22.582, 22.84, 22.929, 21.997, 21.105, 20.405, 19.941, 19.956, 20.178, 20.334, 21.373, 22.369, 22.658, 22.788, 22.915, 22.919, 22.697, 22.608, 23.072, 23.527, 22.56, 20.103, 18.711, 18.416, 18.22, 17.778, 17.256, 16.533, 16.055, 16.19, 16.086, 16.07, 16.438, 16.674, 16.635, 16.352, 16.005, 16.183, 16.392, 16.101, 16.052, 15.877, 15.485, 14.245, 11.367, 7.692, 5.567, 4.748, 3.98, 3.248, 2.009, 0.0, 2.749, 4.923, 5.512, 6.571, 8.407, 9.51, 10.178, 10.365, 10.492, 10.602, 10.828, 12.3, 13.122, 13.751, 14.058, 14.736, 15.201, 15.296, 15.706, 15.805, 16.081, 16.395, 16.801, 16.851, 16.831, 17.123, 18.352, 18.976, 19.535], [23.836, 23.518, 22.739, 21.717, 22.016, 22.315, 22.582, 22.683, 21.766, 20.904, 20.202, 19.723, 19.761, 19.996, 20.151, 21.204, 22.231, 22.539, 22.671, 22.804, 22.815, 22.587, 22.493, 22.99, 23.461, 22.491, 20.047, 18.665, 18.339, 18.139, 17.698, 17.184, 16.48, 16.026, 16.188, 16.099, 16.078, 16.412, 16.586, 16.507, 16.22, 15.876, 16.039, 16.242, 16.025, 16.113, 16.005, 15.647, 14.456, 11.711, 8.242, 6.359, 5.693, 5.069, 4.609, 3.926, 2.749, 0.0, 2.882, 3.93, 5.149, 7.305, 8.562, 9.311, 9.572, 9.725, 9.823, 10.038, 11.609, 12.472, 13.119, 13.45, 14.189, 14.691, 14.795, 15.256, 15.346, 15.624, 15.954, 16.388, 16.462, 16.459, 16.772, 18.038, 18.692, 19.268], [23.628, 23.311, 22.523, 21.493, 21.782, 22.082, 22.345, 22.445, 21.55, 20.728, 20.048, 19.59, 19.678, 19.94, 20.084, 21.12, 22.132, 22.44, 22.571, 22.704, 22.719, 22.5, 22.402, 22.918, 23.401, 22.442, 20.067, 18.749, 18.415, 18.205, 17.759, 17.255, 16.584, 16.13, 16.263, 16.174, 16.157, 16.467, 16.605, 16.501, 16.216, 15.862, 15.957, 16.134, 15.961, 16.124, 16.056, 15.707, 14.596, 12.12, 9.116, 7.541, 7.011, 6.528, 6.301, 5.706, 4.923, 2.882, 0.0, 1.917, 3.806, 6.484, 7.976, 8.639, 8.892, 9.097, 9.227, 9.445, 11.047, 11.922, 12.553, 12.92, 13.738, 14.289, 14.382, 14.852, 14.954, 15.221, 15.56, 16.0, 16.094, 16.119, 16.444, 17.713, 18.397, 19.006], [23.623, 23.313, 22.53, 21.506, 21.774, 22.06, 22.325, 22.419, 21.514, 20.684, 20.022, 19.601, 19.707, 19.98, 20.145, 21.175, 22.149, 22.439, 22.566, 22.698, 22.716, 22.505, 22.422, 22.942, 23.419, 22.491, 20.187, 18.902, 18.583, 18.375, 17.916, 17.4, 16.71, 16.186, 16.217, 16.085, 16.075, 16.376, 16.523, 16.426, 16.144, 15.772, 15.832, 15.982, 15.764, 15.871, 15.815, 15.5, 14.414, 12.035, 9.275, 7.928, 7.454, 7.01, 6.829, 6.275, 5.512, 3.93, 1.917, 0.0, 2.901, 6.155, 7.82, 8.531, 8.781, 8.988, 9.165, 9.621, 11.402, 12.269, 12.875, 13.223, 14.052, 14.613, 14.729, 15