[[0.0, 3.307, 5.624, 6.985, 7.486, 8.202, 9.315, 10.64, 11.341, 11.062, 11.363, 12.692, 13.189, 13.381, 13.764, 14.38, 15.725, 16.361, 16.469, 16.931, 17.496, 17.276, 17.519, 18.317, 18.323, 19.054, 19.254, 20.471, 21.678, 21.993, 22.429, 22.573, 22.464, 22.447, 22.921, 22.966, 23.049, 22.865, 22.81, 22.725, 22.383, 22.111, 22.026, 22.218, 22.139, 21.872, 21.947, 21.865, 21.905, 22.084, 21.826, 21.632, 21.765, 21.801, 21.362, 21.08, 21.314, 21.169, 21.118, 21.775, 22.15, 22.183, 22.261, 22.21, 22.097, 21.915, 21.848, 21.859, 21.762, 21.661, 22.132, 22.637, 22.72, 23.001, 23.501, 23.614, 23.497, 23.335, 23.403, 23.953, 24.534, 24.773, 24.62, 24.512, 24.933, 25.261], [3.307, 0.0, 3.451, 5.814, 6.691, 7.742, 8.716, 9.846, 10.464, 10.272, 10.53, 11.608, 12.196, 12.371, 12.81, 13.475, 14.656, 15.313, 15.462, 15.873, 16.42, 16.356, 16.71, 17.517, 17.634, 18.492, 18.739, 19.78, 20.943, 21.192, 21.582, 21.745, 21.677, 21.695, 22.163, 22.228, 22.278, 22.085, 22.037, 21.948, 21.675, 21.46, 21.324, 21.514, 21.453, 21.195, 21.249, 21.176, 21.162, 21.334, 21.212, 21.17, 21.37, 21.388, 20.848, 20.399, 20.51, 20.346, 20.276, 20.917, 21.251, 21.205, 21.273, 21.264, 21.175, 20.978, 20.894, 20.892, 20.787, 20.719, 21.218, 21.723, 21.808, 22.044, 22.505, 22.701, 22.725, 22.555, 22.571, 23.156, 23.804, 24.134, 24.084, 23.995, 24.317, 24.599], [5.624, 3.451, 0.0, 3.529, 5.399, 6.646, 7.768, 9.219, 9.832, 9.87, 10.408, 11.433, 12.06, 12.226, 12.843, 13.601, 14.598, 15.205, 15.496, 16.086, 16.648, 16.537, 16.94, 17.733, 17.911, 18.741, 18.973, 20.004, 21.128, 21.351, 21.719, 21.899, 21.846, 21.889, 22.349, 22.418, 22.514, 22.362, 22.318, 22.214, 21.924, 21.677, 21.539, 21.704, 21.643, 21.403, 21.443, 21.359, 21.263, 21.387, 21.279, 21.255, 21.466, 21.489, 20.978, 20.567, 20.635, 20.456, 20.404, 21.065, 21.374, 21.246, 21.279, 21.256, 21.144, 20.937, 20.849, 20.85, 20.756, 20.702, 21.178, 21.668, 21.76, 21.996, 22.453, 22.633, 22.668, 22.529, 22.57, 23.171, 23.833, 24.18, 24.179, 24.158, 24.531, 24.821], [6.985, 5.814, 3.529, 0.0, 2.891, 4.574, 6.112, 8.403, 9.199, 9.372, 10.164, 11.458, 12.266, 12.594, 13.273, 13.992, 14.97, 15.564, 15.879, 16.642, 17.368, 17.259, 17.648, 18.436, 18.614, 19.383, 19.597, 20.653, 21.739, 21.986, 22.363, 22.54, 22.483, 22.496, 22.942, 23.009, 23.143, 23.042, 23.001, 22.9, 22.606, 22.359, 22.243, 22.36, 22.274, 22.055, 22.085, 21.991, 21.875, 21.958, 21.787, 21.69, 21.855, 21.885, 21.471, 21.175, 21.274, 21.078, 21.012, 21.664, 21.979, 21.872, 21.892, 21.823, 21.687, 21.499, 21.422, 21.421, 21.324, 21.265, 21.711, 22.167, 22.243, 22.495, 22.96, 23.069, 23.062, 22.98, 23.073, 23.652, 24.252, 24.524, 24.493, 24.522, 24.972, 25.291], [7.486, 6.691, 5.399, 2.891, 0.0, 2.437, 4.735, 7.62, 8.562, 8.695, 9.492, 10.947, 11.959, 12.456, 13.097, 13.759, 14.816, 15.432, 15.691, 16.409, 17.175, 17.126, 17.517, 18.335, 18.496, 19.238, 19.47, 20.452, 21.485, 21.761, 22.145, 22.318, 22.264, 22.25, 22.674, 22.751, 22.88, 22.793, 22.756, 22.673, 22.418, 22.204, 22.059, 22.133, 22.033, 21.824, 21.844, 21.739, 21.639, 21.746, 21.596, 21.499, 21.652, 21.696, 21.333, 21.071, 21.18, 20.985, 20.89, 21.496, 21.825, 21.773, 21.804, 21.72, 21.594, 21.417, 21.339, 21.328, 21.218, 21.156, 21.6, 22.037, 22.095, 22.331, 22.778, 22.867, 22.88, 22.814, 22.905, 23.461, 24.035, 24.282, 24.233, 24.24, 24.653, 24.963], [8.202, 7.742, 6.646, 4.574, 2.437, 0.0, 3.631, 7.171, 8.222, 8.325, 9.214, 10.846, 11.96, 12.553, 13.211, 13.872, 14.955, 15.553, 15.79, 16.507, 17.276, 17.23, 17.628, 18.483, 18.643, 19.33, 19.563, 20.545, 21.573, 21.919, 22.326, 22.501, 22.457, 22.435, 22.836, 22.909, 23.049, 22.979, 22.946, 22.883, 22.662, 22.469, 22.334, 22.397, 22.301, 22.099, 22.116, 21.995, 21.891, 21.994, 21.841, 21.732, 21.874, 21.926, 21.616, 21.434, 21.563, 21.367, 21.251, 21.814, 22.144, 22.103, 22.113, 21.995, 21.856, 21.685, 21.607, 21.598, 21.492, 21.419, 21.831, 22.249, 22.308, 22.546, 22.978, 23.015, 22.978, 22.927, 23.047, 23.601, 24.15, 24.363, 24.287, 24.285, 24.709, 25.023], [9.315, 8.716, 7.768, 6.112, 4.735, 3.631, 0.0, 4.17, 5.538, 5.771, 6.915, 8.878, 10.365, 11.113, 11.764, 12.377, 13.487, 14.161, 14.424, 15.246, 16.235, 16.32, 16.813, 17.785, 17.963, 18.676, 18.964, 19.97, 21.074, 21.513, 21.987, 22.199, 22.216, 22.225, 22.618, 22.692, 22.839, 22.799, 22.769, 22.729, 22.637, 22.547, 22.417, 22.474, 22.393, 22.222, 22.227, 22.106, 21.998, 22.098, 21.996, 21.938, 22.1, 22.147, 21.814, 21.595, 21.692, 21.5, 21.387, 21.924, 22.23, 22.164, 22.187, 22.103, 21.969, 21.798, 21.719, 21.707, 21.595, 21.513, 21.917, 22.322, 22.374, 22.583, 22.974, 23.03, 23.013, 22.918, 23.013, 23.589, 24.141, 24.365, 24.305, 24.294, 24.673, 24.958], [10.64, 9.846, 9.219, 8.403, 7.62, 7.171, 4.17, 0.0, 1.948, 2.794, 4.421, 6.634, 8.545, 9.43, 9.915, 10.412, 11.571, 12.354, 12.661, 13.594, 14.806, 15.062, 15.675, 16.746, 16.948, 17.743, 18.104, 19.112, 20.295, 20.84, 21.396, 21.647, 21.728, 21.767, 22.164, 22.25, 22.391, 22.369, 22.348, 22.32, 22.358, 22.394, 22.255, 22.316, 22.269, 22.14, 22.144, 22.027, 21.953, 22.083, 22.054, 22.056, 22.237, 22.264, 21.858, 21.58, 21.676, 21.499, 21.376, 21.86, 22.125, 22.035, 22.082, 22.061, 21.943, 21.758, 21.67, 21.66, 21.549, 21.468, 21.882, 22.284, 22.329, 22.498, 22.843, 22.95, 22.981, 22.801, 22.815, 23.394, 23.944, 24.188, 24.138, 24.098, 24.415, 24.671], [11.341, 10.464, 9.832, 9.199, 8.562, 8.222, 5.538, 1.948, 0.0, 1.886, 3.819, 5.866, 7.892, 8.843, 9.336, 9.811, 10.922, 11.687, 11.976, 12.973, 14.259, 14.563, 15.24, 16.367, 16.603, 17.459, 17.832, 18.775, 19.951, 20.526, 21.118, 21.384, 21.481, 21.528, 21.935, 22.032, 22.165, 22.134, 22.112, 22.085, 22.146, 22.228, 22.11, 22.189, 22.156, 22.033, 22.034, 21.916, 21.837, 21.975, 21.978, 22.008, 22.205, 22.23, 21.79, 21.482, 21.576, 21.402, 21.273, 21.739, 21.995, 21.903, 21.961, 21.968, 21.86, 21.666, 21.576, 21.568, 21.457, 21.391, 21.82, 22.22, 22.264, 22.423, 22.761, 22.887, 22.944, 22.755, 22.743, 23.309, 23.846, 24.087, 24.048, 24.014, 24.32, 24.573], [11.062, 10.272, 9.87, 9.372, 8.695, 8.325, 5.771, 2.794, 1.886, 0.0, 2.471, 5.204, 7.375, 8.366, 8.87, 9.398, 10.593, 11.313, 11.511, 12.471, 13.777, 14.085, 14.742, 15.928, 16.156, 17.024, 17.406, 18.375, 19.586, 20.184, 20.801, 21.065, 21.148, 21.18, 21.596, 21.7, 21.834, 21.788, 21.757, 21.737, 21.801, 21.899, 21.793, 21.89, 21.864, 21.725, 21.725, 21.598, 21.522, 21.68, 21.687, 21.718, 21.914, 21.924, 21.462, 21.146, 21.247, 21.072, 20.948, 21.425, 21.69, 21.632, 21.731, 21.768, 21.679, 21.482, 21.398, 21.393, 21.278, 21.21, 21.653, 22.07, 22.116, 22.283, 22.648, 22.798, 22.857, 22.661, 22.638, 23.196, 23.722, 23.962, 23.91, 23.832, 24.104, 24.359], [11.363, 10.53, 10.408, 10.164, 9.492, 9.214, 6.915, 4.421, 3.819, 2.471, 0.0, 3.754, 6.388, 7.458, 7.98, 8.539, 9.828, 10.553, 10.691, 11.59, 12.959, 13.323, 14.03, 15.298, 15.52, 16.471, 16.867, 17.747, 18.982, 19.634, 20.289, 20.549, 20.626, 20.661, 21.09, 21.204, 21.331, 21.277, 21.245, 21.239, 21.336, 21.454, 21.353, 21.497, 21.517, 21.382, 21.381, 21.265, 21.185, 21.352, 21.377, 21.417, 21.597, 21.564, 21.037, 20.663, 20.752, 20.564, 20.438, 20.92, 21.188, 21.175, 21.331, 21.42, 21.357, 21.149, 21.067, 21.056, 20.936, 20.886, 21.359, 21.798, 21.851, 21.998, 22.364, 22.599, 22.735, 22.523, 22.455, 22.993, 23.502, 23.757, 23.72, 23.592, 23.787, 24.04], [12.692, 11.608, 11.433, 11.458, 10.947, 10.846, 8.878, 6.634, 5.866, 5.204, 3.754, 0.0, 3.498, 5.091, 6.011, 6.938, 8.199, 8.939, 9.192, 10.238, 11.761, 12.262, 13.171, 14.583, 14.897, 16.04, 16.496, 17.106, 18.265, 18.955, 19.649, 19.927, 20.036, 20.139, 20.574, 20.699, 20.759, 20.684, 20.67, 20.672, 20.844, 21.001, 20.903, 21.101, 21.164, 21.073, 21.061, 20.974, 20.851, 20.977, 21.092, 21.201, 21.38, 21.313, 20.688, 20.182, 20.176, 19.957, 19.819, 20.275, 20.509, 20.459, 20.638, 20.761, 20.701, 20.475, 20.375, 20.348, 20.218, 20.194, 20.72, 21.172, 21.232, 21.322, 21.626, 21.958, 22.215, 21.976, 21.883, 22.434, 22.94, 23.227, 23.273, 23.183, 23.308, 23.532], [13.189, 12.196, 12.06, 12.266, 11.959, 11.96, 10.365, 8.545, 7.892, 7.375, 6.388, 3.498, 0.0, 2.582, 4.482, 5.958, 7.392, 8.083, 8.538, 9.845, 11.362, 11.744, 12.763, 14.296, 14.641, 15.91, 16.384, 17.004, 18.199, 18.942, 19.683, 19.968, 20.058, 20.198, 20.66, 20.774, 20.802, 20.712, 20.714, 20.714, 20.882, 21.027, 20.968, 21.227, 21.298, 21.215, 21.228, 21.166, 21.015, 21.085, 21.178, 21.289, 21.48, 21.414, 20.761, 20.209, 20.156, 19.909, 19.782, 20.266, 20.494, 20.419, 20.615, 20.724, 20.634, 20.398, 20.297, 20.277, 20.155, 20.108, 20.638, 21.115, 21.187, 21.273, 21.572, 21.934, 22.182, 21.925, 21.873, 22.458, 22.97, 23.27, 23.338, 23.278, 23.431, 23.673], [13.381, 12.371, 12.226, 12.594, 12.456, 12.553, 11.113, 9.43, 8.843, 8.366, 7.458, 5.091, 2.582, 0.0, 2.838, 4.836, 6.364, 7.178, 7.833, 9.21, 10.649, 10.992, 12.042, 13.65, 14.034, 15.387, 15.882, 16.553, 17.798, 18.555, 19.337, 19.631, 19.715, 19.877, 20.357, 20.465, 20.496, 20.416, 20.431, 20.426, 20.619, 20.791, 20.748, 21.024, 21.101, 21.013, 21.044, 21.031, 20.926, 21.027, 21.129, 21.252, 21.46, 21.395, 20.727, 20.153, 20.084, 19.851, 19.731, 20.228, 20.456, 20.354, 20.534, 20.656, 20.564, 20.321, 20.241, 20.234, 20.103, 20.032, 20.537, 21.017, 21.09, 21.187, 21.515, 21.905, 22.16, 21.908, 21.856, 22.434, 22.94, 23.246, 23.322, 23.256, 23.399, 23.649], [13.764, 12.81, 12.843, 13.273, 13.097, 13.211, 11.764, 9.915, 9.336, 8.87, 7.98, 6.011, 4.482, 2.838, 0.0, 2.755, 5.175, 6.354, 6.971, 8.367, 9.934, 10.424, 11.428, 13.016, 13.415, 14.801, 15.372, 16.096, 17.331, 18.07, 18.875, 19.182, 19.293, 19.458, 19.921, 20.036, 20.086, 20.029, 20.057, 20.057, 20.318, 20.557, 20.49, 20.737, 20.809, 20.744, 20.776, 20.805, 20.862, 21.085, 21.219, 21.344, 21.551, 21.481, 20.816, 20.27, 20.244, 20.04, 19.902, 20.331, 20.559, 20.472, 20.612, 20.746, 20.674, 20.435, 20.364, 20.354, 20.199, 20.101, 20.576, 21.019, 21.072, 21.158, 21.478, 21.851, 22.105, 21.84, 21.763, 22.322, 22.81, 23.09, 23.142, 23.055, 23.177, 23.422], [14.38, 13.475, 13.601, 13.992, 13.759, 13.872, 12.377, 10.412, 9.811, 9.398, 8.539, 6.938, 5.958, 4.836, 2.755, 0.0, 3.538, 5.275, 5.907, 7.42, 9.248, 9.902, 10.972, 12.613, 12.945, 14.369, 14.974, 15.673, 16.902, 17.705, 18.575, 18.889, 19.026, 19.17, 19.611, 19.731, 19.821, 19.811, 19.844, 19.854, 20.177, 20.47, 20.378, 20.598, 20.665, 20.632, 20.669, 20.708, 20.881, 21.213, 21.378, 21.492, 21.688, 21.633, 21.024, 20.557, 20.571, 20.396, 20.258, 20.627, 20.85, 20.789, 20.903, 21.041, 20.992, 20.764, 20.706, 20.7, 20.532, 20.433, 20.872, 21.274, 21.31, 21.387, 21.725, 22.109, 22.361, 22.077, 21.947, 22.444, 22.895, 23.138, 23.162, 23.055, 23.165, 23.414], [15.725, 14.656, 14.598, 14.97, 14.816, 14.955, 13.487, 11.571, 10.922, 10.593, 9.828, 8.199, 7.392, 6.364, 5.175, 3.538, 0.0, 2.489, 4.104, 6.387, 8.406, 9.239, 10.406, 12.167, 12.62, 14.133, 14.758, 15.199, 16.38, 17.295, 18.252, 18.586, 18.745, 18.94, 19.391, 19.524, 19.646, 19.723, 19.791, 19.803, 20.215, 20.542, 20.404, 20.61, 20.716, 20.735, 20.783, 20.841, 20.984, 21.307, 21.531, 21.694, 21.884, 21.804, 21.204, 20.77, 20.773, 20.623, 20.498, 20.832, 21.029, 20.929, 21.021, 21.168, 21.116, 20.887, 20.845, 20.842, 20.674, 20.606, 21.01, 21.382, 21.425, 21.496, 21.868, 22.328, 22.623, 22.306, 22.081, 22.491, 22.88, 23.096, 23.138, 23.035, 23.11, 23.352], [16.361, 15.313, 15.205, 15.564, 15.432, 15.553, 14.161, 12.354, 11.687, 11.313, 10.553, 8.939, 8.083, 7.178, 6.354, 5.275, 2.489, 0.0, 2.703, 5.779, 7.929, 8.754, 9.946, 11.802, 12.359, 13.94, 14.576, 14.85, 15.992, 16.987, 17.992, 18.33, 18.463, 18.675, 19.15, 19.295, 19.429, 19.532, 19.612, 19.624, 20.053, 20.384, 20.26, 20.499, 20.641, 20.681, 20.734, 20.787, 20.879, 21.15, 21.356, 21.536, 21.738, 21.643, 21.04, 20.642, 20.655, 20.51, 20.388, 20.704, 20.907, 20.818, 20.917, 21.066, 21.0, 20.759, 20.721, 20.717, 20.552, 20.5, 20.889, 21.251, 21.304, 21.382, 21.782, 22.272, 22.569, 22.24, 21.987, 22.369, 22.722, 22.925, 22.978, 22.881, 22.967, 23.225], [16.469, 15.462, 15.496, 15.879, 15.691, 15.79, 14.424, 12.661, 11.976, 11.511, 10.691, 9.192, 8.538, 7.833, 6.971, 5.907, 4.104, 2.703, 0.0, 3.882, 6.83, 8.039, 9.345, 11.31, 11.893, 13.537, 14.164, 14.317, 15.412, 16.446, 17.496, 17.825, 17.947, 18.111, 18.572, 18.733, 18.849, 18.909, 18.968, 18.985, 19.409, 19.778, 19.709, 19.983, 20.129, 20.168, 20.217, 20.249, 20.349, 20.647, 20.861, 21.069, 21.318, 21.256, 20.676, 20.292, 20.305, 20.167, 20.06, 20.334, 20.553, 20.539, 20.674, 20.854, 20.822, 20.584, 20.549, 20.538, 20.361, 20.322, 20.702, 21.031, 21.064, 21.139, 21.565, 22.072, 22.377, 22.057, 21.794, 22.162, 22.502, 22.687, 22.733, 22.624, 22.69, 22.937], [16.931, 15.873, 16.086, 16.642, 16.409, 16.507, 15.246, 13.594, 12.973, 12.471, 11.59, 10.238, 9.845, 9.21, 8.367, 7.42, 6.387, 5.779, 3.882, 0.0, 3.969, 6.072, 7.751, 9.98, 10.601, 12.392, 13.077, 13.053, 14.128, 15.25, 16.396, 16.737, 16.901, 17.049, 17.477, 17.643, 17.698, 17.712, 17.757, 17.785, 18.286, 18.761, 18.757, 19.09, 19.256, 19.292, 19.327, 19.354, 19.5, 19.88, 20.174, 20.442, 20.76, 20.787, 20.277, 19.885, 19.864, 19.757, 19.672, 19.888, 20.106, 20.132, 20.267, 20.49, 20.517, 20.285, 20.25, 20.232, 20.038, 20.001, 20.357, 20.65, 20.657, 20.712, 21.161, 21.73, 22.085, 21.77, 21.492, 21.839, 22.18, 22.383, 22.444, 22.3, 22.279, 22.501], [17.496, 16.42, 16.648, 17.368, 17.175, 17.276, 16.235, 14.806, 14.259, 13.777, 12.959, 11.761, 11.362, 10.649, 9.934, 9.248, 8.406, 7.929, 6.83, 3.969, 0.0, 3.035, 5.185, 7.689, 8.46, 10.498, 11.297, 11.224, 12.488, 13.849, 15.196, 15.589, 15.769, 15.958, 16.404, 16.551, 16.581, 16.627, 16.69, 16.722, 17.335, 17.899, 17.927, 18.309, 18.505, 18.549, 18.591, 18.656, 18.851, 19.313, 19.705, 20.053, 20.44, 20.561, 20.129, 19.755, 19.698, 19.583, 19.491, 19.683, 19.892, 19.902, 19.989, 20.202, 20.243, 19.996, 19.966, 19.951, 19.746, 19.682, 19.99, 20.272, 20.275, 20.347, 20.845, 21.442, 21.801, 21.499, 21.242, 21.582, 21.92, 22.162, 22.247, 22.08, 22.011, 22.216], [17.276, 16.356, 16.537, 17.259, 17.126, 17.23, 16.32, 15.062, 14.563, 14.085, 13.323, 12.262, 11.744, 10.992, 10.424, 9.902, 9.239, 8.754, 8.039, 6.072, 3.035, 0.0, 3.151, 6.304, 6.929, 9.118, 10.001, 10.179, 11.705, 13.244, 14.727, 15.138, 15.252, 15.444, 15.959, 16.079, 16.155, 16.274, 16.358, 16.383, 16.966, 17.489, 17.564, 17.987, 18.2, 18.253, 18.332, 18.408, 18.608, 19.063, 19.407, 19.719, 20.102, 20.271, 19.927, 19.686, 19.704, 19.576, 19.513, 19.767, 20.004, 20.02, 20.084, 20.264, 20.277, 20.023, 20.005, 19.999, 19.793, 19.712, 20.005, 20.295, 20.299, 20.419, 20.987, 21.555, 21.833, 21.53, 21.303, 21.645, 21.969, 22.187, 22.229, 22.059, 22.088, 22.35], [17.519, 16.71, 16.94, 17.648, 17.517, 17.628, 16.813, 15.675, 15.24, 14.742, 14.03, 13.171, 12.763, 12.042, 11.428, 10.972, 10.406, 9.946, 9.345, 7.751, 5.185, 3.151, 0.0, 3.943, 5.057, 7.091, 8.161, 8.891, 10.921, 12.515, 14.005, 14.452, 14.576, 14.733, 15.232, 15.353, 15.502, 15.711, 15.814, 15.86, 16.507, 17.095, 17.179, 17.573, 17.802, 17.892, 17.997, 18.084, 18.349, 18.857, 19.215, 19.522, 19.893, 20.082, 19.791, 19.66, 19.795, 19.702, 19.646, 19.888, 20.132, 20.149, 20.127, 20.248, 20.249, 19.996, 19.987, 19.975, 19.761, 19.644, 19.861, 20.106, 20.096, 20.272, 20.887, 21.385, 21.559, 21.247, 21.049, 21.375, 21.679, 21.869, 21.851, 21.64, 21.703, 21.992], [18.317, 17.517, 17.733, 18.436, 18.335, 18.483, 17.785, 16.746, 16.367, 15.928, 15.298, 14.583, 14.296, 13.65, 13.016, 12.613, 12.167, 11.802, 11.31, 9.98, 7.689, 6.304, 3.943, 0.0, 3.022, 5.256, 6.359, 8.003, 10.649, 12.189, 13.597, 14.113, 14.308, 14.494, 14.991, 15.109, 15.305, 15.551, 15.665, 15.697, 16.381, 17.084, 17.252, 17.635, 17.853, 17.966, 18.09, 18.197, 18.514, 19.052, 19.442, 19.813, 20.23, 20.429, 20.141, 20.008, 20.148, 20.089, 20.054, 20.272, 20.487, 20.481, 20.388, 20.467, 20.486, 20.229, 20.208, 20.195, 19.988, 19.832, 19.966, 20.163, 20.146, 20.354, 20.961, 21.34, 21.384, 21.094, 20.974, 21.296, 21.591, 21.778, 21.741, 21.519, 21.582, 21.838], [18.323, 17.634, 17.911, 18.614, 18.496, 18.643, 17.963, 16.948, 16.603, 16.156, 15.52, 14.897, 14.641, 14.034, 13.415, 12.945, 12.62, 12.359, 11.893, 10.601, 8.46, 6.929, 5.057, 3.022, 0.0, 3.531, 4.945, 6.706, 9.549, 11.302, 12.919, 13.446, 13.587, 13.75, 14.291, 14.408, 14.633, 14.881, 15.01, 15.026, 15.698, 16.444, 16.693, 17.133, 17.369, 17.497, 17.653, 17.77, 18.145, 18.736, 19.13, 19.505, 19.934, 20.157, 19.911, 19.847, 20.027, 19.983, 20.006, 20.26, 20.475, 20.488, 20.43, 20.555, 20.606, 20.349, 20.331, 20.329, 20.119, 19.965, 20.12, 20.332, 20.299, 20.509, 21.146, 21.543, 21.578, 21.262, 21.104, 21.408, 21.704, 21.879, 21.808, 21.572, 21.662, 21.916], [19.054, 18.492, 18.741, 19.383, 19.238, 19.33, 18.676, 17.743, 17.459, 17.024, 16.471, 16.04, 15.91, 15.387, 14.801, 14.369, 14.133, 13.94, 13.537, 12.392, 10.498, 9.118, 7.091, 5.256, 3.531, 0.0, 2.591, 5.885, 9.211, 11.161, 12.874, 13.481, 13.631, 13.771, 14.244, 14.34, 14.671, 15.002, 15.148, 15.168, 15.833, 16.58, 16.832, 17.233, 17.477, 17.63, 17.798, 17.914, 18.337, 18.991, 19.419, 19.807, 20.239, 20.493, 20.323, 20.374, 20.636, 20.598, 20.63, 20.879, 21.08, 21.094, 21.007, 21.109, 21.154, 20.895, 20.876, 20.87, 20.658, 20.467, 20.552, 20.735, 20.691, 20.944, 21.612, 21.941, 21.872, 21.545, 21.399, 21.664, 21.929, 22.079, 21.949, 21.68, 21.793, 22.026], [19.254, 18.739, 18.973, 19.597, 19.47, 19.563, 18.964, 18.104, 17.832, 17.406, 16.867, 16.496, 16.384, 15.882, 15.372, 14.974, 14.758, 14.576, 14.164, 13.077, 11.297, 10.001, 8.161, 6.359, 4.945, 2.591, 0.0, 5.018, 8.932, 11.021, 12.805, 13.449, 13.621, 13.751, 14.207, 14.276, 14.635, 14.991, 15.134, 15.143, 15.763, 16.501, 16.828, 17.269, 17.501, 17.622, 17.793, 17.905, 18.32, 18.98, 19.402, 19.802, 20.289, 20.597, 20.451, 20.514, 20.791, 20.751, 20.789, 21.062, 21.27, 21.295, 21.209, 21.303, 21.345, 21.075, 21.056, 21.054, 20.845, 20.65, 20.719, 20.893, 20.849, 21.114, 21.786, 22.088, 21.987, 21.674, 21.544, 21.82, 22.087, 22.233, 22.097, 21.826, 21.958, 22.192], [20.471, 19.78, 20.004, 20.653, 20.452, 20.545, 19.97, 19.112, 18.775, 18.375, 17.747, 17.106, 17.004, 16.553, 16.096, 15.673, 15.199, 14.85, 14.317, 13.053, 11.224, 10.179, 8.891, 8.003, 6.706, 5.885, 5.018, 0.0, 4.772, 8.064, 10.535, 11.223, 11.333, 11.578, 12.068, 12.189, 12.527, 12.979, 13.191, 13.214, 14.087, 15.001, 15.425, 16.056, 16.447, 16.658, 16.844, 17.022, 17.411, 18.039, 18.597, 19.167, 19.736, 20.108, 20.0, 20.009, 20.218, 20.192, 20.224, 20.408, 20.592, 20.649, 20.618, 20.803, 20.894, 20.62, 20.62, 20.621, 20.397, 20.294, 20.41, 20.546, 20.476, 20.621, 21.205, 21.673, 21.837, 21.508, 21.207, 21.428, 21.67, 21.827, 21.791, 21.55, 21.523, 21.693], [21.678, 20.943, 21.128, 21.739, 21.485, 21.573, 21.074, 20.295, 19.951, 19.586, 18.982, 18.265, 18.199, 17.798, 17.331, 16.902, 16.38, 15.992, 15.412, 14.128, 12.488, 11.705, 10.921, 10.649, 9.549, 9.211, 8.932, 4.772, 0.0, 4.936, 8.383, 9.175, 9.202, 9.624, 10.18, 10.336, 10.694, 11.253, 11.587, 11.595, 12.59, 13.623, 14.156, 14.938, 15.434, 15.76, 15.966, 16.203, 16.654, 17.299, 17.965, 18.663, 19.295, 19.744, 19.745, 19.789, 19.977, 20.029, 20.114, 20.209, 20.357, 20.459, 20.529, 20.841, 20.989, 20.721, 20.729, 20.729, 20.502, 20.471, 20.632, 20.749, 20.661, 20.72, 21.241, 21.793, 22.104, 21.762, 21.344, 21.493, 21.704, 21.857, 21.869, 21.652, 21.523, 21.655], [21.993, 21.192, 21.351, 21.986, 21.761, 21.919, 21.513, 20.84, 20.526, 20.184, 19.634, 18.955, 18.942, 18.555, 18.07, 17.705, 17.295, 16.987, 16.446, 15.25, 13.849, 13.244, 12.515, 12.189, 11.302, 11.161, 11.021, 8.064, 4.936, 0.0, 4.205, 5.42, 5.732, 6.573, 7.339, 7.512, 7.85, 8.552, 9.035, 9.007, 10.111, 11.336, 12.015, 12.914, 13.469, 13.861, 14.066, 14.367, 14.979, 15.738, 16.528, 17.312, 17.991, 18.507, 18.601, 18.733, 19.04, 19.248, 19.44, 19.509, 19.634, 19.741, 19.836, 20.293, 20.543, 20.261, 20.243, 20.229, 19.993, 19.979, 20.158, 20.269, 20.17, 20.216, 20.713, 21.242, 21.576, 21.229, 20.765, 20.893, 21.144, 21.336, 21.359, 21.132, 20.997, 21.182], [22.429, 21.582, 21.719, 22.363, 22.145, 22.326, 21.987, 21.396, 21.118, 20.801, 20.289, 19.649, 19.683, 19.337, 18.875, 18.575, 18.252, 17.992, 17.496, 16.396, 15.196, 14.727, 14.005, 13.597, 12.919, 12.874, 12.805, 10.535, 8.383, 4.205, 0.0, 1.967, 3.318, 4.736, 5.622, 5.824, 6.162, 7.058, 7.588, 7.55, 8.802, 10.206, 10.971, 11.877, 12.458, 12.898, 13.105, 13.446, 14.172, 14.982, 15.824, 16.586, 17.201, 17.729, 17.893, 18.11, 18.556, 18.903, 19.129, 19.147, 19.264, 19.391, 19.426, 19.918, 20.262, 19.994, 19.941, 19.91, 19.671, 19.662, 19.83, 19.916, 19.814, 19.845, 20.296, 20.791, 21.132, 20.795, 20.316, 20.419, 20.696, 20.926, 20.954, 20.717, 20.597, 20.852], [22.573, 21.745, 21.899, 22.54, 22.318, 22.501, 22.199, 21.647, 21.384, 21.065, 20.549, 19.927, 19.968, 19.631, 19.182, 18.889, 18.586, 18.33, 17.825, 16.737, 15.589, 15.138, 14.452, 14.113, 13.446, 13.481, 13.449, 11.223, 9.175, 5.42, 1.967, 0.0, 2.071, 3.832, 4.861, 5.115, 5.46, 6.451, 7.011, 6.969, 8.261, 9.714, 10.517, 11.469, 12.086, 12.54, 12.754, 13.1, 13.867, 14.714, 15.558, 16.277, 16.841, 17.36, 17.537, 17.791, 18.305, 18.697, 18.926, 18.923, 19.045, 19.221, 19.255, 19.725, 20.094, 19.852, 19.808, 19.78, 19.541, 19.543, 19.718, 19.798, 19.696, 19.728, 20.192, 20.712, 21.068, 20.742, 20.261, 20.36, 20.646, 20.877, 20.908, 20.672, 20.558, 20.849], [22.464, 21.677, 21.846, 22.483, 22.264, 22.457, 22.216, 21.728, 21.481, 21.148, 20.626, 20.036, 20.058, 19.715, 19.293, 19.026, 18.745, 18.463, 17.947, 16.901, 15.769, 15.252, 14.576, 14.308, 13.587, 13.631, 13.621, 11.333, 9.202, 5.732, 3.318, 2.071, 0.0, 2.447, 3.993, 4.341, 4.751, 5.717, 6.302, 6.255, 7.507, 8.977, 9.918, 11.057, 11.765, 12.208, 12.442, 12.77, 13.461, 14.257, 15.071, 15.801, 16.385, 16.909, 17.096, 17.382, 17.926, 18.334, 18.608, 18.634, 18.773, 19.004, 19.081, 19.558, 19.932, 19.704, 19.696, 19.688, 19.444, 19.456, 19.65, 19.738, 19.634, 19.681, 20.193, 20.74, 21.093, 20.758, 20.262, 20.364, 20.665, 20.887, 20.903, 20.666, 20.569, 20.876], [22.447, 21.695, 21.889, 22.496, 22.25, 22.435, 22.225, 21.767, 21.528, 21.18, 20.661, 20.139, 20.198, 19.877, 19.458, 19.17, 18.94, 18.675, 18.111, 17.049, 15.958, 15.444, 14.733, 14.494, 13.75, 13.771, 13.751, 11.578, 9.624, 6.573, 4.736, 3.832, 2.447, 0.0, 2.065, 2.644, 3.484, 4.734, 5.268, 5.377, 6.773, 8.468, 9.492, 10.626, 11.352, 11.814, 12.045, 12.275, 12.972, 13.853, 14.697, 15.42, 16.002, 16.554, 16.806, 17.21, 17.835, 18.232, 18.495, 18.508, 18.669, 18.963, 19.045, 19.497, 19.872, 19.648, 19.668, 19.679, 19.422, 19.434, 19.628, 19.71, 19.598, 19.675, 20.249, 20.812, 21.147, 20.784, 20.256, 20.353, 20.682, 20.888, 20.856, 20.582, 20.5, 20.849], [22.921, 22.163, 22.349, 22.942, 22.674, 22.836, 22.618, 22.164, 21.935, 21.596, 21.09, 20.574, 20.66, 20.357, 19.921, 19.611, 19.391, 19.15, 18.572, 17.477, 16.404, 15.959, 15.232, 14.991, 14.291, 14.244, 14.207, 12.068, 10.18, 7.339, 5.622, 4.861, 3.993, 2.065, 0.0, 1.238, 2.955, 4.627, 5.141, 5.397, 6.985, 8.778, 9.707, 10.702, 11.411, 11.919, 12.115, 12.301, 13.07, 14.058, 14.969, 15.684, 16.238, 16.806, 17.118, 17.584, 18.231, 18.616, 18.832, 18.778, 18.924, 19.224, 19.274, 19.678, 20.04, 19.816, 19.84, 19.854, 19.595, 19.603, 19.762, 19.811, 19.694, 19.768, 20.334, 20.908, 21.252, 20.868, 20.314, 20.387, 20.709, 20.909, 20.867, 20.573, 20.462, 20.816], [22.966, 22.228, 22.418, 23.009, 22.751, 22.909, 22.692, 22.25, 22.032, 21.7, 21.204, 20.699, 20.774, 20.465, 20.036, 19.731, 19.524, 19.295, 18.733, 17.643, 16.551, 16.079, 15.353, 15.109, 14.408, 14.34, 14.276, 12.189, 10.336, 7.512, 5.824, 5.115, 4.341, 2.644, 1.238, 0.0, 2.335, 4.361, 4.947, 5.196, 6.808, 8.606, 9.574, 10.594, 11.306, 11.807, 12.009, 12.202, 12.987, 13.983, 14.878, 15.571, 16.112, 16.697, 17.053, 17.583, 18.275, 18.674, 18.896, 18.841, 18.984, 19.288, 19.331, 19.731, 20.093, 19.872, 19.901, 19.917, 19.657, 19.672, 19.834, 19.881, 19.764, 19.845, 20.428, 21.003, 21.331, 20.932, 20.364, 20.424, 20.739, 20.926, 20.864, 20.567, 20.488, 20.867], [23.049, 22.278, 22.514, 23.143, 22.88, 23.049, 22.839, 22.391, 22.165, 21.834, 21.331, 20.759, 20.802, 20.496, 20.086, 19.821, 19.646, 19.429, 18.849, 17.698, 16.581, 16.155, 15.502, 15.305, 14.633, 14.671, 14.635, 12.527, 10.694, 7.85, 6.162, 5.46, 4.751, 3.484, 2.955, 2.335, 0.0, 2.476, 3.35, 3.638, 5.703, 7.865, 9.116, 10.347, 11.105, 11.588, 11.784, 11.982, 12.706, 13.654, 14.597, 15.331, 15.895, 16.517, 16.886, 17.389, 18.054, 18.473, 18.71, 18.632, 18.753, 19.041, 19.084, 19.528, 19.927, 19.723, 19.752, 19.769, 19.506, 19.538, 19.74, 19.803, 19.683, 19.746, 20.314, 20.92, 21.275, 20.868, 20.297, 20.369, 20.688, 20.883, 20.836, 20.539, 20.423, 20.787], [22.865, 22.085, 22.362, 23.042, 22.793, 22.979, 22.799, 22.369, 22.134, 21.788, 21.277, 20.684, 20.712, 20.416, 20.029, 19.811, 19.723, 19.532, 18.909, 17.712, 16.627, 16.274, 15.711, 15.551, 14.881, 15.002, 14.991, 12.979, 11.253, 8.552, 7.058, 6.451, 5.717, 4.734, 4.627, 4.361, 2.476, 0.0, 1.364, 1.887, 4.417, 7.077, 8.82, 10.324, 11.104, 11.522, 11.7, 11.863, 12.48, 13.37, 14.327, 15.098, 15.738, 16.415, 16.761, 17.157, 17.743, 18.167, 18.444, 18.388, 18.5, 18.797, 18.881, 19.378, 19.811, 19.617, 19.646, 19.666, 19.407, 19.443, 19.683, 19.777, 19.663, 19.715, 20.266, 20.883, 21.251, 20.851, 20.317, 20.432, 20.788, 21.014, 20.989, 20.695, 20.538, 20.862], [22.81, 22.037, 22.318, 23.001, 22.756, 22.946, 22.769, 22.348, 22.112, 21.757, 21.245, 20.67, 20.714, 20.431, 20.057, 19.844, 19.791, 19.612, 18.968, 17.757, 16.69, 16.358, 15.814, 15.665, 15.01, 15.148, 15.134, 13.191, 11.587, 9.035, 7.588, 7.011, 6.302, 5.268, 5.141, 4.947, 3.35, 1.364, 0.0, 1.484, 4.262, 7.005, 8.89, 10.432, 11.207, 11.584, 11.746, 11.883, 12.441, 13.317, 14.265, 15.017, 15.672, 16.37, 16.716, 17.107, 17.692, 18.118, 18.398, 18.349, 18.476, 18.791, 18.883, 19.386, 19.83, 19.639, 19.668, 19.689, 19.429, 19.47, 19.718, 19.816, 19.705, 19.758, 20.307, 20.924, 21.293, 20.901, 20.383, 20.512, 20.883, 21.112, 21.091, 20.802, 20.648, 20.968], [22.725, 21.948, 22.214, 22.9, 22.673, 22.883, 22.729, 22.32, 22.085, 21.737, 21.239, 20.672, 20.714, 20.426, 20.057, 19.854, 19.803, 19.624, 18.985, 17.785, 16.722, 16.383, 15.86, 15.697, 15.026, 15.168, 15.143, 13.214, 11.595, 9.007, 7.55, 6.969, 6.255, 5.377, 5.397, 5.196, 3.638, 1.887, 1.484, 0.0, 3.279, 6.355, 8.443, 10.081, 10.873, 11.261, 11.448, 11.634, 12.214, 13.085, 14.019, 14.797, 15.501, 16.227, 16.569, 16.935, 17.503, 17.953, 18.281, 18.267, 18.403, 18.728, 18.849, 19.381, 19.834, 19.64, 19.667, 19.692, 19.439, 19.485, 19.743, 19.849, 19.737, 19.796, 20.349, 20.952, 21.302, 20.908, 20.398, 20.538, 20.905, 21.134, 21.113, 20.828, 20.683, 20.995], [22.383, 21.675, 21.924, 22.606, 22.418, 22.662, 22.637, 22.358, 22.146, 21.801, 21.336, 20.844, 20.882, 20.619, 20.318, 20.177, 20.215, 20.053, 19.409, 18.286, 17.335, 16.966, 16.507, 16.381, 15.698, 15.833, 15.763, 14.087, 12.59, 10.111, 8.802, 8.261, 7.507, 6.773, 6.985, 6.808, 5.703, 4.417, 4.262, 3.279, 0.0, 3.86, 7.056, 9.209, 10.076, 10.417, 10.668, 10.898, 11.452, 12.265, 13.064, 13.816, 14.621, 15.445, 15.841, 16.251, 16.87, 17.378, 17.844, 17.944, 18.123, 18.527, 18.759, 19.35, 19.814, 19.62, 19.655, 19.691, 19.454, 19.512, 19.797, 19.929, 19.825, 19.924, 20.552, 21.152, 21.443, 21.055, 20.574, 20.743, 21.144, 21.365, 21.311, 21.035, 20.971, 21.319], [22.111, 21.46, 21.677, 22.359, 22.204, 22.469, 22.547, 22.394, 22.228, 21.899, 21.454, 21.001, 21.027, 20.791, 20.557, 20.47, 20.542, 20.384, 19.778, 18.761, 17.899, 17.489, 17.095, 17.084, 16.444, 16.58, 16.501, 15.001, 13.623, 11.336, 10.206, 9.714, 8.977, 8.468, 8.778, 8.606, 7.865, 7.077, 7.005, 6.355, 3.86, 0.0, 4.49, 7.424, 8.529, 8.831, 9.177, 9.562, 10.074, 10.804, 11.518, 12.237, 13.129, 14.098, 14.667, 15.248, 15.983, 16.578, 17.186, 17.413, 17.674, 18.139, 18.455, 19.113, 19.588, 19.398, 19.441, 19.473, 19.243, 19.332, 19.663, 19.826, 19.732, 19.864, 20.577, 21.23, 21.537, 21.187, 20.714, 20.885, 21.304, 21.502, 21.435, 21.195, 21.213, 21.609], [22.026, 21.324, 21.539, 22.243, 22.059, 22.334, 22.417, 22.255, 22.11, 21.793, 21.353, 20.903, 20.968, 20.748, 20.49, 20.378, 20.404, 20.26, 19.709, 18.757, 17.927, 17.564, 17.179, 17.252, 16.693, 16.832, 16.828, 15.425, 14.156, 12.015, 10.971, 10.517, 9.918, 9.492, 9.707, 9.574, 9.116, 8.82, 8.89, 8.443, 7.056, 4.49, 0.0, 3.535, 5.185, 5.75, 6.233, 6.844, 7.759, 8.985, 10.094, 10.969, 11.879, 12.889, 13.586, 14.338, 15.206, 15.873, 16.519, 16.775, 17.085, 17.534, 17.838, 18.537, 19.019, 18.818, 18.857, 18.868, 18.613, 18.743, 19.088, 19.23, 19.117, 19.26, 20.012, 20.729, 21.155, 20.841, 20.316, 20.453, 20.893, 21.123, 21.059, 20.789, 20.766, 21.165], [22.218, 21.514, 21.704, 22.36, 22.133, 22.397, 22.474, 22.316, 22.189, 21.89, 21.497, 21.101, 21.227, 21.024, 20.737, 20.598, 20.61, 20.499, 19.983, 19.09, 18.309, 17.987, 17.573, 17.635, 17.133, 17.233, 17.269, 16.056, 14.938, 12.914, 11.877, 11.469, 11.057, 10.626, 10.702, 10.594, 10.347, 10.324, 10.432, 10.081, 9.209, 7.424, 3.535, 0.0, 2.3, 3.517, 4.159, 4.995, 6.559, 8.417, 9.828, 10.723, 11.561, 12.581, 13.412, 14.32, 15.274, 15.948, 16.557, 16.791, 17.114, 17.55, 17.816, 18.492, 18.963, 18.763, 18.801, 18.801, 18.527, 18.663, 18.985, 19.077, 18.938, 19.103, 19.867, 20.568, 21.045, 20.79, 20.274, 20.383, 20.832, 21.069, 20.982, 20.686, 20.651, 21.057], [22.139, 21.453, 21.643, 22.274, 22.033, 22.301, 22.393, 22.269, 22.156, 21.864, 21.517, 21.164, 21.298, 21.101, 20.809, 20.665, 20.716, 20.641, 20.129, 19.256, 18.505, 18.2, 17.802, 17.853, 17.369, 17.477, 17.501, 16.447, 15.434, 13.469, 12.458, 12.086, 11.765, 11.352, 11.411, 11.306, 11.105, 11.104, 11.207, 10.873, 10.076, 8.529, 5.185, 2.3, 0.0, 1.919, 2.826, 3.855, 5.92, 8.132, 9.635, 10.524, 11.377, 12.454, 13.332, 14.239, 15.163, 15.831, 16.452, 16.707, 17.046, 17.484, 17.745, 18.422, 18.909, 18.727, 18.767, 18.768, 18.487, 18.614, 18.944, 19.025, 18.871, 19.049, 19.828, 20.509, 20.976, 20.756, 20.292, 20.431, 20.901, 21.138, 21.04, 20.751, 20.731, 21.144], [21.872, 21.195, 21.403, 22.055, 21.824, 22.099, 22.222, 22.14, 22.033, 21.725, 21.382, 21.073, 21.215, 21.013, 20.744, 20.632, 20.735, 20.681, 20.168, 19.292, 18.549, 18.253, 17.892, 17.966, 17.497, 17.63, 17.622, 16.658, 15.76, 13.861, 12.898, 12.54, 12.208, 11.814, 11.919, 11.807, 11.588, 11.522, 11.584, 11.261, 10.417, 8.831, 5.75, 3.517, 1.919, 0.0, 1.488, 2.922, 5.158, 7.575, 9.115, 10.015, 10.921, 12.042, 12.909, 13.779, 14.7, 15.388, 16.059, 16.392, 16.76, 17.216, 17.491, 18.189, 18.707, 18.542, 18.598, 18.609, 18.329, 18.464, 18.842, 18.95, 18.799, 18.999, 19.814, 20.501, 20.96, 20.751, 20.31, 20.486, 20.978, 21.223, 21.129, 20.838, 20.834, 21.262], [21.947, 21.249, 21.443, 22.085, 21.844, 22.116, 22.227, 22.144, 22.034, 21.725, 21.381, 21.061, 21.228, 21.044, 20.776, 20.669, 20.783, 20.734, 20.217, 19.327, 18.591, 18.332, 17.997, 18.09, 17.653, 17.798, 17.793, 16.844, 15.966, 14.066, 13.105, 12.754, 12.442, 12.045, 12.115, 12.009, 11.784, 11.7, 11.746, 11.448, 10.668, 9.177, 6.233, 4.159, 2.826, 1.488, 0.0, 2.114, 4.763, 7.374, 8.995, 9.924, 10.861, 11.992, 12.857, 13.701, 14.606, 15.294, 15.953, 16.273, 16.635, 17.092, 17.375, 18.079, 18.605, 18.448, 18.508, 18.518, 18.232, 18.374, 18.765, 18.877, 18.732, 18.932, 19.735, 20.433, 20.916, 20.714, 20.271, 20.441, 20.937, 21.201, 21.129, 20.835, 20.808, 21.232], [21.865, 21.176, 21.359, 21.991, 21.739, 21.995, 22.106, 22.027, 21.916, 21.598, 21.265, 20.974, 21.166, 21.031, 20.805, 20.708, 20.841, 20.787, 20.249, 19.354, 18.656, 18.408, 18.084, 18.197, 17.77, 17.914, 17.905, 17.022, 16.203, 14.367, 13.446, 13.1, 12.77, 12.275, 12.301, 12.202, 11.982, 11.863, 11.883, 11.634, 10.898, 9.562, 6.844, 4.995, 3.855, 2.922, 2.114, 0.0, 3.463, 6.592, 8.361, 9.362, 10.383, 11.602, 12.524, 13.448, 14.427, 15.139, 15.83, 16.165, 16.533, 17.016, 17.308, 18.013, 18.554, 18.405, 18.464, 18.476, 18.191, 18.349, 18.757, 18.867, 18.721, 18.941, 19.768, 20.467, 20.945, 20.74, 20.295, 20.463, 20.987, 21.27, 21.19, 20.874, 20.85, 21.283], [21.905, 21.162, 21.263, 21.875, 21.639, 21.891, 21.998, 21.953, 21.837, 21.522, 21.185, 20.851, 21.015, 20.926, 20.862, 20.881, 20.984, 20.879, 20.349, 19.5, 18.851, 18.608, 18.349, 18.514, 18.145, 18.337, 18.32, 17.411, 16.654, 14.979, 14.172, 13.867, 13.461, 12.972, 13.07, 12.987, 12.706, 12.48, 12.441, 12.214, 11.452, 10.074, 7.759, 6.559, 5.92, 5.158, 4.763, 3.463, 0.0, 3.693, 6.09, 7.581, 8.995, 10.468, 11.557, 12.551, 13.47, 14.223, 15.104, 15.583, 15.968, 16.46, 16.827, 17.587, 18.161, 18.03, 18.107, 18.139, 17.87, 18.085, 18.551, 18.691, 18.56, 18.804, 19.677, 20.439, 20.966, 20.788, 20.363, 20.562, 21.128, 21.449, 21.425, 21.149, 21.119, 21.529], [22.084, 21.334, 21.387, 21.958, 21.746, 21.994, 22.098, 22.083, 21.975, 21.68, 21.352, 20.977, 21.085, 21.027, 21.085, 21.213, 21.307, 21.15, 20.647, 19.88, 19.313, 19.063, 18.857, 19.052, 18.736, 18.991, 18.98, 18.039, 17.299, 15.738, 14.982, 14.714, 14.257, 13.853, 14.058, 13.983, 13.654, 13.37, 13.317, 13.085, 12.265, 10.804, 8.985, 8.417, 8.132, 7.575, 7.374, 6.592, 3.693, 0.0, 3.221, 5.635, 7.701, 9.477, 10.783, 11.868, 12.709, 13.512, 14.563, 15.146, 15.557, 16.082, 16.549, 17.373, 17.958, 17.845, 17.941, 17.998, 17.779, 18.031, 18.532, 18.721, 18.632, 18.892, 19.78, 20.588, 21.133, 20.988, 20.599, 20.807, 21.362, 21.671, 21.685, 21.505, 21.541, 21.946], [21.826, 21.212, 21.279, 21.787, 21.596, 21.841, 21.996, 22.054, 21.978, 21.687, 21.377, 21.092, 21.178, 21.129, 21.219, 21.378, 21.531, 21.356, 20.861, 20.174, 19.705, 19.407, 19.215, 19.442, 19.13, 19.419, 19.402, 18.597, 17.965, 16.528, 15.824, 15.558, 15.071, 14.697, 14.969, 14.878, 14.597, 14.327, 14.265, 14.019, 13.064, 11.518, 10.094, 9.828, 9.635, 9.115, 8.995, 8.361, 6.09, 3.221, 0.0, 3.231, 6.106, 8.318, 10.001, 11.457, 12.504, 13.376, 14.467, 15.106, 15.586, 16.239, 16.779, 17.605, 18.173, 18.074, 18.185, 18.262, 18.083, 18.34, 18.844, 19.055, 18.999, 19.303, 20.254, 21.053, 21.522, 21.389, 21.021, 21.194, 21.688, 21.915, 21.874, 21.767, 21.996, 22.482], [21.632, 21.17, 21.255, 21.69, 21.499, 21.732, 21.938, 22.056, 22.008, 21.718, 21.417, 21.201, 21.289, 21.252, 21.344, 21.492, 21.694, 21.536, 21.069, 20.442, 20.053, 19.719, 19.522, 19.813, 19.505, 19.807, 19.802, 19.167, 18.663, 17.312, 16.586, 16.277, 15.801, 15.42, 15.684, 15.571, 15.331, 15.098, 15.017, 14.797, 13.816, 12.237, 10.969, 10.723, 10.524, 10.015, 9.924, 9.362, 7.581, 5.635, 3.231, 0.0, 3.552, 6.561, 8.964, 11.039, 12.45, 13.42, 14.527, 15.176, 15.69, 16.424, 16.956, 17.776, 18.355, 18.276, 18.403, 18.491, 18.313, 18.582, 19.106, 19.313, 19.265, 19.618, 20.647, 21.424, 21.814, 21.686, 21.319, 21.434, 21.847, 21.975, 21.853, 21.76, 22.153, 22.784], [21.765, 21.37, 21.466, 21.855, 21.652, 21.874, 22.1, 22.237, 22.205, 21.914, 21.597, 21.38, 21.48, 21.46, 21.551, 21.688, 21.884, 21.738, 21.318, 20.76, 20.44, 20.102, 19.893, 20.23, 19.934, 20.239, 20.289, 19.736, 19.295, 17.991, 17.201, 16.841, 16.385, 16.002, 16.238, 16.112, 15.895, 15.738, 15.672, 15.501, 14.621, 13.129, 11.879, 11.561, 11.377, 10.921, 10.861, 10.383, 8.995, 7.701, 6.106, 3.552, 0.0, 3.813, 7.304, 10.179, 12.002, 13.149, 14.35, 15.021, 15.524, 16.241, 16.698, 17.517, 18.128, 18.082, 18.237, 18.328, 18.134, 18.431, 18.98, 19.182, 19.143, 19.547, 20.673, 21.462, 21.81, 21.681, 21.288, 21.327, 21.655, 21.689, 21.508, 21.414, 21.882, 22.639], [21.801, 21.388, 21.489, 21.885, 21.696, 21.926, 22.147, 22.264, 22.23, 21.924, 21.564, 21.313, 21.414, 21.395, 21.481, 21.633, 21.804, 21.643, 21.256, 20.787, 20.561, 20.271, 20.082, 20.429, 20.157, 20.493, 20.597, 20.108, 19.744, 18.507, 17.729, 17.36, 16.909, 16.554, 16.806, 16.697, 16.517, 16.415, 16.37, 16.227, 15.445, 14.098, 12.889, 12.581, 12.454, 12.042, 11.992, 11.602, 10.468, 9.477, 8.318, 6.561, 3.813, 0.0, 4.454, 8.228, 10.49, 11.816, 13.192, 13.978, 14.496, 15.199, 15.644, 16.528, 17.2, 17.195, 17.402, 17.507, 17.308, 17.641, 18.245, 18.48, 18.466, 18.908, 20.13, 20.973, 21.331, 21.2, 20.76, 20.743, 21.02, 21.02, 20.842, 20.785, 21.289, 22.086], [21.362, 20.848, 20.978, 21.471, 21.333, 21.616, 21.814, 21.858, 21.79, 21.462, 21.037, 20.688, 20.761, 20.727, 20.816, 21.024, 21.204, 21.04, 20.676, 20.277, 20.129, 19.927, 19.791, 20.141, 19.911, 20.323, 20.451, 20.0, 19.745, 18.601, 17.893, 17.537, 17.096, 16.806, 17.118, 17.053, 16.886, 16.761, 16.716, 16.569, 15.841, 14.667, 13.586, 13.412, 13.332, 12.909, 12.857, 12.524, 11.557, 10.783, 10.001, 8.964, 7.304, 4.454, 0.0, 4.586, 7.708, 9.149, 10.623, 11.667, 12.318, 13.156, 13.726, 14.751, 15.537, 15.556, 15.777, 15.894, 15.698, 16.063, 16.835, 17.205, 17.252, 17.702, 18.93, 19.827, 20.256, 20.136, 19.706, 19.76, 20.103, 20.187, 20.093, 20.077, 20.56, 21.343], [21.08, 20.399, 20.567, 21.175, 21.071, 21.434, 21.595, 21.58, 21.482, 21.146, 20.663, 20.182, 20.209, 20.153, 20.27, 20.557, 20.77, 20.642, 20.292, 19.885, 19.755, 19.686, 19.66, 20.008, 19.847, 20.374, 20.514, 20.009, 19.789, 18.733, 18.11, 17.791, 17.382, 17.21, 17.584, 17.583, 17.389, 17.157, 17.107, 16.935, 16.251, 15.248, 14.338, 14.32, 14.239, 13.779, 13.701, 13.448, 12.551, 11.868, 11.457, 11.039, 10.179, 8.228, 4.586, 0.0, 4.188, 6.205, 8.026, 9.553, 10.402, 11.4, 12.221, 13.379, 14.266, 14.294, 14.488, 14.613, 14.451, 14.819, 15.794, 16.358, 16.484, 16.879, 17.97, 18.905, 19.475, 19.442, 19.166, 19.419, 19.912, 20.184, 20.28, 20.31, 20.604, 21.257], [21.314, 20.51, 20.635, 21.274, 21.18, 21.563, 21.692, 21.676, 21.576, 21.247, 20.752, 20.176, 20.156, 20.084, 20.244, 20.571, 20.773, 20.655, 20.305, 19.864, 19.698, 19.704, 19.795, 20.148, 20.027, 20.636, 20.791, 20.218, 19.977, 19.04, 18.556, 18.305, 17.926, 17.835, 18.231, 18.275, 18.054, 17.743, 17.692, 17.503, 16.87, 15.983, 15.206, 15.274, 15.163, 14.7, 14.606, 14.427, 13.47, 12.709, 12.504, 12.45, 12.002, 10.49, 7.708, 4.188, 0.0, 3.311, 6.356, 8.433, 9.346, 10.309, 11.392, 12.636, 13.551, 13.614, 13.852, 14.041, 13.94, 14.318, 15.363, 15.994, 16.146, 16.469, 17.466, 18.459, 19.148, 19.222, 19.123, 19.527, 20.096, 20.485, 20.763, 20.882, 21.039, 21.54], [21.169, 20.346, 20.456, 21.078, 20.985, 21.367, 21.5, 21.499, 21.402, 21.072, 20.564, 19.957, 19.909, 19.851, 20.04, 20.396, 20.623, 20.51, 20.167, 19.757, 19.583, 19.576, 19.702, 20.089, 19.983, 20.598, 20.751, 20.192, 20.029, 19.248, 18.903, 18.697, 18.334, 18.232, 18.616, 18.674, 18.473, 18.167, 18.118, 17.953, 17.378, 16.578, 15.873, 15.948, 15.831, 15.388, 15.294, 15.139, 14.223, 13.512, 13.376, 13.42, 13.149, 11.816, 9.149, 6.205, 3.311, 0.0, 3.986, 6.693, 7.771, 8.859, 10.181, 11.465, 12.371, 12.481, 12.798, 13.055, 12.987, 13.388, 14.514, 15.2, 15.361, 15.669, 16.688, 17.764, 18.549, 18.665, 18.595, 19.044, 19.627, 20.038, 20.374, 20.545, 20.722, 21.207], [21.118, 20.276, 20.404, 21.012, 20.89, 21.251, 21.387, 21.376, 21.273, 20.948, 20.438, 19.819, 19.782, 19.731, 19.902, 20.258, 20.498, 20.388, 20.06, 19.672, 19.491, 19.513, 19.646, 20.054, 20.006, 20.63, 20.789, 20.224, 20.114, 19.44, 19.129, 18.926, 18.608, 18.495, 18.832, 18.896, 18.71, 18.444, 18.398, 18.281, 17.844, 17.186, 16.519, 16.557, 16.452, 16.059, 15.953, 15.83, 15.104, 14.563, 14.467, 14.527, 14.35, 13.192, 10.623, 8.026, 6.356, 3.986, 0.0, 3.405, 5.016, 6.57, 8.122, 9.411, 10.339, 10.51, 10.896, 11.211, 11.203, 11.636, 12.868, 13.662, 13.89, 14.159, 15.177, 16.393, 17.353, 17.529, 17.445, 17.905, 18.511, 18.971, 19.363, 19.598, 19.83, 20.351], [21.775, 20.917, 21.065, 21.664, 21.496, 21.814, 21.924, 21.86, 21.739, 21.425, 20.92, 20.275, 20.266, 20.228, 20.331, 20.627, 20.832, 20.704, 20.334, 19.888, 19.683, 19.767, 19.888, 20.272, 20.26, 20.879, 21.062, 20.408, 20.209, 19.509, 19.147, 18.923, 18.634, 18.508, 18.778, 18.841, 18.632, 18.388, 18.349, 18.267, 17.944, 17.413, 16.775, 16.791, 16.707, 16.392, 16.273, 16.165, 15.583, 15.146, 15.106, 15.176, 15.021, 13.978, 11.667, 9.553, 8.433, 6.693, 3.405, 0.0, 2.53, 5.145, 6.869, 8.171, 9.171, 9.406, 9.851, 10.188, 10.216, 10.642, 11.802, 12.577, 12.846, 