[[0.0, 4.265, 7.268, 8.318, 8.472, 9.245, 10.163, 10.372, 10.834, 12.032, 12.793, 12.951, 13.187, 14.239, 15.011, 15.072, 15.372, 15.777, 15.958, 16.114, 16.237, 16.799, 17.869, 18.677, 18.858, 19.206, 19.59, 20.296, 20.669, 20.662, 20.794, 21.387, 21.896, 21.779, 22.352, 24.359, 25.849, 25.969, 25.044, 24.104, 23.81, 23.885, 24.149, 24.032, 23.893, 23.78, 23.557, 23.37, 23.395, 23.54, 23.535, 23.953, 25.054, 26.15, 26.103, 25.066, 24.243, 23.782, 23.509, 23.9, 24.675, 25.455, 25.972, 26.121, 25.927, 25.815, 25.771, 25.582, 25.466, 25.445, 25.738, 25.829, 25.08, 24.225, 24.279, 24.421, 24.083, 23.734, 23.725, 24.09, 24.063, 23.741, 23.563, 23.305, 23.298, 23.29], [4.265, 0.0, 3.873, 5.472, 5.685, 6.705, 7.798, 8.024, 8.606, 9.967, 10.84, 11.074, 11.626, 12.958, 13.71, 13.735, 14.046, 14.51, 14.774, 14.977, 15.103, 15.72, 16.856, 17.702, 17.955, 18.375, 18.764, 19.424, 19.801, 19.801, 19.99, 20.876, 21.547, 21.422, 22.232, 24.59, 26.232, 26.384, 25.481, 24.497, 24.176, 24.273, 24.541, 24.41, 24.255, 24.13, 23.886, 23.638, 23.672, 23.84, 23.83, 24.213, 25.241, 26.321, 26.29, 25.241, 24.371, 23.837, 23.477, 23.831, 24.614, 25.411, 25.956, 26.146, 25.974, 25.828, 25.764, 25.576, 25.438, 25.378, 25.644, 25.718, 24.974, 24.191, 24.218, 24.291, 23.979, 23.666, 23.659, 24.016, 23.959, 23.629, 23.446, 23.189, 23.203, 23.216], [7.268, 3.873, 0.0, 2.161, 2.742, 4.125, 5.443, 5.744, 6.344, 7.782, 8.804, 9.098, 9.956, 11.538, 12.369, 12.473, 12.839, 13.348, 13.702, 14.012, 14.207, 14.856, 16.058, 16.939, 17.253, 17.727, 18.09, 18.707, 19.036, 19.016, 19.243, 20.267, 21.034, 20.927, 21.876, 24.559, 26.414, 26.638, 25.74, 24.716, 24.393, 24.481, 24.74, 24.635, 24.5, 24.362, 24.109, 23.863, 23.889, 24.038, 23.995, 24.351, 25.345, 26.442, 26.443, 25.41, 24.544, 23.986, 23.565, 23.884, 24.68, 25.507, 26.079, 26.291, 26.123, 25.962, 25.899, 25.705, 25.542, 25.462, 25.713, 25.8, 25.048, 24.275, 24.297, 24.357, 24.063, 23.749, 23.735, 24.117, 24.074, 23.728, 23.552, 23.341, 23.383, 23.422], [8.318, 5.472, 2.161, 0.0, 1.429, 3.236, 4.559, 4.901, 5.558, 7.144, 8.248, 8.561, 9.422, 10.993, 11.859, 12.003, 12.435, 12.968, 13.326, 13.664, 13.9, 14.558, 15.765, 16.646, 16.964, 17.458, 17.814, 18.446, 18.799, 18.789, 19.031, 20.082, 20.866, 20.77, 21.739, 24.481, 26.401, 26.663, 25.762, 24.733, 24.411, 24.499, 24.768, 24.674, 24.546, 24.403, 24.145, 23.908, 23.929, 24.077, 24.027, 24.385, 25.398, 26.51, 26.517, 25.485, 24.622, 24.068, 23.652, 23.976, 24.775, 25.605, 26.178, 26.387, 26.213, 26.051, 25.99, 25.79, 25.619, 25.534, 25.784, 25.875, 25.122, 24.343, 24.361, 24.414, 24.112, 23.793, 23.773, 24.156, 24.111, 23.761, 23.591, 23.383, 23.419, 23.462], [8.472, 5.685, 2.742, 1.429, 0.0, 2.3, 3.87, 4.269, 5.023, 6.709, 7.844, 8.125, 8.915, 10.532, 11.482, 11.683, 12.159, 12.715, 13.106, 13.492, 13.727, 14.368, 15.576, 16.471, 16.788, 17.291, 17.635, 18.259, 18.631, 18.637, 18.878, 19.926, 20.72, 20.636, 21.636, 24.412, 26.339, 26.599, 25.678, 24.626, 24.299, 24.381, 24.642, 24.545, 24.426, 24.284, 24.03, 23.806, 23.829, 23.967, 23.904, 24.244, 25.243, 26.35, 26.356, 25.334, 24.485, 23.936, 23.515, 23.836, 24.643, 25.488, 26.076, 26.293, 26.115, 25.944, 25.873, 25.67, 25.494, 25.404, 25.668, 25.771, 25.013, 24.236, 24.288, 24.379, 24.097, 23.779, 23.759, 24.156, 24.118, 23.759, 23.587, 23.375, 23.401, 23.451], [9.245, 6.705, 4.125, 3.236, 2.3, 0.0, 1.985, 2.616, 3.551, 5.309, 6.4, 6.652, 7.394, 9.207, 10.303, 10.57, 11.089, 11.663, 12.101, 12.576, 12.874, 13.539, 14.75, 15.672, 16.017, 16.554, 16.9, 17.51, 17.871, 17.893, 18.148, 19.254, 20.107, 20.026, 21.123, 24.101, 26.107, 26.329, 25.339, 24.241, 23.897, 23.966, 24.229, 24.154, 24.075, 23.928, 23.673, 23.481, 23.516, 23.644, 23.572, 23.905, 24.921, 26.07, 26.08, 25.049, 24.21, 23.668, 23.25, 23.605, 24.468, 25.347, 25.943, 26.153, 25.962, 25.773, 25.685, 25.471, 25.29, 25.223, 25.52, 25.639, 24.861, 24.069, 24.149, 24.279, 24.016, 23.687, 23.665, 24.088, 24.065, 23.691, 23.512, 23.311, 23.334, 23.388], [10.163, 7.798, 5.443, 4.559, 3.87, 1.985, 0.0, 1.121, 2.607, 4.572, 5.708, 5.999, 6.643, 8.42, 9.501, 9.743, 10.289, 10.859, 11.249, 11.719, 12.042, 12.721, 13.919, 14.848, 15.219, 15.771, 16.121, 16.752, 17.168, 17.222, 17.516, 18.734, 19.66, 19.571, 20.739, 23.852, 25.916, 26.117, 25.077, 23.954, 23.6, 23.681, 23.962, 23.882, 23.802, 23.65, 23.388, 23.185, 23.223, 23.38, 23.337, 23.693, 24.744, 25.951, 25.979, 24.918, 24.045, 23.473, 23.029, 23.387, 24.287, 25.202, 25.804, 26.0, 25.794, 25.601, 25.503, 25.286, 25.101, 25.035, 25.346, 25.461, 24.676, 23.886, 23.95, 24.065, 23.8, 23.47, 23.444, 23.864, 23.832, 23.456, 23.279, 23.073, 23.087, 23.146], [10.372, 8.024, 5.744, 4.901, 4.269, 2.616, 1.121, 0.0, 2.151, 4.377, 5.592, 5.911, 6.555, 8.354, 9.412, 9.631, 10.175, 10.746, 11.113, 11.55, 11.854, 12.532, 13.717, 14.642, 15.024, 15.577, 15.934, 16.587, 17.046, 17.116, 17.415, 18.69, 19.647, 19.537, 20.711, 23.838, 25.896, 26.087, 25.042, 23.916, 23.557, 23.664, 23.963, 23.872, 23.773, 23.617, 23.357, 23.133, 23.17, 23.351, 23.333, 23.704, 24.763, 25.984, 26.016, 24.941, 24.051, 23.465, 23.011, 23.367, 24.275, 25.196, 25.795, 25.981, 25.77, 25.575, 25.464, 25.247, 25.07, 25.001, 25.314, 25.425, 24.645, 23.866, 23.921, 24.022, 23.754, 23.435, 23.414, 23.825, 23.786, 23.419, 23.244, 23.023, 23.027, 23.083], [10.834, 8.606, 6.344, 5.558, 5.023, 3.551, 2.607, 2.151, 0.0, 2.799, 4.417, 4.855, 5.696, 7.658, 8.845, 9.13, 9.703, 10.286, 10.702, 11.243, 11.579, 12.248, 13.494, 14.445, 14.824, 15.37, 15.704, 16.274, 16.607, 16.614, 16.888, 18.142, 19.124, 19.011, 20.274, 23.639, 25.823, 26.0, 24.876, 23.676, 23.298, 23.395, 23.729, 23.666, 23.601, 23.436, 23.168, 22.976, 23.033, 23.201, 23.157, 23.55, 24.675, 25.954, 25.985, 24.874, 23.974, 23.383, 22.934, 23.345, 24.29, 25.224, 25.827, 26.025, 25.826, 25.631, 25.522, 25.296, 25.109, 25.06, 25.39, 25.504, 24.68, 23.831, 23.88, 23.998, 23.725, 23.384, 23.359, 23.807, 23.778, 23.382, 23.206, 23.027, 23.063, 23.109], [12.032, 9.967, 7.782, 7.144, 6.709, 5.309, 4.572, 4.377, 2.799, 0.0, 2.097, 2.74, 4.139, 6.624, 7.997, 8.426, 9.016, 9.589, 10.101, 10.789, 11.189, 11.816, 13.103, 14.103, 14.519, 15.078, 15.365, 15.83, 16.057, 16.071, 16.31, 17.575, 18.615, 18.519, 19.897, 23.504, 25.803, 25.967, 24.783, 23.524, 23.146, 23.215, 23.544, 23.564, 23.564, 23.389, 23.107, 22.944, 23.019, 23.14, 23.049, 23.44, 24.573, 25.884, 25.933, 24.845, 23.979, 23.407, 22.962, 23.386, 24.357, 25.308, 25.917, 26.14, 25.975, 25.777, 25.666, 25.428, 25.224, 25.198, 25.542, 25.676, 24.842, 23.975, 24.043, 24.195, 23.946, 23.594, 23.571, 24.068, 24.074, 23.661, 23.486, 23.371, 23.441, 23.486], [12.793, 10.84, 8.804, 8.248, 7.844, 6.4, 5.708, 5.592, 4.417, 2.097, 0.0, 1.167, 3.298, 6.205, 7.698, 8.235, 8.865, 9.435, 10.014, 10.766, 11.21, 11.825, 13.068, 14.072, 14.508, 15.094, 15.371, 15.785, 15.951, 15.999, 16.217, 17.459, 18.508, 18.42, 19.843, 23.491, 25.795, 25.945, 24.767, 23.523, 23.152, 23.203, 23.519, 23.606, 23.677, 23.502, 23.214, 23.081, 23.166, 23.248, 23.116, 23.481, 24.581, 25.868, 25.915, 24.865, 24.046, 23.514, 23.107, 23.543, 24.513, 25.455, 26.053, 26.276, 26.119, 25.918, 25.804, 25.558, 25.349, 25.343, 25.696, 25.844, 25.016, 24.153, 24.242, 24.415, 24.176, 23.823, 23.808, 24.327, 24.354, 23.94, 23.761, 23.661, 23.733, 23.777], [12.951, 11.074, 9.098, 8.561, 8.125, 6.652, 5.999, 5.911, 4.855, 2.74, 1.167, 0.0, 3.006, 6.295, 7.883, 8.465, 9.08, 9.627, 10.229, 11.0, 11.439, 12.027, 13.248, 14.258, 14.685, 15.248, 15.505, 15.908, 16.08, 16.136, 16.343, 17.547, 18.573, 18.488, 19.89, 23.511, 25.79, 25.936, 24.767, 23.531, 23.166, 23.208, 23.51, 23.601, 23.683, 23.523, 23.242, 23.114, 23.197, 23.266, 23.114, 23.443, 24.509, 25.784, 25.835, 24.807, 24.007, 23.478, 23.061, 23.484, 24.446, 25.395, 26.005, 26.233, 26.074, 25.87, 25.752, 25.503, 25.294, 25.278, 25.625, 25.783, 24.966, 24.12, 24.234, 24.438, 24.219, 23.869, 23.85, 24.371, 24.404, 23.986, 23.803, 23.702, 23.768, 23.822], [13.187, 11.626, 9.956, 9.422, 8.915, 7.394, 6.643, 6.555, 5.696, 4.139, 3.298, 3.006, 0.0, 3.978, 6.258, 7.115, 7.857, 8.493, 9.218, 10.092, 10.487, 10.989, 12.111, 13.055, 13.494, 14.113, 14.39, 14.832, 15.199, 15.459, 15.651, 16.85, 17.934, 17.838, 19.236, 22.847, 25.103, 25.19, 23.899, 22.572, 22.162, 22.205, 22.515, 22.602, 22.706, 22.552, 22.347, 22.311, 22.415, 22.479, 22.318, 22.638, 23.702, 24.998, 25.056, 24.049, 23.338, 22.935, 22.635, 23.096, 24.06, 24.997, 25.59, 25.801, 25.621, 25.411, 25.281, 25.029, 24.823, 24.851, 25.292, 25.508, 24.704, 23.87, 24.045, 24.309, 24.113, 23.763, 23.735, 24.26, 24.299, 23.867, 23.672, 23.567, 23.598, 23.622], [14.239, 12.958, 11.538, 10.993, 10.532, 9.207, 8.42, 8.354, 7.658, 6.624, 6.205, 6.295, 3.978, 0.0, 3.155, 4.657, 5.83, 6.701, 7.634, 8.702, 9.041, 9.365, 10.366, 11.177, 11.574, 12.341, 12.711, 13.255, 13.885, 14.351, 14.527, 15.726, 16.872, 16.762, 18.233, 21.961, 24.254, 24.232, 22.711, 21.247, 20.804, 20.851, 21.196, 21.314, 21.479, 21.314, 21.159, 21.279, 21.464, 21.528, 21.388, 21.773, 22.928, 24.268, 24.306, 23.278, 22.625, 22.377, 22.304, 22.893, 23.877, 24.758, 25.283, 25.46, 25.261, 25.06, 24.933, 24.667, 24.465, 24.603, 25.186, 25.437, 24.603, 23.716, 23.903, 24.18, 23.957, 23.577, 23.563, 24.116, 24.157, 23.711, 23.516, 23.44, 23.464, 23.417], [15.011, 13.71, 12.369, 11.859, 11.482, 10.303, 9.501, 9.412, 8.845, 7.997, 7.698, 7.883, 6.258, 3.155, 0.0, 2.27, 4.327, 5.459, 6.465, 7.577, 7.912, 8.14, 9.075, 9.862, 10.226, 11.088, 11.592, 12.249, 13.046, 13.559, 13.756, 15.124, 16.344, 16.216, 17.758, 21.589, 23.912, 23.836, 22.233, 20.765, 20.344, 20.438, 20.832, 20.985, 21.153, 20.98, 20.791, 20.885, 21.129, 21.245, 21.173, 21.632, 22.847, 24.217, 24.239, 23.167, 22.454, 22.183, 22.173, 22.848, 23.886, 24.752, 25.236, 25.389, 25.181, 24.977, 24.842, 24.566, 24.379, 24.575, 25.191, 25.415, 24.56, 23.652, 23.777, 23.982, 23.718, 23.329, 23.338, 23.883, 23.902, 23.476, 23.301, 23.254, 23.296, 23.219], [15.072, 13.735, 12.473, 12.003, 11.683, 10.57, 9.743, 9.631, 9.13, 8.426, 8.235, 8.465, 7.115, 4.657, 2.27, 0.0, 2.764, 4.213, 5.268, 6.381, 6.751, 7.054, 8.043, 8.923, 9.338, 10.247, 10.861, 11.599, 12.506, 13.072, 13.326, 14.895, 16.22, 16.075, 17.631, 21.477, 23.797, 23.717, 22.121, 20.685, 20.259, 20.407, 20.853, 21.009, 21.146, 20.966, 20.751, 20.767, 21.004, 21.2, 21.202, 21.704, 22.944, 24.334, 24.355, 23.246, 22.472, 22.145, 22.107, 22.806, 23.886, 24.766, 25.245, 25.393, 25.173, 24.968, 24.833, 24.563, 24.396, 24.606, 25.213, 25.416, 24.561, 23.639, 23.707, 23.831, 23.535, 23.148, 23.154, 23.656, 23.658, 23.267, 23.115, 23.068, 23.115, 23.035], [15.372, 14.046, 12.839, 12.435, 12.159, 11.089, 10.289, 10.175, 9.703, 9.016, 8.865, 9.08, 7.857, 5.83, 4.327, 2.764, 0.0, 1.921, 3.489, 4.92, 5.424, 5.892, 7.066, 8.159, 8.684, 9.649, 10.314, 11.113, 12.187, 12.82, 13.102, 14.866, 16.279, 16.12, 17.692, 21.562, 23.871, 23.788, 22.224, 20.8, 20.366, 20.553, 21.006, 21.14, 21.245, 21.058, 20.846, 20.822, 21.02, 21.254, 21.326, 21.87, 23.112, 24.501, 24.527, 23.422, 22.663, 22.323, 22.245, 22.895, 23.965, 24.855, 25.335, 25.486, 25.27, 25.067, 24.933, 24.671, 24.515, 24.714, 25.3, 25.507, 24.693, 23.798, 23.852, 23.929, 23.637, 23.264, 23.256, 23.722, 23.758, 23.414, 23.281, 23.228, 23.265, 23.184], [15.777, 14.51, 13.348, 12.968, 12.715, 11.663, 10.859, 10.746, 10.286, 9.589, 9.435, 9.627, 8.493, 6.701, 5.459, 4.213, 1.921, 0.0, 2.118, 3.955, 4.688, 5.323, 6.611, 7.83, 8.418, 9.378, 10.027, 10.817, 11.941, 12.587, 12.866, 14.734, 16.187, 16.018, 17.623, 21.549, 23.883, 23.81, 22.265, 20.849, 20.419, 20.612, 21.051, 21.179, 21.273, 21.08, 20.872, 20.834, 21.015, 21.256, 21.356, 21.945, 23.219, 24.62, 24.653, 23.559, 22.809, 22.458, 22.34, 22.943, 24.003, 24.908, 25.396, 25.553, 25.343, 25.142, 25.007, 24.75, 24.594, 24.777, 25.346, 25.56, 24.77, 23.893, 23.94, 24.005, 23.717, 23.346, 23.322, 23.776, 23.82, 23.489, 23.363, 23.308, 23.341, 23.258], [15.958, 14.774, 13.702, 13.326, 13.106, 12.101, 11.249, 11.113, 10.702, 10.101, 10.014, 10.229, 9.218, 7.634, 6.465, 5.268, 3.489, 2.118, 0.0, 2.191, 3.375, 4.386, 5.891, 7.284, 7.918, 8.864, 9.527, 10.347, 11.487, 12.114, 12.435, 14.429, 15.927, 15.736, 17.323, 21.265, 23.636, 23.58, 22.04, 20.636, 20.206, 20.429, 20.885, 20.997, 21.051, 20.847, 20.623, 20.528, 20.696, 20.975, 21.119, 21.801, 23.213, 24.694, 24.731, 23.597, 22.793, 22.384, 22.208, 22.796, 23.879, 24.806, 25.301, 25.455, 25.236, 25.035, 24.914, 24.666, 24.524, 24.709, 25.252, 25.454, 24.682, 23.803, 23.787, 23.787, 23.478, 23.11, 23.081, 23.513, 23.556, 23.249, 23.14, 23.08, 23.107, 23.025], [16.114, 14.977, 14.012, 13.664, 13.492, 12.576, 11.719, 11.55, 11.243, 10.789, 10.766, 11.0, 10.092, 8.702, 7.577, 6.381, 4.92, 3.955, 2.191, 0.0, 1.853, 3.586, 5.402, 6.975, 7.653, 8.571, 9.308, 10.28, 11.565, 12.216, 12.542, 14.622, 16.141, 15.922, 17.418, 21.238, 23.573, 23.516, 22.004, 20.652, 20.223, 20.48, 20.966, 21.05, 21.043, 20.831, 20.598, 20.423, 20.562, 20.893, 21.099, 21.862, 23.376, 24.924, 24.982, 23.819, 22.953, 22.481, 22.249, 22.8, 23.889, 24.829, 25.327, 25.476, 25.252, 25.057, 24.943, 24.71, 24.591, 24.776, 25.286, 25.464, 24.73, 23.88, 23.79, 23.713, 23.389, 23.035, 23.0, 23.38, 23.422, 23.16, 23.076, 23.016, 23.037, 22.952], [16.237, 15.103, 14.207, 13.9, 13.727, 12.874, 12.042, 11.854, 11.579, 11.189, 11.21, 11.439, 10.487, 9.041, 7.912, 6.751, 5.424, 4.688, 3.375, 1.853, 0.0, 2.275, 4.526, 6.295, 7.005, 7.954, 8.742, 9.888, 11.506, 12.282, 12.553, 14.643, 16.184, 15.96, 17.467, 21.261, 23.554, 23.455, 21.878, 20.435, 19.991, 20.253, 20.724, 20.768, 20.717, 20.507, 20.282, 20.064, 20.182, 20.547, 20.787, 21.545, 23.031, 24.604, 24.712, 23.56, 22.683, 22.204, 21.964, 22.467, 23.522, 24.473, 24.993, 25.156, 24.949, 24.758, 24.627, 24.399, 24.283, 24.47, 24.991, 25.164, 24.449, 23.643, 23.554, 23.477, 23.181, 22.852, 22.825, 23.193, 23.234, 22.988, 22.918, 22.865, 22.882, 22.811], [16.799, 15.72, 14.856, 14.558, 14.368, 13.539, 12.721, 12.532, 12.248, 11.816, 11.825, 12.027, 10.989, 9.365, 8.14, 7.054, 5.892, 5.323, 4.386, 3.586, 2.275, 0.0, 2.806, 4.856, 5.595, 6.626, 7.417, 8.645, 10.646, 11.655, 11.898, 14.054, 15.68, 15.461, 17.034, 20.901, 23.208, 23.07, 21.387, 19.781, 19.328, 19.611, 20.041, 20.087, 20.043, 19.844, 19.631, 19.397, 19.524, 19.916, 20.171, 20.877, 22.29, 23.874, 24.029, 22.926, 22.088, 21.654, 21.475, 21.998, 23.051, 23.995, 24.521, 24.698, 24.511, 24.319, 24.155, 23.921, 23.811, 24.035, 24.613, 24.803, 24.098, 23.33, 23.277, 23.238, 22.986, 22.68, 22.683, 23.077, 23.122, 22.872, 22.805, 22.757, 22.759, 22.701], [17.869, 16.856, 16.058, 15.765, 15.576, 14.75, 13.919, 13.717, 13.494, 13.103, 13.068, 13.248, 12.111, 10.366, 9.075, 8.043, 7.066, 6.611, 5.891, 5.402, 4.526, 2.806, 0.0, 2.402, 3.369, 4.643, 5.643, 7.181, 9.801, 11.122, 11.361, 13.7, 15.488, 15.248, 16.8, 20.605, 22.858, 22.664, 20.913, 19.25, 18.79, 19.135, 19.566, 19.647, 19.651, 19.476, 19.294, 19.076, 19.231, 19.661, 19.963, 20.624, 21.947, 23.488, 23.639, 22.601, 21.862, 21.533, 21.496, 22.094, 23.145, 24.026, 24.498, 24.656, 24.465, 24.263, 24.068, 23.833, 23.745, 24.031, 24.68, 24.889, 24.217, 23.505, 23.47, 23.436, 23.21, 22.928, 22.948, 23.336, 23.38, 23.142, 23.082, 23.031, 23.01, 22.947], [18.677, 17.702, 16.939, 16.646, 16.471, 15.672, 14.848, 14.642, 14.445, 14.103, 14.072, 14.258, 13.055, 11.177, 9.862, 8.923, 8.159, 7.83, 7.284, 6.975, 6.295, 4.856, 2.402, 0.0, 1.582, 3.379, 4.506, 6.388, 9.481, 10.998, 11.212, 13.609, 15.487, 15.246, 16.786, 20.523, 22.711, 22.463, 20.654, 18.967, 18.504, 18.875, 19.309, 19.412, 19.455, 19.289, 19.151, 18.989, 19.182, 19.625, 19.939, 20.568, 21.825, 23.329, 23.472, 22.465, 21.794, 21.586, 21.689, 22.342, 23.363, 24.171, 24.581, 24.714, 24.521, 24.316, 24.104, 23.861, 23.783, 24.112, 24.815, 25.03, 24.375, 23.705, 23.684, 23.657, 23.442, 23.171, 23.198, 23.583, 23.607, 23.366, 23.309, 23.267, 23.236, 23.162], [18.858, 17.955, 17.253, 16.964, 16.788, 16.017, 15.219, 15.024, 14.824, 14.519, 14.508, 14.685, 13.494, 11.574, 10.226, 9.338, 8.684, 8.418, 7.918, 7.653, 7.005, 5.595, 3.369, 1.582, 0.0, 2.349, 3.722, 5.964, 9.369, 10.947, 11.122, 13.419, 15.257, 15.028, 16.547, 20.247, 22.423, 22.162, 20.314, 18.625, 18.198, 18.564, 18.984, 19.093, 19.17, 19.024, 18.885, 18.753, 18.983, 19.426, 19.731, 20.345, 21.613, 23.112, 23.24, 22.221, 21.55, 21.383, 21.59, 22.315, 23.335, 24.111, 24.49, 24.611, 24.423, 24.221, 24.006, 23.766, 23.694, 24.05, 24.776, 24.987, 24.318, 23.624, 23.597, 23.58, 23.372, 23.097, 23.127, 23.52, 23.53, 23.27, 23.218, 23.191, 23.161, 23.081], [19.206, 18.375, 17.727, 17.458, 17.291, 16.554, 15.771, 15.577, 15.37, 15.078, 15.094, 15.248, 14.113, 12.341, 11.088, 10.247, 9.649, 9.378, 8.864, 8.571, 7.954, 6.626, 4.643, 3.379, 2.349, 0.0, 2.138, 5.254, 9.205, 10.862, 10.987, 13.219, 15.036, 14.798, 16.242, 19.903, 22.118, 21.876, 20.021, 18.33, 17.944, 18.291, 18.689, 18.806, 18.903, 18.79, 18.647, 18.485, 18.718, 19.199, 19.553, 20.177, 21.456, 22.982, 23.128, 22.104, 21.391, 21.185, 21.402, 22.19, 23.256, 24.059, 24.452, 24.569, 24.379, 24.177, 23.958, 23.728, 23.652, 24.003, 24.718, 24.915, 24.246, 23.547, 23.505, 23.497, 23.314, 23.032, 23.042, 23.422, 23.421, 23.149, 23.107, 23.097, 23.065, 22.989], [19.59, 18.764, 18.09, 17.814, 17.635, 16.9, 16.121, 15.934, 15.704, 15.365, 15.371, 15.505, 14.39, 12.711, 11.592, 10.861, 10.314, 10.027, 9.527, 9.308, 8.742, 7.417, 5.643, 4.506, 3.722, 2.138, 0.0, 3.85, 8.389, 10.222, 10.328, 12.645, 14.568, 14.36, 15.876, 19.67, 21.95, 21.711, 19.822, 18.033, 17.649, 17.984, 18.319, 18.418, 18.531, 18.437, 18.297, 18.136, 18.379, 18.849, 19.187, 19.758, 21.002, 22.563, 22.737, 21.719, 20.998, 20.784, 20.999, 21.817, 22.926, 23.774, 24.205, 24.344, 24.161, 23.944, 23.72, 23.488, 23.399, 23.748, 24.471, 24.682, 24.016, 23.334, 23.318, 23.348, 23.209, 22.936, 22.935, 23.333, 23.352, 23.061, 23.008, 23.003, 22.969, 22.915], [20.296, 19.424, 18.707, 18.446, 18.259, 17.51, 16.752, 16.587, 16.274, 15.83, 15.785, 15.908, 14.832, 13.255, 12.249, 11.599, 11.113, 10.817, 10.347, 10.28, 9.888, 8.645, 7.181, 6.388, 5.964, 5.254, 3.85, 0.0, 5.413, 7.881, 8.113, 10.87, 13.19, 13.049, 14.809, 19.016, 21.426, 21.174, 19.297, 17.495, 17.096, 17.442, 17.766, 17.937, 18.145, 18.052, 17.897, 17.788, 18.118, 18.559, 18.803, 19.301, 20.508, 22.071, 22.21, 21.191, 20.537, 20.387, 20.667, 21.61, 22.849, 23.77, 24.242, 24.422, 24.255, 24.029, 23.841, 23.616, 23.52, 23.91, 24.652, 24.905, 24.242, 23.539, 23.545, 23.596, 23.479, 23.206, 23.204, 23.648, 23.736, 23.444, 23.369, 23.359, 23.334, 23.287], [20.669, 19.801, 19.036, 18.799, 18.631, 17.871, 17.168, 17.046, 16.607, 16.057, 15.951, 16.08, 15.199, 13.885, 13.046, 12.506, 12.187, 11.941, 11.487, 11.565, 11.506, 10.646, 9.801, 9.481, 9.369, 9.205, 8.389, 5.413, 0.0, 3.494, 4.369, 7.686, 10.646, 10.68, 12.77, 17.715, 20.492, 20.385, 18.721, 17.132, 16.715, 17.029, 17.458, 17.81, 18.177, 18.072, 17.884, 17.914, 18.355, 18.699, 18.765, 19.287, 20.648, 22.198, 22.205, 21.133, 20.541, 20.44, 20.741, 21.794, 23.155, 24.158, 24.713, 24.953, 24.808, 24.594, 24.487, 24.271, 24.155, 24.551, 25.245, 25.515, 24.82, 24.011, 24.015, 24.076, 23.904, 23.578, 23.563, 24.061, 24.195, 23.875, 23.774, 23.774, 23.8, 23.756], [20.662, 19.801, 19.016, 18.789, 18.637, 17.893, 17.222, 17.116, 16.614, 16.071, 15.999, 16.136, 15.459, 14.351, 13.559, 13.072, 12.82, 12.587, 12.114, 12.216, 12.282, 11.655, 11.122, 10.998, 10.947, 10.862, 10.222, 7.881, 3.494, 0.0, 2.391, 6.419, 9.38, 9.532, 11.804, 17.109, 20.126, 20.157, 18.624, 17.148, 16.74, 17.031, 17.563, 17.966, 18.367, 18.269, 18.012, 18.055, 18.532, 18.82, 18.812, 19.362, 20.853, 22.424, 22.378, 21.242, 20.6, 20.444, 20.709, 21.777, 23.151, 24.181, 24.81, 25.126, 25.012, 24.806, 24.731, 24.514, 24.385, 24.755, 25.392, 25.638, 24.899, 24.018, 24.009, 24.069, 23.858, 23.5, 23.49, 24.019, 24.156, 23.805, 23.69, 23.706, 23.77, 23.735], [20.794, 19.99, 19.243, 19.031, 18.878, 18.148, 17.516, 17.415, 16.888, 16.31, 16.217, 16.343, 15.651, 14.527, 13.756, 13.326, 13.102, 12.866, 12.435, 12.542, 12.553, 11.898, 11.361, 11.212, 11.122, 10.987, 10.328, 8.113, 4.369, 2.391, 0.0, 4.954, 8.327, 8.536, 10.885, 16.425, 19.605, 19.698, 18.113, 16.535, 16.145, 16.388, 16.896, 17.369, 17.808, 17.697, 17.419, 17.505, 18.029, 18.287, 18.288, 18.896, 20.43, 22.023, 21.987, 20.876, 20.258, 20.141, 20.474, 21.544, 22.874, 23.896, 24.53, 24.863, 24.781, 24.585, 24.513, 24.287, 24.152, 24.55, 25.215, 25.479, 24.736, 23.855, 23.902, 24.019, 23.832, 23.476, 23.467, 24.018, 24.175, 23.813, 23.697, 23.737, 23.799, 23.744], [21.387, 20.876, 20.267, 20.082, 19.926, 19.254, 18.734, 18.69, 18.142, 17.575, 17.459, 17.547, 16.85, 15.726, 15.124, 14.895, 14.866, 14.734, 14.429, 14.622, 14.643, 14.054, 13.7, 13.609, 13.419, 13.219, 12.645, 10.87, 7.686, 6.419, 4.954, 0.0, 4.351, 5.166, 7.544, 13.707, 17.496, 17.965, 16.532, 15.152, 15.012, 15.093, 15.52, 16.26, 16.915, 16.829, 16.566, 16.985, 17.638, 17.72, 17.601, 18.231, 19.857, 21.404, 21.285, 20.232, 19.757, 19.853, 20.475, 21.709, 23.02, 23.987, 24.592, 24.896, 24.807, 24.656, 24.665, 24.455, 24.298, 24.75, 25.446, 25.725, 24.913, 23.882, 23.981, 24.225, 24.044, 23.643, 23.645, 24.27, 24.455, 24.017, 23.869, 23.962, 24.048, 23.979], [21.896, 21.547, 21.034, 20.866, 20.72, 20.107, 19.66, 19.647, 19.124, 18.615, 18.508, 18.573, 17.934, 16.872, 16.344, 16.22, 16.279, 16.187, 15.927, 16.141, 16.184, 15.68, 15.488, 15.487, 15.257, 15.036, 14.568, 13.19, 10.646, 9.38, 8.327, 4.351, 0.0, 2.094, 5.094, 11.621, 15.936, 16.801, 15.607, 14.557, 14.734, 14.751, 15.1, 15.988, 16.745, 16.698, 16.403, 16.981, 17.692, 17.656, 17.452, 18.063, 19.739, 21.252, 21.055, 19.996, 19.541, 19.732, 20.503, 21.841, 23.174, 24.111, 24.695, 24.985, 24.869, 24.728, 24.781, 24.602, 24.45, 24.905, 25.578, 25.835, 24.981, 23.864, 23.944, 24.201, 24.003, 23.587, 23.61, 24.263, 24.441, 23.967, 23.79, 23.892, 23.996, 23.94], [21.779, 21.422, 20.927, 20.77, 20.636, 20.026, 19.571, 19.537, 19.011, 18.519, 18.42, 18.488, 17.838, 16.762, 16.216, 16.075, 16.12, 16.018, 15.736, 15.922, 15.96, 15.461, 15.248, 15.246, 15.028, 14.798, 14.36, 13.049, 10.68, 9.532, 8.536, 5.166, 2.094, 0.0, 4.33, 11.276, 15.684, 16.525, 15.285, 14.214, 14.376, 14.439, 14.844, 15.734, 16.465, 16.408, 16.128, 16.678, 17.377, 17.39, 17.233, 17.888, 19.614, 21.178, 20.978, 19.865, 19.364, 19.544, 20.318, 21.695, 23.086, 24.049, 24.632, 24.903, 24.765, 24.616, 24.654, 24.479, 24.357, 24.816, 25.489, 25.739, 24.891, 23.787, 23.841, 24.059, 23.833, 23.422, 23.448, 24.078, 24.247, 23.794, 23.61, 23.683, 23.774, 23.71], [22.352, 22.232, 21.876, 21.739, 21.636, 21.123, 20.739, 20.711, 20.274, 19.897, 19.843, 19.89, 19.236, 18.233, 17.758, 17.631, 17.692, 17.623, 17.323, 17.418, 17.467, 17.034, 16.8, 16.786, 16.547, 16.242, 15.876, 14.809, 12.77, 11.804, 10.885, 7.544, 5.094, 4.33, 0.0, 7.765, 13.108, 14.441, 13.578, 13.095, 13.54, 13.603, 14.118, 15.189, 15.934, 15.895, 15.663, 16.365, 17.092, 17.031, 16.903, 17.688, 19.578, 21.135, 20.857, 19.774, 19.347, 19.652, 20.613, 22.111, 23.541, 24.455, 24.943, 25.112, 24.904, 24.784, 24.897, 24.78, 24.737, 25.277, 25.936, 26.182, 25.361, 24.195, 24.195, 24.395, 24.131, 23.689, 23.718, 24.299, 24.501, 24.093, 23.92, 23.993, 24.066, 23.958], [24.359, 24.59, 24.559, 24.481, 24.412, 24.101, 23.852, 23.838, 23.639, 23.504, 23.491, 23.511, 22.847, 21.961, 21.589, 21.477, 21.562, 21.549, 21.265, 21.238, 21.261, 20.901, 20.605, 20.523, 20.247, 19.903, 19.67, 19.016, 17.715, 17.109, 16.425, 13.707, 11.621, 11.276, 7.765, 0.0, 6.948, 9.832, 10.596, 12.116, 13.302, 13.385, 13.926, 15.206, 15.973, 15.983, 15.848, 16.795, 17.578, 17.421, 17.358, 18.291, 20.269, 21.623, 21.181, 20.214, 19.962, 20.56, 21.878, 23.476, 24.838, 25.535, 25.791, 25.809, 25.539, 25.495, 25.725, 25.724, 25.812, 26.454, 27.088, 27.313, 26.615, 25.463, 25.361, 25.484, 25.184, 24.764, 24.802, 25.241, 25.465, 25.176, 25.015, 25.027, 25.02, 24.823], [25.849, 26.232, 26.414, 26.401, 26.339, 26.107, 25.916, 25.896, 25.823, 25.803, 25.795, 25.79, 25.103, 24.254, 23.912, 23.797, 23.871, 23.883, 23.636, 23.573, 23.554, 23.208, 22.858, 22.711, 22.423, 22.118, 21.95, 21.426, 20.492, 20.126, 19.605, 17.496, 15.936, 15.684, 13.108, 6.948, 0.0, 4.463, 7.899, 11.619, 13.262, 13.466, 14.095, 15.332, 16.116, 16.147, 16.106, 17.144, 17.968, 17.833, 17.853, 18.876, 20.817, 21.98, 21.441, 20.522, 20.374, 21.141, 22.633, 24.25, 25.559, 26.094, 26.19, 26.172, 25.965, 25.952, 26.185, 26.249, 26.409, 27.095, 27.723, 27.917, 27.341, 26.325, 26.179, 26.242, 25.967, 25.615, 25.656, 26.001, 26.238, 26.049, 25.915, 25.853, 25.752, 25.521], [25.969, 26.384, 26.638, 26.663, 26.599, 26.329, 26.117, 26.087, 26.0, 25.967, 25.945, 25.936, 25.19, 24.232, 23.836, 23.717, 23.788, 23.81, 23.58, 23.516, 23.455, 23.07, 22.664, 22.463, 22.162, 21.876, 21.711, 21.174, 20.385, 20.157, 19.698, 17.965, 16.801, 16.525, 14.441, 9.832, 4.463, 0.0, 5.111, 9.961, 11.806, 12.13, 12.916, 14.095, 14.912, 14.932, 14.92, 16.021, 16.903, 16.787, 16.846, 17.964, 20.048, 21.275, 20.683, 19.663, 19.495, 20.322, 21.957, 23.736, 25.176, 25.714, 25.749, 25.737, 25.584, 25.555, 25.761, 25.84, 26.038, 26.837, 27.57, 27.8, 27.234, 26.225, 26.054, 26.103, 25.844, 25.511, 25.577, 25.946, 26.208, 26.035, 25.922, 25.857, 25.727, 25.472], [25.044, 25.481, 25.74, 25.762, 25.678, 25.339, 25.077, 25.042, 24.876, 24.783, 24.767, 24.767, 23.899, 22.711, 22.233, 22.121, 22.224, 22.265, 22.04, 22.004, 21.878, 21.387, 20.913, 20.654, 20.314, 20.021, 19.822, 19.297, 18.721, 18.624, 18.113, 16.532, 15.607, 15.285, 13.578, 10.596, 7.899, 5.111, 0.0, 5.613, 7.9, 8.369, 9.344, 10.637, 11.564, 11.585, 11.615, 12.923, 13.94, 13.836, 13.956, 15.34, 17.864, 19.416, 18.88, 17.711, 17.478, 18.391, 20.215, 22.189, 23.775, 24.405, 24.467, 24.47, 24.334, 24.295, 24.459, 24.497, 24.701, 25.638, 26.551, 26.849, 26.223, 25.149, 24.986, 25.052, 24.801, 24.467, 24.556, 24.982, 25.228, 24.994, 24.886, 24.877, 24.772, 24.491], [24.104, 24.497, 24.716, 24.733, 24.626, 24.241, 23.954, 23.916, 23.676, 23.524, 23.523, 23.531, 22.572, 21.247, 20.765, 20.685, 20.8, 20.849, 20.636, 20.652, 20.435, 19.781, 19.25, 18.967, 18.625, 18.33, 18.033, 17.495, 17.132, 17.148, 16.535, 15.152, 14.557, 14.214, 13.095, 12.116, 11.619, 9.961, 5.613, 0.0, 3.14, 4.092, 5.232, 6.641, 7.717, 7.805, 7.997, 9.498, 10.666, 10.657, 10.828, 12.243, 14.985, 16.902, 16.59, 15.409, 15.201, 16.243, 18.179, 20.216, 21.815, 22.575, 22.821, 22.909, 22.825, 22.747, 22.775, 22.722, 22.903, 23.897, 24.948, 25.308, 24.684, 23.743, 23.71, 23.841, 23.68, 23.384, 23.46, 23.931, 24.172, 23.883, 23.754, 23.769, 23.676, 23.457], [23.81, 24.176, 24.393, 24.411, 24.299, 23.897, 23.6, 23.557, 23.298, 23.146, 23.152, 23.166, 22.162, 20.804, 20.344, 20.259, 20.366, 20.419, 20.206, 20.223, 19.991, 19.328, 18.79, 18.504, 18.198, 17.944, 17.649, 17.096, 16.715, 16.74, 16.145, 15.012, 14.734, 14.376, 13.54, 13.302, 13.262, 11.806, 7.9, 3.14, 0.0, 2.454, 4.539, 5.742, 6.79, 6.817, 7.176, 8.737, 9.898, 10.056, 10.239, 11.577, 14.288, 16.302, 16.089, 14.926, 14.819, 15.923, 17.803, 19.795, 21.386, 22.228, 22.588, 22.728, 22.646, 22.544, 22.496, 22.381, 22.554, 23.531, 24.603, 24.991, 24.392, 23.561, 23.622, 23.758, 23.59, 23.291, 23.332, 23.786, 24.026, 23.733, 23.59, 23.59, 23.492, 23.294], [23.885, 24.273, 24.481, 24.499, 24.381, 23.966, 23.681, 23.664, 23.395, 23.215, 23.203, 23.208, 22.205, 20.851, 20.438, 20.407, 20.553, 20.612, 20.429, 20.48, 20.253, 19.611, 19.135, 18.875, 18.564, 18.291, 17.984, 17.442, 17.029, 17.031, 16.388, 15.093, 14.751, 14.439, 13.603, 13.385, 13.466, 12.13, 8.369, 4.092, 2.454, 0.0, 3.032, 4.851, 6.243, 6.32, 6.707, 8.606, 9.821, 9.817, 9.896, 11.245, 13.988, 15.975, 15.746, 14.629, 14.632, 15.881, 17.849, 19.857, 21.389, 22.196, 22.546, 22.7, 22.648, 22.56, 22.546, 22.419, 22.562, 23.557, 24.631, 25.016, 24.385, 23.517, 23.626, 23.868, 23.747, 23.426, 23.454, 23.933, 24.192, 23.874, 23.725, 23.768, 23.689, 23.494], [24.149, 24.541, 24.74, 24.768, 24.642, 24.229, 23.962, 23.963, 23.729, 23.544, 23.519, 23.51, 22.515, 21.196, 20.832, 20.853, 21.006, 21.051, 20.885, 20.966, 20.724, 20.041, 19.566, 19.309, 18.984, 18.689, 18.319, 17.766, 17.458, 17.563, 16.896, 15.52, 15.1, 14.844, 14.118, 13.926, 14.095, 12.916, 9.344, 5.232, 4.539, 3.032, 0.0, 2.989, 5.029, 5.305, 5.795, 7.938, 9.172, 8.985, 9.013, 10.245, 12.895, 14.871, 14.666, 13.667, 13.828, 15.278, 17.389, 19.395, 20.875, 21.671, 22.029, 22.19, 22.184, 22.093, 22.079, 21.966, 22.08, 23.124, 24.241, 24.641, 24.031, 23.21, 23.371, 23.714, 23.733, 23.452, 23.473, 23.976, 24.26, 23.931, 23.781, 23.855, 23.778, 23.613], [24.032, 24.41, 24.635, 24.674, 24.545, 24.154, 23.882, 23.872, 23.666, 23.564, 23.606, 23.601, 22.602, 21.314, 20.985, 21.009, 21.14, 21.179, 20.997, 21.05, 20.768, 20.087, 19.647, 19.412, 19.093, 18.806, 18.418, 17.937, 17.81, 17.966, 17.369, 16.26, 15.988, 15.734, 15.189, 15.206, 15.332, 14.095, 10.637, 6.641, 5.742, 4.851, 2.989, 0.0, 2.628, 3.263, 4.166, 6.54, 7.797, 7.697, 7.845, 9.147, 12.001, 14.183, 14.067, 12.948, 13.02, 14.434, 16.491, 18.487, 20.0, 20.882, 21.298, 21.451, 21.448, 21.35, 21.303, 21.202, 21.324, 22.368, 23.51, 23.943, 23.39, 22.661, 22.837, 23.166, 23.251, 23.029, 23.041, 23.519, 23.812, 23.494, 23.344, 23.394, 23.296, 23.147], [23.893, 24.255, 24.5, 24.546, 24.426, 24.075, 23.802, 23.773, 23.601, 23.564, 23.677, 23.683, 22.706, 21.479, 21.153, 21.146, 21.245, 21.273, 21.051, 21.043, 20.717, 20.043, 19.651, 19.455, 19.17, 18.903, 18.531, 18.145, 18.177, 18.367, 17.808, 16.915, 16.745, 16.465, 15.934, 15.973, 16.116, 14.912, 11.564, 7.717, 6.79, 6.243, 5.029, 2.628, 0.0, 1.484, 3.182, 5.32, 6.5, 6.56, 7.009, 8.635, 11.733, 14.12, 14.142, 12.955, 12.832, 14.039, 15.899, 17.82, 19.359, 20.314, 20.759, 20.868, 20.839, 20.748, 20.683, 20.602, 20.764, 21.794, 22.918, 23.36, 22.879, 22.244, 22.382, 22.636, 22.726, 22.558, 22.587, 23.013, 23.31, 23.044, 22.915, 22.934, 22.81, 22.67], [23.78, 24.13, 24.362, 24.403, 24.284, 23.928, 23.65, 23.617, 23.436, 23.389, 23.502, 23.523, 22.552, 21.314, 20.98, 20.966, 21.058, 21.08, 20.847, 20.831, 20.507, 19.844, 19.476, 19.289, 19.024, 18.79, 18.437, 18.052, 18.072, 18.269, 17.697, 16.829, 16.698, 16.408, 15.895, 15.983, 16.147, 14.932, 11.585, 7.805, 6.817, 6.32, 5.305, 3.263, 1.484, 0.0, 2.362, 4.805, 6.027, 6.141, 6.675, 8.491, 11.703, 14.133, 14.183, 12.979, 12.825, 13.997, 15.825, 17.729, 19.282, 20.246, 20.673, 20.773, 20.751, 20.671, 20.614, 20.523, 20.692, 21.738, 22.863, 23.304, 22.813, 22.166, 22.311, 22.549, 22.61, 22.432, 22.462, 22.91, 23.232, 22.982, 22.862, 22.881, 22.758, 22.608], [23.557, 23.886, 24.109, 24.145, 24.03, 23.673, 23.388, 23.357, 23.168, 23.107, 23.214, 23.242, 22.347, 21.159, 20.791, 20.751, 20.846, 20.872, 20.623, 20.598, 20.282, 19.631, 19.294, 19.151, 18.885, 18.647, 18.297, 17.897, 17.884, 18.012, 17.419, 16.566, 16.403, 16.128, 15.663, 15.848, 16.106, 14.92, 11.615, 7.997, 7.176, 6.707, 5.795, 4.166, 3.182, 2.362, 0.0, 3.284, 5.03, 5.174, 5.765, 7.773, 11.252, 13.806, 13.856, 12.55, 12.203, 13.26, 15.166, 17.224, 18.895, 19.893, 20.31, 20.448, 20.472, 20.399, 20.37, 20.267, 20.424, 21.51, 22.632, 23.062, 22.531, 21.825, 21.958, 22.176, 22.215, 22.026, 22.065, 22.562, 22.946, 22.712, 22.594, 22.63, 22.524, 22.373], [23.37, 23.638, 23.863, 23.908, 23.806, 23.481, 23.185, 23.133, 22.976, 22.944, 23.081, 23.114, 22.311, 21.279, 20.885, 20.767, 20.822, 20.834, 20.528, 20.423, 20.064, 19.397, 19.076, 18.989, 18.753, 18.485, 18.136, 17.788, 17.914, 18.055, 17.505, 16.985, 16.981, 16.678, 16.365, 16.795, 17.144, 16.021, 12.923, 9.498, 8.737, 8.606, 7.938, 6.54, 5.32, 4.805, 3.284, 0.0, 2.598, 3.63, 4.878, 7.152, 10.737, 13.556, 13.815, 12.458, 11.742, 12.29, 13.857, 15.883, 17.689, 18.822, 19.315, 19.494, 19.585, 19.524, 19.444, 19.353, 19.54, 20.62, 21.726, 22.161, 21.697, 21.083, 21.142, 21.26, 21.312, 21.194, 21.282, 21.769, 22.187, 22.045, 21.963, 21.962, 21.836, 21.718], [23.395, 23.672, 23.889, 23.929, 23.829, 23.516, 23.223, 23.17, 23.033, 23.019, 23.166, 23.197, 22.415, 21.464, 21.129, 21.004, 21.02, 21.015, 20.696, 20.562, 20.182, 19.524, 19.231, 19.182, 18.983, 18.718, 18.379, 18.118, 18.355, 18.532, 18.029, 17.638, 17.692, 17.377, 17.092, 17.578, 17.968, 16.903, 13.94, 10.666, 9.898, 9.821, 9.172, 7.797, 6.5, 6.027, 5.03, 2.598, 0.0, 2.343, 4.411, 6.896, 10.469, 13.348, 13.777, 12.495, 11.724, 12.076, 13.313, 15.125, 16.919, 18.129, 18.677, 18.861, 18.967, 18.937, 18.842, 18.773, 18.978, 20.027, 21.124, 21.569, 21.145, 20.577, 20.61, 20.7, 20.771, 20.695, 20.79, 21.259, 21.696, 21.598, 21.57, 21.585, 21.46, 21.375], [23.54, 23.84, 24.038, 24.077, 23.967, 23.644, 23.38, 23.351, 23.201, 23.14, 23.248, 23.266, 22.479, 21.528, 21.245, 21.2, 21.254, 21.256, 20.975, 20.893, 20.547, 19.916, 19.661, 19.625, 19.426, 19.199, 18.849, 18.559, 18.699, 18.82, 18.287, 17.72, 17.656, 17.39, 17.031, 17.421, 17.833, 16.787, 13.836, 10.657, 10.056, 9.817, 8.985, 7.697, 6.56, 6.141, 5.174, 3.63, 2.343, 0.0, 2.762, 5.928, 9.91, 12.77, 13.126, 11.934, 11.319, 11.852, 13.261, 15.124, 16.89, 18.034, 18.524, 18.711, 18.837, 18.824, 18.807, 18.757, 18.935, 20.033, 21.156, 21.624, 21.166, 20.534, 20.609, 20.758, 20.852, 20.756, 20.843, 21.37, 21.845, 21.702, 21.675, 21.783, 21.704, 21.615], [23.535, 23.83, 23.995, 24.027, 23.904, 23.572, 23.337, 23.333, 23.157, 23.049, 23.116, 23.114, 22.318, 21.388, 21.173, 21.202, 21.326, 21.356, 21.119, 21.099, 20.787, 20.171, 19.963, 19.939, 19.731, 19.553, 19.187, 18.803, 18.765, 18.812, 18.288, 17.601, 17.452, 17.233, 16.903, 17.358, 17.853, 16.846, 13.956, 10.828, 10.239, 9.896, 9.013, 7.845, 7.009, 6.675, 5.765, 4.878, 4.411, 2.762, 0.0, 3.971, 8.651, 11.641, 11.921, 10.744, 10.328, 11.17, 12.936, 15.025, 16.841, 17.963, 18.466, 18.724, 18.89, 18.865, 18.902, 18.861, 19.009, 20.154, 21.318, 21.822, 21.312, 20.601, 20.739, 20.958, 21.052, 20.931, 21.018, 21.616, 22.089, 21.865, 21.792, 21.942, 21.923, 21.881], [23.953, 24.213, 24.351, 24.385, 24.244, 23.905, 23.693, 23.704, 23.55, 23.44, 23.481, 23.443, 22.638, 21.773, 21.632, 21.704, 21.87, 21.945, 21.801, 21.862, 21.545, 20.877, 20.624, 20.568, 20.345, 20.177, 19.758, 19.301, 19.287, 19.362, 18.896, 18.231, 18.063, 17.888, 17.688, 18.291, 18.876, 17.964, 15.34, 12.243, 11.577, 11.245, 10.245, 9.147, 8.635, 8.491, 7.773, 7.152, 6.896, 5.928, 3.971, 0.0, 5.29, 8.705, 9.237, 8.247, 8.21, 9.641, 11.963, 14.296, 16.097, 17.195, 17.819, 18.239, 18.495, 18.423, 18.419, 18.378, 18.516, 19.718, 20.965, 21.523, 21.005, 20.373, 20.685, 21.075, 21.288, 21.205, 21.31, 21.959, 22.425, 22.137, 22.006, 22.141, 22.134, 22.258], [25.054, 25.241, 25.345, 25.398, 25.243, 24.921, 24.744, 24.763, 24.675, 24.573, 24.581, 24.509, 23.702, 22.928, 22.847, 22.944, 23.112, 23.219, 23.213, 23.376, 23.031, 22.29, 21.947, 21.825, 21.613, 21.456, 21.002, 20.508, 20.648, 20.853, 20.43, 19.857, 19.739, 19.614, 19.578, 20.269, 20.817, 20.048, 17.864, 14.985, 14.288, 13.988, 12.895, 12.001, 11.733, 11.703, 11.252, 10.737, 10.469, 9.91, 8.651, 5.29, 0.0, 4.175, 5.796, 5.973, 7.037, 9.237, 11.905, 14.007, 15.379, 16.244, 16.948, 17.568, 17.996, 17.913, 17.833, 17.797, 17.908, 19.166, 20.531, 21.137, 20.664, 20.274, 20.866, 21.502, 21.92, 21.935, 22.097, 22.77, 23.23, 22.943, 22.763, 22.854, 22.821, 23.126], [26.15, 26.321, 26.442, 26.51, 26.35, 26.07, 25.951, 25.984, 25.954, 25.884, 25.868, 25.784, 24.998, 24.268, 24.217, 24.334, 24.501, 24.62, 24.694, 24.924, 24.604, 23.874, 23.488, 23.329, 23.112, 22.982, 22.563, 22.071, 22.198, 22.424, 22.023, 21.404, 21.252, 21.178, 21.135, 21.623, 21.98, 21.275, 19.416, 16.902, 16.302, 15.975, 14.871, 14.183, 14.12, 14.133, 13.806, 13.556, 13.348, 12.77, 11.641, 8.705, 4.175, 0.0, 2.927, 5.124, 7.541, 10.357, 13.352, 15.302, 16.225, 16.659, 17.215, 17.913, 18.427, 18.383, 18.366, 18.35, 18.441, 19.78, 21.223, 21.839, 21.353, 21.005, 21.763, 22.541, 23.02, 23.067, 23.274, 23.961, 24.422, 24.132, 23.934, 24.012, 23.967, 24.305], [26.103, 26.29, 26.443, 26.517, 26.356, 26.08, 25.979, 26.016, 25.985, 25.933, 25.915, 25.835, 25.056, 24.306, 24.239, 24.355, 24.527, 24.653, 24.731, 24.982, 24.712, 24.029, 23.639, 23.472, 23.24, 23.128, 22.737, 22.21, 22.205, 22.378, 21.987, 21.285, 21.055, 20.978, 20.857, 21.181, 21.441, 20.683, 18.88, 16.59, 16.089, 15.746, 14.666, 14.067, 14.142, 14.183, 13.856, 13.815, 13.777, 13.126, 11.921, 9.237, 5.796, 2.927, 0.0, 3.404, 6.78, 10.216, 13.703, 15.976, 17.022, 17.367, 17.773, 18.398, 18.838, 18.771, 18.826, 18.81, 18.914, 20.325, 21.787, 22.39, 21.839, 21.345, 22.063, 22.819, 23.238, 23.243, 23.446, 24.151, 24.629, 24.321, 24.103, 24.17, 24.119, 24.412], [25.066, 25.241, 25.41, 25.485, 25.334, 25.049, 24.918, 24.941, 24.874, 24.845, 24.865, 24.807, 24.049, 23.278, 23.167, 23.246, 23.422, 23.559, 23.597, 23.819, 23.56, 22.926, 22.601, 22.465, 22.221, 22.104, 21.719, 21.191, 21.133, 21.242, 20.876, 20.232, 19.996, 19.865, 19.774, 20.214, 20.522, 19.663, 17.711, 15.409, 14.926, 14.629, 13.667, 12.948, 12.955, 12.979, 12.55, 12.458, 12.495, 11.934, 10.744, 8.247, 5.973, 5.124, 3.404, 0.0, 3.993, 8.056, 12.041, 14.779, 16.175, 16.705, 17.134, 17.694, 18.055, 17.956, 18.033, 18.027, 18.159, 19.583, 21.025, 21.589, 20.963, 20.329, 20.905, 21.556, 21.916, 21.896, 22.098, 22.806, 23.279, 22.965, 22.738, 22.774, 22.724, 23.002], [24.243, 24.371, 24.544, 24.622, 24.485, 24.21, 24.045, 24.051, 23.974, 23.979, 24.046, 24.007, 23.338, 22.625, 22.454, 22.472, 22.663, 22.809, 22.793, 22.953, 22.683, 22.088, 21.862, 21.794, 21.55, 21.391, 20.998, 20.537, 20.541, 20.6, 20.258, 19.757, 19.541, 19.364, 19.347, 19.962, 20.374, 19.495, 17.478, 15.201, 14.819, 14.632, 13.828, 13.02, 12.832, 12.825, 12.203, 11.742, 11.724, 11.319, 10.328, 8.21, 7.037, 7.541, 6.78, 3.993, 0.0, 4.575, 9.235, 12.618, 14.425, 15.171, 15.688, 16.247, 16.594, 16.493, 16.595, 16.632, 16.806, 18.234, 19.629, 20.119, 19.434, 18.71, 19.115, 19.67, 20.019, 20.018, 20.259, 20.964, 21.402, 21.106, 20.888, 20.901, 20.867, 21.177], [23.782, 23.837, 23.986, 24.068, 23.936, 23.668, 23.473, 23.465, 23.383, 23.407, 23.514, 23.478, 22.935, 22.377, 22.183, 22.145, 22.323, 22.458, 22.384, 22.481, 22.204, 21.654, 21.533, 21.586, 21.383, 21.185, 20.784, 20.387, 20.44, 20.444, 20.141, 19.853, 19.732, 19.544, 19.652, 20.56, 21.141, 20.322, 18.391, 16.243, 15.923, 15.881, 15.278, 14.434, 14.039, 13.997, 13.26, 12.29, 12.076, 11.852, 11.17, 9.641, 9.237, 10.357, 10.216, 8.056, 4.575, 0.0, 5.361, 9.601, 12.039, 13.143, 13.843, 14.486, 14.857, 14.752, 14.859, 14.951, 15.15, 16.514, 17.853, 18.345, 17.653, 16.903, 17.21, 17.721, 18.078, 18.121, 18.427, 19.164, 19.633, 19.415, 19.234, 19.227, 19.221, 19.611], [23.509, 23.477, 23.565, 23.652, 23.515, 23.25, 23.029, 23.011, 22.934, 22.962, 23.107, 23.061, 22.635, 22.304, 22.173, 22.107, 22.245, 22.34, 22.208, 22.249, 21.964, 21.475, 21.496, 21.689, 21.59, 21.402, 20.999, 20.667, 20.741, 20.709, 20.474, 20.475, 20.503, 20.318, 20.613, 21.878, 22.633, 21.957, 20.215, 18.179, 17.803, 17.849, 17.389, 16.491, 15.899, 15.825, 15.166, 13.857, 13.313, 13.261, 12.936, 11.963, 11.905, 13.352, 13.703, 12.041, 9.235, 5.361, 0.0, 5.156, 8.746, 10.691, 11.875, 12.695, 13.047, 12.917, 12.963, 13.073, 13.253, 14.285, 15.5, 16.146, 15.601, 15.062, 15.455, 16.013, 16.44, 16.577, 16.929, 17.678, 18.226, 18.148, 18.021, 17.979, 17.982, 18.527], [23.9, 23.831, 23.884, 23.976, 23.836, 23.605, 23.387, 23.367, 23.345, 23.386, 23.543, 23.484, 23.096, 22.893, 22.848, 22.806, 22.895, 22.943, 22.796, 22.8, 22.467, 21.998, 22.094, 22.342, 22.315, 22.19, 21.817, 21.61, 21.794, 21.777, 21.544, 21.709, 21.841, 21.695, 22.111, 23.476, 24.25, 23.736, 22.189, 20.216, 19.795, 19.857, 19.395, 18.487, 17.82, 17.729, 17.224, 15.883, 15.125, 15.124, 15.025, 14.296, 14.007, 15.302, 15.976, 14.779, 12.618, 9.601, 5.156, 0.0, 4.643, 7.727, 9.663, 10.79, 11.294, 11.234, 11.187, 11.307, 11.417, 12.019, 13.119, 13.967, 13.725, 13.663, 14.313, 15.022, 15.651, 15.981, 16.