[[0.0, 2.587, 4.617, 6.23, 8.438, 11.601, 13.936, 14.373, 15.443, 17.509, 18.693, 19.298, 20.751, 21.976, 21.692, 21.715, 22.143, 22.098, 21.552, 21.833, 21.882, 21.554, 21.283, 21.289, 21.406, 21.677, 21.691, 21.48, 21.305, 22.615, 24.222, 24.958, 25.056, 25.725, 26.185, 26.224, 25.562, 24.829, 24.072, 23.432, 22.976, 23.114, 23.046, 22.938, 22.96, 23.183, 23.814, 24.202, 24.326, 24.006, 23.707, 24.036, 23.622, 22.415, 21.548, 21.108, 20.138, 19.581, 20.13, 20.816, 21.205, 21.37, 20.621, 19.688, 19.878, 19.388, 18.306, 18.155, 18.652, 18.915, 18.98, 18.951, 19.13, 18.993, 18.829, 19.189, 20.041, 21.044, 21.941, 22.715, 22.828, 22.448, 21.884, 21.796, 22.473, 23.068], [2.587, 0.0, 2.802, 5.068, 7.661, 11.136, 13.683, 14.166, 15.126, 17.201, 18.423, 19.046, 20.544, 21.791, 21.5, 21.527, 21.955, 21.881, 21.284, 21.568, 21.633, 21.292, 20.999, 21.028, 21.167, 21.454, 21.471, 21.259, 21.079, 22.448, 24.113, 24.858, 24.925, 25.583, 26.055, 26.109, 25.428, 24.658, 23.874, 23.217, 22.728, 22.863, 22.808, 22.716, 22.742, 22.977, 23.64, 24.039, 24.164, 23.847, 23.539, 23.887, 23.473, 22.272, 21.393, 20.924, 19.907, 19.313, 19.879, 20.578, 20.979, 21.153, 20.384, 19.426, 19.613, 19.066, 17.902, 17.744, 18.286, 18.597, 18.701, 18.687, 18.872, 18.716, 18.544, 18.942, 19.871, 20.941, 21.883, 22.69, 22.797, 22.375, 21.79, 21.698, 22.38, 22.982], [4.617, 2.802, 0.0, 2.98, 6.166, 9.878, 12.552, 13.098, 13.98, 16.077, 17.342, 18.021, 19.617, 20.906, 20.601, 20.618, 21.05, 20.981, 20.356, 20.618, 20.664, 20.306, 20.01, 20.108, 20.312, 20.619, 20.633, 20.415, 20.183, 21.515, 23.192, 23.939, 23.997, 24.664, 25.146, 25.216, 24.55, 23.772, 22.97, 22.332, 21.885, 22.036, 22.008, 21.967, 22.009, 22.252, 22.957, 23.388, 23.503, 23.186, 22.895, 23.262, 22.906, 21.825, 20.97, 20.468, 19.481, 18.959, 19.553, 20.215, 20.627, 20.83, 20.091, 19.179, 19.332, 18.792, 17.623, 17.432, 17.909, 18.193, 18.305, 18.305, 18.52, 18.375, 18.2, 18.626, 19.611, 20.727, 21.702, 22.514, 22.563, 22.061, 21.467, 21.404, 22.091, 22.689], [6.23, 5.068, 2.98, 0.0, 3.68, 7.86, 10.894, 11.529, 12.541, 14.822, 16.124, 16.845, 18.503, 19.835, 19.525, 19.52, 19.933, 19.862, 19.279, 19.593, 19.663, 19.342, 19.075, 19.172, 19.386, 19.691, 19.703, 19.49, 19.274, 20.619, 22.338, 23.17, 23.344, 24.091, 24.61, 24.681, 24.006, 23.281, 22.571, 22.042, 21.662, 21.837, 21.841, 21.857, 21.926, 22.178, 22.919, 23.386, 23.505, 23.191, 22.926, 23.313, 22.981, 21.946, 21.085, 20.559, 19.58, 19.097, 19.701, 20.328, 20.734, 20.966, 20.249, 19.385, 19.532, 18.98, 17.79, 17.597, 18.066, 18.339, 18.446, 18.439, 18.652, 18.507, 18.348, 18.794, 19.784, 20.898, 21.873, 22.677, 22.698, 22.167, 21.573, 21.511, 22.19, 22.791], [8.438, 7.661, 6.166, 3.68, 0.0, 4.921, 8.695, 9.544, 10.737, 13.238, 14.559, 15.271, 16.921, 18.288, 17.991, 17.966, 18.361, 18.29, 17.788, 18.216, 18.36, 18.124, 17.919, 18.004, 18.219, 18.509, 18.527, 18.347, 18.201, 19.588, 21.349, 22.304, 22.633, 23.472, 24.034, 24.104, 23.415, 22.779, 22.238, 21.877, 21.58, 21.771, 21.804, 21.882, 21.981, 22.241, 23.0, 23.494, 23.625, 23.325, 23.094, 23.488, 23.183, 22.204, 21.372, 20.844, 19.883, 19.413, 20.005, 20.597, 20.988, 21.245, 20.573, 19.781, 19.942, 19.391, 18.206, 18.015, 18.48, 18.752, 18.842, 18.833, 19.048, 18.897, 18.759, 19.213, 20.173, 21.246, 22.188, 22.969, 22.978, 22.441, 21.85, 21.773, 22.424, 23.018], [11.601, 11.136, 9.878, 7.86, 4.921, 0.0, 4.564, 6.008, 7.406, 10.027, 11.33, 12.102, 13.786, 15.167, 14.901, 14.896, 15.299, 15.284, 14.984, 15.604, 15.883, 15.834, 15.84, 15.992, 16.238, 16.48, 16.504, 16.405, 16.337, 17.531, 19.169, 20.232, 20.838, 21.853, 22.509, 22.593, 21.963, 21.478, 21.147, 21.054, 21.031, 21.267, 21.327, 21.506, 21.632, 21.875, 22.609, 23.125, 23.248, 22.987, 22.86, 23.255, 23.091, 22.39, 21.697, 21.174, 20.343, 19.995, 20.551, 21.036, 21.395, 21.68, 21.178, 20.619, 20.737, 20.295, 19.301, 19.098, 19.386, 19.502, 19.473, 19.44, 19.695, 19.597, 19.497, 19.903, 20.721, 21.645, 22.482, 23.177, 23.142, 22.598, 22.049, 21.999, 22.584, 23.096], [13.936, 13.683, 12.552, 10.894, 8.695, 4.564, 0.0, 2.502, 4.76, 7.347, 8.648, 9.607, 11.513, 12.86, 12.586, 12.662, 13.085, 13.157, 13.044, 13.803, 14.192, 14.298, 14.579, 14.907, 15.235, 15.432, 15.443, 15.408, 15.295, 16.049, 17.386, 18.418, 19.229, 20.411, 21.174, 21.275, 20.727, 20.377, 20.19, 20.279, 20.618, 20.955, 21.012, 21.257, 21.39, 21.621, 22.327, 22.856, 22.949, 22.706, 22.684, 23.097, 23.069, 22.633, 22.052, 21.514, 20.827, 20.642, 21.19, 21.579, 21.901, 22.188, 21.856, 21.52, 21.55, 21.218, 20.474, 20.267, 20.331, 20.249, 20.073, 19.934, 20.164, 20.157, 20.115, 20.47, 21.154, 21.945, 22.698, 23.317, 23.227, 22.67, 22.195, 22.228, 22.763, 23.165], [14.373, 14.166, 13.098, 11.529, 9.544, 6.008, 2.502, 0.0, 3.648, 6.778, 8.194, 9.253, 11.306, 12.674, 12.354, 12.417, 12.832, 12.92, 12.844, 13.638, 14.049, 14.165, 14.509, 14.877, 15.214, 15.402, 15.406, 15.382, 15.272, 15.968, 17.229, 18.226, 19.073, 20.279, 21.066, 21.187, 20.658, 20.316, 20.131, 20.215, 20.622, 21.02, 21.081, 21.311, 21.432, 21.654, 22.352, 22.881, 22.978, 22.741, 22.735, 23.153, 23.133, 22.711, 22.128, 21.588, 20.935, 20.788, 21.339, 21.727, 22.045, 22.32, 21.993, 21.663, 21.662, 21.333, 20.633, 20.447, 20.494, 20.394, 20.199, 20.016, 20.185, 20.173, 20.143, 20.503, 21.185, 21.971, 22.726, 23.338, 23.226, 22.658, 22.205, 22.253, 22.777, 23.162], [15.443, 15.126, 13.98, 12.541, 10.737, 7.406, 4.76, 3.648, 0.0, 3.799, 5.558, 6.909, 9.388, 10.97, 10.619, 10.716, 11.419, 11.673, 11.6, 12.382, 12.98, 13.329, 13.772, 14.177, 14.54, 14.719, 14.723, 14.734, 14.684, 15.33, 16.583, 17.625, 18.513, 19.695, 20.458, 20.607, 20.149, 19.858, 19.757, 19.952, 20.415, 20.827, 20.955, 21.249, 21.381, 21.596, 22.274, 22.786, 22.87, 22.639, 22.632, 23.02, 23.008, 22.651, 22.074, 21.525, 20.966, 20.939, 21.508, 21.874, 22.194, 22.472, 22.174, 21.893, 21.901, 21.605, 20.925, 20.715, 20.72, 20.592, 20.411, 20.294, 20.481, 20.439, 20.376, 20.662, 21.26, 21.998, 22.71, 23.272, 23.163, 22.659, 22.228, 22.207, 22.64, 22.976], [17.509, 17.201, 16.077, 14.822, 13.238, 10.027, 7.347, 6.778, 3.799, 0.0, 2.161, 4.184, 7.223, 8.922, 8.62, 8.896, 9.994, 10.525, 10.592, 11.322, 12.132, 12.811, 13.446, 13.906, 14.284, 14.41, 14.401, 14.478, 14.517, 14.925, 16.025, 17.11, 18.114, 19.288, 20.023, 20.16, 19.81, 19.654, 19.709, 20.059, 20.655, 21.073, 21.232, 21.588, 21.723, 21.912, 22.513, 22.985, 23.036, 22.818, 22.854, 23.19, 23.209, 23.014, 22.536, 22.01, 21.569, 21.673, 22.219, 22.498, 22.782, 23.059, 22.885, 22.809, 22.849, 22.632, 22.067, 21.815, 21.681, 21.449, 21.213, 21.11, 21.329, 21.332, 21.277, 21.444, 21.845, 22.423, 23.014, 23.464, 23.359, 22.97, 22.608, 22.536, 22.836, 23.055], [18.693, 18.423, 17.342, 16.124, 14.559, 11.33, 8.648, 8.194, 5.558, 2.161, 0.0, 2.597, 5.931, 7.692, 7.463, 7.873, 9.229, 9.972, 10.216, 10.954, 11.857, 12.704, 13.442, 13.887, 14.242, 14.327, 14.304, 14.405, 14.526, 14.841, 15.864, 17.006, 18.109, 19.297, 20.027, 20.159, 19.859, 19.793, 19.948, 20.375, 21.011, 21.428, 21.597, 21.985, 22.133, 22.31, 22.861, 23.308, 23.349, 23.152, 23.224, 23.533, 23.57, 23.453, 23.034, 22.525, 22.108, 22.228, 22.737, 22.965, 23.22, 23.495, 23.384, 23.412, 23.489, 23.312, 22.81, 22.556, 22.37, 22.1, 21.838, 21.741, 21.973, 21.996, 21.954, 22.075, 22.385, 22.875, 23.398, 23.797, 23.706, 23.38, 23.06, 22.972, 23.218, 23.397], [19.298, 19.046, 18.021, 16.845, 15.271, 12.102, 9.607, 9.253, 6.909, 4.184, 2.597, 0.0, 3.725, 5.812, 5.678, 6.328, 8.166, 9.225, 9.574, 10.332, 11.35, 12.348, 13.145, 13.573, 13.91, 13.982, 13.956, 14.08, 14.282, 14.67, 15.755, 17.0, 18.158, 19.331, 20.046, 20.178, 19.894, 19.881, 20.122, 20.581, 21.198, 21.604, 21.784, 22.186, 22.359, 22.565, 23.099, 23.528, 23.567, 23.384, 23.472, 23.774, 23.814, 23.703, 23.304, 22.812, 22.374, 22.438, 22.903, 23.107, 23.343, 23.608, 23.503, 23.537, 23.64, 23.487, 23.017, 22.778, 22.589, 22.313, 22.052, 21.972, 22.205, 22.218, 22.18, 22.27, 22.526, 22.971, 23.459, 23.85, 23.788, 23.506, 23.204, 23.114, 23.356, 23.55], [20.751, 20.544, 19.617, 18.503, 16.921, 13.786, 11.513, 11.306, 9.388, 7.223, 5.931, 3.725, 0.0, 2.617, 2.991, 4.369, 6.87, 8.22, 8.657, 9.395, 10.597, 11.876, 12.79, 13.196, 13.505, 13.529, 13.501, 13.686, 14.043, 14.497, 15.628, 17.01, 18.348, 19.558, 20.257, 20.392, 20.162, 20.25, 20.63, 21.172, 21.779, 22.168, 22.366, 22.793, 22.991, 23.217, 23.73, 24.151, 24.196, 24.048, 24.176, 24.465, 24.53, 24.455, 24.117, 23.686, 23.28, 23.28, 23.635, 23.763, 23.947, 24.2, 24.123, 24.191, 24.351, 24.237, 23.812, 23.596, 23.402, 23.106, 22.845, 22.802, 23.04, 23.047, 23.017, 23.058, 23.221, 23.574, 23.99, 24.362, 24.357, 24.161, 23.902, 23.815, 24.036, 24.221], [21.976, 21.791, 20.906, 19.835, 18.288, 15.167, 12.86, 12.674, 10.97, 8.922, 7.692, 5.812, 2.617, 0.0, 1.742, 4.287, 6.828, 8.117, 8.534, 9.163, 10.37, 11.774, 12.773, 13.19, 13.496, 13.488, 13.461, 13.69, 14.128, 14.548, 15.638, 17.057, 18.521, 19.78, 20.476, 20.607, 20.418, 20.582, 21.045, 21.652, 22.301, 22.695, 22.897, 23.347, 23.557, 23.782, 24.293, 24.741, 24.808, 24.688, 24.846, 25.12, 25.208, 25.196, 24.914, 24.506, 24.13, 24.124, 24.413, 24.471, 24.614, 24.865, 24.834, 24.978, 25.181, 25.087, 24.681, 24.451, 24.23, 23.92, 23.649, 23.606, 23.833, 23.839, 23.821, 23.841, 23.966, 24.273, 24.648, 24.995, 25.012, 24.862, 24.637, 24.562, 24.761, 24.917], [21.692, 21.5, 20.601, 19.525, 17.991, 14.901, 12.586, 12.354, 10.619, 8.62, 7.463, 5.678, 2.991, 1.742, 0.0, 3.252, 6.213, 7.569, 7.961, 8.59, 9.768, 11.174, 12.257, 12.747, 13.082, 13.085, 13.051, 13.254, 13.66, 14.077, 15.168, 16.625, 18.152, 19.449, 20.167, 20.32, 20.14, 20.269, 20.691, 21.294, 21.957, 22.366, 22.578, 23.037, 23.256, 23.496, 24.047, 24.523, 24.603, 24.479, 24.624, 24.907, 25.006, 24.988, 24.69, 24.273, 23.905, 23.923, 24.242, 24.321, 24.476, 24.726, 24.686, 24.821, 25.005, 24.896, 24.469, 24.218, 23.992, 23.674, 23.389, 23.336, 23.556, 23.559, 23.528, 23.534, 23.661, 23.979, 24.364, 24.719, 24.728, 24.553, 24.298, 24.213, 24.419, 24.57], [21.715, 21.527, 20.618, 19.52, 17.966, 14.896, 12.662, 12.417, 10.716, 8.896, 7.873, 6.328, 4.369, 4.287, 3.252, 0.0, 3.663, 5.625, 6.481, 7.407, 8.741, 10.289, 11.563, 12.149, 12.497, 12.492, 12.453, 12.64, 13.004, 13.316, 14.408, 16.046, 17.697, 19.033, 19.783, 19.957, 19.799, 19.898, 20.286, 20.928, 21.622, 22.04, 22.279, 22.764, 22.998, 23.272, 23.873, 24.35, 24.411, 24.304, 24.456, 24.739, 24.85, 24.841, 24.526, 24.105, 23.771, 23.838, 24.187, 24.276, 24.432, 24.667, 24.636, 24.777, 24.927, 24.835, 24.432, 24.175, 23.931, 23.584, 23.268, 23.216, 23.46, 23.482, 23.437, 23.415, 23.519, 23.821, 24.194, 24.541, 24.533, 24.304, 24.0, 23.909, 24.112, 24.252], [22.143, 21.955, 21.05, 19.933, 18.361, 15.299, 13.085, 12.832, 11.419, 9.994, 9.229, 8.166, 6.87, 6.828, 6.213, 3.663, 0.0, 2.84, 4.872, 6.436, 7.962, 9.662, 11.144, 11.82, 12.174, 12.159, 12.13, 12.342, 12.674, 12.835, 13.94, 15.785, 17.553, 18.925, 19.722, 19.9, 19.729, 19.809, 20.192, 20.867, 21.591, 22.017, 22.26, 22.752, 22.998, 23.301, 23.944, 24.428, 24.479, 24.404, 24.593, 24.88, 25.003, 25.018, 24.724, 24.33, 24.029, 24.106, 24.434, 24.5, 24.646, 24.878, 24.87, 25.025, 25.149, 25.084, 24.744, 24.517, 24.271, 23.916, 23.586, 23.521, 23.77, 23.811, 23.773, 23.763, 23.887, 24.196, 24.571, 24.926, 24.903, 24.618, 24.295, 24.229, 24.439, 24.575], [22.098, 21.881, 20.981, 19.862, 18.29, 15.284, 13.157, 12.92, 11.673, 10.525, 9.972, 9.225, 8.22, 8.117, 7.569, 5.625, 2.84, 0.0, 3.023, 5.308, 7.032, 8.823, 10.43, 11.185, 11.584, 11.593, 11.596, 11.823, 12.167, 12.383, 13.579, 15.511, 17.319, 18.705, 19.514, 19.705, 19.509, 19.564, 19.931, 20.589, 21.27, 21.688, 21.927, 22.403, 22.645, 22.954, 23.626, 24.127, 24.183, 24.12, 24.348, 24.693, 24.831, 24.823, 24.527, 24.163, 23.892, 23.966, 24.274, 24.336, 24.487, 24.726, 24.706, 24.848, 24.979, 24.902, 24.538, 24.315, 24.093, 23.765, 23.454, 23.394, 23.635, 23.669, 23.63, 23.638, 23.799, 24.135, 24.528, 24.904, 24.891, 24.597, 24.262, 24.189, 24.404, 24.553], [21.552, 21.284, 20.356, 19.279, 17.788, 14.984, 13.044, 12.844, 11.6, 10.592, 10.216, 9.574, 8.657, 8.534, 7.961, 6.481, 4.872, 3.023, 0.0, 2.994, 5.36, 7.472, 9.176, 10.088, 10.6, 10.667, 10.698, 10.946, 11.285, 11.66, 13.025, 14.954, 16.735, 18.13, 18.928, 19.112, 18.898, 18.928, 19.269, 19.897, 20.553, 20.975, 21.228, 21.731, 21.98, 22.308, 23.032, 23.565, 23.627, 23.539, 23.767, 24.182, 24.343, 24.307, 23.951, 23.533, 23.219, 23.26, 23.576, 23.647, 23.817, 24.067, 24.032, 24.187, 24.36, 24.249, 23.792, 23.535, 23.311, 22.997, 22.717, 22.68, 22.926, 22.953, 22.901, 22.913, 23.113, 23.495, 23.926, 24.331, 24.323, 24.018, 23.66, 23.575, 23.811, 23.995], [21.833, 21.568, 20.618, 19.593, 18.216, 15.604, 13.803, 13.638, 12.382, 11.322, 10.954, 10.332, 9.395, 9.163, 8.59, 7.407, 6.436, 5.308, 2.994, 0.0, 3.125, 5.999, 7.989, 9.123, 9.776, 9.878, 9.894, 10.152, 10.469, 10.817, 12.259, 14.284, 16.203, 17.651, 18.442, 18.634, 18.502, 18.593, 18.965, 19.633, 20.318, 20.752, 21.048, 21.628, 21.902, 22.24, 22.998, 23.561, 23.626, 23.527, 23.744, 24.163, 24.365, 24.399, 24.047, 23.57, 23.201, 23.223, 23.542, 23.591, 23.754, 24.011, 24.004, 24.246, 24.482, 24.389, 23.894, 23.595, 23.324, 22.979, 22.701, 22.68, 22.914, 22.941, 22.88, 22.857, 23.03, 23.399, 23.823, 24.205, 24.178, 23.895, 23.566, 23.488, 23.713, 23.883], [21.882, 21.633, 20.664, 19.663, 18.36, 15.883, 14.192, 14.049, 12.98, 12.132, 11.857, 11.35, 10.597, 10.37, 9.768, 8.741, 7.962, 7.032, 5.36, 3.125, 0.0, 3.617, 6.282, 7.921, 8.838, 9.013, 9.005, 9.191, 9.343, 9.65, 11.197, 13.379, 15.489, 17.041, 17.87, 18.1, 18.045, 18.197, 18.587, 19.262, 19.939, 20.388, 20.705, 21.327, 21.621, 21.971, 22.783, 23.393, 23.47, 23.371, 23.594, 24.038, 24.29, 24.384, 24.071, 23.583, 23.168, 23.174, 23.491, 23.526, 23.671, 23.922, 23.931, 24.226, 24.507, 24.433, 23.923, 23.597, 23.31, 22.959, 22.684, 22.655, 22.856, 22.875, 22.82, 22.8, 22.985, 23.368, 23.803, 24.186, 24.137, 23.841, 23.527, 23.474, 23.707, 23.86], [21.554, 21.292, 20.306, 19.342, 18.124, 15.834, 14.298, 14.165, 13.329, 12.811, 12.704, 12.348, 11.876, 11.774, 11.174, 10.289, 9.662, 8.823, 7.472, 5.999, 3.617, 0.0, 3.643, 6.442, 7.917, 8.262, 8.262, 8.274, 8.039, 8.388, 10.148, 12.426, 14.628, 16.305, 17.178, 17.451, 17.423, 17.574, 17.957, 18.639, 19.297, 19.776, 20.11, 20.758, 21.076, 21.455, 22.349, 23.012, 23.089, 22.979, 23.212, 23.719, 24.011, 24.1, 23.776, 23.32, 22.918, 22.921, 23.253, 23.305, 23.45, 23.697, 23.69, 23.98, 24.287, 24.201, 23.652, 23.314, 23.045, 22.717, 22.471, 22.437, 22.611, 22.618, 22.568, 22.582, 22.828, 23.265, 23.742, 24.15, 24.078, 23.741, 23.403, 23.36, 23.621, 23.773], [21.283, 20.999, 20.01, 19.075, 17.919, 15.84, 14.579, 14.509, 13.772, 13.446, 13.442, 13.145, 12.79, 12.773, 12.257, 11.563, 11.144, 10.43, 9.176, 7.989, 6.282, 3.643, 0.0, 3.946, 6.166, 6.746, 6.771, 6.694, 6.281, 7.06, 9.279, 11.647, 13.838, 15.562, 16.406, 16.715, 16.694, 16.824, 17.218, 17.929, 18.556, 19.039, 19.421, 20.116, 20.466, 20.87, 21.826, 22.526, 22.599, 22.463, 22.686, 23.242, 23.548, 23.604, 23.244, 22.852, 22.574, 22.647, 23.011, 23.083, 23.238, 23.495, 23.425, 23.625, 23.928, 23.817, 23.206, 22.876, 22.657, 22.372, 22.196, 22.22, 22.386, 22.351, 22.288, 22.319, 22.612, 23.096, 23.607, 24.034, 23.963, 23.651, 23.323, 23.266, 23.531, 23.708], [21.289, 21.028, 20.108, 19.172, 18.004, 15.992, 14.907, 14.877, 14.177, 13.906, 13.887, 13.573, 13.196, 13.19, 12.747, 12.149, 11.82, 11.185, 10.088, 9.123, 7.921, 6.442, 3.946, 0.0, 2.684, 3.54, 3.635, 3.747, 4.071, 6.032, 8.983, 11.738, 14.092, 15.781, 16.534, 16.809, 16.721, 16.774, 17.109, 17.809, 18.395, 18.857, 19.254, 19.952, 20.309, 20.694, 21.629, 22.321, 22.409, 22.278, 22.481, 23.022, 23.288, 23.281, 22.889, 22.513, 22.343, 22.567, 23.005, 23.114, 23.288, 23.565, 23.439, 23.523, 23.778, 23.622, 22.965, 22.659, 22.513, 22.267, 22.13, 22.227, 22.414, 22.345, 22.278, 22.289, 22.542, 23.002, 23.482, 23.879, 23.824, 23.576, 23.267, 23.177, 23.414, 23.588], [21.406, 21.167, 20.312, 19.386, 18.219, 16.238, 15.235, 15.214, 14.54, 14.284, 14.242, 13.91, 13.505, 13.496, 13.082, 12.497, 12.174, 11.584, 10.6, 9.776, 8.838, 7.917, 6.166, 2.684, 0.0, 1.163, 1.55, 2.334, 3.768, 6.345, 9.517, 12.427, 14.824, 16.458, 17.179, 17.422, 17.283, 17.283, 17.571, 18.234, 18.771, 19.217, 19.597, 20.254, 20.596, 20.954, 21.842, 22.507, 22.605, 22.484, 22.674, 23.187, 23.404, 23.341, 22.936, 22.541, 22.353, 22.608, 23.074, 23.213, 23.396, 23.674, 23.526, 23.566, 23.801, 23.625, 22.968, 22.689, 22.587, 22.354, 22.209, 22.321, 22.507, 22.42, 22.357, 22.357, 22.57, 22.99, 23.431, 23.796, 23.756, 23.548, 23.246, 23.14, 23.363, 23.525], [21.677, 21.454, 20.619, 19.691, 18.509, 16.48, 15.432, 15.402, 14.719, 14.41, 14.327, 13.982, 13.529, 13.488, 13.085, 12.492, 12.159, 11.593, 10.667, 9.878, 9.013, 8.262, 6.746, 3.54, 1.163, 0.0, 0.86, 2.237, 3.96, 6.44, 9.565, 12.514, 14.964, 16.614, 17.351, 17.59, 17.459, 17.48, 17.796, 18.48, 19.03, 19.479, 19.856, 20.509, 20.848, 21.197, 22.064, 22.718, 22.815, 22.697, 22.893, 23.397, 23.609, 23.549, 23.152, 22.746, 22.544, 22.798, 23.263, 23.4, 23.578, 23.855, 23.718, 23.774, 24.001, 23.826, 23.19, 22.926, 22.821, 22.575, 22.413, 22.515, 22.696, 22.611, 22.551, 22.545, 22.735, 23.126, 23.543, 23.89, 23.849, 23.655, 23.361, 23.254, 23.466, 23.613], [21.691, 21.471, 20.633, 19.703, 18.527, 16.504, 15.443, 15.406, 14.723, 14.401, 14.304, 13.956, 13.501, 13.461, 13.051, 12.453, 12.13, 11.596, 10.698, 9.894, 9.005, 8.262, 6.771, 3.635, 1.55, 0.86, 0.0, 1.679, 3.65, 6.22, 9.406, 12.395, 14.871, 16.538, 17.296, 17.541, 17.417, 17.438, 17.746, 18.423, 18.975, 19.433, 19.815, 20.479, 20.821, 21.169, 22.036, 22.691, 22.787, 22.667, 22.862, 23.36, 23.576, 23.525, 23.13, 22.723, 22.522, 22.775, 23.234, 23.364, 23.546, 23.83, 23.705, 23.782, 24.017, 23.849, 23.222, 22.961, 22.85, 22.598, 22.43, 22.53, 22.709, 22.629, 22.57, 22.563, 22.749, 23.138, 23.555, 23.901, 23.854, 23.658, 23.37, 23.268, 23.483, 23.631], [21.48, 21.259, 20.415, 19.49, 18.347, 16.405, 15.408, 15.382, 14.734, 14.478, 14.405, 14.08, 13.686, 13.69, 13.254, 12.64, 12.342, 11.823, 10.946, 10.152, 9.191, 8.274, 6.694, 3.747, 2.334, 2.237, 1.679, 0.0, 2.534, 5.71, 9.157, 12.224, 14.698, 16.388, 17.157, 17.441, 17.328, 17.317, 17.574, 18.225, 18.746, 19.2, 19.588, 20.259, 20.611, 20.974, 21.863, 22.521, 22.613, 22.485, 22.673, 23.182, 23.406, 23.348, 22.952, 22.568, 22.373, 22.609, 23.064, 23.206, 23.401, 23.694, 23.563, 23.632, 23.871, 23.708, 23.088, 22.829, 22.724, 22.475, 22.309, 22.414, 22.595, 22.513, 22.453, 22.448, 22.639, 23.041, 23.477, 23.839, 23.796, 23.599, 23.302, 23.194, 23.423, 23.578], [21.305, 21.079, 20.183, 19.274, 18.201, 16.337, 15.295, 15.272, 14.684, 14.517, 14.526, 14.282, 14.043, 14.128, 13.66, 13.004, 12.674, 12.167, 11.285, 10.469, 9.343, 8.039, 6.281, 4.071, 3.768, 3.96, 3.65, 2.534, 0.0, 3.93, 7.804, 11.013, 13.551, 15.343, 16.137, 16.479, 16.432, 16.438, 16.699, 17.403, 17.997, 18.472, 18.881, 19.608, 19.996, 20.411, 21.389, 22.083, 22.156, 22.025, 22.232, 22.794, 23.074, 23.063, 22.662, 22.284, 22.12, 22.391, 22.87, 23.013, 23.209, 23.495, 23.384, 23.484, 23.705, 23.569, 22.999, 22.733, 22.581, 22.307, 22.136, 22.223, 22.404, 22.34, 22.282, 22.293, 22.518, 22.958, 23.434, 23.822, 23.748, 23.498, 23.201, 23.136, 23.393, 23.544], [22.615, 22.448, 21.515, 20.619, 19.588, 17.531, 16.049, 15.968, 15.33, 14.925, 14.841, 14.67, 14.497, 14.548, 14.077, 13.316, 12.835, 12.383, 11.66, 10.817, 9.65, 8.388, 7.06, 6.032, 6.345, 6.44, 6.22, 5.71, 3.93, 0.0, 4.336, 8.202, 11.393, 13.486, 14.368, 14.755, 14.944, 15.185, 15.677, 16.689, 17.635, 18.155, 18.62, 19.483, 19.906, 20.348, 21.364, 22.077, 22.108, 21.988, 22.285, 22.877, 23.282, 23.481, 23.116, 22.698, 22.664, 23.098, 23.604, 23.685, 23.876, 24.161, 24.17, 24.436, 24.585, 24.553, 24.136, 23.831, 23.501, 23.107, 22.866, 22.903, 23.097, 23.104, 23.055, 23.033, 23.187, 23.557, 23.995, 24.323, 24.159, 23.86, 23.626, 23.629, 23.843, 23.92], [24.222, 24.113, 23.192, 22.338, 21.349, 19.169, 17.386, 17.229, 16.583, 16.025, 15.864, 15.755, 15.628, 15.638, 15.168, 14.408, 13.94, 13.579, 13.025, 12.259, 11.197, 10.148, 9.279, 8.983, 9.517, 9.565, 9.406, 9.157, 7.804, 4.336, 0.0, 4.718, 9.071, 11.597, 12.602, 13.065, 13.532, 14.046, 14.843, 16.219, 17.529, 18.104, 18.628, 19.595, 20.029, 20.476, 21.519, 22.257, 22.267, 22.148, 22.519, 23.147, 23.67, 24.054, 23.736, 23.301, 23.409, 24.012, 24.54, 24.577, 24.78, 25.075, 25.189, 25.568, 25.613, 25.654, 25.357, 25.009, 24.526, 24.037, 23.728, 23.711, 23.909, 23.976, 23.927, 23.869, 23.947, 24.234, 24.622, 24.887, 24.646, 24.307, 24.121, 24.164, 24.321, 24.328], [24.958, 24.858, 23.939, 23.17, 22.304, 20.232, 18.418, 18.226, 17.625, 17.11, 17.006, 17.0, 17.01, 17.057, 16.625, 16.046, 15.785, 15.511, 14.954, 14.284, 13.379, 12.426, 11.647, 11.738, 12.427, 12.514, 12.395, 12.224, 11.013, 8.202, 4.718, 0.0, 5.424, 8.573, 9.846, 10.483, 11.217, 11.978, 13.147, 14.874, 16.456, 17.081, 17.636, 18.69, 19.149, 19.624, 20.746, 21.559, 21.566, 21.402, 21.809, 22.519, 23.155, 23.672, 23.4, 22.994, 23.259, 24.005, 24.56, 24.593, 24.82, 25.121, 25.271, 25.69, 25.657, 25.794, 25.641, 25.271, 24.67, 24.131, 23.791, 23.705, 23.882, 23.993, 23.95, 23.905, 23.992, 24.263, 24.649, 24.9, 24.585, 24.18, 24.042, 24.157, 24.319, 24.309], [25.056, 24.925, 23.997, 23.344, 22.633, 20.838, 19.229, 19.073, 18.513, 18.114, 18.109, 18.158, 18.348, 18.521, 18.152, 17.697, 17.553, 17.319, 16.735, 16.203, 15.489, 14.628, 13.838, 14.092, 14.824, 14.964, 14.871, 14.698, 13.551, 11.393, 9.071, 5.424, 0.0, 3.825, 5.785, 6.947, 8.12, 9.126, 10.667, 12.591, 14.22, 14.812, 15.346, 16.437, 16.948, 17.492, 18.711, 19.602, 19.594, 19.364, 19.779, 20.595, 21.389, 22.083, 21.908, 21.651, 22.197, 23.087, 23.665, 23.734, 24.021, 24.316, 24.467, 24.867, 24.713, 25.018, 25.169, 24.815, 24.086, 23.514, 23.173, 23.009, 23.158, 23.331, 23.302, 23.274, 23.377, 23.635, 24.01, 24.242, 23.857, 23.377, 23.293, 23.497, 23.688, 23.694], [25.725, 25.583, 24.664, 24.091, 23.472, 21.853, 20.411, 20.279, 19.695, 19.288, 19.297, 19.331, 19.558, 19.78, 19.449, 19.033, 18.925, 18.705, 18.13, 17.651, 17.041, 16.305, 15.562, 15.781, 16.458, 16.614, 16.538, 16.388, 15.343, 13.486, 11.597, 8.573, 3.825, 0.0, 2.629, 4.638, 6.501, 7.705, 9.462, 11.464, 13.048, 13.567, 14.118, 15.219, 15.744, 16.328, 17.595, 18.52, 18.499, 18.274, 18.719, 19.607, 20.529, 21.391, 21.326, 21.202, 22.0, 23.056, 23.672, 23.768, 24.098, 24.396, 24.571, 24.913, 24.588, 24.943, 25.285, 24.941, 24.131, 23.541, 23.21, 23.027, 23.172, 23.384, 23.364, 23.292, 23.331, 23.523, 23.835, 24.002, 23.572, 23.079, 23.035, 23.265, 23.425, 23.404], [26.185, 26.055, 25.146, 24.61, 24.034, 22.509, 21.174, 21.066, 20.458, 20.023, 20.027, 20.046, 20.257, 20.476, 20.167, 19.783, 19.722, 19.514, 18.928, 18.442, 17.87, 17.178, 16.406, 16.534, 17.179, 17.351, 17.296, 17.157, 16.137, 14.368, 12.602, 9.846, 5.785, 2.629, 0.0, 2.882, 5.425, 6.884, 8.861, 11.004, 12.584, 13.019, 13.616, 14.768, 15.306, 15.919, 17.247, 18.21, 18.183, 17.975, 18.45, 19.394, 20.38, 21.304, 21.275, 21.206, 22.127, 23.303, 23.969, 24.083, 24.424, 24.721, 24.9, 25.167, 24.74, 25.068, 25.43, 25.086, 24.27, 23.696, 23.406, 23.256, 23.411, 23.626, 23.607, 23.498, 23.48, 23.629, 23.898, 24.015, 23.565, 23.095, 23.069, 23.288, 23.421, 23.383], [26.224, 26.109, 25.216, 24.681, 24.104, 22.593, 21.275, 21.187, 20.607, 20.16, 20.159, 20.178, 20.392, 20.607, 20.32, 19.957, 19.9, 19.705, 19.112, 18.634, 18.1, 17.451, 16.715, 16.809, 17.422, 17.59, 17.541, 17.441, 16.479, 14.755, 13.065, 10.483, 6.947, 4.638, 2.882, 0.0, 3.134, 5.272, 7.787, 10.154, 11.825, 12.246, 12.852, 14.094, 14.67, 15.325, 16.714, 17.727, 17.704, 17.511, 18.05, 19.066, 20.115, 21.062, 21.011, 20.903, 21.852, 23.103, 23.829, 23.966, 24.319, 24.633, 24.844, 25.143, 24.702, 25.0, 25.325, 24.951, 24.117, 23.578, 23.335, 23.194, 23.364, 23.602, 23.59, 23.472, 23.448, 23.589, 23.846, 23.95, 23.484, 22.988, 22.973, 23.218, 23.351, 23.305], [25.562, 25.428, 24.55, 24.006, 23.415, 21.963, 20.727, 20.658, 20.149, 19.81, 19.859, 19.894, 20.162, 20.418, 20.14, 19.799, 19.729, 19.509, 18.898, 18.502, 18.045, 17.423, 16.694, 16.721, 17.283, 17.459, 17.417, 17.328, 16.432, 14.944, 13.532, 11.217, 8.12, 6.501, 5.425, 3.134, 0.0, 3.015, 6.3, 8.885, 10.59, 11.057, 11.667, 12.966, 13.594, 14.302, 15.787, 16.867, 16.895, 16.748, 17.368, 18.522, 19.603, 20.457, 20.317, 20.147, 21.05, 22.327, 23.135, 23.337, 23.716, 24.055, 24.252, 24.521, 24.096, 24.338, 24.596, 24.222, 23.426, 22.955, 22.798, 22.708, 22.905, 23.148, 23.14, 23.052, 23.093, 23.296, 23.6, 23.759, 23.324, 22.8, 22.755, 23.011, 23.188, 23.178], [24.829, 24.658, 23.772, 23.281, 22.779, 21.478, 20.377, 20.316, 19.858, 19.654, 19.793, 19.881, 20.25, 20.582, 20.269, 19.898, 19.809, 19.564, 18.928, 18.593, 18.197, 17.574, 16.824, 16.774, 17.283, 17.48, 17.438, 17.317, 16.438, 15.185, 14.046, 11.978, 9.126, 7.705, 6.884, 5.272, 3.015, 0.0, 3.77, 6.707, 8.629, 9.235, 9.935, 11.294, 11.958, 12.743, 14.371, 15.504, 15.595, 15.54, 16.207, 17.467, 18.632, 19.474, 19.29, 19.108, 20.027, 21.373, 22.277, 22.562, 22.989, 23.352, 23.535, 23.749, 23.323, 23.561, 23.792, 23.416, 22.64, 22.176, 22.058, 22.056, 22.329, 22.588, 22.565, 22.47, 22.546, 22.799, 23.144, 23.338, 22.91, 22.345, 22.245, 22.49, 22.703, 22.726], [24.072, 23.874, 22.97, 22.571, 22.238, 21.147, 20.19, 20.131, 19.757, 19.709, 19.948, 20.122, 20.63, 21.045, 20.691, 20.286, 20.192, 19.931, 19.269, 18.965, 18.587, 17.957, 17.218, 17.109, 17.571, 17.796, 17.746, 17.574, 16.699, 15.677, 14.843, 13.147, 10.667, 9.462, 8.861, 7.787, 6.3, 3.77, 0.0, 3.43, 5.977, 6.838, 7.583, 8.995, 9.671, 10.528, 12.346, 13.539, 13.684, 13.756, 14.486, 15.863, 17.204, 18.13, 17.949, 17.769, 18.732, 20.215, 21.238, 21.601, 22.086, 22.49, 22.694, 22.923, 22.544, 22.823, 23.037, 22.625, 21.83, 21.354, 21.237, 21.303, 21.727, 22.049, 22.007, 21.901, 22.01, 22.308, 22.689, 22.908, 22.467, 21.842, 21.683, 21.925, 22.174, 22.214], [23.432, 23.217, 22.332, 22.042, 21.877, 21.054, 20.279, 20.215, 19.952, 20.059, 20.375, 20.581, 21.172, 21.652, 21.294, 20.928, 20.867, 20.589, 19.897, 19.633, 19.262, 18.639, 17.929, 17.809, 18.234, 18.48, 18.423, 18.225, 17.403, 16.689, 16.219, 14.874, 12.591, 11.464, 11.004, 10.154, 8.885, 6.707, 3.43, 0.0, 3.374, 4.664, 5.214, 6.551, 7.269, 8.263, 10.292, 11.584, 11.785, 11.974, 12.832, 14.392, 15.919, 16.919, 16.788, 16.641, 17.658, 19.288, 20.384, 20.8, 21.326, 21.749, 21.948, 22.162, 21.832, 22.152, 22.395, 21.977, 21.185, 20.744, 20.655, 20.736, 21.224, 21.579, 21.533, 21.446, 21.613, 21.961, 22.381, 22.648, 22.236, 21.586, 21.397, 21.643, 21.93, 21.996], [22.976, 22.728, 21.885, 21.662, 21.58, 21.031, 20.618, 20.622, 20.415, 20.655, 21.011, 21.198, 21.779, 22.301, 21.957, 21.622, 21.591, 21.27, 20.553, 20.318, 19.939, 19.297, 18.556, 18.395, 18.771, 19.03, 18.975, 18.746, 17.997, 17.635, 17.529, 16.456, 14.22, 13.048, 12.584, 11.825, 10.59, 8.629, 5.977, 3.374, 0.0, 1.989, 2.928, 4.542, 5.574, 6.848, 9.186, 10.589, 10.87, 11.058, 11.827, 13.499, 15.1, 16.069, 16.009, 16.032, 17.138, 18.778, 19.856, 20.315, 20.857, 21.271, 21.38, 21.478, 21.192, 21.509, 21.764, 21.387, 20.667, 20.315, 20.301, 20.432, 20.939, 21.258, 21.204, 21.14, 21.356, 21.755, 22.204, 22.522, 22.185, 21.593, 21.389, 21.584, 21.884, 22.0], [23.114, 22.863, 22.036, 21.837, 21.771, 21.267, 20.955, 21.02, 20.827, 21.073, 21.428, 21.604, 22.168, 22.695, 22.366, 22.04, 22.017, 21.688, 20.975, 20.752, 20.388, 19.776, 19.039, 18.857, 19.217, 19.479, 19.433, 19.2, 18.472, 18.155, 18.104, 17.081, 14.812, 13.567, 13.019, 12.246, 11.057, 9.235, 6.838, 4.664, 1.989, 0.0, 1.918, 4.003, 5.198, 6.606, 9.062, 10.485, 10.742, 10.901, 11.628, 13.353, 15.018, 16.013, 15.98, 16.063, 17.213, 18.836, 19.909, 20.395, 20.966, 21.376, 21.458, 21.47, 21.104, 21.43, 21.742, 21.364, 20.622, 20.284, 20.297, 20.46, 21.012, 21.343, 21.286, 21.23, 21.445, 21.84, 22.29, 22.615, 22.291, 21.719, 21.524, 21.706, 21.999, 22.131], [23.046, 22.808, 22.008, 21.841, 21.804, 21.327, 21.012, 21.081, 20.955, 21.232, 21.597, 21.784, 22.366, 22.897, 22.578, 22.279, 22.26, 21.927, 21.228, 21.048, 20.705, 20.11, 19.421, 19.254, 19.597, 19.856, 19.815, 19.588, 18.881, 18.62, 18.628, 17.636, 15.346, 14.118, 13.616, 12.852, 11.667, 9.935, 7.583, 5.214, 2.928, 1.918, 0.0, 2.445, 3.903, 5.631, 8.284, 9.779, 10.038, 10.211, 11.041, 12.865, 14.581, 15.578, 15.589, 15.729, 16.936, 18.631, 19.713, 20.192, 20.76, 21.166, 21.263, 21.326, 21.013, 21.379, 21.724, 21.335, 20.593, 20.273, 20.286, 20.426, 20.985, 21.334, 21.28, 21.232, 21.447, 21.836, 22.284, 22.618, 22.314, 21.742, 21.542, 21.738, 22.042, 22.183], [22.938, 22.716, 21.967, 21.857, 21.882, 21.506, 21.257, 21.311, 21.249, 21.588, 21.985, 22.186, 22.793, 23.347, 23.037, 22.764, 22.752, 22.403, 21.731, 21.628, 21.327, 20.758, 20.116, 19.952, 20.254, 20.509, 20.479, 20.259, 19.608, 19.483, 19.595, 18.69, 16.437, 15.219, 14.768, 14.094, 12.966, 11.294, 8.995, 6.551, 4.542, 4.003, 2.445, 0.0, 1.877, 4.186, 7.083, 8.625, 8.907, 9.095, 10.004, 11.95, 13.749, 14.774, 14.91, 15.216, 16.565, 18.377, 19.466, 19.939, 20.502, 20.905, 21.01, 21.072, 20.808, 21.216, 21.616, 21.239, 20.532, 20.252, 20.269, 20.391, 20.944, 21.293, 21.236, 21.18, 21.38, 21.758, 22.198, 22.536, 22.279, 21.747, 21.541, 21.724, 22.034, 22.189], [22.96, 22.742, 22.009, 21.926, 21.981, 21.632, 21.39, 21.432, 21.381, 21.723, 22.133, 22.359, 22.991, 23.557, 23.256, 22.998, 22.998, 22.645, 21.98, 21.902, 21.621, 21.076, 20.466, 20.309, 20.596, 20.848, 20.821, 20.611, 19.996, 19.906, 20.029, 19.149, 16.948, 15.744, 15.306, 14.67, 13.594, 11.958, 9.671, 7.269, 5.574, 5.198, 3.903, 1.877, 0.0, 2.685, 5.84, 7.467, 7.77, 8.041, 9.111, 11.208, 13.125, 14.24, 14.472, 14.848, 16.278, 18.175, 19.287, 19.751, 20.318, 20.73, 20.871, 20.958, 20.711, 21.147, 21.585, 21.218, 20.509, 20.237, 20.253, 20.371, 20.932, 21.285, 21.227, 21.166, 21.349, 21.716, 22.153, 22.489, 22.251, 21.745, 21.541, 21.712, 22.016, 22.175], [23.183, 22.977, 22.252, 22.178, 22.241, 21.875, 21.621, 21.654, 21.596, 21.912, 22.31, 22.565, 23.217, 23.782, 23.496, 23.272, 23.301, 22.954, 22.308, 22.24, 21.971, 21.455, 20.87, 20.694, 20.954, 21.197, 21.169, 20.974, 20.411, 20.348, 20.476, 19.624, 17.492, 16.328, 15.919, 15.325, 14.302, 12.743, 10.528, 8.263, 6.848, 6.606, 5.631, 4.186, 2.685, 0.0, 3.535, 5.444, 5.86, 6.358, 7.801, 10.163, 12.317, 13.619, 14.019, 14.516, 16.08, 18.09, 19.203, 19.627, 20.182, 20.623, 20.814, 20.956, 20.761, 21.226, 21.689, 21.334, 20.618, 20.35, 20.382, 20.535, 21.128, 21.482, 21.424, 21.361, 21.523, 21.868, 22.295, 22.635, 22.429, 21.966, 21.776, 21.932, 22.218, 22.373], [23.814, 23.64, 22.957, 22.919, 23.0, 22.609, 22.327, 22.352, 22.274, 22.513, 22.861, 23.099, 23.73, 24.293, 24.047, 23.873, 23.944, 23.626, 23.032, 22.998, 22.783, 22.349, 21.826, 21.629, 21.842, 22.064, 22.036, 21.863, 21.389, 21.364, 21.519, 20.746, 18.711, 17.595, 17.247, 16.714, 15.787, 14.371, 12.346, 10.292, 9.186, 9.062, 8.284, 7.083, 5.84, 3.535, 0.0, 2.271, 3.06, 4.225, 6.496, 9.13, 11.555, 13.121, 13.794, 14.478, 16.224, 18.343, 19.412, 19.755, 20.288, 20.777, 21.054, 21.274, 21.134, 21.653, 22.164, 21.804, 21.061, 20.796, 20.84, 21.021, 21.629, 21.989, 21.94, 21.861, 21.968, 22.252, 22.639, 22.967, 22.803, 22.401, 22.243, 22.392, 22.647, 22.79], [24.202, 24.039, 23.388, 23.386, 23.494, 23.125, 22.856, 22.881, 22.786, 22.985, 23.308, 23.528, 24.151, 24.741, 24.523, 24.35, 24.428, 24.127, 23.565, 23.561, 23.393, 23.012, 22.526, 22.321, 22.507, 22.718, 22.691, 22.521, 22.083, 22.077, 22.257, 21.559, 19.602, 18.52, 18.21, 17.727, 16.867, 15.504, 13.539, 11.584, 10.589, 10.485, 9.779, 8.625, 7.467, 5.444, 2.271, 0.0, 1.486, 3.579, 6.263, 8.878, 11.324, 12.956, 13.741, 14.522, 16.33, 18.479, 19.53, 19.844, 20.367, 20.877, 21.205, 21.454, 21.332, 21.888, 22.438, 22.075, 21.318, 21.058, 21.107, 21.298, 21.919, 22.294, 22.249, 22.158, 22.232, 22.483, 22.847, 23.164, 23.017, 22.645, 22.506, 22.649, 22.888, 23.027], [24.326, 24.164, 23.503, 23.505, 23.625, 23.248, 22.949, 22.978, 22.87, 23.036, 23.349, 23.567, 24.196, 24.808, 24.603, 24.411, 24.479, 24.183, 23.627, 23.626, 23.47, 23.089, 22.599, 22.409, 22.605, 22.815, 22.787, 22.613, 22.156, 22.108, 22.267, 21.566, 19.594, 18.499, 18.183, 17.704, 16.895, 15.595, 13.684, 11.785, 10.87, 10.742, 10.038, 8.907, 7.77, 5.86, 3.06, 1.486, 0.0, 2.704, 5.82, 8.595, 11.121, 12.819, 13.632, 14.454, 16.334, 18.513, 19.574, 19.891, 20.414, 20.912, 21.245, 21.512, 21.383, 21.957, 22.523, 22.145, 21.367, 21.093, 21.128, 21.302, 21.929, 22.318, 22.275, 22.173, 22.228, 22.465, 22.823, 23.135, 22.99, 22.627, 22.508, 22.661, 22.893, 23.024], [24.006, 23.847, 23.186, 23.191, 23.325, 22.987, 22.706, 22.741, 22.639, 22.818, 23.152, 23.384, 24.048, 24.688, 24.479, 24.304, 24.404, 24.12, 23.539, 23.527, 23.371, 22.979, 22.463, 22.278, 22.484, 22.697, 22.667, 22.485, 22.025, 21.988, 22.148, 21.402, 19.364, 18.274, 17.975, 17.511, 16.748, 15.54, 13.756, 11.974, 11.058, 10.901, 10.211, 9.095, 8.041, 6.358, 4.225, 3.579, 2.704, 0.0, 3.705, 7.18, 10.053, 11.862, 12.76, 13.694, 15.736, 18.035, 19.165, 19.547, 20.115, 20.605, 20.877, 21.111, 20.992, 21.576, 22.157, 21.782, 21.002, 20.723, 20.751, 20.905, 21.522, 21.917, 21.875, 21.78, 21.835, 22.075, 22.446, 22.776, 22.641, 22.284, 22.181, 22.349, 22.602, 22.748], [23.707, 23.539, 22.895, 22.926, 23.094, 22.86, 22.684, 22.735, 22.632, 22.854, 23.224, 23.472, 24.176, 24.846, 24.624, 24.456, 24.593, 24.348, 23.767, 23.744, 23.594, 23.212, 22.686, 22.481, 22.674, 22.893, 22.862, 22.673, 22.232, 22.285, 22.519, 21.809, 19.779, 18.719, 18.45, 18.05, 17.368, 16.207, 14.486, 12.832, 11.827, 11.628, 11.041, 10.004, 9.111, 7.801, 6.496, 6.263, 5.82, 3.705, 0.0, 4.418, 7.972, 10.077, 11.177, 12.364, 14.686, 17.151, 18.352, 18.814, 19.462, 19.958, 20.146, 20.312, 20.232, 20.874, 21.561, 21.246, 20.481, 20.218, 20.271, 20.452, 21.11, 21.528, 21.48, 21.399, 21.468, 21.729, 22.125, 22.484, 22.364, 22.012, 21.923, 22.11, 22.414, 22.613], [24.036, 23.887, 23.262, 23.313, 23.488, 23.255, 23.097, 23.153, 23.02, 23.19, 23.533, 23.774, 24.465, 25.12, 24.907, 24.739, 24.88, 24.693, 24.182, 24.163, 24.038, 23.719, 23.242, 23.022, 23.187, 23.397, 23.36, 23.182, 22.794, 22.877, 23.147, 22.519, 20.595, 19.607, 19.394, 19.066, 18.522, 17.467, 15.863, 14.392, 13.499, 13.353, 12.865, 11.95, 11.208, 10.163, 9.13, 8.878, 8.595, 7.18, 4.418, 0.0, 4.483, 7.652, 9.364, 11.035, 13.919, 16.621, 17.747, 18.108, 18.796, 19.327, 19.534, 19.805, 19.903, 20.72, 21.518, 21.177, 20.345, 20.04, 20.072, 20.317, 21.095, 21.578, 21.527, 21.421, 21.452, 21.69, 22.083, 22.449, 22.362, 22.039, 21.997, 22.225, 22.571, 22.872], [23.622, 23.473, 22.906, 22.981, 23.183, 23.091, 23.069, 23.133, 23.008, 23.209, 23.57, 23.814, 24.53, 25.208, 25.006, 24.85, 25.003, 24.831, 24.343, 24.365, 24.29, 24.011, 23.548, 23.288, 23.404, 23.609, 23.576, 23.406, 23.074, 23.282, 23.67, 23.155, 21.389, 20.529, 20.38, 20.115, 19.603, 18.632, 17.204, 15.919, 15.1, 15.018, 14.581, 13.749, 13.125, 12.317, 11.555, 11.324, 11.121, 10.053, 7.972, 4.483, 0.0, 4.207, 6.782, 9.233, 12.683, 15.581, 16.669, 16.974, 17.676, 18.225, 18.379, 18.645, 18.953, 19.85, 20.607, 20.237, 19.452, 19.196, 19.259, 19.567, 20.419, 20.929, 20.876, 20.763, 20.792, 21.045, 21.466, 21.886, 21.888, 21.621, 21.576, 21.81, 22.208, 22.667], [22.415, 22.272, 21.825, 21.946, 22.204, 22.39, 22.633, 22.711, 22.651, 23.014, 23.453, 23.703, 24.455, 25.196, 24.988, 24.841, 25.018, 24.823, 24.307, 24.399, 24.384, 24.1, 23.604, 23.281, 23.341, 23.549, 23.525, 23.348, 23.063, 23.481, 24.054, 23.672, 22.083, 21.391, 21.304, 21.062, 20.457, 19.474, 18.13, 16.919, 16.069, 16.013, 15.578, 14.774, 14.24, 13.619, 13.121, 12.956, 12.819, 11.862, 10.077, 7.652, 4.207, 0.0, 3.547, 7.18, 10.979, 13.967, 15.162, 15.63, 16.382, 16.91, 16.855, 16.891, 17.383, 18.26, 18.943, 18.66, 18.083, 17.979, 18.146, 18.526, 19.403, 19.885, 19.831, 19.747, 19.825, 20.147, 20.629, 21.133, 21.239, 21.031, 20.92, 21.111, 21.584, 22.165], [21.548, 21.393, 20.97, 21.085, 21.372, 21.697, 22.052, 22.128, 22.074, 22.536, 23.034, 23.304, 24.117, 24.914, 24.69, 24.526, 24.724, 24.527, 23.951, 24.047, 24.071, 23.776, 23.244, 22.889, 22.936, 23.152, 23.13, 22.952, 22.662, 23.116, 23.736, 23.4, 21.908, 21.326, 21.275, 21.011, 20.317, 19.29, 17.949, 16.788, 16.009, 15.98, 15.589, 14.91, 14.472, 14.019, 13.794, 13.741, 13.632, 12.76, 11.177, 9.364, 6.782, 3.547, 0.0, 4.424, 8.775, 12.203, 13.732, 14.43, 15.31, 15.86, 15.66, 15.635, 16.227, 17.07, 17.666, 17.406, 16.883, 16.799, 17.007, 17.46, 18.405, 18.897, 18.86, 18.831, 18.989, 19.398, 19.944, 20.482, 20.572, 20.33, 20.178, 20.361, 20.896, 21.552], [21.108, 20.924, 20.468, 20.559, 20.844, 21.174, 21.514, 21.588, 21.525, 22.01, 22.525, 22.812, 23.686, 24.506, 24.273, 24.105, 24.33, 24.163, 23.533, 23.57, 23.583, 23.32, 22.852, 22.513, 22.541, 22.746, 22.723, 22.568, 22.284, 22.698, 23.301, 22.994, 21.651, 21.202, 21.206, 20.903, 20.147, 19.108, 17.769, 16.641, 16.032, 16.063, 15.729, 15.216, 14.848, 14.516, 14.478, 14.522, 14.454, 13.694, 12.364, 11.035, 9.233, 7.18, 4.424, 0.0, 5.354, 10.057, 12.274, 13.226, 14.296, 14.923, 14.777, 15.042, 15.739, 16.531, 16.981, 16.655, 16.04, 15.889, 16.074, 16.546, 17.55, 18.091, 18.104, 18.186, 18.466, 18.958, 19.554, 20.096, 20.112, 19.75, 19.549, 19.761, 20.345, 21.041], [20.138, 19.907, 19.481, 19.58, 19.883, 20.343, 20.827, 20.935, 20.966, 21.569, 22.108, 22.374, 23.28, 24.13, 23.905, 23.771, 24.029, 23.892, 23.219, 23.201, 23.168, 22.918, 22.574, 22.343, 22.353, 22.544, 22.522, 22.373, 22.12, 22.664, 23.409, 23.259, 22.197, 22.0, 22.127, 21.852, 21.05, 20.027, 18.732, 17.658, 17.138, 17.213, 16.936, 16.565, 16.278, 16.08, 16.224, 16.33, 16.334, 15.736, 14.686, 13.919, 12.683, 10.979, 8.775, 5.354, 0.0, 6.018, 9.279, 10.788, 12.136, 12.929, 12.93, 13.66, 14.852, 15.661, 15.964, 15.701, 15.174, 15.095, 15.317, 15.756, 16.768, 17.327, 17.404, 17.678, 18.186, 18.822, 19.497, 20.093, 20.087, 19.634, 19.34, 19.549, 20.219, 20.957], [19.581, 19.313, 18.959, 19.097, 19.413, 19.995, 20.642, 20.788, 20.939, 21.673, 22.228, 22.438, 23.28, 24.124, 23.923, 23.838, 24.106, 23.966, 23.26, 23.223, 23.174, 22.921, 22.647, 22.567, 22.608, 22.798, 22.775, 22.609, 22.391, 23.098, 24.012, 24.005, 23.087, 23.056, 23.303, 23.103, 22.327, 21.373, 20.215, 19.288, 18.778, 18.836, 18.631, 18.377, 18.175, 18.09, 18.343, 18.479, 18.513, 18.035, 17.151, 16.621, 15.581, 13.967, 12.203, 10.057, 6.018, 0.0, 4.238, 6.813, 8.633, 9.59, 9.799, 11.198, 13.199, 14.26, 14.688, 14.638, 14.237, 14.264, 14.589, 15.062, 16.157, 16.768, 16.879, 17.302, 18.007, 18.763, 19.506, 20.204, 20.265, 19.803, 19.519, 19.798, 20.558, 21.345], [20.13, 19.879, 19.553, 19.701, 20.005, 20.551, 21.19, 21.339, 21.508, 22.219, 22.737, 22.903, 23.635, 24.413, 24.242, 24.187, 24.434, 24.274, 23.576, 23.542, 23.491, 23.253, 23.011, 23.005, 23.074, 23.263, 23.234, 23.064, 22.87, 23.604, 24.54, 24.56, 23.665, 23.672, 23.969, 23.829, 23.135, 22.277, 21.238, 20.384, 19.856, 19.909, 19.713, 19.466, 19.287, 19.203, 19.412, 19.53, 19.574, 19.165, 18.352, 17.747, 16.669, 15.162, 13.732, 12.274, 9.279, 4.238, 0.0, 3.335, 5.554, 6.69, 7.32, 9.728, 12.494, 13.873, 14.526, 14.595, 14.171, 14.203, 14.575, 15.115, 16.289, 16.947, 17.066, 17.536, 18.287, 19.042, 19.78, 20.519, 20.645, 20.214, 19.991, 20.348, 21.117, 21.931], [20.816, 20.578, 20.215, 20.328, 20.597, 21.036, 21.579, 21.727, 21.874, 22.498, 22.965, 23.107, 23.763, 24.471, 24.321, 24.276, 24.5, 24.336, 23.647, 23.591, 23.526, 23.305, 23.083, 23.114, 23.213, 23.4, 23.364, 23.206, 23.013, 23.685, 24.577, 24.593, 23.734, 23.768, 24.083, 23.966, 23.337, 22.562, 21.601, 20.8, 20.315, 20.395, 20.192, 19.939, 19.751, 19.627, 19.755, 19.844, 19.891, 19.547, 18.814, 18.108, 16.974, 15.63, 14.43, 13.226, 10.788, 6.813, 3.335, 0.0, 2.641, 4.31, 5.818, 9.452, 12.785, 14.356, 15.069, 15.113, 14.598