[[0.0, 1.73, 3.173, 4.123, 5.105, 7.305, 8.68, 8.951, 10.552, 11.367, 12.206, 13.837, 13.831, 14.052, 14.665, 14.526, 14.382, 14.5, 15.057, 15.67, 16.097, 16.348, 16.726, 16.974, 16.892, 17.903, 19.769, 20.37, 21.165, 22.421, 23.518, 23.116, 22.351, 22.013, 22.043, 22.222, 22.319, 22.253, 22.401, 23.269, 23.897, 22.73, 20.888, 20.888, 20.263, 19.142, 19.323, 19.182, 19.189, 19.481, 19.183, 19.021, 19.154, 19.609, 19.598, 19.31, 19.487, 19.741, 19.5, 19.52, 19.288, 19.15, 19.055, 19.201, 19.239, 18.709, 17.742, 16.622, 15.985, 15.956, 16.033, 15.881, 15.709, 15.595, 15.586, 16.047, 16.322, 16.281, 16.361, 16.57, 16.942, 17.116, 17.108, 17.497, 18.25, 17.476], [1.73, 0.0, 2.051, 3.391, 4.502, 6.9, 8.407, 8.758, 10.45, 11.292, 12.141, 13.811, 13.832, 14.055, 14.701, 14.6, 14.466, 14.589, 15.152, 15.765, 16.177, 16.421, 16.792, 17.043, 16.97, 17.983, 19.837, 20.42, 21.205, 22.462, 23.562, 23.142, 22.363, 22.025, 22.07, 22.271, 22.375, 22.308, 22.457, 23.34, 23.971, 22.805, 20.974, 20.972, 20.352, 19.222, 19.387, 19.255, 19.254, 19.524, 19.232, 19.101, 19.259, 19.717, 19.702, 19.415, 19.588, 19.841, 19.601, 19.616, 19.386, 19.254, 19.16, 19.309, 19.351, 18.837, 17.879, 16.74, 16.058, 16.003, 16.08, 15.928, 15.744, 15.636, 15.642, 16.111, 16.394, 16.344, 16.422, 16.644, 17.028, 17.213, 17.201, 17.586, 18.32, 17.512], [3.173, 2.051, 0.0, 1.91, 3.31, 6.05, 7.801, 8.284, 10.177, 11.08, 11.954, 13.724, 13.797, 14.009, 14.667, 14.572, 14.449, 14.609, 15.181, 15.812, 16.224, 16.457, 16.814, 17.071, 17.006, 18.028, 19.878, 20.437, 21.217, 22.488, 23.597, 23.171, 22.402, 22.098, 22.157, 22.367, 22.487, 22.425, 22.572, 23.452, 24.074, 22.925, 21.141, 21.152, 20.533, 19.392, 19.543, 19.421, 19.437, 19.698, 19.408, 19.328, 19.518, 19.941, 19.922, 19.654, 19.834, 20.093, 19.861, 19.869, 19.634, 19.514, 19.428, 19.576, 19.619, 19.104, 18.135, 17.004, 16.305, 16.204, 16.278, 16.128, 15.944, 15.847, 15.863, 16.362, 16.672, 16.629, 16.721, 16.938, 17.317, 17.507, 17.493, 17.854, 18.555, 17.714], [4.123, 3.391, 1.91, 0.0, 2.052, 5.48, 7.437, 7.974, 9.988, 10.925, 11.781, 13.615, 13.741, 13.946, 14.587, 14.487, 14.342, 14.495, 15.047, 15.687, 16.11, 16.343, 16.698, 16.956, 16.895, 17.931, 19.78, 20.324, 21.106, 22.4, 23.514, 23.103, 22.365, 22.106, 22.185, 22.39, 22.508, 22.46, 22.598, 23.453, 24.05, 22.923, 21.174, 21.186, 20.584, 19.446, 19.588, 19.47, 19.498, 19.757, 19.469, 19.435, 19.675, 20.079, 20.066, 19.816, 20.002, 20.264, 20.042, 20.05, 19.808, 19.686, 19.605, 19.754, 19.797, 19.275, 18.307, 17.195, 16.504, 16.387, 16.455, 16.32, 16.148, 16.044, 16.057, 16.566, 16.884, 16.848, 16.957, 17.171, 17.541, 17.738, 17.739, 18.088, 18.76, 17.93], [5.105, 4.502, 3.31, 2.052, 0.0, 4.393, 6.667, 7.338, 9.675, 10.659, 11.51, 13.431, 13.591, 13.796, 14.451, 14.338, 14.197, 14.421, 15.031, 15.7, 16.145, 16.375, 16.718, 16.977, 16.893, 17.909, 19.765, 20.304, 21.088, 22.422, 23.545, 23.135, 22.407, 22.148, 22.227, 22.432, 22.554, 22.508, 22.665, 23.545, 24.145, 23.028, 21.294, 21.308, 20.689, 19.529, 19.658, 19.524, 19.548, 19.818, 19.539, 19.516, 19.745, 20.134, 20.112, 19.869, 20.064, 20.331, 20.122, 20.147, 19.904, 19.777, 19.696, 19.837, 19.874, 19.346, 18.39, 17.301, 16.609, 16.48, 16.55, 16.402, 16.208, 16.076, 16.075, 16.589, 16.917, 16.89, 17.004, 17.218, 17.579, 17.783, 17.794, 18.152, 18.809, 17.965], [7.305, 6.9, 6.05, 5.48, 4.393, 0.0, 2.941, 4.617, 8.211, 9.492, 10.482, 12.736, 12.968, 13.215, 13.953, 13.865, 13.79, 14.161, 14.953, 15.69, 16.147, 16.375, 16.723, 16.981, 16.871, 17.841, 19.769, 20.372, 21.161, 22.548, 23.681, 23.282, 22.558, 22.21, 22.234, 22.47, 22.679, 22.659, 22.869, 23.974, 24.664, 23.55, 21.809, 21.816, 21.145, 19.929, 20.056, 19.834, 19.831, 20.115, 19.844, 19.756, 19.827, 20.144, 20.084, 19.819, 19.996, 20.249, 20.042, 20.078, 19.795, 19.66, 19.59, 19.723, 19.757, 19.211, 18.249, 17.19, 16.525, 16.386, 16.465, 16.27, 16.015, 15.894, 15.887, 16.397, 16.77, 16.754, 16.908, 17.143, 17.509, 17.754, 17.777, 18.148, 18.81, 17.926], [8.68, 8.407, 7.801, 7.437, 6.667, 2.941, 0.0, 3.356, 7.876, 9.299, 10.337, 12.629, 12.85, 13.123, 13.852, 13.774, 13.745, 14.16, 15.01, 15.733, 16.17, 16.381, 16.715, 16.951, 16.847, 17.745, 19.634, 20.259, 21.042, 22.448, 23.574, 23.193, 22.5, 22.114, 22.112, 22.362, 22.622, 22.621, 22.846, 24.037, 24.781, 23.679, 21.904, 21.893, 21.192, 19.975, 20.097, 19.849, 19.857, 20.171, 19.925, 19.797, 19.79, 20.064, 19.998, 19.733, 19.907, 20.162, 19.964, 20.0, 19.708, 19.573, 19.508, 19.627, 19.651, 19.089, 18.179, 17.255, 16.69, 16.547, 16.604, 16.408, 16.155, 16.034, 15.996, 16.497, 16.894, 16.892, 17.051, 17.247, 17.609, 17.859, 17.883, 18.249, 18.89, 18.028], [8.951, 8.758, 8.284, 7.974, 7.338, 4.617, 3.356, 0.0, 5.388, 7.231, 8.325, 10.855, 11.224, 11.488, 12.224, 12.186, 12.151, 12.575, 13.451, 14.257, 14.756, 14.975, 15.322, 15.606, 15.546, 16.466, 18.369, 18.984, 19.837, 21.349, 22.525, 22.159, 21.59, 21.308, 21.345, 21.612, 21.884, 21.869, 22.112, 23.391, 24.189, 23.124, 21.382, 21.38, 20.665, 19.477, 19.594, 19.375, 19.414, 19.753, 19.477, 19.378, 19.438, 19.752, 19.719, 19.468, 19.66, 19.943, 19.748, 19.8, 19.572, 19.452, 19.377, 19.487, 19.507, 18.984, 18.168, 17.321, 16.792, 16.667, 16.733, 16.559, 16.289, 16.109, 16.049, 16.547, 16.929, 16.929, 17.072, 17.28, 17.62, 17.833, 17.861, 18.206, 18.825, 18.009], [10.552, 10.45, 10.177, 9.988, 9.675, 8.211, 7.876, 5.388, 0.0, 2.668, 4.486, 7.487, 8.246, 8.534, 9.397, 9.518, 9.441, 9.825, 10.814, 11.854, 12.445, 12.683, 13.057, 13.449, 13.463, 14.495, 16.484, 17.08, 17.983, 19.547, 20.785, 20.379, 19.877, 19.752, 19.911, 20.23, 20.507, 20.471, 20.754, 22.186, 22.998, 22.031, 20.712, 20.861, 20.171, 19.102, 19.192, 19.027, 19.029, 19.278, 18.974, 18.952, 19.116, 19.503, 19.502, 19.263, 19.453, 19.764, 19.601, 19.671, 19.557, 19.473, 19.398, 19.53, 19.566, 19.186, 18.536, 17.687, 17.146, 17.071, 17.175, 17.029, 16.706, 16.484, 16.492, 17.014, 17.368, 17.351, 17.49, 17.771, 18.077, 18.257, 18.318, 18.645, 19.236, 18.5], [11.367, 11.292, 11.08, 10.925, 10.659, 9.492, 9.299, 7.231, 2.668, 0.0, 3.166, 6.576, 7.503, 7.808, 8.729, 8.876, 8.825, 9.295, 10.362, 11.476, 12.094, 12.325, 12.672, 13.055, 13.057, 14.118, 16.115, 16.69, 17.607, 19.146, 20.389, 19.954, 19.419, 19.34, 19.558, 19.9, 20.179, 20.144, 20.441, 21.909, 22.715, 21.761, 20.621, 20.865, 20.179, 19.135, 19.213, 19.082, 19.069, 19.256, 18.932, 18.918, 19.085, 19.493, 19.506, 19.272, 19.459, 19.766, 19.623, 19.699, 19.632, 19.583, 19.51, 19.648, 19.688, 19.356, 18.759, 17.917, 17.387, 17.345, 17.46, 17.317, 16.973, 16.736, 16.76, 17.277, 17.619, 17.597, 17.735, 18.018, 18.318, 18.497, 18.574, 18.922, 19.512, 18.813], [12.206, 12.141, 11.954, 11.781, 11.51, 10.482, 10.337, 8.325, 4.486, 3.166, 0.0, 4.226, 5.707, 5.951, 6.959, 7.248, 7.294, 7.966, 9.174, 10.328, 10.909, 11.138, 11.554, 11.976, 11.946, 13.013, 15.085, 15.707, 16.668, 18.312, 19.588, 19.168, 18.702, 18.654, 18.894, 19.264, 19.564, 19.529, 19.826, 21.347, 22.16, 21.27, 20.208, 20.441, 19.843, 18.892, 18.971, 18.846, 18.849, 19.04, 18.74, 18.737, 18.915, 19.357, 19.392, 19.191, 19.395, 19.718, 19.587, 19.692, 19.658, 19.588, 19.504, 19.63, 19.667, 19.389, 18.864, 18.067, 17.598, 17.565, 17.666, 17.538, 17.221, 16.972, 16.968, 17.459, 17.78, 17.754, 17.881, 18.171, 18.465, 18.664, 18.754, 19.102, 19.675, 19.0], [13.837, 13.811, 13.724, 13.615, 13.431, 12.736, 12.629, 10.855, 7.487, 6.576, 4.226, 0.0, 2.543, 3.043, 4.166, 4.861, 5.194, 6.305, 7.716, 8.783, 9.218, 9.38, 9.823, 10.26, 10.186, 11.209, 13.352, 14.053, 15.053, 16.808, 18.128, 17.725, 17.356, 17.313, 17.564, 17.986, 18.309, 18.264, 18.556, 20.129, 20.949, 20.17, 19.393, 19.687, 19.2, 18.479, 18.595, 18.466, 18.465, 18.63, 18.381, 18.388, 18.592, 19.089, 19.112, 18.939, 19.177, 19.567, 19.482, 19.627, 19.668, 19.586, 19.497, 19.616, 19.636, 19.459, 19.123, 18.46, 18.101, 18.076, 18.147, 18.045, 17.776, 17.552, 17.535, 17.982, 18.264, 18.234, 18.32, 18.611, 18.884, 19.103, 19.219, 19.551, 20.073, 19.483], [13.831, 13.832, 13.797, 13.741, 13.591, 12.968, 12.85, 11.224, 8.246, 7.503, 5.707, 2.543, 0.0, 1.768, 3.469, 4.193, 4.647, 5.923, 7.518, 8.544, 8.925, 9.065, 9.521, 9.902, 9.762, 10.825, 13.076, 13.857, 14.878, 16.642, 17.963, 17.538, 17.09, 16.944, 17.154, 17.587, 17.9, 17.846, 18.132, 19.707, 20.557, 19.766, 18.997, 19.314, 18.825, 18.133, 18.32, 18.168, 18.149, 18.336, 18.101, 18.038, 18.179, 18.698, 18.701, 18.512, 18.766, 19.2, 19.134, 19.28, 19.321, 19.231, 19.136, 19.253, 19.262, 19.088, 18.783, 18.152, 17.819, 17.804, 17.87, 17.761, 17.491, 17.261, 17.224, 17.665, 17.949, 17.93, 18.0, 18.286, 18.563, 18.793, 18.925, 19.283, 19.823, 19.233], [14.052, 14.055, 14.009, 13.946, 13.796, 13.215, 13.123, 11.488, 8.534, 7.808, 5.951, 3.043, 1.768, 0.0, 2.309, 3.402, 3.994, 5.43, 7.071, 8.107, 8.475, 8.616, 9.082, 9.476, 9.346, 10.419, 12.628, 13.371, 14.42, 16.227, 17.587, 17.17, 16.812, 16.782, 17.033, 17.471, 17.785, 17.726, 18.02, 19.596, 20.431, 19.652, 18.931, 19.26, 18.794, 18.136, 18.323, 18.241, 18.245, 18.392, 18.156, 18.119, 18.3, 18.834, 18.858, 18.685, 18.946, 19.371, 19.3, 19.44, 19.497, 19.417, 19.319, 19.436, 19.444, 19.305, 19.037, 18.42, 18.093, 18.08, 18.148, 18.044, 17.78, 17.543, 17.507, 17.937, 18.212, 18.185, 18.248, 18.544, 18.816, 19.039, 19.168, 19.507, 20.026, 19.45], [14.665, 14.701, 14.667, 14.587, 14.451, 13.953, 13.852, 12.224, 9.397, 8.729, 6.959, 4.166, 3.469, 2.309, 0.0, 1.799, 2.892, 4.811, 6.552, 7.509, 7.861, 7.99, 8.439, 8.845, 8.754, 9.683, 11.742, 12.478, 13.539, 15.399, 16.8, 16.471, 16.332, 16.443, 16.739, 17.156, 17.461, 17.408, 17.704, 19.285, 20.121, 19.387, 18.762, 19.124, 18.706, 18.153, 18.344, 18.309, 18.387, 18.51, 18.266, 18.241, 18.481, 19.037, 19.069, 18.921, 19.203, 19.63, 19.562, 19.708, 19.779, 19.695, 19.601, 19.715, 19.722, 19.61, 19.405, 18.868, 18.591, 18.578, 18.636, 18.542, 18.308, 18.07, 18.02, 18.42, 18.671, 18.642, 18.692, 18.974, 19.221, 19.428, 19.547, 19.835, 20.316, 19.798], [14.526, 14.6, 14.572, 14.487, 14.338, 13.865, 13.774, 12.186, 9.518, 8.876, 7.248, 4.861, 4.193, 3.402, 1.799, 0.0, 1.828, 4.425, 6.407, 7.485, 7.924, 8.064, 8.522, 8.944, 8.861, 9.749, 11.791, 12.541, 13.579, 15.445, 16.864, 16.551, 16.399, 16.5, 16.787, 17.172, 17.457, 17.411, 17.713, 19.29, 20.127, 19.379, 18.706, 19.059, 18.638, 18.089, 18.302, 18.248, 18.37, 18.551, 18.303, 18.246, 18.483, 19.053, 19.09, 18.945, 19.231, 19.658, 19.591, 19.739, 19.792, 19.698, 19.601, 19.713, 19.717, 19.576, 19.347, 18.818, 18.549, 18.544, 18.608, 18.51, 18.272, 18.025, 17.966, 18.362, 18.609, 18.587, 18.635, 18.908, 19.143, 19.343, 19.452, 19.729, 20.225, 19.722], [14.382, 14.466, 14.449, 14.342, 14.197, 13.79, 13.745, 12.151, 9.441, 8.825, 7.294, 5.194, 4.647, 3.994, 2.892, 1.828, 0.0, 3.052, 5.422, 6.807, 7.391, 7.581, 8.07, 8.532, 8.527, 9.598, 11.733, 12.479, 13.535, 15.384, 16.801, 16.481, 16.319, 16.473, 16.796, 17.166, 17.428, 17.385, 17.666, 19.198, 20.011, 19.262, 18.566, 18.914, 18.515, 17.972, 18.185, 18.127, 18.258, 18.464, 18.243, 18.247, 18.544, 19.137, 19.201, 19.062, 19.336, 19.749, 19.676, 19.823, 19.882, 19.796, 19.703, 19.815, 19.828, 19.69, 19.446, 18.892, 18.611, 18.615, 18.682, 18.583, 18.345, 18.099, 18.049, 18.443, 18.685, 18.655, 18.699, 18.964, 19.186, 19.381, 19.485, 19.757, 20.248, 19.743], [14.5, 14.589, 14.609, 14.495, 14.421, 14.161, 14.16, 12.575, 9.825, 9.295, 7.966, 6.305, 5.923, 5.43, 4.811, 4.425, 3.052, 0.0, 3.016, 5.065, 5.937, 6.277, 6.907, 7.525, 7.751, 9.182, 11.429, 12.171, 13.244, 14.992, 16.376, 16.033, 15.883, 16.122, 16.512, 16.848, 17.074, 17.028, 17.259, 18.72, 19.512, 18.778, 18.087, 18.417, 18.069, 17.556, 17.758, 17.725, 17.858, 18.067, 17.899, 18.049, 18.559, 19.268, 19.384, 19.254, 19.504, 19.897, 19.812, 19.959, 20.042, 19.96, 19.881, 20.001, 20.03, 19.94, 19.725, 19.162, 18.891, 18.928, 18.987, 18.893, 18.687, 18.468, 18.43, 18.807, 19.038, 18.984, 19.014, 19.263, 19.459, 19.634, 19.727, 19.993, 20.456, 19.951], [15.057, 15.152, 15.181, 15.047, 15.031, 14.953, 15.01, 13.451, 10.814, 10.362, 9.174, 7.716, 7.518, 7.071, 6.552, 6.407, 5.422, 3.016, 0.0, 2.711, 4.047, 4.599, 5.433, 6.318, 6.854, 8.488, 10.73, 11.443, 12.525, 14.241, 15.642, 15.354, 15.325, 15.687, 16.164, 16.459, 16.642, 16.591, 16.76, 18.111, 18.875, 18.146, 17.44, 17.757, 17.474, 17.046, 17.255, 17.258, 17.433, 17.633, 17.477, 17.781, 18.64, 19.548, 19.735, 19.621, 19.827, 20.176, 20.068, 20.214, 20.348, 20.278, 20.211, 20.334, 20.378, 20.361, 20.225, 19.688, 19.46, 19.533, 19.576, 19.495, 19.337, 19.163, 19.142, 19.472, 19.668, 19.583, 19.596, 19.835, 19.99, 20.126, 20.188, 20.414, 20.841, 20.378], [15.67, 15.765, 15.812, 15.687, 15.7, 15.69, 15.733, 14.257, 11.854, 11.476, 10.328, 8.783, 8.544, 8.107, 7.509, 7.485, 6.807, 5.065, 2.711, 0.0, 1.784, 2.742, 4.014, 5.178, 5.932, 7.552, 9.775, 10.566, 11.694, 13.466, 14.887, 14.703, 14.818, 15.197, 15.697, 15.984, 16.173, 16.135, 16.274, 17.565, 18.322, 17.599, 16.866, 17.181, 16.985, 16.678, 16.915, 16.915, 17.113, 17.301, 17.171, 17.529, 18.614, 19.697, 19.922, 19.817, 19.979, 20.287, 20.171, 20.325, 20.469, 20.384, 20.315, 20.424, 20.467, 20.502, 20.443, 19.972, 19.804, 19.88, 19.899, 19.825, 19.703, 19.566, 19.547, 19.833, 19.995, 19.892, 19.887, 20.114, 20.241, 20.368, 20.419, 20.607, 21.01, 20.594], [16.097, 16.177, 16.224, 16.11, 16.145, 16.147, 16.17, 14.756, 12.445, 12.094, 10.909, 9.218, 8.925, 8.475, 7.861, 7.924, 7.391, 5.937, 4.047, 1.784, 0.0, 1.425, 3.201, 4.595, 5.437, 7.075, 9.341, 10.178, 11.336, 13.172, 14.629, 14.502, 14.679, 15.044, 15.541, 15.851, 16.057, 16.02, 16.145, 17.406, 18.145, 17.429, 16.719, 17.041, 16.902, 16.664, 16.906, 16.917, 17.117, 17.286, 17.175, 17.543, 18.658, 19.788, 20.034, 19.941, 20.089, 20.379, 20.264, 20.426, 20.564, 20.466, 20.391, 20.493, 20.529, 20.587, 20.569, 20.124, 19.969, 20.035, 20.041, 19.971, 19.864, 19.742, 19.732, 20.021, 20.185, 20.078, 20.07, 20.297, 20.415, 20.542, 20.598, 20.776, 21.171, 20.764], [16.348, 16.421, 16.457, 16.343, 16.375, 16.375, 16.381, 14.975, 12.683, 12.325, 11.138, 9.38, 9.065, 8.616, 7.99, 8.064, 7.581, 6.277, 4.599, 2.742, 1.425, 0.0, 2.089, 3.794, 4.727, 6.401, 8.783, 9.64, 10.86, 12.791, 14.297, 14.217, 14.466, 14.862, 15.369, 15.708, 15.929, 15.884, 16.008, 17.264, 18.004, 17.297, 16.622, 16.961, 16.838, 16.64, 16.883, 16.911, 17.125, 17.284, 17.151, 17.513, 18.611, 19.731, 19.992, 19.92, 20.083, 20.379, 20.265, 20.435, 20.592, 20.505, 20.428, 20.525, 20.555, 20.625, 20.64, 20.226, 20.083, 20.14, 20.144, 20.078, 19.97, 19.841, 19.826, 20.118, 20.287, 20.186, 20.18, 20.4, 20.511, 20.631, 20.686, 20.86, 21.25, 20.855], [16.726, 16.792, 16.814, 16.698, 16.718, 16.723, 16.715, 15.322, 13.057, 12.672, 11.554, 9.823, 9.521, 9.082, 8.439, 8.522, 8.07, 6.907, 5.433, 4.014, 3.201, 2.089, 0.0, 2.249, 3.539, 5.296, 7.861, 8.728, 10.03, 12.075, 13.602, 13.635, 14.06, 14.589, 15.137, 15.494, 15.717, 15.667, 15.811, 17.059, 17.793, 17.112, 16.488, 16.856, 16.753, 16.617, 16.857, 16.919, 17.145, 17.271, 17.1, 17.458, 18.53, 19.63, 19.906, 19.859, 20.062, 20.392, 20.294, 20.463, 20.663, 20.614, 20.54, 20.629, 20.655, 20.741, 20.794, 20.434, 20.325, 20.382, 20.391, 20.328, 20.216, 20.075, 20.045, 20.319, 20.483, 20.391, 20.383, 20.589, 20.683, 20.782, 20.834, 20.996, 21.367, 21.001], [16.974, 17.043, 17.071, 16.956, 16.977, 16.981, 16.951, 15.606, 13.449, 13.055, 11.976, 10.26, 9.902, 9.476, 8.845, 8.944, 8.532, 7.525, 6.318, 5.178, 4.595, 3.794, 2.249, 0.0, 2.002, 4.453, 7.208, 8.095, 9.425, 11.473, 12.968, 13.082, 13.591, 14.182, 14.763, 15.125, 15.334, 15.295, 15.455, 16.7, 17.438, 16.761, 16.154, 16.552, 16.477, 16.408, 16.676, 16.741, 16.96, 17.062, 16.886, 17.214, 18.227, 19.315, 19.601, 19.565, 19.796, 20.192, 20.134, 20.291, 20.521, 20.505, 20.436, 20.519, 20.543, 20.653, 20.756, 20.474, 20.421, 20.487, 20.507, 20.45, 20.341, 20.187, 20.122, 20.36, 20.513, 20.427, 20.415, 20.613, 20.698, 20.789, 20.858, 21.02, 21.381, 21.048], [16.892, 16.97, 17.006, 16.895, 16.893, 16.871, 16.847, 15.546, 13.463, 13.057, 11.946, 10.186, 9.762, 9.346, 8.754, 8.861, 8.527, 7.751, 6.854, 5.932, 5.437, 4.727, 3.539, 2.002, 0.0, 3.563, 6.797, 7.703, 9.074, 11.162, 12.699, 12.784, 13.23, 13.778, 14.355, 14.734, 14.945, 14.909, 15.109, 16.416, 17.178, 16.468, 15.859, 16.304, 16.213, 16.136, 16.437, 16.494, 16.715, 16.824, 16.635, 16.914, 17.85, 18.924, 19.219, 19.19, 19.428, 19.85, 19.825, 19.996, 20.222, 20.216, 20.147, 20.233, 20.258, 20.358, 20.451, 20.176, 20.135, 20.207, 20.239, 20.183, 20.064, 19.884, 19.801, 20.034, 20.19, 20.113, 20.102, 20.309, 20.399, 20.489, 20.568, 20.75, 21.13, 20.797], [17.903, 17.983, 18.028, 17.931, 17.909, 17.841, 17.745, 16.466, 14.495, 14.118, 13.013, 11.209, 10.825, 10.419, 9.683, 9.749, 9.598, 9.182, 8.488, 7.552, 7.075, 6.401, 5.296, 4.453, 3.563, 0.0, 3.875, 5.385, 6.82, 9.385, 11.043, 11.592, 12.528, 13.186, 13.811, 14.205, 14.466, 14.45, 14.754, 16.199, 17.027, 16.479, 16.046, 16.501, 16.457, 16.463, 16.746, 16.814, 17.071, 17.177, 16.977, 17.158, 18.087, 19.167, 19.454, 19.474, 19.745, 20.162, 20.145, 20.376, 20.642, 20.619, 20.545, 20.617, 20.63, 20.734, 20.879, 20.69, 20.69, 20.742, 20.773, 20.717, 20.6, 20.412, 20.321, 20.539, 20.69, 20.63, 20.61, 20.784, 20.851, 20.927, 21.004, 21.15, 21.478, 21.2], [19.769, 19.837, 19.878, 19.78, 19.765, 19.769, 19.634, 18.369, 16.484, 16.115, 15.085, 13.352, 13.076, 12.628, 11.742, 11.791, 11.733, 11.429, 10.73, 9.775, 9.341, 8.783, 7.861, 7.208, 6.797, 3.875, 0.0, 2.497, 4.09, 7.138, 8.931, 9.969, 11.649, 12.739, 13.54, 13.888, 14.117, 14.109, 14.429, 15.813, 16.654, 16.367, 16.284, 16.793, 16.849, 17.035, 17.268, 17.413, 17.746, 17.809, 17.628, 17.842, 18.988, 20.147, 20.463, 20.554, 20.864, 21.275, 21.258, 21.514, 21.863, 21.859, 21.786, 21.849, 21.843, 22.013, 22.309, 22.259, 22.307, 22.347, 22.372, 22.327, 22.24, 22.061, 21.975, 22.174, 22.305, 22.249, 22.208, 22.342, 22.379, 22.425, 22.489, 22.562, 22.788, 22.583], [20.37, 20.42, 20.437, 20.324, 20.304, 20.372, 20.259, 18.984, 17.08, 16.69, 15.707, 14.053, 13.857, 13.371, 12.478, 12.541, 12.479, 12.171, 11.443, 10.566, 10.178, 9.64, 8.728, 8.095, 7.703, 5.385, 2.497, 0.0, 2.747, 6.2, 8.159, 9.102, 11.068, 12.56, 13.484, 13.816, 13.969, 13.923, 14.226, 15.524, 16.337, 16.121, 16.175, 16.743, 16.817, 17.046, 17.252, 17.469, 17.868, 17.909, 17.72, 18.045, 19.354, 20.554, 20.913, 21.04, 21.364, 21.768, 21.752, 21.995, 22.387, 22.429, 22.361, 22.429, 22.417, 22.619, 22.957, 22.927, 22.959, 22.992, 23.017, 22.982, 22.905, 22.719, 22.64, 22.859, 23.001, 22.944, 22.909, 23.044, 23.082, 23.107, 23.157, 23.215, 23.411, 23.207], [21.165, 21.205, 21.217, 21.106, 21.088, 21.161, 21.042, 19.837, 17.983, 17.607, 16.668, 15.053, 14.878, 14.42, 13.539, 13.579, 13.535, 13.244, 12.525, 11.694, 11.336, 10.86, 10.03, 9.425, 9.074, 6.82, 4.09, 2.747, 0.0, 4.301, 6.719, 8.067, 10.489, 12.228, 13.26, 13.556, 13.692, 13.657, 13.975, 15.335, 16.172, 16.059, 16.288, 16.88, 17.037, 17.359, 17.572, 17.798, 18.207, 18.242, 18.099, 18.411, 19.739, 20.958, 21.302, 21.43, 21.746, 22.159, 22.169, 22.42, 22.817, 22.848, 22.795, 22.872, 22.862, 23.094, 23.469, 23.458, 23.501, 23.54, 23.567, 23.542, 23.474, 23.293, 23.224, 23.423, 23.554, 23.497, 23.463, 23.599, 23.618, 23.634, 23.692, 23.738, 23.908, 23.732], [22.421, 22.462, 22.488, 22.4, 22.422, 22.548, 22.448, 21.349, 19.547, 19.146, 18.312, 16.808, 16.642, 16.227, 15.399, 15.445, 15.384, 14.992, 14.241, 13.466, 13.172, 12.791, 12.075, 11.473, 11.162, 9.385, 7.138, 6.2, 4.301, 0.0, 3.417, 5.588, 9.052, 11.536, 12.838, 13.057, 13.115, 13.081, 13.356, 14.743, 15.624, 15.655, 16.196, 16.896, 17.222, 17.727, 17.964, 18.219, 18.618, 18.587, 18.519, 18.869, 20.343, 21.658, 22.016, 22.148, 22.453, 22.879, 22.929, 23.183, 23.573, 23.6, 23.578, 23.684, 23.689, 23.969, 24.389, 24.388, 24.427, 24.471, 24.502, 24.487, 24.429, 24.274, 24.237, 24.406, 24.509, 24.451, 24.411, 24.542, 24.546, 24.554, 24.615, 24.643, 24.775, 24.629], [23.518, 23.562, 23.597, 23.514, 23.545, 23.681, 23.574, 22.525, 20.785, 20.389, 19.588, 18.128, 17.963, 17.587, 16.8, 16.864, 16.801, 16.376, 15.642, 14.887, 14.629, 14.297, 13.602, 12.968, 12.699, 11.043, 8.931, 8.159, 6.719, 3.417, 0.0, 4.269, 8.723, 11.471, 12.832, 13.012, 13.048, 13.042, 13.297, 14.707, 15.617, 15.798, 16.588, 17.317, 17.724, 18.339, 18.548, 18.796, 19.155, 19.102, 19.09, 19.465, 20.952, 22.271, 22.638, 22.785, 23.092, 23.528, 23.59, 23.831, 24.216, 24.242, 24.221, 24.309, 24.313, 24.61, 25.054, 25.131, 25.223, 25.262, 25.293, 25.285, 25.244, 25.117, 25.068, 25.198, 25.285, 25.229, 25.182, 25.288, 25.278, 25.302, 25.375, 25.384, 25.464, 25.363], [23.116, 23.142, 23.171, 23.103, 23.135, 23.282, 23.193, 22.159, 20.379, 19.954, 19.168, 17.725, 17.538, 17.17, 16.471, 16.551, 16.481, 16.033, 15.354, 14.703, 14.502, 14.217, 13.635, 13.082, 12.784, 11.592, 9.969, 9.102, 8.067, 5.588, 4.269, 0.0, 5.544, 9.482, 11.345, 11.576, 11.55, 11.519, 11.804, 13.424, 14.439, 14.597, 15.497, 16.298, 16.725, 17.349, 17.564, 17.808, 18.176, 18.145, 18.165, 18.596, 20.173, 21.559, 21.969, 22.127, 22.422, 22.884, 22.973, 23.209, 23.62, 23.674, 23.654, 23.759, 23.766, 24.128, 24.659, 24.726, 24.782, 24.831, 24.883, 24.876, 24.823, 24.717, 24.688, 24.814, 24.892, 24.826, 24.758, 24.87, 24.868, 24.89, 24.961, 25.001, 25.121, 24.999], [22.351, 22.363, 22.402, 22.365, 22.407, 22.558, 22.5, 21.59, 19.877, 19.419, 18.702, 17.356, 17.09, 16.812, 16.332, 16.399, 16.319, 15.883, 15.325, 14.818, 14.679, 14.466, 14.06, 13.591, 13.23, 12.528, 11.649, 11.068, 10.489, 9.052, 8.723, 5.544, 0.0, 5.644, 8.484, 8.846, 8.768, 8.785, 9.142, 11.184, 12.38, 12.463, 13.619, 14.594, 15.019, 15.634, 15.938, 16.129, 16.405, 16.388, 16.453, 16.793, 18.422, 20.004, 20.455, 20.612, 20.893, 21.403, 21.522, 21.794, 22.273, 22.362, 22.338, 22.48, 22.49, 22.937, 23.631, 23.726, 23.753, 23.82, 23.892, 23.89, 23.822, 23.731, 23.708, 23.818, 23.877, 23.801, 23.697, 23.824, 23.847, 23.889, 23.975, 24.082, 24.271, 24.123], [22.013, 22.025, 22.098, 22.106, 22.148, 22.21, 22.114, 21.308, 19.752, 19.34, 18.654, 17.313, 16.944, 16.782, 16.443, 16.5, 16.473, 16.122, 15.687, 15.197, 15.044, 14.862, 14.589, 14.182, 13.778, 13.186, 12.739, 12.56, 12.228, 11.536, 11.471, 9.482, 5.644, 0.0, 3.693, 4.616, 5.085, 5.452, 6.044, 8.88, 10.412, 10.444, 11.956, 13.044, 13.356, 14.082, 14.479, 14.566, 14.737, 14.869, 15.047, 15.05, 16.465, 18.307, 18.814, 18.97, 19.303, 19.913, 20.064, 20.413, 20.95, 21.0, 20.944, 21.074, 21.06, 21.553, 22.499, 22.811, 22.954, 23.046, 23.121, 23.112, 23.049, 22.926, 22.843, 22.971, 23.04, 22.968, 22.838, 22.978, 23.059, 23.153, 23.288, 23.459, 23.668, 23.5], [22.043, 22.07, 22.157, 22.185, 22.227, 22.234, 22.112, 21.345, 19.911, 19.558, 18.894, 17.564, 17.154, 17.033, 16.739, 16.787, 16.796, 16.512, 16.164, 15.697, 15.541, 15.369, 15.137, 14.763, 14.355, 13.811, 13.54, 13.484, 13.26, 12.838, 12.832, 11.345, 8.484, 3.693, 0.0, 2.027, 3.658, 4.365, 5.096, 8.271, 9.945, 9.897, 11.453, 12.509, 12.714, 13.525, 13.944, 14.002, 14.152, 14.39, 14.617, 14.383, 15.522, 17.429, 17.983, 18.169, 18.593, 19.286, 19.466, 19.854, 20.419, 20.458, 20.384, 20.497, 20.461, 20.961, 22.03, 22.486, 22.763, 22.889, 22.961, 22.947, 22.887, 22.727, 22.592, 22.74, 22.829, 22.763, 22.627, 22.763, 22.874, 22.987, 23.143, 23.341, 23.556, 23.388], [22.222, 22.271, 22.367, 22.39, 22.432, 22.47, 22.362, 21.612, 20.23, 19.9, 19.264, 17.986, 17.587, 17.471, 17.156, 17.172, 17.166, 16.848, 16.459, 15.984, 15.851, 15.708, 15.494, 15.125, 14.734, 14.205, 13.888, 13.816, 13.556, 13.057, 13.012, 11.576, 8.846, 4.616, 2.027, 0.0, 2.348, 3.453, 4.268, 7.677, 9.472, 9.477, 11.133, 12.226, 12.488, 13.365, 13.798, 13.86, 14.038, 14.3, 14.526, 14.296, 15.529, 17.464, 18.01, 18.197, 18.634, 19.332, 19.526, 19.914, 20.479, 20.525, 20.456, 20.572, 20.536, 21.026, 22.097, 22.553, 22.863, 23.03, 23.112, 23.1, 23.048, 22.897, 22.768, 22.903, 22.981, 22.913, 22.772, 22.896, 22.988, 23.091, 23.241, 23.43, 23.64, 23.484], [22.319, 22.375, 22.487, 22.508, 22.554, 22.679, 22.622, 21.884, 20.507, 20.179, 19.564, 18.309, 17.9, 17.785, 17.461, 17.457, 17.428, 17.074, 16.642, 16.173, 16.057, 15.929, 15.717, 15.334, 14.945, 14.466, 14.117, 13.969, 13.692, 13.115, 13.048, 11.55, 8.768, 5.085, 3.658, 2.348, 0.0, 1.611, 2.766, 6.501, 8.437, 8.592, 10.628, 11.799, 12.185, 13.157, 13.619, 13.733, 13.937, 14.189, 14.401, 14.232, 15.564, 17.542, 18.104, 18.295, 18.722, 19.416, 19.621, 20.009, 20.593, 20.647, 20.58, 20.702, 20.666, 21.181, 22.28, 22.724, 23.005, 23.19, 23.29, 23.286, 23.241, 23.098, 22.977, 23.1, 23.163, 23.094, 22.936, 23.052, 23.121, 23.195, 23.331, 23.505, 23.703, 23.555], [22.253, 22.308, 22.425, 22.46, 22.508, 22.659, 22.621, 21.869, 20.471, 20.144, 19.529, 18.264, 17.846, 17.726, 17.408, 17.411, 17.385, 17.028, 16.591, 16.135, 16.02, 15.884, 15.667, 15.295, 14.909, 14.45, 14.109, 13.923, 13.657, 13.081, 13.042, 11.519, 8.785, 5.452, 4.365, 3.453, 1.611, 0.0, 2.068, 6.098, 8.082, 8.254, 10.406, 11.581, 11.975, 12.958, 13.413, 13.563, 13.769, 14.027, 14.245, 14.13, 15.491, 17.502, 18.091, 18.297, 18.737, 19.441, 19.64, 20.025, 20.621, 20.679, 20.616, 20.743, 20.701, 21.223, 22.328, 22.751, 23.005, 23.183, 23.285, 23.293, 23.254, 23.108, 22.993, 23.133, 23.206, 23.138, 22.979, 23.096, 23.16, 23.219, 23.347, 23.517, 23.713, 23.556], [22.401, 22.457, 22.572, 22.598, 22.665, 22.869, 22.846, 22.112, 20.754, 20.441, 19.826, 18.556, 18.132, 18.02, 17.704, 17.713, 17.666, 17.259, 16.76, 16.274, 16.145, 16.008, 15.811, 15.455, 15.109, 14.754, 14.429, 14.226, 13.975, 13.356, 13.297, 11.804, 9.142, 6.044, 5.096, 4.268, 2.766, 2.068, 0.0, 4.701, 6.946, 7.185, 9.729, 10.973, 11.482, 12.583, 13.059, 13.274, 13.497, 13.755, 13.995, 13.93, 15.383, 17.493, 18.13, 18.366, 18.84, 19.579, 19.778, 20.156, 20.771, 20.824, 20.76, 20.894, 20.854, 21.388, 22.512, 22.935, 23.194, 23.375, 23.467, 23.491, 23.478, 23.338, 23.223, 23.37, 23.441, 23.371, 23.203, 23.317, 23.374, 23.423, 23.556, 23.727, 23.921, 23.768], [23.269, 23.34, 23.452, 23.453, 23.545, 23.974, 24.037, 23.391, 22.186, 21.909, 21.347, 20.129, 19.707, 19.596, 19.285, 19.29, 19.198, 18.72, 18.111, 17.565, 17.406, 17.264, 17.059, 16.7, 16.416, 16.199, 15.813, 15.524, 15.335, 14.743, 14.707, 13.424, 11.184, 8.88, 8.271, 7.677, 6.501, 6.098, 4.701, 0.0, 2.806, 3.983, 8.24, 9.705, 10.456, 12.052, 12.556, 13.022, 13.285, 13.508, 13.793, 13.884, 15.584, 17.839, 18.574, 18.881, 19.403, 20.171, 20.384, 20.745, 21.424, 21.492, 21.432, 21.568, 21.517, 22.093, 23.329, 23.846, 24.153, 24.351, 24.429, 24.49, 24.532, 24.425, 24.305, 24.435, 24.472, 24.398, 24.195, 24.273, 24.308, 24.318, 24.452, 24.593, 24.747, 24.638], [23.897, 23.971, 24.074, 24.05, 24.145, 24.664, 24.781, 24.189, 22.998, 22.715, 22.16, 20.949, 20.557, 20.431, 20.121, 20.127, 20.011, 19.512, 18.875, 18.322, 18.145, 18.004, 17.793, 17.438, 17.178, 17.027, 16.654, 16.337, 16.172, 15.624, 15.617, 14.439, 12.38, 10.412, 9.945, 9.472, 8.437, 8.082, 6.946, 2.806, 0.0, 3.25, 8.413, 9.892, 10.714, 12.477, 12.977, 13.509, 13.739, 13.893, 14.179, 14.333, 16.095, 18.326, 19.09, 19.421, 19.924, 20.664, 20.881, 21.232, 21.93, 22.003, 21.944, 22.079, 22.035, 22.638, 23.907, 24.448, 24.77, 24.975, 25.049, 25.123, 25.189, 25.101, 24.988, 25.101, 25.117, 25.036, 24.825, 24.897, 24.924, 24.933, 25.08, 25.215, 25.348, 25.272], [22.73, 22.805, 22.925, 22.923, 23.028, 23.55, 23.679, 23.124, 22.031, 21.761, 21.27, 20.17, 19.766, 19.652, 19.387, 19.379, 19.262, 18.778, 18.146, 17.599, 17.429, 17.297, 17.112, 16.761, 16.468, 16.479, 16.367, 16.121, 16.059, 15.655, 15.798, 14.597, 12.463, 10.444, 9.897, 9.477, 8.592, 8.254, 7.185, 3.983, 3.25, 0.0, 6.106, 7.998, 8.695, 10.519, 11.096, 11.708, 12.009, 12.213, 12.515, 12.727, 14.695, 17.093, 17.945, 18.285, 18.784, 19.534, 19.752, 20.09, 20.778, 20.883, 20.836, 21.012, 20.989, 21.592, 22.833, 23.307, 23.599, 23.817, 23.895, 23.973, 24.027, 23.923, 23.823, 23.979, 24.015, 23.926, 23.73, 23.825, 23.874, 23.891, 24.034, 24.192, 24.386, 24.266], [20.888, 20.974, 21.141, 21.174, 21.294, 21.809, 21.904, 21.382, 20.712, 20.621, 20.208, 19.393, 18.997, 18.931, 18.762, 18.706, 18.566, 18.087, 17.44, 16.866, 16.719, 16.622, 16.488, 16.154, 15.859, 16.046, 16.284, 16.175, 16.288, 16.196, 16.588, 15.497, 13.619, 11.956, 11.453, 11.133, 10.628, 10.406, 9.729, 8.24, 8.413, 6.106, 0.0, 2.913, 4.045, 6.298, 7.34, 7.975, 8.799, 9.44, 9.825, 10.163, 12.783, 15.498, 16.483, 16.812, 17.265, 17.988, 18.149, 18.447, 19.096, 19.277, 19.256, 19.475, 19.496, 20.028, 21.14, 21.513, 21.782, 22.018, 22.093, 22.176, 22.23, 22.115, 22.023, 22.217, 22.297, 22.194, 22.037, 22.151, 22.217, 22.242, 22.368, 22.583, 22.899, 22.68], [20.888, 20.972, 21.152, 21.186, 21.308, 21.816, 21.893, 21.38, 20.861, 20.865, 20.441, 19.687, 19.314, 19.26, 19.124, 19.059, 18.914, 18.417, 17.757, 17.181, 17.041, 16.961, 16.856, 16.552, 16.304, 16.501, 16.793, 16.743, 16.88, 16.896, 17.317, 16.298, 14.594, 13.044, 12.509, 12.226, 11.799, 11.581, 10.973, 9.705, 9.892, 7.998, 2.913, 0.0, 3.171, 5.827, 6.953, 7.576, 8.497, 9.371, 9.834, 10.172, 12.789, 15.5, 16.508, 16.843, 17.277, 17.974, 18.105, 18.402, 19.044, 19.222, 19.199, 19.405, 19.421, 19.926, 21.049, 21.478, 21.805, 22.059, 22.132, 22.224, 22.295, 22.181, 22.064, 22.239, 22.316, 22.215, 22.052, 22.152, 22.216, 22.237, 22.364, 22.589, 22.924, 22.709], [20.263, 20.352, 20.533, 20.584, 20.689, 21.145, 21.192, 20.665, 20.171, 20.179, 19.843, 19.2, 18.825, 18.794, 18.706, 18.638, 18.515, 18.069, 17.474, 16.985, 16.902, 16.838, 16.753, 16.477, 16.213, 16.457, 16.849, 16.817, 17.037, 17.222, 17.724, 16.725, 15.019, 13.356, 12.714, 12.488, 12.185, 11.975, 11.482, 10.456, 10.714, 8.695, 4.045, 3.171, 0.0, 3.464, 4.794, 5.543, 6.692, 7.85, 8.383, 8.781, 11.648, 14.461, 15.552, 15.905, 16.371, 17.105, 17.227, 17.475, 18.144, 18.392, 18.38, 18.588, 18.607, 19.088, 20.252, 20.768, 21.121, 21.373, 21.466, 21.558, 21.625, 21.519, 21.39, 21.625, 21.751, 21.657, 21.535, 21.644, 21.74, 21.767, 21.888, 22.139, 22.503, 22.258], [19.142, 19.222, 19.392, 19.446, 19.529, 19.929, 19.975, 19.477, 19.102, 19.135, 18.892, 18.479, 18.133, 18.136, 18.153, 18.089, 17.972, 17.556, 17.046, 16.678, 16.664, 16.64, 16.617, 16.408, 16.136, 16.463, 17.035, 17.046, 17.359, 17.727, 18.339, 17.349, 15.634, 14.082, 13.525, 13.365, 13.157, 12.958, 12.583, 12.052, 12.477, 10.519, 6.298, 5.827, 3.464, 0.0, 2.343, 3.427, 4.84, 6.331, 6.942, 7.62, 10.801, 13.639, 14.73, 15.056, 15.51, 16.244, 16.339, 16.563, 17.209, 17.478, 17.47, 17.708, 17.756, 18.185, 19.249, 19.673, 19.951, 20.187, 20.305, 20.392, 20.429, 20.309, 20.202, 20.527, 20.722, 20.632, 20.554, 20.705, 20.846, 20.895, 21.023, 21.329, 21.761, 21.415], [19.323, 19.387, 19.543, 19.588, 19.658, 20.056, 20.097, 19.594, 19.192, 19.213, 18.971, 18.595, 18.32, 18.323, 18.344, 18.302, 18.185, 17.758, 17.255, 16.915, 16.906, 16.883, 16.857, 16.676, 16.437, 16.746, 17.268, 17.252, 17.572, 17.964, 18.548, 17.564, 15.938, 14.479, 13.944, 13.798, 13.619, 13.413, 13.059, 12.556, 12.977, 11.096, 7.34, 6.953, 4.794, 2.343, 0.0, 2.703, 4.191, 5.617, 6.412, 7.43, 10.729, 13.521, 14.655, 15.019, 15.517, 16.277, 16.386, 16.591, 17.263, 17.562, 17.56, 17.795, 17.839, 18.267, 19.366, 19.842, 20.141, 20.38, 20.51, 20.608, 20.657, 20.535, 20.42, 20.781, 20.99, 20.897, 20.825, 20.974, 21.142, 21.183, 21.302, 21.596, 22.004, 21.66], [19.182, 19.255, 19.421, 19.47, 19.524, 19.834, 19.849, 19.375, 19.027, 19.082, 18.846, 18.466, 18.168, 18.241, 18.309, 18.248, 18.127, 17.725, 17.258, 16.915, 16.917, 16.911, 16.919, 16.741, 16.494, 16.814, 17.413, 17.469, 17.798, 18.219, 18.796, 17.808, 16.129, 14.566, 14.002, 13.86, 13.733, 13.563, 13.274, 13.022, 13.509, 11.708, 7.975, 7.576, 5.543, 3.427, 2.703, 0.0, 2.901, 5.132, 6.068, 6.943, 10.379, 13.237, 14.307, 14.639, 15.068, 15.825, 15.942, 16.13, 16.738, 17.037, 17.042, 17.27, 17.333, 17.754, 18.836, 19.319, 19.642, 19.886, 20.019, 20.115, 20.184, 20.092, 19.97, 20.329, 20.555, 20.456, 20.417, 20.587, 20.769, 20.877, 21.011, 21.322, 21.745, 21.392], [19.189, 19.254, 19.437, 19.498, 19.548, 19.831, 19.857, 19.414, 19.029, 19.069, 18.849, 18.465, 18.149, 18.245, 18.387, 18.37, 18.258, 17.858, 17.433, 17.113, 17.117, 17.125, 17.145, 16.96, 16.715, 17.071, 17.746, 17.868, 18.207, 18.618, 19.155, 18.176, 16.405, 14.737, 14.152, 14.038, 13.937, 13.769, 13.497, 13.285, 13.739, 12.009, 8.799, 8.497, 6.692, 4.84, 4.191, 2.901, 0.0, 3.307, 4.829, 6.191, 9.873, 12.802, 13.884, 14.208, 14.63, 15.394, 15.524, 15.696, 16.319, 16.634, 16.65, 16.882, 16.946, 17.425, 18.596, 19.09, 19.391, 19.626, 19.776, 19.874, 19.942, 19.855, 19.722, 20.087, 20.324, 20.23, 20.19, 20.384, 20.587, 20.728, 20.925, 21.278, 21.696, 21.331], [19.481, 19.524, 19.698, 19.757, 19.818, 20.115, 20.171, 19.753, 19.278, 19.256, 19.04, 18.63, 18.336, 18.392, 18.51, 18.551, 18.464, 18.067, 17.633, 17.301, 17.286, 17.284, 17.271, 17.062, 16.824, 17.177, 17.809, 17.909, 18.242, 18.587, 19.102, 18.145, 16.388, 14.869, 14.39, 14.3, 14.189, 14.027, 13.755, 13.508, 13.893, 12.213, 9.44, 9.371, 7.85, 6.331, 5.617, 5.132, 3.307, 0.0, 2.607, 5.325, 9.629, 12.624, 13.76, 14.125, 14.592, 15.345, 15.469, 15.618, 16.293, 16.68, 16.728, 17.001, 17.085, 17.605, 18.785, 19.224, 19.455, 19.679, 19.845, 19.955, 20.017, 19.924, 19.818, 20.204, 20.446, 20.343, 20.326, 20.543, 20.785, 20.926, 21.137, 21.536, 21.949, 21.605], [19.183, 19.232, 19.408, 19.469, 19.539, 19.844, 19.925, 19.477, 18.974, 18.932, 18.74, 18.381, 18.101, 18.156, 18.266, 18.303, 18.243, 17.899, 17.477, 17.171, 17.175, 17.151, 17.1, 16.886, 16.635, 16.977, 17.628, 17.72, 18.099, 18.519, 19.09, 18.165, 16.453, 15.047, 14.617, 14.526, 14.401, 14.245, 13.995, 13.793, 14.179, 12.515, 9.825, 9.834, 8.383, 6.942, 6.412, 6.068, 4.829, 2.607, 0.0, 4.224, 9.174, 12.26, 13.436, 13.821, 14.317, 15.037, 15.104, 15.248, 15.969, 16.404, 16.462, 16.753, 16.848, 17.35, 18.497, 18.892, 19.088, 19.315, 19.492, 19.606, 19.663, 19.571, 19.479, 19.87, 20.099, 19.987, 19.988, 20.241, 20.507, 20.643, 20.843, 21.281, 21.771, 21.464], [19.021, 19.101, 19.328, 19.435, 19.516, 19.756, 19.797, 19.378, 18.952, 18.918, 18.737, 18.388, 18.038, 18.119, 18.241, 18.246, 18.247, 18.049, 17.781, 17.529, 17.543, 17.513, 17.458, 17.214, 16.914, 17.158, 17.842, 18.045, 18.411, 18.869, 19.465, 18.596, 16.793, 15.05, 14.383, 14.296, 14.232, 14.13, 13.93, 13.884, 14.333, 12.727, 10.163, 10.172, 8.781, 7.62, 7.43, 6.943, 6.191, 5.325, 4.224, 0.0, 6.136, 9.961, 11.287, 11.713, 12.264, 13.13, 13.282, 13.547, 14.393, 14.834, 14.886, 15.196, 15.288, 15.8, 17.165, 17.831, 18.242, 18.543, 18.73, 18.846, 18.904, 18.783, 18.599, 18.915, 19.102, 18.998, 19.005, 19.285, 19.589, 19.732, 19.981, 20.534, 21.139, 20.945], [19.154, 19.259, 19.518, 19.675, 19.745, 19.827, 19.79, 19.438, 19.116, 19.085, 18.915, 18.592, 18.179, 18.3, 18.481, 18.483, 18.544, 18.559, 18.64, 18.614, 18.658, 18.611, 18.53, 18.227, 17.85, 18.087, 18.988, 19.354, 19.739, 20.343, 20.952, 20.173, 18.422, 16.465, 15.522, 15.529, 15.564, 15.491, 15.383, 15.584, 16.095, 14.695, 12.783, 12.789, 11.648, 10.801, 10.729, 10.379, 9.873, 9.629, 9.174, 6.136, 0.0, 4.971, 6.901, 7.589, 8.499, 9.793, 10.228, 10.682, 11.759, 12.243, 12.276, 12.566, 12.575, 13.115, 14.946, 16.263, 17.18, 17.601, 17.775, 17.888, 17.915, 17.679, 17.291, 17.497, 17.669, 17.627, 17.585, 17.798, 18.116, 18.27, 18.623, 19.318, 19.99, 19.991], [19.609, 19.717, 19.941, 20.079, 20.134, 20.144, 20.064, 19.752, 19.503, 19.493, 19.357, 19.089, 18.698, 18.834, 19.037, 19.053, 19.137, 19.268, 19.548, 19.697, 19.788, 19.731, 19.63, 19.315, 18.924, 19.167, 20.147, 20.554, 20.958, 21.658, 22.271, 21.559, 20.004, 18.307, 17.429, 17.464, 17.542, 17.502, 17.493, 17.839, 18.326, 17.093, 15.498, 15.5, 14.461, 13.639, 13.521, 13.237, 12.802, 12.624, 12.26, 9.961, 4.971, 0.0, 2.992, 4.347, 5.792, 7.394, 8.108, 8.618, 9.911, 10.683, 10.804, 11.119, 11.089, 11.611, 13.759, 15.583, 16.899, 17.364, 17.519, 17.639, 17.628, 17.301, 16.822, 17.01, 17.216, 17.228, 17.173, 17.267, 17.569, 17.737, 18.163, 18.94, 19.629, 19.692], [19.598, 19.702, 19.922, 20.066, 20.112, 20.084, 19.998, 19.719, 19.502, 19.506, 19.392, 19.112, 18.701, 18.858, 19.069, 19.09, 19.201, 19.384, 19.735, 19.922, 20.034, 19.992, 19.906, 19.601, 19.219, 19.454, 20.463, 20.913, 21.302, 22.016, 22.638, 21.969, 20.455, 18.814, 17.983, 18.01, 18.104, 18.091, 18.13, 18.574, 19.09, 17.945, 16.483, 16.508, 15.552, 14.73, 14.655, 14.307, 13.884, 13.76, 13.436, 11.287, 6.901, 2.992, 0.0, 2.102, 4.268, 6.229, 7.112, 7.779, 9.169, 9.973, 10.121, 10.473, 10.426, 10.923, 13.183, 15.087, 16.483, 16.971, 17.135, 17.263, 17.218, 16.825, 16.307, 16.499, 16.714, 16.75, 16.691, 16.785, 17.126, 17.368, 17.838, 18.643, 19.336, 19.394], [19.31, 19.415, 19.654, 19.816, 19.869, 19.819, 19.733, 19.468, 19.263, 19.272, 19.191, 18.939, 18.512, 18.685, 18.921, 18.945, 19.062, 19.254, 19.621, 19.817, 19.941, 19.92, 19.859, 19.565, 19.19, 19.474, 20.554, 21.04, 21.43, 22.148, 22.785, 22.127, 20.612, 18.97, 18.169, 18.197, 18.295, 18.297, 18.366, 18.881, 19.421, 18.285, 16.812, 16.843, 15.905, 15.056, 15.019, 14.639, 14.208, 14.125, 13.821, 11.713, 7.589, 4.347, 2.102, 0.0, 2.767, 5.131, 6.193, 6.899, 8.301, 9.139, 9.285, 9.664, 9.653, 10.208, 12.548, 14.491, 15.906, 16.432, 16.625, 16.75, 16.696, 16.294, 15.763, 15.931, 16.128, 16.153, 16.096, 16.199, 16.567, 16.83, 17.316, 18.151, 18.865, 18.921], [19.487, 19.588, 19.834, 20.002, 20.064, 19.996, 19.907, 19.66, 19.453, 19.459, 19.395, 19.177, 18.766, 18.946, 19.203, 19.231, 19.336, 19.504, 19.827, 19.979, 20.089, 20.083, 20.062, 19.796, 19.428, 19.745, 20.864, 21.364, 21.746, 22.453, 23.092, 22.422, 20.893, 19.303, 18.593, 18.634, 18.722, 18.737, 18.84, 19.403, 19.924, 18.784, 17.265, 17.277, 16.371, 15.51, 15.517, 15.068, 14.63, 14.592, 14.317, 12.264, 8.499, 5.792, 4.268, 2.767, 0.0, 2.92, 4.519, 5.326, 6.859, 7.884, 8.081, 8.5, 8.583, 9.447, 12.045, 14.137, 15.649, 16.235, 16.457, 16.587, 16.546, 16.177, 15.644, 15.705, 15.838, 15.829, 15.771, 15.889, 16.232, 16.493, 16.978, 17.835, 18.567, 18.686], [19.741, 19.841, 20.093, 20.264, 20.331, 20.249, 20.162, 19.943, 19.764, 19.766, 19.718, 19.567, 19.2, 19.371, 19.63, 19.658, 19.749, 19.897, 20.176, 20.287, 20.379, 20.379, 20.392, 20.192, 19.85, 20.162, 21.275, 21.768, 22.159, 22.879, 23.528, 22.884, 21.403, 19.913, 19.286, 19.332, 19.416, 19.441, 19.579, 20.171, 20.664, 19.534, 17.988, 17.974, 17.105, 16.244, 16.277, 15.825, 15.394, 15.345, 15.037, 13.13, 9.793, 7.394, 6.229, 5.131, 2.92, 0.0, 2.313, 3.616, 5.475, 6.717, 6.973, 7.438, 7.572, 8.69, 11.621, 13.927, 15.548, 16.165, 16.38, 16.494, 16.454, 16.126, 15.613, 15.613, 15.703, 15.667, 15.601, 15.701, 16.032, 16.27, 16.758, 17.669, 18.434, 18.597], [19.5, 19.601, 19.861, 20.042, 20.122, 20.042, 19.964, 19.748, 19.601, 19.623, 19.587, 19.482, 19.134, 19.3, 19.562, 19.591, 19.676, 19.812, 20.068, 20.171, 20.264, 20.265, 20.294, 20.134, 19.825, 20.145, 21.258, 21.752, 22.169, 22.929, 23.59, 22.973, 21.522, 20.064, 19.466, 19.526, 19.621, 19.64, 19.778, 20.384, 20.881, 19.752, 18.149, 18.105, 17.227, 16.339, 16.386, 15.942, 15.524, 15.469, 15.104, 13.282, 10.228, 8.108, 7.112, 6.193, 4.519, 2.313, 0.0, 2.354, 4.817, 6.14, 6.402, 6.871, 6.987, 8.144, 11.166, 13.496, 15.13, 15.753, 15.962, 16.071, 16.041, 15.751, 15.255, 15.258, 15.344, 15.294, 15.244, 15.368, 15.737, 15.987, 16.471, 17.408, 18.198, 18.345], [19.52, 19.616, 19.869, 20.05, 20.147, 20.078, 20.0, 19.8, 19.671, 19.699, 19.692, 19.627, 19.28, 19.44, 19.708, 19.739, 19.823, 19.959, 20.214, 20.325, 20.426, 20.435, 20.463, 20.291, 19.996, 20.376, 21.514, 21.995, 22.42, 23.183, 23.831, 23.209, 21.794, 20.413, 19.854, 19.914, 20.009, 20.025, 20.156, 20.745, 21.232, 20.09, 18.447, 18.402, 17.475, 16.563, 16.591, 16.13, 15.696, 15.618, 15.248, 13.547, 10.682, 8.618, 7.779, 6.899, 5.326, 3.616, 2.354, 0.0, 3.363, 5.379, 5.818, 6.324, 6.475, 7.716, 10.775, 13.19, 14.895, 15.535, 15.752, 15.868, 15.872, 15.65, 15.175, 15.187, 15.295, 15.226, 15.232, 15.375, 15.773, 16.04