[[0.0, 4.536, 8.3, 10.863, 13.295, 15.658, 16.894, 17.111, 17.12, 17.342, 17.655, 17.791, 17.438, 16.945, 16.721, 16.826, 18.17, 20.152, 21.084, 20.988, 21.112, 21.46, 21.415, 21.18, 20.937, 21.038, 21.233, 21.057, 20.7, 20.403, 20.223, 20.274, 20.58, 20.376, 19.756, 19.197, 18.528, 18.231, 18.226, 18.032, 18.143, 18.501, 18.882, 19.411, 19.959, 19.808, 19.317, 18.659, 18.447, 18.303, 18.102, 17.677, 17.096, 16.937, 17.515, 18.766, 19.278, 19.427, 20.736, 23.275, 24.507, 24.278, 23.997, 23.811, 23.626, 23.044, 22.756, 22.93, 23.649, 24.234, 23.43, 22.419, 22.421, 22.322, 21.833, 21.446, 21.287, 21.545, 21.767, 21.781, 21.879, 22.126, 22.545, 22.837, 22.502, 22.409], [4.536, 0.0, 4.611, 8.044, 11.065, 13.806, 15.194, 15.457, 15.471, 15.698, 16.068, 16.345, 16.078, 15.607, 15.449, 15.563, 16.943, 18.976, 19.891, 19.756, 19.894, 20.272, 20.226, 20.01, 19.798, 19.93, 20.134, 19.959, 19.616, 19.362, 19.233, 19.327, 19.675, 19.478, 18.919, 18.469, 17.836, 17.581, 17.674, 17.635, 17.864, 18.276, 18.682, 19.213, 19.721, 19.508, 18.99, 18.336, 18.111, 17.966, 17.877, 17.542, 16.945, 16.811, 17.486, 18.808, 19.325, 19.473, 20.887, 23.551, 24.802, 24.6, 24.357, 24.186, 24.015, 23.466, 23.194, 23.346, 24.046, 24.61, 23.738, 22.644, 22.664, 22.573, 22.056, 21.651, 21.481, 21.761, 22.021, 22.044, 22.141, 22.413, 22.844, 23.149, 22.835, 22.758], [8.3, 4.611, 0.0, 4.352, 8.337, 11.686, 13.351, 13.69, 13.713, 13.907, 14.258, 14.683, 14.665, 14.413, 14.399, 14.603, 16.055, 18.036, 18.884, 18.734, 18.862, 19.199, 19.143, 18.978, 18.836, 19.015, 19.227, 19.08, 18.825, 18.7, 18.646, 18.736, 19.079, 18.898, 18.426, 18.111, 17.608, 17.48, 17.686, 17.788, 18.098, 18.526, 18.916, 19.412, 19.837, 19.575, 19.082, 18.5, 18.299, 18.16, 18.211, 18.032, 17.482, 17.361, 18.039, 19.326, 19.839, 19.973, 21.381, 23.991, 25.179, 25.013, 24.811, 24.649, 24.481, 23.98, 23.741, 23.869, 24.541, 25.083, 24.21, 23.11, 23.124, 23.023, 22.506, 22.097, 21.928, 22.203, 22.482, 22.517, 22.604, 22.883, 23.31, 23.619, 23.31, 23.222], [10.863, 8.044, 4.352, 0.0, 4.953, 9.172, 11.272, 11.735, 11.802, 11.978, 12.314, 12.857, 13.122, 13.118, 13.212, 13.505, 15.055, 17.007, 17.853, 17.762, 17.923, 18.226, 18.163, 18.042, 17.925, 18.112, 18.328, 18.215, 18.049, 18.056, 18.069, 18.127, 18.439, 18.294, 17.931, 17.784, 17.505, 17.565, 17.912, 18.189, 18.587, 19.007, 19.367, 19.818, 20.176, 19.898, 19.44, 18.929, 18.738, 18.611, 18.778, 18.74, 18.3, 18.188, 18.774, 19.937, 20.44, 20.553, 21.862, 24.311, 25.388, 25.251, 25.098, 24.946, 24.78, 24.317, 24.107, 24.216, 24.853, 25.368, 24.535, 23.495, 23.494, 23.372, 22.868, 22.477, 22.311, 22.571, 22.864, 22.913, 22.989, 23.258, 23.672, 23.964, 23.647, 23.541], [13.295, 11.065, 8.337, 4.953, 0.0, 5.015, 7.774, 8.507, 8.666, 8.914, 9.538, 10.343, 10.887, 11.028, 11.224, 11.626, 13.258, 15.26, 16.255, 16.353, 16.671, 17.012, 16.969, 16.903, 16.772, 16.899, 17.103, 17.01, 16.882, 16.987, 17.059, 17.093, 17.396, 17.329, 17.141, 17.199, 17.199, 17.54, 18.131, 18.65, 19.158, 19.575, 19.908, 20.3, 20.569, 20.275, 19.857, 19.456, 19.276, 19.193, 19.548, 19.635, 19.305, 19.231, 19.727, 20.745, 21.218, 21.317, 22.514, 24.762, 25.707, 25.617, 25.532, 25.398, 25.239, 24.82, 24.632, 24.718, 25.315, 25.793, 25.012, 24.05, 24.067, 23.956, 23.483, 23.136, 22.976, 23.201, 23.496, 23.555, 23.609, 23.858, 24.256, 24.478, 24.118, 24.001], [15.658, 13.806, 11.686, 9.172, 5.015, 0.0, 3.411, 4.763, 5.247, 5.755, 7.03, 8.304, 9.175, 9.361, 9.652, 10.148, 11.644, 13.597, 14.773, 15.182, 15.797, 16.255, 16.254, 16.246, 16.118, 16.146, 16.284, 16.225, 16.143, 16.315, 16.452, 16.515, 16.817, 16.82, 16.796, 17.008, 17.226, 17.81, 18.639, 19.393, 19.98, 20.375, 20.664, 20.985, 21.179, 20.889, 20.529, 20.267, 20.104, 20.089, 20.638, 20.806, 20.559, 20.534, 20.963, 21.827, 22.246, 22.334, 23.363, 25.313, 26.107, 26.077, 26.03, 25.89, 25.728, 25.345, 25.177, 25.239, 25.763, 26.17, 25.441, 24.574, 24.594, 24.509, 24.092, 23.792, 23.638, 23.813, 24.094, 24.16, 24.192, 24.413, 24.79, 24.945, 24.539, 24.398], [16.894, 15.194, 13.351, 11.272, 7.774, 3.411, 0.0, 2.079, 3.171, 4.075, 5.939, 7.59, 8.725, 8.953, 9.251, 9.71, 11.141, 13.071, 14.323, 14.926, 15.768, 16.306, 16.319, 16.337, 16.248, 16.247, 16.328, 16.289, 16.228, 16.398, 16.555, 16.654, 16.954, 16.989, 17.051, 17.336, 17.634, 18.291, 19.19, 20.032, 20.643, 21.02, 21.279, 21.564, 21.738, 21.457, 21.108, 20.893, 20.742, 20.761, 21.347, 21.519, 21.299, 21.283, 21.672, 22.459, 22.848, 22.922, 23.818, 25.573, 26.28, 26.275, 26.238, 26.089, 25.92, 25.554, 25.394, 25.438, 25.91, 26.263, 25.568, 24.765, 24.77, 24.703, 24.336, 24.07, 23.923, 24.06, 24.323, 24.39, 24.414, 24.622, 24.982, 25.12, 24.697, 24.531], [17.111, 15.457, 13.69, 11.735, 8.507, 4.763, 2.079, 0.0, 1.66, 3.112, 5.197, 7.018, 8.381, 8.709, 8.995, 9.434, 10.982, 13.013, 14.309, 14.974, 15.901, 16.463, 16.475, 16.498, 16.439, 16.457, 16.531, 16.499, 16.445, 16.609, 16.754, 16.857, 17.158, 17.198, 17.27, 17.56, 17.849, 18.48, 19.357, 20.181, 20.788, 21.175, 21.436, 21.713, 21.899, 21.629, 21.267, 21.043, 20.898, 20.916, 21.47, 21.626, 21.406, 21.379, 21.752, 22.533, 22.92, 22.986, 23.847, 25.576, 26.274, 26.267, 26.227, 26.075, 25.902, 25.538, 25.379, 25.415, 25.876, 26.222, 25.538, 24.746, 24.739, 24.672, 24.323, 24.071, 23.932, 24.054, 24.303, 24.367, 24.393, 24.604, 24.97, 25.123, 24.708, 24.534], [17.12, 15.471, 13.713, 11.802, 8.666, 5.247, 3.171, 1.66, 0.0, 2.202, 4.726, 6.55, 7.975, 8.405, 8.694, 9.125, 10.766, 12.878, 14.2, 14.848, 15.759, 16.321, 16.346, 16.381, 16.344, 16.385, 16.475, 16.448, 16.401, 16.58, 16.73, 16.821, 17.109, 17.145, 17.216, 17.504, 17.788, 18.413, 19.28, 20.091, 20.699, 21.106, 21.394, 21.683, 21.878, 21.621, 21.255, 21.007, 20.859, 20.872, 21.406, 21.543, 21.311, 21.282, 21.657, 22.45, 22.843, 22.909, 23.775, 25.529, 26.244, 26.237, 26.198, 26.05, 25.879, 25.518, 25.36, 25.394, 25.866, 26.22, 25.535, 24.737, 24.736, 24.67, 24.321, 24.075, 23.941, 24.067, 24.31, 24.372, 24.399, 24.615, 24.995, 25.15, 24.734, 24.573], [17.342, 15.698, 13.907, 11.978, 8.914, 5.755, 4.075, 3.112, 2.202, 0.0, 3.217, 5.511, 7.086, 7.753, 8.155, 8.663, 10.382, 12.508, 13.847, 14.478, 15.407, 15.985, 16.029, 16.08, 16.083, 16.173, 16.289, 16.282, 16.264, 16.496, 16.676, 16.754, 17.016, 17.05, 17.157, 17.477, 17.762, 18.403, 19.288, 20.096, 20.702, 21.11, 21.408, 21.731, 21.937, 21.695, 21.349, 21.092, 20.937, 20.934, 21.455, 21.579, 21.349, 21.322, 21.7, 22.493, 22.883, 22.949, 23.816, 25.559, 26.269, 26.264, 26.227, 26.08, 25.909, 25.554, 25.402, 25.435, 25.905, 26.24, 25.548, 24.754, 24.744, 24.672, 24.316, 24.062, 23.927, 24.058, 24.308, 24.37, 24.398, 24.618, 25.0, 25.163, 24.757, 24.605], [17.655, 16.068, 14.258, 12.314, 9.538, 7.03, 5.939, 5.197, 4.726, 3.217, 0.0, 3.371, 5.794, 6.822, 7.467, 8.234, 10.17, 12.336, 13.646, 14.315, 15.359, 15.986, 16.031, 16.082, 16.115, 16.233, 16.371, 16.412, 16.455, 16.746, 16.942, 17.006, 17.267, 17.299, 17.4, 17.738, 17.975, 18.559, 19.44, 20.235, 20.808, 21.205, 21.494, 21.831, 22.072, 21.866, 21.558, 21.323, 21.17, 21.141, 21.629, 21.772, 21.568, 21.52, 21.833, 22.588, 22.965, 23.02, 23.862, 25.569, 26.266, 26.252, 26.2, 26.044, 25.874, 25.518, 25.369, 25.394, 25.839, 26.16, 25.483, 24.713, 24.676, 24.59, 24.23, 23.96, 23.823, 23.958, 24.214, 24.282, 24.31, 24.515, 24.889, 25.071, 24.683, 24.519], [17.791, 16.345, 14.683, 12.857, 10.343, 8.304, 7.59, 7.018, 6.55, 5.511, 3.371, 0.0, 3.451, 5.251, 6.186, 7.367, 9.773, 12.137, 13.456, 14.08, 15.183, 15.936, 16.05, 16.127, 16.189, 16.332, 16.5, 16.567, 16.616, 16.911, 17.107, 17.152, 17.395, 17.421, 17.48, 17.778, 17.969, 18.514, 19.433, 20.257, 20.785, 21.163, 21.461, 21.808, 22.09, 21.938, 21.643, 21.392, 21.24, 21.185, 21.655, 21.8, 21.598, 21.549, 21.838, 22.57, 22.938, 22.984, 23.82, 25.527, 26.218, 26.184, 26.12, 25.974, 25.816, 25.467, 25.327, 25.349, 25.786, 26.114, 25.448, 24.688, 24.668, 24.587, 24.214, 23.938, 23.799, 23.947, 24.217, 24.287, 24.314, 24.498, 24.884, 25.062, 24.651, 24.504], [17.438, 16.078, 14.665, 13.122, 10.887, 9.175, 8.725, 8.381, 7.975, 7.086, 5.794, 3.451, 0.0, 2.834, 4.214, 5.751, 8.68, 11.327, 12.71, 13.25, 14.357, 15.234, 15.458, 15.572, 15.655, 15.86, 16.073, 16.129, 16.143, 16.405, 16.604, 16.665, 16.909, 16.924, 16.971, 17.207, 17.333, 17.9, 18.892, 19.757, 20.3, 20.688, 21.009, 21.399, 21.716, 21.578, 21.295, 21.024, 20.869, 20.782, 21.219, 21.361, 21.13, 21.086, 21.427, 22.212, 22.593, 22.657, 23.571, 25.363, 26.088, 26.046, 25.968, 25.821, 25.667, 25.311, 25.167, 25.193, 25.641, 25.986, 25.288, 24.49, 24.517, 24.46, 24.061, 23.764, 23.615, 23.782, 24.067, 24.133, 24.161, 24.346, 24.743, 24.914, 24.491, 24.362], [16.945, 15.607, 14.413, 13.118, 11.028, 9.361, 8.953, 8.709, 8.405, 7.753, 6.822, 5.251, 2.834, 0.0, 2.118, 4.245, 7.561, 10.503, 12.04, 12.702, 13.929, 14.852, 15.078, 15.168, 15.178, 15.326, 15.522, 15.553, 15.523, 15.713, 15.893, 15.995, 16.285, 16.305, 16.351, 16.561, 16.637, 17.22, 18.261, 19.148, 19.742, 20.17, 20.52, 20.935, 21.268, 21.116, 20.854, 20.609, 20.457, 20.363, 20.79, 20.945, 20.695, 20.652, 21.037, 21.87, 22.26, 22.338, 23.324, 25.216, 25.988, 25.938, 25.843, 25.693, 25.54, 25.164, 24.996, 25.024, 25.485, 25.852, 25.119, 24.265, 24.322, 24.286, 23.87, 23.567, 23.408, 23.584, 23.874, 23.939, 23.965, 24.156, 24.554, 24.706, 24.278, 24.15], [16.721, 15.449, 14.399, 13.212, 11.224, 9.652, 9.251, 8.995, 8.694, 8.155, 7.467, 6.186, 4.214, 2.118, 0.0, 2.934, 6.891, 10.111, 11.749, 12.454, 13.725, 14.678, 14.898, 14.954, 14.918, 15.039, 15.227, 15.255, 15.208, 15.367, 15.528, 15.638, 15.938, 15.952, 15.977, 16.185, 16.268, 16.857, 17.928, 18.863, 19.496, 19.943, 20.308, 20.728, 21.064, 20.904, 20.62, 20.356, 20.212, 20.123, 20.541, 20.704, 20.461, 20.426, 20.827, 21.671, 22.061, 22.136, 23.148, 25.103, 25.91, 25.858, 25.76, 25.609, 25.456, 25.069, 24.893, 24.927, 25.395, 25.772, 25.02, 24.137, 24.207, 24.173, 23.75, 23.446, 23.283, 23.455, 23.738, 23.801, 23.834, 24.038, 24.441, 24.59, 24.164, 24.044], [16.826, 15.563, 14.603, 13.505, 11.626, 10.148, 9.71, 9.434, 9.125, 8.663, 8.234, 7.367, 5.751, 4.245, 2.934, 0.0, 4.761, 8.596, 10.519, 11.384, 12.817, 13.863, 14.13, 14.201, 14.181, 14.308, 14.478, 14.52, 14.493, 14.657, 14.836, 14.966, 15.274, 15.291, 15.337, 15.596, 15.748, 16.389, 17.502, 18.541, 19.279, 19.755, 20.125, 20.569, 20.924, 20.764, 20.459, 20.153, 19.987, 19.921, 20.417, 20.629, 20.396, 20.383, 20.794, 21.622, 22.014, 22.084, 23.074, 25.026, 25.838, 25.793, 25.701, 25.554, 25.405, 25.017, 24.843, 24.871, 25.332, 25.717, 24.967, 24.099, 24.189, 24.167, 23.75, 23.457, 23.302, 23.46, 23.73, 23.792, 23.827, 24.037, 24.434, 24.588, 24.158, 24.027], [18.17, 16.943, 16.055, 15.055, 13.258, 11.644, 11.141, 10.982, 10.766, 10.382, 10.17, 9.773, 8.68, 7.561, 6.891, 4.761, 0.0, 4.678, 7.596, 9.198, 11.175, 12.461, 12.812, 12.916, 12.919, 12.998, 13.093, 13.187, 13.243, 13.49, 13.792, 13.999, 14.31, 14.369, 14.539, 14.915, 15.237, 16.044, 17.274, 18.493, 19.373, 19.883, 20.244, 20.715, 21.105, 20.983, 20.703, 20.424, 20.238, 20.192, 20.919, 21.279, 21.111, 21.137, 21.508, 22.238, 22.608, 22.67, 23.555, 25.371, 26.132, 26.111, 26.048, 25.928, 25.794, 25.429, 25.276, 25.279, 25.708, 26.095, 25.384, 24.589, 24.709, 24.686, 24.288, 24.026, 23.888, 24.029, 24.288, 24.349, 24.376, 24.573, 24.937, 25.075, 24.668, 24.532], [20.152, 18.976, 18.036, 17.007, 15.26, 13.597, 13.071, 13.013, 12.878, 12.508, 12.336, 12.137, 11.327, 10.503, 10.111, 8.596, 4.678, 0.0, 3.989, 6.64, 9.357, 10.985, 11.44, 11.58, 11.643, 11.735, 11.77, 11.935, 12.185, 12.689, 13.206, 13.463, 13.711, 13.833, 14.219, 14.827, 15.361, 16.281, 17.569, 18.911, 19.853, 20.331, 20.653, 21.121, 21.559, 21.521, 21.311, 21.103, 20.923, 20.856, 21.727, 22.293, 22.27, 22.308, 22.56, 23.138, 23.466, 23.517, 24.254, 25.851, 26.531, 26.551, 26.533, 26.446, 26.334, 26.019, 25.896, 25.884, 26.271, 26.634, 25.977, 25.277, 25.419, 25.401, 25.039, 24.803, 24.674, 24.799, 25.045, 25.102, 25.125, 25.308, 25.63, 25.748, 25.407, 25.289], [21.084, 19.891, 18.884, 17.853, 16.255, 14.773, 14.323, 14.309, 14.2, 13.847, 13.646, 13.456, 12.71, 12.04, 11.749, 10.519, 7.596, 3.989, 0.0, 3.695, 7.415, 9.553, 10.141, 10.325, 10.553, 10.816, 10.877, 11.085, 11.495, 12.245, 12.936, 13.2, 13.401, 13.541, 14.034, 14.852, 15.498, 16.375, 17.586, 18.949, 19.912, 20.346, 20.631, 21.093, 21.589, 21.649, 21.508, 21.322, 21.131, 21.053, 21.935, 22.639, 22.745, 22.777, 22.926, 23.401, 23.698, 23.736, 24.376, 25.859, 26.528, 26.573, 26.571, 26.503, 26.414, 26.134, 26.017, 26.011, 26.385, 26.736, 26.105, 25.434, 25.585, 25.584, 25.248, 25.026, 24.899, 25.016, 25.247, 25.302, 25.328, 25.501, 25.803, 25.921, 25.628, 25.53], [20.988, 19.756, 18.734, 17.762, 16.353, 15.182, 14.926, 14.974, 14.848, 14.478, 14.315, 14.08, 13.25, 12.702, 12.454, 11.384, 9.198, 6.64, 3.695, 0.0, 4.389, 7.182, 8.032, 8.298, 8.75, 9.315, 9.507, 9.744, 10.243, 11.202, 12.053, 12.315, 12.467, 12.576, 13.111, 14.079, 14.816, 15.654, 16.765, 18.177, 19.238, 19.669, 19.946, 20.436, 20.956, 21.105, 21.053, 20.849, 20.627, 20.542, 21.479, 22.25, 22.421, 22.485, 22.64, 23.128, 23.436, 23.468, 24.13, 25.686, 26.408, 26.458, 26.459, 26.399, 26.323, 26.051, 25.925, 25.929, 26.328, 26.693, 26.04, 25.341, 25.498, 25.488, 25.137, 24.908, 24.786, 24.924, 25.174, 25.226, 25.259, 25.447, 25.756, 25.885, 25.608, 25.541], [21.112, 19.894, 18.862, 17.923, 16.671, 15.797, 15.768, 15.901, 15.759, 15.407, 15.359, 15.183, 14.357, 13.929, 13.725, 12.817, 11.175, 9.357, 7.415, 4.389, 0.0, 3.571, 5.019, 5.558, 6.37, 7.375, 7.793, 8.07, 8.738, 10.016, 11.075, 11.308, 11.366, 11.445, 12.043, 13.162, 14.089, 14.983, 16.016, 17.523, 18.757, 19.212, 19.485, 19.983, 20.456, 20.657, 20.701, 20.495, 20.245, 20.148, 21.196, 22.031, 22.252, 22.379, 22.569, 23.098, 23.439, 23.475, 24.181, 25.814, 26.568, 26.628, 26.636, 26.574, 26.499, 26.227, 26.095, 26.105, 26.526, 26.906, 26.233, 25.515, 25.679, 25.65, 25.281, 25.043, 24.922, 25.077, 25.347, 25.399, 25.435, 25.649, 25.961, 26.083, 25.811, 25.765], [21.46, 20.272, 19.199, 18.226, 17.012, 16.255, 16.306, 16.463, 16.321, 15.985, 15.986, 15.936, 15.234, 14.852, 14.678, 13.863, 12.461, 10.985, 9.553, 7.182, 3.571, 0.0, 2.136, 3.267, 4.647, 6.037, 6.592, 6.929, 7.782, 9.313, 10.477, 10.67, 10.728, 10.868, 11.588, 12.838, 13.886, 14.846, 15.859, 17.392, 18.725, 19.218, 19.489, 19.975, 20.4, 20.584, 20.67, 20.486, 20.226, 20.136, 21.247, 22.117, 22.362, 22.537, 22.757, 23.306, 23.667, 23.706, 24.418, 26.033, 26.764, 26.823, 26.827, 26.752, 26.675, 26.407, 26.277, 26.284, 26.701, 27.08, 26.401, 25.681, 25.853, 25.823, 25.444, 25.2, 25.08, 25.234, 25.511, 25.57, 25.603, 25.825, 26.135, 26.246, 25.967, 25.917], [21.415, 20.226, 19.143, 18.163, 16.969, 16.254, 16.319, 16.475, 16.346, 16.029, 16.031, 16.05, 15.458, 15.078, 14.898, 14.13, 12.812, 11.44, 10.141, 8.032, 5.019, 2.136, 0.0, 1.683, 3.644, 5.277, 5.87, 6.242, 7.167, 8.784, 9.963, 10.142, 10.233, 10.427, 11.228, 12.562, 13.647, 14.63, 15.664, 17.202, 18.553, 19.067, 19.339, 19.816, 20.24, 20.402, 20.473, 20.3, 20.042, 19.956, 21.088, 21.972, 22.225, 22.415, 22.653, 23.219, 23.588, 23.632, 24.345, 25.954, 26.68, 26.733, 26.737, 26.665, 26.59, 26.323, 26.195, 26.206, 26.632, 27.016, 26.328, 25.6, 25.777, 25.747, 25.366, 25.123, 25.004, 25.162, 25.442, 25.502, 25.54, 25.767, 26.079, 26.188, 25.909, 25.868], [21.18, 20.01, 18.978, 18.042, 16.903, 16.246, 16.337, 16.498, 16.381, 16.08, 16.082, 16.127, 15.572, 15.168, 14.954, 14.201, 12.916, 11.58, 10.325, 8.298, 5.558, 3.267, 1.683, 0.0, 2.437, 4.392, 5.091, 5.471, 6.415, 8.109, 9.337, 9.534, 9.649, 9.856, 10.681, 12.066, 13.194, 14.203, 15.254, 16.824, 18.204, 18.739, 19.018, 19.495, 19.931, 20.085, 20.136, 19.957, 19.706, 19.608, 20.741, 21.637, 21.903, 22.099, 22.339, 22.92, 23.298, 23.357, 24.109, 25.76, 26.507, 26.56, 26.565, 26.5, 26.428, 26.151, 26.017, 26.037, 26.476, 26.871, 26.171, 25.431, 25.61, 25.578, 25.195, 24.954, 24.833, 24.996, 25.278, 25.336, 25.378, 25.611, 25.923, 26.029, 25.757, 25.727], [20.937, 19.798, 18.836, 17.925, 16.772, 16.118, 16.248, 16.439, 16.344, 16.083, 16.115, 16.189, 15.655, 15.178, 14.918, 14.181, 12.919, 11.643, 10.553, 8.75, 6.37, 4.647, 3.644, 2.437, 0.0, 2.382, 3.421, 3.822, 4.844, 6.746, 8.11, 8.346, 8.481, 8.7, 9.557, 11.02, 12.27, 13.396, 14.535, 16.187, 17.651, 18.236, 18.538, 19.011, 19.435, 19.574, 19.623, 19.494, 19.27, 19.158, 20.341, 21.286, 21.573, 21.765, 21.999, 22.603, 23.0, 23.083, 23.918, 25.656, 26.425, 26.479, 26.489, 26.429, 26.353, 26.056, 25.914, 25.933, 26.384, 26.802, 26.084, 25.323, 25.51, 25.481, 25.087, 24.843, 24.717, 24.883, 25.164, 25.22, 25.267, 25.508, 25.818, 25.91, 25.637, 25.611], [21.038, 19.93, 19.015, 18.112, 16.899, 16.146, 16.247, 16.457, 16.385, 16.173, 16.233, 16.332, 15.86, 15.326, 15.039, 14.308, 12.998, 11.735, 10.816, 9.315, 7.375, 6.037, 5.277, 4.392, 2.382, 0.0, 1.541, 2.357, 3.601, 5.61, 7.056, 7.352, 7.536, 7.773, 8.7, 10.288, 11.666, 12.925, 14.191, 15.918, 17.429, 18.045, 18.359, 18.813, 19.206, 19.324, 19.375, 19.319, 19.129, 19.022, 20.269, 21.26, 21.575, 21.768, 21.986, 22.587, 22.991, 23.079, 23.937, 25.687, 26.441, 26.497, 26.513, 26.454, 26.372, 26.07, 25.925, 25.94, 26.399, 26.822, 26.092, 25.332, 25.532, 25.515, 25.128, 24.893, 24.763, 24.92, 25.196, 25.252, 25.302, 25.545, 25.849, 25.927, 25.64, 25.601], [21.233, 20.134, 19.227, 18.328, 17.103, 16.284, 16.328, 16.531, 16.475, 16.289, 16.371, 16.5, 16.073, 15.522, 15.227, 14.478, 13.093, 11.77, 10.877, 9.507, 7.793, 6.592, 5.87, 5.091, 3.421, 1.541, 0.0, 1.47, 3.153, 5.223, 6.697, 7.022, 7.204, 7.47, 8.465, 10.133, 11.57, 12.87, 14.179, 15.939, 17.469, 18.089, 18.396, 18.832, 19.21, 19.323, 19.372, 19.338, 19.158, 19.064, 20.336, 21.343, 21.669, 21.865, 22.083, 22.678, 23.076, 23.162, 24.009, 25.73, 26.469, 26.53, 26.548, 26.49, 26.406, 26.107, 25.965, 25.978, 26.441, 26.864, 26.131, 25.378, 25.589, 25.581, 25.202, 24.973, 24.845, 24.997, 25.267, 25.323, 25.374, 25.616, 25.92, 25.995, 25.704, 25.66], [21.057, 19.959, 19.08, 18.215, 17.01, 16.225, 16.289, 16.499, 16.448, 16.282, 16.412, 16.567, 16.129, 15.553, 15.255, 14.52, 13.187, 11.935, 11.085, 9.744, 8.07, 6.929, 6.242, 5.471, 3.822, 2.357, 1.47, 0.0, 2.127, 4.528, 6.115, 6.472, 6.66, 6.969, 8.035, 9.732, 11.204, 12.53, 13.846, 15.634, 17.206, 17.847, 18.159, 18.585, 18.943, 19.04, 19.085, 19.056, 18.886, 18.796, 20.078, 21.095, 21.421, 21.613, 21.841, 22.46, 22.865, 22.961, 23.849, 25.612, 26.374, 26.446, 26.469, 26.414, 26.329, 26.026, 25.88, 25.895, 26.372, 26.803, 26.057, 25.288, 25.499, 25.488, 25.105, 24.873, 24.743, 24.9, 25.166, 25.219, 25.272, 25.524, 25.829, 25.899, 25.612, 25.569], [20.7, 19.616, 18.825, 18.049, 16.882, 16.143, 16.228, 16.445, 16.401, 16.264, 16.455, 16.616, 16.143, 15.523, 15.208, 14.493, 13.243, 12.185, 11.495, 10.243, 8.738, 7.782, 7.167, 6.415, 4.844, 3.601, 3.153, 2.127, 0.0, 2.787, 4.695, 5.244, 5.56, 5.917, 7.085, 8.83, 10.382, 11.838, 13.249, 15.095, 16.703, 17.393, 17.728, 18.148, 18.48, 18.543, 18.576, 18.567, 18.413, 18.326, 19.65, 20.681, 21.0, 21.207, 21.485, 22.154, 22.574, 22.687, 23.63, 25.452, 26.24, 26.308, 26.329, 26.275, 26.191, 25.878, 25.718, 25.736, 26.225, 26.665, 25.908, 25.117, 25.323, 25.316, 24.936, 24.704, 24.571, 24.732, 24.995, 25.043, 25.098, 25.364, 25.667, 25.723, 25.436, 25.398], [20.403, 19.362, 18.7, 18.056, 16.987, 16.315, 16.398, 16.609, 16.58, 16.496, 16.746, 16.911, 16.405, 15.713, 15.367, 14.657, 13.49, 12.689, 12.245, 11.202, 10.016, 9.313, 8.784, 8.109, 6.746, 5.61, 5.223, 4.528, 2.787, 0.0, 2.389, 3.586, 4.299, 4.753, 6.119, 7.891, 9.505, 11.108, 12.59, 14.478, 16.117, 16.848, 17.204, 17.603, 17.874, 17.893, 17.93, 17.994, 17.871, 17.839, 19.272, 20.33, 20.646, 20.893, 21.243, 21.96, 22.395, 22.527, 23.515, 25.381, 26.187, 26.243, 26.25, 26.195, 26.112, 25.787, 25.612, 25.633, 26.129, 26.568, 25.789, 24.972, 25.173, 25.182, 24.812, 24.58, 24.443, 24.602, 24.862, 24.906, 24.96, 25.229, 25.523, 25.558, 25.251, 25.216], [20.223, 19.233, 18.646, 18.069, 17.059, 16.452, 16.555, 16.754, 16.73, 16.676, 16.942, 17.107, 16.604, 15.893, 15.528, 14.836, 13.792, 13.206, 12.936, 12.053, 11.075, 10.477, 9.963, 9.337, 8.11, 7.056, 6.697, 6.115, 4.695, 2.389, 0.0, 1.965, 3.276, 3.815, 5.4, 7.264, 8.961, 10.63, 12.102, 13.994, 15.656, 16.409, 16.774, 17.142, 17.354, 17.351, 17.379, 17.489, 17.393, 17.416, 18.928, 20.013, 20.352, 20.631, 21.01, 21.753, 22.207, 22.354, 23.383, 25.291, 26.113, 26.157, 26.146, 26.083, 26.006, 25.683, 25.502, 25.533, 26.043, 26.479, 25.685, 24.855, 25.051, 25.067, 24.699, 24.461, 24.319, 24.473, 24.728, 24.769, 24.821, 25.089, 25.379, 25.399, 25.076, 25.038], [20.274, 19.327, 18.736, 18.127, 17.093, 16.515, 16.654, 16.857, 16.821, 16.754, 17.006, 17.152, 16.665, 15.995, 15.638, 14.966, 13.999, 13.463, 13.2, 12.315, 11.308, 10.67, 10.142, 9.534, 8.346, 7.352, 7.022, 6.472, 5.244, 3.586, 1.965, 0.0, 1.882, 2.739, 4.583, 6.771, 8.722, 10.465, 11.939, 13.836, 15.513, 16.277, 16.654, 17.026, 17.249, 17.273, 17.283, 17.367, 17.257, 17.248, 18.755, 19.861, 20.241, 20.523, 20.866, 21.594, 22.054, 22.203, 23.237, 25.157, 25.984, 26.021, 26.007, 25.95, 25.883, 25.579, 25.405, 25.438, 25.963, 26.402, 25.623, 24.802, 24.997, 25.012, 24.645, 24.404, 24.264, 24.418, 24.668, 24.708, 24.76, 25.024, 25.324, 25.347, 25.037, 25.001], [20.58, 19.675, 19.079, 18.439, 17.396, 16.817, 16.954, 17.158, 17.109, 17.016, 17.267, 17.395, 16.909, 16.285, 15.938, 15.274, 14.31, 13.711, 13.401, 12.467, 11.366, 10.728, 10.233, 9.649, 8.481, 7.536, 7.204, 6.66, 5.56, 4.299, 3.276, 1.882, 0.0, 1.631, 4.188, 6.53, 8.665, 10.518, 12.007, 13.95, 15.66, 16.413, 16.797, 17.177, 17.391, 17.442, 17.455, 17.531, 17.418, 17.383, 18.895, 20.024, 20.434, 20.696, 20.982, 21.669, 22.125, 22.268, 23.271, 25.14, 25.945, 25.985, 25.984, 25.941, 25.88, 25.591, 25.425, 25.457, 25.988, 26.433, 25.68, 24.883, 25.082, 25.097, 24.738, 24.505, 24.371, 24.523, 24.764, 24.803, 24.856, 25.115, 25.415, 25.441, 25.145, 25.117], [20.376, 19.478, 18.898, 18.294, 17.329, 16.82, 16.989, 17.198, 17.145, 17.05, 17.299, 17.421, 16.924, 16.305, 15.952, 15.291, 14.369, 13.833, 13.541, 12.576, 11.445, 10.868, 10.427, 9.856, 8.7, 7.773, 7.47, 6.969, 5.917, 4.753, 3.815, 2.739, 1.631, 0.0, 3.095, 5.709, 7.973, 9.882, 11.42, 13.459, 15.236, 16.012, 16.408, 16.794, 16.987, 17.037, 17.062, 17.158, 17.053, 17.021, 18.577, 19.718, 20.141, 20.417, 20.725, 21.433, 21.901, 22.051, 23.085, 24.999, 25.824, 25.866, 25.86, 25.809, 25.745, 25.45, 25.281, 25.324, 25.876, 26.335, 25.585, 24.783, 24.978, 24.989, 24.625, 24.387, 24.253, 24.405, 24.643, 24.68, 24.738, 25.003, 25.304, 25.343, 25.051, 25.024], [19.756, 18.919, 18.426, 17.931, 17.141, 16.796, 17.051, 17.27, 17.216, 17.157, 17.4, 17.48, 16.971, 16.351, 15.977, 15.337, 14.539, 14.219, 14.034, 13.111, 12.043, 11.588, 11.228, 10.681, 9.557, 8.7, 8.465, 8.035, 7.085, 6.119, 5.4, 4.583, 4.188, 3.095, 0.0, 3.387, 6.273, 8.346, 10.052, 12.276, 14.136, 14.98, 15.419, 15.825, 16.061, 16.14, 16.092, 16.125, 16.028, 15.967, 17.573, 18.731, 19.168, 19.485, 19.858, 20.637, 21.124, 21.294, 22.446, 24.543, 25.451, 25.486, 25.474, 25.416, 25.345, 25.038, 24.86, 24.931, 25.571, 26.103, 25.357, 24.536, 24.741, 24.747, 24.364, 24.124, 23.986, 24.143, 24.373, 24.404, 24.474, 24.752, 25.067, 25.127, 24.851, 24.833], [19.197, 18.469, 18.111, 17.784, 17.199, 17.008, 17.336, 17.56, 17.504, 17.477, 17.738, 17.778, 17.207, 16.561, 16.185, 15.596, 14.915, 14.827, 14.852, 14.079, 13.162, 12.838, 12.562, 12.066, 11.02, 10.288, 10.133, 9.732, 8.83, 7.891, 7.264, 6.771, 6.53, 5.709, 3.387, 0.0, 3.647, 6.371, 8.435, 10.949, 12.94, 13.854, 14.354, 14.804, 15.066, 15.158, 15.072, 15.097, 15.066, 14.99, 16.681, 17.877, 18.273, 18.597, 19.042, 19.899, 20.413, 20.608, 21.875, 24.119, 25.078, 25.106, 25.111, 25.066, 24.991, 24.676, 24.495, 24.589, 25.326, 25.942, 25.199, 24.355, 24.595, 24.614, 24.211, 23.971, 23.833, 23.995, 24.211, 24.237, 24.313, 24.589, 24.908, 24.968, 24.696, 24.7], [18.528, 17.836, 17.608, 17.505, 17.199, 17.226, 17.634, 17.849, 17.788, 17.762, 17.975, 17.969, 17.333, 16.637, 16.268, 15.748, 15.237, 15.361, 15.498, 14.816, 14.089, 13.886, 13.647, 13.194, 12.27, 11.666, 11.57, 11.204, 10.382, 9.505, 8.961, 8.722, 8.665, 7.973, 6.273, 3.647, 0.0, 3.42, 6.187, 9.141, 11.302, 12.292, 12.851, 13.383, 13.727, 13.814, 13.756, 13.891, 13.953, 13.916, 15.701, 16.977, 17.344, 17.662, 18.165, 19.112, 19.663, 19.876, 21.26, 23.69, 24.724, 24.738, 24.752, 24.718, 24.649, 24.326, 24.143, 24.258, 25.049, 25.717, 24.948, 24.043, 24.305, 24.348, 23.91, 23.644, 23.5, 23.682, 23.905, 23.927, 24.012, 24.281, 24.594, 24.66, 24.393, 24.415], [18.231, 17.581, 17.48, 17.565, 17.54, 17.81, 18.291, 18.48, 18.413, 18.403, 18.559, 18.514, 17.9, 17.22, 16.857, 16.389, 16.044, 16.281, 16.375, 15.654, 14.983, 14.846, 14.63, 14.203, 13.396, 12.925, 12.87, 12.53, 11.838, 11.108, 10.63, 10.465, 10.518, 9.882, 8.346, 6.371, 3.42, 0.0, 3.518, 7.222, 9.676, 10.708, 11.278, 11.812, 12.25, 12.452, 12.44, 12.656, 12.774, 12.845, 14.758, 16.11, 16.557, 16.914, 17.407, 18.385, 18.959, 19.181, 20.641, 23.246, 24.375, 24.389, 24.416, 24.403, 24.356, 24.035, 23.853, 24.002, 24.844, 25.537, 24.751, 23.828, 24.097, 24.146, 23.687, 23.4, 23.252, 23.446, 23.665, 23.68, 23.776, 24.041, 24.337, 24.42, 24.186, 24.212], [18.226, 17.674, 17.686, 17.912, 18.131, 18.639, 19.19, 19.357, 19.28, 19.288, 19.44, 19.433, 18.892, 18.261, 17.928, 17.502, 17.274, 17.569, 17.586, 16.765, 16.016, 15.859, 15.664, 15.254, 14.535, 14.191, 14.179, 13.846, 13.249, 12.59, 12.102, 11.939, 12.007, 11.42, 10.052, 8.435, 6.187, 3.518, 0.0, 4.566, 7.684, 8.881, 9.492, 9.999, 10.431, 10.86, 11.163, 11.544, 11.674, 11.963, 14.043, 15.444, 16.005, 16.452, 16.983, 18.019, 18.63, 18.873, 20.353, 23.039, 24.249, 24.283, 24.319, 24.317, 24.279, 23.947, 23.757, 23.934, 24.813, 25.511, 24.715, 23.79, 24.064, 24.117, 23.646, 23.348, 23.204, 23.392, 23.6, 23.604, 23.704, 23.976, 24.249, 24.333, 24.134, 24.154], [18.032, 17.635, 17.788, 18.189, 18.65, 19.393, 20.032, 20.181, 20.091, 20.096, 20.235, 20.257, 19.757, 19.148, 18.863, 18.541, 18.493, 18.911, 18.949, 18.177, 17.523, 17.392, 17.202, 16.824, 16.187, 15.918, 15.939, 15.634, 15.095, 14.478, 13.994, 13.836, 13.95, 13.459, 12.276, 10.949, 9.141, 7.222, 4.566, 0.0, 3.923, 5.791, 6.665, 7.324, 8.001, 8.711, 9.424, 10.032, 10.165, 10.614, 12.763, 14.263, 14.957, 15.486, 16.173, 17.391, 18.049, 18.336, 19.891, 22.678, 23.998, 24.083, 24.13, 24.13, 24.086, 23.748, 23.556, 23.758, 24.688, 25.411, 24.622, 23.693, 23.97, 24.045, 23.566, 23.251, 23.111, 23.291, 23.493, 23.489, 23.596, 23.879, 24.139, 24.215, 24.024, 24.024], [18.143, 17.864, 18.098, 18.587, 19.158, 19.98, 20.643, 20.788, 20.699, 20.702, 20.808, 20.785, 20.3, 19.742, 19.496, 19.279, 19.373, 19.853, 19.912, 19.238, 18.757, 18.725, 18.553, 18.204, 17.651, 17.429, 17.469, 17.206, 16.703, 16.117, 15.656, 15.513, 15.66, 15.236, 14.136, 12.94, 11.302, 9.676, 7.684, 3.923, 0.0, 2.629, 3.99, 4.974, 6.254, 7.251, 8.088, 8.865, 9.056, 9.448, 11.538, 13.199, 14.037, 14.612, 15.425, 16.764, 17.448, 17.756, 19.342, 22.187, 23.571, 23.697, 23.772, 23.784, 23.742, 23.429, 23.251, 23.468, 24.45, 25.209, 24.454, 23.557, 23.825, 23.915, 23.463, 23.157, 23.023, 23.197, 23.392, 23.383, 23.493, 23.771, 24.022, 24.096, 23.918, 23.903], [18.501, 18.276, 18.526, 19.007, 19.575, 20.375, 21.02, 21.175, 21.106, 21.11, 21.205, 21.163, 20.688, 20.17, 19.943, 19.755, 19.883, 20.331, 20.346, 19.669, 19.212, 19.218, 19.067, 18.739, 18.236, 18.045, 18.089, 17.847, 17.393, 16.848, 16.409, 16.277, 16.413, 16.012, 14.98, 13.854, 12.292, 10.708, 8.881, 5.791, 2.629, 0.0, 1.857, 3.352, 5.105, 6.372, 7.413, 8.436, 8.695, 9.079, 11.193, 12.971, 13.941, 14.552, 15.344, 16.645, 17.323, 17.615, 19.133, 21.943, 23.325, 23.463, 23.552, 23.58, 23.546, 23.252, 23.082, 23.298, 24.292, 25.066, 24.334, 23.472, 23.752, 23.853, 23.432, 23.157, 23.034, 23.195, 23.377, 23.368, 23.477, 23.736, 23.974, 24.046, 23.888, 23.872], [18.882, 18.682, 18.916, 19.367, 19.908, 20.664, 21.279, 21.436, 21.394, 21.408, 21.494, 21.461, 21.009, 20.52, 20.308, 20.125, 20.244, 20.653, 20.631, 19.946, 19.485, 19.489, 19.339, 19.018, 18.538, 18.359, 18.396, 18.159, 17.728, 17.204, 16.774, 16.654, 16.797, 16.408, 15.419, 14.354, 12.851, 11.278, 9.492, 6.665, 3.99, 1.857, 0.0, 2.134, 4.349, 5.735, 6.941, 8.2, 8.517, 8.966, 11.185, 13.036, 14.089, 14.749, 15.531, 16.777, 17.444, 17.728, 19.178, 21.916, 23.275, 23.422, 23.516, 23.546, 23.519, 23.232, 23.067, 23.278, 24.255, 25.022, 24.303, 23.468, 23.754, 23.863, 23.46, 23.203, 23.088, 23.233, 23.411, 23.407, 23.514, 23.76, 23.982, 24.05, 23.9, 23.887], [19.411, 19.213, 19.412, 19.818, 20.3, 20.985, 21.564, 21.713, 21.683, 21.731, 21.831, 21.808, 21.399, 20.935, 20.728, 20.569, 20.715, 21.121, 21.093, 20.436, 19.983, 19.975, 19.816, 19.495, 19.011, 18.813, 18.832, 18.585, 18.148, 17.603, 17.142, 17.026, 17.177, 16.794, 15.825, 14.804, 13.383, 11.812, 9.999, 7.324, 4.974, 3.352, 2.134, 0.0, 2.867, 4.74, 6.193, 7.833, 8.284, 8.947, 11.315, 13.203, 14.345, 15.06, 15.853, 17.087, 17.761, 18.056, 19.504, 22.197, 23.519, 23.683, 23.788, 23.811, 23.784, 23.509, 23.35, 23.564, 24.524, 25.276, 24.573, 23.764, 24.046, 24.158, 23.77, 23.516, 23.397, 23.534, 23.714, 23.712, 23.815, 24.056, 24.265, 24.31, 24.16, 24.142], [19.959, 19.721, 19.837, 20.176, 20.569, 21.179, 21.738, 21.899, 21.878, 21.937, 22.072, 22.09, 21.716, 21.268, 21.064, 20.924, 21.105, 21.559, 21.589, 20.956, 20.456, 20.4, 20.24, 19.931, 19.435, 19.206, 19.21, 18.943, 18.48, 17.874, 17.354, 17.249, 17.391, 16.987, 16.061, 15.066, 13.727, 12.25, 10.431, 8.001, 6.254, 5.105, 4.349, 2.867, 0.0, 2.924, 5.501, 7.779, 8.4, 9.398, 11.998, 13.787, 14.878, 15.691, 16.601, 17.874, 18.566, 18.869, 20.371, 23.066, 24.342, 24.505, 24.593, 24.586, 24.55, 24.27, 24.095, 24.301, 25.223, 25.937, 25.208, 24.37, 24.643, 24.752, 24.364, 24.101, 23.972, 24.103, 24.293, 24.293, 24.385, 24.639, 24.831, 24.854, 24.687, 24.642], [19.808, 19.508, 19.575, 19.898, 20.275, 20.889, 21.457, 21.629, 21.621, 21.695, 21.866, 21.938, 21.578, 21.116, 20.904, 20.764, 20.983, 21.521, 21.649, 21.105, 20.657, 20.584, 20.402, 20.085, 19.574, 19.324, 19.323, 19.04, 18.543, 17.893, 17.351, 17.273, 17.442, 17.037, 16.14, 15.158, 13.814, 12.452, 10.86, 8.711, 7.251, 6.372, 5.735, 4.74, 2.924, 0.0, 3.716, 6.841, 7.626, 8.775, 11.67, 13.537, 14.495, 15.248, 16.261, 17.636, 18.367, 18.691, 20.303, 23.102, 24.394, 24.543, 24.609, 24.583, 24.535, 24.236, 24.048, 24.252, 25.189, 25.918, 25.174, 24.301, 24.55, 24.66, 24.285, 24.017, 23.877, 24.025, 24.231, 24.232, 24.319, 24.583, 24.773, 24.808, 24.647, 24.594], [19.317, 18.99, 19.082, 19.44, 19.857, 20.529, 21.108, 21.267, 21.255, 21.349, 21.558, 21.643, 21.295, 20.854, 20.62, 20.459, 20.703, 21.311, 21.508, 21.053, 20.701, 20.67, 20.473, 20.136, 19.623, 19.375, 19.372, 19.085, 18.576, 17.93, 17.379, 17.283, 17.455, 17.062, 16.092, 15.072, 13.756, 12.44, 11.163, 9.424, 8.088, 7.413, 6.941, 6.193, 5.501, 3.716, 0.0, 3.971, 5.173, 6.44, 9.858, 12.017, 13.024, 13.745, 14.872, 16.388, 17.177, 17.551, 19.341, 22.332, 23.684, 23.835, 23.915, 23.911, 23.871, 23.583, 23.409, 23.641, 24.674, 25.459, 24.737, 23.893, 24.124, 24.218, 23.865, 23.613, 23.471, 23.632, 23.838, 23.84, 23.933, 24.197, 24.415, 24.482, 24.321, 24.273], [18.659, 18.336, 18.5, 18.929, 19.456, 20.267, 20.893, 21.043, 21.007, 21.092, 21.323, 21.392, 21.024, 20.609, 20.356, 20.153, 20.424, 21.103, 21.322, 20.849, 20.495, 20.486, 20.3, 19.957, 19.494, 19.319, 19.338, 19.056, 18.567, 17.994, 17.489, 17.367, 17.531, 17.158, 16.125, 15.097, 13.891, 12.656, 11.544, 10.032, 8.865, 8.436, 8.2, 7.833, 7.779, 6.841, 3.971, 0.0, 2.018, 3.67, 7.47, 9.939, 11.094, 11.99, 13.439, 15.191, 16.036, 16.437, 18.362, 21.545, 22.981, 23.135, 23.227, 23.244, 23.217, 22.947, 22.784, 23.029, 24.147, 24.978, 24.264, 23.45, 23.676, 23.74, 23.391, 23.149, 23.009, 23.187, 23.395, 23.4, 23.505, 23.788, 24.046, 24.16, 23.989, 23.947], [18.447, 18.111, 18.299, 18.738, 19.276, 20.104, 20.742, 20.898, 20.859, 20.937, 21.17, 21.24, 20.869, 20.457, 20.212, 19.987, 20.238, 20.923, 21.131, 20.627, 20.245, 20.226, 20.042, 19.706, 19.27, 19.129, 19.158, 18.886, 18.413, 17.871, 17.393, 17.257, 17.418, 17.053, 16.028, 15.066, 13.953, 12.774, 11.674, 10.165, 9.056, 8.695, 8.517, 8.284, 8.4, 7.626, 5.173, 2.018, 0.0, 3.003, 7.206, 9.599, 10.728, 11.677, 13.194, 14.98, 15.822, 16.206, 18.085, 21.267, 22.726, 22.878, 22.969, 22.985, 22.948, 22.679, 22.521, 22.754, 23.876, 24.716, 24.013, 23.211, 23.434, 23.495, 23.15, 22.914, 22.778, 22.953, 23.162, 23.171, 23.277, 23.568, 23.848, 23.983, 23.809, 23.771], [18.303, 17.966, 18.16, 18.611, 19.193, 20.089, 20.761, 20.916, 20.872, 20.934, 21.141, 21.185, 20.782, 20.363, 20.123, 19.921, 20.192, 20.856, 21.053, 20.542, 20.148, 20.136, 19.956, 19.608, 19.158, 19.022, 19.064, 18.796, 18.326, 17.839, 17.416, 17.248, 17.383, 17.021, 15.967, 14.99, 13.916, 12.845, 11.963, 10.614, 9.448, 9.079, 8.966, 8.947, 9.398, 8.775, 6.44, 3.67, 3.003, 0.0, 5.421, 8.549, 9.775, 10.695, 12.321, 14.243, 15.135, 15.556, 17.544, 20.833, 22.313, 22.477, 22.61, 22.649, 22.615, 22.372, 22.235, 22.479, 23.649, 24.516, 23.815, 23.016, 23.227, 23.272, 22.925, 22.687, 22.555, 22.752, 22.962, 22.964, 23.08, 23.368, 23.661, 23.839, 23.699, 23.67], [18.102, 17.877, 18.211, 18.778, 19.548, 20.638, 21.347, 21.47, 21.406, 21.455, 21.629, 21.655, 21.219, 20.79, 20.541, 20.417, 20.919, 21.727, 21.935, 21.479, 21.196, 21.247, 21.088, 20.741, 20.341, 20.269, 20.336, 20.078, 19.65, 19.272, 18.928, 18.755, 18.895, 18.577, 17.573, 16.681, 15.701, 14.758, 14.043, 12.763, 11.538, 11.193, 11.185, 11.315, 11.998, 11.67, 9.858, 7.47, 7.206, 5.421, 0.0, 4.75, 6.951, 7.873, 10.011, 12.421, 13.362, 13.84, 16.042, 19.579, 21.194, 21.402, 21.578, 21.646, 21.625, 21.431, 21.322, 21.578, 22.843, 23.785, 23.109, 22.338, 22.538, 22.551, 22.226, 22.019, 21.89, 22.104, 22.283, 22.273, 22.406, 22.717, 23.015, 23.234, 23.201, 23.195], [17.677, 17.542, 18.032, 18.74, 19.635, 20.806, 21.519, 21.626, 21.543, 21.579, 21.772, 21.8, 21.361, 20.945, 20.704, 20.629, 21.279, 22.293, 22.639, 22.25, 22.031, 22.117, 21.972, 21.637, 21.286, 21.26, 21.343, 21.095, 20.681, 20.33, 20.013, 19.861, 20.024, 19.718, 18.731, 17.877, 16.977, 16.11, 15.444, 14.263, 13.199, 12.971, 13.036, 13.203, 13.787, 13.537, 12.017, 9.939, 9.599, 8.549, 4.75, 0.0, 3.573, 5.461, 8.55, 11.362, 12.295, 12.828, 15.102, 18.677, 20.344, 20.556, 20.746, 20.825, 20.798, 20.608, 20.512, 20.791, 22.106, 23.078, 22.416, 21.675, 21.888, 21.887, 21.578, 21.407, 21.283, 21.499, 21.676, 21.668, 21.814, 22.173, 22.523, 22.724, 22.705, 22.807], [17.096, 16.945, 17.482, 18.3, 19.305, 20.559, 21.299, 21.406, 21.311, 21.349, 21.568, 21.598, 21.13, 20.695, 20.461, 20.396, 21.111, 22.27, 22.745, 22.421, 22.252, 22.362, 22.225, 21.903, 21.573, 21.575, 21.669, 21.421, 21.0, 20.646, 20.352, 20.241, 20.434, 20.141, 19.168, 18.273, 17.344, 16.557, 16.005, 14.957, 14.037, 13.941, 14.089, 14.345, 14.878, 14.495, 13.024, 11.094, 10.728, 9.775, 6.951, 3.573, 0.0, 3.513, 8.048, 11.211, 12.166, 12.747, 15.162, 18.824, 20.497, 20.673, 20.841, 20.916, 20.868, 20.614, 20.494, 20.789, 22.115, 23.083, 22.385, 21.597, 21.796, 21.775, 21.456, 21.279, 21.155, 21.387, 21.582, 21.577, 21.722, 22.096, 22.487, 22.741, 22.673, 22.791], [16.937, 16.811, 17.361, 18.188, 19.231, 20.534, 21.283, 21.379, 21.282, 21.322, 21.52, 21.549, 21.086, 20.652, 20.426, 20.383, 21.137, 22.308, 22.777, 22.485, 22.379, 22.537, 22.415, 22.099, 21.765, 21.768, 21.865, 21.613, 21.207, 20.893, 20.631, 20.523, 20.696, 20.417, 19.485, 18.597, 17.662, 16.914, 16.452, 15.486, 14.612, 14.552, 14.749, 15.06, 15.691, 15.248, 13.745, 11.99, 11.677, 10.695, 7.873, 5.461, 3.513, 0.0, 5.526, 9.351, 10.508, 11.195, 13.901, 17.857, 19.624, 19.825, 20.055, 20.172, 20.095, 19.794, 19.67, 19.972, 21.371, 22.396, 21.71, 20.92, 21.087, 21.061, 20.766, 20.598, 20.484, 20.731, 20.898, 20.893, 21.051, 21.416, 21.828, 22.166, 22.198, 22.318], [17.515, 17.486, 18.039, 18.774, 19.727, 20.963, 21.672, 21.752, 21.657, 21.7, 21.833, 21.838, 21.427, 21.037, 20.827, 20.794, 21.508, 22.56, 22.926, 22.64, 22.569, 22.757, 22.653, 22.339, 21.999, 21.986, 22.083, 21.841, 21.485, 21.243, 21.01, 20.866, 20.982, 20.725, 19.858, 19.042, 18.165, 17.407, 16.983, 16.173, 15.425, 15.344, 15.531, 15.853, 16.601, 16.261, 14.872, 13.439, 13.194, 12.321, 10.011, 8.55, 8.048, 5.526, 0.0, 4.661, 6.481, 7.375, 10.525, 14.989, 16.893, 17.175, 17.61, 17.895, 17.883, 17.623, 17.55, 17.899, 19.48, 20.648, 20.064, 19.403, 19.59, 19.624, 19.397, 19.262, 19.175, 19.417, 19.54, 19.548, 19.723, 20.038, 20.456, 20.84, 21.031, 21.233], [18.766, 18.808, 19.326, 19.937, 20.745, 21.827, 22.459, 22.533, 22.45, 22.493, 22.588, 22.57, 22.212, 21.87, 21.671, 21.622, 22.238, 23.138, 23.401, 23.128, 23.098, 23.306, 23.219, 22.92, 22.603, 22.587, 22.678, 22.46, 22.154, 21.96, 21.753, 21.594, 21.669, 21.433, 20.637, 19.899, 19.112, 18.385, 18.019, 17.391, 16.764, 16.645, 16.777, 17.087, 17.874, 17.636, 16.388, 15.191, 14.98, 14.243, 12.421, 11.362, 11.211, 9.351, 4.661, 0.0, 2.593, 3.876, 7.422, 12.224, 14.242, 14.665, 15.303, 15.796, 15.94, 15.783, 15.778, 16.178, 17.872, 19.146, 18.706, 18.218, 18.452, 18.573, 18.442, 18.363, 18.3, 18.494, 18.569, 18.597, 18.775, 19.021, 19.418, 19.822, 20.131, 20.442], [19.278, 19.325, 19.839, 20.44, 21.218, 22.246, 22.848, 22.92, 22.843, 22.883, 22.965, 22.938, 22.593, 22.26, 22.061, 22.014, 22.608, 23.466, 23.698, 23.436, 23.439, 23.667, 23.588, 23.298, 23.0, 22.991, 23.076, 22.865, 22.574, 22.395, 22.207, 22.054, 22.125, 21.901, 21.124, 20.413, 19.663, 18.959, 18.63, 18.049, 17.448, 17.323, 17.444, 17.761, 18.566, 18.367, 17.177, 16.036, 15.822, 15.135, 13.362, 12.295, 12.166, 10.508, 6.481, 2.593, 0.0, 2.129, 6.272, 11.186, 13.329, 13.832, 14.485, 15.008, 15.185, 15.057, 15.071, 15.488, 17.224, 18.534, 18.146, 17.718, 17.968, 18.112, 18.008, 17.963, 17.91, 18.066, 18.109, 18.141, 18.323, 18.555, 18.95, 19.364, 19.735, 20.101], [19.427, 19.473, 19.973, 20.553, 21.317, 22.334, 22.922, 22.986, 22.909, 22.949, 23.02, 22.984, 22.657, 22.338, 22.136, 22.084, 22.67, 23.517, 23.736, 23.468, 23.475, 23.706, 23.632, 23.357, 23.083, 23.079, 23.162, 22.961, 22.687, 22.527, 22.354, 22.203, 22.268, 22.051, 21.294, 20.608, 19.876, 19.181, 18.873, 18.336, 17.756, 17.615, 17.728, 18.056, 18.869, 18.691, 17.551, 16.437, 16.206, 15.556, 13.84, 12.828, 12.747, 11.195, 7.375, 3.876, 2.129, 0.0, 4.784, 10.188, 12.491, 13.016, 13.701, 14.248, 14.438, 14.348, 14.384, 14.811, 16.624, 18.008, 17.676, 17.306, 17.575, 17.735, 17.654, 17.63, 17.59, 17.742, 17.778, 17.816, 18.004, 18.232, 18.64, 19.082, 19.468, 19.839], [20.736, 20.887, 21.381, 21.862, 22.514, 23.363, 23.818, 23.847, 23.775, 23.816, 23.862, 23.82, 23.571, 23.324, 23.148, 23.074, 23.555, 24.254, 24.376, 24.13, 24.181, 24.418, 24.345, 24.109, 23.918, 23.937, 24.009, 23.849, 23.63, 23.515, 23.383, 23.237, 23.271, 23.085, 22.446, 21.875, 21.26, 20.641, 20.353, 19.891, 19.342, 19.133, 19.178, 19.504, 20.371, 20.303, 19.341, 18.362, 18.085, 17.544, 16.042, 15.102, 15.162, 13.901, 10.525, 7.422, 6.272, 4.784, 0.0, 6.169, 9.015, 9.82, 10.83, 11.657, 12.029, 12.139, 12.303, 12.8, 14.764, 16.257, 16.201, 16.184, 16.5, 16.751, 16.856, 16.965, 17.009, 17.094, 17.044, 17.092, 17.282, 17.438, 17.819, 18.297, 18.776, 19.19], [23.275, 23.551, 23.991, 24.311, 24.762, 25.313, 25.573, 25.576, 25.529, 25.559, 25.569, 25.527, 25.363, 25.216, 25.103, 25.026, 25.371, 25.851, 25.859, 25.686, 25.814, 26.033, 25.954, 25.76, 25.656, 25.687, 25.73, 25.612, 25.452, 25.381, 25.291, 25.157, 25.14, 24.999, 24.543, 24.119, 23.69, 23.246, 23.039, 22.678, 22.187, 21.943, 21.916, 22.197, 23.066, 23.102, 22.332, 21.545, 21.267, 20.833, 19.579, 18.677, 18.824, 17.857, 14.989, 12.224, 11.186, 10.188, 6.169, 0.0, 3.836, 6.025, 7.807, 9.07, 9.705, 10.232, 10.673, 11.269, 13.338, 14.836, 15.22, 15.8, 16.154, 16.521, 16.867, 17.119, 17.25