[[0.0, 3.866, 5.872, 8.458, 11.441, 12.217, 14.006, 18.965, 22.921, 26.492, 30.936, 32.164, 31.59, 31.222, 31.531, 32.07, 32.029, 32.147, 31.982, 31.843, 31.758, 31.042, 30.664, 30.259, 29.744, 30.196, 30.437, 30.208, 30.479, 30.777, 30.42, 29.714, 30.725, 31.91, 29.963, 27.511, 25.949, 24.207, 22.216, 21.679, 21.585, 20.593, 20.018, 19.881, 20.064, 20.279, 20.494, 20.951, 21.239, 20.832, 19.985, 20.095, 20.118, 19.714, 19.737, 19.873, 19.76, 19.921, 19.839, 19.514, 19.98, 20.352, 20.338, 20.528, 20.572, 20.193, 19.863, 20.31, 21.491, 22.151, 22.075, 21.943, 21.86, 21.897, 22.04, 23.398, 25.004, 25.532, 25.288, 25.591, 26.492, 26.226, 25.437, 25.781, 25.79, 25.264], [3.866, 0.0, 2.35, 5.347, 8.661, 9.574, 11.519, 16.714, 20.831, 24.591, 29.342, 30.674, 30.08, 29.695, 30.004, 30.604, 30.606, 30.803, 30.682, 30.514, 30.449, 29.751, 29.352, 28.912, 28.405, 28.879, 29.116, 28.857, 29.112, 29.418, 29.104, 28.437, 29.532, 30.874, 29.121, 26.841, 25.395, 23.775, 21.95, 21.463, 21.34, 20.416, 20.011, 20.038, 20.314, 20.524, 20.751, 21.268, 21.532, 21.134, 20.314, 20.409, 20.436, 20.017, 19.981, 20.058, 19.995, 20.187, 20.09, 19.749, 20.149, 20.481, 20.54, 20.838, 20.862, 20.445, 20.128, 20.517, 21.616, 22.254, 22.204, 22.087, 22.009, 22.057, 22.189, 23.479, 25.01, 25.486, 25.221, 25.511, 26.438, 26.221, 25.384, 25.668, 25.721, 25.264], [5.872, 2.35, 0.0, 3.282, 6.974, 8.033, 10.079, 15.473, 19.674, 23.482, 28.38, 29.777, 29.178, 28.784, 29.097, 29.747, 29.772, 30.016, 29.918, 29.744, 29.707, 29.024, 28.615, 28.166, 27.669, 28.143, 28.378, 28.113, 28.363, 28.676, 28.397, 27.756, 28.884, 30.285, 28.61, 26.432, 25.084, 23.575, 21.865, 21.405, 21.271, 20.382, 20.053, 20.157, 20.473, 20.678, 20.906, 21.43, 21.681, 21.291, 20.481, 20.566, 20.59, 20.155, 20.085, 20.153, 20.125, 20.329, 20.229, 19.884, 20.246, 20.555, 20.644, 20.988, 21.003, 20.577, 20.276, 20.634, 21.68, 22.316, 22.287, 22.179, 22.106, 22.158, 22.297, 23.551, 25.031, 25.48, 25.213, 25.498, 26.431, 26.244, 25.388, 25.647, 25.727, 25.295], [8.458, 5.347, 3.282, 0.0, 4.121, 5.504, 7.649, 13.338, 17.722, 21.633, 26.75, 28.257, 27.652, 27.23, 27.55, 28.285, 28.363, 28.68, 28.622, 28.458, 28.474, 27.819, 27.392, 26.92, 26.443, 26.923, 27.137, 26.855, 27.098, 27.415, 27.182, 26.604, 27.783, 29.276, 27.71, 25.648, 24.433, 23.145, 21.718, 21.321, 21.18, 20.414, 20.24, 20.464, 20.839, 21.024, 21.248, 21.777, 21.998, 21.633, 20.869, 20.927, 20.945, 20.508, 20.392, 20.462, 20.484, 20.696, 20.593, 20.233, 20.551, 20.867, 20.998, 21.394, 21.391, 20.95, 20.689, 20.97, 21.893, 22.493, 22.482, 22.384, 22.318, 22.382, 22.527, 23.7, 25.093, 25.535, 25.287, 25.561, 26.499, 26.367, 25.499, 25.717, 25.842, 25.47], [11.441, 8.661, 6.974, 4.121, 0.0, 2.157, 4.578, 10.255, 14.81, 18.948, 24.368, 26.008, 25.395, 24.903, 25.202, 26.021, 26.194, 26.593, 26.578, 26.453, 26.546, 25.917, 25.446, 24.937, 24.495, 24.979, 25.127, 24.805, 25.045, 25.367, 25.181, 24.696, 25.961, 27.534, 26.079, 24.156, 23.086, 22.099, 21.196, 20.955, 20.802, 20.355, 20.51, 20.924, 21.413, 21.587, 21.785, 22.353, 22.539, 22.218, 21.565, 21.559, 21.58, 21.171, 20.975, 21.018, 21.1, 21.303, 21.197, 20.83, 21.134, 21.539, 21.728, 22.175, 22.156, 21.707, 21.506, 21.664, 22.369, 22.854, 22.85, 22.756, 22.691, 22.771, 22.891, 23.886, 25.172, 25.673, 25.491, 25.759, 26.672, 26.579, 25.74, 25.919, 26.073, 25.812], [12.217, 9.574, 8.033, 5.504, 2.157, 0.0, 3.3, 9.441, 14.109, 18.347, 23.887, 25.558, 24.944, 24.418, 24.692, 25.555, 25.803, 26.228, 26.224, 26.115, 26.207, 25.57, 25.1, 24.621, 24.191, 24.653, 24.767, 24.428, 24.669, 25.009, 24.877, 24.427, 25.718, 27.286, 25.827, 23.931, 22.871, 21.898, 21.121, 20.972, 20.816, 20.479, 20.749, 21.207, 21.713, 21.892, 22.088, 22.674, 22.847, 22.526, 21.912, 21.9, 21.928, 21.548, 21.38, 21.437, 21.499, 21.649, 21.538, 21.174, 21.449, 21.864, 22.059, 22.494, 22.462, 21.999, 21.808, 21.955, 22.576, 23.005, 23.0, 22.916, 22.863, 22.936, 23.001, 23.912, 25.167, 25.696, 25.543, 25.8, 26.695, 26.612, 25.779, 25.936, 26.079, 25.854], [14.006, 11.519, 10.079, 7.649, 4.578, 3.3, 0.0, 6.888, 12.016, 16.652, 22.509, 24.272, 23.655, 23.106, 23.39, 24.33, 24.643, 25.1, 25.123, 25.082, 25.237, 24.635, 24.183, 23.715, 23.32, 23.79, 23.849, 23.481, 23.745, 24.13, 24.07, 23.715, 25.019, 26.593, 25.244, 23.468, 22.514, 21.731, 21.215, 21.099, 20.961, 20.84, 21.242, 21.726, 22.238, 22.397, 22.573, 23.142, 23.277, 22.985, 22.466, 22.431, 22.447, 22.106, 21.967, 22.076, 22.153, 22.244, 22.116, 21.737, 21.982, 22.435, 22.633, 23.054, 22.996, 22.533, 22.39, 22.458, 22.939, 23.298, 23.301, 23.223, 23.175, 23.25, 23.277, 24.058, 25.223, 25.78, 25.676, 25.917, 26.78, 26.714, 25.906, 26.026, 26.177, 26.041], [18.965, 16.714, 15.473, 13.338, 10.255, 9.441, 6.888, 0.0, 5.794, 11.586, 18.172, 20.137, 19.533, 18.883, 19.143, 20.166, 20.625, 21.158, 21.235, 21.366, 21.735, 21.265, 20.81, 20.313, 20.079, 20.554, 20.401, 19.966, 20.263, 20.705, 20.724, 20.559, 21.843, 23.376, 22.47, 21.283, 20.796, 20.728, 21.278, 21.389, 21.288, 21.948, 22.895, 23.572, 24.187, 24.29, 24.38, 24.95, 25.022, 24.861, 24.614, 24.472, 24.461, 24.185, 23.939, 23.988, 24.155, 24.234, 24.097, 23.751, 24.019, 24.64, 24.9, 25.358, 25.302, 24.906, 24.889, 24.721, 24.804, 24.923, 24.928, 24.867, 24.826, 24.933, 24.903, 25.274, 26.119, 26.752, 26.816, 27.047, 27.752, 27.665, 27.019, 27.138, 27.319, 27.397], [22.921, 20.831, 19.674, 17.722, 14.81, 14.109, 12.016, 5.794, 0.0, 6.694, 13.892, 16.085, 15.563, 14.929, 15.243, 16.353, 16.906, 17.528, 17.714, 17.987, 18.555, 18.264, 17.888, 17.407, 17.28, 17.708, 17.39, 16.953, 17.291, 17.8, 17.929, 17.947, 19.07, 20.526, 20.268, 19.888, 19.997, 20.657, 22.125, 22.509, 22.509, 23.77, 25.118, 25.904, 26.525, 26.576, 26.597, 27.085, 27.1, 27.051, 27.007, 26.815, 26.782, 26.564, 26.282, 26.251, 26.42, 26.504, 26.389, 26.08, 26.268, 26.882, 27.147, 27.588, 27.547, 27.24, 27.303, 26.983, 26.772, 26.705, 26.711, 26.698, 26.695, 26.818, 26.75, 26.803, 27.298, 27.896, 28.062, 28.265, 28.795, 28.706, 28.209, 28.305, 28.505, 28.72], [26.492, 24.591, 23.482, 21.633, 18.948, 18.347, 16.652, 11.586, 6.694, 0.0, 7.823, 10.454, 10.119, 9.864, 10.443, 12.137, 13.026, 13.849, 14.282, 14.507, 15.172, 15.163, 15.12, 14.902, 14.8, 15.081, 14.829, 14.616, 15.038, 15.65, 15.998, 16.253, 17.058, 18.526, 19.322, 19.945, 20.736, 22.09, 24.209, 24.868, 25.029, 26.57, 28.008, 28.746, 29.274, 29.272, 29.218, 29.494, 29.436, 29.474, 29.592, 29.397, 29.333, 29.176, 28.909, 28.854, 28.973, 28.991, 28.913, 28.624, 28.628, 29.117, 29.333, 29.701, 29.671, 29.44, 29.564, 29.134, 28.648, 28.424, 28.439, 28.486, 28.537, 28.646, 28.506, 28.292, 28.413, 28.89, 29.109, 29.256, 29.598, 29.563, 29.212, 29.227, 29.434, 29.761], [30.936, 29.342, 28.38, 26.75, 24.368, 23.887, 22.509, 18.172, 13.892, 7.823, 0.0, 3.326, 3.714, 4.719, 5.794, 8.522, 10.345, 11.388, 12.064, 12.097, 12.815, 13.312, 13.727, 13.993, 14.143, 14.102, 13.865, 14.036, 14.471, 15.01, 15.532, 16.112, 16.385, 17.617, 19.699, 21.442, 22.902, 24.901, 27.622, 28.509, 28.753, 30.46, 31.864, 32.506, 32.99, 32.968, 32.802, 32.879, 32.772, 32.926, 33.233, 32.99, 32.901, 32.81, 32.483, 32.368, 32.469, 32.414, 32.355, 32.139, 32.048, 32.484, 32.67, 32.975, 32.964, 32.809, 32.999, 32.453, 31.688, 31.305, 31.33, 31.427, 31.517, 31.629, 31.48, 31.001, 30.725, 31.073, 31.362, 31.464, 31.551, 31.533, 31.422, 31.402, 31.589, 32.021], [32.164, 30.674, 29.777, 28.257, 26.008, 25.558, 24.272, 20.137, 16.085, 10.454, 3.326, 0.0, 1.907, 3.939, 5.159, 8.212, 10.428, 11.497, 12.141, 12.099, 12.813, 13.451, 13.949, 14.366, 14.654, 14.518, 14.229, 14.491, 14.935, 15.429, 15.942, 16.552, 16.687, 17.795, 20.143, 22.147, 23.739, 25.836, 28.665, 29.599, 29.853, 31.579, 32.96, 33.578, 34.072, 34.068, 33.887, 33.922, 33.81, 33.995, 34.33, 34.067, 33.978, 33.898, 33.536, 33.383, 33.482, 33.417, 33.362, 33.152, 33.025, 33.445, 33.627, 33.927, 33.924, 33.791, 33.992, 33.424, 32.607, 32.184, 32.211, 32.319, 32.42, 32.532, 32.37, 31.816, 31.442, 31.749, 32.059, 32.154, 32.148, 32.107, 32.088, 32.101, 32.282, 32.724], [31.59, 30.08, 29.178, 27.652, 25.395, 24.944, 23.655, 19.533, 15.563, 10.119, 3.714, 1.907, 0.0, 2.557, 4.24, 7.633, 9.949, 11.081, 11.734, 11.74, 12.517, 13.128, 13.552, 13.922, 14.214, 14.115, 13.87, 14.123, 14.533, 15.002, 15.5, 16.099, 16.323, 17.509, 19.788, 21.739, 23.29, 25.32, 28.086, 29.009, 29.252, 30.931, 32.291, 32.922, 33.441, 33.448, 33.277, 33.32, 33.21, 33.391, 33.723, 33.468, 33.379, 33.293, 32.924, 32.776, 32.88, 32.824, 32.774, 32.574, 32.494, 32.949, 33.132, 33.427, 33.425, 33.285, 33.482, 32.935, 32.156, 31.756, 31.783, 31.875, 31.959, 32.072, 31.946, 31.451, 31.1, 31.395, 31.693, 31.794, 31.816, 31.774, 31.739, 31.759, 31.932, 32.355], [31.222, 29.695, 28.784, 27.23, 24.903, 24.418, 23.106, 18.883, 14.929, 9.864, 4.719, 3.939, 2.557, 0.0, 2.874, 6.748, 9.3, 10.591, 11.217, 11.421, 12.402, 12.952, 13.172, 13.479, 13.914, 13.877, 13.523, 13.706, 14.057, 14.419, 14.862, 15.481, 15.855, 17.106, 19.235, 21.155, 22.693, 24.703, 27.507, 28.449, 28.677, 30.384, 31.786, 32.455, 33.021, 33.035, 32.87, 32.957, 32.86, 33.04, 33.379, 33.124, 33.038, 32.944, 32.555, 32.402, 32.504, 32.454, 32.404, 32.218, 32.192, 32.698, 32.891, 33.193, 33.187, 33.037, 33.233, 32.684, 31.919, 31.534, 31.566, 31.645, 31.709, 31.835, 31.767, 31.352, 31.085, 31.429, 31.733, 31.848, 31.905, 31.849, 31.805, 31.844, 32.007, 32.403], [31.531, 30.004, 29.097, 27.55, 25.202, 24.692, 23.39, 19.143, 15.243, 10.443, 5.794, 5.159, 4.24, 2.874, 0.0, 4.94, 8.312, 9.785, 10.4, 10.65, 11.73, 12.322, 12.526, 12.964, 13.482, 13.33, 13.016, 13.275, 13.625, 14.005, 14.507, 15.169, 15.683, 17.046, 19.154, 21.096, 22.634, 24.636, 27.512, 28.494, 28.743, 30.546, 32.014, 32.712, 33.289, 33.305, 33.136, 33.244, 33.168, 33.362, 33.695, 33.408, 33.325, 33.236, 32.835, 32.677, 32.769, 32.702, 32.651, 32.45, 32.396, 32.905, 33.114, 33.43, 33.412, 33.257, 33.462, 32.884, 32.054, 31.629, 31.664, 31.746, 31.822, 31.953, 31.872, 31.448, 31.247, 31.653, 31.98, 32.105, 32.151, 32.083, 32.065, 32.114, 32.293, 32.725], [32.07, 30.604, 29.747, 28.285, 26.021, 25.555, 24.33, 20.166, 16.353, 12.137, 8.522, 8.212, 7.633, 6.748, 4.94, 0.0, 4.488, 6.665, 7.49, 8.162, 9.777, 10.557, 10.715, 11.186, 11.923, 11.773, 11.585, 12.013, 12.299, 12.687, 13.163, 13.791, 14.245, 15.674, 18.029, 20.198, 21.867, 23.996, 27.081, 28.128, 28.398, 30.377, 32.0, 32.773, 33.407, 33.442, 33.265, 33.408, 33.362, 33.588, 33.939, 33.61, 33.526, 33.473, 33.087, 32.93, 33.02, 32.98, 32.935, 32.713, 32.663, 33.19, 33.379, 33.672, 33.643, 33.508, 33.726, 33.116, 32.271, 31.846, 31.888, 31.954, 32.014, 32.169, 32.196, 31.89, 31.769, 32.22, 32.558, 32.713, 32.754, 32.656, 32.639, 32.7, 32.904, 33.364], [32.029, 30.606, 29.772, 28.363, 26.194, 25.803, 24.643, 20.625, 16.906, 13.026, 10.345, 10.428, 9.949, 9.3, 8.312, 4.488, 0.0, 3.206, 4.625, 5.861, 8.1, 9.014, 9.112, 9.383, 10.156, 10.244, 10.259, 10.774, 11.01, 11.412, 11.879, 12.483, 12.792, 14.246, 16.842, 19.18, 20.961, 23.18, 26.319, 27.365, 27.635, 29.654, 31.344, 32.163, 32.841, 32.899, 32.71, 32.874, 32.859, 33.102, 33.446, 33.102, 33.017, 32.969, 32.587, 32.454, 32.563, 32.56, 32.534, 32.321, 32.32, 32.888, 33.054, 33.322, 33.292, 33.182, 33.417, 32.801, 32.003, 31.621, 31.666, 31.701, 31.72, 31.889, 32.031, 31.885, 31.831, 32.283, 32.604, 32.772, 32.844, 32.754, 32.712, 32.768, 32.983, 33.436], [32.147, 30.803, 30.016, 28.68, 26.593, 26.228, 25.1, 21.158, 17.528, 13.849, 11.388, 11.497, 11.081, 10.591, 9.785, 6.665, 3.206, 0.0, 2.055, 4.124, 6.782, 7.786, 7.975, 8.233, 8.932, 9.064, 9.24, 9.88, 10.126, 10.581, 11.106, 11.828, 12.055, 13.391, 16.165, 18.598, 20.41, 22.696, 25.969, 27.054, 27.341, 29.438, 31.194, 32.026, 32.703, 32.772, 32.572, 32.723, 32.714, 32.968, 33.33, 32.994, 32.914, 32.88, 32.509, 32.39, 32.486, 32.478, 32.466, 32.264, 32.298, 32.896, 33.067, 33.34, 33.317, 33.22, 33.468, 32.855, 32.061, 31.674, 31.71, 31.736, 31.748, 31.911, 32.035, 31.852, 31.776, 32.243, 32.585, 32.761, 32.822, 32.732, 32.73, 32.796, 32.99, 33.446], [31.982, 30.682, 29.918, 28.622, 26.578, 26.224, 25.123, 21.235, 17.714, 14.282, 12.064, 12.141, 11.734, 11.217, 10.4, 7.49, 4.625, 2.055, 0.0, 3.203, 6.276, 7.318, 7.477, 7.75, 8.536, 8.678, 8.8, 9.501, 9.784, 10.229, 10.723, 11.47, 11.795, 13.148, 15.827, 18.204, 19.991, 22.284, 25.62, 26.727, 27.021, 29.164, 30.954, 31.793, 32.478, 32.558, 32.367, 32.531, 32.527, 32.78, 33.136, 32.807, 32.739, 32.712, 32.341, 32.217, 32.298, 32.284, 32.266, 32.059, 32.102, 32.701, 32.876, 33.162, 33.134, 33.03, 33.277, 32.665, 31.879, 31.496, 31.53, 31.554, 31.567, 31.731, 31.842, 31.662, 31.618, 32.099, 32.444, 32.631, 32.693, 32.584, 32.597, 32.686, 32.865, 33.311], [31.843, 30.514, 29.744, 28.458, 26.453, 26.115, 25.082, 21.366, 17.987, 14.507, 12.097, 12.099, 11.74, 11.421, 10.65, 8.162, 5.861, 4.124, 3.203, 0.0, 3.479, 4.996, 5.432, 6.0, 6.988, 7.032, 7.242, 8.156, 8.505, 9.019, 9.684, 10.553, 10.96, 12.715, 15.784, 18.245, 20.048, 22.342, 25.673, 26.811, 27.102, 29.194, 30.973, 31.808, 32.477, 32.557, 32.365, 32.521, 32.512, 32.754, 33.101, 32.774, 32.711, 32.694, 32.345, 32.21, 32.269, 32.243, 32.213, 32.003, 32.014, 32.579, 32.769, 33.073, 33.039, 32.918, 33.16, 32.528, 31.692, 31.278, 31.31, 31.342, 31.37, 31.531, 31.612, 31.438, 31.417, 31.878, 32.202, 32.379, 32.436, 32.343, 32.325, 32.369, 32.561, 33.031], [31.758, 30.449, 29.707, 28.474, 26.546, 26.207, 25.237, 21.735, 18.555, 15.172, 12.815, 12.813, 12.517, 12.402, 11.73, 9.777, 8.1, 6.782, 6.276, 3.479, 0.0, 2.276, 3.6, 4.765, 5.79, 5.711, 6.16, 7.254, 7.662, 8.319, 9.141, 10.05, 10.472, 12.603, 15.976, 18.434, 20.186, 22.435, 25.752, 26.932, 27.234, 29.306, 31.089, 31.906, 32.533, 32.609, 32.412, 32.545, 32.519, 32.737, 33.091, 32.772, 32.707, 32.72, 32.454, 32.344, 32.378, 32.334, 32.298, 32.082, 32.07, 32.601, 32.796, 33.103, 33.078, 32.953, 33.185, 32.554, 31.678, 31.207, 31.215, 31.258, 31.307, 31.447, 31.442, 31.197, 31.169, 31.636, 31.959, 32.133, 32.181, 32.088, 32.055, 32.06, 32.257, 32.758], [31.042, 29.751, 29.024, 27.819, 25.917, 25.57, 24.635, 21.265, 18.264, 15.163, 13.312, 13.451, 13.128, 12.952, 12.322, 10.557, 9.014, 7.786, 7.318, 4.996, 2.276, 0.0, 2.122, 3.746, 4.791, 4.926, 5.546, 6.608, 7.062, 7.788, 8.561, 9.41, 10.031, 12.404, 15.619, 17.902, 19.556, 21.723, 25.005, 26.203, 26.516, 28.597, 30.404, 31.228, 31.842, 31.926, 31.744, 31.888, 31.861, 32.045, 32.376, 32.066, 32.004, 32.024, 31.811, 31.752, 31.787, 31.736, 31.692, 31.456, 31.446, 31.976, 32.168, 32.474, 32.454, 32.332, 32.552, 31.94, 31.096, 30.629, 30.622, 30.661, 30.708, 30.841, 30.816, 30.602, 30.659, 31.168, 31.479, 31.666, 31.748, 31.641, 31.582, 31.598, 31.795, 32.276], [30.664, 29.352, 28.615, 27.392, 25.446, 25.1, 24.183, 20.81, 17.888, 15.12, 13.727, 13.949, 13.552, 13.172, 12.526, 10.715, 9.112, 7.975, 7.477, 5.432, 3.6, 2.122, 0.0, 2.153, 3.841, 4.169, 4.714, 5.738, 6.129, 6.72, 7.395, 8.29, 9.168, 11.685, 14.757, 17.031, 18.71, 20.928, 24.308, 25.529, 25.834, 27.933, 29.784, 30.659, 31.324, 31.422, 31.25, 31.434, 31.422, 31.602, 31.911, 31.591, 31.536, 31.544, 31.302, 31.247, 31.311, 31.289, 31.249, 31.013, 31.036, 31.595, 31.8, 32.127, 32.103, 31.969, 32.185, 31.578, 30.767, 30.326, 30.326, 30.351, 30.38, 30.526, 30.568, 30.462, 30.62, 31.153, 31.447, 31.643, 31.761, 31.648, 31.562, 31.594, 31.797, 32.242], [30.259, 28.912, 28.166, 26.92, 24.937, 24.621, 23.715, 20.313, 17.407, 14.902, 13.993, 14.366, 13.922, 13.479, 12.964, 11.186, 9.383, 8.233, 7.75, 6.0, 4.765, 3.746, 2.153, 0.0, 2.552, 3.495, 4.097, 4.943, 5.235, 5.798, 6.453, 7.505, 8.54, 11.161, 14.212, 16.452, 18.132, 20.385, 23.795, 24.997, 25.277, 27.355, 29.226, 30.141, 30.851, 30.961, 30.79, 31.007, 31.006, 31.188, 31.483, 31.151, 31.1, 31.1, 30.824, 30.749, 30.842, 30.872, 30.846, 30.627, 30.704, 31.292, 31.505, 31.848, 31.83, 31.688, 31.9, 31.313, 30.567, 30.172, 30.175, 30.184, 30.192, 30.353, 30.465, 30.452, 30.658, 31.185, 31.455, 31.656, 31.814, 31.704, 31.585, 31.629, 31.839, 32.253], [29.744, 28.405, 27.669, 26.443, 24.495, 24.191, 23.32, 20.079, 17.28, 14.8, 14.143, 14.654, 14.214, 13.914, 13.482, 11.923, 10.156, 8.932, 8.536, 6.988, 5.79, 4.791, 3.841, 2.552, 0.0, 2.198, 4.016, 4.855, 5.193, 6.004, 6.756, 7.796, 8.859, 11.494, 14.426, 16.453, 17.994, 20.11, 23.361, 24.541, 24.857, 26.927, 28.802, 29.704, 30.38, 30.492, 30.33, 30.528, 30.517, 30.675, 30.945, 30.612, 30.56, 30.573, 30.324, 30.262, 30.359, 30.402, 30.409, 30.213, 30.289, 30.855, 31.059, 31.385, 31.373, 31.23, 31.442, 30.893, 30.187, 29.808, 29.8, 29.806, 29.811, 29.954, 30.046, 30.053, 30.279, 30.783, 31.03, 31.219, 31.407, 31.326, 31.18, 31.211, 31.416, 31.812], [30.196, 28.879, 28.143, 26.923, 24.979, 24.653, 23.79, 20.554, 17.708, 15.081, 14.102, 14.518, 14.115, 13.877, 13.33, 11.773, 10.244, 9.064, 8.678, 7.032, 5.711, 4.926, 4.169, 3.495, 2.198, 0.0, 2.868, 4.349, 4.864, 5.839, 6.807, 7.905, 8.888, 11.441, 14.34, 16.431, 18.023, 20.209, 23.556, 24.773, 25.122, 27.237, 29.145, 30.064, 30.732, 30.831, 30.677, 30.861, 30.836, 30.995, 31.265, 30.941, 30.902, 30.911, 30.653, 30.579, 30.674, 30.702, 30.721, 30.545, 30.586, 31.114, 31.327, 31.662, 31.644, 31.496, 31.706, 31.136, 30.377, 29.967, 29.964, 29.99, 30.017, 30.159, 30.238, 30.212, 30.41, 30.901, 31.155, 31.339, 31.495, 31.418, 31.287, 31.31, 31.51, 31.913], [30.437, 29.116, 28.378, 27.137, 25.127, 24.767, 23.849, 20.401, 17.39, 14.829, 13.865, 14.229, 13.87, 13.523, 13.016, 11.585, 10.259, 9.24, 8.8, 7.242, 6.16, 5.546, 4.714, 4.097, 4.016, 2.868, 0.0, 2.264, 3.3, 4.427, 5.619, 7.058, 8.174, 10.822, 13.802, 16.035, 17.753, 20.11, 23.642, 24.879, 25.186, 27.31, 29.254, 30.23, 30.953, 31.047, 30.909, 31.16, 31.152, 31.315, 31.575, 31.252, 31.218, 31.199, 30.886, 30.772, 30.882, 30.91, 30.908, 30.736, 30.771, 31.308, 31.544, 31.916, 31.899, 31.744, 31.952, 31.348, 30.565, 30.165, 30.179, 30.21, 30.242, 30.399, 30.508, 30.483, 30.666, 31.161, 31.423, 31.609, 31.732, 31.62, 31.5, 31.541, 31.75, 32.153], [30.208, 28.857, 28.113, 26.855, 24.805, 24.428, 23.481, 19.966, 16.953, 14.616, 14.036, 14.491, 14.123, 13.706, 13.275, 12.013, 10.774, 9.88, 9.501, 8.156, 7.254, 6.608, 5.738, 4.943, 4.855, 4.349, 2.264, 0.0, 1.675, 3.306, 4.722, 6.434, 7.856, 10.597, 13.511, 15.736, 17.46, 19.828, 23.379, 24.618, 24.892, 27.008, 28.978, 29.987, 30.735, 30.83, 30.698, 30.987, 30.992, 31.156, 31.403, 31.077, 31.044, 31.012, 30.686, 30.561, 30.689, 30.733, 30.73, 30.555, 30.604, 31.167, 31.42, 31.816, 31.81, 31.64, 31.837, 31.245, 30.485, 30.091, 30.096, 30.116, 30.133, 30.287, 30.401, 30.391, 30.584, 31.069, 31.316, 31.495, 31.627, 31.513, 31.365, 31.397, 31.623, 32.03], [30.479, 29.112, 28.363, 27.098, 25.045, 24.669, 23.745, 20.263, 17.291, 15.038, 14.471, 14.935, 14.533, 14.057, 13.625, 12.299, 11.01, 10.126, 9.784, 8.505, 7.662, 7.062, 6.129, 5.235, 5.193, 4.864, 3.3, 1.675, 0.0, 2.13, 4.022, 6.053, 7.559, 10.291, 13.345, 15.736, 17.535, 19.932, 23.518, 24.779, 25.031, 27.142, 29.128, 30.152, 30.917, 31.014, 30.862, 31.141, 31.152, 31.328, 31.591, 31.256, 31.222, 31.195, 30.857, 30.728, 30.865, 30.925, 30.929, 30.775, 30.861, 31.456, 31.725, 32.133, 32.137, 31.964, 32.159, 31.577, 30.815, 30.412, 30.41, 30.42, 30.425, 30.582, 30.732, 30.744, 30.929, 31.403, 31.646, 31.819, 31.958, 31.856, 31.704, 31.72, 31.947, 32.355], [30.777, 29.418, 28.676, 27.415, 25.367, 25.009, 24.13, 20.705, 17.8, 15.65, 15.01, 15.429, 15.002, 14.419, 14.005, 12.687, 11.412, 10.581, 10.229, 9.019, 8.319, 7.788, 6.72, 5.798, 6.004, 5.839, 4.427, 3.306, 2.13, 0.0, 2.576, 5.156, 6.861, 9.792, 13.129, 15.73, 17.65, 20.107, 23.729, 25.007, 25.228, 27.313, 29.298, 30.352, 31.166, 31.271, 31.102, 31.389, 31.407, 31.595, 31.865, 31.509, 31.469, 31.425, 31.04, 30.888, 31.04, 31.113, 31.117, 30.99, 31.111, 31.736, 32.027, 32.456, 32.471, 32.298, 32.503, 31.919, 31.138, 30.728, 30.728, 30.729, 30.723, 30.885, 31.072, 31.112, 31.296, 31.768, 32.01, 32.183, 32.325, 32.225, 32.085, 32.105, 32.325, 32.721], [30.42, 29.104, 28.397, 27.182, 25.181, 24.877, 24.07, 20.724, 17.929, 15.998, 15.532, 15.942, 15.5, 14.862, 14.507, 13.163, 11.879, 11.106, 10.723, 9.684, 9.141, 8.561, 7.395, 6.453, 6.756, 6.807, 5.619, 4.722, 4.022, 2.576, 0.0, 3.048, 5.352, 8.845, 12.306, 14.95, 16.939, 19.491, 23.186, 24.467, 24.699, 26.829, 28.846, 29.918, 30.756, 30.865, 30.712, 31.018, 31.032, 31.223, 31.488, 31.131, 31.08, 31.006, 30.608, 30.461, 30.634, 30.742, 30.754, 30.619, 30.761, 31.41, 31.699, 32.13, 32.165, 32.013, 32.22, 31.64, 30.893, 30.492, 30.472, 30.455, 30.434, 30.587, 30.775, 30.84, 31.063, 31.552, 31.792, 31.981, 32.124, 31.986, 31.853, 31.919, 32.122, 32.481], [29.714, 28.437, 27.756, 26.604, 24.696, 24.427, 23.715, 20.559, 17.947, 16.253, 16.112, 16.552, 16.099, 15.481, 15.169, 13.791, 12.483, 11.828, 11.47, 10.553, 10.05, 9.41, 8.29, 7.505, 7.796, 7.905, 7.058, 6.434, 6.053, 5.156, 3.048, 0.0, 3.556, 7.812, 11.238, 13.915, 15.932, 18.468, 22.158, 23.449, 23.683, 25.853, 27.927, 29.022, 29.88, 29.999, 29.871, 30.211, 30.227, 30.41, 30.644, 30.298, 30.25, 30.145, 29.775, 29.666, 29.851, 29.996, 30.023, 29.865, 30.007, 30.67, 30.951, 31.372, 31.411, 31.278, 31.478, 30.905, 30.173, 29.747, 29.692, 29.661, 29.631, 29.768, 29.918, 29.973, 30.232, 30.749, 30.998, 31.207, 31.352, 31.174, 31.034, 31.147, 31.334, 31.654], [30.725, 29.532, 28.884, 27.783, 25.961, 25.718, 25.019, 21.843, 19.07, 17.058, 16.385, 16.687, 16.323, 15.855, 15.683, 14.245, 12.792, 12.055, 11.795, 10.96, 10.472, 10.031, 9.168, 8.54, 8.859, 8.888, 8.174, 7.856, 7.559, 6.861, 5.352, 3.556, 0.0, 5.088, 10.038, 13.537, 15.918, 18.765, 22.706, 24.044, 24.281, 26.552, 28.659, 29.718, 30.562, 30.674, 30.502, 30.806, 30.808, 31.029, 31.339, 30.991, 30.951, 30.87, 30.519, 30.437, 30.639, 30.798, 30.842, 30.715, 30.871, 31.559, 31.832, 32.226, 32.277, 32.166, 32.377, 31.764, 30.969, 30.503, 30.444, 30.417, 30.383, 30.524, 30.656, 30.57, 30.684, 31.221, 31.53, 31.742, 31.836, 31.639, 31.544, 31.672, 31.855, 32.185], [31.91, 30.874, 30.285, 29.276, 27.534, 27.286, 26.593, 23.376, 20.526, 18.526, 17.617, 17.795, 17.509, 17.106, 17.046, 15.674, 14.246, 13.391, 13.148, 12.715, 12.603, 12.404, 11.685, 11.161, 11.494, 11.441, 10.822, 10.597, 10.291, 9.792, 8.845, 7.812, 5.088, 0.0, 6.882, 11.604, 14.578, 17.989, 22.512, 23.972, 24.243, 26.804, 29.094, 30.189, 31.053, 31.174, 30.976, 31.266, 31.271, 31.531, 31.896, 31.536, 31.517, 31.462, 31.102, 31.047, 31.277, 31.454, 31.501, 31.407, 31.626, 32.379, 32.665, 33.07, 33.145, 33.038, 33.243, 32.609, 31.799, 31.317, 31.25, 31.214, 31.163, 31.311, 31.44, 31.216, 31.236, 31.858, 32.259, 32.484, 32.548, 32.334, 32.3, 32.482, 32.648, 32.969], [29.963, 29.121, 28.61, 27.71, 26.079, 25.827, 25.244, 22.47, 20.268, 19.322, 19.699, 20.143, 19.788, 19.235, 19.154, 18.029, 16.842, 16.165, 15.827, 15.784, 15.976, 15.619, 14.757, 14.212, 14.426, 14.34, 13.802, 13.511, 13.345, 13.129, 12.306, 11.238, 10.038, 6.882, 0.0, 5.599, 9.191, 13.175, 18.294, 19.89, 20.246, 23.171, 25.84, 27.138, 28.085, 28.248, 28.156, 28.55, 28.608, 28.845, 29.074, 28.761, 28.812, 28.728, 28.397, 28.375, 28.616, 28.848, 28.89, 28.773, 29.065, 29.875, 30.198, 30.67, 30.759, 30.617, 30.757, 30.191, 29.591, 29.232, 29.146, 29.077, 29.0, 29.129, 29.269, 29.226, 29.548, 30.306, 30.706, 30.981, 31.16, 30.921, 30.839, 31.138, 31.277, 31.486], [27.511, 26.841, 26.432, 25.648, 24.156, 23.931, 23.468, 21.283, 19.888, 19.945, 21.442, 22.147, 21.739, 21.155, 21.096, 20.198, 19.18, 18.598, 18.204, 18.245, 18.434, 17.902, 17.031, 16.452, 16.453, 16.431, 16.035, 15.736, 15.736, 15.73, 14.95, 13.915, 13.537, 11.604, 5.599, 0.0, 3.956, 8.5, 14.05, 15.739, 16.188, 19.354, 22.336, 23.818, 24.816, 25.025, 25.072, 25.592, 25.709, 25.892, 25.969, 25.728, 25.842, 25.764, 25.541, 25.573, 25.808, 26.065, 26.101, 25.978, 26.32, 27.132, 27.458, 27.968, 28.065, 27.887, 27.965, 27.498, 27.167, 26.987, 26.89, 26.783, 26.686, 26.78, 26.869, 27.013, 27.649, 28.508, 28.876, 29.192, 29.504, 29.265, 29.111, 29.488, 29.606, 29.708], [25.949, 25.395, 25.084, 24.433, 23.086, 22.871, 22.514, 20.796, 19.997, 20.736, 22.902, 23.739, 23.29, 22.693, 22.634, 21.867, 20.961, 20.41, 19.991, 20.048, 20.186, 19.556, 18.71, 18.132, 17.994, 18.023, 17.753, 17.46, 17.535, 17.65, 16.939, 15.932, 15.918, 14.578, 9.191, 3.956, 0.0, 4.988, 10.985, 12.812, 13.382, 16.799, 20.036, 21.642, 22.666, 22.912, 23.069, 23.706, 23.865, 24.0, 23.972, 23.799, 23.969, 23.902, 23.79, 23.893, 24.128, 24.401, 24.447, 24.333, 24.716, 25.511, 25.839, 26.376, 26.473, 26.254, 26.281, 25.9, 25.731, 25.646, 25.544, 25.416, 25.305, 25.369, 25.363, 25.573, 26.421, 27.354, 27.702, 28.045, 28.445, 28.21, 28.007, 28.422, 28.518, 28.547], [24.207, 23.775, 23.575, 23.145, 22.099, 21.898, 21.731, 20.728, 20.657, 22.09, 24.901, 25.836, 25.32, 24.703, 24.636, 23.996, 23.18, 22.696, 22.284, 22.342, 22.435, 21.723, 20.928, 20.385, 20.11, 20.209, 20.11, 19.828, 19.932, 20.107, 19.491, 18.468, 18.765, 17.989, 13.175, 8.5, 4.988, 0.0, 6.452, 8.638, 9.426, 13.35, 17.064, 18.895, 19.996, 20.316, 20.622, 21.429, 21.656, 21.722, 21.534, 21.447, 21.689, 21.614, 21.62, 21.814, 22.056, 22.35, 22.437, 22.362, 22.768, 23.54, 23.871, 24.428, 24.528, 24.27, 24.243, 23.987, 23.99, 23.955, 23.829, 23.685, 23.559, 23.573, 23.449, 23.806, 24.928, 25.892, 26.181, 26.545, 27.057, 26.852, 26.586, 27.024, 27.096, 27.048], [22.216, 21.95, 21.865, 21.718, 21.196, 21.121, 21.215, 21.278, 22.125, 24.209, 27.622, 28.665, 28.086, 27.507, 27.512, 27.081, 26.319, 25.969, 25.62, 25.673, 25.752, 25.005, 24.308, 23.795, 23.361, 23.556, 23.642, 23.379, 23.518, 23.729, 23.186, 22.158, 22.706, 22.512, 18.294, 14.05, 10.985, 6.452, 0.0, 2.89, 4.474, 8.957, 13.231, 15.344, 16.514, 16.941, 17.466, 18.468, 18.821, 18.787, 18.307, 18.353, 18.69, 18.564, 18.696, 18.987, 19.245, 19.568, 19.716, 19.713, 20.127, 20.849, 21.139, 21.667, 21.791, 21.552, 21.475, 21.414, 21.762, 21.895, 21.751, 21.57, 21.413, 21.365, 21.228, 22.024, 23.535, 24.434, 24.57, 24.936, 25.619, 25.483, 25.107, 25.556, 25.634, 25.486], [21.679, 21.463, 21.405, 21.321, 20.955, 20.972, 21.099, 21.389, 22.509, 24.868, 28.509, 29.599, 29.009, 28.449, 28.494, 28.128, 27.365, 27.054, 26.727, 26.811, 26.932, 26.203, 25.529, 24.997, 24.541, 24.773, 24.879, 24.618, 24.779, 25.007, 24.467, 23.449, 24.044, 23.972, 19.89, 15.739, 12.812, 8.638, 2.89, 0.0, 2.754, 7.573, 11.96, 14.13, 15.33, 15.811, 16.405, 17.482, 17.909, 17.846, 17.245, 17.329, 17.708, 17.533, 17.665, 18.026, 18.33, 18.686, 18.83, 18.825, 19.303, 20.051, 20.316, 20.837, 20.968, 20.757, 20.666, 20.663, 21.193, 21.427, 21.282, 21.077, 20.893, 20.859, 20.823, 21.824, 23.464, 24.343, 24.42, 24.787, 25.522, 25.386, 24.977, 25.447, 25.541, 25.359], [21.585, 21.34, 21.271, 21.18, 20.802, 20.816, 20.961, 21.288, 22.509, 25.029, 28.753, 29.853, 29.252, 28.677, 28.743, 28.398, 27.635, 27.341, 27.021, 27.102, 27.234, 26.516, 25.834, 25.277, 24.857, 25.122, 25.186, 24.892, 25.031, 25.228, 24.699, 23.683, 24.281, 24.243, 20.246, 16.188, 13.382, 9.426, 4.474, 2.754, 0.0, 5.634, 10.481, 12.933, 14.372, 14.947, 15.506, 16.711, 17.246, 17.213, 16.638, 16.75, 17.175, 16.964, 17.009, 17.364, 17.726, 18.113, 18.249, 18.333, 19.002, 19.881, 20.184, 20.732, 20.871, 20.671, 20.594, 20.607, 21.183, 21.452, 21.314, 21.096, 20.889, 20.89, 21.015, 22.134, 23.763, 24.626, 24.696, 25.066, 25.807, 25.657, 25.227, 25.706, 25.81, 25.612], [20.593, 20.416, 20.382, 20.414, 20.355, 20.479, 20.84, 21.948, 23.77, 26.57, 30.46, 31.579, 30.931, 30.384, 30.546, 30.377, 29.654, 29.438, 29.164, 29.194, 29.306, 28.597, 27.933, 27.355, 26.927, 27.237, 27.31, 27.008, 27.142, 27.313, 26.829, 25.853, 26.552, 26.804, 23.171, 19.354, 16.799, 13.35, 8.957, 7.573, 5.634, 0.0, 5.481, 8.721, 10.729, 11.538, 12.201, 13.682, 14.484, 14.485, 13.812, 14.223, 14.771, 14.419, 14.356, 14.701, 15.162, 15.693, 15.869, 16.172, 17.19, 18.18, 18.518, 19.082, 19.243, 19.055, 18.966, 19.167, 20.099, 20.641, 20.559, 20.302, 20.036, 20.044, 20.473, 22.114, 23.909, 24.627, 24.556, 24.915, 25.731, 25.595, 25.07, 25.54, 25.649, 25.331], [20.018, 20.011, 20.053, 20.24, 20.51, 20.749, 21.242, 22.895, 25.118, 28.008, 31.864, 32.96, 32.291, 31.786, 32.014, 32.0, 31.344, 31.194, 30.954, 30.973, 31.089, 30.404, 29.784, 29.226, 28.802, 29.145, 29.254, 28.978, 29.128, 29.298, 28.846, 27.927, 28.659, 29.094, 25.84, 22.336, 20.036, 17.064, 13.231, 11.96, 10.481, 5.481, 0.0, 4.006, 6.892, 8.137, 8.856, 10.531, 11.619, 11.755, 11.264, 12.009, 12.614, 12.171, 12.088, 12.595, 13.124, 13.78, 14.008, 14.521, 15.984, 17.115, 17.415, 17.903, 18.109, 17.992, 17.92, 18.3, 19.55, 20.357, 20.353, 20.077, 19.768, 19.791, 20.479, 22.489, 24.397, 25.002, 24.822, 25.163, 25.994, 25.828, 25.277, 25.746, 25.824, 25.401], [19.881, 20.038, 20.157, 20.464, 20.924, 21.207, 21.726, 23.572, 25.904, 28.746, 32.506, 33.578, 32.922, 32.455, 32.712, 32.773, 32.163, 32.026, 31.793, 31.808, 31.906, 31.228, 30.659, 30.141, 29.704, 30.064, 30.23, 29.987, 30.152, 30.352, 29.918, 29.022, 29.718, 30.189, 27.138, 23.818, 21.642, 18.895, 15.344, 14.13, 12.933, 8.721, 4.006, 0.0, 3.654, 5.555, 6.287, 8.051, 9.311, 9.588, 9.506, 10.485, 11.143, 10.855, 11.196, 12.137, 12.601, 13.231, 13.498, 14.085, 15.771, 16.93, 17.123, 17.439, 17.67, 17.638, 17.587, 18.072, 19.487, 20.416, 20.434, 20.162, 19.847, 19.87, 20.642, 22.741, 24.67, 25.233, 25.003, 25.328, 26.155, 25.959, 25.414, 25.873, 25.897, 25.413], [20.064, 20.314, 20.473, 20.839, 21.413, 21.713, 22.238, 24.187, 26.525, 29.274, 32.99, 34.072, 33.441, 33.021, 33.289, 33.407, 32.841, 32.703, 32.478, 32.477, 32.533, 31.842, 31.324, 30.851, 30.38, 30.732, 30.953, 30.735, 30.917, 31.166, 30.756, 29.88, 30.562, 31.053, 28.085, 24.816, 22.666, 19.996, 16.514, 15.33, 14.372, 10.729, 6.892, 3.654, 0.0, 2.697, 4.062, 6.002, 7.451, 7.804, 8.143, 9.523, 10.261, 10.231, 11.264, 12.61, 12.974, 13.531, 13.799, 14.3, 15.891, 16.913, 17.018, 17.177, 17.392, 17.414, 17.36, 17.922, 19.451, 20.441, 20.452, 20.184, 19.885, 19.885, 20.677, 22.838, 24.778, 25.275, 24.967, 25.269, 26.118, 25.927, 25.349, 25.768, 25.76, 25.252], [20.279, 20.524, 20.678, 21.024, 21.587, 21.892, 22.397, 24.29, 26.576, 29.272, 32.968, 34.068, 33.448, 33.035, 33.305, 33.442, 32.899, 32.772, 32.558, 32.557, 32.609, 31.926, 31.422, 30.961, 30.492, 30.831, 31.047, 30.83, 31.014, 31.271, 30.865, 29.999, 30.674, 31.174, 28.248, 25.025, 22.912, 20.316, 16.941, 15.811, 14.947, 11.538, 8.137, 5.555, 2.697, 0.0, 2.482, 5.146, 6.829, 7.36, 8.023, 9.713, 10.478, 10.46, 11.602, 12.997, 13.421, 14.034, 14.295, 14.689, 16.145, 17.103, 17.217, 17.358, 17.554, 17.574, 17.519, 18.067, 19.577, 20.555, 20.566, 20.301, 20.004, 19.997, 20.806, 22.968, 24.884, 25.358, 25.026, 25.319, 26.148, 25.954, 25.366, 25.755, 25.739, 25.231], [20.494, 20.751, 20.906, 21.248, 21.785, 22.088, 22.573, 24.38, 26.597, 29.218, 32.802, 33.887, 33.277, 32.87, 33.136, 33.265, 32.71, 32.572, 32.367, 32.365, 32.412, 31.744, 31.25, 30.79, 30.33, 30.677, 30.909, 30.698, 30.862, 31.102, 30.712, 29.871, 30.502, 30.976, 28.156, 25.072, 23.069, 20.622, 17.466, 16.405, 15.506, 12.201, 8.856, 6.287, 4.062, 2.482, 0.0, 3.722, 5.863, 6.68, 7.882, 9.654, 10.435, 10.52, 11.678, 13.097, 13.523, 14.139, 14.423, 14.846, 16.408, 17.462, 17.588, 17.704, 17.899, 17.936, 17.917, 18.429, 19.853, 20.785, 20.784, 20.51, 20.203, 20.212, 21.09, 23.226, 25.074, 25.547, 25.231, 25.518, 26.314, 26.109, 25.571, 25.951, 25.916, 25.423], [20.951, 21.268, 21.43, 21.777, 22.353, 22.674, 23.142, 24.95, 27.085, 29.494, 32.879, 33.922, 33.32, 32.957, 33.244, 33.408, 32.874, 32.723, 32.531, 32.521, 32.545, 31.888, 31.434, 31.007, 30.528, 30.861, 31.16, 30.987, 31.141, 31.389, 31.018, 30.211, 30.806, 31.266, 28.55, 25.592, 23.706, 21.429, 18.468, 17.482, 16.711, 13.682, 10.531, 8.051, 6.002, 5.146, 3.722, 0.0, 2.995, 4.858, 7.17, 9.231, 9.965, 10.343, 11.879, 13.388, 13.644, 14.202, 14.59, 15.028, 16.547, 17.539, 17.636, 17.681, 17.881, 17.971, 17.973, 18.46, 19.784, 20.652, 20.618, 20.372, 20.105, 20.089, 21.026, 23.253, 25.083, 25.476, 25.096, 25.353, 26.143, 25.972, 25.447, 25.792, 25.728, 25.206], [21.239, 21.532, 21.681, 21.998, 22.539, 22.847, 23.277, 25.022, 27.1, 29.436, 32.772, 33.81, 33.21, 32.86, 33.168, 33.362, 32.859, 32.714, 32.527, 32.512, 32.519, 31.861, 31.422, 31.006, 30.517, 30.836, 31.152, 30.992, 31.152, 31.407, 31.032, 30.227, 30.808, 31.271, 28.608, 25.709, 23.865, 21.656, 18.821, 17.909, 17.246, 14.484, 11.619, 9.311, 7.451, 6.829, 5.863, 2.995, 0.0, 3.165, 6.732, 9.021, 9.697, 10.327, 12.284, 13.941, 14.155, 14.684, 15.109, 15.533, 16.963, 17.883, 17.989, 18.045, 18.221, 18.263, 18.238, 18.667, 19.852, 20.615, 20.54, 20.337, 20.117, 20.055, 20.883, 23.054, 24.883, 25.271, 24.874, 25.116, 25.926, 25.78, 25.241, 25.573, 25.481, 24.923], [20.832, 21.134, 21.291, 21.633, 22.218, 22.526, 22.985, 24.861, 27.051, 29.474, 32.926, 33.995, 33.391, 33.04, 33.362, 33.588, 33.102, 32.968, 32.78, 32.754, 32.737, 32.045, 31.602, 31.188, 30.675, 30.995, 31.315, 31.156, 31.328, 31.595, 31.223, 30.41, 31.029, 31.531, 28.845, 25.892, 24.0, 21.722, 18.787, 17.846, 17.213, 14.485, 11.755, 9.588, 7.804, 7.36, 6.68, 4.858, 3.165, 0.0, 4.541, 7.323, 8.112, 8.914, 11.345, 13.337, 13.632, 14.139, 14.549, 15.005, 16.521, 17.499, 17.603, 17.689, 17.866, 17.858, 17.795, 18.27, 19.541, 20.321, 20.214, 19.986, 19.75, 19.658, 20.402, 22.597, 24.538, 24.984, 24.589, 24.843, 25.708, 25.566, 24.998, 25.373, 25.283, 24.698], [19.985, 20.314, 20.481, 20.869, 21.565, 21.912, 22.466, 24.614, 27.007, 29.592, 33.233, 34.33, 33.723, 33.379, 33.695, 33.939, 33.446, 33.33, 33.136, 33.101, 33.091, 32.376, 31.911, 31.483, 30.945, 31.265, 31.575, 31.403, 31.591, 31.865, 31.488, 30.644, 31.339, 31.896, 29.074, 25.969, 23.972, 21.534, 18.307, 17.245, 16.638, 13.812, 11.264, 9.506, 8.143, 8.023, 7.882, 7.17, 6.732, 4.541, 0.0, 3.778, 5.076, 5.843, 8.728, 11.13, 11.665, 12.234, 12.654, 13.094, 14.563, 15.651, 15.798, 15.971, 16.178, 16.144, 16.06, 16.624, 18.144, 19.061, 18.958, 18.672, 18.373, 18.266, 19.071, 21.578, 23.81, 24.341, 23.93, 24.209, 25.145, 25.014, 24.41, 24.852, 24.838, 24.262], [20.095, 20.409, 20.566, 20.927, 21.559, 21.9, 22.431, 24.472, 26.815, 29.397, 32.99, 34.067, 33.468, 33.124, 33.408, 33.61, 33.102, 32.994, 32.807, 32.774, 32.772, 32.066, 31.591, 31.151, 30.612, 30.941, 31.252, 31.077, 31.256, 31.509, 31.131, 30.298, 30.991, 31.536, 28.761, 25.728, 23.799, 21.447, 18.353, 17.329, 16.75, 14.223, 12.009, 10.485, 9.523, 9.713, 9.654, 9.231, 9.021, 7.323, 3.778, 0.0, 2.095, 3.834, 7.277, 10.046, 10.719, 11.244, 11.626, 12.122, 13.743, 15.113, 15.297, 15.453, 15.69, 15.707, 15.713, 16.212, 17.691, 18.616, 18.522, 18.203, 17.865, 17.766, 18.673, 21.345, 23.725, 24.36, 23.994, 24.292, 25.224, 25.067, 24.509, 24.991, 25.019, 24.531], [20.118, 20.436, 20.59, 20.945, 21.58, 21.928, 22.447, 24.461, 26.782, 29.333, 32.901, 33.978, 33.379, 33.038, 33.325, 33.526, 33.017, 32.914, 32.739, 32.711, 32.707, 32.004, 31.536, 31.1, 30.56, 30.902, 31.218, 31.044, 31.222, 31.469, 31.08, 30.25, 30.951, 31.517, 28.812, 25.842, 23.969, 21.689, 18.69, 17.708, 17.175, 14.771, 12.614, 11.143, 10.261, 10.478, 10.435, 9.965, 9.697, 8.112, 5.076, 2.095, 0.0, 2.913, 6.977, 9.932, 10.614, 11.094, 11.449, 11.959, 13.669, 15.102, 15.252, 15.379, 15.642, 15.701, 15.752, 16.239, 17.703, 18.625, 18.527, 18.204, 17.87, 17.771, 18.719, 21.468, 23.887, 24.531, 24.166, 24.467, 25.4, 25.239, 24.683, 25.165, 25.196, 24.722], [19.714, 20.017, 20.155, 20.508, 21.171, 21.548, 22.106, 24.185, 26.564, 29.176, 32.81, 33.898, 33.293, 32.944, 33.236, 33.473, 32.969, 32.88, 32.712, 32.694, 32.72, 32.024, 31.544, 31.1, 30.573, 30.911, 31.199, 31.012, 31.195, 31.425, 31.006, 30.145, 30.87, 31.462, 28.728, 25.764, 23.902, 21.614, 18.564, 17.533, 16.964, 14.419, 12.171, 10.855, 10.231, 10.46, 10.52, 10.343, 10.327, 8.914, 5.843, 3.834, 2.913, 0.0, 4.773, 8.248, 9.238, 9.917, 10.348, 10.895, 12.663, 14.162, 14.346, 14.618, 15.005, 15.091, 15.154, 15.664, 17.193, 18.156, 18.078, 17.751, 17.413, 17.372, 18.44, 21.31, 23.806, 24.49, 24.148, 24.461, 25.405, 25.252, 24.682, 25.194, 25.275, 24.79], [19.737, 19.981, 20.085, 20.392, 20.975, 21.38, 21.967, 23.939, 26.282, 28.909, 32.483, 33.536, 32.924, 32.555, 32.835, 33.087, 32.587, 32.509, 32.341, 32.345, 32.454, 31.811, 31.302, 30.824, 30.324, 30.653, 30.886, 30.686, 30.857, 31.04, 30.608, 29.775, 30.519, 31.102, 28.397, 25.541, 23.79, 21.62, 18.696, 17.665, 17.009, 14.356, 12.088, 11.196, 11.264, 11.602, 11.678, 11.879, 12.284, 11.345, 8.728, 7.277, 6.977, 4.773, 0.0, 4.347, 6.424, 7.707, 8.382, 9.103, 11.084, 12.926, 13.297, 13.909, 14.509, 14.627, 14.763, 15.199, 16.681, 17.71, 17.744, 17.422, 17.072, 17.175, 18.521, 21.543, 24.091, 24.846, 24.579, 24.904, 25.812, 25.652, 25.117, 25.669, 25.834, 25.417], [19.873, 20.058, 20.153, 20.462, 21.018, 21.437, 22.076, 23.988, 26.251, 28.854, 32.368, 33.383, 32.776, 32.402, 32.677, 32.93, 32.454, 32.39, 32.217, 32.21, 32.344, 31.752, 31.247, 30.749, 30.262, 30.579, 30.772, 30.561, 30.728, 30.888, 30.461, 29.666, 30.437, 31.047, 28.375, 25.573, 23.893, 21.814, 18.987, 18.026, 17.364, 14.701, 12.595, 12.137, 12.61, 12.997, 13.097, 13.388, 13.941, 13.337, 11.13, 10.046, 9.932, 8.248, 4.347, 0.0, 3.489, 5.825, 6.846, 7.9, 10.006, 12.001, 12.636, 13.594, 14.322, 14.436, 14.572, 14.965, 16.412, 17.479, 17.605, 17.36, 17.078, 17.245, 18.671, 21.762, 24.294, 25.02, 24.757, 25.081, 25.977, 25.827, 25.324, 25.881, 26.078, 25.729], [19.76, 19.995, 20.125, 20.484, 21.1, 21.499, 22.153, 24.155, 26.42, 28.973, 32.469, 33.482, 32.88, 32.504, 32.769, 33.02, 32.563, 32.486, 32.298, 32.269, 32.378, 31.787, 31.311, 30.842, 30.359, 30.674, 30.882, 30.689, 30.865, 31.04, 30.634, 29.851, 30.639, 31.277, 28.616, 25.808, 24.128, 22.056, 19.245, 18.33, 17.726, 15.162, 13.124, 12.601, 12.974, 13.421, 13.523, 13.644, 14.155, 13.632, 11.665, 10.719, 10.614, 9.238, 6.424, 3.489, 0.0, 3.208, 4.803, 6.335, 9.015, 11.234, 11.965, 12.893, 13.659, 13.84, 13.99, 14.432, 15.951, 17.096, 17.263, 17.092, 16.891, 17.041, 18.454, 21.645, 24.222, 24.932, 24.658, 24.982, 25.906, 25.762, 25.259, 25.808, 25.974, 25.629], [19.921, 20.187, 20.329, 20.696, 21.303, 21.649, 22.244, 24.234, 26.504, 28.991, 32.414, 33.417, 32.824, 32.454, 32.702, 32.98, 32.56, 32.478, 32.284, 32.243, 32.334, 31.736, 31.289, 30.872, 30.402, 30.702, 30.91, 30.733, 30.925, 31.113, 30.742, 29.996, 30.798, 31.454, 28.848, 26.065, 24.401, 22.35, 19.568, 18.686, 18.113, 15.693, 13.78, 13.231, 13.531, 14.034, 14.139, 14.202, 14.684, 14.139, 12.234, 11.244, 11.094, 9.917, 7.707, 5.825, 3.208, 0.0, 2.63, 4.928, 8.092, 10.635, 11.336, 12.136, 12.888, 13.114, 13.362, 13.83, 15.4, 16.69, 16.939, 16.77, 16.564, 16.706, 18.168, 21.507, 24.17, 24.919, 24.672, 25.003, 25.938, 25.804, 25.295, 25.823, 25.972, 25.652], [19.839, 20.09, 20.229, 20.593, 21.197, 21.538, 22.116, 24.097, 26.389, 28.913, 32.355, 33.362, 32.774, 32.404, 32.651, 32.935, 32.534, 32.466, 32.266, 32.213, 32.298, 31.692, 31.249, 30.846, 30.409, 30.721, 30.908, 30.73, 30.929, 31.117, 30.754, 30.023, 30.842, 31.501, 28.89, 26.101, 24.447, 22.437, 19.716, 18.83, 18.249, 15.869, 14.008, 13.498, 13.799, 14.295, 14.423, 14.59, 15.109, 14.549, 12.654, 11.626, 11.449, 10.348, 8.382, 6.846, 4.803, 2.63, 0.0, 3.569, 7.69, 10.456, 11.172, 11.992, 12.72, 12.901, 13.124, 13.605, 15.314, 16.737, 17.035, 16.845, 16.608, 16.785, 18.321, 21.668, 24.299, 25.037, 24.793, 25.141, 26.087, 25.943, 25.406, 25.926, 26.094, 25.799], [19.514, 19.749, 19.884, 20.233, 20.83, 21.174, 21.737, 23.751, 26.08, 28.624, 32.139, 33.152, 32.574, 32.218, 32.45, 32.713, 32.321, 32.264, 32.059, 32.003, 32.082, 31.456, 31.013, 30.627, 30.213, 30.545, 30.736, 30.555, 30.775, 30.99, 30.619, 29.865, 30.715, 31.407, 28.773, 25.978, 24.333, 22.362, 19.713, 18.825, 18.333, 16.172, 14.521, 14.085, 14.3, 14.689, 14.846, 15.028, 15.533, 15.005, 13.094, 12.122, 11.959, 10.895, 9.103, 7.9, 6.335, 4.928, 3.569, 0.0, 5.189, 8.564, 9.426, 10.453, 11.203, 11.387, 11.587, 12.018, 13.946, 15