[[0.0, 1.892, 3.887, 8.753, 12.144, 12.32, 13.104, 13.784, 14.238, 15.867, 16.189, 16.67, 19.365, 20.903, 20.77, 20.778, 21.341, 21.92, 22.268, 23.794, 25.351, 25.8, 25.736, 25.259, 25.246, 25.518, 25.624, 25.518, 25.523, 25.582, 25.088, 24.579, 24.518, 24.32, 24.13, 24.134, 24.173, 24.262, 24.25, 24.761, 25.166, 25.072, 24.867, 24.464, 23.438, 21.298, 19.336, 18.945, 19.101, 19.09, 18.961, 18.876, 18.838, 19.254, 19.456, 19.334, 19.32, 19.168, 19.006, 19.088, 19.396, 19.947, 20.178, 20.232, 20.224, 20.057, 19.979, 19.415, 18.999, 19.166, 19.611, 19.748, 19.78, 19.918, 19.939, 19.982, 20.068, 20.058, 20.014, 20.282, 20.501, 20.975, 21.462, 21.211, 21.099, 21.292], [1.892, 0.0, 3.187, 8.554, 12.006, 12.167, 12.919, 13.568, 14.002, 15.653, 15.989, 16.5, 19.262, 20.828, 20.679, 20.67, 21.238, 21.829, 22.182, 23.715, 25.297, 25.762, 25.694, 25.201, 25.177, 25.451, 25.561, 25.456, 25.461, 25.524, 25.024, 24.505, 24.448, 24.247, 24.059, 24.073, 24.116, 24.21, 24.202, 24.721, 25.135, 25.048, 24.852, 24.455, 23.41, 21.21, 19.183, 18.791, 18.952, 18.934, 18.796, 18.708, 18.678, 19.123, 19.326, 19.197, 19.198, 19.055, 18.908, 18.996, 19.285, 19.805, 20.024, 20.082, 20.065, 19.884, 19.798, 19.176, 18.739, 18.923, 19.38, 19.521, 19.555, 19.707, 19.739, 19.78, 19.868, 19.852, 19.804, 20.089, 20.307, 20.782, 21.282, 21.031, 20.919, 21.124], [3.887, 3.187, 0.0, 6.306, 10.348, 10.48, 11.3, 12.054, 12.383, 14.098, 14.497, 15.41, 18.617, 20.243, 20.04, 20.064, 20.728, 21.398, 21.819, 23.428, 25.06, 25.55, 25.483, 24.972, 24.928, 25.214, 25.379, 25.292, 25.276, 25.339, 24.814, 24.277, 24.225, 24.011, 23.804, 23.818, 23.889, 24.017, 24.034, 24.632, 25.113, 25.029, 24.832, 24.431, 23.327, 20.933, 18.675, 18.246, 18.412, 18.364, 18.228, 18.134, 18.097, 18.59, 18.83, 18.733, 18.743, 18.568, 18.407, 18.476, 18.647, 19.067, 19.272, 19.355, 19.348, 19.145, 19.044, 18.425, 17.997, 18.235, 18.754, 18.894, 18.941, 19.082, 19.066, 19.071, 19.145, 19.144, 19.08, 19.395, 19.644, 20.161, 20.678, 20.407, 20.287, 20.483], [8.753, 8.554, 6.306, 0.0, 5.175, 6.177, 7.507, 8.912, 9.649, 11.807, 12.459, 14.484, 18.398, 20.031, 19.863, 20.037, 20.832, 21.556, 22.14, 23.943, 25.583, 26.037, 25.885, 25.321, 25.259, 25.529, 25.744, 25.68, 25.636, 25.702, 25.201, 24.698, 24.628, 24.388, 24.163, 24.17, 24.269, 24.457, 24.514, 25.176, 25.748, 25.618, 25.314, 24.882, 23.76, 21.2, 18.634, 18.089, 18.149, 18.029, 17.892, 17.794, 17.704, 18.135, 18.441, 18.468, 18.489, 18.237, 17.987, 17.991, 17.898, 18.05, 18.184, 18.281, 18.309, 18.121, 18.024, 17.642, 17.543, 18.073, 18.854, 19.064, 19.098, 19.116, 18.9, 18.752, 18.735, 18.768, 18.74, 19.166, 19.586, 20.256, 20.78, 20.488, 20.333, 20.518], [12.144, 12.006, 10.348, 5.175, 0.0, 3.445, 5.628, 7.315, 8.664, 11.166, 12.141, 14.867, 18.857, 20.38, 20.268, 20.565, 21.378, 22.053, 22.655, 24.391, 25.967, 26.397, 26.202, 25.604, 25.521, 25.761, 25.977, 25.917, 25.86, 25.919, 25.454, 24.986, 24.902, 24.672, 24.482, 24.499, 24.607, 24.818, 24.92, 25.593, 26.164, 26.017, 25.642, 25.185, 24.108, 21.619, 19.085, 18.541, 18.564, 18.397, 18.239, 18.147, 18.043, 18.364, 18.616, 18.675, 18.702, 18.472, 18.197, 18.143, 17.928, 17.951, 18.058, 18.138, 18.191, 18.031, 17.954, 17.785, 17.877, 18.485, 19.299, 19.526, 19.547, 19.464, 19.15, 18.978, 18.941, 19.008, 19.016, 19.473, 19.92, 20.6, 21.101, 20.814, 20.643, 20.818], [12.32, 12.167, 10.48, 6.177, 3.445, 0.0, 3.893, 5.961, 7.075, 9.873, 11.19, 14.456, 18.634, 20.17, 20.008, 20.294, 21.098, 21.776, 22.386, 24.119, 25.714, 26.163, 25.983, 25.376, 25.28, 25.522, 25.74, 25.671, 25.606, 25.668, 25.222, 24.77, 24.695, 24.471, 24.268, 24.285, 24.401, 24.62, 24.746, 25.458, 26.03, 25.883, 25.539, 25.094, 24.02, 21.52, 19.05, 18.558, 18.579, 18.387, 18.213, 18.133, 18.021, 18.395, 18.683, 18.733, 18.765, 18.581, 18.357, 18.327, 18.102, 18.092, 18.187, 18.276, 18.313, 18.11, 18.02, 17.795, 17.782, 18.323, 19.076, 19.272, 19.292, 19.17, 18.837, 18.688, 18.675, 18.744, 18.728, 19.169, 19.566, 20.238, 20.743, 20.464, 20.292, 20.435], [13.104, 12.919, 11.3, 7.507, 5.628, 3.893, 0.0, 3.674, 6.206, 9.111, 10.48, 14.135, 18.46, 19.937, 19.774, 20.105, 20.975, 21.702, 22.364, 24.1, 25.691, 26.151, 25.982, 25.416, 25.349, 25.596, 25.821, 25.763, 25.685, 25.721, 25.259, 24.8, 24.731, 24.489, 24.234, 24.233, 24.359, 24.59, 24.747, 25.484, 26.098, 25.993, 25.688, 25.279, 24.236, 21.777, 19.403, 18.966, 18.98, 18.781, 18.616, 18.542, 18.445, 18.791, 19.044, 19.121, 19.169, 18.943, 18.696, 18.681, 18.404, 18.313, 18.38, 18.463, 18.563, 18.498, 18.424, 18.189, 18.136, 18.623, 19.317, 19.491, 19.504, 19.388, 19.134, 19.005, 18.926, 18.94, 18.977, 19.435, 19.827, 20.455, 20.93, 20.671, 20.501, 20.629], [13.784, 13.568, 12.054, 8.912, 7.315, 5.961, 3.674, 0.0, 4.684, 8.346, 9.804, 13.585, 18.025, 19.518, 19.32, 19.699, 20.652, 21.428, 22.079, 23.797, 25.409, 25.896, 25.73, 25.182, 25.15, 25.415, 25.634, 25.569, 25.488, 25.522, 25.04, 24.556, 24.487, 24.228, 23.957, 23.955, 24.09, 24.33, 24.504, 25.241, 25.867, 25.834, 25.548, 25.109, 24.062, 21.636, 19.288, 18.893, 18.976, 18.78, 18.6, 18.519, 18.512, 18.972, 19.215, 19.246, 19.291, 19.055, 18.783, 18.759, 18.482, 18.398, 18.469, 18.554, 18.669, 18.658, 18.611, 18.339, 18.224, 18.659, 19.296, 19.444, 19.464, 19.328, 19.067, 18.934, 18.851, 18.884, 18.921, 19.348, 19.709, 20.307, 20.766, 20.495, 20.32, 20.444], [14.238, 14.002, 12.383, 9.649, 8.664, 7.075, 6.206, 4.684, 0.0, 4.891, 7.361, 12.34, 17.166, 18.733, 18.528, 18.903, 19.852, 20.642, 21.276, 23.069, 24.783, 25.3, 25.141, 24.572, 24.545, 24.833, 25.09, 25.014, 24.924, 24.997, 24.547, 24.053, 23.984, 23.715, 23.412, 23.409, 23.552, 23.793, 23.923, 24.643, 25.269, 25.257, 25.05, 24.628, 23.575, 21.144, 18.883, 18.586, 18.686, 18.495, 18.357, 18.28, 18.243, 18.799, 19.159, 19.214, 19.265, 19.032, 18.765, 18.754, 18.45, 18.296, 18.345, 18.456, 18.554, 18.469, 18.378, 18.059, 17.897, 18.346, 19.015, 19.149, 19.182, 19.073, 18.773, 18.601, 18.52, 18.554, 18.52, 18.915, 19.265, 19.88, 20.328, 20.024, 19.818, 19.923], [15.867, 15.653, 14.098, 11.807, 11.166, 9.873, 9.111, 8.346, 4.891, 0.0, 4.86, 11.676, 16.513, 17.938, 17.74, 18.181, 19.157, 19.965, 20.593, 22.34, 24.045, 24.566, 24.4, 23.833, 23.841, 24.136, 24.431, 24.362, 24.25, 24.329, 23.912, 23.433, 23.365, 23.082, 22.75, 22.734, 22.875, 23.126, 23.247, 23.968, 24.607, 24.614, 24.503, 24.169, 23.206, 20.959, 19.097, 19.039, 19.195, 19.037, 18.93, 18.821, 18.726, 19.266, 19.661, 19.722, 19.781, 19.531, 19.231, 19.234, 18.904, 18.662, 18.677, 18.799, 18.952, 18.915, 18.823, 18.529, 18.317, 18.742, 19.368, 19.462, 19.5, 19.457, 19.253, 19.108, 18.993, 18.957, 18.9, 19.271, 19.597, 20.082, 20.424, 20.115, 19.875, 19.955], [16.189, 15.989, 14.497, 12.459, 12.141, 11.19, 10.48, 9.804, 7.361, 4.86, 0.0, 8.355, 14.118, 15.695, 15.683, 16.403, 17.57, 18.578, 19.36, 21.371, 23.2, 23.762, 23.598, 22.956, 22.973, 23.332, 23.714, 23.695, 23.578, 23.669, 23.206, 22.641, 22.582, 22.246, 21.824, 21.762, 21.9, 22.172, 22.302, 23.11, 23.832, 23.857, 23.795, 23.54, 22.576, 20.201, 18.318, 18.413, 18.606, 18.451, 18.309, 18.154, 18.022, 18.561, 18.975, 19.023, 19.067, 18.812, 18.539, 18.581, 18.267, 18.023, 18.046, 18.178, 18.399, 18.463, 18.398, 18.05, 17.837, 18.336, 19.017, 19.115, 19.153, 19.084, 18.868, 18.765, 18.679, 18.648, 18.544, 18.918, 19.219, 19.645, 19.971, 19.636, 19.395, 19.493], [16.67, 16.5, 15.41, 14.484, 14.867, 14.456, 14.135, 13.585, 12.34, 11.676, 8.355, 0.0, 7.541, 10.077, 10.588, 11.808, 13.213, 14.541, 15.549, 18.232, 20.432, 21.041, 20.899, 20.172, 20.302, 20.852, 21.286, 21.273, 21.189, 21.335, 20.796, 20.071, 20.045, 19.584, 19.001, 18.918, 19.058, 19.344, 19.435, 20.32, 21.143, 21.154, 21.122, 20.987, 20.091, 17.9, 16.685, 17.253, 17.541, 17.48, 17.301, 17.07, 16.931, 17.536, 17.972, 17.96, 17.959, 17.708, 17.464, 17.595, 17.602, 17.656, 17.738, 17.856, 18.08, 18.213, 18.286, 17.913, 17.773, 18.319, 19.052, 19.181, 19.255, 19.258, 19.021, 18.918, 18.913, 18.846, 18.538, 18.833, 19.07, 19.409, 19.78, 19.405, 19.174, 19.283], [19.365, 19.262, 18.617, 18.398, 18.857, 18.634, 18.46, 18.025, 17.166, 16.513, 14.118, 7.541, 0.0, 3.923, 6.098, 8.013, 9.446, 10.915, 12.18, 15.19, 17.394, 17.872, 17.729, 17.057, 17.399, 18.014, 18.307, 18.223, 18.186, 18.388, 17.98, 17.352, 17.347, 16.789, 16.078, 15.997, 16.151, 16.428, 16.418, 17.111, 17.84, 17.753, 17.767, 17.837, 17.324, 16.429, 17.536, 18.977, 19.303, 19.376, 19.242, 18.977, 18.788, 19.207, 19.534, 19.464, 19.414, 19.212, 18.96, 19.121, 19.475, 19.727, 19.814, 19.867, 20.199, 20.576, 20.771, 20.633, 20.537, 20.81, 21.303, 21.388, 21.461, 21.588, 21.487, 21.511, 21.567, 21.368, 20.922, 21.04, 21.126, 21.226, 21.514, 21.162, 20.907, 20.913], [20.903, 20.828, 20.243, 20.031, 20.38, 20.17, 19.937, 19.518, 18.733, 17.938, 15.695, 10.077, 3.923, 0.0, 4.323, 7.418, 9.05, 10.581, 12.139, 15.248, 17.283, 17.675, 17.519, 16.949, 17.415, 17.997, 18.27, 18.227, 18.199, 18.39, 18.061, 17.547, 17.554, 16.925, 16.065, 15.907, 16.095, 16.368, 16.366, 16.986, 17.725, 17.639, 17.652, 17.798, 17.475, 17.005, 18.688, 20.407, 20.74, 20.799, 20.689, 20.424, 20.187, 20.43, 20.694, 20.655, 20.608, 20.381, 20.077, 20.215, 20.557, 20.76, 20.828, 20.846, 21.281, 21.84, 22.024, 22.028, 22.036, 22.211, 22.582, 22.644, 22.691, 22.792, 22.723, 22.802, 22.854, 22.629, 22.202, 22.266, 22.288, 22.261, 22.498, 22.167, 21.893, 21.857], [20.77, 20.679, 20.04, 19.863, 20.268, 20.008, 19.774, 19.32, 18.528, 17.74, 15.683, 10.588, 6.098, 4.323, 0.0, 4.371, 6.721, 8.514, 10.423, 14.01, 16.3, 16.741, 16.58, 16.035, 16.544, 17.096, 17.385, 17.341, 17.331, 17.552, 17.232, 16.751, 16.765, 16.131, 15.32, 15.177, 15.383, 15.692, 15.657, 16.256, 17.004, 17.007, 17.078, 17.199, 16.816, 16.293, 18.001, 19.8, 20.221, 20.295, 20.201, 19.947, 19.76, 20.091, 20.387, 20.345, 20.335, 20.119, 19.84, 19.991, 20.279, 20.445, 20.503, 20.528, 20.908, 21.415, 21.588, 21.533, 21.5, 21.666, 22.06, 22.131, 22.196, 22.322, 22.27, 22.355, 22.405, 22.178, 21.733, 21.812, 21.852, 21.801, 22.052, 21.736, 21.473, 21.433], [20.778, 20.67, 20.064, 20.037, 20.565, 20.294, 20.105, 19.699, 18.903, 18.181, 16.403, 11.808, 8.013, 7.418, 4.371, 0.0, 3.241, 5.76, 8.236, 12.516, 15.111, 15.532, 15.313, 14.745, 15.279, 15.802, 16.07, 16.011, 16.017, 16.261, 15.954, 15.478, 15.49, 14.879, 14.145, 14.056, 14.249, 14.592, 14.524, 15.049, 15.778, 15.823, 16.05, 16.247, 15.781, 15.32, 17.388, 19.24, 19.699, 19.904, 19.873, 19.638, 19.462, 19.855, 20.195, 20.124, 20.128, 19.991, 19.805, 20.002, 20.343, 20.574, 20.656, 20.706, 21.0, 21.367, 21.554, 21.404, 21.201, 21.331, 21.742, 21.818, 21.928, 22.126, 22.117, 22.243, 22.328, 22.086, 21.595, 21.692, 21.753, 21.719, 22.004, 21.723, 21.517, 21.497], [21.341, 21.238, 20.728, 20.832, 21.378, 21.098, 20.975, 20.652, 19.852, 19.157, 17.57, 13.213, 9.446, 9.05, 6.721, 3.241, 0.0, 3.147, 6.427, 11.355, 14.131, 14.512, 14.261, 13.677, 14.272, 14.812, 15.075, 15.039, 15.084, 15.351, 15.112, 14.706, 14.721, 14.157, 13.514, 13.468, 13.651, 14.003, 13.889, 14.338, 15.036, 15.065, 15.357, 15.632, 15.235, 15.054, 17.505, 19.39, 19.845, 20.135, 20.171, 19.98, 19.807, 20.179, 20.535, 20.46, 20.455, 20.376, 20.259, 20.485, 20.883, 21.157, 21.25, 21.312, 21.554, 21.813, 22.024, 21.871, 21.56, 21.624, 22.003, 22.077, 22.204, 22.452, 22.476, 22.627, 22.736, 22.472, 21.933, 21.993, 22.047, 22.02, 22.31, 22.036, 21.865, 21.856], [21.92, 21.829, 21.398, 21.556, 22.053, 21.776, 21.702, 21.428, 20.642, 19.965, 18.578, 14.541, 10.915, 10.581, 8.514, 5.76, 3.147, 0.0, 4.3, 9.951, 12.864, 13.198, 12.943, 12.389, 13.074, 13.635, 13.936, 13.971, 14.064, 14.321, 14.106, 13.778, 13.792, 13.287, 12.775, 12.789, 12.957, 13.308, 13.169, 13.596, 14.326, 14.426, 14.748, 15.044, 14.783, 15.016, 17.822, 19.703, 20.138, 20.439, 20.517, 20.406, 20.321, 20.71, 21.064, 20.993, 20.99, 20.935, 20.849, 21.083, 21.487, 21.749, 21.825, 21.891, 22.108, 22.312, 22.545, 22.427, 22.078, 22.104, 22.459, 22.531, 22.659, 22.934, 22.973, 23.119, 23.229, 22.96, 22.413, 22.436, 22.491, 22.475, 22.755, 22.475, 22.315, 22.307], [22.268, 22.182, 21.819, 22.14, 22.655, 22.386, 22.364, 22.079, 21.276, 20.593, 19.36, 15.549, 12.18, 12.139, 10.423, 8.236, 6.427, 4.3, 0.0, 6.555, 9.934, 10.385, 10.219, 9.847, 10.82, 11.507, 11.977, 12.152, 12.252, 12.418, 12.132, 11.805, 11.851, 11.418, 11.075, 11.174, 11.317, 11.674, 11.621, 12.21, 13.072, 13.521, 14.113, 14.433, 14.249, 14.855, 17.976, 19.825, 20.248, 20.569, 20.672, 20.623, 20.739, 21.318, 21.683, 21.581, 21.567, 21.517, 21.459, 21.693, 22.127, 22.421, 22.509, 22.582, 22.754, 22.901, 23.156, 23.0, 22.547, 22.514, 22.823, 22.886, 23.022, 23.344, 23.397, 23.557, 23.708, 23.475, 22.917, 22.881, 22.918, 22.892, 23.154, 22.872, 22.713, 22.685], [23.794, 23.715, 23.428, 23.943, 24.391, 24.119, 24.1, 23.797, 23.069, 22.34, 21.371, 18.232, 15.19, 15.248, 14.01, 12.516, 11.355, 9.951, 6.555, 0.0, 4.084, 5.216, 5.525, 6.215, 8.002, 8.839, 9.674, 10.265, 10.379, 10.361, 10.195, 10.093, 10.225, 10.092, 10.245, 10.475, 10.562, 10.882, 11.027, 11.883, 12.742, 13.583, 14.657, 15.066, 14.995, 16.008, 19.437, 21.28, 21.697, 22.023, 22.139, 22.096, 22.374, 23.182, 23.529, 23.371, 23.301, 23.233, 23.212, 23.416, 23.861, 24.159, 24.255, 24.318, 24.499, 24.686, 24.933, 24.706, 24.037, 23.773, 23.889, 23.912, 24.054, 24.487, 24.669, 24.951, 25.165, 24.966, 24.403, 24.262, 24.223, 24.093, 24.283, 24.018, 23.846, 23.744], [25.351, 25.297, 25.06, 25.583, 25.967, 25.714, 25.691, 25.409, 24.783, 24.045, 23.2, 20.432, 17.394, 17.283, 16.3, 15.111, 14.131, 12.864, 9.934, 4.084, 0.0, 2.237, 3.562, 5.82, 8.057, 8.733, 9.609, 10.4, 10.534, 10.405, 10.4, 10.549, 10.718, 10.734, 11.088, 11.348, 11.411, 11.669, 11.916, 12.826, 13.564, 14.451, 15.641, 16.104, 16.204, 17.573, 21.206, 23.062, 23.434, 23.729, 23.839, 23.784, 24.066, 24.879, 25.226, 25.082, 24.969, 24.854, 24.815, 24.99, 25.437, 25.74, 25.842, 25.885, 26.104, 26.373, 26.612, 26.426, 25.721, 25.329, 25.319, 25.316, 25.442, 25.907, 26.173, 26.554, 26.795, 26.613, 26.066, 25.87, 25.796, 25.605, 25.747, 25.504, 25.336, 25.2], [25.8, 25.762, 25.55, 26.037, 26.397, 26.163, 26.151, 25.896, 25.3, 24.566, 23.762, 21.041, 17.872, 17.675, 16.741, 15.532, 14.512, 13.198, 10.385, 5.216, 2.237, 0.0, 2.147, 5.504, 7.955, 8.539, 9.379, 10.202, 10.354, 10.221, 10.285, 10.501, 10.662, 10.628, 10.933, 11.198, 11.258, 11.523, 11.78, 12.64, 13.356, 14.232, 15.427, 15.943, 16.166, 17.762, 21.602, 23.524, 23.883, 24.166, 24.281, 24.215, 24.467, 25.223, 25.574, 25.465, 25.346, 25.207, 25.152, 25.319, 25.779, 26.089, 26.19, 26.227, 26.463, 26.769, 27.018, 26.881, 26.229, 25.84, 25.826, 25.827, 25.942, 26.402, 26.659, 27.035, 27.272, 27.094, 26.559, 26.356, 26.292, 26.109, 26.251, 26.019, 25.857, 25.733], [25.736, 25.694, 25.483, 25.885, 26.202, 25.983, 25.982, 25.73, 25.141, 24.4, 23.598, 20.899, 17.729, 17.519, 16.58, 15.313, 14.261, 12.943, 10.219, 5.525, 3.562, 2.147, 0.0, 4.256, 7.089, 7.698, 8.581, 9.48, 9.64, 9.548, 9.685, 9.947, 10.114, 10.026, 10.317, 10.598, 10.66, 10.964, 11.248, 12.106, 12.872, 13.734, 14.925, 15.469, 15.708, 17.33, 21.256, 23.236, 23.609, 23.887, 23.992, 23.917, 24.166, 24.927, 25.291, 25.193, 25.103, 24.985, 24.935, 25.103, 25.557, 25.856, 25.953, 25.994, 26.229, 26.53, 26.783, 26.65, 26.029, 25.682, 25.703, 25.717, 25.837, 26.291, 26.523, 26.881, 27.117, 26.944, 26.426, 26.256, 26.214, 26.043, 26.198, 25.965, 25.805, 25.694], [25.259, 25.201, 24.972, 25.321, 25.604, 25.376, 25.416, 25.182, 24.572, 23.833, 22.956, 20.172, 17.057, 16.949, 16.035, 14.745, 13.677, 12.389, 9.847, 6.215, 5.82, 5.504, 4.256, 0.0, 3.479, 4.67, 5.884, 7.102, 7.289, 7.272, 7.557, 7.975, 8.215, 8.25, 8.931, 9.331, 9.383, 9.715, 10.055, 11.072, 11.937, 12.769, 13.924, 14.446, 14.592, 16.069, 20.085, 22.144, 22.562, 22.848, 22.918, 22.852, 23.104, 23.879, 24.241, 24.106, 24.03, 24.015, 24.084, 24.282, 24.762, 25.081, 25.182, 25.247, 25.456, 25.699, 25.981, 25.807, 25.16, 24.861, 24.927, 24.94, 25.078, 25.519, 25.728, 26.075, 26.343, 26.172, 25.63, 25.511, 25.466, 25.311, 25.468, 25.207, 25.058, 24.952], [25.246, 25.177, 24.928, 25.259, 25.521, 25.28, 25.349, 25.15, 24.545, 23.841, 22.973, 20.302, 17.399, 17.415, 16.544, 15.279, 14.272, 13.074, 10.82, 8.002, 8.057, 7.955, 7.089, 3.479, 0.0, 2.175, 4.191, 5.797, 6.002, 6.067, 6.515, 7.088, 7.363, 7.648, 8.79, 9.276, 9.292, 9.58, 9.918, 11.008, 11.848, 12.598, 13.682, 14.166, 14.192, 15.468, 19.494, 21.569, 22.003, 22.289, 22.344, 22.299, 22.547, 23.313, 23.659, 23.505, 23.417, 23.464, 23.654, 23.883, 24.367, 24.688, 24.79, 24.869, 25.069, 25.291, 25.597, 25.388, 24.717, 24.435, 24.52, 24.535, 24.685, 25.124, 25.338, 25.675, 25.964, 25.81, 25.257, 25.161, 25.084, 24.928, 25.076, 24.796, 24.66, 24.554], [25.518, 25.451, 25.214, 25.529, 25.761, 25.522, 25.596, 25.415, 24.833, 24.136, 23.332, 20.852, 18.014, 17.997, 17.096, 15.802, 14.812, 13.635, 11.507, 8.839, 8.733, 8.539, 7.698, 4.67, 2.175, 0.0, 2.841, 4.816, 5.035, 5.191, 5.974, 6.764, 7.026, 7.481, 8.862, 9.393, 9.386, 9.67, 10.016, 11.047, 11.758, 12.466, 13.573, 14.088, 14.163, 15.564, 19.708, 21.792, 22.209, 22.484, 22.547, 22.504, 22.749, 23.497, 23.84, 23.69, 23.603, 23.642, 23.841, 24.08, 24.559, 24.885, 24.993, 25.074, 25.286, 25.513, 25.824, 25.621, 24.943, 24.649, 24.737, 24.753, 24.9, 25.334, 25.54, 25.878, 26.179, 26.027, 25.48, 25.39, 25.305, 25.129, 25.26, 24.989, 24.86, 24.756], [25.624, 25.561, 25.379, 25.744, 25.977, 25.74, 25.821, 25.634, 25.09, 24.431, 23.714, 21.286, 18.307, 18.27, 17.385, 16.07, 15.075, 13.936, 11.977, 9.674, 9.609, 9.379, 8.581, 5.884, 4.191, 2.841, 0.0, 2.424, 2.871, 3.145, 4.588, 5.854, 6.129, 6.803, 8.54, 9.182, 9.147, 9.381, 9.651, 10.519, 11.027, 11.655, 12.756, 13.281, 13.457, 15.203, 19.705, 21.881, 22.321, 22.613, 22.673, 22.625, 22.88, 23.643, 23.985, 23.809, 23.719, 23.772, 23.967, 24.222, 24.776, 25.163, 25.286, 25.363, 25.556, 25.758, 26.087, 25.899, 25.207, 24.903, 24.979, 24.988, 25.13, 25.569, 25.785, 26.127, 26.438, 26.273, 25.723, 25.65, 25.562, 25.365, 25.501, 25.246, 25.123, 25.022], [25.518, 25.456, 25.292, 25.68, 25.917, 25.671, 25.763, 25.569, 25.014, 24.362, 23.695, 21.273, 18.223, 18.227, 17.341, 16.011, 15.039, 13.971, 12.152, 10.265, 10.4, 10.202, 9.48, 7.102, 5.797, 4.816, 2.424, 0.0, 1.13, 2.11, 3.976, 5.474, 5.758, 6.533, 8.415, 9.117, 9.081, 9.307, 9.451, 10.074, 10.374, 10.877, 11.932, 12.449, 12.672, 14.642, 19.368, 21.623, 22.087, 22.391, 22.445, 22.388, 22.655, 23.452, 23.811, 23.613, 23.525, 23.605, 23.797, 24.063, 24.674, 25.111, 25.251, 25.331, 25.506, 25.668, 26.007, 25.83, 25.148, 24.867, 24.958, 24.968, 25.108, 25.542, 25.745, 26.07, 26.385, 26.209, 25.644, 25.585, 25.497, 25.297, 25.441, 25.188, 25.063, 24.97], [25.523, 25.461, 25.276, 25.636, 25.86, 25.606, 25.685, 25.488, 24.924, 24.25, 23.578, 21.189, 18.186, 18.199, 17.331, 16.017, 15.084, 14.064, 12.252, 10.379, 10.534, 10.354, 9.64, 7.289, 6.002, 5.035, 2.871, 1.13, 0.0, 1.641, 3.853, 5.379, 5.665, 6.477, 8.346, 9.045, 9.033, 9.308, 9.532, 10.2, 10.517, 11.01, 12.075, 12.588, 12.805, 14.723, 19.398, 21.639, 22.091, 22.381, 22.429, 22.369, 22.636, 23.435, 23.792, 23.593, 23.502, 23.576, 23.763, 24.024, 24.616, 25.044, 25.191, 25.277, 25.455, 25.614, 25.949, 25.767, 25.08, 24.805, 24.906, 24.916, 25.057, 25.484, 25.673, 25.991, 26.306, 26.128, 25.561, 25.501, 25.411, 25.209, 25.35, 25.094, 24.969, 24.877], [25.582, 25.524, 25.339, 25.702, 25.919, 25.668, 25.721, 25.522, 24.997, 24.329, 23.669, 21.335, 18.388, 18.39, 17.552, 16.261, 15.351, 14.321, 12.418, 10.361, 10.405, 10.221, 9.548, 7.272, 6.067, 5.191, 3.145, 2.11, 1.641, 0.0, 2.752, 4.676, 4.988, 5.906, 7.95, 8.668, 8.637, 8.89, 9.216, 10.024, 10.425, 11.014, 12.148, 12.655, 12.885, 14.839, 19.537, 21.773, 22.226, 22.521, 22.568, 22.515, 22.782, 23.565, 23.905, 23.7, 23.598, 23.657, 23.841, 24.097, 24.699, 25.146, 25.297, 25.386, 25.56, 25.728, 26.077, 25.891, 25.164, 24.858, 24.933, 24.937, 25.075, 25.509, 25.718, 26.055, 26.372, 26.19, 25.628, 25.568, 25.476, 25.266, 25.41, 25.16, 25.04, 24.943], [25.088, 25.024, 24.814, 25.201, 25.454, 25.222, 25.259, 25.04, 24.547, 23.912, 23.206, 20.796, 17.98, 18.061, 17.232, 15.954, 15.112, 14.106, 12.132, 10.195, 10.4, 10.285, 9.685, 7.557, 6.515, 5.974, 4.588, 3.976, 3.853, 2.752, 0.0, 2.517, 3.016, 4.079, 6.657, 7.482, 7.438, 7.682, 8.079, 9.087, 9.651, 10.425, 11.598, 12.05, 12.17, 14.002, 18.683, 20.961, 21.455, 21.772, 21.82, 21.771, 22.065, 22.882, 23.239, 23.023, 22.918, 22.995, 23.19, 23.453, 24.097, 24.611, 24.777, 24.873, 25.059, 25.235, 25.603, 25.414, 24.688, 24.393, 24.463, 24.467, 24.611, 25.04, 25.246, 25.575, 25.885, 25.704, 25.143, 25.098, 25.021, 24.828, 24.985, 24.745, 24.641, 24.555], [24.579, 24.505, 24.277, 24.698, 24.986, 24.77, 24.8, 24.556, 24.053, 23.433, 22.641, 20.071, 17.352, 17.547, 16.751, 15.478, 14.706, 13.778, 11.805, 10.093, 10.549, 10.501, 9.947, 7.975, 7.088, 6.764, 5.854, 5.474, 5.379, 4.676, 2.517, 0.0, 1.173, 2.639, 5.56, 6.509, 6.506, 6.812, 7.23, 8.443, 9.143, 10.079, 11.276, 11.665, 11.626, 13.217, 17.805, 20.108, 20.617, 20.94, 20.989, 20.932, 21.255, 22.118, 22.499, 22.285, 22.188, 22.28, 22.486, 22.759, 23.434, 23.996, 24.176, 24.28, 24.475, 24.658, 25.03, 24.816, 24.118, 23.86, 23.95, 23.961, 24.115, 24.528, 24.716, 25.026, 25.328, 25.15, 24.583, 24.543, 24.47, 24.294, 24.466, 24.235, 24.145, 24.074], [24.518, 24.448, 24.225, 24.628, 24.902, 24.695, 24.731, 24.487, 23.984, 23.365, 22.582, 20.045, 17.347, 17.554, 16.765, 15.49, 14.721, 13.792, 11.851, 10.225, 10.718, 10.662, 10.114, 8.215, 7.363, 7.026, 6.129, 5.758, 5.665, 4.988, 3.016, 1.173, 0.0, 2.28, 5.458, 6.425, 6.413, 6.722, 7.115, 8.326, 9.041, 9.946, 11.124, 11.522, 11.481, 13.076, 17.706, 20.04, 20.554, 20.869, 20.91, 20.847, 21.159, 22.007, 22.389, 22.175, 22.077, 22.169, 22.381, 22.661, 23.341, 23.904, 24.082, 24.187, 24.377, 24.553, 24.936, 24.727, 24.03, 23.782, 23.882, 23.895, 24.045, 24.454, 24.638, 24.941, 25.241, 25.062, 24.497, 24.467, 24.399, 24.227, 24.399, 24.17, 24.086, 24.021], [24.32, 24.247, 24.011, 24.388, 24.672, 24.471, 24.489, 24.228, 23.715, 23.082, 22.246, 19.584, 16.789, 16.925, 16.131, 14.879, 14.157, 13.287, 11.418, 10.092, 10.734, 10.628, 10.026, 8.25, 7.648, 7.481, 6.803, 6.533, 6.477, 5.906, 4.079, 2.639, 2.28, 0.0, 3.57, 4.702, 4.753, 5.19, 5.693, 7.114, 8.057, 9.084, 10.331, 10.812, 10.81, 12.474, 17.232, 19.647, 20.153, 20.455, 20.497, 20.421, 20.732, 21.604, 22.008, 21.81, 21.717, 21.785, 21.968, 22.245, 22.936, 23.515, 23.694, 23.798, 24.002, 24.211, 24.605, 24.442, 23.834, 23.624, 23.751, 23.771, 23.923, 24.331, 24.497, 24.786, 25.067, 24.879, 24.327, 24.316, 24.266, 24.11, 24.302, 24.07, 23.968, 23.9], [24.13, 24.059, 23.804, 24.163, 24.482, 24.268, 24.234, 23.957, 23.412, 22.75, 21.824, 19.001, 16.078, 16.065, 15.32, 14.145, 13.514, 12.775, 11.075, 10.245, 11.088, 10.933, 10.317, 8.931, 8.79, 8.862, 8.54, 8.415, 8.346, 7.95, 6.657, 5.56, 5.458, 3.57, 0.0, 1.557, 1.959, 2.77, 3.709, 5.622, 6.939, 8.155, 9.624, 10.295, 10.354, 12.001, 16.823, 19.3, 19.715, 19.983, 20.053, 19.964, 20.25, 21.115, 21.539, 21.387, 21.304, 21.32, 21.441, 21.699, 22.365, 22.922, 23.094, 23.182, 23.416, 23.75, 24.134, 24.046, 23.671, 23.537, 23.699, 23.741, 23.893, 24.276, 24.404, 24.664, 24.892, 24.683, 24.168, 24.171, 24.133, 24.009, 24.247, 24.007, 23.872, 23.792], [24.134, 24.073, 23.818, 24.17, 24.499, 24.285, 24.233, 23.955, 23.409, 22.734, 21.762, 18.918, 15.997, 15.907, 15.177, 14.056, 13.468, 12.789, 11.174, 10.475, 11.348, 11.198, 10.598, 9.331, 9.276, 9.393, 9.182, 9.117, 9.045, 8.668, 7.482, 6.509, 6.425, 4.702, 1.557, 0.0, 1.167, 2.24, 3.421, 5.48, 6.903, 8.133, 9.669, 10.442, 10.512, 12.033, 16.782, 19.292, 19.701, 19.958, 20.031, 19.93, 20.192, 21.026, 21.449, 21.309, 21.227, 21.236, 21.355, 21.608, 22.252, 22.794, 22.96, 23.037, 23.282, 23.665, 24.042, 23.966, 23.673, 23.576, 23.742, 23.79, 23.937, 24.302, 24.424, 24.682, 24.898, 24.684, 24.193, 24.207, 24.164, 24.038, 24.277, 24.034, 23.892, 23.81], [24.173, 24.116, 23.889, 24.269, 24.607, 24.401, 24.359, 24.09, 23.552, 22.875, 21.9, 19.058, 16.151, 16.095, 15.383, 14.249, 13.651, 12.957, 11.317, 10.562, 11.411, 11.258, 10.66, 9.383, 9.292, 9.386, 9.147, 9.081, 9.033, 8.637, 7.438, 6.506, 6.413, 4.753, 1.959, 1.167, 0.0, 1.434, 3.0, 5.202, 6.666, 7.926, 9.51, 10.335, 10.434, 12.012, 16.81, 19.312, 19.727, 19.992, 20.064, 19.975, 20.243, 21.071, 21.48, 21.326, 21.239, 21.263, 21.389, 21.646, 22.312, 22.875, 23.043, 23.118, 23.352, 23.716, 24.099, 24.018, 23.711, 23.606, 23.774, 23.823, 23.97, 24.347, 24.484, 24.752, 24.974, 24.761, 24.266, 24.281, 24.241, 24.119, 24.366, 24.123, 23.986, 23.905], [24.262, 24.21, 24.017, 24.457, 24.818, 24.62, 24.59, 24.33, 23.793, 23.126, 22.172, 19.344, 16.428, 16.368, 15.692, 14.592, 14.003, 13.308, 11.674, 10.882, 11.669, 11.523, 10.964, 9.715, 9.58, 9.67, 9.381, 9.307, 9.308, 8.89, 7.682, 6.812, 6.722, 5.19, 2.77, 2.24, 1.434, 0.0, 2.241, 4.744, 6.28, 7.666, 9.322, 10.176, 10.32, 12.009, 16.901, 19.414, 19.816, 20.081, 20.16, 20.075, 20.342, 21.174, 21.589, 21.437, 21.345, 21.374, 21.511, 21.776, 22.47, 23.06, 23.235, 23.306, 23.533, 23.9, 24.288, 24.203, 23.884, 23.768, 23.927, 23.975, 24.123, 24.507, 24.656, 24.933, 25.157, 24.945, 24.456, 24.47, 24.428, 24.307, 24.554, 24.313, 24.178, 24.093], [24.25, 24.202, 24.034, 24.514, 24.92, 24.746, 24.747, 24.504, 23.923, 23.247, 22.302, 19.435, 16.418, 16.366, 15.657, 14.524, 13.889, 13.169, 11.621, 11.027, 11.916, 11.78, 11.248, 10.055, 9.918, 10.016, 9.651, 9.451, 9.532, 9.216, 8.079, 7.23, 7.115, 5.693, 3.709, 3.421, 3.0, 2.241, 0.0, 2.956, 4.892, 6.623, 8.395, 9.25, 9.458, 11.454, 16.645, 19.246, 19.672, 19.978, 20.092, 20.006, 20.282, 21.155, 21.604, 21.457, 21.363, 21.39, 21.52, 21.799, 22.532, 23.143, 23.32, 23.393, 23.62, 23.982, 24.373, 24.276, 23.934, 23.834, 24.014, 24.067, 24.222, 24.616, 24.772, 25.036, 25.232, 24.996, 24.505, 24.53, 24.495, 24.374, 24.613, 24.369, 24.228, 24.144], [24.761, 24.721, 24.632, 25.176, 25.593, 25.458, 25.484, 25.241, 24.643, 23.968, 23.11, 20.32, 17.111, 16.986, 16.256, 15.049, 14.338, 13.596, 12.21, 11.883, 12.826, 12.64, 12.106, 11.072, 11.008, 11.047, 10.519, 10.074, 10.2, 10.024, 9.087, 8.443, 8.326, 7.114, 5.622, 5.48, 5.202, 4.744, 2.956, 0.0, 2.733, 5.158, 7.143, 8.121, 8.604, 11.331, 17.003, 19.707, 20.152, 20.519, 20.678, 20.592, 20.874, 21.727, 22.162, 21.988, 21.89, 21.934, 22.027, 22.309, 23.119, 23.786, 23.974, 24.037, 24.273, 24.647, 25.037, 24.975, 24.656, 24.568, 24.739, 24.788, 24.945, 25.361, 25.541, 25.797, 25.953, 25.671, 25.185, 25.209, 25.175, 25.029, 25.252, 25.023, 24.879, 24.795], [25.166, 25.135, 25.113, 25.748, 26.164, 26.03, 26.098, 25.867, 25.269, 24.607, 23.832, 21.143, 17.84, 17.725, 17.004, 15.778, 15.036, 14.326, 13.072, 12.742, 13.564, 13.356, 12.872, 11.937, 11.848, 11.758, 11.027, 10.374, 10.517, 10.425, 9.651, 9.143, 9.041, 8.057, 6.939, 6.903, 6.666, 6.28, 4.892, 2.733, 0.0, 3.298, 5.888, 7.024, 7.78, 11.206, 17.269, 20.045, 20.502, 20.888, 21.059, 20.967, 21.238, 22.091, 22.531, 22.326, 22.223, 22.304, 22.396, 22.686, 23.607, 24.382, 24.599, 24.643, 24.85, 25.209, 25.605, 25.564, 25.237, 25.11, 25.235, 25.268, 25.425, 25.876, 26.113, 26.41, 26.592, 26.298, 25.805, 25.815, 25.763, 25.59, 25.806, 25.6, 25.463, 25.371], [25.072, 25.048, 25.029, 25.618, 26.017, 25.883, 25.993, 25.834, 25.257, 24.614, 23.857, 21.154, 17.753, 17.639, 17.007, 15.823, 15.065, 14.426, 13.521, 13.583, 14.451, 14.232, 13.734, 12.769, 12.598, 12.466, 11.655, 10.877, 11.01, 11.014, 10.425, 10.079, 9.946, 9.084, 8.155, 8.133, 7.926, 7.666, 6.623, 5.158, 3.298, 0.0, 3.484, 5.291, 6.401, 10.37, 16.804, 19.689, 20.126, 20.497, 20.667, 20.566, 20.762, 21.57, 22.039, 21.842, 21.757, 21.888, 22.01, 22.314, 23.302, 24.14, 24.374, 24.406, 24.591, 24.908, 25.301, 25.305, 25.057, 24.976, 25.117, 25.148, 25.304, 25.756, 26.01, 26.34, 26.559, 26.268, 25.757, 25.79, 25.748, 25.592, 25.836, 25.635, 25.499, 25.424], [24.867, 24.852, 24.832, 25.314, 25.642, 25.539, 25.688, 25.548, 25.05, 24.503, 23.795, 21.122, 17.767, 17.652, 17.078, 16.05, 15.357, 14.748, 14.113, 14.657, 15.641, 15.427, 14.925, 13.924, 13.682, 13.573, 12.756, 11.932, 12.075, 12.148, 11.598, 11.276, 11.124, 10.331, 9.624, 9.669, 9.51, 9.322, 8.395, 7.143, 5.888, 3.484, 0.0, 2.651, 4.632, 9.347, 16.026, 18.978, 19.445, 19.793, 19.959, 19.878, 20.065, 20.854, 21.351, 21.19, 21.133, 21.293, 21.442, 21.766, 22.803, 23.686, 23.931, 23.967, 24.163, 24.455, 24.845, 24.882, 24.723, 24.703, 24.865, 24.897, 25.049, 25.49, 25.728, 26.043, 26.284, 26.016, 25.508, 25.576, 25.555, 25.431, 25.691, 25.487, 25.357, 25.314], [24.464, 24.455, 24.431, 24.882, 25.185, 25.094, 25.279, 25.109, 24.628, 24.169, 23.54, 20.987, 17.837, 17.798, 17.199, 16.247, 15.632, 15.044, 14.433, 15.066, 16.104, 15.943, 15.469, 14.446, 14.166, 14.088, 13.281, 12.449, 12.588, 12.655, 12.05, 11.665, 11.522, 10.812, 10.295, 10.442, 10.335, 10.176, 9.25, 8.121, 7.024, 5.291, 2.651, 0.0, 2.966, 8.383, 15.137, 18.109, 18.648, 18.997, 19.167, 19.111, 19.375, 20.271, 20.806, 20.639, 20.585, 20.738, 20.887, 21.216, 22.292, 23.225, 23.489, 23.545, 23.738, 24.003, 24.402, 24.402, 24.221, 24.204, 24.371, 24.401, 24.559, 25.013, 25.241, 25.534, 25.789, 25.556, 25.053, 25.121, 25.103, 24.985, 25.241, 25.035, 24.906, 24.864], [23.438, 23.41, 23.327, 23.76, 24.108, 24.02, 24.236, 24.062, 23.575, 23.206, 22.576, 20.091, 17.324, 17.475, 16.816, 15.781, 15.235, 14.783, 14.249, 14.995, 16.204, 16.166, 15.708, 14.592, 14.192, 14.163, 13.457, 12.672, 12.805, 12.885, 12.17, 11.626, 11.481, 10.81, 10.354, 10.512, 10.434, 10.32, 9.458, 8.604, 7.78, 6.401, 4.632, 2.966, 0.0, 5.945, 13.046, 16.164, 16.792, 17.206, 17.392, 17.348, 17.693, 18.757, 19.32, 19.114, 19.077, 19.276, 19.491, 19.842, 20.934, 21.911, 22.188, 22.267, 22.451, 22.656, 23.045, 22.922, 22.722, 22.774, 22.996, 23.033, 23.219, 23.712, 23.938, 24.229, 24.516, 24.336, 23.844, 23.947, 23.933, 23.839, 24.134, 23.913, 23.786, 23.753], [21.298, 21.21, 20.933, 21.2, 21.619, 21.52, 21.777, 21.636, 21.144, 20.959, 20.201, 17.9, 16.429, 17.005, 16.293, 15.32, 15.054, 15.016, 14.855, 16.008, 17.573, 17.762, 17.33, 16.069, 15.468, 15.564, 15.203, 14.642, 14.723, 14.839, 14.002, 13.217, 13.076, 12.474, 12.001, 12.033, 12.012, 12.009, 11.454, 11.331, 11.206, 10.37, 9.347, 8.383, 5.945, 0.0, 7.767, 11.544, 12.461, 12.979, 13.149, 13.078, 13.485, 14.891, 15.583, 15.374, 15.385, 15.752, 16.183, 16.597, 17.644, 18.633, 18.936, 19.062, 19.244, 19.334, 19.669, 19.356, 19.275, 19.604, 20.011, 20.094, 20.32, 20.815, 20.979, 21.207, 21.552, 21.469, 20.998, 21.263, 21.305, 21.307, 21.711, 21.445, 21.325, 21.344], [19.336, 19.183, 18.675, 18.634, 19.085, 19.05, 19.403, 19.288, 18.883, 19.097, 18.318, 16.685, 17.536, 18.688, 18.001, 17.388, 17.505, 17.822, 17.976, 19.437, 21.206, 21.602, 21.256, 20.085, 19.494, 19.708, 19.705, 19.368, 19.398, 19.537, 18.683, 17.805, 17.706, 17.232, 16.823, 16.782, 16.81, 16.901, 16.645, 17.003, 17.269, 16.804, 16.026, 15.137, 13.046, 7.767, 0.0, 5.088, 7.09, 7.762, 8.012, 8.025, 8.735, 10.739, 11.615, 11.409, 11.497, 12.048, 12.709, 13.168, 14.056, 15.1, 15.477, 15.701, 15.839, 15.673, 15.938, 15.51, 15.779, 16.554, 17.253, 17.418, 17.682, 18.071, 18.053, 18.066, 18.403, 18.49, 18.105, 18.555, 18.774, 19.062, 19.605, 19.297, 19.194, 19.33], [18.945, 18.791, 18.246, 18.089, 18.541, 18.558, 18.966, 18.893, 18.586, 19.039, 18.413, 17.253, 18.977, 20.407, 19.8, 19.24, 19.39, 19.703, 19.825, 21.28, 23.062, 23.524, 23.236, 22.144, 21.569, 21.792, 21.881, 21.623, 21.639, 21.773, 20.961, 20.108, 20.04, 19.647, 19.3, 19.292, 19.312, 19.414, 19.246, 19.707, 20.045, 19.689, 18.978, 18.109, 16.164, 11.544, 5.088, 0.0, 3.404, 4.909, 5.725, 6.228, 7.399, 9.602, 10.434, 10.268, 10.379, 10.933, 11.692, 12.152, 12.919, 13.995, 14.398, 14.676, 14.704, 14.342, 14.559, 14.125, 14.654, 15.643, 16.474, 16.675, 16.953, 17.255, 17.142, 17.093, 17.424, 17.622, 17.343, 17.836, 18.172, 18.793, 19.488, 19.187, 19.102, 19.29], [19.101, 18.952, 18.412, 18.149, 18.564, 18.579, 18.98, 18.976, 18.686, 19.195, 18.606, 17.541, 19.303, 20.74, 20.221, 19.699, 19.845, 20.138, 20.248, 21.697, 23.434, 23.883, 23.609, 22.562, 22.003, 22.209, 22.321, 22.087, 22.091, 22.226, 21.455, 20.617, 20.554, 20.153, 19.715, 19.701, 19.727, 19.816, 19.672, 20.152, 20.502, 20.126, 19.445, 18.648, 16.792, 12.461, 7.09, 3.404, 0.0, 2.641, 4.319, 5.266, 6.631, 8.913, 9.834, 9.855, 10.025, 10.504, 11.272, 11.707, 12.403, 13.453, 13.859, 14.117, 14.096, 13.775, 13.961, 13.656, 14.595, 15.706, 16.586, 16.816, 17.068, 17.325, 17.18, 17.148, 17.454, 17.651, 17.436, 17.946, 18.277, 19.026, 19.832, 19.579, 19.503, 19.677], [19.09, 18.934, 18.364, 18.029, 18.397, 18.387, 18.781, 18.78, 18.495, 19.037, 18.451, 17.48, 19.376, 20.799, 20.295, 19.904, 20.135, 20.439, 20.569, 22.023, 23.729, 24.166, 23.887, 22.848, 22.289, 22.484, 22.613, 22.391, 22.381, 22.521, 21.772, 20.94, 20.869, 20.455, 19.983, 19.958, 19.992, 20.081, 19.978, 20.519, 20.888, 20.497, 19.793, 18.997, 17.206, 12.979, 7.762, 4.909, 2.641, 0.0, 2.375, 3.737, 5.44, 8.002, 9.089, 9.284, 9.575, 10.014, 10.809, 11.262, 11.88, 12.898, 13.31, 13.55, 13.508, 13.218, 13.398, 13.095, 14.209, 15.383, 16.29, 16.535, 16.762, 16.995, 16.818, 16.756, 17.053, 17.265, 17.097, 17.644, 17.972, 18.725, 19.579, 19.358, 19.288, 19.464], [18.961, 18.796, 18.228, 17.892, 18.239, 18.213, 18.616, 18.6, 18.357, 18.93, 18.309, 17.301, 19.242, 20.689, 20.201, 19.873, 20.171, 20.517, 20.672, 22.139, 23.839, 24.281, 23.992, 22.918, 22.344, 22.547, 22.673, 22.445, 22.429, 22.568, 21.82, 20.989, 20.91, 20.497, 20.053, 20.031, 20.064, 20.16, 20.092, 20.678, 21.059, 20.667, 19.959, 19.167, 17.392, 13.149, 8.012, 5.725, 4.319, 2.375, 0.0, 1.957, 4.284, 7.304, 8.493, 8.692, 9.064, 9.631, 10.535, 11.012, 11.658, 12.698, 13.118, 13.341, 13.292, 12.943, 13.11, 12.741, 13.81, 15.034, 15.975, 16.227, 16.445, 16.658, 16.463, 16.375, 16.69, 16.923, 16.753, 17.331, 17.663, 18.414, 19.283, 19.067, 19.032, 19.226], [18.876, 18.708, 18.134, 17.794, 18.147, 18.133, 18.542, 18.519, 18.28, 18.821, 18.154, 17.07, 18.977, 20.424, 19.947, 19.638, 19.98, 20.406, 20.623, 22.096, 23.784, 24.215, 23.917, 22.852, 22.299, 22.504, 22.625, 22.388, 22.369, 22.515, 21.771, 20.932, 20.847, 20.421, 19.964, 19.93, 19.975, 20.075, 20.006, 20.592, 20.967, 20.566, 19.878, 19.111, 17.348, 13.078, 8.025, 6.228, 5.266, 3.737, 1.957, 0.0, 2.964, 6.588, 8.014, 8.3, 8.719, 9.273, 10.18, 10.682, 11.359, 12.414, 12.853, 13.068, 13.022, 12.681, 12.825, 12.454, 13.558, 14.846, 15.82, 16.078, 16.295, 16.513, 16.336, 16.231, 16.545, 16.788, 16.627, 17.239, 17.584, 18.311, 19.158, 18.935, 18.917, 19.148], [18.838, 18.678, 18.097, 17.704, 18.043, 18.021, 18.445, 18.512, 18.243, 18.726, 18.022, 16.931, 18.788, 20.187, 19.76, 19.462, 19.807, 20.321, 20.739, 22.374, 24.066, 24.467, 24.166, 23.104, 22.547, 22.749, 22.88, 22.655, 22.636, 22.782, 22.065, 21.255, 21.159, 20.732, 20.25, 20.192, 20.243, 20.342, 20.282, 20.874, 21.238, 20.762, 20.065, 19.375, 17.693, 13.485, 8.735, 7.399, 6.631, 5.44, 4.284, 2.964, 0.0, 4.377, 6.345, 6.931, 7.474, 8.16, 9.198, 9.761, 10.495, 11.6, 12.069, 12.283, 12.226, 11.903, 12.029, 11.805, 13.18, 14.606, 15.628, 15.891, 16.107, 16.343, 16.169, 16.049, 16.362, 16.604, 16.456, 17.124, 17.484, 18.234, 19.069, 18.841, 18.831, 19.088], [19.254, 19.123, 18.59, 18.135, 18.364, 18.395, 18.791, 18.972, 18.799, 19.266, 18.561, 17.536, 19.207, 20.43, 20.091, 19.855, 20.179, 20.71, 21.318, 23.182, 24.879, 25.223, 24.927, 23.879, 23.313, 23.497, 23.643, 23.452, 23.435, 23.565, 22.882, 22.118, 22.007, 21.604, 21.115, 21.026, 21.071, 21.174, 21.155, 21.727, 22.091, 21.57, 20.854, 20.271, 18.757, 14.891, 10.739, 9.602, 8.913, 8.002, 7.304, 6.588, 4.377, 0.0, 2.849, 4.388, 5.312, 6.344, 7.669, 8.288, 9.086, 10.387, 10.941, 11.149, 11.284, 11.297, 11.496, 11.759, 13.684, 15.201, 16.182, 16.431, 16.612, 16.793, 16.567, 16.407, 16.701, 16.943, 16.859, 17.546, 17.889, 18.644, 19.451, 19.218, 19.215, 19.484], [19.456, 19.326, 18.83, 18.441, 18.616, 18.683, 19.044, 19.215, 19.159, 19.661, 18.975, 17.972, 19.534, 20.694, 20.387, 20.195, 20.535, 21.064, 21.683, 23.529, 25.226, 25.574, 25.291, 24.241, 23.659, 23.84, 23.985, 23.811, 23.792, 23.905, 23.239, 22.499, 22.389, 22.008, 21.539, 21.449, 21.48, 21.589, 21.604, 22.162, 22.531, 22.039, 21.351, 20.806, 19.32, 15.583, 11.615, 10.434, 9.834, 9.089, 8.493, 8.014, 6.345, 2.849, 0.0, 2.411, 3.81, 5.322, 6.968, 7.577, 8.434, 9.891, 10.493, 10.696, 10.941, 11.16, 11.414, 11.732, 13.764, 15.26, 16.21, 16.462, 16.632, 16.795, 16.559, 16.403, 16.723, 16.998, 16.956, 17.633, 17.955, 18.71, 19.52, 19.282, 19.27, 19.53], [19.334, 19.197, 18.733, 18.468, 18.675, 18.733, 19.121, 19.246, 19.214, 19.722, 19.023, 17.96, 19.464, 20.655, 20.345, 20.124, 20.46, 20.993, 21.581, 23.371, 25.082, 25.465, 25.193, 24.106, 23.505, 23.69, 23.809, 23.613, 23.593, 23.7, 23.023, 22.285, 22.175, 21.81, 21.387, 21.309, 21.326, 21.437, 21.457, 21.988, 22.326, 21.842, 21.19, 20.639, 19.114, 15.374, 11.409, 10.268, 9.855, 9.284, 8.692, 8.3, 6.931, 4.388, 2.411, 0.0, 2.181, 4.663, 6.513, 7.121, 8.217, 9.962, 10.654, 10.88, 11.104, 11.22, 11.59, 11.843, 13.643, 15.052, 15.972, 16.208, 16.402, 16.603, 16.407, 16.302, 16.65, 16.909, 16.814, 17.448, 17.74, 18.454, 19.251, 19.001, 18.985, 19.225], [19.32, 19.198, 18.743, 18.489, 18.702, 18.765, 19.169, 19.291, 19.265, 19.781, 19.067, 17.959, 19.414, 20.608, 20.335, 20.128, 20.455, 20.99, 21.567, 23.301, 24.969, 25.346, 25.103, 24.03, 23.417, 23.603, 23.719, 23.525, 23.502, 23.598, 22.918, 22.188, 22.077, 21.717, 21.304, 21.227, 21.239, 21.345, 21.363, 21.89, 22.223, 21.757, 21.133, 20.585, 19.077, 15.385, 11.497, 10.379, 10.025, 9.575, 9.064, 8.719, 7.474, 5.312, 3.81, 2.181, 0.0, 3.401, 5.719, 6.365, 7.688, 9.693, 10.471, 10.7, 10.9, 11.05, 11.553, 11.902, 13.651, 15.016, 15.919, 16.149, 16.341, 16.571, 16.436, 16.386, 16.733, 16.967, 16.834, 17.439, 17.711, 18.391, 19.176, 18.917, 18.886, 19.102], [19.168, 19.055, 18.568, 18.237, 18.472, 18.581, 18.943, 19.055, 19.032, 19.531, 18.812, 17.708, 19.212, 20.381, 20.119, 19.991, 20.376, 20.935, 21.517, 23.233, 24.854, 25.207, 24.985, 24.015, 23.464, 23.642, 23.772, 23.605, 23.576, 23.657, 22.995, 22.28, 22.169, 21.785, 21.32, 21.236, 21.263, 21.374, 21.39, 21.934, 22.304, 21.888, 21.293, 20.738, 19.276, 15.752, 12.048, 10.933, 10.504, 10.014, 9.631, 9.273, 8.16, 6.344, 5.322, 4.663, 3.401, 0.0, 3.11, 4.192, 5.765, 8.158, 9.078, 9.291, 9.518, 10.019, 10.633, 11.146, 13.183, 14.618, 15.565, 15.811, 15.998, 16.277, 16.208, 16.169, 16.493, 16.746, 16.676, 17.313, 17.587, 18.225, 19.017, 18.776, 18.731, 18.935], [19.006, 18.908, 18.407, 17.987, 18.197, 18.357, 18.696, 18.783, 18.765, 19.231, 18.539, 17.464, 18.96, 20.077, 19.84, 19.805, 20.259, 20.849, 21.459, 23.212, 24.815, 25.152, 24.935, 24.084, 23.654, 23.841, 23.967, 23.797, 23.763, 23.841, 23.19, 22.486, 22.381, 21.968, 21.441, 21.355, 21.389, 21.511, 21.52, 22.027, 22.396, 22.01, 21.442, 20.887, 19.491, 16.183, 12.709, 11.692, 11.272, 10.809, 10.535, 10.18, 9.198, 7.669, 6.968, 6.513, 5.719, 3.11, 0.0, 1.862, 4.197, 7.096, 8.216, 8.414, 8.775, 9.59, 10.213, 11.065, 13.345, 14.738, 15.656, 15.895, 16.064, 16.365, 16.347, 16.291, 16.569, 16.808, 16.736, 17.356, 17.647, 18.221, 18.998, 18.797, 18.753, 18.956], [19.088, 18.996, 18.476, 17.991, 18.143, 18.327, 18.681, 18.759, 18.754, 19.234, 18.581, 17.595, 19.121, 20.215, 19.991, 20.002, 20.485, 21.083, 21.693, 23.416, 24.99, 25.319, 25.103, 24.282, 23.883, 24.08, 24.222, 24.063, 24.024, 24.097, 23.453, 22.759, 22.661, 22.245, 21.699, 21.608, 21.646, 21.776, 21.799, 22.309, 22.686, 22.314, 21.766, 21.216, 19.842, 16.597, 13.168, 12.152, 11.707, 11.262, 11.012, 10.682, 9.761, 8.288, 7.577, 7.121, 6.365, 4.192, 1.862, 0.0, 3.232, 6.566, 7.813, 8.017, 8.467, 9.388, 10.029, 11.112, 13.555, 14.948, 15.852, 16.092, 16.251, 16.527, 16.505, 16.447, 16.712, 16.958, 16.879, 17.476, 17.767, 18.325, 19.099, 18.907, 18.853, 19.046]