[[0.0, 5.426, 10.331, 13.342, 13.665, 13.663, 14.974, 16.867, 18.226, 18.805, 18.845, 18.92, 19.886, 21.399, 22.797, 24.332, 25.847, 26.95, 27.709, 28.213, 28.685, 29.258, 29.659, 29.964, 30.025, 30.135, 30.284, 30.448, 30.639, 30.703, 30.655, 30.908, 31.639, 32.626, 33.567, 34.604, 35.616, 35.527, 34.401, 32.805, 31.737, 31.143, 30.693, 30.668, 30.951, 31.062, 30.965, 30.827, 30.596, 30.013, 29.15, 28.55, 28.294, 28.029, 28.072, 28.133, 28.062, 28.244, 28.64, 29.066, 29.394, 29.724, 29.878, 29.97, 30.021, 30.247, 30.675, 31.156, 31.548, 31.88, 32.243, 32.558, 32.673, 32.573, 32.261, 32.028, 31.704, 31.073, 30.673, 30.602, 30.603, 30.768, 30.993, 31.203, 31.405, 31.479], [5.426, 0.0, 5.397, 8.922, 9.857, 10.67, 12.676, 15.262, 17.221, 18.045, 18.168, 18.323, 19.341, 20.855, 22.346, 24.114, 25.852, 27.147, 28.093, 28.743, 29.3, 29.924, 30.384, 30.72, 30.791, 30.897, 31.043, 31.181, 31.378, 31.482, 31.42, 31.605, 32.285, 33.247, 34.158, 35.039, 35.837, 35.781, 34.821, 33.446, 32.581, 32.134, 31.819, 31.911, 32.256, 32.388, 32.295, 32.175, 32.079, 31.718, 30.975, 30.398, 30.116, 29.8, 29.866, 29.978, 29.933, 30.177, 30.645, 31.113, 31.435, 31.764, 31.927, 32.025, 32.042, 32.186, 32.522, 32.875, 33.124, 33.324, 33.589, 33.892, 34.065, 34.012, 33.702, 33.46, 33.164, 32.603, 32.239, 32.145, 32.126, 32.267, 32.472, 32.665, 32.828, 32.853], [10.331, 5.397, 0.0, 4.052, 6.156, 8.459, 11.436, 14.705, 17.152, 18.176, 18.407, 18.69, 19.757, 21.188, 22.655, 24.53, 26.395, 27.82, 28.896, 29.644, 30.253, 30.898, 31.387, 31.746, 31.824, 31.92, 32.05, 32.152, 32.346, 32.486, 32.422, 32.536, 33.13, 34.008, 34.814, 35.478, 36.016, 35.969, 35.186, 34.089, 33.487, 33.232, 33.084, 33.292, 33.702, 33.87, 33.795, 33.688, 33.719, 33.608, 33.052, 32.56, 32.286, 31.902, 31.932, 32.055, 32.01, 32.287, 32.841, 33.344, 33.624, 33.927, 34.099, 34.205, 34.176, 34.218, 34.434, 34.647, 34.74, 34.777, 34.909, 35.173, 35.397, 35.396, 35.1, 34.876, 34.649, 34.203, 33.888, 33.771, 33.739, 33.85, 34.021, 34.182, 34.293, 34.265], [13.342, 8.922, 4.052, 0.0, 3.488, 7.222, 10.891, 14.529, 17.201, 18.312, 18.612, 18.985, 20.086, 21.429, 22.829, 24.722, 26.632, 28.117, 29.261, 30.06, 30.695, 31.339, 31.835, 32.206, 32.293, 32.377, 32.495, 32.581, 32.779, 32.941, 32.875, 32.944, 33.474, 34.287, 35.015, 35.528, 35.902, 35.865, 35.196, 34.286, 33.86, 33.74, 33.723, 34.02, 34.47, 34.666, 34.613, 34.523, 34.643, 34.71, 34.306, 33.895, 33.635, 33.204, 33.203, 33.325, 33.272, 33.56, 34.173, 34.695, 34.943, 35.227, 35.394, 35.495, 35.439, 35.42, 35.565, 35.705, 35.711, 35.647, 35.698, 35.945, 36.208, 36.24, 35.956, 35.758, 35.592, 35.222, 34.927, 34.785, 34.739, 34.827, 34.976, 35.116, 35.188, 35.125], [13.665, 9.857, 6.156, 3.488, 0.0, 4.329, 8.601, 12.621, 15.476, 16.684, 17.017, 17.37, 18.475, 19.818, 21.212, 23.132, 25.111, 26.666, 27.874, 28.73, 29.406, 30.095, 30.631, 31.008, 31.085, 31.173, 31.301, 31.4, 31.625, 31.807, 31.737, 31.796, 32.342, 33.206, 34.043, 34.713, 35.199, 35.198, 34.544, 33.619, 33.163, 33.011, 32.968, 33.257, 33.711, 33.912, 33.855, 33.761, 33.867, 33.891, 33.456, 33.061, 32.835, 32.423, 32.416, 32.527, 32.468, 32.761, 33.381, 33.886, 34.121, 34.412, 34.573, 34.667, 34.618, 34.607, 34.768, 34.951, 34.995, 34.954, 35.017, 35.259, 35.501, 35.509, 35.217, 35.031, 34.878, 34.509, 34.2, 34.043, 33.99, 34.08, 34.235, 34.38, 34.46, 34.408], [13.663, 10.67, 8.459, 7.222, 4.329, 0.0, 4.785, 9.255, 12.339, 13.697, 14.084, 14.444, 15.668, 17.158, 18.624, 20.595, 22.666, 24.308, 25.596, 26.533, 27.284, 28.067, 28.689, 29.096, 29.167, 29.274, 29.43, 29.553, 29.813, 30.015, 29.936, 30.006, 30.631, 31.624, 32.686, 33.701, 34.457, 34.512, 33.822, 32.818, 32.286, 32.072, 31.952, 32.187, 32.622, 32.81, 32.736, 32.63, 32.676, 32.543, 31.98, 31.582, 31.422, 31.068, 31.055, 31.154, 31.111, 31.418, 32.032, 32.491, 32.692, 32.993, 33.173, 33.275, 33.236, 33.254, 33.465, 33.732, 33.866, 33.9, 34.018, 34.259, 34.444, 34.404, 34.1, 33.91, 33.734, 33.326, 32.992, 32.825, 32.765, 32.861, 33.033, 33.208, 33.335, 33.321], [14.974, 12.676, 11.436, 10.891, 8.601, 4.785, 0.0, 4.869, 8.411, 10.04, 10.539, 11.075, 12.618, 14.359, 15.968, 18.024, 20.181, 21.905, 23.284, 24.337, 25.199, 26.097, 26.84, 27.316, 27.407, 27.543, 27.731, 27.863, 28.157, 28.39, 28.303, 28.392, 29.125, 30.271, 31.568, 32.92, 33.943, 34.082, 33.407, 32.411, 31.887, 31.673, 31.529, 31.735, 32.143, 32.316, 32.235, 32.133, 32.15, 31.913, 31.251, 30.868, 30.796, 30.521, 30.52, 30.615, 30.609, 30.942, 31.541, 31.918, 32.03, 32.319, 32.536, 32.661, 32.616, 32.628, 32.86, 33.173, 33.372, 33.465, 33.622, 33.855, 33.976, 33.884, 33.577, 33.385, 33.178, 32.74, 32.394, 32.217, 32.147, 32.24, 32.423, 32.629, 32.805, 32.83], [16.867, 15.262, 14.705, 14.529, 12.621, 9.255, 4.869, 0.0, 3.989, 5.99, 6.714, 7.738, 9.887, 11.949, 13.647, 15.664, 17.796, 19.513, 20.919, 22.059, 23.017, 24.007, 24.859, 25.407, 25.524, 25.69, 25.899, 26.033, 26.358, 26.618, 26.533, 26.658, 27.499, 28.796, 30.347, 32.065, 33.385, 33.61, 32.951, 31.969, 31.455, 31.242, 31.067, 31.239, 31.621, 31.778, 31.694, 31.593, 31.571, 31.232, 30.501, 30.16, 30.193, 30.014, 30.018, 30.1, 30.132, 30.474, 31.028, 31.291, 31.287, 31.542, 31.796, 31.957, 31.91, 31.89, 32.103, 32.445, 32.714, 32.866, 33.048, 33.255, 33.307, 33.165, 32.864, 32.679, 32.454, 32.007, 31.667, 31.493, 31.42, 31.507, 31.696, 31.926, 32.144, 32.214], [18.226, 17.221, 17.152, 17.201, 15.476, 12.339, 8.411, 3.989, 0.0, 2.301, 3.431, 5.329, 8.23, 10.587, 12.252, 13.996, 15.923, 17.516, 18.841, 19.976, 20.973, 22.008, 22.933, 23.563, 23.712, 23.89, 24.106, 24.245, 24.589, 24.868, 24.804, 24.978, 25.899, 27.291, 29.018, 31.036, 32.633, 32.922, 32.236, 31.229, 30.719, 30.532, 30.351, 30.496, 30.864, 31.024, 30.941, 30.834, 30.765, 30.342, 29.588, 29.316, 29.45, 29.366, 29.365, 29.417, 29.476, 29.804, 30.284, 30.428, 30.319, 30.533, 30.823, 31.03, 30.982, 30.92, 31.098, 31.468, 31.808, 32.015, 32.206, 32.373, 32.369, 32.201, 31.919, 31.747, 31.517, 31.074, 30.749, 30.591, 30.522, 30.606, 30.798, 31.046, 31.302, 31.418], [18.805, 18.045, 18.176, 18.312, 16.684, 13.697, 10.04, 5.99, 2.301, 0.0, 1.682, 4.456, 7.73, 10.204, 11.854, 13.4, 15.147, 16.635, 17.888, 18.992, 19.997, 21.039, 21.998, 22.688, 22.865, 23.043, 23.258, 23.399, 23.751, 24.046, 24.005, 24.206, 25.158, 26.584, 28.368, 30.492, 32.215, 32.55, 31.861, 30.85, 30.351, 30.186, 30.011, 30.153, 30.528, 30.699, 30.622, 30.513, 30.426, 29.974, 29.227, 29.0, 29.18, 29.148, 29.152, 29.186, 29.257, 29.57, 29.998, 30.068, 29.897, 30.084, 30.395, 30.628, 30.571, 30.477, 30.63, 31.007, 31.378, 31.605, 31.797, 31.952, 31.93, 31.756, 31.493, 31.335, 31.108, 30.673, 30.36, 30.218, 30.154, 30.235, 30.428, 30.685, 30.956, 31.094], [18.845, 18.168, 18.407, 18.612, 17.017, 14.084, 10.539, 6.714, 3.431, 1.682, 0.0, 3.167, 6.723, 9.414, 11.212, 12.809, 14.565, 16.047, 17.297, 18.405, 19.408, 20.456, 21.438, 22.15, 22.335, 22.514, 22.737, 22.893, 23.25, 23.556, 23.536, 23.758, 24.732, 26.178, 27.981, 30.151, 31.942, 32.318, 31.637, 30.615, 30.098, 29.919, 29.739, 29.884, 30.27, 30.456, 30.387, 30.281, 30.192, 29.737, 29.007, 28.803, 28.995, 28.977, 28.984, 29.013, 29.077, 29.371, 29.761, 29.794, 29.599, 29.772, 30.083, 30.325, 30.277, 30.181, 30.333, 30.719, 31.107, 31.346, 31.537, 31.681, 31.642, 31.457, 31.196, 31.04, 30.807, 30.362, 30.044, 29.905, 29.845, 29.928, 30.125, 30.386, 30.665, 30.813], [18.92, 18.323, 18.69, 18.985, 17.37, 14.444, 11.075, 7.738, 5.329, 4.456, 3.167, 0.0, 3.894, 7.072, 9.241, 11.157, 13.173, 14.798, 16.153, 17.338, 18.347, 19.424, 20.465, 21.184, 21.354, 21.54, 21.785, 21.973, 22.34, 22.647, 22.639, 22.891, 23.92, 25.418, 27.27, 29.512, 31.393, 31.818, 31.153, 30.102, 29.518, 29.273, 29.089, 29.254, 29.65, 29.853, 29.794, 29.701, 29.65, 29.25, 28.582, 28.398, 28.577, 28.533, 28.527, 28.565, 28.601, 28.867, 29.225, 29.247, 29.067, 29.241, 29.527, 29.756, 29.73, 29.67, 29.865, 30.291, 30.714, 30.984, 31.182, 31.305, 31.238, 31.024, 30.74, 30.57, 30.302, 29.814, 29.478, 29.339, 29.287, 29.384, 29.587, 29.849, 30.132, 30.289], [19.886, 19.341, 19.757, 20.086, 18.475, 15.668, 12.618, 9.887, 8.23, 7.73, 6.723, 3.894, 0.0, 3.637, 6.364, 8.847, 11.296, 13.159, 14.686, 15.988, 17.016, 18.145, 19.259, 19.963, 20.116, 20.311, 20.569, 20.783, 21.16, 21.48, 21.488, 21.77, 22.87, 24.474, 26.435, 28.748, 30.683, 31.17, 30.587, 29.584, 28.971, 28.657, 28.473, 28.675, 29.076, 29.296, 29.259, 29.202, 29.244, 28.966, 28.4, 28.252, 28.415, 28.353, 28.353, 28.41, 28.424, 28.661, 28.979, 28.979, 28.798, 28.964, 29.218, 29.424, 29.407, 29.357, 29.572, 30.006, 30.443, 30.735, 30.939, 31.049, 30.963, 30.73, 30.441, 30.27, 29.975, 29.464, 29.135, 29.01, 28.969, 29.078, 29.281, 29.535, 29.813, 29.977], [21.399, 20.855, 21.188, 21.429, 19.818, 17.158, 14.359, 11.949, 10.587, 10.204, 9.414, 7.072, 3.637, 0.0, 3.23, 6.451, 9.423, 11.582, 13.34, 14.794, 15.87, 17.057, 18.234, 18.922, 19.074, 19.279, 19.534, 19.747, 20.143, 20.504, 20.519, 20.79, 21.92, 23.616, 25.681, 28.015, 29.933, 30.484, 30.044, 29.198, 28.668, 28.376, 28.254, 28.522, 28.937, 29.178, 29.177, 29.168, 29.328, 29.201, 28.749, 28.656, 28.824, 28.763, 28.776, 28.844, 28.849, 29.069, 29.369, 29.353, 29.155, 29.298, 29.523, 29.708, 29.676, 29.588, 29.759, 30.153, 30.57, 30.846, 31.029, 31.125, 31.03, 30.793, 30.532, 30.396, 30.123, 29.647, 29.357, 29.251, 29.216, 29.322, 29.517, 29.76, 30.03, 30.197], [22.797, 22.346, 22.655, 22.829, 21.212, 18.624, 15.968, 13.647, 12.252, 11.854, 11.212, 9.241, 6.364, 3.23, 0.0, 3.766, 7.22, 9.669, 11.676, 13.319, 14.477, 15.747, 17.028, 17.758, 17.931, 18.158, 18.426, 18.63, 19.055, 19.454, 19.447, 19.688, 20.82, 22.558, 24.714, 27.133, 29.12, 29.753, 29.429, 28.72, 28.281, 28.049, 28.022, 28.37, 28.804, 29.063, 29.087, 29.111, 29.361, 29.359, 29.016, 29.011, 29.233, 29.2, 29.205, 29.258, 29.257, 29.464, 29.745, 29.704, 29.489, 29.602, 29.797, 29.964, 29.921, 29.799, 29.945, 30.348, 30.78, 31.055, 31.213, 31.278, 31.162, 30.915, 30.674, 30.563, 30.308, 29.858, 29.587, 29.483, 29.448, 29.547, 29.734, 29.975, 30.246, 30.415], [24.332, 24.114, 24.53, 24.722, 23.132, 20.595, 18.024, 15.664, 13.996, 13.4, 12.809, 11.157, 8.847, 6.451, 3.766, 0.0, 3.696, 6.402, 8.702, 10.615, 11.937, 13.351, 14.825, 15.712, 15.963, 16.228, 16.531, 16.731, 17.183, 17.629, 17.626, 17.871, 19.03, 20.807, 23.071, 25.688, 27.891, 28.648, 28.436, 27.873, 27.574, 27.475, 27.608, 28.056, 28.516, 28.804, 28.845, 28.867, 29.165, 29.276, 29.074, 29.21, 29.531, 29.575, 29.573, 29.605, 29.628, 29.827, 30.053, 29.914, 29.602, 29.639, 29.823, 30.004, 29.947, 29.77, 29.872, 30.296, 30.772, 31.056, 31.169, 31.171, 31.004, 30.734, 30.509, 30.408, 30.153, 29.725, 29.473, 29.376, 29.34, 29.429, 29.607, 29.847, 30.127, 30.309], [25.847, 25.852, 26.395, 26.632, 25.111, 22.666, 20.181, 17.796, 15.923, 15.147, 14.565, 13.173, 11.296, 9.423, 7.22, 3.696, 0.0, 2.932, 5.637, 7.894, 9.391, 10.929, 12.613, 13.718, 14.093, 14.399, 14.741, 14.942, 15.399, 15.885, 15.924, 16.203, 17.388, 19.181, 21.497, 24.257, 26.646, 27.507, 27.382, 26.97, 26.84, 26.922, 27.254, 27.812, 28.296, 28.614, 28.675, 28.683, 28.997, 29.218, 29.18, 29.458, 29.86, 29.978, 29.981, 30.006, 30.072, 30.271, 30.447, 30.203, 29.759, 29.701, 29.89, 30.105, 30.034, 29.779, 29.801, 30.203, 30.699, 30.974, 31.03, 30.958, 30.74, 30.458, 30.255, 30.157, 29.901, 29.506, 29.29, 29.214, 29.18, 29.257, 29.422, 29.654, 29.936, 30.135], [26.95, 27.147, 27.82, 28.117, 26.666, 24.308, 21.905, 19.513, 17.516, 16.635, 16.047, 14.798, 13.159, 11.582, 9.669, 6.402, 2.932, 0.0, 2.984, 5.52, 7.146, 8.748, 10.591, 11.893, 12.399, 12.741, 13.115, 13.335, 13.787, 14.287, 14.384, 14.708, 15.897, 17.685, 20.047, 22.952, 25.519, 26.44, 26.343, 26.013, 26.002, 26.236, 26.737, 27.382, 27.885, 28.228, 28.311, 28.306, 28.616, 28.911, 29.004, 29.399, 29.873, 30.056, 30.067, 30.088, 30.188, 30.388, 30.529, 30.21, 29.665, 29.533, 29.73, 29.978, 29.902, 29.585, 29.534, 29.91, 30.413, 30.682, 30.692, 30.561, 30.308, 30.029, 29.848, 29.755, 29.503, 29.144, 28.969, 28.917, 28.889, 28.958, 29.108, 29.327, 29.606, 29.821], [27.709, 28.093, 28.896, 29.261, 27.874, 25.596, 23.284, 20.919, 18.841, 17.888, 17.297, 16.153, 14.686, 13.34, 11.676, 8.702, 5.637, 2.984, 0.0, 2.735, 4.59, 6.318, 8.28, 9.752, 10.405, 10.78, 11.181, 11.423, 11.862, 12.38, 12.549, 12.952, 14.169, 15.969, 18.415, 21.535, 24.331, 25.287, 25.162, 24.85, 24.904, 25.252, 25.892, 26.607, 27.128, 27.5, 27.611, 27.604, 27.908, 28.261, 28.468, 28.974, 29.528, 29.786, 29.812, 29.822, 29.95, 30.152, 30.262, 29.886, 29.264, 29.075, 29.275, 29.553, 29.478, 29.113, 29.005, 29.357, 29.868, 30.141, 30.133, 29.974, 29.719, 29.46, 29.301, 29.211, 28.964, 28.636, 28.499, 28.466, 28.446, 28.508, 28.642, 28.843, 29.111, 29.337], [28.213, 28.743, 29.644, 30.06, 28.73, 26.533, 24.337, 22.059, 19.976, 18.992, 18.405, 17.338, 15.988, 14.794, 13.319, 10.615, 7.894, 5.52, 2.735, 0.0, 2.151, 4.158, 6.248, 7.879, 8.69, 9.093, 9.525, 9.803, 10.222, 10.766, 11.03, 11.528, 12.761, 14.552, 17.047, 20.321, 23.297, 24.263, 24.087, 23.76, 23.851, 24.284, 25.029, 25.796, 26.334, 26.74, 26.888, 26.894, 27.206, 27.61, 27.906, 28.479, 29.086, 29.413, 29.46, 29.449, 29.588, 29.795, 29.886, 29.467, 28.786, 28.559, 28.76, 29.064, 28.996, 28.598, 28.436, 28.755, 29.267, 29.547, 29.529, 29.352, 29.103, 28.867, 28.724, 28.64, 28.4, 28.1, 28.0, 27.993, 27.983, 28.036, 28.152, 28.333, 28.587, 28.817], [28.685, 29.3, 30.253, 30.695, 29.406, 27.284, 25.199, 23.017, 20.973, 19.997, 19.408, 18.347, 17.016, 15.87, 14.477, 11.937, 9.391, 7.146, 4.59, 2.151, 0.0, 2.336, 4.704, 6.566, 7.536, 7.966, 8.432, 8.769, 9.167, 9.707, 10.053, 10.618, 11.84, 13.623, 16.149, 19.487, 22.556, 23.532, 23.336, 23.003, 23.126, 23.631, 24.467, 25.28, 25.824, 26.251, 26.425, 26.444, 26.774, 27.238, 27.613, 28.223, 28.837, 29.187, 29.245, 29.218, 29.353, 29.562, 29.649, 29.209, 28.491, 28.238, 28.437, 28.756, 28.702, 28.285, 28.085, 28.38, 28.894, 29.182, 29.154, 28.955, 28.705, 28.478, 28.342, 28.261, 28.023, 27.735, 27.656, 27.668, 27.665, 27.713, 27.812, 27.976, 28.216, 28.45], [29.258, 29.924, 30.898, 31.339, 30.095, 28.067, 26.097, 24.007, 22.008, 21.039, 20.456, 19.424, 18.145, 17.057, 15.747, 13.351, 10.929, 8.748, 6.318, 4.158, 2.336, 0.0, 2.705, 5.04, 6.286, 6.732, 7.195, 7.563, 7.953, 8.47, 8.856, 9.454, 10.653, 12.486, 15.126, 18.589, 21.756, 22.727, 22.519, 22.229, 22.44, 23.073, 24.064, 24.954, 25.501, 25.929, 26.111, 26.114, 26.458, 27.037, 27.565, 28.265, 28.906, 29.259, 29.31, 29.284, 29.423, 29.63, 29.73, 29.293, 28.546, 28.262, 28.454, 28.784, 28.742, 28.301, 28.05, 28.301, 28.792, 29.059, 29.009, 28.81, 28.591, 28.398, 28.272, 28.191, 27.96, 27.682, 27.603, 27.614, 27.615, 27.657, 27.743, 27.886, 28.105, 28.339], [29.659, 30.384, 31.387, 31.835, 30.631, 28.689, 26.84, 24.859, 22.933, 21.998, 21.438, 20.465, 19.259, 18.234, 17.028, 14.825, 12.613, 10.591, 8.28, 6.248, 4.704, 2.705, 0.0, 2.776, 4.364, 4.828, 5.269, 5.676, 6.085, 6.599, 7.015, 7.632, 8.849, 10.873, 13.863, 17.678, 21.024, 21.939, 21.655, 21.348, 21.593, 22.291, 23.377, 24.319, 24.857, 25.275, 25.458, 25.438, 25.778, 26.464, 27.188, 28.033, 28.752, 29.151, 29.205, 29.179, 29.329, 29.542, 29.656, 29.23, 28.447, 28.115, 28.289, 28.629, 28.601, 28.141, 27.833, 28.018, 28.466, 28.708, 28.658, 28.502, 28.355, 28.209, 28.087, 28.0, 27.772, 27.492, 27.395, 27.388, 27.386, 27.426, 27.499, 27.62, 27.815, 28.048], [29.964, 30.72, 31.746, 32.206, 31.008, 29.096, 27.316, 25.407, 23.563, 22.688, 22.15, 21.184, 19.963, 18.922, 17.758, 15.712, 13.718, 11.893, 9.752, 7.879, 6.566, 5.04, 2.776, 0.0, 1.841, 2.449, 3.037, 3.645, 4.115, 4.617, 5.062, 5.7, 7.055, 9.441, 12.971, 17.285, 20.849, 21.738, 21.412, 21.07, 21.258, 21.872, 22.898, 23.82, 24.328, 24.72, 24.896, 24.874, 25.21, 25.927, 26.767, 27.727, 28.52, 28.968, 29.039, 29.013, 29.163, 29.385, 29.508, 29.094, 28.296, 27.926, 28.068, 28.396, 28.375, 27.924, 27.612, 27.776, 28.21, 28.458, 28.451, 28.363, 28.273, 28.132, 27.973, 27.86, 27.613, 27.309, 27.193, 27.166, 27.156, 27.196, 27.265, 27.375, 27.558, 27.788], [30.025, 30.791, 31.824, 32.293, 31.085, 29.167, 27.407, 25.524, 23.712, 22.865, 22.335, 21.354, 20.116, 19.074, 17.931, 15.963, 14.093, 12.399, 10.405, 8.69, 7.536, 6.286, 4.364, 1.841, 0.0, 0.994, 1.958, 2.803, 3.367, 3.837, 4.253, 4.854, 6.282, 8.877, 12.69, 17.258, 20.944, 21.844, 21.504, 21.136, 21.272, 21.798, 22.734, 23.617, 24.105, 24.472, 24.631, 24.611, 24.944, 25.636, 26.486, 27.487, 28.316, 28.785, 28.865, 28.84, 28.984, 29.213, 29.338, 28.932, 28.145, 27.771, 27.892, 28.204, 28.188, 27.755, 27.463, 27.648, 28.101, 28.375, 28.407, 28.358, 28.28, 28.115, 27.92, 27.79, 27.531, 27.21, 27.083, 27.049, 27.032, 27.074, 27.144, 27.255, 27.442, 27.672], [30.135, 30.897, 31.92, 32.377, 31.173, 29.274, 27.543, 25.69, 23.89, 23.043, 22.514, 21.54, 20.311, 19.279, 18.158, 16.228, 14.399, 12.741, 10.78, 9.093, 7.966, 6.732, 4.828, 2.449, 0.994, 0.0, 1.228, 2.3, 2.934, 3.436, 3.924, 4.532, 5.928, 8.588, 12.48, 17.085, 20.795, 21.713, 21.379, 21.042, 21.225, 21.78, 22.734, 23.625, 24.113, 24.483, 24.641, 24.615, 24.948, 25.653, 26.533, 27.566, 28.415, 28.892, 28.973, 28.948, 29.087, 29.311, 29.433, 29.028, 28.242, 27.859, 27.974, 28.287, 28.267, 27.827, 27.525, 27.694, 28.13, 28.393, 28.415, 28.364, 28.294, 28.135, 27.945, 27.823, 27.574, 27.265, 27.146, 27.116, 27.101, 27.141, 27.209, 27.316, 27.504, 27.733], [30.284, 31.043, 32.05, 32.495, 31.301, 29.43, 27.731, 25.899, 24.106, 23.258, 22.737, 21.785, 20.569, 19.534, 18.426, 16.531, 14.741, 13.115, 11.181, 9.525, 8.432, 7.195, 5.269, 3.037, 1.958, 1.228, 0.0, 1.4, 2.2, 2.791, 3.403, 4.081, 5.538, 8.279, 12.214, 16.821, 20.538, 21.459, 21.132, 20.827, 21.056, 21.648, 22.633, 23.537, 24.03, 24.408, 24.576, 24.552, 24.892, 25.625, 26.544, 27.611, 28.479, 28.962, 29.044, 29.025, 29.166, 29.385, 29.509, 29.111, 28.325, 27.933, 28.049, 28.366, 28.337, 27.881, 27.567, 27.722, 28.137, 28.381, 28.393, 28.346, 28.293, 28.151, 27.972, 27.863, 27.633, 27.342, 27.23, 27.205, 27.191, 27.228, 27.291, 27.395, 27.577, 27.804], [30.448, 31.181, 32.152, 32.581, 31.4, 29.553, 27.863, 26.033, 24.245, 23.399, 22.893, 21.973, 20.783, 19.747, 18.63, 16.731, 14.942, 13.335, 11.423, 9.803, 8.769, 7.563, 5.676, 3.645, 2.803, 2.3, 1.4, 0.0, 1.174, 2.2, 2.77, 3.479, 5.172, 8.03, 11.972, 16.583, 20.329, 21.272, 20.974, 20.721, 20.997, 21.621, 22.638, 23.563, 24.064, 24.451, 24.631, 24.617, 24.979, 25.75, 26.703, 27.791, 28.665, 29.147, 29.233, 29.22, 29.361, 29.577, 29.71, 29.328, 28.551, 28.163, 28.284, 28.6, 28.56, 28.099, 27.793, 27.941, 28.343, 28.579, 28.597, 28.569, 28.535, 28.409, 28.241, 28.141, 27.922, 27.639, 27.526, 27.494, 27.475, 27.507, 27.567, 27.668, 27.844, 28.063], [30.639, 31.378, 32.346, 32.779, 31.625, 29.813, 28.157, 26.358, 24.589, 23.751, 23.25, 22.34, 21.16, 20.143, 19.055, 17.183, 15.399, 13.787, 11.862, 10.222, 9.167, 7.953, 6.085, 4.115, 3.367, 2.934, 2.2, 1.174, 0.0, 1.42, 2.265, 3.19, 5.057, 7.973, 11.881, 16.467, 20.236, 21.192, 20.901, 20.674, 20.979, 21.632, 22.686, 23.629, 24.126, 24.509, 24.69, 24.677, 25.048, 25.854, 26.845, 27.952, 28.828, 29.304, 29.394, 29.388, 29.53, 29.745, 29.884, 29.515, 28.738, 28.34, 28.46, 28.776, 28.731, 28.271, 27.972, 28.11, 28.498, 28.729, 28.75, 28.73, 28.71, 28.593, 28.422, 28.313, 28.087, 27.797, 27.675, 27.641, 27.621, 27.65, 27.707, 27.807, 27.98, 28.192], [30.703, 31.482, 32.486, 32.941, 31.807, 30.015, 28.39, 26.618, 24.868, 24.046, 23.556, 22.647, 21.48, 20.504, 19.454, 17.629, 15.885, 14.287, 12.38, 10.766, 9.707, 8.47, 6.599, 4.617, 3.837, 3.436, 2.791, 2.2, 1.42, 0.0, 1.461, 2.963, 5.072, 8.128, 12.098, 16.692, 20.437, 21.361, 21.042, 20.775, 21.045, 21.679, 22.73, 23.667, 24.135, 24.481, 24.632, 24.602, 24.968, 25.779, 26.78, 27.892, 28.764, 29.228, 29.312, 29.313, 29.46, 29.681, 29.831, 29.479, 28.71, 28.307, 28.42, 28.73, 28.686, 28.242, 27.975, 28.145, 28.549, 28.79, 28.829, 28.835, 28.837, 28.724, 28.528, 28.388, 28.135, 27.81, 27.661, 27.616, 27.595, 27.629, 27.686, 27.784, 27.951, 28.155], [30.655, 31.42, 32.422, 32.875, 31.737, 29.936, 28.303, 26.533, 24.804, 24.005, 23.536, 22.639, 21.488, 20.519, 19.447, 17.626, 15.924, 14.384, 12.549, 11.03, 10.053, 8.856, 7.015, 5.062, 4.253, 3.924, 3.403, 2.77, 2.265, 1.461, 0.0, 2.017, 4.657, 8.045, 12.233, 16.934, 20.678, 21.587, 21.284, 21.013, 21.246, 21.838, 22.861, 23.788, 24.234, 24.544, 24.666, 24.627, 24.993, 25.784, 26.753, 27.844, 28.706, 29.159, 29.239, 29.244, 29.387, 29.612, 29.775, 29.443, 28.703, 28.322, 28.424, 28.713, 28.673, 28.255, 28.029, 28.238, 28.664, 28.928, 29.006, 29.053, 29.078, 28.966, 28.751, 28.592, 28.321, 27.973, 27.807, 27.749, 27.724, 27.765, 27.832, 27.932, 28.09, 28.282], [30.908, 31.605, 32.536, 32.944, 31.796, 30.006, 28.392, 26.658, 24.978, 24.206, 23.758, 22.891, 21.77, 20.79, 19.688, 17.871, 16.203, 14.708, 12.952, 11.528, 10.618, 9.454, 7.632, 5.7, 4.854, 4.532, 4.081, 3.479, 3.19, 2.963, 2.017, 0.0, 3.091, 6.982, 11.607, 16.573, 20.417, 21.366, 21.139, 20.985, 21.317, 21.973, 23.046, 23.998, 24.449, 24.763, 24.892, 24.861, 25.242, 26.045, 27.006, 28.093, 28.957, 29.407, 29.49, 29.5, 29.64, 29.869, 30.045, 29.729, 29.003, 28.632, 28.731, 29.012, 28.969, 28.541, 28.293, 28.481, 28.887, 29.135, 29.208, 29.261, 29.29, 29.182, 28.984, 28.849, 28.612, 28.308, 28.172, 28.118, 28.091, 28.13, 28.197, 28.295, 28.454, 28.653], [31.639, 32.285, 33.13, 33.474, 32.342, 30.631, 29.125, 27.499, 25.899, 25.158, 24.732, 23.92, 22.87, 21.92, 20.82, 19.03, 17.388, 15.897, 14.169, 12.761, 11.84, 10.653, 8.849, 7.055, 6.282, 5.928, 5.538, 5.172, 5.057, 5.072, 4.657, 3.091, 0.0, 4.413, 9.723, 15.168, 19.264, 20.306, 20.197, 20.272, 20.852, 21.732, 23.01, 24.067, 24.556, 24.911, 25.096, 25.101, 25.55, 26.463, 27.483, 28.6, 29.485, 29.937, 30.016, 30.025, 30.159, 30.387, 30.577, 30.269, 29.533, 29.15, 29.255, 29.544, 29.488, 29.005, 28.678, 28.811, 29.173, 29.36, 29.372, 29.398, 29.427, 29.34, 29.194, 29.115, 28.952, 28.76, 28.707, 28.682, 28.653, 28.672, 28.716, 28.802, 28.961, 29.172], [32.626, 33.247, 34.008, 34.287, 33.206, 31.624, 30.271, 28.796, 27.291, 26.584, 26.178, 25.418, 24.474, 23.616, 22.558, 20.807, 19.181, 17.685, 15.969, 14.552, 13.623, 12.486, 10.873, 9.441, 8.877, 8.588, 8.279, 8.03, 7.973, 8.128, 8.045, 6.982, 4.413, 0.0, 5.909, 12.186, 16.911, 18.151, 18.171, 18.547, 19.493, 20.749, 22.446, 23.753, 24.333, 24.778, 25.069, 25.15, 25.743, 26.906, 28.073, 29.242, 30.142, 30.588, 30.662, 30.672, 30.823, 31.057, 31.249, 30.94, 30.182, 29.768, 29.875, 30.174, 30.09, 29.523, 29.104, 29.197, 29.523, 29.631, 29.558, 29.537, 29.551, 29.492, 29.417, 29.403, 29.318, 29.253, 29.304, 29.316, 29.282, 29.268, 29.28, 29.348, 29.5, 29.705], [33.567, 34.158, 34.814, 35.015, 34.043, 32.686, 31.568, 30.347, 29.018, 28.368, 27.981, 27.27, 26.435, 25.681, 24.714, 23.071, 21.497, 20.047, 18.415, 17.047, 16.149, 15.126, 13.863, 12.971, 12.69, 12.48, 12.214, 11.972, 11.881, 12.098, 12.233, 11.607, 9.723, 5.909, 0.0, 7.163, 12.908, 14.571, 14.873, 15.809, 17.396, 19.265, 21.627, 23.327, 24.054, 24.639, 25.073, 25.254, 26.057, 27.59, 28.972, 30.175, 31.038, 31.44, 31.52, 31.553, 31.743, 31.991, 32.195, 31.897, 31.109, 30.652, 30.766, 31.08, 30.945, 30.269, 29.752, 29.784, 30.037, 30.032, 29.839, 29.738, 29.727, 29.705, 29.717, 29.776, 29.761, 29.814, 29.957, 30.004, 29.965, 29.911, 29.881, 29.928, 30.069, 30.259], [34.604, 35.039, 35.478, 35.528, 34.713, 33.701, 32.92, 32.065, 31.036, 30.492, 30.151, 29.512, 28.748, 28.015, 27.133, 25.688, 24.257, 22.952, 21.535, 20.321, 19.487, 18.589, 17.678, 17.285, 17.258, 17.085, 16.821, 16.583, 16.467, 16.692, 16.934, 16.573, 15.168, 12.186, 7.163, 0.0, 6.604, 9.259, 10.706, 13.067, 15.823, 18.508, 21.564, 23.661, 24.555, 25.3, 25.885, 26.174, 27.233, 29.179, 30.759, 31.935, 32.708, 33.029, 33.119, 33.184, 33.398, 33.661, 33.911, 33.665, 32.861, 32.368, 32.499, 32.835, 32.639, 31.841, 31.225, 31.11, 31.176, 30.98, 30.601, 30.396, 30.394, 30.443, 30.541, 30.664, 30.735, 30.923, 31.14, 31.209, 31.168, 31.067, 30.983, 30.999, 31.11, 31.265], [35.616, 35.837, 36.016, 35.902, 35.199, 34.457, 33.943, 33.385, 32.633, 32.215, 31.942, 31.393, 30.683, 29.933, 29.12, 27.891, 26.646, 25.519, 24.331, 23.297, 22.556, 21.756, 21.024, 20.849, 20.944, 20.795, 20.538, 20.329, 20.236, 20.437, 20.678, 20.417, 19.264, 16.911, 12.908, 6.604, 0.0, 4.285, 7.954, 12.001, 15.721, 18.937, 22.311, 24.57, 25.542, 26.386, 27.064, 27.403, 28.644, 30.908, 32.652, 33.815, 34.53, 34.785, 34.871, 34.961, 35.185, 35.462, 35.772, 35.595, 34.796, 34.277, 34.412, 34.769, 34.548, 33.68, 32.97, 32.667, 32.504, 32.094, 31.542, 31.289, 31.368, 31.51, 31.645, 31.785, 31.926, 32.222, 32.483, 32.55, 32.508, 32.381, 32.255, 32.232, 32.286, 32.379], [35.527, 35.781, 35.969, 35.865, 35.198, 34.512, 34.082, 33.61, 32.922, 32.55, 32.318, 31.818, 31.17, 30.484, 29.753, 28.648, 27.507, 26.44, 25.287, 24.263, 23.532, 22.727, 21.939, 21.738, 21.844, 21.713, 21.459, 21.272, 21.192, 21.361, 21.587, 21.366, 20.306, 18.151, 14.571, 9.259, 4.285, 0.0, 4.776, 9.778, 14.078, 17.682, 21.313, 23.655, 24.641, 25.536, 26.269, 26.603, 27.89, 30.353, 32.312, 33.584, 34.339, 34.582, 34.656, 34.76, 35.004, 35.303, 35.653, 35.508, 34.696, 34.138, 34.25, 34.628, 34.429, 33.547, 32.774, 32.38, 32.14, 31.66, 31.086, 30.912, 31.123, 31.345, 31.473, 31.586, 31.733, 32.042, 32.301, 32.356, 32.31, 32.181, 32.043, 31.997, 32.011, 32.064], [34.401, 34.821, 35.186, 35.196, 34.544, 33.822, 33.407, 32.951, 32.236, 31.861, 31.637, 31.153, 30.587, 30.044, 29.429, 28.436, 27.382, 26.343, 25.162, 24.087, 23.336, 22.519, 21.655, 21.412, 21.504, 21.379, 21.132, 20.974, 20.901, 21.042, 21.284, 21.139, 20.197, 18.171, 14.873, 10.706, 7.954, 4.776, 0.0, 5.627, 10.58, 14.734, 18.743, 21.236, 22.272, 23.214, 23.985, 24.292, 25.556, 28.136, 30.309, 31.738, 32.58, 32.841, 32.904, 33.016, 33.286, 33.609, 33.977, 33.831, 32.996, 32.411, 32.511, 32.919, 32.753, 31.882, 31.099, 30.736, 30.553, 30.124, 29.618, 29.547, 29.878, 30.165, 30.271, 30.346, 30.461, 30.717, 30.937, 30.984, 30.934, 30.812, 30.681, 30.634, 30.634, 30.676], [32.805, 33.446, 34.089, 34.286, 33.619, 32.818, 32.411, 31.969, 31.229, 30.85, 30.615, 30.102, 29.584, 29.198, 28.72, 27.873, 26.97, 26.013, 24.85, 23.76, 23.003, 22.229, 21.348, 21.07, 21.136, 21.042, 20.827, 20.721, 20.674, 20.775, 21.013, 20.985, 20.272, 18.547, 15.809, 13.067, 12.001, 9.778, 5.627, 0.0, 5.416, 10.204, 14.685, 17.419, 18.557, 19.571, 20.398, 20.736, 22.045, 24.736, 27.112, 28.694, 29.627, 29.937, 30.003, 30.111, 30.413, 30.766, 31.121, 30.953, 30.131, 29.547, 29.619, 30.046, 29.941, 29.14, 28.438, 28.223, 28.206, 27.934, 27.587, 27.624, 28.037, 28.36, 28.409, 28.417, 28.465, 28.609, 28.755, 28.784, 28.728, 28.621, 28.505, 28.453, 28.439, 28.474], [31.737, 32.581, 33.487, 33.86, 33.163, 32.286, 31.887, 31.455, 30.719, 30.351, 30.098, 29.518, 28.971, 28.668, 28.281, 27.574, 26.84, 26.002, 24.904, 23.851, 23.126, 22.44, 21.593, 21.258, 21.272, 21.225, 21.056, 20.997, 20.979, 21.045, 21.246, 21.317, 20.852, 19.493, 17.396, 15.823, 15.721, 14.078, 10.58, 5.416, 0.0, 5.265, 10.28, 13.341, 14.592, 15.699, 16.644, 17.12, 18.592, 21.448, 24.074, 25.831, 26.851, 27.217, 27.293, 27.396, 27.729, 28.11, 28.429, 28.245, 27.48, 26.909, 26.9, 27.299, 27.258, 26.588, 26.053, 26.041, 26.225, 26.17, 26.059, 26.244, 26.705, 27.02, 26.994, 26.931, 26.883, 26.876, 26.926, 26.922, 26.856, 26.772, 26.674, 26.61, 26.576, 26.603], [31.143, 32.134, 33.232, 33.74, 33.011, 32.072, 31.673, 31.242, 30.532, 30.186, 29.919, 29.273, 28.657, 28.376, 28.049, 27.475, 26.922, 26.236, 25.252, 24.284, 23.631, 23.073, 22.291, 21.872, 21.798, 21.78, 21.648, 21.621, 21.632, 21.679, 21.838, 21.973, 21.732, 20.749, 19.265, 18.508, 18.937, 17.682, 14.734, 10.204, 5.265, 0.0, 5.532, 9.097, 10.517, 11.762, 12.903, 13.621, 15.386, 18.501, 21.476, 23.486, 24.64, 25.096, 25.197, 25.292, 25.642, 26.042, 26.3, 26.091, 25.388, 24.801, 24.665, 24.997, 25.008, 24.484, 24.134, 24.283, 24.626, 24.785, 24.937, 25.305, 25.815, 26.09, 25.982, 25.861, 25.72, 25.555, 25.497, 25.449, 25.371, 25.316, 25.239, 25.164, 25.118, 25.137], [30.693, 31.819, 33.084, 33.723, 32.968, 31.952, 31.529, 31.067, 30.351, 30.011, 29.739, 29.089, 28.473, 28.254, 28.022, 27.608, 27.254, 26.737, 25.892, 25.029, 24.467, 24.064, 23.377, 22.898, 22.734, 22.734, 22.633, 22.638, 22.686, 22.73, 22.861, 23.046, 23.01, 22.446, 21.627, 21.564, 22.311, 21.313, 18.743, 14.685, 10.28, 5.532, 0.0, 4.047, 5.926, 7.562, 9.068, 10.184, 12.2, 15.364, 18.634, 20.937, 22.285, 22.907, 23.053, 23.108, 23.479, 23.899, 24.062, 23.784, 23.12, 22.507, 22.25, 22.543, 22.62, 22.245, 22.035, 22.28, 22.771, 23.152, 23.577, 24.142, 24.713, 24.966, 24.803, 24.657, 24.471, 24.183, 24.011, 23.913, 23.825, 23.796, 23.743, 23.669, 23.637, 23.67], [30.668, 31.911, 33.292, 34.02, 33.257, 32.187, 31.735, 31.239, 30.496, 30.153, 29.884, 29.254, 28.675, 28.522, 28.37, 28.056, 27.812, 27.382, 26.607, 25.796, 25.28, 24.954, 24.319, 23.82, 23.617, 23.625, 23.537, 23.563, 23.629, 23.667, 23.788, 23.998, 24.067, 23.753, 23.327, 23.661, 24.57, 23.655, 21.236, 17.419, 13.341, 9.097, 4.047, 0.0, 2.557, 4.928, 6.939, 8.411, 10.42, 13.389, 16.804, 19.304, 20.774, 21.513, 21.684, 21.697, 22.107, 22.551, 22.65, 22.321, 21.674, 21.053, 20.73, 21.017, 21.168, 20.907, 20.759, 21.014, 21.584, 22.106, 22.706, 23.409, 24.044, 24.314, 24.155, 24.016, 23.822, 23.48, 23.242, 23.117, 23.028, 23.016, 22.975, 22.906, 22.897, 22.958], [30.951, 32.256, 33.702, 34.47, 33.711, 32.622, 32.143, 31.621, 30.864, 30.528, 30.27, 29.65, 29.076, 28.937, 28.804, 28.516, 28.296, 27.885, 27.128, 26.334, 25.824, 25.501, 24.857, 24.328, 24.105, 24.113, 24.03, 24.064, 24.126, 24.135, 24.234, 24.449, 24.556, 24.333, 24.054, 24.555, 25.542, 24.641, 22.272, 18.557, 14.592, 10.517, 5.926, 2.557, 0.0, 2.831, 5.338, 7.187, 9.385, 12.471, 16.106, 18.752, 20.279, 21.06, 21.261, 21.302, 21.757, 22.224, 22.311, 21.982, 21.353, 20.731, 20.376, 20.637, 20.809, 20.604, 20.498, 20.764, 21.368, 21.97, 22.661, 23.434, 24.114, 24.398, 24.228, 24.075, 23.847, 23.456, 23.188, 23.054, 22.967, 22.964, 22.929, 22.859, 22.851, 22.917], [31.062, 32.388, 33.87, 34.666, 33.912, 32.81, 32.316, 31.778, 31.024, 30.699, 30.456, 29.853, 29.296, 29.178, 29.063, 28.804, 28.614, 28.228, 27.5, 26.74, 26.251, 25.929, 25.275, 24.72, 24.472, 24.483, 24.408, 24.451, 24.509, 24.481, 24.544, 24.763, 24.911, 24.778, 24.639, 25.3, 26.386, 25.536, 23.214, 19.571, 15.699, 11.762, 7.562, 4.928, 2.831, 0.0, 2.921, 5.42, 8.102, 11.455, 15.373, 18.187, 19.776, 20.602, 20.853, 20.95, 21.441, 21.928, 22.019, 21.71, 21.129, 20.541, 20.174, 20.388, 20.553, 20.397, 20.371, 20.71, 21.378, 22.073, 22.87, 23.702, 24.398, 24.67, 24.457, 24.261, 23.979, 23.502, 23.187, 23.044, 22.963, 22.976, 22.956, 22.891, 22.882, 22.936], [30.965, 32.295, 33.795, 34.613, 33.855, 32.736, 32.235, 31.694, 30.941, 30.622, 30.387, 29.794, 29.259, 29.177, 29.087, 28.845, 28.675, 28.311, 27.611, 26.888, 26.425, 26.111, 25.458, 24.896, 24.631, 24.641, 24.576, 24.631, 24.69, 24.632, 24.666, 24.892, 25.096, 25.069, 25.073, 25.885, 27.064, 26.269, 23.985, 20.398, 16.644, 12.903, 9.068, 6.939, 5.338, 2.921, 0.0, 3.195, 6.558, 10.305, 14.531, 17.521, 19.188, 20.057, 20.337, 20.479, 20.996, 21.495, 21.586, 21.3, 20.775, 20.23, 19.864, 20.044, 20.196, 20.084, 20.153, 20.604, 21.35, 22.124, 23.004, 23.871, 24.555, 24.795, 24.53, 24.286, 23.952, 23.393, 23.027, 22.879, 22.815, 22.859, 22.86, 22.801, 22.791, 22.833], [30.827, 32.175, 33.688, 34.523, 33.761, 32.63, 32.133, 31.593, 30.834, 30.513, 30.281, 29.701, 29.202, 29.168, 29.111, 28.867, 28.683, 28.306, 27.604, 26.894, 26.444, 26.114, 25.438, 24.874, 24.611, 24.615, 24.552, 24.617, 24.677, 24.602, 24.627, 24.861, 25.101, 25.15, 25.254, 26.174, 27.403, 26.603, 24.292, 20.736, 17.12, 13.621, 10.184, 8.411, 7.187, 5.42, 3.195, 0.0, 4.053, 8.824, 13.716, 17.007, 18.823, 19.735, 20.005, 20.181, 20.723, 21.224, 21.311, 21.021, 20.503, 19.971, 19.635, 19.849, 20.009, 19.882, 19.934, 20.395, 21.145, 21.921, 22.805, 23.683, 24.385, 24.633, 24.348, 24.071, 23.704, 23.111, 22.726, 22.577, 22.539, 22.625, 22.651, 22.592, 22.578, 22.626], [30.596, 32.079, 33.719, 34.643, 33.867, 32.676, 32.15, 31.571, 30.765, 30.426, 30.192, 29.65, 29.244, 29.328, 29.361, 29.165, 28.997, 28.616, 27.908, 27.206, 26.774, 26.458, 25.778, 25.21, 24.944, 24.948, 24.892, 24.979, 25.048, 24.968, 24.993, 25.242, 25.55, 25.743, 26.057, 27.233, 28.644, 27.89, 25.556, 22.045, 18.592, 15.386, 12.2, 10.42, 9.385, 8.102, 6.558, 4.053, 0.0, 5.796, 11.645, 15.45, 17.551, 18.633, 18.92, 19.114, 19.725, 20.239, 20.279, 19.945, 19.424, 18.886, 18.576, 18.86, 19.081, 18.989, 19.021, 19.485, 20.294, 21.158, 22.117, 23.038, 23.766, 24.04, 23.767, 23.479, 23.078, 22.427, 22.011, 21.871, 21.865, 22.006, 22.079, 22.045, 22.069, 22.174], [30.013, 31.718, 33.608, 34.71, 33.891, 32.543, 31.913, 31.232, 30.342, 29.974, 29.737, 29.25, 28.966, 29.201, 29.359, 29.276, 29.218, 28.911, 28.261, 27.61, 27.238, 27.037, 26.464, 25.927, 25.636, 25.653, 25.625, 25.75, 25.854, 25.779, 25.784, 26.045, 26.463, 26.906, 27.59, 29.179, 30.908, 30.353, 28.136, 24.736, 21.448, 18.501, 15.364, 13.389, 12.471, 11.455, 10.305, 8.824, 5.796, 0.0, 6.646, 11.283, 14.032, 15.616, 16.038, 16.272, 17.126, 17.782, 17.76, 17.364, 16.916, 16.464, 16.197, 16.53, 16.859, 16.949, 17.13, 17.81, 18.903, 20.067, 21.294, 22.325, 23.001, 23.226, 22.971, 22.707, 22.282, 21.522, 21.054, 20.967, 21.016, 21.216, 21.362, 21.42, 21.588, 21.835], [29.15, 30.975, 33.052, 34.306, 33.456, 31.98, 31.251, 30.501, 29.588, 29.227, 29.007, 28.582, 28.4, 28.749, 29.016, 29.074, 29.18, 29.004, 28.468, 27.906, 27.613, 27.565, 27.188, 26.767, 26.486, 26.533, 26.544, 26.703, 26.845, 26.78, 26.753, 27.006, 27.483, 28.073, 28.972, 30.759, 32.652, 32.312, 30.309, 27.112, 24.074, 21.476, 18.634, 16.804, 16.106, 15.373, 14.531, 13.716, 11.645, 6.646, 0.0, 5.457, 9.243, 11.65, 12.383, 12.8, 14.148, 15.159, 15.265, 14.953, 14.75, 14.637, 14.576, 14.898, 15.252, 15.535, 16.029, 17.152, 18.625, 20.073, 21.499, 22.546, 23.038, 23.135, 22.91, 22.712, 22.326, 21.549, 21.119, 21.146, 21.252, 21.483, 21.679, 21.852, 22.203, 22.588], [28.55, 30.398, 32.56, 33.895, 33.061, 31.582, 30.868, 30.16, 29.316, 29.0, 28.803, 28.398, 28.252, 28.656, 29.011, 29.21, 29.458, 29.399, 28.974, 28.479, 28.223, 28.265, 28.033, 27.727, 27.487, 27.566, 27.611, 27.791, 27.952, 27.892, 27.844, 28.093, 28.6, 29.242, 30.175, 31.935, 33.815, 33.584, 31.738, 28.694, 25.831, 23.486, 20.937, 19.304, 18.752, 18.187, 17.521, 17.007, 15.45, 11.283, 5.457, 0.0, 4.573, 7.914, 9.162, 9.915, 11.817, 13.201, 13.571, 13.565, 13.76, 14.077, 14.219, 14.492, 14.874, 15.336, 16.1, 17.538, 19.223, 20.794, 22.272, 23.251, 23.572, 23.581, 23.391, 23.243, 22.898, 22.147, 21.777, 21.887, 22.024, 22.268, 22.486, 22.697, 23.1, 23.514], [28.294, 30.116, 32.286, 33.635, 32.835, 31.422, 30.796, 30.193, 29.45, 29.18, 28.995, 28.577, 28.415, 28.824, 29.233, 29.531, 29.86, 29.873, 29.528, 29.086, 28.837, 28.906, 28.752, 28.52, 28.316, 28.415, 28.479, 28.665, 28.828, 28.764, 28.706, 28.957, 29.485, 30.142, 31.038, 32.708, 34.53, 34.339, 32.58, 29.627, 26.851, 24.64, 22.285, 20.774, 20.279, 19.776, 19.188, 18.823, 17.551, 14.032, 9.243, 4.573, 0.0, 4.171, 6.205, 7.427, 9.847, 11.584, 12.27, 12.727, 13.374, 14.008, 14.221, 14.416, 14.843, 15.488, 16.482, 18.096, 19.868, 21.489, 22.991, 23.94, 24.19, 24.165, 23.981, 23.84, 23.504, 22.768, 22.434, 22.579, 22.723, 22.975, 23.2, 23.397, 23.758, 24.141], [28.029, 29.8, 31.902, 33.204, 32.423, 31.068, 30.521, 30.014, 29.366, 29.148, 28.977, 28.533, 28.353, 28.763, 29.2, 29.575, 29.978, 30.056, 29.786, 29.413, 29.187, 29.259, 29.151, 28.968, 28.785, 28.892, 28.962, 29.147, 29.304, 29.228, 29.159, 29.407, 29.937, 30.588, 31.44, 33.029, 34.785, 34.582, 32.841, 29.937, 27.217, 25.096, 22.907, 21.513, 21.06, 20.602, 20.057, 19.735, 18.633, 15.616, 11.65, 7.914, 4.171, 0.0, 2.98, 5.3, 8.211, 10.291, 11.456, 12.46, 13.469, 14.281, 14.512, 14.651, 15.084, 15.826, 16.986, 18.706, 20.488, 22.082, 23.561, 24.496, 24.739, 24.717, 24.533, 24.385, 24.053, 23.352, 23.052, 23.202, 23.344, 23.598, 23.823, 24.006, 24.328, 24.673], [28.072, 29.866, 31.932, 33.203, 32.416, 31.055, 30.52, 30.018, 29.365, 29.152, 28.984, 28.527, 28.353, 28.776, 29.205, 29.573, 29.981, 30.067, 29.812, 29.46, 29.245, 29.31, 29.205, 29.039, 28.865, 28.973, 29.044, 29.233, 29.394, 29.312, 29.239, 29.49, 30.016, 30.662, 31.52, 33.119, 34.871, 34.656, 32.904, 30.003, 27.293, 25.197, 23.053, 21.684, 21.261, 20.853, 20.337, 20.005, 18.92, 16.038, 12.383, 9.162, 6.205, 2.98, 0.0, 3.372, 6.75, 9.03, 10.521, 11.814, 12.956, 13.84, 14.101, 14.272, 14.751, 15.54, 16.751, 18.532, 20.356, 21.951, 23.423, 24.365, 24.622, 24.623, 24.469, 24.34, 24.027, 23.367, 23.099, 23.26, 23.405, 23.657, 23.88, 24.06, 24.387, 24.746], [28.133, 29.978, 32.055, 33.325, 32.527, 31.154, 30.615, 30.1, 29.417, 29.186, 29.013, 28.565, 28.41, 28.844, 29.258, 29.605, 30.006, 30.088, 29.822, 29.449, 29.218, 29.284, 29.179, 29.013, 28.84, 28.948, 29.025, 29.22, 29.388, 29.313, 29.244, 29.5, 30.025, 30.672, 31.553, 33.184, 34.961, 34.76, 33.016, 30.111, 27.396, 25.292, 23.108, 21.697, 21.302, 20.95, 20.479, 20.181, 19.114, 16.272, 12.8, 9.915, 7.427, 5.3, 3.372, 0.0, 3.955, 6.687, 8.556, 10.193, 11.592, 12.642, 12.97, 13.203, 13.772, 14.688, 16.01, 17.856, 19.74, 21.4, 22.928, 23.901, 24.158, 24.155, 24.019, 23.923, 23.641, 23.011, 22.76, 22.928, 23.074, 23.318, 23.533, 23.709, 24.049, 24.439], [28.062, 29.933, 32.01, 33.272, 32.468, 31.111, 30.609, 30.132, 29.476, 29.257, 29.077, 28.601, 28.424, 28.849, 29.257, 29.628, 30.072, 30.188, 29.95, 29.588, 29.353, 29.423, 29.329, 29.163, 28.984, 29.087, 29.166, 29.361, 29.53, 29.46, 29.387, 29.64, 30.159, 30.823, 31.743, 33.398, 35.185, 35.004, 33.286, 30.413, 27.729, 25.642, 23.479, 22.107, 21.757, 21.441, 20.996, 20.723, 19.725, 17.126, 14.148, 11.817, 9.847, 8.211, 6.75, 3.955, 0.0, 3.328, 6.116, 8.651, 10.699, 12.104, 12.528, 12.764, 13.362, 14.396, 15.888, 17.852, 19.78, 21.477, 23.01, 23.965, 24.221, 24.211, 24.071, 23.996, 23.742, 23.135, 22.896, 23.059, 23.196, 23.431, 23.636, 23.801, 24.135, 24.525], [28.244, 30.177, 32.287, 33.56, 32.761, 31.418, 30.942, 30.474, 29.804, 29.57, 29.371, 28.867, 28.661, 29.069, 29.464, 29.827, 30.271, 30.388, 30.152, 29.795, 29.562, 29.63, 29.542, 29.385, 29.213, 29.311, 29.385, 29.577, 29.745, 29.681, 29.612, 29.869, 30.387, 31.057, 31.991, 33.661, 35.462, 35.303, 33.609, 30.766, 28.11, 26.042, 23.899, 22.551, 22.224, 21.928, 21.495, 21.224, 20.239, 17.782, 15.159, 13.201, 11.584, 10.291, 9.03, 6.687, 3.328, 0.0, 3.683, 7.224, 9.951, 11.695, 12.22, 12.457, 13.051, 14.116, 15.676, 17.74, 19.749, 21.495, 23.018, 23.948, 24.207, 24.214, 24.099, 24.057, 23.832, 23.249, 23.031, 23.199, 23.331, 23.559, 23.758, 23.917, 24.253, 24.654], [28.64, 30.645, 32.841, 34.173, 33.381, 32.032, 31.541, 31.028, 30.284, 29.998, 29.761, 29.225, 28.979, 29.369, 29.745, 30.053, 30.447, 30.529, 30.262, 29.886, 29.649, 29.73, 29.656, 29.508, 29.338, 29.433, 29.509, 29.71, 29.884, 29.831, 29.775, 30.045, 30.577, 31.249, 32.195, 33.911, 35.772, 35.653, 33.977, 31.121, 28.429, 26.3, 24.062, 22.65, 22.311, 22.019, 21.586, 21.311, 20.279, 17.76, 15.265, 13.571, 12.27, 11.456, 10.521, 8.556, 6.116, 3.683, 0.0, 4.448, 8.167, 10.358, 11.01, 11.304, 11.954, 13.096, 14.734, 16.938, 19.105, 20.972, 22.539, 23.454, 23.685, 23.687, 23.593, 23.573, 23.353, 22.761, 22.556, 22.748, 22.891, 23.127, 23.334, 23.497, 23.849, 24.285], [29.066, 31.113, 33.344, 34.695, 33.886, 32.491, 31.918, 31.291, 30.428, 30.068, 29.794, 29.247, 28.979, 29.353, 29.704, 29.914, 30.203, 30.21, 29.886, 29.467, 29.209, 29.293, 29.23, 29.094, 28.932, 29.028, 29.111, 29.328, 29.515, 29.479, 29.443, 29.729, 30.269, 30.94, 31.897, 33.665, 35.595, 35.508, 33.831, 30.953, 28.245, 26.091, 23.784, 22.321, 21.982, 21.71, 21.3, 21.021, 19.945, 17.364, 14.953, 13.565, 12.727, 12.46, 11.814, 10.193, 8.651, 7.224, 4.448, 0.0, 4