[[0.0, 1.501, 1.409, 1.926, 3.777, 5.52, 5.303, 4.777, 4.391, 4.744, 4.748, 4.239, 4.723, 5.119, 5.623, 5.604, 5.166, 6.01, 6.564, 5.892, 5.03, 4.18, 3.466, 3.713, 2.772, 2.419, 6.277, 8.389, 6.947, 7.173, 7.454, 7.023, 8.234, 9.022, 9.267, 9.173, 9.988, 10.74, 11.349, 11.889, 11.866, 11.388, 9.574, 8.393, 8.218, 7.767, 6.31, 5.105, 5.165, 5.323, 5.261, 4.444, 3.438, 2.267, 2.007, 2.418, 2.541, 2.55, 2.321, 3.277, 4.221, 3.321, 3.289, 3.414, 2.953, 2.369, 1.892, 2.227, 1.834, 3.13, 4.723, 4.955, 3.335, 2.639, 1.789, 1.698, 1.293, 2.727, 4.017, 4.726, 4.877, 4.541, 4.581, 4.847, 5.616, 5.293, 4.633, 4.825, 5.941, 6.064, 5.181, 4.539, 4.674, 4.662, 4.318, 2.952, 2.523, 3.927, 4.374, 3.173, 3.683, 3.372, 3.212, 3.041, 3.099, 3.583, 4.627, 3.071, 2.296, 2.14, 2.382, 3.021, 3.259, 3.633, 2.005, 3.475, 4.61, 5.272, 4.609, 3.295, 4.129, 5.409, 4.496, 3.745, 3.529, 3.328, 3.39, 3.925, 3.805, 2.557, 1.586, 1.586, 1.421, 1.977, 1.817, 1.718, 2.121, 1.722, 1.942, 1.882, 2.208, 3.699, 4.196, 1.96, 1.446, 2.38, 3.148, 2.733, 2.749, 1.966, 1.748, 2.466, 1.772, 3.064, 4.605, 4.147, 3.278, 3.221, 3.686, 2.897, 1.105, 1.838, 3.041, 4.573, 4.906, 5.782, 5.799, 5.367, 3.632, 3.305, 3.181, 3.225, 2.001, 2.193, 4.096, 8.954, 10.864, 11.446, 12.837, 14.742, 15.535, 16.005, 17.474, 18.848, 18.943, 18.107, 18.08, 18.56, 19.234, 20.892, 21.816, 22.183, 22.045, 21.788, 20.498, 19.532, 18.847, 17.764, 16.627, 17.273, 17.346, 13.92, 9.56, 9.02, 8.037, 4.809, 4.42, 4.889, 4.379, 2.365, 1.614, 1.791, 2.478, 3.614, 3.644, 3.324, 2.582, 3.05, 3.289, 3.575, 4.097, 4.108, 4.431, 4.328, 4.734, 4.897, 2.964, 2.706, 2.836, 5.625], [1.501, 0.0, 1.779, 2.126, 3.511, 5.011, 4.471, 3.821, 3.711, 4.459, 4.032, 3.569, 3.906, 4.306, 4.744, 4.747, 4.21, 4.987, 5.669, 5.012, 3.947, 3.133, 2.519, 2.941, 2.445, 3.485, 7.575, 9.674, 8.234, 8.467, 8.729, 8.288, 9.51, 10.24, 10.557, 10.49, 11.291, 12.09, 12.671, 13.179, 13.155, 12.675, 10.863, 9.691, 9.504, 9.042, 7.586, 6.251, 6.368, 6.609, 6.491, 5.683, 4.696, 3.288, 2.469, 3.0, 3.591, 3.689, 3.253, 4.347, 5.416, 4.607, 4.244, 4.223, 4.086, 3.081, 2.886, 2.742, 2.749, 4.361, 6.026, 6.248, 4.61, 3.784, 2.948, 2.669, 2.379, 2.522, 3.065, 3.633, 3.821, 3.469, 3.312, 3.773, 4.561, 4.244, 3.717, 3.735, 5.013, 5.157, 4.192, 3.562, 3.756, 3.773, 3.339, 2.085, 1.77, 3.046, 3.478, 2.818, 3.839, 3.672, 4.017, 3.994, 3.564, 4.79, 5.924, 4.301, 3.335, 2.781, 2.588, 3.045, 4.528, 4.786, 1.858, 2.516, 3.549, 4.217, 3.614, 2.392, 3.156, 4.412, 3.596, 2.843, 2.566, 2.484, 2.85, 3.2, 2.852, 1.813, 1.881, 2.395, 2.574, 3.097, 2.229, 1.754, 2.453, 2.278, 2.633, 2.835, 3.165, 4.973, 5.486, 2.977, 2.353, 3.606, 4.399, 3.918, 4.023, 3.217, 2.381, 2.122, 2.147, 4.211, 5.899, 5.403, 3.195, 3.118, 4.804, 4.05, 1.853, 1.992, 2.278, 3.636, 3.976, 4.802, 4.763, 4.327, 2.593, 2.389, 2.347, 2.273, 2.003, 3.18, 3.199, 7.985, 9.878, 10.458, 11.831, 13.744, 14.57, 15.013, 16.488, 17.848, 17.93, 17.044, 17.022, 17.407, 17.965, 19.602, 20.541, 20.926, 20.795, 20.541, 19.423, 18.578, 17.786, 16.618, 15.564, 16.185, 16.172, 12.712, 8.597, 7.978, 6.948, 3.822, 3.484, 3.967, 3.51, 2.131, 1.948, 2.369, 2.329, 2.784, 2.787, 2.526, 1.882, 2.138, 2.439, 2.764, 3.158, 3.157, 3.456, 3.399, 3.78, 3.973, 2.566, 3.555, 3.797, 6.919], [1.409, 1.779, 0.0, 1.735, 3.484, 5.065, 4.686, 4.182, 3.945, 4.472, 4.142, 3.729, 4.171, 4.595, 5.297, 5.351, 4.692, 5.521, 6.273, 5.498, 5.049, 4.128, 3.016, 3.074, 2.563, 2.411, 6.178, 8.238, 6.83, 7.006, 7.3, 7.068, 8.21, 9.083, 9.093, 9.05, 9.848, 10.672, 11.214, 11.746, 11.731, 11.208, 9.417, 8.246, 8.053, 7.656, 6.248, 5.513, 5.562, 5.444, 5.391, 4.526, 3.419, 2.076, 1.636, 2.106, 2.322, 2.307, 1.94, 2.992, 4.023, 3.337, 3.09, 3.008, 2.634, 1.862, 1.664, 1.514, 2.164, 3.381, 4.761, 4.97, 3.242, 2.54, 2.237, 2.065, 1.583, 2.532, 4.002, 4.696, 4.829, 4.596, 4.614, 4.887, 5.599, 5.301, 4.321, 4.819, 5.421, 5.308, 4.419, 3.715, 3.792, 3.792, 3.804, 2.675, 2.058, 3.446, 3.949, 2.704, 2.647, 2.437, 2.639, 2.699, 2.388, 3.353, 4.464, 3.041, 2.073, 1.853, 1.927, 2.627, 3.18, 3.299, 1.623, 3.265, 4.405, 5.099, 4.245, 2.704, 3.606, 4.749, 3.935, 3.352, 3.149, 2.585, 2.561, 3.189, 3.587, 2.566, 1.712, 1.827, 1.664, 1.88, 1.367, 1.43, 1.43, 1.316, 1.842, 1.806, 2.066, 3.599, 4.148, 1.867, 1.977, 2.293, 2.94, 2.592, 2.699, 2.123, 1.752, 1.858, 1.525, 3.493, 4.449, 3.937, 2.487, 2.499, 3.402, 2.796, 1.21, 1.334, 2.308, 3.774, 4.388, 5.313, 5.539, 5.445, 3.62, 3.057, 2.906, 2.568, 1.64, 1.999, 3.363, 8.242, 10.403, 10.953, 12.485, 14.663, 15.213, 15.443, 17.16, 18.56, 18.751, 17.911, 18.05, 18.71, 19.416, 21.047, 21.974, 22.348, 22.224, 21.956, 20.67, 19.344, 18.846, 17.796, 16.485, 17.065, 17.365, 13.958, 9.484, 8.808, 8.045, 4.335, 3.589, 4.095, 3.512, 1.842, 1.328, 1.264, 1.752, 2.747, 2.734, 2.414, 2.038, 2.342, 2.68, 2.905, 3.331, 3.438, 3.682, 3.651, 3.942, 4.106, 2.427, 2.255, 2.38, 5.467], [1.926, 2.126, 1.735, 0.0, 2.503, 4.126, 3.843, 3.525, 3.068, 3.188, 3.107, 3.238, 3.899, 4.253, 5.104, 5.276, 4.608, 5.321, 6.246, 5.491, 5.14, 4.273, 3.053, 2.563, 2.357, 2.239, 6.286, 8.462, 7.282, 7.08, 7.518, 7.567, 8.605, 9.505, 9.15, 9.34, 10.057, 10.89, 11.251, 11.829, 11.873, 11.24, 9.587, 8.701, 8.375, 7.94, 6.899, 6.464, 6.48, 6.117, 6.061, 4.924, 3.724, 2.427, 2.159, 2.367, 2.592, 2.313, 2.112, 3.191, 4.312, 3.927, 3.8, 3.551, 3.083, 2.247, 2.207, 2.456, 3.229, 4.35, 5.667, 5.687, 3.723, 2.931, 2.978, 2.799, 2.383, 3.145, 4.388, 4.937, 5.159, 4.77, 4.87, 5.23, 5.784, 5.531, 4.604, 5.087, 5.463, 4.963, 4.22, 3.617, 3.809, 4.076, 4.23, 3.079, 2.626, 3.585, 4.275, 3.321, 3.288, 2.837, 2.731, 2.752, 2.76, 3.409, 4.502, 3.794, 2.767, 2.67, 3.039, 3.727, 3.888, 3.577, 2.139, 3.538, 4.601, 5.255, 4.473, 3.009, 3.848, 4.67, 4.087, 3.553, 3.303, 2.55, 2.569, 3.174, 3.761, 2.674, 1.677, 1.752, 1.922, 1.754, 1.441, 1.788, 1.819, 2.372, 2.647, 2.45, 2.66, 4.036, 4.474, 2.618, 2.801, 2.892, 3.061, 2.81, 3.133, 2.538, 1.601, 1.326, 2.327, 4.385, 4.57, 4.01, 2.553, 2.385, 3.475, 2.442, 2.025, 1.736, 2.562, 3.669, 4.576, 5.35, 5.52, 5.572, 3.731, 3.037, 3.099, 2.501, 1.166, 2.078, 3.017, 7.881, 10.288, 10.939, 12.374, 14.554, 15.053, 15.195, 17.051, 18.409, 18.6, 17.733, 17.981, 18.69, 19.396, 21.021, 21.952, 22.325, 22.201, 21.93, 20.631, 19.269, 18.785, 17.764, 16.383, 16.932, 17.312, 13.88, 9.506, 8.77, 8.125, 4.507, 3.418, 4.184, 3.406, 1.688, 1.304, 1.952, 1.95, 2.517, 2.817, 2.79, 2.193, 2.344, 2.7, 2.742, 3.178, 3.411, 3.204, 3.389, 3.796, 3.57, 1.927, 2.389, 2.738, 5.552], [3.777, 3.511, 3.484, 2.503, 0.0, 1.952, 2.105, 2.349, 1.685, 2.027, 2.06, 2.285, 2.442, 2.841, 4.081, 4.483, 3.761, 4.478, 5.378, 4.677, 4.357, 3.575, 2.525, 2.11, 2.102, 3.51, 7.507, 9.614, 8.486, 8.018, 8.591, 8.757, 9.698, 10.576, 10.175, 10.685, 11.294, 11.94, 12.239, 12.681, 12.76, 12.152, 10.713, 9.87, 9.438, 9.113, 8.16, 8.121, 8.362, 7.895, 7.339, 6.168, 5.006, 3.915, 3.44, 3.139, 3.522, 3.699, 4.159, 5.171, 6.389, 6.006, 6.182, 5.522, 5.151, 4.257, 4.482, 4.551, 5.251, 6.415, 7.556, 7.446, 5.437, 4.398, 4.785, 5.023, 4.213, 5.05, 5.679, 5.478, 5.403, 5.478, 5.444, 5.768, 6.063, 5.76, 4.641, 4.567, 4.822, 4.447, 4.218, 3.877, 4.404, 4.309, 4.567, 3.919, 3.378, 4.183, 4.783, 5.095, 5.236, 4.808, 4.64, 4.718, 4.879, 4.85, 5.749, 5.544, 4.954, 4.865, 5.159, 5.627, 5.549, 5.827, 4.016, 3.901, 4.684, 4.982, 4.447, 3.264, 3.65, 4.086, 3.658, 3.712, 3.723, 3.336, 2.936, 3.032, 3.417, 3.448, 3.043, 2.975, 3.456, 3.362, 3.46, 3.827, 3.933, 4.352, 4.72, 4.596, 4.737, 5.449, 5.682, 4.594, 4.472, 4.433, 4.399, 4.36, 4.678, 4.465, 3.259, 2.669, 4.395, 6.156, 5.749, 4.915, 3.99, 3.667, 4.54, 4.092, 3.727, 3.821, 3.395, 3.964, 4.549, 4.916, 5.095, 5.091, 3.621, 4.111, 3.909, 2.968, 2.758, 3.645, 3.271, 7.077, 9.547, 10.188, 11.596, 13.686, 14.212, 14.407, 16.22, 17.542, 17.732, 16.866, 17.108, 17.78, 18.481, 20.111, 21.04, 21.413, 21.289, 21.021, 19.735, 18.381, 17.903, 16.848, 15.483, 16.042, 16.4, 12.996, 8.69, 7.912, 7.302, 3.867, 2.906, 3.88, 3.639, 2.788, 3.131, 4.002, 3.622, 3.112, 3.576, 3.668, 3.125, 2.931, 2.788, 2.167, 2.643, 2.638, 2.447, 2.867, 3.551, 3.445, 2.827, 4.509, 5.007, 6.959], [5.52, 5.011, 5.065, 4.126, 1.952, 0.0, 1.44, 2.484, 1.972, 2.085, 2.07, 2.828, 2.696, 3.059, 4.204, 4.389, 3.991, 4.322, 5.238, 4.462, 4.398, 3.962, 3.436, 3.05, 3.328, 5.049, 8.769, 10.751, 9.724, 8.891, 9.789, 10.117, 10.966, 11.724, 11.326, 12.156, 12.535, 13.267, 12.994, 13.335, 13.583, 12.803, 11.672, 11.08, 10.667, 10.45, 9.594, 9.827, 10.07, 9.603, 8.983, 7.799, 6.457, 5.575, 4.967, 4.413, 5.069, 5.214, 5.698, 6.618, 7.871, 7.738, 7.849, 7.009, 6.789, 5.764, 6.16, 6.051, 6.913, 8.145, 9.233, 9.079, 7.083, 6.062, 6.509, 6.699, 5.88, 6.485, 6.971, 6.605, 6.413, 6.553, 6.441, 6.692, 6.868, 6.551, 5.364, 5.074, 4.922, 4.704, 4.907, 4.583, 5.073, 5.131, 5.539, 5.03, 4.706, 5.244, 5.627, 6.148, 6.474, 5.973, 5.723, 6.072, 6.209, 6.037, 6.999, 6.992, 6.524, 6.411, 6.683, 7.099, 7.249, 7.26, 5.524, 5.124, 5.662, 5.769, 5.207, 4.209, 4.614, 4.54, 4.515, 4.888, 5.096, 4.59, 4.016, 4.037, 4.446, 4.759, 4.507, 4.494, 5.079, 4.824, 5.116, 5.404, 5.316, 5.819, 6.296, 6.09, 6.416, 6.915, 7.315, 6.209, 6.204, 6.025, 5.936, 5.81, 6.236, 6.062, 4.793, 3.948, 5.916, 7.756, 7.129, 5.937, 5.179, 4.696, 5.639, 5.413, 5.431, 5.292, 4.573, 4.727, 5.35, 5.519, 5.856, 5.841, 4.672, 5.178, 4.979, 4.048, 4.154, 4.988, 3.904, 6.864, 9.009, 9.54, 10.96, 13.157, 13.729, 13.715, 15.622, 16.939, 17.131, 16.321, 16.662, 17.4, 18.099, 19.714, 20.653, 21.022, 20.901, 20.631, 19.336, 17.951, 17.476, 16.396, 14.995, 15.549, 15.94, 12.524, 8.221, 7.414, 6.772, 4.396, 3.48, 4.655, 4.377, 4.182, 4.78, 5.584, 4.985, 3.965, 4.53, 4.857, 4.302, 4.191, 4.206, 3.069, 3.212, 3.183, 2.949, 3.446, 4.311, 4.106, 3.735, 6.001, 6.289, 8.189], [5.303, 4.471, 4.686, 3.843, 2.105, 1.44, 0.0, 1.436, 1.474, 1.736, 1.664, 1.999, 1.76, 1.927, 3.045, 3.128, 2.859, 3.132, 4.068, 3.362, 3.253, 2.97, 2.562, 2.561, 3.029, 5.164, 9.222, 11.333, 10.208, 9.535, 10.362, 10.472, 11.433, 12.369, 11.709, 12.282, 12.94, 13.725, 13.783, 14.197, 14.305, 13.695, 12.378, 11.614, 11.232, 10.873, 9.877, 9.678, 9.8, 9.371, 9.038, 7.677, 6.346, 5.282, 4.588, 4.779, 5.173, 5.268, 5.429, 6.421, 7.647, 7.489, 7.465, 6.666, 6.527, 5.392, 5.813, 5.579, 6.548, 7.876, 9.11, 8.977, 6.97, 5.926, 6.301, 6.322, 5.584, 5.665, 6.184, 5.842, 5.558, 5.677, 5.653, 5.777, 5.906, 5.633, 4.291, 3.834, 3.696, 3.615, 3.959, 3.639, 4.319, 4.189, 4.585, 4.211, 3.936, 4.301, 4.802, 5.496, 5.813, 5.392, 5.646, 5.869, 5.715, 6.024, 7.264, 7.014, 6.266, 5.964, 6.054, 6.306, 7.148, 7.075, 4.865, 4.269, 4.724, 4.75, 4.273, 3.458, 3.66, 3.596, 3.467, 4.019, 4.318, 3.916, 3.395, 3.286, 3.767, 4.323, 4.285, 4.613, 4.975, 4.726, 4.738, 4.909, 4.779, 5.395, 5.814, 5.797, 6.032, 7.124, 7.409, 5.935, 5.978, 5.958, 5.898, 5.728, 6.254, 5.88, 4.573, 3.492, 5.589, 7.683, 7.362, 6.501, 4.678, 4.437, 5.884, 5.383, 5.166, 4.717, 3.932, 3.807, 4.509, 4.693, 4.959, 4.797, 3.865, 4.47, 4.245, 3.495, 3.826, 4.924, 3.169, 5.625, 7.891, 8.448, 9.956, 12.18, 12.69, 12.705, 14.607, 15.96, 16.184, 15.279, 15.628, 16.319, 17.013, 18.651, 19.575, 19.948, 19.821, 19.553, 18.236, 16.892, 16.414, 15.304, 13.915, 14.477, 14.867, 11.42, 7.091, 6.286, 5.606, 3.352, 2.597, 3.737, 3.583, 3.791, 4.364, 5.16, 4.276, 3.403, 3.751, 4.039, 3.713, 3.458, 3.416, 2.284, 2.14, 2.342, 2.171, 2.809, 3.49, 3.415, 3.534, 5.657, 6.168, 8.401], [4.777, 3.821, 4.182, 3.525, 2.349, 2.484, 1.436, 0.0, 1.481, 2.122, 1.967, 2.113, 2.299, 2.171, 2.802, 2.545, 2.351, 2.566, 3.373, 2.614, 2.514, 2.177, 1.811, 2.19, 2.705, 5.117, 9.373, 11.45, 10.169, 10.031, 10.439, 10.487, 11.432, 12.37, 12.18, 12.253, 12.969, 13.784, 14.319, 14.731, 14.728, 14.298, 12.593, 11.692, 11.334, 10.726, 9.627, 9.294, 9.327, 8.909, 8.888, 7.703, 6.508, 5.187, 4.321, 4.725, 5.211, 5.309, 5.076, 6.287, 7.483, 6.942, 6.803, 6.256, 6.133, 5.185, 5.147, 4.87, 6.051, 7.361, 8.854, 8.671, 6.682, 5.675, 5.827, 5.747, 5.21, 4.7, 5.151, 4.933, 4.668, 4.756, 4.706, 4.945, 5.127, 4.835, 3.563, 3.06, 3.083, 3.142, 3.394, 3.059, 3.786, 3.541, 3.756, 3.623, 3.008, 3.452, 4.131, 4.68, 4.97, 4.826, 5.71, 5.731, 5.417, 6.453, 7.524, 6.885, 5.881, 5.455, 5.175, 5.226, 6.883, 6.867, 4.05, 3.273, 3.953, 4.028, 3.565, 2.683, 2.887, 2.923, 2.662, 3.096, 3.299, 3.1, 2.579, 2.469, 3.068, 3.651, 4.025, 4.405, 4.748, 4.88, 4.274, 4.201, 4.277, 4.995, 5.362, 5.472, 5.523, 6.937, 7.208, 5.708, 5.563, 5.829, 6.049, 5.756, 6.041, 5.532, 4.24, 3.21, 4.998, 7.412, 7.572, 6.974, 4.591, 4.583, 6.364, 5.527, 4.61, 4.072, 3.277, 3.193, 3.827, 4.069, 4.278, 3.971, 3.092, 3.712, 3.426, 2.981, 3.503, 4.892, 2.684, 5.193, 7.557, 8.124, 9.608, 11.737, 12.314, 12.412, 14.201, 15.574, 15.821, 14.947, 15.125, 15.691, 16.405, 18.046, 18.956, 19.32, 19.194, 18.938, 17.686, 16.363, 15.904, 14.748, 13.49, 14.076, 14.347, 10.939, 6.527, 5.853, 5.063, 2.525, 2.184, 2.989, 3.19, 3.433, 3.818, 4.624, 3.823, 2.86, 3.131, 3.153, 3.091, 2.707, 2.299, 2.0, 1.764, 2.068, 1.767, 2.627, 2.885, 2.917, 3.748, 5.241, 5.847, 8.553], [4.391, 3.711, 3.945, 3.068, 1.685, 1.972, 1.474, 1.481, 0.0, 1.394, 1.734, 1.853, 2.204, 2.306, 3.206, 3.31, 2.964, 3.313, 4.051, 3.427, 3.332, 2.96, 2.285, 2.096, 2.372, 4.446, 8.551, 10.715, 9.433, 9.336, 9.697, 9.671, 10.725, 11.592, 11.44, 11.699, 12.334, 13.077, 13.52, 14.013, 14.074, 13.503, 11.78, 10.85, 10.568, 10.153, 9.086, 8.895, 8.952, 8.551, 8.155, 7.031, 5.897, 4.565, 3.885, 4.255, 4.543, 4.775, 4.688, 5.898, 7.172, 6.573, 6.508, 5.801, 5.713, 4.72, 4.847, 4.834, 5.689, 6.972, 8.35, 8.213, 6.211, 5.179, 5.424, 5.416, 4.741, 5.39, 5.941, 5.661, 5.525, 5.581, 5.552, 5.91, 6.148, 5.848, 4.572, 4.133, 4.073, 4.082, 4.382, 4.102, 4.68, 4.504, 4.7, 4.035, 3.534, 4.307, 4.991, 5.446, 5.792, 5.345, 5.327, 5.335, 5.183, 5.81, 6.994, 6.392, 5.447, 5.117, 5.332, 5.997, 6.34, 6.415, 4.312, 4.064, 4.819, 4.955, 4.515, 3.424, 3.776, 3.787, 3.625, 3.916, 3.971, 3.646, 3.223, 3.239, 3.576, 3.705, 3.578, 3.883, 4.166, 4.188, 3.83, 3.996, 4.207, 4.693, 4.931, 5.016, 5.065, 6.389, 6.713, 5.206, 5.094, 5.273, 5.35, 5.105, 5.513, 5.109, 3.831, 2.974, 4.772, 6.939, 6.827, 6.223, 4.565, 4.274, 5.683, 4.966, 4.228, 4.071, 3.532, 4.171, 4.696, 4.937, 5.16, 4.962, 3.717, 4.347, 4.077, 3.325, 3.121, 4.392, 3.527, 6.147, 8.287, 9.02, 10.332, 12.368, 12.935, 13.114, 14.888, 16.251, 16.452, 15.6, 15.773, 16.429, 17.13, 18.769, 19.701, 20.064, 19.939, 19.678, 18.392, 17.047, 16.57, 15.491, 14.165, 14.753, 15.049, 11.638, 7.344, 6.561, 5.989, 3.317, 2.911, 3.967, 4.002, 3.16, 3.536, 4.316, 4.198, 3.621, 3.98, 3.937, 3.19, 3.18, 3.024, 2.139, 2.306, 2.625, 2.367, 3.04, 3.771, 3.83, 3.598, 4.98, 5.584, 8.028], [4.744, 4.459, 4.472, 3.188, 2.027, 2.085, 1.736, 2.122, 1.394, 0.0, 1.358, 2.125, 2.541, 2.677, 3.565, 3.854, 3.368, 3.779, 4.611, 4.08, 3.817, 3.537, 2.991, 2.206, 2.507, 4.612, 8.583, 10.766, 9.645, 9.088, 9.852, 9.936, 10.963, 11.863, 11.214, 11.741, 12.466, 13.263, 13.271, 13.769, 13.996, 13.24, 11.863, 11.129, 10.742, 10.368, 9.369, 9.121, 9.167, 8.768, 8.552, 7.239, 5.926, 4.781, 4.242, 4.594, 4.676, 4.68, 4.655, 5.563, 6.904, 6.808, 6.77, 6.023, 5.819, 4.853, 5.134, 5.303, 6.048, 7.202, 8.506, 8.316, 6.333, 5.378, 5.684, 5.702, 5.037, 6.12, 6.752, 6.473, 6.233, 6.404, 6.275, 6.479, 6.526, 6.25, 4.905, 4.516, 4.539, 4.157, 4.52, 4.281, 4.867, 4.858, 5.38, 4.773, 4.297, 5.096, 5.444, 5.881, 5.945, 5.322, 4.72, 5.034, 5.354, 5.495, 6.474, 6.293, 5.496, 5.468, 5.959, 6.694, 6.545, 6.253, 5.089, 4.736, 5.456, 5.425, 4.89, 4.039, 4.424, 4.326, 4.198, 4.581, 4.656, 4.197, 3.462, 3.583, 3.855, 4.136, 3.612, 4.012, 4.387, 4.043, 4.158, 4.549, 4.561, 5.133, 5.311, 5.082, 5.376, 6.512, 6.874, 5.35, 5.351, 5.387, 5.307, 5.069, 5.562, 5.194, 3.841, 3.267, 5.056, 7.017, 6.719, 6.025, 4.77, 4.103, 5.052, 4.499, 4.542, 4.499, 4.147, 4.453, 5.134, 5.309, 5.582, 5.452, 4.537, 5.019, 4.662, 3.659, 3.282, 4.194, 3.569, 6.517, 8.685, 9.425, 10.735, 12.781, 13.384, 13.381, 15.244, 16.566, 16.75, 15.962, 16.316, 17.048, 17.748, 19.36, 20.298, 20.668, 20.547, 20.276, 18.977, 17.605, 17.12, 16.045, 14.639, 15.197, 15.593, 12.18, 7.95, 7.093, 6.553, 3.676, 3.203, 4.365, 4.217, 3.297, 3.873, 4.711, 4.48, 3.816, 4.403, 4.699, 3.937, 3.956, 3.843, 2.655, 2.627, 2.858, 2.729, 3.229, 4.102, 3.913, 3.322, 4.944, 5.203, 7.442], [4.748, 4.032, 4.142, 3.107, 2.06, 2.07, 1.664, 1.967, 1.734, 1.358, 0.0, 1.496, 1.99, 2.043, 2.947, 3.164, 2.616, 3.216, 4.104, 3.395, 3.152, 2.667, 2.27, 1.802, 2.437, 4.965, 8.911, 11.166, 10.014, 9.517, 10.173, 10.267, 11.275, 12.186, 11.544, 12.024, 12.794, 13.525, 13.575, 14.156, 14.347, 13.6, 12.222, 11.39, 11.037, 10.657, 9.66, 9.313, 9.338, 8.906, 8.823, 7.522, 6.223, 4.985, 4.275, 4.667, 5.013, 5.001, 4.823, 5.751, 7.048, 6.881, 6.678, 6.203, 5.976, 4.832, 5.095, 4.958, 5.973, 7.228, 8.565, 8.538, 6.6, 5.627, 5.837, 5.699, 5.15, 5.362, 5.887, 5.513, 5.258, 5.425, 5.411, 5.49, 5.475, 5.199, 4.041, 3.598, 3.791, 3.197, 3.482, 3.232, 3.876, 3.81, 4.259, 3.74, 3.534, 3.974, 4.544, 5.175, 5.449, 4.894, 4.855, 5.111, 5.093, 5.79, 6.793, 6.581, 5.666, 5.342, 5.555, 6.018, 6.733, 6.234, 4.356, 3.969, 4.292, 4.242, 3.787, 3.185, 3.457, 3.418, 3.087, 3.74, 3.984, 3.489, 2.875, 2.95, 3.352, 3.748, 3.849, 4.31, 4.683, 4.282, 4.04, 4.201, 4.228, 4.885, 5.326, 5.24, 5.419, 6.799, 7.141, 5.442, 5.471, 5.609, 5.634, 5.442, 5.916, 5.447, 4.082, 3.112, 4.857, 7.272, 7.122, 6.503, 4.327, 3.995, 5.495, 4.82, 4.549, 4.266, 3.44, 3.452, 4.156, 4.28, 4.483, 4.338, 3.56, 4.157, 3.908, 3.025, 3.153, 4.333, 2.515, 5.839, 8.074, 8.818, 10.188, 12.409, 12.904, 12.97, 14.893, 16.22, 16.373, 15.527, 15.84, 16.56, 17.266, 18.889, 19.825, 20.197, 20.074, 19.804, 18.486, 17.125, 16.649, 15.627, 14.226, 14.781, 15.173, 11.747, 7.367, 6.586, 5.937, 3.008, 2.3, 3.257, 3.13, 3.058, 3.585, 4.411, 3.986, 3.009, 3.477, 3.759, 3.119, 3.031, 3.044, 1.865, 1.911, 2.154, 1.99, 2.447, 3.162, 3.024, 3.015, 4.995, 5.212, 7.856], [4.239, 3.569, 3.729, 3.238, 2.285, 2.828, 1.999, 2.113, 1.853, 2.125, 1.496, 0.0, 0.99, 1.254, 2.348, 2.804, 2.28, 3.095, 3.94, 3.461, 3.047, 2.442, 2.197, 2.048, 2.401, 4.522, 8.671, 10.851, 9.425, 9.457, 9.777, 9.595, 10.71, 11.582, 11.541, 11.668, 12.417, 13.119, 13.633, 14.231, 14.227, 13.66, 11.856, 10.851, 10.595, 10.201, 9.04, 8.696, 8.743, 8.342, 8.128, 6.979, 5.825, 4.488, 3.69, 4.145, 4.573, 4.793, 4.638, 5.899, 7.135, 6.415, 6.393, 5.653, 5.611, 4.654, 4.699, 4.663, 5.416, 6.711, 8.096, 8.021, 6.085, 5.096, 5.257, 5.227, 4.497, 4.965, 5.484, 5.187, 4.865, 5.061, 5.055, 5.101, 4.988, 4.701, 3.441, 2.641, 3.12, 2.875, 3.189, 3.138, 3.906, 3.517, 3.774, 3.309, 3.128, 3.607, 4.314, 5.085, 5.612, 5.211, 5.321, 5.299, 5.169, 5.821, 7.013, 6.242, 5.289, 5.009, 5.165, 5.656, 6.132, 6.306, 3.953, 3.531, 3.867, 3.746, 3.271, 2.804, 3.142, 3.335, 2.586, 3.411, 3.685, 3.358, 3.034, 3.025, 3.22, 3.53, 3.392, 3.767, 4.074, 4.11, 3.695, 3.801, 4.161, 4.42, 4.85, 4.84, 4.892, 6.31, 6.689, 4.993, 4.872, 5.186, 5.398, 4.982, 5.41, 4.912, 3.647, 3.006, 4.473, 6.715, 6.911, 6.431, 4.418, 4.264, 5.807, 4.963, 4.031, 4.01, 3.062, 3.268, 3.802, 4.283, 4.428, 3.966, 3.266, 3.961, 3.608, 3.093, 3.12, 4.324, 2.701, 5.704, 7.921, 8.477, 10.03, 12.218, 12.769, 12.959, 14.726, 16.147, 16.324, 15.508, 15.565, 16.259, 16.969, 18.592, 19.537, 19.905, 19.778, 19.507, 18.203, 16.891, 16.398, 15.381, 14.064, 14.665, 14.929, 11.511, 7.051, 6.345, 5.579, 2.845, 2.301, 2.777, 3.304, 3.15, 3.407, 4.241, 4.05, 3.27, 3.479, 3.504, 2.861, 2.792, 2.686, 1.646, 1.531, 1.96, 2.066, 2.658, 3.16, 3.358, 3.451, 4.918, 5.541, 8.048], [4.723, 3.906, 4.171, 3.899, 2.442, 2.696, 1.76, 2.299, 2.204, 2.541, 1.99, 0.99, 0.0, 1.039, 2.32, 2.817, 2.35, 3.259, 4.02, 3.659, 3.105, 2.603, 2.466, 2.616, 2.856, 4.918, 9.007, 11.148, 9.695, 9.506, 9.94, 9.738, 10.845, 11.623, 11.726, 12.083, 12.769, 13.381, 13.695, 14.272, 14.263, 13.695, 12.033, 11.079, 10.683, 10.58, 9.404, 9.081, 9.172, 8.773, 8.309, 7.053, 6.078, 4.765, 4.081, 4.435, 4.833, 5.184, 5.257, 6.478, 7.687, 7.06, 7.005, 6.122, 6.226, 5.272, 5.428, 5.233, 5.836, 7.19, 8.494, 8.429, 6.694, 5.603, 5.729, 5.737, 4.92, 5.095, 5.553, 5.24, 4.955, 5.162, 5.128, 5.22, 5.118, 4.85, 3.529, 2.643, 3.157, 3.108, 3.48, 3.391, 4.143, 3.712, 3.971, 3.549, 3.383, 3.921, 4.357, 5.126, 5.866, 5.47, 5.779, 5.849, 5.629, 6.108, 7.444, 6.691, 5.826, 5.459, 5.438, 5.711, 6.553, 6.92, 4.342, 3.618, 3.957, 3.894, 3.402, 2.971, 3.214, 3.504, 2.772, 3.455, 3.893, 3.672, 3.417, 3.237, 3.418, 3.81, 3.808, 4.115, 4.379, 4.518, 4.36, 4.231, 4.631, 4.754, 5.228, 5.253, 5.473, 6.757, 7.09, 5.414, 5.276, 5.506, 5.743, 5.391, 5.805, 5.385, 4.236, 3.457, 4.97, 7.066, 7.183, 6.463, 4.6, 4.59, 6.006, 5.392, 4.514, 4.516, 3.478, 3.478, 3.823, 4.328, 4.502, 4.091, 3.316, 4.079, 3.746, 3.396, 3.656, 4.833, 2.943, 5.812, 7.874, 8.408, 9.983, 12.122, 12.727, 13.005, 14.669, 16.081, 16.248, 15.463, 15.506, 16.233, 16.94, 18.562, 19.499, 19.872, 19.748, 19.477, 18.181, 16.922, 16.36, 15.336, 14.013, 14.623, 14.877, 11.445, 7.065, 6.295, 5.542, 3.069, 2.483, 3.015, 3.521, 3.738, 4.076, 4.859, 4.303, 3.446, 3.665, 3.693, 3.308, 3.133, 2.981, 1.99, 1.634, 1.976, 2.287, 2.81, 3.39, 3.508, 3.728, 5.511, 6.159, 8.488], [5.119, 4.306, 4.595, 4.253, 2.841, 3.059, 1.927, 2.171, 2.306, 2.677, 2.043, 1.254, 1.039, 0.0, 1.517, 2.034, 1.776, 2.617, 3.307, 3.138, 2.898, 2.614, 2.561, 2.745, 3.238, 5.537, 9.685, 11.876, 10.458, 10.313, 10.647, 10.524, 11.542, 12.406, 12.424, 12.681, 13.413, 13.972, 14.468, 15.019, 14.976, 14.515, 12.825, 11.824, 11.418, 11.183, 10.011, 9.665, 9.707, 9.255, 9.033, 7.616, 6.549, 5.329, 4.623, 5.11, 5.542, 5.812, 5.73, 6.901, 8.12, 7.333, 7.417, 6.656, 6.655, 5.73, 5.715, 5.634, 6.287, 7.638, 9.08, 9.035, 7.224, 6.104, 6.12, 6.066, 5.449, 5.481, 5.861, 5.545, 5.186, 5.311, 5.359, 5.275, 5.052, 4.863, 3.667, 2.402, 2.642, 2.776, 3.244, 3.473, 4.148, 3.829, 3.983, 3.93, 3.662, 3.851, 4.61, 5.527, 6.234, 5.859, 6.268, 6.275, 6.032, 6.666, 8.052, 7.302, 6.384, 5.956, 5.894, 6.14, 7.198, 7.324, 4.68, 4.067, 4.111, 4.095, 3.559, 3.344, 3.511, 3.458, 2.773, 3.773, 4.253, 4.004, 3.725, 3.511, 3.804, 4.316, 4.404, 4.802, 5.068, 5.097, 4.738, 4.61, 5.033, 5.353, 5.752, 5.857, 5.921, 7.406, 7.6, 6.017, 5.848, 6.174, 6.389, 6.015, 6.44, 5.938, 4.734, 3.886, 5.513, 7.741, 7.884, 7.272, 5.033, 5.107, 6.704, 6.004, 4.958, 4.838, 3.922, 3.636, 4.071, 4.54, 4.553, 3.981, 3.477, 4.342, 4.173, 3.755, 4.125, 5.436, 3.236, 5.021, 7.223, 7.78, 9.34, 11.503, 12.069, 12.324, 14.026, 15.448, 15.611, 14.809, 14.885, 15.444, 16.138, 17.799, 18.69, 19.057, 18.929, 18.668, 17.384, 16.149, 15.661, 14.626, 13.35, 13.958, 14.21, 10.773, 6.22, 5.615, 4.791, 3.232, 2.664, 3.018, 3.597, 4.136, 4.422, 5.173, 4.566, 3.807, 3.964, 3.981, 3.596, 3.339, 3.213, 2.228, 1.98, 2.2, 2.363, 2.949, 3.558, 3.661, 4.202, 6.014, 6.649, 9.109], [5.623, 4.744, 5.297, 5.104, 4.081, 4.204, 3.045, 2.802, 3.206, 3.565, 2.947, 2.348, 2.32, 1.517, 0.0, 1.251, 1.766, 2.101, 2.256, 2.563, 2.743, 2.935, 3.143, 3.342, 3.856, 6.671, 10.891, 13.09, 11.61, 11.717, 11.976, 11.657, 12.773, 13.492, 13.801, 13.777, 14.58, 15.259, 15.872, 16.423, 16.38, 15.919, 14.138, 13.08, 12.74, 12.306, 11.027, 10.137, 10.298, 10.05, 10.033, 8.76, 7.826, 6.527, 5.64, 6.203, 6.784, 6.94, 6.593, 7.694, 8.875, 8.12, 8.138, 7.59, 7.483, 6.487, 6.421, 6.324, 6.832, 8.278, 9.769, 9.778, 8.013, 7.032, 6.57, 6.426, 6.125, 6.001, 5.864, 5.538, 5.282, 5.196, 5.16, 4.791, 4.539, 4.323, 3.526, 2.063, 2.28, 2.392, 2.967, 3.516, 4.319, 3.84, 4.01, 4.576, 4.269, 3.99, 4.647, 5.972, 6.861, 6.81, 7.301, 7.252, 6.945, 8.009, 9.168, 8.017, 7.087, 6.694, 6.567, 6.535, 7.939, 8.129, 5.394, 4.447, 4.097, 4.057, 3.578, 3.939, 3.789, 3.392, 2.952, 4.164, 4.816, 4.685, 4.381, 3.981, 4.461, 4.981, 5.193, 5.642, 5.977, 6.352, 5.554, 5.31, 5.928, 6.038, 6.494, 6.507, 6.629, 8.35, 8.67, 6.768, 6.383, 7.093, 7.654, 7.205, 7.382, 6.605, 5.466, 4.911, 6.111, 8.402, 9.166, 8.672, 6.218, 6.305, 8.056, 7.093, 5.539, 5.574, 4.633, 4.087, 4.031, 4.588, 4.45, 3.692, 3.827, 4.912, 4.777, 4.451, 4.92, 6.379, 3.779, 4.199, 6.166, 6.82, 8.304, 10.388, 10.987, 11.301, 12.951, 14.361, 14.541, 13.744, 13.727, 14.205, 14.819, 16.449, 17.33, 17.725, 17.538, 17.296, 16.128, 15.038, 14.491, 13.42, 12.267, 12.896, 13.01, 9.599, 5.027, 4.593, 3.565, 3.726, 3.079, 3.006, 3.634, 4.891, 5.194, 5.901, 5.392, 4.514, 4.482, 4.497, 4.326, 4.054, 3.768, 3.038, 2.835, 2.76, 2.904, 3.248, 4.005, 3.897, 5.221, 6.89, 7.374, 10.213], [5.604, 4.747, 5.351, 5.276, 4.483, 4.389, 3.128, 2.545, 3.31, 3.854, 3.164, 2.804, 2.817, 2.034, 1.251, 0.0, 1.295, 1.264, 1.595, 1.833, 2.181, 2.498, 2.745, 3.287, 3.849, 7.136, 11.332, 13.472, 12.03, 12.26, 12.516, 12.098, 13.298, 14.099, 14.344, 14.277, 15.079, 15.802, 16.415, 16.966, 16.923, 16.462, 14.65, 13.463, 13.281, 12.829, 11.372, 10.361, 10.438, 10.367, 10.351, 9.405, 8.394, 7.071, 6.19, 6.79, 7.324, 7.48, 7.042, 8.189, 9.264, 8.262, 7.944, 8.033, 7.865, 6.886, 6.557, 6.274, 6.824, 8.292, 9.827, 10.082, 8.398, 7.56, 6.833, 6.455, 6.292, 5.46, 5.35, 4.934, 4.689, 4.654, 4.666, 4.347, 4.135, 3.928, 2.936, 1.688, 1.702, 2.206, 2.747, 3.311, 4.102, 3.534, 3.486, 4.124, 3.922, 3.606, 4.068, 5.409, 6.674, 6.805, 7.752, 7.728, 7.215, 8.552, 9.711, 8.211, 7.212, 6.711, 6.129, 6.012, 8.337, 8.445, 5.071, 3.899, 3.577, 3.505, 3.016, 3.639, 3.245, 2.975, 2.632, 3.569, 4.276, 4.319, 4.041, 3.587, 3.977, 4.571, 5.371, 5.973, 6.288, 6.873, 5.879, 5.221, 5.903, 6.041, 6.607, 6.677, 6.937, 8.753, 9.235, 6.925, 6.5, 7.435, 8.186, 7.706, 7.837, 6.955, 5.953, 5.205, 5.887, 8.471, 9.703, 9.219, 6.559, 6.749, 8.6, 7.636, 5.483, 5.51, 4.444, 3.784, 3.523, 4.068, 3.893, 3.168, 3.386, 4.39, 4.24, 4.159, 5.286, 6.872, 3.515, 3.854, 5.57, 6.227, 7.607, 9.674, 10.317, 10.664, 12.251, 13.654, 13.831, 13.034, 13.019, 13.521, 14.208, 15.872, 16.754, 17.124, 16.985, 16.725, 15.475, 14.355, 13.794, 12.746, 11.551, 12.187, 12.329, 8.921, 4.38, 3.841, 2.987, 3.164, 2.868, 2.724, 3.473, 4.976, 5.3, 5.955, 5.466, 4.433, 4.212, 4.223, 4.003, 3.754, 3.485, 3.248, 2.694, 2.782, 3.057, 3.34, 3.605, 3.843, 5.68, 7.25, 7.493, 10.736], [5.166, 4.21, 4.692, 4.608, 3.761, 3.991, 2.859, 2.351, 2.964, 3.368, 2.616, 2.28, 2.35, 1.776, 1.766, 1.295, 0.0, 1.276, 2.036, 2.002, 1.909, 1.878, 2.024, 2.506, 3.128, 6.48, 10.675, 12.804, 11.379, 11.578, 11.902, 11.554, 12.678, 13.629, 13.663, 13.595, 14.397, 15.223, 15.803, 16.29, 16.269, 15.795, 13.987, 12.83, 12.663, 12.205, 10.768, 9.795, 9.887, 9.893, 9.871, 9.055, 7.975, 6.479, 5.605, 6.204, 6.664, 6.799, 6.368, 7.499, 8.495, 7.786, 7.233, 7.423, 7.207, 6.244, 6.048, 5.559, 6.346, 7.746, 9.155, 9.416, 7.755, 6.988, 6.495, 6.1, 5.803, 4.79, 4.891, 4.418, 4.13, 4.178, 4.219, 4.141, 3.885, 3.682, 2.55, 1.615, 1.648, 2.002, 2.386, 2.751, 3.4, 3.03, 3.023, 3.28, 3.385, 3.098, 3.505, 4.813, 5.962, 6.08, 7.07, 7.08, 6.571, 7.922, 9.03, 7.459, 6.454, 5.997, 5.271, 5.305, 7.701, 7.836, 4.272, 3.243, 3.07, 2.987, 2.491, 3.073, 2.515, 2.497, 2.288, 3.02, 3.486, 3.421, 3.365, 2.824, 3.048, 3.775, 4.692, 5.306, 5.726, 6.221, 5.325, 4.727, 5.164, 5.518, 5.879, 5.871, 6.304, 8.051, 8.695, 6.254, 5.897, 6.724, 7.505, 7.031, 7.151, 6.309, 5.183, 4.522, 5.19, 7.759, 9.022, 8.531, 5.933, 6.067, 7.918, 6.954, 4.938, 4.742, 3.521, 2.946, 3.118, 3.506, 3.362, 2.967, 2.621, 3.544, 3.49, 3.35, 4.595, 6.191, 2.81, 4.021, 5.988, 6.545, 7.998, 10.087, 10.746, 11.037, 12.657, 14.012, 14.186, 13.344, 13.5, 14.137, 14.851, 16.483, 17.403, 17.775, 17.647, 17.381, 16.085, 14.853, 14.287, 13.209, 11.905, 12.499, 12.779, 9.346, 5.008, 4.277, 3.566, 2.458, 2.164, 2.36, 3.069, 4.34, 4.677, 5.414, 4.957, 3.823, 3.489, 3.572, 3.251, 2.978, 2.936, 2.659, 2.099, 2.154, 2.503, 2.841, 2.85, 3.243, 4.999, 6.561, 6.704, 10.055], [6.01, 4.987, 5.521, 5.321, 4.478, 4.322, 3.132, 2.566, 3.313, 3.779, 3.216, 3.095, 3.259, 2.617, 2.101, 1.264, 1.276, 0.0, 1.387, 1.625, 2.233, 2.456, 2.745, 3.095, 3.925, 7.263, 11.409, 13.532, 12.184, 12.315, 12.699, 12.486, 13.583, 14.554, 14.408, 14.366, 15.143, 16.009, 16.531, 17.064, 17.049, 16.518, 14.713, 13.615, 13.505, 13.029, 11.657, 10.714, 10.8, 10.841, 10.729, 9.974, 8.829, 7.352, 6.501, 7.059, 7.481, 7.542, 7.088, 8.185, 9.18, 8.542, 7.905, 8.291, 8.003, 6.931, 6.836, 6.42, 7.183, 8.576, 9.978, 10.327, 8.58, 7.87, 7.463, 7.021, 6.702, 5.222, 4.977, 4.497, 4.225, 4.239, 4.175, 4.015, 3.69, 3.445, 2.538, 1.835, 1.756, 1.964, 2.229, 2.723, 3.64, 3.013, 3.035, 3.864, 4.061, 3.337, 3.491, 4.983, 6.303, 6.645, 7.808, 7.818, 7.287, 8.648, 9.767, 8.192, 7.212, 6.69, 5.869, 5.69, 8.6, 8.56, 4.964, 3.685, 3.053, 2.974, 2.619, 3.49, 2.86, 2.314, 2.499, 3.33, 3.807, 3.796, 3.795, 3.14, 3.603, 4.467, 5.486, 6.195, 6.611, 6.945, 6.119, 5.587, 5.901, 6.379, 6.703, 6.772, 7.195, 8.827, 9.546, 6.997, 6.716, 7.565, 8.256, 7.822, 8.0, 7.212, 5.988, 5.259, 6.046, 8.556, 9.76, 9.267, 6.548, 6.802, 8.644, 7.691, 5.751, 5.483, 4.238, 3.274, 3.252, 3.405, 3.217, 2.905, 3.307, 4.041, 3.88, 3.799, 5.353, 6.915, 3.253, 3.57, 5.273, 5.97, 7.261, 9.324, 9.872, 10.098, 11.846, 13.177, 13.376, 12.544, 12.747, 13.404, 14.113, 15.753, 16.675, 17.04, 16.919, 16.669, 15.371, 14.036, 13.547, 12.48, 11.131, 11.681, 12.044, 8.614, 4.346, 3.573, 3.022, 2.723, 2.691, 2.381, 3.207, 5.056, 5.449, 6.157, 5.469, 4.233, 3.828, 4.023, 3.891, 3.611, 3.48, 3.431, 2.809, 2.887, 3.005, 3.333, 3.125, 3.416, 5.705, 7.344, 7.378, 10.762], [6.564, 5.669, 6.273, 6.246, 5.378, 5.238, 4.068, 3.373, 4.051, 4.611, 4.104, 3.94, 4.02, 3.307, 2.256, 1.595, 2.036, 1.387, 0.0, 1.472, 2.407, 2.936, 3.463, 4.095, 4.782, 8.109, 12.325, 14.445, 13.03, 13.239, 13.516, 13.132, 14.309, 15.15, 15.343, 15.28, 16.082, 16.854, 17.439, 17.97, 17.931, 17.46, 15.64, 14.462, 14.28, 13.847, 12.391, 11.316, 11.424, 11.417, 11.381, 10.509, 9.485, 8.08, 7.196, 7.804, 8.307, 8.461, 7.985, 9.11, 10.13, 9.274, 8.754, 9.02, 8.848, 7.851, 7.551, 7.127, 7.772, 9.249, 10.731, 11.077, 9.391, 8.573, 7.945, 7.517, 7.304, 5.86, 5.297, 4.883, 4.596, 4.591, 4.533, 4.075, 3.739, 3.565, 3.037, 2.501, 1.766, 2.063, 2.876, 3.63, 4.218, 3.587, 3.525, 4.578, 4.781, 3.852, 4.011, 5.914, 7.042, 7.489, 8.733, 8.733, 8.218, 9.562, 10.693, 9.099, 8.104, 7.6, 6.43, 6.192, 9.324, 9.474, 5.684, 4.224, 3.478, 3.357, 3.088, 4.225, 3.383, 2.762, 2.964, 3.772, 4.366, 4.662, 4.704, 4.086, 4.376, 5.326, 6.315, 6.98, 7.302, 7.867, 6.927, 6.227, 6.808, 7.079, 7.511, 7.589, 7.902, 9.72, 10.258, 7.841, 7.412, 8.42, 9.186, 8.686, 8.824, 7.928, 6.848, 6.167, 6.72, 9.379, 10.671, 10.2, 7.478, 7.731, 9.574, 8.623, 6.35, 6.363, 4.873, 3.908, 3.526, 3.961, 3.721, 3.183, 3.863, 4.656, 4.596, 4.897, 6.264, 7.84, 4.088, 3.426, 4.94, 5.687, 6.912, 8.625, 9.238, 9.654, 11.158, 12.522, 12.687, 11.891, 11.912, 12.471, 13.168, 14.803, 15.733, 16.098, 15.981, 15.71, 14.436, 13.226, 12.694, 11.642, 10.435, 11.058, 11.225, 7.827, 3.734, 3.113, 2.657, 3.313, 3.614, 2.972, 4.036, 5.966, 6.314, 6.991, 6.361, 5.047, 4.514, 4.558, 4.648, 4.294, 4.059, 4.274, 3.7, 3.733, 3.953, 4.278, 3.732, 4.018, 6.634, 8.202, 8.359, 11.691], [5.892, 5.012, 5.498, 5.491, 4.677, 4.462, 3.362, 2.614, 3.427, 4.08, 3.395, 3.461, 3.659, 3.138, 2.563, 1.833, 2.002, 1.625, 1.472, 0.0, 1.548, 2.072, 2.778, 3.252, 4.076, 7.359, 11.56, 13.67, 12.241, 12.444, 12.716, 12.415, 13.607, 14.391, 14.534, 14.472, 15.279, 16.016, 16.615, 17.147, 17.101, 16.654, 14.847, 13.685, 13.521, 13.021, 11.611, 10.628, 10.797, 10.712, 10.657, 9.667, 8.601, 7.345, 6.46, 7.011, 7.508, 7.662, 7.193, 8.31, 9.327, 8.421, 8.011, 8.25, 8.052, 7.043, 6.705, 6.356, 7.074, 8.548, 9.976, 10.366, 8.592, 7.791, 7.162, 6.711, 6.619, 4.91, 4.654, 4.244, 3.946, 3.883, 3.978, 3.516, 3.488, 3.385, 2.57, 2.531, 2.104, 2.416, 2.809, 2.9, 3.466, 3.106, 2.723, 3.684, 3.952, 2.709, 3.246, 5.17, 6.293, 6.686, 7.934, 7.923, 7.41, 8.75, 9.894, 8.345, 7.354, 6.885, 5.599, 5.336, 8.578, 8.634, 4.749, 3.296, 2.972, 2.882, 2.603, 3.518, 2.711, 2.314, 2.433, 2.957, 3.472, 3.648, 3.866, 3.281, 3.471, 4.53, 5.67, 6.251, 6.607, 7.068, 6.083, 5.502, 6.022, 6.421, 6.84, 6.877, 7.103, 8.937, 9.444, 7.158, 6.738, 7.683, 8.375, 7.94, 8.058, 7.204, 6.092, 5.392, 6.055, 8.727, 9.872, 9.407, 6.686, 6.948, 8.774, 7.824, 5.657, 5.574, 3.888, 2.904, 3.091, 3.333, 3.172, 2.624, 2.995, 3.714, 3.718, 3.977, 5.465, 7.041, 3.326, 3.972, 5.637, 6.354, 7.607, 9.559, 10.112, 10.41, 12.076, 13.468, 13.643, 12.821, 12.883, 13.386, 14.037, 15.685, 16.551, 16.924, 16.785, 16.519, 15.3, 14.117, 13.656, 12.58, 11.387, 11.995, 12.174, 8.786, 4.294, 3.754, 3.107, 2.453, 2.757, 2.702, 3.416, 5.154, 5.484, 6.144, 5.529, 4.316, 3.852, 3.736, 3.849, 3.477, 3.277, 3.428, 3.06, 3.026, 3.198, 3.571, 2.903, 3.412, 5.835, 7.402, 7.469, 10.892], [5.03, 3.947, 5.049, 5.14, 4.357, 4.398, 3.253, 2.514, 3.332, 3.817, 3.152, 3.047, 3.105, 2.898, 2.743, 2.181, 1.909, 2.233, 2.407, 1.548, 0.0, 1.222, 2.21, 2.828, 3.489, 6.972, 11.178, 13.267, 11.817, 12.05, 12.298, 11.857, 13.069, 13.804, 14.122, 14.053, 14.874, 15.597, 16.204, 16.735, 16.703, 16.243, 14.429, 13.247, 13.064, 12.607, 11.139, 9.813, 9.973, 10.151, 10.06, 9.099, 8.165, 6.854, 5.937, 6.52, 7.083, 7.25, 6.772, 7.899, 8.906, 8.01, 7.51, 7.785, 7.66, 6.623, 6.284, 5.875, 6.205, 7.821, 9.446, 9.815, 8.201, 7.347, 6.415, 5.894, 5.889, 4.295, 3.938, 3.617, 3.359, 3.434, 3.332, 3.295, 3.372, 3.341, 2.613, 2.2, 2.288, 2.836, 3.157, 3.107, 3.561, 3.327, 2.798, 3.088, 3.401, 2.629, 3.119, 4.762, 6.006, 6.304, 7.522, 7.511, 6.998, 8.338, 9.488, 7.856, 6.882, 6.289, 4.981, 4.61, 8.095, 8.222, 4.26, 2.671, 2.67, 2.541, 2.52, 3.118, 2.327, 2.454, 2.451, 2.401, 2.861, 3.233, 3.526, 2.988, 2.737, 3.642, 4.99, 5.729, 6.052, 6.656, 5.67, 4.92, 5.594, 5.767, 6.214, 6.306, 6.653, 8.505, 9.007, 6.578, 5.896, 7.181, 7.963, 7.475, 7.606, 6.74, 5.662, 5.036, 5.287, 7.9, 9.477, 8.987, 6.282, 6.544, 8.363, 7.412, 4.952, 5.118, 3.455, 2.754, 2.968, 2.991, 2.894, 2.274, 2.231, 3.093, 3.022, 3.513, 5.053, 6.629, 3.107, 4.568, 6.292, 6.9, 8.341, 10.254, 11.012, 11.453, 12.95, 14.328, 14.46, 13.612, 13.595, 13.987, 14.496, 16.093, 17.014, 17.445, 17.226, 17.015, 15.932, 15.036, 14.344, 13.245, 12.141, 12.783, 12.763, 9.361, 4.97, 4.515, 3.392, 1.842, 2.601, 2.924, 3.689, 4.728, 5.051, 5.712, 5.181, 4.001, 3.696, 3.45, 3.429, 3.064, 2.909, 3.036, 2.555, 2.612, 2.96, 3.467, 2.78, 3.306, 5.432, 6.99, 7.061, 10.48], [4.18, 3.133, 4.128, 4.273, 3.575, 3.962, 2.97, 2.177, 2.96, 3.537, 2.667, 2.442, 2.603, 2.614, 2.935, 2.498, 1.878, 2.456, 2.936, 2.072, 1.222, 0.0, 1.417, 2.201, 2.617, 6.045, 10.251, 12.346, 10.896, 11.134, 11.391, 10.95, 12.171, 12.906, 13.219, 13.151, 13.953, 14.71, 15.302, 15.841, 15.798, 15.337, 13.525, 12.337, 12.155, 11.704, 10.246, 8.905, 9.062, 9.234, 9.152, 8.244, 7.3, 5.945, 5.04, 5.62, 6.197, 6.355, 5.887, 7.019, 8.014, 7.171, 6.621, 6.864, 6.739, 5.72, 5.379, 4.984, 5.289, 6.915, 8.524, 8.93, 7.281, 6.426, 5.618, 5.137, 5.002, 3.455, 3.676, 3.39, 3.125, 3.238, 3.154, 3.252, 3.458, 3.223, 2.289, 2.054, 2.467, 2.875, 2.875, 2.688, 3.369, 3.042, 2.553, 2.044, 2.543, 2.418, 2.785, 4.018, 5.321, 5.471, 6.626, 6.602, 6.09, 7.426, 8.586, 6.933, 5.96, 5.316, 4.087, 4.078, 7.19, 7.335, 3.361, 1.959, 2.373, 2.425, 2.249, 2.441, 1.848, 2.236, 2.172, 2.046, 2.223, 2.348, 2.646, 2.221, 1.78, 2.666, 4.054, 4.835, 5.151, 5.748, 4.783, 4.039, 4.694, 4.861, 5.24, 5.383, 5.742, 7.604, 8.086, 5.637, 4.877, 6.268, 7.061, 6.58, 6.685, 5.82, 4.739, 4.124, 4.371, 6.897, 8.578, 8.066, 5.385, 5.623, 7.474, 6.51, 4.041, 4.182, 2.64, 2.521, 2.812, 2.794, 2.79, 2.312, 1.551, 2.403, 2.195, 2.536, 4.151, 5.743, 2.433, 5.073, 6.893, 7.443, 8.898, 10.886, 11.629, 12.034, 13.534, 14.945, 15.062, 14.253, 14.225, 14.684, 15.308, 16.942, 17.904, 18.273, 18.116, 17.865, 16.658, 15.651, 14.967, 13.905, 12.769, 13.405, 13.466, 10.055, 5.625, 5.079, 3.999, 1.377, 2.035, 2.631, 3.157, 3.816, 4.169, 4.839, 4.287, 3.322, 3.091, 3.017, 2.543, 2.219, 2.146, 2.188, 1.858, 2.007, 2.348, 2.882, 2.372, 3.08, 4.56, 6.104, 6.156, 9.594], [3.466, 2.519, 3.016, 3.053, 2.525, 3.436, 2.562, 1.811, 2.285, 2.991, 2.27, 2.197, 2.466, 2.561, 3.143, 2.745, 2.024, 2.745, 3.463, 2.778, 2.21, 1.417, 0.0, 1.538, 1.559, 4.801, 9.06, 11.08, 9.651, 9.868, 10.24, 9.9, 10.985, 11.967, 11.997, 11.885, 12.687, 13.552, 14.141, 14.577, 14.55, 14.132, 12.309, 11.166, 11.008, 10.527, 9.044, 8.081, 8.109, 8.161, 8.144, 7.382, 6.28, 4.803, 3.881, 4.468, 4.954, 5.089, 4.684, 5.817, 6.82, 6.08, 5.479, 5.684, 5.496, 4.562, 4.335, 3.842, 4.647, 6.039, 7.522, 7.713, 6.045, 5.262, 4.852, 4.465, 4.073, 3.407, 3.96, 3.688, 3.52, 3.54, 3.525, 3.805, 4.007, 3.729, 2.567, 2.473, 2.844, 2.978, 2.704, 2.516, 3.111, 2.751, 2.641, 1.967, 1.788, 2.498, 2.95, 3.571, 4.462, 4.394, 5.36, 5.417, 4.901, 6.26, 7.32, 5.729, 4.725, 4.239, 3.611, 3.998, 6.025, 6.174, 2.662, 2.063, 2.74, 2.897, 2.388, 1.758, 1.725, 2.349, 1.972, 1.924, 1.961, 2.012, 1.72, 1.672, 1.761, 2.133, 2.921, 3.598, 4.001, 4.559, 3.644, 3.025, 3.471, 3.732, 4.151, 4.263, 4.672, 6.365, 7.013, 4.485, 4.243, 5.068, 5.834, 5.314, 5.439, 4.619, 3.493, 2.846, 3.445, 6.063, 7.312, 6.809, 4.331, 4.359, 6.208, 5.277, 3.181, 3.049, 2.127, 2.493, 2.73, 2.993, 3.188, 2.966, 1.703, 2.327, 2.024, 1.812, 2.92, 4.481, 2.058, 5.587, 7.607, 8.108, 9.655, 11.814, 12.445, 12.649, 14.268, 15.681, 15.892, 15.068, 15.221, 15.847, 16.561, 18.194, 19.107, 19.478, 19.35, 19.087, 17.79, 16.497, 15.991, 14.877, 13.583, 14.191, 14.446, 11.009, 6.649, 5.894, 5.105, 1.697, 1.624, 2.353, 2.6, 2.686, 3.013, 3.721, 3.304, 2.508, 2.463, 2.512, 1.795, 1.614, 1.474, 1.514, 1.596, 1.533, 1.768, 2.058, 2.037, 2.489, 3.297, 4.851, 5.037, 8.344], [3.713, 2.941, 3.074, 2.563, 2.11, 3.05, 2.561, 2.19, 2.096, 2.206, 1.802, 2.048, 2.616, 2.745, 3.342, 3.287, 2.506, 3.095, 4.095, 3.252, 2.828, 2.201, 1.538, 0.0, 1.437, 4.525, 8.532, 10.717, 9.519, 9.443, 9.928, 9.838, 10.939, 11.846, 11.484, 11.582, 12.363, 13.302, 13.598, 14.214, 14.251, 13.626, 11.912, 10.917, 10.751, 10.317, 9.099, 8.325, 8.419, 8.313, 8.266, 7.31, 6.145, 4.686, 3.848, 4.343, 4.722, 4.675, 4.331, 5.349, 6.332, 6.03, 5.555, 5.633, 5.265, 4.1, 4.205, 3.892, 4.83, 6.197, 7.426, 7.726, 5.878, 5.186, 4.999, 4.591, 4.304, 4.057, 4.715, 4.51, 4.277, 4.477, 4.408, 4.587, 4.588, 4.37, 3.205, 3.298, 3.481, 3.09, 2.742, 2.515, 3.339, 3.134, 3.441, 2.804, 2.447, 3.11, 3.562, 4.009, 4.604, 4.501, 4.831, 4.92, 4.55, 5.808, 6.795, 5.601, 4.648, 4.344, 4.051, 4.64, 5.976, 5.632, 3.04, 2.715, 3.43, 3.518, 3.043, 2.457, 2.616, 2.961, 2.708, 2.579, 2.663, 2.212, 1.892, 1.811, 2.002, 2.314, 3.009, 3.58, 4.056, 3.991, 3.38, 3.245, 3.321, 3.975, 4.36, 4.193, 4.577, 6.096, 6.859, 4.557, 4.402, 4.92, 5.431, 5.039, 5.309, 4.558, 3.244, 2.564, 3.64, 6.163, 6.846, 6.43, 4.179, 3.985, 5.678, 4.714, 3.311, 2.985, 2.342, 2.632, 3.465, 3.479, 3.651, 3.551, 2.555, 3.061, 2.758, 1.805, 2.455, 3.989, 2.239, 5.584, 7.889, 8.528, 9.985, 12.199, 12.729, 12.782, 14.683, 16.032, 16.207, 15.353, 15.663, 16.377, 17.082, 18.706, 19.637, 20.01, 19.886, 19.615, 18.305, 16.942, 16.463, 15.432, 14.039, 14.586, 14.984, 11.555, 7.14, 6.409, 5.718, 2.309, 1.703, 2.73, 2.938, 2.305, 2.728, 3.525, 3.316, 2.769, 2.942, 3.063, 2.242, 2.1, 2.191, 1.524, 1.828, 1.677, 2.029, 2.302, 2.451, 2.861, 2.971, 4.53, 4.429, 7.812], [2.772, 2.445, 2.563, 2.357, 2.102, 3.328, 3.029, 2.705, 2.372, 2.507, 2.437, 2.401, 2.856, 3.238, 3.856, 3.849, 3.128, 3.925, 4.782, 4.076, 3.489, 2.617, 1.559, 1.437, 0.0, 3.769, 7.937, 9.908, 8.638, 8.755, 9.34, 8.992, 10.188, 11.129, 10.977, 10.833, 11.7, 12.731, 13.141, 13.633, 13.601, 13.102, 11.307, 10.229, 10.104, 9.719, 8.225, 7.282, 7.323, 7.327, 7.392, 6.641, 5.535, 4.055, 3.236, 3.732, 3.958, 4.033, 3.812, 4.884, 5.886, 5.372, 4.957, 4.827, 4.569, 3.699, 3.731, 3.562, 3.991, 5.266, 6.679, 6.718, 5.101, 4.468, 4.079, 3.813, 3.324, 3.961, 4.674, 4.557, 4.462, 4.534, 4.423, 4.712, 4.85, 4.57, 3.432, 3.46, 3.918, 3.801, 3.316, 3.296, 3.57, 3.434, 3.599, 2.813, 2.344, 3.469, 3.613, 3.768, 4.478, 4.305, 4.336, 4.498, 4.348, 5.312, 6.198, 4.634, 3.674, 3.641, 3.796, 4.429, 5.177, 5.26, 3.095, 2.818, 3.648, 3.928, 3.238, 2.291, 2.583, 3.334, 2.932, 2.731, 2.569, 2.429, 1.915, 2.065, 1.902, 1.904, 1.756, 2.623, 3.114, 3.442, 2.956, 2.833, 3.15, 3.215, 3.523, 3.29, 3.903, 5.385, 6.233,