[[0.0, 1.417, 1.813, 2.959, 7.04, 9.506, 9.852, 10.003, 11.278, 13.1, 14.285, 15.161, 15.794, 15.819, 15.553, 15.938, 15.848, 15.791, 16.166, 16.417, 16.858, 16.928, 17.117, 17.69, 17.933, 17.93, 18.291, 18.486, 18.516, 19.017, 19.263, 19.112, 19.052, 19.16, 19.278, 19.332, 19.196, 18.69, 18.732, 18.848, 18.721, 19.17, 19.487, 19.559, 19.235, 18.736, 18.715, 18.984, 19.297, 19.566, 19.85, 20.235, 20.489, 20.843, 21.184, 20.903, 20.818, 20.607, 20.226, 20.122, 20.066, 19.813, 19.882, 19.823, 19.692, 19.808, 19.627, 19.468, 19.545, 19.511, 19.587, 19.917, 19.936, 19.594, 19.055, 18.778, 18.802, 18.64, 18.572, 18.274, 18.077, 18.088, 17.886, 17.382, 17.107, 16.984], [1.417, 0.0, 0.827, 2.486, 6.849, 9.413, 9.743, 9.879, 11.171, 13.003, 14.185, 15.074, 15.727, 15.763, 15.502, 15.904, 15.849, 15.833, 16.221, 16.449, 16.89, 17.017, 17.229, 17.793, 18.044, 18.066, 18.427, 18.623, 18.669, 19.174, 19.41, 19.269, 19.221, 19.329, 19.453, 19.519, 19.372, 18.867, 18.899, 19.009, 18.862, 19.268, 19.572, 19.645, 19.34, 18.869, 18.851, 19.119, 19.437, 19.706, 19.988, 20.363, 20.6, 20.941, 21.268, 20.972, 20.886, 20.674, 20.277, 20.147, 20.103, 19.864, 19.936, 19.88, 19.748, 19.867, 19.697, 19.557, 19.632, 19.599, 19.688, 20.031, 20.056, 19.715, 19.204, 18.902, 18.904, 18.746, 18.673, 18.379, 18.181, 18.186, 17.974, 17.468, 17.19, 17.078], [1.813, 0.827, 0.0, 2.386, 6.864, 9.4, 9.724, 9.868, 11.179, 13.017, 14.191, 15.073, 15.73, 15.775, 15.523, 15.923, 15.876, 15.87, 16.258, 16.478, 16.922, 17.062, 17.283, 17.849, 18.101, 18.13, 18.489, 18.684, 18.728, 19.213, 19.442, 19.301, 19.256, 19.369, 19.491, 19.556, 19.41, 18.91, 18.941, 19.045, 18.895, 19.295, 19.599, 19.678, 19.385, 18.933, 18.929, 19.204, 19.53, 19.806, 20.088, 20.459, 20.689, 21.024, 21.348, 21.051, 20.967, 20.759, 20.366, 20.24, 20.199, 19.959, 20.029, 19.972, 19.839, 19.959, 19.792, 19.655, 19.73, 19.696, 19.778, 20.114, 20.14, 19.801, 19.29, 18.984, 18.985, 18.831, 18.764, 18.472, 18.278, 18.283, 18.071, 17.568, 17.295, 17.184], [2.959, 2.486, 2.386, 0.0, 5.131, 8.128, 8.548, 8.953, 10.669, 12.651, 13.833, 14.679, 15.324, 15.374, 15.115, 15.527, 15.482, 15.492, 15.888, 16.104, 16.534, 16.706, 16.99, 17.584, 17.835, 17.904, 18.307, 18.48, 18.473, 18.931, 19.157, 19.028, 19.004, 19.138, 19.278, 19.376, 19.22, 18.781, 18.847, 18.946, 18.802, 19.185, 19.484, 19.571, 19.279, 18.838, 18.85, 19.142, 19.468, 19.744, 20.043, 20.412, 20.621, 20.947, 21.283, 20.987, 20.913, 20.715, 20.333, 20.215, 20.191, 19.959, 20.014, 19.953, 19.822, 19.938, 19.79, 19.667, 19.744, 19.712, 19.794, 20.14, 20.172, 19.836, 19.355, 19.045, 19.024, 18.87, 18.792, 18.509, 18.292, 18.285, 18.075, 17.594, 17.335, 17.239], [7.04, 6.849, 6.864, 5.131, 0.0, 3.901, 4.666, 6.027, 9.223, 11.684, 12.993, 13.892, 14.623, 14.754, 14.581, 15.067, 15.013, 15.027, 15.45, 15.647, 16.082, 16.41, 16.852, 17.489, 17.706, 17.813, 18.268, 18.405, 18.284, 18.625, 18.828, 18.738, 18.768, 18.957, 19.102, 19.284, 19.101, 18.735, 18.915, 19.034, 18.896, 19.225, 19.495, 19.594, 19.333, 18.937, 18.974, 19.311, 19.671, 19.958, 20.269, 20.62, 20.795, 21.11, 21.467, 21.168, 21.089, 20.883, 20.534, 20.434, 20.438, 20.217, 20.239, 20.192, 20.093, 20.22, 20.09, 19.981, 20.074, 20.049, 20.145, 20.509, 20.552, 20.235, 19.868, 19.596, 19.552, 19.4, 19.317, 19.086, 18.88, 18.849, 18.636, 18.228, 18.036, 17.956], [9.506, 9.413, 9.4, 8.128, 3.901, 0.0, 1.893, 4.686, 8.826, 11.559, 12.941, 13.863, 14.674, 14.92, 14.822, 15.318, 15.295, 15.316, 15.74, 15.928, 16.392, 16.774, 17.236, 17.89, 18.082, 18.158, 18.594, 18.747, 18.598, 18.803, 18.936, 18.876, 18.945, 19.146, 19.252, 19.417, 19.209, 18.837, 19.058, 19.229, 19.049, 19.265, 19.487, 19.588, 19.362, 19.025, 19.11, 19.497, 19.91, 20.237, 20.569, 20.913, 21.072, 21.376, 21.744, 21.419, 21.303, 21.101, 20.784, 20.687, 20.693, 20.473, 20.479, 20.452, 20.389, 20.535, 20.412, 20.313, 20.42, 20.407, 20.506, 20.868, 20.919, 20.624, 20.342, 20.14, 20.119, 19.973, 19.903, 19.706, 19.537, 19.509, 19.304, 18.965, 18.813, 18.734], [9.852, 9.743, 9.724, 8.548, 4.666, 1.893, 0.0, 3.534, 8.249, 11.175, 12.609, 13.574, 14.425, 14.693, 14.618, 15.133, 15.12, 15.162, 15.596, 15.77, 16.235, 16.648, 17.105, 17.742, 17.948, 18.053, 18.494, 18.642, 18.538, 18.787, 18.952, 18.94, 19.056, 19.301, 19.401, 19.548, 19.341, 18.984, 19.199, 19.382, 19.243, 19.455, 19.674, 19.79, 19.598, 19.283, 19.356, 19.725, 20.135, 20.467, 20.787, 21.113, 21.263, 21.547, 21.887, 21.545, 21.417, 21.211, 20.882, 20.778, 20.805, 20.604, 20.618, 20.599, 20.543, 20.703, 20.591, 20.495, 20.602, 20.588, 20.692, 21.064, 21.118, 20.826, 20.556, 20.347, 20.314, 20.168, 20.099, 19.914, 19.748, 19.713, 19.505, 19.171, 19.029, 18.956], [10.003, 9.879, 9.868, 8.953, 6.027, 4.686, 3.534, 0.0, 5.419, 8.909, 10.626, 11.807, 12.809, 13.095, 13.098, 13.723, 13.724, 13.801, 14.272, 14.44, 14.946, 15.451, 16.029, 16.692, 16.924, 17.105, 17.566, 17.743, 17.841, 18.305, 18.619, 18.735, 18.99, 19.358, 19.488, 19.609, 19.432, 19.085, 19.311, 19.479, 19.341, 19.594, 19.857, 20.031, 19.911, 19.615, 19.631, 19.916, 20.256, 20.555, 20.817, 21.104, 21.244, 21.504, 21.811, 21.454, 21.292, 21.061, 20.659, 20.486, 20.547, 20.379, 20.408, 20.417, 20.367, 20.546, 20.449, 20.362, 20.455, 20.436, 20.571, 20.95, 21.0, 20.712, 20.463, 20.227, 20.148, 20.0, 19.924, 19.739, 19.581, 19.554, 19.333, 19.02, 18.894, 18.85], [11.278, 11.171, 11.179, 10.669, 9.223, 8.826, 8.249, 5.419, 0.0, 4.284, 6.903, 8.967, 10.418, 10.8, 11.14, 11.951, 11.982, 12.197, 12.708, 12.887, 13.453, 14.139, 14.985, 15.707, 15.968, 16.228, 16.661, 16.931, 17.428, 18.235, 18.749, 19.039, 19.51, 20.018, 20.147, 20.195, 20.072, 19.733, 19.938, 20.084, 19.825, 19.987, 20.292, 20.566, 20.532, 20.221, 20.147, 20.309, 20.506, 20.728, 20.9, 21.1, 21.196, 21.423, 21.707, 21.329, 21.093, 20.824, 20.297, 19.998, 20.121, 20.029, 20.065, 20.103, 20.055, 20.249, 20.188, 20.122, 20.162, 20.151, 20.341, 20.692, 20.727, 20.471, 20.357, 20.129, 19.986, 19.852, 19.758, 19.591, 19.45, 19.443, 19.234, 19.003, 18.932, 18.96], [13.1, 13.003, 13.017, 12.651, 11.684, 11.559, 11.175, 8.909, 4.284, 0.0, 3.561, 6.843, 8.896, 9.531, 10.305, 11.263, 11.386, 11.771, 12.25, 12.34, 12.908, 13.924, 15.101, 15.876, 16.185, 16.491, 16.843, 17.136, 17.836, 18.743, 19.309, 19.708, 20.34, 20.951, 21.061, 21.046, 20.954, 20.658, 20.815, 20.933, 20.595, 20.627, 20.942, 21.321, 21.393, 21.155, 21.071, 21.133, 21.188, 21.333, 21.436, 21.55, 21.574, 21.737, 21.991, 21.622, 21.349, 21.075, 20.479, 20.101, 20.319, 20.311, 20.334, 20.378, 20.329, 20.519, 20.501, 20.449, 20.439, 20.442, 20.652, 20.95, 20.969, 20.771, 20.871, 20.709, 20.496, 20.388, 20.289, 20.162, 20.024, 20.014, 19.845, 19.711, 19.714, 19.806], [14.285, 14.185, 14.191, 13.833, 12.993, 12.941, 12.609, 10.626, 6.903, 3.561, 0.0, 4.049, 6.837, 7.979, 9.067, 10.162, 10.543, 11.168, 11.636, 11.612, 12.186, 13.745, 15.423, 16.299, 16.628, 16.994, 17.305, 17.58, 18.277, 19.037, 19.538, 20.015, 20.784, 21.496, 21.596, 21.53, 21.451, 21.197, 21.314, 21.403, 20.997, 20.916, 21.219, 21.712, 21.95, 21.874, 21.849, 21.842, 21.808, 21.894, 21.937, 21.998, 21.945, 22.028, 22.248, 21.897, 21.631, 21.389, 20.803, 20.417, 20.704, 20.757, 20.758, 20.82, 20.784, 20.971, 20.99, 20.944, 20.911, 20.947, 21.148, 21.397, 21.396, 21.255, 21.535, 21.433, 21.133, 21.043, 20.968, 20.86, 20.702, 20.689, 20.579, 20.529, 20.58, 20.704], [15.161, 15.074, 15.073, 14.679, 13.892, 13.863, 13.574, 11.807, 8.967, 6.843, 4.049, 0.0, 3.508, 5.451, 6.811, 8.018, 8.74, 9.686, 10.188, 10.159, 10.769, 12.906, 15.203, 16.238, 16.579, 17.056, 17.405, 17.658, 18.314, 18.941, 19.429, 19.999, 20.891, 21.699, 21.816, 21.749, 21.675, 21.448, 21.542, 21.605, 21.14, 21.013, 21.318, 21.86, 22.2, 22.272, 22.341, 22.328, 22.277, 22.343, 22.359, 22.412, 22.329, 22.363, 22.567, 22.228, 21.979, 21.767, 21.229, 20.891, 21.207, 21.276, 21.255, 21.328, 21.304, 21.495, 21.51, 21.452, 21.423, 21.489, 21.673, 21.881, 21.847, 21.742, 22.105, 22.019, 21.622, 21.534, 21.498, 21.387, 21.195, 21.184, 21.138, 21.136, 21.203, 21.334], [15.794, 15.727, 15.73, 15.324, 14.623, 14.674, 14.425, 12.809, 10.418, 8.896, 6.837, 3.508, 0.0, 2.699, 4.634, 5.881, 6.762, 7.993, 8.522, 8.638, 9.266, 11.67, 14.455, 15.662, 16.043, 16.644, 17.064, 17.29, 17.959, 18.651, 19.225, 19.861, 20.823, 21.673, 21.813, 21.78, 21.724, 21.544, 21.657, 21.705, 21.267, 21.227, 21.551, 22.043, 22.341, 22.452, 22.61, 22.641, 22.592, 22.654, 22.679, 22.748, 22.682, 22.702, 22.904, 22.567, 22.319, 22.114, 21.613, 21.35, 21.66, 21.703, 21.676, 21.729, 21.696, 21.888, 21.862, 21.783, 21.759, 21.821, 21.993, 22.164, 22.096, 22.009, 22.352, 22.265, 21.834, 21.749, 21.739, 21.635, 21.42, 21.406, 21.394, 21.412, 21.49, 21.622], [15.819, 15.763, 15.775, 15.374, 14.754, 14.92, 14.693, 13.095, 10.8, 9.531, 7.979, 5.451, 2.699, 0.0, 2.846, 4.522, 5.28, 6.614, 7.205, 7.54, 8.261, 10.554, 13.494, 14.819, 15.273, 15.968, 16.447, 16.666, 17.393, 18.253, 18.931, 19.556, 20.507, 21.373, 21.555, 21.575, 21.54, 21.392, 21.559, 21.611, 21.256, 21.367, 21.715, 22.135, 22.35, 22.384, 22.515, 22.568, 22.53, 22.58, 22.611, 22.71, 22.689, 22.727, 22.93, 22.611, 22.388, 22.184, 21.699, 21.469, 21.732, 21.749, 21.735, 21.754, 21.697, 21.89, 21.824, 21.726, 21.703, 21.738, 21.906, 22.066, 21.983, 21.887, 22.149, 22.033, 21.626, 21.534, 21.523, 21.41, 21.193, 21.184, 21.181, 21.203, 21.288, 21.411], [15.553, 15.502, 15.523, 15.115, 14.581, 14.822, 14.618, 13.098, 11.14, 10.305, 9.067, 6.811, 4.634, 2.846, 0.0, 2.386, 3.705, 5.347, 6.07, 6.51, 7.412, 9.591, 12.492, 13.844, 14.345, 15.133, 15.687, 15.927, 16.66, 17.561, 18.248, 18.844, 19.776, 20.655, 20.866, 20.915, 20.874, 20.714, 20.922, 20.989, 20.67, 20.88, 21.254, 21.651, 21.847, 21.858, 21.967, 22.023, 22.031, 22.1, 22.145, 22.291, 22.317, 22.392, 22.602, 22.3, 22.121, 21.925, 21.472, 21.283, 21.527, 21.526, 21.529, 21.538, 21.483, 21.684, 21.596, 21.487, 21.473, 21.49, 21.648, 21.824, 21.742, 21.615, 21.78, 21.611, 21.181, 21.067, 21.063, 20.937, 20.726, 20.729, 20.702, 20.701, 20.779, 20.892], [15.938, 15.904, 15.923, 15.527, 15.067, 15.318, 15.133, 13.723, 11.951, 11.263, 10.162, 8.018, 5.881, 4.522, 2.386, 0.0, 2.503, 4.726, 5.501, 6.032, 6.947, 9.099, 12.055, 13.394, 13.903, 14.793, 15.386, 15.642, 16.387, 17.28, 17.99, 18.633, 19.614, 20.494, 20.674, 20.703, 20.671, 20.527, 20.745, 20.808, 20.508, 20.749, 21.121, 21.515, 21.733, 21.8, 21.958, 22.02, 22.051, 22.154, 22.211, 22.358, 22.38, 22.447, 22.65, 22.335, 22.156, 21.971, 21.539, 21.368, 21.61, 21.601, 21.611, 21.63, 21.584, 21.787, 21.694, 21.583, 21.563, 21.572, 21.719, 21.87, 21.775, 21.646, 21.797, 21.629, 21.185, 21.072, 21.073, 20.963, 20.741, 20.738, 20.704, 20.707, 20.791, 20.904], [15.848, 15.849, 15.876, 15.482, 15.013, 15.295, 15.12, 13.724, 11.982, 11.386, 10.543, 8.74, 6.762, 5.28, 3.705, 2.503, 0.0, 2.624, 3.711, 4.759, 5.966, 7.89, 10.982, 12.504, 13.066, 13.959, 14.585, 14.859, 15.648, 16.675, 17.514, 18.193, 19.177, 20.078, 20.296, 20.368, 20.353, 20.222, 20.482, 20.542, 20.31, 20.691, 21.102, 21.472, 21.632, 21.627, 21.77, 21.873, 21.922, 22.037, 22.12, 22.294, 22.349, 22.44, 22.646, 22.318, 22.127, 21.922, 21.489, 21.339, 21.558, 21.519, 21.526, 21.532, 21.465, 21.662, 21.544, 21.425, 21.414, 21.412, 21.561, 21.714, 21.613, 21.475, 21.551, 21.379, 20.986, 20.862, 20.859, 20.729, 20.5, 20.487, 20.454, 20.445, 20.525, 20.614], [15.791, 15.833, 15.87, 15.492, 15.027, 15.316, 15.162, 13.801, 12.197, 11.771, 11.168, 9.686, 7.993, 6.614, 5.347, 4.726, 2.624, 0.0, 1.793, 3.805, 5.439, 6.965, 10.064, 11.778, 12.36, 13.134, 13.749, 14.052, 14.857, 15.965, 16.883, 17.58, 18.556, 19.483, 19.765, 19.883, 19.879, 19.751, 20.054, 20.12, 19.957, 20.508, 20.984, 21.34, 21.437, 21.351, 21.474, 21.616, 21.675, 21.788, 21.897, 22.126, 22.237, 22.365, 22.586, 22.261, 22.064, 21.841, 21.425, 21.342, 21.547, 21.466, 21.459, 21.455, 21.364, 21.546, 21.399, 21.273, 21.276, 21.263, 21.415, 21.579, 21.48, 21.333, 21.336, 21.168, 20.811, 20.66, 20.658, 20.499, 20.265, 20.244, 20.21, 20.179, 20.247, 20.306], [16.166, 16.221, 16.258, 15.888, 15.45, 15.74, 15.596, 14.272, 12.708, 12.25, 11.636, 10.188, 8.522, 7.205, 6.07, 5.501, 3.711, 1.793, 0.0, 2.781, 4.785, 6.266, 9.587, 11.443, 12.053, 12.8, 13.396, 13.699, 14.56, 15.722, 16.68, 17.424, 18.449, 19.429, 19.738, 19.863, 19.877, 19.773, 20.096, 20.162, 20.017, 20.623, 21.133, 21.495, 21.583, 21.496, 21.634, 21.781, 21.819, 21.91, 22.002, 22.231, 22.357, 22.486, 22.706, 22.408, 22.224, 21.999, 21.592, 21.535, 21.731, 21.646, 21.641, 21.631, 21.512, 21.668, 21.525, 21.396, 21.395, 21.371, 21.507, 21.648, 21.544, 21.41, 21.436, 21.294, 20.94, 20.787, 20.79, 20.631, 20.409, 20.395, 20.382, 20.381, 20.472, 20.532], [16.417, 16.449, 16.478, 16.104, 15.647, 15.928, 15.77, 14.44, 12.887, 12.34, 11.612, 10.159, 8.638, 7.54, 6.51, 6.032, 4.759, 3.805, 2.781, 0.0, 2.708, 5.222, 8.836, 10.768, 11.51, 12.404, 13.012, 13.296, 14.229, 15.436, 16.439, 17.231, 18.317, 19.379, 19.691, 19.81, 19.833, 19.745, 20.091, 20.151, 19.972, 20.565, 21.103, 21.515, 21.648, 21.584, 21.732, 21.873, 21.912, 21.999, 22.071, 22.272, 22.39, 22.527, 22.736, 22.46, 22.306, 22.08, 21.652, 21.578, 21.791, 21.73, 21.738, 21.737, 21.605, 21.735, 21.609, 21.492, 21.491, 21.473, 21.6, 21.748, 21.651, 21.531, 21.609, 21.46, 21.086, 20.937, 20.941, 20.789, 20.59, 20.592, 20.572, 20.577, 20.681, 20.756], [16.858, 16.89, 16.922, 16.534, 16.082, 16.392, 16.235, 14.946, 13.453, 12.908, 12.186, 10.769, 9.266, 8.261, 7.412, 6.947, 5.966, 5.439, 4.785, 2.708, 0.0, 4.364, 8.476, 10.355, 11.212, 12.316, 12.953, 13.162, 14.131, 15.436, 16.554, 17.39, 18.497, 19.594, 19.901, 20.037, 20.086, 20.042, 20.417, 20.457, 20.289, 20.892, 21.412, 21.806, 21.921, 21.84, 21.994, 22.156, 22.207, 22.291, 22.351, 22.529, 22.621, 22.754, 22.982, 22.733, 22.599, 22.374, 21.955, 21.886, 22.077, 22.013, 22.031, 22.027, 21.884, 22.008, 21.89, 21.777, 21.769, 21.75, 21.878, 22.025, 21.921, 21.824, 21.933, 21.79, 21.405, 21.257, 21.26, 21.115, 20.899, 20.895, 20.866, 20.852, 20.954, 21.05], [16.928, 17.017, 17.062, 16.706, 16.41, 16.774, 16.648, 15.451, 14.139, 13.924, 13.745, 12.906, 11.67, 10.554, 9.591, 9.099, 7.89, 6.965, 6.266, 5.222, 4.364, 0.0, 5.078, 7.963, 9.281, 10.523, 11.344, 11.571, 12.634, 14.405, 15.785, 16.56, 17.577, 18.7, 19.096, 19.299, 19.411, 19.451, 19.943, 20.022, 20.04, 20.914, 21.486, 21.788, 21.726, 21.44, 21.517, 21.735, 21.861, 21.987, 22.096, 22.338, 22.536, 22.763, 23.021, 22.805, 22.68, 22.415, 22.019, 21.996, 22.104, 21.991, 22.027, 21.962, 21.758, 21.831, 21.662, 21.517, 21.535, 21.482, 21.576, 21.711, 21.597, 21.463, 21.356, 21.211, 20.973, 20.799, 20.78, 20.597, 20.409, 20.404, 20.362, 20.302, 20.38, 20.445], [17.117, 17.229, 17.283, 16.99, 16.852, 17.236, 17.105, 16.029, 14.985, 15.101, 15.423, 15.203, 14.455, 13.494, 12.492, 12.055, 10.982, 10.064, 9.587, 8.836, 8.476, 5.078, 0.0, 4.182, 6.532, 8.267, 9.282, 9.561, 11.038, 13.467, 15.057, 15.745, 16.633, 17.749, 18.203, 18.451, 18.611, 18.717, 19.332, 19.482, 19.629, 20.675, 21.313, 21.584, 21.412, 20.935, 20.895, 21.143, 21.379, 21.595, 21.778, 22.094, 22.408, 22.752, 23.007, 22.798, 22.713, 22.44, 22.041, 22.028, 22.089, 21.923, 21.964, 21.855, 21.622, 21.641, 21.44, 21.294, 21.333, 21.256, 21.328, 21.489, 21.399, 21.232, 20.941, 20.739, 20.586, 20.369, 20.323, 20.083, 19.939, 19.948, 19.857, 19.676, 19.671, 19.668], [17.69, 17.793, 17.849, 17.584, 17.489, 17.89, 17.742, 16.692, 15.707, 15.876, 16.299, 16.238, 15.662, 14.819, 13.844, 13.394, 12.504, 11.778, 11.443, 10.768, 10.355, 7.963, 4.182, 0.0, 3.651, 6.832, 8.103, 8.384, 10.458, 13.232, 14.887, 15.627, 16.53, 17.633, 18.049, 18.299, 18.477, 18.654, 19.327, 19.494, 19.648, 20.674, 21.306, 21.582, 21.418, 20.929, 20.868, 21.115, 21.384, 21.644, 21.844, 22.17, 22.491, 22.847, 23.083, 22.883, 22.853, 22.62, 22.224, 22.175, 22.213, 22.036, 22.067, 21.953, 21.728, 21.737, 21.548, 21.414, 21.436, 21.348, 21.414, 21.586, 21.51, 21.367, 21.104, 20.842, 20.618, 20.383, 20.33, 20.093, 19.953, 19.977, 19.873, 19.63, 19.576, 19.546], [17.933, 18.044, 18.101, 17.835, 17.706, 18.082, 17.948, 16.924, 15.968, 16.185, 16.628, 16.579, 16.043, 15.273, 14.345, 13.903, 13.066, 12.36, 12.053, 11.51, 11.212, 9.281, 6.532, 3.651, 0.0, 4.461, 6.277, 6.706, 9.274, 12.298, 14.002, 14.798, 15.775, 16.922, 17.35, 17.646, 17.819, 18.054, 18.792, 18.968, 19.139, 20.194, 20.84, 21.138, 20.991, 20.52, 20.481, 20.742, 21.012, 21.292, 21.502, 21.833, 22.157, 22.518, 22.757, 22.539, 22.496, 22.281, 21.955, 21.967, 22.014, 21.824, 21.844, 21.736, 21.51, 21.509, 21.321, 21.204, 21.222, 21.129, 21.202, 21.389, 21.32, 21.185, 20.949, 20.691, 20.442, 20.191, 20.148, 19.922, 19.763, 19.785, 19.692, 19.443, 19.377, 19.343], [17.93, 18.066, 18.13, 17.904, 17.813, 18.158, 18.053, 17.105, 16.228, 16.491, 16.994, 17.056, 16.644, 15.968, 15.133, 14.793, 13.959, 13.134, 12.8, 12.404, 12.316, 10.523, 8.267, 6.832, 4.461, 0.0, 2.665, 3.826, 6.826, 10.334, 12.326, 13.206, 14.191, 15.398, 15.932, 16.316, 16.501, 16.755, 17.568, 17.787, 18.033, 19.229, 19.937, 20.266, 20.109, 19.599, 19.573, 19.882, 20.169, 20.487, 20.737, 21.106, 21.482, 21.888, 22.137, 21.877, 21.778, 21.564, 21.386, 21.683, 21.789, 21.55, 21.588, 21.492, 21.239, 21.212, 20.996, 20.879, 20.917, 20.806, 20.884, 21.102, 21.044, 20.885, 20.632, 20.44, 20.243, 19.958, 19.924, 19.678, 19.502, 19.519, 19.435, 19.202, 19.137, 19.086], [18.291, 18.427, 18.489, 18.307, 18.268, 18.594, 18.494, 17.566, 16.661, 16.843, 17.305, 17.405, 17.064, 16.447, 15.687, 15.386, 14.585, 13.749, 13.396, 13.012, 12.953, 11.344, 9.282, 8.103, 6.277, 2.665, 0.0, 2.368, 6.045, 9.773, 11.907, 12.858, 13.902, 15.211, 15.819, 16.214, 16.428, 16.658, 17.445, 17.677, 17.941, 19.163, 19.896, 20.255, 20.119, 19.62, 19.604, 19.904, 20.172, 20.49, 20.738, 21.101, 21.486, 21.907, 22.155, 21.899, 21.793, 21.588, 21.439, 21.812, 21.944, 21.696, 21.75, 21.669, 21.422, 21.407, 21.191, 21.064, 21.105, 20.993, 21.067, 21.272, 21.214, 21.057, 20.826, 20.686, 20.521, 20.235, 20.201, 19.948, 19.762, 19.785, 19.726, 19.518, 19.464, 19.408], [18.486, 18.623, 18.684, 18.48, 18.405, 18.747, 18.642, 17.743, 16.931, 17.136, 17.58, 17.658, 17.29, 16.666, 15.927, 15.642, 14.859, 14.052, 13.699, 13.296, 13.162, 11.571, 9.561, 8.384, 6.706, 3.826, 2.368, 0.0, 4.692, 9.066, 11.496, 12.559, 13.704, 15.141, 15.832, 16.284, 16.529, 16.838, 17.608, 17.81, 18.106, 19.359, 20.103, 20.466, 20.334, 19.872, 19.87, 20.152, 20.397, 20.698, 20.949, 21.303, 21.675, 22.091, 22.355, 22.132, 22.044, 21.844, 21.721, 22.092, 22.199, 21.956, 22.016, 21.937, 21.694, 21.692, 21.492, 21.357, 21.388, 21.279, 21.35, 21.546, 21.493, 21.352, 21.136, 21.005, 20.854, 20.589, 20.555, 20.311, 20.127, 20.148, 20.095, 19.886, 19.832, 19.772], [18.516, 18.669, 18.728, 18.473, 18.284, 18.598, 18.538, 17.841, 17.428, 17.836, 18.277, 18.314, 17.959, 17.393, 16.66, 16.387, 15.648, 14.857, 14.56, 14.229, 14.131, 12.634, 11.038, 10.458, 9.274, 6.826, 6.045, 4.692, 0.0, 5.446, 8.83, 10.236, 11.531, 13.207, 14.16, 14.791, 15.1, 15.598, 16.45, 16.629, 17.038, 18.496, 19.299, 19.69, 19.583, 19.204, 19.319, 19.663, 19.935, 20.274, 20.605, 21.02, 21.428, 21.874, 22.176, 21.973, 21.906, 21.73, 21.748, 22.272, 22.371, 22.112, 22.215, 22.171, 21.933, 21.924, 21.719, 21.579, 21.622, 21.519, 21.566, 21.741, 21.685, 21.525, 21.224, 21.106, 21.047, 20.81, 20.78, 20.536, 20.373, 20.395, 20.347, 20.148, 20.105, 20.038], [19.017, 19.174, 19.213, 18.931, 18.625, 18.803, 18.787, 18.305, 18.235, 18.743, 19.037, 18.941, 18.651, 18.253, 17.561, 17.28, 16.675, 15.965, 15.722, 15.436, 15.436, 14.405, 13.467, 13.232, 12.298, 10.334, 9.773, 9.066, 5.446, 0.0, 4.355, 6.58, 8.583, 10.743, 11.868, 12.533, 12.839, 13.524, 14.452, 14.585, 15.023, 16.619, 17.465, 17.933, 18.023, 17.951, 18.296, 18.678, 18.973, 19.387, 19.803, 20.271, 20.664, 21.107, 21.418, 21.245, 21.24, 21.186, 21.425, 22.152, 22.332, 22.085, 22.201, 22.227, 22.024, 22.001, 21.832, 21.722, 21.778, 21.695, 21.716, 21.849, 21.777, 21.599, 21.316, 21.293, 21.28, 21.086, 21.086, 20.876, 20.766, 20.836, 20.831, 20.704, 20.711, 20.677], [19.263, 19.41, 19.442, 19.157, 18.828, 18.936, 18.952, 18.619, 18.749, 19.309, 19.538, 19.429, 19.225, 18.931, 18.248, 17.99, 17.514, 16.883, 16.68, 16.439, 16.554, 15.785, 15.057, 14.887, 14.002, 12.326, 11.907, 11.496, 8.83, 4.355, 0.0, 3.177, 6.243, 8.89, 10.012, 10.505, 10.712, 11.496, 12.478, 12.64, 13.131, 14.756, 15.63, 16.15, 16.417, 16.644, 17.184, 17.585, 17.915, 18.402, 18.9, 19.43, 19.816, 20.272, 20.6, 20.452, 20.527, 20.612, 21.021, 21.877, 22.126, 21.885, 21.989, 22.05, 21.885, 21.859, 21.723, 21.63, 21.682, 21.61, 21.611, 21.726, 21.656, 21.462, 21.203, 21.233, 21.245, 21.085, 21.115, 20.942, 20.857, 20.962, 20.975, 20.871, 20.884, 20.865], [19.112, 19.269, 19.301, 19.028, 18.738, 18.876, 18.94, 18.735, 19.039, 19.708, 20.015, 19.999, 19.861, 19.556, 18.844, 18.633, 18.193, 17.58, 17.424, 17.231, 17.39, 16.56, 15.745, 15.627, 14.798, 13.206, 12.858, 12.559, 10.236, 6.58, 3.177, 0.0, 3.782, 7.011, 8.378, 8.925, 9.116, 9.983, 11.17, 11.422, 12.065, 13.862, 14.743, 15.21, 15.451, 15.714, 16.298, 16.771, 17.199, 17.729, 18.297, 18.898, 19.332, 19.863, 20.251, 20.165, 20.325, 20.466, 20.945, 21.829, 22.05, 21.778, 21.881, 21.934, 21.768, 21.759, 21.625, 21.522, 21.576, 21.486, 21.462, 21.583, 21.52, 21.294, 20.924, 20.923, 20.991, 20.835, 20.874, 20.701, 20.625, 20.732, 20.726, 20.585, 20.57, 20.535], [19.052, 19.221, 19.256, 19.004, 18.768, 18.945, 19.056, 18.99, 19.51, 20.34, 20.784, 20.891, 20.823, 20.507, 19.776, 19.614, 19.177, 18.556, 18.449, 18.317, 18.497, 17.577, 16.633, 16.53, 15.775, 14.191, 13.902, 13.704, 11.531, 8.583, 6.243, 3.782, 0.0, 3.915, 6.04, 7.089, 7.389, 8.39, 9.89, 10.308, 11.21, 13.285, 14.152, 14.457, 14.568, 14.774, 15.382, 15.968, 16.535, 17.106, 17.756, 18.45, 18.973, 19.611, 20.068, 20.051, 20.318, 20.494, 21.033, 21.923, 22.054, 21.72, 21.818, 21.84, 21.632, 21.609, 21.456, 21.334, 21.397, 21.275, 21.226, 21.365, 21.311, 21.031, 20.471, 20.404, 20.556, 20.393, 20.437, 20.248, 20.187, 20.312, 20.285, 20.112, 20.066, 20.0], [19.16, 19.329, 19.369, 19.138, 18.957, 19.146, 19.301, 19.358, 20.018, 20.951, 21.496, 21.699, 21.673, 21.373, 20.655, 20.494, 20.078, 19.483, 19.429, 19.379, 19.594, 18.7, 17.749, 17.633, 16.922, 15.398, 15.211, 15.141, 13.207, 10.743, 8.89, 7.011, 3.915, 0.0, 3.214, 5.168, 5.595, 6.825, 8.646, 9.269, 10.397, 12.617, 13.423, 13.556, 13.558, 13.768, 14.462, 15.143, 15.793, 16.413, 17.155, 17.939, 18.517, 19.211, 19.693, 19.663, 19.98, 20.202, 20.823, 21.762, 21.855, 21.481, 21.568, 21.578, 21.355, 21.321, 21.142, 21.017, 21.098, 20.951, 20.885, 21.047, 21.002, 20.685, 19.995, 19.899, 20.13, 19.974, 20.022, 19.831, 19.779, 19.922, 19.882, 19.694, 19.625, 19.536], [19.278, 19.453, 19.491, 19.278, 19.102, 19.252, 19.401, 19.488, 20.147, 21.061, 21.596, 21.816, 21.813, 21.555, 20.866, 20.674, 20.296, 19.765, 19.738, 19.691, 19.901, 19.096, 18.203, 18.049, 17.35, 15.932, 15.819, 15.832, 14.16, 11.868, 10.012, 8.378, 6.04, 3.214, 0.0, 2.863, 3.74, 5.384, 7.697, 8.532, 9.797, 12.03, 12.812, 12.972, 13.04, 13.353, 14.115, 14.783, 15.436, 16.123, 16.894, 17.679, 18.247, 18.928, 19.379, 19.299, 19.621, 19.893, 20.561, 21.554, 21.706, 21.36, 21.454, 21.484, 21.289, 21.267, 21.082, 20.957, 21.071, 20.938, 20.85, 21.01, 20.966, 20.648, 19.959, 19.858, 20.072, 19.924, 19.972, 19.793, 19.716, 19.85, 19.81, 19.614, 19.542, 19.465], [19.332, 19.519, 19.556, 19.376, 19.284, 19.417, 19.548, 19.609, 20.195, 21.046, 21.53, 21.749, 21.78, 21.575, 20.915, 20.703, 20.368, 19.883, 19.863, 19.81, 20.037, 19.299, 18.451, 18.299, 17.646, 16.316, 16.214, 16.284, 14.791, 12.533, 10.505, 8.925, 7.089, 5.168, 2.863, 0.0, 1.865, 4.216, 6.898, 7.987, 9.371, 11.592, 12.395, 12.667, 12.854, 13.307, 14.173, 14.829, 15.457, 16.178, 16.95, 17.725, 18.26, 18.896, 19.325, 19.235, 19.54, 19.825, 20.463, 21.443, 21.65, 21.339, 21.441, 21.493, 21.324, 21.31, 21.137, 21.006, 21.119, 21.02, 20.925, 21.07, 21.027, 20.717, 20.076, 19.976, 20.163, 20.023, 20.074, 19.912, 19.801, 19.91, 19.877, 19.675, 19.591, 19.526], [19.196, 19.372, 19.41, 19.22, 19.101, 19.209, 19.341, 19.432, 20.072, 20.954, 21.451, 21.675, 21.724, 21.54, 20.874, 20.671, 20.353, 19.879, 19.877, 19.833, 20.086, 19.411, 18.611, 18.477, 17.819, 16.501, 16.428, 16.529, 15.1, 12.839, 10.712, 9.116, 7.389, 5.595, 3.74, 1.865, 0.0, 3.121, 6.11, 7.31, 8.752, 11.002, 11.811, 12.091, 12.308, 12.843, 13.79, 14.501, 15.177, 15.929, 16.733, 17.533, 18.06, 18.685, 19.114, 19.029, 19.332, 19.615, 20.246, 21.206, 21.426, 21.117, 21.208, 21.261, 21.102, 21.098, 20.937, 20.833, 20.948, 20.863, 20.807, 21.003, 20.978, 20.664, 20.055, 19.941, 20.111, 19.97, 20.024, 19.865, 19.747, 19.854, 19.81, 19.598, 19.501, 19.432], [18.69, 18.867, 18.91, 18.781, 18.735, 18.837, 18.984, 19.085, 19.733, 20.658, 21.197, 21.448, 21.544, 21.392, 20.714, 20.527, 20.222, 19.751, 19.773, 19.745, 20.042, 19.451, 18.717, 18.654, 18.054, 16.755, 16.658, 16.838, 15.598, 13.524, 11.496, 9.983, 8.39, 6.825, 5.384, 4.216, 3.121, 0.0, 3.779, 5.41, 6.953, 9.504, 10.447, 10.781, 11.06, 11.664, 12.727, 13.539, 14.313, 15.135, 15.986, 16.84, 17.405, 18.056, 18.484, 18.374, 18.68, 18.957, 19.566, 20.532, 20.742, 20.422, 20.516, 20.579, 20.434, 20.447, 20.289, 20.215, 20.362, 20.29, 20.281, 20.554, 20.554, 20.208, 19.599, 19.463, 19.6, 19.45, 19.513, 19.348, 19.242, 19.362, 19.311, 19.084, 18.973, 18.897], [18.732, 18.899, 18.941, 18.847, 18.915, 19.058, 19.199, 19.311, 19.938, 20.815, 21.314, 21.542, 21.657, 21.559, 20.922, 20.745, 20.482, 20.054, 20.096, 20.091, 20.417, 19.943, 19.332, 19.327, 18.792, 17.568, 17.445, 17.608, 16.45, 14.452, 12.478, 11.17, 9.89, 8.646, 7.697, 6.898, 6.11, 3.779, 0.0, 2.392, 4.61, 7.513, 8.612, 9.127, 9.653, 10.587, 11.912, 12.817, 13.691, 14.599, 15.523, 16.404, 16.951, 17.581, 17.996, 17.866, 18.191, 18.517, 19.15, 20.12, 20.335, 20.035, 20.134, 20.214, 20.091, 20.116, 19.99, 19.95, 20.092, 20.05, 20.072, 20.365, 20.387, 20.051, 19.529, 19.407, 19.503, 19.375, 19.453, 19.302, 19.198, 19.327, 19.302, 19.103, 18.994, 18.922], [18.848, 19.009, 19.045, 18.946, 19.034, 19.229, 19.382, 19.479, 20.084, 20.933, 21.403, 21.605, 21.705, 21.611, 20.989, 20.808, 20.542, 20.12, 20.162, 20.151, 20.457, 20.022, 19.482, 19.494, 18.968, 17.787, 17.677, 17.81, 16.629, 14.585, 12.64, 11.422, 10.308, 9.269, 8.532, 7.987, 7.31, 5.41, 2.392, 0.0, 3.498, 6.93, 8.108, 8.721, 9.378, 10.459, 11.848, 12.775, 13.68, 14.588, 15.507, 16.376, 16.906, 17.528, 17.943, 17.824, 18.159, 18.495, 19.142, 20.116, 20.336, 20.037, 20.118, 20.198, 20.07, 20.104, 20.005, 19.988, 20.117, 20.073, 20.105, 20.397, 20.423, 20.103, 19.632, 19.523, 19.583, 19.461, 19.544, 19.395, 19.288, 19.418, 19.403, 19.218, 19.12, 19.054], [18.721, 18.862, 18.895, 18.802, 18.896, 19.049, 19.243, 19.341, 19.825, 20.595, 20.997, 21.14, 21.267, 21.256, 20.67, 20.508, 20.31, 19.957, 20.017, 19.972, 20.289, 20.04, 19.629, 19.648, 19.139, 18.033, 17.941, 18.106, 17.038, 15.023, 13.131, 12.065, 11.21, 10.397, 9.797, 9.371, 8.752, 6.953, 4.61, 3.498, 0.0, 4.135, 5.693, 6.669, 7.752, 9.239, 10.85, 11.855, 12.824, 13.751, 14.616, 15.426, 15.909, 16.519, 16.937, 16.808, 17.136, 17.494, 18.143, 19.145, 19.459, 19.21, 19.267, 19.39, 19.316, 19.387, 19.343, 19.374, 19.501, 19.481, 19.533, 19.852, 19.91, 19.614, 19.377, 19.335, 19.291, 19.199, 19.301, 19.166, 19.091, 19.269, 19.284, 19.116, 19.039, 19.023], [19.17, 19.268, 19.295, 19.185, 19.225, 19.265, 19.455, 19.594, 19.987, 20.627, 20.916, 21.013, 21.227, 21.367, 20.88, 20.749, 20.691, 20.508, 20.623, 20.565, 20.892, 20.914, 20.675, 20.674, 20.194, 19.229, 19.163, 19.359, 18.496, 16.619, 14.756, 13.862, 13.285, 12.617, 12.03, 11.592, 11.002, 9.504, 7.513, 6.93, 4.135, 0.0, 2.228, 4.233, 6.226, 8.442, 10.291, 11.245, 12.264, 13.25, 14.058, 14.736, 15.044, 15.538, 15.913, 15.767, 16.101, 16.549, 17.227, 18.195, 18.661, 18.544, 18.601, 18.799, 18.826, 18.942, 18.989, 19.084, 19.203, 19.237, 19.312, 19.649, 19.759, 19.496, 19.582, 19.694, 19.602, 19.557, 19.665, 19.57, 19.528, 19.756, 19.796, 19.664, 19.598, 19.628], [19.487, 19.572, 19.599, 19.484, 19.495, 19.487, 19.674, 19.857, 20.292, 20.942, 21.219, 21.318, 21.551, 21.715, 21.254, 21.121, 21.102, 20.984, 21.133, 21.103, 21.412, 21.486, 21.313, 21.306, 20.84, 19.937, 19.896, 20.103, 19.299, 17.465, 15.63, 14.743, 14.152, 13.423, 12.812, 12.395, 11.811, 10.447, 8.612, 8.108, 5.693, 2.228, 0.0, 2.721, 5.399, 8.085, 10.062, 11.032, 12.124, 13.136, 13.922, 14.542, 14.74, 15.153, 15.522, 15.402, 15.79, 16.305, 17.045, 18.03, 18.52, 18.435, 18.499, 18.71, 18.749, 18.867, 18.939, 19.062, 19.178, 19.215, 19.29, 19.619, 19.735, 19.477, 19.647, 19.829, 19.763, 19.741, 19.854, 19.778, 19.743, 19.986, 20.034, 19.936, 19.886, 19.93], [19.559, 19.645, 19.678, 19.571, 19.594, 19.588, 19.79, 20.031, 20.566, 21.321, 21.712, 21.86, 22.043, 22.135, 21.651, 21.515, 21.472, 21.34, 21.495, 21.515, 21.806, 21.788, 21.584, 21.582, 21.138, 20.266, 20.255, 20.466, 19.69, 17.933, 16.15, 15.21, 14.457, 13.556, 12.972, 12.667, 12.091, 10.781, 9.127, 8.721, 6.669, 4.233, 2.721, 0.0, 3.292, 6.671, 9.018, 10.163, 11.432, 12.544, 13.416, 14.112, 14.335, 14.78, 15.226, 15.176, 15.634, 16.204, 17.065, 18.152, 18.593, 18.448, 18.511, 18.698, 18.721, 18.826, 18.86, 18.977, 19.099, 19.101, 19.162, 19.483, 19.585, 19.307, 19.439, 19.648, 19.632, 19.615, 19.734, 19.657, 19.639, 19.902, 19.961, 19.871, 19.834, 19.864], [19.235, 19.34, 19.385, 19.279, 19.333, 19.362, 19.598, 19.911, 20.532, 21.393, 21.95, 22.2, 22.341, 22.35, 21.847, 21.733, 21.632, 21.437, 21.583, 21.648, 21.921, 21.726, 21.412, 21.418, 20.991, 20.109, 20.119, 20.334, 19.583, 18.023, 16.417, 15.451, 14.568, 13.558, 13.04, 12.854, 12.308, 11.06, 9.653, 9.378, 7.752, 6.226, 5.399, 3.292, 0.0, 4.005, 7.052, 8.693, 10.279, 11.601, 12.677, 13.549, 13.942, 14.582, 15.185, 15.208, 15.667, 16.194, 17.102, 18.266, 18.621, 18.388, 18.479, 18.64, 18.662, 18.762, 18.724, 18.805, 18.952, 18.937, 18.986, 19.319, 19.401, 19.075, 19.051, 19.267, 19.333, 19.282, 19.387, 19.286, 19.288, 19.562, 19.609, 19.466, 19.413, 19.409], [18.736, 18.869, 18.933, 18.838, 18.937, 19.025, 19.283, 19.615, 20.221, 21.155, 21.874, 22.272, 22.452, 22.384, 21.858, 21.8, 21.627, 21.351, 21.496, 21.584, 21.84, 21.44, 20.935, 20.929, 20.52, 19.599, 19.62, 19.872, 19.204, 17.951, 16.644, 15.714, 14.774, 13.768, 13.353, 13.307, 12.843, 11.664, 10.587, 10.459, 9.239, 8.442, 8.085, 6.671, 4.005, 0.0, 3.854, 6.546, 8.729, 10.296, 11.558, 12.601, 13.24, 14.161, 14.886, 14.954, 15.397, 15.818, 16.69, 17.928, 18.214, 17.914, 18.098, 18.258, 18.277, 18.366, 18.27, 18.328, 18.513, 18.488, 18.551, 18.941, 19.012, 18.635, 18.454, 18.64, 18.755, 18.645, 18.706, 18.567, 18.606, 18.884, 18.901, 18.686, 18.625, 18.597], [18.715, 18.851, 18.929, 18.85, 18.974, 19.11, 19.356, 19.631, 20.147, 21.071, 21.849, 22.341, 22.61, 22.515, 21.967, 21.958, 21.77, 21.474, 21.634, 21.732, 21.994, 21.517, 20.895, 20.868, 20.481, 19.573, 19.604, 19.87, 19.319, 18.296, 17.184, 16.298, 15.382, 14.462, 14.115, 14.173, 13.79, 12.727, 11.912, 11.848, 10.85, 10.291, 10.062, 9.018, 7.052, 3.854, 0.0, 3.807, 6.87, 8.705, 10.033, 11.153, 11.969, 13.12, 13.902, 14.058, 14.594, 15.001, 15.929, 17.312, 17.642, 17.328, 17.61, 17.825, 17.88, 18.001, 17.912, 17.981, 18.174, 18.132, 18.24, 18.714, 18.811, 18.425, 18.263, 18.418, 18.479, 18.319, 18.341, 18.201, 18.307, 18.615, 18.619, 18.366, 18.309, 18.281], [18.984, 19.119, 19.204, 19.142, 19.311, 19.497, 19.725, 19.916, 20.309, 21.133, 21.842, 22.328, 22.641, 22.568, 22.023, 22.02, 21.873, 21.616, 21.781, 21.873, 22.156, 21.735, 21.143, 21.115, 20.742, 19.882, 19.904, 20.152, 19.663, 18.678, 17.585, 16.771, 15.968, 15.143, 14.783, 14.829, 14.501, 13.539, 12.817, 12.775, 11.855, 11.245, 11.032, 10.163, 8.693, 6.546, 3.807, 0.0, 3.936, 6.369, 7.92, 9.182, 10.091, 11.358, 12.193, 12.505, 13.2, 13.752, 14.92, 16.547, 17.033, 16.735, 17.076, 17.399, 17.559, 17.748, 17.685, 17.757, 17.939, 17.917, 18.09, 18.597, 18.709, 18.338, 18.316, 18.569, 18.598, 18.406, 18.425, 18.305, 18.474, 18.862, 18.898, 18.667, 18.616, 18.601], [19.297, 19.437, 19.53, 19.468, 19.671, 19.91, 20.135, 20.256, 20.506, 21.188, 21.808, 22.277, 22.592, 22.53, 22.031, 22.051, 21.922, 21.675, 21.819, 21.912, 22.207, 21.861, 21.379, 21.384, 21.012, 20.169, 20.172, 20.397, 19.935, 18.973, 17.915, 17.199, 16.535, 15.793, 15.436, 15.457, 15.177, 14.313, 13.691, 13.68, 12.824, 12.264, 12.124, 11.432, 10.279, 8.729, 6.87, 3.936, 0.0, 3.155, 5.383, 6.998, 8.083, 9.406, 10.39, 10.859, 11.613, 12.283, 13.713, 15.628, 16.254, 15.965, 16.369, 16.811, 17.049, 17.295, 17.266, 17.352, 17.521, 17.523, 17.772, 18.314, 18.43, 18.085, 18.205, 18.598, 18.617, 18.398, 18.432, 18.332, 18.537, 19.002, 19.121, 18.966, 18.945, 18.962], [19.566, 19.706, 19.806, 19.744, 19.958, 20.237, 20.467, 20.555, 20.728, 21.333, 21.894, 22.343, 22.654, 22.58, 22.1, 22.154, 22.037, 21.788, 21.91, 21.999, 22.291, 21.987, 21.595, 21.644, 21.292, 20.487, 20.49, 20.698, 20.274, 19.387, 18.402, 17.729, 17.106, 16.413, 16.123, 16.178, 15.929, 15.135, 14.599, 14.588, 13.751, 13.25, 13.136, 12.544, 11.601, 10.296, 8.705, 6.369, 3.155, 0.0, 2.944, 5.088, 6.505, 7.989, 9.11, 9.805, 10.642, 11.31, 12.863, 14.929, 15.59, 15.299, 15.733, 16.231, 16.494, 16.758, 16.756, 16.863, 17.017, 17.031, 17.331, 17.899, 18.031, 17.718, 17.963, 18.459, 18.447, 18.208, 18.275, 18.19, 18.431, 18.94, 19.156, 19.11, 19.152, 19.199], [19.85, 19.988, 20.088, 20.043, 20.269, 20.569, 20.787, 20.817, 20.9, 21.436, 21.937, 22.359, 22.679, 22.611, 22.145, 22.211, 22.12, 21.897, 22.002, 22.071, 22.351, 22.096, 21.778, 21.844, 21.502, 20.737, 20.738, 20.949, 20.605, 19.803, 18.9, 18.297, 17.756, 17.155, 16.894, 16.95, 16.733, 15.986, 15.523, 15.507, 14.616, 14.058, 13.922, 13.416, 12.677, 11.558, 10.033, 7.92, 5.383, 2.944, 0.0, 2.616, 4.56, 6.43, 7.666, 8.6, 9.564, 10.178, 11.823, 14.088, 14.826, 14.552, 15.017, 15.568, 15.861, 16.153, 16.173, 16.295, 16.441, 16.476, 16.81, 17.378, 17.519, 17.244, 17.701, 18.274, 18.165, 17.919, 18.019, 17.95, 18.24, 18.783, 19.054, 19.103, 19.253, 19.376], [20.235, 20.363, 20.459, 20.412, 20.62, 20.913, 21.113, 21.104, 21.1, 21.55, 21.998, 22.412, 22.748, 22.71, 22.291, 22.358, 22.294, 22.126, 22.231, 22.272, 22.529, 22.338, 22.094, 22.17, 21.833, 21.106, 21.101, 21.303, 21.02, 20.271, 19.43, 18.898, 18.45, 17.939, 17.679, 17.725, 17.533, 16.84, 16.404, 16.376, 15.426, 14.736, 14.542, 14.112, 13.549, 12.601, 11.153, 9.182, 6.998, 5.088, 2.616, 0.0, 2.533, 4.962, 6.402, 7.593, 8.675, 9.251, 10.983, 13.434, 14.309, 14.101, 14.623, 15.232, 15.54, 15.884, 15.963, 16.104, 16.231, 16.268, 16.62, 17.169, 17.313, 17.073, 17.749, 18.362, 18.166, 17.94, 18.05, 18.006, 18.325, 18.876, 19.153, 19.257, 19.482, 19.698], [20.489, 20.6, 20.689, 20.621, 20.795, 21.072, 21.263, 21.244, 21.196, 21.574, 21.945, 22.329, 22.682, 22.689, 22.317, 22.38, 22.349, 22.237, 22.357, 22.39, 22.621, 22.536, 22.408, 22.491, 22.157, 21.482, 21.486, 21.675, 21.428, 20.664, 19.816, 19.332, 18.973, 18.517, 18.247, 18.26, 18.06, 17.405, 16.951, 16.906, 15.909, 15.044, 14.74, 14.335, 13.942, 13.24, 11.969, 10.091, 8.083, 6.505, 4.56, 2.533, 0.0, 2.969, 4.914, 6.376, 7.613, 8.324, 10.202, 12.807, 13.842, 13.722, 14.298, 14.97, 15.31, 15.716, 15.879, 16.063, 16.16, 16.217, 16.577, 17.089, 17.237, 17.024, 17.863, 18.519, 18.278, 18.087, 18.199, 18.185, 18.498, 19.045, 19.323, 19.468, 19.717, 20.007], [20.843, 20.941, 21.024, 20.947, 21.11, 21.376, 21.547, 21.504, 21.423, 21.737, 22.028, 22.363, 22.702, 22.727, 22.392, 22.447, 22.44, 22.365, 22.486, 22.527, 22.754, 22.763, 22.752, 22.847, 22.518, 21.888, 21.907, 22.091, 21.874, 21.107, 20.272, 19.863, 19.611, 19.211, 18.928, 18.896, 18.685, 18.056, 17.581, 17.528, 16.519, 15.538, 15.153, 14.78, 14.582, 14.161, 13.12, 11.358, 9.406, 7.989, 6.43, 4.962, 2.969, 0.0, 2.769, 4.888, 6.377, 7.366, 9.476, 12.311, 13.546, 13.561, 14.187, 14.9, 15.263, 15.69, 15.926, 16.17, 16.271, 16.354, 16.691, 17.168, 17.334, 17.146, 18.088, 18.778, 18.51, 18.343, 18.461, 18.467, 18.773, 19.32, 19.622, 19.827, 20.083, 20.403], [21.184, 21.268, 21.348, 21.283, 21.467, 21.744, 21.887, 21.811, 21.707, 21.991, 22.248, 22.567, 22.904, 22.93, 22.602, 22.65, 22.646, 22.586, 22.706, 22.736, 22.982, 23.021, 23.007, 23.083, 22.757, 22.137, 22.155, 22.355, 22.176, 21.418, 20.6, 20.251, 20.068, 19.693, 19.379, 19.325, 19.114, 18.484, 17.996, 17.943, 16.937, 15.913, 15.522, 15.226, 15.185, 14.886, 13.902, 12.193, 10.39, 9.11, 7.666, 6.402, 4.914, 2.769, 0.0, 3.217, 5.354, 6.621, 8.889, 11.968, 13.437, 13.582, 14.27, 15.011, 15.384, 15.775, 16.021, 16.292, 16.409, 16.529, 16.847, 17.314, 17.5, 17.312, 18.274, 18.975, 18.718, 18.565, 18.675, 18.676, 19.009, 19.567, 19.893, 20.13, 20.39, 20.706], [20.903, 20.972, 21.051, 20.987, 21.168, 21.419, 21.545, 21.454, 21.329, 21.622, 21.897, 22.228, 22.567, 22.611, 22.3, 22.335, 22.318, 22.261, 22.408, 22.46, 22.733, 22.805, 22.798, 22.883, 22.539, 21.877, 21.899, 22.132, 21.973, 21.245, 20.452, 20.165, 20.051, 19.663, 19.299, 19.235, 19.029, 18.374, 17.866, 17.824, 16.808, 15.767, 15.402, 15.176, 15.208, 14.954, 14.058, 12.505, 10.859, 9.805, 8.6, 7.593, 6.376, 4.888, 3.217, 0.0, 2.878, 4.673, 7.252, 10.806, 12.542, 12.746, 13.493, 14.277, 14.704, 15.138, 15.346, 15.655, 15.776, 15.938, 16.324, 16.816, 17.006, 16.801, 17.811, 18.531, 18.267, 18.124, 18.226, 18.226, 18.551, 19.093, 19.425, 19.688, 19.964, 20.308], [20.818, 20.886, 20.967, 20.913, 21.089, 21.303, 21.417, 21.292, 21.093, 21.349, 21.631, 21.979, 22.319, 22.388, 22.121, 22.156, 22.127, 22.064, 22.224, 22.306, 22.599, 22.68, 22.713, 22.853, 22.496, 21.778, 21.793, 22.044, 21.906, 21.24, 20.527, 20.325, 20.318, 19.98, 19.621, 19.54, 19.332, 18.68, 18.191, 18.159, 17.136, 16.101, 15.79, 15.634, 15.667, 15.397, 14.594, 13.2, 11.613, 10.642, 9.564, 8.675, 7.613, 6.377, 5.354, 2.878, 0.0, 2.491, 5.727, 9.808, 11.774, 12.001, 12.745, 13.547, 14.046, 14.562, 14.756, 15.108, 15.242, 15.451, 15.94, 16.468, 16.652, 16.447, 17.551, 18.363, 18.106, 17.963, 18.056, 18.061, 18.364, 18.867, 19.19, 19.463, 19.756, 20.135], [20.607, 20.674, 20.759, 20.715, 20.883, 21.101, 21.211, 21.061, 20.824, 21.075, 21.389, 21.767, 22.114, 22.184, 21.925, 21.971, 21.922, 21.841, 21.999, 22.08, 22.374, 22.415, 22.44, 22.62, 22.281, 21.564, 21.588, 21.844, 21.73, 21.186, 20.612, 20.466, 20.494, 20.202, 19.893, 19.825, 19.615, 18.957, 18.517, 18.495, 17.494, 16.549, 16.305, 16.204, 16.194, 15.818, 15.001, 13.752, 12.283, 11.31, 10.178, 9.251, 8.324, 7.366, 6.621, 4.673, 2.491, 0.0, 4.008, 8.76, 10.923, 11.167, 11.958, 12.778, 13.286, 13.842, 14.06, 14.463, 14.618, 14.857, 15.438, 16.039, 16.231, 16.021, 17.181, 18.024, 17.767, 17.614, 17.698, 17.7, 18.016, 18.505, 18.811, 19.072, 19.386, 19.793], [20.226, 20.277, 20.366, 20.333, 20.534, 20.784, 20.882, 20.659, 20.297, 20.479, 20.803, 21.229, 21.613, 21.699, 21.472, 21.539, 21.489, 21.425, 21.592, 21.652, 21.955, 22.019, 22.041, 22.224, 21.955, 21.386, 21.439, 21.721, 21.748, 21.425, 21.021, 20.945, 21.033, 20.823, 20.561, 20.463, 20.246, 19.566, 19.15, 19.142, 18.143, 17.227, 17.045, 17.065, 17.102, 16.69, 15.929, 14.92, 13.713, 12.863, 11.823, 10.983, 10.202, 9.476, 8.889, 7.252, 5.727, 4.008, 0.0, 5.676, 8.687, 9.287, 10.192, 11.055, 11.616, 12.265, 12.561, 13.081, 13.293, 13.68, 14.405, 15.106, 15.331, 15.108, 16.419, 17.277, 16.974, 16.826, 16.884, 16.909, 17.246, 17.727, 18.007, 18.31, 18.693, 19.174], [20.122, 20.147, 20.24, 20.215, 20.434, 20.687, 20.778, 20.486, 19.998, 20.101, 20.417, 20.891, 21.35, 21.469, 21.283, 21.368, 21.339, 21.342, 21.535, 21.578, 21.886, 21.996, 22.028, 22.175, 21.967, 21.683, 21.812, 22.092, 22.272, 22.152, 21.877, 21.829, 21.923, 21.762, 21.554, 21.443, 21.206, 20.532, 20.12, 20.116, 19.145, 18.195, 18.03, 18.152, 18.266, 17.928, 17.312, 16.547, 15.628, 14.929, 14.088, 13.434, 12.807, 12.311, 11.968, 10.806, 9.808, 8.76, 5.676, 0.0, 4.478, 6.217, 7.194, 8.061, 8.725, 9.