[[0.0, 4.691, 8.547, 12.557, 15.031, 16.243, 17.104, 17.761, 18.067, 18.255, 19.436, 20.269, 20.098, 19.804, 19.308, 18.784, 18.788, 19.092, 19.134, 18.935, 18.693, 18.749, 19.414, 20.155, 20.564, 20.897, 21.053, 20.832, 20.316, 20.252, 20.461, 20.518, 20.678, 21.065, 21.179, 21.072, 21.209, 21.66, 22.101, 22.199, 22.439, 23.035, 22.767, 22.687, 23.744, 24.603, 24.638, 24.529, 24.662, 24.302, 23.465, 23.181, 23.607, 23.704, 23.396, 23.313, 22.847, 21.644, 20.862, 19.811, 19.316, 19.659, 20.181, 20.317, 20.249, 20.098, 19.792, 20.103, 20.916, 21.348, 21.405, 21.29, 21.233, 21.629, 22.049, 22.055, 21.565, 21.124, 21.663, 22.322, 22.183, 22.11, 22.05, 22.144, 22.461, 22.551], [4.691, 0.0, 4.955, 10.023, 12.971, 14.447, 15.471, 16.34, 16.736, 16.94, 18.228, 19.116, 18.894, 18.562, 18.056, 17.584, 17.691, 18.044, 18.057, 17.806, 17.537, 17.635, 18.386, 19.196, 19.628, 19.882, 20.002, 19.827, 19.37, 19.347, 19.58, 19.665, 19.809, 20.241, 20.523, 20.631, 20.937, 21.477, 22.003, 22.209, 22.54, 23.187, 22.913, 22.846, 23.933, 24.8, 24.83, 24.643, 24.722, 24.353, 23.521, 23.24, 23.661, 23.762, 23.476, 23.428, 22.983, 21.874, 21.241, 20.297, 19.774, 19.958, 20.349, 20.478, 20.492, 20.364, 20.049, 20.438, 21.308, 21.736, 21.764, 21.591, 21.461, 21.823, 22.22, 22.223, 21.734, 21.197, 21.593, 22.186, 22.106, 22.095, 22.071, 22.16, 22.455, 22.549], [8.547, 4.955, 0.0, 6.066, 10.386, 12.533, 13.656, 14.7, 15.241, 15.403, 16.577, 17.409, 17.14, 16.656, 16.083, 15.949, 16.391, 16.888, 17.078, 16.98, 16.747, 17.079, 18.17, 19.233, 19.734, 19.764, 19.668, 19.504, 19.218, 19.299, 19.554, 19.691, 19.836, 20.251, 20.58, 20.853, 21.42, 22.201, 22.873, 23.144, 23.469, 24.08, 23.816, 23.725, 24.701, 25.479, 25.512, 25.422, 25.613, 25.295, 24.487, 24.18, 24.52, 24.594, 24.374, 24.355, 23.909, 22.844, 22.306, 21.567, 21.218, 21.445, 21.814, 21.934, 21.982, 21.905, 21.597, 21.87, 22.617, 22.986, 22.989, 22.802, 22.685, 23.052, 23.417, 23.415, 22.971, 22.495, 22.972, 23.596, 23.483, 23.44, 23.416, 23.533, 23.865, 23.971], [12.557, 10.023, 6.066, 0.0, 6.067, 9.358, 10.717, 12.122, 12.96, 13.105, 14.096, 14.894, 14.695, 14.496, 14.535, 14.945, 15.659, 16.295, 16.696, 16.787, 16.632, 17.168, 18.462, 19.708, 20.274, 20.127, 19.835, 19.668, 19.529, 19.695, 19.943, 20.094, 20.244, 20.647, 20.979, 21.301, 22.039, 23.1, 24.001, 24.348, 24.65, 25.225, 24.927, 24.717, 25.542, 26.239, 26.313, 26.28, 26.459, 26.123, 25.332, 24.996, 25.245, 25.303, 25.139, 25.124, 24.679, 23.657, 23.199, 22.648, 22.433, 22.707, 23.08, 23.174, 23.211, 23.176, 22.865, 22.954, 23.543, 23.865, 23.874, 23.695, 23.58, 23.929, 24.261, 24.266, 23.899, 23.536, 24.126, 24.838, 24.697, 24.59, 24.545, 24.685, 25.033, 25.12], [15.031, 12.971, 10.386, 6.067, 0.0, 4.26, 6.66, 9.09, 10.395, 10.572, 11.691, 12.714, 12.784, 13.686, 14.983, 15.454, 15.902, 16.5, 16.874, 16.918, 16.841, 17.394, 18.504, 19.646, 20.268, 20.281, 20.04, 19.83, 19.676, 19.841, 20.061, 20.189, 20.385, 20.814, 21.143, 21.45, 22.166, 23.28, 24.319, 24.762, 25.085, 25.669, 25.396, 25.207, 26.033, 26.765, 26.892, 26.737, 26.688, 26.262, 25.496, 25.182, 25.437, 25.528, 25.355, 25.331, 24.914, 23.921, 23.476, 22.869, 22.502, 22.671, 22.989, 23.047, 23.056, 23.004, 22.716, 22.793, 23.308, 23.612, 23.613, 23.376, 23.174, 23.494, 23.842, 23.881, 23.576, 23.242, 23.695, 24.35, 24.235, 24.126, 24.08, 24.223, 24.532, 24.573], [16.243, 14.447, 12.533, 9.358, 4.26, 0.0, 3.62, 7.159, 8.877, 9.041, 10.222, 11.397, 11.819, 13.483, 15.417, 15.976, 16.28, 16.845, 17.208, 17.268, 17.27, 17.878, 18.929, 19.997, 20.654, 20.793, 20.589, 20.349, 20.166, 20.308, 20.5, 20.596, 20.791, 21.202, 21.516, 21.798, 22.454, 23.52, 24.579, 25.071, 25.408, 25.982, 25.755, 25.597, 26.388, 27.099, 27.228, 27.029, 26.886, 26.412, 25.653, 25.351, 25.605, 25.711, 25.531, 25.47, 25.031, 24.026, 23.541, 22.871, 22.481, 22.677, 23.012, 23.059, 23.044, 22.996, 22.763, 22.809, 23.185, 23.431, 23.408, 23.155, 22.968, 23.358, 23.757, 23.821, 23.536, 23.282, 23.745, 24.395, 24.289, 24.156, 24.096, 24.239, 24.537, 24.578], [17.104, 15.471, 13.656, 10.717, 6.66, 3.62, 0.0, 4.283, 6.55, 6.742, 7.822, 9.065, 9.923, 12.274, 14.673, 15.609, 16.023, 16.623, 17.055, 17.234, 17.33, 18.069, 19.267, 20.421, 21.121, 21.262, 21.024, 20.771, 20.59, 20.738, 20.931, 21.047, 21.266, 21.685, 22.004, 22.272, 22.913, 23.962, 25.0, 25.502, 25.859, 26.415, 26.216, 26.077, 26.786, 27.396, 27.494, 27.363, 27.288, 26.827, 26.06, 25.741, 25.972, 26.072, 25.9, 25.806, 25.336, 24.319, 23.788, 23.117, 22.811, 23.108, 23.483, 23.527, 23.477, 23.439, 23.243, 23.205, 23.419, 23.604, 23.578, 23.362, 23.257, 23.72, 24.148, 24.223, 23.944, 23.77, 24.35, 25.07, 24.937, 24.734, 24.641, 24.79, 25.124, 25.204], [17.761, 16.34, 14.7, 12.122, 9.09, 7.159, 4.283, 0.0, 2.78, 3.25, 4.508, 5.948, 7.45, 10.843, 13.774, 15.0, 15.481, 16.118, 16.631, 16.92, 17.098, 17.943, 19.281, 20.523, 21.292, 21.502, 21.303, 21.072, 20.882, 21.022, 21.235, 21.406, 21.675, 22.092, 22.397, 22.642, 23.264, 24.284, 25.269, 25.747, 26.121, 26.686, 26.534, 26.437, 27.101, 27.649, 27.728, 27.642, 27.619, 27.166, 26.384, 26.038, 26.254, 26.356, 26.185, 26.07, 25.585, 24.568, 24.013, 23.351, 23.092, 23.423, 23.785, 23.807, 23.715, 23.676, 23.496, 23.409, 23.538, 23.697, 23.675, 23.492, 23.444, 23.938, 24.386, 24.475, 24.193, 24.037, 24.65, 25.389, 25.229, 24.98, 24.862, 25.018, 25.372, 25.469], [18.067, 16.736, 15.241, 12.96, 10.395, 8.877, 6.55, 2.78, 0.0, 1.39, 3.479, 5.014, 6.754, 10.565, 13.602, 14.791, 15.254, 15.923, 16.482, 16.798, 16.992, 17.873, 19.27, 20.54, 21.325, 21.566, 21.391, 21.174, 20.989, 21.12, 21.34, 21.53, 21.801, 22.191, 22.469, 22.704, 23.315, 24.316, 25.278, 25.745, 26.125, 26.712, 26.607, 26.559, 27.237, 27.785, 27.858, 27.767, 27.74, 27.284, 26.494, 26.14, 26.359, 26.464, 26.289, 26.166, 25.668, 24.636, 24.071, 23.414, 23.153, 23.466, 23.791, 23.791, 23.689, 23.657, 23.478, 23.398, 23.548, 23.72, 23.705, 23.529, 23.486, 23.976, 24.426, 24.517, 24.227, 24.054, 24.64, 25.355, 25.197, 24.951, 24.833, 24.984, 25.325, 25.417], [18.255, 16.94, 15.403, 13.105, 10.572, 9.041, 6.742, 3.25, 1.39, 0.0, 2.66, 4.401, 6.133, 10.027, 13.184, 14.489, 15.003, 15.708, 16.334, 16.699, 16.932, 17.885, 19.345, 20.659, 21.466, 21.686, 21.453, 21.203, 21.03, 21.172, 21.397, 21.592, 21.86, 22.243, 22.515, 22.76, 23.398, 24.435, 25.422, 25.892, 26.266, 26.858, 26.764, 26.721, 27.406, 27.953, 28.03, 27.956, 27.947, 27.508, 26.732, 26.39, 26.609, 26.71, 26.532, 26.403, 25.887, 24.818, 24.224, 23.546, 23.287, 23.636, 23.989, 23.997, 23.892, 23.854, 23.677, 23.577, 23.699, 23.859, 23.841, 23.664, 23.624, 24.121, 24.573, 24.668, 24.382, 24.212, 24.803, 25.513, 25.34, 25.078, 24.954, 25.117, 25.479, 25.58], [19.436, 18.228, 16.577, 14.096, 11.691, 10.222, 7.822, 4.508, 3.479, 2.66, 0.0, 2.222, 5.052, 9.531, 13.042, 14.765, 15.426, 16.131, 16.86, 17.373, 17.702, 18.776, 20.331, 21.696, 22.533, 22.717, 22.388, 22.094, 21.955, 22.11, 22.329, 22.527, 22.78, 23.139, 23.397, 23.64, 24.3, 25.369, 26.362, 26.831, 27.181, 27.715, 27.626, 27.576, 28.201, 28.699, 28.779, 28.795, 28.867, 28.466, 27.725, 27.388, 27.574, 27.665, 27.515, 27.381, 26.869, 25.824, 25.233, 24.593, 24.417, 24.855, 25.252, 25.258, 25.12, 25.092, 24.933, 24.727, 24.703, 24.803, 24.778, 24.621, 24.626, 25.146, 25.586, 25.687, 25.462, 25.385, 26.033, 26.764, 26.557, 26.24, 26.093, 26.266, 26.652, 26.773], [20.269, 19.116, 17.409, 14.894, 12.714, 11.397, 9.065, 5.948, 5.014, 4.401, 2.222, 0.0, 3.958, 8.993, 12.83, 14.86, 15.624, 16.344, 17.185, 17.822, 18.206, 19.369, 21.006, 22.402, 23.242, 23.399, 23.046, 22.744, 22.613, 22.773, 22.999, 23.207, 23.452, 23.804, 24.065, 24.314, 24.987, 26.063, 27.039, 27.492, 27.822, 28.322, 28.253, 28.22, 28.809, 29.272, 29.347, 29.411, 29.534, 29.153, 28.422, 28.079, 28.247, 28.332, 28.197, 28.067, 27.559, 26.531, 25.944, 25.332, 25.193, 25.663, 26.082, 26.095, 25.947, 25.918, 25.77, 25.512, 25.404, 25.464, 25.43, 25.288, 25.333, 25.885, 26.329, 26.432, 26.233, 26.2, 26.877, 27.611, 27.386, 27.044, 26.885, 27.062, 27.45, 27.573], [20.098, 18.894, 17.14, 14.695, 12.784, 11.819, 9.923, 7.45, 6.754, 6.133, 5.052, 3.958, 0.0, 5.783, 10.597, 13.063, 13.937, 14.786, 15.859, 16.637, 17.068, 18.418, 20.24, 21.752, 22.622, 22.745, 22.375, 22.048, 21.882, 22.059, 22.327, 22.587, 22.905, 23.314, 23.589, 23.861, 24.6, 25.758, 26.787, 27.247, 27.596, 28.165, 28.106, 28.115, 28.802, 29.312, 29.39, 29.46, 29.627, 29.254, 28.487, 28.147, 28.373, 28.465, 28.314, 28.213, 27.678, 26.528, 25.9, 25.238, 25.0, 25.447, 25.899, 25.972, 25.904, 25.863, 25.721, 25.596, 25.576, 25.646, 25.609, 25.452, 25.494, 26.069, 26.528, 26.649, 26.411, 26.234, 26.783, 27.435, 27.186, 26.857, 26.71, 26.908, 27.305, 27.416], [19.804, 18.562, 16.656, 14.496, 13.686, 13.483, 12.274, 10.843, 10.565, 10.027, 9.531, 8.993, 5.783, 0.0, 6.168, 9.902, 11.435, 12.588, 14.064, 15.126, 15.602, 17.253, 19.446, 21.186, 22.088, 22.105, 21.614, 21.211, 21.032, 21.234, 21.537, 21.843, 22.2, 22.629, 22.886, 23.178, 24.024, 25.314, 26.418, 26.896, 27.279, 27.947, 27.885, 27.916, 28.709, 29.255, 29.326, 29.542, 29.944, 29.645, 28.831, 28.503, 28.819, 28.908, 28.759, 28.688, 28.075, 26.743, 26.066, 25.346, 25.012, 25.506, 26.072, 26.244, 26.298, 26.259, 26.128, 26.136, 26.18, 26.22, 26.169, 26.032, 26.141, 26.791, 27.265, 27.391, 27.089, 26.785, 27.338, 27.987, 27.709, 27.37, 27.231, 27.481, 27.944, 28.078], [19.308, 18.056, 16.083, 14.535, 14.983, 15.417, 14.673, 13.774, 13.602, 13.184, 13.042, 12.83, 10.597, 6.168, 0.0, 5.248, 8.16, 9.873, 11.728, 12.955, 13.277, 15.023, 17.615, 19.627, 20.575, 20.543, 19.988, 19.61, 19.571, 19.824, 20.135, 20.483, 20.805, 21.208, 21.474, 21.827, 22.783, 24.136, 25.216, 25.673, 26.071, 26.811, 26.79, 26.884, 27.744, 28.294, 28.329, 28.719, 29.435, 29.272, 28.471, 28.174, 28.543, 28.615, 28.485, 28.466, 27.847, 26.486, 25.807, 25.083, 24.743, 25.262, 25.854, 26.056, 26.164, 26.154, 26.032, 26.065, 26.119, 26.129, 26.067, 25.978, 26.176, 26.871, 27.333, 27.439, 27.085, 26.786, 27.515, 28.285, 28.046, 27.708, 27.57, 27.861, 28.385, 28.55], [18.784, 17.584, 15.949, 14.945, 15.454, 15.976, 15.609, 15.0, 14.791, 14.489, 14.765, 14.86, 13.063, 9.902, 5.248, 0.0, 3.896, 6.392, 8.71, 9.972, 10.143, 11.923, 14.745, 16.943, 18.059, 18.314, 18.019, 17.734, 17.724, 17.995, 18.31, 18.719, 19.125, 19.557, 19.83, 20.21, 21.189, 22.528, 23.583, 24.036, 24.463, 25.313, 25.366, 25.568, 26.571, 27.222, 27.262, 27.568, 28.279, 28.162, 27.398, 27.136, 27.534, 27.61, 27.466, 27.516, 26.964, 25.61, 24.933, 24.176, 23.739, 24.131, 24.609, 24.789, 24.934, 24.936, 24.785, 24.92, 25.142, 25.241, 25.206, 25.111, 25.243, 25.839, 26.249, 26.328, 25.902, 25.506, 26.167, 26.934, 26.767, 26.498, 26.382, 26.662, 27.163, 27.321], [18.788, 17.691, 16.391, 15.659, 15.902, 16.28, 16.023, 15.481, 15.254, 15.003, 15.426, 15.624, 13.937, 11.435, 8.16, 3.896, 0.0, 3.204, 6.208, 7.771, 8.179, 10.223, 13.179, 15.52, 16.901, 17.524, 17.494, 17.222, 17.124, 17.365, 17.662, 18.106, 18.646, 19.159, 19.444, 19.808, 20.735, 22.011, 23.05, 23.534, 24.006, 24.922, 25.013, 25.263, 26.332, 27.041, 27.095, 27.273, 27.839, 27.687, 26.937, 26.694, 27.106, 27.189, 27.021, 27.096, 26.582, 25.231, 24.534, 23.728, 23.215, 23.519, 23.919, 24.083, 24.244, 24.247, 24.064, 24.251, 24.582, 24.743, 24.726, 24.597, 24.623, 25.086, 25.438, 25.503, 25.06, 24.589, 25.123, 25.832, 25.673, 25.424, 25.316, 25.576, 26.041, 26.198], [19.092, 18.044, 16.888, 16.295, 16.5, 16.845, 16.623, 16.118, 15.923, 15.708, 16.131, 16.344, 14.786, 12.588, 9.873, 6.392, 3.204, 0.0, 3.676, 5.869, 6.739, 9.151, 12.35, 14.881, 16.453, 17.269, 17.363, 17.081, 16.927, 17.121, 17.384, 17.832, 18.437, 19.057, 19.436, 19.839, 20.753, 21.995, 23.013, 23.511, 24.003, 24.925, 25.021, 25.283, 26.372, 27.097, 27.147, 27.294, 27.809, 27.628, 26.88, 26.657, 27.089, 27.18, 27.006, 27.087, 26.591, 25.26, 24.559, 23.747, 23.208, 23.464, 23.831, 23.988, 24.149, 24.155, 23.951, 24.106, 24.435, 24.595, 24.572, 24.42, 24.398, 24.805, 25.124, 25.191, 24.8, 24.326, 24.791, 25.467, 25.302, 25.043, 24.932, 25.18, 25.628, 25.795], [19.134, 18.057, 17.078, 16.696, 16.874, 17.208, 17.055, 16.631, 16.482, 16.334, 16.86, 17.185, 15.859, 14.064, 11.728, 8.71, 6.208, 3.676, 0.0, 2.868, 4.498, 7.336, 10.853, 13.592, 15.357, 16.407, 16.684, 16.425, 16.177, 16.278, 16.485, 16.952, 17.688, 18.497, 19.024, 19.482, 20.373, 21.565, 22.557, 23.079, 23.602, 24.527, 24.619, 24.913, 26.064, 26.832, 26.891, 26.977, 27.409, 27.199, 26.452, 26.26, 26.752, 26.871, 26.686, 26.782, 26.317, 25.009, 24.322, 23.515, 22.928, 23.09, 23.388, 23.528, 23.697, 23.709, 23.487, 23.669, 24.038, 24.206, 24.17, 23.981, 23.887, 24.223, 24.517, 24.602, 24.251, 23.712, 24.046, 24.693, 24.56, 24.325, 24.227, 24.47, 24.912, 25.087], [18.935, 17.806, 16.98, 16.787, 16.918, 17.268, 17.234, 16.92, 16.798, 16.699, 17.373, 17.822, 16.637, 15.126, 12.955, 9.972, 7.771, 5.869, 2.868, 0.0, 2.501, 5.993, 9.73, 12.534, 14.304, 15.403, 15.758, 15.565, 15.342, 15.408, 15.583, 16.049, 16.807, 17.654, 18.224, 18.71, 19.59, 20.761, 21.765, 22.319, 22.875, 23.83, 23.929, 24.256, 25.476, 26.287, 26.356, 26.367, 26.727, 26.52, 25.813, 25.663, 26.199, 26.341, 26.141, 26.244, 25.804, 24.545, 23.907, 23.123, 22.529, 22.604, 22.809, 22.928, 23.114, 23.138, 22.89, 23.118, 23.591, 23.812, 23.782, 23.573, 23.431, 23.709, 23.982, 24.076, 23.72, 23.111, 23.349, 23.964, 23.879, 23.703, 23.634, 23.871, 24.28, 24.423], [18.693, 17.537, 16.747, 16.632, 16.841, 17.27, 17.33, 17.098, 16.992, 16.932, 17.702, 18.206, 17.068, 15.602, 13.277, 10.143, 8.179, 6.739, 4.498, 2.501, 0.0, 4.163, 8.299, 11.228, 12.95, 14.039, 14.475, 14.355, 14.176, 14.268, 14.448, 14.923, 15.67, 16.516, 17.115, 17.637, 18.548, 19.74, 20.767, 21.342, 21.921, 22.922, 23.046, 23.422, 24.696, 25.528, 25.595, 25.601, 26.003, 25.836, 25.143, 25.009, 25.567, 25.71, 25.529, 25.688, 25.298, 24.107, 23.541, 22.784, 22.182, 22.21, 22.375, 22.501, 22.722, 22.754, 22.514, 22.806, 23.344, 23.581, 23.548, 23.336, 23.17, 23.424, 23.703, 23.802, 23.415, 22.749, 22.986, 23.627, 23.586, 23.457, 23.404, 23.63, 24.02, 24.149], [18.749, 17.635, 17.079, 17.168, 17.394, 17.878, 18.069, 17.943, 17.873, 17.885, 18.776, 19.369, 18.418, 17.253, 15.023, 11.923, 10.223, 9.151, 7.336, 5.993, 4.163, 0.0, 4.573, 7.913, 10.014, 11.662, 12.573, 12.552, 12.316, 12.407, 12.609, 13.133, 13.996, 15.025, 15.78, 16.355, 17.25, 18.38, 19.361, 19.952, 20.575, 21.635, 21.77, 22.224, 23.627, 24.529, 24.599, 24.528, 24.915, 24.773, 24.085, 23.973, 24.589, 24.742, 24.57, 24.891, 24.704, 23.692, 23.23, 22.44, 21.7, 21.584, 21.673, 21.794, 22.05, 22.094, 21.866, 22.274, 22.912, 23.17, 23.126, 22.877, 22.567, 22.643, 22.883, 22.999, 22.584, 21.774, 21.897, 22.577, 22.621, 22.539, 22.487, 22.677, 23.053, 23.209], [19.414, 18.386, 18.17, 18.462, 18.504, 18.929, 19.267, 19.281, 19.27, 19.345, 20.331, 21.006, 20.24, 19.446, 17.615, 14.745, 13.179, 12.35, 10.853, 9.73, 8.299, 4.573, 0.0, 3.797, 6.753, 9.494, 11.108, 11.176, 10.835, 10.936, 11.162, 11.716, 12.747, 14.031, 14.96, 15.551, 16.352, 17.341, 18.241, 18.851, 19.524, 20.633, 20.756, 21.279, 22.84, 23.84, 23.933, 23.701, 23.95, 23.806, 23.161, 23.098, 23.771, 23.942, 23.753, 24.23, 24.299, 23.539, 23.217, 22.412, 21.541, 21.238, 21.207, 21.308, 21.594, 21.654, 21.426, 21.966, 22.738, 23.048, 23.004, 22.707, 22.225, 22.057, 22.214, 22.345, 21.922, 20.947, 20.819, 21.458, 21.598, 21.583, 21.547, 21.685, 22.002, 22.165], [20.155, 19.196, 19.233, 19.708, 19.646, 19.997, 20.421, 20.523, 20.54, 20.659, 21.696, 22.402, 21.752, 21.186, 19.627, 16.943, 15.52, 14.881, 13.592, 12.534, 11.228, 7.913, 3.797, 0.0, 3.91, 7.952, 10.338, 10.495, 9.996, 10.101, 10.352, 10.943, 12.117, 13.577, 14.619, 15.2, 15.883, 16.721, 17.53, 18.137, 18.839, 19.978, 20.107, 20.712, 22.406, 23.481, 23.583, 23.225, 23.355, 23.22, 22.632, 22.62, 23.341, 23.531, 23.321, 23.881, 24.116, 23.563, 23.385, 22.61, 21.659, 21.198, 21.051, 21.138, 21.462, 21.54, 21.34, 21.992, 22.845, 23.181, 23.135, 22.81, 22.239, 21.95, 22.067, 22.21, 21.776, 20.68, 20.345, 20.94, 21.172, 21.227, 21.22, 21.312, 21.555, 21.699], [20.564, 19.628, 19.734, 20.274, 20.268, 20.654, 21.121, 21.292, 21.325, 21.466, 22.533, 23.242, 22.622, 22.088, 20.575, 18.059, 16.901, 16.453, 15.357, 14.304, 12.95, 10.014, 6.753, 3.91, 0.0, 4.877, 8.082, 8.486, 7.959, 8.151, 8.456, 9.12, 10.376, 12.003, 13.2, 13.852, 14.562, 15.428, 16.27, 16.913, 17.672, 18.87, 19.05, 19.769, 21.563, 22.656, 22.747, 22.405, 22.63, 22.595, 22.059, 22.078, 22.845, 23.046, 22.841, 23.447, 23.751, 23.33, 23.317, 22.664, 21.746, 21.225, 21.022, 21.112, 21.472, 21.569, 21.382, 22.06, 22.954, 23.309, 23.276, 22.983, 22.471, 22.249, 22.392, 22.533, 22.086, 20.986, 20.674, 21.306, 21.605, 21.71, 21.721, 21.786, 21.975, 22.093], [20.897, 19.882, 19.764, 20.127, 20.281, 20.793, 21.262, 21.502, 21.566, 21.686, 22.717, 23.399, 22.745, 22.105, 20.543, 18.314, 17.524, 17.269, 16.407, 15.403, 14.039, 11.662, 9.494, 7.952, 4.877, 0.0, 3.954, 5.003, 5.152, 5.695, 6.039, 6.689, 7.781, 9.539, 10.989, 11.876, 12.853, 13.992, 15.023, 15.743, 16.54, 17.745, 17.95, 18.678, 20.42, 21.458, 21.547, 21.351, 21.862, 22.015, 21.547, 21.583, 22.348, 22.538, 22.376, 22.992, 23.268, 22.917, 23.088, 22.723, 22.097, 21.696, 21.509, 21.611, 21.988, 22.106, 21.888, 22.468, 23.377, 23.767, 23.763, 23.542, 23.176, 23.08, 23.243, 23.358, 22.924, 21.971, 21.899, 22.584, 22.861, 22.966, 22.975, 23.04, 23.217, 23.313], [21.053, 20.002, 19.668, 19.835, 20.04, 20.589, 21.024, 21.303, 21.391, 21.453, 22.388, 23.046, 22.375, 21.614, 19.988, 18.019, 17.494, 17.363, 16.684, 15.758, 14.475, 12.573, 11.108, 10.338, 8.082, 3.954, 0.0, 2.085, 4.216, 5.149, 5.422, 5.827, 6.352, 7.935, 9.543, 10.681, 11.931, 13.332, 14.572, 15.361, 16.1, 17.204, 17.383, 18.066, 19.73, 20.703, 20.781, 20.744, 21.5, 21.764, 21.325, 21.37, 22.102, 22.275, 22.146, 22.726, 22.913, 22.532, 22.754, 22.588, 22.291, 22.098, 21.974, 22.089, 22.455, 22.587, 22.34, 22.797, 23.667, 24.069, 24.079, 23.916, 23.661, 23.64, 23.801, 23.903, 23.486, 22.671, 22.819, 23.54, 23.753, 23.824, 23.82, 23.909, 24.116, 24.206], [20.832, 19.827, 19.504, 19.668, 19.83, 20.349, 20.771, 21.072, 21.174, 21.203, 22.094, 22.744, 22.048, 21.211, 19.61, 17.734, 17.222, 17.081, 16.425, 15.565, 14.355, 12.552, 11.176, 10.495, 8.486, 5.003, 2.085, 0.0, 3.02, 4.174, 4.55, 5.005, 5.82, 7.742, 9.428, 10.58, 11.856, 13.287, 14.564, 15.37, 16.079, 17.14, 17.336, 18.088, 19.826, 20.827, 20.912, 20.922, 21.692, 21.928, 21.442, 21.473, 22.208, 22.382, 22.25, 22.814, 22.954, 22.472, 22.613, 22.379, 22.091, 21.99, 21.932, 22.062, 22.429, 22.541, 22.296, 22.752, 23.587, 23.97, 23.977, 23.811, 23.564, 23.554, 23.712, 23.823, 23.408, 22.579, 22.723, 23.45, 23.643, 23.695, 23.682, 23.785, 24.023, 24.125], [20.316, 19.37, 19.218, 19.529, 19.676, 20.166, 20.59, 20.882, 20.989, 21.03, 21.955, 22.613, 21.882, 21.032, 19.571, 17.724, 17.124, 16.927, 16.177, 15.342, 14.176, 12.316, 10.835, 9.996, 7.959, 5.152, 4.216, 3.02, 0.0, 1.59, 2.588, 3.588, 5.688, 8.343, 10.074, 11.056, 12.159, 13.456, 14.636, 15.401, 16.121, 17.192, 17.417, 18.27, 20.119, 21.191, 21.292, 21.275, 21.96, 22.111, 21.52, 21.505, 22.283, 22.479, 22.335, 22.902, 23.012, 22.415, 22.467, 22.079, 21.604, 21.495, 21.504, 21.658, 22.041, 22.115, 21.899, 22.449, 23.281, 23.647, 23.654, 23.464, 23.19, 23.191, 23.365, 23.488, 23.076, 22.164, 22.186, 22.888, 23.074, 23.117, 23.098, 23.21, 23.482, 23.607], [20.252, 19.347, 19.299, 19.695, 19.841, 20.308, 20.738, 21.022, 21.12, 21.172, 22.11, 22.773, 22.059, 21.234, 19.824, 17.995, 17.365, 17.121, 16.278, 15.408, 14.268, 12.407, 10.936, 10.101, 8.151, 5.695, 5.149, 4.174, 1.59, 0.0, 1.47, 2.882, 5.456, 8.303, 10.063, 11.001, 12.029, 13.271, 14.416, 15.172, 15.899, 16.964, 17.197, 18.094, 20.006, 21.121, 21.226, 21.198, 21.862, 21.987, 21.363, 21.344, 22.158, 22.374, 22.227, 22.797, 22.901, 22.283, 22.329, 21.93, 21.428, 21.319, 21.34, 21.499, 21.881, 21.935, 21.715, 22.287, 23.128, 23.495, 23.505, 23.312, 23.03, 23.032, 23.206, 23.332, 22.922, 21.987, 21.971, 22.659, 22.84, 22.878, 22.858, 22.974, 23.262, 23.393], [20.461, 19.58, 19.554, 19.943, 20.061, 20.5, 20.931, 21.235, 21.34, 21.397, 22.329, 22.999, 22.327, 21.537, 20.135, 18.31, 17.662, 17.384, 16.485, 15.583, 14.448, 12.609, 11.162, 10.352, 8.456, 6.039, 5.422, 4.55, 2.588, 1.47, 0.0, 1.896, 4.922, 7.929, 9.745, 10.69, 11.703, 12.945, 14.11, 14.906, 15.659, 16.727, 16.981, 17.903, 19.833, 20.963, 21.073, 21.042, 21.701, 21.827, 21.213, 21.209, 22.038, 22.267, 22.131, 22.701, 22.807, 22.208, 22.284, 21.932, 21.476, 21.379, 21.39, 21.539, 21.927, 21.994, 21.77, 22.34, 23.19, 23.563, 23.573, 23.381, 23.103, 23.102, 23.269, 23.39, 22.985, 22.066, 22.059, 22.735, 22.918, 22.96, 22.945, 23.061, 23.344, 23.473], [20.518, 19.665, 19.691, 20.094, 20.189, 20.596, 21.047, 21.406, 21.53, 21.592, 22.527, 23.207, 22.587, 21.843, 20.483, 18.719, 18.106, 17.832, 16.952, 16.049, 14.923, 13.133, 11.716, 10.943, 9.12, 6.689, 5.827, 5.005, 3.588, 2.882, 1.896, 0.0, 3.567, 7.034, 9.074, 10.07, 11.077, 12.339, 13.566, 14.421, 15.193, 16.256, 16.505, 17.411, 19.351, 20.498, 20.61, 20.572, 21.24, 21.397, 20.83, 20.863, 21.713, 21.95, 21.82, 22.395, 22.52, 21.986, 22.113, 21.802, 21.398, 21.312, 21.317, 21.462, 21.859, 21.945, 21.728, 22.3, 23.173, 23.55, 23.554, 23.376, 23.111, 23.106, 23.265, 23.373, 22.961, 22.063, 22.097, 22.779, 22.97, 23.029, 23.023, 23.132, 23.396, 23.511], [20.678, 19.809, 19.836, 20.244, 20.385, 20.791, 21.266, 21.675, 21.801, 21.86, 22.78, 23.452, 22.905, 22.2, 20.805, 19.125, 18.646, 18.437, 17.688, 16.807, 15.67, 13.996, 12.747, 12.117, 10.376, 7.781, 6.352, 5.82, 5.688, 5.456, 4.922, 3.567, 0.0, 4.051, 6.713, 8.031, 9.217, 10.695, 12.15, 13.103, 13.886, 14.968, 15.169, 15.996, 17.962, 19.117, 19.194, 19.156, 19.929, 20.215, 19.791, 19.936, 20.836, 21.077, 20.969, 21.582, 21.776, 21.447, 21.733, 21.564, 21.308, 21.212, 21.169, 21.322, 21.742, 21.865, 21.648, 22.205, 23.117, 23.505, 23.508, 23.37, 23.157, 23.179, 23.337, 23.423, 22.969, 22.092, 22.262, 23.004, 23.223, 23.313, 23.321, 23.425, 23.658, 23.74], [21.065, 20.241, 20.251, 20.647, 20.814, 21.202, 21.685, 22.092, 22.191, 22.243, 23.139, 23.804, 23.314, 22.629, 21.208, 19.557, 19.159, 19.057, 18.497, 17.654, 16.516, 15.025, 14.031, 13.577, 12.003, 9.539, 7.935, 7.742, 8.343, 8.303, 7.929, 7.034, 4.051, 0.0, 3.228, 5.101, 6.692, 8.581, 10.383, 11.47, 12.293, 13.476, 13.731, 14.54, 16.5, 17.655, 17.727, 17.716, 18.6, 18.988, 18.681, 18.908, 19.814, 20.061, 19.995, 20.611, 20.824, 20.645, 21.086, 21.13, 21.102, 21.031, 20.935, 21.092, 21.539, 21.698, 21.483, 22.04, 23.007, 23.427, 23.445, 23.353, 23.221, 23.315, 23.49, 23.56, 23.076, 22.262, 22.587, 23.371, 23.602, 23.715, 23.731, 23.835, 24.054, 24.114], [21.179, 20.523, 20.58, 20.979, 21.143, 21.516, 22.004, 22.397, 22.469, 22.515, 23.397, 24.065, 23.589, 22.886, 21.474, 19.83, 19.444, 19.436, 19.024, 18.224, 17.115, 15.78, 14.96, 14.619, 13.2, 10.989, 9.543, 9.428, 10.074, 10.063, 9.745, 9.074, 6.713, 3.228, 0.0, 2.367, 4.537, 6.908, 8.984, 10.143, 11.009, 12.314, 12.73, 13.689, 15.687, 16.88, 16.998, 17.042, 17.991, 18.414, 18.136, 18.372, 19.256, 19.515, 19.473, 20.047, 20.212, 20.013, 20.489, 20.655, 20.788, 20.791, 20.701, 20.852, 21.303, 21.475, 21.239, 21.808, 22.851, 23.33, 23.381, 23.314, 23.23, 23.372, 23.565, 23.632, 23.146, 22.395, 22.808, 23.605, 23.82, 23.926, 23.937, 24.045, 24.276, 24.342], [21.072, 20.631, 20.853, 21.301, 21.45, 21.798, 22.272, 22.642, 22.704, 22.76, 23.64, 24.314, 23.861, 23.178, 21.827, 20.21, 19.808, 19.839, 19.482, 18.71, 17.637, 16.355, 15.551, 15.2, 13.852, 11.876, 10.681, 10.58, 11.056, 11.001, 10.69, 10.07, 8.031, 5.101, 2.367, 0.0, 2.553, 5.377, 7.716, 8.95, 9.869, 11.286, 11.77, 12.812, 14.895, 16.143, 16.287, 16.324, 17.266, 17.702, 17.45, 17.718, 18.635, 18.92, 18.887, 19.464, 19.646, 19.462, 19.965, 20.166, 20.346, 20.397, 20.335, 20.487, 20.938, 21.121, 20.88, 21.49, 22.616, 23.156, 23.246, 23.204, 23.137, 23.287, 23.488, 23.558, 23.073, 22.344, 22.796, 23.616, 23.831, 23.927, 23.931, 24.037, 24.268, 24.333], [21.209, 20.937, 21.42, 22.039, 22.166, 22.454, 22.913, 23.264, 23.315, 23.398, 24.3, 24.987, 24.6, 24.024, 22.783, 21.189, 20.735, 20.753, 20.373, 19.59, 18.548, 17.25, 16.352, 15.883, 14.562, 12.853, 11.931, 11.856, 12.159, 12.029, 11.703, 11.077, 9.217, 6.692, 4.537, 2.553, 0.0, 3.174, 5.898, 7.349, 8.4, 9.963, 10.502, 11.607, 13.759, 15.051, 15.205, 15.176, 16.085, 16.571, 16.409, 16.772, 17.773, 18.108, 18.093, 18.712, 18.968, 18.913, 19.52, 19.773, 19.976, 20.007, 19.926, 20.085, 20.565, 20.771, 20.559, 21.27, 22.485, 23.071, 23.194, 23.179, 23.119, 23.266, 23.473, 23.545, 23.06, 22.339, 22.795, 23.63, 23.878, 23.989, 23.996, 24.084, 24.271, 24.311], [21.66, 21.477, 22.201, 23.1, 23.28, 23.52, 23.962, 24.284, 24.316, 24.435, 25.369, 26.063, 25.758, 25.314, 24.136, 22.528, 22.011, 21.995, 21.565, 20.761, 19.74, 18.38, 17.341, 16.721, 15.428, 13.992, 13.332, 13.287, 13.456, 13.271, 12.945, 12.339, 10.695, 8.581, 6.908, 5.377, 3.174, 0.0, 3.123, 5.095, 6.54, 8.352, 9.149, 10.574, 12.751, 14.029, 14.184, 14.095, 15.044, 15.677, 15.679, 16.155, 17.229, 17.609, 17.616, 18.286, 18.644, 18.775, 19.498, 19.8, 20.017, 19.969, 19.813, 19.979, 20.509, 20.738, 20.559, 21.397, 22.696, 23.304, 23.444, 23.455, 23.388, 23.507, 23.701, 23.764, 23.277, 22.559, 22.978, 23.798, 24.097, 24.241, 24.256, 24.312, 24.429, 24.439], [22.101, 22.003, 22.873, 24.001, 24.319, 24.579, 25.0, 25.269, 25.278, 25.422, 26.362, 27.039, 26.787, 26.418, 25.216, 23.583, 23.05, 23.013, 22.557, 21.765, 20.767, 19.361, 18.241, 17.53, 16.27, 15.023, 14.572, 14.564, 14.636, 14.416, 14.11, 13.566, 12.15, 10.383, 8.984, 7.716, 5.898, 3.123, 0.0, 2.559, 4.654, 6.848, 8.053, 9.977, 12.219, 13.488, 13.642, 13.57, 14.644, 15.45, 15.584, 16.107, 17.197, 17.591, 17.595, 18.279, 18.717, 18.961, 19.715, 20.029, 20.257, 20.158, 19.948, 20.119, 20.664, 20.894, 20.719, 21.589, 22.901, 23.504, 23.648, 23.687, 23.637, 23.751, 23.932, 23.981, 23.505, 22.822, 23.226, 24.036, 24.363, 24.516, 24.527, 24.559, 24.629, 24.627], [22.199, 22.209, 23.144, 24.348, 24.762, 25.071, 25.502, 25.747, 25.745, 25.892, 26.831, 27.492, 27.247, 26.896, 25.673, 24.036, 23.534, 23.511, 23.079, 22.319, 21.342, 19.952, 18.851, 18.137, 16.913, 15.743, 15.361, 15.37, 15.401, 15.172, 14.906, 14.421, 13.103, 11.47, 10.143, 8.95, 7.349, 5.095, 2.559, 0.0, 2.612, 5.364, 6.878, 9.15, 11.565, 12.897, 13.043, 13.002, 14.19, 15.119, 15.336, 15.902, 17.013, 17.417, 17.41, 18.09, 18.553, 18.813, 19.57, 19.905, 20.167, 20.093, 19.899, 20.089, 20.628, 20.848, 20.668, 21.511, 22.791, 23.384, 23.533, 23.591, 23.586, 23.757, 23.964, 24.013, 23.552, 22.909, 23.356, 24.187, 24.508, 24.648, 24.65, 24.671, 24.727, 24.717], [22.439, 22.54, 23.469, 24.65, 25.085, 25.408, 25.859, 26.121, 26.125, 26.266, 27.181, 27.822, 27.596, 27.279, 26.071, 24.463, 24.006, 24.003, 23.602, 22.875, 21.921, 20.575, 19.524, 18.839, 17.672, 16.54, 16.1, 16.079, 16.121, 15.899, 15.659, 15.193, 13.886, 12.293, 11.009, 9.869, 8.4, 6.54, 4.654, 2.612, 0.0, 3.264, 5.27, 8.131, 10.786, 12.166, 12.295, 12.345, 13.719, 14.768, 15.054, 15.671, 16.8, 17.213, 17.235, 17.945, 18.441, 18.728, 19.512, 19.91, 20.255, 20.246, 20.087, 20.287, 20.818, 21.037, 20.868, 21.675, 22.899, 23.475, 23.626, 23.694, 23.723, 23.95, 24.199, 24.259, 23.808, 23.206, 23.719, 24.573, 24.876, 25.002, 24.998, 25.018, 25.077, 25.058], [23.035, 23.187, 24.08, 25.225, 25.669, 25.982, 26.415, 26.686, 26.712, 26.858, 27.715, 28.322, 28.165, 27.947, 26.811, 25.313, 24.922, 24.925, 24.527, 23.83, 22.922, 21.635, 20.633, 19.978, 18.87, 17.745, 17.204, 17.14, 17.192, 16.964, 16.727, 16.256, 14.968, 13.476, 12.314, 11.286, 9.963, 8.352, 6.848, 5.364, 3.264, 0.0, 3.344, 7.448, 10.242, 11.546, 11.644, 11.88, 13.542, 14.748, 15.106, 15.741, 16.861, 17.285, 17.36, 18.109, 18.671, 19.043, 19.875, 20.384, 20.857, 20.911, 20.774, 20.957, 21.444, 21.663, 21.514, 22.261, 23.406, 23.958, 24.112, 24.195, 24.259, 24.525, 24.799, 24.869, 24.446, 23.922, 24.521, 25.403, 25.69, 25.798, 25.788, 25.819, 25.89, 25.87], [22.767, 22.913, 23.816, 24.927, 25.396, 25.755, 26.216, 26.534, 26.607, 26.764, 27.626, 28.253, 28.106, 27.885, 26.79, 25.366, 25.013, 25.021, 24.619, 23.929, 23.046, 21.77, 20.756, 20.107, 19.05, 17.95, 17.383, 17.336, 17.417, 17.197, 16.981, 16.505, 15.169, 13.731, 12.73, 11.77, 10.502, 9.149, 8.053, 6.878, 5.27, 3.344, 0.0, 4.828, 8.279, 9.818, 9.911, 10.206, 12.141, 13.475, 13.867, 14.588, 15.81, 16.248, 16.326, 17.141, 17.781, 18.264, 19.209, 19.768, 20.261, 20.356, 20.295, 20.49, 20.956, 21.165, 20.996, 21.777, 23.01, 23.603, 23.771, 23.858, 23.92, 24.172, 24.442, 24.529, 24.115, 23.553, 24.178, 25.1, 25.371, 25.469, 25.465, 25.498, 25.567, 25.542], [22.687, 22.846, 23.725, 24.717, 25.207, 25.597, 26.077, 26.437, 26.559, 26.721, 27.576, 28.22, 28.115, 27.916, 26.884, 25.568, 25.263, 25.283, 24.913, 24.256, 23.422, 22.224, 21.279, 20.712, 19.769, 18.678, 18.066, 18.088, 18.27, 18.094, 17.903, 17.411, 15.996, 14.54, 13.689, 12.812, 11.607, 10.574, 9.977, 9.15, 8.131, 7.448, 4.828, 0.0, 4.451, 6.644, 6.937, 7.284, 9.627, 11.148, 11.633, 12.503, 13.851, 14.302, 14.393, 15.236, 15.966, 16.741, 17.936, 18.667, 19.303, 19.479, 19.49, 19.659, 20.067, 20.299, 20.106, 20.86, 22.2, 22.864, 23.067, 23.212, 23.347, 23.632, 23.898, 23.977, 23.616, 23.177, 23.992, 24.998, 25.235, 25.316, 25.312, 25.333, 25.383, 25.349], [23.744, 23.933, 24.701, 25.542, 26.033, 26.388, 26.786, 27.101, 27.237, 27.406, 28.201, 28.809, 28.802, 28.709, 27.744, 26.571, 26.332, 26.372, 26.064, 25.476, 24.696, 23.627, 22.84, 22.406, 21.563, 20.42, 19.73, 19.826, 20.119, 20.006, 19.833, 19.351, 17.962, 16.5, 15.687, 14.895, 13.759, 12.751, 12.219, 11.565, 10.786, 10.242, 8.279, 4.451, 0.0, 2.834, 3.896, 4.934, 8.23, 10.12, 10.768, 11.638, 12.935, 13.374, 13.572, 14.382, 15.129, 16.253, 17.737, 18.806, 19.724, 19.936, 19.896, 20.014, 20.385, 20.678, 20.525, 21.213, 22.499, 23.15, 23.368, 23.601, 23.882, 24.267, 24.546, 24.596, 24.293, 24.15, 25.304, 26.403, 26.606, 26.641, 26.617, 26.651, 26.712, 26.688], [24.603, 24.8, 25.479, 26.239, 26.765, 27.099, 27.396, 27.649, 27.785, 27.953, 28.699, 29.272, 29.312, 29.255, 28.294, 27.222, 27.041, 27.097, 26.832, 26.287, 25.528, 24.529, 23.84, 23.481, 22.656, 21.458, 20.703, 20.827, 21.191, 21.121, 20.963, 20.498, 19.117, 17.655, 16.88, 16.143, 15.051, 14.029, 13.488, 12.897, 12.166, 11.546, 9.818, 6.644, 2.834, 0.0, 1.915, 4.209, 8.255, 10.418, 11.263, 12.177, 13.401, 13.801, 14.051, 14.826, 15.512, 16.714, 18.233, 19.402, 20.442, 20.67, 20.611, 20.739, 21.116, 21.439, 21.359, 22.005, 23.176, 23.782, 24.001, 24.271, 24.614, 25.037, 25.314, 25.35, 25.061, 25.04, 26.364, 27.53, 27.724, 27.719, 27.68, 27.726, 27.789, 27.761], [24.638, 24.83, 25.512, 26.313, 26.892, 27.228, 27.494, 27.728, 27.858, 28.03, 28.779, 29.347, 29.39, 29.326, 28.329, 27.262, 27.095, 27.147, 26.891, 26.356, 25.595, 24.599, 23.933, 23.583, 22.747, 21.547, 20.781, 20.912, 21.292, 21.226, 21.073, 20.61, 19.194, 17.727, 16.998, 16.287, 15.205, 14.184, 13.642, 13.043, 12.295, 11.644, 9.911, 6.937, 3.896, 1.915, 0.0, 3.449, 8.06, 10.392, 11.351, 12.364, 13.62, 14.009, 14.246, 15.006, 15.659, 16.877, 18.353, 19.464, 20.506, 20.73, 20.679, 20.836, 21.219, 21.534, 21.485, 22.086, 23.188, 23.776, 24.002, 24.283, 24.64, 25.087, 25.378, 25.42, 25.125, 25.108, 26.465, 27.66, 27.868, 27.86, 27.821, 27.868, 27.926, 27.892], [24.529, 24.643, 25.422, 26.28, 26.737, 27.029, 27.363, 27.642, 27.767, 27.956, 28.795, 29.411, 29.46, 29.542, 28.719, 27.568, 27.273, 27.294, 26.977, 26.367, 25.601, 24.528, 23.701, 23.225, 22.405, 21.351, 20.744, 20.922, 21.275, 21.198, 21.042, 20.572, 19.156, 17.716, 17.042, 16.324, 15.176, 14.095, 13.57, 13.002, 12.345, 11.88, 10.206, 7.284, 4.934, 4.209, 3.449, 0.0, 4.996, 7.779, 9.288, 10.649, 12.012, 12.46, 12.672, 13.553, 14.491, 16.105, 17.79, 18.938, 19.923, 19.97, 19.769, 19.886, 20.282, 20.61, 20.572, 21.3, 22.532, 23.179, 23.425, 23.678, 23.949, 24.321, 24.618, 24.672, 24.346, 24.236, 25.468, 26.627, 26.91, 26.987, 26.987, 26.999, 26.979, 26.895], [24.662, 24.722, 25.613, 26.459, 26.688, 26.886, 27.288, 27.619, 27.74, 27.947, 28.867, 29.534, 29.627, 29.944, 29.435, 28.279, 27.839, 27.809, 27.409, 26.727, 26.003, 24.915, 23.95, 23.355, 22.63, 21.862, 21.5, 21.692, 21.96, 21.862, 21.701, 21.24, 19.929, 18.6, 17.991, 17.266, 16.085, 15.044, 14.644, 14.19, 13.719, 13.542, 12.141, 9.627, 8.23, 8.255, 8.06, 4.996, 0.0, 3.568, 6.384, 8.376, 9.799, 10.349, 10.507, 11.484, 12.857, 15.004, 16.963, 18.223, 19.174, 19.023, 18.651, 18.685, 19.065, 19.434, 19.443, 20.369, 21.797, 22.533, 22.813, 23.04, 23.203, 23.478, 23.775, 23.827, 23.476, 23.295, 24.345, 25.442, 25.821, 26.009, 26.06, 26.023, 25.88, 25.717], [24.302, 24.353, 25.295, 26.123, 26.262, 26.412, 26.827, 27.166, 27.284, 27.508, 28.466, 29.153, 29.254, 29.645, 29.272, 28.162, 27.687, 27.628, 27.199, 26.52, 25.836, 24.773, 23.806, 23.22, 22.595, 22.015, 21.764, 21.928, 22.111, 21.987, 21.827, 21.397, 20.215, 18.988, 18.414, 17.702, 16.571, 15.677, 15.45, 15.119, 14.768, 14.748, 13.475, 11.148, 10.12, 10.418, 10.392, 7.779, 3.568, 0.0, 3.555, 5.99, 7.609, 8.284, 8.427, 9.47, 11.09, 13.522, 15.666, 17.045, 18.061, 17.892, 17.493, 17.502, 17.882, 18.275, 18.33, 19.385, 20.94, 21.746, 22.064, 22.303, 22.452, 22.735, 23.076, 23.143, 22.776, 22.567, 23.546, 24.608, 25.005, 25.232, 25.31, 25.276, 25.134, 24.977], [23.465, 23.521, 24.487, 25.332, 25.496, 25.653, 26.06, 26.384, 26.494, 26.732, 27.725, 28.422, 28.487, 28.831, 28.471, 27.398, 26.937, 26.88, 26.452, 25.813, 25.143, 24.085, 23.161, 22.632, 22.059, 21.547, 21.325, 21.442, 21.52, 21.363, 21.213, 20.83, 19.791, 18.681, 18.136, 17.45, 16.409, 15.679, 15.584, 15.336, 15.054, 15.106, 13.867, 11.633, 10.768, 11.263, 11.351, 9.288, 6.384, 3.555, 0.0, 2.851, 5.177, 6.08, 6.276, 7.524, 9.261, 11.722, 13.98, 15.48, 16.61, 16.535, 16.208, 16.231, 16.626, 17.016, 17.088, 18.237, 19.884, 20.747, 21.11, 21.383, 21.57, 21.917, 22.328, 22.423, 22.035, 21.805, 22.819, 23.895, 24.267, 24.486, 24.561, 24.563, 24.528, 24.452], [23.181, 23.24, 24.18, 24.996, 25.182, 25.351, 25.741, 26.038, 26.14, 26.39, 27.388, 28.079, 28.147, 28.503, 28.174, 27.136, 26.694, 26.657, 26.26, 25.663, 25.009, 23.973, 23.098, 22.62, 22.078, 21.583, 21.37, 21.473, 21.505, 21.344, 21.209, 20.863, 19.936, 18.908, 18.372, 17.718, 16.772, 16.155, 16.107, 15.902, 15.671, 15.741, 14.588, 12.503, 11.638, 12.177, 12.364, 10.649, 8.376, 5.99, 2.851, 0.0, 2.961, 4.15, 4.546, 6.045, 7.989, 10.6, 13.01, 14.728, 16.054, 16.074, 15.776, 15.746, 16.096, 16.489, 16.573, 17.738, 19.423, 20.318, 20.71, 21.014, 21.227, 21.601, 22.04, 22.139, 21.755, 21.575, 22.678, 23.778, 24.122, 24.32, 24.38, 24.4, 24.444, 24.436], [23.607, 23.661, 24.52, 25.245, 25.437, 25.605, 25.972, 26.254, 26.359, 26.609, 27.574, 28.247, 28.373, 28.819, 28.543, 27.534, 27.106, 27.089, 26.752, 26.199, 25.567, 24.589, 23.771, 23.341, 22.845, 22.348, 22.102, 22.208, 22.283, 22.158, 22.038, 21.713, 20.836, 19.814, 19.256, 18.635, 17.773, 17.229, 17.197, 17.013, 16.8, 16.861, 15.81, 13.851, 12.935, 13.401, 13.62, 12.012, 9.799, 7.609, 5.177, 2.961, 0.0, 1.646, 2.848, 4.736, 7.203, 10.305, 12.906, 14.922, 16.589, 16.745, 16.436, 16.303, 16.54, 16.936, 17.024, 18.057, 19.681, 20.589, 20.998, 21.322, 21.542, 21.901, 22.329, 22.418, 22.084, 22.048, 23.249, 24.346, 24.664, 24.84, 24.886, 24.896, 24.937, 24.933], [23.704, 23.762, 24.594, 25.303, 25.528, 25.711, 26.072, 26.356, 26.464, 26.71, 27.665, 28.332, 28.465, 28.908, 28.615, 27.61, 27.189, 27.18, 26.871, 26.341, 25.71, 24.742, 23.942, 23.531, 23.046, 22.538, 22.275, 22.382, 22.479, 22.374, 22.267, 21.95, 21.077, 20.061, 19.515, 18.92, 18.108, 17.609, 17.591, 17.417, 17.213, 17.285, 16.248, 14.302, 13.374, 13.801, 14.009, 12.46, 10.349, 8.284, 6.08, 4.15, 1.646, 0.0, 1.942, 4.247, 7.002, 10.254, 12.852, 14.893, 16.655, 16.873, 16.586, 16.436, 16.635, 17.021, 17.108, 18.08, 19.669, 20.575, 20.986, 21.322, 21.548, 21.9, 22.323, 22.41, 22.087, 22.097, 23.353, 24.463, 24.774, 24.941, 24.982, 24.995, 25.035, 25.026], [23.396, 23.476, 24.374, 25.139, 25.355, 25.531, 25.9, 26.185, 26.289, 26.532, 27.515, 28.197, 28.314, 28.759, 28.485, 27.466, 27.021, 27.006, 26.686, 26.141, 25.529, 24.57, 23.753, 23.321, 22.841, 22.376, 22.146, 22.25, 22.335, 22.227, 22.131, 21.82, 20.969, 19.995, 19.473, 18.887, 18.093, 17.616, 17.595, 17.41, 17.235, 17.36, 16.326, 14.393, 13.572, 14.051, 14.246, 12.672, 10.507, 8.427, 6.276, 4.546, 2.848, 1.942, 0.0, 2.931, 6.17, 9.58, 12.136, 14.099, 15.854, 16.069, 15.79, 15.641, 15.812, 16.198, 16.278, 17.269, 18.928, 19.877, 20.309, 20.672, 20.921, 21.288, 21.723, 21.8, 21.46, 21.481, 22.746, 23.868, 24.188, 24.36, 24.405, 24.417, 24.442, 24.422], [23.313, 23.428, 24.355, 25.124, 25.331, 25.47, 25.806, 26.07, 26.166, 26.403, 27.381, 28.067, 28.213, 28.688, 28.466, 27.516, 27.096, 27.087, 26.782, 26.244, 25.688, 24.891, 24.23, 23.881, 23.447, 22.992, 22.726, 22.814, 22.902, 22.797, 22.701, 22.395, 21.582, 20.611, 20.047, 19.464, 18.712, 18.286, 18.279, 18.09, 17.945, 18.109, 17.141, 15.236, 14.382, 14.826, 15.006, 13.553, 11.484, 9.47, 7.524, 6.045, 4.736, 4.247, 2.931, 0.0, 3.808, 7.858, 10.709, 13.019, 15.112, 15.446, 15.183, 15.013, 15.119, 15.52, 15.633, 16.598, 18.308, 19.319, 19.796, 20.223, 20.595, 21.104, 21.591, 21.643, 21.311, 21.468, 22.838, 23.971, 24.256, 24.403, 24.441, 24.458, 24.483, 24.454], [22.847, 22.983, 23.909, 24.679, 24.914, 25.031, 25.336, 25.585, 25.668, 25.887, 26.869, 27.559, 27.678, 28.075, 27.847, 26.964, 26.582, 26.591, 26.317, 25.804, 25.298, 24.704, 24.299, 24.116, 23.751, 23.268, 22.913, 22.954, 23.012, 22.901, 22.807, 22.52, 21.776, 20.824, 20.212, 19.646, 18.968, 18.644, 18.717, 18.553, 18.441, 18.671, 17.781, 15.966, 15.129, 15.512, 15.659, 14.491, 12.857, 11.09, 9.261, 7.989, 7.203, 7.002, 6.17, 3.808, 0.0, 4.766, 8.268, 11.268, 13.852, 14.386, 14.194, 14.091, 14.295, 14.726, 14.906, 15.992, 17.785, 18.831, 19.329, 19.783, 20.282, 21.003, 21.566, 21.601, 21.239, 21.447, 22.919, 24.066, 24.3, 24.413, 24.439, 24.487, 24.564, 24.551], [21.644, 21.874, 22.844, 23.657, 23.921, 24.026, 24.319, 24.568, 24.636, 24.818, 25.824, 26.531, 26.528, 26.743, 26.486, 25.61, 25.231, 25.26, 25.009, 24.545, 24.107, 23.692, 23.539, 23.563, 23.33, 22.917, 22.532, 22.472, 22.415, 22.283, 22.208, 21.986, 21.447, 20.645, 20.013, 19.462, 18.913, 18.775, 18.961, 18.813, 18.728, 19.043, 18.264, 16.741, 16.253, 16.714, 16.877, 16.105, 15.004, 13.522, 11.722, 10.6, 10.305, 10.254, 9.58, 7.858, 4.766, 0.0, 4.223, 8.237, 11.434, 12.34, 12.413, 12.449, 12.816, 13.273, 13.464, 14.745, 16.672, 17.741, 18.257, 18.699, 19.277, 20.212, 20.873, 20.914, 20.514, 20.678, 22.179, 23.331, 23.514, 23.602, 23.617, 23.716, 23.891, 23.912], [20.862, 21.241, 22.306, 23.199, 23.476, 23.541, 23.788, 24.013, 24.071, 24.224, 25.233, 25.944, 25.9, 26.066, 25.807, 24.933, 24.534, 24.559, 24.322, 23.907, 23.541, 23.23, 23.217, 23.385, 23.317, 23.088, 22.754, 22.613, 22.467, 22.329, 22.284, 22.113, 21.733, 21.086, 20.489, 19.965, 19.52, 19.498, 19.715, 19.57, 19.512, 19.875, 19.209, 17.936, 17.737, 18.233, 18.353, 17.79, 16.963, 15.666, 13.98, 13.01, 12.906, 12.852, 12.136, 10.709, 8.268, 4.223, 0.0, 4.936, 9.015, 10.513, 10.982, 11.1, 11.406, 11.864, 12.085, 13.285, 15.23, 16.358, 16.935, 17.422, 18.068, 19.105, 19.818, 19.854, 19.474, 19.76, 21.38, 22.56, 22.704, 22.769, 22.774, 22.903, 23.13, 23.178], [19.811, 20.297, 21.567, 22.648, 22.869, 22.871, 23.117, 23.351, 23.414, 23.546, 24.593, 25.332, 25.238, 25.346, 25.083, 24.176, 23.728, 23.747, 23.515, 23.123, 22.784, 22.44, 22.412, 22.61, 22.664, 22.723, 22.588, 22.379, 22.079, 21.93, 21.932, 21.802, 21.564, 21.13, 20.655, 20.166, 19.773, 19.8, 20.029, 19.905, 19.91, 20.384, 19.768, 18.667, 18.806, 19.402, 19.464, 18.938, 18.223, 17.045, 15.48, 14.728, 14.922, 14.893, 14.099, 13.019, 11.268, 8.237, 4.936, 0.0, 4.9, 7.371, 8.586, 8.928, 9.197, 9.604, 10.0