[[0.0, 1.45, 3.412, 6.345, 7.551, 8.266, 11.2, 13.904, 14.604, 14.678, 14.939, 15.304, 15.636, 15.482, 15.037, 15.257, 15.677, 16.218, 16.895, 17.218, 17.26, 17.96, 19.049, 20.318, 20.941, 20.751, 20.857, 21.082, 20.985, 21.245, 21.619, 21.646, 21.47, 21.538, 21.979, 22.709, 23.163, 23.149, 22.922, 22.952, 23.623, 24.183, 24.199, 23.634, 23.023, 22.957, 23.109, 23.209, 24.193, 25.076, 25.157, 24.533, 23.667, 23.496, 23.541, 23.658, 23.69, 23.627, 23.591, 23.468, 23.221, 23.029, 22.995, 22.934, 22.554, 22.63, 22.657, 22.517, 22.518, 22.778, 23.205, 23.905, 24.644, 26.037, 26.585, 24.32, 23.621, 23.938, 23.962, 24.152, 24.706, 24.524, 24.337, 24.315, 24.185, 24.438], [1.45, 0.0, 2.469, 5.769, 7.107, 7.881, 10.866, 13.617, 14.329, 14.386, 14.651, 15.057, 15.424, 15.27, 14.796, 15.001, 15.449, 15.948, 16.561, 16.889, 16.935, 17.603, 18.64, 19.873, 20.496, 20.295, 20.407, 20.64, 20.559, 20.872, 21.297, 21.342, 21.171, 21.237, 21.71, 22.509, 22.988, 22.967, 22.729, 22.742, 23.418, 23.989, 24.007, 23.442, 22.832, 22.751, 22.891, 23.002, 23.988, 24.864, 24.933, 24.3, 23.447, 23.263, 23.288, 23.404, 23.437, 23.376, 23.332, 23.22, 22.993, 22.803, 22.769, 22.712, 22.324, 22.395, 22.416, 22.275, 22.296, 22.553, 22.972, 23.669, 24.41, 25.842, 26.437, 24.219, 23.54, 23.85, 23.851, 24.022, 24.578, 24.389, 24.193, 24.174, 24.041, 24.289], [3.412, 2.469, 0.0, 3.699, 5.563, 6.834, 9.825, 12.609, 13.384, 13.446, 13.689, 14.095, 14.525, 14.414, 13.959, 14.142, 14.558, 15.064, 15.695, 16.062, 16.106, 16.723, 17.696, 18.896, 19.519, 19.314, 19.493, 19.798, 19.795, 20.219, 20.696, 20.75, 20.58, 20.649, 21.153, 22.031, 22.546, 22.512, 22.237, 22.148, 22.765, 23.324, 23.341, 22.831, 22.309, 22.289, 22.433, 22.533, 23.436, 24.245, 24.289, 23.656, 22.826, 22.605, 22.616, 22.747, 22.766, 22.708, 22.672, 22.573, 22.366, 22.185, 22.144, 22.053, 21.655, 21.725, 21.744, 21.63, 21.66, 21.895, 22.296, 22.962, 23.698, 25.17, 25.844, 23.809, 23.253, 23.518, 23.48, 23.663, 24.242, 24.044, 23.839, 23.818, 23.654, 23.873], [6.345, 5.769, 3.699, 0.0, 2.997, 5.69, 8.351, 10.993, 11.945, 12.087, 12.284, 12.688, 13.254, 13.212, 12.855, 13.008, 13.282, 13.796, 14.485, 14.913, 14.956, 15.501, 16.385, 17.532, 18.185, 18.023, 18.361, 18.815, 18.921, 19.441, 19.954, 20.023, 19.842, 19.897, 20.43, 21.393, 21.915, 21.872, 21.549, 21.284, 21.781, 22.309, 22.316, 21.912, 21.559, 21.633, 21.771, 21.839, 22.584, 23.254, 23.241, 22.586, 21.796, 21.517, 21.494, 21.636, 21.625, 21.561, 21.536, 21.451, 21.281, 21.121, 21.074, 20.924, 20.517, 20.605, 20.643, 20.588, 20.622, 20.832, 21.196, 21.817, 22.567, 24.134, 24.958, 23.247, 22.881, 23.046, 22.931, 23.14, 23.765, 23.572, 23.344, 23.322, 23.125, 23.3], [7.551, 7.107, 5.563, 2.997, 0.0, 3.665, 6.625, 9.452, 10.573, 10.79, 11.026, 11.456, 12.044, 12.005, 11.785, 12.029, 12.219, 12.762, 13.535, 14.004, 14.029, 14.509, 15.345, 16.508, 17.213, 17.081, 17.494, 18.008, 18.093, 18.577, 19.083, 19.172, 18.988, 19.027, 19.564, 20.57, 21.104, 21.083, 20.797, 20.532, 21.025, 21.553, 21.558, 21.178, 20.871, 20.99, 21.136, 21.181, 21.866, 22.487, 22.446, 21.75, 20.941, 20.628, 20.56, 20.683, 20.655, 20.59, 20.563, 20.487, 20.353, 20.212, 20.17, 20.011, 19.612, 19.725, 19.808, 19.787, 19.831, 20.078, 20.436, 21.049, 21.884, 23.564, 24.444, 22.768, 22.414, 22.542, 22.403, 22.622, 23.277, 23.09, 22.847, 22.831, 22.646, 22.823], [8.266, 7.881, 6.834, 5.69, 3.665, 0.0, 4.242, 7.808, 8.973, 9.215, 9.567, 10.056, 10.567, 10.525, 10.568, 11.135, 11.369, 11.987, 12.909, 13.436, 13.454, 13.897, 14.698, 15.918, 16.675, 16.515, 16.881, 17.371, 17.353, 17.682, 18.126, 18.227, 18.063, 18.104, 18.614, 19.605, 20.163, 20.175, 19.964, 19.875, 20.493, 21.05, 21.065, 20.656, 20.296, 20.421, 20.603, 20.65, 21.347, 21.999, 21.969, 21.263, 20.423, 20.072, 19.981, 20.096, 20.073, 20.023, 19.998, 19.921, 19.816, 19.71, 19.692, 19.567, 19.199, 19.327, 19.469, 19.46, 19.506, 19.81, 20.202, 20.858, 21.779, 23.513, 24.337, 22.466, 21.998, 22.166, 22.06, 22.295, 22.974, 22.778, 22.536, 22.511, 22.317, 22.521], [11.2, 10.866, 9.825, 8.351, 6.625, 4.242, 0.0, 4.106, 5.659, 6.116, 6.589, 7.227, 7.929, 8.076, 8.744, 9.741, 9.841, 10.464, 11.585, 12.232, 12.272, 12.651, 13.333, 14.516, 15.355, 15.277, 15.828, 16.511, 16.561, 16.818, 17.218, 17.334, 17.177, 17.226, 17.719, 18.724, 19.281, 19.296, 19.069, 18.983, 19.676, 20.248, 20.251, 19.943, 19.747, 19.967, 20.159, 20.172, 20.682, 21.178, 21.091, 20.372, 19.576, 19.112, 18.957, 19.091, 19.035, 18.976, 18.969, 18.884, 18.826, 18.772, 18.775, 18.629, 18.295, 18.44, 18.635, 18.671, 18.688, 18.991, 19.381, 20.046, 21.019, 22.867, 23.812, 22.18, 21.823, 21.91, 21.75, 22.03, 22.766, 22.573, 22.306, 22.262, 22.022, 22.207], [13.904, 13.617, 12.609, 10.993, 9.452, 7.808, 4.106, 0.0, 2.282, 3.34, 3.957, 4.846, 5.903, 6.448, 7.96, 9.256, 9.133, 9.659, 10.914, 11.677, 11.759, 12.018, 12.469, 13.509, 14.386, 14.451, 15.259, 16.175, 16.356, 16.61, 16.973, 17.099, 16.95, 16.991, 17.449, 18.436, 18.97, 18.986, 18.761, 18.639, 19.329, 19.9, 19.899, 19.715, 19.708, 20.022, 20.204, 20.175, 20.474, 20.787, 20.645, 19.941, 19.192, 18.621, 18.407, 18.538, 18.438, 18.366, 18.386, 18.299, 18.267, 18.239, 18.236, 18.061, 17.759, 17.9, 18.126, 18.187, 18.162, 18.447, 18.804, 19.457, 20.504, 22.421, 23.467, 22.122, 21.897, 21.892, 21.667, 21.977, 22.756, 22.584, 22.293, 22.233, 21.968, 22.134], [14.604, 14.329, 13.384, 11.945, 10.573, 8.973, 5.659, 2.282, 0.0, 1.609, 2.567, 3.777, 5.057, 5.823, 7.754, 9.195, 9.055, 9.609, 10.948, 11.741, 11.828, 12.008, 12.356, 13.362, 14.241, 14.316, 15.115, 16.037, 16.225, 16.473, 16.843, 16.984, 16.855, 16.905, 17.355, 18.346, 18.898, 18.917, 18.695, 18.603, 19.3, 19.875, 19.893, 19.715, 19.717, 20.053, 20.247, 20.219, 20.494, 20.809, 20.68, 19.998, 19.252, 18.655, 18.426, 18.552, 18.456, 18.387, 18.434, 18.347, 18.307, 18.273, 18.272, 18.109, 17.805, 17.925, 18.15, 18.206, 18.167, 18.445, 18.794, 19.473, 20.557, 22.473, 23.524, 22.182, 21.946, 21.928, 21.689, 21.995, 22.781, 22.614, 22.324, 22.248, 21.974, 22.146], [14.678, 14.386, 13.446, 12.087, 10.79, 9.215, 6.116, 3.34, 1.609, 0.0, 1.513, 3.239, 4.668, 5.486, 7.518, 9.033, 8.94, 9.493, 10.84, 11.641, 11.717, 11.84, 12.152, 13.179, 14.063, 14.112, 14.858, 15.748, 15.927, 16.211, 16.629, 16.783, 16.66, 16.718, 17.193, 18.22, 18.79, 18.792, 18.567, 18.478, 19.186, 19.768, 19.793, 19.619, 19.602, 19.922, 20.122, 20.107, 20.407, 20.758, 20.633, 19.945, 19.18, 18.587, 18.366, 18.5, 18.42, 18.351, 18.41, 18.327, 18.289, 18.252, 18.257, 18.102, 17.781, 17.885, 18.093, 18.135, 18.096, 18.375, 18.724, 19.421, 20.515, 22.452, 23.521, 22.141, 21.879, 21.869, 21.623, 21.918, 22.701, 22.524, 22.228, 22.139, 21.852, 22.024], [14.939, 14.651, 13.689, 12.284, 11.026, 9.567, 6.589, 3.957, 2.567, 1.513, 0.0, 2.274, 4.058, 4.982, 7.255, 8.864, 8.665, 9.018, 10.319, 11.165, 11.29, 11.434, 11.77, 12.824, 13.721, 13.774, 14.523, 15.45, 15.67, 15.967, 16.392, 16.541, 16.421, 16.493, 16.966, 17.989, 18.543, 18.528, 18.287, 18.184, 18.892, 19.483, 19.501, 19.335, 19.373, 19.746, 19.97, 19.95, 20.221, 20.562, 20.441, 19.775, 19.053, 18.459, 18.212, 18.328, 18.229, 18.162, 18.238, 18.143, 18.101, 18.069, 18.074, 17.908, 17.581, 17.687, 17.91, 17.963, 17.892, 18.131, 18.454, 19.129, 20.229, 22.158, 23.209, 21.86, 21.618, 21.589, 21.331, 21.636, 22.433, 22.261, 21.963, 21.872, 21.581, 21.745], [15.304, 15.057, 14.095, 12.688, 11.456, 10.056, 7.227, 4.846, 3.777, 3.239, 2.274, 0.0, 2.276, 3.626, 6.338, 8.124, 7.796, 8.127, 9.619, 10.602, 10.847, 11.111, 11.568, 12.673, 13.547, 13.613, 14.384, 15.355, 15.607, 15.863, 16.233, 16.358, 16.22, 16.312, 16.761, 17.701, 18.244, 18.241, 17.983, 17.907, 18.633, 19.221, 19.244, 19.064, 19.137, 19.659, 19.959, 19.906, 20.148, 20.492, 20.405, 19.78, 19.077, 18.485, 18.236, 18.313, 18.165, 18.089, 18.185, 18.071, 18.012, 17.979, 17.976, 17.801, 17.485, 17.593, 17.85, 17.922, 17.799, 18.033, 18.37, 19.051, 20.167, 22.026, 22.961, 21.583, 21.362, 21.31, 21.055, 21.391, 22.21, 22.051, 21.771, 21.687, 21.403, 21.577], [15.636, 15.424, 14.525, 13.254, 12.044, 10.567, 7.929, 5.903, 5.057, 4.668, 4.058, 2.276, 0.0, 2.226, 5.632, 7.566, 7.298, 7.841, 9.558, 10.6, 10.844, 11.108, 11.638, 12.858, 13.718, 13.771, 14.564, 15.555, 15.802, 16.005, 16.314, 16.424, 16.276, 16.372, 16.808, 17.679, 18.224, 18.238, 17.989, 17.984, 18.747, 19.334, 19.364, 19.161, 19.187, 19.753, 20.114, 20.054, 20.301, 20.674, 20.609, 19.979, 19.219, 18.607, 18.384, 18.459, 18.31, 18.22, 18.31, 18.186, 18.11, 18.07, 18.059, 17.89, 17.576, 17.651, 17.897, 17.967, 17.847, 18.147, 18.476, 19.14, 20.277, 22.108, 22.951, 21.476, 21.245, 21.191, 20.939, 21.286, 22.104, 21.951, 21.689, 21.598, 21.312, 21.51], [15.482, 15.27, 14.414, 13.212, 12.005, 10.525, 8.076, 6.448, 5.823, 5.486, 4.982, 3.626, 2.226, 0.0, 4.008, 6.288, 6.256, 7.05, 8.93, 10.073, 10.395, 10.813, 11.442, 12.682, 13.551, 13.62, 14.462, 15.456, 15.687, 15.858, 16.163, 16.298, 16.164, 16.259, 16.694, 17.558, 18.112, 18.137, 17.867, 17.871, 18.671, 19.287, 19.328, 19.086, 19.073, 19.636, 20.018, 19.981, 20.3, 20.723, 20.676, 20.051, 19.305, 18.732, 18.52, 18.589, 18.433, 18.339, 18.421, 18.294, 18.226, 18.191, 18.175, 18.01, 17.652, 17.714, 17.964, 18.023, 17.909, 18.201, 18.522, 19.187, 20.316, 22.13, 22.935, 21.425, 21.175, 21.119, 20.866, 21.204, 22.009, 21.861, 21.609, 21.511, 21.235, 21.445], [15.037, 14.796, 13.959, 12.855, 11.785, 10.568, 8.744, 7.96, 7.754, 7.518, 7.255, 6.338, 5.632, 4.008, 0.0, 2.88, 4.125, 6.035, 8.295, 9.629, 10.23, 11.038, 11.804, 12.867, 13.6, 13.623, 14.476, 15.418, 15.689, 16.029, 16.473, 16.631, 16.48, 16.564, 17.042, 17.958, 18.544, 18.569, 18.237, 18.215, 19.056, 19.712, 19.773, 19.466, 19.38, 19.935, 20.296, 20.266, 20.781, 21.33, 21.296, 20.67, 19.94, 19.485, 19.316, 19.355, 19.185, 19.087, 19.158, 19.04, 18.972, 18.924, 18.907, 18.737, 18.301, 18.365, 18.599, 18.627, 18.533, 18.805, 19.186, 19.87, 20.918, 22.742, 23.592, 22.025, 21.708, 21.656, 21.421, 21.729, 22.502, 22.37, 22.134, 22.044, 21.792, 21.993], [15.257, 15.001, 14.142, 13.008, 12.029, 11.135, 9.741, 9.256, 9.195, 9.033, 8.864, 8.124, 7.566, 6.288, 2.88, 0.0, 2.875, 5.878, 8.404, 9.815, 10.473, 11.357, 12.171, 13.188, 13.833, 13.813, 14.671, 15.592, 15.921, 16.427, 16.961, 17.125, 16.967, 17.052, 17.559, 18.504, 19.101, 19.117, 18.744, 18.662, 19.471, 20.121, 20.19, 19.881, 19.78, 20.319, 20.665, 20.622, 21.198, 21.814, 21.791, 21.15, 20.37, 19.935, 19.813, 19.861, 19.691, 19.583, 19.651, 19.528, 19.439, 19.375, 19.35, 19.174, 18.704, 18.748, 18.961, 18.999, 18.933, 19.225, 19.614, 20.263, 21.264, 23.119, 24.051, 22.512, 22.171, 22.109, 21.87, 22.16, 22.907, 22.782, 22.547, 22.466, 22.236, 22.441], [15.677, 15.449, 14.558, 13.282, 12.219, 11.369, 9.841, 9.133, 9.055, 8.94, 8.665, 7.796, 7.298, 6.256, 4.125, 2.875, 0.0, 3.905, 7.182, 8.863, 9.629, 10.627, 11.668, 12.907, 13.592, 13.598, 14.494, 15.477, 15.832, 16.269, 16.736, 16.894, 16.75, 16.875, 17.328, 18.184, 18.746, 18.778, 18.409, 18.287, 19.034, 19.65, 19.701, 19.43, 19.421, 20.052, 20.464, 20.38, 20.82, 21.392, 21.413, 20.837, 20.091, 19.668, 19.593, 19.659, 19.448, 19.321, 19.423, 19.28, 19.168, 19.105, 19.071, 18.883, 18.451, 18.489, 18.735, 18.815, 18.689, 18.916, 19.279, 19.929, 20.94, 22.707, 23.562, 22.093, 21.809, 21.733, 21.519, 21.847, 22.597, 22.473, 22.245, 22.173, 21.946, 22.155], [16.218, 15.948, 15.064, 13.796, 12.762, 11.987, 10.464, 9.659, 9.609, 9.493, 9.018, 8.127, 7.841, 7.05, 6.035, 5.878, 3.905, 0.0, 4.091, 6.541, 7.84, 9.189, 10.531, 12.082, 12.884, 12.926, 13.838, 14.89, 15.275, 15.657, 16.117, 16.283, 16.147, 16.291, 16.735, 17.57, 18.096, 18.121, 17.747, 17.615, 18.322, 18.934, 18.97, 18.708, 18.789, 19.524, 20.044, 19.961, 20.305, 20.825, 20.883, 20.458, 19.924, 19.573, 19.475, 19.505, 19.248, 19.113, 19.228, 19.058, 18.953, 18.911, 18.876, 18.707, 18.34, 18.377, 18.634, 18.725, 18.543, 18.603, 18.84, 19.434, 20.382, 21.99, 22.728, 21.348, 21.135, 21.031, 20.821, 21.146, 21.873, 21.756, 21.541, 21.47, 21.243, 21.433], [16.895, 16.561, 15.695, 14.485, 13.535, 12.909, 11.585, 10.914, 10.948, 10.84, 10.319, 9.619, 9.558, 8.93, 8.295, 8.404, 7.182, 4.091, 0.0, 3.362, 5.649, 7.571, 9.263, 11.198, 12.261, 12.337, 13.186, 14.269, 14.67, 15.019, 15.553, 15.751, 15.617, 15.722, 16.146, 17.022, 17.504, 17.487, 17.097, 16.955, 17.633, 18.256, 18.307, 18.044, 18.143, 18.912, 19.518, 19.473, 19.818, 20.358, 20.427, 20.111, 19.895, 19.729, 19.572, 19.53, 19.236, 19.108, 19.187, 18.996, 18.944, 18.947, 18.917, 18.778, 18.442, 18.469, 18.699, 18.794, 18.632, 18.515, 18.549, 18.982, 19.805, 21.291, 21.925, 20.64, 20.495, 20.362, 20.136, 20.421, 21.094, 20.988, 20.781, 20.736, 20.542, 20.723], [17.218, 16.889, 16.062, 14.913, 14.004, 13.436, 12.232, 11.677, 11.741, 11.641, 11.165, 10.602, 10.6, 10.073, 9.629, 9.815, 8.863, 6.541, 3.362, 0.0, 3.205, 6.046, 8.423, 10.787, 11.978, 12.049, 12.82, 13.886, 14.271, 14.588, 15.171, 15.387, 15.243, 15.319, 15.694, 16.569, 17.012, 16.963, 16.555, 16.401, 17.089, 17.725, 17.79, 17.533, 17.634, 18.419, 19.036, 18.979, 19.345, 19.927, 19.988, 19.677, 19.627, 19.68, 19.579, 19.529, 19.229, 19.106, 19.165, 18.984, 18.97, 18.992, 18.964, 18.815, 18.484, 18.5, 18.684, 18.774, 18.656, 18.5, 18.437, 18.766, 19.551, 21.018, 21.603, 20.333, 20.244, 20.101, 19.864, 20.147, 20.806, 20.705, 20.501, 20.491, 20.344, 20.519], [17.26, 16.935, 16.106, 14.956, 14.029, 13.454, 12.272, 11.759, 11.828, 11.717, 11.29, 10.847, 10.844, 10.395, 10.23, 10.473, 9.629, 7.84, 5.649, 3.205, 0.0, 3.667, 6.937, 9.835, 11.115, 11.177, 12.037, 13.133, 13.495, 13.855, 14.495, 14.732, 14.595, 14.664, 15.062, 16.038, 16.51, 16.444, 16.008, 15.765, 16.443, 17.099, 17.162, 16.946, 17.072, 17.849, 18.431, 18.363, 18.734, 19.314, 19.341, 18.942, 18.799, 18.911, 18.951, 19.011, 18.746, 18.623, 18.674, 18.513, 18.527, 18.548, 18.527, 18.365, 18.045, 18.056, 18.193, 18.273, 18.235, 18.17, 18.105, 18.407, 19.22, 20.792, 21.477, 20.238, 20.176, 20.014, 19.739, 20.017, 20.68, 20.559, 20.325, 20.324, 20.192, 20.363], [17.96, 17.603, 16.723, 15.501, 14.509, 13.897, 12.651, 12.018, 12.008, 11.84, 11.434, 11.111, 11.108, 10.813, 11.038, 11.357, 10.627, 9.189, 7.571, 6.046, 3.667, 0.0, 4.116, 7.937, 9.605, 9.68, 10.706, 11.959, 12.346, 12.849, 13.616, 13.89, 13.782, 13.849, 14.349, 15.558, 16.088, 15.981, 15.519, 15.172, 15.79, 16.422, 16.491, 16.369, 16.532, 17.285, 17.86, 17.836, 18.133, 18.606, 18.54, 18.04, 17.806, 17.776, 17.792, 17.95, 17.731, 17.62, 17.657, 17.516, 17.592, 17.639, 17.632, 17.457, 17.172, 17.178, 17.281, 17.377, 17.44, 17.479, 17.407, 17.676, 18.525, 20.31, 21.313, 20.245, 20.209, 20.001, 19.656, 19.9, 20.559, 20.41, 20.124, 20.1, 19.953, 20.111], [19.049, 18.64, 17.696, 16.385, 15.345, 14.698, 13.333, 12.469, 12.356, 12.152, 11.77, 11.568, 11.638, 11.442, 11.804, 12.171, 11.668, 10.531, 9.263, 8.423, 6.937, 4.116, 0.0, 4.757, 7.268, 7.638, 9.058, 10.562, 10.96, 11.667, 12.65, 13.009, 12.975, 13.052, 13.743, 15.247, 15.844, 15.695, 15.214, 14.801, 15.398, 16.032, 16.123, 16.103, 16.293, 16.952, 17.45, 17.496, 17.733, 18.027, 17.812, 17.256, 17.049, 16.798, 16.576, 16.708, 16.552, 16.505, 16.517, 16.431, 16.627, 16.708, 16.721, 16.537, 16.3, 16.345, 16.449, 16.57, 16.75, 16.89, 16.848, 17.103, 17.999, 20.105, 21.551, 20.715, 20.673, 20.42, 19.986, 20.188, 20.871, 20.713, 20.379, 20.321, 20.143, 20.271], [20.318, 19.873, 18.896, 17.532, 16.508, 15.918, 14.516, 13.509, 13.362, 13.179, 12.824, 12.673, 12.858, 12.682, 12.867, 13.188, 12.907, 12.082, 11.198, 10.787, 9.835, 7.937, 4.757, 0.0, 3.541, 4.993, 7.171, 8.926, 9.418, 10.489, 11.813, 12.322, 12.38, 12.507, 13.371, 15.05, 15.688, 15.521, 15.022, 14.52, 15.119, 15.801, 15.901, 15.975, 16.261, 16.864, 17.224, 17.281, 17.531, 17.739, 17.439, 16.863, 16.71, 16.376, 16.035, 16.15, 16.019, 16.077, 16.1, 16.078, 16.409, 16.49, 16.512, 16.334, 16.091, 16.199, 16.338, 16.451, 16.73, 16.98, 17.04, 17.328, 18.232, 20.562, 22.322, 21.665, 21.615, 21.336, 20.836, 21.004, 21.721, 21.558, 21.2, 21.116, 20.909, 21.011], [20.941, 20.496, 19.519, 18.185, 17.213, 16.675, 15.355, 14.386, 14.241, 14.063, 13.721, 13.547, 13.718, 13.551, 13.6, 13.833, 13.592, 12.884, 12.261, 11.978, 11.115, 9.605, 7.268, 3.541, 0.0, 2.961, 6.069, 8.033, 8.931, 10.436, 11.918, 12.476, 12.557, 12.714, 13.608, 15.269, 15.913, 15.758, 15.272, 14.718, 15.249, 15.923, 16.015, 16.141, 16.508, 17.121, 17.428, 17.457, 17.736, 18.005, 17.764, 17.22, 17.022, 16.715, 16.477, 16.657, 16.524, 16.575, 16.643, 16.637, 16.949, 17.013, 17.038, 16.859, 16.574, 16.664, 16.793, 16.879, 17.175, 17.472, 17.583, 17.915, 18.821, 21.124, 22.893, 22.23, 22.18, 21.908, 21.412, 21.564, 22.286, 22.131, 21.787, 21.686, 21.461, 21.55], [20.751, 20.295, 19.314, 18.023, 17.081, 16.515, 15.277, 14.451, 14.316, 14.112, 13.774, 13.613, 13.771, 13.62, 13.623, 13.813, 13.598, 12.926, 12.337, 12.049, 11.177, 9.68, 7.638, 4.993, 2.961, 0.0, 3.933, 6.46, 7.912, 9.919, 11.521, 12.059, 12.11, 12.261, 13.243, 15.035, 15.737, 15.577, 15.065, 14.494, 14.978, 15.612, 15.697, 15.807, 16.161, 16.796, 17.154, 17.182, 17.519, 17.893, 17.687, 17.121, 16.85, 16.535, 16.312, 16.515, 16.408, 16.442, 16.548, 16.618, 16.931, 16.993, 17.035, 16.864, 16.536, 16.58, 16.704, 16.791, 17.105, 17.413, 17.531, 17.942, 18.928, 21.249, 22.99, 22.245, 22.147, 21.887, 21.406, 21.545, 22.261, 22.107, 21.773, 21.667, 21.442, 21.544], [20.857, 20.407, 19.493, 18.361, 17.494, 16.881, 15.828, 15.259, 15.115, 14.858, 14.523, 14.384, 14.564, 14.462, 14.476, 14.671, 14.494, 13.838, 13.186, 12.82, 12.037, 10.706, 9.058, 7.171, 6.069, 3.933, 0.0, 3.22, 5.755, 8.646, 10.608, 11.228, 11.327, 11.517, 12.574, 14.436, 15.156, 14.975, 14.445, 13.908, 14.378, 14.947, 15.017, 15.106, 15.431, 16.126, 16.618, 16.673, 17.092, 17.617, 17.461, 16.945, 16.698, 16.423, 16.18, 16.379, 16.285, 16.341, 16.486, 16.632, 17.024, 17.109, 17.173, 17.037, 16.646, 16.626, 16.755, 16.861, 17.18, 17.455, 17.602, 18.131, 19.144, 21.383, 23.044, 22.206, 22.044, 21.802, 21.332, 21.435, 22.109, 21.953, 21.634, 21.514, 21.304, 21.412], [21.082, 20.64, 19.798, 18.815, 18.008, 17.371, 16.511, 16.175, 16.037, 15.748, 15.45, 15.355, 15.555, 15.456, 15.418, 15.592, 15.477, 14.89, 14.269, 13.886, 13.133, 11.959, 10.562, 8.926, 8.033, 6.46, 3.22, 0.0, 3.627, 7.44, 9.801, 10.533, 10.723, 10.977, 12.119, 14.083, 14.851, 14.664, 14.146, 13.657, 14.185, 14.772, 14.842, 14.884, 15.131, 15.815, 16.343, 16.441, 16.998, 17.661, 17.56, 17.108, 16.88, 16.644, 16.393, 16.589, 16.51, 16.591, 16.745, 16.893, 17.316, 17.418, 17.497, 17.399, 16.968, 16.928, 17.038, 17.13, 17.483, 17.764, 17.954, 18.575, 19.612, 21.827, 23.434, 22.505, 22.292, 22.074, 21.614, 21.683, 22.313, 22.147, 21.83, 21.698, 21.498, 21.603], [20.985, 20.559, 19.795, 18.921, 18.093, 17.353, 16.561, 16.356, 16.225, 15.927, 15.67, 15.607, 15.802, 15.687, 15.689, 15.921, 15.832, 15.275, 14.67, 14.271, 13.495, 12.346, 10.96, 9.418, 8.931, 7.912, 5.755, 3.627, 0.0, 4.603, 7.611, 8.584, 8.869, 9.168, 10.483, 12.702, 13.574, 13.418, 12.956, 12.612, 13.388, 14.139, 14.226, 14.144, 14.236, 14.864, 15.387, 15.536, 16.265, 17.073, 17.027, 16.633, 16.472, 16.298, 16.054, 16.241, 16.19, 16.32, 16.462, 16.603, 17.073, 17.163, 17.263, 17.213, 16.79, 16.783, 16.893, 16.958, 17.352, 17.682, 17.87, 18.507, 19.598, 21.893, 23.458, 22.392, 22.111, 21.917, 21.47, 21.537, 22.15, 21.96, 21.626, 21.489, 21.303, 21.429], [21.245, 20.872, 20.219, 19.441, 18.577, 17.682, 16.818, 16.61, 16.473, 16.211, 15.967, 15.863, 16.005, 15.858, 16.029, 16.427, 16.269, 15.657, 15.019, 14.588, 13.855, 12.849, 11.667, 10.489, 10.436, 9.919, 8.646, 7.44, 4.603, 0.0, 3.71, 5.251, 5.831, 6.263, 7.543, 9.842, 10.786, 10.735, 10.484, 10.539, 11.7, 12.638, 12.704, 12.417, 12.324, 12.927, 13.588, 13.811, 14.625, 15.633, 15.783, 15.624, 15.752, 15.818, 15.737, 15.987, 15.937, 16.076, 16.207, 16.316, 16.831, 16.938, 17.058, 17.105, 16.805, 16.824, 16.936, 17.013, 17.382, 17.708, 17.813, 18.375, 19.445, 21.608, 22.922, 21.667, 21.304, 21.143, 20.768, 20.881, 21.467, 21.257, 20.935, 20.801, 20.636, 20.781], [21.619, 21.297, 20.696, 19.954, 19.083, 18.126, 17.218, 16.973, 16.843, 16.629, 16.392, 16.233, 16.314, 16.163, 16.473, 16.961, 16.736, 16.117, 15.553, 15.171, 14.495, 13.616, 12.65, 11.813, 11.918, 11.521, 10.608, 9.801, 7.611, 3.71, 0.0, 2.212, 3.46, 4.225, 5.418, 7.709, 8.744, 8.755, 8.726, 9.129, 10.463, 11.468, 11.501, 11.069, 10.917, 11.628, 12.483, 12.751, 13.535, 14.664, 14.99, 15.0, 15.272, 15.503, 15.609, 15.956, 15.91, 16.025, 16.16, 16.238, 16.733, 16.862, 16.994, 17.137, 17.037, 17.09, 17.184, 17.271, 17.6, 17.921, 17.953, 18.46, 19.465, 21.459, 22.563, 21.169, 20.748, 20.629, 20.344, 20.501, 21.05, 20.811, 20.501, 20.368, 20.231, 20.397], [21.646, 21.342, 20.75, 20.023, 19.172, 18.227, 17.334, 17.099, 16.984, 16.783, 16.541, 16.358, 16.424, 16.298, 16.631, 17.125, 16.894, 16.283, 15.751, 15.387, 14.732, 13.89, 13.009, 12.322, 12.476, 12.059, 11.228, 10.533, 8.584, 5.251, 2.212, 0.0, 1.837, 3.02, 4.5, 7.017, 8.129, 8.064, 7.992, 8.475, 9.868, 10.931, 10.969, 10.499, 10.399, 11.271, 12.226, 12.496, 13.3, 14.504, 14.865, 14.875, 15.119, 15.367, 15.518, 15.906, 15.871, 15.967, 16.11, 16.196, 16.692, 16.829, 16.967, 17.129, 17.115, 17.236, 17.338, 17.421, 17.728, 18.037, 18.04, 18.506, 19.444, 21.371, 22.435, 20.997, 20.557, 20.452, 20.193, 20.35, 20.879, 20.622, 20.31, 20.17, 20.035, 20.2], [21.47, 21.171, 20.58, 19.842, 18.988, 18.063, 17.177, 16.95, 16.855, 16.66, 16.421, 16.22, 16.276, 16.164, 16.48, 16.967, 16.75, 16.147, 15.617, 15.243, 14.595, 13.782, 12.975, 12.38, 12.557, 12.11, 11.327, 10.723, 8.869, 5.831, 3.46, 1.837, 0.0, 1.742, 3.778, 6.535, 7.708, 7.606, 7.418, 7.883, 9.369, 10.526, 10.601, 10.094, 10.001, 10.968, 11.976, 12.235, 13.094, 14.372, 14.747, 14.717, 14.924, 15.184, 15.352, 15.751, 15.725, 15.817, 15.968, 16.068, 16.571, 16.696, 16.825, 16.973, 16.936, 17.098, 17.269, 17.373, 17.671, 17.987, 17.977, 18.404, 19.308, 21.217, 22.29, 20.855, 20.424, 20.302, 20.024, 20.173, 20.708, 20.455, 20.144, 20.009, 19.868, 20.033], [21.538, 21.237, 20.649, 19.897, 19.027, 18.104, 17.226, 16.991, 16.905, 16.718, 16.493, 16.312, 16.372, 16.259, 16.564, 17.052, 16.875, 16.291, 15.722, 15.319, 14.664, 13.849, 13.052, 12.507, 12.714, 12.261, 11.517, 10.977, 9.168, 6.263, 4.225, 3.02, 1.742, 0.0, 2.752, 5.959, 7.205, 7.117, 6.981, 7.518, 9.015, 10.215, 10.334, 9.815, 9.672, 10.614, 11.636, 11.901, 12.815, 14.147, 14.533, 14.526, 14.799, 15.091, 15.277, 15.689, 15.674, 15.772, 15.908, 16.031, 16.571, 16.701, 16.828, 16.965, 16.903, 17.06, 17.248, 17.37, 17.677, 17.984, 17.947, 18.316, 19.177, 21.085, 22.155, 20.699, 20.265, 20.149, 19.869, 20.012, 20.561, 20.318, 20.011, 19.885, 19.749, 19.908], [21.979, 21.71, 21.153, 20.43, 19.564, 18.614, 17.719, 17.449, 17.355, 17.193, 16.966, 16.761, 16.808, 16.694, 17.042, 17.559, 17.328, 16.735, 16.146, 15.694, 15.062, 14.349, 13.743, 13.371, 13.608, 13.243, 12.574, 12.119, 10.483, 7.543, 5.418, 4.5, 3.778, 2.752, 0.0, 3.677, 5.199, 5.314, 5.699, 6.813, 8.433, 9.665, 9.832, 9.317, 9.137, 10.069, 11.148, 11.355, 12.157, 13.584, 14.142, 14.255, 14.653, 15.143, 15.521, 16.027, 16.003, 16.074, 16.197, 16.31, 16.865, 17.014, 17.13, 17.285, 17.272, 17.412, 17.601, 17.738, 18.059, 18.353, 18.263, 18.54, 19.294, 21.037, 21.946, 20.41, 19.948, 19.832, 19.591, 19.775, 20.341, 20.132, 19.861, 19.745, 19.621, 19.766], [22.709, 22.509, 22.031, 21.393, 20.57, 19.605, 18.724, 18.436, 18.346, 18.22, 17.989, 17.701, 17.679, 17.558, 17.958, 18.504, 18.184, 17.57, 17.022, 16.569, 16.038, 15.558, 15.247, 15.05, 15.269, 15.035, 14.436, 14.083, 12.702, 9.842, 7.709, 7.017, 6.535, 5.959, 3.677, 0.0, 2.061, 2.908, 4.443, 6.513, 8.256, 9.466, 9.682, 9.155, 8.865, 9.78, 10.973, 11.106, 11.726, 13.266, 14.096, 14.386, 14.867, 15.603, 16.272, 16.909, 16.873, 16.905, 17.023, 17.087, 17.613, 17.768, 17.863, 18.042, 18.099, 18.215, 18.431, 18.592, 18.867, 19.156, 19.012, 19.167, 19.742, 21.122, 21.691, 20.062, 19.579, 19.46, 19.309, 19.557, 20.107, 19.946, 19.737, 19.63, 19.538, 19.701], [23.163, 22.988, 22.546, 21.915, 21.104, 20.163, 19.281, 18.97, 18.898, 18.79, 18.543, 18.244, 18.224, 18.112, 18.544, 19.101, 18.746, 18.096, 17.504, 17.012, 16.51, 16.088, 15.844, 15.688, 15.913, 15.737, 15.156, 14.851, 13.574, 10.786, 8.744, 8.129, 7.708, 7.205, 5.199, 2.061, 0.0, 1.717, 3.989, 6.303, 8.061, 9.267, 9.497, 9.049, 8.867, 9.772, 10.94, 11.058, 11.574, 13.059, 13.923, 14.312, 14.958, 15.784, 16.497, 17.165, 17.121, 17.144, 17.255, 17.303, 17.844, 18.024, 18.114, 18.284, 18.354, 18.471, 18.696, 18.864, 19.083, 19.33, 19.143, 19.209, 19.676, 20.874, 21.307, 19.755, 19.328, 19.198, 19.071, 19.343, 19.882, 19.747, 19.545, 19.454, 19.398, 19.566], [23.149, 22.967, 22.512, 21.872, 21.083, 20.175, 19.296, 18.986, 18.917, 18.792, 18.528, 18.241, 18.238, 18.137, 18.569, 19.117, 18.778, 18.121, 17.487, 16.963, 16.444, 15.981, 15.695, 15.521, 15.758, 15.577, 14.975, 14.664, 13.418, 10.735, 8.755, 8.064, 7.606, 7.117, 5.314, 2.908, 1.717, 0.0, 2.815, 5.408, 7.321, 8.623, 8.868, 8.453, 8.388, 9.363, 10.501, 10.605, 11.123, 12.638, 13.495, 13.879, 14.581, 15.423, 16.094, 16.757, 16.721, 16.745, 16.857, 16.904, 17.455, 17.645, 17.741, 17.937, 18.045, 18.193, 18.411, 18.572, 18.794, 19.045, 18.853, 18.965, 19.476, 20.717, 21.219, 19.731, 19.334, 19.206, 19.056, 19.313, 19.859, 19.718, 19.493, 19.41, 19.362, 19.521], [22.922, 22.729, 22.237, 21.549, 20.797, 19.964, 19.069, 18.761, 18.695, 18.567, 18.287, 17.983, 17.989, 17.867, 18.237, 18.744, 18.409, 17.747, 17.097, 16.555, 16.008, 15.519, 15.214, 15.022, 15.272, 15.065, 14.445, 14.146, 12.956, 10.484, 8.726, 7.992, 7.418, 6.981, 5.699, 4.443, 3.989, 2.815, 0.0, 3.285, 5.888, 7.475, 7.738, 7.196, 7.231, 8.554, 9.803, 9.9, 10.539, 12.137, 12.987, 13.349, 14.063, 14.894, 15.493, 16.123, 16.067, 16.1, 16.232, 16.274, 16.847, 17.047, 17.143, 17.348, 17.447, 17.634, 17.888, 18.057, 18.29, 18.564, 18.377, 18.561, 19.157, 20.48, 21.085, 19.725, 19.402, 19.241, 19.043, 19.289, 19.84, 19.691, 19.439, 19.36, 19.303, 19.462], [22.952, 22.742, 22.148, 21.284, 20.532, 19.875, 18.983, 18.639, 18.603, 18.478, 18.184, 17.907, 17.984, 17.871, 18.215, 18.662, 18.287, 17.615, 16.955, 16.401, 15.765, 15.172, 14.801, 14.52, 14.718, 14.494, 13.908, 13.657, 12.612, 10.539, 9.129, 8.475, 7.883, 7.518, 6.813, 6.513, 6.303, 5.408, 3.285, 0.0, 3.402, 5.47, 5.849, 5.622, 6.386, 8.284, 9.602, 9.683, 10.204, 11.606, 12.387, 12.767, 13.545, 14.33, 14.857, 15.438, 15.313, 15.351, 15.515, 15.576, 16.197, 16.414, 16.501, 16.657, 16.734, 16.951, 17.234, 17.429, 17.662, 17.904, 17.684, 17.843, 18.434, 19.803, 20.567, 19.497, 19.358, 19.14, 18.847, 19.081, 19.646, 19.499, 19.22, 19.159, 19.094, 19.247], [23.623, 23.418, 22.765, 21.781, 21.025, 20.493, 19.676, 19.329, 19.3, 19.186, 18.892, 18.633, 18.747, 18.671, 19.056, 19.471, 19.034, 18.322, 17.633, 17.089, 16.443, 15.79, 15.398, 15.119, 15.249, 14.978, 14.378, 14.185, 13.388, 11.7, 10.463, 9.868, 9.369, 9.015, 8.433, 8.256, 8.061, 7.321, 5.888, 3.402, 0.0, 2.51, 3.377, 4.161, 6.136, 8.732, 10.267, 10.32, 10.507, 11.639, 12.402, 12.908, 13.788, 14.538, 15.056, 15.623, 15.434, 15.451, 15.654, 15.729, 16.361, 16.611, 16.695, 16.817, 16.944, 17.142, 17.414, 17.654, 17.858, 18.011, 17.695, 17.749, 18.209, 19.366, 20.098, 19.281, 19.333, 19.104, 18.791, 18.989, 19.509, 19.369, 19.11, 19.051, 18.98, 19.133], [24.183, 23.989, 23.324, 22.309, 21.553, 21.05, 20.248, 19.9, 19.875, 19.768, 19.483, 19.221, 19.334, 19.287, 19.712, 20.121, 19.65, 18.934, 18.256, 17.725, 17.099, 16.422, 16.032, 15.801, 15.923, 15.612, 14.947, 14.772, 14.139, 12.638, 11.468, 10.931, 10.526, 10.215, 9.665, 9.466, 9.267, 8.623, 7.475, 5.47, 2.51, 0.0, 1.674, 3.686, 6.321, 9.288, 11.017, 11.031, 10.955, 11.868, 12.588, 13.172, 14.123, 14.867, 15.388, 15.96, 15.741, 15.738, 15.959, 16.046, 16.691, 16.981, 17.074, 17.194, 17.365, 17.53, 17.78, 18.039, 18.206, 18.295, 17.927, 17.912, 18.293, 19.272, 19.936, 19.282, 19.461, 19.242, 18.95, 19.125, 19.586, 19.444, 19.207, 19.13, 19.041, 19.193], [24.199, 24.007, 23.341, 22.316, 21.558, 21.065, 20.251, 19.899, 19.893, 19.793, 19.501, 19.244, 19.364, 19.328, 19.773, 20.19, 19.701, 18.97, 18.307, 17.79, 17.162, 16.491, 16.123, 15.901, 16.015, 15.697, 15.017, 14.842, 14.226, 12.704, 11.501, 10.969, 10.601, 10.334, 9.832, 9.682, 9.497, 8.868, 7.738, 5.849, 3.377, 1.674, 0.0, 2.833, 5.9, 9.0, 10.816, 10.819, 10.647, 11.513, 12.253, 12.9, 13.917, 14.724, 15.298, 15.892, 15.673, 15.665, 15.897, 15.991, 16.645, 16.93, 17.03, 17.171, 17.369, 17.534, 17.766, 18.022, 18.187, 18.279, 17.917, 17.919, 18.321, 19.287, 19.925, 19.282, 19.496, 19.307, 19.042, 19.222, 19.661, 19.483, 19.234, 19.161, 19.073, 19.214], [23.634, 23.442, 22.831, 21.912, 21.178, 20.656, 19.943, 19.715, 19.715, 19.619, 19.335, 19.064, 19.161, 19.086, 19.466, 19.881, 19.43, 18.708, 18.044, 17.533, 16.946, 16.369, 16.103, 15.975, 16.141, 15.807, 15.106, 14.884, 14.144, 12.417, 11.069, 10.499, 10.094, 9.815, 9.317, 9.155, 9.049, 8.453, 7.196, 5.622, 4.161, 3.686, 2.833, 0.0, 3.634, 7.361, 9.494, 9.588, 9.759, 11.052, 12.038, 12.746, 13.755, 14.692, 15.335, 15.944, 15.754, 15.748, 15.965, 16.038, 16.644, 16.866, 16.968, 17.157, 17.309, 17.469, 17.71, 17.965, 18.159, 18.302, 17.977, 18.07, 18.566, 19.586, 20.111, 19.192, 19.292, 19.203, 19.008, 19.19, 19.604, 19.381, 19.119, 19.065, 19.011, 19.194], [23.023, 22.832, 22.309, 21.559, 20.871, 20.296, 19.747, 19.708, 19.717, 19.602, 19.373, 19.137, 19.187, 19.073, 19.38, 19.78, 19.421, 18.789, 18.143, 17.634, 17.072, 16.532, 16.293, 16.261, 16.508, 16.161, 15.431, 15.131, 14.236, 12.324, 10.917, 10.399, 10.001, 9.672, 9.137, 8.865, 8.867, 8.388, 7.231, 6.386, 6.136, 6.321, 5.9, 3.634, 0.0, 4.521, 7.261, 7.589, 8.425, 10.407, 11.638, 12.398, 13.385, 14.542, 15.342, 16.043, 15.984, 15.99, 16.131, 16.194, 16.77, 16.951, 17.062, 17.292, 17.382, 17.508, 17.726, 17.953, 18.218, 18.489, 18.26, 18.461, 19.048, 20.199, 20.695, 19.326, 19.154, 19.177, 19.085, 19.282, 19.68, 19.428, 19.178, 19.15, 19.134, 19.376], [22.957, 22.751, 22.289, 21.633, 20.99, 20.421, 19.967, 20.022, 20.053, 19.922, 19.746, 19.659, 19.753, 19.636, 19.935, 20.319, 20.052, 19.524, 18.912, 18.419, 17.849, 17.285, 16.952, 16.864, 17.121, 16.796, 16.126, 15.815, 14.864, 12.927, 11.628, 11.271, 10.968, 10.614, 10.069, 9.78, 9.772, 9.363, 8.554, 8.284, 8.732, 9.288, 9.0, 7.361, 4.521, 0.0, 3.492, 4.486, 6.216, 9.001, 10.425, 11.299, 12.593, 14.19, 15.273, 16.144, 16.31, 16.392, 16.452, 16.566, 17.151, 17.305, 17.419, 17.692, 17.783, 17.902, 18.061, 18.229, 18.595, 18.977, 18.861, 19.136, 19.722, 21.001, 21.654, 19.999, 19.508, 19.604, 19.56, 19.804, 20.241, 19.975, 19.74, 19.787, 19.832, 20.07], [23.109, 22.891, 22.433, 21.771, 21.136, 20.603, 20.159, 20.204, 20.247, 20.122, 19.97, 19.959, 20.114, 20.018, 20.296, 20.665, 20.464, 20.044, 19.518, 19.036, 18.431, 17.86, 17.45, 17.224, 17.428, 17.154, 16.618, 16.343, 15.387, 13.588, 12.483, 12.226, 11.976, 11.636, 11.148, 10.973, 10.94, 10.501, 9.803, 9.602, 10.267, 11.017, 10.816, 9.494, 7.261, 3.492, 0.0, 2.094, 4.962, 8.113, 9.55, 10.384, 11.889, 13.789, 15.021, 15.953, 16.209, 16.339, 16.373, 16.528, 17.13, 17.269, 17.387, 17.665, 17.783, 17.954, 18.081, 18.203, 18.625, 19.064, 19.045, 19.416, 20.041, 21.447, 22.247, 20.58, 20.002, 20.113, 20.057, 20.367, 20.947, 20.707, 20.454, 20.564, 20.648, 20.849], [23.209, 23.002, 22.533, 21.839, 21.181, 20.65, 20.172, 20.175, 20.219, 20.107, 19.95, 19.906, 20.054, 19.981, 20.266, 20.622, 20.38, 19.961, 19.473, 18.979, 18.363, 17.836, 17.496, 17.281, 17.457, 17.182, 16.673, 16.441, 15.536, 13.811, 12.751, 12.496, 12.235, 11.901, 11.355, 11.106, 11.058, 10.605, 9.9, 9.683, 10.32, 11.031, 10.819, 9.588, 7.589, 4.486, 2.094, 0.0, 3.85, 7.36, 8.915, 9.777, 11.32, 13.404, 14.774, 15.732, 15.97, 16.089, 16.14, 16.311, 16.907, 17.032, 17.151, 17.439, 17.618, 17.831, 17.962, 18.08, 18.494, 18.943, 18.938, 19.335, 20.0, 21.42, 22.183, 20.516, 19.977, 20.081, 20.026, 20.372, 21.005, 20.796, 20.547, 20.676, 20.774, 20.975], [24.193, 23.988, 23.436, 22.584, 21.866, 21.347, 20.682, 20.474, 20.494, 20.407, 20.221, 20.148, 20.301, 20.3, 20.781, 21.198, 20.82, 20.305, 19.818, 19.345, 18.734, 18.133, 17.733, 17.531, 17.736, 17.519, 17.092, 16.998, 16.265, 14.625, 13.535, 13.3, 13.094, 12.815, 12.157, 11.726, 11.574, 11.123, 10.539, 10.204, 10.507, 10.955, 10.647, 9.759, 8.425, 6.216, 4.962, 3.85, 0.0, 4.212, 6.516, 7.952, 10.106, 12.448, 14.046, 15.183, 15.472, 15.591, 15.688, 15.914, 16.544, 16.683, 16.804, 17.145, 17.522, 17.752, 17.906, 18.058, 18.425, 18.826, 18.743, 19.037, 19.679, 21.002, 21.811, 20.492, 20.154, 20.186, 20.109, 20.5, 21.132, 20.929, 20.706, 20.857, 20.957, 21.125], [25.076, 24.864, 24.245, 23.254, 22.487, 21.999, 21.178, 20.787, 20.809, 20.758, 20.562, 20.492, 20.674, 20.723, 21.33, 21.814, 21.392, 20.825, 20.358, 19.927, 19.314, 18.606, 18.027, 17.739, 18.005, 17.893, 17.617, 17.661, 17.073, 15.633, 14.664, 14.504, 14.372, 14.147, 13.584, 13.266, 13.059, 12.638, 12.137, 11.606, 11.639, 11.868, 11.513, 11.052, 10.407, 9.001, 8.113, 7.36, 4.212, 0.0, 3.327, 5.878, 9.163, 11.635, 13.219, 14.393, 14.696, 14.857, 14.983, 15.262, 15.987, 16.201, 16.305, 16.662, 17.246, 17.499, 17.641, 17.795, 18.139, 18.509, 18.377, 18.575, 19.193, 20.489, 21.486, 20.631, 20.554, 20.52, 20.4, 20.839, 21.506, 21.308, 21.076, 21.276, 21.374, 21.488], [25.157, 24.933, 24.289, 23.241, 22.446, 21.969, 21.091, 20.645, 20.68, 20.633, 20.441, 20.405, 20.609, 20.676, 21.296, 21.791, 21.413, 20.883, 20.427, 19.988, 19.341, 18.54, 17.812, 17.439, 17.764, 17.687, 17.461, 17.56, 17.027, 15.783, 14.99, 14.865, 14.747, 14.533, 14.142, 14.096, 13.923, 13.495, 12.987, 12.387, 12.402, 12.588, 12.253, 12.038, 11.638, 10.425, 9.55, 8.915, 6.516, 3.327, 0.0, 3.76, 8.187, 10.897, 12.456, 13.652, 13.964, 14.154, 14.276, 14.607, 15.451, 15.778, 15.885, 16.194, 16.828, 17.106, 17.204, 17.335, 17.691, 18.079, 17.956, 18.105, 18.707, 20.12, 21.373, 20.699, 20.692, 20.638, 20.492, 20.939, 21.638, 21.428, 21.148, 21.346, 21.449, 21.529], [24.533, 24.3, 23.656, 22.586, 21.75, 21.263, 20.372, 19.941, 19.998, 19.945, 19.775, 19.78, 19.979, 20.051, 20.67, 21.15, 20.837, 20.458, 20.111, 19.677, 18.942, 18.04, 17.256, 16.863, 17.22, 17.121, 16.945, 17.108, 16.633, 15.624, 15.0, 14.875, 14.717, 14.526, 14.255, 14.386, 14.312, 13.879, 13.349, 12.767, 12.908, 13.172, 12.9, 12.746, 12.398, 11.299, 10.384, 9.777, 7.952, 5.878, 3.76, 0.0, 5.395, 8.868, 10.922, 12.404, 12.779, 12.97, 13.122, 13.518, 14.428, 14.811, 14.904, 15.198, 15.846, 16.176, 16.291, 16.411, 16.856, 17.461, 17.459, 17.706, 18.433, 20.143, 21.661, 20.973, 20.932, 20.876, 20.675, 21.126, 21.886, 21.644, 21.291, 21.465, 21.569, 21.713], [23.667, 23.447, 22.826, 21.796, 20.941, 20.423, 19.576, 19.192, 19.252, 19.18, 19.053, 19.077, 19.219, 19.305, 19.94, 20.37, 20.091, 19.924, 19.895, 19.627, 18.799, 17.806, 17.049, 16.71, 17.022, 16.85, 16.698, 16.88, 16.472, 15.752, 15.272, 15.119, 14.924, 14.799, 14.653, 14.867, 14.958, 14.581, 14.063, 13.545, 13.788, 14.123, 13.917, 13.755, 13.385, 12.593, 11.889, 11.32, 10.106, 9.163, 8.187, 5.395, 0.0, 4.966, 8.597, 10.869, 11.428, 11.559, 11.746, 12.203, 13.153, 13.532, 13.637, 13.992, 14.673, 15.034, 15.176, 15.252, 15.811, 16.81, 17.026, 17.6, 18.646, 20.656, 22.318, 21.455, 21.298, 21.282, 21.077, 21.509, 22.332, 22.069, 21.648, 21.755, 21.805, 22.03], [23.496, 23.263, 22.605, 21.517, 20.628, 20.072, 19.112, 18.621, 18.655, 18.587, 18.459, 18.485, 18.607, 18.732, 19.485, 19.935, 19.668, 19.573, 19.729, 19.68, 18.911, 17.776, 16.798, 16.376, 16.715, 16.535, 16.423, 16.644, 16.298, 15.818, 15.503, 15.367, 15.184, 15.091, 15.143, 15.603, 15.784, 15.423, 14.894, 14.33, 14.538, 14.867, 14.724, 14.692, 14.542, 14.19, 13.789, 13.404, 12.448, 11.635, 10.897, 8.868, 4.966, 0.0, 4.937, 8.14, 9.025, 9.175, 9.396, 9.966, 11.098, 11.562, 11.714, 12.085, 12.787, 13.184, 13.394, 13.495, 14.088, 15.305, 15.636, 16.559, 18.059, 20.388, 22.258, 21.527, 21.42, 21.353, 21.089, 21.486, 22.384, 22.162, 21.704, 21.727, 21.687, 21.91], [23.541, 23.288, 22.616, 21.494, 20.56, 19.981, 18.957, 18.407, 18.426, 18.366, 18.212, 18.236, 18.384, 18.52, 19.316, 19.813, 19.593, 19.475, 19.572, 19.579, 18.951, 17.792, 16.576, 16.035, 16.477, 16.312, 16.18, 16.393, 16.054, 15.737, 15.609, 15.518, 15.352, 15.277, 15.521, 16.272, 16.497, 16.094, 15.493, 14.857, 15.056, 15.388, 15.298, 15.335, 15.342, 15.273, 15.021, 14.774, 14.046, 13.219, 12.456, 10.922, 8.597, 4.937, 0.0, 3.932, 5.442, 5.85, 6.176, 7.131, 8.742, 9.422, 9.652, 10.012, 10.725, 11.219, 11.536, 11.726, 12.302, 13.482, 13.888, 15.195, 17.183, 19.934, 22.137, 21.63, 21.592, 21.457, 21.113, 21.467, 22.42, 22.263, 21.782, 21.775, 21.701, 21.899], [23.658, 23.404, 22.747, 21.636, 20.683, 20.096, 19.091, 18.538, 18.552, 18.5, 18.328, 18.313, 18.459, 18.589, 19.355, 19.861, 19.659, 19.505, 19.53, 19.529, 19.011, 17.95, 16.708, 16.15, 16.657, 16.515, 16.379, 16.589, 16.241, 15.987, 15.956, 15.906, 15.751, 15.689, 16.027, 16.909, 17.165, 16.757, 16.123, 15.438, 15.623, 15.96, 15.892, 15.944, 16.043, 16.144, 15.953, 15.732, 15.183, 14.393, 13.652, 12.404, 10.869, 8.14, 3.932, 0.0, 2.554, 3.572, 4.079, 5.5, 7.458, 8.256, 8.523, 8.874, 9.651, 10.276, 10.723, 11.011, 11.513, 12.549, 13.099, 14.706, 16.953, 19.927, 22.225, 21.756, 21.747, 21.609, 21.243, 21.59, 22.56, 22.439, 21.955, 21.992, 21.942, 22.131], [23.69, 23.437, 22.766, 21.625, 20.655, 20.073, 19.035, 18.438, 18.456, 18.42, 18.229, 18.165, 18.31, 18.433, 19.185, 19.691, 19.448, 19.248, 19.236, 19.229, 18.746, 17.731, 16.552, 16.019, 16.524, 16.408, 16.285, 16.51, 16.19, 15.937, 15.91, 15.871, 15.725, 15.674, 16.003, 16.873, 17.121, 16.721, 16.067, 15.313, 15.434, 15.741, 15.673, 15.754, 15.984, 16.31, 16.209, 15.97, 15.472, 14.696, 13.964, 12.779, 11.428, 9.025, 5.442, 2.554, 0.0, 1.873, 2.836, 4.413, 6.651, 7.617, 7.879, 8.183, 9.036, 9.721, 10.248, 10.629, 11.057, 12.015, 12.634, 14.376, 16.677, 19.641, 21.865, 21.44, 21.474, 21.334, 20.97, 21.327, 22.297, 22.176, 21.683, 21.762, 21.737, 21.921], [23.627, 23.376, 22.708, 21.561, 20.59, 20.023, 18.976, 18.366, 18.387, 18.351, 18.162, 18.089, 18.22, 18.339, 19.087, 19.583, 19.321, 19.113, 19.108, 19.106, 18.623, 17.62, 16.505, 16.077, 16.575, 16.442, 16.341, 16.591, 16.32, 16.076, 16.025, 15.967, 15.817, 15.772, 16.074, 16.905, 17.144, 16.745, 16.1, 15.351, 15.451, 15.738, 15.665, 15.748, 15.99, 16.392, 16.339, 16.089, 15.591, 14.857, 14.154, 12.97, 11.559, 9.175, 5.85, 3.572, 1.873, 0.0, 1.969, 3.912, 6.162, 7.177, 7.468, 7.807, 8.735, 9.468, 10.008, 10.411, 10.82, 11.771, 12.386, 14.182, 16.5, 19.43, 21.611, 21.209, 21.268, 21.126, 20.77, 21.118, 22.091, 21.985, 21.495, 21.584, 21.566, 21.758], [23.591, 23.332, 22.672, 21.536, 20.563, 19.998, 18.969, 18.386, 18.434, 18.41, 18.238, 18.185, 18.31, 18.421, 19.158, 19.651, 19.423, 19.228, 19.187, 19.165, 18.674, 17.657, 16.517, 16.1, 16.643, 16.548, 16.486, 16.745, 16.462, 16.207, 16.16, 16.11, 15.968, 15.908, 16.197, 17.023, 17.255, 16.857, 16.232, 15.515, 15.654, 15.959, 15.897, 15.965, 16.131, 16.452, 16.373, 16.14, 15.688, 14.983, 14.276, 13.122, 11.746, 9.396, 6.176, 4.079, 2.836, 1.969, 0.0, 2.797, 5.532, 6.645, 6.951, 7.354, 8.451, 9.248, 9.762, 10.133, 10.627, 11.64, 12.235, 13.997, 16.293, 19.275, 21.528, 21.114, 21.147, 21.012, 20.659, 20.998, 21.971, 21.869, 21.369, 21.464, 21.466, 21.673], [23.468, 23.22, 22.573, 21.451, 20.487, 19.921, 18.884, 18.299, 18.347, 18.327, 18.143, 18.071, 18.186, 18.294, 19.04, 19.528, 19.28, 19.058, 18.996, 18.984, 18.513, 17.516, 16.431, 16.078, 16.637, 16.618, 16.632, 16.893, 16.603, 16.316, 16.238, 16.196, 16.068, 16.031, 16.31, 17.087, 17.303, 16.904, 16.274, 15.576, 15.729, 16.046, 15.991, 16.038, 16.194, 16.566, 16.528, 16.311, 15.914, 15.262, 14.607, 13.518, 12.203, 9.966, 7.131, 5.5, 4.413, 3.912, 2.797, 0.0, 3.459, 5.067, 5.436, 6.049, 7.555, 8.481, 9.054, 9.462, 9.927, 10.992, 11.642, 13.593, 16.034, 19.06, 21.29, 20.833, 20.862, 20.716, 20.371,