[[0.0, 1.842, 3.334, 5.77, 7.901, 8.453, 8.835, 10.718, 14.568, 18.579, 20.512, 20.897, 22.071, 24.707, 26.36, 26.336, 25.991, 25.885, 26.146, 26.439, 27.004, 27.18, 27.259, 27.419, 27.519, 27.108, 26.588, 26.709, 26.894, 27.286, 27.637, 27.855, 27.887, 27.627, 27.685, 28.009, 28.039, 27.976, 27.943, 27.894, 27.711, 27.294, 27.3, 27.24, 26.848, 27.063, 27.869, 28.22, 28.28, 28.536, 28.666, 28.538, 28.626, 28.697, 28.68, 28.933, 29.194, 29.252, 29.315, 29.623, 29.65, 29.337, 29.17, 29.168, 29.023, 28.831, 28.551, 28.575, 28.955, 29.18, 29.28, 29.109, 28.959, 29.075, 29.123, 29.152, 29.154, 29.138, 29.223, 29.254, 29.115, 29.057, 29.112, 29.143, 29.166, 29.112], [1.842, 0.0, 2.103, 5.081, 7.403, 7.988, 8.373, 10.198, 14.1, 18.174, 20.13, 20.498, 21.653, 24.303, 25.977, 25.963, 25.616, 25.494, 25.764, 26.065, 26.619, 26.802, 26.896, 27.056, 27.15, 26.736, 26.231, 26.377, 26.558, 26.937, 27.284, 27.51, 27.556, 27.288, 27.356, 27.69, 27.718, 27.663, 27.644, 27.609, 27.446, 27.044, 27.047, 26.976, 26.562, 26.746, 27.532, 27.869, 27.924, 28.177, 28.306, 28.186, 28.273, 28.346, 28.335, 28.598, 28.864, 28.918, 28.976, 29.286, 29.317, 29.012, 28.846, 28.838, 28.694, 28.501, 28.213, 28.228, 28.612, 28.836, 28.936, 28.76, 28.593, 28.702, 28.747, 28.768, 28.771, 28.754, 28.832, 28.855, 28.707, 28.642, 28.693, 28.726, 28.749, 28.684], [3.334, 2.103, 0.0, 3.433, 6.109, 6.801, 7.195, 9.091, 13.168, 17.398, 19.419, 19.759, 20.882, 23.595, 25.336, 25.351, 25.01, 24.895, 25.196, 25.517, 26.078, 26.269, 26.373, 26.536, 26.629, 26.211, 25.708, 25.865, 26.046, 26.428, 26.802, 27.062, 27.148, 26.883, 26.948, 27.29, 27.339, 27.33, 27.348, 27.336, 27.194, 26.794, 26.779, 26.688, 26.244, 26.383, 27.15, 27.493, 27.545, 27.792, 27.914, 27.79, 27.876, 27.958, 27.952, 28.214, 28.481, 28.54, 28.598, 28.911, 28.946, 28.643, 28.48, 28.473, 28.328, 28.121, 27.829, 27.864, 28.262, 28.481, 28.58, 28.4, 28.217, 28.319, 28.353, 28.364, 28.372, 28.358, 28.429, 28.443, 28.285, 28.213, 28.268, 28.307, 28.326, 28.256], [5.77, 5.081, 3.433, 0.0, 3.117, 4.15, 4.68, 6.944, 11.441, 15.896, 18.002, 18.358, 19.521, 22.35, 24.221, 24.32, 24.012, 23.899, 24.236, 24.599, 25.186, 25.4, 25.52, 25.691, 25.785, 25.378, 24.901, 25.08, 25.269, 25.674, 26.108, 26.402, 26.51, 26.249, 26.296, 26.626, 26.686, 26.759, 26.859, 26.873, 26.754, 26.381, 26.365, 26.261, 25.799, 25.868, 26.582, 26.919, 26.969, 27.202, 27.309, 27.196, 27.287, 27.361, 27.341, 27.582, 27.842, 27.906, 27.968, 28.276, 28.305, 28.003, 27.844, 27.836, 27.695, 27.496, 27.227, 27.323, 27.76, 27.986, 28.095, 27.921, 27.726, 27.825, 27.836, 27.827, 27.846, 27.844, 27.907, 27.914, 27.744, 27.676, 27.756, 27.804, 27.822, 27.745], [7.901, 7.403, 6.109, 3.117, 0.0, 1.665, 2.725, 5.654, 10.513, 15.007, 17.09, 17.48, 18.698, 21.606, 23.549, 23.693, 23.412, 23.299, 23.663, 24.044, 24.646, 24.883, 25.008, 25.17, 25.257, 24.857, 24.411, 24.618, 24.819, 25.25, 25.728, 26.041, 26.149, 25.881, 25.915, 26.238, 26.297, 26.429, 26.615, 26.655, 26.556, 26.215, 26.21, 26.108, 25.64, 25.667, 26.318, 26.629, 26.686, 26.918, 27.011, 26.895, 26.972, 27.03, 27.009, 27.241, 27.497, 27.565, 27.636, 27.934, 27.938, 27.635, 27.487, 27.482, 27.349, 27.193, 26.963, 27.096, 27.546, 27.76, 27.861, 27.682, 27.476, 27.574, 27.578, 27.559, 27.589, 27.603, 27.661, 27.663, 27.486, 27.42, 27.519, 27.572, 27.598, 27.519], [8.453, 7.988, 6.801, 4.15, 1.665, 0.0, 1.665, 4.992, 9.914, 14.353, 16.436, 16.888, 18.134, 21.045, 22.997, 23.149, 22.874, 22.767, 23.142, 23.514, 24.098, 24.338, 24.471, 24.628, 24.714, 24.309, 23.863, 24.088, 24.281, 24.71, 25.214, 25.545, 25.673, 25.412, 25.442, 25.76, 25.811, 25.949, 26.17, 26.256, 26.18, 25.824, 25.799, 25.694, 25.212, 25.196, 25.806, 26.113, 26.168, 26.398, 26.483, 26.354, 26.43, 26.496, 26.504, 26.769, 27.039, 27.115, 27.192, 27.497, 27.515, 27.227, 27.078, 27.068, 26.94, 26.794, 26.559, 26.689, 27.127, 27.327, 27.409, 27.223, 27.003, 27.087, 27.084, 27.062, 27.097, 27.115, 27.165, 27.15, 26.956, 26.885, 26.989, 27.045, 27.071, 26.996], [8.835, 8.373, 7.195, 4.68, 2.725, 1.665, 0.0, 3.972, 9.216, 13.705, 15.833, 16.318, 17.571, 20.496, 22.449, 22.6, 22.336, 22.23, 22.612, 23.001, 23.585, 23.821, 23.966, 24.133, 24.22, 23.817, 23.367, 23.585, 23.765, 24.191, 24.701, 25.049, 25.222, 24.974, 24.998, 25.311, 25.357, 25.502, 25.731, 25.844, 25.793, 25.426, 25.384, 25.279, 24.792, 24.748, 25.346, 25.64, 25.69, 25.924, 26.005, 25.881, 25.968, 26.048, 26.068, 26.345, 26.618, 26.697, 26.776, 27.083, 27.122, 26.857, 26.7, 26.681, 26.556, 26.402, 26.175, 26.295, 26.717, 26.913, 26.99, 26.806, 26.583, 26.657, 26.646, 26.619, 26.654, 26.67, 26.711, 26.681, 26.476, 26.406, 26.512, 26.567, 26.589, 26.512], [10.718, 10.198, 9.091, 6.944, 5.654, 4.992, 3.972, 0.0, 5.793, 10.872, 13.35, 14.038, 15.355, 18.176, 20.144, 20.382, 20.188, 20.052, 20.451, 20.905, 21.508, 21.761, 21.962, 22.162, 22.227, 21.864, 21.528, 21.821, 21.962, 22.367, 22.927, 23.301, 23.526, 23.307, 23.326, 23.623, 23.623, 23.8, 24.094, 24.261, 24.284, 24.0, 24.02, 23.963, 23.471, 23.201, 23.637, 23.914, 23.95, 24.185, 24.259, 24.185, 24.311, 24.406, 24.418, 24.717, 25.023, 25.131, 25.227, 25.555, 25.666, 25.46, 25.255, 25.19, 25.074, 24.893, 24.672, 24.809, 25.23, 25.391, 25.442, 25.266, 25.026, 25.067, 25.009, 24.952, 24.995, 25.007, 25.019, 24.939, 24.676, 24.602, 24.721, 24.779, 24.786, 24.685], [14.568, 14.1, 13.168, 11.441, 10.513, 9.914, 9.216, 5.793, 0.0, 6.029, 9.418, 10.831, 12.327, 14.925, 16.989, 17.452, 17.436, 17.298, 17.748, 18.328, 18.966, 19.301, 19.636, 19.924, 19.986, 19.71, 19.606, 20.009, 20.079, 20.44, 21.092, 21.556, 21.955, 21.856, 21.855, 22.088, 22.018, 22.236, 22.602, 22.885, 23.013, 22.815, 22.943, 22.993, 22.531, 21.88, 21.985, 22.235, 22.239, 22.436, 22.475, 22.477, 22.681, 22.813, 22.834, 23.155, 23.493, 23.642, 23.767, 24.117, 24.305, 24.191, 23.977, 23.874, 23.787, 23.58, 23.266, 23.388, 23.799, 23.9, 23.916, 23.743, 23.453, 23.406, 23.245, 23.118, 23.173, 23.195, 23.153, 22.98, 22.646, 22.581, 22.722, 22.784, 22.774, 22.644], [18.579, 18.174, 17.398, 15.896, 15.007, 14.353, 13.705, 10.872, 6.029, 0.0, 4.617, 7.785, 9.593, 11.801, 14.057, 14.827, 15.035, 14.934, 15.41, 16.134, 16.806, 17.253, 17.709, 18.112, 18.246, 18.079, 18.257, 18.809, 18.827, 19.161, 19.939, 20.452, 21.013, 21.054, 21.02, 21.145, 21.006, 21.268, 21.68, 22.092, 22.305, 22.085, 22.265, 22.471, 22.092, 21.164, 20.97, 21.166, 21.136, 21.303, 21.327, 21.379, 21.645, 21.859, 21.992, 22.363, 22.697, 22.857, 22.99, 23.336, 23.606, 23.631, 23.435, 23.3, 23.26, 23.056, 22.618, 22.661, 23.036, 23.102, 23.095, 22.939, 22.6, 22.439, 22.19, 22.032, 22.114, 22.154, 22.053, 21.802, 21.453, 21.418, 21.557, 21.609, 21.58, 21.428], [20.512, 20.13, 19.419, 18.002, 17.09, 16.436, 15.833, 13.35, 9.418, 4.617, 0.0, 4.722, 7.347, 9.886, 12.483, 13.462, 13.772, 13.771, 14.271, 15.04, 15.755, 16.243, 16.682, 17.102, 17.354, 17.306, 17.664, 18.257, 18.301, 18.668, 19.504, 20.03, 20.614, 20.713, 20.678, 20.753, 20.646, 21.016, 21.478, 21.915, 22.106, 21.853, 22.039, 22.352, 22.132, 21.285, 21.084, 21.256, 21.218, 21.375, 21.399, 21.482, 21.775, 22.053, 22.286, 22.639, 22.908, 23.051, 23.167, 23.468, 23.749, 23.826, 23.648, 23.513, 23.49, 23.321, 22.892, 22.923, 23.268, 23.334, 23.342, 23.178, 22.817, 22.616, 22.388, 22.291, 22.397, 22.437, 22.326, 22.092, 21.775, 21.761, 21.906, 21.96, 21.935, 21.789], [20.897, 20.498, 19.759, 18.358, 17.48, 16.888, 16.318, 14.038, 10.831, 7.785, 4.722, 0.0, 4.197, 8.688, 11.803, 12.74, 13.05, 13.195, 13.785, 14.719, 15.646, 16.08, 16.41, 16.765, 17.087, 17.049, 17.353, 17.825, 17.947, 18.402, 19.243, 19.901, 20.581, 20.696, 20.705, 20.829, 20.849, 21.362, 21.867, 22.241, 22.279, 21.869, 21.941, 22.236, 22.196, 21.726, 21.893, 22.143, 22.125, 22.309, 22.333, 22.416, 22.735, 23.07, 23.295, 23.571, 23.783, 23.904, 23.996, 24.262, 24.511, 24.524, 24.32, 24.208, 24.182, 24.01, 23.69, 23.798, 24.128, 24.184, 24.174, 23.947, 23.587, 23.418, 23.281, 23.287, 23.411, 23.449, 23.374, 23.197, 22.916, 22.898, 23.037, 23.101, 23.089, 22.95], [22.071, 21.653, 20.882, 19.521, 18.698, 18.134, 17.571, 15.355, 12.327, 9.593, 7.347, 4.197, 0.0, 5.845, 9.481, 10.447, 10.843, 11.108, 11.784, 12.985, 14.155, 14.607, 14.938, 15.268, 15.601, 15.57, 15.888, 16.39, 16.553, 17.075, 18.047, 18.851, 19.654, 19.801, 19.812, 19.93, 19.986, 20.589, 21.143, 21.528, 21.491, 20.944, 20.929, 21.229, 21.229, 20.854, 21.259, 21.611, 21.6, 21.831, 21.871, 21.947, 22.3, 22.7, 22.937, 23.198, 23.399, 23.516, 23.605, 23.879, 24.163, 24.167, 23.905, 23.774, 23.76, 23.591, 23.327, 23.482, 23.81, 23.841, 23.761, 23.48, 23.118, 22.965, 22.866, 22.933, 23.087, 23.135, 23.074, 22.923, 22.669, 22.651, 22.784, 22.849, 22.823, 22.659], [24.707, 24.303, 23.595, 22.35, 21.606, 21.045, 20.496, 18.176, 14.925, 11.801, 9.886, 8.688, 5.845, 0.0, 4.353, 6.426, 7.421, 7.738, 8.424, 9.877, 11.089, 11.665, 12.203, 12.655, 13.056, 13.242, 13.984, 14.802, 14.917, 15.4, 16.588, 17.467, 18.269, 18.543, 18.524, 18.504, 18.48, 19.142, 19.776, 20.26, 20.289, 19.777, 19.872, 20.356, 20.375, 19.673, 19.798, 20.153, 20.113, 20.281, 20.304, 20.469, 20.897, 21.326, 21.578, 21.843, 22.037, 22.169, 22.265, 22.515, 22.896, 22.997, 22.659, 22.465, 22.491, 22.381, 22.161, 22.369, 22.718, 22.692, 22.489, 22.164, 21.764, 21.552, 21.417, 21.485, 21.668, 21.715, 21.631, 21.479, 21.246, 21.233, 21.36, 21.423, 21.36, 21.138], [26.36, 25.977, 25.336, 24.221, 23.549, 22.997, 22.449, 20.144, 16.989, 14.057, 12.483, 11.803, 9.481, 4.353, 0.0, 3.494, 5.224, 5.65, 6.342, 7.99, 9.275, 9.856, 10.486, 11.044, 11.517, 11.901, 12.91, 13.827, 13.935, 14.421, 15.694, 16.636, 17.449, 17.825, 17.831, 17.76, 17.706, 18.41, 19.102, 19.621, 19.634, 19.134, 19.348, 19.986, 20.082, 19.328, 19.357, 19.697, 19.662, 19.798, 19.809, 20.052, 20.525, 20.942, 21.145, 21.378, 21.561, 21.708, 21.812, 22.025, 22.431, 22.566, 22.18, 21.945, 21.996, 21.97, 21.875, 22.143, 22.492, 22.431, 22.149, 21.776, 21.344, 21.107, 20.956, 21.005, 21.176, 21.209, 21.121, 20.98, 20.75, 20.724, 20.842, 20.908, 20.835, 20.583], [26.336, 25.963, 25.351, 24.32, 23.693, 23.149, 22.6, 20.382, 17.452, 14.827, 13.462, 12.74, 10.447, 6.426, 3.494, 0.0, 2.28, 3.441, 4.372, 6.26, 8.033, 8.634, 9.221, 9.754, 10.275, 10.623, 11.579, 12.463, 12.668, 13.294, 14.617, 15.696, 16.647, 17.036, 17.079, 17.071, 17.091, 17.868, 18.598, 19.086, 18.986, 18.393, 18.604, 19.295, 19.477, 18.937, 19.264, 19.678, 19.666, 19.892, 19.942, 20.147, 20.609, 21.053, 21.252, 21.49, 21.686, 21.83, 21.938, 22.175, 22.581, 22.685, 22.283, 22.038, 22.087, 22.085, 22.039, 22.288, 22.613, 22.559, 22.282, 21.921, 21.505, 21.29, 21.155, 21.193, 21.341, 21.363, 21.274, 21.125, 20.878, 20.845, 20.966, 21.038, 20.975, 20.732], [25.991, 25.616, 25.01, 24.012, 23.412, 22.874, 22.336, 20.188, 17.436, 15.035, 13.772, 13.05, 10.843, 7.421, 5.224, 2.28, 0.0, 2.313, 3.7, 5.297, 7.246, 7.912, 8.527, 9.013, 9.548, 9.809, 10.677, 11.603, 11.835, 12.542, 13.932, 15.086, 16.071, 16.422, 16.482, 16.519, 16.578, 17.378, 18.13, 18.608, 18.463, 17.86, 18.094, 18.806, 19.006, 18.542, 19.005, 19.477, 19.484, 19.76, 19.841, 20.022, 20.478, 20.937, 21.133, 21.382, 21.589, 21.725, 21.829, 22.081, 22.494, 22.574, 22.157, 21.909, 21.954, 21.959, 21.931, 22.186, 22.523, 22.478, 22.214, 21.873, 21.471, 21.273, 21.15, 21.189, 21.335, 21.354, 21.268, 21.115, 20.851, 20.811, 20.934, 21.01, 20.948, 20.71], [25.885, 25.494, 24.895, 23.899, 23.299, 22.767, 22.23, 20.052, 17.298, 14.934, 13.771, 13.195, 11.108, 7.738, 5.65, 3.441, 2.313, 0.0, 2.309, 4.558, 6.569, 7.34, 8.144, 8.827, 9.337, 9.578, 10.509, 11.642, 11.836, 12.495, 13.889, 14.944, 15.817, 16.121, 16.185, 16.238, 16.19, 16.904, 17.681, 18.189, 18.12, 17.603, 17.897, 18.634, 18.771, 18.168, 18.517, 18.98, 18.991, 19.272, 19.357, 19.6, 20.08, 20.485, 20.637, 20.912, 21.157, 21.296, 21.391, 21.648, 22.079, 22.182, 21.761, 21.499, 21.548, 21.586, 21.598, 21.89, 22.253, 22.189, 21.92, 21.612, 21.217, 21.008, 20.834, 20.81, 20.932, 20.937, 20.825, 20.633, 20.334, 20.274, 20.383, 20.456, 20.38, 20.121], [26.146, 25.764, 25.196, 24.236, 23.663, 23.142, 22.612, 20.451, 17.748, 15.41, 14.271, 13.785, 11.784, 8.424, 6.342, 4.372, 3.7, 2.309, 0.0, 3.511, 5.918, 6.723, 7.576, 8.432, 9.08, 9.391, 10.402, 11.596, 11.814, 12.459, 13.827, 14.792, 15.617, 15.932, 15.988, 16.009, 15.901, 16.595, 17.385, 17.894, 17.794, 17.236, 17.519, 18.307, 18.483, 17.894, 18.299, 18.8, 18.811, 19.117, 19.21, 19.481, 19.999, 20.41, 20.563, 20.84, 21.083, 21.222, 21.317, 21.575, 22.03, 22.152, 21.715, 21.439, 21.5, 21.561, 21.598, 21.892, 22.244, 22.159, 21.876, 21.583, 21.203, 21.002, 20.842, 20.827, 20.946, 20.944, 20.817, 20.623, 20.338, 20.29, 20.4, 20.47, 20.388, 20.136], [26.439, 26.065, 25.517, 24.599, 24.044, 23.514, 23.001, 20.905, 18.328, 16.134, 15.04, 14.719, 12.985, 9.877, 7.99, 6.26, 5.297, 4.558, 3.511, 0.0, 3.081, 4.343, 5.549, 6.471, 7.407, 7.908, 9.137, 10.546, 10.746, 11.454, 13.034, 14.097, 14.902, 15.211, 15.268, 15.337, 15.33, 16.097, 16.939, 17.45, 17.367, 16.964, 17.394, 18.233, 18.411, 17.755, 18.065, 18.569, 18.601, 18.94, 19.054, 19.271, 19.766, 20.17, 20.301, 20.578, 20.834, 20.977, 21.08, 21.349, 21.824, 21.933, 21.469, 21.186, 21.25, 21.331, 21.374, 21.655, 22.004, 21.918, 21.632, 21.371, 21.001, 20.803, 20.672, 20.658, 20.765, 20.757, 20.621, 20.411, 20.115, 20.063, 20.187, 20.262, 20.168, 19.916], [27.004, 26.619, 26.078, 25.186, 24.646, 24.098, 23.585, 21.508, 18.966, 16.806, 15.755, 15.646, 14.155, 11.089, 9.275, 8.033, 7.246, 6.569, 5.918, 3.081, 0.0, 2.208, 4.137, 5.209, 6.339, 7.03, 8.565, 10.231, 10.296, 10.879, 12.56, 13.648, 14.46, 14.786, 14.824, 14.897, 14.903, 15.701, 16.586, 17.148, 17.169, 16.941, 17.467, 18.291, 18.4, 17.561, 17.661, 18.137, 18.178, 18.509, 18.618, 18.822, 19.301, 19.681, 19.795, 20.088, 20.367, 20.524, 20.638, 20.919, 21.416, 21.563, 21.121, 20.844, 20.92, 21.031, 21.051, 21.311, 21.659, 21.553, 21.257, 21.025, 20.639, 20.407, 20.264, 20.227, 20.331, 20.321, 20.148, 19.889, 19.57, 19.507, 19.632, 19.706, 19.592, 19.322], [27.18, 26.802, 26.269, 25.4, 24.883, 24.338, 23.821, 21.761, 19.301, 17.253, 16.243, 16.08, 14.607, 11.665, 9.856, 8.634, 7.912, 7.34, 6.723, 4.343, 2.208, 0.0, 2.312, 3.82, 5.238, 6.096, 7.842, 9.567, 9.634, 10.25, 11.955, 13.023, 13.824, 14.148, 14.184, 14.256, 14.282, 15.156, 16.093, 16.65, 16.641, 16.426, 16.979, 17.854, 18.031, 17.245, 17.384, 17.87, 17.919, 18.268, 18.391, 18.612, 19.109, 19.491, 19.58, 19.86, 20.14, 20.306, 20.435, 20.714, 21.214, 21.351, 20.88, 20.587, 20.674, 20.848, 20.97, 21.256, 21.581, 21.443, 21.107, 20.853, 20.469, 20.252, 20.127, 20.113, 20.229, 20.22, 20.046, 19.807, 19.517, 19.471, 19.6, 19.675, 19.553, 19.271], [27.259, 26.896, 26.373, 25.52, 25.008, 24.471, 23.966, 21.962, 19.636, 17.709, 16.682, 16.41, 14.938, 12.203, 10.486, 9.221, 8.527, 8.144, 7.576, 5.549, 4.137, 2.312, 0.0, 2.297, 4.253, 5.349, 7.282, 9.014, 9.192, 9.926, 11.667, 12.695, 13.441, 13.729, 13.759, 13.835, 13.915, 14.88, 15.866, 16.397, 16.328, 16.095, 16.667, 17.591, 17.847, 17.188, 17.428, 17.92, 17.98, 18.35, 18.492, 18.717, 19.214, 19.601, 19.663, 19.903, 20.171, 20.34, 20.479, 20.741, 21.203, 21.312, 20.821, 20.518, 20.605, 20.835, 21.06, 21.38, 21.692, 21.543, 21.196, 20.924, 20.55, 20.363, 20.273, 20.293, 20.413, 20.4, 20.245, 20.043, 19.787, 19.76, 19.901, 19.976, 19.852, 19.572], [27.419, 27.056, 26.536, 25.691, 25.17, 24.628, 24.133, 22.162, 19.924, 18.112, 17.102, 16.765, 15.268, 12.655, 11.044, 9.754, 9.013, 8.827, 8.432, 6.471, 5.209, 3.82, 2.297, 0.0, 2.624, 4.125, 6.402, 8.328, 8.566, 9.353, 11.177, 12.262, 13.041, 13.346, 13.367, 13.465, 13.687, 14.78, 15.831, 16.369, 16.286, 16.076, 16.644, 17.544, 17.828, 17.226, 17.489, 17.975, 18.062, 18.458, 18.604, 18.771, 19.21, 19.596, 19.667, 19.902, 20.165, 20.34, 20.485, 20.741, 21.177, 21.268, 20.785, 20.495, 20.579, 20.82, 21.067, 21.386, 21.672, 21.517, 21.16, 20.878, 20.511, 20.336, 20.284, 20.361, 20.51, 20.514, 20.374, 20.171, 19.899, 19.862, 20.004, 20.077, 19.958, 19.684], [27.519, 27.15, 26.629, 25.785, 25.257, 24.714, 24.22, 22.227, 19.986, 18.246, 17.354, 17.087, 15.601, 13.056, 11.517, 10.275, 9.548, 9.337, 9.08, 7.407, 6.339, 5.238, 4.253, 2.624, 0.0, 2.413, 5.551, 7.78, 8.011, 8.836, 10.735, 11.808, 12.561, 12.831, 12.808, 12.912, 13.181, 14.339, 15.461, 16.03, 16.056, 16.042, 16.722, 17.618, 17.853, 17.151, 17.258, 17.677, 17.795, 18.215, 18.355, 18.494, 18.878, 19.211, 19.27, 19.536, 19.833, 20.032, 20.214, 20.496, 20.931, 21.018, 20.532, 20.237, 20.327, 20.602, 20.881, 21.19, 21.433, 21.224, 20.807, 20.504, 20.149, 19.988, 19.935, 20.02, 20.186, 20.203, 20.072, 19.853, 19.558, 19.515, 19.658, 19.731, 19.603, 19.323], [27.108, 26.736, 26.211, 25.378, 24.857, 24.309, 23.817, 21.864, 19.71, 18.079, 17.306, 17.049, 15.57, 13.242, 11.901, 10.623, 9.809, 9.578, 9.391, 7.908, 7.03, 6.096, 5.349, 4.125, 2.413, 0.0, 3.908, 6.732, 7.018, 7.897, 9.887, 11.111, 11.994, 12.224, 12.225, 12.402, 12.726, 13.927, 15.106, 15.692, 15.724, 15.736, 16.41, 17.267, 17.472, 16.811, 17.005, 17.439, 17.573, 18.028, 18.162, 18.237, 18.58, 18.914, 19.006, 19.333, 19.66, 19.86, 20.055, 20.4, 20.876, 20.945, 20.439, 20.144, 20.236, 20.475, 20.685, 20.963, 21.204, 20.995, 20.561, 20.259, 19.922, 19.763, 19.697, 19.784, 19.969, 20.001, 19.879, 19.651, 19.345, 19.299, 19.438, 19.514, 19.386, 19.111], [26.588, 26.231, 25.708, 24.901, 24.411, 23.863, 23.367, 21.528, 19.606, 18.257, 17.664, 17.353, 15.888, 13.984, 12.91, 11.579, 10.677, 10.509, 10.402, 9.137, 8.565, 7.842, 7.282, 6.402, 5.551, 3.908, 0.0, 3.698, 4.492, 5.572, 7.881, 9.711, 10.981, 11.195, 11.237, 11.485, 11.952, 13.311, 14.602, 15.202, 15.178, 15.253, 15.98, 16.803, 17.036, 16.602, 17.101, 17.596, 17.767, 18.264, 18.393, 18.391, 18.706, 19.11, 19.215, 19.519, 19.814, 20.003, 20.185, 20.553, 21.059, 21.082, 20.561, 20.282, 20.356, 20.536, 20.748, 21.082, 21.368, 21.194, 20.758, 20.429, 20.093, 19.961, 19.907, 19.99, 20.166, 20.203, 20.133, 19.963, 19.685, 19.648, 19.787, 19.853, 19.723, 19.452], [26.709, 26.377, 25.865, 25.08, 24.618, 24.088, 23.585, 21.821, 20.009, 18.809, 18.257, 17.825, 16.39, 14.802, 13.827, 12.463, 11.603, 11.642, 11.596, 10.546, 10.231, 9.567, 9.014, 8.328, 7.78, 6.732, 3.698, 0.0, 2.111, 3.941, 6.282, 8.664, 10.396, 10.704, 10.726, 10.957, 11.626, 13.152, 14.464, 15.034, 14.892, 14.989, 15.805, 16.656, 17.033, 16.888, 17.663, 18.176, 18.384, 18.908, 19.041, 19.033, 19.38, 19.89, 19.979, 20.141, 20.345, 20.521, 20.707, 21.023, 21.452, 21.444, 20.986, 20.749, 20.807, 20.98, 21.254, 21.632, 21.935, 21.787, 21.392, 21.046, 20.698, 20.608, 20.604, 20.712, 20.881, 20.927, 20.904, 20.808, 20.585, 20.585, 20.743, 20.795, 20.674, 20.413], [26.894, 26.558, 26.046, 25.269, 24.819, 24.281, 23.765, 21.962, 20.079, 18.827, 18.301, 17.947, 16.553, 14.917, 13.935, 12.668, 11.835, 11.836, 11.814, 10.746, 10.296, 9.634, 9.192, 8.566, 8.011, 7.018, 4.492, 2.111, 0.0, 2.619, 5.461, 7.999, 9.896, 10.238, 10.235, 10.448, 11.079, 12.588, 13.916, 14.535, 14.437, 14.596, 15.47, 16.351, 16.738, 16.467, 17.128, 17.622, 17.841, 18.387, 18.537, 18.552, 18.918, 19.453, 19.545, 19.707, 19.922, 20.107, 20.314, 20.652, 21.097, 21.121, 20.693, 20.461, 20.53, 20.707, 20.969, 21.322, 21.601, 21.425, 21.011, 20.661, 20.291, 20.174, 20.164, 20.293, 20.492, 20.551, 20.505, 20.381, 20.146, 20.152, 20.311, 20.359, 20.237, 19.975], [27.286, 26.937, 26.428, 25.674, 25.25, 24.71, 24.191, 22.367, 20.44, 19.161, 18.668, 18.402, 17.075, 15.4, 14.421, 13.294, 12.542, 12.495, 12.459, 11.454, 10.879, 10.25, 9.926, 9.353, 8.836, 7.897, 5.572, 3.941, 2.619, 0.0, 3.658, 6.863, 9.131, 9.59, 9.629, 9.869, 10.559, 12.131, 13.51, 14.184, 14.16, 14.432, 15.334, 16.138, 16.504, 16.196, 16.811, 17.312, 17.529, 18.055, 18.189, 18.181, 18.521, 19.083, 19.256, 19.476, 19.708, 19.907, 20.129, 20.495, 20.99, 21.062, 20.678, 20.477, 20.559, 20.737, 20.948, 21.255, 21.501, 21.293, 20.846, 20.488, 20.085, 19.905, 19.865, 19.989, 20.204, 20.262, 20.179, 20.019, 19.781, 19.797, 19.952, 19.997, 19.874, 19.613], [27.637, 27.284, 26.802, 26.108, 25.728, 25.214, 24.701, 22.927, 21.092, 19.939, 19.504, 19.243, 18.047, 16.588, 15.694, 14.617, 13.932, 13.889, 13.827, 13.034, 12.56, 11.955, 11.667, 11.177, 10.735, 9.887, 7.881, 6.282, 5.461, 3.658, 0.0, 4.374, 7.578, 8.346, 8.52, 8.94, 9.971, 11.667, 13.076, 13.742, 13.603, 13.809, 14.711, 15.486, 15.99, 15.992, 16.895, 17.47, 17.703, 18.226, 18.355, 18.317, 18.637, 19.294, 19.65, 19.969, 20.22, 20.417, 20.624, 20.968, 21.43, 21.545, 21.264, 21.106, 21.224, 21.468, 21.619, 21.851, 22.11, 21.935, 21.528, 21.191, 20.792, 20.59, 20.551, 20.682, 20.9, 20.953, 20.83, 20.625, 20.369, 20.377, 20.513, 20.549, 20.436, 20.178], [27.855, 27.51, 27.062, 26.402, 26.041, 25.545, 25.049, 23.301, 21.556, 20.452, 20.03, 19.901, 18.851, 17.467, 16.636, 15.696, 15.086, 14.944, 14.792, 14.097, 13.648, 13.023, 12.695, 12.262, 11.808, 11.111, 9.711, 8.664, 7.999, 6.863, 4.374, 0.0, 4.166, 5.601, 5.807, 6.417, 7.869, 9.744, 11.235, 11.908, 11.739, 12.034, 13.113, 14.005, 14.645, 14.717, 15.679, 16.307, 16.565, 17.161, 17.361, 17.354, 17.69, 18.433, 19.007, 19.5, 19.816, 20.012, 20.2, 20.521, 20.972, 21.143, 20.901, 20.724, 20.902, 21.357, 21.597, 21.786, 22.056, 21.894, 21.52, 21.231, 20.879, 20.715, 20.693, 20.825, 21.032, 21.079, 20.927, 20.699, 20.441, 20.441, 20.543, 20.556, 20.437, 20.177], [27.887, 27.556, 27.148, 26.51, 26.149, 25.673, 25.222, 23.526, 21.955, 21.013, 20.614, 20.581, 19.654, 18.269, 17.449, 16.647, 16.071, 15.817, 15.617, 14.902, 14.46, 13.824, 13.441, 13.041, 12.561, 11.994, 10.981, 10.396, 9.896, 9.131, 7.578, 4.166, 0.0, 2.331, 2.997, 4.237, 6.125, 8.137, 9.706, 10.316, 10.287, 11.073, 12.516, 13.475, 14.03, 13.985, 14.802, 15.442, 15.733, 16.392, 16.675, 16.745, 17.061, 17.692, 18.303, 18.941, 19.339, 19.559, 19.761, 20.035, 20.443, 20.574, 20.251, 20.034, 20.235, 20.922, 21.439, 21.731, 22.027, 21.844, 21.446, 21.135, 20.812, 20.728, 20.726, 20.85, 21.023, 21.049, 20.906, 20.714, 20.477, 20.465, 20.541, 20.545, 20.418, 20.144], [27.627, 27.288, 26.883, 26.249, 25.881, 25.412, 24.974, 23.307, 21.856, 21.054, 20.713, 20.696, 19.801, 18.543, 17.825, 17.036, 16.422, 16.121, 15.932, 15.211, 14.786, 14.148, 13.729, 13.346, 12.831, 12.224, 11.195, 10.704, 10.238, 9.59, 8.346, 5.601, 2.331, 0.0, 1.799, 3.708, 5.527, 7.511, 9.144, 9.758, 9.844, 10.884, 12.494, 13.46, 13.844, 13.726, 14.592, 15.257, 15.58, 16.293, 16.608, 16.71, 17.007, 17.524, 18.019, 18.68, 19.135, 19.377, 19.599, 19.873, 20.258, 20.34, 19.963, 19.726, 19.914, 20.639, 21.287, 21.674, 22.001, 21.804, 21.395, 21.069, 20.763, 20.727, 20.722, 20.826, 20.976, 20.992, 20.86, 20.675, 20.42, 20.393, 20.471, 20.483, 20.356, 20.068], [27.685, 27.356, 26.948, 26.296, 25.915, 25.442, 24.998, 23.326, 21.855, 21.02, 20.678, 20.705, 19.812, 18.524, 17.831, 17.079, 16.482, 16.185, 15.988, 15.268, 14.824, 14.184, 13.759, 13.367, 12.808, 12.225, 11.237, 10.726, 10.235, 9.629, 8.52, 5.807, 2.997, 1.799, 0.0, 2.329, 4.647, 6.96, 8.671, 9.302, 9.511, 10.696, 12.372, 13.38, 13.751, 13.509, 14.235, 14.854, 15.194, 15.928, 16.247, 16.357, 16.663, 17.179, 17.627, 18.243, 18.679, 18.918, 19.143, 19.425, 19.849, 19.948, 19.553, 19.311, 19.527, 20.291, 20.975, 21.378, 21.7, 21.485, 21.067, 20.759, 20.464, 20.442, 20.442, 20.546, 20.7, 20.722, 20.609, 20.457, 20.238, 20.236, 20.32, 20.322, 20.18, 19.887], [28.009, 27.69, 27.29, 26.626, 26.238, 25.76, 25.311, 23.623, 22.088, 21.145, 20.753, 20.829, 19.93, 18.504, 17.76, 17.071, 16.519, 16.238, 16.009, 15.337, 14.897, 14.256, 13.835, 13.465, 12.912, 12.402, 11.485, 10.957, 10.448, 9.869, 8.94, 6.417, 4.237, 3.708, 2.329, 0.0, 3.122, 6.043, 7.931, 8.629, 8.966, 10.324, 12.065, 13.153, 13.62, 13.289, 13.848, 14.402, 14.726, 15.447, 15.769, 15.923, 16.276, 16.818, 17.207, 17.724, 18.085, 18.297, 18.514, 18.773, 19.242, 19.382, 18.963, 18.711, 18.966, 19.803, 20.578, 21.022, 21.323, 21.085, 20.68, 20.396, 20.098, 20.075, 20.076, 20.185, 20.351, 20.388, 20.312, 20.227, 20.079, 20.124, 20.226, 20.219, 20.064, 19.767], [28.039, 27.718, 27.339, 26.686, 26.297, 25.811, 25.357, 23.623, 22.018, 21.006, 20.646, 20.849, 19.986, 18.48, 17.706, 17.091, 16.578, 16.19, 15.901, 15.33, 14.903, 14.282, 13.915, 13.687, 13.181, 12.726, 11.952, 11.626, 11.079, 10.559, 9.971, 7.869, 6.125, 5.527, 4.647, 3.122, 0.0, 3.559, 5.984, 6.994, 7.757, 9.572, 11.549, 12.748, 13.113, 12.512, 12.884, 13.412, 13.727, 14.486, 14.848, 15.133, 15.609, 16.133, 16.389, 16.845, 17.211, 17.438, 17.69, 17.982, 18.494, 18.657, 18.203, 17.913, 18.184, 19.072, 19.947, 20.477, 20.779, 20.496, 20.113, 19.868, 19.571, 19.548, 19.513, 19.575, 19.728, 19.772, 19.706, 19.631, 19.487, 19.547, 19.672, 19.669, 19.51, 19.209], [27.976, 27.663, 27.33, 26.759, 26.429, 25.949, 25.502, 23.8, 22.236, 21.268, 21.016, 21.362, 20.589, 19.142, 18.41, 17.868, 17.378, 16.904, 16.595, 16.097, 15.701, 15.156, 14.88, 14.78, 14.339, 13.927, 13.311, 13.152, 12.588, 12.131, 11.667, 9.744, 8.137, 7.511, 6.96, 6.043, 3.559, 0.0, 3.072, 4.67, 6.155, 8.726, 11.092, 12.337, 12.539, 11.822, 12.193, 12.752, 13.075, 13.898, 14.334, 14.718, 15.26, 15.762, 15.997, 16.522, 16.965, 17.211, 17.486, 17.829, 18.366, 18.524, 18.063, 17.76, 18.016, 18.864, 19.707, 20.271, 20.621, 20.345, 20.005, 19.806, 19.518, 19.503, 19.442, 19.45, 19.567, 19.604, 19.538, 19.454, 19.296, 19.352, 19.482, 19.484, 19.343, 19.054], [27.943, 27.644, 27.348, 26.859, 26.615, 26.17, 25.731, 24.094, 22.602, 21.68, 21.478, 21.867, 21.143, 19.776, 19.102, 18.598, 18.13, 17.681, 17.385, 16.939, 16.586, 16.093, 15.866, 15.831, 15.461, 15.106, 14.602, 14.464, 13.916, 13.51, 13.076, 11.235, 9.706, 9.144, 8.671, 7.931, 5.984, 3.072, 0.0, 2.375, 4.943, 8.263, 10.904, 12.117, 12.253, 11.648, 12.173, 12.792, 13.077, 13.897, 14.367, 14.756, 15.326, 15.85, 16.178, 16.802, 17.267, 17.495, 17.751, 18.101, 18.666, 18.844, 18.381, 18.08, 18.341, 19.137, 19.891, 20.435, 20.821, 20.606, 20.324, 20.137, 19.86, 19.858, 19.801, 19.805, 19.902, 19.931, 19.87, 19.802, 19.679, 19.741, 19.855, 19.86, 19.73, 19.449], [27.894, 27.609, 27.336, 26.873, 26.655, 26.256, 25.844, 24.261, 22.885, 22.092, 21.915, 22.241, 21.528, 20.26, 19.621, 19.086, 18.608, 18.189, 17.894, 17.45, 17.148, 16.65, 16.397, 16.369, 16.03, 15.692, 15.202, 15.034, 14.535, 14.184, 13.742, 11.908, 10.316, 9.758, 9.302, 8.629, 6.994, 4.67, 2.375, 0.0, 3.54, 7.791, 10.75, 11.983, 12.21, 11.892, 12.707, 13.382, 13.652, 14.456, 14.935, 15.317, 15.858, 16.37, 16.719, 17.337, 17.767, 17.965, 18.195, 18.522, 19.077, 19.224, 18.731, 18.433, 18.7, 19.483, 20.227, 20.762, 21.15, 20.975, 20.712, 20.523, 20.28, 20.33, 20.33, 20.374, 20.472, 20.496, 20.465, 20.448, 20.366, 20.439, 20.545, 20.555, 20.427, 20.143], [27.711, 27.446, 27.194, 26.754, 26.556, 26.18, 25.793, 24.284, 23.013, 22.305, 22.106, 22.279, 21.491, 20.289, 19.634, 18.986, 18.463, 18.12, 17.794, 17.367, 17.169, 16.641, 16.328, 16.286, 16.056, 15.724, 15.178, 14.892, 14.437, 14.16, 13.603, 11.739, 10.287, 9.844, 9.511, 8.966, 7.757, 6.155, 4.943, 3.54, 0.0, 5.132, 8.693, 10.253, 10.903, 11.3, 12.973, 13.907, 14.201, 15.022, 15.53, 15.878, 16.436, 17.094, 17.53, 18.092, 18.469, 18.641, 18.813, 19.097, 19.64, 19.753, 19.245, 18.962, 19.211, 19.902, 20.57, 21.075, 21.474, 21.369, 21.122, 20.908, 20.692, 20.779, 20.912, 21.127, 21.291, 21.334, 21.338, 21.351, 21.27, 21.333, 21.427, 21.437, 21.32, 21.043], [27.294, 27.044, 26.794, 26.381, 26.215, 25.824, 25.426, 24.0, 22.815, 22.085, 21.853, 21.869, 20.944, 19.777, 19.134, 18.393, 17.86, 17.603, 17.236, 16.964, 16.941, 16.426, 16.095, 16.076, 16.042, 15.736, 15.253, 14.989, 14.596, 14.432, 13.809, 12.034, 11.073, 10.884, 10.696, 10.324, 9.572, 8.726, 8.263, 7.791, 5.132, 0.0, 4.285, 6.821, 8.359, 9.781, 12.518, 13.764, 14.079, 14.931, 15.502, 15.868, 16.557, 17.495, 18.145, 18.716, 19.078, 19.234, 19.341, 19.623, 20.19, 20.319, 19.857, 19.602, 19.815, 20.349, 20.809, 21.249, 21.69, 21.681, 21.45, 21.182, 20.964, 21.021, 21.259, 21.682, 21.961, 22.043, 22.039, 22.008, 21.877, 21.903, 21.976, 21.975, 21.876, 21.615], [27.3, 27.047, 26.779, 26.365, 26.21, 25.799, 25.384, 24.02, 22.943, 22.265, 22.039, 21.941, 20.929, 19.872, 19.348, 18.604, 18.094, 17.897, 17.519, 17.394, 17.467, 16.979, 16.667, 16.644, 16.722, 16.41, 15.98, 15.805, 15.47, 15.334, 14.711, 13.113, 12.516, 12.494, 12.372, 12.065, 11.549, 11.092, 10.904, 10.75, 8.693, 4.285, 0.0, 3.552, 6.328, 8.892, 12.422, 13.858, 14.141, 14.955, 15.547, 15.9, 16.636, 17.733, 18.545, 19.175, 19.536, 19.675, 19.742, 20.049, 20.638, 20.793, 20.396, 20.178, 20.366, 20.81, 21.144, 21.551, 22.018, 22.07, 21.852, 21.566, 21.353, 21.379, 21.647, 22.165, 22.519, 22.634, 22.618, 22.55, 22.386, 22.389, 22.463, 22.463, 22.378, 22.128], [27.24, 26.976, 26.688, 26.261, 26.108, 25.694, 25.279, 23.963, 22.993, 22.471, 22.352, 22.236, 21.229, 20.356, 19.986, 19.295, 18.806, 18.634, 18.307, 18.233, 18.291, 17.854, 17.591, 17.544, 17.618, 17.267, 16.803, 16.656, 16.351, 16.138, 15.486, 14.005, 13.475, 13.46, 13.38, 13.153, 12.748, 12.337, 12.117, 11.983, 10.253, 6.821, 3.552, 0.0, 3.972, 7.956, 12.293, 13.939, 14.199, 14.955, 15.492, 15.743, 16.409, 17.523, 18.434, 19.163, 19.549, 19.679, 19.73, 20.072, 20.677, 20.835, 20.489, 20.314, 20.491, 20.909, 21.183, 21.59, 22.09, 22.183, 22.005, 21.726, 21.529, 21.553, 21.819, 22.349, 22.734, 22.88, 22.857, 22.76, 22.579, 22.578, 22.661, 22.665, 22.582, 22.323], [26.848, 26.562, 26.244, 25.799, 25.64, 25.212, 24.792, 23.471, 22.531, 22.092, 22.132, 22.196, 21.229, 20.375, 20.082, 19.477, 19.006, 18.771, 18.483, 18.411, 18.4, 18.031, 17.847, 17.828, 17.853, 17.472, 17.036, 17.033, 16.738, 16.504, 15.99, 14.645, 14.03, 13.844, 13.751, 13.62, 13.113, 12.539, 12.253, 12.21, 10.903, 8.359, 6.328, 3.972, 0.0, 5.328, 10.843, 12.867, 13.166, 13.992, 14.535, 14.776, 15.431, 16.461, 17.359, 18.233, 18.746, 18.929, 19.013, 19.44, 20.093, 20.224, 19.862, 19.693, 19.862, 20.281, 20.527, 20.982, 21.537, 21.621, 21.428, 21.143, 20.963, 21.015, 21.243, 21.717, 22.087, 22.241, 22.201, 22.05, 21.809, 21.781, 21.872, 21.883, 21.782, 21.485], [27.063, 26.746, 26.383, 25.868, 25.667, 25.196, 24.748, 23.201, 21.88, 21.164, 21.285, 21.726, 20.854, 19.673, 19.328, 18.937, 18.542, 18.168, 17.894, 17.755, 17.561, 17.245, 17.188, 17.226, 17.151, 16.811, 16.602, 16.888, 16.467, 16.196, 15.992, 14.717, 13.985, 13.726, 13.509, 13.289, 12.512, 11.822, 11.648, 11.892, 11.3, 9.781, 8.892, 7.956, 5.328, 0.0, 6.521, 9.144, 9.546, 10.56, 11.207, 11.61, 12.471, 13.547, 14.539, 15.681, 16.417, 16.713, 16.889, 17.446, 18.261, 18.505, 18.099, 17.875, 18.081, 18.598, 18.908, 19.422, 19.973, 19.941, 19.645, 19.393, 19.193, 19.209, 19.327, 19.7, 20.069, 20.229, 20.139, 19.911, 19.61, 19.557, 19.647, 19.656, 19.523, 19.19], [27.869, 27.532, 27.15, 26.582, 26.318, 25.806, 25.346, 23.637, 21.985, 20.97, 21.084, 21.893, 21.259, 19.798, 19.357, 19.264, 19.005, 18.517, 18.299, 18.065, 17.661, 17.384, 17.428, 17.489, 17.258, 17.005, 17.101, 17.663, 17.128, 16.811, 16.895, 15.679, 14.802, 14.592, 14.235, 13.848, 12.884, 12.193, 12.173, 12.707, 12.973, 12.518, 12.422, 12.293, 10.843, 6.521, 0.0, 3.348, 4.136, 5.428, 6.332, 7.046, 8.367, 9.747, 11.17, 12.707, 13.627, 14.057, 14.425, 15.089, 16.067, 16.505, 16.118, 15.874, 16.167, 16.966, 17.464, 17.936, 18.325, 18.071, 17.652, 17.486, 17.232, 17.148, 17.143, 17.443, 17.864, 18.052, 17.907, 17.689, 17.538, 17.57, 17.634, 17.603, 17.45, 17.169], [28.22, 27.869, 27.493, 26.919, 26.629, 26.113, 25.64, 23.914, 22.235, 21.166, 21.256, 22.143, 21.611, 20.153, 19.697, 19.678, 19.477, 18.98, 18.8, 18.569, 18.137, 17.87, 17.92, 17.975, 17.677, 17.439, 17.596, 18.176, 17.622, 17.312, 17.47, 16.307, 15.442, 15.257, 14.854, 14.402, 13.412, 12.752, 12.792, 13.382, 13.907, 13.764, 13.858, 13.939, 12.867, 9.144, 3.348, 0.0, 1.772, 3.655, 4.91, 5.934, 7.405, 8.946, 10.503, 12.022, 12.91, 13.383, 13.857, 14.534, 15.543, 16.046, 15.675, 15.436, 15.756, 16.627, 17.155, 17.508, 17.736, 17.391, 16.97, 16.868, 16.603, 16.494, 16.442, 16.695, 17.117, 17.304, 17.152, 16.997, 17.007, 17.162, 17.233, 17.179, 17.025, 16.795], [28.28, 27.924, 27.545, 26.969, 26.686, 26.168, 25.69, 23.95, 22.239, 21.136, 21.218, 22.125, 21.6, 20.113, 19.662, 19.666, 19.484, 18.991, 18.811, 18.601, 18.178, 17.919, 17.98, 18.062, 17.795, 17.573, 17.767, 18.384, 17.841, 17.529, 17.703, 16.565, 15.733, 15.58, 15.194, 14.726, 13.727, 13.075, 13.077, 13.652, 14.201, 14.079, 14.141, 14.199, 13.166, 9.546, 4.136, 1.772, 0.0, 2.497, 4.098, 5.376, 7.08, 8.748, 10.453, 12.027, 12.917, 13.388, 13.86, 14.538, 15.589, 16.146, 15.781, 15.535, 15.856, 16.695, 17.149, 17.442, 17.662, 17.344, 16.955, 16.884, 16.618, 16.486, 16.405, 16.613, 17.016, 17.192, 17.027, 16.863, 16.875, 17.064, 17.183, 17.157, 17.004, 16.769], [28.536, 28.177, 27.792, 27.202, 26.918, 26.398, 25.924, 24.185, 22.436, 21.303, 21.375, 22.309, 21.831, 20.281, 19.798, 19.892, 19.76, 19.272, 19.117, 18.94, 18.509, 18.268, 18.35, 18.458, 18.215, 18.028, 18.264, 18.908, 18.387, 18.055, 18.226, 17.161, 16.392, 16.293, 15.928, 15.447, 14.486, 13.898, 13.897, 14.456, 15.022, 14.931, 14.955, 14.955, 13.992, 10.56, 5.428, 3.655, 2.497, 0.0, 2.203, 4.357, 6.477, 8.261, 10.175, 11.85, 12.73, 13.209, 13.688, 14.344, 15.419, 16.037, 15.72, 15.508, 15.845, 16.711, 17.172, 17.478, 17.713, 17.402, 16.994, 16.912, 16.626, 16.465, 16.372, 16.586, 17.025, 17.221, 17.067, 16.918, 16.934, 17.12, 17.261, 17.261, 17.124, 16.89], [28.666, 28.306, 27.914, 27.309, 27.011, 26.483, 26.005, 24.259, 22.475, 21.327, 21.399, 22.333, 21.871, 20.304, 19.809, 19.942, 19.841, 19.357, 19.21, 19.054, 18.618, 18.391, 18.492, 18.604, 18.355, 18.162, 18.393, 19.041, 18.537, 18.189, 18.355, 17.361, 16.675, 16.608, 16.247, 15.769, 14.848, 14.334, 14.367, 14.935, 15.53, 15.502, 15.547, 15.492, 14.535, 11.207, 6.332, 4.91, 4.098, 2.203, 0.0, 3.121, 5.673, 7.47, 9.471, 11.264, 12.174, 12.688, 13.215, 13.896, 15.024, 15.699, 15.414, 15.231, 15.576, 16.484, 16.983, 17.3, 17.516, 17.178, 16.747, 16.66, 16.365, 16.185, 16.085, 16.313, 16.797, 17.049, 16.928, 16.781, 16.803, 16.974, 17.107, 17.109, 17.01, 16.812], [28.538, 28.186, 27.79, 27.196, 26.895, 26.354, 25.881, 24.185, 22.477, 21.379, 21.482, 22.416, 21.947, 20.469, 20.052, 20.147, 20.022, 19.6, 19.481, 19.271, 18.822, 18.612, 18.717, 18.771, 18.494, 18.237, 18.391, 19.033, 18.552, 18.181, 18.317, 17.354, 16.745, 16.71, 16.357, 15.923, 15.133, 14.718, 14.756, 15.317, 15.878, 15.868, 15.9, 15.743, 14.776, 11.61, 7.046, 5.934, 5.376, 4.357, 3.121, 0.0, 3.165, 5.757, 8.549, 10.788, 11.799, 12.345, 12.963, 13.79, 15.046, 15.749, 15.484, 15.341, 15.696, 16.585, 16.942, 17.118, 17.225, 16.839, 16.385, 16.313, 16.035, 15.837, 15.773, 16.057, 16.577, 16.881, 16.801, 16.652, 16.719, 16.889, 16.999, 16.97, 16.905, 16.844], [28.626, 28.273, 27.876, 27.287, 26.972, 26.43, 25.968, 24.311, 22.681, 21.645, 21.775, 22.735, 22.3, 20.897, 20.525, 20.609, 20.478, 20.08, 19.999, 19.766, 19.301, 19.109, 19.214, 19.21, 18.878, 18.58, 18.706, 19.38, 18.918, 18.521, 18.637, 17.69, 17.061, 17.007, 16.663, 16.276, 15.609, 15.26, 15.326, 15.858, 16.436, 16.557, 16.636, 16.409, 15.431, 12.471, 8.367, 7.405, 7.08, 6.477, 5.673, 3.165, 0.0, 3.642, 7.581, 10.408, 11.579, 12.186, 12.899, 13.835, 15.17, 15.862, 15.599, 15.487, 15.858, 16.752, 17.027, 17.052, 17.038, 16.608, 16.14, 16.093, 15.838, 15.661, 15.619, 15.892, 16.399, 16.714, 16.655, 16.534, 16.669, 16.848, 16.926, 16.871, 16.828, 16.91], [28.697, 28.346, 27.958, 27.361, 27.03, 26.496, 26.048, 24.406, 22.813, 21.859, 22.053, 23.07, 22.7, 21.326, 20.942, 21.053, 20.937, 20.485, 20.41, 20.17, 19.681, 19.491, 19.601, 19.596, 19.211, 18.914, 19.11, 19.89, 19.453, 19.083, 19.294, 18.433, 17.692, 17.524, 17.179, 16.818, 16.133, 15.762, 15.85, 16.37, 17.094, 17.495, 17.733, 17.523, 16.461, 13.547, 9.747, 8.946, 8.748, 8.261, 7.47, 5.757, 3.642, 0.0, 5.05, 8.839, 10.368, 11.111, 12.0, 13.001, 14.304, 14.99, 14.72, 14.648, 15.045, 16.122, 16.665, 16.762, 16.71, 16.226, 15.773, 15.776, 15.537, 15.423, 15.339, 15.474, 15.905, 16.229, 16.202, 16.103, 16.255, 16.419, 16.501, 16.458, 16.444, 16.59], [28.68, 28.335, 27.952, 27.341, 27.009, 26.504, 26.068, 24.418, 22.834, 21.992, 22.286, 23.295, 22.937, 21.578, 21.145, 21.252, 21.133, 20.637, 20.563, 20.301, 19.795, 19.58, 19.663, 19.667, 19.27, 19.006, 19.215, 19.979, 19.545, 19.256, 19.65, 19.007, 18.303, 18.019, 17.627, 17.207, 16.389, 15.997, 16.178, 16.719, 17.53, 18.145, 18.545, 18.434, 17.359, 14.539, 11.17, 10.503, 10.453, 10.175, 9.471, 8.549, 7.581, 5.05, 0.0, 4.627, 6.782, 7.804, 9.029, 10.271, 11.623, 12.282, 12.015, 12.055, 12.461, 13.799, 14.963, 15.436, 15.498, 15.024, 14.731, 14.937, 14.804, 14.8, 14.719, 14.801, 15.222, 15.67, 15.834, 15.826, 15.948, 16.139, 16.347, 16.345, 16.36, 16.472], [28.933, 28.598, 28.214, 27.582, 27.241, 26.769, 26.345, 24.717, 23.155, 22.363, 22.639, 23.571, 23.198, 21.843, 21.378, 21.49, 21.382, 20.912, 20.84, 20.578, 20.088, 19.86, 19.903, 19.902, 19.536, 19.333, 19.519, 20.141, 19.707, 19.476, 19.969, 19.5, 18.941, 18.68, 18.243, 17.724, 16.845, 16.522, 16.802, 17.337, 18.092, 18.716, 19.175, 19.163, 18.233, 15.681, 12.707, 12.022, 12.027, 11.85, 11.264, 10.788, 10.408, 8.839, 4.627, 0.0, 2.802, 4.35, 5.976, 7.458, 8.98, 9.72, 9.576, 9.771, 10.187, 11.616, 13.17, 14.029, 14.289, 13.954, 13.986, 14.478, 14.484, 14.543, 14.515, 14.704, 15.211, 15.784, 16.148, 16.311, 16.493, 16.784, 17.13, 17.15, 17.161, 17.226], [29.194, 28.864, 28.481, 27.842, 27.497, 27.039, 26.618, 25.023, 23.493, 22.697, 22.908, 23.783, 23.399, 22.037, 21.561, 21.686, 21.589, 21.157, 21.083, 20.834, 20.367, 20.14, 20.171, 20.165, 19.833, 19.66, 19.814, 20.345, 19.922, 19.708, 20.22, 19.816, 19.339, 19.135, 18.679, 18.085, 17.211, 16.965, 17.267, 17.767, 18.469, 19.078, 19.536, 19.549, 18.746, 16.417, 13.627, 12.91, 12.917, 12.73, 12.174, 11.799, 11.579, 10.368, 6.782, 2.802, 0.0, 2.09, 4.125, 5.674, 7.404, 8.278, 8.225, 8.535, 9.0, 10.527, 12.314, 13.354, 13.651, 13.402, 13.631, 14.288, 14.359, 14.43, 14.449, 14.724, 15.289, 15.914, 16.372, 16.672, 16.971, 17.328, 17.698, 17.713, 17.719, 17.777], [29.252, 28.918, 28.54, 27.906, 27.565, 27.115, 26.697, 25.131, 23.642, 22.857, 23.051, 23.904, 23.516, 22.169, 21.708, 21.83, 21.725, 21.296, 21.222, 20.977, 20.524, 20.306, 20.34, 20.34, 20.032, 19.86, 20.003, 20.521, 20.107, 19.907, 20.417, 20.012, 19.559, 19.377, 18.918, 18.297, 17.438, 17.211, 17.495, 17.965, 18.641, 19.234, 19.675, 19.679, 18.929, 16.713, 14.057, 13.383, 13.388, 13.209, 12.688, 12.345, 12.186, 11.111, 7.804, 4.35, 2.09, 0.0, 2.394, 4.38, 6.628, 7.696, 7.633, 7.967, 8.499, 10.106, 11.963, 13.057, 13.431, 13.341, 13.758, 14.542, 14.662, 14.719, 14.739, 15.008, 15.572, 16.212, 16.7, 17.048, 17.369, 17.709, 18.047, 18.046, 18.043, 18.089], [29.315, 28.976, 28.598, 27.968, 27.636, 27.192, 26.776, 25.227, 23.767, 22.99, 23.167, 23.996, 23.605, 22.265, 21.812, 21.938, 21.829, 21.391, 21.317, 21.08, 20.638, 20.435, 20.479, 20.485, 20.214, 20.055, 20.185, 20.707, 20.314, 20.129, 20.624, 20.2, 19.761, 19.599, 19.143, 18.514, 17.69, 17.486, 17.751, 18.195, 18.813, 19.341, 19.742, 19.73, 19.013, 16.889, 14.425, 13.857, 13.86, 13.688, 13.215, 12.963, 12.899, 12.0, 9.029, 5.976, 4.125, 2.394, 0.0, 2.826, 5.959, 7.283, 7.199, 7.549, 8.128, 9.703, 11.559, 12.766, 13.346, 13.526, 14.138, 15.011, 15.186, 15.226, 15.243, 15.521, 16.087, 16.718, 17.211, 17.57, 17.855, 18.144, 18.447, 18.434, 18.408, 18.406], [29.623, 29.286, 28.911, 28.276, 27.934, 27.497, 27.083, 25.555, 24.117, 23.336, 23.468, 24.262, 23.879, 22.515, 22.025, 22.175, 22.081, 21.648, 21.575, 21.349, 20.919, 20.714, 20.741, 20.741, 20.496, 20.4, 20.553, 21.023, 20.652, 20.495, 20.968, 20.521, 20.035, 19.873, 19.425, 18.773, 17.982, 17.829, 18.101, 18.522, 19.097, 19.623, 20.049, 20.072, 19.44, 17.446, 15.089, 14.534, 14.538, 14.344, 13.896, 13.79, 13.835, 13.001, 10.271, 7.458, 5.674, 4.38, 2.826, 0.0, 3.951, 5.75, 5.849, 6.355, 7.032, 9.018, 11.416, 12.873, 13.508, 13.724, 14.359, 15.222, 15.399, 15.452, 