[[0.0, 2.566, 3.768, 5.355, 7.266, 8.341, 9.982, 12.586, 13.603, 13.646, 14.841, 16.466, 17.282, 17.4, 17.355, 17.563, 18.115, 18.77, 19.163, 20.284, 21.016, 20.798, 20.629, 20.867, 21.323, 21.549, 21.914, 23.394, 24.306, 24.571, 24.872, 25.05, 24.766, 24.402, 24.31, 24.247, 24.334, 24.957, 26.104, 26.533, 25.788, 24.427, 23.458, 23.214, 22.517, 21.689, 21.408, 21.443, 21.699, 22.191, 22.201, 21.934, 21.726, 21.188, 21.011, 21.237, 21.248, 21.139, 21.065, 20.889, 20.662, 20.8, 20.93, 21.067, 20.86, 20.671, 20.71, 20.506, 20.701, 21.454, 21.842, 21.812, 21.833, 21.965, 22.056, 21.838, 21.804, 22.316, 22.984, 23.273, 23.131, 23.309, 22.928, 22.318, 22.668, 23.044], [2.566, 0.0, 2.111, 4.533, 6.841, 8.03, 9.519, 12.079, 13.156, 13.199, 14.441, 16.151, 16.979, 17.046, 16.953, 17.166, 17.733, 18.391, 18.758, 19.839, 20.606, 20.431, 20.301, 20.555, 20.987, 21.188, 21.517, 23.015, 23.969, 24.255, 24.607, 24.815, 24.521, 24.177, 24.182, 24.202, 24.308, 24.925, 26.056, 26.462, 25.736, 24.411, 23.461, 23.208, 22.492, 21.647, 21.351, 21.396, 21.678, 22.188, 22.205, 21.948, 21.764, 21.237, 21.036, 21.233, 21.255, 21.167, 21.105, 20.959, 20.777, 20.931, 21.054, 21.194, 20.982, 20.808, 20.869, 20.666, 20.835, 21.556, 21.912, 21.875, 21.907, 22.038, 22.12, 21.901, 21.857, 22.369, 23.045, 23.324, 23.181, 23.372, 22.997, 22.4, 22.753, 23.115], [3.768, 2.111, 0.0, 3.258, 6.129, 7.436, 8.885, 11.564, 12.707, 12.729, 13.968, 15.699, 16.548, 16.606, 16.5, 16.718, 17.295, 17.965, 18.313, 19.359, 20.091, 19.863, 19.712, 19.99, 20.447, 20.658, 21.04, 22.644, 23.649, 23.947, 24.305, 24.519, 24.21, 23.836, 23.83, 23.879, 24.041, 24.718, 25.899, 26.327, 25.592, 24.227, 23.232, 22.96, 22.211, 21.332, 21.017, 21.065, 21.37, 21.898, 21.913, 21.658, 21.477, 20.925, 20.697, 20.896, 20.902, 20.81, 20.764, 20.633, 20.44, 20.52, 20.575, 20.712, 20.497, 20.301, 20.361, 20.159, 20.323, 21.064, 21.456, 21.419, 21.445, 21.579, 21.664, 21.442, 21.421, 21.994, 22.739, 23.054, 22.92, 23.121, 22.709, 22.08, 22.469, 22.841], [5.355, 4.533, 3.258, 0.0, 3.461, 5.288, 7.366, 10.686, 11.995, 12.006, 13.338, 15.132, 16.034, 16.135, 16.088, 16.381, 16.99, 17.639, 17.946, 19.008, 19.713, 19.405, 19.214, 19.512, 20.004, 20.242, 20.705, 22.418, 23.458, 23.772, 24.128, 24.333, 23.998, 23.587, 23.566, 23.625, 23.845, 24.657, 25.957, 26.424, 25.652, 24.207, 23.133, 22.846, 22.081, 21.155, 20.809, 20.843, 21.161, 21.719, 21.722, 21.452, 21.258, 20.675, 20.42, 20.623, 20.6, 20.482, 20.445, 20.302, 20.071, 20.088, 20.086, 20.223, 20.003, 19.764, 19.808, 19.584, 19.72, 20.508, 20.973, 20.948, 20.971, 21.109, 21.202, 20.99, 21.0, 21.636, 22.452, 22.809, 22.671, 22.876, 22.408, 21.728, 22.162, 22.567], [7.266, 6.841, 6.129, 3.461, 0.0, 2.637, 6.034, 10.096, 11.574, 11.641, 13.078, 14.88, 15.818, 15.987, 16.031, 16.435, 17.074, 17.667, 17.927, 19.002, 19.66, 19.296, 19.078, 19.365, 19.862, 20.118, 20.649, 22.428, 23.484, 23.815, 24.146, 24.322, 23.972, 23.559, 23.54, 23.595, 23.818, 24.703, 26.089, 26.603, 25.817, 24.342, 23.245, 22.96, 22.243, 21.324, 20.958, 20.97, 21.28, 21.839, 21.822, 21.527, 21.326, 20.753, 20.488, 20.679, 20.655, 20.534, 20.501, 20.347, 20.102, 20.1, 20.081, 20.231, 20.015, 19.76, 19.797, 19.556, 19.652, 20.443, 20.95, 20.954, 20.976, 21.106, 21.22, 21.041, 21.07, 21.713, 22.545, 22.936, 22.8, 23.008, 22.52, 21.785, 22.219, 22.657], [8.341, 8.03, 7.436, 5.288, 2.637, 0.0, 4.411, 9.132, 10.789, 10.898, 12.362, 14.158, 15.102, 15.323, 15.463, 15.958, 16.617, 17.17, 17.389, 18.411, 19.018, 18.658, 18.458, 18.751, 19.252, 19.524, 20.138, 22.032, 23.126, 23.478, 23.801, 23.965, 23.617, 23.199, 23.178, 23.242, 23.465, 24.381, 25.835, 26.41, 25.663, 24.207, 23.1, 22.807, 22.138, 21.262, 20.917, 20.945, 21.264, 21.819, 21.787, 21.499, 21.323, 20.745, 20.446, 20.619, 20.597, 20.477, 20.449, 20.298, 20.042, 20.001, 19.954, 20.109, 19.892, 19.643, 19.681, 19.46, 19.579, 20.384, 20.905, 20.916, 20.933, 21.068, 21.207, 21.048, 21.086, 21.722, 22.556, 22.965, 22.839, 23.043, 22.545, 21.798, 22.228, 22.672], [9.982, 9.519, 8.885, 7.366, 6.034, 4.411, 0.0, 5.5, 7.69, 7.779, 9.419, 11.563, 12.604, 12.803, 12.967, 13.55, 14.273, 14.83, 15.017, 16.062, 16.812, 16.664, 16.649, 17.035, 17.552, 17.816, 18.397, 20.409, 21.562, 21.963, 22.415, 22.619, 22.277, 21.922, 22.016, 22.156, 22.405, 23.359, 24.875, 25.51, 24.992, 23.818, 22.796, 22.497, 21.881, 21.113, 20.856, 20.975, 21.3, 21.782, 21.744, 21.496, 21.38, 20.839, 20.555, 20.707, 20.666, 20.543, 20.473, 20.293, 20.044, 20.113, 20.2, 20.361, 20.146, 19.973, 20.025, 19.88, 20.069, 20.821, 21.263, 21.221, 21.217, 21.338, 21.455, 21.285, 21.292, 21.861, 22.629, 23.001, 22.883, 23.065, 22.607, 21.975, 22.414, 22.823], [12.586, 12.079, 11.564, 10.686, 10.096, 9.132, 5.5, 0.0, 3.009, 3.45, 5.519, 8.466, 9.777, 9.896, 9.905, 10.467, 11.237, 11.865, 12.163, 13.391, 14.515, 14.892, 15.215, 15.675, 16.164, 16.378, 16.666, 18.476, 19.603, 20.089, 20.777, 21.073, 20.78, 20.607, 20.914, 21.133, 21.376, 22.317, 23.836, 24.451, 24.196, 23.543, 22.792, 22.523, 22.016, 21.427, 21.268, 21.447, 21.752, 22.141, 22.119, 21.898, 21.819, 21.406, 21.253, 21.357, 21.27, 21.151, 20.972, 20.734, 20.619, 21.05, 21.447, 21.602, 21.403, 21.352, 21.418, 21.353, 21.545, 22.087, 22.344, 22.245, 22.225, 22.296, 22.349, 22.159, 22.087, 22.468, 23.018, 23.288, 23.166, 23.302, 23.007, 22.646, 23.058, 23.431], [13.603, 13.156, 12.707, 11.995, 11.574, 10.789, 7.69, 3.009, 0.0, 1.628, 4.438, 7.606, 9.039, 9.193, 9.117, 9.571, 10.332, 10.98, 11.44, 12.808, 14.088, 14.72, 15.125, 15.539, 16.018, 16.243, 16.4, 17.982, 19.055, 19.595, 20.317, 20.607, 20.367, 20.313, 20.693, 20.916, 21.151, 22.061, 23.549, 24.142, 23.925, 23.46, 22.88, 22.635, 22.163, 21.653, 21.52, 21.673, 21.924, 22.282, 22.272, 22.055, 21.974, 21.609, 21.514, 21.587, 21.489, 21.384, 21.155, 20.905, 20.87, 21.499, 22.027, 22.174, 21.986, 21.975, 22.046, 22.0, 22.192, 22.661, 22.863, 22.757, 22.735, 22.785, 22.815, 22.625, 22.522, 22.796, 23.225, 23.447, 23.319, 23.432, 23.231, 22.997, 23.388, 23.763], [13.646, 13.199, 12.729, 12.006, 11.641, 10.898, 7.779, 3.45, 1.628, 0.0, 3.611, 7.06, 8.571, 8.722, 8.661, 9.131, 9.932, 10.609, 11.064, 12.427, 13.706, 14.352, 14.788, 15.237, 15.744, 15.979, 16.158, 17.81, 18.926, 19.468, 20.192, 20.464, 20.219, 20.179, 20.549, 20.767, 21.017, 21.937, 23.43, 24.037, 23.844, 23.363, 22.747, 22.518, 22.064, 21.566, 21.436, 21.592, 21.847, 22.206, 22.194, 21.987, 21.914, 21.531, 21.421, 21.506, 21.414, 21.321, 21.105, 20.855, 20.792, 21.381, 21.882, 22.028, 21.838, 21.818, 21.898, 21.858, 22.057, 22.541, 22.761, 22.655, 22.627, 22.679, 22.713, 22.532, 22.439, 22.729, 23.185, 23.428, 23.319, 23.436, 23.216, 22.975, 23.37, 23.739], [14.841, 14.441, 13.968, 13.338, 13.078, 12.362, 9.419, 5.519, 4.438, 3.611, 0.0, 4.011, 5.863, 6.056, 6.256, 6.968, 7.789, 8.496, 8.942, 10.297, 11.649, 12.54, 13.205, 13.728, 14.245, 14.536, 14.697, 16.281, 17.423, 17.972, 18.715, 19.005, 18.793, 18.82, 19.196, 19.425, 19.718, 20.72, 22.317, 23.002, 22.946, 22.687, 22.13, 21.905, 21.669, 21.394, 21.34, 21.52, 21.775, 22.105, 22.1, 21.929, 21.888, 21.532, 21.459, 21.55, 21.433, 21.36, 21.158, 20.899, 20.823, 21.407, 21.921, 22.05, 21.859, 21.867, 21.939, 21.932, 22.141, 22.556, 22.751, 22.64, 22.603, 22.64, 22.664, 22.499, 22.401, 22.657, 23.11, 23.388, 23.335, 23.463, 23.234, 23.046, 23.435, 23.782], [16.466, 16.151, 15.699, 15.132, 14.88, 14.158, 11.563, 8.466, 7.606, 7.06, 4.011, 0.0, 2.318, 3.073, 4.262, 5.494, 6.162, 6.686, 7.162, 8.632, 9.96, 11.022, 11.917, 12.441, 12.929, 13.312, 13.625, 15.123, 16.13, 16.681, 17.362, 17.597, 17.441, 17.533, 17.889, 18.115, 18.451, 19.517, 21.198, 21.994, 22.065, 22.0, 21.559, 21.322, 21.302, 21.326, 21.38, 21.572, 21.781, 22.045, 22.043, 21.905, 21.896, 21.592, 21.582, 21.681, 21.521, 21.467, 21.264, 20.996, 20.93, 21.598, 22.19, 22.288, 22.103, 22.151, 22.221, 22.236, 22.462, 22.824, 22.995, 22.884, 22.842, 22.849, 22.843, 22.689, 22.578, 22.759, 23.157, 23.453, 23.455, 23.594, 23.366, 23.248, 23.648, 23.978], [17.282, 16.979, 16.548, 16.034, 15.818, 15.102, 12.604, 9.777, 9.039, 8.571, 5.863, 2.318, 0.0, 1.752, 3.815, 5.23, 5.719, 6.005, 6.441, 7.975, 9.335, 10.48, 11.507, 12.032, 12.492, 12.898, 13.313, 14.832, 15.698, 16.229, 16.906, 17.113, 16.982, 17.089, 17.437, 17.648, 17.985, 19.052, 20.736, 21.58, 21.741, 21.741, 21.332, 21.097, 21.149, 21.312, 21.462, 21.7, 21.895, 22.125, 22.131, 22.012, 22.021, 21.748, 21.779, 21.891, 21.718, 21.675, 21.464, 21.175, 21.111, 21.843, 22.51, 22.596, 22.41, 22.482, 22.547, 22.571, 22.817, 23.148, 23.283, 23.164, 23.124, 23.125, 23.105, 22.946, 22.815, 22.94, 23.267, 23.537, 23.561, 23.698, 23.49, 23.435, 23.848, 24.17], [17.4, 17.046, 16.606, 16.135, 15.987, 15.323, 12.803, 9.896, 9.193, 8.722, 6.056, 3.073, 1.752, 0.0, 2.48, 4.167, 4.793, 5.21, 5.751, 7.479, 9.101, 10.459, 11.568, 12.106, 12.549, 12.906, 13.195, 14.656, 15.528, 16.053, 16.781, 17.01, 16.865, 16.984, 17.381, 17.639, 17.982, 19.022, 20.657, 21.451, 21.647, 21.714, 21.337, 21.119, 21.171, 21.336, 21.506, 21.781, 21.995, 22.234, 22.249, 22.124, 22.136, 21.878, 21.907, 21.999, 21.823, 21.779, 21.561, 21.279, 21.251, 22.023, 22.718, 22.811, 22.615, 22.681, 22.744, 22.756, 22.986, 23.288, 23.389, 23.259, 23.223, 23.228, 23.207, 23.04, 22.882, 22.969, 23.259, 23.504, 23.519, 23.651, 23.471, 23.447, 23.861, 24.179], [17.355, 16.953, 16.5, 16.088, 16.031, 15.463, 12.967, 9.905, 9.117, 8.661, 6.256, 4.262, 3.815, 2.48, 0.0, 2.116, 3.249, 4.15, 5.082, 7.211, 9.234, 10.823, 11.948, 12.473, 12.88, 13.126, 13.168, 14.462, 15.294, 15.816, 16.619, 16.903, 16.755, 16.876, 17.318, 17.635, 17.988, 18.983, 20.556, 21.281, 21.478, 21.633, 21.325, 21.138, 21.166, 21.311, 21.484, 21.783, 22.027, 22.287, 22.314, 22.177, 22.173, 21.929, 21.959, 22.022, 21.835, 21.781, 21.551, 21.279, 21.3, 22.146, 22.886, 22.987, 22.784, 22.843, 22.9, 22.911, 23.132, 23.401, 23.463, 23.311, 23.269, 23.28, 23.259, 23.086, 22.892, 22.917, 23.155, 23.384, 23.397, 23.528, 23.389, 23.392, 23.803, 24.118], [17.563, 17.166, 16.718, 16.381, 16.435, 15.958, 13.55, 10.467, 9.571, 9.131, 6.968, 5.494, 5.23, 4.167, 2.116, 0.0, 1.816, 3.406, 4.851, 7.333, 9.592, 11.347, 12.503, 13.016, 13.397, 13.594, 13.444, 14.444, 15.125, 15.623, 16.485, 16.814, 16.696, 16.851, 17.304, 17.613, 17.96, 18.905, 20.422, 21.112, 21.326, 21.554, 21.299, 21.133, 21.15, 21.313, 21.512, 21.831, 22.086, 22.354, 22.4, 22.264, 22.243, 22.026, 22.105, 22.152, 21.947, 21.885, 21.639, 21.354, 21.4, 22.341, 23.146, 23.245, 23.047, 23.125, 23.183, 23.21, 23.442, 23.663, 23.665, 23.492, 23.444, 23.46, 23.436, 23.261, 23.043, 22.995, 23.159, 23.376, 23.396, 23.52, 23.437, 23.488, 23.886, 24.205], [18.115, 17.733, 17.295, 16.99, 17.074, 16.617, 14.273, 11.237, 10.332, 9.932, 7.789, 6.162, 5.719, 4.793, 3.249, 1.816, 0.0, 2.24, 4.286, 7.069, 9.435, 11.312, 12.591, 13.15, 13.53, 13.737, 13.528, 14.352, 14.935, 15.427, 16.306, 16.659, 16.57, 16.752, 17.204, 17.495, 17.84, 18.763, 20.255, 20.948, 21.205, 21.515, 21.307, 21.147, 21.202, 21.422, 21.648, 21.974, 22.227, 22.492, 22.555, 22.426, 22.408, 22.222, 22.344, 22.387, 22.167, 22.1, 21.841, 21.535, 21.591, 22.585, 23.432, 23.522, 23.328, 23.43, 23.494, 23.543, 23.785, 23.972, 23.93, 23.742, 23.692, 23.703, 23.671, 23.494, 23.268, 23.185, 23.301, 23.5, 23.52, 23.638, 23.581, 23.665, 24.049, 24.368], [18.77, 18.391, 17.965, 17.639, 17.667, 17.17, 14.83, 11.865, 10.98, 10.609, 8.496, 6.686, 6.005, 5.21, 4.15, 3.406, 2.24, 0.0, 2.773, 6.12, 8.774, 10.873, 12.265, 12.844, 13.216, 13.442, 13.285, 14.105, 14.638, 15.152, 16.012, 16.346, 16.299, 16.531, 17.031, 17.329, 17.677, 18.63, 20.14, 20.862, 21.177, 21.547, 21.368, 21.215, 21.319, 21.588, 21.829, 22.167, 22.422, 22.682, 22.753, 22.642, 22.643, 22.47, 22.604, 22.648, 22.423, 22.368, 22.113, 21.797, 21.847, 22.872, 23.752, 23.837, 23.64, 23.752, 23.82, 23.873, 24.118, 24.304, 24.26, 24.06, 24.005, 24.012, 23.974, 23.796, 23.577, 23.505, 23.602, 23.782, 23.805, 23.917, 23.844, 23.92, 24.293, 24.584], [19.163, 18.758, 18.313, 17.946, 17.927, 17.389, 15.017, 12.163, 11.44, 11.064, 8.942, 7.162, 6.441, 5.751, 5.082, 4.851, 4.286, 2.773, 0.0, 4.131, 7.583, 10.048, 11.498, 12.101, 12.496, 12.761, 12.763, 13.833, 14.412, 14.909, 15.729, 16.003, 15.968, 16.196, 16.694, 17.011, 17.377, 18.378, 19.908, 20.666, 21.047, 21.434, 21.239, 21.079, 21.216, 21.495, 21.738, 22.107, 22.375, 22.608, 22.677, 22.601, 22.651, 22.459, 22.542, 22.583, 22.348, 22.295, 22.056, 21.737, 21.763, 22.775, 23.655, 23.747, 23.545, 23.651, 23.712, 23.763, 24.018, 24.258, 24.272, 24.081, 24.021, 24.031, 23.999, 23.827, 23.622, 23.615, 23.774, 23.968, 23.998, 24.115, 23.998, 24.005, 24.361, 24.628], [20.284, 19.839, 19.359, 19.008, 19.002, 18.411, 16.062, 13.391, 12.808, 12.427, 10.297, 8.632, 7.975, 7.479, 7.211, 7.333, 7.069, 6.12, 4.131, 0.0, 4.622, 8.083, 9.778, 10.464, 10.905, 11.236, 11.308, 12.679, 13.529, 14.015, 14.836, 15.119, 15.149, 15.42, 15.95, 16.296, 16.67, 17.664, 19.156, 19.971, 20.529, 21.108, 20.996, 20.836, 21.079, 21.455, 21.723, 22.142, 22.422, 22.603, 22.649, 22.618, 22.765, 22.64, 22.698, 22.719, 22.518, 22.48, 22.25, 21.975, 22.024, 22.933, 23.714, 23.811, 23.605, 23.717, 23.773, 23.829, 24.08, 24.342, 24.418, 24.257, 24.2, 24.223, 24.221, 24.071, 23.877, 23.929, 24.166, 24.386, 24.423, 24.544, 24.425, 24.422, 24.762, 25.04], [21.016, 20.606, 20.091, 19.713, 19.66, 19.018, 16.812, 14.515, 14.088, 13.706, 11.649, 9.96, 9.335, 9.101, 9.234, 9.592, 9.435, 8.774, 7.583, 4.622, 0.0, 4.416, 6.806, 7.802, 8.419, 8.999, 9.461, 11.392, 12.582, 13.054, 13.722, 14.072, 14.185, 14.525, 15.088, 15.432, 15.832, 16.884, 18.466, 19.415, 20.046, 20.692, 20.59, 20.418, 20.759, 21.227, 21.523, 21.948, 22.2, 22.345, 22.353, 22.318, 22.504, 22.458, 22.556, 22.605, 22.437, 22.418, 22.211, 22.002, 22.025, 22.727, 23.359, 23.458, 23.274, 23.392, 23.449, 23.511, 23.729, 23.969, 24.105, 23.973, 23.907, 23.941, 23.968, 23.829, 23.686, 23.801, 24.09, 24.362, 24.419, 24.529, 24.387, 24.393, 24.75, 25.029], [20.798, 20.431, 19.863, 19.405, 19.296, 18.658, 16.664, 14.892, 14.72, 14.352, 12.54, 11.022, 10.48, 10.459, 10.823, 11.347, 11.312, 10.873, 10.048, 8.083, 4.416, 0.0, 3.219, 4.995, 6.083, 7.036, 8.42, 11.345, 12.817, 13.206, 13.55, 13.892, 13.921, 14.018, 14.443, 14.834, 15.316, 16.509, 18.316, 19.409, 19.933, 20.348, 20.077, 19.866, 20.218, 20.632, 20.883, 21.274, 21.509, 21.633, 21.6, 21.537, 21.716, 21.644, 21.734, 21.878, 21.738, 21.733, 21.594, 21.432, 21.349, 21.779, 22.229, 22.33, 22.192, 22.284, 22.327, 22.4, 22.583, 22.864, 23.125, 23.026, 22.943, 22.991, 23.044, 22.914, 22.876, 23.153, 23.599, 23.978, 24.059, 24.2, 23.969, 23.883, 24.305, 24.576], [20.629, 20.301, 19.712, 19.214, 19.078, 18.458, 16.649, 15.215, 15.125, 14.788, 13.205, 11.917, 11.507, 11.568, 11.948, 12.503, 12.591, 12.265, 11.498, 9.778, 6.806, 3.219, 0.0, 2.475, 4.217, 5.591, 7.738, 11.316, 13.026, 13.364, 13.438, 13.685, 13.635, 13.541, 13.911, 14.421, 14.962, 16.207, 18.135, 19.309, 19.736, 19.996, 19.65, 19.424, 19.773, 20.124, 20.308, 20.647, 20.856, 20.978, 20.93, 20.85, 21.025, 20.927, 20.981, 21.171, 21.083, 21.113, 21.049, 20.935, 20.802, 21.1, 21.434, 21.539, 21.423, 21.472, 21.499, 21.588, 21.746, 22.088, 22.481, 22.418, 22.319, 22.376, 22.449, 22.336, 22.377, 22.765, 23.338, 23.785, 23.875, 24.063, 23.793, 23.622, 24.084, 24.367], [20.867, 20.555, 19.99, 19.512, 19.365, 18.751, 17.035, 15.675, 15.539, 15.237, 13.728, 12.441, 12.032, 12.106, 12.473, 13.016, 13.15, 12.844, 12.101, 10.464, 7.802, 4.995, 2.475, 0.0, 2.306, 4.263, 7.064, 10.953, 12.746, 13.099, 13.027, 13.166, 13.115, 13.066, 13.536, 14.118, 14.664, 15.875, 17.798, 19.02, 19.425, 19.678, 19.384, 19.154, 19.542, 19.943, 20.126, 20.421, 20.58, 20.688, 20.641, 20.572, 20.76, 20.674, 20.73, 20.913, 20.88, 20.979, 20.957, 20.88, 20.753, 21.064, 21.403, 21.51, 21.395, 21.433, 21.46, 21.552, 21.7, 22.054, 22.485, 22.436, 22.332, 22.381, 22.451, 22.34, 22.401, 22.787, 23.354, 23.793, 23.884, 24.095, 23.84, 23.678, 24.143, 24.425], [21.323, 20.987, 20.447, 20.004, 19.862, 19.252, 17.552, 16.164, 16.018, 15.744, 14.245, 12.929, 12.492, 12.549, 12.88, 13.397, 13.53, 13.216, 12.496, 10.905, 8.419, 6.083, 4.217, 2.306, 0.0, 2.51, 5.981, 10.193, 12.092, 12.475, 12.415, 12.566, 12.511, 12.495, 13.106, 13.768, 14.322, 15.525, 17.431, 18.676, 19.124, 19.453, 19.229, 18.975, 19.412, 19.913, 20.132, 20.412, 20.559, 20.661, 20.614, 20.573, 20.799, 20.765, 20.839, 21.002, 21.033, 21.198, 21.212, 21.179, 21.088, 21.416, 21.779, 21.893, 21.778, 21.826, 21.867, 21.965, 22.108, 22.43, 22.833, 22.779, 22.678, 22.722, 22.778, 22.65, 22.693, 23.035, 23.546, 23.959, 24.06, 24.276, 24.057, 23.944, 24.399, 24.675], [21.549, 21.188, 20.658, 20.242, 20.118, 19.524, 17.816, 16.378, 16.243, 15.979, 14.536, 13.312, 12.898, 12.906, 13.126, 13.594, 13.737, 13.442, 12.761, 11.236, 8.999, 7.036, 5.591, 4.263, 2.51, 0.0, 4.194, 9.091, 11.245, 11.652, 11.667, 11.928, 11.838, 11.732, 12.425, 13.199, 13.808, 15.026, 16.91, 18.112, 18.591, 19.015, 18.849, 18.607, 19.067, 19.628, 19.884, 20.17, 20.356, 20.475, 20.423, 20.398, 20.668, 20.707, 20.789, 20.925, 21.013, 21.213, 21.254, 21.296, 21.312, 21.7, 22.095, 22.217, 22.098, 22.141, 22.196, 22.297, 22.415, 22.71, 23.089, 23.03, 22.93, 22.974, 23.016, 22.87, 22.896, 23.207, 23.673, 24.063, 24.164, 24.382, 24.197, 24.115, 24.568, 24.837], [21.914, 21.517, 21.04, 20.705, 20.649, 20.138, 18.397, 16.666, 16.4, 16.158, 14.697, 13.625, 13.313, 13.195, 13.168, 13.444, 13.528, 13.285, 12.763, 11.308, 9.461, 8.42, 7.738, 7.064, 5.981, 4.194, 0.0, 5.773, 8.657, 9.181, 9.526, 10.146, 10.168, 10.237, 11.185, 12.129, 12.812, 14.03, 15.864, 16.911, 17.533, 18.437, 18.531, 18.353, 18.892, 19.544, 19.84, 20.136, 20.346, 20.511, 20.497, 20.471, 20.776, 21.015, 21.249, 21.31, 21.433, 21.641, 21.628, 21.724, 21.984, 22.661, 23.209, 23.341, 23.199, 23.278, 23.356, 23.439, 23.506, 23.686, 23.939, 23.854, 23.77, 23.812, 23.833, 23.669, 23.62, 23.78, 24.079, 24.399, 24.475, 24.681, 24.634, 24.654, 25.057, 25.33], [23.394, 23.015, 22.644, 22.418, 22.428, 22.032, 20.409, 18.476, 17.982, 17.81, 16.281, 15.123, 14.832, 14.656, 14.462, 14.444, 14.352, 14.105, 13.833, 12.679, 11.392, 11.345, 11.316, 10.953, 10.193, 9.091, 5.773, 0.0, 4.014, 4.937, 5.879, 7.235, 7.734, 8.568, 9.979, 11.032, 11.697, 12.851, 14.655, 15.549, 16.395, 18.092, 18.673, 18.579, 19.294, 20.182, 20.562, 20.858, 20.989, 21.17, 21.257, 21.228, 21.506, 21.998, 22.583, 22.591, 22.647, 22.838, 22.713, 22.781, 23.289, 24.457, 25.312, 25.434, 25.285, 25.477, 25.584, 25.658, 25.743, 25.761, 25.791, 25.644, 25.569, 25.595, 25.589, 25.412, 25.239, 25.113, 25.09, 25.311, 25.368, 25.522, 25.699, 25.936, 26.249, 26.521], [24.306, 23.969, 23.649, 23.458, 23.484, 23.126, 21.562, 19.603, 19.055, 18.926, 17.423, 16.13, 15.698, 15.528, 15.294, 15.125, 14.935, 14.638, 14.412, 13.529, 12.582, 12.817, 13.026, 12.746, 12.092, 11.245, 8.657, 4.014, 0.0, 1.858, 3.944, 5.703, 6.552, 7.818, 9.442, 10.455, 11.074, 12.17, 13.936, 14.762, 15.681, 17.632, 18.407, 18.352, 19.154, 20.23, 20.751, 21.114, 21.195, 21.348, 21.493, 21.468, 21.718, 22.306, 23.077, 23.086, 23.026, 23.184, 22.989, 22.995, 23.589, 25.068, 26.184, 26.303, 26.15, 26.414, 26.536, 26.61, 26.733, 26.695, 26.609, 26.415, 26.33, 26.329, 26.294, 26.112, 25.885, 25.608, 25.382, 25.542, 25.607, 25.725, 26.021, 26.424, 26.728, 27.01], [24.571, 24.255, 23.947, 23.772, 23.815, 23.478, 21.963, 20.089, 19.595, 19.468, 17.972, 16.681, 16.229, 16.053, 15.816, 15.623, 15.427, 15.152, 14.909, 14.015, 13.054, 13.206, 13.364, 13.099, 12.475, 11.652, 9.181, 4.937, 1.858, 0.0, 2.923, 5.079, 6.081, 7.377, 8.996, 10.04, 10.691, 11.808, 13.558, 14.368, 15.346, 17.375, 18.177, 18.144, 19.005, 20.154, 20.723, 21.119, 21.191, 21.317, 21.469, 21.455, 21.714, 22.327, 23.106, 23.11, 23.026, 23.18, 22.988, 23.002, 23.605, 25.094, 26.239, 26.372, 26.223, 26.496, 26.623, 26.699, 26.82, 26.762, 26.662, 26.463, 26.377, 26.379, 26.338, 26.157, 25.938, 25.656, 25.418, 25.578, 25.652, 25.778, 26.082, 26.491, 26.793, 27.073], [24.872, 24.607, 24.305, 24.128, 24.146, 23.801, 22.415, 20.777, 20.317, 20.192, 18.715, 17.362, 16.906, 16.781, 16.619, 16.485, 16.306, 16.012, 15.729, 14.836, 13.722, 13.55, 13.438, 13.027, 12.415, 11.667, 9.526, 5.879, 3.944, 2.923, 0.0, 2.936, 4.683, 6.405, 8.056, 9.17, 9.895, 11.07, 12.923, 13.888, 14.864, 16.948, 17.856, 17.874, 18.87, 20.124, 20.726, 21.108, 21.114, 21.183, 21.322, 21.319, 21.605, 22.231, 22.99, 22.992, 22.918, 23.101, 22.935, 22.981, 23.564, 25.024, 26.155, 26.296, 26.172, 26.444, 26.56, 26.645, 26.776, 26.736, 26.681, 26.486, 26.38, 26.384, 26.357, 26.189, 25.993, 25.731, 25.522, 25.691, 25.765, 25.898, 26.182, 26.559, 26.869, 27.142], [25.05, 24.815, 24.519, 24.333, 24.322, 23.965, 22.619, 21.073, 20.607, 20.464, 19.005, 17.597, 17.113, 17.01, 16.903, 16.814, 16.659, 16.346, 16.003, 15.119, 14.072, 13.892, 13.685, 13.166, 12.566, 11.928, 10.146, 7.235, 5.703, 5.079, 2.936, 0.0, 2.828, 5.489, 7.415, 8.607, 9.38, 10.532, 12.331, 13.388, 14.376, 16.43, 17.415, 17.493, 18.57, 19.901, 20.54, 20.917, 20.844, 20.849, 20.98, 21.001, 21.326, 21.968, 22.735, 22.71, 22.66, 22.892, 22.735, 22.798, 23.391, 24.937, 26.119, 26.271, 26.161, 26.446, 26.558, 26.639, 26.782, 26.764, 26.716, 26.513, 26.398, 26.399, 26.377, 26.218, 26.02, 25.766, 25.564, 25.708, 25.771, 25.913, 26.208, 26.587, 26.901, 27.188], [24.766, 24.521, 24.21, 23.998, 23.972, 23.617, 22.277, 20.78, 20.367, 20.219, 18.793, 17.441, 16.982, 16.865, 16.755, 16.696, 16.57, 16.299, 15.968, 15.149, 14.185, 13.921, 13.635, 13.115, 12.511, 11.838, 10.168, 7.734, 6.552, 6.081, 4.683, 2.828, 0.0, 3.592, 6.366, 7.916, 8.811, 9.965, 11.671, 12.66, 13.587, 15.556, 16.498, 16.598, 17.691, 19.03, 19.678, 20.046, 19.989, 20.044, 20.192, 20.221, 20.589, 21.239, 21.98, 21.971, 22.002, 22.305, 22.211, 22.338, 22.956, 24.51, 25.673, 25.831, 25.716, 25.982, 26.126, 26.22, 26.338, 26.33, 26.294, 26.097, 25.99, 25.998, 25.977, 25.815, 25.631, 25.423, 25.28, 25.439, 25.489, 25.662, 25.934, 26.266, 26.593, 26.891], [24.402, 24.177, 23.836, 23.587, 23.559, 23.199, 21.922, 20.607, 20.313, 20.179, 18.82, 17.533, 17.089, 16.984, 16.876, 16.851, 16.752, 16.531, 16.196, 15.42, 14.525, 14.018, 13.541, 13.066, 12.495, 11.732, 10.237, 8.568, 7.818, 7.377, 6.405, 5.489, 3.592, 0.0, 3.796, 6.241, 7.454, 8.845, 10.752, 11.786, 12.608, 14.406, 15.206, 15.245, 16.36, 17.753, 18.434, 18.808, 18.842, 18.945, 19.07, 19.12, 19.551, 20.184, 20.86, 20.934, 21.073, 21.425, 21.433, 21.62, 22.222, 23.664, 24.754, 24.908, 24.806, 25.033, 25.182, 25.347, 25.491, 25.492, 25.494, 25.311, 25.202, 25.221, 25.21, 25.05, 24.903, 24.756, 24.696, 24.915, 24.975, 25.178, 25.392, 25.656, 26.02, 26.324], [24.31, 24.182, 23.83, 23.566, 23.54, 23.178, 22.016, 20.914, 20.693, 20.549, 19.196, 17.889, 17.437, 17.381, 17.318, 17.304, 17.204, 17.031, 16.694, 15.95, 15.088, 14.443, 13.911, 13.536, 13.106, 12.425, 11.185, 9.979, 9.442, 8.996, 8.056, 7.415, 6.366, 3.796, 0.0, 3.341, 5.249, 7.255, 9.764, 10.967, 11.678, 13.389, 14.107, 14.127, 15.396, 16.95, 17.74, 18.174, 18.256, 18.35, 18.435, 18.509, 18.961, 19.571, 20.259, 20.397, 20.534, 20.848, 20.867, 21.021, 21.569, 22.944, 24.026, 24.185, 24.107, 24.336, 24.45, 24.669, 24.91, 24.946, 24.979, 24.798, 24.671, 24.704, 24.715, 24.562, 24.436, 24.321, 24.304, 24.578, 24.658, 24.86, 25.038, 25.284, 25.677, 25.989], [24.247, 24.202, 23.879, 23.625, 23.595, 23.242, 22.156, 21.133, 20.916, 20.767, 19.425, 18.115, 17.648, 17.639, 17.635, 17.613, 17.495, 17.329, 17.011, 16.296, 15.432, 14.834, 14.421, 14.118, 13.768, 13.199, 12.129, 11.032, 10.455, 10.04, 9.17, 8.607, 7.916, 6.241, 3.341, 0.0, 2.702, 5.619, 8.722, 10.09, 10.683, 12.329, 13.078, 13.13, 14.53, 16.254, 17.177, 17.694, 17.779, 17.887, 17.99, 18.077, 18.542, 19.201, 19.997, 20.161, 20.248, 20.526, 20.474, 20.561, 21.086, 22.544, 23.715, 23.885, 23.818, 24.078, 24.191, 24.412, 24.714, 24.817, 24.865, 24.676, 24.545, 24.581, 24.593, 24.432, 24.293, 24.17, 24.124, 24.395, 24.478, 24.653, 24.845, 25.125, 25.525, 25.859], [24.334, 24.308, 24.041, 23.845, 23.818, 23.465, 22.405, 21.376, 21.151, 21.017, 19.718, 18.451, 17.985, 17.982, 17.988, 17.96, 17.84, 17.677, 17.377, 16.67, 15.832, 15.316, 14.962, 14.664, 14.322, 13.808, 12.812, 11.697, 11.074, 10.691, 9.895, 9.38, 8.811, 7.454, 5.249, 2.702, 0.0, 3.698, 7.4, 9.032, 9.713, 11.516, 12.411, 12.52, 13.996, 15.816, 16.814, 17.391, 17.476, 17.597, 17.744, 17.833, 18.332, 19.081, 19.973, 20.143, 20.241, 20.536, 20.456, 20.518, 21.027, 22.564, 23.799, 23.98, 23.915, 24.194, 24.313, 24.538, 24.863, 25.0, 25.054, 24.867, 24.741, 24.772, 24.776, 24.611, 24.458, 24.319, 24.238, 24.493, 24.573, 24.731, 24.955, 25.257, 25.643, 25.989], [24.957, 24.925, 24.718, 24.657, 24.703, 24.381, 23.359, 22.317, 22.061, 21.937, 20.72, 19.517, 19.052, 19.022, 18.983, 18.905, 18.763, 18.63, 18.378, 17.664, 16.884, 16.509, 16.207, 15.875, 15.525, 15.026, 14.03, 12.851, 12.17, 11.808, 11.07, 10.532, 9.965, 8.845, 7.255, 5.619, 3.698, 0.0, 4.341, 6.632, 7.826, 10.384, 11.746, 11.981, 13.672, 15.746, 16.866, 17.494, 17.544, 17.61, 17.803, 17.918, 18.476, 19.373, 20.373, 20.56, 20.726, 21.084, 21.016, 21.12, 21.646, 23.233, 24.522, 24.704, 24.637, 24.931, 25.067, 25.319, 25.67, 25.789, 25.785, 25.604, 25.486, 25.5, 25.501, 25.352, 25.189, 25.002, 24.849, 25.062, 25.137, 25.288, 25.572, 25.914, 26.265, 26.604], [26.104, 26.056, 25.899, 25.957, 26.089, 25.835, 24.875, 23.836, 23.549, 23.43, 22.317, 21.198, 20.736, 20.657, 20.556, 20.422, 20.255, 20.14, 19.908, 19.156, 18.466, 18.316, 18.135, 17.798, 17.431, 16.91, 15.864, 14.655, 13.936, 13.558, 12.923, 12.331, 11.671, 10.752, 9.764, 8.722, 7.4, 4.341, 0.0, 3.262, 5.774, 9.462, 11.427, 11.807, 13.649, 15.999, 17.26, 17.945, 17.991, 18.024, 18.265, 18.437, 19.109, 20.178, 21.221, 21.392, 21.683, 22.139, 22.125, 22.332, 22.922, 24.524, 25.819, 25.997, 25.922, 26.225, 26.393, 26.647, 27.008, 27.102, 27.008, 26.822, 26.73, 26.751, 26.745, 26.6, 26.415, 26.173, 25.916, 26.038, 26.079, 26.204, 26.533, 26.901, 27.201, 27.526], [26.533, 26.462, 26.327, 26.424, 26.603, 26.41, 25.51, 24.451, 24.142, 24.037, 23.002, 21.994, 21.58, 21.451, 21.281, 21.112, 20.948, 20.862, 20.666, 19.971, 19.415, 19.409, 19.309, 19.02, 18.676, 18.112, 16.911, 15.549, 14.762, 14.368, 13.888, 13.388, 12.66, 11.786, 10.967, 10.09, 9.032, 6.632, 3.262, 0.0, 3.967, 8.67, 11.034, 11.575, 13.396, 15.761, 17.085, 17.824, 17.922, 18.059, 18.358, 18.52, 19.22, 20.371, 21.44, 21.613, 21.991, 22.489, 22.501, 22.769, 23.467, 25.135, 26.427, 26.607, 26.519, 26.801, 26.991, 27.214, 27.535, 27.602, 27.488, 27.3, 27.222, 27.275, 27.281, 27.128, 26.913, 26.643, 26.358, 26.45, 26.457, 26.569, 26.941, 27.321, 27.597, 27.929], [25.788, 25.736, 25.592, 25.652, 25.817, 25.663, 24.992, 24.196, 23.925, 23.844, 22.946, 22.065, 21.741, 21.647, 21.478, 21.326, 21.205, 21.177, 21.047, 20.529, 20.046, 19.933, 19.736, 19.425, 19.124, 18.591, 17.533, 16.395, 15.681, 15.346, 14.864, 14.376, 13.587, 12.608, 11.678, 10.683, 9.713, 7.826, 5.774, 3.967, 0.0, 5.521, 8.535, 9.256, 11.19, 13.711, 15.099, 15.802, 15.914, 16.181, 16.546, 16.715, 17.447, 18.646, 19.774, 20.001, 20.465, 21.034, 21.083, 21.44, 22.249, 23.999, 25.283, 25.458, 25.378, 25.615, 25.822, 26.044, 26.331, 26.429, 26.37, 26.199, 26.115, 26.179, 26.216, 26.072, 25.863, 25.628, 25.422, 25.555, 25.543, 25.675, 26.051, 26.405, 26.704, 27.069], [24.427, 24.411, 24.227, 24.207, 24.342, 24.207, 23.818, 23.543, 23.46, 23.363, 22.687, 22.0, 21.741, 21.714, 21.633, 21.554, 21.515, 21.547, 21.434, 21.108, 20.692, 20.348, 19.996, 19.678, 19.453, 19.015, 18.437, 18.092, 17.632, 17.375, 16.948, 16.43, 15.556, 14.406, 13.389, 12.329, 11.516, 10.384, 9.462, 8.67, 5.521, 0.0, 3.932, 5.246, 7.352, 10.273, 11.937, 12.659, 12.855, 13.308, 13.727, 13.985, 14.802, 15.979, 17.122, 17.463, 18.033, 18.719, 18.897, 19.365, 20.135, 21.776, 23.007, 23.175, 23.118, 23.31, 23.543, 23.79, 24.08, 24.268, 24.3, 24.173, 24.1, 24.173, 24.217, 24.078, 23.924, 23.8, 23.753, 23.959, 23.933, 24.096, 24.386, 24.653, 25.015, 25.42], [23.458, 23.461, 23.232, 23.133, 23.245, 23.1, 22.796, 22.792, 22.88, 22.747, 22.13, 21.559, 21.332, 21.337, 21.325, 21.299, 21.307, 21.368, 21.239, 20.996, 20.59, 20.077, 19.65, 19.384, 19.229, 18.849, 18.531, 18.673, 18.407, 18.177, 17.856, 17.415, 16.498, 15.206, 14.107, 13.078, 12.411, 11.746, 11.427, 11.034, 8.535, 3.932, 0.0, 2.56, 5.273, 8.413, 10.275, 11.083, 11.559, 12.299, 12.695, 13.003, 13.854, 14.849, 15.892, 16.326, 16.913, 17.598, 17.875, 18.369, 19.038, 20.474, 21.591, 21.764, 21.709, 21.837, 22.09, 22.354, 22.622, 22.868, 22.976, 22.881, 22.821, 22.917, 22.962, 22.815, 22.747, 22.769, 22.867, 23.137, 23.123, 23.307, 23.458, 23.587, 23.992, 24.418], [23.214, 23.208, 22.96, 22.846, 22.96, 22.807, 22.497, 22.523, 22.635, 22.518, 21.905, 21.322, 21.097, 21.119, 21.138, 21.133, 21.147, 21.215, 21.079, 20.836, 20.418, 19.866, 19.424, 19.154, 18.975, 18.607, 18.353, 18.579, 18.352, 18.144, 17.874, 17.493, 16.598, 15.245, 14.127, 13.13, 12.52, 11.981, 11.807, 11.575, 9.256, 5.246, 2.56, 0.0, 3.855, 7.563, 9.461, 10.251, 10.786, 11.545, 11.934, 12.291, 13.232, 14.236, 15.296, 15.769, 16.388, 17.095, 17.393, 17.91, 18.588, 20.008, 21.093, 21.263, 21.204, 21.307, 21.571, 21.855, 22.104, 22.37, 22.5, 22.41, 22.358, 22.443, 22.497, 22.356, 22.325, 22.435, 22.623, 22.941, 22.942, 23.128, 23.228, 23.321, 23.729, 24.164], [22.517, 22.492, 22.211, 22.081, 22.243, 22.138, 21.881, 22.016, 22.163, 22.064, 21.669, 21.302, 21.149, 21.171, 21.166, 21.15, 21.202, 21.319, 21.216, 21.079, 20.759, 20.218, 19.773, 19.542, 19.412, 19.067, 18.892, 19.294, 19.154, 19.005, 18.87, 18.57, 17.691, 16.36, 15.396, 14.53, 13.996, 13.672, 13.649, 13.396, 11.19, 7.352, 5.273, 3.855, 0.0, 4.394, 6.714, 7.7, 8.331, 9.322, 9.818, 10.186, 11.218, 12.311, 13.491, 14.084, 14.884, 15.659, 16.001, 16.593, 17.369, 18.907, 20.008, 20.191, 20.138, 20.228, 20.533, 20.846, 21.097, 21.465, 21.701, 21.623, 21.58, 21.685, 21.762, 21.619, 21.595, 21.795, 22.121, 22.514, 22.488, 22.675, 22.771, 22.793, 23.223, 23.691], [21.689, 21.647, 21.332, 21.155, 21.324, 21.262, 21.113, 21.427, 21.653, 21.566, 21.394, 21.326, 21.312, 21.336, 21.311, 21.313, 21.422, 21.588, 21.495, 21.455, 21.227, 20.632, 20.124, 19.943, 19.913, 19.628, 19.544, 20.182, 20.23, 20.154, 20.124, 19.901, 19.03, 17.753, 16.95, 16.254, 15.816, 15.746, 15.999, 15.761, 13.711, 10.273, 8.413, 7.563, 4.394, 0.0, 2.982, 4.55, 5.73, 7.618, 8.318, 8.517, 9.491, 10.467, 11.679, 12.417, 13.483, 14.314, 14.751, 15.388, 16.223, 17.806, 18.818, 19.04, 18.97, 18.979, 19.291, 19.597, 19.79, 20.268, 20.69, 20.66, 20.622, 20.766, 20.897, 20.782, 20.786, 21.12, 21.674, 22.197, 22.168, 22.391, 22.45, 22.306, 22.745, 23.251], [21.408, 21.351, 21.017, 20.809, 20.958, 20.917, 20.856, 21.268, 21.52, 21.436, 21.34, 21.38, 21.462, 21.506, 21.484, 21.512, 21.648, 21.829, 21.738, 21.723, 21.523, 20.883, 20.308, 20.126, 20.132, 19.884, 19.84, 20.562, 20.751, 20.723, 20.726, 20.54, 19.678, 18.434, 17.74, 17.177, 16.814, 16.866, 17.26, 17.085, 15.099, 11.937, 10.275, 9.461, 6.714, 2.982, 0.0, 2.244, 4.372, 6.844, 7.623, 7.767, 8.748, 9.632, 10.771, 11.541, 12.762, 13.672, 14.202, 14.919, 15.818, 17.371, 18.25, 18.481, 18.402, 18.331, 18.65, 18.929, 19.016, 19.541, 20.093, 20.111, 20.077, 20.228, 20.397, 20.31, 20.343, 20.779, 21.512, 22.149, 22.155, 22.435, 22.442, 22.184, 22.625, 23.145], [21.443, 21.396, 21.065, 20.843, 20.97, 20.945, 20.975, 21.447, 21.673, 21.592, 21.52, 21.572, 21.7, 21.781, 21.783, 21.831, 21.974, 22.167, 22.107, 22.142, 21.948, 21.274, 20.647, 20.421, 20.412, 20.17, 20.136, 20.858, 21.114, 21.119, 21.108, 20.917, 20.046, 18.808, 18.174, 17.694, 17.391, 17.494, 17.945, 17.824, 15.802, 12.659, 11.083, 10.251, 7.7, 4.55, 2.244, 0.0, 3.069, 6.033, 6.868, 7.043, 8.054, 8.922, 10.05, 10.878, 12.263, 13.293, 13.908, 14.698, 15.652, 17.177, 17.985, 18.21, 18.15, 18.061, 18.39, 18.679, 18.72, 19.237, 19.829, 19.892, 19.873, 19.994, 20.143, 20.062, 20.131, 20.608, 21.404, 22.072, 22.085, 22.405, 22.401, 22.122, 22.568, 23.088], [21.699, 21.678, 21.37, 21.161, 21.28, 21.264, 21.3, 21.752, 21.924, 21.847, 21.775, 21.781, 21.895, 21.995, 22.027, 22.086, 22.227, 22.422, 22.375, 22.422, 22.2, 21.509, 20.856, 20.58, 20.559, 20.356, 20.346, 20.989, 21.195, 21.191, 21.114, 20.844, 19.989, 18.842, 18.256, 17.779, 17.476, 17.544, 17.991, 17.922, 15.914, 12.855, 11.559, 10.786, 8.331, 5.73, 4.372, 3.069, 0.0, 3.604, 4.846, 4.999, 6.062, 7.174, 8.822, 9.817, 11.327, 12.508, 13.114, 13.897, 14.839, 16.563, 17.543, 17.787, 17.764, 17.798, 18.151, 18.47, 18.599, 19.133, 19.723, 19.808, 19.798, 19.881, 19.999, 19.948, 20.039, 20.45, 21.19, 21.864, 21.883, 22.203, 22.299, 22.162, 22.618, 23.132], [22.191, 22.188, 21.898, 21.719, 21.839, 21.819, 21.782, 22.141, 22.282, 22.206, 22.105, 22.045, 22.125, 22.234, 22.287, 22.354, 22.492, 22.682, 22.608, 22.603, 22.345, 21.633, 20.978, 20.688, 20.661, 20.475, 20.511, 21.17, 21.348, 21.317, 21.183, 20.849, 20.044, 18.945, 18.35, 17.887, 17.597, 17.61, 18.024, 18.059, 16.181, 13.308, 12.299, 11.545, 9.322, 7.618, 6.844, 6.033, 3.604, 0.0, 1.929, 2.687, 4.175, 5.769, 7.952, 9.113, 10.669, 11.974, 12.503, 13.307, 14.196, 15.991, 17.149, 17.377, 17.435, 17.66, 18.057, 18.437, 18.731, 19.321, 19.879, 19.961, 19.934, 19.955, 20.015, 19.986, 20.114, 20.467, 21.128, 21.784, 21.836, 22.143, 22.309, 22.379, 22.887, 23.365], [22.201, 22.205, 21.913, 21.722, 21.822, 21.787, 21.744, 22.119, 22.272, 22.194, 22.1, 22.043, 22.131, 22.249, 22.314, 22.4, 22.555, 22.753, 22.677, 22.649, 22.353, 21.6, 20.93, 20.641, 20.614, 20.423, 20.497, 21.257, 21.493, 21.469, 21.322, 20.98, 20.192, 19.07, 18.435, 17.99, 17.744, 17.803, 18.265, 18.358, 16.546, 13.727, 12.695, 11.934, 9.818, 8.318, 7.623, 6.868, 4.846, 1.929, 0.0, 1.91, 3.847, 5.544, 7.668, 8.808, 10.472, 11.811, 12.327, 13.196, 14.109, 15.763, 16.877, 17.104, 17.189, 17.448, 17.865, 18.257, 18.581, 19.189, 19.746, 19.828, 19.795, 19.812, 19.855, 19.815, 19.961, 20.336, 21.012, 21.666, 21.736, 22.054, 22.2, 22.3, 22.864, 23.342], [21.934, 21.948, 21.658, 21.452, 21.527, 21.499, 21.496, 21.898, 22.055, 21.987, 21.929, 21.905, 22.012, 22.124, 22.177, 22.264, 22.426, 22.642, 22.601, 22.618, 22.318, 21.537, 20.85, 20.572, 20.573, 20.398, 20.471, 21.228, 21.468, 21.455, 21.319, 21.001, 20.221, 19.12, 18.509, 18.077, 17.833, 17.918, 18.437, 18.52, 16.715, 13.985, 13.003, 12.291, 10.186, 8.517, 7.767, 7.043, 4.999, 2.687, 1.91, 0.0, 2.443, 4.721, 7.21, 8.43, 10.07, 11.399, 11.907, 12.756, 13.714, 15.482, 16.614, 16.847, 16.936, 17.167, 17.587, 17.968, 18.251, 18.87, 19.469, 19.562, 19.527, 19.545, 19.599, 19.585, 19.739, 20.09, 20.781, 21.48, 21.555, 21.883, 22.065, 22.163, 22.734, 23.266], [21.726, 21.764, 21.477, 21.258, 21.326, 21.323, 21.38, 21.819, 21.974, 21.914, 21.888, 21.896, 22.021, 22.136, 22.173, 22.243, 22.408, 22.643, 22.651, 22.765, 22.504, 21.716, 21.025, 20.76, 20.799, 20.668, 20.776, 21.506, 21.718, 21.714, 21.605, 21.326, 20.589, 19.551, 18.961, 18.542, 18.332, 18.476, 19.109, 19.22, 17.447, 14.802, 13.854, 13.232, 11.218, 9.491, 8.748, 8.054, 6.062, 4.175, 3.847, 2.443, 0.0, 3.224, 6.516, 7.973, 9.516, 10.826, 11.326, 12.101, 13.019, 14.888, 16.086, 16.304, 16.412, 16.675, 17.105, 17.5, 17.803, 18.447, 19.085, 19.192, 19.148, 19.146, 19.199, 19.226, 19.396, 19.683, 20.363, 21.115, 21.213, 21.552, 21.779, 21.952, 22.54, 23.087], [21.188, 21.237, 20.925, 20.675, 20.753, 20.745, 20.839, 21.406, 21.609, 21.531, 21.532, 21.592, 21.748, 21.878, 21.929, 22.026, 22.222, 22.47, 22.459, 22.64, 22.458, 21.644, 20.927, 20.674, 20.765, 20.707, 21.015, 21.998, 22.306, 22.327, 22.231, 21.968, 21.239, 20.184, 19.571, 19.201, 19.081, 19.373, 20.178, 20.371, 18.646, 15.979, 14.849, 14.236, 12.311, 10.467, 9.632, 8.922, 7.174, 5.769, 5.544, 4.721, 3.224, 0.0, 4.116, 6.26, 8.044, 9.506, 10.199, 10.978, 11.729, 13.514, 14.704, 14.946, 15.05, 15.317, 15.792, 16.244, 16.629, 17.38, 18.108, 18.225, 18.176, 18.178, 18.272, 18.353, 18.591, 18.97, 19.783, 20.615, 20.751, 21.115, 21.228, 21.342, 21.968, 22.472], [21.011, 21.036, 20.697, 20.42, 20.488, 20.446, 20.555, 21.253, 21.514, 21.421, 21.459, 21.582, 21.779, 21.907, 21.959, 22.105, 22.344, 22.604, 22.542, 22.698, 22.556, 21.734, 20.981, 20.73, 20.839, 20.789, 21.249, 22.583, 23.077, 23.106, 22.99, 22.735, 21.98, 20.86, 20.259, 19.997, 19.973, 20.373, 21.221, 21.44, 19.774, 17.122, 15.892, 15.296, 13.491, 11.679, 10.771, 10.05, 8.822, 7.952, 7.668, 7.21, 6.516, 4.116, 0.0, 3.229, 6.096, 8.045, 9.214, 10.302, 11.09, 12.633, 13.705, 14.02, 14.078, 14.25, 14.805, 15.27, 15.593, 16.391, 17.235, 17.364, 17.323, 17.379, 17.55, 17.689, 17.999, 18.539, 19.546, 20.44, 20.593, 21.008, 20.998, 20.975, 21.64, 22.104], [21.237, 21.233, 20.896, 20.623, 20.679, 20.619, 20.707, 21.357, 21.587, 21.506, 21.55, 21.681, 21.891, 21.999, 22.022, 22.152, 22.387, 22.648, 22.583, 22.719, 22.605, 21.878, 21.171, 20.913, 21.002, 20.925, 21.31, 22.591, 23.086, 23.11, 22.992, 22.71, 21.971, 20.934, 20.397, 20.161, 20.143, 20.56, 21.392, 21.613, 20.001, 17.463, 16.326, 15.769, 14.084, 12.417, 11.541, 10.878, 9.817, 9.113, 8.808, 8.43, 7.973, 6.26, 3.229, 0.0, 4.298, 6.787, 8.209, 9.634, 10.752, 12.553, 13.79, 14.198, 14.22, 14.411, 14.967, 15.347, 15.581, 16.286, 17.088, 17.188, 17.149, 17.214, 17.422, 17.596, 17.887, 18.416, 19.421, 20.288, 20.43, 20.856, 20.897, 20.937, 21.62, 22.08], [21.248, 21.255, 20.902, 20.6, 20.655, 20.597, 20.666, 21.27, 21.489, 21.414, 21.433, 21.521, 21.718, 21.823, 21.835, 21.947, 22.167, 22.423, 22.348, 22.518, 22.437, 21.738, 21.083, 20.88, 21.033, 21.013, 21.433, 22.647, 23.026, 23.026, 22.918, 22.66, 22.002, 21.073, 20.534, 20.248, 20.241, 20.726, 21.683, 21.991, 20.465, 18.033, 16.913, 16.388, 14.884, 13.483, 12.762, 12.263, 11.327, 10.669, 10.472, 10.07, 9.516, 8.044, 6.096, 4.298, 0.0, 3.062, 4.955, 6.805, 8.368, 10.709, 12.468, 12.911, 12.945, 13.233, 13.833, 14.191, 14.48, 15.191, 15.982, 16.06, 15.983, 15.977, 16.176, 16.438, 16.762, 17.215, 18.191, 19.133, 19.334, 19.759, 19.829, 20.061, 20.829, 21.293], [21.139, 21.167, 20.81, 20.482, 20.534, 20.477, 20.543, 21.151, 21.384, 21.321, 21.36, 21.467, 21.675, 21.779, 21.781, 21.885, 22.1, 22.368, 22.295, 22.48, 22.418, 21.733, 21.113, 20.979, 21.198, 21.213, 21.641, 22.838, 23.184, 23.18, 23.101, 22.892, 22.305, 21.425, 20.848, 20.526, 20.536, 21.084, 22.139, 22.489, 21.034, 18.719, 17.598, 17.095, 15.659, 14.314, 13.672, 13.293, 12.508, 11.974, 11.811, 11.399, 10.826, 9.506, 8.045, 6.787, 3.062, 0.0, 2.849, 5.157, 7.266, 9.893, 11.831, 12.279, 12.304, 12.575, 13.184, 13.524, 13.833, 14.627, 15.474, 15.57, 15.483, 15.475, 15.685, 15.98, 16.293, 16.688, 17.641, 18.622, 18.841, 19.26, 19.342, 19.619, 20.418, 20.899], [21.065, 21.105, 20.764, 20.445, 20.501, 20.449, 20.473, 20.972, 21.155, 21.105, 21.158, 21.264, 21.464, 21.561, 21.551, 21.639, 21.841, 22.113, 22.056, 22.25, 22.211, 21.594, 21.049, 20.957, 21.212, 21.254, 21.628, 22.713, 22.989, 22.988, 22.935, 22.735, 22.211, 21.433, 20.867, 20.474, 20.456, 21.016, 22.125, 22.501, 21.083, 18.897, 17.875, 17.393, 16.001, 14.751, 14.202, 13.908, 13.114, 12.503, 12.327, 11.907, 11.326, 10.199, 9.214, 8.209, 4.955, 2.849, 0.0, 3.287, 6.332, 9.588, 11.826, 12.279, 12.338, 12.702, 13.308, 13.581, 13.987, 14.841, 15.622, 15.696, 15.61, 15.554, 15.737, 16.014, 16.276, 16.612, 17.481, 18.413, 18.615, 18.987, 19.15, 19.586, 20.403, 20.902], [20.889, 20.959, 20.633, 20.302, 20.347, 20.298, 20.293, 20.734, 20.905, 20.855, 20.899, 20.996, 21.175, 21.279, 21.279, 21.354, 21.535, 21.797, 21.737, 21.975, 22.002, 21.432, 20.935, 20.88, 21.179, 21.296, 21.724, 22.781, 22.995, 23.002, 22.981, 22.798, 22.338, 21.62, 21.021, 20.561, 20.518, 21.12, 22.332, 22.769, 21.44, 19.365, 18.369, 17.91, 16.593, 15.388, 14.919, 14.698, 13.897, 13.307, 13.196, 12.756, 12.101, 10.978, 10.302, 9.634, 6.805, 5.157, 3.287, 0.0, 4.075, 8.388, 11.183, 11.661, 11.669, 12.127, 12.684, 13.035, 13.694, 14.625, 1