[[0.0, 1.745, 4.033, 5.991, 7.622, 8.357, 9.054, 10.512, 11.21, 11.818, 12.456, 12.875, 13.05, 13.276, 13.531, 13.878, 14.515, 14.825, 15.032, 15.432, 15.798, 16.262, 16.789, 17.03, 17.216, 17.569, 17.879, 17.814, 17.665, 17.588, 17.586, 17.846, 17.914, 18.042, 18.247, 18.251, 18.164, 17.972, 18.121, 18.61, 18.884, 19.117, 19.498, 20.148, 20.556, 20.707, 20.747, 20.789, 20.748, 20.593, 20.759, 20.957, 21.122, 21.163, 21.053, 21.293, 21.572, 22.665, 24.665, 27.026, 28.759, 29.256, 29.572, 29.575, 28.806, 27.193, 26.055, 25.207, 24.479, 24.967, 26.584, 27.451, 27.615, 27.716, 27.582, 27.306, 27.188, 27.007, 26.971, 26.821, 27.039, 27.413, 27.26, 26.933, 26.789, 26.89], [1.745, 0.0, 2.752, 4.935, 6.742, 7.56, 8.35, 9.973, 10.722, 11.257, 11.901, 12.379, 12.569, 12.803, 13.085, 13.442, 14.085, 14.387, 14.592, 15.019, 15.407, 15.872, 16.397, 16.631, 16.813, 17.169, 17.485, 17.431, 17.295, 17.249, 17.267, 17.529, 17.601, 17.745, 17.961, 17.989, 17.907, 17.691, 17.836, 18.341, 18.627, 18.866, 19.272, 19.95, 20.384, 20.541, 20.58, 20.626, 20.584, 20.433, 20.622, 20.833, 21.006, 21.051, 20.945, 21.208, 21.495, 22.621, 24.672, 27.092, 28.859, 29.357, 29.674, 29.675, 28.892, 27.232, 26.056, 25.184, 24.442, 24.95, 26.598, 27.468, 27.621, 27.729, 27.601, 27.319, 27.202, 27.025, 26.985, 26.831, 27.051, 27.435, 27.279, 26.938, 26.786, 26.892], [4.033, 2.752, 0.0, 2.718, 5.166, 6.173, 7.1, 9.046, 9.856, 10.345, 11.012, 11.612, 11.905, 12.158, 12.455, 12.765, 13.415, 13.727, 13.93, 14.379, 14.812, 15.275, 15.809, 16.048, 16.217, 16.581, 16.931, 16.901, 16.787, 16.793, 16.827, 17.075, 17.159, 17.337, 17.565, 17.615, 17.55, 17.322, 17.487, 18.021, 18.313, 18.573, 19.034, 19.763, 20.233, 20.383, 20.418, 20.477, 20.432, 20.282, 20.5, 20.729, 20.906, 20.944, 20.835, 21.127, 21.422, 22.57, 24.674, 27.165, 28.969, 29.474, 29.8, 29.807, 29.005, 27.292, 26.09, 25.204, 24.447, 24.968, 26.652, 27.53, 27.67, 27.774, 27.64, 27.345, 27.226, 27.047, 26.999, 26.845, 27.067, 27.459, 27.295, 26.936, 26.779, 26.889], [5.991, 4.935, 2.718, 0.0, 3.142, 4.564, 5.75, 8.072, 8.953, 9.465, 10.198, 10.891, 11.282, 11.56, 11.92, 12.267, 12.92, 13.249, 13.462, 13.928, 14.398, 14.832, 15.379, 15.645, 15.803, 16.189, 16.587, 16.583, 16.477, 16.55, 16.653, 16.89, 16.967, 17.165, 17.39, 17.431, 17.361, 17.148, 17.373, 17.937, 18.23, 18.512, 19.021, 19.786, 20.268, 20.405, 20.44, 20.509, 20.466, 20.318, 20.55, 20.791, 20.977, 21.018, 20.919, 21.238, 21.532, 22.678, 24.797, 27.31, 29.111, 29.616, 29.945, 29.953, 29.146, 27.418, 26.22, 25.34, 24.57, 25.079, 26.783, 27.663, 27.778, 27.874, 27.735, 27.427, 27.299, 27.12, 27.075, 26.922, 27.137, 27.535, 27.364, 26.988, 26.835, 26.952], [7.622, 6.742, 5.166, 3.142, 0.0, 2.252, 4.079, 6.733, 7.715, 8.212, 9.083, 9.825, 10.301, 10.573, 11.016, 11.491, 12.167, 12.509, 12.756, 13.271, 13.792, 14.202, 14.78, 15.097, 15.25, 15.671, 16.122, 16.15, 16.087, 16.288, 16.524, 16.762, 16.804, 17.003, 17.222, 17.25, 17.166, 16.967, 17.257, 17.832, 18.12, 18.428, 18.987, 19.785, 20.278, 20.414, 20.448, 20.531, 20.509, 20.387, 20.639, 20.893, 21.085, 21.139, 21.059, 21.402, 21.706, 22.854, 24.969, 27.483, 29.268, 29.761, 30.087, 30.086, 29.261, 27.495, 26.281, 25.4, 24.611, 25.084, 26.778, 27.662, 27.766, 27.859, 27.709, 27.387, 27.255, 27.093, 27.062, 26.911, 27.113, 27.509, 27.322, 26.922, 26.764, 26.89], [8.357, 7.56, 6.173, 4.564, 2.252, 0.0, 2.829, 6.052, 7.09, 7.525, 8.418, 9.17, 9.678, 9.924, 10.365, 10.911, 11.648, 12.031, 12.312, 12.854, 13.386, 13.772, 14.367, 14.705, 14.848, 15.28, 15.766, 15.834, 15.826, 16.095, 16.366, 16.584, 16.602, 16.803, 17.035, 17.074, 16.989, 16.794, 17.12, 17.73, 18.032, 18.347, 18.934, 19.746, 20.25, 20.392, 20.418, 20.507, 20.497, 20.387, 20.658, 20.923, 21.122, 21.183, 21.121, 21.493, 21.818, 22.984, 25.114, 27.648, 29.444, 29.935, 30.251, 30.235, 29.385, 27.575, 26.334, 25.432, 24.614, 25.076, 26.787, 27.678, 27.781, 27.877, 27.725, 27.394, 27.257, 27.099, 27.069, 26.92, 27.121, 27.514, 27.319, 26.913, 26.753, 26.879], [9.054, 8.35, 7.1, 5.75, 4.079, 2.829, 0.0, 4.313, 5.758, 6.186, 7.231, 8.073, 8.665, 8.931, 9.386, 10.002, 10.856, 11.326, 11.667, 12.248, 12.793, 13.177, 13.834, 14.212, 14.352, 14.796, 15.334, 15.447, 15.478, 15.783, 16.078, 16.31, 16.316, 16.52, 16.772, 16.823, 16.73, 16.51, 16.832, 17.45, 17.825, 18.227, 18.84, 19.658, 20.174, 20.308, 20.328, 20.428, 20.427, 20.309, 20.583, 20.86, 21.062, 21.112, 21.047, 21.43, 21.758, 22.92, 25.062, 27.625, 29.433, 29.923, 30.244, 30.24, 29.387, 27.568, 26.335, 25.431, 24.596, 25.069, 26.817, 27.721, 27.817, 27.906, 27.745, 27.398, 27.255, 27.087, 27.055, 26.913, 27.124, 27.528, 27.341, 26.938, 26.776, 26.901], [10.512, 9.973, 9.046, 8.072, 6.733, 6.052, 4.313, 0.0, 2.645, 4.356, 5.938, 6.854, 7.517, 7.757, 8.194, 9.083, 10.141, 10.699, 11.065, 11.659, 12.299, 12.727, 13.373, 13.86, 14.007, 14.394, 14.95, 15.102, 15.086, 15.293, 15.598, 15.919, 15.99, 16.204, 16.463, 16.532, 16.426, 16.187, 16.571, 17.219, 17.699, 18.335, 19.043, 19.88, 20.41, 20.523, 20.538, 20.657, 20.685, 20.596, 20.857, 21.117, 21.313, 21.33, 21.251, 21.629, 21.963, 23.129, 25.27, 27.84, 29.615, 30.074, 30.419, 30.486, 29.665, 27.851, 26.625, 25.738, 24.921, 25.358, 27.086, 28.002, 28.087, 28.165, 28.021, 27.682, 27.534, 27.346, 27.311, 27.181, 27.376, 27.763, 27.56, 27.139, 26.979, 27.122], [11.21, 10.722, 9.856, 8.953, 7.715, 7.09, 5.758, 2.645, 0.0, 3.556, 5.882, 6.864, 7.62, 7.871, 8.215, 8.909, 9.93, 10.492, 10.811, 11.371, 12.083, 12.547, 13.174, 13.688, 13.826, 14.211, 14.785, 14.941, 14.875, 15.021, 15.34, 15.704, 15.859, 16.155, 16.437, 16.506, 16.41, 16.185, 16.57, 17.207, 17.671, 18.36, 19.101, 19.909, 20.418, 20.525, 20.541, 20.674, 20.712, 20.643, 20.917, 21.182, 21.382, 21.412, 21.355, 21.741, 22.075, 23.233, 25.329, 27.836, 29.571, 30.014, 30.362, 30.46, 29.67, 27.887, 26.684, 25.813, 24.993, 25.373, 27.077, 28.007, 28.092, 28.167, 28.034, 27.701, 27.55, 27.36, 27.32, 27.194, 27.369, 27.73, 27.512, 27.08, 26.929, 27.085], [11.818, 11.257, 10.345, 9.465, 8.212, 7.525, 6.186, 4.356, 3.556, 0.0, 3.459, 5.369, 6.376, 6.635, 7.191, 7.996, 8.978, 9.588, 9.971, 10.617, 11.349, 11.872, 12.611, 13.146, 13.279, 13.71, 14.341, 14.506, 14.509, 14.761, 15.137, 15.511, 15.648, 15.935, 16.21, 16.3, 16.217, 15.95, 16.296, 16.94, 17.432, 18.096, 18.825, 19.659, 20.196, 20.304, 20.304, 20.436, 20.462, 20.382, 20.692, 20.972, 21.171, 21.23, 21.202, 21.628, 21.984, 23.173, 25.282, 27.78, 29.522, 29.948, 30.26, 30.327, 29.523, 27.688, 26.443, 25.547, 24.709, 25.095, 26.811, 27.729, 27.802, 27.894, 27.762, 27.406, 27.258, 27.092, 27.053, 26.915, 27.102, 27.478, 27.262, 26.83, 26.663, 26.811], [12.456, 11.901, 11.012, 10.198, 9.083, 8.418, 7.231, 5.938, 5.882, 3.459, 0.0, 3.238, 4.742, 5.01, 5.926, 7.037, 7.965, 8.541, 9.03, 9.802, 10.558, 11.138, 11.954, 12.524, 12.71, 13.17, 13.829, 14.033, 14.14, 14.494, 14.841, 15.139, 15.187, 15.427, 15.699, 15.819, 15.789, 15.588, 15.999, 16.677, 17.204, 17.893, 18.644, 19.528, 20.102, 20.209, 20.19, 20.303, 20.313, 20.217, 20.514, 20.787, 20.974, 21.012, 20.952, 21.372, 21.718, 22.902, 25.055, 27.598, 29.355, 29.765, 30.05, 30.079, 29.243, 27.33, 26.056, 25.167, 24.353, 24.787, 26.516, 27.407, 27.47, 27.603, 27.508, 27.16, 26.996, 26.813, 26.772, 26.619, 26.812, 27.218, 27.026, 26.611, 26.447, 26.591], [12.875, 12.379, 11.612, 10.891, 9.825, 9.17, 8.073, 6.854, 6.864, 5.369, 3.238, 0.0, 2.204, 2.645, 3.94, 5.678, 6.98, 7.662, 8.222, 9.114, 9.953, 10.569, 11.466, 12.091, 12.337, 12.87, 13.543, 13.764, 13.89, 14.304, 14.659, 14.906, 14.903, 15.145, 15.438, 15.554, 15.525, 15.377, 15.851, 16.541, 17.061, 17.758, 18.535, 19.44, 20.011, 20.122, 20.104, 20.198, 20.202, 20.082, 20.352, 20.611, 20.79, 20.813, 20.708, 21.093, 21.426, 22.591, 24.782, 27.389, 29.167, 29.587, 29.872, 29.865, 29.004, 27.047, 25.771, 24.891, 24.109, 24.59, 26.325, 27.216, 27.305, 27.477, 27.419, 27.091, 26.912, 26.717, 26.694, 26.542, 26.733, 27.153, 26.973, 26.572, 26.43, 26.58], [13.05, 12.569, 11.905, 11.282, 10.301, 9.678, 8.665, 7.517, 7.62, 6.376, 4.742, 2.204, 0.0, 1.152, 3.213, 5.631, 7.186, 7.894, 8.43, 9.381, 10.23, 10.863, 11.778, 12.389, 12.649, 13.174, 13.806, 13.997, 14.093, 14.489, 14.838, 15.083, 15.049, 15.242, 15.521, 15.636, 15.611, 15.481, 15.983, 16.695, 17.218, 17.904, 18.68, 19.579, 20.136, 20.25, 20.238, 20.326, 20.331, 20.189, 20.421, 20.662, 20.844, 20.865, 20.739, 21.105, 21.443, 22.606, 24.798, 27.427, 29.221, 29.647, 29.93, 29.915, 29.058, 27.095, 25.808, 24.92, 24.14, 24.645, 26.382, 27.281, 27.395, 27.57, 27.513, 27.195, 27.024, 26.832, 26.814, 26.663, 26.863, 27.29, 27.113, 26.714, 26.57, 26.717], [13.276, 12.803, 12.158, 11.56, 10.573, 9.924, 8.931, 7.757, 7.871, 6.635, 5.01, 2.645, 1.152, 0.0, 2.658, 5.453, 7.109, 7.839, 8.368, 9.316, 10.177, 10.844, 11.809, 12.424, 12.695, 13.227, 13.851, 14.05, 14.164, 14.567, 14.911, 15.154, 15.128, 15.318, 15.593, 15.707, 15.689, 15.566, 16.055, 16.742, 17.258, 17.947, 18.719, 19.618, 20.171, 20.28, 20.268, 20.36, 20.367, 20.225, 20.443, 20.672, 20.848, 20.865, 20.734, 21.094, 21.431, 22.588, 24.769, 27.389, 29.182, 29.606, 29.882, 29.867, 29.015, 27.068, 25.795, 24.921, 24.154, 24.658, 26.38, 27.279, 27.408, 27.591, 27.538, 27.224, 27.055, 26.867, 26.85, 26.696, 26.892, 27.32, 27.144, 26.749, 26.606, 26.754], [13.531, 13.085, 12.455, 11.92, 11.016, 10.365, 9.386, 8.194, 8.215, 7.191, 5.926, 3.94, 3.213, 2.658, 0.0, 3.721, 6.087, 7.032, 7.553, 8.489, 9.328, 10.044, 11.142, 11.802, 12.094, 12.705, 13.386, 13.639, 13.809, 14.229, 14.6, 14.885, 14.915, 15.181, 15.486, 15.596, 15.558, 15.357, 15.725, 16.356, 16.865, 17.591, 18.393, 19.318, 19.889, 20.004, 19.995, 20.092, 20.126, 20.005, 20.225, 20.444, 20.62, 20.632, 20.487, 20.847, 21.188, 22.353, 24.544, 27.198, 29.018, 29.444, 29.723, 29.716, 28.886, 26.949, 25.683, 24.812, 24.059, 24.574, 26.303, 27.212, 27.357, 27.549, 27.504, 27.199, 27.036, 26.843, 26.822, 26.668, 26.852, 27.28, 27.102, 26.699, 26.552, 26.7], [13.878, 13.442, 12.765, 12.267, 11.491, 10.911, 10.002, 9.083, 8.909, 7.996, 7.037, 5.678, 5.631, 5.453, 3.721, 0.0, 3.299, 4.822, 5.469, 6.535, 7.493, 8.389, 9.583, 10.317, 10.639, 11.374, 12.197, 12.577, 12.925, 13.443, 13.879, 14.171, 14.275, 14.757, 15.173, 15.304, 15.263, 14.977, 15.198, 15.744, 16.223, 16.977, 17.825, 18.783, 19.378, 19.487, 19.472, 19.584, 19.641, 19.601, 19.938, 20.195, 20.352, 20.37, 20.272, 20.651, 20.976, 22.095, 24.222, 26.819, 28.614, 29.023, 29.296, 29.32, 28.523, 26.585, 25.327, 24.483, 23.733, 24.182, 25.892, 26.805, 26.937, 27.131, 27.093, 26.775, 26.599, 26.396, 26.361, 26.203, 26.361, 26.765, 26.589, 26.191, 26.044, 26.194], [14.515, 14.085, 13.415, 12.92, 12.167, 11.648, 10.856, 10.141, 9.93, 8.978, 7.965, 6.98, 7.186, 7.109, 6.087, 3.299, 0.0, 2.182, 3.386, 5.095, 6.441, 7.518, 8.63, 9.341, 9.708, 10.534, 11.483, 11.971, 12.514, 13.156, 13.615, 13.809, 13.911, 14.533, 15.019, 15.182, 15.183, 14.922, 15.133, 15.651, 16.116, 16.861, 17.705, 18.67, 19.279, 19.361, 19.337, 19.465, 19.515, 19.546, 20.018, 20.328, 20.448, 20.46, 20.409, 20.794, 21.087, 22.113, 24.113, 26.596, 28.328, 28.72, 28.984, 29.043, 28.265, 26.295, 25.048, 24.252, 23.5, 23.838, 25.492, 26.396, 26.497, 26.683, 26.639, 26.291, 26.092, 25.896, 25.851, 25.679, 25.806, 26.19, 26.02, 25.625, 25.49, 25.64], [14.825, 14.387, 13.727, 13.249, 12.509, 12.031, 11.326, 10.699, 10.492, 9.588, 8.541, 7.662, 7.894, 7.839, 7.032, 4.822, 2.182, 0.0, 2.019, 4.387, 6.019, 7.148, 8.216, 8.874, 9.267, 10.12, 11.071, 11.565, 12.186, 12.92, 13.392, 13.501, 13.529, 14.151, 14.655, 14.844, 14.889, 14.687, 14.94, 15.463, 15.919, 16.655, 17.502, 18.465, 19.096, 19.175, 19.143, 19.28, 19.332, 19.375, 19.884, 20.225, 20.338, 20.352, 20.308, 20.688, 20.963, 21.956, 23.931, 26.408, 28.135, 28.527, 28.798, 28.875, 28.09, 26.068, 24.798, 23.995, 23.219, 23.538, 25.181, 26.058, 26.131, 26.305, 26.257, 25.905, 25.703, 25.511, 25.461, 25.281, 25.402, 25.783, 25.609, 25.206, 25.071, 25.219], [15.032, 14.592, 13.93, 13.462, 12.756, 12.312, 11.667, 11.065, 10.811, 9.971, 9.03, 8.222, 8.43, 8.368, 7.553, 5.469, 3.386, 2.019, 0.0, 2.916, 4.994, 6.369, 7.7, 8.435, 8.873, 9.8, 10.778, 11.282, 11.913, 12.683, 13.208, 13.326, 13.339, 13.937, 14.443, 14.648, 14.724, 14.548, 14.778, 15.253, 15.67, 16.399, 17.242, 18.21, 18.839, 18.913, 18.885, 19.029, 19.081, 19.11, 19.59, 19.925, 20.061, 20.093, 20.044, 20.421, 20.684, 21.677, 23.647, 26.121, 27.857, 28.266, 28.547, 28.635, 27.869, 25.854, 24.589, 23.769, 22.967, 23.299, 24.939, 25.791, 25.858, 26.027, 25.995, 25.668, 25.473, 25.278, 25.225, 25.036, 25.142, 25.506, 25.324, 24.919, 24.788, 24.94], [15.432, 15.019, 14.379, 13.928, 13.271, 12.854, 12.248, 11.659, 11.371, 10.617, 9.802, 9.114, 9.381, 9.316, 8.489, 6.535, 5.095, 4.387, 2.916, 0.0, 2.972, 5.046, 6.814, 7.671, 8.163, 9.202, 10.259, 10.882, 11.528, 12.348, 12.958, 13.113, 13.163, 13.799, 14.321, 14.523, 14.598, 14.43, 14.639, 15.051, 15.42, 16.143, 16.99, 17.971, 18.588, 18.672, 18.654, 18.799, 18.846, 18.859, 19.272, 19.577, 19.74, 19.829, 19.793, 20.156, 20.412, 21.419, 23.384, 25.823, 27.547, 27.978, 28.294, 28.393, 27.661, 25.669, 24.404, 23.567, 22.745, 23.083, 24.718, 25.56, 25.647, 25.827, 25.81, 25.508, 25.314, 25.114, 25.079, 24.889, 24.971, 25.321, 25.148, 24.744, 24.612, 24.761], [15.798, 15.407, 14.812, 14.398, 13.792, 13.386, 12.793, 12.299, 12.083, 11.349, 10.558, 9.953, 10.23, 10.177, 9.328, 7.493, 6.441, 6.019, 4.994, 2.972, 0.0, 3.083, 5.508, 6.524, 7.137, 8.288, 9.414, 10.178, 10.995, 11.933, 12.532, 12.655, 12.69, 13.342, 13.919, 14.122, 14.137, 13.928, 14.132, 14.555, 14.933, 15.675, 16.539, 17.527, 18.13, 18.219, 18.214, 18.354, 18.399, 18.426, 18.802, 19.074, 19.244, 19.372, 19.415, 19.829, 20.119, 21.17, 23.152, 25.566, 27.285, 27.705, 28.028, 28.129, 27.401, 25.404, 24.11, 23.233, 22.371, 22.704, 24.348, 25.183, 25.285, 25.474, 25.454, 25.148, 24.949, 24.759, 24.738, 24.54, 24.61, 24.963, 24.801, 24.393, 24.237, 24.371], [16.262, 15.872, 15.275, 14.832, 14.202, 13.772, 13.177, 12.727, 12.547, 11.872, 11.138, 10.569, 10.863, 10.844, 10.044, 8.389, 7.518, 7.148, 6.369, 5.046, 3.083, 0.0, 3.222, 4.75, 5.468, 6.696, 8.02, 8.946, 9.985, 11.193, 11.939, 12.007, 11.914, 12.561, 13.201, 13.427, 13.39, 13.141, 13.497, 14.069, 14.485, 15.273, 16.221, 17.239, 17.858, 17.967, 17.969, 18.117, 18.176, 18.223, 18.609, 18.884, 19.073, 19.202, 19.301, 19.819, 20.163, 21.277, 23.323, 25.782, 27.494, 27.891, 28.205, 28.302, 27.539, 25.495, 24.191, 23.288, 22.371, 22.653, 24.339, 25.18, 25.226, 25.399, 25.379, 25.047, 24.82, 24.63, 24.615, 24.414, 24.465, 24.808, 24.627, 24.187, 24.029, 24.169], [16.789, 16.397, 15.809, 15.379, 14.78, 14.367, 13.834, 13.373, 13.174, 12.611, 11.954, 11.466, 11.778, 11.809, 11.142, 9.583, 8.63, 8.216, 7.7, 6.814, 5.508, 3.222, 0.0, 2.449, 3.472, 4.612, 6.123, 7.259, 8.551, 10.023, 10.995, 11.105, 10.97, 11.742, 12.481, 12.768, 12.741, 12.461, 12.988, 13.73, 14.191, 15.04, 16.084, 17.165, 17.797, 17.911, 17.919, 18.075, 18.142, 18.243, 18.699, 18.988, 19.172, 19.31, 19.435, 19.982, 20.368, 21.52, 23.598, 26.093, 27.806, 28.2, 28.541, 28.693, 27.917, 25.789, 24.441, 23.537, 22.596, 22.815, 24.52, 25.374, 25.359, 25.511, 25.488, 25.126, 24.865, 24.655, 24.625, 24.437, 24.494, 24.833, 24.64, 24.178, 24.029, 24.181], [17.03, 16.631, 16.048, 15.645, 15.097, 14.705, 14.212, 13.86, 13.688, 13.146, 12.524, 12.091, 12.389, 12.424, 11.802, 10.317, 9.341, 8.874, 8.435, 7.671, 6.524, 4.75, 2.449, 0.0, 1.757, 3.257, 4.907, 6.199, 7.764, 9.449, 10.541, 10.702, 10.598, 11.437, 12.226, 12.559, 12.56, 12.273, 12.805, 13.565, 14.028, 14.856, 15.897, 16.975, 17.61, 17.706, 17.693, 17.844, 17.91, 18.015, 18.493, 18.787, 18.955, 19.089, 19.215, 19.76, 20.169, 21.359, 23.454, 25.983, 27.725, 28.133, 28.487, 28.656, 27.865, 25.653, 24.246, 23.337, 22.405, 22.637, 24.367, 25.225, 25.201, 25.354, 25.338, 24.97, 24.703, 24.491, 24.45, 24.273, 24.362, 24.724, 24.544, 24.09, 23.942, 24.089], [17.216, 16.813, 16.217, 15.803, 15.25, 14.848, 14.352, 14.007, 13.826, 13.279, 12.71, 12.337, 12.649, 12.695, 12.094, 10.639, 9.708, 9.267, 8.873, 8.163, 7.137, 5.468, 3.472, 1.757, 0.0, 2.2, 4.273, 5.728, 7.417, 9.263, 10.501, 10.724, 10.636, 11.488, 12.271, 12.599, 12.586, 12.266, 12.806, 13.605, 14.095, 14.951, 16.022, 17.121, 17.788, 17.882, 17.855, 18.021, 18.092, 18.196, 18.684, 18.98, 19.15, 19.289, 19.426, 19.979, 20.385, 21.581, 23.684, 26.228, 27.977, 28.386, 28.751, 28.932, 28.139, 25.906, 24.476, 23.563, 22.617, 22.838, 24.587, 25.461, 25.419, 25.547, 25.517, 25.139, 24.87, 24.649, 24.592, 24.421, 24.528, 24.885, 24.691, 24.229, 24.085, 24.244], [17.569, 17.169, 16.581, 16.189, 15.671, 15.28, 14.796, 14.394, 14.211, 13.71, 13.17, 12.87, 13.174, 13.227, 12.705, 11.374, 10.534, 10.12, 9.8, 9.202, 8.288, 6.696, 4.612, 3.257, 2.2, 0.0, 2.541, 4.376, 6.367, 8.438, 9.858, 10.213, 10.153, 11.05, 11.865, 12.21, 12.186, 11.87, 12.531, 13.464, 14.032, 14.966, 16.101, 17.246, 17.952, 18.064, 18.052, 18.233, 18.308, 18.438, 18.953, 19.255, 19.438, 19.589, 19.741, 20.303, 20.705, 21.898, 24.022, 26.617, 28.384, 28.794, 29.18, 29.385, 28.591, 26.342, 24.887, 23.96, 22.994, 23.21, 24.975, 25.838, 25.755, 25.855, 25.809, 25.413, 25.14, 24.917, 24.846, 24.676, 24.8, 25.149, 24.935, 24.46, 24.312, 24.477], [17.879, 17.485, 16.931, 16.587, 16.122, 15.766, 15.334, 14.95, 14.785, 14.341, 13.829, 13.543, 13.806, 13.851, 13.386, 12.197, 11.483, 11.071, 10.778, 10.259, 9.414, 8.02, 6.123, 4.907, 4.273, 2.541, 0.0, 2.509, 5.16, 7.537, 9.146, 9.667, 9.642, 10.57, 11.446, 11.823, 11.839, 11.615, 12.4, 13.401, 13.99, 14.947, 16.109, 17.279, 18.003, 18.147, 18.155, 18.328, 18.396, 18.547, 19.069, 19.373, 19.565, 19.726, 19.884, 20.431, 20.823, 22.017, 24.168, 26.812, 28.603, 29.021, 29.415, 29.622, 28.824, 26.572, 25.095, 24.144, 23.176, 23.43, 25.206, 26.044, 25.942, 26.034, 25.981, 25.579, 25.309, 25.094, 25.027, 24.856, 25.002, 25.358, 25.144, 24.674, 24.523, 24.682], [17.814, 17.431, 16.901, 16.583, 16.15, 15.834, 15.447, 15.102, 14.941, 14.506, 14.033, 13.764, 13.997, 14.05, 13.639, 12.577, 11.971, 11.565, 11.282, 10.882, 10.178, 8.946, 7.259, 6.199, 5.728, 4.376, 2.509, 0.0, 3.331, 6.237, 8.132, 8.867, 8.934, 9.905, 10.805, 11.19, 11.267, 11.199, 12.238, 13.39, 14.003, 14.97, 16.158, 17.358, 18.086, 18.241, 18.256, 18.429, 18.492, 18.632, 19.162, 19.479, 19.688, 19.841, 19.976, 20.517, 20.907, 22.112, 24.302, 26.986, 28.79, 29.232, 29.652, 29.863, 29.04, 26.779, 25.273, 24.289, 23.309, 23.597, 25.388, 26.221, 26.107, 26.178, 26.116, 25.716, 25.449, 25.235, 25.171, 25.009, 25.188, 25.555, 25.338, 24.868, 24.712, 24.866], [17.665, 17.295, 16.787, 16.477, 16.087, 15.826, 15.478, 15.086, 14.875, 14.509, 14.14, 13.89, 14.093, 14.164, 13.809, 12.925, 12.514, 12.186, 11.913, 11.528, 10.995, 9.985, 8.551, 7.764, 7.417, 6.367, 5.16, 3.331, 0.0, 3.738, 6.432, 7.607, 7.947, 9.131, 10.09, 10.435, 10.521, 10.608, 11.978, 13.378, 14.074, 15.109, 16.355, 17.598, 18.325, 18.487, 18.513, 18.689, 18.744, 18.828, 19.312, 19.625, 19.859, 20.005, 20.082, 20.606, 21.008, 22.228, 24.461, 27.206, 29.019, 29.484, 29.978, 30.238, 29.406, 27.161, 25.651, 24.642, 23.664, 24.001, 25.834, 26.702, 26.602, 26.659, 26.59, 26.202, 25.947, 25.735, 25.681, 25.531, 25.727, 26.09, 25.859, 25.382, 25.23, 25.39], [17.588, 17.249, 16.793, 16.55, 16.288, 16.095, 15.783, 15.293, 15.021, 14.761, 14.494, 14.304, 14.489, 14.567, 14.229, 13.443, 13.156, 12.92, 12.683, 12.348, 11.933, 11.193, 10.023, 9.449, 9.263, 8.438, 7.537, 6.237, 3.738, 0.0, 3.839, 5.908, 6.879, 8.499, 9.694, 10.109, 10.189, 10.355, 11.81, 13.3, 14.067, 15.21, 16.449, 17.665, 18.373, 18.539, 18.593, 18.776, 18.83, 18.905, 19.357, 19.657, 19.899, 20.058, 20.125, 20.627, 21.051, 22.293, 24.499, 27.216, 29.03, 29.492, 30.008, 30.319, 29.522, 27.387, 25.939, 24.935, 23.976, 24.318, 26.141, 27.038, 26.986, 27.042, 26.962, 26.585, 26.35, 26.151, 26.114, 25.976, 26.17, 26.515, 26.276, 25.804, 25.646, 25.796], [17.586, 17.267, 16.827, 16.653, 16.524, 16.366, 16.078, 15.598, 15.34, 15.137, 14.841, 14.659, 14.838, 14.911, 14.6, 13.879, 13.615, 13.392, 13.208, 12.958, 12.532, 11.939, 10.995, 10.541, 10.501, 9.858, 9.146, 8.132, 6.432, 3.839, 0.0, 3.04, 5.078, 7.278, 8.729, 9.311, 9.484, 9.796, 11.345, 12.902, 13.72, 14.949, 16.168, 17.352, 18.048, 18.226, 18.309, 18.499, 18.557, 18.667, 19.138, 19.432, 19.683, 19.89, 20.013, 20.528, 20.967, 22.22, 24.39, 27.054, 28.868, 29.331, 29.821, 30.086, 29.258, 27.183, 25.773, 24.779, 23.838, 24.19, 25.955, 26.824, 26.812, 26.894, 26.838, 26.489, 26.267, 26.071, 26.029, 25.898, 26.109, 26.45, 26.214, 25.743, 25.568, 25.701], [17.846, 17.529, 17.075, 16.89, 16.762, 16.584, 16.31, 15.919, 15.704, 15.511, 15.139, 14.906, 15.083, 15.154, 14.885, 14.171, 13.809, 13.501, 13.326, 13.113, 12.655, 12.007, 11.105, 10.702, 10.724, 10.213, 9.667, 8.867, 7.607, 5.908, 3.04, 0.0, 2.973, 5.896, 7.654, 8.415, 8.694, 9.207, 11.006, 12.66, 13.486, 14.74, 15.979, 17.13, 17.823, 18.017, 18.112, 18.312, 18.374, 18.488, 18.984, 19.293, 19.531, 19.757, 19.931, 20.484, 20.932, 22.159, 24.284, 26.89, 28.677, 29.13, 29.599, 29.846, 28.985, 26.867, 25.449, 24.461, 23.526, 23.873, 25.585, 26.405, 26.395, 26.496, 26.467, 26.135, 25.903, 25.705, 25.652, 25.513, 25.722, 26.055, 25.821, 25.352, 25.174, 25.298], [17.914, 17.601, 17.159, 16.967, 16.804, 16.602, 16.316, 15.99, 15.859, 15.648, 15.187, 14.903, 15.049, 15.128, 14.915, 14.275, 13.911, 13.529, 13.339, 13.163, 12.69, 11.914, 10.97, 10.598, 10.636, 10.153, 9.642, 8.934, 7.947, 6.879, 5.078, 2.973, 0.0, 3.643, 5.959, 7.005, 7.496, 8.303, 10.46, 12.28, 13.159, 14.431, 15.696, 16.846, 17.553, 17.773, 17.862, 18.044, 18.097, 18.195, 18.687, 19.003, 19.231, 19.448, 19.635, 20.217, 20.684, 21.933, 24.103, 26.762, 28.569, 29.007, 29.463, 29.713, 28.843, 26.652, 25.184, 24.166, 23.225, 23.626, 25.342, 26.098, 26.045, 26.161, 26.172, 25.86, 25.624, 25.422, 25.36, 25.215, 25.439, 25.787, 25.555, 25.084, 24.901, 25.029], [18.042, 17.745, 17.337, 17.165, 17.003, 16.803, 16.52, 16.204, 16.155, 15.935, 15.427, 15.145, 15.242, 15.318, 15.181, 14.757, 14.533, 14.151, 13.937, 13.799, 13.342, 12.561, 11.742, 11.437, 11.488, 11.05, 10.57, 9.905, 9.131, 8.499, 7.278, 5.896, 3.643, 0.0, 3.132, 4.934, 5.843, 7.256, 9.994, 12.044, 13.028, 14.364, 15.617, 16.764, 17.486, 17.714, 17.8, 17.958, 17.974, 18.014, 18.451, 18.742, 18.978, 19.172, 19.336, 19.922, 20.42, 21.724, 23.969, 26.73, 28.573, 28.992, 29.432, 29.652, 28.767, 26.54, 25.039, 24.019, 23.093, 23.576, 25.326, 26.028, 25.941, 26.09, 26.186, 25.926, 25.68, 25.448, 25.363, 25.223, 25.463, 25.815, 25.584, 25.12, 24.946, 25.091], [18.247, 17.961, 17.565, 17.39, 17.222, 17.035, 16.772, 16.463, 16.437, 16.21, 15.699, 15.438, 15.521, 15.593, 15.486, 15.173, 15.019, 14.655, 14.443, 14.321, 13.919, 13.201, 12.481, 12.226, 12.271, 11.865, 11.446, 10.805, 10.09, 9.694, 8.729, 7.654, 5.959, 3.132, 0.0, 2.672, 4.313, 6.357, 9.61, 11.849, 12.869, 14.27, 15.574, 16.771, 17.523, 17.751, 17.838, 18.002, 18.006, 18.008, 18.427, 18.717, 18.977, 19.165, 19.289, 19.86, 20.359, 21.673, 23.946, 26.74, 28.564, 28.97, 29.408, 29.62, 28.741, 26.505, 25.005, 24.035, 23.162, 23.666, 25.421, 26.113, 26.02, 26.188, 26.341, 26.115, 25.86, 25.606, 25.51, 25.38, 25.611, 25.949, 25.717, 25.259, 25.101, 25.263], [18.251, 17.989, 17.615, 17.431, 17.25, 17.074, 16.823, 16.532, 16.506, 16.3, 15.819, 15.554, 15.636, 15.707, 15.596, 15.304, 15.182, 14.844, 14.648, 14.523, 14.122, 13.427, 12.768, 12.559, 12.599, 12.21, 11.823, 11.19, 10.435, 10.109, 9.311, 8.415, 7.005, 4.934, 2.672, 0.0, 2.607, 5.599, 9.245, 11.625, 12.67, 14.096, 15.451, 16.712, 17.502, 17.727, 17.821, 17.997, 18.009, 18.012, 18.437, 18.721, 18.985, 19.196, 19.324, 19.898, 20.396, 21.696, 23.961, 26.742, 28.541, 28.943, 29.396, 29.626, 28.766, 26.542, 25.059, 24.116, 23.26, 23.762, 25.53, 26.242, 26.158, 26.325, 26.487, 26.274, 26.022, 25.775, 25.684, 25.556, 25.78, 26.111, 25.873, 25.405, 25.246, 25.412], [18.164, 17.907, 17.55, 17.361, 17.166, 16.989, 16.73, 16.426, 16.41, 16.217, 15.789, 15.525, 15.611, 15.689, 15.558, 15.263, 15.183, 14.889, 14.724, 14.598, 14.137, 13.39, 12.741, 12.56, 12.586, 12.186, 11.839, 11.267, 10.521, 10.189, 9.484, 8.694, 7.496, 5.843, 4.313, 2.607, 0.0, 3.97, 8.396, 11.071, 12.235, 13.755, 15.17, 16.465, 17.289, 17.535, 17.64, 17.833, 17.852, 17.846, 18.273, 18.566, 18.821, 19.039, 19.222, 19.856, 20.383, 21.69, 23.956, 26.741, 28.549, 28.966, 29.447, 29.715, 28.875, 26.684, 25.221, 24.281, 23.414, 23.911, 25.734, 26.497, 26.432, 26.593, 26.727, 26.479, 26.222, 25.987, 25.906, 25.776, 25.999, 26.331, 26.098, 25.633, 25.472, 25.63], [17.972, 17.691, 17.322, 17.148, 16.967, 16.794, 16.51, 16.187, 16.185, 15.95, 15.588, 15.377, 15.481, 15.566, 15.357, 14.977, 14.922, 14.687, 14.548, 14.43, 13.928, 13.141, 12.461, 12.273, 12.266, 11.87, 11.615, 11.199, 10.608, 10.355, 9.796, 9.207, 8.303, 7.256, 6.357, 5.599, 3.97, 0.0, 5.292, 8.548, 9.992, 11.813, 13.391, 14.788, 15.725, 16.029, 16.186, 16.437, 16.517, 16.532, 17.043, 17.418, 17.707, 17.974, 18.282, 19.073, 19.693, 21.05, 23.336, 26.177, 28.083, 28.563, 29.082, 29.441, 28.679, 26.541, 25.075, 24.117, 23.261, 23.757, 25.636, 26.506, 26.502, 26.67, 26.74, 26.412, 26.173, 25.993, 25.929, 25.784, 25.989, 26.317, 26.077, 25.613, 25.437, 25.578], [18.121, 17.836, 17.487, 17.373, 17.257, 17.12, 16.832, 16.571, 16.57, 16.296, 15.999, 15.851, 15.983, 16.055, 15.725, 15.198, 15.133, 14.94, 14.778, 14.639, 14.132, 13.497, 12.988, 12.805, 12.806, 12.531, 12.4, 12.238, 11.978, 11.81, 11.345, 11.006, 10.46, 9.994, 9.61, 9.245, 8.396, 5.292, 0.0, 3.92, 6.031, 8.378, 10.047, 11.565, 12.703, 13.07, 13.319, 13.676, 13.857, 13.945, 14.614, 15.113, 15.5, 15.976, 16.508, 17.461, 18.18, 19.573, 21.79, 24.614, 26.668, 27.229, 27.758, 28.214, 27.604, 25.633, 24.248, 23.296, 22.49, 23.006, 24.848, 25.818, 25.996, 26.203, 26.18, 25.779, 25.6, 25.515, 25.466, 25.275, 25.413, 25.714, 25.472, 25.022, 24.818, 24.929], [18.61, 18.341, 18.021, 17.937, 17.832, 17.73, 17.45, 17.219, 17.207, 16.94, 16.677, 16.541, 16.695, 16.742, 16.356, 15.744, 15.651, 15.463, 15.253, 15.051, 14.555, 14.069, 13.73, 13.565, 13.605, 13.464, 13.401, 13.39, 13.378, 13.3, 12.902, 12.66, 12.28, 12.044, 11.849, 11.625, 11.071, 8.548, 3.92, 0.0, 3.01, 5.978, 7.712, 9.355, 10.566, 10.92, 11.21, 11.624, 11.902, 12.103, 12.821, 13.36, 13.826, 14.485, 15.114, 16.082, 16.803, 18.178, 20.332, 23.088, 25.168, 25.756, 26.259, 26.742, 26.263, 24.485, 23.239, 22.35, 21.637, 22.198, 23.916, 24.855, 25.174, 25.473, 25.46, 25.068, 24.908, 24.855, 24.841, 24.609, 24.664, 24.961, 24.746, 24.32, 24.127, 24.234], [18.884, 18.627, 18.313, 18.23, 18.12, 18.032, 17.825, 17.699, 17.671, 17.432, 17.204, 17.061, 17.218, 17.258, 16.865, 16.223, 16.116, 15.919, 15.67, 15.42, 14.933, 14.485, 14.191, 14.028, 14.095, 14.032, 13.99, 14.003, 14.074, 14.067, 13.72, 13.486, 13.159, 13.028, 12.869, 12.67, 12.235, 9.992, 6.031, 3.01, 0.0, 3.658, 6.056, 8.147, 9.399, 9.716, 10.082, 10.51, 10.882, 11.205, 11.961, 12.499, 13.013, 13.775, 14.423, 15.373, 16.078, 17.462, 19.631, 22.351, 24.391, 24.98, 25.468, 25.929, 25.494, 23.779, 22.612, 21.775, 21.136, 21.711, 23.337, 24.211, 24.54, 24.884, 24.933, 24.59, 24.419, 24.351, 24.363, 24.107, 24.098, 24.399, 24.198, 23.777, 23.609, 23.729], [19.117, 18.866, 18.573, 18.512, 18.428, 18.347, 18.227, 18.335, 18.36, 18.096, 17.893, 17.758, 17.904, 17.947, 17.591, 16.977, 16.861, 16.655, 16.399, 16.143, 15.675, 15.273, 15.04, 14.856, 14.951, 14.966, 14.947, 14.97, 15.109, 15.21, 14.949, 14.74, 14.431, 14.364, 14.27, 14.096, 13.755, 11.813, 8.378, 5.978, 3.658, 0.0, 3.466, 6.382, 7.779, 8.137, 8.602, 9.032, 9.49, 10.026, 10.963, 11.597, 12.184, 13.077, 13.785, 14.766, 15.479, 16.868, 19.014, 21.697, 23.782, 24.432, 24.889, 25.235, 24.767, 23.081, 21.995, 21.212, 20.629, 21.212, 22.744, 23.563, 23.897, 24.25, 24.315, 24.011, 23.852, 23.791, 23.821, 23.554, 23.545, 23.88, 23.7, 23.284, 23.106, 23.207], [19.498, 19.272, 19.034, 19.021, 18.987, 18.934, 18.84, 19.043, 19.101, 18.825, 18.644, 18.535, 18.68, 18.719, 18.393, 17.825, 17.705, 17.502, 17.242, 16.99, 16.539, 16.221, 16.084, 15.897, 16.022, 16.101, 16.109, 16.158, 16.355, 16.449, 16.168, 15.979, 15.696, 15.617, 15.574, 15.451, 15.17, 13.391, 10.047, 7.712, 6.056, 3.466, 0.0, 3.663, 5.442, 5.995, 6.601, 7.148, 7.707, 8.407, 9.621, 10.421, 11.085, 12.223, 13.219, 14.287, 14.995, 16.331, 18.297, 20.831, 23.039, 23.77, 24.143, 24.406, 23.966, 22.422, 21.451, 20.71, 20.144, 20.696, 22.117, 22.924, 23.351, 23.721, 23.737, 23.419, 23.324, 23.353, 23.397, 23.132, 23.156, 23.506, 23.343, 22.945, 22.737, 22.774], [20.148, 19.95, 19.763, 19.786, 19.785, 19.746, 19.658, 19.88, 19.909, 19.659, 19.528, 19.44, 19.579, 19.618, 19.318, 18.783, 18.67, 18.465, 18.21, 17.971, 17.527, 17.239, 17.165, 16.975, 17.121, 17.246, 17.279, 17.358, 17.598, 17.665, 17.352, 17.13, 16.846, 16.764, 16.771, 16.712, 16.465, 14.788, 11.565, 9.355, 8.147, 6.382, 3.663, 0.0, 2.583, 3.851, 4.662, 5.439, 6.155, 6.874, 8.391, 9.478, 10.188, 11.511, 12.865, 14.129, 14.867, 16.112, 17.817, 20.131, 22.416, 23.174, 23.438, 23.705, 23.393, 22.073, 21.198, 20.454, 19.85, 20.311, 21.618, 22.407, 22.927, 23.311, 23.263, 22.895, 22.872, 23.087, 23.187, 22.917, 22.954, 23.288, 23.127, 22.747, 22.519, 22.494], [20.556, 20.384, 20.233, 20.268, 20.278, 20.25, 20.174, 20.41, 20.418, 20.196, 20.102, 20.011, 20.136, 20.171, 19.889, 19.378, 19.279, 19.096, 18.839, 18.588, 18.13, 17.858, 17.797, 17.61, 17.788, 17.952, 18.003, 18.086, 18.325, 18.373, 18.048, 17.823, 17.553, 17.486, 17.523, 17.502, 17.289, 15.725, 12.703, 10.566, 9.399, 7.779, 5.442, 2.583, 0.0, 2.249, 3.488, 4.271, 5.125, 6.02, 7.548, 8.687, 9.484, 10.885, 12.339, 13.655, 14.463, 15.699, 17.335, 19.596, 21.9, 22.669, 22.913, 23.199, 22.951, 21.737, 20.912, 20.181, 19.596, 20.029, 21.261, 22.008, 22.547, 22.949, 22.887, 22.519, 22.507, 22.794, 22.972, 22.717, 22.738, 23.076, 22.938, 22.575, 22.365, 22.325], [20.707, 20.541, 20.383, 20.405, 20.414, 20.392, 20.308, 20.523, 20.525, 20.304, 20.209, 20.122, 20.25, 20.28, 20.004, 19.487, 19.361, 19.175, 18.913, 18.672, 18.219, 17.967, 17.911, 17.706, 17.882, 18.064, 18.147, 18.241, 18.487, 18.539, 18.226, 18.017, 17.773, 17.714, 17.751, 17.727, 17.535, 16.029, 13.07, 10.92, 9.716, 8.137, 5.995, 3.851, 2.249, 0.0, 2.039, 3.302, 4.356, 5.428, 7.062, 8.19, 8.997, 10.466, 11.96, 13.262, 14.13, 15.435, 17.064, 19.283, 21.561, 22.334, 22.599, 22.931, 22.687, 21.455, 20.625, 19.912, 19.338, 19.745, 20.957, 21.717, 22.274, 22.684, 22.634, 22.274, 22.249, 22.521, 22.709, 22.486, 22.519, 22.865, 22.731, 22.37, 22.173, 22.137], [20.747, 20.58, 20.418, 20.44, 20.448, 20.418, 20.328, 20.538, 20.541, 20.304, 20.19, 20.104, 20.238, 20.268, 19.995, 19.472, 19.337, 19.143, 18.885, 18.654, 18.214, 17.969, 17.919, 17.693, 17.855, 18.052, 18.155, 18.256, 18.513, 18.593, 18.309, 18.112, 17.862, 17.8, 17.838, 17.821, 17.64, 16.186, 13.319, 11.21, 10.082, 8.602, 6.601, 4.662, 3.488, 2.039, 0.0, 1.987, 3.417, 4.703, 6.547, 7.785, 8.58, 10.044, 11.545, 12.863, 13.748, 15.081, 16.744, 19.016, 21.325, 22.102, 22.359, 22.659, 22.363, 21.067, 20.225, 19.51, 18.947, 19.398, 20.638, 21.395, 21.955, 22.388, 22.353, 22.002, 21.993, 22.283, 22.458, 22.261, 22.368, 22.741, 22.615, 22.256, 22.049, 22.015], [20.789, 20.626, 20.477, 20.509, 20.531, 20.507, 20.428, 20.657, 20.674, 20.436, 20.303, 20.198, 20.326, 20.36, 20.092, 19.584, 19.465, 19.28, 19.029, 18.799, 18.354, 18.117, 18.075, 17.844, 18.021, 18.233, 18.328, 18.429, 18.689, 18.776, 18.499, 18.312, 18.044, 17.958, 18.002, 17.997, 17.833, 16.437, 13.676, 11.624, 10.51, 9.032, 7.148, 5.439, 4.271, 3.302, 1.987, 0.0, 1.998, 3.936, 6.055, 7.326, 8.113, 9.546, 11.041, 12.34, 13.213, 14.544, 16.289, 18.692, 21.037, 21.802, 22.053, 22.31, 21.997, 20.701, 19.896, 19.168, 18.632, 19.199, 20.483, 21.173, 21.66, 22.117, 22.142, 21.832, 21.828, 22.12, 22.309, 22.107, 22.232, 22.664, 22.591, 22.251, 22.044, 22.021], [20.748, 20.584, 20.432, 20.466, 20.509, 20.497, 20.427, 20.685, 20.712, 20.462, 20.313, 20.202, 20.331, 20.367, 20.126, 19.641, 19.515, 19.332, 19.081, 18.846, 18.399, 18.176, 18.142, 17.91, 18.092, 18.308, 18.396, 18.492, 18.744, 18.83, 18.557, 18.374, 18.097, 17.974, 18.006, 18.009, 17.852, 16.517, 13.857, 11.902, 10.882, 9.49, 7.707, 6.155, 5.125, 4.356, 3.417, 1.998, 0.0, 2.777, 5.476, 6.89, 7.675, 9.131, 10.678, 11.992, 12.857, 14.176, 15.968, 18.445, 20.824, 21.606, 21.876, 22.14, 21.813, 20.528, 19.761, 19.01, 18.443, 19.081, 20.422, 21.074, 21.511, 21.928, 21.918, 21.585, 21.576, 21.884, 22.087, 21.886, 22.043, 22.519, 22.507, 22.223, 22.033, 22.005], [20.593, 20.433, 20.282, 20.318, 20.387, 20.387, 20.309, 20.596, 20.643, 20.382, 20.217, 20.082, 20.189, 20.225, 20.005, 19.601, 19.546, 19.375, 19.11, 18.859, 18.426, 18.223, 18.243, 18.015, 18.196, 18.438, 18.547, 18.632, 18.828, 18.905, 18.667, 18.488, 18.195, 18.014, 18.008, 18.012, 17.846, 16.532, 13.945, 12.103, 11.205, 10.026, 8.407, 6.874, 6.02, 5.428, 4.703, 3.936, 2.777, 0.0, 3.431, 5.305, 6.148, 7.694, 9.356, 10.84, 11.791, 13.203, 15.095, 17.682, 20.172, 21.016, 21.31, 21.597, 21.279, 20.056, 19.337, 18.579, 18.026, 18.757, 20.199, 20.941, 21.47, 21.902, 21.881, 21.547, 21.54, 21.865, 22.075, 21.858, 22.047, 22.546, 22.568, 22.392, 22.279, 22.268], [20.759, 20.622, 20.5, 20.55, 20.639, 20.658, 20.583, 20.857, 20.917, 20.692, 20.514, 20.352, 20.421, 20.443, 20.225, 19.938, 20.018, 19.884, 19.59, 19.272, 18.802, 18.609, 18.699, 18.493, 18.684, 18.953, 19.069, 19.162, 19.312, 19.357, 19.138, 18.984, 18.687, 18.451, 18.427, 18.437, 18.273, 17.043, 14.614, 12.821, 11.961, 10.963, 9.621, 8.391, 7.548, 7.062, 6.547, 6.055, 5.476, 3.431, 0.0, 2.462, 3.817, 5.69, 7.505, 9.177, 10.262, 11.827, 13.85, 16.596, 19.18, 20.058, 20.393, 20.713, 20.48, 19.42, 18.821, 18.119, 17.684, 18.533, 20.024, 20.828, 21.463, 21.997, 22.1, 21.881, 21.86, 22.123, 22.348, 22.11, 22.254, 22.758, 22.799, 22.7, 22.707, 22.737], [20.957, 20.833, 20.729, 20.791, 20.893, 20.923, 20.86, 21.117, 21.182, 20.972, 20.787, 20.611, 20.662, 20.672, 20.444, 20.195, 20.328, 20.225, 19.925, 19.577, 19.074, 18.884, 18.988, 18.787, 18.98, 19.255, 19.373, 19.479, 19.625, 19.657, 19.432, 19.293, 19.003, 18.742, 18.717, 18.721, 18.566, 17.418, 15.113, 13.36, 12.499, 11.597, 10.421, 9.478, 8.687, 8.19, 7.785, 7.326, 6.89, 5.305, 2.462, 0.0, 2.25, 4.7, 6.759, 8.525, 9.654, 11.268, 13.361, 16.182, 18.761, 19.6, 19.95, 20.291, 20.133, 19.147, 18.598, 17.934, 17.572, 18.496, 20.016, 20.836, 21.504, 22.123, 22.39, 22.287, 22.231, 22.41, 22.626, 22.362, 22.451, 22.956, 23.01, 22.931, 23.005, 23.1], [21.122, 21.006, 20.906, 20.977, 21.085, 21.122, 21.062, 21.313, 21.382, 21.171, 20.974, 20.79, 20.844, 20.848, 20.62, 20.352, 20.448, 20.338, 20.061, 19.74, 19.244, 19.073, 19.172, 18.955, 19.15, 19.438, 19.565, 19.688, 19.859, 19.899, 19.683, 19.531, 19.231, 18.978, 18.977, 18.985, 18.821, 17.707, 15.5, 13.826, 13.013, 12.184, 11.085, 10.188, 9.484, 8.997, 8.58, 8.113, 7.675, 6.148, 3.817, 2.25, 0.0, 3.123, 5.837, 7.863, 8.995, 10.516, 12.551, 15.448, 18.109, 18.931, 19.253, 19.649, 19.564, 18.641, 18.177, 17.581, 17.269, 18.211, 19.785, 20.66, 21.361, 22.034, 22.415, 22.379, 22.303, 22.467, 22.655, 22.363, 22.431, 22.947, 23.035, 23.014, 23.134, 23.264], [21.163, 21.051, 20.944, 21.018, 21.139, 21.183, 21.112, 21.33, 21.412, 21.23, 21.012, 20.813, 20.865, 20.865, 20.632, 20.37, 20.46, 20.352, 20.093, 19.829, 19.372, 19.202, 19.31, 19.089, 19.289, 19.589, 19.726, 19.841, 20.005, 20.058, 19.89, 19.757, 19.448, 19.172, 19.165, 19.196, 19.039, 17.974, 15.976, 14.485, 13.775, 13.077, 12.223, 11.511, 10.885, 10.466, 10.044, 9.546, 9.131, 7.694, 5.69, 4.7, 3.123, 0.0, 3.632, 6.353, 7.652, 9.222, 11.56, 14.923, 17.719, 18.527, 18.841, 19.24, 19.171, 18.282, 17.926, 17.429, 17.235, 18.239, 19.901, 20.826, 21.501, 22.204, 22.682, 22.715, 22.633, 22.777, 22.958, 22.656, 22.706, 23.231, 23.346, 23.379, 23.543, 23.697], [21.053, 20.945, 20.835, 20.919, 21.059, 21.121, 21.047, 21.251, 21.355, 21.202, 20.952, 20.708, 20.739, 20.734, 20.487, 20.272, 20.409, 20.308, 20.044, 19.793, 19.415, 19.301, 19.435, 19.215, 19.426, 19.741, 19.884, 19.976, 20.082, 20.125, 20.013, 19.931, 19.635, 19.336, 19.289, 19.324, 19.222, 18.282, 16.508, 15.114, 14.423, 13.785, 13.219, 12.865, 12.339, 11.96, 11.545, 11.041, 10.678, 9.356, 7.505, 6.759, 5.837, 3.632, 0.0, 3.457, 5.362, 7.656, 10.816, 14.763, 17.584, 18.405, 18.831, 19.205, 19.055, 18.108, 17.802, 17.348, 17.306, 18.449, 20.12, 20.987, 21.599, 22.319, 22.857, 22.963, 22.883, 22.975, 23.182, 22.912, 22.953, 23.49, 23.626, 23.665, 23.848, 24.023], [21.293, 21.208, 21.127, 21.238, 21.402, 21.493, 21.43, 21.629, 21.741, 21.628, 21.372, 21.093, 21.105, 21.094, 20.847, 20.651, 20.794, 20.688, 20.421, 20.156, 19.829, 19.819, 19.982, 19.76, 19.979, 20.303, 20.431, 20.517, 20.606, 20.627, 20.528, 20.484, 20.217, 19.922, 19.86, 19.898, 19.856, 19.073, 17.461, 16.082, 15.373, 14.766, 14.287, 14.129, 13.655, 13.262, 12.863, 12.34, 11.992, 10.84, 9.177, 8.525, 7.863, 6.353, 3.457, 0.0, 2.827, 6.123, 9.857, 14.076, 16.913, 17.808, 18.39, 18.817, 18.658, 17.766, 17.637, 17.305, 17.397, 18.589, 20.182, 20.974, 21.566, 22.301, 22.87, 23.041, 22.964, 23.002, 23.216, 22.973, 23.003, 23.539, 23.708, 23.775, 23.984, 24.178], [21.572, 21.495, 21.422, 21.532, 21.706, 21.818, 21.758, 21.963, 22.075, 21.984, 21.718, 21.426, 21.443, 21.431, 21.188, 20.976, 21.087, 20.963, 20.684, 20.412, 20.119, 20.163, 20.368, 20.169, 20.385, 20.705, 20.823, 20.907, 21.008, 21.051, 20.967, 20.932, 20.684, 20.42, 20.359, 20.396, 20.383, 19.693, 18.18, 16.803, 16.078, 15.479, 14.995, 14.867, 14.463, 14.13, 13.748, 13.213, 12.857, 11.791, 10.262, 9.654, 8.995, 7.652, 5.362, 2.827, 0.0, 3.954, 8.236, 12.847, 15.812, 16.804, 17.449, 17.863, 17.75, 17.038, 17.203, 17.04, 17.238, 18.455, 20.027, 20.786, 21.35, 22.107, 22.752, 22.995, 22.915, 22.921, 23.104, 22.821, 22.836, 23.4, 23.604, 23.714, 23.97, 24.201], [22.665, 22.621, 22.57, 22.678, 22.854, 22.984, 22.92, 23.129, 23.233, 23.173, 22.902, 22.591, 22.606, 22.588, 22.353, 22.095, 22.113, 21.956, 21.677, 21.419, 21.17, 21.277, 21.52, 21.359, 21.581, 21.898, 22.017, 22.112, 22.228, 22.293, 22.22, 22.159, 21.933, 21.724, 21.673, 21.696, 21.69, 21.05, 19.573, 18.178, 17.462, 16.868, 16.331, 16.112, 15.699, 15.435, 15.081, 14.544, 14.176, 13.203, 11.827, 11.268, 10.516, 9.222, 7.656, 6.123, 3.954, 0.0, 5.074, 10.587, 13.919, 15.048, 15.705, 16.143, 16.222, 15.885, 16.532, 16.687, 17.092, 18.287, 19.784, 20.565, 21.151, 21.897, 22.578, 22.893, 22.838, 22.878, 23.044, 22.708, 22.716, 23.301, 23.561, 23.761, 24.091, 24.35], [24.665, 24.672, 24.674, 24.797, 24.969, 25.114, 25.062, 25.27, 25.329, 25.282, 25.055, 24.782, 24.798, 24.769, 24.544, 24.222, 24.113, 23.931, 23.647, 23.384, 23.152, 23.323, 23.598, 23.454, 23.684, 24.022, 24.168, 24.302, 24.461, 24.499, 24.39, 24.284, 24.103, 23.969, 23.946, 23.961, 23.956, 23.336, 21.79, 20.332, 19.631, 19.014, 18.297, 17.817, 17.335, 17.064, 16.744, 16.289, 15.968, 15.095, 13.85, 13.361, 12.551, 11.56, 10.816, 9.857, 8.236, 5.074, 0.0, 6.399, 10.502, 11.972, 12.663, 13.442, 14.066, 14.555, 15.905, 16.529, 17.178, 18.113, 19.365, 20.272, 21.015, 21.686, 22.317, 22.709, 22.716, 22.826, 22.957, 22.581, 22.534, 23.078, 23.398, 23.728, 24.139, 24.398], [27.026, 27.092, 27.165, 27.31, 27.483, 27.648, 27.625, 27.84, 27.836, 27.78, 27.598, 27.389, 27.427, 27.389, 27.198, 26.819, 26.596, 26.408, 26.121, 25.823, 25.566, 25.782, 26.093, 25.983, 26.228, 26.617, 26.812, 26.986, 27.206, 27.216, 27.054, 26.89, 26.762, 26.73, 26.74, 26.742, 26.741, 26.177, 24.614, 23.088, 22.351, 21.697, 20.831, 20.131, 19.596, 19.283, 19.016, 18.692, 18.445, 17.682, 16.596, 16.182, 15.448, 14.923, 14.763, 14.076, 12.847, 10.587, 6.399, 0.0, 5.05, 7.314, 8.401, 10.147, 11.739, 13.584, 15.826, 16.949, 17.754, 18.197, 18.959, 19.935, 20.852, 21.437, 22.048, 22.536, 22.54, 22.625, 22.712, 22.267, 22.023, 22.496, 22.933, 23.448, 23.98, 24.246], [28.759, 28.859, 28.9