[[0.0, 2.751, 3.924, 4.734, 5.769, 6.619, 7.181, 9.275, 10.219, 10.267, 10.12, 11.345, 11.597, 11.907, 11.828, 12.476, 12.75, 13.407, 13.847, 14.418, 16.122, 17.115, 17.765, 17.742, 17.475, 17.548, 17.449, 17.594, 17.407, 16.971, 16.855, 16.358, 16.567, 16.861, 16.938, 16.97, 17.168, 17.714, 18.132, 18.392, 17.976, 18.03, 17.94, 18.414, 18.16, 17.321, 17.507, 17.393, 17.881, 17.604, 17.949, 18.067, 18.286, 17.667, 16.902, 17.151, 17.478, 17.687, 17.982, 18.013, 18.249, 18.437, 18.319, 18.254, 18.789, 18.738, 17.611, 17.962, 18.995, 19.464, 19.868, 20.131, 19.922, 19.917, 19.503, 18.819, 19.1, 19.376, 18.989, 19.172, 19.35, 19.088, 18.955, 19.701, 20.288, 19.787], [2.751, 0.0, 1.95, 3.176, 4.516, 5.701, 6.619, 9.001, 9.859, 9.832, 9.757, 11.101, 11.396, 11.698, 11.683, 12.465, 12.809, 13.406, 13.803, 14.402, 16.114, 17.129, 17.655, 17.493, 17.179, 17.218, 17.104, 17.23, 17.078, 16.69, 16.581, 16.087, 16.262, 16.546, 16.662, 16.829, 17.09, 17.599, 17.993, 18.27, 17.898, 17.954, 17.885, 18.386, 18.14, 17.358, 17.54, 17.431, 17.95, 17.71, 18.059, 18.207, 18.451, 17.838, 17.084, 17.309, 17.636, 17.909, 18.174, 18.094, 18.279, 18.467, 18.299, 18.196, 18.701, 18.672, 17.657, 17.947, 18.879, 19.325, 19.72, 19.983, 19.778, 19.787, 19.394, 18.757, 19.077, 19.353, 19.0, 19.168, 19.332, 19.072, 18.921, 19.645, 20.206, 19.781], [3.924, 1.95, 0.0, 1.943, 3.67, 5.053, 6.156, 8.77, 9.712, 9.707, 9.688, 11.058, 11.39, 11.661, 11.671, 12.538, 12.906, 13.471, 13.829, 14.433, 16.144, 17.144, 17.581, 17.274, 16.877, 16.885, 16.775, 16.915, 16.77, 16.399, 16.276, 15.726, 15.898, 16.204, 16.318, 16.582, 16.978, 17.531, 17.934, 18.218, 17.868, 17.92, 17.84, 18.357, 18.125, 17.347, 17.513, 17.407, 17.952, 17.718, 18.078, 18.214, 18.471, 17.851, 17.048, 17.257, 17.62, 17.962, 18.233, 18.09, 18.246, 18.433, 18.247, 18.128, 18.622, 18.613, 17.644, 17.919, 18.802, 19.228, 19.633, 19.904, 19.693, 19.701, 19.331, 18.748, 19.109, 19.376, 19.04, 19.23, 19.394, 19.127, 18.966, 19.709, 20.282, 19.871], [4.734, 3.176, 1.943, 0.0, 2.482, 4.345, 5.852, 8.851, 9.864, 9.867, 9.817, 11.219, 11.575, 11.854, 11.894, 12.761, 13.104, 13.637, 13.987, 14.551, 16.152, 17.044, 17.425, 17.049, 16.576, 16.57, 16.481, 16.65, 16.491, 16.107, 15.967, 15.37, 15.588, 15.935, 16.052, 16.37, 16.867, 17.522, 17.963, 18.246, 17.891, 17.942, 17.86, 18.359, 18.126, 17.289, 17.449, 17.339, 17.88, 17.663, 18.034, 18.176, 18.423, 17.82, 17.016, 17.22, 17.6, 17.981, 18.295, 18.159, 18.284, 18.453, 18.285, 18.18, 18.679, 18.687, 17.688, 17.94, 18.796, 19.189, 19.573, 19.849, 19.64, 19.638, 19.268, 18.697, 19.08, 19.361, 19.031, 19.257, 19.434, 19.163, 18.984, 19.725, 20.3, 19.863], [5.769, 4.516, 3.67, 2.482, 0.0, 2.96, 5.506, 8.795, 9.914, 9.885, 9.824, 11.283, 11.661, 11.961, 12.022, 12.91, 13.242, 13.769, 14.107, 14.651, 16.185, 17.05, 17.417, 16.984, 16.486, 16.475, 16.392, 16.587, 16.43, 16.055, 15.938, 15.343, 15.568, 15.896, 16.003, 16.338, 16.858, 17.543, 18.036, 18.353, 18.005, 18.062, 17.951, 18.431, 18.202, 17.354, 17.501, 17.405, 17.961, 17.746, 18.119, 18.274, 18.536, 17.97, 17.179, 17.378, 17.766, 18.151, 18.467, 18.33, 18.436, 18.593, 18.458, 18.381, 18.869, 18.882, 17.868, 18.098, 18.936, 19.299, 19.67, 19.953, 19.752, 19.766, 19.39, 18.834, 19.264, 19.587, 19.282, 19.524, 19.701, 19.429, 19.236, 19.946, 20.508, 20.039], [6.619, 5.701, 5.053, 4.345, 2.96, 0.0, 4.15, 8.089, 9.223, 9.218, 9.1, 10.746, 11.152, 11.533, 11.587, 12.531, 12.874, 13.427, 13.766, 14.29, 15.937, 16.874, 17.336, 16.92, 16.393, 16.371, 16.292, 16.517, 16.319, 15.918, 15.783, 15.163, 15.437, 15.801, 15.927, 16.272, 16.834, 17.547, 18.019, 18.36, 18.016, 18.069, 17.941, 18.346, 18.12, 17.263, 17.406, 17.238, 17.787, 17.598, 17.989, 18.113, 18.368, 17.817, 17.008, 17.208, 17.595, 17.974, 18.304, 18.175, 18.265, 18.432, 18.358, 18.33, 18.828, 18.843, 17.784, 18.002, 18.841, 19.187, 19.557, 19.851, 19.66, 19.694, 19.33, 18.73, 19.181, 19.561, 19.259, 19.528, 19.721, 19.457, 19.343, 20.121, 20.69, 20.209], [7.181, 6.619, 6.156, 5.852, 5.506, 4.15, 0.0, 4.87, 6.44, 6.797, 6.942, 8.735, 9.16, 9.613, 9.649, 10.717, 11.134, 11.674, 12.02, 12.844, 15.38, 16.754, 17.21, 16.843, 16.433, 16.425, 16.3, 16.55, 16.43, 16.006, 15.742, 15.164, 15.354, 15.68, 15.86, 16.077, 16.51, 17.156, 17.558, 17.872, 17.55, 17.56, 17.475, 17.942, 17.68, 16.905, 17.028, 16.809, 17.386, 17.216, 17.588, 17.706, 17.987, 17.349, 16.354, 16.486, 16.93, 17.343, 17.579, 17.402, 17.554, 17.798, 17.651, 17.582, 18.123, 18.081, 17.1, 17.356, 18.26, 18.74, 19.18, 19.484, 19.305, 19.324, 18.915, 18.292, 18.658, 18.944, 18.607, 18.825, 19.004, 18.74, 18.692, 19.544, 20.152, 19.76], [9.275, 9.001, 8.77, 8.851, 8.795, 8.089, 4.87, 0.0, 3.305, 5.296, 6.443, 8.175, 8.508, 8.884, 8.883, 10.057, 10.433, 10.897, 11.311, 12.7, 15.998, 17.611, 17.934, 17.613, 17.427, 17.449, 17.279, 17.569, 17.565, 17.163, 16.845, 16.438, 16.535, 16.775, 17.002, 17.036, 17.165, 17.581, 17.911, 18.229, 17.909, 17.879, 17.842, 18.381, 18.118, 17.529, 17.631, 17.436, 18.039, 17.811, 18.094, 18.249, 18.557, 17.806, 16.611, 16.649, 17.156, 17.53, 17.607, 17.431, 17.721, 18.05, 17.778, 17.643, 18.24, 18.142, 17.267, 17.517, 18.469, 19.06, 19.515, 19.793, 19.598, 19.594, 19.139, 18.579, 18.909, 19.081, 18.735, 18.839, 18.974, 18.745, 18.716, 19.571, 20.218, 19.93], [10.219, 9.859, 9.712, 9.864, 9.914, 9.223, 6.44, 3.305, 0.0, 3.272, 5.523, 7.47, 7.79, 8.206, 8.239, 9.599, 10.065, 10.506, 10.973, 12.674, 16.26, 17.914, 18.18, 17.869, 17.672, 17.647, 17.431, 17.683, 17.706, 17.321, 16.986, 16.572, 16.594, 16.809, 17.062, 17.102, 17.16, 17.452, 17.731, 18.089, 17.828, 17.788, 17.887, 18.528, 18.268, 17.779, 17.873, 17.647, 18.195, 17.982, 18.232, 18.348, 18.631, 17.862, 16.658, 16.652, 17.111, 17.451, 17.473, 17.258, 17.544, 17.895, 17.573, 17.421, 18.011, 17.945, 17.199, 17.403, 18.249, 18.782, 19.183, 19.442, 19.244, 19.249, 18.849, 18.262, 18.534, 18.671, 18.327, 18.415, 18.571, 18.386, 18.423, 19.275, 19.898, 19.691], [10.267, 9.832, 9.707, 9.867, 9.885, 9.218, 6.797, 5.296, 3.272, 0.0, 3.871, 6.439, 6.714, 7.233, 7.264, 8.928, 9.637, 10.249, 10.658, 12.396, 16.108, 17.812, 18.092, 17.793, 17.547, 17.508, 17.302, 17.518, 17.535, 17.153, 16.84, 16.311, 16.201, 16.407, 16.645, 16.719, 16.824, 17.084, 17.335, 17.696, 17.486, 17.454, 17.57, 18.332, 18.072, 17.571, 17.671, 17.434, 17.985, 17.804, 18.072, 18.156, 18.463, 17.724, 16.525, 16.487, 16.893, 17.24, 17.271, 16.981, 17.218, 17.551, 17.212, 17.086, 17.622, 17.564, 16.892, 17.121, 17.92, 18.43, 18.82, 19.082, 18.89, 18.897, 18.513, 17.919, 18.207, 18.375, 18.051, 18.152, 18.309, 18.11, 18.127, 18.903, 19.463, 19.28], [10.12, 9.757, 9.688, 9.817, 9.824, 9.1, 6.942, 6.443, 5.523, 3.871, 0.0, 3.734, 4.328, 4.947, 5.193, 6.917, 7.78, 8.533, 9.117, 10.636, 14.314, 16.152, 16.588, 16.421, 16.21, 16.201, 15.963, 16.207, 16.198, 15.829, 15.666, 15.3, 15.351, 15.53, 15.707, 15.762, 15.88, 16.207, 16.468, 16.817, 16.589, 16.583, 16.661, 17.352, 17.228, 16.792, 16.88, 16.65, 17.127, 16.926, 17.221, 17.312, 17.614, 16.944, 15.991, 16.05, 16.404, 16.73, 16.821, 16.609, 16.898, 17.218, 16.96, 16.884, 17.423, 17.341, 16.545, 16.93, 17.869, 18.367, 18.775, 19.036, 18.814, 18.837, 18.489, 17.818, 18.077, 18.309, 17.98, 18.127, 18.307, 18.093, 18.165, 18.986, 19.571, 19.38], [11.345, 11.101, 11.058, 11.219, 11.283, 10.746, 8.735, 8.175, 7.47, 6.439, 3.734, 0.0, 1.61, 2.498, 3.233, 4.846, 5.795, 6.471, 7.119, 8.835, 13.058, 15.261, 15.665, 15.639, 15.561, 15.556, 15.233, 15.449, 15.525, 15.217, 15.092, 14.877, 14.868, 14.94, 15.113, 15.053, 15.036, 15.284, 15.514, 15.824, 15.62, 15.587, 15.758, 16.478, 16.476, 16.44, 16.477, 16.221, 16.625, 16.481, 16.74, 16.786, 17.076, 16.423, 15.685, 15.789, 16.132, 16.439, 16.44, 16.167, 16.526, 16.908, 16.619, 16.5, 17.024, 16.922, 16.3, 16.797, 17.741, 18.265, 18.692, 18.921, 18.703, 18.736, 18.419, 17.706, 17.789, 17.949, 17.628, 17.758, 17.925, 17.715, 17.838, 18.655, 19.266, 19.189], [11.597, 11.396, 11.39, 11.575, 11.661, 11.152, 9.16, 8.508, 7.79, 6.714, 4.328, 1.61, 0.0, 1.806, 2.73, 4.609, 5.637, 6.364, 7.009, 8.816, 13.208, 15.464, 15.858, 15.847, 15.78, 15.771, 15.447, 15.652, 15.725, 15.407, 15.271, 15.051, 15.019, 15.097, 15.278, 15.188, 15.14, 15.367, 15.578, 15.87, 15.662, 15.62, 15.791, 16.526, 16.508, 16.508, 16.583, 16.319, 16.731, 16.602, 16.863, 16.893, 17.171, 16.514, 15.752, 15.844, 16.175, 16.471, 16.472, 16.177, 16.512, 16.896, 16.599, 16.493, 17.02, 16.906, 16.305, 16.818, 17.768, 18.309, 18.727, 18.944, 18.722, 18.736, 18.414, 17.707, 17.785, 17.943, 17.618, 17.733, 17.895, 17.683, 17.811, 18.627, 19.227, 19.166], [11.907, 11.698, 11.661, 11.854, 11.961, 11.533, 9.613, 8.884, 8.206, 7.233, 4.947, 2.498, 1.806, 0.0, 1.753, 3.909, 5.06, 5.703, 6.355, 8.349, 12.872, 15.213, 15.542, 15.542, 15.509, 15.499, 15.166, 15.385, 15.495, 15.209, 15.109, 14.945, 14.904, 14.94, 15.105, 15.012, 14.94, 15.125, 15.324, 15.606, 15.409, 15.354, 15.52, 16.292, 16.314, 16.366, 16.438, 16.268, 16.711, 16.582, 16.833, 16.911, 17.226, 16.55, 15.813, 15.896, 16.248, 16.558, 16.545, 16.226, 16.575, 16.953, 16.621, 16.487, 17.008, 16.893, 16.338, 16.869, 17.818, 18.354, 18.779, 18.998, 18.765, 18.78, 18.476, 17.824, 17.908, 18.029, 17.703, 17.805, 17.956, 17.746, 17.842, 18.624, 19.225, 19.164], [11.828, 11.683, 11.671, 11.894, 12.022, 11.587, 9.649, 8.883, 8.239, 7.264, 5.193, 3.233, 2.73, 1.753, 0.0, 3.109, 4.588, 5.591, 6.232, 8.14, 12.72, 15.077, 15.553, 15.657, 15.66, 15.672, 15.397, 15.636, 15.716, 15.428, 15.298, 15.124, 15.094, 15.145, 15.309, 15.202, 15.148, 15.369, 15.568, 15.83, 15.605, 15.56, 15.706, 16.429, 16.392, 16.379, 16.475, 16.284, 16.748, 16.637, 16.914, 17.008, 17.309, 16.628, 15.865, 15.961, 16.331, 16.627, 16.616, 16.318, 16.672, 17.074, 16.771, 16.648, 17.178, 17.058, 16.483, 17.005, 17.972, 18.53, 18.964, 19.2, 18.969, 18.976, 18.644, 17.941, 17.996, 18.118, 17.792, 17.9, 18.049, 17.832, 17.905, 18.657, 19.241, 19.159], [12.476, 12.465, 12.538, 12.761, 12.91, 12.531, 10.717, 10.057, 9.599, 8.928, 6.917, 4.846, 4.609, 3.909, 3.109, 0.0, 2.288, 4.19, 5.349, 6.764, 11.348, 13.774, 14.519, 15.124, 15.32, 15.392, 15.122, 15.328, 15.378, 15.118, 15.037, 15.074, 15.088, 15.072, 15.213, 14.957, 14.732, 14.942, 15.139, 15.324, 15.068, 15.017, 15.236, 15.891, 15.854, 15.898, 16.006, 15.84, 16.142, 16.077, 16.334, 16.388, 16.564, 15.952, 15.507, 15.683, 15.998, 16.182, 16.102, 15.946, 16.446, 16.914, 16.667, 16.544, 17.109, 16.972, 16.401, 16.99, 18.041, 18.619, 19.043, 19.272, 19.044, 19.031, 18.691, 17.852, 17.657, 17.707, 17.359, 17.472, 17.635, 17.451, 17.612, 18.388, 19.006, 18.991], [12.75, 12.809, 12.906, 13.104, 13.242, 12.874, 11.134, 10.433, 10.065, 9.637, 7.78, 5.795, 5.637, 5.06, 4.588, 2.288, 0.0, 3.294, 4.954, 6.522, 11.12, 13.44, 14.088, 14.808, 15.076, 15.174, 14.884, 15.099, 15.196, 14.959, 14.917, 15.03, 15.081, 15.064, 15.211, 14.859, 14.508, 14.713, 14.941, 15.111, 14.818, 14.768, 15.036, 15.689, 15.667, 15.726, 15.813, 15.674, 15.944, 15.872, 16.13, 16.141, 16.264, 15.637, 15.255, 15.468, 15.774, 15.912, 15.83, 15.799, 16.417, 16.904, 16.63, 16.499, 17.106, 16.966, 16.348, 16.956, 18.046, 18.622, 19.03, 19.254, 19.023, 18.999, 18.626, 17.745, 17.508, 17.55, 17.187, 17.296, 17.472, 17.305, 17.491, 18.29, 18.942, 18.93], [13.407, 13.406, 13.471, 13.637, 13.769, 13.427, 11.674, 10.897, 10.506, 10.249, 8.533, 6.471, 6.364, 5.703, 5.591, 4.19, 3.294, 0.0, 2.441, 5.039, 10.432, 13.127, 13.547, 14.141, 14.435, 14.5, 14.155, 14.364, 14.537, 14.312, 14.272, 14.492, 14.487, 14.382, 14.513, 14.131, 13.738, 13.883, 14.077, 14.236, 13.992, 13.924, 14.267, 14.98, 15.045, 15.331, 15.373, 15.266, 15.572, 15.548, 15.789, 16.039, 16.304, 15.686, 15.437, 15.623, 15.944, 16.14, 16.017, 15.793, 16.301, 16.799, 16.504, 16.331, 16.887, 16.761, 16.374, 16.986, 17.95, 18.484, 18.892, 19.098, 18.864, 18.851, 18.519, 17.683, 17.428, 17.435, 17.112, 17.207, 17.364, 17.204, 17.39, 18.186, 18.813, 18.821], [13.847, 13.803, 13.829, 13.987, 14.107, 13.766, 12.02, 11.311, 10.973, 10.658, 9.117, 7.119, 7.009, 6.355, 6.232, 5.349, 4.954, 2.441, 0.0, 4.377, 10.506, 13.519, 13.827, 14.201, 14.449, 14.483, 14.162, 14.382, 14.577, 14.347, 14.277, 14.408, 14.261, 14.094, 14.205, 13.838, 13.533, 13.705, 13.872, 14.016, 13.791, 13.723, 14.082, 14.841, 14.906, 15.286, 15.278, 15.138, 15.502, 15.529, 15.751, 16.079, 16.49, 15.898, 15.635, 15.792, 16.142, 16.405, 16.238, 15.764, 16.092, 16.597, 16.316, 16.138, 16.642, 16.521, 16.336, 16.968, 17.842, 18.389, 18.836, 19.047, 18.827, 18.817, 18.497, 17.696, 17.44, 17.426, 17.149, 17.249, 17.38, 17.194, 17.335, 18.082, 18.674, 18.701], [14.418, 14.402, 14.433, 14.551, 14.651, 14.29, 12.844, 12.7, 12.674, 12.396, 10.636, 8.835, 8.816, 8.349, 8.14, 6.764, 6.522, 5.039, 4.377, 0.0, 7.036, 10.852, 11.953, 13.005, 13.439, 13.565, 13.276, 13.461, 13.507, 13.272, 13.291, 13.671, 13.701, 13.514, 13.561, 13.173, 12.953, 13.297, 13.514, 13.562, 13.303, 13.317, 13.667, 14.103, 14.174, 14.576, 14.657, 14.545, 14.72, 14.823, 15.11, 15.456, 15.783, 15.553, 15.866, 16.157, 16.431, 16.666, 16.563, 16.164, 16.447, 16.95, 16.877, 16.762, 17.229, 17.078, 16.813, 17.51, 18.419, 18.916, 19.345, 19.557, 19.334, 19.326, 19.027, 18.139, 17.734, 17.737, 17.498, 17.685, 17.833, 17.652, 17.83, 18.545, 19.103, 19.107], [16.122, 16.114, 16.144, 16.152, 16.185, 15.937, 15.38, 15.998, 16.26, 16.108, 14.314, 13.058, 13.208, 12.872, 12.72, 11.348, 11.12, 10.432, 10.506, 7.036, 0.0, 5.255, 8.501, 11.053, 11.998, 12.413, 12.189, 12.271, 12.08, 12.032, 12.471, 13.606, 14.226, 14.037, 13.911, 13.554, 13.381, 13.87, 14.18, 14.135, 13.843, 14.035, 14.393, 14.321, 14.483, 14.886, 15.113, 15.186, 14.923, 14.974, 15.302, 15.769, 15.889, 16.203, 17.473, 17.957, 18.07, 18.212, 18.295, 18.177, 18.527, 18.934, 19.053, 19.004, 19.411, 19.259, 18.74, 19.412, 20.343, 20.658, 20.936, 21.083, 20.788, 20.768, 20.536, 19.694, 19.259, 19.316, 19.116, 19.39, 19.572, 19.434, 19.572, 20.184, 20.674, 20.563], [17.115, 17.129, 17.144, 17.044, 17.05, 16.874, 16.754, 17.611, 17.914, 17.812, 16.152, 15.261, 15.464, 15.213, 15.077, 13.774, 13.44, 13.127, 13.519, 10.852, 5.255, 0.0, 5.822, 9.681, 10.927, 11.574, 11.535, 11.708, 11.588, 11.804, 12.418, 13.987, 14.98, 14.905, 14.768, 14.389, 14.148, 14.736, 15.173, 15.182, 14.908, 15.147, 15.612, 15.543, 15.683, 15.925, 16.191, 16.294, 15.882, 15.864, 16.216, 16.645, 16.533, 16.859, 18.289, 18.854, 18.937, 18.996, 19.153, 19.268, 19.795, 20.17, 20.216, 20.139, 20.562, 20.435, 19.754, 20.336, 21.281, 21.54, 21.715, 21.823, 21.488, 21.409, 21.153, 20.349, 19.951, 20.063, 19.865, 20.137, 20.342, 20.246, 20.357, 20.939, 21.428, 21.271], [17.765, 17.655, 17.581, 17.425, 17.417, 17.336, 17.21, 17.934, 18.18, 18.092, 16.588, 15.665, 15.858, 15.542, 15.553, 14.519, 14.088, 13.547, 13.827, 11.953, 8.501, 5.822, 0.0, 5.21, 7.346, 8.3, 8.449, 9.073, 9.627, 10.147, 10.931, 12.849, 13.871, 13.729, 13.611, 13.109, 12.647, 13.288, 13.877, 13.994, 13.823, 14.016, 14.686, 14.922, 15.163, 15.676, 15.867, 16.016, 15.729, 15.77, 16.098, 16.65, 16.69, 16.832, 18.2, 18.847, 19.131, 19.288, 19.334, 19.329, 19.851, 20.197, 20.065, 19.861, 20.235, 20.145, 19.611, 20.093, 20.899, 21.141, 21.322, 21.408, 21.074, 20.991, 20.768, 20.006, 19.618, 19.719, 19.578, 19.791, 19.97, 19.884, 19.98, 20.568, 21.088, 20.976], [17.742, 17.493, 17.274, 17.049, 16.984, 16.92, 16.843, 17.613, 17.869, 17.793, 16.421, 15.639, 15.847, 15.542, 15.657, 15.124, 14.808, 14.141, 14.201, 13.005, 11.053, 9.681, 5.21, 0.0, 3.417, 4.968, 5.495, 6.874, 7.94, 8.631, 9.52, 11.422, 12.525, 12.438, 12.343, 12.018, 11.82, 12.641, 13.36, 13.624, 13.523, 13.691, 14.333, 14.778, 15.057, 15.592, 15.734, 15.859, 15.818, 15.916, 16.277, 16.922, 17.12, 17.11, 18.194, 18.839, 19.284, 19.68, 19.774, 19.567, 19.872, 20.124, 19.965, 19.753, 20.063, 20.007, 19.555, 19.901, 20.531, 20.72, 20.922, 21.021, 20.699, 20.655, 20.476, 19.785, 19.513, 19.634, 19.56, 19.775, 19.924, 19.798, 19.822, 20.389, 20.888, 20.74], [17.475, 17.179, 16.877, 16.576, 16.486, 16.393, 16.433, 17.427, 17.672, 17.547, 16.21, 15.561, 15.78, 15.509, 15.66, 15.32, 15.076, 14.435, 14.449, 13.439, 11.998, 10.927, 7.346, 3.417, 0.0, 2.099, 3.338, 5.296, 6.425, 7.179, 8.072, 9.931, 11.274, 11.339, 11.332, 11.24, 11.38, 12.382, 13.165, 13.499, 13.433, 13.631, 14.252, 14.751, 14.973, 15.396, 15.55, 15.636, 15.712, 15.892, 16.293, 16.95, 17.187, 17.101, 18.033, 18.654, 19.118, 19.611, 19.815, 19.534, 19.678, 19.852, 19.72, 19.538, 19.83, 19.804, 19.364, 19.654, 20.199, 20.341, 20.546, 20.657, 20.341, 20.312, 20.159, 19.45, 19.226, 19.392, 19.34, 19.605, 19.762, 19.626, 19.643, 20.217, 20.697, 20.511], [17.548, 17.218, 16.885, 16.57, 16.475, 16.371, 16.425, 17.449, 17.647, 17.508, 16.201, 15.556, 15.771, 15.499, 15.672, 15.392, 15.174, 14.5, 14.483, 13.565, 12.413, 11.574, 8.3, 4.968, 2.099, 0.0, 2.186, 4.632, 5.872, 6.633, 7.493, 9.295, 10.671, 10.799, 10.851, 10.854, 11.092, 12.108, 12.905, 13.287, 13.276, 13.478, 14.117, 14.664, 14.883, 15.343, 15.487, 15.545, 15.669, 15.902, 16.317, 16.984, 17.246, 17.109, 17.995, 18.604, 19.071, 19.591, 19.83, 19.516, 19.583, 19.733, 19.59, 19.409, 19.69, 19.693, 19.311, 19.563, 20.025, 20.131, 20.333, 20.439, 20.125, 20.108, 19.986, 19.263, 19.027, 19.201, 19.159, 19.446, 19.614, 19.48, 19.524, 20.111, 20.577, 20.412], [17.449, 17.104, 16.775, 16.481, 16.392, 16.292, 16.3, 17.279, 17.431, 17.302, 15.963, 15.233, 15.447, 15.166, 15.397, 15.122, 14.884, 14.155, 14.162, 13.276, 12.189, 11.535, 8.449, 5.495, 3.338, 2.186, 0.0, 3.038, 4.769, 5.69, 6.728, 8.762, 10.229, 10.315, 10.356, 10.352, 10.509, 11.488, 12.301, 12.727, 12.761, 12.952, 13.629, 14.198, 14.522, 15.105, 15.243, 15.336, 15.418, 15.624, 16.022, 16.693, 16.981, 16.871, 17.808, 18.388, 18.8, 19.3, 19.536, 19.225, 19.339, 19.501, 19.331, 19.147, 19.446, 19.455, 19.074, 19.331, 19.785, 19.853, 20.025, 20.104, 19.771, 19.764, 19.68, 18.978, 18.737, 18.905, 18.851, 19.146, 19.338, 19.213, 19.312, 19.96, 20.447, 20.314], [17.594, 17.23, 16.915, 16.65, 16.587, 16.517, 16.55, 17.569, 17.683, 17.518, 16.207, 15.449, 15.652, 15.385, 15.636, 15.328, 15.099, 14.364, 14.382, 13.461, 12.271, 11.708, 9.073, 6.874, 5.296, 4.632, 3.038, 0.0, 2.667, 4.118, 5.412, 7.904, 9.532, 9.625, 9.708, 9.734, 9.853, 10.832, 11.672, 12.122, 12.221, 12.475, 13.239, 13.834, 14.218, 14.918, 15.115, 15.285, 15.332, 15.536, 15.929, 16.613, 16.902, 16.845, 17.855, 18.399, 18.707, 19.156, 19.395, 19.085, 19.219, 19.39, 19.232, 19.059, 19.362, 19.377, 19.027, 19.282, 19.727, 19.769, 19.901, 19.95, 19.616, 19.606, 19.549, 18.864, 18.574, 18.707, 18.644, 18.933, 19.133, 19.022, 19.165, 19.857, 20.353, 20.259], [17.407, 17.078, 16.77, 16.491, 16.43, 16.319, 16.43, 17.565, 17.706, 17.535, 16.198, 15.525, 15.725, 15.495, 15.716, 15.378, 15.196, 14.537, 14.577, 13.507, 12.08, 11.588, 9.627, 7.94, 6.425, 5.872, 4.769, 2.667, 0.0, 2.268, 4.125, 7.011, 9.001, 9.207, 9.289, 9.46, 9.854, 10.933, 11.725, 12.147, 12.224, 12.551, 13.256, 13.728, 14.068, 14.654, 14.932, 15.107, 15.073, 15.268, 15.694, 16.375, 16.629, 16.666, 17.719, 18.253, 18.523, 18.952, 19.243, 18.955, 19.002, 19.151, 19.152, 19.078, 19.399, 19.42, 18.981, 19.241, 19.724, 19.761, 19.901, 19.961, 19.636, 19.632, 19.583, 18.851, 18.534, 18.668, 18.586, 18.912, 19.113, 18.998, 19.145, 19.841, 20.331, 20.177], [16.971, 16.69, 16.399, 16.107, 16.055, 15.918, 16.006, 17.163, 17.321, 17.153, 15.829, 15.217, 15.407, 15.209, 15.428, 15.118, 14.959, 14.312, 14.347, 13.272, 12.032, 11.804, 10.147, 8.631, 7.179, 6.633, 5.69, 4.118, 2.268, 0.0, 2.831, 5.915, 8.075, 8.445, 8.561, 8.791, 9.39, 10.58, 11.38, 11.83, 11.868, 12.224, 12.849, 13.232, 13.524, 14.005, 14.312, 14.476, 14.435, 14.623, 15.066, 15.76, 16.036, 16.091, 17.126, 17.682, 17.985, 18.419, 18.748, 18.484, 18.487, 18.605, 18.674, 18.681, 19.045, 19.081, 18.57, 18.825, 19.329, 19.376, 19.529, 19.594, 19.282, 19.287, 19.242, 18.507, 18.197, 18.344, 18.231, 18.573, 18.788, 18.669, 18.838, 19.57, 20.072, 19.885], [16.855, 16.581, 16.276, 15.967, 15.938, 15.783, 15.742, 16.845, 16.986, 16.84, 15.666, 15.092, 15.271, 15.109, 15.298, 15.037, 14.917, 14.272, 14.277, 13.291, 12.471, 12.418, 10.931, 9.52, 8.072, 7.493, 6.728, 5.412, 4.125, 2.831, 0.0, 3.975, 6.649, 7.286, 7.602, 7.989, 8.874, 10.223, 11.061, 11.549, 11.601, 11.958, 12.606, 13.079, 13.279, 13.687, 14.04, 14.119, 14.171, 14.484, 14.994, 15.67, 15.894, 15.871, 16.737, 17.273, 17.633, 18.115, 18.472, 18.233, 18.212, 18.326, 18.397, 18.384, 18.782, 18.832, 18.371, 18.568, 19.037, 19.13, 19.295, 19.398, 19.142, 19.155, 19.091, 18.321, 17.969, 18.093, 17.96, 18.294, 18.49, 18.367, 18.535, 19.283, 19.775, 19.579], [16.358, 16.087, 15.726, 15.37, 15.343, 15.163, 15.164, 16.438, 16.572, 16.311, 15.3, 14.877, 15.051, 14.945, 15.124, 15.074, 15.03, 14.492, 14.408, 13.671, 13.606, 13.987, 12.849, 11.422, 9.931, 9.295, 8.762, 7.904, 7.011, 5.915, 3.975, 0.0, 3.727, 5.249, 5.819, 6.729, 8.367, 9.909, 10.771, 11.329, 11.375, 11.771, 12.322, 13.022, 13.166, 13.315, 13.688, 13.68, 13.932, 14.318, 14.922, 15.525, 15.813, 15.683, 16.146, 16.619, 17.049, 17.622, 18.1, 17.839, 17.639, 17.655, 17.774, 17.81, 18.202, 18.327, 17.954, 18.097, 18.447, 18.529, 18.727, 18.902, 18.727, 18.75, 18.662, 17.924, 17.675, 17.791, 17.638, 18.013, 18.188, 18.018, 18.086, 18.801, 19.262, 18.992], [16.567, 16.262, 15.898, 15.588, 15.568, 15.437, 15.354, 16.535, 16.594, 16.201, 15.351, 14.868, 15.019, 14.904, 15.094, 15.088, 15.081, 14.487, 14.261, 13.701, 14.226, 14.98, 13.871, 12.525, 11.274, 10.671, 10.229, 9.532, 9.001, 8.075, 6.649, 3.727, 0.0, 2.609, 3.738, 4.922, 7.01, 8.563, 9.469, 10.101, 10.22, 10.642, 11.238, 12.302, 12.39, 12.611, 12.946, 12.932, 13.385, 13.903, 14.532, 15.199, 15.639, 15.441, 15.74, 16.164, 16.617, 17.239, 17.721, 17.341, 17.028, 17.036, 17.096, 17.126, 17.487, 17.685, 17.717, 17.888, 18.102, 18.193, 18.422, 18.612, 18.485, 18.464, 18.327, 17.645, 17.369, 17.414, 17.275, 17.607, 17.748, 17.566, 17.54, 18.149, 18.565, 18.361], [16.861, 16.546, 16.204, 15.935, 15.896, 15.801, 15.68, 16.775, 16.809, 16.407, 15.53, 14.94, 15.097, 14.94, 15.145, 15.072, 15.064, 14.382, 14.094, 13.514, 14.037, 14.905, 13.729, 12.438, 11.339, 10.799, 10.315, 9.625, 9.207, 8.445, 7.286, 5.249, 2.609, 0.0, 1.817, 3.382, 5.688, 7.364, 8.386, 9.067, 9.244, 9.66, 10.38, 11.575, 11.72, 12.12, 12.428, 12.501, 12.921, 13.459, 14.04, 14.78, 15.307, 15.123, 15.534, 15.96, 16.407, 17.039, 17.475, 17.021, 16.725, 16.762, 16.784, 16.767, 17.107, 17.31, 17.571, 17.875, 18.096, 18.196, 18.433, 18.602, 18.471, 18.453, 18.329, 17.675, 17.349, 17.371, 17.252, 17.553, 17.69, 17.517, 17.51, 18.11, 18.532, 18.394], [16.938, 16.662, 16.318, 16.052, 16.003, 15.927, 15.86, 17.002, 17.062, 16.645, 15.707, 15.113, 15.278, 15.105, 15.309, 15.213, 15.211, 14.513, 14.205, 13.561, 13.911, 14.768, 13.611, 12.343, 11.332, 10.851, 10.356, 9.708, 9.289, 8.561, 7.602, 5.819, 3.738, 1.817, 0.0, 2.451, 5.219, 7.017, 8.09, 8.775, 8.961, 9.356, 10.047, 11.295, 11.516, 11.911, 12.231, 12.362, 12.744, 13.251, 13.833, 14.614, 15.176, 15.023, 15.531, 15.979, 16.416, 17.043, 17.489, 17.022, 16.715, 16.755, 16.81, 16.796, 17.105, 17.308, 17.585, 17.958, 18.225, 18.345, 18.597, 18.765, 18.618, 18.601, 18.492, 17.849, 17.517, 17.531, 17.415, 17.725, 17.861, 17.675, 17.644, 18.241, 18.666, 18.527], [16.97, 16.829, 16.582, 16.37, 16.338, 16.272, 16.077, 17.036, 17.102, 16.719, 15.762, 15.053, 15.188, 15.012, 15.202, 14.957, 14.859, 14.131, 13.838, 13.173, 13.554, 14.389, 13.109, 12.018, 11.24, 10.854, 10.352, 9.734, 9.46, 8.791, 7.989, 6.729, 4.922, 3.382, 2.451, 0.0, 3.213, 5.4, 6.637, 7.366, 7.562, 8.029, 8.941, 10.35, 10.623, 11.224, 11.563, 11.717, 12.057, 12.599, 13.175, 14.0, 14.576, 14.433, 15.089, 15.605, 16.055, 16.598, 16.972, 16.618, 16.515, 16.655, 16.656, 16.608, 16.946, 17.133, 17.429, 17.852, 18.219, 18.444, 18.715, 18.86, 18.693, 18.653, 18.497, 17.778, 17.369, 17.382, 17.246, 17.513, 17.653, 17.485, 17.497, 18.115, 18.584, 18.51], [17.168, 17.09, 16.978, 16.867, 16.858, 16.834, 16.51, 17.165, 17.16, 16.824, 15.88, 15.036, 15.14, 14.94, 15.148, 14.732, 14.508, 13.738, 13.533, 12.953, 13.381, 14.148, 12.647, 11.82, 11.38, 11.092, 10.509, 9.853, 9.854, 9.39, 8.874, 8.367, 7.01, 5.688, 5.219, 3.213, 0.0, 2.756, 4.425, 5.381, 5.718, 6.255, 7.681, 9.416, 9.836, 10.845, 11.164, 11.421, 11.695, 12.221, 12.708, 13.61, 14.231, 14.057, 14.894, 15.453, 15.869, 16.281, 16.475, 16.236, 16.479, 16.752, 16.582, 16.425, 16.79, 16.955, 17.307, 17.745, 18.194, 18.508, 18.778, 18.872, 18.667, 18.621, 18.432, 17.672, 17.196, 17.197, 17.038, 17.187, 17.318, 17.203, 17.324, 18.012, 18.553, 18.599], [17.714, 17.599, 17.531, 17.522, 17.543, 17.547, 17.156, 17.581, 17.452, 17.084, 16.207, 15.284, 15.367, 15.125, 15.369, 14.942, 14.713, 13.883, 13.705, 13.297, 13.87, 14.736, 13.288, 12.641, 12.382, 12.108, 11.488, 10.832, 10.933, 10.58, 10.223, 9.909, 8.563, 7.364, 7.017, 5.4, 2.756, 0.0, 2.22, 3.726, 4.446, 5.056, 6.887, 9.011, 9.534, 10.879, 11.154, 11.523, 11.864, 12.392, 12.808, 13.782, 14.477, 14.285, 15.169, 15.679, 16.045, 16.397, 16.47, 16.211, 16.61, 16.945, 16.643, 16.411, 16.752, 16.932, 17.448, 17.849, 18.253, 18.59, 18.849, 18.927, 18.72, 18.695, 18.515, 17.802, 17.351, 17.34, 17.178, 17.229, 17.336, 17.251, 17.397, 18.061, 18.606, 18.766], [18.132, 17.993, 17.934, 17.963, 18.036, 18.019, 17.558, 17.911, 17.731, 17.335, 16.468, 15.514, 15.578, 15.324, 15.568, 15.139, 14.941, 14.077, 13.872, 13.514, 14.18, 15.173, 13.877, 13.36, 13.165, 12.905, 12.301, 11.672, 11.725, 11.38, 11.061, 10.771, 9.469, 8.386, 8.09, 6.637, 4.425, 2.22, 0.0, 2.095, 3.281, 4.049, 6.239, 8.535, 9.108, 10.624, 10.884, 11.268, 11.626, 12.208, 12.626, 13.684, 14.437, 14.293, 15.23, 15.708, 16.05, 16.388, 16.411, 16.126, 16.567, 16.941, 16.615, 16.375, 16.709, 16.918, 17.529, 17.91, 18.279, 18.644, 18.907, 18.984, 18.801, 18.806, 18.65, 17.937, 17.494, 17.49, 17.318, 17.353, 17.46, 17.379, 17.53, 18.171, 18.706, 18.925], [18.392, 18.27, 18.218, 18.246, 18.353, 18.36, 17.872, 18.229, 18.089, 17.696, 16.817, 15.824, 15.87, 15.606, 15.83, 15.324, 15.111, 14.236, 14.016, 13.562, 14.135, 15.182, 13.994, 13.624, 13.499, 13.287, 12.727, 12.122, 12.147, 11.83, 11.549, 11.329, 10.101, 9.067, 8.775, 7.366, 5.381, 3.726, 2.095, 0.0, 1.895, 3.0, 5.589, 8.011, 8.638, 10.263, 10.523, 10.927, 11.212, 11.845, 12.287, 13.398, 14.165, 14.101, 15.161, 15.65, 15.972, 16.324, 16.365, 16.1, 16.565, 16.969, 16.669, 16.43, 16.769, 16.983, 17.632, 18.066, 18.459, 18.856, 19.137, 19.218, 19.043, 19.063, 18.91, 18.166, 17.676, 17.649, 17.475, 17.52, 17.628, 17.541, 17.682, 18.293, 18.812, 19.038], [17.976, 17.898, 17.868, 17.891, 18.005, 18.016, 17.55, 17.909, 17.828, 17.486, 16.589, 15.62, 15.662, 15.409, 15.605, 15.068, 14.818, 13.992, 13.791, 13.303, 13.843, 14.908, 13.823, 13.523, 13.433, 13.276, 12.761, 12.221, 12.224, 11.868, 11.601, 11.375, 10.22, 9.244, 8.961, 7.562, 5.718, 4.446, 3.281, 1.895, 0.0, 2.102, 4.826, 7.284, 7.938, 9.466, 9.726, 10.155, 10.491, 11.098, 11.559, 12.712, 13.531, 13.477, 14.574, 15.108, 15.457, 15.849, 15.976, 15.784, 16.292, 16.715, 16.442, 16.225, 16.628, 16.828, 17.372, 17.869, 18.375, 18.81, 19.111, 19.221, 19.039, 19.05, 18.851, 18.046, 17.584, 17.605, 17.417, 17.467, 17.577, 17.475, 17.585, 18.209, 18.752, 18.925], [18.03, 17.954, 17.92, 17.942, 18.062, 18.069, 17.56, 17.879, 17.788, 17.454, 16.583, 15.587, 15.62, 15.354, 15.56, 15.017, 14.768, 13.924, 13.723, 13.317, 14.035, 15.147, 14.016, 13.691, 13.631, 13.478, 12.952, 12.475, 12.551, 12.224, 11.958, 11.771, 10.642, 9.66, 9.356, 8.029, 6.255, 5.056, 4.049, 3.0, 2.102, 0.0, 3.616, 6.716, 7.516, 9.197, 9.423, 9.94, 10.399, 11.057, 11.482, 12.657, 13.579, 13.513, 14.517, 15.017, 15.402, 15.835, 15.944, 15.735, 16.262, 16.703, 16.398, 16.169, 16.595, 16.821, 17.371, 17.845, 18.349, 18.798, 19.109, 19.203, 19.019, 19.034, 18.843, 18.103, 17.66, 17.635, 17.428, 17.45, 17.55, 17.434, 17.502, 18.114, 18.669, 18.835], [17.94, 17.885, 17.84, 17.86, 17.951, 17.941, 17.475, 17.842, 17.887, 17.57, 16.661, 15.758, 15.791, 15.52, 15.706, 15.236, 15.036, 14.267, 14.082, 13.667, 14.393, 15.612, 14.686, 14.333, 14.252, 14.117, 13.629, 13.239, 13.256, 12.849, 12.606, 12.322, 11.238, 10.38, 10.047, 8.941, 7.681, 6.887, 6.239, 5.589, 4.826, 3.616, 0.0, 4.266, 5.629, 7.486, 7.815, 8.58, 9.509, 10.249, 10.76, 12.156, 13.396, 13.473, 14.381, 14.854, 15.262, 15.765, 15.989, 15.809, 16.305, 16.712, 16.495, 16.388, 16.855, 17.068, 17.46, 17.92, 18.466, 18.925, 19.291, 19.417, 19.234, 19.256, 18.988, 18.331, 18.128, 18.189, 17.961, 17.975, 18.046, 17.862, 17.776, 18.312, 18.838, 18.915], [18.414, 18.386, 18.357, 18.359, 18.431, 18.346, 17.942, 18.381, 18.528, 18.332, 17.352, 16.478, 16.526, 16.292, 16.429, 15.891, 15.689, 14.98, 14.841, 14.103, 14.321, 15.543, 14.922, 14.778, 14.751, 14.664, 14.198, 13.834, 13.728, 13.232, 13.079, 13.022, 12.302, 11.575, 11.295, 10.35, 9.416, 9.011, 8.535, 8.011, 7.284, 6.716, 4.266, 0.0, 2.997, 5.745, 6.107, 6.983, 7.942, 8.818, 9.419, 11.057, 12.497, 12.937, 14.249, 14.829, 15.201, 15.696, 15.993, 15.914, 16.447, 16.847, 16.818, 16.892, 17.404, 17.544, 17.679, 18.169, 18.806, 19.253, 19.622, 19.773, 19.594, 19.638, 19.304, 18.545, 18.476, 18.769, 18.558, 18.631, 18.749, 18.565, 18.536, 19.066, 19.559, 19.619], [18.16, 18.14, 18.125, 18.126, 18.202, 18.12, 17.68, 18.118, 18.268, 18.072, 17.228, 16.476, 16.508, 16.314, 16.392, 15.854, 15.667, 15.045, 14.906, 14.174, 14.483, 15.683, 15.163, 15.057, 14.973, 14.883, 14.522, 14.218, 14.068, 13.524, 13.279, 13.166, 12.39, 11.72, 11.516, 10.623, 9.836, 9.534, 9.108, 8.638, 7.938, 7.516, 5.629, 2.997, 0.0, 3.888, 4.554, 5.515, 6.866, 8.019, 8.826, 10.537, 11.984, 12.375, 13.661, 14.308, 14.72, 15.23, 15.569, 15.534, 16.075, 16.497, 16.499, 16.597, 17.136, 17.26, 17.426, 17.927, 18.606, 19.114, 19.511, 19.7, 19.563, 19.609, 19.208, 18.359, 18.256, 18.576, 18.371, 18.426, 18.532, 18.348, 18.283, 18.745, 19.208, 19.268], [17.321, 17.358, 17.347, 17.289, 17.354, 17.263, 16.905, 17.529, 17.779, 17.571, 16.792, 16.44, 16.508, 16.366, 16.379, 15.898, 15.726, 15.331, 15.286, 14.576, 14.886, 15.925, 15.676, 15.592, 15.396, 15.343, 15.105, 14.918, 14.654, 14.005, 13.687, 13.315, 12.611, 12.12, 11.911, 11.224, 10.845, 10.879, 10.624, 10.263, 9.466, 9.197, 7.486, 5.745, 3.888, 0.0, 2.222, 3.776, 5.784, 6.972, 8.058, 9.859, 11.334, 11.732, 12.772, 13.43, 13.907, 14.475, 15.066, 15.219, 15.751, 16.145, 16.279, 16.487, 17.063, 17.168, 17.126, 17.688, 18.494, 19.04, 19.472, 19.749, 19.628, 19.659, 19.187, 18.263, 18.267, 18.652, 18.416, 18.558, 18.691, 18.467, 18.294, 18.709, 19.156, 19.066], [17.507, 17.54, 17.513, 17.449, 17.501, 17.406, 17.028, 17.631, 17.873, 17.671, 16.88, 16.477, 16.583, 16.438, 16.475, 16.006, 15.813, 15.373, 15.278, 14.657, 15.113, 16.191, 15.867, 15.734, 15.55, 15.487, 15.243, 15.115, 14.932, 14.312, 14.04, 13.688, 12.946, 12.428, 12.231, 11.563, 11.164, 11.154, 10.884, 10.523, 9.726, 9.423, 7.815, 6.107, 4.554, 2.222, 0.0, 2.771, 5.241, 6.497, 7.51, 9.356, 10.977, 11.37, 12.443, 13.11, 13.602, 14.213, 14.8, 14.928, 15.549, 15.998, 16.083, 16.276, 16.845, 16.964, 16.974, 17.555, 18.339, 18.885, 19.328, 19.617, 19.5, 19.533, 19.048, 18.118, 18.137, 18.558, 18.339, 18.505, 18.683, 18.453, 18.287, 18.707, 19.158, 19.08], [17.393, 17.431, 17.407, 17.339, 17.405, 17.238, 16.809, 17.436, 17.647, 17.434, 16.65, 16.221, 16.319, 16.268, 16.284, 15.84, 15.674, 15.266, 15.138, 14.545, 15.186, 16.294, 16.016, 15.859, 15.636, 15.545, 15.336, 15.285, 15.107, 14.476, 14.119, 13.68, 12.932, 12.501, 12.362, 11.717, 11.421, 11.523, 11.268, 10.927, 10.155, 9.94, 8.58, 6.983, 5.515, 3.776, 2.771, 0.0, 3.734, 5.553, 6.847, 8.771, 10.376, 10.805, 11.873, 12.612, 13.163, 13.825, 14.403, 14.453, 15.016, 15.533, 15.692, 15.914, 16.486, 16.608, 16.614, 17.179, 17.934, 18.494, 18.965, 19.287, 19.204, 19.238, 18.765, 17.717, 17.72, 18.208, 18.0, 18.198, 18.377, 18.161, 18.078, 18.561, 19.002, 18.943], [17.881, 17.95, 17.952, 17.88, 17.961, 17.787, 17.386, 18.039, 18.195, 17.985, 17.127, 16.625, 16.731, 16.711, 16.748, 16.142, 15.944, 15.572, 15.502, 14.72, 14.923, 15.882, 15.729, 15.818, 15.712, 15.669, 15.418, 15.332, 15.073, 14.435, 14.171, 13.932, 13.385, 12.921, 12.744, 12.057, 11.695, 11.864, 11.626, 11.212, 10.491, 10.399, 9.509, 7.942, 6.866, 5.784, 5.241, 3.734, 0.0, 2.952, 4.65, 6.81, 8.476, 9.395, 11.294, 12.244, 12.747, 13.354, 13.868, 13.98, 14.626, 15.172, 15.468, 15.747, 16.327, 16.41, 16.287, 16.954, 17.793, 18.336, 18.783, 19.089, 19.04, 19.105, 18.729, 17.573, 17.429, 17.918, 17.7, 17.99, 18.218, 18.062, 18.237, 18.856, 19.337, 19.327], [17.604, 17.71, 17.718, 17.663, 17.746, 17.598, 17.216, 17.811, 17.982, 17.804, 16.926, 16.481, 16.602, 16.582, 16.637, 16.077, 15.872, 15.548, 15.529, 14.823, 14.974, 15.864, 15.77, 15.916, 15.892, 15.902, 15.624, 15.536, 15.268, 14.623, 14.484, 14.318, 13.903, 13.459, 13.251, 12.599, 12.221, 12.392, 12.208, 11.845, 11.098, 11.057, 10.249, 8.818, 8.019, 6.972, 6.497, 5.553, 2.952, 0.0, 2.364, 5.192, 7.308, 8.347, 10.445, 11.502, 12.004, 12.59, 13.124, 13.368, 14.174, 14.731, 15.017, 15.313, 15.924, 15.959, 15.607, 16.384, 17.411, 18.004, 18.494, 18.801, 18.738, 18.821, 18.451, 17.364, 17.351, 17.863, 17.624, 17.927, 18.184, 18.029, 18.28, 19.039, 19.616, 19.581], [17.949, 18.059, 18.078, 18.034, 18.119, 17.989, 17.588, 18.094, 18.232, 18.072, 17.221, 16.74, 16.863, 16.833, 16.914, 16.334, 16.13, 15.789, 15.751, 15.11, 15.302, 16.216, 16.098, 16.277, 16.293, 16.317, 16.022, 15.929, 15.694, 15.066, 14.994, 14.922, 14.532, 14.04, 13.833, 13.175, 12.708, 12.808, 12.626, 12.287, 11.559, 11.482, 10.76, 9.419, 8.826, 8.058, 7.51, 6.847, 4.65, 2.364, 0.0, 3.923, 6.572, 7.776, 10.083, 11.131, 11.612, 12.177, 12.62, 12.869, 13.794, 14.387, 14.625, 14.893, 15.499, 15.525, 15.207, 16.047, 17.116, 17.731, 18.227, 18.505, 18.439, 18.548, 18.222, 17.206, 17.225, 17.735, 17.502, 17.793, 18.071, 17.927, 18.249, 19.108, 19.761, 19.793], [18.067, 18.207, 18.214, 18.176, 18.274, 18.113, 17.706, 18.249, 18.348, 18.156, 17.312, 16.786, 16.893, 16.911, 17.008, 16.388, 16.141, 16.039, 16.079, 15.456, 15.769, 16.645, 16.65, 16.922, 16.95, 16.984, 16.693, 16.613, 16.375, 15.76, 15.67, 15.525, 15.199, 14.78, 14.614, 14.0, 13.61, 13.782, 13.684, 13.398, 12.712, 12.657, 12.156, 11.057, 10.537, 9.859, 9.356, 8.771, 6.81, 5.192, 3.923, 0.0, 3.729, 5.586, 8.368, 9.628, 10.073, 10.669, 11.145, 11.601, 12.72, 13.365, 13.702, 14.045, 14.69, 14.686, 14.237, 15.192, 16.402, 17.079, 17.606, 17.888, 17.867, 18.041, 17.754, 16.742, 16.771, 17.295, 17.039, 17.391, 17.708, 17.559, 17.986, 18.95, 19.67, 19.793], [18.286, 18.451, 18.471, 18.423, 18.536, 18.368, 17.987, 18.557, 18.631, 18.463, 17.614, 17.076, 17.171, 17.226, 17.309, 16.564, 16.264, 16.304, 16.49, 15.783, 15.889, 16.533, 16.69, 17.12, 17.187, 17.246, 16.981, 16.902, 16.629, 16.036, 15.894, 15.813, 15.639, 15.307, 15.176, 14.576, 14.231, 14.477, 14.437, 14.165, 13.531, 13.579, 13.396, 12.497, 11.984, 11.334, 10.977, 10.376, 8.476, 7.308, 6.572, 3.729, 0.0, 3.531, 7.544, 9.138, 9.593, 10.113, 10.607, 11.387, 12.627, 13.305, 13.758, 14.05, 14.701, 14.669, 14.113, 15.135, 16.438, 17.102, 17.592, 17.877, 17.879, 18.073, 17.865, 16.685, 16.507, 17.054, 16.793, 17.215, 17.585, 17.482, 18.017, 18.997, 19.726, 19.918], [17.667, 17.838, 17.851, 17.82, 17.97, 17.817, 17.349, 17.806, 17.862, 17.724, 16.944, 16.423, 16.514, 16.55, 16.628, 15.952, 15.637, 15.686, 15.898, 15.553, 16.203, 16.859, 16.832, 17.11, 17.101, 17.109, 16.871, 16.845, 16.666, 16.091, 15.871, 15.683, 15.441, 15.123, 15.023, 14.433, 14.057, 14.285, 14.293, 14.101, 13.477, 13.513, 13.473, 12.937, 12.375, 11.732, 11.37, 10.805, 9.395, 8.347, 7.776, 5.586, 3.531, 0.0, 5.104, 7.215, 7.971, 8.675, 9.29, 10.149, 11.577, 12.379, 12.655, 12.837, 13.548, 13.538, 13.073, 14.116, 15.454, 16.198, 16.752, 17.072, 17.099, 17.286, 17.072, 15.875, 15.63, 16.159, 15.879, 16.271, 16.66, 16.577, 17.16, 18.258, 19.056, 19.283], [16.902, 17.084, 17.048, 17.016, 17.179, 17.008, 16.354, 16.611, 16.658, 16.525, 15.991, 15.685, 15.752, 15.813, 15.865, 15.507, 15.255, 15.437, 15.635, 15.866, 17.473, 18.289, 18.2, 18.194, 18.033, 17.995, 17.808, 17.855, 17.719, 17.126, 16.737, 16.146, 15.74, 15.534, 15.531, 15.089, 14.894, 15.169, 15.23, 15.161, 14.574, 14.517, 14.381, 14.249, 13.661, 12.772, 12.443, 11.873, 11.294, 10.445, 10.083, 8.368, 7.544, 5.104, 0.0, 3.092, 5.06, 6.379, 7.402, 8.392, 9.884, 10.803, 10.925, 11.226, 12.08, 12.184, 11.805, 12.721, 13.984, 14.862, 15.565, 15.987, 16.052, 16.238, 15.954, 14.972, 15.105, 15.63, 15.315, 15.687, 16.053, 15.915, 16.423, 17.639, 18.498, 18.677], [17.151, 17.309, 17.257, 17.22, 17.378, 17.208, 16.486, 16.649, 16.652, 16.487, 16.05, 15.789, 15.844, 15.896, 15.961, 15.683, 15.468, 15.623, 15.792, 16.157, 17.957, 18.854, 18.847, 18.839, 18.654, 18.604, 18.388, 18.399, 18.253, 17.682, 17.273, 16.619, 16.164, 15.96, 15.979, 15.605, 15.453, 15.679, 15.708, 15.65, 15.108, 15.017, 14.854, 14.829, 14.308, 13.43, 13.11, 12.612, 12.244, 11.502, 11.131, 9.628, 9.138, 7.215, 3.092, 0.0, 3.108, 5.066, 6.385, 7.407, 8.997, 10.034, 10.091, 10.506, 11.438, 11.603, 11.364, 12.221, 13.376, 14.267, 14.99, 15.424, 15.466, 15.621, 15.329, 14.528, 14.877, 15.404, 15.091, 15.464, 15.826, 15.685, 16.164, 17.395, 18.269, 18.479], [17.478, 17.636, 17.62, 17.6, 17.766, 17.595, 16.93, 17.156, 17.111, 16.893, 16.404, 16.132, 16.175, 16.248, 16.331, 15.998, 15.774, 15.944, 16.142, 16.431, 18.07, 18.937, 19.131, 19.284, 19.118, 19.071, 18.8, 18.707, 18.523, 17.985, 17.633, 17.049, 16.617, 16.407, 16.416, 16.055, 15.869, 16.045, 16.05, 15.972, 15.457, 15.402, 15.262, 15.201, 14.72, 13.907, 13.602, 13.163, 12.747, 12.004, 11.612, 10.073, 9.593, 7.971, 5.06, 3.108, 0.0, 2.86, 5.171, 6.605, 8.461, 9.595, 9.658, 10.216, 11.241, 11.426, 11.259, 12.188, 13.369, 14.204, 14.854, 15.244, 15.247, 15.368, 15.05, 14.254, 14.602, 15.144, 14.818, 15.192, 15.593, 15.498, 16.078, 17.38, 18.261, 18.521], [17.687, 17.909, 17.962, 17.981, 18.151, 17.974, 17.343, 17.53, 17.451, 17.24, 16.73, 16.439, 16.471, 16.558, 16.627, 16.182, 15.912, 16.14, 16.405, 16.666, 18.212, 18.996, 19.288, 19.68, 19.611, 19.591, 19.3, 19.156, 18.952, 18.419, 18.115, 17.622, 17.239, 17.039, 17.043, 16.598, 16.281, 16.397, 16.388, 16.324, 15.849, 15.835, 15.765, 15.696, 15.23, 14.475, 14.213, 13.825, 13.354, 12.59, 12.177, 10.669, 10.113, 8.675, 6.379, 5.066, 2.86, 0.0, 3.499, 5.977, 8.329, 9.539, 9.563, 10.144, 11.214, 11.398, 11.235, 12.266, 13.556, 14.434, 15.054, 15.376, 15.348, 15.446, 15.115, 14.269, 14.537, 15.087, 14.728, 15.072, 15.501, 15.47, 16.189, 17.572, 18.49, 18.773], [17.982, 18.174, 18.233, 18.295, 18.467, 18.304, 17.579, 17.607, 17.473, 17.271, 16.821, 16.44, 16.472, 16.545, 16.616, 16.102, 15.83, 16.017, 16.238, 16.563, 18.295, 19.153, 19.334, 19.774, 19.815, 19.83, 19.536, 19.395, 19.243, 18.748, 18.472, 18.1, 17.721, 17.475, 17.489, 16.972, 16.475, 16.47, 16.411, 16.365, 15.976, 15.944, 15.989, 15.993, 15.569, 15.066, 14.8, 14.403, 13.868, 13.124, 12.62, 11.145, 10.607, 9.29, 7.402, 6.385, 5.171, 3.499, 0.0, 4.044, 7.522, 9.056, 8.9, 9.313, 10.342, 10.477, 10.421, 11.387, 12.793, 13.907, 14.665, 14.937, 14.926, 15.048, 14.764, 13.932, 14.151, 14.718, 14.382, 14.638, 15.058, 15.055, 15.938, 17.441, 18.448, 18.875], [18.013, 18.094, 18.09, 18.159, 18.33, 18.175, 17.402, 17.431, 17.258, 16.981, 16.609, 16.167, 16.177, 16.226, 16.318, 15.946, 15.799, 15.793, 15.764, 16.164, 18.177, 19.268, 19.329, 19.567, 19.534, 19.516, 19.225, 19.085, 18.955, 18.484, 18.233, 17.839, 17.341, 17.021, 17.022, 16.618, 16.236, 16.211, 16.126, 16.1, 15.784, 15.735, 15.809, 15.914, 15.534, 15.219, 14.928, 14.453, 13.98, 13.368, 12.869, 11.601, 11.387, 10.149, 8.392, 7.407, 6.605, 5.977, 4.044, 0.0, 4.456, 6.612, 6.502, 7.068, 8.041, 8.197, 8.718, 9.733, 10.903, 12.106, 13.055, 13.386, 13.435, 13.576, 13.378, 12.661, 12.994, 13.596, 13.35, 13.63, 14.019, 13.961, 14.841, 16.426, 17.453, 17.996], [18.249, 18.279, 18.246,