[[0.0, 2.79, 5.666, 7.402, 9.479, 14.693, 19.952, 22.734, 24.11, 25.354, 26.182, 26.109, 25.916, 25.419, 25.313, 26.255, 27.697, 30.009, 31.769, 31.94, 31.584, 31.303, 31.056, 30.445, 30.105, 30.118, 29.639, 29.385, 29.284, 28.962, 28.226, 27.897, 27.732, 27.448, 27.217, 26.937, 26.53, 26.38, 26.064, 25.155, 24.524, 24.126, 23.821, 23.917, 24.212, 24.319, 24.415, 24.606, 24.776, 24.62, 24.408, 24.591, 24.754, 24.754, 24.658, 24.621, 24.203, 24.131, 24.541, 24.488, 24.207, 24.199, 24.198, 24.083, 24.135, 24.386, 24.493, 24.489, 24.43, 24.534, 24.686, 24.403, 24.202, 24.442, 24.656, 24.669, 24.727, 24.825, 24.635, 24.428, 24.36, 24.363, 24.388, 24.453, 24.463, 24.476], [2.79, 0.0, 3.668, 6.043, 8.544, 14.198, 19.657, 22.439, 23.697, 24.875, 25.68, 25.555, 25.32, 24.772, 24.659, 25.67, 27.208, 29.637, 31.471, 31.65, 31.281, 30.987, 30.714, 30.059, 29.694, 29.705, 29.218, 28.962, 28.852, 28.521, 27.762, 27.442, 27.266, 26.939, 26.689, 26.409, 25.985, 25.848, 25.531, 24.554, 23.881, 23.477, 23.212, 23.35, 23.626, 23.716, 23.834, 24.072, 24.269, 24.092, 23.851, 24.043, 24.217, 24.221, 24.123, 24.09, 23.604, 23.423, 23.824, 23.759, 23.465, 23.473, 23.481, 23.358, 23.445, 23.751, 23.879, 23.882, 23.823, 23.935, 24.115, 23.819, 23.58, 23.829, 24.069, 24.078, 24.128, 24.224, 24.008, 23.783, 23.709, 23.699, 23.718, 23.801, 23.823, 23.835], [5.666, 3.668, 0.0, 3.64, 7.44, 13.733, 19.469, 22.29, 23.446, 24.514, 25.271, 25.078, 24.777, 24.151, 24.028, 25.147, 26.839, 29.41, 31.309, 31.496, 31.12, 30.813, 30.509, 29.806, 29.413, 29.427, 28.932, 28.666, 28.541, 28.196, 27.428, 27.111, 26.898, 26.515, 26.244, 25.962, 25.562, 25.479, 25.163, 24.104, 23.376, 22.96, 22.711, 22.862, 23.126, 23.215, 23.349, 23.627, 23.851, 23.642, 23.349, 23.556, 23.748, 23.748, 23.642, 23.617, 23.063, 22.761, 23.16, 23.105, 22.832, 22.866, 22.883, 22.766, 22.906, 23.282, 23.432, 23.415, 23.356, 23.509, 23.722, 23.385, 23.093, 23.372, 23.673, 23.697, 23.744, 23.835, 23.591, 23.343, 23.255, 23.222, 23.22, 23.324, 23.373, 23.382], [7.402, 6.043, 3.64, 0.0, 5.643, 13.286, 19.426, 22.378, 23.607, 24.647, 25.355, 25.138, 24.818, 24.187, 24.09, 25.267, 27.001, 29.57, 31.449, 31.624, 31.241, 30.926, 30.616, 29.925, 29.537, 29.552, 29.057, 28.783, 28.648, 28.302, 27.517, 27.189, 26.976, 26.582, 26.307, 25.999, 25.551, 25.493, 25.22, 24.151, 23.398, 22.958, 22.657, 22.744, 22.979, 23.069, 23.218, 23.509, 23.742, 23.526, 23.215, 23.429, 23.629, 23.617, 23.496, 23.466, 22.895, 22.596, 23.017, 22.98, 22.724, 22.754, 22.776, 22.658, 22.804, 23.211, 23.377, 23.341, 23.268, 23.44, 23.695, 23.39, 23.125, 23.43, 23.753, 23.805, 23.87, 23.959, 23.713, 23.466, 23.377, 23.339, 23.318, 23.41, 23.468, 23.48], [9.479, 8.544, 7.44, 5.643, 0.0, 9.61, 16.782, 20.134, 21.715, 23.129, 24.153, 24.14, 23.946, 23.43, 23.493, 24.793, 26.584, 29.134, 30.964, 31.094, 30.691, 30.382, 30.116, 29.495, 29.146, 29.155, 28.66, 28.408, 28.3, 27.965, 27.183, 26.865, 26.71, 26.356, 26.071, 25.723, 25.175, 25.054, 24.881, 24.016, 23.436, 23.125, 22.954, 23.102, 23.344, 23.43, 23.555, 23.803, 24.016, 23.805, 23.456, 23.589, 23.749, 23.706, 23.553, 23.512, 23.038, 22.957, 23.35, 23.174, 22.818, 22.808, 22.811, 22.657, 22.753, 23.137, 23.29, 23.276, 23.202, 23.365, 23.677, 23.465, 23.273, 23.602, 23.903, 23.927, 23.966, 24.042, 23.812, 23.587, 23.503, 23.464, 23.433, 23.512, 23.568, 23.585], [14.693, 14.198, 13.733, 13.286, 9.61, 0.0, 8.588, 13.13, 15.817, 18.277, 20.165, 20.734, 20.902, 20.614, 20.958, 22.539, 24.622, 27.313, 29.09, 29.089, 28.653, 28.382, 28.206, 27.692, 27.392, 27.374, 26.904, 26.727, 26.68, 26.362, 25.592, 25.309, 25.245, 25.003, 24.78, 24.423, 23.766, 23.505, 23.452, 23.144, 23.101, 23.209, 23.511, 23.95, 24.282, 24.342, 24.39, 24.544, 24.693, 24.498, 24.144, 24.17, 24.27, 24.195, 24.037, 24.011, 23.723, 23.895, 24.117, 23.623, 23.04, 22.953, 22.919, 22.797, 22.955, 23.309, 23.374, 23.364, 23.347, 23.6, 23.992, 23.83, 23.667, 24.011, 24.309, 24.25, 24.158, 24.175, 23.988, 23.83, 23.763, 23.722, 23.694, 23.787, 23.85, 23.87], [19.952, 19.657, 19.469, 19.426, 16.782, 8.588, 0.0, 5.79, 10.062, 13.851, 16.761, 18.059, 18.657, 18.789, 19.556, 21.301, 23.444, 25.98, 27.516, 27.343, 26.885, 26.652, 26.582, 26.261, 26.075, 26.083, 25.764, 25.716, 25.725, 25.471, 24.86, 24.657, 24.664, 24.577, 24.48, 24.203, 23.551, 23.175, 23.268, 23.653, 24.216, 24.774, 25.538, 26.163, 26.483, 26.518, 26.535, 26.611, 26.691, 26.555, 26.295, 26.259, 26.306, 26.218, 26.093, 26.086, 25.95, 26.336, 26.407, 25.732, 25.043, 24.898, 24.841, 24.795, 24.987, 25.223, 25.231, 25.274, 25.327, 25.595, 25.958, 25.873, 25.76, 26.011, 26.251, 26.142, 25.9, 25.78, 25.646, 25.568, 25.501, 25.476, 25.465, 25.537, 25.602, 25.626], [22.734, 22.439, 22.29, 22.378, 20.134, 13.13, 5.79, 0.0, 5.492, 10.578, 14.435, 16.293, 17.187, 17.717, 18.903, 20.73, 22.771, 25.036, 26.324, 25.984, 25.454, 25.222, 25.213, 25.042, 24.946, 24.984, 24.818, 24.889, 24.929, 24.756, 24.324, 24.183, 24.228, 24.244, 24.228, 24.046, 23.493, 23.111, 23.332, 24.133, 25.09, 25.995, 27.101, 27.82, 28.092, 28.115, 28.133, 28.188, 28.241, 28.147, 27.947, 27.872, 27.874, 27.784, 27.688, 27.689, 27.622, 28.133, 28.14, 27.412, 26.715, 26.55, 26.48, 26.471, 26.665, 26.846, 26.865, 26.965, 27.044, 27.276, 27.591, 27.551, 27.448, 27.616, 27.825, 27.709, 27.38, 27.151, 27.045, 27.008, 26.925, 26.91, 26.914, 26.983, 27.065, 27.1], [24.11, 23.697, 23.446, 23.607, 21.715, 15.817, 10.062, 5.492, 0.0, 6.15, 11.069, 13.37, 14.479, 15.342, 16.949, 18.933, 20.973, 23.16, 24.383, 23.988, 23.397, 23.108, 23.037, 22.868, 22.814, 22.874, 22.786, 22.934, 22.991, 22.847, 22.485, 22.367, 22.417, 22.481, 22.5, 22.4, 21.971, 21.671, 22.019, 23.063, 24.337, 25.573, 27.013, 27.918, 28.218, 28.226, 28.256, 28.343, 28.402, 28.305, 28.141, 28.077, 28.068, 27.986, 27.907, 27.918, 27.813, 28.237, 28.172, 27.405, 26.686, 26.518, 26.444, 26.47, 26.725, 26.945, 27.035, 27.201, 27.299, 27.504, 27.775, 27.708, 27.545, 27.671, 27.918, 27.849, 27.516, 27.245, 27.148, 27.135, 27.041, 27.029, 27.053, 27.126, 27.205, 27.242], [25.354, 24.875, 24.514, 24.647, 23.129, 18.277, 13.851, 10.578, 6.15, 0.0, 5.803, 8.732, 10.184, 11.444, 13.565, 15.844, 17.971, 20.239, 21.564, 21.249, 20.666, 20.315, 20.123, 19.898, 19.897, 19.98, 19.922, 20.133, 20.217, 20.062, 19.716, 19.643, 19.724, 19.89, 19.987, 19.976, 19.763, 19.746, 20.289, 21.481, 22.983, 24.467, 26.187, 27.331, 27.708, 27.7, 27.753, 27.894, 27.958, 27.853, 27.767, 27.767, 27.769, 27.701, 27.635, 27.655, 27.488, 27.735, 27.586, 26.788, 26.057, 25.92, 25.853, 25.941, 26.304, 26.593, 26.77, 26.985, 27.083, 27.25, 27.452, 27.3, 27.043, 27.128, 27.414, 27.422, 27.155, 26.891, 26.802, 26.805, 26.699, 26.679, 26.734, 26.806, 26.855, 26.883], [26.182, 25.68, 25.271, 25.355, 24.153, 20.165, 16.761, 14.435, 11.069, 5.803, 0.0, 3.682, 5.868, 7.607, 10.121, 12.778, 15.125, 17.602, 19.134, 18.975, 18.436, 18.05, 17.765, 17.504, 17.554, 17.633, 17.558, 17.81, 17.913, 17.716, 17.358, 17.353, 17.508, 17.814, 18.007, 18.12, 18.331, 18.806, 19.453, 20.57, 22.082, 23.592, 25.387, 26.649, 27.081, 27.056, 27.125, 27.318, 27.402, 27.315, 27.305, 27.353, 27.365, 27.319, 27.267, 27.294, 27.106, 27.237, 27.039, 26.241, 25.524, 25.427, 25.372, 25.509, 25.948, 26.287, 26.497, 26.683, 26.765, 26.907, 27.039, 26.79, 26.466, 26.532, 26.833, 26.897, 26.702, 26.462, 26.376, 26.388, 26.276, 26.242, 26.313, 26.396, 26.429, 26.452], [26.109, 25.555, 25.078, 25.138, 24.14, 20.734, 18.059, 16.293, 13.37, 8.732, 3.682, 0.0, 2.755, 5.047, 8.159, 11.253, 13.809, 16.424, 18.093, 18.096, 17.641, 17.264, 16.953, 16.639, 16.672, 16.764, 16.671, 16.897, 16.97, 16.709, 16.263, 16.261, 16.432, 16.742, 16.936, 17.122, 17.623, 18.419, 19.075, 19.998, 21.386, 22.818, 24.574, 25.85, 26.301, 26.273, 26.353, 26.581, 26.686, 26.599, 26.602, 26.665, 26.683, 26.65, 26.6, 26.631, 26.419, 26.458, 26.238, 25.452, 24.742, 24.665, 24.621, 24.787, 25.28, 25.665, 25.893, 26.054, 26.123, 26.258, 26.37, 26.065, 25.684, 25.746, 26.069, 26.15, 25.98, 25.768, 25.693, 25.71, 25.593, 25.543, 25.618, 25.725, 25.77, 25.79], [25.916, 25.32, 24.777, 24.818, 23.946, 20.902, 18.657, 17.187, 14.479, 10.184, 5.868, 2.755, 0.0, 3.062, 7.088, 10.556, 13.171, 15.797, 17.506, 17.602, 17.219, 16.864, 16.562, 16.22, 16.229, 16.374, 16.322, 16.526, 16.559, 16.276, 15.787, 15.786, 15.951, 16.214, 16.394, 16.614, 17.222, 18.172, 18.874, 19.679, 20.95, 22.319, 24.029, 25.277, 25.721, 25.691, 25.783, 26.032, 26.143, 26.038, 26.027, 26.098, 26.121, 26.092, 26.046, 26.08, 25.846, 25.844, 25.651, 24.902, 24.211, 24.154, 24.119, 24.291, 24.818, 25.241, 25.488, 25.647, 25.705, 25.831, 25.936, 25.602, 25.177, 25.23, 25.568, 25.656, 25.485, 25.276, 25.211, 25.24, 25.124, 25.07, 25.15, 25.273, 25.326, 25.344], [25.419, 24.772, 24.151, 24.187, 23.43, 20.614, 18.789, 17.717, 15.342, 11.444, 7.607, 5.047, 3.062, 0.0, 4.718, 8.92, 12.043, 15.101, 17.041, 17.224, 16.885, 16.539, 16.223, 15.831, 15.794, 15.933, 15.864, 16.047, 16.041, 15.747, 15.242, 15.287, 15.443, 15.642, 15.811, 16.046, 16.695, 17.723, 18.386, 19.024, 20.194, 21.509, 23.203, 24.481, 24.941, 24.904, 25.005, 25.289, 25.42, 25.294, 25.27, 25.373, 25.422, 25.402, 25.355, 25.385, 25.095, 24.999, 24.843, 24.149, 23.47, 23.429, 23.409, 23.57, 24.118, 24.589, 24.856, 24.998, 25.032, 25.147, 25.256, 24.878, 24.412, 24.486, 24.847, 24.938, 24.782, 24.583, 24.502, 24.534, 24.432, 24.379, 24.464, 24.602, 24.662, 24.68], [25.313, 24.659, 24.028, 24.09, 23.493, 20.958, 19.556, 18.903, 16.949, 13.565, 10.121, 8.159, 7.088, 4.718, 0.0, 5.157, 9.523, 13.591, 16.015, 16.385, 16.143, 15.842, 15.542, 15.169, 15.176, 15.261, 15.069, 15.214, 15.202, 14.913, 14.502, 14.698, 14.842, 15.023, 15.225, 15.511, 16.264, 17.335, 17.883, 18.35, 19.466, 20.756, 22.487, 23.906, 24.449, 24.419, 24.514, 24.815, 24.97, 24.872, 24.911, 25.086, 25.162, 25.152, 25.095, 25.113, 24.77, 24.535, 24.365, 23.715, 23.035, 23.0, 22.991, 23.132, 23.655, 24.135, 24.412, 24.524, 24.526, 24.613, 24.699, 24.282, 23.793, 23.886, 24.268, 24.375, 24.264, 24.101, 24.012, 24.045, 23.965, 23.93, 24.023, 24.164, 24.223, 24.244], [26.255, 25.67, 25.147, 25.267, 24.793, 22.539, 21.301, 20.73, 18.933, 15.844, 12.778, 11.253, 10.556, 8.92, 5.157, 0.0, 5.576, 10.599, 13.53, 14.25, 14.22, 13.997, 13.786, 13.589, 13.807, 13.885, 13.619, 13.8, 13.829, 13.617, 13.522, 14.006, 14.131, 14.326, 14.597, 15.0, 15.974, 17.12, 17.647, 18.146, 19.323, 20.671, 22.506, 24.1, 24.757, 24.744, 24.821, 25.096, 25.247, 25.255, 25.497, 25.763, 25.835, 25.824, 25.768, 25.779, 25.447, 25.181, 24.964, 24.335, 23.684, 23.646, 23.622, 23.757, 24.214, 24.602, 24.9, 25.039, 25.016, 25.023, 25.006, 24.565, 24.047, 24.042, 24.395, 24.556, 24.501, 24.358, 24.304, 24.363, 24.303, 24.302, 24.418, 24.535, 24.571, 24.593], [27.697, 27.208, 26.839, 27.001, 26.584, 24.622, 23.444, 22.771, 20.973, 17.971, 15.125, 13.809, 13.171, 12.043, 9.523, 5.576, 0.0, 5.683, 9.308, 10.673, 11.029, 10.864, 10.765, 10.896, 11.489, 11.635, 11.47, 11.83, 11.931, 11.843, 12.185, 13.005, 13.112, 13.316, 13.671, 14.262, 15.592, 16.926, 17.53, 18.161, 19.459, 20.953, 22.97, 24.74, 25.5, 25.494, 25.565, 25.82, 25.943, 26.065, 26.57, 26.924, 26.96, 26.954, 26.927, 26.946, 26.65, 26.448, 26.23, 25.64, 25.07, 25.055, 25.003, 25.155, 25.539, 25.783, 26.108, 26.295, 26.25, 26.138, 25.961, 25.509, 24.972, 24.788, 25.072, 25.329, 25.343, 25.188, 25.167, 25.269, 25.225, 25.243, 25.383, 25.461, 25.451, 25.465], [30.009, 29.637, 29.41, 29.57, 29.134, 27.313, 25.98, 25.036, 23.16, 20.239, 17.602, 16.424, 15.797, 15.101, 13.591, 10.599, 5.683, 0.0, 4.339, 7.089, 8.254, 8.253, 8.422, 9.15, 10.168, 10.503, 10.834, 11.508, 11.681, 11.779, 12.607, 13.613, 13.75, 14.085, 14.576, 15.383, 17.011, 18.425, 19.134, 20.04, 21.497, 23.118, 25.201, 26.873, 27.578, 27.575, 27.626, 27.829, 27.912, 28.087, 28.677, 28.976, 28.949, 28.943, 28.944, 28.969, 28.788, 28.769, 28.561, 28.013, 27.536, 27.534, 27.464, 27.638, 27.948, 28.065, 28.392, 28.612, 28.566, 28.379, 28.097, 27.68, 27.184, 26.887, 27.108, 27.428, 27.455, 27.247, 27.254, 27.396, 27.366, 27.402, 27.547, 27.597, 27.571, 27.581], [31.769, 31.471, 31.309, 31.449, 30.964, 29.09, 27.516, 26.324, 24.383, 21.564, 19.134, 18.093, 17.506, 17.041, 16.015, 13.53, 9.308, 4.339, 0.0, 4.021, 6.097, 6.587, 7.395, 8.812, 9.922, 10.355, 11.283, 12.23, 12.44, 12.689, 13.747, 14.764, 14.961, 15.433, 15.999, 16.848, 18.473, 19.815, 20.616, 21.806, 23.451, 25.204, 27.314, 28.812, 29.416, 29.422, 29.453, 29.598, 29.649, 29.818, 30.353, 30.548, 30.471, 30.453, 30.47, 30.499, 30.414, 30.572, 30.404, 29.903, 29.476, 29.453, 29.381, 29.547, 29.791, 29.841, 30.15, 30.386, 30.357, 30.173, 29.889, 29.53, 29.097, 28.793, 28.988, 29.312, 29.309, 29.059, 29.082, 29.243, 29.221, 29.266, 29.4, 29.44, 29.427, 29.442], [31.94, 31.65, 31.496, 31.624, 31.094, 29.089, 27.343, 25.984, 23.988, 21.249, 18.975, 18.096, 17.602, 17.224, 16.385, 14.25, 10.673, 7.089, 4.021, 0.0, 2.766, 4.179, 6.057, 8.22, 9.398, 9.917, 11.253, 12.383, 12.628, 12.943, 13.934, 14.888, 15.12, 15.621, 16.156, 16.874, 18.295, 19.541, 20.416, 21.768, 23.565, 25.47, 27.679, 29.134, 29.701, 29.72, 29.742, 29.854, 29.882, 30.025, 30.503, 30.652, 30.552, 30.525, 30.551, 30.585, 30.524, 30.785, 30.679, 30.211, 29.791, 29.741, 29.67, 29.811, 30.027, 30.065, 30.343, 30.577, 30.574, 30.437, 30.207, 29.893, 29.508, 29.238, 29.433, 29.74, 29.711, 29.448, 29.466, 29.62, 29.598, 29.639, 29.756, 29.798, 29.802, 29.825], [31.584, 31.281, 31.12, 31.241, 30.691, 28.653, 26.885, 25.454, 23.397, 20.666, 18.436, 17.641, 17.219, 16.885, 16.143, 14.22, 11.029, 8.254, 6.097, 2.766, 0.0, 2.164, 4.9, 7.543, 8.86, 9.42, 10.853, 12.041, 12.301, 12.63, 13.546, 14.438, 14.683, 15.206, 15.729, 16.381, 17.715, 18.947, 19.835, 21.208, 23.057, 25.042, 27.331, 28.817, 29.395, 29.421, 29.445, 29.557, 29.586, 29.72, 30.18, 30.325, 30.223, 30.198, 30.23, 30.27, 30.201, 30.484, 30.404, 29.933, 29.497, 29.434, 29.362, 29.495, 29.725, 29.794, 30.069, 30.295, 30.303, 30.198, 30.006, 29.706, 29.322, 29.07, 29.282, 29.581, 29.545, 29.288, 29.299, 29.439, 29.407, 29.443, 29.555, 29.601, 29.613, 29.642], [31.303, 30.987, 30.813, 30.926, 30.382, 28.382, 26.652, 25.222, 23.108, 20.315, 18.05, 17.264, 16.864, 16.539, 15.842, 13.997, 10.864, 8.253, 6.587, 4.179, 2.164, 0.0, 3.195, 6.272, 7.839, 8.44, 9.911, 11.141, 11.398, 11.767, 12.757, 13.673, 13.936, 14.513, 15.08, 15.765, 17.135, 18.405, 19.285, 20.648, 22.531, 24.566, 26.911, 28.451, 29.054, 29.082, 29.116, 29.246, 29.289, 29.43, 29.904, 30.066, 29.97, 29.952, 29.988, 30.032, 29.951, 30.2, 30.108, 29.618, 29.166, 29.11, 29.037, 29.169, 29.418, 29.521, 29.82, 30.039, 30.042, 29.94, 29.746, 29.436, 29.034, 28.781, 29.009, 29.322, 29.299, 29.046, 29.046, 29.173, 29.128, 29.161, 29.279, 29.329, 29.338, 29.365], [31.056, 30.714, 30.509, 30.616, 30.116, 28.206, 26.582, 25.213, 23.037, 20.123, 17.765, 16.953, 16.562, 16.223, 15.542, 13.786, 10.765, 8.422, 7.395, 6.057, 4.9, 3.195, 0.0, 3.611, 5.792, 6.541, 8.007, 9.302, 9.571, 10.018, 11.235, 12.299, 12.617, 13.292, 13.946, 14.726, 16.25, 17.634, 18.502, 19.846, 21.795, 23.909, 26.339, 27.96, 28.602, 28.631, 28.676, 28.834, 28.891, 29.033, 29.536, 29.743, 29.668, 29.659, 29.691, 29.735, 29.632, 29.798, 29.666, 29.146, 28.692, 28.668, 28.595, 28.727, 28.994, 29.126, 29.453, 29.664, 29.667, 29.579, 29.375, 29.04, 28.62, 28.37, 28.612, 28.935, 28.937, 28.703, 28.687, 28.795, 28.743, 28.778, 28.915, 28.971, 28.965, 28.984], [30.445, 30.059, 29.806, 29.925, 29.495, 27.692, 26.261, 25.042, 22.868, 19.898, 17.504, 16.639, 16.22, 15.831, 15.169, 13.589, 10.896, 9.15, 8.812, 8.22, 7.543, 6.272, 3.611, 0.0, 3.006, 4.374, 5.846, 7.11, 7.403, 7.913, 9.399, 10.693, 11.056, 11.801, 12.529, 13.434, 15.165, 16.662, 17.498, 18.784, 20.756, 22.916, 25.408, 27.13, 27.834, 27.865, 27.914, 28.093, 28.152, 28.276, 28.808, 29.086, 29.047, 29.042, 29.063, 29.103, 28.959, 29.018, 28.846, 28.296, 27.846, 27.864, 27.791, 27.928, 28.225, 28.379, 28.714, 28.921, 28.926, 28.853, 28.635, 28.26, 27.821, 27.587, 27.85, 28.175, 28.2, 28.004, 27.976, 28.061, 28.008, 28.042, 28.192, 28.255, 28.23, 28.239], [30.105, 29.694, 29.413, 29.537, 29.146, 27.392, 26.075, 24.946, 22.814, 19.897, 17.554, 16.672, 16.229, 15.794, 15.176, 13.807, 11.489, 10.168, 9.922, 9.398, 8.86, 7.839, 5.792, 3.006, 0.0, 2.498, 4.889, 6.217, 6.5, 7.116, 8.748, 10.119, 10.559, 11.405, 12.17, 13.148, 14.945, 16.442, 17.255, 18.5, 20.464, 22.637, 25.133, 26.848, 27.558, 27.595, 27.649, 27.83, 27.887, 27.987, 28.492, 28.77, 28.738, 28.737, 28.75, 28.789, 28.626, 28.657, 28.503, 27.958, 27.496, 27.521, 27.451, 27.591, 27.896, 28.06, 28.383, 28.58, 28.587, 28.524, 28.32, 27.946, 27.503, 27.291, 27.577, 27.898, 27.928, 27.75, 27.72, 27.797, 27.742, 27.765, 27.911, 27.982, 27.956, 27.962], [30.118, 29.705, 29.427, 29.552, 29.155, 27.374, 26.083, 24.984, 22.874, 19.98, 17.633, 16.764, 16.374, 15.933, 15.261, 13.885, 11.635, 10.503, 10.355, 9.917, 9.42, 8.44, 6.541, 4.374, 2.498, 0.0, 3.27, 4.965, 5.313, 6.119, 8.06, 9.533, 10.106, 11.132, 11.963, 12.994, 14.813, 16.304, 17.086, 18.297, 20.27, 22.467, 24.992, 26.73, 27.446, 27.482, 27.539, 27.729, 27.79, 27.89, 28.396, 28.676, 28.651, 28.658, 28.665, 28.703, 28.53, 28.547, 28.404, 27.858, 27.39, 27.415, 27.344, 27.475, 27.772, 27.946, 28.274, 28.471, 28.481, 28.429, 28.256, 27.902, 27.451, 27.247, 27.55, 27.884, 27.948, 27.804, 27.775, 27.844, 27.797, 27.831, 27.984, 28.06, 28.036, 28.044], [29.639, 29.218, 28.932, 29.057, 28.66, 26.904, 25.764, 24.818, 22.786, 19.922, 17.558, 16.671, 16.322, 15.864, 15.069, 13.619, 11.47, 10.834, 11.283, 11.253, 10.853, 9.911, 8.007, 5.846, 4.889, 3.27, 0.0, 2.149, 2.872, 3.965, 6.516, 8.29, 8.972, 10.139, 11.042, 12.119, 14.011, 15.548, 16.235, 17.3, 19.244, 21.437, 23.988, 25.863, 26.661, 26.699, 26.754, 26.959, 27.023, 27.131, 27.703, 28.065, 28.076, 28.087, 28.076, 28.109, 27.883, 27.78, 27.576, 26.99, 26.551, 26.626, 26.554, 26.68, 26.983, 27.178, 27.531, 27.736, 27.749, 27.708, 27.551, 27.185, 26.703, 26.505, 26.847, 27.217, 27.356, 27.307, 27.29, 27.337, 27.302, 27.357, 27.526, 27.601, 27.561, 27.564], [29.385, 28.962, 28.666, 28.783, 28.408, 26.727, 25.716, 24.889, 22.934, 20.133, 17.81, 16.897, 16.526, 16.047, 15.214, 13.8, 11.83, 11.508, 12.23, 12.383, 12.041, 11.141, 9.302, 7.11, 6.217, 4.965, 2.149, 0.0, 1.34, 2.959, 5.945, 7.875, 8.591, 9.818, 10.742, 11.833, 13.746, 15.31, 15.959, 16.917, 18.804, 20.971, 23.508, 25.432, 26.269, 26.314, 26.375, 26.588, 26.649, 26.755, 27.363, 27.777, 27.809, 27.816, 27.791, 27.823, 27.564, 27.396, 27.177, 26.573, 26.155, 26.283, 26.225, 26.351, 26.661, 26.865, 27.225, 27.429, 27.443, 27.404, 27.25, 26.88, 26.385, 26.192, 26.554, 26.933, 27.097, 27.094, 27.086, 27.122, 27.093, 27.151, 27.321, 27.39, 27.339, 27.338], [29.284, 28.852, 28.541, 28.648, 28.3, 26.68, 25.725, 24.929, 22.991, 20.217, 17.913, 16.97, 16.559, 16.041, 15.202, 13.829, 11.931, 11.681, 12.44, 12.628, 12.301, 11.398, 9.571, 7.403, 6.5, 5.313, 2.872, 1.34, 0.0, 2.273, 5.643, 7.659, 8.376, 9.608, 10.554, 11.671, 13.611, 15.204, 15.843, 16.736, 18.577, 20.733, 23.279, 25.203, 26.04, 26.091, 26.161, 26.385, 26.455, 26.56, 27.162, 27.574, 27.607, 27.613, 27.587, 27.621, 27.36, 27.196, 27.002, 26.416, 25.998, 26.131, 26.082, 26.211, 26.522, 26.731, 27.091, 27.29, 27.298, 27.252, 27.099, 26.731, 26.234, 26.048, 26.42, 26.798, 26.959, 26.955, 26.943, 26.976, 26.946, 27.005, 27.173, 27.244, 27.197, 27.196], [28.962, 28.521, 28.196, 28.302, 27.965, 26.362, 25.471, 24.756, 22.847, 20.062, 17.716, 16.709, 16.276, 15.747, 14.913, 13.617, 11.843, 11.779, 12.689, 12.943, 12.63, 11.767, 10.018, 7.913, 7.116, 6.119, 3.965, 2.959, 2.273, 0.0, 3.853, 6.247, 7.144, 8.504, 9.526, 10.725, 12.819, 14.551, 15.179, 16.024, 17.878, 20.043, 22.638, 24.667, 25.555, 25.61, 25.689, 25.935, 26.012, 26.11, 26.721, 27.17, 27.217, 27.216, 27.185, 27.221, 26.922, 26.679, 26.45, 25.846, 25.429, 25.57, 25.518, 25.676, 26.05, 26.294, 26.656, 26.852, 26.871, 26.855, 26.729, 26.349, 25.834, 25.655, 26.036, 26.416, 26.606, 26.644, 26.625, 26.644, 26.613, 26.667, 26.837, 26.906, 26.848, 26.841], [28.226, 27.762, 27.428, 27.517, 27.183, 25.592, 24.86, 24.324, 22.485, 19.716, 17.358, 16.263, 15.787, 15.242, 14.502, 13.522, 12.185, 12.607, 13.747, 13.934, 13.546, 12.757, 11.235, 9.399, 8.748, 8.06, 6.516, 5.945, 5.643, 3.853, 0.0, 3.013, 4.676, 6.495, 7.659, 8.934, 11.153, 13.123, 13.827, 14.639, 16.537, 18.728, 21.408, 23.599, 24.56, 24.612, 24.72, 25.009, 25.095, 25.158, 25.762, 26.258, 26.324, 26.324, 26.301, 26.353, 25.983, 25.612, 25.349, 24.717, 24.28, 24.427, 24.37, 24.59, 25.15, 25.535, 25.905, 26.078, 26.111, 26.166, 26.117, 25.725, 25.181, 25.027, 25.431, 25.812, 26.027, 26.11, 26.076, 26.074, 26.035, 26.072, 26.233, 26.301, 26.236, 26.225], [27.897, 27.442, 27.111, 27.189, 26.865, 25.309, 24.657, 24.183, 22.367, 19.643, 17.353, 16.261, 15.786, 15.287, 14.698, 14.006, 13.005, 13.613, 14.764, 14.888, 14.438, 13.673, 12.299, 10.693, 10.119, 9.533, 8.29, 7.875, 7.659, 6.247, 3.013, 0.0, 2.768, 5.418, 6.821, 8.206, 10.528, 12.625, 13.367, 14.153, 16.053, 18.265, 21.002, 23.241, 24.205, 24.258, 24.394, 24.718, 24.82, 24.867, 25.437, 25.93, 26.007, 26.012, 26.001, 26.065, 25.678, 25.308, 25.075, 24.442, 23.978, 24.115, 24.061, 24.306, 24.96, 25.462, 25.858, 26.006, 26.031, 26.093, 26.061, 25.674, 25.133, 25.002, 25.422, 25.799, 26.013, 26.096, 26.05, 26.038, 25.989, 26.016, 26.168, 26.24, 26.183, 26.173], [27.732, 27.266, 26.898, 26.976, 26.71, 25.245, 24.664, 24.228, 22.417, 19.724, 17.508, 16.432, 15.951, 15.443, 14.842, 14.131, 13.112, 13.75, 14.961, 15.12, 14.683, 13.936, 12.617, 11.056, 10.559, 10.106, 8.972, 8.591, 8.376, 7.144, 4.676, 2.768, 0.0, 3.179, 4.975, 6.736, 9.522, 11.934, 12.753, 13.465, 15.374, 17.668, 20.534, 22.87, 23.849, 23.9, 24.07, 24.439, 24.572, 24.64, 25.246, 25.786, 25.884, 25.89, 25.882, 25.952, 25.553, 25.164, 24.93, 24.308, 23.844, 23.971, 23.921, 24.171, 24.828, 25.351, 25.806, 25.987, 26.01, 26.05, 25.965, 25.537, 24.986, 24.834, 25.248, 25.626, 25.831, 25.906, 25.85, 25.828, 25.764, 25.783, 25.93, 25.998, 25.942, 25.932], [27.448, 26.939, 26.515, 26.582, 26.356, 25.003, 24.577, 24.244, 22.481, 19.89, 17.814, 16.742, 16.214, 15.642, 15.023, 14.326, 13.316, 14.085, 15.433, 15.621, 15.206, 14.513, 13.292, 11.801, 11.405, 11.132, 10.139, 9.818, 9.608, 8.504, 6.495, 5.418, 3.179, 0.0, 2.234, 4.571, 7.943, 10.82, 11.804, 12.406, 14.301, 16.682, 19.703, 22.177, 23.196, 23.242, 23.44, 23.852, 24.016, 24.104, 24.766, 25.379, 25.501, 25.505, 25.493, 25.566, 25.136, 24.672, 24.412, 23.79, 23.328, 23.454, 23.403, 23.662, 24.344, 24.861, 25.364, 25.61, 25.654, 25.695, 25.583, 25.114, 24.543, 24.375, 24.786, 25.163, 25.358, 25.43, 25.364, 25.331, 25.257, 25.266, 25.403, 25.465, 25.411, 25.401], [27.217, 26.689, 26.244, 26.307, 26.071, 24.78, 24.48, 24.228, 22.5, 19.987, 18.007, 16.936, 16.394, 15.811, 15.225, 14.597, 13.671, 14.576, 15.999, 16.156, 15.729, 15.08, 13.946, 12.529, 12.17, 11.963, 11.042, 10.742, 10.554, 9.526, 7.659, 6.821, 4.975, 2.234, 0.0, 2.769, 6.667, 9.924, 11.071, 11.677, 13.616, 16.05, 19.145, 21.704, 22.76, 22.811, 23.018, 23.444, 23.621, 23.717, 24.405, 25.06, 25.193, 25.194, 25.176, 25.248, 24.798, 24.298, 24.021, 23.382, 22.914, 23.044, 22.995, 23.256, 23.955, 24.472, 24.985, 25.277, 25.358, 25.428, 25.337, 24.865, 24.292, 24.127, 24.537, 24.903, 25.086, 25.162, 25.091, 25.055, 24.981, 24.983, 25.112, 25.172, 25.118, 25.107], [26.937, 26.409, 25.962, 25.999, 25.723, 24.423, 24.203, 24.046, 22.4, 19.976, 18.12, 17.122, 16.614, 16.046, 15.511, 15.0, 14.262, 15.383, 16.848, 16.874, 16.381, 15.765, 14.726, 13.434, 13.148, 12.994, 12.119, 11.833, 11.671, 10.725, 8.934, 8.206, 6.736, 4.571, 2.769, 0.0, 4.496, 8.329, 9.822, 10.632, 12.791, 15.335, 18.493, 21.15, 22.264, 22.33, 22.544, 22.971, 23.154, 23.254, 23.962, 24.658, 24.802, 24.796, 24.77, 24.839, 24.368, 23.854, 23.576, 22.91, 22.406, 22.528, 22.483, 22.738, 23.459, 24.005, 24.526, 24.843, 24.962, 25.089, 25.067, 24.628, 24.063, 23.903, 24.307, 24.649, 24.806, 24.886, 24.819, 24.781, 24.706, 24.703, 24.826, 24.879, 24.819, 24.809], [26.53, 25.985, 25.562, 25.551, 25.175, 23.766, 23.551, 23.493, 21.971, 19.763, 18.331, 17.623, 17.222, 16.695, 16.264, 15.974, 15.592, 17.011, 18.473, 18.295, 17.715, 17.135, 16.25, 15.165, 14.945, 14.813, 14.011, 13.746, 13.611, 12.819, 11.153, 10.528, 9.522, 7.943, 6.667, 4.496, 0.0, 4.66, 7.122, 8.632, 11.424, 14.339, 17.66, 20.393, 21.54, 21.62, 21.841, 22.263, 22.447, 22.548, 23.27, 24.013, 24.171, 24.146, 24.096, 24.152, 23.659, 23.21, 22.996, 22.271, 21.66, 21.738, 21.683, 21.879, 22.589, 23.178, 23.733, 24.111, 24.274, 24.475, 24.605, 24.294, 23.781, 23.638, 24.021, 24.314, 24.415, 24.478, 24.41, 24.368, 24.289, 24.288, 24.409, 24.455, 24.395, 24.392], [26.38, 25.848, 25.479, 25.493, 25.054, 23.505, 23.175, 23.111, 21.671, 19.746, 18.806, 18.419, 18.172, 17.723, 17.335, 17.12, 16.926, 18.425, 19.815, 19.541, 18.947, 18.405, 17.634, 16.662, 16.442, 16.304, 15.548, 15.31, 15.204, 14.551, 13.123, 12.625, 11.934, 10.82, 9.924, 8.329, 4.66, 0.0, 3.641, 6.86, 10.693, 13.976, 17.414, 20.204, 21.389, 21.482, 21.652, 22.001, 22.152, 22.243, 22.956, 23.705, 23.862, 23.825, 23.756, 23.788, 23.312, 22.979, 22.793, 21.983, 21.27, 21.292, 21.211, 21.311, 21.893, 22.434, 23.021, 23.475, 23.655, 23.868, 24.115, 23.99, 23.592, 23.476, 23.838, 24.101, 24.167, 24.195, 24.112, 24.067, 23.998, 24.026, 24.159, 24.2, 24.142, 24.143], [26.064, 25.531, 25.163, 25.22, 24.881, 23.452, 23.268, 23.332, 22.019, 20.289, 19.453, 19.075, 18.874, 18.386, 17.883, 17.647, 17.53, 19.134, 20.616, 20.416, 19.835, 19.285, 18.502, 17.498, 17.255, 17.086, 16.235, 15.959, 15.843, 15.179, 13.827, 13.367, 12.753, 11.804, 11.071, 9.822, 7.122, 3.641, 0.0, 4.702, 9.382, 12.881, 16.456, 19.462, 20.78, 20.893, 21.007, 21.324, 21.467, 21.555, 22.299, 23.103, 23.287, 23.255, 23.182, 23.21, 22.714, 22.36, 22.191, 21.363, 20.63, 20.642, 20.55, 20.605, 21.098, 21.596, 22.194, 22.646, 22.802, 22.99, 23.231, 23.162, 22.847, 22.802, 23.192, 23.46, 23.572, 23.618, 23.485, 23.416, 23.368, 23.421, 23.575, 23.628, 23.563, 23.559], [25.155, 24.554, 24.104, 24.151, 24.016, 23.144, 23.653, 24.133, 23.063, 21.481, 20.57, 19.998, 19.679, 19.024, 18.35, 18.146, 18.161, 20.04, 21.806, 21.768, 21.208, 20.648, 19.846, 18.784, 18.5, 18.297, 17.3, 16.917, 16.736, 16.024, 14.639, 14.153, 13.465, 12.406, 11.677, 10.632, 8.632, 6.86, 4.702, 0.0, 5.155, 9.145, 13.332, 16.911, 18.481, 18.648, 18.82, 19.237, 19.443, 19.587, 20.487, 21.483, 21.745, 21.725, 21.646, 21.688, 21.076, 20.592, 20.581, 19.927, 19.312, 19.396, 19.335, 19.372, 19.862, 20.414, 21.067, 21.493, 21.608, 21.787, 21.999, 21.84, 21.477, 21.467, 21.9, 22.2, 22.418, 22.55, 22.362, 22.231, 22.187, 22.238, 22.407, 22.477, 22.388, 22.374], [24.524, 23.881, 23.376, 23.398, 23.436, 23.101, 24.216, 25.09, 24.337, 22.983, 22.082, 21.386, 20.95, 20.194, 19.466, 19.323, 19.459, 21.497, 23.451, 23.565, 23.057, 22.531, 21.795, 20.756, 20.464, 20.27, 19.244, 18.804, 18.577, 17.878, 16.537, 16.053, 15.374, 14.301, 13.616, 12.791, 11.424, 10.693, 9.382, 5.155, 0.0, 4.613, 9.789, 14.123, 15.962, 16.188, 16.469, 17.005, 17.276, 17.536, 18.664, 19.879, 20.223, 20.219, 20.144, 20.204, 19.485, 18.991, 19.26, 18.886, 18.473, 18.663, 18.646, 18.675, 19.176, 19.767, 20.457, 20.864, 20.927, 21.076, 21.254, 21.018, 20.579, 20.531, 20.958, 21.297, 21.626, 21.859, 21.658, 21.484, 21.439, 21.48, 21.646, 21.706, 21.577, 21.548], [24.126, 23.477, 22.96, 22.958, 23.125, 23.209, 24.774, 25.995, 25.573, 24.467, 23.592, 22.818, 22.319, 21.509, 20.756, 20.671, 20.953, 23.118, 25.204, 25.47, 25.042, 24.566, 23.909, 22.916, 22.637, 22.467, 21.437, 20.971, 20.733, 20.043, 18.728, 18.265, 17.668, 16.682, 16.05, 15.335, 14.339, 13.976, 12.881, 9.145, 4.613, 0.0, 5.878, 11.036, 13.254, 13.546, 13.921, 14.579, 14.93, 15.34, 16.712, 18.135, 18.557, 18.576, 18.515, 18.598, 17.807, 17.407, 17.97, 17.83, 17.608, 17.909, 17.93, 17.949, 18.479, 19.104, 19.814, 20.217, 20.24, 20.337, 20.489, 20.244, 19.768, 19.682, 20.089, 20.464, 20.93, 21.298, 21.107, 20.901, 20.86, 20.892, 21.052, 21.096, 20.929, 20.888], [23.821, 23.212, 22.711, 22.657, 22.954, 23.511, 25.538, 27.101, 27.013, 26.187, 25.387, 24.574, 24.029, 23.203, 22.487, 22.506, 22.97, 25.201, 27.314, 27.679, 27.331, 26.911, 26.339, 25.408, 25.133, 24.992, 23.988, 23.508, 23.279, 22.638, 21.408, 21.002, 20.534, 19.703, 19.145, 18.493, 17.66, 17.414, 16.456, 13.332, 9.789, 5.878, 0.0, 6.081, 9.07, 9.589, 10.062, 10.89, 11.421, 12.082, 13.701, 15.332, 15.839, 15.898, 15.878, 15.987, 15.197, 15.216, 16.287, 16.471, 16.585, 17.071, 17.13, 17.106, 17.646, 18.344, 19.11, 19.551, 19.55, 19.605, 19.809, 19.615, 19.095, 19.005, 19.429, 19.862, 20.54, 21.115, 20.949, 20.703, 20.669, 20.698, 20.857, 20.901, 20.716, 20.666], [23.917, 23.35, 22.862, 22.744, 23.102, 23.95, 26.163, 27.82, 27.918, 27.331, 26.649, 25.85, 25.277, 24.481, 23.906, 24.1, 24.74, 26.873, 28.812, 29.134, 28.817, 28.451, 27.96, 27.13, 26.848, 26.73, 25.863, 25.432, 25.203, 24.667, 23.599, 23.241, 22.87, 22.177, 21.704, 21.15, 20.393, 20.204, 19.462, 16.911, 14.123, 11.036, 6.081, 0.0, 3.801, 4.872, 5.596, 6.85, 7.879, 8.957, 10.554, 12.153, 12.673, 12.801, 12.917, 13.029, 12.386, 13.312, 15.043, 15.667, 16.229, 16.882, 16.987, 16.905, 17.395, 18.141, 18.916, 19.394, 19.403, 19.45, 19.746, 19.626, 19.079, 19.019, 19.451, 19.88, 20.654, 21.361, 21.252, 21.004, 20.983, 20.997, 21.13, 21.202, 21.066, 21.025], [24.212, 23.626, 23.126, 22.979, 23.344, 24.282, 26.483, 28.092, 28.218, 27.708, 27.081, 26.301, 25.721, 24.941, 24.449, 24.757, 25.5, 27.578, 29.416, 29.701, 29.395, 29.054, 28.602, 27.834, 27.558, 27.446, 26.661, 26.269, 26.04, 25.555, 24.56, 24.205, 23.849, 23.196, 22.76, 22.264, 21.54, 21.389, 20.78, 18.481, 15.962, 13.254, 9.07, 3.801, 0.0, 1.879, 3.742, 5.721, 7.125, 8.363, 9.801, 11.274, 11.765, 11.934, 12.145, 12.243, 11.597, 12.773, 14.712, 15.56, 16.304, 17.007, 17.153, 17.048, 17.484, 18.237, 19.014, 19.509, 19.522, 19.551, 19.864, 19.78, 19.239, 19.161, 19.532, 19.892, 20.644, 21.414, 21.381, 21.155, 21.131, 21.128, 21.241, 21.331, 21.236, 21.207], [24.319, 23.716, 23.215, 23.069, 23.43, 24.342, 26.518, 28.115, 28.226, 27.7, 27.056, 26.273, 25.691, 24.904, 24.419, 24.744, 25.494, 27.575, 29.422, 29.72, 29.421, 29.082, 28.631, 27.865, 27.595, 27.482, 26.699, 26.314, 26.091, 25.61, 24.612, 24.258, 23.9, 23.242, 22.811, 22.33, 21.62, 21.482, 20.893, 18.648, 16.188, 13.546, 9.589, 4.872, 1.879, 0.0, 2.662, 5.084, 6.652, 7.98, 9.489, 11.011, 11.516, 11.694, 11.931, 12.03, 11.341, 12.529, 14.517, 15.393, 16.134, 16.833, 16.981, 16.886, 17.342, 18.111, 18.911, 19.411, 19.414, 19.437, 19.746, 19.65, 19.094, 19.012, 19.38, 19.732, 20.488, 21.273, 21.259, 21.056, 21.048, 21.05, 21.162, 21.255, 21.169, 21.143], [24.415, 23.834, 23.349, 23.218, 23.555, 24.39, 26.535, 28.133, 28.256, 27.753, 27.125, 26.353, 25.783, 25.005, 24.514, 24.821, 25.565, 27.626, 29.453, 29.742, 29.445, 29.116, 28.676, 27.914, 27.649, 27.539, 26.754, 26.375, 26.161, 25.689, 24.72, 24.394, 24.07, 23.44, 23.018, 22.544, 21.841, 21.652, 21.007, 18.82, 16.469, 13.921, 10.062, 5.596, 3.742, 2.662, 0.0, 2.713, 4.617, 6.251, 7.986, 9.701, 10.252, 10.4, 10.661, 10.769, 10.139, 11.801, 14.057, 15.057, 15.908, 16.62, 16.747, 16.641, 17.063, 17.807, 18.586, 19.075, 19.084, 19.138, 19.482, 19.39, 18.832, 18.818, 19.258, 19.661, 20.467, 21.252, 21.21, 21.012, 21.058, 21.103, 21.227, 21.326, 21.251, 21.23], [24.606, 24.072, 23.627, 23.509, 23.803, 24.544, 26.611, 28.188, 28.343, 27.894, 27.318, 26.581, 26.032, 25.289, 24.815, 25.096, 25.82, 27.829, 29.598, 29.854, 29.557, 29.246, 28.834, 28.093, 27.83, 27.729, 26.959, 26.588, 26.385, 25.935, 25.009, 24.718, 24.439, 23.852, 23.444, 22.971, 22.263, 22.001, 21.324, 19.237, 17.005, 14.579, 10.89, 6.85, 5.721, 5.084, 2.713, 0.0, 2.268, 4.413, 6.547, 8.525, 9.125, 9.208, 9.469, 9.587, 9.146, 11.522, 14.055, 15.171, 16.119, 16.826, 16.926, 16.793, 17.127, 17.796, 18.533, 19.009, 19.027, 19.113, 19.487, 19.426, 18.904, 18.951, 19.441, 19.897, 20.75, 21.526, 21.464, 21.26, 21.34, 21.43, 21.569, 21.67, 21.605, 21.591], [24.776, 24.269, 23.851, 23.742, 24.016, 24.693, 26.691, 28.241, 28.402, 27.958, 27.402, 26.686, 26.143, 25.42, 24.97, 25.247, 25.943, 27.912, 29.649, 29.882, 29.586, 29.289, 28.891, 28.152, 27.887, 27.79, 27.023, 26.649, 26.455, 26.012, 25.095, 24.82, 24.572, 24.016, 23.621, 23.154, 22.447, 22.152, 21.467, 19.443, 17.276, 14.93, 11.421, 7.879, 7.125, 6.652, 4.617, 2.268, 0.0, 2.616, 5.472, 7.882, 8.567, 8.589, 8.833, 8.99, 8.566, 11.305, 14.04, 15.228, 16.207, 16.912, 16.993, 16.857, 17.165, 17.799, 18.524, 18.998, 19.034, 19.159, 19.55, 19.504, 19.008, 19.075, 19.584, 20.076, 20.964, 21.742, 21.681, 21.479, 21.577, 21.695, 21.849, 21.948, 21.88, 21.868], [24.62, 24.092, 23.642, 23.526, 23.805, 24.498, 26.555, 28.147, 28.305, 27.853, 27.315, 26.599, 26.038, 25.294, 24.872, 25.255, 26.065, 28.087, 29.818, 30.025, 29.72, 29.43, 29.033, 28.276, 27.987, 27.89, 27.131, 26.755, 26.56, 26.11, 25.158, 24.867, 24.64, 24.104, 23.717, 23.254, 22.548, 22.243, 21.555, 19.587, 17.536, 15.34, 12.082, 8.957, 8.363, 7.98, 6.251, 4.413, 2.616, 0.0, 3.57, 6.573, 7.448, 7.439, 7.679, 7.896, 7.316, 10.32, 13.312, 14.615, 15.678, 16.423, 16.511, 16.395, 16.793, 17.513, 18.227, 18.685, 18.768, 18.999, 19.458, 19.402, 18.925, 19.064, 19.613, 20.103, 20.973, 21.733, 21.66, 21.464, 21.581, 21.712, 21.871, 21.984, 21.929, 21.919], [24.408, 23.851, 23.349, 23.215, 23.456, 24.144, 26.295, 27.947, 28.141, 27.767, 27.305, 26.602, 26.027, 25.27, 24.911, 25.497, 26.57, 28.677, 30.353, 30.503, 30.18, 29.904, 29.536, 28.808, 28.492, 28.396, 27.703, 27.363, 27.162, 26.721, 25.762, 25.437, 25.246, 24.766, 24.405, 23.962, 23.27, 22.956, 22.299, 20.487, 18.664, 16.712, 13.701, 10.554, 9.801, 9.489, 7.986, 6.547, 5.472, 3.57, 0.0, 3.455, 4.677, 4.828, 5.33, 5.676, 5.525, 9.661, 12.921, 14.288, 15.447, 16.241, 16.359, 16.259, 16.787, 17.67, 18.301, 18.673, 18.797, 19.16, 19.762, 19.735, 19.314, 19.595, 20.179, 20.594, 21.351, 22.02, 21.92, 21.729, 21.844, 21.961, 22.096, 22.246, 22.251, 22.252], [24.591, 24.043, 23.556, 23.429, 23.589, 24.17, 26.259, 27.872, 28.077, 27.767, 27.353, 26.665, 26.098, 25.373, 25.086, 25.763, 26.924, 28.976, 30.548, 30.652, 30.325, 30.066, 29.743, 29.086, 28.77, 28.676, 28.065, 27.777, 27.574, 27.17, 26.258, 25.93, 25.786, 25.379, 25.06, 24.658, 24.013, 23.705, 23.103, 21.483, 19.879, 18.135, 15.332, 12.153, 11.274, 11.011, 9.701, 8.525, 7.882, 6.573, 3.455, 0.0, 1.697, 2.753, 4.003, 4.5, 5.457, 10.454, 13.653, 14.914, 16.045, 16.84, 16.961, 16.867, 17.447, 18.374, 18.901, 19.192, 19.326, 19.738, 20.408, 20.418, 20.05, 20.392, 20.962, 21.317, 21.963, 22.529, 22.422, 22.246, 22.344, 22.445, 22.555, 22.729, 22.789, 22.802], [24.754, 24.217, 23.748, 23.629, 23.749, 24.27, 26.306, 27.874, 28.068, 27.769, 27.365, 26.683, 26.121, 25.422, 25.162, 25.835, 26.96, 28.949, 30.471, 30.552, 30.223, 29.97, 29.668, 29.047, 28.738, 28.651, 28.076, 27.809, 27.607, 27.217, 26.324, 26.007, 25.884, 25.501, 25.193, 24.802, 24.171, 23.862, 23.287, 21.745, 20.223, 18.557, 15.839, 12.673, 11.765, 11.516, 10.252, 9.125, 8.567, 7.448, 4.677, 1.697, 0.0, 1.837, 3.507, 4.063, 5.447, 10.729, 13.918, 15.151, 16.27, 17.06, 17.173, 17.077, 17.652, 18.566, 19.067, 19.352, 19.5, 19.918, 20.596, 20.618, 20.262, 20.601, 21.163, 21.517, 22.15, 22.7, 22.6, 22.431, 22.527, 22.628, 22.737, 22.914, 22.983, 23.0], [24.754, 24.221, 23.748, 23.617, 23.706, 24.195, 26.218, 27.784, 27.986, 27.701, 27.319, 26.65, 26.092, 25.402, 25.152, 25.824, 26.954, 28.943, 30.453, 30.525, 30.198, 29.952, 29.659, 29.042, 28.737, 28.658, 28.087, 27.816, 27.613, 27.216, 26.324, 26.012, 25.89, 25.505, 25.194, 24.796, 24.146, 23.825, 23.255, 21.725, 20.219, 18.576, 15.898, 12.801, 11.934, 11.694, 10.4, 9.208, 8.589, 7.439, 4.828, 2.753, 1.837, 0.0, 1.989, 2.778, 4.54, 10.321, 13.657, 14.947, 16.106, 16.906, 17.02, 16.911, 17.458, 18.372, 18.885, 19.188, 19.351, 19.787, 20.48, 20.514, 20.158, 20.503, 21.073, 21.438, 22.101, 22.676, 22.583, 22.415, 22.52, 22.627, 22.739, 22.913, 22.975, 22.988], [24.658, 24.123, 23.642, 23.496, 23.553, 24.037, 26.093, 27.688, 27.907, 27.635, 27.267, 26.6, 26.046, 25.355, 25.095, 25.768, 26.927, 28.944, 30.47, 30.551, 30.23, 29.988, 29.691, 29.063, 28.75, 28.665, 28.076, 27.791, 27.587, 27.185, 26.301, 26.001, 25.882, 25.493, 25.176, 24.77, 24.096, 23.756, 23.182, 21.646, 20.144, 18.515, 15.878, 12.917, 12.145, 11.931, 10.661, 9.469, 8.833, 7.679, 5.33, 4.003, 3.507, 1.989, 0.0, 1.226, 3.768, 9.855, 13.251, 14.555, 15.754, 16.578, 16.691, 16.559, 17.067, 17.979, 18.509, 18.839, 19.026, 19.496, 20.224, 20.276, 19.92, 20.273, 20.854, 21.238, 21.937, 22.542, 22.456, 22.286, 22.399, 22.509, 22.622, 22.795, 22.849, 22.86], [24.621, 24.09, 23.617, 23.466, 23.512, 24.011, 26.086, 27.689, 27.918, 27.655, 27.294, 26.631, 26.08, 25.385, 25.113, 25.779, 26.946, 28.969, 30.499, 30.585, 30.27, 30.032, 29.735, 29.103, 28.789, 28.703, 28.109, 27.823, 27.621, 27.221, 26.353, 26.065, 25.952, 25.566, 25.248, 24.839, 24.152, 23.788, 23.21, 21.688, 20.204, 18.598, 15.987, 13.029, 12.243, 12.03, 10.769, 9.587, 8.99, 7.896, 5.676, 4.5, 4.063, 2.778, 1.226, 0.0, 3.521, 9.799, 13.183, 14.48, 15.698, 16.525, 16.638, 16.497, 16.976, 17.872, 18.4, 18.743, 18.938, 19.408, 20.151, 20.217, 19.868, 20.222, 20.798, 21.184, 21.893, 22.51, 22.43, 22.263, 22.379, 22.491, 22.604, 22.777, 22.83, 22.842], [24.203, 23.604, 23.063, 22.895, 23.038, 23.723, 25.95, 27.622, 27.813, 27.488, 27.106, 26.419, 25.846, 25.095, 24.77, 25.447, 26.65, 28.788, 30.414, 30.524, 30.201, 29.951, 29.632, 28.959, 28.626, 28.53, 27.883, 27.564, 27.36, 26.922, 25.983, 25.678, 25.553, 25.136, 24.798, 24.368, 23.659, 23.312, 22.714, 21.076, 19.485, 17.807, 15.197, 12.386, 11.597, 11.341, 10.139, 9.146, 8.566, 7.316, 5.525, 5.457, 5.447, 4.54, 3.768, 3.521, 0.0, 6.929, 10.898, 12.564, 14.052, 15.003, 15.153, 15.054, 15.621, 16.604, 17.202, 17.589, 17.828, 18.347, 19.118, 19.16, 18.771, 19.125, 19.754, 20.195, 20.999, 21.727, 21.657, 21.485, 21.635, 21.775, 21.903, 22.06, 22.093, 22.102], [24.131, 23.423, 22.761, 22.596, 22.957, 23.895, 26.336, 28.133, 28.237, 27.735, 27.237, 26.458, 25.844, 24.999, 24.535, 25.181, 26.448, 28.769, 30.572, 30.785, 30.484, 30.2, 29.798, 29.018, 28.657, 28.547, 27.78, 27.396, 27.196, 26.679, 25.612, 25.308, 25.164, 24.672, 24.298, 23.854, 23.21, 22.979, 22.36, 20.592, 18.991, 17.407, 15.216, 13.312, 12.773, 12.529, 11.801, 11.522, 11.305, 10.32, 9.661, 10.454, 10.729, 10.321, 9.855, 9.799, 6.929, 0.0, 4.898, 7.747, 10.278, 11.66, 11.952, 12.039, 12.981, 14.228, 14.972, 15.481, 15.891, 16.635, 17.528, 17.471, 16.94, 17.282, 18.05, 18.608, 19.564, 20.537, 20.531, 20.361, 20.566, 20.749, 20.9, 21.026, 21.017, 21.015], [24.541, 23.824, 23.16, 23.017, 23.35, 24.117, 26.407, 28.14, 28.172, 27.586, 27.039, 26.238, 25.651, 24.843, 24.365, 24.964, 26.23, 28.561, 30.404, 30.679, 30.404, 30.108, 29.666, 28.846, 28.503, 28.404, 27.576, 27.177, 27.002, 26.45, 25.349, 25.075, 24.93, 24.412, 24.021, 23.576, 22.996, 22.793, 22.191, 20.581, 19.26, 17.97, 16.287, 15.043, 14.712, 14.517, 14.057, 14.055, 14.04, 13.312, 12.921, 13.653, 13.918, 13.657, 13.251, 13.183, 10.898, 4.898, 0.0, 4.054, 7.775, 9.574, 9.982, 10.284, 11.603, 13.037, 13.825, 14.447, 15.036, 15.985, 17.014, 16.952, 16.369, 16.706, 17.541, 18.119, 19.062, 20.131, 20.192, 20.036, 20.249, 20.451, 20.606, 20.725, 20.725, 20.725], [24.488, 23.759, 23.105, 22.98, 23.174, 23.623, 25.732, 27.412, 27.405, 26.788, 26.241, 25.452, 24.902, 24.149, 23.715, 24.335, 25.64, 28.013, 29.903, 30.211, 29.933, 29.618, 29.146, 28.296, 27.958, 27.858, 26.99, 26.573, 26.416, 25.846, 24.717, 24.442, 24.308, 23.79, 23.382, 22.91, 22.271, 21.983, 21.363, 19.927, 18.886, 17.83, 16.471, 15.667, 15.56, 15.393, 15.057, 15.171, 15.228, 14.615, 14.288, 14.914, 15.151, 14.947, 14.555, 14.48, 12.564, 7.747, 4.054, 0.0, 4.565, 6.948, 7.467, 7.937, 9.747, 11.48