[[0.0, 3.595, 5.321, 6.963, 7.732, 8.113, 8.179, 8.867, 9.386, 9.465, 9.583, 10.214, 10.984, 10.728, 11.039, 11.453, 11.72, 11.905, 12.077, 12.435, 13.739, 16.868, 18.948, 19.349, 19.835, 20.379, 21.066, 21.122, 21.508, 21.884, 22.29, 22.925, 23.381, 23.661, 24.358, 24.953, 24.997, 24.795, 24.464, 24.111, 24.137, 25.197, 25.574, 25.101, 24.732, 24.451, 24.174, 23.135, 22.349, 22.092, 22.238, 22.526, 22.662, 22.856, 22.865, 22.735, 22.601, 21.698, 21.244, 21.45, 21.82, 22.182, 22.338, 23.045, 25.096, 25.875, 25.438, 25.137, 25.247, 25.768, 26.029, 26.504, 27.658, 28.231, 27.891, 27.886, 28.054, 28.016, 26.289, 25.017, 25.138, 24.742, 23.947, 23.3, 23.654, 24.377], [3.595, 0.0, 3.04, 5.672, 6.636, 7.09, 7.156, 7.896, 8.44, 8.439, 8.538, 9.014, 9.797, 9.894, 10.69, 11.329, 11.611, 11.668, 11.74, 12.103, 13.486, 16.74, 18.784, 19.219, 19.76, 20.268, 20.979, 21.036, 21.461, 21.861, 22.292, 22.983, 23.448, 23.738, 24.56, 25.348, 25.464, 25.255, 24.941, 24.578, 24.603, 25.68, 26.079, 25.598, 25.196, 24.91, 24.614, 23.498, 22.617, 22.258, 22.323, 22.612, 22.777, 22.996, 23.014, 22.795, 22.682, 21.777, 21.321, 21.592, 22.0, 22.359, 22.494, 23.209, 25.26, 25.96, 25.451, 25.143, 25.223, 25.716, 25.963, 26.445, 27.58, 28.102, 27.69, 27.643, 27.83, 27.778, 26.005, 24.724, 24.865, 24.447, 23.646, 23.022, 23.426, 24.208], [5.321, 3.04, 0.0, 3.123, 4.543, 5.204, 5.622, 6.944, 7.78, 7.806, 7.912, 8.539, 9.395, 9.507, 10.206, 10.754, 10.898, 10.879, 10.958, 11.413, 12.95, 16.33, 18.518, 19.009, 19.513, 20.024, 20.717, 20.767, 21.213, 21.634, 22.056, 22.73, 23.173, 23.434, 24.249, 25.077, 25.247, 25.063, 24.739, 24.406, 24.416, 25.427, 25.829, 25.358, 24.967, 24.692, 24.403, 23.349, 22.556, 22.239, 22.311, 22.606, 22.757, 22.965, 22.998, 22.82, 22.664, 21.74, 21.345, 21.609, 22.036, 22.447, 22.603, 23.302, 25.343, 26.072, 25.622, 25.336, 25.429, 25.947, 26.243, 26.759, 27.916, 28.482, 28.109, 28.029, 28.199, 28.18, 26.475, 25.231, 25.365, 24.959, 24.194, 23.564, 23.918, 24.658], [6.963, 5.672, 3.123, 0.0, 2.08, 3.167, 4.177, 6.207, 7.363, 7.419, 7.557, 8.405, 9.317, 9.415, 9.957, 10.321, 10.342, 10.395, 10.595, 11.137, 12.71, 16.107, 18.415, 18.942, 19.414, 19.933, 20.591, 20.641, 21.097, 21.52, 21.927, 22.576, 22.965, 23.19, 23.979, 24.785, 24.985, 24.839, 24.515, 24.214, 24.221, 25.176, 25.519, 25.012, 24.616, 24.344, 24.063, 23.058, 22.341, 22.064, 22.146, 22.442, 22.567, 22.749, 22.786, 22.654, 22.435, 21.478, 21.138, 21.381, 21.81, 22.266, 22.43, 23.077, 25.076, 25.825, 25.459, 25.21, 25.317, 25.856, 26.201, 26.753, 27.933, 28.585, 28.325, 28.23, 28.375, 28.407, 26.79, 25.581, 25.694, 25.313, 24.592, 23.976, 24.265, 24.923], [7.732, 6.636, 4.543, 2.08, 0.0, 1.507, 3.024, 5.49, 6.806, 6.864, 7.054, 7.956, 8.868, 9.006, 9.609, 9.947, 9.949, 10.059, 10.317, 10.866, 12.382, 15.893, 18.281, 18.796, 19.312, 19.853, 20.513, 20.556, 21.026, 21.451, 21.857, 22.52, 22.899, 23.124, 23.936, 24.752, 24.948, 24.816, 24.505, 24.203, 24.212, 25.169, 25.46, 24.89, 24.46, 24.179, 23.895, 22.864, 22.114, 21.811, 21.879, 22.175, 22.299, 22.468, 22.493, 22.328, 22.071, 21.113, 20.783, 21.022, 21.453, 21.906, 22.046, 22.653, 24.627, 25.356, 24.998, 24.765, 24.873, 25.401, 25.734, 26.291, 27.474, 28.165, 27.955, 27.86, 28.0, 28.048, 26.452, 25.245, 25.345, 24.978, 24.283, 23.704, 23.993, 24.621], [8.113, 7.09, 5.204, 3.167, 1.507, 0.0, 2.04, 4.955, 6.428, 6.517, 6.728, 7.663, 8.596, 8.817, 9.462, 9.795, 9.789, 9.887, 10.192, 10.793, 12.316, 15.874, 18.284, 18.791, 19.329, 19.89, 20.547, 20.586, 21.068, 21.505, 21.915, 22.564, 22.933, 23.163, 23.987, 24.814, 25.008, 24.878, 24.574, 24.277, 24.295, 25.246, 25.503, 24.913, 24.49, 24.212, 23.93, 22.905, 22.158, 21.849, 21.919, 22.224, 22.348, 22.504, 22.517, 22.342, 22.052, 21.11, 20.782, 21.007, 21.432, 21.872, 21.988, 22.57, 24.508, 25.227, 24.876, 24.655, 24.775, 25.286, 25.59, 26.123, 27.291, 27.996, 27.802, 27.7, 27.844, 27.902, 26.333, 25.142, 25.236, 24.879, 24.202, 23.635, 23.918, 24.532], [8.179, 7.156, 5.622, 4.177, 3.024, 2.04, 0.0, 3.302, 5.056, 5.221, 5.535, 6.519, 7.542, 7.972, 8.863, 9.4, 9.573, 9.706, 10.1, 10.716, 12.132, 15.714, 18.086, 18.554, 19.159, 19.738, 20.417, 20.47, 20.971, 21.439, 21.898, 22.553, 22.93, 23.191, 24.063, 24.905, 25.087, 24.966, 24.671, 24.349, 24.393, 25.358, 25.564, 24.937, 24.487, 24.207, 23.922, 22.869, 22.083, 21.764, 21.839, 22.149, 22.269, 22.409, 22.395, 22.168, 21.875, 20.971, 20.619, 20.855, 21.277, 21.667, 21.737, 22.309, 24.221, 24.91, 24.518, 24.295, 24.414, 24.885, 25.123, 25.609, 26.755, 27.455, 27.262, 27.204, 27.381, 27.437, 25.864, 24.679, 24.773, 24.414, 23.743, 23.186, 23.467, 24.071], [8.867, 7.896, 6.944, 6.207, 5.49, 4.955, 3.302, 0.0, 2.157, 2.666, 3.309, 4.465, 5.636, 6.466, 7.824, 8.76, 9.348, 9.654, 10.16, 10.714, 11.841, 15.373, 17.659, 18.062, 18.781, 19.367, 20.067, 20.129, 20.636, 21.157, 21.726, 22.434, 22.849, 23.17, 24.12, 24.981, 25.159, 25.061, 24.776, 24.402, 24.491, 25.548, 25.7, 25.017, 24.516, 24.224, 23.934, 22.834, 21.979, 21.642, 21.734, 22.042, 22.154, 22.269, 22.23, 21.935, 21.656, 20.797, 20.39, 20.665, 21.1, 21.43, 21.454, 22.005, 23.852, 24.47, 23.994, 23.747, 23.824, 24.213, 24.326, 24.72, 25.819, 26.494, 26.292, 26.271, 26.485, 26.545, 24.977, 23.817, 23.909, 23.554, 22.909, 22.396, 22.696, 23.287], [9.386, 8.44, 7.78, 7.363, 6.806, 6.428, 5.056, 2.157, 0.0, 1.25, 2.417, 3.572, 4.783, 5.866, 7.506, 8.659, 9.494, 9.912, 10.443, 10.934, 11.87, 15.272, 17.459, 17.84, 18.601, 19.156, 19.852, 19.911, 20.424, 20.987, 21.626, 22.38, 22.826, 23.183, 24.172, 25.044, 25.218, 25.121, 24.839, 24.437, 24.536, 25.659, 25.813, 25.103, 24.574, 24.274, 23.981, 22.846, 21.94, 21.579, 21.677, 21.989, 22.101, 22.211, 22.172, 21.867, 21.612, 20.735, 20.289, 20.608, 21.068, 21.378, 21.384, 21.924, 23.742, 24.333, 23.827, 23.547, 23.574, 23.916, 23.975, 24.323, 25.389, 26.038, 25.82, 25.788, 26.009, 26.074, 24.501, 23.351, 23.442, 23.084, 22.455, 21.98, 22.302, 22.896], [9.465, 8.439, 7.806, 7.419, 6.864, 6.517, 5.221, 2.666, 1.25, 0.0, 1.705, 3.061, 4.342, 5.627, 7.431, 8.614, 9.475, 9.949, 10.488, 10.985, 11.942, 15.328, 17.488, 17.872, 18.635, 19.172, 19.865, 19.924, 20.441, 21.005, 21.642, 22.405, 22.853, 23.205, 24.204, 25.086, 25.262, 25.162, 24.881, 24.475, 24.578, 25.701, 25.864, 25.159, 24.622, 24.321, 24.026, 22.877, 21.952, 21.579, 21.659, 21.966, 22.081, 22.195, 22.154, 21.827, 21.585, 20.706, 20.258, 20.602, 21.071, 21.381, 21.384, 21.925, 23.763, 24.358, 23.838, 23.541, 23.552, 23.901, 23.977, 24.344, 25.418, 26.065, 25.836, 25.801, 26.029, 26.085, 24.481, 23.316, 23.409, 23.044, 22.409, 21.935, 22.271, 22.875], [9.583, 8.538, 7.912, 7.557, 7.054, 6.728, 5.535, 3.309, 2.417, 1.705, 0.0, 2.057, 3.78, 5.108, 6.935, 8.09, 8.922, 9.404, 9.946, 10.484, 11.518, 14.97, 17.168, 17.566, 18.353, 18.889, 19.572, 19.633, 20.159, 20.718, 21.354, 22.128, 22.572, 22.913, 23.918, 24.802, 24.979, 24.885, 24.611, 24.207, 24.321, 25.474, 25.656, 24.972, 24.468, 24.184, 23.889, 22.737, 21.813, 21.439, 21.512, 21.819, 21.943, 22.065, 22.026, 21.698, 21.479, 20.599, 20.134, 20.476, 20.948, 21.272, 21.295, 21.854, 23.724, 24.346, 23.848, 23.573, 23.594, 23.944, 24.046, 24.444, 25.525, 26.169, 25.927, 25.89, 26.123, 26.171, 24.553, 23.379, 23.475, 23.115, 22.48, 21.992, 22.336, 22.956], [10.214, 9.014, 8.539, 8.405, 7.956, 7.663, 6.519, 4.465, 3.572, 3.061, 2.057, 0.0, 2.318, 4.463, 6.825, 8.229, 9.162, 9.553, 10.096, 10.678, 11.664, 15.04, 17.086, 17.439, 18.271, 18.79, 19.508, 19.57, 20.119, 20.717, 21.396, 22.222, 22.7, 23.048, 24.078, 24.966, 25.13, 25.063, 24.837, 24.431, 24.554, 25.732, 25.94, 25.271, 24.768, 24.493, 24.196, 23.003, 22.003, 21.568, 21.602, 21.918, 22.063, 22.197, 22.155, 21.783, 21.644, 20.796, 20.298, 20.67, 21.152, 21.472, 21.487, 22.026, 23.865, 24.446, 23.921, 23.649, 23.645, 23.96, 24.001, 24.343, 25.356, 25.937, 25.665, 25.661, 25.923, 25.948, 24.324, 23.161, 23.26, 22.896, 22.277, 21.846, 22.248, 22.892], [10.984, 9.797, 9.395, 9.317, 8.868, 8.596, 7.542, 5.636, 4.783, 4.342, 3.78, 2.318, 0.0, 3.392, 6.386, 8.024, 9.096, 9.528, 10.156, 10.835, 11.815, 15.155, 17.14, 17.474, 18.335, 18.858, 19.611, 19.679, 20.247, 20.87, 21.561, 22.416, 22.913, 23.25, 24.283, 25.173, 25.342, 25.32, 25.141, 24.738, 24.872, 26.052, 26.289, 25.658, 25.164, 24.895, 24.606, 23.431, 22.423, 21.951, 21.939, 22.246, 22.395, 22.524, 22.488, 22.098, 21.99, 21.186, 20.708, 21.102, 21.595, 21.926, 21.938, 22.447, 24.229, 24.771, 24.241, 23.968, 23.927, 24.218, 24.2, 24.466, 25.408, 25.951, 25.669, 25.68, 25.948, 25.946, 24.37, 23.287, 23.395, 23.031, 22.457, 22.106, 22.554, 23.186], [10.728, 9.894, 9.507, 9.415, 9.006, 8.817, 7.972, 6.466, 5.866, 5.627, 5.108, 4.463, 3.392, 0.0, 3.437, 5.424, 6.852, 7.549, 8.375, 9.175, 10.3, 14.009, 16.22, 16.591, 17.416, 18.005, 18.821, 18.931, 19.53, 20.151, 20.837, 21.69, 22.196, 22.546, 23.579, 24.462, 24.624, 24.633, 24.471, 24.079, 24.219, 25.423, 25.718, 25.14, 24.682, 24.422, 24.147, 23.063, 22.158, 21.708, 21.689, 21.974, 22.1, 22.214, 22.19, 21.894, 21.761, 20.908, 20.479, 20.87, 21.373, 21.724, 21.782, 22.339, 24.144, 24.731, 24.259, 23.99, 23.954, 24.248, 24.229, 24.482, 25.44, 25.996, 25.715, 25.709, 25.916, 25.891, 24.332, 23.285, 23.399, 23.061, 22.5, 22.131, 22.564, 23.195], [11.039, 10.69, 10.206, 9.957, 9.609, 9.462, 8.863, 7.824, 7.506, 7.431, 6.935, 6.825, 6.386, 3.437, 0.0, 2.478, 4.553, 5.751, 6.79, 7.679, 9.082, 13.081, 15.558, 15.99, 16.696, 17.356, 18.156, 18.301, 18.9, 19.478, 20.122, 20.917, 21.384, 21.735, 22.724, 23.576, 23.731, 23.754, 23.606, 23.259, 23.411, 24.615, 24.944, 24.457, 24.092, 23.859, 23.616, 22.735, 22.097, 21.787, 21.815, 22.057, 22.132, 22.217, 22.206, 22.064, 21.837, 20.953, 20.603, 20.93, 21.416, 21.792, 21.91, 22.519, 24.325, 24.987, 24.602, 24.343, 24.345, 24.619, 24.595, 24.828, 25.777, 26.353, 26.096, 26.051, 26.198, 26.179, 24.68, 23.669, 23.773, 23.486, 22.955, 22.545, 22.91, 23.502], [11.453, 11.329, 10.754, 10.321, 9.947, 9.795, 9.4, 8.76, 8.659, 8.614, 8.09, 8.229, 8.024, 5.424, 2.478, 0.0, 2.703, 4.604, 5.78, 6.777, 8.484, 12.674, 15.429, 15.979, 16.611, 17.329, 18.077, 18.231, 18.806, 19.304, 19.875, 20.617, 21.026, 21.349, 22.298, 23.137, 23.294, 23.313, 23.154, 22.845, 22.998, 24.205, 24.554, 24.114, 23.825, 23.614, 23.385, 22.628, 22.166, 21.957, 22.018, 22.23, 22.282, 22.356, 22.374, 22.331, 22.012, 21.112, 20.815, 21.063, 21.538, 21.938, 22.097, 22.738, 24.566, 25.297, 24.992, 24.748, 24.78, 25.082, 25.13, 25.407, 26.374, 26.987, 26.775, 26.68, 26.776, 26.784, 25.34, 24.332, 24.419, 24.157, 23.623, 23.176, 23.486, 24.04], [11.72, 11.611, 10.898, 10.342, 9.949, 9.789, 9.573, 9.348, 9.494, 9.475, 8.922, 9.162, 9.096, 6.852, 4.553, 2.703, 0.0, 2.7, 4.339, 5.696, 7.765, 12.185, 15.26, 15.928, 16.52, 17.32, 18.053, 18.197, 18.743, 19.174, 19.661, 20.37, 20.749, 21.033, 21.945, 22.793, 22.97, 23.001, 22.835, 22.553, 22.691, 23.904, 24.299, 23.891, 23.665, 23.471, 23.246, 22.549, 22.169, 21.986, 22.065, 22.292, 22.348, 22.437, 22.489, 22.507, 22.139, 21.238, 20.994, 21.156, 21.619, 22.069, 22.268, 22.913, 24.761, 25.547, 25.319, 25.089, 25.147, 25.525, 25.693, 26.047, 27.058, 27.701, 27.526, 27.423, 27.501, 27.524, 26.129, 25.113, 25.185, 24.923, 24.352, 23.856, 24.137, 24.68], [11.905, 11.668, 10.879, 10.395, 10.059, 9.887, 9.706, 9.654, 9.912, 9.949, 9.404, 9.553, 9.528, 7.549, 5.751, 4.604, 2.7, 0.0, 2.511, 4.65, 6.986, 11.52, 14.645, 15.341, 15.94, 16.791, 17.567, 17.707, 18.273, 18.712, 19.172, 19.903, 20.335, 20.635, 21.567, 22.459, 22.668, 22.738, 22.59, 22.311, 22.438, 23.681, 24.134, 23.728, 23.533, 23.359, 23.122, 22.382, 21.949, 21.719, 21.81, 22.137, 22.249, 22.361, 22.419, 22.46, 22.132, 21.199, 20.933, 21.081, 21.546, 22.015, 22.208, 22.844, 24.719, 25.541, 25.358, 25.149, 25.22, 25.635, 25.839, 26.215, 27.245, 27.884, 27.692, 27.609, 27.7, 27.708, 26.302, 25.26, 25.332, 25.053, 24.445, 23.917, 24.205, 24.783], [12.077, 11.74, 10.958, 10.595, 10.317, 10.192, 10.1, 10.16, 10.443, 10.488, 9.946, 10.096, 10.156, 8.375, 6.79, 5.78, 4.339, 2.511, 0.0, 2.862, 5.948, 10.842, 14.046, 14.728, 15.376, 16.199, 16.975, 17.116, 17.671, 18.093, 18.543, 19.33, 19.833, 20.16, 21.137, 22.1, 22.347, 22.433, 22.292, 22.01, 22.131, 23.417, 23.915, 23.524, 23.343, 23.182, 22.939, 22.158, 21.705, 21.5, 21.607, 21.955, 22.149, 22.31, 22.374, 22.394, 22.11, 21.176, 20.847, 21.011, 21.487, 21.951, 22.154, 22.815, 24.78, 25.652, 25.472, 25.277, 25.365, 25.791, 26.031, 26.462, 27.535, 28.165, 27.944, 27.845, 27.917, 27.899, 26.408, 25.294, 25.365, 25.072, 24.432, 23.863, 24.161, 24.774], [12.435, 12.103, 11.413, 11.137, 10.866, 10.793, 10.716, 10.714, 10.934, 10.985, 10.484, 10.678, 10.835, 9.175, 7.679, 6.777, 5.696, 4.65, 2.862, 0.0, 4.208, 9.94, 13.408, 14.038, 14.742, 15.579, 16.319, 16.469, 17.002, 17.426, 17.919, 18.746, 19.278, 19.619, 20.621, 21.617, 21.86, 21.935, 21.796, 21.499, 21.606, 22.946, 23.453, 23.051, 22.863, 22.704, 22.462, 21.662, 21.222, 21.074, 21.246, 21.575, 21.798, 22.03, 22.105, 22.094, 21.804, 20.913, 20.564, 20.724, 21.225, 21.669, 21.892, 22.597, 24.65, 25.567, 25.377, 25.199, 25.307, 25.713, 25.94, 26.404, 27.502, 28.103, 27.86, 27.754, 27.814, 27.778, 26.213, 25.039, 25.103, 24.805, 24.151, 23.56, 23.863, 24.478], [13.739, 13.486, 12.95, 12.71, 12.382, 12.316, 12.132, 11.841, 11.87, 11.942, 11.518, 11.664, 11.815, 10.3, 9.082, 8.484, 7.765, 6.986, 5.948, 4.208, 0.0, 6.863, 11.14, 11.936, 12.789, 13.788, 14.606, 14.742, 15.335, 15.849, 16.463, 17.383, 17.989, 18.382, 19.464, 20.473, 20.669, 20.757, 20.674, 20.361, 20.48, 22.004, 22.565, 22.101, 21.882, 21.718, 21.463, 20.564, 20.031, 19.833, 20.0, 20.361, 20.599, 20.878, 20.974, 20.933, 20.661, 19.805, 19.532, 19.73, 20.306, 20.781, 21.045, 21.801, 23.875, 24.788, 24.588, 24.427, 24.526, 24.937, 25.172, 25.685, 26.801, 27.374, 27.133, 27.108, 27.202, 27.15, 25.57, 24.395, 24.445, 24.152, 23.492, 22.871, 23.211, 23.863], [16.868, 16.74, 16.33, 16.107, 15.893, 15.874, 15.714, 15.373, 15.272, 15.328, 14.97, 15.04, 15.155, 14.009, 13.081, 12.674, 12.185, 11.52, 10.842, 9.94, 6.863, 0.0, 5.771, 7.523, 8.348, 9.679, 10.626, 10.814, 11.475, 12.131, 12.904, 13.894, 14.668, 15.233, 16.479, 17.598, 17.849, 18.005, 18.072, 17.827, 18.065, 20.0, 20.766, 20.35, 20.256, 20.137, 19.88, 19.042, 18.627, 18.454, 18.604, 19.021, 19.269, 19.579, 19.765, 20.045, 19.921, 19.052, 18.989, 19.268, 19.965, 20.587, 21.028, 21.76, 23.591, 24.49, 24.459, 24.304, 24.33, 24.784, 25.173, 25.784, 26.86, 27.409, 27.268, 27.322, 27.433, 27.389, 25.945, 24.871, 24.887, 24.639, 24.044, 23.411, 23.741, 24.392], [18.948, 18.784, 18.518, 18.415, 18.281, 18.284, 18.086, 17.659, 17.459, 17.488, 17.168, 17.086, 17.14, 16.22, 15.558, 15.429, 15.26, 14.645, 14.046, 13.408, 11.14, 5.771, 0.0, 3.22, 4.259, 5.598, 6.929, 7.351, 8.233, 9.324, 10.46, 11.616, 12.671, 13.482, 14.966, 16.278, 16.649, 16.892, 17.11, 16.873, 17.215, 19.364, 20.168, 19.758, 19.691, 19.598, 19.334, 18.464, 17.973, 17.791, 17.931, 18.409, 18.721, 19.032, 19.207, 19.742, 20.063, 19.178, 18.992, 19.4, 20.142, 20.785, 21.222, 21.743, 23.221, 24.012, 24.081, 23.932, 23.883, 24.268, 24.667, 25.295, 26.283, 26.775, 26.704, 26.811, 26.926, 26.887, 25.523, 24.525, 24.527, 24.314, 23.831, 23.281, 23.603, 24.22], [19.349, 19.219, 19.009, 18.942, 18.796, 18.791, 18.554, 18.062, 17.84, 17.872, 17.566, 17.439, 17.474, 16.591, 15.99, 15.979, 15.928, 15.341, 14.728, 14.038, 11.936, 7.523, 3.22, 0.0, 2.8, 4.291, 5.738, 6.268, 7.102, 8.395, 9.66, 10.874, 12.056, 12.911, 14.403, 15.724, 16.115, 16.426, 16.727, 16.487, 16.83, 18.95, 19.71, 19.293, 19.173, 19.091, 18.842, 17.952, 17.426, 17.316, 17.527, 17.992, 18.327, 18.62, 18.73, 19.181, 19.609, 18.926, 18.64, 19.079, 19.833, 20.481, 20.918, 21.329, 22.712, 23.478, 23.486, 23.307, 23.251, 23.584, 23.914, 24.538, 25.523, 25.996, 25.935, 26.138, 26.286, 26.24, 24.888, 23.93, 23.932, 23.741, 23.334, 22.835, 23.145, 23.717], [19.835, 19.76, 19.513, 19.414, 19.312, 19.329, 19.159, 18.781, 18.601, 18.635, 18.353, 18.271, 18.335, 17.416, 16.696, 16.611, 16.52, 15.94, 15.376, 14.742, 12.789, 8.348, 4.259, 2.8, 0.0, 2.844, 4.828, 5.449, 6.199, 7.482, 8.828, 10.03, 11.26, 12.161, 13.601, 14.902, 15.334, 15.718, 16.082, 15.878, 16.25, 18.463, 19.319, 18.989, 18.939, 18.856, 18.626, 17.894, 17.531, 17.47, 17.688, 18.172, 18.467, 18.748, 18.887, 19.573, 20.02, 19.285, 19.215, 19.661, 20.377, 21.044, 21.544, 21.987, 23.32, 24.093, 24.152, 23.954, 23.914, 24.272, 24.619, 25.228, 26.182, 26.645, 26.594, 26.755, 26.866, 26.834, 25.541, 24.622, 24.628, 24.451, 24.048, 23.551, 23.819, 24.36], [20.379, 20.268, 20.024, 19.933, 19.853, 19.89, 19.738, 19.367, 19.156, 19.172, 18.889, 18.79, 18.858, 18.005, 17.356, 17.329, 17.32, 16.791, 16.199, 15.579, 13.788, 9.679, 5.598, 4.291, 2.844, 0.0, 2.75, 3.681, 4.659, 6.254, 7.824, 9.268, 10.704, 11.654, 13.149, 14.501, 14.984, 15.44, 15.865, 15.666, 16.046, 18.254, 19.143, 18.866, 18.811, 18.714, 18.475, 17.683, 17.222, 17.142, 17.349, 17.823, 18.173, 18.486, 18.634, 19.397, 20.136, 19.411, 19.265, 19.85, 20.596, 21.253, 21.746, 22.176, 23.532, 24.299, 24.33, 24.123, 24.071, 24.446, 24.834, 25.482, 26.455, 26.911, 26.846, 27.061, 27.206, 27.161, 25.838, 24.897, 24.906, 24.721, 24.332, 23.845, 24.137, 24.694], [21.066, 20.979, 20.717, 20.591, 20.513, 20.547, 20.417, 20.067, 19.852, 19.865, 19.572, 19.508, 19.611, 18.821, 18.156, 18.077, 18.053, 17.567, 16.975, 16.319, 14.606, 10.626, 6.929, 5.738, 4.828, 2.75, 0.0, 1.719, 3.066, 4.954, 6.633, 8.176, 9.74, 10.683, 12.147, 13.561, 14.117, 14.644, 15.177, 15.032, 15.412, 17.655, 18.604, 18.41, 18.406, 18.329, 18.104, 17.397, 17.06, 17.094, 17.357, 17.782, 18.123, 18.489, 18.684, 19.507, 20.266, 19.647, 19.493, 20.084, 20.886, 21.561, 22.073, 22.49, 23.836, 24.641, 24.709, 24.511, 24.46, 24.816, 25.235, 25.902, 26.863, 27.327, 27.282, 27.516, 27.678, 27.65, 26.361, 25.438, 25.444, 25.27, 24.906, 24.425, 24.694, 25.22], [21.122, 21.036, 20.767, 20.641, 20.556, 20.586, 20.47, 20.129, 19.911, 19.924, 19.633, 19.57, 19.679, 18.931, 18.301, 18.231, 18.197, 17.707, 17.116, 16.469, 14.742, 10.814, 7.351, 6.268, 5.449, 3.681, 1.719, 0.0, 2.073, 4.302, 6.121, 7.833, 9.505, 10.454, 11.901, 13.306, 13.868, 14.422, 14.995, 14.863, 15.256, 17.569, 18.588, 18.424, 18.417, 18.334, 18.113, 17.391, 17.032, 17.048, 17.286, 17.7, 18.04, 18.413, 18.635, 19.446, 20.184, 19.564, 19.425, 20.014, 20.841, 21.579, 22.111, 22.541, 23.917, 24.731, 24.791, 24.582, 24.52, 24.891, 25.326, 26.023, 27.007, 27.471, 27.407, 27.624, 27.779, 27.739, 26.423, 25.479, 25.484, 25.3, 24.919, 24.424, 24.7, 25.241], [21.508, 21.461, 21.213, 21.097, 21.026, 21.068, 20.971, 20.636, 20.424, 20.441, 20.159, 20.119, 20.247, 19.53, 18.9, 18.806, 18.743, 18.273, 17.671, 17.002, 15.335, 11.475, 8.233, 7.102, 6.199, 4.659, 3.066, 2.073, 0.0, 2.768, 4.919, 6.778, 8.619, 9.643, 11.066, 12.45, 13.048, 13.648, 14.286, 14.184, 14.618, 17.035, 18.131, 18.049, 18.084, 18.004, 17.797, 17.137, 16.859, 16.942, 17.206, 17.591, 17.928, 18.304, 18.557, 19.426, 20.162, 19.609, 19.512, 20.09, 20.925, 21.721, 22.341, 22.787, 24.139, 24.973, 25.058, 24.833, 24.763, 25.146, 25.6, 26.302, 27.274, 27.721, 27.658, 27.882, 28.027, 27.982, 26.689, 25.764, 25.766, 25.592, 25.216, 24.721, 25.0, 25.531], [21.884, 21.861, 21.634, 21.52, 21.451, 21.505, 21.439, 21.157, 20.987, 21.005, 20.718, 20.717, 20.87, 20.151, 19.478, 19.304, 19.174, 18.712, 18.093, 17.426, 15.849, 12.131, 9.324, 8.395, 7.482, 6.254, 4.954, 4.302, 2.768, 0.0, 2.726, 5.198, 7.366, 8.535, 10.058, 11.493, 12.074, 12.747, 13.509, 13.457, 13.904, 16.41, 17.616, 17.623, 17.712, 17.632, 17.429, 16.849, 16.695, 16.861, 17.152, 17.513, 17.839, 18.211, 18.495, 19.439, 20.144, 19.613, 19.587, 20.143, 20.979, 21.794, 22.499, 23.103, 24.57, 25.445, 25.543, 25.324, 25.278, 25.679, 26.134, 26.809, 27.765, 28.214, 28.154, 28.375, 28.5, 28.448, 27.17, 26.249, 26.255, 26.085, 25.702, 25.2, 25.489, 26.025], [22.29, 22.292, 22.056, 21.927, 21.857, 21.915, 21.898, 21.726, 21.626, 21.642, 21.354, 21.396, 21.561, 20.837, 20.122, 19.875, 19.661, 19.172, 18.543, 17.919, 16.463, 12.904, 10.46, 9.66, 8.828, 7.824, 6.633, 6.121, 4.919, 2.726, 0.0, 3.284, 5.946, 7.219, 8.815, 10.421, 11.051, 11.804, 12.681, 12.724, 13.187, 15.644, 16.935, 17.046, 17.22, 17.17, 16.98, 16.528, 16.572, 16.859, 17.197, 17.557, 17.877, 18.242, 18.554, 19.568, 20.217, 19.751, 19.78, 20.288, 21.119, 21.973, 22.708, 23.344, 24.858, 25.775, 25.916, 25.716, 25.692, 26.108, 26.578, 27.234, 28.194, 28.668, 28.609, 28.852, 28.984, 28.933, 27.68, 26.758, 26.762, 26.599, 26.214, 25.699, 25.966, 26.478], [22.925, 22.983, 22.73, 22.576, 22.52, 22.564, 22.553, 22.434, 22.38, 22.405, 22.128, 22.222, 22.416, 21.69, 20.917, 20.617, 20.37, 19.903, 19.33, 18.746, 17.383, 13.894, 11.616, 10.874, 10.03, 9.268, 8.176, 7.833, 6.778, 5.198, 3.284, 0.0, 3.265, 5.046, 6.894, 8.763, 9.523, 10.236, 11.183, 11.331, 11.834, 14.219, 15.514, 15.753, 16.068, 16.077, 15.923, 15.74, 16.158, 16.69, 17.155, 17.506, 17.768, 18.093, 18.427, 19.573, 20.092, 19.804, 20.0, 20.452, 21.266, 22.141, 22.929, 23.506, 24.849, 25.822, 26.11, 25.92, 25.904, 26.309, 26.749, 27.335, 28.221, 28.677, 28.651, 28.943, 29.09, 29.052, 27.93, 27.104, 27.103, 26.973, 26.635, 26.127, 26.329, 26.763], [23.381, 23.448, 23.173, 22.965, 22.899, 22.933, 22.93, 22.849, 22.826, 22.853, 22.572, 22.7, 22.913, 22.196, 21.384, 21.026, 20.749, 20.335, 19.833, 19.278, 17.989, 14.668, 12.671, 12.056, 11.26, 10.704, 9.74, 9.505, 8.619, 7.366, 5.946, 3.265, 0.0, 2.65, 5.261, 7.501, 8.346, 8.956, 9.917, 10.161, 10.666, 12.983, 14.261, 14.56, 15.004, 15.084, 14.95, 14.977, 15.706, 16.417, 16.947, 17.277, 17.474, 17.745, 18.112, 19.389, 19.796, 19.648, 19.99, 20.369, 21.148, 22.035, 22.874, 23.465, 24.708, 25.734, 26.21, 26.06, 26.042, 26.423, 26.82, 27.322, 28.119, 28.536, 28.556, 28.86, 28.998, 28.975, 27.968, 27.237, 27.235, 27.137, 26.847, 26.363, 26.528, 26.897], [23.661, 23.738, 23.434, 23.19, 23.124, 23.163, 23.191, 23.17, 23.183, 23.205, 22.913, 23.048, 23.25, 22.546, 21.735, 21.349, 21.033, 20.635, 20.16, 19.619, 18.382, 15.233, 13.482, 12.911, 12.161, 11.654, 10.683, 10.454, 9.643, 8.535, 7.219, 5.046, 2.65, 0.0, 3.185, 5.915, 7.059, 7.885, 8.954, 9.277, 9.787, 12.003, 13.355, 13.788, 14.336, 14.477, 14.37, 14.519, 15.442, 16.273, 16.79, 17.063, 17.231, 17.501, 17.89, 19.212, 19.64, 19.617, 20.014, 20.328, 21.086, 22.017, 22.906, 23.515, 24.8, 25.871, 26.392, 26.29, 26.304, 26.72, 27.16, 27.683, 28.49, 28.904, 28.912, 29.241, 29.397, 29.369, 28.358, 27.618, 27.61, 27.523, 27.238, 26.737, 26.877, 27.221], [24.358, 24.56, 24.249, 23.979, 23.936, 23.987, 24.063, 24.12, 24.172, 24.204, 23.918, 24.078, 24.283, 23.579, 22.724, 22.298, 21.945, 21.567, 21.137, 20.621, 19.464, 16.479, 14.966, 14.403, 13.601, 13.149, 12.147, 11.901, 11.066, 10.058, 8.815, 6.894, 5.261, 3.185, 0.0, 3.324, 5.119, 6.35, 7.686, 8.194, 8.706, 10.819, 12.289, 12.99, 13.731, 13.943, 13.915, 14.36, 15.636, 16.689, 17.241, 17.419, 17.516, 17.777, 18.181, 19.577, 19.989, 20.119, 20.627, 20.861, 21.597, 22.602, 23.57, 24.151, 25.408, 26.536, 27.077, 26.988, 27.051, 27.517, 28.016, 28.569, 29.381, 29.799, 29.806, 30.153, 30.322, 30.309, 29.342, 28.627, 28.614, 28.549, 28.274, 27.76, 27.837, 28.119], [24.953, 25.348, 25.077, 24.785, 24.752, 24.814, 24.905, 24.981, 25.044, 25.086, 24.802, 24.966, 25.173, 24.462, 23.576, 23.137, 22.793, 22.459, 22.1, 21.617, 20.473, 17.598, 16.278, 15.724, 14.902, 14.501, 13.561, 13.306, 12.45, 11.493, 10.421, 8.763, 7.501, 5.915, 3.324, 0.0, 2.633, 4.735, 6.441, 7.107, 7.585, 9.79, 11.464, 12.373, 13.278, 13.549, 13.579, 14.238, 15.732, 16.924, 17.494, 17.594, 17.623, 17.838, 18.241, 19.705, 20.124, 20.336, 20.929, 21.11, 21.817, 22.873, 23.927, 24.547, 25.82, 27.034, 27.637, 27.573, 27.687, 28.195, 28.701, 29.247, 30.049, 30.47, 30.498, 30.866, 31.025, 31.022, 30.105, 29.424, 29.406, 29.351, 29.077, 28.568, 28.62, 28.84], [24.997, 25.464, 25.247, 24.985, 24.948, 25.008, 25.087, 25.159, 25.218, 25.262, 24.979, 25.13, 25.342, 24.624, 23.731, 23.294, 22.97, 22.668, 22.347, 21.86, 20.669, 17.849, 16.649, 16.115, 15.334, 14.984, 14.117, 13.868, 13.048, 12.074, 11.051, 9.523, 8.346, 7.059, 5.119, 2.633, 0.0, 3.055, 5.313, 6.15, 6.625, 8.993, 10.798, 11.758, 12.73, 13.021, 13.057, 13.769, 15.325, 16.528, 17.08, 17.153, 17.152, 17.344, 17.747, 19.241, 19.639, 19.891, 20.529, 20.695, 21.394, 22.445, 23.546, 24.259, 25.599, 26.857, 27.487, 27.453, 27.612, 28.129, 28.629, 29.172, 29.974, 30.401, 30.424, 30.806, 30.97, 30.967, 30.05, 29.386, 29.371, 29.308, 29.042, 28.546, 28.623, 28.847], [24.795, 25.255, 25.063, 24.839, 24.816, 24.878, 24.966, 25.061, 25.121, 25.162, 24.885, 25.063, 25.32, 24.633, 23.754, 23.313, 23.001, 22.738, 22.433, 21.935, 20.757, 18.005, 16.892, 16.426, 15.718, 15.44, 14.644, 14.422, 13.648, 12.747, 11.804, 10.236, 8.956, 7.885, 6.35, 4.735, 3.055, 0.0, 3.015, 4.406, 5.089, 7.755, 9.636, 10.689, 11.791, 12.125, 12.169, 12.976, 14.693, 15.985, 16.58, 16.645, 16.605, 16.786, 17.189, 18.688, 18.985, 19.296, 19.994, 20.114, 20.791, 21.853, 23.0, 23.736, 25.066, 26.363, 27.045, 27.026, 27.214, 27.727, 28.256, 28.854, 29.664, 30.094, 30.117, 30.493, 30.679, 30.692, 29.796, 29.149, 29.132, 29.074, 28.827, 28.336, 28.405, 28.628], [24.464, 24.941, 24.739, 24.515, 24.505, 24.574, 24.671, 24.776, 24.839, 24.881, 24.611, 24.837, 25.141, 24.471, 23.606, 23.154, 22.835, 22.59, 22.292, 21.796, 20.674, 18.072, 17.11, 16.727, 16.082, 15.865, 15.177, 14.995, 14.286, 13.509, 12.681, 11.183, 9.917, 8.954, 7.686, 6.441, 5.313, 3.015, 0.0, 2.124, 3.272, 6.28, 8.258, 9.407, 10.662, 11.04, 11.087, 11.993, 13.906, 15.316, 15.987, 16.066, 15.997, 16.145, 16.548, 18.089, 18.289, 18.62, 19.36, 19.431, 20.077, 21.146, 22.309, 23.039, 24.41, 25.791, 26.53, 26.53, 26.751, 27.303, 27.878, 28.555, 29.457, 29.936, 29.966, 30.34, 30.523, 30.547, 29.631, 28.923, 28.894, 28.829, 28.554, 28.025, 28.055, 28.267], [24.111, 24.578, 24.406, 24.214, 24.203, 24.277, 24.349, 24.402, 24.437, 24.475, 24.207, 24.431, 24.738, 24.079, 23.259, 22.845, 22.553, 22.311, 22.01, 21.499, 20.361, 17.827, 16.873, 16.487, 15.878, 15.666, 15.032, 14.863, 14.184, 13.457, 12.724, 11.331, 10.161, 9.277, 8.194, 7.107, 6.15, 4.406, 2.124, 0.0, 2.296, 5.945, 7.81, 8.797, 9.971, 10.3, 10.315, 11.123, 13.007, 14.421, 15.123, 15.204, 15.128, 15.288, 15.684, 17.224, 17.426, 17.767, 18.544, 18.626, 19.272, 20.321, 21.485, 22.223, 23.634, 25.032, 25.756, 25.762, 26.003, 26.59, 27.201, 27.933, 28.916, 29.451, 29.492, 29.872, 30.049, 30.072, 29.117, 28.363, 28.334, 28.257, 27.964, 27.427, 27.458, 27.676], [24.137, 24.603, 24.416, 24.221, 24.212, 24.295, 24.393, 24.491, 24.536, 24.578, 24.321, 24.554, 24.872, 24.219, 23.411, 22.998, 22.691, 22.438, 22.131, 21.606, 20.48, 18.065, 17.215, 16.83, 16.25, 16.046, 15.412, 15.256, 14.618, 13.904, 13.187, 11.834, 10.666, 9.787, 8.706, 7.585, 6.625, 5.089, 3.272, 2.296, 0.0, 4.478, 6.806, 7.839, 9.039, 9.405, 9.434, 10.361, 12.442, 14.002, 14.766, 14.775, 14.672, 14.854, 15.271, 16.844, 17.02, 17.439, 18.276, 18.35, 19.001, 20.044, 21.229, 22.001, 23.452, 24.892, 25.629, 25.63, 25.895, 26.503, 27.13, 27.876, 28.871, 29.417, 29.503, 29.915, 30.07, 30.083, 29.133, 28.389, 28.362, 28.288, 27.995, 27.448, 27.474, 27.683], [25.197, 25.68, 25.427, 25.176, 25.169, 25.246, 25.358, 25.548, 25.659, 25.701, 25.474, 25.732, 26.052, 25.423, 24.615, 24.205, 23.904, 23.681, 23.417, 22.946, 22.004, 20.0, 19.364, 18.95, 18.463, 18.254, 17.655, 17.569, 17.035, 16.41, 15.644, 14.219, 12.983, 12.003, 10.819, 9.79, 8.993, 7.755, 6.28, 5.945, 4.478, 0.0, 3.56, 5.728, 7.362, 7.961, 8.152, 9.792, 12.572, 14.532, 15.376, 15.232, 15.011, 15.116, 15.508, 17.117, 17.325, 18.092, 19.013, 19.048, 19.64, 20.663, 21.836, 22.512, 23.884, 25.402, 26.19, 26.205, 26.51, 27.119, 27.752, 28.468, 29.442, 29.989, 30.076, 30.649, 30.876, 30.879, 30.024, 29.361, 29.333, 29.291, 29.061, 28.516, 28.484, 28.625], [25.574, 26.079, 25.829, 25.519, 25.46, 25.503, 25.564, 25.7, 25.813, 25.864, 25.656, 25.94, 26.289, 25.718, 24.944, 24.554, 24.299, 24.134, 23.915, 23.453, 22.565, 20.766, 20.168, 19.71, 19.319, 19.143, 18.604, 18.588, 18.131, 17.616, 16.935, 15.514, 14.261, 13.355, 12.289, 11.464, 10.798, 9.636, 8.258, 7.81, 6.806, 3.56, 0.0, 3.233, 5.501, 6.302, 6.59, 8.649, 11.815, 13.966, 14.907, 14.719, 14.391, 14.421, 14.749, 16.38, 16.567, 17.567, 18.555, 18.546, 19.081, 20.046, 21.16, 21.692, 22.892, 24.433, 25.304, 25.372, 25.734, 26.356, 27.057, 27.822, 28.809, 29.404, 29.535, 30.168, 30.477, 30.558, 29.816, 29.242, 29.208, 29.188, 29.026, 28.508, 28.418, 28.49], [25.101, 25.598, 25.358, 25.012, 24.89, 24.913, 24.937, 25.017, 25.103, 25.159, 24.972, 25.271, 25.658, 25.14, 24.457, 24.114, 23.891, 23.728, 23.524, 23.051, 22.101, 20.35, 19.758, 19.293, 18.989, 18.866, 18.41, 18.424, 18.049, 17.623, 17.046, 15.753, 14.56, 13.788, 12.99, 12.373, 11.758, 10.689, 9.407, 8.797, 7.839, 5.728, 3.233, 0.0, 2.812, 3.875, 4.168, 6.43, 9.895, 12.194, 13.237, 13.071, 12.701, 12.701, 13.008, 14.676, 14.78, 15.806, 16.863, 16.824, 17.333, 18.252, 19.33, 19.819, 21.023, 22.626, 23.59, 23.708, 24.124, 24.828, 25.666, 26.552, 27.636, 28.325, 28.551, 29.157, 29.455, 29.623, 28.905, 28.324, 28.287, 28.25, 28.091, 27.581, 27.475, 27.539], [24.732, 25.196, 24.967, 24.616, 24.46, 24.49, 24.487, 24.516, 24.574, 24.622, 24.468, 24.768, 25.164, 24.682, 24.092, 23.825, 23.665, 23.533, 23.343, 22.863, 21.882, 20.256, 19.691, 19.173, 18.939, 18.811, 18.406, 18.417, 18.084, 17.712, 17.22, 16.068, 15.004, 14.336, 13.731, 13.278, 12.73, 11.791, 10.662, 9.971, 9.039, 7.362, 5.501, 2.812, 0.0, 1.433, 1.892, 4.584, 8.405, 10.916, 12.035, 11.809, 11.392, 11.358, 11.634, 13.234, 13.324, 14.471, 15.614, 15.636, 16.149, 17.037, 18.117, 18.629, 19.91, 21.525, 22.424, 22.507, 22.938, 23.719, 24.642, 25.614, 26.784, 27.528, 27.794, 28.432, 28.728, 28.916, 28.184, 27.582, 27.544, 27.492, 27.332, 26.828, 26.737, 26.817], [24.451, 24.91, 24.692, 24.344, 24.179, 24.212, 24.207, 24.224, 24.274, 24.321, 24.184, 24.493, 24.895, 24.422, 23.859, 23.614, 23.471, 23.359, 23.182, 22.704, 21.718, 20.137, 19.598, 19.091, 18.856, 18.714, 18.329, 18.334, 18.004, 17.632, 17.17, 16.077, 15.084, 14.477, 13.943, 13.549, 13.021, 12.125, 11.04, 10.3, 9.405, 7.961, 6.302, 3.875, 1.433, 0.0, 0.829, 3.858, 7.784, 10.346, 11.525, 11.302, 10.853, 10.813, 11.092, 12.708, 12.795, 13.939, 15.14, 15.206, 15.739, 16.625, 17.718, 18.264, 19.583, 21.174, 22.015, 22.066, 22.495, 23.314, 24.275, 25.282, 26.484, 27.247, 27.518, 28.162, 28.459, 28.644, 27.892, 27.276, 27.241, 27.18, 27.003, 26.494, 26.419, 26.517], [24.174, 24.614, 24.403, 24.063, 23.895, 23.93, 23.922, 23.934, 23.981, 24.026, 23.889, 24.196, 24.606, 24.147, 23.616, 23.385, 23.246, 23.122, 22.939, 22.462, 21.463, 19.88, 19.334, 18.842, 18.626, 18.475, 18.104, 18.113, 17.797, 17.429, 16.98, 15.923, 14.95, 14.37, 13.915, 13.579, 13.057, 12.169, 11.087, 10.315, 9.434, 8.152, 6.59, 4.168, 1.892, 0.829, 0.0, 3.241, 7.203, 9.769, 10.988, 10.81, 10.374, 10.351, 10.637, 12.276, 12.422, 13.524, 14.713, 14.808, 15.354, 16.231, 17.321, 17.9, 19.272, 20.863, 21.696, 21.75, 22.181, 23.02, 24.001, 25.03, 26.257, 27.031, 27.307, 27.95, 28.251, 28.437, 27.659, 27.023, 26.993, 26.92, 26.725, 26.211, 26.148, 26.266], [23.135, 23.498, 23.349, 23.058, 22.864, 22.905, 22.869, 22.834, 22.846, 22.877, 22.737, 23.003, 23.431, 23.063, 22.735, 22.628, 22.549, 22.382, 22.158, 21.662, 20.564, 19.042, 18.464, 17.952, 17.894, 17.683, 17.397, 17.391, 17.137, 16.849, 16.528, 15.74, 14.977, 14.519, 14.36, 14.238, 13.769, 12.976, 11.993, 11.123, 10.361, 9.792, 8.649, 6.43, 4.584, 3.858, 3.241, 0.0, 4.089, 6.867, 8.287, 8.274, 7.989, 8.082, 8.337, 9.903, 10.41, 11.452, 12.526, 12.787, 13.424, 14.317, 15.417, 16.095, 17.708, 19.277, 20.018, 20.075, 20.513, 21.471, 22.593, 23.786, 25.149, 25.983, 26.278, 26.93, 27.245, 27.43, 26.534, 25.801, 25.785, 25.667, 25.409, 24.865, 24.889, 25.119], [22.349, 22.617, 22.556, 22.341, 22.114, 22.158, 22.083, 21.979, 21.94, 21.952, 21.813, 22.003, 22.423, 22.158, 22.097, 22.166, 22.169, 21.949, 21.705, 21.222, 20.031, 18.627, 17.973, 17.426, 17.531, 17.222, 17.06, 17.032, 16.859, 16.695, 16.572, 16.158, 15.706, 15.442, 15.636, 15.732, 15.325, 14.693, 13.906, 13.007, 12.442, 12.572, 11.815, 9.895, 8.405, 7.784, 7.203, 4.089, 0.0, 3.198, 5.097, 5.582, 5.684, 6.024, 6.207, 7.609, 8.884, 9.672, 10.464, 11.021, 11.752, 12.603, 13.641, 14.398, 16.24, 17.715, 18.324, 18.383, 18.814, 19.911, 21.196, 22.581, 24.099, 25.006, 25.331, 25.988, 26.312, 26.506, 25.499, 24.678, 24.682, 24.501, 24.167, 23.611, 23.754, 24.118], [22.092, 22.258, 22.239, 22.064, 21.811, 21.849, 21.764, 21.642, 21.579, 21.579, 21.439, 21.568, 21.951, 21.708, 21.787, 21.957, 21.986, 21.719, 21.5, 21.074, 19.833, 18.454, 17.791, 17.316, 17.47, 17.142, 17.094, 17.048, 16.942, 16.861, 16.859, 16.69, 16.417, 16.273, 16.689, 16.924, 16.528, 15.985, 15.316, 14.421, 14.002, 14.532, 13.966, 12.194, 10.916, 10.346, 9.769, 6.867, 3.198, 0.0, 2.623, 4.061, 4.569, 5.174, 5.452, 6.837, 8.544, 8.934, 9.619, 10.341, 11.106, 11.929, 12.917, 13.76, 15.705, 17.062, 17.612, 17.687, 18.103, 19.289, 20.669, 22.141, 23.724, 24.664, 24.999, 25.625, 25.937, 26.132, 25.073, 24.209, 24.228, 24.002, 23.603, 23.041, 23.261, 23.72], [22.238, 22.323, 22.311, 22.146, 21.879, 21.919, 21.839, 21.734, 21.677, 21.659, 21.512, 21.602, 21.939, 21.689, 21.815, 22.018, 22.065, 21.81, 21.607, 21.246, 20.0, 18.604, 17.931, 17.527, 17.688, 17.349, 17.357, 17.286, 17.206, 17.152, 17.197, 17.155, 16.947, 16.79, 17.241, 17.494, 17.08, 16.58, 15.987, 15.123, 14.766, 15.376, 14.907, 13.237, 12.035, 11.525, 10.988, 8.287, 5.097, 2.623, 0.0, 2.342, 3.393, 4.182, 4.603, 6.082, 8.303, 8.625, 9.332, 10.07, 10.824, 11.712, 12.771, 13.708, 15.697, 16.979, 17.516, 17.619, 18.021, 19.261, 20.717, 22.242, 23.836, 24.775, 25.085, 25.701, 26.011, 26.182, 25.078, 24.195, 24.227, 23.982, 23.562, 22.998, 23.295, 23.823], [22.526, 22.612, 22.606, 22.442, 22.175, 22.224, 22.149, 22.042, 21.989, 21.966, 21.819, 21.918, 22.246, 21.974, 22.057, 22.23, 22.292, 22.137, 21.955, 21.575, 20.361, 19.021, 18.409, 17.992, 18.172, 17.823, 17.782, 17.7, 17.591, 17.513, 17.557, 17.506, 17.277, 17.063, 17.419, 17.594, 17.153, 16.645, 16.066, 15.204, 14.775, 15.232, 14.719, 13.071, 11.809, 11.302, 10.81, 8.274, 5.582, 4.061, 2.342, 0.0, 1.77, 2.943, 3.592, 5.241, 7.73, 8.484, 9.309, 9.998, 10.762, 11.696, 12.875, 13.865, 15.818, 17.077, 17.573, 17.677, 18.095, 19.347, 20.833, 22.387, 23.989, 24.936, 25.246, 25.889, 26.204, 26.359, 25.255, 24.382, 24.41, 24.176, 23.773, 23.201, 23.508, 24.033], [22.662, 22.777, 22.757, 22.567, 22.299, 22.348, 22.269, 22.154, 22.101, 22.081, 21.943, 22.063, 22.395, 22.1, 22.132, 22.282, 22.348, 22.249, 22.149, 21.798, 20.599, 19.269, 18.721, 18.327, 18.467, 18.173, 18.123, 18.04, 17.928, 17.839, 17.877, 17.768, 17.474, 17.231, 17.516, 17.623, 17.152, 16.605, 15.997, 15.128, 14.672, 15.011, 14.391, 12.701, 11.392, 10.853, 10.374, 7.989, 5.684, 4.569, 3.393, 1.77, 0.0, 1.696, 2.725, 4.856, 7.202, 8.183, 9.31, 9.929, 10.682, 11.644, 12.886, 13.918, 15.816, 17.083, 17.59, 17.688, 18.12, 19.364, 20.847, 22.396, 23.99, 24.949, 25.28, 25.954, 26.291, 26.465, 25.405, 24.561, 24.583, 24.361, 23.966, 23.39, 23.664, 24.157], [22.856, 22.996, 22.965, 22.749, 22.468, 22.504, 22.409, 22.269, 22.211, 22.195, 22.065, 22.197, 22.524, 22.214, 22.217, 22.356, 22.437, 22.361, 22.31, 22.03, 20.878, 19.579, 19.032, 18.62, 18.748, 18.486, 18.489, 18.413, 18.304, 18.211, 18.242, 18.093, 17.745, 17.501, 17.777, 17.838, 17.344, 16.786, 16.145, 15.288, 14.854, 15.116, 14.421, 12.701, 11.358, 10.813, 10.351, 8.082, 6.024, 5.174, 4.182, 2.943, 1.696, 0.0, 1.571, 4.365, 6.775, 7.85, 9.129, 9.745, 10.423, 11.385, 12.654, 13.712, 15.559, 16.843, 17.382, 17.485, 17.927, 19.165, 20.637, 22.177, 23.769, 24.747, 25.11, 25.812, 26.161, 26.35, 25.338, 24.533, 24.551, 24.344, 23.971, 23.409, 23.669, 24.137], [22.865, 23.014, 22.998, 22.786, 22.493, 22.517, 22.395, 22.23, 22.172, 22.154, 22.026, 22.155, 22.488, 22.19, 22.206, 22.374, 22.489, 22.419, 22.374, 22.105, 20.974, 19.765, 19.207, 18.73, 18.887, 18.634, 18.684, 18.635, 18.557, 18.495, 18.554, 18.427, 18.112, 17.89, 18.181, 18.241, 17.747, 17.189, 16.548, 15.684, 15.271, 15.508, 14.749, 13.008, 11.634, 11.092, 10.637, 8.337, 6.207, 5.452, 4.603, 3.592, 2.725, 1.571, 0.0, 3.433, 6.289, 7.433, 8.676, 9.347, 9.959, 10.855, 12.119, 13.196, 15.055, 16.327, 16.828, 16.962, 17.458, 18.697, 20.162, 21.721, 23.347, 24.363, 24.749, 25.484, 25.856, 26.054, 25.039, 24.25, 24.269, 24.07, 23.724, 23.17, 23.435, 23.901], [22.735, 22.795, 22.82, 22.654, 22.328, 22.342, 22.168, 21.935, 21.867, 21.827, 21.698, 21.783, 22.098, 21.894, 22.064, 22.331, 22.507, 22.46, 22.394, 22.094, 20.933, 20.045, 19.742, 19.181, 19.573, 19.397, 19.507, 19.446, 19.426, 19.439, 19.568, 19.573, 19.389, 19.212, 19.577, 19.705, 19.241, 18.688, 18.089, 17.224, 16.844, 17.117, 16.38, 14.676, 13.234, 12.708, 12.276, 9.903, 7.609, 6.837, 6.082, 5.241, 4.856, 4.365, 3.433, 0.0, 4.553, 6.488, 7.678, 8.545, 9.156, 9.963, 11.196, 12.406, 14.487, 15.674, 15.854, 15.96, 16.525, 17.819, 19.344, 21.046, 22.81, 23.895, 24.275, 25.081, 25.517, 25.706, 24.586, 23.745, 23.771, 23.549, 23.192, 22.622, 22.934, 23.438], [22.601, 22.682, 22.664, 22.435, 22.071, 22.052, 21.875, 21.656, 21.612, 21.585, 21.479, 21.644, 21.99, 21.761, 21.837, 22.012, 22.139, 22.132, 22.11, 21.804, 20.661, 19.921, 20.063, 19.609, 20.02, 20.136, 20.266, 20.184, 20.162, 20.144, 20.217, 20.092, 19.796, 19.64, 19.989, 20.124, 19.639, 18.985, 18.289, 17.426, 17.02, 17.325, 16.567, 14.78, 13.324, 12.795, 12.422, 10.41, 8.884, 8.544, 8.303, 7.73, 7.202, 6.775, 6.289, 4.553, 0.0, 4.278, 6.913, 7.573, 8.286, 9.214, 10.631, 12.061, 14.161, 15.463, 15.709, 15.747, 16.323, 17.53, 18.967, 20.641, 22.432, 23.607, 24.04, 24.739, 25.138, 25.393, 24.366, 23.57, 23.572, 23.379, 23.017, 22.407, 22.63, 23.078], [21.698, 21.777, 21.74, 21.478, 21.113, 21.11, 20.971, 20.797, 20.735, 20.706, 20.599, 20.796, 21.186, 20.908, 20.953, 21.112, 21.238, 21.199, 21.176, 20.913, 19.805, 19.052, 19.178, 18.926, 19.285, 19.411, 19.647, 19.564, 19.609, 19.613, 19.751, 19.804, 19.648, 19.617, 20.119, 20.336, 19.891, 19.296, 18.62, 17.767, 17.439, 18.092, 17.567, 15.806, 14.471, 13.939, 13.524, 11.452, 9.672, 8.934, 8.625, 8.484, 8.183, 7.85, 7.433, 6.488, 4.278, 0.0, 4.009, 5.172, 6.182, 7.34, 8.853, 10.641, 13.224, 14.723, 15.151, 15.179, 15.655, 16.86, 18.352, 20.077, 21.958, 23.224, 23.654, 24.091, 24.35, 24.653, 23.541, 22.649, 22.661, 22.444, 22.032, 21.392, 21.617, 22.144], [21.244, 21.321, 21.345, 21.138, 20.783, 20.782, 20.619, 20.39, 20.289, 20.258, 20.134, 20.298, 20.708, 20.479, 20.603, 20.815, 20.994, 20.933, 20.847, 20.564, 19.532, 18.989, 18.992, 18.64, 19.215, 19.265, 19.493, 19.425, 19.512, 19.587, 19.78, 20.0, 19.99, 20.014, 20.627, 20.929, 20.529, 19.994, 19.36, 18.544, 18.276, 19.013, 18.555, 16.863, 15.614, 15.14, 14.713, 12.526, 10.464, 9.619, 9.332, 9.309, 9.31, 9.129, 8.676, 7.678, 6.913, 4.009, 0.0, 2.695, 4.302, 5.624, 6.999, 8.802, 11.968, 13.682, 14.127, 14.219, 14.649, 15.829, 17.387, 19.227, 21.231, 22.56, 22.97, 23.339, 23.551, 23.867, 22.639, 21.63, 21.648, 21.412, 21.009, 20.372, 20.642, 21.23], [21.45, 21.592, 21.609, 21.381, 21.022, 21.007, 20.855, 20.665, 20.608, 20.602, 20.476, 20.67, 21.102, 20.87, 20.93, 21.063, 21.156, 21.081, 21.011, 20.724, 19.73, 19.268, 19.4, 19.079, 19.661, 19.85, 20.084, 20.014, 20.09, 20.143, 20.288, 20.452, 20.369, 20.328, 20.861, 21.11, 20.695, 20.114, 19.431, 18.626, 18.35, 19.048, 18.546, 16.824, 15.636, 15.206, 14.808, 12.787, 11.021, 10.341, 10.07, 9.998, 9.929, 9.745, 9.347, 8.545, 7.573, 5.172, 2.695, 0.0, 2.232, 4.234, 5.949, 7.838, 11.169, 13.112, 13.85, 14.111, 14.656, 15.869, 17.477, 19.349, 21.355, 22.696, 23.141, 23.454, 23.612, 23.952, 22.809, 21.814, 21.818, 21.596, 21.186, 20.543, 20.788, 21.34], [21.82, 22.0, 22.036, 21.81, 21.453, 21.432, 21.277, 21.1, 21.068, 21.071, 20.948, 2