[[0.0, 3.083, 6.148, 7.535, 9.078, 10.149, 11.043, 11.99, 12.156, 12.217, 12.698, 13.489, 14.444, 14.927, 15.114, 16.144, 17.337, 17.669, 17.832, 17.959, 17.723, 17.611, 17.755, 17.765, 18.043, 18.423, 18.889, 19.479, 19.707, 20.214, 21.308, 22.077, 22.476, 22.333, 22.255, 22.292, 22.194, 21.944, 21.95, 21.886, 21.919, 22.229, 22.142, 21.834, 21.884, 22.0, 21.86, 21.748, 21.628, 21.421, 21.155, 21.081, 20.803, 20.333, 20.748, 21.187, 20.994, 20.989, 20.777, 20.283, 20.057, 19.883, 19.871, 19.878, 19.655, 19.25, 19.068, 18.916, 18.866, 18.719, 18.412, 18.404, 18.392, 18.361, 18.171, 17.873, 17.771, 18.046, 18.019, 18.09, 18.582, 19.338, 19.617, 19.304, 19.374, 19.831], [3.083, 0.0, 3.72, 5.902, 7.969, 9.107, 10.229, 11.369, 11.594, 11.663, 12.116, 12.887, 13.861, 14.393, 14.642, 15.768, 17.004, 17.341, 17.55, 17.704, 17.445, 17.322, 17.508, 17.525, 17.782, 18.151, 18.651, 19.305, 19.544, 20.03, 21.141, 21.966, 22.401, 22.264, 22.192, 22.263, 22.212, 21.958, 21.944, 21.896, 21.9, 22.182, 22.11, 21.817, 21.871, 22.003, 21.886, 21.782, 21.663, 21.443, 21.161, 21.072, 20.832, 20.374, 20.797, 21.296, 21.104, 21.099, 20.889, 20.385, 20.167, 19.986, 19.974, 19.99, 19.761, 19.316, 19.098, 18.938, 18.89, 18.758, 18.471, 18.509, 18.551, 18.558, 18.388, 18.095, 17.993, 18.256, 18.242, 18.331, 18.808, 19.539, 19.842, 19.568, 19.64, 20.079], [6.148, 3.72, 0.0, 3.652, 6.892, 8.083, 9.495, 10.924, 11.212, 11.232, 11.536, 12.141, 13.031, 13.604, 13.956, 15.149, 16.399, 16.751, 17.025, 17.202, 16.911, 16.824, 17.09, 17.106, 17.325, 17.687, 18.27, 19.023, 19.287, 19.732, 20.836, 21.758, 22.255, 22.128, 22.067, 22.177, 22.203, 21.964, 21.935, 21.909, 21.885, 22.14, 22.086, 21.823, 21.891, 22.041, 21.953, 21.876, 21.734, 21.471, 21.162, 21.012, 20.797, 20.367, 20.806, 21.383, 21.223, 21.207, 20.989, 20.488, 20.279, 20.106, 20.105, 20.134, 19.904, 19.423, 19.152, 18.962, 18.903, 18.789, 18.545, 18.635, 18.738, 18.784, 18.638, 18.357, 18.267, 18.511, 18.498, 18.616, 19.105, 19.814, 20.136, 19.916, 19.998, 20.441], [7.535, 5.902, 3.652, 0.0, 4.348, 6.245, 7.782, 9.36, 9.65, 9.655, 9.944, 10.548, 11.567, 12.307, 12.69, 13.823, 15.161, 15.582, 15.899, 16.087, 15.749, 15.651, 15.936, 15.931, 16.175, 16.621, 17.284, 18.116, 18.399, 18.827, 19.957, 20.967, 21.522, 21.396, 21.336, 21.468, 21.544, 21.337, 21.347, 21.333, 21.329, 21.65, 21.611, 21.325, 21.41, 21.556, 21.449, 21.364, 21.19, 20.881, 20.502, 20.27, 20.021, 19.556, 20.074, 20.787, 20.681, 20.577, 20.29, 19.732, 19.507, 19.356, 19.372, 19.403, 19.148, 18.625, 18.316, 18.073, 17.996, 17.868, 17.658, 17.884, 18.119, 18.208, 18.016, 17.633, 17.536, 17.828, 17.832, 18.002, 18.53, 19.296, 19.693, 19.523, 19.647, 20.143], [9.078, 7.969, 6.892, 4.348, 0.0, 3.283, 5.675, 7.422, 7.767, 7.77, 8.183, 9.021, 10.355, 11.232, 11.536, 12.679, 14.199, 14.709, 15.053, 15.264, 14.9, 14.789, 15.077, 15.056, 15.322, 15.886, 16.646, 17.569, 17.948, 18.406, 19.548, 20.611, 21.217, 21.084, 21.006, 21.157, 21.253, 21.083, 21.209, 21.208, 21.197, 21.559, 21.543, 21.243, 21.334, 21.474, 21.337, 21.248, 21.095, 20.784, 20.372, 20.117, 19.828, 19.355, 19.924, 20.705, 20.686, 20.556, 20.226, 19.624, 19.35, 19.187, 19.214, 19.253, 18.987, 18.428, 18.075, 17.799, 17.731, 17.591, 17.382, 17.666, 17.967, 18.1, 17.909, 17.461, 17.318, 17.625, 17.664, 17.879, 18.402, 19.173, 19.633, 19.519, 19.665, 20.188], [10.149, 9.107, 8.083, 6.245, 3.283, 0.0, 3.839, 6.317, 6.777, 6.741, 7.238, 8.283, 9.787, 10.694, 11.0, 12.185, 13.742, 14.272, 14.616, 14.823, 14.455, 14.384, 14.704, 14.677, 14.928, 15.537, 16.385, 17.386, 17.83, 18.317, 19.454, 20.515, 21.121, 20.987, 20.929, 21.113, 21.243, 21.079, 21.22, 21.266, 21.259, 21.604, 21.608, 21.331, 21.425, 21.595, 21.489, 21.42, 21.266, 20.952, 20.54, 20.262, 19.96, 19.478, 20.049, 20.821, 20.818, 20.711, 20.384, 19.795, 19.51, 19.326, 19.35, 19.391, 19.128, 18.559, 18.178, 17.893, 17.822, 17.679, 17.481, 17.777, 18.079, 18.225, 18.069, 17.646, 17.502, 17.8, 17.85, 18.06, 18.583, 19.357, 19.83, 19.742, 19.894, 20.427], [11.043, 10.229, 9.495, 7.782, 5.675, 3.839, 0.0, 3.155, 3.819, 3.967, 4.957, 6.567, 8.549, 9.713, 10.027, 11.155, 12.802, 13.382, 13.708, 13.892, 13.524, 13.424, 13.7, 13.656, 13.939, 14.651, 15.59, 16.611, 17.028, 17.522, 18.718, 19.813, 20.459, 20.33, 20.269, 20.458, 20.576, 20.426, 20.576, 20.656, 20.788, 21.271, 21.307, 21.019, 21.104, 21.262, 21.13, 21.038, 20.871, 20.53, 20.056, 19.743, 19.444, 18.955, 19.599, 20.399, 20.464, 20.38, 19.997, 19.386, 19.113, 18.952, 18.974, 19.014, 18.74, 18.142, 17.731, 17.435, 17.375, 17.212, 17.005, 17.384, 17.764, 17.931, 17.752, 17.281, 17.127, 17.446, 17.506, 17.746, 18.304, 19.118, 19.62, 19.537, 19.707, 20.265], [11.99, 11.369, 10.924, 9.36, 7.422, 6.317, 3.155, 0.0, 1.16, 2.092, 3.923, 6.078, 8.34, 9.6, 9.802, 10.864, 12.599, 13.21, 13.506, 13.668, 13.317, 13.107, 13.296, 13.246, 13.551, 14.34, 15.298, 16.266, 16.635, 17.09, 18.29, 19.423, 20.132, 20.024, 19.938, 20.111, 20.192, 20.064, 20.272, 20.342, 20.587, 21.223, 21.292, 20.987, 21.061, 21.173, 20.978, 20.861, 20.719, 20.376, 19.856, 19.559, 19.303, 18.852, 19.527, 20.339, 20.476, 20.409, 19.997, 19.379, 19.115, 18.973, 19.001, 19.05, 18.781, 18.178, 17.755, 17.461, 17.411, 17.237, 17.025, 17.42, 17.827, 18.005, 17.824, 17.347, 17.181, 17.489, 17.545, 17.797, 18.332, 19.114, 19.605, 19.524, 19.698, 20.245], [12.156, 11.594, 11.212, 9.65, 7.767, 6.777, 3.819, 1.16, 0.0, 1.554, 3.735, 6.014, 8.332, 9.632, 9.822, 10.838, 12.574, 13.184, 13.469, 13.627, 13.272, 13.039, 13.217, 13.169, 13.487, 14.294, 15.25, 16.204, 16.556, 17.005, 18.205, 19.342, 20.063, 19.966, 19.888, 20.061, 20.141, 20.024, 20.242, 20.304, 20.56, 21.229, 21.304, 20.99, 21.062, 21.159, 20.955, 20.833, 20.693, 20.351, 19.821, 19.524, 19.271, 18.827, 19.51, 20.321, 20.458, 20.383, 19.963, 19.348, 19.085, 18.949, 18.977, 19.027, 18.756, 18.154, 17.734, 17.435, 17.376, 17.195, 16.985, 17.386, 17.797, 17.973, 17.78, 17.294, 17.127, 17.436, 17.489, 17.743, 18.277, 19.064, 19.556, 19.473, 19.648, 20.193], [12.217, 11.663, 11.232, 9.655, 7.77, 6.741, 3.967, 2.092, 1.554, 0.0, 2.438, 5.007, 7.55, 8.948, 9.169, 10.227, 12.018, 12.667, 12.98, 13.146, 12.78, 12.62, 12.872, 12.823, 13.124, 13.935, 14.937, 15.953, 16.353, 16.848, 18.07, 19.216, 19.933, 19.813, 19.731, 19.912, 20.008, 19.896, 20.115, 20.175, 20.414, 21.061, 21.115, 20.791, 20.875, 21.003, 20.825, 20.72, 20.573, 20.219, 19.683, 19.349, 19.032, 18.563, 19.262, 20.05, 20.159, 20.094, 19.672, 19.057, 18.786, 18.649, 18.681, 18.728, 18.461, 17.865, 17.45, 17.153, 17.102, 16.926, 16.715, 17.11, 17.518, 17.69, 17.485, 17.013, 16.874, 17.21, 17.268, 17.522, 18.076, 18.887, 19.387, 19.302, 19.49, 20.082], [12.698, 12.116, 11.536, 9.944, 8.183, 7.238, 4.957, 3.923, 3.735, 2.438, 0.0, 2.971, 5.969, 7.581, 7.884, 9.057, 10.935, 11.648, 12.038, 12.222, 11.843, 11.778, 12.139, 12.095, 12.35, 13.149, 14.256, 15.394, 15.878, 16.438, 17.686, 18.856, 19.57, 19.412, 19.306, 19.497, 19.629, 19.538, 19.766, 19.836, 20.059, 20.65, 20.663, 20.338, 20.455, 20.666, 20.565, 20.505, 20.348, 19.978, 19.445, 19.051, 18.627, 18.123, 18.841, 19.593, 19.677, 19.622, 19.211, 18.61, 18.33, 18.201, 18.248, 18.301, 18.049, 17.463, 17.046, 16.758, 16.741, 16.599, 16.406, 16.798, 17.21, 17.379, 17.174, 16.76, 16.673, 17.032, 17.099, 17.355, 17.918, 18.725, 19.222, 19.137, 19.329, 19.963], [13.489, 12.887, 12.141, 10.548, 9.021, 8.283, 6.567, 6.078, 6.014, 5.007, 2.971, 0.0, 3.445, 5.507, 6.01, 7.296, 9.228, 9.963, 10.472, 10.714, 10.332, 10.482, 11.045, 11.051, 11.274, 11.99, 13.194, 14.491, 15.066, 15.712, 17.007, 18.193, 18.901, 18.705, 18.588, 18.8, 18.992, 18.925, 19.161, 19.255, 19.464, 19.978, 19.948, 19.645, 19.809, 20.148, 20.194, 20.202, 20.026, 19.659, 19.156, 18.718, 18.196, 17.658, 18.388, 19.098, 19.156, 19.096, 18.707, 18.138, 17.877, 17.792, 17.868, 17.93, 17.702, 17.138, 16.706, 16.419, 16.439, 16.349, 16.214, 16.64, 17.044, 17.202, 16.992, 16.653, 16.644, 17.027, 17.106, 17.383, 17.969, 18.768, 19.26, 19.18, 19.366, 20.019], [14.444, 13.861, 13.031, 11.567, 10.355, 9.787, 8.549, 8.34, 8.332, 7.55, 5.969, 3.445, 0.0, 2.654, 3.684, 5.212, 7.17, 7.869, 8.515, 8.887, 8.522, 8.978, 9.858, 9.958, 10.16, 10.673, 11.897, 13.364, 14.072, 14.862, 16.223, 17.367, 18.033, 17.801, 17.68, 17.927, 18.208, 18.15, 18.36, 18.489, 18.665, 19.076, 19.011, 18.752, 18.956, 19.443, 19.717, 19.868, 19.674, 19.319, 18.861, 18.371, 17.802, 17.287, 18.004, 18.656, 18.715, 18.651, 18.279, 17.769, 17.553, 17.537, 17.65, 17.719, 17.521, 17.02, 16.585, 16.293, 16.334, 16.281, 16.225, 16.684, 17.022, 17.135, 16.932, 16.695, 16.798, 17.199, 17.284, 17.589, 18.204, 18.984, 19.464, 19.387, 19.58, 20.277], [14.927, 14.393, 13.604, 12.307, 11.232, 10.694, 9.713, 9.6, 9.632, 8.948, 7.581, 5.507, 2.654, 0.0, 1.819, 4.249, 6.356, 7.068, 7.799, 8.269, 7.968, 8.548, 9.543, 9.674, 9.79, 10.144, 11.409, 12.965, 13.805, 14.757, 16.144, 17.194, 17.788, 17.527, 17.391, 17.653, 17.986, 17.913, 18.094, 18.233, 18.347, 18.643, 18.555, 18.328, 18.546, 19.097, 19.498, 19.786, 19.62, 19.249, 18.803, 18.252, 17.675, 17.228, 17.868, 18.451, 18.566, 18.541, 18.193, 17.733, 17.501, 17.483, 17.603, 17.673, 17.506, 17.074, 16.665, 16.382, 16.436, 16.387, 16.331, 16.739, 16.984, 17.051, 16.894, 16.779, 16.932, 17.31, 17.391, 17.705, 18.318, 19.05, 19.499, 19.428, 19.642, 20.391], [15.114, 14.642, 13.956, 12.69, 11.536, 11.0, 10.027, 9.802, 9.822, 9.169, 7.884, 6.01, 3.684, 1.819, 0.0, 3.302, 5.852, 6.688, 7.457, 7.942, 7.68, 8.207, 9.141, 9.263, 9.371, 9.779, 11.118, 12.683, 13.569, 14.597, 16.005, 17.061, 17.674, 17.414, 17.256, 17.501, 17.822, 17.756, 17.97, 18.094, 18.192, 18.51, 18.445, 18.218, 18.44, 18.984, 19.365, 19.67, 19.544, 19.192, 18.755, 18.207, 17.622, 17.159, 17.74, 18.328, 18.499, 18.469, 18.12, 17.656, 17.415, 17.391, 17.507, 17.582, 17.421, 16.983, 16.566, 16.279, 16.347, 16.291, 16.188, 16.568, 16.815, 16.894, 16.768, 16.677, 16.809, 17.164, 17.243, 17.566, 18.151, 18.836, 19.268, 19.215, 19.443, 20.207], [16.144, 15.768, 15.149, 13.823, 12.679, 12.185, 11.155, 10.864, 10.838, 10.227, 9.057, 7.296, 5.212, 4.249, 3.302, 0.0, 3.119, 4.414, 5.381, 5.918, 5.839, 6.674, 7.73, 7.931, 8.203, 8.699, 10.061, 11.673, 12.583, 13.638, 14.992, 15.978, 16.594, 16.334, 16.181, 16.443, 16.833, 16.872, 17.151, 17.277, 17.418, 17.834, 17.806, 17.587, 17.832, 18.474, 18.976, 19.306, 19.162, 18.892, 18.524, 17.92, 17.265, 16.75, 17.31, 17.932, 18.18, 18.095, 17.696, 17.259, 17.085, 17.155, 17.306, 17.388, 17.241, 16.8, 16.365, 16.071, 16.135, 16.078, 16.0, 16.488, 16.83, 16.936, 16.786, 16.694, 16.849, 17.201, 17.284, 17.607, 18.19, 18.867, 19.296, 19.273, 19.516, 20.255], [17.337, 17.004, 16.399, 15.161, 14.199, 13.742, 12.802, 12.599, 12.574, 12.018, 10.935, 9.228, 7.17, 6.356, 5.852, 3.119, 0.0, 1.941, 3.516, 4.244, 4.633, 6.19, 7.531, 7.891, 8.263, 8.471, 9.589, 11.204, 12.142, 13.214, 14.469, 15.268, 15.779, 15.502, 15.394, 15.708, 16.202, 16.327, 16.611, 16.776, 16.939, 17.299, 17.275, 17.139, 17.406, 18.202, 18.913, 19.309, 19.114, 18.925, 18.702, 18.067, 17.361, 16.902, 17.42, 17.943, 18.225, 18.15, 17.763, 17.434, 17.352, 17.529, 17.726, 17.81, 17.7, 17.318, 16.912, 16.639, 16.684, 16.636, 16.632, 17.163, 17.464, 17.53, 17.374, 17.374, 17.598, 17.924, 18.001, 18.309, 18.9, 19.571, 19.982, 19.956, 20.177, 20.86], [17.669, 17.341, 16.751, 15.582, 14.709, 14.272, 13.382, 13.21, 13.184, 12.667, 11.648, 9.963, 7.869, 7.068, 6.688, 4.414, 1.941, 0.0, 2.171, 3.282, 3.956, 5.877, 7.42, 7.882, 8.281, 8.195, 8.998, 10.579, 11.548, 12.654, 13.937, 14.747, 15.274, 15.011, 14.94, 15.287, 15.808, 15.926, 16.21, 16.413, 16.578, 16.903, 16.896, 16.809, 17.059, 17.879, 18.67, 19.098, 18.899, 18.743, 18.619, 18.078, 17.414, 16.991, 17.496, 17.964, 18.237, 18.188, 17.832, 17.554, 17.555, 17.789, 18.007, 18.099, 18.0, 17.647, 17.254, 16.983, 17.016, 16.968, 16.989, 17.496, 17.715, 17.737, 17.597, 17.63, 17.877, 18.186, 18.262, 18.58, 19.178, 19.839, 20.237, 20.201, 20.402, 21.065], [17.832, 17.55, 17.025, 15.899, 15.053, 14.616, 13.708, 13.506, 13.469, 12.98, 12.038, 10.472, 8.515, 7.799, 7.457, 5.381, 3.516, 2.171, 0.0, 1.668, 3.041, 5.409, 7.114, 7.615, 8.014, 7.786, 8.404, 9.94, 10.909, 12.053, 13.379, 14.181, 14.732, 14.493, 14.463, 14.826, 15.337, 15.432, 15.714, 15.938, 16.141, 16.529, 16.562, 16.485, 16.712, 17.51, 18.309, 18.745, 18.554, 18.404, 18.302, 17.812, 17.211, 16.841, 17.371, 17.811, 18.142, 18.17, 17.815, 17.557, 17.587, 17.825, 18.049, 18.147, 18.053, 17.693, 17.292, 17.018, 17.042, 16.976, 16.987, 17.49, 17.709, 17.728, 17.592, 17.61, 17.833, 18.141, 18.223, 18.576, 19.219, 19.902, 20.304, 20.263, 20.467, 21.131], [17.959, 17.704, 17.202, 16.087, 15.264, 14.823, 13.892, 13.668, 13.627, 13.146, 12.222, 10.714, 8.887, 8.269, 7.942, 5.918, 4.244, 3.282, 1.668, 0.0, 2.272, 5.077, 6.824, 7.327, 7.757, 7.55, 8.179, 9.719, 10.655, 11.763, 13.067, 13.839, 14.386, 14.154, 14.15, 14.52, 15.015, 15.093, 15.372, 15.612, 15.875, 16.335, 16.395, 16.324, 16.553, 17.356, 18.149, 18.579, 18.386, 18.241, 18.143, 17.635, 17.034, 16.702, 17.261, 17.713, 18.079, 18.122, 17.768, 17.513, 17.524, 17.75, 17.979, 18.075, 17.978, 17.606, 17.199, 16.925, 16.939, 16.867, 16.885, 17.42, 17.681, 17.719, 17.577, 17.589, 17.809, 18.13, 18.218, 18.581, 19.244, 19.944, 20.351, 20.309, 20.511, 21.167], [17.723, 17.445, 16.911, 15.749, 14.9, 14.455, 13.524, 13.317, 13.272, 12.78, 11.843, 10.332, 8.522, 7.968, 7.68, 5.839, 4.633, 3.956, 3.041, 2.272, 0.0, 3.586, 5.759, 6.242, 6.763, 6.74, 7.523, 9.198, 10.188, 11.266, 12.623, 13.512, 14.133, 13.926, 13.943, 14.316, 14.796, 14.854, 15.144, 15.4, 15.668, 16.172, 16.246, 16.155, 16.389, 17.176, 17.942, 18.37, 18.191, 18.037, 17.917, 17.406, 16.797, 16.471, 17.124, 17.721, 18.075, 18.087, 17.742, 17.431, 17.417, 17.635, 17.864, 17.961, 17.849, 17.469, 17.059, 16.77, 16.783, 16.718, 16.736, 17.266, 17.544, 17.592, 17.431, 17.385, 17.584, 17.922, 18.01, 18.387, 19.054, 19.757, 20.165, 20.12, 20.323, 20.995], [17.611, 17.322, 16.824, 15.651, 14.789, 14.384, 13.424, 13.107, 13.039, 12.62, 11.778, 10.482, 8.978, 8.548, 8.207, 6.674, 6.19, 5.877, 5.409, 5.077, 3.586, 0.0, 2.704, 3.51, 4.568, 5.126, 6.2, 7.971, 8.952, 9.933, 11.392, 12.501, 13.282, 13.228, 13.265, 13.616, 14.067, 14.19, 14.599, 14.852, 15.123, 15.823, 15.97, 15.832, 16.041, 16.674, 17.338, 17.77, 17.628, 17.494, 17.36, 16.871, 16.363, 16.112, 16.827, 17.764, 18.217, 18.099, 17.722, 17.324, 17.284, 17.526, 17.767, 17.895, 17.764, 17.392, 16.996, 16.674, 16.697, 16.638, 16.605, 17.103, 17.399, 17.463, 17.32, 17.204, 17.353, 17.675, 17.766, 18.133, 18.688, 19.31, 19.714, 19.691, 19.903, 20.569], [17.755, 17.508, 17.09, 15.936, 15.077, 14.704, 13.7, 13.296, 13.217, 12.872, 12.139, 11.045, 9.858, 9.543, 9.141, 7.73, 7.531, 7.42, 7.114, 6.824, 5.759, 2.704, 0.0, 1.608, 3.53, 4.74, 6.049, 7.741, 8.642, 9.488, 10.898, 12.03, 12.873, 12.919, 12.922, 13.241, 13.655, 13.844, 14.346, 14.596, 14.908, 15.743, 15.953, 15.788, 15.988, 16.488, 17.013, 17.42, 17.311, 17.197, 17.044, 16.55, 16.107, 15.936, 16.644, 17.761, 18.355, 18.175, 17.755, 17.313, 17.227, 17.47, 17.706, 17.845, 17.704, 17.34, 16.971, 16.648, 16.692, 16.636, 16.549, 17.021, 17.342, 17.425, 17.312, 17.18, 17.294, 17.594, 17.687, 18.032, 18.49, 19.038, 19.428, 19.427, 19.654, 20.298], [17.765, 17.525, 17.106, 15.931, 15.056, 14.677, 13.656, 13.246, 13.169, 12.823, 12.095, 11.051, 9.958, 9.674, 9.263, 7.931, 7.891, 7.882, 7.615, 7.327, 6.242, 3.51, 1.608, 0.0, 2.511, 4.28, 5.931, 7.729, 8.671, 9.525, 10.924, 12.037, 12.887, 12.954, 12.963, 13.278, 13.7, 13.912, 14.432, 14.682, 14.992, 15.853, 16.075, 15.897, 16.111, 16.594, 17.071, 17.464, 17.375, 17.248, 17.051, 16.518, 16.06, 15.891, 16.614, 17.768, 18.406, 18.252, 17.822, 17.38, 17.287, 17.502, 17.717, 17.844, 17.691, 17.321, 16.966, 16.65, 16.689, 16.622, 16.516, 16.98, 17.331, 17.424, 17.306, 17.141, 17.225, 17.524, 17.615, 17.969, 18.441, 19.0, 19.384, 19.38, 19.618, 20.274], [18.043, 17.782, 17.325, 16.175, 15.322, 14.928, 13.939, 13.551, 13.487, 13.124, 12.35, 11.274, 10.16, 9.79, 9.371, 8.203, 8.263, 8.281, 8.014, 7.757, 6.763, 4.568, 3.53, 2.511, 0.0, 2.694, 5.27, 7.349, 8.457, 9.522, 11.017, 12.024, 12.762, 12.777, 12.769, 13.086, 13.563, 13.794, 14.324, 14.594, 14.845, 15.641, 15.858, 15.693, 15.955, 16.48, 16.972, 17.397, 17.349, 17.221, 17.017, 16.438, 15.948, 15.806, 16.491, 17.66, 18.343, 18.199, 17.809, 17.432, 17.382, 17.587, 17.788, 17.91, 17.767, 17.427, 17.101, 16.807, 16.855, 16.795, 16.693, 17.128, 17.471, 17.564, 17.483, 17.364, 17.442, 17.726, 17.81, 18.174, 18.65, 19.189, 19.536, 19.527, 19.765, 20.42], [18.423, 18.151, 17.687, 16.621, 15.886, 15.537, 14.651, 14.34, 14.294, 13.935, 13.149, 11.99, 10.673, 10.144, 9.779, 8.699, 8.471, 8.195, 7.786, 7.55, 6.74, 5.126, 4.74, 4.28, 2.694, 0.0, 3.37, 5.967, 7.376, 8.827, 10.518, 11.35, 11.892, 11.844, 11.879, 12.265, 12.838, 13.031, 13.527, 13.866, 14.081, 14.769, 14.964, 14.85, 15.137, 15.755, 16.386, 16.885, 16.825, 16.725, 16.653, 16.156, 15.698, 15.616, 16.26, 17.32, 18.013, 17.913, 17.583, 17.343, 17.414, 17.679, 17.901, 18.028, 17.919, 17.652, 17.371, 17.091, 17.135, 17.081, 16.993, 17.387, 17.623, 17.652, 17.598, 17.568, 17.704, 17.984, 18.064, 18.438, 18.93, 19.461, 19.794, 19.766, 19.984, 20.629], [18.889, 18.651, 18.27, 17.284, 16.646, 16.385, 15.59, 15.298, 15.25, 14.937, 14.256, 13.194, 11.897, 11.409, 11.118, 10.061, 9.589, 8.998, 8.404, 8.179, 7.523, 6.2, 6.049, 5.931, 5.27, 3.37, 0.0, 3.199, 5.059, 6.83, 8.803, 9.674, 10.291, 10.346, 10.499, 10.915, 11.494, 11.675, 12.223, 12.602, 12.86, 13.66, 13.872, 13.781, 14.001, 14.568, 15.336, 15.893, 15.834, 15.855, 16.03, 15.815, 15.484, 15.435, 16.129, 17.158, 17.81, 17.729, 17.418, 17.278, 17.556, 17.948, 18.214, 18.357, 18.263, 18.031, 17.764, 17.472, 17.496, 17.44, 17.388, 17.747, 17.874, 17.826, 17.765, 17.756, 17.953, 18.252, 18.334, 18.726, 19.241, 19.797, 20.152, 20.117, 20.311, 20.926], [19.479, 19.305, 19.023, 18.116, 17.569, 17.386, 16.611, 16.266, 16.204, 15.953, 15.394, 14.491, 13.364, 12.965, 12.683, 11.673, 11.204, 10.579, 9.94, 9.719, 9.198, 7.971, 7.741, 7.729, 7.349, 5.967, 3.199, 0.0, 2.464, 4.838, 7.18, 8.294, 9.201, 9.436, 9.67, 10.027, 10.469, 10.689, 11.344, 11.706, 12.098, 13.177, 13.407, 13.295, 13.409, 13.758, 14.52, 15.084, 15.086, 15.249, 15.607, 15.64, 15.452, 15.434, 16.147, 17.212, 17.84, 17.735, 17.427, 17.323, 17.762, 18.263, 18.566, 18.728, 18.642, 18.426, 18.159, 17.871, 17.898, 17.838, 17.791, 18.121, 18.213, 18.133, 18.052, 18.026, 18.238, 18.531, 18.618, 19.026, 19.544, 20.097, 20.444, 20.404, 20.585, 21.154], [19.707, 19.544, 19.287, 18.399, 17.948, 17.83, 17.028, 16.635, 16.556, 16.353, 15.878, 15.066, 14.072, 13.805, 13.569, 12.583, 12.142, 11.548, 10.909, 10.655, 10.188, 8.952, 8.642, 8.671, 8.457, 7.376, 5.059, 2.464, 0.0, 3.272, 6.266, 7.74, 8.891, 9.304, 9.64, 9.947, 10.236, 10.481, 11.173, 11.506, 12.104, 13.481, 13.721, 13.56, 13.604, 13.77, 14.41, 14.897, 14.894, 15.105, 15.507, 15.658, 15.559, 15.539, 16.318, 17.434, 17.987, 17.845, 17.524, 17.397, 17.887, 18.435, 18.767, 18.953, 18.863, 18.65, 18.403, 18.119, 18.119, 18.049, 18.02, 18.395, 18.524, 18.436, 18.295, 18.182, 18.382, 18.695, 18.791, 19.209, 19.755, 20.352, 20.707, 20.649, 20.814, 21.35], [20.214, 20.03, 19.732, 18.827, 18.406, 18.317, 17.522, 17.09, 17.005, 16.848, 16.438, 15.712, 14.862, 14.757, 14.597, 13.638, 13.214, 12.654, 12.053, 11.763, 11.266, 9.933, 9.488, 9.525, 9.522, 8.827, 6.83, 4.838, 3.272, 0.0, 3.853, 6.432, 8.315, 9.011, 9.392, 9.683, 9.929, 10.249, 11.081, 11.421, 12.148, 13.785, 14.13, 13.997, 13.998, 14.003, 14.514, 14.915, 14.908, 15.156, 15.606, 15.892, 15.846, 15.841, 16.692, 17.875, 18.378, 18.175, 17.85, 17.686, 18.176, 18.745, 19.106, 19.323, 19.227, 18.976, 18.706, 18.426, 18.41, 18.354, 18.389, 18.818, 18.991, 18.93, 18.788, 18.646, 18.825, 19.125, 19.217, 19.612, 20.148, 20.751, 21.116, 21.059, 21.212, 21.705], [21.308, 21.141, 20.836, 19.957, 19.548, 19.454, 18.718, 18.29, 18.205, 18.07, 17.686, 17.007, 16.223, 16.144, 16.005, 14.992, 14.469, 13.937, 13.379, 13.067, 12.623, 11.392, 10.898, 10.924, 11.017, 10.518, 8.803, 7.18, 6.266, 3.853, 0.0, 4.034, 7.075, 8.16, 8.564, 8.91, 9.295, 9.757, 10.727, 11.123, 11.868, 13.576, 14.04, 14.015, 14.005, 13.984, 14.558, 14.988, 14.982, 15.283, 15.783, 16.082, 16.082, 16.118, 16.907, 18.095, 18.65, 18.439, 18.139, 18.016, 18.538, 19.135, 19.506, 19.723, 19.681, 19.445, 19.139, 18.88, 18.885, 18.855, 18.925, 19.362, 19.551, 19.509, 19.421, 19.382, 19.558, 19.788, 19.87, 20.248, 20.775, 21.321, 21.665, 21.654, 21.826, 22.277], [22.077, 21.966, 21.758, 20.967, 20.611, 20.515, 19.813, 19.423, 19.342, 19.216, 18.856, 18.193, 17.367, 17.194, 17.061, 15.978, 15.268, 14.747, 14.181, 13.839, 13.512, 12.501, 12.03, 12.037, 12.024, 11.35, 9.674, 8.294, 7.74, 6.432, 4.034, 0.0, 3.732, 5.4, 6.144, 6.643, 7.345, 8.068, 9.133, 9.683, 10.582, 12.366, 12.904, 12.969, 12.959, 13.06, 13.933, 14.53, 14.509, 14.919, 15.495, 15.646, 15.692, 15.895, 16.632, 17.834, 18.57, 18.426, 18.136, 18.167, 18.744, 19.386, 19.762, 19.957, 19.97, 19.822, 19.561, 19.326, 19.332, 19.309, 19.424, 19.88, 20.03, 19.956, 19.896, 19.946, 20.145, 20.345, 20.412, 20.772, 21.322, 21.869, 22.2, 22.209, 22.392, 22.807], [22.476, 22.401, 22.255, 21.522, 21.217, 21.121, 20.459, 20.132, 20.063, 19.933, 19.57, 18.901, 18.033, 17.788, 17.674, 16.594, 15.779, 15.274, 14.732, 14.386, 14.133, 13.282, 12.873, 12.887, 12.762, 11.892, 10.291, 9.201, 8.891, 8.315, 7.075, 3.732, 0.0, 2.487, 4.042, 4.764, 5.897, 6.861, 7.905, 8.594, 9.596, 11.35, 11.86, 11.965, 11.975, 12.251, 13.415, 14.151, 14.105, 14.589, 15.245, 15.263, 15.283, 15.636, 16.364, 17.553, 18.395, 18.267, 17.995, 18.156, 18.759, 19.444, 19.84, 20.03, 20.064, 19.997, 19.827, 19.63, 19.632, 19.615, 19.778, 20.262, 20.371, 20.252, 20.204, 20.306, 20.528, 20.732, 20.788, 21.123, 21.672, 22.235, 22.557, 22.555, 22.728, 23.113], [22.333, 22.264, 22.128, 21.396, 21.084, 20.987, 20.33, 20.024, 19.966, 19.813, 19.412, 18.705, 17.801, 17.527, 17.414, 16.334, 15.502, 15.011, 14.493, 14.154, 13.926, 13.228, 12.919, 12.954, 12.777, 11.844, 10.346, 9.436, 9.304, 9.011, 8.16, 5.4, 2.487, 0.0, 2.229, 3.323, 4.759, 5.732, 6.814, 7.647, 8.727, 10.432, 10.911, 11.038, 11.088, 11.539, 12.897, 13.707, 13.66, 14.153, 14.819, 14.804, 14.739, 15.125, 15.874, 16.954, 17.788, 17.671, 17.411, 17.624, 18.252, 18.965, 19.365, 19.551, 19.594, 19.552, 19.432, 19.297, 19.337, 19.33, 19.509, 20.01, 20.115, 19.982, 19.944, 20.1, 20.343, 20.553, 20.606, 20.942, 21.51, 22.084, 22.388, 22.369, 22.547, 22.951], [22.255, 22.192, 22.067, 21.336, 21.006, 20.929, 20.269, 19.938, 19.888, 19.731, 19.306, 18.588, 17.68, 17.391, 17.256, 16.181, 15.394, 14.94, 14.463, 14.15, 13.943, 13.265, 12.922, 12.963, 12.769, 11.879, 10.499, 9.67, 9.64, 9.392, 8.564, 6.144, 4.042, 2.229, 0.0, 1.765, 3.701, 4.816, 6.154, 7.068, 8.195, 9.894, 10.422, 10.574, 10.642, 11.123, 12.526, 13.387, 13.401, 13.905, 14.519, 14.499, 14.429, 14.843, 15.604, 16.642, 17.488, 17.361, 17.081, 17.312, 17.966, 18.695, 19.087, 19.272, 19.321, 19.279, 19.166, 19.08, 19.198, 19.211, 19.367, 19.847, 19.965, 19.848, 19.834, 20.029, 20.265, 20.455, 20.502, 20.829, 21.378, 21.918, 22.193, 22.172, 22.367, 22.786], [22.292, 22.263, 22.177, 21.468, 21.157, 21.113, 20.458, 20.111, 20.061, 19.912, 19.497, 18.8, 17.927, 17.653, 17.501, 16.443, 15.708, 15.287, 14.826, 14.52, 14.316, 13.616, 13.241, 13.278, 13.086, 12.265, 10.915, 10.027, 9.947, 9.683, 8.91, 6.643, 4.764, 3.323, 1.765, 0.0, 2.522, 4.155, 5.758, 6.626, 7.897, 9.753, 10.285, 10.41, 10.466, 10.89, 12.294, 13.173, 13.238, 13.791, 14.415, 14.434, 14.369, 14.782, 15.573, 16.646, 17.474, 17.308, 17.019, 17.265, 17.97, 18.721, 19.111, 19.3, 19.347, 19.305, 19.196, 19.117, 19.255, 19.273, 19.412, 19.872, 20.002, 19.894, 19.875, 20.058, 20.288, 20.48, 20.525, 20.847, 21.383, 21.911, 22.181, 22.157, 22.352, 22.771], [22.194, 22.212, 22.203, 21.544, 21.253, 21.243, 20.576, 20.192, 20.141, 20.008, 19.629, 18.992, 18.208, 17.986, 17.822, 16.833, 16.202, 15.808, 15.337, 15.015, 14.796, 14.067, 13.655, 13.7, 13.563, 12.838, 11.494, 10.469, 10.236, 9.929, 9.295, 7.345, 5.897, 4.759, 3.701, 2.522, 0.0, 2.649, 4.941, 5.751, 7.452, 9.721, 10.291, 10.354, 10.331, 10.611, 11.94, 12.789, 12.907, 13.541, 14.236, 14.405, 14.367, 14.769, 15.584, 16.687, 17.526, 17.343, 17.043, 17.267, 18.001, 18.763, 19.135, 19.322, 19.353, 19.298, 19.192, 19.122, 19.261, 19.269, 19.375, 19.814, 19.961, 19.855, 19.813, 19.941, 20.145, 20.345, 20.389, 20.712, 21.236, 21.763, 22.029, 21.985, 22.163, 22.578], [21.944, 21.958, 21.964, 21.337, 21.083, 21.079, 20.426, 20.064, 20.024, 19.896, 19.538, 18.925, 18.15, 17.913, 17.756, 16.872, 16.327, 15.926, 15.432, 15.093, 14.854, 14.19, 13.844, 13.912, 13.794, 13.031, 11.675, 10.689, 10.481, 10.249, 9.757, 8.068, 6.861, 5.732, 4.816, 4.155, 2.649, 0.0, 2.966, 4.348, 6.435, 8.814, 9.462, 9.588, 9.517, 9.77, 11.186, 12.114, 12.258, 12.888, 13.649, 13.964, 13.995, 14.429, 15.278, 16.343, 17.184, 17.063, 16.818, 17.05, 17.788, 18.547, 18.916, 19.101, 19.131, 19.073, 18.969, 18.911, 19.062, 19.073, 19.17, 19.606, 19.745, 19.626, 19.576, 19.708, 19.906, 20.111, 20.16, 20.49, 21.039, 21.593, 21.865, 21.802, 21.977, 22.399], [21.95, 21.944, 21.935, 21.347, 21.209, 21.22, 20.576, 20.272, 20.242, 20.115, 19.766, 19.161, 18.36, 18.094, 17.97, 17.151, 16.611, 16.21, 15.714, 15.372, 15.144, 14.599, 14.346, 14.432, 14.324, 13.527, 12.223, 11.344, 11.173, 11.081, 10.727, 9.133, 7.905, 6.814, 6.154, 5.758, 4.941, 2.966, 0.0, 2.738, 5.493, 7.831, 8.595, 8.867, 8.865, 9.36, 11.014, 12.019, 12.108, 12.709, 13.504, 13.823, 13.897, 14.389, 15.222, 16.2, 17.033, 16.995, 16.793, 17.062, 17.802, 18.538, 18.894, 19.066, 19.105, 19.067, 18.973, 18.929, 19.081, 19.095, 19.195, 19.628, 19.748, 19.623, 19.574, 19.724, 19.922, 20.128, 20.177, 20.505, 21.074, 21.654, 21.934, 21.864, 22.034, 22.456], [21.886, 21.896, 21.909, 21.333, 21.208, 21.266, 20.656, 20.342, 20.304, 20.175, 19.836, 19.255, 18.489, 18.233, 18.094, 17.277, 16.776, 16.413, 15.938, 15.612, 15.4, 14.852, 14.596, 14.682, 14.594, 13.866, 12.602, 11.706, 11.506, 11.421, 11.123, 9.683, 8.594, 7.647, 7.068, 6.626, 5.751, 4.348, 2.738, 0.0, 3.733, 6.856, 7.808, 8.103, 8.149, 8.748, 10.495, 11.514, 11.595, 12.228, 13.094, 13.46, 13.534, 13.964, 14.692, 15.685, 16.614, 16.618, 16.409, 16.68, 17.439, 18.164, 18.508, 18.688, 18.755, 18.748, 18.665, 18.63, 18.791, 18.812, 18.906, 19.306, 19.425, 19.355, 19.374, 19.551, 19.754, 19.968, 20.015, 20.354, 20.936, 21.512, 21.788, 21.731, 21.908, 22.334], [21.919, 21.9, 21.885, 21.329, 21.197, 21.259, 20.788, 20.587, 20.56, 20.414, 20.059, 19.464, 18.665, 18.347, 18.192, 17.418, 16.939, 16.578, 16.141, 15.875, 15.668, 15.123, 14.908, 14.992, 14.845, 14.081, 12.86, 12.098, 12.104, 12.148, 11.868, 10.582, 9.596, 8.727, 8.195, 7.897, 7.452, 6.435, 5.493, 3.733, 0.0, 4.004, 5.577, 6.136, 6.326, 7.281, 9.445, 10.654, 10.747, 11.413, 12.404, 12.782, 12.859, 13.23, 13.739, 14.758, 15.838, 15.874, 15.709, 16.04, 16.841, 17.575, 17.905, 18.1, 18.219, 18.281, 18.227, 18.195, 18.393, 18.458, 18.587, 18.925, 18.955, 18.925, 19.138, 19.474, 19.702, 19.904, 19.944, 20.293, 20.867, 21.394, 21.645, 21.618, 21.809, 22.253], [22.229, 22.182, 22.14, 21.65, 21.559, 21.604, 21.271, 21.223, 21.229, 21.061, 20.65, 19.978, 19.076, 18.643, 18.51, 17.834, 17.299, 16.903, 16.529, 16.335, 16.172, 15.823, 15.743, 15.853, 15.641, 14.769, 13.66, 13.177, 13.481, 13.785, 13.576, 12.366, 11.35, 10.432, 9.894, 9.753, 9.721, 8.814, 7.831, 6.856, 4.004, 0.0, 2.734, 4.196, 4.723, 6.586, 9.277, 10.653, 10.675, 11.255, 12.304, 12.61, 12.551, 12.958, 13.293, 14.033, 15.226, 15.42, 15.377, 15.83, 16.628, 17.374, 17.704, 17.894, 18.06, 18.192, 18.179, 18.19, 18.453, 18.578, 18.771, 19.051, 18.955, 18.905, 19.28, 19.884, 20.197, 20.353, 20.367, 20.688, 21.23, 21.683, 21.897, 21.881, 22.059, 22.498], [22.142, 22.11, 22.086, 21.611, 21.543, 21.608, 21.307, 21.292, 21.304, 21.115, 20.663, 19.948, 19.011, 18.555, 18.445, 17.806, 17.275, 16.896, 16.562, 16.395, 16.246, 15.97, 15.953, 16.075, 15.858, 14.964, 13.872, 13.407, 13.721, 14.13, 14.04, 12.904, 11.86, 10.911, 10.422, 10.285, 10.291, 9.462, 8.595, 7.808, 5.577, 2.734, 0.0, 2.015, 2.977, 5.604, 8.676, 10.124, 10.105, 10.704, 11.812, 12.114, 11.875, 12.215, 12.61, 13.234, 14.359, 14.605, 14.611, 15.149, 16.024, 16.836, 17.203, 17.403, 17.594, 17.776, 17.802, 17.858, 18.148, 18.29, 18.531, 18.838, 18.737, 18.67, 19.023, 19.714, 20.152, 20.358, 20.37, 20.673, 21.216, 21.674, 21.885, 21.853, 22.023, 22.465], [21.834, 21.817, 21.823, 21.325, 21.243, 21.331, 21.019, 20.987, 20.99, 20.791, 20.338, 19.645, 18.752, 18.328, 18.218, 17.587, 17.139, 16.809, 16.485, 16.324, 16.155, 15.832, 15.788, 15.897, 15.693, 14.85, 13.781, 13.295, 13.56, 13.997, 14.015, 12.969, 11.965, 11.038, 10.574, 10.41, 10.354, 9.588, 8.867, 8.103, 6.136, 4.196, 2.015, 0.0, 1.748, 4.836, 8.047, 9.518, 9.519, 10.173, 11.251, 11.555, 11.261, 11.57, 12.067, 12.773, 13.823, 14.009, 13.984, 14.525, 15.461, 16.311, 16.685, 16.891, 17.079, 17.275, 17.317, 17.387, 17.693, 17.835, 18.082, 18.423, 18.366, 18.311, 18.627, 19.28, 19.779, 20.056, 20.079, 20.376, 20.918, 21.396, 21.616, 21.566, 21.74, 22.197], [21.884, 21.871, 21.891, 21.41, 21.334, 21.425, 21.104, 21.061, 21.062, 20.875, 20.455, 19.809, 18.956, 18.546, 18.44, 17.832, 17.406, 17.059, 16.712, 16.553, 16.389, 16.041, 15.988, 16.111, 15.955, 15.137, 14.001, 13.409, 13.604, 13.998, 14.005, 12.959, 11.975, 11.088, 10.642, 10.466, 10.331, 9.517, 8.865, 8.149, 6.326, 4.723, 2.977, 1.748, 0.0, 3.69, 7.324, 8.893, 8.916, 9.658, 10.863, 11.362, 11.205, 11.577, 12.133, 12.87, 13.895, 14.067, 14.046, 14.596, 15.597, 16.492, 16.883, 17.099, 17.277, 17.459, 17.488, 17.546, 17.841, 17.98, 18.233, 18.587, 18.527, 18.453, 18.747, 19.374, 19.874, 20.161, 20.201, 20.5, 21.045, 21.533, 21.758, 21.705, 21.871, 22.31], [22.0, 22.003, 22.041, 21.556, 21.474, 21.595, 21.262, 21.173, 21.159, 21.003, 20.666, 20.148, 19.443, 19.097, 18.984, 18.474, 18.202, 17.879, 17.51, 17.356, 17.176, 16.674, 16.488, 16.594, 16.48, 15.755, 14.568, 13.758, 13.77, 14.003, 13.984, 13.06, 12.251, 11.539, 11.123, 10.89, 10.611, 9.77, 9.36, 8.748, 7.281, 6.586, 5.604, 4.836, 3.69, 0.0, 4.228, 6.229, 6.494, 7.517, 9.091, 10.189, 10.646, 11.352, 12.052, 13.123, 14.161, 14.281, 14.273, 14.727, 15.789, 16.74, 17.157, 17.407, 17.567, 17.727, 17.751, 17.776, 18.033, 18.158, 18.429, 18.783, 18.72, 18.628, 18.902, 19.458, 19.93, 20.239, 20.302, 20.627, 21.179, 21.692, 21.939, 21.879, 22.031, 22.45], [21.86, 21.886, 21.953, 21.449, 21.337, 21.489, 21.13, 20.978, 20.955, 20.825, 20.565, 20.194, 19.717, 19.498, 19.365, 18.976, 18.913, 18.67, 18.309, 18.149, 17.942, 17.338, 17.013, 17.071, 16.972, 16.386, 15.336, 14.52, 14.41, 14.514, 14.558, 13.933, 13.415, 12.897, 12.526, 12.294, 11.94, 11.186, 11.014, 10.495, 9.445, 9.277, 8.676, 8.047, 7.324, 4.228, 0.0, 2.678, 3.672, 4.958, 6.896, 8.75, 9.895, 10.935, 11.776, 13.155, 14.286, 14.447, 14.451, 14.72, 15.694, 16.608, 17.03, 17.306, 17.451, 17.58, 17.631, 17.657, 17.897, 18.011, 18.257, 18.569, 18.534, 18.48, 18.767, 19.29, 19.742, 20.069, 20.13, 20.464, 21.022, 21.562, 21.83, 21.761, 21.9, 22.322], [21.748, 21.782, 21.876, 21.364, 21.248, 21.42, 21.038, 20.861, 20.833, 20.72, 20.505, 20.202, 19.868, 19.786, 19.67, 19.306, 19.309, 19.098, 18.745, 18.579, 18.37, 17.77, 17.42, 17.464, 17.397, 16.885, 15.893, 15.084, 14.897, 14.915, 14.988, 14.53, 14.151, 13.707, 13.387, 13.173, 12.789, 12.114, 12.019, 11.514, 10.654, 10.653, 10.124, 9.518, 8.893, 6.229, 2.678, 0.0, 2.04, 3.96, 6.274, 8.722, 10.04, 11.024, 11.986, 13.41, 14.499, 14.664, 14.639, 14.815, 15.744, 16.642, 17.066, 17.349, 17.476, 17.559, 17.612, 17.658, 17.893, 17.999, 18.227, 18.548, 18.557, 18.54, 18.809, 19.3, 19.745, 20.081, 20.13, 20.442, 21.002, 21.577, 21.871, 21.79, 21.904, 22.289], [21.628, 21.663, 21.734, 21.19, 21.095, 21.266, 20.871, 20.719, 20.693, 20.573, 20.348, 20.026, 19.674, 19.62, 19.544, 19.162, 19.114, 18.899, 18.554, 18.386, 18.191, 17.628, 17.311, 17.375, 17.349, 16.825, 15.834, 15.086, 14.894, 14.908, 14.982, 14.509, 14.105, 13.66, 13.401, 13.238, 12.907, 12.258, 12.108, 11.595, 10.747, 10.675, 10.105, 9.519, 8.916, 6.494, 3.672, 2.04, 0.0, 2.78, 5.754, 8.405, 9.781, 10.826, 11.893, 13.257, 14.328, 14.522, 14.47, 14.654, 15.559, 16.454, 16.886, 17.166, 17.299, 17.397, 17.462, 17.517, 17.747, 17.846, 18.086, 18.448, 18.459, 18.436, 18.691, 19.187, 19.658, 20.017, 20.064, 20.363, 20.957, 21.58, 21.902, 21.817, 21.929, 22.317], [21.421, 21.443, 21.471, 20.881, 20.784, 20.952, 20.53, 20.376, 20.351, 20.219, 19.978, 19.659, 19.319, 19.249, 19.192, 18.892, 18.925, 18.743, 18.404, 18.241, 18.037, 17.494, 17.197, 17.248, 17.221, 16.725, 15.855, 15.249, 15.105, 15.156, 15.283, 14.919, 14.589, 14.153, 13.905, 13.791, 13.541, 12.888, 12.709, 12.228, 11.413, 11.255, 10.704, 10.173, 9.658, 7.517, 4.958, 3.96, 2.78, 0.0, 3.729, 7.078, 8.855, 10.164, 11.336, 12.675, 13.854, 14.188, 14.157, 14.315, 15.114, 15.929, 16.352, 16.642, 16.789, 16.904, 16.996, 17.06, 17.297, 17.397, 17.609, 17.949, 17.967, 17.957, 18.233, 18.779, 19.271, 19.636, 19.682, 19.99, 20.626, 21.273, 21.612, 21.554, 21.703, 22.132], [21.155, 21.161, 21.162, 20.502, 20.372, 20.54, 20.056, 19.856, 19.821, 19.683, 19.445, 19.156, 18.861, 18.803, 18.755, 18.524, 18.702, 18.619, 18.302, 18.143, 17.917, 17.36, 17.044, 17.051, 17.017, 16.653, 16.03, 15.607, 15.507, 15.606, 15.783, 15.495, 15.245, 14.819, 14.519, 14.415, 14.236, 13.649, 13.504, 13.094, 12.404, 12.304, 11.812, 11.251, 10.863, 9.091, 6.896, 6.274, 5.754, 3.729, 0.0, 4.547, 7.22, 8.902, 10.316, 11.906, 13.304, 13.737, 13.66, 13.727, 14.396, 15.14, 15.552, 15.847, 16.002, 16.102, 16.202, 16.283, 16.543, 16.65, 16.861, 17.243, 17.388, 17.441, 17.706, 18.244, 18.723, 19.1, 19.144, 19.476, 20.135, 20.8, 21.154, 21.12, 21.344, 21.849], [21.081, 21.072, 21.012, 20.27, 20.117, 20.262, 19.743, 19.559, 19.524, 19.349, 19.051, 18.718, 18.371, 18.252, 18.207, 17.92, 18.067, 18.078, 17.812, 17.635, 17.406, 16.871, 16.55, 16.518, 16.438, 16.156, 15.815, 15.64, 15.658, 15.892, 16.082, 15.646, 15.263, 14.804, 14.499, 14.434, 14.405, 13.964, 13.823, 13.46, 12.782, 12.61, 12.114, 11.555, 11.362, 10.189, 8.75, 8.722, 8.405, 7.078, 4.547, 0.0, 4.136, 7.0, 8.47, 10.42, 12.273, 12.852, 12.818, 12.89, 13.416, 14.13, 14.563, 14.86, 15.064, 15.232, 15.396, 15.507, 15.772, 15.911, 16.25, 16.776, 17.071, 17.201, 17.483, 18.053, 18.522, 18.893, 18.923, 19.267, 19.94, 20.6, 20.946, 20.915, 21.192, 21.78], [20.803, 20.832, 20.797, 20.021, 19.828, 19.96, 19.444, 19.303, 19.271, 19.032, 18.627, 18.196, 17.802, 17.675, 17.622, 17.265, 17.361, 17.414, 17.211, 17.034, 16.797, 16.363, 16.107, 16.06, 15.948, 15.698, 15.484, 15.452, 15.559, 15.846, 16.082, 15.692, 15.283, 14.739, 14.429, 14.369, 14.367, 13.995, 13.897, 13.534, 12.859, 12.551, 11.875, 11.261, 11.205, 10.646, 9.895, 10.04, 9.781, 8.855, 7.22, 4.136, 0.0, 4.367, 6.405, 8.456, 10.718, 11.386, 11.437, 11.573, 12.021, 12.789, 13.284, 13.612, 13.862, 14.066, 14.283, 14.444, 14.751, 14.946, 15.426, 16.11, 16.533, 16.72, 16.994, 17.623, 18.144, 18.528, 18.543, 18.879, 19.559, 20.227, 20.574, 20.546, 20.825, 21.47], [20.333, 20.374, 20.367, 19.556, 19.355, 19.478, 18.955, 18.852, 18.827, 18.563, 18.123, 17.658, 17.287, 17.228, 17.159, 16.75, 16.902, 16.991, 16.841, 16.702, 16.471, 16.112, 15.936, 15.891, 15.806, 15.616, 15.435, 15.434, 15.539, 15.841, 16.118, 15.895, 15.636, 15.125, 14.843, 14.782, 14.769, 14.429, 14.389, 13.964, 13.23, 12.958, 12.215, 11.57, 11.577, 11.352, 10.935, 11.024, 10.826, 10.164, 8.902, 7.0, 4.367, 0.0, 3.629, 6.572, 8.699, 9.4, 9.498, 9.608, 10.173, 10.998, 11.562, 11.957, 12.264, 12.479, 12.694, 12.853, 13.187, 13.414, 14.0, 14.838, 15.379, 15.662, 15.971, 16.603, 17.189, 17.635, 17.658, 18.006, 18.698, 19.393, 19.768, 19.753, 20.044, 20.726], [20.748, 20.797, 20.806, 20.074, 19.924, 20.049, 19.599, 19.527, 19.51, 19.262, 18.841, 18.388, 18.004, 17.868, 17.74, 17.31, 17.42, 17.496, 17.371, 17.261, 17.124, 16.827, 16.644, 16.614, 16.491, 16.26, 16.129, 16.147, 16.318, 16.692, 16.907, 16.632, 16.364, 15.874, 15.604, 15.573, 15.584, 15.278, 15.222, 14.692, 13.739, 13.293, 12.61, 12.067, 12.133, 12.052, 11.776, 11.986, 11.893, 11.336, 10.316, 8.47, 6.405, 3.629, 0.0, 4.636, 7.657, 8.47, 8.841, 9.172, 9.794, 10.582, 11.136, 11.579, 11.997, 12.366, 12.669, 12.829, 13.153, 13.419, 13.993, 14.702, 15.144, 15.482, 16.01, 16.846, 17.447, 17.821, 17.817, 18.152, 18.762, 19.316, 19.617, 19.632, 19.914, 20.571], [21.187, 21.296, 21.383, 20.787, 20.705, 20.821, 20.399, 20.339, 20.321, 20.05, 19.593, 19.098, 18.656, 18.451, 18.328, 17.932, 17.943, 17.964, 17.811, 17.713, 17.721, 17.764, 17.761, 17.768, 17.66, 17.32, 17.158, 17.212, 17.434, 17.875, 18.095, 17.834, 17.553, 16.954, 16.642, 16.646, 16.687, 16.343, 16.2, 15.685, 14.758, 14.033, 13.234, 12.773, 12.87, 13.123, 13.155, 13.41, 13.257, 12.675, 11.906, 10.42, 8.456, 6.572, 4.636, 0.0, 5.121, 7.373, 7.987, 8.803, 9.628, 10.414, 10.954, 11.347, 11.885, 12.361, 12.788, 13.156, 13.598, 13.891, 14.42, 14.961, 15.225, 15.503, 16.117, 17.257, 17.957, 18.292, 18.256, 18.584, 19.25, 19.779, 20.004, 19.968, 20.233, 20.891], [20.994, 21.104, 21.223, 20.681, 20.686, 20.818, 20.464, 20.476, 20.458, 20.159, 19.677, 19.156, 18.715, 18.566, 18.499, 18.18, 18.225, 18.237, 18.142, 18.079, 18.075, 18.217, 18.355, 18.406, 18.343, 18.013, 17.81, 17.84, 17.987, 18.378, 18.65, 18.57, 18.395, 17.788, 17.488, 17.474, 17.526, 17.184, 17.033, 16.614, 15.838, 15.226, 14.359, 13.823, 13.895, 14.161, 14.286, 14.499, 14.328, 13.854, 13.304, 12.273, 10.718, 8.699, 7.657, 5.121, 0.0, 4.42, 5.835, 6.836, 8.349, 9.284, 9.867, 10.205, 10.775, 11.361, 11.935, 12.471, 12.921, 13.244, 14.003, 14.676, 14.893, 15.114, 15.656, 16.793, 17.611, 18.059, 18.046, 18.367, 19.084, 19.678, 19.909, 19.795, 20.005, 20.664], [20.989, 21.099, 21.207, 20.577, 20.556, 20.711, 20.38, 20.409, 20.383, 20.094, 19.622, 19.096, 18.651, 18.541, 18.469, 18.095, 18.15, 18.188, 18.17, 18.122, 18.087, 18.099, 18.175, 18.252, 18.199, 17.913, 17.729, 17.735, 17.845, 18.175, 18.439, 18.426, 18.267, 17.671, 17.361, 17.308, 17.343, 17.063, 16.995, 16.618, 15.874, 15.42, 14.605, 14.009, 14.067, 14.281, 14.447, 14.664, 14.522, 14.188, 13.737, 12.852, 11.386, 9.4, 8.47, 7.373, 4.42, 0.0, 2.697, 4.199, 6.27, 7.712, 8.42, 8.852, 9.335, 10.006, 10.692, 11.211, 11.655, 12.045, 12.983, 13.929, 14.271, 14.487, 14.96, 16.002, 16.888, 17.372, 17.394, 17.66, 18.213, 18.756, 19.024, 18.941, 19.155, 19.811], [20.777, 20.889, 20.989, 20.29, 20.226, 20.384, 19.997, 19.997, 19.963, 19.672, 19.211, 18.707, 18.279, 18.193, 18.12, 17.696, 17.763, 17.832, 17.815, 17.768, 17.742, 17.722, 17.755, 17.822, 17.809, 17.583, 17.418, 17.427, 17.524, 17.85, 18.139, 18.136, 17.995, 17.411, 17.081, 17.019, 17.043, 16.818, 16.793, 16.409, 15.709, 15.377, 14.611, 13.984, 14.046, 14.273, 14.451, 14.639, 14.47, 14.157, 13.66, 12.818, 11.437, 9.498, 8.841, 7.987, 5.835, 2.697, 0.0, 2.69, 5.26, 6.977, 7.701, 8.126, 8.555, 9.153, 9.828, 10.39, 10.944, 11.292, 12.128, 13.188, 13.634, 13.835, 14.232, 15.234, 16.168, 16.657, 16.689, 16.958, 17.493, 18.062, 18.366, 18.302, 18.579, 19.291], [20.283, 20.385, 20.488, 19.732, 19.624, 19.795, 19.386, 19.379, 19.348, 19.057, 18.61, 18.138, 17.769, 17.733, 17.656, 17.259, 17.434, 17.554, 17.557, 17.513, 17.431, 17.324, 17.313, 17.38, 17.432, 17.343, 17.278, 17.323, 17.397, 17.686, 18.016, 18.167, 18.156, 17.624, 17.312, 17.265, 17.267, 17.05, 17.062, 16.68, 16.04, 15.83, 15.149, 14.525, 14.596, 14.727, 14.72, 14.815, 14.654, 14.315, 13.727, 12.89, 11.573, 9.608, 9.172, 8.803, 6.836, 4.199, 2.69, 0.0, 3.446, 5.535, 6.401, 6.882, 7.265, 7.783, 8.471, 9.108, 9.736, 10.094, 10.964, 12.184, 12.795, 13.063, 13.423, 14.368, 15.339, 15.89, 15.925, 16.192, 16.716, 17.322, 17.666, 17.592, 17.884, 18.658], [20.057, 20.167, 20.279, 19.507, 19.35, 19.51, 19.113, 19.115, 19.085, 18.786, 18.