[[0.0, 2.277, 3.489, 5.566, 6.138, 7.264, 8.83, 10.799, 13.353, 13.959, 14.158, 14.897, 15.447, 15.32, 15.427, 15.833, 17.364, 18.906, 18.927, 18.458, 18.83, 18.926, 18.718, 19.149, 20.222, 21.635, 23.401, 25.231, 26.674, 27.651, 27.397, 26.572, 26.85, 27.617, 28.478, 28.32, 28.291, 28.517, 28.88, 28.438, 26.953, 25.107, 23.956, 23.585, 24.065, 24.749, 23.845, 22.749, 22.435, 22.334, 22.376, 22.613, 22.771, 22.912, 23.273, 23.828, 23.95, 23.855, 23.794, 23.596, 23.658, 23.593, 23.592, 23.529, 23.251, 22.832, 22.54, 22.508, 22.604, 22.753, 22.607, 22.451, 22.368, 22.152, 22.202, 22.521, 22.717, 23.152, 23.397, 23.326, 23.258, 23.555, 23.737, 23.767, 23.64, 23.647], [2.277, 0.0, 2.025, 4.511, 5.162, 6.42, 8.292, 10.612, 13.306, 13.9, 14.044, 14.788, 15.355, 15.21, 15.321, 15.733, 17.28, 18.844, 18.865, 18.377, 18.745, 18.851, 18.648, 19.107, 20.22, 21.644, 23.42, 25.261, 26.697, 27.668, 27.42, 26.599, 26.881, 27.659, 28.553, 28.402, 28.368, 28.595, 28.961, 28.523, 27.045, 25.183, 23.988, 23.607, 24.106, 24.806, 23.886, 22.767, 22.453, 22.357, 22.398, 22.639, 22.8, 22.954, 23.311, 23.872, 23.994, 23.888, 23.828, 23.634, 23.696, 23.637, 23.644, 23.577, 23.301, 22.883, 22.589, 22.561, 22.658, 22.803, 22.65, 22.49, 22.405, 22.19, 22.244, 22.554, 22.729, 23.153, 23.364, 23.3, 23.241, 23.542, 23.74, 23.782, 23.646, 23.651], [3.489, 2.025, 0.0, 2.944, 3.783, 5.081, 7.513, 10.791, 13.762, 14.31, 14.345, 15.088, 15.724, 15.491, 15.566, 15.995, 17.568, 19.15, 19.152, 18.623, 18.974, 19.103, 18.909, 19.383, 20.486, 21.873, 23.671, 25.521, 26.94, 27.916, 27.671, 26.837, 27.117, 27.907, 28.807, 28.624, 28.572, 28.794, 29.163, 28.727, 27.238, 25.327, 24.066, 23.662, 24.195, 24.914, 23.949, 22.803, 22.485, 22.381, 22.404, 22.622, 22.789, 22.964, 23.321, 23.894, 24.003, 23.879, 23.818, 23.642, 23.697, 23.626, 23.66, 23.597, 23.32, 22.902, 22.598, 22.564, 22.654, 22.791, 22.63, 22.454, 22.363, 22.153, 22.203, 22.503, 22.658, 23.07, 23.246, 23.182, 23.136, 23.447, 23.681, 23.762, 23.636, 23.658], [5.566, 4.511, 2.944, 0.0, 1.644, 3.49, 6.732, 10.992, 14.162, 14.647, 14.618, 15.378, 16.116, 15.825, 15.853, 16.304, 17.921, 19.504, 19.453, 18.854, 19.181, 19.317, 19.146, 19.666, 20.77, 22.101, 23.952, 25.862, 27.269, 28.237, 27.992, 27.152, 27.451, 28.272, 29.201, 28.989, 28.916, 29.154, 29.524, 29.069, 27.554, 25.558, 24.179, 23.737, 24.359, 25.14, 24.094, 22.899, 22.562, 22.424, 22.416, 22.581, 22.747, 22.954, 23.322, 23.933, 24.023, 23.864, 23.802, 23.66, 23.703, 23.609, 23.688, 23.641, 23.363, 22.935, 22.604, 22.559, 22.627, 22.737, 22.547, 22.332, 22.236, 22.031, 22.069, 22.357, 22.492, 22.887, 22.99, 22.89, 22.865, 23.215, 23.52, 23.655, 23.547, 23.596], [6.138, 5.162, 3.783, 1.644, 0.0, 2.768, 6.412, 10.842, 14.088, 14.589, 14.559, 15.35, 16.105, 15.779, 15.789, 16.226, 17.827, 19.397, 19.335, 18.722, 19.055, 19.205, 19.034, 19.556, 20.671, 22.027, 23.9, 25.823, 27.251, 28.23, 27.963, 27.095, 27.395, 28.227, 29.168, 28.957, 28.886, 29.131, 29.524, 29.071, 27.536, 25.499, 24.079, 23.627, 24.26, 25.05, 23.977, 22.749, 22.398, 22.251, 22.24, 22.411, 22.581, 22.795, 23.168, 23.795, 23.89, 23.727, 23.661, 23.519, 23.558, 23.462, 23.542, 23.49, 23.214, 22.777, 22.432, 22.383, 22.453, 22.565, 22.369, 22.151, 22.054, 21.85, 21.892, 22.174, 22.308, 22.711, 22.822, 22.737, 22.717, 23.072, 23.38, 23.515, 23.401, 23.454], [7.264, 6.42, 5.081, 3.49, 2.768, 0.0, 4.954, 10.961, 14.557, 14.986, 14.812, 15.552, 16.36, 15.933, 15.898, 16.404, 18.104, 19.734, 19.686, 19.017, 19.293, 19.432, 19.257, 19.814, 20.965, 22.299, 24.16, 26.082, 27.516, 28.522, 28.237, 27.31, 27.597, 28.436, 29.377, 29.116, 29.018, 29.271, 29.687, 29.249, 27.68, 25.552, 24.029, 23.545, 24.264, 25.132, 23.996, 22.682, 22.307, 22.153, 22.116, 22.244, 22.399, 22.639, 23.026, 23.694, 23.807, 23.626, 23.563, 23.438, 23.509, 23.403, 23.47, 23.415, 23.143, 22.735, 22.383, 22.329, 22.404, 22.519, 22.301, 22.045, 21.944, 21.746, 21.797, 22.095, 22.236, 22.628, 22.595, 22.447, 22.451, 22.862, 23.246, 23.419, 23.289, 23.357], [8.83, 8.292, 7.513, 6.732, 6.412, 4.954, 0.0, 8.039, 12.367, 12.667, 12.25, 12.922, 13.91, 13.492, 13.478, 14.1, 16.086, 17.964, 17.955, 17.229, 17.572, 17.755, 17.589, 18.23, 19.495, 20.92, 23.08, 25.401, 27.019, 28.091, 27.804, 26.845, 27.14, 28.013, 28.974, 28.693, 28.578, 28.809, 29.23, 28.763, 27.122, 24.915, 23.353, 22.851, 23.578, 24.5, 23.334, 21.965, 21.549, 21.356, 21.31, 21.428, 21.566, 21.835, 22.286, 23.031, 23.161, 22.986, 22.937, 22.805, 22.87, 22.771, 22.811, 22.729, 22.442, 22.039, 21.68, 21.601, 21.658, 21.77, 21.558, 21.308, 21.205, 20.975, 20.989, 21.297, 21.501, 21.915, 21.887, 21.805, 21.826, 22.245, 22.585, 22.746, 22.635, 22.729], [10.799, 10.612, 10.791, 10.992, 10.842, 10.961, 8.039, 0.0, 4.96, 5.625, 5.737, 6.707, 7.756, 7.97, 8.259, 8.641, 10.684, 12.791, 12.9, 12.468, 13.373, 13.779, 13.662, 14.223, 15.453, 17.192, 19.913, 22.849, 24.708, 25.743, 25.475, 24.64, 24.971, 25.854, 26.848, 26.716, 26.693, 26.895, 27.279, 26.756, 25.236, 23.522, 22.472, 22.159, 22.607, 23.358, 22.55, 21.518, 21.165, 20.958, 21.014, 21.31, 21.482, 21.733, 22.234, 22.873, 23.013, 22.927, 22.867, 22.663, 22.646, 22.623, 22.587, 22.412, 22.127, 21.715, 21.375, 21.258, 21.274, 21.418, 21.294, 21.183, 21.093, 20.782, 20.712, 21.002, 21.23, 21.681, 22.082, 22.252, 22.184, 22.374, 22.373, 22.399, 22.344, 22.388], [13.353, 13.306, 13.762, 14.162, 14.088, 14.557, 12.367, 4.96, 0.0, 1.928, 3.736, 5.093, 5.814, 6.768, 7.382, 7.419, 8.904, 10.821, 11.048, 10.995, 12.264, 12.776, 12.743, 13.169, 14.158, 15.874, 18.651, 21.709, 23.592, 24.537, 24.301, 23.623, 23.963, 24.79, 25.748, 25.726, 25.774, 25.98, 26.328, 25.789, 24.438, 23.231, 22.694, 22.547, 22.802, 23.38, 22.853, 22.149, 21.873, 21.686, 21.79, 22.146, 22.338, 22.546, 23.002, 23.495, 23.611, 23.573, 23.503, 23.27, 23.212, 23.212, 23.146, 22.943, 22.686, 22.319, 22.016, 21.89, 21.895, 22.066, 22.003, 21.959, 21.877, 21.562, 21.491, 21.775, 21.956, 22.357, 22.931, 23.167, 23.037, 23.078, 22.9, 22.863, 22.857, 22.868], [13.959, 13.9, 14.31, 14.647, 14.589, 14.986, 12.667, 5.625, 1.928, 0.0, 2.304, 3.911, 4.938, 6.159, 6.98, 7.159, 8.787, 10.752, 10.971, 10.876, 12.119, 12.634, 12.634, 13.111, 14.083, 15.666, 18.362, 21.459, 23.348, 24.281, 24.052, 23.378, 23.711, 24.537, 25.488, 25.471, 25.542, 25.756, 26.103, 25.556, 24.225, 23.092, 22.644, 22.526, 22.803, 23.398, 22.882, 22.192, 21.915, 21.729, 21.835, 22.18, 22.361, 22.566, 23.01, 23.499, 23.603, 23.559, 23.49, 23.262, 23.197, 23.195, 23.135, 22.918, 22.662, 22.31, 22.011, 21.891, 21.908, 22.099, 22.051, 22.01, 21.925, 21.601, 21.523, 21.814, 21.981, 22.362, 22.91, 23.127, 22.989, 23.025, 22.869, 22.858, 22.867, 22.893], [14.158, 14.044, 14.345, 14.618, 14.559, 14.812, 12.25, 5.737, 3.736, 2.304, 0.0, 2.379, 4.104, 5.273, 6.275, 6.718, 8.63, 10.751, 10.952, 10.711, 11.865, 12.375, 12.382, 12.942, 13.986, 15.533, 18.216, 21.347, 23.242, 24.191, 23.972, 23.277, 23.602, 24.436, 25.391, 25.366, 25.44, 25.648, 25.996, 25.443, 24.078, 22.868, 22.384, 22.276, 22.634, 23.3, 22.743, 21.994, 21.704, 21.514, 21.618, 21.96, 22.138, 22.355, 22.804, 23.325, 23.425, 23.365, 23.298, 23.073, 23.006, 23.012, 22.964, 22.726, 22.461, 22.11, 21.803, 21.684, 21.716, 21.914, 21.87, 21.828, 21.744, 21.416, 21.327, 21.616, 21.774, 22.144, 22.664, 22.896, 22.773, 22.819, 22.68, 22.676, 22.68, 22.721], [14.897, 14.788, 15.088, 15.378, 15.35, 15.552, 12.922, 6.707, 5.093, 3.911, 2.379, 0.0, 2.582, 4.462, 5.67, 6.194, 8.258, 10.429, 10.61, 10.413, 11.651, 12.166, 12.186, 12.746, 13.778, 15.327, 18.027, 21.129, 22.984, 23.897, 23.714, 23.124, 23.476, 24.296, 25.257, 25.268, 25.378, 25.599, 25.932, 25.383, 24.074, 22.983, 22.571, 22.497, 22.94, 23.693, 23.166, 22.403, 22.117, 21.94, 22.041, 22.394, 22.569, 22.796, 23.224, 23.738, 23.841, 23.777, 23.71, 23.484, 23.414, 23.429, 23.367, 23.114, 22.853, 22.507, 22.214, 22.106, 22.144, 22.334, 22.284, 22.245, 22.157, 21.823, 21.722, 22.013, 22.171, 22.515, 22.976, 23.164, 23.028, 23.058, 22.936, 22.959, 22.963, 23.013], [15.447, 15.355, 15.724, 16.116, 16.105, 16.36, 13.91, 7.756, 5.814, 4.938, 4.104, 2.582, 0.0, 3.258, 4.891, 5.286, 7.355, 9.621, 9.908, 9.86, 11.194, 11.731, 11.762, 12.245, 13.223, 14.866, 17.639, 20.714, 22.561, 23.444, 23.286, 22.815, 23.205, 23.998, 24.924, 24.933, 25.02, 25.225, 25.533, 24.989, 23.738, 22.796, 22.556, 22.538, 22.956, 23.675, 23.255, 22.585, 22.318, 22.158, 22.271, 22.652, 22.829, 23.048, 23.47, 23.937, 24.06, 24.036, 23.978, 23.746, 23.662, 23.682, 23.598, 23.365, 23.103, 22.747, 22.486, 22.391, 22.418, 22.61, 22.588, 22.583, 22.506, 22.173, 22.066, 22.373, 22.579, 22.934, 23.383, 23.558, 23.409, 23.373, 23.174, 23.18, 23.202, 23.253], [15.32, 15.21, 15.491, 15.825, 15.779, 15.933, 13.492, 7.97, 6.768, 6.159, 5.273, 4.462, 3.258, 0.0, 2.226, 3.241, 6.007, 8.673, 9.012, 8.821, 10.185, 10.775, 10.777, 11.289, 12.352, 14.069, 16.945, 20.133, 22.08, 23.037, 22.854, 22.314, 22.721, 23.534, 24.463, 24.364, 24.357, 24.526, 24.839, 24.282, 22.932, 21.778, 21.432, 21.394, 21.862, 22.639, 22.199, 21.558, 21.296, 21.109, 21.212, 21.578, 21.762, 21.989, 22.455, 22.977, 23.12, 23.1, 23.046, 22.816, 22.729, 22.75, 22.692, 22.507, 22.234, 21.843, 21.567, 21.47, 21.476, 21.669, 21.674, 21.673, 21.601, 21.275, 21.182, 21.53, 21.791, 22.178, 22.592, 22.823, 22.712, 22.65, 22.387, 22.368, 22.397, 22.467], [15.427, 15.321, 15.566, 15.853, 15.789, 15.898, 13.478, 8.259, 7.382, 6.98, 6.275, 5.67, 4.891, 2.226, 0.0, 2.086, 5.569, 8.465, 8.811, 8.566, 9.993, 10.602, 10.582, 11.105, 12.225, 13.98, 16.879, 20.073, 22.051, 23.033, 22.833, 22.275, 22.697, 23.519, 24.455, 24.316, 24.281, 24.455, 24.776, 24.221, 22.845, 21.6, 21.159, 21.103, 21.624, 22.448, 21.968, 21.302, 21.047, 20.838, 20.925, 21.279, 21.473, 21.711, 22.193, 22.767, 22.93, 22.902, 22.852, 22.624, 22.542, 22.556, 22.503, 22.347, 22.074, 21.675, 21.387, 21.28, 21.27, 21.452, 21.454, 21.434, 21.359, 21.052, 20.982, 21.325, 21.576, 21.958, 22.321, 22.551, 22.455, 22.39, 22.131, 22.132, 22.161, 22.233], [15.833, 15.733, 15.995, 16.304, 16.226, 16.404, 14.1, 8.641, 7.419, 7.159, 6.718, 6.194, 5.286, 3.241, 2.086, 0.0, 4.037, 7.311, 7.819, 7.856, 9.685, 10.462, 10.472, 10.945, 12.109, 14.02, 16.992, 20.146, 22.085, 23.036, 22.848, 22.335, 22.761, 23.572, 24.511, 24.403, 24.379, 24.554, 24.871, 24.31, 22.985, 21.86, 21.487, 21.464, 21.907, 22.644, 22.217, 21.616, 21.389, 21.193, 21.292, 21.661, 21.864, 22.093, 22.548, 23.06, 23.216, 23.205, 23.148, 22.906, 22.806, 22.824, 22.736, 22.562, 22.297, 21.908, 21.631, 21.516, 21.499, 21.676, 21.681, 21.685, 21.613, 21.307, 21.224, 21.525, 21.762, 22.147, 22.595, 22.891, 22.791, 22.68, 22.352, 22.321, 22.357, 22.424], [17.364, 17.28, 17.568, 17.921, 17.827, 18.104, 16.086, 10.684, 8.904, 8.787, 8.63, 8.258, 7.355, 6.007, 5.569, 4.037, 0.0, 3.824, 4.952, 5.935, 8.735, 9.924, 10.053, 10.404, 11.622, 13.809, 16.87, 19.918, 21.776, 22.68, 22.529, 22.106, 22.506, 23.257, 24.181, 24.162, 24.15, 24.289, 24.573, 23.975, 22.74, 21.894, 21.747, 21.813, 22.098, 22.701, 22.439, 22.046, 21.888, 21.707, 21.863, 22.28, 22.49, 22.696, 23.11, 23.474, 23.605, 23.64, 23.569, 23.299, 23.163, 23.204, 23.056, 22.853, 22.606, 22.217, 21.963, 21.82, 21.775, 21.943, 21.982, 22.062, 22.005, 21.724, 21.622, 21.868, 22.115, 22.499, 23.132, 23.572, 23.472, 23.238, 22.69, 22.568, 22.629, 22.668], [18.906, 18.844, 19.15, 19.504, 19.397, 19.734, 17.964, 12.791, 10.821, 10.752, 10.751, 10.429, 9.621, 8.673, 8.465, 7.311, 3.824, 0.0, 2.239, 5.078, 8.672, 10.113, 10.349, 10.609, 11.716, 13.943, 16.929, 19.811, 21.57, 22.406, 22.278, 21.945, 22.315, 23.001, 23.926, 24.004, 24.021, 24.13, 24.384, 23.766, 22.656, 22.15, 22.248, 22.385, 22.592, 23.139, 23.001, 22.757, 22.653, 22.473, 22.664, 23.143, 23.348, 23.515, 23.866, 24.111, 24.223, 24.283, 24.203, 23.927, 23.771, 23.838, 23.673, 23.445, 23.212, 22.813, 22.574, 22.427, 22.355, 22.504, 22.566, 22.7, 22.649, 22.403, 22.305, 22.517, 22.77, 23.14, 23.849, 24.326, 24.222, 23.93, 23.265, 23.116, 23.197, 23.206], [18.927, 18.865, 19.152, 19.453, 19.335, 19.686, 17.955, 12.9, 11.048, 10.971, 10.952, 10.61, 9.908, 9.012, 8.811, 7.819, 4.952, 2.239, 0.0, 3.907, 8.027, 9.603, 9.874, 10.169, 11.266, 13.516, 16.625, 19.613, 21.397, 22.235, 22.11, 21.782, 22.165, 22.86, 23.794, 23.891, 23.93, 24.05, 24.307, 23.68, 22.557, 22.039, 22.115, 22.233, 22.47, 23.088, 22.928, 22.641, 22.531, 22.343, 22.527, 23.034, 23.267, 23.452, 23.815, 24.076, 24.188, 24.235, 24.147, 23.876, 23.724, 23.789, 23.637, 23.403, 23.158, 22.737, 22.47, 22.315, 22.25, 22.396, 22.453, 22.583, 22.525, 22.283, 22.18, 22.38, 22.631, 23.014, 23.707, 24.142, 24.037, 23.773, 23.146, 23.029, 23.115, 23.119], [18.458, 18.377, 18.623, 18.854, 18.722, 19.017, 17.229, 12.468, 10.995, 10.876, 10.711, 10.413, 9.86, 8.821, 8.566, 7.856, 5.935, 5.078, 3.907, 0.0, 4.585, 6.565, 6.977, 7.398, 8.804, 11.328, 14.894, 18.334, 20.32, 21.26, 21.141, 20.789, 21.225, 21.98, 22.948, 23.045, 23.101, 23.218, 23.478, 22.823, 21.558, 20.777, 20.72, 20.813, 21.141, 21.91, 21.695, 21.293, 21.146, 20.939, 21.145, 21.682, 21.968, 22.34, 22.942, 23.323, 23.464, 23.512, 23.422, 23.137, 23.0, 23.046, 22.857, 22.641, 22.369, 21.919, 21.606, 21.388, 21.326, 21.492, 21.553, 21.681, 21.63, 21.361, 21.17, 21.366, 21.699, 22.135, 22.834, 23.257, 23.15, 22.881, 22.241, 22.149, 22.246, 22.262], [18.83, 18.745, 18.974, 19.181, 19.055, 19.293, 17.572, 13.373, 12.264, 12.119, 11.865, 11.651, 11.194, 10.185, 9.993, 9.685, 8.735, 8.672, 8.027, 4.585, 0.0, 2.685, 3.606, 4.248, 6.128, 9.029, 13.137, 17.036, 19.207, 20.227, 20.134, 19.869, 20.387, 21.168, 22.132, 22.25, 22.323, 22.417, 22.643, 21.96, 20.592, 19.643, 19.596, 19.724, 20.145, 21.051, 20.854, 20.394, 20.221, 19.998, 20.255, 20.835, 21.132, 21.706, 22.626, 23.128, 23.308, 23.381, 23.292, 23.001, 22.88, 22.905, 22.677, 22.494, 22.21, 21.748, 21.44, 21.185, 21.112, 21.29, 21.37, 21.516, 21.486, 21.197, 20.896, 21.093, 21.534, 22.016, 22.721, 23.117, 23.009, 22.684, 21.967, 21.899, 22.021, 22.048], [18.926, 18.851, 19.103, 19.317, 19.205, 19.432, 17.755, 13.779, 12.776, 12.634, 12.375, 12.166, 11.731, 10.775, 10.602, 10.462, 9.924, 10.113, 9.603, 6.565, 2.685, 0.0, 1.575, 2.832, 5.092, 8.259, 12.706, 16.796, 19.007, 20.027, 19.949, 19.784, 20.366, 21.156, 22.113, 22.254, 22.354, 22.465, 22.684, 21.992, 20.594, 19.586, 19.539, 19.677, 20.194, 21.182, 20.962, 20.45, 20.264, 20.039, 20.299, 20.868, 21.143, 21.73, 22.737, 23.323, 23.512, 23.577, 23.494, 23.211, 23.111, 23.128, 22.899, 22.738, 22.464, 22.018, 21.728, 21.496, 21.437, 21.609, 21.683, 21.82, 21.793, 21.504, 21.183, 21.376, 21.798, 22.269, 22.913, 23.235, 23.129, 22.821, 22.128, 22.082, 22.206, 22.236], [18.718, 18.648, 18.909, 19.146, 19.034, 19.257, 17.589, 13.662, 12.743, 12.634, 12.382, 12.186, 11.762, 10.777, 10.582, 10.472, 10.053, 10.349, 9.874, 6.977, 3.606, 1.575, 0.0, 1.977, 4.784, 8.217, 12.773, 16.909, 19.153, 20.197, 20.119, 19.947, 20.548, 21.366, 22.334, 22.477, 22.58, 22.698, 22.935, 22.244, 20.802, 19.693, 19.555, 19.665, 20.197, 21.208, 20.956, 20.4, 20.21, 19.999, 20.261, 20.826, 21.096, 21.66, 22.652, 23.269, 23.475, 23.532, 23.451, 23.166, 23.078, 23.097, 22.859, 22.699, 22.424, 21.975, 21.686, 21.465, 21.411, 21.583, 21.655, 21.785, 21.755, 21.465, 21.144, 21.327, 21.739, 22.213, 22.851, 23.177, 23.092, 22.805, 22.11, 22.042, 22.154, 22.186], [19.149, 19.107, 19.383, 19.666, 19.556, 19.814, 18.23, 14.223, 13.169, 13.111, 12.942, 12.746, 12.245, 11.289, 11.105, 10.945, 10.404, 10.609, 10.169, 7.398, 4.248, 2.832, 1.977, 0.0, 3.331, 7.309, 12.133, 16.344, 18.623, 19.681, 19.617, 19.491, 20.123, 20.946, 21.916, 22.102, 22.215, 22.312, 22.542, 21.85, 20.438, 19.423, 19.385, 19.528, 20.0, 20.985, 20.822, 20.34, 20.167, 19.974, 20.273, 20.887, 21.188, 21.758, 22.746, 23.333, 23.551, 23.63, 23.549, 23.242, 23.138, 23.159, 22.885, 22.715, 22.432, 21.968, 21.682, 21.451, 21.392, 21.567, 21.668, 21.832, 21.807, 21.5, 21.145, 21.315, 21.75, 22.247, 22.971, 23.38, 23.306, 22.964, 22.163, 22.035, 22.141, 22.145], [20.222, 20.22, 20.486, 20.77, 20.671, 20.965, 19.495, 15.453, 14.158, 14.083, 13.986, 13.778, 13.223, 12.352, 12.225, 12.109, 11.622, 11.716, 11.266, 8.804, 6.128, 5.092, 4.784, 3.331, 0.0, 4.657, 10.22, 14.799, 17.138, 18.158, 18.129, 18.129, 18.825, 19.639, 20.594, 20.845, 21.002, 21.089, 21.291, 20.615, 19.367, 18.728, 19.044, 19.293, 19.78, 20.796, 20.788, 20.443, 20.294, 20.106, 20.441, 21.117, 21.469, 22.049, 23.036, 23.58, 23.794, 23.895, 23.818, 23.497, 23.375, 23.393, 23.098, 22.93, 22.654, 22.209, 21.927, 21.682, 21.618, 21.807, 21.951, 22.148, 22.126, 21.783, 21.364, 21.529, 21.97, 22.476, 23.248, 23.682, 23.593, 23.169, 22.295, 22.169, 22.295, 22.255], [21.635, 21.644, 21.873, 22.101, 22.027, 22.299, 20.92, 17.192, 15.874, 15.666, 15.533, 15.327, 14.866, 14.069, 13.98, 14.02, 13.809, 13.943, 13.516, 11.328, 9.029, 8.259, 8.217, 7.309, 4.657, 0.0, 6.424, 11.799, 14.367, 15.441, 15.45, 15.53, 16.304, 17.163, 18.17, 18.524, 18.788, 18.902, 19.079, 18.425, 17.446, 17.375, 18.214, 18.638, 19.286, 20.452, 20.584, 20.371, 20.247, 20.048, 20.412, 21.117, 21.483, 22.108, 23.131, 23.638, 23.846, 23.951, 23.869, 23.551, 23.439, 23.459, 23.125, 22.946, 22.704, 22.324, 22.058, 21.784, 21.718, 21.938, 22.133, 22.356, 22.335, 21.951, 21.442, 21.617, 22.073, 22.585, 23.311, 23.675, 23.561, 23.068, 22.2, 22.167, 22.35, 22.284], [23.401, 23.42, 23.671, 23.952, 23.9, 24.16, 23.08, 19.913, 18.651, 18.362, 18.216, 18.027, 17.639, 16.945, 16.879, 16.992, 16.87, 16.929, 16.625, 14.894, 13.137, 12.706, 12.773, 12.133, 10.22, 6.424, 0.0, 6.23, 9.49, 10.986, 11.069, 11.177, 12.069, 13.044, 14.246, 14.911, 15.411, 15.567, 15.735, 15.148, 14.625, 15.573, 17.309, 18.055, 18.891, 20.182, 20.549, 20.55, 20.489, 20.301, 20.704, 21.46, 21.809, 22.46, 23.454, 23.815, 24.014, 24.143, 24.039, 23.7, 23.648, 23.707, 23.31, 23.102, 22.924, 22.676, 22.467, 22.16, 22.1, 22.375, 22.641, 22.92, 22.899, 22.501, 21.942, 22.134, 22.592, 23.071, 23.741, 24.014, 23.855, 23.269, 22.375, 22.401, 22.624, 22.53], [25.231, 25.261, 25.521, 25.862, 25.823, 26.082, 25.401, 22.849, 21.709, 21.459, 21.347, 21.129, 20.714, 20.133, 20.073, 20.146, 19.918, 19.811, 19.613, 18.334, 17.036, 16.796, 16.909, 16.344, 14.799, 11.799, 6.23, 0.0, 4.166, 6.447, 6.751, 7.419, 8.679, 9.763, 11.226, 12.366, 13.172, 13.439, 13.604, 13.168, 13.337, 15.483, 17.993, 19.028, 20.029, 21.341, 21.889, 22.065, 22.069, 21.933, 22.351, 23.112, 23.437, 24.027, 24.824, 24.958, 25.119, 25.252, 25.128, 24.78, 24.774, 24.872, 24.459, 24.261, 24.151, 24.018, 23.887, 23.612, 23.586, 23.883, 24.167, 24.462, 24.438, 24.095, 23.595, 23.777, 24.145, 24.5, 25.019, 25.126, 24.922, 24.261, 23.391, 23.463, 23.681, 23.567], [26.674, 26.697, 26.94, 27.269, 27.251, 27.516, 27.019, 24.708, 23.592, 23.348, 23.242, 22.984, 22.561, 22.08, 22.051, 22.085, 21.776, 21.57, 21.397, 20.32, 19.207, 19.007, 19.153, 18.623, 17.138, 14.367, 9.49, 4.166, 0.0, 2.873, 3.89, 5.907, 7.598, 8.722, 10.296, 11.701, 12.706, 13.061, 13.12, 12.819, 13.715, 16.683, 19.517, 20.657, 21.77, 23.112, 23.724, 23.94, 23.971, 23.862, 24.276, 25.008, 25.306, 25.842, 26.473, 26.454, 26.566, 26.68, 26.544, 26.211, 26.207, 26.312, 25.922, 25.757, 25.687, 25.602, 25.511, 25.273, 25.287, 25.582, 25.849, 26.141, 26.113, 25.795, 25.314, 25.469, 25.738, 25.984, 26.381, 26.337, 26.088, 25.401, 24.623, 24.759, 24.966, 24.832], [27.651, 27.668, 27.916, 28.237, 28.23, 28.522, 28.091, 25.743, 24.537, 24.281, 24.191, 23.897, 23.444, 23.037, 23.033, 23.036, 22.68, 22.406, 22.235, 21.26, 20.227, 20.027, 20.197, 19.681, 18.158, 15.441, 10.986, 6.447, 2.873, 0.0, 2.391, 5.885, 7.734, 8.743, 10.221, 11.735, 12.854, 13.273, 13.244, 13.034, 14.408, 17.803, 20.772, 21.934, 23.056, 24.369, 24.994, 25.221, 25.263, 25.171, 25.579, 26.294, 26.579, 27.058, 27.586, 27.489, 27.574, 27.681, 27.544, 27.224, 27.207, 27.311, 26.967, 26.866, 26.827, 26.766, 26.702, 26.492, 26.527, 26.823, 27.082, 27.367, 27.338, 27.031, 26.563, 26.706, 26.926, 27.121, 27.476, 27.356, 27.07, 26.383, 25.672, 25.835, 26.034, 25.889], [27.397, 27.42, 27.671, 27.992, 27.963, 28.237, 27.804, 25.475, 24.301, 24.052, 23.972, 23.714, 23.286, 22.854, 22.833, 22.848, 22.529, 22.278, 22.11, 21.141, 20.134, 19.949, 20.119, 19.617, 18.129, 15.45, 11.069, 6.751, 3.89, 2.391, 0.0, 4.143, 6.335, 7.579, 9.178, 10.707, 11.905, 12.425, 12.537, 12.357, 13.736, 17.17, 20.188, 21.347, 22.439, 23.798, 24.453, 24.692, 24.73, 24.63, 25.059, 25.805, 26.1, 26.557, 27.089, 26.994, 27.09, 27.205, 27.064, 26.744, 26.722, 26.835, 26.512, 26.426, 26.418, 26.382, 26.323, 26.118, 26.164, 26.492, 26.767, 27.051, 27.024, 26.717, 26.268, 26.415, 26.623, 26.835, 27.196, 27.063, 26.768, 26.103, 25.422, 25.592, 25.785, 25.647], [26.572, 26.599, 26.837, 27.152, 27.095, 27.31, 26.845, 24.64, 23.623, 23.378, 23.277, 23.124, 22.815, 22.314, 22.275, 22.335, 22.106, 21.945, 21.782, 20.789, 19.869, 19.784, 19.947, 19.491, 18.129, 15.53, 11.177, 7.419, 5.907, 5.885, 4.143, 0.0, 2.854, 5.061, 7.237, 8.657, 9.899, 10.53, 10.95, 10.795, 11.9, 15.239, 18.352, 19.523, 20.516, 21.984, 22.762, 23.055, 23.095, 22.973, 23.427, 24.238, 24.566, 25.053, 25.669, 25.611, 25.744, 25.878, 25.73, 25.39, 25.369, 25.499, 25.181, 25.038, 25.046, 25.066, 24.998, 24.763, 24.812, 25.2, 25.511, 25.797, 25.767, 25.447, 25.019, 25.193, 25.426, 25.701, 26.137, 26.074, 25.771, 25.135, 24.468, 24.659, 24.864, 24.742], [26.85, 26.881, 27.117, 27.451, 27.395, 27.597, 27.14, 24.971, 23.963, 23.711, 23.602, 23.476, 23.205, 22.721, 22.697, 22.761, 22.506, 22.315, 22.165, 21.225, 20.387, 20.366, 20.548, 20.123, 18.825, 16.304, 12.069, 8.679, 7.598, 7.734, 6.335, 2.854, 0.0, 2.848, 5.531, 7.179, 8.627, 9.37, 9.921, 9.81, 10.921, 14.538, 17.942, 19.183, 20.017, 21.454, 22.385, 22.779, 22.851, 22.748, 23.193, 24.018, 24.36, 24.851, 25.488, 25.397, 25.545, 25.704, 25.557, 25.203, 25.185, 25.33, 25.014, 24.832, 24.838, 24.908, 24.866, 24.633, 24.692, 25.116, 25.458, 25.754, 25.724, 25.421, 25.043, 25.252, 25.508, 25.804, 26.309, 26.277, 25.96, 25.335, 24.682, 24.886, 25.105, 24.989], [27.617, 27.659, 27.907, 28.272, 28.227, 28.436, 28.013, 25.854, 24.79, 24.537, 24.436, 24.296, 23.998, 23.534, 23.519, 23.572, 23.257, 23.001, 22.86, 21.98, 21.168, 21.156, 21.366, 20.946, 19.639, 17.163, 13.044, 9.763, 8.722, 8.743, 7.579, 5.061, 2.848, 0.0, 3.159, 5.599, 7.479, 8.412, 8.984, 8.936, 10.267, 14.358, 18.123, 19.467, 20.206, 21.598, 22.665, 23.149, 23.259, 23.2, 23.632, 24.452, 24.805, 25.273, 25.894, 25.745, 25.899, 26.082, 25.931, 25.569, 25.573, 25.73, 25.417, 25.239, 25.244, 25.343, 25.339, 25.131, 25.205, 25.649, 26.012, 26.316, 26.291, 26.023, 25.698, 25.932, 26.194, 26.479, 27.004, 26.957, 26.633, 26.004, 25.349, 25.546, 25.77, 25.641], [28.478, 28.553, 28.807, 29.201, 29.168, 29.377, 28.974, 26.848, 25.748, 25.488, 25.391, 25.257, 24.924, 24.463, 24.455, 24.511, 24.181, 23.926, 23.794, 22.948, 22.132, 22.113, 22.334, 21.916, 20.594, 18.17, 14.246, 11.226, 10.296, 10.221, 9.178, 7.237, 5.531, 3.159, 0.0, 3.624, 6.076, 7.239, 7.867, 7.967, 9.62, 14.115, 18.232, 19.674, 20.317, 21.679, 22.9, 23.494, 23.648, 23.647, 24.093, 24.925, 25.29, 25.715, 26.32, 26.124, 26.287, 26.506, 26.363, 26.003, 26.028, 26.194, 25.895, 25.742, 25.758, 25.889, 25.925, 25.74, 25.844, 26.341, 26.748, 27.064, 27.049, 26.807, 26.516, 26.763, 27.018, 27.286, 27.804, 27.733, 27.395, 26.748, 26.095, 26.273, 26.497, 26.36], [28.32, 28.402, 28.624, 28.989, 28.957, 29.116, 28.693, 26.716, 25.726, 25.471, 25.366, 25.268, 24.933, 24.364, 24.316, 24.403, 24.162, 24.004, 23.891, 23.045, 22.25, 22.254, 22.477, 22.102, 20.845, 18.524, 14.911, 12.366, 11.701, 11.735, 10.707, 8.657, 7.179, 5.599, 3.624, 0.0, 2.99, 4.645, 5.562, 5.963, 7.914, 12.668, 16.988, 18.474, 19.128, 20.581, 21.883, 22.568, 22.766, 22.786, 23.24, 24.071, 24.419, 24.819, 25.411, 25.217, 25.402, 25.648, 25.537, 25.208, 25.241, 25.427, 25.174, 25.045, 25.062, 25.202, 25.254, 25.093, 25.205, 25.777, 26.24, 26.551, 26.54, 26.296, 26.035, 26.329, 26.596, 26.854, 27.266, 27.192, 26.855, 26.201, 25.603, 25.822, 26.05, 25.956], [28.291, 28.368, 28.572, 28.916, 28.886, 29.018, 28.578, 26.693, 25.774, 25.542, 25.44, 25.378, 25.02, 24.357, 24.281, 24.379, 24.15, 24.021, 23.93, 23.101, 22.323, 22.354, 22.58, 22.215, 21.002, 18.788, 15.411, 13.172, 12.706, 12.854, 11.905, 9.899, 8.627, 7.479, 6.076, 2.99, 0.0, 2.197, 3.526, 4.268, 6.508, 11.462, 15.952, 17.482, 18.122, 19.615, 21.013, 21.846, 22.102, 22.118, 22.576, 23.405, 23.747, 24.119, 24.695, 24.488, 24.688, 24.97, 24.888, 24.572, 24.593, 24.799, 24.564, 24.452, 24.466, 24.593, 24.655, 24.502, 24.59, 25.189, 25.725, 26.07, 26.07, 25.824, 25.564, 25.874, 26.181, 26.463, 26.83, 26.792, 26.461, 25.764, 25.117, 25.348, 25.608, 25.542], [28.517, 28.595, 28.794, 29.154, 29.131, 29.271, 28.809, 26.895, 25.98, 25.756, 25.648, 25.599, 25.225, 24.526, 24.455, 24.554, 24.289, 24.13, 24.05, 23.218, 22.417, 22.465, 22.698, 22.312, 21.089, 18.902, 15.567, 13.439, 13.061, 13.273, 12.425, 10.53, 9.37, 8.412, 7.239, 4.645, 2.197, 0.0, 1.939, 3.176, 5.861, 11.015, 15.62, 17.192, 17.784, 19.223, 20.692, 21.657, 21.973, 21.987, 22.474, 23.335, 23.693, 24.084, 24.681, 24.461, 24.658, 24.971, 24.905, 24.576, 24.55, 24.761, 24.517, 24.396, 24.399, 24.499, 24.56, 24.393, 24.46, 25.057, 25.646, 26.05, 26.063, 25.809, 25.52, 25.82, 26.164, 26.474, 26.879, 26.904, 26.571, 25.823, 25.094, 25.303, 25.58, 25.519], [28.88, 28.961, 29.163, 29.524, 29.524, 29.687, 29.23, 27.279, 26.328, 26.103, 25.996, 25.932, 25.533, 24.839, 24.776, 24.871, 24.573, 24.384, 24.307, 23.478, 22.643, 22.684, 22.935, 22.542, 21.291, 19.079, 15.735, 13.604, 13.12, 13.244, 12.537, 10.95, 9.921, 8.984, 7.867, 5.562, 3.526, 1.939, 0.0, 2.172, 5.729, 11.14, 15.838, 17.439, 18.062, 19.497, 20.984, 21.991, 22.325, 22.341, 22.828, 23.671, 24.022, 24.432, 25.045, 24.808, 25.005, 25.335, 25.281, 24.96, 24.915, 25.123, 24.889, 24.797, 24.785, 24.851, 24.915, 24.75, 24.802, 25.374, 25.966, 26.386, 26.406, 26.148, 25.853, 26.173, 26.553, 26.864, 27.253, 27.252, 26.907, 26.13, 25.391, 25.617, 25.907, 25.84], [28.438, 28.523, 28.727, 29.069, 29.071, 29.249, 28.763, 26.756, 25.789, 25.556, 25.443, 25.383, 24.989, 24.282, 24.221, 24.31, 23.975, 23.766, 23.68, 22.823, 21.96, 21.992, 22.244, 21.85, 20.615, 18.425, 15.148, 13.168, 12.819, 13.034, 12.357, 10.795, 9.81, 8.936, 7.967, 5.963, 4.268, 3.176, 2.172, 0.0, 4.223, 10.131, 14.997, 16.621, 17.231, 18.771, 20.294, 21.319, 21.645, 21.624, 22.125, 22.993, 23.346, 23.771, 24.433, 24.214, 24.415, 24.738, 24.675, 24.346, 24.284, 24.507, 24.282, 24.16, 24.136, 24.176, 24.235, 24.068, 24.116, 24.691, 25.287, 25.715, 25.733, 25.48, 25.187, 25.521, 25.928, 26.254, 26.672, 26.685, 26.344, 25.557, 24.788, 25.018, 25.322, 25.255], [26.953, 27.045, 27.238, 27.554, 27.536, 27.68, 27.122, 25.236, 24.438, 24.225, 24.078, 24.074, 23.738, 22.932, 22.845, 22.985, 22.74, 22.656, 22.557, 21.558, 20.592, 20.594, 20.802, 20.438, 19.367, 17.446, 14.625, 13.337, 13.715, 14.408, 13.736, 11.9, 10.921, 10.267, 9.62, 7.914, 6.508, 5.861, 5.729, 4.223, 0.0, 6.541, 11.852, 13.597, 14.202, 16.04, 17.653, 18.728, 19.082, 19.03, 19.564, 20.497, 20.884, 21.373, 22.221, 22.152, 22.41, 22.737, 22.676, 22.324, 22.265, 22.495, 22.277, 22.11, 22.044, 22.045, 22.084, 21.916, 21.958, 22.558, 23.175, 23.601, 23.621, 23.393, 23.176, 23.576, 24.073, 24.51, 25.003, 25.121, 24.824, 24.085, 23.262, 23.436, 23.739, 23.71], [25.107, 25.183, 25.327, 25.558, 25.499, 25.552, 24.915, 23.522, 23.231, 23.092, 22.868, 22.983, 22.796, 21.778, 21.6, 21.86, 21.894, 22.15, 22.039, 20.777, 19.643, 19.586, 19.693, 19.423, 18.728, 17.375, 15.573, 15.483, 16.683, 17.803, 17.17, 15.239, 14.538, 14.358, 14.115, 12.668, 11.462, 11.015, 11.14, 10.131, 6.541, 0.0, 5.925, 8.059, 9.206, 11.976, 13.598, 14.757, 15.208, 15.2, 15.801, 16.757, 17.244, 17.912, 19.124, 19.419, 19.811, 20.179, 20.168, 19.794, 19.784, 19.988, 19.731, 19.653, 19.544, 19.429, 19.406, 19.238, 19.277, 19.87, 20.492, 20.885, 20.921, 20.715, 20.571, 21.077, 21.776, 22.449, 22.998, 23.26, 23.053, 22.439, 21.589, 21.618, 21.87, 21.941], [23.956, 23.988, 24.066, 24.179, 24.079, 24.029, 23.353, 22.472, 22.694, 22.644, 22.384, 22.571, 22.556, 21.432, 21.159, 21.487, 21.747, 22.248, 22.115, 20.72, 19.596, 19.539, 19.555, 19.385, 19.044, 18.214, 17.309, 17.993, 19.517, 20.772, 20.188, 18.352, 17.942, 18.123, 18.232, 16.988, 15.952, 15.62, 15.838, 14.997, 11.852, 5.925, 0.0, 2.942, 6.197, 10.088, 11.219, 12.231, 12.756, 12.805, 13.452, 14.334, 14.911, 15.827, 17.332, 17.975, 18.401, 18.722, 18.753, 18.371, 18.387, 18.548, 18.294, 18.336, 18.223, 18.037, 17.918, 17.707, 17.708, 18.24, 18.802, 19.116, 19.146, 18.95, 18.822, 19.322, 20.129, 20.94, 21.446, 21.83, 21.721, 21.272, 20.489, 20.397, 20.542, 20.696], [23.585, 23.607, 23.662, 23.737, 23.627, 23.545, 22.851, 22.159, 22.547, 22.526, 22.276, 22.497, 22.538, 21.394, 21.103, 21.464, 21.813, 22.385, 22.233, 20.813, 19.724, 19.677, 19.665, 19.528, 19.293, 18.638, 18.055, 19.028, 20.657, 21.934, 21.347, 19.523, 19.183, 19.467, 19.674, 18.474, 17.482, 17.192, 17.439, 16.621, 13.597, 8.059, 2.942, 0.0, 4.938, 9.356, 10.289, 11.287, 11.829, 11.886, 12.542, 13.41, 14.037, 15.054, 16.671, 17.448, 17.891, 18.197, 18.241, 17.869, 17.884, 18.03, 17.847, 17.958, 17.853, 17.649, 17.498, 17.274, 17.264, 17.794, 18.339, 18.617, 18.637, 18.438, 18.314, 18.812, 19.67, 20.558, 21.051, 21.448, 21.369, 20.989, 20.253, 20.131, 20.241, 20.418], [24.065, 24.106, 24.195, 24.359, 24.26, 24.264, 23.578, 22.607, 22.802, 22.803, 22.634, 22.94, 22.956, 21.862, 21.624, 21.907, 22.098, 22.592, 22.47, 21.141, 20.145, 20.194, 20.197, 20.0, 19.78, 19.286, 18.891, 20.029, 21.77, 23.056, 22.439, 20.516, 20.017, 20.206, 20.317, 19.128, 18.122, 17.784, 18.062, 17.231, 14.202, 9.206, 6.197, 4.938, 0.0, 5.318, 7.398, 9.335, 10.15, 10.388, 11.28, 12.38, 13.124, 14.078, 15.77, 16.389, 16.892, 17.384, 17.457, 17.042, 17.006, 17.183, 16.992, 17.11, 17.019, 16.865, 16.82, 16.648, 16.687, 17.34, 18.055, 18.456, 18.506, 18.334, 18.258, 18.792, 19.75, 20.755, 21.653, 22.335, 22.253, 21.767, 20.811, 20.586, 20.746, 20.937], [24.749, 24.806, 24.914, 25.14, 25.05, 25.132, 24.5, 23.358, 23.38, 23.398, 23.3, 23.693, 23.675, 22.639, 22.448, 22.644, 22.701, 23.139, 23.088, 21.91, 21.051, 21.182, 21.208, 20.985, 20.796, 20.452, 20.182, 21.341, 23.112, 24.369, 23.798, 21.984, 21.454, 21.598, 21.679, 20.581, 19.615, 19.223, 19.497, 18.771, 16.04, 11.976, 10.088, 9.356, 5.318, 0.0, 4.22, 7.717, 8.856, 9.447, 10.544, 11.738, 12.554, 13.4, 15.073, 15.536, 16.0, 16.657, 16.816, 16.397, 16.262, 16.422, 16.309, 16.512, 16.433, 16.358, 16.408, 16.276, 16.296, 17.024, 17.909, 18.425, 18.52, 18.388, 18.385, 18.896, 19.894, 20.94, 22.17, 23.219, 23.209, 22.629, 21.478, 21.093, 21.264, 21.508], [23.845, 23.886, 23.949, 24.094, 23.977, 23.996, 23.334, 22.55, 22.853, 22.882, 22.743, 23.166, 23.255, 22.199, 21.968, 22.217, 22.439, 23.001, 22.928, 21.695, 20.854, 20.962, 20.956, 20.822, 20.788, 20.584, 20.549, 21.889, 23.724, 24.994, 24.453, 22.762, 22.385, 22.665, 22.9, 21.883, 21.013, 20.692, 20.984, 20.294, 17.653, 13.598, 11.219, 10.289, 7.398, 4.22, 0.0, 4.423, 5.958, 6.816, 8.122, 9.403, 10.322, 11.332, 13.166, 13.869, 14.356, 14.951, 15.146, 14.767, 14.675, 14.815, 14.811, 15.135, 15.083, 15.032, 15.07, 14.961, 14.986, 15.748, 16.648, 17.127, 17.224, 17.096, 17.125, 17.598, 18.584, 19.684, 20.858, 21.971, 22.114, 21.669, 20.649, 20.263, 20.375, 20.675], [22.749, 22.767, 22.803, 22.899, 22.749, 22.682, 21.965, 21.518, 22.149, 22.192, 21.994, 22.403, 22.585, 21.558, 21.302, 21.616, 22.046, 22.757, 22.641, 21.293, 20.394, 20.45, 20.4, 20.34, 20.443, 20.371, 20.55, 22.065, 23.94, 25.221, 24.692, 23.055, 22.779, 23.149, 23.494, 22.568, 21.846, 21.657, 21.991, 21.319, 18.728, 14.757, 12.231, 11.287, 9.335, 7.717, 4.423, 0.0, 2.318, 4.086, 5.761, 7.353, 8.448, 9.7, 11.753, 12.713, 13.284, 13.782, 13.948, 13.53, 13.578, 13.705, 13.683, 14.071, 14.025, 14.011, 14.019, 13.92, 14.04, 14.847, 15.669, 16.072, 16.149, 16.026, 16.103, 16.597, 17.585, 18.744, 19.834, 20.835, 21.062, 20.816, 20.04, 19.757, 19.821, 20.138], [22.435, 22.453, 22.485, 22.562, 22.398, 22.307, 21.549, 21.165, 21.873, 21.915, 21.704, 22.117, 22.318, 21.296, 21.047, 21.389, 21.888, 22.653, 22.531, 21.146, 20.221, 20.264, 20.21, 20.167, 20.294, 20.247, 20.489, 22.069, 23.971, 25.263, 24.73, 23.095, 22.851, 23.259, 23.648, 22.766, 22.102, 21.973, 22.325, 21.645, 19.082, 15.208, 12.756, 11.829, 10.15, 8.856, 5.958, 2.318, 0.0, 2.706, 4.664, 6.376, 7.575, 8.962, 11.186, 12.277, 12.886, 13.368, 13.535, 13.095, 13.124, 13.246, 13.241, 13.634, 13.608, 13.597, 13.578, 13.46, 13.559, 14.349, 15.125, 15.494, 15.568, 15.441, 15.535, 16.099, 17.159, 18.34, 19.445, 20.463, 20.71, 20.513, 19.789, 19.527, 19.589, 19.922], [22.334, 22.357, 22.381, 22.424, 22.251, 22.153, 21.356, 20.958, 21.686, 21.729, 21.514, 21.94, 22.158, 21.109, 20.838, 21.193, 21.707, 22.473, 22.343, 20.939, 19.998, 20.039, 19.999, 19.974, 20.106, 20.048, 20.301, 21.933, 23.862, 25.171, 24.63, 22.973, 22.748, 23.2, 23.647, 22.786, 22.118, 21.987, 22.341, 21.624, 19.03, 15.2, 12.805, 11.886, 10.388, 9.447, 6.816, 4.086, 2.706, 0.0, 2.595, 4.974, 6.39, 7.914, 10.408, 11.637, 12.252, 12.741, 12.928, 12.498, 12.453, 12.569, 12.67, 13.061, 13.092, 13.157, 13.152, 13.038, 13.075, 13.822, 14.591, 14.952, 15.02, 14.897, 15.002, 15.592, 16.683, 17.848, 18.969, 20.046, 20.312, 20.118, 19.397, 19.221, 19.323, 19.66], [22.376, 22.398, 22.404, 22.416, 22.24, 22.116, 21.31, 21.014, 21.79, 21.835, 21.618, 22.041, 22.271, 21.212, 20.925, 21.292, 21.863, 22.664, 22.527, 21.145, 20.255, 20.299, 20.261, 20.273, 20.441, 20.412, 20.704, 22.351, 24.276, 25.579, 25.059, 23.427, 23.193, 23.632, 24.093, 23.24, 22.576, 22.474, 22.828, 22.125, 19.564, 15.801, 13.452, 12.542, 11.28, 10.544, 8.122, 5.761, 4.664, 2.595, 0.0, 3.043, 4.809, 6.529, 9.301, 10.76, 11.486, 12.002, 12.226, 11.886, 11.934, 12.064, 12.305, 12.764, 12.824, 12.994, 13.048, 13.006, 12.99, 13.617, 14.318, 14.616, 14.673, 14.593, 14.799, 15.439, 16.53, 17.664, 18.699, 19.786, 20.098, 19.969, 19.326, 19.253, 19.429, 19.815], [22.613, 22.639, 22.622, 22.581, 22.411, 22.244, 21.428, 21.31, 22.146, 22.18, 21.96, 22.394, 22.652, 21.578, 21.279, 21.661, 22.28, 23.143, 23.034, 21.682, 20.835, 20.868, 20.826, 20.887, 21.117, 21.117, 21.46, 23.112, 25.008, 26.294, 25.805, 24.238, 24.018, 24.452, 24.925, 24.071, 23.405, 23.335, 23.671, 22.993, 20.497, 16.757, 14.334, 13.41, 12.38, 11.738, 9.403, 7.353, 6.376, 4.974, 3.043, 0.0, 2.441, 4.863, 8.065, 9.851, 10.648, 11.138, 11.405, 11.234, 11.448, 11.602, 11.942, 12.514, 12.596, 12.802, 12.916, 12.965, 12.894, 13.363, 13.963, 14.183, 14.252, 14.212, 14.502, 15.228, 16.38, 17.502, 18.475, 19.638, 20.029, 19.967, 19.39, 19.324, 19.54, 20.032], [22.771, 22.8, 22.789, 22.747, 22.581, 22.399, 21.566, 21.482, 22.338, 22.361, 22.138, 22.569, 22.829, 21.762, 21.473, 21.864, 22.49, 23.348, 23.267, 21.968, 21.132, 21.143, 21.096, 21.188, 21.469, 21.483, 21.809, 23.437, 25.306, 26.579, 26.1, 24.566, 24.36, 24.805, 25.29, 24.419, 23.747, 23.693, 24.022, 23.346, 20.884, 17.244, 14.911, 14.037, 13.124, 12.554, 10.322, 8.448, 7.575, 6.39, 4.809, 2.441, 0.0, 3.394, 7.145, 9.155, 10.079, 10.557, 10.84, 10.843, 11.204, 11.44, 11.879, 12.477, 12.569, 12.778, 12.978, 13.139, 13.03, 13.42, 13.967, 14.16, 14.234, 14.195, 14.506, 15.303, 16.503, 17.6, 18.507, 19.694, 20.142, 20.099, 19.559, 19.536, 19.772, 20.327], [22.912, 22.954, 22.964, 22.954, 22.795, 22.639, 21.835, 21.733, 22.546, 22.566, 22.355, 22.796, 23.048, 21.989, 21.711, 22.093, 22.696, 23.515, 23.452, 22.34, 21.706, 21.73, 21.66, 21.758, 22.049, 22.108, 22.46, 24.027, 25.842, 27.058, 26.557, 25.053, 24.851, 25.273, 25.715, 24.819, 24.119, 24.084, 24.432, 23.771, 21.373, 17.912, 15.827, 15.054, 14.078, 13.4, 11.332, 9.7, 8.962, 7.914, 6.529, 4.863, 3.394, 0.0, 4.407, 6.833, 7.943, 8.591, 8.959, 9.09, 9.602, 9.941, 10.728, 11.599, 11.79, 12.132, 12.485, 12.833, 12.774, 13.182, 13.802, 14.035, 14.111, 14.116, 14.552, 15.405, 16.594, 17.686, 18.648, 19.901, 20.372, 20.333, 19.792, 19.761, 20.013, 20.583], [23.273, 23.311, 23.321, 23.322, 23.168, 23.026, 22.286, 22.234, 23.002, 23.01, 22.804, 23.224, 23.47, 22.455, 22.193, 22.548, 23.11, 23.866, 23.815, 22.942, 22.626, 22.737, 22.652, 22.746, 23.036, 23.131, 23.454, 24.824, 26.473, 27.586, 27.089, 25.669, 25.488, 25.894, 26.32, 25.411, 24.695, 24.681, 25.045, 24.433, 22.221, 19.124, 17.332, 16.671, 15.77, 15.073, 13.166, 11.753, 11.186, 10.408, 9.301, 8.065, 7.145, 4.407, 0.0, 3.398, 4.956, 5.778, 6.369, 6.717, 7.508, 8.126, 9.408, 10.528, 10.845, 11.367, 11.885, 12.469, 12.551, 13.03, 13.714, 13.971, 14.041, 14.094, 14.699, 15.576, 16.63, 17.645, 18.616, 19.96, 20.495, 20.519, 20.071, 20.046, 20.264, 20.838], [23.828, 23.872, 23.894, 23.933, 23.795, 23.694, 23.031, 22.873, 23.495, 23.499, 23.325, 23.738, 23.937, 22.977, 22.767, 23.06, 23.474, 24.111, 24.076, 23.323, 23.128, 23.323, 23.269, 23.333, 23.58, 23.638, 23.815, 24.958, 26.454, 27.489, 26.994, 25.611, 25.397, 25.745, 26.124, 25.217, 24.488, 24.461, 24.808, 24.214, 22.152, 19.419, 17.975, 17.448, 16.389, 15.536, 13.869, 12.713, 12.277, 11.637, 10.76, 9.851, 9.155, 6.833, 3.398, 0.0, 2.615, 4.103, 4.792, 5.239, 6.217, 7.021, 8.522, 9.829, 10.265, 11.009, 11.689, 12.356, 12.526, 13.085, 13.851, 14.204, 14.277, 14.358, 14.996, 15.826, 16.812, 17.782, 18.924, 20.336, 20.862, 20.85, 20.354, 20.308, 20.518, 21.073], [23.95, 23.994, 24.003, 24.023, 23.89, 23.807, 23.161, 23.013, 23.611, 23.603, 23.425, 23.841, 24.06, 23.12, 22.93, 23.216, 23.605, 24.223, 24.188, 23.464, 23.308, 23.512, 23.475, 23.551, 23.794, 23.846, 24.014, 25.119, 26.566, 27.574, 27.09, 25.744, 25.545, 25.899, 26.287, 25.402, 24.688, 24.658, 25.005, 24.415, 22.41, 19.811, 18.401, 17.891, 16.892, 16.0, 14.356, 13.284, 12.886, 12.252, 11.486, 10.648, 10.079, 7.943, 4.956, 2.615, 0.0, 2.141, 3.147, 3.802, 4.84, 5.804, 7.856, 9.34, 9.84, 10.739, 11.407, 12.059, 12.27, 12.878, 13.69, 14.076, 14.144, 14.237, 14.885, 15.645, 16.521, 17.422, 18.687, 20.234, 20.771, 20.771, 20.285, 20.21, 20.391, 20.946], [23.855, 23.888, 23.879, 23.864, 23.727, 23.626, 22.986, 22.927, 23.573, 23.559, 23.365, 23.777, 24.036, 23.1, 22.902, 23.205, 23.64, 24.283, 24.235, 23.512, 23.381, 23.577, 23.532, 23.63, 23.895, 23.951, 24.143, 25.252, 26.68, 27.681, 27.205, 25.878, 25.704, 26.082, 26.506, 25.648, 24.97, 24.971, 25.335, 24.738, 22.737, 20.179, 18.722, 18.197, 17.384, 16.657, 14.951, 13.782, 13.368, 12.741, 12.002, 11.138, 10.557, 8.591, 5.778, 4.103, 2.141, 0.0, 1.514, 2.867, 4.304, 5.531, 7.897, 9.263, 9.722, 10.624, 11.222, 11.894, 12.129, 12.722, 13.478, 13.806, 13.852, 13.932, 14.604, 15.347, 16.105, 16.96, 18.231, 19.853, 20.46, 20.529, 20.121, 20.063, 20.219, 20.787], [23.794, 23.828, 23.818, 23.802, 23.661, 23.563, 22.937, 22.867, 23.503, 23.49, 23.298, 23.71, 23.978, 23.046, 22.852, 23.148, 23.569, 24.203, 24.147, 23.422, 23.292, 23.494, 23.451, 23.549, 23.818, 23.869, 24.039, 25.128, 26.544, 27.544, 27.064, 25.73, 25.557, 25.931, 26.363, 25.537, 24.888, 24.905, 25.281, 24.675, 22.676, 20.168, 18.753, 18.241, 17.457, 16.816, 15.146, 13.948, 13.535, 12.928, 12.226, 11.405, 10.84, 8.959, 6.369, 4.792, 3.147, 1.514, 0.0, 2.214, 4.104, 5.425, 7.823, 9.122, 9.56, 10.474, 11.054, 11.723, 12.003, 12.6, 13.324, 13.648, 13.68, 13.75, 14.418, 15.158, 15.893, 16.76, 18.107, 19.761, 20.393, 20.476, 20.057, 19.991, 20.145, 20.707], [23.596, 23.634, 23.642, 23.66, 23.519, 23.438, 22.805, 22.663, 23.27, 23.262, 23.073, 23.484, 23.746, 22.816, 22.624, 22.906, 23.299, 23.927, 23.876, 23.137, 23.001, 23.211, 23.166, 23.242, 23.497, 23.551, 23.7, 24.78, 26.211, 27.224, 26.744, 25.39, 25.203, 25.569, 26.003, 25.208, 24.572, 24.576, 24.96, 24.346, 22.324, 19.794, 18.371, 17.869, 17.042, 16.397, 14.767, 13.53, 13.095, 12.498, 11.886, 11.234, 10.843, 9.09, 6.717, 5.239, 3.802, 2.867, 2.214, 0.0, 2.617, 4.162, 6.508, 7.98, 8.478, 9.531, 10.131, 10.75