[[0.0, 2.403, 4.992, 8.036, 9.665, 11.157, 12.739, 13.799, 14.236, 14.373, 15.057, 15.636, 16.191, 16.818, 17.107, 17.386, 17.413, 17.242, 17.444, 17.267, 18.097, 18.725, 18.834, 19.068, 19.234, 19.229, 19.427, 19.606, 19.626, 19.628, 19.531, 19.544, 19.733, 19.885, 20.093, 20.296, 20.383, 20.987, 21.889, 22.186, 21.58, 21.033, 20.643, 20.359, 20.497, 20.227, 19.531, 19.615, 21.094, 22.533, 22.929, 23.01, 23.8, 24.771, 24.578, 24.357, 24.484, 24.261, 24.048, 24.099, 23.456, 22.818, 22.487, 22.212, 22.225, 22.075, 22.022, 21.822, 21.739, 21.739, 21.638, 21.318, 20.653, 20.143, 19.756, 19.789, 19.581, 19.057, 18.996, 18.925, 18.777, 18.219, 17.427, 17.155, 17.173, 17.185], [2.403, 0.0, 3.618, 7.237, 8.925, 10.434, 12.087, 13.218, 13.702, 13.826, 14.529, 15.143, 15.753, 16.41, 16.705, 16.982, 17.004, 16.836, 17.048, 16.864, 17.739, 18.401, 18.497, 18.724, 18.888, 18.884, 19.1, 19.306, 19.322, 19.314, 19.215, 19.23, 19.428, 19.586, 19.865, 20.169, 20.306, 20.929, 21.856, 22.181, 21.582, 21.028, 20.635, 20.359, 20.503, 20.229, 19.502, 19.564, 21.055, 22.508, 22.904, 22.982, 23.779, 24.725, 24.516, 24.291, 24.411, 24.178, 23.969, 24.026, 23.353, 22.695, 22.355, 22.055, 22.058, 21.902, 21.833, 21.624, 21.532, 21.529, 21.427, 21.101, 20.432, 19.932, 19.564, 19.601, 19.408, 18.897, 18.819, 18.77, 18.62, 18.025, 17.206, 16.947, 16.974, 16.988], [4.992, 3.618, 0.0, 4.523, 7.133, 9.002, 10.919, 12.236, 12.83, 12.92, 13.609, 14.356, 15.144, 15.943, 16.242, 16.536, 16.67, 16.613, 16.897, 16.683, 17.487, 18.21, 18.306, 18.545, 18.723, 18.715, 18.917, 19.075, 19.111, 19.086, 19.003, 19.093, 19.329, 19.492, 19.729, 20.075, 20.362, 21.035, 21.903, 22.206, 21.631, 21.09, 20.684, 20.393, 20.518, 20.229, 19.526, 19.654, 21.142, 22.533, 22.911, 22.988, 23.716, 24.678, 24.539, 24.317, 24.388, 24.126, 23.947, 24.022, 23.392, 22.797, 22.46, 22.185, 22.192, 22.024, 21.933, 21.739, 21.665, 21.656, 21.568, 21.273, 20.651, 20.175, 19.813, 19.854, 19.663, 19.206, 19.15, 19.116, 19.005, 18.375, 17.513, 17.31, 17.344, 17.359], [8.036, 7.237, 4.523, 0.0, 3.999, 7.012, 9.487, 10.966, 11.651, 11.678, 12.217, 13.096, 14.13, 15.146, 15.503, 15.806, 16.033, 16.137, 16.543, 16.433, 17.301, 18.05, 18.142, 18.397, 18.573, 18.557, 18.82, 19.008, 19.051, 19.012, 18.956, 19.145, 19.414, 19.573, 19.77, 20.092, 20.491, 21.336, 22.248, 22.558, 21.982, 21.442, 21.046, 20.771, 20.884, 20.582, 19.901, 20.062, 21.523, 22.84, 23.189, 23.256, 23.939, 24.844, 24.674, 24.436, 24.482, 24.213, 24.043, 24.123, 23.473, 22.876, 22.519, 22.244, 22.246, 22.069, 21.963, 21.78, 21.724, 21.72, 21.65, 21.379, 20.757, 20.267, 19.938, 19.986, 19.818, 19.467, 19.429, 19.445, 19.393, 18.763, 17.887, 17.78, 17.828, 17.858], [9.665, 8.925, 7.133, 3.999, 0.0, 4.31, 7.604, 9.252, 9.942, 9.992, 10.614, 11.584, 12.786, 13.931, 14.324, 14.64, 14.901, 15.108, 15.619, 15.719, 16.829, 17.543, 17.594, 17.848, 18.012, 17.986, 18.342, 18.676, 18.723, 18.681, 18.62, 18.833, 19.095, 19.24, 19.475, 19.82, 20.219, 21.195, 22.271, 22.644, 22.065, 21.549, 21.215, 21.005, 21.148, 20.893, 20.264, 20.407, 21.793, 23.1, 23.432, 23.477, 24.209, 25.029, 24.723, 24.482, 24.593, 24.357, 24.151, 24.218, 23.516, 22.844, 22.458, 22.115, 22.095, 21.934, 21.854, 21.669, 21.596, 21.599, 21.53, 21.228, 20.525, 19.994, 19.712, 19.756, 19.614, 19.325, 19.274, 19.325, 19.302, 18.746, 17.997, 17.983, 18.042, 18.077], [11.157, 10.434, 9.002, 7.012, 4.31, 0.0, 3.979, 6.219, 7.147, 7.336, 8.425, 9.587, 10.838, 12.09, 12.526, 12.863, 13.2, 13.541, 14.105, 14.346, 15.659, 16.377, 16.41, 16.696, 16.859, 16.828, 17.211, 17.636, 17.707, 17.655, 17.597, 17.825, 18.076, 18.22, 18.494, 18.932, 19.432, 20.49, 21.69, 22.148, 21.598, 21.111, 20.83, 20.666, 20.834, 20.658, 20.107, 20.245, 21.516, 22.794, 23.133, 23.172, 23.965, 24.795, 24.449, 24.249, 24.448, 24.259, 24.039, 24.103, 23.396, 22.694, 22.298, 21.902, 21.879, 21.719, 21.689, 21.515, 21.429, 21.431, 21.348, 21.026, 20.318, 19.788, 19.51, 19.55, 19.393, 19.107, 19.04, 19.076, 19.028, 18.53, 18.023, 18.177, 18.247, 18.278], [12.739, 12.087, 10.919, 9.487, 7.604, 3.979, 0.0, 3.059, 4.512, 4.947, 6.643, 7.99, 9.109, 10.36, 10.85, 11.206, 11.623, 12.133, 12.761, 13.071, 14.515, 15.273, 15.335, 15.697, 15.87, 15.836, 16.18, 16.618, 16.706, 16.64, 16.599, 16.851, 17.11, 17.259, 17.561, 18.119, 18.777, 19.908, 21.165, 21.723, 21.262, 20.798, 20.522, 20.378, 20.566, 20.444, 19.964, 20.102, 21.246, 22.454, 22.796, 22.818, 23.599, 24.442, 24.109, 23.954, 24.199, 24.043, 23.832, 23.904, 23.201, 22.491, 22.104, 21.69, 21.675, 21.506, 21.515, 21.373, 21.291, 21.291, 21.2, 20.884, 20.219, 19.703, 19.407, 19.444, 19.279, 18.999, 18.913, 18.927, 18.853, 18.392, 18.125, 18.45, 18.528, 18.555], [13.799, 13.218, 12.236, 10.966, 9.252, 6.219, 3.059, 0.0, 2.006, 2.848, 5.019, 6.453, 7.51, 8.843, 9.395, 9.795, 10.34, 11.01, 11.736, 12.127, 13.687, 14.482, 14.57, 15.029, 15.236, 15.195, 15.52, 15.986, 16.097, 16.024, 16.006, 16.298, 16.575, 16.726, 17.042, 17.686, 18.442, 19.631, 20.929, 21.532, 21.129, 20.692, 20.415, 20.286, 20.484, 20.387, 19.966, 20.113, 21.181, 22.344, 22.68, 22.688, 23.425, 24.248, 23.918, 23.778, 24.045, 23.909, 23.698, 23.777, 23.072, 22.36, 21.985, 21.59, 21.581, 21.406, 21.422, 21.293, 21.217, 21.219, 21.127, 20.813, 20.16, 19.64, 19.339, 19.377, 19.218, 18.968, 18.883, 18.894, 18.846, 18.442, 18.277, 18.679, 18.762, 18.785], [14.236, 13.702, 12.83, 11.651, 9.942, 7.147, 4.512, 2.006, 0.0, 1.743, 4.554, 5.865, 6.762, 8.086, 8.619, 9.058, 9.675, 10.45, 11.184, 11.666, 13.366, 14.139, 14.183, 14.629, 14.843, 14.802, 15.174, 15.724, 15.859, 15.783, 15.759, 16.058, 16.331, 16.472, 16.789, 17.449, 18.226, 19.455, 20.793, 21.408, 21.015, 20.602, 20.364, 20.276, 20.484, 20.411, 20.04, 20.204, 21.23, 22.372, 22.706, 22.707, 23.455, 24.249, 23.868, 23.732, 24.037, 23.92, 23.693, 23.768, 23.06, 22.332, 21.96, 21.558, 21.547, 21.376, 21.406, 21.281, 21.199, 21.203, 21.108, 20.786, 20.115, 19.596, 19.319, 19.361, 19.211, 18.967, 18.881, 18.896, 18.863, 18.504, 18.379, 18.791, 18.872, 18.891], [14.373, 13.826, 12.92, 11.678, 9.992, 7.336, 4.947, 2.848, 1.743, 0.0, 3.354, 5.005, 6.196, 7.786, 8.417, 8.885, 9.531, 10.417, 11.237, 11.739, 13.493, 14.32, 14.405, 14.853, 15.073, 15.035, 15.407, 15.972, 16.102, 16.028, 15.999, 16.273, 16.546, 16.687, 17.007, 17.678, 18.487, 19.737, 21.065, 21.648, 21.229, 20.807, 20.584, 20.525, 20.747, 20.648, 20.256, 20.413, 21.458, 22.609, 22.941, 22.917, 23.625, 24.376, 23.982, 23.827, 24.095, 23.958, 23.727, 23.809, 23.097, 22.366, 21.992, 21.593, 21.575, 21.415, 21.451, 21.319, 21.233, 21.237, 21.142, 20.813, 20.116, 19.581, 19.306, 19.344, 19.194, 18.947, 18.852, 18.882, 18.854, 18.469, 18.284, 18.672, 18.752, 18.777], [15.057, 14.529, 13.609, 12.217, 10.614, 8.425, 6.643, 5.019, 4.554, 3.354, 0.0, 2.608, 5.098, 7.491, 8.351, 8.837, 9.53, 10.555, 11.547, 12.102, 13.798, 14.658, 14.902, 15.445, 15.684, 15.654, 15.979, 16.498, 16.609, 16.548, 16.551, 16.829, 17.126, 17.267, 17.594, 18.281, 19.142, 20.402, 21.676, 22.214, 21.782, 21.345, 21.1, 21.035, 21.26, 21.106, 20.667, 20.801, 21.842, 22.979, 23.302, 23.259, 23.856, 24.513, 24.129, 23.941, 24.12, 23.948, 23.726, 23.821, 23.117, 22.409, 22.044, 21.671, 21.643, 21.502, 21.529, 21.388, 21.3, 21.304, 21.212, 20.891, 20.196, 19.659, 19.405, 19.44, 19.296, 19.094, 18.995, 19.067, 19.079, 18.669, 18.405, 18.767, 18.853, 18.885], [15.636, 15.143, 14.356, 13.096, 11.584, 9.587, 7.99, 6.453, 5.865, 5.005, 2.608, 0.0, 3.527, 6.494, 7.488, 7.995, 8.703, 9.769, 10.862, 11.517, 13.215, 14.029, 14.329, 14.936, 15.196, 15.177, 15.511, 16.073, 16.188, 16.136, 16.165, 16.45, 16.756, 16.893, 17.239, 17.958, 18.872, 20.185, 21.52, 22.118, 21.719, 21.29, 21.048, 20.995, 21.235, 21.112, 20.708, 20.809, 21.753, 22.859, 23.185, 23.126, 23.72, 24.38, 23.995, 23.829, 24.039, 23.889, 23.656, 23.743, 23.042, 22.335, 21.983, 21.606, 21.571, 21.433, 21.462, 21.323, 21.226, 21.236, 21.142, 20.815, 20.125, 19.612, 19.398, 19.439, 19.294, 19.091, 18.987, 19.063, 19.078, 18.712, 18.53, 18.916, 19.003, 19.036], [16.191, 15.753, 15.144, 14.13, 12.786, 10.838, 9.109, 7.51, 6.762, 6.196, 5.098, 3.527, 0.0, 3.44, 4.847, 5.527, 6.443, 7.724, 8.903, 9.664, 11.486, 12.282, 12.616, 13.251, 13.519, 13.522, 13.811, 14.442, 14.602, 14.582, 14.644, 14.929, 15.242, 15.377, 15.725, 16.491, 17.486, 18.874, 20.32, 21.053, 20.759, 20.4, 20.216, 20.207, 20.481, 20.473, 20.257, 20.411, 21.237, 22.294, 22.635, 22.549, 23.136, 23.838, 23.478, 23.375, 23.675, 23.59, 23.345, 23.414, 22.717, 22.0, 21.674, 21.318, 21.289, 21.126, 21.168, 21.045, 20.956, 20.968, 20.865, 20.535, 19.868, 19.402, 19.209, 19.263, 19.119, 18.924, 18.814, 18.874, 18.868, 18.527, 18.519, 19.0, 19.088, 19.134], [16.818, 16.41, 15.943, 15.146, 13.931, 12.09, 10.36, 8.843, 8.086, 7.786, 7.491, 6.494, 3.44, 0.0, 2.197, 3.29, 4.477, 6.05, 7.343, 8.321, 10.247, 10.976, 11.265, 11.83, 12.057, 12.071, 12.306, 13.028, 13.226, 13.242, 13.322, 13.593, 13.889, 13.993, 14.344, 15.135, 16.145, 17.575, 19.111, 19.932, 19.734, 19.47, 19.381, 19.429, 19.726, 19.82, 19.82, 20.1, 20.82, 21.818, 22.161, 22.042, 22.622, 23.315, 22.947, 22.9, 23.31, 23.305, 23.061, 23.124, 22.462, 21.761, 21.465, 21.128, 21.107, 20.928, 20.989, 20.894, 20.819, 20.832, 20.723, 20.402, 19.789, 19.406, 19.247, 19.314, 19.182, 18.997, 18.885, 18.932, 18.908, 18.594, 18.719, 19.262, 19.35, 19.402], [17.107, 16.705, 16.242, 15.503, 14.324, 12.526, 10.85, 9.395, 8.619, 8.417, 8.351, 7.488, 4.847, 2.197, 0.0, 1.851, 3.475, 5.193, 6.69, 7.88, 9.927, 10.603, 10.816, 11.362, 11.587, 11.598, 11.883, 12.691, 12.9, 12.912, 12.988, 13.282, 13.548, 13.631, 13.984, 14.769, 15.778, 17.241, 18.848, 19.679, 19.487, 19.236, 19.174, 19.245, 19.536, 19.643, 19.688, 19.999, 20.692, 21.663, 22.0, 21.865, 22.441, 23.145, 22.751, 22.724, 23.205, 23.235, 22.996, 23.066, 22.43, 21.738, 21.464, 21.133, 21.115, 20.938, 21.027, 20.956, 20.886, 20.903, 20.796, 20.489, 19.903, 19.568, 19.434, 19.508, 19.386, 19.191, 19.084, 19.125, 19.109, 18.838, 19.003, 19.533, 19.612, 19.657], [17.386, 16.982, 16.536, 15.806, 14.64, 12.863, 11.206, 9.795, 9.058, 8.885, 8.837, 7.995, 5.527, 3.29, 1.851, 0.0, 2.414, 4.675, 6.357, 7.676, 9.75, 10.417, 10.663, 11.23, 11.457, 11.463, 11.759, 12.588, 12.788, 12.781, 12.847, 13.127, 13.365, 13.441, 13.836, 14.647, 15.68, 17.168, 18.784, 19.626, 19.444, 19.193, 19.137, 19.217, 19.512, 19.63, 19.694, 20.002, 20.669, 21.631, 21.969, 21.814, 22.37, 23.066, 22.663, 22.647, 23.139, 23.176, 22.935, 23.005, 22.371, 21.691, 21.435, 21.111, 21.091, 20.91, 21.006, 20.951, 20.884, 20.901, 20.796, 20.493, 19.908, 19.571, 19.441, 19.517, 19.407, 19.227, 19.117, 19.161, 19.148, 18.895, 19.105, 19.644, 19.719, 19.762], [17.413, 17.004, 16.67, 16.033, 14.901, 13.2, 11.623, 10.34, 9.675, 9.531, 9.53, 8.703, 6.443, 4.477, 3.475, 2.414, 0.0, 3.199, 5.407, 6.871, 9.161, 9.888, 10.202, 10.778, 11.02, 11.065, 11.421, 12.341, 12.511, 12.521, 12.579, 12.792, 12.973, 13.04, 13.509, 14.322, 15.297, 16.816, 18.493, 19.369, 19.183, 18.926, 18.891, 19.0, 19.329, 19.472, 19.531, 19.822, 20.476, 21.471, 21.867, 21.728, 22.301, 23.006, 22.564, 22.557, 23.098, 23.157, 22.889, 22.944, 22.287, 21.558, 21.293, 20.935, 20.911, 20.728, 20.817, 20.745, 20.662, 20.684, 20.565, 20.24, 19.645, 19.308, 19.196, 19.282, 19.166, 18.971, 18.845, 18.894, 18.87, 18.633, 18.881, 19.417, 19.489, 19.53], [17.242, 16.836, 16.613, 16.137, 15.108, 13.541, 12.133, 11.01, 10.45, 10.417, 10.555, 9.769, 7.724, 6.05, 5.193, 4.675, 3.199, 0.0, 3.327, 5.457, 7.975, 8.836, 9.124, 9.661, 9.901, 10.008, 10.478, 11.487, 11.664, 11.729, 11.782, 11.978, 12.172, 12.272, 12.791, 13.548, 14.4, 15.89, 17.717, 18.696, 18.49, 18.231, 18.222, 18.344, 18.675, 18.854, 18.901, 19.154, 19.843, 20.889, 21.333, 21.308, 22.014, 22.77, 22.306, 22.316, 22.916, 22.989, 22.723, 22.78, 22.095, 21.339, 21.058, 20.683, 20.675, 20.478, 20.554, 20.464, 20.376, 20.405, 20.271, 19.951, 19.377, 19.08, 19.011, 19.108, 18.967, 18.704, 18.572, 18.612, 18.58, 18.388, 18.653, 19.174, 19.255, 19.282], [17.444, 17.048, 16.897, 16.543, 15.619, 14.105, 12.761, 11.736, 11.184, 11.237, 11.547, 10.862, 8.903, 7.343, 6.69, 6.357, 5.407, 3.327, 0.0, 3.843, 7.264, 7.924, 8.153, 8.703, 8.857, 8.944, 9.522, 10.663, 10.856, 10.949, 11.004, 11.218, 11.48, 11.615, 12.18, 12.938, 13.723, 15.16, 17.028, 18.071, 17.862, 17.61, 17.618, 17.75, 18.07, 18.281, 18.368, 18.646, 19.352, 20.421, 20.861, 20.898, 21.794, 22.614, 22.118, 22.163, 22.822, 22.921, 22.664, 22.723, 22.026, 21.267, 20.976, 20.569, 20.565, 20.336, 20.387, 20.28, 20.177, 20.203, 20.059, 19.744, 19.172, 18.873, 18.819, 18.928, 18.779, 18.512, 18.383, 18.412, 18.368, 18.177, 18.468, 19.017, 19.104, 19.123], [17.267, 16.864, 16.683, 16.433, 15.719, 14.346, 13.071, 12.127, 11.666, 11.739, 12.102, 11.517, 9.664, 8.321, 7.88, 7.676, 6.871, 5.457, 3.843, 0.0, 4.653, 5.968, 6.555, 7.567, 7.944, 8.07, 8.416, 9.461, 9.672, 9.779, 9.819, 9.969, 10.262, 10.448, 11.047, 11.916, 12.827, 14.356, 16.285, 17.4, 17.224, 16.97, 16.934, 17.016, 17.344, 17.567, 17.639, 17.956, 18.819, 19.994, 20.492, 20.538, 21.498, 22.581, 22.246, 22.297, 22.912, 22.979, 22.72, 22.767, 22.049, 21.265, 20.976, 20.583, 20.589, 20.352, 20.389, 20.262, 20.163, 20.185, 20.038, 19.726, 19.162, 18.81, 18.641, 18.741, 18.566, 18.267, 18.144, 18.147, 18.071, 17.755, 17.947, 18.493, 18.573, 18.601], [18.097, 17.739, 17.487, 17.301, 16.829, 15.659, 14.515, 13.687, 13.366, 13.493, 13.798, 13.215, 11.486, 10.247, 9.927, 9.75, 9.161, 7.975, 7.264, 4.653, 0.0, 3.062, 5.014, 6.733, 7.467, 7.779, 7.542, 7.871, 8.018, 8.197, 8.273, 8.357, 8.736, 8.937, 9.401, 10.331, 11.467, 13.041, 14.928, 16.14, 16.144, 15.999, 15.971, 16.006, 16.334, 16.686, 16.919, 17.336, 18.148, 19.242, 19.79, 19.941, 20.866, 22.167, 22.178, 22.331, 22.862, 22.894, 22.672, 22.683, 22.01, 21.35, 21.106, 20.804, 20.834, 20.589, 20.625, 20.532, 20.486, 20.499, 20.358, 20.112, 19.723, 19.498, 19.259, 19.342, 19.159, 18.842, 18.768, 18.72, 18.631, 18.312, 18.548, 19.099, 19.174, 19.213], [18.725, 18.401, 18.21, 18.05, 17.543, 16.377, 15.273, 14.482, 14.139, 14.32, 14.658, 14.029, 12.282, 10.976, 10.603, 10.417, 9.888, 8.836, 7.924, 5.968, 3.062, 0.0, 3.321, 5.665, 6.505, 6.897, 6.682, 7.087, 7.185, 7.388, 7.569, 7.709, 8.096, 8.264, 8.74, 9.685, 10.793, 12.364, 14.258, 15.468, 15.532, 15.462, 15.493, 15.577, 15.945, 16.399, 16.778, 17.199, 17.857, 18.868, 19.408, 19.551, 20.525, 21.796, 21.829, 22.114, 22.744, 22.815, 22.57, 22.565, 21.931, 21.318, 21.12, 20.784, 20.8, 20.542, 20.588, 20.528, 20.479, 20.488, 20.336, 20.09, 19.77, 19.646, 19.446, 19.535, 19.365, 19.085, 19.027, 18.981, 18.92, 18.676, 19.037, 19.623, 19.693, 19.735], [18.834, 18.497, 18.306, 18.142, 17.594, 16.41, 15.335, 14.57, 14.183, 14.405, 14.902, 14.329, 12.616, 11.265, 10.816, 10.663, 10.202, 9.124, 8.153, 6.555, 5.014, 3.321, 0.0, 2.905, 4.067, 4.607, 4.853, 5.834, 6.071, 6.21, 6.485, 6.934, 7.34, 7.55, 8.053, 8.933, 10.036, 11.8, 13.94, 15.187, 15.224, 15.149, 15.21, 15.317, 15.689, 16.171, 16.565, 16.979, 17.653, 18.699, 19.226, 19.345, 20.41, 21.676, 21.628, 21.959, 22.704, 22.822, 22.554, 22.556, 21.946, 21.334, 21.17, 20.801, 20.807, 20.553, 20.631, 20.591, 20.537, 20.549, 20.389, 20.141, 19.816, 19.74, 19.593, 19.692, 19.527, 19.21, 19.151, 19.111, 19.058, 18.85, 19.245, 19.866, 19.941, 19.974], [19.068, 18.724, 18.545, 18.397, 17.848, 16.696, 15.697, 15.029, 14.629, 14.853, 15.445, 14.936, 13.251, 11.83, 11.362, 11.23, 10.778, 9.661, 8.703, 7.567, 6.733, 5.665, 2.905, 0.0, 1.618, 2.555, 3.532, 5.111, 5.437, 5.596, 5.896, 6.527, 6.924, 7.124, 7.59, 8.323, 9.406, 11.325, 13.637, 14.949, 14.987, 14.919, 15.041, 15.198, 15.584, 16.095, 16.502, 16.907, 17.57, 18.632, 19.151, 19.265, 20.396, 21.595, 21.449, 21.782, 22.609, 22.797, 22.531, 22.542, 21.945, 21.345, 21.187, 20.8, 20.804, 20.551, 20.65, 20.616, 20.56, 20.578, 20.417, 20.168, 19.849, 19.844, 19.785, 19.893, 19.731, 19.366, 19.302, 19.268, 19.211, 19.065, 19.506, 20.135, 20.214, 20.241], [19.234, 18.888, 18.723, 18.573, 18.012, 16.859, 15.87, 15.236, 14.843, 15.073, 15.684, 15.196, 13.519, 12.057, 11.587, 11.457, 11.02, 9.901, 8.857, 7.944, 7.467, 6.505, 4.067, 1.618, 0.0, 1.473, 3.023, 4.864, 5.185, 5.366, 5.678, 6.355, 6.781, 6.997, 7.49, 8.2, 9.281, 11.255, 13.612, 14.958, 15.001, 14.93, 15.064, 15.243, 15.637, 16.144, 16.547, 16.948, 17.605, 18.666, 19.176, 19.295, 20.463, 21.596, 21.377, 21.718, 22.574, 22.786, 22.533, 22.555, 21.957, 21.363, 21.203, 20.804, 20.809, 20.549, 20.639, 20.603, 20.54, 20.56, 20.402, 20.156, 19.85, 19.874, 19.849, 19.961, 19.798, 19.416, 19.345, 19.318, 19.26, 19.134, 19.59, 20.221, 20.303, 20.326], [19.229, 18.884, 18.715, 18.557, 17.986, 16.828, 15.836, 15.195, 14.802, 15.035, 15.654, 15.177, 13.522, 12.071, 11.598, 11.463, 11.065, 10.008, 8.944, 8.07, 7.779, 6.897, 4.607, 2.555, 1.473, 0.0, 2.433, 4.668, 5.022, 5.201, 5.537, 6.324, 6.807, 7.04, 7.532, 8.27, 9.383, 11.379, 13.75, 15.083, 15.11, 15.034, 15.146, 15.309, 15.698, 16.179, 16.558, 16.957, 17.648, 18.734, 19.228, 19.319, 20.489, 21.599, 21.326, 21.657, 22.535, 22.758, 22.503, 22.546, 21.953, 21.35, 21.194, 20.804, 20.812, 20.551, 20.643, 20.602, 20.537, 20.553, 20.394, 20.145, 19.82, 19.84, 19.83, 19.941, 19.781, 19.392, 19.313, 19.286, 19.228, 19.103, 19.541, 20.166, 20.249, 20.271], [19.427, 19.1, 18.917, 18.82, 18.342, 17.211, 16.18, 15.52, 15.174, 15.407, 15.979, 15.511, 13.811, 12.306, 11.883, 11.759, 11.421, 10.478, 9.522, 8.416, 7.542, 6.682, 4.853, 3.532, 3.023, 2.433, 0.0, 2.789, 3.451, 3.76, 4.202, 5.065, 5.732, 5.99, 6.455, 7.396, 8.756, 10.722, 12.962, 14.347, 14.508, 14.493, 14.595, 14.743, 15.159, 15.682, 16.172, 16.688, 17.371, 18.43, 18.924, 19.001, 20.093, 21.261, 21.123, 21.489, 22.344, 22.573, 22.345, 22.398, 21.868, 21.311, 21.17, 20.851, 20.882, 20.604, 20.678, 20.644, 20.601, 20.606, 20.443, 20.224, 19.967, 20.002, 19.935, 20.038, 19.884, 19.524, 19.452, 19.405, 19.338, 19.173, 19.62, 20.249, 20.33, 20.358], [19.606, 19.306, 19.075, 19.008, 18.676, 17.636, 16.618, 15.986, 15.724, 15.972, 16.498, 16.073, 14.442, 13.028, 12.691, 12.588, 12.341, 11.487, 10.663, 9.461, 7.871, 7.087, 5.834, 5.111, 4.864, 4.668, 2.789, 0.0, 1.397, 2.11, 2.773, 3.947, 5.0, 5.373, 5.581, 6.565, 8.198, 10.081, 12.057, 13.456, 13.747, 13.748, 13.79, 13.896, 14.321, 14.899, 15.489, 16.122, 16.828, 17.84, 18.333, 18.492, 19.568, 20.886, 21.041, 21.47, 22.224, 22.409, 22.233, 22.284, 21.807, 21.374, 21.255, 21.013, 21.076, 20.775, 20.808, 20.787, 20.791, 20.789, 20.638, 20.478, 20.317, 20.364, 20.211, 20.299, 20.146, 19.778, 19.729, 19.643, 19.549, 19.355, 19.811, 20.458, 20.538, 20.562], [19.626, 19.322, 19.111, 19.051, 18.723, 17.707, 16.706, 16.097, 15.859, 16.102, 16.609, 16.188, 14.602, 13.226, 12.9, 12.788, 12.511, 11.664, 10.856, 9.672, 8.018, 7.185, 6.071, 5.437, 5.185, 5.022, 3.451, 1.397, 0.0, 1.366, 2.325, 3.598, 4.807, 5.236, 5.472, 6.471, 8.131, 10.071, 12.076, 13.488, 13.768, 13.746, 13.784, 13.897, 14.331, 14.918, 15.482, 16.104, 16.836, 17.868, 18.366, 18.535, 19.622, 20.92, 21.096, 21.53, 22.262, 22.434, 22.264, 22.323, 21.822, 21.399, 21.292, 21.031, 21.084, 20.785, 20.812, 20.794, 20.8, 20.804, 20.653, 20.487, 20.312, 20.351, 20.197, 20.29, 20.14, 19.762, 19.709, 19.623, 19.514, 19.323, 19.79, 20.439, 20.519, 20.542], [19.628, 19.314, 19.086, 19.012, 18.681, 17.655, 16.64, 16.024, 15.783, 16.028, 16.548, 16.136, 14.582, 13.242, 12.912, 12.781, 12.521, 11.729, 10.949, 9.779, 8.197, 7.388, 6.21, 5.596, 5.366, 5.201, 3.76, 2.11, 1.366, 0.0, 1.419, 3.153, 4.436, 4.915, 5.185, 6.301, 8.052, 10.069, 12.152, 13.588, 13.848, 13.789, 13.795, 13.884, 14.298, 14.877, 15.431, 16.072, 16.824, 17.871, 18.365, 18.505, 19.563, 20.852, 21.029, 21.466, 22.187, 22.348, 22.175, 22.24, 21.742, 21.316, 21.214, 20.963, 21.02, 20.725, 20.759, 20.75, 20.759, 20.761, 20.613, 20.448, 20.261, 20.279, 20.108, 20.201, 20.056, 19.674, 19.62, 19.534, 19.421, 19.217, 19.682, 20.35, 20.435, 20.459], [19.531, 19.215, 19.003, 18.956, 18.62, 17.597, 16.599, 16.006, 15.759, 15.999, 16.551, 16.165, 14.644, 13.322, 12.988, 12.847, 12.579, 11.782, 11.004, 9.819, 8.273, 7.569, 6.485, 5.896, 5.678, 5.537, 4.202, 2.773, 2.325, 1.419, 0.0, 2.211, 3.641, 4.199, 4.536, 5.755, 7.521, 9.603, 11.794, 13.285, 13.536, 13.456, 13.468, 13.565, 13.979, 14.569, 15.154, 15.836, 16.632, 17.722, 18.232, 18.362, 19.432, 20.754, 20.942, 21.374, 22.089, 22.244, 22.074, 22.142, 21.651, 21.229, 21.125, 20.876, 20.936, 20.64, 20.678, 20.679, 20.69, 20.688, 20.538, 20.373, 20.178, 20.172, 19.973, 20.064, 19.914, 19.51, 19.449, 19.362, 19.234, 19.009, 19.468, 20.145, 20.23, 20.256], [19.544, 19.23, 19.093, 19.145, 18.833, 17.825, 16.851, 16.298, 16.058, 16.273, 16.829, 16.45, 14.929, 13.593, 13.282, 13.127, 12.792, 11.978, 11.218, 9.969, 8.357, 7.709, 6.934, 6.527, 6.355, 6.324, 5.065, 3.947, 3.598, 3.153, 2.211, 0.0, 1.894, 2.744, 3.545, 5.116, 6.858, 8.914, 11.136, 12.738, 13.059, 13.022, 13.095, 13.236, 13.679, 14.323, 14.986, 15.723, 16.541, 17.674, 18.227, 18.331, 19.398, 20.731, 20.936, 21.379, 22.091, 22.25, 22.083, 22.142, 21.646, 21.209, 21.11, 20.847, 20.889, 20.598, 20.625, 20.625, 20.62, 20.611, 20.453, 20.267, 20.072, 20.051, 19.835, 19.926, 19.779, 19.373, 19.293, 19.215, 19.072, 18.82, 19.283, 19.943, 20.018, 20.048], [19.733, 19.428, 19.329, 19.414, 19.095, 18.076, 17.11, 16.575, 16.331, 16.546, 17.126, 16.756, 15.242, 13.889, 13.548, 13.365, 12.973, 12.172, 11.48, 10.262, 8.736, 8.096, 7.34, 6.924, 6.781, 6.807, 5.732, 5.0, 4.807, 4.436, 3.641, 1.894, 0.0, 1.375, 2.932, 4.757, 6.382, 8.427, 10.76, 12.4, 12.736, 12.731, 12.849, 13.015, 13.469, 14.175, 14.921, 15.678, 16.47, 17.628, 18.207, 18.263, 19.309, 20.67, 20.862, 21.312, 22.057, 22.242, 22.063, 22.105, 21.627, 21.179, 21.093, 20.825, 20.856, 20.59, 20.658, 20.668, 20.648, 20.634, 20.468, 20.265, 20.063, 20.034, 19.808, 19.897, 19.747, 19.34, 19.25, 19.176, 19.037, 18.797, 19.308, 19.983, 20.054, 20.083], [19.885, 19.586, 19.492, 19.573, 19.24, 18.22, 17.259, 16.726, 16.472, 16.687, 17.267, 16.893, 15.377, 13.993, 13.631, 13.441, 13.04, 12.272, 11.615, 10.448, 8.937, 8.264, 7.55, 7.124, 6.997, 7.04, 5.99, 5.373, 5.236, 4.915, 4.199, 2.744, 1.375, 0.0, 2.19, 4.321, 6.002, 8.135, 10.547, 12.226, 12.606, 12.642, 12.792, 12.965, 13.427, 14.165, 14.975, 15.773, 16.505, 17.627, 18.199, 18.212, 19.249, 20.609, 20.786, 21.233, 21.998, 22.202, 22.019, 22.056, 21.593, 21.144, 21.06, 20.787, 20.816, 20.568, 20.665, 20.692, 20.665, 20.648, 20.482, 20.277, 20.092, 20.084, 19.868, 19.958, 19.802, 19.404, 19.314, 19.241, 19.112, 18.884, 19.433, 20.119, 20.187, 20.213], [20.093, 19.865, 19.729, 19.77, 19.475, 18.494, 17.561, 17.042, 16.789, 17.007, 17.594, 17.239, 15.725, 14.344, 13.984, 13.836, 13.509, 12.791, 12.18, 11.047, 9.401, 8.74, 8.053, 7.59, 7.49, 7.532, 6.455, 5.581, 5.472, 5.185, 4.536, 3.545, 2.932, 2.19, 0.0, 2.69, 5.073, 7.52, 10.004, 11.742, 12.223, 12.315, 12.481, 12.649, 13.116, 13.889, 14.79, 15.685, 16.376, 17.411, 17.97, 18.005, 19.052, 20.491, 20.765, 21.236, 21.984, 22.188, 22.019, 22.052, 21.637, 21.254, 21.177, 20.929, 20.974, 20.732, 20.842, 20.885, 20.883, 20.866, 20.707, 20.531, 20.4, 20.434, 20.21, 20.291, 20.122, 19.704, 19.631, 19.542, 19.414, 19.193, 19.736, 20.409, 20.47, 20.496], [20.296, 20.169, 20.075, 20.092, 19.82, 18.932, 18.119, 17.686, 17.449, 17.678, 18.281, 17.958, 16.491, 15.135, 14.769, 14.647, 14.322, 13.548, 12.938, 11.916, 10.331, 9.685, 8.933, 8.323, 8.2, 8.27, 7.396, 6.565, 6.471, 6.301, 5.755, 5.116, 4.757, 4.321, 2.69, 0.0, 3.28, 6.463, 9.25, 11.077, 11.602, 11.718, 11.949, 12.168, 12.66, 13.513, 14.514, 15.485, 16.175, 17.166, 17.743, 17.839, 18.971, 20.505, 20.801, 21.279, 22.056, 22.29, 22.124, 22.146, 21.763, 21.426, 21.365, 21.11, 21.154, 20.922, 21.057, 21.11, 21.123, 21.116, 20.96, 20.8, 20.685, 20.743, 20.553, 20.638, 20.452, 20.004, 19.949, 19.849, 19.722, 19.549, 20.075, 20.707, 20.765, 20.788], [20.383, 20.306, 20.362, 20.491, 20.219, 19.432, 18.777, 18.442, 18.226, 18.487, 19.142, 18.872, 17.486, 16.145, 15.778, 15.68, 15.297, 14.4, 13.723, 12.827, 11.467, 10.793, 10.036, 9.406, 9.281, 9.383, 8.756, 8.198, 8.131, 8.052, 7.521, 6.858, 6.382, 6.002, 5.073, 3.28, 0.0, 4.115, 7.885, 9.962, 10.479, 10.671, 11.027, 11.288, 11.781, 12.791, 13.978, 15.003, 15.661, 16.689, 17.308, 17.436, 18.691, 20.318, 20.625, 21.124, 21.965, 22.252, 22.074, 22.078, 21.717, 21.398, 21.358, 21.082, 21.124, 20.901, 21.059, 21.114, 21.125, 21.13, 20.975, 20.821, 20.711, 20.788, 20.639, 20.731, 20.518, 20.03, 19.988, 19.883, 19.754, 19.668, 20.242, 20.847, 20.908, 20.932], [20.987, 20.929, 21.035, 21.336, 21.195, 20.49, 19.908, 19.631, 19.455, 19.737, 20.402, 20.185, 18.874, 17.575, 17.241, 17.168, 16.816, 15.89, 15.16, 14.356, 13.041, 12.364, 11.8, 11.325, 11.255, 11.379, 10.722, 10.081, 10.071, 10.069, 9.603, 8.914, 8.427, 8.135, 7.52, 6.463, 4.115, 0.0, 4.95, 7.752, 8.682, 9.16, 9.664, 9.944, 10.418, 11.626, 13.244, 14.496, 15.011, 15.933, 16.568, 16.759, 18.043, 19.829, 20.424, 21.025, 21.861, 22.175, 22.035, 22.021, 21.777, 21.584, 21.596, 21.396, 21.471, 21.221, 21.336, 21.397, 21.426, 21.434, 21.292, 21.211, 21.224, 21.364, 21.22, 21.3, 21.068, 20.563, 20.535, 20.408, 20.274, 20.273, 20.962, 21.573, 21.634, 21.655], [21.889, 21.856, 21.903, 22.248, 22.271, 21.69, 21.165, 20.929, 20.793, 21.065, 21.676, 21.52, 20.32, 19.111, 18.848, 18.784, 18.493, 17.717, 17.028, 16.285, 14.928, 14.258, 13.94, 13.637, 13.612, 13.75, 12.962, 12.057, 12.076, 12.152, 11.794, 11.136, 10.76, 10.547, 10.004, 9.25, 7.885, 4.95, 0.0, 4.011, 6.379, 7.335, 7.954, 8.396, 8.989, 10.317, 12.549, 14.254, 14.663, 15.342, 15.948, 16.27, 17.5, 19.455, 20.537, 21.281, 22.023, 22.32, 22.247, 22.219, 22.137, 22.116, 22.174, 22.116, 22.23, 21.949, 21.949, 21.995, 22.055, 22.054, 21.916, 21.924, 22.139, 22.359, 22.192, 22.253, 22.04, 21.604, 21.581, 21.428, 21.299, 21.301, 22.025, 22.626, 22.68, 22.693], [22.186, 22.181, 22.206, 22.558, 22.644, 22.148, 21.723, 21.532, 21.408, 21.648, 22.214, 22.118, 21.053, 19.932, 19.679, 19.626, 19.369, 18.696, 18.071, 17.4, 16.14, 15.468, 15.187, 14.949, 14.958, 15.083, 14.347, 13.456, 13.488, 13.588, 13.285, 12.738, 12.4, 12.226, 11.742, 11.077, 9.962, 7.752, 4.011, 0.0, 3.528, 5.052, 5.994, 6.754, 7.539, 8.939, 11.54, 13.554, 14.014, 14.655, 15.239, 15.616, 16.792, 18.861, 20.254, 21.079, 21.775, 22.066, 22.023, 22.015, 22.041, 22.129, 22.218, 22.272, 22.406, 22.106, 22.056, 22.079, 22.167, 22.167, 22.021, 22.061, 22.383, 22.673, 22.51, 22.567, 22.364, 21.957, 21.938, 21.785, 21.689, 21.716, 22.424, 23.007, 23.059, 23.075], [21.58, 21.582, 21.631, 21.982, 22.065, 21.598, 21.262, 21.129, 21.015, 21.229, 21.782, 21.719, 20.759, 19.734, 19.487, 19.444, 19.183, 18.49, 17.862, 17.224, 16.144, 15.532, 15.224, 14.987, 15.001, 15.11, 14.508, 13.747, 13.768, 13.848, 13.536, 13.059, 12.736, 12.606, 12.223, 11.602, 10.479, 8.682, 6.379, 3.528, 0.0, 2.233, 4.035, 5.17, 6.163, 7.694, 10.199, 12.275, 13.184, 14.174, 14.788, 15.231, 16.481, 18.587, 19.979, 20.775, 21.48, 21.754, 21.687, 21.701, 21.679, 21.725, 21.783, 21.822, 21.955, 21.633, 21.579, 21.567, 21.645, 21.655, 21.493, 21.5, 21.767, 22.053, 21.918, 21.998, 21.786, 21.348, 21.325, 21.188, 21.108, 21.122, 21.76, 22.336, 22.399, 22.423], [21.033, 21.028, 21.09, 21.442, 21.549, 21.111, 20.798, 20.692, 20.602, 20.807, 21.345, 21.29, 20.4, 19.47, 19.236, 19.193, 18.926, 18.231, 17.61, 16.97, 15.999, 15.462, 15.149, 14.919, 14.93, 15.034, 14.493, 13.748, 13.746, 13.789, 13.456, 13.022, 12.731, 12.642, 12.315, 11.718, 10.671, 9.16, 7.335, 5.052, 2.233, 0.0, 2.387, 3.981, 5.26, 6.744, 9.111, 11.234, 12.412, 13.571, 14.205, 14.746, 16.147, 18.376, 19.784, 20.56, 21.252, 21.496, 21.426, 21.459, 21.385, 21.403, 21.433, 21.448, 21.585, 21.243, 21.162, 21.125, 21.197, 21.21, 21.044, 21.047, 21.299, 21.56, 21.415, 21.512, 21.302, 20.833, 20.801, 20.664, 20.569, 20.539, 21.127, 21.717, 21.791, 21.817], [20.643, 20.635, 20.684, 21.046, 21.215, 20.83, 20.522, 20.415, 20.364, 20.584, 21.1, 21.048, 20.216, 19.381, 19.174, 19.137, 18.891, 18.222, 17.618, 16.934, 15.971, 15.493, 15.21, 15.041, 15.064, 15.146, 14.595, 13.79, 13.784, 13.795, 13.468, 13.095, 12.849, 12.792, 12.481, 11.949, 11.027, 9.664, 7.954, 5.994, 4.035, 2.387, 0.0, 2.268, 4.134, 5.566, 7.966, 10.231, 11.541, 12.726, 13.363, 13.989, 15.489, 17.918, 19.459, 20.243, 20.884, 21.087, 21.033, 21.08, 21.008, 21.05, 21.083, 21.136, 21.29, 20.924, 20.796, 20.748, 20.837, 20.853, 20.69, 20.719, 21.009, 21.272, 21.088, 21.183, 20.984, 20.513, 20.483, 20.326, 20.218, 20.139, 20.7, 21.331, 21.415, 21.446], [20.359, 20.359, 20.393, 20.771, 21.005, 20.666, 20.378, 20.286, 20.276, 20.525, 21.035, 20.995, 20.207, 19.429, 19.245, 19.217, 19.0, 18.344, 17.75, 17.016, 16.006, 15.577, 15.317, 15.198, 15.243, 15.309, 14.743, 13.896, 13.897, 13.884, 13.565, 13.236, 13.015, 12.965, 12.649, 12.168, 11.288, 9.944, 8.396, 6.754, 5.17, 3.981, 2.268, 0.0, 2.487, 4.286, 6.887, 9.411, 10.978, 12.276, 12.915, 13.56, 15.057, 17.58, 19.185, 19.933, 20.5, 20.66, 20.622, 20.674, 20.608, 20.676, 20.724, 20.841, 21.024, 20.661, 20.532, 20.501, 20.612, 20.627, 20.488, 20.546, 20.837, 21.081, 20.876, 20.966, 20.773, 20.335, 20.329, 20.159, 20.05, 19.945, 20.484, 21.14, 21.231, 21.262], [20.497, 20.503, 20.518, 20.884, 21.148, 20.834, 20.566, 20.484, 20.484, 20.747, 21.26, 21.235, 20.481, 19.726, 19.536, 19.512, 19.329, 18.675, 18.07, 17.344, 16.334, 15.945, 15.689, 15.584, 15.637, 15.698, 15.159, 14.321, 14.331, 14.298, 13.979, 13.679, 13.469, 13.427, 13.116, 12.66, 11.781, 10.418, 8.989, 7.539, 6.163, 5.26, 4.134, 2.487, 0.0, 2.684, 5.935, 8.822, 10.595, 11.939, 12.582, 13.246, 14.772, 17.368, 19.001, 19.703, 20.206, 20.343, 20.345, 20.403, 20.328, 20.44, 20.509, 20.684, 20.887, 20.528, 20.416, 20.417, 20.545, 20.559, 20.473, 20.602, 20.919, 21.17, 20.982, 21.077, 20.893, 20.482, 20.518, 20.363, 20.269, 20.196, 20.735, 21.384, 21.472, 21.493], [20.227, 20.229, 20.229, 20.582, 20.893, 20.658, 20.444, 20.387, 20.411, 20.648, 21.106, 21.112, 20.473, 19.82, 19.643, 19.63, 19.472, 18.854, 18.281, 17.567, 16.686, 16.399, 16.171, 16.095, 16.144, 16.179, 15.682, 14.899, 14.918, 14.877, 14.569, 14.323, 14.175, 14.165, 13.889, 13.513, 12.791, 11.626, 10.317, 8.939, 7.694, 6.744, 5.566, 4.286, 2.684, 0.0, 4.069, 7.72, 9.956, 11.415, 12.045, 12.702, 14.208, 16.88, 18.535, 19.161, 19.55, 19.631, 19.679, 19.772, 19.651, 19.778, 19.867, 20.092, 20.298, 19.915, 19.772, 19.778, 19.92, 19.938, 19.878, 20.064, 20.44, 20.732, 20.564, 20.671, 20.493, 20.091, 20.151, 20.044, 20.005, 19.938, 20.446, 21.096, 21.184, 21.212], [19.531, 19.502, 19.526, 19.901, 20.264, 20.107, 19.964, 19.966, 20.04, 20.256, 20.667, 20.708, 20.257, 19.82, 19.688, 19.694, 19.531, 18.901, 18.368, 17.639, 16.919, 16.778, 16.565, 16.502, 16.547, 16.558, 16.172, 15.489, 15.482, 15.431, 15.154, 14.986, 14.921, 14.975, 14.79, 14.514, 13.978, 13.244, 12.549, 11.54, 10.199, 9.111, 7.966, 6.887, 5.935, 4.069, 0.0, 4.779, 8.578, 10.734, 11.443, 12.2, 13.878, 16.578, 18.072, 18.58, 18.907, 18.908, 18.947, 19.098, 18.836, 18.904, 18.983, 19.2, 19.409, 19.012, 18.865, 18.852, 18.993, 19.027, 18.964, 19.128, 19.476, 19.812, 19.687, 19.814, 19.623, 19.17, 19.241, 19.183, 19.226, 19.188, 19.605, 20.245, 20.343, 20.387], [19.615, 19.564, 19.654, 20.062, 20.407, 20.245, 20.102, 20.113, 20.204, 20.413, 20.801, 20.809, 20.411, 20.1, 19.999, 20.002, 19.822, 19.154, 18.646, 17.956, 17.336, 17.199, 16.979, 16.907, 16.948, 16.957, 16.688, 16.122, 16.104, 16.072, 15.836, 15.723, 15.678, 15.773, 15.685, 15.485, 15.003, 14.496, 14.254, 13.554, 12.275, 11.234, 10.231, 9.411, 8.822, 7.72, 4.779, 0.0, 5.542, 8.662, 9.499, 10.444, 12.553, 15.474, 16.902, 17.458, 17.922, 17.966, 17.93, 18.081, 17.759, 17.843, 17.988, 18.279, 18.531, 18.128, 18.054, 18.069, 18.219, 18.284, 18.224, 18.38, 18.745, 19.223, 19.177, 19.288, 19.074, 18.582, 18.662, 18.587, 18.698, 18.905, 19.527, 20.225, 20.327, 20.376], [21.094, 21.055, 21.142, 21.523, 21.793, 21.516, 21.246, 21.181, 21.23, 21.458, 21.842, 21.753, 21.237, 20.82, 20.692, 20.669, 20.476, 19.843, 19.352, 18.819, 18.148, 17.857, 17.653, 17.57, 17.605, 17.648, 17.371, 16.828, 16.836, 16.824, 16.632, 16.541, 16.47, 16.505, 16.376, 16.175, 15.661, 15.011, 14.663, 14.014, 13.184, 12.412, 11.541, 10.978, 10.595, 9.956, 8.578, 5.542, 0.0, 3.822, 4.985, 6.256, 9.347, 12.93, 14.861, 15.735, 16.375, 16.562, 16.492, 16.567, 16.465, 16.832, 17.111, 17.562, 17.876, 17.44, 17.382, 17.483, 17.7, 17.803, 17.754, 17.999, 18.659, 19.439, 19.513, 19.568, 19.333, 18.898, 18.977, 18.842, 18.99, 19.609, 20.866, 21.743, 21.839, 21.867], [22.533, 22.508, 22.533, 22.84, 23.1, 22.794, 22.454, 22.344, 22.372, 22.609, 22.979, 22.859, 22.294, 21.818, 21.663, 21.631, 21.471, 20.889, 20.421, 19.994, 19.242, 18.868, 18.699, 18.632, 18.666, 18.734, 18.43, 17.84, 17.868, 17.871, 17.722, 17.674, 17.628, 17.627, 17.411, 17.166, 16.689, 15.933, 15.342, 14.655, 14.174, 13.571, 12.726, 12.276, 11.939, 11.415, 10.734, 8.662, 3.822, 0.0, 2.087, 4.483, 8.127, 12.018, 14.445, 15.5, 16.119, 16.34, 16.354, 16.418, 16.463, 17.055, 17.395, 17.952, 18.295, 17.831, 17.714, 17.873, 18.145, 18.264, 18.247, 18.599, 19.487, 20.393, 20.495, 20.528, 20.294, 19.934, 20.027, 19.867, 20.018, 20.746, 22.27, 23.228, 23.32, 23.338], [22.929, 22.904, 22.911, 23.189, 23.432, 23.133, 22.796, 22.68, 22.706, 22.941, 23.302, 23.185, 22.635, 22.161, 22.0, 21.969, 21.867, 21.333, 20.861, 20.492, 19.79, 19.408, 19.226, 19.151, 19.176, 19.228, 18.924, 18.333, 18.366, 18.365, 18.232, 18.227, 18.207, 18.199, 17.97, 17.743, 17.308, 16.568, 15.948, 15.239, 14.788, 14.205, 13.363, 12.915, 12.582, 12.045, 11.443, 9.499, 4.985, 2.087, 0.0, 3.617, 7.792, 11.679, 14.246, 15.367, 15.975, 16.196, 16.237, 16.307, 16.402, 17.082, 17.43, 18.024, 18.385, 17.918, 17.792, 17.968, 18.26, 18.374, 18.368, 18.755, 19.695, 20.641, 20.751, 20.773, 20.553, 20.219, 20.319, 20.162, 20.323, 21.077, 22.628, 23.589, 23.685, 23.702], [23.01, 22.982, 22.988, 23.256, 23.477, 23.172, 22.818, 22.688, 22.707, 22.917, 23.259, 23.126, 22.549, 22.042, 21.865, 21.814, 21.728, 21.308, 20.898, 20.538, 19.941, 19.551, 19.345, 19.265, 19.295, 19.319, 19.001, 18.492, 18.535, 18.505, 18.362, 18.331, 18.263, 18.212, 18.005, 17.839, 17.436, 16.759, 16.27, 15.616, 15.231, 14.746, 13.989, 13.56, 13.246, 12.702, 12.2, 10.444, 6.256, 4.483, 3.617, 0.0, 5.462, 9.99, 12.721, 13.942, 14.624, 14.96, 14.982, 15.095, 15.321, 16.122, 16.601, 17.26, 17.625, 17.168, 17.154, 17.436, 17.736, 17.847, 17.866, 18.26, 19.2, 20.197, 20.328, 20.338, 20.134, 19.853, 19.968, 19.835, 20.062, 20.934, 22.609, 23.604, 23.698, 23.735], [23.8, 23.779, 23.716, 23.939, 24.209, 23.965, 23.599, 23.425, 23.455, 23.625, 23.856, 23.72, 23.136, 22.622, 22.441, 22.37, 22.301, 22.014, 21.794, 21.498, 20.866, 20.525, 20.41, 20.396, 20.463, 20.489, 20.093, 19.568, 19.622, 19.563, 19.432, 19.398, 19.309, 19.249, 19.052, 18.971, 18.691, 18.043, 17.5, 16.792, 16.481, 16.147, 15.489, 15.057, 14.772, 14.208, 13.878, 12.553, 9.347, 8.127, 7.792, 5.462, 0.0, 6.122, 10.21, 11.593, 12.074, 12.507, 12.657, 12.853, 13.448, 14.61, 15.339, 16.321, 16.725, 16.304, 16.449, 16.92, 17.303, 17.405, 17.453, 17.905, 18.922, 19.99, 20.125, 20.129, 19.983, 19.863, 20.03, 19.941, 20.279, 21.249, 23.06, 24.134, 24.23, 24.317], [24.771, 24.725, 24.678, 24.844, 25.029, 24.795, 24.442, 24.248, 24.249, 24.376, 24.513, 24.38, 23.838, 23.315, 23.145, 23.066, 23.006, 22.77, 22.614, 22.581, 22.167, 21.796, 21.676, 21.595, 21.596, 21.599, 21.261, 20.886, 20.92, 20.852, 20.754, 20.731, 20.67, 20.609, 20.491, 20.505, 20.318, 19.829, 19.455, 18.861, 18.587, 18.376, 17.918, 17.58, 17.368, 16.88, 16.578, 15.474, 12.93, 12.018, 11.679, 9.99, 6.122, 0.0, 5.888, 7.935, 8.417, 9.151, 9.449, 9.86, 10.867, 12.579, 13.55, 14.73, 15.153, 14.75, 14.95, 15.623, 16.093, 16.197, 16.288, 16.854, 18.078, 19.411, 19.774, 19.79, 19.73, 19.782, 19.961, 19.978, 20.416, 21.558, 23.517, 24.646, 24.75, 24.863], [24.578, 24.516, 24.539, 24.674, 24.723, 24.449, 24.109, 23.918, 23.868, 23.982, 24.129, 23.995, 23.478, 22.947, 22.751, 22.663, 22.564, 22.306, 22.118, 22.246, 22.178, 21.829, 21.628, 21.449, 21.377, 21.326, 21.123, 21.041, 21.096, 21.029, 20.942, 20.936, 20.862, 20.786, 20.765, 20.801, 20.625, 20.424, 20.537, 20.254, 19.979, 19.784, 19.459, 19.185, 19.001, 18.535, 18.072, 16.902, 14.861, 14.445, 14.246, 12.721, 10.21, 5.888, 0.0, 3.263, 5.555, 7.311, 7.577, 8.244, 9.169, 10.703, 11.821, 12.976, 13.396, 13.041, 13.533, 14.343, 14.786, 14.907, 15.027, 15.589, 16.756, 18.23, 18.846, 18.879, 18.875, 18.982, 19.152, 19.24, 19.747, 21.058, 23.042, 24.131, 24.24, 24.35], [24.357, 24.291, 24.317, 24.436, 24.482, 24.249, 23.954, 23.778, 23.732, 23.827, 23.941, 23.829, 23.375, 22.9, 22.724, 22.647, 22.557, 22.316, 22.163, 22.297, 22.331, 22.114, 21.959, 21.782, 21.718, 21.657, 21.489, 21.47, 21.53, 21.466, 21.374, 21.379, 21.312, 21.233, 21.236, 21.279, 21.124, 21.025, 21.281, 21.079, 20.775, 20.56, 20.243, 19.933, 19.703, 19.161, 18.58, 17.458, 15.735, 15.5, 15.367, 13.942, 11.593, 7.935, 3.263, 0.0, 3.814, 6.2, 6.718, 7.649, 8.516, 9.924, 11.073, 12.361, 12.797, 12.539, 13.231, 14.058, 14.471, 14.612, 14.766, 15.281, 16.28, 17.683, 18.349, 18.393, 18.404, 18.553, 18.765, 18.897, 19.466, 20.825, 22.779, 23.848, 23.953, 24.071], [24.484, 24.411, 24.388, 24.482, 24.593, 24.448, 24.199, 24.045, 24.037, 24.095, 24.12, 24.039, 23.675, 23.31, 23.205, 23.139, 23.098, 22.916, 22.822, 22.912, 22.862, 22.744, 22.704, 22.609, 22.574, 22.535, 22.344, 22.224, 22.262, 22.187, 22.089, 22.091, 22.057, 21.998, 21.984, 22.056, 21.965, 21.861, 22.023, 21.775, 21.48, 21.252, 20.884, 20.5, 20.206, 19.55, 18.907, 17.922, 16.375, 16.119, 15.975, 14.624, 12.074, 8.417, 5.555, 3.814, 0.0, 2.989, 4.428, 5.866, 7.031, 9.008, 10.292, 11.839, 12.322, 12.118, 12.832, 13.705, 14.181, 14.298, 14.516, 15.172, 16.256, 17.62, 18.217, 18.248, 18.265, 18.449, 18.709, 18.908, 19.522, 20.835, 22.751, 23.854, 23.967, 24.088], [24.261, 24.178, 24.126, 24.213, 24.357, 24.259, 24.043, 23.909, 23.92, 23.958, 23.948, 23.889, 23.59, 23.305, 23.235, 23.176, 23.157, 22.989, 22.921, 22.979, 22.894, 22.815, 22.822, 22.797, 22.786, 22.758, 22.573, 22.409, 22.434, 22.348, 22.244, 22.25, 22.242, 22.202, 22.188, 22.29, 22.252, 22.175, 22.32, 22.066, 21.754, 21.496, 21.087, 20.66, 20.343, 19.631, 18.908, 17.966, 16.562, 16.34, 16.196, 14.96, 12.507, 9.151, 7.311, 6.2, 2.989, 0.0, 2.832, 4.861, 6.132, 8.463, 9.788, 11.424, 11.949, 11.798, 12.488, 13.366, 13.872, 13.962, 14.193, 14.916, 16.011, 17.298, 17.818, 17.835, 17.854, 18.048, 18.326, 18.568, 19.213, 20.476, 22.361, 23.494, 23.614, 23.731], [24.048, 23.969, 23.947, 24.043, 24.151, 24.039, 23.832, 23.698, 23.693, 23.727, 23.726, 23.656, 23.345, 23.061, 22.996, 22.935, 22.889, 22.723, 22.664, 22.72, 22.672, 22.57, 22.554, 22.531, 22.533, 22.503, 22.345, 22.233, 22.264, 22.175, 22.074, 22.083, 22.063, 22.019, 22.019, 22.124, 22.074, 22.035, 22.247, 22.023, 21.687, 21.426, 21.033, 20.622, 20.345, 19.679, 18.947, 17.93, 16.492, 16.354, 16.237, 14.982, 12.657, 9.449, 7.577, 6.718, 4.428, 2.832, 0.0, 2.685, 4.7, 7.374, 8.809, 10.443, 11.021, 10.952, 11.802, 12.705, 13.216, 13.318, 13.526, 14.191, 15.235, 16.533, 17.066, 17.061, 17.077, 17.291, 17.581, 17.831, 18.531, 19.934, 21.943, 23.094, 23.218, 23.338], [24.099, 24.026, 24.022, 24.123, 24.218, 24.103, 23.904, 23.777, 23.768, 23.809, 23.821, 23.743, 23.414, 23.124, 23.066, 23.005, 22.944, 22.78, 22.723, 22.767, 22.683, 22.565, 22.556, 22.542, 22.555, 22.546, 22.398, 22.284, 22.323, 22.24, 22.142, 22.142, 22.105, 22.056, 22.052, 22.146, 22.078, 22.021, 22.219, 22.015, 21.701, 21.459, 21.08, 20.674, 20.403, 19.772, 19.098, 18.081, 16.567, 16.418, 16.307, 15.095, 12.853, 9.86, 8.244, 7.649, 5.866, 4.861, 2.685, 0.0, 3.432, 6.66, 8.153, 9.791, 10.383, 10.377, 11.401, 12.349, 12.875, 12.991, 13.219, 13.877, 14.895, 16.198, 16.718, 16.674, 16.667, 16.884, 17.209, 17.46, 18.177, 19.671, 21.81, 22.988, 23.111, 23.236], [23.456, 23.353, 23.392, 23.473