[[0.0, 2.166, 3.569, 4.894, 5.476, 6.388, 8.113, 9.241, 10.08, 10.679, 10.813, 10.73, 10.667, 11.937, 13.507, 14.055, 14.388, 15.502, 16.106, 15.948, 16.081, 16.279, 15.974, 15.418, 15.164, 14.977, 15.428, 16.121, 17.978, 21.041, 22.572, 22.343, 21.906, 22.356, 22.896, 22.726, 22.877, 23.029, 23.178, 23.575, 23.809, 24.011, 23.967, 24.239, 24.634, 24.624, 24.653, 25.09, 25.731, 26.121, 26.324, 26.512, 26.549, 26.381, 26.316, 26.404, 26.293, 25.949, 25.428, 25.105, 25.388, 25.484, 25.425, 25.511, 25.596, 25.676, 25.638, 25.282, 25.017, 25.359, 25.771, 25.671, 25.661, 25.72, 25.579, 25.326, 25.177, 25.292, 25.339, 25.265, 24.999, 24.777, 24.797, 24.543, 24.089, 23.796], [2.166, 0.0, 2.161, 4.06, 4.948, 6.211, 8.006, 9.092, 9.975, 10.606, 10.752, 10.776, 10.831, 11.991, 13.388, 13.837, 14.103, 15.23, 15.877, 15.73, 15.887, 16.114, 15.844, 15.285, 15.025, 14.851, 15.314, 16.049, 18.005, 21.102, 22.601, 22.322, 21.74, 22.061, 22.572, 22.468, 22.679, 22.838, 22.974, 23.371, 23.64, 23.875, 23.812, 24.071, 24.466, 24.453, 24.472, 24.93, 25.58, 25.981, 26.201, 26.394, 26.433, 26.267, 26.194, 26.273, 26.158, 25.821, 25.334, 25.048, 25.332, 25.413, 25.342, 25.435, 25.536, 25.638, 25.602, 25.237, 24.973, 25.299, 25.72, 25.634, 25.631, 25.68, 25.522, 25.26, 25.117, 25.239, 25.285, 25.207, 24.949, 24.747, 24.775, 24.516, 24.067, 23.788], [3.569, 2.161, 0.0, 2.49, 3.847, 5.43, 7.309, 8.418, 9.321, 9.99, 10.168, 10.277, 10.683, 12.197, 13.642, 14.077, 14.352, 15.5, 16.175, 16.028, 16.188, 16.417, 16.125, 15.54, 15.302, 15.084, 15.492, 16.261, 18.311, 21.411, 22.893, 22.568, 21.893, 22.167, 22.611, 22.492, 22.722, 22.882, 23.021, 23.418, 23.702, 23.962, 23.852, 24.021, 24.386, 24.368, 24.35, 24.787, 25.424, 25.827, 26.08, 26.285, 26.315, 26.13, 26.038, 26.111, 25.984, 25.638, 25.172, 24.929, 25.226, 25.286, 25.209, 25.321, 25.425, 25.524, 25.486, 25.117, 24.908, 25.309, 25.746, 25.666, 25.671, 25.73, 25.571, 25.294, 25.15, 25.279, 25.317, 25.243, 25.004, 24.808, 24.835, 24.569, 24.093, 23.792], [4.894, 4.06, 2.49, 0.0, 2.112, 4.378, 6.358, 7.45, 8.331, 9.057, 9.311, 9.508, 10.169, 12.014, 13.601, 14.088, 14.422, 15.613, 16.294, 16.124, 16.254, 16.481, 16.167, 15.552, 15.369, 15.189, 15.578, 16.319, 18.391, 21.501, 22.989, 22.661, 22.033, 22.42, 22.883, 22.753, 22.973, 23.141, 23.297, 23.694, 23.969, 24.219, 24.109, 24.259, 24.608, 24.585, 24.563, 24.999, 25.613, 25.997, 26.261, 26.462, 26.489, 26.3, 26.195, 26.26, 26.126, 25.779, 25.306, 25.069, 25.37, 25.417, 25.341, 25.453, 25.539, 25.615, 25.576, 25.23, 25.084, 25.524, 25.943, 25.86, 25.866, 25.934, 25.783, 25.495, 25.335, 25.449, 25.484, 25.415, 25.193, 25.006, 25.054, 24.807, 24.304, 23.996], [5.476, 4.948, 3.847, 2.112, 0.0, 2.934, 5.449, 6.69, 7.632, 8.389, 8.595, 8.742, 9.49, 11.522, 13.212, 13.719, 14.051, 15.268, 15.984, 15.845, 15.994, 16.24, 15.918, 15.293, 15.115, 14.992, 15.433, 16.173, 18.242, 21.343, 22.811, 22.487, 21.971, 22.47, 22.978, 22.843, 23.039, 23.203, 23.392, 23.803, 24.07, 24.316, 24.219, 24.373, 24.719, 24.691, 24.67, 25.11, 25.717, 26.092, 26.353, 26.552, 26.581, 26.397, 26.293, 26.36, 26.231, 25.899, 25.406, 25.134, 25.428, 25.484, 25.416, 25.523, 25.593, 25.647, 25.602, 25.267, 25.14, 25.602, 26.026, 25.946, 25.957, 26.032, 25.89, 25.608, 25.44, 25.551, 25.592, 25.53, 25.319, 25.136, 25.191, 24.953, 24.446, 24.133], [6.388, 6.211, 5.43, 4.378, 2.934, 0.0, 3.258, 4.948, 6.002, 6.876, 7.103, 7.283, 8.421, 11.044, 12.978, 13.563, 14.002, 15.246, 15.939, 15.81, 15.972, 16.222, 15.879, 15.246, 15.085, 15.066, 15.592, 16.318, 18.315, 21.333, 22.744, 22.444, 22.128, 22.811, 23.404, 23.277, 23.44, 23.585, 23.789, 24.221, 24.466, 24.677, 24.618, 24.828, 25.179, 25.15, 25.162, 25.615, 26.196, 26.532, 26.757, 26.945, 26.975, 26.798, 26.71, 26.789, 26.683, 26.358, 25.839, 25.514, 25.765, 25.84, 25.798, 25.913, 25.982, 26.019, 25.967, 25.65, 25.509, 25.934, 26.337, 26.25, 26.256, 26.33, 26.201, 25.94, 25.77, 25.867, 25.911, 25.855, 25.63, 25.422, 25.467, 25.247, 24.75, 24.438], [8.113, 8.006, 7.309, 6.358, 5.449, 3.258, 0.0, 2.309, 3.642, 4.693, 5.256, 5.64, 7.235, 10.559, 12.88, 13.681, 14.444, 15.865, 16.52, 16.399, 16.56, 16.767, 16.384, 15.783, 15.679, 15.789, 16.378, 17.018, 18.89, 21.788, 23.115, 22.859, 22.756, 23.656, 24.333, 24.237, 24.387, 24.518, 24.707, 25.133, 25.383, 25.555, 25.53, 25.806, 26.148, 26.12, 26.189, 26.636, 27.138, 27.411, 27.581, 27.738, 27.767, 27.599, 27.519, 27.604, 27.526, 27.186, 26.617, 26.227, 26.401, 26.494, 26.502, 26.628, 26.715, 26.739, 26.67, 26.388, 26.239, 26.608, 26.964, 26.869, 26.858, 26.919, 26.805, 26.562, 26.377, 26.435, 26.476, 26.419, 26.159, 25.905, 25.958, 25.78, 25.312, 25.034], [9.241, 9.092, 8.418, 7.45, 6.69, 4.948, 2.309, 0.0, 1.753, 3.051, 3.845, 4.666, 6.731, 10.357, 12.863, 13.812, 14.731, 16.232, 16.891, 16.79, 16.95, 17.138, 16.741, 16.164, 16.112, 16.252, 16.803, 17.376, 19.227, 22.105, 23.391, 23.104, 23.024, 23.944, 24.622, 24.532, 24.665, 24.787, 24.981, 25.399, 25.659, 25.836, 25.798, 26.062, 26.39, 26.355, 26.437, 26.881, 27.32, 27.554, 27.719, 27.871, 27.899, 27.732, 27.649, 27.722, 27.641, 27.3, 26.737, 26.372, 26.545, 26.63, 26.647, 26.782, 26.875, 26.907, 26.834, 26.563, 26.436, 26.79, 27.127, 27.027, 27.007, 27.062, 26.951, 26.707, 26.517, 26.561, 26.595, 26.53, 26.247, 25.984, 26.054, 25.885, 25.411, 25.142], [10.08, 9.975, 9.321, 8.331, 7.632, 6.002, 3.642, 1.753, 0.0, 1.713, 2.836, 4.125, 6.79, 10.744, 13.377, 14.402, 15.357, 16.819, 17.451, 17.349, 17.507, 17.692, 17.268, 16.688, 16.671, 16.801, 17.299, 17.846, 19.674, 22.516, 23.772, 23.455, 23.399, 24.314, 24.952, 24.841, 24.952, 25.064, 25.253, 25.661, 25.913, 26.083, 26.038, 26.283, 26.595, 26.561, 26.634, 27.058, 27.449, 27.647, 27.813, 27.968, 27.993, 27.827, 27.743, 27.815, 27.733, 27.391, 26.845, 26.517, 26.7, 26.761, 26.764, 26.901, 26.99, 27.024, 26.953, 26.698, 26.627, 26.986, 27.299, 27.192, 27.168, 27.22, 27.106, 26.862, 26.672, 26.709, 26.735, 26.665, 26.393, 26.153, 26.237, 26.071, 25.59, 25.321], [10.679, 10.606, 9.99, 9.057, 8.389, 6.876, 4.693, 3.051, 1.713, 0.0, 1.638, 3.447, 6.532, 10.841, 13.644, 14.733, 15.718, 17.201, 17.833, 17.747, 17.921, 18.094, 17.64, 17.084, 17.086, 17.169, 17.628, 18.168, 19.968, 22.772, 24.009, 23.674, 23.642, 24.574, 25.189, 25.053, 25.141, 25.248, 25.439, 25.842, 26.098, 26.272, 26.218, 26.455, 26.763, 26.726, 26.799, 27.208, 27.575, 27.756, 27.916, 28.072, 28.097, 27.932, 27.845, 27.917, 27.835, 27.487, 26.941, 26.615, 26.789, 26.84, 26.848, 26.993, 27.088, 27.125, 27.049, 26.798, 26.761, 27.151, 27.466, 27.358, 27.331, 27.383, 27.271, 27.029, 26.845, 26.889, 26.912, 26.837, 26.567, 26.334, 26.419, 26.255, 25.777, 25.514], [10.813, 10.752, 10.168, 9.311, 8.595, 7.103, 5.256, 3.845, 2.836, 1.638, 0.0, 2.465, 6.153, 10.751, 13.637, 14.743, 15.691, 17.158, 17.809, 17.751, 17.946, 18.124, 17.669, 17.132, 17.132, 17.182, 17.621, 18.175, 19.989, 22.791, 24.023, 23.679, 23.635, 24.538, 25.126, 24.97, 25.038, 25.136, 25.333, 25.735, 25.991, 26.181, 26.126, 26.342, 26.65, 26.614, 26.671, 27.069, 27.431, 27.606, 27.769, 27.933, 27.957, 27.788, 27.699, 27.772, 27.687, 27.344, 26.807, 26.488, 26.677, 26.726, 26.729, 26.882, 26.979, 27.016, 26.938, 26.673, 26.639, 27.055, 27.386, 27.279, 27.253, 27.307, 27.19, 26.945, 26.77, 26.833, 26.86, 26.783, 26.515, 26.293, 26.381, 26.205, 25.713, 25.443], [10.73, 10.776, 10.277, 9.508, 8.742, 7.283, 5.64, 4.666, 4.125, 3.447, 2.465, 0.0, 4.594, 10.118, 13.422, 14.648, 15.648, 17.152, 17.825, 17.806, 18.027, 18.2, 17.739, 17.223, 17.193, 17.25, 17.729, 18.296, 20.104, 22.888, 24.114, 23.84, 23.916, 24.857, 25.436, 25.268, 25.318, 25.409, 25.601, 25.988, 26.223, 26.402, 26.379, 26.607, 26.909, 26.884, 26.943, 27.301, 27.666, 27.837, 27.966, 28.119, 28.148, 27.989, 27.91, 27.993, 27.914, 27.582, 27.029, 26.648, 26.817, 26.874, 26.875, 27.018, 27.108, 27.127, 27.036, 26.769, 26.709, 27.093, 27.412, 27.307, 27.281, 27.33, 27.214, 26.983, 26.815, 26.885, 26.923, 26.856, 26.591, 26.375, 26.471, 26.295, 25.816, 25.56], [10.667, 10.831, 10.683, 10.169, 9.49, 8.421, 7.235, 6.731, 6.79, 6.532, 6.153, 4.594, 0.0, 6.589, 10.919, 12.703, 14.059, 15.74, 16.375, 16.408, 16.652, 16.72, 16.232, 15.875, 15.814, 15.969, 16.596, 17.077, 18.757, 21.591, 22.876, 22.834, 23.291, 24.556, 25.379, 25.313, 25.396, 25.494, 25.682, 26.077, 26.276, 26.38, 26.475, 26.943, 27.328, 27.31, 27.486, 27.933, 28.372, 28.57, 28.634, 28.746, 28.793, 28.669, 28.613, 28.699, 28.625, 28.29, 27.639, 27.064, 27.11, 27.217, 27.255, 27.362, 27.452, 27.437, 27.314, 27.072, 26.917, 27.154, 27.435, 27.331, 27.294, 27.328, 27.227, 27.031, 26.875, 26.935, 26.99, 26.939, 26.646, 26.371, 26.469, 26.318, 25.905, 25.722], [11.937, 11.991, 12.197, 12.014, 11.522, 11.044, 10.559, 10.357, 10.744, 10.841, 10.751, 10.118, 6.589, 0.0, 5.444, 8.246, 10.271, 12.166, 12.663, 12.813, 13.184, 13.193, 12.816, 12.838, 12.807, 13.247, 14.177, 14.482, 15.847, 18.699, 20.089, 20.441, 21.422, 23.214, 24.532, 24.729, 24.936, 25.043, 25.218, 25.645, 25.827, 25.849, 26.114, 26.98, 27.54, 27.52, 27.882, 28.582, 29.172, 29.449, 29.488, 29.561, 29.625, 29.537, 29.517, 29.596, 29.541, 29.215, 28.434, 27.614, 27.476, 27.651, 27.749, 27.835, 27.941, 27.895, 27.737, 27.54, 27.272, 27.327, 27.575, 27.477, 27.423, 27.424, 27.323, 27.159, 27.004, 27.014, 27.06, 27.029, 26.719, 26.359, 26.442, 26.319, 25.971, 25.869], [13.507, 13.388, 13.642, 13.601, 13.212, 12.978, 12.88, 12.863, 13.377, 13.644, 13.637, 13.422, 10.919, 5.444, 0.0, 3.579, 6.355, 8.456, 8.93, 9.259, 9.895, 10.174, 10.177, 10.473, 10.469, 11.135, 12.287, 12.59, 13.811, 16.551, 18.001, 18.68, 19.938, 22.009, 23.662, 24.092, 24.433, 24.552, 24.721, 25.18, 25.373, 25.394, 25.759, 26.834, 27.507, 27.485, 27.956, 28.9, 29.615, 29.998, 30.101, 30.168, 30.234, 30.161, 30.16, 30.23, 30.188, 29.879, 29.072, 28.182, 27.973, 28.19, 28.328, 28.438, 28.561, 28.525, 28.391, 28.227, 27.905, 27.869, 28.111, 28.018, 27.959, 27.92, 27.785, 27.642, 27.523, 27.511, 27.525, 27.496, 27.197, 26.815, 26.878, 26.745, 26.376, 26.259], [14.055, 13.837, 14.077, 14.088, 13.719, 13.563, 13.681, 13.812, 14.402, 14.733, 14.743, 14.648, 12.703, 8.246, 3.579, 0.0, 3.382, 5.92, 6.704, 7.28, 8.186, 8.827, 9.201, 9.502, 9.427, 10.172, 11.43, 11.841, 13.147, 15.808, 17.216, 17.96, 19.235, 21.366, 23.118, 23.653, 24.073, 24.204, 24.369, 24.84, 25.058, 25.141, 25.553, 26.667, 27.366, 27.342, 27.837, 28.891, 29.71, 30.176, 30.329, 30.403, 30.471, 30.401, 30.403, 30.473, 30.433, 30.143, 29.361, 28.485, 28.28, 28.499, 28.643, 28.771, 28.891, 28.877, 28.775, 28.624, 28.318, 28.289, 28.543, 28.453, 28.403, 28.346, 28.184, 28.054, 27.975, 27.981, 27.991, 27.959, 27.673, 27.311, 27.351, 27.194, 26.812, 26.664], [14.388, 14.103, 14.352, 14.422, 14.051, 14.002, 14.444, 14.731, 15.357, 15.718, 15.691, 15.648, 14.059, 10.271, 6.355, 3.382, 0.0, 3.03, 4.481, 5.503, 6.721, 7.693, 8.419, 8.693, 8.453, 9.124, 10.463, 11.005, 12.434, 15.143, 16.528, 17.165, 18.265, 20.34, 22.144, 22.737, 23.206, 23.34, 23.503, 23.991, 24.224, 24.372, 24.822, 25.965, 26.7, 26.672, 27.172, 28.321, 29.255, 29.803, 30.016, 30.118, 30.186, 30.116, 30.116, 30.185, 30.132, 29.857, 29.102, 28.229, 28.028, 28.222, 28.338, 28.47, 28.574, 28.581, 28.511, 28.357, 28.109, 28.152, 28.442, 28.356, 28.328, 28.275, 28.096, 27.963, 27.899, 27.924, 27.927, 27.899, 27.641, 27.308, 27.329, 27.141, 26.748, 26.58], [15.502, 15.23, 15.5, 15.613, 15.268, 15.246, 15.865, 16.232, 16.819, 17.201, 17.158, 17.152, 15.74, 12.166, 8.456, 5.92, 3.03, 0.0, 2.204, 3.934, 5.473, 6.686, 7.735, 8.093, 7.801, 8.48, 9.814, 10.376, 11.659, 14.184, 15.572, 16.273, 17.458, 19.701, 21.659, 22.333, 22.84, 22.97, 23.12, 23.618, 23.83, 23.974, 24.472, 25.696, 26.484, 26.457, 26.991, 28.245, 29.253, 29.839, 30.089, 30.209, 30.278, 30.213, 30.222, 30.286, 30.224, 29.955, 29.204, 28.304, 28.081, 28.258, 28.353, 28.49, 28.582, 28.594, 28.546, 28.413, 28.203, 28.25, 28.548, 28.47, 28.462, 28.408, 28.211, 28.073, 28.013, 28.039, 28.029, 28.002, 27.781, 27.476, 27.475, 27.268, 26.868, 26.699], [16.106, 15.877, 16.175, 16.294, 15.984, 15.939, 16.52, 16.891, 17.451, 17.833, 17.809, 17.825, 16.375, 12.663, 8.93, 6.704, 4.481, 2.204, 0.0, 2.285, 4.103, 5.401, 6.58, 7.128, 7.023, 7.994, 9.483, 9.955, 10.853, 13.074, 14.511, 15.431, 16.896, 19.433, 21.538, 22.25, 22.765, 22.901, 23.043, 23.545, 23.738, 23.844, 24.386, 25.705, 26.532, 26.51, 27.082, 28.376, 29.399, 29.978, 30.208, 30.318, 30.389, 30.33, 30.345, 30.406, 30.351, 30.079, 29.288, 28.338, 28.089, 28.277, 28.378, 28.519, 28.624, 28.64, 28.604, 28.486, 28.24, 28.221, 28.51, 28.444, 28.438, 28.379, 28.174, 28.033, 27.975, 27.997, 27.988, 27.959, 27.737, 27.436, 27.438, 27.241, 26.853, 26.704], [15.948, 15.73, 16.028, 16.124, 15.845, 15.81, 16.399, 16.79, 17.349, 17.747, 17.751, 17.806, 16.408, 12.813, 9.259, 7.28, 5.503, 3.934, 2.285, 0.0, 2.063, 3.741, 5.211, 5.841, 5.966, 7.223, 8.878, 9.371, 10.183, 12.375, 13.919, 14.903, 16.396, 19.043, 21.201, 21.905, 22.418, 22.573, 22.726, 23.227, 23.415, 23.525, 24.084, 25.43, 26.269, 26.247, 26.82, 28.125, 29.167, 29.741, 29.964, 30.076, 30.151, 30.09, 30.102, 30.165, 30.111, 29.831, 29.039, 28.114, 27.896, 28.089, 28.188, 28.329, 28.44, 28.469, 28.45, 28.331, 28.054, 28.017, 28.313, 28.251, 28.239, 28.176, 27.967, 27.83, 27.785, 27.823, 27.823, 27.786, 27.557, 27.272, 27.304, 27.111, 26.71, 26.546], [16.081, 15.887, 16.188, 16.254, 15.994, 15.972, 16.56, 16.95, 17.507, 17.921, 17.946, 18.027, 16.652, 13.184, 9.895, 8.186, 6.721, 5.473, 4.103, 2.063, 0.0, 2.165, 4.136, 4.917, 5.204, 6.685, 8.438, 8.899, 9.598, 11.77, 13.42, 14.475, 16.052, 18.835, 21.068, 21.778, 22.285, 22.445, 22.604, 23.105, 23.286, 23.397, 23.985, 25.36, 26.208, 26.186, 26.767, 28.095, 29.148, 29.707, 29.924, 30.039, 30.116, 30.056, 30.074, 30.144, 30.087, 29.796, 29.002, 28.097, 27.9, 28.092, 28.189, 28.329, 28.439, 28.47, 28.458, 28.339, 28.054, 28.018, 28.318, 28.256, 28.237, 28.172, 27.968, 27.836, 27.793, 27.839, 27.844, 27.803, 27.574, 27.296, 27.344, 27.156, 26.74, 26.558], [16.279, 16.114, 16.417, 16.481, 16.24, 16.222, 16.767, 17.138, 17.692, 18.094, 18.124, 18.2, 16.72, 13.193, 10.174, 8.827, 7.693, 6.686, 5.401, 3.741, 2.165, 0.0, 2.497, 3.769, 4.234, 5.978, 7.9, 8.247, 8.625, 10.75, 12.533, 13.743, 15.529, 18.526, 20.883, 21.614, 22.11, 22.268, 22.437, 22.953, 23.123, 23.21, 23.842, 25.287, 26.157, 26.134, 26.744, 28.095, 29.152, 29.685, 29.88, 29.987, 30.066, 30.004, 30.023, 30.096, 30.035, 29.728, 28.898, 27.968, 27.763, 27.961, 28.062, 28.199, 28.32, 28.349, 28.329, 28.204, 27.896, 27.845, 28.152, 28.094, 28.073, 28.011, 27.818, 27.685, 27.634, 27.685, 27.697, 27.652, 27.406, 27.11, 27.16, 26.977, 26.554, 26.371], [15.974, 15.844, 16.125, 16.167, 15.918, 15.879, 16.384, 16.741, 17.268, 17.64, 17.669, 17.739, 16.232, 12.816, 10.177, 9.201, 8.419, 7.735, 6.58, 5.211, 4.136, 2.497, 0.0, 2.088, 3.256, 5.218, 7.307, 7.682, 7.951, 10.169, 12.091, 13.329, 15.224, 18.323, 20.663, 21.342, 21.805, 21.963, 22.151, 22.689, 22.861, 22.934, 23.544, 24.966, 25.829, 25.807, 26.403, 27.713, 28.734, 29.244, 29.429, 29.532, 29.612, 29.543, 29.547, 29.613, 29.547, 29.225, 28.367, 27.422, 27.227, 27.434, 27.542, 27.677, 27.814, 27.849, 27.827, 27.685, 27.366, 27.34, 27.673, 27.627, 27.611, 27.565, 27.387, 27.254, 27.2, 27.263, 27.288, 27.239, 26.968, 26.652, 26.707, 26.514, 26.082, 25.901], [15.418, 15.285, 15.54, 15.552, 15.293, 15.246, 15.783, 16.164, 16.688, 17.084, 17.132, 17.223, 15.875, 12.838, 10.473, 9.502, 8.693, 8.093, 7.128, 5.841, 4.917, 3.769, 2.088, 0.0, 2.043, 4.452, 6.674, 7.24, 7.807, 10.31, 12.271, 13.35, 15.049, 17.993, 20.231, 20.881, 21.353, 21.522, 21.732, 22.286, 22.479, 22.581, 23.157, 24.516, 25.357, 25.333, 25.898, 27.185, 28.207, 28.728, 28.931, 29.045, 29.123, 29.049, 29.045, 29.105, 29.025, 28.701, 27.866, 26.974, 26.832, 27.034, 27.137, 27.265, 27.399, 27.443, 27.428, 27.268, 26.969, 26.999, 27.359, 27.317, 27.31, 27.276, 27.093, 26.951, 26.899, 26.969, 26.997, 26.938, 26.664, 26.367, 26.426, 26.22, 25.767, 25.574], [15.164, 15.025, 15.302, 15.369, 15.115, 15.085, 15.679, 16.112, 16.671, 17.086, 17.132, 17.193, 15.814, 12.807, 10.469, 9.427, 8.453, 7.801, 7.023, 5.966, 5.204, 4.234, 3.256, 2.043, 0.0, 3.114, 5.769, 6.544, 7.474, 10.3, 12.231, 13.235, 14.838, 17.723, 19.961, 20.612, 21.098, 21.264, 21.474, 22.046, 22.248, 22.36, 22.96, 24.339, 25.185, 25.163, 25.745, 27.047, 28.089, 28.631, 28.843, 28.964, 29.042, 28.968, 28.975, 29.049, 28.968, 28.646, 27.832, 26.968, 26.842, 27.032, 27.124, 27.251, 27.382, 27.424, 27.393, 27.231, 26.969, 27.046, 27.419, 27.368, 27.364, 27.334, 27.147, 26.997, 26.936, 27.007, 27.036, 26.976, 26.71, 26.407, 26.43, 26.2, 25.735, 25.527], [14.977, 14.851, 15.084, 15.189, 14.992, 15.066, 15.789, 16.252, 16.801, 17.169, 17.182, 17.25, 15.969, 13.247, 11.135, 10.172, 9.124, 8.48, 7.994, 7.223, 6.685, 5.978, 5.218, 4.452, 3.114, 0.0, 3.149, 4.576, 6.629, 10.178, 12.178, 12.896, 14.115, 16.915, 19.132, 19.71, 20.185, 20.359, 20.574, 21.177, 21.403, 21.55, 22.149, 23.511, 24.384, 24.37, 24.946, 26.269, 27.339, 27.923, 28.197, 28.354, 28.421, 28.333, 28.34, 28.425, 28.324, 27.99, 27.219, 26.441, 26.393, 26.557, 26.612, 26.736, 26.87, 26.922, 26.894, 26.7, 26.495, 26.708, 27.135, 27.08, 27.092, 27.089, 26.898, 26.721, 26.665, 26.773, 26.798, 26.738, 26.495, 26.182, 26.152, 25.865, 25.343, 25.081], [15.428, 15.314, 15.492, 15.578, 15.433, 15.592, 16.378, 16.803, 17.299, 17.628, 17.621, 17.729, 16.596, 14.177, 12.287, 11.43, 10.463, 9.814, 9.483, 8.878, 8.438, 7.9, 7.307, 6.674, 5.769, 3.149, 0.0, 2.471, 6.062, 10.19, 12.246, 12.67, 13.483, 16.193, 18.432, 18.979, 19.452, 19.642, 19.87, 20.477, 20.715, 20.892, 21.493, 22.865, 23.778, 23.768, 24.343, 25.719, 26.819, 27.426, 27.757, 27.944, 28.002, 27.906, 27.91, 27.994, 27.867, 27.536, 26.823, 26.152, 26.19, 26.34, 26.357, 26.471, 26.591, 26.648, 26.628, 26.4, 26.225, 26.524, 26.976, 26.918, 26.945, 26.962, 26.763, 26.557, 26.508, 26.646, 26.659, 26.584, 26.366, 26.077, 26.024, 25.707, 25.144, 24.851], [16.121, 16.049, 16.261, 16.319, 16.173, 16.318, 17.018, 17.376, 17.846, 18.168, 18.175, 18.296, 17.077, 14.482, 12.59, 11.841, 11.005, 10.376, 9.955, 9.371, 8.899, 8.247, 7.682, 7.24, 6.544, 4.576, 2.471, 0.0, 4.446, 9.131, 11.3, 11.708, 12.671, 15.689, 18.173, 18.784, 19.249, 19.437, 19.682, 20.311, 20.545, 20.696, 21.361, 22.852, 23.814, 23.804, 24.427, 25.864, 26.978, 27.575, 27.89, 28.069, 28.131, 28.045, 28.063, 28.152, 28.031, 27.71, 26.971, 26.253, 26.257, 26.432, 26.455, 26.554, 26.669, 26.724, 26.703, 26.487, 26.291, 26.529, 26.948, 26.886, 26.911, 26.926, 26.731, 26.524, 26.469, 26.608, 26.623, 26.551, 26.335, 26.049, 26.0, 25.692, 25.137, 24.856], [17.978, 18.005, 18.311, 18.391, 18.242, 18.315, 18.89, 19.227, 19.674, 19.968, 19.989, 20.104, 18.757, 15.847, 13.811, 13.147, 12.434, 11.659, 10.853, 10.183, 9.598, 8.625, 7.951, 7.807, 7.474, 6.629, 6.062, 4.446, 0.0, 5.469, 8.185, 9.078, 11.053, 15.044, 18.097, 18.863, 19.302, 19.481, 19.73, 20.382, 20.571, 20.639, 21.478, 23.265, 24.317, 24.31, 25.057, 26.631, 27.816, 28.402, 28.648, 28.781, 28.853, 28.79, 28.832, 28.921, 28.831, 28.507, 27.641, 26.747, 26.631, 26.868, 26.965, 27.063, 27.199, 27.265, 27.266, 27.109, 26.81, 26.87, 27.25, 27.199, 27.216, 27.204, 27.009, 26.823, 26.762, 26.882, 26.909, 26.847, 26.613, 26.296, 26.241, 25.971, 25.451, 25.195], [21.041, 21.102, 21.411, 21.501, 21.343, 21.333, 21.788, 22.105, 22.516, 22.772, 22.791, 22.888, 21.591, 18.699, 16.551, 15.808, 15.143, 14.184, 13.074, 12.375, 11.77, 10.75, 10.169, 10.31, 10.3, 10.178, 10.19, 9.131, 5.469, 0.0, 3.795, 6.564, 10.528, 15.764, 19.321, 20.256, 20.687, 20.844, 21.077, 21.722, 21.851, 21.849, 22.8, 24.73, 25.796, 25.79, 26.649, 28.339, 29.581, 30.167, 30.347, 30.429, 30.512, 30.473, 30.541, 30.633, 30.577, 30.241, 29.234, 28.148, 27.905, 28.172, 28.351, 28.495, 28.654, 28.734, 28.777, 28.729, 28.412, 28.32, 28.651, 28.608, 28.615, 28.56, 28.335, 28.184, 28.162, 28.278, 28.309, 28.253, 28.036, 27.719, 27.648, 27.427, 26.96, 26.727], [22.572, 22.601, 22.893, 22.989, 22.811, 22.744, 23.115, 23.391, 23.772, 24.009, 24.023, 24.114, 22.876, 20.089, 18.001, 17.216, 16.528, 15.572, 14.511, 13.919, 13.42, 12.533, 12.091, 12.271, 12.231, 12.178, 12.246, 11.3, 8.185, 3.795, 0.0, 4.53, 9.954, 15.968, 19.839, 20.888, 21.327, 21.449, 21.69, 22.356, 22.485, 22.483, 23.475, 25.453, 26.526, 26.523, 27.436, 29.195, 30.477, 31.087, 31.265, 31.345, 31.434, 31.412, 31.502, 31.609, 31.558, 31.228, 30.194, 29.032, 28.726, 28.995, 29.185, 29.342, 29.51, 29.615, 29.671, 29.669, 29.442, 29.359, 29.674, 29.632, 29.645, 29.587, 29.339, 29.188, 29.187, 29.301, 29.327, 29.276, 29.098, 28.829, 28.748, 28.54, 28.102, 27.874], [22.343, 22.322, 22.568, 22.661, 22.487, 22.444, 22.859, 23.104, 23.455, 23.674, 23.679, 23.84, 22.834, 20.441, 18.68, 17.96, 17.165, 16.273, 15.431, 14.903, 14.475, 13.743, 13.329, 13.35, 13.235, 12.896, 12.67, 11.708, 9.078, 6.564, 4.53, 0.0, 6.549, 13.692, 17.933, 18.983, 19.403, 19.524, 19.81, 20.535, 20.702, 20.765, 21.812, 23.849, 24.972, 24.97, 25.87, 27.735, 29.119, 29.799, 30.064, 30.192, 30.276, 30.242, 30.317, 30.425, 30.344, 30.027, 29.07, 28.039, 27.822, 28.068, 28.23, 28.378, 28.529, 28.692, 28.782, 28.758, 28.642, 28.698, 29.061, 29.024, 29.065, 29.047, 28.796, 28.593, 28.563, 28.694, 28.708, 28.645, 28.502, 28.275, 28.167, 27.93, 27.467, 27.209], [21.906, 21.74, 21.893, 22.033, 21.971, 22.128, 22.756, 23.024, 23.399, 23.642, 23.635, 23.916, 23.291, 21.422, 19.938, 19.235, 18.265, 17.458, 16.896, 16.396, 16.052, 15.529, 15.224, 15.049, 14.838, 14.115, 13.483, 12.671, 11.053, 10.528, 9.954, 6.549, 0.0, 8.578, 13.596, 14.807, 15.349, 15.546, 15.905, 16.731, 17.026, 17.254, 18.34, 20.532, 21.818, 21.815, 22.706, 24.767, 26.341, 27.172, 27.613, 27.823, 27.89, 27.814, 27.839, 27.929, 27.806, 27.521, 26.773, 26.098, 26.101, 26.305, 26.416, 26.547, 26.71, 26.965, 27.128, 27.023, 26.92, 27.156, 27.647, 27.628, 27.686, 27.716, 27.457, 27.178, 27.132, 27.317, 27.322, 27.237, 27.094, 26.889, 26.767, 26.479, 25.994, 25.716], [22.356, 22.061, 22.167, 22.42, 22.47, 22.811, 23.656, 23.944, 24.314, 24.574, 24.538, 24.857, 24.556, 23.214, 22.009, 21.366, 20.34, 19.701, 19.433, 19.043, 18.835, 18.526, 18.323, 17.993, 17.723, 16.915, 16.193, 15.689, 15.044, 15.764, 15.968, 13.692, 8.578, 0.0, 6.108, 8.418, 9.636, 9.918, 10.357, 11.295, 11.804, 12.393, 13.608, 16.374, 18.064, 18.078, 19.1, 21.499, 23.35, 24.383, 24.95, 25.199, 25.249, 25.149, 25.13, 25.22, 25.085, 24.886, 24.45, 24.168, 24.344, 24.538, 24.593, 24.662, 24.865, 25.223, 25.436, 25.237, 25.053, 25.412, 26.055, 26.057, 26.096, 26.134, 25.879, 25.601, 25.611, 25.845, 25.836, 25.702, 25.503, 25.351, 25.296, 25.007, 24.61, 24.372], [22.896, 22.572, 22.611, 22.883, 22.978, 23.404, 24.333, 24.622, 24.952, 25.189, 25.126, 25.436, 25.379, 24.532, 23.662, 23.118, 22.144, 21.659, 21.538, 21.201, 21.068, 20.883, 20.663, 20.231, 19.961, 19.132, 18.432, 18.173, 18.097, 19.321, 19.839, 17.933, 13.596, 6.108, 0.0, 3.757, 5.987, 6.406, 6.977, 8.027, 8.743, 9.747, 10.856, 13.735, 15.581, 15.598, 16.61, 19.104, 21.115, 22.275, 22.897, 23.16, 23.196, 23.074, 23.004, 23.097, 22.988, 22.913, 22.741, 22.738, 23.084, 23.28, 23.292, 23.298, 23.511, 23.926, 24.137, 23.85, 23.641, 24.165, 24.924, 24.953, 24.994, 25.044, 24.799, 24.52, 24.553, 24.826, 24.824, 24.659, 24.445, 24.355, 24.338, 24.051, 23.734, 23.544], [22.726, 22.468, 22.492, 22.753, 22.843, 23.277, 24.237, 24.532, 24.841, 25.053, 24.97, 25.268, 25.313, 24.729, 24.092, 23.653, 22.737, 22.333, 22.25, 21.905, 21.778, 21.614, 21.342, 20.881, 20.612, 19.71, 18.979, 18.784, 18.863, 20.256, 20.888, 18.983, 14.807, 8.418, 3.757, 0.0, 2.724, 3.55, 4.54, 5.889, 6.705, 7.903, 8.879, 11.728, 13.652, 13.671, 14.654, 17.191, 19.288, 20.533, 21.21, 21.514, 21.543, 21.398, 21.308, 21.435, 21.356, 21.324, 21.271, 21.434, 21.936, 22.158, 22.173, 22.153, 22.36, 22.795, 22.999, 22.652, 22.504, 23.297, 24.199, 24.257, 24.315, 24.411, 24.183, 23.86, 23.884, 24.221, 24.247, 24.071, 23.864, 23.787, 23.76, 23.433, 23.091, 22.901], [22.877, 22.679, 22.722, 22.973, 23.039, 23.44, 24.387, 24.665, 24.952, 25.141, 25.038, 25.318, 25.396, 24.936, 24.433, 24.073, 23.206, 22.84, 22.765, 22.418, 22.285, 22.11, 21.805, 21.353, 21.098, 20.185, 19.452, 19.249, 19.302, 20.687, 21.327, 19.403, 15.349, 9.636, 5.987, 2.724, 0.0, 1.533, 3.246, 4.821, 5.648, 6.93, 7.883, 10.77, 12.728, 12.74, 13.752, 16.353, 18.48, 19.764, 20.473, 20.796, 20.827, 20.683, 20.597, 20.748, 20.694, 20.682, 20.657, 20.889, 21.46, 21.708, 21.751, 21.729, 21.931, 22.381, 22.589, 22.214, 22.104, 23.058, 24.051, 24.13, 24.197, 24.326, 24.126, 23.791, 23.808, 24.175, 24.223, 24.046, 23.832, 23.756, 23.733, 23.389, 23.024, 22.832], [23.029, 22.838, 22.882, 23.141, 23.203, 23.585, 24.518, 24.787, 25.064, 25.248, 25.136, 25.409, 25.494, 25.043, 24.552, 24.204, 23.34, 22.97, 22.901, 22.573, 22.445, 22.268, 21.963, 21.522, 21.264, 20.359, 19.642, 19.437, 19.481, 20.844, 21.449, 19.524, 15.546, 9.918, 6.406, 3.55, 1.533, 0.0, 2.368, 4.28, 5.19, 6.535, 7.532, 10.434, 12.376, 12.371, 13.448, 16.153, 18.339, 19.634, 20.322, 20.643, 20.682, 20.551, 20.476, 20.637, 20.602, 20.592, 20.544, 20.744, 21.294, 21.555, 21.619, 21.605, 21.821, 22.292, 22.497, 22.113, 22.02, 23.018, 24.055, 24.157, 24.232, 24.37, 24.185, 23.865, 23.886, 24.253, 24.306, 24.135, 23.915, 23.842, 23.82, 23.48, 23.133, 22.95], [23.178, 22.974, 23.021, 23.297, 23.392, 23.789, 24.707, 24.981, 25.253, 25.439, 25.333, 25.601, 25.682, 25.218, 24.721, 24.369, 23.503, 23.12, 23.043, 22.726, 22.604, 22.437, 22.151, 21.732, 21.474, 20.574, 19.87, 19.682, 19.73, 21.077, 21.69, 19.81, 15.905, 10.357, 6.977, 4.54, 3.246, 2.368, 0.0, 2.481, 3.863, 5.379, 6.581, 9.798, 11.827, 11.866, 13.051, 15.877, 18.13, 19.411, 20.074, 20.41, 20.45, 20.342, 20.302, 20.515, 20.546, 20.561, 20.55, 20.79, 21.338, 21.61, 21.682, 21.678, 21.92, 22.422, 22.626, 22.248, 22.168, 23.154, 24.187, 24.304, 24.39, 24.525, 24.348, 24.038, 24.053, 24.414, 24.47, 24.303, 24.097, 24.038, 24.009, 23.67, 23.344, 23.17], [23.575, 23.371, 23.418, 23.694, 23.803, 24.221, 25.133, 25.399, 25.661, 25.842, 25.735, 25.988, 26.077, 25.645, 25.18, 24.84, 23.991, 23.618, 23.545, 23.227, 23.105, 22.953, 22.689, 22.286, 22.046, 21.177, 20.477, 20.311, 20.382, 21.722, 22.356, 20.535, 16.731, 11.295, 8.027, 5.889, 4.821, 4.28, 2.481, 0.0, 2.283, 4.462, 5.89, 9.41, 11.523, 11.589, 12.818, 15.696, 17.982, 19.265, 19.938, 20.282, 20.323, 20.234, 20.227, 20.49, 20.578, 20.651, 20.731, 21.058, 21.634, 21.901, 21.962, 21.956, 22.188, 22.679, 22.887, 22.52, 22.44, 23.403, 24.409, 24.521, 24.608, 24.747, 24.583, 24.286, 24.304, 24.665, 24.721, 24.554, 24.357, 24.316, 24.304, 23.966, 23.642, 23.468], [23.809, 23.64, 23.702, 23.969, 24.07, 24.466, 25.383, 25.659, 25.913, 26.098, 25.991, 26.223, 26.276, 25.827, 25.373, 25.058, 24.224, 23.83, 23.738, 23.415, 23.286, 23.123, 22.861, 22.479, 22.248, 21.403, 20.715, 20.545, 20.571, 21.851, 22.485, 20.702, 17.026, 11.804, 8.743, 6.705, 5.648, 5.19, 3.863, 2.283, 0.0, 2.781, 5.051, 9.16, 11.364, 11.438, 12.781, 15.727, 18.03, 19.309, 19.948, 20.271, 20.316, 20.233, 20.234, 20.499, 20.589, 20.66, 20.727, 21.021, 21.592, 21.867, 21.944, 21.939, 22.154, 22.634, 22.856, 22.528, 22.466, 23.422, 24.429, 24.541, 24.621, 24.757, 24.604, 24.329, 24.377, 24.772, 24.847, 24.686, 24.487, 24.444, 24.435, 24.097, 23.78, 23.614], [24.011, 23.875, 23.962, 24.219, 24.316, 24.677, 25.555, 25.836, 26.083, 26.272, 26.181, 26.402, 26.38, 25.849, 25.394, 25.141, 24.372, 23.974, 23.844, 23.525, 23.397, 23.21, 22.934, 22.581, 22.36, 21.55, 20.892, 20.696, 20.639, 21.849, 22.483, 20.765, 17.254, 12.393, 9.747, 7.903, 6.93, 6.535, 5.379, 4.462, 2.781, 0.0, 3.902, 8.943, 11.272, 11.367, 12.906, 15.929, 18.169, 19.387, 19.921, 20.185, 20.228, 20.157, 20.153, 20.412, 20.521, 20.564, 20.567, 20.791, 21.301, 21.608, 21.74, 21.727, 21.954, 22.447, 22.678, 22.408, 22.382, 23.32, 24.326, 24.457, 24.535, 24.662, 24.527, 24.278, 24.354, 24.778, 24.876, 24.719, 24.52, 24.469, 24.454, 24.125, 23.854, 23.731], [23.967, 23.812, 23.852, 24.109, 24.219, 24.618, 25.53, 25.798, 26.038, 26.218, 26.126, 26.379, 26.475, 26.114, 25.759, 25.553, 24.822, 24.472, 24.386, 24.084, 23.985, 23.842, 23.544, 23.157, 22.96, 22.149, 21.493, 21.361, 21.478, 22.8, 23.475, 21.812, 18.34, 13.608, 10.856, 8.879, 7.883, 7.532, 6.581, 5.89, 5.051, 3.902, 0.0, 5.74, 8.533, 8.651, 10.396, 13.86, 16.282, 17.656, 18.265, 18.555, 18.596, 18.515, 18.476, 18.768, 18.899, 18.928, 18.99, 19.348, 19.912, 20.245, 20.43, 20.439, 20.701, 21.236, 21.505, 21.282, 21.452, 22.626, 23.733, 23.905, 24.002, 24.153, 24.043, 23.797, 23.955, 24.486, 24.594, 24.427, 24.239, 24.196, 24.165, 23.813, 23.536, 23.404], [24.239, 24.071, 24.021, 24.259, 24.373, 24.828, 25.806, 26.062, 26.283, 26.455, 26.342, 26.607, 26.943, 26.98, 26.834, 26.667, 25.965, 25.696, 25.705, 25.43, 25.36, 25.287, 24.966, 24.516, 24.339, 23.511, 22.865, 22.852, 23.265, 24.73, 25.453, 23.849, 20.532, 16.374, 13.735, 11.728, 10.77, 10.434, 9.798, 9.41, 9.16, 8.943, 5.74, 0.0, 3.448, 3.871, 5.715, 9.866, 12.758, 14.497, 15.353, 15.783, 15.855, 15.789, 15.745, 16.12, 16.269, 16.296, 16.525, 17.253, 18.11, 18.474, 18.712, 18.817, 19.114, 19.73, 20.062, 19.892, 20.416, 22.013, 23.293, 23.528, 23.667, 23.875, 23.787, 23.517, 23.793, 24.534, 24.682, 24.51, 24.425, 24.467, 24.4, 24.007, 23.66, 23.457], [24.634, 24.466, 24.386, 24.608, 24.719, 25.179, 26.148, 26.39, 26.595, 26.763, 26.65, 26.909, 27.328, 27.54, 27.507, 27.366, 26.7, 26.484, 26.532, 26.269, 26.208, 26.157, 25.829, 25.357, 25.185, 24.384, 23.778, 23.814, 24.317, 25.796, 26.526, 24.972, 21.818, 18.064, 15.581, 13.652, 12.728, 12.376, 11.827, 11.523, 11.364, 11.272, 8.533, 3.448, 0.0, 1.512, 3.738, 7.985, 11.103, 13.041, 14.012, 14.521, 14.643, 14.637, 14.611, 15.031, 15.23, 15.297, 15.616, 16.527, 17.564, 17.961, 18.272, 18.448, 18.754, 19.405, 19.762, 19.631, 20.297, 22.021, 23.348, 23.615, 23.777, 24.006, 23.926, 23.654, 23.962, 24.783, 24.964, 24.792, 24.77, 24.87, 24.775, 24.371, 24.009, 23.789], [24.624, 24.453, 24.368, 24.585, 24.691, 25.15, 26.12, 26.355, 26.561, 26.726, 26.614, 26.884, 27.31, 27.52, 27.485, 27.342, 26.672, 26.457, 26.51, 26.247, 26.186, 26.134, 25.807, 25.333, 25.163, 24.37, 23.768, 23.804, 24.31, 25.79, 26.523, 24.97, 21.815, 18.078, 15.598, 13.671, 12.74, 12.371, 11.866, 11.589, 11.438, 11.367, 8.651, 3.871, 1.512, 0.0, 3.413, 8.025, 11.127, 13.11, 14.132, 14.634, 14.766, 14.767, 14.704, 15.08, 15.265, 15.343, 15.657, 16.572, 17.588, 17.98, 18.314, 18.498, 18.798, 19.43, 19.784, 19.666, 20.343, 22.075, 23.403, 23.674, 23.842, 24.073, 23.994, 23.718, 24.012, 24.814, 24.986, 24.816, 24.788, 24.877, 24.786, 24.383, 24.009, 23.782], [24.653, 24.472, 24.35, 24.563, 24.67, 25.162, 26.189, 26.437, 26.634, 26.799, 26.671, 26.943, 27.486, 27.882, 27.956, 27.837, 27.172, 26.991, 27.082, 26.82, 26.767, 26.744, 26.403, 25.898, 25.745, 24.946, 24.343, 24.427, 25.057, 26.649, 27.436, 25.87, 22.706, 19.1, 16.61, 14.654, 13.752, 13.448, 13.051, 12.818, 12.781, 12.906, 10.396, 5.715, 3.738, 3.413, 0.0, 5.335, 9.091, 11.373, 12.667, 13.311, 13.45, 13.479, 13.435, 13.798, 13.997, 14.21, 14.787, 16.04, 17.294, 17.638, 17.846, 17.992, 18.274, 18.961, 19.328, 19.159, 19.893, 21.741, 23.135, 23.426, 23.607, 23.859, 23.767, 23.464, 23.788, 24.654, 24.839, 24.67, 24.69, 24.825, 24.729, 24.311, 23.917, 23.665], [25.09, 24.93, 24.787, 24.999, 25.11, 25.615, 26.636, 26.881, 27.058, 27.208, 27.069, 27.301, 27.933, 28.582, 28.9, 28.891, 28.321, 28.245, 28.376, 28.125, 28.095, 28.095, 27.713, 27.185, 27.047, 26.269, 25.719, 25.864, 26.631, 28.339, 29.195, 27.735, 24.767, 21.499, 19.104, 17.191, 16.353, 16.153, 15.877, 15.696, 15.727, 15.929, 13.86, 9.866, 7.985, 8.025, 5.335, 0.0, 4.998, 8.169, 9.951, 10.799, 10.995, 11.167, 11.269, 11.684, 12.025, 12.584, 13.663, 15.46, 17.12, 17.431, 17.468, 17.52, 17.791, 18.535, 18.889, 18.644, 19.386, 21.304, 22.741, 23.048, 23.241, 23.527, 23.426, 23.105, 23.504, 24.495, 24.74, 24.574, 24.684, 24.945, 24.851, 24.425, 24.06, 23.838], [25.731, 25.58, 25.424, 25.613, 25.717, 26.196, 27.138, 27.32, 27.449, 27.575, 27.431, 27.666, 28.372, 29.172, 29.615, 29.71, 29.255, 29.253, 29.399, 29.167, 29.148, 29.152, 28.734, 28.207, 28.089, 27.339, 26.819, 26.978, 27.816, 29.581, 30.477, 29.119, 26.341, 23.35, 21.115, 19.288, 18.48, 18.339, 18.13, 17.982, 18.03, 18.169, 16.282, 12.758, 11.103, 11.127, 9.091, 4.998, 0.0, 4.517, 7.516, 8.714, 8.967, 9.288, 9.594, 10.163, 10.656, 11.446, 13.006, 15.51, 17.529, 17.798, 17.762, 17.796, 18.064, 18.803, 19.152, 18.925, 19.714, 21.496, 22.798, 23.076, 23.266, 23.566, 23.474, 23.131, 23.506, 24.488, 24.742, 24.573, 24.717, 25.085, 25.057, 24.639, 24.243, 24.021], [26.121, 25.981, 25.827, 25.997, 26.092, 26.532, 27.411, 27.554, 27.647, 27.756, 27.606, 27.837, 28.57, 29.449, 29.998, 30.176, 29.803, 29.839, 29.978, 29.741, 29.707, 29.685, 29.244, 28.728, 28.631, 27.923, 27.426, 27.575, 28.402, 30.167, 31.087, 29.799, 27.172, 24.383, 22.275, 20.533, 19.764, 19.634, 19.411, 19.265, 19.309, 19.387, 17.656, 14.497, 13.041, 13.11, 11.373, 8.169, 4.517, 0.0, 4.363, 6.371, 6.787, 7.268, 7.913, 8.814, 9.545, 10.477, 12.377, 15.431, 17.712, 17.985, 17.957, 18.022, 18.279, 19.018, 19.37, 19.18, 19.965, 21.601, 22.802, 23.053, 23.24, 23.548, 23.46, 23.1, 23.42, 24.357, 24.617, 24.441, 24.606, 25.037, 25.021, 24.62, 24.237, 24.014], [26.324, 26.201, 26.08, 26.261, 26.353, 26.757, 27.581, 27.719, 27.813, 27.916, 27.769, 27.966, 28.634, 29.488, 30.101, 30.329, 30.016, 30.089, 30.208, 29.964, 29.924, 29.88, 29.429, 28.931, 28.843, 28.197, 27.757, 27.89, 28.648, 30.347, 31.265, 30.064, 27.613, 24.95, 22.897, 21.21, 20.473, 20.322, 20.074, 19.938, 19.948, 19.921, 18.265, 15.353, 14.012, 14.132, 12.667, 9.951, 7.516, 4.363, 0.0, 2.76, 3.74, 4.737, 5.95, 7.276, 8.279, 9.21, 11.123, 14.348, 16.733, 17.088, 17.135, 17.183, 17.473, 18.241, 18.571, 18.451, 19.268, 20.949, 22.215, 22.478, 22.667, 22.998, 22.929, 22.596, 22.96, 23.948, 24.256, 24.078, 24.284, 24.776, 24.738, 24.393, 24.174, 24.036], [26.512, 26.394, 26.285, 26.462, 26.552, 26.945, 27.738, 27.871, 27.968, 28.072, 27.933, 28.119, 28.746, 29.561, 30.168, 30.403, 30.118, 30.209, 30.318, 30.076, 30.039, 29.987, 29.532, 29.045, 28.964, 28.354, 27.944, 28.069, 28.781, 30.429, 31.345, 30.192, 27.823, 25.199, 23.16, 21.514, 20.796, 20.643, 20.41, 20.282, 20.271, 20.185, 18.555, 15.783, 14.521, 14.634, 13.311, 10.799, 8.714, 6.371, 2.76, 0.0, 1.754, 3.463, 5.007, 6.398, 7.457, 8.442, 10.405, 13.724, 16.17, 16.562, 16.646, 16.65, 16.916, 17.642, 17.953, 17.916, 18.786, 20.494, 21.804, 22.093, 22.287, 22.619, 22.548, 22.218, 22.615, 23.653, 23.991, 23.817, 24.058, 24.595, 24.572, 24.257, 24.112, 24.029], [26.549, 26.433, 26.315, 26.489, 26.581, 26.975, 27.767, 27.899, 27.993, 28.097, 27.957, 28.148, 28.793, 29.625, 30.234, 30.471, 30.186, 30.278, 30.389, 30.151, 30.116, 30.066, 29.612, 29.123, 29.042, 28.421, 28.002, 28.131, 28.853, 30.512, 31.434, 30.276, 27.89, 25.249, 23.196, 21.543, 20.827, 20.682, 20.45, 20.323, 20.316, 20.228, 18.596, 15.855, 14.643, 14.766, 13.45, 10.995, 8.967, 6.787, 3.74, 1.754, 0.0, 2.171, 4.126, 5.738, 6.824, 7.904, 10.096, 13.553, 16.049, 16.429, 16.485, 16.469, 16.711, 17.422, 17.731, 17.705, 18.628, 20.365, 21.672, 21.967, 22.163, 22.485, 22.398, 22.054, 22.448, 23.493, 23.831, 23.654, 23.916, 24.48, 24.46, 24.129, 23.973, 23.889], [26.381, 26.267, 26.13, 26.3, 26.397, 26.798, 27.599, 27.732, 27.827, 27.932, 27.788, 27.989, 28.669, 29.537, 30.161, 30.401, 30.116, 30.213, 30.33, 30.09, 30.056, 30.004, 29.543, 29.049, 28.968, 28.333, 27.906, 28.045, 28.79, 30.473, 31.412, 30.242, 27.814, 25.149, 23.074, 21.398, 20.683, 20.551, 20.342, 20.234, 20.233, 20.157, 18.515, 15.789, 14.637, 14.767, 13.479, 11.167, 9.288, 7.268, 4.737, 3.463, 2.171, 0.0, 2.479, 4.577, 5.849, 7.025, 9.483, 13.195, 15.784, 16.145, 16.183, 16.19, 16.466, 17.183, 17.472, 17.437, 18.409, 20.215, 21.541, 21.831, 22.021, 22.337, 22.24, 21.879, 22.257, 23.293, 23.626, 23.44, 23.7, 24.263, 24.217, 23.869, 23.695, 23.587], [26.316, 26.194, 26.038, 26.195, 26.293, 26.71, 27.519, 27.649, 27.743, 27.845, 27.699, 27.91, 28.613, 29.517, 30.16, 30.403, 30.116, 30.222, 30.345, 30.102, 30.074, 30.023, 29.547, 29.045, 28.975, 28.34, 27.91, 28.063, 28.832, 30.541, 31.502, 30.317, 27.839, 25.13, 23.004, 21.308, 20.597, 20.476, 20.302, 20.227, 20.234, 20.153, 18.476, 15.745, 14.611, 14.704, 13.435, 11.269, 9.594, 7.913, 5.95, 5.007, 4.126, 2.479, 0.0, 2.65, 4.472, 5.994, 8.774, 12.754, 15.407, 15.765, 15.836, 15.866, 16.178, 16.905, 17.189, 17.167, 18.164, 20.023, 21.399, 21.712, 21.904, 22.213, 22.103, 21.723, 22.089, 23.132, 23.468, 23.27, 23.513, 24.077, 24.036, 23.682, 23.497, 23.387], [26.404, 26.273, 26.111, 26.26, 26.36, 26.789, 27.604, 27.722, 27.815, 27.917, 27.772, 27.993, 28.699, 29.596, 30.23, 30.473, 30.185, 30.286, 30.406, 30.165, 30.144, 30.096, 29.613, 29.105, 29.049, 28.425, 27.994, 28.152, 28.921, 30.633, 31.609, 30.425, 27.929, 25.22, 23.097, 21.435, 20.748, 20.637, 20.515, 20.49, 20.499, 20.412, 18.768, 16.12, 15.031, 15.08, 13.798, 11.684, 10.163, 8.814, 7.276, 6.398, 5.738, 4.577, 2.65, 0.0, 2.676, 5.047, 8.204, 12.417, 15.148, 15.49, 15.57, 15.613, 15.944, 16.696, 16.998, 17.009, 18.014, 19.843, 21.249, 21.597, 21.802, 22.107, 21.981, 21.588, 21.955, 23.019, 23.369, 23.167, 23.409, 23.989, 23.975, 23.626, 23.438, 23.339], [26.293, 26.158, 25.984, 26.126, 26.231, 26.683, 27.526, 27.641, 27.733, 27.835, 27.687, 27.914, 28.625, 29.541, 30.188, 30.433, 30.132, 30.224, 30.351, 30.111, 30.087, 30.035, 29.547, 29.025, 28.968, 28.324, 27.867, 28.031, 28.831, 30.577, 31.558, 30.344, 27.806, 25.085, 22.988, 21.356, 20.694, 20.602, 20.546, 20.578, 20.589, 20.521, 18.899, 16.269, 15.23, 15.265, 13.997, 12.025, 10.656, 9.545, 8.279, 7.457, 6.824, 5.849, 4.472, 2.676, 0.0, 3.378, 7.277, 11.76, 14.613, 14.904, 14.931, 14.975, 15.281, 16.036, 16.378, 16.419, 17.556, 19.464, 20.915, 21.286, 21.517, 21.839, 21.711, 21.311, 21.705, 22.824, 23.187, 22.978, 23.227, 23.836, 23.843, 23.483, 23.293, 23.188], [25.949, 25.821, 25.638, 25.779, 25.899, 26.358, 27.186, 27.3, 27.391, 27.487, 27.344, 27.582, 28.29, 29.215, 29.879, 30.143, 29.857, 29.955, 30.079, 29.831, 29.796, 29.728, 29.225, 28.701, 28.646, 27.99, 27.536, 27.71, 28.507, 30.241, 31.228, 30.027, 27.521, 24.886, 22.913, 21.324, 20.682, 20.592, 20.561, 20.651, 20.66, 20.564, 18.928, 16.296, 15.297, 15.343, 14.21, 12.584, 11.446, 10.477, 9.21, 8.442, 7.904, 7.025, 5.994, 5.047, 3.378, 0.0, 4.751, 10.029, 13.154, 13.424, 13.476, 13.565, 13.931, 14.726, 15.107, 15.287, 16.728, 18.88, 20.422, 20.813, 21.056, 21.402, 21.316, 20.941, 21.358, 22.507, 22.872, 22.674, 22.932, 23.515, 23.499, 23.133, 22.98, 22.886], [25.428, 25.334, 25.172, 25.306, 25.406, 25.839, 26.617, 26.737, 26.845, 26.941, 26.807, 27.029, 27.639, 28.434, 29.072, 29.361, 29.102, 29.204, 29.288, 29.039, 29.002, 28.898, 28.367, 27.866, 27.832, 27.219, 26.823, 26.971, 27.641, 29.234, 30.194, 29.07, 26.773, 24.45, 22.741, 21.271, 20.657, 20.544, 20.55, 20.731, 20.727, 20.567, 18.99, 16.525, 15.616, 15.657, 14.787, 13.663, 13.006, 12.377, 11.123, 10.405, 10.096, 9.483, 8.774, 8.204, 7.277, 4.751, 0.0, 6.209, 9.928, 10.339, 10.57, 10.848, 11.423, 12.359, 12.84, 13.3, 15.214, 17.772, 19.489, 19.912, 20.169, 20.545, 20.529, 20.223, 20.66, 21.811, 22.185, 22.029, 22.298, 22.807, 22.74, 22.401, 22.363, 22.327], [25.105, 25.048, 24.929, 25.069, 25.134, 25.514, 26.227, 26.372, 26.517, 26.615, 26.488, 26.648, 27.064, 27.614, 28.182, 28.485, 28.229, 28.304, 28.338, 28.114, 28.097, 27.968, 27.422, 26.974, 26.968, 26.441, 26.152, 26.253, 26.747, 28.148, 29.032, 28.039, 26.098, 24.168, 22.738, 21.434, 20.889, 20.744, 20.79, 21.058, 21.021, 20.791, 19.348, 17.253, 16.527, 16.572, 16.04, 15.46, 15.51, 15.431, 14.348, 13.724, 13.553, 13.195, 12.754, 12.417, 11.76, 10.029, 6.209, 0.0, 4.603, 5.58, 6.379, 7.164, 8.145, 9.305, 10.036, 10.888, 13.443, 16.66, 18.