[[0.0, 4.371, 6.373, 7.181, 8.109, 9.559, 12.063, 14.712, 15.94, 16.244, 16.258, 16.655, 17.638, 18.607, 18.934, 19.323, 20.184, 20.571, 20.253, 19.985, 20.166, 20.093, 19.908, 20.3, 20.615, 20.757, 20.718, 20.685, 20.933, 21.894, 23.279, 24.11, 24.0, 24.366, 24.942, 24.871, 24.971, 25.358, 25.367, 24.934, 24.454, 24.343, 24.536, 24.616, 24.791, 24.931, 24.773, 24.631, 24.477, 24.127, 24.042, 24.616, 25.732, 26.649, 26.825, 26.889, 27.037, 26.724, 26.474, 26.572, 26.583, 26.489, 26.788, 27.399, 27.903, 27.553, 26.665, 26.593, 26.805, 27.038, 27.296, 27.697, 27.716, 27.694, 28.172, 28.498, 28.514, 28.802, 29.233, 29.249, 28.732, 28.375, 28.316, 28.249, 28.102, 27.313], [4.371, 0.0, 2.931, 4.253, 5.386, 7.515, 10.911, 13.957, 15.183, 15.403, 15.416, 15.765, 16.666, 17.653, 18.002, 18.453, 19.521, 20.025, 19.664, 19.217, 19.233, 19.155, 19.072, 19.523, 19.891, 20.095, 20.077, 20.045, 20.277, 21.238, 22.584, 23.386, 23.283, 23.799, 24.689, 24.89, 25.057, 25.382, 25.406, 24.871, 24.12, 23.842, 23.968, 24.011, 24.149, 24.283, 24.153, 24.008, 23.868, 23.541, 23.452, 24.124, 25.404, 26.451, 26.728, 26.868, 27.025, 26.657, 26.34, 26.398, 26.395, 26.314, 26.653, 27.301, 27.857, 27.559, 26.737, 26.73, 26.976, 27.235, 27.512, 27.943, 27.962, 28.016, 28.586, 28.928, 28.962, 29.271, 29.719, 29.743, 29.226, 28.867, 28.831, 28.783, 28.642, 27.823], [6.373, 2.931, 0.0, 2.122, 4.031, 6.451, 10.091, 13.249, 14.477, 14.719, 14.787, 15.122, 15.955, 16.911, 17.265, 17.765, 18.938, 19.462, 19.038, 18.566, 18.565, 18.443, 18.368, 18.812, 19.163, 19.397, 19.406, 19.394, 19.634, 20.571, 21.89, 22.672, 22.565, 23.09, 24.028, 24.353, 24.643, 24.992, 25.027, 24.494, 23.758, 23.493, 23.616, 23.634, 23.751, 23.891, 23.781, 23.64, 23.489, 23.129, 23.014, 23.74, 25.114, 26.226, 26.509, 26.657, 26.852, 26.507, 26.187, 26.237, 26.222, 26.111, 26.401, 26.997, 27.507, 27.17, 26.393, 26.478, 26.758, 27.029, 27.333, 27.812, 27.823, 27.891, 28.48, 28.8, 28.831, 29.158, 29.62, 29.649, 29.107, 28.723, 28.702, 28.687, 28.566, 27.706], [7.181, 4.253, 2.122, 0.0, 2.613, 5.734, 9.935, 13.405, 14.713, 14.978, 15.076, 15.424, 16.253, 17.178, 17.505, 18.044, 19.273, 19.799, 19.367, 18.92, 18.918, 18.748, 18.602, 18.971, 19.303, 19.548, 19.569, 19.564, 19.802, 20.69, 21.937, 22.665, 22.541, 23.066, 24.0, 24.361, 24.74, 25.146, 25.191, 24.639, 23.864, 23.532, 23.614, 23.615, 23.739, 23.89, 23.77, 23.61, 23.458, 23.094, 22.977, 23.726, 25.13, 26.251, 26.531, 26.689, 26.89, 26.535, 26.205, 26.259, 26.253, 26.133, 26.385, 26.949, 27.449, 27.117, 26.4, 26.545, 26.843, 27.104, 27.384, 27.861, 27.868, 27.943, 28.554, 28.872, 28.901, 29.232, 29.692, 29.718, 29.162, 28.773, 28.753, 28.724, 28.579, 27.672], [8.109, 5.386, 4.031, 2.613, 0.0, 4.022, 9.179, 13.102, 14.468, 14.699, 14.808, 15.194, 16.077, 17.032, 17.366, 17.959, 19.277, 19.851, 19.487, 19.104, 19.104, 18.923, 18.746, 19.055, 19.373, 19.636, 19.67, 19.663, 19.897, 20.789, 21.955, 22.63, 22.508, 23.045, 24.01, 24.412, 24.815, 25.227, 25.288, 24.754, 23.959, 23.55, 23.602, 23.607, 23.741, 23.909, 23.805, 23.652, 23.511, 23.152, 23.023, 23.756, 25.15, 26.246, 26.522, 26.692, 26.889, 26.523, 26.172, 26.212, 26.22, 26.111, 26.336, 26.873, 27.38, 27.079, 26.448, 26.64, 26.95, 27.21, 27.479, 27.966, 27.975, 28.041, 28.668, 29.002, 29.036, 29.373, 29.833, 29.856, 29.297, 28.919, 28.9, 28.853, 28.682, 27.743], [9.559, 7.515, 6.451, 5.734, 4.022, 0.0, 6.064, 10.719, 12.339, 12.611, 12.739, 13.185, 14.178, 15.19, 15.597, 16.313, 17.751, 18.405, 18.191, 18.045, 18.182, 18.032, 17.818, 18.1, 18.4, 18.703, 18.746, 18.738, 19.002, 19.954, 21.079, 21.742, 21.669, 22.151, 23.061, 23.473, 23.919, 24.358, 24.444, 24.11, 23.676, 23.41, 23.514, 23.52, 23.659, 23.845, 23.779, 23.681, 23.535, 23.112, 22.92, 23.551, 24.886, 25.92, 26.105, 26.219, 26.442, 26.137, 25.809, 25.842, 25.853, 25.733, 25.879, 26.321, 26.762, 26.416, 25.845, 26.114, 26.445, 26.72, 27.039, 27.576, 27.563, 27.575, 28.178, 28.508, 28.539, 28.901, 29.392, 29.426, 28.845, 28.447, 28.431, 28.41, 28.275, 27.341], [12.063, 10.911, 10.091, 9.935, 9.179, 6.064, 0.0, 5.465, 7.788, 8.357, 8.54, 9.113, 10.356, 11.444, 11.95, 12.827, 14.414, 15.204, 15.191, 15.497, 15.978, 15.902, 15.612, 15.943, 16.273, 16.592, 16.627, 16.652, 17.058, 18.206, 19.39, 20.126, 20.184, 20.618, 21.451, 21.844, 22.386, 22.925, 23.033, 23.113, 23.401, 23.456, 23.667, 23.676, 23.815, 24.008, 23.98, 23.971, 23.801, 23.325, 23.123, 23.6, 24.776, 25.747, 25.819, 25.819, 26.094, 25.92, 25.653, 25.696, 25.703, 25.517, 25.489, 25.744, 26.057, 25.611, 25.056, 25.401, 25.751, 26.058, 26.478, 27.066, 27.0, 26.923, 27.441, 27.735, 27.757, 28.163, 28.699, 28.756, 28.139, 27.673, 27.65, 27.671, 27.59, 26.689], [14.712, 13.957, 13.249, 13.405, 13.102, 10.719, 5.465, 0.0, 3.082, 4.354, 4.806, 5.607, 7.116, 8.235, 8.723, 9.569, 11.274, 12.214, 12.376, 13.164, 13.993, 13.984, 13.714, 14.156, 14.506, 14.808, 14.854, 14.943, 15.511, 16.811, 18.02, 18.846, 19.064, 19.518, 20.366, 20.785, 21.348, 21.899, 22.005, 22.406, 23.246, 23.642, 24.043, 24.093, 24.22, 24.404, 24.421, 24.487, 24.304, 23.841, 23.685, 24.056, 25.063, 25.988, 26.014, 25.946, 26.254, 26.177, 25.942, 25.971, 25.961, 25.719, 25.57, 25.684, 25.872, 25.333, 24.761, 25.111, 25.459, 25.787, 26.278, 26.904, 26.83, 26.691, 27.108, 27.351, 27.377, 27.821, 28.383, 28.459, 27.823, 27.306, 27.28, 27.33, 27.284, 26.442], [15.94, 15.183, 14.477, 14.713, 14.468, 12.339, 7.788, 3.082, 0.0, 1.9, 2.87, 3.944, 5.609, 6.786, 7.197, 7.986, 9.938, 11.061, 11.335, 12.341, 13.3, 13.295, 13.051, 13.519, 13.87, 14.205, 14.285, 14.416, 15.063, 16.384, 17.45, 18.247, 18.557, 19.035, 19.944, 20.438, 20.978, 21.472, 21.563, 22.062, 23.07, 23.627, 24.175, 24.274, 24.393, 24.583, 24.65, 24.758, 24.584, 24.157, 24.023, 24.373, 25.333, 26.242, 26.272, 26.211, 26.522, 26.431, 26.165, 26.174, 26.166, 25.907, 25.713, 25.774, 25.912, 25.355, 24.83, 25.207, 25.571, 25.914, 26.423, 27.073, 27.015, 26.858, 27.235, 27.465, 27.509, 27.975, 28.543, 28.623, 27.978, 27.444, 27.427, 27.484, 27.436, 26.594], [16.244, 15.403, 14.719, 14.978, 14.699, 12.611, 8.357, 4.354, 1.9, 0.0, 1.473, 2.974, 4.919, 6.299, 6.759, 7.593, 9.744, 10.989, 11.296, 12.258, 13.179, 13.18, 12.954, 13.434, 13.833, 14.21, 14.303, 14.441, 15.108, 16.437, 17.397, 18.144, 18.487, 19.005, 20.004, 20.564, 21.075, 21.529, 21.615, 22.127, 23.101, 23.615, 24.16, 24.273, 24.394, 24.596, 24.686, 24.813, 24.654, 24.244, 24.12, 24.479, 25.437, 26.341, 26.391, 26.345, 26.639, 26.512, 26.218, 26.222, 26.224, 25.969, 25.771, 25.836, 25.994, 25.481, 25.037, 25.446, 25.819, 26.166, 26.662, 27.309, 27.257, 27.096, 27.472, 27.712, 27.772, 28.239, 28.8, 28.878, 28.236, 27.701, 27.688, 27.75, 27.702, 26.858], [16.258, 15.416, 14.787, 15.076, 14.808, 12.739, 8.54, 4.806, 2.87, 1.473, 0.0, 1.958, 4.326, 5.921, 6.502, 7.37, 9.581, 10.89, 11.197, 12.104, 13.009, 13.039, 12.807, 13.327, 13.82, 14.235, 14.328, 14.471, 15.152, 16.511, 17.491, 18.255, 18.606, 19.148, 20.182, 20.742, 21.228, 21.673, 21.757, 22.277, 23.221, 23.693, 24.211, 24.321, 24.452, 24.66, 24.75, 24.884, 24.728, 24.321, 24.187, 24.52, 25.457, 26.359, 26.425, 26.383, 26.661, 26.51, 26.197, 26.208, 26.23, 26.002, 25.826, 25.911, 26.093, 25.595, 25.149, 25.546, 25.917, 26.258, 26.737, 27.363, 27.307, 27.146, 27.526, 27.784, 27.851, 28.318, 28.879, 28.956, 28.323, 27.796, 27.783, 27.847, 27.807, 26.982], [16.655, 15.765, 15.122, 15.424, 15.194, 13.185, 9.113, 5.607, 3.944, 2.974, 1.958, 0.0, 2.692, 4.62, 5.401, 6.37, 8.798, 10.207, 10.545, 11.538, 12.498, 12.572, 12.391, 12.98, 13.566, 14.047, 14.159, 14.338, 15.086, 16.462, 17.417, 18.199, 18.573, 19.109, 20.156, 20.736, 21.219, 21.649, 21.731, 22.277, 23.243, 23.728, 24.255, 24.376, 24.517, 24.73, 24.833, 24.987, 24.825, 24.419, 24.285, 24.591, 25.493, 26.38, 26.447, 26.398, 26.683, 26.533, 26.207, 26.215, 26.252, 26.035, 25.864, 25.936, 26.097, 25.58, 25.125, 25.522, 25.904, 26.255, 26.746, 27.372, 27.314, 27.142, 27.512, 27.772, 27.841, 28.316, 28.884, 28.966, 28.335, 27.803, 27.794, 27.872, 27.84, 27.022], [17.638, 16.666, 15.955, 16.253, 16.077, 14.178, 10.356, 7.116, 5.609, 4.919, 4.326, 2.692, 0.0, 2.367, 3.535, 4.654, 7.467, 9.023, 9.446, 10.663, 11.723, 11.839, 11.79, 12.479, 13.13, 13.696, 13.839, 14.078, 14.907, 16.239, 17.109, 17.889, 18.294, 18.801, 19.856, 20.497, 20.983, 21.378, 21.456, 22.046, 23.086, 23.628, 24.184, 24.312, 24.451, 24.657, 24.785, 24.979, 24.8, 24.393, 24.276, 24.558, 25.417, 26.296, 26.351, 26.29, 26.597, 26.475, 26.147, 26.132, 26.161, 25.925, 25.73, 25.769, 25.878, 25.315, 24.853, 25.282, 25.686, 26.064, 26.606, 27.268, 27.212, 27.026, 27.375, 27.62, 27.691, 28.19, 28.773, 28.861, 28.224, 27.679, 27.68, 27.779, 27.76, 26.945], [18.607, 17.653, 16.911, 17.178, 17.032, 15.19, 11.444, 8.235, 6.786, 6.299, 5.921, 4.62, 2.367, 0.0, 1.653, 3.227, 6.406, 8.117, 8.759, 10.297, 11.444, 11.573, 11.596, 12.326, 13.018, 13.648, 13.81, 14.073, 14.923, 16.174, 16.954, 17.694, 18.122, 18.628, 19.696, 20.401, 20.935, 21.336, 21.413, 22.042, 23.15, 23.732, 24.3, 24.418, 24.548, 24.748, 24.887, 25.108, 24.917, 24.495, 24.363, 24.596, 25.403, 26.269, 26.312, 26.242, 26.562, 26.459, 26.138, 26.114, 26.135, 25.876, 25.64, 25.635, 25.707, 25.127, 24.677, 25.135, 25.55, 25.935, 26.494, 27.163, 27.1, 26.898, 27.24, 27.481, 27.552, 28.07, 28.667, 28.757, 28.11, 27.559, 27.567, 27.675, 27.661, 26.856], [18.934, 18.002, 17.265, 17.505, 17.366, 15.597, 11.95, 8.723, 7.197, 6.759, 6.502, 5.401, 3.535, 1.653, 0.0, 2.343, 5.959, 7.741, 8.446, 10.102, 11.285, 11.424, 11.478, 12.211, 12.93, 13.618, 13.813, 14.076, 14.911, 16.111, 16.821, 17.523, 17.966, 18.522, 19.643, 20.382, 20.944, 21.357, 21.429, 22.047, 23.159, 23.768, 24.368, 24.491, 24.614, 24.816, 24.961, 25.183, 24.994, 24.583, 24.457, 24.688, 25.493, 26.364, 26.412, 26.358, 26.689, 26.579, 26.248, 26.219, 26.238, 25.969, 25.713, 25.686, 25.74, 25.153, 24.707, 25.177, 25.597, 25.977, 26.519, 27.175, 27.111, 26.898, 27.228, 27.463, 27.534, 28.054, 28.649, 28.736, 28.081, 27.524, 27.535, 27.645, 27.627, 26.813], [19.323, 18.453, 17.765, 18.044, 17.959, 16.313, 12.827, 9.569, 7.986, 7.593, 7.37, 6.37, 4.654, 3.227, 2.343, 0.0, 4.028, 6.104, 7.039, 9.019, 10.412, 10.689, 10.87, 11.627, 12.313, 13.033, 13.26, 13.541, 14.425, 15.676, 16.433, 17.204, 17.687, 18.232, 19.353, 20.065, 20.536, 20.895, 20.949, 21.619, 22.853, 23.574, 24.252, 24.397, 24.521, 24.718, 24.88, 25.118, 24.926, 24.56, 24.501, 24.735, 25.495, 26.339, 26.368, 26.314, 26.677, 26.62, 26.295, 26.234, 26.243, 25.972, 25.701, 25.653, 25.678, 25.054, 24.567, 25.013, 25.425, 25.823, 26.413, 27.092, 27.039, 26.823, 27.114, 27.327, 27.397, 27.917, 28.514, 28.608, 27.955, 27.385, 27.398, 27.53, 27.543, 26.756], [20.184, 19.521, 18.938, 19.273, 19.277, 17.751, 14.414, 11.274, 9.938, 9.744, 9.581, 8.798, 7.467, 6.406, 5.959, 4.028, 0.0, 2.71, 4.819, 7.751, 9.512, 10.052, 10.521, 11.24, 11.699, 12.396, 12.635, 12.902, 13.816, 15.133, 16.022, 16.898, 17.394, 17.811, 18.789, 19.358, 19.672, 19.996, 20.023, 20.832, 22.344, 23.241, 24.008, 24.167, 24.306, 24.49, 24.659, 24.927, 24.722, 24.392, 24.474, 24.707, 25.294, 26.004, 25.942, 25.832, 26.237, 26.317, 26.055, 25.959, 25.95, 25.677, 25.39, 25.312, 25.282, 24.588, 24.015, 24.399, 24.769, 25.198, 25.903, 26.649, 26.626, 26.377, 26.577, 26.747, 26.802, 27.322, 27.926, 28.033, 27.391, 26.806, 26.813, 26.98, 27.051, 26.34], [20.571, 20.025, 19.462, 19.799, 19.851, 18.405, 15.204, 12.214, 11.061, 10.989, 10.89, 10.207, 9.023, 8.117, 7.741, 6.104, 2.71, 0.0, 3.182, 6.87, 8.912, 9.588, 10.348, 11.107, 11.358, 12.025, 12.288, 12.552, 13.417, 14.66, 15.637, 16.598, 17.07, 17.397, 18.248, 18.699, 18.976, 19.303, 19.298, 20.148, 21.832, 22.863, 23.687, 23.854, 24.002, 24.182, 24.352, 24.634, 24.41, 24.098, 24.299, 24.597, 25.13, 25.795, 25.689, 25.552, 25.983, 26.131, 25.907, 25.802, 25.784, 25.508, 25.242, 25.172, 25.084, 24.313, 23.661, 24.024, 24.381, 24.826, 25.579, 26.364, 26.367, 26.103, 26.244, 26.37, 26.401, 26.917, 27.516, 27.625, 26.987, 26.397, 26.407, 26.59, 26.671, 25.95], [20.253, 19.664, 19.038, 19.367, 19.487, 18.191, 15.191, 12.376, 11.335, 11.296, 11.197, 10.545, 9.446, 8.759, 8.446, 7.039, 4.819, 3.182, 0.0, 4.276, 6.792, 7.571, 8.632, 9.682, 9.973, 10.691, 11.043, 11.336, 12.146, 13.34, 14.502, 15.66, 16.171, 16.632, 17.637, 18.125, 18.421, 18.737, 18.708, 19.475, 21.161, 22.303, 23.19, 23.357, 23.499, 23.682, 23.869, 24.148, 23.912, 23.638, 23.903, 24.304, 24.982, 25.779, 25.742, 25.663, 26.133, 26.261, 25.998, 25.879, 25.852, 25.584, 25.393, 25.398, 25.311, 24.48, 23.752, 24.129, 24.514, 24.966, 25.701, 26.457, 26.449, 26.246, 26.425, 26.526, 26.537, 27.041, 27.621, 27.723, 27.069, 26.465, 26.484, 26.68, 26.753, 25.973], [19.985, 19.217, 18.566, 18.92, 19.104, 18.045, 15.497, 13.164, 12.341, 12.258, 12.104, 11.538, 10.663, 10.297, 10.102, 9.019, 7.751, 6.87, 4.276, 0.0, 3.106, 4.523, 6.393, 7.977, 8.54, 9.411, 9.887, 10.17, 10.796, 11.935, 13.302, 14.67, 15.237, 15.987, 17.378, 17.992, 18.236, 18.48, 18.45, 19.028, 20.457, 21.59, 22.515, 22.681, 22.792, 22.968, 23.183, 23.445, 23.221, 23.056, 23.411, 23.934, 24.805, 25.795, 25.911, 25.928, 26.414, 26.495, 26.172, 26.026, 25.994, 25.764, 25.687, 25.81, 25.803, 25.003, 24.238, 24.589, 24.979, 25.425, 26.112, 26.796, 26.767, 26.649, 26.904, 27.017, 27.024, 27.506, 28.058, 28.15, 27.495, 26.891, 26.907, 27.089, 27.148, 26.346], [20.166, 19.233, 18.565, 18.918, 19.104, 18.182, 15.978, 13.993, 13.3, 13.179, 13.009, 12.498, 11.723, 11.444, 11.285, 10.412, 9.512, 8.912, 6.792, 3.106, 0.0, 2.426, 5.312, 7.216, 8.028, 9.06, 9.581, 9.797, 10.232, 11.257, 12.637, 14.005, 14.568, 15.511, 17.176, 17.923, 18.149, 18.35, 18.331, 18.739, 19.894, 20.952, 21.876, 22.038, 22.118, 22.283, 22.514, 22.762, 22.557, 22.458, 22.864, 23.442, 24.403, 25.526, 25.78, 25.873, 26.356, 26.398, 26.034, 25.868, 25.842, 25.651, 25.669, 25.894, 25.981, 25.248, 24.499, 24.837, 25.223, 25.654, 26.281, 26.907, 26.868, 26.806, 27.16, 27.31, 27.323, 27.794, 28.335, 28.417, 27.76, 27.167, 27.182, 27.347, 27.408, 26.636], [20.093, 19.155, 18.443, 18.748, 18.923, 18.032, 15.902, 13.984, 13.295, 13.18, 13.039, 12.572, 11.839, 11.573, 11.424, 10.689, 10.052, 9.588, 7.571, 4.523, 2.426, 0.0, 3.545, 5.81, 6.822, 7.978, 8.552, 8.755, 9.134, 10.088, 11.482, 12.873, 13.425, 14.501, 16.333, 17.176, 17.529, 17.822, 17.821, 18.131, 19.242, 20.347, 21.293, 21.419, 21.473, 21.635, 21.865, 22.117, 21.906, 21.786, 22.158, 22.729, 23.757, 24.991, 25.316, 25.456, 25.976, 26.0, 25.607, 25.458, 25.433, 25.222, 25.261, 25.542, 25.674, 24.946, 24.2, 24.588, 24.994, 25.407, 25.975, 26.573, 26.526, 26.514, 26.958, 27.116, 27.128, 27.616, 28.166, 28.241, 27.55, 26.941, 26.962, 27.123, 27.179, 26.397], [19.908, 19.072, 18.368, 18.602, 18.746, 17.818, 15.612, 13.714, 13.051, 12.954, 12.807, 12.391, 11.79, 11.596, 11.478, 10.87, 10.521, 10.348, 8.632, 6.393, 5.312, 3.545, 0.0, 2.879, 4.833, 6.201, 6.814, 7.068, 7.68, 8.924, 10.441, 11.879, 12.441, 13.667, 15.628, 16.584, 17.212, 17.723, 17.784, 18.046, 19.167, 20.265, 21.159, 21.2, 21.212, 21.385, 21.592, 21.836, 21.604, 21.408, 21.68, 22.179, 23.23, 24.536, 24.907, 25.081, 25.68, 25.725, 25.32, 25.216, 25.2, 24.968, 24.98, 25.275, 25.463, 24.748, 23.986, 24.405, 24.825, 25.19, 25.656, 26.206, 26.137, 26.163, 26.688, 26.854, 26.876, 27.396, 27.973, 28.041, 27.306, 26.673, 26.697, 26.848, 26.885, 26.076], [20.3, 19.523, 18.812, 18.971, 19.055, 18.1, 15.943, 14.156, 13.519, 13.434, 13.327, 12.98, 12.479, 12.326, 12.211, 11.627, 11.24, 11.107, 9.682, 7.977, 7.216, 5.81, 2.879, 0.0, 2.91, 4.743, 5.497, 5.806, 6.733, 8.308, 9.798, 11.163, 11.741, 13.023, 15.059, 16.136, 16.938, 17.552, 17.656, 17.911, 19.059, 20.128, 20.987, 20.994, 20.995, 21.182, 21.388, 21.621, 21.369, 21.147, 21.431, 21.935, 23.004, 24.341, 24.713, 24.895, 25.586, 25.742, 25.381, 25.284, 25.258, 24.998, 24.939, 25.168, 25.339, 24.608, 23.827, 24.261, 24.692, 25.044, 25.499, 26.076, 25.994, 26.01, 26.545, 26.713, 26.749, 27.295, 27.89, 27.957, 27.199, 26.545, 26.564, 26.716, 26.745, 25.897], [20.615, 19.891, 19.163, 19.303, 19.373, 18.4, 16.273, 14.506, 13.87, 13.833, 13.82, 13.566, 13.13, 13.018, 12.93, 12.313, 11.699, 11.358, 9.973, 8.54, 8.028, 6.822, 4.833, 2.91, 0.0, 2.588, 3.802, 4.254, 5.418, 7.319, 9.055, 10.505, 11.108, 12.306, 14.28, 15.351, 16.166, 16.781, 16.881, 17.186, 18.504, 19.681, 20.571, 20.579, 20.602, 20.797, 21.018, 21.245, 20.971, 20.757, 21.141, 21.748, 22.878, 24.227, 24.535, 24.677, 25.414, 25.691, 25.446, 25.358, 25.301, 24.994, 24.879, 25.037, 25.1, 24.278, 23.474, 23.933, 24.369, 24.753, 25.297, 25.966, 25.899, 25.888, 26.381, 26.519, 26.545, 27.099, 27.694, 27.765, 26.995, 26.32, 26.336, 26.496, 26.518, 25.609], [20.757, 20.095, 19.397, 19.548, 19.636, 18.703, 16.592, 14.808, 14.205, 14.21, 14.235, 14.047, 13.696, 13.648, 13.618, 13.033, 12.396, 12.025, 10.691, 9.411, 9.06, 7.978, 6.201, 4.743, 2.588, 0.0, 1.673, 2.483, 4.139, 6.559, 8.655, 10.271, 10.905, 12.121, 14.072, 15.156, 16.016, 16.665, 16.781, 17.081, 18.481, 19.682, 20.51, 20.496, 20.536, 20.732, 20.931, 21.154, 20.864, 20.61, 21.001, 21.61, 22.715, 24.056, 24.354, 24.483, 25.21, 25.518, 25.354, 25.319, 25.262, 24.947, 24.848, 25.037, 25.1, 24.272, 23.463, 23.897, 24.318, 24.679, 25.206, 25.867, 25.811, 25.826, 26.327, 26.447, 26.467, 27.016, 27.608, 27.68, 26.921, 26.255, 26.269, 26.421, 26.436, 25.535], [20.718, 20.077, 19.406, 19.569, 19.67, 18.746, 16.627, 14.854, 14.285, 14.303, 14.328, 14.159, 13.839, 13.81, 13.813, 13.26, 12.635, 12.288, 11.043, 9.887, 9.581, 8.552, 6.814, 5.497, 3.802, 1.673, 0.0, 1.472, 3.867, 6.601, 8.759, 10.364, 10.999, 12.197, 14.11, 15.21, 16.105, 16.771, 16.891, 17.192, 18.605, 19.754, 20.506, 20.476, 20.538, 20.742, 20.928, 21.158, 20.856, 20.557, 20.92, 21.488, 22.539, 23.867, 24.185, 24.32, 25.036, 25.342, 25.196, 25.193, 25.152, 24.842, 24.759, 24.985, 25.083, 24.279, 23.466, 23.889, 24.307, 24.653, 25.155, 25.799, 25.748, 25.78, 26.295, 26.418, 26.443, 26.992, 27.587, 27.659, 26.906, 26.248, 26.259, 26.408, 26.428, 25.563], [20.685, 20.045, 19.394, 19.564, 19.663, 18.738, 16.652, 14.943, 14.416, 14.441, 14.471, 14.338, 14.078, 14.073, 14.076, 13.541, 12.902, 12.552, 11.336, 10.17, 9.797, 8.755, 7.068, 5.806, 4.254, 2.483, 1.472, 0.0, 2.856, 6.029, 8.441, 10.128, 10.755, 11.996, 13.978, 15.098, 16.001, 16.691, 16.819, 17.093, 18.47, 19.577, 20.292, 20.251, 20.32, 20.534, 20.707, 20.938, 20.64, 20.31, 20.652, 21.196, 22.242, 23.588, 23.929, 24.072, 24.792, 25.112, 24.985, 24.99, 24.943, 24.63, 24.568, 24.838, 24.97, 24.185, 23.376, 23.805, 24.221, 24.557, 25.043, 25.67, 25.614, 25.656, 26.191, 26.324, 26.356, 26.901, 27.497, 27.571, 26.816, 26.155, 26.162, 26.317, 26.368, 25.561], [20.933, 20.277, 19.634, 19.802, 19.897, 19.002, 17.058, 15.511, 15.063, 15.108, 15.152, 15.086, 14.907, 14.923, 14.911, 14.425, 13.816, 13.417, 12.146, 10.796, 10.232, 9.134, 7.68, 6.733, 5.418, 4.139, 3.867, 2.856, 0.0, 3.832, 7.111, 9.185, 9.79, 11.215, 13.454, 14.656, 15.589, 16.313, 16.452, 16.627, 17.916, 19.012, 19.724, 19.667, 19.732, 19.945, 20.102, 20.312, 20.047, 19.727, 20.084, 20.693, 21.875, 23.327, 23.706, 23.865, 24.574, 24.885, 24.762, 24.767, 24.697, 24.371, 24.375, 24.739, 24.919, 24.157, 23.348, 23.777, 24.19, 24.519, 24.981, 25.574, 25.516, 25.589, 26.155, 26.3, 26.336, 26.876, 27.468, 27.542, 26.789, 26.13, 26.132, 26.278, 26.353, 25.596], [21.894, 21.238, 20.571, 20.69, 20.789, 19.954, 18.206, 16.811, 16.384, 16.437, 16.511, 16.462, 16.239, 16.174, 16.111, 15.676, 15.133, 14.66, 13.34, 11.935, 11.257, 10.088, 8.924, 8.308, 7.319, 6.559, 6.601, 6.029, 3.832, 0.0, 4.406, 7.186, 7.782, 9.438, 12.167, 13.65, 14.727, 15.506, 15.649, 15.69, 16.997, 18.267, 19.078, 19.023, 19.087, 19.292, 19.455, 19.644, 19.421, 19.176, 19.593, 20.339, 21.713, 23.294, 23.706, 23.899, 24.603, 24.851, 24.671, 24.656, 24.575, 24.229, 24.263, 24.678, 24.864, 24.098, 23.299, 23.761, 24.19, 24.508, 24.947, 25.505, 25.443, 25.559, 26.147, 26.281, 26.323, 26.868, 27.456, 27.532, 26.774, 26.129, 26.131, 26.248, 26.318, 25.558], [23.279, 22.584, 21.89, 21.937, 21.955, 21.079, 19.39, 18.02, 17.45, 17.397, 17.491, 17.417, 17.109, 16.954, 16.821, 16.433, 16.022, 15.637, 14.502, 13.302, 12.637, 11.482, 10.441, 9.798, 9.055, 8.655, 8.759, 8.441, 7.111, 4.406, 0.0, 3.398, 4.512, 6.77, 10.448, 12.583, 13.967, 14.848, 15.056, 15.096, 16.401, 17.723, 18.634, 18.65, 18.743, 18.978, 19.206, 19.442, 19.263, 19.106, 19.601, 20.42, 21.849, 23.468, 23.914, 24.157, 24.876, 25.064, 24.794, 24.754, 24.684, 24.315, 24.264, 24.619, 24.818, 24.14, 23.563, 24.177, 24.651, 24.959, 25.378, 25.939, 25.858, 25.973, 26.565, 26.686, 26.74, 27.291, 27.858, 27.929, 27.171, 26.532, 26.535, 26.627, 26.673, 25.886], [24.11, 23.386, 22.672, 22.665, 22.63, 21.742, 20.126, 18.846, 18.247, 18.144, 18.255, 18.199, 17.889, 17.694, 17.523, 17.204, 16.898, 16.598, 15.66, 14.67, 14.005, 12.873, 11.879, 11.163, 10.505, 10.271, 10.364, 10.128, 9.185, 7.186, 3.398, 0.0, 2.232, 5.446, 9.739, 12.311, 13.955, 14.946, 15.213, 15.159, 16.21, 17.33, 18.212, 18.273, 18.38, 18.644, 18.917, 19.171, 19.005, 18.901, 19.457, 20.318, 21.786, 23.46, 23.955, 24.235, 24.971, 25.124, 24.801, 24.749, 24.681, 24.296, 24.19, 24.498, 24.724, 24.145, 23.771, 24.521, 25.02, 25.324, 25.7, 26.266, 26.179, 26.286, 26.911, 27.038, 27.096, 27.649, 28.203, 28.263, 27.494, 26.844, 26.851, 26.939, 26.972, 26.17], [24.0, 23.283, 22.565, 22.541, 22.508, 21.669, 20.184, 19.064, 18.557, 18.487, 18.606, 18.573, 18.294, 18.122, 17.966, 17.687, 17.394, 17.07, 16.171, 15.237, 14.568, 13.425, 12.441, 11.741, 11.108, 10.905, 10.999, 10.755, 9.79, 7.782, 4.512, 2.232, 0.0, 3.983, 8.696, 11.479, 13.386, 14.538, 14.832, 14.561, 15.374, 16.407, 17.272, 17.366, 17.523, 17.812, 18.082, 18.303, 18.13, 18.025, 18.622, 19.556, 21.127, 22.909, 23.458, 23.765, 24.505, 24.617, 24.265, 24.22, 24.149, 23.76, 23.697, 24.082, 24.376, 23.831, 23.445, 24.211, 24.713, 24.997, 25.329, 25.882, 25.806, 25.949, 26.628, 26.773, 26.832, 27.388, 27.946, 27.996, 27.213, 26.568, 26.578, 26.653, 26.675, 25.86], [24.366, 23.799, 23.09, 23.066, 23.045, 22.151, 20.618, 19.518, 19.035, 19.005, 19.148, 19.109, 18.801, 18.628, 18.522, 18.232, 17.811, 17.397, 16.632, 15.987, 15.511, 14.501, 13.667, 13.023, 12.306, 12.121, 12.197, 11.996, 11.215, 9.438, 6.77, 5.446, 3.983, 0.0, 5.261, 8.695, 11.217, 12.678, 13.03, 12.819, 13.972, 15.256, 16.299, 16.554, 16.87, 17.229, 17.531, 17.792, 17.604, 17.476, 18.139, 19.084, 20.57, 22.289, 22.796, 23.084, 23.847, 23.997, 23.689, 23.648, 23.562, 23.162, 23.123, 23.564, 23.875, 23.336, 22.934, 23.681, 24.175, 24.449, 24.809, 25.391, 25.317, 25.455, 26.137, 26.284, 26.349, 26.918, 27.48, 27.526, 26.76, 26.167, 26.188, 26.249, 26.262, 25.437], [24.942, 24.689, 24.028, 24.0, 24.01, 23.061, 21.451, 20.366, 19.944, 20.004, 20.182, 20.156, 19.856, 19.696, 19.643, 19.353, 18.789, 18.248, 17.637, 17.378, 17.176, 16.333, 15.628, 15.059, 14.28, 14.072, 14.11, 13.978, 13.454, 12.167, 10.448, 9.739, 8.696, 5.261, 0.0, 4.5, 8.347, 10.396, 10.826, 10.931, 12.941, 14.756, 16.143, 16.613, 17.067, 17.477, 17.817, 18.148, 17.91, 17.717, 18.383, 19.214, 20.456, 21.969, 22.347, 22.575, 23.39, 23.662, 23.465, 23.44, 23.338, 22.931, 22.901, 23.344, 23.589, 22.976, 22.466, 23.155, 23.644, 23.92, 24.342, 24.984, 24.918, 25.003, 25.619, 25.736, 25.786, 26.378, 26.956, 26.997, 26.247, 25.704, 25.732, 25.791, 25.811, 25.0], [24.871, 24.89, 24.353, 24.361, 24.412, 23.473, 21.844, 20.785, 20.438, 20.564, 20.742, 20.736, 20.497, 20.401, 20.382, 20.065, 19.358, 18.699, 18.125, 17.992, 17.923, 17.176, 16.584, 16.136, 15.351, 15.156, 15.21, 15.098, 14.656, 13.65, 12.583, 12.311, 11.479, 8.695, 4.5, 0.0, 4.998, 7.756, 8.235, 8.709, 11.772, 14.259, 15.995, 16.613, 17.149, 17.568, 17.928, 18.306, 18.048, 17.89, 18.63, 19.334, 20.299, 21.603, 21.883, 22.072, 22.914, 23.285, 23.173, 23.165, 23.073, 22.687, 22.714, 23.196, 23.392, 22.659, 21.977, 22.562, 23.029, 23.346, 23.841, 24.508, 24.461, 24.507, 25.05, 25.142, 25.172, 25.764, 26.345, 26.384, 25.653, 25.141, 25.168, 25.2, 25.193, 24.399], [24.971, 25.057, 24.643, 24.74, 24.815, 23.919, 22.386, 21.348, 20.978, 21.075, 21.228, 21.219, 20.983, 20.935, 20.944, 20.536, 19.672, 18.976, 18.421, 18.236, 18.149, 17.529, 17.212, 16.938, 16.166, 16.016, 16.105, 16.001, 15.589, 14.727, 13.967, 13.955, 13.386, 11.217, 8.347, 4.998, 0.0, 3.354, 4.083, 5.453, 10.232, 13.582, 15.704, 16.447, 17.011, 17.384, 17.776, 18.201, 18.005, 18.056, 18.993, 19.616, 20.31, 21.415, 21.654, 21.836, 22.668, 23.113, 23.026, 22.939, 22.831, 22.5, 22.625, 23.159, 23.342, 22.573, 21.813, 22.258, 22.684, 23.096, 23.75, 24.457, 24.434, 24.468, 24.952, 25.049, 25.079, 25.633, 26.186, 26.241, 25.581, 25.125, 25.154, 25.173, 25.153, 24.412], [25.358, 25.382, 24.992, 25.146, 25.227, 24.358, 22.925, 21.899, 21.472, 21.529, 21.673, 21.649, 21.378, 21.336, 21.357, 20.895, 19.996, 19.303, 18.737, 18.48, 18.35, 17.822, 17.723, 17.552, 16.781, 16.665, 16.771, 16.691, 16.313, 15.506, 14.848, 14.946, 14.538, 12.678, 10.396, 7.756, 3.354, 0.0, 1.405, 4.122, 9.717, 13.436, 15.739, 16.542, 17.083, 17.407, 17.832, 18.272, 18.12, 18.309, 19.321, 19.969, 20.645, 21.725, 21.972, 22.167, 22.989, 23.455, 23.352, 23.178, 23.052, 22.764, 22.948, 23.481, 23.616, 22.84, 22.082, 22.46, 22.862, 23.345, 24.144, 24.926, 24.935, 24.969, 25.392, 25.48, 25.513, 26.043, 26.575, 26.647, 26.037, 25.612, 25.652, 25.689, 25.676, 24.941], [25.367, 25.406, 25.027, 25.191, 25.288, 24.444, 23.033, 22.005, 21.563, 21.615, 21.757, 21.731, 21.456, 21.413, 21.429, 20.949, 20.023, 19.298, 18.708, 18.45, 18.331, 17.821, 17.784, 17.656, 16.881, 16.781, 16.891, 16.819, 16.452, 15.649, 15.056, 15.213, 14.832, 13.03, 10.826, 8.235, 4.083, 1.405, 0.0, 3.806, 9.684, 13.522, 15.873, 16.689, 17.231, 17.539, 17.962, 18.401, 18.248, 18.46, 19.49, 20.157, 20.829, 21.883, 22.116, 22.308, 23.118, 23.581, 23.48, 23.298, 23.182, 22.912, 23.127, 23.672, 23.787, 22.979, 22.167, 22.5, 22.888, 23.384, 24.201, 24.984, 25.009, 25.046, 25.446, 25.527, 25.56, 26.082, 26.605, 26.68, 26.086, 25.672, 25.716, 25.754, 25.737, 24.996], [24.934, 24.871, 24.494, 24.639, 24.754, 24.11, 23.113, 22.406, 22.062, 22.127, 22.277, 22.277, 22.046, 22.042, 22.047, 21.619, 20.832, 20.148, 19.475, 19.028, 18.739, 18.131, 18.046, 17.911, 17.186, 17.081, 17.192, 17.093, 16.627, 15.69, 15.096, 15.159, 14.561, 12.819, 10.931, 8.709, 5.453, 4.122, 3.806, 0.0, 6.465, 11.073, 13.839, 14.806, 15.425, 15.752, 16.173, 16.564, 16.398, 16.737, 17.974, 18.86, 19.756, 21.046, 21.473, 21.82, 22.653, 23.012, 22.835, 22.651, 22.526, 22.273, 22.648, 23.405, 23.691, 22.975, 22.094, 22.388, 22.773, 23.247, 23.955, 24.691, 24.766, 24.942, 25.469, 25.584, 25.638, 26.143, 26.655, 26.719, 26.119, 25.724, 25.79, 25.806, 25.745, 24.972], [24.454, 24.12, 23.758, 23.864, 23.959, 23.676, 23.401, 23.246, 23.07, 23.101, 23.221, 23.243, 23.086, 23.15, 23.159, 22.853, 22.344, 21.832, 21.161, 20.457, 19.894, 19.242, 19.167, 19.059, 18.504, 18.481, 18.605, 18.47, 17.916, 16.997, 16.401, 16.21, 15.374, 13.972, 12.941, 11.772, 10.232, 9.717, 9.684, 6.465, 0.0, 5.84, 9.624, 11.125, 12.011, 12.436, 12.865, 13.137, 13.007, 13.616, 15.208, 16.587, 18.048, 19.866, 20.717, 21.329, 22.123, 22.199, 21.837, 21.645, 21.527, 21.346, 22.004, 23.119, 23.747, 23.32, 22.54, 22.831, 23.216, 23.663, 24.206, 24.886, 25.028, 25.357, 26.079, 26.309, 26.418, 26.883, 27.353, 27.386, 26.786, 26.42, 26.512, 26.491, 26.367, 25.561], [24.343, 23.842, 23.493, 23.532, 23.55, 23.41, 23.456, 23.642, 23.627, 23.615, 23.693, 23.728, 23.628, 23.732, 23.768, 23.574, 23.241, 22.863, 22.303, 21.59, 20.952, 20.347, 20.265, 20.128, 19.681, 19.682, 19.754, 19.577, 19.012, 18.267, 17.723, 17.33, 16.407, 15.256, 14.756, 14.259, 13.582, 13.436, 13.522, 11.073, 5.84, 0.0, 4.582, 6.992, 8.566, 9.215, 9.626, 9.937, 9.896, 10.633, 12.64, 14.473, 16.382, 18.646, 19.849, 20.609, 21.376, 21.267, 20.778, 20.612, 20.518, 20.368, 21.191, 22.593, 23.555, 23.432, 22.918, 23.321, 23.751, 24.193, 24.622, 25.255, 25.386, 25.749, 26.629, 26.984, 27.132, 27.563, 28.003, 28.017, 27.419, 27.059, 27.138, 27.09, 26.937, 26.111], [24.536, 23.968, 23.616, 23.614, 23.602, 23.514, 23.667, 24.043, 24.175, 24.16, 24.211, 24.255, 24.184, 24.3, 24.368, 24.252, 24.008, 23.687, 23.19, 22.515, 21.876, 21.293, 21.159, 20.987, 20.571, 20.51, 20.506, 20.292, 19.724, 19.078, 18.634, 18.212, 17.272, 16.299, 16.143, 15.995, 15.704, 15.739, 15.873, 13.839, 9.624, 4.582, 0.0, 3.5, 5.953, 6.79, 7.107, 7.553, 7.58, 8.356, 10.825, 12.939, 15.051, 17.613, 19.034, 19.855, 20.624, 20.486, 19.992, 19.877, 19.793, 19.638, 20.576, 22.191, 23.364, 23.417, 23.092, 23.576, 24.028, 24.46, 24.834, 25.44, 25.552, 25.936, 26.902, 27.307, 27.477, 27.904, 28.34, 28.35, 27.757, 27.402, 27.473, 27.413, 27.246, 26.418], [24.616, 24.011, 23.634, 23.615, 23.607, 23.52, 23.676, 24.093, 24.274, 24.273, 24.321, 24.376, 24.312, 24.418, 24.491, 24.397, 24.167, 23.854, 23.357, 22.681, 22.038, 21.419, 21.2, 20.994, 20.579, 20.496, 20.476, 20.251, 19.667, 19.023, 18.65, 18.273, 17.366, 16.554, 16.613, 16.613, 16.447, 16.542, 16.689, 14.806, 11.125, 6.992, 3.5, 0.0, 2.903, 4.005, 4.506, 5.303, 5.405, 6.438, 9.387, 11.708, 14.037, 16.844, 18.347, 19.156, 19.917, 19.768, 19.273, 19.204, 19.159, 19.014, 20.028, 21.731, 22.931, 22.965, 22.68, 23.246, 23.727, 24.171, 24.571, 25.217, 25.334, 25.718, 26.69, 27.081, 27.276, 27.772, 28.249, 28.266, 27.654, 27.264, 27.338, 27.297, 27.148, 26.338], [24.791, 24.149, 23.751, 23.739, 23.741, 23.659, 23.815, 24.22, 24.393, 24.394, 24.452, 24.517, 24.451, 24.548, 24.614, 24.521, 24.306, 24.002, 23.499, 22.792, 22.118, 21.473, 21.212, 20.995, 20.602, 20.536, 20.538, 20.32, 19.732, 19.087, 18.743, 18.38, 17.523, 16.87, 17.067, 17.149, 17.011, 17.083, 17.231, 15.425, 12.011, 8.566, 5.953, 2.903, 0.0, 1.58, 2.804, 4.11, 4.349, 5.795, 8.981, 11.383, 13.855, 16.781, 18.298, 19.076, 19.82, 19.644, 19.116, 19.044, 19.01, 18.871, 19.907, 21.609, 22.782, 22.81, 22.59, 23.223, 23.716, 24.162, 24.586, 25.258, 25.374, 25.765, 26.727, 27.092, 27.3, 27.86, 28.381, 28.403, 27.779, 27.361, 27.437, 27.41, 27.274, 26.472], [24.931, 24.283, 23.891, 23.89, 23.909, 23.845, 24.008, 24.404, 24.583, 24.596, 24.66, 24.73, 24.657, 24.748, 24.816, 24.718, 24.49, 24.182, 23.682, 22.968, 22.283, 21.635, 21.385, 21.182, 20.797, 20.732, 20.742, 20.534, 19.945, 19.292, 18.978, 18.644, 17.812, 17.229, 17.477, 17.568, 17.384, 17.407, 17.539, 15.752, 12.436, 9.215, 6.79, 4.005, 1.58, 0.0, 1.907, 3.562, 3.915, 5.677, 8.991, 11.366, 13.816, 16.736, 18.247, 19.02, 19.764, 19.596, 19.058, 18.961, 18.906, 18.764, 19.826, 21.548, 22.737, 22.78, 22.55, 23.169, 23.654, 24.112, 24.557, 25.235, 25.354, 25.758, 26.717, 27.078, 27.284, 27.845, 28.368, 28.395, 27.785, 27.375, 27.452, 27.426, 27.297, 26.525], [24.773, 24.153, 23.781, 23.77, 23.805, 23.779, 23.98, 24.421, 24.65, 24.686, 24.75, 24.833, 24.785, 24.887, 24.961, 24.88, 24.659, 24.352, 23.869, 23.183, 22.514, 21.865, 21.592, 21.388, 21.018, 20.931, 20.928, 20.707, 20.102, 19.455, 19.206, 18.917, 18.082, 17.531, 17.817, 17.928, 17.776, 17.832, 17.962, 16.173, 12.865, 9.626, 7.107, 4.506, 2.804, 1.907, 0.0, 2.173, 2.825, 4.842, 8.448, 10.925, 13.358, 16.281, 17.827, 18.605, 19.325, 19.158, 18.639, 18.554, 18.501, 18.397, 19.548, 21.357, 22.613, 22.672, 22.351, 22.886, 23.337, 23.774, 24.205, 24.882, 25.008, 25.437, 26.44, 26.819, 27.021, 27.561, 28.078, 28.107, 27.51, 27.119, 27.194, 27.156, 27.026, 26.288], [24.631, 24.008, 23.64, 23.61, 23.652, 23.681, 23.971, 24.487, 24.758, 24.813, 24.884, 24.987, 24.979, 25.108, 25.183, 25.118, 24.927, 24.634, 24.148, 23.445, 22.762, 22.117, 21.836, 21.621, 21.245, 21.154, 21.158, 20.938, 20.312, 19.644, 19.442, 19.171, 18.303, 17.792, 18.148, 18.306, 18.201, 18.272, 18.401, 16.564, 13.137, 9.937, 7.553, 5.303, 4.11, 3.562, 2.173, 0.0, 1.661, 4.403, 8.078, 10.768, 13.445, 16.492, 18.087, 18.882, 19.576, 19.346, 18.796, 18.72, 18.662, 18.579, 19.752, 21.558, 22.82, 22.866, 22.438, 22.897, 23.329, 23.755, 24.165, 24.835, 24.965, 25.415, 26.443, 26.835, 27.036, 27.56, 28.066, 28.096, 27.5, 27.119, 27.199, 27.152, 27.012, 26.261], [24.477, 23.868, 23.489, 23.458, 23.511, 23.535, 23.801, 24.304, 24.584, 24.654, 24.728, 24.825, 24.8, 24.917, 24.994, 24.926, 24.722, 24.41, 23.912, 23.221, 22.557, 21.906, 21.604, 21.369, 20.971, 20.864, 20.856, 20.64, 20.047, 19.421, 19.263, 19.005, 18.13, 17.604, 17.91, 18.048, 18.005, 18.12, 18.248, 16.398, 13.007, 9.896, 7.58, 5.405, 4.349, 3.915, 2.825, 1.661, 0.0, 3.35, 7.345, 10.159, 12.978, 16.143, 17.755, 18.565, 19.341, 19.177, 18.659, 18.603, 18.545, 18.423, 19.538, 21.292, 22.51, 22.512, 22.064, 22.562, 23.009, 23.44, 23.865, 24.563, 24.697, 25.152, 26.184, 26.571, 26.773, 27.313, 27.837, 27.868, 27.255, 26.864, 26.959, 26.938, 26.813, 26.056], [24.127, 23.541, 23.129, 23.094, 23.152, 23.112, 23.325, 23.841, 24.157, 24.244, 24.321, 24.419, 24.393, 24.495, 24.583, 24.56, 24.392, 24.098, 23.638, 23.056, 22.458, 21.786, 21.408, 21.147, 20.757, 20.61, 20.557, 20.31, 19.727, 19.176, 19.106, 18.901, 18.025, 17.476, 17.717, 17.89, 18.056, 18.309, 18.46, 16.737, 13.616, 10.633, 8.356, 6.438, 5.795, 5.677, 4.842, 4.403, 3.35, 0.0, 4.582, 7.948, 11.366, 14.827, 16.503, 17.375, 18.299, 18.269, 17.869, 17.894, 17.857, 17.739, 18.854, 20.653, 21.905, 21.911, 21.494, 22.057, 22.522, 22.91, 23.309, 24.027, 24.141, 24.614, 25.723, 26.125, 26.323, 26.877, 27.431, 27.463, 26.819, 26.41, 26.519, 26.572, 26.526, 25.815], [24.042, 23.452, 23.014, 22.977, 23.023, 22.92, 23.123, 23.685, 24.023, 24.12, 24.187, 24.285, 24.276, 24.363, 24.457, 24.501, 24.474, 24.299, 23.903, 23.411, 22.864, 22.158, 21.68, 21.431, 21.141, 21.001, 20.92, 20.652, 20.084, 19.593, 19.601, 19.457, 18.622, 18.139, 18.383, 18.63, 18.993, 19.321, 19.49, 17.974, 15.208, 12.64, 10.825, 9.387, 8.981, 8.991, 8.448, 8.078, 7.345, 4.582, 0.0, 4.569, 9.541, 13.647, 15.582, 16.627, 17.698, 17.673, 17.291, 17.397, 17.379, 17.294, 18.406, 20.254, 21.603, 21.688, 21.322, 21.937, 22.44, 22.769, 23.077, 23.75, 23.817, 24.352, 25.588, 26.035, 26.246, 26.82, 27.406, 27.435, 26.761, 26.346, 26.47, 26.591, 26.643, 26.039], [24.616, 24.124, 23.74, 23.726, 23.756, 23.551, 23.6, 24.056, 24.373, 24.479, 24.52, 24.591, 24.558, 24.596, 24.688, 24.735, 24.707, 24.597, 24.304, 23.934, 23.442, 22.729, 22.179, 21.935, 21.748, 21.61, 21.488, 21.196, 20.693, 20.339, 20.42, 20.318, 19.556, 19.084, 19.214, 19.334, 19.616, 19.969, 20.157, 18.86, 16.587, 14.473, 12.939, 11.708, 11.383, 11.366, 10.925, 10.768, 10.159, 7.948, 4.569, 0.0, 5.955, 10.817, 13.227, 14.485, 15.689, 15.739, 15.437, 15.622, 15.632, 15.63, 16.871, 18.93, 20.522, 20.799, 20.511, 21.096, 21.602, 21.875, 22.085, 22.676, 22.728, 23.352, 24.739, 25.239, 25.471, 26.056, 26.677, 26.714, 26.048, 25.683, 25.834, 25.981, 26.098, 25.69], [25.732, 25.404, 25.114, 25.13, 25.15, 24.886, 24.776, 25.063, 25.333, 25.437, 25.457, 25.493, 25.417, 25.403, 25.493, 25.495, 25.294, 25.13, 24.982, 24.805, 24.403, 23.757, 23.23, 23.004, 22.878, 22.715, 22.539, 22.242, 21.875, 21.713, 21.849, 21.786, 21.127, 20.57, 20.456, 20.299, 20.31, 20.645, 20.829, 19.756, 18.048, 16.382, 15.051, 14.037, 13.855, 13.816, 13.358, 13.445, 12.978, 11.366, 9.541, 5.955, 0.0, 5.634, 8.895, 10.533, 11.897, 12.191, 12.222, 12.559, 12.636, 12.805, 14.403, 16.936, 18.92, 19.521, 19.339, 19.705, 20.105, 20.259, 20.318, 20.818, 20.92, 21.647, 23.212, 23.77, 24.007, 24.555, 25.181, 25.23, 24.638, 24.413, 24.608, 24.739, 24.901, 24.801], [26.649, 26.451, 26.226, 26.251, 26.246, 25.92, 25.747, 25.988, 26.242, 26.341, 26.359, 26.38, 26.296, 26.269, 26.364, 26.339, 26.004, 25.795, 25.779, 25.795, 25.526, 24.991, 24.536, 24.341, 24.227, 24.056, 23.867, 23.588, 23.327, 23.294, 23.468, 23.46, 22.909, 22.289, 21.969, 21.603, 21.415, 21.725, 21.883, 21.046, 19.866, 18.646, 17.613, 16.844, 16.781, 16.736, 16.281, 16.492, 16.143, 14.827, 13.647, 10.817, 5.634, 0.0, 4.101, 6.422, 8.22, 9.203, 9.906, 10.356, 10.442, 10.818, 12.682, 15.482, 17.587, 18.361, 18.367, 18.577, 18.836, 18.849, 18.799, 19.266, 19.415, 20.21, 21.881, 22.475, 22.696, 23.189, 23.809, 23.875, 23.412, 23.36, 23.585, 23.735, 23.991, 24.164], [26.825, 26.728, 26.509, 26.531, 26.522, 26.105, 25.819, 26.014, 26.272, 26.391, 26.425, 26.447, 26.351, 26.312, 26.412, 26.368, 25.942, 25.689, 25.742, 25.911, 25.78, 25.316, 24.907, 24.713, 24.535, 24.354, 24.185, 23.929, 23.706, 23.706, 23.914, 23.955, 23.458, 22.796, 22.347, 21.883, 21.654, 21.972, 22.116, 21.473, 20.717, 19.849, 19.034, 18.347, 18.298, 18.247, 17.827, 18.087, 17.755, 16.503, 15.582, 13.227, 8.895, 4.101, 0.0, 3.05, 5.817, 8.009, 9.437, 9.883, 9.857, 10.129, 11.735, 14.3, 16.132, 16.785, 16.978, 17.275, 17.472, 17.43, 17.473, 18.092, 18.29, 19.02, 20.567, 21.099, 21.3, 21.798, 22.435, 22.525, 22.126, 22.133, 22.372, 22.592, 22.973, 23.284], [26.889, 26.868, 26.657, 26.689, 26.692, 26.219, 25.819, 25.946, 26.211, 26.345, 26.383, 26.398, 26.29, 26.242, 26.358, 26.314, 25.832, 25.552, 25.663, 25.928, 25.873, 25.456, 25.081, 24.895, 24.677, 24.483, 24.32, 24.072, 23.865, 23.899, 24.157, 24.235, 23.765, 23.084, 22.575, 22.072, 21.836, 22.167, 22.308, 21.82, 21.329, 20.609, 19.855, 19.156, 19.076, 19.02, 18.605, 18.882, 18.565, 17.375, 16.627, 14.485, 10.533, 6.422, 3.05, 0.0, 3.691, 6.999, 9.018, 9.559, 9.543, 9.739, 11.145, 13.563, 15.243, 15.779, 16.029, 16.389, 16.551, 16.485, 16.63, 17.376, 17.613, 18.191, 19.594, 20.098, 20.304, 20.826, 21.484, 21.584, 21.206, 21.222, 21.442, 21.679, 22.139, 22.584], [27.037, 27.025, 26.852, 26.89, 26.889, 26.442, 26.094, 26.254, 26.522, 26.639, 26.661, 26.683, 26.597, 26.562, 26.689, 26.677, 26.237, 25.983, 26.133, 26.414, 26.356, 25.976, 25.68, 25.586, 25.414, 25.21, 25.036, 24.792, 24.574, 24.603, 24.876, 24.971, 24.505, 23.847, 23.39, 22.914, 22.668, 22.989, 23.118, 22.653, 22.123, 21.376, 20.624, 19.917, 19.82, 19.764, 19.325, 19.576, 19.341, 18.299, 17.698, 15.689, 11.897, 8.22, 5.817, 3.691, 0.0, 4.281, 7.217, 8.14, 8.352, 8.823, 10.673, 13.484, 15.41, 16.121, 16.427, 16.718, 16.84, 16.735, 16.808, 17.471, 17.754, 18.314, 19.748, 20.297, 20.514, 21.022, 21.659, 21.742, 21.4, 21.473, 21.655, 21.775, 22.178, 22.68], [26.724, 26.657, 26.507, 26.535, 26.523, 26.137, 25.92, 26.177, 26.431, 26.512, 26.51, 26.533, 26.475, 26.459, 26.579, 26.62, 26.317, 26.131, 26.261, 26.495, 26.398, 26.0, 25.725, 25.742, 25.691, 25.518, 25.342, 25.112, 24.885, 24.851, 25.064, 25.124, 24.617, 23.997, 23.662, 23.285, 23.113, 23.455, 23.581, 23.012, 22.199, 21.267, 20.486, 19.768, 19.644, 19.596, 19.158, 19.346, 19.177, 18.269, 17.673, 15.739, 12.191, 9.203, 8.009, 6.999, 4.281, 0.0, 3.697, 5.393, 6.163, 7.174, 9.901, 13.408, 15.79, 16.784, 17.111, 17.376, 17.538, 17.466, 17.435, 17.99, 18.289, 18.956, 20.547, 21.183, 21.438, 21.97, 22.609, 22.672, 22.3, 22.377, 22.545, 22.528, 22.759, 23.089], [26.474, 26.34, 26.187, 26.205, 26.172, 25.809, 25.653, 25.942, 26.165, 26.218, 26.197, 26.207, 26.147, 26.138, 26.248, 26.295, 26.055, 25.907, 25.998, 26.172, 26.034, 25.607, 25.32, 25.381, 25.446, 25.354, 25.196, 24.985, 24.762, 24.671, 24.794, 24.801, 24.265, 23.689, 23.465, 23.173, 23.026, 23.352, 23.48, 22.835, 21.837, 20.778, 19.992, 19.273, 19.116, 19.058, 18.639, 18.796, 18.659, 17.869, 17.291, 15.437, 12.222, 9.906, 9.437, 9.018, 7.217, 3.697, 0.0, 2.553, 4.236, 5.961, 9.318, 13.151, 15.776, 16.922, 17.234, 17.517, 17.751, 17.773, 17.812, 18.427, 18.733, 19.432, 21.086, 21.778, 22.065, 22.626, 23.285, 23.347, 22.927, 22.967, 23.14, 23.089, 23.231, 23.391], [26.572, 26.398, 26.237, 26.259, 26.212, 25.842, 25.696, 25.971, 26.174, 26.222, 26.208, 26.215, 26.132, 26.114, 26.219, 26.234, 25.959, 25.802, 25.879, 26.026, 25.868, 25.458, 25.216, 25.284, 25.358, 25.319, 25.193, 24.99, 24.767, 24.656, 24.754, 24.749, 24.22, 23.648, 23.44, 23.165, 22.939, 23.178, 23.298, 22.651, 21.645, 20.612, 19.877, 19.204, 19.044, 18.961, 18.554, 18.72, 18.603, 17.894, 17.397, 15.622, 12.559, 10.356, 9.883, 9.559, 8.14, 5.393, 2.553, 0.0, 2.366, 4.911, 8.