[[0.0, 1.643, 2.777, 4.789, 8.393, 9.912, 10.234, 11.093, 11.732, 12.6, 13.862, 14.581, 15.157, 16.409, 18.546, 20.851, 22.049, 22.158, 21.728, 21.765, 21.934, 22.044, 22.563, 22.772, 22.16, 21.829, 21.721, 21.799, 21.941, 21.953, 22.038, 22.463, 22.814, 22.701, 22.491, 22.306, 22.427, 23.118, 23.877, 23.474, 23.038, 22.8, 22.567, 22.203, 21.879, 21.763, 21.997, 22.241, 22.285, 22.372, 22.417, 22.604, 22.873, 23.03, 23.104, 23.078, 23.027, 23.244, 23.455, 23.48, 23.474, 23.415, 23.337, 23.266, 23.242, 23.333, 23.339, 23.281, 23.245, 23.322, 23.365, 23.407, 23.587, 23.959, 24.393, 24.085, 23.655, 23.364, 23.201, 23.25, 22.759, 21.749, 21.689, 21.939, 22.158, 22.385], [1.643, 0.0, 1.696, 4.28, 7.968, 9.505, 9.789, 10.689, 11.379, 12.132, 13.317, 14.035, 14.619, 15.884, 18.088, 20.466, 21.69, 21.811, 21.4, 21.444, 21.621, 21.732, 22.257, 22.473, 21.856, 21.524, 21.405, 21.47, 21.614, 21.631, 21.713, 22.137, 22.489, 22.377, 22.164, 21.985, 22.104, 22.786, 23.553, 23.147, 22.709, 22.472, 22.242, 21.891, 21.578, 21.455, 21.671, 21.908, 21.944, 22.017, 22.052, 22.237, 22.513, 22.672, 22.749, 22.723, 22.674, 22.895, 23.11, 23.136, 23.13, 23.08, 23.002, 22.929, 22.907, 22.996, 23.012, 22.959, 22.928, 23.013, 23.061, 23.11, 23.312, 23.707, 24.146, 23.825, 23.382, 23.089, 22.936, 22.995, 22.508, 21.515, 21.489, 21.784, 22.042, 22.285], [2.777, 1.696, 0.0, 3.333, 7.406, 9.026, 9.27, 10.144, 10.874, 11.65, 12.846, 13.577, 14.156, 15.414, 17.601, 19.993, 21.271, 21.407, 21.017, 21.065, 21.259, 21.371, 21.897, 22.128, 21.493, 21.153, 21.02, 21.064, 21.204, 21.225, 21.32, 21.756, 22.124, 22.026, 21.806, 21.619, 21.739, 22.426, 23.201, 22.796, 22.352, 22.109, 21.875, 21.527, 21.208, 21.075, 21.294, 21.55, 21.582, 21.634, 21.663, 21.852, 22.145, 22.305, 22.377, 22.347, 22.299, 22.521, 22.736, 22.755, 22.742, 22.688, 22.608, 22.537, 22.513, 22.606, 22.628, 22.578, 22.555, 22.647, 22.697, 22.757, 22.976, 23.378, 23.82, 23.496, 23.03, 22.719, 22.572, 22.651, 22.211, 21.31, 21.364, 21.702, 21.973, 22.211], [4.789, 4.28, 3.333, 0.0, 4.568, 6.57, 7.242, 8.637, 9.522, 10.544, 11.97, 12.768, 13.239, 14.274, 16.4, 19.004, 20.5, 20.651, 20.227, 20.275, 20.539, 20.657, 21.165, 21.412, 20.735, 20.332, 20.163, 20.181, 20.314, 20.352, 20.536, 21.084, 21.54, 21.488, 21.235, 21.001, 21.106, 21.875, 22.757, 22.358, 21.9, 21.662, 21.426, 21.05, 20.69, 20.496, 20.658, 20.926, 20.934, 20.89, 20.853, 21.062, 21.413, 21.593, 21.665, 21.636, 21.608, 21.854, 22.081, 22.092, 22.06, 21.981, 21.892, 21.841, 21.806, 21.888, 21.895, 21.839, 21.837, 21.946, 22.003, 22.089, 22.373, 22.852, 23.329, 22.964, 22.428, 22.099, 21.943, 22.002, 21.597, 20.826, 21.059, 21.531, 21.876, 22.1], [8.393, 7.968, 7.406, 4.568, 0.0, 2.701, 4.71, 7.239, 8.329, 9.476, 11.061, 11.896, 12.198, 12.831, 14.796, 17.69, 19.493, 19.684, 19.231, 19.273, 19.638, 19.767, 20.234, 20.487, 19.751, 19.259, 19.038, 19.025, 19.146, 19.203, 19.524, 20.258, 20.848, 20.849, 20.557, 20.283, 20.373, 21.24, 22.264, 21.853, 21.355, 21.139, 20.915, 20.519, 20.122, 19.817, 19.873, 20.148, 20.122, 19.941, 19.808, 20.036, 20.457, 20.672, 20.759, 20.735, 20.733, 21.025, 21.288, 21.301, 21.25, 21.152, 21.061, 21.04, 20.987, 21.031, 21.0, 20.927, 20.957, 21.096, 21.173, 21.293, 21.685, 22.309, 22.841, 22.442, 21.874, 21.566, 21.431, 21.454, 21.058, 20.44, 20.907, 21.557, 22.01, 22.22], [9.912, 9.505, 9.026, 6.57, 2.701, 0.0, 3.107, 6.303, 7.509, 8.755, 10.431, 11.3, 11.541, 11.948, 13.678, 16.651, 18.69, 18.924, 18.464, 18.515, 18.951, 19.093, 19.576, 19.844, 19.033, 18.468, 18.216, 18.195, 18.311, 18.382, 18.791, 19.652, 20.325, 20.336, 20.022, 19.744, 19.838, 20.759, 21.849, 21.417, 20.879, 20.677, 20.456, 20.048, 19.639, 19.257, 19.254, 19.545, 19.513, 19.257, 19.08, 19.306, 19.738, 19.968, 20.087, 20.082, 20.108, 20.464, 20.771, 20.785, 20.728, 20.624, 20.539, 20.533, 20.475, 20.509, 20.458, 20.37, 20.424, 20.587, 20.68, 20.837, 21.315, 22.011, 22.578, 22.184, 21.607, 21.313, 21.216, 21.229, 20.829, 20.29, 20.884, 21.606, 22.096, 22.329], [10.234, 9.789, 9.27, 7.242, 4.71, 3.107, 0.0, 3.69, 5.29, 6.925, 8.948, 10.044, 10.448, 11.043, 12.829, 15.88, 18.1, 18.406, 17.976, 18.059, 18.527, 18.674, 19.215, 19.467, 18.524, 17.884, 17.628, 17.63, 17.757, 17.872, 18.309, 19.208, 19.9, 19.895, 19.577, 19.303, 19.408, 20.333, 21.418, 20.964, 20.405, 20.213, 19.99, 19.581, 19.172, 18.763, 18.775, 19.1, 19.064, 18.767, 18.585, 18.819, 19.236, 19.455, 19.59, 19.595, 19.64, 20.042, 20.373, 20.385, 20.332, 20.246, 20.173, 20.154, 20.103, 20.168, 20.126, 20.032, 20.098, 20.278, 20.375, 20.56, 21.088, 21.809, 22.405, 22.021, 21.428, 21.093, 21.004, 21.038, 20.649, 20.099, 20.708, 21.442, 21.926, 22.205], [11.093, 10.689, 10.144, 8.637, 7.239, 6.303, 3.69, 0.0, 2.522, 5.226, 7.64, 9.081, 9.846, 10.853, 12.76, 15.719, 17.926, 18.282, 17.907, 18.035, 18.485, 18.626, 19.202, 19.399, 18.373, 17.697, 17.49, 17.592, 17.722, 17.834, 18.213, 19.092, 19.782, 19.749, 19.461, 19.213, 19.33, 20.265, 21.336, 20.877, 20.32, 20.159, 19.957, 19.583, 19.192, 18.788, 18.823, 19.15, 19.115, 18.835, 18.685, 18.9, 19.233, 19.424, 19.585, 19.609, 19.671, 20.091, 20.417, 20.42, 20.372, 20.309, 20.253, 20.212, 20.154, 20.241, 20.206, 20.115, 20.184, 20.369, 20.455, 20.628, 21.144, 21.832, 22.424, 22.077, 21.499, 21.143, 21.062, 21.143, 20.809, 20.213, 20.737, 21.419, 21.846, 22.162], [11.732, 11.379, 10.874, 9.522, 8.329, 7.509, 5.29, 2.522, 0.0, 3.715, 6.737, 8.532, 9.556, 10.781, 12.774, 15.738, 17.92, 18.273, 17.897, 18.04, 18.493, 18.64, 19.231, 19.405, 18.348, 17.651, 17.453, 17.607, 17.751, 17.856, 18.232, 19.11, 19.805, 19.768, 19.517, 19.301, 19.443, 20.405, 21.467, 20.988, 20.418, 20.278, 20.106, 19.76, 19.385, 18.975, 18.998, 19.321, 19.296, 19.031, 18.889, 19.082, 19.373, 19.569, 19.752, 19.784, 19.849, 20.265, 20.581, 20.58, 20.535, 20.467, 20.411, 20.37, 20.304, 20.382, 20.35, 20.261, 20.325, 20.5, 20.576, 20.735, 21.231, 21.906, 22.495, 22.152, 21.578, 21.222, 21.134, 21.222, 20.882, 20.205, 20.65, 21.28, 21.667, 21.999], [12.6, 12.132, 11.65, 10.544, 9.476, 8.755, 6.925, 5.226, 3.715, 0.0, 3.857, 6.477, 8.053, 9.687, 12.159, 15.499, 17.74, 18.149, 17.831, 17.975, 18.412, 18.579, 19.217, 19.43, 18.376, 17.659, 17.461, 17.624, 17.753, 17.851, 18.218, 19.07, 19.731, 19.677, 19.433, 19.242, 19.403, 20.394, 21.481, 20.989, 20.399, 20.263, 20.125, 19.823, 19.47, 19.044, 19.041, 19.355, 19.325, 19.071, 18.939, 19.115, 19.393, 19.596, 19.785, 19.838, 19.919, 20.319, 20.623, 20.624, 20.576, 20.483, 20.416, 20.383, 20.327, 20.412, 20.397, 20.312, 20.366, 20.535, 20.614, 20.772, 21.264, 21.928, 22.494, 22.143, 21.554, 21.143, 21.034, 21.137, 20.751, 19.948, 20.312, 20.935, 21.343, 21.682], [13.862, 13.317, 12.846, 11.97, 11.061, 10.431, 8.948, 7.64, 6.737, 3.857, 0.0, 3.403, 5.798, 8.157, 11.361, 15.203, 17.589, 18.061, 17.768, 17.923, 18.344, 18.524, 19.208, 19.439, 18.373, 17.634, 17.439, 17.623, 17.733, 17.827, 18.201, 19.092, 19.746, 19.661, 19.425, 19.248, 19.437, 20.464, 21.583, 21.081, 20.466, 20.338, 20.229, 19.968, 19.641, 19.228, 19.234, 19.543, 19.507, 19.271, 19.151, 19.332, 19.611, 19.817, 20.014, 20.09, 20.188, 20.575, 20.864, 20.867, 20.809, 20.698, 20.614, 20.579, 20.545, 20.638, 20.628, 20.549, 20.604, 20.78, 20.866, 21.035, 21.535, 22.187, 22.732, 22.374, 21.762, 21.278, 21.128, 21.256, 20.846, 19.919, 20.201, 20.827, 21.271, 21.631], [14.581, 14.035, 13.577, 12.768, 11.896, 11.3, 10.044, 9.081, 8.532, 6.477, 3.403, 0.0, 3.098, 6.387, 10.35, 14.654, 17.277, 17.807, 17.519, 17.673, 18.089, 18.284, 18.998, 19.217, 18.106, 17.356, 17.156, 17.356, 17.47, 17.559, 17.979, 18.956, 19.666, 19.585, 19.351, 19.178, 19.392, 20.452, 21.61, 21.102, 20.454, 20.33, 20.243, 20.002, 19.688, 19.305, 19.361, 19.694, 19.666, 19.438, 19.312, 19.513, 19.824, 20.035, 20.218, 20.282, 20.366, 20.732, 21.02, 21.032, 20.97, 20.853, 20.754, 20.713, 20.693, 20.774, 20.747, 20.673, 20.733, 20.916, 21.009, 21.192, 21.714, 22.383, 22.927, 22.558, 21.929, 21.417, 21.235, 21.37, 20.969, 20.035, 20.314, 20.94, 21.418, 21.795], [15.157, 14.619, 14.156, 13.239, 12.198, 11.541, 10.448, 9.846, 9.556, 8.053, 5.798, 3.098, 0.0, 4.028, 8.737, 13.517, 16.45, 17.054, 16.787, 16.945, 17.388, 17.589, 18.313, 18.575, 17.483, 16.738, 16.505, 16.678, 16.79, 16.871, 17.358, 18.438, 19.24, 19.196, 18.949, 18.765, 18.985, 20.072, 21.286, 20.813, 20.165, 20.027, 19.934, 19.676, 19.347, 18.939, 19.005, 19.373, 19.345, 19.08, 18.923, 19.14, 19.5, 19.72, 19.883, 19.927, 20.004, 20.369, 20.669, 20.687, 20.613, 20.487, 20.386, 20.341, 20.327, 20.396, 20.345, 20.275, 20.349, 20.547, 20.649, 20.857, 21.442, 22.163, 22.716, 22.318, 21.66, 21.141, 20.962, 21.092, 20.73, 19.929, 20.342, 21.028, 21.561, 21.933], [16.409, 15.884, 15.414, 14.274, 12.831, 11.948, 11.043, 10.853, 10.781, 9.687, 8.157, 6.387, 4.028, 0.0, 5.575, 11.414, 14.914, 15.629, 15.405, 15.58, 16.115, 16.337, 17.088, 17.503, 16.501, 15.768, 15.483, 15.605, 15.719, 15.82, 16.424, 17.655, 18.591, 18.627, 18.355, 18.144, 18.342, 19.45, 20.725, 20.307, 19.71, 19.585, 19.474, 19.189, 18.862, 18.356, 18.309, 18.687, 18.653, 18.31, 18.093, 18.29, 18.68, 18.901, 19.057, 19.107, 19.21, 19.615, 19.935, 19.947, 19.85, 19.715, 19.63, 19.602, 19.61, 19.672, 19.58, 19.503, 19.603, 19.827, 19.94, 20.161, 20.823, 21.617, 22.192, 21.771, 21.098, 20.616, 20.5, 20.602, 20.267, 19.772, 20.519, 21.349, 21.982, 22.324], [18.546, 18.088, 17.601, 16.4, 14.796, 13.678, 12.829, 12.76, 12.774, 12.159, 11.361, 10.35, 8.737, 5.575, 0.0, 7.192, 11.807, 12.809, 12.836, 13.061, 13.79, 14.101, 14.973, 15.676, 14.838, 14.204, 13.893, 13.974, 14.106, 14.2, 14.884, 16.279, 17.393, 17.544, 17.267, 17.059, 17.228, 18.348, 19.699, 19.382, 18.892, 18.837, 18.733, 18.483, 18.263, 17.678, 17.47, 17.83, 17.814, 17.424, 17.185, 17.304, 17.652, 17.815, 17.968, 18.062, 18.245, 18.745, 19.096, 19.089, 18.971, 18.857, 18.833, 18.863, 18.947, 19.033, 18.899, 18.811, 18.957, 19.227, 19.349, 19.589, 20.337, 21.159, 21.728, 21.346, 20.704, 20.302, 20.296, 20.376, 20.126, 20.105, 21.234, 22.157, 22.808, 23.123], [20.851, 20.466, 19.993, 19.004, 17.69, 16.651, 15.88, 15.719, 15.738, 15.499, 15.203, 14.654, 13.517, 11.414, 7.192, 0.0, 5.837, 7.57, 8.53, 9.021, 9.753, 10.142, 11.167, 12.217, 11.937, 11.864, 11.63, 11.716, 11.876, 11.967, 12.619, 13.88, 15.048, 15.348, 15.176, 15.083, 15.26, 16.247, 17.663, 17.703, 17.553, 17.621, 17.587, 17.555, 17.67, 17.257, 17.043, 17.356, 17.408, 17.219, 17.081, 17.067, 17.353, 17.398, 17.441, 17.523, 17.765, 18.299, 18.631, 18.611, 18.507, 18.484, 18.571, 18.668, 18.84, 18.954, 18.793, 18.709, 18.85, 19.108, 19.213, 19.43, 20.156, 20.91, 21.432, 21.14, 20.619, 20.314, 20.423, 20.521, 20.402, 20.727, 21.967, 22.851, 23.459, 23.733], [22.049, 21.69, 21.271, 20.5, 19.493, 18.69, 18.1, 17.926, 17.92, 17.74, 17.589, 17.277, 16.45, 14.914, 11.807, 5.837, 0.0, 3.114, 5.929, 6.916, 7.466, 7.823, 8.978, 10.291, 10.813, 11.467, 11.475, 11.685, 11.856, 11.892, 12.203, 12.868, 13.752, 14.115, 14.107, 14.201, 14.427, 15.217, 16.578, 16.914, 17.071, 17.207, 17.22, 17.389, 17.779, 17.628, 17.522, 17.767, 17.843, 17.899, 17.875, 17.747, 17.957, 17.95, 17.918, 17.96, 18.185, 18.655, 18.932, 18.92, 18.843, 18.879, 19.028, 19.162, 19.4, 19.56, 19.418, 19.34, 19.426, 19.617, 19.691, 19.842, 20.431, 21.071, 21.547, 21.353, 20.987, 20.762, 20.917, 21.035, 20.949, 21.257, 22.362, 23.151, 23.72, 23.963], [22.158, 21.811, 21.407, 20.651, 19.684, 18.924, 18.406, 18.282, 18.273, 18.149, 18.061, 17.807, 17.054, 15.629, 12.809, 7.57, 3.114, 0.0, 3.863, 5.331, 6.245, 6.728, 8.115, 9.671, 10.305, 11.154, 11.291, 11.567, 11.768, 11.85, 12.162, 12.698, 13.5, 13.916, 13.973, 14.108, 14.356, 15.128, 16.442, 16.794, 17.023, 17.173, 17.164, 17.303, 17.732, 17.678, 17.624, 17.843, 17.912, 18.019, 17.993, 17.869, 18.126, 18.126, 18.072, 18.09, 18.297, 18.737, 18.986, 18.981, 18.906, 18.924, 19.063, 19.2, 19.466, 19.643, 19.507, 19.434, 19.524, 19.712, 19.778, 19.899, 20.461, 21.081, 21.54, 21.382, 21.088, 20.945, 21.136, 21.25, 21.148, 21.435, 22.519, 23.293, 23.862, 24.106], [21.728, 21.4, 21.017, 20.227, 19.231, 18.464, 17.976, 17.907, 17.897, 17.831, 17.768, 17.519, 16.787, 15.405, 12.836, 8.53, 5.929, 3.863, 0.0, 2.54, 4.407, 5.046, 6.917, 8.778, 9.418, 10.273, 10.445, 10.843, 11.108, 11.276, 11.777, 12.507, 13.4, 13.872, 13.992, 14.126, 14.432, 15.352, 16.696, 16.97, 17.16, 17.286, 17.239, 17.245, 17.554, 17.493, 17.455, 17.673, 17.752, 17.897, 17.868, 17.812, 18.146, 18.171, 18.128, 18.147, 18.342, 18.767, 19.003, 19.012, 18.921, 18.872, 18.952, 19.057, 19.301, 19.473, 19.339, 19.266, 19.361, 19.556, 19.619, 19.725, 20.25, 20.842, 21.295, 21.147, 20.875, 20.781, 20.983, 21.094, 20.962, 21.143, 22.187, 22.966, 23.549, 23.805], [21.765, 21.444, 21.065, 20.275, 19.273, 18.515, 18.059, 18.035, 18.04, 17.975, 17.923, 17.673, 16.945, 15.58, 13.061, 9.021, 6.916, 5.331, 2.54, 0.0, 2.767, 3.69, 5.763, 7.902, 8.7, 9.669, 9.876, 10.314, 10.608, 10.774, 11.319, 12.101, 13.074, 13.61, 13.767, 13.92, 14.261, 15.255, 16.659, 16.969, 17.174, 17.29, 17.27, 17.279, 17.572, 17.539, 17.515, 17.735, 17.829, 17.989, 17.958, 17.91, 18.253, 18.306, 18.282, 18.305, 18.509, 18.931, 19.163, 19.177, 19.089, 19.035, 19.095, 19.187, 19.413, 19.559, 19.419, 19.35, 19.447, 19.646, 19.713, 19.812, 20.308, 20.881, 21.33, 21.188, 20.918, 20.822, 21.022, 21.112, 20.964, 21.166, 22.221, 22.998, 23.575, 23.824], [21.934, 21.621, 21.259, 20.539, 19.638, 18.951, 18.527, 18.485, 18.493, 18.412, 18.344, 18.089, 17.388, 16.115, 13.79, 9.753, 7.466, 6.245, 4.407, 2.767, 0.0, 1.823, 4.575, 6.972, 8.362, 9.594, 9.878, 10.438, 10.729, 10.82, 11.211, 11.831, 12.763, 13.283, 13.473, 13.664, 14.038, 15.062, 16.527, 16.982, 17.26, 17.341, 17.366, 17.476, 17.856, 17.944, 17.98, 18.178, 18.288, 18.524, 18.535, 18.466, 18.787, 18.846, 18.824, 18.843, 19.046, 19.45, 19.659, 19.668, 19.601, 19.569, 19.632, 19.715, 19.928, 20.066, 19.928, 19.861, 19.932, 20.111, 20.17, 20.253, 20.693, 21.213, 21.643, 21.523, 21.258, 21.144, 21.337, 21.435, 21.31, 21.468, 22.446, 23.18, 23.744, 23.976], [22.044, 21.732, 21.371, 20.657, 19.767, 19.093, 18.674, 18.626, 18.64, 18.579, 18.524, 18.284, 17.589, 16.337, 14.101, 10.142, 7.823, 6.728, 5.046, 3.69, 1.823, 0.0, 3.562, 6.438, 8.342, 9.733, 9.989, 10.542, 10.833, 10.978, 11.385, 11.924, 12.785, 13.301, 13.506, 13.697, 14.071, 15.071, 16.529, 17.028, 17.336, 17.426, 17.447, 17.563, 17.943, 18.043, 18.101, 18.312, 18.433, 18.688, 18.721, 18.656, 18.975, 19.02, 18.977, 18.979, 19.169, 19.559, 19.759, 19.765, 19.706, 19.688, 19.752, 19.83, 20.038, 20.173, 20.036, 19.969, 20.03, 20.201, 20.256, 20.336, 20.76, 21.261, 21.684, 21.572, 21.324, 21.213, 21.411, 21.514, 21.405, 21.556, 22.503, 23.213, 23.748, 23.969], [22.563, 22.257, 21.897, 21.165, 20.234, 19.576, 19.215, 19.202, 19.231, 19.217, 19.208, 18.998, 18.313, 17.088, 14.973, 11.167, 8.978, 8.115, 6.917, 5.763, 4.575, 3.562, 0.0, 3.955, 7.169, 8.957, 9.247, 9.869, 10.192, 10.378, 10.891, 11.493, 12.505, 13.169, 13.443, 13.577, 13.901, 14.9, 16.414, 16.996, 17.396, 17.614, 17.734, 17.917, 18.309, 18.407, 18.462, 18.668, 18.82, 19.122, 19.17, 19.08, 19.406, 19.46, 19.372, 19.347, 19.521, 19.9, 20.104, 20.108, 20.053, 20.063, 20.142, 20.225, 20.408, 20.507, 20.361, 20.303, 20.348, 20.496, 20.539, 20.585, 20.959, 21.439, 21.859, 21.752, 21.554, 21.505, 21.743, 21.863, 21.751, 21.937, 22.903, 23.608, 24.104, 24.276], [22.772, 22.473, 22.128, 21.412, 20.487, 19.844, 19.467, 19.399, 19.405, 19.43, 19.439, 19.217, 18.575, 17.503, 15.676, 12.217, 10.291, 9.671, 8.778, 7.902, 6.972, 6.438, 3.955, 0.0, 4.695, 7.105, 7.611, 8.622, 9.063, 9.338, 9.944, 10.601, 11.787, 12.543, 12.874, 13.024, 13.365, 14.378, 15.924, 16.459, 16.872, 17.233, 17.508, 17.829, 18.276, 18.44, 18.584, 18.817, 18.993, 19.331, 19.382, 19.265, 19.613, 19.7, 19.618, 19.574, 19.716, 20.1, 20.331, 20.342, 20.291, 20.324, 20.414, 20.489, 20.657, 20.751, 20.605, 20.543, 20.57, 20.698, 20.737, 20.78, 21.128, 21.605, 22.03, 21.912, 21.736, 21.726, 21.97, 22.117, 21.995, 22.064, 22.929, 23.603, 24.079, 24.24], [22.16, 21.856, 21.493, 20.735, 19.751, 19.033, 18.524, 18.373, 18.348, 18.376, 18.373, 18.106, 17.483, 16.501, 14.838, 11.937, 10.813, 10.305, 9.418, 8.7, 8.362, 8.342, 7.169, 4.695, 0.0, 3.09, 4.212, 5.992, 6.698, 7.397, 8.645, 9.75, 11.148, 11.926, 12.249, 12.42, 12.841, 13.981, 15.531, 15.761, 16.038, 16.505, 16.869, 17.2, 17.598, 17.748, 17.96, 18.256, 18.415, 18.655, 18.647, 18.567, 19.008, 19.123, 19.059, 19.003, 19.121, 19.54, 19.812, 19.832, 19.773, 19.775, 19.839, 19.914, 20.069, 20.16, 20.017, 19.94, 19.992, 20.149, 20.207, 20.3, 20.734, 21.304, 21.773, 21.598, 21.352, 21.316, 21.53, 21.655, 21.496, 21.523, 22.415, 23.107, 23.598, 23.82], [21.829, 21.524, 21.153, 20.332, 19.259, 18.468, 17.884, 17.697, 17.651, 17.659, 17.634, 17.356, 16.738, 15.768, 14.204, 11.864, 11.467, 11.154, 10.273, 9.669, 9.594, 9.733, 8.957, 7.105, 3.09, 0.0, 2.142, 4.777, 5.658, 6.635, 8.367, 9.93, 11.447, 12.163, 12.418, 12.535, 12.946, 14.192, 15.748, 15.8, 15.98, 16.475, 16.858, 17.127, 17.417, 17.449, 17.626, 17.96, 18.105, 18.256, 18.207, 18.174, 18.682, 18.82, 18.78, 18.739, 18.863, 19.305, 19.598, 19.616, 19.548, 19.518, 19.553, 19.619, 19.738, 19.8, 19.649, 19.559, 19.625, 19.804, 19.877, 20.018, 20.522, 21.167, 21.682, 21.464, 21.125, 21.03, 21.213, 21.317, 21.146, 21.151, 22.084, 22.811, 23.327, 23.592], [21.721, 21.405, 21.02, 20.163, 19.038, 18.216, 17.628, 17.49, 17.453, 17.461, 17.439, 17.156, 16.505, 15.483, 13.893, 11.63, 11.475, 11.291, 10.445, 9.876, 9.878, 9.989, 9.247, 7.611, 4.212, 2.142, 0.0, 3.156, 4.279, 5.537, 7.714, 9.583, 11.237, 12.002, 12.24, 12.327, 12.722, 13.951, 15.498, 15.509, 15.647, 16.132, 16.5, 16.736, 16.975, 16.936, 17.101, 17.476, 17.635, 17.769, 17.708, 17.711, 18.294, 18.459, 18.417, 18.376, 18.505, 18.965, 19.275, 19.294, 19.23, 19.21, 19.248, 19.313, 19.419, 19.457, 19.292, 19.204, 19.279, 19.466, 19.546, 19.713, 20.264, 20.961, 21.5, 21.249, 20.86, 20.724, 20.894, 20.994, 20.819, 20.856, 21.837, 22.595, 23.123, 23.38], [21.799, 21.47, 21.064, 20.181, 19.025, 18.195, 17.63, 17.592, 17.607, 17.624, 17.623, 17.356, 16.678, 15.605, 13.974, 11.716, 11.685, 11.567, 10.843, 10.314, 10.438, 10.542, 9.869, 8.622, 5.992, 4.777, 3.156, 0.0, 1.947, 4.313, 7.192, 9.329, 11.057, 11.912, 12.128, 12.206, 12.589, 13.728, 15.208, 15.203, 15.332, 15.794, 16.141, 16.342, 16.513, 16.4, 16.563, 16.975, 17.161, 17.287, 17.211, 17.267, 17.942, 18.122, 18.049, 17.991, 18.119, 18.581, 18.905, 18.93, 18.868, 18.884, 18.934, 18.995, 19.098, 19.108, 18.922, 18.842, 18.928, 19.118, 19.198, 19.372, 19.971, 20.714, 21.26, 20.981, 20.565, 20.412, 20.594, 20.697, 20.531, 20.692, 21.772, 22.574, 23.114, 23.355], [21.941, 21.614, 21.204, 20.314, 19.146, 18.311, 17.757, 17.722, 17.751, 17.753, 17.733, 17.47, 16.79, 15.719, 14.106, 11.876, 11.856, 11.768, 11.108, 10.608, 10.729, 10.833, 10.192, 9.063, 6.698, 5.658, 4.279, 1.947, 0.0, 3.257, 6.742, 9.111, 10.916, 11.779, 11.992, 12.067, 12.459, 13.63, 15.158, 15.188, 15.331, 15.79, 16.13, 16.314, 16.456, 16.296, 16.443, 16.866, 17.066, 17.208, 17.146, 17.217, 17.896, 18.064, 17.99, 17.945, 18.092, 18.558, 18.881, 18.908, 18.836, 18.858, 18.92, 18.978, 19.087, 19.102, 18.912, 18.828, 18.92, 19.113, 19.192, 19.366, 19.959, 20.694, 21.221, 20.926, 20.492, 20.322, 20.513, 20.629, 20.496, 20.704, 21.804, 22.614, 23.154, 23.393], [21.953, 21.631, 21.225, 20.352, 19.203, 18.382, 17.872, 17.834, 17.856, 17.851, 17.827, 17.559, 16.871, 15.82, 14.2, 11.967, 11.892, 11.85, 11.276, 10.774, 10.82, 10.978, 10.378, 9.338, 7.397, 6.635, 5.537, 4.313, 3.257, 0.0, 4.328, 7.427, 9.701, 10.686, 10.968, 11.08, 11.519, 12.846, 14.571, 14.699, 14.872, 15.35, 15.693, 15.871, 16.033, 15.866, 15.999, 16.419, 16.652, 16.887, 16.885, 16.924, 17.56, 17.746, 17.729, 17.722, 17.899, 18.386, 18.731, 18.768, 18.695, 18.723, 18.816, 18.908, 19.063, 19.127, 18.948, 18.859, 18.946, 19.14, 19.227, 19.421, 19.993, 20.703, 21.212, 20.899, 20.444, 20.261, 20.439, 20.55, 20.44, 20.623, 21.684, 22.493, 23.072, 23.336], [22.038, 21.713, 21.32, 20.536, 19.524, 18.791, 18.309, 18.213, 18.232, 18.218, 18.201, 17.979, 17.358, 16.424, 14.884, 12.619, 12.203, 12.162, 11.777, 11.319, 11.211, 11.385, 10.891, 9.944, 8.645, 8.367, 7.714, 7.192, 6.742, 4.328, 0.0, 4.221, 7.373, 8.572, 9.026, 9.302, 9.86, 11.347, 13.3, 13.571, 13.865, 14.389, 14.781, 15.082, 15.388, 15.338, 15.56, 15.963, 16.216, 16.606, 16.716, 16.691, 17.23, 17.461, 17.525, 17.532, 17.702, 18.197, 18.572, 18.616, 18.547, 18.618, 18.754, 18.865, 19.116, 19.322, 19.207, 19.115, 19.181, 19.361, 19.447, 19.666, 20.221, 20.872, 21.338, 21.049, 20.638, 20.473, 20.642, 20.749, 20.641, 20.749, 21.702, 22.471, 23.068, 23.377], [22.463, 22.137, 21.756, 21.084, 20.258, 19.652, 19.208, 19.092, 19.11, 19.07, 19.092, 18.956, 18.438, 17.655, 16.279, 13.88, 12.868, 12.698, 12.507, 12.101, 11.831, 11.924, 11.493, 10.601, 9.75, 9.93, 9.583, 9.329, 9.111, 7.427, 4.221, 0.0, 3.859, 5.608, 6.408, 7.023, 7.77, 9.166, 11.24, 11.933, 12.618, 13.154, 13.586, 14.133, 14.801, 15.189, 15.695, 16.097, 16.325, 16.838, 17.036, 16.95, 17.414, 17.663, 17.747, 17.72, 17.865, 18.333, 18.696, 18.74, 18.697, 18.833, 19.002, 19.118, 19.473, 19.808, 19.76, 19.672, 19.718, 19.874, 19.941, 20.128, 20.629, 21.221, 21.647, 21.422, 21.099, 20.951, 21.102, 21.185, 21.067, 21.151, 21.989, 22.674, 23.24, 23.55], [22.814, 22.489, 22.124, 21.54, 20.848, 20.325, 19.9, 19.782, 19.805, 19.731, 19.746, 19.666, 19.24, 18.591, 17.393, 15.048, 13.752, 13.5, 13.4, 13.074, 12.763, 12.785, 12.505, 11.787, 11.148, 11.447, 11.237, 11.057, 10.916, 9.701, 7.373, 3.859, 0.0, 2.534, 3.953, 5.119, 6.184, 7.538, 9.745, 10.885, 11.978, 12.51, 12.956, 13.679, 14.571, 15.294, 16.035, 16.433, 16.616, 17.184, 17.446, 17.348, 17.778, 18.044, 18.152, 18.101, 18.235, 18.681, 19.018, 19.064, 19.043, 19.213, 19.403, 19.517, 19.928, 20.356, 20.363, 20.28, 20.316, 20.464, 20.523, 20.682, 21.157, 21.718, 22.109, 21.915, 21.613, 21.419, 21.542, 21.624, 21.497, 21.527, 22.267, 22.886, 23.416, 23.719], [22.701, 22.377, 22.026, 21.488, 20.849, 20.336, 19.895, 19.749, 19.768, 19.677, 19.661, 19.585, 19.196, 18.627, 17.544, 15.348, 14.115, 13.916, 13.872, 13.61, 13.283, 13.301, 13.169, 12.543, 11.926, 12.163, 12.002, 11.912, 11.779, 10.686, 8.572, 5.608, 2.534, 0.0, 2.105, 3.955, 5.398, 7.075, 9.512, 10.686, 11.798, 12.308, 12.751, 13.526, 14.447, 15.234, 16.052, 16.454, 16.611, 17.181, 17.481, 17.385, 17.775, 18.054, 18.212, 18.176, 18.311, 18.769, 19.117, 19.169, 19.146, 19.304, 19.496, 19.598, 20.021, 20.507, 20.542, 20.46, 20.492, 20.641, 20.702, 20.882, 21.382, 21.941, 22.314, 22.114, 21.765, 21.502, 21.593, 21.683, 21.551, 21.466, 22.105, 22.679, 23.195, 23.535], [22.491, 22.164, 21.806, 21.235, 20.557, 20.022, 19.577, 19.461, 19.517, 19.433, 19.425, 19.351, 18.949, 18.355, 17.267, 15.176, 14.107, 13.973, 13.992, 13.767, 13.473, 13.506, 13.443, 12.874, 12.249, 12.418, 12.24, 12.128, 11.992, 10.968, 9.026, 6.408, 3.953, 2.105, 0.0, 2.377, 4.174, 6.277, 9.037, 10.228, 11.32, 11.789, 12.183, 12.94, 13.877, 14.705, 15.57, 16.005, 16.163, 16.711, 17.005, 16.918, 17.312, 17.59, 17.773, 17.758, 17.922, 18.423, 18.798, 18.854, 18.827, 18.973, 19.16, 19.266, 19.704, 20.215, 20.262, 20.181, 20.222, 20.381, 20.449, 20.655, 21.208, 21.801, 22.19, 21.972, 21.569, 21.255, 21.32, 21.403, 21.275, 21.193, 21.836, 22.422, 22.961, 23.321], [22.306, 21.985, 21.619, 21.001, 20.283, 19.744, 19.303, 19.213, 19.301, 19.242, 19.248, 19.178, 18.765, 18.144, 17.059, 15.083, 14.201, 14.108, 14.126, 13.92, 13.664, 13.697, 13.577, 13.024, 12.42, 12.535, 12.327, 12.206, 12.067, 11.08, 9.302, 7.023, 5.119, 3.955, 2.377, 0.0, 2.309, 5.239, 8.432, 9.694, 10.825, 11.314, 11.683, 12.397, 13.319, 14.174, 15.066, 15.526, 15.715, 16.277, 16.577, 16.5, 16.909, 17.191, 17.392, 17.409, 17.611, 18.17, 18.575, 18.633, 18.601, 18.746, 18.93, 19.046, 19.494, 20.008, 20.063, 19.986, 20.038, 20.209, 20.282, 20.495, 21.066, 21.67, 22.076, 21.831, 21.398, 21.074, 21.131, 21.214, 21.102, 21.088, 21.788, 22.402, 22.949, 23.283], [22.427, 22.104, 21.739, 21.106, 20.373, 19.838, 19.408, 19.33, 19.443, 19.403, 19.437, 19.392, 18.985, 18.342, 17.228, 15.26, 14.427, 14.356, 14.432, 14.261, 14.038, 14.071, 13.901, 13.365, 12.841, 12.946, 12.722, 12.589, 12.459, 11.519, 9.86, 7.77, 6.184, 5.398, 4.174, 2.309, 0.0, 3.799, 7.531, 9.016, 10.318, 10.856, 11.232, 11.973, 12.938, 13.835, 14.742, 15.209, 15.441, 16.073, 16.412, 16.337, 16.755, 17.021, 17.212, 17.256, 17.497, 18.102, 18.533, 18.591, 18.562, 18.732, 18.93, 19.075, 19.556, 20.072, 20.126, 20.055, 20.117, 20.292, 20.368, 20.571, 21.129, 21.721, 22.125, 21.875, 21.448, 21.139, 21.192, 21.263, 21.158, 21.211, 21.953, 22.58, 23.14, 23.46], [23.118, 22.786, 22.426, 21.875, 21.24, 20.759, 20.333, 20.265, 20.405, 20.394, 20.464, 20.452, 20.072, 19.45, 18.348, 16.247, 15.217, 15.128, 15.352, 15.255, 15.062, 15.071, 14.9, 14.378, 13.981, 14.192, 13.951, 13.728, 13.63, 12.846, 11.347, 9.166, 7.538, 7.075, 6.277, 5.239, 3.799, 0.0, 4.373, 6.96, 8.974, 9.665, 10.154, 11.179, 12.48, 13.676, 14.749, 15.233, 15.486, 16.274, 16.692, 16.583, 17.043, 17.304, 17.447, 17.47, 17.718, 18.333, 18.761, 18.816, 18.802, 19.042, 19.27, 19.455, 20.007, 20.529, 20.573, 20.509, 20.592, 20.759, 20.826, 21.018, 21.546, 22.115, 22.507, 22.292, 21.939, 21.662, 21.717, 21.768, 21.675, 21.815, 22.545, 23.146, 23.709, 24.018], [23.877, 23.553, 23.201, 22.757, 22.264, 21.849, 21.418, 21.336, 21.467, 21.481, 21.583, 21.61, 21.286, 20.725, 19.699, 17.663, 16.578, 16.442, 16.696, 16.659, 16.527, 16.529, 16.414, 15.924, 15.531, 15.748, 15.498, 15.208, 15.158, 14.571, 13.3, 11.24, 9.745, 9.512, 9.037, 8.432, 7.531, 4.373, 0.0, 4.34, 7.483, 8.5, 9.208, 10.53, 12.124, 13.597, 14.852, 15.355, 15.631, 16.57, 17.072, 16.93, 17.44, 17.743, 17.867, 17.866, 18.093, 18.699, 19.13, 19.188, 19.191, 19.49, 19.732, 19.924, 20.535, 21.097, 21.156, 21.096, 21.188, 21.348, 21.407, 21.607, 22.124, 22.668, 23.058, 22.882, 22.587, 22.342, 22.399, 22.424, 22.328, 22.518, 23.199, 23.732, 24.252, 24.56], [23.474, 23.147, 22.796, 22.358, 21.853, 21.417, 20.964, 20.877, 20.988, 20.989, 21.081, 21.102, 20.813, 20.307, 19.382, 17.703, 16.914, 16.794, 16.97, 16.969, 16.982, 17.028, 16.996, 16.459, 15.761, 15.8, 15.509, 15.203, 15.188, 14.699, 13.571, 11.933, 10.885, 10.686, 10.228, 9.694, 9.016, 6.96, 4.34, 0.0, 4.025, 6.101, 7.416, 8.975, 10.504, 11.988, 13.441, 14.055, 14.376, 15.346, 15.895, 15.779, 16.371, 16.776, 16.98, 17.013, 17.219, 17.878, 18.428, 18.527, 18.526, 18.85, 19.09, 19.263, 19.895, 20.526, 20.634, 20.572, 20.667, 20.845, 20.923, 21.192, 21.801, 22.408, 22.841, 22.66, 22.352, 22.117, 22.186, 22.18, 22.011, 22.151, 22.831, 23.341, 23.82, 24.167], [23.038, 22.709, 22.352, 21.9, 21.355, 20.879, 20.405, 20.32, 20.418, 20.399, 20.466, 20.454, 20.165, 19.71, 18.892, 17.553, 17.071, 17.023, 17.16, 17.174, 17.26, 17.336, 17.396, 16.872, 16.038, 15.98, 15.647, 15.332, 15.331, 14.872, 13.865, 12.618, 11.978, 11.798, 11.32, 10.825, 10.318, 8.974, 7.483, 4.025, 0.0, 3.264, 5.477, 7.361, 8.796, 10.378, 12.15, 12.944, 13.322, 14.287, 14.862, 14.799, 15.475, 15.976, 16.283, 16.358, 16.568, 17.299, 17.94, 18.072, 18.061, 18.375, 18.597, 18.75, 19.35, 19.983, 20.125, 20.065, 20.169, 20.36, 20.462, 20.811, 21.521, 22.184, 22.667, 22.494, 22.152, 21.889, 21.951, 21.946, 21.741, 21.82, 22.492, 22.991, 23.443, 23.824], [22.8, 22.472, 22.109, 21.662, 21.139, 20.677, 20.213, 20.159, 20.278, 20.263, 20.338, 20.33, 20.027, 19.585, 18.837, 17.621, 17.207, 17.173, 17.286, 17.29, 17.341, 17.426, 17.614, 17.233, 16.505, 16.475, 16.132, 15.794, 15.79, 15.35, 14.389, 13.154, 12.51, 12.308, 11.789, 11.314, 10.856, 9.665, 8.5, 6.101, 3.264, 0.0, 2.995, 5.545, 7.34, 9.408, 11.471, 12.341, 12.771, 13.799, 14.422, 14.405, 15.12, 15.662, 16.037, 16.134, 16.386, 17.168, 17.801, 17.931, 17.917, 18.19, 18.388, 18.542, 19.137, 19.767, 19.92, 19.863, 19.966, 20.152, 20.263, 20.65, 21.397, 22.062, 22.573, 22.419, 22.053, 21.737, 21.754, 21.745, 21.546, 21.625, 22.3, 22.801, 23.259, 23.644], [22.567, 22.242, 21.875, 21.426, 20.915, 20.456, 19.99, 19.957, 20.106, 20.125, 20.229, 20.243, 19.934, 19.474, 18.733, 17.587, 17.22, 17.164, 17.239, 17.27, 17.366, 17.447, 17.734, 17.508, 16.869, 16.858, 16.5, 16.141, 16.13, 15.693, 14.781, 13.586, 12.956, 12.751, 12.183, 11.683, 11.232, 10.154, 9.208, 7.416, 5.477, 2.995, 0.0, 3.197, 5.667, 8.248, 10.539, 11.487, 11.947, 13.026, 13.74, 13.809, 14.597, 15.173, 15.587, 15.695, 15.972, 16.808, 17.442, 17.562, 17.544, 17.774, 17.963, 18.142, 18.765, 19.408, 19.559, 19.501, 19.609, 19.795, 19.904, 20.305, 21.082, 21.772, 22.317, 22.165, 21.8, 21.465, 21.448, 21.441, 21.257, 21.386, 22.121, 22.651, 23.118, 23.489], [22.203, 21.891, 21.527, 21.05, 20.519, 20.048, 19.581, 19.583, 19.76, 19.823, 19.968, 20.002, 19.676, 19.189, 18.483, 17.555, 17.389, 17.303, 17.245, 17.279, 17.476, 17.563, 17.917, 17.829, 17.2, 17.127, 16.736, 16.342, 16.314, 15.871, 15.082, 14.133, 13.679, 13.526, 12.94, 12.397, 11.973, 11.179, 10.53, 8.975, 7.361, 5.545, 3.197, 0.0, 3.256, 6.523, 9.158, 10.289, 10.775, 11.861, 12.695, 12.979, 13.965, 14.617, 15.063, 15.178, 15.437, 16.275, 16.913, 17.035, 17.008, 17.189, 17.354, 17.565, 18.217, 18.867, 19.013, 18.95, 19.071, 19.27, 19.381, 19.812, 20.649, 21.394, 21.993, 21.832, 21.455, 21.121, 21.094, 21.092, 20.919, 21.121, 21.954, 22.52, 22.992, 23.353], [21.879, 21.578, 21.208, 20.69, 20.122, 19.639, 19.172, 19.192, 19.385, 19.47, 19.641, 19.688, 19.347, 18.862, 18.263, 17.67, 17.779, 17.732, 17.554, 17.572, 17.856, 17.943, 18.309, 18.276, 17.598, 17.417, 16.975, 16.513, 16.456, 16.033, 15.388, 14.801, 14.571, 14.447, 13.877, 13.319, 12.938, 12.48, 12.124, 10.504, 8.796, 7.34, 5.667, 3.256, 0.0, 4.099, 7.47, 8.982, 9.542, 10.632, 11.603, 12.133, 13.348, 14.094, 14.573, 14.7, 14.913, 15.733, 16.42, 16.563, 16.51, 16.651, 16.789, 17.002, 17.63, 18.278, 18.45, 18.391, 18.508, 18.712, 18.836, 19.328, 20.258, 21.051, 21.685, 21.523, 21.117, 20.768, 20.75, 20.773, 20.599, 20.844, 21.777, 22.378, 22.84, 23.2], [21.763, 21.455, 21.075, 20.496, 19.817, 19.257, 18.763, 18.788, 18.975, 19.044, 19.228, 19.305, 18.939, 18.356, 17.678, 17.257, 17.628, 17.678, 17.493, 17.539, 17.944, 18.043, 18.407, 18.44, 17.748, 17.449, 16.936, 16.4, 16.296, 15.866, 15.338, 15.189, 15.294, 15.234, 14.705, 14.174, 13.835, 13.676, 13.597, 11.988, 10.378, 9.408, 8.248, 6.523, 4.099, 0.0, 4.192, 6.549, 7.36, 8.481, 9.637, 10.345, 11.806, 12.71, 13.284, 13.482, 13.699, 14.559, 15.343, 15.507, 15.423, 15.55, 15.719, 15.948, 16.57, 17.258, 17.474, 17.425, 17.557, 17.79, 17.939, 18.507, 19.585, 20.484, 21.17, 20.987, 20.553, 20.218, 20.24, 20.304, 20.134, 20.454, 21.553, 22.251, 22.764, 23.143], [21.997, 21.671, 21.294, 20.658, 19.873, 19.254, 18.775, 18.823, 18.998, 19.041, 19.234, 19.361, 19.005, 18.309, 17.47, 17.043, 17.522, 17.624, 17.455, 17.515, 17.98, 18.101, 18.462, 18.584, 17.96, 17.626, 17.101, 16.563, 16.443, 15.999, 15.56, 15.695, 16.035, 16.052, 15.57, 15.066, 14.742, 14.749, 14.852, 13.441, 12.15, 11.471, 10.539, 9.158, 7.47, 4.192, 0.0, 3.235, 4.67, 6.149, 7.547, 8.272, 9.891, 10.987, 11.767, 12.147, 12.513, 13.529, 14.403, 14.583, 14.491, 14.593, 14.818, 15.119, 15.772, 16.485, 16.733, 16.722, 16.899, 17.17, 17.336, 17.896, 19.063, 20.051, 20.766, 20.559, 20.12, 19.837, 19.89, 19.974, 19.867, 20.326, 21.592, 22.411, 23.009, 23.366], [22.241, 21.908, 21.55, 20.926, 20.148, 19.545, 19.1, 19.15, 19.321, 19.355, 19.543, 19.694, 19.373, 18.687, 17.83, 17.356, 17.767, 17.843, 17.673, 17.735, 18.178, 18.312, 18.668, 18.817, 18.256, 17.96, 17.476, 16.975, 16.866, 16.419, 15.963, 16.097, 16.433, 16.454, 16.005, 15.526, 15.209, 15.233, 15.355, 14.055, 12.944, 12.341, 11.487, 10.289, 8.982, 6.549, 3.235, 0.0, 2.296, 4.897, 6.598, 7.181, 8.814, 9.986, 10.882, 11.413, 11.927, 13.054, 13.952, 14.153, 14.097, 14.26, 14.575, 14.947, 15.644, 16.367, 16.626, 16.663, 16.873, 17.153, 17.318, 17.817, 18.951, 19.945, 20.665, 20.472, 20.063, 19.825, 19.9, 19.978, 19.91, 20.422, 21.712, 22.559, 23.178, 23.507], [22.285, 21.944, 21.582, 20.934, 20.122, 19.513, 19.064, 19.115, 19.296, 19.325, 19.507, 19.666, 19.345, 18.653, 17.814, 17.408, 17.843, 17.912, 17.752, 17.829, 18.288, 18.433, 18.82, 18.993, 18.415, 18.105, 17.635, 17.161, 17.066, 16.652, 16.216, 16.325, 16.616, 16.611, 16.163, 15.715, 15.441, 15.486, 15.631, 14.376, 13.322, 12.771, 11.947, 10.775, 9.542, 7.36, 4.67, 2.296, 0.0, 3.381, 5.385, 6.098, 8.0, 9.318, 10.242, 10.768, 11.295, 12.426, 13.314, 13.514, 13.478, 13.682, 14.038, 14.44, 15.186, 15.951, 16.226, 16.281, 16.513, 16.801, 16.968, 17.479, 18.65, 19.705, 20.482, 20.3, 19.886, 19.635, 19.721, 19.814, 19.767, 20.331, 21.661, 22.543, 23.184, 23.519], [22.372, 22.017, 21.634, 20.89, 19.941, 19.257, 18.767, 18.835, 19.031, 19.071, 19.271, 19.438, 19.08, 18.31, 17.424, 17.219, 17.899, 18.019, 17.897, 17.989, 18.524, 18.688, 19.122, 19.331, 18.655, 18.256, 17.769, 17.287, 17.208, 16.887, 16.606, 16.838, 17.184, 17.181, 16.711, 16.277, 16.073, 16.274, 16.57, 15.346, 14.287, 13.799, 13.026, 11.861, 10.632, 8.481, 6.149, 4.897, 3.381, 0.0, 2.603, 4.12, 6.55, 8.307, 9.466, 9.985, 10.509, 11.749, 12.707, 12.884, 12.842, 13.017, 13.329, 13.712, 14.441, 15.221, 15.529, 15.6, 15.869, 16.186, 16.373, 16.949, 18.28, 19.489, 20.354, 20.158, 19.67, 19.344, 19.425, 19.523, 19.488, 20.175, 21.661, 22.654, 23.353, 23.696], [22.417, 22.052, 21.663, 20.853, 19.808, 19.08, 18.585, 18.685, 18.889, 18.939, 19.151, 19.312, 18.923, 18.093, 17.185, 17.081, 17.875, 17.993, 17.868, 17.958, 18.535, 18.721, 19.17, 19.382, 18.647, 18.207, 17.708, 17.211, 17.146, 16.885, 16.716, 17.036, 17.446, 17.481, 17.005, 16.577, 16.412, 16.692, 17.072, 15.895, 14.862, 14.422, 13.74, 12.695, 11.603, 9.637, 7.547, 6.598, 5.385, 2.603, 0.0, 2.609, 5.707, 7.693, 8.945, 9.447, 10.0, 11.335, 12.337, 12.504, 12.466, 12.629, 12.905, 13.238, 13.906, 14.662, 14.977, 15.066, 15.359, 15.695, 15.895, 16.494, 17.928, 19.263, 20.201, 20.008, 19.503, 19.175, 19.262, 19.364, 19.323, 20.049, 21.621, 22.7, 23.466, 23.808], [22.604, 22.237, 21.852, 21.062, 20.036, 19.306, 18.819, 18.9, 19.082, 19.115, 19.332, 19.513, 19.14, 18.29, 17.304, 17.067, 17.747, 17.869, 17.812, 17.91, 18.466, 18.656, 19.08, 19.265, 18.567, 18.174, 17.711, 17.267, 17.217, 16.924, 16.691, 16.95, 17.348, 17.385, 16.918, 16.5, 16.337, 16.583, 16.93, 15.779, 14.799, 14.405, 13.809, 12.979, 12.133, 10.345, 8.272, 7.181, 6.098, 4.12, 2.609, 0.0, 3.898, 6.366, 7.91, 8.641, 9.478, 11.086, 12.197, 12.373, 12.337, 12.533, 12.902, 13.271, 13.959, 14.755, 15.081, 15.182, 15.479, 15.818, 16.02, 16.576, 17.977, 19.297, 20.231, 20.076, 19.648, 19.392, 19.502, 19.602, 19.555, 20.23, 21.754, 22.819, 23.587, 23.926], [22.873, 22.513, 22.145, 21.413, 20.457, 19.738, 19.236, 19.233, 19.373, 19.393, 19.611, 19.824, 19.5, 18.68, 17.652, 17.353, 17.957, 18.126, 18.146, 18.253, 18.787, 18.975, 19.406, 19.613, 19.008, 18.682, 18.294, 17.942, 17.896, 17.56, 17.23, 17.414, 17.778, 17.775, 17.312, 16.909, 16.755, 17.043, 17.44, 16.371, 15.475, 15.12, 14.597, 13.965, 13.348, 11.806, 9.891, 8.814, 8.0, 6.55, 5.707, 3.898, 0.0, 3.785, 6.56, 7.84, 9.102, 11.084, 12.349, 12.54, 12.491, 12.656, 13.077, 13.483, 14.195, 15.051, 15.443, 15.552, 15.836, 16.164, 16.367, 16.872, 18.244, 19.548, 20.464, 20.343, 19.965, 19.744, 19.857, 19.961, 19.902, 20.503, 21.931, 22.931, 23.653, 23.973], [23.03, 22.672, 22.305, 21.593, 20.672, 19.968, 19.455, 19.424, 19.569, 19.596, 19.817, 20.035, 19.72, 18.901, 17.815, 17.398, 17.95, 18.126, 18.171, 18.306, 18.846, 19.02, 19.46, 19.7, 19.123, 18.82, 18.459, 18.122, 18.064, 17.746, 17.461, 17.663, 18.044, 18.054, 17.59, 17.191, 17.021, 17.304, 17.743, 16.776, 15.976, 15.662, 15.173, 14.617, 14.094, 12.71, 10.987, 9.986, 9.318, 8.307, 7.693, 6.366, 3.785, 0.0, 3.666, 5.633, 7.439, 9.76, 11.098, 11.306, 11.256, 11.452, 11.96, 12.457, 13.255, 14.148, 14.584, 14.702, 14.98, 15.317, 15.521, 16.014, 17.461, 18.823, 19.766, 19.708, 19.382, 19.174, 19.309, 19.435, 19.421, 20.132, 21.635, 22.656, 23.381, 23.699], [23.104, 22.749, 22.377, 21.665, 20.759, 20.087, 19.59, 19.585, 19.752, 19.785, 20.014, 20.218, 19.883, 19.057, 17.968, 17.441, 17.918, 18.072, 18.128, 18.282, 18.824, 18.977, 19.372, 19.618, 19.059, 18.78, 18.417, 18.049, 17.99, 17.729, 17.525, 17.747, 18.152, 18.212, 17.773, 17.392, 17.212, 17.447, 17.867, 16.98, 16.283, 16.037, 15.587, 15.063, 14.573, 13.284, 11.767, 10.882, 10.242, 9.466, 8.945, 7.91, 6.56, 3.666, 0.0, 2.653, 5.08, 7.607, 8.951, 9.179, 9.152, 9.566, 10.31, 10.977, 11.935, 12.865, 13.302, 13.444, 13.718, 14.069, 14.261, 14.713, 16.206, 17.609, 18.596, 18.613, 18.389, 18.273, 18.503, 18.667, 18.731, 19.637, 21.253, 22.309, 23.039, 23.376], [23.078, 22.723, 22.347, 21.636, 20.735, 20.082, 19.595, 19.609, 19.784, 19.838, 20.09, 20.282, 19.927, 19.107, 18.062, 17.523, 17.96, 18.09, 18.147, 18.305, 18.843, 18.979, 19.347, 19.574, 19.003, 18.739, 18.376, 17.991, 17.945, 17.722, 17.532, 17.72, 18.101, 18.176, 17.758, 17.409, 17.256, 17.47, 17.866, 17.013, 16.358, 16.134, 15.695, 15.178, 14.7, 13.482, 12.147, 11.413, 10.768, 9.985, 9.447, 8.641, 7.84, 5.633, 2.653, 0.0, 2.783, 5.619, 7.156, 7.429, 7.42, 8.048, 8.949, 9.668, 10.731, 11.714, 12.167, 12.322, 12.585, 12.937, 13.117, 13.589, 15.184, 16.676, 17.731, 17.8, 17.667, 17.652, 17.995, 18.222, 18.367, 19.392, 21.056, 22.12, 22.848, 23.208], [23.027, 22.674, 22.299, 21.608, 20.733, 20.108, 19.64, 19.671, 19.849, 19.919, 20.188, 20.366, 20.004, 19.21, 18.245, 17.765, 18.185, 18.297, 18.342, 18.509, 19.046, 19.169, 19.521, 19.716, 19.121, 18.863, 18.505, 18.119, 18.092, 17.899, 17.702, 17.865, 18.235, 18.311, 17.922, 17.611, 17.497, 17.718, 18.093, 17.219, 16.568, 16.386, 15.972, 15.437, 14.913, 13.699, 12.513, 11.927, 11.295, 10.509, 10.0, 9.478, 9.102, 7.439, 5.08, 2.783, 0.0, 3.319, 5.357, 5.746, 5.763, 6.711, 7.778, 8.462, 9.581, 10.637, 11.127, 11.279, 11.521, 11.866, 12.041, 12.568, 14.268, 15.87, 17.011, 17.128, 17.069, 17.133, 17.575, 17.856, 18.059, 19.179, 20.886, 21.957, 22.69, 23.079], [23.244, 22.895, 22.521, 21.854, 21.025, 20.464, 20.042, 20.091, 20.265, 20.319, 20.575, 20.732, 20.369, 19.615, 18.745, 18.299, 18.655, 18.737, 18.767, 18.931, 19.45, 19.559, 19.9, 20.1, 19.54, 19.305, 18.965, 18.581, 18.558, 18.386, 18.197, 18.333, 18.681, 18.769, 18.423, 18.17, 18.102, 18.333, 18.699, 17.878, 17.299, 17.168, 16.808, 16.275, 15.733, 14.559, 13.529, 13.054, 12.426, 11.749, 11.335, 11.086, 11.084, 9.76, 7.607, 5.619, 3.319, 0.0, 2.598, 3.281, 3.489, 5.368, 6.778, 7.421, 8.621, 9.81, 10.357, 10.557, 10.796, 11.144, 11.297, 11.79, 13.455, 15.063, 16.24, 16.408, 16.418, 16.605, 17.164, 17.477, 17.776, 19.051, 20.804, 21.872, 22.591, 22.99], [23.455, 23.11, 22.736, 22.081, 21.288, 20.771, 20.373, 20.417, 20.581, 20.623, 20.864, 21.02, 20.669, 19.935, 19.096, 18.631, 18.932, 18.986, 19.003, 19.163, 19.659, 19.759, 20.104, 20.331, 19.812, 19.598, 19.275, 18.905, 18.881, 18.731, 18.572, 18.696, 19.018, 19.117, 18.798, 18.575, 18.533, 18.761, 19.13, 18.428, 17.94, 17.801, 17.442, 16.913, 16.42, 15.343, 14.403, 13.952, 13.314, 12.707, 12.337, 12.197, 12.349, 11.098, 8.951, 7.156, 5.357, 2.598, 0.0, 1.13, 2.184, 4.827, 6.38, 7.059, 8.386, 9.668, 10.258, 10.523, 10.802, 11.162, 11.274, 11.701, 13.282, 14.76, 15.866, 16.054, 16.083, 16.367, 16.994, 17.295, 17.675, 19.117, 20.919, 21.973, 22.651, 23.016], [23.48, 23.136, 22.755, 22.092, 21.301, 20.785, 20.385, 20.42, 20.58, 20.624, 20.867, 21.032, 20.687, 19.947, 19.089, 18.611, 18.92, 18.981, 19.012, 19.177, 19.668, 19.765, 20.108, 20.342, 19.832, 19.616, 19.294, 18.93, 18.908, 18.768, 18.616, 18.74, 19.064, 19.169, 18.854, 18.633, 18.591, 18.816, 19.188, 18.527, 18.072, 17.931, 17.562, 17.035, 16.563, 15.507, 14.583, 14.153, 13.514, 12.884, 12.504, 12.373, 12.54, 11.306, 9.179, 7.429, 5.746, 3.281, 1.13, 0.0, 1.906, 4.771, 6.33, 7.035, 8.395, 9.694, 10.294, 10.565, 10.851, 11.213, 11.308, 11.727, 13.3, 14.725, 15.8, 15.99, 16.02, 16.317, 16.953, 17.256, 1