[[0.0, 2.763, 4.473, 5.651, 7.06, 8.432, 9.101, 9.483, 10.491, 11.567, 11.958, 12.746, 14.385, 15.586, 15.907, 16.163, 17.131, 17.939, 18.337, 18.613, 18.973, 18.994, 18.958, 18.399, 18.144, 18.466, 18.634, 19.132, 19.262, 19.866, 20.097, 19.788, 19.532, 19.586, 19.8, 19.831, 20.034, 20.327, 20.322, 20.427, 20.481, 20.087, 19.778, 20.269, 21.048, 21.646, 21.885, 21.402, 20.817, 21.862, 23.057, 22.745, 23.076, 23.417, 23.51, 23.267, 22.897, 23.299, 23.962, 23.991, 23.407, 22.738, 22.343, 21.365, 20.602, 20.332, 20.452, 20.319, 19.728, 19.352, 19.449, 19.569, 19.626, 19.977, 20.364, 20.702, 20.554, 20.237, 20.039, 20.13, 20.364, 20.593, 20.422, 20.73, 22.39, 22.748], [2.763, 0.0, 2.586, 4.564, 6.375, 7.883, 8.627, 9.144, 10.324, 11.495, 11.854, 12.557, 14.204, 15.418, 15.74, 15.955, 16.955, 17.836, 18.25, 18.513, 18.884, 18.928, 18.9, 18.306, 17.993, 18.285, 18.46, 18.968, 19.063, 19.65, 19.875, 19.555, 19.293, 19.371, 19.649, 19.765, 20.034, 20.349, 20.349, 20.476, 20.536, 20.123, 19.793, 20.284, 21.082, 21.713, 21.96, 21.465, 20.871, 21.919, 23.117, 22.792, 23.12, 23.463, 23.557, 23.303, 22.921, 23.328, 24.008, 24.051, 23.462, 22.793, 22.415, 21.448, 20.681, 20.421, 20.552, 20.426, 19.835, 19.448, 19.537, 19.658, 19.722, 20.075, 20.45, 20.774, 20.615, 20.285, 20.072, 20.145, 20.374, 20.597, 20.422, 20.734, 22.411, 22.785], [4.473, 2.586, 0.0, 2.866, 5.344, 7.133, 8.058, 8.69, 10.028, 11.39, 11.806, 12.452, 14.042, 15.258, 15.584, 15.781, 16.763, 17.645, 18.056, 18.302, 18.674, 18.721, 18.679, 18.07, 17.74, 18.038, 18.211, 18.715, 18.769, 19.332, 19.551, 19.225, 18.966, 19.042, 19.344, 19.53, 19.879, 20.224, 20.213, 20.312, 20.381, 19.969, 19.619, 20.094, 20.892, 21.552, 21.824, 21.333, 20.731, 21.815, 23.086, 22.789, 23.12, 23.475, 23.565, 23.272, 22.867, 23.279, 23.981, 24.032, 23.445, 22.79, 22.424, 21.433, 20.632, 20.375, 20.514, 20.391, 19.798, 19.41, 19.488, 19.602, 19.682, 20.069, 20.45, 20.755, 20.58, 20.248, 20.052, 20.138, 20.38, 20.595, 20.413, 20.737, 22.449, 22.844], [5.651, 4.564, 2.866, 0.0, 3.392, 5.881, 7.051, 7.86, 9.556, 11.215, 11.734, 12.386, 13.921, 15.106, 15.422, 15.641, 16.643, 17.506, 17.921, 18.184, 18.554, 18.594, 18.535, 17.939, 17.653, 17.978, 18.146, 18.635, 18.691, 19.253, 19.488, 19.181, 18.91, 18.963, 19.234, 19.398, 19.751, 20.121, 20.124, 20.197, 20.245, 19.842, 19.491, 19.957, 20.741, 21.377, 21.626, 21.151, 20.578, 21.65, 22.926, 22.65, 22.991, 23.351, 23.433, 23.119, 22.703, 23.11, 23.813, 23.864, 23.28, 22.64, 22.297, 21.324, 20.506, 20.231, 20.364, 20.247, 19.67, 19.289, 19.357, 19.463, 19.538, 19.933, 20.322, 20.634, 20.466, 20.15, 20.003, 20.142, 20.412, 20.63, 20.449, 20.792, 22.512, 22.912], [7.06, 6.375, 5.344, 3.392, 0.0, 3.257, 5.059, 6.268, 8.506, 10.461, 11.023, 11.678, 13.261, 14.46, 14.761, 15.018, 16.096, 16.98, 17.406, 17.7, 18.099, 18.171, 18.122, 17.549, 17.343, 17.702, 17.895, 18.4, 18.467, 19.072, 19.336, 19.039, 18.747, 18.79, 19.057, 19.201, 19.512, 19.889, 19.993, 20.169, 20.221, 19.814, 19.469, 19.935, 20.7, 21.287, 21.458, 20.958, 20.418, 21.444, 22.641, 22.323, 22.669, 23.033, 23.12, 22.799, 22.368, 22.772, 23.466, 23.52, 22.935, 22.302, 21.969, 20.985, 20.171, 19.915, 20.07, 19.955, 19.366, 18.974, 19.045, 19.166, 19.245, 19.637, 20.046, 20.38, 20.21, 19.901, 19.785, 19.975, 20.304, 20.567, 20.375, 20.745, 22.51, 22.919], [8.432, 7.883, 7.133, 5.881, 3.257, 0.0, 2.772, 4.885, 7.55, 9.635, 10.204, 10.886, 12.596, 13.836, 14.141, 14.424, 15.558, 16.485, 16.927, 17.244, 17.683, 17.787, 17.751, 17.198, 17.05, 17.422, 17.628, 18.142, 18.206, 18.845, 19.122, 18.822, 18.524, 18.57, 18.845, 18.977, 19.268, 19.637, 19.833, 20.168, 20.278, 19.873, 19.535, 19.998, 20.734, 21.286, 21.407, 20.883, 20.352, 21.332, 22.454, 22.081, 22.407, 22.766, 22.862, 22.548, 22.115, 22.521, 23.212, 23.28, 22.695, 22.068, 21.756, 20.776, 20.002, 19.799, 19.983, 19.862, 19.254, 18.841, 18.922, 19.077, 19.171, 19.561, 19.974, 20.303, 20.121, 19.819, 19.715, 19.928, 20.283, 20.565, 20.358, 20.743, 22.545, 22.959], [9.101, 8.627, 8.058, 7.051, 5.059, 2.772, 0.0, 3.181, 6.473, 8.647, 9.25, 10.051, 11.95, 13.284, 13.623, 13.906, 15.074, 16.098, 16.604, 16.962, 17.426, 17.524, 17.491, 16.909, 16.746, 17.143, 17.361, 17.896, 17.959, 18.6, 18.875, 18.574, 18.27, 18.32, 18.609, 18.705, 18.942, 19.299, 19.52, 19.937, 20.094, 19.687, 19.347, 19.814, 20.562, 21.122, 21.251, 20.723, 20.169, 21.131, 22.248, 21.848, 22.156, 22.508, 22.61, 22.318, 21.9, 22.31, 23.001, 23.079, 22.497, 21.871, 21.575, 20.634, 19.907, 19.713, 19.903, 19.789, 19.184, 18.772, 18.868, 19.052, 19.154, 19.549, 19.967, 20.279, 20.086, 19.779, 19.664, 19.875, 20.23, 20.513, 20.287, 20.655, 22.461, 22.874], [9.483, 9.144, 8.69, 7.86, 6.268, 4.885, 3.181, 0.0, 4.184, 6.911, 7.633, 8.701, 10.944, 12.427, 12.793, 13.114, 14.382, 15.486, 16.039, 16.428, 16.914, 17.006, 16.982, 16.384, 16.239, 16.721, 16.984, 17.564, 17.666, 18.352, 18.647, 18.358, 18.049, 18.086, 18.391, 18.465, 18.651, 19.003, 19.233, 19.642, 19.819, 19.47, 19.157, 19.636, 20.398, 20.954, 21.09, 20.582, 20.016, 20.934, 22.046, 21.645, 21.956, 22.316, 22.419, 22.125, 21.71, 22.118, 22.802, 22.866, 22.279, 21.655, 21.339, 20.392, 19.692, 19.497, 19.686, 19.579, 18.985, 18.584, 18.685, 18.881, 18.995, 19.397, 19.829, 20.153, 19.954, 19.631, 19.496, 19.701, 20.054, 20.338, 20.107, 20.483, 22.316, 22.722], [10.491, 10.324, 10.028, 9.556, 8.506, 7.55, 6.473, 4.184, 0.0, 3.555, 4.708, 6.174, 8.927, 10.611, 11.021, 11.377, 12.841, 14.086, 14.695, 15.151, 15.665, 15.759, 15.777, 15.249, 15.23, 15.816, 16.095, 16.707, 16.904, 17.678, 18.03, 17.789, 17.477, 17.45, 17.654, 17.632, 17.802, 18.182, 18.448, 18.908, 19.16, 18.962, 18.776, 19.277, 20.02, 20.537, 20.662, 20.207, 19.629, 20.362, 21.365, 20.97, 21.258, 21.619, 21.719, 21.438, 21.043, 21.423, 22.082, 22.139, 21.547, 20.896, 20.542, 19.684, 19.105, 18.913, 19.088, 19.005, 18.462, 18.079, 18.167, 18.368, 18.494, 18.891, 19.324, 19.64, 19.464, 19.169, 19.025, 19.212, 19.552, 19.82, 19.583, 20.045, 21.922, 22.294], [11.567, 11.495, 11.39, 11.215, 10.461, 9.635, 8.647, 6.911, 3.555, 0.0, 1.963, 4.224, 7.449, 9.205, 9.619, 9.986, 11.512, 12.907, 13.587, 14.109, 14.653, 14.738, 14.785, 14.29, 14.341, 14.965, 15.292, 15.978, 16.248, 17.035, 17.425, 17.234, 16.942, 16.895, 17.042, 16.962, 17.133, 17.501, 17.764, 18.304, 18.629, 18.515, 18.442, 18.975, 19.688, 20.178, 20.312, 19.884, 19.277, 19.877, 20.793, 20.411, 20.674, 21.019, 21.144, 20.936, 20.596, 20.955, 21.587, 21.647, 21.044, 20.351, 19.983, 19.227, 18.733, 18.529, 18.688, 18.625, 18.142, 17.799, 17.897, 18.121, 18.255, 18.617, 19.043, 19.344, 19.186, 18.931, 18.793, 18.951, 19.248, 19.488, 19.242, 19.744, 21.62, 21.961], [11.958, 11.854, 11.806, 11.734, 11.023, 10.204, 9.25, 7.633, 4.708, 1.963, 0.0, 3.264, 6.929, 8.771, 9.199, 9.627, 11.205, 12.615, 13.311, 13.863, 14.436, 14.537, 14.586, 14.082, 14.133, 14.719, 15.101, 15.855, 16.106, 16.901, 17.305, 17.108, 16.818, 16.805, 17.006, 16.98, 17.19, 17.553, 17.817, 18.379, 18.687, 18.554, 18.486, 19.043, 19.782, 20.293, 20.446, 20.01, 19.398, 20.002, 20.914, 20.534, 20.792, 21.134, 21.27, 21.083, 20.763, 21.128, 21.756, 21.821, 21.192, 20.479, 20.125, 19.38, 18.875, 18.665, 18.825, 18.762, 18.285, 17.951, 18.061, 18.294, 18.428, 18.772, 19.196, 19.491, 19.319, 19.057, 18.906, 19.042, 19.319, 19.554, 19.305, 19.79, 21.656, 22.009], [12.746, 12.557, 12.452, 12.386, 11.678, 10.886, 10.051, 8.701, 6.174, 4.224, 3.264, 0.0, 4.149, 6.364, 6.92, 7.497, 9.586, 11.346, 12.103, 12.696, 13.295, 13.442, 13.469, 13.034, 13.316, 13.902, 14.341, 15.169, 15.419, 16.165, 16.555, 16.384, 16.108, 16.098, 16.292, 16.282, 16.528, 16.909, 17.209, 17.821, 18.206, 18.18, 18.183, 18.695, 19.377, 19.933, 20.171, 19.78, 19.19, 19.75, 20.632, 20.271, 20.503, 20.827, 20.942, 20.732, 20.428, 20.755, 21.332, 21.428, 20.793, 20.102, 19.823, 19.184, 18.765, 18.608, 18.806, 18.77, 18.362, 18.104, 18.274, 18.546, 18.681, 19.013, 19.428, 19.67, 19.501, 19.288, 19.206, 19.395, 19.69, 19.925, 19.677, 20.17, 21.983, 22.34], [14.385, 14.204, 14.042, 13.921, 13.261, 12.596, 11.95, 10.944, 8.927, 7.449, 6.929, 4.149, 0.0, 2.783, 3.63, 4.544, 7.45, 9.616, 10.448, 11.1, 11.71, 11.936, 11.961, 11.755, 12.493, 13.099, 13.577, 14.453, 14.781, 15.442, 15.8, 15.725, 15.505, 15.471, 15.596, 15.565, 15.774, 16.097, 16.384, 17.026, 17.577, 17.776, 17.913, 18.334, 18.854, 19.409, 19.769, 19.5, 18.984, 19.356, 20.085, 19.798, 19.979, 20.261, 20.354, 20.144, 19.894, 20.142, 20.612, 20.739, 20.129, 19.493, 19.312, 18.884, 18.619, 18.503, 18.713, 18.713, 18.439, 18.307, 18.555, 18.88, 19.017, 19.295, 19.664, 19.814, 19.678, 19.583, 19.63, 19.907, 20.235, 20.476, 20.25, 20.772, 22.466, 22.8], [15.586, 15.418, 15.258, 15.106, 14.46, 13.836, 13.284, 12.427, 10.611, 9.205, 8.771, 6.364, 2.783, 0.0, 1.27, 2.919, 6.512, 8.872, 9.65, 10.307, 10.945, 11.237, 11.282, 11.212, 12.168, 12.765, 13.259, 14.149, 14.571, 15.246, 15.622, 15.631, 15.456, 15.418, 15.533, 15.535, 15.741, 15.992, 16.24, 16.898, 17.569, 17.912, 18.118, 18.505, 18.941, 19.45, 19.831, 19.657, 19.229, 19.437, 19.971, 19.696, 19.858, 20.116, 20.211, 20.027, 19.813, 20.025, 20.447, 20.586, 20.004, 19.399, 19.243, 18.921, 18.738, 18.611, 18.8, 18.824, 18.624, 18.543, 18.813, 19.166, 19.304, 19.517, 19.817, 19.916, 19.803, 19.769, 19.87, 20.186, 20.547, 20.804, 20.586, 21.148, 22.793, 23.107], [15.907, 15.74, 15.584, 15.422, 14.761, 14.141, 13.623, 12.793, 11.021, 9.619, 9.199, 6.92, 3.63, 1.27, 0.0, 2.55, 6.335, 8.682, 9.417, 10.069, 10.717, 11.032, 11.09, 11.043, 12.069, 12.673, 13.169, 14.068, 14.516, 15.201, 15.593, 15.627, 15.459, 15.415, 15.526, 15.54, 15.748, 15.977, 16.208, 16.864, 17.567, 17.962, 18.19, 18.567, 18.978, 19.458, 19.824, 19.677, 19.29, 19.441, 19.903, 19.635, 19.797, 20.051, 20.147, 19.975, 19.77, 19.969, 20.379, 20.521, 19.955, 19.361, 19.2, 18.905, 18.746, 18.603, 18.781, 18.817, 18.639, 18.57, 18.843, 19.203, 19.346, 19.542, 19.818, 19.909, 19.807, 19.788, 19.9, 20.223, 20.595, 20.865, 20.65, 21.234, 22.874, 23.179], [16.163, 15.955, 15.781, 15.641, 15.018, 14.424, 13.906, 13.114, 11.377, 9.986, 9.627, 7.497, 4.544, 2.919, 2.55, 0.0, 4.529, 7.385, 8.279, 9.074, 9.777, 10.121, 10.209, 10.245, 11.467, 12.132, 12.658, 13.63, 14.068, 14.694, 15.085, 15.134, 14.978, 14.916, 14.998, 14.992, 15.189, 15.422, 15.674, 16.37, 17.11, 17.53, 17.789, 18.173, 18.572, 19.053, 19.443, 19.319, 18.924, 19.055, 19.528, 19.257, 19.392, 19.631, 19.717, 19.563, 19.376, 19.553, 19.935, 20.077, 19.53, 18.948, 18.816, 18.601, 18.506, 18.395, 18.579, 18.619, 18.45, 18.387, 18.674, 19.053, 19.202, 19.39, 19.641, 19.715, 19.645, 19.644, 19.763, 20.101, 20.491, 20.758, 20.56, 21.184, 22.814, 23.113], [17.131, 16.955, 16.763, 16.643, 16.096, 15.558, 15.074, 14.382, 12.841, 11.512, 11.205, 9.586, 7.45, 6.512, 6.335, 4.529, 0.0, 3.827, 5.558, 6.719, 7.473, 7.85, 8.06, 8.284, 9.94, 10.757, 11.42, 12.554, 12.887, 13.299, 13.676, 13.804, 13.714, 13.646, 13.768, 13.877, 14.093, 14.26, 14.605, 15.515, 16.4, 16.917, 17.26, 17.66, 18.01, 18.467, 18.896, 18.833, 18.484, 18.695, 19.314, 19.135, 19.201, 19.407, 19.485, 19.371, 19.237, 19.381, 19.699, 19.833, 19.33, 18.766, 18.723, 18.674, 18.637, 18.524, 18.688, 18.731, 18.575, 18.504, 18.773, 19.14, 19.276, 19.388, 19.56, 19.588, 19.538, 19.583, 19.731, 20.085, 20.489, 20.757, 20.594, 21.26, 22.846, 23.152], [17.939, 17.836, 17.645, 17.506, 16.98, 16.485, 16.098, 15.486, 14.086, 12.907, 12.615, 11.346, 9.616, 8.872, 8.682, 7.385, 3.827, 0.0, 2.692, 4.434, 5.33, 5.888, 6.406, 6.907, 8.86, 9.749, 10.506, 11.724, 12.009, 12.368, 12.769, 12.974, 12.959, 12.887, 13.065, 13.358, 13.64, 13.677, 14.049, 15.027, 15.91, 16.53, 16.986, 17.387, 17.672, 18.071, 18.5, 18.524, 18.291, 18.524, 19.2, 19.172, 19.257, 19.468, 19.565, 19.48, 19.372, 19.483, 19.752, 19.865, 19.391, 18.841, 18.843, 18.879, 18.831, 18.656, 18.778, 18.832, 18.691, 18.603, 18.809, 19.127, 19.251, 19.309, 19.452, 19.491, 19.45, 19.543, 19.735, 20.096, 20.51, 20.8, 20.678, 21.38, 22.935, 23.239], [18.337, 18.25, 18.056, 17.921, 17.406, 16.927, 16.604, 16.039, 14.695, 13.587, 13.311, 12.103, 10.448, 9.65, 9.417, 8.279, 5.558, 2.692, 0.0, 2.251, 3.595, 4.575, 5.334, 6.159, 8.419, 9.321, 10.053, 11.298, 11.615, 12.041, 12.475, 12.709, 12.736, 12.678, 12.873, 13.228, 13.553, 13.528, 13.834, 14.742, 15.607, 16.305, 16.827, 17.22, 17.476, 17.862, 18.301, 18.389, 18.231, 18.396, 19.0, 19.038, 19.191, 19.442, 19.561, 19.489, 19.382, 19.463, 19.702, 19.817, 19.367, 18.846, 18.872, 18.932, 18.887, 18.684, 18.782, 18.843, 18.725, 18.643, 18.828, 19.141, 19.274, 19.342, 19.489, 19.527, 19.499, 19.63, 19.856, 20.237, 20.676, 20.972, 20.851, 21.575, 23.118, 23.413], [18.613, 18.513, 18.302, 18.184, 17.7, 17.244, 16.962, 16.428, 15.151, 14.109, 13.863, 12.696, 11.1, 10.307, 10.069, 9.074, 6.719, 4.434, 2.251, 0.0, 1.967, 3.596, 4.539, 5.621, 8.185, 9.141, 9.836, 11.067, 11.368, 11.78, 12.218, 12.475, 12.539, 12.494, 12.694, 13.1, 13.46, 13.419, 13.67, 14.527, 15.432, 16.202, 16.751, 17.135, 17.377, 17.777, 18.244, 18.366, 18.241, 18.393, 18.99, 19.068, 19.264, 19.553, 19.684, 19.616, 19.515, 19.578, 19.788, 19.909, 19.483, 18.99, 19.036, 19.104, 19.055, 18.842, 18.932, 19.0, 18.903, 18.83, 19.015, 19.329, 19.468, 19.543, 19.681, 19.685, 19.649, 19.802, 20.046, 20.442, 20.893, 21.187, 21.055, 21.759, 23.278, 23.573], [18.973, 18.884, 18.674, 18.554, 18.099, 17.683, 17.426, 16.914, 15.665, 14.653, 14.436, 13.295, 11.71, 10.945, 10.717, 9.777, 7.473, 5.33, 3.595, 1.967, 0.0, 2.321, 3.711, 5.093, 7.939, 8.916, 9.672, 10.95, 11.234, 11.615, 12.056, 12.339, 12.424, 12.363, 12.522, 12.933, 13.327, 13.328, 13.599, 14.412, 15.29, 16.101, 16.692, 17.06, 17.271, 17.673, 18.166, 18.322, 18.211, 18.339, 18.944, 19.059, 19.247, 19.538, 19.675, 19.618, 19.532, 19.565, 19.737, 19.861, 19.452, 18.978, 19.054, 19.18, 19.165, 18.944, 19.022, 19.101, 19.029, 18.965, 19.142, 19.447, 19.583, 19.659, 19.796, 19.781, 19.755, 19.933, 20.19, 20.591, 21.042, 21.332, 21.203, 21.9, 23.387, 23.674], [18.994, 18.928, 18.721, 18.594, 18.171, 17.787, 17.524, 17.006, 15.759, 14.738, 14.537, 13.442, 11.936, 11.237, 11.032, 10.121, 7.85, 5.888, 4.575, 3.596, 2.321, 0.0, 2.141, 4.301, 7.635, 8.785, 9.569, 10.986, 11.253, 11.523, 11.944, 12.249, 12.36, 12.296, 12.399, 12.669, 12.967, 13.016, 13.354, 14.212, 15.091, 15.87, 16.464, 16.824, 17.022, 17.432, 17.967, 18.142, 18.006, 18.127, 18.766, 18.876, 19.044, 19.327, 19.466, 19.44, 19.365, 19.383, 19.551, 19.677, 19.291, 18.833, 18.958, 19.128, 19.126, 18.92, 19.002, 19.082, 19.022, 18.971, 19.166, 19.479, 19.603, 19.658, 19.784, 19.773, 19.761, 19.948, 20.213, 20.621, 21.066, 21.338, 21.223, 21.964, 23.461, 23.743], [18.958, 18.9, 18.679, 18.535, 18.122, 17.751, 17.491, 16.982, 15.777, 14.785, 14.586, 13.469, 11.961, 11.282, 11.09, 10.209, 8.06, 6.406, 5.334, 4.539, 3.711, 2.141, 0.0, 3.352, 7.397, 8.681, 9.506, 10.994, 11.225, 11.394, 11.776, 12.086, 12.203, 12.14, 12.238, 12.462, 12.75, 12.826, 13.211, 14.123, 15.029, 15.797, 16.382, 16.733, 16.931, 17.37, 17.929, 18.102, 17.97, 18.152, 18.839, 18.938, 19.106, 19.389, 19.522, 19.496, 19.436, 19.468, 19.634, 19.757, 19.366, 18.932, 19.098, 19.242, 19.2, 19.014, 19.11, 19.18, 19.111, 19.078, 19.303, 19.63, 19.75, 19.813, 19.953, 19.938, 19.917, 20.1, 20.37, 20.779, 21.214, 21.473, 21.353, 22.073, 23.566, 23.861], [18.399, 18.306, 18.07, 17.939, 17.549, 17.198, 16.909, 16.384, 15.249, 14.29, 14.082, 13.034, 11.755, 11.212, 11.043, 10.245, 8.284, 6.907, 6.159, 5.621, 5.093, 4.301, 3.352, 0.0, 4.717, 6.426, 7.495, 9.305, 9.709, 10.085, 10.501, 10.766, 10.891, 10.919, 11.165, 11.558, 12.011, 12.177, 12.636, 13.622, 14.47, 15.134, 15.697, 16.119, 16.418, 16.909, 17.465, 17.61, 17.439, 17.73, 18.537, 18.611, 18.792, 19.094, 19.241, 19.187, 19.101, 19.275, 19.623, 19.744, 19.309, 18.834, 18.889, 18.876, 18.768, 18.551, 18.636, 18.686, 18.562, 18.473, 18.634, 18.93, 19.049, 19.127, 19.33, 19.369, 19.317, 19.46, 19.706, 20.129, 20.597, 20.871, 20.731, 21.452, 23.033, 23.347], [18.144, 17.993, 17.74, 17.653, 17.343, 17.05, 16.746, 16.239, 15.23, 14.341, 14.133, 13.316, 12.493, 12.168, 12.069, 11.467, 9.94, 8.86, 8.419, 8.185, 7.939, 7.635, 7.397, 4.717, 0.0, 2.75, 4.648, 6.902, 7.645, 8.617, 9.165, 9.296, 9.457, 9.681, 10.242, 11.022, 11.796, 12.073, 12.579, 13.655, 14.375, 14.823, 15.323, 15.837, 16.276, 16.814, 17.332, 17.441, 17.208, 17.562, 18.456, 18.483, 18.67, 18.978, 19.146, 19.064, 18.912, 19.256, 19.905, 20.049, 19.554, 19.011, 18.891, 18.716, 18.577, 18.325, 18.379, 18.411, 18.22, 18.038, 18.077, 18.308, 18.424, 18.496, 18.756, 18.867, 18.768, 18.853, 19.042, 19.474, 19.989, 20.281, 20.124, 20.879, 22.586, 22.909], [18.466, 18.285, 18.038, 17.978, 17.702, 17.422, 17.143, 16.721, 15.816, 14.965, 14.719, 13.902, 13.099, 12.765, 12.673, 12.132, 10.757, 9.749, 9.321, 9.141, 8.916, 8.785, 8.681, 6.426, 2.75, 0.0, 3.26, 5.948, 6.65, 7.79, 8.428, 8.516, 8.673, 9.016, 9.797, 10.914, 11.974, 12.332, 12.863, 13.946, 14.637, 15.09, 15.613, 16.116, 16.544, 17.108, 17.627, 17.718, 17.51, 17.911, 18.8, 18.814, 18.998, 19.297, 19.46, 19.362, 19.201, 19.549, 20.229, 20.418, 19.904, 19.336, 19.234, 19.104, 18.977, 18.712, 18.76, 18.799, 18.61, 18.42, 18.425, 18.625, 18.736, 18.812, 19.076, 19.192, 19.088, 19.16, 19.318, 19.711, 20.204, 20.485, 20.319, 21.048, 22.737, 23.069], [18.634, 18.46, 18.211, 18.146, 17.895, 17.628, 17.361, 16.984, 16.095, 15.292, 15.101, 14.341, 13.577, 13.259, 13.169, 12.658, 11.42, 10.506, 10.053, 9.836, 9.672, 9.569, 9.506, 7.495, 4.648, 3.26, 0.0, 3.481, 5.103, 6.688, 7.423, 7.551, 7.725, 8.047, 8.69, 9.836, 11.202, 11.827, 12.398, 13.447, 14.208, 14.753, 15.297, 15.795, 16.23, 16.839, 17.425, 17.532, 17.23, 17.551, 18.455, 18.472, 18.655, 18.974, 19.121, 18.992, 18.794, 19.166, 19.906, 20.104, 19.679, 19.136, 18.949, 18.803, 18.723, 18.459, 18.506, 18.583, 18.442, 18.262, 18.233, 18.395, 18.505, 18.616, 18.905, 19.041, 18.978, 19.1, 19.305, 19.743, 20.278, 20.56, 20.412, 21.225, 22.933, 23.252], [19.132, 18.968, 18.715, 18.635, 18.4, 18.142, 17.896, 17.564, 16.707, 15.978, 15.855, 15.169, 14.453, 14.149, 14.068, 13.63, 12.554, 11.724, 11.298, 11.067, 10.95, 10.986, 10.994, 9.305, 6.902, 5.948, 3.481, 0.0, 3.327, 5.9, 6.786, 6.917, 7.104, 7.403, 7.926, 9.21, 10.984, 11.834, 12.392, 13.416, 14.292, 14.955, 15.497, 15.979, 16.42, 17.041, 17.625, 17.742, 17.415, 17.684, 18.592, 18.631, 18.805, 19.12, 19.263, 19.105, 18.869, 19.25, 20.064, 20.276, 19.883, 19.358, 19.064, 18.907, 18.885, 18.614, 18.637, 18.732, 18.629, 18.454, 18.38, 18.485, 18.598, 18.755, 19.047, 19.16, 19.098, 19.249, 19.467, 19.905, 20.462, 20.76, 20.609, 21.391, 23.055, 23.366], [19.262, 19.063, 18.769, 18.691, 18.467, 18.206, 17.959, 17.666, 16.904, 16.248, 16.106, 15.419, 14.781, 14.571, 14.516, 14.068, 12.887, 12.009, 11.615, 11.368, 11.234, 11.253, 11.225, 9.709, 7.645, 6.65, 5.103, 3.327, 0.0, 3.334, 4.608, 4.807, 5.073, 5.623, 6.725, 8.645, 10.74, 11.618, 12.186, 13.245, 14.198, 14.906, 15.431, 15.88, 16.305, 16.961, 17.531, 17.601, 17.359, 17.871, 18.956, 19.011, 19.159, 19.462, 19.604, 19.456, 19.244, 19.606, 20.378, 20.626, 20.204, 19.675, 19.537, 19.451, 19.378, 19.104, 19.143, 19.231, 19.11, 18.93, 18.865, 18.962, 19.065, 19.217, 19.465, 19.532, 19.444, 19.584, 19.789, 20.17, 20.676, 20.961, 20.811, 21.502, 23.118, 23.471], [19.866, 19.65, 19.332, 19.253, 19.072, 18.845, 18.6, 18.352, 17.678, 17.035, 16.901, 16.165, 15.442, 15.246, 15.201, 14.694, 13.299, 12.368, 12.041, 11.78, 11.615, 11.523, 11.394, 10.085, 8.617, 7.79, 6.688, 5.9, 3.334, 0.0, 1.854, 2.78, 3.492, 4.364, 5.859, 8.115, 10.345, 11.246, 11.825, 12.905, 13.985, 14.801, 15.358, 15.734, 16.068, 16.763, 17.407, 17.484, 17.282, 17.997, 19.288, 19.405, 19.501, 19.786, 19.907, 19.775, 19.622, 19.952, 20.652, 20.932, 20.554, 20.056, 20.085, 20.16, 20.084, 19.83, 19.892, 19.983, 19.893, 19.754, 19.726, 19.825, 19.903, 20.017, 20.213, 20.236, 20.164, 20.342, 20.59, 20.958, 21.409, 21.654, 21.525, 22.163, 23.674, 24.047], [20.097, 19.875, 19.551, 19.488, 19.336, 19.122, 18.875, 18.647, 18.03, 17.425, 17.305, 16.555, 15.8, 15.622, 15.593, 15.085, 13.676, 12.769, 12.475, 12.218, 12.056, 11.944, 11.776, 10.501, 9.165, 8.428, 7.423, 6.786, 4.608, 1.854, 0.0, 1.7, 2.918, 3.984, 5.621, 7.957, 10.194, 11.094, 11.682, 12.777, 13.907, 14.739, 15.287, 15.628, 15.939, 16.672, 17.373, 17.469, 17.266, 18.062, 19.449, 19.593, 19.665, 19.936, 20.045, 19.906, 19.775, 20.113, 20.804, 21.094, 20.735, 20.251, 20.3, 20.393, 20.328, 20.104, 20.184, 20.276, 20.198, 20.077, 20.06, 20.16, 20.229, 20.33, 20.513, 20.516, 20.44, 20.631, 20.908, 21.29, 21.729, 21.957, 21.827, 22.416, 23.879, 24.261], [19.788, 19.555, 19.225, 19.181, 19.039, 18.822, 18.574, 18.358, 17.789, 17.234, 17.108, 16.384, 15.725, 15.631, 15.627, 15.134, 13.804, 12.974, 12.709, 12.475, 12.339, 12.249, 12.086, 10.766, 9.296, 8.516, 7.551, 6.917, 4.807, 2.78, 1.7, 0.0, 1.814, 3.398, 5.371, 7.854, 10.124, 11.039, 11.623, 12.725, 13.837, 14.598, 15.099, 15.46, 15.816, 16.577, 17.277, 17.341, 17.097, 17.947, 19.397, 19.522, 19.598, 19.871, 19.989, 19.84, 19.695, 20.064, 20.794, 21.085, 20.711, 20.225, 20.255, 20.261, 20.158, 19.959, 20.06, 20.146, 20.041, 19.908, 19.886, 19.983, 20.054, 20.175, 20.382, 20.4, 20.311, 20.478, 20.749, 21.14, 21.591, 21.825, 21.698, 22.288, 23.788, 24.184], [19.532, 19.293, 18.966, 18.91, 18.747, 18.524, 18.27, 18.049, 17.477, 16.942, 16.818, 16.108, 15.505, 15.456, 15.459, 14.978, 13.714, 12.959, 12.736, 12.539, 12.424, 12.36, 12.203, 10.891, 9.457, 8.673, 7.725, 7.104, 5.073, 3.492, 2.918, 1.814, 0.0, 2.197, 4.739, 7.505, 9.907, 10.901, 11.538, 12.671, 13.794, 14.558, 15.051, 15.432, 15.819, 16.577, 17.239, 17.273, 17.02, 17.878, 19.325, 19.424, 19.507, 19.784, 19.905, 19.755, 19.594, 19.958, 20.695, 20.989, 20.609, 20.122, 20.161, 20.15, 20.022, 19.81, 19.925, 20.018, 19.893, 19.743, 19.713, 19.802, 19.873, 20.012, 20.233, 20.259, 20.161, 20.303, 20.557, 20.946, 21.392, 21.636, 21.505, 22.086, 23.602, 23.998], [19.586, 19.371, 19.042, 18.963, 18.79, 18.57, 18.32, 18.086, 17.45, 16.895, 16.805, 16.098, 15.471, 15.418, 15.415, 14.916, 13.646, 12.887, 12.678, 12.494, 12.363, 12.296, 12.14, 10.919, 9.681, 9.016, 8.047, 7.403, 5.623, 4.364, 3.984, 3.398, 2.197, 0.0, 3.138, 6.512, 9.304, 10.485, 11.21, 12.363, 13.522, 14.357, 14.895, 15.267, 15.632, 16.364, 17.026, 17.095, 16.832, 17.603, 19.015, 19.126, 19.206, 19.479, 19.596, 19.443, 19.275, 19.61, 20.336, 20.632, 20.273, 19.807, 19.858, 19.905, 19.821, 19.604, 19.716, 19.844, 19.749, 19.603, 19.57, 19.659, 19.737, 19.898, 20.12, 20.123, 20.02, 20.159, 20.42, 20.814, 21.243, 21.48, 21.352, 21.935, 23.429, 23.806], [19.8, 19.649, 19.344, 19.234, 19.057, 18.845, 18.609, 18.391, 17.654, 17.042, 17.006, 16.292, 15.596, 15.533, 15.526, 14.998, 13.768, 13.065, 12.873, 12.694, 12.522, 12.399, 12.238, 11.165, 10.242, 9.797, 8.69, 7.926, 6.725, 5.859, 5.621, 5.371, 4.739, 3.138, 0.0, 4.064, 7.644, 9.292, 10.143, 11.331, 12.609, 13.599, 14.263, 14.63, 14.951, 15.682, 16.399, 16.538, 16.19, 16.738, 18.127, 18.292, 18.352, 18.629, 18.729, 18.567, 18.404, 18.695, 19.413, 19.716, 19.413, 18.996, 19.054, 19.217, 19.253, 19.065, 19.161, 19.326, 19.333, 19.243, 19.235, 19.347, 19.439, 19.629, 19.869, 19.832, 19.752, 19.939, 20.232, 20.651, 21.076, 21.297, 21.174, 21.779, 23.219, 23.555], [19.831, 19.765, 19.53, 19.398, 19.201, 18.977, 18.705, 18.465, 17.632, 16.962, 16.98, 16.282, 15.565, 15.535, 15.54, 14.992, 13.877, 13.358, 13.228, 13.1, 12.933, 12.669, 12.462, 11.558, 11.022, 10.914, 9.836, 9.21, 8.645, 8.115, 7.957, 7.854, 7.505, 6.512, 4.064, 0.0, 4.382, 6.879, 8.101, 9.631, 11.23, 12.346, 13.096, 13.484, 13.813, 14.544, 15.327, 15.556, 15.101, 15.369, 16.733, 16.925, 16.944, 17.213, 17.285, 17.146, 17.024, 17.265, 17.969, 18.281, 18.07, 17.737, 17.825, 18.168, 18.389, 18.276, 18.368, 18.511, 18.59, 18.593, 18.696, 18.877, 18.961, 19.136, 19.386, 19.337, 19.308, 19.56, 19.884, 20.346, 20.81, 21.028, 20.9, 21.551, 22.975, 23.253], [20.034, 20.034, 19.879, 19.751, 19.512, 19.268, 18.942, 18.651, 17.802, 17.133, 17.19, 16.528, 15.774, 15.741, 15.748, 15.189, 14.093, 13.64, 13.553, 13.46, 13.327, 12.967, 12.75, 12.011, 11.796, 11.974, 11.202, 10.984, 10.74, 10.345, 10.194, 10.124, 9.907, 9.304, 7.644, 4.382, 0.0, 3.429, 5.547, 7.938, 9.988, 11.193, 12.015, 12.434, 12.759, 13.4, 14.207, 14.562, 14.122, 14.231, 15.593, 15.816, 15.792, 16.03, 16.101, 16.097, 16.114, 16.304, 16.899, 17.192, 17.07, 16.839, 17.034, 17.566, 17.919, 17.87, 17.959, 18.029, 18.102, 18.187, 18.493, 18.805, 18.86, 18.959, 19.192, 19.112, 19.103, 19.405, 19.768, 20.316, 20.86, 21.087, 20.954, 21.673, 23.128, 23.359], [20.327, 20.349, 20.224, 20.121, 19.889, 19.637, 19.299, 19.003, 18.182, 17.501, 17.553, 16.909, 16.097, 15.992, 15.977, 15.422, 14.26, 13.677, 13.528, 13.419, 13.328, 13.016, 12.826, 12.177, 12.073, 12.332, 11.827, 11.834, 11.618, 11.246, 11.094, 11.039, 10.901, 10.485, 9.292, 6.879, 3.429, 0.0, 3.231, 6.694, 9.119, 10.441, 11.348, 11.781, 12.047, 12.577, 13.343, 13.745, 13.429, 13.6, 14.996, 15.312, 15.305, 15.545, 15.659, 15.781, 15.918, 16.081, 16.57, 16.839, 16.75, 16.58, 16.854, 17.44, 17.792, 17.759, 17.842, 17.873, 17.945, 18.076, 18.502, 18.923, 19.001, 19.062, 19.265, 19.142, 19.119, 19.448, 19.855, 20.446, 21.024, 21.268, 21.16, 21.918, 23.385, 23.597], [20.322, 20.349, 20.213, 20.124, 19.993, 19.833, 19.52, 19.233, 18.448, 17.764, 17.817, 17.209, 16.384, 16.24, 16.208, 15.674, 14.605, 14.049, 13.834, 13.67, 13.599, 13.354, 13.211, 12.636, 12.579, 12.863, 12.398, 12.392, 12.186, 11.825, 11.682, 11.623, 11.538, 11.21, 10.143, 8.101, 5.547, 3.231, 0.0, 4.262, 7.431, 9.063, 10.039, 10.503, 10.766, 11.344, 12.214, 12.608, 12.263, 12.598, 14.222, 14.73, 14.796, 15.091, 15.264, 15.461, 15.671, 15.835, 16.296, 16.562, 16.502, 16.372, 16.667, 17.221, 17.493, 17.412, 17.463, 17.484, 17.591, 17.787, 18.261, 18.743, 18.905, 19.057, 19.265, 19.108, 19.092, 19.442, 19.873, 20.467, 21.038, 21.292, 21.223, 21.98, 23.417, 23.616], [20.427, 20.476, 20.312, 20.197, 20.169, 20.168, 19.937, 19.642, 18.908, 18.304, 18.379, 17.821, 17.026, 16.898, 16.864, 16.37, 15.515, 15.027, 14.742, 14.527, 14.412, 14.212, 14.123, 13.622, 13.655, 13.946, 13.447, 13.416, 13.245, 12.905, 12.777, 12.725, 12.671, 12.363, 11.331, 9.631, 7.938, 6.694, 4.262, 0.0, 4.262, 6.803, 7.967, 8.359, 8.613, 9.394, 10.64, 11.179, 10.804, 11.398, 13.446, 14.256, 14.448, 14.827, 15.057, 15.272, 15.497, 15.644, 16.075, 16.332, 16.318, 16.252, 16.562, 17.061, 17.218, 17.036, 17.044, 17.09, 17.252, 17.519, 18.018, 18.512, 18.768, 19.163, 19.509, 19.348, 19.347, 19.716, 20.176, 20.788, 21.357, 21.608, 21.575, 22.353, 23.771, 23.968], [20.481, 20.536, 20.381, 20.245, 20.221, 20.278, 20.094, 19.819, 19.16, 18.629, 18.687, 18.206, 17.577, 17.569, 17.567, 17.11, 16.4, 15.91, 15.607, 15.432, 15.29, 15.091, 15.029, 14.47, 14.375, 14.637, 14.208, 14.292, 14.198, 13.985, 13.907, 13.837, 13.794, 13.522, 12.609, 11.23, 9.988, 9.119, 7.431, 4.262, 0.0, 3.604, 5.472, 5.86, 6.261, 7.384, 8.997, 9.717, 9.467, 10.373, 12.739, 13.722, 14.036, 14.485, 14.759, 14.975, 15.159, 15.32, 15.786, 16.036, 16.041, 16.013, 16.355, 16.849, 16.946, 16.714, 16.713, 16.795, 16.975, 17.232, 17.704, 18.197, 18.497, 19.082, 19.645, 19.607, 19.601, 19.931, 20.369, 20.969, 21.533, 21.767, 21.75, 22.559, 23.991, 24.195], [20.087, 20.123, 19.969, 19.842, 19.814, 19.873, 19.687, 19.47, 18.962, 18.515, 18.554, 18.18, 17.776, 17.912, 17.962, 17.53, 16.917, 16.53, 16.305, 16.202, 16.101, 15.87, 15.797, 15.134, 14.823, 15.09, 14.753, 14.955, 14.906, 14.801, 14.739, 14.598, 14.558, 14.357, 13.599, 12.346, 11.193, 10.441, 9.063, 6.803, 3.604, 0.0, 2.68, 3.735, 4.841, 6.412, 8.191, 8.831, 8.487, 9.793, 12.414, 13.342, 13.707, 14.195, 14.506, 14.739, 14.877, 15.124, 15.714, 15.956, 15.954, 15.924, 16.233, 16.614, 16.63, 16.421, 16.447, 16.503, 16.632, 16.853, 17.32, 17.83, 18.14, 18.748, 19.394, 19.489, 19.497, 19.752, 20.118, 20.678, 21.239, 21.465, 21.464, 22.309, 23.785, 24.006], [19.778, 19.793, 19.619, 19.491, 19.469, 19.535, 19.347, 19.157, 18.776, 18.442, 18.486, 18.183, 17.913, 18.118, 18.19, 17.789, 17.26, 16.986, 16.827, 16.751, 16.692, 16.464, 16.382, 15.697, 15.323, 15.613, 15.297, 15.497, 15.431, 15.358, 15.287, 15.099, 15.051, 14.895, 14.263, 13.096, 12.015, 11.348, 10.039, 7.967, 5.472, 2.68, 0.0, 2.136, 4.202, 6.039, 7.862, 8.415, 7.996, 9.712, 12.533, 13.401, 13.803, 14.316, 14.66, 14.897, 14.992, 15.284, 15.94, 16.185, 16.194, 16.159, 16.391, 16.595, 16.518, 16.326, 16.368, 16.387, 16.456, 16.66, 17.131, 17.639, 17.962, 18.603, 19.242, 19.352, 19.379, 19.612, 19.953, 20.5, 21.066, 21.306, 21.312, 22.161, 23.662, 23.9], [20.269, 20.284, 20.094, 19.957, 19.935, 19.998, 19.814, 19.636, 19.277, 18.975, 19.043, 18.695, 18.334, 18.505, 18.567, 18.173, 17.66, 17.387, 17.22, 17.135, 17.06, 16.824, 16.733, 16.119, 15.837, 16.116, 15.795, 15.979, 15.88, 15.734, 15.628, 15.46, 15.432, 15.267, 14.63, 13.484, 12.434, 11.781, 10.503, 8.359, 5.86, 3.735, 2.136, 0.0, 2.565, 4.851, 7.05, 7.79, 7.534, 9.428, 12.373, 13.331, 13.725, 14.223, 14.577, 14.844, 14.975, 15.224, 15.829, 16.097, 16.15, 16.154, 16.421, 16.672, 16.623, 16.451, 16.51, 16.548, 16.655, 16.893, 17.375, 17.879, 18.206, 18.902, 19.582, 19.673, 19.718, 20.0, 20.378, 20.927, 21.472, 21.699, 21.711, 22.533, 23.98, 24.215], [21.048, 21.082, 20.892, 20.741, 20.7, 20.734, 20.562, 20.398, 20.02, 19.688, 19.782, 19.377, 18.854, 18.941, 18.978, 18.572, 18.01, 17.672, 17.476, 17.377, 17.271, 17.022, 16.931, 16.418, 16.276, 16.544, 16.23, 16.42, 16.305, 16.068, 15.939, 15.816, 15.819, 15.632, 14.951, 13.813, 12.759, 12.047, 10.766, 8.613, 6.261, 4.841, 4.202, 2.565, 0.0, 2.918, 5.8, 6.897, 6.949, 8.995, 12.034, 13.147, 13.48, 13.919, 14.27, 14.595, 14.81, 14.995, 15.496, 15.785, 15.872, 15.912, 16.263, 16.649, 16.676, 16.53, 16.609, 16.677, 16.851, 17.14, 17.635, 18.144, 18.474, 19.197, 19.925, 20.01, 20.074, 20.429, 20.894, 21.484, 22.01, 22.218, 22.245, 23.038, 24.397, 24.612], [21.646, 21.713, 21.552, 21.377, 21.287, 21.286, 21.122, 20.954, 20.537, 20.178, 20.293, 19.933, 19.409, 19.45, 19.458, 19.053, 18.467, 18.071, 17.862, 17.777, 17.673, 17.432, 17.37, 16.909, 16.814, 17.108, 16.839, 17.041, 16.961, 16.763, 16.672, 16.577, 16.577, 16.364, 15.682, 14.544, 13.4, 12.577, 11.344, 9.394, 7.384, 6.412, 6.039, 4.851, 2.918, 0.0, 3.461, 5.218, 5.888, 8.135, 11.24, 12.482, 12.799, 13.19, 13.574, 14.023, 14.32, 14.469, 14.918, 15.223, 15.363, 15.441, 15.856, 16.365, 16.509, 16.413, 16.486, 16.542, 16.723, 17.019, 17.525, 18.058, 18.393, 19.108, 19.852, 19.939, 20.022, 20.431, 20.982, 21.683, 22.278, 22.494, 22.532, 23.371, 24.726, 24.909], [21.885, 21.96, 21.824, 21.626, 21.458, 21.407, 21.251, 21.09, 20.662, 20.312, 20.446, 20.171, 19.769, 19.831, 19.824, 19.443, 18.896, 18.5, 18.301, 18.244, 18.166, 17.967, 17.929, 17.465, 17.332, 17.627, 17.425, 17.625, 17.531, 17.407, 17.373, 17.277, 17.239, 17.026, 16.399, 15.327, 14.207, 13.343, 12.214, 10.64, 8.997, 8.191, 7.862, 7.05, 5.8, 3.461, 0.0, 2.683, 4.654, 7.181, 10.225, 11.454, 11.813, 12.213, 12.65, 13.191, 13.519, 13.678, 14.149, 14.489, 14.684, 14.842, 15.36, 15.959, 16.201, 16.157, 16.218, 16.241, 16.378, 16.63, 17.108, 17.67, 18.018, 18.712, 19.456, 19.567, 19.665, 20.087, 20.658, 21.443, 22.17, 22.449, 22.47, 23.379, 24.813, 24.988], [21.402, 21.465, 21.333, 21.151, 20.958, 20.883, 20.723, 20.582, 20.207, 19.884, 20.01, 19.78, 19.5, 19.657, 19.677, 19.319, 18.833, 18.524, 18.389, 18.366, 18.322, 18.142, 18.102, 17.61, 17.441, 17.718, 17.532, 17.742, 17.601, 17.484, 17.469, 17.341, 17.273, 17.095, 16.538, 15.556, 14.562, 13.745, 12.608, 11.179, 9.717, 8.831, 8.415, 7.79, 6.897, 5.218, 2.683, 0.0, 3.141, 6.824, 10.108, 11.211, 11.597, 12.04, 12.519, 13.072, 13.371, 13.57, 14.079, 14.423, 14.596, 14.765, 15.319, 15.838, 15.985, 15.924, 15.996, 15.994, 16.074, 16.294, 16.77, 17.348, 17.705, 18.393, 19.13, 19.259, 19.352, 19.743, 20.292, 21.067, 21.822, 22.159, 22.182, 23.054, 24.52, 24.717], [20.817, 20.871, 20.731, 20.578, 20.418, 20.352, 20.169, 20.016, 19.629, 19.277, 19.398, 19.19, 18.984, 19.229, 19.29, 18.924, 18.484, 18.291, 18.231, 18.241, 18.211, 18.006, 17.97, 17.439, 17.208, 17.51, 17.23, 17.415, 17.359, 17.282, 17.266, 17.097, 17.02, 16.832, 16.19, 15.101, 14.122, 13.429, 12.263, 10.804, 9.467, 8.487, 7.996, 7.534, 6.949, 5.888, 4.654, 3.141, 0.0, 5.12, 9.133, 10.263, 10.642, 11.158, 11.67, 12.24, 12.554, 12.806, 13.406, 13.739, 13.915, 14.07, 14.579, 15.039, 15.102, 15.015, 15.1, 15.111, 15.219, 15.477, 16.005, 16.616, 16.989, 17.685, 18.428, 18.569, 18.679, 19.08, 19.654, 20.454, 21.218, 21.564, 21.632, 22.606, 24.155, 24.355], [21.862, 21.919, 21.815, 21.65, 21.444, 21.332, 21.131, 20.934, 20.362, 19.877, 20.002, 19.75, 19.356, 19.437, 19.441, 19.055, 18.695, 18.524, 18.396, 18.393, 18.339, 18.127, 18.152, 17.73, 17.562, 17.911, 17.551, 17.684, 17.871, 17.997, 18.062, 17.947, 17.878, 17.603, 16.738, 15.369, 14.231, 13.6, 12.598, 11.398, 10.373, 9.793, 9.712, 9.428, 8.995, 8.135, 7.181, 6.824, 5.12, 0.0, 4.625, 6.284, 6.741, 7.434, 8.088, 8.899, 9.424, 9.614, 10.273, 10.681, 11.08, 11.472, 12.147, 13.091, 13.524, 13.538, 13.631, 13.739, 14.08, 14.485, 15.087, 15.794, 16.208, 16.87, 17.62, 17.766, 17.969, 18.513, 19.2, 20.109, 21.003, 21.371, 21.497, 22.876, 24.593, 24.73], [23.057, 23.117, 23.086, 22.926, 22.641, 22.454, 22.248, 22.046, 21.365, 20.793, 20.914, 20.632, 20.085, 19.971, 19.903, 19.528, 19.314, 19.2, 19.0, 18.99, 18.944, 18.766, 18.839, 18.537, 18.456, 18.8, 18.455, 18.592, 18.956, 19.288, 19.449, 19.397, 19.325, 19.015, 18.127, 16.733, 15.593, 14.996, 14.222, 13.446, 12.739, 12.414, 12.533, 12.373, 12.034, 11.24, 10.225, 10.108, 9.133, 4.625, 0.0, 2.649, 3.666, 4.645, 5.56, 6.801, 7.532, 7.628, 8.326, 8.826, 9.451, 10.103, 10.911, 12.254, 13.077, 13.248, 13.371, 13.559, 14.043, 14.521, 15.123, 15.874, 16.302, 16.877, 17.594, 17.761, 18.022, 18.637, 19.369, 20.324, 21.307, 21.705, 21.832, 23.427, 25.184, 25.267], [22.745, 22.792, 22.789, 22.65, 22.323, 22.081, 21.848, 21.645, 20.97, 20.411, 20.534, 20.271, 19.798, 19.696, 19.635, 19.257, 19.135, 19.172, 19.038, 19.068, 19.059, 18.876, 18.938, 18.611, 18.483, 18.814, 18.472, 18.631, 19.011, 19.405, 19.593, 19.522, 19.424, 19.126, 18.292, 16.925, 15.816, 15.312, 14.73, 14.256, 13.722, 13.342, 13.401, 13.331, 13.147, 12.482, 11.454, 11.211, 10.263, 6.284, 2.649, 0.0, 1.967, 3.272, 4.287, 5.64, 6.329, 6.586, 7.585, 8.165, 8.79, 9.473, 10.237, 11.542, 12.524, 12.882, 13.103, 13.308, 13.764, 14.212, 14.81, 15.579, 15.994, 16.528, 17.249, 17.475, 17.731, 18.298, 18.99, 19.948, 20.972, 21.39, 21.499, 23.146, 24.961, 25.047], [23.076, 23.12, 23.12, 22.991, 22.669, 22.407, 22.156, 21.956, 21.258, 20.674, 20.792, 20.503, 19.979, 19.858, 19.797, 19.392, 19.201, 19.257, 19.191, 19.264, 19.247, 19.044, 19.106, 18.792, 18.67, 18.998, 18.655, 18.805, 19.159, 19.501, 19.665, 19.598, 19.507, 19.206, 18.352, 16.944, 15.792, 15.305, 14.796, 14.448, 14.036, 13.707, 13.803, 13.725, 13.48, 12.799, 11.813, 11.597, 10.642, 6.741, 3.666, 1.967, 0.0, 1.554, 2.765, 4.487, 5.447, 5.753, 6.832, 7.48, 8.144, 8.871, 9.7, 11.221, 12.382, 12.827, 13.084, 13.297, 13.797, 14.276, 14.894, 15.663, 16.057, 16.544, 17.233, 17.426, 17.693, 18.293, 19.001, 19.967, 20.998, 21.413, 21.529, 23.207, 25.019, 25.096], [23.417, 23.463, 23.475, 23.351, 23.033, 22.766, 22.508, 22.316, 21.619, 21.019, 21.134, 20.827, 20.261, 20.116, 20.051, 19.631, 19.407, 19.468, 19.442, 19.553, 19.538, 19.327, 19.389, 19.094, 18.978, 19.297, 18.974, 19.12, 19.462, 19.786, 19.936, 19.871, 19.784, 19.479, 18.629, 17.213, 16.03, 15.545, 15.091, 14.827, 14.485, 14.195, 14.316, 14.223, 13.919, 13.19, 12.213, 12.04, 11.158, 7.434, 4.645, 3.272, 1.554, 0.0, 1.751, 4.013, 5.196, 5.53, 6.623, 7.296, 7.966, 8.701, 9.552, 11.21, 12.505, 13.026, 13.31, 13.522, 14.036, 14.527, 15.166, 15.939, 16.31, 16.75, 17.405, 17.567, 17.836, 18.457, 19.184, 20.157, 21.18, 21.589, 21.706, 23.368, 25.138, 25.201], [23.51, 23.557, 23.565, 23.433, 23.12, 22.862, 22.61, 22.419, 21.719, 21.144, 21.27, 20.942, 20.354, 20.211, 20.147, 19.717, 19.485, 19.565, 19.561, 19.684, 19.675, 19.466, 19.522, 19.241, 19.146, 19.46, 19.121, 19.263, 19.604, 19.907, 20.045, 19.989, 19.905, 19.596, 18.729, 17.285, 16.101, 15.659, 15.264, 15.057, 14.759, 14.506, 14.66, 14.577, 14.27, 13.574, 12.65, 12.519, 11.67, 8.088, 5.56, 4.287, 2.765, 1.751, 0.0, 2.643, 4.124, 4.518, 5.736, 6.467, 7.168, 7.963, 8.906, 10.79, 12.26, 12.872, 13.198, 13.434, 13.994, 14.514, 15.175, 15.955, 16.312, 16.746, 17.397, 17.554, 17.831, 18.461, 19.197, 20.186, 21.231, 21.641, 21.747, 23.399, 25.152, 25.21], [23.267, 23.303, 23.272, 23.119, 22.799, 22.548, 22.318, 22.125, 21.438, 20.936, 21.083, 20.732, 20.144, 20.027, 19.975, 19.563, 19.371, 19.48, 19.489, 19.616, 19.618, 19.44, 19.496, 19.187, 19.064, 19.362, 18.992, 19.105, 19.456, 19.775, 19.906, 19.84, 19.755, 19.443, 18.567, 17.146, 16.097, 15.781, 15.461, 15.272, 14.975, 14.739, 14.897, 14.844, 14.595, 14.023, 13.191, 13.072, 12.24, 8.899, 6.801, 5.64, 4.487, 4.013, 2.643, 0.0, 1.936, 2.842, 4.61, 5.421, 6.033, 6.935, 7.956, 9.896, 11.482, 12.216, 12.615, 12.9, 13.513, 14.06, 14.705, 15.471, 15.827, 16.311, 17.01, 17.198, 17.467, 18.076, 18.815, 19.823, 20.909, 21.333, 21.423, 23.112, 24.921, 25.001], [22.897, 22.921, 22.867, 22.703, 22.368, 22.115, 21.9, 21.71, 21.043, 20.596, 20.763, 20.428, 19.894, 19.813, 19.77, 19.376, 19.237, 19.372, 19.382, 19.515, 19.532, 19.365, 19.436, 19.101, 18.912, 19.201, 18.794, 18.869, 19.244, 19.622, 19.775, 19.695, 19.594, 19.275, 18.404, 17.024, 16.114, 15.918, 15.671, 15.497, 15.159, 14.877, 14.992, 14.975, 14.81, 14.32, 13.519, 13.371, 12.554, 9.424, 7.532, 6.329, 5.447, 5.196, 4.124, 1.936, 0.0, 1.979, 4.49, 5.331, 5.91, 6.843, 7.764, 9.567, 11.2, 12.001, 12.433, 12.737, 13.33, 13.838, 14.408, 15.114, 15.473, 15.998, 16.732, 16.977, 17.247, 17.817, 18.521, 19.503, 20.594, 21.023, 21.114, 22.846, 24.7, 24.793], [23.299, 23.328, 23.279, 23.11, 22.772, 22.521, 22.31, 22.118, 21.423, 20.955, 21.128, 20.755, 20.142, 20.025, 19.969, 19.553, 19.381, 19.483, 19.463, 19.578, 19.565, 19.383, 19.468, 19.275, 19.256, 19.549, 19.166, 19.25, 19.606, 19.952, 20.113, 20.064, 19.958, 19.61, 18.695, 17.265, 16.304, 16.081, 15.835, 15.644, 15.32, 15.124, 15.284, 15.224, 14.995, 14.469, 13.678, 13.57, 12.806, 9.614, 7.628, 6.586, 5.753, 5.53, 4.518, 2.842, 1.979, 0.0, 2.931, 4.056, 4.931, 6.207, 7.536, 9.792, 11.538, 12.277, 12.664, 12.992, 13.661, 14.198, 14.796, 15.532, 15.892, 16.396, 17.084, 17.285, 17.577, 18.171, 18.87, 19.824, 20.892, 21.316, 21.404, 23.113, 24.914, 24.992], [23.962, 24.008, 23.981, 23.813, 23.466, 23.212, 23.001, 22.802, 22.082, 21.587, 21.756, 21.332, 20.612, 20.447, 20.379, 19.935, 19.699, 19.752, 19.702, 19.788, 19.737, 19.551, 19.634, 19.623, 19.905, 20.229, 19.906, 20.064, 20.378, 20.652, 20.804, 20.794, 20.695, 20.336, 19.413, 17.969, 16.899, 16.57, 16.296, 16.075, 15.786, 15.714, 15.94, 15.829, 15.496, 14.918, 14.149, 14.079, 13.406, 10.273, 8.326, 7.585, 6.832, 6.623, 5.736, 4.61, 4.49, 2.931, 0.0, 1.781, 3.388, 5.307, 7.45, 10.223, 11.976, 12.633, 12.998, 13.365, 14.134, 14.728, 15.43, 16.248, 16.6, 17.071, 17.697, 17.814, 18.129, 18.764, 19.494, 20.464, 21.514, 21.928, 22.003, 23.642, 25.364, 25.43], [23.991, 24.051, 24.032, 23.864, 23.52, 23.28, 23.079, 22.866, 22.139, 21.647, 21.821, 21.428, 20.739, 20.586, 20.521, 20.077, 19.833, 19.865, 19.817, 19.909, 19.861, 19.677, 19.757, 19.744, 20.049, 20.418, 20.104, 20.276, 20.626, 20.932, 21.094, 21.085, 20.989, 20.632, 19.716, 18.281, 17.192, 16.839, 16.562, 16.332, 16.036, 15.956, 16.185, 16.097, 15.785, 15.223, 14.489, 14.423, 13.739, 10.681, 8.826, 8.165, 7.48, 7.296, 6.467, 5.421, 5.331, 4.056, 1.781, 0.0, 2.43, 4.767, 7.122, 9.969, 11.706, 12.349, 12.716, 13.109, 13.928, 14.545, 15.292, 16.151, 16.507, 16.974, 17.6, 17.709, 18.038, 18.681, 19.427, 20.435, 21.506, 21.924, 22.009, 23.665, 25.398, 25.464], [23.407, 23.462, 23.445, 23.28, 22.9