[[0.0, 1.619, 2.59, 3.913, 5.315, 7.152, 8.51, 8.838, 9.2, 10.239, 11.077, 12.441, 14.058, 14.479, 14.615, 14.968, 16.292, 18.303, 19.735, 20.777, 21.286, 21.626, 22.223, 23.103, 23.762, 23.934, 24.063, 24.803, 25.181, 25.462, 26.488, 27.626, 28.141, 28.2, 28.256, 28.608, 28.819, 28.769, 28.633, 28.712, 28.829, 28.839, 28.895, 28.787, 28.282, 27.099, 26.109, 26.086, 26.275, 26.177, 25.809, 25.39, 25.263, 24.875, 24.529, 24.691, 24.579, 24.765, 25.442, 25.843, 26.28, 26.446, 26.526, 26.574, 26.57, 26.34, 26.226, 26.252, 26.102, 25.95, 26.126, 26.31, 26.694, 27.393, 27.913, 28.585, 28.912, 28.585, 28.519, 29.596, 30.648, 30.841, 30.427, 30.099, 29.887, 29.709], [1.619, 0.0, 1.739, 3.389, 4.903, 6.877, 8.348, 8.712, 9.034, 10.01, 10.868, 12.246, 13.911, 14.364, 14.494, 14.84, 16.16, 18.167, 19.63, 20.732, 21.243, 21.561, 22.143, 23.005, 23.65, 23.819, 23.938, 24.668, 25.048, 25.332, 26.352, 27.491, 28.005, 28.062, 28.119, 28.48, 28.697, 28.647, 28.503, 28.569, 28.678, 28.688, 28.741, 28.637, 28.157, 27.005, 26.018, 25.993, 26.185, 26.089, 25.728, 25.327, 25.22, 24.849, 24.504, 24.664, 24.541, 24.702, 25.367, 25.78, 26.243, 26.422, 26.495, 26.53, 26.52, 26.292, 26.19, 26.215, 26.057, 25.911, 26.089, 26.271, 26.652, 27.343, 27.846, 28.49, 28.812, 28.49, 28.43, 29.514, 30.57, 30.753, 30.336, 30.018, 29.81, 29.638], [2.59, 1.739, 0.0, 2.355, 4.371, 6.589, 8.115, 8.369, 8.741, 9.837, 10.733, 12.207, 14.011, 14.505, 14.639, 14.981, 16.355, 18.439, 19.937, 21.005, 21.485, 21.794, 22.383, 23.26, 23.919, 24.077, 24.179, 24.895, 25.287, 25.587, 26.616, 27.766, 28.287, 28.349, 28.412, 28.788, 29.022, 28.98, 28.836, 28.896, 29.002, 29.014, 29.069, 28.975, 28.519, 27.371, 26.351, 26.304, 26.507, 26.417, 26.054, 25.628, 25.475, 25.07, 24.682, 24.817, 24.692, 24.869, 25.555, 26.029, 26.553, 26.75, 26.822, 26.867, 26.857, 26.61, 26.496, 26.53, 26.368, 26.201, 26.377, 26.557, 26.937, 27.626, 28.133, 28.782, 29.103, 28.786, 28.739, 29.847, 30.922, 31.115, 30.72, 30.425, 30.233, 30.063], [3.913, 3.389, 2.355, 0.0, 2.894, 5.696, 7.3, 7.535, 7.925, 9.133, 10.06, 11.456, 13.27, 13.809, 13.962, 14.315, 15.715, 17.864, 19.414, 20.472, 20.932, 21.236, 21.841, 22.753, 23.428, 23.586, 23.69, 24.401, 24.79, 25.093, 26.135, 27.31, 27.848, 27.916, 27.985, 28.359, 28.6, 28.591, 28.472, 28.539, 28.652, 28.66, 28.715, 28.623, 28.18, 27.069, 26.093, 26.061, 26.258, 26.153, 25.779, 25.336, 25.177, 24.81, 24.421, 24.526, 24.381, 24.561, 25.262, 25.714, 26.205, 26.412, 26.488, 26.536, 26.538, 26.289, 26.184, 26.223, 26.056, 25.89, 26.068, 26.252, 26.643, 27.344, 27.856, 28.519, 28.858, 28.548, 28.509, 29.618, 30.698, 30.901, 30.517, 30.223, 30.02, 29.837], [5.315, 4.903, 4.371, 2.894, 0.0, 3.757, 6.013, 6.363, 6.83, 8.226, 9.179, 10.556, 12.324, 12.796, 12.939, 13.315, 14.802, 17.045, 18.68, 19.81, 20.311, 20.625, 21.219, 22.096, 22.76, 22.941, 23.055, 23.763, 24.128, 24.396, 25.417, 26.598, 27.152, 27.221, 27.272, 27.623, 27.849, 27.86, 27.797, 27.9, 28.011, 28.014, 28.068, 27.973, 27.536, 26.454, 25.547, 25.562, 25.756, 25.638, 25.244, 24.799, 24.655, 24.279, 23.867, 23.955, 23.793, 23.96, 24.669, 25.081, 25.547, 25.773, 25.852, 25.897, 25.901, 25.66, 25.574, 25.605, 25.413, 25.248, 25.429, 25.617, 26.017, 26.715, 27.217, 27.898, 28.269, 27.971, 27.947, 29.063, 30.132, 30.319, 29.926, 29.635, 29.439, 29.256], [7.152, 6.877, 6.589, 5.696, 3.757, 0.0, 3.032, 3.771, 4.425, 6.461, 7.592, 9.183, 11.171, 11.677, 11.834, 12.276, 13.88, 16.338, 18.207, 19.475, 20.028, 20.327, 20.902, 21.734, 22.378, 22.589, 22.743, 23.474, 23.837, 24.085, 25.067, 26.22, 26.79, 26.882, 26.935, 27.271, 27.473, 27.471, 27.448, 27.641, 27.767, 27.761, 27.819, 27.716, 27.291, 26.236, 25.35, 25.368, 25.571, 25.448, 25.041, 24.591, 24.441, 24.072, 23.655, 23.727, 23.548, 23.732, 24.455, 24.773, 25.145, 25.371, 25.456, 25.5, 25.495, 25.247, 25.155, 25.192, 24.989, 24.811, 25.002, 25.199, 25.612, 26.354, 26.939, 27.697, 28.108, 27.837, 27.838, 28.938, 29.977, 30.146, 29.75, 29.472, 29.275, 29.064], [8.51, 8.348, 8.115, 7.3, 6.013, 3.032, 0.0, 1.546, 2.832, 5.458, 6.787, 8.506, 10.629, 11.276, 11.492, 11.974, 13.597, 16.174, 18.156, 19.427, 19.976, 20.249, 20.84, 21.709, 22.392, 22.622, 22.8, 23.543, 23.924, 24.204, 25.169, 26.281, 26.853, 26.977, 27.053, 27.402, 27.605, 27.607, 27.595, 27.832, 27.988, 27.982, 28.04, 27.94, 27.548, 26.548, 25.683, 25.67, 25.86, 25.734, 25.335, 24.858, 24.672, 24.364, 23.99, 24.05, 23.845, 24.05, 24.779, 25.033, 25.29, 25.49, 25.584, 25.625, 25.616, 25.362, 25.26, 25.318, 25.129, 24.94, 25.13, 25.327, 25.749, 26.541, 27.205, 28.004, 28.425, 28.187, 28.207, 29.273, 30.288, 30.459, 30.06, 29.785, 29.576, 29.332], [8.838, 8.712, 8.369, 7.535, 6.363, 3.771, 1.546, 0.0, 2.429, 5.43, 6.78, 8.55, 10.777, 11.481, 11.717, 12.204, 13.867, 16.458, 18.407, 19.621, 20.155, 20.432, 21.04, 21.933, 22.651, 22.881, 23.052, 23.792, 24.179, 24.474, 25.451, 26.576, 27.158, 27.293, 27.378, 27.736, 27.945, 27.944, 27.927, 28.158, 28.31, 28.302, 28.36, 28.264, 27.875, 26.853, 25.94, 25.909, 26.106, 25.98, 25.573, 25.07, 24.846, 24.533, 24.17, 24.231, 24.018, 24.232, 24.966, 25.258, 25.559, 25.765, 25.85, 25.892, 25.896, 25.644, 25.537, 25.608, 25.423, 25.217, 25.402, 25.599, 26.02, 26.812, 27.489, 28.297, 28.714, 28.48, 28.508, 29.584, 30.605, 30.785, 30.4, 30.131, 29.93, 29.689], [9.2, 9.034, 8.741, 7.925, 6.83, 4.425, 2.832, 2.429, 0.0, 3.404, 5.087, 7.232, 9.726, 10.497, 10.746, 11.254, 13.04, 15.738, 17.734, 19.018, 19.6, 19.862, 20.437, 21.268, 21.91, 22.12, 22.295, 23.054, 23.45, 23.75, 24.75, 25.906, 26.512, 26.656, 26.735, 27.094, 27.31, 27.31, 27.301, 27.577, 27.741, 27.723, 27.789, 27.694, 27.3, 26.279, 25.375, 25.345, 25.543, 25.428, 25.048, 24.582, 24.374, 24.093, 23.791, 23.87, 23.643, 23.852, 24.587, 24.862, 25.137, 25.332, 25.405, 25.43, 25.448, 25.227, 25.134, 25.206, 25.044, 24.874, 25.069, 25.27, 25.682, 26.464, 27.133, 27.908, 28.305, 28.061, 28.046, 29.07, 30.084, 30.28, 29.898, 29.612, 29.381, 29.133], [10.239, 10.01, 9.837, 9.133, 8.226, 6.461, 5.458, 5.43, 3.404, 0.0, 2.554, 5.415, 8.383, 9.322, 9.589, 10.09, 12.082, 14.894, 16.851, 18.232, 18.875, 19.097, 19.609, 20.346, 20.881, 21.056, 21.221, 21.993, 22.408, 22.716, 23.723, 24.904, 25.541, 25.685, 25.764, 26.142, 26.381, 26.382, 26.379, 26.695, 26.879, 26.856, 26.925, 26.839, 26.465, 25.516, 24.686, 24.664, 24.854, 24.768, 24.444, 24.031, 23.867, 23.679, 23.483, 23.574, 23.336, 23.53, 24.253, 24.524, 24.775, 24.96, 25.026, 25.031, 25.068, 24.891, 24.83, 24.909, 24.781, 24.67, 24.871, 25.067, 25.459, 26.217, 26.83, 27.508, 27.874, 27.641, 27.594, 28.515, 29.469, 29.651, 29.256, 28.961, 28.71, 28.466], [11.077, 10.868, 10.733, 10.06, 9.179, 7.592, 6.787, 6.78, 5.087, 2.554, 0.0, 3.507, 6.953, 7.979, 8.245, 8.769, 10.865, 13.791, 15.785, 17.182, 17.857, 18.1, 18.599, 19.33, 19.898, 20.081, 20.243, 21.055, 21.503, 21.831, 22.863, 24.079, 24.748, 24.897, 24.965, 25.346, 25.595, 25.591, 25.587, 25.916, 26.105, 26.074, 26.143, 26.063, 25.722, 24.851, 24.094, 24.09, 24.281, 24.205, 23.887, 23.482, 23.351, 23.248, 23.132, 23.233, 22.991, 23.172, 23.874, 24.111, 24.347, 24.544, 24.613, 24.618, 24.681, 24.546, 24.517, 24.602, 24.483, 24.401, 24.601, 24.79, 25.166, 25.891, 26.455, 27.093, 27.475, 27.262, 27.196, 28.064, 28.987, 29.143, 28.718, 28.411, 28.161, 27.937], [12.441, 12.246, 12.207, 11.456, 10.556, 9.183, 8.506, 8.55, 7.232, 5.415, 3.507, 0.0, 4.009, 5.409, 5.728, 6.335, 8.658, 11.718, 13.834, 15.31, 16.04, 16.309, 16.781, 17.538, 18.17, 18.374, 18.542, 19.4, 19.918, 20.296, 21.332, 22.585, 23.299, 23.445, 23.493, 23.863, 24.114, 24.119, 24.116, 24.476, 24.684, 24.64, 24.708, 24.617, 24.295, 23.575, 23.025, 23.075, 23.235, 23.14, 22.818, 22.417, 22.33, 22.364, 22.371, 22.499, 22.243, 22.375, 23.02, 23.139, 23.301, 23.523, 23.582, 23.561, 23.673, 23.617, 23.657, 23.755, 23.657, 23.636, 23.823, 24.012, 24.397, 25.114, 25.63, 26.225, 26.625, 26.428, 26.335, 27.132, 28.014, 28.13, 27.649, 27.304, 27.035, 26.827], [14.058, 13.911, 14.011, 13.27, 12.324, 11.171, 10.629, 10.777, 9.726, 8.383, 6.953, 4.009, 0.0, 2.058, 2.77, 3.733, 6.238, 9.347, 11.594, 13.174, 14.033, 14.364, 14.833, 15.646, 16.298, 16.526, 16.73, 17.584, 18.131, 18.603, 19.615, 20.825, 21.558, 21.702, 21.729, 22.071, 22.308, 22.332, 22.344, 22.752, 23.009, 22.946, 23.008, 22.893, 22.543, 21.994, 21.811, 21.984, 22.086, 21.973, 21.678, 21.331, 21.301, 21.453, 21.605, 21.776, 21.512, 21.591, 22.146, 22.01, 21.925, 22.119, 22.186, 22.141, 22.309, 22.376, 22.508, 22.598, 22.527, 22.611, 22.777, 22.961, 23.357, 24.051, 24.522, 25.093, 25.53, 25.37, 25.246, 25.909, 26.711, 26.774, 26.209, 25.796, 25.483, 25.277], [14.479, 14.364, 14.505, 13.809, 12.796, 11.677, 11.276, 11.481, 10.497, 9.322, 7.979, 5.409, 2.058, 0.0, 1.376, 2.793, 5.406, 8.53, 10.823, 12.464, 13.413, 13.826, 14.317, 15.132, 15.789, 16.042, 16.27, 17.131, 17.652, 18.139, 19.169, 20.367, 21.1, 21.24, 21.247, 21.563, 21.782, 21.801, 21.82, 22.238, 22.509, 22.441, 22.501, 22.373, 21.995, 21.469, 21.411, 21.67, 21.762, 21.637, 21.349, 21.047, 21.062, 21.236, 21.429, 21.607, 21.332, 21.389, 21.918, 21.689, 21.496, 21.667, 21.753, 21.711, 21.895, 22.012, 22.169, 22.234, 22.163, 22.282, 22.442, 22.62, 23.008, 23.669, 24.105, 24.668, 25.123, 24.978, 24.842, 25.46, 26.232, 26.279, 25.689, 25.259, 24.94, 24.734], [14.615, 14.494, 14.639, 13.962, 12.939, 11.834, 11.492, 11.717, 10.746, 9.589, 8.245, 5.728, 2.77, 1.376, 0.0, 1.895, 4.975, 8.216, 10.536, 12.211, 13.18, 13.602, 14.078, 14.869, 15.541, 15.801, 16.032, 16.935, 17.468, 17.95, 18.992, 20.205, 20.938, 21.06, 21.043, 21.35, 21.567, 21.582, 21.603, 22.035, 22.309, 22.24, 22.302, 22.171, 21.793, 21.27, 21.207, 21.473, 21.593, 21.492, 21.223, 20.941, 20.976, 21.152, 21.331, 21.495, 21.208, 21.257, 21.783, 21.552, 21.356, 21.529, 21.62, 21.565, 21.751, 21.89, 22.055, 22.12, 22.055, 22.183, 22.344, 22.523, 22.908, 23.564, 23.985, 24.533, 24.987, 24.837, 24.687, 25.295, 26.071, 26.125, 25.527, 25.087, 24.764, 24.56], [14.968, 14.84, 14.981, 14.315, 13.315, 12.276, 11.974, 12.204, 11.254, 10.09, 8.769, 6.335, 3.733, 2.793, 1.895, 0.0, 3.803, 7.466, 9.918, 11.632, 12.594, 13.011, 13.48, 14.297, 15.029, 15.326, 15.585, 16.532, 17.097, 17.582, 18.618, 19.831, 20.567, 20.68, 20.652, 20.964, 21.186, 21.208, 21.236, 21.671, 21.94, 21.868, 21.932, 21.804, 21.443, 20.95, 20.89, 21.143, 21.295, 21.273, 21.079, 20.842, 20.899, 21.101, 21.299, 21.459, 21.179, 21.226, 21.74, 21.468, 21.227, 21.39, 21.496, 21.451, 21.644, 21.802, 21.979, 22.049, 21.992, 22.138, 22.303, 22.478, 22.858, 23.504, 23.91, 24.446, 24.907, 24.765, 24.605, 25.174, 25.917, 25.965, 25.363, 24.908, 24.575, 24.379], [16.292, 16.16, 16.355, 15.715, 14.802, 13.88, 13.597, 13.867, 13.04, 12.082, 10.865, 8.658, 6.238, 5.406, 4.975, 3.803, 0.0, 4.375, 7.577, 9.586, 10.722, 11.311, 11.842, 12.786, 13.725, 14.185, 14.54, 15.486, 16.056, 16.579, 17.615, 18.796, 19.525, 19.636, 19.572, 19.824, 20.028, 20.08, 20.127, 20.573, 20.842, 20.742, 20.798, 20.667, 20.329, 19.94, 20.066, 20.408, 20.549, 20.584, 20.537, 20.466, 20.653, 20.944, 21.214, 21.391, 21.104, 21.096, 21.528, 21.01, 20.536, 20.678, 20.825, 20.77, 20.979, 21.198, 21.407, 21.463, 21.422, 21.637, 21.795, 21.959, 22.322, 22.922, 23.277, 23.79, 24.293, 24.198, 24.046, 24.535, 25.197, 25.193, 24.513, 23.995, 23.624, 23.433], [18.303, 18.167, 18.439, 17.864, 17.045, 16.338, 16.174, 16.458, 15.738, 14.894, 13.791, 11.718, 9.347, 8.53, 8.216, 7.466, 4.375, 0.0, 4.111, 6.857, 8.586, 9.521, 10.085, 11.029, 12.127, 12.767, 13.242, 14.205, 14.744, 15.273, 16.312, 17.502, 18.241, 18.317, 18.194, 18.385, 18.585, 18.662, 18.73, 19.221, 19.51, 19.37, 19.419, 19.263, 18.873, 18.587, 18.974, 19.431, 19.535, 19.58, 19.669, 19.868, 20.323, 20.752, 21.135, 21.341, 21.032, 20.943, 21.271, 20.545, 19.91, 20.057, 20.218, 20.111, 20.35, 20.676, 20.944, 20.989, 20.991, 21.308, 21.441, 21.594, 21.941, 22.479, 22.751, 23.187, 23.7, 23.645, 23.48, 23.84, 24.388, 24.33, 23.569, 22.962, 22.538, 22.354], [19.735, 19.63, 19.937, 19.414, 18.68, 18.207, 18.156, 18.407, 17.734, 16.851, 15.785, 13.834, 11.594, 10.823, 10.536, 9.918, 7.577, 4.111, 0.0, 3.785, 6.501, 7.837, 8.486, 9.537, 10.867, 11.672, 12.275, 13.371, 13.961, 14.516, 15.547, 16.736, 17.466, 17.512, 17.413, 17.648, 17.891, 18.014, 18.107, 18.617, 18.937, 18.792, 18.834, 18.659, 18.173, 17.909, 18.428, 18.923, 19.008, 19.07, 19.225, 19.627, 20.364, 20.936, 21.432, 21.664, 21.358, 21.245, 21.501, 20.655, 19.935, 20.06, 20.199, 20.042, 20.296, 20.692, 20.983, 21.036, 21.091, 21.473, 21.593, 21.728, 22.063, 22.555, 22.771, 23.168, 23.697, 23.668, 23.466, 23.689, 24.129, 24.053, 23.261, 22.593, 22.141, 21.965], [20.777, 20.732, 21.005, 20.472, 19.81, 19.475, 19.427, 19.621, 19.018, 18.232, 17.182, 15.31, 13.174, 12.464, 12.211, 11.632, 9.586, 6.857, 3.785, 0.0, 3.633, 5.774, 6.87, 8.572, 10.489, 11.415, 12.101, 13.335, 14.068, 14.703, 15.691, 16.826, 17.533, 17.568, 17.471, 17.704, 17.985, 18.181, 18.289, 18.778, 19.111, 18.952, 18.986, 18.825, 18.335, 18.112, 18.662, 19.13, 19.2, 19.271, 19.422, 19.805, 20.567, 21.242, 21.834, 22.081, 21.782, 21.696, 21.927, 20.985, 20.154, 20.221, 20.36, 20.217, 20.474, 20.862, 21.13, 21.182, 21.243, 21.617, 21.727, 21.841, 22.162, 22.609, 22.805, 23.243, 23.818, 23.827, 23.634, 23.832, 24.239, 24.144, 23.337, 22.639, 22.176, 22.006], [21.286, 21.243, 21.485, 20.932, 20.311, 20.028, 19.976, 20.155, 19.6, 18.875, 17.857, 16.04, 14.033, 13.413, 13.18, 12.594, 10.722, 8.586, 6.501, 3.633, 0.0, 2.9, 4.941, 7.801, 10.31, 11.309, 11.995, 13.327, 14.182, 14.805, 15.722, 16.812, 17.51, 17.549, 17.447, 17.691, 18.006, 18.259, 18.385, 18.846, 19.152, 18.956, 18.979, 18.843, 18.409, 18.203, 18.664, 19.078, 19.166, 19.263, 19.431, 19.769, 20.442, 21.188, 21.898, 22.158, 21.864, 21.791, 22.015, 21.071, 20.237, 20.287, 20.439, 20.324, 20.575, 20.953, 21.215, 21.263, 21.315, 21.676, 21.777, 21.874, 22.201, 22.663, 22.896, 23.403, 24.018, 24.033, 23.824, 24.018, 24.427, 24.316, 23.502, 22.808, 22.352, 22.176], [21.626, 21.561, 21.794, 21.236, 20.625, 20.327, 20.249, 20.432, 19.862, 19.097, 18.1, 16.309, 14.364, 13.826, 13.602, 13.011, 11.311, 9.521, 7.837, 5.774, 2.9, 0.0, 3.12, 6.971, 9.785, 10.853, 11.522, 12.903, 13.847, 14.471, 15.351, 16.427, 17.122, 17.173, 17.105, 17.397, 17.743, 18.036, 18.196, 18.677, 18.978, 18.761, 18.781, 18.66, 18.275, 18.094, 18.492, 18.871, 18.993, 19.129, 19.333, 19.676, 20.319, 21.095, 21.863, 22.136, 21.857, 21.799, 22.028, 21.108, 20.31, 20.375, 20.53, 20.413, 20.659, 21.058, 21.339, 21.4, 21.461, 21.832, 21.934, 22.023, 22.355, 22.86, 23.143, 23.672, 24.282, 24.274, 24.017, 24.157, 24.543, 24.432, 23.64, 22.972, 22.518, 22.323], [22.223, 22.143, 22.383, 21.841, 21.219, 20.902, 20.84, 21.04, 20.437, 19.609, 18.599, 16.781, 14.833, 14.317, 14.078, 13.48, 11.842, 10.085, 8.486, 6.87, 4.941, 3.12, 0.0, 4.478, 7.844, 9.145, 9.873, 11.4, 12.543, 13.254, 14.193, 15.362, 16.105, 16.196, 16.166, 16.473, 16.854, 17.19, 17.394, 17.951, 18.29, 18.071, 18.095, 17.967, 17.609, 17.537, 18.055, 18.462, 18.574, 18.731, 18.978, 19.355, 20.025, 20.832, 21.627, 21.918, 21.68, 21.635, 21.858, 20.918, 20.128, 20.237, 20.399, 20.244, 20.475, 20.904, 21.222, 21.29, 21.355, 21.76, 21.866, 21.957, 22.301, 22.846, 23.149, 23.664, 24.277, 24.234, 23.925, 24.015, 24.381, 24.264, 23.47, 22.795, 22.316, 22.111], [23.103, 23.005, 23.26, 22.753, 22.096, 21.734, 21.709, 21.933, 21.268, 20.346, 19.33, 17.538, 15.646, 15.132, 14.869, 14.297, 12.786, 11.029, 9.537, 8.572, 7.801, 6.971, 4.478, 0.0, 4.154, 5.961, 7.005, 8.928, 10.261, 11.045, 12.078, 13.434, 14.356, 14.619, 14.701, 15.064, 15.497, 15.842, 16.09, 16.779, 17.192, 17.003, 17.04, 16.902, 16.585, 16.631, 17.306, 17.761, 17.85, 18.028, 18.339, 18.806, 19.586, 20.473, 21.328, 21.632, 21.417, 21.395, 21.628, 20.684, 19.907, 20.061, 20.238, 20.054, 20.266, 20.715, 21.063, 21.128, 21.191, 21.632, 21.755, 21.868, 22.237, 22.818, 23.1, 23.538, 24.126, 24.055, 23.708, 23.736, 24.067, 23.949, 23.161, 22.481, 21.979, 21.768], [23.762, 23.65, 23.919, 23.428, 22.76, 22.378, 22.392, 22.651, 21.91, 20.881, 19.898, 18.17, 16.298, 15.789, 15.541, 15.029, 13.725, 12.127, 10.867, 10.489, 10.31, 9.785, 7.844, 4.154, 0.0, 2.382, 4.239, 6.715, 7.987, 8.719, 9.789, 11.254, 12.403, 12.959, 13.287, 13.823, 14.306, 14.595, 14.846, 15.638, 16.155, 16.052, 16.116, 15.96, 15.669, 15.818, 16.64, 17.154, 17.259, 17.488, 17.889, 18.469, 19.326, 20.256, 21.154, 21.454, 21.253, 21.264, 21.522, 20.617, 19.859, 20.026, 20.222, 20.049, 20.259, 20.713, 21.074, 21.134, 21.22, 21.707, 21.84, 21.969, 22.36, 22.953, 23.188, 23.51, 24.036, 23.961, 23.585, 23.509, 23.78, 23.663, 22.886, 22.228, 21.723, 21.504], [23.934, 23.819, 24.077, 23.586, 22.941, 22.589, 22.622, 22.881, 22.12, 21.056, 20.081, 18.374, 16.526, 16.042, 15.801, 15.326, 14.185, 12.767, 11.672, 11.415, 11.309, 10.853, 9.145, 5.961, 2.382, 0.0, 2.571, 5.521, 6.805, 7.561, 8.707, 10.222, 11.49, 12.212, 12.674, 13.337, 13.875, 14.139, 14.351, 15.118, 15.673, 15.637, 15.727, 15.572, 15.309, 15.494, 16.331, 16.842, 16.954, 17.218, 17.67, 18.282, 19.115, 20.055, 20.99, 21.288, 21.103, 21.138, 21.406, 20.577, 19.903, 20.092, 20.295, 20.142, 20.352, 20.79, 21.148, 21.215, 21.317, 21.804, 21.929, 22.059, 22.451, 23.029, 23.231, 23.495, 23.988, 23.916, 23.533, 23.428, 23.685, 23.56, 22.796, 22.175, 21.691, 21.478], [24.063, 23.938, 24.179, 23.69, 23.055, 22.743, 22.8, 23.052, 22.295, 21.221, 20.243, 18.542, 16.73, 16.27, 16.032, 15.585, 14.54, 13.242, 12.275, 12.101, 11.995, 11.522, 9.873, 7.005, 4.239, 2.571, 0.0, 3.502, 5.204, 6.192, 7.565, 9.262, 10.605, 11.362, 11.892, 12.669, 13.284, 13.568, 13.763, 14.492, 15.069, 15.091, 15.218, 15.08, 14.826, 14.994, 15.814, 16.336, 16.456, 16.762, 17.279, 17.891, 18.685, 19.64, 20.61, 20.914, 20.745, 20.792, 21.07, 20.323, 19.84, 20.138, 20.358, 20.222, 20.416, 20.83, 21.195, 21.281, 21.387, 21.859, 21.964, 22.092, 22.474, 23.019, 23.186, 23.409, 23.891, 23.827, 23.437, 23.328, 23.587, 23.45, 22.693, 22.112, 21.659, 21.459], [24.803, 24.668, 24.895, 24.401, 23.763, 23.474, 23.543, 23.792, 23.054, 21.993, 21.055, 19.4, 17.584, 17.131, 16.935, 16.532, 15.486, 14.205, 13.371, 13.335, 13.327, 12.903, 11.4, 8.928, 6.715, 5.521, 3.502, 0.0, 2.596, 4.504, 6.147, 8.028, 9.559, 10.53, 11.231, 12.077, 12.712, 13.042, 13.261, 13.971, 14.597, 14.695, 14.852, 14.704, 14.442, 14.685, 15.7, 16.346, 16.463, 16.803, 17.406, 18.02, 18.76, 19.684, 20.643, 20.928, 20.763, 20.793, 21.048, 20.294, 19.925, 20.36, 20.623, 20.508, 20.696, 21.092, 21.473, 21.561, 21.655, 22.124, 22.209, 22.32, 22.664, 23.133, 23.22, 23.36, 23.819, 23.796, 23.452, 23.305, 23.504, 23.333, 22.59, 22.07, 21.667, 21.486], [25.181, 25.048, 25.287, 24.79, 24.128, 23.837, 23.924, 24.179, 23.45, 22.408, 21.503, 19.918, 18.131, 17.652, 17.468, 17.097, 16.056, 14.744, 13.961, 14.068, 14.182, 13.847, 12.543, 10.261, 7.987, 6.805, 5.204, 2.596, 0.0, 2.751, 4.893, 7.063, 8.836, 10.025, 10.849, 11.774, 12.414, 12.725, 12.965, 13.659, 14.307, 14.473, 14.648, 14.485, 14.226, 14.482, 15.591, 16.345, 16.497, 16.859, 17.527, 18.219, 18.986, 19.913, 20.857, 21.117, 20.943, 20.956, 21.182, 20.444, 20.092, 20.547, 20.839, 20.75, 20.937, 21.316, 21.688, 21.757, 21.832, 22.297, 22.377, 22.475, 22.809, 23.245, 23.283, 23.376, 23.812, 23.812, 23.513, 23.355, 23.518, 23.327, 22.597, 22.115, 21.743, 21.568], [25.462, 25.332, 25.587, 25.093, 24.396, 24.085, 24.204, 24.474, 23.75, 22.716, 21.831, 20.296, 18.603, 18.139, 17.95, 17.582, 16.579, 15.273, 14.516, 14.703, 14.805, 14.471, 13.254, 11.045, 8.719, 7.561, 6.192, 4.504, 2.751, 0.0, 2.912, 5.808, 7.89, 9.154, 10.004, 10.994, 11.684, 12.018, 12.311, 13.008, 13.641, 13.856, 14.059, 13.907, 13.667, 13.896, 14.946, 15.722, 15.919, 16.334, 17.095, 17.918, 18.797, 19.785, 20.744, 20.993, 20.822, 20.818, 21.025, 20.314, 20.038, 20.518, 20.827, 20.788, 20.98, 21.327, 21.696, 21.763, 21.819, 22.278, 22.357, 22.455, 22.802, 23.248, 23.285, 23.371, 23.8, 23.797, 23.501, 23.35, 23.512, 23.315, 22.597, 22.12, 21.751, 21.588], [26.488, 26.352, 26.616, 26.135, 25.417, 25.067, 25.169, 25.451, 24.75, 23.723, 22.863, 21.332, 19.615, 19.169, 18.992, 18.618, 17.615, 16.312, 15.547, 15.691, 15.722, 15.351, 14.193, 12.078, 9.789, 8.707, 7.565, 6.147, 4.893, 2.912, 0.0, 3.513, 6.091, 7.668, 8.698, 9.761, 10.473, 10.873, 11.25, 12.006, 12.688, 12.953, 13.18, 13.066, 12.99, 13.488, 14.696, 15.468, 15.654, 16.116, 16.953, 17.848, 18.793, 19.845, 20.843, 21.079, 20.909, 20.889, 21.036, 20.222, 19.899, 20.389, 20.699, 20.689, 20.908, 21.264, 21.655, 21.736, 21.793, 22.271, 22.349, 22.444, 22.798, 23.237, 23.256, 23.317, 23.764, 23.798, 23.506, 23.289, 23.389, 23.175, 22.455, 21.97, 21.604, 21.45], [27.626, 27.491, 27.766, 27.31, 26.598, 26.22, 26.281, 26.576, 25.906, 24.904, 24.079, 22.585, 20.825, 20.367, 20.205, 19.831, 18.796, 17.502, 16.736, 16.826, 16.812, 16.427, 15.362, 13.434, 11.254, 10.222, 9.262, 8.028, 7.063, 5.808, 3.513, 0.0, 3.203, 5.655, 7.24, 8.547, 9.255, 9.681, 10.156, 11.011, 11.823, 12.149, 12.397, 12.338, 12.524, 13.422, 14.869, 15.654, 15.84, 16.342, 17.225, 18.15, 19.103, 20.18, 21.211, 21.43, 21.266, 21.251, 21.349, 20.407, 19.923, 20.355, 20.665, 20.678, 20.924, 21.308, 21.713, 21.8, 21.868, 22.362, 22.438, 22.525, 22.877, 23.293, 23.29, 23.34, 23.816, 23.916, 23.65, 23.339, 23.34, 23.121, 22.406, 21.919, 21.573, 21.415], [28.141, 28.005, 28.287, 27.848, 27.152, 26.79, 26.853, 27.158, 26.512, 25.541, 24.748, 23.299, 21.558, 21.1, 20.938, 20.567, 19.525, 18.241, 17.466, 17.533, 17.51, 17.122, 16.105, 14.356, 12.403, 11.49, 10.605, 9.559, 8.836, 7.89, 6.091, 3.203, 0.0, 3.298, 5.655, 7.35, 8.122, 8.595, 9.136, 10.054, 11.014, 11.421, 11.702, 11.681, 12.032, 13.205, 14.803, 15.619, 15.865, 16.424, 17.336, 18.292, 19.297, 20.383, 21.412, 21.636, 21.47, 21.449, 21.523, 20.514, 19.979, 20.395, 20.695, 20.71, 20.956, 21.347, 21.772, 21.879, 21.949, 22.441, 22.511, 22.591, 22.947, 23.349, 23.329, 23.39, 23.894, 24.026, 23.794, 23.462, 23.412, 23.201, 22.49, 21.978, 21.645, 21.498], [28.2, 28.062, 28.349, 27.916, 27.221, 26.882, 26.977, 27.293, 26.656, 25.685, 24.897, 23.445, 21.702, 21.24, 21.06, 20.68, 19.636, 18.317, 17.512, 17.568, 17.549, 17.173, 16.196, 14.619, 12.959, 12.212, 11.362, 10.53, 10.025, 9.154, 7.668, 5.655, 3.298, 0.0, 3.062, 5.401, 6.435, 7.048, 7.678, 8.717, 9.839, 10.316, 10.653, 10.662, 11.073, 12.438, 14.117, 14.92, 15.236, 15.892, 16.853, 17.852, 18.961, 20.092, 21.126, 21.363, 21.18, 21.119, 21.17, 20.141, 19.696, 20.171, 20.448, 20.434, 20.666, 21.067, 21.522, 21.667, 21.755, 22.243, 22.297, 22.377, 22.733, 23.131, 23.105, 23.176, 23.695, 23.821, 23.587, 23.25, 23.193, 22.976, 22.242, 21.671, 21.32, 21.192], [28.256, 28.119, 28.412, 27.985, 27.272, 26.935, 27.053, 27.378, 26.735, 25.764, 24.965, 23.493, 21.729, 21.247, 21.043, 20.652, 19.572, 18.194, 17.413, 17.471, 17.447, 17.105, 16.166, 14.701, 13.287, 12.674, 11.892, 11.231, 10.849, 10.004, 8.698, 7.24, 5.655, 3.062, 0.0, 2.923, 4.408, 5.314, 6.2, 7.564, 8.807, 9.266, 9.657, 9.71, 10.186, 11.705, 13.456, 14.234, 14.581, 15.311, 16.308, 17.344, 18.539, 19.745, 20.834, 21.088, 20.88, 20.764, 20.785, 19.768, 19.409, 19.917, 20.175, 20.122, 20.358, 20.812, 21.299, 21.461, 21.578, 22.082, 22.124, 22.213, 22.557, 22.951, 22.919, 22.96, 23.459, 23.554, 23.264, 22.897, 22.848, 22.621, 21.833, 21.175, 20.767, 20.647], [28.608, 28.48, 28.788, 28.359, 27.623, 27.271, 27.402, 27.736, 27.094, 26.142, 25.346, 23.863, 22.071, 21.563, 21.35, 20.964, 19.824, 18.385, 17.648, 17.704, 17.691, 17.397, 16.473, 15.064, 13.823, 13.337, 12.669, 12.077, 11.774, 10.994, 9.761, 8.547, 7.35, 5.401, 2.923, 0.0, 2.086, 3.756, 5.253, 7.087, 8.337, 8.704, 9.096, 9.177, 9.724, 11.443, 13.379, 14.229, 14.565, 15.264, 16.226, 17.276, 18.531, 19.767, 20.89, 21.155, 20.928, 20.768, 20.767, 19.718, 19.325, 19.826, 20.08, 19.999, 20.254, 20.777, 21.308, 21.466, 21.592, 22.146, 22.2, 22.294, 22.624, 23.005, 22.959, 22.962, 23.442, 23.517, 23.181, 22.784, 22.738, 22.484, 21.624, 20.888, 20.412, 20.283], [28.819, 28.697, 29.022, 28.6, 27.849, 27.473, 27.605, 27.945, 27.31, 26.381, 25.595, 24.114, 22.308, 21.782, 21.567, 21.186, 20.028, 18.585, 17.891, 17.985, 18.006, 17.743, 16.854, 15.497, 14.306, 13.875, 13.284, 12.712, 12.414, 11.684, 10.473, 9.255, 8.122, 6.435, 4.408, 2.086, 0.0, 2.343, 4.399, 6.544, 7.891, 8.318, 8.736, 8.816, 9.43, 11.311, 13.391, 14.303, 14.636, 15.314, 16.263, 17.334, 18.614, 19.839, 20.958, 21.222, 20.984, 20.818, 20.819, 19.734, 19.279, 19.757, 20.01, 19.928, 20.204, 20.768, 21.325, 21.486, 21.607, 22.183, 22.264, 22.373, 22.706, 23.085, 23.031, 23.009, 23.48, 23.56, 23.22, 22.812, 22.754, 22.49, 21.613, 20.851, 20.352, 20.218], [28.769, 28.647, 28.98, 28.591, 27.86, 27.471, 27.607, 27.944, 27.31, 26.382, 25.591, 24.119, 22.332, 21.801, 21.582, 21.208, 20.08, 18.662, 18.014, 18.181, 18.259, 18.036, 17.19, 15.842, 14.595, 14.139, 13.568, 13.042, 12.725, 12.018, 10.873, 9.681, 8.595, 7.048, 5.314, 3.756, 2.343, 0.0, 2.578, 5.253, 6.878, 7.502, 8.01, 8.105, 8.824, 10.866, 13.041, 14.01, 14.361, 15.039, 16.01, 17.129, 18.431, 19.666, 20.804, 21.071, 20.825, 20.662, 20.662, 19.606, 19.182, 19.639, 19.881, 19.817, 20.117, 20.7, 21.264, 21.438, 21.563, 22.128, 22.227, 22.366, 22.707, 23.081, 23.02, 22.983, 23.441, 23.521, 23.193, 22.794, 22.732, 22.47, 21.61, 20.865, 20.387, 20.261], [28.633, 28.503, 28.836, 28.472, 27.797, 27.448, 27.595, 27.927, 27.301, 26.379, 25.587, 24.116, 22.344, 21.82, 21.603, 21.236, 20.127, 18.73, 18.107, 18.289, 18.385, 18.196, 17.394, 16.09, 14.846, 14.351, 13.763, 13.261, 12.965, 12.311, 11.25, 10.156, 9.136, 7.678, 6.2, 5.253, 4.399, 2.578, 0.0, 3.372, 5.535, 6.418, 7.066, 7.186, 8.087, 10.36, 12.617, 13.585, 13.914, 14.579, 15.579, 16.731, 18.055, 19.344, 20.53, 20.821, 20.574, 20.405, 20.382, 19.354, 18.978, 19.419, 19.639, 19.592, 19.929, 20.534, 21.106, 21.291, 21.428, 21.985, 22.084, 22.247, 22.598, 22.955, 22.87, 22.813, 23.261, 23.345, 23.04, 22.665, 22.6, 22.34, 21.489, 20.752, 20.301, 20.201], [28.712, 28.569, 28.896, 28.539, 27.9, 27.641, 27.832, 28.158, 27.577, 26.695, 25.916, 24.476, 22.752, 22.238, 22.035, 21.671, 20.573, 19.221, 18.617, 18.778, 18.846, 18.677, 17.951, 16.779, 15.638, 15.118, 14.492, 13.971, 13.659, 13.008, 12.006, 11.011, 10.054, 8.717, 7.564, 7.087, 6.544, 5.253, 3.372, 0.0, 2.927, 4.601, 5.496, 5.719, 7.105, 9.759, 12.1, 13.057, 13.377, 14.086, 15.164, 16.358, 17.712, 19.131, 20.453, 20.803, 20.567, 20.379, 20.315, 19.343, 19.076, 19.528, 19.716, 19.724, 20.136, 20.765, 21.347, 21.55, 21.688, 22.208, 22.286, 22.455, 22.809, 23.141, 23.011, 22.919, 23.359, 23.451, 23.171, 22.807, 22.735, 22.489, 21.676, 20.986, 20.596, 20.553], [28.829, 28.678, 29.002, 28.652, 28.011, 27.767, 27.988, 28.31, 27.741, 26.879, 26.105, 24.684, 23.009, 22.509, 22.309, 21.94, 20.842, 19.51, 18.937, 19.111, 19.152, 18.978, 18.29, 17.192, 16.155, 15.673, 15.069, 14.597, 14.307, 13.641, 12.688, 11.823, 11.014, 9.839, 8.807, 8.337, 7.891, 6.878, 5.535, 2.927, 0.0, 2.523, 3.69, 4.075, 6.119, 9.119, 11.456, 12.437, 12.822, 13.601, 14.761, 16.027, 17.421, 18.965, 20.427, 20.82, 20.59, 20.389, 20.314, 19.403, 19.218, 19.686, 19.864, 19.907, 20.366, 21.015, 21.614, 21.834, 21.972, 22.484, 22.561, 22.73, 23.075, 23.401, 23.285, 23.204, 23.647, 23.739, 23.454, 23.093, 23.017, 22.761, 21.97, 21.324, 20.96, 20.941], [28.839, 28.688, 29.014, 28.66, 28.014, 27.761, 27.982, 28.302, 27.723, 26.856, 26.074, 24.64, 22.946, 22.441, 22.24, 21.868, 20.742, 19.37, 18.792, 18.952, 18.956, 18.761, 18.071, 17.003, 16.052, 15.637, 15.091, 14.695, 14.473, 13.856, 12.953, 12.149, 11.421, 10.316, 9.266, 8.704, 8.318, 7.502, 6.418, 4.601, 2.523, 0.0, 1.525, 2.181, 4.852, 8.271, 10.782, 11.85, 12.268, 13.038, 14.214, 15.544, 16.989, 18.647, 20.242, 20.663, 20.415, 20.204, 20.135, 19.192, 18.945, 19.39, 19.559, 19.594, 20.079, 20.775, 21.397, 21.622, 21.779, 22.315, 22.386, 22.561, 22.908, 23.234, 23.161, 23.154, 23.627, 23.713, 23.421, 23.055, 22.968, 22.702, 21.906, 21.254, 20.876, 20.832], [28.895, 28.741, 29.069, 28.715, 28.068, 27.819, 28.04, 28.36, 27.789, 26.925, 26.143, 24.708, 23.008, 22.501, 22.302, 21.932, 20.798, 19.419, 18.834, 18.986, 18.979, 18.781, 18.095, 17.04, 16.116, 15.727, 15.218, 14.852, 14.648, 14.059, 13.18, 12.397, 11.702, 10.653, 9.657, 9.096, 8.736, 8.01, 7.066, 5.496, 3.69, 1.525, 0.0, 1.297, 4.478, 8.095, 10.714, 11.838, 12.261, 13.013, 14.163, 15.489, 16.941, 18.643, 20.294, 20.729, 20.475, 20.26, 20.191, 19.226, 18.93, 19.357, 19.521, 19.543, 20.033, 20.745, 21.374, 21.596, 21.756, 22.3, 22.37, 22.547, 22.898, 23.22, 23.151, 23.168, 23.66, 23.753, 23.466, 23.102, 23.008, 22.731, 21.933, 21.28, 20.899, 20.845], [28.787, 28.637, 28.975, 28.623, 27.973, 27.716, 27.94, 28.264, 27.694, 26.839, 26.063, 24.617, 22.893, 22.373, 22.171, 21.804, 20.667, 19.263, 18.659, 18.825, 18.843, 18.66, 17.967, 16.902, 15.96, 15.572, 15.08, 14.704, 14.485, 13.907, 13.066, 12.338, 11.681, 10.662, 9.71, 9.177, 8.816, 8.105, 7.186, 5.719, 4.075, 2.181, 1.297, 0.0, 3.64, 7.574, 10.424, 11.638, 12.077, 12.843, 14.015, 15.377, 16.848, 18.524, 20.162, 20.601, 20.353, 20.142, 20.078, 19.087, 18.776, 19.213, 19.381, 19.405, 19.911, 20.637, 21.27, 21.491, 21.658, 22.211, 22.278, 22.455, 22.809, 23.132, 23.06, 23.078, 23.567, 23.656, 23.371, 23.005, 22.908, 22.63, 21.826, 21.166, 20.775, 20.713], [28.282, 28.157, 28.519, 28.18, 27.536, 27.291, 27.548, 27.875, 27.3, 26.465, 25.722, 24.295, 22.543, 21.995, 21.793, 21.443, 20.329, 18.873, 18.173, 18.335, 18.409, 18.275, 17.609, 16.585, 15.669, 15.309, 14.826, 14.442, 14.226, 13.667, 12.99, 12.524, 12.032, 11.073, 10.186, 9.724, 9.43, 8.824, 8.087, 7.105, 6.119, 4.852, 4.478, 3.64, 0.0, 4.637, 8.418, 10.113, 10.685, 11.555, 12.79, 14.339, 15.966, 17.609, 19.33, 19.812, 19.572, 19.372, 19.328, 18.32, 18.068, 18.568, 18.747, 18.769, 19.311, 20.07, 20.689, 20.898, 21.097, 21.673, 21.714, 21.895, 22.278, 22.611, 22.561, 22.666, 23.174, 23.198, 22.905, 22.607, 22.567, 22.304, 21.481, 20.792, 20.372, 20.28], [27.099, 27.005, 27.371, 27.069, 26.454, 26.236, 26.548, 26.853, 26.279, 25.516, 24.851, 23.575, 21.994, 21.469, 21.27, 20.95, 19.94, 18.587, 17.909, 18.112, 18.203, 18.094, 17.537, 16.631, 15.818, 15.494, 14.994, 14.685, 14.482, 13.896, 13.488, 13.422, 13.205, 12.438, 11.705, 11.443, 11.311, 10.866, 10.36, 9.759, 9.119, 8.271, 8.095, 7.574, 4.637, 0.0, 4.732, 7.309, 8.352, 9.471, 10.808, 12.602, 14.454, 16.095, 17.97, 18.521, 18.281, 18.122, 18.164, 17.321, 17.356, 17.945, 18.149, 18.226, 18.779, 19.491, 20.04, 20.247, 20.459, 20.992, 21.004, 21.199, 21.628, 22.014, 22.053, 22.318, 22.841, 22.761, 22.462, 22.351, 22.473, 22.299, 21.525, 20.863, 20.459, 20.336], [26.109, 26.018, 26.351, 26.093, 25.547, 25.35, 25.683, 25.94, 25.375, 24.686, 24.094, 23.025, 21.811, 21.411, 21.207, 20.89, 20.066, 18.974, 18.428, 18.662, 18.664, 18.492, 18.055, 17.306, 16.64, 16.331, 15.814, 15.7, 15.591, 14.946, 14.696, 14.869, 14.803, 14.117, 13.456, 13.379, 13.391, 13.041, 12.617, 12.1, 11.456, 10.782, 10.714, 10.424, 8.418, 4.732, 0.0, 3.592, 5.889, 7.684, 9.242, 11.191, 13.2, 14.98, 17.049, 17.652, 17.437, 17.371, 17.531, 17.08, 17.6, 18.254, 18.453, 18.608, 19.119, 19.71, 20.173, 20.425, 20.617, 21.038, 21.059, 21.265, 21.718, 22.201, 22.377, 22.734, 23.212, 23.047, 22.687, 22.704, 22.986, 22.944, 22.296, 21.702, 21.35, 21.238], [26.086, 25.993, 26.304, 26.061, 25.562, 25.368, 25.67, 25.909, 25.345, 24.664, 24.09, 23.075, 21.984, 21.67, 21.473, 21.143, 20.408, 19.431, 18.923, 19.13, 19.078, 18.871, 18.462, 17.761, 17.154, 16.842, 16.336, 16.346, 16.345, 15.722, 15.468, 15.654, 15.619, 14.92, 14.234, 14.229, 14.303, 14.01, 13.585, 13.057, 12.437, 11.85, 11.838, 11.638, 10.113, 7.309, 3.592, 0.0, 3.386, 5.999, 7.906, 9.954, 12.102, 14.081, 16.267, 16.911, 16.762, 16.76, 16.925, 16.671, 17.461, 18.166, 18.357, 18.576, 19.081, 19.62, 20.056, 20.357, 20.566, 20.942, 20.974, 21.206, 21.678, 22.244, 22.506, 22.867, 23.293, 23.046, 22.533, 22.49, 22.848, 22.96, 22.41, 21.802, 21.451, 21.358], [26.275, 26.185, 26.507, 26.258, 25.756, 25.571, 25.86, 26.106, 25.543, 24.854, 24.281, 23.235, 22.086, 21.762, 21.593, 21.295, 20.549, 19.535, 19.008, 19.2, 19.166, 18.993, 18.574, 17.85, 17.259, 16.954, 16.456, 16.463, 16.497, 15.919, 15.654, 15.84, 15.865, 15.236, 14.581, 14.565, 14.636, 14.361, 13.914, 13.377, 12.822, 12.268, 12.261, 12.077, 10.685, 8.352, 5.889, 3.386, 0.0, 3.15, 5.622, 8.073, 10.591, 12.827, 15.093, 15.792, 15.72, 15.728, 15.829, 15.551, 16.409, 17.163, 17.353, 17.627, 18.155, 18.697, 19.151, 19.462, 19.69, 20.067, 20.081, 20.35, 20.851, 21.467, 21.78, 22.165, 22.583, 22.238, 21.571, 21.485, 21.904, 22.144, 21.643, 20.983, 20.61, 20.524], [26.177, 26.089, 26.417, 26.153, 25.638, 25.448, 25.734, 25.98, 25.428, 24.768, 24.205, 23.14, 21.973, 21.637, 21.492, 21.273, 20.584, 19.58, 19.07, 19.271, 19.263, 19.129, 18.731, 18.028, 17.488, 17.218, 16.762, 16.803, 16.859, 16.334, 16.116, 16.342, 16.424, 15.892, 15.311, 15.264, 15.314, 15.039, 14.579, 14.086, 13.601, 13.038, 13.013, 12.843, 11.555, 9.471, 7.684, 5.999, 3.15, 0.0, 3.048, 6.19, 9.259, 11.717, 14.041, 14.798, 14.741, 14.745, 14.813, 14.513, 15.427, 16.215, 16.38, 16.678, 17.239, 17.79, 18.263, 18.579, 18.808, 19.174, 19.173, 19.477, 20.022, 20.702, 21.094, 21.565, 22.004, 21.574, 20.825, 20.815, 21.342, 21.648, 21.158, 20.485, 20.113, 20.024], [25.809, 25.728, 26.054, 25.779, 25.244, 25.041, 25.335, 25.573, 25.048, 24.444, 23.887, 22.818, 21.678, 21.349, 21.223, 21.079, 20.537, 19.669, 19.225, 19.422, 19.431, 19.333, 18.978, 18.339, 17.889, 17.67, 17.279, 17.406, 17.527, 17.095, 16.953, 17.225, 17.336, 16.853, 16.308, 16.226, 16.263, 16.01, 15.579, 15.164, 14.761, 14.214, 14.163, 14.015, 12.79, 10.808, 9.242, 7.906, 5.622, 3.048, 0.0, 3.86, 7.663, 10.321, 12.815, 13.674, 13.628, 13.644, 13.715, 13.483, 14.569, 15.411, 15.528, 15.852, 16.471, 17.028, 17.504, 17.832, 18.055, 18.388, 18.382, 18.721, 19.327, 20.082, 20.547, 21.14, 21.619, 21.123, 20.368, 20.518, 21.186, 21.539, 21.04, 20.368, 20.038, 19.964], [25.39, 25.327, 25.628, 25.336, 24.799, 24.591, 24.858, 25.07, 24.582, 24.031, 23.482, 22.417, 21.331, 21.047, 20.941, 20.842, 20.466, 19.868, 19.627, 19.805, 19.769, 19.676, 19.355, 18.806, 18.469, 18.282, 17.891, 18.02, 18.219, 17.918, 17.848, 18.15, 18.292, 17.852, 17.344, 17.276, 17.334, 17.129, 16.731, 16.358, 16.027, 15.544, 15.489, 15.377, 14.339, 12.602, 11.191, 9.954, 8.073, 6.19, 3.86, 0.0, 4.672, 8.123, 11.16, 12.232, 12.286, 12.397, 12.508, 12.453, 13.864, 14.812, 14.847, 15.234, 15.96, 16.505, 16.977, 17.336, 17.554, 17.83, 17.823, 18.187, 18.846, 19.689, 20.224, 20.901, 21.403, 20.866, 20.135, 20.464, 21.251, 21.627, 21.133, 20.492, 20.242, 20.221], [25.263, 25.22, 25.475, 25.177, 24.655, 24.441, 24.672, 24.846, 24.374, 23.867, 23.351, 22.33, 21.301, 21.062, 20.976, 20.899, 20.653, 20.323, 20.364, 20.567, 20.442, 20.319, 20.025, 19.586, 19.326, 19.115, 18.685, 18.76, 18.986, 18.797, 18.793, 19.103, 19.297, 18.961, 18.539, 18.531, 18.614, 18.431, 18.055, 17.712, 17.421, 16.989, 16.941, 16.848, 15.966, 14.454, 13.2, 12.102, 10.591, 9.259, 7.663, 4.672, 0.0, 4.89, 9.18, 10.577, 10.833, 11.139, 11.372, 11.798, 13.672, 14.765, 14.708, 15.131, 15.991, 16.536, 16.967, 17.309, 17.522, 17.751, 17.752, 18.108, 18.772, 19.669, 20.322, 21.09, 21.587, 21.028, 20.321, 20.77, 21.615, 21.976, 21.544, 21.03, 20.873, 20.872], [24.875, 24.849, 25.07, 24.81, 24.279, 24.072, 24.364, 24.533, 24.093, 23.679, 23.248, 22.364, 21.453, 21.236, 21.152, 21.101, 20.944, 20.752, 20.936, 21.242, 21.188, 21.095, 20.832, 20.473, 20.256, 20.055, 19.64, 19.684, 19.913, 19.785, 19.845, 20.18, 20.383, 20.092, 19.745, 19.767, 19.839, 19.666, 19.344, 19.131, 18.965, 18.647, 18.643, 18.524, 17.609, 16.095, 14.98, 14.081, 12.827, 11.717, 10.321, 8.123, 4.89, 0.0, 5.238, 7.086, 7.664, 8.256, 8.781, 10.02, 12.734, 14.165, 14.146, 14.614, 15.494, 15.941, 16.271, 16.589, 16.801, 16.947, 16.925, 17.288, 17.975, 18.927, 19.706, 20.669, 21.218, 20.598, 19.918, 20.579, 21.582, 21.977, 21.569, 21.138, 21.067, 21.036], [24.529, 24.504, 24.682, 24.421, 23.867, 23.655, 23.99, 24.17, 23.791, 23.483, 23.132, 22.371, 21.605, 21.429, 21.331, 21.299, 21.214, 21.135, 21.432, 21.834, 21.898, 21.863, 21.627, 21.328, 21.154, 20.99, 20.61, 20.643, 20.857, 20.744, 20.843, 21.211, 21.412, 21.126, 20.834, 20.89, 20.958, 20.804, 20.53, 20.453, 20.427, 20.242, 20.294, 20.162, 19.33, 17.97, 17.049, 16.267, 15.093, 14.041, 12.815, 11.16, 9.18, 5.238, 0.0, 2.501, 3.809, 4.983, 6.085, 8.284, 11.783, 13.565, 13.719, 14.296, 15.031, 15.191, 15.391, 15.73, 15.884, 15.867, 15.843, 16.219, 16.907, 17.927, 18.81, 19.903, 20.481, 19.811, 19.195, 20.148, 21.372, 21.829, 21.45, 21.107, 21.152, 21.103], [24.691, 24.664, 24.817, 24.526, 23.955, 23.727, 24.05, 24.231, 23.87, 23.574, 23.233, 22.499, 21.776, 21.607, 21.495, 21.459, 21.391, 21.341, 21.664, 22.081, 22.158, 22.136, 21.918, 21.632, 21.454, 21.288, 20.914, 20.928, 21.117, 20.993, 21.079, 21.43, 21.636, 21.363, 21.088, 21.155, 21.222, 21.071, 20.821, 20.803, 20.82, 20.663, 20.729, 20.601, 19.812, 18.521, 17.652, 16.911, 15.792, 14.798, 13.674, 12.232, 10.577, 7.086, 2.501, 0.0, 2.169, 3.852, 5.346, 7.963, 11.607, 13.505, 13.776, 14.391, 15.038, 15.084, 15.234, 15.55, 15.661, 15.587, 15.586, 15.965, 16.66, 17.728, 18.654, 19.78, 20.368, 19.708, 19.124, 20.129, 21.407, 21.894, 21.536, 21.24, 21.332, 21.279], [24.579, 24.541, 24.692, 24.381, 23.793, 23.548, 23.845, 24.018, 23.643, 23.336, 22.991, 22.243, 21.512, 21.332, 21.208, 21.179, 21.104, 21.032, 21.358, 21.782, 21.864, 21.857, 21.68, 21.417, 21.253, 21.103, 20.745, 20.763, 20.943, 20.822, 20.909, 21.266, 21.47, 21.18, 20.88, 20.928, 20.984, 20.825, 20.574, 20.567, 20.59, 20.415, 20.475, 20.353, 19.572, 18.281, 17.437, 16.762, 15.72, 14.741, 13.628, 12.286, 10.833, 7.664, 3.809, 2.169, 0.0, 2.208, 4.25, 7.148, 10.9, 12.886, 13.216, 13.864, 14.558, 14.625, 14.788, 15.13, 15.249, 15.171, 15.173, 15.58, 16.291, 17.348, 18.268, 19.402, 20.011, 19.393, 18.874, 19.909, 21.197, 21.687, 21.327, 21.047, 21.149, 21.083], [24.765, 24.702, 24.869, 24.561, 23.96, 23.732, 24.05, 24.232, 23.852, 23.53, 23.172, 22.375, 21.591, 21.389, 21.257, 21.226, 21.096, 20.943, 21.245, 21.696, 21.791, 21.799, 21.635, 21.395, 21.264, 21.138, 20.792, 20.793, 20.956, 20.818, 20.889, 21.251, 21.449, 21.119, 20.764, 20.768, 20.818, 20.662, 20.405, 20.379, 20.389, 20.204, 20.26, 20.142, 19.372, 18.122, 17.371, 16.76, 15.728, 14.745, 13.644, 12.397, 11.139, 8.256, 4.983, 3.852, 2.208, 0.0, 2.568, 6.036, 10.149, 12.27, 12.613, 13.264, 13.994, 14.122, 14.34, 14.683, 14.814, 14.78, 14.757, 15.157, 15.852, 16.861, 17.756, 18.891, 19.527, 18.923, 18.449, 19.515, 20.8, 21.266, 20.886, 20.639, 20.783, 20.726], [25.442, 25.367, 25.555, 25.262, 24.669, 24.455, 24.779, 24.966, 24.587, 24.253, 23.874, 23.02, 22.146, 21.918, 21.783, 21.74, 21.528, 21.271, 21.501, 21.927, 22.015, 22.028, 21.858, 21.628, 21.522, 21.406, 21.07, 21.048, 21.182, 21.025, 21.036, 21.349, 21.523, 21.17, 20.785, 20.767, 20.819, 20.662, 20.382, 20.315, 20.314, 20.135, 20.191, 20.078, 19.328, 18.164, 17.531, 16.925, 15.829, 14.813, 13.715, 12.508, 11.372, 8.781, 6.085, 5.346, 4.25, 2.568, 0.0, 4.487, 9.216, 11.525, 11.848, 12.52, 13.319, 13.54, 13.819, 14.172, 14.373, 14.42, 14.351, 14.719, 15.374, 16.316, 17.197, 18.365, 19.041, 18.419, 17.916, 18.949, 20.228, 20.721, 20.369, 20.171, 20.386, 20.35], [25.843, 25.78, 26.029, 25.714, 25.081, 24.773, 25.033, 25.258, 24.862, 24.524, 24.111, 23.139, 22.01, 21.689, 21.552, 21.468, 21.01, 20.545, 20.655, 20.985, 21.071, 21.108, 20.918, 20.684, 20.617, 20.577, 20.323, 20.294, 20.444, 20.314, 20.222, 20.407, 20.514, 20.141, 19.768, 19.718, 19.734, 19.606, 19.354, 19.343, 19.403, 19.192, 19.226, 19.087, 18.32, 17.321, 17.08, 16.671, 15.551, 14.513, 13.483, 12.453, 11.798, 10.02, 8.284, 7.963, 7.148, 6.036, 4.487, 0.0, 5.452, 8.385, 8.898, 9.721, 10.653, 11.069, 11.502, 11.885, 12.178, 12.413, 12.326, 12.688, 13.349, 14.267, 15.231, 16.587, 17.452, 1