[[0.0, 6.05, 9.175, 9.23, 9.453, 10.052, 10.433, 10.08, 9.857, 11.012, 12.325, 12.939, 13.137, 13.109, 13.073, 13.233, 13.812, 14.61, 15.187, 15.592, 15.792, 15.848, 15.761, 15.539, 15.65, 15.776, 16.033, 16.765, 17.616, 18.15, 18.192, 18.264, 18.556, 19.097, 19.517, 19.358, 19.483, 19.577, 19.756, 20.069, 20.251, 20.254, 20.054, 19.201, 18.222, 18.027, 18.025, 18.107, 18.21, 18.05, 18.056, 18.297, 18.698, 19.041, 19.079, 18.997, 19.073, 19.196, 19.394, 19.996, 20.568, 20.242, 20.214, 20.093, 19.793, 20.072, 20.63, 21.422, 22.791, 22.673, 21.641, 20.997, 20.81, 20.919, 21.145, 21.469, 21.469, 21.322, 21.11, 21.184, 21.397, 21.377, 21.418, 21.585, 21.925, 22.112], [6.05, 0.0, 3.805, 4.352, 5.314, 6.5, 7.313, 7.494, 8.226, 10.229, 11.755, 12.492, 12.894, 12.95, 12.948, 13.014, 13.585, 14.47, 15.074, 15.511, 15.684, 15.599, 15.48, 15.234, 15.305, 15.597, 16.153, 17.13, 18.024, 18.437, 18.449, 18.538, 18.734, 18.956, 19.286, 19.593, 19.97, 20.105, 20.269, 20.557, 20.768, 20.798, 20.59, 19.794, 19.017, 18.821, 18.643, 18.56, 18.635, 18.618, 18.797, 19.247, 19.771, 20.087, 20.15, 20.099, 20.134, 20.24, 20.496, 20.959, 21.3, 20.994, 21.022, 20.984, 20.808, 21.076, 21.562, 22.366, 23.623, 23.476, 22.598, 22.101, 22.006, 22.127, 22.348, 22.651, 22.667, 22.564, 22.394, 22.498, 22.731, 22.711, 22.758, 22.914, 23.214, 23.377], [9.175, 3.805, 0.0, 2.05, 4.202, 5.714, 6.677, 7.293, 8.599, 10.737, 12.154, 12.869, 13.331, 13.464, 13.491, 13.488, 14.005, 14.89, 15.488, 15.922, 16.065, 15.895, 15.746, 15.487, 15.52, 15.867, 16.527, 17.592, 18.518, 18.888, 18.892, 18.982, 19.109, 19.147, 19.374, 19.878, 20.38, 20.539, 20.695, 20.975, 21.219, 21.28, 21.117, 20.435, 19.814, 19.631, 19.363, 19.16, 19.21, 19.292, 19.558, 20.106, 20.652, 20.932, 21.005, 20.973, 20.994, 21.088, 21.356, 21.738, 21.969, 21.686, 21.728, 21.74, 21.652, 21.911, 22.338, 23.116, 24.267, 24.105, 23.344, 22.938, 22.89, 23.012, 23.223, 23.508, 23.53, 23.446, 23.301, 23.42, 23.662, 23.647, 23.691, 23.835, 24.114, 24.257], [9.23, 4.352, 2.05, 0.0, 2.877, 4.818, 6.123, 6.921, 8.492, 10.799, 12.3, 13.029, 13.468, 13.589, 13.616, 13.63, 14.148, 15.005, 15.611, 16.065, 16.221, 16.067, 15.925, 15.697, 15.744, 16.074, 16.713, 17.758, 18.659, 19.021, 19.033, 19.123, 19.249, 19.285, 19.487, 19.929, 20.402, 20.567, 20.732, 21.017, 21.261, 21.331, 21.189, 20.541, 19.929, 19.751, 19.51, 19.337, 19.414, 19.48, 19.69, 20.187, 20.691, 20.947, 21.01, 20.973, 20.986, 21.066, 21.327, 21.702, 21.929, 21.648, 21.686, 21.709, 21.631, 21.896, 22.319, 23.083, 24.207, 24.051, 23.285, 22.866, 22.83, 22.954, 23.161, 23.447, 23.471, 23.386, 23.237, 23.338, 23.574, 23.566, 23.618, 23.772, 24.052, 24.19], [9.453, 5.314, 4.202, 2.877, 0.0, 2.693, 4.726, 5.837, 7.862, 10.595, 12.245, 12.971, 13.439, 13.557, 13.587, 13.636, 14.167, 14.991, 15.596, 16.055, 16.211, 16.06, 15.898, 15.631, 15.657, 15.975, 16.602, 17.642, 18.561, 18.919, 18.912, 18.997, 19.128, 19.165, 19.361, 19.768, 20.211, 20.379, 20.588, 20.898, 21.15, 21.234, 21.09, 20.427, 19.791, 19.592, 19.345, 19.217, 19.334, 19.37, 19.54, 20.017, 20.538, 20.814, 20.875, 20.832, 20.836, 20.904, 21.163, 21.542, 21.783, 21.512, 21.555, 21.587, 21.481, 21.708, 22.107, 22.835, 23.932, 23.776, 22.964, 22.481, 22.434, 22.558, 22.753, 23.035, 23.069, 22.99, 22.852, 22.939, 23.164, 23.17, 23.235, 23.404, 23.688, 23.828], [10.052, 6.5, 5.714, 4.818, 2.693, 0.0, 2.691, 4.402, 7.119, 10.261, 12.007, 12.782, 13.304, 13.462, 13.525, 13.601, 14.191, 15.055, 15.67, 16.119, 16.264, 16.101, 15.921, 15.63, 15.644, 15.95, 16.584, 17.669, 18.64, 18.978, 18.912, 18.977, 19.093, 19.084, 19.234, 19.659, 20.134, 20.316, 20.553, 20.893, 21.175, 21.278, 21.133, 20.475, 19.874, 19.677, 19.396, 19.235, 19.33, 19.372, 19.545, 20.042, 20.604, 20.899, 20.963, 20.921, 20.913, 20.972, 21.24, 21.616, 21.833, 21.559, 21.621, 21.673, 21.563, 21.756, 22.123, 22.823, 23.887, 23.733, 22.945, 22.476, 22.44, 22.565, 22.75, 23.021, 23.057, 22.983, 22.868, 22.973, 23.202, 23.216, 23.285, 23.452, 23.733, 23.888], [10.433, 7.313, 6.677, 6.123, 4.726, 2.691, 0.0, 2.594, 6.236, 9.701, 11.466, 12.287, 12.855, 13.028, 13.127, 13.206, 13.855, 14.796, 15.434, 15.873, 16.021, 15.869, 15.683, 15.366, 15.382, 15.685, 16.353, 17.526, 18.587, 18.929, 18.807, 18.854, 18.965, 18.951, 19.107, 19.57, 20.067, 20.244, 20.488, 20.85, 21.161, 21.267, 21.101, 20.443, 19.885, 19.681, 19.359, 19.149, 19.217, 19.263, 19.42, 19.929, 20.53, 20.851, 20.924, 20.883, 20.877, 20.938, 21.215, 21.612, 21.819, 21.531, 21.608, 21.668, 21.55, 21.73, 22.089, 22.809, 23.89, 23.731, 22.96, 22.505, 22.469, 22.596, 22.786, 23.057, 23.089, 23.014, 22.914, 23.043, 23.283, 23.299, 23.368, 23.531, 23.814, 23.987], [10.08, 7.494, 7.293, 6.921, 5.837, 4.402, 2.594, 0.0, 4.333, 8.321, 10.465, 11.439, 12.014, 12.195, 12.324, 12.467, 13.184, 14.167, 14.839, 15.299, 15.466, 15.339, 15.131, 14.779, 14.798, 15.092, 15.777, 16.985, 18.111, 18.508, 18.386, 18.432, 18.574, 18.638, 18.859, 19.287, 19.757, 19.932, 20.181, 20.557, 20.874, 20.983, 20.816, 20.138, 19.539, 19.313, 18.99, 18.801, 18.849, 18.84, 18.953, 19.401, 19.974, 20.314, 20.39, 20.347, 20.35, 20.42, 20.691, 21.127, 21.38, 21.069, 21.145, 21.19, 21.054, 21.262, 21.661, 22.42, 23.565, 23.403, 22.587, 22.094, 22.019, 22.139, 22.332, 22.608, 22.633, 22.548, 22.443, 22.581, 22.825, 22.837, 22.909, 23.075, 23.371, 23.567], [9.857, 8.226, 8.599, 8.492, 7.862, 7.119, 6.236, 4.333, 0.0, 4.953, 8.219, 9.54, 10.118, 10.339, 10.549, 10.838, 11.614, 12.602, 13.304, 13.819, 14.028, 13.91, 13.65, 13.294, 13.361, 13.653, 14.39, 15.618, 16.814, 17.342, 17.269, 17.337, 17.545, 17.779, 18.138, 18.534, 18.994, 19.174, 19.44, 19.835, 20.144, 20.27, 20.197, 19.538, 18.862, 18.625, 18.346, 18.218, 18.208, 18.083, 18.178, 18.541, 19.044, 19.396, 19.464, 19.41, 19.427, 19.517, 19.768, 20.261, 20.632, 20.299, 20.361, 20.369, 20.19, 20.437, 20.909, 21.733, 23.0, 22.823, 21.9, 21.319, 21.162, 21.268, 21.469, 21.765, 21.778, 21.667, 21.546, 21.711, 21.966, 21.967, 22.035, 22.206, 22.521, 22.743], [11.012, 10.229, 10.737, 10.799, 10.595, 10.261, 9.701, 8.321, 4.953, 0.0, 4.601, 6.542, 7.235, 7.699, 8.126, 8.633, 9.533, 10.605, 11.444, 12.076, 12.336, 12.22, 11.956, 11.691, 11.835, 12.094, 12.918, 14.231, 15.542, 16.139, 16.039, 16.094, 16.338, 16.677, 17.115, 17.566, 18.114, 18.308, 18.565, 18.964, 19.281, 19.451, 19.578, 19.155, 18.615, 18.477, 18.29, 18.241, 18.213, 17.949, 17.975, 18.312, 18.758, 19.085, 19.143, 19.091, 19.117, 19.216, 19.442, 19.93, 20.362, 20.012, 20.033, 20.02, 19.871, 20.194, 20.729, 21.618, 22.972, 22.775, 21.791, 21.205, 21.04, 21.156, 21.373, 21.691, 21.689, 21.55, 21.425, 21.625, 21.889, 21.861, 21.913, 22.093, 22.431, 22.642], [12.325, 11.755, 12.154, 12.3, 12.245, 12.007, 11.466, 10.465, 8.219, 4.601, 0.0, 2.689, 4.285, 5.531, 6.244, 6.783, 7.932, 9.29, 10.371, 11.053, 11.284, 11.208, 11.016, 10.736, 10.916, 11.171, 12.044, 13.481, 14.887, 15.349, 15.053, 15.04, 15.253, 15.576, 16.053, 16.693, 17.393, 17.593, 17.817, 18.19, 18.529, 18.705, 18.921, 18.819, 18.656, 18.678, 18.557, 18.536, 18.52, 18.206, 18.144, 18.509, 18.981, 19.279, 19.325, 19.273, 19.265, 19.358, 19.61, 20.03, 20.388, 20.054, 20.046, 20.116, 20.076, 20.463, 21.04, 21.955, 23.294, 23.067, 22.091, 21.535, 21.389, 21.523, 21.763, 22.11, 22.115, 21.98, 21.871, 22.083, 22.34, 22.283, 22.327, 22.528, 22.87, 23.061], [12.939, 12.492, 12.869, 13.029, 12.971, 12.782, 12.287, 11.439, 9.54, 6.542, 2.689, 0.0, 2.469, 4.369, 5.277, 5.818, 6.971, 8.433, 9.635, 10.349, 10.582, 10.561, 10.445, 10.238, 10.474, 10.756, 11.651, 13.101, 14.525, 14.949, 14.598, 14.565, 14.781, 15.151, 15.721, 16.444, 17.167, 17.358, 17.576, 17.94, 18.27, 18.407, 18.592, 18.57, 18.565, 18.68, 18.617, 18.66, 18.675, 18.333, 18.221, 18.553, 19.016, 19.304, 19.331, 19.261, 19.227, 19.318, 19.568, 19.945, 20.277, 19.96, 19.936, 20.035, 20.046, 20.47, 21.079, 21.993, 23.318, 23.089, 22.1, 21.531, 21.377, 21.507, 21.75, 22.108, 22.12, 21.988, 21.884, 22.091, 22.336, 22.271, 22.314, 22.525, 22.869, 23.054], [13.137, 12.894, 13.331, 13.468, 13.439, 13.304, 12.855, 12.014, 10.118, 7.235, 4.285, 2.469, 0.0, 2.554, 3.816, 4.705, 6.109, 7.678, 8.915, 9.683, 9.968, 9.976, 9.84, 9.762, 10.092, 10.306, 11.187, 12.685, 14.171, 14.645, 14.327, 14.303, 14.542, 14.974, 15.572, 16.238, 16.941, 17.125, 17.335, 17.709, 18.045, 18.169, 18.337, 18.289, 18.275, 18.457, 18.517, 18.689, 18.765, 18.412, 18.256, 18.524, 18.923, 19.184, 19.188, 19.096, 19.063, 19.156, 19.379, 19.747, 20.106, 19.796, 19.771, 19.856, 19.881, 20.359, 21.013, 21.946, 23.29, 23.074, 22.076, 21.502, 21.334, 21.453, 21.696, 22.053, 22.056, 21.917, 21.806, 22.005, 22.238, 22.163, 22.192, 22.396, 22.745, 22.926], [13.109, 12.95, 13.464, 13.589, 13.557, 13.462, 13.028, 12.195, 10.339, 7.699, 5.531, 4.369, 2.554, 0.0, 1.85, 3.544, 5.244, 6.914, 8.124, 8.916, 9.245, 9.271, 9.102, 9.079, 9.452, 9.654, 10.597, 12.175, 13.71, 14.212, 13.923, 13.903, 14.152, 14.623, 15.281, 15.969, 16.667, 16.836, 17.045, 17.432, 17.773, 17.882, 18.011, 17.905, 17.843, 18.061, 18.211, 18.527, 18.71, 18.362, 18.203, 18.463, 18.847, 19.104, 19.098, 19.004, 18.985, 19.078, 19.275, 19.657, 20.035, 19.715, 19.715, 19.787, 19.786, 20.271, 20.941, 21.878, 23.237, 23.02, 22.006, 21.429, 21.267, 21.391, 21.644, 22.002, 21.996, 21.849, 21.724, 21.916, 22.153, 22.075, 22.09, 22.285, 22.639, 22.822], [13.073, 12.948, 13.491, 13.616, 13.587, 13.525, 13.127, 12.324, 10.549, 8.126, 6.244, 5.277, 3.816, 1.85, 0.0, 2.347, 4.636, 6.51, 7.738, 8.552, 8.892, 8.909, 8.695, 8.614, 9.0, 9.171, 10.068, 11.697, 13.29, 13.814, 13.541, 13.515, 13.752, 14.247, 14.97, 15.691, 16.393, 16.556, 16.762, 17.149, 17.487, 17.585, 17.681, 17.542, 17.472, 17.707, 17.881, 18.278, 18.549, 18.224, 18.071, 18.322, 18.698, 18.955, 18.95, 18.865, 18.862, 18.96, 19.155, 19.551, 19.946, 19.62, 19.624, 19.689, 19.675, 20.156, 20.828, 21.773, 23.158, 22.948, 21.903, 21.297, 21.132, 21.257, 21.515, 21.879, 21.876, 21.723, 21.581, 21.763, 21.999, 21.922, 21.938, 22.139, 22.504, 22.689], [13.233, 13.014, 13.488, 13.63, 13.636, 13.601, 13.206, 12.467, 10.838, 8.633, 6.783, 5.818, 4.705, 3.544, 2.347, 0.0, 3.191, 5.68, 7.154, 8.03, 8.37, 8.369, 8.147, 8.026, 8.427, 8.616, 9.571, 11.326, 13.003, 13.579, 13.341, 13.324, 13.546, 14.064, 14.868, 15.654, 16.375, 16.534, 16.727, 17.107, 17.434, 17.504, 17.544, 17.367, 17.292, 17.502, 17.644, 18.027, 18.331, 18.076, 17.991, 18.257, 18.634, 18.899, 18.9, 18.829, 18.85, 18.959, 19.168, 19.569, 19.987, 19.664, 19.652, 19.707, 19.677, 20.141, 20.804, 21.752, 23.152, 22.954, 21.892, 21.266, 21.112, 21.24, 21.499, 21.87, 21.875, 21.719, 21.563, 21.734, 21.966, 21.891, 21.915, 22.125, 22.498, 22.681], [13.812, 13.585, 14.005, 14.148, 14.167, 14.191, 13.855, 13.184, 11.614, 9.533, 7.932, 6.971, 6.109, 5.244, 4.636, 3.191, 0.0, 3.114, 5.21, 6.404, 6.912, 7.088, 7.162, 7.342, 7.756, 8.166, 9.483, 11.266, 12.916, 13.596, 13.453, 13.449, 13.689, 14.312, 15.286, 16.143, 16.825, 16.962, 17.157, 17.511, 17.775, 17.776, 17.785, 17.612, 17.49, 17.65, 17.763, 18.139, 18.458, 18.243, 18.261, 18.59, 18.969, 19.235, 19.238, 19.18, 19.228, 19.347, 19.53, 19.918, 20.355, 20.036, 19.995, 20.026, 19.972, 20.397, 21.016, 21.905, 23.254, 23.045, 21.994, 21.409, 21.293, 21.427, 21.679, 22.041, 22.05, 21.898, 21.734, 21.891, 22.117, 22.048, 22.067, 22.265, 22.636, 22.812], [14.61, 14.47, 14.89, 15.005, 14.991, 15.055, 14.796, 14.167, 12.602, 10.605, 9.29, 8.433, 7.678, 6.914, 6.51, 5.68, 3.114, 0.0, 2.658, 4.356, 5.161, 5.652, 6.231, 6.839, 7.279, 7.962, 9.545, 11.248, 12.807, 13.545, 13.445, 13.414, 13.663, 14.387, 15.524, 16.417, 17.035, 17.142, 17.337, 17.65, 17.858, 17.816, 17.857, 17.758, 17.652, 17.808, 17.955, 18.385, 18.722, 18.476, 18.512, 18.9, 19.282, 19.534, 19.541, 19.489, 19.547, 19.676, 19.831, 20.194, 20.637, 20.321, 20.255, 20.263, 20.205, 20.589, 21.145, 21.967, 23.259, 23.031, 21.992, 21.464, 21.384, 21.514, 21.751, 22.094, 22.103, 21.96, 21.796, 21.946, 22.17, 22.104, 22.116, 22.302, 22.671, 22.839], [15.187, 15.074, 15.488, 15.611, 15.596, 15.67, 15.434, 14.839, 13.304, 11.444, 10.371, 9.635, 8.915, 8.124, 7.738, 7.154, 5.21, 2.658, 0.0, 2.105, 3.304, 4.168, 5.228, 6.273, 6.782, 7.645, 9.414, 11.095, 12.589, 13.344, 13.267, 13.23, 13.495, 14.297, 15.528, 16.454, 17.036, 17.104, 17.276, 17.56, 17.749, 17.692, 17.755, 17.683, 17.586, 17.747, 17.943, 18.424, 18.763, 18.489, 18.526, 18.991, 19.433, 19.694, 19.709, 19.66, 19.723, 19.857, 19.995, 20.347, 20.804, 20.505, 20.431, 20.43, 20.362, 20.692, 21.194, 21.977, 23.23, 22.986, 21.972, 21.488, 21.415, 21.537, 21.766, 22.087, 22.084, 21.941, 21.785, 21.95, 22.185, 22.124, 22.129, 22.305, 22.668, 22.842], [15.592, 15.511, 15.922, 16.065, 16.055, 16.119, 15.873, 15.299, 13.819, 12.076, 11.053, 10.349, 9.683, 8.916, 8.552, 8.03, 6.404, 4.356, 2.105, 0.0, 1.574, 2.987, 4.455, 5.821, 6.432, 7.404, 9.322, 11.022, 12.483, 13.223, 13.142, 13.107, 13.391, 14.251, 15.522, 16.471, 17.047, 17.09, 17.241, 17.508, 17.693, 17.624, 17.679, 17.613, 17.552, 17.715, 17.91, 18.401, 18.728, 18.449, 18.506, 19.044, 19.549, 19.829, 19.851, 19.8, 19.865, 20.01, 20.145, 20.481, 20.936, 20.653, 20.581, 20.584, 20.52, 20.813, 21.285, 22.047, 23.269, 23.009, 22.012, 21.552, 21.476, 21.594, 21.821, 22.132, 22.123, 21.982, 21.836, 22.023, 22.27, 22.211, 22.21, 22.376, 22.729, 22.907], [15.792, 15.684, 16.065, 16.221, 16.211, 16.264, 16.021, 15.466, 14.028, 12.336, 11.284, 10.582, 9.968, 9.245, 8.892, 8.37, 6.912, 5.161, 3.304, 1.574, 0.0, 1.876, 3.734, 5.34, 6.038, 7.107, 9.106, 10.824, 12.3, 13.023, 12.916, 12.864, 13.129, 13.968, 15.243, 16.241, 16.848, 16.889, 17.026, 17.289, 17.482, 17.417, 17.464, 17.414, 17.422, 17.619, 17.807, 18.302, 18.638, 18.373, 18.456, 19.039, 19.572, 19.857, 19.879, 19.824, 19.881, 20.035, 20.182, 20.508, 20.954, 20.682, 20.609, 20.617, 20.569, 20.862, 21.328, 22.084, 23.295, 23.028, 22.036, 21.576, 21.498, 21.616, 21.846, 22.156, 22.148, 22.008, 21.867, 22.066, 22.315, 22.252, 22.246, 22.41, 22.757, 22.934], [15.848, 15.599, 15.895, 16.067, 16.06, 16.101, 15.869, 15.339, 13.91, 12.22, 11.208, 10.561, 9.976, 9.271, 8.909, 8.369, 7.088, 5.652, 4.168, 2.987, 1.876, 0.0, 2.286, 4.329, 5.181, 6.37, 8.497, 10.291, 11.864, 12.607, 12.486, 12.434, 12.657, 13.416, 14.677, 15.784, 16.471, 16.523, 16.655, 16.937, 17.17, 17.147, 17.215, 17.156, 17.191, 17.431, 17.622, 18.116, 18.47, 18.242, 18.361, 18.967, 19.514, 19.798, 19.816, 19.767, 19.82, 19.973, 20.141, 20.474, 20.916, 20.649, 20.588, 20.611, 20.578, 20.872, 21.334, 22.105, 23.333, 23.074, 22.083, 21.601, 21.509, 21.624, 21.857, 22.17, 22.159, 22.013, 21.873, 22.079, 22.328, 22.257, 22.247, 22.41, 22.753, 22.934], [15.761, 15.48, 15.746, 15.925, 15.898, 15.921, 15.683, 15.131, 13.65, 11.956, 11.016, 10.445, 9.84, 9.102, 8.695, 8.147, 7.162, 6.231, 5.228, 4.455, 3.734, 2.286, 0.0, 2.639, 3.914, 5.144, 7.451, 9.485, 11.268, 12.073, 11.941, 11.902, 12.112, 12.843, 14.098, 15.263, 16.006, 16.064, 16.211, 16.533, 16.823, 16.858, 16.972, 16.871, 16.852, 17.088, 17.292, 17.804, 18.168, 17.971, 18.098, 18.655, 19.174, 19.457, 19.466, 19.419, 19.481, 19.63, 19.82, 20.192, 20.661, 20.398, 20.365, 20.415, 20.381, 20.685, 21.168, 21.969, 23.248, 23.001, 21.977, 21.437, 21.306, 21.418, 21.658, 21.981, 21.965, 21.806, 21.659, 21.869, 22.115, 22.036, 22.024, 22.186, 22.528, 22.721], [15.539, 15.234, 15.487, 15.697, 15.631, 15.63, 15.366, 14.779, 13.294, 11.691, 10.736, 10.238, 9.762, 9.079, 8.614, 8.026, 7.342, 6.839, 6.273, 5.821, 5.34, 4.329, 2.639, 0.0, 2.015, 3.824, 6.351, 8.677, 10.7, 11.516, 11.288, 11.211, 11.396, 12.108, 13.417, 14.698, 15.508, 15.584, 15.779, 16.129, 16.449, 16.503, 16.587, 16.405, 16.367, 16.571, 16.718, 17.223, 17.626, 17.483, 17.628, 18.161, 18.7, 19.011, 19.017, 18.975, 19.046, 19.213, 19.454, 19.881, 20.355, 20.09, 20.097, 20.177, 20.123, 20.396, 20.879, 21.718, 23.054, 22.809, 21.756, 21.164, 20.999, 21.107, 21.35, 21.688, 21.679, 21.51, 21.361, 21.574, 21.815, 21.724, 21.708, 21.872, 22.216, 22.414], [15.65, 15.305, 15.52, 15.744, 15.657, 15.644, 15.382, 14.798, 13.361, 11.835, 10.916, 10.474, 10.092, 9.452, 9.0, 8.427, 7.756, 7.279, 6.782, 6.432, 6.038, 5.181, 3.914, 2.015, 0.0, 2.74, 5.875, 8.387, 10.457, 11.248, 10.974, 10.883, 11.056, 11.773, 13.117, 14.489, 15.351, 15.43, 15.654, 16.013, 16.335, 16.393, 16.458, 16.245, 16.203, 16.362, 16.451, 16.954, 17.395, 17.312, 17.487, 18.036, 18.634, 18.984, 19.001, 18.971, 19.05, 19.24, 19.521, 19.979, 20.438, 20.167, 20.179, 20.263, 20.19, 20.407, 20.853, 21.688, 23.02, 22.773, 21.745, 21.164, 20.991, 21.092, 21.331, 21.664, 21.652, 21.487, 21.341, 21.555, 21.792, 21.696, 21.666, 21.813, 22.143, 22.33], [15.776, 15.597, 15.867, 16.074, 15.975, 15.95, 15.685, 15.092, 13.653, 12.094, 11.171, 10.756, 10.306, 9.654, 9.171, 8.616, 8.166, 7.962, 7.645, 7.404, 7.107, 6.37, 5.144, 3.824, 2.74, 0.0, 3.92, 7.062, 9.483, 10.357, 10.068, 10.004, 10.21, 11.021, 12.4, 13.738, 14.639, 14.725, 14.945, 15.353, 15.712, 15.795, 15.903, 15.711, 15.645, 15.833, 16.027, 16.635, 17.136, 17.061, 17.174, 17.658, 18.249, 18.619, 18.633, 18.597, 18.686, 18.882, 19.17, 19.69, 20.218, 19.951, 19.961, 20.029, 19.931, 20.157, 20.633, 21.501, 22.877, 22.634, 21.577, 20.965, 20.759, 20.849, 21.092, 21.437, 21.423, 21.246, 21.084, 21.282, 21.51, 21.4, 21.354, 21.497, 21.831, 21.997], [16.033, 16.153, 16.527, 16.713, 16.602, 16.584, 16.353, 15.777, 14.39, 12.918, 12.044, 11.651, 11.187, 10.597, 10.068, 9.571, 9.483, 9.545, 9.414, 9.322, 9.106, 8.497, 7.451, 6.351, 5.875, 3.92, 0.0, 4.011, 7.485, 8.683, 8.308, 8.218, 8.476, 9.525, 11.06, 12.334, 13.249, 13.345, 13.539, 13.993, 14.391, 14.472, 14.573, 14.402, 14.379, 14.748, 15.14, 15.924, 16.572, 16.492, 16.482, 16.854, 17.374, 17.752, 17.751, 17.68, 17.75, 17.949, 18.224, 18.813, 19.483, 19.247, 19.26, 19.314, 19.221, 19.525, 20.102, 21.02, 22.438, 22.176, 21.032, 20.333, 20.097, 20.189, 20.451, 20.828, 20.833, 20.632, 20.425, 20.594, 20.809, 20.68, 20.625, 20.794, 21.177, 21.339], [16.765, 17.13, 17.592, 17.758, 17.642, 17.669, 17.526, 16.985, 15.618, 14.231, 13.481, 13.101, 12.685, 12.175, 11.697, 11.326, 11.266, 11.248, 11.095, 11.022, 10.824, 10.291, 9.485, 8.677, 8.387, 7.062, 4.011, 0.0, 4.452, 6.286, 6.155, 6.285, 6.843, 8.494, 10.541, 11.862, 12.666, 12.716, 12.884, 13.304, 13.672, 13.73, 13.832, 13.716, 13.742, 14.296, 14.827, 15.691, 16.387, 16.29, 16.266, 16.598, 17.074, 17.432, 17.404, 17.304, 17.342, 17.525, 17.741, 18.303, 19.05, 18.871, 18.887, 18.93, 18.836, 19.151, 19.747, 20.622, 21.988, 21.688, 20.523, 19.833, 19.613, 19.719, 19.999, 20.394, 20.422, 20.216, 19.977, 20.119, 20.332, 20.201, 20.135, 20.317, 20.741, 20.925], [17.616, 18.024, 18.518, 18.659, 18.561, 18.64, 18.587, 18.111, 16.814, 15.542, 14.887, 14.525, 14.171, 13.71, 13.29, 13.003, 12.916, 12.807, 12.589, 12.483, 12.3, 11.864, 11.268, 10.7, 10.457, 9.483, 7.485, 4.452, 0.0, 2.799, 4.237, 5.341, 6.497, 8.61, 11.145, 12.596, 13.242, 13.222, 13.353, 13.657, 13.915, 13.936, 14.055, 13.989, 13.989, 14.531, 15.065, 15.914, 16.536, 16.433, 16.525, 16.946, 17.465, 17.783, 17.732, 17.63, 17.657, 17.816, 17.974, 18.454, 19.181, 19.058, 19.097, 19.135, 18.989, 19.18, 19.652, 20.434, 21.686, 21.355, 20.305, 19.775, 19.617, 19.732, 20.019, 20.412, 20.455, 20.265, 20.028, 20.178, 20.415, 20.3, 20.22, 20.375, 20.785, 20.972], [18.15, 18.437, 18.888, 19.021, 18.919, 18.978, 18.929, 18.508, 17.342, 16.139, 15.349, 14.949, 14.645, 14.212, 13.814, 13.579, 13.596, 13.545, 13.344, 13.223, 13.023, 12.607, 12.073, 11.516, 11.248, 10.357, 8.683, 6.286, 2.799, 0.0, 2.729, 4.49, 5.824, 7.89, 10.574, 12.327, 13.065, 13.045, 13.187, 13.452, 13.678, 13.677, 13.787, 13.864, 14.116, 14.714, 15.176, 15.993, 16.627, 16.577, 16.707, 17.214, 17.833, 18.155, 18.095, 17.992, 17.983, 18.136, 18.324, 18.719, 19.298, 19.193, 19.284, 19.395, 19.299, 19.436, 19.842, 20.611, 21.799, 21.456, 20.51, 20.078, 19.97, 20.094, 20.379, 20.764, 20.813, 20.642, 20.429, 20.588, 20.828, 20.712, 20.625, 20.766, 21.145, 21.307], [18.192, 18.449, 18.892, 19.033, 18.912, 18.912, 18.807, 18.386, 17.269, 16.039, 15.053, 14.598, 14.327, 13.923, 13.541, 13.341, 13.453, 13.445, 13.267, 13.142, 12.916, 12.486, 11.941, 11.288, 10.974, 10.068, 8.308, 6.155, 4.237, 2.729, 0.0, 2.125, 3.763, 6.216, 9.115, 11.115, 12.006, 12.012, 12.196, 12.501, 12.782, 12.788, 12.901, 13.152, 13.749, 14.499, 14.928, 15.721, 16.435, 16.461, 16.528, 17.017, 17.686, 18.037, 17.973, 17.862, 17.821, 17.999, 18.251, 18.618, 19.086, 18.973, 19.101, 19.282, 19.288, 19.468, 19.896, 20.688, 21.902, 21.573, 20.613, 20.14, 20.028, 20.156, 20.444, 20.832, 20.882, 20.713, 20.51, 20.663, 20.879, 20.741, 20.652, 20.808, 21.19, 21.334], [18.264, 18.538, 18.982, 19.123, 18.997, 18.977, 18.854, 18.432, 17.337, 16.094, 15.04, 14.565, 14.303, 13.903, 13.515, 13.324, 13.449, 13.414, 13.23, 13.107, 12.864, 12.434, 11.902, 11.211, 10.883, 10.004, 8.218, 6.285, 5.341, 4.49, 2.125, 0.0, 2.068, 5.107, 8.248, 10.318, 11.254, 11.274, 11.474, 11.777, 12.061, 12.054, 12.184, 12.577, 13.407, 14.282, 14.726, 15.549, 16.365, 16.462, 16.496, 16.955, 17.607, 17.953, 17.883, 17.772, 17.722, 17.919, 18.205, 18.558, 18.972, 18.857, 18.995, 19.189, 19.256, 19.488, 19.94, 20.74, 21.972, 21.661, 20.69, 20.182, 20.066, 20.197, 20.487, 20.872, 20.919, 20.747, 20.545, 20.688, 20.881, 20.723, 20.631, 20.796, 21.179, 21.307], [18.556, 18.734, 19.109, 19.249, 19.128, 19.093, 18.965, 18.574, 17.545, 16.338, 15.253, 14.781, 14.542, 14.152, 13.752, 13.546, 13.689, 13.663, 13.495, 13.391, 13.129, 12.657, 12.112, 11.396, 11.056, 10.21, 8.476, 6.843, 6.497, 5.824, 3.763, 2.068, 0.0, 3.49, 7.025, 9.464, 10.573, 10.618, 10.822, 11.1, 11.374, 11.339, 11.484, 12.055, 13.195, 14.213, 14.653, 15.492, 16.428, 16.635, 16.697, 17.174, 17.829, 18.156, 18.08, 17.977, 17.907, 18.107, 18.426, 18.752, 19.068, 18.947, 19.107, 19.325, 19.445, 19.695, 20.16, 20.988, 22.208, 21.905, 20.973, 20.461, 20.351, 20.485, 20.772, 21.147, 21.187, 21.013, 20.818, 20.961, 21.144, 20.975, 20.886, 21.058, 21.433, 21.555], [19.097, 18.956, 19.147, 19.285, 19.165, 19.084, 18.951, 18.638, 17.779, 16.677, 15.576, 15.151, 14.974, 14.623, 14.247, 14.064, 14.312, 14.387, 14.297, 14.251, 13.968, 13.416, 12.843, 12.108, 11.773, 11.021, 9.525, 8.494, 8.61, 7.89, 6.216, 5.107, 3.49, 0.0, 4.373, 8.091, 9.73, 9.884, 10.086, 10.325, 10.644, 10.623, 10.761, 11.578, 13.157, 14.348, 14.72, 15.5, 16.551, 16.955, 17.116, 17.658, 18.356, 18.67, 18.593, 18.495, 18.381, 18.576, 18.963, 19.258, 19.41, 19.277, 19.482, 19.747, 19.938, 20.184, 20.621, 21.505, 22.695, 22.393, 21.561, 21.059, 20.971, 21.115, 21.401, 21.769, 21.806, 21.637, 21.466, 21.622, 21.816, 21.647, 21.563, 21.741, 22.107, 22.24], [19.517, 19.286, 19.374, 19.487, 19.361, 19.234, 19.107, 18.859, 18.138, 17.115, 16.053, 15.721, 15.572, 15.281, 14.97, 14.868, 15.286, 15.524, 15.528, 15.522, 15.243, 14.677, 14.098, 13.417, 13.117, 12.4, 11.06, 10.541, 11.145, 10.574, 9.115, 8.248, 7.025, 4.373, 0.0, 5.159, 7.641, 8.017, 8.268, 8.606, 9.189, 9.394, 9.8, 11.034, 13.037, 14.44, 14.822, 15.503, 16.613, 17.206, 17.459, 18.069, 18.781, 19.095, 19.022, 18.917, 18.783, 18.993, 19.447, 19.773, 19.897, 19.793, 20.008, 20.29, 20.524, 20.808, 21.264, 22.177, 23.36, 23.08, 22.303, 21.763, 21.644, 21.776, 22.055, 22.411, 22.444, 22.279, 22.116, 22.264, 22.445, 22.273, 22.192, 22.369, 22.71, 22.807], [19.358, 19.593, 19.878, 19.929, 19.768, 19.659, 19.57, 19.287, 18.534, 17.566, 16.693, 16.444, 16.238, 15.969, 15.691, 15.654, 16.143, 16.417, 16.454, 16.471, 16.241, 15.784, 15.263, 14.698, 14.489, 13.738, 12.334, 11.862, 12.596, 12.327, 11.115, 10.318, 9.464, 8.091, 5.159, 0.0, 3.2, 4.053, 4.617, 5.579, 6.718, 7.339, 8.323, 10.085, 12.314, 13.966, 14.586, 15.322, 16.408, 16.938, 17.106, 17.588, 18.145, 18.428, 18.345, 18.214, 18.103, 18.322, 18.777, 19.192, 19.476, 19.418, 19.574, 19.788, 20.021, 20.428, 21.005, 21.914, 23.138, 22.905, 22.088, 21.492, 21.321, 21.425, 21.687, 22.026, 22.049, 21.874, 21.692, 21.797, 21.911, 21.72, 21.646, 21.824, 22.141, 22.153], [19.483, 19.97, 20.38, 20.402, 20.211, 20.134, 20.067, 19.757, 18.994, 18.114, 17.393, 17.167, 16.941, 16.667, 16.393, 16.375, 16.825, 17.035, 17.036, 17.047, 16.848, 16.471, 16.006, 15.508, 15.351, 14.639, 13.249, 12.666, 13.242, 13.065, 12.006, 11.254, 10.573, 9.73, 7.641, 3.2, 0.0, 1.478, 2.894, 4.388, 5.711, 6.521, 7.827, 9.787, 12.017, 13.763, 14.53, 15.385, 16.472, 16.886, 16.947, 17.308, 17.774, 18.034, 17.938, 17.791, 17.69, 17.902, 18.331, 18.781, 19.153, 19.133, 19.265, 19.425, 19.639, 20.097, 20.716, 21.593, 22.83, 22.636, 21.804, 21.183, 20.982, 21.071, 21.318, 21.637, 21.645, 21.46, 21.263, 21.325, 21.383, 21.169, 21.087, 21.26, 21.559, 21.528], [19.577, 20.105, 20.539, 20.567, 20.379, 20.316, 20.244, 19.932, 19.174, 18.308, 17.593, 17.358, 17.125, 16.836, 16.556, 16.534, 16.962, 17.142, 17.104, 17.09, 16.889, 16.523, 16.064, 15.584, 15.43, 14.725, 13.345, 12.716, 13.222, 13.045, 12.012, 11.274, 10.618, 9.884, 8.017, 4.053, 1.478, 0.0, 1.98, 3.655, 5.108, 6.001, 7.454, 9.535, 11.818, 13.595, 14.438, 15.38, 16.506, 16.9, 16.931, 17.288, 17.763, 18.018, 17.921, 17.781, 17.685, 17.893, 18.316, 18.766, 19.137, 19.133, 19.269, 19.428, 19.643, 20.088, 20.695, 21.558, 22.786, 22.597, 21.779, 21.173, 20.967, 21.054, 21.303, 21.618, 21.616, 21.43, 21.23, 21.285, 21.334, 21.112, 21.025, 21.193, 21.485, 21.453], [19.756, 20.269, 20.695, 20.732, 20.588, 20.553, 20.488, 20.181, 19.44, 18.565, 17.817, 17.576, 17.335, 17.045, 16.762, 16.727, 17.157, 17.337, 17.276, 17.241, 17.026, 16.655, 16.211, 15.779, 15.654, 14.945, 13.539, 12.884, 13.353, 13.187, 12.196, 11.474, 10.822, 10.086, 8.268, 4.617, 2.894, 1.98, 0.0, 2.166, 4.108, 5.218, 6.913, 9.279, 11.74, 13.61, 14.54, 15.5, 16.62, 17.019, 17.043, 17.412, 17.867, 18.092, 17.996, 17.859, 17.762, 17.956, 18.364, 18.796, 19.158, 19.167, 19.288, 19.443, 19.685, 20.157, 20.786, 21.666, 22.876, 22.67, 21.878, 21.315, 21.14, 21.243, 21.507, 21.832, 21.831, 21.64, 21.44, 21.519, 21.592, 21.376, 21.302, 21.483, 21.781, 21.764], [20.069, 20.557, 20.975, 21.017, 20.898, 20.893, 20.85, 20.557, 19.835, 18.964, 18.19, 17.94, 17.709, 17.432, 17.149, 17.107, 17.511, 17.65, 17.56, 17.508, 17.289, 16.937, 16.533, 16.129, 16.013, 15.353, 13.993, 13.304, 13.657, 13.452, 12.501, 11.777, 11.1, 10.325, 8.606, 5.579, 4.388, 3.655, 2.166, 0.0, 2.342, 3.826, 6.05, 8.832, 11.543, 13.491, 14.451, 15.438, 16.596, 17.043, 17.108, 17.534, 18.002, 18.217, 18.118, 17.988, 17.871, 18.071, 18.487, 18.873, 19.177, 19.2, 19.316, 19.476, 19.74, 20.204, 20.819, 21.701, 22.882, 22.661, 21.91, 21.389, 21.239, 21.365, 21.647, 21.975, 21.968, 21.773, 21.577, 21.678, 21.779, 21.572, 21.503, 21.69, 21.99, 21.988], [20.251, 20.768, 21.219, 21.261, 21.15, 21.175, 21.161, 20.874, 20.144, 19.281, 18.529, 18.27, 18.045, 17.773, 17.487, 17.434, 17.775, 17.858, 17.749, 17.693, 17.482, 17.17, 16.823, 16.449, 16.335, 15.712, 14.391, 13.672, 13.915, 13.678, 12.782, 12.061, 11.374, 10.644, 9.189, 6.718, 5.711, 5.108, 4.108, 2.342, 0.0, 2.063, 5.091, 8.267, 11.161, 13.152, 14.104, 15.135, 16.354, 16.816, 16.912, 17.362, 17.843, 18.073, 17.965, 17.837, 17.716, 17.953, 18.393, 18.765, 19.037, 19.05, 19.167, 19.334, 19.596, 20.037, 20.638, 21.531, 22.717, 22.489, 21.742, 21.246, 21.12, 21.265, 21.565, 21.9, 21.891, 21.691, 21.49, 21.592, 21.708, 21.507, 21.438, 21.632, 21.944, 21.956], [20.254, 20.798, 21.28, 21.331, 21.234, 21.278, 21.267, 20.983, 20.27, 19.451, 18.705, 18.407, 18.169, 17.882, 17.585, 17.504, 17.776, 17.816, 17.692, 17.624, 17.417, 17.147, 16.858, 16.503, 16.393, 15.795, 14.472, 13.73, 13.936, 13.677, 12.788, 12.054, 11.339, 10.623, 9.394, 7.339, 6.521, 6.001, 5.218, 3.826, 2.063, 0.0, 3.549, 7.193, 10.452, 12.589, 13.57, 14.681, 15.995, 16.501, 16.626, 17.109, 17.662, 17.935, 17.827, 17.7, 17.59, 17.869, 18.331, 18.709, 18.969, 18.962, 19.09, 19.267, 19.523, 19.941, 20.529, 21.427, 22.612, 22.382, 21.633, 21.165, 21.079, 21.24, 21.546, 21.892, 21.895, 21.696, 21.487, 21.582, 21.705, 21.508, 21.441, 21.643, 21.976, 22.005], [20.054, 20.59, 21.117, 21.189, 21.09, 21.133, 21.101, 20.816, 20.197, 19.578, 18.921, 18.592, 18.337, 18.011, 17.681, 17.544, 17.785, 17.857, 17.755, 17.679, 17.464, 17.215, 16.972, 16.587, 16.458, 15.903, 14.573, 13.832, 14.055, 13.787, 12.901, 12.184, 11.484, 10.761, 9.8, 8.323, 7.827, 7.454, 6.913, 6.05, 5.091, 3.549, 0.0, 4.402, 8.634, 11.15, 12.195, 13.493, 15.059, 15.753, 15.939, 16.5, 17.242, 17.61, 17.506, 17.389, 17.303, 17.632, 18.133, 18.562, 18.84, 18.822, 18.981, 19.162, 19.397, 19.776, 20.339, 21.247, 22.441, 22.206, 21.45, 20.999, 20.96, 21.135, 21.444, 21.797, 21.823, 21.632, 21.416, 21.513, 21.648, 21.454, 21.38, 21.585, 21.945, 21.999], [19.201, 19.794, 20.435, 20.541, 20.427, 20.475, 20.443, 20.138, 19.538, 19.155, 18.819, 18.57, 18.289, 17.905, 17.542, 17.367, 17.612, 17.758, 17.683, 17.613, 17.414, 17.156, 16.871, 16.405, 16.245, 15.711, 14.402, 13.716, 13.989, 13.864, 13.152, 12.577, 12.055, 11.578, 11.034, 10.085, 9.787, 9.535, 9.279, 8.832, 8.267, 7.193, 4.402, 0.0, 5.161, 8.229, 9.593, 11.327, 13.284, 14.348, 14.738, 15.38, 16.342, 16.838, 16.733, 16.619, 16.581, 16.963, 17.491, 18.088, 18.541, 18.488, 18.675, 18.814, 18.935, 19.234, 19.759, 20.668, 21.92, 21.686, 20.863, 20.357, 20.295, 20.464, 20.776, 21.135, 21.17, 20.977, 20.735, 20.834, 20.989, 20.805, 20.708, 20.886, 21.269, 21.365], [18.222, 19.017, 19.814, 19.929, 19.791, 19.874, 19.885, 19.539, 18.862, 18.615, 18.656, 18.565, 18.275, 17.843, 17.472, 17.292, 17.49, 17.652, 17.586, 17.552, 17.422, 17.191, 16.852, 16.367, 16.203, 15.645, 14.379, 13.742, 13.989, 14.116, 13.749, 13.407, 13.195, 13.157, 13.037, 12.314, 12.017, 11.818, 11.74, 11.543, 11.161, 10.452, 8.634, 5.161, 0.0, 4.023, 6.832, 9.561, 11.927, 13.23, 13.848, 14.52, 15.538, 16.113, 16.02, 15.897, 15.963, 16.365, 16.829, 17.658, 18.445, 18.342, 18.485, 18.525, 18.456, 18.667, 19.144, 20.003, 21.311, 21.081, 20.124, 19.49, 19.364, 19.519, 19.835, 20.19, 20.219, 20.016, 19.73, 19.822, 20.015, 19.867, 19.754, 19.907, 20.331, 20.484], [18.027, 18.821, 19.631, 19.751, 19.592, 19.677, 19.681, 19.313, 18.625, 18.477, 18.678, 18.68, 18.457, 18.061, 17.707, 17.502, 17.65, 17.808, 17.747, 17.715, 17.619, 17.431, 17.088, 16.571, 16.362, 15.833, 14.748, 14.296, 14.531, 14.714, 14.499, 14.282, 14.213, 14.348, 14.44, 13.966, 13.763, 13.595, 13.61, 13.491, 13.152, 12.589, 11.15, 8.229, 4.023, 0.0, 4.271, 8.073, 10.885, 12.387, 13.186, 14.0, 15.137, 15.781, 15.732, 15.667, 15.85, 16.271, 16.741, 17.674, 18.565, 18.44, 18.562, 18.588, 18.413, 18.492, 18.863, 19.654, 20.969, 20.769, 19.778, 19.114, 18.982, 19.128, 19.432, 19.773, 19.804, 19.611, 19.323, 19.435, 19.671, 19.569, 19.461, 19.591, 20.008, 20.203], [18.025, 18.643, 19.363, 19.51, 19.345, 19.396, 19.359, 18.99, 18.346, 18.29, 18.557, 18.617, 18.517, 18.211, 17.881, 17.644, 17.763, 17.955, 17.943, 17.91, 17.807, 17.622, 17.292, 16.718, 16.451, 16.027, 15.14, 14.827, 15.065, 15.176, 14.928, 14.726, 14.653, 14.72, 14.822, 14.586, 14.53, 14.438, 14.54, 14.451, 14.104, 13.57, 12.195, 9.593, 6.832, 4.271, 0.0, 4.76, 8.603, 10.763, 11.926, 13.049, 14.513, 15.313, 15.327, 15.344, 15.56, 16.043, 16.619, 17.568, 18.373, 18.229, 18.402, 18.489, 18.305, 18.257, 18.531, 19.314, 20.625, 20.449, 19.528, 18.921, 18.82, 18.979, 19.288, 19.632, 19.669, 19.488, 19.216, 19.371, 19.655, 19.589, 19.503, 19.622, 20.023, 20.24], [18.107, 18.56, 19.16, 19.337, 19.217, 19.235, 19.149, 18.801, 18.218, 18.241, 18.536, 18.66, 18.689, 18.527, 18.278, 18.027, 18.139, 18.385, 18.424, 18.401, 18.302, 18.116, 17.804, 17.223, 16.954, 16.635, 15.924, 15.691, 15.914, 15.993, 15.721, 15.549, 15.492, 15.5, 15.503, 15.322, 15.385, 15.38, 15.5, 15.438, 15.135, 14.681, 13.493, 11.327, 9.561, 8.073, 4.76, 0.0, 5.004, 8.421, 10.323, 11.911, 13.773, 14.77, 14.854, 14.928, 15.135, 15.701, 16.418, 17.407, 18.164, 18.037, 18.266, 18.432, 18.256, 18.096, 18.306, 19.134, 20.45, 20.263, 19.428, 18.917, 18.843, 19.009, 19.335, 19.688, 19.725, 19.552, 19.31, 19.521, 19.867, 19.865, 19.826, 19.937, 20.309, 20.537], [18.21, 18.635, 19.21, 19.414, 19.334, 19.33, 19.217, 18.849, 18.208, 18.213, 18.52, 18.675, 18.765, 18.71, 18.549, 18.331, 18.458, 18.722, 18.763, 18.728, 18.638, 18.47, 18.168, 17.626, 17.395, 17.136, 16.572, 16.387, 16.536, 16.627, 16.435, 16.365, 16.428, 16.551, 16.613, 16.408, 16.472, 16.506, 16.62, 16.596, 16.354, 15.995, 15.059, 13.284, 11.927, 10.885, 8.603, 5.004, 0.0, 4.94, 8.152, 10.319, 12.548, 13.773, 13.939, 14.057, 14.26, 14.88, 15.713, 16.803, 17.653, 17.581, 17.837, 18.039, 17.841, 17.601, 17.761, 18.645, 20.034, 19.827, 19.019, 18.585, 18.523, 18.695, 19.038, 19.405, 19.444, 19.28, 19.087, 19.374, 19.775, 19.832, 19.866, 20.006, 20.359, 20.627], [18.05, 18.618, 19.292, 19.48, 19.37, 19.372, 19.263, 18.84, 18.083, 17.949, 18.206, 18.333, 18.412, 18.362, 18.224, 18.076, 18.243, 18.476, 18.489, 18.449, 18.373, 18.242, 17.971, 17.483, 17.312, 17.061, 16.492, 16.29, 16.433, 16.577, 16.461, 16.462, 16.635, 16.955, 17.206, 16.938, 16.886, 16.9, 17.019, 17.043, 16.816, 16.501, 15.753, 14.348, 13.23, 12.387, 10.763, 8.421, 4.94, 0.0, 4.672, 8.052, 10.633, 12.048, 12.309, 12.483, 12.761, 13.377, 14.202, 15.419, 16.474, 16.44, 16.692, 16.881, 16.643, 16.441, 16.694, 17.698, 19.285, 19.086, 18.155, 17.712, 17.658, 17.859, 18.228, 18.619, 18.641, 18.48, 18.333, 18.665, 19.082, 19.154, 19.275, 19.532, 19.921, 20.199], [18.056, 18.797, 19.558, 19.69, 19.54, 19.545, 19.42, 18.953, 18.178, 17.975, 18.144, 18.221, 18.256, 18.203, 18.071, 17.991, 18.261, 18.512, 18.526, 18.506, 18.456, 18.361, 18.098, 17.628, 17.487, 17.174, 16.482, 16.266, 16.525, 16.707, 16.528, 16.496, 16.697, 17.116, 17.459, 17.106, 16.947, 16.931, 17.043, 17.108, 16.912, 16.626, 15.939, 14.738, 13.848, 13.186, 11.926, 10.323, 8.152, 4.672, 0.0, 4.839, 8.438, 10.209, 10.544, 10.793, 11.166, 11.85, 12.707, 14.054, 15.234, 15.234, 15.544, 15.801, 15.623, 15.544, 15.957, 17.074, 18.801, 18.647, 17.659, 17.24, 17.207, 17.423, 17.8, 18.204, 18.216, 18.048, 17.928, 18.269, 18.666, 18.707, 18.847, 19.174, 19.63, 19.923], [18.297, 19.247, 20.106, 20.187, 20.017, 20.042, 19.929, 19.401, 18.541, 18.312, 18.509, 18.553, 18.524, 18.463, 18.322, 18.257, 18.59, 18.9, 18.991, 19.044, 19.039, 18.967, 18.655, 18.161, 18.036, 17.658, 16.854, 16.598, 16.946, 17.214, 17.017, 16.955, 17.174, 17.658, 18.069, 17.588, 17.308, 17.288, 17.412, 17.534, 17.362, 17.109, 16.5, 15.38, 14.52, 14.0, 13.049, 11.911, 10.319, 8.052, 4.839, 0.0, 5.025, 7.606, 8.06, 8.39, 8.903, 9.784, 10.807, 12.448, 13.792, 13.834, 14.277, 14.622, 14.532, 14.603, 15.192, 16.396, 18.227, 18.147, 17.141, 16.71, 16.674, 16.887, 17.264, 17.685, 17.724, 17.542, 17.413, 17.74, 18.122, 18.163, 18.333, 18.668, 19.179, 19.61], [18.698, 19.771, 20.652, 20.691, 20.538, 20.604, 20.53, 19.974, 19.044, 18.758, 18.981, 19.016, 18.923, 18.847, 18.698, 18.634, 18.969, 19.282, 19.433, 19.549, 19.572, 19.514, 19.174, 18.7, 18.634, 18.249, 17.374, 17.074, 17.465, 17.833, 17.686, 17.607, 17.829, 18.356, 18.781, 18.145, 17.774, 17.763, 17.867, 18.002, 17.843, 17.662, 17.242, 16.342, 15.538, 15.137, 14.513, 13.773, 12.548, 10.633, 8.438, 5.025, 0.0, 3.36, 4.245, 4.845, 5.886, 7.145, 8.442, 10.414, 12.114, 12.31, 12.834, 13.189, 13.219, 13.585, 14.471, 15.826, 17.78, 17.746, 16.675, 16.202, 16.162, 16.376, 16.753, 17.198, 17.252, 17.051, 16.88, 17.163, 17.54, 17.627, 17.892, 18.285, 18.807, 19.362], [19.041, 20.087, 20.932, 20.947, 20.814, 20.899, 20.851, 20.314, 19.396, 19.085, 19.279, 19.304, 19.184, 19.104, 18.955, 18.899, 19.235, 19.534, 19.694, 19.829, 19.857, 19.798, 19.457, 19.011, 18.984, 18.619, 17.752, 17.432, 17.783, 18.155, 18.037, 17.953, 18.156, 18.67, 19.095, 18.428, 18.034, 18.018, 18.092, 18.217, 18.073, 17.935, 17.61, 16.838, 16.113, 15.781, 15.313, 14.77, 13.773, 12.048, 10.209, 7.606, 3.36, 0.0, 1.648, 2.932, 4.534, 5.929, 7.323, 9.343, 11.245, 11.579, 12.095, 12.482, 12.672, 13.28, 14.329, 15.746, 17.704, 17.703, 16.686, 16.22, 16.19, 16.4, 16.766, 17.211, 17.265, 17.057, 16.875, 17.153, 17.522, 17.611, 17.913, 18.333, 18.842, 19.434], [19.079, 20.15, 21.005, 21.01, 20.875, 20.963, 20.924, 20.39, 19.464, 19.143, 19.325, 19.331, 19.188, 19.098, 18.95, 18.9, 19.238, 19.541, 19.709, 19.851, 19.879, 19.816, 19.466, 19.017, 19.001, 18.633, 17.751, 17.404, 17.732, 18.095, 17.973, 17.883, 18.08, 18.593, 19.022, 18.345, 17.938, 17.921, 17.996, 18.118, 17.965, 17.827, 17.506, 16.733, 16.02, 15.732, 15.327, 14.854, 13.939, 12.309, 10.544, 8.06, 4.245, 1.648, 0.0, 1.813, 3.786, 5.313, 6.76, 8.864, 10.895, 11.294, 11.809, 12.214, 12.46, 13.146, 14.247, 15.678, 17.644, 17.651, 16.643, 16.164, 16.124, 16.332, 16.705, 17.166, 17.224, 17.014, 16.836, 17.111, 17.458, 17.525, 17.82, 18.237, 18.741, 19.339], [18.997, 20.099, 20.973, 20.973, 20.832, 20.921, 20.883, 20.347, 19.41, 19.091, 19.273, 19.261, 19.096, 19.004, 18.865, 18.829, 19.18, 19.489, 19.66, 19.8, 19.824, 19.767, 19.419, 18.975, 18.971, 18.597, 17.68, 17.304, 17.63, 17.992, 17.862, 17.772, 17.977, 18.495, 18.917, 18.214, 17.791, 17.781, 17.859, 17.988, 17.837, 17.7, 17.389, 16.619, 15.897, 15.667, 15.344, 14.928, 14.057, 12.483, 10.793, 8.39, 4.845, 2.932, 1.813, 0.0, 2.455, 4.375, 6.004, 8.248, 10.444, 10.873, 11.39, 11.791, 12.078, 12.865, 14.059, 15.522, 17.484, 17.446, 16.386, 15.89, 15.86, 16.083, 16.483, 16.966, 17.025, 16.817, 16.646, 16.918, 17.259, 17.317, 17.61, 18.034, 18.546, 19.152], [19.073, 20.134, 20.994, 20.986, 20.836, 20.913, 20.877, 20.35, 19.427, 19.117, 19.265, 19.227, 19.063, 18.985, 18.862, 18.85, 19.228, 19.547, 19.723, 19.865, 19.881, 19.82, 19.481, 19.046, 19.05, 18.686, 17.75, 17.342, 17.657, 17.983, 17.821, 17.722, 17.907, 18.381, 18.783, 18.103, 17.69, 17.685, 17.762, 17.871, 17.716, 17.59, 17.303, 16.581, 15.963, 15.85, 15.56, 15.135, 14.26, 12.761, 11.166, 8.903, 5.886, 4.534, 3.786, 2.455, 0.0, 2.618, 4.891, 7.15, 9.37, 9.896, 10.47, 10.954, 11.417, 12.352, 13.667, 15.184, 17.084, 17.011, 16.022, 15.564, 15.571, 15.817, 16.249, 16.756, 16.823, 16.626, 16.486, 16.781, 17.13, 17.185, 17.491, 17.932, 18.447, 19.082], [19.196, 20.24, 21.088, 21.066, 20.904, 20.972, 20.938, 20.42, 19.517, 19.216, 19.358, 19.318, 19.156, 19.078, 18.96, 18.959, 19.347, 19.676, 19.857, 20.01, 20.035, 19.973, 19.63, 19.213, 19.24, 18.882, 17.949, 17.525, 17.816, 18.136, 17.999, 17.919, 18.107, 18.576, 18.993, 18.322, 17.902, 17.893, 17.956, 18.071, 17.953, 17.869, 17.632, 16.963, 16.365, 16.271, 16.043, 15.701, 14.88, 13.377, 11.85, 9.784, 7.145, 5.929, 5.313, 4.375, 2.618, 0.0, 2.994, 5.731, 8.321, 9.07, 9.64, 10.141, 10.744, 11.875, 13.299, 14.827, 16.703, 16.693, 15.85, 15.419, 15.426, 15.664, 16.088, 16.597, 16.676, 16.491, 16.38, 16.689, 17.01, 17.057, 17.389, 17.85, 18.362, 19.032], [19.394, 20.496, 21.356, 21.327, 21.163, 21.24, 21.215, 20.691, 19.768, 19.442, 19.61, 19.568, 19.379, 19.275, 19.155, 19.168, 19.53, 19.831, 19.995, 20.145, 20.182, 20.141, 19.82, 19.454, 19.521, 19.17, 18.224, 17.741, 17.974, 18.324, 18.251, 18.205, 18.426, 18.963, 19.447, 18.777, 18.331, 18.316, 18.364, 18.487, 18.393, 18.331, 18.133, 17.491, 16.829, 16.741, 16.619, 16.418, 15.713, 14.202, 12.707, 10.807, 8.442, 7.323, 6.76, 6.004, 4.891, 2.994, 0.0, 3.895, 7.454, 8.508, 9.057, 9.457, 10.13, 11.477, 12.986, 14.436, 16.274, 16.328, 15.594, 15.21, 15.226, 15.453, 15.852, 16.352, 16.45, 16.282, 16.197, 16.507, 16.798, 16.851, 17.201, 17.669, 18.176, 18.861], [19.996, 20.959, 21.738, 21.702, 21.542, 21.616, 21.612, 21.127, 20.261, 19.93, 20.03, 19.945, 19.747, 19.657, 19.551, 19.569, 19.918, 20.194, 20.347, 20.481, 20.508, 20.474, 20.192, 19.881, 19.979, 19.69, 18.813, 18.303, 18.454, 18.719, 18.618, 18.558, 18.752, 19.258, 19.773, 19.192, 18.781, 18.766, 18.796, 18.873, 18.765, 18.709, 18.562, 18.088, 17.658, 17.674, 17.568, 17.407, 16.803, 15.419, 14.054, 12.448, 10.414, 9.343, 8.864, 8.248, 7.15, 5.731, 3.895, 0.0, 4.443, 6.298, 7.093, 7.769, 9.073, 10.83, 12.542, 14.011, 15.678, 15.746, 15.234, 15.055, 15.22, 15.483, 15.884, 16.392, 16.533, 16.401, 16.352