[[0.0, 3.084, 4.57, 6.763, 10.224, 11.922, 12.422, 12.743, 13.078, 13.724, 14.436, 14.993, 14.512, 14.089, 13.933, 14.434, 14.916, 15.167, 15.544, 15.624, 16.748, 18.382, 19.199, 19.718, 19.86, 19.503, 19.31, 19.704, 20.323, 22.33, 25.691, 27.301, 28.169, 29.315, 29.815, 30.173, 29.925, 29.568, 29.203, 29.088, 29.436, 29.806, 30.468, 31.466, 32.059, 33.235, 33.688, 33.359, 32.354, 31.626, 31.666, 31.76, 30.929, 29.278, 28.441, 27.744, 27.532, 28.558, 28.947, 28.444, 29.045, 30.598, 31.763, 32.054, 31.168, 30.599, 30.216, 29.911, 29.61, 28.955, 28.201, 28.068, 28.512, 28.968, 29.029, 28.8, 28.335, 27.918, 27.92, 28.011, 27.577, 26.581, 26.074, 26.14, 27.379, 29.078], [3.084, 0.0, 2.603, 5.99, 9.985, 11.787, 12.232, 12.517, 12.835, 13.348, 14.019, 14.655, 14.336, 14.022, 13.903, 14.444, 14.926, 15.245, 15.691, 15.86, 17.103, 18.742, 19.552, 20.036, 20.157, 19.794, 19.582, 19.98, 20.601, 22.593, 25.923, 27.526, 28.392, 29.526, 30.049, 30.409, 30.127, 29.758, 29.411, 29.316, 29.668, 30.037, 30.695, 31.699, 32.29, 33.453, 33.905, 33.577, 32.61, 31.897, 31.921, 32.009, 31.159, 29.484, 28.648, 27.956, 27.71, 28.677, 29.04, 28.546, 29.124, 30.649, 31.821, 32.118, 31.235, 30.661, 30.278, 29.988, 29.705, 29.062, 28.303, 28.119, 28.509, 28.953, 29.038, 28.833, 28.365, 27.94, 27.946, 28.055, 27.656, 26.693, 26.188, 26.263, 27.512, 29.23], [4.57, 2.603, 0.0, 4.479, 9.231, 11.288, 11.78, 12.076, 12.413, 12.985, 13.668, 14.249, 13.89, 13.637, 13.584, 14.159, 14.651, 14.998, 15.478, 15.711, 17.118, 18.838, 19.659, 20.14, 20.248, 19.877, 19.699, 20.153, 20.772, 22.794, 26.206, 27.871, 28.75, 29.867, 30.38, 30.76, 30.49, 30.122, 29.787, 29.691, 30.033, 30.411, 31.102, 32.138, 32.725, 33.87, 34.311, 33.992, 33.042, 32.337, 32.366, 32.455, 31.597, 29.912, 29.068, 28.375, 28.097, 29.035, 29.384, 28.895, 29.51, 31.042, 32.203, 32.5, 31.639, 31.075, 30.674, 30.38, 30.087, 29.435, 28.696, 28.53, 28.931, 29.4, 29.528, 29.359, 28.897, 28.451, 28.442, 28.55, 28.151, 27.165, 26.642, 26.724, 27.987, 29.728], [6.763, 5.99, 4.479, 0.0, 5.601, 8.251, 8.838, 9.365, 9.988, 11.007, 11.987, 12.809, 12.925, 13.014, 13.182, 13.998, 14.629, 14.915, 15.147, 15.237, 16.693, 18.412, 19.178, 19.627, 19.772, 19.504, 19.533, 20.045, 20.601, 22.502, 25.798, 27.491, 28.415, 29.55, 30.064, 30.428, 30.194, 29.886, 29.581, 29.454, 29.757, 30.122, 30.792, 31.835, 32.407, 33.44, 33.801, 33.405, 32.484, 31.864, 31.893, 31.971, 31.132, 29.494, 28.69, 28.041, 27.745, 28.607, 28.964, 28.574, 29.198, 30.66, 31.773, 32.081, 31.327, 30.856, 30.479, 30.175, 29.869, 29.27, 28.706, 28.705, 29.133, 29.586, 29.711, 29.516, 28.98, 28.462, 28.407, 28.49, 28.138, 27.301, 26.809, 26.793, 27.947, 29.574], [10.224, 9.985, 9.231, 5.601, 0.0, 3.327, 4.41, 5.645, 6.772, 8.476, 10.037, 11.418, 12.223, 12.577, 12.923, 14.023, 14.844, 15.018, 14.842, 14.62, 15.858, 17.44, 18.134, 18.543, 18.753, 18.629, 18.889, 19.427, 19.9, 21.598, 24.683, 26.377, 27.353, 28.528, 29.049, 29.389, 29.19, 28.965, 28.722, 28.585, 28.841, 29.207, 29.903, 31.018, 31.605, 32.501, 32.764, 32.262, 31.331, 30.779, 30.783, 30.857, 30.064, 28.505, 27.773, 27.198, 26.901, 27.717, 28.132, 27.871, 28.477, 29.851, 30.922, 31.251, 30.622, 30.281, 29.957, 29.642, 29.345, 28.866, 28.556, 28.762, 29.217, 29.632, 29.718, 29.458, 28.82, 28.23, 28.139, 28.207, 27.93, 27.281, 26.82, 26.693, 27.709, 29.164], [11.922, 11.787, 11.288, 8.251, 3.327, 0.0, 2.149, 4.133, 5.58, 7.551, 9.346, 11.017, 12.121, 12.562, 12.952, 14.138, 15.017, 15.181, 14.919, 14.564, 15.625, 17.109, 17.788, 18.2, 18.425, 18.3, 18.591, 19.134, 19.606, 21.229, 24.211, 25.875, 26.855, 28.043, 28.57, 28.898, 28.711, 28.521, 28.319, 28.222, 28.473, 28.835, 29.557, 30.707, 31.31, 32.152, 32.383, 31.855, 30.937, 30.431, 30.441, 30.503, 29.712, 28.198, 27.522, 26.986, 26.685, 27.48, 27.92, 27.722, 28.308, 29.631, 30.685, 31.024, 30.425, 30.108, 29.799, 29.487, 29.202, 28.784, 28.567, 28.838, 29.296, 29.701, 29.787, 29.519, 28.851, 28.24, 28.138, 28.199, 27.955, 27.384, 26.936, 26.757, 27.685, 29.068], [12.422, 12.232, 11.78, 8.838, 4.41, 2.149, 0.0, 2.822, 4.883, 6.997, 8.83, 10.496, 11.791, 12.481, 13.01, 14.265, 15.148, 15.308, 15.064, 14.729, 15.873, 17.387, 18.05, 18.457, 18.617, 18.359, 18.586, 19.128, 19.617, 21.237, 24.196, 25.876, 26.872, 28.046, 28.572, 28.888, 28.686, 28.502, 28.302, 28.206, 28.495, 28.868, 29.535, 30.648, 31.247, 32.072, 32.285, 31.733, 30.821, 30.354, 30.384, 30.441, 29.632, 28.104, 27.422, 26.889, 26.551, 27.253, 27.646, 27.482, 28.075, 29.352, 30.374, 30.71, 30.099, 29.749, 29.427, 29.113, 28.831, 28.429, 28.223, 28.496, 28.957, 29.376, 29.481, 29.233, 28.575, 27.957, 27.843, 27.89, 27.644, 27.114, 26.693, 26.5, 27.407, 28.779], [12.743, 12.517, 12.076, 9.365, 5.645, 4.133, 2.822, 0.0, 3.212, 6.0, 7.909, 9.606, 11.072, 11.94, 12.584, 13.964, 14.847, 14.962, 14.695, 14.36, 15.602, 17.189, 17.892, 18.346, 18.493, 18.207, 18.437, 18.994, 19.467, 21.082, 24.08, 25.791, 26.8, 27.966, 28.473, 28.772, 28.547, 28.352, 28.165, 28.077, 28.375, 28.836, 29.54, 30.629, 31.223, 32.048, 32.267, 31.702, 30.78, 30.296, 30.307, 30.36, 29.544, 27.988, 27.289, 26.748, 26.385, 27.033, 27.388, 27.231, 27.821, 29.071, 30.093, 30.437, 29.816, 29.445, 29.109, 28.79, 28.507, 28.105, 27.904, 28.188, 28.657, 29.088, 29.202, 28.959, 28.302, 27.677, 27.556, 27.597, 27.345, 26.827, 26.414, 26.219, 27.167, 28.586], [13.078, 12.835, 12.413, 9.988, 6.772, 5.58, 4.883, 3.212, 0.0, 3.692, 6.336, 8.442, 10.13, 11.098, 11.768, 13.217, 14.134, 14.282, 14.051, 13.71, 14.925, 16.545, 17.349, 17.865, 18.026, 17.754, 17.969, 18.53, 19.047, 20.757, 23.866, 25.595, 26.595, 27.787, 28.292, 28.578, 28.326, 28.12, 27.932, 27.866, 28.161, 28.661, 29.524, 30.704, 31.301, 32.148, 32.379, 31.843, 30.908, 30.364, 30.354, 30.414, 29.575, 27.978, 27.262, 26.715, 26.358, 27.056, 27.436, 27.243, 27.828, 29.111, 30.136, 30.454, 29.804, 29.432, 29.1, 28.782, 28.504, 28.112, 27.927, 28.24, 28.73, 29.159, 29.261, 29.004, 28.334, 27.701, 27.578, 27.617, 27.354, 26.804, 26.372, 26.191, 27.17, 28.62], [13.724, 13.348, 12.985, 11.007, 8.476, 7.551, 6.997, 6.0, 3.692, 0.0, 3.565, 6.454, 8.951, 10.383, 11.186, 12.748, 13.736, 14.038, 13.958, 13.728, 15.086, 16.741, 17.594, 18.131, 18.297, 17.934, 17.995, 18.52, 19.082, 20.879, 24.035, 25.75, 26.744, 27.953, 28.476, 28.73, 28.422, 28.191, 28.003, 27.954, 28.253, 28.729, 29.666, 30.947, 31.57, 32.422, 32.664, 32.16, 31.205, 30.592, 30.552, 30.615, 29.751, 28.1, 27.357, 26.808, 26.448, 27.15, 27.528, 27.331, 27.91, 29.191, 30.196, 30.47, 29.765, 29.364, 29.039, 28.728, 28.454, 28.067, 27.872, 28.186, 28.691, 29.137, 29.257, 29.0, 28.321, 27.687, 27.562, 27.599, 27.344, 26.789, 26.352, 26.193, 27.185, 28.642], [14.436, 14.019, 13.668, 11.987, 10.037, 9.346, 8.83, 7.909, 6.336, 3.565, 0.0, 3.842, 7.801, 9.974, 11.078, 12.833, 13.92, 14.332, 14.343, 14.348, 16.04, 17.729, 18.532, 19.063, 19.216, 18.756, 18.735, 19.249, 19.749, 21.474, 24.622, 26.357, 27.355, 28.531, 29.048, 29.286, 28.938, 28.677, 28.482, 28.437, 28.72, 29.194, 30.108, 31.374, 32.037, 32.862, 33.079, 32.588, 31.625, 31.021, 30.994, 31.049, 30.19, 28.554, 27.792, 27.233, 26.841, 27.461, 27.787, 27.638, 28.245, 29.481, 30.454, 30.71, 29.966, 29.493, 29.139, 28.822, 28.535, 28.116, 27.874, 28.181, 28.719, 29.216, 29.404, 29.2, 28.55, 27.929, 27.8, 27.825, 27.56, 26.993, 26.566, 26.418, 27.364, 28.817], [14.993, 14.655, 14.249, 12.809, 11.418, 11.017, 10.496, 9.606, 8.442, 6.454, 3.842, 0.0, 5.525, 8.749, 10.335, 12.392, 13.546, 14.162, 14.484, 14.795, 16.826, 18.657, 19.484, 20.032, 20.139, 19.508, 19.34, 19.871, 20.39, 22.198, 25.52, 27.343, 28.354, 29.494, 29.986, 30.241, 29.892, 29.615, 29.411, 29.361, 29.661, 30.14, 31.019, 32.227, 32.903, 33.812, 34.06, 33.565, 32.564, 31.989, 32.034, 32.082, 31.189, 29.533, 28.721, 28.119, 27.666, 28.187, 28.413, 28.245, 28.955, 30.208, 31.126, 31.344, 30.514, 29.923, 29.502, 29.166, 28.864, 28.396, 28.078, 28.36, 28.952, 29.526, 29.783, 29.666, 29.085, 28.46, 28.313, 28.32, 27.99, 27.325, 26.921, 26.828, 27.765, 29.261], [14.512, 14.336, 13.89, 12.925, 12.223, 12.121, 11.791, 11.072, 10.13, 8.951, 7.801, 5.525, 0.0, 4.249, 6.606, 9.029, 10.367, 11.301, 12.268, 13.088, 15.528, 17.624, 18.558, 19.193, 19.328, 18.633, 18.304, 18.895, 19.644, 21.964, 25.854, 27.826, 28.816, 29.95, 30.431, 30.75, 30.403, 30.081, 29.852, 29.814, 30.181, 30.704, 31.676, 32.973, 33.651, 34.782, 35.24, 34.823, 33.704, 32.954, 32.998, 33.072, 32.133, 30.351, 29.419, 28.763, 28.383, 29.107, 29.355, 28.993, 29.784, 31.241, 32.205, 32.384, 31.436, 30.771, 30.305, 29.955, 29.655, 29.136, 28.715, 28.915, 29.519, 30.103, 30.319, 30.198, 29.655, 29.02, 28.886, 28.933, 28.537, 27.632, 27.183, 27.261, 28.398, 30.068], [14.089, 14.022, 13.637, 13.014, 12.577, 12.562, 12.481, 11.94, 11.098, 10.383, 9.974, 8.749, 4.249, 0.0, 3.117, 6.05, 7.671, 8.867, 10.261, 11.369, 13.889, 16.021, 16.973, 17.637, 17.858, 17.327, 17.055, 17.713, 18.651, 21.277, 25.433, 27.433, 28.372, 29.508, 29.992, 30.349, 30.006, 29.655, 29.426, 29.42, 29.816, 30.358, 31.418, 32.805, 33.489, 34.735, 35.344, 35.019, 33.869, 33.005, 33.008, 33.103, 32.172, 30.337, 29.38, 28.736, 28.481, 29.431, 29.765, 29.28, 30.022, 31.586, 32.618, 32.797, 31.814, 31.179, 30.746, 30.404, 30.119, 29.59, 29.131, 29.275, 29.826, 30.344, 30.5, 30.345, 29.796, 29.171, 29.055, 29.123, 28.706, 27.687, 27.179, 27.317, 28.573, 30.338], [13.933, 13.903, 13.584, 13.182, 12.923, 12.952, 13.01, 12.584, 11.768, 11.186, 11.078, 10.335, 6.606, 3.117, 0.0, 3.432, 5.45, 6.972, 8.784, 10.084, 12.623, 14.8, 15.796, 16.498, 16.82, 16.521, 16.363, 17.042, 18.062, 20.851, 25.124, 27.086, 27.978, 29.138, 29.637, 30.019, 29.7, 29.342, 29.117, 29.134, 29.534, 30.073, 31.18, 32.609, 33.293, 34.598, 35.278, 35.007, 33.866, 32.938, 32.9, 33.007, 32.084, 30.214, 29.248, 28.616, 28.466, 29.593, 29.998, 29.423, 30.108, 31.733, 32.822, 33.01, 32.017, 31.43, 31.058, 30.732, 30.459, 29.932, 29.459, 29.563, 30.06, 30.519, 30.625, 30.429, 29.859, 29.247, 29.143, 29.214, 28.786, 27.717, 27.177, 27.363, 28.712, 30.529], [14.434, 14.444, 14.159, 13.998, 14.023, 14.138, 14.265, 13.964, 13.217, 12.748, 12.833, 12.392, 9.029, 6.05, 3.432, 0.0, 2.725, 4.928, 7.47, 9.155, 11.849, 14.154, 15.225, 15.982, 16.355, 16.214, 16.125, 16.814, 17.902, 20.843, 25.237, 27.173, 28.018, 29.196, 29.709, 30.118, 29.826, 29.463, 29.233, 29.257, 29.666, 30.205, 31.343, 32.793, 33.466, 34.82, 35.559, 35.328, 34.182, 33.192, 33.122, 33.238, 32.315, 30.4, 29.398, 28.758, 28.692, 29.965, 30.42, 29.754, 30.416, 32.121, 33.253, 33.444, 32.443, 31.887, 31.547, 31.23, 30.962, 30.427, 29.94, 30.012, 30.48, 30.907, 30.967, 30.729, 30.153, 29.566, 29.477, 29.56, 29.125, 27.993, 27.426, 27.698, 29.172, 31.047], [14.916, 14.926, 14.651, 14.629, 14.844, 15.017, 15.148, 14.847, 14.134, 13.736, 13.92, 13.546, 10.367, 7.671, 5.45, 2.725, 0.0, 3.282, 6.855, 8.946, 11.827, 14.236, 15.362, 16.14, 16.473, 16.325, 16.226, 16.9, 18.01, 21.008, 25.452, 27.384, 28.217, 29.407, 29.922, 30.343, 30.063, 29.696, 29.468, 29.491, 29.904, 30.447, 31.567, 32.989, 33.639, 35.012, 35.774, 35.558, 34.41, 33.399, 33.346, 33.471, 32.527, 30.574, 29.542, 28.886, 28.82, 30.104, 30.547, 29.828, 30.495, 32.236, 33.378, 33.567, 32.552, 31.991, 31.643, 31.323, 31.049, 30.492, 29.997, 30.066, 30.536, 30.965, 31.015, 30.765, 30.206, 29.637, 29.548, 29.626, 29.177, 28.015, 27.454, 27.781, 29.33, 31.243], [15.167, 15.245, 14.998, 14.915, 15.018, 15.181, 15.308, 14.962, 14.282, 14.038, 14.332, 14.162, 11.301, 8.867, 6.972, 4.928, 3.282, 0.0, 4.345, 7.251, 10.722, 13.281, 14.402, 15.21, 15.509, 15.427, 15.498, 16.18, 17.266, 20.289, 24.778, 26.741, 27.563, 28.748, 29.257, 29.681, 29.399, 29.031, 28.814, 28.827, 29.231, 29.816, 30.974, 32.427, 33.068, 34.419, 35.208, 34.98, 33.794, 32.739, 32.674, 32.835, 31.934, 29.994, 28.931, 28.283, 28.272, 29.618, 30.124, 29.414, 30.072, 31.84, 32.989, 33.167, 32.177, 31.685, 31.372, 31.047, 30.768, 30.216, 29.76, 29.871, 30.346, 30.749, 30.759, 30.467, 29.889, 29.32, 29.233, 29.319, 28.902, 27.796, 27.264, 27.61, 29.181, 31.067], [15.544, 15.691, 15.478, 15.147, 14.842, 14.919, 15.064, 14.695, 14.051, 13.958, 14.343, 14.484, 12.268, 10.261, 8.784, 7.47, 6.855, 4.345, 0.0, 4.068, 8.684, 11.449, 12.527, 13.346, 13.658, 13.781, 14.304, 15.121, 16.158, 19.017, 23.351, 25.346, 26.211, 27.391, 27.898, 28.296, 27.998, 27.664, 27.475, 27.479, 27.862, 28.494, 29.708, 31.228, 31.875, 33.136, 33.903, 33.622, 32.381, 31.287, 31.149, 31.333, 30.542, 28.706, 27.676, 27.112, 27.186, 28.562, 29.144, 28.543, 29.158, 30.88, 32.027, 32.221, 31.354, 31.028, 30.816, 30.492, 30.213, 29.698, 29.332, 29.524, 30.005, 30.386, 30.363, 29.995, 29.346, 28.773, 28.7, 28.797, 28.447, 27.471, 26.963, 27.27, 28.81, 30.611], [15.624, 15.86, 15.711, 15.237, 14.62, 14.564, 14.729, 14.36, 13.71, 13.728, 14.348, 14.795, 13.088, 11.369, 10.084, 9.155, 8.946, 7.251, 4.068, 0.0, 5.436, 8.589, 9.862, 10.783, 11.168, 11.521, 12.451, 13.464, 14.592, 17.389, 21.583, 23.535, 24.472, 25.717, 26.236, 26.623, 26.342, 26.06, 25.885, 25.903, 26.3, 26.956, 28.235, 29.821, 30.469, 31.677, 32.386, 32.079, 30.814, 29.666, 29.44, 29.605, 28.863, 27.145, 26.269, 25.829, 25.974, 27.384, 28.014, 27.475, 28.045, 29.726, 30.885, 31.121, 30.4, 30.252, 30.132, 29.813, 29.542, 29.069, 28.785, 29.042, 29.53, 29.899, 29.857, 29.434, 28.731, 28.165, 28.104, 28.195, 27.868, 26.964, 26.446, 26.707, 28.249, 30.017], [16.748, 17.103, 17.118, 16.693, 15.858, 15.625, 15.873, 15.602, 14.925, 15.086, 16.04, 16.826, 15.528, 13.889, 12.623, 11.849, 11.827, 10.722, 8.684, 5.436, 0.0, 3.708, 5.705, 6.946, 7.579, 8.6, 10.033, 11.114, 12.372, 15.118, 19.101, 20.842, 21.769, 23.15, 23.687, 24.094, 23.904, 23.686, 23.511, 23.561, 23.968, 24.614, 26.018, 27.721, 28.356, 29.589, 30.328, 30.096, 28.869, 27.67, 27.387, 27.532, 26.789, 25.217, 24.681, 24.435, 24.742, 26.36, 27.129, 26.56, 26.996, 28.668, 29.85, 30.123, 29.557, 29.644, 29.654, 29.372, 29.15, 28.77, 28.586, 28.862, 29.272, 29.529, 29.407, 28.932, 28.19, 27.651, 27.608, 27.702, 27.422, 26.594, 26.019, 26.192, 27.661, 29.336], [18.382, 18.742, 18.838, 18.412, 17.44, 17.109, 17.387, 17.189, 16.545, 16.741, 17.729, 18.657, 17.624, 16.021, 14.8, 14.154, 14.236, 13.281, 11.449, 8.589, 3.708, 0.0, 2.612, 4.196, 5.315, 7.227, 9.135, 10.148, 11.365, 13.897, 17.613, 19.224, 20.079, 21.467, 22.007, 22.423, 22.275, 22.095, 21.939, 22.025, 22.43, 23.053, 24.534, 26.347, 26.988, 28.225, 29.035, 28.901, 27.756, 26.582, 26.283, 26.422, 25.719, 24.296, 23.991, 23.926, 24.406, 26.165, 27.029, 26.471, 26.778, 28.393, 29.565, 29.85, 29.384, 29.624, 29.731, 29.485, 29.3, 28.989, 28.875, 29.143, 29.461, 29.605, 29.42, 28.927, 28.166, 27.648, 27.618, 27.712, 27.494, 26.762, 26.159, 26.26, 27.608, 29.147], [19.199, 19.552, 19.659, 19.178, 18.134, 17.788, 18.05, 17.892, 17.349, 17.594, 18.532, 19.484, 18.558, 16.973, 15.796, 15.225, 15.362, 14.402, 12.527, 9.862, 5.705, 2.612, 0.0, 2.024, 3.915, 6.559, 8.797, 9.756, 10.868, 13.211, 16.795, 18.418, 19.235, 20.563, 21.112, 21.546, 21.394, 21.221, 21.072, 21.171, 21.592, 22.218, 23.726, 25.607, 26.261, 27.491, 28.353, 28.257, 27.141, 26.009, 25.719, 25.86, 25.216, 23.885, 23.634, 23.658, 24.261, 26.084, 26.983, 26.451, 26.7, 28.269, 29.422, 29.705, 29.296, 29.607, 29.755, 29.519, 29.341, 29.047, 28.969, 29.239, 29.511, 29.604, 29.393, 28.895, 28.13, 27.625, 27.601, 27.696, 27.514, 26.838, 26.236, 26.308, 27.59, 29.051], [19.718, 20.036, 20.14, 19.627, 18.543, 18.2, 18.457, 18.346, 17.865, 18.131, 19.063, 20.032, 19.193, 17.637, 16.498, 15.982, 16.14, 15.21, 13.346, 10.783, 6.946, 4.196, 2.024, 0.0, 2.771, 6.2, 8.707, 9.615, 10.636, 12.797, 16.239, 17.863, 18.692, 20.012, 20.58, 21.028, 20.877, 20.713, 20.569, 20.67, 21.091, 21.705, 23.224, 25.15, 25.813, 27.048, 27.943, 27.87, 26.766, 25.656, 25.366, 25.504, 24.891, 23.616, 23.406, 23.463, 24.105, 25.942, 26.865, 26.347, 26.547, 28.079, 29.215, 29.5, 29.137, 29.5, 29.672, 29.442, 29.269, 28.991, 28.937, 29.214, 29.465, 29.535, 29.32, 28.818, 28.051, 27.561, 27.545, 27.638, 27.47, 26.825, 26.221, 26.272, 27.522, 28.945], [19.86, 20.157, 20.248, 19.772, 18.753, 18.425, 18.617, 18.493, 18.026, 18.297, 19.216, 20.139, 19.328, 17.858, 16.82, 16.355, 16.473, 15.509, 13.658, 11.168, 7.579, 5.315, 3.915, 2.771, 0.0, 4.153, 7.305, 8.412, 9.539, 11.815, 15.44, 17.215, 18.139, 19.491, 20.053, 20.524, 20.391, 20.245, 20.111, 20.212, 20.67, 21.287, 22.754, 24.669, 25.339, 26.586, 27.489, 27.405, 26.275, 25.186, 24.958, 25.102, 24.448, 23.162, 22.976, 23.053, 23.626, 25.368, 26.29, 25.81, 26.028, 27.536, 28.641, 28.922, 28.546, 28.881, 29.021, 28.781, 28.605, 28.327, 28.283, 28.585, 28.867, 28.97, 28.782, 28.298, 27.552, 27.056, 27.02, 27.088, 26.893, 26.241, 25.657, 25.727, 26.978, 28.408], [19.503, 19.794, 19.877, 19.504, 18.629, 18.3, 18.359, 18.207, 17.754, 17.934, 18.756, 19.508, 18.633, 17.327, 16.521, 16.214, 16.325, 15.427, 13.781, 11.521, 8.6, 7.227, 6.559, 6.2, 4.153, 0.0, 3.923, 5.694, 7.378, 10.345, 14.661, 16.73, 17.779, 19.169, 19.702, 20.176, 20.023, 19.891, 19.774, 19.907, 20.497, 21.11, 22.469, 24.348, 25.044, 26.306, 27.156, 27.021, 25.802, 24.705, 24.601, 24.757, 23.988, 22.593, 22.342, 22.403, 22.851, 24.433, 25.283, 24.867, 25.256, 26.784, 27.84, 28.088, 27.599, 27.8, 27.841, 27.572, 27.383, 27.081, 26.991, 27.312, 27.686, 27.883, 27.75, 27.322, 26.627, 26.091, 26.01, 26.042, 25.785, 25.073, 24.535, 24.668, 25.935, 27.415], [19.31, 19.582, 19.699, 19.533, 18.889, 18.591, 18.586, 18.437, 17.969, 17.995, 18.735, 19.34, 18.304, 17.055, 16.363, 16.125, 16.226, 15.498, 14.304, 12.451, 10.033, 9.135, 8.797, 8.707, 7.305, 3.923, 0.0, 2.744, 5.634, 9.607, 14.555, 16.649, 17.645, 19.066, 19.573, 20.032, 19.824, 19.668, 19.558, 19.75, 20.459, 21.065, 22.438, 24.375, 25.125, 26.499, 27.366, 27.257, 25.974, 24.779, 24.712, 24.873, 24.022, 22.522, 22.175, 22.136, 22.543, 24.187, 25.007, 24.532, 25.072, 26.712, 27.771, 27.975, 27.327, 27.408, 27.379, 27.097, 26.92, 26.615, 26.441, 26.697, 27.111, 27.348, 27.194, 26.773, 26.117, 25.565, 25.473, 25.505, 25.209, 24.402, 23.862, 24.085, 25.414, 26.963], [19.704, 19.98, 20.153, 20.045, 19.427, 19.134, 19.128, 18.994, 18.53, 18.52, 19.249, 19.871, 18.895, 17.713, 17.042, 16.814, 16.9, 16.18, 15.121, 13.464, 11.114, 10.148, 9.756, 9.615, 8.412, 5.694, 2.744, 0.0, 3.609, 8.219, 13.552, 15.651, 16.579, 18.057, 18.562, 19.037, 18.851, 18.694, 18.596, 18.801, 19.538, 20.134, 21.536, 23.556, 24.34, 25.798, 26.725, 26.639, 25.358, 24.151, 24.093, 24.268, 23.453, 22.0, 21.663, 21.615, 22.101, 23.884, 24.782, 24.286, 24.828, 26.508, 27.556, 27.743, 27.086, 27.18, 27.182, 26.915, 26.759, 26.495, 26.335, 26.594, 26.985, 27.163, 26.938, 26.495, 25.857, 25.311, 25.216, 25.254, 24.985, 24.22, 23.682, 23.877, 25.177, 26.697], [20.323, 20.601, 20.772, 20.601, 19.9, 19.606, 19.617, 19.467, 19.047, 19.082, 19.749, 20.39, 19.644, 18.651, 18.062, 17.902, 18.01, 17.266, 16.158, 14.592, 12.372, 11.365, 10.868, 10.636, 9.539, 7.378, 5.634, 3.609, 0.0, 5.304, 11.381, 13.811, 14.819, 16.359, 16.872, 17.396, 17.291, 17.174, 17.101, 17.263, 17.938, 18.514, 19.883, 21.959, 22.786, 24.266, 25.228, 25.156, 23.972, 22.937, 22.947, 23.139, 22.416, 21.117, 20.87, 20.859, 21.387, 23.191, 24.159, 23.768, 24.297, 25.917, 26.945, 27.164, 26.594, 26.724, 26.762, 26.519, 26.36, 26.13, 26.028, 26.319, 26.667, 26.783, 26.541, 26.139, 25.551, 25.024, 24.917, 24.944, 24.718, 24.061, 23.526, 23.587, 24.752, 26.189], [22.33, 22.593, 22.794, 22.502, 21.598, 21.229, 21.237, 21.082, 20.757, 20.879, 21.474, 22.198, 21.964, 21.277, 20.851, 20.843, 21.008, 20.289, 19.017, 17.389, 15.118, 13.897, 13.211, 12.797, 11.815, 10.345, 9.607, 8.219, 5.304, 0.0, 6.764, 9.859, 11.083, 12.63, 13.15, 13.74, 13.782, 13.769, 13.764, 13.896, 14.471, 15.035, 16.338, 18.468, 19.341, 20.814, 21.893, 21.931, 20.968, 20.33, 20.53, 20.724, 20.23, 19.49, 19.64, 19.78, 20.354, 22.044, 23.095, 22.984, 23.4, 24.735, 25.657, 25.94, 25.598, 25.83, 25.934, 25.727, 25.581, 25.439, 25.46, 25.781, 26.005, 25.979, 25.735, 25.452, 25.004, 24.592, 24.492, 24.482, 24.356, 23.985, 23.501, 23.272, 23.987, 25.079], [25.691, 25.923, 26.206, 25.798, 24.683, 24.211, 24.196, 24.08, 23.866, 24.035, 24.622, 25.52, 25.854, 25.433, 25.124, 25.237, 25.452, 24.778, 23.351, 21.583, 19.101, 17.613, 16.795, 16.239, 15.44, 14.661, 14.555, 13.552, 11.381, 6.764, 0.0, 4.049, 5.952, 7.445, 8.007, 8.635, 8.96, 9.226, 9.359, 9.472, 9.876, 10.323, 11.545, 13.742, 14.601, 15.989, 17.263, 17.473, 16.828, 16.75, 17.195, 17.358, 17.264, 17.662, 18.61, 19.003, 19.691, 21.189, 22.343, 22.617, 22.708, 23.497, 24.234, 24.57, 24.621, 25.12, 25.378, 25.254, 25.196, 25.25, 25.476, 25.821, 25.819, 25.541, 25.242, 25.074, 24.791, 24.579, 24.518, 24.463, 24.509, 24.631, 24.28, 23.678, 23.697, 24.181], [27.301, 27.526, 27.871, 27.491, 26.377, 25.875, 25.876, 25.791, 25.595, 25.75, 26.357, 27.343, 27.826, 27.433, 27.086, 27.173, 27.384, 26.741, 25.346, 23.535, 20.842, 19.224, 18.418, 17.863, 17.215, 16.73, 16.649, 15.651, 13.811, 9.859, 4.049, 0.0, 2.829, 4.872, 5.516, 6.128, 6.69, 7.155, 7.406, 7.633, 7.995, 8.331, 9.747, 12.079, 12.852, 14.212, 15.582, 15.916, 15.407, 15.399, 15.81, 15.948, 16.038, 16.992, 18.347, 18.819, 19.623, 21.212, 22.46, 22.771, 22.667, 23.284, 24.01, 24.362, 24.56, 25.262, 25.642, 25.572, 25.592, 25.76, 26.072, 26.409, 26.305, 25.895, 25.505, 25.31, 25.047, 24.911, 24.88, 24.827, 24.958, 25.264, 24.941, 24.237, 24.067, 24.358], [28.169, 28.392, 28.75, 28.415, 27.353, 26.855, 26.872, 26.8, 26.595, 26.744, 27.355, 28.354, 28.816, 28.372, 27.978, 28.018, 28.217, 27.563, 26.211, 24.472, 21.769, 20.079, 19.235, 18.692, 18.139, 17.779, 17.645, 16.579, 14.819, 11.083, 5.952, 2.829, 0.0, 2.823, 3.688, 4.538, 5.4, 5.935, 6.375, 6.869, 7.314, 7.636, 9.303, 11.773, 12.52, 13.982, 15.544, 16.037, 15.722, 15.827, 16.249, 16.415, 16.652, 17.747, 19.111, 19.587, 20.493, 22.222, 23.535, 23.803, 23.66, 24.288, 25.004, 25.322, 25.478, 26.156, 26.538, 26.473, 26.508, 26.698, 27.013, 27.327, 27.183, 26.707, 26.269, 26.083, 25.841, 25.713, 25.685, 25.639, 25.794, 26.124, 25.794, 25.071, 24.826, 25.038], [29.315, 29.526, 29.867, 29.55, 28.528, 28.043, 28.046, 27.966, 27.787, 27.953, 28.531, 29.494, 29.95, 29.508, 29.138, 29.196, 29.407, 28.748, 27.391, 25.717, 23.15, 21.467, 20.563, 20.012, 19.491, 19.169, 19.066, 18.057, 16.359, 12.63, 7.445, 4.872, 2.823, 0.0, 1.689, 3.289, 4.331, 4.933, 5.526, 6.175, 6.639, 6.976, 8.643, 11.063, 11.788, 13.256, 14.944, 15.543, 15.503, 16.027, 16.647, 16.836, 17.296, 18.731, 20.154, 20.631, 21.574, 23.231, 24.52, 24.881, 24.694, 25.167, 25.825, 26.13, 26.273, 26.861, 27.193, 27.133, 27.176, 27.381, 27.703, 27.98, 27.765, 27.23, 26.804, 26.731, 26.61, 26.546, 26.524, 26.46, 26.629, 27.032, 26.745, 25.938, 25.446, 25.465], [29.815, 30.049, 30.38, 30.064, 29.049, 28.57, 28.572, 28.473, 28.292, 28.476, 29.048, 29.986, 30.431, 29.992, 29.637, 29.709, 29.922, 29.257, 27.898, 26.236, 23.687, 22.007, 21.112, 20.58, 20.053, 19.702, 19.573, 18.562, 16.872, 13.15, 8.007, 5.516, 3.688, 1.689, 0.0, 2.169, 3.676, 4.413, 5.167, 5.921, 6.39, 6.75, 8.465, 10.925, 11.673, 13.193, 14.974, 15.601, 15.56, 16.121, 16.792, 16.989, 17.493, 19.013, 20.448, 20.932, 21.875, 23.508, 24.781, 25.153, 24.979, 25.431, 26.066, 26.373, 26.53, 27.129, 27.46, 27.399, 27.453, 27.665, 27.984, 28.255, 28.029, 27.482, 27.062, 27.027, 26.95, 26.903, 26.874, 26.794, 26.953, 27.363, 27.089, 26.265, 25.707, 25.679], [30.173, 30.409, 30.76, 30.428, 29.389, 28.898, 28.888, 28.772, 28.578, 28.73, 29.286, 30.241, 30.75, 30.349, 30.019, 30.118, 30.343, 29.681, 28.296, 26.623, 24.094, 22.423, 21.546, 21.028, 20.524, 20.176, 20.032, 19.037, 17.396, 13.74, 8.635, 6.128, 4.538, 3.289, 2.169, 0.0, 2.185, 3.354, 4.373, 5.273, 5.741, 6.126, 8.057, 10.684, 11.452, 12.945, 14.809, 15.469, 15.422, 15.961, 16.592, 16.78, 17.302, 18.867, 20.342, 20.85, 21.78, 23.386, 24.666, 25.06, 24.866, 25.29, 25.906, 26.21, 26.394, 27.039, 27.404, 27.346, 27.416, 27.66, 28.006, 28.284, 28.038, 27.463, 27.021, 26.961, 26.863, 26.81, 26.778, 26.693, 26.872, 27.335, 27.069, 26.208, 25.614, 25.55], [29.925, 30.127, 30.49, 30.194, 29.19, 28.711, 28.686, 28.547, 28.326, 28.422, 28.938, 29.892, 30.403, 30.006, 29.7, 29.826, 30.063, 29.399, 27.998, 26.342, 23.904, 22.275, 21.394, 20.877, 20.391, 20.023, 19.824, 18.851, 17.291, 13.782, 8.96, 6.69, 5.4, 4.331, 3.676, 2.185, 0.0, 1.702, 3.049, 4.194, 4.903, 5.605, 7.926, 10.756, 11.556, 13.008, 14.871, 15.508, 15.38, 15.818, 16.401, 16.6, 17.13, 18.66, 20.1, 20.588, 21.507, 23.113, 24.384, 24.778, 24.579, 25.021, 25.671, 25.972, 26.107, 26.721, 27.07, 27.0, 27.073, 27.317, 27.653, 27.909, 27.654, 27.077, 26.618, 26.539, 26.432, 26.386, 26.368, 26.296, 26.484, 26.947, 26.675, 25.818, 25.254, 25.215], [29.568, 29.758, 30.122, 29.886, 28.965, 28.521, 28.502, 28.352, 28.12, 28.191, 28.677, 29.615, 30.081, 29.655, 29.342, 29.463, 29.696, 29.031, 27.664, 26.06, 23.686, 22.095, 21.221, 20.713, 20.245, 19.891, 19.668, 18.694, 17.174, 13.769, 9.226, 7.155, 5.935, 4.933, 4.413, 3.354, 1.702, 0.0, 1.837, 3.312, 4.279, 5.287, 7.825, 10.751, 11.578, 13.12, 15.097, 15.769, 15.551, 15.886, 16.471, 16.693, 17.238, 18.72, 20.095, 20.529, 21.458, 23.124, 24.396, 24.753, 24.565, 25.065, 25.757, 26.061, 26.159, 26.722, 27.037, 26.959, 27.018, 27.224, 27.503, 27.714, 27.441, 26.858, 26.404, 26.35, 26.282, 26.26, 26.261, 26.209, 26.393, 26.809, 26.522, 25.682, 25.149, 25.152], [29.203, 29.411, 29.787, 29.581, 28.722, 28.319, 28.302, 28.165, 27.932, 28.003, 28.482, 29.411, 29.852, 29.426, 29.117, 29.233, 29.468, 28.814, 27.475, 25.885, 23.511, 21.939, 21.072, 20.569, 20.111, 19.774, 19.558, 18.596, 17.101, 13.764, 9.359, 7.406, 6.375, 5.526, 5.167, 4.373, 3.049, 1.837, 0.0, 1.882, 3.294, 4.522, 7.249, 10.226, 11.053, 12.707, 14.748, 15.468, 15.25, 15.633, 16.294, 16.527, 17.065, 18.544, 19.919, 20.317, 21.244, 22.933, 24.193, 24.534, 24.345, 24.862, 25.586, 25.902, 25.98, 26.517, 26.823, 26.748, 26.8, 26.979, 27.203, 27.353, 27.043, 26.44, 25.979, 25.938, 25.908, 25.934, 25.96, 25.919, 26.096, 26.485, 26.182, 25.325, 24.781, 24.787], [29.088, 29.316, 29.691, 29.454, 28.585, 28.222, 28.206, 28.077, 27.866, 27.954, 28.437, 29.361, 29.814, 29.42, 29.134, 29.257, 29.491, 28.827, 27.479, 25.903, 23.561, 22.025, 21.171, 20.67, 20.212, 19.907, 19.75, 18.801, 17.263, 13.896, 9.472, 7.633, 6.869, 6.175, 5.921, 5.273, 4.194, 3.312, 1.882, 0.0, 2.044, 3.645, 6.469, 9.538, 10.368, 12.06, 14.157, 14.88, 14.67, 15.154, 15.872, 16.113, 16.694, 18.232, 19.64, 20.021, 20.937, 22.61, 23.868, 24.225, 24.027, 24.517, 25.242, 25.581, 25.694, 26.248, 26.556, 26.488, 26.537, 26.714, 26.939, 27.066, 26.717, 26.084, 25.61, 25.572, 25.559, 25.607, 25.646, 25.616, 25.809, 26.224, 25.916, 25.021, 24.455, 24.432], [29.436, 29.668, 30.033, 29.757, 28.841, 28.473, 28.495, 28.375, 28.161, 28.253, 28.72, 29.661, 30.181, 29.816, 29.534, 29.666, 29.904, 29.231, 27.862, 26.3, 23.968, 22.43, 21.592, 21.091, 20.67, 20.497, 20.459, 19.538, 17.938, 14.471, 9.876, 7.995, 7.314, 6.639, 6.39, 5.741, 4.903, 4.279, 3.294, 2.044, 0.0, 2.452, 5.863, 9.046, 9.926, 11.516, 13.666, 14.515, 14.51, 15.151, 15.863, 16.099, 16.74, 18.384, 19.868, 20.249, 21.126, 22.76, 24.036, 24.431, 24.188, 24.617, 25.333, 25.689, 25.865, 26.461, 26.784, 26.731, 26.782, 26.966, 27.223, 27.352, 26.967, 26.309, 25.851, 25.82, 25.791, 25.842, 25.881, 25.853, 26.075, 26.541, 26.226, 25.285, 24.677, 24.609], [29.806, 30.037, 30.411, 30.122, 29.207, 28.835, 28.868, 28.836, 28.661, 28.729, 29.194, 30.14, 30.704, 30.358, 30.073, 30.205, 30.447, 29.816, 28.494, 26.956, 24.614, 23.053, 22.218, 21.705, 21.287, 21.11, 21.065, 20.134, 18.514, 15.035, 10.323, 8.331, 7.636, 6.976, 6.75, 6.126, 5.605, 5.287, 4.522, 3.645, 2.452, 0.0, 4.294, 7.903, 8.904, 10.604, 12.862, 13.854, 14.051, 14.902, 15.699, 15.908, 16.512, 18.205, 19.771, 20.193, 21.06, 22.645, 23.917, 24.35, 24.074, 24.438, 25.11, 25.45, 25.658, 26.286, 26.647, 26.624, 26.684, 26.882, 27.144, 27.253, 26.825, 26.132, 25.678, 25.68, 25.681, 25.757, 25.794, 25.75, 25.984, 26.503, 26.207, 25.226, 24.529, 24.394], [30.468, 30.695, 31.102, 30.792, 29.903, 29.557, 29.535, 29.54, 29.524, 29.666, 30.108, 31.019, 31.676, 31.418, 31.18, 31.343, 31.567, 30.974, 29.708, 28.235, 26.018, 24.534, 23.726, 23.224, 22.754, 22.469, 22.438, 21.536, 19.883, 16.338, 11.545, 9.747, 9.303, 8.643, 8.465, 8.057, 7.926, 7.825, 7.249, 6.469, 5.863, 4.294, 0.0, 4.136, 5.596, 7.832, 10.541, 11.707, 12.215, 13.712, 14.847, 15.003, 15.654, 17.578, 19.315, 19.782, 20.579, 21.892, 23.05, 23.636, 23.324, 23.454, 24.037, 24.436, 24.719, 25.318, 25.706, 25.728, 25.796, 25.994, 26.226, 26.265, 25.722, 24.936, 24.496, 24.627, 24.812, 25.013, 25.051, 24.963, 25.224, 25.905, 25.709, 24.635, 23.727, 23.434], [31.466, 31.699, 32.138, 31.835, 31.018, 30.707, 30.648, 30.629, 30.704, 30.947, 31.374, 32.227, 32.973, 32.805, 32.609, 32.793, 32.989, 32.427, 31.228, 29.821, 27.721, 26.347, 25.607, 25.15, 24.669, 24.348, 24.375, 23.556, 21.959, 18.468, 13.742, 12.079, 11.773, 11.063, 10.925, 10.684, 10.756, 10.751, 10.226, 9.538, 9.046, 7.903, 4.136, 0.0, 2.329, 5.34, 8.412, 9.837, 11.016, 13.422, 14.937, 15.047, 15.764, 17.962, 19.856, 20.322, 21.003, 21.956, 22.929, 23.656, 23.284, 23.124, 23.618, 24.081, 24.412, 24.931, 25.321, 25.381, 25.453, 25.641, 25.835, 25.798, 25.133, 24.267, 23.866, 24.159, 24.563, 24.926, 24.977, 24.832, 25.093, 25.93, 25.842, 24.639, 23.443, 22.939], [32.059, 32.29, 32.725, 32.407, 31.605, 31.31, 31.247, 31.223, 31.301, 31.57, 32.037, 32.903, 33.651, 33.489, 33.293, 33.466, 33.639, 33.068, 31.875, 30.469, 28.356, 26.988, 26.261, 25.813, 25.339, 25.044, 25.125, 24.34, 22.786, 19.341, 14.601, 12.852, 12.52, 11.788, 11.673, 11.452, 11.556, 11.578, 11.053, 10.368, 9.926, 8.904, 5.596, 2.329, 0.0, 3.921, 7.375, 8.968, 10.41, 13.067, 14.718, 14.84, 15.613, 17.992, 19.985, 20.494, 21.188, 22.063, 23.006, 23.76, 23.345, 23.088, 23.541, 24.006, 24.39, 24.935, 25.339, 25.417, 25.501, 25.715, 25.952, 25.921, 25.204, 24.284, 23.862, 24.18, 24.635, 25.049, 25.117, 24.97, 25.248, 26.145, 26.089, 24.846, 23.546, 22.926], [33.235, 33.453, 33.87, 33.44, 32.501, 32.152, 32.072, 32.048, 32.148, 32.422, 32.862, 33.812, 34.782, 34.735, 34.598, 34.82, 35.012, 34.419, 33.136, 31.677, 29.589, 28.225, 27.491, 27.048, 26.586, 26.306, 26.499, 25.798, 24.266, 20.814, 15.989, 14.212, 13.982, 13.256, 13.193, 12.945, 13.008, 13.12, 12.707, 12.06, 11.516, 10.604, 7.832, 5.34, 3.921, 0.0, 4.154, 6.465, 8.899, 12.287, 14.095, 14.232, 15.157, 17.853, 20.017, 20.616, 21.239, 21.851, 22.745, 23.68, 23.211, 22.71, 23.078, 23.596, 24.122, 24.746, 25.195, 25.303, 25.407, 25.7, 26.089, 26.18, 25.5, 24.608, 24.234, 24.567, 25.008, 25.412, 25.459, 25.289, 25.619, 26.66, 26.662, 25.394, 24.007, 23.231], [33.688, 33.905, 34.311, 33.801, 32.764, 32.383, 32.285, 32.267, 32.379, 32.664, 33.079, 34.06, 35.24, 35.344, 35.278, 35.559, 35.774, 35.208, 33.903, 32.386, 30.328, 29.035, 28.353, 27.943, 27.489, 27.156, 27.366, 26.725, 25.228, 21.893, 17.263, 15.582, 15.544, 14.944, 14.974, 14.809, 14.871, 15.097, 14.748, 14.157, 13.666, 12.862, 10.541, 8.412, 7.375, 4.154, 0.0, 3.619, 7.658, 11.861, 13.806, 13.911, 14.841, 17.672, 19.931, 20.544, 21.034, 21.367, 22.184, 23.294, 22.829, 22.126, 22.455, 23.051, 23.64, 24.283, 24.762, 24.889, 24.991, 25.323, 25.814, 26.026, 25.441, 24.65, 24.349, 24.69, 25.119, 25.518, 25.541, 25.33, 25.657, 26.786, 26.84, 25.541, 24.102, 23.254], [33.359, 33.577, 33.992, 33.405, 32.262, 31.855, 31.733, 31.702, 31.843, 32.16, 32.588, 33.565, 34.823, 35.019, 35.007, 35.328, 35.558, 34.98, 33.622, 32.079, 30.096, 28.901, 28.257, 27.87, 27.405, 27.021, 27.257, 26.639, 25.156, 21.931, 17.473, 15.916, 16.037, 15.543, 15.601, 15.469, 15.508, 15.769, 15.468, 14.88, 14.515, 13.854, 11.707, 9.837, 8.968, 6.465, 3.619, 0.0, 5.206, 10.412, 12.68, 12.796, 13.768, 16.694, 18.978, 19.635, 20.165, 20.457, 21.284, 22.515, 22.089, 21.315, 21.616, 22.258, 22.902, 23.588, 24.093, 24.191, 24.281, 24.651, 25.235, 25.595, 25.11, 24.376, 24.078, 24.395, 24.801, 25.175, 25.184, 24.955, 25.28, 26.524, 26.707, 25.431, 23.958, 23.063], [32.354, 32.61, 33.042, 32.484, 31.331, 30.937, 30.821, 30.78, 30.908, 31.205, 31.625, 32.564, 33.704, 33.869, 33.866, 34.182, 34.41, 33.794, 32.381, 30.814, 28.869, 27.756, 27.141, 26.766, 26.275, 25.802, 25.974, 25.358, 23.972, 20.968, 16.828, 15.407, 15.722, 15.503, 15.56, 15.422, 15.38, 15.551, 15.25, 14.67, 14.51, 14.051, 12.215, 11.016, 10.41, 8.899, 7.658, 5.206, 0.0, 6.039, 9.032, 9.297, 10.287, 13.491, 15.874, 16.617, 17.375, 17.981, 19.021, 20.273, 19.937, 19.345, 19.656, 20.277, 21.031, 21.923, 22.475, 22.521, 22.609, 23.0, 23.648, 24.178, 23.868, 23.22, 22.882, 23.1, 23.45, 23.799, 23.836, 23.665, 23.989, 25.188, 25.512, 24.547, 23.367, 22.62], [31.626, 31.897, 32.337, 31.864, 30.779, 30.431, 30.354, 30.296, 30.364, 30.592, 31.021, 31.989, 32.954, 33.005, 32.938, 33.192, 33.399, 32.739, 31.287, 29.666, 27.67, 26.582, 26.009, 25.656, 25.186, 24.705, 24.779, 24.151, 22.937, 20.33, 16.75, 15.399, 15.827, 16.027, 16.121, 15.961, 15.818, 15.886, 15.633, 15.154, 15.151, 14.902, 13.712, 13.422, 13.067, 12.287, 11.861, 10.412, 6.039, 0.0, 3.875, 4.558, 5.561, 9.386, 12.046, 12.954, 14.077, 15.326, 16.773, 17.869, 17.571, 17.41, 17.85, 18.412, 19.353, 20.671, 21.34, 21.367, 21.465, 21.84, 22.527, 23.192, 23.087, 22.562, 22.151, 22.097, 22.213, 22.484, 22.574, 22.521, 22.894, 23.914, 24.243, 23.787, 23.319, 22.971], [31.666, 31.921, 32.366, 31.893, 30.783, 30.441, 30.384, 30.307, 30.354, 30.552, 30.994, 32.034, 32.998, 33.008, 32.9, 33.122, 33.346, 32.674, 31.149, 29.44, 27.387, 26.283, 25.719, 25.366, 24.958, 24.601, 24.712, 24.093, 22.947, 20.53, 17.195, 15.81, 16.249, 16.647, 16.792, 16.592, 16.401, 16.471, 16.294, 15.872, 15.863, 15.699, 14.847, 14.937, 14.718, 14.095, 13.806, 12.68, 9.032, 3.875, 0.0, 1.493, 3.58, 7.8, 10.574, 11.644, 13.006, 14.605, 16.244, 17.218, 16.833, 16.874, 17.444, 18.018, 19.153, 20.8, 21.6, 21.644, 21.758, 22.136, 22.865, 23.577, 23.538, 23.067, 22.605, 22.314, 22.18, 22.367, 22.481, 22.496, 22.928, 23.902, 24.136, 23.872, 23.876, 23.801], [31.76, 32.009, 32.455, 31.971, 30.857, 30.503, 30.441, 30.36, 30.414, 30.615, 31.049, 32.082, 33.072, 33.103, 33.007, 33.238, 33.471, 32.835, 31.333, 29.605, 27.532, 26.422, 25.86, 25.504, 25.102, 24.757, 24.873, 24.268, 23.139, 20.724, 17.358, 15.948, 16.415, 16.836, 16.989, 16.78, 16.6, 16.693, 16.527, 16.113, 16.099, 15.908, 15.003, 15.047, 14.84, 14.232, 13.911, 12.796, 9.297, 4.558, 1.493, 0.0, 3.145, 7.686, 10.553, 11.654, 12.988, 14.531, 16.148, 17.137, 16.717, 16.714, 17.284, 17.893, 19.085, 20.765, 21.587, 21.647, 21.771, 22.154, 22.885, 23.584, 23.527, 23.054, 22.604, 22.306, 22.155, 22.343, 22.458, 22.471, 22.914, 23.914, 24.135, 23.843, 23.849, 23.803], [30.929, 31.159, 31.597, 31.132, 30.064, 29.712, 29.632, 29.544, 29.575, 29.751, 30.19, 31.189, 32.133, 32.172, 32.084, 32.315, 32.527, 31.934, 30.542, 28.863, 26.789, 25.719, 25.216, 24.891, 24.448, 23.988, 24.022, 23.453, 22.416, 20.23, 17.264, 16.038, 16.652, 17.296, 17.493, 17.302, 17.13, 17.238, 17.065, 16.694, 16.74, 16.512, 15.654, 15.764, 15.613, 15.157, 14.841, 13.768, 10.287, 5.561, 3.58, 3.145, 0.0, 5.094, 8.467, 9.771, 11.013, 12.576, 14.275, 15.207, 14.853, 15.007, 15.601, 16.193, 17.364, 19.156, 20.049, 20.127, 20.26, 20.65, 21.406, 22.158, 22.184, 21.794, 21.388, 21.063, 20.83, 20.946, 21.046, 21.075, 21.52, 22.48, 22.74, 22.621, 22.822, 22.921], [29.278, 29.484, 29.912, 29.494, 28.505, 28.198, 28.104, 27.988, 27.978, 28.1, 28.554, 29.533, 30.351, 30.337, 30.214, 30.4, 30.574, 29.994, 28.706, 27.145, 25.217, 24.296, 23.885, 23.616, 23.162, 22.593, 22.522, 22.0, 21.117, 19.49, 17.662, 16.992, 17.747, 18.731, 19.013, 18.867, 18.66, 18.72, 18.544, 18.232, 18.384, 18.205, 17.578, 17.962, 17.992, 17.853, 17.672, 16.694, 13.491, 9.386, 7.8, 7.686, 5.094, 0.0, 4.007, 5.928, 7.473, 9.596, 11.475, 12.042, 11.891, 12.691, 13.487, 14.031, 15.029, 16.985, 18.038, 18.12, 18.251, 18.623, 19.385, 20.241, 20.467, 20.256, 19.855, 19.307, 18.778, 18.678, 18.741, 18.83, 19.248, 20.036, 20.308, 20.592, 21.447, 21.994], [28.441, 28.648, 29.068, 28.69, 27.773, 27.522, 27.422, 27.289, 27.262, 27.357, 27.792, 28.721, 29.419, 29.38, 29.248, 29.398, 29.542, 28.931, 27.676, 26.269, 24.681, 23.991, 23.634, 23.406, 22.976, 22.342, 22.175, 21.663, 20.87, 19.64, 18.61, 18.347, 19.111, 20.154, 20.448, 20.342, 20.1, 20.095, 19.919, 19.64, 19.868, 19.771, 19.315, 19.856, 19.985, 20.017, 19.931, 18.978, 15.874, 12.046, 10.574, 10.553, 8.467, 4.007, 0.0, 2.878, 5.344, 8.227, 10.211, 10.432, 10.553, 11.911, 12.854, 13.334, 14.095, 15.984, 17.067, 17.123, 17.241, 17.578, 18.319, 19.272, 19.693, 19.643, 19.231, 18.529, 17.849, 17.622, 17.675, 17.822, 18.194, 18.793, 19.104, 19.703, 20.987, 21.817], [27.744, 27.956, 28.375, 28.041, 27.198, 26.986, 26.889, 26.748, 26.715, 26.808, 27.233, 28.119, 28.763, 28.736, 28.616, 28.758, 28.886, 28.283, 27.112, 25.829, 24.435, 23.926, 23.658, 23.463, 23.053, 22.403, 22.136, 21.615, 20.859, 19.78, 19.003, 18.819, 19.587, 20.631, 20.932, 20.85, 20.588, 20.529, 20.317, 20.021, 20.249, 20.193, 19.782, 20.322, 20.494, 20.616, 20.544, 19.635, 16.617, 12.954, 11.644, 11.654, 9.771, 5.928, 2.878, 0.0, 3.398, 7.208, 9.398, 9.499, 9.783, 11.403, 12.52, 13.06, 13.598, 15.264, 16.22, 16.266, 16.386, 16.707, 17.396, 18.31, 18.772, 18.772, 18.355, 17.651, 17.019, 16.803, 16.864, 17.036, 17.375, 17.87, 18.205, 18.935, 20.367, 21.317], [27.532, 27.71, 28.097, 27.745, 26.901, 26.685, 26.551, 26.385, 26.358, 26.448, 26.841, 27.666, 28.383, 28.481, 28.466, 28.692, 28.82, 28.272, 27.186, 25.974, 24.742, 24.406, 24.261, 24.105, 23.626, 22.851, 22.543, 22.101, 21.387, 20.354, 19.691, 19.623, 20.493, 21.574, 21.875, 21.78, 21.507, 21.458, 21.244, 20.937, 21.126, 21.06, 20.579, 21.003, 21.188, 21.239, 21.034, 20.165, 17.375, 14.077, 13.006, 12.988, 11.013, 7.473, 5.344, 3.398, 0.0, 4.553, 7.126, 7.418, 8.069, 9.882, 11.077, 11.725, 12.131, 13.663, 14.517, 14.571, 14.683, 15.014, 15.776, 16.743, 17.297, 17.427, 17.11, 16.438, 15.811, 15.539, 15.563, 15.736, 16.067, 16.551, 16.909, 17.743, 19.315, 20.36], [28.558, 28.677, 29.035, 28.607, 27.717, 27.48, 27.253, 27.033, 27.056, 27.15, 27.461, 28.187, 29.107, 29.431, 29.593, 29.965, 30.104, 29.618, 28.562, 27.384, 26.36, 26.165, 26.084, 25.942, 25.368, 24.433, 24.187, 23.884, 23.191, 22.044, 21.189, 21.212, 22.222, 23.231, 23.508, 23.386, 23.113, 23.124, 22.933, 22.61, 22.76, 22.645, 21.892, 21.956, 22.063, 21.851, 21.367, 20.457, 17.981, 15.326, 14.605, 14.531, 12.576, 9.596, 8.227, 7.208, 4.553, 0.0, 3.186, 4.842, 5.742, 7.035, 8.078, 8.935, 9.504, 11.102, 12.029, 12.123, 12.229, 12.591, 13.54, 14.736, 15.467, 15.817, 15.728, 15.201, 14.7, 14.49, 14.484, 14.585, 14.923, 15.634, 16.128, 16.87, 18.338, 19.307], [28.947, 29.04, 29.384, 28.964, 28.132, 27.92, 27.646, 27.388, 27.436, 27.528, 27.787, 28.413, 29.355, 29.765, 29.998, 30.42, 30.547, 30.124, 29.144, 28.014, 27.129, 27.029, 26.983, 26.865, 26.29, 25.283, 25.007, 24.782, 24.159, 23.095, 22.343, 22.46, 23.535, 24.52, 24.781, 24.666, 24.384, 24.396, 24.193, 23.868, 24.036, 23.917, 23.05, 22.929, 23.006, 22.745, 22.184, 21.284, 19.021, 16.773, 16.244, 16.148, 14.275, 11.475, 10.211, 9.398, 7.126, 3.186, 0.0, 3.162, 4.486, 5.54, 6.591, 7.633, 8.232, 9.813, 10.793, 10.905, 11.006, 11.32, 12.241, 13.489, 14.351, 14.884, 14.918, 14.463, 14.077, 13.953, 13.94, 13.982, 14.243, 14.968, 15.56, 16.346, 17.853, 18.861], [28.444, 28.546, 28.895, 28.574, 27.871, 27.722, 27.482, 27.231, 27.243, 27.331, 27.638, 28.245, 28.993, 29.28, 29.423, 29.754, 29.828, 29.414, 28.543, 27.475, 26.56, 26.471, 26.451, 26.347, 25.81, 24.867, 24.532, 24.286, 23.768, 22.984, 22.617, 22.771, 23.803, 24.881, 25.153, 25.06, 24.778, 24.753, 24.534, 24.225, 24.431, 24.35, 23.636, 23.656, 23.76, 23.68, 23.294, 22.515, 20.273, 17.869, 17.218, 17.137, 15.207, 12.042, 10.432, 9.499, 7.418, 4.842, 3.162, 0.0, 2.983, 5.699, 7.035, 7.9, 8.203, 9.865, 10.