[[0.0, 2.068, 3.57, 4.399, 5.322, 6.278, 7.265, 8.461, 8.839, 9.086, 11.021, 13.572, 15.309, 16.478, 17.143, 17.155, 17.012, 16.937, 17.112, 17.932, 19.853, 21.649, 22.771, 23.223, 22.532, 22.399, 23.335, 24.205, 24.971, 25.055, 24.017, 24.189, 24.296, 24.101, 24.129, 24.522, 24.495, 24.199, 24.132, 24.127, 24.253, 24.3, 25.476, 26.364, 27.389, 28.197, 27.832, 27.645, 26.91, 26.006, 25.844, 26.119, 25.846, 25.416, 24.532, 23.271, 22.633, 22.055, 23.131, 25.112, 25.271, 24.425, 24.047, 23.492, 22.129, 22.569, 23.044, 23.061, 22.892, 22.716, 23.296, 23.577, 23.704, 23.843, 23.677, 23.073, 22.464, 22.4, 22.161, 22.566, 22.478, 22.026, 21.957, 21.968, 22.232, 22.421], [2.068, 0.0, 2.037, 3.357, 4.624, 5.875, 7.112, 8.489, 8.901, 9.165, 11.077, 13.566, 15.289, 16.488, 17.174, 17.196, 17.012, 16.884, 17.081, 17.943, 19.879, 21.669, 22.788, 23.264, 22.589, 22.455, 23.4, 24.271, 25.055, 25.158, 24.107, 24.27, 24.407, 24.252, 24.277, 24.696, 24.677, 24.378, 24.327, 24.314, 24.429, 24.48, 25.681, 26.562, 27.595, 28.403, 28.019, 27.833, 27.086, 26.149, 25.991, 26.282, 25.994, 25.59, 24.729, 23.469, 22.829, 22.222, 23.353, 25.404, 25.556, 24.672, 24.28, 23.71, 22.304, 22.766, 23.258, 23.248, 23.06, 22.822, 23.365, 23.657, 23.783, 23.922, 23.754, 23.135, 22.494, 22.431, 22.191, 22.6, 22.504, 22.047, 21.99, 22.018, 22.294, 22.489], [3.57, 2.037, 0.0, 2.017, 3.822, 5.393, 6.904, 8.512, 9.114, 9.501, 11.361, 13.753, 15.437, 16.646, 17.328, 17.322, 17.07, 16.886, 17.072, 17.919, 19.828, 21.595, 22.701, 23.192, 22.534, 22.403, 23.357, 24.235, 25.03, 25.146, 24.119, 24.292, 24.431, 24.302, 24.326, 24.747, 24.747, 24.449, 24.413, 24.403, 24.511, 24.55, 25.741, 26.621, 27.664, 28.482, 28.089, 27.903, 27.153, 26.208, 26.052, 26.35, 26.059, 25.665, 24.815, 23.557, 22.917, 22.294, 23.443, 25.52, 25.677, 24.779, 24.385, 23.81, 22.37, 22.831, 23.326, 23.296, 23.098, 22.836, 23.367, 23.666, 23.784, 23.917, 23.752, 23.127, 22.468, 22.413, 22.184, 22.601, 22.493, 22.025, 21.971, 22.017, 22.31, 22.51], [4.399, 3.357, 2.017, 0.0, 2.517, 4.754, 6.571, 8.276, 8.96, 9.517, 11.529, 13.994, 15.692, 16.899, 17.553, 17.509, 17.215, 17.001, 17.155, 17.925, 19.768, 21.51, 22.593, 23.069, 22.424, 22.295, 23.215, 24.08, 24.894, 25.042, 24.072, 24.256, 24.385, 24.258, 24.296, 24.712, 24.72, 24.444, 24.422, 24.411, 24.513, 24.549, 25.718, 26.592, 27.634, 28.454, 28.072, 27.894, 27.16, 26.234, 26.083, 26.378, 26.097, 25.711, 24.879, 23.654, 23.025, 22.412, 23.535, 25.567, 25.718, 24.812, 24.416, 23.857, 22.457, 22.916, 23.391, 23.356, 23.166, 22.911, 23.431, 23.722, 23.839, 23.966, 23.801, 23.19, 22.528, 22.46, 22.224, 22.609, 22.497, 22.023, 21.971, 22.02, 22.3, 22.492], [5.322, 4.624, 3.822, 2.517, 0.0, 2.98, 5.429, 7.426, 8.31, 9.11, 11.335, 13.921, 15.71, 16.948, 17.56, 17.473, 17.166, 16.968, 17.122, 17.823, 19.578, 21.272, 22.308, 22.746, 22.111, 22.006, 22.906, 23.762, 24.581, 24.755, 23.833, 24.021, 24.113, 23.996, 24.07, 24.474, 24.497, 24.226, 24.226, 24.228, 24.325, 24.312, 25.416, 26.283, 27.301, 28.122, 27.747, 27.573, 26.861, 25.956, 25.805, 26.096, 25.827, 25.441, 24.61, 23.382, 22.743, 22.165, 23.258, 25.247, 25.403, 24.486, 24.089, 23.551, 22.18, 22.63, 23.09, 23.065, 22.907, 22.665, 23.146, 23.413, 23.531, 23.647, 23.476, 22.898, 22.263, 22.206, 22.031, 22.438, 22.329, 21.852, 21.796, 21.841, 22.1, 22.272], [6.278, 5.875, 5.393, 4.754, 2.98, 0.0, 3.23, 6.037, 7.448, 8.768, 11.336, 14.044, 15.901, 17.178, 17.781, 17.683, 17.395, 17.265, 17.47, 18.149, 19.812, 21.402, 22.352, 22.737, 22.116, 22.031, 22.914, 23.749, 24.547, 24.7, 23.79, 23.974, 24.009, 23.878, 23.969, 24.323, 24.354, 24.083, 24.067, 24.099, 24.219, 24.151, 25.145, 25.965, 26.938, 27.755, 27.386, 27.203, 26.507, 25.62, 25.473, 25.763, 25.502, 25.108, 24.283, 23.016, 22.376, 21.853, 22.91, 24.874, 25.053, 24.154, 23.763, 23.245, 21.884, 22.303, 22.789, 22.817, 22.707, 22.53, 23.015, 23.27, 23.391, 23.5, 23.326, 22.776, 22.178, 22.133, 22.0, 22.429, 22.337, 21.866, 21.801, 21.833, 22.066, 22.216], [7.265, 7.112, 6.904, 6.571, 5.429, 3.23, 0.0, 3.538, 5.727, 7.872, 10.977, 13.91, 15.827, 17.101, 17.706, 17.612, 17.341, 17.291, 17.562, 18.251, 19.902, 21.478, 22.418, 22.781, 22.133, 22.027, 22.899, 23.723, 24.504, 24.631, 23.704, 23.886, 23.907, 23.763, 23.852, 24.184, 24.182, 23.919, 23.891, 23.929, 24.112, 24.1, 25.088, 25.886, 26.858, 27.682, 27.319, 27.13, 26.424, 25.536, 25.383, 25.673, 25.406, 24.983, 24.124, 22.798, 22.152, 21.634, 22.698, 24.713, 24.916, 24.028, 23.641, 23.106, 21.66, 22.055, 22.6, 22.686, 22.597, 22.491, 23.059, 23.342, 23.472, 23.585, 23.414, 22.856, 22.262, 22.227, 22.068, 22.486, 22.408, 21.947, 21.873, 21.901, 22.14, 22.289], [8.461, 8.489, 8.512, 8.276, 7.426, 6.037, 3.538, 0.0, 3.165, 6.547, 10.251, 13.448, 15.468, 16.724, 17.305, 17.219, 16.964, 16.991, 17.341, 18.046, 19.73, 21.335, 22.303, 22.667, 21.984, 21.838, 22.694, 23.523, 24.289, 24.4, 23.475, 23.663, 23.688, 23.56, 23.661, 23.998, 23.959, 23.709, 23.706, 23.736, 23.962, 24.055, 25.108, 25.912, 26.903, 27.732, 27.376, 27.199, 26.496, 25.615, 25.45, 25.731, 25.459, 25.016, 24.122, 22.755, 22.089, 21.55, 22.627, 24.687, 24.9, 24.027, 23.659, 23.112, 21.611, 22.016, 22.59, 22.706, 22.618, 22.516, 23.14, 23.446, 23.581, 23.699, 23.528, 22.955, 22.361, 22.322, 22.121, 22.529, 22.465, 22.03, 21.959, 21.983, 22.24, 22.404], [8.839, 8.901, 9.114, 8.96, 8.31, 7.448, 5.727, 3.165, 0.0, 4.26, 8.645, 12.175, 14.328, 15.68, 16.319, 16.29, 16.123, 16.259, 16.71, 17.523, 19.375, 21.09, 22.109, 22.493, 21.784, 21.61, 22.477, 23.325, 24.1, 24.217, 23.272, 23.447, 23.49, 23.37, 23.476, 23.855, 23.808, 23.567, 23.584, 23.605, 23.845, 24.016, 25.18, 26.035, 27.055, 27.873, 27.505, 27.34, 26.629, 25.737, 25.563, 25.84, 25.56, 25.111, 24.207, 22.83, 22.144, 21.565, 22.658, 24.754, 24.954, 24.071, 23.693, 23.143, 21.683, 22.118, 22.674, 22.784, 22.687, 22.561, 23.201, 23.52, 23.657, 23.779, 23.6, 23.017, 22.42, 22.371, 22.157, 22.568, 22.504, 22.078, 22.007, 22.003, 22.256, 22.432], [9.086, 9.165, 9.501, 9.517, 9.11, 8.768, 7.872, 6.547, 4.26, 0.0, 5.024, 9.093, 11.518, 13.147, 13.946, 13.991, 13.959, 14.216, 14.765, 15.825, 18.114, 20.168, 21.38, 21.847, 21.085, 20.887, 21.842, 22.788, 23.636, 23.798, 22.846, 23.032, 23.119, 22.997, 23.082, 23.547, 23.511, 23.278, 23.319, 23.34, 23.616, 23.851, 25.186, 26.19, 27.286, 28.096, 27.688, 27.533, 26.792, 25.851, 25.661, 25.946, 25.646, 25.155, 24.202, 22.798, 22.073, 21.43, 22.582, 24.764, 24.954, 24.039, 23.628, 23.042, 21.55, 21.978, 22.502, 22.582, 22.467, 22.312, 22.974, 23.313, 23.45, 23.571, 23.381, 22.782, 22.172, 22.167, 22.054, 22.567, 22.478, 22.019, 21.927, 21.883, 22.139, 22.33], [11.021, 11.077, 11.361, 11.529, 11.335, 11.336, 10.977, 10.251, 8.645, 5.024, 0.0, 4.652, 7.741, 9.925, 10.959, 11.079, 11.156, 11.475, 12.164, 13.61, 16.438, 18.91, 20.402, 21.002, 20.2, 19.972, 21.024, 22.091, 23.018, 23.236, 22.336, 22.555, 22.692, 22.59, 22.652, 23.216, 23.213, 23.006, 23.1, 23.141, 23.457, 23.761, 25.226, 26.372, 27.555, 28.355, 27.911, 27.765, 27.021, 26.056, 25.853, 26.142, 25.818, 25.293, 24.305, 22.886, 22.128, 21.445, 22.62, 24.831, 25.019, 24.111, 23.692, 23.069, 21.522, 21.874, 22.335, 22.373, 22.229, 22.047, 22.72, 23.078, 23.205, 23.319, 23.132, 22.53, 21.921, 21.996, 22.052, 22.707, 22.599, 22.126, 22.008, 21.929, 22.199, 22.407], [13.572, 13.566, 13.753, 13.994, 13.921, 14.044, 13.91, 13.448, 12.175, 9.093, 4.652, 0.0, 3.914, 6.876, 8.171, 8.374, 8.561, 9.023, 10.051, 11.972, 15.218, 17.972, 19.656, 20.377, 19.581, 19.328, 20.446, 21.611, 22.59, 22.851, 22.003, 22.239, 22.442, 22.388, 22.421, 23.035, 23.078, 22.902, 23.027, 23.085, 23.419, 23.786, 25.325, 26.532, 27.751, 28.525, 28.056, 27.915, 27.189, 26.233, 26.029, 26.32, 25.985, 25.484, 24.55, 23.18, 22.419, 21.727, 22.883, 25.045, 25.221, 24.332, 23.914, 23.287, 21.762, 22.055, 22.439, 22.419, 22.255, 22.066, 22.724, 23.089, 23.209, 23.316, 23.126, 22.527, 21.928, 22.041, 22.215, 22.925, 22.811, 22.365, 22.23, 22.115, 22.373, 22.588], [15.309, 15.289, 15.437, 15.692, 15.71, 15.901, 15.827, 15.468, 14.328, 11.518, 7.741, 3.914, 0.0, 3.805, 5.652, 6.013, 6.374, 7.11, 8.674, 11.102, 14.716, 17.697, 19.516, 20.322, 19.537, 19.265, 20.413, 21.648, 22.693, 22.994, 22.192, 22.431, 22.694, 22.645, 22.647, 23.26, 23.318, 23.154, 23.237, 23.279, 23.626, 24.039, 25.587, 26.777, 27.958, 28.691, 28.233, 28.084, 27.374, 26.455, 26.258, 26.544, 26.215, 25.74, 24.845, 23.53, 22.797, 22.115, 23.235, 25.307, 25.459, 24.594, 24.177, 23.562, 22.128, 22.383, 22.709, 22.676, 22.51, 22.353, 22.988, 23.35, 23.463, 23.568, 23.379, 22.78, 22.179, 22.274, 22.432, 23.092, 22.982, 22.564, 22.42, 22.274, 22.512, 22.729], [16.478, 16.488, 16.646, 16.899, 16.948, 17.178, 17.101, 16.724, 15.68, 13.147, 9.925, 6.876, 3.805, 0.0, 2.6, 3.62, 4.432, 5.606, 7.793, 10.69, 14.579, 17.734, 19.633, 20.485, 19.706, 19.413, 20.573, 21.822, 22.893, 23.226, 22.452, 22.685, 22.974, 22.928, 22.922, 23.552, 23.624, 23.472, 23.531, 23.556, 23.905, 24.34, 25.842, 26.974, 28.099, 28.803, 28.377, 28.247, 27.579, 26.714, 26.521, 26.794, 26.472, 26.011, 25.129, 23.83, 23.093, 22.443, 23.484, 25.409, 25.538, 24.702, 24.294, 23.709, 22.391, 22.619, 22.907, 22.891, 22.738, 22.579, 23.155, 23.497, 23.6, 23.701, 23.524, 22.956, 22.364, 22.422, 22.549, 23.162, 23.066, 22.668, 22.514, 22.346, 22.565, 22.778], [17.143, 17.174, 17.328, 17.553, 17.56, 17.781, 17.706, 17.305, 16.319, 13.946, 10.959, 8.171, 5.652, 2.6, 0.0, 1.856, 3.318, 5.113, 7.602, 10.443, 14.212, 17.34, 19.219, 20.056, 19.304, 19.009, 20.153, 21.428, 22.531, 22.91, 22.194, 22.446, 22.743, 22.735, 22.732, 23.354, 23.452, 23.338, 23.422, 23.456, 23.809, 24.255, 25.73, 26.863, 27.981, 28.668, 28.25, 28.143, 27.512, 26.687, 26.498, 26.762, 26.45, 26.013, 25.185, 23.948, 23.246, 22.637, 23.623, 25.457, 25.576, 24.759, 24.37, 23.825, 22.586, 22.802, 23.074, 23.058, 22.921, 22.764, 23.293, 23.605, 23.697, 23.786, 23.613, 23.082, 22.509, 22.544, 22.68, 23.295, 23.219, 22.829, 22.663, 22.481, 22.683, 22.889], [17.155, 17.196, 17.322, 17.509, 17.473, 17.683, 17.612, 17.219, 16.29, 13.991, 11.079, 8.374, 6.013, 3.62, 1.856, 0.0, 2.079, 4.545, 7.1, 9.734, 13.413, 16.537, 18.419, 19.256, 18.52, 18.25, 19.41, 20.75, 21.932, 22.364, 21.691, 21.973, 22.264, 22.28, 22.283, 22.879, 22.989, 22.9, 23.007, 23.052, 23.419, 23.869, 25.355, 26.543, 27.696, 28.376, 27.945, 27.846, 27.218, 26.393, 26.209, 26.472, 26.164, 25.735, 24.926, 23.727, 23.059, 22.47, 23.45, 25.282, 25.401, 24.577, 24.194, 23.657, 22.415, 22.638, 22.916, 22.905, 22.779, 22.645, 23.19, 23.476, 23.551, 23.631, 23.457, 22.932, 22.38, 22.434, 22.581, 23.227, 23.167, 22.766, 22.595, 22.425, 22.635, 22.844], [17.012, 17.012, 17.07, 17.215, 17.166, 17.395, 17.341, 16.964, 16.123, 13.959, 11.156, 8.561, 6.374, 4.432, 3.318, 2.079, 0.0, 3.09, 6.136, 8.889, 12.617, 15.797, 17.738, 18.639, 17.911, 17.652, 18.851, 20.226, 21.477, 21.982, 21.36, 21.661, 21.969, 22.028, 22.039, 22.63, 22.744, 22.666, 22.789, 22.837, 23.208, 23.663, 25.147, 26.338, 27.511, 28.198, 27.765, 27.663, 27.019, 26.182, 26.006, 26.28, 25.968, 25.547, 24.751, 23.584, 22.943, 22.342, 23.366, 25.246, 25.364, 24.521, 24.13, 23.567, 22.273, 22.527, 22.842, 22.836, 22.71, 22.583, 23.15, 23.437, 23.504, 23.584, 23.413, 22.875, 22.318, 22.379, 22.499, 23.14, 23.084, 22.68, 22.513, 22.365, 22.594, 22.814], [16.937, 16.884, 16.886, 17.001, 16.968, 17.265, 17.291, 16.991, 16.259, 14.216, 11.475, 9.023, 7.11, 5.606, 5.113, 4.545, 3.09, 0.0, 3.921, 7.574, 11.82, 15.229, 17.336, 18.355, 17.642, 17.38, 18.606, 19.995, 21.288, 21.868, 21.353, 21.684, 22.022, 22.113, 22.129, 22.724, 22.843, 22.771, 22.888, 22.923, 23.282, 23.731, 25.177, 26.329, 27.476, 28.153, 27.733, 27.622, 26.966, 26.123, 25.947, 26.236, 25.921, 25.494, 24.712, 23.58, 22.928, 22.301, 23.358, 25.242, 25.334, 24.471, 24.056, 23.464, 22.179, 22.465, 22.78, 22.769, 22.635, 22.483, 23.042, 23.344, 23.42, 23.506, 23.336, 22.774, 22.21, 22.274, 22.361, 22.972, 22.927, 22.536, 22.378, 22.241, 22.477, 22.703], [17.112, 17.081, 17.072, 17.155, 17.122, 17.47, 17.562, 17.341, 16.71, 14.765, 12.164, 10.051, 8.674, 7.793, 7.602, 7.1, 6.136, 3.921, 0.0, 4.8, 10.13, 14.024, 16.345, 17.414, 16.711, 16.521, 17.806, 19.254, 20.653, 21.347, 20.97, 21.357, 21.702, 21.75, 21.757, 22.373, 22.506, 22.464, 22.584, 22.62, 22.981, 23.442, 24.91, 26.102, 27.265, 27.944, 27.515, 27.394, 26.742, 25.91, 25.742, 26.035, 25.728, 25.299, 24.534, 23.422, 22.76, 22.144, 23.18, 25.016, 25.079, 24.194, 23.761, 23.166, 21.915, 22.205, 22.508, 22.51, 22.379, 22.2, 22.75, 23.051, 23.124, 23.208, 23.058, 22.509, 21.967, 22.073, 22.187, 22.814, 22.778, 22.39, 22.243, 22.127, 22.355, 22.568], [17.932, 17.943, 17.919, 17.925, 17.823, 18.149, 18.251, 18.046, 17.523, 15.825, 13.61, 11.972, 11.102, 10.69, 10.443, 9.734, 8.889, 7.574, 4.8, 0.0, 6.342, 11.021, 13.696, 14.825, 14.167, 14.178, 15.578, 17.157, 18.797, 19.674, 19.493, 19.992, 20.332, 20.352, 20.361, 21.017, 21.185, 21.24, 21.445, 21.516, 21.909, 22.471, 24.063, 25.405, 26.678, 27.374, 26.922, 26.806, 26.177, 25.399, 25.27, 25.559, 25.284, 24.921, 24.266, 23.305, 22.738, 22.177, 23.145, 24.864, 24.907, 24.032, 23.626, 23.066, 21.831, 22.11, 22.417, 22.439, 22.32, 22.191, 22.742, 23.002, 23.059, 23.134, 23.016, 22.542, 22.046, 22.158, 22.289, 22.941, 22.936, 22.573, 22.427, 22.327, 22.548, 22.75], [19.853, 19.879, 19.828, 19.768, 19.578, 19.812, 19.902, 19.73, 19.375, 18.114, 16.438, 15.218, 14.716, 14.579, 14.212, 13.413, 12.617, 11.82, 10.13, 6.342, 0.0, 5.603, 9.054, 10.465, 10.024, 10.374, 11.905, 13.684, 15.678, 16.811, 16.998, 17.682, 18.027, 18.153, 18.191, 18.852, 19.092, 19.323, 19.74, 19.892, 20.314, 21.015, 22.655, 24.129, 25.515, 26.161, 25.676, 25.593, 25.036, 24.371, 24.327, 24.622, 24.4, 24.199, 23.937, 23.477, 23.21, 22.798, 23.582, 24.998, 24.979, 24.182, 23.873, 23.426, 22.374, 22.655, 22.925, 22.924, 22.812, 22.798, 23.355, 23.534, 23.556, 23.617, 23.525, 23.128, 22.717, 22.801, 22.881, 23.467, 23.502, 23.21, 23.056, 22.964, 23.15, 23.314], [21.649, 21.669, 21.595, 21.51, 21.272, 21.402, 21.478, 21.335, 21.09, 20.168, 18.91, 17.972, 17.697, 17.734, 17.34, 16.537, 15.797, 15.229, 14.024, 11.021, 5.603, 0.0, 4.221, 6.297, 6.389, 7.113, 8.645, 10.616, 12.779, 14.003, 14.588, 15.478, 15.801, 16.111, 16.211, 16.728, 17.012, 17.412, 18.053, 18.299, 18.735, 19.523, 21.049, 22.552, 24.013, 24.565, 24.047, 23.997, 23.518, 22.975, 23.034, 23.344, 23.172, 23.163, 23.44, 23.672, 23.82, 23.576, 24.178, 25.322, 25.262, 24.576, 24.379, 24.063, 23.22, 23.489, 23.739, 23.753, 23.67, 23.759, 24.319, 24.44, 24.425, 24.47, 24.398, 24.07, 23.732, 23.745, 23.75, 24.204, 24.26, 24.053, 23.898, 23.813, 23.961, 24.086], [22.771, 22.788, 22.701, 22.593, 22.308, 22.352, 22.418, 22.303, 22.109, 21.38, 20.402, 19.656, 19.516, 19.633, 19.219, 18.419, 17.738, 17.336, 16.345, 13.696, 9.054, 4.221, 0.0, 2.885, 4.103, 5.269, 6.645, 8.651, 10.689, 11.911, 12.92, 13.974, 14.213, 14.692, 14.849, 15.198, 15.563, 16.114, 16.91, 17.233, 17.678, 18.491, 19.83, 21.309, 22.799, 23.301, 22.775, 22.737, 22.318, 21.895, 22.043, 22.345, 22.236, 22.372, 22.991, 23.689, 24.187, 24.083, 24.538, 25.49, 25.426, 24.843, 24.738, 24.532, 23.833, 24.05, 24.29, 24.345, 24.302, 24.481, 25.045, 25.121, 25.081, 25.107, 25.035, 24.746, 24.46, 24.401, 24.399, 24.789, 24.866, 24.714, 24.561, 24.483, 24.601, 24.701], [23.223, 23.264, 23.192, 23.069, 22.746, 22.737, 22.781, 22.667, 22.493, 21.847, 21.002, 20.377, 20.322, 20.485, 20.056, 19.256, 18.639, 18.355, 17.414, 14.825, 10.465, 6.297, 2.885, 0.0, 2.608, 4.432, 5.667, 7.613, 9.56, 10.894, 12.157, 13.263, 13.399, 13.924, 14.136, 14.44, 14.935, 15.533, 16.35, 16.71, 17.151, 17.943, 19.185, 20.707, 22.208, 22.703, 22.189, 22.149, 21.783, 21.445, 21.624, 21.908, 21.833, 22.002, 22.691, 23.507, 24.175, 24.188, 24.527, 25.344, 25.291, 24.796, 24.767, 24.63, 24.003, 24.159, 24.367, 24.435, 24.417, 24.666, 25.247, 25.299, 25.252, 25.274, 25.206, 24.932, 24.69, 24.615, 24.63, 25.036, 25.125, 24.988, 24.829, 24.751, 24.849, 24.93], [22.532, 22.589, 22.534, 22.424, 22.111, 22.116, 22.133, 21.984, 21.784, 21.085, 20.2, 19.581, 19.537, 19.706, 19.304, 18.52, 17.911, 17.642, 16.711, 14.167, 10.024, 6.389, 4.103, 2.608, 0.0, 2.467, 4.735, 7.207, 9.385, 10.84, 11.784, 12.789, 13.066, 13.554, 13.771, 14.225, 14.726, 15.198, 15.926, 16.25, 16.699, 17.517, 18.95, 20.595, 22.123, 22.633, 22.101, 22.083, 21.704, 21.297, 21.454, 21.746, 21.628, 21.717, 22.276, 22.983, 23.617, 23.61, 24.007, 24.924, 24.872, 24.332, 24.287, 24.117, 23.432, 23.644, 23.868, 23.92, 23.893, 24.135, 24.73, 24.789, 24.752, 24.786, 24.721, 24.417, 24.172, 24.13, 24.148, 24.61, 24.696, 24.536, 24.373, 24.286, 24.384, 24.47], [22.399, 22.455, 22.403, 22.295, 22.006, 22.031, 22.027, 21.838, 21.61, 20.887, 19.972, 19.328, 19.265, 19.413, 19.009, 18.25, 17.652, 17.38, 16.521, 14.178, 10.374, 7.113, 5.269, 4.432, 2.467, 0.0, 3.437, 6.58, 8.99, 10.441, 11.264, 12.283, 12.716, 13.285, 13.484, 14.021, 14.558, 15.049, 15.795, 16.079, 16.557, 17.44, 18.955, 20.636, 22.168, 22.661, 22.121, 22.117, 21.728, 21.279, 21.42, 21.72, 21.586, 21.646, 22.168, 22.867, 23.493, 23.442, 23.896, 24.894, 24.837, 24.245, 24.159, 23.979, 23.315, 23.579, 23.816, 23.869, 23.839, 24.048, 24.616, 24.672, 24.633, 24.666, 24.595, 24.287, 24.034, 24.008, 24.039, 24.509, 24.59, 24.42, 24.26, 24.163, 24.249, 24.336], [23.335, 23.4, 23.357, 23.215, 22.906, 22.914, 22.899, 22.694, 22.477, 21.842, 21.024, 20.446, 20.413, 20.573, 20.153, 19.41, 18.851, 18.606, 17.806, 15.578, 11.905, 8.645, 6.645, 5.667, 4.735, 3.437, 0.0, 3.928, 7.015, 8.657, 9.953, 11.223, 11.669, 12.436, 12.685, 13.162, 13.831, 14.545, 15.454, 15.748, 16.241, 17.214, 18.629, 20.326, 21.898, 22.352, 21.839, 21.838, 21.471, 21.092, 21.252, 21.537, 21.464, 21.6, 22.266, 23.169, 23.9, 23.891, 24.276, 25.16, 25.13, 24.602, 24.524, 24.398, 23.907, 24.175, 24.409, 24.495, 24.475, 24.699, 25.247, 25.297, 25.246, 25.268, 25.197, 24.909, 24.67, 24.63, 24.663, 25.067, 25.154, 25.005, 24.843, 24.741, 24.786, 24.852], [24.205, 24.271, 24.235, 24.08, 23.762, 23.749, 23.723, 23.523, 23.325, 22.788, 22.091, 21.611, 21.648, 21.822, 21.428, 20.75, 20.226, 19.995, 19.254, 17.157, 13.684, 10.616, 8.651, 7.613, 7.207, 6.58, 3.928, 0.0, 4.008, 6.439, 8.467, 9.948, 10.396, 11.385, 11.722, 12.333, 13.174, 14.058, 15.094, 15.391, 15.859, 16.923, 18.288, 19.987, 21.611, 22.096, 21.642, 21.643, 21.31, 20.982, 21.152, 21.425, 21.411, 21.63, 22.438, 23.485, 24.292, 24.333, 24.638, 25.382, 25.377, 24.968, 24.937, 24.856, 24.486, 24.74, 24.982, 25.104, 25.091, 25.345, 25.925, 26.006, 25.951, 25.973, 25.912, 25.622, 25.379, 25.32, 25.318, 25.638, 25.725, 25.601, 25.438, 25.347, 25.372, 25.423], [24.971, 25.055, 25.03, 24.894, 24.581, 24.547, 24.504, 24.289, 24.1, 23.636, 23.018, 22.59, 22.693, 22.893, 22.531, 21.932, 21.477, 21.288, 20.653, 18.797, 15.678, 12.779, 10.689, 9.56, 9.385, 8.99, 7.015, 4.008, 0.0, 3.652, 6.992, 8.735, 9.109, 10.291, 10.717, 11.393, 12.452, 13.438, 14.544, 14.833, 15.273, 16.42, 17.727, 19.426, 21.076, 21.628, 21.238, 21.25, 20.99, 20.726, 20.885, 21.139, 21.187, 21.472, 22.409, 23.607, 24.526, 24.652, 24.849, 25.413, 25.414, 25.125, 25.184, 25.168, 24.866, 25.073, 25.272, 25.412, 25.404, 25.711, 26.34, 26.442, 26.391, 26.411, 26.35, 26.052, 25.823, 25.725, 25.71, 25.989, 26.067, 25.974, 25.805, 25.731, 25.763, 25.805], [25.055, 25.158, 25.146, 25.042, 24.755, 24.7, 24.631, 24.4, 24.217, 23.798, 23.236, 22.851, 22.994, 23.226, 22.91, 22.364, 21.982, 21.868, 21.347, 19.674, 16.811, 14.003, 11.911, 10.894, 10.84, 10.441, 8.657, 6.439, 3.652, 0.0, 4.968, 7.356, 7.584, 8.813, 9.243, 9.805, 11.004, 12.125, 13.368, 13.714, 14.194, 15.452, 16.733, 18.454, 20.151, 20.758, 20.377, 20.392, 20.154, 19.919, 20.076, 20.319, 20.416, 20.755, 21.808, 23.167, 24.203, 24.397, 24.529, 24.999, 25.033, 24.829, 24.949, 24.984, 24.72, 24.895, 25.036, 25.177, 25.165, 25.495, 26.14, 26.22, 26.158, 26.169, 26.101, 25.797, 25.585, 25.461, 25.447, 25.726, 25.801, 25.733, 25.56, 25.492, 25.549, 25.592], [24.017, 24.107, 24.119, 24.072, 23.833, 23.79, 23.704, 23.475, 23.272, 22.846, 22.336, 22.003, 22.192, 22.452, 22.194, 21.691, 21.36, 21.353, 20.97, 19.493, 16.998, 14.588, 12.92, 12.157, 11.784, 11.264, 9.953, 8.467, 6.992, 4.968, 0.0, 3.172, 4.204, 5.525, 5.907, 7.088, 8.45, 9.294, 10.617, 10.975, 11.425, 12.804, 14.544, 16.577, 18.472, 19.215, 18.769, 18.835, 18.546, 18.16, 18.301, 18.551, 18.62, 18.951, 19.987, 21.427, 22.59, 22.835, 22.985, 23.56, 23.644, 23.475, 23.674, 23.701, 23.398, 23.685, 23.822, 23.958, 23.94, 24.258, 24.927, 24.968, 24.89, 24.91, 24.848, 24.512, 24.347, 24.262, 24.241, 24.632, 24.738, 24.666, 24.505, 24.463, 24.563, 24.618], [24.189, 24.27, 24.292, 24.256, 24.021, 23.974, 23.886, 23.663, 23.447, 23.032, 22.555, 22.239, 22.431, 22.685, 22.446, 21.973, 21.661, 21.684, 21.357, 19.992, 17.682, 15.478, 13.974, 13.263, 12.789, 12.283, 11.223, 9.948, 8.735, 7.356, 3.172, 0.0, 2.638, 4.355, 4.789, 6.43, 7.816, 8.394, 9.709, 10.049, 10.437, 11.825, 13.782, 15.967, 17.922, 18.745, 18.336, 18.447, 18.158, 17.736, 17.885, 18.131, 18.18, 18.488, 19.455, 20.918, 22.176, 22.464, 22.581, 23.148, 23.247, 23.132, 23.409, 23.449, 23.206, 23.597, 23.731, 23.862, 23.851, 24.169, 24.838, 24.878, 24.802, 24.83, 24.776, 24.429, 24.294, 24.219, 24.196, 24.622, 24.75, 24.695, 24.547, 24.511, 24.604, 24.654], [24.296, 24.407, 24.431, 24.385, 24.113, 24.009, 23.907, 23.688, 23.49, 23.119, 22.692, 22.442, 22.694, 22.974, 22.743, 22.264, 21.969, 22.022, 21.702, 20.332, 18.027, 15.801, 14.213, 13.399, 13.066, 12.716, 11.669, 10.396, 9.109, 7.584, 4.204, 2.638, 0.0, 2.898, 4.044, 5.53, 7.08, 7.767, 9.211, 9.663, 10.107, 11.458, 13.253, 15.421, 17.42, 18.357, 17.999, 18.099, 17.839, 17.491, 17.671, 17.907, 17.993, 18.302, 19.265, 20.701, 22.001, 22.359, 22.376, 22.847, 23.002, 22.994, 23.339, 23.42, 23.17, 23.485, 23.591, 23.736, 23.746, 24.105, 24.795, 24.824, 24.746, 24.768, 24.722, 24.397, 24.285, 24.212, 24.228, 24.684, 24.809, 24.755, 24.606, 24.574, 24.677, 24.725], [24.101, 24.252, 24.302, 24.258, 23.996, 23.878, 23.763, 23.56, 23.37, 22.997, 22.59, 22.388, 22.645, 22.928, 22.735, 22.28, 22.028, 22.113, 21.75, 20.352, 18.153, 16.111, 14.692, 13.924, 13.554, 13.285, 12.436, 11.385, 10.291, 8.813, 5.525, 4.355, 2.898, 0.0, 2.151, 4.488, 6.176, 6.772, 8.055, 8.511, 9.044, 10.544, 12.577, 14.972, 17.088, 18.089, 17.69, 17.757, 17.509, 17.169, 17.344, 17.562, 17.648, 17.927, 18.857, 20.254, 21.582, 21.985, 21.938, 22.372, 22.552, 22.595, 22.992, 23.08, 22.79, 23.077, 23.178, 23.375, 23.394, 23.781, 24.493, 24.492, 24.404, 24.433, 24.399, 24.065, 23.989, 23.94, 23.953, 24.46, 24.587, 24.52, 24.374, 24.348, 24.462, 24.507], [24.129, 24.277, 24.326, 24.296, 24.07, 23.969, 23.852, 23.661, 23.476, 23.082, 22.652, 22.421, 22.647, 22.922, 22.732, 22.283, 22.039, 22.129, 21.757, 20.361, 18.191, 16.211, 14.849, 14.136, 13.771, 13.484, 12.685, 11.722, 10.717, 9.243, 5.907, 4.789, 4.044, 2.151, 0.0, 3.599, 5.595, 6.333, 7.7, 8.177, 8.764, 10.332, 12.529, 15.023, 17.15, 18.124, 17.684, 17.716, 17.449, 17.092, 17.259, 17.473, 17.55, 17.829, 18.769, 20.181, 21.52, 21.919, 21.898, 22.354, 22.512, 22.533, 22.918, 23.002, 22.723, 23.026, 23.138, 23.343, 23.375, 23.756, 24.461, 24.453, 24.355, 24.384, 24.349, 24.016, 23.951, 23.915, 23.935, 24.453, 24.585, 24.512, 24.369, 24.341, 24.447, 24.492], [24.522, 24.696, 24.747, 24.712, 24.474, 24.323, 24.184, 23.998, 23.855, 23.547, 23.216, 23.035, 23.26, 23.552, 23.354, 22.879, 22.63, 22.724, 22.373, 21.017, 18.852, 16.728, 15.198, 14.44, 14.225, 14.021, 13.162, 12.333, 11.393, 9.805, 7.088, 6.43, 5.53, 4.488, 3.599, 0.0, 3.001, 4.544, 6.273, 7.002, 7.763, 9.37, 11.249, 13.751, 15.973, 16.948, 16.553, 16.585, 16.348, 16.121, 16.314, 16.511, 16.646, 16.955, 18.088, 19.768, 21.292, 21.778, 21.738, 22.14, 22.321, 22.407, 22.81, 22.921, 22.697, 22.991, 23.148, 23.399, 23.47, 23.996, 24.763, 24.746, 24.649, 24.665, 24.612, 24.293, 24.245, 24.168, 24.167, 24.641, 24.792, 24.742, 24.594, 24.547, 24.627, 24.664], [24.495, 24.677, 24.747, 24.72, 24.497, 24.354, 24.182, 23.959, 23.808, 23.511, 23.213, 23.078, 23.318, 23.624, 23.452, 22.989, 22.744, 22.843, 22.506, 21.185, 19.092, 17.012, 15.563, 14.935, 14.726, 14.558, 13.831, 13.174, 12.452, 11.004, 8.45, 7.816, 7.08, 6.176, 5.595, 3.001, 0.0, 2.785, 5.135, 6.047, 7.099, 8.971, 10.788, 13.083, 15.416, 16.431, 16.062, 16.135, 15.849, 15.641, 15.864, 16.056, 16.163, 16.457, 17.621, 19.352, 20.935, 21.407, 21.394, 21.919, 22.139, 22.268, 22.699, 22.761, 22.408, 22.705, 22.956, 23.278, 23.35, 23.98, 24.89, 24.91, 24.828, 24.855, 24.802, 24.451, 24.382, 24.294, 24.226, 24.672, 24.827, 24.791, 24.648, 24.603, 24.703, 24.753], [24.199, 24.378, 24.449, 24.444, 24.226, 24.083, 23.919, 23.709, 23.567, 23.278, 23.006, 22.902, 23.154, 23.472, 23.338, 22.9, 22.666, 22.771, 22.464, 21.24, 19.323, 17.412, 16.114, 15.533, 15.198, 15.049, 14.545, 14.058, 13.438, 12.125, 9.294, 8.394, 7.767, 6.772, 6.333, 4.544, 2.785, 0.0, 3.02, 4.266, 5.425, 7.337, 9.499, 11.992, 14.43, 15.553, 15.138, 15.247, 14.946, 14.675, 14.907, 15.1, 15.184, 15.447, 16.561, 18.344, 20.017, 20.522, 20.512, 21.101, 21.364, 21.531, 22.033, 22.079, 21.695, 22.05, 22.3, 22.643, 22.733, 23.377, 24.331, 24.383, 24.322, 24.362, 24.321, 23.965, 23.918, 23.852, 23.782, 24.278, 24.437, 24.397, 24.264, 24.227, 24.339, 24.393], [24.132, 24.327, 24.413, 24.422, 24.226, 24.067, 23.891, 23.706, 23.584, 23.319, 23.1, 23.027, 23.237, 23.531, 23.422, 23.007, 22.789, 22.888, 22.584, 21.445, 19.74, 18.053, 16.91, 16.35, 15.926, 15.795, 15.454, 15.094, 14.544, 13.368, 10.617, 9.709, 9.211, 8.055, 7.7, 6.273, 5.135, 3.02, 0.0, 1.872, 3.495, 5.677, 8.277, 11.116, 13.676, 14.828, 14.372, 14.479, 14.191, 13.9, 14.111, 14.291, 14.367, 14.608, 15.698, 17.547, 19.336, 19.9, 19.892, 20.488, 20.774, 20.989, 21.537, 21.584, 21.27, 21.706, 21.946, 22.314, 22.42, 23.107, 24.075, 24.131, 24.093, 24.146, 24.111, 23.732, 23.7, 23.625, 23.511, 24.007, 24.184, 24.152, 24.015, 23.957, 24.051, 24.106], [24.127, 24.314, 24.403, 24.411, 24.228, 24.099, 23.929, 23.736, 23.605, 23.34, 23.141, 23.085, 23.279, 23.556, 23.456, 23.052, 22.837, 22.923, 22.62, 21.516, 19.892, 18.299, 17.233, 16.71, 16.25, 16.079, 15.748, 15.391, 14.833, 13.714, 10.975, 10.049, 9.663, 8.511, 8.177, 7.002, 6.047, 4.266, 1.872, 0.0, 2.395, 5.148, 8.066, 11.017, 13.608, 14.751, 14.309, 14.435, 14.128, 13.768, 13.936, 14.102, 14.178, 14.414, 15.472, 17.341, 19.147, 19.707, 19.74, 20.375, 20.661, 20.879, 21.435, 21.466, 21.18, 21.681, 21.919, 22.284, 22.38, 23.063, 24.04, 24.1, 24.074, 24.139, 24.118, 23.731, 23.703, 23.632, 23.493, 23.982, 24.164, 24.133, 23.997, 23.939, 24.033, 24.094], [24.253, 24.429, 24.511, 24.513, 24.325, 24.219, 24.112, 23.962, 23.845, 23.616, 23.457, 23.419, 23.626, 23.905, 23.809, 23.419, 23.208, 23.282, 22.981, 21.909, 20.314, 18.735, 17.678, 17.151, 16.699, 16.557, 16.241, 15.859, 15.273, 14.194, 11.425, 10.437, 10.107, 9.044, 8.764, 7.763, 7.099, 5.425, 3.495, 2.395, 0.0, 3.472, 7.055, 10.267, 12.947, 14.125, 13.685, 13.822, 13.539, 13.129, 13.276, 13.434, 13.548, 13.864, 15.042, 17.058, 18.919, 19.522, 19.538, 20.135, 20.428, 20.693, 21.287, 21.342, 21.129, 21.668, 21.885, 22.232, 22.331, 22.966, 23.894, 23.947, 23.923, 23.997, 24.015, 23.667, 23.659, 23.583, 23.434, 23.914, 24.103, 24.087, 23.95, 23.899, 23.986, 24.042], [24.3, 24.48, 24.55, 24.549, 24.312, 24.151, 24.1, 24.055, 24.016, 23.851, 23.761, 23.786, 24.039, 24.34, 24.255, 23.869, 23.663, 23.731, 23.442, 22.471, 21.015, 19.523, 18.491, 17.943, 17.517, 17.44, 17.214, 16.923, 16.42, 15.452, 12.804, 11.825, 11.458, 10.544, 10.332, 9.37, 8.971, 7.337, 5.677, 5.148, 3.472, 0.0, 4.707, 8.55, 11.182, 12.426, 11.948, 12.106, 11.879, 11.458, 11.63, 11.782, 11.962, 12.271, 13.514, 15.774, 17.809, 18.547, 18.503, 19.033, 19.348, 19.636, 20.286, 20.397, 20.31, 20.882, 21.071, 21.45, 21.613, 22.235, 23.073, 23.086, 23.057, 23.114, 23.154, 22.915, 23.008, 22.958, 22.905, 23.474, 23.676, 23.645, 23.512, 23.462, 23.514, 23.547], [25.476, 25.681, 25.741, 25.718, 25.416, 25.145, 25.088, 25.108, 25.18, 25.186, 25.226, 25.325, 25.587, 25.842, 25.73, 25.355, 25.147, 25.177, 24.91, 24.063, 22.655, 21.049, 19.83, 19.185, 18.95, 18.955, 18.629, 18.288, 17.727, 16.733, 14.544, 13.782, 13.253, 12.577, 12.529, 11.249, 10.788, 9.499, 8.277, 8.066, 7.055, 4.707, 0.0, 4.727, 7.577, 8.902, 8.612, 8.87, 8.909, 8.918, 9.224, 9.323, 9.67, 10.117, 11.969, 14.888, 17.327, 18.345, 18.033, 18.24, 18.604, 19.114, 19.91, 20.151, 20.236, 20.633, 20.794, 21.323, 21.598, 22.402, 23.249, 23.204, 23.147, 23.176, 23.204, 23.072, 23.315, 23.217, 23.196, 23.726, 23.97, 23.986, 23.86, 23.831, 23.853, 23.851], [26.364, 26.562, 26.621, 26.592, 26.283, 25.965, 25.886, 25.912, 26.035, 26.19, 26.372, 26.532, 26.777, 26.974, 26.863, 26.543, 26.338, 26.329, 26.102, 25.405, 24.129, 22.552, 21.309, 20.707, 20.595, 20.636, 20.326, 19.987, 19.426, 18.454, 16.577, 15.967, 15.421, 14.972, 15.023, 13.751, 13.083, 11.992, 11.116, 11.017, 10.267, 8.55, 4.727, 0.0, 3.876, 5.942, 6.127, 6.659, 6.845, 7.256, 7.818, 7.889, 8.352, 9.322, 11.818, 14.998, 17.555, 18.64, 18.266, 18.415, 18.783, 19.361, 20.2, 20.482, 20.598, 20.91, 21.09, 21.666, 21.968, 22.803, 23.681, 23.683, 23.638, 23.666, 23.708, 23.612, 23.816, 23.608, 23.473, 23.837, 24.107, 24.199, 24.075, 24.057, 24.08, 24.069], [27.389, 27.595, 27.664, 27.634, 27.301, 26.938, 26.858, 26.903, 27.055, 27.286, 27.555, 27.751, 27.958, 28.099, 27.981, 27.696, 27.511, 27.476, 27.265, 26.678, 25.515, 24.013, 22.799, 22.208, 22.123, 22.168, 21.898, 21.611, 21.076, 20.151, 18.472, 17.922, 17.42, 17.088, 17.15, 15.973, 15.416, 14.43, 13.676, 13.608, 12.947, 11.182, 7.577, 3.876, 0.0, 3.182, 4.329, 5.217, 5.861, 6.713, 7.348, 7.347, 8.003, 9.152, 11.785, 15.116, 17.743, 18.964, 18.449, 18.337, 18.678, 19.323, 20.23, 20.594, 20.884, 21.163, 21.232, 21.77, 22.127, 22.974, 23.763, 23.73, 23.681, 23.697, 23.746, 23.76, 24.042, 23.805, 23.695, 24.053, 24.364, 24.476, 24.362, 24.342, 24.334, 24.286], [28.197, 28.403, 28.482, 28.454, 28.122, 27.755, 27.682, 27.732, 27.873, 28.096, 28.355, 28.525, 28.691, 28.803, 28.668, 28.376, 28.198, 28.153, 27.944, 27.374, 26.161, 24.565, 23.301, 22.703, 22.633, 22.661, 22.352, 22.096, 21.628, 20.758, 19.215, 18.745, 18.357, 18.089, 18.124, 16.948, 16.431, 15.553, 14.828, 14.751, 14.125, 12.426, 8.902, 5.942, 3.182, 0.0, 2.45, 3.914, 5.037, 6.334, 7.017, 6.981, 7.699, 9.005, 12.011, 15.634, 18.351, 19.644, 19.053, 18.799, 19.09, 19.745, 20.661, 21.069, 21.462, 21.705, 21.717, 22.213, 22.579, 23.441, 24.167, 24.087, 24.017, 24.026, 24.071, 24.121, 24.467, 24.235, 24.134, 24.466, 24.796, 24.91, 24.793, 24.768, 24.725, 24.65], [27.832, 28.019, 28.089, 28.072, 27.747, 27.386, 27.319, 27.376, 27.505, 27.688, 27.911, 28.056, 28.233, 28.377, 28.25, 27.945, 27.765, 27.733, 27.515, 26.922, 25.676, 24.047, 22.775, 22.189, 22.101, 22.121, 21.839, 21.642, 21.238, 20.377, 18.769, 18.336, 17.999, 17.69, 17.684, 16.553, 16.062, 15.138, 14.372, 14.309, 13.685, 11.948, 8.612, 6.127, 4.329, 2.45, 0.0, 2.368, 3.814, 5.132, 5.94, 5.95, 6.685, 8.258, 11.636, 15.328, 18.029, 19.299, 18.78, 18.633, 18.896, 19.447, 20.319, 20.711, 21.065, 21.341, 21.368, 21.843, 22.203, 23.008, 23.69, 23.577, 23.494, 23.5, 23.543, 23.59, 23.95, 23.778, 23.753, 24.177, 24.511, 24.591, 24.471, 24.442, 24.388, 24.312], [27.645, 27.833, 27.903, 27.894, 27.573, 27.203, 27.13, 27.199, 27.34, 27.533, 27.765, 27.915, 28.084, 28.247, 28.143, 27.846, 27.663, 27.622, 27.394, 26.806, 25.593, 23.997, 22.737, 22.149, 22.083, 22.117, 21.838, 21.643, 21.25, 20.392, 18.835, 18.447, 18.099, 17.757, 17.716, 16.585, 16.135, 15.247, 14.479, 14.435, 13.822, 12.106, 8.87, 6.659, 5.217, 3.914, 2.368, 0.0, 2.199, 3.904, 4.735, 4.752, 5.535, 7.281, 10.943, 14.776, 17.583, 18.882, 18.348, 18.264, 18.562, 19.149, 20.056, 20.439, 20.718, 20.939, 21.021, 21.539, 21.906, 22.696, 23.371, 23.259, 23.176, 23.19, 23.243, 23.294, 23.668, 23.498, 23.487, 23.932, 24.271, 24.372, 24.267, 24.243, 24.199, 24.125], [26.91, 27.086, 27.153, 27.16, 26.861, 26.507, 26.424, 26.496, 26.629, 26.792, 27.021, 27.189, 27.374, 27.579, 27.512, 27.218, 27.019, 26.966, 26.742, 26.177, 25.036, 23.518, 22.318, 21.783, 21.704, 21.728, 21.471, 21.31, 20.99, 20.154, 18.546, 18.158, 17.839, 17.509, 17.449, 16.348, 15.849, 14.946, 14.191, 14.128, 13.539, 11.879, 8.909, 6.845, 5.861, 5.037, 3.814, 2.199, 0.0, 2.322, 3.588, 3.747, 4.64, 6.518, 10.214, 14.154, 17.053, 18.28, 17.888, 18.12, 18.46, 18.96, 19.821, 20.133, 20.23, 20.459, 20.672, 21.229, 21.574, 22.323, 23.036, 22.958, 22.883, 22.911, 22.962, 22.981, 23.307, 23.142, 23.111, 23.566, 23.889, 23.982, 23.888, 23.868, 23.857, 23.806], [26.006, 26.149, 26.208, 26.234, 25.956, 25.62, 25.536, 25.615, 25.737, 25.851, 26.056, 26.233, 26.455, 26.714, 26.687, 26.393, 26.182, 26.123, 25.91, 25.399, 24.371, 22.975, 21.895, 21.445, 21.297, 21.279, 21.092, 20.982, 20.726, 19.919, 18.16, 17.736, 17.491, 17.169, 17.092, 16.121, 15.641, 14.675, 13.9, 13.768, 13.129, 11.458, 8.918, 7.256, 6.713, 6.334, 5.132, 3.904, 2.322, 0.0, 1.961, 2.504, 3.291, 5.436, 9.306, 13.285, 16.169, 17.326, 17.125, 17.674, 18.039, 18.429, 19.232, 19.459, 19.432, 19.775, 20.057, 20.615, 20.951, 21.618, 22.34, 22.289, 22.223, 22.275, 22.341, 22.332, 22.63, 22.499, 22.479, 22.994, 23.309, 23.372, 23.282, 23.28, 23.293, 23.259], [25.844, 25.991, 26.052, 26.083, 25.805, 25.473, 25.383, 25.45, 25.563, 25.661, 25.853, 26.029, 26.258, 26.521, 26.498, 26.209, 26.006, 25.947, 25.742, 25.27, 24.327, 23.034, 22.043, 21.624, 21.454, 21.42, 21.252, 21.152, 20.885, 20.076, 18.301, 17.885, 17.671, 17.344, 17.259, 16.314, 15.864, 14.907, 14.111, 13.936, 13.276, 11.63, 9.224, 7.818, 7.348, 7.017, 5.94, 4.735, 3.588, 1.961, 0.0, 1.197, 2.212, 4.337, 8.461, 12.538, 15.461, 16.684, 16.526, 17.149, 17.565, 17.975, 18.788, 18.996, 18.962, 19.345, 19.636, 20.217, 20.572, 21.242, 21.962, 21.911, 21.852, 21.914, 21.985, 21.979, 22.299, 22.19, 22.2, 22.756, 23.078, 23.145, 23.063, 23.067, 23.089, 23.05], [26.119, 26.282, 26.35, 26.378, 26.096, 25.763, 25.673, 25.731, 25.84, 25.946, 26.142, 26.32, 26.544, 26.794, 26.762, 26.472, 26.28, 26.236, 26.035, 25.559, 24.622, 23.344, 22.345, 21.908, 21.746, 21.72, 21.537, 21.425, 21.139, 20.319, 18.551, 18.131, 17.907, 17.562, 17.473, 16.511, 16.056, 15.1, 14.291, 14.102, 13.434, 11.782, 9.323, 7.889, 7.347, 6.981, 5.95, 4.752, 3.747, 2.504, 1.197, 0.0, 1.884, 4.164, 8.24, 12.411, 15.414, 16.698, 16.485, 17.024, 17.445, 17.907, 18.761, 18.997, 19.019, 19.394, 19.663, 20.253, 20.623, 21.331, 22.069, 22.009, 21.947, 22.006, 22.082, 22.084, 22.429, 22.322, 22.331, 22.889, 23.222, 23.301, 23.219, 23.221, 23.24, 23.197], [25.846, 25.994, 26.059, 26.097, 25.827, 25.502, 25.406, 25.459, 25.56, 25.646, 25.818, 25.985, 26.215, 26.472, 26.45, 26.164, 25.968, 25.921, 25.728, 25.284, 24.4, 23.172, 22.236, 21.833, 21.628, 21.586, 21.464, 21.411, 21.187, 20.416, 18.62, 18.18, 17.993, 17.648, 17.55, 16.646, 16.163, 15.184, 14.367, 14.178, 13.548, 11.962, 9.67, 8.352, 8.003, 7.699, 6.685, 5.535, 4.64, 3.291, 2.212, 1.884, 0.0, 3.154, 7.592, 11.804, 14.811, 16.064, 15.922, 16.597, 17.019, 17.441, 18.287, 18.483, 18.445, 18.872, 19.182, 19.797, 20.182, 20.889, 21.675, 21.639, 21.581, 21.654, 21.754, 21.748, 22.093, 22.007, 22.009, 22.591, 22.924, 22.998, 22.918, 22.933, 22.961, 22.928], [25.416, 25.59, 25.665, 25.711, 25.441, 25.108, 24.983, 25.016, 25.111, 25.155, 25.293, 25.484, 25.74, 26.011, 26.013, 25.735, 25.547, 25.494, 25.299, 24.921, 24.199, 23.163, 22.372, 22.002, 21.717, 21.646, 21.6, 21.63, 21.472, 20.755, 18.951, 18.488, 18.302, 17.927, 17.829, 16.955, 16.457, 15.447, 14.608, 14.414, 13.864, 12.271, 10.117, 9.322, 9.152, 9.005, 8.258, 7.281, 6.518, 5.436, 4.337, 4.164, 3.154, 0.0, 5.146, 9.873, 13.143, 14.498, 14.378, 15.258, 15.796, 16.285, 17.181, 17.334, 17.205, 17.671, 18.076, 18.804, 19.249, 20.081, 20.969, 20.931, 20.879, 20.955, 21.055, 21.05, 21.472, 21.469, 21.587, 22.309, 22.628, 22.661, 22.594, 22.616, 22.653, 22.624], [24.532, 24.729, 24.815, 24.879, 24.61, 24.283, 24.124, 24.122, 24.207, 24.202, 24.305, 24.55, 24.845, 25.129, 25.185, 24.926, 24.751, 24.712, 24.534, 24.266, 23.937, 23.44, 22.991, 22.691, 22.276, 22.168, 22.266, 22.438, 22.409, 21.808, 19.987, 19.455, 19.265, 18.857, 18.769, 18.088, 17.621, 16.561, 15.698, 15.472, 15.042, 13.514, 11.969, 11.818, 11.785, 12.011, 11.636, 10.943, 10.214, 9.306, 8.461, 8.24, 7.592, 5.146, 0.0, 5.676, 9.7, 11.309, 11.32, 12.712, 13.519, 14.134, 15.188, 15.283, 15.029, 15.671, 16.188, 17.041, 17.588, 18.598, 19.678, 19.709, 19.701, 19.784, 19.893, 19.866, 20.367, 20.512, 20.789, 21.74, 22.021, 21.99, 21.946, 21.987, 22.058, 22.059], [23.271, 23.469, 23.557, 23.654, 23.382, 23.016, 22.798, 22.755, 22.83, 22.798, 22.886, 23.18, 23.53, 23.83, 23.948, 23.727, 23.584, 23.58, 23.422, 23.305, 23.477, 23.672, 23.689, 23.507, 22.983, 22.867, 23.169, 23.485, 23.607, 23.167, 21.427, 20.918, 20.701, 20.254, 20.181, 19.768, 19.352, 18.344, 17.547, 17.341, 17.058, 15.774, 14.888, 14.998, 15.116, 15.634, 15.328, 14.776, 14.154, 13.285, 12.538, 12.411, 11.804, 9.873, 5.676, 0.0, 4.896, 7.044, 7.341, 9.841, 11.072, 11.801, 12.977, 12.931, 12.349, 13.193, 13.851, 14.878, 15.54, 16.678, 18.017, 18.198, 18.267, 18.382, 18.506, 18.411, 18.923, 19.232, 19.67, 20.863, 21.108, 21.003, 20.961, 21.012, 21.135, 21.172], [22.633, 22.829, 22.917, 23.025, 22.743, 22.376, 22.152, 22.089, 22.144, 22.073, 22.128, 22.419, 22.797, 23.093, 23.246, 23.059, 22.943, 22.928, 22.76, 22.738, 23.21, 23.82, 24.187, 24.175, 23.617, 23.493, 23.9, 24.292, 24.526, 24.203, 22.59, 22.176, 22.001, 21.582, 21.52, 21.292, 20.935, 20.017, 19.336, 19.147, 18.919, 17.809, 17.327, 17.555, 17.743, 18.351, 18.029, 17.583, 17.053, 16.169, 15.461, 15.414, 14.811, 13.143, 9.7, 4.896, 0.0, 3.037, 4.073, 7.723, 9.165, 9.848, 10.927, 10.71, 10.174, 11.396, 12.069, 13.188, 13.908, 15.061, 16.621, 16.959, 17.107, 17.265, 17.432, 17.357, 17.88, 18.351, 18.917, 20.249, 20.468, 20.282, 20.23, 20.278, 20.402, 20.454], [22.055, 22.222, 22.294, 22.412, 22.165, 21.853, 21.634, 21.55, 21.565, 21.43, 21.445, 21.727, 22.115, 22.443, 22.637, 22.47, 22.342, 22.301, 22.144, 22.177, 22.798, 23.576, 24.083, 24.188, 23.61, 23.442, 23.891, 24.333, 24.652, 24.397, 22.835, 22.464, 22.359, 21.985, 21.919, 21.778, 21.407, 20.522, 19.9, 19.707, 19.522, 18.547, 18.345, 18.64, 18.964, 19.644, 19.299, 18.882, 18.28, 17.326, 16.684, 16.698, 16.064, 14.498, 11.309, 7.044, 3.037, 0.0, 3.593, 8.156, 9.406, 9.753, 10.586, 10.147, 9.417, 11.002, 11.804, 12.868, 13.498, 14.504, 16.196, 16.683, 16.889, 17.075, 17.244, 17.133, 17.552, 18.072, 18.638, 19.968, 20.151, 19.931, 19.886, 19.924, 20.061, 20.154], [23.131, 23.353, 23.443, 23.535, 23.258, 22.91, 22.698, 22.627, 22.658, 22.582, 22.62, 22.883, 23.235, 23.484, 23.623, 23.45, 23.366, 23.358, 23.18, 23.145, 23.582, 24.178, 24.538, 24.527, 24.007, 23.896, 24.276, 24.638, 24.849, 24.529, 22.985, 22.581, 22.376, 21.938, 21.898, 21.738, 21.394, 20.512, 19.892, 19.74, 19.538, 18.503, 18.033, 18.266, 18.449, 19.053, 18.78, 18.348, 17.888, 17.125, 16.526, 16.485, 15.922, 14.378, 11.32, 7.341, 4.073, 3.593, 0.0, 5.123, 6.817, 8.087, 9.634, 9.576, 9.393, 10.598, 11.02, 12.171, 12.884, 14.174, 16.069, 16.527, 16.692, 16.864, 17.065, 17.007, 17.585, 18.112, 18.678, 20.014, 20.223, 20.059, 20.006, 20.068, 20.191, 20.253], [25.112, 25.404, 25.52, 25.567, 25.247, 24.874, 24.713, 24.687, 24.754, 24.764, 24.831, 25.045, 25.307, 25.409, 25.457, 25.282, 25.246, 25.242, 25.016, 24.864, 24.998, 25.322, 25.49, 25.344, 24.924, 24.894, 25.16, 25.382, 25.413, 24.999, 23.56, 23.148, 22.847, 22.372, 22.354, 22.14, 21.919, 21.101, 20.488, 20.375, 20.135, 19.033, 18.24, 18.415, 18.337, 18.799, 18.633, 18.264, 18.12, 17.674, 17.149, 17.024, 16.597, 15.258, 12.712, 9.841, 7.723, 8.156, 5.123, 0.0, 2.965, 6.351, 8.746, 9.4, 10.811, 11.765, 11.449, 12.49, 13.271, 14.841, 16.781, 17.164, 17.273, 17.405, 17.656,