[[0.0, 1.783, 3.499, 6.606, 9.753, 10.597, 10.981, 12.034, 12.422, 12.863, 15.173, 18.742, 20.574, 21.093, 21.221, 21.253, 21.404, 21.608, 21.596, 22.01, 22.742, 22.774, 22.662, 22.571, 22.584, 23.066, 23.205, 22.765, 22.657, 22.537, 22.227, 22.219, 22.397, 22.441, 22.422, 22.437, 22.209, 22.094, 22.678, 23.437, 23.549, 23.107, 22.656, 22.187, 22.089, 23.746, 26.367, 27.657, 27.842, 27.868, 27.798, 27.476, 27.047, 25.948, 24.278, 23.449, 23.215, 22.646, 21.801, 21.618, 21.908, 21.947, 21.75, 21.783, 21.94, 21.725, 21.72, 21.681, 21.372, 21.235, 21.246, 21.087, 21.23, 21.679, 21.711, 21.318, 20.985, 20.378, 19.813, 19.569, 19.502, 19.396, 19.608, 19.925, 19.898, 19.856], [1.783, 0.0, 2.349, 6.169, 9.535, 10.369, 10.742, 11.841, 12.227, 12.584, 14.833, 18.426, 20.274, 20.768, 20.883, 20.905, 21.038, 21.239, 21.23, 21.659, 22.407, 22.426, 22.302, 22.202, 22.217, 22.741, 22.905, 22.441, 22.334, 22.228, 21.904, 21.89, 22.079, 22.121, 22.117, 22.166, 21.933, 21.792, 22.408, 23.242, 23.39, 22.922, 22.432, 21.917, 21.761, 23.472, 26.201, 27.526, 27.72, 27.752, 27.667, 27.315, 26.874, 25.746, 24.003, 23.115, 22.867, 22.276, 21.373, 21.129, 21.401, 21.454, 21.302, 21.371, 21.534, 21.293, 21.275, 21.222, 20.889, 20.738, 20.742, 20.577, 20.694, 21.133, 21.172, 20.778, 20.438, 19.814, 19.267, 19.082, 19.042, 18.948, 19.195, 19.536, 19.509, 19.462], [3.499, 2.349, 0.0, 4.314, 8.112, 9.098, 9.43, 10.578, 11.008, 11.429, 13.84, 17.612, 19.556, 20.072, 20.195, 20.225, 20.383, 20.643, 20.685, 21.124, 21.863, 21.866, 21.737, 21.645, 21.665, 22.18, 22.315, 21.836, 21.746, 21.643, 21.338, 21.348, 21.554, 21.6, 21.593, 21.655, 21.469, 21.382, 22.01, 22.828, 22.987, 22.544, 22.06, 21.553, 21.441, 23.272, 26.111, 27.468, 27.662, 27.707, 27.615, 27.24, 26.781, 25.62, 23.83, 22.888, 22.592, 21.955, 21.03, 20.824, 21.133, 21.163, 20.983, 21.051, 21.194, 20.929, 20.907, 20.86, 20.552, 20.41, 20.409, 20.247, 20.394, 20.862, 20.927, 20.554, 20.203, 19.544, 18.96, 18.751, 18.701, 18.589, 18.809, 19.117, 19.052, 18.988], [6.606, 6.169, 4.314, 0.0, 4.372, 5.954, 6.387, 7.6, 8.313, 9.404, 12.446, 16.392, 18.457, 19.081, 19.222, 19.273, 19.523, 19.93, 20.079, 20.49, 21.153, 21.161, 21.087, 21.053, 21.075, 21.466, 21.452, 20.941, 20.847, 20.747, 20.554, 20.645, 20.888, 20.966, 20.942, 20.97, 20.905, 21.033, 21.622, 22.187, 22.253, 21.939, 21.575, 21.175, 21.293, 23.392, 26.315, 27.668, 27.848, 27.94, 27.85, 27.445, 26.953, 25.754, 23.949, 22.931, 22.528, 21.819, 20.932, 20.944, 21.393, 21.341, 21.073, 21.117, 21.165, 20.861, 20.86, 20.795, 20.547, 20.451, 20.445, 20.316, 20.591, 21.153, 21.27, 20.967, 20.613, 19.899, 19.219, 18.889, 18.779, 18.629, 18.758, 18.956, 18.794, 18.678], [9.753, 9.535, 8.112, 4.372, 0.0, 2.646, 4.292, 5.722, 6.75, 8.754, 12.312, 15.988, 17.939, 18.605, 18.721, 18.746, 19.059, 19.57, 19.81, 20.215, 20.817, 20.888, 20.939, 21.004, 21.063, 21.361, 21.235, 20.711, 20.602, 20.507, 20.433, 20.608, 20.88, 21.003, 20.969, 20.954, 20.979, 21.285, 21.839, 22.131, 22.026, 21.816, 21.586, 21.295, 21.638, 24.004, 26.984, 28.316, 28.496, 28.669, 28.594, 28.135, 27.58, 26.314, 24.45, 23.304, 22.792, 22.03, 21.149, 21.302, 21.855, 21.759, 21.493, 21.561, 21.51, 21.149, 21.166, 21.046, 20.824, 20.768, 20.751, 20.656, 21.039, 21.677, 21.838, 21.611, 21.265, 20.52, 19.813, 19.431, 19.286, 19.13, 19.216, 19.331, 19.075, 18.887], [10.597, 10.369, 9.098, 5.954, 2.646, 0.0, 3.101, 5.063, 6.077, 8.173, 12.007, 15.766, 17.671, 18.29, 18.378, 18.386, 18.702, 19.236, 19.506, 19.96, 20.592, 20.689, 20.787, 20.904, 21.011, 21.348, 21.247, 20.736, 20.639, 20.549, 20.484, 20.665, 20.925, 21.046, 21.011, 20.992, 21.013, 21.318, 21.919, 22.278, 22.212, 22.009, 21.777, 21.491, 21.839, 24.218, 27.206, 28.523, 28.711, 28.919, 28.856, 28.369, 27.768, 26.45, 24.533, 23.341, 22.813, 22.044, 21.132, 21.239, 21.774, 21.702, 21.484, 21.575, 21.51, 21.132, 21.14, 21.006, 20.79, 20.734, 20.704, 20.61, 20.994, 21.63, 21.795, 21.59, 21.249, 20.523, 19.871, 19.536, 19.41, 19.268, 19.379, 19.507, 19.245, 19.049], [10.981, 10.742, 9.43, 6.387, 4.292, 3.101, 0.0, 2.632, 4.25, 6.611, 10.676, 14.805, 16.917, 17.562, 17.646, 17.689, 18.041, 18.605, 18.887, 19.335, 19.979, 20.058, 20.126, 20.23, 20.336, 20.686, 20.581, 20.041, 19.928, 19.839, 19.776, 19.939, 20.186, 20.294, 20.26, 20.24, 20.25, 20.568, 21.204, 21.715, 21.905, 21.814, 21.564, 21.278, 21.642, 24.014, 26.985, 28.292, 28.47, 28.656, 28.58, 28.108, 27.535, 26.233, 24.316, 23.145, 22.615, 21.822, 20.922, 21.05, 21.578, 21.489, 21.274, 21.377, 21.311, 20.93, 20.912, 20.796, 20.653, 20.608, 20.571, 20.472, 20.846, 21.487, 21.682, 21.525, 21.203, 20.435, 19.716, 19.348, 19.23, 19.073, 19.15, 19.264, 19.021, 18.848], [12.034, 11.841, 10.578, 7.6, 5.722, 5.063, 2.632, 0.0, 2.475, 5.714, 10.145, 14.364, 16.552, 17.246, 17.309, 17.358, 17.762, 18.379, 18.688, 19.087, 19.674, 19.743, 19.804, 19.897, 19.976, 20.249, 20.073, 19.53, 19.413, 19.326, 19.314, 19.498, 19.744, 19.846, 19.805, 19.767, 19.812, 20.211, 20.808, 21.241, 21.501, 21.557, 21.386, 21.165, 21.637, 24.071, 27.023, 28.305, 28.463, 28.625, 28.543, 28.086, 27.523, 26.246, 24.389, 23.264, 22.707, 21.903, 21.082, 21.32, 21.878, 21.758, 21.506, 21.587, 21.496, 21.129, 21.104, 20.976, 20.879, 20.854, 20.821, 20.748, 21.164, 21.841, 22.069, 21.955, 21.649, 20.879, 20.111, 19.679, 19.541, 19.365, 19.384, 19.452, 19.205, 19.039], [12.422, 12.227, 11.008, 8.313, 6.75, 6.077, 4.25, 2.475, 0.0, 3.969, 9.147, 13.756, 16.041, 16.75, 16.808, 16.849, 17.262, 17.914, 18.262, 18.684, 19.272, 19.344, 19.408, 19.486, 19.555, 19.843, 19.69, 19.191, 19.137, 19.051, 19.038, 19.242, 19.486, 19.566, 19.502, 19.467, 19.521, 19.927, 20.555, 20.995, 21.203, 21.218, 21.067, 20.893, 21.433, 23.921, 26.903, 28.194, 28.349, 28.507, 28.426, 27.967, 27.393, 26.101, 24.236, 23.108, 22.531, 21.719, 20.927, 21.181, 21.737, 21.615, 21.353, 21.429, 21.337, 20.992, 20.965, 20.829, 20.731, 20.694, 20.664, 20.605, 21.029, 21.723, 21.969, 21.868, 21.575, 20.831, 20.077, 19.645, 19.503, 19.307, 19.306, 19.373, 19.15, 19.024], [12.863, 12.584, 11.429, 9.404, 8.754, 8.173, 6.611, 5.714, 3.969, 0.0, 5.955, 11.525, 14.221, 14.972, 15.07, 15.173, 15.585, 16.249, 16.625, 17.129, 17.815, 17.893, 17.946, 17.988, 18.053, 18.482, 18.459, 18.025, 18.109, 18.054, 18.019, 18.232, 18.451, 18.497, 18.414, 18.413, 18.452, 18.793, 19.566, 20.298, 20.674, 20.593, 20.329, 20.199, 20.855, 23.423, 26.508, 27.863, 28.023, 28.172, 28.085, 27.611, 27.023, 25.663, 23.682, 22.496, 21.887, 21.03, 20.194, 20.372, 20.869, 20.731, 20.497, 20.619, 20.537, 20.201, 20.149, 19.999, 19.877, 19.774, 19.734, 19.659, 20.03, 20.728, 21.012, 20.968, 20.739, 19.986, 19.197, 18.779, 18.659, 18.425, 18.381, 18.462, 18.318, 18.281], [15.173, 14.833, 13.84, 12.446, 12.312, 12.007, 10.676, 10.145, 9.147, 5.955, 0.0, 6.769, 10.414, 11.436, 11.676, 11.996, 12.509, 13.282, 13.769, 14.411, 15.258, 15.347, 15.386, 15.389, 15.447, 16.011, 16.165, 15.937, 16.287, 16.341, 16.373, 16.632, 16.822, 16.849, 16.767, 16.81, 16.869, 17.174, 18.065, 19.129, 19.841, 19.773, 19.379, 19.369, 20.461, 23.291, 26.452, 27.85, 28.012, 28.18, 28.092, 27.612, 27.008, 25.571, 23.485, 22.254, 21.612, 20.69, 19.83, 19.98, 20.395, 20.175, 19.992, 20.193, 20.085, 19.758, 19.663, 19.444, 19.287, 19.091, 19.033, 18.933, 19.235, 19.934, 20.28, 20.376, 20.293, 19.522, 18.625, 18.174, 18.068, 17.752, 17.528, 17.539, 17.516, 17.606], [18.742, 18.426, 17.612, 16.392, 15.988, 15.766, 14.805, 14.364, 13.756, 11.525, 6.769, 0.0, 4.694, 6.528, 7.067, 7.742, 8.628, 9.788, 10.631, 11.448, 12.373, 12.55, 12.713, 12.868, 13.016, 13.526, 13.852, 14.129, 14.848, 15.061, 15.283, 15.671, 15.872, 15.945, 15.887, 15.951, 16.121, 16.527, 17.255, 18.129, 18.953, 19.058, 18.729, 19.015, 20.884, 24.161, 27.312, 28.668, 28.82, 29.046, 28.961, 28.477, 27.854, 26.417, 24.415, 23.214, 22.543, 21.601, 20.795, 20.998, 21.358, 21.032, 20.875, 21.126, 20.947, 20.64, 20.49, 20.162, 19.99, 19.752, 19.699, 19.64, 19.972, 20.658, 21.027, 21.26, 21.321, 20.615, 19.674, 19.142, 19.006, 18.622, 18.174, 18.017, 18.079, 18.236], [20.574, 20.274, 19.556, 18.457, 17.939, 17.671, 16.917, 16.552, 16.041, 14.221, 10.414, 4.694, 0.0, 2.664, 3.768, 4.848, 6.065, 7.58, 8.858, 9.906, 10.911, 11.237, 11.585, 12.011, 12.344, 12.822, 13.283, 13.837, 14.716, 15.017, 15.306, 15.757, 15.988, 16.087, 16.061, 16.173, 16.405, 16.834, 17.411, 18.07, 18.88, 19.089, 18.825, 19.232, 21.338, 24.764, 27.968, 29.332, 29.486, 29.731, 29.648, 29.171, 28.542, 27.131, 25.233, 24.088, 23.426, 22.509, 21.742, 21.916, 22.219, 21.873, 21.736, 21.993, 21.805, 21.519, 21.334, 20.983, 20.844, 20.623, 20.581, 20.544, 20.881, 21.522, 21.877, 22.144, 22.236, 21.593, 20.691, 20.156, 20.015, 19.655, 19.196, 18.993, 19.07, 19.216], [21.093, 20.768, 20.072, 19.081, 18.605, 18.29, 17.562, 17.246, 16.75, 14.972, 11.436, 6.528, 2.664, 0.0, 1.907, 3.534, 4.853, 6.532, 8.053, 9.293, 10.462, 10.929, 11.362, 11.908, 12.371, 12.95, 13.484, 14.03, 14.925, 15.262, 15.551, 15.998, 16.233, 16.324, 16.318, 16.482, 16.706, 17.077, 17.651, 18.361, 19.231, 19.45, 19.165, 19.531, 21.506, 24.85, 28.112, 29.521, 29.705, 29.963, 29.878, 29.39, 28.751, 27.331, 25.42, 24.266, 23.599, 22.667, 21.862, 21.958, 22.22, 21.899, 21.809, 22.089, 21.916, 21.621, 21.414, 21.092, 20.993, 20.782, 20.728, 20.671, 20.971, 21.584, 21.941, 22.219, 22.304, 21.657, 20.783, 20.318, 20.213, 19.878, 19.46, 19.282, 19.364, 19.493], [21.221, 20.883, 20.195, 19.222, 18.721, 18.378, 17.646, 17.309, 16.808, 15.07, 11.676, 7.067, 3.768, 1.907, 0.0, 2.057, 3.765, 5.728, 7.43, 8.79, 10.053, 10.609, 11.105, 11.689, 12.214, 12.866, 13.428, 13.97, 14.858, 15.198, 15.506, 15.962, 16.189, 16.282, 16.289, 16.46, 16.683, 17.054, 17.64, 18.341, 19.201, 19.446, 19.175, 19.545, 21.547, 24.937, 28.214, 29.638, 29.851, 30.129, 30.041, 29.543, 28.908, 27.485, 25.536, 24.335, 23.643, 22.679, 21.821, 21.884, 22.14, 21.813, 21.745, 22.054, 21.877, 21.556, 21.334, 21.014, 20.925, 20.718, 20.658, 20.588, 20.874, 21.482, 21.844, 22.131, 22.217, 21.559, 20.696, 20.265, 20.183, 19.853, 19.447, 19.282, 19.362, 19.481], [21.253, 20.905, 20.225, 19.273, 18.746, 18.386, 17.689, 17.358, 16.849, 15.173, 11.996, 7.742, 4.848, 3.534, 2.057, 0.0, 2.214, 4.702, 6.66, 8.18, 9.546, 10.173, 10.729, 11.364, 11.946, 12.665, 13.262, 13.786, 14.661, 15.004, 15.32, 15.792, 16.025, 16.132, 16.142, 16.308, 16.526, 16.888, 17.488, 18.17, 18.963, 19.204, 18.959, 19.354, 21.438, 24.944, 28.275, 29.705, 29.933, 30.249, 30.171, 29.663, 29.033, 27.608, 25.62, 24.362, 23.64, 22.648, 21.744, 21.789, 22.041, 21.699, 21.627, 21.944, 21.759, 21.424, 21.19, 20.86, 20.777, 20.577, 20.519, 20.434, 20.698, 21.303, 21.667, 21.957, 22.046, 21.374, 20.501, 20.083, 20.009, 19.687, 19.3, 19.148, 19.223, 19.327], [21.404, 21.038, 20.383, 19.523, 19.059, 18.702, 18.041, 17.762, 17.262, 15.585, 12.509, 8.628, 6.065, 4.853, 3.765, 2.214, 0.0, 3.029, 5.483, 7.337, 8.944, 9.701, 10.346, 11.049, 11.684, 12.498, 13.183, 13.674, 14.54, 14.892, 15.183, 15.657, 15.892, 15.995, 16.006, 16.187, 16.397, 16.705, 17.331, 18.081, 18.846, 19.038, 18.777, 19.158, 21.244, 24.814, 28.228, 29.679, 29.911, 30.248, 30.183, 29.672, 29.046, 27.616, 25.587, 24.28, 23.539, 22.537, 21.616, 21.624, 21.847, 21.498, 21.425, 21.751, 21.577, 21.251, 21.009, 20.688, 20.621, 20.427, 20.371, 20.261, 20.479, 21.069, 21.435, 21.733, 21.829, 21.142, 20.255, 19.861, 19.807, 19.515, 19.185, 19.073, 19.164, 19.261], [21.608, 21.239, 20.643, 19.93, 19.57, 19.236, 18.605, 18.379, 17.914, 16.249, 13.282, 9.788, 7.58, 6.532, 5.728, 4.702, 3.029, 0.0, 3.108, 5.72, 7.86, 8.922, 9.74, 10.532, 11.24, 12.157, 12.962, 13.444, 14.294, 14.679, 14.952, 15.427, 15.663, 15.754, 15.769, 15.977, 16.185, 16.447, 17.096, 17.956, 18.764, 18.934, 18.656, 19.017, 21.105, 24.706, 28.142, 29.599, 29.827, 30.154, 30.092, 29.592, 28.985, 27.574, 25.55, 24.248, 23.499, 22.483, 21.554, 21.548, 21.752, 21.406, 21.332, 21.672, 21.532, 21.226, 20.997, 20.687, 20.619, 20.428, 20.372, 20.256, 20.452, 21.018, 21.371, 21.66, 21.761, 21.08, 20.19, 19.806, 19.771, 19.533, 19.286, 19.224, 19.332, 19.422], [21.596, 21.23, 20.685, 20.079, 19.81, 19.506, 18.887, 18.688, 18.262, 16.625, 13.769, 10.631, 8.858, 8.053, 7.43, 6.66, 5.483, 3.108, 0.0, 3.432, 6.349, 7.82, 8.897, 9.816, 10.603, 11.592, 12.469, 12.975, 13.815, 14.242, 14.572, 15.071, 15.314, 15.4, 15.411, 15.633, 15.829, 16.07, 16.738, 17.659, 18.537, 18.734, 18.451, 18.827, 20.977, 24.616, 28.042, 29.505, 29.743, 30.061, 29.989, 29.492, 28.928, 27.587, 25.6, 24.293, 23.512, 22.455, 21.506, 21.534, 21.752, 21.392, 21.307, 21.659, 21.54, 21.247, 21.029, 20.708, 20.625, 20.429, 20.369, 20.267, 20.477, 21.041, 21.376, 21.638, 21.739, 21.07, 20.169, 19.76, 19.719, 19.498, 19.283, 19.235, 19.346, 19.435], [22.01, 21.659, 21.124, 20.49, 20.215, 19.96, 19.335, 19.087, 18.684, 17.129, 14.411, 11.448, 9.906, 9.293, 8.79, 8.18, 7.337, 5.72, 3.432, 0.0, 3.523, 5.609, 7.146, 8.325, 9.216, 10.181, 11.112, 11.735, 12.621, 13.118, 13.608, 14.181, 14.445, 14.539, 14.547, 14.784, 15.029, 15.354, 15.999, 16.851, 17.808, 18.118, 17.876, 18.343, 20.664, 24.405, 27.872, 29.367, 29.617, 29.934, 29.856, 29.361, 28.852, 27.639, 25.75, 24.443, 23.613, 22.534, 21.648, 21.799, 22.064, 21.668, 21.518, 21.837, 21.722, 21.462, 21.259, 20.942, 20.885, 20.703, 20.651, 20.574, 20.827, 21.416, 21.744, 21.994, 22.101, 21.452, 20.53, 20.075, 20.007, 19.764, 19.537, 19.476, 19.576, 19.653], [22.742, 22.407, 21.863, 21.153, 20.817, 20.592, 19.979, 19.674, 19.272, 17.815, 15.258, 12.373, 10.911, 10.462, 10.053, 9.546, 8.944, 7.86, 6.349, 3.523, 0.0, 2.849, 5.173, 6.728, 7.695, 8.536, 9.511, 10.331, 11.339, 11.925, 12.542, 13.155, 13.433, 13.551, 13.569, 13.833, 14.184, 14.659, 15.242, 15.927, 16.927, 17.382, 17.229, 17.811, 20.307, 24.165, 27.681, 29.194, 29.443, 29.763, 29.677, 29.184, 28.701, 27.583, 25.842, 24.609, 23.773, 22.721, 21.951, 22.25, 22.584, 22.157, 21.899, 22.124, 22.002, 21.796, 21.617, 21.311, 21.286, 21.12, 21.08, 21.046, 21.369, 21.995, 22.32, 22.569, 22.683, 22.073, 21.142, 20.66, 20.576, 20.299, 20.032, 19.935, 20.018, 20.074], [22.774, 22.426, 21.866, 21.161, 20.888, 20.689, 20.058, 19.743, 19.344, 17.893, 15.347, 12.55, 11.237, 10.929, 10.609, 10.173, 9.701, 8.922, 7.82, 5.609, 2.849, 0.0, 2.905, 4.902, 5.965, 6.816, 7.925, 8.875, 10.045, 10.716, 11.331, 11.939, 12.247, 12.386, 12.413, 12.696, 13.087, 13.624, 14.19, 14.899, 16.004, 16.494, 16.346, 16.967, 19.559, 23.535, 27.159, 28.702, 28.956, 29.29, 29.206, 28.718, 28.24, 27.146, 25.476, 24.331, 23.554, 22.559, 21.854, 22.184, 22.52, 22.098, 21.801, 21.973, 21.856, 21.688, 21.508, 21.184, 21.154, 20.983, 20.952, 20.926, 21.271, 21.915, 22.247, 22.492, 22.619, 22.027, 21.072, 20.565, 20.481, 20.185, 19.89, 19.784, 19.882, 19.944], [22.662, 22.302, 21.737, 21.087, 20.939, 20.787, 20.126, 19.804, 19.408, 17.946, 15.386, 12.713, 11.585, 11.362, 11.105, 10.729, 10.346, 9.74, 8.897, 7.146, 5.173, 2.905, 0.0, 2.479, 3.922, 4.984, 6.377, 7.469, 8.828, 9.606, 10.218, 10.836, 11.184, 11.33, 11.366, 11.648, 12.033, 12.603, 13.17, 14.044, 15.384, 15.894, 15.72, 16.329, 18.91, 22.892, 26.568, 28.121, 28.382, 28.739, 28.675, 28.212, 27.75, 26.677, 25.048, 23.991, 23.316, 22.406, 21.762, 22.08, 22.383, 21.984, 21.69, 21.844, 21.751, 21.613, 21.441, 21.115, 21.066, 20.89, 20.876, 20.848, 21.171, 21.788, 22.101, 22.321, 22.46, 21.898, 20.958, 20.464, 20.393, 20.107, 19.811, 19.723, 19.859, 19.93], [22.571, 22.202, 21.645, 21.053, 21.004, 20.904, 20.23, 19.897, 19.486, 17.988, 15.389, 12.868, 12.011, 11.908, 11.689, 11.364, 11.049, 10.532, 9.816, 8.325, 6.728, 4.902, 2.479, 0.0, 1.93, 3.656, 5.43, 6.636, 8.138, 8.966, 9.543, 10.151, 10.487, 10.606, 10.645, 10.934, 11.312, 11.917, 12.567, 13.614, 15.074, 15.527, 15.305, 15.854, 18.361, 22.355, 26.07, 27.617, 27.872, 28.234, 28.177, 27.724, 27.271, 26.216, 24.606, 23.596, 22.985, 22.145, 21.564, 21.894, 22.187, 21.795, 21.482, 21.617, 21.547, 21.436, 21.291, 20.962, 20.88, 20.697, 20.699, 20.683, 20.999, 21.602, 21.901, 22.1, 22.246, 21.708, 20.789, 20.33, 20.282, 20.007, 19.73, 19.674, 19.833, 19.913], [22.584, 22.217, 21.665, 21.075, 21.063, 21.011, 20.336, 19.976, 19.555, 18.053, 15.447, 13.016, 12.344, 12.371, 12.214, 11.946, 11.684, 11.24, 10.603, 9.216, 7.695, 5.965, 3.922, 1.93, 0.0, 2.445, 4.578, 5.9, 7.528, 8.416, 8.996, 9.588, 9.904, 10.008, 10.049, 10.33, 10.726, 11.391, 12.067, 13.157, 14.671, 15.117, 14.904, 15.467, 17.989, 22.03, 25.771, 27.304, 27.547, 27.906, 27.849, 27.396, 26.943, 25.897, 24.319, 23.354, 22.764, 21.962, 21.454, 21.836, 22.142, 21.738, 21.384, 21.484, 21.417, 21.327, 21.196, 20.862, 20.772, 20.591, 20.605, 20.607, 20.945, 21.56, 21.865, 22.065, 22.22, 21.692, 20.748, 20.269, 20.219, 19.934, 19.645, 19.591, 19.757, 19.845], [23.066, 22.741, 22.18, 21.466, 21.361, 21.348, 20.686, 20.249, 19.843, 18.482, 16.011, 13.526, 12.822, 12.95, 12.866, 12.665, 12.498, 12.157, 11.592, 10.181, 8.536, 6.816, 4.984, 3.656, 2.445, 0.0, 2.616, 4.721, 6.68, 7.732, 8.538, 9.22, 9.57, 9.72, 9.776, 10.017, 10.527, 11.359, 11.781, 12.555, 14.183, 14.878, 14.856, 15.61, 18.318, 22.359, 25.999, 27.47, 27.695, 28.057, 28.005, 27.558, 27.091, 26.085, 24.652, 23.788, 23.222, 22.474, 22.087, 22.617, 22.985, 22.553, 22.123, 22.147, 22.046, 21.984, 21.88, 21.548, 21.474, 21.313, 21.34, 21.384, 21.797, 22.431, 22.729, 22.93, 23.092, 22.603, 21.652, 21.088, 20.994, 20.696, 20.347, 20.236, 20.383, 20.449], [23.205, 22.905, 22.315, 21.452, 21.235, 21.247, 20.581, 20.073, 19.69, 18.459, 16.165, 13.852, 13.283, 13.484, 13.428, 13.262, 13.183, 12.962, 12.469, 11.112, 9.511, 7.925, 6.377, 5.43, 4.578, 2.616, 0.0, 3.086, 5.68, 6.926, 7.968, 8.831, 9.273, 9.486, 9.571, 9.791, 10.407, 11.373, 11.59, 12.06, 13.77, 14.725, 14.903, 15.806, 18.586, 22.567, 26.123, 27.557, 27.769, 28.132, 28.078, 27.638, 27.165, 26.184, 24.842, 24.038, 23.481, 22.749, 22.402, 23.027, 23.471, 23.052, 22.59, 22.575, 22.445, 22.375, 22.294, 21.976, 21.92, 21.779, 21.812, 21.885, 22.338, 22.985, 23.287, 23.487, 23.628, 23.137, 22.174, 21.552, 21.425, 21.119, 20.729, 20.571, 20.667, 20.675], [22.765, 22.441, 21.836, 20.941, 20.711, 20.736, 20.041, 19.53, 19.191, 18.025, 15.937, 14.129, 13.837, 14.03, 13.97, 13.786, 13.674, 13.444, 12.975, 11.735, 10.331, 8.875, 7.469, 6.636, 5.9, 4.721, 3.086, 0.0, 3.232, 4.9, 6.13, 7.139, 7.707, 8.0, 8.142, 8.392, 9.016, 10.033, 10.352, 11.087, 13.027, 14.063, 14.272, 15.121, 17.769, 21.758, 25.442, 26.93, 27.159, 27.541, 27.484, 27.047, 26.611, 25.654, 24.284, 23.463, 22.907, 22.177, 21.811, 22.397, 22.847, 22.487, 22.085, 22.099, 21.974, 21.877, 21.786, 21.499, 21.485, 21.371, 21.397, 21.441, 21.842, 22.455, 22.752, 22.937, 23.042, 22.507, 21.516, 20.908, 20.797, 20.527, 20.214, 20.111, 20.172, 20.108], [22.657, 22.334, 21.746, 20.847, 20.602, 20.639, 19.928, 19.413, 19.137, 18.109, 16.287, 14.848, 14.716, 14.925, 14.858, 14.661, 14.54, 14.294, 13.815, 12.621, 11.339, 10.045, 8.828, 8.138, 7.528, 6.68, 5.68, 3.232, 0.0, 2.341, 4.199, 5.307, 5.923, 6.358, 6.575, 6.81, 7.44, 8.578, 8.973, 9.927, 12.12, 13.27, 13.498, 14.304, 16.919, 20.967, 24.733, 26.243, 26.488, 26.888, 26.826, 26.395, 26.02, 25.145, 23.822, 23.032, 22.498, 21.816, 21.51, 22.102, 22.532, 22.202, 21.859, 21.898, 21.785, 21.696, 21.613, 21.358, 21.389, 21.311, 21.337, 21.36, 21.742, 22.319, 22.572, 22.713, 22.798, 22.259, 21.251, 20.645, 20.54, 20.31, 20.08, 20.043, 20.109, 20.013], [22.537, 22.228, 21.643, 20.747, 20.507, 20.549, 19.839, 19.326, 19.051, 18.054, 16.341, 15.061, 15.017, 15.262, 15.198, 15.004, 14.892, 14.679, 14.242, 13.118, 11.925, 10.716, 9.606, 8.966, 8.416, 7.732, 6.926, 4.9, 2.341, 0.0, 2.54, 4.022, 4.751, 5.323, 5.552, 5.78, 6.51, 7.749, 8.173, 9.154, 11.369, 12.523, 12.75, 13.576, 16.308, 20.471, 24.287, 25.811, 26.052, 26.435, 26.361, 25.953, 25.636, 24.8, 23.501, 22.753, 22.246, 21.61, 21.368, 21.967, 22.374, 22.054, 21.742, 21.808, 21.724, 21.663, 21.596, 21.364, 21.402, 21.33, 21.365, 21.389, 21.768, 22.328, 22.543, 22.637, 22.716, 22.197, 21.19, 20.576, 20.467, 20.244, 20.029, 20.019, 20.112, 20.029], [22.227, 21.904, 21.338, 20.554, 20.433, 20.484, 19.776, 19.314, 19.038, 18.019, 16.373, 15.283, 15.306, 15.551, 15.506, 15.32, 15.183, 14.952, 14.572, 13.608, 12.542, 11.331, 10.218, 9.543, 8.996, 8.538, 7.968, 6.13, 4.199, 2.54, 0.0, 2.024, 3.299, 4.071, 4.336, 4.697, 5.434, 6.547, 7.085, 8.488, 10.801, 11.765, 11.857, 12.578, 15.271, 19.562, 23.572, 25.166, 25.413, 25.786, 25.706, 25.321, 25.044, 24.228, 22.943, 22.251, 21.802, 21.233, 21.066, 21.628, 21.975, 21.67, 21.35, 21.406, 21.375, 21.368, 21.317, 21.113, 21.158, 21.083, 21.116, 21.126, 21.473, 21.988, 22.163, 22.21, 22.289, 21.797, 20.826, 20.275, 20.205, 20.003, 19.841, 19.884, 20.016, 19.964], [22.219, 21.89, 21.348, 20.645, 20.608, 20.665, 19.939, 19.498, 19.242, 18.232, 16.632, 15.671, 15.757, 15.998, 15.962, 15.792, 15.657, 15.427, 15.071, 14.181, 13.155, 11.939, 10.836, 10.151, 9.588, 9.22, 8.831, 7.139, 5.307, 4.022, 2.024, 0.0, 1.842, 2.952, 3.348, 3.781, 4.437, 5.486, 6.104, 7.915, 10.488, 11.425, 11.43, 12.05, 14.609, 18.906, 23.03, 24.661, 24.922, 25.315, 25.233, 24.837, 24.562, 23.771, 22.535, 21.905, 21.498, 20.982, 20.882, 21.446, 21.756, 21.442, 21.089, 21.106, 21.094, 21.129, 21.086, 20.893, 20.963, 20.904, 20.931, 20.937, 21.278, 21.768, 21.914, 21.931, 22.02, 21.555, 20.607, 20.118, 20.088, 19.901, 19.771, 19.843, 20.003, 19.969], [22.397, 22.079, 21.554, 20.888, 20.88, 20.925, 20.186, 19.744, 19.486, 18.451, 16.822, 15.872, 15.988, 16.233, 16.189, 16.025, 15.892, 15.663, 15.314, 14.445, 13.433, 12.247, 11.184, 10.487, 9.904, 9.57, 9.273, 7.707, 5.923, 4.751, 3.299, 1.842, 0.0, 1.529, 2.264, 2.766, 3.523, 4.743, 5.504, 7.58, 10.312, 11.299, 11.309, 11.928, 14.47, 18.728, 22.826, 24.447, 24.705, 25.101, 25.023, 24.618, 24.332, 23.536, 22.317, 21.71, 21.308, 20.805, 20.736, 21.325, 21.628, 21.298, 20.933, 20.93, 20.91, 20.954, 20.919, 20.727, 20.809, 20.757, 20.781, 20.788, 21.134, 21.621, 21.763, 21.786, 21.893, 21.443, 20.502, 20.041, 20.033, 19.837, 19.7, 19.778, 19.948, 19.913], [22.441, 22.121, 21.6, 20.966, 21.003, 21.046, 20.294, 19.846, 19.566, 18.497, 16.849, 15.945, 16.087, 16.324, 16.282, 16.132, 15.995, 15.754, 15.4, 14.539, 13.551, 12.386, 11.33, 10.606, 10.008, 9.72, 9.486, 8.0, 6.358, 5.323, 4.071, 2.952, 1.529, 0.0, 1.185, 2.051, 2.952, 4.32, 5.285, 7.601, 10.366, 11.313, 11.311, 11.907, 14.395, 18.604, 22.675, 24.285, 24.526, 24.904, 24.833, 24.442, 24.165, 23.375, 22.161, 21.56, 21.158, 20.661, 20.621, 21.222, 21.523, 21.194, 20.814, 20.796, 20.784, 20.835, 20.814, 20.645, 20.733, 20.682, 20.704, 20.711, 21.048, 21.525, 21.679, 21.719, 21.83, 21.386, 20.455, 20.013, 20.017, 19.821, 19.694, 19.783, 19.954, 19.925], [22.422, 22.117, 21.593, 20.942, 20.969, 21.011, 20.26, 19.805, 19.502, 18.414, 16.767, 15.887, 16.061, 16.318, 16.289, 16.142, 16.006, 15.769, 15.411, 14.547, 13.569, 12.413, 11.366, 10.645, 10.049, 9.776, 9.571, 8.142, 6.575, 5.552, 4.336, 3.348, 2.264, 1.185, 0.0, 1.276, 2.515, 4.099, 5.177, 7.513, 10.227, 11.139, 11.139, 11.761, 14.301, 18.54, 22.614, 24.224, 24.461, 24.838, 24.776, 24.394, 24.125, 23.344, 22.127, 21.519, 21.112, 20.617, 20.606, 21.225, 21.528, 21.196, 20.797, 20.767, 20.758, 20.821, 20.812, 20.654, 20.745, 20.698, 20.725, 20.732, 21.07, 21.55, 21.715, 21.766, 21.873, 21.428, 20.493, 20.037, 20.033, 19.838, 19.716, 19.806, 19.971, 19.955], [22.437, 22.166, 21.655, 20.97, 20.954, 20.992, 20.24, 19.767, 19.467, 18.413, 16.81, 15.951, 16.173, 16.482, 16.46, 16.308, 16.187, 15.977, 15.633, 14.784, 13.833, 12.696, 11.648, 10.934, 10.33, 10.017, 9.791, 8.392, 6.81, 5.78, 4.697, 3.781, 2.766, 2.051, 1.276, 0.0, 1.804, 3.822, 4.933, 7.241, 9.984, 10.947, 10.998, 11.657, 14.265, 18.521, 22.559, 24.15, 24.399, 24.8, 24.751, 24.376, 24.105, 23.329, 22.125, 21.53, 21.139, 20.67, 20.692, 21.334, 21.637, 21.295, 20.888, 20.85, 20.833, 20.904, 20.903, 20.741, 20.838, 20.811, 20.854, 20.86, 21.203, 21.685, 21.848, 21.899, 22.007, 21.572, 20.631, 20.143, 20.124, 19.94, 19.821, 19.904, 20.067, 20.057], [22.209, 21.933, 21.469, 20.905, 20.979, 21.013, 20.25, 19.812, 19.521, 18.452, 16.869, 16.121, 16.405, 16.706, 16.683, 16.526, 16.397, 16.185, 15.829, 15.029, 14.184, 13.087, 12.033, 11.312, 10.726, 10.527, 10.407, 9.016, 7.44, 6.51, 5.434, 4.437, 3.523, 2.952, 2.515, 1.804, 0.0, 2.384, 3.991, 6.952, 9.921, 10.836, 10.807, 11.377, 13.882, 18.107, 22.177, 23.782, 24.06, 24.491, 24.444, 24.059, 23.79, 23.034, 21.837, 21.264, 20.928, 20.505, 20.529, 21.117, 21.383, 21.055, 20.685, 20.657, 20.652, 20.724, 20.719, 20.563, 20.66, 20.638, 20.686, 20.674, 20.978, 21.434, 21.581, 21.619, 21.73, 21.303, 20.373, 19.92, 19.921, 19.765, 19.7, 19.825, 20.01, 20.015], [22.094, 21.792, 21.382, 21.033, 21.285, 21.318, 20.568, 20.211, 19.927, 18.793, 17.174, 16.527, 16.834, 17.077, 17.054, 16.888, 16.705, 16.447, 16.07, 15.354, 14.659, 13.624, 12.603, 11.917, 11.391, 11.359, 11.373, 10.033, 8.578, 7.749, 6.547, 5.486, 4.743, 4.32, 4.099, 3.822, 2.384, 0.0, 2.793, 6.88, 10.078, 10.836, 10.645, 11.099, 13.429, 17.614, 21.801, 23.465, 23.783, 24.233, 24.176, 23.785, 23.527, 22.785, 21.571, 21.006, 20.73, 20.355, 20.359, 20.848, 21.056, 20.75, 20.427, 20.415, 20.435, 20.517, 20.507, 20.372, 20.456, 20.416, 20.453, 20.42, 20.672, 21.085, 21.218, 21.242, 21.362, 20.936, 20.021, 19.63, 19.669, 19.546, 19.545, 19.723, 19.941, 19.968], [22.678, 22.408, 22.01, 21.622, 21.839, 21.919, 21.204, 20.808, 20.555, 19.566, 18.065, 17.255, 17.411, 17.651, 17.64, 17.488, 17.331, 17.096, 16.738, 15.999, 15.242, 14.19, 13.17, 12.567, 12.067, 11.781, 11.59, 10.352, 8.973, 8.173, 7.085, 6.104, 5.504, 5.285, 5.177, 4.933, 3.991, 2.793, 0.0, 4.829, 8.816, 10.088, 10.154, 10.902, 13.534, 17.701, 21.791, 23.419, 23.751, 24.237, 24.178, 23.797, 23.542, 22.877, 21.858, 21.444, 21.244, 20.939, 21.005, 21.565, 21.813, 21.482, 21.112, 21.056, 21.053, 21.157, 21.169, 21.05, 21.142, 21.113, 21.162, 21.178, 21.507, 21.958, 22.097, 22.119, 22.24, 21.849, 20.944, 20.502, 20.513, 20.377, 20.309, 20.415, 20.627, 20.652], [23.437, 23.242, 22.828, 22.187, 22.131, 22.278, 21.715, 21.241, 20.995, 20.298, 19.129, 18.129, 18.07, 18.361, 18.341, 18.17, 18.081, 17.956, 17.659, 16.851, 15.927, 14.899, 14.044, 13.614, 13.157, 12.555, 12.06, 11.087, 9.927, 9.154, 8.488, 7.915, 7.58, 7.601, 7.513, 7.241, 6.952, 6.88, 4.829, 0.0, 5.062, 7.704, 8.563, 10.077, 13.601, 18.059, 22.035, 23.598, 23.921, 24.45, 24.382, 23.968, 23.693, 23.115, 22.332, 22.058, 21.874, 21.59, 21.749, 22.507, 22.867, 22.479, 22.038, 21.944, 21.876, 22.0, 22.024, 21.867, 21.976, 21.978, 22.051, 22.131, 22.633, 23.251, 23.443, 23.468, 23.589, 23.224, 22.288, 21.724, 21.661, 21.458, 21.22, 21.171, 21.345, 21.389], [23.549, 23.39, 22.987, 22.253, 22.026, 22.212, 21.905, 21.501, 21.203, 20.674, 19.841, 18.953, 18.88, 19.231, 19.201, 18.963, 18.846, 18.764, 18.537, 17.808, 16.927, 16.004, 15.384, 15.074, 14.671, 14.183, 13.77, 13.027, 12.12, 11.369, 10.801, 10.488, 10.312, 10.366, 10.227, 9.984, 9.921, 10.078, 8.816, 5.062, 0.0, 3.956, 5.871, 8.214, 12.665, 17.741, 21.934, 23.547, 23.866, 24.43, 24.382, 23.927, 23.627, 23.038, 22.232, 21.93, 21.729, 21.462, 21.679, 22.508, 22.913, 22.524, 22.086, 22.0, 21.921, 22.073, 22.099, 21.869, 21.937, 21.95, 22.038, 22.127, 22.7, 23.416, 23.65, 23.662, 23.779, 23.437, 22.513, 21.931, 21.84, 21.613, 21.338, 21.244, 21.39, 21.485], [23.107, 22.922, 22.544, 21.939, 21.816, 22.009, 21.814, 21.557, 21.218, 20.593, 19.773, 19.058, 19.089, 19.45, 19.446, 19.204, 19.038, 18.934, 18.734, 18.118, 17.382, 16.494, 15.894, 15.527, 15.117, 14.878, 14.725, 14.063, 13.27, 12.523, 11.765, 11.425, 11.299, 11.313, 11.139, 10.947, 10.836, 10.836, 10.088, 7.704, 3.956, 0.0, 2.733, 5.854, 11.027, 16.681, 21.242, 22.964, 23.287, 23.863, 23.854, 23.405, 23.101, 22.474, 21.565, 21.245, 21.099, 20.882, 21.134, 21.899, 22.263, 21.927, 21.544, 21.482, 21.448, 21.632, 21.665, 21.414, 21.426, 21.42, 21.512, 21.568, 22.082, 22.764, 22.992, 22.987, 23.107, 22.782, 21.913, 21.422, 21.366, 21.16, 20.973, 20.959, 21.126, 21.262], [22.656, 22.432, 22.06, 21.575, 21.586, 21.777, 21.564, 21.386, 21.067, 20.329, 19.379, 18.729, 18.825, 19.165, 19.175, 18.959, 18.777, 18.656, 18.451, 17.876, 17.229, 16.346, 15.72, 15.305, 14.904, 14.856, 14.903, 14.272, 13.498, 12.75, 11.857, 11.43, 11.309, 11.311, 11.139, 10.998, 10.807, 10.645, 10.154, 8.563, 5.871, 2.733, 0.0, 3.792, 9.611, 15.714, 20.565, 22.382, 22.713, 23.27, 23.262, 22.803, 22.509, 21.853, 20.837, 20.473, 20.358, 20.166, 20.426, 21.134, 21.454, 21.137, 20.795, 20.759, 20.758, 20.974, 21.015, 20.765, 20.758, 20.742, 20.83, 20.861, 21.33, 21.995, 22.216, 22.204, 22.332, 22.005, 21.162, 20.754, 20.734, 20.529, 20.396, 20.453, 20.653, 20.803], [22.187, 21.917, 21.553, 21.175, 21.295, 21.491, 21.278, 21.165, 20.893, 20.199, 19.369, 19.015, 19.232, 19.531, 19.545, 19.354, 19.158, 19.017, 18.827, 18.343, 17.811, 16.967, 16.329, 15.854, 15.467, 15.61, 15.806, 15.121, 14.304, 13.576, 12.578, 12.05, 11.928, 11.907, 11.761, 11.657, 11.377, 11.099, 10.902, 10.077, 8.214, 5.854, 3.792, 0.0, 6.561, 13.667, 19.189, 21.164, 21.532, 22.096, 22.091, 21.614, 21.325, 20.667, 19.519, 19.078, 19.003, 18.936, 19.326, 20.044, 20.349, 20.065, 19.75, 19.707, 19.755, 20.036, 20.134, 19.881, 19.823, 19.83, 19.931, 19.96, 20.414, 21.052, 21.239, 21.174, 21.286, 21.016, 20.316, 20.104, 20.164, 20.01, 20.026, 20.222, 20.441, 20.57], [22.089, 21.761, 21.441, 21.293, 21.638, 21.839, 21.642, 21.637, 21.433, 20.855, 20.461, 20.884, 21.338, 21.506, 21.547, 21.438, 21.244, 21.105, 20.977, 20.664, 20.307, 19.559, 18.91, 18.361, 17.989, 18.318, 18.586, 17.769, 16.919, 16.308, 15.271, 14.609, 14.47, 14.395, 14.301, 14.265, 13.882, 13.429, 13.534, 13.601, 12.665, 11.027, 9.611, 6.561, 0.0, 8.587, 15.514, 17.841, 18.34, 19.007, 19.028, 18.513, 18.249, 17.751, 16.707, 16.474, 16.702, 17.101, 17.954, 18.695, 18.915, 18.773, 18.517, 18.361, 18.522, 18.932, 19.156, 19.031, 19.005, 19.11, 19.232, 19.268, 19.656, 20.132, 20.184, 19.988, 20.065, 20.004, 19.77, 20.086, 20.347, 20.322, 20.615, 21.018, 21.254, 21.35], [23.746, 23.472, 23.272, 23.392, 24.004, 24.218, 24.014, 24.071, 23.921, 23.423, 23.291, 24.161, 24.764, 24.85, 24.937, 24.944, 24.814, 24.706, 24.616, 24.405, 24.165, 23.535, 22.892, 22.355, 22.03, 22.359, 22.567, 21.758, 20.967, 20.471, 19.562, 18.906, 18.728, 18.604, 18.54, 18.521, 18.107, 17.614, 17.701, 18.059, 17.741, 16.681, 15.714, 13.667, 8.587, 0.0, 8.08, 11.035, 11.853, 12.856, 13.054, 12.755, 12.861, 13.187, 13.495, 14.762, 15.91, 17.071, 18.667, 19.541, 19.648, 19.68, 19.342, 18.86, 19.119, 19.718, 20.117, 20.416, 20.726, 20.961, 21.096, 21.164, 21.419, 21.585, 21.408, 21.13, 21.267, 21.502, 21.722, 22.478, 22.894, 22.879, 23.195, 23.625, 23.901, 24.009], [26.367, 26.201, 26.111, 26.315, 26.984, 27.206, 26.985, 27.023, 26.903, 26.508, 26.452, 27.312, 27.968, 28.112, 28.214, 28.275, 28.228, 28.142, 28.042, 27.872, 27.681, 27.159, 26.568, 26.07, 25.771, 25.999, 26.123, 25.442, 24.733, 24.287, 23.572, 23.03, 22.826, 22.675, 22.614, 22.559, 22.177, 21.801, 21.791, 22.035, 21.934, 21.242, 20.565, 19.189, 15.514, 8.08, 0.0, 3.842, 5.567, 7.336, 8.035, 8.427, 9.422, 11.158, 13.43, 16.199, 17.968, 19.492, 21.418, 22.439, 22.55, 22.618, 22.104, 21.338, 21.602, 22.296, 22.787, 23.386, 23.944, 24.241, 24.408, 24.556, 24.768, 24.757, 24.454, 24.178, 24.399, 24.8, 25.134, 25.907, 26.322, 26.241, 26.405, 26.741, 27.044, 27.171], [27.657, 27.526, 27.468, 27.668, 28.316, 28.523, 28.292, 28.305, 28.194, 27.863, 27.85, 28.668, 29.332, 29.521, 29.638, 29.705, 29.679, 29.599, 29.505, 29.367, 29.194, 28.702, 28.121, 27.617, 27.304, 27.47, 27.557, 26.93, 26.243, 25.811, 25.166, 24.661, 24.447, 24.285, 24.224, 24.15, 23.782, 23.465, 23.419, 23.598, 23.547, 22.964, 22.382, 21.164, 17.841, 11.035, 3.842, 0.0, 2.912, 5.595, 6.696, 7.431, 8.734, 11.002, 13.971, 17.173, 19.121, 20.772, 22.792, 23.87, 24.002, 24.084, 23.531, 22.662, 22.896, 23.614, 24.118, 24.773, 25.388, 25.704, 25.89, 26.076, 26.293, 26.249, 25.921, 25.651, 25.897, 26.367, 26.73, 27.489, 27.913, 27.824, 27.937, 28.253, 28.575, 28.707], [27.842, 27.72, 27.662, 27.848, 28.496, 28.711, 28.47, 28.463, 28.349, 28.023, 28.012, 28.82, 29.486, 29.705, 29.851, 29.933, 29.911, 29.827, 29.743, 29.617, 29.443, 28.956, 28.382, 27.872, 27.547, 27.695, 27.769, 27.159, 26.488, 26.052, 25.413, 24.922, 24.705, 24.526, 24.461, 24.399, 24.06, 23.783, 23.751, 23.921, 23.866, 23.287, 22.713, 21.532, 18.34, 11.853, 5.567, 2.912, 0.0, 3.383, 5.005, 6.107, 7.685, 10.194, 13.486, 16.91, 18.924, 20.63, 22.765, 23.922, 24.082, 24.166, 23.573, 22.637, 22.85, 23.597, 24.139, 24.823, 25.443, 25.756, 25.954, 26.162, 26.396, 26.367, 26.064, 25.812, 26.058, 26.554, 26.916, 27.675, 28.112, 28.012, 28.126, 28.466, 28.802, 28.939], [27.868, 27.752, 27.707, 27.94, 28.669, 28.919, 28.656, 28.625, 28.507, 28.172, 28.18, 29.046, 29.731, 29.963, 30.129, 30.249, 30.248, 30.154, 30.061, 29.934, 29.763, 29.29, 28.739, 28.234, 27.906, 28.057, 28.132, 27.541, 26.888, 26.435, 25.786, 25.315, 25.101, 24.904, 24.838, 24.8, 24.491, 24.233, 24.237, 24.45, 24.43, 23.863, 23.27, 22.096, 19.007, 12.856, 7.336, 5.595, 3.383, 0.0, 2.533, 4.829, 7.174, 9.996, 13.43, 16.926, 18.9, 20.588, 22.783, 23.98, 24.171, 24.27, 23.648, 22.681, 22.911, 23.682, 24.246, 24.973, 25.598, 25.898, 26.11, 26.332, 26.571, 26.549, 26.261, 26.008, 26.244, 26.733, 27.071, 27.807, 28.244, 28.131, 28.256, 28.642, 29.002, 29.141], [27.798, 27.667, 27.615, 27.85, 28.594, 28.856, 28.58, 28.543, 28.426, 28.085, 28.092, 28.961, 29.648, 29.878, 30.041, 30.171, 30.183, 30.092, 29.989, 29.856, 29.677, 29.206, 28.675, 28.177, 27.849, 28.005, 28.078, 27.484, 26.826, 26.361, 25.706, 25.233, 25.023, 24.833, 24.776, 24.751, 24.444, 24.176, 24.178, 24.382, 24.382, 23.854, 23.262, 22.091, 19.028, 13.054, 8.035, 6.696, 5.005, 2.533, 0.0, 3.271, 6.447, 9.558, 13.036, 16.574, 18.561, 20.24, 22.439, 23.647, 23.838, 23.925, 23.322, 22.391, 22.628, 23.403, 23.949, 24.676, 25.334, 25.643, 25.854, 26.077, 26.318, 26.295, 26.002, 25.754, 25.998, 26.473, 26.798, 27.546, 27.997, 27.881, 28.003, 28.406, 28.801, 28.952], [27.476, 27.315, 27.24, 27.445, 28.135, 28.369, 28.108, 28.086, 27.967, 27.611, 27.612, 28.477, 29.171, 29.39, 29.543, 29.663, 29.672, 29.592, 29.492, 29.361, 29.184, 28.718, 28.212, 27.724, 27.396, 27.558, 27.638, 27.047, 26.395, 25.953, 25.321, 24.837, 24.618, 24.442, 24.394, 24.376, 24.059, 23.785, 23.797, 23.968, 23.927, 23.405, 22.803, 21.614, 18.513, 12.755, 8.427, 7.431, 6.107, 4.829, 3.271, 0.0, 3.893, 7.646, 11.51, 15.266, 17.359, 19.138, 21.431, 22.684, 22.868, 22.927, 22.332, 21.394, 21.61, 22.399, 22.946, 23.635, 24.314, 24.646, 24.854, 25.096, 25.374, 25.384, 25.112, 24.88, 25.137, 25.622, 25.982, 26.796, 27.279, 27.176, 27.315, 27.719, 28.116, 28.301], [27.047, 26.874, 26.781, 26.953, 27.58, 27.768, 27.535, 27.523, 27.393, 27.023, 27.008, 27.854, 28.542, 28.751, 28.908, 29.033, 29.046, 28.985, 28.928, 28.852, 28.701, 28.24, 27.75, 27.271, 26.943, 27.091, 27.165, 26.611, 26.02, 25.636, 25.044, 24.562, 24.332, 24.165, 24.125, 24.105, 23.79, 23.527, 23.542, 23.693, 23.627, 23.101, 22.509, 21.325, 18.249, 12.861, 9.422, 8.734, 7.685, 7.174, 6.447, 3.893, 0.0, 4.541, 9.378, 13.682, 15.992, 17.967, 20.456, 21.809, 22.0, 22.044, 21.433, 20.434, 20.607, 21.424, 21.999, 22.633, 23.298, 23.647, 23.847, 24.123, 24.468, 24.53, 24.29, 24.083, 24.361, 24.872, 25.282, 26.162, 26.673, 26.587, 26.747, 27.138, 27.505, 27.713], [25.948, 25.746, 25.62, 25.754, 26.314, 26.45, 26.233, 26.246, 26.101, 25.663, 25.571, 26.417, 27.131, 27.331, 27.485, 27.608, 27.616, 27.574, 27.587, 27.639, 27.583, 27.146, 26.677, 26.216, 25.897, 26.085, 26.184, 25.654, 25.145, 24.8, 24.228, 23.771, 23.536, 23.375, 23.344, 23.329, 23.034, 22.785, 22.877, 23.115, 23.038, 22.474, 21.853, 20.667, 17.751, 13.187, 11.158, 11.002, 10.194, 9.996, 9.558, 7.646, 4.541, 0.0, 5.764, 10.848, 13.526, 15.744, 18.427, 19.877, 20.073, 20.1, 19.524, 18.552, 18.681, 19.498, 20.115, 20.704, 21.365, 21.731, 21.923, 22.215, 22.583, 22.665, 22.456, 22.312, 22.63, 23.129, 23.593, 24.584, 25.147, 25.07, 25.251, 25.652, 25.996, 26.203], [24.278, 24.003, 23.83, 23.949, 24.45, 24.533, 24.316, 24.389, 24.236, 23.682, 23.485, 24.415, 25.233, 25.42, 25.536, 25.62, 25.587, 25.55, 25.6, 25.75, 25.842, 25.476, 25.048, 24.606, 24.319, 24.652, 24.842, 24.284, 23.822, 23.501, 22.943, 22.535, 22.317, 22.161, 22.127, 22.125, 21.837, 21.571, 21.858, 22.332, 22.232, 21.565, 20.837, 19.519, 16.707, 13.495, 13.43, 13.971, 13.486, 13.43, 13.036, 11.51, 9.378, 5.764, 0.0, 5.752, 9.093, 11.731, 14.643, 16.161, 16.349, 16.336, 15.94, 15.218, 15.355, 16.148, 16.824, 17.362, 18.041, 18.461, 18.665, 18.952, 19.282, 19.381, 19.251, 19.207, 19.567, 20.02, 20.58, 21.761, 22.399, 22.337, 22.603, 23.091, 23.436, 23.634], [23.449, 23.115, 22.888, 22.931, 23.304, 23.341, 23.145, 23.264, 23.108, 22.496, 22.254, 23.214, 24.088, 24.266, 24.335, 24.362, 24.28, 24.248, 24.293, 24.443, 24.609, 24.331, 23.991, 23.596, 23.354, 23.788, 24.038, 23.463, 23.032, 22.753, 22.251, 21.905, 21.71, 21.56, 21.519, 21.53, 21.264, 21.006, 21.444, 22.058, 21.93, 21.245, 20.473, 19.078, 16.474, 14.762, 16.199, 17.173, 16.91, 16.926, 16.574, 15.266, 13.682, 10.848, 5.752, 0.0, 4.194, 7.762, 11.178, 12.934, 13.179, 13.048, 12.809, 12.411, 12.546, 13.325, 14.092, 14.555, 15.225, 15.722, 15.961, 16.262, 16.606, 16.803, 16.822, 16.894, 17.255, 17.678, 18.342, 19.643, 20.302, 20.24, 20.62, 21.21, 21.545, 21.733], [23.215, 22.867, 22.592, 22.528, 22.792, 22.813, 22.615, 22.707, 22.531, 21.887, 21.612, 22.543, 23.426, 23.599, 23.643, 23.64, 23.539, 23.499, 23.512, 23.613, 23.773, 23.554, 23.316, 22.985, 22.764, 23.222, 23.481, 22.907, 22.498, 22.246, 21.802, 21.498, 21.308, 21.158, 21.112, 21.139, 20.928, 20.73, 21.244, 21.874, 21.729, 21.099, 20.358, 19.003, 16.702, 15.91, 17.968, 19.121, 18.924, 18.9, 18.561, 17.359, 15.992, 13.526, 9.093, 4.194, 0.0, 4.478, 8.72, 11.029, 11.529, 11.313, 11.097, 10.905, 10.989, 11.737, 12.579, 13.054, 13.768, 14.303, 14.569, 14.925, 15.364, 15.709, 15.864, 16.02, 16.334, 16.688, 17.332, 18.593, 19.222, 19.114, 19.518, 20.152, 20.478, 20.667], [22.646, 22.276, 21.955, 21.819, 22.03, 22.044, 21.822, 21.903, 21.719, 21.03, 20.69, 21.601, 22.509, 22.667, 22.679, 22.648, 22.537, 22.483, 22.455, 22.534, 22.721, 22.559, 22.406, 22.145, 21.962, 22.474, 22.749, 22.177, 21.816, 21.61, 21.233, 20.982, 20.805, 20.661, 20.617, 20.67, 20.505, 20.355, 20.939, 21.59, 21.462, 20.882, 20.166, 18.936, 17.101, 17.071, 19.492, 20.772, 20.63, 20.588, 20.24, 19.138, 17.967, 15.744, 11.731, 7.762, 4.478, 0.0, 5.066, 8.305, 9.321, 9.127, 9.109, 9.352, 9.397, 9.96, 10.857, 11.467, 12.356, 12.89, 13.153, 13.56, 14.07, 14.624, 14.967, 15.204, 15.452, 15.625, 16.133, 17.322, 17.912, 17.682, 17.987, 18.603, 18.921, 19.115], [21.801, 21.373, 21.03, 20.932, 21.149, 21.132, 20.922, 21.082, 20.927, 20.194, 19.83, 20.795, 21.742, 21.862, 21.821, 21.744, 21.616, 21.554, 21.506, 21.648, 21.951, 21.854, 21.762, 21.564, 21.454, 22.087, 22.402, 21.811, 21.51, 21.368, 21.066, 20.882, 20.736, 20.621, 20.606, 20.692, 20.529, 20.359, 21.005, 21.749, 21.679, 21.134, 20.426, 19.326, 17.954, 18.667, 21.418, 22.792, 22.765, 22.783, 22.439, 21.431, 20.456, 18.427, 14.643, 11.178, 8.72, 5.066, 0.0, 4.279, 6.341, 6.504, 7.383, 8.601, 8.698, 8.609, 9.354, 10.0, 10.863, 11.33, 11.554, 11.982, 12.493, 13.258, 13.806, 14.057, 14.184, 14.178, 14.637, 15.806, 16.359, 16.025, 16.224, 16.808, 17.101, 17.299], [21.618, 21.129, 20.824, 20.944, 21.302, 21.239, 21.05, 21.32, 21.181, 20.372, 19.98, 20.998, 21.916, 21.958, 21.884, 21.789, 21.624, 21.548, 21.534, 21.799, 22.25, 22.184, 22.08, 21.894, 21.836, 22.617, 23.027, 22.397, 22.102, 21.967, 21.628, 21.446, 21.325, 21.222, 21.225, 21.334, 21.117, 20.848, 21.565, 22.507, 22.508, 21.899, 21.134, 20.044, 18.695, 19.541, 22.439, 23.87, 23.922, 23.98, 23.647, 22.684, 21.809, 19.877, 16.161, 12.934, 11.029, 8.305, 4.279, 0.0, 3.131, 4.595, 7.018, 8.997,