[[0.0, 2.07, 3.896, 6.629, 7.939, 8.351, 8.835, 9.044, 9.466, 10.253, 11.409, 12.137, 12.282, 12.442, 12.374, 12.332, 12.676, 12.897, 13.02, 14.165, 15.12, 16.442, 17.82, 17.84, 17.538, 17.594, 18.109, 19.129, 19.773, 20.244, 21.316, 21.711, 21.767, 22.314, 22.535, 22.576, 23.002, 23.222, 22.4, 21.159, 21.045, 21.721, 21.858, 22.116, 22.685, 23.152, 23.325, 23.5, 23.239, 22.62, 22.693, 22.966, 22.736, 21.547, 21.111, 21.067, 21.215, 21.645, 21.844, 22.23, 21.809, 21.082, 20.781, 21.178, 21.193, 21.004, 20.993, 21.056, 21.04, 21.079, 21.266, 21.218, 21.152, 20.929, 20.743, 20.703, 20.483, 20.284, 19.87, 19.998, 20.038, 20.32, 20.614, 20.577, 20.899, 21.472], [2.07, 0.0, 2.818, 6.162, 7.658, 8.248, 8.842, 9.056, 9.507, 10.368, 11.557, 12.304, 12.43, 12.546, 12.509, 12.562, 12.986, 13.223, 13.304, 14.46, 15.421, 16.704, 18.087, 18.112, 17.811, 17.849, 18.342, 19.364, 19.998, 20.441, 21.479, 21.864, 21.922, 22.458, 22.673, 22.734, 23.178, 23.407, 22.597, 21.341, 21.15, 21.795, 21.939, 22.177, 22.74, 23.229, 23.413, 23.592, 23.325, 22.703, 22.754, 22.995, 22.784, 21.647, 21.221, 21.186, 21.356, 21.794, 21.987, 22.35, 21.91, 21.125, 20.783, 21.179, 21.203, 21.005, 20.983, 21.047, 21.048, 21.088, 21.282, 21.235, 21.155, 20.952, 20.815, 20.794, 20.56, 20.345, 19.947, 20.101, 20.167, 20.438, 20.741, 20.709, 21.029, 21.624], [3.896, 2.818, 0.0, 3.956, 5.942, 6.828, 7.576, 7.853, 8.426, 9.488, 10.859, 11.747, 12.027, 12.144, 12.217, 12.569, 13.199, 13.471, 13.424, 14.511, 15.478, 16.867, 18.277, 18.181, 17.797, 17.876, 18.435, 19.47, 20.094, 20.488, 21.497, 21.911, 21.937, 22.465, 22.691, 22.762, 23.285, 23.578, 22.78, 21.545, 21.433, 22.097, 22.22, 22.452, 23.02, 23.519, 23.69, 23.893, 23.598, 22.952, 22.969, 23.199, 22.968, 21.794, 21.395, 21.361, 21.525, 21.987, 22.212, 22.578, 22.115, 21.265, 20.959, 21.422, 21.485, 21.287, 21.253, 21.216, 21.14, 21.202, 21.395, 21.326, 21.216, 20.958, 20.718, 20.657, 20.422, 20.171, 19.717, 19.814, 19.888, 20.164, 20.493, 20.477, 20.8, 21.399], [6.629, 6.162, 3.956, 0.0, 2.906, 4.844, 6.052, 6.428, 7.151, 8.443, 10.052, 11.153, 11.65, 11.751, 11.963, 12.695, 13.529, 13.854, 13.724, 14.654, 15.632, 17.085, 18.419, 18.209, 17.755, 17.881, 18.519, 19.564, 20.161, 20.495, 21.457, 21.896, 21.886, 22.402, 22.653, 22.705, 23.285, 23.663, 22.904, 21.745, 21.822, 22.519, 22.618, 22.85, 23.43, 23.921, 24.071, 24.282, 23.978, 23.378, 23.383, 23.642, 23.373, 22.184, 21.854, 21.819, 21.985, 22.452, 22.678, 23.023, 22.547, 21.631, 21.33, 21.882, 22.002, 21.794, 21.75, 21.649, 21.485, 21.549, 21.723, 21.62, 21.448, 21.097, 20.657, 20.532, 20.303, 20.018, 19.481, 19.505, 19.601, 19.859, 20.211, 20.197, 20.511, 21.006], [7.939, 7.658, 5.942, 2.906, 0.0, 2.918, 4.735, 5.181, 5.943, 7.384, 9.122, 10.317, 10.946, 11.051, 11.332, 12.299, 13.272, 13.63, 13.412, 14.168, 15.115, 16.614, 17.915, 17.67, 17.214, 17.39, 18.102, 19.187, 19.789, 20.15, 21.2, 21.689, 21.669, 22.214, 22.497, 22.544, 23.123, 23.517, 22.78, 21.652, 21.796, 22.527, 22.616, 22.887, 23.514, 24.003, 24.137, 24.345, 24.022, 23.369, 23.323, 23.574, 23.279, 22.068, 21.781, 21.743, 21.907, 22.372, 22.605, 22.976, 22.51, 21.61, 21.34, 21.912, 22.07, 21.875, 21.852, 21.721, 21.485, 21.54, 21.702, 21.586, 21.399, 21.009, 20.487, 20.329, 20.099, 19.804, 19.236, 19.241, 19.33, 19.594, 19.949, 19.92, 20.242, 20.713], [8.351, 8.248, 6.828, 4.844, 2.918, 0.0, 2.344, 3.081, 4.009, 5.872, 7.966, 9.296, 10.075, 10.208, 10.52, 11.61, 12.632, 12.993, 12.612, 13.137, 14.045, 15.63, 16.991, 16.706, 16.246, 16.517, 17.275, 18.37, 19.002, 19.458, 20.694, 21.254, 21.23, 21.822, 22.136, 22.176, 22.753, 23.132, 22.369, 21.283, 21.528, 22.311, 22.393, 22.704, 23.36, 23.817, 23.931, 24.145, 23.802, 23.076, 23.0, 23.239, 22.905, 21.612, 21.309, 21.257, 21.392, 21.864, 22.126, 22.516, 22.069, 21.246, 21.04, 21.602, 21.775, 21.613, 21.623, 21.476, 21.185, 21.235, 21.386, 21.275, 21.122, 20.728, 20.152, 19.965, 19.744, 19.46, 18.876, 18.896, 18.96, 19.244, 19.601, 19.555, 19.89, 20.399], [8.835, 8.842, 7.576, 6.052, 4.735, 2.344, 0.0, 1.352, 2.846, 5.075, 7.527, 9.018, 9.886, 10.043, 10.35, 11.449, 12.455, 12.822, 12.393, 12.8, 13.651, 15.257, 16.661, 16.353, 15.874, 16.183, 16.916, 17.976, 18.628, 19.131, 20.431, 21.012, 20.984, 21.6, 21.934, 21.971, 22.55, 22.925, 22.131, 21.078, 21.455, 22.281, 22.359, 22.689, 23.355, 23.795, 23.9, 24.119, 23.779, 23.03, 22.949, 23.189, 22.826, 21.456, 21.11, 21.04, 21.144, 21.621, 21.905, 22.307, 21.877, 21.1, 20.932, 21.484, 21.653, 21.519, 21.555, 21.402, 21.08, 21.123, 21.261, 21.158, 21.033, 20.641, 20.021, 19.819, 19.628, 19.355, 18.747, 18.753, 18.801, 19.09, 19.439, 19.382, 19.715, 20.233], [9.044, 9.056, 7.853, 6.428, 5.181, 3.081, 1.352, 0.0, 2.142, 4.663, 7.274, 8.887, 9.779, 9.945, 10.26, 11.368, 12.399, 12.784, 12.343, 12.726, 13.571, 15.157, 16.557, 16.258, 15.789, 16.099, 16.829, 17.887, 18.546, 19.051, 20.358, 20.943, 20.906, 21.522, 21.867, 21.911, 22.489, 22.861, 22.059, 20.994, 21.39, 22.239, 22.329, 22.666, 23.341, 23.786, 23.891, 24.109, 23.776, 23.022, 22.94, 23.188, 22.821, 21.428, 21.062, 20.985, 21.086, 21.563, 21.85, 22.267, 21.846, 21.07, 20.899, 21.447, 21.616, 21.498, 21.544, 21.394, 21.066, 21.095, 21.231, 21.134, 21.019, 20.632, 20.002, 19.797, 19.623, 19.358, 18.74, 18.735, 18.777, 19.068, 19.418, 19.354, 19.685, 20.205], [9.466, 9.507, 8.426, 7.151, 5.943, 4.009, 2.846, 2.142, 0.0, 3.34, 6.45, 8.218, 9.2, 9.371, 9.736, 10.946, 12.054, 12.447, 11.901, 12.201, 13.056, 14.673, 16.08, 15.758, 15.293, 15.626, 16.358, 17.423, 18.101, 18.628, 20.001, 20.611, 20.561, 21.186, 21.552, 21.612, 22.19, 22.557, 21.742, 20.702, 21.137, 22.002, 22.142, 22.505, 23.185, 23.639, 23.739, 23.959, 23.623, 22.846, 22.769, 23.028, 22.639, 21.231, 20.871, 20.788, 20.899, 21.381, 21.663, 22.104, 21.717, 20.9, 20.692, 21.254, 21.416, 21.305, 21.345, 21.172, 20.81, 20.82, 20.966, 20.866, 20.758, 20.364, 19.71, 19.509, 19.338, 19.083, 18.446, 18.422, 18.454, 18.739, 19.098, 19.06, 19.379, 19.914], [10.253, 10.368, 9.488, 8.443, 7.384, 5.872, 5.075, 4.663, 3.34, 0.0, 3.761, 6.16, 7.356, 7.568, 8.032, 9.532, 10.888, 11.349, 10.888, 11.256, 12.077, 13.683, 15.139, 14.83, 14.274, 14.608, 15.46, 16.607, 17.368, 17.989, 19.431, 20.062, 20.004, 20.643, 21.029, 21.096, 21.679, 22.051, 21.238, 20.197, 20.679, 21.56, 21.737, 22.248, 23.068, 23.548, 23.641, 23.857, 23.512, 22.696, 22.606, 22.899, 22.492, 21.065, 20.724, 20.63, 20.725, 21.203, 21.518, 22.018, 21.693, 21.029, 20.897, 21.422, 21.578, 21.495, 21.549, 21.378, 20.999, 20.987, 21.132, 21.042, 20.964, 20.568, 19.882, 19.665, 19.51, 19.263, 18.602, 18.544, 18.539, 18.831, 19.168, 19.114, 19.42, 19.885], [11.409, 11.557, 10.859, 10.052, 9.122, 7.966, 7.527, 7.274, 6.45, 3.761, 0.0, 3.203, 4.91, 5.351, 5.955, 8.022, 9.784, 10.347, 10.003, 10.427, 11.215, 12.797, 14.344, 14.04, 13.329, 13.602, 14.594, 15.827, 16.65, 17.35, 18.88, 19.551, 19.46, 20.107, 20.517, 20.616, 21.203, 21.577, 20.777, 19.717, 20.2, 21.114, 21.291, 21.927, 22.925, 23.464, 23.533, 23.747, 23.378, 22.479, 22.334, 22.639, 22.216, 20.777, 20.471, 20.367, 20.457, 20.96, 21.31, 21.867, 21.602, 21.05, 21.006, 21.509, 21.684, 21.635, 21.721, 21.55, 21.141, 21.122, 21.267, 21.174, 21.106, 20.69, 19.955, 19.718, 19.59, 19.362, 18.701, 18.616, 18.578, 18.868, 19.177, 19.09, 19.395, 19.82], [12.137, 12.304, 11.747, 11.153, 10.317, 9.296, 9.018, 8.887, 8.218, 6.16, 3.203, 0.0, 2.57, 3.583, 4.384, 7.117, 9.205, 9.737, 9.266, 9.691, 10.514, 12.184, 13.773, 13.405, 12.666, 12.985, 14.042, 15.314, 16.141, 16.862, 18.498, 19.211, 19.11, 19.764, 20.179, 20.319, 20.908, 21.271, 20.485, 19.43, 19.836, 20.745, 20.93, 21.58, 22.619, 23.209, 23.259, 23.46, 23.066, 22.068, 21.863, 22.14, 21.724, 20.304, 20.02, 19.912, 20.006, 20.525, 20.886, 21.464, 21.216, 20.669, 20.62, 21.114, 21.306, 21.275, 21.389, 21.222, 20.799, 20.775, 20.934, 20.827, 20.757, 20.347, 19.663, 19.452, 19.321, 19.126, 18.518, 18.454, 18.409, 18.695, 18.969, 18.868, 19.175, 19.606], [12.282, 12.43, 12.027, 11.65, 10.946, 10.075, 9.886, 9.779, 9.2, 7.356, 4.91, 2.57, 0.0, 1.653, 2.968, 5.925, 8.206, 8.742, 8.349, 9.083, 9.971, 11.525, 13.08, 12.826, 12.171, 12.465, 13.543, 14.912, 15.793, 16.525, 18.14, 18.823, 18.766, 19.424, 19.815, 19.961, 20.549, 20.923, 20.165, 19.068, 19.342, 20.197, 20.406, 21.096, 22.148, 22.751, 22.834, 23.026, 22.643, 21.714, 21.557, 21.884, 21.56, 20.263, 19.996, 19.908, 20.013, 20.496, 20.834, 21.406, 21.134, 20.622, 20.551, 21.029, 21.229, 21.205, 21.317, 21.197, 20.834, 20.805, 20.977, 20.871, 20.8, 20.455, 19.933, 19.773, 19.611, 19.439, 18.918, 18.918, 18.889, 19.163, 19.422, 19.304, 19.596, 20.007], [12.442, 12.546, 12.144, 11.751, 11.051, 10.208, 10.043, 9.945, 9.371, 7.568, 5.351, 3.583, 1.653, 0.0, 2.124, 5.403, 7.797, 8.369, 8.006, 8.817, 9.755, 11.281, 12.813, 12.63, 11.994, 12.231, 13.296, 14.71, 15.621, 16.353, 17.932, 18.597, 18.561, 19.209, 19.589, 19.734, 20.337, 20.732, 19.994, 18.897, 19.183, 20.026, 20.232, 20.943, 22.025, 22.64, 22.751, 22.957, 22.569, 21.693, 21.563, 21.926, 21.64, 20.407, 20.166, 20.093, 20.211, 20.68, 21.004, 21.578, 21.292, 20.77, 20.694, 21.175, 21.376, 21.346, 21.437, 21.327, 20.979, 20.954, 21.13, 21.018, 20.94, 20.607, 20.107, 19.956, 19.784, 19.609, 19.099, 19.102, 19.082, 19.347, 19.618, 19.504, 19.776, 20.157], [12.374, 12.509, 12.217, 11.963, 11.332, 10.52, 10.35, 10.26, 9.736, 8.032, 5.955, 4.384, 2.968, 2.124, 0.0, 3.977, 6.684, 7.344, 7.161, 8.204, 9.15, 10.721, 12.364, 12.267, 11.608, 11.765, 12.863, 14.349, 15.284, 16.088, 17.706, 18.355, 18.352, 19.015, 19.389, 19.538, 20.127, 20.498, 19.749, 18.643, 18.959, 19.824, 20.03, 20.734, 21.816, 22.426, 22.546, 22.756, 22.398, 21.578, 21.48, 21.866, 21.578, 20.332, 20.094, 20.025, 20.123, 20.573, 20.887, 21.465, 21.173, 20.625, 20.495, 20.948, 21.127, 21.075, 21.149, 21.055, 20.729, 20.695, 20.874, 20.773, 20.691, 20.342, 19.809, 19.649, 19.482, 19.337, 18.851, 18.867, 18.851, 19.11, 19.376, 19.262, 19.528, 19.875], [12.332, 12.562, 12.569, 12.695, 12.299, 11.61, 11.449, 11.368, 10.946, 9.532, 8.022, 7.117, 5.925, 5.403, 3.977, 0.0, 3.172, 4.374, 4.972, 6.917, 7.956, 9.324, 11.206, 11.394, 10.686, 10.649, 11.842, 13.562, 14.605, 15.511, 17.122, 17.699, 17.79, 18.481, 18.801, 18.92, 19.462, 19.769, 18.987, 17.779, 18.065, 18.931, 19.161, 19.874, 20.957, 21.548, 21.717, 21.945, 21.687, 21.259, 21.479, 22.014, 21.799, 20.628, 20.389, 20.348, 20.425, 20.802, 21.084, 21.656, 21.272, 20.654, 20.418, 20.837, 20.988, 20.888, 20.885, 20.85, 20.638, 20.576, 20.768, 20.697, 20.604, 20.291, 19.826, 19.688, 19.495, 19.398, 18.986, 19.101, 19.148, 19.394, 19.671, 19.558, 19.813, 20.119], [12.676, 12.986, 13.199, 13.529, 13.272, 12.632, 12.455, 12.399, 12.054, 10.888, 9.784, 9.205, 8.206, 7.797, 6.684, 3.172, 0.0, 1.999, 3.827, 6.444, 7.406, 8.509, 10.504, 10.849, 10.103, 9.931, 11.125, 12.974, 14.108, 15.107, 16.74, 17.282, 17.435, 18.153, 18.431, 18.508, 18.975, 19.213, 18.394, 17.13, 17.411, 18.283, 18.496, 19.211, 20.279, 20.808, 21.001, 21.252, 21.053, 20.895, 21.408, 22.07, 21.909, 20.768, 20.517, 20.5, 20.566, 20.887, 21.15, 21.703, 21.278, 20.667, 20.399, 20.769, 20.886, 20.768, 20.729, 20.747, 20.632, 20.567, 20.757, 20.722, 20.645, 20.367, 19.977, 19.857, 19.636, 19.566, 19.218, 19.43, 19.516, 19.757, 20.022, 19.911, 20.171, 20.486], [12.897, 13.223, 13.471, 13.854, 13.63, 12.993, 12.822, 12.784, 12.447, 11.349, 10.347, 9.737, 8.742, 8.369, 7.344, 4.374, 1.999, 0.0, 3.057, 6.293, 7.129, 8.164, 10.159, 10.521, 9.861, 9.7, 10.843, 12.689, 13.858, 14.875, 16.537, 17.089, 17.254, 17.992, 18.261, 18.336, 18.787, 19.021, 18.203, 16.908, 17.089, 17.951, 18.154, 18.888, 19.927, 20.405, 20.611, 20.864, 20.643, 20.446, 21.01, 21.71, 21.584, 20.434, 20.177, 20.181, 20.24, 20.533, 20.791, 21.339, 20.925, 20.364, 20.125, 20.455, 20.558, 20.463, 20.438, 20.457, 20.367, 20.312, 20.501, 20.477, 20.417, 20.162, 19.869, 19.778, 19.532, 19.476, 19.19, 19.462, 19.537, 19.788, 20.025, 19.904, 20.18, 20.541], [13.02, 13.304, 13.424, 13.724, 13.412, 12.612, 12.393, 12.343, 11.901, 10.888, 10.003, 9.266, 8.349, 8.006, 7.161, 4.972, 3.827, 3.057, 0.0, 3.942, 5.232, 6.827, 9.092, 9.243, 8.693, 8.972, 10.241, 12.137, 13.324, 14.312, 16.114, 16.778, 16.902, 17.611, 17.896, 18.01, 18.507, 18.754, 17.935, 16.744, 16.986, 17.846, 18.062, 18.761, 19.76, 20.259, 20.411, 20.656, 20.363, 20.015, 20.534, 21.205, 21.086, 19.93, 19.673, 19.67, 19.742, 20.077, 20.363, 20.918, 20.486, 19.868, 19.644, 20.021, 20.136, 20.048, 20.0, 19.991, 19.858, 19.811, 20.031, 19.988, 19.926, 19.657, 19.357, 19.281, 19.026, 18.964, 18.665, 18.912, 18.978, 19.245, 19.468, 19.361, 19.645, 20.052], [14.165, 14.46, 14.511, 14.654, 14.168, 13.137, 12.8, 12.726, 12.201, 11.256, 10.427, 9.691, 9.083, 8.817, 8.204, 6.917, 6.444, 6.293, 3.942, 0.0, 2.605, 5.308, 7.641, 7.522, 7.174, 8.221, 9.628, 11.485, 12.645, 13.64, 15.691, 16.511, 16.567, 17.206, 17.521, 17.626, 18.071, 18.283, 17.532, 16.708, 17.361, 18.258, 18.431, 19.026, 20.005, 20.536, 20.595, 20.831, 20.478, 20.025, 20.49, 21.163, 21.025, 20.002, 19.838, 19.812, 19.905, 20.282, 20.59, 21.151, 20.772, 20.149, 19.966, 20.383, 20.54, 20.48, 20.439, 20.423, 20.188, 20.143, 20.362, 20.302, 20.254, 19.934, 19.439, 19.299, 19.102, 19.049, 18.664, 18.79, 18.836, 19.095, 19.299, 19.2, 19.463, 19.801], [15.12, 15.421, 15.478, 15.632, 15.115, 14.045, 13.651, 13.571, 13.056, 12.077, 11.215, 10.514, 9.971, 9.755, 9.15, 7.956, 7.406, 7.129, 5.232, 2.605, 0.0, 3.729, 6.426, 6.318, 6.178, 7.59, 9.084, 10.889, 12.085, 13.186, 15.394, 16.29, 16.34, 16.996, 17.335, 17.444, 17.863, 18.047, 17.333, 16.631, 17.394, 18.313, 18.458, 19.064, 20.035, 20.528, 20.558, 20.786, 20.42, 19.91, 20.377, 21.074, 20.933, 19.951, 19.855, 19.836, 19.915, 20.278, 20.583, 21.164, 20.837, 20.277, 20.165, 20.549, 20.715, 20.709, 20.709, 20.649, 20.36, 20.315, 20.516, 20.469, 20.452, 20.133, 19.619, 19.453, 19.283, 19.25, 18.902, 19.034, 19.048, 19.323, 19.525, 19.432, 19.686, 20.028], [16.442, 16.704, 16.867, 17.085, 16.614, 15.63, 15.257, 15.157, 14.673, 13.683, 12.797, 12.184, 11.525, 11.281, 10.721, 9.324, 8.509, 8.164, 6.827, 5.308, 3.729, 0.0, 3.557, 4.23, 4.686, 6.424, 7.92, 9.718, 11.008, 12.256, 14.529, 15.416, 15.538, 16.219, 16.531, 16.63, 16.992, 17.15, 16.488, 15.822, 16.522, 17.398, 17.565, 18.229, 19.252, 19.73, 19.758, 19.984, 19.654, 19.341, 19.957, 20.773, 20.754, 19.955, 19.918, 19.932, 20.039, 20.35, 20.604, 21.19, 20.88, 20.446, 20.383, 20.731, 20.927, 20.985, 21.007, 20.982, 20.748, 20.68, 20.868, 20.838, 20.841, 20.603, 20.256, 20.136, 19.941, 19.912, 19.65, 19.861, 19.883, 20.13, 20.309, 20.194, 20.434, 20.747], [17.82, 18.087, 18.277, 18.419, 17.915, 16.991, 16.661, 16.557, 16.08, 15.139, 14.344, 13.773, 13.08, 12.813, 12.364, 11.206, 10.504, 10.159, 9.092, 7.641, 6.426, 3.557, 0.0, 2.403, 4.543, 6.548, 7.569, 9.006, 10.21, 11.323, 13.514, 14.428, 14.559, 15.179, 15.459, 15.526, 15.804, 15.985, 15.511, 15.09, 15.846, 16.66, 16.826, 17.472, 18.472, 18.953, 18.956, 19.155, 18.792, 18.586, 19.26, 20.195, 20.298, 19.806, 19.908, 19.952, 20.138, 20.421, 20.609, 21.194, 20.942, 20.668, 20.721, 21.098, 21.37, 21.514, 21.554, 21.547, 21.318, 21.237, 21.415, 21.362, 21.371, 21.182, 20.956, 20.904, 20.716, 20.689, 20.448, 20.631, 20.635, 20.856, 20.992, 20.865, 21.065, 21.301], [17.84, 18.112, 18.181, 18.209, 17.67, 16.706, 16.353, 16.258, 15.758, 14.83, 14.04, 13.405, 12.826, 12.63, 12.267, 11.394, 10.849, 10.521, 9.243, 7.522, 6.318, 4.23, 2.403, 0.0, 3.293, 6.158, 7.48, 8.962, 10.113, 11.17, 13.459, 14.463, 14.516, 15.116, 15.433, 15.517, 15.838, 16.051, 15.569, 15.203, 16.064, 16.926, 17.069, 17.677, 18.639, 19.124, 19.073, 19.276, 18.839, 18.472, 19.099, 20.003, 20.034, 19.457, 19.581, 19.615, 19.803, 20.145, 20.383, 20.953, 20.695, 20.398, 20.495, 20.911, 21.206, 21.348, 21.382, 21.318, 21.028, 20.963, 21.143, 21.073, 21.078, 20.846, 20.524, 20.457, 20.298, 20.261, 19.981, 20.13, 20.119, 20.351, 20.497, 20.385, 20.589, 20.852], [17.538, 17.811, 17.797, 17.755, 17.214, 16.246, 15.874, 15.789, 15.293, 14.274, 13.329, 12.666, 12.171, 11.994, 11.608, 10.686, 10.103, 9.861, 8.693, 7.174, 6.178, 4.686, 4.543, 3.293, 0.0, 3.81, 6.173, 8.152, 9.529, 10.874, 13.329, 14.328, 14.404, 15.112, 15.485, 15.548, 15.876, 16.065, 15.439, 14.871, 15.84, 16.792, 16.925, 17.647, 18.779, 19.302, 19.265, 19.501, 19.09, 18.743, 19.39, 20.311, 20.27, 19.481, 19.538, 19.559, 19.716, 20.076, 20.439, 21.066, 20.763, 20.435, 20.476, 20.858, 21.129, 21.216, 21.25, 21.189, 20.886, 20.839, 21.02, 20.952, 20.955, 20.676, 20.204, 20.075, 19.928, 19.876, 19.546, 19.687, 19.688, 19.917, 20.094, 19.971, 20.201, 20.488], [17.594, 17.849, 17.876, 17.881, 17.39, 16.517, 16.183, 16.099, 15.626, 14.608, 13.602, 12.985, 12.465, 12.231, 11.765, 10.649, 9.931, 9.7, 8.972, 8.221, 7.59, 6.424, 6.548, 6.158, 3.81, 0.0, 3.535, 6.563, 8.394, 9.901, 12.276, 13.158, 13.351, 14.221, 14.612, 14.641, 14.954, 15.127, 14.387, 13.516, 14.463, 15.446, 15.563, 16.478, 17.932, 18.556, 18.575, 18.838, 18.535, 18.422, 19.195, 20.237, 20.243, 19.393, 19.368, 19.395, 19.584, 19.926, 20.327, 21.072, 20.781, 20.439, 20.417, 20.771, 21.037, 21.111, 21.153, 21.147, 20.879, 20.838, 21.036, 20.965, 20.971, 20.709, 20.276, 20.164, 19.996, 19.921, 19.594, 19.749, 19.761, 19.966, 20.149, 20.01, 20.228, 20.549], [18.109, 18.342, 18.435, 18.519, 18.102, 17.275, 16.916, 16.829, 16.358, 15.46, 14.594, 14.042, 13.543, 13.296, 12.863, 11.842, 11.125, 10.843, 10.241, 9.628, 9.084, 7.92, 7.569, 7.48, 6.173, 3.535, 0.0, 4.002, 6.302, 7.767, 10.143, 10.975, 11.223, 12.219, 12.631, 12.66, 12.963, 13.153, 12.399, 11.554, 12.652, 13.652, 13.759, 14.723, 16.36, 17.118, 17.127, 17.406, 17.185, 17.286, 18.196, 19.393, 19.524, 18.843, 18.834, 18.864, 19.114, 19.476, 19.828, 20.631, 20.463, 20.148, 20.133, 20.522, 20.81, 20.945, 21.006, 21.022, 20.729, 20.672, 20.881, 20.77, 20.764, 20.535, 20.216, 20.187, 20.021, 19.942, 19.611, 19.739, 19.748, 19.904, 20.044, 19.91, 20.08, 20.386], [19.129, 19.364, 19.47, 19.564, 19.187, 18.37, 17.976, 17.887, 17.423, 16.607, 15.827, 15.314, 14.912, 14.71, 14.349, 13.562, 12.974, 12.689, 12.137, 11.485, 10.889, 9.718, 9.006, 8.962, 8.152, 6.563, 4.002, 0.0, 2.838, 4.939, 7.876, 8.857, 9.074, 10.143, 10.641, 10.727, 10.949, 11.114, 10.408, 9.906, 11.502, 12.614, 12.748, 13.644, 15.239, 16.015, 15.979, 16.267, 16.044, 16.204, 17.138, 18.425, 18.64, 18.195, 18.321, 18.338, 18.59, 18.971, 19.335, 20.16, 20.18, 20.13, 20.314, 20.742, 21.033, 21.25, 21.355, 21.346, 20.965, 20.88, 21.069, 20.906, 20.872, 20.634, 20.342, 20.358, 20.235, 20.172, 19.836, 19.911, 19.893, 20.007, 20.066, 19.923, 20.035, 20.228], [19.773, 19.998, 20.094, 20.161, 19.789, 19.002, 18.628, 18.546, 18.101, 17.368, 16.65, 16.141, 15.793, 15.621, 15.284, 14.605, 14.108, 13.858, 13.324, 12.645, 12.085, 11.008, 10.21, 10.113, 9.529, 8.394, 6.302, 2.838, 0.0, 3.125, 6.737, 7.834, 8.021, 9.111, 9.659, 9.804, 9.961, 10.094, 9.509, 9.293, 11.162, 12.311, 12.452, 13.153, 14.596, 15.388, 15.316, 15.614, 15.376, 15.584, 16.508, 17.844, 18.123, 17.873, 18.119, 18.118, 18.369, 18.763, 19.135, 19.994, 20.105, 20.181, 20.498, 20.993, 21.313, 21.554, 21.665, 21.637, 21.2, 21.098, 21.273, 21.069, 20.996, 20.735, 20.423, 20.446, 20.349, 20.295, 19.953, 20.003, 19.981, 20.063, 20.072, 19.928, 19.997, 20.088], [20.244, 20.441, 20.488, 20.495, 20.15, 19.458, 19.131, 19.051, 18.628, 17.989, 17.35, 16.862, 16.525, 16.353, 16.088, 15.511, 15.107, 14.875, 14.312, 13.64, 13.186, 12.256, 11.323, 11.17, 10.874, 9.901, 7.767, 4.939, 3.125, 0.0, 4.16, 5.564, 5.683, 6.862, 7.481, 7.698, 7.997, 8.293, 7.901, 8.021, 10.177, 11.31, 11.432, 11.979, 13.431, 14.424, 14.349, 14.668, 14.385, 14.723, 15.69, 17.15, 17.568, 17.584, 17.945, 17.963, 18.3, 18.735, 19.063, 19.954, 20.118, 20.155, 20.543, 21.178, 21.582, 21.851, 21.93, 21.856, 21.388, 21.295, 21.474, 21.219, 21.11, 20.838, 20.574, 20.654, 20.581, 20.515, 20.157, 20.15, 20.137, 20.189, 20.189, 20.073, 20.097, 20.167], [21.316, 21.479, 21.497, 21.457, 21.2, 20.694, 20.431, 20.358, 20.001, 19.431, 18.88, 18.498, 18.14, 17.932, 17.706, 17.122, 16.74, 16.537, 16.114, 15.691, 15.394, 14.529, 13.514, 13.459, 13.329, 12.276, 10.143, 7.876, 6.737, 4.16, 0.0, 1.911, 2.37, 3.844, 4.485, 4.832, 5.499, 6.171, 6.189, 6.687, 9.12, 10.092, 10.15, 10.66, 12.335, 13.601, 13.605, 13.925, 13.68, 14.453, 15.551, 17.156, 17.774, 18.139, 18.613, 18.685, 19.109, 19.518, 19.744, 20.645, 20.848, 20.858, 21.291, 22.02, 22.472, 22.756, 22.791, 22.692, 22.26, 22.188, 22.36, 22.067, 21.926, 21.677, 21.543, 21.708, 21.644, 21.566, 21.232, 21.163, 21.161, 21.175, 21.19, 21.109, 21.067, 21.102], [21.711, 21.864, 21.911, 21.896, 21.689, 21.254, 21.012, 20.943, 20.611, 20.062, 19.551, 19.211, 18.823, 18.597, 18.355, 17.699, 17.282, 17.089, 16.778, 16.511, 16.29, 15.416, 14.428, 14.463, 14.328, 13.158, 10.975, 8.857, 7.834, 5.564, 1.911, 0.0, 1.781, 3.447, 3.967, 4.286, 4.979, 5.729, 5.892, 6.324, 8.684, 9.547, 9.588, 10.108, 11.894, 13.251, 13.308, 13.624, 13.498, 14.561, 15.742, 17.406, 18.1, 18.572, 19.055, 19.142, 19.577, 19.95, 20.129, 21.026, 21.232, 21.218, 21.606, 22.331, 22.773, 23.054, 23.083, 23.011, 22.623, 22.55, 22.722, 22.42, 22.257, 22.033, 21.97, 22.17, 22.095, 22.013, 21.697, 21.63, 21.64, 21.629, 21.638, 21.559, 21.494, 21.499], [21.767, 21.922, 21.937, 21.886, 21.669, 21.23, 20.984, 20.906, 20.561, 20.004, 19.46, 19.11, 18.766, 18.561, 18.352, 17.79, 17.435, 17.254, 16.902, 16.567, 16.34, 15.538, 14.559, 14.516, 14.404, 13.351, 11.223, 9.074, 8.021, 5.683, 2.37, 1.781, 0.0, 2.149, 3.062, 3.609, 4.602, 5.608, 5.87, 6.381, 8.862, 9.79, 9.84, 10.305, 12.101, 13.499, 13.503, 13.826, 13.647, 14.589, 15.683, 17.344, 18.009, 18.486, 18.988, 19.062, 19.527, 19.946, 20.13, 21.028, 21.264, 21.245, 21.646, 22.39, 22.838, 23.124, 23.178, 23.101, 22.689, 22.613, 22.778, 22.469, 22.301, 22.045, 21.91, 22.084, 22.029, 21.941, 21.587, 21.481, 21.48, 21.471, 21.485, 21.41, 21.34, 21.344], [22.314, 22.458, 22.465, 22.402, 22.214, 21.822, 21.6, 21.522, 21.186, 20.643, 20.107, 19.764, 19.424, 19.209, 19.015, 18.481, 18.153, 17.992, 17.611, 17.206, 16.996, 16.219, 15.179, 15.116, 15.112, 14.221, 12.219, 10.143, 9.111, 6.862, 3.844, 3.447, 2.149, 0.0, 1.449, 2.655, 4.062, 5.437, 6.067, 6.932, 9.401, 10.213, 10.294, 10.654, 12.355, 13.781, 13.767, 14.077, 13.828, 14.753, 15.818, 17.471, 18.165, 18.818, 19.387, 19.475, 19.988, 20.418, 20.569, 21.424, 21.665, 21.657, 22.106, 22.871, 23.32, 23.611, 23.636, 23.566, 23.171, 23.098, 23.258, 22.939, 22.764, 22.506, 22.374, 22.554, 22.516, 22.428, 22.081, 21.942, 21.937, 21.925, 21.942, 21.886, 21.787, 21.738], [22.535, 22.673, 22.691, 22.653, 22.497, 22.136, 21.934, 21.867, 21.552, 21.029, 20.517, 20.179, 19.815, 19.589, 19.389, 18.801, 18.431, 18.261, 17.896, 17.521, 17.335, 16.531, 15.459, 15.433, 15.485, 14.612, 12.631, 10.641, 9.659, 7.481, 4.485, 3.967, 3.062, 1.449, 0.0, 1.847, 3.618, 5.164, 5.956, 6.917, 9.304, 10.01, 10.087, 10.44, 12.134, 13.58, 13.607, 13.926, 13.678, 14.726, 15.833, 17.5, 18.25, 18.994, 19.582, 19.683, 20.205, 20.616, 20.739, 21.556, 21.77, 21.785, 22.254, 23.023, 23.482, 23.772, 23.763, 23.7, 23.344, 23.28, 23.443, 23.119, 22.939, 22.699, 22.627, 22.831, 22.781, 22.691, 22.369, 22.25, 22.255, 22.24, 22.262, 22.213, 22.11, 22.048], [22.576, 22.734, 22.762, 22.705, 22.544, 22.176, 21.971, 21.911, 21.612, 21.096, 20.616, 20.319, 19.961, 19.734, 19.538, 18.92, 18.508, 18.336, 18.01, 17.626, 17.444, 16.63, 15.526, 15.517, 15.548, 14.641, 12.66, 10.727, 9.804, 7.698, 4.832, 4.286, 3.609, 2.655, 1.847, 0.0, 2.349, 4.358, 5.326, 6.48, 9.16, 9.872, 9.896, 10.268, 12.031, 13.481, 13.523, 13.839, 13.632, 14.767, 15.897, 17.627, 18.371, 19.116, 19.702, 19.796, 20.306, 20.71, 20.837, 21.626, 21.821, 21.874, 22.326, 23.079, 23.545, 23.825, 23.816, 23.784, 23.444, 23.397, 23.562, 23.238, 23.055, 22.807, 22.713, 22.906, 22.848, 22.752, 22.426, 22.308, 22.322, 22.306, 22.332, 22.278, 22.18, 22.108], [23.002, 23.178, 23.285, 23.285, 23.123, 22.753, 22.55, 22.489, 22.19, 21.679, 21.203, 20.908, 20.549, 20.337, 20.127, 19.462, 18.975, 18.787, 18.507, 18.071, 17.863, 16.992, 15.804, 15.838, 15.876, 14.954, 12.963, 10.949, 9.961, 7.997, 5.499, 4.979, 4.602, 4.062, 3.618, 2.349, 0.0, 2.543, 4.077, 5.914, 9.053, 9.812, 9.844, 10.178, 11.954, 13.381, 13.391, 13.67, 13.507, 14.695, 15.893, 17.672, 18.411, 19.224, 19.828, 19.911, 20.402, 20.772, 20.909, 21.711, 21.937, 22.05, 22.498, 23.21, 23.669, 23.956, 23.97, 24.006, 23.687, 23.634, 23.797, 23.483, 23.318, 23.085, 23.001, 23.204, 23.152, 23.077, 22.774, 22.664, 22.676, 22.656, 22.649, 22.586, 22.488, 22.388], [23.222, 23.407, 23.578, 23.663, 23.517, 23.132, 22.925, 22.861, 22.557, 22.051, 21.577, 21.271, 20.923, 20.732, 20.498, 19.769, 19.213, 19.021, 18.754, 18.283, 18.047, 17.15, 15.985, 16.051, 16.065, 15.127, 13.153, 11.114, 10.094, 8.293, 6.171, 5.729, 5.608, 5.437, 5.164, 4.358, 2.543, 0.0, 2.404, 5.341, 9.011, 9.87, 9.91, 10.26, 12.03, 13.412, 13.403, 13.683, 13.56, 14.771, 16.031, 17.81, 18.508, 19.282, 19.873, 19.945, 20.381, 20.711, 20.869, 21.718, 21.983, 22.111, 22.548, 23.226, 23.675, 23.957, 23.984, 24.04, 23.711, 23.646, 23.799, 23.513, 23.382, 23.161, 23.06, 23.268, 23.246, 23.206, 22.923, 22.814, 22.821, 22.8, 22.771, 22.706, 22.61, 22.516], [22.4, 22.597, 22.78, 22.904, 22.78, 22.369, 22.131, 22.059, 21.742, 21.238, 20.777, 20.485, 20.165, 19.994, 19.749, 18.987, 18.394, 18.203, 17.935, 17.532, 17.333, 16.488, 15.511, 15.569, 15.439, 14.387, 12.399, 10.408, 9.509, 7.901, 6.189, 5.892, 5.87, 6.067, 5.956, 5.326, 4.077, 2.404, 0.0, 3.874, 8.289, 9.417, 9.512, 10.021, 11.954, 13.339, 13.372, 13.693, 13.616, 14.745, 16.035, 17.779, 18.398, 18.863, 19.3, 19.341, 19.717, 20.053, 20.26, 21.149, 21.412, 21.517, 21.903, 22.559, 22.988, 23.25, 23.29, 23.352, 23.009, 22.937, 23.086, 22.826, 22.731, 22.501, 22.341, 22.528, 22.51, 22.486, 22.176, 22.09, 22.102, 22.091, 22.065, 21.986, 21.932, 21.92], [21.159, 21.341, 21.545, 21.745, 21.652, 21.283, 21.078, 20.994, 20.702, 20.197, 19.717, 19.43, 19.068, 18.897, 18.643, 17.779, 17.13, 16.908, 16.744, 16.708, 16.631, 15.822, 15.09, 15.203, 14.871, 13.516, 11.554, 9.906, 9.293, 8.021, 6.687, 6.324, 6.381, 6.932, 6.917, 6.48, 5.914, 5.341, 3.874, 0.0, 5.274, 6.912, 7.148, 8.146, 10.629, 12.178, 12.327, 12.71, 12.751, 13.955, 15.323, 17.117, 17.767, 17.931, 18.186, 18.234, 18.6, 18.941, 19.197, 20.187, 20.357, 20.431, 20.768, 21.408, 21.836, 22.074, 22.122, 22.225, 21.96, 21.888, 22.062, 21.803, 21.712, 21.541, 21.525, 21.74, 21.655, 21.613, 21.338, 21.379, 21.412, 21.442, 21.445, 21.329, 21.35, 21.469], [21.045, 21.15, 21.433, 21.822, 21.796, 21.528, 21.455, 21.39, 21.137, 20.679, 20.2, 19.836, 19.342, 19.183, 18.959, 18.065, 17.411, 17.089, 16.986, 17.361, 17.394, 16.522, 15.846, 16.064, 15.84, 14.463, 12.652, 11.502, 11.162, 10.177, 9.12, 8.684, 8.862, 9.401, 9.304, 9.16, 9.053, 9.011, 8.289, 5.274, 0.0, 2.429, 3.314, 5.227, 8.28, 9.997, 10.291, 10.653, 10.792, 12.19, 13.693, 15.585, 16.521, 16.842, 17.064, 17.195, 17.634, 17.912, 18.112, 19.172, 19.242, 19.386, 19.724, 20.373, 20.876, 21.149, 21.19, 21.328, 21.222, 21.138, 21.354, 21.086, 20.981, 21.005, 21.553, 21.951, 21.755, 21.698, 21.607, 21.881, 21.938, 21.997, 22.008, 21.873, 21.946, 22.232], [21.721, 21.795, 22.097, 22.519, 22.527, 22.311, 22.281, 22.239, 22.002, 21.56, 21.114, 20.745, 20.197, 20.026, 19.824, 18.931, 18.283, 17.951, 17.846, 18.258, 18.313, 17.398, 16.66, 16.926, 16.792, 15.446, 13.652, 12.614, 12.311, 11.31, 10.092, 9.547, 9.79, 10.213, 10.01, 9.872, 9.812, 9.87, 9.417, 6.912, 2.429, 0.0, 2.232, 4.628, 7.804, 9.614, 9.916, 10.216, 10.414, 12.02, 13.606, 15.54, 16.593, 17.144, 17.401, 17.57, 18.052, 18.279, 18.403, 19.433, 19.494, 19.673, 19.999, 20.667, 21.195, 21.487, 21.505, 21.65, 21.6, 21.517, 21.744, 21.463, 21.34, 21.432, 22.181, 22.657, 22.428, 22.36, 22.326, 22.64, 22.71, 22.755, 22.768, 22.643, 22.7, 23.003], [21.858, 21.939, 22.22, 22.618, 22.616, 22.393, 22.359, 22.329, 22.142, 21.737, 21.291, 20.93, 20.406, 20.232, 20.03, 19.161, 18.496, 18.154, 18.062, 18.431, 18.458, 17.565, 16.826, 17.069, 16.925, 15.563, 13.759, 12.748, 12.452, 11.432, 10.15, 9.588, 9.84, 10.294, 10.087, 9.896, 9.844, 9.91, 9.512, 7.148, 3.314, 2.232, 0.0, 3.369, 7.128, 9.004, 9.312, 9.643, 9.877, 11.655, 13.346, 15.376, 16.484, 17.044, 17.318, 17.493, 17.984, 18.215, 18.356, 19.405, 19.472, 19.699, 20.047, 20.692, 21.234, 21.527, 21.554, 21.718, 21.688, 21.614, 21.83, 21.551, 21.416, 21.495, 22.218, 22.679, 22.478, 22.408, 22.365, 22.673, 22.743, 22.788, 22.807, 22.678, 22.73, 23.043], [22.116, 22.177, 22.452, 22.85, 22.887, 22.704, 22.689, 22.666, 22.505, 22.248, 21.927, 21.58, 21.096, 20.943, 20.734, 19.874, 19.211, 18.888, 18.761, 19.026, 19.064, 18.229, 17.472, 17.677, 17.647, 16.478, 14.723, 13.644, 13.153, 11.979, 10.66, 10.108, 10.305, 10.654, 10.44, 10.268, 10.178, 10.26, 10.021, 8.146, 5.227, 4.628, 3.369, 0.0, 4.705, 7.164, 7.508, 7.952, 8.251, 10.549, 12.502, 14.701, 15.946, 16.801, 17.191, 17.371, 17.931, 18.172, 18.267, 19.312, 19.402, 19.575, 19.917, 20.618, 21.209, 21.508, 21.516, 21.699, 21.675, 21.592, 21.811, 21.512, 21.348, 21.417, 22.147, 22.643, 22.483, 22.427, 22.375, 22.687, 22.776, 22.791, 22.789, 22.681, 22.701, 22.978], [22.685, 22.74, 23.02, 23.43, 23.514, 23.36, 23.355, 23.341, 23.185, 23.068, 22.925, 22.619, 22.148, 22.025, 21.816, 20.957, 20.279, 19.927, 19.76, 20.005, 20.035, 19.252, 18.472, 18.639, 18.779, 17.932, 16.36, 15.239, 14.596, 13.431, 12.335, 11.894, 12.101, 12.355, 12.134, 12.031, 11.954, 12.03, 11.954, 10.629, 8.28, 7.804, 7.128, 4.705, 0.0, 3.332, 4.049, 4.739, 5.11, 8.449, 10.981, 13.457, 14.917, 16.205, 16.843, 17.052, 17.633, 17.864, 17.861, 18.735, 18.824, 19.026, 19.466, 20.229, 20.864, 21.183, 21.132, 21.233, 21.182, 21.107, 21.346, 21.029, 20.846, 20.959, 21.854, 22.473, 22.337, 22.289, 22.346, 22.771, 22.885, 22.892, 22.867, 22.814, 22.797, 23.039], [23.152, 23.229, 23.519, 23.921, 24.003, 23.817, 23.795, 23.786, 23.639, 23.548, 23.464, 23.209, 22.751, 22.64, 22.426, 21.548, 20.808, 20.405, 20.259, 20.536, 20.528, 19.73, 18.953, 19.124, 19.302, 18.556, 17.118, 16.015, 15.388, 14.424, 13.601, 13.251, 13.499, 13.781, 13.58, 13.481, 13.381, 13.412, 13.339, 12.178, 9.997, 9.614, 9.004, 7.164, 3.332, 0.0, 2.136, 3.168, 3.793, 7.859, 10.745, 13.212, 14.677, 16.014, 16.734, 16.972, 17.489, 17.635, 17.606, 18.355, 18.411, 18.73, 19.273, 19.999, 20.621, 20.942, 20.863, 20.916, 20.893, 20.845, 21.08, 20.803, 20.656, 20.824, 21.815, 22.472, 22.34, 22.307, 22.47, 23.042, 23.165, 23.195, 23.17, 23.122, 23.117, 23.37], [23.325, 23.413, 23.69, 24.071, 24.137, 23.931, 23.9, 23.891, 23.739, 23.641, 23.533, 23.259, 22.834, 22.751, 22.546, 21.717, 21.001, 20.611, 20.411, 20.595, 20.558, 19.758, 18.956, 19.073, 19.265, 18.575, 17.127, 15.979, 15.316, 14.349, 13.605, 13.308, 13.503, 13.767, 13.607, 13.523, 13.391, 13.403, 13.372, 12.327, 10.291, 9.916, 9.312, 7.508, 4.049, 2.136, 0.0, 1.612, 2.797, 7.393, 10.485, 12.98, 14.411, 15.812, 16.572, 16.807, 17.346, 17.527, 17.526, 18.294, 18.376, 18.703, 19.28, 20.027, 20.653, 20.983, 20.925, 20.979, 20.933, 20.888, 21.131, 20.858, 20.712, 20.889, 21.866, 22.519, 22.387, 22.352, 22.512, 23.082, 23.209, 23.235, 23.205, 23.16, 23.163, 23.422], [23.5, 23.592, 23.893, 24.282, 24.345, 24.145, 24.119, 24.109, 23.959, 23.857, 23.747, 23.46, 23.026, 22.957, 22.756, 21.945, 21.252, 20.864, 20.656, 20.831, 20.786, 19.984, 19.155, 19.276, 19.501, 18.838, 17.406, 16.267, 15.614, 14.668, 13.925, 13.624, 13.826, 14.077, 13.926, 13.839, 13.67, 13.683, 13.693, 12.71, 10.653, 10.216, 9.643, 7.952, 4.739, 3.168, 1.612, 0.0, 2.465, 7.202, 10.33, 12.797, 14.21, 15.695, 16.475, 16.718, 17.282, 17.444, 17.411, 18.176, 18.276, 18.664, 19.251, 19.983, 20.604, 20.948, 20.901, 20.988, 20.961, 20.901, 21.154, 20.88, 20.733, 20.936, 21.986, 22.669, 22.528, 22.499, 22.684, 23.259, 23.385, 23.42, 23.381, 23.33, 23.333, 23.588], [23.239, 23.325, 23.598, 23.978, 24.022, 23.802, 23.779, 23.776, 23.623, 23.512, 23.378, 23.066, 22.643, 22.569, 22.398, 21.687, 21.053, 20.643, 20.363, 20.478, 20.42, 19.654, 18.792, 18.839, 19.09, 18.535, 17.185, 16.044, 15.376, 14.385, 13.68, 13.498, 13.647, 13.828, 13.678, 13.632, 13.507, 13.56, 13.616, 12.751, 10.792, 10.414, 9.877, 8.251, 5.11, 3.793, 2.797, 2.465, 0.0, 5.291, 8.656, 11.285, 12.827, 14.525, 15.47, 15.755, 16.387, 16.596, 16.595, 17.354, 17.448, 17.9, 18.689, 19.489, 20.176, 20.576, 20.507, 20.516, 20.408, 20.376, 20.626, 20.324, 20.196, 20.377, 21.458, 22.172, 22.051, 22.023, 22.23, 22.808, 22.909, 22.964, 22.943, 22.917, 22.908, 23.195], [22.62, 22.703, 22.952, 23.378, 23.369, 23.076, 23.03, 23.022, 22.846, 22.696, 22.479, 22.068, 21.714, 21.693, 21.578, 21.259, 20.895, 20.446, 20.015, 20.025, 19.91, 19.341, 18.586, 18.472, 18.743, 18.422, 17.286, 16.204, 15.584, 14.723, 14.453, 14.561, 14.589, 14.753, 14.726, 14.767, 14.695, 14.771, 14.745, 13.955, 12.19, 12.02, 11.655, 10.549, 8.449, 7.859, 7.393, 7.202, 5.291, 0.0, 4.198, 7.499, 9.389, 11.376, 12.621, 13.008, 13.752, 14.068, 14.175, 15.049, 15.278, 15.939, 17.19, 18.064, 18.82, 19.368, 19.359, 19.207, 18.879, 18.896, 19.128, 18.77, 18.728, 18.889, 20.098, 20.897, 20.833, 20.829, 21.105, 21.689, 21.698, 21.831, 21.82, 21.849, 21.85, 22.239], [22.693, 22.754, 22.969, 23.383, 23.323, 23.0, 22.949, 22.94, 22.769, 22.606, 22.334, 21.863, 21.557, 21.563, 21.48, 21.479, 21.408, 21.01, 20.534, 20.49, 20.377, 19.957, 19.26, 19.099, 19.39, 19.195, 18.196, 17.138, 16.508, 15.69, 15.551, 15.742, 15.683, 15.818, 15.833, 15.897, 15.893, 16.031, 16.035, 15.323, 13.693, 13.606, 13.346, 12.502, 10.981, 10.745, 10.485, 10.33, 8.656, 4.198, 0.0, 4.522, 7.075, 9.641, 11.252, 11.706, 12.599, 13.031, 13.121, 14.036, 14.428, 15.257, 16.747, 17.693, 18.535, 19.157, 19.248, 19.022, 18.55, 18.587, 18.775, 18.35, 18.328, 18.462, 19.72, 20.562, 20.554, 20.558, 20.822, 21.345, 21.293, 21.44, 21.435, 21.472, 21.509, 21.919], [22.966, 22.995, 23.199, 23.642, 23.574, 23.239, 23.189, 23.188, 23.028, 22.899, 22.639, 22.14, 21.884, 21.926, 21.866, 22.014, 22.07, 21.71, 21.205, 21.163, 21.074, 20.773, 20.195, 20.003, 20.311, 20.237, 19.393, 18.425, 17.844, 17.15, 17.156, 17.406, 17.344, 17.471, 17.5, 17.627, 17.672, 17.81, 17.779, 17.117, 15.585, 15.54, 15.376, 14.701, 13.457, 13.212, 12.98, 12.797, 11.285, 7.499, 4.522, 0.0, 3.562, 7.23, 9.231, 9.811, 10.909, 11.401, 11.436, 12.266, 12.786, 13.801, 15.694, 16.762, 17.723, 18.45, 18.582, 18.278, 17.755, 17.829, 17.974, 17.491, 17.511, 17.745, 19.316, 20.29, 20.272, 20.273, 20.634, 21.269, 21.196, 21.385, 21.416, 21.457, 21.563, 22.16], [22.736, 22.784, 22.968, 23.373, 23.279, 22.905, 22.826, 22.821, 22.639, 22.492, 22.216, 21.724, 21.56, 21.64, 21.578, 21.799, 21.909, 21.584, 21.086, 21.025, 20.933, 20.754, 20.298, 20.034, 20.27, 20.243, 19.524, 18.64, 18.123, 17.568, 17.774, 18.1, 18.009, 18.165, 18.25, 18.371, 18.411, 18.508, 18.398, 17.767, 16.521, 16.593, 16.484, 15.946, 14.917, 14.677, 14.411, 14.21, 12.827, 9.389, 7.075, 3.562, 0.0, 4.846, 7.356, 8.064, 9.314, 9.876, 9.949, 10.729, 11.305, 12.433, 14.572, 15.716, 16.72, 17.495, 17.66, 17.326, 16.744, 16.852, 16.981, 16.503, 16.593, 16.842, 18.423, 19.462, 19.466, 19.486, 19.865, 20.566, 20.482, 20.721, 20.782, 20.829, 20.968, 21.674], [21.547, 21.647, 21.794, 22.184, 22.068, 21.612, 21.456, 21.428, 21.231, 21.065, 20.777, 20.304, 20.263, 20.407, 20.332, 20.628, 20.768, 20.434, 19.93, 20.002, 19.951, 19.955, 19.806, 19.457, 19.481, 19.393, 18.843, 18.195, 17.873, 17.584, 18.139, 18.572, 18.486, 18.818, 18.994, 19.116, 19.224, 19.282, 18.863, 17.931, 16.842, 17.144, 17.044, 16.801, 16.205, 16.014, 15.812, 15.695, 14.525, 11.376, 9.641, 7.23, 4.846, 0.0, 3.297, 4.434, 5.752, 6.547, 6.98, 8.228, 8.901, 10.292, 12.666, 13.727, 14.731, 15.537, 15.802, 15.346, 14.693, 14.83, 14.912, 14.529, 14.802, 15.094, 16.656, 17.689, 17.729, 17.784, 18.177, 19.018, 18.908, 19.237, 19.345, 19.377, 19.637, 20.597], [21.111, 21.221, 21.395, 21.854, 21.781, 21.309, 21.11, 21.062, 20.871, 20.724, 20.471, 20.02, 19.996, 20.166, 20.094, 20.389, 20.517, 20.177, 19.673, 19.838, 19.855, 19.918, 19.908, 19.581, 19.538, 19.368, 18.834, 18.321, 18.119, 17.945, 18.613, 19.055, 18.988, 19.387, 19.582, 19.702, 19.828, 19.873, 19.3, 18.186, 17.064, 17.401, 17.318, 17.191, 16.843, 16.734, 16.572, 16.475, 15.47, 12.621, 11.252, 9.231, 7.356, 3.297, 0.0, 1.837, 3.745, 4.923, 5.552, 7.14, 7.909, 9.523, 11.83, 12.778, 13.757, 14.592, 14.916, 14.54, 13.99, 14.102, 14.183, 13.887, 14.279, 14.681, 16.346, 17.368, 17.361, 17.417, 17.82, 18.747, 18.649, 18.998, 19.11, 19.121, 19.451, 20.55], [21.067, 21.186, 21.361, 21.819, 21.743, 21.257, 21.04, 20.985, 20.788, 20.63, 20.367, 19.912, 19.908, 20.093, 20.025, 20.348, 20.5, 20.181, 19.67, 19.812, 19.836, 19.932, 19.952, 19.615, 19.559, 19.395, 18.864, 18.338, 18.118, 17.963, 18.685, 19.142, 19.062, 19.475, 19.683, 19.796, 19.911, 19.945, 19.341, 18.234, 17.195, 17.57, 17.493, 17.371, 17.052, 16.972, 16.807, 16.718, 15.755, 13.008, 11.706, 9.811, 8.064, 4.434, 1.837, 0.0, 2.785, 4.465, 5.178, 6.797, 7.658, 9.432, 11.73, 12.65, 13.641, 14.486, 14.848, 14.509, 13.942, 14.027, 14.108, 13.818, 14.226, 14.616, 16.233, 17.233, 17.223, 17.274, 17.656, 18.575, 18.472, 18.811, 18.902, 18.9, 19.238, 20.34], [21.215, 21.356, 21.525, 21.985, 21.907, 21.392, 21.144, 21.086, 20.899, 20.725, 20.457, 20.006, 20.013, 20.211, 20.123, 20.425, 20.566, 20.24, 19.742, 19.905, 19.915, 20.039, 20.138, 19.803, 19.716, 19.584, 19.114, 18.59, 18.369, 18.3, 19.109, 19.577, 19.527, 19.988, 20.205, 20.306, 20.402, 20.381, 19.717, 18.6, 17.634, 18.052, 17.984, 17.931, 17.633, 17.489, 17.346, 17.282, 16.387, 13.752, 12.599, 10.909, 9.314, 5.752, 3.745, 2.785, 0.0, 2.463, 4.031, 5.943, 6.949, 9.251, 11.731, 12.57, 13.532, 14.377, 14.777, 14.342, 13.694, 13.811, 13.866, 13.608, 14.084, 14.508, 16.139, 17.123, 17.127, 17.244, 17.662, 18.616, 18.5, 18.843, 18.879, 18.858, 19.223, 20.361], [21.645, 21.794, 21.987, 22.452, 22.372, 21.864, 21.621, 21.563, 21.381, 21.203, 20.96, 20.525, 20.496, 20.68, 20.573, 20.802, 20.887, 20.533, 20.077, 20.282, 20.278, 20.35, 20.421, 20.145, 20.076, 19.926, 19.476, 18.971, 18.763, 18.735, 19.518, 19.95, 19.946, 20.418, 20.616, 20.71, 20.772, 20.711, 20.053, 18.941, 17.912, 18.279, 18.215, 18.172, 17.864, 17.635, 17.527, 17.444, 16.596, 14.068, 13.031, 11.401, 9.876, 6.547, 4.923, 4.465, 2.463, 0.0, 2.748, 5.351, 6.492, 9.22, 11.863, 12.681, 13.637, 14.495, 14.9, 14.466, 13.853, 13.986, 14.014, 13.788, 14.304, 14.78, 16.518, 17.517, 17.517, 17.703, 18.165, 19.157, 19.04, 19.393, 19.398, 19.354, 19.727, 20.853], [21.844, 21.987, 22.212, 22.678, 22.605, 22.126, 21.905, 21.85, 21.663, 21.518, 21.31, 20.886, 20.834, 21.004, 20.887, 21.084, 21.15, 20.791, 20.363, 20.59, 20.583, 20.604, 20.609, 20.383, 20.439, 20.327, 19.828, 19.335, 19.135, 19.063, 19.744, 20.129, 20.13, 20.569, 20.739, 20.837, 20.909, 20.869, 20.26, 19.197, 18.112, 18.403, 18.356, 18.267, 17.861, 17.606, 17.526, 17.411, 16.595, 14.175, 13.121, 11.436, 9.949, 6.98, 5.552, 5.178, 4.031, 2.748, 0.0, 3.686, 5.578, 8.518, 11.318, 12.243, 13.303, 14.225, 14.642, 14.194, 13.597, 13.684, 13.683, 13.437, 13.969, 14.497, 16.403, 17.501, 17.495, 17.689, 18.168, 19.172, 19.063, 19.411, 19.423, 19.387, 19.739, 20.852], [22.23, 22.35, 22.578, 23.023, 22.976, 22.516, 22.307, 22.267, 22.104, 22.018, 21.867, 21.464, 21.406, 21.578, 21.465, 21.656, 21.703, 21.339, 20.918, 21.151, 21.164, 21.19, 21.194, 20.953, 21.066, 21.072, 20.631, 20.16, 19.994, 19.954, 20.645, 21.026, 21.028, 21.424, 21.556, 21.626, 21.711, 21.718, 21.149, 20.187, 19.172, 19.433, 19.405, 19.312, 18.735, 18.355, 18.294, 18.176, 17.354, 15.049, 14.036, 12.266, 10.729, 8.228, 7.14, 6.797, 5.943, 5.351, 3.686, 0.0, 3.459, 7.517, 10.69, 11.587, 12.709, 13.676, 14.04, 13.524, 12.97, 13.116, 13.092, 12.85, 13.42, 13.993, 16.067, 17.301, 17.265, 17.448, 18.066, 19.207, 19.131, 19.482, 19.5, 19.48, 19.804, 20.908], [21.809, 21.91, 22.115, 22.547, 22.51, 2