0	0.211491987971123	0.211910481228181	0.297537449613482	0.310528130367768	0.311556924638048	0.485158479499072	0.408352024995017	0.296429040286117	0.229162748607258	0.228921192050652	0.221839276159722	0.373728965301587	0.21879928188977	0.376469064508494	0.435462589734524	0.337659885334743	0.362359583932124	0.464220394418771	0.264634332195189	0.321449743178462	0.357321320355214	0.138491332271095	0.308581637502985	0.374607463313178	0.940925730569365	0.203620150212613	0.80867721775995	0.0647047158327709	0.161882635984019	0.35374866855648	0.408929405846146	0.27249266340319	0.501438039052685	0.628562170843371	0.197562637469676	0.0924969998175762	0.482012027737904	0.150041178835795	0.119696412286493	0.114844308236582	0.226998498749686	0.378010949078073	0.0488069161486152	0.129266196947361	0.0482268843822453	0.0957290615873643	0.0474837867946234	0.0475169818223674	0.146811498949471	0.193297286811133	0.108174652917414	0.235797697216432	0.152496984676363	0.285780867676846	0.228158107519299	0.139790313759699	0.134044969018491	0.135585960528915	0.252208280735961	0.242485120515046	0.382820820265163	0.524322882727735	0.440114302828615	1.20362978452519	0.233449682646016	0.174504582160759	0.22066730251934	0.327749198556898	0.11278697168722	0.302907441706464	0.472556451186964	0.596380789766358	0.283639272024459	0.481898532071567	0.61874197018884	0.389963284834585	0.372870328297773	0.509091433991061	0.157206691624677	0.395915513511187	0.264741237746516	0.416341245808079	0.356627958116536	0.261355421566036	0.673727970283986	0.241245934823984	0.0837442498678128	0.117010772084649	0.309793221384101	0.223273588467552	0.24297550763329	0.76700759203906	0.119284747768423	0.0560570732326791	0.171687630734508	0.117155483835386	0.189191603185336	0.140150027865644	0.440535804883477	0.200500552790468	0.169100299592668	0.141537808489913	0.135996342316187	0.11428558346726	0.128356154974471	0.05136403669625	0.135897450633901	0.109878258773414	0.195763561604436	0.12846553077461	0.431704097962039	0.301221198621603
0.211491987971123	0	0.00437568743265659	0.024009125744063	0.021168391138495	0.105546762139632	0.22429459753111	0.194374260233587	0.182257443508054	0.044741988909744	0.066770070360746	0.0995303473666561	0.0651895190910727	0.078338005913114	0.0642999382343075	0.0856116916529785	0.142407137084053	0.0978092078607579	0.154324416778434	0.134095427643927	0.0917123840616373	0.101847083987106	0.097302190118475	0.0770542804395625	0.203225266167539	0.471567031476735	0.07246200031477	0.838013026110769	0.164810327659479	0.135082292614103	0.0893853754867227	0.422824922104845	0.0684407811961925	0.132950807492079	1.11466062493063	0.365629852664992	0.259824696333771	0.312706451042942	0.08580847295355	0.0852108003397749	0.219420534985424	0.0996862492348496	0.191063965584306	0.27494372073979	0.107068415070911	0.232414736890969	0.0927721297829363	0.256702965829332	0.225215988974563	0.118405035867764	0.192065487975852	0.209463667621774	0.136755355913171	0.319298843663275	0.495522727066987	0.122611022408213	0.030612225739394	0.0138806736516203	0.0162022050464321	0.0224486143061132	0.0160419967888412	0.108947793221187	0.238005135799391	0.168130507983368	1.03951244004939	0.0409070166778682	0.0319224597619685	0.0650760119573344	0.0595578011910232	0.162411175681404	0.0497888546467969	0.10903999255386	0.185476008817365	0.0929972778834786	0.152201505093982	0.214828476814967	0.147986340741199	0.120439840470999	0.211293714364127	0.0855173056651954	0.24913953871013	0.133171098905866	0.16877495405006	0.227208696336712	0.263762131168656	0.92731884059485	0.291530312947557	0.349285142599175	0.083384984035394	0.166058095161699	0.435308251434354	0.0835113892174262	1.35998399450575	0.420706111611704	0.218679165422073	0.162790740502883	0.106534722498666	0.362567665363339	0.18984108388747	0.229741245894799	0.635334350917863	0.582369353750245	0.169059291173046	0.481677918933513	0.185611656990028	0.480930681928415	0.255246084109162	0.151435856586897	0.416856575226928	0.12961440216782	0.268941674958258	0.742157291735061	0.112241535747094
0.211910481228181	0.00437568743265659	0	0.0176145017799809	0.0179082083447524	0.110282019337548	0.232877956800864	0.201379251538389	0.213211251944616	0.0486463945897682	0.0605914901757426	0.0904939365298596	0.0514623916856829	0.073961961727062	0.0557605203506826	0.0754064566817755	0.139357600381435	0.095749424940445	0.15531243931844	0.133501081866361	0.0941445586656631	0.09713018174627	0.100638000534977	0.0733436742976097	0.181606916608938	0.462510401218233	0.0679189386723467	0.85771805055405	0.154264267191629	0.117905153083772	0.0796896162636078	0.3848266644937	0.0677830339066966	0.131960354818644	1.0906203909928	0.379412222526031	0.255614780157902	0.289565388776837	0.0780218971268698	0.0765829568133995	0.205701289222773	0.0823628999828311	0.177181475536177	0.272354954012004	0.0944702077064183	0.227840034231796	0.0920639459338182	0.260079044702119	0.231492861044222	0.120552301200983	0.192674449783429	0.208859803647035	0.118731537516532	0.30067994099055	0.487798070559076	0.125087998823498	0.0241630870734968	0.0135988015991302	0.0155694095745125	0.0205915129434047	0.0104322447924913	0.106082933058727	0.244266054199595	0.17262721728112	1.07647645457443	0.0366313729300252	0.0255690612757076	0.0552615677285524	0.0442404302208859	0.153364506368586	0.0417749805939456	0.0977320916278194	0.182294278429736	0.0894867562541755	0.14977005760709	0.22329876537534	0.164127172156073	0.108934248693102	0.21161214115438	0.0793179381798705	0.256909722498279	0.128570093275521	0.17215162599562	0.221052851511767	0.264006395492901	0.861397078450516	0.313172538548144	0.346516865831184	0.0879893523472717	0.157449564357299	0.405219273500862	0.0760285800892452	1.34993980307699	0.412642626275558	0.220397325536829	0.160121049383564	0.109231473200249	0.357318397871726	0.172555623436213	0.217144330609133	0.651118663557252	0.582242621859246	0.163503768212841	0.47848999538665	0.186627801485456	0.486281558661105	0.253030562445348	0.158755193916834	0.42626414150229	0.1154866436924	0.255278485304448	0.761212809927919	0.116345443075623
0.297537449613482	0.024009125744063	0.0176145017799809	0	0.00806201451885125	0.153123428784479	0.267317261093939	0.248934686237467	0.276758364019928	0.0808647461164762	0.0937842083063216	0.129429533075872	0.0309155258831035	0.0800821462464323	0.0464891513425973	0.0653606498195162	0.172958794487098	0.108131553095886	0.166859728225218	0.172822528715958	0.119787923199339	0.117659058188844	0.155423282880714	0.0881731300430744	0.181412859230752	0.416010125360995	0.0954111578953079	0.80626344079178	0.226234719617931	0.123286935674842	0.0678207766779568	0.33029740878664	0.0896867701985673	0.129385939099273	1.19548310919678	0.508336035745123	0.321529193368726	0.278794719261559	0.115390180864984	0.118516273708141	0.251356238727928	0.0844435184199992	0.167243427645556	0.351822042021961	0.128443257080829	0.307656129088845	0.156625387600084	0.348778871094247	0.325903679895522	0.189107087534961	0.260081960400162	0.288622360667858	0.121396601188259	0.363948518597375	0.511584272653005	0.172778230018052	0.0462215821109139	0.0484262700288297	0.0532685758453254	0.0130396344279622	0.0116977184325174	0.12244055312033	0.272495469687166	0.20060476692496	1.06597443495694	0.0445458973525832	0.0461942193154115	0.0816320472602958	0.0271479351380635	0.212130747314342	0.0474183145892854	0.0854895146496407	0.165434210171117	0.116413263370061	0.158493983770364	0.225757455065106	0.182332704337421	0.115589292493397	0.231027117740739	0.10496279837984	0.293442102025087	0.165119708469273	0.200573871625854	0.253897935032559	0.321355486054703	0.841588668266776	0.350313188395642	0.45076846062349	0.124929533057009	0.172151746506976	0.438845747397309	0.0873984407347148	1.39849457407548	0.520041678808023	0.30936099504072	0.217085898763545	0.174352223778518	0.43874559593989	0.201769004003137	0.22511451814607	0.796317976390625	0.689770718657641	0.223833778526314	0.581270832717487	0.268216298759865	0.595864531328439	0.33185160822328	0.237072272159382	0.538906490288991	0.131888581352262	0.298403350355482	0.799051084722021	0.144939770030703
0.310528130367768	0.021168391138495	0.0179082083447524	0.00806201451885125	0	0.167537724008029	0.277577683173808	0.260092053359127	0.282277493940966	0.096345820630187	0.0996940141288656	0.142112972567346	0.0527348910673058	0.0867731945182462	0.0653565895226349	0.0782846538032435	0.200297640667039	0.12762461830167	0.187147114380842	0.199960745295477	0.135282348499377	0.133686222861078	0.176178476157021	0.108696443158905	0.233741070980183	0.448341253881241	0.126253964739637	0.794622302084927	0.252808466810276	0.155648483919812	0.105139493838142	0.3852141983215	0.106999718743446	0.14287072306801	1.24200306638129	0.501870122746148	0.349199593304835	0.341053970381661	0.140756756214123	0.142162122758541	0.292487642062583	0.125354636211155	0.215714962475434	0.364839275690132	0.15861591682566	0.328357355894548	0.164314199121969	0.366735861255665	0.333971337019584	0.204353962217356	0.287714747173363	0.312439343617136	0.14917031695377	0.394262937527114	0.511662297157663	0.19239329139553	0.0676284629661539	0.0543457560486107	0.0590312825023569	0.0140835985518197	0.00948687123714542	0.142276841932779	0.283037204088859	0.213855278517203	1.05331035870493	0.0701345527902377	0.0577746803116761	0.0927692553891184	0.0510213732112195	0.248221872891832	0.0667721624125674	0.0966421272687232	0.174184426550045	0.140672824772273	0.171443961458435	0.228237977960667	0.198604129198098	0.142809659738849	0.250183885634756	0.122281136180023	0.326526576783439	0.196097089374421	0.220656723410124	0.292297295487291	0.357435430564017	0.912679127749244	0.331039789137735	0.467549230078381	0.128258169291843	0.222670305279341	0.478365220097844	0.11855692176225	1.43564027018626	0.543062158345098	0.331582749630443	0.253446271643104	0.195160332328175	0.477574042747608	0.242848314038724	0.273024679808471	0.793542604961641	0.705546912625478	0.255382871198718	0.606192412363013	0.285173436121334	0.62072166474263	0.347672935756671	0.253766225668059	0.561481885687253	0.143903645359196	0.317058229735111	0.788730658260083	0.166600952628416
0.311556924638048	0.105546762139632	0.110282019337548	0.153123428784479	0.167537724008029	0	0.0373388326018731	0.0230833040544092	0.0923975661355868	0.0253154800095938	0.0973303557655092	0.10421848284768	0.133948454857574	0.223506960532944	0.0655410545591886	0.0824751558068573	0.0155970274791222	0.0240432572575385	0.0257959908013203	0.0317520272719178	0.0168387942718112	0.0172386583680342	0.0840234811192029	0.0302996615406265	0.103828729901047	0.326408141100639	0.0506993359239234	1.1511687742587	0.170788553311233	0.289727203763611	0.0844008801824061	0.666670355450497	0.0367109931095888	0.0574661635844199	0.981267697473304	0.245732254256937	0.346424781602357	0.244855161712295	0.104132033007555	0.157345116797969	0.294808754813229	0.167618324598327	0.17775116006809	0.379340188171398	0.155237155382497	0.297069802899024	0.132596410234146	0.280090834136737	0.243939157384033	0.0529691116036843	0.140859742017939	0.153321978701705	0.24640470753754	0.394384186455562	0.804033647827752	0.0339516267018727	0.12835363334788	0.110080040315088	0.0920217887681618	0.19857515476668	0.16709036113318	0.0147419671560605	0.0464605657010488	0.0198019564723287	0.964930129043978	0.070421029620975	0.124385626536851	0.129726509098787	0.142502999675947	0.150234131983243	0.0550561037944853	0.0923436244696855	0.0957274421000802	0.0161243604821686	0.0378756980210986	0.0816417292859988	0.0658483533044467	0.0365820310260681	0.0397486185413568	0.164614274597085	0.0709997436228291	0.033910058905918	0.0190800229837703	0.0637457555803833	0.129281871911248	0.938705502412738	0.562003272827188	0.351511664297845	0.218908344908421	0.0731587097185898	0.59430296648621	0.0739975036160412	1.40475360386941	0.432461366029718	0.213059989378382	0.0731827573868929	0.0732320658800785	0.265995607327556	0.28320247393748	0.100439586002204	0.639027386610294	0.617592305934994	0.133146440034821	0.481509364056945	0.141883495869851	0.442581253665384	0.352475247947103	0.0724925319751413	0.359298578479058	0.281447084601251	0.46594100665628	1.06030804596392	0.0212846593344176
0.485158479499072	0.22429459753111	0.232877956800864	0.267317261093939	0.277577683173808	0.0373388326018731	0	0.00977297528369081	0.121391542212476	0.101240853542998	0.181841505027944	0.18799407599404	0.236708886256091	0.351324920274107	0.128233468183904	0.131320582285684	0.048272745400356	0.0575976970521523	0.0272547108285306	0.0735498925762602	0.0542672115795116	0.0452381054670784	0.198373959735158	0.0814822496450345	0.146979014479872	0.295489786861346	0.141857100302728	1.25204623410056	0.305422685346695	0.475955965530972	0.174228309121988	0.863992659134948	0.0961075473657408	0.0773734424628036	1.03445117858384	0.302047259427568	0.538060624857106	0.340940155537472	0.217039202787207	0.317920249063456	0.469719426168109	0.312922350920185	0.289392070091373	0.542729251055434	0.28303509889005	0.455185958581847	0.24846776915342	0.409359490053522	0.361066724485883	0.123469685102038	0.254392490700038	0.240366424748139	0.38062335800322	0.559372521481262	1.01000301473211	0.0757088294534378	0.27604956582632	0.247556505658604	0.219528570916298	0.340927926175474	0.301965288992849	0.0439275209351705	0.00254532775871419	0.00894082284266329	0.871591484300082	0.170907276698845	0.255694870217449	0.244815097681153	0.257627988491781	0.273799475060821	0.134427160118479	0.127394184454325	0.0818841094284358	0.068091554154631	0.0329181020923361	0.0455479668220563	0.0846856454291747	0.0696847528463612	0.0156964374144957	0.28934033405768	0.0614925354862146	0.0812602797315192	0.0197534861922435	0.0724591139999305	0.164593547047636	1.02353383863554	0.735007723108415	0.483227744829495	0.381670531985204	0.149494050042511	0.786057243507509	0.1554808320968	1.47915515501051	0.593597590631247	0.35207921766246	0.151165312928339	0.175156575490803	0.343648045497322	0.45331017760261	0.153306814966604	0.769773545694974	0.752404364194323	0.236667870058297	0.611049194213157	0.231326915690721	0.556058424293244	0.514262380999939	0.147310037003596	0.464028057304784	0.434523558600228	0.668799149137724	1.25984027669618	0.051534710479836
0.408352024995017	0.194374260233587	0.201379251538389	0.248934686237467	0.260092053359127	0.0230833040544092	0.00977297528369081	0	0.110253813620707	0.0772770920271708	0.131946168003068	0.130212109968082	0.212017695290444	0.292204610324014	0.116331619200346	0.121652125080615	0.0326173800215961	0.0510042194734871	0.0290034947511012	0.0422926629719153	0.0446948212145447	0.0391195872752408	0.164758871166735	0.0634605576845445	0.127532666132738	0.327477109817258	0.107301960420255	1.25094655033379	0.238364500543886	0.408978059280962	0.159446829734107	0.804737864094536	0.0658845443096177	0.0842533067567117	0.968495706379803	0.25272911963434	0.480576070225813	0.319311097737257	0.17499098591201	0.271183842661195	0.408622006320058	0.262315442327742	0.272585289583336	0.453545572219271	0.227496062623616	0.370384629643013	0.196277008955417	0.333897833441208	0.28718876437094	0.0857378556869499	0.21417142401404	0.178498621454654	0.315363143373	0.458581839508624	0.912325412897492	0.0457713606867307	0.233878326138926	0.201109112332123	0.177358399971316	0.315904690699103	0.271234356056769	0.0383021910440172	0.0159692446731707	0.00786756587975757	0.945488086324076	0.146867310470686	0.204614858799818	0.186841886139464	0.227130213028362	0.203158645190178	0.108581249631135	0.12565668327943	0.113446796308928	0.0485743581021626	0.0419031304235158	0.0726292007567879	0.0740347713953367	0.0651078543100347	0.0184014242555746	0.231410520112052	0.0546219072871026	0.0487405969510719	0.0133758793482928	0.0503931704243826	0.110235056438828	0.98121416802824	0.666696302414557	0.390786434335356	0.33303847120893	0.121018339617587	0.684474794626897	0.120093319183193	1.40327148520196	0.500387270851179	0.279878640772508	0.105034312347891	0.124527738737452	0.260397741790074	0.37010031110751	0.137616807664351	0.676310855353914	0.65202297519367	0.172891952308074	0.515192562778206	0.172671290148932	0.469260557467002	0.422421799827118	0.103283838941153	0.386106282108853	0.361445635602592	0.570361689069724	1.17099031935197	0.0344963707477214
0.296429040286117	0.182257443508054	0.213211251944616	0.276758364019928	0.282277493940966	0.0923975661355868	0.121391542212476	0.110253813620707	0	0.100958739714687	0.20943169675217	0.236276953579356	0.312345200897955	0.32952765519739	0.230919958816529	0.257130755337917	0.146341933391131	0.159344619602172	0.158704122281778	0.135439237374945	0.120155910754267	0.143720155743486	0.147792670910905	0.151257020524886	0.29040589485194	0.548008273958777	0.141570362135089	0.924959220589277	0.246477951167743	0.433137756685698	0.242678011529496	0.801109253143004	0.158752273527831	0.216459277275734	0.917423282447541	0.211838701987305	0.347250587738323	0.479801797062992	0.198301759085621	0.236233820793957	0.331716478037392	0.316489896166534	0.332063495716173	0.366375365976744	0.237040724736195	0.313847726218829	0.161521555895177	0.267338142094224	0.216881139845637	0.0999540579678591	0.186514781502856	0.184898620024011	0.367075214785326	0.469767403648114	0.767940904261538	0.116608880508915	0.212774206179105	0.184789115005143	0.167788284236948	0.284540383378207	0.28549850617095	0.15547599403055	0.149020765363179	0.122989414526526	0.747242401823725	0.153812782964537	0.247369014829963	0.266938859463241	0.307688670182507	0.253813179357797	0.209361586919107	0.279541065835319	0.254078106714683	0.148394460395527	0.184895165499245	0.196286350207733	0.105576207403536	0.19392532348754	0.17216056351268	0.260140721191712	0.152680909516567	0.150209280399314	0.137950819614492	0.193898227715871	0.202300098850168	1.13314389110518	0.428626561523037	0.35121448434069	0.25288171799152	0.217635556702451	0.665750275324255	0.197860015075643	1.28725951031115	0.43715423837539	0.224085597359741	0.148693239397914	0.128056345278558	0.310631142531615	0.383589459132505	0.261943793209627	0.514069313415432	0.547720167200665	0.200762605715284	0.454905862643585	0.161258806396419	0.396777932454161	0.347974136288803	0.0964423895981212	0.306485904335387	0.387902984408009	0.500412609575308	0.883659654140885	0.117462539191621
0.229162748607258	0.044741988909744	0.0486463945897682	0.0808647461164762	0.096345820630187	0.0253154800095938	0.101240853542998	0.0772770920271708	0.100958739714687	0	0.0525474625023094	0.0698155700087792	0.087674886047735	0.133703110140261	0.0488334919964841	0.0664470676472863	0.0411164694275217	0.0425962340288174	0.0624732491399578	0.0478032259359502	0.0367784882603943	0.0350997935400051	0.0533320361837243	0.0346370418966645	0.0975565205038137	0.376782190504603	0.0224854668333084	1.0126606039996	0.116812596462277	0.187086941029391	0.0557320362500531	0.516162841211688	0.0231517227185229	0.0736495208234059	0.992198510212982	0.255057081127187	0.260531101123517	0.24221052972654	0.0479402603802674	0.0839547858143361	0.19851403739025	0.094405946226269	0.142301288323047	0.280677404280783	0.0788938525965589	0.210765687429873	0.0667765638464075	0.217029023030843	0.191670335166996	0.0439708769354286	0.107862771280841	0.123999997379331	0.167602113596704	0.298143577280728	0.638350951338326	0.0398711772130882	0.0541684386307268	0.0435408628614447	0.0339540019821677	0.108322749048854	0.0874409498989561	0.0344470501466443	0.117278009535429	0.0668076509609323	0.944268146520123	0.027005469095377	0.0569257237418985	0.0685719152361295	0.0848887197040489	0.106530494332184	0.0312257546157036	0.0802403122676834	0.123102465484532	0.022049293379074	0.0728593286759914	0.139311263785361	0.0938519337152286	0.0420259072430206	0.0944986348208063	0.0875645438509314	0.113926540460815	0.0447920986096972	0.0598847958641717	0.0889022741839238	0.136331098550288	0.866954136713694	0.421171200581816	0.29591581135226	0.141475958382986	0.0743117458023819	0.458827263084226	0.0383046828296706	1.34788312934074	0.36561387678163	0.168021437014505	0.0641672031960165	0.0457014058459868	0.250720996256067	0.189933500198349	0.116901463325952	0.589363440829334	0.542958463480082	0.0938659364432837	0.414676922412415	0.104775635503616	0.401823227703923	0.255829824540678	0.0689525856807126	0.328677708159107	0.179413549817911	0.332279142813037	0.909187316258712	0.0314835203752519
0.228921192050652	0.066770070360746	0.0605914901757426	0.0937842083063216	0.0996940141288656	0.0973303557655092	0.181841505027944	0.131946168003068	0.20943169675217	0.0525474625023094	0	0.0081012516546326	0.0875128774529224	0.0560823997082416	0.0715525274406232	0.0744455077804775	0.109099657147551	0.0957084889196026	0.125842444562005	0.0720006575739809	0.0937673276283592	0.0840372158920116	0.147435105092233	0.0665598037316601	0.1236039824554	0.459143432152406	0.0611085852205727	0.996279540136928	0.122958930033861	0.157847845300032	0.120864027622701	0.442357975055742	0.0331509628781559	0.137730412112792	0.962268380354824	0.316122683708912	0.346454801540544	0.327377071212202	0.0795478526022617	0.141295336338552	0.234771788205274	0.0965243939715884	0.238769902314516	0.228623704815034	0.0720986633282408	0.18326140883537	0.0738670289243817	0.21163542608618	0.173064317102907	0.0875621714466897	0.203813741565541	0.128114336018269	0.07770002002236	0.206421106396543	0.48573549352885	0.0695961172044969	0.0798605651931676	0.0540109051232126	0.0549963555741635	0.126702636840745	0.0898535822933908	0.0952303867719921	0.194941122617515	0.126738389674786	1.10453965728756	0.0730350895731227	0.0362675889832111	0.0160076628920338	0.0788894734630224	0.0888845016974664	0.0441619823245558	0.097211609292241	0.210947747302647	0.0740593787447235	0.132779631547894	0.223818494604826	0.139430661180146	0.0954337240445764	0.148316061885549	0.0545184456036151	0.181870147272793	0.0719997753897912	0.123193108099877	0.121764432320502	0.119284798403502	0.789773780690214	0.357106181107239	0.254484545470363	0.17517278863298	0.145676439533111	0.341626989285081	0.048248650337424	1.25012279260801	0.355478773009277	0.197847556399414	0.105400665836001	0.0839914458409969	0.203315367516876	0.134965993001481	0.198197146746463	0.58297776187006	0.477469086896429	0.0873997350168132	0.368023283266565	0.112690278217914	0.392906813520908	0.198248325386152	0.120421912985324	0.347520382345489	0.0878345395612173	0.230888077559772	0.806488931614422	0.0782347891883288
0.221839276159722	0.0995303473666561	0.0904939365298596	0.129429533075872	0.142112972567346	0.10421848284768	0.18799407599404	0.130212109968082	0.236276953579356	0.0698155700087792	0.0081012516546326	0	0.107891584067984	0.0643999873840115	0.0890716568635272	0.0956546248023267	0.10362624885106	0.105623010451106	0.13494683938941	0.0619331856961237	0.105303673522252	0.0970615948917792	0.150923077990941	0.0751879977350718	0.109313517861523	0.477159384434922	0.0611777147505703	1.05394793326174	0.10549424066522	0.151338529224513	0.132200934573398	0.439493174276331	0.0339802584279089	0.160115401085813	0.917179153994066	0.29888111740988	0.345413612367863	0.302493203787253	0.0778506004094144	0.151386213119906	0.22856465903729	0.096170794019782	0.24173072134909	0.209661103239592	0.0688889372029718	0.16347061176786	0.0817085917248981	0.185939664042338	0.156401937972387	0.0822760626685236	0.199666979809667	0.102969504098267	0.0770632358420765	0.175224933837309	0.486409041518313	0.0614487902703842	0.0982136917979678	0.0739121388511137	0.0723739086057684	0.168660456716607	0.122737115130567	0.102875237169463	0.200824129842935	0.132611910497948	1.17426708782743	0.0945707783595942	0.0441356737592196	0.0192837328212516	0.0980603810763014	0.0624244326513606	0.0539749177451585	0.118569476002046	0.239379829649435	0.0732488968757483	0.148077535034123	0.251472415540448	0.153278866546069	0.102023886198152	0.150213218318505	0.0515743295638373	0.167022170244268	0.0581198029760038	0.120865633615115	0.0997746813920222	0.0832166907130287	0.731253929153305	0.392674440492233	0.216271831439596	0.192074356227052	0.129349384342444	0.316399753942743	0.0440378399228705	1.18125054212348	0.320525895736042	0.176772560935669	0.0836338876609645	0.0756947495014813	0.151055231504551	0.11575353579911	0.188597126504228	0.547362865470993	0.431324633358526	0.0659349138884617	0.321725560186469	0.0989219685641105	0.342775568014026	0.17801270922965	0.108776667259381	0.30657133306287	0.0879226465580565	0.222766346820755	0.81551127151779	0.0764384697306326
0.373728965301587	0.0651895190910727	0.0514623916856829	0.0309155258831035	0.0527348910673058	0.133948454857574	0.236708886256091	0.212017695290444	0.312345200897955	0.087674886047735	0.0875128774529224	0.107891584067984	0	0.103199443924285	0.0217743504374502	0.0319550706459124	0.134538786607312	0.0853277381002058	0.117971391896022	0.143404927643195	0.108611517574295	0.0958056555099573	0.184148400506953	0.071508682651537	0.123480176896275	0.286475437308888	0.0901241724297888	0.957237882792295	0.246515765040945	0.134618363222231	0.0351136634144285	0.340856433567584	0.0757939766580809	0.0830425625873306	1.16056574368472	0.55043395010941	0.385061340830093	0.193521110731505	0.136090326399745	0.147363686780498	0.283858774005974	0.0605462609262011	0.125910950219954	0.417552272122311	0.146322157109921	0.349534448260854	0.204410188079297	0.407795164626278	0.387075173956147	0.21082757927092	0.265159513146944	0.308338655503664	0.105904693285237	0.351347233061995	0.5926349252018	0.17300088836697	0.0766116054383119	0.0840632943221165	0.0915410794778808	0.0673860634476151	0.0533886632522917	0.0898297386684526	0.23288491392234	0.164135229067985	1.12594343370731	0.0547855991458339	0.0595870152022236	0.0677560355433736	0.00486727847178225	0.195034344695058	0.0256309294460225	0.0536088859283099	0.139084856962403	0.0954980552638995	0.123138661768452	0.187429182871632	0.162951756127761	0.0873354924548987	0.171142226556193	0.124251246517161	0.264124324016224	0.135085577478484	0.155734817518037	0.205763868640242	0.280279984584991	0.816632298036557	0.464402333063835	0.482278727817429	0.188572933528684	0.118627106863512	0.440060778435062	0.0765006767606848	1.44421223664415	0.541953445059267	0.340999918345893	0.204200638801438	0.185697208894076	0.409476969476903	0.190265815772006	0.146033055501701	0.861041355740274	0.74622400922421	0.213461492731218	0.613794996107068	0.292207547467645	0.637710490576182	0.383904887299837	0.256473693669554	0.583396239944659	0.145828607152675	0.332905722955298	0.913145107426291	0.134535841348875
0.21879928188977	0.078338005913114	0.073961961727062	0.0800821462464323	0.0867731945182462	0.223506960532944	0.351324920274107	0.292204610324014	0.32952765519739	0.133703110140261	0.0560823997082416	0.0643999873840115	0.103199443924285	0	0.125937028139178	0.142940977645932	0.23016114786964	0.188978537362316	0.259560868202604	0.171447158990305	0.191763055494183	0.20022390765875	0.202832413905374	0.142954098525936	0.220122104973186	0.599381325198409	0.114005563470678	0.793618078056588	0.17080559680747	0.0924450603556921	0.163427746859828	0.287396470805386	0.0964833051623126	0.257385962009322	1.06892159576937	0.45407992624687	0.329714845754079	0.352672918361916	0.111915329839852	0.160880150878131	0.22240002608856	0.0941490368403712	0.287442251102621	0.193027342728401	0.0863030417060185	0.182773257598252	0.124725700973361	0.22498749962389	0.200305394338569	0.18326185940475	0.28903649840027	0.195233456387192	0.048935516843157	0.195072533499204	0.317583197228219	0.168079931814102	0.0824275890081434	0.0646314397057841	0.0752073574822598	0.087204981117456	0.0676533016857214	0.208393781062459	0.365315267344526	0.271670819849891	1.22325555632956	0.109888389693332	0.0359554770713474	0.0372899481017122	0.0852241138549481	0.126803982000089	0.0917767319548213	0.178263335684544	0.32946920227382	0.16524935783473	0.267620848593991	0.377152066525175	0.22682275945018	0.196945865575064	0.308307014740795	0.0367413778849965	0.313115636709868	0.163485013472349	0.260242174372316	0.252588838052423	0.220943122567965	0.749733662056087	0.236755745397416	0.278828289922283	0.141499641087372	0.220836436558345	0.271152939751322	0.0846155093887027	1.13628352373385	0.386228019543321	0.23489111113591	0.188170002668938	0.150702683955346	0.261932460572691	0.0991965117254903	0.315013835356976	0.609169575163685	0.455821374279906	0.142473501974298	0.378426343991445	0.193064993779627	0.413991204828357	0.172508218736437	0.211540583940903	0.389318772752968	0.0301376479227131	0.147605484547102	0.607461314366312	0.174636960925291
0.376469064508494	0.0642999382343075	0.0557605203506826	0.0464891513425973	0.0653565895226349	0.0655410545591886	0.128233468183904	0.116331619200346	0.230919958816529	0.0488334919964841	0.0715525274406232	0.0890716568635272	0.0217743504374502	0.125937028139178	0	0.00946999676938831	0.0673317212072009	0.0254487392785127	0.0486684212780988	0.0796023814516607	0.0425490954498924	0.0325230826190112	0.150554472737301	0.0245941746314113	0.083175957715434	0.263747810342533	0.0626890666115139	1.03683233726442	0.231024569645617	0.197312356651274	0.0308835398571135	0.462441278511496	0.034322677589497	0.0384901861133053	1.14008936282972	0.465499981144075	0.40996024499626	0.198835741728344	0.11542622007198	0.162936897852236	0.310750940296356	0.0963528940743785	0.14719089750498	0.429068778248517	0.146321643158381	0.356036569097916	0.179996209469944	0.380795642034394	0.349397862589533	0.146040460320775	0.240144735203037	0.256426416083188	0.144820227469016	0.397220580684425	0.701471487611076	0.0990044587473782	0.0893237420134378	0.0887199911229866	0.0843676056124567	0.0970222969671618	0.076619440061066	0.0306344796976518	0.124720463364594	0.0780453605401019	1.06861422429586	0.0436385553561349	0.0724882933589925	0.0784783869062693	0.0331278854055123	0.180827463808212	0.00814355391577659	0.0223376845096779	0.0718535387731443	0.0402430314254092	0.0477713703069986	0.102814716169	0.0989439263041125	0.0321053079409369	0.0860701492590065	0.130054314183409	0.15911848698285	0.0746805855245718	0.0762502307104812	0.125164143362636	0.217261996416334	0.855209066618323	0.522966926795029	0.467180381195397	0.211367865988086	0.093311103117564	0.530163532756654	0.0533471040152382	1.47548943174513	0.55467731804848	0.323348352349763	0.153995421885261	0.1484584496845	0.369943554789083	0.237976789811303	0.123252728590934	0.845146867740957	0.745631540856041	0.189958278513687	0.605676737344334	0.245500389972918	0.604608446366204	0.39791906270684	0.19212584570904	0.534600493052983	0.191983057073928	0.410079408099467	1.02010089852007	0.062923898334043
0.435462589734524	0.0856116916529785	0.0754064566817755	0.0653606498195162	0.0782846538032435	0.0824751558068573	0.131320582285684	0.121652125080615	0.257130755337917	0.0664470676472863	0.0744455077804775	0.0956546248023267	0.0319550706459124	0.142940977645932	0.00946999676938831	0	0.0805719213440621	0.0441566353274934	0.0518528758833789	0.107864316035185	0.0666108992478671	0.0450491239170578	0.192337708022671	0.0483624918232493	0.0912019236418555	0.225517075945614	0.0911058804451952	1.0846271060057	0.266733909540191	0.241542333746628	0.0495632127172573	0.501784969981269	0.0487490890342905	0.0334022423747886	1.17094537737478	0.490538293772607	0.470362451213565	0.218534156735827	0.137601886923081	0.199436923397872	0.348446959156067	0.121137974384259	0.179773874603569	0.471376589783209	0.170501782068509	0.391510145981749	0.198358261852861	0.42608758338343	0.391296456911757	0.175456338030871	0.262187442018334	0.288792348356618	0.172212864659745	0.41817746192124	0.74386208901224	0.120410248342327	0.121889408297698	0.117860637247258	0.113612380879829	0.122362555641113	0.0967842512103189	0.0390520130786669	0.125922552589991	0.0829345895778331	1.01517123147738	0.0738145648792765	0.0963649407302241	0.0830089436906556	0.0494419514708989	0.213285341525418	0.0225051111215337	0.00623280679937588	0.0620077036663773	0.0620974785296569	0.0436822590736514	0.0932796356891028	0.130515182446276	0.0414292893398303	0.0817580602658685	0.155807471158471	0.166908563061425	0.0966729549468488	0.084864207933506	0.132948251875358	0.237220039705722	0.871026444913939	0.553854933510838	0.506306166656975	0.273092661746198	0.127172010119215	0.557029624698337	0.0746990455892882	1.53456685965107	0.590922601342168	0.375890931841589	0.186416325296825	0.184403121626981	0.401974024289237	0.272906058891401	0.139959340397558	0.888041464007618	0.792502200522333	0.215770303605966	0.644988135907719	0.269107007420058	0.658146012124238	0.434103764761579	0.230274012648774	0.586014724984757	0.211316834289331	0.443494319835142	1.07972353437107	0.0799959640228334
0.337659885334743	0.142407137084053	0.139357600381435	0.172958794487098	0.200297640667039	0.0155970274791222	0.048272745400356	0.0326173800215961	0.146341933391131	0.0411164694275217	0.109099657147551	0.10362624885106	0.134538786607312	0.23016114786964	0.0673317212072009	0.0805719213440621	0	0.0297875640273415	0.0268099902022816	0.031341548304861	0.0350720440424406	0.0261669679028769	0.088150420419947	0.0397059070035144	0.0546892675173746	0.286595627549996	0.049413728398368	1.23226428911057	0.159584668344736	0.277910358271123	0.067846472460862	0.627565728570026	0.0369321059984219	0.0619114953976472	0.946994365064846	0.263739749947237	0.350379372414774	0.172833884659342	0.0903378738491579	0.160080317740283	0.277331832878619	0.145912196054293	0.157098991486742	0.385533865355179	0.141688772235509	0.291810814318024	0.147917145981725	0.282290472024417	0.263268814800809	0.0644337062170183	0.132934591412276	0.144962843077479	0.249745925189507	0.36766072749678	0.835273579515555	0.0351603844623732	0.143584476503763	0.136958183369835	0.115831104219545	0.231248809896569	0.192466224827184	0.0148278204841449	0.0552210409191104	0.0292887812489395	0.995799268292549	0.0849443523908275	0.133067222289047	0.129579020040651	0.144554228577511	0.13100657616263	0.0555585013853342	0.0841800756735045	0.0973362368492784	0.0108422789829005	0.0381659712795563	0.103653936406254	0.104048445926876	0.0210629710338557	0.0369975415936915	0.160295163054369	0.0574119158592687	0.0198742100869174	0.0167830264176855	0.0307701626675319	0.10731334819995	0.823919286076846	0.638980891901363	0.346612172304672	0.260119930406343	0.0435847938947478	0.560486777840584	0.0593875229181182	1.36638896217219	0.419639765148193	0.217019451264603	0.0575607429376397	0.0778256300984088	0.235214002420848	0.260723948520127	0.0707667103252951	0.658839073238673	0.612070460352693	0.119937218988618	0.462171695729764	0.143614755184542	0.430799567646529	0.356300035219691	0.0861630008173759	0.353058421189228	0.28271027311097	0.471145401791533	1.12700061071965	0.0210958062164113
0.362359583932124	0.0978092078607579	0.095749424940445	0.108131553095886	0.12762461830167	0.0240432572575385	0.0575976970521523	0.0510042194734871	0.159344619602172	0.0425962340288174	0.0957084889196026	0.105623010451106	0.0853277381002058	0.188978537362316	0.0254487392785127	0.0441566353274934	0.0297875640273415	0	0.0208367750663292	0.0358819094073467	0.00578290608381404	0.0081731520082271	0.125299288513874	0.00821372216727334	0.0833842534822724	0.286283351078844	0.0631090346227287	1.12635636885081	0.219408314924793	0.272448813269249	0.0627395099908946	0.600130455315375	0.0320580500298417	0.0443867518997684	1.04295713301342	0.373763357847352	0.418239406446284	0.217763358977724	0.127802168720496	0.191235568235026	0.346144568082146	0.156837868929851	0.19043215144644	0.440216963856426	0.17506717815131	0.363059265460533	0.183333494730863	0.352221232925769	0.310559514993344	0.100823059413002	0.227852230964736	0.214936280030739	0.210035821439879	0.445944667484206	0.806990197763447	0.0532169966195077	0.124317964558195	0.115771629613698	0.102623295316353	0.16467447436964	0.140875090238982	0.0131068805594701	0.0556413386031587	0.0300218619214394	1.06287449699888	0.0612235668492851	0.117408743810582	0.126653121890231	0.100152419346435	0.17482187111692	0.0314030670582974	0.0554638176973785	0.0708724798057446	0.0168008729116902	0.0216680574325612	0.0671404971149248	0.0544218199197875	0.0238897368708371	0.043788104020608	0.170528812089142	0.0883172776961594	0.0389819053617046	0.0338703679567677	0.0798614889720438	0.171227111559028	0.911341159868698	0.593601449730149	0.440614142956075	0.237553015236573	0.0827897651666321	0.61622180832165	0.0686332376341532	1.44014200875675	0.544350536443354	0.291600747831952	0.117049437446547	0.122304411995453	0.324321413375672	0.292757135597527	0.124043850805645	0.784670939031199	0.719352884605151	0.18327669630922	0.580431659673227	0.215487018363222	0.544953634007589	0.411920887234287	0.135597976327101	0.461259632282422	0.271972465741244	0.489723221362141	1.0865609294997	0.0285236749080605
0.464220394418771	0.154324416778434	0.15531243931844	0.166859728225218	0.187147114380842	0.0257959908013203	0.0272547108285306	0.0290034947511012	0.158704122281778	0.0624732491399578	0.125842444562005	0.13494683938941	0.117971391896022	0.259560868202604	0.0486684212780988	0.0518528758833789	0.0268099902022816	0.0208367750663292	0	0.0560338645683041	0.0309205449772227	0.0169920034168434	0.170174556415847	0.0386342111828266	0.085644119899024	0.208046788705675	0.0920167495659303	1.20678740301085	0.275472648507198	0.352853098307273	0.0794517273324558	0.69363790281746	0.0528417455932437	0.0208135220163737	1.08371315415385	0.380674578243636	0.49184790765246	0.234178616877134	0.168444721270283	0.244755567358951	0.401799071948952	0.197768175858814	0.187362500022817	0.520823720281026	0.221985948766547	0.426143574025205	0.226293536220014	0.417219796690605	0.379169974152244	0.130999848807623	0.230571642502134	0.250783958164081	0.272824950649434	0.488560779708119	0.917124895063673	0.0761786621296007	0.192809891641837	0.179670746674298	0.16253581163084	0.238614727387574	0.205921630138642	0.00907704452195468	0.0247807612970687	0.00979376455220449	0.939734309361725	0.10242342521698	0.171655580150149	0.161857466856114	0.138758710140191	0.224380252329829	0.0589237672795713	0.0543099560044986	0.0445629596030119	0.0341171876931217	0.00891284418267935	0.0344721434028429	0.0687861111961323	0.0269022625372572	0.00822522908438517	0.220932394195302	0.0805264974499923	0.0584718921827073	0.0110398049818611	0.0668017609472306	0.16848599544503	0.956794323358189	0.681355468454857	0.492893543039945	0.31776633814811	0.0882888738501733	0.68285768067534	0.0956051562879401	1.52089322266455	0.585307833985049	0.344761833879777	0.137670140954619	0.155969570306957	0.349616655041805	0.354049035587539	0.0900561087501889	0.831098048234683	0.781444973258895	0.206692647267142	0.626848581595784	0.23907884568211	0.596521207006323	0.485585250802297	0.163727870606954	0.511087463832251	0.334772050583188	0.573263369278723	1.20706472043754	0.0381937171464852
