0	0.338798135504353	0.461241422914773	0.508962126870276	0.669785185613383	0.778391119348877	0.810849445752854	0.752679437888266	0.807972966689257	0.426708263681547	0.222047158724982	0.292817403263202	0.614373763180868	0.150501995239715	0.521057069578552	0.719378659243016	1.02674687654665	0.404462416498305	0.454777103663712	0.116083239956224	0.562218875369644	1.05301877551593	0.903806476681706	0.943918171535105	0.220357595411151	0.415612696227176	0.748046545805575	0.743912427455595	0.676894770185474	0.398723260874123	0.897201935643914	0.373582161752081	1.03072946135296	0.274656844254784	0.845420271588934	1.17982528660611	1.09279227585291	1.41739565447871	1.59770231546576	0.687962693539637	1.23490738073224	0.883528789373376	0.99015657372817	1.33301107848442	1.48978477423198	1.49792085000997	1.23544273409059	1.14713801527226	1.33428557791851	1.45973062051612	1.57932239401153	1.11311138068351	0.699541307391587	1.39554822050401	0.656524119900262	0.945883159330633	0.335326033345065	0.337596931526195	0.569275196544651	0.479184522933996	0.667292541778196	0.880613547087795	0.896640487965831	0.818534631305072	0.785457111895022	0.653719826307259	0.267109777081072	0.206341322405152	0.597566231193915	0.43976055204658	1.05932680118544	1.02273415288571	1.41195699267611	0.563787797037165	0.57638399359562	0.511311145541435	0.278380576101956	1.12944454712415	0.598702938516534	1.26657733630469	1.12041790476572	1.32884737742702	0.326304831095772	0.533523971509519	1.23667701611951	0.497335096952387	0.465019591124109	1.04063528706011	0.660605017577566	1.28823003795245	1.18326955276486	1.23985757977669	0.807462689755307	1.18523678645273	1.5665140009749	1.52919734473884	0.635858539483198	1.35590274506019	1.13698379673732	1.09841895700727	1.16568414983952	1.52137136990253	1.49773384608036	1.52643125415347	1.22970613662387	1.26148440756365	0.972340638408903	1.47669175098319	1.27926973328441	1.05227640349641	0.797340308502286	0.568247703508069	0.985014417072329
0.338798135504353	0	0.0637366860356807	0.067004598832106	0.112815177910863	0.180938984032068	0.166418659926113	0.144859503230946	0.450867380798425	0.0337256524057106	0.694752791735686	0.59008869016488	0.268492123075929	0.434109183514115	0.355032126719361	0.121502672847756	0.458327973900627	0.154060734325478	0.0365268114141466	0.381817457415031	0.458834569263494	0.407890556357617	0.268796504965576	0.315464301295583	0.109291309876176	0.516618951274399	0.207820451737702	1.42837654065977	0.791918710099702	0.990687749188502	0.326625549425112	0.428545711523829	0.502099596981172	0.136805150519257	1.40262611998607	1.60250338162417	0.372390173721607	1.72342222756605	1.14288101083221	0.10664266117955	0.587642482674295	0.254859463561451	0.320147443753622	1.54396967229121	1.25680202285736	1.31567729320632	1.18238700420776	1.27708429614682	1.24489015174451	1.14802611035846	0.996468670293522	1.14871910662125	1.24215494788035	1.63821650905699	1.38769685919119	0.542652745753509	0.052304825202559	0.00767117706531384	0.0821436524074997	0.0747252787752322	0.108526767805894	0.328429551052033	0.231839508212756	0.214160300460205	0.695133079531694	0.111168261666414	0.626629021646152	0.193362292580082	0.542009151469142	1.01030007483046	0.718558118785532	0.358989168701353	0.755382006123481	0.308282019440077	0.0747104891788517	0.0518050418520715	0.629570333643097	0.544591538973931	0.0903657713189193	1.36888770407733	0.830338874101029	0.805915311327048	0.33644613765205	0.29703901899963	0.930798202664619	1.07949764563303	1.22852796919161	1.4063792931495	1.3429483466077	0.633049330748575	1.4292360424397	0.73858566403246	1.36447854148016	1.55903413320205	1.33928019512741	1.16503241096651	0.995491735795268	1.38353576086525	0.776330291065973	0.472361994412706	1.47731920361471	1.52562469059376	1.38490614286888	1.58467994024338	1.28566730113806	1.2830960330144	1.20114492674866	1.25971354186829	1.33155603799992	1.03338169512138	1.03393250287281	1.22916366021939	0.504454243593034
0.461241422914773	0.0637366860356807	0	0.0377720091756228	0.0426237170147779	0.117779967357691	0.141525983171642	0.119017213462705	0.456715474874767	0.104746799585319	0.736315136283279	0.541034583145463	0.202673413711131	0.514168106643399	0.249731983663713	0.0732565899333307	0.297732763679468	0.11041077985558	0.0496838067772889	0.508672132314811	0.287782944251778	0.308822253696034	0.196827524649726	0.177844190730125	0.180063901149246	0.567115580058785	0.149768884570429	1.51023147892566	0.869351467679052	1.06678558589542	0.310672731037257	0.44415704097782	0.390269875087924	0.211840449484858	1.45799095356239	1.66818572290562	0.320831711998039	1.52046199613532	0.978097117114806	0.133101243262256	0.52695042119777	0.141196109300793	0.311817271273514	1.41320963246362	1.11461814576385	1.16745322743796	1.11158058850077	1.23383627022579	1.07764790694973	1.00677022539211	0.898813453547398	1.10727278813006	1.15346823166848	1.58129762029752	1.47499166230965	0.476234525921328	0.0776954095175866	0.0411063406105725	0.0188029427632899	0.0433861159256514	0.0383390907897825	0.276524803319207	0.198984439775931	0.181249934682249	0.722256682353476	0.101919901394339	0.728959898357672	0.207820914027427	0.413851421810087	1.00059556296337	0.444461507684517	0.255944664826994	0.618540923398728	0.197411473678682	0.129742229829189	0.0648398899632747	0.767238153913006	0.462512962696593	0.0772807421613422	1.11473724741092	0.74265413268091	0.606108692546107	0.334761711820934	0.235393116479951	0.785170093955821	1.13955192679671	1.34642053980402	1.37894573311919	1.41953323533756	0.477611732398513	1.22165054174441	0.615550824421993	1.41101173085556	1.56293647650236	1.16286287911512	0.95829467193395	0.803626196135891	1.31692403801909	0.495706728168863	0.388907385470245	1.4101874740884	1.42469858521039	1.16106545879731	1.47035607403859	1.20452892868384	1.20176162093609	1.16457548707555	1.11937158475263	1.28340331604019	0.935116150344494	0.902572488671128	1.35635627266091	0.484708376736769
0.508962126870276	0.067004598832106	0.0377720091756228	0	0.0312338605303019	0.0726826897627961	0.094292861177901	0.112210128768088	0.349403380992416	0.0611179320696877	0.808708041162322	0.677122847852049	0.280189355025559	0.556729792777254	0.319949982289344	0.0670466614216578	0.313970785215911	0.139471527544779	0.0579988316418483	0.460080337865621	0.310193800901039	0.211220040815094	0.152749667979806	0.161930816602402	0.133484713322565	0.616287941592431	0.141489557611427	1.54832251255932	0.839820875046996	1.20108004648106	0.367077954229406	0.578769044170194	0.344972291105933	0.222973327497181	1.49677312505277	1.59629215628053	0.287494049554602	1.60137633590598	0.925779973779008	0.115065635068408	0.526834637156501	0.165704614265636	0.250580913272872	1.35221756512642	1.05148208878927	1.10652014331846	1.02808250098516	1.16814154891252	1.01038868323617	0.929563115017346	0.815888398422948	1.00287707127989	1.27619444848446	1.50988014255179	1.48291107765373	0.43756277089908	0.0903822330141697	0.0658388181035821	0.0573520175463833	0.0223338686628785	0.0440433626085586	0.187340151072381	0.147995471971782	0.132507339008071	0.70639625155762	0.0577388313012324	0.787614820548569	0.276330371158582	0.582689128736958	1.06719331816091	0.513006616599754	0.218667499464846	0.492839124841421	0.152118371065538	0.126030605611438	0.0911354398896548	0.686994699815394	0.377959550794107	0.0349170958186394	1.10677105155787	0.608663036942322	0.580715957206638	0.322599148604339	0.232963103846727	0.800425893772166	1.2842373274662	1.39234912617602	1.35771994615436	1.47189306708849	0.544686309089914	1.34273422041126	0.581283508981909	1.47919089879146	1.58813190159997	1.12405042099666	0.917599729364246	0.926231146855126	1.25819582180544	0.547669774030758	0.32301644356867	1.42012642581781	1.34906803320939	1.12293365720516	1.40468818726906	1.12669842559751	1.15492590563553	1.18664815295068	1.04358172910639	1.16576054646249	0.818467665816503	0.910210468194769	1.35857813585532	0.422728777197062
0.669785185613383	0.112815177910863	0.0426237170147779	0.0312338605303019	0	0.0573405058252086	0.062145424742462	0.0626405977974451	0.397928406464352	0.10967908528751	0.92582816772118	0.75458384154994	0.237639444350825	0.678018517032602	0.319070415241575	0.0406541218768502	0.257798223597568	0.159472257846673	0.0812625632611175	0.63811721773439	0.346573425786344	0.18295486483723	0.117899236397056	0.106138450822262	0.243464385372155	0.646935222844887	0.131218522923529	1.65919040555878	0.93518319186928	1.30406385244093	0.275755817836398	0.562681292845504	0.316105223460445	0.282782388606032	1.56183889660032	1.67504932701252	0.200167380707266	1.56948172372441	0.839604479770524	0.0765000533767528	0.416832351695668	0.0796762703584113	0.178939693530922	1.38990915292194	1.0158464371699	1.07516850765986	1.06244263929815	1.23701957226887	1.01711957435037	0.895735680644746	0.720015607607969	1.07776413322162	1.31731544717308	1.53893259585349	1.60122473412994	0.441111026729128	0.145718316974652	0.1002867852053	0.037604351539761	0.0408556613113653	0.0109887165357729	0.190491415024959	0.0987749671014519	0.104603180784523	0.786947253080544	0.0443126312461795	0.899014149305774	0.346514059453775	0.534702274353659	1.16897917366754	0.433361273029677	0.17121280409382	0.428012939049675	0.192395412996766	0.105607179218279	0.073029927914579	0.844552096958855	0.351362312812744	0.0531507123479943	1.10620329563434	0.634623239382106	0.51586906894173	0.419762341462595	0.304936037480752	0.756501194716611	1.34599547065925	1.54650285048198	1.44485415142742	1.55434461674126	0.392780752800274	1.29008250092182	0.524083750962156	1.50382772932888	1.62257589277346	1.06572430906822	0.844625616798188	0.990353541538376	1.27383521449115	0.476714553258327	0.293210623295969	1.46927387174099	1.34300262643528	1.0867907935899	1.39960526911963	1.18391836249902	1.19114612051386	1.24982436338844	1.01636311318268	1.21824582072817	0.845366792003	0.986194920484947	1.45806360297227	0.421186419996167
0.778391119348877	0.180938984032068	0.117779967357691	0.0726826897627961	0.0573405058252086	0	0.0382491299612693	0.0924666061951825	0.288889429172858	0.124005738043699	1.07987092602323	0.863639720592349	0.36174218916383	0.81846376688676	0.45569875588658	0.0481114599656609	0.194257152552619	0.272972137514281	0.128536599553906	0.699068318765436	0.392433786281017	0.0668820873253266	0.039374214965153	0.0635517882638242	0.331525829758095	0.867819992524495	0.0628470147043589	1.70105924796611	0.813798276148352	1.37666097716943	0.306093114915974	0.770099578044877	0.184274194431328	0.419978405792104	1.61271136932382	1.54044816589083	0.130496181131379	1.48744026777637	0.654043537217729	0.135180337082707	0.316224016432096	0.111321372103787	0.158901798202637	1.2312501675069	0.797959281418221	0.888227338328692	0.868872631875039	1.07381599871729	0.841975838633336	0.692732712309074	0.523782469732333	0.908182348213616	1.45948888497076	1.38863052987551	1.69212169102196	0.305328599511677	0.170067405207312	0.173646974281209	0.0922226056294071	0.132198275686829	0.0540216043322654	0.083341881648046	0.0632099775104132	0.0652752270889612	0.705212601482338	0.0652091622223108	1.04131073267802	0.455994915009809	0.713675011397266	1.28617097690486	0.465714079548731	0.0992039895360831	0.296659785285777	0.232995013897362	0.182994448030099	0.160615803916762	0.944641559310845	0.244078178613145	0.0486760255161207	1.05611246581963	0.463860336416839	0.382913227425267	0.55596715757842	0.291361220245396	0.656674045273646	1.49766552937383	1.60863444629418	1.28630464535154	1.70098269893341	0.399365711942321	1.35314298221701	0.388055034030063	1.64274364269188	1.49309847887727	0.89784147884285	0.692183241215744	1.08588686718861	1.09561333299722	0.463858357776171	0.189208221058229	1.30451054538474	1.15496989982067	0.930567549858761	1.22316234407198	1.00215089714203	0.999236940762354	1.09836949319269	0.823098782585975	1.05420629028456	0.848497268944014	0.935329334824691	1.57729465830829	0.29029778045721
0.810849445752854	0.166418659926113	0.141525983171642	0.094292861177901	0.062145424742462	0.0382491299612693	0	0.0603162939308088	0.303735500539943	0.124573122443817	1.14020734266866	0.960713166763766	0.38585990165583	0.860129007591481	0.523305692076524	0.0337508201906735	0.209306739107652	0.313778274853777	0.123623874956401	0.761483640191464	0.511217852787718	0.116013429297036	0.0355776616719679	0.0824546740765046	0.354713991275698	0.918680576310267	0.071463006604195	1.70470926824861	0.792363101601823	1.44018176348753	0.269106052443932	0.716920892896893	0.201075392233596	0.431280028510235	1.53985811841068	1.55610525717952	0.084946490788123	1.6345130506522	0.648451344883566	0.0760213209918419	0.25882958348059	0.111452537325793	0.14569542610285	1.30992372162592	0.847847971294691	0.916576231382162	0.921482698762806	1.09958571124963	0.908267789901361	0.714080483450217	0.501376548702855	0.933678294513686	1.5465823262093	1.44641168997839	1.717588558894	0.300547468444414	0.171984664929246	0.166334864146628	0.0885515371818654	0.137290478633097	0.0513601519008987	0.103584568501339	0.0125779109860995	0.040818723978496	0.742836965249198	0.0566477942207505	1.05820201755297	0.491911284720739	0.749889966066993	1.4020488151729	0.540295326201184	0.0887529898781692	0.325649286490325	0.315077315966546	0.150395313334173	0.142845322364267	0.994015782180722	0.216835691052139	0.0518830708854396	1.14844782697393	0.52017141158704	0.400850315679831	0.643060749622253	0.293560919026672	0.619038325336154	1.52154635421695	1.65989924226356	1.32178282227104	1.72803625812485	0.345019022805192	1.37355009612502	0.382470051108367	1.54633465208243	1.47664485277286	0.902454561300387	0.708112563171458	1.18284769159845	1.09323671223348	0.496867020448072	0.244523324451696	1.33007083317938	1.1745946196426	0.999991212041639	1.25353332667094	1.04103302642212	1.01631826282138	1.12096348690539	0.839390633925055	1.05907270755835	0.93869857538581	1.03385058091716	1.60449562203226	0.252593903569323
0.752679437888266	0.144859503230946	0.119017213462705	0.112210128768088	0.0626405977974451	0.0924666061951825	0.0603162939308088	0	0.358837071770612	0.108081754492729	0.958088710572585	0.796813732662261	0.277530500926904	0.671974711873493	0.4012720589932	0.0575230545865987	0.321007125886488	0.211888710797363	0.0755138785393585	0.709101566455961	0.429225078186163	0.216153670805175	0.13897176623146	0.131910664338369	0.34209723517865	0.720454813617388	0.138175532675688	1.66076403887496	0.914515996367133	1.3126112736637	0.214238476627047	0.558557151295526	0.316800906309112	0.326813496023254	1.49411956630813	1.62788914402301	0.203590127340632	1.57710163521929	0.834219632945255	0.0837589143544902	0.364520417848381	0.122515697491763	0.209331299343001	1.4154504590135	0.984859432998749	1.08940173731997	1.05061717477415	1.27285068650092	1.06330076092637	0.903882928942795	0.67113018933176	1.07496150909152	1.38044663846485	1.53385345377425	1.61614222583598	0.440539829522589	0.193434976880158	0.14958875812062	0.0907161291208936	0.121180952574486	0.0676361106762313	0.22863710083243	0.091810498374721	0.0602661085339513	0.680600894822652	0.0395492311851026	0.960804816270067	0.35973497128061	0.572394607481938	1.25928218373963	0.471249336413347	0.189505739977281	0.490991534839509	0.26957989987871	0.0737953751342785	0.0638848537626332	0.892481119779054	0.309263478300289	0.0605816776465533	1.19446892405336	0.710647643693591	0.556520289588154	0.518340332623377	0.363475304234125	0.809150994814517	1.29791412090269	1.56126819777944	1.45750516408512	1.5523034333096	0.385199867197304	1.3012020389546	0.496212355948721	1.53466671133144	1.5893050573167	1.08787232276821	0.873732148139844	1.11800491912056	1.27522241918839	0.587871786913035	0.364650058679801	1.5046965256144	1.35291908167863	1.12976943574742	1.41227625023405	1.20702631480821	1.22438297362557	1.25718727768665	1.03522694765108	1.23828631230736	0.923597155823573	1.03529318786774	1.50896079034882	0.416625803697097
0.807972966689257	0.450867380798425	0.456715474874767	0.349403380992416	0.397928406464352	0.288889429172858	0.303735500539943	0.358837071770612	0	0.305364327921326	1.09988724273058	1.07318255697202	0.928450735152231	0.889719809985648	0.942292561043519	0.409824046752532	0.483647831742001	0.653610091088375	0.433379009996944	0.715298320989955	0.579320785493218	0.241251686212752	0.246593257669791	0.319856573636095	0.535438182666691	1.19094609946672	0.221193038903363	1.20510412735161	0.337247370285364	1.41020207197757	0.809291402724313	1.08929762734569	0.177138320202271	0.786830374805464	1.07658937831788	0.909315387316437	0.37252091938653	1.31179155391396	0.53837108782225	0.476578521778579	0.374104885722516	0.570753930726727	0.583262224669689	0.738626527772584	0.457337109033728	0.551122017917613	0.371040591726087	0.562963440530404	0.488542645393966	0.429486706859469	0.429265550158228	0.361654884441724	1.56627065014732	0.846237825507	1.24583495264209	0.183421177997457	0.349811968805224	0.482327340131483	0.456464187940231	0.369319164742283	0.379807287618957	0.148784263425889	0.27493416944047	0.181286732889602	0.465274560165075	0.280509545150582	1.06607172669767	0.68411538893127	1.18571243173996	1.37871168273047	0.72972839332631	0.298686641233419	0.426057101263496	0.397811378901871	0.534219949426154	0.519364747576639	0.808898409481878	0.206381645332097	0.24975225391566	0.864930495365558	0.210932135261289	0.436612481303592	0.823682415496781	0.316978721944119	0.597762305058281	1.50076987718987	1.25219449359639	0.727642343450312	1.49791728832708	0.865896483954189	1.1995643656061	0.266028375132454	1.40168760360814	0.970352703556825	0.663327490985372	0.568027001246025	1.09651545735842	0.619502802880125	0.690606465331565	0.556964933809389	0.883556243994511	0.715563863363189	0.654325906896027	0.770079173588933	0.524401184832162	0.613697609215032	0.637997327147693	0.508547472313224	0.52132326584871	0.566175055404543	0.531601853790654	1.36502529025718	0.205808569088053
0.426708263681547	0.0337256524057106	0.104746799585319	0.0611179320696877	0.10967908528751	0.124005738043699	0.124573122443817	0.108081754492729	0.305364327921326	0	0.762081510886566	0.690041774852	0.345474595386319	0.477986825536009	0.428054387346214	0.125244950173174	0.467706080338009	0.185048828168377	0.0522388518729688	0.386671052949991	0.44649833410202	0.294780825910291	0.20990316311481	0.274113178887123	0.126382309732194	0.605228576303974	0.173877233270917	1.46430208293243	0.731283696995076	1.09958913474283	0.361343625395313	0.545387900300687	0.412603702821637	0.192340068209323	1.4230387410851	1.50531400699223	0.32761136814796	1.70615232820869	1.04778409497515	0.115521435192119	0.526957602216625	0.264048351591253	0.27688006017216	1.43264111536034	1.11159017996558	1.20806888233288	1.04172582539533	1.19981857236576	1.13153559425538	1.02641514449913	0.863343073905823	1.01975510508704	1.34778793546285	1.51706984612338	1.39769575378274	0.469473971796844	0.0710759509763145	0.0536781853451733	0.122145287490392	0.0817490213776704	0.115061384975748	0.234019395311481	0.178688056514971	0.137156591770862	0.635246144974414	0.0574065387180336	0.738999823443759	0.243648541595266	0.674931071839023	1.07091283116787	0.726417300119391	0.318693432580057	0.645929618837634	0.251971649824165	0.0808137290412148	0.076483316419967	0.593522346028834	0.444171702321774	0.0526037008451795	1.33059711348093	0.680838242401161	0.75465999697739	0.37786395983075	0.313740490744787	0.944702265107506	1.19944724106517	1.28184512986989	1.34190568576472	1.39808433469158	0.684959357216678	1.49121767391165	0.652136332554823	1.46081826803705	1.53292000948761	1.26547991082251	1.08710237157021	1.11049548548014	1.29880709057924	0.805828755703048	0.42495972667002	1.45008798795811	1.41860113262454	1.29004876990535	1.48274843062101	1.18731009416999	1.22136911472276	1.17344870293238	1.1463264311565	1.21011725254844	0.912059708002234	0.979064249288633	1.25256220734696	0.439171187343674
0.222047158724982	0.694752791735686	0.736315136283279	0.808708041162322	0.92582816772118	1.07987092602323	1.14020734266866	0.958088710572585	1.09988724273058	0.762081510886566	0	0.155109105820131	0.598560305165515	0.0743484351415922	0.412187816692648	1.01187824060777	1.31716109155988	0.454499540249407	0.725836024070551	0.201896312844434	0.465005142442469	1.28939585777316	1.26969799239984	1.16576173728911	0.494204299306013	0.294571204261403	1.13426415017439	0.739692120016675	1.04494072859324	0.226510796965854	0.967684148130351	0.283665126556139	1.34525843259768	0.384150580230583	0.755542005181329	1.13308137693258	1.45463845577608	1.02013477473503	1.77682682258457	0.968835788100539	1.56676662079261	1.02667332663579	1.19138671332567	1.27214301972518	1.57988812689833	1.63750879729647	1.42050761030519	1.40326031684178	1.45849376463625	1.6700520307219	1.785417358949	1.32064048403369	0.264754235040368	1.32471340697507	0.44539854034531	1.38180226701948	0.747388041467772	0.678754319915373	0.882186670492741	0.756030315606621	0.982873259216691	1.26125566131319	1.22988725300785	1.1151371234517	1.06517593064556	0.89356165018246	0.405845209936648	0.250596371758035	0.402840200207309	0.114736265460705	0.891729932851142	1.37506448218676	1.63217471426779	0.576150172495149	0.805625993456938	0.740149184543423	0.206099871743198	1.37421530739541	0.908251179806083	1.05569651606588	1.40593206203754	1.56569792249601	0.335073067149747	0.914582268333352	1.57148799794473	0.27330957319101	0.384291614051828	1.13422501922188	0.270339576746202	1.36629217052917	0.961908937213041	1.53819182414281	0.624350049786992	1.23528187527437	1.67925053957571	1.65864642215387	0.490901139773203	1.53077924453524	1.17859834628171	1.35318313426884	1.29029333121206	1.6071009724588	1.48609589176624	1.55868766549051	1.42205608444371	1.50916086983358	1.23893542419865	1.65337208246125	1.44399381802337	0.948681517617651	0.849706524324638	0.309686002104481	1.47342453835381
0.292817403263202	0.59008869016488	0.541034583145463	0.677122847852049	0.75458384154994	0.863639720592349	0.960713166763766	0.796813732662261	1.07318255697202	0.690041774852	0.155109105820131	0	0.381333418549709	0.174190441427407	0.228006640153828	0.781900003806792	0.904800187033942	0.329232845216723	0.546242007809911	0.335598387048251	0.337591614101715	1.07049151508476	1.03482758156224	0.87384101055853	0.484566510000491	0.381027432503676	0.869434790558847	0.959280433880244	1.08845479437202	0.264408379313376	0.707294524081685	0.306753545209867	1.10812106320483	0.359948694333594	1.00438129003312	1.40393843553117	1.23838714723468	0.955312181840396	1.55827425871592	0.868425605083808	1.36199749021016	0.776090602267257	1.06320311058326	1.30930407851536	1.48736264872441	1.54438554020582	1.42568809163909	1.39566921186235	1.36733505782014	1.52615456684925	1.63112398210171	1.34464375564131	0.261486610573117	1.48915295616807	0.804046294757824	1.16914384174516	0.617578173707955	0.545364069752085	0.635885174413231	0.673364285809913	0.780802649519861	1.1237549129715	1.06967571615993	0.978536116142617	0.945891905226306	0.806057054675199	0.566904123298078	0.185962358351233	0.191215036374439	0.220651639510612	0.638612046753031	1.12296446927594	1.44809937355609	0.50318953823513	0.732496682020746	0.591317769386431	0.485621449728379	1.2673217866592	0.738016580520708	0.96859885251188	1.37708628534698	1.23812027382323	0.318488685582677	0.680475228906908	1.29488433273168	0.390471451748176	0.602277836034513	1.18163662176792	0.56358228761391	0.98330441532068	0.921169219884532	1.31366515667068	0.872923125482267	1.32851713333776	1.51458266135124	1.4493145206896	0.312113539217728	1.50077148890086	0.820620258300961	1.06056749599233	1.26111133308264	1.59288311073321	1.36277579711731	1.55592144368861	1.39746290475645	1.38181663880078	1.15353362738668	1.54553505949765	1.48982102480125	1.17567257827555	0.863991926135677	0.689752300305089	1.28404412374456
0.614373763180868	0.268492123075929	0.202673413711131	0.280189355025559	0.237639444350825	0.36174218916383	0.38585990165583	0.277530500926904	0.928450735152231	0.345474595386319	0.598560305165515	0.381333418549709	0	0.463090457064764	0.0594595756664797	0.255123959127562	0.516979029178657	0.100023542028258	0.206233612978497	0.584844112668154	0.375078852010874	0.55500044101168	0.52163541747083	0.404251615069849	0.354371900865736	0.333193144460603	0.504121379512693	1.67669278462775	1.39064634060646	0.815475852484231	0.138985341302204	0.279109123177718	0.805189811607336	0.155420191496859	1.6401716497322	1.90369552253959	0.576904717624635	1.38766597588519	1.28960297861622	0.263373028948953	0.822528369490308	0.17158184935399	0.323653901721632	1.71766413006718	1.47818795813394	1.56171343957832	1.59786092435938	1.72588403310032	1.50864458332239	1.42707372329569	1.18832723785571	1.61717411058269	0.788495056098659	1.83252887150768	1.49102724407054	0.999580884844271	0.412447691857411	0.234896877782354	0.220175923728043	0.302021404016585	0.281061800062453	0.69685773794415	0.479359458028233	0.508249066625206	1.08115435764372	0.317734285319214	0.862346421779738	0.212795873945287	0.133238756532627	0.719530355707839	0.462480473343625	0.594004208580459	0.88251822681138	0.345939257052516	0.207785066918835	0.160287517489087	0.777469387663298	0.841151874119085	0.343438431569707	1.26150486848865	1.24593110763568	0.934262173312828	0.314419563479302	0.647855952628003	1.1836621705967	0.942687064352309	1.37862420890517	1.73290342117718	1.1476672914661	0.394386530583048	1.30121269115155	1.05530945905225	1.34600076842526	1.81507730392461	1.48381476210647	1.29005851759236	0.827497982329779	1.72700974381456	0.635716410563305	0.467079585857346	1.73466814219137	1.76526565429944	1.46766739122875	1.78243136861256	1.67460464390004	1.62571181058067	1.61766679958764	1.530275955213	1.72992403614162	1.19970496299043	1.33103444744534	1.18715984833735	0.988941144281919
0.150501995239715	0.434109183514115	0.514168106643399	0.556729792777254	0.678018517032602	0.81846376688676	0.860129007591481	0.671974711873493	0.889719809985648	0.477986825536009	0.0743484351415922	0.174190441427407	0.463090457064764	0	0.327416395704783	0.75096192056743	1.12964558332824	0.278734893236425	0.451848377738836	0.114523155861835	0.395310962235192	1.06105331770188	1.01221345163318	0.946771571918685	0.274515395806564	0.240288707303992	0.878176428789589	0.870336137955742	0.991993891494643	0.389933282503651	0.796708126374095	0.265795871186109	1.13975107741568	0.200414506914475	0.898942900287072	1.29568400226763	1.2260093415677	1.28301561501704	1.72296761164186	0.718788101281282	1.40123415564977	0.848976734100753	0.9891833146368	1.38954753316038	1.58120218916554	1.65061112632543	1.3996939842778	1.41495342063041	1.46048115627211	1.61631256448535	1.6784228520481	1.28325659282227	0.473460840898912	1.47107654683871	0.62612850542795	1.16731205085172	0.496588297475537	0.438284843928686	0.639598259584352	0.509078671994601	0.727616616371826	1.0183811302545	0.968778125710417	0.829645983637208	0.834550882417483	0.633994643415107	0.35245206033855	0.135300798483465	0.404614352094732	0.269241460130141	0.850910654561152	1.12681368867691	1.4507522845709	0.421281563730074	0.533703332298454	0.472631340180483	0.17114980605396	1.18118686823995	0.624983741912618	1.17585536347866	1.29619910121721	1.4397003948913	0.181463406847997	0.699480935142613	1.49122118966036	0.363354489898825	0.513821314073958	1.26873655048578	0.487445270571322	1.24758081723412	1.10235848370834	1.36330959232442	0.860320435331553	1.42182901035221	1.70370844450695	1.62252444799641	0.60233479567622	1.57985721572866	1.14688018980842	1.16432345408201	1.43729075682058	1.6780918639839	1.54859677180516	1.65639999662703	1.43143264386663	1.52593024981408	1.28068949363144	1.64055423712949	1.45126070344	0.944393745530082	0.862563060567756	0.508517946764983	1.23528369003413
0.521057069578552	0.355032126719361	0.249731983663713	0.319949982289344	0.319070415241575	0.45569875588658	0.523305692076524	0.4012720589932	0.942292561043519	0.428054387346214	0.412187816692648	0.228006640153828	0.0594595756664797	0.327416395704783	0	0.372132167924684	0.582834312530321	0.0725723947138199	0.275091885795022	0.441564072170233	0.20643958634931	0.631323206307048	0.641221616758323	0.473362734743476	0.3154511697954	0.28670827850315	0.598084064148962	1.50777033983564	1.37066390929402	0.717461482298424	0.331426838691641	0.275196497249472	0.860115010615681	0.162892062696036	1.47990771260913	1.79684173451172	0.783628794445822	1.23211812459249	1.35763623156604	0.427979533018462	1.04738795930726	0.301149563055976	0.517303546962659	1.54459761836682	1.47444677589587	1.54067516520867	1.54537009470744	1.63614044883355	1.40751437379315	1.43353610405829	1.33582917414541	1.51067404834269	0.559486089837442	1.73445736119229	1.27841858030395	1.04935545794103	0.462350390852831	0.312805215524182	0.307736348414558	0.330977609601956	0.380038696239944	0.777096461230024	0.628155295365256	0.613156013018592	1.08336234291857	0.412318976944593	0.775937519159982	0.170868280088153	0.104459251602207	0.497641969524812	0.386503702973605	0.714545976077973	0.959841017435324	0.238039928430836	0.354734847680186	0.264196104905	0.600347338715497	0.92746139586613	0.407376850019842	1.03366745270208	1.2147605479114	0.971232221277232	0.189795830715013	0.603247038791541	1.21701056669282	0.80607061263175	1.16990159593122	1.6031157367548	0.96120783211744	0.559130399956384	1.13956159804019	1.12346600337119	1.2136150828728	1.7654365390406	1.46939083586271	1.28464891222059	0.574133247915946	1.67731406118782	0.581930675655128	0.607394849176305	1.63209766369878	1.70919885210222	1.36359980269162	1.70338288574404	1.57258629903369	1.56562946416574	1.53883702396497	1.50806345040329	1.62459680668216	1.05240529815596	1.12998976875991	1.02339860616917	1.09304957894127
0.719378659243016	0.121502672847756	0.0732565899333307	0.0670466614216578	0.0406541218768502	0.0481114599656609	0.0337508201906735	0.0575230545865987	0.409824046752532	0.125244950173174	1.01187824060777	0.781900003806792	0.255123959127562	0.75096192056743	0.372132167924684	0	0.186441757679698	0.21963589696446	0.0654464060856812	0.702520609860956	0.408606373143418	0.17255774718747	0.0835133693042873	0.0777045365979098	0.317535856094265	0.781689972834469	0.080470811209545	1.7115468231574	0.892716515883784	1.30095414011745	0.200992286065732	0.608244348810875	0.265090264694115	0.33711947452074	1.56832019858625	1.66103064210468	0.149293217432975	1.56447537383953	0.752400185831917	0.0678467607073565	0.347200313800077	0.0732966807792893	0.172556950213231	1.39323531717524	0.963422912641239	1.02766203038091	1.04330991817244	1.20509936424053	1.00459378268458	0.839110742475996	0.640809469819785	1.05978718556886	1.38226594936593	1.55551109808747	1.71248820491782	0.385750085237718	0.154345116905891	0.112609335103537	0.0364517341607454	0.109639443066203	0.0336659986402974	0.174353540464566	0.0690803787827876	0.0883941120348677	0.748818627386575	0.0705825660545333	0.94399397781034	0.379524360970365	0.561015149846017	1.27654299294968	0.433322375326402	0.112712799457794	0.410238580698209	0.280568782111305	0.11541582680925	0.0892333294412239	0.982339773050968	0.281235447971792	0.0465713699016377	1.12476173262559	0.659803839316599	0.438556927924811	0.520113472839184	0.269487738840602	0.657682883659494	1.37683541605832	1.60037964232618	1.40266704944143	1.64742231620248	0.294281635769141	1.29992197062616	0.461138302388973	1.53636117067983	1.55391382433931	0.993026164559094	0.784201579516637	1.01375841170752	1.20694110030653	0.446627162440205	0.247346046398664	1.39706637107615	1.30016374473736	1.06365562592124	1.366552319596	1.13986521645318	1.10728749950934	1.18288828966199	0.966543094945061	1.20475646269942	0.988679870234083	1.04284214476828	1.58562394128776	0.346305511727242
1.02674687654665	0.458327973900627	0.297732763679468	0.313970785215911	0.257798223597568	0.194257152552619	0.209306739107652	0.321007125886488	0.483647831742001	0.467706080338009	1.31716109155988	0.904800187033942	0.516979029178657	1.12964558332824	0.582834312530321	0.186441757679698	0	0.512799658611649	0.345507508281596	1.04081763784118	0.507051981044982	0.193548253219804	0.133379960429944	0.0850297856813322	0.640372934215229	1.1759368828389	0.130642966240053	1.61375661387155	0.82776361641334	1.45410984167926	0.414086217668111	0.943994020392074	0.165075383071892	0.744002083803989	1.47656398818041	1.50343440149745	0.199971059579419	1.23816416846522	0.391938258895792	0.381046107646366	0.321815547090135	0.224617466151926	0.409433775572445	1.03210525785197	0.660825058389389	0.657701005382628	0.804529844299522	0.865397329712349	0.638029402771343	0.491591387305047	0.437643064478742	0.799851407146974	1.35603903139063	1.31811437466992	1.79576154370633	0.243362849021233	0.385786919535439	0.418270986721992	0.209897159666476	0.384955959848579	0.217012060470632	0.243163478307079	0.210993845539807	0.264350202995694	0.783532958960847	0.370503120453959	1.2377039881487	0.73133291404525	0.726386888239233	1.43272000092613	0.36765331411358	0.115617651333272	0.270355011273079	0.473926226668859	0.519764356366029	0.414841585254208	1.32840906082452	0.308918844160873	0.25533371019741	0.776004941791628	0.504250689199597	0.131733314202065	0.818946409945231	0.231786029148459	0.290514847056567	1.54330556763289	1.63890088971783	1.09662699030804	1.80561352329153	0.189606690256905	1.03903469462338	0.264944169736953	1.49251252462053	1.27206495555441	0.555710795345898	0.397026860622208	0.810360058653453	0.825352373344816	0.158846404255554	0.26288974368745	0.994506429162726	0.895693273329044	0.647210172535018	0.953572163747902	0.794306703866903	0.682040735965517	0.838722929740843	0.582724109794795	0.868296970406666	1.06489723119402	0.894598895307455	1.8026555103137	0.24866542815842
0.404462416498305	0.154060734325478	0.11041077985558	0.139471527544779	0.159472257846673	0.272972137514281	0.313778274853777	0.211888710797363	0.653610091088375	0.185048828168377	0.454499540249407	0.329232845216723	0.100023542028258	0.278734893236425	0.0725723947138199	0.21963589696446	0.512799658611649	0	0.105474641779066	0.325439083077262	0.192203922256036	0.47335501886835	0.433626936503928	0.344283966205484	0.139377253668333	0.334968612931041	0.387428008642148	1.49451053104765	1.12162342731873	0.86380119970193	0.317752479335894	0.266776539693685	0.663415877578983	0.0740607254062619	1.43340814911786	1.73923194846211	0.600522086082879	1.47086086897188	1.28885756635777	0.251206461860254	0.869656599891215	0.237862997592384	0.405827345287032	1.53727134141825	1.38740713319182	1.46794547758042	1.39091028649838	1.51120983494902	1.32373059035645	1.31440327816498	1.20815545086291	1.3355462731342	0.819257957264223	1.72432873488317	1.30410524435314	0.803837942154334	0.22928360509984	0.131135844285705	0.162560721515386	0.142134507359415	0.206088647857882	0.535010823259783	0.40493948329782	0.365591821027797	0.920281941241905	0.196117667944001	0.717045785820999	0.101540893658178	0.257681471502986	0.658277479392661	0.46935420848616	0.540016483304662	0.849588649361632	0.134910023834243	0.178599970731011	0.105148941833196	0.495366185018595	0.731874089860504	0.192986469263804	1.14258116940541	1.00212133364388	0.89783738757868	0.163666965093333	0.422054113395942	1.13948023669767	0.912336708412328	1.19014105973419	1.54871973063081	1.10856541034213	0.609547937045671	1.26831461247023	0.949228526845476	1.27587478594295	1.74730442072075	1.44443462345976	1.23999576626642	0.736345982651648	1.58854726247324	0.640280264325343	0.561058805690311	1.61274465427913	1.66416524006229	1.3668029067208	1.68507260790236	1.46157242366013	1.48674868632609	1.42839122104634	1.40820438555698	1.49031000086884	0.972822982849429	1.04840888652036	1.07516778796865	0.835478498607858
0.454777103663712	0.0365268114141466	0.0496838067772889	0.0579988316418483	0.0812625632611175	0.128536599553906	0.123623874956401	0.0755138785393585	0.433379009996944	0.0522388518729688	0.725836024070551	0.546242007809911	0.206233612978497	0.451848377738836	0.275091885795022	0.0654464060856812	0.345507508281596	0.105474641779066	0	0.445652634527451	0.34732830303083	0.324238595813353	0.216777452202996	0.20825287954753	0.157353190032141	0.568643297055734	0.156724316835023	1.52976140774946	0.87210558354321	1.05568149479799	0.250618430657291	0.442475410266364	0.422208364711834	0.158271630282493	1.44555553184115	1.66470357507771	0.345314152575849	1.62784596216924	1.04560111380483	0.112057174976956	0.56602121844882	0.186324035636832	0.307275026487196	1.4964976665178	1.18433587484826	1.26123245843535	1.1713365862879	1.29715094293464	1.17976922327111	1.07816267484901	0.927667661387093	1.13303077905314	1.1934389802933	1.65806369341939	1.49229721385197	0.504610265008516	0.0854417784749901	0.0376602696242949	0.0513400016152921	0.0806828911727292	0.0834986774541837	0.30425309629323	0.193130037245844	0.157400984728085	0.66326605658016	0.085841866194996	0.740495669131276	0.188929300684458	0.466203733848151	1.0301936174634	0.542596614178074	0.288541071896809	0.669687808831258	0.232292607978689	0.0754243791849978	0.0315917256975139	0.701936830540203	0.464042467206413	0.0462253721404153	1.24064374549045	0.820794215309503	0.6827503843403	0.324889610106302	0.251099615795738	0.873543434024263	1.1063801868295	1.32401076063112	1.4353523989745	1.40451118514631	0.501333346366142	1.34615465291954	0.658074683773352	1.4424089577885	1.6153495498088	1.25441447661905	1.05389652363141	0.917974970958907	1.37018666589882	0.63059000276108	0.41588606684582	1.49121510834269	1.49546748135061	1.27964776196366	1.54975364116657	1.26248889960676	1.25970560222371	1.22227357347272	1.19838577126264	1.32031174881736	1.03490669986061	1.01469285433069	1.35895358498897	0.488702322383397
0.116083239956224	0.381817457415031	0.508672132314811	0.460080337865621	0.63811721773439	0.699068318765436	0.761483640191464	0.709101566455961	0.715298320989955	0.386671052949991	0.201896312844434	0.335598387048251	0.584844112668154	0.114523155861835	0.441564072170233	0.702520609860956	1.04081763784118	0.325439083077262	0.445652634527451	0	0.425962066960365	0.888198234135259	0.875485987042295	0.879796381794133	0.162890592739102	0.37970405216419	0.77159922645584	0.918037751761075	0.795474275279575	0.524179901401112	0.875590282460409	0.457569335015232	0.995202453837811	0.219131863241161	0.970199964943072	1.1667401301306	1.10223713795645	1.41426541429098	1.58543203736446	0.669031852403814	1.32949427508357	0.84741935148403	0.870671553590789	1.27586286265099	1.45093659491	1.50167283481516	1.2295121309477	1.21777891910728	1.30190339511239	1.43497050393691	1.52306155797992	1.08264386222381	0.683913408521412	1.37431382675882	0.687327454610673	1.00413464952539	0.412322762981221	0.397081739654254	0.628347583490208	0.459720643111996	0.689313732635608	0.814074541363559	0.855166680309476	0.763323892022857	0.892004000593264	0.575794268159413	0.411474567289012	0.220529132461198	0.667901217918659	0.374245147047368	0.990713147249014	1.02431609978804	1.2498063865724	0.378635944316838	0.55748792636127	0.513841118854045	0.0966250835925715	1.06530956222524	0.537614021612939	1.16975869593864	1.01052289358233	1.32376856587649	0.214688518972183	0.60058973992109	1.37667324997682	0.63383480339902	0.557145330862733	1.11689989926623	0.644277636094121	1.31304110826014	1.31904326104729	1.26152530503405	0.906911391553812	1.34827630135329	1.57461593383301	1.50965225369838	0.727080668686895	1.39790043538248	1.14336593733699	1.0114276303382	1.29172031403918	1.51178673732236	1.45383374572286	1.51651005048333	1.24291116511365	1.32330332984551	1.15063188523902	1.45718440752691	1.22808448758703	0.866169550052576	0.849519552099525	0.518981579131665	1.03723820523374
