0	0.230330483065045	0.297084984903423	0.391459690408465	0.467049454062561	0.713746836269585	1.206766448661	1.1885038760785	1.2789161818173	0.234957764176086	0.181308817554843	0.123175411018763	0.448738667230239	0.124597584686945	0.320537667702027	0.795055669294977	0.642918197279074	0.262382454134783	0.461230581431242	0.143049403490038	0.298589961817098	0.940238775307279	1.04188328362718	0.511609363101562	0.295950918429399	0.596270284982461	0.67410723431576	0.643257600444367	0.595897468451138	0.259956060019484	0.834572809139477	0.237046117491531	1.07742718082524	0.337786026952955	0.851852287610891	1.21171799415683	1.21452583302001	1.32663090502031	1.6374383493262	0.700946485301769	1.1208997860918	0.756663746381876	1.12872429316668	1.24124048046245	1.41631910041976	1.51937605936069	1.28032919119051	1.1422787621666	1.34256341531322	1.53805676612496	1.80143295046558	1.34530540495563	0.288566500398354	1.40315962696038	0.58011850202605	0.880353302896437	0.19509438352964	0.188742045132693	0.410288024684499	0.390834743725725	0.447957412681638	1.02044741681116	1.31390555603162	1.30440257883475	1.09238066399084	0.509789859086597	0.237641549438688	0.129761510539905	0.319391566899308	0.203531978762135	0.541721448866598	1.12696541024109	1.48336733306197	0.319190084694778	0.61938292780472	0.663750420084306	0.210219685353037	1.42193151256308	0.596821555134264	1.04466476916936	1.24677181995279	1.24926295967372	0.646990276210906	0.494798423117045	0.922623935611683	0.443163503418618	0.417203544378385	1.03976217260996	0.430321941681818	1.02491455430158	0.695413870969329	1.35249805775921	0.341667813092893	1.08813051880097	1.55251349206137	1.5870252766353	0.261025116485105	1.45088138532891	0.682934835843295	0.79708712313193	0.961589946550619	1.48728261284808	1.25060781836242	1.49477838631831	1.23822065039482	1.30129836855422	0.774174142994048	1.50910190172229	1.42652304927324	1.07859807691128	0.782887850280616	0.414919494194343	1.18707974641587
0.230330483065045	0	0.0600535561853732	0.076753422104425	0.0953542813302591	0.274133022429083	0.662102726897312	0.631604861524426	1.17425491349393	0.0822780622078287	0.439772854567123	0.366315404452269	0.30830107701772	0.372000305528083	0.300171376156064	0.286351620188667	0.24750659027192	0.243084465441722	0.222303969143157	0.340731156696067	0.434713863941784	0.505118767622847	0.51682474082894	0.160001257214096	0.176307646922309	0.635125230844516	0.284815843902956	1.06059068880731	0.762873776252587	0.699304833589173	0.532424590454017	0.294572535526842	0.764565717700617	0.259207795290293	1.22027628641116	1.54420296048296	0.622599048153036	1.42839631877721	1.32835104294473	0.26405905339303	0.686082446640473	0.323525977391237	0.717160303263785	1.41006330539625	1.40803867500191	1.41664580488839	1.30033905896434	1.15828123745981	1.2810312831767	1.36329224994082	1.50788310569137	1.3087804887085	0.562610977880168	1.57870031097053	1.05089107628655	0.655325548822514	0.0410750694667068	0.0183274715806798	0.0582511370119259	0.0729648586960866	0.0687952694980113	0.681412044313074	0.791390509385433	0.83190878478521	1.18009579572974	0.183753254648961	0.448752246440971	0.224075975461432	0.358532084098959	0.591590741578282	0.449247943646043	0.543875266301184	0.973700633983101	0.294476667841266	0.292675440225337	0.315553510409047	0.54311132057469	1.03487171240884	0.283408943668587	0.934564823465717	1.17028405419964	0.746813504409518	0.4818115638784	0.190611921050575	0.469805804388925	0.730722753018822	0.939160510845332	1.27437858852932	0.843380837374236	0.548194441800258	0.730006424548449	1.05233826232542	0.674938810805601	1.3764284751241	1.35214237512466	1.31582878159849	0.301367223972581	1.41312986775519	0.264220374041672	0.467265353029379	1.16594509037248	1.48497857051375	1.16126494730338	1.49720188554104	1.19510824480331	1.25040912552627	1.00794162554233	1.3642996434562	1.33760648960198	1.10235595183998	0.983835859719769	0.940158028543459	0.865140701699065
0.297084984903423	0.0600535561853732	0	0.030181720782288	0.0377947945588628	0.277524007813522	0.745384596267659	0.62534415109167	1.25726635652964	0.186927102614265	0.327999022635397	0.325516152657433	0.276699090529449	0.385893105655215	0.239047259485015	0.237398250037127	0.219422347723334	0.231369769372844	0.244088883932777	0.344402796678266	0.350893537594975	0.542972185230844	0.610519130866529	0.148311035468018	0.131289749229098	0.440253564987914	0.270425156251531	1.13817951188713	0.829641887057381	0.69261934739189	0.557460281677714	0.295062269691895	0.833298047331631	0.226647713578074	1.2845416290459	1.51948514298095	0.653601938322049	1.24591890409205	1.37346165440046	0.193962507452586	0.813623955860084	0.282240589311586	0.857969327076315	1.39149776534247	1.3712382745695	1.42894714572349	1.26484358373771	1.20697994344827	1.28470053521899	1.39535065190605	1.53143372048112	1.34040942920622	0.477181424483577	1.51185786879599	0.972724952583876	0.788453693128604	0.10436041029821	0.0548217146423315	0.0269755978136708	0.0696302432747576	0.0396087316970677	0.73171554369717	0.895744023876538	0.875813893644862	1.18803601177947	0.221122392593907	0.446922489540939	0.175367705296652	0.313541007264775	0.550903233506273	0.305998912584772	0.518526674071781	0.921721202935733	0.234195853596442	0.243905755195095	0.271186325892273	0.535534229724109	1.09192064843092	0.270843644324526	0.815295696180993	1.18387536234656	0.739134875029052	0.313050192548461	0.206660685433931	0.445418398515084	0.65070906288984	0.996175285449908	1.33899704456282	0.739003320779983	0.587883300379356	0.566251314046017	1.11228749802728	0.677183663866383	1.41757171377837	1.38866707064317	1.33393626934028	0.177370926848922	1.44424726705375	0.250743603087938	0.49637201242242	1.24104049443777	1.51565876757256	1.01496373581309	1.48982661245198	1.19551641381634	1.33512151440561	1.09823843171657	1.39651886587607	1.40457793314838	0.960540534209966	0.909497165235093	0.937957072584953	1.01202149872257
0.391459690408465	0.076753422104425	0.030181720782288	0	0.0236613826276324	0.199459629737634	0.612451775050711	0.512070386181724	1.18662513546047	0.18478734183306	0.437502175556317	0.444339056356229	0.3348637847882	0.470300852971133	0.304121371943037	0.149597376272547	0.183835353429354	0.285011860952526	0.226580845922534	0.405206695570842	0.409471841488664	0.407746423429305	0.491316403487265	0.0962911824971866	0.142987144181755	0.536667944195781	0.193904974094529	1.22186828384368	0.809567731296358	0.831266128184039	0.548213069068437	0.383016731346869	0.703063469564311	0.27677665282942	1.28908614778469	1.49557464925244	0.544926790632394	1.2145964663977	1.22059389161064	0.162939764698119	0.722651602978191	0.249063386910182	0.80410468703305	1.3275527299055	1.2745673208892	1.32077015804337	1.1878081463304	1.1365148270248	1.18605790542874	1.27176855398157	1.38671770494482	1.24032109007431	0.597339132367694	1.47621494762243	1.06402975055049	0.688643549540575	0.118480120633975	0.0888939614139951	0.0286528924928079	0.0565294904038568	0.0268687522138503	0.59542459361468	0.752472032694227	0.733431970520543	1.15445140208308	0.171129840764836	0.521505960302892	0.25799651330733	0.398159989615299	0.687601945830718	0.308855372260194	0.37314837842177	0.758307967606604	0.25003092328823	0.236520840166723	0.258043830798148	0.639146073900237	0.875299742242447	0.206695178320209	0.731436262157752	1.10389254984005	0.592892775876867	0.323126940278699	0.147551632833767	0.361552391206496	0.723545611076825	1.10128756766484	1.31484252150427	0.860651696655844	0.529042199500203	0.593811913895111	0.971650310812319	0.785367720273484	1.41986622654632	1.2631552954767	1.20372170738155	0.244431217851172	1.34066748781162	0.185604859527512	0.458710451406256	1.23536970827172	1.4287257729107	0.91812177911124	1.40765826432846	1.0937018737159	1.25665426576351	1.09426912788603	1.28556811921624	1.30607440487598	0.92115055558596	0.915253143690278	1.0768999699062	0.881887935205303
0.467049454062561	0.0953542813302591	0.0377947945588628	0.0236613826276324	0	0.213917268889556	0.578099206092218	0.445898053398332	1.21148713723306	0.228730200848797	0.478458218341176	0.470145100431932	0.284964766034309	0.500934659325719	0.292084801862952	0.142862674359034	0.186486897306803	0.290575503778486	0.247975110023406	0.484616856712927	0.446604583774263	0.415037207722799	0.476775346666348	0.0846416147869488	0.198440761597144	0.52611986648191	0.224689973908064	1.29892455482718	0.913606763938844	0.868340436414245	0.466730898837371	0.366448669057779	0.708584620532442	0.288614884217778	1.36449214288498	1.57143259458622	0.502252347007544	1.21545166185027	1.21011333156918	0.13682218773419	0.721056577865481	0.184880988140603	0.704128841030388	1.38302188851918	1.30987753734726	1.33849497379862	1.24692073227617	1.2086349402833	1.22046254424424	1.29346569228144	1.3676829229053	1.296497607736	0.601914343794745	1.51252975176291	1.12338779172965	0.741522287552606	0.169671982184489	0.110339795500901	0.0205263737457386	0.0514242403897713	0.0148148901394236	0.641154629522991	0.718566439058625	0.707229129333289	1.23787840104329	0.170585574518647	0.559324713848081	0.281368516677285	0.375241124946503	0.719001856013108	0.288063619231628	0.367056620272289	0.742741049806331	0.27305284078891	0.203274528862602	0.233917325356114	0.707519433736571	0.893062977477703	0.244435064950671	0.723980807372171	1.14507936842562	0.587132324676591	0.348141898961009	0.21544584843629	0.372197179972515	0.764044702494047	1.18937710574188	1.38280764116223	0.877668845047544	0.425781224476327	0.579927899661108	0.967636129783464	0.810218146288386	1.49351692030826	1.26108135478109	1.18391287296304	0.28263197073525	1.38994447532288	0.144118332026027	0.47919879751897	1.30143834531231	1.45289901313925	0.967657093856723	1.43350978024949	1.17230257187605	1.2923522743257	1.18302871475127	1.309273159472	1.33975396085723	0.920156941080809	0.973901166497743	1.10399323062932	0.911598083451642
0.713746836269585	0.274133022429083	0.277524007813522	0.199459629737634	0.213917268889556	0	0.247056361954897	0.216855193968272	0.945931828991688	0.250709285041372	0.814547143555136	0.74831257194583	0.51311784261502	0.867178755528135	0.510761933775347	0.053334935701401	0.0818794970583545	0.441448902285763	0.163111436501671	0.55618753713213	0.512090688885819	0.113402633767063	0.256123676236255	0.118045075671884	0.283071908029898	0.780675946484475	0.122394705756796	1.38376193831345	0.983034778677341	1.29965742832881	0.603979855462732	0.67102561480839	0.541659575348112	0.36549362329071	1.40637773543465	1.52936508950119	0.342092107714333	1.44295915544887	0.955891818916146	0.199431211839796	0.525741360015553	0.336612591078885	0.589327572086174	1.24963854314864	1.17558199481739	1.14963451804264	1.11450283527604	1.0682088368416	1.03647491188631	1.00531948956328	1.06548673051861	1.0703308124184	0.88745730592517	1.46112864633632	1.41645694238302	0.545477829934412	0.291421944082395	0.316479531459735	0.222202190463806	0.259350838629608	0.194646006088954	0.303429724533466	0.354988393469831	0.36054335930431	1.11341508933076	0.182776910360737	0.892232809112382	0.56426942699326	0.655346080449327	1.00139564176758	0.468675339658892	0.194507366280656	0.384468292235769	0.335602156590772	0.276607627170307	0.152288098336339	0.804465279826375	0.630264815627011	0.0565572917457218	0.771298038203409	0.932105166242898	0.387550779111221	0.311950586716123	0.0686325259195075	0.229943319085006	1.04808201790647	1.36793387748403	1.36544062803557	1.25009423082113	0.49071454185008	0.783520609982952	0.781505400262681	1.14575780635135	1.45190715430626	1.0396266934271	0.965019134743571	0.481241502319305	1.15748702858313	0.276037021993379	0.342157136751463	1.24401225933383	1.26415940192426	0.784775000951062	1.26429306209973	0.909153304847784	1.11361294997379	1.19844070024616	1.01775106250846	1.05564977166203	1.02273202473704	1.1042351081972	1.48390346428511	0.671478451409309
1.206766448661	0.662102726897312	0.745384596267659	0.612451775050711	0.578099206092218	0.247056361954897	0	0.129606074254308	0.569280989244221	0.569292419462456	1.41385273484811	1.31613917428914	0.938184877216791	1.3008909772847	1.03150381708911	0.30606741342062	0.461996012813267	0.928763511614298	0.546958255514725	1.09724510793005	1.07955535354951	0.138302484367615	0.10533727539865	0.435747543096996	0.818303983155853	1.36069069703774	0.40228271431568	1.3670573608409	1.02816357425055	1.70957938061819	0.734417140839679	1.14401558693494	0.334768311096353	0.899729908534225	1.19500061467697	1.41962850810353	0.275517901208777	1.44307364098629	0.473870470612008	0.580453986501222	0.414907441904536	0.597686845978584	0.42476496030713	1.05657901320633	0.940676468611808	0.761505120616585	0.948080431379322	0.865273655970854	0.737997774573808	0.587724685353076	0.568840726908495	0.738617925006704	1.4284658986818	1.26410827604367	1.65672339350544	0.378014463893052	0.729668094939399	0.772123120359492	0.607669146406243	0.613969153679118	0.562722106893756	0.278865812371871	0.0181823754776003	0.102025865618243	1.00313917842289	0.352077457261671	1.41666645866035	1.07700287142638	1.1575473971325	1.49350350120617	0.969303136539074	0.197937660681516	0.266120925828364	0.796585776713152	0.652269640361792	0.521720723103158	1.19471926063338	0.352786969860474	0.432942408904538	0.780630812701535	0.692659777367256	0.214088961521886	0.857095945157688	0.41735278293575	0.33656709958651	1.52926702869124	1.56351232249601	1.12675296231927	1.75088822857352	0.513468812205181	1.2302463143042	0.420759857050775	1.31301476096942	1.271776781595	0.616202977861996	0.530634912566216	1.13691890582026	0.79228466490333	0.467456936345595	0.615291991357055	1.057830466833	0.858249773949139	0.832149914584589	0.912446917762587	0.766312256644373	0.715960631245798	1.09556457045021	0.600491466634939	0.634673317126587	1.12905657755104	1.24772285839775	1.70446768516737	0.320411136760876
1.1885038760785	0.631604861524426	0.62534415109167	0.512070386181724	0.445898053398332	0.216855193968272	0.129606074254308	0	0.931185549183694	0.571487593307884	1.20363760631035	1.12289234212632	0.671495982352422	1.15404217387186	0.767192257974149	0.181589146399437	0.357329924112975	0.705851138290926	0.365653878888651	0.963061667784039	0.863587306493786	0.219228655830229	0.322203037246791	0.323180220484317	0.614445449452079	0.953097648588829	0.382386187599426	1.51006728911693	1.27087546089691	1.58652423311306	0.501698630986383	0.901936976221255	0.562513779334684	0.642993041971924	1.32883116051926	1.5684150419197	0.309324260687198	1.31085599512533	0.74481966720054	0.386798696329204	0.51800146635435	0.391868150667797	0.494209064451694	1.27945519375221	1.12565017383635	1.0265224572895	1.14525802099218	1.17006758682355	1.01596037778553	0.881590923288837	0.747303349486772	1.04955460982997	1.17040402995683	1.41929986650272	1.60875287621711	0.656834478497193	0.678112373717468	0.677918324258456	0.498486166613086	0.553949937167305	0.438743504860891	0.443624713600168	0.193013867115738	0.217862778919578	1.00732331085065	0.321134125718114	1.16794578783734	0.941884795824787	0.859391804593702	1.34372248546788	0.643252408607816	0.227412269675879	0.285422416171818	0.652510853611208	0.335067021693018	0.253613757653895	1.19978698057128	0.487005488832935	0.317578654803643	0.84025947962441	1.02921788299994	0.403152063577714	0.556673842309437	0.415517080059958	0.425818184841597	1.17325010701044	1.63630167981849	1.46706646965836	1.48356051993695	0.341876760871748	0.951868167299853	0.614245922788733	1.38480775956265	1.56057746811288	0.902478867911473	0.78409357764869	0.904673806949785	1.0975596103787	0.439532023324538	0.527275482471052	1.42672963729419	1.15967323011583	0.870166366780818	1.17962115827217	1.00641973339719	1.104758684581	1.39202452305938	0.921455455766755	0.989452412708151	1.06763670706772	1.31261853236032	1.72681692843067	0.62932707985735
1.2789161818173	1.17425491349393	1.25726635652964	1.18662513546047	1.21148713723306	0.945931828991688	0.569280989244221	0.931185549183694	0	1.10459742466991	1.5055217409309	1.55632323076619	1.72714705703785	1.46088962890053	1.70218417537754	1.10844839670095	1.09950628525236	1.61268649415175	1.36332621044221	1.43201315655574	1.41671521475045	0.651668378203747	0.453422945544906	1.14543798739912	1.46390474905719	1.68202035363892	0.792121140647998	0.617025280678631	0.407941891483134	1.55860145804134	1.65390048538935	1.67488638532374	0.249134561139485	1.62476381200811	0.598131018729825	0.480671339777099	0.783639946181178	0.972681089544142	0.199423876234573	1.33690466037739	0.784418698286846	1.39075178780591	1.05429700046696	0.25911392757749	0.257242636326677	0.14594381735474	0.22682590747679	0.150110617509671	0.119179738360487	0.096280789465961	0.337126135390892	0.0844764511185877	1.71578136357078	0.391582639261914	0.903391545383401	0.239059092830661	1.20193242456092	1.33605347295771	1.24057687539502	1.07206757576694	1.21301343521489	0.355158111288092	0.486368015669937	0.352886162414479	0.647428721505088	1.01322651230731	1.48605824450305	1.37755735785154	1.78660938324901	1.55308100313212	1.52024612547687	0.672765104536141	0.619471263220384	1.28102421008383	1.46072857171409	1.36563186332102	1.07735557418719	0.494878908565202	1.12455597622188	0.565408355905679	0.0915684847526166	0.337765163439056	1.40816533418464	1.00245988701488	0.624145753264363	1.72559334801428	0.910747017447206	0.227382835362343	1.66043668443922	1.39564179027265	1.3243029561281	0.215941832557521	1.07615121440986	0.309050042675152	0.151122968937826	0.160915583717296	1.44370562141841	0.125926192821094	1.04904295622514	1.35582268011097	0.200486889331347	0.13130464788762	0.456627188445546	0.170179689461349	0.18404632325123	0.062470710507865	0.299684729586285	0.0745211209762537	0.047756243504096	0.634324597984307	0.550483166774184	1.08166958682567	0.171794657719282
0.234957764176086	0.0822780622078287	0.186927102614265	0.18478734183306	0.228730200848797	0.250709285041372	0.569292419462456	0.571487593307884	1.10459742466991	0	0.483984835548215	0.367160611000446	0.391576729634467	0.352197167277091	0.329399465681789	0.327681208239082	0.310756783258033	0.209921934739772	0.142149478454108	0.230253099755707	0.359179638342673	0.406747365384567	0.534062658910678	0.171084892754811	0.173809449864799	0.794016497498326	0.348561790721258	0.938596287940673	0.754810112602281	0.782857862642578	0.605385132999464	0.340811486347472	0.736951885520724	0.254845340002924	1.01288508057573	1.54561201011197	0.764887454917748	1.64342117573308	1.32682990443071	0.419857975639958	0.740613004279958	0.509777771675166	0.776237775791708	1.35931829021998	1.43094091110849	1.43011592225098	1.31767399440265	1.15929369962148	1.26069015435204	1.32480826875415	1.52428953219791	1.25476705075942	0.568013807432388	1.6318448482146	1.07898600467902	0.565883476925106	0.093902208047791	0.0972636660370242	0.199294608110779	0.216419063967856	0.19975454281816	0.621091563152088	0.695130779155393	0.745280595439354	1.03242552960773	0.111090455273681	0.52577871337065	0.238301917082559	0.404932776426271	0.553948305012917	0.498249280815098	0.615496885131559	0.974014336595893	0.215686393818027	0.334014523745756	0.321288664552965	0.399912580289702	1.00153618955002	0.219144199188073	0.983254141356727	1.15012788752133	0.79265632867889	0.515848591368376	0.145409438546258	0.539565938202816	0.720270561714633	0.850391119731805	1.25300679263278	0.930604349188081	0.670262454864315	0.836153550468367	1.02807604866464	0.605809888336794	1.37038842751342	1.36988273663651	1.33538527533624	0.383311258799273	1.38767361674643	0.416306088982876	0.509127191166465	1.12048730665288	1.46292027210074	1.1736165249439	1.50301512953342	1.15635807690052	1.22018649499839	0.952447811876793	1.30955162253035	1.26667495108504	1.21978538737237	1.05459495664881	0.96085918916388	0.81637169596595
0.181308817554843	0.439772854567123	0.327999022635397	0.437502175556317	0.478458218341176	0.814547143555136	1.41385273484811	1.20363760631035	1.5055217409309	0.483984835548215	0	0.0457960164397246	0.358852088970335	0.128999396246192	0.193683848215229	0.795239244456114	0.660006723256245	0.228576329679144	0.520916586727919	0.151176341179358	0.131507600711558	1.0475226796409	1.31523369150632	0.537882554381757	0.295853457774003	0.286934260590026	0.786169362366276	0.832803117400236	0.842139015658821	0.215967796782459	0.792587890324452	0.192971273689156	1.29765925715341	0.28285415896964	0.984516895306139	1.17057602037347	1.34345158870322	1.0620834886242	1.76794575338975	0.645080251086365	1.37637750747392	0.695345965910748	1.28752695821427	1.25414558098734	1.3972219689873	1.61245026973715	1.31651894333516	1.34986398077536	1.44863205333276	1.66919238579537	1.863821248941	1.49817995157213	0.0912547435984941	1.32530217795163	0.475855396711797	1.24269354812633	0.418927187986959	0.340827750547175	0.482402731757529	0.505451205459843	0.517448870098385	1.20176623271368	1.54312196123135	1.44895751998894	1.16245426761969	0.634046428111377	0.22938436380328	0.0826285899226673	0.19927420895446	0.0928492427692982	0.272047317416693	1.20757823554499	1.4534385068143	0.231256644710946	0.542135442016974	0.631180312236148	0.212783429206667	1.51567987180314	0.626541980021027	0.919295376484719	1.38204557119552	1.36354569098378	0.427613976213333	0.647796565464481	1.04553236702161	0.269358543699965	0.541568038322049	1.21863138877649	0.179472319699443	1.02395959878948	0.434302898666966	1.55062609510572	0.352062756112084	1.20864039623485	1.67091434893203	1.68202857188462	0.104973462672169	1.58972743927543	0.719973991979257	0.835947689578152	1.16411504630428	1.59329990825115	1.08475017273484	1.54454599973521	1.34060068896248	1.54778075815217	1.03098201984256	1.64551045533081	1.62207603421449	0.880237475269836	0.762855421667915	0.377566658733786	1.55561314659423
0.123175411018763	0.366315404452269	0.325516152657433	0.444339056356229	0.470145100431932	0.74831257194583	1.31613917428914	1.12289234212632	1.55632323076619	0.367160611000446	0.0457960164397246	0	0.254829289323305	0.0899164557736483	0.122475241540131	0.768274801054629	0.62159173469585	0.126951819847171	0.409095350925554	0.0905651676208494	0.119099324696426	0.992716873863987	1.25675418826822	0.480814558864009	0.255760949502188	0.350508181879363	0.79611229638448	0.874841007044027	0.931849158207184	0.214221163211596	0.658905612115861	0.104568969352888	1.31434853646413	0.193472281161684	1.03623552355535	1.34521233596595	1.32248509207726	1.26928701978829	1.83123941906043	0.632923297392515	1.32076839662189	0.651494642394158	1.11740862717888	1.39385735221948	1.56276015256171	1.73360446786791	1.48362699479939	1.46496113481341	1.56359706587379	1.75710822143556	1.928146034316	1.60866838185413	0.0541571450820268	1.51065370596072	0.620167517018069	1.22786707296843	0.351682692888071	0.267099426143232	0.453873802487563	0.495590082091123	0.493512211019156	1.2207257519076	1.44880192407479	1.42823656494205	1.24518990109505	0.552249642832445	0.243498660281657	0.0575086237796261	0.119367500212465	0.055245227576353	0.301158651333156	1.23599867006473	1.4923022582961	0.194131700871049	0.493894968424177	0.546509424585056	0.198069543291487	1.56433379111951	0.568194113028127	1.04768969031354	1.485107732223	1.42049609789419	0.460405954630967	0.59990307962361	1.08209084191188	0.283604013259067	0.57143965618733	1.32055183089942	0.229668216767929	0.907357237718995	0.524606360461069	1.59834406007335	0.35782307118945	1.33574298724446	1.75872412735032	1.76410513161667	0.14389110384231	1.70203881501013	0.692941351005288	0.761735184579501	1.24762964413032	1.70453735186993	1.27529965864345	1.68299168325377	1.47126476975828	1.61295398317153	1.10733449516768	1.73126043921493	1.68858124189888	1.07520584282503	0.929235800427541	0.426216320761888	1.54719315811312
0.448738667230239	0.30830107701772	0.276699090529449	0.3348637847882	0.284964766034309	0.51311784261502	0.938184877216791	0.671495982352422	1.72714705703785	0.391576729634467	0.358852088970335	0.254829289323305	0	0.360944680076829	0.044850564980016	0.431483834007274	0.419624296697732	0.0863352740401951	0.244911490807532	0.338770715412788	0.32417601450918	0.806243547044395	0.986692813665169	0.304726034559323	0.248411638081205	0.356369042300122	0.72097009114613	1.4758669525738	1.41861034940428	0.534790717596276	0.145733395167805	0.0943951413132228	1.32165374776891	0.0983927497720916	1.50234616996649	1.79229598764363	0.857668023114081	1.36274203283777	1.70372947216292	0.286868044611754	0.993758748000119	0.202715187958129	0.565777039795463	1.78431586038965	1.79307691739438	1.84398659656413	1.79320502565866	1.78540065037358	1.77944908561599	1.81972171369721	1.70925179006821	1.84749383962408	0.228945294762935	1.8338430240235	1.23421784992895	1.36380773774105	0.364007532337451	0.217315050469241	0.274226079704446	0.385058424096798	0.299279189394472	1.20895292589031	1.06405619895543	1.21452440273264	1.53998102375084	0.404987336022051	0.481422210061521	0.263061620548579	0.0502423266098665	0.386602029176426	0.249125985530386	0.914366950957122	1.16240552269223	0.295483740515965	0.229423730273361	0.272880398066494	0.663641119931617	1.31964088283976	0.442468057204638	1.17752827039828	1.71562644798971	1.22982099787478	0.406822268158166	0.535781783291177	0.954596939927484	0.492540709786404	1.19007421826685	1.76504149313891	0.513288610205955	0.303721693262314	0.648883282874742	1.56543769017997	0.748351440323931	1.80329955709994	1.74807830338733	1.69610809360454	0.310562971661846	1.88450624171851	0.391988666044636	0.40924129575861	1.71363223199496	1.90188524200326	1.4868649440937	1.89061895304304	1.74566217769188	1.80770596202041	1.63280931529499	1.82864271214108	1.83670174260548	1.33045918139784	1.40377256353423	0.961155986610598	1.5101799728177
0.124597584686945	0.372000305528083	0.385893105655215	0.470300852971133	0.500934659325719	0.867178755528135	1.3008909772847	1.15404217387186	1.46088962890053	0.352197167277091	0.128999396246192	0.0899164557736483	0.360944680076829	0	0.236980928263803	0.863425720134784	0.82027612008537	0.22111841248489	0.525107974004966	0.190201672695589	0.266681290932418	1.02535659100808	1.21932977166365	0.534898799512178	0.377428797415675	0.560309834914066	0.891621305705411	0.736702084855357	0.789584962399916	0.214579369891884	0.708858506805841	0.157471624711906	1.1600320985005	0.362180006223413	0.791731857794814	1.27466127058168	1.3967424043842	1.23270876571253	1.69399772242637	0.772839882542471	1.33102905252972	0.742948669247224	1.14444604239079	1.26962634034144	1.45949986949316	1.6006872041831	1.39623987133904	1.34832808820013	1.43137846231059	1.64636574380857	1.85575223434146	1.47682801280607	0.154601431300452	1.44257761987722	0.536487295055076	1.07789241861933	0.376010926678229	0.3032317797755	0.504683042888433	0.467662671352808	0.533214412943158	1.22679062818783	1.41289990103676	1.38854862999103	1.13524655668851	0.507970644911802	0.203969084225796	0.108011702772761	0.212094079479163	0.106434618826643	0.385630789958506	1.24335137758183	1.55450422124802	0.270649703818588	0.603558777850105	0.71553250134036	0.253591454048317	1.42445413861864	0.702693456266291	0.941941971864238	1.403996080398	1.3837282002089	0.690764245093205	0.6918946837583	1.14837366225898	0.265067411071819	0.449413880322268	1.15671838326338	0.299656879984294	0.936593341711592	0.545482769132181	1.41152552041809	0.231315249529772	1.2361650748208	1.62935419359353	1.6322240096548	0.310843148578115	1.57963818235996	0.68563846039334	0.966525718654709	1.10998470620475	1.56902163569046	1.31741532665564	1.57413908368088	1.42057485029781	1.4513264296433	0.931117295378854	1.62544963711216	1.56208094457507	1.03019361705588	0.832028748613422	0.331274007814239	1.3770521683355
0.320537667702027	0.300171376156064	0.239047259485015	0.304121371943037	0.292084801862952	0.510761933775347	1.03150381708911	0.767192257974149	1.70218417537754	0.329399465681789	0.193683848215229	0.122475241540131	0.044850564980016	0.236980928263803	0	0.460736828398967	0.424776143207754	0.0271613023186785	0.214024350109292	0.171579631256076	0.152818881953271	0.791890542966864	1.07112661868216	0.287625799580912	0.163505366014692	0.30409640835509	0.694491481266272	1.30859369022493	1.27473790858579	0.450293350756389	0.30578511642326	0.0723053703063601	1.31188336420062	0.0543506880152034	1.34811783977118	1.67135215315013	1.02281976130416	1.35219935401334	1.77285742916605	0.350173746026941	1.13592564464631	0.332010535402102	0.782677348293659	1.65907359026242	1.73333643975946	1.84049081866513	1.70212652992236	1.70852618085059	1.71944045109218	1.81993928022949	1.82132365894057	1.78334626773113	0.114992962220315	1.76216326905532	1.04066775134152	1.31945417864014	0.327871178966798	0.198624032932083	0.29321532003056	0.38756504035259	0.319276652252612	1.16680382818996	1.17405577133017	1.25601173186404	1.43025820635741	0.382796975902214	0.38350241193872	0.138402805251934	0.0263311041735497	0.234968174466246	0.169101000177677	0.971745348761308	1.21200518976808	0.156896564965737	0.252901006961499	0.292549949949695	0.444588030935647	1.36756325652382	0.383643708384836	1.08317648162432	1.64378334001364	1.26507810526389	0.316682988767477	0.469076533455265	0.954040943672203	0.371597773921804	0.993504535603128	1.66869948964002	0.401625300027556	0.50932673756448	0.549772884334299	1.58987076429678	0.600502676881186	1.7042704739364	1.78520132920529	1.74413153225631	0.17732858080188	1.8509175880234	0.463969629686799	0.483626336507262	1.59789884447189	1.87566314239488	1.35677922265325	1.85423683280461	1.6438681310219	1.78710443818215	1.49271050754844	1.81376072630145	1.81497100014924	1.22618116913593	1.24755005411025	0.813649414451205	1.54887760592843
0.795055669294977	0.286351620188667	0.237398250037127	0.149597376272547	0.142862674359034	0.053334935701401	0.30606741342062	0.181589146399437	1.10844839670095	0.327681208239082	0.795239244456114	0.768274801054629	0.431483834007274	0.863425720134784	0.460736828398967	0	0.0865254923702582	0.436466621278033	0.175790538017907	0.630726482040359	0.560223843667758	0.1951105473516	0.331929221206345	0.119148482731917	0.254581691388771	0.648607003275508	0.154188109482557	1.49790935158792	1.10337168544831	1.27789375229459	0.476343189506397	0.629709411785941	0.639888083761974	0.346216744382347	1.5024786768189	1.59630984303411	0.296776555980824	1.31011703039043	0.987154715625995	0.109637850359875	0.504815431121528	0.214170049828968	0.598763574874759	1.36250795143827	1.21452716637647	1.21087302547606	1.17990627227263	1.18201852882728	1.14071215166844	1.09255906385189	1.06242835894512	1.1819064530115	0.870388508168686	1.49533972401289	1.44280324996058	0.684052843981029	0.323767582584193	0.309670481883921	0.16045265506084	0.235065006678743	0.132608807418127	0.41858077193182	0.426301098919065	0.434509051984716	1.1064568805581	0.207586368508918	0.848905143913862	0.578543405121921	0.586927135461977	1.03433147041962	0.389226568015716	0.164303849645708	0.372822505993347	0.386674545680072	0.175210237507604	0.122914490545208	0.939210732080567	0.618655468246008	0.0917727289044015	0.798111391982291	1.0650072646496	0.416073921066996	0.264487765073954	0.125353892831947	0.255714689077778	0.947898428994269	1.47187993340147	1.49535190248423	1.1947344333683	0.365299439378541	0.724630605086854	0.832929365604343	1.19824776637261	1.56794338987547	1.10692271448455	1.01323232552086	0.462757263545114	1.25047705372452	0.233854268004262	0.288842782054157	1.39755914079613	1.35350167969311	0.814915998577251	1.33687351589866	1.01899878087277	1.24324219541571	1.33191256875229	1.12373058458196	1.1908896169744	0.999355224471091	1.16298532486753	1.53387850331928	0.768868380889815
0.642918197279074	0.24750659027192	0.219422347723334	0.183835353429354	0.186486897306803	0.0818794970583545	0.461996012813267	0.357329924112975	1.09950628525236	0.310756783258033	0.660006723256245	0.62159173469585	0.419624296697732	0.82027612008537	0.424776143207754	0.0865254923702582	0	0.399028232319455	0.173561164931574	0.510185194973484	0.443962878842688	0.264658268221813	0.415825551531922	0.149849113263218	0.217147166970064	0.540643323250043	0.112219977711206	1.37781696734901	1.01379297768303	1.1169843878578	0.563423675405201	0.551547577008965	0.741924078048895	0.275047536135038	1.5716383486609	1.49118281507527	0.339629143479431	1.35177469626312	1.12452085610366	0.116323679495039	0.507007274148362	0.252806813522916	0.645161085641303	1.35376241968695	1.22022378207784	1.27138448242944	1.16020239047147	1.14320118858624	1.19056900245371	1.16497483007568	1.18354385123252	1.21842118492235	0.769922377635636	1.44677452873273	1.30458926537446	0.724989987984595	0.261712006003008	0.259883121081685	0.172246014488511	0.257691200158095	0.15719226565071	0.427153898732179	0.58698776564002	0.560058681154366	1.13924935455651	0.314614765084314	0.744240389452289	0.487423941434095	0.538656779214322	0.902996156578276	0.40385109757233	0.292694310484974	0.499558630439043	0.365045555697151	0.187750872009503	0.125936301483254	0.782689899952557	0.801335428900601	0.0820434599897941	0.910668002464138	1.06356048916961	0.526597438989284	0.218963451509022	0.12373229585072	0.269577409498623	0.936292314159123	1.33783519958461	1.43373504071321	1.04254831639975	0.467731616388019	0.719570249914102	0.978912431402063	1.17342310197461	1.44444942925612	1.1889054715174	1.13145545473867	0.321994775453726	1.28968047629358	0.308573338068237	0.222040679622419	1.30580907086524	1.38090848933193	0.805953979679627	1.35475797877066	0.990497140958905	1.27552239210806	1.2506895138171	1.18799476431743	1.23673091162397	0.971878092723684	1.09191752806789	1.37610621211759	0.863229907155328
0.262382454134783	0.243084465441722	0.231369769372844	0.285011860952526	0.290575503778486	0.441448902285763	0.928763511614298	0.705851138290926	1.61268649415175	0.209921934739772	0.228576329679144	0.126951819847171	0.0863352740401951	0.22111841248489	0.0271613023186785	0.436466621278033	0.399028232319455	0	0.138782308529392	0.108054060625168	0.1425037127704	0.708596315022366	0.98849407556302	0.23477602186272	0.124673900315752	0.402581666581922	0.633623839158936	1.21374093882346	1.18527135180123	0.490894151111799	0.334582026210764	0.0759650546705184	1.23317014913198	0.0429541548160777	1.2308562104568	1.68172819283218	1.00771022697681	1.47475047098231	1.7451131699992	0.376472876317984	1.07809998132958	0.382000640713992	0.783713789315809	1.64638740952593	1.74404532241039	1.82508636435846	1.68739905120138	1.64849687631655	1.68389434731534	1.77396366430479	1.81718722304408	1.72512573052213	0.164655486328156	1.80367722558015	1.06277310111884	1.17397016004745	0.255349088257772	0.15592490879686	0.282566355005535	0.375530265966877	0.300197342237043	1.07705815264384	1.06985738601447	1.16107841865574	1.34367765846486	0.285954805049016	0.396329397288114	0.125714713481298	0.0577035485483434	0.257785385506065	0.223186019860971	0.940242733078736	1.20708676940323	0.123059183759824	0.237910477588453	0.261404813839286	0.376845792192765	1.33369311399617	0.322585414652182	1.12039159300623	1.60726096644553	1.22184132508036	0.347616381099702	0.381610387222247	0.904364042181798	0.411809164896511	0.952084117636882	1.62546880245305	0.489698720787027	0.54103713248141	0.633635310416888	1.51600959419076	0.572973137674135	1.67761971229276	1.76738547980028	1.73078213165513	0.206022197070448	1.81368823168669	0.485995905853599	0.475802780956837	1.54892016684848	1.84960080584531	1.37413597088531	1.84839956814577	1.59389694227542	1.72398000604379	1.41029958891168	1.76264999562367	1.74627567966363	1.29514416674495	1.2593016204908	0.843766448118646	1.4268863397561
0.461230581431242	0.222303969143157	0.244088883932777	0.226580845922534	0.247975110023406	0.163111436501671	0.546958255514725	0.365653878888651	1.36332621044221	0.142149478454108	0.520916586727919	0.409095350925554	0.244911490807532	0.525107974004966	0.214024350109292	0.175790538017907	0.173561164931574	0.138782308529392	0	0.244447785021246	0.27460769256527	0.389201523167622	0.660140242300835	0.149009268154009	0.0891021249313801	0.523178228987999	0.349685026982093	1.26671092271737	1.15746712500636	0.917264676224917	0.391530001878474	0.323213855795711	0.972911954501391	0.087572289348702	1.30892051660453	1.69795646805225	0.661980265655913	1.57962395282163	1.44005918273515	0.252301106742361	0.723202284663546	0.338251299603884	0.700944668913753	1.57948572345958	1.57012695043446	1.60145385689277	1.49545915812798	1.44872228911549	1.49013189300517	1.47892149778936	1.48752642892914	1.49037712496025	0.513497774372665	1.7602102773676	1.30146279539631	0.873286726536538	0.210543814487416	0.182758203486777	0.229014006434611	0.335547072168848	0.216977633598395	0.685798121319153	0.686907327717272	0.745916734872237	1.08460092031191	0.182718093154234	0.58170851148734	0.34233166702247	0.29410628421176	0.627174048382819	0.331249431638336	0.567231881055373	0.78623544558429	0.210507214569709	0.108983756179332	0.0768300534469978	0.569304648529246	0.995350865391498	0.0866172108202719	1.12639744955014	1.40233913335127	0.876797993219165	0.238709799548351	0.145429025022641	0.585078001958502	0.623321054608459	1.15041461568391	1.63214648125262	0.892365232032364	0.472782159791401	0.768303985392067	1.20256046370134	0.926865391961347	1.67169120858488	1.53013640551488	1.46586343445655	0.32083180920424	1.58532967516091	0.454453781139893	0.270223351710531	1.51437374287561	1.67575102319784	1.15456777450577	1.6838220022931	1.31546800349068	1.54063322818049	1.36754540844405	1.48854441068225	1.49962456630099	1.27006865854988	1.30224002171108	1.25213643552592	1.06593775500991
0.143049403490038	0.340731156696067	0.344402796678266	0.405206695570842	0.484616856712927	0.55618753713213	1.09724510793005	0.963061667784039	1.43201315655574	0.230253099755707	0.151176341179358	0.0905651676208494	0.338770715412788	0.190201672695589	0.171579631256076	0.630726482040359	0.510185194973484	0.108054060625168	0.244447785021246	0	0.0784713429903219	0.778159031443596	1.11002604257255	0.392964739152284	0.163664853522619	0.473866171218888	0.660567486280115	0.867636866849129	0.883581523016614	0.407635009808052	0.69696089600423	0.201104313040152	1.20595552024523	0.149478410228835	0.949912398789058	1.34943752084041	1.22380112150142	1.44247122787798	1.73431449341944	0.605463149459148	1.18063532270337	0.701794936239268	1.10201317958505	1.36726783254451	1.54318667757253	1.68158484401338	1.43691731119495	1.38306603433067	1.49893335770763	1.64240000222042	1.83341526517133	1.49682162388721	0.181315173223908	1.55941653050826	0.770070553195452	1.04841644010214	0.284775367263573	0.254890026237115	0.460433467431118	0.513041444258413	0.482190809038338	0.992467468258173	1.22310915431118	1.22621669592167	1.10439884677872	0.419855743191832	0.337328209120758	0.122206070105861	0.211459270303671	0.174813204848311	0.34098040989934	1.0876452928274	1.30893461014357	0.135535408522007	0.439156161023371	0.446006293422697	0.156387872896578	1.37290356183866	0.376674302648294	1.08912354260631	1.40210494366693	1.28207753065817	0.393656133186882	0.390245671770607	0.939442734265925	0.37385015111215	0.623528429980244	1.32557821664715	0.422913070993812	0.938017181872181	0.653581860463154	1.48518247954135	0.452999224763374	1.34142067658871	1.6931762651971	1.70460201148496	0.178150513158635	1.60611433347071	0.725146662013867	0.618344798544547	1.23745598336064	1.65642008211279	1.18609666086764	1.65157863348263	1.32954362289286	1.54073239258778	1.07904943298539	1.61170989018865	1.56678889700075	1.16742172172186	1.00309745642255	0.63458154094053	1.36841961870699
