0	0.227496412820041	0.336447211026015	0.432301465276076	0.517747120568653	0.648127924859024	0.87445677030611	0.807011089780346	0.83708805088584	0.334569042663799	0.238098087489872	0.21709622963687	0.465920907367267	0.119879769394459	0.428442744967522	0.630089957701589	0.724953239023163	0.329654504512781	0.398403152158675	0.113230238160744	0.410107580430759	0.877288234993765	0.788082758455593	0.730342641152235	0.340087448467907	0.501863383478842	0.571892722149212	0.800363354874436	0.565160406796115	0.360355244719674	0.805756565803861	0.30322117155362	0.887112530390071	0.276572765642314	1.15489343949128	1.18220343344413	0.986013077967713	1.50968176063842	1.5884950147018	0.560157648898769	1.04495097491905	0.726850804594817	0.854867322976774	1.25907961134526	1.33199993869016	1.4600785890766	1.12247844828366	1.10123038814625	1.29420601191038	1.43985836661414	1.63113614682628	1.16683397979439	0.60065213592032	1.3330173699713	0.594810725564649	0.837971365371051	0.254257204197436	0.225013227545615	0.415950161582785	0.351577832170644	0.500112339513269	0.759377261476777	0.96635239081176	0.857568436206938	0.860519268178012	0.584288187280174	0.207915772043044	0.141823938933123	0.451622407163821	0.366207962692362	0.836161697240483	0.92925932733656	1.37448606786344	0.478607233841534	0.503205322091727	0.458548925895325	0.232697654330165	1.14571089579411	0.454981095683584	1.19277975195506	0.987981384017437	1.26169715797685	0.48450015428481	0.501422780874855	1.09448493266074	0.46760947698646	0.406187012924575	0.994340986406356	0.575446545143472	1.16600522483663	0.962417422362945	1.21253162964688	0.665399079660179	1.09032002555471	1.52529361356852	1.52295001375621	0.562586487818976	1.36059606518229	0.978079358301391	0.898731372649531	0.977635604269079	1.47906160216086	1.38196203682442	1.48996228074802	1.17351437392234	1.22173187101142	0.815857006233046	1.46118501197812	1.32591267170268	0.9086617645898	0.702066820830743	0.445440721597622	0.959247717523289
0.227496412820041	0	0.0897182768951803	0.104297068803535	0.124176812819056	0.205871566756057	0.348226699052505	0.267535422816476	0.658098686623954	0.0504772471825985	0.483437984233787	0.502735268434663	0.271397029168284	0.277984415995114	0.350506101941129	0.15879548469308	0.416076712520407	0.143832257360594	0.049700337911471	0.208661860259455	0.445078154433759	0.449151121932877	0.328330304524607	0.308997431017519	0.120451790335039	0.486829544176429	0.209269303260222	1.33049076577691	0.696061561810149	0.840937067371176	0.385717780046529	0.309505162284334	0.592233119053473	0.103616946701813	1.4055542125381	1.52305042704892	0.433365904013306	1.72182191905828	1.34708023097026	0.144772455110086	0.643106810332348	0.2731449941834	0.396777735895031	1.5025150671788	1.33268195438096	1.43469178605191	1.19862692809806	1.25729576554534	1.31795905723661	1.30131438662768	1.26904132542196	1.17669358123362	0.990280822419481	1.59650595616442	1.14331831340948	0.616578119009085	0.0444501990336272	0.00761285373509724	0.0763057791404465	0.0765110240604805	0.10700299134485	0.397594069210467	0.447653155436808	0.374794367353595	0.828954067998004	0.156016916183409	0.454016270299275	0.163214996070203	0.511123975764879	0.771061634634639	0.725235488183095	0.423353352770077	0.88591262608182	0.312388588286024	0.0949369047559161	0.0745552364079936	0.37519939996272	0.71694235275524	0.103230457545237	1.29261392457395	0.864556394161223	0.926337343096266	0.362912210791113	0.286093775667537	0.879603672095386	0.80270822979416	1.00338880105036	1.35065463466127	1.05048552230596	0.710358119249845	1.1966390536222	0.918504991541308	1.05242626353864	1.46857775101834	1.46852775270081	1.3381203029304	0.796577804198477	1.42539097353696	0.779277866774917	0.505851904240224	1.34787223284763	1.56373136350097	1.3872734318683	1.60372154589902	1.2671247440618	1.32722808541309	1.13829828077957	1.37586533413867	1.34431742178828	0.927562347824818	0.950129994833666	0.946397001749131	0.646010050428095
0.336447211026015	0.0897182768951803	0	0.0321291835249471	0.0460742670572389	0.194040759487925	0.451987486694338	0.331828437377816	0.818724880621177	0.183436089886102	0.371358149356786	0.430468900854288	0.209846464701437	0.322519428704855	0.211061184999941	0.113809841199634	0.268242985908011	0.109867307630534	0.114728246403615	0.261959052417038	0.276092627762021	0.413826232824384	0.374152852323031	0.223027525261965	0.0618115268211405	0.336810667248557	0.196272842830662	1.42605974368252	0.81633851026411	0.856622167997981	0.463525137785519	0.326142131600151	0.622119113475792	0.131175099852127	1.53646044855482	1.54917023420282	0.447345777703319	1.43585451088996	1.28379665890347	0.0972714265701752	0.687806220151868	0.186306110240042	0.526336044103394	1.38979701067372	1.2051100045928	1.35790196662614	1.10866775680215	1.23372952647228	1.21417972857215	1.25777967272075	1.28239211998613	1.18398825684111	0.82040504235284	1.46453598685478	1.09535769075362	0.696483756313842	0.107247149652922	0.0589139064234392	0.0199610896116985	0.048722365669009	0.0427423403461572	0.434033123341074	0.572541529963704	0.466718538209048	0.841557237864504	0.216030787927809	0.467880174218444	0.148466448437111	0.368898287643571	0.685197349163214	0.42470337929856	0.331652695567482	0.734317860681227	0.197314924672659	0.161793758881492	0.115392267460629	0.455251917558777	0.737137041818341	0.111004783196602	1.01529127128458	0.833287382237956	0.765171267809691	0.167477334297688	0.220644998270226	0.710072611990993	0.730171840416075	1.11657803437287	1.38936720327265	0.958072888718491	0.655086624127906	0.925008850468531	0.934647956875727	1.09316397726619	1.49923739396488	1.38623395654524	1.23723790666432	0.524952053814536	1.41765310231422	0.526803386795311	0.376230654084302	1.35748426279196	1.52103328968175	1.12077344836219	1.50434963040922	1.18118996581637	1.35999003949356	1.20142555577073	1.32705525785854	1.37769438494835	0.700483356289194	0.792766019310555	1.01586987394629	0.784316295566307
0.432301465276076	0.104297068803535	0.0321291835249471	0	0.0223813941277011	0.106967589657406	0.321672963469271	0.236105903927152	0.673349900128764	0.135102033438999	0.505306093006371	0.576373957601207	0.291882018208547	0.404560847464026	0.285988273570116	0.0687666655493386	0.255970599047616	0.12747850493427	0.080783640617206	0.276087992594161	0.308873873404286	0.277629869631776	0.261123678399908	0.157700410233002	0.0464549901396747	0.450277119584585	0.143999166063947	1.49197574345398	0.80098726462219	1.04477814616833	0.482817248403146	0.46233621958971	0.509841131547502	0.16307248930038	1.50902107794522	1.52983402155158	0.369616269526404	1.47963271690868	1.15362483021966	0.109218977573488	0.652335379551741	0.188319413477426	0.460958002522334	1.33427142978155	1.13563251228463	1.26153715036993	1.04128231192072	1.16778478014339	1.1090840396588	1.11952015715716	1.12901280265432	1.04889580204098	0.976729264160525	1.44922275902444	1.2126866402911	0.58530391637408	0.105786253744601	0.0890522434833321	0.0297087110042826	0.0392328549309644	0.0254551419212806	0.310172943270414	0.430908645258605	0.336361502740262	0.783908659678233	0.136172282368966	0.623895438513724	0.23334194965723	0.52998246167022	0.822011690747878	0.474613911319309	0.237628570625078	0.57145410128517	0.155120063825129	0.152269384118065	0.108275956838401	0.439782218991329	0.576622216510554	0.0496996431357772	0.992665971519328	0.693082871470022	0.658198487768551	0.201674292487002	0.166815289004776	0.68387645788	0.907620254369197	1.23074543098569	1.37312059239333	1.12230599208886	0.667315273249478	1.04549110890405	0.814673095440507	1.22348435725392	1.54944340770813	1.29354693393148	1.11889537167783	0.650172460270602	1.3295889783582	0.524872072984304	0.329406328336841	1.38467066387107	1.43178110271906	1.06762493183558	1.43123866828065	1.099058616799	1.2773940465537	1.21429665303549	1.19567362274496	1.23543339371287	0.687388031177235	0.815508522759649	1.1477210442128	0.651772518431575
0.517747120568653	0.124176812819056	0.0460742670572389	0.0223813941277011	0	0.0974979321667661	0.279753983705536	0.180281021433128	0.699479050859064	0.14959194696474	0.560027518632652	0.635460075230835	0.249308117807507	0.453454229640656	0.280448249295409	0.0567940248837593	0.267014628706346	0.122632860829744	0.0903995435045777	0.364789925349838	0.339179130004517	0.264925073388614	0.240230158983438	0.134288296521805	0.0964754788213054	0.45257419514966	0.163450277963046	1.57840140641772	0.884985328500694	1.1150482990984	0.396797549088527	0.414997484845737	0.509041379027443	0.173022987328576	1.53686153457041	1.5945518930409	0.303506592270131	1.5035158411334	1.1300906236666	0.0737573835872269	0.580963148820333	0.113519799631694	0.360732228562304	1.3903027552386	1.15685972773567	1.27622228561874	1.10858970419592	1.25534668249403	1.15070327392297	1.13319635530768	1.0806305278068	1.12106235298147	1.00747852021469	1.49559029778097	1.28596497957541	0.618094069769711	0.138763619941588	0.103690844435468	0.0293126366966324	0.0391137412990898	0.00927017617323056	0.316289803385892	0.377283231190239	0.299746439788099	0.894480047837991	0.10432241708636	0.666522236562428	0.271843230794795	0.505374010953205	0.868305712144364	0.452282323984896	0.22984016978561	0.541277201952114	0.170238859798874	0.113949554151407	0.0807102802110837	0.500865957705024	0.561971423909897	0.0687549092977798	1.01974844862222	0.727196935943412	0.661120645461291	0.25085719308293	0.246938207313307	0.706637194258993	0.949694516846778	1.33248809939764	1.45912318170466	1.16032263115327	0.554100139264447	1.05153788173928	0.801207222971381	1.2097914865368	1.60134805840767	1.2909940247009	1.10034339122782	0.721481380194101	1.37460038309485	0.504330200449382	0.33283034811049	1.44931513541386	1.45735608692077	1.09363595031666	1.46252144228378	1.1812208946216	1.34107701550381	1.30302299761017	1.21125240862945	1.28124806940999	0.687173396965202	0.897729021190725	1.1644797595868	0.667888023982769
0.648127924859024	0.205871566756057	0.194040759487925	0.106967589657406	0.0974979321667661	0	0.11741041876489	0.131104420028998	0.455716148969948	0.126865248322831	0.848650988252839	0.851657232475651	0.459658018786317	0.639341974124202	0.506027106365919	0.0775991717220752	0.240897342428512	0.265452130703476	0.118930789830092	0.454744599559044	0.459774443694657	0.0755632172573477	0.0553588093912942	0.0723718328717942	0.220819348859261	0.811589007093917	0.0767093619614279	1.59086354779296	0.716044364687034	1.32235266006736	0.442824273692285	0.665281611509472	0.248576074372026	0.355120773286133	1.43311567024492	1.45503695746751	0.181677355757405	1.54218709573461	0.821414570718628	0.207573031365629	0.430967042440988	0.187104445789557	0.265758336758214	1.19465534295403	0.921682325096205	1.00681008821056	0.913883022511423	1.02684926111878	0.891279802861788	0.81293236683692	0.773635293691187	0.843933152482448	1.27150500339537	1.3906479531336	1.48497594074083	0.341405353089558	0.146059897453073	0.202098678405114	0.129976282389954	0.149446387008885	0.0882915732833683	0.113362751692663	0.183536418993973	0.129578379105164	0.834746773311437	0.0807207998255348	0.876533540977584	0.464179100866056	0.802816211878641	1.08779688779401	0.595483862084492	0.128383280985456	0.348378039047074	0.225677234691111	0.220385655911471	0.178941490691386	0.61523591295235	0.337244987316533	0.0648132659038053	0.975081591657334	0.466932785945954	0.449139305606134	0.486045979835113	0.214403504272843	0.58352810782812	1.23335604159112	1.4076288700264	1.24659750195747	1.4795301939064	0.544021414253356	1.22013765660902	0.522341213053617	1.38176581944728	1.46965249989774	1.01556074481331	0.821045758306515	0.951297355876681	1.10232650105698	0.486268929471636	0.290248726548408	1.24762816549919	1.18259889397948	0.966210839310149	1.23152052890472	0.954268602500869	1.02617770733565	1.09522666550909	0.900793294117329	0.97836638983531	0.766468422833576	0.892276217704353	1.35514645434265	0.374573103493488
0.87445677030611	0.348226699052505	0.451987486694338	0.321672963469271	0.279753983705536	0.11741041876489	0	0.0607810694936809	0.346663207364956	0.201143799642596	1.20390926376099	1.18293147524832	0.656870548279371	0.879186565654877	0.795430897430591	0.191422447646369	0.474893650532353	0.482690816289454	0.213338176604906	0.711670091304825	0.816945476505463	0.146618537965866	0.0612879687290367	0.20497696450401	0.457610048509312	1.09566374800078	0.218271977290391	1.58572198607804	0.760040014845424	1.54939018860131	0.398585167068967	0.835166760264102	0.247661535897788	0.543487389207758	1.19815102142235	1.44404327552459	0.149228393807573	1.65998659702976	0.685723830128642	0.352305606716588	0.341648495600442	0.307964857296762	0.190743367639078	1.24777796267045	0.973701615423998	0.9398178051516	0.987249296525009	1.04680186855334	0.904840558643987	0.722488788505238	0.545752445168468	0.78785863039876	1.55925368863639	1.44270508824226	1.66638888688651	0.317439348775389	0.317082994051137	0.380673242420759	0.327414424379273	0.339802924755468	0.26558783839997	0.159835301423206	0.0176061002514285	0.0416571913889974	0.859297280619749	0.103341031204631	1.15960111831316	0.72333654032651	1.06496361829627	1.39950981564074	0.89343653016874	0.195276260257363	0.367234992263493	0.467859122248964	0.28603095559251	0.261582403033406	0.80379698714436	0.231966114345502	0.204070954577289	1.13981471544502	0.53462205834894	0.497562393997426	0.81111851024932	0.391702222018319	0.686605488617517	1.48007285417638	1.55162563610758	1.24439960821036	1.71011943992501	0.487873095471933	1.45641527227212	0.409951397485874	1.39352514754959	1.44765498057229	0.92824761890506	0.739583516840028	1.33351900379281	1.00031159860249	0.668828090332604	0.469320574066726	1.31017342295406	1.09557803444187	1.10427379622774	1.19239902776726	1.0088818766084	0.948580304920254	1.14386592421962	0.807236002077769	0.845769168721085	1.01044410141528	1.14023350709784	1.51235408268459	0.248136804592195
0.807011089780346	0.267535422816476	0.331828437377816	0.236105903927152	0.180281021433128	0.131104420028998	0.0607810694936809	0	0.479055393851653	0.168424252033324	1.018266078684	1.05337975556589	0.505634091818707	0.727790719139535	0.646177932373833	0.13530824484739	0.509349290414841	0.36157799896668	0.139001090862267	0.643853264810653	0.725190627732919	0.241163526969102	0.152565249549558	0.209870385311959	0.354361494329002	0.818968588709293	0.237369781679317	1.61665360655928	0.874212838107567	1.44271555443205	0.327183054529877	0.678215109067058	0.384003038853607	0.395419732008314	1.25738468099011	1.54605576025148	0.207402593905335	1.63346054052345	0.898060527327582	0.235412879815423	0.44141666823142	0.241051832301344	0.237728388763457	1.39192288823558	1.12191328383416	1.12547898655035	1.10220412720599	1.2263553382403	1.07752914731175	0.92983678254829	0.721182946999867	0.963519046028504	1.42258267679104	1.51846210895275	1.54841489365984	0.47499238347965	0.288395108042877	0.297648360648914	0.23342891710574	0.243995213889517	0.181505144075648	0.260308567788891	0.10204844845461	0.0798571345866543	0.802488981248553	0.0550191878198444	1.00437704147378	0.576401997682244	0.882674987333645	1.28510042036564	0.780997903520701	0.226599439670455	0.474310795096956	0.40034585776438	0.139807786644023	0.12800211847877	0.723383688416559	0.352645300137837	0.163626621110354	1.18671630031194	0.706076701333357	0.6383675215503	0.618381657278992	0.419561720547316	0.799182458787288	1.25038777995743	1.53599896903954	1.43122509517793	1.52057066926673	0.501247331981482	1.34293849873902	0.547585798061846	1.3540294658687	1.59012416051516	1.1344280351937	0.925779041864085	1.22728553315232	1.19883091401333	0.728532128170139	0.522309067732537	1.52194498878529	1.2975171672477	1.20278157864084	1.3668948562519	1.1796562732291	1.18777491027739	1.32219675232925	1.02196980476352	1.06225619443918	0.929078187620181	1.12147510174756	1.43087896132971	0.415643864322645
0.83708805088584	0.658098686623954	0.818724880621177	0.673349900128764	0.699479050859064	0.455716148969948	0.346663207364956	0.479055393851653	0	0.451912628695547	1.2899631839364	1.31662336507538	1.2549633630216	1.01344779520754	1.27727405985601	0.692742466283817	0.790540449809769	0.912566450928314	0.629970476907052	0.788607313012527	0.908728163271277	0.38495928301659	0.290366891101251	0.526942259716845	0.809322962601474	1.4273585780934	0.402014736377107	0.907357327542839	0.262372406697104	1.45706170922852	1.05539846986008	1.17790029662338	0.189866756872228	0.991588090091633	0.577191334158511	0.690060905445429	0.46079058042138	1.38176898705231	0.498128798134174	0.836335650145105	0.44941669993403	0.837223565976847	0.623507835737648	0.640812769915	0.524068873921051	0.471462737572008	0.419155872302213	0.433287129602455	0.425891507925307	0.3532826280958	0.41578850663002	0.247092421473449	1.6419735379249	0.793578044373535	1.11334894445989	0.139792466222725	0.501488859502116	0.716326342590208	0.761682302557365	0.60236140269014	0.659969800533272	0.174778736647823	0.272960002340149	0.217364536877466	0.657589386565159	0.414026541684102	1.05601214987623	0.985018671870189	1.4982436439595	1.42825581781246	1.13904247616294	0.49288086071373	0.56000998060385	0.675109626294114	0.752742263844692	0.735106394150395	0.72601134371393	0.252374456063639	0.537944263408855	0.922684214566466	0.192686802592905	0.519903066219164	1.17941374639114	0.55667999696054	0.688363580563743	1.57654752777802	1.06454603014699	0.543108629129735	1.54198138411542	1.07501520953885	1.30971787622838	0.228875223291703	1.17145964329244	0.795343897926969	0.548078247241411	0.481077267331157	1.3496200729923	0.45715597953911	0.875251344261392	0.925689900443857	0.722153825345485	0.545848309411638	0.778344274686976	0.642540668682794	0.473449441577284	0.428369901164652	0.524345766873358	0.39644324871976	0.304823328246966	0.695859714229771	0.632307372917736	1.1912002275782	0.125194257053886
0.334569042663799	0.0504772471825985	0.183436089886102	0.135102033438999	0.14959194696474	0.126865248322831	0.201143799642596	0.168424252033324	0.451912628695547	0	0.672375921588022	0.67728897490398	0.410912330168369	0.364452110046714	0.48682139519037	0.170372318181684	0.46663234848338	0.193523220819738	0.0475558307564106	0.246738514752666	0.49762693309808	0.297692030607647	0.195871716943034	0.260480166329048	0.172124438404981	0.697656229331714	0.177743562532847	1.34033423086565	0.625619088976911	1.0503549639142	0.442747032223344	0.460561778615923	0.418473010804603	0.194154238974375	1.298693967676	1.45488801546854	0.369121851900948	1.79738410772743	1.16716090962754	0.228539581089978	0.573958515978442	0.324560487770356	0.313818607984396	1.37634854878015	1.2055264209885	1.27861375399892	1.08574392806448	1.14678867840971	1.14752397892321	1.09934622070363	1.06798386725925	0.983497479505266	1.17723771894065	1.53682558333742	1.24112926875083	0.441968876551503	0.0557208684007684	0.0758815299821551	0.142706574918591	0.105154689775108	0.136177182345452	0.245633008133746	0.274323594269611	0.209088334167851	0.775668209418954	0.0722381035926736	0.627687800616908	0.281083025133058	0.723269408212625	0.910043920265127	0.814136515625328	0.365988191388491	0.737319017707566	0.276913365510556	0.126356045431879	0.100909033110322	0.361402019957451	0.54077665408915	0.0695250171624013	1.25701796743865	0.663201256927552	0.826475453957678	0.494421721076407	0.278532098866955	0.878423693626193	0.99710073714924	1.0753331007205	1.25901432326209	1.24669861253553	0.760090247101251	1.31515356743799	0.733790806670443	1.15096339855449	1.4586582243563	1.32221488741823	1.16783548474817	0.99814908282536	1.27968264179252	0.80588662027312	0.540688776098108	1.30083974841935	1.40546082730457	1.32438055936678	1.47617168919733	1.15125524324454	1.17764416011052	1.07587480467924	1.17933929152293	1.13114800370577	0.91102201547925	0.937965533692874	1.04238855791954	0.464226339061717
0.238098087489872	0.483437984233787	0.371358149356786	0.505306093006371	0.560027518632652	0.848650988252839	1.20390926376099	1.018266078684	1.2899631839364	0.672375921588022	0	0.0812884936531939	0.327292543939199	0.141040709203445	0.204282178879325	0.725970537885829	0.746562702559458	0.322587904075793	0.621283222551305	0.233481789068299	0.228645176061347	1.05499379223316	1.10951404815493	0.814006210225295	0.408843887743833	0.200286174063301	0.823955485574536	0.994432800307099	0.969446557707744	0.241458409999116	0.833201399507738	0.225730954988581	1.20788744566683	0.313475761648001	1.36142817999708	1.23173730475723	1.2032604536543	1.0900592706091	1.71383884773842	0.568714747533686	1.32513634457931	0.682133193510808	1.05717257530452	1.25124032395232	1.35013720323182	1.57073930324668	1.24275029001912	1.34358959090922	1.40454425691975	1.62766280911195	1.8084936303035	1.43963363940062	0.21567676640228	1.23258136635771	0.459445489068899	1.28498161767797	0.562308000152642	0.43232712340189	0.508581728955638	0.476505479595437	0.598599759993404	1.08256845533611	1.31845438097016	1.18689839146397	1.08888862231977	0.80490475655545	0.233013884402107	0.137712604204586	0.16894942644232	0.130120659758819	0.459283002019177	1.07227291741933	1.38723916068135	0.432433123140979	0.630297924897683	0.602988174328316	0.325365699308101	1.37858747942698	0.64699667014481	0.930361568987888	1.22615390786006	1.32698919500176	0.274435913111888	0.715523924430913	1.16678421541535	0.23699600921673	0.553150831436085	1.20513164343575	0.221528902830554	1.0973621091066	0.605486170313894	1.5135233596309	0.55906756650411	1.20474716661388	1.60217656966088	1.60237545888178	0.253021917543305	1.55696802893886	0.826207153590564	0.8953952123326	1.14722002280479	1.59050051193084	1.20260804166091	1.51407320150314	1.31805608812792	1.51347627956675	1.13843225875761	1.62765256644102	1.59461711942879	0.688541978999276	0.686966695872017	0.352648809260887	1.45332965416898
0.21709622963687	0.502735268434663	0.430468900854288	0.576373957601207	0.635460075230835	0.851657232475651	1.18293147524832	1.05337975556589	1.31662336507538	0.67728897490398	0.0812884936531939	0	0.306102976790676	0.126284451079676	0.184609142542536	0.748982008212345	0.656828904289775	0.320375113264222	0.604261005548432	0.232679456682092	0.243866603064631	1.00899298608309	1.07996948917113	0.786561371680987	0.452867693002621	0.342995709650412	0.822627005999212	0.968187939218669	0.971866734781983	0.218931450943496	0.797580841733289	0.25966095156026	1.12998791414176	0.344756642850983	1.38786767868153	1.32872595715561	1.25526285950085	1.17483187826987	1.64984206864725	0.673445746926792	1.35197714012219	0.734150567786142	1.05342125976553	1.21757127519947	1.36589574055388	1.55560690752429	1.29006050147973	1.3062073299002	1.36600521402597	1.59028853876481	1.828588799338	1.42270623040668	0.152816254077319	1.3245652335	0.571387278564468	1.19839483160816	0.573099429389931	0.451521523941149	0.537704690299912	0.550882971439261	0.665647527622264	1.09967103666899	1.31658179347508	1.20605294252392	1.08333143638158	0.866401685384488	0.269205550752183	0.154102104779941	0.136655247831834	0.0851458453937347	0.477483519654866	1.09402025547132	1.39458436934472	0.453192270418539	0.724852463784338	0.641622109135856	0.390850227463668	1.42060800948793	0.646969796788347	0.88277466468444	1.24279349252407	1.25663946206135	0.34155133957095	0.653823264259199	1.09146273024217	0.228784922956675	0.476339472042867	1.14696552983299	0.313260394000116	0.985715419291676	0.609009534450208	1.45616096341592	0.571836854789804	1.19956393168034	1.53667345081628	1.54018189926863	0.233712496220965	1.51435206017265	0.72818961885529	0.863193833233677	1.02936224238634	1.54951565605061	1.21960274704385	1.4956467624329	1.29202938692414	1.38225250347993	1.02222088430545	1.58693713314537	1.54533972797782	0.872132488490343	0.730624071509914	0.416106497146645	1.38379446084178
0.465920907367267	0.271397029168284	0.209846464701437	0.291882018208547	0.249308117807507	0.459658018786317	0.656870548279371	0.505634091818707	1.2549633630216	0.410912330168369	0.327292543939199	0.306102976790676	0	0.287473540287158	0.0594888503536841	0.307009776299907	0.463822436915239	0.105279883288167	0.27334998698372	0.372648082780969	0.363571067887367	0.665499792729863	0.68379477273106	0.453954257897218	0.278267175355638	0.272473178502525	0.582290453955548	1.61234470828479	1.29163622360564	0.650690963925523	0.22415935332129	0.154766900633381	0.998603787345817	0.107585037250257	1.74766299801466	1.80768527967681	0.704451290962587	1.46525631365858	1.55233281448164	0.238518948058611	0.983687230312971	0.208682885827436	0.453220459184365	1.67880920995733	1.57719026361168	1.71743354614461	1.61751013168752	1.70469134139539	1.61707894353609	1.63981572997601	1.53679960168889	1.66616552243621	0.529935856532653	1.75868317449436	1.20158419554927	1.16772740962087	0.414406970746232	0.227110633110316	0.217920147233191	0.302098976853752	0.292913981517504	0.851458055347909	0.794182171384738	0.77843655327724	1.26472481290023	0.443452598789429	0.567560603565211	0.174483762300587	0.123854531504528	0.465365388521443	0.458451175644275	0.702609230672154	1.01565336012316	0.358569853268749	0.255114796775579	0.233014114586503	0.532490569524184	1.08757363745646	0.368999717603666	1.17688229977052	1.30062488969101	1.10522758043056	0.276301039479354	0.609550100038845	1.08539395526936	0.586694986381296	1.14761318954633	1.68720630836237	0.756457338633422	0.452429352429276	1.00166094682414	1.34463459042878	0.931830903990301	1.70452258073792	1.6511059682267	1.52546888472132	0.59495875844123	1.78572663314967	0.632089458302979	0.469456806585151	1.56431336337836	1.81542006311005	1.44344086398338	1.80111498218336	1.6438138244352	1.69878007029417	1.55810551868377	1.68839974526809	1.75845839269478	1.03377542180897	1.22116572033961	0.846226964910513	1.216591321058
0.119879769394459	0.277984415995114	0.322519428704855	0.404560847464026	0.453454229640656	0.639341974124202	0.879186565654877	0.727790719139535	1.01344779520754	0.364452110046714	0.141040709203445	0.126284451079676	0.287473540287158	0	0.217645926619073	0.5895416675302	0.75188547213944	0.176090012222381	0.363817538854762	0.0871515332786956	0.25149771005506	0.832671071908881	0.851125144046107	0.679346046632177	0.306102958159097	0.356370765610234	0.681373333960647	1.00379851099017	0.877214881078408	0.400870976261377	0.70256737745877	0.207624171730344	0.966635954093861	0.175693092073968	1.30675751500706	1.38221888093621	1.08930535192311	1.5032406985982	1.6874522756663	0.529828586201351	1.23770188421054	0.655726255111762	0.81449246683611	1.33075417156887	1.44795955724366	1.61153210512562	1.30727331013206	1.35851192385857	1.40208135836013	1.57772143329991	1.74189683411785	1.34606740438451	0.407146672039145	1.45357794261685	0.630752573445531	1.02170840262716	0.364104382617257	0.269240636238114	0.409203066525139	0.331308756830893	0.487948906382899	0.856420150514235	1.00023184417655	0.8731269615075	0.946413782025077	0.543307117803547	0.256162796673153	0.0726607500506301	0.269686551594463	0.214236033570659	0.612645881625298	0.96697335220269	1.32156678960277	0.309090889868755	0.442839159425718	0.392101673703993	0.163198634819966	1.19609989277162	0.422958455555774	1.07948157880906	1.10648594729624	1.32172799414963	0.330840266696241	0.577079022627843	1.24073985657945	0.328956372102729	0.524615174148767	1.24312123388683	0.463614227799397	1.07040739137431	0.843762423438134	1.32892192343031	0.669017310812869	1.36414400057455	1.64456553354216	1.58937916298522	0.511635248854815	1.57388944662267	0.916700678265777	0.913798355586014	1.21922438399067	1.63246001476799	1.41306712526212	1.62453982380222	1.3634961631322	1.4532092841426	1.11389866958356	1.59963579019981	1.49083350300123	0.832112129143335	0.773006503807077	0.432379613627032	1.16685811222973
0.428442744967522	0.350506101941129	0.211061184999941	0.285988273570116	0.280448249295409	0.506027106365919	0.795430897430591	0.646177932373833	1.27727405985601	0.48682139519037	0.204282178879325	0.184609142542536	0.0594888503536841	0.217645926619073	0	0.377780966742515	0.433488893177807	0.0905596468326912	0.346638592357592	0.277330246460097	0.185629308179756	0.659520240859439	0.764151465647384	0.457968546680423	0.23987648993802	0.239454846853855	0.616131126081386	1.48611793809575	1.25368537913899	0.602173081055552	0.453459316070575	0.215380249041527	0.989852033725893	0.145938008641159	1.70717620771753	1.69756885758892	0.874196645877989	1.30918538658072	1.53535551961235	0.339103203760983	1.15340707269074	0.325419326099963	0.65787091507769	1.4613184391589	1.45616125278367	1.62724987159782	1.46810619309767	1.56168224810031	1.45248224604683	1.57317524924178	1.62528817787145	1.54272415877642	0.350263274249335	1.59568970061636	1.01366134500253	1.16156920868284	0.458418854053293	0.293668634054096	0.263887136583249	0.30825890350233	0.339203904342753	0.870952543415146	0.945502838831043	0.883064868643072	1.20428299826996	0.530739888322629	0.515860465718455	0.144812053517664	0.0922496603393853	0.300755303314505	0.306651755455227	0.738148368330216	0.980603633557689	0.235966637895201	0.402492686498582	0.339217495519099	0.425515932225711	1.13092485576734	0.379246610833156	0.91785065191418	1.18421233412813	1.04405629390658	0.161708570894287	0.525836432740538	1.01869807978701	0.482677135309032	0.99960163015603	1.55372791299899	0.616648781689919	0.620490554093833	0.791328709008742	1.35296299875092	0.869360899907568	1.63777112860956	1.57334335845414	1.45696712048981	0.375780267212515	1.69548710441821	0.528348761733118	0.514435836182307	1.43304460250538	1.70897154393804	1.24120414089717	1.66339245024685	1.47221799342255	1.60524630448377	1.44289118915982	1.60330484617878	1.65557954182397	0.837364804428628	0.988361214987573	0.758572203812064	1.28521140601279
0.630089957701589	0.15879548469308	0.113809841199634	0.0687666655493386	0.0567940248837593	0.0775991717220752	0.191422447646369	0.13530824484739	0.692742466283817	0.170372318181684	0.725970537885829	0.748982008212345	0.307009776299907	0.5895416675302	0.377780966742515	0	0.207036144082153	0.216682154770628	0.0731334797916454	0.468567935196214	0.474129974200299	0.222554175788491	0.178213796463825	0.0961374657361251	0.161585684744354	0.604442220276084	0.114627109794224	1.67486304418473	0.863199968436614	1.21195795433975	0.302344589911562	0.529035718247995	0.428984880902969	0.254656619603183	1.51521966113638	1.61187260752644	0.216442315649362	1.51406358193085	0.980918154381736	0.0729913548471862	0.477053644326203	0.117116118794556	0.332795386479089	1.39811455023786	1.10810964559286	1.199990226677	1.09353551461698	1.2155309084633	1.11740954098569	1.03489782570719	0.934477145380966	1.06882299957197	1.13788883703181	1.53055048863916	1.48619079472601	0.537559977449207	0.178523589912245	0.14934798197409	0.0520323195564618	0.133558251064211	0.0521712028775208	0.285840723540875	0.286901521913668	0.242523515683644	0.851455001152431	0.117127330422064	0.790829501769709	0.367422639119142	0.597039635890916	1.04496805698638	0.500748898960529	0.131195315389481	0.45772653429592	0.276569326432862	0.133801848208057	0.0978765135542938	0.69817912318457	0.448478734880058	0.0622081487845425	1.0296242238873	0.745461307966929	0.535428900241506	0.342708445336676	0.206490713314062	0.574592100810378	1.04744124016157	1.4573128386012	1.43852203157336	1.34106476693723	0.406377708178964	1.11277875523426	0.681005320341481	1.28517327415927	1.56913969642083	1.18218892464733	0.992860592258947	0.805968125495298	1.26915233244566	0.472291160263364	0.271277982961704	1.42160058778856	1.38641795246873	1.07138411938667	1.40793394313769	1.12815067607016	1.22688430554914	1.26952218383956	1.12115434071033	1.21784619917992	0.854888397344099	1.00576311860901	1.38034190948171	0.54126478774012
0.724953239023163	0.416076712520407	0.268242985908011	0.255970599047616	0.267014628706346	0.240897342428512	0.474893650532353	0.509349290414841	0.790540449809769	0.46663234848338	0.746562702559458	0.656828904289775	0.463822436915239	0.75188547213944	0.433488893177807	0.207036144082153	0	0.408259968173376	0.349449576682713	0.593163122756152	0.401572035525142	0.265987216674647	0.302119811475068	0.129951874191028	0.338870264895142	0.762223333090511	0.171069647854994	1.49874388182321	0.779856917047337	1.13412382397908	0.567188645461388	0.69799196562158	0.394872239077471	0.524249692583594	1.50943651751489	1.4001610714722	0.354516608077375	1.2076943794869	0.75478547529989	0.30251537869552	0.535534564328805	0.268727295412895	0.590968075586825	1.04161611167903	0.807178781214105	0.924024274923012	0.850900619849456	0.900984943848416	0.826197144125915	0.813698256450988	0.907207117120984	0.894777046321408	0.94291728563271	1.24628776155371	1.3855622237098	0.49126687156928	0.35085354619084	0.368301601130879	0.223395705958883	0.338473153188353	0.247431346050233	0.376392765277832	0.566452932982002	0.510135599622432	0.92865417693869	0.449075924374243	0.798199248620009	0.529504709270633	0.606797563789761	0.946182052684165	0.362196123626089	0.205448843239078	0.398210909937782	0.36530709390586	0.530372665618818	0.433419714963635	0.872447243655914	0.5746500417106	0.256549052670239	0.682474691755503	0.619624436326892	0.294210083434516	0.430408260237753	0.185299851636882	0.27531395929224	1.0812330821379	1.31360432326747	1.12011334305467	1.28362248014669	0.37864842023152	0.839225824283299	0.62102138982065	1.21179634259943	1.26162364284801	0.849259502282917	0.725509476456674	0.503752663928303	0.990319454115541	0.177216884103483	0.206021892471844	0.98913135174025	1.06792231596249	0.687412882043767	1.0575075416927	0.79954980996545	0.895770282934879	0.930353297428718	0.868261315289713	1.00440657260055	0.764966140344857	0.784677277222231	1.35544200236715	0.573065543650676
0.329654504512781	0.143832257360594	0.109867307630534	0.12747850493427	0.122632860829744	0.265452130703476	0.482690816289454	0.36157799896668	0.912566450928314	0.193523220819738	0.322587904075793	0.320375113264222	0.105279883288167	0.176090012222381	0.0905596468326912	0.216682154770628	0.408259968173376	0	0.12884357828057	0.161096193132468	0.208938257820373	0.436060856588053	0.472533839128093	0.294621789602752	0.108581710074695	0.349740035309125	0.387298257864061	1.48459311224973	1.02493926458181	0.796318977284873	0.395742921337651	0.219342966815947	0.724952915095234	0.0519398036305891	1.58518001260912	1.68829100237267	0.646540011568954	1.58358135473825	1.44372849912246	0.220916190686788	0.942730236379803	0.244682958570265	0.448419978364833	1.47614001941903	1.41740080694414	1.55705106743615	1.36860820857297	1.46710295856322	1.36416655913902	1.42902468674381	1.45138307445813	1.3528162969119	0.641915144005747	1.65904538576571	1.10832224880439	0.8586909753472	0.220336332509971	0.118613409517714	0.129102235061096	0.120361236036483	0.165520988644063	0.568080033958152	0.611877579663457	0.541399028135397	1.06451998523524	0.237143148866858	0.542830907652409	0.104144949210643	0.27855398384242	0.480655466913325	0.456571147003259	0.553932810346433	0.858830049601918	0.123513379397656	0.200011655520548	0.137477297718853	0.274440440178873	0.88559587433422	0.154747055322148	1.05104025936011	0.953863250795542	0.969495699846483	0.205539506677168	0.371400601408878	1.0085794449782	0.665532736150748	1.04245333564301	1.51060321059447	0.856051116468815	0.661346370652712	1.0167024788999	1.11811952341439	0.959301559791113	1.67632569147708	1.54265065618353	1.38336604198569	0.610431783411759	1.60751516341357	0.608219809320777	0.511857803390132	1.46148497309284	1.66727074110727	1.31775679115545	1.67134525309847	1.40536576089158	1.50762758573851	1.36420850782977	1.48358548576858	1.48444520300427	0.830052420301546	0.972048624970625	0.833671474234456	0.956347575283326
0.398403152158675	0.049700337911471	0.114728246403615	0.080783640617206	0.0903995435045777	0.118930789830092	0.213338176604906	0.139001090862267	0.629970476907052	0.0475558307564106	0.621283222551305	0.604261005548432	0.27334998698372	0.363817538854762	0.346638592357592	0.0731334797916454	0.349449576682713	0.12884357828057	0	0.274314878492684	0.451867912908077	0.304175066257315	0.232743851300887	0.194554287540458	0.113419470682432	0.565577543519846	0.170186262780869	1.49688902333798	0.796478971567654	1.04362970559899	0.321468600847673	0.422594589245166	0.484594155793043	0.131202302116032	1.43146650574273	1.62396379547344	0.370285744728198	1.71554951716224	1.20118619500064	0.141868884070531	0.63417760269003	0.228119919350199	0.343162576094173	1.47502854968457	1.29120962342159	1.36714579653161	1.20023666857476	1.2736146877013	1.23828079002337	1.19146698731744	1.1299329218078	1.11480363128885	1.06274954543406	1.64374421741621	1.33605615138519	0.550586580566012	0.0956069705523042	0.0630813531431178	0.0672370165013523	0.0941805801819775	0.0888741679945008	0.332080267772718	0.318538754833072	0.257656111970343	0.789777458587035	0.0891982207206141	0.64586276243407	0.237778476744317	0.5674914253786	0.886350356435078	0.656417337032855	0.303294400204774	0.691568395055313	0.248854099223928	0.0861191571806059	0.0406128403182648	0.455491842131707	0.584225941979348	0.0392837643030094	1.18780871142903	0.812846770127443	0.771125644250244	0.345685329347378	0.228136687397793	0.806008672809825	0.908508497735778	1.19454751716822	1.42181297257654	1.21843591422849	0.583867313774283	1.21779423498854	0.790789610953838	1.1852678857853	1.59974014919497	1.37239033182623	1.19675337847521	0.860861001986801	1.37970484641386	0.675045198018309	0.440764325413074	1.44034285744063	1.51301226527138	1.31106509947829	1.55961985991373	1.24078735784299	1.28530518753993	1.22899953158396	1.27482688647546	1.26893418175157	0.951058938362952	1.00850328855297	1.16359178155311	0.565283227656643
0.113230238160744	0.208661860259455	0.261959052417038	0.276087992594161	0.364789925349838	0.454744599559044	0.711670091304825	0.643853264810653	0.788607313012527	0.246738514752666	0.233481789068299	0.232679456682092	0.372648082780969	0.0871515332786956	0.277330246460097	0.468567935196214	0.593163122756152	0.161096193132468	0.274314878492684	0	0.227582805465144	0.619785676981843	0.64351100794932	0.531299986685771	0.188071759565292	0.465698551888274	0.481831312305933	1.06860736601275	0.70043731421974	0.555871267422351	0.731307586415368	0.343256844769005	0.764089356261078	0.166096784502235	1.30586612332395	1.30499724431206	0.914106477370359	1.52987736328116	1.51219198331728	0.469737491490106	1.12831729693025	0.600820252936034	0.733381866061091	1.23776460699465	1.31208505632125	1.46019029417796	1.14574029373985	1.17845078248999	1.23005103243222	1.37266636801701	1.55827133149371	1.12732617447543	0.592585733633942	1.41564299853934	0.761197673877633	0.799807467020904	0.235794303693961	0.2033684035777	0.32806431045357	0.25384818520547	0.38911218050688	0.620358477650659	0.822401389451629	0.711326174823861	0.907368934617973	0.42836353152071	0.377667783144319	0.111565830803163	0.455884930230541	0.355226557445734	0.66463882473779	0.783525005823983	1.10083522931833	0.227049767242024	0.421070305217445	0.355573559373903	0.0986734651137153	1.00176353466267	0.282591772675042	1.04282811572129	0.846565703528608	1.11490400144026	0.317220702793209	0.387824880992059	1.08107500601477	0.564406041491473	0.609385364436571	1.12985936812111	0.671545332875415	1.091265637987	1.00924241006731	1.15843051954935	0.799850767204669	1.33857850891549	1.50133836890645	1.43180920210802	0.562479979299349	1.40283748589214	0.839340112516386	0.760290675415445	1.13831088852337	1.49832903906243	1.28905857704116	1.5058137507079	1.17462602115151	1.27199438687459	1.00113008550245	1.40305110446271	1.28738148431882	0.808479178508138	0.734346932764137	0.567978007104457	0.932894762378339
