0	0.264945545715181	0.31204566015362	0.430791189151863	0.508097000586061	0.234060506534654	0.505205899184105	0.450360083587224	0.344732750735254	0.175597148480406	0.26211130872281	0.321151224529821	0.610908733754444	0.251637272082572	0.352566467884283	0.35345756043153	0.372057768575427	0.304202527817394	0.527631480349361	0.277907379532094	0.197787575397775	0.444704003494333	0.101018013640489	0.281717486529405	0.394803541154838	1.30384825332707	0.284147932853027	0.704349613690631	0.0817623709572173	0.435646927215457	0.614396347485091	0.222422424053229	0.180695097563718	0.665508231264411	0.376297182274958	0.371040209026519	0.227546121493688	0.25817464651653	0.111385012732193	0.215604352950495	0.229607136242879	0.499340506721825	0.744248160442026	0.110922160011242	0.12127275603414	0.0891034057427837	0.0789831507264042	0.0843300508533162	0.145420037069158	0.13805838855788	0.245184101252845	0.173074736126118	0.319552072947553	0.249170972303807	0.220835090563129	0.116560633861339	0.0812310724772474	0.194276848032574	0.283957929967015	0.327789937381503	0.489645902509814	0.294960307639708	0.583517721998653	0.389566707333091	1.35359931896311	0.248657656549712	0.24026161194582	0.238687590380954	0.448012444095258	0.0774634795615656	0.240474545918388	0.31315376719716	0.636468865466426	0.169083323457602	0.399748166258335	0.61722873950292	0.346356071622701	0.332280798862808	0.550019344986754	0.174568570119293	0.285711552757028	0.216941872483624	0.452451681124684	0.270958859524531	0.388327628193553	0.63729089605759	0.299103306686251	0.125104077727169	0.182383789072847	0.665849110991688	0.149427950224256	0.210654057250623	0.416563088543429	0.204650700225358	0.200867799845515	0.16509095241234	0.0925719494469666	0.155775924737449	0.26826367182041	0.729291620665236	0.243038749451102	0.188362507803717	0.107895260984322	0.171611985600107	0.136241727633812	0.232275736185741	0.0886201621206564	0.186643194247659	0.233106798509838	0.238556439015766	0.174047782636055	0.270708437575268	0.167202282496876
0.264945545715181	0	0.0196250459978949	0.0445812646305179	0.0796981961275736	0.214662660452764	0.623094832061705	0.504725299893308	0.509440008019521	0.131155993698897	0.167359783789563	0.186620992742682	0.202398894989575	0.239361713464286	0.15991225362008	0.138184884161724	0.237726386278155	0.332523342545702	0.341370340153022	0.388578483818029	0.320615933878423	0.223181967111272	0.269854954964739	0.205954460147288	0.269468488653217	0.781427804891853	0.115636375477394	0.730344973952212	0.280927239723028	0.146754954989633	0.163273173952863	0.165650440636384	0.150557028603028	0.381780651360464	1.01439777920195	0.567682004343829	0.256653161625657	0.49111551857447	0.286963609297064	0.0888488881298111	0.179784535291003	0.0864517664672131	0.274326722786607	0.446192559965667	0.107091145417834	0.293927941707191	0.232096963603664	0.38846821222222	0.546552947845378	0.435133375510718	0.366442735481881	0.489104575550822	0.247628021543185	0.0660494031641468	0.26945608073331	0.277385709680138	0.0741796472237022	0.0165167041903491	0.0276357111710093	0.0209163716677874	0.0607392757295731	0.218957639153373	0.638258845495365	0.436216048351666	1.05968520288581	0.0747458430860071	0.0442780183497697	0.126240269218063	0.129655537550943	0.336876699622161	0.131601220380992	0.109757019801911	0.36379454281583	0.299708530674537	0.269611414048516	0.537903464029873	0.631432257058135	0.251527121583755	0.428047074736753	0.318795807090231	0.787182771783572	0.173577874483552	0.396370800522359	0.340857077259111	0.239092679749102	0.432322511866654	0.558962802548173	0.329967736614279	0.298978146831592	0.295154237190889	0.247956501427127	0.167356000342111	0.758544387011665	0.333078259293313	0.27048062107198	0.363344506154985	0.217142508989926	0.382907055217623	0.070201013670725	0.333770901441261	0.702879422463267	0.47787284940338	0.30675837326765	0.453844742609081	0.389597484618204	0.524398197031487	0.311315213506132	0.50973055777847	0.671298117632779	0.163007238388689	0.106198056490786	0.440687579727804	0.246965773690244
0.31204566015362	0.0196250459978949	0	0.0453145465300153	0.0666991698562515	0.220268237947342	0.646484621139281	0.51798695649895	0.563249046214272	0.158586702638719	0.185027950596051	0.1661806818186	0.169500702175833	0.252965347400829	0.150426777481926	0.144367875434087	0.208163152602946	0.340351682692865	0.346355050711235	0.4067712126753	0.349108027981606	0.233978550347948	0.297414661508373	0.193441451347683	0.289502235629312	0.741155846459353	0.101887806119204	0.780647339134359	0.313058970290465	0.134315919889209	0.129336300789836	0.200698045865524	0.145633528980329	0.399718299360584	1.043037812586	0.635855949368634	0.292635114411476	0.484614256898311	0.329141533996417	0.134076122838537	0.185655808504319	0.062211403600623	0.271564883440415	0.505559126993887	0.152635007947928	0.323802493835662	0.289032084436907	0.43268528797463	0.587363419079218	0.470169036602342	0.420403567080339	0.534468185992083	0.222770854475239	0.0804447146648957	0.313771876556173	0.273437812163548	0.0982528521248842	0.0227876018487496	0.0146190408224758	0.0263157778956599	0.037898039501195	0.219916391276979	0.641799133667761	0.460086484342399	1.13574208943387	0.0894567563932505	0.0589325869237872	0.121474099072037	0.100464303842505	0.369435762614657	0.122341420057895	0.121416838563279	0.393111240529526	0.324648310297215	0.268053268491001	0.528731737835517	0.67148467792328	0.288507805689666	0.411634422635707	0.341407518689964	0.77754029027987	0.167505217099832	0.439220568562518	0.373887471792436	0.218954015193354	0.480072190757277	0.615111125881997	0.358469345798057	0.355093234148872	0.243929027504097	0.230495581995917	0.152223705875413	0.708508515938169	0.363501842216266	0.285063171181629	0.370218774990669	0.265906538526956	0.396470860258327	0.0502470678110277	0.331476434680277	0.771617929389196	0.514169275278169	0.348151252630049	0.485371073812574	0.463509646679475	0.540434302248821	0.322560408591741	0.540475715683809	0.719289637704079	0.174838206204783	0.108173880562662	0.480139803082342	0.247537907162935
0.430791189151863	0.0445812646305179	0.0453145465300153	0	0.0173005747696549	0.310649563231011	0.645319641770598	0.546650817229399	0.629257217693749	0.185448366043608	0.228661592994026	0.219577999434794	0.176338304262227	0.269042840875109	0.167788763174853	0.122489625223889	0.275088077950057	0.344084650872364	0.320539810391596	0.432013542645093	0.378641307713287	0.207814128210985	0.40188366567703	0.225598453204527	0.224671360808532	0.693848874968158	0.146968606581	0.668193710835615	0.447878127136704	0.213553978878897	0.147736263584165	0.173615071727552	0.211840365659137	0.329170565748164	1.20252578103013	0.759287118089397	0.377579306205657	0.669481872242119	0.408497473396504	0.177504309263456	0.300322659886218	0.0785940985080509	0.271248169565809	0.592093235133083	0.194036993497026	0.456150998706053	0.373116175307974	0.564920605355269	0.708033807028639	0.582256903043619	0.542634652546305	0.635210880545791	0.282840096976354	0.15569621529644	0.350703712090063	0.375059328478617	0.162413314302105	0.0883528521694695	0.0786759237396659	0.0161497961369828	0.0222983185883376	0.253949850112532	0.625752616492985	0.478373150336892	0.962109455244981	0.101479732111847	0.101250931897393	0.17856738148523	0.126634619603925	0.470005333918361	0.167809687601727	0.102040869630269	0.290464686167909	0.365549404094414	0.261175934836397	0.519100763582901	0.690069646793561	0.26137275270131	0.419176107918941	0.409362456305121	0.928456342280754	0.238440769451696	0.438107235324333	0.383819949398103	0.288558498290718	0.425159252002193	0.683063648634036	0.514706074056958	0.432821784636119	0.321483693473387	0.336466560878986	0.219234013472762	0.851142536935761	0.537171282768817	0.432830955690401	0.519051080718236	0.361408938321173	0.532409464347308	0.133468410826758	0.354612691977221	0.942396125936583	0.662935090419946	0.442840151952711	0.635753430523709	0.535625244429335	0.719001170830296	0.483489416801765	0.680603282526597	0.852084609833456	0.210559616206677	0.188727011946462	0.571517975918725	0.335271376700548
0.508097000586061	0.0796981961275736	0.0666991698562515	0.0173005747696549	0	0.35471581218517	0.705089192145925	0.583690085320604	0.735730763637359	0.230133516194207	0.243791200241399	0.197111262664039	0.136951151358716	0.296837076355839	0.167296066888937	0.121201480096391	0.293150970416373	0.358810964037134	0.326704802807984	0.467778221305547	0.429729789041029	0.214719406383278	0.506817160036204	0.246909674750118	0.250745667993961	0.596308093649469	0.176189061523412	0.714764184960116	0.561309489084386	0.251270145580196	0.157995339545101	0.203949065316476	0.265077956517058	0.292712564945355	1.29187807315325	0.886357786197879	0.48275709355292	0.775438635346694	0.520274342557354	0.260196703420127	0.397498686601029	0.075505079077866	0.294438193691317	0.689109713623991	0.281801388436349	0.556858196874254	0.472147873421135	0.683036512463072	0.816848034261104	0.703983132682728	0.670453693928406	0.758554537524535	0.285061535777265	0.202141075381851	0.395372992768048	0.442660455155592	0.218260363817477	0.123539125116544	0.114437074147354	0.0405188945040263	0.0127013397954558	0.282321544588265	0.661011286663431	0.526006502437097	0.977345857238641	0.145068734907112	0.126664708920589	0.182565100014295	0.113440164123603	0.507842575013767	0.187578365792561	0.104574154413138	0.293113390597955	0.427236443420768	0.278519812220301	0.49309405603396	0.744277760620683	0.311166873419945	0.431213233966383	0.499218190123434	1.01623575674371	0.295405723282823	0.476431976891202	0.437132490949131	0.327477080743819	0.527848293486031	0.726884844228161	0.623125675951846	0.552324437678336	0.345255939189302	0.377252019446746	0.294098542801467	0.932685068439262	0.643334999867128	0.547992839571389	0.640292999599425	0.464150505557367	0.637782223208857	0.164801929676934	0.362695667641934	1.04828454629972	0.78385730417802	0.549620307695802	0.7546333948515	0.650467141525959	0.84840736508865	0.550613083464253	0.811203472002527	0.982252866514319	0.22945443869571	0.227967894183273	0.62034417513348	0.427006573054086
0.234060506534654	0.214662660452764	0.220268237947342	0.310649563231011	0.35471581218517	0	0.260223941829064	0.153452304211755	0.339823350037642	0.0815032556172381	0.220458912998539	0.17464736394558	0.322342371459462	0.347685033327524	0.14788227603149	0.192815064848112	0.0500934211785626	0.110718685260131	0.124098296661143	0.119571207940536	0.0905794776327276	0.112466084446648	0.213338158274508	0.0688717217618393	0.188172679895739	0.869229240982135	0.0601100890367674	0.830844791256874	0.32519292670778	0.405932969811059	0.282237085326413	0.334575953083565	0.0991932074090973	0.284027438654367	0.751392575811898	0.475779999873303	0.352685570491307	0.43712127767293	0.334607997937473	0.228673974288594	0.323461802567932	0.254872082570715	0.422135413766712	0.439588031352649	0.209740603518715	0.350474084326896	0.303369267844051	0.36402383582745	0.461761913995058	0.312995560454205	0.388539273051178	0.38411153399531	0.245803322348985	0.254846527320645	0.503682889962843	0.110926152372971	0.156450983407964	0.162059815769292	0.18944064564557	0.295734600838117	0.337710140310389	0.0383399115672733	0.263879160630573	0.126883218320356	1.25672966939977	0.0931473276853032	0.183347642179088	0.213842704552317	0.227616430750157	0.19329762749948	0.0973183747698863	0.207791409492256	0.291628944923077	0.101579078893557	0.0851045696169763	0.208328957910637	0.302018979983739	0.134775568473797	0.126773313840137	0.35500253244314	0.535619371685076	0.0360699392646004	0.146792778279122	0.101982622087008	0.0804661622219489	0.805859198598336	0.606174423086061	0.325168013041258	0.315398983797637	0.310368155702713	0.309871929553409	0.172382607631722	0.673852608107194	0.400568213771535	0.280404440161026	0.252534281360656	0.139257995378687	0.23545066040691	0.198160360665465	0.293211308220115	0.626595842565022	0.494022000967957	0.247460761436529	0.436774248232147	0.323495523674441	0.479725395424496	0.375828387150937	0.36899058325368	0.529947470547101	0.290350030282216	0.294557357170766	0.640290709490091	0.125859882318361
0.505205899184105	0.623094832061705	0.646484621139281	0.645319641770598	0.705089192145925	0.260223941829064	0	0.0343340083657557	0.373235180682411	0.264258228594649	0.438017387436335	0.47704214753432	0.765958064878473	0.4477686768885	0.45527201452417	0.384153472375725	0.381885356497889	0.193215769212561	0.18246660855724	0.110404231625365	0.186355313807453	0.307393286470621	0.448487989262132	0.321203645415204	0.219949971065752	1.22115721399318	0.35167493893191	0.592010189025762	0.60476387943378	0.9594018735169	0.716952482083321	0.607091062136307	0.30089301489978	0.363298450564683	0.717251513725509	0.466108903159972	0.672343983410217	0.732621145229829	0.497667269269389	0.552690995984958	0.738422963291816	0.723558765157404	0.885209939669931	0.486679751596026	0.439962747883108	0.591969385255296	0.480519572550792	0.514653140332615	0.499056180838298	0.382544626980666	0.611393986475556	0.342170455961078	0.532505686180699	0.602545542796824	0.706293645754237	0.302454154149269	0.51423982951633	0.600488144591501	0.641656197352038	0.683167948262048	0.749676991389492	0.202262602039968	0.0180199154982891	0.0399122471728255	1.05599555536526	0.385891069334672	0.563536976535841	0.476847056976037	0.642704751621303	0.390368190978519	0.372303414660113	0.436375975480182	0.301361225897943	0.147703171701842	0.213038156616946	0.2158688443136	0.116513440731759	0.184112896546335	0.128810366749833	0.396753071740349	0.530666031406037	0.298639509850816	0.125304524748947	0.093005920626927	0.266453238955213	1.03304318621292	0.607146100960562	0.527617263103995	0.418134109349201	0.795828633382876	0.582293417747285	0.374228221814763	0.82085796145465	0.756633036173737	0.604112876496356	0.457396250716498	0.334689149846272	0.31516408766625	0.632573816505146	0.693926712136989	0.72491467012724	0.644031067254935	0.361941749993664	0.563346104788968	0.327035787102043	0.671518556063799	0.716542807561381	0.440515289715345	0.492023112543668	0.49313522417321	0.638528765127858	0.916729497234493	0.289568670747856
0.450360083587224	0.504725299893308	0.51798695649895	0.546650817229399	0.583690085320604	0.153452304211755	0.0343340083657557	0	0.350723843808779	0.183917549939324	0.315202040797544	0.31920470973192	0.590735343157194	0.380925450634722	0.324414001033627	0.276562345562342	0.258265665830095	0.124914182837543	0.103205711197188	0.0686710769846304	0.131738094510634	0.214002316386333	0.428531025114385	0.215427524098902	0.184460577169627	1.06950791987244	0.250545625572281	0.633269813144886	0.580505722548859	0.828583805837835	0.583458802002894	0.531908494707784	0.222527347701831	0.268085080993911	0.758172424265921	0.501202054540311	0.649085686460108	0.717970382206649	0.495791804631254	0.496949326245672	0.684735278952348	0.572624612533567	0.777305891583651	0.496050985892603	0.393106524887421	0.557612720638543	0.453289856894879	0.513270296576448	0.518138924757798	0.395572608258589	0.60748727425859	0.377453474767359	0.397252778460724	0.496066685657633	0.632083904792258	0.237834815824669	0.420513400170013	0.470034794750341	0.511656050395304	0.575764871509109	0.620157190361467	0.120790703954596	0.0391587101542143	0.0123486049807353	1.12177288309044	0.287935235697312	0.438648486652721	0.353406720568806	0.489861606458759	0.31065593128624	0.259059008664081	0.334591705366167	0.27260482995935	0.120994081424786	0.135708695847802	0.130046611241226	0.11713009506904	0.153890558666726	0.0629475212711523	0.396547987628041	0.55814880084971	0.20752403945651	0.0865740223366684	0.0569003890032507	0.161634057796399	1.08771406471833	0.564977796888945	0.49554690700818	0.42731749144873	0.656680384383332	0.503470872654676	0.321194567019614	0.822062521187571	0.701341975682652	0.555955235715155	0.433237623237907	0.292490028375731	0.294030832583263	0.493938528049851	0.558525374142213	0.737757338736561	0.646442209434623	0.351472203585489	0.562013479956006	0.343976922413115	0.669834141573418	0.632570243566913	0.456595501064542	0.538869373291116	0.399908610327295	0.530646341865064	0.8336556019036	0.2450676129927
0.344732750735254	0.509440008019521	0.563249046214272	0.629257217693749	0.735730763637359	0.339823350037642	0.373235180682411	0.350723843808779	0	0.296544133815007	0.550965823519941	0.648742749528947	0.940721236456423	0.524072258259831	0.689878386273153	0.607770593650398	0.479976697731365	0.477961243947908	0.550026260818131	0.433769446984913	0.310795809873171	0.588546782094503	0.216218137197853	0.442552751146926	0.544711509432708	1.43827806308509	0.454286695956085	0.392686296120108	0.306509199735683	0.802315311328517	0.783994709579455	0.574664795947239	0.374156037131097	0.808917906941063	0.566411017782045	0.304543942786672	0.269939713523773	0.606673370904826	0.212992268345809	0.351477852594256	0.450930414708019	0.737513796573689	0.813118290218702	0.256877022447414	0.276874636372459	0.267294365363221	0.223032803141631	0.237887931814704	0.216486536856253	0.142550067575325	0.249296184382778	0.203257955803462	0.674088572161625	0.498726954900691	0.464201658487722	0.239000745736884	0.382065730781255	0.479868043202151	0.458305261298181	0.562548442676796	0.7132084308733	0.459872006789043	0.464712303731797	0.36972923176166	0.812854007946564	0.396517147475616	0.600520287266448	0.567310705526084	0.8005560008922	0.469057756616437	0.537061072871073	0.618156404552014	0.721626070801049	0.340703817455906	0.52539028145452	0.683803942486536	0.333647837695883	0.500112612806153	0.530003723312231	0.349469651642858	0.332134774923132	0.307020334684003	0.533050588213537	0.323221886984978	0.405440892697874	0.904929158612512	0.391396410221047	0.257868494890423	0.395069545778567	0.767979023158319	0.500710615290275	0.34064086596582	0.505841664717197	0.365797871889078	0.26022734416408	0.218519418434043	0.195454505575904	0.217724653852915	0.550763430662171	0.788167014273755	0.320778936080257	0.263269956798024	0.18184425053903	0.253777370240309	0.173501247471136	0.274573528517623	0.360904143832525	0.167431075496127	0.215143679909534	0.552096225765882	0.441930150822366	0.399327866099504	0.183735202083869
0.175597148480406	0.131155993698897	0.158586702638719	0.185448366043608	0.230133516194207	0.0815032556172381	0.264258228594649	0.183917549939324	0.296544133815007	0	0.131779600267197	0.146117950511641	0.360027572242851	0.171194363839943	0.15218669169086	0.0961334511671819	0.157596937160705	0.101808851028248	0.161871759811594	0.112971623344998	0.0791089364844001	0.136384406386514	0.183503707532399	0.0884664907022762	0.103033922580191	1.01212315722772	0.0731132349176167	0.545661005887091	0.278783283000595	0.43658184039761	0.349979464457246	0.171686171363949	0.0643224163793443	0.275592152772882	0.768322041612927	0.472702180907824	0.300842802026902	0.538087065762853	0.219194144331446	0.156681880737316	0.316801422669118	0.260741231809429	0.519272543929235	0.289781019555698	0.0902308905546287	0.262375775433083	0.16984318726519	0.29510845174278	0.365649139917917	0.262077500800366	0.373279140187176	0.296045791205441	0.219886757209088	0.171401210995507	0.284515995487264	0.101294783633656	0.074383019024183	0.111113026599514	0.15311980446288	0.163910965857426	0.24440641635131	0.0692929601527197	0.285176412325443	0.148556231553282	1.08768247376768	0.049375502139906	0.131801026704309	0.115587622311037	0.241460417505682	0.160926754372945	0.080715788246662	0.0985944520145214	0.259318068988937	0.0692736297600898	0.113305554712513	0.288409896448904	0.253724623723281	0.102774904895186	0.201951124924694	0.216946440971332	0.532575550544878	0.0742543119937022	0.195929035056983	0.0749627324929365	0.140993652766396	0.704887496025223	0.411872126816417	0.284575984065087	0.262934461175108	0.481123680250808	0.212997797821252	0.119527665310649	0.670429406984608	0.407694460877553	0.302895089463276	0.280638921969698	0.1118834945689	0.222214460442396	0.176132939372367	0.457207290291416	0.588533065355968	0.427611622305894	0.172566933092138	0.375081086757506	0.211500759011094	0.487945455335527	0.305951192059199	0.355464501724844	0.47183434189966	0.149936277184069	0.162935829801852	0.467368951145006	0.112114609223476
0.26211130872281	0.167359783789563	0.185027950596051	0.228661592994026	0.243791200241399	0.220458912998539	0.438017387436335	0.315202040797544	0.550965823519941	0.131779600267197	0	0.0621749783395635	0.251721038321462	0.0666775872940455	0.102272340935106	0.0728893852739925	0.325784366111731	0.228792892214567	0.273185987518872	0.205631308426631	0.244555405551483	0.257205141997311	0.410548394643032	0.216123087194883	0.235006185158832	0.909146707702397	0.199313795748682	0.635209078103581	0.385053276343738	0.340896269390526	0.353043769383315	0.175180337518776	0.107057469796871	0.29873417713347	0.817292264004129	0.568311618848095	0.551327205800535	0.542305510023838	0.37561356072129	0.322773681573483	0.415743079476603	0.264915322722791	0.618507274283487	0.370931378730739	0.186559032035305	0.338536423535415	0.266421249651837	0.396096885063969	0.487921281216446	0.446595849635684	0.540767127331487	0.394380617822658	0.0746562357451537	0.134044884294379	0.180934522083896	0.249675606410551	0.157665708959678	0.142090855298353	0.230019051338476	0.21292712084806	0.268897562040737	0.182661310557889	0.469870695038429	0.267491404013969	1.30355564266021	0.154815785734096	0.0775125826165552	0.0306228847063208	0.164270232775882	0.163931896410012	0.0772597747604632	0.094002950368004	0.39286883170536	0.20566074825765	0.241181771683696	0.372626302956642	0.344008741972226	0.189174607739404	0.319284150788999	0.217846521338853	0.690874596772737	0.231076068290359	0.267170496679676	0.209472174338161	0.18227706116863	0.750620617051876	0.316100144573149	0.333874130225058	0.270569400672465	0.505203776817982	0.190176740025368	0.191226972289231	0.759561498377781	0.455422302037762	0.426442410162745	0.404427245229055	0.241969017687889	0.294044177304813	0.13110201003355	0.496267078747883	0.691334396056759	0.493631856160909	0.312941569968073	0.429979424840802	0.336936018026773	0.58098210838695	0.3127909361537	0.50336687441063	0.590069542079289	0.0457341825940516	0.136251614878805	0.430600756089801	0.277798759083842
0.321151224529821	0.186620992742682	0.1661806818186	0.219577999434794	0.197111262664039	0.17464736394558	0.47704214753432	0.31920470973192	0.648742749528947	0.146117950511641	0.0621749783395635	0	0.144496313913865	0.154685059408025	0.0433176056560219	0.064953482631269	0.195920283273421	0.156314328591969	0.206928281972573	0.191878685068786	0.221046765531451	0.1816986730933	0.460128451539696	0.121205227132057	0.209921253539651	0.731164611029995	0.135082957899295	0.77444732388028	0.494621366707298	0.346203686112446	0.282722062737832	0.198659453764379	0.121301281165589	0.232760215957291	0.905463353516233	0.789767097808241	0.620772444694944	0.61394168406063	0.498077771134366	0.396674807863409	0.473466401620882	0.192822298883816	0.551742098900323	0.524836981475161	0.292887180191762	0.460524914951706	0.412539870965817	0.530978755106871	0.620063797366816	0.55975622805186	0.691764579600746	0.567601856908987	0.0501832742907109	0.22058489017306	0.323531695946318	0.234350345066233	0.175658223327167	0.141879035973509	0.212248347910243	0.214404014506901	0.219930342152411	0.133484291161278	0.452367874787955	0.283271817304	1.40702892813287	0.141885254512117	0.093963598402157	0.05415081621185	0.087443288455145	0.181461957212243	0.0457878377341605	0.0881143210571584	0.356177493212028	0.224067638875242	0.166316406715703	0.246415425884388	0.391634615280209	0.221962031477606	0.244916470497606	0.366897289380377	0.722241721094383	0.187002937409711	0.287895701020014	0.229166573849438	0.165471865839622	0.879511231180971	0.492425420423076	0.477054900310577	0.446093955497851	0.406205185506064	0.219575013043385	0.226994788531688	0.74505598490605	0.585616272111611	0.519120827903402	0.488704706424874	0.341791968764491	0.39972359568535	0.13073359308379	0.420380808389497	0.857917241307151	0.660667816282575	0.430800958755292	0.598027442361933	0.512649369341142	0.712230988857514	0.384867851664198	0.637103914884489	0.76189352608447	0.118786863070988	0.195298812639408	0.542823595191191	0.303802898515554
0.610908733754444	0.202398894989575	0.169500702175833	0.176338304262227	0.136951151358716	0.322342371459462	0.765958064878473	0.590735343157194	0.940721236456423	0.360027572242851	0.251721038321462	0.144496313913865	0	0.432911602156247	0.0917349643535518	0.181549581972204	0.236373737596193	0.376016904489359	0.286923873687246	0.46993919500337	0.489785532919234	0.201487004627845	0.686924125160077	0.25819791241166	0.33992719222883	0.328027694036118	0.210708458533433	1.06314760199628	0.716050206045656	0.200585537897008	0.082612201719513	0.343188665321731	0.332282632949975	0.231051548506659	1.27938066569213	1.00587658572116	0.719703750142855	0.733462959798568	0.773674107766491	0.450207283097343	0.499362922092911	0.0591427033844287	0.24785839389866	0.921235587637981	0.48323739474631	0.740041843874004	0.699235548785025	0.854587553052881	1.02688386413661	0.900418851873685	0.840086306085451	0.946450721076084	0.198523206954626	0.299853710468962	0.595764788324381	0.530897550287607	0.343738022627562	0.203246628878746	0.22295732266204	0.216917821461856	0.138096268470978	0.275554852786043	0.699474488460699	0.53438782140752	1.27656209203917	0.225300852110053	0.147001289710163	0.241240539919399	0.0282961965716795	0.502092232560297	0.181321817774156	0.194284833096269	0.344982508178865	0.508747558567029	0.266280287406893	0.366274291129399	0.796989359700087	0.350775680299924	0.365994442611529	0.688145687530908	1.13703644256061	0.33654404807033	0.418159883915779	0.492807638428714	0.278837624305425	0.69401473689281	0.904633715376363	0.754901422928065	0.648340394729525	0.184096446973817	0.470251429230972	0.414538241569824	1.00861721043004	0.72634690884015	0.653323281572983	0.726603649831845	0.582353858268127	0.729264074861895	0.174184497598084	0.183005335061485	1.20104153345931	0.960676125083193	0.740366931299865	0.911544329542477	0.861695229803123	0.966029439147587	0.669975967299593	0.963402806281369	1.15629546030382	0.331891391772325	0.378498598188632	0.827194587941551	0.554737527586617
0.251637272082572	0.239361713464286	0.252965347400829	0.269042840875109	0.296837076355839	0.347685033327524	0.4477686768885	0.380925450634722	0.524072258259831	0.171194363839943	0.0666775872940455	0.154685059408025	0.432911602156247	0	0.217030787063787	0.135793726933307	0.463362027723622	0.274860385952612	0.407048063014851	0.242240378528726	0.268059185159891	0.399280907048967	0.375818686306617	0.276283086946351	0.280234781024576	1.18205116321338	0.283915747901209	0.434215320727318	0.342126327890001	0.457918452946445	0.529306710369808	0.129945037577256	0.115496943930112	0.468207771239592	0.73244911145728	0.598250127221214	0.532593373096032	0.541582955009809	0.280086155377667	0.373206324916071	0.438806440444906	0.408564273215337	0.811892215985527	0.239553315644305	0.165665743617523	0.267325601295871	0.213583465399088	0.315107461557183	0.347064991886211	0.357054937076864	0.540298393147231	0.292543359033394	0.12532020730557	0.196437397642318	0.0906347758906112	0.22730614339711	0.174997690475415	0.215575968124016	0.302771050144632	0.239860913434024	0.334912947766836	0.278280552138516	0.495842441353065	0.327720863521066	1.29079241305658	0.218129672010324	0.162278347774592	0.0634280411396075	0.296596127374348	0.188171769387399	0.143211060172731	0.148437932511575	0.50289845130373	0.207148607448209	0.343973744495914	0.513950845582267	0.295728214862127	0.258425590063472	0.437792302185173	0.107419442440821	0.535420888196833	0.290280730963931	0.405076694893446	0.249172099596799	0.291224608916065	0.737290901689978	0.206601826418774	0.299363451757322	0.255409507906965	0.702187384399151	0.12886134437818	0.155091372512948	0.603540514366484	0.481035961152576	0.438623611249341	0.372920956154712	0.258521539259559	0.250597563082519	0.203689781447718	0.747730481484737	0.622844346731164	0.394915679791596	0.245630458764199	0.348375520938656	0.27232168177247	0.512381007985382	0.258932363117807	0.422324995260963	0.467591488704757	0.025976269903877	0.112302295211226	0.315687105552141	0.252063618647537
0.352566467884283	0.15991225362008	0.150426777481926	0.167788763174853	0.167296066888937	0.14788227603149	0.45527201452417	0.324414001033627	0.689878386273153	0.15218669169086	0.102272340935106	0.0433176056560219	0.0917349643535518	0.217030787063787	0	0.0555536797695892	0.140914881867615	0.136097085964824	0.147138916288788	0.183238159050525	0.202705933569353	0.097360761092154	0.442888051808938	0.0919171315042552	0.148394951650423	0.641851946846916	0.0967792202400002	0.849679895573408	0.496996585898145	0.276431883769323	0.179418410763779	0.180275303902532	0.122966577383933	0.173986809265869	0.973026714762146	0.788001122863328	0.585524110653976	0.564611762212749	0.508093235320812	0.34195903710619	0.424372753099653	0.12975106094463	0.402096335512374	0.595171403675691	0.277426688457662	0.507995200087243	0.448847974055109	0.570124865082564	0.693331609618282	0.581848415442965	0.666607571854258	0.606833264170327	0.0745873960731446	0.230055543353811	0.414316166751064	0.262283732023429	0.175285792423063	0.133033172359846	0.195014544055643	0.188730133288526	0.18901741860941	0.0893056858996364	0.424524613592589	0.262034841133402	1.3712205127518	0.0961847797591509	0.0703839676823488	0.106579031919216	0.0402837930803349	0.224923885887638	0.028036930620591	0.0707803714952541	0.239871010221424	0.2048905972019	0.099533357361228	0.220040403072606	0.432982587737477	0.133016151834344	0.201475447627767	0.403409006124306	0.802061178697543	0.154044666831555	0.217518577538154	0.206856762066969	0.1488015264889	0.711241573775698	0.643087132138133	0.523288442485377	0.404071173401113	0.29842641404766	0.27857433047763	0.218490719974182	0.814971875400821	0.600000764489337	0.502278863027019	0.483761297642874	0.327843780663674	0.440148960181063	0.125580789514802	0.285864069272494	0.940734625768121	0.714933960672604	0.449014241591763	0.651732898269237	0.539643962856181	0.746593365923527	0.475421881681941	0.659992571267432	0.820667336411568	0.165375972007722	0.255570544218328	0.67573211607183	0.303762875180944
0.35345756043153	0.138184884161724	0.144367875434087	0.122489625223889	0.121201480096391	0.192815064848112	0.384153472375725	0.276562345562342	0.607770593650398	0.0961334511671819	0.0728893852739925	0.064953482631269	0.181549581972204	0.135793726933307	0.0555536797695892	0	0.216315242033584	0.128746648785109	0.142215501939811	0.16936302087045	0.187335401255483	0.10729269167506	0.42655807606448	0.126510941446775	0.088134308769972	0.766156312171236	0.126018911093624	0.658317752737729	0.491260202916064	0.385906431057868	0.270479665530478	0.14778494181089	0.121747917297533	0.147680192215836	1.00016205341727	0.725926239004064	0.550480711431776	0.674818513002284	0.43484957561291	0.291920815849884	0.474306913984738	0.182215868223845	0.497134970607823	0.501459067333952	0.214586562008174	0.472010801493677	0.364903646342019	0.54338665342046	0.628805299841733	0.53158083730043	0.638544200251271	0.531357410312692	0.135458345941516	0.192731755974619	0.317989604324486	0.273340959548143	0.16404595411342	0.141796374111031	0.200967886876579	0.144955292358529	0.162771835930026	0.103468005785741	0.36306272312535	0.228840521936703	1.17048356782742	0.0979199041408914	0.0895281011723692	0.0662900702429388	0.11581676333406	0.23865242582893	0.0523793593763618	0.0131547140196722	0.18967159343971	0.174115161733077	0.106555271732069	0.249930122905308	0.375025150725208	0.107299498583638	0.210378950171564	0.327678049404529	0.80254003572648	0.183864910543281	0.213606275734688	0.165355101846785	0.188830317819394	0.707891595078174	0.523372387734417	0.502545909647841	0.390794324845815	0.463222883563907	0.271521788502659	0.214943963841414	0.896958340398215	0.62164338032777	0.530673197541169	0.515586728969831	0.305320398733682	0.425643548279276	0.169512730083342	0.412372460948302	0.892797262677541	0.685830154129613	0.388165993312462	0.618103292338214	0.440551077832157	0.769274458824685	0.478976522735396	0.636710036074974	0.766156882936545	0.109479098232087	0.211517432284644	0.611092566923984	0.29829590132747
0.372057768575427	0.237726386278155	0.208163152602946	0.275088077950057	0.293150970416373	0.0500934211785626	0.381885356497889	0.258265665830095	0.479976697731365	0.157596937160705	0.325784366111731	0.195920283273421	0.236373737596193	0.463362027723622	0.140914881867615	0.216315242033584	0	0.137205076496357	0.128038678651691	0.207548079379781	0.158194403838677	0.0900293107439234	0.303525570782122	0.053770778340245	0.201585139987733	0.682227656829971	0.0583466531347367	0.940468511610639	0.454837018771953	0.387923874200659	0.199199553493203	0.359151660049551	0.172909047715497	0.267578087787559	0.908075681277358	0.708290158365973	0.412244751840398	0.528522977065904	0.466671089460594	0.289496305700133	0.369370507111904	0.180295335864142	0.316010783635219	0.632787992093427	0.317898722102231	0.497588295324258	0.470928311792803	0.545674982960841	0.645208835800919	0.469339053734339	0.531007110684563	0.59360034068404	0.276132058253481	0.335072549003006	0.647088047467138	0.190915975362755	0.216199310242339	0.189326097198107	0.183558795004939	0.281036470738972	0.272128802887331	0.0707211406301194	0.337427862781627	0.233964155191072	1.25195393006333	0.110204698589751	0.224930578958795	0.284540426614755	0.17623150900398	0.319152592579609	0.124103166032007	0.22845159841378	0.276254391831179	0.199991352753012	0.0772749870985913	0.200649262899312	0.45205437431199	0.198130539726927	0.140182795185343	0.519155622198059	0.661135167247378	0.0603378743254568	0.24334832996262	0.201083793195852	0.129780466169804	0.811462406219006	0.827373380537557	0.505123867732704	0.495209145847486	0.216036691335534	0.376008206238451	0.235218091226256	0.723315424185248	0.539444541828547	0.382960141933058	0.373727238440321	0.280348421189682	0.402907646660661	0.213656094104488	0.218636669061614	0.845560071337049	0.680011923487218	0.399249211792513	0.628183005782234	0.531354861147552	0.640662369368248	0.506092826641883	0.541363088351824	0.744056702064085	0.387490260894403	0.369139686297774	0.774182379577991	0.213231432019676
0.304202527817394	0.332523342545702	0.340351682692865	0.344084650872364	0.358810964037134	0.110718685260131	0.193215769212561	0.124914182837543	0.477961243947908	0.101808851028248	0.228792892214567	0.156314328591969	0.376016904489359	0.274860385952612	0.136097085964824	0.128746648785109	0.137205076496357	0	0.0870715072243907	0.0311953933128193	0.034361981649111	0.0919882939949648	0.352595361572684	0.0528950077661217	0.0694586784156674	0.93337818520955	0.133657155286537	0.681888472436091	0.503714357378295	0.635614584441308	0.454794170798235	0.254004698420386	0.144682250127421	0.197837094299533	0.754441197333605	0.729672134712884	0.572503256298238	0.655725285525962	0.437150560780322	0.405025220238086	0.577077573433725	0.382533206136967	0.662367494417581	0.466364063508904	0.302230827753011	0.50535056397493	0.414417981502974	0.50068101785294	0.5230389919006	0.421605018715112	0.665245632949221	0.464932411671986	0.228683099385811	0.423228695569465	0.507767398333601	0.154282620778194	0.224272347147027	0.288841655383177	0.357386172770149	0.357389361876502	0.407763810861422	0.0494801233190146	0.163343854083054	0.0945224252903952	1.27757260588722	0.147243688793862	0.264710337651585	0.226353856368428	0.281459084039607	0.165875318244753	0.106486974819653	0.152397026194178	0.203316083294523	0.0641328851352584	0.0411261438046976	0.104818522609939	0.169067282797274	0.094391713859133	0.10482504390305	0.388889307285596	0.557855001319024	0.117351212102879	0.14618048381038	0.0522868822303422	0.196498169490851	0.923039392701562	0.58842933078771	0.530326621725337	0.450403238819082	0.568703879839653	0.343088712784036	0.25716854855726	0.735567017954989	0.704625064837431	0.558940210778325	0.451474030603331	0.281430931587944	0.360893808334218	0.341764905233745	0.50564421640755	0.806397540617336	0.68579054982446	0.351879608769965	0.620450014812631	0.402407410183099	0.725865412128815	0.516671580988932	0.530668598779757	0.641723014704038	0.280017789720406	0.388206180714285	0.718477458684473	0.223918915021594
0.527631480349361	0.341370340153022	0.346355050711235	0.320539810391596	0.326704802807984	0.124098296661143	0.18246660855724	0.103205711197188	0.550026260818131	0.161871759811594	0.273185987518872	0.206928281972573	0.286923873687246	0.407048063014851	0.147138916288788	0.142215501939811	0.128038678651691	0.0870715072243907	0	0.111866661814845	0.159487118571235	0.0396558071788964	0.505962941768195	0.122652631438294	0.0787067898754388	0.683584661764499	0.135848822788249	0.781538262858241	0.679036775129248	0.608281561479769	0.304456732659789	0.412993231761333	0.222243226124233	0.0731020795555737	1.04880436486181	0.723775661511099	0.663116900903943	0.796499984652211	0.616181653960092	0.421911112097973	0.635816073884222	0.297748748217533	0.469082617113092	0.708250888368543	0.399814532135354	0.691603290683261	0.569249938321567	0.703627485593545	0.777538283715591	0.60440262276577	0.720757817778601	0.630324298996489	0.312483461329556	0.423062737630511	0.685414850454866	0.320162049375581	0.361167709142706	0.338163559464698	0.366063187513732	0.384439994936449	0.366980538594213	0.0544068507188333	0.135478228179205	0.0868301120524296	1.08388199463244	0.168883412217853	0.289261204361413	0.295812189555119	0.245865106024377	0.370026980580908	0.159890832547907	0.186634011279019	0.0935975489829037	0.176369060767196	0.0264078984149061	0.0537299629926048	0.30798547592042	0.0865153088278929	0.0221397393676255	0.5401354760609	0.845376217195175	0.173177194899069	0.0663712385645132	0.102454830657941	0.13392983698053	0.913893427929068	0.787436625434867	0.665942771239639	0.522628793548913	0.418347959794678	0.529512389558395	0.335446621304529	1.00294373739438	0.792178437763437	0.629351602462848	0.577835029887141	0.377387464367818	0.490981960773798	0.367118707379085	0.293736785576761	1.01900899602072	0.867126003492838	0.502405146890711	0.783914155664285	0.543043235609077	0.885218583609688	0.74466593783354	0.696386080998937	0.849052535623276	0.375256493099587	0.506070175132643	0.952512866183199	0.329826781379706
