0	0.230753491921231	0.32757506644706	0.402963117704003	0.482520804726826	0.781931150488478	1.22138325247001	1.24527261230783	1.20211092153479	0.242117330343759	0.283381865758038	0.247312436248819	0.509535090792937	0.200410515227145	0.417395587550064	0.847953753819158	0.694368151150043	0.379732973723338	0.600379635050108	0.278602767925583	0.475599385086539	0.986448462687144	1.00574524056978	0.508782061912617	0.420202827918689	0.689522379889916	0.690550542120275	0.673838455120913	0.516982359732088	0.236056641797247	0.79592392871759	0.244885918924226	1.02667207462868	0.469053283974322	0.808399917094639	1.09484912600877	1.09214904963057	1.26764738910071	1.52856900504417	0.662220755787628	0.958134752367347	0.720882592929463	1.00261667147729	1.1874437989652	1.34400669358894	1.41342427891305	1.22292183805421	1.0562658461452	1.29078950141218	1.47175215834678	1.74386296702838	1.27763952683312	0.409402206227344	1.32841890606028	0.600391185478377	0.866270092553442	0.21521268302632	0.197084533778343	0.434909784219517	0.387107828023161	0.467395500909326	1.00504245149886	1.28898790673283	1.31376641973127	1.20236339642786	0.514874645020025	0.265149982633418	0.290173339738625	0.38364332569255	0.31912390171375	0.59693676919634	1.13418587236808	1.48738664271711	0.439739269901604	0.753500739627186	0.808375225307833	0.306083332153537	1.31441002765549	0.743959139735501	1.01661822950321	1.17893145756528	1.17638917969556	0.836017920485889	0.580823721862531	0.840460974547164	0.573316213446147	0.467193323499201	0.912736211488348	0.418992954047332	0.946346074637209	0.738807792510537	1.26916989887439	0.317385032167969	0.952416346793814	1.39712837277555	1.48235757873878	0.303796985257392	1.3281409074126	0.626287063159834	0.783170274505336	0.892397280417419	1.37197236674624	1.23069025866055	1.37763614759676	1.19437006313809	1.18692373168471	0.743549623938131	1.43744239055978	1.35535061532153	1.04612916552511	0.753959951564134	0.379308066202698	1.10404280423773
0.230753491921231	0	0.0740274090393283	0.0834702552895363	0.1103170614767	0.320763442812116	0.686864687343243	0.746396223592099	1.12272245251754	0.0876314658846228	0.528587626410114	0.487049331328891	0.377244639542297	0.446439870438842	0.406276739616005	0.39672539499507	0.361436988626765	0.371143547690381	0.407765133656459	0.480837361710789	0.611126400166218	0.607525384382397	0.498403171874529	0.178595244518603	0.308221955046178	0.720890759645261	0.324936601923084	1.07973406801048	0.696399226268783	0.673510291942545	0.529669629763831	0.298079650314432	0.748990607358357	0.403387797747805	1.17869481313638	1.45277030306546	0.560680187841348	1.33265761967897	1.23600095895468	0.240329598099996	0.540099438721536	0.299437635015481	0.62486090888452	1.36073820480421	1.34578700591046	1.31863065762871	1.24146373799494	1.07873254321955	1.23078617609614	1.30356939969569	1.44708442470133	1.25373971284446	0.670352863047211	1.5178317685863	1.05737662761285	0.653568209567963	0.045245429061024	0.025743953034185	0.0965443520173774	0.0746621959444806	0.0806326128394823	0.701340077289674	0.78257023794019	0.86898006348949	1.25336297033884	0.192392004824551	0.481550255532633	0.383593288373317	0.42022949877641	0.683613123119156	0.532751581519335	0.551357798783159	1.0027037075131	0.429366991778627	0.508879970954775	0.501624084305681	0.634913618362257	0.974361942789363	0.506592468972876	0.915867035719138	1.11205207638366	0.702353662452528	0.685734865092638	0.301787224727589	0.419516592940196	0.842423345360143	0.989656991370202	1.17527392330013	0.833547780662062	0.492692943531921	0.750358941850227	0.997456419844068	0.657693864853138	1.27245985087084	1.22431048534881	1.23094640304318	0.350150647910355	1.30873870838781	0.243870608593326	0.450481033375939	1.08698836689799	1.37983746069663	1.15194344653683	1.38523079611451	1.15984754132944	1.15040775902085	0.975925324874249	1.30029808919945	1.28377848184353	1.07637915189827	0.948896894371325	0.906220522812459	0.812364379060174
0.32757506644706	0.0740274090393283	0	0.0291131224053163	0.0316412810126442	0.292099244269284	0.729931848488716	0.65319086455107	1.2216560273233	0.190634944781993	0.370718359695884	0.390502703423505	0.297950575786261	0.42135297610371	0.283493882603616	0.267056240312694	0.252158178057371	0.289971951741466	0.334270041639655	0.413001844940575	0.447383060456501	0.560103125621293	0.612004490087135	0.12525332558471	0.195830610661622	0.4858856074575	0.271632178973247	1.18742910422306	0.797724910400699	0.692008203607049	0.511547439668744	0.306826667751337	0.785669770892065	0.296419191330656	1.26736756652249	1.4653763348611	0.643770986582912	1.25990659384805	1.32050643990566	0.169131251491292	0.700519273687676	0.263795104210451	0.796885290169417	1.37022624274494	1.32941094829885	1.38372233227278	1.24775627837841	1.17908782453257	1.27245568743364	1.36525743779897	1.489266325263	1.30833402947667	0.530135522502215	1.47062158852813	0.96450126625706	0.799498494180237	0.144439664092657	0.0586753311830656	0.0275636605752376	0.0617462846707465	0.0373050038275365	0.698669970295073	0.848591774034979	0.859929217702331	1.26735318597635	0.206293164846504	0.472046184463592	0.26548170643765	0.336233486528737	0.593640569232327	0.328311821441337	0.507650705863867	0.890490118319903	0.293968927666563	0.364491518248681	0.368798815396826	0.575461254585021	0.954933248546698	0.389324415511619	0.822935348930105	1.1439188159867	0.711463127468334	0.440742615306542	0.248992911218733	0.409234415315237	0.723595639822413	1.05092705665067	1.2760529785856	0.72787698526384	0.529354591062337	0.615063316037117	1.09466192314496	0.63285097164797	1.35112353189585	1.3197053312968	1.29130635855212	0.194575810880943	1.39294862871043	0.26735745149335	0.506848932146407	1.21879421014756	1.46397568308867	0.996714715378066	1.43691390497369	1.18200744772216	1.29433063718435	1.10662199638631	1.35980533629705	1.36508592888691	0.94615045875785	0.906864589849373	0.910025777453538	0.995716680098706
0.402963117704003	0.0834702552895363	0.0291131224053163	0	0.0265605380224381	0.228511717401697	0.627719483283211	0.595654611581086	1.15335657018156	0.192952400289723	0.489777194819653	0.522767003696771	0.379190583744349	0.512642260438159	0.374974000826949	0.229030776137744	0.264781350517731	0.372152241444809	0.363572194534182	0.500383037908028	0.539408353307565	0.482029098499958	0.49538469788538	0.102847564466713	0.232087728324073	0.588676758661925	0.215365978046244	1.24200666815947	0.759947450214743	0.812944452725181	0.539995406698213	0.394504360840142	0.676888199321632	0.376615109231451	1.25999074287222	1.42792379693828	0.536537561434162	1.18503242368797	1.16242525199406	0.14912582926531	0.614498332938698	0.241451028695815	0.758226950615622	1.29357242810301	1.22365204232619	1.25914412033017	1.15073060956982	1.08587466601702	1.15839774932145	1.23375050775348	1.34032719297422	1.19976484388824	0.664221517903826	1.42032660256394	1.04415313408034	0.694059576178881	0.136707095824634	0.0925299287633412	0.0446023937687318	0.0504651401971431	0.0280762202021771	0.597008318514746	0.738773950334208	0.753148816232024	1.21063763992726	0.175992168998483	0.538391696625072	0.367615250152885	0.436242566330529	0.737719179202147	0.368232367756673	0.372863022999625	0.765246369124139	0.346918519961465	0.40634822790485	0.396608840671257	0.695895824601529	0.787348725583657	0.385749384112181	0.733674098102479	1.05820331526396	0.572196430497196	0.482296626037824	0.221968906608801	0.332240363608354	0.792381923388365	1.13652130581267	1.2386451493059	0.846539722577093	0.494739544564393	0.618673307380312	0.94800182494885	0.751512255337324	1.33897438178976	1.18545054335721	1.15449341937008	0.271911385643836	1.27559885594519	0.204322504577171	0.4713884090475	1.18498170768911	1.36067664075414	0.907373075741399	1.33590310948174	1.07184380639297	1.19691054173229	1.07542058484222	1.24229073920866	1.26454637411885	0.899876044029203	0.887176454775554	1.03898664303647	0.858795817778398
0.482520804726826	0.1103170614767	0.0316412810126442	0.0265605380224381	0	0.230640920415084	0.583671885383456	0.499776043894792	1.1957301758942	0.232937432766322	0.496454767805231	0.509834330490849	0.305438889674268	0.515746814644505	0.328761399684875	0.193970847709275	0.239106131659656	0.338652402874165	0.338318873860452	0.533089410174209	0.523388091244532	0.458075024000953	0.504236800620738	0.0802718171813432	0.248937396245051	0.553178425559252	0.239881419546197	1.31923682363521	0.886487002319917	0.853438591026287	0.448394740551106	0.373487643376304	0.684225214790232	0.346659830734587	1.34229009591195	1.52991524414383	0.542060410268145	1.22509913294208	1.18820345146817	0.13668712049531	0.646711450966929	0.190285545681847	0.689853988457449	1.36628260576888	1.28116231056134	1.31273319442821	1.23453142875514	1.18917455143733	1.21693138718563	1.28059667338479	1.34656888514753	1.27726172471614	0.629541123658957	1.47883518149221	1.08807275711597	0.759826212658729	0.202470304297492	0.112328767168414	0.0257462555309678	0.049386564500978	0.0151641409176525	0.630725141272427	0.699260374765394	0.713539672808911	1.28557766602266	0.167631342852679	0.568852922719679	0.348578425388335	0.387660902190387	0.729073837397558	0.320119179764789	0.372843165365608	0.736480222549306	0.328277739885164	0.333943814854553	0.330298878261779	0.726695646700896	0.795698066836914	0.370523169003527	0.746568841821301	1.11950889459882	0.594514692444654	0.453537375260368	0.258476205162191	0.368997815751639	0.798036123947478	1.21176656570525	1.33394079849991	0.857505201636392	0.402531735317013	0.615769994200212	0.977201026919053	0.764137812053409	1.44264201578219	1.22959029857037	1.17107282729515	0.293656812815514	1.36125253868953	0.195147333305216	0.506760668170996	1.27780483584896	1.42068255550046	0.961312355838382	1.39873725146058	1.16776896064088	1.27053196733753	1.1813194254623	1.29060490339969	1.31757028509494	0.911222942805427	0.962344442167335	1.06301250129143	0.920685414495728
0.781931150488478	0.320763442812116	0.292099244269284	0.228511717401697	0.230640920415084	0	0.218868841952998	0.257426138089114	0.903220585536385	0.293679996810696	0.837113661734437	0.798967348422233	0.552004983722342	0.901938148930502	0.565472505812379	0.0967665128391815	0.135247633805656	0.502910408723591	0.26802985832531	0.627568097466176	0.597391293634079	0.145949507155945	0.265629867272834	0.140359476891323	0.346340329511918	0.841189362260796	0.129206099617024	1.41772106014049	0.963443200780759	1.32331257980534	0.610733250608859	0.733113204160444	0.481316263413028	0.439438404724623	1.417797578726	1.49154258268919	0.401022979258268	1.42630151282723	0.907598572468537	0.227273147549284	0.442311197482614	0.364065820132199	0.59121792548277	1.22016705616834	1.11731577931607	1.10736692726059	1.08896004299253	1.04087201970064	1.01005230517573	0.959214528191092	0.98364731701104	1.02575932625885	0.927032848068455	1.39512900849436	1.38100225738053	0.544447960153108	0.355600848164342	0.350157572136922	0.226555402310983	0.266926674780499	0.204238869099886	0.268953651473118	0.292326660476988	0.330092220422436	1.16413029012306	0.210945408426458	0.94234639808547	0.603602345752497	0.698137020668427	1.02179725995445	0.515110501816506	0.170931026700699	0.347134238712894	0.403556555043545	0.386788319872933	0.244029523488957	0.855649792279432	0.480413837418524	0.198049612930514	0.798570472939565	0.877012153786323	0.384623045735696	0.411672357862323	0.108841149595613	0.236207217960317	1.1217923888166	1.41739212647563	1.30122940272382	1.27268654691887	0.493334640292364	0.85096295861078	0.78858093145707	1.11545511418769	1.3788525813539	1.00606983160131	0.934426240098396	0.532574972143473	1.13065651893581	0.346874633707452	0.407274252859726	1.22214740586189	1.22118851273101	0.770147895802208	1.22288098839122	0.889470653538057	1.09490468486972	1.19701198648029	0.965677130702106	0.988995621550898	1.01586600236144	1.0891757097873	1.47153335191174	0.675849664200707
1.22138325247001	0.686864687343243	0.729931848488716	0.627719483283211	0.583671885383456	0.218868841952998	0	0.164264195135586	0.597426280514485	0.574527669080108	1.33806657665574	1.2529346223259	0.921338646354099	1.25415568090117	0.99883684303854	0.331166894538025	0.490528905562305	0.893296793195734	0.556580368115814	1.05430200474867	1.02036362805692	0.171421609318544	0.171536336266036	0.452934950405985	0.78809915584056	1.34295779901012	0.41780546401174	1.34688457477595	1.06352696273817	1.70207924808242	0.761991498481762	1.15988788844358	0.341563944327248	0.868778198891097	1.21201597214698	1.45755903259473	0.432890708688278	1.42797129270937	0.533756133221445	0.63867126826395	0.457291574778247	0.64838855771515	0.519619615034173	1.07542631872162	0.9600129180172	0.8165032276858	0.978461175568722	0.913070405900438	0.771782939711322	0.620978737895654	0.57682787786022	0.764242717535977	1.35500054074174	1.27461602298799	1.59163518853529	0.404607971471024	0.759545648023458	0.777646295092149	0.597223072479178	0.62527716598133	0.561635603081727	0.293671655066421	0.0113585749131851	0.109079509128321	0.981613994362028	0.359954601302491	1.41613689833675	1.00278403799526	1.13025988508922	1.40563270514051	0.958811496781276	0.210193066478638	0.277125751908883	0.774969791236634	0.662097870909802	0.51757817795985	1.1564308650353	0.325221440432122	0.476515210467906	0.83386617896417	0.711610909743497	0.288626305003402	0.804802274942032	0.413161081643291	0.415717989012522	1.4863149888108	1.5401463251635	1.14740739111624	1.74060983875326	0.573531177755013	1.25804955267005	0.508740770566486	1.28192522227466	1.29179909839281	0.7148526833706	0.603011575481196	1.13756403751404	0.867703973396516	0.573053194236381	0.679650696583193	1.08879025554904	0.913950261766264	0.852705445105586	0.968939778004092	0.799346827171455	0.800534270996691	1.11118654085949	0.629394821216119	0.644104189756031	1.15022955049553	1.2496563653479	1.68116151024298	0.407400034252685
1.24527261230783	0.746396223592099	0.65319086455107	0.595654611581086	0.499776043894792	0.257426138089114	0.164264195135586	0	0.981687112097886	0.639934384624173	1.02746886952476	0.961412645071989	0.626375705496534	1.02733226149165	0.672519206064269	0.16400878342171	0.325084232988202	0.604438251465846	0.304606220589333	0.816185460612371	0.691958984005751	0.191847236115194	0.512015919551129	0.37088499655566	0.52644467274193	0.886934255657948	0.41426872494236	1.46879361274784	1.31605526190815	1.55145595441087	0.513836178716586	0.955529540296935	0.552876335811725	0.545519149251291	1.33421478570753	1.58141188086047	0.643128042466593	1.44470227582077	0.893260777705029	0.532961114700379	0.651781735905143	0.539308731867097	0.71122246913434	1.29884986012408	1.14870204332798	1.15153834187955	1.21507726588975	1.26995839332625	1.10161412278214	0.968104787647191	0.80372994340709	1.0943861444509	0.995471890427355	1.39683956397601	1.42369940428091	0.74433822331206	0.830482157624134	0.73176587113309	0.492382685444772	0.613643055994537	0.49647373551297	0.41854691834891	0.209639374858634	0.215309579028835	0.987154812197906	0.387632845596737	1.13793300464951	0.75722427204503	0.793550361716026	1.13587264682107	0.575210183380909	0.312034851804188	0.270137815566567	0.549978106837074	0.279543835148826	0.200749868739166	1.05131094534973	0.353816108263701	0.263405340300924	0.96507051038784	1.06767279652459	0.587696646589628	0.429550046055162	0.367939351656072	0.6029913342273	1.04187579737821	1.53708309134988	1.47079416775559	1.4137079170448	0.476625154356758	1.05764603766266	0.804955799773805	1.2459453425259	1.55108871539579	1.09667608030857	0.944842335243933	0.881331745590717	1.23370253266242	0.693331474322867	0.718380197278839	1.48814319940769	1.27015854025093	0.885261949175087	1.29656472247537	1.06540154629743	1.2589219270552	1.4187908231297	0.996061949869662	1.01268522902321	1.09454334354913	1.32339747498267	1.61356483260488	0.817294136611281
1.20211092153479	1.12272245251754	1.2216560273233	1.15335657018156	1.1957301758942	0.903220585536385	0.597426280514485	0.981687112097886	0	1.05024940843644	1.46151316712804	1.50188635269485	1.72300902224009	1.42222521314138	1.67222658544531	1.14249131662653	1.12825933089862	1.57652713069255	1.34377696114517	1.38334211850478	1.36596736199584	0.70066009489721	0.454821419822809	1.12358123657021	1.43805520276027	1.66410874595109	0.783487544106958	0.546162834585872	0.407457636030547	1.52140309273585	1.70955120800802	1.63967986840391	0.276076337386962	1.59320417200721	0.569697220890722	0.485759438894125	0.809517540275726	0.905947168734981	0.223523807712874	1.34258259139442	0.832189437720337	1.39132115440669	1.09088442768955	0.25304310558138	0.264562219363233	0.172826254497432	0.228303436565451	0.16430733945165	0.123403725472196	0.109789214865822	0.364055050126117	0.0883508027897186	1.66756464576511	0.393812335355654	0.894720308722054	0.214289742215629	1.1319341035794	1.30172349557086	1.23820123582405	1.06168472250986	1.19756050350936	0.407948588600581	0.527905939636308	0.396064646896487	0.600729323533146	0.976825586251134	1.45954386556153	1.33636235099188	1.76972373307636	1.51024116609311	1.50511717823851	0.682972114390299	0.69395575472205	1.25651976987589	1.43134577339769	1.35142629055963	1.04150121768677	0.606944300536505	1.13809011900361	0.535972378410071	0.0960185379234587	0.332827085444397	1.36740181064601	1.00724573142292	0.628734398289174	1.70505870357146	0.855650680604841	0.220935932906541	1.64035700947963	1.4481031702538	1.26321571349728	0.227033797037568	1.07614668276606	0.299144368567215	0.197409571737296	0.188106065687802	1.40407416468643	0.156455900221458	1.0151013342727	1.33003383064757	0.200003186401084	0.154559511597292	0.458702620631483	0.198340847840724	0.186041187507531	0.107090447564641	0.270163583031182	0.0840502910801453	0.0482136432704481	0.628356447276693	0.517714633950398	1.07016590902809	0.186144873489543
0.242117330343759	0.0876314658846228	0.190634944781993	0.192952400289723	0.232937432766322	0.293679996810696	0.574527669080108	0.639934384624173	1.05024940843644	0	0.525031736694096	0.439829455322561	0.435577085440038	0.384640647834767	0.397800620513262	0.378745088817549	0.365532400912131	0.294273947069607	0.272615197086048	0.326847499394379	0.488326276485798	0.463740703736453	0.534614145133252	0.180263259091238	0.255941872203633	0.867615111971781	0.361309254294137	0.942768327376733	0.686230888618135	0.759278836295619	0.587897258658161	0.36301952809626	0.680030266741645	0.353400578678886	0.982476838785573	1.46779837501342	0.748316324650961	1.59066513275596	1.2635522941589	0.414155833676377	0.602193309300858	0.512397848643557	0.732243593538775	1.32354543152324	1.37466410126451	1.36455755955639	1.27833985512577	1.09880639364327	1.23082401810981	1.28181436632736	1.47658303446437	1.2021139660319	0.636572807433093	1.57031205445663	1.04417037857034	0.554975987143662	0.121449554611511	0.0961132809456789	0.195669014015303	0.201504207041983	0.199886621153639	0.600614117085588	0.660708791427733	0.748916086593667	1.10210814212491	0.115505730358062	0.54002459442939	0.327648169400246	0.446743198692939	0.603411637190566	0.544676301841195	0.616629015535376	0.973852712935401	0.310916764177476	0.463377311869218	0.446262453006902	0.461898609801692	0.869432767279511	0.376136355776274	0.997493813176764	1.09237254807657	0.770163659010734	0.653994140677885	0.203721405421477	0.500745158506246	0.803412359344837	0.872971556416638	1.14519787483926	0.920796849020268	0.640754979875403	0.898342189356276	1.00096238708746	0.554278295617925	1.25436849440943	1.28825266234074	1.28435422954603	0.422060675446767	1.31859086948128	0.434991017311992	0.545693965038206	1.06879878340118	1.39123363851336	1.16830374749337	1.42986482730425	1.13095589191769	1.15921994409829	0.922355476926014	1.25875530341839	1.20286068771528	1.2039677419046	1.02109836404363	0.909685825081661	0.782600747613752
0.283381865758038	0.528587626410114	0.370718359695884	0.489777194819653	0.496454767805231	0.837113661734437	1.33806657665574	1.02746886952476	1.46151316712804	0.525031736694096	0	0.0380490841808431	0.3415393264369	0.119419184378086	0.168058588240282	0.661768574355786	0.534882164135335	0.19612814004073	0.426402345367184	0.123097450637635	0.115317138767229	0.891582771375969	1.36949931576317	0.499187704191775	0.257441053765371	0.279654998113677	0.73546267262629	0.874598053693527	0.868155477522705	0.287724038246424	0.70733762079822	0.278303793578059	1.17331521839467	0.242111926476556	0.982573746646575	1.14914200795734	1.42354653632982	1.25349828513359	1.77156695137054	0.687502752327568	1.35776916325196	0.756826629648045	1.33610013247845	1.25637708549878	1.37011807388132	1.63411743798604	1.34632633976811	1.38596721817134	1.47573775896906	1.66476057562702	1.84978009832415	1.47157371944513	0.0831483128558728	1.28748218857271	0.423217966499292	1.25394334374412	0.578192205104985	0.390236478614377	0.451343570069537	0.530107960186104	0.55110018520586	1.06194814288136	1.43720100872961	1.31386204103063	1.19957612248599	0.633921156012271	0.252965892713763	0.0755278654243439	0.200898397513732	0.0841650329154024	0.214102323415265	1.19527451246194	1.30372094301145	0.189027962922018	0.427482259032661	0.537721244479557	0.185372515198551	1.2402216378524	0.500254860070291	0.989817549156438	1.36111572114009	1.37836333431469	0.376649262759111	0.569575820725283	1.05848880164982	0.259242580308154	0.547737213636891	1.18430112405215	0.202826095335594	1.01770462898982	0.579028837459591	1.56519474595181	0.296154286168171	1.16710850507779	1.68990612564135	1.69355047210254	0.112448684520258	1.59917519188618	0.851782282436187	0.960475640449706	1.23500159373326	1.60927540426865	1.04568367582292	1.57306018508596	1.33898379349631	1.58301049490277	1.07660450777401	1.63367980139013	1.57163538575206	0.88420759892861	0.809208751539469	0.367577723646008	1.57259606953445
0.247312436248819	0.487049331328891	0.390502703423505	0.522767003696771	0.509834330490849	0.798967348422233	1.2529346223259	0.961412645071989	1.50188635269485	0.439829455322561	0.0380490841808431	0	0.254581495531897	0.0870752150268402	0.111938790009929	0.647269205203322	0.510093453350154	0.114248696636147	0.342346021482693	0.0760036633124491	0.10509910241057	0.846931681640337	1.33196882427853	0.467036985288086	0.236201644354031	0.353455698782017	0.763299838490879	0.915055048220187	0.94989586503034	0.281060551421583	0.584880459306287	0.206886322955271	1.18804471360067	0.17417192820005	1.02769936769544	1.29622053964222	1.42175565396908	1.42933497091157	1.82845764972124	0.697211620937014	1.29811732002959	0.730028176348276	1.1833400379139	1.37773576513323	1.5145390010022	1.74001399170484	1.49710820969024	1.49028985191599	1.58015700834314	1.74244211090103	1.89936264207397	1.57014796260722	0.0501643265554119	1.44610693618429	0.541183941282747	1.25217168446279	0.544512827029049	0.342415385389445	0.438977075597179	0.53981286909745	0.549219470165971	1.07959139770363	1.34679110573224	1.29507412959976	1.29012581295358	0.578843035289754	0.278036997863698	0.0510321696869334	0.133653257802085	0.0456522373996073	0.243156986214483	1.23883438179226	1.34250143160231	0.162925632286173	0.390539671329011	0.475820614100854	0.175216987177725	1.26393480585938	0.459622130711857	1.11899028373145	1.45324054807377	1.44730751086827	0.412462342089353	0.540991916796707	1.11022939387609	0.283579849242691	0.578537142801674	1.26270167303335	0.244042323106348	0.915211312084596	0.684845497542993	1.61992801333353	0.290795138776941	1.26558912003207	1.76804961090685	1.76981080304802	0.165761907484361	1.70000942183448	0.847456759186455	0.912210313895026	1.30644613553912	1.70446608587282	1.22295386248891	1.69254083105609	1.46050708756766	1.64308954377686	1.1477945042263	1.70859893335849	1.6252884871685	1.06444846933846	0.961901637586839	0.399530791870368	1.57733566283017
0.509535090792937	0.377244639542297	0.297950575786261	0.379190583744349	0.305438889674268	0.552004983722342	0.921338646354099	0.626375705496534	1.72300902224009	0.435577085440038	0.3415393264369	0.254581495531897	0	0.347424752099554	0.0501424428282033	0.401721774333678	0.397031060999467	0.0937558558128828	0.257082202896837	0.342859567110176	0.339673318183273	0.760414128030362	1.05468883256232	0.317605037952456	0.245407552594084	0.351382705043605	0.727404664140865	1.50145637837482	1.41683244665035	0.550088048337715	0.10969334037014	0.136867809197475	1.27288759067161	0.107488369745395	1.49804275427295	1.7771919137594	0.964213248063278	1.4387881351565	1.72817326224719	0.336043143281593	0.982617846736528	0.25881238008166	0.625458922362776	1.78310690832487	1.78472590528341	1.85154083733203	1.80153716439072	1.79220708507409	1.79365548088828	1.82918740324266	1.71752958979199	1.8437921637327	0.221627900379998	1.81792197199474	1.15633393400409	1.39809828723158	0.471249517441212	0.250242279816062	0.264947737881448	0.404573613844487	0.322468635483193	1.14504880113548	1.02410568945169	1.16463480368242	1.57384222673294	0.433365512011563	0.489777665506862	0.265162316418272	0.0459674416349227	0.358941383430789	0.242977232217679	0.931509192900336	1.09486550960479	0.296739235930994	0.253198736934034	0.280214535544989	0.646401089567959	1.15927287246172	0.439854439477763	1.2413052743611	1.71088487086037	1.28767956014216	0.410016484675732	0.517501274691041	0.999839645091508	0.469809732160818	1.18884225378899	1.74592640120919	0.505962813622524	0.310767832859616	0.742495462177916	1.6071711796235	0.694462121871354	1.78628111846549	1.76725075434709	1.7215728758797	0.325362290015351	1.8907964284332	0.524760304538729	0.512579268876066	1.72791686112686	1.90735893052748	1.47810477882847	1.89325989053037	1.75283823945348	1.81492335395601	1.65010172993434	1.83553967252139	1.82856397796357	1.33250150817541	1.41613046493574	0.919598001075359	1.55169409653119
0.200410515227145	0.446439870438842	0.42135297610371	0.512642260438159	0.515746814644505	0.901938148930502	1.25415568090117	1.02733226149165	1.42222521314138	0.384640647834767	0.119419184378086	0.0870752150268402	0.347424752099554	0	0.217283461646197	0.756566633511722	0.71125158435036	0.204557264306113	0.464279054502036	0.173176410981417	0.251698902727415	0.908970479396137	1.27525159476585	0.500014036950523	0.3527164368781	0.551057371556944	0.855562115163903	0.774748592533664	0.803001674646421	0.253802025501676	0.62981492461532	0.213354119755541	1.06565652988771	0.334865891951726	0.788606344847148	1.23335226092	1.44200758723472	1.3585357588634	1.69554946485293	0.794841298002523	1.2902329478151	0.780019670192648	1.17377423099313	1.26586367797845	1.42966180161494	1.61176612548058	1.4128434547628	1.37235296690412	1.45652850453397	1.64545462453228	1.84861642233217	1.45530176187701	0.149592796450356	1.40319437154631	0.483368523527631	1.10323718329456	0.509431831596156	0.34161127536012	0.480355149619923	0.489258961785117	0.562925453029463	1.11456075102999	1.33523470408263	1.29070239827255	1.18575033159746	0.505666906767739	0.220226906623186	0.114749538738098	0.209281049057395	0.10210327824873	0.326405837020043	1.24520532860688	1.43850144941628	0.242423392865939	0.516649610543993	0.650542635047344	0.230336856745489	1.18676444483602	0.606997155214699	0.997835751467257	1.38570213475424	1.39555185421657	0.639761222424654	0.6387134046191	1.14751821795829	0.263616897318746	0.459105230442499	1.11243514249416	0.294288410297023	0.918605917370315	0.662814468849715	1.43106945978753	0.181464120741669	1.18216224547907	1.63380113377341	1.64060609021612	0.306758728217546	1.57782217854306	0.785310782138557	1.05633930135972	1.16316895381375	1.57412730203532	1.27328946337465	1.58447576853704	1.41632040373032	1.48101963723804	0.972637869954215	1.61723407082233	1.52366924225042	1.01998085321707	0.860901646827504	0.307095638836417	1.40234241185593
0.417395587550064	0.406276739616005	0.283493882603616	0.374974000826949	0.328761399684875	0.565472505812379	0.99883684303854	0.672519206064269	1.67222658544531	0.397800620513262	0.168058588240282	0.111938790009929	0.0501424428282033	0.217283461646197	0	0.393209844879651	0.362867404593966	0.0255000298852464	0.193893737388363	0.162336710627005	0.152776510009024	0.702975787964864	1.1602682413046	0.302170835410488	0.149421249327206	0.299770993984887	0.685073689312537	1.32499214085935	1.27309203442276	0.487543495987827	0.264936493658211	0.157617460817287	1.21851889706785	0.0509263565510648	1.33672909584374	1.63463123156895	1.16068163396861	1.48009188315061	1.7945201471926	0.42778923069341	1.13220054323792	0.423562253623625	0.878035525994394	1.64527247011458	1.70019409597315	1.85038881643194	1.70895645877771	1.72008154198581	1.73372073941475	1.81873142670756	1.81399582240796	1.7576026852467	0.10095111273476	1.71100903743333	0.931518499910527	1.34886075514763	0.491457913179858	0.258817462581502	0.280357992990468	0.42209431569549	0.363474325632803	1.06029357306936	1.10853794685589	1.16481530828302	1.45739715876224	0.424285929825112	0.398310292532682	0.121880274053083	0.0331556707177143	0.19975632720621	0.145035396284064	0.989320387681639	1.10455085973779	0.144312583414819	0.219351363661933	0.265235145400148	0.414280849078196	1.12539601732408	0.337568883767528	1.16457760614044	1.62069040772905	1.32688629415358	0.29472985341665	0.42967686305128	1.00766049289159	0.346403233930766	0.977159862161727	1.62094705850774	0.402345190993913	0.54215819362501	0.687567386086994	1.63356933824378	0.526443431387406	1.65075673354703	1.81252132833717	1.77028534497821	0.198604916336202	1.85771284867239	0.641961880147489	0.642532710256011	1.62728202469333	1.88008116547623	1.32704096775302	1.86234153916721	1.64011105201861	1.80790290057139	1.50949900947839	1.806372205978	1.77443206789373	1.21959077895206	1.25932086290047	0.761817609626152	1.59446502780551
0.847953753819158	0.39672539499507	0.267056240312694	0.229030776137744	0.193970847709275	0.0967665128391815	0.331166894538025	0.16400878342171	1.14249131662653	0.378745088817549	0.661768574355786	0.647269205203322	0.401721774333678	0.756566633511722	0.393209844879651	0	0.0789516471373226	0.363248446265197	0.143269334705978	0.524391630402608	0.444470670703449	0.177026016243205	0.512124258145804	0.152569455592598	0.198517001262695	0.59446953248813	0.184872785279768	1.45352717581313	1.13455555378313	1.25304409605023	0.474882935910832	0.679281833494513	0.616491126838927	0.281418880870585	1.46909307256714	1.59095902511621	0.602012251727449	1.44807205324669	1.1091352371704	0.240686794634523	0.607219345095341	0.35289412760962	0.786709945104921	1.37061277696041	1.22568019077254	1.30974965033467	1.23763513446673	1.26675843633338	1.21396687195658	1.16221898062246	1.11222218434634	1.21027424860589	0.732703425942395	1.46599598762539	1.26506236957075	0.761260155767814	0.474797561470671	0.362313624522203	0.166863261131411	0.293231738646136	0.190215218924653	0.386834738045476	0.430319178331249	0.417002180995558	1.0818883650853	0.254448046496629	0.818963947571795	0.456286878209369	0.53424393434876	0.864739333867298	0.334810825583105	0.246101266717292	0.350164274915715	0.311157663174796	0.155044529336543	0.0966033587183434	0.808939185928634	0.470762793568962	0.0905183135306142	0.911296115049447	1.09269472389618	0.579837916750659	0.201752015707557	0.104540301161756	0.409019283646644	0.832193087324217	1.38081194716802	1.48385717829676	1.12859162700303	0.477079304841873	0.826557758214035	0.98276914107623	1.05587077322028	1.54207209973489	1.25963833796682	1.14337244247691	0.444498245105413	1.35404292973301	0.482569385393539	0.476647766111081	1.45161352184928	1.43499138531015	0.821571322540501	1.42550186541698	1.06868377960971	1.36677141647277	1.35444385610614	1.18074821698069	1.20238743976476	1.01372051226652	1.17046832156819	1.41848208868894	0.926042765281957
0.694368151150043	0.361436988626765	0.252158178057371	0.264781350517731	0.239106131659656	0.135247633805656	0.490528905562305	0.325084232988202	1.12825933089862	0.365532400912131	0.534882164135335	0.510093453350154	0.397031060999467	0.71125158435036	0.362867404593966	0.0789516471373226	0	0.332260321682351	0.142858260090937	0.41485026083556	0.345913537002281	0.243223260155486	0.598783877805856	0.184856624561829	0.164683812352666	0.485997541391469	0.14119349418494	1.32549222707252	1.03797421527219	1.09437606907682	0.56356756758575	0.609048905401436	0.707198575408054	0.220041081153493	1.52089478917904	1.47442052240566	0.647799772694753	1.47908894780066	1.23889664224194	0.251518819626265	0.613086172659383	0.399349566676511	0.84460306800407	1.35242604470861	1.22175869578191	1.36049162200095	1.21004160098067	1.22171940258569	1.25477701262599	1.22796045279632	1.23455676007191	1.23620179973185	0.639839852233935	1.40479659151485	1.11955466933375	0.796541737202256	0.42012446933403	0.316253024153657	0.178516165666029	0.315712368529494	0.218568819260439	0.392758522528704	0.594273330524507	0.537454046948924	1.10890614627219	0.366001352272086	0.710648080535793	0.376160750030007	0.492662488787791	0.742545650482066	0.345056901944986	0.374201483133812	0.471265576084215	0.292937978014413	0.163713160080469	0.102793513439043	0.661805358252787	0.645462719878256	0.0820802686513462	1.01161729702065	1.0848072548484	0.684078940246339	0.163233410397466	0.104009875768234	0.418793065040171	0.815731286811845	1.23716895588339	1.40981728218138	0.977816595721335	0.586044807234052	0.819658313476145	1.11232096603396	1.02177901460053	1.40316822996042	1.33061458271647	1.25119708765545	0.30396245618058	1.38096437184402	0.557200985099382	0.425927013858617	1.36052213641346	1.45338582648358	0.804771999335591	1.43482055330988	1.0338974993096	1.38925272919019	1.2661334963588	1.23846938461177	1.24028676906154	0.977375753852634	1.09017818571334	1.25787559571454	1.01011066944632
0.379732973723338	0.371143547690381	0.289971951741466	0.372152241444809	0.338652402874165	0.502910408723591	0.893296793195734	0.604438251465846	1.57652713069255	0.294273947069607	0.19612814004073	0.114248696636147	0.0937558558128828	0.204557264306113	0.0255000298852464	0.363248446265197	0.332260321682351	0	0.121745398096107	0.101702894738474	0.133638189111398	0.61295529111951	1.09129805630705	0.255498731847347	0.115153158060043	0.401523903920993	0.628143754712447	1.23457046716266	1.1950044309683	0.535105723859348	0.292749956671178	0.177280616313555	1.13138922463978	0.0400888685219889	1.2262369752256	1.63682904812324	1.16334156830007	1.59669169128827	1.76507176898062	0.467256495883855	1.07424760248108	0.483904556624584	0.888897603330983	1.62744804772606	1.70105031276353	1.83532160257102	1.69459175678837	1.66788327609378	1.69938428944369	1.76941560217437	1.79811272757949	1.69507400061178	0.144051932897275	1.73933654142369	0.944350111582294	1.21311066187343	0.446898888031157	0.233250191639796	0.275145362055828	0.423016140964541	0.357712681319785	0.963589971997466	0.995416170785289	1.06099789012181	1.37672335308136	0.337117306558921	0.422556299300998	0.102877646369724	0.0687349813718479	0.217050360990164	0.188412385410343	0.961610228141207	1.08762965995589	0.108484466923302	0.194655952507821	0.231063624650831	0.348494196239179	1.06177035740044	0.274509170909106	1.20579024810457	1.57957114284259	1.28923008981401	0.312336515562806	0.346375191232624	0.96866918563924	0.392152944078789	0.940310083394719	1.56955498380884	0.489735031172931	0.581492064332861	0.787506763122898	1.56964748451777	0.494837391864844	1.61160798050661	1.79859525075612	1.75775037005408	0.234628546032904	1.82422335133656	0.679500452374025	0.651869446687576	1.58611922424378	1.85397156302352	1.33602904975168	1.85687847012317	1.59002868696779	1.75719720836856	1.43593259235737	1.75053647537989	1.69537023261656	1.2840496334168	1.27290259335241	0.789687598694401	1.48738250379616
0.600379635050108	0.407765133656459	0.334270041639655	0.363572194534182	0.338318873860452	0.26802985832531	0.556580368115814	0.304606220589333	1.34377696114517	0.272615197086048	0.426402345367184	0.342346021482693	0.257082202896837	0.464279054502036	0.193893737388363	0.143269334705978	0.142858260090937	0.121745398096107	0	0.202204358557881	0.208811299540295	0.328811176363491	0.844621892519716	0.220218492166785	0.0791211819460749	0.507785246279404	0.384872073960559	1.24554770201095	1.17655370803514	0.936224134407426	0.386608347563228	0.455109935108379	0.884172846248954	0.0763017455653987	1.28502117696626	1.63549589324383	0.953821929256735	1.70408796093566	1.50408230401708	0.41823159512783	0.800345779043004	0.512155076122955	0.89679035291405	1.54486745634625	1.51806528668253	1.6426908898874	1.51291503662952	1.49678514350027	1.52077231223902	1.49520587851092	1.47568860630107	1.46416994489135	0.426976015300188	1.66021294546737	1.10353237277681	0.949215530609329	0.464376879022657	0.302919491225296	0.251724813556814	0.424548235750487	0.320511486053085	0.601699269906625	0.652836879914356	0.676337173602674	1.09064991152774	0.284327916951428	0.598554431629368	0.25399281037572	0.298321150470519	0.509261751942132	0.282695269549226	0.642350945652671	0.695956719482006	0.172117594441832	0.0765561990841382	0.0640376885347571	0.49127237533284	0.722666473885144	0.0687621753315745	1.23009059081882	1.3794461212822	1.01631372512723	0.186634704203467	0.137910707555538	0.731423606102984	0.558415664407217	1.08328382024207	1.55811658073519	0.855629128754251	0.590634960003464	0.936272470867841	1.31697802714172	0.78679192926412	1.57818365172988	1.61971938137915	1.5378994056902	0.356647223223906	1.6330222623682	0.734395627215052	0.535975374825216	1.55530713807147	1.70102603313311	1.12024236046548	1.71617614135997	1.32834786765851	1.61982845520925	1.38521870441968	1.49174287317552	1.44643326223964	1.25202929555763	1.2979500881039	1.13738306406075	1.19911859594846
0.278602767925583	0.480837361710789	0.413001844940575	0.500383037908028	0.533089410174209	0.627568097466176	1.05430200474867	0.816185460612371	1.38334211850478	0.326847499394379	0.123097450637635	0.0760036633124491	0.342859567110176	0.173176410981417	0.162336710627005	0.524391630402608	0.41485026083556	0.101702894738474	0.202204358557881	0	0.0692958326846355	0.660108464395617	1.21597545645033	0.40965620091057	0.149368828673135	0.464248414591835	0.640025489543482	0.882547619222486	0.904979143825067	0.468634186450395	0.644686128754122	0.326530826300982	1.0772314520207	0.137110431225926	0.948001828089512	1.29776333606585	1.37300681261036	1.57714237835375	1.7455099523581	0.700159580679553	1.18537099764934	0.810404748014762	1.21789238787029	1.34684234592972	1.48632623693368	1.69320029809623	1.44679246554851	1.41316091462552	1.51593796831207	1.63175939735289	1.80266528979547	1.45585683904552	0.159655305085548	1.47369525197586	0.647866355040457	1.08276943409101	0.502568310641761	0.34432890751521	0.443770638581737	0.561667121409259	0.54562556229247	0.866203796126045	1.13935522181881	1.10329215523478	1.129634510165	0.475969218836214	0.363439924083501	0.0926053861471589	0.229247434271812	0.143231464506933	0.286084716108272	1.10224805459489	1.16694978978065	0.116484781289055	0.333294325557561	0.380662639552219	0.138499973705722	1.07056371801842	0.298920918461037	1.17057486771308	1.36781816243321	1.33668753804268	0.337150767882854	0.348694581040527	0.997639743015465	0.352098923405823	0.604757767689403	1.25763256050564	0.431037386464197	0.984355248433239	0.818323573262653	1.52523913093145	0.373281034298411	1.25604036259064	1.72469705731318	1.72259079992924	0.208905455186291	1.61880776543932	0.918168116782411	0.822023357242098	1.29774214577644	1.66228555040752	1.13770490657491	1.66663574256488	1.32522724510172	1.58694897936342	1.1108109022932	1.59236439062555	1.49783726556089	1.14515645634323	1.01742116005518	0.584380539559407	1.42367046942047
