0	0.436524634088897	0.363123828869143	0.442442018238223	0.510103805605851	0.535515668424956	0.719636438920264	0.641122529656741	0.402988581203458	0.448154047408942	0.421450451123336	0.46713292830383	0.464476393073593	0.43065460089744	0.646955700657219	0.640866260969051	0.542542584021652	0.676256935837191	0.677416802475315	0.479342547704625	0.553711943124902	0.584872760987057	0.19352952563917	0.488935679729736	0.458435488073712	0.746615227272906	0.281874819315244	1.02504059808158	0.114460055656603	0.106542918272583	0.477722746022121	0.55816031165493	0.520624034128319	0.68933986125143	0.46423649222965	0.251200505093954	0.163163979321728	0.404491494020235	0.226620308096864	0.106939106692057	0.232235077460667	0.252437723868961	0.434506053466215	0.112065048371541	0.199657500104838	0.164569095718672	0.153507798185404	0.103041601092852	0.0912698836295782	0.204400645712091	0.234963398421532	0.231246019077872	0.382178350336914	0.386394825387298	0.549247468098638	0.487797427359682	0.237653244098974	0.272969075975629	0.229005186194026	0.380964612797562	0.371839241233995	0.572536044239805	0.782875561712652	0.677284617133802	1.19095243235341	0.443234213072613	0.224313320555169	0.337440075237416	0.359195013182345	0.496040290032573	0.450337222478014	0.67079779345124	0.828210540030295	0.543677401358651	0.690611318598547	0.802923498809615	0.712880441305194	0.496697729920409	0.742757013115278	0.318419142995171	0.611331787361637	0.401076597420255	0.586681743063737	0.582073533858202	0.427364998406326	0.988301229191946	0.349133231255731	0.210282620741753	0.258901076326114	0.360021048271117	0.670925121559659	0.428206664260437	0.869760275618031	0.231873562902613	0.102001731294181	0.280793988830132	0.154770881299916	0.382065064698811	0.273329802423954	0.406894071649607	0.202552518015305	0.380147255053773	0.304525378419264	0.346964998740554	0.173976330168581	0.242556041218508	0.121442119475002	0.211737911521501	0.172705258828911	0.324348039694784	0.360430149398538	0.61193864381481	0.551380948851479
0.436524634088897	0	0.00875408802516575	0.0138405997601379	0.006754581570381	0.0554621087563095	0.138245846656354	0.139509928088047	0.085735240070603	0.0288124781493246	0.129222338001774	0.228908803718107	0.0479057273166507	0.0720599571859853	0.0744963904131941	0.0753580876779474	0.155717927124804	0.093380170740015	0.112147331375313	0.114980463823452	0.0574335817051209	0.0795907012955814	0.189038543073686	0.0709512375211776	0.28190049781796	0.430951455131783	0.194856416524486	1.14848148794268	0.321021596598462	0.320954043194787	0.120793763752357	1.26707373712168	0.128568968713565	0.0822998601499518	1.16155161716536	0.228941707603185	0.732366415284348	0.716633088246113	0.27247983662226	0.313364504311085	0.593776179779061	0.615792918815847	0.602083267801275	0.726493027376892	0.59818999781679	0.779677410846727	0.279473042579611	0.5969413661953	0.495163038386412	0.23791969072265	0.402581800946105	0.423148530255514	0.447147891774989	1.1442579688719	1.36335735155371	0.131313702842441	0.0720277551327213	0.0277412053302659	0.057540294332332	0.0359214906445935	0.0107007729933009	0.0703151445814129	0.174168033929623	0.125486717875196	0.832405997146137	0.0290336771178081	0.106692559213931	0.16596348918859	0.118341128832892	0.286117444044485	0.079582575627168	0.103352238803858	0.137998866479314	0.0992894933047799	0.102897616555191	0.109376132953533	0.132489614934083	0.0848706416450957	0.162862476085736	0.486203996273797	0.203626380186667	0.235842597139759	0.204174589830672	0.320204720079541	0.708141711877054	1.16483213427739	0.371897121039785	0.618603536400897	0.535484848350405	0.357717756040284	1.40438249322018	0.22506167135247	1.70546152284935	0.794638153667109	0.577273151007258	0.465929568513785	0.384262879118341	0.782281048411049	0.882405257449979	0.416019077787238	0.897261102092796	1.16037322845351	0.709583954980969	1.09506641692242	0.505610723639439	0.786588375261175	0.594003744097861	0.23045403372702	0.651783323748158	0.784281928274932	1.12372739459229	1.34164412620887	0.130183674787325
0.363123828869143	0.00875408802516575	0	0.0227640068715341	0.0214925051784396	0.0590887203307332	0.159013707441013	0.149507401565235	0.091023468571258	0.0358593916882668	0.110789278249529	0.203398578945011	0.0512156518584914	0.0747534289093417	0.0931844982980151	0.0851250445682934	0.142275178647016	0.120632916384189	0.134475967703114	0.115572011711024	0.0703914249830793	0.0841338578515275	0.165381920633384	0.0703697209507601	0.25775038085585	0.446093949894551	0.15762273226584	1.16575834131997	0.254854060718491	0.270028443000123	0.128378155049974	1.20019599734902	0.130194256002635	0.113946102575596	1.06495626583563	0.187386534579838	0.65960902693719	0.678486894003824	0.213106973755148	0.257718924394259	0.515834493268839	0.557896567895905	0.577349475112802	0.633052536290318	0.522283215415872	0.685153292176306	0.211663224063712	0.50786684824981	0.413026187332802	0.18266654581075	0.350231376035148	0.366342092375917	0.415116020585635	1.05542052381205	1.29762932008293	0.12147637003684	0.0479054479582814	0.0117497096437971	0.0285375662344276	0.0411415798835433	0.00991545195444576	0.0756500104710642	0.200536028459537	0.140704351164482	0.886932978258915	0.03377396123444	0.0779295227343825	0.142413600051884	0.108189280431913	0.267689564813556	0.0768887425622922	0.113764547563232	0.174181450307342	0.109819375627727	0.113843319522598	0.143759016750021	0.175418132839198	0.0820435628532679	0.179711804809763	0.453590708654161	0.196223187555761	0.207339514264543	0.212786962432867	0.309164287900569	0.649698784762234	1.12305726037841	0.33852442112965	0.535530040960517	0.518575457151867	0.328122140955131	1.34518016353518	0.206855506755307	1.64066412432563	0.711548123772308	0.503988869228113	0.41119712149998	0.332902403832036	0.708104774396542	0.803917570558173	0.382462845135392	0.797392394534982	1.06816892551722	0.642537628118213	1.0012059669464	0.43145895796433	0.702081239578225	0.496723381036253	0.18591985114302	0.58711328734421	0.721547665795984	1.04295496203892	1.29439860033908	0.131991392990708
0.442442018238223	0.0138405997601379	0.0227640068715341	0	0.0143984848179216	0.0986604709556468	0.184334102622875	0.195020756480916	0.069142343881077	0.0474333922887769	0.179338282978912	0.298070248450622	0.0542536885899094	0.102577746023925	0.111207288240881	0.10274627711092	0.209736924374766	0.139230420664668	0.15186611640551	0.164350474672761	0.095421225557084	0.126415530886459	0.193030141837656	0.106237338991616	0.29881524457686	0.405943369616026	0.19625590117291	1.03811311183353	0.351309936850007	0.317189508158666	0.117601980674997	1.17229878467721	0.167118599157672	0.113782294035773	1.17722274684205	0.285208735070003	0.693749447127597	0.642870528879622	0.276945761255397	0.297636269376554	0.581489307548049	0.569148528819973	0.553896648641767	0.721858488492287	0.563466628026333	0.765685656719066	0.282937999343576	0.606716123407139	0.512527691325756	0.260297422511692	0.394711291686141	0.457936943514988	0.480049786356003	1.11831313154455	1.3068591268412	0.180413665854493	0.063056015158337	0.0437760477282414	0.0779253727305793	0.0156853099062229	0.0199710473900517	0.101887383868599	0.227758447153361	0.171822648050493	0.763780333492866	0.0360823723408079	0.115042722350683	0.195575449422483	0.111402075126794	0.367718870161352	0.102962637707043	0.133208036605179	0.169289695830722	0.144728737606733	0.145230587492168	0.144952449196441	0.162702300827178	0.105681034817676	0.214598920208941	0.484448194260172	0.227593531443619	0.278334223523411	0.241122400879737	0.369930857549433	0.738230715291084	1.23388618630727	0.310013666871879	0.678941804167908	0.503299051225925	0.374021304853879	1.35061370182223	0.244232929535133	1.70636828529617	0.829561619939538	0.591278712086127	0.480973211758427	0.398517357918175	0.830156078072173	0.854642980323712	0.418053342069445	0.945982041426811	1.16874266430028	0.705070479739626	1.09658451459749	0.515338025557447	0.839006480302771	0.613711999121449	0.263284104156086	0.682654224976409	0.749360934574809	1.07357040910244	1.26443717578607	0.170848861882068
0.510103805605851	0.006754581570381	0.0214925051784396	0.0143984848179216	0	0.0628701765334816	0.130511662817102	0.143444754978947	0.0989862925366725	0.043985279192414	0.1586674863709	0.262347548792462	0.0619819187139772	0.0984006754470605	0.0753097752304622	0.0711607899438857	0.165015827050423	0.0951840194848639	0.114353599697672	0.140341690128302	0.0659384314610043	0.0824135946176408	0.234911469854801	0.0820842961776971	0.315597607895298	0.435418409346984	0.229375902017094	1.13288361303497	0.381425219433094	0.383872853852799	0.140340806952648	1.31048649637365	0.144656665364455	0.0815319693343198	1.2259455767203	0.267353685023955	0.797788339584969	0.761389788835125	0.310493893708301	0.367649866437804	0.651804013111622	0.671433894426901	0.641045575689358	0.80066701991164	0.653684538883881	0.846553280001081	0.321455872673196	0.665302741237841	0.5592892367251	0.277793177739676	0.454700625629953	0.483204141298704	0.51416641898705	1.21508197907687	1.42267184366854	0.146894709353296	0.101762810726811	0.0527024105863195	0.0897518021901555	0.0440920196379284	0.0212479333685791	0.0722519478686497	0.16610536434626	0.122742168044987	0.80736606586907	0.0395485791712392	0.140645346036384	0.206761767641929	0.147092298500995	0.333360404653894	0.0994160892989659	0.0978415538122041	0.119697264563464	0.11648977937752	0.0922780060031902	0.0901491996358983	0.135704011019862	0.0968163006718303	0.158132414748835	0.544410612583591	0.214586411654384	0.270978324458526	0.222463928956069	0.347208982797275	0.765663464092963	1.1949093841787	0.391435757347176	0.692858775636146	0.593055423413606	0.404987726073922	1.45456314852334	0.252179134677297	1.75883861564962	0.876105228790047	0.65233023866504	0.520757570949498	0.450288620934866	0.849929393721513	0.954814664849756	0.455349552445024	0.980992244267382	1.23309376446803	0.773612727032325	1.16658542106748	0.566641809925234	0.864816192203088	0.662649610492334	0.277069278492801	0.731275988909524	0.841439773793669	1.19276453739271	1.38828883153386	0.143240317225307
0.535515668424956	0.0554621087563095	0.0590887203307332	0.0986604709556468	0.0628701765334816	0	0.0374410567523006	0.0277945751979338	0.166839594833112	0.0321198331551583	0.0475629507762855	0.0893278378328941	0.0518947406349183	0.0393955552014031	0.0176548693035889	0.0211804791608133	0.0475909601071898	0.0293095193419157	0.0289309499182961	0.0347760871819172	0.0141678149926502	0.00529750388860506	0.239227766735729	0.0139606304084028	0.178227746786844	0.397683092535719	0.170861816648681	1.39570711993967	0.306758903737363	0.380199147792377	0.124580505154446	1.39597528324798	0.040412186027715	0.0406911304701894	1.20601507869272	0.214145476398768	0.860072461118847	0.800389278632942	0.249342870641467	0.408394169578426	0.606458635986822	0.673377643348947	0.663517212894436	0.751690090545196	0.627196915638791	0.807249160154171	0.294508688969241	0.592179634362529	0.484218183043243	0.19895576443551	0.42086388549792	0.340469150802728	0.364349357558956	1.16038836380069	1.4734526391866	0.0342086273164343	0.147292151794356	0.0792135334525886	0.0927583308673258	0.166643359425466	0.0692670539542384	0.00754697845276309	0.0552679348839026	0.0245963432063037	0.929057764997054	0.0473987536351863	0.132473415150147	0.113495695117701	0.141184802132047	0.146844869451754	0.0369792858038409	0.0319139503274557	0.0646896224141712	0.0235924570924207	0.0324915861731963	0.0519094788045869	0.0988869319649723	0.031706698549532	0.0395821435588274	0.461199230712912	0.0893512993099335	0.12221025643081	0.100677670735361	0.158750854236628	0.557984662825505	0.941373623007261	0.586087564925807	0.518873150785988	0.700649131237002	0.288801524709977	1.46080045574717	0.141896994331251	1.66814717619176	0.758788425009242	0.592456411904269	0.392323913436079	0.376698651325872	0.623922594271413	0.898404793444432	0.358090832316191	0.882693141107983	1.12192700203946	0.66320002611654	1.06288812491687	0.473009741631049	0.695693616661	0.573416461078762	0.186659464219599	0.618722535150272	0.804658587660091	1.21314444601567	1.539953637499	0.0349144267409445
0.719636438920264	0.138245846656354	0.159013707441013	0.184334102622875	0.130511662817102	0.0374410567523006	0	0.00853675813791854	0.210036553016456	0.0810437550685027	0.0857468447022471	0.121105429001827	0.109067557987816	0.0886619890048377	0.042815453654323	0.042151819811753	0.0745101537063994	0.0404038465059724	0.0145672409463868	0.0586713802317105	0.0446893667246224	0.0266197665625492	0.327021810172997	0.0473302252039969	0.197186440702033	0.336596290896097	0.233352483447123	1.44688892174284	0.428837435574139	0.546403511060242	0.16567225406252	1.4817749942482	0.0441185475061528	0.0412109542632535	1.36620211464232	0.311706732010678	1.00966983774356	0.852164834432507	0.341951860211339	0.553051631341203	0.726437324644515	0.752065975533857	0.703981535935307	0.879181885136399	0.707348121449294	0.920256288296586	0.40425309292366	0.717348136514848	0.592113767624729	0.270022551697159	0.508329507107697	0.388281659475894	0.411120528211115	1.22480094013197	1.54237444140553	0.0624284098134524	0.271957530845274	0.188282013656589	0.21709052642356	0.279452229583537	0.160872594584956	0.0267169466051429	0.00646587283219602	0.00346231564363575	0.843560813248073	0.108854236004313	0.224330775853596	0.154581150495141	0.204639288540789	0.203294886477313	0.0713105603949675	0.0393606906836109	0.0312329045631279	0.038724834548951	0.0514646109377273	0.0377899215032285	0.0828661643031143	0.0523764680717855	0.010272322236583	0.479479909904085	0.0961049543688728	0.148361130449565	0.0654092361365909	0.136022796727728	0.54411601388011	0.955920238010736	0.752325831791238	0.613393990578118	0.801191987190034	0.329885081383578	1.46952544518685	0.157975708585711	1.70633058079759	0.865450982832209	0.706427610948	0.430105582620114	0.453677898063413	0.645097169559408	0.976984857756125	0.381958186860935	1.02649184992643	1.18349120119382	0.694469796985534	1.12804881968355	0.541677417864157	0.792757875039293	0.715875881629275	0.252058444549725	0.696927051446682	0.837066680572182	1.30452492247383	1.63708051090268	0.0455223368187712
0.641122529656741	0.139509928088047	0.149507401565235	0.195020756480916	0.143444754978947	0.0277945751979338	0.00853675813791854	0	0.220700931195405	0.0762713215330233	0.0539286491424646	0.0713445142972964	0.108069554587181	0.0686283871574681	0.0454074588222786	0.0471593980419351	0.053811376528057	0.0408290621652353	0.018612317256689	0.0330673329508746	0.0392890162259169	0.0193677094824273	0.293294614407513	0.0330168854031643	0.162140176707263	0.363981609709207	0.200947452775991	1.50070521881464	0.357832126656842	0.486346618540353	0.166501927480734	1.44970598469868	0.0286303363640028	0.0535211825975219	1.27926185863385	0.255821163687718	0.953716629503155	0.831389666959248	0.296298342032844	0.509171541037995	0.669758236161629	0.712808947106225	0.696666383843991	0.793638102377149	0.656800232708304	0.844725598132086	0.354238519584585	0.630973256630138	0.510821742797687	0.219842865197143	0.465855270346415	0.319523324531139	0.353920959752953	1.15566855192645	1.49415452267617	0.0332166315473165	0.250459302425838	0.166548457914038	0.181362717553898	0.288659972340292	0.156444261969841	0.0242183704153041	0.0155829351322265	0.00457546978957513	0.922637879342807	0.108460500850746	0.196160727838719	0.120380082583158	0.193500524842305	0.148065609023015	0.0585298281606115	0.0445215776878125	0.0570675740318178	0.0254013544635416	0.0550866011896267	0.0592454818955854	0.0983874881946903	0.0460608963636184	0.0108260764749354	0.438496329462658	0.0788234259709918	0.104556050546665	0.0553341339439903	0.100283023647682	0.476325911392261	0.882284717983887	0.755490612953086	0.516724888742607	0.77580735864158	0.288018554074493	1.4336077969731	0.131121781551271	1.63235435700297	0.774556760348651	0.627057719975676	0.374030935282094	0.392166934570274	0.557450575533646	0.910831265936854	0.353812744375487	0.921146465290395	1.09731692129365	0.634976851543547	1.04468580479615	0.474322696005171	0.688138798555274	0.626528183928077	0.19956150748936	0.608815980030633	0.795224710785271	1.24543079323749	1.61439453230945	0.0288457824069683
0.402988581203458	0.085735240070603	0.091023468571258	0.069142343881077	0.0989862925366725	0.166839594833112	0.210036553016456	0.220700931195405	0	0.0718682632275954	0.194950674233634	0.340039245261717	0.103575961738171	0.138582083879497	0.21008018873061	0.187566847917312	0.286200204537056	0.226256902562201	0.191818608629994	0.181775419831672	0.159314969800326	0.196697317196562	0.140285991340627	0.160320395999707	0.299380925200019	0.327240045479976	0.163206443968663	0.965374030934022	0.327976829028762	0.340034180513589	0.131753061241499	1.03237782365126	0.186083388073842	0.166070776939009	1.14585911805391	0.27075728604243	0.587963996273969	0.495930716097177	0.271558469584019	0.248836674503935	0.536312630033122	0.437420918749087	0.421085122434934	0.606480467783909	0.424063479951375	0.642284742692647	0.244628492033509	0.534237454206359	0.427281430142644	0.217271416098773	0.314662736652859	0.364832508898923	0.424261701019525	0.918611461672802	1.10680319334235	0.24060848551132	0.102592358548509	0.0862642010356496	0.131205251704553	0.0738418750722062	0.0841922415713587	0.159445974578424	0.262982965445068	0.208765216311349	0.644017006807183	0.0790794677648972	0.10744779267471	0.155096234809217	0.0985813004779085	0.448434491807325	0.123212054322509	0.216696313756151	0.238492214222352	0.183352029240369	0.254463430785165	0.232871190207266	0.178832550863577	0.122403727973512	0.268602527695196	0.328197362010233	0.296926476978535	0.281428662803577	0.196856329344757	0.373048697039919	0.607915359416124	1.36475143712805	0.295054247432427	0.621201706961393	0.347565117427024	0.337949580895065	1.11937137063308	0.230137655261228	1.62435560644055	0.731017426718195	0.480075074139386	0.386816166236153	0.289665243893793	0.725485078499046	0.696137602635825	0.33815153312498	0.865607992724215	1.00323619434559	0.533596413474903	0.931452171202636	0.386390564024693	0.778539807808842	0.576079856987599	0.207366076428574	0.551999201631477	0.542672186662231	0.881247002660213	1.098962087992	0.22199532898425
0.448154047408942	0.0288124781493246	0.0358593916882668	0.0474333922887769	0.043985279192414	0.0321198331551583	0.0810437550685027	0.0762713215330233	0.0718682632275954	0	0.0634853045722288	0.148152882808851	0.0217302590999976	0.0342320106899103	0.0532899458156246	0.0487679838570814	0.1096790982542	0.0702093194737065	0.0543087873661787	0.05938736345924	0.038911190429614	0.0517577227397652	0.146386642173276	0.0394940641906198	0.16163985337577	0.303203486689026	0.126565910121323	1.25557017398678	0.266422247291922	0.304050534366151	0.0660828144025301	1.23499256067097	0.0561400272402899	0.0442587063019714	1.18809319464134	0.212004272350087	0.71443616576289	0.633540018365651	0.215888060089269	0.294977963017238	0.527042349193428	0.529165863521352	0.514350443090425	0.667772618616371	0.510267793020908	0.714881438818727	0.238661889701286	0.54209637801601	0.437181123479369	0.176349806023592	0.319201145769962	0.309080043228186	0.335518026288611	1.04553919667599	1.32761520024133	0.0789137856246847	0.0768006815061177	0.0406996039503387	0.0675711248215036	0.0907743945082267	0.0335810866231696	0.0321548275002811	0.112023481677544	0.0698946506815326	0.765004824348672	0.0147584159253731	0.0802680895984604	0.0763110160096947	0.0708143372260399	0.211731955454059	0.0267618433437846	0.063027365533977	0.0987679140390003	0.042658761780868	0.0947515617080266	0.0975096192334706	0.10253194615477	0.026139932345727	0.0997262317861674	0.361281593457814	0.126021320628051	0.144388692274321	0.100108293673761	0.191670640896959	0.544122586808533	1.06438292276347	0.468498031814218	0.527647368982082	0.53498899748431	0.250970871522102	1.31517056829651	0.127778300763206	1.66112413564608	0.699539707096188	0.510959578032468	0.345791870289973	0.296523641358654	0.636904213723585	0.780371802882124	0.295920578891737	0.861405730137327	1.06362227014608	0.574189611861226	0.994367621521989	0.403102096894482	0.701198666960003	0.546040610992372	0.161807712298976	0.553640627719673	0.674729359230253	1.06249840389933	1.37478341405133	0.0682340203145966
0.421450451123336	0.129222338001774	0.110789278249529	0.179338282978912	0.1586674863709	0.0475629507762855	0.0857468447022471	0.0539286491424646	0.194950674233634	0.0634853045722288	0	0.0340818807012269	0.0953482802550483	0.0462750852732855	0.0879277114245132	0.0748224925030455	0.0588277295003309	0.106125358431778	0.0764358384445973	0.0356791246147898	0.0711199344694612	0.0529685629769688	0.204391934769707	0.0505142746338657	0.0964699326432272	0.362175102523763	0.131147404821607	1.49653128547378	0.184008665444884	0.313574390674654	0.153246237272384	1.26196290004816	0.0436486577831132	0.109121603438984	1.0103797715364	0.1513431967111	0.744601802898928	0.706156088127236	0.170271964867779	0.337237773626682	0.486698621185157	0.545616029456686	0.602841171890546	0.566860532772182	0.469809523766659	0.615454266711291	0.190521576971059	0.423477105433116	0.330745944400954	0.116292953045435	0.324282160229281	0.197301374836897	0.265828088511269	0.932500495421874	1.30675820797005	0.032659975827155	0.159407152442115	0.103174242769409	0.0966589715448126	0.247604172338106	0.132628224748635	0.052746945251812	0.109307365298914	0.0712409824467463	0.953610811983241	0.106928866042252	0.0992971479373281	0.0474239300498922	0.14790779808108	0.101222765249446	0.0508205985414081	0.0746911701139273	0.160032401880363	0.0506581478463705	0.0964018547782228	0.150788867519809	0.182803961428241	0.0394781173383083	0.0828790437321241	0.344939353180261	0.0776655707981477	0.0662180050156733	0.0926860677163658	0.0977530660721591	0.373289735905291	0.85139584012788	0.606186828109632	0.343670643147892	0.660398113628515	0.223876780092424	1.27546957882816	0.10566040080093	1.49089907936698	0.570929629750228	0.444939758631714	0.265151363052971	0.255464449375944	0.430482025179511	0.711662341731891	0.280528784557397	0.683225284666632	0.898134263088368	0.487259503608558	0.834131654598945	0.304894827615067	0.511919374003842	0.40162871420257	0.115709056015599	0.446635528412174	0.641110026178681	1.01998726577658	1.43399557699686	0.0463755000669122
0.46713292830383	0.228908803718107	0.203398578945011	0.298070248450622	0.262347548792462	0.0893278378328941	0.121105429001827	0.0713445142972964	0.340039245261717	0.148152882808851	0.0340818807012269	0	0.171642426654175	0.096029757196078	0.127369448376878	0.128405765179977	0.0573539780225792	0.135542736323239	0.113086529562461	0.0581372498816568	0.116363127571841	0.08368033132452	0.274190676999187	0.0796779637564144	0.0946774266745414	0.442787496538839	0.165587979706491	1.62073052959271	0.204270320829661	0.349501880888557	0.226982678035193	1.29395155365063	0.062579559848515	0.171363870655387	1.00599475279842	0.199197344958994	0.798801551151084	0.781123424629211	0.196463647605691	0.421398452810214	0.492848073621031	0.601074717842968	0.681132497776111	0.56664212639068	0.517749886899411	0.625635587068012	0.248033078452127	0.409282967954189	0.326748403497756	0.13880590802953	0.373588675356978	0.180777437596084	0.235369787630519	0.92882156039895	1.31858241148795	0.0295656391584516	0.249304084051992	0.18947430321063	0.158607283427461	0.38440453584382	0.224969264194729	0.0962619234830209	0.128532804936247	0.097119253941546	1.10715166722541	0.189123207788373	0.180685904916972	0.0933607600474144	0.223981722146462	0.0486051817768354	0.0988492280075075	0.118111689619609	0.202532774242935	0.0762600805357837	0.13651295492125	0.202597576902346	0.244333710218588	0.099400374565193	0.0924029701594086	0.37028071453943	0.0714064406684869	0.0446498620641463	0.111002710627015	0.0539930665515109	0.302542297103865	0.635639780146083	0.790213996329918	0.281755844281927	0.774773453807388	0.21126128635855	1.28236364719923	0.110129757420823	1.36050819084633	0.532640937122576	0.447008271266786	0.249411233072114	0.276209678659553	0.331368668934443	0.709794838622416	0.301398168938483	0.637189952413825	0.836720479582531	0.480041389268613	0.789018566746466	0.318737844854211	0.417776953365028	0.382798713100289	0.130744091773652	0.415639750820652	0.681718190975569	1.048097142643	1.50774166164499	0.0527623967684998
0.464476393073593	0.0479057273166507	0.0512156518584914	0.0542536885899094	0.0619819187139772	0.0518947406349183	0.109067557987816	0.108069554587181	0.103575961738171	0.0217302590999976	0.0953482802550483	0.171642426654175	0	0.0516065669066912	0.0524569444872929	0.05839305866514	0.118506339843741	0.0814429001185264	0.0650062659796463	0.089321943686782	0.0505007536820083	0.071603874222151	0.143194932926281	0.0452258193638841	0.144190165247536	0.26107484268618	0.103847559140896	1.2026475558221	0.285745508245154	0.272105350240807	0.0287279676890675	1.16352914426556	0.0610143989885564	0.0610323191594508	1.24680269918172	0.304730734519965	0.675683862463826	0.57022130208227	0.20256262183699	0.275531115940069	0.464709186036269	0.475848821712826	0.442196273160376	0.673147255536053	0.487632199285575	0.713061994213943	0.25913700194031	0.555172634978804	0.459876258036502	0.188829204370759	0.289023696657597	0.321214197807264	0.288252369444438	1.03083637168923	1.29728491313176	0.102024313937923	0.0616381532172378	0.0608616286541377	0.0824749219995298	0.0918771190136711	0.0408109707382531	0.0427291376674359	0.132345623040412	0.0908793367008225	0.759860585091763	0.0100022255169345	0.0885838973289846	0.0868231954664795	0.0387396448194886	0.208681249006749	0.019489427076496	0.0706202890022323	0.0992342877643391	0.0496896957174524	0.124808716839002	0.121188354462047	0.113491559490236	0.0330403806424826	0.120957640028273	0.33862876747342	0.116428403004151	0.135563375133158	0.103860928723683	0.191014737671062	0.53597351088293	1.01055057326528	0.484421482845769	0.545981255417342	0.530228624176151	0.202753491639209	1.27799083281125	0.106321145031614	1.63828655067188	0.693886161811438	0.511002904432767	0.317552143422273	0.29434710905563	0.632991646974268	0.734345480159468	0.249310037037629	0.900669170503347	1.05684307758102	0.547139477922292	0.991375633563783	0.41947947006384	0.715528248972835	0.558983927703457	0.177038027763787	0.572695683039359	0.638056230772406	1.0328928475228	1.34694923295069	0.0727596929192684
0.43065460089744	0.0720599571859853	0.0747534289093417	0.102577746023925	0.0984006754470605	0.0393955552014031	0.0886619890048377	0.0686283871574681	0.138582083879497	0.0342320106899103	0.0462750852732855	0.096029757196078	0.0516065669066912	0	0.0556098636975164	0.0652651891374958	0.0828426192810341	0.0635164921215027	0.0607352335647572	0.0229172371429137	0.0335067398417972	0.0537952148667745	0.165527724057285	0.0288694427684646	0.133304367178506	0.364300267136392	0.129982116859312	1.35141517214788	0.244295944554528	0.284703335488356	0.0968528296772043	1.25441796709996	0.0381655376953977	0.0795542691533206	1.12913369221407	0.211982052541554	0.741408985406444	0.647282338371734	0.202806797584631	0.333544169752147	0.535967045555073	0.550198598758842	0.581608931292136	0.62891959550274	0.513349871439005	0.69022713691045	0.253533024842818	0.484217984608511	0.391413532305081	0.162339896973422	0.356869103213611	0.260220898622496	0.285594504216498	1.0215495851764	1.32605968779878	0.0470701496204896	0.118683728282583	0.0698309441436347	0.0756322265044025	0.154855492750956	0.0791814017462289	0.0438483198716616	0.111237671786071	0.0728003887019784	0.938715126646305	0.0585252998088468	0.0878783494649564	0.0745657474222956	0.109176005337495	0.134741044499008	0.0279880808550317	0.0780846153815866	0.132622321331201	0.0296106484853733	0.0952592264854824	0.124017426021658	0.10806725369656	0.0345493298919701	0.0973455844157487	0.343201471863933	0.0830868521576131	0.0893357555871447	0.0917976336671881	0.142717139253709	0.463545286631283	0.973963915532103	0.535566583481376	0.45049114291271	0.57240347142701	0.221787994343589	1.32506110981889	0.109960248345273	1.54949160727012	0.675016153162411	0.48171962489841	0.30844117727383	0.273361214060296	0.531925340650512	0.753965194391158	0.315580140104575	0.793726772406242	1.00009986248427	0.551247928771013	0.937617402837807	0.386364168885775	0.59665089106066	0.488532582950237	0.140839990395604	0.487913083886329	0.674998988885142	1.06194392948729	1.39026575911579	0.0403031409107486
0.646955700657219	0.0744963904131941	0.0931844982980151	0.111207288240881	0.0753097752304622	0.0176548693035889	0.042815453654323	0.0454074588222786	0.21008018873061	0.0532899458156246	0.0879277114245132	0.127369448376878	0.0524569444872929	0.0556098636975164	0	0.0168525487229798	0.0744205493052014	0.010461166506235	0.0197770672942772	0.0601108681979051	0.0161375851201722	0.0182701712600184	0.302743963980272	0.0311163337995993	0.198108839846864	0.380086737735451	0.226391594078146	1.37347506700145	0.408408852589333	0.44135757867744	0.120742428353258	1.45409461606454	0.056791068544878	0.024862747351461	1.31944910904357	0.332124029975549	0.958775421324519	0.847121104892115	0.325701223577984	0.493614496785367	0.682076277901803	0.743596014043943	0.700323085604512	0.882140809642681	0.727217424208388	0.935100631333379	0.399301379316044	0.716416292584832	0.610614764334231	0.29105424646161	0.496517016193503	0.433222608620231	0.382712520809707	1.27237426834349	1.55540364957731	0.06391990353809	0.186435482518964	0.129109004913971	0.149033080843062	0.184732909555013	0.0984551183352143	0.0194692712593258	0.0465153938094873	0.0311378271842275	0.878753164067221	0.0619215254453116	0.196743939683738	0.162264719540672	0.159580521656322	0.155847415221871	0.0533803057686679	0.0242311399588846	0.0346008853189874	0.0292010434760988	0.0340400616428913	0.0303015593165799	0.0738948443033756	0.0534983933525008	0.0367429331934408	0.521489822003051	0.0817867349558971	0.160241780979258	0.115026505471852	0.174574719288638	0.632359728343523	0.927013100088737	0.648300918284129	0.634277253714052	0.768515017219437	0.321501236240279	1.53301088328467	0.172404586969889	1.71859086455812	0.86974758484035	0.708659814105944	0.464151815481096	0.464030316563104	0.713998640556647	0.987442126299138	0.404992841663438	1.02433198509225	1.24294789760552	0.753036303340779	1.18600663188949	0.589524011753041	0.808662189612957	0.695130832676643	0.273407094748557	0.731532532762031	0.895533024021965	1.31206288199441	1.60240205238351	0.0425898959651918
0.640866260969051	0.0753580876779474	0.0851250445682934	0.10274627711092	0.0711607899438857	0.0211804791608133	0.042151819811753	0.0471593980419351	0.187566847917312	0.0487679838570814	0.0748224925030455	0.128405765179977	0.05839305866514	0.0652651891374958	0.0168525487229798	0	0.0649799779677688	0.0408514819460485	0.0321340960498464	0.0764563887397776	0.0352156772703509	0.0195590726638653	0.307272676557826	0.0428991746233707	0.177616563017857	0.343799425296288	0.211577603407749	1.39746522324572	0.383007393452351	0.465176173679708	0.13289681287396	1.42152102041214	0.0641952818295468	0.0347671127498617	1.2547868645848	0.292651431485107	0.94462162167619	0.809846834838551	0.281064957307871	0.471987399447558	0.654628718775312	0.715365989975225	0.706350751719248	0.844265756690475	0.671094528958381	0.87976103231823	0.335903156758095	0.682436781838358	0.576698595958072	0.259236451428459	0.468326171664977	0.417264343609633	0.43710412564694	1.22364521374091	1.54505300428576	0.0626567481121406	0.176590574245321	0.122883802015098	0.14538693093736	0.18177253775279	0.100279621749457	0.0133710864757913	0.059129493895627	0.0348370992672461	0.830523348098965	0.0690120438511875	0.180643533561857	0.147718604019899	0.169210252603406	0.193413562639383	0.0592420954532116	0.00474266563530068	0.0422318128415422	0.0514634589241753	0.0196142005149099	0.0333287615033564	0.121039870508818	0.0389854117604815	0.0377720646630941	0.528374070515	0.0681217329218042	0.164548750219414	0.127747432019995	0.177111260418128	0.619662091485132	0.9652639110638	0.601022316364928	0.626922107961189	0.809983465912581	0.348641873751537	1.50269452476726	0.173917832669858	1.74354521825539	0.864574224029645	0.707297104832707	0.456245888705437	0.463983547634421	0.706518322089443	0.966896912285751	0.404834284417035	1.00346528936412	1.22124009868038	0.727452646780648	1.14819284899634	0.54274949943186	0.815804183839088	0.65317600637243	0.267714897688108	0.733844959866904	0.863703891676854	1.27891825992344	1.59821319508335	0.0527297161153053
0.542542584021652	0.155717927124804	0.142275178647016	0.209736924374766	0.165015827050423	0.0475909601071898	0.0745101537063994	0.053811376528057	0.286200204537056	0.1096790982542	0.0588277295003309	0.0573539780225792	0.118506339843741	0.0828426192810341	0.0744205493052014	0.0649799779677688	0	0.103254976332174	0.0837083281435398	0.0790553150361263	0.0885737295740834	0.0462338969345186	0.265155907148678	0.0523239230951024	0.128412616011895	0.38493773956864	0.15961644222491	1.55454614852342	0.24837770438769	0.37376563755469	0.168660355410756	1.34693633916336	0.0468364583216913	0.132861577398306	1.1309505910146	0.216076548115369	0.829781368142006	0.775343608795505	0.170790435214449	0.407970887220601	0.498151466039714	0.633086290566451	0.666195064474089	0.6643473370401	0.556878821486301	0.694769648335711	0.250479715251824	0.489567137535713	0.413303554146024	0.159110950058822	0.379805650008031	0.260233095869678	0.379556567122238	1.05088924892992	1.44780606246156	0.0262945111930339	0.207879870955828	0.147061644317234	0.140936160147735	0.291448175168583	0.151042888791539	0.0452220381593817	0.092942486575241	0.0591441468520792	1.02783848138797	0.126066405616489	0.15103827965576	0.12248141989138	0.211237159449998	0.102617291277316	0.076601832531764	0.0564896996227893	0.125522954613221	0.0611696731100437	0.0665634304316834	0.133589328155767	0.227689292734427	0.0618204476119344	0.0646732701554299	0.443486579675538	0.0782806988713587	0.0732951640319396	0.12336158087942	0.102417577992113	0.431753458608301	0.755310009789389	0.715339545901071	0.391075672148159	0.829016131160984	0.23883414675791	1.38802730174941	0.105385865598663	1.51891625683853	0.650508453201856	0.535284411808777	0.307711819882359	0.355914362043234	0.461456581867437	0.807731802870399	0.310042814370153	0.761111644544197	0.970125396608911	0.577788620991917	0.908950702877692	0.399735890899114	0.549249291138291	0.455186832302982	0.169041199052074	0.533892021806699	0.748384135460062	1.1646269688103	1.57392595393893	0.038218389653547
0.676256935837191	0.093380170740015	0.120632916384189	0.139230420664668	0.0951840194848639	0.0293095193419157	0.0404038465059724	0.0408290621652353	0.226256902562201	0.0702093194737065	0.106125358431778	0.135542736323239	0.0814429001185264	0.0635164921215027	0.010461166506235	0.0408514819460485	0.103254976332174	0	0.0200900563411182	0.0516820977603415	0.0140717881521649	0.0262841838326067	0.325695677151618	0.0377999093808861	0.234666073596877	0.424340342033242	0.265385809314204	1.38307958475796	0.452757120590978	0.487054318753424	0.153203375775362	1.50693322560748	0.0659805780790382	0.0266127037486077	1.35744253778853	0.349408779484039	1.01269825112717	0.894894956575249	0.389744634137605	0.553334269639914	0.761524723615286	0.800251357352729	0.749207017554025	0.925923123678999	0.788446895913474	0.993240285379419	0.461425917867222	0.760139626723508	0.640725458767529	0.326224185144542	0.556180653324486	0.455806353122747	0.380858351175142	1.3159570323977	1.57012278357324	0.0731649892612695	0.229390074514442	0.155246677262822	0.17811320791284	0.216248261132026	0.123900753528145	0.0372562056869423	0.0362146653857829	0.0309747217762979	0.915213947585753	0.0844710116389196	0.237020023730662	0.186204900267645	0.187239356338188	0.163288694668147	0.0708397865414372	0.0504219917575452	0.0390177995115499	0.029823976024282	0.0509381675047763	0.029103568902944	0.0458709385226754	0.0787627272955378	0.0369896640884801	0.534569610955911	0.10311725549801	0.176564368676104	0.110262680494252	0.181949510148872	0.646370250701577	0.937921390690716	0.707144307022291	0.66199774092276	0.760964088136816	0.348426106761988	1.55577840745375	0.199187738558838	1.71008774598816	0.905796121477005	0.735337471120293	0.496182782819784	0.483873233240165	0.729542571548852	1.03190147709476	0.450616501461137	1.05471223203662	1.27029447625068	0.786972822194495	1.22383009770379	0.629854852190691	0.825700745904941	0.752453190979923	0.290521726659548	0.738816537665169	0.934446077811646	1.35106834499561	1.61909497976732	0.0523883065947028
0.677416802475315	0.112147331375313	0.134475967703114	0.15186611640551	0.114353599697672	0.0289309499182961	0.0145672409463868	0.018612317256689	0.191818608629994	0.0543087873661787	0.0764358384445973	0.113086529562461	0.0650062659796463	0.0607352335647572	0.0197770672942772	0.0321340960498464	0.0837083281435398	0.0200900563411182	0	0.0455377783416357	0.0260303437429674	0.0252910371022798	0.284023049715573	0.0347453688501373	0.162638787823517	0.30409586891838	0.202406057246825	1.39768140689253	0.408313998008338	0.474673517163188	0.110933779771751	1.42932533661611	0.031395480382907	0.0155281287363149	1.37523611065351	0.335229475847964	0.95279572969272	0.796256876848057	0.327266732239814	0.502852847124005	0.676129700847535	0.695673814735596	0.639553025577372	0.858101905020451	0.681028541353575	0.907500954761569	0.399053776379469	0.705596444823045	0.586587846916577	0.268140365068993	0.460792884464352	0.376543609940205	0.332546749717775	1.20428332751477	1.50314859426995	0.0611363971450951	0.220715696788658	0.160753529361611	0.185002515502339	0.235756999441838	0.131291995677196	0.019215796109001	0.016108318690859	0.0098157741385847	0.803568450022711	0.0746589543156513	0.201336083405272	0.125578047930969	0.145929913288376	0.166082709297546	0.0419509371801803	0.0320232239167226	0.0231194274693206	0.0162235853015035	0.0616453436705955	0.0388769343973703	0.0551437097834908	0.0384073542470901	0.0156051310144854	0.433650279151479	0.073815802945413	0.132279319252739	0.0508672332217512	0.121198980035381	0.535923048322271	0.925876461181776	0.720356695715493	0.606990881073891	0.734567309701608	0.2786256555575	1.44444489977934	0.133306613202819	1.69661341400659	0.828766985706169	0.672801641381414	0.402546571536622	0.413196232069877	0.643533269399325	0.929450231422488	0.341612560852307	1.0233632121207	1.1797587446099	0.664645616922398	1.12490907797393	0.531667268272507	0.781276225327093	0.704971534092469	0.239092145984699	0.67411312045943	0.809055426623574	1.26090866671877	1.59418277842477	0.0317936781482763
