0	0.20664821742419	0.263848272737623	0.343799162633911	0.417343008055857	0.718286947356308	1.05732391272633	0.942879252540831	1.0245519623809	0.277380099039069	0.197634844726408	0.138655789179178	0.470043550733812	0.110961422464067	0.360131220614661	0.695985080255041	0.725524391236789	0.285179811538514	0.456424101006096	0.114839276993675	0.363792479542126	0.9074030479212	0.896712846220552	0.599889701995563	0.319129370189121	0.566655535185247	0.606305761385285	0.618011956410372	0.518975675943496	0.308498696917291	0.837987224199973	0.266273685622988	0.859374220148238	0.357532585860166	0.931258638164878	1.20875641456288	1.23966213371766	1.31300492824147	1.62850703287254	0.70912694361788	1.32983250916609	0.733817930675431	1.15243007398548	1.19251335225769	1.34596173022893	1.48094393884178	1.13826404352496	1.04087257903513	1.26638755801217	1.50225323795382	1.78850355696308	1.1558940358976	0.397050252485892	1.34846231318043	0.471822561326764	0.775588142465992	0.197687940040128	0.184626225109013	0.342745320499567	0.306398482772489	0.415368678740309	0.913162147014152	1.19973293982228	1.05710079136995	0.726276332498543	0.502024322190723	0.238767192247416	0.117473203444114	0.388040856401682	0.26425801006859	0.690439468230491	1.00702649156767	1.46007028784183	0.387119309367243	0.560662405354108	0.627452131373148	0.260899470811308	1.26607055360031	0.557628347148532	0.977362914798905	1.08801845680679	1.21750339838704	0.589668815254107	0.487643887989457	1.06770862780125	0.417299998431759	0.286478235395802	0.92391608751215	0.472332063004383	1.10486476280878	0.871110890939076	1.20020433283145	0.50443518243263	1.12875811453595	1.53297648396307	1.5647727136184	0.375876766723853	1.37117571590474	0.739280075512916	0.956230665029872	0.911056375980838	1.45496114775266	1.34137744839035	1.46973646311935	1.18428335334961	1.16216351283484	0.662018355571822	1.49193387192897	1.34097721259751	0.882534923053486	0.570577668695082	0.385886881405243	0.988107381459409
0.20664821742419	0	0.0761812590578	0.0698025727329257	0.0981870320928665	0.276862364107563	0.537602185564897	0.414589287848212	0.929747145975473	0.056582660706501	0.428165349625582	0.356681031092253	0.277960957763432	0.270051393745326	0.264115187900845	0.225591661067341	0.363145443208381	0.133574013416482	0.10158843014222	0.193535061711491	0.448169308903437	0.501011591154055	0.449046405379075	0.251008308654179	0.103987482035819	0.508619967139022	0.291713395533762	1.06481017173283	0.799976364582594	0.74380389296381	0.487776179892914	0.305292779549249	0.677630662137919	0.130120659107318	1.26222753666574	1.59854746706892	0.708190410844275	1.59607228255433	1.48610645906732	0.275981110239732	1.06306652619792	0.344312306795489	0.707224837923006	1.518360207169	1.54962668216808	1.56975432138815	1.33741151448241	1.22383174244137	1.39280992210468	1.47032581843094	1.55394882371586	1.22453955536098	0.665299593965966	1.68572451901193	0.963529520337496	0.663443828276792	0.0392521390626044	0.0112775219818003	0.0551874145481009	0.0567952398468099	0.0827604859650528	0.627760407481018	0.699950806922287	0.612792510654165	0.749359245102547	0.156668794194278	0.469504473431895	0.182796648529411	0.404391084084527	0.620486610709261	0.629349802023466	0.519530909322719	0.996557145957201	0.276090449910312	0.184904190663158	0.211552997887593	0.381516253167628	0.92547919491495	0.196806694321354	1.07578834239706	1.12056882707638	0.897439562666036	0.351756111208259	0.17883701313832	0.826062399324283	0.664859679878542	0.79852763488541	1.33804693671387	0.851475719392366	0.687524453255866	1.05412290761667	1.02477593188809	0.882604688371975	1.53526379843393	1.53040980090734	1.45352904901932	0.473001743916785	1.49787521560482	0.509337911280958	0.554158238837594	1.31879104755412	1.62022576511492	1.42944328100026	1.65048001761106	1.28961947298728	1.29865263466048	1.06639614458893	1.49288270872245	1.34638615770547	1.00617139135857	0.925071792520604	0.900306106742301	0.754947212820655
0.263848272737623	0.0761812590578	0	0.036384195368091	0.0414674728601699	0.300846547781973	0.679296613119008	0.515069962303774	1.10493861570437	0.20353411653499	0.286051841577545	0.289961184471335	0.223549058101311	0.300197385249898	0.167673022319773	0.211191732893056	0.306710594340657	0.111767173717704	0.199038570272021	0.227607138425336	0.312838455950239	0.555007382465939	0.550916865795743	0.217737585775346	0.0869199557870927	0.354962982761528	0.297146731570967	1.1571552885681	0.865503488195468	0.695117703630861	0.531065919156589	0.223438922427162	0.769845665577318	0.140104352792431	1.36430690394299	1.57131853995324	0.715073754345019	1.33919279951294	1.50721698050936	0.191211813765084	1.09744797258598	0.254029353079992	0.826240787415955	1.46797023331816	1.4697966323794	1.55891771376329	1.2942018240433	1.26878508635548	1.37283909384882	1.5042370041515	1.60559024118869	1.31643178352876	0.505642276861141	1.57998121707811	0.876764141899311	0.818756901452817	0.10092855176713	0.0451360563017419	0.0239482481777442	0.0541335480889913	0.0394304494650011	0.710688943831349	0.855583425694176	0.74321781165717	0.908659273522303	0.239405931714837	0.447870897238525	0.140308990469287	0.280742279957715	0.527423820022846	0.404389446941126	0.492597709296024	0.951251631187388	0.214123897307894	0.224820757898846	0.236913679532143	0.429940205719029	1.02901787420605	0.242734458022774	0.879463056575774	1.13514800841031	0.854684948381911	0.227109904821327	0.216058785652134	0.745192920306667	0.596049171815244	0.878159377204157	1.38228275146464	0.698814846014766	0.683537266469474	0.805467658987081	1.12547592569981	0.81744108191337	1.51204893750851	1.52523488383862	1.45114663227302	0.261306839353536	1.53646320583424	0.377718518773833	0.549415136975352	1.32692818830025	1.63433896628274	1.23416806603401	1.61210677212208	1.28392868728071	1.39700288667977	1.13618703307328	1.51512700665994	1.44937627648698	0.83103156522533	0.824627560006675	0.855199006528077	0.961630515097089
0.343799162633911	0.0698025727329257	0.036384195368091	0	0.0212094616152332	0.186532540818978	0.507506512143101	0.356973084662463	0.973647404194895	0.1330192099814	0.40196969799105	0.419803204117663	0.282783985861657	0.360127342851357	0.226303104126376	0.124038479201196	0.288199753441564	0.119221940990285	0.109628660039013	0.217278861447687	0.347389533587825	0.395843143147959	0.430597930246099	0.164755827092496	0.0460799471523627	0.409620121629928	0.232301700656318	1.22219913321206	0.8926772057524	0.874140920337765	0.533653167371253	0.339329480697527	0.675887591218164	0.117934625050592	1.35475912904279	1.57594407716055	0.621536197122168	1.41868144793965	1.41543350504987	0.16541233695417	1.06888668813136	0.253908971081604	0.745374041539588	1.45938197308769	1.45192537421945	1.5073414353462	1.25991089206626	1.23861521770097	1.31815414246036	1.40791768292701	1.47009982358638	1.20661990987022	0.660928351454315	1.60331202029945	0.980719092056932	0.730003546150263	0.0967906994824749	0.0643893847032885	0.0330379920856896	0.0355506037965965	0.0238298527583767	0.55426377223352	0.671867361731894	0.56047442348887	0.823997854293932	0.133875544380081	0.554080767058424	0.211872501219463	0.404336350234755	0.670606923131253	0.4541200073528	0.378695874115001	0.787628294348542	0.177599023565061	0.153972505956985	0.161590313465713	0.411162262964052	0.815893027230271	0.130533961231689	0.89739286799531	1.04862358217654	0.778342751379216	0.196561363236536	0.136152645384696	0.738314014099827	0.691661520750801	0.980901624402519	1.42269821311488	0.838208118348748	0.683610888255782	0.927989606847836	1.01713051033393	0.963992726973084	1.59228029102927	1.48005998803645	1.37246163168111	0.374806360812529	1.48383427759058	0.415621206653327	0.488415374978153	1.41013451553028	1.59760828340583	1.21964166170234	1.58909178380769	1.21881398546086	1.37299707813448	1.20077553394777	1.43581080984844	1.34341211026072	0.818759088192388	0.88448703070227	1.00159036588207	0.833183098155372
0.417343008055857	0.0981870320928665	0.0414674728601699	0.0212094616152332	0	0.19521705477581	0.491787311739589	0.325818435273511	1.02233641027708	0.174465744530907	0.424220739601222	0.436240275680832	0.225893640223497	0.391107177047909	0.191899007301021	0.125759359899539	0.284105923016238	0.103567346748867	0.131986312517197	0.290439565135134	0.35367291092997	0.397647235155509	0.433830927910241	0.155494624542981	0.0836258404118624	0.387030461665086	0.27829843340309	1.29820537661001	1.01754624429134	0.915755496478717	0.474654838397553	0.30453406680096	0.718215282903064	0.113872331523369	1.43778703769984	1.65778443778643	0.592102753269448	1.43585335194452	1.42765041440465	0.139975060846217	1.07420174590604	0.193350636586525	0.651251004857809	1.52225879969295	1.50766336497558	1.55052731223307	1.34838427008446	1.33722954317813	1.37413455715242	1.45038093534041	1.4736390249988	1.30037770803996	0.639076142132237	1.64972983232667	1.03512516948987	0.808929768048377	0.150737262029643	0.088783668179695	0.0336609693765659	0.0356183949349849	0.0132327460660318	0.604348881652025	0.65713518487539	0.56041759423058	0.92756651918291	0.137524012889737	0.599729332135104	0.232275197098994	0.360578366274495	0.674114996687299	0.417269027749526	0.389730173286497	0.764831135170202	0.175440750444974	0.136310610285956	0.14279718497916	0.44332210296717	0.862111070921877	0.160522402067585	0.89813609200685	1.10038956683675	0.790126001444409	0.199997025633806	0.199954339459669	0.756311278212493	0.730270367426164	1.06814363947359	1.51632601861657	0.842562235176209	0.602126499072136	0.913021592371172	1.05806499207538	0.976687206383843	1.66211727395616	1.49887950096362	1.37521250826494	0.394869955325232	1.56246693506249	0.379762132633804	0.483319661942609	1.48018862918454	1.64114315612129	1.24976120639229	1.6307921767114	1.30929828560305	1.44599352836778	1.30820799855834	1.47200621599028	1.39816666970499	0.819156172938816	0.962800886985231	1.01561603902783	0.903411274884322
0.718286947356308	0.276862364107563	0.300846547781973	0.186532540818978	0.19521705477581	0	0.178729591707565	0.18372383994097	0.667769420773097	0.239981206007019	0.863328518162197	0.831291960820817	0.54432848766043	0.792787039108239	0.531523187063644	0.069895581026253	0.169393728735921	0.369433280631328	0.145075618584505	0.479078198796483	0.544132046933812	0.0920137092561107	0.125075821477662	0.129278744999836	0.248224083178678	0.720493984207009	0.124463442468747	1.42289010632209	0.979203335376401	1.37934074411445	0.639345421507589	0.724965337677218	0.402002388577491	0.315763391147754	1.43783924165399	1.5089949752953	0.297070642507695	1.52805134400809	0.971088370303712	0.178063270976872	0.757873370574193	0.335854988999515	0.482524422713651	1.27516334028576	1.22234757218747	1.16724744226631	1.07582717737935	1.04047232967082	1.00996364283502	0.980470956400356	0.990096933910069	0.913106024005199	1.05987859788282	1.48610213880123	1.34759227119122	0.505305400361408	0.273862809239605	0.315242880703108	0.232581844496189	0.214699578167439	0.177294782994876	0.221084106419825	0.276899641445232	0.215228393427254	0.938344517789967	0.171588216320759	0.958168559041623	0.585125925765089	0.778993514558946	1.09861918426064	0.609972077759447	0.130081501488534	0.341690594903844	0.300805195225017	0.276254465346792	0.147971410006704	0.652659554835652	0.471554384744807	0.0543291770033953	0.823302785626246	0.733509011881918	0.438995375553894	0.297217308242211	0.0803678839520727	0.493349481207832	1.12732977093312	1.3404893664469	1.38467631270683	1.28883779547301	0.600757533999962	1.0308028444203	0.684761978367681	1.31434025227422	1.53624534522924	1.09108474272439	0.931184644681559	0.643581525664816	1.16506426564951	0.410461526058661	0.393570601587673	1.36603383020062	1.28547885245763	0.987541805339824	1.29735440704298	0.926312996331629	1.10333131634516	1.26634897895812	1.02539214263946	0.94937323971042	0.857347123398963	1.02605386961756	1.42562044438033	0.528837834419254
1.05732391272633	0.537602185564897	0.679296613119008	0.507506512143101	0.491787311739589	0.178729591707565	0	0.120815549529162	0.436227332254744	0.38655006087569	1.32883080460387	1.25386385317553	0.842322025374281	1.07788362892946	0.917900662578093	0.285197578986206	0.47974819137863	0.695585554850085	0.338440542896267	0.843278736358434	1.00635265563422	0.135794006370388	0.0808336957184953	0.352384875147179	0.600633452304192	1.14842917411491	0.375656752356258	1.38492776959001	1.05721490945454	1.66175585245537	0.667922462151374	1.08736997247375	0.352349759258965	0.643756046639326	1.19213126443787	1.47271763100784	0.273386050015724	1.6669176141336	0.683540405730828	0.483288368896555	0.650127682047375	0.583260474378028	0.335317779722385	1.24400312798287	1.19284050112775	0.971325479728449	1.09513477635879	0.980488774180468	0.901217878951891	0.735422340161467	0.642403340192744	0.737015808860532	1.47238628826129	1.46075209051957	1.59953947838334	0.412803223732195	0.568945633461371	0.629198132124652	0.546254364993127	0.514582440839829	0.471264439051556	0.25591466129099	0.0207062075338156	0.0706298762188911	0.882969039889889	0.248231464717564	1.34527644401556	0.953864206165507	1.15979792318247	1.46522691401994	1.02031329730627	0.229932784684278	0.321202046613236	0.617360710685862	0.471023974358907	0.363328240048307	0.863495351251182	0.313974988258241	0.30720184452185	1.00695272593812	0.687742033128275	0.414814166130729	0.72861868821997	0.332026744556022	0.597627701993083	1.47474225056265	1.51599418583387	1.29484781589577	1.68204018902309	0.600899049982679	1.40644184086267	0.473650884131131	1.40951831137232	1.47248036315241	0.87399698821112	0.694255078665731	1.19819091442885	0.977140207539935	0.657323699744677	0.56757236851866	1.34751757565178	1.05933369742561	1.11327244252954	1.13542308999723	0.918989290347325	0.88379629632247	1.27700976112425	0.780566131281951	0.675121743773729	1.13638428655927	1.30400352197325	1.6334319744438	0.306323605198571
0.942879252540831	0.414589287848212	0.515069962303774	0.356973084662463	0.325818435273511	0.18372383994097	0.120815549529162	0	0.699422496593631	0.309236510573365	1.06955745448487	1.02949135658521	0.587728902217973	0.840769357634967	0.656586594325587	0.190679046129046	0.479865492914152	0.469409309155078	0.170294999987513	0.682012865918634	0.823393525930241	0.250692826377741	0.283730531938895	0.336162900602845	0.381866517248847	0.730699478892791	0.384004457504353	1.43511467266839	1.23156280263454	1.48221483050537	0.500920036671427	0.837075002409205	0.592969255379948	0.369067068326515	1.31652801634461	1.60740080133047	0.391389997968494	1.57258488287339	1.04839235859202	0.341119557470272	0.896620235528311	0.410227855138199	0.432866580308513	1.47476981196485	1.4137837628307	1.2909362937501	1.28146781713745	1.27477640521398	1.21551050311566	1.08939796475292	0.886534949413362	1.03101863289467	1.23242494216096	1.60573506549204	1.43478324103369	0.676939043748668	0.47633005382354	0.483243839365214	0.394285483126516	0.369258390118355	0.328313903962393	0.419083999901046	0.199864704966569	0.151568312863862	0.731009414038959	0.174182511025387	1.08353922098375	0.754441456919498	0.882535650783501	1.26958275123453	0.815410916036233	0.313446450654051	0.439565696158779	0.48466479817656	0.181570613011451	0.13195509432936	0.741809286058886	0.478171301283526	0.20383387324697	1.11826697916431	1.00812529321422	0.69692652959515	0.432723660190773	0.354968923855351	0.825371749935273	1.11159940703042	1.43860864567743	1.58406917299433	1.36842989542903	0.563505849461738	1.28992905457294	0.709341473526501	1.47496020749325	1.73222488903788	1.23510034294134	1.03982438687277	1.01946143392431	1.31148060173364	0.717162774484763	0.544565128739971	1.6671384560374	1.39535907348638	1.27217696089187	1.43886208523311	1.18534933327062	1.28477480995155	1.50044699512245	1.15569308157789	1.04332223508838	1.00449949349216	1.27997261758434	1.52702467467305	0.585809800254774
1.0245519623809	0.929747145975473	1.10493861570437	0.973647404194895	1.02233641027708	0.667769420773097	0.436227332254744	0.699422496593631	0	0.704272429851863	1.35978815843306	1.38071494425811	1.50814676927649	1.21310093341695	1.4635693820748	0.945814147015282	0.941941304861571	1.19850925445042	0.893640505679582	0.921169096013358	1.09847913238545	0.489425358976125	0.417237987891579	0.840226162281364	1.05070140812582	1.47074640077337	0.648019146760052	0.648061254756352	0.506660584431562	1.5042332419637	1.44421224571557	1.45725004446862	0.331954644411904	1.17527232787648	0.573365049058151	0.670754726195048	0.708313938736695	1.3591010387048	0.504109896951256	1.11803032442768	0.79437403046995	1.30168820147301	0.879349428466893	0.557035078855828	0.621149466723811	0.445246197189155	0.456760525549264	0.334893930090966	0.345881528655416	0.311266312761012	0.524191378018654	0.165540802309787	1.62900135130336	0.731408865200667	1.00931015945815	0.234283197326123	0.868048579394524	1.04800122507241	1.08831603395267	0.92493525151005	0.994242933985208	0.266305652527892	0.35710531825154	0.295760312812271	0.708360051735553	0.678986895976744	1.32746675548061	1.16807238215082	1.64980105333904	1.44159487605438	1.38979452276669	0.694735254117917	0.642129832879973	0.894991577566123	1.02802091564477	0.962165100442641	0.699548591230405	0.481597099319434	0.787787587174051	0.884742657446	0.190544640990338	0.55070743789639	1.18659954868714	0.722102957265077	0.708565418528165	1.63454992068654	1.00596937709379	0.520689247492447	1.548551738038	1.3510844565547	1.39806791173017	0.336346747560142	1.13227931841869	0.736065750186976	0.514267514534197	0.441024152522537	1.33916455392492	0.425203468500982	1.15408662618359	1.16009701580059	0.666414099566748	0.43937289986527	0.75684969853556	0.514612906180438	0.382210093407073	0.34377157252686	0.617551388777417	0.321692987093755	0.158181856856688	0.81652920614356	0.744795684795169	1.16215246127791	0.217506046548871
0.277380099039069	0.056582660706501	0.20353411653499	0.1330192099814	0.174465744530907	0.239981206007019	0.38655006087569	0.309236510573365	0.704272429851863	0	0.576318219838661	0.496496294586103	0.441209627471698	0.315133973237069	0.407912567743216	0.263592250676218	0.470896755962053	0.197334721670694	0.0869187785862242	0.187403462332903	0.507927389922023	0.369886208858303	0.356690082199041	0.276322905858967	0.150994762359545	0.671370147172437	0.311369835018332	0.98041770975905	0.759267685739977	0.920237162696277	0.616819608381179	0.466344870727458	0.543414092837952	0.196389212622299	1.11946617394074	1.53427459230074	0.736676190493599	1.71910582008623	1.36624365285763	0.404980655109241	1.09184496193755	0.504589504757558	0.684659189595852	1.40258563798626	1.47895163607255	1.45515249626717	1.24288271746172	1.1181775738709	1.24535800167986	1.30572120869885	1.42174596727597	1.02252996818919	0.83724659346273	1.64160766283647	0.98643722002885	0.507681081872137	0.0958967683965155	0.105179186926134	0.167820250256227	0.114688792423142	0.169327271473568	0.48190333247381	0.523900101377809	0.427790555487849	0.623961003210506	0.0768791422417641	0.611139239929613	0.272588592097783	0.606253687074872	0.729717167307535	0.768216135277283	0.513312004351678	0.910724317671892	0.25294316208622	0.212803033579955	0.227031237115302	0.302347356094259	0.763001196227167	0.159111043373165	1.07228626709106	0.947337298918726	0.871507340226393	0.434298354655385	0.173231562236607	0.879352026469336	0.787716301285712	0.794715679639521	1.25605279052454	1.00892473715788	0.820797865986984	1.19349979253964	0.873538224613669	0.944072738480049	1.52931145810107	1.4442960482093	1.33413960098323	0.668560139759694	1.37687995287631	0.649115859763533	0.660869923328448	1.28934412710368	1.49105212378578	1.41666630810313	1.55065392112697	1.17536910717761	1.17427116542311	1.01992918387957	1.33502765318023	1.13693085548904	0.99409327077425	0.921300087556916	0.95305483287508	0.588262180588881
0.197634844726408	0.428165349625582	0.286051841577545	0.40196969799105	0.424220739601222	0.863328518162197	1.32883080460387	1.06955745448487	1.35978815843306	0.576318219838661	0	0.0584124631302669	0.363682573401594	0.14516817241338	0.207178308823236	0.752553133704547	0.750681612550743	0.266745110079033	0.631025233571908	0.20690779128876	0.161414643283343	1.04704097739464	1.19365911280835	0.636913923691543	0.371683688822927	0.296447681801278	0.76765996941136	0.830944203428081	0.784579963063901	0.229710534216721	0.826484325250177	0.13839201923743	1.13481063484713	0.369412097513356	1.11013557724294	1.16344952473044	1.3522446898092	0.924599658590977	1.73416106927453	0.656537903996371	1.50182699182025	0.606586253890243	1.28002736264489	1.16826592977654	1.27346351390076	1.54962647457145	1.17445758965501	1.26931094200417	1.3573242547476	1.64367156073797	1.86238221792561	1.39943969027384	0.125687943028601	1.20909112481216	0.344547772443223	1.18987930090581	0.445488688502487	0.349697888051554	0.416107456791667	0.404217398671586	0.474173056723815	1.14728086581013	1.48298806217633	1.29229221108301	0.957901970208506	0.671988600830322	0.229534430037642	0.0981268610057596	0.18992273142244	0.106531152525033	0.345621767854445	1.11033836075306	1.44120311130891	0.320863871985284	0.594482433237861	0.684852669251233	0.336423539350039	1.41967731691717	0.678406519233525	0.764778291947108	1.24822552022009	1.3136508195031	0.431156432428798	0.713037329290613	1.16031394780311	0.265224722451532	0.442220264715454	1.08988367476996	0.1555144206092	1.0589445839089	0.543021564337398	1.45968833852297	0.458479845680037	1.1789784159104	1.60500422727782	1.63880525386234	0.154128037016621	1.52814522660984	0.650863590939422	0.977223402893127	1.05016997735687	1.54246243556997	1.13041039551676	1.48131914048489	1.29914023807268	1.45363661261581	0.911469413524233	1.62519563344129	1.59065677030409	0.613146715639462	0.522836324949435	0.287737757904657	1.44367680786602
0.138655789179178	0.356681031092253	0.289961184471335	0.419803204117663	0.436240275680832	0.831291960820817	1.25386385317553	1.02949135658521	1.38071494425811	0.496496294586103	0.0584124631302669	0	0.278471071504605	0.0997384903685159	0.165323281006901	0.721880558345733	0.698539485559419	0.215539893226375	0.553098760399053	0.192202553361748	0.208660863132382	1.01296797898849	1.11604025858171	0.581843987466897	0.384372416874506	0.39171433383466	0.751533719666604	0.869064553532505	0.793830948686669	0.197584647316949	0.676279465889554	0.0855339692919634	1.06494246507397	0.336401738845642	1.13564672055851	1.30267627599979	1.3443801955681	1.10167776039928	1.73306764414775	0.664809020783035	1.45916722331835	0.581190060127644	1.1432093294142	1.25899478961998	1.38775432200536	1.62245017023048	1.3083019606902	1.33029969520621	1.42951703789609	1.68842728557425	1.9041185406071	1.4634434422529	0.098437901312498	1.37459301675966	0.479032966617371	1.12463265975256	0.399553398126132	0.287251189435467	0.382551109443268	0.405302449212518	0.479278222344712	1.17054301102768	1.41604610425208	1.27550878752173	1.00167955598205	0.634304695889135	0.231490858242673	0.0659591362473293	0.131576035104175	0.0840801146853696	0.397357756021923	1.11696142616707	1.49938016728226	0.340009839497248	0.593472508764687	0.652143006642094	0.376807052857397	1.45177633093759	0.645578271719826	0.827702781440738	1.33055361375349	1.30068488472936	0.50397809511348	0.670576038033637	1.15015589091573	0.266208214959218	0.418569120655191	1.10881138999086	0.237820263134824	0.910765746098094	0.60437605731279	1.42925217505656	0.41929211306208	1.22331588555383	1.61964521055957	1.65383042727227	0.204303265861855	1.55968424559586	0.586434978277821	0.95273596577914	1.03436187725568	1.59674558340664	1.28039969270354	1.56842514998948	1.38741597932947	1.4102980301211	0.886091456186683	1.66827632394023	1.61607666276855	0.825170047628964	0.651118227143505	0.320737908521246	1.36590129765268
0.470043550733812	0.277960957763432	0.223549058101311	0.282783985861657	0.225893640223497	0.54432848766043	0.842322025374281	0.587728902217973	1.50814676927649	0.441209627471698	0.363682573401594	0.278471071504605	0	0.329287057699415	0.0425873341392287	0.369358860360643	0.481773816397783	0.108371797893094	0.315733046142374	0.434121666217307	0.42019257810458	0.780733261285437	0.83086169660638	0.40895573263856	0.297313642327311	0.326585484924322	0.689688465542955	1.48697834146081	1.34915919986608	0.593885002125189	0.186443136419895	0.113008684218439	1.13767022462322	0.142748295236287	1.60260575440986	1.80583336329259	0.87401457978242	1.35524501082327	1.67962845558852	0.294748304186961	1.23467574594081	0.139939175894648	0.558399518090015	1.74446915406822	1.75476135765347	1.84560582155636	1.74801988254864	1.75589461765488	1.7615575841412	1.81548041065629	1.68376371142599	1.775909386428	0.312763716565775	1.80437366214163	1.10078898257694	1.30342304508051	0.397963975008002	0.221094301770132	0.20214221323317	0.26861091295246	0.266843512268981	1.12518686012015	1.00649198469365	1.01714114998188	1.2194118537575	0.433943108300728	0.533862001758605	0.245521481470358	0.0797315597399602	0.421687127811657	0.387812379159438	0.79859995924619	1.12112722408892	0.368219895287695	0.296164589420146	0.323903699149323	0.649278624205543	1.21903366809305	0.451439734962892	1.0701713389119	1.59412842930969	1.16816267333983	0.356359014677005	0.568348797236709	1.10810935060804	0.503503721889767	1.03294354161509	1.68805992119	0.571502183123888	0.374713757504261	0.847744305869644	1.4723787202474	0.847245756191317	1.72927980636723	1.70911062843107	1.65488438868709	0.425227691029032	1.84324247193826	0.384925555214774	0.502947721191788	1.58872428552131	1.89084743388138	1.53386623402137	1.87621003683109	1.7317538405779	1.72477230717673	1.5090650600321	1.81968344310861	1.79942775559418	1.11469946822227	1.23808686667398	0.851657528227368	1.35833232509838
0.110961422464067	0.270051393745326	0.300197385249898	0.360127342851357	0.391107177047909	0.792787039108239	1.07788362892946	0.840769357634967	1.21310093341695	0.315133973237069	0.14516817241338	0.0997384903685159	0.329287057699415	0	0.224608130255706	0.69702080233667	0.859621413884748	0.179919322747695	0.439472607639447	0.137748367651189	0.305377555934352	0.938335844134749	1.03091720956763	0.593463360445514	0.333076631176768	0.478775394732898	0.785863359008828	0.756222268510658	0.772095030958273	0.302741989629763	0.672055968905663	0.143696956495343	0.981890482688159	0.299831604668574	0.94853912970571	1.35300262310054	1.37821192022123	1.29823676567725	1.74090490503247	0.723429824820267	1.52357379616722	0.657165399678436	1.10015009950471	1.30974090465718	1.4795969262086	1.6480609658131	1.34407090419093	1.33037853983481	1.43955356802966	1.67372285638324	1.86875455615154	1.36422464839461	0.261093793534463	1.47482238780834	0.484652700784198	0.991022866316539	0.329871573812194	0.240893365817547	0.372036946976561	0.321712607951215	0.439155316013339	1.08745906777028	1.23402661185684	1.08726607074787	0.753036805658001	0.437287198135448	0.236925676424589	0.076828198890089	0.241212151098462	0.169614889441668	0.537513192296372	1.10248692337741	1.50255438221211	0.300374805702249	0.472136500134083	0.590626407605908	0.254131158191666	1.27813290767013	0.58538354194981	0.947173817590709	1.30734379954963	1.36906332646115	0.56240332124008	0.637174823657673	1.29017462035419	0.267435388879151	0.358488458464397	1.13594091971999	0.359939455998166	0.988650811160475	0.808371916526735	1.31102074595591	0.452696510647261	1.33959657946841	1.67926529892091	1.67363767922934	0.428284450412785	1.5814716146784	0.738804678534987	1.04264740634198	1.134915124474	1.61952089077544	1.45713460160422	1.63305852221266	1.42798303166238	1.4016093900782	0.894919987277237	1.66646363877319	1.53314011229045	0.866743215548726	0.69339614278512	0.346783134730481	1.1905561194953
0.360131220614661	0.264115187900845	0.167673022319773	0.226303104126376	0.191899007301021	0.531523187063644	0.917900662578093	0.656586594325587	1.4635693820748	0.407912567743216	0.207178308823236	0.165323281006901	0.0425873341392287	0.224608130255706	0	0.387747756538147	0.491901402829916	0.0528397054769951	0.323499609866825	0.277133855658226	0.232191512667042	0.741865569500823	0.870747437382739	0.369868306684938	0.228855003520447	0.274211015398463	0.648925985615418	1.35854230710487	1.21402114676225	0.526339614382504	0.356710379330776	0.0729787520735983	1.08016677052672	0.124312251246984	1.51392319108683	1.67861583864275	0.999815495645397	1.26563367495817	1.70789692253358	0.331960583713715	1.35858076115655	0.217253213893986	0.727525681478269	1.57918587026583	1.63733794835735	1.79132159017683	1.59945529005712	1.64681817781727	1.63519766924996	1.7789013825652	1.77456778239967	1.67198488677426	0.204205009672521	1.68299387253709	0.897948917862312	1.24997249221852	0.363091746123508	0.200307574667648	0.194980922242566	0.226604299008851	0.25026448850918	1.06078264708622	1.09282350513574	1.03608733341323	1.17822406840718	0.406480833898758	0.443482663607574	0.135513806162123	0.0595984183908191	0.282504693015046	0.278252003714369	0.815800411971563	1.13493500125983	0.221461137787172	0.322579626644655	0.350533038682093	0.483280226837013	1.22278422331337	0.407850100885832	0.893222295487967	1.45096239911504	1.16510908029339	0.279215784004508	0.519869821439283	1.09939250933157	0.416884887157474	0.881838873444381	1.56656051483772	0.442610824056888	0.556406208067173	0.716080607673862	1.46431118624501	0.72915886202765	1.6514554061064	1.70385276639126	1.65036719231699	0.279772560836335	1.78755507721196	0.384758419295706	0.605134946259766	1.47472193650151	1.82990196569214	1.38913531227013	1.79795306638207	1.60654764130859	1.68217374953372	1.38083263982208	1.77575518473309	1.74917674197645	0.912779908551775	1.01862040511571	0.696009863178808	1.38473077678004
0.695985080255041	0.225591661067341	0.211191732893056	0.124038479201196	0.125759359899539	0.069895581026253	0.285197578986206	0.190679046129046	0.945814147015282	0.263592250676218	0.752553133704547	0.721880558345733	0.369358860360643	0.69702080233667	0.387747756538147	0	0.138127135800957	0.294387729514584	0.101497521797767	0.494543142180221	0.550830830224232	0.229517383651647	0.255191612072041	0.10784785916873	0.182399550551506	0.567850520681562	0.153051721080544	1.52278206245178	1.06841516926257	1.22025194393377	0.411549332796683	0.570880992308155	0.553466123830472	0.23731745472674	1.50322062321941	1.62996540192506	0.310719829744232	1.43460593704506	1.09925993355992	0.0755187470521893	0.754350788538375	0.182218228463532	0.527050965691173	1.46570029976992	1.34816290870359	1.33999734844035	1.23887440251146	1.23142003822165	1.23779447764228	1.19038819307212	1.10496945844845	1.14811941688901	0.925668422416017	1.61294527334371	1.36594369207762	0.674163271299645	0.250528872086475	0.23511145763564	0.127344234163931	0.187721507655409	0.107531268780404	0.415848883483116	0.415041485444395	0.363513825691313	0.908996523821621	0.191341751830477	0.820293118036659	0.501717157975502	0.574700090627345	1.0300727670788	0.48184385859262	0.14384043449256	0.449286625872278	0.343637614554885	0.173680046163822	0.106192033403079	0.762735017785132	0.551469259458969	0.0784866794474997	0.893518192555361	1.02597727718216	0.512571438849519	0.236177989025734	0.108063028598883	0.522796480233831	0.916105662309273	1.35630544917539	1.53624532480103	1.1623960141069	0.413533690859305	0.956670426370068	0.805074019114221	1.26172177256678	1.62983692595385	1.23903130894221	1.0948950919801	0.542628540410561	1.33073875186866	0.33232648864078	0.302194071622485	1.49761866605909	1.47247649349556	1.09070671547674	1.46948888737772	1.11963189699599	1.28855722525057	1.36110510748101	1.24348277390191	1.21371884641433	0.940687334202967	1.11738257170527	1.42732184872308	0.674191633033456
0.725524391236789	0.363145443208381	0.306710594340657	0.288199753441564	0.284105923016238	0.169393728735921	0.47974819137863	0.479865492914152	0.941941304861571	0.470896755962053	0.750681612550743	0.698539485559419	0.481773816397783	0.859621413884748	0.491901402829916	0.138127135800957	0	0.46529936331091	0.311320388629992	0.599135315406857	0.522362859306893	0.303262404275199	0.3055359193438	0.154567295696249	0.356514919554251	0.648251080099147	0.116890102017642	1.46593115020172	0.93092095727841	1.1437082660726	0.558458207911072	0.611735282197634	0.53598459016651	0.412912429200397	1.57379241885906	1.41188200358313	0.266324123188545	1.28601165151046	0.959940781203176	0.128502226751307	0.573302814493493	0.245282971793684	0.583874904858938	1.26068741355583	1.09581484976144	1.14597948190189	1.04298853213313	1.02824136578291	1.07182819867313	1.04192133158371	1.05014663443762	1.07472454190981	0.883346937931357	1.37273454599635	1.30662794540453	0.658903012131094	0.349836059083587	0.350878990470547	0.245243985852207	0.34270208663875	0.243303545017929	0.413192286913045	0.58658298652268	0.530879012037647	1.11537355007458	0.460029890629575	0.816644081016003	0.578207167193715	0.616858854726923	1.01476672126222	0.465465490501684	0.188915217833887	0.459579688166966	0.478200236707719	0.408873565357638	0.295638499674414	0.889326846014275	0.671716735833661	0.210116988008364	0.782360827911233	0.889401986157062	0.383534023614811	0.341462854012229	0.180963224001025	0.32435143533487	1.02949504195982	1.32834449067229	1.31038570623432	1.11533771029837	0.420395910831906	0.797858863998601	0.805087079727979	1.1978441807305	1.32196623735456	1.02242206541729	0.940722028910007	0.393988884713418	1.13707488895226	0.246107651372164	0.264554775978912	1.18743634192788	1.2600830040053	0.838484383082797	1.23392863983312	0.908989480902856	1.09844781825291	1.15552371821408	1.07970502312707	1.11353852654877	0.870966050607603	0.9945136309894	1.34982391250331	0.705089278836
0.285179811538514	0.133574013416482	0.111767173717704	0.119221940990285	0.103567346748867	0.369433280631328	0.695585554850085	0.469409309155078	1.19850925445042	0.197334721670694	0.266745110079033	0.215539893226375	0.108371797893094	0.179919322747695	0.0528397054769951	0.294387729514584	0.46529936331091	0	0.17242959625832	0.161461237917408	0.235401752234973	0.553304294486294	0.668936964055374	0.272555088710994	0.124505319451966	0.345085976432912	0.510542083226581	1.25114404082415	1.09737477230646	0.659344686207027	0.42361260948459	0.137743925046726	0.891051122886478	0.0607442470644819	1.40992119989493	1.69552331715559	0.935484282881744	1.46074106243512	1.66058615789149	0.319882195698661	1.36262076183914	0.265989528394294	0.685169967572148	1.55598537065187	1.6479269550402	1.74751038536822	1.52814243165298	1.53032429180466	1.53643228648911	1.67335054259656	1.72327376323902	1.48612964922139	0.358962578914898	1.7319221487795	0.905667648820623	1.00936102432724	0.229029526614665	0.109939902651822	0.125658678937556	0.111749334656327	0.155891151655492	0.8446716118278	0.872499465452671	0.78791194401524	0.996014203265793	0.201734034026962	0.489202217898702	0.100564759687406	0.187406696359275	0.368465621905364	0.391098879200459	0.701525821187951	1.05150860443414	0.118224733739692	0.213470554334574	0.234415980792289	0.319389484158921	1.07930855759108	0.252515497917804	0.927282305952021	1.28350312581453	1.09053761831361	0.253687439321248	0.362230072567633	1.07297223507994	0.516537795436919	0.84796369357569	1.52111432921791	0.599309829181452	0.652062926728276	0.878335986524691	1.29994822896632	0.787733574206336	1.70141409392714	1.6897419269338	1.5957067710393	0.374406293014349	1.72694385570571	0.448321346094218	0.627930092612869	1.47810894723183	1.78560801125789	1.43364566249461	1.78455262505142	1.51269797051321	1.57732869120127	1.31381350480457	1.68049652303772	1.57926990505318	0.901359279219868	0.982218979809097	0.748426648029024	1.14571433558248
0.456424101006096	0.10158843014222	0.199038570272021	0.109628660039013	0.131986312517197	0.145075618584505	0.338440542896267	0.170294999987513	0.893640505679582	0.0869187785862242	0.631025233571908	0.553098760399053	0.315733046142374	0.439472607639447	0.323499609866825	0.101497521797767	0.311320388629992	0.17242959625832	0	0.281470901666717	0.498929099499629	0.320747616576856	0.365270626213713	0.210523289537581	0.100304782303753	0.495327105145091	0.248656654190547	1.29264985880716	1.01486870968349	1.0323873671235	0.422283577907003	0.460464188402451	0.642191664557436	0.10210913979859	1.37754854534223	1.65493381263968	0.564080985982993	1.61019960067347	1.36857658789827	0.218269905292386	1.01005081781414	0.29126857489454	0.575762543748459	1.54978440318251	1.53295271835584	1.53528560242599	1.3489469768103	1.30732091846429	1.38648649286349	1.38042343986226	1.32340380149073	1.19555873566673	0.832072959758681	1.72465337601458	1.17717565945906	0.68676007710535	0.152810524589163	0.132169669774226	0.123732719847837	0.129931643152219	0.12766064418504	0.4930016178728	0.486893635370807	0.394392042634415	0.694233122355619	0.106116444481858	0.657185536188704	0.346982961447638	0.521687658283786	0.837918351215493	0.617675817782009	0.382124596562671	0.720335171551663	0.276487036085862	0.079543025775445	0.0620086117526705	0.495091434550367	0.692680914173976	0.0600375405098383	1.09941907876503	1.1239318724278	0.827152332383418	0.245386696797978	0.152414531794856	0.835489389494731	0.744476685410495	1.05373237584534	1.52249817228377	1.01669264879124	0.582488216459535	1.1159446286482	0.929792727426799	1.19148152679995	1.70560617036375	1.48735156009365	1.35175860229964	0.607760458163046	1.48011565088926	0.553322853200499	0.439378379863217	1.53894713913046	1.61943600336518	1.37352206859485	1.64869257197894	1.26472665745263	1.37984521842471	1.29726248078765	1.43572315206147	1.30024825634132	0.988862084461934	1.07997347394898	1.19061970132467	0.707794937362292
0.114839276993675	0.193535061711491	0.227607138425336	0.217278861447687	0.290439565135134	0.479078198796483	0.843278736358434	0.682012865918634	0.921169096013358	0.187403462332903	0.20690779128876	0.192202553361748	0.434121666217307	0.137748367651189	0.277133855658226	0.494543142180221	0.599135315406857	0.161461237917408	0.281470901666717	0	0.181136715760487	0.608272339201736	0.752639522847064	0.416624779848349	0.172263496704541	0.465466036333515	0.474929353455015	0.827735128086416	0.663683704092699	0.54863810357094	0.832149332519011	0.304811201810085	0.759111649273486	0.211460606861072	1.05809969670653	1.26332193630533	1.13763871699026	1.35580222344393	1.5851565108476	0.570562916728603	1.41661725171591	0.625775633142747	1.0384090488785	1.17233571376474	1.32741089145309	1.48397440263439	1.11522560636163	1.10878829294712	1.21510631027301	1.44077423024709	1.69224167812409	1.0919254358564	0.432385895313709	1.38411855436113	0.559901030342268	0.766671667118876	0.208662688870031	0.189185461482619	0.292949869878579	0.219375584407174	0.327531166296455	0.691612192042707	0.992027749418907	0.807605012825565	0.725366686271694	0.304736051487226	0.375083779972862	0.0991985775134399	0.423188340894864	0.323791109598934	0.539221517428215	0.827224847233469	1.16745917031517	0.145989164931986	0.394887581668873	0.424108731125886	0.134535756891851	1.0344429347325	0.304204187102075	0.844378237490711	0.96285374801203	1.11139474036104	0.355802386951063	0.349171282466671	1.06263755597406	0.487518154780915	0.483212837062235	1.07987836192525	0.522102899390284	1.08658070218443	0.870025370443631	1.15081291035716	0.678083176772301	1.3346011710022	1.53943829914085	1.49821549231963	0.348664262958497	1.39726050583235	0.685030497313643	0.853940059990248	1.10856464585621	1.48598342426522	1.22405480197854	1.48763964038726	1.13175085307736	1.26453357212121	0.87644816415117	1.44840226926491	1.28590604151255	0.704923608787545	0.593149431410203	0.531319086667719	0.975080793130251
