0	0.133082808342883	0.132101912395881	0.227084035651699	0.237797705558487	0.231333705217066	0.478973087642732	0.416931630475615	0.295455009374561	0.154783309855619	0.299108821060986	0.283981788842155	0.424456038096962	0.246262677652581	0.319402965658055	0.308624669582795	0.262870952869793	0.247285975231601	0.423409812666238	0.281976679413126	0.207195735592895	0.341659617192862	0.0836258365136355	0.202392048371391	0.339849981219938	0.975972773817864	0.156851580889245	0.879862893757969	0.0579970198059473	0.290469564337349	0.356902066357107	0.248153964182981	0.202138979588317	0.506396001093121	0.528238786648409	0.324528300336249	0.159599131143225	0.185073746960759	0.107787687715499	0.0946529256626569	0.117867912335689	0.257731659790635	0.405069381667701	0.116762470024942	0.111623889960614	0.0745949198597194	0.0879396873045933	0.073581903317921	0.148776037008492	0.152915770410098	0.172809293413499	0.188131432342917	0.314230638147523	0.168893874133218	0.26217482140533	0.151921159525324	0.0524882564623526	0.102842888553301	0.10337509849767	0.152415198838611	0.194893425508546	0.276208438890094	0.497776212355626	0.396012688828563	1.21631385513588	0.165004618276092	0.193472845469392	0.207252635661712	0.314907385224696	0.117242668595406	0.22294987847072	0.291230575435663	0.477115263171042	0.193827448022811	0.358406834531207	0.498561273011126	0.35308064620097	0.336578310419431	0.462235117405665	0.184658703479473	0.282049743506755	0.190974538161755	0.447445272311889	0.336866410542338	0.362081742883804	0.620004395672087	0.342936528951344	0.107503584991334	0.152107616872191	0.413730065881843	0.13886038408127	0.180064670959163	0.726617668082834	0.1462830357898	0.126105749167485	0.162194941542019	0.113087626934981	0.184456769992481	0.179381049133424	0.4897467841909	0.218286735567888	0.162612241420964	0.133121808939497	0.156618977781584	0.167950322732279	0.191896478319134	0.0589966891838953	0.185544752733728	0.247729453957312	0.214232747463397	0.121706845183668	0.381578048721568	0.184136891238643
0.133082808342883	0	0.0156084118718123	0.0274414001802765	0.028315197918354	0.14352249753408	0.371034013666881	0.293265257325825	0.349446555181566	0.0576434660889642	0.0925146033080515	0.0975764426030766	0.152292588405951	0.0931940214138074	0.0994040847228139	0.0874470960042746	0.158557513840017	0.143799599295828	0.218707330064628	0.182236601414861	0.143961528812563	0.161219284912384	0.190754082898253	0.106310507349792	0.149110176985221	0.654634798302684	0.0592303280823147	0.899501369214929	0.154147308471574	0.121894239998863	0.111601256367567	0.170320321601916	0.0834549910212381	0.240586402481686	0.923671688463145	0.359895342804768	0.315960024912807	0.296885297244405	0.162950829245245	0.0873084861842518	0.144366302207955	0.055683173630916	0.189128445555222	0.250670476234626	0.0522834346703509	0.173473805577881	0.109101666650281	0.205721257550183	0.339753326920744	0.247792958388162	0.245458779624427	0.255929097083131	0.115178122554118	0.0454211831288271	0.222292368116147	0.140908035425143	0.0275024024418697	0.0103489355562257	0.0233446922944547	0.0288977960680098	0.0230690190416279	0.137894602893201	0.377541223030378	0.253255098067798	1.1253686546913	0.0351050575937797	0.0199384113071749	0.0577483887588077	0.0893907018607419	0.0912384246544427	0.0620936076446001	0.0899358510881442	0.238854146336988	0.129554252511052	0.192812160544356	0.315056550238801	0.300093110081533	0.152067468521507	0.281955692768257	0.138780434459892	0.473190528699701	0.122326762357606	0.254475687425926	0.208295865765004	0.2011025573296	0.450690934100582	0.396963673898561	0.176459712381626	0.117683221234644	0.222966183217758	0.174220819813937	0.0910706070423417	1.03557355182266	0.227801228812965	0.189606576468042	0.202470877176859	0.100667655994899	0.202544616550425	0.0504863642379754	0.250623899075119	0.514522789360567	0.310006824366186	0.15856802733848	0.26415331317358	0.188003577734201	0.361226154670896	0.159643156487226	0.293326294966762	0.462438431782894	0.0682316752816891	0.0928890060464401	0.546709525595136	0.149705446025253
0.132101912395881	0.0156084118718123	0	0.0411725098767191	0.0405086807973578	0.151239392294999	0.395887162211143	0.315431523466043	0.381830901459768	0.0796411005849749	0.104822849027506	0.0982309150185965	0.152419731217703	0.0943012804286072	0.106991067422382	0.10827816532	0.155738396445849	0.165267790114021	0.249499477789564	0.200349824402405	0.168697895725416	0.191672378539284	0.177290419257693	0.111282186468186	0.182362900237446	0.674671553529995	0.057529881865554	0.940492679734171	0.128131866952433	0.090732932644324	0.100180523685114	0.18818752892601	0.0773872904879878	0.287564028197207	0.869620573349918	0.366042807655665	0.304709635711151	0.218775487676264	0.159913783645142	0.100734851908739	0.11066378360854	0.0499372154573281	0.201960524313318	0.25428678403223	0.0660305336625696	0.149915598880038	0.120313655765547	0.190609003256913	0.324030874747155	0.237911890551454	0.242917196184859	0.246213526017862	0.0948108425981946	0.0374020081586123	0.229105402770433	0.13065467887486	0.0303607274027803	0.00813802328432389	0.0104195396367679	0.0355288275073928	0.0185119300312135	0.148947198005022	0.398325868429549	0.278877194940141	1.23886193475397	0.0505280659634284	0.0274467677016332	0.0516500286473534	0.0793567138299452	0.0979665198137538	0.0596854938746343	0.111287313611123	0.286656657159354	0.140523230263786	0.213234095497192	0.345590674359412	0.334250059968665	0.182414420875122	0.29671945325206	0.11884021919379	0.431633608788402	0.121869622650293	0.293982269954163	0.23623702570789	0.199867098675678	0.457962420552857	0.414617051814522	0.147499292663382	0.112202440545248	0.189714419102904	0.121931425157076	0.0663880467537112	0.941595983822132	0.193051178258508	0.155865333196843	0.169288363175441	0.109974954721116	0.177965224244133	0.0235844822758201	0.266587740640913	0.508002049787407	0.277575890440186	0.158551527971645	0.230028182074692	0.211980193446927	0.308525365047209	0.125049842162077	0.269909145571684	0.440272852508386	0.0654642385508788	0.0700566751713008	0.541442021850797	0.141004376975624
0.227084035651699	0.0274414001802765	0.0411725098767191	0	0.00806414281405265	0.226974275064576	0.420057421373396	0.360882163515635	0.445913427742705	0.112045611059927	0.124540144695221	0.144681083924636	0.151192918311327	0.0944113950802725	0.116479672456478	0.100529170472296	0.228182479673818	0.193109036016749	0.255641134469059	0.236537850902326	0.208224495362546	0.194272917723601	0.272659425365906	0.156703424996027	0.147308196185874	0.643287042366764	0.109632126094924	0.827025707613632	0.232809300099087	0.122466835343011	0.11278105598131	0.131680704175036	0.129357260615824	0.257606914672654	1.0467864975081	0.462719232268431	0.381269997248185	0.375766640171518	0.220978264550481	0.132506906288567	0.193281191508377	0.0656517768165972	0.197424621178521	0.324696396790054	0.0875278976438743	0.255894423602515	0.177744935227469	0.294965950110963	0.437008950960506	0.33454800367696	0.337271016324139	0.326968349352237	0.129207360385157	0.0878125483404597	0.224155466218847	0.220117273872445	0.0746327301075143	0.054713173033254	0.0694327947308297	0.0220193821883983	0.0181586816358059	0.18993019311736	0.423018445731105	0.306157359162	1.08340912161137	0.05989557342607	0.0435696300360703	0.0980968479237323	0.0940385349518369	0.177853995676437	0.096828246906827	0.108439988279022	0.241767048385475	0.185669700159693	0.233129514118921	0.369170878382377	0.358515861855702	0.167144159914148	0.329502549346467	0.164368413534413	0.586064051218577	0.188413989068969	0.29718036506302	0.258659679476717	0.257243145504018	0.333807926204312	0.452730260616957	0.270713464604135	0.137452786092159	0.253065071598524	0.217148210715554	0.12061197050468	1.0523181379866	0.327822948567045	0.274322781024535	0.285337645472329	0.179809865274318	0.286882804403437	0.0812844624864377	0.285433124804069	0.670059661376332	0.401433491629237	0.235255111610425	0.35440897850411	0.262242893671098	0.463120780736835	0.255847809841669	0.387795505450905	0.563064283321311	0.0853294137726881	0.131831283020475	0.596012003416453	0.21572161382188
0.237797705558487	0.028315197918354	0.0405086807973578	0.00806414281405265	0	0.23271930303811	0.443611592846611	0.37077724159112	0.499632017795609	0.125285540258551	0.102881923558529	0.117782722433047	0.120450745794451	0.0802020410128788	0.0994660349574454	0.0886150585448475	0.234015179279016	0.195542000826425	0.258038845740047	0.240773040015567	0.222423086554	0.194771329909928	0.312574823040241	0.16190104996341	0.16416144343998	0.601133758892693	0.116695190528502	0.865903805696199	0.262430450782808	0.112793955921544	0.112194009905335	0.133678842992291	0.13303464073266	0.241387746149671	1.0739044570127	0.498020417998712	0.43083756322774	0.385964705686069	0.257030001818298	0.163114630040998	0.2238558104755	0.0580209437885835	0.213544480513375	0.35002736171276	0.110573356294061	0.278589730299052	0.201123585353579	0.328244108216841	0.470824144472797	0.375483492083862	0.378831017348199	0.366601096091529	0.102880802079408	0.084001394717821	0.216127964866228	0.237073506608693	0.0848269628230607	0.0536139604622715	0.0768297620686474	0.0288604129051062	0.012495661324573	0.191905487786747	0.442412249858171	0.316483484241781	1.14095066215924	0.0741023941394263	0.0290402697118251	0.0758249348906868	0.0718756862484444	0.164263755412011	0.0874361044925602	0.0971977869610225	0.245572799290205	0.199413227447146	0.235895529981197	0.358494276397474	0.37479948296651	0.175604574130995	0.333062969710456	0.180602569714628	0.611108221213748	0.202462574640567	0.297675300010069	0.270143836215856	0.258891471951692	0.386392761728879	0.437595526399209	0.292614282928452	0.167183948953805	0.25817243458381	0.213841645226822	0.140417352419519	1.094101390235	0.350958616646047	0.309857650871042	0.319603195719245	0.203611888597412	0.311014032625228	0.0746615982987175	0.281515680436821	0.692398542136536	0.435703255317536	0.262578256460846	0.385544105052858	0.29545359918499	0.505372680795326	0.256421780604117	0.429576782357479	0.614055743076684	0.0639150993162687	0.128979214882154	0.594846515370138	0.243061434013767
0.231333705217066	0.14352249753408	0.151239392294999	0.226974275064576	0.23271930303811	0	0.134724459774216	0.0719680765403938	0.246583897325296	0.0483414831035611	0.113132066126042	0.0851910554251374	0.2138391569711	0.260193004104055	0.0890080868925773	0.0954117368833762	0.0125040357119132	0.0389007500734379	0.0565009481477773	0.0438327851867866	0.0331266737671447	0.050332346995124	0.209239202487892	0.0352053341702763	0.10340699983464	0.551471384277299	0.0379536185761841	1.19946163237402	0.198931024835139	0.299323244862593	0.142584811575982	0.491097757351827	0.0469606792263089	0.140114158048682	0.747659678986341	0.240765998105618	0.458320726353519	0.255426653420977	0.23243512898358	0.222597893095364	0.278293172149586	0.158277584824828	0.22249735933976	0.371165202869506	0.150956084868477	0.265153159843617	0.183780166031803	0.262261177667279	0.355065530774292	0.189939760412724	0.248517632833707	0.23108565118386	0.177037912573397	0.156614325466107	0.566576963605432	0.044087620181255	0.156376493022108	0.126484319906234	0.126615853496257	0.274624881180698	0.227761955623944	0.0167908672356589	0.1285365598797	0.0612720209757525	1.17331642515246	0.0843295021081325	0.129687778957905	0.121651241120071	0.161904520761025	0.0579300023575636	0.0549797069173585	0.0916339321482116	0.134327351508007	0.0387988326443267	0.0416942102469755	0.0911581091964483	0.14245702520567	0.0712455080121759	0.0623632301596682	0.232885201147136	0.285120335847152	0.0197593455357707	0.0779717289477277	0.0467583409996519	0.0435580366478967	0.694989792136466	0.605156615030594	0.203031838342937	0.268906966713932	0.154425245235213	0.33097747056023	0.110407855897749	1.15964037128297	0.288502205778996	0.205863104705701	0.125487866541071	0.0708822051283426	0.113582957809509	0.160864679009084	0.132098053073757	0.494099928029981	0.37309953009872	0.133406732365627	0.289705823274809	0.173857710634271	0.350257620989888	0.251968425656141	0.211162217609023	0.440420027479089	0.216401531643542	0.312635920162126	0.86957899475985	0.0611156324629558
0.478973087642732	0.371034013666881	0.395887162211143	0.420057421373396	0.443611592846611	0.134724459774216	0	0.0186588588428986	0.248015160295462	0.163827335793937	0.240702000352192	0.274786281213713	0.484305021920859	0.372229833765349	0.273396388739612	0.197600146713953	0.177678602922859	0.124730930831807	0.0843994905229168	0.0776326907762704	0.121641381204764	0.133725655702695	0.383459882252756	0.18962201241486	0.135911529147981	0.738942338688635	0.208484345412236	1.07796961540683	0.389897312635309	0.666047063358448	0.3883759384386	0.742691972610928	0.162246217719805	0.18923303363112	0.786704319742289	0.210133503108086	0.670757008336354	0.499327783413583	0.346869127116778	0.418572566086788	0.555776993108443	0.440907601609446	0.502194393414234	0.460916168689196	0.286016769621987	0.445366500293451	0.296748434271636	0.402310895455674	0.421194866395533	0.249055904663123	0.380778272506083	0.22806891752414	0.41154885045271	0.354285761203203	0.763437505423931	0.166754605997794	0.405581125008345	0.389143127807067	0.381429107748783	0.519908413697909	0.481786629072472	0.108060406557515	0.00413099060219435	0.0243005209938771	0.899702698351901	0.259751818932775	0.364983030209147	0.289113062250745	0.422857867122948	0.257017202899221	0.229793118226963	0.196657711379739	0.129267876058472	0.101242605623032	0.0947005531229568	0.108046907006002	0.0753995495588964	0.102027696630834	0.0575966581240026	0.297248546861731	0.312638262241241	0.14715740573903	0.0672976136037571	0.0474436516255443	0.105878969678981	0.810231745561364	0.662503363365265	0.354832145826242	0.394104201749583	0.43009206438022	0.568882690068356	0.235634824455712	1.30712344312781	0.544237105209457	0.413345639398601	0.258499940379878	0.199000453025033	0.175322998303191	0.436444664055833	0.334182630357747	0.595657532954502	0.502721822261946	0.212229696642902	0.400773752134887	0.189786934091034	0.505440504080609	0.506485466856136	0.274506746389853	0.460017746863136	0.373377388320259	0.563310241202065	1.10235038811785	0.147886105730903
0.416931630475615	0.293265257325825	0.315431523466043	0.360882163515635	0.37077724159112	0.0719680765403938	0.0186588588428986	0	0.239028038842937	0.114974531006178	0.157512823313306	0.175565999508808	0.368262831024852	0.311306961742799	0.187933563442732	0.136589851936648	0.110651556742608	0.079479927676161	0.0436779114419177	0.0429387971758217	0.0808787924012988	0.0860078328076141	0.357579192031684	0.125427284799754	0.116582525480789	0.639571404945412	0.146247760874546	1.12898440155902	0.351203007080954	0.551950246030744	0.298010126291177	0.679639385351682	0.106815453616979	0.137238445635518	0.793296668541646	0.21710458671043	0.652130369732904	0.445846744023777	0.330699412557077	0.379256991738279	0.498358894053292	0.340699033799573	0.420678572241133	0.446493098309731	0.247193007175535	0.400910445821506	0.264924655437473	0.375900831605973	0.414344373491979	0.241696103984315	0.359178186214592	0.233866296759363	0.301828566044552	0.27688716023312	0.693655460226367	0.119059657285254	0.334852886966461	0.301096169206005	0.29996764716647	0.451030794267616	0.4010242449641	0.0596506843528132	0.019265500710376	0.0055381107279443	0.994580030251275	0.197932635032516	0.2734275458054	0.206375216554166	0.317853236597863	0.17724831971116	0.153357543116578	0.13970495225629	0.114531941139908	0.0735274753103279	0.0538735955902281	0.0611659811837252	0.0656110363680844	0.0766863707302596	0.0251048417199318	0.275887788480655	0.308954859189571	0.0932044774919156	0.0387428653738657	0.0225530298108778	0.0492095253755771	0.838666555941003	0.615864468314763	0.309768111439575	0.370729218396391	0.330965032036435	0.496884426477707	0.192237706196039	1.30648313060938	0.478734622225993	0.363269452195933	0.22150265501496	0.156220460889966	0.143431412792598	0.33617568762744	0.24497471649334	0.579297885734469	0.477711221424684	0.188953217111446	0.373985305465408	0.18451881399431	0.477008450406538	0.42686823609855	0.264390700005214	0.473634098030514	0.299243824811597	0.480571719591212	1.03396657823017	0.113305779112763
0.295455009374561	0.349446555181566	0.381830901459768	0.445913427742705	0.499632017795609	0.246583897325296	0.248015160295462	0.239028038842937	0	0.20528932926369	0.403302651376124	0.449549592995713	0.68399196122912	0.411116988385314	0.48687147766493	0.408695662077682	0.308950818442672	0.315521214255846	0.359279499257438	0.29653896884913	0.220294518980192	0.381244222017771	0.175270237161458	0.296862570903087	0.378756883887653	1.11975425622938	0.284219476767883	0.722879200033557	0.211575701692593	0.645442979459162	0.518790742886411	0.597921765710262	0.261723114696578	0.531686456809467	0.603277336559428	0.142665996719699	0.291657090961034	0.4388702605229	0.151636488807557	0.252617282207418	0.323619648429593	0.503678509743633	0.527461372465845	0.189872450165965	0.190813449191879	0.195312463649252	0.145459743456919	0.15525613958649	0.148331468307153	0.0870465714517048	0.135741004429776	0.0984392328613792	0.531458793569276	0.338059031571752	0.504384479599047	0.182775407724652	0.30463417935042	0.346569154822447	0.301778133860559	0.432521170604056	0.482187989952134	0.311882099561147	0.295370177876228	0.260773214049755	0.747805433225057	0.274091713436104	0.438583992576508	0.394544795309644	0.577890657403513	0.334988955778871	0.372215312149566	0.407114705245499	0.449721702703842	0.227723414085555	0.347953781274287	0.439936113857776	0.206846859264532	0.340865855167782	0.353277409873512	0.240831472235245	0.237511121370383	0.217132802253795	0.37131945753096	0.259306805002772	0.296580837033745	0.847960147024356	0.403669601021283	0.165447800508331	0.271572531270976	0.52117160471723	0.422865746962218	0.233350693255978	0.905548960093066	0.266844564828223	0.17642286558221	0.135127601070271	0.128285914468884	0.135679404020217	0.411877150009411	0.515710790530086	0.242420197768069	0.174347370341012	0.1135369091559	0.151633396411812	0.0867589859884147	0.19466385001548	0.285018779283867	0.0913988039616114	0.136611707802827	0.415179057405318	0.378853993475183	0.609078470464679	0.148407359113008
0.154783309855619	0.0576434660889642	0.0796411005849749	0.112045611059927	0.125285540258551	0.0483414831035611	0.163827335793937	0.114974531006178	0.20528932926369	0	0.0754080822706107	0.0926841099818934	0.229725838056162	0.13925872975414	0.102199663655372	0.0629514529436056	0.0800275386789063	0.0586151564796975	0.100173788955705	0.064032645026684	0.0475198069518589	0.0783047684720797	0.156528154598864	0.0562926150852798	0.0719625096631	0.678783526594079	0.0286794302625193	0.968736773864091	0.134883622020647	0.267960029859765	0.154041767089474	0.326224746899505	0.0334958758433174	0.164008027585498	0.78560841747158	0.20096062118574	0.349677580450284	0.293195969205094	0.133505772756592	0.111108466767344	0.202213274807498	0.128700127268942	0.237607641883255	0.231327380138272	0.0435130695520913	0.169872111705301	0.0731041974149583	0.176110665963038	0.27064140544221	0.146047216996304	0.185233222073545	0.149192841029826	0.166564226140026	0.070504908451522	0.364427770009086	0.0559336379278244	0.0734583166451066	0.0638872718480391	0.0686925019675175	0.142621952677166	0.129710341391166	0.0474482102934733	0.174605351224771	0.0948980962729	1.02380060824261	0.0315269409077864	0.0763326930706798	0.0679765840984994	0.155592473464346	0.0564820237526955	0.0506543020549992	0.0607169520285105	0.142386764852445	0.0313692889632526	0.0834493130859191	0.176781948242505	0.141643109594766	0.0607568832691543	0.131573822856176	0.120786197345018	0.325515877997399	0.0433848429595554	0.119367811417175	0.0661383269728228	0.0890801973946921	0.561394087772249	0.431483123226736	0.139486866430496	0.142321992162446	0.23729968020384	0.233145725456525	0.0647046156599143	1.1186845727761	0.236347522322883	0.169112976727509	0.124252485234486	0.0323354506750603	0.0974820765156283	0.115031413083243	0.213815769340129	0.434827611684432	0.281452112779865	0.0760126302174683	0.211048463471616	0.0834252794225376	0.317633098045063	0.188310414969451	0.18580827068896	0.364556367469446	0.115290943164276	0.183879743623562	0.699397137945715	0.0593676016627802
0.299108821060986	0.0925146033080515	0.104822849027506	0.124540144695221	0.102881923558529	0.113132066126042	0.240702000352192	0.157512823313306	0.403302651376124	0.0754080822706107	0	0.0193492555455057	0.115615447873806	0.0882192219537602	0.0479393706575846	0.0261866924117391	0.138874900500569	0.0984162177384121	0.103960827928034	0.0981559058817341	0.132731088166379	0.0950671066143767	0.377023092968524	0.0991383563387487	0.107878174305853	0.501192358681582	0.0887407697489541	1.03598250276272	0.309387657515475	0.238473783143371	0.12881269167954	0.353326143293045	0.0634966495404111	0.111636882879919	0.95853822134019	0.38027432708839	0.6085710421159	0.422012893270187	0.319018875258987	0.279776750145002	0.360524338671683	0.108255541841208	0.297472815815851	0.403401730276669	0.156195127109826	0.32393867808141	0.214486109478424	0.3646687357127	0.467255229849764	0.344063810977123	0.409343521706588	0.319351469218496	0.0620698827737516	0.0904494236394007	0.35738103852083	0.150699963237212	0.164140935494406	0.103908274152582	0.131361878097324	0.183062323475639	0.129417650707886	0.0847363063656555	0.236947043046095	0.136725495646544	1.1557601161833	0.090912094151359	0.0555613526099633	0.0262029081528051	0.0819283198689134	0.0916775106768912	0.0422584230348817	0.0405987142138545	0.162344713888993	0.121387838995237	0.103565756946823	0.150559673718968	0.198316789946704	0.0955107843756563	0.137692804106943	0.198761430703725	0.48303262064842	0.118710895560823	0.131975649528444	0.111728740291249	0.0814364283336634	0.671578387923917	0.434011187544829	0.280237682795636	0.273534088181155	0.234621635039062	0.278462644589739	0.133456881862353	1.23471095765329	0.399332096426993	0.345217876467899	0.278632676627735	0.170266422623108	0.204745114116055	0.106687244110944	0.20418748701012	0.669047901002443	0.467704935026033	0.228891465070387	0.376638536556899	0.248766045752698	0.51856182623806	0.28028108643023	0.384091745785746	0.601512053897553	0.0746123750670185	0.216608550823792	0.752126096378819	0.167086964574175
0.283981788842155	0.0975764426030766	0.0982309150185965	0.144681083924636	0.117782722433047	0.0851910554251374	0.274786281213713	0.175565999508808	0.449549592995713	0.0926841099818934	0.0193492555455057	0	0.07291661518015	0.137400420559352	0.0228021345198621	0.0394935883324179	0.0925434369748753	0.0859418123902549	0.102220519369438	0.0998212137764793	0.123937787549992	0.0836842674265019	0.368006293667968	0.0723507825945351	0.127557351202345	0.425964285710997	0.07201450945843	1.17083117118569	0.302379465566771	0.185164359087231	0.0927432188208817	0.377296456305858	0.0616972600066588	0.115005333533732	0.931733742938623	0.429835290016549	0.613847457845144	0.351602789054924	0.345475854928786	0.298635639414879	0.342726959862188	0.0814072139162593	0.248105366805374	0.455101154930855	0.191281440704815	0.339413567249936	0.254654777238121	0.378082600116541	0.496859242972518	0.361052093639939	0.425913025572889	0.36961222842399	0.0428297935720798	0.111510114027346	0.421928161722075	0.132035140528848	0.158060926808423	0.0921109035584624	0.119296446956567	0.198476047123537	0.131142174776139	0.0694637389679027	0.258894203399461	0.15187256632747	1.29578856928226	0.0969946512090373	0.0472522966888651	0.0369745190502735	0.0484998585902767	0.0657322633703887	0.0260829292920443	0.0480704862214206	0.17368723775741	0.124473931164979	0.0915659830117914	0.130126636224783	0.234682866982613	0.112627657569534	0.129968287350717	0.24781442528181	0.458186581524743	0.097903712327677	0.137381140377946	0.123220919252781	0.0745319322291645	0.686596651956138	0.525032063260134	0.293232989697448	0.313268162398161	0.160802018842171	0.282191824118879	0.14077034044042	1.19977130719262	0.387038499354212	0.333761211186068	0.265404869065947	0.180043290044817	0.217040341022041	0.0906339112136579	0.156031345692594	0.682078801257098	0.493251823374962	0.253045466589326	0.404149853019153	0.303938045942511	0.50771251316745	0.265582004353433	0.394667308333727	0.639776423524121	0.108349667496566	0.238209331633114	0.787671561418539	0.162528951412778
0.424456038096962	0.152292588405951	0.152419731217703	0.151192918311327	0.120450745794451	0.2138391569711	0.484305021920859	0.368262831024852	0.68399196122912	0.229725838056162	0.115615447873806	0.07291661518015	0	0.252870498092521	0.0462530910811927	0.119361698716196	0.182764612624407	0.209802208725939	0.200516059470075	0.253269254117265	0.274152736293691	0.159755084753737	0.526909685376085	0.17389583677843	0.205707849818274	0.24708251328332	0.166529957327485	1.22705366314471	0.467024813503263	0.103325750023852	0.0461493683975014	0.343824225557219	0.201018268162712	0.152728743047738	1.14158045509603	0.669864542998727	0.715555535667455	0.460073445401414	0.530221677839009	0.385766871929062	0.400525509738215	0.0493372557238954	0.154942216780481	0.681466782891662	0.324965117069378	0.524363776724261	0.446589378123373	0.587373831872855	0.760878835997493	0.597138936190822	0.59769049808764	0.625061334716073	0.0615217990359657	0.202813962906258	0.495903851001206	0.311562286391403	0.240225528019437	0.151968813359556	0.190970550324274	0.214254020545894	0.134383955641429	0.18467865466504	0.453396850312571	0.320436473100618	1.34554426298453	0.163336061850595	0.0792172413980743	0.144680400460281	0.0177730411590389	0.197677200243437	0.102759956512753	0.135938313742672	0.2397678933111	0.288314089118708	0.201582538457416	0.234528681046358	0.451507816358589	0.209649850217799	0.25902433867791	0.429446706817748	0.73639697556863	0.238103906831448	0.251337721852221	0.283630189507658	0.209611278443475	0.554596670488914	0.721914966641164	0.493865291058544	0.421992110980199	0.113815900841715	0.38947592227661	0.273814883023624	1.23923804830432	0.510602486281099	0.474602478051963	0.448734384069474	0.348686476564148	0.442878010430082	0.124636178802923	0.113943464940629	0.947522164787113	0.710466250961787	0.465180218997896	0.627179758668838	0.535183552981585	0.708684300981826	0.428411302513487	0.632638519150296	0.90910093016869	0.205725978635461	0.329874295541996	0.875128497055895	0.345649755552741
0.246262677652581	0.0931940214138074	0.0943012804286072	0.0944113950802725	0.0802020410128788	0.260193004104055	0.372229833765349	0.311306961742799	0.411116988385314	0.13925872975414	0.0882192219537602	0.137400420559352	0.252870498092521	0	0.170783750794688	0.117805865227823	0.29836046857908	0.207422731188973	0.289960099649269	0.213572325033953	0.224156623295019	0.263311565095335	0.329002494779559	0.185638657844055	0.229624480105425	0.821478037455568	0.154086393677202	0.707329434659177	0.259175604712589	0.261340320071476	0.252441564732178	0.201874532112538	0.108718658455542	0.319995010314088	0.958548388903659	0.434365620637561	0.481895837478327	0.394933822076967	0.22673007494487	0.239178728308854	0.307756224510081	0.184093803006899	0.443532848646932	0.239767745436134	0.1168782744919	0.223588599145895	0.164210275258183	0.260951653928538	0.330257335628468	0.298463238045715	0.386892053385997	0.244167201719362	0.115917441833007	0.103940592063267	0.140501595149798	0.201909485549586	0.137856824394544	0.114408477712005	0.12693799695837	0.103854356954001	0.0970673885764526	0.219908320597591	0.386719294623726	0.281721641964054	1.1578468668751	0.12908299360986	0.0915407230426977	0.0564239358254497	0.17249145356215	0.174391673634605	0.117831375809257	0.136753584584502	0.327080359087416	0.187245163372946	0.269955150708624	0.376891471394564	0.247541807848763	0.214944010632648	0.333065436595141	0.0846597117680539	0.458780670522529	0.203834622767712	0.319041972461854	0.252656097767788	0.227996339735596	0.638547757830839	0.22392697290906	0.224117620608088	0.1568695659912	0.398411692723966	0.174289814253844	0.110047564689289	0.995128962922563	0.376569549564054	0.308418613056938	0.276615045723858	0.192926390286835	0.206734789608999	0.117130844507907	0.434884931116603	0.57856651570641	0.333241928260277	0.201803956204651	0.284412601359179	0.226071852575916	0.424351436976598	0.199894178680216	0.336000987905062	0.464900725508707	0.0172184772408568	0.103696917949119	0.47181817855467	0.197361055243717
0.319402965658055	0.0994040847228139	0.106991067422382	0.116479672456478	0.0994660349574454	0.0890080868925773	0.273396388739612	0.187933563442732	0.48687147766493	0.102199663655372	0.0479393706575846	0.0228021345198621	0.0462530910811927	0.170783750794688	0	0.0309629000082594	0.0763908661089507	0.0669365971982268	0.0791616993721591	0.096245617396586	0.110404879162772	0.0496412319467555	0.379766286586544	0.0571729773999676	0.0860456443173461	0.371602426828052	0.0670084779411113	1.17084819436256	0.334643726842136	0.169544532857072	0.0566642573612068	0.340916595583511	0.0746846395351557	0.0833654720608809	0.995366121343751	0.488298915399171	0.622504229309911	0.363590462442283	0.365375703745851	0.294935394274757	0.352168665365475	0.0616441018981245	0.184398017377272	0.512177718432217	0.19942738316152	0.395873350871146	0.295630450241654	0.429713071244108	0.561675948629974	0.393343991537407	0.456504029385714	0.418173593058779	0.0522403655638125	0.149336848588823	0.474089999854463	0.152784545222058	0.16387911375479	0.103414855371082	0.131671779328203	0.186611403338607	0.122128724631116	0.0571160864582316	0.250840819044367	0.148912650344228	1.27476508113255	0.0782995318562952	0.0469193837767988	0.0738077516798374	0.0292994549696826	0.0893509667467034	0.0210975377721787	0.0390444856049141	0.119303618248813	0.119005687005362	0.068054685817335	0.115278566474333	0.24528858631872	0.0756639959259777	0.119935716864068	0.282998126611059	0.512936438391593	0.0970012430882529	0.117140928126375	0.116683642631117	0.0907027726293947	0.578292663156628	0.623033473282854	0.359764881649735	0.317633308235537	0.129538615973571	0.332556040023971	0.151659544673255	1.24308312542392	0.444135156572615	0.365882659294152	0.292259400905982	0.196681179086333	0.269299719945531	0.1069299860185	0.109791981237227	0.777493089095802	0.566165774282315	0.284439822244934	0.475449720614789	0.340406578610135	0.571308564343826	0.336007782020806	0.434808375151623	0.706840724682471	0.138916881590096	0.290497696002594	0.869682552354196	0.178112483027512
0.308624669582795	0.0874470960042746	0.10827816532	0.100529170472296	0.0886150585448475	0.0954117368833762	0.197600146713953	0.136589851936648	0.408695662077682	0.0629514529436056	0.0261866924117391	0.0394935883324179	0.119361698716196	0.117805865227823	0.0309629000082594	0	0.103479024719294	0.0573160705203828	0.0655397728222714	0.0731543218410979	0.0901616056631465	0.045137615621252	0.346065767961999	0.0714644699442399	0.0475646938779944	0.487960033511924	0.0743024911743915	1.07148279415714	0.299964723744542	0.254231769158136	0.118145729957125	0.335011586256703	0.0559077152646574	0.0729577969038753	0.974947526985273	0.387955037455285	0.586235576771884	0.40002309170984	0.289958282504854	0.24981974168244	0.357644706024461	0.106592279253079	0.253104188514576	0.413287607258176	0.137849160278791	0.342886235623514	0.213694831151768	0.376363052633983	0.477609769887637	0.322709625451372	0.392864147706602	0.319850982227197	0.0981815790735766	0.113781357694557	0.420684048200251	0.141556908868142	0.155428065551329	0.110050800795329	0.137560104963276	0.174281103611329	0.124537376030011	0.049503494728066	0.187072879266368	0.104234541787418	1.11538902927049	0.0732287311805147	0.0584657674284994	0.0478903389497622	0.0834389032422688	0.0907426554766009	0.0287640773281168	0.00520630441142433	0.0832177824082101	0.0801436207414641	0.053956880057508	0.118888138978157	0.186598330033911	0.0395135342618138	0.104256139527579	0.204207337341727	0.47689518511011	0.0944696799716597	0.0913774252510651	0.0771353556956923	0.0901179315839936	0.563392075304394	0.529843846266361	0.31278381809362	0.268285406387695	0.233859324026802	0.313393077178081	0.129387229253194	1.31199301021863	0.429715515082596	0.355751230935344	0.27350712102331	0.155381874981856	0.222566281953995	0.13499017786879	0.179690894120565	0.697812326520838	0.503405446888892	0.21175467097167	0.409463747271511	0.235329407059828	0.551383323958487	0.327515708827954	0.376411157033893	0.618020911522188	0.100544558375247	0.26422265667235	0.849745968460503	0.154051070208442
0.262870952869793	0.158557513840017	0.155738396445849	0.228182479673818	0.234015179279016	0.0125040357119132	0.177678602922859	0.110651556742608	0.308950818442672	0.0800275386789063	0.138874900500569	0.0925434369748753	0.182764612624407	0.29836046857908	0.0763908661089507	0.103479024719294	0	0.0487432202311776	0.06725469104131	0.0688999584687331	0.0486685495274732	0.0505740338828846	0.227661917184726	0.0333455582804046	0.110036864834468	0.491832957504226	0.047390890465401	1.26830524389943	0.218245411543262	0.265685578525777	0.114984096422162	0.481711522842094	0.0643929929255254	0.146430549299358	0.755252653505539	0.315246608626421	0.477632578297805	0.228559507656282	0.263096114900412	0.244600718086221	0.276990666023524	0.13860116960605	0.183276090891217	0.43235545752016	0.180380522197727	0.301879619740207	0.23301217660437	0.310421757179401	0.410058099482483	0.227781511816157	0.283492869904141	0.29152080728558	0.167543833675164	0.181298540915506	0.614513764221614	0.0632015972647524	0.167727188427353	0.13520766865541	0.134863648285569	0.281099642301901	0.225967133776895	0.0249869863309419	0.162089593755206	0.0928166693103961	1.24025110023442	0.093116579547877	0.134971219178989	0.143870862488291	0.137793510580425	0.0752300523277035	0.0544641974692703	0.0974311141571171	0.139039892745721	0.0602557163049208	0.0422844512357405	0.0994211367784036	0.194739698315175	0.0815943372292914	0.0735121371814194	0.27462913526057	0.310740334941995	0.0277193029048375	0.101641209814635	0.0719390342258173	0.0629363422792526	0.64945964547853	0.698283449270562	0.25031960658579	0.308580065970738	0.112874610943932	0.336952510742997	0.124916715274775	1.15973923873159	0.312252524544723	0.225101704544945	0.141797761660829	0.103326317621403	0.156038233761283	0.1576382254167	0.103236502925318	0.56243632963825	0.424637638632778	0.17130833050376	0.339572647630402	0.235667421191813	0.385110505620744	0.281151682552898	0.248962993149465	0.50414820006626	0.24542767055036	0.33997368696972	0.922488623444611	0.0852443612318479
0.247285975231601	0.143799599295828	0.165267790114021	0.193109036016749	0.195542000826425	0.0389007500734379	0.124730930831807	0.079479927676161	0.315521214255846	0.0586151564796975	0.0984162177384121	0.0859418123902549	0.209802208725939	0.207422731188973	0.0669365971982268	0.0573160705203828	0.0487432202311776	0	0.046174632428485	0.0126620458861835	0.0139532341892944	0.0247340607130379	0.269952318239025	0.0195260625917267	0.0558691222545233	0.569297509125587	0.0521030451804771	1.12129701112879	0.251850838666778	0.343867486404627	0.180833836227387	0.412938926418079	0.0497372242249541	0.111973590390957	0.77125030562975	0.345840814659331	0.540182369651945	0.317178154163189	0.259692221082986	0.259855430694858	0.364928423353178	0.182568333636803	0.299005898317875	0.381205427186904	0.156481175860394	0.3228426196335	0.210497416655993	0.312919466573233	0.38658095673682	0.234428425277463	0.355449743443377	0.263889275078623	0.164731444640779	0.198175552531949	0.536370733317938	0.0670767879092018	0.16224564357055	0.146738524382173	0.165150734084044	0.255782788542397	0.223072755252784	0.0182445042012302	0.112803444803141	0.0530752859623649	1.18228522472956	0.080498805977713	0.123388062259572	0.117371078462749	0.157507189314177	0.0565651406752986	0.0476241257957184	0.0549773417736444	0.0930483977479508	0.0256452756540024	0.0225578679795007	0.0738603323322558	0.0928324040144255	0.0342881558737615	0.0659067177162741	0.233025652381132	0.317801350413082	0.0313427368604675	0.0628818795469188	0.0308866279737636	0.069808964799926	0.659138179713652	0.580888878692472	0.285762698950798	0.285627705440057	0.240609081243224	0.354285675808091	0.129491363112068	1.20011809713344	0.425090119920725	0.309562498563048	0.199135126631077	0.110632928680015	0.15972361023516	0.196111937694096	0.191729488130505	0.587587095405235	0.460835010969123	0.166568201884123	0.376744153490751	0.199899685580847	0.465153511724154	0.30611897606364	0.279642715931642	0.511950932830362	0.187267055161529	0.339424705818812	0.880487850004003	0.0880980842203996
0.423409812666238	0.218707330064628	0.249499477789564	0.255641134469059	0.258038845740047	0.0565009481477773	0.0843994905229168	0.0436779114419177	0.359279499257438	0.100173788955705	0.103960827928034	0.102220519369438	0.200516059470075	0.289960099649269	0.0791616993721591	0.0655397728222714	0.06725469104131	0.046174632428485	0	0.0382506991461805	0.0728449119553873	0.0168726899803526	0.401053720561466	0.0840026884452438	0.0490567943742093	0.426193510956919	0.107973481747651	1.21148285138929	0.389326772187058	0.40121960290648	0.164779501523285	0.566789732220612	0.097693728487015	0.039058050389461	0.936418838987586	0.338744058763265	0.689875143266696	0.461261550831222	0.386486189501002	0.357325161978958	0.476982837552372	0.209761693095905	0.266422735402071	0.545123970968033	0.24488889137257	0.464840780465863	0.31228281851515	0.461119643926132	0.552257576276218	0.34344553640273	0.427344300120186	0.355635592345749	0.206198529829267	0.241480301257321	0.679782648928174	0.14661716796609	0.286873720708017	0.234740002702676	0.253060323673446	0.362060012867049	0.297411189096019	0.0263725288862627	0.0698070788257501	0.0255066159100473	1.0516281716011	0.138944982811801	0.177061812674615	0.166215109754315	0.181132512365082	0.144573168040685	0.0890951140114382	0.0695273777460396	0.0415754724418598	0.0796961663935409	0.0121039387141947	0.0216753726361563	0.129866028566996	0.0280192232325109	0.0126070014753616	0.327720157166969	0.44938862589325	0.0881132110526834	0.00918878336855189	0.022864792881208	0.0445051923112056	0.683211944399621	0.713199827036439	0.388873235557467	0.382434065527435	0.217418887977941	0.498964178130837	0.199272822554764	1.39491147740947	0.514615047181641	0.409192435255265	0.285129483391493	0.183191266241595	0.230933386157113	0.263854559444111	0.119482431814934	0.738698892650778	0.596166695501858	0.256557506876696	0.485483467986987	0.267828901922726	0.592611498507076	0.465053399832596	0.381576137592561	0.646022961147268	0.264475540749347	0.465197202452821	1.08346888314618	0.152312172038548
