0	0.189683381811403	0.195050266427977	0.281375920523032	0.292927450678727	0.272715346347355	0.450772009767185	0.356421980539665	0.258613099667313	0.209465292386913	0.182697050591708	0.186519531637676	0.303327245476954	0.200392873361567	0.329549533861977	0.383313981960236	0.298069525429072	0.333195255926178	0.401810180920053	0.235887445281475	0.291611452746998	0.321645549942478	0.148127572779533	0.256348687731287	0.352923334825557	0.803281291842318	0.180790035157284	0.821841667003983	0.0717420478863759	0.151562622588367	0.304106768709766	0.404865065519246	0.240888451160051	0.448606290517995	0.623113944951677	0.212466996653283	0.100933891959294	0.499632299239343	0.156126726373344	0.109400686121639	0.126926259979159	0.185892597703774	0.337991353904433	0.0584808864490985	0.124957886795778	0.0602277353782659	0.0956525975891509	0.064733259193391	0.0542226663791705	0.146222433208739	0.191148032728655	0.114855937897775	0.178778382405826	0.146567750657809	0.299291361898589	0.217534892576567	0.13044806683188	0.116734054899434	0.116566364271473	0.242840719638612	0.22957534901596	0.350011344563931	0.490556820459953	0.386862085002005	1.19102061350983	0.196778860151934	0.143131931711721	0.19075153819469	0.278111609018529	0.115041252430979	0.266918636332541	0.437579635906205	0.590701776598545	0.271853999181156	0.432527378534566	0.548427763665938	0.319435155176665	0.354935253379169	0.446668836376555	0.161727459264166	0.421368603488427	0.230435660464102	0.379301393149765	0.33730861840824	0.234037248437447	0.768863310391028	0.240374811226853	0.107048284433024	0.137289977214886	0.252455659012852	0.228139678945828	0.217932867210775	0.835496031286885	0.136253273814957	0.0545201276839469	0.161772300042636	0.102726608522576	0.191992944520382	0.115219480220798	0.34494780774125	0.235558227372308	0.208631833041839	0.132303572110463	0.169641668825944	0.114844574139949	0.161753060760239	0.067429615400149	0.132282370942908	0.123931100378799	0.175633902733146	0.120222773667708	0.45847171100572	0.276438278543394
0.189683381811403	0	0.00478547633147719	0.0250356449231205	0.0217434212305202	0.10857147903736	0.223814332090816	0.192377224807009	0.177163579225765	0.0431891071719986	0.0755418765515123	0.118845514989943	0.0552384753085696	0.0787786823161056	0.0637602079886157	0.0825278129641096	0.169358762923009	0.0964969239645969	0.144866358600675	0.130734452416868	0.0910370083960025	0.104289491836407	0.0863282800690167	0.0788698622182828	0.219296740317424	0.411148695453152	0.07979937615806	0.831717933314626	0.17405100978622	0.143130632728136	0.0871287885291185	0.430318150633516	0.0762400646221261	0.12237908438006	1.12163997915244	0.366016311027186	0.254970379155607	0.310519561859482	0.0994418228871888	0.0912682279537728	0.241057515347308	0.105502267624741	0.189585596272917	0.276491409201892	0.111631081102309	0.252840455901071	0.103428628354506	0.268119554300516	0.228136897548328	0.128617498264304	0.200792621207189	0.221734630595711	0.137681032195886	0.340490758506893	0.500416185038818	0.138644078942522	0.0292207698973006	0.0133046263793842	0.0198202990918941	0.0234776363353635	0.0161336621769022	0.112775887234468	0.238311873358007	0.165530030941784	1.00555072215362	0.0386973126239489	0.0416560868149659	0.0658301610292877	0.0538033664972382	0.176540181726429	0.0505688440757579	0.114947839650256	0.19272964003417	0.095663097096003	0.155251704389874	0.199557911323149	0.130525348303172	0.12382894250105	0.204720813420624	0.0783775979182415	0.263770545378564	0.156826573612866	0.166744582366103	0.245123151916844	0.290971411757853	0.98198047241724	0.293914851294357	0.380080743242386	0.0824929907013576	0.178225338630383	0.42418663881867	0.0985227402532581	1.39337483525073	0.438150293832985	0.232421190815524	0.180146587173399	0.11090408215852	0.404145628023435	0.205178469537765	0.23224827565202	0.659619548397879	0.615398004971649	0.175350309370091	0.514792133995443	0.193601255558522	0.510247826432407	0.278828208591456	0.151990726880933	0.420886221802237	0.135444217935576	0.275631375069376	0.743825166618218	0.126639650884203
0.195050266427977	0.00478547633147719	0	0.0185374793329894	0.0181179021451288	0.109909925902528	0.228543221171217	0.195235036039173	0.210507164598893	0.047016129926706	0.0654758487844904	0.104888838970685	0.0371717831800469	0.0747818671711833	0.0506962019823964	0.06719802540528	0.15919145660073	0.0920181671991009	0.141064251833452	0.128683680590836	0.091503326187707	0.0956180428924203	0.0928523225799923	0.0707418649867991	0.192092954595744	0.392203462481842	0.0726349565928437	0.85875284831635	0.162764877448329	0.124788652488602	0.0740081133231618	0.39194909076695	0.0717515604523415	0.11796508807504	1.09558215507052	0.383694904716612	0.254494937478222	0.28757551880963	0.0892073881186679	0.0825433254641663	0.225833305992455	0.0855095027052896	0.173297407218741	0.276676343948892	0.0983509154126891	0.248335747858836	0.101654544480813	0.27243919395192	0.236599639426162	0.129312601610422	0.20114450634605	0.220794368065294	0.116664152201525	0.321198019493	0.498362266414119	0.137671139542624	0.0232299691931248	0.0139631344022515	0.0186932384709033	0.0230736097807636	0.0106764474684498	0.105559098367589	0.240102285374745	0.165130313340951	1.04761856389818	0.0337638761262147	0.0327558772939495	0.054251277481105	0.0358799843666933	0.165378267337055	0.0393868403674464	0.0977865891215777	0.186446191491781	0.0901473431706394	0.146552542440467	0.202292324047198	0.145539689293332	0.109156386767895	0.199011742889059	0.0739160733439047	0.268470263329395	0.14664764246697	0.166609542292637	0.233816386444194	0.286236802386948	0.91259104620674	0.321082462808895	0.37726583218628	0.0934319500409113	0.164281474290623	0.397918493505764	0.086789881371492	1.38621191132576	0.432088319663263	0.235637132419691	0.174976758983783	0.113798842254954	0.395289873890666	0.186561510357723	0.211654433553136	0.679639607840436	0.617295046210651	0.168931564502982	0.512252829681438	0.194735215856763	0.516928699585386	0.276010121341615	0.160170197162018	0.435014248686992	0.120511936503569	0.263971534192859	0.772453690923955	0.126178428702154
0.281375920523032	0.0250356449231205	0.0185374793329894	0	0.0077383125228262	0.159996435458862	0.268429158287888	0.252267317343029	0.273864416439404	0.0801454064932171	0.109508725208675	0.156264197497337	0.0253416741527516	0.0827498017165165	0.0484487872694525	0.0649026775899841	0.207683606007513	0.10720167136056	0.160963535620418	0.171914024226372	0.120190145971581	0.122315771351225	0.144239494905295	0.0950781927382542	0.202416546582381	0.359123437638606	0.10663587872816	0.797230886127978	0.241202002036673	0.134764274761243	0.0695485216679317	0.340259054463243	0.101560729410096	0.119166815814684	1.21146256312452	0.517101918644072	0.32175092697113	0.271552856872268	0.132758916047266	0.12921646370118	0.279144545000522	0.0966842495014562	0.16912914021517	0.361030091341356	0.137030374751399	0.336290706139596	0.17275013812029	0.368676092876868	0.336679926638113	0.203828210785101	0.273934276274461	0.307839331095835	0.129529930704153	0.394177749064486	0.519052449732628	0.193328180411679	0.0456267852357961	0.0499586084256752	0.0607269584465531	0.0127207606628343	0.0115142438670582	0.128175031567836	0.273500286482328	0.202001946797628	1.0262195226793	0.0451140670631598	0.0616581605319664	0.0858259417980787	0.0235157559334238	0.230535148214514	0.050402397418486	0.0928494666331348	0.168098428754516	0.119441982197422	0.165086995338769	0.212407054845082	0.167354009490893	0.11972131873755	0.228778815886654	0.0971925372977542	0.304978989411541	0.196760908584589	0.20066430331129	0.277427192027347	0.357820147432992	0.902356753789576	0.354299954033234	0.490739047506009	0.120791483304141	0.193763851692507	0.42891107694824	0.107740868733619	1.43821872887281	0.546784183132207	0.331432889110158	0.240834622184489	0.184166933937987	0.489943424396922	0.225639927721085	0.240194320402706	0.831834261471308	0.732810429815921	0.235485407452308	0.623909639011298	0.282764845840351	0.635075480795871	0.363194890733977	0.242066130813383	0.553609409046641	0.142107435641187	0.311178654547697	0.800665881423119	0.163854770853586
0.292927450678727	0.0217434212305202	0.0181179021451288	0.0077383125228262	0	0.172113168800235	0.276342256471189	0.259967675982126	0.277528761445863	0.0935746635874996	0.112236156682037	0.164936582121949	0.0455657106201589	0.0872815526884967	0.0658561863092164	0.0760666784181157	0.231910947856105	0.124516080236602	0.178798973399545	0.19536069295533	0.133789853797498	0.136210897918934	0.163811162739577	0.113125367519818	0.249970525400055	0.391762556214841	0.134774665998355	0.789619474934926	0.264506499199238	0.165548445399873	0.104912862711963	0.393076612887101	0.116256975273024	0.131118649219004	1.24975687898085	0.506602130890705	0.349217502446762	0.331094703968325	0.156359738715231	0.151274299247938	0.318620357000548	0.134371068189158	0.215703041932803	0.371199489304794	0.164256552328318	0.353717304254107	0.17825944413398	0.383885755531869	0.341497642740043	0.21631082989491	0.29916577361645	0.327475266796669	0.153669331461606	0.41897175573687	0.517342476402241	0.209637737657071	0.0658446319041914	0.0543958976005419	0.065024454423493	0.0142385659683033	0.00912952966987879	0.145839199708689	0.281914793403124	0.212626468886074	1.01642566936708	0.0686674283907438	0.0711056973026617	0.0938038842295945	0.0455538952539326	0.263514456663565	0.0676682162657083	0.102631674459205	0.176568087790042	0.141251601401277	0.176239313432711	0.21416336458514	0.181562602866443	0.144303470152907	0.244832769354305	0.112118788632008	0.335812887963829	0.223506325827359	0.217841902304553	0.310887636833573	0.387785898318668	0.966219562622732	0.335985743283038	0.502953318215694	0.123439459338044	0.240102904404122	0.46408337599375	0.135851388654643	1.47154164113044	0.565275315598799	0.349900181212545	0.273015247132133	0.201747198138941	0.521548479257292	0.262184918121795	0.283936494759775	0.82647282458508	0.744456889377465	0.262889719916905	0.644085667716383	0.295797766651963	0.655710925340322	0.37634505817191	0.255701439271416	0.571841977474982	0.151345423982625	0.326478371405025	0.791259765353487	0.182832849889873
0.272715346347355	0.10857147903736	0.109909925902528	0.159996435458862	0.172113168800235	0	0.038159189157042	0.0213675491856815	0.106992012417292	0.0274601009032955	0.0989937727172034	0.109294405113985	0.130784772699453	0.225159489750362	0.0652697746391313	0.0814761341757069	0.025920020042541	0.0273720551173553	0.022213387034243	0.0298583564071774	0.0192550558524379	0.017910483074185	0.0662775644629989	0.0296393151319267	0.106970172623307	0.280008137745666	0.0483686856188752	1.15717799314638	0.152032359610042	0.283926018625833	0.0842591852440346	0.667530401601593	0.0366581464687616	0.0607494900520685	0.965388581272372	0.22290720652912	0.321655399780386	0.247740723330552	0.0906829078459506	0.149328507502036	0.282950854040048	0.168517218811735	0.178215320839128	0.355542962845134	0.144233871560419	0.285584148189146	0.118677637450236	0.253695047043225	0.220242064824295	0.0416062169808452	0.132054984154509	0.139285358612954	0.246870163036984	0.395902069817833	0.809468676885391	0.0325098957491632	0.122585788380206	0.108908238109694	0.0870169091579889	0.205216713339856	0.168071888359479	0.0158088842099493	0.0484279194693301	0.0179873262100407	0.964929750497061	0.0741531532139503	0.123868877061798	0.129262628989597	0.145160462628206	0.139854098420933	0.0559179277142625	0.0937312778447736	0.110294466759222	0.0145211225794768	0.0369764466453193	0.0748362267540038	0.0702986168179328	0.0372044204721049	0.0350623325153454	0.154837253935247	0.068941511930443	0.0425639016592698	0.0193298585355344	0.0675175351896777	0.140726745336561	0.934803222574246	0.567617170039982	0.346354999266789	0.228332947133426	0.0775249273460528	0.588037792381395	0.0749171677569231	1.40041804722804	0.421728261766952	0.207127587092182	0.0718134190833066	0.0670185920724662	0.282409663536576	0.285787090388055	0.0980394344453632	0.624320816207659	0.610126302846468	0.124531877534261	0.475435325472879	0.128742614156323	0.431149151258742	0.339589839136099	0.0587935307621476	0.336444075645211	0.281008165103847	0.463958431028206	1.06750495954798	0.0227104862277206
0.450772009767185	0.223814332090816	0.228543221171217	0.268429158287888	0.276342256471189	0.038159189157042	0	0.0116829473635971	0.137852435256312	0.100734244897539	0.187294885503442	0.196984942081685	0.236106706101983	0.351694164575776	0.127145959516019	0.130315167245567	0.0634436035546617	0.0581183499786806	0.0255844149365809	0.0713400376600094	0.0542769552915197	0.0447612232150297	0.176620973723431	0.0828671081449059	0.152510464738709	0.257532880965117	0.139553984924718	1.24931228142866	0.288929466188938	0.470647541164942	0.175614012324459	0.866244980248873	0.096311592305848	0.0792293001394333	1.03209623064873	0.281352990088303	0.517869779027763	0.337427315229844	0.202591330061238	0.311127945658016	0.460065206629549	0.317311587767617	0.290896676743005	0.524357642033108	0.27307824607646	0.447940370141612	0.2352247579129	0.386485024518213	0.340116097373702	0.111503245822874	0.247466488828042	0.22898720753572	0.385911985812071	0.567008233949249	1.01648301661444	0.0746526778929077	0.267454146058906	0.244478343495328	0.214070238267647	0.341071690380226	0.298155471207819	0.0436137044795752	0.00272568258591066	0.00887950021210082	0.872082643244023	0.174147974704472	0.256703144419343	0.244837239034951	0.259619447710934	0.263575664613564	0.133999348591207	0.126741316160319	0.0880875550165454	0.0629373592360124	0.0329933715347374	0.0387528928778581	0.0901337667907308	0.0678183912812849	0.0139228490124073	0.275939555364837	0.0513039603481404	0.094891522870433	0.0196759004796092	0.0798253474532735	0.183973699148499	1.0178664132849	0.737407285438384	0.482978165263205	0.382801559512314	0.161067525083266	0.785875936741029	0.157615361299685	1.48037453240599	0.590047407745806	0.351060695293904	0.152667152042342	0.17085401022737	0.367631180926296	0.460975797799218	0.163242199300573	0.760676956364975	0.750970858340117	0.230276722995709	0.610731022340843	0.220749734031335	0.550093309765719	0.50447405149807	0.133325202397394	0.44769346703708	0.435213493972587	0.670925690141582	1.26285984613419	0.0537485975462081
0.356421980539665	0.192377224807009	0.195235036039173	0.252267317343029	0.259967675982126	0.0213675491856815	0.0116829473635971	0	0.12670782178268	0.0768440367744201	0.130798773318959	0.130908579856852	0.211950655138967	0.289166348406354	0.115982536128556	0.12237380962902	0.0386745022989012	0.0545116962223586	0.029766143333279	0.0398787531344417	0.046026349898989	0.038711707831645	0.138515027775446	0.0620784161088742	0.128791080801284	0.300124914012631	0.099669653490394	1.25088142710234	0.20661461085514	0.394526196814695	0.159909108182975	0.800905801479795	0.0621066177082211	0.0930231013422307	0.949527830581591	0.216465628690735	0.443321491906579	0.322914397134152	0.148431230584564	0.253580983398492	0.381313703251924	0.260751145029563	0.27316870357533	0.413960429043858	0.20737585297486	0.343013112346209	0.169083406720631	0.288785479748144	0.247926978416197	0.0633044346418397	0.19610420037939	0.15185880081637	0.315632693750957	0.4517295321032	0.909074828118285	0.0368493732471087	0.221303407482122	0.193807966393406	0.164179912901367	0.316883973534533	0.266133730612051	0.0384737664228817	0.0195933458222488	0.00799456058625259	0.954067812473404	0.14932572927102	0.197593069744359	0.183903428431069	0.231560445484084	0.182031431964992	0.10813431197273	0.126283191610593	0.128462627097808	0.0432800748221411	0.0416519903763302	0.071584479199994	0.0854917775748472	0.0639473309770171	0.0182517106483676	0.214461080356957	0.0457121611001912	0.0531604500085402	0.0149972138478482	0.0514155397225984	0.118539408247229	0.958254473105252	0.662873578134598	0.368892683963961	0.334656925741774	0.124688630932898	0.676047233339399	0.11527910199209	1.38397745791754	0.476131446303844	0.26217633952331	0.095733876128685	0.110797095924813	0.268876158415601	0.366552276631293	0.139565295541584	0.641388439794075	0.624882685667374	0.156959172989751	0.491402131557493	0.148504243170297	0.439081051929899	0.391696369352268	0.0803805997526479	0.348655325558472	0.354891543603807	0.560333616933663	1.16886284271891	0.0309884106086397
0.258613099667313	0.177163579225765	0.210507164598893	0.273864416439404	0.277528761445863	0.106992012417292	0.137852435256312	0.12670782178268	0	0.102655109819364	0.227642907779552	0.26674536543451	0.31450510423953	0.327346475224757	0.241845973247206	0.268833167240042	0.190838777432083	0.168454810180986	0.168834640208882	0.142997974395198	0.127697845343252	0.158822483817926	0.128149417697053	0.166089792216557	0.325161813333724	0.529038554224658	0.155688124508044	0.888632971423034	0.254062626607721	0.437816290201862	0.250563980495575	0.805092016796833	0.176416397171232	0.221084762099553	0.95097797247596	0.199157663712604	0.325389645442525	0.484318447830604	0.2115329894589	0.237245174980502	0.347414576582484	0.328259238087159	0.337714844228884	0.355546504303379	0.242002440701717	0.326919410294167	0.168847169843921	0.267788143661432	0.208951807981223	0.111192604540447	0.194090026894935	0.196512361111957	0.376436488799579	0.491338582634945	0.753309788475894	0.141663389857917	0.207691802199466	0.179291705005933	0.168059088973191	0.275119183561218	0.279262115442534	0.173079047348437	0.167657064950171	0.139071808612854	0.717968238564337	0.15507969284532	0.258299293287527	0.27354839200436	0.309578096984159	0.270722249486394	0.218892128625249	0.299439366383326	0.271022764922265	0.158654867544692	0.206442912826452	0.201539276484376	0.101111325121267	0.20883084538748	0.189597230908751	0.250180055609874	0.178329713150706	0.189380868858649	0.151922601137921	0.231137714990067	0.248574775555857	1.18637355571503	0.40782781948098	0.376077255547002	0.232597334248537	0.24605870562686	0.654927554448652	0.221946536812364	1.30806217343689	0.446370692099275	0.231285694472349	0.173501222214421	0.132409742273777	0.365539562949813	0.400239622033321	0.290222429992643	0.515341707565403	0.566797030334917	0.211299496215572	0.480432662580349	0.168361055812611	0.415790892574335	0.363366695031023	0.0948372216429796	0.295467484981524	0.392623791589253	0.499216950423396	0.85119624009171	0.143914906493337
0.209465292386913	0.0431891071719986	0.047016129926706	0.0801454064932171	0.0935746635874996	0.0274601009032955	0.100734244897539	0.0768440367744201	0.102655109819364	0	0.0609447972473156	0.0886282395984829	0.0763142939327086	0.135721581174409	0.0453602486297051	0.0611386991413434	0.0650090542137844	0.0417747766597223	0.0529601084403249	0.0477454577985756	0.0360295262954656	0.0360423590288432	0.0426101098088725	0.0349995770056962	0.114891253964263	0.310372122635137	0.0289027189869657	1.00177979733536	0.125055171976224	0.193232433924045	0.0526114159541373	0.525271468447839	0.0293377250229676	0.0635254881437095	1.01054109634628	0.256685708970996	0.254594388226726	0.244539098362228	0.0566708222235404	0.0883902914271826	0.21541562657176	0.100868498423328	0.140651786920267	0.283543088972043	0.0838645576229073	0.230225952395707	0.0742326511053937	0.225605727415673	0.194552401012119	0.0520315506043908	0.115983212493995	0.136953204817224	0.170316743813335	0.323860730812608	0.649120164086753	0.054680513311045	0.0521456715043878	0.0432267523706571	0.0357116189530766	0.107038302481892	0.0851147885157136	0.036586395519409	0.116862855123562	0.0636507932319483	0.918375987134672	0.0260439159078157	0.0643840290276709	0.0710790239018866	0.0791896468331403	0.118944261874755	0.0309551727192843	0.0819251872606794	0.12812195974857	0.0245198214320976	0.0724859212955604	0.120633263659538	0.0799551074465976	0.0453719351261568	0.0878833450711789	0.0829772498709476	0.126048999667426	0.0681954139531928	0.0589039487580838	0.108956583618815	0.168032469131764	0.9209309309729	0.423072322343519	0.327552714633119	0.144155347094476	0.0870295426709964	0.460280930266866	0.0513087392663427	1.38502457159429	0.386673981281741	0.184135195876952	0.0824380444628492	0.0517053195011651	0.298364582352777	0.207873173288342	0.119258521970509	0.61200200311363	0.577021755448081	0.102377403233447	0.449342407090182	0.11393966776752	0.431463575398272	0.276232641832844	0.0701023319506323	0.336280533666708	0.18621876999139	0.343211152735959	0.913560151890526	0.0436041339497643
0.182697050591708	0.0755418765515123	0.0654758487844904	0.109508725208675	0.112236156682037	0.0989937727172034	0.187294885503442	0.130798773318959	0.227642907779552	0.0609447972473156	0	0.00941172119038414	0.0882967475892487	0.060148791913206	0.0760923621931695	0.0784266253237718	0.111795311470862	0.105990822779462	0.127205061151755	0.0743916848360195	0.102156844553449	0.0888385755314681	0.136063096949156	0.0670136186405734	0.124855393509484	0.425045149053311	0.0593222908021711	1.01477342644276	0.0969682869694841	0.149256814204716	0.123817433340408	0.440789200020495	0.0339578444532114	0.15047749161882	0.925762592854577	0.288563053239917	0.316676434309742	0.340743003208665	0.0621231745851942	0.13055094841042	0.213751477664719	0.0963099895622369	0.242352476430245	0.190360332862324	0.0577996434240238	0.159561916831226	0.054383215187003	0.17237621452353	0.13988766980986	0.073629204890461	0.191453762172335	0.106299476844014	0.0771940221447727	0.199057369265574	0.486135247134289	0.0655763590208982	0.0777990739344492	0.056083106380753	0.0498730720099687	0.141980672705594	0.0967272813327442	0.100506280277287	0.202553052732109	0.127801475934722	1.11285628568111	0.0816657254142803	0.0339661057341061	0.0175342923804875	0.088242280548349	0.0743625264349423	0.0496778122534818	0.103342847228015	0.237041224416797	0.077809070534105	0.134076517351436	0.224980445672136	0.152860180692067	0.101035098270171	0.14684853887442	0.0476750695552604	0.186305157373593	0.0740988896237982	0.128282138104624	0.121408311066858	0.121765429449311	0.773308589747691	0.365737014576901	0.234728813029265	0.194137622400727	0.143895679874988	0.3269797137509	0.0473475510224084	1.22701722609291	0.330993263870772	0.182870523285239	0.0985666867274957	0.0755218981846828	0.207112907022556	0.131962347376876	0.187660810443151	0.551838818057086	0.451088640529171	0.0754372343886696	0.345280287549511	0.0935177928824122	0.365012595614691	0.172154929581142	0.106391556616543	0.313360825617288	0.085646214822846	0.222532591389296	0.817313509578679	0.0783316634042932
0.186519531637676	0.118845514989943	0.104888838970685	0.156264197497337	0.164936582121949	0.109294405113985	0.196984942081685	0.130908579856852	0.26674536543451	0.0886282395984829	0.00941172119038414	0	0.112545517383029	0.0780814976481148	0.0971500530436944	0.102536252324286	0.100454756848101	0.12344523008768	0.139382462224617	0.0719909956036205	0.121130322887389	0.105662727344724	0.153080119100499	0.0776605411894897	0.109159302696838	0.439388071892078	0.0633773854109028	1.08473247818895	0.0821274574518975	0.14721267018539	0.139348148498415	0.441833131435087	0.0374993673111259	0.180082495043051	0.86827181808671	0.277750621131736	0.323416573215145	0.327756342789694	0.0620195089954594	0.146136900737393	0.206516268811663	0.0991090889920467	0.250186076281302	0.176112102755933	0.0599949049294615	0.140219338419026	0.0650193886631236	0.147287026459546	0.127859035149404	0.0715856994889839	0.191188825177044	0.0834212396519227	0.0794631271441404	0.168458227342534	0.497709629169711	0.0585241839223698	0.106137600075487	0.0865009885472878	0.0740191573081286	0.196664108446633	0.140111724550074	0.111505308893432	0.211546450412252	0.135439319882796	1.19344425226212	0.112137087903726	0.0450089306474226	0.0276176570814194	0.114805806711532	0.0498309975277041	0.0651620799640693	0.125903258608899	0.273179253576097	0.0841893536939791	0.14873297373126	0.254651128440671	0.176696939384005	0.113076849859768	0.149081667210505	0.0573307610575919	0.175755332032613	0.0570632229172559	0.130723660418384	0.0977627404374612	0.0819839190130696	0.70247987327218	0.414035158653764	0.194817997359274	0.231206823593824	0.125026623700787	0.314047572446436	0.0437334965401437	1.15053970567396	0.297525512796234	0.165799556004066	0.0777997229942582	0.073603850858291	0.150332745654721	0.114793934880594	0.170665369792308	0.51525249153368	0.402123621309605	0.0584592252910212	0.296191409749706	0.0837100822654883	0.312489616382802	0.150719766727724	0.101878001900148	0.27701302259759	0.0915976151691593	0.221069157945455	0.840905598885081	0.0767651311614624
0.303327245476954	0.0552384753085696	0.0371717831800469	0.0253416741527516	0.0455657106201589	0.130784772699453	0.236106706101983	0.211950655138967	0.31450510423953	0.0763142939327086	0.0882967475892487	0.112545517383029	0	0.0906620042468322	0.0213856397110737	0.0328238625178178	0.148775985419828	0.081845156627346	0.11846062032991	0.132557264857382	0.103909663526694	0.0935498989481554	0.140955146083878	0.0717091264775718	0.12413707943119	0.267362259202022	0.0791162693454914	0.955417637337766	0.208155061760363	0.113683994825168	0.0336944450853411	0.329104098990063	0.0714349287696597	0.0863732995535567	1.14161240840396	0.510780926609447	0.333243558856642	0.176409477432661	0.106744185156463	0.12316966652954	0.25538331263727	0.0576467770963081	0.122967233350469	0.36735763040493	0.117296402113993	0.31927782605516	0.174292992204206	0.360478327955276	0.342973842042306	0.185585409811992	0.241373630770457	0.277548608274729	0.106459514500681	0.34241591427264	0.574060769095904	0.162913423406733	0.0522721696339083	0.0666470189612735	0.0729982113977427	0.0581266150942972	0.0392159626529558	0.088066313482082	0.234518549038477	0.165380200612593	1.11345827120759	0.0499256565873902	0.0525226397075831	0.0578320948835077	0.00443856554831867	0.169518338488405	0.0214108222024427	0.0556412510646034	0.14608319576574	0.082195247020215	0.126684739039627	0.190004209542096	0.16819739524334	0.0798096357885658	0.173215033624279	0.0893458056282777	0.247750210464225	0.143979453577137	0.153239275511781	0.205732923909082	0.290263861669426	0.802515725552964	0.451941867640897	0.459674768420493	0.167948916332571	0.127941031165938	0.400178128760252	0.0728767807495609	1.42635848962879	0.510956180567109	0.31781722227743	0.192601124368987	0.164866592254968	0.418644583384613	0.185914071560055	0.160631194701021	0.8283346834541	0.718932688678494	0.19052826122864	0.589071113734241	0.262491827478201	0.607420715631546	0.352696118766301	0.2266696030992	0.540123899165558	0.133473339172235	0.312992310838169	0.899768165684371	0.132192312020403
0.200392873361567	0.0787786823161056	0.0747818671711833	0.0827498017165165	0.0872815526884967	0.225159489750362	0.351694164575776	0.289166348406354	0.327346475224757	0.135721581174409	0.060148791913206	0.0780814976481148	0.0906620042468322	0	0.123187817456732	0.137742470042965	0.246830695012854	0.190147977538162	0.250173522650771	0.171823366209054	0.192820112648737	0.201930692951595	0.20009718760918	0.14155852122608	0.234204610624778	0.542788911569425	0.120033504575436	0.791569698626674	0.178489712925193	0.0971951131434078	0.159799200488013	0.293133637172142	0.101449880472959	0.249445299387006	1.07103458886123	0.459298875552487	0.327253765476401	0.36106130061573	0.121304751683555	0.165300874706338	0.237729058584884	0.0974347043023602	0.286322685625526	0.189090513410477	0.0896405381486827	0.197257543221835	0.131529638595763	0.230999621710022	0.200793179842186	0.192235239666248	0.297346121964826	0.205475751456404	0.0466557664110006	0.213557628827949	0.321871309625821	0.181229577317534	0.0830826214823548	0.0652746068784906	0.076871864889793	0.0898698519200345	0.067974330110915	0.211607985949779	0.366414241219174	0.267722910388522	1.19481816966243	0.109011749591233	0.0409098744407901	0.0380436483668639	0.0800819752830018	0.138600448413278	0.0920915518109231	0.181031793947817	0.339078203596198	0.170582898157511	0.266703280649284	0.361463626097701	0.213211283675438	0.201948946194745	0.30088777158333	0.0327409463889399	0.331691788801733	0.18018174508335	0.25988057403203	0.267886465010529	0.24332314998551	0.802361213653286	0.238937384718595	0.303556101347363	0.149094722888934	0.226800387861469	0.263280326048248	0.0951856460404976	1.16604944654745	0.401574417875499	0.246456031763977	0.202876131484318	0.155326237616477	0.299384294270024	0.11145489899721	0.308309190884298	0.628454852459161	0.481191861866322	0.148778293141018	0.405388204398493	0.200254313507606	0.437531703372014	0.187842101122519	0.214671137001683	0.393857622311903	0.0329420175531363	0.15248581584039	0.614401137966171	0.184950664227657
0.329549533861977	0.0637602079886157	0.0506962019823964	0.0484487872694525	0.0658561863092164	0.0652697746391313	0.127145959516019	0.115982536128556	0.241845973247206	0.0453602486297051	0.0760923621931695	0.0971500530436944	0.0213856397110737	0.123187817456732	0	0.00908235326351914	0.0825460965055071	0.0246062858095555	0.0463393066877593	0.0732686250304593	0.0415756983130831	0.0317784728640478	0.12288346908136	0.0259585922584137	0.0851888601662053	0.225680067992803	0.058219639430852	1.04330330239924	0.207423836316202	0.188019823965382	0.0315467786211165	0.459885520295859	0.0337219685711402	0.0400536324664587	1.12383342490259	0.441508104006332	0.380413464150571	0.188029928287364	0.097828906639694	0.15216408527652	0.297088535137745	0.0987690996261544	0.147494747477544	0.400213931086831	0.129929661784784	0.342674083101633	0.163250062088111	0.351857386719911	0.322574757708863	0.131251527806147	0.228482703640744	0.238967549170072	0.148520551785726	0.399105270771339	0.700986336902671	0.0953698508068579	0.076882894947518	0.0829054740166247	0.0769072363069806	0.0982411372947896	0.0724604979694481	0.0299069766434565	0.124516124252064	0.0775507689661912	1.06034630422534	0.0452511618264773	0.0729666427944089	0.0750489564598297	0.0348927966755068	0.165850578637465	0.00710139308538837	0.0233135957526285	0.0794543357309727	0.0325719694151513	0.0488454915035986	0.0987464211930149	0.103642350134237	0.0279424455810111	0.0834622464707969	0.109079959014717	0.146842747000288	0.0865812617217143	0.0742335988028662	0.127744966551126	0.231123110290037	0.848103822210901	0.526087935495043	0.460779979467963	0.20884715797963	0.103485145634784	0.509765698282703	0.0545364565757259	1.46998661544823	0.541848236620044	0.316069585553226	0.150977164160628	0.13924711830817	0.387140856852455	0.242352216139497	0.132588533838417	0.832825326613549	0.73751496932604	0.177382939276925	0.598159909936067	0.228981644869371	0.592204833450486	0.383307796842972	0.174098090513647	0.510510300401875	0.189338407845816	0.405154467234815	1.02348934347435	0.064181365056416
0.383313981960236	0.0825278129641096	0.06719802540528	0.0649026775899841	0.0760666784181157	0.0814761341757069	0.130315167245567	0.12237380962902	0.268833167240042	0.0611386991413434	0.0784266253237718	0.102536252324286	0.0328238625178178	0.137742470042965	0.00908235326351914	0	0.0947392432117873	0.0425623085605029	0.051229128006941	0.100785027211113	0.0645817845221199	0.0434748253068014	0.160024597937713	0.0495899798641471	0.0920732772136212	0.193908043595534	0.0841443731294489	1.08818242873368	0.23755219658452	0.228194516310542	0.0503174925260073	0.49662342394677	0.0464853212755973	0.0365753814444415	1.15328876341721	0.461872851135378	0.435501746009292	0.20549462726963	0.114110277878935	0.18458171611898	0.328359636215281	0.122705366518081	0.179840057894639	0.436374061052546	0.149836983972428	0.372063605589298	0.176043899476458	0.390247989286703	0.358790172215434	0.156078993050923	0.246642168839334	0.266528020964626	0.176225623269085	0.417343090966853	0.739652204163885	0.113579887928255	0.10560777394841	0.109004836950644	0.102665639138363	0.12032868908081	0.0892491151055168	0.037433052320805	0.125845767328968	0.0833192157275209	1.01122228705151	0.0745456898152153	0.0944230324441486	0.0781103280835367	0.0513838092573662	0.193412545123598	0.0203994135557766	0.00643066351903621	0.0683561600175536	0.0519498719528084	0.045026926822918	0.0914729433766202	0.137877517450672	0.0356550390118261	0.081065326713545	0.130480429838714	0.149905460796611	0.107318794859637	0.0829894595083961	0.134293692640363	0.250226253416477	0.855459110840782	0.553169015394198	0.493880552154269	0.266015900097408	0.137755389304037	0.534060246893878	0.0735065127963275	1.52350181430929	0.573160658407672	0.36453505243206	0.180257915375891	0.172214621833265	0.416123951077431	0.275270560238718	0.152678915046548	0.868956729693621	0.777615140181366	0.199990917975881	0.6311102824508	0.248243088503202	0.639303762673995	0.412508355534525	0.20851483917739	0.557651000078049	0.205986347954059	0.435305001124081	1.07911093488653	0.0791809818651578
0.298069525429072	0.169358762923009	0.15919145660073	0.207683606007513	0.231910947856105	0.025920020042541	0.0634436035546617	0.0386745022989012	0.190838777432083	0.0650090542137844	0.111795311470862	0.100454756848101	0.148775985419828	0.246830695012854	0.0825460965055071	0.0947392432117873	0	0.053939889386144	0.0397535742881296	0.0431278743680117	0.0574189589228966	0.0401742328688425	0.0878654613993335	0.0480782912591444	0.0507518213769215	0.256136615840936	0.0519182529818485	1.27053466277279	0.12554557713762	0.271081376900608	0.0822535569982636	0.625442622939807	0.0425755637934579	0.093325641775021	0.878661499876031	0.232635283371893	0.321252421902741	0.195385995286836	0.0682154850352896	0.153691205108994	0.245216050046897	0.150085872826359	0.171461778907129	0.345221929586634	0.128267640142524	0.257256945624043	0.125967788351832	0.23134655520972	0.226700567882449	0.0486708969400932	0.120298944405396	0.115420253171866	0.253975941466152	0.348611895074272	0.844913376987401	0.0289722934889853	0.153032375207096	0.153549647128494	0.119968712311303	0.267626738441909	0.216234841880961	0.0281512350568545	0.0724560665943976	0.038980621491737	1.03489767823546	0.109953202196313	0.135402846516399	0.139167396324382	0.169165147830204	0.1093331898481	0.07180365548135	0.096518573952542	0.141211015955955	0.0230491754057022	0.0455309026940109	0.119186972140346	0.141649027259982	0.0345844458329236	0.0420345139708433	0.165851283652703	0.0595439090723462	0.0184645961587954	0.0318217053009986	0.0249016661183135	0.0997796473491299	0.760009013948007	0.665344706206124	0.309713556468109	0.304750944537753	0.0429448134889513	0.554333083468079	0.058236234385459	1.30970626610652	0.382484529189875	0.199477044012385	0.0464165090072437	0.0740536529892284	0.21984544046744	0.254069329313687	0.0598820348491407	0.612371321866148	0.56494558532592	0.106348617920564	0.418234297956248	0.120888209426334	0.382941586062032	0.317091813598388	0.0752589835304432	0.310627511694805	0.286017087020373	0.46460832275691	1.14967078023003	0.022304875534924
0.333195255926178	0.0964969239645969	0.0920181671991009	0.10720167136056	0.124516080236602	0.0273720551173553	0.0581183499786806	0.0545116962223586	0.168454810180986	0.0417747766597223	0.105990822779462	0.12344523008768	0.081845156627346	0.190147977538162	0.0246062858095555	0.0425623085605029	0.053939889386144	0	0.0173578488215383	0.0354009746866284	0.0058327506338286	0.00950030040900784	0.106406869426621	0.0118578645799821	0.0970423874152335	0.237050008816698	0.0662605112250605	1.11628686960082	0.215896874480975	0.273179505916673	0.0638354374192009	0.605788922003207	0.036962688574897	0.0408174080349459	1.05608070083497	0.366833458327504	0.404865200952216	0.213900557945364	0.124903397245805	0.190725561073464	0.350836312169114	0.165184477844134	0.191736193386501	0.433333298239912	0.172599146469429	0.371126084367439	0.181183518021655	0.346538964438458	0.302697430128603	0.0994941109550087	0.229437219600656	0.21716578062564	0.217691752490681	0.465932759338767	0.814859596004284	0.0615180228441492	0.117713882368989	0.113874431595703	0.101370299594468	0.162536508179652	0.136602821404675	0.0149734130801602	0.0561185031265078	0.0306507797813007	1.04092936094561	0.0631824449812564	0.123961787454207	0.128998275561196	0.0994636171453631	0.176524264034345	0.0320118565072222	0.0568729872156708	0.074206529686959	0.0148671654101986	0.0237323295865338	0.0560246534195525	0.0520208735378507	0.0244466668416982	0.0422259373487036	0.158970810303068	0.0867263499938123	0.0619426728733092	0.0343170616411455	0.0959375783043702	0.201115395555893	0.936379814274749	0.594817228974029	0.458989204536754	0.236032303155711	0.100205041010922	0.615128594366448	0.0783157555049732	1.46075735105693	0.555857496156476	0.301589816795404	0.129088267877726	0.124438907504658	0.364495691021179	0.309243944653851	0.137376469043696	0.795433729867699	0.73848742898041	0.185574057624393	0.600177116168678	0.216182779332557	0.559550949444871	0.418930551792744	0.129649507263052	0.459738339847742	0.276861838671745	0.497636070662014	1.08893509814255	0.0375642978028123
0.401810180920053	0.144866358600675	0.141064251833452	0.160963535620418	0.178798973399545	0.022213387034243	0.0255844149365809	0.029766143333279	0.168834640208882	0.0529601084403249	0.127205061151755	0.139382462224617	0.11846062032991	0.250173522650771	0.0463393066877593	0.051229128006941	0.0397535742881296	0.0173578488215383	0	0.0471319622951414	0.0260013263559928	0.0132761116635185	0.128711350222189	0.038073440861722	0.0866074063601802	0.184429321480271	0.080879089874738	1.20070023193473	0.238784926998377	0.333982900735267	0.0784810757923664	0.686501362212911	0.0474449580144377	0.0243567781490842	1.07365536307153	0.340579563402205	0.446142847746191	0.22049840404328	0.137137201948475	0.222523262584964	0.373024002983995	0.196724426416153	0.185377720375746	0.477513831783065	0.195862271842337	0.398264360345234	0.195707441576266	0.370355411637141	0.336734047928601	0.104167688163358	0.208215104341472	0.221322104209893	0.275912692809327	0.483990045456775	0.907906366224725	0.0650733209491372	0.170319696040693	0.164533272021512	0.144732509040942	0.229311229952827	0.191968322518911	0.00561483982654687	0.0245146341343319	0.00998236967149024	0.937876123089867	0.0996596237038938	0.16455837862615	0.154430525710917	0.139265421607239	0.198573307674447	0.0542694139087749	0.0528502997392809	0.0490202908773075	0.0202266188921545	0.00961877623753904	0.0332795125071849	0.0766815329484998	0.018956403581518	0.00918535178946356	0.190512338649413	0.0594054719483118	0.0677489643534569	0.00852473625237637	0.0681260498790951	0.182303054379208	0.935936533284411	0.671248131832229	0.472623757225772	0.301806993778602	0.0988164907963647	0.661803500216914	0.0908242458932982	1.50628339477197	0.560454979338485	0.325878647384381	0.127326594035547	0.137814475037408	0.363336298201066	0.352749979493035	0.105688458481966	0.799131727706811	0.757438709907973	0.18644878341689	0.605151544607124	0.211322467240536	0.568075996228071	0.455026319735068	0.134267929373705	0.471963479797222	0.325476509084611	0.560473188351755	1.19719197999657	0.0342136246703987
