0	0.214139116323936	0.318203754180426	0.378925577807727	0.438176009985193	0.696193648783208	1.14500283021592	1.09470812681008	1.09387070770169	0.228979610967629	0.253213571438132	0.238695589070682	0.415325103016192	0.200860114814746	0.315613537399697	0.770928362691503	0.63291634092788	0.310578255649828	0.556114773304334	0.280818122412236	0.411357433758545	0.849805572988269	1.03952976903566	0.413138140948788	0.385528032447751	0.658091577012863	0.657372325397606	0.704158518390033	0.536443304806747	0.233340417295168	0.736742781277259	0.237712741173392	0.979992272908038	0.402003355281178	0.803838234885389	1.13853447029246	1.17477155391091	1.27671767042981	1.55728973364764	0.714801536110968	1.03865874127211	0.687056826874842	0.980080345582904	1.20384807669572	1.40727513477289	1.47396180449601	1.30560656120749	1.14884537182958	1.31818136132177	1.52021927437145	1.78311842333006	1.32391326507513	0.318361968066527	1.404787783217	0.606581621442359	0.88067983508196	0.221536089497712	0.191271224448732	0.419597050669549	0.370931426325669	0.466607409845397	0.964748194767869	1.21324659939028	1.19191529758617	1.35764978591392	0.459972840327071	0.278244711332956	0.257046121366474	0.325745118872535	0.262655419080142	0.504601018962628	1.14161518428571	1.45918175180351	0.355363570358532	0.702831326528405	0.745080942108659	0.348411053993741	1.18394024391639	0.672296746211021	0.983855080130018	1.23158761536918	1.16811694388083	0.758915475205647	0.546971404300773	0.88309176542388	0.566835765434696	0.490347645672042	0.954416969851472	0.406422579543799	0.951618216638589	0.814226695523946	1.32942153838238	0.295579723075722	1.0878180849345	1.44534614648506	1.50856571545297	0.27511942744854	1.40275088614252	0.604781589546826	0.807675962847903	0.965461828547992	1.4370990188748	1.19709775068188	1.44579852300725	1.25794054477506	1.25689865625258	0.786402581166041	1.48571381936043	1.38508908599672	1.01278457073208	0.791554514509138	0.375186549048878	1.18427860875829
0.214139116323936	0	0.07104675656281	0.0805899681740458	0.0891916327279472	0.300639379386212	0.644572998667091	0.685180137334945	1.03482707118215	0.0773857953750186	0.454497314570427	0.434398944084076	0.280604361891576	0.402117696604918	0.297072217379789	0.341969558969321	0.335275138249603	0.293681064420094	0.3871162711769	0.437536539299583	0.516753724405967	0.5628293609327	0.575964760574424	0.128397755486782	0.268448310090748	0.694254194211847	0.324361595813727	1.07191092234198	0.706945702282905	0.637050115054443	0.473601033727651	0.27710226996245	0.731827536994089	0.332704854451245	1.09479942594003	1.49625627194853	0.770810545630387	1.37303100254586	1.30503328640504	0.328716106316344	0.570097555731444	0.301703268413768	0.645811565004625	1.37404854754301	1.40989828788615	1.39187395797323	1.32806111223355	1.17486860797306	1.27558009519718	1.36617882811362	1.50505092303419	1.30244652650998	0.558614838050548	1.58127303961932	1.00802960865772	0.663507041045916	0.0372290726166229	0.0257540286152631	0.0960903008005691	0.0739839413774188	0.0918270804127611	0.680696218484432	0.737550928519629	0.816854828435485	1.37984185387635	0.177486039683578	0.464471882600014	0.320956354634326	0.3440985186861	0.582533897104474	0.431382344538362	0.587603166303134	0.993513045640683	0.332525796913482	0.47133422698535	0.469094285095235	0.589977064381065	0.886733022395105	0.472972794458816	0.916058928955066	1.17229128796918	0.738981555040999	0.623035035000078	0.278451415226027	0.450187904735109	0.803889868535026	0.967810219823395	1.20895014194429	0.789271825971782	0.567278154940807	0.818262884914323	1.06256100989363	0.590987760350349	1.39845657060674	1.29803074646694	1.29463902249105	0.317153121891975	1.39367115647984	0.271994760608852	0.518771045918585	1.15592491976723	1.45148183314492	1.12839863252529	1.46042699771156	1.22968816071165	1.23383711310861	1.03074078967918	1.35536756947814	1.31781172048263	1.05372482417572	0.976904223437281	0.873208710178705	0.888352882517898
0.318203754180426	0.07104675656281	0	0.0332616221484732	0.0276685938424373	0.331322994192632	0.728148703103474	0.675117630448625	1.14911552272845	0.208338035947063	0.362628304870285	0.417518648787356	0.249729645537235	0.432928510323361	0.252398976701072	0.265668742144958	0.285830601688237	0.295791189346008	0.401934894381567	0.464629300266517	0.466623344279302	0.616498683372603	0.645407129726055	0.138890458092518	0.215143251612331	0.48330000577823	0.288515474603505	1.18624269083723	0.763431744322428	0.642299060268985	0.473774740685025	0.290938320785084	0.782016237993692	0.301887652321462	1.20312464690873	1.48090738564619	0.746933766995043	1.24569847226676	1.33266661782027	0.222481728847287	0.635947651408863	0.254270490439487	0.797891840987411	1.37197550266544	1.34568572887587	1.40172168136247	1.27988599252428	1.21834368282613	1.28830800525347	1.39121239820674	1.4890070486659	1.33341798440933	0.493607147146427	1.48312772015073	0.929944088061895	0.798126508503912	0.10817359588961	0.0660448237398592	0.0279643688248629	0.0599183604251812	0.0372286594679341	0.71450031577482	0.838801950925353	0.855361140968251	1.36699973134323	0.253966860148149	0.452973001835248	0.277784143480107	0.299887981288458	0.567543682751792	0.299490358758441	0.523398278909538	0.910187006843815	0.306727075835718	0.39691982295801	0.405152226608584	0.63550114804747	0.926331695282449	0.452301454289222	0.832522017159696	1.17409338140529	0.72961775663901	0.4728937897251	0.271889481299192	0.385803478791448	0.714152442255354	1.0529524690747	1.28144733168989	0.68966954461459	0.571718559620366	0.645529814820057	1.11478264668117	0.605560795849029	1.40511166859643	1.32422808328828	1.30617177313992	0.188394714823705	1.42363537886547	0.275693950282366	0.557033053671241	1.24614207736964	1.48844655371017	0.996505543788534	1.45479325042333	1.22098913139952	1.32482193397213	1.13720198556541	1.38375367064362	1.38347132421697	0.934162297789252	0.882768161877696	0.892166062116581	1.02922473431024
0.378925577807727	0.0805899681740458	0.0332616221484732	0	0.0340646521436756	0.299827828526622	0.65127727698025	0.676525982550335	1.10011213847901	0.210673721405597	0.49681377806041	0.566815918065558	0.369755442455185	0.537012778524227	0.382019015251085	0.260223746570785	0.327669522284041	0.412906708310413	0.468631565900415	0.56855993789457	0.586165988285489	0.587330582728836	0.510191944023865	0.14172853791726	0.271541245617882	0.605982405046676	0.240562540626545	1.22357308841622	0.662247374139897	0.757717075739471	0.536142329766542	0.384776200740886	0.682011455023474	0.415889892639737	1.19548990158269	1.40885924514551	0.627189368657007	1.14417243051859	1.14784896670987	0.200800284281041	0.534165848409208	0.236701405197746	0.756685539244034	1.2660927250685	1.2010920516271	1.2369012999245	1.13471377574297	1.06485363175244	1.1422307260108	1.22742575995943	1.32062206686075	1.18879217388901	0.662756760744101	1.40023852796528	1.00274097017484	0.667367139601512	0.0904707445540761	0.108277456745652	0.0583269281678584	0.0538788013607547	0.0319717073341557	0.617557450062637	0.754062088462813	0.78961498124758	1.26491076640449	0.245609082074079	0.520469673971183	0.400889180019158	0.428615632730825	0.733274921865937	0.373357787186255	0.381104517799123	0.793567841295841	0.388588984052827	0.477920649451082	0.47688620958168	0.751758481512315	0.795204517955063	0.488749036748102	0.724387984000623	1.0491795289192	0.572429192099304	0.552465379080699	0.264645389242738	0.28993172766195	0.800009462212133	1.12196168600075	1.20037274022719	0.810664840292644	0.5434266973344	0.635429369613624	0.92985673936627	0.727220710111586	1.33363718048135	1.15453687302768	1.14075326732745	0.270714204750622	1.25874053589013	0.20251543634728	0.507232137262565	1.15803398606577	1.34264267679614	0.898475359375028	1.31039138923036	1.06771451006088	1.1800087364652	1.05497988196978	1.23475632628926	1.25985042210037	0.874247803246402	0.828017880876354	1.00426003711761	0.841233727135181
0.438176009985193	0.0891916327279472	0.0276685938424373	0.0340646521436756	0	0.261783564220979	0.577676740461807	0.529056790251314	1.07060686449833	0.215892258594387	0.46007989038621	0.499488998707131	0.279263655794475	0.489675052346225	0.301152888587403	0.192315356982337	0.258839961153491	0.332417947518927	0.378128295115588	0.531829733137992	0.510884167910131	0.51104679247286	0.556505743590439	0.0950720876586795	0.243419140519437	0.554154887428349	0.230494520622857	1.21937751841515	0.801033087261791	0.798839198234822	0.453291397248974	0.369443332576052	0.654736926875589	0.340551489801674	1.19208117836524	1.50856477182051	0.702808242656315	1.25113036821468	1.21942618085739	0.219508432476554	0.563583891367363	0.229269900664386	0.748423591479454	1.34107010512907	1.28857443769196	1.32187938116516	1.23902781085442	1.18793275003693	1.21633716913935	1.29403333992072	1.36280162898415	1.26568898160364	0.592442885987763	1.46641582135574	0.991636571646951	0.700055106822475	0.13769183441127	0.0989067045833085	0.0275090064396849	0.0373283511000282	0.0169812766623434	0.612177819119115	0.685294174738235	0.695407863639733	1.30719372235564	0.198491346750282	0.507442246870851	0.334632698995093	0.362997876037383	0.681492878409794	0.293608835451715	0.401580560294006	0.760995856437082	0.320329427549346	0.349768452630668	0.354637881186271	0.705558018094937	0.764897011570501	0.410820252311974	0.781161335692021	1.13653553802201	0.619171640427456	0.468208706631962	0.253720358792198	0.328746397052645	0.765469173724409	1.13928174492526	1.29735817265936	0.823490064675432	0.518705360004844	0.66788478453556	0.966914190474743	0.707846439829758	1.46097161947378	1.24690907963428	1.20065682285988	0.282437833718735	1.3738851628597	0.248898171544425	0.589340767934877	1.27382200515318	1.4275179370229	0.939403545481287	1.40785836524103	1.17435921249476	1.28291983522265	1.15479750700214	1.29737341551093	1.30294322391354	0.88176028973433	0.903036760981243	1.02002172416112	0.916544115748736
0.696193648783208	0.300639379386212	0.331322994192632	0.299827828526622	0.261783564220979	0	0.200188568815697	0.218961091582851	0.632005105306691	0.241456670081797	0.702291465588782	0.641220670284275	0.54475885856515	0.730832176452118	0.492079046999485	0.0947189749160319	0.117362842024873	0.420742429811824	0.21354607725323	0.479573383938461	0.464736850397505	0.131928698418611	0.464322649981383	0.133172230937668	0.288313805144587	0.8313086005401	0.0966633647742188	1.07615911837327	0.863665629143913	1.26073875615125	0.708328287706403	0.773132355761453	0.400699257593309	0.378352995322639	1.03203487547697	1.38185771075919	0.82045534855374	1.53674327585504	1.04329931973226	0.461818557752676	0.431546204030769	0.547704959986017	0.804614883608274	1.14687233904731	1.17083844256479	1.15030430808591	1.09567668291981	1.01617380319876	1.00817893277866	0.99298221429869	1.09629632865479	0.968099452860419	0.822478461614434	1.34577387675831	1.12485670417272	0.403954421470384	0.306889625104768	0.313825533205907	0.278886695058501	0.272835487746582	0.27633006780676	0.210854376133711	0.265504750644243	0.254356348021018	1.05296009143879	0.173017278752427	0.800165001139223	0.497491094602227	0.682846216834587	0.867273262223544	0.451219436609547	0.309088608588538	0.393031258836143	0.301788827357901	0.329947672794421	0.214788040813982	0.624903727447262	0.394145213077778	0.159307445845662	0.902464224803706	0.94762826906061	0.477195118941135	0.345254679417575	0.0761022326211873	0.268117693692257	1.00376905644176	1.16153634933461	1.19656903121813	1.2397853317199	0.80384861154494	1.00428829564625	0.779056751918923	0.984432345316294	1.38471548153399	1.13078947624253	1.05282631347384	0.539888359814529	1.16416457810136	0.544947585802266	0.63579187919616	1.21035897567697	1.2281821813285	0.703989810264159	1.26743720114638	0.887897010374369	1.12729140538866	1.08306597669603	0.980358935380059	0.921111501950898	0.929971454701162	1.01901820636683	1.36775060015294	0.676092692696245
1.14500283021592	0.644572998667091	0.728148703103474	0.65127727698025	0.577676740461807	0.200188568815697	0	0.181247506925695	0.465069251925394	0.522542275888704	1.20763517405505	1.08738784451346	0.897287373125904	1.09888779032991	0.924701974968034	0.312625450076875	0.452009045726796	0.810326968606586	0.49756312295804	0.900169613189501	0.898384662927693	0.192215837047878	0.315153224244835	0.431125535467464	0.717004621455656	1.31630869039291	0.37684185354195	1.11948328140113	1.01172803634192	1.6515196480243	0.820228097079952	1.16497105888147	0.305734487640675	0.801309016282136	0.964479083313163	1.3975159083475	0.75014434562682	1.49994923134505	0.658975017958559	0.760333083153405	0.407757230971055	0.753551891038286	0.664586740371719	1.03983034911273	1.0148541369404	0.857493401894489	0.990422865199099	0.891558895367718	0.784600534790069	0.657751658671803	0.681050028064553	0.732944709257438	1.27177038136264	1.24895837870775	1.41425405536309	0.292990670757262	0.694580741901589	0.714365679162017	0.609296068041967	0.601977371139179	0.585167952706299	0.26073446314642	0.0104270941203958	0.113926568992123	0.901277759930734	0.327399178158259	1.29772904361648	0.900921065197043	1.10142988005354	1.278626725004	0.8916384255063	0.293136650301748	0.298705459690858	0.681208024666784	0.608501288706987	0.481637996327525	0.941974998763917	0.293635117614808	0.432224585963887	0.913903931851596	0.77924392940159	0.347959086183021	0.723488360352742	0.370281065542266	0.40879677358897	1.38812563994608	1.36821720486471	1.0836677660763	1.71084957462183	0.792381193331051	1.32173997429153	0.49333597526145	1.19578082892001	1.31636739923752	0.828294093046027	0.7135264436536	1.12121386092121	0.901059502947119	0.690613934407309	0.807678486039259	1.0901606094022	0.928795149136365	0.800665227173294	1.01333051374586	0.804687456274409	0.830935659521247	1.04432520519354	0.651375032676732	0.608040514004047	1.08822686377882	1.219039687645	1.62625726078911	0.383249190427278
1.09470812681008	0.685180137334945	0.675117630448625	0.676525982550335	0.529056790251314	0.218961091582851	0.181247506925695	0	0.615686738154934	0.557974622209435	0.82469348290675	0.715663841066099	0.615736750723233	0.784578764453359	0.572357999931643	0.178864076201572	0.276402227978838	0.485950865649123	0.213825992061178	0.580861849887562	0.509463612715371	0.152009072445607	0.76984773087358	0.354754031635175	0.440163067426509	0.850958279924607	0.359915711103571	1.01406605247531	1.24021565308304	1.43582962281393	0.655832374359319	0.984891443377448	0.466274922929593	0.455468347027282	0.868993326617312	1.42554210331284	1.10247355081991	1.58994323818232	1.09638157611312	0.786229013713928	0.656848945493682	0.777130459134255	0.990778507962592	1.21416780458962	1.23724616872697	1.22206370157964	1.23164245001315	1.25268713704677	1.11202219665061	1.03474242688039	0.994183618097776	1.03791119764734	0.846463578849769	1.328783596057	1.08598828211011	0.593715245256833	0.746582241936632	0.638475603185939	0.54023180094381	0.593832757896888	0.576565438902427	0.360040592775048	0.219451002336274	0.148095281753906	0.843009593090959	0.323231042215878	0.927695021830685	0.600394780095145	0.766671284487951	0.917910172976369	0.502327823343988	0.516638241993824	0.374935675430596	0.414906120674044	0.219674161973352	0.159664391492924	0.699108877706479	0.29760136141208	0.189273347876192	1.11127165652169	1.1650713538924	0.721730413297791	0.329477219005036	0.310000610164092	0.653664439089538	0.887897233205843	1.1872587019576	1.34126673634671	1.34563278385402	0.885589131781647	1.21608617082472	0.827480263498259	1.06667597481582	1.56035076945476	1.26812986932609	1.12061859150875	0.862830575613513	1.28625919582362	0.931110408406044	0.978009111512278	1.46862343563776	1.28968269172082	0.808806490177076	1.36078665064909	1.07614449719992	1.30290585418828	1.27819881734392	1.03569432643738	0.940796571606243	0.993783919157315	1.23502937105573	1.46251687611477	0.855468071551155
1.09387070770169	1.03482707118215	1.14911552272845	1.10011213847901	1.07060686449833	0.632005105306691	0.465069251925394	0.615686738154934	0	0.869055476537115	1.11561552180685	1.04851875720529	1.45517322323332	1.0518569073015	1.27114361308373	0.876380850438592	0.822126244195611	1.13380548691456	0.863720092662315	0.887043727249814	0.874726750389456	0.350418661816053	0.741540808825007	0.826593755515258	1.08950189859718	1.45399978753994	0.648032772048488	0.386982637703034	0.548478718540969	1.49430625634871	1.603172883401	1.54770495041959	0.246232680013489	1.18282302354736	0.395326417931236	0.582518697381704	1.30711776522834	1.2178916748128	0.60719886641052	1.46329437701937	1.12136881577097	1.44902470518615	1.26186989987318	0.384431673383815	0.578086816948894	0.495721803812742	0.485231453009781	0.393507964140013	0.340540013906922	0.369969926310722	0.716867442721067	0.243854983860443	1.28855499150149	0.588845036732377	0.743213256728024	0.218060810293874	1.13511265860192	1.13288665532403	1.1521987117303	0.996967406738892	1.17952262512618	0.305900270009542	0.423070685820983	0.254341495674581	0.59925020744126	0.683565212610992	1.2893553923096	0.967076276009054	1.52140318100056	1.13493211918038	1.15338635569442	0.804529069522505	0.62176533217365	0.803549817239641	1.0309463005981	0.962871037322593	0.596494472033482	0.404466793521036	0.698243776989967	0.681446854469702	0.388902664000371	0.493960902481803	0.930865055847934	0.757669049009935	0.807272268745222	1.42258462085166	0.675793523812091	0.359356789611507	1.55456634551796	1.58778769477595	1.44481519857982	0.419487395154399	0.902409227744295	0.584420340558198	0.641053985378924	0.551303863054088	1.24332825187987	0.472941163794523	1.16728686279007	1.41962419059757	0.46271181741052	0.440159493528275	0.446925006612574	0.546864964888251	0.377763509205123	0.424023257097941	0.349068751555963	0.324199571542528	0.17946363409084	0.626505585120196	0.67249534186275	1.01802785115643	0.394543156754416
0.228979610967629	0.0773857953750186	0.208338035947063	0.210673721405597	0.215892258594387	0.241456670081797	0.522542275888704	0.557974622209435	0.869055476537115	0	0.458555250914987	0.380035332412612	0.356748310130828	0.336763113367135	0.298849677637986	0.335927309006868	0.331077124606825	0.231168477362224	0.261191742479319	0.295799231838532	0.410708117879269	0.398020832094953	0.642830886029689	0.124552720046381	0.232779835039586	0.846596958541356	0.344786005877892	0.864456336166017	0.699390008529253	0.731662830197562	0.571439822006401	0.372930585962037	0.639100376036253	0.299299251067635	0.852058316270086	1.46857997026073	0.980084368866733	1.60071434851436	1.33267574518025	0.535450103667509	0.624389294222607	0.537408401058989	0.768362691714942	1.31102391047575	1.44454910656958	1.4187188174812	1.35153039228002	1.17185928762774	1.25317061375529	1.32990643910595	1.53736791187379	1.22381267691201	0.53851045429744	1.60834146418056	0.967999190985048	0.528248197764813	0.108409017036517	0.0868034782464631	0.219569368995073	0.198159864459266	0.234799754769968	0.573970662534475	0.604843442194111	0.666926512317411	1.19768511431174	0.0895306016028952	0.513446705623759	0.283662660683481	0.400980275176358	0.511884486194533	0.455543361352719	0.677975782455219	0.96913316242959	0.229025000261922	0.43881375794168	0.418636855321085	0.420580967538936	0.755650999803697	0.345922202268236	1.00670582536014	1.16954448507799	0.796595612372017	0.585749389655226	0.196271182009514	0.538596782872033	0.772390507100718	0.825133071857352	1.14893353864441	0.897627212935081	0.764178880227502	0.995111861062719	1.04396393439495	0.512016150389169	1.39149634618012	1.36136480359555	1.3439282588374	0.419011353512262	1.38565479246089	0.474265821724906	0.638116620057651	1.12778365713966	1.43618750734371	1.11221725826535	1.48902267305208	1.19204724119663	1.22296168346328	0.943590950353307	1.29970019522143	1.20594479575144	1.13946666696461	1.04703594170924	0.886520464958686	0.843318546186583
0.253213571438132	0.454497314570427	0.362628304870285	0.49681377806041	0.46007989038621	0.702291465588782	1.20763517405505	0.82469348290675	1.11561552180685	0.458555250914987	0	0.0409389363352948	0.324198157483622	0.102675905025782	0.134224894279478	0.582943756700123	0.446181153375299	0.163274666560128	0.354651725979231	0.12353646146804	0.101280906272707	0.725924069301207	1.4035114124455	0.421321507221982	0.217654711177929	0.275129955514977	0.611522257862971	0.663425492773462	0.805801809304176	0.310669377760945	0.746219444138706	0.337877413501073	1.01038812624476	0.204823566848864	0.769602295917593	1.09845040625516	1.49022649084971	1.32990911066943	1.78212156491421	0.78812421567784	1.29354647946198	0.827836864164657	1.42796910663981	1.21961720636723	1.40604548457828	1.63967247306539	1.34896929226195	1.37900800989798	1.44473152770302	1.65393334770504	1.8583312998299	1.42068197617774	0.0649659392699001	1.27571775563033	0.318209537229229	1.10844400381552	0.500468981990351	0.327885741161358	0.424569756123282	0.472046695557143	0.54114565182219	0.937864642750918	1.29938912411104	1.06336416647928	1.15788751949409	0.542806567702084	0.17798940434868	0.0659314341306623	0.215535771252999	0.0758791098541145	0.184346760216522	1.20436914284201	1.28299147456966	0.160259190878787	0.35496036237759	0.44214362574333	0.205092866198001	1.06471158835774	0.413434296392165	1.05628157882523	1.39824397420945	1.3518403206954	0.316462966116641	0.486534708134251	1.01757984262852	0.236997738993076	0.450796796057398	1.13992675023191	0.25869291664735	1.15424689173252	0.726202478224045	1.5226645622372	0.283670790949423	1.22033485645918	1.7146452137815	1.7059022883231	0.131599488959535	1.61189999126606	0.929356300216361	1.07684749226681	1.26073236934513	1.61259373283669	0.977018199168738	1.59789916066141	1.32998879930444	1.59170289437996	1.00167361594479	1.62018051851312	1.49560838317048	0.820971599756015	0.751918052834915	0.384328032966154	1.56208225592761
0.238695589070682	0.434398944084076	0.417518648787356	0.566815918065558	0.499488998707131	0.641220670284275	1.08738784451346	0.715663841066099	1.04851875720529	0.380035332412612	0.0409389363352948	0	0.273691953803913	0.0691139690086642	0.0963679845372351	0.565115273894968	0.412535918238249	0.0897439497092393	0.255329498955232	0.0600355586231316	0.0737623400152378	0.632044197279344	1.39261699656192	0.3918450680125	0.20270702831068	0.374027029709152	0.624139087156147	0.624404510587934	0.891227206033541	0.342033361767652	0.672097890796586	0.324157561026019	0.978187457774749	0.147026289776595	0.723465376254298	1.20884577464749	1.55560600403165	1.52020736996807	1.83113841632778	0.862831386081164	1.23997461140003	0.864566643586719	1.33198077752391	1.30173475398967	1.53708579856239	1.72374098907501	1.48187694292631	1.46419930144255	1.516496555979	1.69958959443044	1.89426348527622	1.47320732388265	0.0476967336647935	1.40937650686817	0.397622843103758	1.05804865330119	0.490641763461578	0.301426676766247	0.44571376052148	0.502758168691555	0.577767735559583	0.911364079797525	1.16850252807937	0.976740812070756	1.20755106836974	0.473743978409704	0.213372119494214	0.0437898861314425	0.189766573731441	0.0421653646527362	0.222979731186938	1.26405393411803	1.30275798148027	0.123505757862123	0.307938919487036	0.369394293661666	0.151171218708948	1.02717119698073	0.34494207996995	1.19503636616321	1.477071648371	1.41285879058757	0.328433198722996	0.447988902461411	1.08139100856982	0.269506265509485	0.439640217302274	1.18484041930198	0.341662186890897	1.13696129567574	0.883464502488846	1.55033954095807	0.277745964800154	1.31854467780096	1.78979257811266	1.77183781662613	0.221038335987012	1.68973723163479	0.982957773239939	1.08607342401373	1.31923019913413	1.67870657078221	1.10786320101444	1.69887006716807	1.42430912763022	1.63178580167345	1.04079568737737	1.65935688339312	1.49404370153619	0.971235699920354	0.905617646226431	0.427447174685636	1.542931943439
0.415325103016192	0.280604361891576	0.249729645537235	0.369755442455185	0.279263655794475	0.54475885856515	0.897287373125904	0.615736750723233	1.45517322323332	0.356748310130828	0.324198157483622	0.273691953803913	0	0.321657780689105	0.0650655145563791	0.393414681799674	0.384379697551897	0.11627399720833	0.285370676527269	0.369112394630047	0.376527600888631	0.786089555190819	1.06840460865827	0.339547686291593	0.220739506241378	0.343628155274615	0.640885468184409	1.27164552010804	1.30836269328062	0.483628598199821	0.14069494594914	0.134487400774489	1.17346882430332	0.11433075583668	1.2599396870507	1.73717185590812	1.00273876633467	1.4868202372818	1.73578223805139	0.37146497979544	0.761026831384034	0.324450109615202	0.741282037649599	1.75761325062749	1.77537598008613	1.84314670689615	1.78121120791958	1.7687289880578	1.78089734049718	1.82715460178523	1.71238139840803	1.81019717931884	0.23481460837371	1.79560005136203	1.00270196904393	1.26452229455206	0.302148564758874	0.16656542923708	0.214694702284812	0.323884207864318	0.267012317384808	1.07454388979831	0.993694930486621	1.04858236670134	1.50211145556734	0.436963295292681	0.333355561819315	0.266395699864504	0.040318872090405	0.358157421751313	0.255307670631549	0.944945457388111	1.15329582787051	0.338984323917286	0.238792909142427	0.269837757625688	0.649675208548198	1.11830653479399	0.464323516956434	1.33440687914615	1.715858002978	1.30642100356272	0.428394950742871	0.465785014473069	0.884744787982187	0.410567175286513	1.0524739657197	1.69762730797044	0.491635240632579	0.465670478993505	0.763499751880406	1.56192350186674	0.649511351900879	1.77865959211226	1.74953166660466	1.73356937265369	0.313438066177072	1.88034928328488	0.60532747304088	0.619144180959566	1.70621517116541	1.90160806077158	1.44680048885307	1.88541784334868	1.73510301778314	1.80196455626807	1.58126449497773	1.82946626941091	1.78804950553341	1.2922420201282	1.31500488332727	0.884663793905781	1.50802765574603
0.200860114814746	0.402117696604918	0.432928510323361	0.537012778524227	0.489675052346225	0.730832176452118	1.09888779032991	0.784578764453359	1.0518569073015	0.336763113367135	0.102675905025782	0.0691139690086642	0.321657780689105	0	0.161168785196903	0.653618285732172	0.585933207080133	0.150806878960169	0.358159906819525	0.14060826179048	0.18563179203835	0.688322922754291	1.33442759584575	0.405192536510585	0.29954661319054	0.534815388988455	0.725077518172141	0.577056754235346	0.786401202021215	0.309824425686609	0.670628289200318	0.300582422456947	0.904909617089653	0.27084386020971	0.594522955046424	1.19129612108871	1.54817299945854	1.44570740678983	1.72355149688274	0.916929545752385	1.27895421382926	0.863294135020601	1.27673510591645	1.22705768511176	1.47839462850862	1.63140181432587	1.4364909930479	1.39548739941461	1.42984221211508	1.63700317735505	1.86294322367798	1.40665410332086	0.110681971308505	1.40599686196079	0.386213068452361	0.971791681063258	0.474521497050407	0.303986758988916	0.473707833852383	0.456530108059742	0.579730471146256	0.965281004683573	1.17270066836985	1.00977760572024	1.16458161954099	0.412264034280957	0.180346580549302	0.0902906936479178	0.226697381780541	0.0774013171369238	0.272246032124021	1.26190880498734	1.38414742912976	0.173588556564664	0.417536377692753	0.519426855397285	0.205849235330408	0.980870841087232	0.468684933924761	1.06148870930837	1.42820797200125	1.369316404414	0.51556375984178	0.541302384989399	1.13860333306095	0.254100225329574	0.375036767491655	1.08442564149042	0.365157209549456	1.08618539346876	0.841903413757191	1.40671146900756	0.179038061236759	1.28199004908157	1.68230836536752	1.66500702395756	0.326857857914213	1.60641665027436	0.886667559689412	1.17108551110773	1.21309505282023	1.58849299780782	1.16948612777844	1.62376389767453	1.41425925119003	1.51073643194295	0.921526625511749	1.6033733468746	1.4419607677966	0.944248760945415	0.842527490949558	0.340124193179137	1.41167146366686
0.315613537399697	0.297072217379789	0.252398976701072	0.382019015251085	0.301152888587403	0.492079046999485	0.924701974968034	0.572357999931643	1.27114361308373	0.298849677637986	0.134224894279478	0.0963679845372351	0.0650655145563791	0.161168785196903	0	0.359730284227743	0.306289342126235	0.0228386773918068	0.169959748273108	0.150543976139019	0.152559699103351	0.63475459297964	1.21016095367999	0.280845353060668	0.106089679067924	0.295662082504336	0.550917886868191	0.986153732685285	1.1311809017356	0.444883908916362	0.349296018736061	0.198416033499363	1.05088982061225	0.0389602250805946	1.00536246056668	1.53898985219371	1.2652793333632	1.55685226903882	1.8158148836738	0.532939022239116	0.949008425908496	0.541858095107527	1.0471973542624	1.57813071945188	1.69865950075738	1.83364845273983	1.66928503015052	1.66401813477562	1.68925785385669	1.79885755767057	1.82793729685756	1.67674025077483	0.0998897060607856	1.65958651290241	0.721554491894347	1.14657853756203	0.327673586006406	0.162123263003036	0.244597192636379	0.337373049154312	0.334011202963259	0.933312579953464	1.0260339868758	0.954320742001027	1.33483675456469	0.373024537445321	0.228535070399913	0.101194958400649	0.0522594130623277	0.178056090892525	0.142220971017328	1.02405296973168	1.14520799531533	0.147650938865253	0.172143336704624	0.213511461176311	0.373794132146655	1.00673609847263	0.303871521114918	1.26753060863805	1.63215383553825	1.33046482792	0.270323980075903	0.347983834438571	0.907021876152057	0.281690886778749	0.779123564068877	1.52285112389815	0.419151323816597	0.773444004925042	0.787388588994236	1.56226963401314	0.469540171072719	1.63788385150508	1.81788573657403	1.79068787212288	0.199830604818012	1.83689571289872	0.763912850859181	0.803911294623449	1.59337394830477	1.85524768174914	1.24613075384687	1.85374581113554	1.59629599584928	1.78336620178266	1.37483712736284	1.77939403898531	1.68020331925803	1.13261318449933	1.1326835606412	0.720981776767319	1.5371685832723
0.770928362691503	0.341969558969321	0.265668742144958	0.260223746570785	0.192315356982337	0.0947189749160319	0.312625450076875	0.178864076201572	0.876380850438592	0.335927309006868	0.582943756700123	0.565115273894968	0.393414681799674	0.653618285732172	0.359730284227743	0	0.0766154225090596	0.33708170153973	0.158804832451168	0.468973424950465	0.408193535285811	0.214979903894204	0.621200616066471	0.154275336132296	0.176415215618493	0.59377730135796	0.136512798696218	1.19870089967634	1.0420907275912	1.18415782175403	0.536879055329324	0.694117864385343	0.536656079270782	0.267231934484256	1.16399038127023	1.50669905669327	0.853649314287169	1.49913989244239	1.18038372526929	0.379691311492308	0.473369040299645	0.45469837968044	0.923865051652999	1.31391956790636	1.24924415441481	1.31555642338692	1.22358738755817	1.23228291169873	1.19801166097527	1.17201742947351	1.1656892947008	1.15955513451307	0.686690451410463	1.409229332184	1.07160035034525	0.626315510369163	0.374426299615616	0.302531127874483	0.173018781619734	0.258629309888039	0.205064580302832	0.345163207093411	0.4012941038786	0.359498018120704	1.00814279321309	0.238637581998607	0.698257929497195	0.405083411619375	0.526028345377611	0.783652148034581	0.305446447726046	0.320233949133494	0.396442812120732	0.283807238910289	0.15341471262953	0.105680044516621	0.689459449225271	0.424008262749413	0.118257234448972	0.993722511076112	1.13789406827728	0.619315108670092	0.201703450367601	0.0833201363694989	0.360773774036971	0.769495980974636	1.21554588612076	1.39644221029668	1.10506960508922	0.701296242487506	0.918984577868086	0.947690079610933	0.972744974656757	1.54477006077773	1.31058667146274	1.20689815194527	0.447668308938908	1.36029061144551	0.588532447308064	0.634677840319897	1.4352829006583	1.42469201787745	0.770288139838743	1.43543988634376	1.06136908117283	1.37003248192127	1.27402056526451	1.17878438503694	1.14188061274533	0.945019992798517	1.08407429244651	1.36350589837104	0.901698692883131
0.63291634092788	0.335275138249603	0.285830601688237	0.327669522284041	0.258839961153491	0.117362842024873	0.452009045726796	0.276402227978838	0.822126244195611	0.331077124606825	0.446181153375299	0.412535918238249	0.384379697551897	0.585933207080133	0.306289342126235	0.0766154225090596	0	0.279402137901974	0.128510881703453	0.334747074478128	0.274505900488989	0.22142060129492	0.754596281625602	0.170946561061083	0.141640805470995	0.492119951164828	0.111374576513439	1.04361684356513	0.977914087685839	1.03927048830312	0.63583587938776	0.647532627088097	0.613328677950812	0.190276194007715	1.16063618089631	1.38075840205974	0.975109186583548	1.55033947681973	1.33106074790989	0.456305927889547	0.568728579537759	0.542432625327617	1.00660503964795	1.28785529548664	1.27266288043838	1.388562662433	1.22313407348623	1.21698347643061	1.24452883040417	1.25161041861077	1.31360197758142	1.18968941424648	0.56098029455246	1.3596386021936	0.913683535385594	0.676867404483292	0.368522357932176	0.28100206931656	0.219483027489261	0.310759741389592	0.27754966711159	0.347126001075104	0.543164612048153	0.434634493099346	1.0523841541667	0.318594168929319	0.604310564012271	0.311581969875092	0.484974349894901	0.631612274230865	0.297228981664175	0.488880568636362	0.517449840006681	0.228147847172304	0.146286294959297	0.096996052854053	0.517650056251855	0.546590941993401	0.0797905832451812	1.09076716416846	1.1529810010678	0.746285516404658	0.141134035157398	0.0864327146802278	0.43458256066813	0.740475768352655	1.0463960666734	1.32584874398025	0.960177103728357	0.845215959303303	0.961282218165377	1.10682735454107	0.918079632618391	1.43245743118143	1.41240621332951	1.33260847924155	0.326428025226515	1.40950129426231	0.701061926796632	0.633754539860954	1.36468994980337	1.45682010767899	0.748255593870358	1.46737505031435	1.04635382805464	1.41454473527168	1.18879136883789	1.24722631064745	1.17526745597517	0.903625986556163	1.02948719487994	1.19035878984764	1.02853801177744
0.310578255649828	0.293681064420094	0.295791189346008	0.412906708310413	0.332417947518927	0.420742429811824	0.810326968606586	0.485950865649123	1.13380548691456	0.231168477362224	0.163274666560128	0.0897439497092393	0.11627399720833	0.150806878960169	0.0228386773918068	0.33708170153973	0.279402137901974	0	0.104045188869647	0.0911385186930989	0.124093868294118	0.518693155553707	1.17675940415051	0.233974943361671	0.0929690347405026	0.408192402041776	0.509855864454814	0.889208941460728	1.08625198661354	0.510841749475326	0.394735210547785	0.25112070229827	0.95732764343525	0.0369971420847491	0.878974739828964	1.52252021960798	1.32820636422801	1.65683189825346	1.79006744789227	0.62189120236618	0.934997616471806	0.625042606839831	1.0662945627963	1.54163644453799	1.70579854357107	1.81402803051597	1.66133269485979	1.62036305717973	1.64350137699274	1.74284595090764	1.81373667816069	1.60409660884001	0.135472214116833	1.67580627879079	0.730081450145769	1.01691216702826	0.329395329838937	0.165722632177345	0.276480024346589	0.367621255951736	0.371576214278605	0.840225845525265	0.900556228173885	0.835420424685595	1.27643202357223	0.289572609093594	0.285555358516307	0.087522498554935	0.10658566714636	0.187531875027214	0.182243349245029	1.02250740831673	1.11918352715267	0.103494721609622	0.158800243514428	0.186161128007935	0.297027478492094	0.912442123326573	0.236658993206793	1.29871151641509	1.60221460527415	1.293896358931	0.275361051195073	0.286750183472003	0.907108302209871	0.342447533575038	0.744538889547689	1.46203241860922	0.521255288257007	0.847182934892666	0.920919427964493	1.50405731396704	0.446817756514445	1.62338688550241	1.81280507227543	1.77796406154251	0.264044376976477	1.80356295729192	0.818801717375197	0.843952887440527	1.56091840548459	1.8188964963116	1.23238037650589	1.8449740360047	1.55272685669451	1.73368514567611	1.30719236882815	1.71552782957807	1.58310654596541	1.17574621544615	1.1676417210903	0.757343567910107	1.44603229547334
0.556114773304334	0.3871162711769	0.401934894381567	0.468631565900415	0.378128295115588	0.21354607725323	0.49756312295804	0.213825992061178	0.863720092662315	0.261191742479319	0.354651725979231	0.255329498955232	0.285370676527269	0.358159906819525	0.169959748273108	0.158804832451168	0.128510881703453	0.104045188869647	0	0.147468319634889	0.154943934454362	0.242628272157017	1.02687792246407	0.213481963495798	0.0890486854433444	0.529576258108689	0.329098543245014	0.86121195359974	1.12385980910066	0.903694556317744	0.523045220857891	0.555668022654272	0.73069446421703	0.0801357406257373	0.857675427933238	1.48127618634711	1.29034833362609	1.75511252874557	1.57556956151655	0.678708040192083	0.762932330473013	0.711571895125926	1.10448344027281	1.42845363169359	1.5484199972863	1.63291709698105	1.49790858274172	1.46874816213676	1.46381802508245	1.48217817687353	1.5367961438738	1.36833418148005	0.373757328816868	1.57042070763955	0.844512365888428	0.784564083135837	0.424592146869732	0.278745527840607	0.328068601907947	0.424724006179061	0.417924383354557	0.5198684046407	0.576778918471816	0.486732428688025	0.998543916962927	0.238271507247964	0.488157424523817	0.214103513874216	0.344991922037349	0.419229338931119	0.260059969507157	0.786909419061457	0.746708597392956	0.129128973460334	0.0728528316749173	0.0588949077834098	0.342818451439377	0.574914093441558	0.0541998367900046	1.31152491943101	1.43449066390039	1.06348620574204	0.152902676388188	0.134633302720946	0.759013977030801	0.505950316013667	0.847827435671144	1.42875022590447	0.871912844825587	0.9383422118028	1.11668855014658	1.28086868839226	0.703089433581859	1.61484905424555	1.67637162182879	1.59105434563419	0.421593520502819	1.62736688514466	0.918723878754716	0.807959608689396	1.53678526768048	1.65907457381002	1.00429166788974	1.71127076140422	1.31605553187448	1.61000208424777	1.26448719292762	1.46278207549045	1.3217759471346	1.11576823063999	1.21798510466699	1.07045199107076	1.20555392631248
0.280818122412236	0.437536539299583	0.464629300266517	0.56855993789457	0.531829733137992	0.479573383938461	0.900169613189501	0.580861849887562	0.887043727249814	0.295799231838532	0.12353646146804	0.0600355586231316	0.369112394630047	0.14060826179048	0.150543976139019	0.468973424950465	0.334747074478128	0.0911385186930989	0.147468319634889	0	0.048761633760581	0.45779736155338	1.31337084531709	0.343026960025074	0.145907424669407	0.489563140661028	0.51789987994161	0.558282712704424	0.855512486728585	0.524891296562794	0.754856080487461	0.458873465659416	0.867453207403457	0.131584007202252	0.615542039870648	1.17978121345097	1.56539715983086	1.6334425263501	1.75302102527321	0.905048917852412	1.14232957280673	0.954440469740651	1.36429338101484	1.24977508963437	1.51092827464696	1.66258486259768	1.42488518008248	1.37499764786537	1.43865329253599	1.5831984011094	1.80415847636293	1.34651209260618	0.157483111845417	1.41286321881165	0.479709121086781	0.885555697745939	0.464748403750875	0.313015719983365	0.482328475755457	0.533540431428523	0.603429376638202	0.719551061625373	0.971960069127986	0.795125551102633	1.04190976146047	0.377496406080958	0.300270430090641	0.0937213465916789	0.301584989620634	0.133383024603698	0.269777856388464	1.15929512379152	1.13745369357616	0.0859845714590443	0.276527393338309	0.302564669550935	0.103627532090972	0.836016335623553	0.215485517356002	1.23609799955561	1.40636036484565	1.30478955205845	0.267411806236166	0.299093579329147	0.991548546549217	0.345634254707173	0.450501809777433	1.15820917338594	0.528271047289932	1.2360429427488	1.02893559332199	1.44710362878994	0.368854033315267	1.31937787361044	1.74744395991183	1.7213858089063	0.290378589962192	1.59930569661418	1.05389288134753	1.02872198617694	1.30203727172771	1.61501985686293	1.00664254498521	1.65858637566703	1.29308326474198	1.56381145246145	0.991860739604242	1.53730933168032	1.35356262096939	1.01222469420586	0.962413546536506	0.601805710458658	1.3892041461662
