0	0.22529103373214	0.289062757372507	0.380564502194796	0.453792133915555	0.704402501372508	1.21439341457397	1.20392751471549	1.29293893173776	0.229069682836984	0.177788153917872	0.11121007302323	0.431414590309722	0.120791767989442	0.298895535861657	0.791810890185837	0.645908748642872	0.233617609066313	0.437795255047431	0.101783958011881	0.257817880894781	0.945140646339047	1.02002368435423	0.503545657804103	0.266119802392921	0.590290580131677	0.675459780293337	0.689390669636858	0.596496894274923	0.237145437224692	0.815461987500123	0.222496703793114	1.07450055597621	0.297321097405544	0.881191848330621	1.22877480065896	1.18513223237816	1.29754850140639	1.6559039881243	0.685799675518075	1.07779497247452	0.712591648038973	1.08092829965543	1.25892007840753	1.43937751266583	1.54819792095937	1.30031115023887	1.15557225528839	1.35994276637877	1.55833883990441	1.81693216951708	1.3703410470191	0.272627470630063	1.42710835851333	0.619514162799583	0.878884488904937	0.190458005017677	0.183512649004598	0.395059913207022	0.382408119047404	0.434379845591582	1.0484265516473	1.31243136480672	1.32007586530083	1.16179491065184	0.495402116890178	0.239892234405309	0.123560245136399	0.301934362974414	0.19850250042078	0.533325371429491	1.12232216391749	1.51740332104071	0.300403272360156	0.612744388471131	0.656110601564528	0.196359768092881	1.42374369691899	0.590894809956108	1.02200949806709	1.26670358390483	1.22953621139061	0.64875467572563	0.494924852301229	0.913542759229542	0.436092094405872	0.435489980600405	1.03890512256706	0.422596748058822	0.96353687018086	0.667069033318063	1.34888297273042	0.333807378550667	1.10450771194758	1.57548559936964	1.60886760920307	0.251039143291541	1.47083989755913	0.615993372658629	0.771368500785827	0.964397003285773	1.51461703040151	1.27000386348639	1.5236174524798	1.2602602142796	1.31130875473545	0.77218335420811	1.5296035054	1.44715112226664	1.08602389744846	0.768449771931071	0.419998581715598	1.17668516637617
0.22529103373214	0	0.0671536836221331	0.07963928988058	0.100152697886833	0.258949997198271	0.668058599686247	0.626175830073503	1.19586870725607	0.0618778436491882	0.438258137931029	0.336933549628143	0.282085617237526	0.359001837985627	0.267550802301669	0.272389024758116	0.228947801575255	0.202787414669123	0.152447828761742	0.286872235878133	0.385558009539421	0.503869510830212	0.501454163018366	0.154069354441988	0.131462279177934	0.632245880079989	0.2786189095725	1.10736750087439	0.754864166549809	0.665775347251722	0.498112659592535	0.283423131636577	0.751781861770413	0.196026247158054	1.22453754243907	1.57081129298205	0.597181349261575	1.44572325566481	1.33690623653208	0.254046171880322	0.650783152890385	0.299827216184066	0.67405929539195	1.43918886050991	1.44280004702601	1.45344234037711	1.33356737373263	1.17991569773976	1.31166429736609	1.3891118077652	1.52669782342335	1.33623154991032	0.538258336264912	1.62630028764643	1.09752318079169	0.647645736848414	0.0396652958325718	0.0165739458455458	0.056842215846475	0.0837771943236629	0.0736459427459528	0.709122898103238	0.792536818281562	0.848507540563678	1.23554448088353	0.170476538418059	0.434603253604534	0.213941583301191	0.333410302227053	0.589651095491131	0.42727603050502	0.545822172031746	1.01084844744911	0.269973716779577	0.254894644260769	0.272990644687895	0.545888530939284	1.03858378195392	0.237918532139966	0.916006007457459	1.20843920403729	0.719682593291631	0.457122123962043	0.163977313735215	0.455091956663411	0.71413190570866	0.952520107962141	1.29547328197826	0.830489669864646	0.499796646224954	0.704110840031263	1.03184979161688	0.649531446094263	1.40632933134539	1.36382667798035	1.32914325799853	0.284008881765761	1.42479839877641	0.212139194035515	0.442494028262936	1.18036561415046	1.5185858121013	1.18517395470394	1.5365567402307	1.21836335728116	1.25320918431474	1.0069899155983	1.39059071055582	1.36252648654591	1.13862337362755	0.996629237170922	0.954523890464757	0.843721323332021
0.289062757372507	0.0671536836221331	0	0.0302768501551072	0.0359933562266868	0.274991963619145	0.764787856959351	0.640976441819145	1.27040067263994	0.186603267108866	0.319033484298034	0.309178881697092	0.265514860884915	0.376175759782135	0.218066668728768	0.245390517154874	0.234089072404525	0.205334971145253	0.211803830737652	0.31122323997409	0.308377907913252	0.555264896968166	0.599842354525131	0.171765977764081	0.0914797402141085	0.429281679466797	0.286188312069128	1.16180179981025	0.829321072646178	0.659789319151312	0.566358016184834	0.285402082955914	0.835565504920383	0.178332751888697	1.30195587337342	1.5351746416923	0.637187820856343	1.20537895572676	1.38637645180334	0.200210738978291	0.786113811866654	0.262173201038753	0.830308241779766	1.40449665131354	1.38815013805987	1.45181473162021	1.2777733495133	1.21930421119721	1.29727646478627	1.41324672316021	1.54832743744723	1.36072048930265	0.459073479061667	1.52897322342758	0.985900462812837	0.790851112547035	0.105584432702417	0.0590630452880594	0.0288183368782584	0.067791268177554	0.0372562993077177	0.762942146569891	0.909403115256845	0.900904068163208	1.24296989319197	0.219532846779128	0.441478549435697	0.167862370112476	0.298956877723106	0.542190874359149	0.299703801232023	0.526571089722889	0.964437119564711	0.21226390177412	0.221921293224719	0.246018531177809	0.534909182581085	1.10445520068301	0.250279041833423	0.784655706915367	1.20114289035908	0.72995290221394	0.271720485226112	0.201023306181411	0.457315279098709	0.637581888269702	1.00413214870354	1.35384339065115	0.722551819443568	0.57517693292057	0.537836342955884	1.10879294981485	0.66281365828658	1.43747920957234	1.40596335118181	1.34607107694869	0.16683835953979	1.4607345065502	0.206218189130742	0.482854022198442	1.24718454270584	1.5417307562929	1.02853084167352	1.51520815901686	1.21186621106858	1.34617893609929	1.09770629062452	1.41554423242917	1.42384043712757	0.961336858003522	0.890932374730356	0.929218200601202	1.0070336282628
0.380564502194796	0.07963928988058	0.0302768501551072	0	0.0234566282494193	0.192238241600222	0.629249655968049	0.519148515591761	1.20137998761266	0.177403658335262	0.427430120421503	0.420532199489674	0.318468342779708	0.456907825222592	0.278788106435555	0.148854243946722	0.184489845934204	0.255508676169045	0.179047810189874	0.366024444101347	0.362773760805762	0.415312404011386	0.480796697099672	0.113123176886917	0.0983219590526072	0.524765567231834	0.200460233429202	1.24816334649061	0.801467511501915	0.795085117943757	0.543692336653281	0.372157913906491	0.698452744410186	0.224244351538268	1.29860789112493	1.51088720934325	0.527636874234601	1.18321286589978	1.22685143665897	0.164528992785155	0.69821650064741	0.230926592926906	0.778562263314505	1.34171322981662	1.29061034089875	1.34190116942918	1.20159878892538	1.14689043778226	1.19920953242179	1.28967758045757	1.40383032345173	1.25944095539585	0.576163212767534	1.50022805857622	1.08177406888546	0.686798371781922	0.117349649728534	0.0893124359639583	0.0285486679155696	0.0573090056298055	0.0266478535475643	0.623294442099355	0.765533900923562	0.756318450301287	1.20280245181224	0.167466831882831	0.508522442442025	0.2464893249035	0.379697566768143	0.680500426194719	0.294730196857454	0.378945889133755	0.798688597670392	0.224989327325647	0.205641169107059	0.223528026280608	0.642712176860082	0.887042817075169	0.171240200130511	0.6976606277715	1.12559247357576	0.576665680273756	0.276028259334663	0.129917092850004	0.364387353079207	0.706398394540234	1.10713168489372	1.3293913242337	0.842808495000523	0.511138237016123	0.565069171119084	0.959424815786833	0.764483639177224	1.44045813833631	1.271878050924	1.20952689445718	0.227796228932814	1.34967008265716	0.141856100896177	0.444464422722185	1.24220742815762	1.45303233511071	0.930444377232115	1.43213464339508	1.10796007551811	1.26056847600297	1.0902000858571	1.3052615368306	1.32575236585876	0.93001694885189	0.902102557858655	1.07274636873389	0.871085563414692
0.453792133915555	0.100152697886833	0.0359933562266868	0.0234566282494193	0	0.205281390932818	0.595619564395297	0.451214622117024	1.22578140962623	0.220461588940368	0.462252491943391	0.443824673023264	0.269675906188645	0.486485840513816	0.264257778824133	0.141904503196979	0.186735896914487	0.258706170249003	0.198299504760205	0.444344252740538	0.393382945858608	0.421611371856196	0.471609694294909	0.107097633611051	0.151112374073583	0.509260206658684	0.232021500929643	1.31481545249114	0.909457106280999	0.835460291831603	0.475753959275934	0.360009323960602	0.708809151992292	0.231255496093548	1.37123210409303	1.58914275556866	0.492917301072108	1.1936104358637	1.2230672370789	0.141862647303402	0.706126959978427	0.175382430764847	0.689800841967977	1.39746313192121	1.32855505593196	1.36347741525861	1.26135221173345	1.22340808750011	1.23603192310478	1.31309343799378	1.38899085659367	1.31530778270884	0.57698547406948	1.53546591028924	1.13188950217997	0.742338385336752	0.168190877603882	0.111652747697412	0.0227760222106095	0.0517229502954447	0.0147880971091977	0.665547302323894	0.734657469098724	0.729331455537476	1.27621313615741	0.167747147369151	0.544666838303749	0.266685695463459	0.357028423722601	0.706148219489664	0.272831571014585	0.374597160794047	0.779313676015069	0.242439971658068	0.166530221113913	0.193762861799876	0.703243333140771	0.909196367957718	0.206023224562249	0.693682572734427	1.16495911101304	0.576728857259855	0.290856106381284	0.195501501279567	0.378228286304911	0.742844408926299	1.18901859498443	1.40581666666997	0.859372204736154	0.428835801108108	0.552652158305819	0.962132681893991	0.789300410079945	1.51704498925801	1.27632678367083	1.1942596544442	0.262864838295114	1.40449276540653	0.112469876965765	0.466159759186679	1.31037022925819	1.48084344826742	0.975699991215914	1.46136554981342	1.18501690404196	1.30331040112238	1.18197407611955	1.32933811573012	1.3600832866203	0.926009209746895	0.961996200453055	1.09698766947894	0.907442850639511
0.704402501372508	0.258949997198271	0.274991963619145	0.192238241600222	0.205281390932818	0	0.256935216339107	0.230498926383684	0.926284600260846	0.25613483232715	0.840353647210856	0.749439158841165	0.512473506950218	0.860941701592785	0.519790516691572	0.0568688025614724	0.0875885497260768	0.452049433831256	0.150746188559523	0.572751476329182	0.531614926688744	0.119682308668763	0.200542996718292	0.120760994140075	0.291532843554279	0.800839532710861	0.113422145459288	1.43046122530944	0.939063439653158	1.25121411890998	0.587637870628207	0.652878057082513	0.485802844704392	0.369249338749712	1.42266107269341	1.51902763313173	0.277653404124928	1.38182929448728	0.890530264308113	0.189187887598743	0.455674660014736	0.292093072797339	0.522956180031641	1.23106464490749	1.14435504065356	1.11082401540073	1.09189557063115	1.03127488570727	0.99949641957897	0.979422416798907	1.04015519070633	1.05555895871175	0.90625757356609	1.45483342813787	1.43394620688077	0.508229220809777	0.286743354829367	0.309356368207215	0.204627277698686	0.243736798775331	0.187105249269777	0.322946814823683	0.353282563326735	0.37361352515907	1.20463125305327	0.182100506568262	0.88818306222325	0.568652176674835	0.65818870705322	1.03583367848472	0.466696139358984	0.176484664470129	0.430334191044353	0.350432114126596	0.281588570014105	0.146939258675348	0.876840630177431	0.609832942796644	0.0444175038809791	0.690345769967157	0.919013442226141	0.320635606294522	0.326126383577662	0.0687480386203225	0.200673910320248	1.08447070710857	1.39880150830735	1.33104214309866	1.24048197285164	0.436300070586622	0.73660484935376	0.709741237416378	1.11728105524279	1.43621644732377	0.971300242895093	0.898394122651028	0.476253470586567	1.11065829644197	0.173868813226442	0.34537357647942	1.21377558125245	1.23436888325312	0.786011725817525	1.2348201067722	0.897617081845942	1.05048436163074	1.16587256643269	1.00012510249085	1.03786974795493	1.00883223314839	1.06423693328121	1.4751334472335	0.607891964687663
1.21439341457397	0.668058599686247	0.764787856959351	0.629249655968049	0.595619564395297	0.256935216339107	0	0.124928449768301	0.53709380630321	0.580523548188933	1.44665916570889	1.32739758349558	0.952445342444073	1.30792858926734	1.05819647085614	0.310247078373539	0.456695705746681	0.960236932499801	0.540578208075858	1.13381974409973	1.12454519862907	0.139261599041192	0.0748088097895554	0.451718052577166	0.851677930054509	1.39102634310442	0.394014553737961	1.38332001686959	0.983353643075991	1.69025282017968	0.72322199560019	1.15552225015029	0.284050905872064	0.932157306662475	1.17864322434172	1.39903289810733	0.242950292806905	1.4633530744652	0.397230310978647	0.584771872275249	0.388070545719706	0.599901774757547	0.399376793555097	1.02899784999838	0.901478348115271	0.707162567544015	0.918980237196403	0.821200317332227	0.695080083216115	0.547302116857332	0.530760830892515	0.703863046527933	1.45902865285892	1.24812501303569	1.65758917204028	0.345828018513289	0.743070132419424	0.784425217709981	0.61701838288117	0.622866723429429	0.582131401253059	0.275940959434519	0.0149822528115919	0.0993112456181886	1.0253148419682	0.369888800557577	1.41569852294651	1.09270999941078	1.17837385675311	1.53309662363626	0.975474154526025	0.188656524192458	0.277021975545754	0.824329084502356	0.662312560174833	0.524022451598437	1.25549523466249	0.330944131929485	0.42202503834526	0.733110666719045	0.669897747772219	0.164006113322911	0.89415950888561	0.413065778497679	0.313008974729476	1.57253240365412	1.57453275796871	1.0850996778416	1.75391826316558	0.503323475706039	1.21728306699231	0.352186095389878	1.29285361081779	1.24054843127563	0.531582969012467	0.451590816646036	1.14604331285814	0.728094969298183	0.437370773600997	0.638221989070101	1.02015109164869	0.807765061842295	0.821376860096016	0.86616304358366	0.7393028603665	0.636631041754114	1.05862412177617	0.565925702206087	0.599056276045145	1.12720067093442	1.2365171886264	1.70326007292574	0.265299173132148
1.20392751471549	0.626175830073503	0.640976441819145	0.519148515591761	0.451214622117024	0.230498926383684	0.124928449768301	0	0.883794027301918	0.598108868680169	1.26438093760104	1.1585352788923	0.698337991794559	1.17491770251042	0.81495227368705	0.187503019050534	0.361775882716932	0.760268116473277	0.385477143081207	1.03865266991245	0.94639849574617	0.223825513066883	0.255030683301461	0.330043481809779	0.67094244130681	1.00272500006049	0.360783434769223	1.55321033350257	1.20986535413588	1.56265292897741	0.497485536031936	0.918084690878166	0.474944746350601	0.700246237874967	1.32989737686317	1.53618104687512	0.23142638017664	1.23772870630975	0.63069629737374	0.381625466002116	0.447388005018611	0.364936945488328	0.432785612470967	1.23719409458341	1.06043009161192	0.944435866824873	1.09530059248966	1.10758039925049	0.948689371187625	0.816935652523375	0.67747089447157	0.998136632974627	1.2290780386277	1.38341707002639	1.62377368372666	0.599863931722814	0.689828431989962	0.687916484110574	0.491989265765205	0.548155434625117	0.445837282842974	0.442000993296922	0.17504795236623	0.206956089289188	1.075460967689	0.338601513381515	1.1797334057573	0.974562934898416	0.897207293340119	1.41949183446519	0.660490378428834	0.192776957466906	0.302525183517204	0.709436465977134	0.356189352723955	0.268627387325121	1.32607635266296	0.438245662754636	0.331858981766462	0.750495234189575	0.989868552977107	0.30939114327315	0.614847493151521	0.433966236404046	0.373278701948817	1.24006315514604	1.67962139333606	1.41409189424191	1.49874527692595	0.302984317468455	0.920892961676836	0.502065656560563	1.37082778541054	1.5212581889076	0.784140399292709	0.669113517376023	0.926344941239731	1.00981136419551	0.350317002283906	0.558403446044475	1.38440763894433	1.08784799960223	0.851806286444747	1.11046762130654	0.967818204714492	1.00527132901451	1.34818297692646	0.866337085035619	0.934991591362482	1.04288036237975	1.27445227944354	1.7321476054572	0.535552739911065
1.29293893173776	1.19586870725607	1.27040067263994	1.20137998761266	1.22578140962623	0.926284600260846	0.53709380630321	0.883794027301918	0	1.08425896484239	1.49630786961186	1.55316146102001	1.71574429436946	1.46414490059309	1.69158692178456	1.09121972970723	1.08172839908153	1.59932760786521	1.32778975525961	1.41079511126115	1.38711565553218	0.619668568913921	0.478503232247365	1.16048796562379	1.4457697309828	1.67789267971001	0.810034160732931	0.594864216323409	0.435617290549189	1.60101742407604	1.6192168062836	1.67875836336634	0.281941624464132	1.61555690320573	0.576566514030936	0.499948757848534	0.823675817222067	1.10868391458551	0.207773121787298	1.34359629997574	0.833570839531928	1.42716850583679	1.08664815751499	0.269469584413731	0.267670889974409	0.145352773557774	0.238507528495125	0.154776930071405	0.122320797633439	0.0999139191209012	0.346003133428187	0.0889039674588397	1.70913549364083	0.413179771804735	0.908977706681365	0.260934226584696	1.2098784747733	1.34631413428367	1.26569371118646	1.0881293082422	1.22700474244745	0.326953287559166	0.469452876101247	0.331307951537899	0.565012111062271	1.00440387853112	1.49282261921965	1.37383876878009	1.77918102172169	1.53441090157972	1.51348165409962	0.685211431388144	0.573314597751496	1.24515889414629	1.4372348483555	1.33485557131684	1.00512520501405	0.503069098879206	1.07546440404662	0.612632280318707	0.0967337295955563	0.381625205873375	1.3742895597951	0.96066159338037	0.662109721862104	1.72526933084117	0.894280546416673	0.230693491720007	1.67407786527975	1.41989064663611	1.37365601777978	0.249756215683327	1.09189777302693	0.318486894229683	0.154775788398046	0.164357458115265	1.45257177087077	0.132580628013762	1.13556924301725	1.34357700493482	0.206492189125471	0.131433684399435	0.460710412699261	0.171797497711534	0.187696585776865	0.0617924693396151	0.314842788001019	0.0778711063777544	0.0504624671895531	0.667750067052066	0.591268107234388	1.10195877596506	0.204988020488803
0.229069682836984	0.0618778436491882	0.186603267108866	0.177403658335262	0.220461588940368	0.25613483232715	0.580523548188933	0.598108868680169	1.08425896484239	0	0.513483176278212	0.366004377420728	0.388999678473991	0.347123392652208	0.33845549382301	0.33118541044127	0.309343361402037	0.216728486130012	0.132319364207243	0.232686507448382	0.379386881085563	0.418284748011625	0.4699209914086	0.1586593955521	0.186905059578197	0.828404182790935	0.328736796548541	1.00234387964927	0.691967896000307	0.727939742846269	0.571216164433434	0.328494024465302	0.668308017484695	0.260227457405966	1.02736507107216	1.53341959277722	0.691396744679547	1.60017574536101	1.26747395240856	0.40033532151931	0.654884688849854	0.453557401112983	0.691458989755345	1.34516920201458	1.40975853300585	1.40228097041122	1.30365003384761	1.12029081180147	1.232289303195	1.303227841943	1.50140779453994	1.24122678288683	0.585663632172861	1.63340963378242	1.11885622549009	0.517532655579535	0.0872648463674839	0.0881148767587776	0.176002029735158	0.201255765164695	0.192303141238568	0.647131540994145	0.689569041738278	0.76030098091764	1.14148724598389	0.108233424752439	0.519983124358745	0.24338650350478	0.408159536889526	0.590563463125599	0.500241668309764	0.594831023677698	1.02966694748334	0.236864977038125	0.350910451577313	0.336600907387969	0.459053220152173	0.97507848421614	0.224925888255589	0.906241598835423	1.14243236793386	0.711595757082554	0.580751480699867	0.152603044094738	0.489861114205176	0.757063143049624	0.878545199037292	1.19721671571652	0.923897369347105	0.578126730548215	0.788890481234162	0.946437250211335	0.569381028744355	1.34401210572929	1.30682250737516	1.27962391870452	0.381874924920371	1.3405566981804	0.29228942498103	0.511387679798151	1.07684073981147	1.43542155050578	1.18722184328741	1.48144628892734	1.15017711556114	1.14718242411278	0.901078369357826	1.29366563488638	1.24791123476364	1.21910868994264	1.01437923135447	0.955055417300336	0.736944482902577
0.177788153917872	0.438258137931029	0.319033484298034	0.427430120421503	0.462252491943391	0.840353647210856	1.44665916570889	1.26438093760104	1.49630786961186	0.513483176278212	0	0.0591121985238542	0.372414562968683	0.130016307701331	0.204303025424447	0.831938459187855	0.711827440576052	0.238529311915631	0.573505997733504	0.157650369080857	0.122569534144299	1.08094056244836	1.28813520897761	0.561703425408368	0.304591137929689	0.29680144005739	0.807310536639642	0.856614948483936	0.819704925525178	0.179093560419627	0.824336966120091	0.187748523197708	1.28390156426791	0.291730285628518	1.0188323858855	1.14705695235152	1.31183898610138	0.928493230224236	1.76526890135362	0.650583995471756	1.33088483859569	0.654440678330232	1.24441954897902	1.23036583048092	1.37419048886771	1.60046239752287	1.29445765143903	1.33045486594147	1.42474228649716	1.66214624212879	1.85809850277757	1.49474367222361	0.0955296939758268	1.28974682328762	0.471478465815158	1.23618386578123	0.419342548274748	0.344217282893005	0.47045269619234	0.480359682483783	0.501398067877271	1.23578626994652	1.55842387392105	1.47799806152873	1.25758751546749	0.644596684469107	0.239487012679929	0.0881131429355353	0.208175664847352	0.0949067118342345	0.291126495668089	1.20799455111869	1.504605916598	0.237682168193641	0.58191648074481	0.677023681849189	0.222556158209939	1.51168953881673	0.680230069200073	0.855656675452242	1.36130570646913	1.34395576788898	0.453026970560344	0.695734816682306	1.04907374844896	0.283432478626096	0.556184507070963	1.1771377824161	0.16420975507519	0.99294128065612	0.396733076913579	1.53815580075425	0.344101905203203	1.18336396922817	1.66708781236352	1.67632844362576	0.115068840372325	1.58788382974611	0.63946800711735	0.849023406510621	1.13527246494417	1.58426143397181	1.08815676317291	1.5303997506065	1.34197623401034	1.53959900530362	1.00877445665035	1.63964357431406	1.61595616835028	0.833702334204033	0.690455927702781	0.342718248839606	1.54060916501639
0.11121007302323	0.336933549628143	0.309178881697092	0.420532199489674	0.443824673023264	0.749439158841165	1.32739758349558	1.1585352788923	1.55316146102001	0.366004377420728	0.0591121985238542	0	0.247196360763782	0.083063687407659	0.118051281986402	0.774240180703652	0.634792955985667	0.117168217663755	0.418886203820984	0.079512549563054	0.110207245371509	1.00559395950356	1.20159054786079	0.460099158516949	0.255464615662417	0.370885588265326	0.781891047141808	0.932564678161238	0.898698977007761	0.16971940661012	0.644438542825089	0.0849071461277646	1.27119549618986	0.182532609379108	1.0702420615248	1.34369814609719	1.25820775529183	1.17328072965444	1.81656316726083	0.609558904447941	1.24091422521135	0.584254628716905	1.03520282744114	1.3915328956887	1.5609686808051	1.73606724460464	1.48429203699348	1.45521192739444	1.55590892140281	1.7567179562505	1.92258293493924	1.61478887105759	0.0567147717468175	1.51333180672397	0.65842587119564	1.19627667511119	0.333072651273823	0.247436278159072	0.419050453412539	0.465686046466869	0.466594867837305	1.24956538823717	1.44117197696515	1.44455435665186	1.36634509911938	0.536561739467122	0.243915638755703	0.0566924892929074	0.113437255067394	0.0714711924062112	0.303837922556745	1.21583169660029	1.54452811857237	0.197781818903659	0.513457383518302	0.567242960203764	0.229178050961031	1.54384437752236	0.593921702105668	0.982861076200715	1.48463007076333	1.36472190109254	0.503353139910766	0.6228141908588	1.04392734452493	0.302088590319804	0.604289455578142	1.29106085620215	0.222226612545558	0.821206460492076	0.479822299007089	1.55558627043653	0.338039389775718	1.33000112774618	1.74606651683035	1.75327967519214	0.142015337814186	1.69673850505418	0.56965619146642	0.752653995499204	1.23015999123707	1.70669078503919	1.29439001655739	1.68685018524557	1.48175851208834	1.59432642787404	1.08555460942693	1.73306733420303	1.68842075508717	1.06277501146937	0.884736458416557	0.417836315615436	1.49810952262285
0.431414590309722	0.282085617237526	0.265514860884915	0.318468342779708	0.269675906188645	0.512473506950218	0.952445342444073	0.698337991794559	1.71574429436946	0.388999678473991	0.372414562968683	0.247196360763782	0	0.352841098841186	0.0426496326893445	0.432266987990459	0.417306269132349	0.0811740034165076	0.234538321495505	0.334363621539919	0.322677865352877	0.817179356894522	0.934956992407288	0.289207540175336	0.248161474907898	0.374384692371299	0.690913339118652	1.51508346520689	1.37238934984887	0.487016608946156	0.160804223219105	0.0917031754859312	1.26244232334611	0.0793688401873266	1.51614512599491	1.78668160674089	0.796482834103019	1.28437909473597	1.67717869642169	0.271911769006814	0.924020946582409	0.160360894101379	0.504079327572636	1.77733962214204	1.78858278127556	1.84312543117353	1.7885662032807	1.7748099159032	1.7720073664824	1.81120555700815	1.69844305199631	1.8397215366399	0.232711874739748	1.833963485407	1.25183833702932	1.32010962683773	0.348640030921876	0.202886042559686	0.247372082082826	0.364427565574357	0.284196294153235	1.22713397110915	1.06329998322757	1.22528481529211	1.64372908731375	0.398081496706642	0.469978540456308	0.26022965608221	0.0517868824299006	0.40991170723048	0.245686004952637	0.892124097810305	1.21028929242464	0.30531317214374	0.231293896471091	0.273661815956832	0.721172554246481	1.29965897673518	0.450005719698294	1.1089429112486	1.71041932198039	1.15901040035931	0.432012361163298	0.5457271394427	0.899162303203296	0.508612565104113	1.21244957911207	1.75391193925483	0.504951345332275	0.263837051103212	0.597170235463224	1.50398422065973	0.71681367352651	1.79783727676215	1.72169711514307	1.67182624266843	0.297857299920363	1.8653436525248	0.283010917321638	0.411767541457907	1.69727256376819	1.90000447445977	1.48828368948031	1.89261294465122	1.73983142210858	1.78173249410447	1.60620909805511	1.82068057936662	1.82697102331985	1.31597771094098	1.36838518654269	0.951134879649503	1.44822488512913
0.120791767989442	0.359001837985627	0.376175759782135	0.456907825222592	0.486485840513816	0.860941701592785	1.30792858926734	1.17491770251042	1.46414490059309	0.347123392652208	0.130016307701331	0.083063687407659	0.352841098841186	0	0.224324020964258	0.861808362887083	0.820114136669324	0.201644596367927	0.514847944327103	0.16011874597315	0.234111213235944	1.03033870516515	1.18831467997541	0.524809660204965	0.360597270181915	0.564867496994694	0.879808970133236	0.777477503864262	0.773559191909724	0.191153759082712	0.702944767720757	0.152602292395415	1.1404195775367	0.336281009374621	0.816985440553352	1.280951732743	1.3604566865903	1.18466821394208	1.70020976612251	0.755896914369282	1.28136466019249	0.70129690154882	1.09623960832609	1.2748401870622	1.46938822840812	1.61785556401883	1.4046858690039	1.3516580600381	1.43688627456407	1.65509297002053	1.86219091348139	1.4880288183685	0.146143702439205	1.45437897085471	0.572500842875338	1.06147898090353	0.366237622225638	0.29441724723826	0.484848387029342	0.454262694735955	0.51780484064323	1.24641035047001	1.40872780147623	1.39928961098566	1.20720153593015	0.496674852729362	0.205358476697573	0.104535826730172	0.204741037717643	0.108753353799685	0.383838922080905	1.23131946470734	1.58657122513713	0.257672901495286	0.605751178594008	0.720356004077385	0.250164935645146	1.41830503671878	0.708135296557063	0.90381155784419	1.41099501259691	1.35010824070389	0.709867249857789	0.698301372715445	1.12065216825982	0.262361484383961	0.465395610784329	1.1443172782337	0.296874192358899	0.881823468315748	0.517497179661654	1.39243537550367	0.222226561226481	1.24077538026845	1.6387354805338	1.64115613697667	0.303193177586104	1.58737329329363	0.611798784522267	0.949106218890906	1.10169269776601	1.58362198285197	1.3292413625299	1.59098167121405	1.43071550689973	1.45015205947957	0.917163495288677	1.63368330374113	1.56960373118756	1.02927007789001	0.805262203364833	0.333607849794695	1.35143675963806
0.298895535861657	0.267550802301669	0.218066668728768	0.278788106435555	0.264257778824133	0.519790516691572	1.05819647085614	0.81495227368705	1.69158692178456	0.33845549382301	0.204303025424447	0.118051281986402	0.0426496326893445	0.224324020964258	0	0.473507239584058	0.440976776076816	0.0272710654432915	0.230852461234362	0.177076909833335	0.157587792853443	0.81484124832355	1.01168218713742	0.274311527249684	0.173034844986488	0.320072572905355	0.674943302282149	1.36058449331243	1.22646190730697	0.385854533262775	0.316555883717525	0.0528002496372253	1.25395394201043	0.0495754714606557	1.38156260298242	1.65832696495651	0.951939341081873	1.22487824567838	1.74203258810318	0.330725113726767	1.05440779213979	0.265207388775676	0.703369699086732	1.64374267389338	1.71696826154236	1.82947911320358	1.6891546827357	1.68978183385082	1.69972937288562	1.81039201785764	1.81026396244613	1.77880514751482	0.11877417744924	1.74883122491149	1.05387404970225	1.28134315267715	0.309708377818514	0.178465776194416	0.255187603594182	0.351973256118852	0.292583801784985	1.19965737032677	1.1811301316978	1.28060079090964	1.56883283879341	0.377926761964769	0.374576602869098	0.133294499231631	0.0242875825990896	0.255349495163014	0.167970930690894	0.950553185915475	1.27760107955577	0.169826448571127	0.27424533075495	0.315184668240529	0.506788690037044	1.34904062317348	0.414336877459283	0.991096532427298	1.63221685531424	1.19401939382254	0.357609250623189	0.49903188936256	0.906823530507437	0.394757543041897	1.02392838847529	1.63779760661256	0.38189441444189	0.445330029175234	0.482674414188454	1.53048863737165	0.566942226537025	1.6898207107669	1.75343106951988	1.71340580601564	0.164746028929285	1.83158355463524	0.323298409206008	0.489313288248048	1.57157595015331	1.86725274964495	1.36234751493534	1.84605308977157	1.64333975523116	1.75595329958491	1.46214995311106	1.80726495344944	1.8073329673807	1.19237739084607	1.18615728494876	0.787375066913245	1.49027661815452
0.791810890185837	0.272389024758116	0.245390517154874	0.148854243946722	0.141904503196979	0.0568688025614724	0.310247078373539	0.187503019050534	1.09121972970723	0.33118541044127	0.831938459187855	0.774240180703652	0.432266987990459	0.861808362887083	0.473507239584058	0	0.0850581597717807	0.450714019463863	0.158178086580775	0.653686025392595	0.590923513091259	0.201104053447768	0.275042590987605	0.117812933778664	0.264166226115903	0.682977962490784	0.137642082352297	1.54986663755743	1.05180549039416	1.23287091819236	0.4505202380168	0.623422603903811	0.572361968950391	0.351299423563175	1.50792710346182	1.58620139616083	0.226908160701806	1.24760220773753	0.914409201876963	0.0997504479841689	0.432963127497174	0.176937469993515	0.52837360108144	1.34899725789985	1.18605548888666	1.17359611257793	1.16216174725873	1.14788458656622	1.11031770705246	1.06492681602684	1.02792196900764	1.16344005886374	0.895390980948837	1.49444430098923	1.47293191634849	0.639404115635386	0.321521892580899	0.306062689598822	0.148415197588973	0.226834328008444	0.132329453089546	0.435267807998512	0.417599749405052	0.442157078676959	1.19296781828979	0.209266333726695	0.843259082128196	0.590825824205044	0.594929932800935	1.08123864791845	0.39042466994605	0.142942041715427	0.412864467064878	0.412317606961444	0.173439382053585	0.115579730964646	1.03150459829714	0.587602466692394	0.079191571830999	0.7227285964646	1.05807220189534	0.340260266482437	0.282556539760703	0.123689217220597	0.215844570336838	0.983424226443928	1.50816240803951	1.46752642592346	1.19240062759127	0.306799175582826	0.689166716708997	0.74789157063158	1.1701521585825	1.55475270419655	1.03266696816841	0.943549347459135	0.468399298495844	1.19792577365425	0.135971285187194	0.297674921551063	1.37545982047089	1.32311071891004	0.821124146120833	1.30960544974239	1.00762638844202	1.17900536684876	1.30065829553975	1.10366675654742	1.16946586158375	0.999348111369668	1.13677524627063	1.5360445702256	0.693119167811674
0.645908748642872	0.228947801575255	0.234089072404525	0.184489845934204	0.186735896914487	0.0875885497260768	0.456695705746681	0.361775882716932	1.08172839908153	0.309343361402037	0.711827440576052	0.634792955985667	0.417306269132349	0.820114136669324	0.440976776076816	0.0850581597717807	0	0.414583128116293	0.156728212327337	0.534286871460896	0.48150694434305	0.269723753717693	0.345959034103769	0.136934881837769	0.235588955008805	0.59733780365303	0.0949834006895962	1.44853854143129	0.954679696668385	1.07186994071771	0.509306996831735	0.545782025928402	0.660060876045899	0.283733135125067	1.57331618644862	1.48268579544007	0.254747584269113	1.2992845210347	1.04368347001085	0.101149813406217	0.417977033629714	0.206217477959447	0.547643607971984	1.3454016854877	1.19615991281987	1.23427325227264	1.1503469173797	1.10710767586184	1.16341532118161	1.13600149591278	1.14080302479202	1.20051412126584	0.802350993122219	1.45482977472521	1.36004068310994	0.670819926422466	0.258365412093422	0.254512332965556	0.158080659389683	0.249574547313339	0.157854337201438	0.446819585830048	0.563766240142788	0.563604692151343	1.24722453137343	0.309337395388489	0.742223543915911	0.507771293258607	0.547857249267381	0.961697050381765	0.409737158052279	0.266880641603431	0.542294892573002	0.400095651447503	0.193202140879538	0.12587761374723	0.883762922789732	0.755303467642985	0.0757424146728904	0.837998711153666	1.06160722596396	0.438751681071894	0.261008329546549	0.125557388189028	0.220560460417416	0.985150571388246	1.38627345804954	1.39614182812338	1.0484055627843	0.374638240967642	0.691292580100883	0.879852026967292	1.14057683608464	1.42787434384988	1.1050514430233	1.05762998542577	0.342922837719045	1.23163957336404	0.192698777860095	0.232354971432005	1.28240769346609	1.3473122904279	0.828031342283	1.32759343275921	0.985927640643334	1.20154426769339	1.21761163945516	1.16639387114143	1.21148499601855	0.988800534685868	1.074611993926	1.38794072101637	0.770459620710153
0.233617609066313	0.202787414669123	0.205334971145253	0.255508676169045	0.258706170249003	0.452049433831256	0.960236932499801	0.760268116473277	1.59932760786521	0.216728486130012	0.238529311915631	0.117168217663755	0.0811740034165076	0.201644596367927	0.0272710654432915	0.450714019463863	0.414583128116293	0	0.1562280139045	0.112378486390262	0.153511116330247	0.735121939435612	0.922229704047607	0.215572666039989	0.138676534293355	0.419720955445765	0.611353880056922	1.27188453576416	1.12544263217082	0.412494439542874	0.336671385122159	0.0462847964015729	1.16823396491857	0.0433814659627121	1.26472632023381	1.6654317710664	0.930312182767678	1.34514114239556	1.70761648894606	0.352615980229956	0.987738920962127	0.30458946913306	0.695389129616952	1.62854266417242	1.72469703155057	1.80932312715748	1.67197857965434	1.62183442393527	1.65910169617433	1.76325951753351	1.80789177628898	1.72026664452471	0.168066585799837	1.79071590800983	1.07609579845517	1.13015777801733	0.232834867859821	0.129296762232847	0.236926485363287	0.335246874575014	0.269830216225505	1.11597475734432	1.08032640347363	1.19136086744739	1.49578747557155	0.279011087029636	0.382919162878996	0.115470416124284	0.0518292748019494	0.278370416789646	0.220029633791403	0.918981289226649	1.28566916016244	0.138822177379289	0.264457087088744	0.289609867662095	0.442394862104139	1.31679635253016	0.357340896860614	1.01937382084133	1.59541750045848	1.14287092284579	0.406918702918947	0.41359330230177	0.852055825826735	0.439648714894479	0.981757221771154	1.58073490056795	0.463784223460637	0.461067588318948	0.556713237807529	1.44804097411923	0.528941941173335	1.65577757246763	1.72726126821057	1.69327485072958	0.187666840159993	1.78800267160748	0.326326673700571	0.482560445646706	1.51286705473262	1.83624884581911	1.38314414076954	1.83599661361246	1.59392897179413	1.67967586918326	1.36844689536261	1.75628577248508	1.73800697405617	1.26043209323561	1.18994793377032	0.810474388091565	1.35999071614846
0.437795255047431	0.152447828761742	0.211803830737652	0.179047810189874	0.198299504760205	0.150746188559523	0.540578208075858	0.385477143081207	1.32778975525961	0.132319364207243	0.573505997733504	0.418886203820984	0.234538321495505	0.514847944327103	0.230852461234362	0.158178086580775	0.156728212327337	0.1562280139045	0	0.283024381166009	0.339751563044447	0.387177785967481	0.532058893730411	0.0915874599834163	0.116349715300297	0.574526822559716	0.287300357282104	1.36961941226979	1.0633163813826	0.841361212756943	0.339790581096927	0.284596431014873	0.845693778306851	0.110437824938347	1.35166615552748	1.68338161020873	0.513673341495641	1.45112760289911	1.33032783234492	0.19363011863165	0.566788575008321	0.221173004300115	0.553768223462126	1.55722768299604	1.52387779035386	1.54276733092073	1.46333901599068	1.38611368591377	1.43606668815826	1.43363971280247	1.43404147182636	1.4629444266127	0.557237033839837	1.75336849832217	1.35659263170784	0.781732238816871	0.169318245575864	0.136242695045039	0.155451155229975	0.273898221663032	0.1670716044452	0.699603772903335	0.655040177518298	0.745274989342538	1.26396067823849	0.155427495092218	0.571481833911468	0.345448123383283	0.296896913652839	0.701227395146041	0.326577164058346	0.500540607059147	0.847690988654957	0.25362546882713	0.125606921669197	0.0906239871666368	0.709714293299884	0.929578193865442	0.0989460423931539	0.99660175925437	1.37762461146426	0.730806751057542	0.326852197374334	0.15365557922561	0.480201691835961	0.694427453859775	1.22258925373426	1.56434114179445	0.89080834430724	0.323015207141004	0.687438887467293	1.06299728840453	0.886614484678564	1.64066917380243	1.4197782531782	1.36304216593092	0.311694587868444	1.51119060609674	0.229603012838963	0.265551174072412	1.46705704243969	1.62789071424403	1.16359502011951	1.6407622301036	1.29804265793202	1.43858391856754	1.30904215143475	1.45541037729175	1.46448608608862	1.24632345377919	1.23629824144865	1.25183151488229	0.929803811556662
0.101783958011881	0.286872235878133	0.31122323997409	0.366024444101347	0.444344252740538	0.572751476329182	1.13381974409973	1.03865266991245	1.41079511126115	0.232686507448382	0.157650369080857	0.079512549563054	0.334363621539919	0.16011874597315	0.177076909833335	0.653686025392595	0.534286871460896	0.112378486390262	0.283024381166009	0	0.0944346254740294	0.807475189862719	1.0330790315454	0.361603140354034	0.185788771980753	0.503815618119694	0.638410230149731	0.930507200882853	0.797638010129864	0.312254864886492	0.680198197792358	0.153240054925232	1.13146272197922	0.168918245037046	0.98323291414247	1.31316711797854	1.13967058744276	1.2937289040032	1.68843128460284	0.575652963377961	1.07663097264064	0.608514289053797	0.999235189630232	1.33354917852017	1.50694931415916	1.64932535055024	1.40740296227414	1.331380501707	1.45624344361705	1.62504581114551	1.8233687596747	1.4847099629326	0.186829879225159	1.53349494312961	0.781622474181966	0.994757242196482	0.250150942025728	0.216284623402935	0.404117650902764	0.459173758784032	0.44308638700403	1.03154726580736	1.23386356218602	1.26321247897233	1.27595223210787	0.407591997947884	0.319964220036714	0.105743902505925	0.203536495718834	0.190692907855349	0.341447289367178	1.06757003851489	1.40104684069908	0.152380093579764	0.492414442711462	0.502308561218837	0.208526124229785	1.34868352738881	0.427839619013314	0.974741189848259	1.37835795557446	1.2005012309739	0.484549208728004	0.428664037947975	0.886195139434065	0.411936035497858	0.648537924636593	1.23688990646774	0.387644262575274	0.825809963234431	0.573172182903405	1.41191745504992	0.398226428001185	1.29131675327241	1.63848186875663	1.65928311770499	0.160708176181779	1.56632489074432	0.541212850135979	0.629014102661122	1.17574143253899	1.62574420201093	1.19926050173558	1.62082185342665	1.32471256454701	1.47445116325366	1.01406401612405	1.60042092836701	1.5506852711159	1.12464460201201	0.906930454805078	0.584701797174335	1.29243406627036
