0	0.549654034530045	0.635994158185897	0.447341167506496	0.701474853320241	0.992094721188655	1.29330742357545	1.26523766025521	0.932352400043995	0.509579072096887	0.593892665406763	0.809944134940224	0.966712206709945	0.476064329185098	0.983679187541435	1.01845809377158	1.11298505808971	0.954831796366856	1.09170843243032	0.814159120654944	0.961357865604795	1.01444180476123	0.572298168453892	0.737937378239045	0.885133887083177	1.36058061146515	0.706249117077247	0.776535048040428	0.251375861025125	0.331439777715442	0.986141213701823	0.378437046633176	0.819227181309333	1.07706703221802	0.44972227782483	0.301665806166048	0.801059908157302	0.799946790473121	0.671822414626718	0.696517858121137	0.850268531967835	0.733036786024931	1.03737080113477	0.493975981350547	0.610291082760366	0.676931714653579	0.496699515688002	0.40355578373532	0.591605898036737	0.865380727964712	1.35080914739365	0.823324069583699	0.869664480926333	0.845224018717335	0.755263709753839	0.635068929092698	0.334172931571432	0.571915954781925	0.665318065765231	0.471477195056485	0.689455180775453	0.907267831046076	1.34367287258057	1.13970340590325	1.22037084756755	0.758577459644172	0.435621581931842	0.658167688834486	0.635927578219713	0.926166498496283	0.795890612408372	0.891901151855269	1.45730651684181	0.949659858651319	1.03020157703024	1.16146979762778	0.908325073658806	0.826535422191443	1.08550454980388	0.72798334759751	0.800269120703157	0.762288045062408	1.40615269885603	0.976245095172219	0.854213850059381	0.931744618230594	0.488710426380378	0.488961739545721	0.482181255674385	0.922844733701377	0.825340422123188	0.498326256569239	0.626726037621734	0.744684045239159	0.698140740853343	0.986150820732233	0.621372816528082	0.935599052116342	0.686847633171761	0.951334970299975	0.49810477699471	0.804591336460715	0.943421796287654	0.802020477742466	0.67832700021417	0.713196147862648	0.293112011521561	0.997167753474168	0.982096927411286	0.79777555514463	0.669795313066264	0.612928418780154	0.615659096060398
0.549654034530045	0	0.073199054155926	0.123445748120456	0.0461499310469334	0.200972434510282	0.613422606220663	0.512133449766751	0.79708900791416	0.0820815334104323	0.303671932805894	0.258418271515415	0.178039609660052	0.189693160313313	0.231234165985085	0.243213497362239	0.254348634736842	0.27197960057036	0.421367732207908	0.40200881164288	0.342398617620107	0.279316285719762	0.977994758311524	0.0790386790339568	0.707003020479332	1.41830103033065	0.391452836492729	1.08441952438639	0.170716467078572	0.270312707114854	0.387642180328386	1.29993552976526	0.202984393744664	0.538494914620809	0.773044595084766	0.538897352349026	1.43389048940668	1.46695022284902	0.936157393603091	1.0177263138668	0.488147082223607	1.40086553626256	1.11758008545608	1.30370464913573	1.35283228855418	1.40823746111886	1.02840499996022	1.1442814450019	1.24735520749785	1.25629447462985	1.76622658344822	1.50162820113747	0.676312141265467	1.6541249563248	1.62069942841475	0.119704864083303	0.119709449955591	0.0158608246441956	0.12885986986637	0.077461877613579	0.0634908594110465	0.234477348505044	0.637401588830157	0.492879683909467	1.21894378805299	0.11964343915668	0.188420345052302	0.371451660403975	0.321034481744151	0.395669941637029	0.253537305748783	0.147283378460415	0.66635914470405	0.349820901996661	0.234312518511258	0.414304943827084	0.760342473346622	0.36176219100401	0.408271639511669	1.5735161280383	0.999030364468021	0.218777870345258	1.18056086382296	0.736854642485112	1.58736233473432	0.630951653327962	0.794735322509445	0.70645064381605	1.25392770279548	0.848672088135013	1.69972615381654	0.366374516925346	1.19271207640997	1.3912961471157	1.4376839631891	1.54984684138358	1.32810793606951	1.68433539815598	1.56917781023246	1.11488223210423	1.04922906397047	1.57558239398719	1.58450329806439	1.601572357334	1.52215718949774	1.13782146154868	0.404627781084688	1.31482755102178	1.58029519893576	1.59541190441089	1.59146071262304	1.46416651121244	0.166229190955536
0.635994158185897	0.073199054155926	0	0.0542172308630178	0.0257265443142083	0.263414922460748	0.746558278454833	0.589839787075432	0.911819120925545	0.19972120888049	0.216960347912227	0.293432677671273	0.244755371546797	0.273364822822075	0.271729609661634	0.215327944706965	0.272332388637188	0.341450992069117	0.486826172740897	0.461915616684454	0.377446261684532	0.350203065724893	0.961464056540629	0.1346827109978	0.599567640053411	1.21641961594084	0.325413328213781	1.17496450009465	0.165167499415735	0.297349874393112	0.475936295731243	1.27692835785001	0.288641362109422	0.55322211037873	0.863982630953797	0.532024542001606	1.33407217384843	1.36516408982963	0.879404638498783	0.863604439345094	0.515687328210206	1.33366356824812	1.30574783053009	1.24618156229014	1.2205322582447	1.34404793834783	0.886966747041268	1.06359901122133	1.18100505717597	1.19383021588985	1.69020562467051	1.43849525111864	0.652813892601149	1.53106571143517	1.53704573343861	0.213932018885403	0.193160215929787	0.0704839378698936	0.0272988791594262	0.0887024658716302	0.0223078784535946	0.286646201401727	0.785336139480288	0.589069217301543	1.1659260078112	0.22115126819913	0.289607924558426	0.317519246386388	0.341993191880262	0.437911644218329	0.244481178560849	0.0730648853603159	0.650520710133499	0.394541622113052	0.256126842886881	0.438098918494549	0.828946625811329	0.439387911181099	0.433069291111803	1.47441784893373	0.855598612700844	0.136922712668065	1.0554556187088	0.669063159903714	1.40005885011558	0.62301202112697	0.855276692284633	0.718598260537569	1.16361338276226	0.881262783966733	1.61067318068477	0.497331728840184	1.1390566834553	1.26295296585442	1.39384591302921	1.50911979352479	1.13159349754653	1.61606516910378	1.50151934114304	1.0795580244449	1.00383504314648	1.54241179930302	1.42758745052104	1.51415402549454	1.39439608723341	1.15119249579494	0.424029030664822	1.25284449162941	1.57149896573306	1.52270219242303	1.4935930732636	1.43441485515845	0.32633410752482
0.447341167506496	0.123445748120456	0.0542172308630178	0	0.0862881272518078	0.422561628979313	0.927463216072825	0.762833349544313	0.931172821761371	0.254862727071757	0.271403745130736	0.434281482098941	0.392506584737348	0.304367928461422	0.44437437561334	0.357172957282553	0.450574060984843	0.517254745182674	0.661051347754949	0.570856533000318	0.538836586550334	0.511840289858835	0.844472792457755	0.248348243633852	0.602743140373774	1.16934088529737	0.311271388220412	1.11847174881569	0.0774351127789081	0.236060639292142	0.571787334865233	1.02848586628966	0.410647992639965	0.698157410424552	0.731837595503111	0.364770730708663	1.15399738771138	1.13470179032175	0.704334729547963	0.714024194593029	0.58057397124277	1.10768938394524	1.29285418755406	1.02064916700192	0.980417127255205	1.10710232287336	0.655334846117515	0.819951620824394	0.982402081701601	1.05251973266415	1.55492180854245	1.27202216416327	0.775773615635025	1.32177099441126	1.33174839288805	0.297155274259902	0.133448000881227	0.119958235629861	0.0852573718004395	0.0672301589318015	0.0825959630709023	0.40654224569201	1.00622804950047	0.748417206891267	1.12954168099773	0.325955924773424	0.229740636956568	0.395152554664703	0.406109276676951	0.617485532968931	0.350771891556101	0.169797613368805	0.841676724667247	0.560730337949452	0.406954483318776	0.603583468057608	0.936374069011368	0.490612544221081	0.597538802803675	1.29128684087423	0.847061556446761	0.22760730897978	1.14185906885509	0.767598608234429	1.27379094733955	0.678965643502338	0.733969873728988	0.664570889494732	0.964048156000209	0.887530435946282	1.41604086118026	0.428235236742283	1.09755996850156	1.21884178813534	1.19834336586541	1.37490908987012	0.987203612732954	1.43865252472259	1.27610249084203	1.02882514353867	0.899951753449402	1.35547130496026	1.27932982608449	1.30983462014465	1.175289598899	1.05875912933137	0.331071724366105	1.20183938698069	1.47854962810385	1.30433010194847	1.26389920016093	1.22788336317716	0.380289268230496
0.701474853320241	0.0461499310469334	0.0257265443142083	0.0862881272518078	0	0.195425304807826	0.602921424356093	0.464556909973448	0.809535947698834	0.165551616503925	0.254135624867489	0.256920871380629	0.190923687314179	0.255242675298018	0.227266763620459	0.174779238471513	0.199993481724732	0.290463467709696	0.413063682597568	0.42263163339645	0.330591424952044	0.266222234253494	1.02447168602373	0.0845123211046123	0.59983545276229	1.23225160637699	0.287595056546872	1.1258136958321	0.191882180976297	0.352399060051327	0.426857935321036	1.37398786349821	0.205425578798943	0.508266457001032	0.846323676456631	0.55012251259596	1.43251109885946	1.42578359270811	0.917693295350475	0.97010703827708	0.51777850831214	1.39248754865326	1.26630798721524	1.30791770545609	1.30237727659338	1.39542441388261	0.954766647410375	1.13850745577874	1.22524806143598	1.19968687578183	1.69453397946438	1.46124327165971	0.677878579284672	1.60046444349053	1.58878096815255	0.154436927236849	0.194525581489906	0.0450380096206695	0.0659888770617947	0.0867283370728604	0.0211850359750322	0.213125284121616	0.657321856757196	0.466039049353235	1.12600506062913	0.152368373913398	0.25505632926941	0.329296940756495	0.364785932564911	0.420609562325574	0.227068125327488	0.0643570038976469	0.565131567133026	0.347592445871995	0.191038822342155	0.356694684678685	0.779433890036789	0.364332174519796	0.366321169413437	1.56436367033634	0.955625305686381	0.146734467294018	1.0244837151453	0.672427983401603	1.51633833140788	0.615932614019447	0.863095192711509	0.75016450682931	1.28194392518502	0.919137766050604	1.69858057164534	0.415652169627949	1.24417359689573	1.41766796310296	1.47837041126233	1.54812157501506	1.26894994542893	1.67322296889586	1.58934131321125	1.13440757966743	1.10846185321085	1.58398187882963	1.47619900686522	1.58476025664011	1.47486018145724	1.20181966685332	0.446044493974802	1.27143756297903	1.57798846534363	1.55532312813054	1.58320303440683	1.50477016053657	0.267622534881146
0.992094721188655	0.200972434510282	0.263414922460748	0.422561628979313	0.195425304807826	0	0.221525830415566	0.128854234972453	0.685125567392254	0.163122789569301	0.29567962946333	0.0913565998062476	0.101618450824068	0.269978058277065	0.0342868532660836	0.0470343556487631	0.0344604687270528	0.0560838728261828	0.0894279429760065	0.14246684714053	0.0626714384137436	0.0322411733935183	1.49626844684262	0.0870322474421878	0.46206319811779	1.27842108188449	0.375297781369485	0.99983330624831	0.554844216439803	0.718107625445593	0.497814139523138	1.7245255035839	0.179249342036968	0.166307896974779	0.902568174764738	0.825831930916355	1.79587256897878	1.82258634494823	1.43590850732783	1.35373808234713	0.624815032941167	1.78347734639489	1.31856843578091	1.52677372991609	1.68905435667292	1.76963632650144	1.39036808410446	1.55723068482541	1.52782603405039	1.42557788215923	1.80251555494736	1.61328029275041	0.408034386985244	1.83309707414221	1.75528552485085	0.158538766259192	0.361893278397934	0.148283697809655	0.304531672523196	0.36054139195653	0.241360040870931	0.0441108563443079	0.242420475835653	0.166324027545869	0.932117647367629	0.0879300994673329	0.396878073773211	0.341301623791996	0.355336687773141	0.156666189013947	0.12014638501855	0.175651571615917	0.211182469775791	0.089707979310903	0.0393586109078257	0.101041916833813	0.470998742089505	0.203981378786476	0.0791859137453618	1.80168162325562	1.09444056274652	0.407075822125043	0.680463455238787	0.426251963963777	1.68763772390184	0.382273987274312	0.896939760014882	0.968787264929158	1.55410151017775	1.16186665654525	1.89133346788667	0.735118304964718	1.38689089138221	1.577232137748	1.83547363986482	1.78850732350774	1.46810631400316	1.8418898171057	1.90353826888438	1.2663342755759	1.35152666408602	1.81993648765855	1.50337257870789	1.87031964664833	1.66030743803608	1.44842953692881	0.749271046585676	1.3295048601966	1.59451962456213	1.78267630667504	1.84746254413283	1.77332863399261	0.411159673963272
1.29330742357545	0.613422606220663	0.746558278454833	0.927463216072825	0.602921424356093	0.221525830415566	0	0.0393886406897294	0.397434124507515	0.463206313536	0.59146839186279	0.271576385193184	0.433031779813529	0.470983676588146	0.276362971079668	0.30124646726176	0.2565685014372	0.236916687387764	0.15546645116274	0.244541618867598	0.201708933800648	0.132028701262152	1.68510536008645	0.394533594119008	0.601225495161596	1.29289009461784	0.635106884306358	0.62053703655428	0.962946329934968	1.23315329292524	0.802214990603654	1.82161936432812	0.292956171785868	0.280953562881649	0.770710642919889	1.10455971977231	1.94400324616185	1.85042709857508	1.57961610643074	1.77038227885877	1.00835587851725	1.84509563893629	1.32082811916009	1.42613093733701	1.71681227388204	1.69179176226793	1.53927784213454	1.61912579285126	1.41300893944807	1.22344860577411	1.57378966162138	1.29716826950545	0.499846861041122	1.67779431479649	1.49963793124875	0.347023946097777	0.857539677158973	0.565690513352628	0.777035566832891	0.784659617900511	0.721965942825183	0.227235139092657	0.0359127855306129	0.0494686236172062	0.644581195583956	0.263483069540882	0.791529864980395	0.492886877272139	0.769186866473458	0.268727831209653	0.423036548098646	0.61902200652522	0.234035874335114	0.194963307247045	0.247714602550715	0.223020440530021	0.249267620898703	0.293759520668856	0.176235259895853	1.65998136339203	1.12973040980985	0.730552795858832	0.532316388328259	0.494837823293532	1.67564635952949	0.536309682507974	0.843270008442245	0.941786694663907	1.78598903162132	1.46897048513068	1.79913500577837	0.841928945141159	1.22299180215117	1.57038282398304	1.8177586829293	1.57596753822504	1.61574289402393	1.60064034110822	1.84207755883578	1.51505021559979	1.36690487662085	1.58337560068528	1.31193309827305	1.72805295487697	1.56059143291533	1.3344633513267	0.911937470415931	1.03846943149146	1.17194808524994	1.59269779895776	1.73563271469028	1.61136163572478	0.579197161746652
1.26523766025521	0.512133449766751	0.589839787075432	0.762833349544313	0.464556909973448	0.128854234972453	0.0393886406897294	0	0.496766975444262	0.394119608514245	0.451927682638682	0.174431059433343	0.318218295881827	0.42037794125539	0.173759785374783	0.159951404630784	0.138062795641164	0.151457219970496	0.0738652972740845	0.168387205073808	0.113267457026475	0.0677128730763566	1.69146415552693	0.278210141318355	0.436686455113578	1.16371540562531	0.455602323023943	0.768095488305461	0.846157159712834	1.09661710999658	0.694142769690761	1.83177571543033	0.227307394229343	0.160823670845656	0.832610148370483	0.978188443604853	1.91819742030843	1.83000322456092	1.59273465050697	1.63372740449885	0.865655126468964	1.82917856202377	1.43014006648641	1.46253369476881	1.69861675063751	1.74176985468569	1.4683533941799	1.61704952893212	1.46443104542036	1.29803540683845	1.59744402217636	1.38294388646975	0.426313681656495	1.71047274052641	1.55760412493429	0.284777411769592	0.723698288431237	0.441596120886886	0.595826693937737	0.671841997336686	0.557806093565747	0.118945347080484	0.0752119466848824	0.0304004106173272	0.67254577766223	0.21717657213014	0.666036864950802	0.397506626615246	0.617265248454204	0.223115944977753	0.275352404971909	0.436513084925368	0.148797522523359	0.131704329405529	0.128062212110239	0.0932514503417087	0.307489039375658	0.213713480922078	0.0733748849979545	1.731290003146	1.16026157524234	0.632960656160105	0.442988448347616	0.372778376370677	1.66750549684978	0.405582486344865	0.902623925579166	0.989614432388764	1.70032846717737	1.40569560883283	1.84283634859275	0.810455881137873	1.33281720624789	1.59509395334903	1.89195942886194	1.70122696498476	1.51861339398365	1.6989569140838	1.89788403305915	1.43879778869935	1.45573175397761	1.70599719620601	1.31233936704148	1.80640186288404	1.56748426560689	1.47606893185668	0.899723225478346	1.16168377447895	1.31103494728963	1.6422708769144	1.7752166278881	1.72130721776271	0.577914539190522
0.932352400043995	0.79708900791416	0.911819120925545	0.931172821761371	0.809535947698834	0.685125567392254	0.397434124507515	0.496766975444262	0	0.754148966560454	0.745440419560829	0.657132843032886	1.00886595439674	0.617528730803227	0.85740825924876	0.765745950482041	0.746113087912356	0.818892303793194	0.738851137405622	0.647317917086949	0.665857623519753	0.542888496688917	1.25252607192041	0.759820617965308	0.984200604933906	1.30446526003624	0.666926840554619	0.198081830517329	0.816547792822845	1.29759487875131	1.34818307314344	1.28468525294719	0.553387427847352	0.862899085582593	0.335070721731132	0.646758703663375	1.58250067983682	1.32158702248814	0.997578829439336	1.63303964575319	1.45780535807786	1.34286771883835	1.32386247217483	0.666672440794376	1.02463648702838	0.893862537749312	0.823288327545721	0.819716279247624	0.600513272033427	0.452473308609534	1.2387886854374	0.588078172250482	0.933105146550709	1.00543701040462	0.83541067942058	0.527508397544396	0.995991037885622	0.81421900776849	0.964147378545006	0.723109770208222	1.00064231958303	0.580477259336824	0.537056683297622	0.348996030081742	0.724505675947099	0.546828682083895	0.950277658653271	0.628882678535376	1.32371124122769	0.741003300629523	0.909675558429563	1.01282079968016	0.847135481706414	0.676447258397395	0.710793651441657	0.763859750611259	0.306213917659229	0.597511987522983	0.684202862149248	1.09221529318406	0.665001771494535	0.77612665092632	0.830647468684074	0.940790185951531	1.36091881009025	1.13762223780531	0.405915406924238	0.430131833151624	1.54392959724145	1.73258176563983	1.35757135434721	0.719846123173312	0.81759029531777	1.18398477978833	1.1380463941808	0.936337607629741	1.3329072923923	0.959213127960309	1.23637872814158	1.7111767119079	0.726192217425373	0.832907169201868	0.87941831933771	1.00401160435936	0.905452267066269	0.664206766498106	0.478173100077637	0.395840098838153	0.523631525275971	0.951929362253388	1.06767783852893	0.87405231421745	0.658805487189734
0.509579072096887	0.0820815334104323	0.19972120888049	0.254862727071757	0.165551616503925	0.163122789569301	0.463206313536	0.394119608514245	0.754148966560454	0	0.235303277015424	0.14193300634711	0.198999726044865	0.0988084035969913	0.162205587724261	0.221251065122918	0.260267519340626	0.150222038114086	0.258465664335171	0.193105578719185	0.204379427615771	0.202172530960683	1.17261689027375	0.073447201076973	0.520812729464016	1.49526031489047	0.413019839501943	0.907258647770663	0.252792495321552	0.382699665700327	0.456753328323719	1.31243614863739	0.184381811462106	0.352737789711544	0.631912050973641	0.600719933315526	1.5825725513393	1.63003111119958	1.22169409002435	1.18519639307121	0.535799539755501	1.54976599200181	1.23629288022593	1.2926922864712	1.46666764321738	1.55324108820818	1.1795074814638	1.25354763461733	1.32860776414254	1.38202778314956	1.89340708451866	1.48975045163857	0.453060287644245	1.71205597245831	1.58011958899617	0.079743584175736	0.148752461118021	0.0621950730271974	0.245024616638603	0.224485355648129	0.191596273285794	0.178158736508125	0.484344569332937	0.37429742187054	1.04094332038395	0.0704248495424302	0.213159034305455	0.27219393689009	0.233051949585019	0.239771104472977	0.169022117379846	0.264732084770494	0.605762093650157	0.20114317265364	0.206349336175244	0.324542293615951	0.514532856494427	0.265501914068274	0.281280994129403	1.59188619764291	1.08109934818533	0.38373198353757	1.01809241632389	0.517274449025824	1.56828190997029	0.440062502895176	0.708687075797672	0.752526230024753	1.25380772907707	1.01558266726917	1.70650089351536	0.446334490746208	1.08336668861234	1.39973177408943	1.59818627517526	1.70557352134517	1.28003968005929	1.74576822872534	1.64381593014037	1.16112042383265	1.10188473601541	1.65307983270142	1.51971657725109	1.70291908388139	1.50906706312867	1.26267722241676	0.448188714983269	1.35556584104757	1.53437171203121	1.6354639092047	1.609764625691	1.49694024962802	0.226384721990883
0.593892665406763	0.303671932805894	0.216960347912227	0.271403745130736	0.254135624867489	0.29567962946333	0.59146839186279	0.451927682638682	0.745440419560829	0.235303277015424	0	0.124253526249501	0.38661891292072	0.1731486550831	0.25540557622296	0.208230421548354	0.309458793490739	0.264356516396366	0.307918322884863	0.192406502337547	0.190671671568585	0.278180305760043	1.18443101214772	0.213816569713046	0.243516296262049	1.11645533907077	0.210787001799733	0.837562284876181	0.270901648485846	0.566804175411989	0.776034361133242	1.23342484889913	0.249713933446319	0.295478748353767	0.704910602007643	0.509720251038551	1.49777742354576	1.49314288688489	1.23657420702961	1.03790217385689	0.71535657573752	1.43629420201416	1.60506742567012	0.985592187854868	1.13684329511114	1.37847858564984	0.874765308925068	1.02584500986558	1.06661002976021	1.13686511855595	1.73270251489862	1.16130680779538	0.235197551616403	1.35340190471904	1.22219046181767	0.223659336505728	0.350979325047853	0.242779203233894	0.199423920586049	0.298146076397023	0.272240935910056	0.213713231648803	0.650268767479929	0.405978205920851	0.842537602568981	0.280220845092065	0.380538848208563	0.0467442833379733	0.312014664106965	0.228143698899631	0.115009708061761	0.255231846756256	0.535049748224898	0.197656191053309	0.274471466123967	0.343430447870962	0.404946838025431	0.281514421925444	0.250289501301211	1.26898285141015	0.730254064874091	0.295142046961401	0.607664455436857	0.263622208066271	1.15713325737027	0.377593419834851	0.663050458970319	0.602945731922624	1.03032223809655	1.2406346994811	1.4524691082656	0.660170990898008	0.897659576955428	1.00666426771992	1.49437763338919	1.55165354396713	0.81519283882629	1.51247883693792	1.45388805644222	1.20466316014865	0.929172204975252	1.4602557834144	1.00930698448035	1.46523904371238	1.09677691112923	1.24273771165964	0.42269316247944	1.08926180192927	1.28620119545711	1.32513953066682	1.3031827558405	1.30655106042988	0.552764467941682
0.809944134940224	0.258418271515415	0.293432677671273	0.434281482098941	0.256920871380629	0.0913565998062476	0.271576385193184	0.174431059433343	0.657132843032886	0.14193300634711	0.124253526249501	0	0.218413009462274	0.145439339436054	0.0734243669448759	0.0887655791232874	0.127519315763111	0.0508917111319416	0.0793833821325511	0.0488518047753446	0.028391352662135	0.0602385435847619	1.42054293421782	0.0968649119600924	0.314384271379209	1.3059639859645	0.297547949313836	0.849457698188644	0.460735843936939	0.688081372309987	0.628563619686836	1.55869483259399	0.113217421444149	0.125052789145591	0.75919504096468	0.715996418550709	1.78898148252889	1.79489179472412	1.48255149698778	1.37313152049029	0.678734637738763	1.75302029263908	1.5166531412435	1.29771548125122	1.54073837244641	1.69249871122919	1.26708891623179	1.39059324049921	1.35280085479457	1.35077919681429	1.86248691142625	1.40628064360971	0.198346013374122	1.6892470118741	1.5206623043822	0.103081074681879	0.394545648479273	0.194163904623098	0.281478667736548	0.387693524158827	0.300384843242528	0.059205040284702	0.288794198254407	0.156247953693334	0.90033777873141	0.121965767324753	0.420579509931311	0.118591703635593	0.291648496850481	0.0685898747120555	0.0679659807228639	0.252269953106826	0.310116734044419	0.0354763911951186	0.101703401887282	0.127073716190809	0.297944906645988	0.169952322458338	0.0564079378496105	1.59880886257592	0.949685112668677	0.395445483384327	0.588599980418264	0.230076745200469	1.4972995060076	0.286907514310464	0.779064456130731	0.760305823014889	1.37116542060754	1.25900556637594	1.75615645091527	0.674921764031812	1.08680231959058	1.31188716364236	1.78076453345622	1.76176197291181	1.20408774763679	1.7503972483715	1.78396508736161	1.34542832260425	1.184270509112	1.71709443227591	1.31411761437674	1.77645399331406	1.45229217885217	1.39192456139445	0.593712182162282	1.2265710858955	1.40410641528332	1.64394408509502	1.65742005764201	1.61133469453562	0.432037149846435
0.966712206709945	0.178039609660052	0.244755371546797	0.392506584737348	0.190923687314179	0.101618450824068	0.433031779813529	0.318218295881827	1.00886595439674	0.198999726044865	0.38661891292072	0.218413009462274	0	0.34017986055121	0.0677592667004265	0.126017838673524	0.0993063656117184	0.124437948866507	0.195703387516938	0.315139400714271	0.204373562831796	0.186971601234471	1.31792770675477	0.13142764055003	0.552402610522524	1.2183954490998	0.496442724886469	1.30060857705793	0.52833723005663	0.501767009874683	0.23421477621355	1.60032728147433	0.251333791457193	0.277167136975405	1.15892305709496	0.9321321570615	1.55964425986087	1.69071907090672	1.32055957659094	1.09562740545717	0.369513134094411	1.58185118170689	1.01408182671356	1.66855583899237	1.63508311098409	1.76743470864878	1.43857770741797	1.60582001492394	1.68180158059277	1.61402037587705	1.69769511861498	1.79385994369651	0.487790408003754	1.83469337212525	1.84865876482214	0.287675226266797	0.313798143858163	0.144049979636089	0.27226532459841	0.338866856875752	0.171845534955721	0.172486619064939	0.401494817031079	0.402778472481764	1.07959340928675	0.21343711950125	0.257434732832807	0.452316715441695	0.199726780071486	0.267959995539174	0.134841676527349	0.124323399342334	0.304557650746	0.2257872920639	0.113719911518283	0.210092789441047	0.789258693353751	0.264854364424633	0.223999143290661	1.78468433707511	1.25129461279011	0.422556995637669	0.862984383940334	0.563402658134836	1.6470034127446	0.404906616429222	1.04590245906693	1.1040465837318	1.362638014088	0.762509093944685	1.78012045834332	0.691793370116812	1.50257573764018	1.52160126425728	1.74403119345884	1.76370325465445	1.43247319445595	1.90382018390818	1.79022218563248	0.947955975088848	1.43703931595624	1.86010801363573	1.62743941707626	1.86801269647586	1.75165525373398	1.5429796045161	0.853750792426762	1.59394333171	1.8085297860475	1.76756296229252	1.82641658064504	1.76435770835033	0.408529025764537
0.476064329185098	0.189693160313313	0.273364822822075	0.304367928461422	0.255242675298018	0.269978058277065	0.470983676588146	0.42037794125539	0.617528730803227	0.0988084035969913	0.1731486550831	0.145439339436054	0.34017986055121	0	0.241734617101751	0.261821595177931	0.373379868158014	0.231851905724806	0.32146333913915	0.203186460235382	0.238295958322777	0.223063887872883	1.20173675786793	0.193414720973594	0.507705421749863	1.57665872806941	0.451772202442916	0.677322917123877	0.242838997081029	0.506374480037197	0.70227951092115	1.2780057225697	0.161544523564555	0.425371914568663	0.490450903429555	0.600287785597147	1.64912377166776	1.61384335243685	1.10108495534545	1.32900968256358	0.799941215300559	1.55183744197541	1.39261959699696	1.03353266794336	1.2890519100838	1.39590852908525	1.04934057840675	1.09241515914542	1.07932416835173	1.13069946158514	1.81874157786777	1.21512012835322	0.361621910694931	1.52363858868482	1.33977046423982	0.0919618555848603	0.304789948962727	0.167563496748364	0.268123367871178	0.217974324326759	0.313240317565023	0.219116394737282	0.508109691575508	0.364629553718699	0.900971681301205	0.130030373302195	0.30751174012237	0.142170255921282	0.372131913963223	0.190721563345116	0.217925336976522	0.356457933182063	0.650351146382078	0.206944756532157	0.275237118101756	0.441143845165083	0.404466484442249	0.171665767993285	0.310092171944759	1.35686084179883	0.782130819857904	0.388305664393541	0.960644756550639	0.496937941890567	1.4959355817451	0.407940363347888	0.458710122998501	0.442572159832541	1.25461311773521	1.18310412493656	1.61010164277053	0.480703369206969	0.816628516707466	1.16090007577829	1.46731880608087	1.49506411231383	1.2062018491986	1.53811920085476	1.5093483907751	1.402901774957	0.834003934710812	1.44978862864814	1.32755303434029	1.53829960763666	1.30482697408118	1.03752690689992	0.26806836600785	1.07425228811421	1.2693885843526	1.47230125887726	1.42268147106898	1.25762267196777	0.239357234689073
0.983679187541435	0.231234165985085	0.271729609661634	0.44437437561334	0.227266763620459	0.0342868532660836	0.276362971079668	0.173759785374783	0.85740825924876	0.162205587724261	0.25540557622296	0.0734243669448759	0.0677592667004265	0.241734617101751	0	0.0483623437577841	0.0634309098296071	0.0198595912168607	0.0657978351118824	0.128029180053199	0.0549868365881631	0.0644293146980859	1.49284783339705	0.102328099138631	0.394300610526097	1.28296354271387	0.441692564966198	1.08250278627607	0.5672363972902	0.665380972575433	0.435462101414771	1.6978349361969	0.188551624294916	0.129915297900375	0.993989293611461	0.937180063439884	1.76365845507146	1.8436759106593	1.49396813686246	1.30937369991384	0.552796981510763	1.7860375441807	1.30960694685363	1.58055922537025	1.70868720329403	1.84404465531511	1.47385099532545	1.62446768440039	1.6159798981987	1.55605263527707	1.82598526378961	1.67359472792486	0.287224262578074	1.85509330692974	1.77117190003621	0.195807508384115	0.380792622062617	0.170376018795312	0.284120043926544	0.405288178673697	0.239459401455922	0.0845534182992587	0.259858771166399	0.233706563334432	0.921732649386023	0.13239894108966	0.392434880732351	0.292206591653282	0.232130937459265	0.0938970250294162	0.0646569184443379	0.16353878425672	0.204504989614497	0.06069049565693	0.0577367632464858	0.1169682918972	0.500805700939003	0.193470017876648	0.0753951201137795	1.75684477008945	1.10876228964595	0.419622262148313	0.664029108135733	0.344038232907283	1.61436004628618	0.264176446320563	0.947321500562727	0.995036305552261	1.45797893597051	1.04887366565072	1.84008501779192	0.775958198227021	1.31685464875669	1.46847666303425	1.85456678598302	1.8236074524436	1.38489149755505	1.87573064088071	1.88128791969666	1.17877049749857	1.36221112268433	1.87265078235029	1.50950698101464	1.90887543252519	1.68534175624259	1.51198876637197	0.797687274909421	1.43093303490157	1.66154413925864	1.80800312966893	1.84013506747413	1.78397076652223	0.438677846799301
1.01845809377158	0.243213497362239	0.215327944706965	0.357172957282553	0.174779238471513	0.0470343556487631	0.30124646726176	0.159951404630784	0.765745950482041	0.221251065122918	0.208230421548354	0.0887655791232874	0.126017838673524	0.261821595177931	0.0483623437577841	0	0.0451960295172058	0.0890373355352239	0.105318370563145	0.154192426370378	0.0723472627461872	0.0634427195274273	1.51085054973707	0.115661192005754	0.337425270922629	1.15083265140291	0.305795194643607	1.03660152031124	0.513433322952312	0.700958230464037	0.524113739302278	1.68830301806583	0.193412560727833	0.152579823022511	0.919973568542166	0.786571068786312	1.74311740188685	1.74968344984026	1.3748022965562	1.27333871488604	0.61725324818237	1.71977305259532	1.46842428743467	1.45731152320413	1.55885572487739	1.71485388199451	1.27129608349401	1.48854764214605	1.47458125448955	1.38369180234133	1.7266684726975	1.55464945291694	0.365642963362325	1.73434385063267	1.66752431334241	0.194644760465617	0.406611947639014	0.167844772302849	0.206715279464161	0.341449005871729	0.207684622035	0.0483217333093464	0.334237676193466	0.212956624367784	0.846626505807999	0.146498325800126	0.395933672309689	0.252439561225362	0.330968217342777	0.166891648610355	0.0824575599389561	0.116550688569645	0.203811409973582	0.111847020466884	0.0200845295092213	0.094770016867733	0.526859949002827	0.160732605525352	0.0697608759244916	1.73842227642134	1.01975378111457	0.388255572319878	0.588078719855096	0.356614754673471	1.60379292318601	0.305323805449561	0.862991824030235	0.935757165374852	1.47512622186896	1.16675029345021	1.83522212754936	0.774405901584288	1.34166926802679	1.48947516038799	1.82552125811334	1.77891126408221	1.33452522061718	1.81394754186978	1.85130272409506	1.25382195273509	1.32635762808297	1.80976235813948	1.39919238422003	1.82621803240327	1.55876545907606	1.49248320166125	0.707143987092869	1.32061044645339	1.58918929964263	1.71464462163388	1.75984171726242	1.72698298460215	0.489848217173776
1.11298505808971	0.254348634736842	0.272332388637188	0.450574060984843	0.199993481724732	0.0344604687270528	0.2565685014372	0.138062795641164	0.746113087912356	0.260267519340626	0.309458793490739	0.127519315763111	0.0993063656117184	0.373379868158014	0.0634309098296071	0.0451960295172058	0	0.100569736450829	0.110700242507861	0.21348129510897	0.0919462054812412	0.0673858612820257	1.44363314518879	0.110345663489716	0.448813714679685	1.08793000019694	0.314624741822799	1.11427093248823	0.599199185299792	0.743107257898224	0.455380236273935	1.73623307787061	0.189894775244519	0.169818922710066	1.06800049432803	0.839481369592826	1.72056239943661	1.75696983692689	1.41643775987135	1.25946558127015	0.54396142046293	1.70541838604888	1.29716670390236	1.56222291149737	1.62640979473585	1.75071953938074	1.3442730280639	1.56492952131559	1.54811258744752	1.4147229635172	1.69224310535648	1.61740994147112	0.44445097953725	1.77818006320518	1.74019010457868	0.225638174096877	0.438249946058998	0.199023676086324	0.297038354027861	0.400246780291331	0.230855888155324	0.0551878112521716	0.277999944318526	0.183545678150271	0.944884593156501	0.171880850372642	0.418290134187903	0.353701704645686	0.368683249060681	0.218071818871512	0.126783161220586	0.137283428993289	0.163349922566982	0.137793184143021	0.0361720114546804	0.0692239619364103	0.559459611371222	0.24606980037427	0.0821864407901262	1.80674778457575	1.12220450322063	0.389168826754757	0.598143906235189	0.422332956155073	1.63494616759132	0.422224405283947	1.01989512310276	1.04158364357262	1.51986603648945	1.09058779841642	1.84946545382874	0.754201832774922	1.48522334993569	1.55167430398844	1.83745596790813	1.7685526123068	1.40805171254301	1.84481709762566	1.88844027647325	1.17608370339028	1.43325857922921	1.82229218686302	1.44960484692767	1.84854098297366	1.63582036363792	1.53585823510717	0.831877992310157	1.36077735161334	1.61234650030782	1.72555682930071	1.83232328892464	1.79715816432645	0.494561015370309
0.954831796366856	0.27197960057036	0.341450992069117	0.517254745182674	0.290463467709696	0.0560838728261828	0.236916687387764	0.151457219970496	0.818892303793194	0.150222038114086	0.264356516396366	0.0508917111319416	0.124437948866507	0.231851905724806	0.0198595912168607	0.0890373355352239	0.100569736450829	0	0.0387056197170186	0.0824129890877069	0.0421601329654523	0.066674974206965	1.49297165839181	0.101662580339084	0.381373279659124	1.33050029769656	0.453790261831399	1.02312140538576	0.591422095119908	0.687828316060166	0.45841466625582	1.67500999779988	0.166777024438741	0.105032622293419	0.918042032386043	0.927783385567278	1.79825105622596	1.86353808795675	1.58322198840203	1.38737329196689	0.576617620139882	1.81913107455907	1.35201883475616	1.55756294770682	1.74746178185704	1.86562106588838	1.51449985289397	1.62930598867233	1.6023771517965	1.57059859923135	1.85446212555163	1.62764856047304	0.245710053744622	1.86255977427833	1.72929830791453	0.169302043327375	0.414031310195666	0.210311298519414	0.344062040611074	0.480948873735122	0.306922197662143	0.0964220578374632	0.205196888381829	0.192080984866266	0.936063161120379	0.125980869556499	0.445055623223221	0.269427704272182	0.237742965219332	0.0749167731456724	0.0833764362921363	0.24469290531773	0.241475895252856	0.0387229357400369	0.0871079415468592	0.101233705142416	0.41194254230169	0.214521070947498	0.0619347879163545	1.74536418952498	1.15326617900745	0.472446488214955	0.648160746002659	0.283766799265901	1.60776098305384	0.254316956166648	0.96612032947378	0.975280446988908	1.45069854098635	1.09552162299624	1.83571641173732	0.738610888164638	1.23568666678224	1.44598455650879	1.87805150803182	1.85428708575741	1.36861843698923	1.86685270040708	1.89000738931667	1.22949544331171	1.38416905794829	1.87021444661323	1.50555740844236	1.92206875506521	1.67774083694017	1.51727992583109	0.80866972423332	1.42068751098487	1.58502879172342	1.81349912310005	1.82872602760801	1.78495735056615	0.426855668211061
1.09170843243032	0.421367732207908	0.486826172740897	0.661051347754949	0.413063682597568	0.0894279429760065	0.15546645116274	0.0738652972740845	0.738851137405622	0.258465664335171	0.307918322884863	0.0793833821325511	0.195703387516938	0.32146333913915	0.0657978351118824	0.105318370563145	0.110700242507861	0.0387056197170186	0	0.0662477291778795	0.0343859430461601	0.0708032527590046	1.63736297328629	0.190095653065716	0.300052056137351	1.17391748166521	0.434276455746407	0.93404090251855	0.737306588649201	0.871633505394721	0.539429218933403	1.72047584619406	0.215790572111624	0.0446510722123974	0.911037019576965	0.952758291367053	1.83630316972941	1.86068766479241	1.69852271458104	1.45790505392504	0.637697320345303	1.81144645123986	1.40740105554825	1.52864754918473	1.72423443859955	1.85926402472099	1.51993817303149	1.66376596723079	1.60673551979328	1.53606025105115	1.73327179129407	1.54599252431418	0.240850584926543	1.78510951405771	1.63773844803474	0.255031431650516	0.551947823860776	0.334937894817692	0.476373670171838	0.622393033280261	0.446427079876001	0.0934501400563726	0.143999079398941	0.121998665285312	0.756951888110052	0.198538555927624	0.512699577348888	0.298464535808397	0.328149136498339	0.111552656642745	0.114495420125585	0.341642821608039	0.169332327312556	0.0521690599430025	0.0934802195145146	0.0528149850887438	0.346287912005908	0.183011221709411	0.0258544935529944	1.74746692979385	1.22307496151797	0.610461088147787	0.459334726446826	0.22671441018223	1.58469262689778	0.229672848014652	0.952568640701948	1.05740690807074	1.48353114503914	1.221418711669	1.80104944593466	0.826427341752044	1.30162459537349	1.48210524404441	1.9392571021881	1.85989609749242	1.34476748402525	1.82721386318445	1.89496787658206	1.22739085899899	1.47896948388942	1.8467752211205	1.36689929222648	1.9035303805677	1.60251076708448	1.61777241103377	0.910265105878427	1.39056159519255	1.50010888430115	1.7242588213722	1.78832870378909	1.78209540069593	0.569566473578019
0.814159120654944	0.40200881164288	0.461915616684454	0.570856533000318	0.42263163339645	0.14246684714053	0.244541618867598	0.168387205073808	0.647317917086949	0.193105578719185	0.192406502337547	0.0488518047753446	0.315139400714271	0.203186460235382	0.128029180053199	0.154192426370378	0.21348129510897	0.0824129890877069	0.0662477291778795	0	0.0366922141839301	0.10274700952806	1.58144229724806	0.205140691571463	0.239235685245275	1.28177857408773	0.364886891147151	0.74650280442633	0.588259355339925	0.820654316711045	0.738137703240935	1.51672741229853	0.242597298206284	0.0785124950652669	0.666671593439917	0.747438505342673	1.80461454731622	1.80012373407337	1.63088746316143	1.42989818369362	0.770709315317886	1.76365189420069	1.54701627109514	1.25095820200071	1.55336023079537	1.70487370874274	1.32106270438192	1.42062677110884	1.37558817324166	1.39265042320167	1.82056710117801	1.36906566087749	0.167933462171842	1.64060753923299	1.44421539067627	0.201440075759005	0.451304799937939	0.306386874816493	0.454518848227706	0.549142332482277	0.471548173988159	0.10549630811178	0.272505049813162	0.1666859993212	0.762028822649417	0.186827523043527	0.476182847159689	0.194601049662294	0.328909644229698	0.0957412288740958	0.111516923920892	0.409126397342286	0.318495111014369	0.0530990927908488	0.162291134301774	0.148290505927859	0.232824886646769	0.16653469507964	0.0674881035306496	1.57414882692218	1.04071826595745	0.619635867884779	0.494682364173309	0.185972490030723	1.44974398608562	0.231082134833249	0.717139427579801	0.864869442701718	1.33547691527859	1.38500408003444	1.68522944623381	0.816408038669035	1.09058933906135	1.34998795123147	1.8171025681453	1.80149768825154	1.16539240669505	1.70682447177893	1.75623889020899	1.33497142430031	1.23840757707221	1.69932823233921	1.21163461032775	1.75886001716811	1.37820684147001	1.46589978924476	0.697117535028224	1.241428148661	1.35706641362739	1.59323627241794	1.59963391969559	1.58270898107129	0.581477072468761
