0	0.377404054415877	0.461358035284343	0.578875966005169	0.6928747313697	0.257236654028354	0.785116173175385	0.715578115720927	0.451094140769958	0.23893497957016	0.364142734082163	0.463903624941154	0.833794094618993	0.352060056595638	0.527817546898972	0.497750865163999	0.545436511940588	0.473813536966516	0.803013997551652	0.416284876485051	0.271086917338097	0.677255367685341	0.13658051303094	0.403542193247036	0.532837592545376	1.3783861411459	0.419169848184771	0.635187832272297	0.133242721428589	0.608348733400608	0.897392823372754	0.304385969372423	0.246098658504427	0.876324178709297	0.2819757512733	0.496323729435473	0.313216167600189	0.400151752770849	0.161594991441327	0.293362377386306	0.325390030028269	0.718744393472295	1.02433933274165	0.138801463949932	0.168220687375377	0.136684960002696	0.107325619224566	0.129616572930545	0.191850180209641	0.202286293371411	0.34704184644412	0.239087695092879	0.464826609901975	0.361204730179527	0.236961089378933	0.128355316218933	0.113012427431126	0.282669394719706	0.431318808677709	0.446943387520822	0.689869116661535	0.430946371225336	0.901189744865329	0.631531394069447	1.19986169968971	0.361106865214852	0.346712332834234	0.359222315573069	0.667655522859449	0.103894324849696	0.351383676549328	0.433427338026679	0.90078661136964	0.268993556008397	0.645783643152203	0.897948249787364	0.46073284677524	0.525542178560556	0.850802669683305	0.267845704173778	0.355110944314627	0.238257610723773	0.706095194278317	0.363761220746177	0.602592040847703	0.631074669446004	0.288493304808964	0.229001928731966	0.291848420745116	0.999077368172146	0.221141259964626	0.312878794896966	0.465413090605107	0.324765653834871	0.331053702515079	0.256766730322954	0.112498830661012	0.238888955580444	0.404827004526453	1.09042593140805	0.287572058587406	0.279888815603551	0.161592535911215	0.249784430813333	0.181440734663881	0.363553734446577	0.181383617430308	0.289787353025006	0.295846070182692	0.366111817505067	0.250262577450878	0.283692279664571	0.212042394846971
0.377404054415877	0	0.0308722863103668	0.0578285268411638	0.121725568250368	0.356098156900135	1.07219158274374	0.940887480540391	0.702726174890189	0.233110883419924	0.251194041281634	0.282866775483995	0.293676834210955	0.350762801725596	0.286037357107354	0.23690084900804	0.372439181204943	0.626529165430267	0.632248492149392	0.693992092934012	0.587302445496536	0.419658332123583	0.44978760775827	0.361824865097865	0.438401805252701	0.763297388403781	0.179812098760636	0.653282140385518	0.404433143617316	0.206119550436429	0.260949048696664	0.252800302583595	0.258175740058208	0.587630087857227	1.00408272444187	0.78053385317928	0.371140177159048	0.731145481045778	0.420946304136812	0.133051910117213	0.241977883667273	0.140773525432849	0.396773017602271	0.587334078976194	0.17161898362441	0.399080631910031	0.309863048240579	0.539785504864529	0.725594676620343	0.668776002021703	0.533901865604172	0.69797061999602	0.38150700596138	0.0944434722562056	0.274134706450976	0.45666454723261	0.117908345131113	0.0224632795309877	0.0448109571771991	0.0247655549541324	0.0946115179798982	0.417986069167146	1.10755809139513	0.859705437473071	0.81179251863643	0.14404733357025	0.0743996214824708	0.212738345626174	0.229254946660688	0.51011079522702	0.227363290536258	0.179382233848158	0.628848476931413	0.591453483779363	0.555610591216984	0.899172551321124	0.943713461815868	0.505574143543263	0.776840133362462	0.506967743622076	1.00687995954857	0.251059176330038	0.768967244802654	0.574234468115223	0.416123715025727	0.373335258458283	0.591823932345368	0.506797019013234	0.521424529306787	0.466873685684333	0.337720282258673	0.287790867658606	0.855172831441679	0.477157206474785	0.450870318586121	0.600119210414067	0.374017762324562	0.633365485755848	0.108435886908144	0.554359162312532	0.818623978322369	0.647185617414229	0.508074832584211	0.616806415441077	0.564141572133279	0.72517548272427	0.423957453570287	0.78177504529721	0.859123709857301	0.281138517439257	0.136878032993439	0.433999979320447	0.41377862664711
0.461358035284343	0.0308722863103668	0	0.0525087342991775	0.0954990054013003	0.421420097586218	1.13943468431719	1.00190246092091	0.791435867024418	0.294917909493828	0.283647939092015	0.258790666796986	0.250871830197717	0.371186201692033	0.289116467691662	0.254742162377752	0.349641523179565	0.672362418348114	0.671794630115592	0.758637619308775	0.675100574235759	0.466609031527213	0.517325216139976	0.373626039080223	0.479741464610064	0.712311489293562	0.179196925481038	0.700483852155383	0.462338398802861	0.188384036891837	0.216347275425874	0.303378924051166	0.273170514175395	0.625610092960783	1.05787690884021	0.88695155202723	0.433465715599161	0.743997311642141	0.491089274016292	0.207537500278044	0.259101973373863	0.1069182092738	0.399019286289799	0.677053684221167	0.251347425501032	0.447313517717327	0.394119085316172	0.613658826150509	0.795079250014411	0.742462494314814	0.625367646138076	0.778275662544732	0.355916499487601	0.113565078205076	0.322402590608604	0.478076128501561	0.164129093081249	0.0389119184233263	0.02751911837634	0.025300056982635	0.0532487043092837	0.460232159817948	1.1470087969661	0.943216398100191	0.888234946617541	0.192654155075038	0.106514039080761	0.209715719727345	0.193004640518744	0.580022451150885	0.232061163270544	0.201409865895786	0.689018942652447	0.668502386801457	0.586487684602022	0.917203941999174	1.0319865525395	0.592345912537554	0.786123297971411	0.550735790501441	1.01269983778107	0.281086266598169	0.878315693684663	0.659755242366179	0.409248592447831	0.42007444009171	0.660697948837995	0.557864930254863	0.626321673632269	0.4026582055975	0.315249175011182	0.278600615505093	0.801723690898618	0.525412853011673	0.490551879983721	0.637566439817777	0.48247720894148	0.6820910651385	0.0829560398939717	0.575930302785367	0.913017772149468	0.705330381924595	0.594209605170521	0.669475751701868	0.684353281968178	0.758911794865992	0.440950824196822	0.850135010884818	0.936939328064746	0.303799357106432	0.136193855616014	0.473337548287712	0.441880740579281
0.578875966005169	0.0578285268411638	0.0525087342991775	0	0.0302573746345807	0.467259924235414	1.02642647354274	0.919914592966118	0.84119411396702	0.278420439572781	0.316514273798953	0.29123383606631	0.235105825411177	0.374353652312916	0.251507622487646	0.186606554108356	0.358020494035477	0.571714823514601	0.530379890771309	0.694543153328621	0.615267885057588	0.333198896406011	0.60984953757991	0.320726230926857	0.352570082238606	0.666588625823547	0.170427418031258	0.628825119022867	0.617926469129565	0.294806474767651	0.207702635547918	0.246820397135777	0.306261852597209	0.483546025039545	1.21799710050931	1.01165157733937	0.523180315338839	0.945078930702958	0.572970689236834	0.250398387739084	0.388227076445638	0.105413192586414	0.369307648309986	0.761586349151938	0.277258454480275	0.602464296580167	0.492122521928485	0.759773288238625	0.912771318103317	0.840372788052057	0.753422629803789	0.87061671642281	0.394801718251907	0.212871390679094	0.396182397365303	0.56555462026141	0.222443569293485	0.112946341390389	0.104646133622611	0.0244994831334098	0.0331596436700696	0.39973525362514	1.00967823433016	0.846228744534231	0.738797419191579	0.142661061074844	0.143014954117023	0.257023702621372	0.186698915847667	0.656550817429628	0.231907615992481	0.146271199921105	0.485001750244859	0.625492366439742	0.462504589205531	0.7969456835214	0.982195260767031	0.463979899791839	0.67867207133792	0.611201907516736	1.15127272981738	0.304633604513806	0.767825949356607	0.59121720943816	0.436734646358813	0.430004009623154	0.755874919786646	0.743744132586885	0.679945695468703	0.47179631037519	0.423380901289436	0.325347216355707	0.958809976299627	0.732613883325553	0.665752794372687	0.797006862111984	0.569799100258433	0.820617234375074	0.180297843919816	0.543010850865875	1.096404347691	0.874331679272748	0.67393394990801	0.839583837410597	0.744945287128096	0.957336953033431	0.637018664909625	0.987171624369956	1.06952669667048	0.327193862110917	0.238592597574203	0.610112324538055	0.518641350840952
0.6928747313697	0.121725568250368	0.0954990054013003	0.0302573746345807	0	0.54206986980851	1.04281663089289	0.923922237681398	1.00718807333974	0.33877355581635	0.33597317946616	0.251666630116193	0.180982126768133	0.396445406455105	0.230223966621194	0.16668209111038	0.382394118487368	0.548407538248631	0.497904543355574	0.709356886649715	0.667623727788103	0.305749080225272	0.768481954758197	0.330979134848477	0.364787220038432	0.564740168510859	0.203690455177376	0.718336387639827	0.792364987584204	0.370724359143621	0.223184397343482	0.271200140567442	0.381139673707257	0.405066209375896	1.34854962089454	1.18052469446312	0.682388435874313	1.09978337146123	0.73457174844816	0.381556405254322	0.536476885582578	0.104580305398587	0.403528784953079	0.886187572753044	0.404082412996135	0.756579593762121	0.640944433218138	0.933565523766359	1.05831443144469	1.01358841242595	0.939173006003615	1.03504822878812	0.390892441919575	0.294008129324132	0.476427185999662	0.682313836595113	0.311782084167785	0.180688556600928	0.179099086114009	0.0736144470335965	0.0210129896733964	0.41129247995906	0.984448620849629	0.866839790825526	0.778165830571039	0.197551208395708	0.183483589241324	0.250787778632691	0.155860433580371	0.702115491100362	0.243077874877282	0.136373653293634	0.436741360886127	0.679683696115605	0.439954847648719	0.714142839353143	1.03270497873872	0.490534038931593	0.656474264447554	0.722532033226771	1.27268309437597	0.41016647146833	0.776034700650826	0.655245709892378	0.501257058793095	0.582427690677748	0.831713968872639	0.913017596321903	0.82806580040325	0.525802963057009	0.476697790307587	0.439214028415421	1.0871563172837	0.900081153224914	0.858756300141728	0.995443553522929	0.738890292814589	0.983646895977506	0.24289224683667	0.549194362669895	1.24592736625888	1.04607982979681	0.826306018828146	1.01210043456198	0.900355047029507	1.14844132308545	0.758675080853069	1.17592499906899	1.24367421990377	0.335434324666404	0.30530731413695	0.711751738041301	0.685925058112662
0.257236654028354	0.356098156900135	0.421420097586218	0.467259924235414	0.54206986980851	0	0.537749730084788	0.381911902601588	0.480254532455969	0.106159494792463	0.287260740426524	0.294119665317184	0.512962324448668	0.469454740618632	0.293658053140657	0.297958952978497	0.176711392437406	0.258249730871637	0.292317556322325	0.23734808298994	0.19877562609641	0.266453709284279	0.400521486652972	0.197969752406166	0.226748899122473	0.921181423285263	0.170084249677791	0.726844435887077	0.496023723277167	0.66369352021866	0.548222529681633	0.351913153107658	0.25810982855636	0.393542764359764	0.582982867190367	0.679107911301902	0.544234777858072	0.808681487430431	0.504066740828774	0.340222803883355	0.480456987068595	0.443569245162822	0.720835125668299	0.518491110796318	0.30345389000106	0.483668875027048	0.369177069361309	0.512152780145274	0.598687282398902	0.511086326169103	0.586955561649609	0.533353011643199	0.37333534501257	0.382984409247614	0.510431846827873	0.254924185732561	0.198411414882679	0.298416506057502	0.422574950543242	0.440435786420516	0.575665550441143	0.130236917308013	0.585899878304179	0.35215760986178	0.955121888590926	0.173216369010926	0.323005178913472	0.347267618039035	0.416933600865228	0.222704820363917	0.234096491998321	0.313056841769443	0.529528427680819	0.242809249517784	0.260006634760196	0.414557332749549	0.425553842203312	0.292492701489164	0.325785363487528	0.567952938204497	0.727497407420816	0.125863376276237	0.36010068177419	0.155430700626104	0.230650349696676	0.867086356286275	0.56260594204387	0.582295609087522	0.508933676971089	0.706034039875876	0.371405970543291	0.393339051995554	0.791783647443829	0.63215321537428	0.595354742298174	0.531368245773725	0.278900513320738	0.475220821796342	0.369081612289264	0.618645259140714	0.720830859817554	0.711565801145833	0.426810642683168	0.613125205670059	0.418563471717766	0.765359670776945	0.561034344270821	0.645135460100825	0.675092565644438	0.478619699313202	0.393153650465895	0.640062840507745	0.3343850591036
0.785116173175385	1.07219158274374	1.13943468431719	1.02642647354274	1.04281663089289	0.537749730084788	0	0.0429207867370704	0.729181449900444	0.500436975251186	0.695670285499833	0.813611229780095	1.12674170876102	0.642960775989914	0.752273088766986	0.602693808403631	0.834616069806104	0.304068986449939	0.286673546102214	0.181988633400797	0.34667208781766	0.513520542229125	0.811540217277742	0.612197499419351	0.331058582841217	1.35539930329454	0.69359148732192	0.745357581381412	1.01774846269753	1.47346277625684	1.16528926181148	0.749684431542539	0.593965882623782	0.46395173485105	0.757683330453083	0.744986933206204	1.08562426532257	1.19595445864304	0.840797508990796	0.944302962556368	1.13242214954127	1.14549768750341	1.32162013469667	0.684362917550552	0.74046673268579	0.960540017014985	0.801861014711886	0.859620560417225	0.740522526494998	0.669852962028897	0.959161943880853	0.558188675012981	0.813398638078082	1.00856334864513	0.971993422646695	0.679119708660713	0.865652472344292	1.09231851153864	1.22988507695264	1.11370786043729	1.18574229034521	0.34485665392084	0.0248075034690134	0.0473168271196036	0.888614972401803	0.67583224564395	0.970419328417798	0.764216768020188	0.994661046248539	0.600384907683143	0.688261756487085	0.692245192146056	0.41377851747884	0.235103339677277	0.321717960989174	0.28149552114963	0.195785393773198	0.280647112441583	0.205992158286941	0.625091547444139	0.792733814011525	0.6649922498684	0.175853645055346	0.20932289891718	0.563850869765259	1.34710416235207	0.774376393674425	1.00439218557948	0.59413957651221	1.42377875523398	0.813633620442247	0.71219467406508	1.10592400245183	1.24033742833797	1.16805788039146	0.900089507089692	0.697869835702185	0.65000058788963	1.11802921941367	1.15264620091353	0.997632653230904	1.00795689197217	0.636567480068418	0.900748225012405	0.546422213707139	1.1287559158699	1.20823787447241	0.796163370255568	0.743181008413691	0.767396671348536	0.999035404525194	1.21633989390842	0.707019863952525
0.715578115720927	0.940887480540391	1.00190246092091	0.919914592966118	0.923922237681398	0.381911902601588	0.0429207867370704	0	0.660129728642872	0.379415401369347	0.530138292701536	0.613752958428206	0.952537053144874	0.554019743191499	0.606800977575467	0.471865649136522	0.675451424097265	0.229747196559548	0.192851602538714	0.122911228000456	0.280471226509593	0.414941992788644	0.815520763517563	0.482056553411304	0.271462744084727	1.22174902457818	0.569756016305591	0.694242560070879	0.999877838257934	1.36815250595671	1.04470073566484	0.671164537416402	0.500695079645173	0.358040022884024	0.753097629553846	0.774566822239735	1.08465184500082	1.23904658518331	0.84329809680333	0.887218865369741	1.10609518886996	0.995254390609037	1.25617506321871	0.678802836314784	0.685223216202057	0.91865480393085	0.749638833722146	0.849987973878645	0.751452323895156	0.689883763268269	0.976568815425174	0.580524029952578	0.654020641707201	0.882401012336349	0.858590837511308	0.590138815000352	0.752730814590611	0.941361978591333	1.08744783133899	0.994966083231783	1.06248460555021	0.249825550369189	0.0640279249044936	0.0194636381311927	0.899370795958027	0.556086023414664	0.830701634807244	0.616128326476682	0.841500084455552	0.497995324758279	0.55272815663138	0.575844400364547	0.408448731611527	0.217988986411015	0.253606969914499	0.196095545817316	0.161015148691117	0.261104400430701	0.124024065680624	0.62941821081958	0.8206951676706	0.546021228870064	0.145022995837735	0.139518352162697	0.414237480169852	1.39643723052484	0.673403594585937	0.964079497825538	0.62952816848596	1.30490854411268	0.723998897627706	0.663204573494832	1.08972797371884	1.19115527681004	1.13448791679144	0.891618510251109	0.647426336898044	0.620051534206479	0.959755636135785	1.03464972629438	0.996379878745309	1.01134231385506	0.633432193113707	0.891547561191265	0.542731727000683	1.13130348489298	1.10777354094503	0.823412897620333	0.77261098227366	0.662671972079835	0.868956521059131	1.09930452691082	0.650238172812981
0.451094140769958	0.702726174890189	0.791435867024418	0.84119411396702	1.00718807333974	0.480254532455969	0.729181449900444	0.660129728642872	0	0.460287971375859	0.775606654032116	0.941205559305924	1.25861770012011	0.747205078658367	1.05989623025079	0.899598662814905	0.732391627321924	0.810139946653083	0.912817819455103	0.716440710784965	0.503786575709649	0.956197180180365	0.301631725137457	0.718813536733508	0.793041476661928	1.49916928494642	0.734429994434794	0.286846653438483	0.3786109339786	1.00800429220606	1.11243209854456	0.798754804755315	0.602875717558135	1.13196931988549	0.460563622843765	0.386037359152591	0.339692142203781	0.785558593021992	0.28790340160775	0.467896994909464	0.599775412112174	1.03237844240848	1.09045023489966	0.335579193608398	0.408858104391193	0.335234313326872	0.283220404145157	0.296651686245606	0.276409269554069	0.20683313904928	0.323798623470072	0.283472351967043	0.957602657970946	0.667507421795824	0.518252360219106	0.31250580493143	0.531711503769002	0.670397912684114	0.640828044276298	0.736199516036025	0.979774945690609	0.787429145889169	0.87569901764393	0.688625143026615	0.58015176926586	0.633300466098082	0.867969371457811	0.845540703352177	1.17044085652742	0.654121084140653	0.866613697475843	0.896315287918533	1.10552115611158	0.60814192929919	0.920581492149312	1.07642817508822	0.502852881484108	0.851226151891277	0.880300949530021	0.527440395993372	0.388494269449624	0.412320950294344	0.908034304695376	0.497726695868536	0.63672240842993	0.834270895922304	0.398368613984682	0.337072051109721	0.613502927652278	1.0667717721659	0.6904960860391	0.532923143414796	0.504696991101706	0.439999237839934	0.336862223783838	0.287753723118624	0.259987895968272	0.304438124439043	0.772449801866939	1.1496792079007	0.328813565754827	0.326018907318543	0.27857410850256	0.314644582839962	0.245102139284851	0.336528261053359	0.431091837570436	0.234123387212441	0.251977366224555	0.829492332172473	0.593088672791249	0.380006079856044	0.216504601801246
0.23893497957016	0.233110883419924	0.294917909493828	0.278420439572781	0.33877355581635	0.106159494792463	0.500436975251186	0.379415401369347	0.460287971375859	0	0.19603999380926	0.241534216816361	0.536786499452133	0.238699056831576	0.270683720655944	0.149227229123797	0.286454143232388	0.205162069930706	0.301804425105714	0.21035018502167	0.152189102165606	0.251929778599803	0.332261803486815	0.153608402766595	0.140563247184851	1.07647064933665	0.127546433027168	0.462936766913368	0.450212454823354	0.683291955038404	0.587983346261373	0.186384117617538	0.130240628134878	0.385263146129886	0.701272827744392	0.697170706193561	0.467242293223955	0.893738897607006	0.351965333131552	0.253903075319427	0.467280127773948	0.422467454914046	0.796991187277399	0.3679169922077	0.141701224569788	0.394994834827314	0.243357843398849	0.45132610099375	0.497713409333077	0.434888213817552	0.576726251450298	0.438166244288061	0.340710670993164	0.286519285390181	0.310122164429948	0.205517703971054	0.11320035246753	0.217063163280838	0.326044766699368	0.260193248690271	0.397102801746914	0.116616080163002	0.548384885706983	0.332979859471221	0.817177589357028	0.0819863770162284	0.240983473684002	0.196919170442253	0.402751504906748	0.228343521785296	0.155287680042143	0.149260582369374	0.429830106222699	0.158812286630153	0.24456786866822	0.484700597572033	0.378700954913313	0.217660545048906	0.371325441277388	0.362117388982463	0.714100598651218	0.107284883394731	0.400824077831646	0.12136618775012	0.286361379168245	0.77014270660652	0.417001460102295	0.533195663308495	0.438479578656851	0.874865606832656	0.267849939397543	0.238015944985688	0.794733513660605	0.66036990650222	0.601912638960201	0.54398751904187	0.24085286494735	0.435387792480911	0.325710481055484	0.809920357346278	0.730190235147601	0.640339691530286	0.311952930939515	0.558755257907124	0.312757416539747	0.772995980240478	0.507594476601827	0.61417146016395	0.634159387794951	0.265590235992586	0.235650748902523	0.516810482890497	0.255325807590422
0.364142734082163	0.251194041281634	0.283647939092015	0.316514273798953	0.33597317946616	0.287260740426524	0.695670285499833	0.530138292701536	0.775606654032116	0.19603999380926	0	0.0914617975521947	0.342907216036275	0.0933470512175008	0.145910499750505	0.110497939365322	0.513528141757846	0.378494971183393	0.431380769437461	0.328021510996298	0.394811777698102	0.401705075763948	0.635625098454539	0.312388918003756	0.342598736688	0.928975734008016	0.275003418532795	0.611699769546837	0.558700182133887	0.477025371809698	0.507772221788291	0.214591961739766	0.123612296141166	0.419558112272221	0.804206871226988	0.772088130700706	0.777990393870909	0.798006452615131	0.546045695627283	0.464873735213374	0.556705118475319	0.376566424104696	0.845746357855638	0.480901141637609	0.264153830160087	0.476243489480691	0.374886689555395	0.559360022803249	0.647068902902996	0.662526384423676	0.757350391661913	0.548649807889978	0.104863231152649	0.2024255905171	0.200131047605106	0.399198797123161	0.229865215417469	0.218440290700634	0.374072991734562	0.309091227353605	0.388797306417598	0.251301868912469	0.749751843241418	0.458878558046476	1.16406476279771	0.205455734859862	0.107677628781646	0.0474833247998651	0.235558208193418	0.241736402181718	0.0831296276736293	0.142072856020908	0.589302362280699	0.342427833050231	0.406791531438586	0.577574678085132	0.49613360872904	0.315095078405065	0.498470169791027	0.323600890498629	0.900409583772921	0.318454021021647	0.447262258097066	0.319433627111576	0.259846547810209	0.801579679439034	0.329786130319464	0.538683223283147	0.390062256690185	0.77075877254574	0.237589468916379	0.273580175928375	0.873387081127399	0.66173107711675	0.685628270532766	0.644709647160223	0.390756339691289	0.470646272220981	0.197861872443855	0.746112816035019	0.84012329971043	0.678529502800454	0.481242760056015	0.593878716245228	0.475989156146803	0.821122558051241	0.4888599538632	0.756784806045177	0.760790584695808	0.0783416549256113	0.185210636388681	0.489808563013324	0.456631603570523
0.463903624941154	0.282866775483995	0.258790666796986	0.29123383606631	0.251666630116193	0.294119665317184	0.813611229780095	0.613752958428206	0.941205559305924	0.241534216816361	0.0914617975521947	0	0.193273752164445	0.206443986635677	0.0753693311767922	0.10725686009661	0.328777221785454	0.311587330718532	0.381777809102335	0.363169335610979	0.419117775325486	0.325534686789671	0.76297957460055	0.191765236709866	0.320830861290519	0.711140018442249	0.201677882927688	0.748209657741985	0.7416471916628	0.491890583273025	0.421471981704575	0.221028488468354	0.199626806066275	0.348625386639272	0.929959488738739	1.11628873752941	0.903930806166559	0.965476308848358	0.74273918864835	0.593178245669844	0.655316322659906	0.271782837072932	0.773750248108625	0.696725141385784	0.43858506493325	0.657663143949903	0.583323309514473	0.771265380159018	0.848601115779723	0.875604470496174	1.01089897787892	0.8243474239799	0.0707586296530154	0.327698732320203	0.35408535600014	0.427356129912822	0.261737860988321	0.229243615030921	0.362389938679281	0.296348257669942	0.306573436954837	0.234387696626542	0.789859877372775	0.569913320706176	1.25432338646174	0.212697665484594	0.147732814776235	0.0844523667872952	0.125860617567548	0.291069500856998	0.0639962337286605	0.136791236411109	0.573086937837675	0.433433164096903	0.340288146290386	0.44916022825022	0.613262049832042	0.413311005125972	0.449852370408242	0.5627452281269	0.980316142588672	0.314947181357366	0.561879179890493	0.406955772884616	0.296318553551807	0.952748174611035	0.535538311898242	0.775307424427	0.69039742496047	0.668343323870598	0.263587459552493	0.374424151899135	0.8647497335882	0.863652408717351	0.878544609896405	0.842288668026169	0.615068754881052	0.699425517566123	0.206122132524815	0.685878356233801	1.06953745339505	0.925598456502219	0.707604223470687	0.845564814133886	0.7522946843987	1.03115254087911	0.588351573627932	1.00749180647541	1.01681690546075	0.188915273872094	0.253111259850506	0.598467920690812	0.569483880486891
0.833794094618993	0.293676834210955	0.250871830197717	0.235105825411177	0.180982126768133	0.512962324448668	1.12674170876102	0.952537053144874	1.25861770012011	0.536786499452133	0.342907216036275	0.193273752164445	0	0.57428669467282	0.125554420114487	0.261083698683963	0.318549165525899	0.602778786422938	0.4506600843771	0.733783644165705	0.796334053061055	0.308836892861769	1.05760640008981	0.385338948041535	0.472457932099262	0.256739064667009	0.281822387505595	1.0846689985004	1.00275001351195	0.29451803545455	0.108099541789309	0.422809446260308	0.516115531648067	0.328844936616029	1.34043899846276	1.32935342495568	1.00764181301742	1.06761332713066	1.07868565555972	0.64112731929943	0.666232564737889	0.0753401294115164	0.327185591209126	1.18026002698628	0.68796780697574	0.995142227523512	0.931559748975008	1.15519913608672	1.33059621469935	1.29417141835122	1.16000601286907	1.27768627957091	0.268307050884371	0.419778763137887	0.69890808622112	0.854500003452366	0.487498720924385	0.304108319687693	0.35109101474049	0.301526217237594	0.19577131481958	0.428359743279961	1.04529580056554	0.897405599771901	1.10398404549985	0.322890983831634	0.213313078224916	0.343773309849181	0.033115571150983	0.709550594304665	0.252339131856509	0.273001184496396	0.520229193317958	0.828748523849705	0.441708385885639	0.565311008599545	1.11048115469729	0.555420711477231	0.574169398887437	0.979782702654819	1.44548863364869	0.532949851864526	0.699232498824527	0.750413797122623	0.414984786904247	0.757954828640973	1.02606368009426	1.09548437553935	0.94250934293602	0.28789528515425	0.589573133751857	0.639373746047346	1.16968662116968	1.00556781828826	1.01367317966964	1.12966721356447	0.931361414398963	1.1307402219158	0.251593363922537	0.272266309262432	1.42824656604897	1.26611177925181	1.11045243661454	1.20618675405552	1.17488525838882	1.29365763244109	0.910916878597032	1.3891394192924	1.45456711850356	0.482919620647878	0.499614521307398	0.928337129924705	0.917618750208673
0.352060056595638	0.350762801725596	0.371186201692033	0.374353652312916	0.396445406455105	0.469454740618632	0.642960775989914	0.554019743191499	0.747205078658367	0.238699056831576	0.0933470512175008	0.206443986635677	0.57428669467282	0	0.288614016872049	0.17629662240515	0.703717211466314	0.385544437496019	0.576986585876797	0.331151529987505	0.370722891979017	0.565608149987667	0.545039204220524	0.353340652654445	0.391376264184083	1.24669248387051	0.377172895920999	0.439262302030199	0.499286295303134	0.63725972907264	0.743654816988592	0.17105463682134	0.0886186512291336	0.605814662388648	0.737013727833633	0.7944137498666	0.738630997479	0.760922652544579	0.407024946069838	0.531862430734035	0.589395544052616	0.569954754065997	1.08934296496708	0.312060793324402	0.228003871778695	0.388323110274172	0.317215821797502	0.455804116796561	0.45995950867225	0.513036808434034	0.743476084181972	0.406416143310655	0.171884212412643	0.294571607634136	0.127676251835223	0.32472796831987	0.256887414116401	0.320066929414397	0.468066272204677	0.35400743589114	0.465329740159187	0.349427687559123	0.706461993927338	0.475729243147956	1.19762767960745	0.283009692783003	0.222037146426102	0.0759601049408376	0.407074830567154	0.259418435932415	0.14809241629236	0.197061337347096	0.678642271389006	0.282058776593693	0.496287140149756	0.704610714207967	0.403848410871468	0.36832945524524	0.619476706431067	0.152417518886458	0.68765403132001	0.362979832756313	0.584438588692234	0.346877609144428	0.41409427870254	0.81908658355677	0.234085807225588	0.485500800690363	0.348471251086188	1.03674475846225	0.166706028713422	0.180475031344117	0.717045186758107	0.695475254394991	0.685128486516468	0.571993322729555	0.388782279962928	0.377535361039095	0.304832823358498	1.08651355195654	0.763965280084876	0.55312782624218	0.353662107759595	0.493230069266604	0.38405425742606	0.735929553123321	0.438840738629647	0.621678955237548	0.610113420666016	0.0307511154530662	0.165378408342945	0.40496637375234	0.375771384736875
0.527817546898972	0.286037357107354	0.289116467691662	0.251507622487646	0.230223966621194	0.293658053140657	0.752273088766986	0.606800977575467	1.05989623025079	0.270683720655944	0.145910499750505	0.0753693311767922	0.125554420114487	0.288614016872049	0	0.0810274134537463	0.280966129466714	0.26203014704967	0.269149043203669	0.334368229347374	0.394468039110122	0.179722288121995	0.793677709816034	0.16787597942657	0.211438637018309	0.602451607172114	0.175393999635231	0.875829034586443	0.804199611162026	0.449697965630525	0.301375253058609	0.171148077454323	0.241027871178178	0.227756204990125	1.01303272232773	1.15974317878884	0.922544949602795	0.952622322175111	0.804614435220944	0.560734379816567	0.632254489504453	0.20769470905127	0.599479820112988	0.809929073306808	0.443010042717678	0.773570651431524	0.671579230913324	0.875978463119472	0.981001267493152	0.953173931711185	1.02880948822374	0.908914146024262	0.101616510319338	0.380891505961276	0.491117438099636	0.539348450710997	0.288527103663055	0.267117769408153	0.41260876471086	0.304832384366121	0.303945470916609	0.160281557584861	0.714990068559896	0.523411009399989	1.20915096547283	0.158259196936246	0.135235375221161	0.170854923067513	0.0596079779854848	0.345027689806385	0.0483264630772113	0.103072947505483	0.377383758309654	0.39520515936156	0.207029515733749	0.369227976198034	0.659954325032739	0.24699836843965	0.374102462903701	0.638023708899705	1.12548359866183	0.316869015947372	0.425158335886912	0.368695086071142	0.305049846750857	0.821602455168956	0.736298734444116	0.916177448586518	0.636020223792726	0.576475469334613	0.351356039732884	0.411774718970988	1.01881013036883	0.959446869315188	0.947754923741075	0.907682576689688	0.643824306351676	0.822565477713464	0.245149389297818	0.504479880836018	1.21610134977555	1.05907015691866	0.773271318910452	0.97038753007711	0.815088542403241	1.15786701983129	0.77323947715767	1.10058914346788	1.13493822503106	0.264858318204132	0.3735269794633	0.803064747229409	0.651216921221128
0.497750865163999	0.23690084900804	0.254742162377752	0.186606554108356	0.16668209111038	0.297958952978497	0.602693808403631	0.471865649136522	0.899598662814905	0.149227229123797	0.110497939365322	0.10725686009661	0.261083698683963	0.17629662240515	0.0810274134537463	0	0.357466989029926	0.211083935680031	0.228950350174078	0.273931062958371	0.313530389554444	0.162979406511957	0.687881516132498	0.171266799627561	0.131372574810887	0.783586830773463	0.169818376996579	0.66938782110316	0.745002871468249	0.587105525493982	0.417827380232598	0.135123837186153	0.181136993002454	0.204723813571381	1.03022404473635	1.02556969675286	0.805242542503351	1.04458688601885	0.652128083316041	0.448450417994116	0.654329835826999	0.27313545239629	0.706777121676825	0.651895346754509	0.310504386100425	0.682479040712724	0.52748657985378	0.793283441960902	0.846275242761007	0.811591145899531	0.924669897131951	0.757282878151748	0.192842444527711	0.312828343707613	0.383134521078461	0.490618105138093	0.24695185619603	0.253402561051086	0.381662482368888	0.239067140807212	0.255874443438237	0.125673627781959	0.581249535937838	0.406551870250031	0.978861678224657	0.118998067395048	0.154042036964299	0.0994061336230089	0.167564352248432	0.34832030822091	0.0598088528750553	0.0217382682853107	0.292407949317061	0.286917428592908	0.177535048643729	0.388501206971604	0.550474522683838	0.178004880166623	0.338867607906075	0.490453447795461	1.07124991590798	0.28572698449194	0.378240441864867	0.270123011185406	0.326979211960071	0.824796658234541	0.595858348901314	0.834358004927218	0.570129112263537	0.788747568468718	0.324719915124735	0.342935054434446	1.07893508282398	0.938715916258796	0.916197207570004	0.879335957291114	0.544227983108345	0.729374868649687	0.291073132679394	0.670410663057874	1.11777397956911	0.968873501880715	0.615811612248478	0.878659905170563	0.637402614164347	1.12709592037631	0.750418907101133	0.99473705378682	1.01695274573081	0.170925674335798	0.29547213990613	0.727936648809607	0.563988275806006
0.545436511940588	0.372439181204943	0.349641523179565	0.358020494035477	0.382394118487368	0.176711392437406	0.834616069806104	0.675451424097265	0.732391627321924	0.286454143232388	0.513528141757846	0.328777221785454	0.318549165525899	0.703717211466314	0.280966129466714	0.357466989029926	0	0.355415674456584	0.334277463607976	0.488378471307576	0.396557492944806	0.229614627609416	0.593051709598351	0.156804205007214	0.280665774682309	0.582679197503005	0.146564533455806	0.897545594522062	0.738725686274103	0.582114630026453	0.326799234905776	0.399718574045122	0.446449182454058	0.394132272939038	0.887167999666692	1.13040689246538	0.632247905060238	0.981668461055824	0.75456932721359	0.446381529907389	0.535958004685922	0.246071296447305	0.453808077926703	0.895573379093712	0.524773652437633	0.75066077690145	0.686297216456727	0.86037851737448	0.950912397159241	0.837205809989053	0.857054983030373	0.961848812942041	0.433250501780941	0.52010442910708	0.758511874234304	0.441503140186597	0.31143781710972	0.327388722007554	0.353881521611342	0.36823259183333	0.390679621828797	0.248881927004161	0.783599079144665	0.669822207822545	0.920673957955366	0.211990698004182	0.405704272914141	0.495116979835988	0.286792531853468	0.514258534233288	0.298994473854671	0.356007718469524	0.524788585971051	0.517239399552342	0.269764372626119	0.443143340341575	0.784353151873885	0.470018587756433	0.394138060846435	0.916000399178592	0.955871000663589	0.187901609887827	0.649506004995272	0.42122328395902	0.353456166813174	0.853763550819575	0.966902229355811	0.921281513033128	0.916448178068049	0.442132940419749	0.483683416377966	0.525768739992912	0.855846342383966	0.865750740381229	0.781067293399639	0.787267144802307	0.616657797161324	0.860276542389791	0.365736388005399	0.432562118239156	1.10104005441472	1.04575058286457	0.764811842236844	0.967819638656535	0.850815452343241	1.03621281877746	0.76494941735588	0.996785599106908	1.07534019603389	0.685821738245946	0.512119800058702	0.836482444273372	0.534423600431694
0.473813536966516	0.626529165430267	0.672362418348114	0.571714823514601	0.548407538248631	0.258249730871637	0.304068986449939	0.229747196559548	0.810139946653083	0.205162069930706	0.378494971183393	0.311587330718532	0.602778786422938	0.385544437496019	0.26203014704967	0.211083935680031	0.355415674456584	0	0.155883072792946	0.0574927889168253	0.0791260343265244	0.170507480700847	0.664642153998442	0.115841401328536	0.0844001646712724	1.02426332717483	0.30251206651172	0.71440917493169	0.870854085447219	1.06712994147872	0.815096856635886	0.252499421719787	0.333010462404356	0.243345303769972	0.748368245037308	1.11431663356122	0.9393825335973	1.16066498185323	0.732973848048902	0.709754809479722	0.922700289508102	0.663189297160537	1.05727616871548	0.628437460950706	0.510828089921778	0.823141996639647	0.66594713393191	0.822418609879668	0.753246411243158	0.72469090666008	1.0636431044548	0.717728894978024	0.377159639026323	0.748797114274636	0.663130648428876	0.401734993586863	0.402738412457501	0.598879345008358	0.780153621538442	0.621396861116744	0.694660400934691	0.0889621981036146	0.267847205188154	0.188400723870658	1.0783824917074	0.270357644452633	0.517525462469632	0.39354960682223	0.485973788454143	0.258126953110386	0.238912905366235	0.254264727726492	0.290341782692084	0.117110946335807	0.0793574962554282	0.158714483721982	0.245873592234976	0.15867929852718	0.202892539234471	0.628307045656402	0.813229499153196	0.303861041291177	0.271322310181759	0.114009474907245	0.47717076399327	1.17014695576555	0.692081781883152	1.00807020646199	0.699023458110253	1.14137596524105	0.469073968254476	0.535450568187629	0.967280421981961	1.18741233713633	1.12901205471554	0.922512244365447	0.613221632029899	0.742500305009515	0.682877120845186	0.938821078157737	1.08097910255286	1.06787751931114	0.631767620824391	0.97667738173261	0.625628121976674	1.2076429911924	0.919085222022081	0.942999341704496	0.918717666802329	0.465400595120003	0.624946381741199	0.920186407811032	0.583897777914576
0.803013997551652	0.632248492149392	0.671794630115592	0.530379890771309	0.497904543355574	0.292317556322325	0.286673546102214	0.192851602538714	0.912817819455103	0.301804425105714	0.431380769437461	0.381777809102335	0.4506600843771	0.576986585876797	0.269149043203669	0.228950350174078	0.334277463607976	0.155883072792946	0	0.194893806880453	0.322766878905217	0.0793274767030014	0.933405913469044	0.261804301600765	0.0869048110221617	0.690200634302297	0.291347434956849	0.852290227853711	1.12784423221691	1.00748607604295	0.544945069262467	0.466936911913628	0.476936123538432	0.0596009889585536	1.11126836135564	1.10331284431388	1.08189425564568	1.36898358119036	1.0092434385885	0.731007191412121	0.985163172891529	0.506344677092862	0.743321254495904	0.978025877220487	0.662095537520838	1.08796426735169	0.887598257140013	1.11442535351523	1.11919807634328	1.01255417595198	1.13813770874167	0.957576731185553	0.483344616225732	0.728113075296085	0.902011231696625	0.710309794414146	0.608851710206376	0.671939188012227	0.788874561344288	0.657036455388352	0.629349106481798	0.0992133969080449	0.229077153380335	0.178883586451418	0.811910657094519	0.299331882631444	0.547963591293443	0.494345890250672	0.405258714185828	0.570542051147999	0.333597717307842	0.308121536126396	0.136529187562625	0.321260956735458	0.047267230523944	0.0740592400409593	0.460176177432245	0.142985472415895	0.0404356460956924	0.861275636675937	1.21694021830125	0.433820680869571	0.139217192563548	0.198415336099592	0.318597539172179	1.17143963711651	0.955841358159129	1.20763141678622	0.800065933695665	0.865704497772696	0.716565324899743	0.664866317351142	1.30483149059852	1.303434006993	1.23676745686612	1.12477739297679	0.784118302558549	0.953153002675748	0.699211809259078	0.561417963148593	1.36202740546027	1.32126705719479	0.879276548983309	1.20075609591137	0.836651232565195	1.42185548479539	1.22622090914113	1.19894960659311	1.20339380119199	0.614608818370575	0.785545731588832	1.21375556385967	0.783631550803084
0.416284876485051	0.693992092934012	0.758637619308775	0.694543153328621	0.709356886649715	0.23734808298994	0.181988633400797	0.122911228000456	0.716440710784965	0.21035018502167	0.328021510996298	0.363169335610979	0.733783644165705	0.331151529987505	0.334368229347374	0.273931062958371	0.488378471307576	0.0574927889168253	0.194893806880453	0	0.0937160813977508	0.285494788907364	0.621253829718076	0.219738249096184	0.137338685234358	1.19276600939437	0.358313871303449	0.667029005574431	0.769441970141598	1.1001340006336	0.911877239337083	0.329243852130692	0.275401880666008	0.324760271948399	0.587377033625638	0.870522916892392	0.93669921097851	1.01533069237433	0.659911926610395	0.719904162175155	0.882314465299011	0.788915504599461	1.18878499504225	0.501700608662405	0.472352975025214	0.712639743608441	0.568880400210049	0.672404873397608	0.609919474432685	0.589805647820756	0.929300341853188	0.513061046217121	0.369076902369786	0.6998004046973	0.60729831420056	0.356603984943537	0.435119726941409	0.651334559587978	0.859807065094984	0.731235907274279	0.849038382035823	0.101225271809088	0.20252386251409	0.075051400864055	1.14467607496551	0.323304255309167	0.536275178528286	0.38299883351203	0.582744869153906	0.206782387582781	0.269920914247821	0.340973097740069	0.390147635740877	0.061795708651903	0.15330186705843	0.204512984892285	0.116239607858344	0.143345153321241	0.183943204447027	0.471000367469434	0.69471162291995	0.325897970027112	0.181526522792958	0.0540612414690204	0.38617502184555	1.17231431217108	0.545978034832497	0.830550337332213	0.503966640338553	1.20253535740385	0.431270555618148	0.462676762040002	0.883254307843242	1.05301608810545	1.00668499601978	0.76113791991986	0.491218230021207	0.526365254750318	0.689876702888399	1.00923339370627	0.915776017310386	0.889684683468527	0.498191174195547	0.783573168247212	0.459771296432984	1.03163155285428	0.843239152275122	0.757394568124366	0.715769042606593	0.419400979811956	0.607632182434623	0.872766769064222	0.501167118563317
