0	0.134168233714408	0.121392408551687	0.220638432609904	0.23660963710565	0.235351362131805	0.492768616534528	0.428325369408958	0.307649625167486	0.160614160993714	0.3051934917455	0.285985592569369	0.405705890773106	0.254335889292058	0.319259589227297	0.319110379728548	0.263119387477216	0.253061326572206	0.432039944807234	0.287860274149741	0.21409756136056	0.34918915971779	0.0801066851794431	0.20733005782118	0.346248632304555	0.955166253073084	0.157822534762512	0.872520620281419	0.0525378847473883	0.234604368318489	0.315668715334098	0.254032375354424	0.209933241653982	0.511479206045834	0.547269089139585	0.331625633560675	0.146428454220426	0.169776332610427	0.117446955485626	0.0923458184660144	0.06432039401725	0.230412772014954	0.350129684129277	0.114734613482501	0.118789469305487	0.0766341973767621	0.100200700387243	0.0794127833260139	0.154895674087158	0.162606892628122	0.171296886660989	0.196747640836609	0.309716682924269	0.163957205232193	0.262319427353746	0.158698121058203	0.0511336077489882	0.0948609359895247	0.090786653802774	0.147928305988092	0.182173548881506	0.283670967925084	0.511658099442944	0.408116270694657	1.22091820735855	0.163043622418905	0.191876705520371	0.211867224149818	0.299363908248509	0.117783254159454	0.225720559068214	0.303689716204427	0.488331063234444	0.199520738647547	0.370576016347059	0.50900576675223	0.348415136293029	0.34521849090205	0.472314191655741	0.192906503158985	0.287876730340005	0.197632066508874	0.457317122542589	0.344276704843202	0.367773443381831	0.584209809100452	0.310980254616188	0.106691207598948	0.15158764663961	0.347555995410409	0.13637490177408	0.178626248464424	0.734172739758385	0.124099530775481	0.105053983090381	0.158208060455833	0.120233156239627	0.193316805417022	0.159649010989999	0.473041957463237	0.214127405399673	0.164803193881803	0.142796681509153	0.158547548851599	0.176483531900532	0.178453445687442	0.0589003997735582	0.191589414276459	0.252952165721251	0.220571830409823	0.118192450848516	0.383153773316661	0.195067125088781
0.134168233714408	0	0.0144091976706631	0.0278376685661136	0.0280054432446952	0.140280123548514	0.342131584136952	0.269477048186423	0.324826700088366	0.0493953709751904	0.0815232489597105	0.095695207558535	0.155072137981013	0.0755360143842789	0.0996839210656759	0.0773069684165715	0.156136181408757	0.127400436800355	0.20723776086203	0.163060363363226	0.125559758499703	0.153605434818315	0.194142671960322	0.103861753096379	0.143946582009288	0.663651942991217	0.0582897197842976	0.825268278381817	0.159859578054852	0.120065308698842	0.0998870407593175	0.181114142991276	0.0803994714643606	0.223758848351057	0.945383931669762	0.352799850412828	0.32240572804996	0.321976967058702	0.153072961788237	0.0878318537688622	0.125378500875368	0.0560712984560723	0.179361271741005	0.21774003937085	0.0457735301604145	0.170838718091561	0.0948930206139249	0.199599551716579	0.317574523588323	0.233818642180042	0.243234648034177	0.239596406779792	0.120399326037064	0.047888541816721	0.204408842134265	0.136223620032644	0.0304358871196382	0.0120545836888856	0.0215135464651259	0.0281687903205653	0.0220557233602675	0.130803392043558	0.353688810754401	0.232066110793476	1.07388768963055	0.0364463192699849	0.0203770841590897	0.0516416038135494	0.0928766848293061	0.0806831012325894	0.0607175137477278	0.080017660836827	0.221405837380855	0.113502141085029	0.182231538349031	0.29537935864985	0.239994690856639	0.135990441492855	0.271840324437255	0.127937791949627	0.45264245806535	0.120471490352386	0.235482095348994	0.184911091070874	0.198632341763709	0.474336969899081	0.294608210780805	0.179385958353921	0.120499100165705	0.202208692473537	0.185270795144908	0.0907814277381624	1.10841876869581	0.239594134139659	0.192904756128911	0.202479496515913	0.0922256154846381	0.206068847372704	0.0558791378569634	0.255812963785063	0.487075501327944	0.31486040653699	0.145393807814597	0.264766432346772	0.159813773510315	0.365985743200833	0.156581809843519	0.283731020850308	0.450725845177692	0.0548050496212238	0.096252535332501	0.540549387212856	0.145678253249336
0.121392408551687	0.0144091976706631	0	0.0407404881734892	0.0388549985816237	0.142478289450386	0.355662655528777	0.280147082661576	0.349159698595664	0.0617341212000935	0.0832671745830774	0.0906152165993463	0.156204624625239	0.0654914903416459	0.101860945721834	0.0892974901937915	0.152980447185452	0.135840033364154	0.229935070733273	0.167533314527597	0.137791574615495	0.176133239281581	0.176698449703615	0.103899359939086	0.166657411567413	0.690589193183889	0.0561720787296232	0.856151132143398	0.130113223395853	0.0941728339007224	0.0954333406460564	0.183350089786628	0.0703930319441961	0.258214746043876	0.879401907043337	0.350620790567283	0.311020375114476	0.242142722927015	0.143988734499351	0.097737840915857	0.102458208892077	0.0523353571753074	0.202055111838594	0.206140416551181	0.0517223138611576	0.142538975419331	0.0977231363797388	0.180299289573068	0.291565551142846	0.216898910816244	0.238697749034577	0.219833857445664	0.0954156357093178	0.0367841540150746	0.19648789899088	0.121391287366221	0.026599263628613	0.00792572519087753	0.0103936401962251	0.0347585650744811	0.018565771885504	0.134517221637685	0.363891582598029	0.247353907657445	1.18337669415221	0.0465753912715706	0.0246308220548404	0.0364807167483532	0.0824104674570407	0.0703002559685306	0.0521242576339669	0.092856758188397	0.259846807902869	0.111672308839792	0.196507303506188	0.318225547224669	0.254269226125752	0.154559091376385	0.281617414200131	0.0996920034689386	0.402406583264478	0.117355006712271	0.26477357613991	0.199527746616978	0.193689311618871	0.495452192438479	0.287444598311344	0.146957383597833	0.108537915404463	0.179828021923761	0.126475803240279	0.0664427704739899	1.02425178841884	0.205205160220201	0.161587223292384	0.169319394258018	0.093332564863569	0.177732972216479	0.0283785679556844	0.272721018201488	0.466600180808773	0.279645669793086	0.137051843789473	0.22526636255911	0.171465823269702	0.316331059927577	0.116667706491654	0.254629697227209	0.419576578155684	0.0414526403370445	0.0695241086346587	0.52344654888184	0.135849725698477
0.220638432609904	0.0278376685661136	0.0407404881734892	0	0.00801302012500982	0.222199380918968	0.389547467080324	0.3354405063574	0.420402645272307	0.100132445266605	0.109596680243064	0.14102602099794	0.154006964457022	0.072234596753569	0.114578310912382	0.0880042688727454	0.226186032772361	0.171406786756696	0.242581358166612	0.212075705392529	0.18499321919986	0.184428634657674	0.27387048815166	0.15276286787789	0.136963523450061	0.654394662045845	0.109355663378081	0.747385998590917	0.236064645525047	0.120604057800674	0.104492871301096	0.130182594354624	0.126216102229665	0.23620184862512	1.05890669931251	0.45449989295155	0.385969022166998	0.398817277871204	0.208866416257882	0.13082457900241	0.181712426689491	0.0660609110851317	0.191823677662903	0.28561155244525	0.0779632126760625	0.250833920379536	0.160527265806973	0.287084734235265	0.411545247084757	0.318530921534256	0.335019619970496	0.307822045848448	0.131227756131799	0.0892055869747308	0.197212765274248	0.214301670923006	0.0729193986801659	0.0553196347652164	0.0689978118540829	0.0210966196000784	0.0174582661540215	0.180408538146579	0.39765934147741	0.283119663820586	1.03505411345685	0.0586884248965158	0.0425860235838944	0.0881041982093429	0.096575609922277	0.158390066360592	0.0928767812305397	0.0965941377905803	0.223441312435346	0.164581516182421	0.221717824158884	0.348785743310067	0.292166783145996	0.146525750188479	0.319736882544262	0.15035623114017	0.563085433585947	0.187048284965146	0.276187128792506	0.230897611106876	0.255442399595666	0.350425618927173	0.341636929253303	0.272751453052524	0.136373196595858	0.240352909774702	0.222446129626721	0.121764706313729	1.12231786211432	0.339521019901519	0.280164731650479	0.286772218603596	0.16807188829005	0.290825931248873	0.0856640783004003	0.290836099782334	0.638761458279682	0.405712818441753	0.219490089342555	0.353020706104264	0.230428889577126	0.470513143645847	0.248741336631142	0.37642541697135	0.548266729999894	0.0671501983740468	0.131981538367154	0.581215893203177	0.212697673325219
0.23660963710565	0.0280054432446952	0.0388549985816237	0.00801302012500982	0	0.227193256280892	0.413799823218185	0.34611874837535	0.472004673856282	0.115055252663822	0.0907834294131279	0.115133921953999	0.122239608487452	0.0623930325129431	0.0983732886608903	0.0774117179267941	0.22897902582912	0.177201358396417	0.244997917339803	0.220406678281741	0.201632289849874	0.185434198074495	0.313843851172545	0.158292780269245	0.156658500571938	0.608578392862062	0.115027930088674	0.790824014117918	0.266722423812044	0.109085870850004	0.0999354454533754	0.140875538748358	0.129391501917235	0.222430644729004	1.09301320233353	0.489802041965634	0.435374162681345	0.410038811784341	0.244384567404603	0.161524407782691	0.207960123530696	0.0574156533818572	0.203977944945765	0.316460348378396	0.102119950095014	0.274355184180709	0.184541787078924	0.320403740385568	0.448047122103261	0.358901409222045	0.374276276687714	0.349299484793591	0.107024979332179	0.0861406477234229	0.196452743939859	0.230614284010768	0.0853672886827662	0.054392259659285	0.0744518704485433	0.0277376744601687	0.011196645199519	0.182628208005214	0.417526294033302	0.294015601496802	1.08963040858956	0.0741510966994137	0.028994724650986	0.0687562026704465	0.0743531292862232	0.15060177715495	0.0845023895507501	0.0861359019723843	0.226509972651476	0.181301091036796	0.223485507265846	0.337523004683935	0.315662587884404	0.157153915842125	0.321761849829967	0.168693173279876	0.589263731764921	0.199678967086142	0.277395621546541	0.244875882292041	0.256105664378296	0.40397964793964	0.335306969028592	0.294801799850439	0.168683062574843	0.239397119856386	0.223211991316402	0.139936982716221	1.16577721281447	0.361965923667549	0.31379858216822	0.318582568971571	0.192523245307161	0.314941169667491	0.0793852660997761	0.284759228846059	0.665196641494349	0.440075822199874	0.24762068071025	0.384820342742321	0.265704324420592	0.510466789928441	0.251004801990141	0.417416693672112	0.601287166085988	0.0500037016344808	0.1316067040866	0.587382911765999	0.237255240141809
0.235351362131805	0.140280123548514	0.142478289450386	0.222199380918968	0.227193256280892	0	0.122852291777956	0.0623050907516477	0.238044662752037	0.0463385876338175	0.109389330906524	0.0843782304786103	0.204795743722539	0.253027472391428	0.0881522495340059	0.0927488294422159	0.0101354169012391	0.0318394031013775	0.0541348000420547	0.0348825074678385	0.025508214871683	0.0490731592052167	0.209943479587503	0.0355211581082358	0.102980350255364	0.540606804576936	0.0359812603970071	1.15589297835845	0.200942762083594	0.279267683343981	0.11279814554406	0.501137063587928	0.0480503288479208	0.132749950048049	0.773579615212552	0.240833378452775	0.456906030809962	0.265115951559374	0.228208717895001	0.219559694751655	0.246157484227399	0.145904260869145	0.188872327532721	0.356139026919611	0.149338263985797	0.264367047667972	0.178658338630001	0.260282030109025	0.347052230412099	0.185553231065369	0.245652750966303	0.226713611715365	0.177917979546193	0.155802702130905	0.558564540238707	0.0441739421992735	0.157035607053429	0.122687614663383	0.117329474118047	0.266427613074919	0.218074093014088	0.016112892859053	0.119705054994642	0.0543329358097862	1.14303428805607	0.0849514556403536	0.126889559531812	0.119794783920972	0.155371693166896	0.0541853620869935	0.0545164979805992	0.0896017723245907	0.130157453764678	0.0320803202007509	0.0418140954341568	0.0864705775584019	0.101375314179576	0.0655001011217887	0.0622693711482976	0.229730358127048	0.276441509233451	0.0210681638676558	0.0714175713857357	0.0357607927128993	0.045022195321309	0.70525185656295	0.547366586136079	0.205399703728586	0.271223037747947	0.100493937458297	0.338484145345657	0.108275675865732	1.20896648021473	0.287579431404807	0.199271794836215	0.122953929149265	0.0687611022578865	0.120795803748592	0.156518334070437	0.125259715514701	0.480667085643433	0.379252798380463	0.130117195718475	0.292690909560318	0.161539593688204	0.347771571300929	0.248932276502476	0.208229519664507	0.438560273606172	0.210405808782348	0.312798035793392	0.871789705926113	0.0626074608885884
0.492768616534528	0.342131584136952	0.355662655528777	0.389547467080324	0.413799823218185	0.122852291777956	0	0.0187930374985068	0.246720547426039	0.16121126596699	0.240790084854573	0.262600266324889	0.447394789435377	0.374127329205848	0.259259569238825	0.193000432963039	0.149469283372849	0.128563533519783	0.0799372421571889	0.0817963888924629	0.124349616736582	0.127684900993325	0.370602637637796	0.176053732060398	0.13695222706481	0.697279469682769	0.179495048400216	1.07893443407638	0.376456790938107	0.612451599524253	0.314762368333743	0.773718577487669	0.146811383860989	0.193973258267689	0.838980767366297	0.211828060134931	0.65097941885162	0.48567292108957	0.337624097927042	0.399194734784909	0.473927468990429	0.396791661312937	0.42736199473039	0.473593694921893	0.279710373536037	0.435926620931957	0.292443594775104	0.391526361227009	0.426901486134399	0.244220570208842	0.361644157166833	0.230495912415706	0.39880267907757	0.333944595170096	0.782659727876656	0.153978027542651	0.397059860644583	0.362266581815166	0.33946942485294	0.485191097176843	0.441842444835141	0.101241125667047	0.00404866522832448	0.0236712045948559	0.893487018296889	0.2460556666092	0.342771434149655	0.285824324009896	0.390223064082054	0.275646774536058	0.217997482937579	0.191716859059026	0.128522559176884	0.104069369590453	0.0874906874055987	0.104611572549864	0.0722278834156813	0.104061568353998	0.0486194719870934	0.29447550367983	0.314143398322605	0.128336341744029	0.0664500450375752	0.0501547087232281	0.0916799905536095	0.761368975856813	0.679345835344777	0.342090693096055	0.388568158977787	0.326312238540498	0.570762212608515	0.205035397246906	1.32249746187066	0.518699306098754	0.375000313862029	0.23087884749365	0.194247138578046	0.166224727779348	0.405969857039803	0.299936860925032	0.613484092207301	0.496667291717707	0.209379689018705	0.39724935556997	0.19192853830109	0.474513361214051	0.497033724136074	0.267771213952065	0.468830966808913	0.37350597291287	0.550515888433076	1.13394122370916	0.128224359865069
0.428325369408958	0.269477048186423	0.280147082661576	0.3354405063574	0.34611874837535	0.0623050907516477	0.0187930374985068	0	0.237842981050283	0.113292242985003	0.15773230655315	0.165549688305819	0.334383371568493	0.313013282991088	0.176424784089235	0.134201075962922	0.0868546028640229	0.0822867364634893	0.0409024252122205	0.0454732528988306	0.0828057319138252	0.0820310100432067	0.346813494994158	0.114624045213069	0.118743120186186	0.600138276956807	0.121943496306999	1.12456949724158	0.339769279630064	0.498963832435958	0.228750639907684	0.707176552701545	0.0951025414389254	0.141216423313724	0.839237829744329	0.219479537159017	0.634640672588568	0.433911957099724	0.323249108160039	0.362768806057194	0.423065630275528	0.299780514885069	0.349454043442104	0.45561694045433	0.242843587166084	0.392752403053203	0.261650668674198	0.366675698851421	0.418537965949952	0.237738001396483	0.342850908494348	0.236426494507863	0.290461695872058	0.259538305646739	0.708438488760247	0.108763226386626	0.327656814413852	0.277641705876556	0.262913175696509	0.42112179643961	0.366052971862193	0.0546738251407449	0.0197419997252541	0.00548639235900761	0.987991125557474	0.186896975927185	0.254719940344889	0.20380457812258	0.288245733245512	0.191504726076595	0.143895762974166	0.137345364177434	0.115509083330417	0.0757168333457581	0.0494950367320022	0.0591749234401977	0.0568834929318298	0.0788583939056049	0.0189302770399542	0.274124848430692	0.308747115722659	0.0784046769544711	0.0385381145531265	0.0241391156271267	0.0379979632240826	0.803957830101144	0.618765098362392	0.299132260355091	0.366786837428596	0.229037002824275	0.498317644431065	0.16668692763086	1.3239836877927	0.455071921295868	0.328851309985035	0.197670381183969	0.152412440299344	0.137426700546029	0.308050960216589	0.213654494399037	0.591662006461885	0.473610298730887	0.187027394666978	0.371311625938908	0.185856907975279	0.449437970702121	0.41748336215339	0.258482532785521	0.481065337174769	0.299257432616727	0.469282936106471	1.05960831199546	0.0979269965132734
0.307649625167486	0.324826700088366	0.349159698595664	0.420402645272307	0.472004673856282	0.238044662752037	0.246720547426039	0.237842981050283	0	0.202917191177223	0.399426885384508	0.437430569462756	0.654921415378351	0.406529193639432	0.473236936143325	0.399182436315913	0.286682287549426	0.318257636408244	0.353186328249848	0.300694248195011	0.221639855316263	0.374823995714921	0.169196548328481	0.28680696258662	0.382227688854403	1.09258207083283	0.261117193121817	0.700877462080556	0.204940914687295	0.604870643137793	0.464084528286518	0.622539756289448	0.248922380219291	0.529455417430728	0.656325134632841	0.146185778209834	0.279118129422198	0.436322144177727	0.146891790243854	0.239468240874462	0.250842715919154	0.470054024459035	0.471204115055641	0.19167020482291	0.185927687958676	0.18976175972503	0.142311442025737	0.149357306378888	0.150385323835944	0.0856774032021197	0.124196798021563	0.100135417697969	0.520139442457449	0.322149783428273	0.512200205615888	0.174501143364885	0.299098782509768	0.325150290048666	0.268244259596393	0.403315358351432	0.448290558990903	0.304867014853737	0.295041068483833	0.258117093237374	0.733621162932431	0.264141350872871	0.418193805994795	0.389088891043362	0.55224440546816	0.349537497130895	0.361349141981284	0.397025728122955	0.439121250170562	0.230094501151166	0.338000846608256	0.429960845826081	0.198463457428029	0.339661591304372	0.343711640717419	0.237493357309563	0.239279494086982	0.203834038759981	0.367053254202905	0.260618192821169	0.285829044842195	0.824933921232101	0.381244631993174	0.157901487866979	0.268293886931217	0.445070621824332	0.426776234939256	0.210379415995874	0.93871183090619	0.248762611901923	0.14660611139058	0.116683777454386	0.12570432038256	0.132192784825764	0.388478895087476	0.490596859702937	0.249277243409679	0.17218721916501	0.11188788057752	0.151294669642621	0.0856460092256617	0.172447135753155	0.278783570436035	0.0894348095408454	0.143823091945796	0.409581497489186	0.368322331070841	0.629023715886161	0.135073780125599
0.160614160993714	0.0493953709751904	0.0617341212000935	0.100132445266605	0.115055252663822	0.0463385876338175	0.16121126596699	0.113292242985003	0.202917191177223	0	0.0748592649491215	0.089861468455865	0.210063545035152	0.137529880032345	0.0980817783186922	0.0632174058226553	0.0705524395611192	0.0574204322641915	0.0999098290287268	0.0621886673038767	0.0456670495501339	0.078138366553445	0.153481730711231	0.0545564521657218	0.0741576871296661	0.656398240656262	0.0203900014664442	0.935889658588027	0.131876631605918	0.22605055447563	0.107074160548995	0.341035971794467	0.0327010471916016	0.161897922958111	0.819645865500965	0.204559156677792	0.34043452510651	0.293583768252695	0.131573904566422	0.104294021566851	0.147901060498772	0.102652730192364	0.184601921688533	0.224381228048798	0.0432901765460189	0.167738447614235	0.0725166683005437	0.17391043260928	0.269130683301998	0.144910130799675	0.178851325964843	0.150112675183053	0.162335603412582	0.0639942638028688	0.363199918389348	0.0545583406601347	0.071327765226497	0.0529570581969201	0.0495241988860518	0.128401822879874	0.110696002860582	0.046929865277852	0.173919791422461	0.0941211621811471	1.00516474998358	0.0281778399217162	0.0688448073783374	0.0674407691872743	0.139328911617575	0.0592300933330645	0.0481522905756316	0.0618993984871169	0.142269562166396	0.0301905236915516	0.0840808201434553	0.17476561529948	0.117152730441114	0.0599261907018795	0.131589421176707	0.120691035655066	0.32259882908205	0.0415655667746315	0.118060086386041	0.0627312943435511	0.0883902560041618	0.539331915655273	0.385917790096318	0.138165588394831	0.142525601264293	0.165388821968138	0.237132530269868	0.0558700318009366	1.15392097423784	0.223955077372587	0.151008114362108	0.115464977867043	0.031781533376297	0.103181399093509	0.0994029708804979	0.196694147927384	0.43078009423342	0.284799391693623	0.0761428545914068	0.212907803964962	0.0790597164980551	0.305720154115596	0.183565741650476	0.18405065498905	0.3675410553784	0.113345338947871	0.179700523676052	0.707487061346342	0.0578600531523762
0.3051934917455	0.0815232489597105	0.0832671745830774	0.109596680243064	0.0907834294131279	0.109389330906524	0.240790084854573	0.15773230655315	0.399426885384508	0.0748592649491215	0	0.0157019574293672	0.0909144035776972	0.0878759480691677	0.0426722446274006	0.0275696513484847	0.126172271799238	0.0986648864210546	0.104031772807549	0.0983451863092426	0.132071908393504	0.094793218158565	0.372018108079251	0.0959789517304294	0.110256182390137	0.472311002452444	0.0775085955030685	1.00900047448958	0.304668314556674	0.187222452429905	0.0742213611716832	0.368140167685484	0.0611319380179545	0.111600540084426	0.995000022275751	0.38444600356203	0.596859876236367	0.419961472855139	0.314289839199585	0.269870846120953	0.304881488209581	0.0766531779821562	0.240174427612273	0.40123203300588	0.15443301566825	0.31966263043069	0.212386721516321	0.360083951246348	0.468015086677712	0.341465951687622	0.399565754597236	0.321540174926942	0.0555574540817254	0.0813380010306139	0.357484716944876	0.147393829907628	0.159753053780985	0.0898713366475625	0.108175897051914	0.165621797439012	0.106962202355541	0.0835963513451909	0.238536825258849	0.137362979856297	1.14041202358996	0.0854283415591802	0.0463231263170226	0.0256505168111681	0.0614841022538842	0.0957782652786157	0.038574483842607	0.0427900813410749	0.163307781707196	0.121623046443192	0.104120194139253	0.15034998163727	0.180960083737301	0.0956739390775283	0.137646510214744	0.198284547741683	0.481753935967802	0.114728938790539	0.132149962845795	0.110212723211552	0.079125848444959	0.649503181814891	0.395381408433943	0.276778527317954	0.272261134973856	0.153392246910024	0.280348768382816	0.121393903557761	1.26232978601173	0.384088255313589	0.324829094453275	0.26669423061901	0.168198544974059	0.209089741210987	0.0862923167224301	0.183084144846126	0.671055029727701	0.469102880463053	0.228502182942827	0.376891091668359	0.24634246241581	0.504079306578659	0.273269820924402	0.380507023229054	0.606207911313558	0.0737977801311572	0.210015262801653	0.761185824685682	0.162214568491032
0.285985592569369	0.095695207558535	0.0906152165993463	0.14102602099794	0.115133921953999	0.0843782304786103	0.262600266324889	0.165549688305819	0.437430569462756	0.089861468455865	0.0157019574293672	0	0.0641618058154243	0.130245468223709	0.0231131649613672	0.0384671726026984	0.0897472104736343	0.0782511969858344	0.0997166105698326	0.0901474708437259	0.115368761137229	0.0825073802549787	0.36804064895318	0.0723345788032843	0.126910205582775	0.415870077588794	0.0701291398446486	1.12526412491156	0.303802253999979	0.160465395069354	0.0628652621776361	0.386254008697521	0.0627459171774397	0.108285350649574	0.954130099487298	0.429230515281938	0.612101463507586	0.361753873267603	0.339309364225531	0.295117991903011	0.31393893943117	0.0684644797333667	0.217839691127546	0.438740763979281	0.188815932374373	0.337060568291985	0.247841331842171	0.374088117544064	0.487157921460045	0.354284535748975	0.421603973434668	0.363992905220264	0.0438871240143659	0.110550603771489	0.411980881052317	0.130902188724465	0.158026694118234	0.0885642406851956	0.110691616900771	0.192183489650154	0.123095455360119	0.0683265953773599	0.249862766364394	0.144266682980949	1.26547292141043	0.0971380409869635	0.0458515930019607	0.0352958159481507	0.0423067663640815	0.0602393721235399	0.0261087055002704	0.0478260516193068	0.169872208003427	0.117132256132024	0.0913778589353003	0.125355660382365	0.194729146778864	0.106481872410522	0.129485619306699	0.243793231585739	0.447885794831553	0.0986668702921327	0.130669399101499	0.11164157624834	0.0755794855367158	0.69851197385522	0.459323448264653	0.294534846610288	0.314853128295098	0.109044209103279	0.288007521131154	0.138686825930218	1.2455372884376	0.386452221068172	0.328448211543094	0.262373668039461	0.176196956304716	0.223274575186788	0.0852130884907318	0.150141489272509	0.668462437497004	0.497792068998441	0.248029391747989	0.405464050032738	0.290275625235614	0.505396852978561	0.261133822419268	0.389394808351618	0.636417957930266	0.102773247535368	0.237783394754868	0.786483772909728	0.162397010893418
0.405705890773106	0.155072137981013	0.156204624625239	0.154006964457022	0.122239608487452	0.204795743722539	0.447394789435377	0.334383371568493	0.654921415378351	0.210063545035152	0.0909144035776972	0.0641618058154243	0	0.222966214927415	0.0391217327121989	0.101150948924626	0.182943616496761	0.175331568285699	0.181851904588338	0.21535481887002	0.239900618031545	0.14400128970308	0.526806742782936	0.166919024427975	0.185012203626203	0.252423820158914	0.169121915928639	1.1515051069971	0.469406775727884	0.102788926941142	0.0421735199327358	0.321172921071044	0.197520524982619	0.11917212797575	1.13535811271999	0.657707747031702	0.723514640488878	0.480016554960331	0.514423534231316	0.382619978949833	0.413650931633822	0.0501445401690606	0.152896548853116	0.636597318763128	0.31058989636224	0.517278863478943	0.423875504143166	0.5785865958583	0.732324018991864	0.577657619663774	0.596624871523705	0.60249507177422	0.0566875839526157	0.203428060125211	0.455125559887703	0.303691194260347	0.231897962476786	0.15235608483732	0.195700275635079	0.215689556861828	0.137651532486791	0.169720799538711	0.421554333735544	0.290722635016239	1.30297233003459	0.158523671707956	0.0766131630352966	0.126670269146692	0.0177546161090798	0.15731628470708	0.0934306063450965	0.119150378392006	0.217760409869606	0.256240965493869	0.188507308237193	0.211730622354542	0.369435115975219	0.178935246116307	0.24829195027583	0.410928892780748	0.708270888178954	0.237531096532683	0.223027180828647	0.243687682275705	0.206030313901713	0.601296326153908	0.603513676133084	0.496042393457726	0.41741351922867	0.101112561051273	0.387052171540534	0.279852064606326	1.30983439999809	0.524374880354482	0.488616106555826	0.453840133168635	0.330597990022702	0.447813963433882	0.12822658686024	0.115991540502315	0.908525384171453	0.716989332078904	0.445133247931356	0.623844744786227	0.497211436200249	0.724823759903422	0.415660241583893	0.618475863140856	0.891406519343567	0.178951498412292	0.327378549612291	0.847883226805361	0.345102821241679
0.254335889292058	0.0755360143842789	0.0654914903416459	0.072234596753569	0.0623930325129431	0.253027472391428	0.374127329205848	0.313013282991088	0.406529193639432	0.137529880032345	0.0878759480691677	0.130245468223709	0.222966214927415	0	0.162108386026254	0.117192294929851	0.279097153808683	0.210383239031739	0.287667902682227	0.217359356570768	0.225691921235086	0.260678110677501	0.320923604000573	0.178346626938268	0.23259348708877	0.792570607885053	0.135741748125801	0.68384312943675	0.250488459740662	0.200269197328899	0.190504007491401	0.223104299779474	0.100795697543118	0.321931204069782	1.00374672115463	0.437990913657541	0.465966601322428	0.388272570705377	0.22138706011538	0.225954665740152	0.236147270585749	0.145503670105587	0.382145316470866	0.239693550413759	0.112993154372884	0.21679499247064	0.161842827233529	0.25400539541943	0.331596757778866	0.295274149683962	0.373111661436684	0.245677163556122	0.106214650856702	0.0890693324778	0.145198282540598	0.19474362929017	0.131601475409461	0.0945977355819894	0.0958689141249945	0.0813347018408518	0.0675784658233645	0.216357949020416	0.389618191060385	0.282179299103094	1.14475907695152	0.118808438943838	0.0774929995339311	0.0547978590423617	0.146673369006767	0.184947871764157	0.111260704837464	0.136608089569493	0.324865024312225	0.189658306863824	0.265882549801247	0.373161342335249	0.239879370823411	0.216265319561007	0.328085305944841	0.0831884620804761	0.459567978910292	0.193678237091945	0.318915703132664	0.254529980853733	0.220164059229521	0.598654847600861	0.188412267623577	0.215826658891675	0.15257969496518	0.314334352596942	0.17461993738015	0.0898457041492853	1.01742938696753	0.355638624650243	0.279035852572997	0.258210382008881	0.189847183369269	0.204745145599511	0.0895318372465173	0.409777965443629	0.586101294546923	0.329318341913159	0.200243040883872	0.281725231591629	0.225241746175321	0.401804669206275	0.192641778843622	0.331328818824803	0.470058210324151	0.0171336362184354	0.093453249326807	0.48543692439978	0.186298844979414
0.319259589227297	0.0996839210656759	0.101860945721834	0.114578310912382	0.0983732886608903	0.0881522495340059	0.259259569238825	0.176424784089235	0.473236936143325	0.0980817783186922	0.0426722446274006	0.0231131649613672	0.0391217327121989	0.162108386026254	0	0.0284403018757526	0.0746382551637157	0.0563265093670299	0.0757389342286308	0.0840571681999883	0.0988749408257803	0.0476152440724834	0.37994631837956	0.0580831983044938	0.082785726305593	0.362124531339002	0.0676781340497892	1.11882270573614	0.337033438416159	0.148100121824952	0.0301084554486719	0.343932198068057	0.0773755155325967	0.0728078079396439	1.01441606777377	0.48746623310942	0.621243646787858	0.375632753819577	0.358135409062242	0.291521737254293	0.330390086159654	0.0510501883817396	0.155092315086664	0.492888542220328	0.196124272839603	0.393887445962552	0.287297272567154	0.426283086984228	0.551056964975449	0.385551142560799	0.452826541938407	0.411826319780137	0.0534794675122086	0.150484433914884	0.459641492935537	0.152363293034335	0.162917990257056	0.101525503144116	0.125961343434048	0.181810031977214	0.116151666163081	0.0550292676765982	0.240092212509482	0.139905366095901	1.24154307779259	0.0790604512868649	0.0465479055672164	0.0711895990101156	0.0245609046316433	0.0790611750491776	0.0207358284964583	0.0373938229602189	0.114038243326194	0.108871036934769	0.0676343521570976	0.109728122900569	0.200299911515268	0.0664310325392283	0.119934960890025	0.278156961403325	0.501314177056698	0.0999575655791547	0.108847206910298	0.101864468583373	0.0938023282100923	0.587556502480783	0.553165674798638	0.363099317858036	0.319163059147451	0.0823160614237939	0.338105216579553	0.152737450031916	1.29368205008417	0.445954333165301	0.364671092874987	0.291733024936097	0.191627905187669	0.279019767382358	0.10427212381037	0.104339186288297	0.761461871883822	0.573065618288487	0.278700964740892	0.477462563073346	0.324363693648081	0.57312765077286	0.330581406853437	0.428887596786873	0.702508522555234	0.131556544368051	0.290952569331998	0.865336320928643	0.17988458977149
0.319110379728548	0.0773069684165715	0.0892974901937915	0.0880042688727454	0.0774117179267941	0.0927488294422159	0.193000432963039	0.134201075962922	0.399182436315913	0.0632174058226553	0.0275696513484847	0.0384671726026984	0.101150948924626	0.117192294929851	0.0284403018757526	0	0.0909695278615976	0.0577350083877752	0.0648577774138293	0.0742142996990907	0.0883414941018861	0.0448529062416584	0.342867860776699	0.0698269020753999	0.0514201256828066	0.46533128452687	0.064534847414002	1.0332444902796	0.298911743973609	0.216308800838018	0.0707221201848183	0.355545908463911	0.0540739904547702	0.0723959718390905	1.01675855304469	0.391849576103245	0.577118909086046	0.406778032500235	0.282427861551845	0.241173990200243	0.306059151902192	0.0826831120909437	0.202815498071286	0.40888609416902	0.135731013808782	0.339700058664101	0.208588030824352	0.371065248630591	0.475712508104346	0.317121330312339	0.382864337790502	0.320333612648368	0.0977163109158214	0.109269318589445	0.422353688616852	0.138507754012924	0.154425725723724	0.0998186799210328	0.11700740338815	0.157834672965725	0.104881159540353	0.0484188171350973	0.184722802916116	0.102139440288777	1.08666727837738	0.0715976381899159	0.0519100538492174	0.0494671131939497	0.0692662833104949	0.0985171118651946	0.0271394707211086	0.00521055878245624	0.0805018935402572	0.0800785929485027	0.052452874398127	0.11561555112021	0.16609507802923	0.0385277999734062	0.102867486646816	0.203116724104126	0.47320400715438	0.0910632845910441	0.0895064448202519	0.0742343493588187	0.0900673858689243	0.543169526062333	0.489846544115318	0.312424955475541	0.270311645937581	0.163174299386912	0.322038166723208	0.119185687948482	1.35361146768728	0.421799619575116	0.340390202296706	0.26319587802983	0.152971499010585	0.229551231107678	0.123081480896843	0.16415891209235	0.697816392016299	0.507104192929755	0.209693424250538	0.411895957793412	0.228944732740091	0.540413231563524	0.322291244315536	0.371315201701083	0.621570560458716	0.100242749050109	0.262029548901835	0.862219704330216	0.147644289482147
0.263119387477216	0.156136181408757	0.152980447185452	0.226186032772361	0.22897902582912	0.0101354169012391	0.149469283372849	0.0868546028640229	0.286682287549426	0.0705524395611192	0.126172271799238	0.0897472104736343	0.182943616496761	0.279097153808683	0.0746382551637157	0.0909695278615976	0	0.0306620090332022	0.05646354883446	0.0485426043534989	0.0293309947906566	0.042542049984031	0.230167549273042	0.0319549857156451	0.101987837392724	0.495264156663748	0.047950760176364	1.19999422725589	0.224102877758483	0.2675199181932	0.101772944727805	0.484642290142891	0.0626153276861487	0.126780787038877	0.77862531486157	0.307953398239779	0.483147137982289	0.251865738996132	0.25135108251381	0.242001435844845	0.264390904984385	0.138392006307167	0.169724590055395	0.401743035734918	0.171810816014606	0.299514489579112	0.217167954049971	0.305205132797943	0.390624634351852	0.214862727514825	0.280842932304036	0.276477747935024	0.171423851461578	0.183316626491189	0.593630374071045	0.060632621482164	0.168059349976211	0.135683844586013	0.13249206653167	0.275540065235499	0.222111698533761	0.0184291793354283	0.138683301016296	0.0727423360647023	1.18829217823319	0.0940080047996454	0.13312926536005	0.135977739136268	0.139292323393695	0.0612916352484991	0.0516424350679631	0.085085999836332	0.121522723668779	0.0425789406536068	0.0346369886170415	0.083949162390456	0.131404173096523	0.0638822895642133	0.0670515482131416	0.262924869446091	0.293266147079905	0.0282491101437918	0.0828424008891138	0.0471519273389263	0.0630057367224146	0.683088507483926	0.61170371270043	0.254511157573574	0.309711670562654	0.0837053487239994	0.347559054958192	0.126162294490585	1.23562176000823	0.323792611705008	0.229987474075694	0.143563310830325	0.0944865871091431	0.162984429096429	0.163574128570785	0.105882080429599	0.536203607532241	0.432016781706491	0.15910710125483	0.341368564674265	0.207727274355992	0.392748334478312	0.277388413315436	0.240818548469989	0.49430414737114	0.229538919280849	0.342273512075743	0.916675915004094	0.0846148250082834
0.253061326572206	0.127400436800355	0.135840033364154	0.171406786756696	0.177201358396417	0.0318394031013775	0.128563533519783	0.0822867364634893	0.318257636408244	0.0574204322641915	0.0986648864210546	0.0782511969858344	0.175331568285699	0.210383239031739	0.0563265093670299	0.0577350083877752	0.0306620090332022	0	0.0453266817283601	0.0131869882232194	0.0142382154271709	0.0222808919812957	0.260010183804945	0.0123620513686091	0.0553468114180109	0.527992366946788	0.0353197546712596	1.11513572349335	0.241355520469027	0.280296492563372	0.112628974415117	0.428733283860585	0.044271497733507	0.112523975393813	0.809509411351483	0.351406321171951	0.522646359774984	0.301933707268086	0.256216401950513	0.245727896919524	0.295933537277238	0.140425953685635	0.222564804816537	0.386937687126641	0.154391997471106	0.317788456517774	0.211222894324431	0.308707285398398	0.392805769228337	0.234085081206616	0.34299964982242	0.269454786796272	0.15280329973498	0.184137444487284	0.544121603697877	0.0615420950147997	0.154120255940818	0.126171519065194	0.134132406798782	0.232232826779658	0.192602082944286	0.015310819929392	0.11661857500091	0.0558141577976425	1.17963661205568	0.0701031307664365	0.108572747583961	0.115585019439757	0.127856767599003	0.0615708303285767	0.039873944491094	0.0563590495463502	0.0962282662008955	0.0259541072475471	0.0228771801102233	0.0753904387913138	0.0812270994818136	0.0352932277130072	0.0645114729837378	0.234023507401088	0.319438098465366	0.0232586082034869	0.0642047323217458	0.0311640738654181	0.064092108113879	0.613841798990507	0.573039210300779	0.27933845493393	0.281808559118756	0.138941849921753	0.353081911974498	0.111507433230547	1.21781382732357	0.401443129851313	0.279868292208819	0.181424934414232	0.108656389515836	0.161121637475025	0.167693634773422	0.159859776314183	0.596902128293844	0.461273496772333	0.167937340715885	0.376623366569698	0.203025979014509	0.44410947617438	0.298170064129554	0.276904557376207	0.520641319247359	0.188051655079693	0.329906491371771	0.89869553933937	0.0813351060849721
0.432039944807234	0.20723776086203	0.229935070733273	0.242581358166612	0.244997917339803	0.0541348000420547	0.0799372421571889	0.0409024252122205	0.353186328249848	0.0999098290287268	0.104031772807549	0.0997166105698326	0.181851904588338	0.287667902682227	0.0757389342286308	0.0648577774138293	0.05646354883446	0.0453266817283601	0	0.0368541125669225	0.0708003410929798	0.0166124593140524	0.397587592572056	0.0813121675380571	0.051305386319191	0.402144674501563	0.0976953074637388	1.18125436959089	0.38710631125244	0.368169624994372	0.118275737903916	0.583820757261929	0.0950191881539351	0.0390545011305744	0.972653779780618	0.342436469265371	0.681362122184981	0.465292223780071	0.379201065714418	0.348236406588319	0.430079216709849	0.186249995616808	0.216005649249787	0.542474241530439	0.242339541822401	0.460869762555583	0.307016556646513	0.455449566377134	0.550670179408859	0.338783190179553	0.418486994958283	0.356007674142775	0.203672581058847	0.235514707882959	0.681082892826177	0.143332301363878	0.284556780355306	0.223593822924118	0.232547246225864	0.34395707768448	0.277209640983061	0.0256498900178921	0.067354031574042	0.0238726927811941	1.02921135698737	0.136334389700864	0.16877356867473	0.165836179683203	0.166053405580174	0.150681328715524	0.0863975418028048	0.0690286865846086	0.0424024072457749	0.0787369564751161	0.0122653185997832	0.0210031217557284	0.10585599057118	0.0273041099983742	0.0125896662485703	0.325690960391773	0.445681379323304	0.0842054006100168	0.00797496636270711	0.0192859747377017	0.043539873439693	0.668681751834473	0.686050771043702	0.387522707767806	0.383298024611303	0.144294124076353	0.50501391137891	0.188478805276536	1.4297032232459	0.50670669438734	0.393913004938871	0.274866327555369	0.180846862925301	0.235675921521566	0.251525309836906	0.103769844116978	0.739594132075558	0.599291486528539	0.254421133877056	0.48741547301037	0.262273153727531	0.581727565962939	0.45853663075552	0.37729075648003	0.649730834158315	0.262092891885974	0.460942735608139	1.09505154903565	0.146656146320074
