[[0.0, 2.028, 2.986, 3.757, 5.745, 6.423, 6.756, 7.139, 8.195, 10.103, 11.325, 13.786, 16.823, 18.419, 18.456, 18.635, 19.268, 19.976, 20.174, 20.242, 20.472, 20.408, 20.488, 20.609, 20.688, 21.08, 21.477, 21.435, 20.989, 20.47, 20.045, 19.964, 19.984, 19.976, 20.197, 20.709, 20.762, 20.588, 20.359, 20.22, 20.329, 20.334, 20.335, 20.172, 19.132, 18.069, 18.198, 18.81, 19.144, 19.376, 19.267, 19.28, 19.634, 20.072, 21.088, 22.364, 22.643, 22.426, 22.645, 22.604, 21.874, 21.772, 22.38, 22.743, 22.605, 22.815, 22.858, 22.555, 22.942, 23.625, 23.844, 24.209, 23.946, 23.548, 23.516, 23.793, 24.026, 23.907, 23.446, 23.576, 23.685, 23.15, 22.415, 21.914, 21.443, 20.743], [2.028, 0.0, 1.88, 3.267, 5.142, 5.665, 6.15, 6.714, 7.81, 9.851, 11.195, 13.676, 16.757, 18.381, 18.416, 18.594, 19.232, 19.953, 20.167, 20.259, 20.503, 20.42, 20.477, 20.602, 20.689, 21.078, 21.476, 21.443, 21.011, 20.517, 20.093, 20.005, 20.036, 20.018, 20.244, 20.775, 20.834, 20.662, 20.421, 20.275, 20.384, 20.394, 20.398, 20.221, 19.187, 18.17, 18.294, 18.873, 19.194, 19.416, 19.303, 19.308, 19.65, 20.084, 21.105, 22.382, 22.662, 22.451, 22.676, 22.643, 21.925, 21.827, 22.435, 22.795, 22.656, 22.87, 22.916, 22.601, 22.945, 23.6, 23.819, 24.177, 23.899, 23.492, 23.456, 23.723, 23.945, 23.821, 23.374, 23.517, 23.623, 23.087, 22.363, 21.885, 21.446, 20.775], [2.986, 1.88, 0.0, 2.635, 5.345, 5.869, 6.27, 6.911, 7.959, 10.107, 11.573, 14.016, 16.993, 18.549, 18.571, 18.747, 19.369, 20.092, 20.346, 20.464, 20.709, 20.619, 20.674, 20.799, 20.878, 21.266, 21.674, 21.649, 21.233, 20.753, 20.337, 20.239, 20.248, 20.207, 20.408, 20.911, 20.982, 20.837, 20.609, 20.473, 20.583, 20.606, 20.63, 20.477, 19.476, 18.494, 18.655, 19.224, 19.531, 19.73, 19.603, 19.594, 19.921, 20.34, 21.328, 22.565, 22.826, 22.616, 22.837, 22.793, 22.079, 21.989, 22.59, 22.939, 22.798, 23.018, 23.068, 22.769, 23.1, 23.735, 23.957, 24.303, 24.032, 23.63, 23.593, 23.852, 24.062, 23.937, 23.501, 23.641, 23.739, 23.204, 22.488, 22.023, 21.601, 20.955], [3.757, 3.267, 2.635, 0.0, 3.596, 4.59, 4.919, 5.638, 6.871, 9.242, 10.874, 13.501, 16.558, 18.126, 18.166, 18.342, 18.979, 19.706, 19.98, 20.128, 20.405, 20.334, 20.389, 20.506, 20.585, 20.988, 21.397, 21.366, 20.945, 20.44, 20.021, 19.935, 19.942, 19.911, 20.117, 20.633, 20.714, 20.6, 20.413, 20.285, 20.404, 20.436, 20.477, 20.328, 19.282, 18.243, 18.417, 19.02, 19.337, 19.535, 19.406, 19.412, 19.759, 20.187, 21.214, 22.505, 22.788, 22.58, 22.811, 22.77, 22.042, 21.944, 22.559, 22.931, 22.789, 23.003, 23.057, 22.754, 23.1, 23.745, 23.967, 24.325, 24.067, 23.667, 23.63, 23.903, 24.13, 24.013, 23.568, 23.701, 23.805, 23.271, 22.539, 22.051, 21.602, 20.925], [5.745, 5.142, 5.345, 3.596, 0.0, 1.855, 2.823, 3.868, 5.434, 7.955, 9.786, 12.654, 15.87, 17.523, 17.612, 17.792, 18.457, 19.183, 19.437, 19.59, 19.883, 19.811, 19.857, 19.97, 20.057, 20.467, 20.862, 20.813, 20.384, 19.884, 19.482, 19.418, 19.459, 19.444, 19.654, 20.214, 20.305, 20.192, 20.027, 19.9, 20.02, 20.053, 20.09, 19.922, 18.809, 17.72, 17.928, 18.572, 18.884, 19.075, 18.956, 18.986, 19.355, 19.808, 20.91, 22.301, 22.624, 22.42, 22.665, 22.646, 21.931, 21.836, 22.469, 22.845, 22.696, 22.898, 22.94, 22.62, 22.974, 23.634, 23.844, 24.215, 23.948, 23.542, 23.499, 23.769, 23.997, 23.878, 23.429, 23.581, 23.706, 23.174, 22.452, 21.979, 21.531, 20.831], [6.423, 5.665, 5.869, 4.59, 1.855, 0.0, 1.976, 3.517, 5.255, 7.883, 9.776, 12.635, 15.801, 17.442, 17.541, 17.723, 18.392, 19.123, 19.382, 19.554, 19.861, 19.793, 19.854, 19.981, 20.071, 20.478, 20.867, 20.812, 20.392, 19.922, 19.539, 19.47, 19.512, 19.479, 19.669, 20.227, 20.321, 20.214, 20.057, 19.937, 20.051, 20.078, 20.104, 19.921, 18.796, 17.712, 17.947, 18.596, 18.904, 19.087, 18.97, 19.007, 19.382, 19.847, 20.96, 22.358, 22.683, 22.481, 22.723, 22.709, 22.009, 21.925, 22.557, 22.912, 22.754, 22.953, 22.993, 22.675, 23.018, 23.665, 23.872, 24.245, 23.979, 23.574, 23.53, 23.789, 23.999, 23.871, 23.433, 23.595, 23.723, 23.197, 22.484, 22.019, 21.578, 20.883], [6.756, 6.15, 6.27, 4.919, 2.823, 1.976, 0.0, 2.221, 4.545, 7.399, 9.479, 12.523, 15.727, 17.358, 17.454, 17.635, 18.304, 19.025, 19.292, 19.485, 19.797, 19.714, 19.766, 19.887, 19.975, 20.387, 20.768, 20.703, 20.268, 19.765, 19.366, 19.3, 19.343, 19.316, 19.497, 20.039, 20.128, 20.038, 19.91, 19.8, 19.938, 19.973, 20.001, 19.821, 18.667, 17.51, 17.72, 18.383, 18.702, 18.901, 18.795, 18.85, 19.236, 19.707, 20.835, 22.261, 22.599, 22.398, 22.643, 22.622, 21.91, 21.828, 22.475, 22.844, 22.684, 22.883, 22.931, 22.622, 22.993, 23.672, 23.887, 24.265, 24.008, 23.609, 23.572, 23.839, 24.051, 23.927, 23.484, 23.635, 23.765, 23.246, 22.532, 22.062, 21.602, 20.884], [7.139, 6.714, 6.911, 5.638, 3.868, 3.517, 2.221, 0.0, 3.233, 6.532, 8.926, 12.285, 15.611, 17.286, 17.41, 17.59, 18.263, 18.965, 19.193, 19.374, 19.677, 19.564, 19.582, 19.671, 19.748, 20.164, 20.533, 20.462, 20.013, 19.47, 19.043, 18.985, 19.046, 19.052, 19.268, 19.82, 19.908, 19.818, 19.704, 19.593, 19.743, 19.797, 19.843, 19.685, 18.512, 17.265, 17.4, 18.043, 18.34, 18.531, 18.424, 18.485, 18.88, 19.35, 20.491, 21.96, 22.316, 22.113, 22.365, 22.335, 21.601, 21.508, 22.162, 22.548, 22.386, 22.589, 22.652, 22.347, 22.761, 23.486, 23.708, 24.109, 23.854, 23.453, 23.421, 23.703, 23.923, 23.798, 23.335, 23.473, 23.608, 23.107, 22.412, 21.961, 21.508, 20.778], [8.195, 7.81, 7.959, 6.871, 5.434, 5.255, 4.545, 3.233, 0.0, 4.317, 7.828, 11.748, 15.324, 17.153, 17.358, 17.549, 18.235, 18.925, 19.138, 19.333, 19.635, 19.485, 19.472, 19.535, 19.596, 20.002, 20.367, 20.29, 19.825, 19.276, 18.857, 18.811, 18.912, 18.956, 19.221, 19.781, 19.865, 19.764, 19.643, 19.549, 19.692, 19.753, 19.896, 19.858, 18.748, 17.499, 17.564, 18.119, 18.305, 18.407, 18.281, 18.349, 18.724, 19.15, 20.223, 21.643, 21.986, 21.782, 22.049, 22.018, 21.27, 21.161, 21.829, 22.242, 22.086, 22.283, 22.361, 22.075, 22.509, 23.257, 23.467, 23.873, 23.62, 23.225, 23.204, 23.495, 23.723, 23.599, 23.142, 23.28, 23.414, 22.95, 22.335, 21.979, 21.57, 20.832], [10.103, 9.851, 10.107, 9.242, 7.955, 7.883, 7.399, 6.532, 4.317, 0.0, 5.402, 10.73, 14.808, 16.853, 17.179, 17.386, 18.071, 18.727, 18.91, 19.086, 19.382, 19.214, 19.157, 19.163, 19.203, 19.575, 19.895, 19.804, 19.33, 18.77, 18.361, 18.364, 18.592, 18.754, 19.085, 19.662, 19.745, 19.632, 19.534, 19.464, 19.592, 19.647, 19.887, 20.067, 19.077, 17.756, 17.696, 18.138, 18.137, 18.138, 18.012, 18.111, 18.482, 18.903, 19.962, 21.368, 21.723, 21.527, 21.8, 21.81, 21.108, 20.991, 21.655, 22.094, 21.954, 22.128, 22.205, 21.934, 22.378, 23.155, 23.333, 23.721, 23.465, 23.079, 23.067, 23.37, 23.612, 23.48, 23.049, 23.207, 23.329, 22.926, 22.45, 22.207, 21.83, 21.035], [11.325, 11.195, 11.573, 10.874, 9.786, 9.776, 9.479, 8.926, 7.828, 5.402, 0.0, 6.976, 12.276, 14.741, 15.11, 15.319, 16.029, 16.706, 16.862, 16.975, 17.323, 17.228, 17.14, 17.08, 17.128, 17.476, 17.763, 17.743, 17.36, 16.927, 16.643, 16.74, 17.098, 17.472, 18.003, 18.684, 18.789, 18.678, 18.568, 18.486, 18.576, 18.608, 18.831, 19.142, 18.481, 17.521, 17.755, 18.256, 18.225, 18.227, 18.075, 18.112, 18.432, 18.862, 19.925, 21.295, 21.65, 21.462, 21.704, 21.808, 21.256, 21.185, 21.798, 22.188, 22.069, 22.221, 22.256, 21.994, 22.383, 23.115, 23.297, 23.676, 23.369, 22.942, 22.936, 23.229, 23.439, 23.277, 22.921, 23.17, 23.282, 22.867, 22.423, 22.233, 21.936, 21.199], [13.786, 13.676, 14.016, 13.501, 12.654, 12.635, 12.523, 12.285, 11.748, 10.73, 6.976, 0.0, 6.604, 9.846, 10.327, 10.584, 11.408, 12.251, 12.63, 12.895, 13.522, 13.617, 13.525, 13.569, 13.767, 14.174, 14.643, 14.8, 14.609, 14.616, 14.742, 14.941, 15.232, 15.589, 16.408, 17.344, 17.518, 17.424, 17.192, 17.063, 17.107, 17.087, 17.235, 17.442, 17.31, 17.786, 19.262, 19.922, 19.949, 19.996, 19.852, 19.782, 19.967, 20.284, 21.161, 22.305, 22.597, 22.436, 22.588, 22.744, 22.375, 22.355, 22.83, 23.011, 22.882, 22.993, 22.957, 22.743, 23.071, 23.69, 23.866, 24.181, 23.834, 23.397, 23.393, 23.619, 23.732, 23.542, 23.288, 23.605, 23.692, 23.24, 22.798, 22.638, 22.466, 21.997], [16.823, 16.757, 16.993, 16.558, 15.87, 15.801, 15.727, 15.611, 15.324, 14.808, 12.276, 6.604, 0.0, 4.044, 5.356, 5.802, 6.803, 8.019, 9.082, 10.05, 11.322, 11.773, 11.776, 12.089, 12.5, 12.989, 13.615, 13.798, 13.762, 14.211, 14.79, 15.07, 15.184, 15.328, 16.101, 17.194, 17.478, 17.448, 17.282, 17.182, 17.194, 17.123, 17.214, 17.302, 17.377, 19.014, 21.527, 22.28, 22.307, 22.336, 22.205, 22.102, 22.203, 22.433, 23.147, 24.068, 24.283, 24.156, 24.221, 24.384, 24.189, 24.237, 24.53, 24.438, 24.272, 24.343, 24.275, 24.146, 24.479, 25.0, 25.139, 25.406, 25.068, 24.654, 24.643, 24.792, 24.808, 24.592, 24.403, 24.715, 24.776, 24.328, 23.907, 23.739, 23.634, 23.391], [18.419, 18.381, 18.549, 18.126, 17.523, 17.442, 17.358, 17.286, 17.153, 16.853, 14.741, 9.846, 4.044, 0.0, 2.687, 3.663, 4.776, 6.247, 7.73, 9.235, 10.881, 11.551, 11.744, 12.23, 12.682, 13.198, 13.853, 14.024, 14.112, 14.74, 15.43, 15.672, 15.627, 15.636, 16.301, 17.386, 17.714, 17.733, 17.655, 17.588, 17.6, 17.521, 17.564, 17.647, 17.796, 19.684, 22.517, 23.37, 23.44, 23.481, 23.368, 23.267, 23.346, 23.55, 24.186, 25.005, 25.186, 25.071, 25.096, 25.253, 25.135, 25.221, 25.414, 25.193, 25.005, 25.046, 24.964, 24.882, 25.237, 25.72, 25.846, 26.087, 25.752, 25.342, 25.316, 25.405, 25.357, 25.125, 24.944, 25.233, 25.288, 24.848, 24.428, 24.246, 24.166, 24.018], [18.456, 18.416, 18.571, 18.166, 17.612, 17.541, 17.454, 17.41, 17.358, 17.179, 15.11, 10.327, 5.356, 2.687, 0.0, 2.016, 3.768, 5.53, 7.295, 8.837, 10.509, 11.272, 11.625, 12.24, 12.701, 13.283, 14.104, 14.372, 14.489, 15.085, 15.692, 15.846, 15.698, 15.609, 16.218, 17.283, 17.604, 17.614, 17.494, 17.409, 17.434, 17.359, 17.386, 17.438, 17.624, 19.574, 22.422, 23.318, 23.441, 23.51, 23.396, 23.299, 23.388, 23.603, 24.239, 25.051, 25.226, 25.112, 25.147, 25.309, 25.159, 25.216, 25.391, 25.159, 24.959, 24.999, 24.916, 24.836, 25.211, 25.72, 25.859, 26.083, 25.732, 25.315, 25.282, 25.36, 25.301, 25.076, 24.883, 25.161, 25.221, 24.76, 24.284, 24.057, 23.956, 23.808], [18.635, 18.594, 18.747, 18.342, 17.792, 17.723, 17.635, 17.59, 17.549, 17.386, 15.319, 10.584, 5.802, 3.663, 2.016, 0.0, 2.4, 4.572, 6.58, 8.304, 10.108, 10.932, 11.259, 11.866, 12.341, 12.948, 13.787, 14.049, 14.182, 14.811, 15.441, 15.611, 15.463, 15.371, 15.985, 17.048, 17.377, 17.395, 17.299, 17.237, 17.259, 17.176, 17.218, 17.294, 17.514, 19.537, 22.413, 23.285, 23.398, 23.468, 23.358, 23.259, 23.339, 23.544, 24.16, 24.943, 25.105, 24.994, 25.018, 25.188, 25.069, 25.136, 25.278, 25.01, 24.81, 24.844, 24.758, 24.685, 25.059, 25.581, 25.717, 25.939, 25.585, 25.166, 25.138, 25.223, 25.162, 24.929, 24.745, 25.034, 25.099, 24.633, 24.139, 23.9, 23.809, 23.712], [19.268, 19.232, 19.369, 18.979, 18.457, 18.392, 18.304, 18.263, 18.235, 18.071, 16.029, 11.408, 6.803, 4.776, 3.768, 2.4, 0.0, 3.14, 6.004, 8.063, 9.948, 10.716, 10.964, 11.616, 12.111, 12.692, 13.484, 13.719, 13.915, 14.645, 15.347, 15.508, 15.299, 15.218, 15.857, 16.955, 17.305, 17.315, 17.271, 17.224, 17.234, 17.151, 17.186, 17.313, 17.636, 19.754, 22.682, 23.543, 23.637, 23.696, 23.594, 23.483, 23.529, 23.692, 24.253, 24.987, 25.138, 25.038, 25.036, 25.204, 25.145, 25.233, 25.347, 25.05, 24.865, 24.884, 24.787, 24.725, 25.087, 25.596, 25.727, 25.95, 25.591, 25.175, 25.15, 25.227, 25.156, 24.922, 24.772, 25.072, 25.134, 24.672, 24.19, 23.971, 23.918, 23.908], [19.976, 19.953, 20.092, 19.706, 19.183, 19.123, 19.025, 18.965, 18.925, 18.727, 16.706, 12.251, 8.019, 6.247, 5.53, 4.572, 3.14, 0.0, 3.919, 6.73, 8.877, 9.77, 10.129, 10.907, 11.445, 12.031, 12.863, 13.11, 13.339, 14.144, 14.886, 15.05, 14.864, 14.794, 15.477, 16.602, 16.924, 16.96, 16.99, 16.97, 16.982, 16.878, 16.898, 17.071, 17.538, 19.791, 22.813, 23.706, 23.794, 23.841, 23.738, 23.614, 23.639, 23.781, 24.302, 25.0, 25.141, 25.049, 25.026, 25.186, 25.173, 25.301, 25.397, 25.056, 24.872, 24.886, 24.772, 24.724, 25.078, 25.577, 25.715, 25.925, 25.551, 25.133, 25.112, 25.176, 25.084, 24.846, 24.723, 25.04, 25.097, 24.645, 24.181, 23.998, 23.987, 24.028], [20.174, 20.167, 20.346, 19.98, 19.437, 19.382, 19.292, 19.193, 19.138, 18.91, 16.862, 12.63, 9.082, 7.73, 7.295, 6.58, 6.004, 3.919, 0.0, 3.755, 6.56, 7.872, 8.488, 9.304, 9.872, 10.55, 11.536, 11.877, 12.133, 13.015, 13.757, 13.902, 13.82, 13.804, 14.544, 15.654, 15.917, 15.993, 16.037, 16.048, 16.032, 15.886, 15.896, 16.147, 16.801, 19.161, 22.291, 23.284, 23.391, 23.47, 23.401, 23.289, 23.339, 23.508, 24.038, 24.742, 24.884, 24.791, 24.758, 24.911, 24.906, 25.062, 25.168, 24.799, 24.603, 24.619, 24.488, 24.443, 24.808, 25.334, 25.468, 25.672, 25.302, 24.879, 24.862, 24.924, 24.831, 24.584, 24.452, 24.773, 24.826, 24.403, 23.967, 23.809, 23.805, 23.833], [20.242, 20.259, 20.464, 20.128, 19.59, 19.554, 19.485, 19.374, 19.333, 19.086, 16.975, 12.895, 10.05, 9.235, 8.837, 8.304, 8.063, 6.73, 3.755, 0.0, 3.405, 5.525, 6.657, 7.533, 8.044, 8.837, 10.181, 10.8, 11.119, 12.021, 12.727, 12.794, 12.696, 12.681, 13.405, 14.459, 14.712, 14.777, 14.787, 14.834, 14.784, 14.603, 14.576, 14.97, 15.868, 18.38, 21.667, 22.793, 22.969, 23.108, 23.067, 22.968, 23.064, 23.318, 23.906, 24.621, 24.755, 24.655, 24.63, 24.771, 24.721, 24.865, 25.001, 24.677, 24.478, 24.493, 24.355, 24.311, 24.716, 25.282, 25.417, 25.63, 25.267, 24.843, 24.823, 24.881, 24.805, 24.569, 24.426, 24.744, 24.798, 24.388, 23.961, 23.803, 23.788, 23.783], [20.472, 20.503, 20.709, 20.405, 19.883, 19.861, 19.797, 19.677, 19.635, 19.382, 17.323, 13.522, 11.322, 10.881, 10.509, 10.108, 9.948, 8.877, 6.56, 3.405, 0.0, 3.009, 5.031, 6.135, 6.494, 7.345, 9.041, 9.937, 10.328, 11.171, 11.808, 11.771, 11.564, 11.483, 12.179, 13.235, 13.497, 13.538, 13.58, 13.677, 13.622, 13.423, 13.405, 13.975, 15.066, 17.674, 21.1, 22.366, 22.635, 22.84, 22.83, 22.737, 22.849, 23.16, 23.787, 24.504, 24.63, 24.529, 24.505, 24.626, 24.541, 24.684, 24.834, 24.553, 24.362, 24.373, 24.249, 24.226, 24.652, 25.232, 25.374, 25.592, 25.244, 24.831, 24.807, 24.858, 24.794, 24.581, 24.442, 24.756, 24.814, 24.43, 24.043, 23.913, 23.897, 23.868], [20.408, 20.42, 20.619, 20.334, 19.811, 19.793, 19.714, 19.564, 19.485, 19.214, 17.228, 13.617, 11.773, 11.551, 11.272, 10.932, 10.716, 9.77, 7.872, 5.525, 3.009, 0.0, 2.876, 4.662, 5.111, 6.042, 8.024, 9.069, 9.502, 10.303, 10.914, 10.796, 10.483, 10.392, 11.233, 12.514, 12.837, 12.834, 12.864, 12.932, 12.878, 12.708, 12.737, 13.361, 14.509, 17.137, 20.57, 21.881, 22.185, 22.416, 22.421, 22.318, 22.402, 22.702, 23.356, 24.128, 24.287, 24.19, 24.173, 24.289, 24.193, 24.336, 24.495, 24.245, 24.069, 24.085, 23.996, 23.989, 24.397, 24.977, 25.122, 25.358, 25.039, 24.644, 24.627, 24.687, 24.639, 24.438, 24.298, 24.601, 24.655, 24.296, 23.95, 23.852, 23.842, 23.798], [20.488, 20.477, 20.674, 20.389, 19.857, 19.854, 19.766, 19.582, 19.472, 19.157, 17.14, 13.525, 11.776, 11.744, 11.625, 11.259, 10.964, 10.129, 8.488, 6.657, 5.031, 2.876, 0.0, 2.555, 3.719, 4.779, 6.891, 8.038, 8.507, 9.389, 10.094, 10.055, 9.899, 9.986, 11.017, 12.486, 12.865, 12.881, 12.902, 12.909, 12.836, 12.702, 12.751, 13.34, 14.496, 17.173, 20.566, 21.8, 22.047, 22.26, 22.261, 22.129, 22.162, 22.412, 23.058, 23.886, 24.093, 24.009, 23.985, 24.109, 24.052, 24.207, 24.348, 24.104, 23.946, 23.964, 23.882, 23.856, 24.217, 24.78, 24.917, 25.169, 24.865, 24.472, 24.464, 24.536, 24.504, 24.304, 24.162, 24.447, 24.486, 24.152, 23.833, 23.75, 23.765, 23.753], [20.609, 20.602, 20.799, 20.506, 19.97, 19.981, 19.887, 19.671, 19.535, 19.163, 17.08, 13.569, 12.089, 12.23, 12.24, 11.866, 11.616, 10.907, 9.304, 7.533, 6.135, 4.662, 2.555, 0.0, 1.992, 3.461, 5.634, 6.922, 7.485, 8.452, 9.235, 9.304, 9.399, 9.727, 10.844, 12.262, 12.627, 12.745, 12.867, 12.888, 12.793, 12.664, 12.734, 13.381, 14.534, 17.09, 20.432, 21.641, 21.851, 22.064, 22.085, 21.954, 21.969, 22.2, 22.828, 23.664, 23.886, 23.82, 23.795, 23.921, 23.892, 24.057, 24.198, 24.002, 23.866, 23.88, 23.805, 23.774, 24.125, 24.682, 24.815, 25.082, 24.792, 24.404, 24.402, 24.491, 24.48, 24.293, 24.146, 24.407, 24.438, 24.137, 23.844, 23.768, 23.79, 23.775], [20.688, 20.689, 20.878, 20.585, 20.057, 20.071, 19.975, 19.748, 19.596, 19.203, 17.128, 13.767, 12.5, 12.682, 12.701, 12.341, 12.111, 11.445, 9.872, 8.044, 6.494, 5.111, 3.719, 1.992, 0.0, 2.205, 4.818, 6.244, 6.936, 7.928, 8.699, 8.789, 8.949, 9.339, 10.463, 11.805, 12.16, 12.329, 12.538, 12.602, 12.494, 12.353, 12.474, 13.241, 14.407, 16.868, 20.212, 21.464, 21.691, 21.912, 21.948, 21.827, 21.846, 22.089, 22.719, 23.542, 23.755, 23.694, 23.68, 23.814, 23.78, 23.931, 24.075, 23.919, 23.807, 23.819, 23.757, 23.747, 24.117, 24.682, 24.811, 25.084, 24.804, 24.425, 24.425, 24.516, 24.507, 24.325, 24.185, 24.438, 24.467, 24.176, 23.886, 23.814, 23.834, 23.798], [21.08, 21.078, 21.266, 20.988, 20.467, 20.478, 20.387, 20.164, 20.002, 19.575, 17.476, 14.174, 12.989, 13.198, 13.283, 12.948, 12.692, 12.031, 10.55, 8.837, 7.345, 6.042, 4.779, 3.461, 2.205, 0.0, 3.158, 5.045, 6.052, 7.288, 8.2, 8.375, 8.722, 9.281, 10.458, 11.791, 12.14, 12.32, 12.582, 12.673, 12.534, 12.364, 12.454, 13.27, 14.49, 16.926, 20.327, 21.6, 21.794, 21.999, 22.027, 21.87, 21.853, 22.093, 22.72, 23.523, 23.726, 23.67, 23.651, 23.833, 23.881, 24.061, 24.181, 24.001, 23.908, 23.919, 23.854, 23.859, 24.217, 24.766, 24.887, 25.152, 24.874, 24.498, 24.506, 24.595, 24.578, 24.384, 24.256, 24.519, 24.542, 24.273, 24.012, 23.976, 24.033, 24.026], [21.477, 21.476, 21.674, 21.397, 20.862, 20.867, 20.768, 20.533, 20.367, 19.895, 17.763, 14.643, 13.615, 13.853, 14.104, 13.787, 13.484, 12.863, 11.536, 10.181, 9.041, 8.024, 6.891, 5.634, 4.818, 3.158, 0.0, 2.612, 4.306, 6.031, 7.364, 7.767, 8.39, 9.281, 10.644, 11.967, 12.296, 12.534, 12.929, 13.082, 12.937, 12.759, 12.809, 13.626, 14.762, 16.97, 20.362, 21.644, 21.777, 21.975, 22.026, 21.845, 21.784, 22.008, 22.612, 23.381, 23.566, 23.521, 23.477, 23.719, 23.93, 24.197, 24.303, 24.078, 24.001, 24.016, 23.951, 23.973, 24.312, 24.841, 24.952, 25.211, 24.925, 24.543, 24.558, 24.652, 24.631, 24.419, 24.294, 24.555, 24.576, 24.34, 24.128, 24.149, 24.252, 24.288], [21.435, 21.443, 21.649, 21.366, 20.813, 20.812, 20.703, 20.462, 20.29, 19.804, 17.743, 14.8, 13.798, 14.024, 14.372, 14.049, 13.719, 13.11, 11.877, 10.8, 9.937, 9.069, 8.038, 6.922, 6.244, 5.045, 2.612, 0.0, 2.371, 4.806, 6.637, 7.297, 8.066, 9.028, 10.4, 11.699, 12.033, 12.322, 12.82, 13.033, 12.907, 12.734, 12.822, 13.628, 14.589, 16.697, 20.187, 21.506, 21.617, 21.821, 21.888, 21.693, 21.613, 21.831, 22.425, 23.174, 23.344, 23.301, 23.235, 23.502, 23.814, 24.158, 24.282, 24.015, 23.937, 23.964, 23.896, 23.929, 24.284, 24.832, 24.941, 25.207, 24.918, 24.529, 24.543, 24.639, 24.61, 24.384, 24.256, 24.515, 24.537, 24.296, 24.069, 24.089, 24.201, 24.251], [20.989, 21.011, 21.233, 20.945, 20.384, 20.392, 20.268, 20.013, 19.825, 19.33, 17.36, 14.609, 13.762, 14.112, 14.489, 14.182, 13.915, 13.339, 12.133, 11.119, 10.328, 9.502, 8.507, 7.485, 6.936, 6.052, 4.306, 2.371, 0.0, 3.111, 5.507, 6.465, 7.473, 8.503, 9.794, 11.047, 11.345, 11.654, 12.183, 12.424, 12.327, 12.145, 12.302, 13.126, 13.949, 15.997, 19.559, 20.912, 21.027, 21.257, 21.347, 21.164, 21.097, 21.334, 21.965, 22.756, 22.94, 22.889, 22.839, 23.113, 23.411, 23.786, 23.998, 23.764, 23.679, 23.735, 23.672, 23.694, 24.08, 24.667, 24.792, 25.084, 24.802, 24.409, 24.421, 24.529, 24.512, 24.29, 24.14, 24.396, 24.426, 24.172, 23.918, 23.906, 23.979, 23.98], [20.47, 20.517, 20.753, 20.44, 19.884, 19.922, 19.765, 19.47, 19.276, 18.77, 16.927, 14.616, 14.211, 14.74, 15.085, 14.811, 14.645, 14.144, 13.015, 12.021, 11.171, 10.303, 9.389, 8.452, 7.928, 7.288, 6.031, 4.806, 3.111, 0.0, 2.998, 4.668, 6.287, 7.63, 8.927, 10.122, 10.349, 10.664, 11.238, 11.511, 11.47, 11.328, 11.647, 12.598, 13.284, 15.03, 18.47, 19.836, 19.971, 20.249, 20.388, 20.252, 20.233, 20.528, 21.255, 22.152, 22.375, 22.318, 22.336, 22.622, 22.832, 23.186, 23.514, 23.407, 23.318, 23.395, 23.357, 23.366, 23.803, 24.442, 24.59, 24.919, 24.651, 24.262, 24.266, 24.397, 24.434, 24.247, 24.061, 24.31, 24.352, 24.098, 23.816, 23.747, 23.739, 23.621], [20.045, 20.093, 20.337, 20.021, 19.482, 19.539, 19.366, 19.043, 18.857, 18.361, 16.643, 14.742, 14.79, 15.43, 15.692, 15.441, 15.347, 14.886, 13.757, 12.727, 11.808, 10.914, 10.094, 9.235, 8.699, 8.2, 7.364, 6.637, 5.507, 2.998, 0.0, 2.588, 5.097, 6.786, 8.239, 9.449, 9.603, 9.859, 10.411, 10.686, 10.674, 10.585, 11.033, 12.103, 12.742, 14.243, 17.505, 18.885, 19.063, 19.378, 19.534, 19.414, 19.433, 19.789, 20.602, 21.58, 21.829, 21.767, 21.832, 22.12, 22.234, 22.551, 22.965, 22.974, 22.89, 22.963, 22.93, 22.921, 23.392, 24.076, 24.237, 24.591, 24.331, 23.943, 23.939, 24.09, 24.178, 24.026, 23.823, 24.079, 24.132, 23.864, 23.537, 23.406, 23.342, 23.15], [19.964, 20.005, 20.239, 19.935, 19.418, 19.47, 19.3, 18.985, 18.811, 18.364, 16.74, 14.941, 15.07, 15.672, 15.846, 15.611, 15.508, 15.05, 13.902, 12.794, 11.771, 10.796, 10.055, 9.304, 8.789, 8.375, 7.767, 7.297, 6.465, 4.668, 2.588, 0.0, 3.193, 5.432, 7.281, 8.781, 8.971, 9.225, 9.786, 10.058, 10.033, 9.953, 10.449, 11.585, 12.287, 13.852, 17.155, 18.608, 18.848, 19.154, 19.299, 19.185, 19.224, 19.611, 20.446, 21.415, 21.655, 21.591, 21.662, 21.932, 21.999, 22.297, 22.75, 22.795, 22.703, 22.774, 22.75, 22.755, 23.225, 23.908, 24.069, 24.426, 24.185, 23.806, 23.806, 23.961, 24.061, 23.926, 23.727, 23.987, 24.038, 23.742, 23.393, 23.253, 23.17, 22.957], [19.984, 20.036, 20.248, 19.942, 19.459, 19.512, 19.343, 19.046, 18.912, 18.592, 17.098, 15.232, 15.184, 15.627, 15.698, 15.463, 15.299, 14.864, 13.82, 12.696, 11.564, 10.483, 9.899, 9.399, 8.949, 8.722, 8.39, 8.066, 7.473, 6.287, 5.097, 3.193, 0.0, 3.141, 6.002, 8.007, 8.361, 8.629, 9.21, 9.479, 9.469, 9.404, 9.851, 10.954, 11.769, 13.574, 17.086, 18.693, 19.062, 19.376, 19.516, 19.424, 19.474, 19.838, 20.598, 21.478, 21.686, 21.622, 21.691, 21.925, 21.94, 22.217, 22.672, 22.718, 22.612, 22.681, 22.678, 22.715, 23.205, 23.888, 24.055, 24.414, 24.191, 23.834, 23.841, 23.989, 24.072, 23.947, 23.752, 24.002, 24.052, 23.71, 23.328, 23.197, 23.108, 22.892], [19.976, 20.018, 20.207, 19.911, 19.444, 19.479, 19.316, 19.052, 18.956, 18.754, 17.472, 15.589, 15.328, 15.636, 15.609, 15.371, 15.218, 14.794, 13.804, 12.681, 11.483, 10.392, 9.986, 9.727, 9.339, 9.281, 9.281, 9.028, 8.503, 7.63, 6.786, 5.432, 3.141, 0.0, 4.297, 6.891, 7.377, 7.729, 8.284, 8.537, 8.58, 8.613, 9.132, 10.126, 10.86, 13.001, 16.935, 18.725, 19.216, 19.578, 19.732, 19.673, 19.759, 20.122, 20.863, 21.727, 21.932, 21.863, 21.928, 22.114, 22.057, 22.311, 22.766, 22.783, 22.639, 22.715, 22.723, 22.782, 23.329, 24.021, 24.177, 24.516, 24.301, 23.966, 23.969, 24.087, 24.131, 24.001, 23.802, 24.025, 24.071, 23.71, 23.296, 23.136, 23.026, 22.816], [20.197, 20.244, 20.408, 20.117, 19.654, 19.669, 19.497, 19.268, 19.221, 19.085, 18.003, 16.408, 16.101, 16.301, 16.218, 15.985, 15.857, 15.477, 14.544, 13.405, 12.179, 11.233, 11.017, 10.844, 10.463, 10.458, 10.644, 10.4, 9.794, 8.927, 8.239, 7.281, 6.002, 4.297, 0.0, 3.408, 4.32, 4.894, 6.031, 6.443, 6.557, 6.745, 7.623, 8.946, 9.41, 11.647, 16.207, 18.274, 18.87, 19.312, 19.526, 19.523, 19.675, 20.151, 21.007, 21.945, 22.161, 22.091, 22.165, 22.334, 22.269, 22.557, 23.03, 23.016, 22.847, 22.945, 22.98, 23.083, 23.732, 24.458, 24.602, 24.962, 24.777, 24.452, 24.442, 24.534, 24.55, 24.398, 24.184, 24.365, 24.396, 24.031, 23.552, 23.305, 23.135, 22.902], [20.709, 20.775, 20.911, 20.633, 20.214, 20.227, 20.039, 19.82, 19.781, 19.662, 18.684, 17.344, 17.194, 17.386, 17.283, 17.048, 16.955, 16.602, 15.654, 14.459, 13.235, 12.514, 12.486, 12.262, 11.805, 11.791, 11.967, 11.699, 11.047, 10.122, 9.449, 8.781, 8.007, 6.891, 3.408, 0.0, 1.858, 3.148, 5.022, 5.802, 5.993, 6.233, 7.281, 8.904, 9.308, 11.215, 15.837, 18.037, 18.718, 19.223, 19.484, 19.526, 19.73, 20.279, 21.149, 22.06, 22.257, 22.188, 22.273, 22.429, 22.365, 22.675, 23.154, 23.153, 22.991, 23.089, 23.129, 23.263, 23.993, 24.769, 24.911, 25.273, 25.123, 24.813, 24.796, 24.881, 24.907, 24.767, 24.552, 24.713, 24.745, 24.404, 23.923, 23.658, 23.461, 23.191], [20.762, 20.834, 20.982, 20.714, 20.305, 20.321, 20.128, 19.908, 19.865, 19.745, 18.789, 17.518, 17.478, 17.714, 17.604, 17.377, 17.305, 16.924, 15.917, 14.712, 13.497, 12.837, 12.865, 12.627, 12.16, 12.14, 12.296, 12.033, 11.345, 10.349, 9.603, 8.971, 8.361, 7.377, 4.32, 1.858, 0.0, 2.395, 4.777, 5.715, 6.012, 6.234, 7.253, 8.846, 9.192, 11.015, 15.6, 17.819, 18.535, 19.083, 19.357, 19.394, 19.607, 20.167, 21.039, 21.941, 22.131, 22.062, 22.147, 22.301, 22.239, 22.563, 23.061, 23.076, 22.925, 23.027, 23.057, 23.186, 23.924, 24.718, 24.875, 25.243, 25.096, 24.784, 24.765, 24.852, 24.884, 24.751, 24.539, 24.71, 24.744, 24.402, 23.913, 23.639, 23.433, 23.158], [20.588, 20.662, 20.837, 20.6, 20.192, 20.214, 20.038, 19.818, 19.764, 19.632, 18.678, 17.424, 17.448, 17.733, 17.614, 17.395, 17.315, 16.96, 15.993, 14.777, 13.538, 12.834, 12.881, 12.745, 12.329, 12.32, 12.534, 12.322, 11.654, 10.664, 9.859, 9.225, 8.629, 7.729, 4.894, 3.148, 2.395, 0.0, 3.011, 4.203, 4.619, 4.966, 6.186, 8.051, 8.621, 10.606, 15.183, 17.43, 18.187, 18.777, 19.072, 19.106, 19.312, 19.88, 20.765, 21.669, 21.853, 21.762, 21.842, 22.002, 21.926, 22.26, 22.78, 22.807, 22.678, 22.778, 22.815, 22.947, 23.708, 24.528, 24.696, 25.091, 24.937, 24.619, 24.6, 24.683, 24.708, 24.567, 24.348, 24.523, 24.564, 24.204, 23.692, 23.407, 23.19, 22.909], [20.359, 20.421, 20.609, 20.413, 20.027, 20.057, 19.91, 19.704, 19.643, 19.534, 18.568, 17.192, 17.282, 17.655, 17.494, 17.299, 17.271, 16.99, 16.037, 14.787, 13.58, 12.864, 12.902, 12.867, 12.538, 12.582, 12.929, 12.82, 12.183, 11.238, 10.411, 9.786, 9.21, 8.284, 6.031, 5.022, 4.777, 3.011, 0.0, 1.693, 2.551, 3.375, 5.034, 7.072, 8.208, 10.634, 15.059, 17.238, 17.983, 18.592, 18.913, 18.953, 19.16, 19.713, 20.625, 21.562, 21.748, 21.634, 21.711, 21.854, 21.708, 22.005, 22.548, 22.61, 22.498, 22.597, 22.614, 22.733, 23.507, 24.365, 24.534, 24.917, 24.769, 24.461, 24.438, 24.503, 24.522, 24.381, 24.156, 24.345, 24.389, 24.011, 23.504, 23.216, 22.984, 22.691], [20.22, 20.275, 20.473, 20.285, 19.9, 19.937, 19.8, 19.593, 19.549, 19.464, 18.486, 17.063, 17.182, 17.588, 17.409, 17.237, 17.224, 16.97, 16.048, 14.834, 13.677, 12.932, 12.909, 12.888, 12.602, 12.673, 13.082, 13.033, 12.424, 11.511, 10.686, 10.058, 9.479, 8.537, 6.443, 5.802, 5.715, 4.203, 1.693, 0.0, 1.609, 2.932, 4.71, 6.696, 7.981, 10.604, 15.001, 17.161, 17.898, 18.504, 18.828, 18.869, 19.068, 19.603, 20.532, 21.5, 21.698, 21.579, 21.664, 21.809, 21.627, 21.883, 22.436, 22.528, 22.422, 22.527, 22.542, 22.65, 23.424, 24.287, 24.461, 24.838, 24.688, 24.391, 24.367, 24.42, 24.427, 24.285, 24.055, 24.239, 24.279, 23.897, 23.392, 23.101, 22.873, 22.585], [20.329, 20.384, 20.583, 20.404, 20.02, 20.051, 19.938, 19.743, 19.692, 19.592, 18.576, 17.107, 17.194, 17.6, 17.434, 17.259, 17.234, 16.982, 16.032, 14.784, 13.622, 12.878, 12.836, 12.793, 12.494, 12.534, 12.937, 12.907, 12.327, 11.47, 10.674, 10.033, 9.469, 8.58, 6.557, 5.993, 6.012, 4.619, 2.551, 1.609, 0.0, 1.842, 4.133, 6.424, 7.935, 10.656, 15.125, 17.304, 18.018, 18.607, 18.927, 18.964, 19.159, 19.702, 20.625, 21.562, 21.744, 21.628, 21.703, 21.85, 21.683, 21.945, 22.485, 22.561, 22.46, 22.569, 22.585, 22.702, 23.48, 24.341, 24.514, 24.889, 24.739, 24.442, 24.422, 24.47, 24.47, 24.322, 24.098, 24.286, 24.325, 23.948, 23.454, 23.174, 22.961, 22.682], [20.334, 20.394, 20.606, 20.436, 20.053, 20.078, 19.973, 19.797, 19.753, 19.647, 18.608, 17.087, 17.123, 17.521, 17.359, 17.176, 17.151, 16.878, 15.886, 14.603, 13.423, 12.708, 12.702, 12.664, 12.353, 12.364, 12.759, 12.734, 12.145, 11.328, 10.585, 9.953, 9.404, 8.613, 6.745, 6.233, 6.234, 4.966, 3.375, 2.932, 1.842, 0.0, 3.037, 5.838, 7.618, 10.531, 15.134, 17.348, 18.09, 18.697, 19.006, 19.028, 19.218, 19.763, 20.651, 21.525, 21.689, 21.586, 21.665, 21.82, 21.665, 21.937, 22.467, 22.526, 22.42, 22.524, 22.534, 22.655, 23.434, 24.293, 24.468, 24.845, 24.69, 24.385, 24.372, 24.443, 24.454, 24.301, 24.075, 24.267, 24.306, 23.919, 23.42, 23.156, 22.965, 22.692], [20.335, 20.398, 20.63, 20.477, 20.09, 20.104, 20.001, 19.843, 19.896, 19.887, 18.831, 17.235, 17.214, 17.564, 17.386, 17.218, 17.186, 16.898, 15.896, 14.576, 13.405, 12.737, 12.751, 12.734, 12.474, 12.454, 12.809, 12.822, 12.302, 11.647, 11.033, 10.449, 9.851, 9.132, 7.623, 7.281, 7.253, 6.186, 5.034, 4.71, 4.133, 3.037, 0.0, 3.581, 6.311, 9.843, 14.809, 17.171, 18.028, 18.701, 18.987, 18.955, 19.114, 19.644, 20.494, 21.326, 21.488, 21.398, 21.486, 21.676, 21.558, 21.845, 22.356, 22.388, 22.272, 22.375, 22.368, 22.48, 23.262, 24.128, 24.308, 24.687, 24.523, 24.206, 24.199, 24.285, 24.33, 24.195, 23.965, 24.16, 24.2, 23.794, 23.274, 23.021, 22.861, 22.625], [20.172, 20.221, 20.477, 20.328, 19.922, 19.921, 19.821, 19.685, 19.858, 20.067, 19.142, 17.442, 17.302, 17.647, 17.438, 17.294, 17.313, 17.071, 16.147, 14.97, 13.975, 13.361, 13.34, 13.381, 13.241, 13.27, 13.626, 13.628, 13.126, 12.598, 12.103, 11.585, 10.954, 10.126, 8.946, 8.904, 8.846, 8.051, 7.072, 6.696, 6.424, 5.838, 3.581, 0.0, 4.265, 9.184, 14.602, 17.01, 17.906, 18.614, 18.902, 18.848, 18.993, 19.498, 20.388, 21.301, 21.497, 21.408, 21.501, 21.719, 21.61, 21.891, 22.4, 22.412, 22.265, 22.396, 22.392, 22.473, 23.242, 24.102, 24.287, 24.674, 24.51, 24.194, 24.189, 24.274, 24.341, 24.238, 24.011, 24.202, 24.241, 23.808, 23.232, 22.933, 22.76, 22.557], [19.132, 19.187, 19.476, 19.282, 18.809, 18.796, 18.667, 18.512, 18.748, 19.077, 18.481, 17.31, 17.377, 17.796, 17.624, 17.514, 17.636, 17.538, 16.801, 15.868, 15.066, 14.509, 14.496, 14.534, 14.407, 14.49, 14.762, 14.589, 13.949, 13.284, 12.742, 12.287, 11.769, 10.86, 9.41, 9.308, 9.192, 8.621, 8.208, 7.981, 7.935, 7.618, 6.311, 4.265, 0.0, 6.35, 12.98, 15.661, 16.651, 17.425, 17.756, 17.739, 17.952, 18.547, 19.631, 20.755, 20.998, 20.895, 21.034, 21.243, 21.074, 21.34, 21.905, 21.939, 21.734, 21.918, 21.981, 22.058, 22.867, 23.736, 23.918, 24.34, 24.18, 23.869, 23.873, 24.005, 24.11, 24.018, 23.76, 23.911, 23.958, 23.523, 22.872, 22.478, 22.23, 21.951], [18.069, 18.17, 18.494, 18.243, 17.72, 17.712, 17.51, 17.265, 17.499, 17.756, 17.521, 17.786, 19.014, 19.684, 19.574, 19.537, 19.754, 19.791, 19.161, 18.38, 17.674, 17.137, 17.173, 17.09, 16.868, 16.926, 16.97, 16.697, 15.997, 15.03, 14.243, 13.852, 13.574, 13.001, 11.647, 11.215, 11.015, 10.606, 10.634, 10.604, 10.656, 10.531, 9.843, 9.184, 6.35, 0.0, 8.177, 11.8, 13.247, 14.395, 14.967, 15.153, 15.592, 16.464, 17.871, 19.299, 19.63, 19.503, 19.748, 19.903, 19.598, 19.86, 20.619, 20.904, 20.7, 20.905, 21.057, 21.144, 22.065, 23.021, 23.222, 23.689, 23.561, 23.278, 23.293, 23.492, 23.677, 23.626, 23.325, 23.462, 23.553, 23.152, 22.532, 22.148, 21.806, 21.267], [18.198, 18.294, 18.655, 18.417, 17.928, 17.947, 17.72, 17.4, 17.564, 17.696, 17.755, 19.262, 21.527, 22.517, 22.422, 22.413, 22.682, 22.813, 22.291, 21.667, 21.1, 20.57, 20.566, 20.432, 20.212, 20.327, 20.362, 20.187, 19.559, 18.47, 17.505, 17.155, 17.086, 16.935, 16.207, 15.837, 15.6, 15.183, 15.059, 15.001, 15.125, 15.134, 14.809, 14.602, 12.98, 8.177, 0.0, 5.052, 7.852, 9.91, 11.057, 11.843, 12.756, 14.048, 15.922, 17.759, 18.282, 18.142, 18.533, 18.627, 18.089, 18.231, 19.239, 20.026, 19.947, 20.135, 20.358, 20.373, 21.318, 22.36, 22.612, 23.15, 23.094, 22.871, 22.888, 23.147, 23.421, 23.452, 23.147, 23.355, 23.54, 23.208, 22.721, 22.436, 22.04, 21.224], [18.81, 18.873, 19.224, 19.02, 18.572, 18.596, 18.383, 18.043, 18.119, 18.138, 18.256, 19.922, 22.28, 23.37, 23.318, 23.285, 23.543, 23.706, 23.284, 22.793, 22.366, 21.881, 21.8, 21.641, 21.464, 21.6, 21.644, 21.506, 20.912, 19.836, 18.885, 18.608, 18.693, 18.725, 18.274, 18.037, 17.819, 17.43, 17.238, 17.161, 17.304, 17.348, 17.171, 17.01, 15.661, 11.8, 5.052, 0.0, 4.094, 7.099, 8.816, 10.092, 11.283, 12.771, 14.987, 17.113, 17.765, 17.628, 18.083, 18.178, 17.571, 17.597, 18.637, 19.618, 19.602, 19.796, 20.041, 19.977, 20.837, 21.873, 22.147, 22.737, 22.737, 22.569, 22.596, 22.875, 23.2, 23.288, 23.004, 23.268, 23.529, 23.302, 22.94, 22.712, 22.322, 21.485], [19.144, 19.194, 19.531, 19.337, 18.884, 18.904, 18.702, 18.34, 18.305, 18.137, 18.225, 19.949, 22.307, 23.44, 23.441, 23.398, 23.637, 23.794, 23.391, 22.969, 22.635, 22.185, 22.047, 21.851, 21.691, 21.794, 21.777, 21.617, 21.027, 19.971, 19.063, 18.848, 19.062, 19.216, 18.87, 18.718, 18.535, 18.187, 17.983, 17.898, 18.018, 18.09, 18.028, 17.906, 16.651, 13.247, 7.852, 4.094, 0.0, 3.923, 6.486, 8.266, 9.604, 11.112, 13.572, 15.957, 16.699, 16.556, 17.009, 17.148, 16.605, 16.593, 17.582, 18.591, 18.599, 18.808, 19.081, 19.018, 19.889, 20.966, 21.234, 21.867, 21.926, 21.815, 21.872, 22.172, 22.531, 22.642, 22.369, 22.68, 22.991, 22.889, 22.735, 22.629, 22.26, 21.43], [19.376, 19.416, 19.73, 19.535, 19.075, 19.087, 18.901, 18.531, 18.407, 18.138, 18.227, 19.996, 22.336, 23.481, 23.51, 23.468, 23.696, 23.841, 23.47, 23.108, 22.84, 22.416, 22.26, 22.064, 21.912, 21.999, 21.975, 21.821, 21.257, 20.249, 19.378, 19.154, 19.376, 19.578, 19.312, 19.223, 19.083, 18.777, 18.592, 18.504, 18.607, 18.697, 18.701, 18.614, 17.425, 14.395, 9.91, 7.099, 3.923, 0.0, 3.44, 6.17, 7.826, 9.426, 12.144, 14.821, 15.71, 15.557, 16.037, 16.246, 15.741, 15.652, 16.644, 17.731, 17.76, 17.962, 18.251, 18.252, 19.222, 20.381, 20.65, 21.262, 21.333, 21.264, 21.359, 21.694, 22.067, 22.181, 21.901, 22.221, 22.554, 22.506, 22.483, 22.499, 22.181, 21.379], [19.267, 19.303, 19.603, 19.406, 18.956, 18.97, 18.795, 18.424, 18.281, 18.012, 18.075, 19.852, 22.205, 23.368, 23.396, 23.358, 23.594, 23.738, 23.401, 23.067, 22.83, 22.421, 22.261, 22.085, 21.948, 22.027, 22.026, 21.888, 21.347, 20.388, 19.534, 19.299, 19.516, 19.732, 19.526, 19.484, 19.357, 19.072, 18.913, 18.828, 18.927, 19.006, 18.987, 18.902, 17.756, 14.967, 11.057, 8.816, 6.486, 3.44, 0.0, 3.459, 5.567, 7.516, 10.578, 13.47, 14.474, 14.307, 14.825, 15.133, 14.72, 14.648, 15.628, 16.738, 16.795, 17.012, 17.274, 17.303, 18.317, 19.553, 19.874, 20.492, 20.538, 20.46, 20.582, 20.934, 21.304, 21.412, 21.141, 21.506, 21.866, 21.812, 21.801, 21.905, 21.709, 21.025], [19.28, 19.308, 19.594, 19.412, 18.986, 19.007, 18.85, 18.485, 18.349, 18.111, 18.112, 19.782, 22.102, 23.267, 23.299, 23.259, 23.483, 23.614, 23.289, 22.968, 22.737, 22.318, 22.129, 21.954, 21.827, 21.87, 21.845, 21.693, 21.164, 20.252, 19.414, 19.185, 19.424, 19.673, 19.523, 19.526, 19.394, 19.106, 18.953, 18.869, 18.964, 19.028, 18.955, 18.848, 17.739, 15.153, 11.843, 10.092, 8.266, 6.17, 3.459, 0.0, 2.584, 5.205, 8.739, 11.772, 12.815, 12.65, 13.141, 13.529, 13.348, 13.477, 14.426, 15.455, 15.546, 15.806, 16.031, 16.075, 17.106, 18.391, 18.782, 19.456, 19.476, 19.388, 19.535, 19.889, 20.253, 20.36, 20.148, 20.599, 20.98, 20.916, 20.924, 21.13, 21.109, 20.651], [19.634, 19.65, 19.921, 19.759, 19.355, 19.382, 19.236, 18.88, 18.724, 18.482, 18.432, 19.967, 22.203, 23.346, 23.388, 23.339, 23.529, 23.639, 23.339, 23.064, 22.849, 22.402, 22.162, 21.969, 21.846, 21.853, 21.784, 21.613, 21.097, 20.233, 19.433, 19.224, 19.474, 19.759, 19.675, 19.73, 19.607, 19.312, 19.16, 19.068, 19.159, 19.218, 19.114, 18.993, 17.952, 15.592, 12.756, 11.283, 9.604, 7.826, 5.567, 2.584, 0.0, 3.193, 7.132, 10.336, 11.453, 11.32, 11.765, 12.206, 12.271, 12.617, 13.553, 14.527, 14.657, 14.93, 15.164, 15.248, 16.294, 17.599, 18.008, 18.733, 18.75, 18.668, 18.838, 19.203, 19.564, 19.684, 19.546, 20.047, 20.423, 20.363, 20.427, 20.721, 20.815, 20.526], [20.072, 20.084, 20.34, 20.187, 19.808, 19.847, 19.707, 19.35, 19.15, 18.903, 18.862, 20.284, 22.433, 23.55, 23.603, 23.544, 23.692, 23.781, 23.508, 23.318, 23.16, 22.702, 22.412, 22.2, 22.089, 22.093, 22.008, 21.831, 21.334, 20.528, 19.789, 19.611, 19.838, 20.122, 20.151, 20.279, 20.167, 19.88, 19.713, 19.603, 19.702, 19.763, 19.644, 19.498, 18.547, 16.464, 14.048, 12.771, 11.112, 9.426, 7.516, 5.205, 3.193, 0.0, 4.367, 8.078, 9.472, 9.399, 9.868, 10.33, 10.547, 11.037, 12.04, 13.127, 13.325, 13.621, 13.906, 14.006, 15.027, 16.329, 16.759, 17.562, 17.64, 17.626, 17.842, 18.269, 18.687, 18.886, 18.822, 19.365, 19.766, 19.761, 19.958, 20.378, 20.564, 20.395], [21.088, 21.105, 21.328, 21.214, 20.91, 20.96, 20.835, 20.491, 20.223, 19.962, 19.925, 21.161, 23.147, 24.186, 24.239, 24.16, 24.253, 24.302, 24.038, 23.906, 23.787, 23.356, 23.058, 22.828, 22.719, 22.72, 22.612, 22.425, 21.965, 21.255, 20.602, 20.446, 20.598, 20.863, 21.007, 21.149, 21.039, 20.765, 20.625, 20.532, 20.625, 20.651, 20.494, 20.388, 19.631, 17.871, 15.922, 14.987, 13.572, 12.144, 10.578, 8.739, 7.132, 4.367, 0.0, 4.337, 6.297, 6.379, 6.971, 7.579, 8.17, 8.915, 10.002, 11.327, 11.648, 11.945, 12.311, 12.476, 13.466, 14.783, 15.258, 16.15, 16.332, 16.418, 16.694, 17.206, 17.704, 18.004, 18.036, 18.65, 19.095, 19.16, 19.56, 20.219, 20.572, 20.56], [22.364, 22.382, 22.565, 22.505, 22.301, 22.358, 22.261, 21.96, 21.643, 21.368, 21.295, 22.305, 24.068, 25.005, 25.051, 24.943, 24.987, 25.0, 24.742, 24.621, 24.504, 24.128, 23.886, 23.664, 23.542, 23.523, 23.381, 23.174, 22.756, 22.152, 21.58, 21.415, 21.478, 21.727, 21.945, 22.06, 21.941, 21.669, 21.562, 21.5, 21.562, 21.525, 21.326, 21.301, 20.755, 19.299, 17.759, 17.113, 15.957, 14.821, 13.47, 11.772, 10.336, 8.078, 4.337, 0.0, 2.542, 3.012, 3.884, 5.111, 6.506, 7.603, 8.594, 10.003, 10.481, 10.748, 11.155, 11.499, 12.562, 13.947, 14.496, 15.441, 15.656, 15.786, 16.105, 16.669, 17.213, 17.556, 17.672, 18.38, 18.855, 18.937, 19.472, 20.335, 20.859, 21.009], [22.643, 22.662, 22.826, 22.788, 22.624, 22.683, 22.599, 22.316, 21.986, 21.723, 21.65, 22.597, 24.283, 25.186, 25.226, 25.105, 25.138, 25.141, 24.884, 24.755, 24.63, 24.287, 24.093, 23.886, 23.755, 23.726, 23.566, 23.344, 22.94, 22.375, 21.829, 21.655, 21.686, 21.932, 22.161, 22.257, 22.131, 21.853, 21.748, 21.698, 21.744, 21.689, 21.488, 21.497, 20.998, 19.63, 18.282, 17.765, 16.699, 15.71, 14.474, 12.815, 11.453, 9.472, 6.297, 2.542, 0.0, 1.203, 2.473, 4.123, 5.967, 7.299, 8.193, 9.456, 9.965, 10.268, 10.691, 11.164, 12.315, 13.738, 14.327, 15.276, 15.468, 15.581, 15.896, 16.461, 17.012, 17.343, 17.466, 18.2, 18.681, 18.757, 19.306, 20.213, 20.782, 21.002], [22.426, 22.451, 22.616, 22.58, 22.42, 22.481, 22.398, 22.113, 21.782, 21.527, 21.462, 22.436, 24.156, 25.071, 25.112, 24.994, 25.038, 25.049, 24.791, 24.655, 24.529, 24.19, 24.009, 23.82, 23.694, 23.67, 23.521, 23.301, 22.889, 22.318, 21.767, 21.591, 21.622, 21.863, 22.091, 22.188, 22.062, 21.762, 21.634, 21.579, 21.628, 21.586, 21.398, 21.408, 20.895, 19.503, 18.142, 17.628, 16.556, 15.557, 14.307, 12.65, 11.32, 9.399, 6.379, 3.012, 1.203, 0.0, 1.942, 3.888, 5.751, 7.115, 8.042, 9.315, 9.836, 10.148, 10.554, 11.044, 12.253, 13.717, 14.32, 15.26, 15.427, 15.52, 15.823, 16.368, 16.897, 17.198, 17.288, 18.022, 18.509, 18.563, 19.099, 20.01, 20.576, 20.785], [22.645, 22.676, 22.837, 22.811, 22.665, 22.723, 22.643, 22.365, 22.049, 21.8, 21.704, 22.588, 24.221, 25.096, 25.147, 25.018, 25.036, 25.026, 24.758, 24.63, 24.505, 24.173, 23.985, 23.795, 23.68, 23.651, 23.477, 23.235, 22.839, 22.336, 21.832, 21.662, 21.691, 21.928, 22.165, 22.273, 22.147, 21.842, 21.711, 21.664, 21.703, 21.665, 21.486, 21.501, 21.034, 19.748, 18.533, 18.083, 17.009, 16.037, 14.825, 13.141, 11.765, 9.868, 6.971, 3.884, 2.473, 1.942, 0.0, 2.747, 5.466, 7.209, 7.812, 8.725, 9.322, 9.61, 9.969, 10.523, 11.749, 13.213, 13.809, 14.749, 14.912, 15.009, 15.321, 15.839, 16.322, 16.611, 16.734, 17.506, 18.014, 18.096, 18.714, 19.687, 20.303, 20.623], [22.604, 22.643, 22.793, 22.77, 22.646, 22.709, 22.622, 22.335, 22.018, 21.81, 21.808, 22.744, 24.384, 25.253, 25.309, 25.188, 25.204, 25.186, 24.911, 24.771, 24.626, 24.289, 24.109, 23.921, 23.814, 23.833, 23.719, 23.502, 23.113, 22.622, 22.12, 21.932, 21.925, 22.114, 22.334, 22.429, 22.301, 22.002, 21.854, 21.809, 21.85, 21.82, 21.676, 21.719, 21.243, 19.903, 18.627, 18.178, 17.148, 16.246, 15.133, 13.529, 12.206, 10.33, 7.579, 5.111, 4.123, 3.888, 2.747, 0.0, 3.587, 6.142, 7.076, 8.072, 8.688, 9.099, 9.522, 10.135, 11.432, 12.868, 13.481, 14.468, 14.716, 14.866, 15.16, 15.662, 16.118, 16.43, 16.5