[[0.0, 3.734, 7.234, 12.873, 15.146, 15.481, 16.151, 17.129, 17.972, 18.82, 19.557, 19.73, 19.795, 19.872, 20.525, 21.221, 21.403, 21.798, 21.919, 22.343, 22.775, 23.148, 24.109, 24.894, 24.386, 23.773, 23.588, 23.971, 24.326, 24.526, 24.61, 25.214, 25.771, 25.91, 25.381, 24.958, 24.936, 25.04, 25.143, 25.198, 24.9, 24.297, 24.152, 23.485, 22.459, 22.152, 22.159, 22.207, 21.922, 21.385, 21.817, 21.779, 21.803, 21.634, 21.41, 21.411, 21.372, 21.804, 21.852, 21.942, 21.916, 22.031, 22.242, 22.147, 22.08, 22.167, 22.169, 22.49, 22.626, 22.782, 22.958, 22.829, 22.618, 22.443, 22.182, 22.079, 22.331, 22.391, 22.396, 22.65, 22.692, 22.388, 22.541, 22.759, 22.792, 22.174], [3.734, 0.0, 4.751, 10.747, 13.278, 13.707, 14.673, 15.87, 16.828, 17.743, 18.551, 18.718, 18.816, 18.941, 19.419, 20.104, 20.266, 20.626, 20.741, 21.221, 21.729, 22.12, 23.25, 24.112, 23.591, 22.906, 22.724, 23.16, 23.587, 23.823, 23.877, 24.565, 25.127, 25.233, 24.65, 24.263, 24.461, 24.736, 24.853, 24.856, 24.442, 23.738, 23.609, 22.856, 21.659, 21.404, 21.42, 21.4, 21.05, 20.364, 20.917, 20.853, 20.831, 20.624, 20.401, 20.422, 20.339, 20.871, 20.917, 20.973, 20.943, 21.086, 21.258, 21.092, 21.013, 21.049, 21.059, 21.42, 21.604, 21.776, 21.883, 21.691, 21.505, 21.311, 21.008, 20.919, 21.158, 21.193, 21.209, 21.461, 21.543, 21.259, 21.343, 21.61, 21.758, 21.295], [7.234, 4.751, 0.0, 7.084, 10.228, 10.871, 12.36, 13.88, 15.004, 16.037, 16.984, 17.273, 17.469, 17.586, 17.935, 18.681, 18.799, 19.254, 19.334, 19.855, 20.492, 20.952, 22.187, 23.065, 22.57, 21.907, 21.702, 22.288, 22.784, 23.035, 23.066, 23.779, 24.357, 24.483, 23.938, 23.627, 24.111, 24.67, 24.868, 24.862, 24.435, 23.719, 23.598, 22.823, 21.572, 21.303, 21.301, 21.25, 20.888, 20.119, 20.832, 20.793, 20.725, 20.479, 20.244, 20.275, 20.144, 20.718, 20.753, 20.813, 20.783, 20.822, 20.937, 20.708, 20.643, 20.645, 20.632, 21.044, 21.136, 21.268, 21.363, 21.13, 20.952, 20.769, 20.466, 20.394, 20.654, 20.687, 20.719, 20.99, 21.111, 20.955, 21.05, 21.335, 21.509, 21.162], [12.873, 10.747, 7.084, 0.0, 4.005, 5.719, 8.868, 11.27, 13.047, 14.344, 15.238, 15.571, 15.878, 16.045, 15.902, 16.603, 16.688, 17.049, 17.117, 17.614, 18.459, 19.008, 20.672, 21.711, 21.245, 20.596, 20.405, 21.213, 21.837, 22.021, 21.912, 22.694, 23.201, 23.31, 22.856, 22.673, 23.618, 24.612, 24.944, 24.967, 24.504, 23.748, 23.617, 22.797, 21.517, 21.314, 21.256, 21.098, 20.765, 19.886, 20.671, 20.663, 20.506, 20.24, 20.012, 20.077, 19.914, 20.568, 20.581, 20.542, 20.518, 20.523, 20.484, 20.136, 20.099, 20.043, 20.029, 20.447, 20.492, 20.582, 20.548, 20.266, 20.215, 20.074, 19.761, 19.738, 19.975, 19.949, 19.99, 20.245, 20.446, 20.46, 20.458, 20.771, 21.027, 20.925], [15.146, 13.278, 10.228, 4.005, 0.0, 3.455, 7.894, 10.712, 12.866, 14.274, 14.997, 15.233, 15.554, 15.721, 15.361, 16.008, 16.081, 16.369, 16.453, 16.877, 17.782, 18.391, 20.218, 21.312, 20.88, 20.296, 20.127, 20.993, 21.647, 21.746, 21.523, 22.303, 22.751, 22.8, 22.389, 22.283, 23.35, 24.505, 24.96, 25.063, 24.631, 23.882, 23.723, 22.895, 21.661, 21.499, 21.42, 21.224, 20.964, 20.165, 20.95, 20.982, 20.791, 20.521, 20.278, 20.355, 20.218, 20.875, 20.862, 20.757, 20.743, 20.74, 20.612, 20.223, 20.214, 20.135, 20.111, 20.52, 20.561, 20.632, 20.533, 20.239, 20.241, 20.122, 19.824, 19.833, 20.066, 20.025, 20.054, 20.292, 20.503, 20.575, 20.532, 20.81, 21.039, 20.981], [15.481, 13.707, 10.871, 5.719, 3.455, 0.0, 5.328, 8.653, 11.145, 12.801, 13.668, 13.93, 14.21, 14.366, 14.048, 14.762, 14.903, 15.359, 15.466, 15.934, 16.886, 17.533, 19.499, 20.691, 20.268, 19.782, 19.652, 20.53, 21.207, 21.343, 21.07, 21.807, 22.272, 22.364, 22.03, 21.879, 22.888, 24.057, 24.559, 24.797, 24.506, 23.799, 23.634, 22.792, 21.548, 21.396, 21.357, 21.117, 20.807, 19.992, 20.763, 20.79, 20.588, 20.318, 20.071, 20.136, 19.962, 20.604, 20.61, 20.505, 20.498, 20.539, 20.459, 20.063, 20.061, 19.994, 19.959, 20.44, 20.468, 20.55, 20.458, 20.142, 20.138, 20.017, 19.726, 19.723, 19.97, 19.926, 19.944, 20.196, 20.401, 20.499, 20.465, 20.715, 20.946, 20.931], [16.151, 14.673, 12.36, 8.868, 7.894, 5.328, 0.0, 3.977, 7.377, 9.561, 10.655, 11.241, 11.544, 11.667, 11.6, 12.365, 12.671, 13.411, 13.553, 14.034, 14.933, 15.65, 17.673, 18.947, 18.55, 18.273, 18.246, 19.188, 19.905, 20.171, 19.942, 20.55, 21.031, 21.32, 21.137, 20.853, 21.775, 22.978, 23.456, 23.804, 23.84, 23.309, 23.159, 22.412, 21.366, 21.188, 21.177, 20.896, 20.526, 19.722, 20.334, 20.342, 20.146, 20.007, 19.843, 19.854, 19.689, 20.217, 20.25, 20.17, 20.132, 20.326, 20.497, 20.19, 20.196, 20.214, 20.191, 20.726, 20.754, 20.923, 20.895, 20.595, 20.634, 20.567, 20.324, 20.32, 20.579, 20.505, 20.508, 20.786, 20.97, 21.066, 21.055, 21.413, 21.728, 21.765], [17.129, 15.87, 13.88, 11.27, 10.712, 8.653, 3.977, 0.0, 4.062, 6.666, 8.073, 9.041, 9.467, 9.531, 9.737, 10.53, 10.983, 12.026, 12.179, 12.706, 13.557, 14.368, 16.266, 17.549, 17.189, 17.097, 17.11, 18.089, 18.883, 19.326, 19.191, 19.675, 20.154, 20.519, 20.397, 19.982, 20.774, 21.938, 22.384, 22.78, 23.061, 22.719, 22.614, 21.98, 21.134, 20.936, 20.929, 20.628, 20.236, 19.513, 19.983, 19.937, 19.759, 19.715, 19.654, 19.579, 19.43, 19.846, 19.913, 19.899, 19.831, 20.093, 20.467, 20.251, 20.274, 20.357, 20.327, 20.906, 20.936, 21.165, 21.195, 20.924, 20.976, 20.95, 20.746, 20.744, 21.015, 20.909, 20.905, 21.211, 21.386, 21.516, 21.536, 21.973, 22.407, 22.512], [17.972, 16.828, 15.004, 13.047, 12.866, 11.145, 7.377, 4.062, 0.0, 3.138, 5.644, 7.189, 7.789, 7.761, 8.293, 9.217, 9.711, 11.192, 11.342, 12.0, 12.965, 13.869, 15.582, 16.842, 16.496, 16.505, 16.488, 17.484, 18.389, 19.002, 18.989, 19.415, 19.911, 20.219, 20.089, 19.597, 20.22, 21.254, 21.651, 22.079, 22.476, 22.245, 22.2, 21.662, 20.935, 20.709, 20.696, 20.408, 19.985, 19.29, 19.688, 19.572, 19.437, 19.439, 19.443, 19.279, 19.081, 19.387, 19.487, 19.585, 19.5, 19.745, 20.278, 20.149, 20.183, 20.302, 20.224, 20.862, 20.871, 21.129, 21.236, 20.989, 21.025, 21.028, 20.85, 20.838, 21.137, 21.017, 21.011, 21.355, 21.539, 21.705, 21.755, 22.24, 22.787, 22.967], [18.82, 17.743, 16.037, 14.344, 14.274, 12.801, 9.561, 6.666, 3.138, 0.0, 3.494, 5.584, 6.387, 6.282, 7.089, 8.076, 8.602, 10.358, 10.529, 11.222, 12.221, 13.111, 14.724, 16.042, 15.684, 15.743, 15.739, 16.801, 17.816, 18.502, 18.57, 18.985, 19.475, 19.731, 19.633, 19.128, 19.661, 20.671, 21.058, 21.489, 21.941, 21.771, 21.752, 21.304, 20.722, 20.488, 20.454, 20.185, 19.731, 19.0, 19.301, 19.18, 19.084, 19.136, 19.203, 19.011, 18.879, 19.123, 19.223, 19.377, 19.268, 19.554, 20.244, 20.194, 20.236, 20.388, 20.302, 20.992, 20.985, 21.253, 21.417, 21.182, 21.224, 21.275, 21.131, 21.133, 21.444, 21.31, 21.303, 21.656, 21.838, 22.019, 22.11, 22.667, 23.287, 23.506], [19.557, 18.551, 16.984, 15.238, 14.997, 13.668, 10.655, 8.073, 5.644, 3.494, 0.0, 2.722, 3.963, 3.946, 5.189, 6.163, 6.853, 8.613, 8.838, 9.374, 10.284, 11.135, 12.776, 14.323, 13.909, 14.008, 14.092, 15.321, 16.498, 17.224, 17.33, 17.796, 18.262, 18.489, 18.455, 17.951, 18.477, 19.632, 20.095, 20.555, 21.11, 21.005, 20.979, 20.601, 20.213, 20.03, 19.994, 19.704, 19.232, 18.469, 18.61, 18.556, 18.485, 18.626, 18.776, 18.58, 18.665, 18.934, 18.994, 19.131, 18.999, 19.379, 20.176, 20.17, 20.213, 20.419, 20.372, 21.088, 21.084, 21.356, 21.516, 21.278, 21.366, 21.47, 21.354, 21.383, 21.676, 21.519, 21.495, 21.845, 22.021, 22.208, 22.324, 22.974, 23.649, 23.855], [19.73, 18.718, 17.273, 15.571, 15.233, 13.93, 11.241, 9.041, 7.189, 5.584, 2.722, 0.0, 1.794, 2.219, 3.778, 4.898, 5.737, 7.394, 7.703, 8.227, 9.195, 10.066, 11.989, 13.813, 13.336, 13.35, 13.436, 14.696, 15.984, 16.721, 16.792, 17.373, 17.842, 17.943, 17.836, 17.366, 17.902, 19.067, 19.582, 20.104, 20.644, 20.491, 20.45, 20.03, 19.643, 19.567, 19.574, 19.257, 18.764, 17.952, 18.028, 17.97, 17.884, 18.013, 18.172, 17.967, 18.09, 18.415, 18.458, 18.577, 18.458, 18.872, 19.64, 19.62, 19.665, 19.881, 19.87, 20.638, 20.684, 20.951, 21.071, 20.827, 20.948, 21.055, 20.928, 20.971, 21.25, 21.094, 21.072, 21.426, 21.607, 21.787, 21.894, 22.552, 23.269, 23.508], [19.795, 18.816, 17.469, 15.878, 15.554, 14.21, 11.544, 9.467, 7.789, 6.387, 3.963, 1.794, 0.0, 1.375, 3.258, 4.475, 5.441, 7.051, 7.48, 8.055, 9.063, 9.885, 12.049, 14.021, 13.51, 13.471, 13.581, 14.785, 16.061, 16.787, 16.828, 17.449, 17.921, 17.996, 17.862, 17.406, 17.947, 19.097, 19.622, 20.173, 20.694, 20.497, 20.449, 20.003, 19.598, 19.575, 19.614, 19.291, 18.788, 17.929, 17.961, 17.89, 17.791, 17.897, 18.018, 17.816, 17.884, 18.196, 18.261, 18.375, 18.259, 18.721, 19.47, 19.435, 19.479, 19.687, 19.694, 20.503, 20.598, 20.874, 20.968, 20.719, 20.853, 20.961, 20.835, 20.886, 21.152, 21.006, 20.983, 21.328, 21.515, 21.684, 21.783, 22.428, 23.143, 23.405], [19.872, 18.941, 17.586, 16.045, 15.721, 14.366, 11.667, 9.531, 7.761, 6.282, 3.946, 2.219, 1.375, 0.0, 3.027, 4.377, 5.176, 6.981, 7.41, 8.056, 8.982, 9.847, 11.929, 13.852, 13.367, 13.393, 13.476, 14.643, 15.911, 16.655, 16.709, 17.285, 17.769, 17.847, 17.744, 17.298, 17.818, 18.968, 19.517, 20.102, 20.687, 20.531, 20.479, 20.052, 19.663, 19.612, 19.637, 19.337, 18.855, 18.058, 18.13, 18.062, 17.974, 18.082, 18.228, 18.027, 18.106, 18.396, 18.455, 18.579, 18.462, 18.898, 19.667, 19.643, 19.691, 19.889, 19.88, 20.731, 20.831, 21.1, 21.214, 20.968, 21.078, 21.179, 21.06, 21.11, 21.394, 21.254, 21.236, 21.587, 21.774, 21.948, 22.048, 22.676, 23.382, 23.619], [20.525, 19.419, 17.935, 15.902, 15.361, 14.048, 11.6, 9.737, 8.293, 7.089, 5.189, 3.778, 3.258, 3.027, 0.0, 2.343, 3.539, 5.368, 5.947, 6.743, 8.145, 9.037, 11.677, 13.734, 13.262, 13.226, 13.302, 14.516, 15.841, 16.558, 16.488, 17.147, 17.562, 17.57, 17.418, 17.081, 17.966, 19.337, 19.919, 20.448, 20.872, 20.61, 20.569, 20.08, 19.565, 19.572, 19.573, 19.225, 18.803, 17.91, 18.048, 17.932, 17.767, 17.831, 17.934, 17.798, 17.805, 18.175, 18.224, 18.304, 18.218, 18.605, 19.23, 19.134, 19.178, 19.303, 19.27, 20.106, 20.254, 20.5, 20.521, 20.244, 20.402, 20.505, 20.36, 20.422, 20.69, 20.538, 20.526, 20.852, 21.083, 21.273, 21.314, 21.96, 22.704, 23.047], [21.221, 20.104, 18.681, 16.603, 16.008, 14.762, 12.365, 10.53, 9.217, 8.076, 6.163, 4.898, 4.475, 4.377, 2.343, 0.0, 2.457, 4.477, 5.103, 5.882, 7.2, 8.035, 10.717, 12.9, 12.431, 12.443, 12.541, 13.751, 15.125, 15.895, 15.815, 16.445, 16.797, 16.868, 16.788, 16.4, 17.35, 18.795, 19.402, 19.931, 20.373, 20.14, 20.1, 19.628, 19.179, 19.193, 19.172, 18.79, 18.401, 17.628, 17.757, 17.664, 17.499, 17.598, 17.787, 17.645, 17.78, 18.164, 18.187, 18.236, 18.157, 18.598, 19.205, 19.11, 19.15, 19.286, 19.263, 20.061, 20.215, 20.494, 20.49, 20.197, 20.401, 20.54, 20.416, 20.484, 20.729, 20.55, 20.535, 20.837, 21.076, 21.283, 21.306, 21.972, 22.726, 23.092], [21.403, 20.266, 18.799, 16.688, 16.081, 14.903, 12.671, 10.983, 9.711, 8.602, 6.853, 5.737, 5.441, 5.176, 3.539, 2.457, 0.0, 3.06, 3.768, 4.798, 6.385, 7.453, 10.218, 12.38, 11.909, 11.889, 12.036, 13.3, 14.717, 15.464, 15.379, 16.043, 16.427, 16.453, 16.441, 16.308, 17.411, 18.901, 19.519, 20.055, 20.509, 20.261, 20.197, 19.707, 19.187, 19.192, 19.168, 18.798, 18.408, 17.627, 17.941, 17.919, 17.78, 17.862, 18.044, 17.918, 18.065, 18.51, 18.493, 18.523, 18.459, 18.889, 19.428, 19.304, 19.348, 19.447, 19.404, 20.202, 20.344, 20.55, 20.518, 20.214, 20.419, 20.573, 20.452, 20.523, 20.762, 20.58, 20.572, 20.857, 21.097, 21.309, 21.339, 21.998, 22.723, 23.055], [21.798, 20.626, 19.254, 17.049, 16.369, 15.359, 13.411, 12.026, 11.192, 10.358, 8.613, 7.394, 7.051, 6.981, 5.368, 4.477, 3.06, 0.0, 1.878, 3.101, 4.977, 6.238, 9.665, 12.067, 11.55, 11.296, 11.511, 12.76, 14.223, 14.877, 14.728, 15.566, 15.92, 15.908, 15.865, 15.968, 17.362, 18.998, 19.622, 20.087, 20.444, 20.119, 20.055, 19.553, 19.038, 19.137, 19.102, 18.697, 18.353, 17.502, 17.788, 17.848, 17.689, 17.777, 17.946, 17.86, 18.035, 18.544, 18.498, 18.472, 18.432, 18.904, 19.317, 19.126, 19.16, 19.234, 19.212, 19.933, 20.117, 20.291, 20.133, 19.802, 20.092, 20.283, 20.156, 20.253, 20.44, 20.217, 20.205, 20.456, 20.699, 20.895, 20.898, 21.622, 22.361, 22.692], [21.919, 20.741, 19.334, 17.117, 16.453, 15.466, 13.553, 12.179, 11.342, 10.529, 8.838, 7.703, 7.48, 7.41, 5.947, 5.103, 3.768, 1.878, 0.0, 2.047, 4.225, 5.802, 9.339, 11.734, 11.249, 11.007, 11.217, 12.474, 13.947, 14.626, 14.498, 15.33, 15.678, 15.672, 15.638, 15.776, 17.233, 18.918, 19.552, 20.005, 20.378, 20.079, 20.023, 19.545, 19.046, 19.125, 19.093, 18.698, 18.366, 17.576, 17.918, 17.96, 17.827, 17.91, 18.11, 18.025, 18.199, 18.705, 18.662, 18.649, 18.606, 19.063, 19.469, 19.275, 19.316, 19.393, 19.359, 20.05, 20.215, 20.372, 20.214, 19.889, 20.169, 20.362, 20.241, 20.341, 20.526, 20.293, 20.288, 20.547, 20.789, 20.991, 20.999, 21.715, 22.445, 22.773], [22.343, 21.221, 19.855, 17.614, 16.877, 15.934, 14.034, 12.706, 12.0, 11.222, 9.374, 8.227, 8.055, 8.056, 6.743, 5.882, 4.798, 3.101, 2.047, 0.0, 3.108, 4.932, 8.756, 11.29, 10.797, 10.569, 10.85, 12.19, 13.666, 14.295, 14.2, 15.081, 15.395, 15.353, 15.388, 15.621, 17.144, 18.928, 19.587, 20.026, 20.43, 20.163, 20.096, 19.651, 19.251, 19.342, 19.313, 18.925, 18.6, 17.821, 18.105, 18.207, 18.092, 18.23, 18.448, 18.36, 18.554, 19.017, 18.956, 18.933, 18.891, 19.341, 19.727, 19.536, 19.569, 19.667, 19.635, 20.267, 20.4, 20.549, 20.395, 20.08, 20.403, 20.633, 20.524, 20.626, 20.808, 20.561, 20.542, 20.782, 21.004, 21.208, 21.226, 21.985, 22.702, 23.007], [22.775, 21.729, 20.492, 18.459, 17.782, 16.886, 14.933, 13.557, 12.965, 12.221, 10.284, 9.195, 9.063, 8.982, 8.145, 7.2, 6.385, 4.977, 4.225, 3.108, 0.0, 2.84, 7.192, 9.999, 9.541, 9.374, 9.666, 10.814, 12.276, 12.961, 12.948, 13.796, 14.096, 14.204, 14.391, 14.593, 16.123, 18.05, 18.748, 19.159, 19.686, 19.53, 19.467, 19.109, 18.901, 19.016, 18.988, 18.615, 18.283, 17.662, 17.878, 18.065, 18.004, 18.216, 18.619, 18.526, 18.873, 19.271, 19.19, 19.171, 19.117, 19.653, 20.104, 19.935, 19.975, 20.113, 20.117, 20.751, 20.871, 21.05, 20.913, 20.58, 20.892, 21.154, 21.073, 21.188, 21.351, 21.055, 21.042, 21.286, 21.48, 21.701, 21.737, 22.524, 23.231, 23.474], [23.148, 22.12, 20.952, 19.008, 18.391, 17.533, 15.65, 14.368, 13.869, 13.111, 11.135, 10.066, 9.885, 9.847, 9.037, 8.035, 7.453, 6.238, 5.802, 4.932, 2.84, 0.0, 5.805, 9.104, 8.676, 8.459, 8.85, 9.937, 11.249, 11.929, 11.921, 12.821, 13.104, 13.415, 13.787, 13.985, 15.603, 17.673, 18.383, 18.716, 19.171, 18.99, 18.952, 18.626, 18.516, 18.673, 18.64, 18.245, 17.887, 17.258, 17.443, 17.674, 17.621, 17.874, 18.314, 18.288, 18.812, 19.214, 19.107, 19.095, 19.017, 19.579, 20.059, 19.922, 19.945, 20.09, 20.113, 20.719, 20.794, 20.971, 20.841, 20.482, 20.782, 21.074, 21.034, 21.162, 21.292, 20.995, 20.975, 21.21, 21.395, 21.614, 21.676, 22.5, 23.216, 23.466], [24.109, 23.25, 22.187, 20.672, 20.218, 19.499, 17.673, 16.266, 15.582, 14.724, 12.776, 11.989, 12.049, 11.929, 11.677, 10.717, 10.218, 9.665, 9.339, 8.756, 7.192, 5.805, 0.0, 3.969, 4.023, 4.629, 5.201, 6.482, 7.779, 8.518, 8.947, 9.63, 9.858, 10.277, 10.998, 11.373, 12.955, 15.241, 16.07, 16.298, 16.976, 17.139, 17.161, 17.186, 17.64, 17.746, 17.719, 17.375, 17.175, 17.289, 17.651, 18.039, 18.138, 18.551, 19.199, 19.143, 20.284, 20.725, 20.551, 20.59, 20.429, 20.926, 21.597, 21.621, 21.638, 21.863, 21.881, 22.385, 22.299, 22.427, 22.403, 22.093, 22.3, 22.589, 22.627, 22.755, 22.887, 22.599, 22.547, 22.776, 22.893, 23.133, 23.239, 24.017, 24.668, 24.785], [24.894, 24.112, 23.065, 21.711, 21.312, 20.691, 18.947, 17.549, 16.842, 16.042, 14.323, 13.813, 14.021, 13.852, 13.734, 12.9, 12.38, 12.067, 11.734, 11.29, 9.999, 9.104, 3.969, 0.0, 2.054, 4.013, 4.739, 6.194, 7.355, 7.968, 8.557, 8.852, 8.971, 9.393, 10.331, 11.034, 12.668, 15.009, 15.855, 15.99, 16.773, 17.154, 17.205, 17.477, 18.19, 18.234, 18.21, 17.948, 17.88, 18.36, 18.879, 19.305, 19.477, 19.927, 20.63, 20.539, 21.832, 22.314, 22.136, 22.197, 21.996, 22.406, 23.122, 23.198, 23.237, 23.477, 23.454, 23.871, 23.704, 23.78, 23.801, 23.537, 23.681, 23.95, 24.033, 24.156, 24.29, 24.011, 23.947, 24.157, 24.256, 24.515, 24.626, 25.318, 25.874, 25.912], [24.386, 23.591, 22.57, 21.245, 20.88, 20.268, 18.55, 17.189, 16.496, 15.684, 13.909, 13.336, 13.51, 13.367, 13.262, 12.431, 11.909, 11.55, 11.249, 10.797, 9.541, 8.676, 4.023, 2.054, 0.0, 2.625, 3.858, 5.726, 7.128, 7.869, 8.601, 9.059, 9.265, 9.696, 10.603, 11.187, 12.661, 14.915, 15.714, 15.867, 16.619, 16.929, 16.963, 17.153, 17.781, 17.848, 17.85, 17.595, 17.474, 17.86, 18.344, 18.785, 18.954, 19.403, 20.083, 19.993, 21.295, 21.841, 21.698, 21.773, 21.593, 22.012, 22.694, 22.738, 22.763, 23.006, 22.994, 23.418, 23.261, 23.345, 23.37, 23.112, 23.271, 23.554, 23.635, 23.751, 23.882, 23.602, 23.534, 23.742, 23.854, 24.1, 24.197, 24.893, 25.469, 25.51], [23.773, 22.906, 21.907, 20.596, 20.296, 19.782, 18.273, 17.097, 16.505, 15.743, 14.008, 13.35, 13.471, 13.393, 13.226, 12.443, 11.889, 11.296, 11.007, 10.569, 9.374, 8.459, 4.629, 4.013, 2.625, 0.0, 2.37, 4.924, 6.64, 7.465, 8.376, 9.284, 9.593, 9.931, 10.618, 11.279, 12.844, 15.051, 15.784, 15.83, 16.354, 16.483, 16.52, 16.604, 17.099, 17.224, 17.243, 16.994, 16.81, 16.989, 17.478, 17.947, 18.111, 18.54, 19.187, 19.118, 20.419, 21.018, 20.894, 21.013, 20.868, 21.291, 21.899, 21.911, 21.918, 22.144, 22.146, 22.564, 22.432, 22.506, 22.512, 22.232, 22.411, 22.704, 22.762, 22.884, 23.006, 22.723, 22.66, 22.86, 22.974, 23.179, 23.266, 24.031, 24.676, 24.74], [23.588, 22.724, 21.702, 20.405, 20.127, 19.652, 18.246, 17.11, 16.488, 15.739, 14.092, 13.436, 13.581, 13.476, 13.302, 12.541, 12.036, 11.511, 11.217, 10.85, 9.666, 8.85, 5.201, 4.739, 3.858, 2.37, 0.0, 3.437, 5.6, 6.611, 7.656, 8.721, 9.135, 9.352, 9.879, 10.476, 12.072, 14.308, 15.083, 15.096, 15.556, 15.689, 15.741, 15.828, 16.339, 16.456, 16.458, 16.231, 16.1, 16.399, 16.943, 17.411, 17.579, 18.0, 18.7, 18.631, 19.959, 20.551, 20.413, 20.562, 20.45, 20.835, 21.429, 21.452, 21.474, 21.7, 21.7, 22.151, 22.036, 22.13, 22.134, 21.847, 22.028, 22.31, 22.357, 22.494, 22.636, 22.352, 22.304, 22.524, 22.641, 22.847, 22.919, 23.708, 24.399, 24.481], [23.971, 23.16, 22.288, 21.213, 20.993, 20.53, 19.188, 18.089, 17.484, 16.801, 15.321, 14.696, 14.785, 14.643, 14.516, 13.751, 13.3, 12.76, 12.474, 12.19, 10.814, 9.937, 6.482, 6.194, 5.726, 4.924, 3.437, 0.0, 2.87, 4.634, 6.27, 7.482, 8.029, 8.47, 8.963, 9.308, 10.721, 12.978, 13.794, 13.774, 14.299, 14.528, 14.611, 14.765, 15.453, 15.622, 15.589, 15.349, 15.31, 15.991, 16.575, 17.022, 17.211, 17.666, 18.511, 18.459, 19.872, 20.431, 20.315, 20.51, 20.41, 20.825, 21.417, 21.462, 21.473, 21.699, 21.685, 22.117, 22.034, 22.189, 22.191, 21.9, 22.068, 22.341, 22.391, 22.538, 22.673, 22.38, 22.341, 22.572, 22.697, 22.911, 22.96, 23.716, 24.401, 24.488], [24.326, 23.587, 22.784, 21.837, 21.647, 21.207, 19.905, 18.883, 18.389, 17.816, 16.498, 15.984, 16.061, 15.911, 15.841, 15.125, 14.717, 14.223, 13.947, 13.666, 12.276, 11.249, 7.779, 7.355, 7.128, 6.64, 5.6, 2.87, 0.0, 2.908, 5.268, 6.394, 7.112, 8.104, 8.913, 9.23, 10.522, 12.849, 13.704, 13.633, 14.19, 14.508, 14.602, 14.82, 15.624, 15.748, 15.679, 15.467, 15.528, 16.467, 17.141, 17.629, 17.825, 18.277, 19.126, 19.111, 20.533, 21.036, 20.924, 21.141, 21.023, 21.4, 21.975, 22.045, 22.049, 22.275, 22.247, 22.602, 22.452, 22.607, 22.646, 22.363, 22.492, 22.763, 22.838, 22.976, 23.1, 22.824, 22.789, 23.021, 23.143, 23.363, 23.414, 24.101, 24.676, 24.707], [24.526, 23.823, 23.035, 22.021, 21.746, 21.343, 20.171, 19.326, 19.002, 18.502, 17.224, 16.721, 16.787, 16.655, 16.558, 15.895, 15.464, 14.877, 14.626, 14.295, 12.961, 11.929, 8.518, 7.968, 7.869, 7.465, 6.611, 4.634, 2.908, 0.0, 3.346, 5.025, 5.738, 6.778, 8.04, 8.999, 10.613, 13.201, 14.235, 14.169, 14.636, 14.89, 14.909, 15.141, 15.953, 16.087, 15.991, 15.785, 15.93, 16.858, 17.582, 18.191, 18.386, 18.789, 19.546, 19.584, 20.964, 21.464, 21.315, 21.459, 21.337, 21.718, 22.29, 22.412, 22.437, 22.643, 22.616, 22.948, 22.771, 22.878, 22.905, 22.614, 22.742, 23.024, 23.121, 23.27, 23.388, 23.113, 23.076, 23.277, 23.381, 23.603, 23.67, 24.339, 24.833, 24.808], [24.61, 23.877, 23.066, 21.912, 21.523, 21.07, 19.942, 19.191, 18.989, 18.57, 17.33, 16.792, 16.828, 16.709, 16.488, 15.815, 15.379, 14.728, 14.498, 14.2, 12.948, 11.921, 8.947, 8.557, 8.601, 8.376, 7.656, 6.27, 5.268, 3.346, 0.0, 2.829, 3.741, 5.491, 7.218, 8.442, 10.558, 13.463, 14.737, 14.881, 15.368, 15.553, 15.553, 15.721, 16.359, 16.519, 16.434, 16.162, 16.301, 17.078, 17.845, 18.456, 18.603, 18.938, 19.631, 19.696, 20.988, 21.515, 21.345, 21.403, 21.284, 21.712, 22.271, 22.396, 22.478, 22.654, 22.634, 22.983, 22.829, 22.925, 22.873, 22.543, 22.665, 22.905, 22.996, 23.163, 23.256, 22.968, 22.938, 23.127, 23.226, 23.447, 23.508, 24.164, 24.624, 24.625], [25.214, 24.565, 23.779, 22.694, 22.303, 21.807, 20.55, 19.675, 19.415, 18.985, 17.796, 17.373, 17.449, 17.285, 17.147, 16.445, 16.043, 15.566, 15.33, 15.081, 13.796, 12.821, 9.63, 8.852, 9.059, 9.284, 8.721, 7.482, 6.394, 5.025, 2.829, 0.0, 2.128, 5.507, 7.639, 8.556, 10.436, 13.371, 14.735, 15.02, 15.812, 16.239, 16.272, 16.556, 17.275, 17.339, 17.242, 16.983, 17.134, 18.08, 18.854, 19.446, 19.612, 19.965, 20.707, 20.747, 22.047, 22.529, 22.369, 22.426, 22.287, 22.72, 23.315, 23.438, 23.538, 23.731, 23.703, 24.03, 23.844, 23.949, 23.916, 23.604, 23.682, 23.905, 24.021, 24.18, 24.265, 23.985, 23.959, 24.154, 24.246, 24.484, 24.553, 25.15, 25.542, 25.511], [25.771, 25.127, 24.357, 23.201, 22.751, 22.272, 21.031, 20.154, 19.911, 19.475, 18.262, 17.842, 17.921, 17.769, 17.562, 16.797, 16.427, 15.92, 15.678, 15.395, 14.096, 13.104, 9.858, 8.971, 9.265, 9.593, 9.135, 8.029, 7.112, 5.738, 3.741, 2.128, 0.0, 4.445, 7.03, 8.163, 10.332, 13.496, 14.96, 15.218, 15.966, 16.395, 16.426, 16.76, 17.56, 17.659, 17.548, 17.266, 17.446, 18.41, 19.149, 19.748, 19.91, 20.285, 21.047, 21.084, 22.411, 22.895, 22.735, 22.766, 22.614, 23.068, 23.661, 23.786, 23.886, 24.078, 24.059, 24.363, 24.185, 24.29, 24.237, 23.919, 24.005, 24.23, 24.357, 24.532, 24.609, 24.319, 24.292, 24.461, 24.544, 24.788, 24.851, 25.452, 25.837, 25.827], [25.91, 25.233, 24.483, 23.31, 22.8, 22.364, 21.32, 20.519, 20.219, 19.731, 18.489, 17.943, 17.996, 17.847, 17.57, 16.868, 16.453, 15.908, 15.672, 15.353, 14.204, 13.415, 10.277, 9.393, 9.696, 9.931, 9.352, 8.47, 8.104, 6.778, 5.491, 5.507, 4.445, 0.0, 3.871, 6.683, 9.355, 12.854, 14.589, 14.851, 15.396, 15.748, 15.755, 16.128, 16.97, 17.194, 17.103, 16.844, 17.13, 18.08, 18.787, 19.392, 19.574, 19.937, 20.664, 20.687, 22.016, 22.528, 22.337, 22.321, 22.163, 22.609, 23.22, 23.388, 23.532, 23.72, 23.708, 24.093, 23.994, 24.047, 23.978, 23.675, 23.775, 23.993, 24.105, 24.298, 24.403, 24.111, 24.08, 24.238, 24.323, 24.566, 24.604, 25.23, 25.684, 25.687], [25.381, 24.65, 23.938, 22.856, 22.389, 22.03, 21.137, 20.397, 20.089, 19.633, 18.455, 17.836, 17.862, 17.744, 17.418, 16.788, 16.441, 15.865, 15.638, 15.388, 14.391, 13.787, 10.998, 10.331, 10.603, 10.618, 9.879, 8.963, 8.913, 8.04, 7.218, 7.639, 7.03, 3.871, 0.0, 4.459, 7.928, 11.533, 13.355, 13.519, 13.811, 14.073, 14.107, 14.516, 15.409, 15.778, 15.731, 15.505, 15.951, 17.037, 17.79, 18.36, 18.535, 18.894, 19.643, 19.649, 20.992, 21.527, 21.317, 21.269, 21.129, 21.612, 22.264, 22.463, 22.627, 22.811, 22.81, 23.262, 23.334, 23.47, 23.369, 23.093, 23.234, 23.407, 23.457, 23.654, 23.768, 23.472, 23.434, 23.603, 23.708, 23.914, 23.907, 24.566, 25.102, 25.106], [24.958, 24.263, 23.627, 22.673, 22.283, 21.879, 20.853, 19.982, 19.597, 19.128, 17.951, 17.366, 17.406, 17.298, 17.081, 16.4, 16.308, 15.968, 15.776, 15.621, 14.593, 13.985, 11.373, 11.034, 11.187, 11.279, 10.476, 9.308, 9.23, 8.999, 8.442, 8.556, 8.163, 6.683, 4.459, 0.0, 4.815, 9.129, 11.176, 11.425, 11.925, 12.39, 12.513, 12.962, 14.03, 14.39, 14.343, 14.077, 14.635, 16.098, 16.775, 17.259, 17.431, 17.879, 18.801, 18.757, 20.252, 20.776, 20.63, 20.629, 20.482, 21.059, 21.825, 22.05, 22.19, 22.409, 22.451, 22.958, 23.136, 23.503, 23.422, 23.14, 23.291, 23.421, 23.439, 23.622, 23.733, 23.441, 23.397, 23.587, 23.705, 23.889, 23.844, 24.492, 25.081, 25.127], [24.936, 24.461, 24.111, 23.618, 23.35, 22.888, 21.775, 20.774, 20.22, 19.661, 18.477, 17.902, 17.947, 17.818, 17.966, 17.35, 17.411, 17.362, 17.233, 17.144, 16.123, 15.603, 12.955, 12.668, 12.661, 12.844, 12.072, 10.721, 10.522, 10.613, 10.558, 10.436, 10.332, 9.355, 7.928, 4.815, 0.0, 5.224, 7.99, 8.755, 10.012, 11.009, 11.123, 11.736, 13.136, 13.366, 13.367, 13.194, 13.788, 15.802, 16.286, 16.776, 17.065, 17.586, 18.667, 18.547, 20.262, 20.775, 20.665, 20.732, 20.584, 21.185, 22.069, 22.344, 22.471, 22.78, 22.854, 23.439, 23.639, 24.084, 24.138, 23.92, 24.005, 24.13, 24.167, 24.324, 24.467, 24.209, 24.164, 24.388, 24.48, 24.652, 24.665, 25.255, 25.838, 25.836], [25.04, 24.736, 24.67, 24.612, 24.505, 24.057, 22.978, 21.938, 21.254, 20.671, 19.632, 19.067, 19.097, 18.968, 19.337, 18.795, 18.901, 18.998, 18.918, 18.928, 18.05, 17.673, 15.241, 15.009, 14.915, 15.051, 14.308, 12.978, 12.849, 13.201, 13.463, 13.371, 13.496, 12.854, 11.533, 9.129, 5.224, 0.0, 3.687, 5.569, 7.755, 9.28, 9.354, 10.151, 11.811, 11.954, 12.123, 12.134, 12.763, 15.428, 15.805, 16.256, 16.666, 17.193, 18.385, 18.189, 20.089, 20.608, 20.474, 20.584, 20.487, 21.046, 21.97, 22.286, 22.409, 22.812, 22.922, 23.557, 23.856, 24.39, 24.527, 24.439, 24.56, 24.671, 24.705, 24.837, 24.997, 24.775, 24.731, 24.963, 25.041, 25.171, 25.208, 25.728, 26.313, 26.254], [25.143, 24.853, 24.868, 24.944, 24.96, 24.559, 23.456, 22.384, 21.651, 21.058, 20.095, 19.582, 19.622, 19.517, 19.919, 19.402, 19.519, 19.622, 19.552, 19.587, 18.748, 18.383, 16.07, 15.855, 15.714, 15.784, 15.083, 13.794, 13.704, 14.235, 14.737, 14.735, 14.96, 14.589, 13.355, 11.176, 7.99, 3.687, 0.0, 3.131, 6.403, 8.315, 8.399, 9.277, 11.027, 11.088, 11.366, 11.51, 12.131, 15.05, 15.39, 15.787, 16.252, 16.819, 18.084, 17.857, 19.824, 20.326, 20.18, 20.342, 20.263, 20.788, 21.752, 22.082, 22.182, 22.647, 22.799, 23.418, 23.738, 24.352, 24.519, 24.492, 24.701, 24.85, 24.886, 25.002, 25.156, 24.948, 24.902, 25.127, 25.212, 25.312, 25.332, 25.854, 26.462, 26.407], [25.198, 24.856, 24.862, 24.967, 25.063, 24.797, 23.804, 22.78, 22.079, 21.489, 20.555, 20.104, 20.173, 20.102, 20.448, 19.931, 20.055, 20.087, 20.005, 20.026, 19.159, 18.716, 16.298, 15.99, 15.867, 15.83, 15.096, 13.774, 13.633, 14.169, 14.881, 15.02, 15.218, 14.851, 13.519, 11.425, 8.755, 5.569, 3.131, 0.0, 4.153, 6.587, 6.812, 8.028, 10.193, 10.318, 10.555, 10.806, 11.584, 14.614, 15.002, 15.449, 15.921, 16.551, 17.872, 17.679, 19.742, 20.227, 20.084, 20.282, 20.184, 20.7, 21.701, 22.062, 22.146, 22.622, 22.793, 23.363, 23.689, 24.328, 24.509, 24.481, 24.714, 24.896, 24.935, 25.051, 25.188, 24.97, 24.914, 25.126, 25.211, 25.307, 25.337, 25.92, 26.562, 26.502], [24.9, 24.442, 24.435, 24.504, 24.631, 24.506, 23.84, 23.061, 22.476, 21.941, 21.11, 20.644, 20.694, 20.687, 20.872, 20.373, 20.509, 20.444, 20.378, 20.43, 19.686, 19.171, 16.976, 16.773, 16.619, 16.354, 15.556, 14.299, 14.19, 14.636, 15.368, 15.812, 15.966, 15.396, 13.811, 11.925, 10.012, 7.755, 6.403, 4.153, 0.0, 3.023, 3.789, 5.556, 8.298, 8.839, 9.103, 9.409, 10.431, 13.561, 14.061, 14.559, 14.99, 15.584, 16.879, 16.77, 18.992, 19.561, 19.389, 19.571, 19.46, 19.907, 20.86, 21.274, 21.36, 21.806, 21.974, 22.541, 22.96, 23.619, 23.781, 23.726, 23.947, 24.116, 24.14, 24.263, 24.381, 24.145, 24.079, 24.28, 24.364, 24.464, 24.495, 25.113, 25.83, 25.766], [24.297, 23.738, 23.719, 23.748, 23.882, 23.799, 23.309, 22.719, 22.245, 21.771, 21.005, 20.491, 20.497, 20.531, 20.61, 20.14, 20.261, 20.119, 20.079, 20.163, 19.53, 18.99, 17.139, 17.154, 16.929, 16.483, 15.689, 14.528, 14.508, 14.89, 15.553, 16.239, 16.395, 15.748, 14.073, 12.39, 11.009, 9.28, 8.315, 6.587, 3.023, 0.0, 1.822, 3.752, 6.693, 7.631, 7.983, 8.256, 9.339, 12.413, 13.068, 13.641, 14.024, 14.551, 15.741, 15.703, 17.98, 18.644, 18.439, 18.571, 18.465, 18.92, 19.802, 20.218, 20.298, 20.706, 20.889, 21.49, 22.003, 22.68, 22.798, 22.713, 22.949, 23.108, 23.118, 23.266, 23.369, 23.125, 23.061, 23.251, 23.346, 23.437, 23.456, 24.088, 24.839, 24.789], [24.152, 23.609, 23.598, 23.617, 23.723, 23.634, 23.159, 22.614, 22.2, 21.752, 20.979, 20.45, 20.449, 20.479, 20.569, 20.1, 20.197, 20.055, 20.023, 20.096, 19.467, 18.952, 17.161, 17.205, 16.963, 16.52, 15.741, 14.611, 14.602, 14.909, 15.553, 16.272, 16.426, 15.755, 14.107, 12.513, 11.123, 9.354, 8.399, 6.812, 3.789, 1.822, 0.0, 2.634, 6.023, 6.924, 7.266, 7.67, 8.898, 12.121, 12.878, 13.569, 13.963, 14.461, 15.627, 15.607, 17.875, 18.556, 18.314, 18.387, 18.295, 18.795, 19.669, 20.059, 20.148, 20.563, 20.763, 21.402, 21.949, 22.633, 22.753, 22.688, 22.95, 23.122, 23.136, 23.287, 23.407, 23.172, 23.114, 23.298, 23.398, 23.49, 23.514, 24.132, 24.837, 24.745], [23.485, 22.856, 22.823, 22.797, 22.895, 22.792, 22.412, 21.98, 21.662, 21.304, 20.601, 20.03, 20.003, 20.052, 20.08, 19.628, 19.707, 19.553, 19.545, 19.651, 19.109, 18.626, 17.186, 17.477, 17.153, 16.604, 15.828, 14.765, 14.82, 15.141, 15.721, 16.556, 16.76, 16.128, 14.516, 12.962, 11.736, 10.151, 9.277, 8.028, 5.556, 3.752, 2.634, 0.0, 3.858, 5.143, 5.626, 6.044, 7.348, 10.77, 11.789, 12.563, 12.913, 13.315, 14.437, 14.438, 16.732, 17.543, 17.303, 17.362, 17.333, 17.846, 18.596, 18.897, 18.974, 19.374, 19.614, 20.347, 20.977, 21.696, 21.795, 21.717, 22.019, 22.19, 22.169, 22.313, 22.445, 22.235, 22.201, 22.385, 22.513, 22.591, 22.576, 23.182, 23.909, 23.836], [22.459, 21.659, 21.572, 21.517, 21.661, 21.548, 21.366, 21.134, 20.935, 20.722, 20.213, 19.643, 19.598, 19.663, 19.565, 19.179, 19.187, 19.038, 19.046, 19.251, 18.901, 18.516, 17.64, 18.19, 17.781, 17.099, 16.339, 15.453, 15.624, 15.953, 16.359, 17.275, 17.56, 16.97, 15.409, 14.03, 13.136, 11.811, 11.027, 10.193, 8.298, 6.693, 6.023, 3.858, 0.0, 2.711, 3.933, 4.3, 5.381, 8.822, 10.452, 11.273, 11.582, 11.736, 12.739, 12.782, 15.0, 16.082, 15.844, 15.885, 15.975, 16.455, 16.966, 17.109, 17.197, 17.555, 17.819, 18.669, 19.417, 20.152, 20.221, 20.12, 20.453, 20.608, 20.538, 20.694, 20.84, 20.653, 20.684, 20.877, 21.041, 21.086, 21.027, 21.626, 22.385, 22.352], [22.152, 21.404, 21.303, 21.314, 21.499, 21.396, 21.188, 20.936, 20.709, 20.488, 20.03, 19.567, 19.575, 19.612, 19.572, 19.193, 19.192, 19.137, 19.125, 19.342, 19.016, 18.673, 17.746, 18.234, 17.848, 17.224, 16.456, 15.622, 15.748, 16.087, 16.519, 17.339, 17.659, 17.194, 15.778, 14.39, 13.366, 11.954, 11.088, 10.318, 8.839, 7.631, 6.924, 5.143, 2.711, 0.0, 2.118, 3.194, 4.605, 8.494, 10.292, 11.211, 11.593, 11.705, 12.652, 12.674, 14.911, 15.996, 15.753, 15.829, 15.914, 16.324, 16.893, 17.038, 17.152, 17.576, 17.816, 18.67, 19.35, 20.11, 20.246, 20.156, 20.463, 20.635, 20.599, 20.753, 20.944, 20.782, 20.825, 21.062, 21.231, 21.294, 21.275, 21.86, 22.553, 22.458], [22.159, 21.42, 21.301, 21.256, 21.42, 21.357, 21.177, 20.929, 20.696, 20.454, 19.994, 19.574, 19.614, 19.637, 19.573, 19.172, 19.168, 19.102, 19.093, 19.313, 18.988, 18.64, 17.719, 18.21, 17.85, 17.243, 16.458, 15.589, 15.679, 15.991, 16.434, 17.242, 17.548, 17.103, 15.731, 14.343, 13.367, 12.123, 11.366, 10.555, 9.103, 7.983, 7.266, 5.626, 3.933, 2.118, 0.0, 2.057, 4.345, 8.42, 10.24, 11.234, 11.617, 11.751, 12.69, 12.737, 14.968, 16.014, 15.75, 15.813, 15.875, 16.294, 16.919, 17.1, 17.198, 17.602, 17.823, 18.659, 19.319, 20.106, 20.249, 20.15, 20.456, 20.636, 20.605, 20.764, 20.969, 20.813, 20.85, 21.104, 21.315, 21.413, 21.401, 21.995, 22.667, 22.555], [22.207, 21.4, 21.25, 21.098, 21.224, 21.117, 20.896, 20.628, 20.408, 20.185, 19.704, 19.257, 19.291, 19.337, 19.225, 18.79, 18.798, 18.697, 18.698, 18.925, 18.615, 18.245, 17.375, 17.948, 17.595, 16.994, 16.231, 15.349, 15.467, 15.785, 16.162, 16.983, 17.266, 16.844, 15.505, 14.077, 13.194, 12.134, 11.51, 10.806, 9.409, 8.256, 7.67, 6.044, 4.3, 3.194, 2.057, 0.0, 3.247, 7.762, 9.717, 10.727, 11.077, 11.24, 12.232, 12.29, 14.58, 15.677, 15.411, 15.472, 15.534, 15.979, 16.584, 16.75, 16.811, 17.176, 17.386, 18.227, 18.9, 19.705, 19.817, 19.691, 20.012, 20.178, 20.135, 20.303, 20.494, 20.324, 20.36, 20.617, 20.85, 20.98, 20.961, 21.574, 22.294, 22.259], [21.922, 21.05, 20.888, 20.765, 20.964, 20.807, 20.526, 20.236, 19.985, 19.731, 19.232, 18.764, 18.788, 18.855, 18.803, 18.401, 18.408, 18.353, 18.366, 18.6, 18.283, 17.887, 17.175, 17.88, 17.474, 16.81, 16.1, 15.31, 15.528, 15.93, 16.301, 17.134, 17.446, 17.13, 15.951, 14.635, 13.788, 12.763, 12.131, 11.584, 10.431, 9.339, 8.898, 7.348, 5.381, 4.605, 4.345, 3.247, 0.0, 5.413, 7.854, 9.073, 9.535, 9.708, 10.861, 10.925, 13.391, 14.627, 14.397, 14.53, 14.654, 15.181, 15.768, 15.874, 15.915, 16.296, 16.52, 17.428, 18.099, 18.883, 19.038, 18.9, 19.2, 19.391, 19.36, 19.546, 19.751, 19.583, 19.651, 19.929, 20.151, 20.292, 20.386, 21.11, 21.914, 21.922], [21.385, 20.364, 20.119, 19.886, 20.165, 19.992, 19.722, 19.513, 19.29, 19.0, 18.469, 17.952, 17.929, 18.058, 17.91, 17.628, 17.627, 17.502, 17.576, 17.821, 17.662, 17.258, 17.289, 18.36, 17.86, 16.989, 16.399, 15.991, 16.467, 16.858, 17.078, 18.08, 18.41, 18.08, 17.037, 16.098, 15.802, 15.428, 15.05, 14.614, 13.561, 12.413, 12.121, 10.77, 8.822, 8.494, 8.42, 7.762, 5.413, 0.0, 4.153, 6.092, 6.614, 6.731, 7.684, 7.876, 10.321, 11.897, 11.686, 11.832, 12.091, 12.915, 13.622, 13.75, 13.827, 14.197, 14.449, 15.542, 16.326, 17.081, 17.268, 17.073, 17.376, 17.672, 17.662, 17.872, 18.11, 17.961, 18.064, 18.351, 18.592, 18.75, 19.057, 20.136, 21.139, 21.185], [21.817, 20.917, 20.832, 20.671, 20.95, 20.763, 20.334, 19.983, 19.688, 19.301, 18.61, 18.028, 17.961, 18.13, 18.048, 17.757, 17.941, 17.788, 17.918, 18.105, 17.878, 17.443, 17.651, 18.879, 18.344, 17.478, 16.943, 16.575, 17.141, 17.582, 17.845, 18.854, 19.149, 18.787, 17.79, 16.775, 16.286, 15.805, 15.39, 15.002, 14.061, 13.068, 12.878, 11.789, 10.452, 10.292, 10.24, 9.717, 7.854, 4.153, 0.0, 3.327, 4.24, 4.855, 6.112, 6.214, 8.942, 10.423, 10.307, 10.551, 10.804, 11.868, 12.893, 13.239, 13.373, 13.905, 14.22, 15.35, 16.203, 17.016, 17.241, 17.057, 17.368, 17.739, 17.769, 17.961, 18.195, 18.028, 18.1, 18.388, 18.59, 18.739, 19.127, 20.433, 21.647, 21.756], [21.779, 20.853, 20.793, 20.663, 20.982, 20.79, 20.342, 19.937, 19.572, 19.18, 18.556, 17.97, 17.89, 18.062, 17.932, 17.664, 17.919, 17.848, 17.96, 18.207, 18.065, 17.674, 18.039, 19.305, 18.785, 17.947, 17.411, 17.022, 17.629, 18.191, 18.456, 19.446, 19.748, 19.392, 18.36, 17.259, 16.776, 16.256, 15.787, 15.449, 14.559, 13.641, 13.569, 12.563, 11.273, 11.211, 11.234, 10.727, 9.073, 6.092, 3.327, 0.0, 1.635, 2.849, 4.841, 4.971, 7.84, 9.372, 9.443, 9.918, 10.086, 11.148, 12.361, 12.864, 13.004, 13.498, 13.785, 14.946, 15.848, 16.685, 16.928, 16.74, 16.99, 17.289, 17.275, 17.435, 17.691, 17.531, 17.615, 17.925, 18.108, 18.227, 18.6, 19.937, 21.345, 21.663], [21.803, 20.831, 20.725, 20.506, 20.791, 20.588, 20.146, 19.759, 19.437, 19.084, 18.485, 17.884, 17.791, 17.974, 17.767, 17.499, 17.78, 17.689, 17.827, 18.092, 18.004, 17.621, 18.138, 19.477, 18.954, 18.111, 17.579, 17.211, 17.825, 18.386, 18.603, 19.612, 19.91, 19.574, 18.535, 17.431, 17.065, 16.666, 16.252, 15.921, 14.99, 14.024, 13.963, 12.913, 11.582, 11.593, 11.617, 11.077, 9.535, 6.614, 4.24, 1.635, 0.0, 1.97, 4.166, 4.439, 7.315, 8.912, 9.023, 9.541, 9.73, 10.733, 11.88, 12.406, 12.553, 13.01, 13.309, 14.507, 15.474, 16.355, 16.582, 16.38, 16.642, 16.928, 16.901, 17.058, 17.316, 17.17, 17.26, 17.574, 17.761, 17.882, 18.249, 19.599, 21.058, 21.443], [21.634, 20.624, 20.479, 20.24, 20.521, 20.318, 20.007, 19.715, 19.439, 19.136, 18.626, 18.013, 17.897, 18.082, 17.831, 17.598, 17.862, 17.777, 17.91, 18.23, 18.216, 17.874, 18.551, 19.927, 19.403, 18.54, 18.0, 17.666, 18.277, 18.789, 18.938, 19.965, 20.285, 19.937, 18.894, 17.879, 17.586, 17.193, 16.819, 16.551, 15.584, 14.551, 14.461, 13.315, 11.736, 11.705, 11.751, 11.24, 9.708, 6.731, 4.855, 2.849, 1.97, 0.0, 2.881, 3.322, 6.315, 8.191, 8.255, 8.758, 9.042, 10.05, 11.116, 11.625, 11.837, 12.288, 12.636, 13.974, 14.993, 15.875, 16.116, 15.917, 16.166, 16.447, 16.414, 16.561, 16.834, 16.713, 16.828, 17.163, 17.37, 17.517, 17.911, 19.207, 20.657, 21.048], [21.41, 20.401, 20.244, 20.012, 20.278, 20.071, 19.843, 19.654, 19.443, 19.203, 18.776, 18.172, 18.018, 18.228, 17.934, 17.787, 18.044, 17.946, 18.11, 18.448, 18.619, 18.314, 19.199, 20.63, 20.083, 19.187, 18.7, 18.511, 19.126, 19.546, 19.631, 20.707, 21.047, 20.664, 19.643, 18.801, 18.667, 18.385, 18.084, 17.872, 16.879, 15.741, 15.627, 14.437, 12.739, 12.652, 12.69, 12.232, 10.861, 7.684, 6.112, 4.841, 4.166, 2.881, 0.0, 1.808, 5.014, 7.247, 7.29, 7.78, 8.112, 9.009, 10.109, 10.757, 11.025, 11.515, 11.886, 13.332, 14.425, 15.339, 15.62, 15.445, 15.692, 16.008, 15.996, 16.111, 16.412, 16.381, 16.476, 16.808, 17.031, 17.182, 17.632, 18.928, 20.342, 20.679], [21.411, 20.422, 20.275, 20.077, 20.355, 20.136, 19.854, 19.579, 19.279, 19.011, 18.58, 17.967, 17.816, 18.027, 17.798, 17.645, 17.918, 17.86, 18.025, 18.36, 18.526, 18.288, 19.143, 20.539, 19.993, 19.118, 18.631, 18.459, 19.111, 19.584, 19.696, 20.747, 21.084, 20.687, 19.649, 18.757, 18.547, 18.189, 17.857, 17.679, 16.77, 15.703, 15.607, 14.438, 12.782, 12.674, 12.737, 12.29, 10.925, 7.876, 6.214, 4.971, 4.439, 3.322, 1.808, 0.0, 4.344, 6.741, 6.854, 7.484, 7.833, 8.728, 9.878, 10.556, 10.889, 11.483, 11.848, 13.329, 14.429, 15.383, 15.699, 15.543, 15.795, 16.106, 16.093, 16.202, 16.524, 16.5, 16.595, 16.939, 17.158, 17.304, 17.732, 19.022, 20.451, 20.774], [21.372, 20.339, 20.144, 19.914, 20.218, 19.962, 19.689, 19.43, 19.081, 18.879, 18.665, 18.09, 17.884, 18.106, 17.805, 17.78, 18.065, 18.035, 18.199, 18.554, 18.873, 18.812, 20.284, 21.832, 21.295, 20.419, 19.959, 19.872, 20.533, 20.964, 20.988, 22.047, 22.411, 22.016, 20.992, 20.252, 20.262, 20.089, 19.824, 19.742, 18.992, 17.98, 17.875, 16.732, 15.0, 14.911, 14.968, 14.58, 13.391, 10.321, 8.942, 7.84, 7.315, 6.315, 5.014, 4.344, 0.0, 3.378, 4.179, 5.388, 6.023, 7.057, 8.309, 9.067, 9.549, 10.125, 10.478, 12.222, 13.55, 14.599, 14.976, 14.833, 15.086, 15.39, 15.342, 15.432, 15.805, 15.849, 15.971, 16.35, 16.63, 16.759, 17.238, 18.563, 19.985, 20.35], [21.804, 20.871, 20.718, 20.568, 20.875, 20.604, 20.217, 19.846, 19.387, 19.123, 18.934, 18.415, 18.196, 18.396, 18.175, 18.164, 18.51, 18.544, 18.705, 19.017, 19.271, 19.214, 20.725, 22.314, 21.841, 21.018, 20.551, 20.431, 21.036, 21.464, 21.515, 22.529, 22.895, 22.528, 21.527, 20.776, 20.775, 20.608, 20.326, 20.227, 19.561, 18.644, 18.556, 17.543, 16.082, 15.996, 16.014, 15.677, 14.627, 11.897, 10.423, 9.372, 8.912, 8.191, 7.247, 6.741, 3.378, 0.0, 2.511, 4.786, 5.415, 6.389, 8.102, 9.212, 9.756, 10.395, 10.732, 12.518, 13.852, 15.033, 15.513, 15.404, 15.649, 15.978, 15.949, 16.005, 16.39, 16.464, 16.558, 16.957, 17.233, 17.37, 17.917, 19.286, 20.672, 20.98], [21.852, 20.917, 20.753, 20.581, 20.862, 20.61, 20.25, 19.913, 19.487, 19.223, 18.994, 18.458, 18.261, 18.455, 18.224, 18.187, 18.493, 18.498, 18.662, 18.956, 19.19, 19.107, 20.551, 22.136, 21.698, 20.894, 20.413, 20.315, 20.924, 21.315, 21.345, 22.369, 22.735, 22.337, 21.317, 20.63, 20.665, 20.474, 20.18, 20.084, 19.389, 18.439, 18.314, 17.303, 15.844, 15.753, 15.75, 15.411, 14.397, 11.686, 10.307, 9.443, 9.023, 8.255, 7.29, 6.854, 4.179, 2.511, 0.0, 2.868, 3.822, 5.058, 7.193, 8.568, 9.217, 9.941, 10.282, 12.129, 13.502, 14.683, 15.195, 15.12, 15.444, 15.849, 15.843, 15.899, 16.299, 16.337, 16.427, 16.826, 17.094, 17.231, 17.789, 19.186, 20.554, 20.77], [21.942, 20.973, 20.813, 20.542, 20.757, 20.505, 20.17, 19.899, 19.585, 19.377, 19.131, 18.577, 18.375, 18.579, 18.304, 18.236, 18.523, 18.472, 18.649, 18.933, 19.171, 19.095, 20.59, 22.197, 21.773, 21.013, 20.562, 20.51, 21.141, 21.459, 21.403, 22.426, 22.766, 22.321, 21.269, 20.629, 20.732, 20.584, 20.342, 20.282, 19.571, 18.571, 18.387, 17.362, 15.885, 15.829, 15.813, 15.472, 14.53, 11.832, 10.551, 9.918, 9.541, 8.758, 7.78, 7.484, 5.388, 4.786, 2.868, 0.0, 2.152, 4.981, 7.434, 8.737, 9.443, 10.114, 10.554, 12.368, 13.772, 14.872, 15.274, 15.196, 15.604, 16.057, 16.062, 16.15, 16.522, 16.498, 16.591, 16.964, 17.24, 17.374, 17.872, 19.228, 20.521, 20.679], [21.916, 20.943, 20.783, 20.518