[[0.0, 3.882, 5.99, 7.514, 9.083, 12.34, 15.108, 16.522, 17.027, 17.403, 17.694, 17.979, 18.086, 19.764, 22.028, 22.574, 21.611, 20.783, 21.084, 21.803, 22.02, 21.629, 21.377, 21.746, 22.5, 23.411, 23.621, 23.469, 23.884, 24.689, 25.143, 25.105, 25.304, 26.099, 27.206, 27.784, 28.098, 28.43, 28.354, 28.046, 27.829, 27.904, 28.114, 27.951, 27.594, 27.311, 26.738, 26.303, 26.233, 26.09, 25.905, 25.286, 24.582, 24.315, 24.068, 23.689, 23.682, 24.522, 25.708, 26.841, 26.956, 27.181, 27.397, 27.293, 27.537, 27.439, 26.478, 25.073, 24.537, 24.769, 25.217, 25.487, 25.635, 25.487, 25.309, 25.07, 24.861, 25.026, 25.132, 25.167, 25.402, 25.338, 25.155, 25.101, 24.94, 24.826], [3.882, 0.0, 3.123, 5.731, 8.423, 12.524, 15.55, 16.971, 17.385, 17.71, 17.99, 18.261, 18.5, 20.427, 22.794, 23.353, 22.375, 21.563, 21.891, 22.562, 22.728, 22.303, 22.014, 22.338, 23.185, 24.215, 24.443, 24.312, 24.793, 25.687, 26.147, 26.086, 26.259, 27.053, 28.215, 28.849, 29.186, 29.517, 29.433, 29.092, 28.815, 28.868, 29.098, 28.976, 28.658, 28.375, 27.791, 27.292, 27.107, 26.931, 26.768, 26.138, 25.397, 25.145, 24.916, 24.478, 24.334, 25.11, 26.258, 27.326, 27.418, 27.665, 27.85, 27.561, 27.625, 27.457, 26.501, 25.248, 24.733, 24.969, 25.483, 25.768, 25.914, 25.693, 25.471, 25.204, 24.954, 25.106, 25.272, 25.347, 25.627, 25.622, 25.454, 25.387, 25.219, 25.122], [5.99, 3.123, 0.0, 3.485, 7.654, 12.595, 15.8, 17.211, 17.551, 17.856, 18.171, 18.464, 18.703, 20.518, 22.762, 23.312, 22.41, 21.676, 22.048, 22.716, 22.88, 22.474, 22.195, 22.523, 23.384, 24.418, 24.689, 24.592, 25.08, 25.978, 26.481, 26.434, 26.595, 27.39, 28.549, 29.205, 29.584, 29.954, 29.884, 29.52, 29.21, 29.247, 29.482, 29.394, 29.124, 28.85, 28.273, 27.836, 27.666, 27.486, 27.318, 26.699, 25.995, 25.767, 25.544, 25.081, 24.907, 25.647, 26.746, 27.749, 27.825, 28.068, 28.237, 27.924, 27.959, 27.787, 26.854, 25.613, 25.07, 25.28, 25.786, 26.061, 26.198, 25.965, 25.735, 25.484, 25.257, 25.419, 25.57, 25.627, 25.897, 25.906, 25.743, 25.678, 25.528, 25.44], [7.514, 5.731, 3.485, 0.0, 5.598, 11.548, 15.049, 16.445, 16.686, 17.03, 17.406, 17.724, 17.939, 19.697, 21.863, 22.383, 21.581, 21.026, 21.513, 22.205, 22.364, 21.97, 21.72, 22.099, 22.965, 23.984, 24.306, 24.256, 24.747, 25.647, 26.234, 26.241, 26.415, 27.235, 28.399, 29.052, 29.455, 29.885, 29.876, 29.522, 29.204, 29.256, 29.494, 29.416, 29.18, 28.929, 28.372, 28.013, 27.924, 27.771, 27.576, 26.918, 26.211, 25.988, 25.773, 25.323, 25.172, 25.899, 26.967, 27.949, 28.027, 28.257, 28.431, 28.178, 28.264, 28.124, 27.155, 25.752, 25.16, 25.351, 25.82, 26.077, 26.216, 26.03, 25.798, 25.559, 25.39, 25.574, 25.682, 25.69, 25.908, 25.915, 25.756, 25.706, 25.578, 25.482], [9.083, 8.423, 7.654, 5.598, 0.0, 6.999, 11.298, 12.859, 13.091, 13.733, 14.272, 14.62, 14.728, 16.813, 19.334, 19.831, 19.028, 18.677, 19.316, 20.046, 20.151, 19.723, 19.541, 20.018, 20.939, 22.024, 22.386, 22.387, 22.914, 23.864, 24.547, 24.628, 24.849, 25.734, 26.967, 27.627, 28.027, 28.497, 28.62, 28.413, 28.205, 28.337, 28.583, 28.482, 28.244, 28.048, 27.526, 27.184, 27.224, 27.129, 26.905, 26.169, 25.419, 25.19, 24.99, 24.602, 24.56, 25.357, 26.497, 27.577, 27.694, 27.914, 28.159, 28.126, 28.398, 28.351, 27.256, 25.46, 24.798, 24.98, 25.398, 25.649, 25.824, 25.761, 25.555, 25.333, 25.266, 25.506, 25.582, 25.54, 25.72, 25.783, 25.658, 25.634, 25.499, 25.359], [12.34, 12.524, 12.595, 11.548, 6.999, 0.0, 5.219, 7.403, 8.151, 9.486, 10.272, 10.644, 10.606, 13.576, 16.753, 17.285, 16.437, 16.131, 16.682, 17.269, 17.262, 16.876, 16.895, 17.402, 18.312, 19.539, 19.913, 19.944, 20.517, 21.543, 22.287, 22.382, 22.588, 23.454, 24.713, 25.376, 25.776, 26.264, 26.586, 26.733, 26.807, 27.045, 27.267, 27.102, 26.81, 26.671, 26.169, 25.725, 25.885, 25.85, 25.584, 24.803, 24.091, 23.883, 23.73, 23.485, 23.683, 24.584, 25.733, 26.881, 27.053, 27.232, 27.545, 27.842, 28.439, 28.588, 27.496, 25.416, 24.76, 24.919, 25.23, 25.458, 25.672, 25.796, 25.683, 25.534, 25.588, 25.85, 25.833, 25.737, 25.892, 26.006, 25.91, 25.886, 25.729, 25.541], [15.108, 15.55, 15.8, 15.049, 11.298, 5.219, 0.0, 3.075, 5.092, 7.107, 8.221, 8.692, 8.589, 12.183, 15.611, 16.171, 15.421, 15.075, 15.364, 15.749, 15.701, 15.489, 15.819, 16.329, 17.101, 18.388, 18.809, 18.905, 19.448, 20.381, 21.084, 21.172, 21.337, 22.139, 23.362, 24.004, 24.388, 24.887, 25.328, 25.74, 26.084, 26.403, 26.59, 26.384, 26.053, 25.95, 25.465, 24.996, 25.275, 25.301, 25.01, 24.3, 23.749, 23.565, 23.445, 23.343, 23.729, 24.639, 25.667, 26.736, 26.929, 27.05, 27.381, 27.937, 28.792, 29.124, 28.209, 26.15, 25.544, 25.649, 25.841, 26.026, 26.222, 26.479, 26.465, 26.399, 26.55, 26.809, 26.656, 26.492, 26.611, 26.726, 26.645, 26.614, 26.466, 26.264], [16.522, 16.971, 17.211, 16.445, 12.859, 7.403, 3.075, 0.0, 3.322, 6.301, 7.76, 8.413, 8.267, 11.705, 15.066, 15.619, 14.961, 14.711, 14.967, 15.305, 15.228, 15.044, 15.468, 16.006, 16.738, 18.058, 18.532, 18.692, 19.194, 20.058, 20.771, 20.903, 21.077, 21.87, 23.085, 23.711, 24.073, 24.58, 25.042, 25.471, 25.881, 26.252, 26.443, 26.25, 25.951, 25.879, 25.419, 25.059, 25.461, 25.528, 25.232, 24.561, 24.096, 23.943, 23.835, 23.772, 24.19, 25.068, 26.043, 27.057, 27.253, 27.349, 27.683, 28.311, 29.229, 29.625, 28.795, 26.767, 26.179, 26.244, 26.395, 26.557, 26.744, 27.039, 27.05, 27.036, 27.264, 27.555, 27.366, 27.171, 27.264, 27.379, 27.315, 27.285, 27.148, 26.948], [17.027, 17.385, 17.551, 16.686, 13.091, 8.151, 5.092, 3.322, 0.0, 3.97, 6.144, 7.2, 7.431, 11.382, 14.934, 15.493, 14.833, 14.633, 14.919, 15.253, 15.119, 14.827, 15.207, 15.79, 16.695, 18.153, 18.668, 18.854, 19.399, 20.33, 21.074, 21.227, 21.41, 22.214, 23.431, 24.047, 24.405, 24.937, 25.405, 25.782, 26.146, 26.524, 26.757, 26.623, 26.395, 26.352, 25.851, 25.434, 25.788, 25.837, 25.539, 24.877, 24.454, 24.348, 24.273, 24.198, 24.499, 25.296, 26.241, 27.243, 27.436, 27.547, 27.88, 28.42, 29.242, 29.6, 28.767, 26.768, 26.175, 26.248, 26.431, 26.595, 26.768, 27.018, 26.991, 26.958, 27.187, 27.496, 27.341, 27.15, 27.229, 27.35, 27.299, 27.281, 27.154, 26.96], [17.403, 17.71, 17.856, 17.03, 13.733, 9.486, 7.107, 6.301, 3.97, 0.0, 3.15, 4.98, 6.502, 11.722, 15.526, 16.108, 15.405, 15.069, 15.181, 15.386, 15.158, 14.736, 15.05, 15.613, 16.662, 18.288, 18.808, 18.985, 19.59, 20.635, 21.426, 21.557, 21.692, 22.419, 23.595, 24.206, 24.568, 25.112, 25.585, 25.974, 26.363, 26.733, 26.967, 26.895, 26.738, 26.723, 26.117, 25.445, 25.636, 25.652, 25.358, 24.717, 24.353, 24.302, 24.265, 24.193, 24.398, 25.118, 25.994, 26.964, 27.152, 27.28, 27.613, 28.077, 28.808, 29.13, 28.333, 26.429, 25.865, 25.98, 26.199, 26.367, 26.509, 26.677, 26.581, 26.475, 26.64, 26.935, 26.794, 26.609, 26.688, 26.801, 26.751, 26.745, 26.617, 26.42], [17.694, 17.99, 18.171, 17.406, 14.272, 10.272, 8.221, 7.76, 6.144, 3.15, 0.0, 2.499, 5.512, 11.722, 15.712, 16.295, 15.568, 15.245, 15.388, 15.555, 15.282, 14.763, 14.918, 15.366, 16.507, 18.262, 18.77, 18.929, 19.573, 20.727, 21.575, 21.7, 21.799, 22.487, 23.654, 24.26, 24.617, 25.153, 25.646, 26.081, 26.513, 26.896, 27.113, 27.057, 26.948, 26.958, 26.312, 25.499, 25.585, 25.572, 25.287, 24.594, 24.139, 24.067, 24.025, 23.933, 24.117, 24.844, 25.716, 26.688, 26.875, 27.012, 27.351, 27.799, 28.502, 28.804, 27.996, 26.081, 25.508, 25.632, 25.865, 26.036, 26.171, 26.303, 26.161, 26.011, 26.134, 26.416, 26.285, 26.103, 26.181, 26.293, 26.258, 26.264, 26.127, 25.93], [17.979, 18.261, 18.464, 17.724, 14.62, 10.644, 8.692, 8.413, 7.2, 4.98, 2.499, 0.0, 4.449, 11.521, 15.639, 16.207, 15.477, 15.225, 15.492, 15.721, 15.49, 14.996, 15.101, 15.445, 16.561, 18.348, 18.866, 19.015, 19.672, 20.877, 21.757, 21.888, 21.996, 22.711, 23.886, 24.491, 24.847, 25.371, 25.867, 26.33, 26.787, 27.181, 27.389, 27.307, 27.164, 27.171, 26.572, 25.793, 25.882, 25.876, 25.603, 24.872, 24.298, 24.14, 24.071, 23.959, 24.119, 24.853, 25.75, 26.73, 26.913, 27.048, 27.384, 27.84, 28.542, 28.83, 27.999, 26.033, 25.425, 25.531, 25.751, 25.924, 26.072, 26.232, 26.104, 25.951, 26.069, 26.349, 26.234, 26.071, 26.153, 26.267, 26.229, 26.24, 26.105, 25.908], [18.086, 18.5, 18.703, 17.939, 14.728, 10.606, 8.589, 8.267, 7.431, 6.502, 5.512, 4.449, 0.0, 7.895, 12.429, 13.069, 12.418, 12.47, 13.024, 13.494, 13.534, 13.243, 13.447, 13.95, 14.781, 16.229, 16.782, 16.962, 17.617, 18.855, 19.908, 20.16, 20.371, 21.208, 22.454, 23.11, 23.508, 24.054, 24.568, 25.077, 25.609, 26.054, 26.249, 26.114, 25.903, 25.896, 25.577, 25.425, 25.908, 25.943, 25.627, 24.865, 24.291, 24.043, 23.905, 23.828, 24.173, 24.986, 25.982, 27.037, 27.217, 27.326, 27.668, 28.312, 29.192, 29.531, 28.671, 26.511, 25.791, 25.829, 25.949, 26.116, 26.311, 26.63, 26.623, 26.57, 26.784, 27.103, 26.977, 26.836, 26.918, 27.002, 26.937, 26.959, 26.845, 26.646], [19.764, 20.427, 20.518, 19.697, 16.813, 13.576, 12.183, 11.705, 11.382, 11.722, 11.722, 11.521, 7.895, 0.0, 5.116, 6.146, 6.182, 7.658, 9.164, 10.356, 11.051, 11.282, 11.672, 12.722, 12.746, 12.821, 13.347, 13.689, 14.139, 14.939, 16.201, 16.774, 17.25, 18.373, 19.76, 20.516, 21.01, 21.606, 22.092, 22.539, 23.145, 23.7, 23.893, 23.742, 23.591, 23.61, 23.758, 24.956, 26.289, 26.411, 26.029, 25.346, 24.964, 24.677, 24.439, 24.431, 25.099, 25.958, 27.02, 28.104, 28.273, 28.346, 28.697, 29.723, 30.955, 31.408, 30.572, 28.199, 27.347, 27.245, 27.144, 27.254, 27.487, 28.037, 28.22, 28.37, 28.794, 29.199, 29.002, 28.822, 28.838, 28.841, 28.772, 28.843, 28.79, 28.608], [22.028, 22.794, 22.762, 21.863, 19.334, 16.753, 15.611, 15.066, 14.934, 15.526, 15.712, 15.639, 12.429, 5.116, 0.0, 2.037, 4.456, 7.328, 9.242, 10.725, 11.78, 12.41, 12.914, 14.117, 13.599, 12.746, 13.259, 13.711, 13.877, 14.049, 15.291, 16.067, 16.688, 17.924, 19.303, 20.095, 20.655, 21.28, 21.721, 22.065, 22.677, 23.285, 23.469, 23.328, 23.256, 23.305, 23.669, 25.571, 27.389, 27.612, 27.214, 26.645, 26.437, 26.164, 25.889, 25.899, 26.652, 27.452, 28.459, 29.464, 29.618, 29.662, 30.005, 31.263, 32.707, 33.241, 32.449, 29.989, 29.089, 28.89, 28.624, 28.672, 28.9, 29.574, 29.86, 30.135, 30.706, 31.171, 30.906, 30.669, 30.622, 30.57, 30.513, 30.628, 30.625, 30.453], [22.574, 23.353, 23.312, 22.383, 19.831, 17.285, 16.171, 15.619, 15.493, 16.108, 16.295, 16.207, 13.069, 6.146, 2.037, 0.0, 3.594, 6.983, 9.103, 10.607, 11.675, 12.387, 12.924, 14.135, 13.596, 12.758, 13.327, 13.786, 13.891, 13.955, 15.152, 15.951, 16.593, 17.855, 19.207, 19.979, 20.539, 21.175, 21.631, 21.962, 22.556, 23.157, 23.331, 23.178, 23.113, 23.168, 23.561, 25.557, 27.458, 27.733, 27.365, 26.811, 26.612, 26.347, 26.079, 26.088, 26.838, 27.625, 28.624, 29.615, 29.764, 29.805, 30.156, 31.458, 32.935, 33.48, 32.676, 30.163, 29.249, 29.039, 28.755, 28.794, 29.021, 29.718, 30.025, 30.329, 30.931, 31.416, 31.162, 30.924, 30.865, 30.817, 30.779, 30.906, 30.907, 30.733], [21.611, 22.375, 22.41, 21.581, 19.028, 16.437, 15.421, 14.961, 14.833, 15.405, 15.568, 15.477, 12.418, 6.182, 4.456, 3.594, 0.0, 4.05, 7.015, 8.887, 9.963, 10.66, 11.233, 12.462, 12.072, 11.525, 12.098, 12.509, 12.717, 13.134, 14.457, 15.17, 15.761, 17.002, 18.324, 19.031, 19.564, 20.195, 20.639, 20.969, 21.53, 22.116, 22.29, 22.126, 22.05, 22.089, 22.452, 24.404, 26.247, 26.519, 26.261, 25.749, 25.467, 25.166, 24.896, 24.89, 25.594, 26.403, 27.473, 28.55, 28.715, 28.773, 29.149, 30.378, 31.791, 32.304, 31.467, 28.984, 28.111, 27.98, 27.798, 27.871, 28.105, 28.742, 29.016, 29.298, 29.865, 30.364, 30.184, 29.991, 29.958, 29.915, 29.885, 29.992, 29.964, 29.788], [20.783, 21.563, 21.676, 21.026, 18.677, 16.131, 15.075, 14.711, 14.633, 15.069, 15.245, 15.225, 12.47, 7.658, 7.328, 6.983, 4.05, 0.0, 3.843, 6.391, 7.69, 8.572, 9.475, 10.88, 10.664, 10.509, 11.089, 11.443, 11.683, 12.211, 13.477, 13.984, 14.425, 15.566, 16.827, 17.5, 18.049, 18.703, 19.118, 19.473, 20.079, 20.655, 20.854, 20.725, 20.647, 20.682, 20.925, 22.739, 24.569, 24.825, 24.668, 24.37, 24.212, 23.943, 23.667, 23.635, 24.3, 25.129, 26.232, 27.375, 27.575, 27.649, 28.05, 29.269, 30.677, 31.189, 30.379, 28.015, 27.239, 27.194, 27.091, 27.188, 27.386, 27.92, 28.146, 28.392, 28.905, 29.408, 29.251, 29.057, 29.055, 29.014, 28.987, 29.075, 29.009, 28.819], [21.084, 21.891, 22.048, 21.513, 19.316, 16.682, 15.364, 14.967, 14.919, 15.181, 15.388, 15.492, 13.024, 9.164, 9.242, 9.103, 7.015, 3.843, 0.0, 3.275, 5.204, 6.524, 7.915, 9.619, 9.423, 9.422, 10.075, 10.453, 10.657, 11.016, 12.198, 12.584, 12.858, 13.836, 15.052, 15.761, 16.37, 17.084, 17.532, 17.971, 18.688, 19.286, 19.526, 19.46, 19.401, 19.454, 19.56, 21.235, 23.128, 23.374, 23.185, 23.043, 23.238, 23.166, 22.936, 22.909, 23.608, 24.462, 25.527, 26.654, 26.874, 26.944, 27.346, 28.617, 30.079, 30.64, 29.946, 27.75, 27.075, 27.064, 26.958, 27.055, 27.209, 27.688, 27.89, 28.105, 28.576, 29.052, 28.844, 28.615, 28.634, 28.611, 28.591, 28.661, 28.557, 28.34], [21.803, 22.562, 22.716, 22.205, 20.046, 17.269, 15.749, 15.305, 15.253, 15.386, 15.555, 15.721, 13.494, 10.356, 10.725, 10.607, 8.887, 6.391, 3.275, 0.0, 2.664, 4.596, 6.38, 8.136, 7.98, 8.437, 9.234, 9.687, 10.029, 10.713, 12.081, 12.424, 12.586, 13.427, 14.559, 15.266, 15.899, 16.65, 17.179, 17.72, 18.499, 19.092, 19.317, 19.288, 19.256, 19.319, 19.352, 20.854, 22.693, 22.931, 22.687, 22.508, 22.893, 23.034, 22.908, 22.916, 23.588, 24.407, 25.397, 26.463, 26.681, 26.742, 27.123, 28.324, 29.724, 30.297, 29.677, 27.603, 26.989, 26.991, 26.89, 26.99, 27.143, 27.602, 27.781, 27.979, 28.428, 28.866, 28.63, 28.398, 28.424, 28.431, 28.421, 28.469, 28.336, 28.099], [22.02, 22.728, 22.88, 22.364, 20.151, 17.262, 15.701, 15.228, 15.119, 15.158, 15.282, 15.49, 13.534, 11.051, 11.78, 11.675, 9.963, 7.69, 5.204, 2.664, 0.0, 2.521, 4.91, 6.836, 7.076, 8.332, 9.207, 9.653, 10.128, 11.175, 12.643, 12.919, 13.027, 13.825, 14.916, 15.575, 16.179, 16.925, 17.49, 18.057, 18.821, 19.383, 19.595, 19.601, 19.594, 19.669, 19.642, 20.93, 22.641, 22.87, 22.627, 22.402, 22.76, 22.976, 22.949, 22.995, 23.609, 24.408, 25.37, 26.399, 26.616, 26.692, 27.07, 28.158, 29.445, 29.994, 29.361, 27.33, 26.757, 26.789, 26.739, 26.85, 27.012, 27.422, 27.561, 27.739, 28.171, 28.6, 28.383, 28.164, 28.204, 28.242, 28.241, 28.268, 28.118, 27.878], [21.629, 22.303, 22.474, 21.97, 19.723, 16.876, 15.489, 15.044, 14.827, 14.736, 14.763, 14.996, 13.243, 11.282, 12.41, 12.387, 10.66, 8.572, 6.524, 4.596, 2.521, 0.0, 2.909, 5.234, 6.113, 8.072, 8.976, 9.367, 9.96, 11.407, 13.035, 13.325, 13.429, 14.212, 15.318, 15.947, 16.5, 17.223, 17.764, 18.253, 18.919, 19.451, 19.672, 19.711, 19.745, 19.83, 19.721, 20.825, 22.409, 22.602, 22.355, 22.054, 22.333, 22.562, 22.591, 22.684, 23.278, 24.101, 25.096, 26.142, 26.353, 26.451, 26.839, 27.814, 28.989, 29.491, 28.814, 26.785, 26.22, 26.286, 26.306, 26.437, 26.602, 26.955, 27.047, 27.195, 27.6, 28.025, 27.841, 27.642, 27.697, 27.76, 27.763, 27.777, 27.611, 27.373], [21.377, 22.014, 22.195, 21.72, 19.541, 16.895, 15.819, 15.468, 15.207, 15.05, 14.918, 15.101, 13.447, 11.672, 12.914, 12.924, 11.233, 9.475, 7.915, 6.38, 4.91, 2.909, 0.0, 3.074, 4.741, 7.275, 8.235, 8.638, 9.433, 11.448, 13.412, 13.817, 13.975, 14.769, 15.861, 16.473, 16.996, 17.68, 18.182, 18.553, 19.069, 19.568, 19.781, 19.834, 19.924, 20.002, 19.863, 20.948, 22.446, 22.59, 22.314, 21.878, 22.028, 22.246, 22.291, 22.412, 23.054, 23.895, 24.923, 26.008, 26.201, 26.312, 26.699, 27.591, 28.677, 29.12, 28.376, 26.291, 25.692, 25.765, 25.828, 25.976, 26.155, 26.486, 26.554, 26.692, 27.089, 27.504, 27.342, 27.166, 27.226, 27.303, 27.321, 27.343, 27.172, 26.94], [21.746, 22.338, 22.523, 22.099, 20.018, 17.402, 16.329, 16.006, 15.79, 15.613, 15.366, 15.445, 13.95, 12.722, 14.117, 14.135, 12.462, 10.88, 9.619, 8.136, 6.836, 5.234, 3.074, 0.0, 3.402, 7.246, 8.269, 8.699, 9.737, 12.377, 14.546, 14.94, 15.051, 15.759, 16.737, 17.296, 17.797, 18.433, 18.908, 19.278, 19.743, 20.205, 20.386, 20.448, 20.558, 20.616, 20.451, 21.395, 22.752, 22.877, 22.61, 22.087, 22.114, 22.315, 22.39, 22.514, 23.109, 23.942, 24.975, 26.053, 26.238, 26.347, 26.725, 27.514, 28.503, 28.916, 28.153, 26.046, 25.445, 25.52, 25.609, 25.763, 25.967, 26.316, 26.384, 26.528, 26.928, 27.329, 27.186, 27.042, 27.107, 27.19, 27.216, 27.233, 27.058, 26.828], [22.5, 23.185, 23.384, 22.965, 20.939, 18.312, 17.101, 16.738, 16.695, 16.662, 16.507, 16.561, 14.781, 12.746, 13.599, 13.596, 12.072, 10.664, 9.423, 7.98, 7.076, 6.113, 4.741, 3.402, 0.0, 4.528, 5.932, 6.665, 7.742, 10.686, 13.274, 13.826, 14.007, 14.722, 15.671, 16.25, 16.787, 17.424, 17.882, 18.265, 18.8, 19.3, 19.444, 19.468, 19.551, 19.585, 19.569, 20.975, 22.651, 22.827, 22.523, 22.01, 22.109, 22.313, 22.403, 22.664, 23.46, 24.316, 25.373, 26.464, 26.653, 26.719, 27.099, 28.079, 29.238, 29.725, 29.014, 26.829, 26.202, 26.249, 26.235, 26.364, 26.597, 27.096, 27.266, 27.476, 27.94, 28.353, 28.174, 28.038, 28.08, 28.104, 28.117, 28.15, 27.992, 27.761], [23.411, 24.215, 24.418, 23.984, 22.024, 19.539, 18.388, 18.058, 18.153, 18.288, 18.262, 18.348, 16.229, 12.821, 12.746, 12.758, 11.525, 10.509, 9.422, 8.437, 8.332, 8.072, 7.275, 7.246, 4.528, 0.0, 2.324, 3.863, 4.945, 8.131, 11.373, 12.258, 12.624, 13.43, 14.428, 15.061, 15.633, 16.266, 16.703, 17.054, 17.608, 18.176, 18.308, 18.263, 18.327, 18.361, 18.576, 20.709, 22.794, 22.985, 22.609, 22.125, 22.351, 22.557, 22.627, 23.015, 24.101, 24.993, 26.072, 27.194, 27.368, 27.396, 27.777, 28.99, 30.36, 30.917, 30.262, 28.026, 27.341, 27.346, 27.225, 27.326, 27.565, 28.191, 28.45, 28.712, 29.231, 29.639, 29.395, 29.239, 29.24, 29.198, 29.186, 29.25, 29.131, 28.904], [23.621, 24.443, 24.689, 24.306, 22.386, 19.913, 18.809, 18.532, 18.668, 18.808, 18.77, 18.866, 16.782, 13.347, 13.259, 13.327, 12.098, 11.089, 10.075, 9.234, 9.207, 8.976, 8.235, 8.269, 5.932, 2.324, 0.0, 2.061, 3.7, 7.492, 10.914, 11.829, 12.211, 12.98, 13.955, 14.564, 15.097, 15.678, 16.106, 16.497, 17.063, 17.654, 17.79, 17.729, 17.818, 17.887, 18.129, 20.309, 22.418, 22.581, 22.196, 21.719, 21.938, 22.144, 22.226, 22.652, 23.81, 24.731, 25.835, 27.011, 27.204, 27.232, 27.622, 28.862, 30.258, 30.828, 30.182, 27.952, 27.275, 27.292, 27.179, 27.278, 27.516, 28.142, 28.403, 28.664, 29.183, 29.59, 29.343, 29.179, 29.161, 29.095, 29.068, 29.131, 29.019, 28.791], [23.469, 24.312, 24.592, 24.256, 22.387, 19.944, 18.905, 18.692, 18.854, 18.985, 18.929, 19.015, 16.962, 13.689, 13.711, 13.786, 12.509, 11.443, 10.453, 9.687, 9.653, 9.367, 8.638, 8.699, 6.665, 3.863, 2.061, 0.0, 2.477, 6.996, 10.562, 11.471, 11.857, 12.603, 13.551, 14.14, 14.652, 15.199, 15.619, 16.054, 16.62, 17.193, 17.313, 17.236, 17.324, 17.42, 17.661, 19.794, 21.883, 22.035, 21.651, 21.151, 21.324, 21.525, 21.62, 22.051, 23.221, 24.174, 25.33, 26.569, 26.785, 26.832, 27.237, 28.477, 29.879, 30.451, 29.806, 27.569, 26.893, 26.928, 26.835, 26.938, 27.171, 27.783, 28.041, 28.298, 28.812, 29.232, 29.002, 28.838, 28.82, 28.745, 28.714, 28.774, 28.656, 28.434], [23.884, 24.793, 25.08, 24.747, 22.914, 20.517, 19.448, 19.194, 19.399, 19.59, 19.573, 19.672, 17.617, 14.139, 13.877, 13.891, 12.717, 11.683, 10.657, 10.029, 10.128, 9.96, 9.433, 9.737, 7.742, 4.945, 3.7, 2.477, 0.0, 5.134, 9.124, 10.194, 10.657, 11.482, 12.491, 13.096, 13.614, 14.167, 14.574, 15.009, 15.614, 16.218, 16.324, 16.214, 16.326, 16.47, 16.762, 19.164, 21.478, 21.686, 21.307, 20.85, 21.081, 21.287, 21.373, 21.867, 23.145, 24.13, 25.304, 26.566, 26.793, 26.82, 27.25, 28.646, 30.17, 30.787, 30.182, 27.917, 27.237, 27.261, 27.134, 27.219, 27.433, 28.079, 28.369, 28.653, 29.201, 29.655, 29.406, 29.214, 29.18, 29.084, 29.06, 29.132, 29.019, 28.802], [24.689, 25.687, 25.978, 25.647, 23.864, 21.543, 20.381, 20.058, 20.33, 20.635, 20.727, 20.877, 18.855, 14.939, 14.049, 13.955, 13.134, 12.211, 11.016, 10.713, 11.175, 11.407, 11.448, 12.377, 10.686, 8.131, 7.492, 6.996, 5.134, 0.0, 4.583, 6.159, 6.998, 8.267, 9.675, 10.481, 11.079, 11.686, 12.092, 12.519, 13.265, 13.987, 14.199, 14.143, 14.386, 14.645, 15.05, 18.1, 20.895, 21.213, 20.849, 20.57, 21.011, 21.217, 21.229, 21.796, 23.315, 24.368, 25.492, 26.736, 26.999, 26.993, 27.456, 29.223, 31.049, 31.764, 31.254, 29.032, 28.391, 28.374, 28.14, 28.182, 28.304, 28.951, 29.286, 29.615, 30.203, 30.702, 30.384, 30.11, 30.039, 29.905, 29.887, 29.985, 29.884, 29.667], [25.143, 26.147, 26.481, 26.234, 24.547, 22.287, 21.084, 20.771, 21.074, 21.426, 21.575, 21.757, 19.908, 16.201, 15.291, 15.152, 14.457, 13.477, 12.198, 12.081, 12.643, 13.035, 13.412, 14.546, 13.274, 11.373, 10.914, 10.562, 9.124, 4.583, 0.0, 2.262, 3.949, 5.955, 7.817, 8.828, 9.452, 10.045, 10.439, 10.901, 11.748, 12.506, 12.876, 12.919, 13.27, 13.617, 13.985, 17.179, 20.175, 20.57, 20.269, 20.166, 20.737, 20.929, 20.881, 21.461, 23.099, 24.209, 25.278, 26.502, 26.801, 26.799, 27.288, 29.276, 31.297, 32.088, 31.642, 29.492, 28.91, 28.876, 28.593, 28.611, 28.656, 29.255, 29.608, 29.949, 30.527, 31.049, 30.718, 30.411, 30.341, 30.209, 30.201, 30.306, 30.2, 29.98], [25.105, 26.086, 26.434, 26.241, 24.628, 22.382, 21.172, 20.903, 21.227, 21.557, 21.7, 21.888, 20.16, 16.774, 16.067, 15.951, 15.17, 13.984, 12.584, 12.424, 12.919, 13.325, 13.817, 14.94, 13.826, 12.258, 11.829, 11.471, 10.194, 6.159, 2.262, 0.0, 2.233, 4.698, 6.797, 7.967, 8.721, 9.361, 9.717, 10.243, 11.169, 11.924, 12.356, 12.451, 12.835, 13.216, 13.422, 16.413, 19.431, 19.852, 19.602, 19.609, 20.267, 20.492, 20.449, 21.031, 22.693, 23.836, 24.888, 26.109, 26.422, 26.428, 26.928, 28.956, 31.025, 31.857, 31.456, 29.364, 28.808, 28.782, 28.501, 28.519, 28.542, 29.104, 29.439, 29.758, 30.301, 30.82, 30.496, 30.184, 30.133, 30.013, 30.0, 30.09, 29.973, 29.748], [25.304, 26.259, 26.595, 26.415, 24.849, 22.588, 21.337, 21.077, 21.41, 21.692, 21.799, 21.996, 20.371, 17.25, 16.688, 16.593, 15.761, 14.425, 12.858, 12.586, 13.027, 13.429, 13.975, 15.051, 14.007, 12.624, 12.211, 11.857, 10.657, 6.998, 3.949, 2.233, 0.0, 2.864, 5.348, 6.746, 7.706, 8.449, 8.791, 9.437, 10.524, 11.326, 11.757, 11.876, 12.334, 12.797, 12.819, 15.541, 18.579, 19.012, 18.772, 18.855, 19.642, 19.958, 19.949, 20.546, 22.244, 23.423, 24.472, 25.697, 26.023, 26.031, 26.545, 28.628, 30.757, 31.636, 31.292, 29.254, 28.731, 28.714, 28.428, 28.442, 28.453, 29.002, 29.325, 29.625, 30.146, 30.658, 30.321, 29.993, 29.94, 29.823, 29.812, 29.888, 29.757, 29.526], [26.099, 27.053, 27.39, 27.235, 25.734, 23.454, 22.139, 21.87, 22.214, 22.419, 22.487, 22.711, 21.208, 18.373, 17.924, 17.855, 17.002, 15.566, 13.836, 13.427, 13.825, 14.212, 14.769, 15.759, 14.722, 13.43, 12.98, 12.603, 11.482, 8.267, 5.955, 4.698, 2.864, 0.0, 2.899, 4.604, 5.812, 6.661, 7.081, 8.074, 9.499, 10.368, 10.727, 10.856, 11.425, 12.028, 11.899, 14.34, 17.438, 17.897, 17.65, 17.856, 18.893, 19.338, 19.367, 20.012, 21.784, 22.985, 23.985, 25.198, 25.54, 25.533, 26.08, 28.309, 30.577, 31.532, 31.264, 29.277, 28.816, 28.83, 28.52, 28.524, 28.514, 29.078, 29.421, 29.722, 30.238, 30.742, 30.372, 30.024, 29.956, 29.818, 29.808, 29.878, 29.742, 29.509], [27.206, 28.215, 28.549, 28.399, 26.967, 24.713, 23.362, 23.085, 23.431, 23.595, 23.654, 23.886, 22.454, 19.76, 19.303, 19.207, 18.324, 16.827, 15.052, 14.559, 14.916, 15.318, 15.861, 16.737, 15.671, 14.428, 13.955, 13.551, 12.491, 9.675, 7.817, 6.797, 5.348, 2.899, 0.0, 2.08, 3.77, 4.812, 5.424, 6.943, 8.769, 9.653, 9.876, 10.01, 10.68, 11.412, 11.273, 13.645, 16.839, 17.346, 17.141, 17.514, 18.753, 19.266, 19.322, 20.033, 21.859, 23.011, 23.915, 25.091, 25.445, 25.41, 25.987, 28.369, 30.757, 31.772, 31.564, 29.6, 29.188, 29.228, 28.891, 28.884, 28.857, 29.455, 29.836, 30.161, 30.686, 31.184, 30.782, 30.418, 30.322, 30.152, 30.145, 30.219, 30.094, 29.86], [27.784, 28.849, 29.205, 29.052, 27.627, 25.376, 24.004, 23.711, 24.047, 24.206, 24.26, 24.491, 23.11, 20.516, 20.095, 19.979, 19.031, 17.5, 15.761, 15.266, 15.575, 15.947, 16.473, 17.296, 16.25, 15.061, 14.564, 14.14, 13.096, 10.481, 8.828, 7.967, 6.746, 4.604, 2.08, 0.0, 2.021, 3.333, 4.325, 6.382, 8.508, 9.442, 9.602, 9.673, 10.355, 11.188, 11.082, 13.401, 16.612, 17.152, 17.023, 17.504, 18.775, 19.272, 19.344, 20.121, 21.991, 23.117, 23.971, 25.136, 25.492, 25.436, 26.033, 28.494, 30.938, 31.973, 31.787, 29.822, 29.441, 29.516, 29.19, 29.179, 29.144, 29.761, 30.158, 30.488, 31.012, 31.499, 31.083, 30.71, 30.573, 30.352, 30.336, 30.412, 30.289, 30.051], [28.098, 29.186, 29.584, 29.455, 28.027, 25.776, 24.388, 24.073, 24.405, 24.568, 24.617, 24.847, 23.508, 21.01, 20.655, 20.539, 19.564, 18.049, 16.37, 15.899, 16.179, 16.5, 16.996, 17.797, 16.787, 15.633, 15.097, 14.652, 13.614, 11.079, 9.452, 8.721, 7.706, 5.812, 3.77, 2.021, 0.0, 1.717, 3.413, 6.008, 8.373, 9.384, 9.532, 9.53, 10.178, 11.089, 11.042, 13.262, 16.442, 17.009, 16.946, 17.512, 18.793, 19.249, 19.329, 20.185, 22.106, 23.225, 24.047, 25.195, 25.548, 25.475, 26.084, 28.597, 31.084, 32.13, 31.951, 29.978, 29.62, 29.728, 29.42, 29.413, 29.375, 30.009, 30.418, 30.75, 31.271, 31.751, 31.323, 30.941, 30.763, 30.484, 30.447, 30.521, 30.4, 30.157], [28.43, 29.517, 29.954, 29.885, 28.497, 26.264, 24.887, 24.58, 24.937, 25.112, 25.153, 25.371, 24.054, 21.606, 21.28, 21.175, 20.195, 18.703, 17.084, 16.65, 16.925, 17.223, 17.68, 18.433, 17.424, 16.266, 15.678, 15.199, 14.167, 11.686, 10.045, 9.361, 8.449, 6.661, 4.812, 3.333, 1.717, 0.0, 2.397, 5.551, 8.114, 9.148, 9.267, 9.256, 9.918, 10.882, 10.915, 13.145, 16.323, 16.9, 16.882, 17.509, 18.808, 19.251, 19.342, 20.241, 22.196, 23.315, 24.136, 25.278, 25.627, 25.548, 26.164, 28.709, 31.231, 32.293, 32.133, 30.18, 29.836, 29.956, 29.65, 29.651, 29.622, 30.264, 30.685, 31.027, 31.552, 32.03, 31.598, 31.215, 31.029, 30.729, 30.684, 30.76, 30.642, 30.405], [28.354, 29.433, 29.884, 29.876, 28.62, 26.586, 25.328, 25.042, 25.405, 25.585, 25.646, 25.867, 24.568, 22.092, 21.721, 21.631, 20.639, 19.118, 17.532, 17.179, 17.49, 17.764, 18.182, 18.908, 17.882, 16.703, 16.106, 15.619, 14.574, 12.092, 10.439, 9.717, 8.791, 7.081, 5.424, 4.325, 3.413, 2.397, 0.0, 3.572, 6.461, 7.581, 7.749, 7.878, 8.716, 9.759, 9.863, 12.578, 16.018, 16.61, 16.619, 17.318, 18.665, 19.125, 19.193, 20.066, 22.011, 23.165, 24.067, 25.238, 25.585, 25.519, 26.137, 28.667, 31.185, 32.246, 32.113, 30.212, 29.862, 29.976, 29.676, 29.686, 29.671, 30.295, 30.708, 31.063, 31.6, 32.1, 31.684, 31.3, 31.127, 30.827, 30.784, 30.857, 30.737, 30.51], [28.046, 29.092, 29.52, 29.522, 28.413, 26.733, 25.74, 25.471, 25.782, 25.974, 26.081, 26.33, 25.077, 22.539, 22.065, 21.962, 20.969, 19.473, 17.971, 17.72, 18.057, 18.253, 18.553, 19.278, 18.265, 17.054, 16.497, 16.054, 15.009, 12.519, 10.901, 10.243, 9.437, 8.074, 6.943, 6.382, 6.008, 5.551, 3.572, 0.0, 3.272, 4.689, 5.175, 5.74, 7.096, 8.222, 8.468, 12.242, 16.068, 16.659, 16.639, 17.282, 18.581, 19.053, 19.087, 19.884, 21.769, 22.958, 23.981, 25.191, 25.536, 25.505, 26.11, 28.546, 30.988, 32.014, 31.878, 30.016, 29.649, 29.757, 29.482, 29.502, 29.504, 30.098, 30.492, 30.864, 31.425, 31.965, 31.587, 31.207, 31.054, 30.783, 30.756, 30.825, 30.699, 30.486], [27.829, 28.815, 29.21, 29.204, 28.205, 26.807, 26.084, 25.881, 26.146, 26.363, 26.513, 26.787, 25.609, 23.145, 22.677, 22.556, 21.53, 20.079, 18.688, 18.499, 18.821, 18.919, 19.069, 19.743, 18.8, 17.608, 17.063, 16.62, 15.614, 13.265, 11.748, 11.169, 10.524, 9.499, 8.769, 8.508, 8.373, 8.114, 6.461, 3.272, 0.0, 1.94, 3.296, 4.531, 6.465, 7.533, 7.814, 12.262, 16.197, 16.748, 16.695, 17.213, 18.413, 18.924, 18.968, 19.708, 21.525, 22.722, 23.842, 25.103, 25.445, 25.453, 26.044, 28.339, 30.677, 31.662, 31.514, 29.689, 29.318, 29.432, 29.199, 29.23, 29.237, 29.784, 30.158, 30.539, 31.106, 31.665, 31.335, 30.979, 30.848, 30.617, 30.606, 30.67, 30.538, 30.337], [27.904, 28.868, 29.247, 29.256, 28.337, 27.045, 26.403, 26.252, 26.524, 26.733, 26.896, 27.181, 26.054, 23.7, 23.285, 23.157, 22.116, 20.655, 19.286, 19.092, 19.383, 19.451, 19.568, 20.205, 19.3, 18.176, 17.654, 17.193, 16.218, 13.987, 12.506, 11.924, 11.326, 10.368, 9.653, 9.442, 9.384, 9.148, 7.581, 4.689, 1.94, 0.0, 2.05, 3.92, 6.175, 7.211, 7.481, 12.103, 16.057, 16.616, 16.586, 17.146, 18.397, 18.957, 19.023, 19.732, 21.487, 22.652, 23.77, 25.034, 25.381, 25.404, 25.988, 28.248, 30.563, 31.543, 31.404, 29.61, 29.246, 29.366, 29.142, 29.174, 29.172, 29.691, 30.066, 30.457, 31.026, 31.595, 31.283, 30.939, 30.824, 30.608, 30.606, 30.664, 30.529, 30.333], [28.114, 29.098, 29.482, 29.494, 28.583, 27.267, 26.59, 26.443, 26.757, 26.967, 27.113, 27.389, 26.249, 23.893, 23.469, 23.331, 22.29, 20.854, 19.526, 19.317, 19.595, 19.672, 19.781, 20.386, 19.444, 18.308, 17.79, 17.313, 16.324, 14.199, 12.876, 12.356, 11.757, 10.727, 9.876, 9.602, 9.532, 9.267, 7.749, 5.175, 3.296, 2.05, 0.0, 2.537, 5.291, 6.499, 6.968, 11.874, 15.924, 16.518, 16.503, 17.073, 18.341, 18.908, 18.982, 19.703, 21.481, 22.621, 23.712, 24.985, 25.349, 25.362, 25.949, 28.254, 30.605, 31.596, 31.458, 29.637, 29.269, 29.394, 29.152, 29.184, 29.187, 29.739, 30.138, 30.549, 31.138, 31.711, 31.392, 31.053, 30.942, 30.724, 30.728, 30.785, 30.652, 30.456], [27.951, 28.976, 29.394, 29.416, 28.482, 27.102, 26.384, 26.25, 26.623, 26.895, 27.057, 27.307, 26.114, 23.742, 23.328, 23.178, 22.126, 20.725, 19.46, 19.288, 19.601, 19.711, 19.834, 20.448, 19.468, 18.263, 17.729, 17.236, 16.214, 14.143, 12.919, 12.451, 11.876, 10.856, 10.01, 9.673, 9.53, 9.256, 7.878, 5.74, 4.531, 3.92, 2.537, 0.0, 3.173, 4.753, 5.663, 11.201, 15.466, 16.106, 16.091, 16.623, 17.825, 18.336, 18.402, 19.185, 21.105, 22.295, 23.414, 24.756, 25.14, 25.132, 25.721, 28.105, 30.529, 31.535, 31.382, 29.479, 29.078, 29.204, 28.947, 28.983, 29.009, 29.636, 30.078, 30.5, 31.094, 31.679, 31.374, 31.057, 30.943, 30.705, 30.697, 30.752, 30.612, 30.407], [27.594, 28.658, 29.124, 29.18, 28.244, 26.81, 26.053, 25.951, 26.395, 26.738, 26.948, 27.164, 25.903, 23.591, 23.256, 23.113, 22.05, 20.647, 19.401, 19.256, 19.594, 19.745, 19.924, 20.558, 19.551, 18.327, 17.818, 17.324, 16.326, 14.386, 13.27, 12.835, 12.334, 11.425, 10.68, 10.355, 10.178, 9.918, 8.716, 7.096, 6.465, 6.175, 5.291, 3.173, 0.0, 2.168, 4.168, 10.48, 14.977, 15.683, 15.671, 16.214, 17.421, 17.881, 17.933, 18.752, 20.749, 21.968, 23.13, 24.529, 24.919, 24.896, 25.473, 27.868, 30.321, 31.339, 31.177, 29.212, 28.761, 28.881, 28.608, 28.653, 28.713, 29.406, 29.887, 30.313, 30.904, 31.499, 31.24, 30.98, 30.893, 30.647, 30.619, 30.666, 30.519, 30.299], [27.311, 28.375, 28.85, 28.929, 28.048, 26.671, 25.95, 25.879, 26.352, 26.723, 26.958, 27.171, 25.896, 23.61, 23.305, 23.168, 22.089, 20.682, 19.454, 19.319, 19.669, 19.83, 20.002, 20.616, 19.585, 18.361, 17.887, 17.42, 16.47, 14.645, 13.617, 13.216, 12.797, 12.028, 11.412, 11.188, 11.089, 10.882, 9.759, 8.222, 7.533, 7.211, 6.499, 4.753, 2.168, 0.0, 3.452, 10.468, 15.033, 15.73, 15.707, 16.228, 17.425, 17.894, 17.95, 18.739, 20.687, 21.881, 23.07, 24.491, 24.876, 24.853, 25.41, 27.725, 30.126, 31.125, 30.95, 28.982, 28.507, 28.619, 28.344, 28.395, 28.473, 29.175, 29.667, 30.097, 30.682, 31.285, 31.077, 30.884, 30.85, 30.633, 30.611, 30.656, 30.508, 30.288], [26.738, 27.791, 28.273, 28.372, 27.526, 26.169, 25.465, 25.419, 25.851, 26.117, 26.312, 26.572, 25.577, 23.758, 23.669, 23.561, 22.452, 20.925, 19.56, 19.352, 19.642, 19.721, 19.863, 20.451, 19.569, 18.576, 18.129, 17.661, 16.762, 15.05, 13.985, 13.422, 12.819, 11.899, 11.273, 11.082, 11.042, 10.915, 9.863, 8.468, 7.814, 7.481, 6.968, 5.663, 4.168, 3.452, 0.0, 7.618, 12.545, 13.337, 13.386, 14.163, 15.711, 16.412, 16.559, 17.396, 19.384, 20.626, 21.816, 23.259, 23.663, 23.65, 24.257, 26.64, 29.109, 30.166, 30.05, 28.147, 27.721, 27.864, 27.613, 27.66, 27.702, 28.354, 28.817, 29.219, 29.774, 30.377, 30.169, 29.972, 29.97, 29.787, 29.781, 29.819, 29.657, 29.436], [26.303, 27.292, 27.836, 28.013, 27.184, 25.725, 24.996, 25.059, 25.434, 25.445, 25.499, 25.793, 25.425, 24.956, 25.571, 25.557, 24.404, 22.739, 21.235, 20.854, 20.93, 20.825, 20.948, 21.395, 20.975, 20.709, 20.309, 19.794, 19.164, 18.1, 17.179, 16.413, 15.541, 14.34, 13.645, 13.401, 13.262, 13.145, 12.578, 12.242, 12.262, 12.103, 11.874, 11.201, 10.48, 10.468, 7.618, 0.0, 5.637, 6.973, 7.419, 9.255, 11.998, 13.329, 13.731, 14.691, 16.666, 17.966, 19.001, 20.391, 20.829, 20.83, 21.557, 24.081, 26.724, 27.939, 28.0, 26.353, 26.128, 26.391, 26.224, 26.274, 26.257, 26.816, 27.21, 27.504, 27.95, 28.51, 28.3, 28.08, 28.101, 27.967, 27.957, 27.942, 27.745, 27.526], [26.233, 27.107, 27.666, 27.924, 27.224, 25.885, 25.275, 25.461, 25.788, 25.636, 25.585, 25.882, 25.908, 26.289, 27.389, 27.458, 26.247, 24.569, 23.128, 22.693, 22.641, 22.409, 22.446, 22.752, 22.651, 22.794, 22.418, 21.883, 21.478, 20.895, 20.175, 19.431, 18.579, 17.438, 16.839, 16.612, 16.442, 16.323, 16.018, 16.068, 16.197, 16.057, 15.924, 15.466, 14.977, 15.033, 12.545, 5.637, 0.0, 2.274, 3.857, 6.737, 10.169, 11.944, 12.546, 13.453, 15.155, 16.312, 17.067, 18.311, 18.747, 18.761, 19.516, 21.909, 24.537, 25.822, 26.097, 24.921, 24.931, 25.318, 25.282, 25.361, 25.307, 25.727, 26.021, 26.194, 26.501, 26.984, 26.813, 26.626, 26.678, 26.616, 26.643, 26.582, 26.365, 26.169], [26.09, 26.931, 27.486, 27.771, 27.129, 25.85, 25.301, 25.528, 25.837, 25.652, 25.572, 25.876, 25.943, 26.411, 27.612, 27.733, 26.519, 24.825, 23.374, 22.931, 22.87, 22.602, 22.59, 22.877, 22.827, 22.985, 22.581, 22.035, 21.686, 21.213, 20.57, 19.852, 19.012, 17.897, 17.346, 17.152, 17.009, 16.9, 16.61, 16.659, 16.748, 16.616, 16.518, 16.106, 15.683, 15.73, 13.337, 6.973, 2.274, 0.0, 2.455, 5.816, 9.412, 11.295, 11.939, 12.837, 14.592, 15.774, 16.51, 17.802, 18.25, 18.273, 19.018, 21.318, 23.896, 25.174, 25.499, 24.46, 24.536, 24.97, 24.985, 25.086, 25.034, 25.402, 25.663, 25.805, 26.064, 26.507, 26.335, 26.164, 26.229, 26.19, 26.258, 26.22, 26.003, 25.812], [25.905, 26.768, 27.318, 27.576, 26.905, 25.584, 25.01, 25.232, 25.539, 25.358, 25.287, 25.603, 25.627, 26.029, 27.214, 27.365, 26.261, 24.668, 23.185, 22.687, 22.627, 22.355, 22.314, 22.61, 22.523, 22.609, 22.196, 21.651, 21.307, 20.849, 20.269, 19.602, 18.772, 17.65, 17.141, 17.023, 16.946, 16.882, 16.619, 16.639, 16.695, 16.586, 16.503, 16.091, 15.671, 15.707, 13.386, 7.419, 3.857, 2.455, 0.0, 4.154, 8.498, 10.653, 11.375, 12.339, 14.22, 15.449, 16.233, 17.588, 18.039, 18.061, 18.798, 21.108, 23.693, 24.956, 25.245, 24.157, 24.225, 24.642, 24.628, 24.728, 24.694, 25.104, 25.394, 25.56, 25.848, 26.285, 26.083, 25.914, 25.983, 25.957, 26.038, 26.022, 25.819, 25.629], [25.286, 26.138, 26.699, 26.918, 26.169, 24.803, 24.3, 24.561, 24.877, 24.717, 24.594, 24.872, 24.865, 25.346, 26.645, 26.811, 25.749, 24.37, 23.043, 22.508, 22.402, 22.054, 21.878, 22.087, 22.01, 22.125, 21.719, 21.151, 20.85, 20.57, 20.166, 19.609, 18.855, 17.856, 17.514, 17.504, 17.512, 17.509, 17.318, 17.282, 17.213, 17.146, 17.073, 16.623, 16.214, 16.228, 14.163, 9.255, 6.737, 5.816, 4.154, 0.0, 5.242, 8.127, 9.162, 10.291, 12.434, 13.891, 15.006, 16.668, 17.14, 17.185, 17.942, 20.212, 22.752, 23.939, 24.092, 22.851, 22.886, 23.29, 23.295, 23.413, 23.432, 23.921, 24.255, 24.458, 24.79, 25.251, 25.117, 25.0, 25.097, 25.183, 25.328, 25.32, 25.12, 24.962], [24.582, 25.397, 25.995, 26.211, 25.419, 24.091, 23.749, 24.096, 24.454, 24.353, 24.139, 24.298, 24.291, 24.964, 26.437, 26.612, 25.467, 24.212, 23.238, 22.893, 22.76, 22.333, 22.028, 22.114, 22.109, 22.351, 21.938, 21.324, 21.081, 21.011, 20.737, 20.267, 19.642, 18.893, 18.753, 18.775, 18.793, 18.808, 18.665, 18.581, 18.413, 18.397, 18.341, 17.825, 17.421, 17.425, 15.711, 11.998, 10.169, 9.412, 8.498, 5.242, 0.0, 3.71, 5.385, 6.999, 9.797, 11.774, 13.512, 15.687, 16.249, 16.352, 17.173, 19.415, 21.907, 22.991, 22.888, 21.298, 21.259, 21.678, 21.756, 21.905, 21.998, 22.592, 22.993, 23.246, 23.609, 24.12, 24.113, 24.067, 24.191, 24.381, 24.62, 24.634, 24.425, 24.32], [24.315, 25.145, 25.767, 25.988, 25.19, 23.883, 23.565, 23.943, 24.348, 24.302, 24.067, 24.14, 24.043, 24.677, 26.164, 26.347, 25.166, 23.943, 23.166, 23.034, 22.976, 22.562, 22.246, 22.315, 22.313, 22.557, 22.144, 21.525, 21.287, 21.217, 20.929, 20.492, 19.958, 19.338, 19.266, 19.272, 19.249, 19.251, 19.125, 19.053, 18.924, 18.957, 18.908, 18.336, 17.881, 17.894, 16.412, 13.329, 11.944, 11.295, 10.653, 8.127, 3.71, 0.0, 2.325, 4.87, 8.513, 10.867, 12.945, 15.331, 15.942, 16.074, 16.942, 19.319, 21.921, 22.997, 22.736, 20.844, 20.721, 21.122, 21.166, 21.32, 21.45, 22.161, 22.645, 22.937, 23.328, 23.867, 23.869, 23.83, 23.956, 24.154, 24.419, 24.462, 24.269, 24.19], [24.068, 24.916, 25.544, 25.773, 24.99, 23.73, 23.445, 23.835, 24.273, 24.265, 24.025, 24.071, 23.905, 24.439, 25.889, 26.079, 24.896, 23.667, 22.936, 22.908, 22.949, 22.591, 22.291, 22.39, 22.403, 22.627, 22.226, 21.62, 21.373, 21.229, 20.881, 20.449, 19.949, 19.367, 19.322, 19.344, 19.329, 19.342, 19.193, 19.087, 18.968, 19.023, 18.982, 18.402, 17.933, 17.95, 16.559, 13.731, 12.546, 11.939, 11.375, 9.162, 5.385, 2.325, 0.0, 3.3, 7.647, 10.311, 12.573, 15.04, 15.658, 15.807, 16.693, 19.166, 21.856, 22.937, 22.628, 20.643, 20.479, 20.848, 20.85, 21.002, 21.133, 21.868, 22.369, 22.671, 23.076, 23.634, 23.624, 23.565, 23.705, 23.921, 24.2, 24.263, 24.081, 24.008], [23.689, 24.478, 25.081, 25.323, 24.602, 23.485, 23.343, 23.772, 24.198, 24.193, 23.933, 23.959, 23.828, 24.431, 25.899, 26.088, 24.89, 23.635, 22.909, 22.916, 22.995, 22.684, 22.412, 22.514, 22.664, 23.015, 22.652, 22.051, 21.867, 21.796, 21.461, 21.031, 20.546, 20.012, 20.033, 20.121, 20.185, 20.241, 20.066, 19.884, 19.708, 19.732, 19.703, 19.185, 18.752, 18.739, 17.396, 14.691, 13.453, 12.837, 12.339, 10.291, 6.999, 4.87, 3.3, 0.0, 5.01, 8.333, 11.096, 13.794, 14.469, 14.725, 15.596, 17.932, 20.599, 21.655, 21.351, 19.479, 19.322, 19.657, 19.661, 19.826, 19.958, 20.638, 21.119, 21.42, 21.828, 22.439, 22.516, 22.488, 22.703, 23.038, 23.379, 23.459, 23.282, 23.237], [23.682, 24.334, 24.907, 25.172, 24.56, 23.683, 23.729, 24.19, 24.499, 24.398, 24.117, 24.119, 24.173, 25.099, 26.652, 26.838, 25.594, 24.3, 23.608, 23.588, 23.609, 23.278, 23.054, 23.109, 23.46, 24.101, 23.81, 23.221, 23.145, 23.315, 23.099, 22.693, 22.244, 21.784, 21.859, 21.991, 22.106, 22.196, 22.011, 21.769, 21.525, 21.487, 21.481, 21.105, 20.749, 20.687, 19.384, 16.666, 15.155, 14.592, 14.22, 12.434, 9.797, 8.513, 7.647, 5.01, 0.0, 4.305, 8.11, 11.215, 12.01, 12.498, 13.379, 15.318, 17.907, 18.935, 18.668, 17.143, 17.13, 17.494, 17.559, 17.743, 17.853, 18.44, 18.917, 19.209, 19.637, 20.36, 20.634, 20.715, 21.031, 21.524, 21.979, 22.09, 21.923, 21.937], [24.522, 25.11, 25.647, 25.899, 25.357, 24.584, 24.639, 25.068, 25.296, 25.118, 24.844, 24.853, 24.986, 25.958, 27.452, 27.625, 26.403, 25.129, 24.462, 24.407, 24.408, 24.101, 23.895, 23.942, 24.316, 24.993, 24.731, 24.174, 24.13, 24.368, 24.209, 23.836, 23.423, 22.985, 23.011, 23.117, 23.225, 23.315, 23.165, 22.958, 22.722, 22.652, 22.621, 22.295, 21.968, 21.881, 20.626, 17.966, 16.312, 15.774, 15.449, 13.891, 11.774, 10.867, 10.311, 8.333, 4.305, 0.0, 4.718, 8.437, 9.436, 10.01, 10.92, 12.82, 15.667, 16.815, 16.63, 15.372, 15.593, 16.042, 16.077, 16.244, 16.261, 16.846, 17.412, 17.742, 18.236, 19.014, 19.322, 19.473, 19.798, 20.315, 20.885, 21.069, 20.946, 21.011], [25.708, 26.258, 26.746, 26.967, 26.497, 25.733, 25.667, 26.043, 26.241, 25.994, 25.716, 25.75, 25.982, 27.02, 28.459, 28.624, 27.473, 26.232, 25.527, 25.397, 25.37, 25.096, 24.923, 24.975, 25.373, 26.072, 25.835, 25.33, 25.304, 25.492, 25.278, 24.888, 24.472, 23.985, 23.915, 23.971, 24.047, 24.136, 24.067, 23.981, 23.842, 23.77, 23.712, 23.414, 23.13, 23.07, 21.816, 19.001, 17.067, 16.51, 16.233, 15.006, 13.512, 12.945, 12.573, 11.096, 8.11, 4.718, 0.0, 4.382, 5.882, 6.472, 7.354, 9.724, 13.392, 14.962, 15.215, 14.604, 15.22, 15.771, 15.728, 15.851, 15.687, 16.215, 16.838, 17.178, 17.686, 18.402, 18.553, 18.681, 18.95, 19.392, 20.016, 20.245, 20.152, 20.242], [26.841, 27.326, 27.749, 27.949, 27.577, 26.881, 26.736, 27.057, 27.243, 26.964, 26.688, 26.73, 27.037, 28.104, 29.464, 29.615, 28.55, 27.375, 26.654, 26.463, 26.399, 26.142, 26.008, 26.053, 26.464, 27.194, 27.011, 26.569, 26.566, 26.736, 26.502, 26.109, 25.697, 25.198, 25.091, 25.136, 25.195, 25.278, 25.238, 25.191, 25.103, 25.034, 24.985, 24.756, 24.529, 24.491, 23.259, 20.391, 18.311, 17.802, 17.588, 16.668, 15.687, 15.331, 15.04, 13.794, 11.215, 8.437, 4.382, 0.0, 2.351, 3.