[[0.0, 3.362, 4.97, 6.573, 8.315, 9.809, 10.527, 10.779, 11.483, 12.306, 12.899, 13.7, 14.363, 14.301, 15.021, 16.011, 17.338, 19.74, 22.068, 22.49, 22.865, 23.333, 22.946, 22.439, 21.969, 20.501, 19.438, 19.937, 20.554, 20.899, 20.959, 20.834, 20.771, 21.0, 21.532, 21.526, 21.416, 21.206, 20.917, 21.152, 21.842, 22.422, 21.663, 20.574, 20.346, 20.623, 21.04, 21.211, 21.052, 20.807, 20.607, 20.474, 20.749, 21.103, 21.04, 20.701, 20.542, 20.665, 20.725, 20.749, 20.787, 20.693, 20.586, 20.675, 20.779, 20.617, 20.53, 20.584, 20.614, 20.722, 20.887, 20.86, 20.853, 20.735, 20.677, 20.643, 20.447, 20.452, 20.549, 20.733, 21.053, 21.368, 21.913, 22.626, 23.37, 23.923], [3.362, 0.0, 2.327, 4.783, 6.842, 8.329, 9.089, 9.369, 10.036, 10.871, 11.614, 12.766, 13.604, 13.507, 14.173, 15.071, 16.297, 18.515, 20.789, 21.274, 21.707, 22.223, 21.905, 21.482, 21.116, 19.9, 19.26, 19.976, 20.625, 21.019, 21.126, 20.978, 20.92, 21.317, 21.998, 22.051, 21.953, 21.761, 21.596, 21.921, 22.559, 23.112, 22.437, 21.361, 20.996, 21.137, 21.427, 21.554, 21.424, 21.198, 21.014, 20.947, 21.228, 21.526, 21.465, 21.209, 21.139, 21.292, 21.369, 21.437, 21.513, 21.445, 21.35, 21.396, 21.443, 21.246, 21.102, 21.121, 21.173, 21.303, 21.458, 21.431, 21.42, 21.321, 21.292, 21.253, 21.097, 21.208, 21.38, 21.534, 21.772, 22.032, 22.543, 23.203, 23.848, 24.329], [4.97, 2.327, 0.0, 2.972, 5.469, 7.19, 8.043, 8.334, 9.012, 9.93, 10.823, 12.085, 12.922, 12.793, 13.455, 14.378, 15.601, 17.805, 20.12, 20.632, 21.098, 21.661, 21.394, 21.004, 20.67, 19.541, 19.084, 19.89, 20.54, 20.938, 21.067, 20.913, 20.851, 21.292, 22.017, 22.089, 22.015, 21.845, 21.712, 22.082, 22.755, 23.34, 22.691, 21.614, 21.214, 21.303, 21.555, 21.671, 21.536, 21.313, 21.151, 21.119, 21.413, 21.695, 21.631, 21.393, 21.337, 21.494, 21.571, 21.641, 21.724, 21.666, 21.58, 21.616, 21.649, 21.445, 21.282, 21.284, 21.333, 21.46, 21.609, 21.58, 21.566, 21.476, 21.457, 21.416, 21.269, 21.398, 21.583, 21.723, 21.94, 22.194, 22.701, 23.348, 23.972, 24.447], [6.573, 4.783, 2.972, 0.0, 3.02, 5.414, 6.534, 6.884, 7.731, 8.928, 10.068, 11.305, 12.01, 11.861, 12.551, 13.558, 14.814, 17.148, 19.599, 20.125, 20.592, 21.17, 20.92, 20.522, 20.181, 19.065, 18.719, 19.565, 20.242, 20.688, 20.857, 20.709, 20.659, 21.121, 21.841, 21.914, 21.873, 21.741, 21.62, 22.013, 22.744, 23.372, 22.744, 21.668, 21.241, 21.305, 21.562, 21.68, 21.532, 21.299, 21.153, 21.128, 21.416, 21.679, 21.598, 21.355, 21.305, 21.473, 21.554, 21.621, 21.702, 21.657, 21.582, 21.609, 21.635, 21.433, 21.278, 21.283, 21.328, 21.455, 21.603, 21.561, 21.533, 21.443, 21.42, 21.38, 21.23, 21.359, 21.552, 21.687, 21.898, 22.163, 22.682, 23.332, 23.969, 24.478], [8.315, 6.842, 5.469, 3.02, 0.0, 2.952, 4.404, 4.969, 6.271, 7.99, 9.465, 10.735, 11.344, 11.187, 11.901, 12.908, 14.113, 16.613, 19.281, 19.794, 20.202, 20.739, 20.471, 20.073, 19.744, 18.649, 18.383, 19.256, 19.997, 20.553, 20.803, 20.686, 20.657, 21.141, 21.846, 21.914, 21.886, 21.789, 21.735, 22.198, 22.973, 23.605, 22.958, 21.823, 21.326, 21.37, 21.618, 21.714, 21.544, 21.303, 21.168, 21.148, 21.412, 21.644, 21.557, 21.331, 21.315, 21.517, 21.613, 21.694, 21.805, 21.808, 21.774, 21.797, 21.8, 21.579, 21.411, 21.41, 21.443, 21.544, 21.666, 21.604, 21.557, 21.467, 21.438, 21.397, 21.259, 21.416, 21.634, 21.761, 21.94, 22.196, 22.711, 23.342, 23.96, 24.472], [9.809, 8.329, 7.19, 5.414, 2.952, 0.0, 1.774, 3.038, 5.169, 7.449, 9.218, 10.66, 11.278, 11.129, 11.875, 12.752, 13.771, 16.324, 19.204, 19.714, 20.033, 20.498, 20.217, 19.877, 19.618, 18.608, 18.421, 19.337, 20.134, 20.777, 21.111, 21.04, 21.019, 21.52, 22.231, 22.299, 22.264, 22.183, 22.237, 22.809, 23.601, 24.201, 23.494, 22.236, 21.65, 21.692, 21.908, 21.96, 21.764, 21.515, 21.389, 21.392, 21.638, 21.836, 21.76, 21.582, 21.624, 21.858, 21.969, 22.071, 22.223, 22.286, 22.317, 22.361, 22.339, 22.072, 21.843, 21.797, 21.794, 21.83, 21.901, 21.825, 21.766, 21.691, 21.672, 21.634, 21.537, 21.759, 22.013, 22.13, 22.257, 22.483, 22.981, 23.573, 24.124, 24.581], [10.527, 9.089, 8.043, 6.534, 4.404, 1.774, 0.0, 1.952, 4.644, 7.242, 9.156, 10.669, 11.288, 11.156, 11.95, 12.791, 13.725, 16.288, 19.256, 19.755, 20.026, 20.454, 20.18, 19.883, 19.656, 18.658, 18.453, 19.369, 20.181, 20.86, 21.238, 21.2, 21.178, 21.663, 22.368, 22.439, 22.405, 22.329, 22.419, 23.037, 23.842, 24.43, 23.696, 22.378, 21.764, 21.816, 22.018, 22.039, 21.817, 21.554, 21.425, 21.432, 21.671, 21.862, 21.789, 21.627, 21.691, 21.935, 22.05, 22.163, 22.332, 22.422, 22.487, 22.553, 22.524, 22.233, 21.976, 21.91, 21.889, 21.893, 21.939, 21.858, 21.799, 21.731, 21.721, 21.688, 21.612, 21.86, 22.126, 22.242, 22.352, 22.572, 23.071, 23.65, 24.177, 24.61], [10.779, 9.369, 8.334, 6.884, 4.969, 3.038, 1.952, 0.0, 3.03, 6.004, 8.149, 9.803, 10.477, 10.331, 11.187, 12.112, 13.082, 15.725, 18.767, 19.252, 19.517, 19.945, 19.668, 19.365, 19.127, 18.109, 17.934, 18.9, 19.729, 20.425, 20.827, 20.8, 20.774, 21.287, 22.041, 22.131, 22.108, 22.043, 22.152, 22.8, 23.627, 24.246, 23.525, 22.208, 21.602, 21.654, 21.852, 21.864, 21.621, 21.342, 21.206, 21.211, 21.463, 21.663, 21.59, 21.43, 21.505, 21.755, 21.872, 21.992, 22.164, 22.252, 22.32, 22.389, 22.364, 22.078, 21.823, 21.757, 21.734, 21.736, 21.775, 21.685, 21.629, 21.562, 21.551, 21.517, 21.446, 21.701, 21.963, 22.074, 22.181, 22.406, 22.916, 23.504, 24.038, 24.479], [11.483, 10.036, 9.012, 7.731, 6.271, 5.169, 4.644, 3.03, 0.0, 3.36, 6.033, 8.177, 9.055, 8.909, 9.857, 10.912, 11.939, 14.686, 17.821, 18.296, 18.555, 18.979, 18.689, 18.364, 18.1, 17.153, 17.231, 18.355, 19.19, 19.87, 20.291, 20.253, 20.208, 20.816, 21.699, 21.842, 21.843, 21.822, 22.02, 22.72, 23.537, 24.197, 23.547, 22.302, 21.73, 21.766, 21.948, 21.955, 21.712, 21.433, 21.296, 21.313, 21.574, 21.773, 21.709, 21.573, 21.674, 21.929, 22.051, 22.187, 22.363, 22.441, 22.511, 22.586, 22.565, 22.291, 22.032, 21.945, 21.903, 21.894, 21.92, 21.825, 21.772, 21.711, 21.708, 21.682, 21.625, 21.884, 22.129, 22.218, 22.306, 22.507, 22.998, 23.579, 24.112, 24.552], [12.306, 10.871, 9.93, 8.928, 7.99, 7.449, 7.242, 6.004, 3.36, 0.0, 3.308, 6.258, 7.54, 7.46, 8.466, 9.627, 10.763, 13.664, 16.892, 17.375, 17.651, 18.092, 17.796, 17.441, 17.124, 16.259, 16.671, 18.005, 18.827, 19.434, 19.85, 19.779, 19.71, 20.431, 21.454, 21.661, 21.697, 21.738, 22.029, 22.749, 23.519, 24.208, 23.637, 22.506, 22.007, 22.037, 22.206, 22.224, 22.008, 21.743, 21.602, 21.634, 21.893, 22.081, 22.028, 21.919, 22.045, 22.296, 22.417, 22.575, 22.757, 22.822, 22.888, 22.962, 22.94, 22.681, 22.425, 22.331, 22.294, 22.303, 22.334, 22.247, 22.201, 22.148, 22.164, 22.152, 22.107, 22.36, 22.576, 22.635, 22.704, 22.872, 23.319, 23.874, 24.387, 24.81], [12.899, 11.614, 10.823, 10.068, 9.465, 9.218, 9.156, 8.149, 6.033, 3.308, 0.0, 3.611, 5.587, 5.682, 6.593, 7.853, 9.386, 12.613, 15.933, 16.424, 16.713, 17.206, 16.898, 16.503, 16.12, 15.243, 15.846, 17.375, 18.222, 18.79, 19.223, 19.155, 19.099, 19.879, 20.977, 21.226, 21.304, 21.408, 21.765, 22.49, 23.237, 23.951, 23.436, 22.415, 22.014, 22.058, 22.21, 22.227, 22.028, 21.767, 21.613, 21.651, 21.906, 22.088, 22.047, 21.939, 22.062, 22.305, 22.421, 22.592, 22.781, 22.832, 22.889, 22.959, 22.938, 22.708, 22.492, 22.435, 22.438, 22.493, 22.54, 22.465, 22.427, 22.37, 22.399, 22.385, 22.329, 22.572, 22.773, 22.814, 22.887, 23.05, 23.471, 24.006, 24.505, 24.923], [13.7, 12.766, 12.085, 11.305, 10.735, 10.66, 10.669, 9.803, 8.177, 6.258, 3.611, 0.0, 2.674, 3.194, 4.038, 5.854, 8.259, 12.024, 15.422, 15.873, 16.155, 16.703, 16.395, 15.928, 15.422, 14.371, 14.964, 16.576, 17.478, 18.091, 18.559, 18.491, 18.486, 19.285, 20.375, 20.638, 20.759, 20.921, 21.276, 21.972, 22.752, 23.493, 22.994, 22.064, 21.763, 21.861, 22.053, 22.086, 21.883, 21.624, 21.478, 21.498, 21.739, 21.926, 21.877, 21.724, 21.803, 22.026, 22.13, 22.291, 22.465, 22.5, 22.547, 22.612, 22.605, 22.435, 22.307, 22.321, 22.371, 22.471, 22.533, 22.46, 22.43, 22.357, 22.371, 22.345, 22.251, 22.452, 22.645, 22.702, 22.816, 23.014, 23.446, 23.993, 24.52, 24.966], [14.363, 13.604, 12.922, 12.01, 11.344, 11.278, 11.288, 10.477, 9.055, 7.54, 5.587, 2.674, 0.0, 1.402, 3.07, 5.541, 8.306, 12.207, 15.619, 16.044, 16.326, 16.884, 16.618, 16.136, 15.56, 14.411, 14.989, 16.582, 17.499, 18.136, 18.616, 18.527, 18.529, 19.333, 20.391, 20.642, 20.78, 20.96, 21.283, 21.954, 22.759, 23.504, 22.992, 22.058, 21.765, 21.895, 22.144, 22.206, 22.011, 21.771, 21.654, 21.667, 21.893, 22.068, 22.005, 21.829, 21.895, 22.115, 22.218, 22.363, 22.513, 22.537, 22.571, 22.617, 22.61, 22.465, 22.378, 22.418, 22.478, 22.588, 22.649, 22.575, 22.544, 22.46, 22.455, 22.413, 22.305, 22.495, 22.698, 22.772, 22.9, 23.109, 23.545, 24.095, 24.626, 25.069], [14.301, 13.507, 12.793, 11.861, 11.187, 11.129, 11.156, 10.331, 8.909, 7.46, 5.682, 3.194, 1.402, 0.0, 2.491, 5.304, 8.128, 12.007, 15.453, 15.916, 16.248, 16.834, 16.564, 16.072, 15.494, 14.325, 14.877, 16.466, 17.391, 18.039, 18.522, 18.427, 18.412, 19.224, 20.303, 20.554, 20.69, 20.862, 21.189, 21.878, 22.698, 23.466, 22.978, 22.053, 21.756, 21.881, 22.134, 22.198, 22.002, 21.754, 21.631, 21.641, 21.87, 22.046, 21.982, 21.797, 21.862, 22.091, 22.204, 22.352, 22.498, 22.518, 22.543, 22.578, 22.572, 22.438, 22.365, 22.414, 22.481, 22.597, 22.658, 22.579, 22.543, 22.45, 22.432, 22.37, 22.244, 22.428, 22.635, 22.714, 22.844, 23.059, 23.503, 24.056, 24.582, 25.023], [15.021, 14.173, 13.455, 12.551, 11.901, 11.875, 11.95, 11.187, 9.857, 8.466, 6.593, 4.038, 3.07, 2.491, 0.0, 3.346, 6.762, 11.046, 14.672, 15.239, 15.643, 16.258, 15.999, 15.509, 14.94, 13.872, 14.685, 16.372, 17.294, 17.945, 18.422, 18.312, 18.314, 19.191, 20.319, 20.584, 20.722, 20.908, 21.275, 21.977, 22.778, 23.547, 23.122, 22.282, 21.986, 22.067, 22.279, 22.321, 22.13, 21.897, 21.782, 21.802, 22.02, 22.186, 22.131, 21.95, 22.012, 22.237, 22.35, 22.515, 22.681, 22.716, 22.756, 22.795, 22.793, 22.677, 22.618, 22.682, 22.769, 22.904, 22.968, 22.897, 22.866, 22.771, 22.758, 22.692, 22.555, 22.733, 22.93, 22.981, 23.091, 23.307, 23.748, 24.287, 24.797, 25.237], [16.011, 15.071, 14.378, 13.558, 12.908, 12.752, 12.791, 12.112, 10.912, 9.627, 7.853, 5.854, 5.541, 5.304, 3.346, 0.0, 4.214, 9.321, 13.446, 14.218, 14.614, 15.191, 14.971, 14.605, 14.126, 13.342, 14.681, 16.596, 17.557, 18.197, 18.673, 18.571, 18.582, 19.554, 20.748, 21.02, 21.143, 21.349, 21.824, 22.587, 23.348, 24.067, 23.632, 22.732, 22.324, 22.333, 22.464, 22.471, 22.304, 22.114, 22.024, 22.086, 22.293, 22.422, 22.384, 22.246, 22.338, 22.571, 22.693, 22.884, 23.084, 23.145, 23.211, 23.264, 23.263, 23.122, 23.007, 23.02, 23.087, 23.205, 23.251, 23.191, 23.158, 23.068, 23.082, 23.029, 22.931, 23.169, 23.391, 23.402, 23.457, 23.636, 24.041, 24.542, 25.004, 25.412], [17.338, 16.297, 15.601, 14.814, 14.113, 13.771, 13.725, 13.082, 11.939, 10.763, 9.386, 8.259, 8.306, 8.128, 6.762, 4.214, 0.0, 6.122, 11.254, 12.357, 12.813, 13.354, 13.196, 13.056, 12.72, 12.244, 14.235, 16.47, 17.526, 18.201, 18.694, 18.576, 18.571, 19.707, 21.055, 21.346, 21.443, 21.703, 22.35, 23.22, 23.967, 24.656, 24.214, 23.213, 22.65, 22.596, 22.659, 22.639, 22.52, 22.373, 22.299, 22.394, 22.6, 22.703, 22.678, 22.579, 22.713, 22.971, 23.12, 23.338, 23.558, 23.642, 23.724, 23.776, 23.762, 23.578, 23.383, 23.319, 23.349, 23.434, 23.444, 23.385, 23.346, 23.25, 23.278, 23.23, 23.183, 23.516, 23.802, 23.804, 23.812, 23.955, 24.317, 24.779, 25.199, 25.575], [19.74, 18.515, 17.805, 17.148, 16.613, 16.324, 16.288, 15.725, 14.686, 13.664, 12.613, 12.024, 12.207, 12.007, 11.046, 9.321, 6.122, 0.0, 6.171, 8.079, 9.036, 9.926, 10.09, 10.436, 10.453, 10.937, 14.277, 16.901, 18.027, 18.8, 19.31, 19.15, 19.161, 20.517, 22.039, 22.383, 22.476, 22.818, 23.655, 24.584, 25.22, 25.887, 25.618, 24.714, 24.045, 23.874, 23.832, 23.788, 23.737, 23.643, 23.572, 23.725, 23.941, 23.987, 23.954, 23.901, 24.079, 24.352, 24.516, 24.741, 24.954, 25.049, 25.117, 25.088, 24.991, 24.762, 24.497, 24.371, 24.408, 24.517, 24.526, 24.491, 24.453, 24.369, 24.422, 24.381, 24.379, 24.796, 25.145, 25.121, 25.069, 25.158, 25.439, 25.822, 26.158, 26.459], [22.068, 20.789, 20.12, 19.599, 19.281, 19.204, 19.256, 18.767, 17.821, 16.892, 15.933, 15.422, 15.619, 15.453, 14.672, 13.446, 11.254, 6.171, 0.0, 3.452, 6.08, 7.943, 8.59, 9.288, 9.72, 11.285, 15.486, 18.14, 19.195, 20.012, 20.476, 20.26, 20.301, 21.736, 23.293, 23.689, 23.808, 24.19, 25.048, 25.886, 26.331, 26.939, 26.894, 26.291, 25.729, 25.521, 25.455, 25.425, 25.414, 25.366, 25.311, 25.491, 25.7, 25.704, 25.647, 25.6, 25.763, 25.993, 26.127, 26.319, 26.495, 26.586, 26.637, 26.524, 26.349, 26.128, 25.871, 25.746, 25.831, 26.025, 26.085, 26.079, 26.057, 25.993, 26.064, 26.048, 26.053, 26.431, 26.764, 26.721, 26.651, 26.707, 26.916, 27.228, 27.498, 27.725], [22.49, 21.274, 20.632, 20.125, 19.794, 19.714, 19.755, 19.252, 18.296, 17.375, 16.424, 15.873, 16.044, 15.916, 15.239, 14.218, 12.357, 8.079, 3.452, 0.0, 4.001, 6.657, 7.596, 8.429, 8.987, 10.724, 15.044, 17.662, 18.697, 19.61, 20.134, 19.903, 19.94, 21.404, 23.012, 23.445, 23.589, 23.995, 24.857, 25.667, 26.076, 26.7, 26.72, 26.221, 25.74, 25.564, 25.52, 25.498, 25.477, 25.429, 25.375, 25.55, 25.776, 25.806, 25.745, 25.694, 25.868, 26.097, 26.226, 26.415, 26.582, 26.67, 26.714, 26.57, 26.368, 26.165, 25.948, 25.856, 25.956, 26.174, 26.252, 26.244, 26.23, 26.169, 26.227, 26.204, 26.199, 26.56, 26.882, 26.833, 26.772, 26.839, 27.05, 27.353, 27.613, 27.838], [22.865, 21.707, 21.098, 20.592, 20.202, 20.033, 20.026, 19.517, 18.555, 17.651, 16.713, 16.155, 16.326, 16.248, 15.643, 14.614, 12.813, 9.036, 6.08, 4.001, 0.0, 3.334, 5.064, 6.512, 7.416, 9.71, 14.579, 17.313, 18.348, 19.331, 19.931, 19.716, 19.74, 21.22, 22.839, 23.294, 23.454, 23.89, 24.832, 25.716, 26.165, 26.817, 26.793, 26.157, 25.58, 25.411, 25.337, 25.276, 25.252, 25.223, 25.188, 25.401, 25.634, 25.647, 25.626, 25.647, 25.874, 26.131, 26.276, 26.478, 26.66, 26.764, 26.829, 26.7, 26.507, 26.3, 26.073, 25.974, 26.062, 26.25, 26.304, 26.287, 26.265, 26.213, 26.29, 26.275, 26.287, 26.674, 26.98, 26.885, 26.784, 26.822, 26.998, 27.247, 27.462, 27.685], [23.333, 22.223, 21.661, 21.17, 20.739, 20.498, 20.454, 19.945, 18.979, 18.092, 17.206, 16.703, 16.884, 16.834, 16.258, 15.191, 13.354, 9.926, 7.943, 6.657, 3.334, 0.0, 2.825, 5.218, 6.568, 9.37, 14.612, 17.41, 18.414, 19.404, 20.019, 19.805, 19.811, 21.319, 22.949, 23.406, 23.56, 24.03, 25.079, 26.039, 26.542, 27.227, 27.141, 26.361, 25.703, 25.575, 25.496, 25.397, 25.361, 25.351, 25.342, 25.581, 25.795, 25.777, 25.796, 25.885, 26.155, 26.429, 26.582, 26.79, 26.98, 27.109, 27.21, 27.127, 26.968, 26.757, 26.5, 26.37, 26.421, 26.546, 26.557, 26.526, 26.488, 26.443, 26.54, 26.533, 26.557, 26.949, 27.23, 27.105, 26.962, 26.961, 27.095, 27.291, 27.458, 27.657], [22.946, 21.905, 21.394, 20.92, 20.471, 20.217, 20.18, 19.668, 18.689, 17.796, 16.898, 16.395, 16.618, 16.564, 15.999, 14.971, 13.196, 10.09, 8.59, 7.596, 5.064, 2.825, 0.0, 2.952, 4.838, 8.146, 13.626, 16.475, 17.471, 18.494, 19.166, 18.973, 18.99, 20.551, 22.237, 22.717, 22.865, 23.343, 24.466, 25.494, 26.064, 26.814, 26.725, 25.909, 25.23, 25.105, 25.04, 24.95, 24.906, 24.883, 24.869, 25.116, 25.342, 25.333, 25.364, 25.457, 25.743, 26.045, 26.211, 26.426, 26.627, 26.771, 26.891, 26.835, 26.702, 26.501, 26.254, 26.13, 26.168, 26.258, 26.242, 26.193, 26.145, 26.09, 26.177, 26.161, 26.169, 26.554, 26.833, 26.713, 26.571, 26.57, 26.71, 26.92, 27.097, 27.296], [22.439, 21.482, 21.004, 20.522, 20.073, 19.877, 19.883, 19.365, 18.364, 17.441, 16.503, 15.928, 16.136, 16.072, 15.509, 14.605, 13.056, 10.436, 9.288, 8.429, 6.512, 5.218, 2.952, 0.0, 2.585, 6.586, 12.386, 15.273, 16.235, 17.295, 18.049, 17.875, 17.927, 19.564, 21.319, 21.832, 21.993, 22.48, 23.623, 24.683, 25.328, 26.149, 26.083, 25.286, 24.585, 24.406, 24.362, 24.312, 24.276, 24.25, 24.233, 24.489, 24.743, 24.75, 24.777, 24.849, 25.143, 25.481, 25.661, 25.877, 26.081, 26.222, 26.333, 26.269, 26.145, 25.969, 25.767, 25.688, 25.755, 25.867, 25.856, 25.791, 25.736, 25.67, 25.743, 25.717, 25.696, 26.069, 26.361, 26.264, 26.142, 26.158, 26.33, 26.586, 26.811, 27.038], [21.969, 21.116, 20.67, 20.181, 19.744, 19.618, 19.656, 19.127, 18.1, 17.124, 16.12, 15.422, 15.56, 15.494, 14.94, 14.126, 12.72, 10.453, 9.72, 8.987, 7.416, 6.568, 4.838, 2.585, 0.0, 4.693, 11.084, 14.16, 15.201, 16.357, 17.182, 17.021, 17.129, 18.821, 20.599, 21.113, 21.284, 21.799, 22.949, 24.023, 24.731, 25.599, 25.51, 24.7, 23.975, 23.773, 23.766, 23.741, 23.704, 23.679, 23.657, 23.892, 24.146, 24.162, 24.172, 24.193, 24.462, 24.817, 25.012, 25.239, 25.446, 25.579, 25.674, 25.597, 25.478, 25.328, 25.172, 25.137, 25.237, 25.384, 25.39, 25.314, 25.256, 25.181, 25.247, 25.211, 25.156, 25.515, 25.828, 25.768, 25.681, 25.717, 25.919, 26.22, 26.493, 26.757], [20.501, 19.9, 19.541, 19.065, 18.649, 18.608, 18.658, 18.109, 17.153, 16.259, 15.243, 14.371, 14.411, 14.325, 13.872, 13.342, 12.244, 10.937, 11.285, 10.724, 9.71, 9.37, 8.146, 6.586, 4.693, 0.0, 6.973, 10.551, 12.026, 13.592, 14.639, 14.543, 14.738, 16.46, 18.3, 18.827, 19.02, 19.593, 20.774, 21.921, 22.788, 23.762, 23.603, 22.742, 22.073, 21.976, 22.101, 22.098, 22.001, 21.92, 21.857, 22.009, 22.277, 22.383, 22.385, 22.278, 22.476, 22.86, 23.081, 23.337, 23.577, 23.711, 23.786, 23.712, 23.62, 23.52, 23.473, 23.549, 23.708, 23.885, 23.89, 23.778, 23.716, 23.613, 23.644, 23.568, 23.431, 23.756, 24.098, 24.12, 24.125, 24.244, 24.538, 24.944, 25.33, 25.68], [19.438, 19.26, 19.084, 18.719, 18.383, 18.421, 18.453, 17.934, 17.231, 16.671, 15.846, 14.964, 14.989, 14.877, 14.685, 14.681, 14.235, 14.277, 15.486, 15.044, 14.579, 14.612, 13.626, 12.386, 11.084, 6.973, 0.0, 4.441, 7.131, 9.753, 11.342, 11.525, 11.942, 13.526, 15.347, 15.896, 16.113, 16.731, 17.958, 19.258, 20.394, 21.555, 21.35, 20.512, 20.121, 20.336, 20.691, 20.709, 20.48, 20.274, 20.144, 20.162, 20.478, 20.797, 20.827, 20.536, 20.596, 20.986, 21.211, 21.479, 21.777, 21.943, 22.016, 21.999, 21.981, 21.96, 22.077, 22.32, 22.542, 22.718, 22.698, 22.522, 22.448, 22.306, 22.267, 22.131, 21.886, 22.093, 22.387, 22.475, 22.601, 22.85, 23.276, 23.801, 24.321, 24.781], [19.937, 19.976, 19.89, 19.565, 19.256, 19.337, 19.369, 18.9, 18.355, 18.005, 17.375, 16.576, 16.582, 16.466, 16.372, 16.596, 16.47, 16.901, 18.14, 17.662, 17.313, 17.41, 16.475, 15.273, 14.16, 10.551, 4.441, 0.0, 3.938, 7.871, 10.035, 10.494, 11.106, 12.48, 14.135, 14.689, 14.922, 15.546, 16.776, 18.165, 19.5, 20.831, 20.71, 20.023, 19.89, 20.322, 20.817, 20.853, 20.547, 20.289, 20.151, 20.108, 20.464, 20.903, 20.952, 20.591, 20.584, 20.944, 21.139, 21.361, 21.659, 21.863, 21.965, 21.977, 21.986, 22.018, 22.236, 22.567, 22.812, 22.99, 22.975, 22.778, 22.701, 22.548, 22.469, 22.32, 22.022, 22.089, 22.266, 22.322, 22.472, 22.779, 23.25, 23.787, 24.331, 24.823], [20.554, 20.625, 20.54, 20.242, 19.997, 20.134, 20.181, 19.729, 19.19, 18.827, 18.222, 17.478, 17.499, 17.391, 17.294, 17.557, 17.526, 18.027, 19.195, 18.697, 18.348, 18.414, 17.471, 16.235, 15.201, 12.026, 7.131, 3.938, 0.0, 4.96, 7.878, 8.618, 9.462, 10.957, 12.674, 13.287, 13.558, 14.264, 15.633, 17.096, 18.547, 20.032, 20.104, 19.68, 19.739, 20.27, 20.843, 20.927, 20.638, 20.421, 20.326, 20.315, 20.725, 21.217, 21.291, 20.952, 20.97, 21.325, 21.494, 21.678, 21.949, 22.166, 22.325, 22.395, 22.425, 22.478, 22.723, 23.068, 23.302, 23.475, 23.471, 23.275, 23.2, 23.059, 22.977, 22.835, 22.529, 22.534, 22.647, 22.658, 22.785, 23.09, 23.549, 24.074, 24.618, 25.108], [20.899, 21.019, 20.938, 20.688, 20.553, 20.777, 20.86, 20.425, 19.87, 19.434, 18.79, 18.091, 18.136, 18.039, 17.945, 18.197, 18.201, 18.8, 20.012, 19.61, 19.331, 19.404, 18.494, 17.295, 16.357, 13.592, 9.753, 7.871, 4.96, 0.0, 3.743, 5.233, 6.502, 8.196, 10.092, 10.8, 11.153, 12.007, 13.644, 15.254, 16.655, 18.171, 18.485, 18.465, 18.846, 19.531, 20.204, 20.374, 20.157, 20.009, 19.963, 19.991, 20.45, 20.991, 21.091, 20.796, 20.884, 21.27, 21.44, 21.603, 21.842, 22.034, 22.244, 22.445, 22.55, 22.612, 22.86, 23.204, 23.435, 23.621, 23.63, 23.452, 23.397, 23.256, 23.168, 23.042, 22.744, 22.701, 22.766, 22.772, 22.908, 23.204, 23.633, 24.152, 24.72, 25.204], [20.959, 21.126, 21.067, 20.857, 20.803, 21.111, 21.238, 20.827, 20.291, 19.85, 19.223, 18.559, 18.616, 18.522, 18.422, 18.673, 18.694, 19.31, 20.476, 20.134, 19.931, 20.019, 19.166, 18.049, 17.182, 14.639, 11.342, 10.035, 7.878, 3.743, 0.0, 2.525, 4.6, 6.614, 8.742, 9.53, 9.901, 10.828, 12.559, 14.193, 15.412, 16.834, 17.321, 17.64, 18.271, 19.068, 19.802, 20.031, 19.868, 19.762, 19.728, 19.749, 20.215, 20.779, 20.888, 20.601, 20.7, 21.088, 21.263, 21.416, 21.628, 21.782, 21.973, 22.225, 22.387, 22.464, 22.722, 23.083, 23.344, 23.581, 23.62, 23.454, 23.416, 23.267, 23.166, 23.054, 22.755, 22.665, 22.699, 22.718, 22.888, 23.194, 23.607, 24.121, 24.698, 25.173], [20.834, 20.978, 20.913, 20.709, 20.686, 21.04, 21.2, 20.8, 20.253, 19.779, 19.155, 18.491, 18.527, 18.427, 18.312, 18.571, 18.576, 19.15, 20.26, 19.903, 19.716, 19.805, 18.973, 17.875, 17.021, 14.543, 11.525, 10.494, 8.618, 5.233, 2.525, 0.0, 2.914, 5.978, 8.7, 9.584, 9.901, 10.809, 12.496, 14.034, 15.214, 16.673, 17.218, 17.587, 18.194, 18.995, 19.754, 20.004, 19.874, 19.786, 19.76, 19.781, 20.249, 20.817, 20.934, 20.653, 20.745, 21.125, 21.306, 21.464, 21.661, 21.792, 21.956, 22.181, 22.333, 22.412, 22.673, 23.033, 23.299, 23.557, 23.615, 23.461, 23.428, 23.277, 23.17, 23.048, 22.746, 22.665, 22.704, 22.714, 22.886, 23.197, 23.614, 24.136, 24.711, 25.178], [20.771, 20.92, 20.851, 20.659, 20.657, 21.019, 21.178, 20.774, 20.208, 19.71, 19.099, 18.486, 18.529, 18.412, 18.314, 18.582, 18.571, 19.161, 20.301, 19.94, 19.74, 19.811, 18.99, 17.927, 17.129, 14.738, 11.942, 11.106, 9.462, 6.502, 4.6, 2.914, 0.0, 4.068, 7.573, 8.625, 8.895, 9.834, 11.655, 13.273, 14.54, 16.104, 16.683, 17.1, 17.756, 18.59, 19.373, 19.627, 19.505, 19.426, 19.406, 19.432, 19.917, 20.517, 20.658, 20.398, 20.516, 20.92, 21.126, 21.298, 21.486, 21.603, 21.77, 22.016, 22.174, 22.243, 22.509, 22.861, 23.1, 23.333, 23.385, 23.248, 23.231, 23.064, 22.927, 22.786, 22.49, 22.413, 22.434, 22.419, 22.576, 22.88, 23.299, 23.84, 24.433, 24.906], [21.0, 21.317, 21.292, 21.121, 21.141, 21.52, 21.663, 21.287, 20.816, 20.431, 19.879, 19.285, 19.333, 19.224, 19.191, 19.554, 19.707, 20.517, 21.736, 21.404, 21.22, 21.319, 20.551, 19.564, 18.821, 16.46, 13.526, 12.48, 10.957, 8.196, 6.614, 5.978, 4.068, 0.0, 4.033, 5.498, 5.985, 7.171, 9.283, 11.181, 12.724, 14.486, 15.286, 16.128, 17.168, 18.124, 18.907, 19.117, 18.942, 18.843, 18.819, 18.794, 19.267, 19.93, 20.101, 19.804, 19.878, 20.285, 20.503, 20.676, 20.861, 20.98, 21.175, 21.487, 21.689, 21.789, 22.133, 22.554, 22.807, 23.039, 23.093, 22.957, 22.963, 22.777, 22.581, 22.423, 22.086, 21.895, 21.827, 21.817, 22.012, 22.344, 22.782, 23.345, 23.98, 24.495], [21.532, 21.998, 22.017, 21.841, 21.846, 22.231, 22.368, 22.041, 21.699, 21.454, 20.977, 20.375, 20.391, 20.303, 20.319, 20.748, 21.055, 22.039, 23.293, 23.012, 22.839, 22.949, 22.237, 21.319, 20.599, 18.3, 15.347, 14.135, 12.674, 10.092, 8.742, 8.7, 7.573, 4.033, 0.0, 2.191, 3.483, 5.141, 7.498, 9.714, 11.531, 13.387, 14.366, 15.621, 17.025, 18.104, 18.862, 19.017, 18.793, 18.689, 18.689, 18.639, 19.068, 19.739, 19.94, 19.629, 19.642, 20.028, 20.235, 20.398, 20.602, 20.757, 21.0, 21.359, 21.577, 21.697, 22.09, 22.567, 22.851, 23.1, 23.161, 23.021, 23.04, 22.857, 22.636, 22.485, 22.121, 21.818, 21.659, 21.643, 21.856, 22.208, 22.654, 23.2, 23.838, 24.383], [21.526, 22.051, 22.089, 21.914, 21.914, 22.299, 22.439, 22.131, 21.842, 21.661, 21.226, 20.638, 20.642, 20.554, 20.584, 21.02, 21.346, 22.383, 23.689, 23.445, 23.294, 23.406, 22.717, 21.832, 21.113, 18.827, 15.896, 14.689, 13.287, 10.8, 9.53, 9.584, 8.625, 5.498, 2.191, 0.0, 1.879, 4.02, 6.717, 9.248, 11.227, 13.082, 13.945, 15.21, 16.748, 17.913, 18.685, 18.84, 18.616, 18.51, 18.516, 18.471, 18.887, 19.554, 19.772, 19.48, 19.501, 19.891, 20.095, 20.255, 20.465, 20.622, 20.87, 21.237, 21.45, 21.551, 21.931, 22.398, 22.677, 22.925, 22.984, 22.84, 22.858, 22.68, 22.462, 22.315, 21.957, 21.649, 21.464, 21.425, 21.623, 21.974, 22.418, 22.958, 23.604, 24.175], [21.416, 21.953, 22.015, 21.873, 21.886, 22.264, 22.405, 22.108, 21.843, 21.697, 21.304, 20.759, 20.78, 20.69, 20.722, 21.143, 21.443, 22.476, 23.808, 23.589, 23.454, 23.56, 22.865, 21.993, 21.284, 19.02, 16.113, 14.922, 13.558, 11.153, 9.901, 9.901, 8.895, 5.985, 3.483, 1.879, 0.0, 2.696, 6.043, 8.92, 10.999, 12.85, 13.645, 14.889, 16.473, 17.699, 18.491, 18.65, 18.441, 18.332, 18.325, 18.283, 18.712, 19.393, 19.623, 19.344, 19.378, 19.778, 19.986, 20.145, 20.347, 20.49, 20.729, 21.104, 21.319, 21.405, 21.768, 22.219, 22.477, 22.707, 22.766, 22.63, 22.648, 22.468, 22.251, 22.105, 21.756, 21.459, 21.259, 21.193, 21.369, 21.701, 22.139, 22.685, 23.338, 23.92], [21.206, 21.761, 21.845, 21.741, 21.789, 22.183, 22.329, 22.043, 21.822, 21.738, 21.408, 20.921, 20.96, 20.862, 20.908, 21.349, 21.703, 22.818, 24.19, 23.995, 23.89, 24.03, 23.343, 22.48, 21.799, 19.593, 16.731, 15.546, 14.264, 12.007, 10.828, 10.809, 9.834, 7.171, 5.141, 4.02, 2.696, 0.0, 4.068, 7.655, 10.034, 12.034, 12.878, 14.195, 15.887, 17.204, 18.033, 18.177, 17.941, 17.804, 17.778, 17.745, 18.204, 18.922, 19.164, 18.882, 18.924, 19.352, 19.579, 19.746, 19.958, 20.106, 20.355, 20.754, 20.979, 21.067, 21.456, 21.937, 22.209, 22.443, 22.513, 22.398, 22.439, 22.247, 22.003, 21.847, 21.484, 21.158, 20.917, 20.826, 20.987, 21.319, 21.765, 22.312, 22.969, 23.56], [20.917, 21.596, 21.712, 21.62, 21.735, 22.237, 22.419, 22.152, 22.02, 22.029, 21.765, 21.276, 21.283, 21.189, 21.275, 21.824, 22.35, 23.655, 25.048, 24.857, 24.832, 25.079, 24.466, 23.623, 22.949, 20.774, 17.958, 16.776, 15.633, 13.644, 12.559, 12.496, 11.655, 9.283, 7.498, 6.717, 6.043, 4.068, 0.0, 4.464, 7.782, 10.293, 11.429, 13.143, 15.063, 16.463, 17.442, 17.637, 17.369, 17.239, 17.219, 17.153, 17.634, 18.421, 18.666, 18.343, 18.356, 18.782, 19.012, 19.169, 19.371, 19.507, 19.75, 20.154, 20.38, 20.513, 21.012, 21.594, 21.927, 22.224, 22.339, 22.243, 22.317, 22.117, 21.83, 21.653, 21.223, 20.8, 20.524, 20.475, 20.725, 21.144, 21.646, 22.229, 22.94, 23.567], [21.152, 21.921, 22.082, 22.013, 22.198, 22.809, 23.037, 22.8, 22.72, 22.749, 22.49, 21.972, 21.954, 21.878, 21.977, 22.587, 23.22, 24.584, 25.886, 25.667, 25.716, 26.039, 25.494, 24.683, 24.023, 21.921, 19.258, 18.165, 17.096, 15.254, 14.193, 14.034, 13.273, 11.181, 9.714, 9.248, 8.92, 7.655, 4.464, 0.0, 4.578, 8.18, 10.294, 12.926, 15.084, 16.446, 17.536, 17.832, 17.636, 17.607, 17.61, 17.491, 17.967, 18.79, 19.022, 18.661, 18.617, 18.968, 19.151, 19.274, 19.436, 19.537, 19.752, 20.123, 20.337, 20.531, 21.128, 21.773, 22.145, 22.495, 22.659, 22.577, 22.659, 22.476, 22.206, 22.032, 21.546, 21.059, 20.814, 20.855, 21.213, 21.692, 22.223, 22.841, 23.588, 24.215], [21.842, 22.559, 22.755, 22.744, 22.973, 23.601, 23.842, 23.627, 23.537, 23.519, 23.237, 22.752, 22.759, 22.698, 22.778, 23.348, 23.967, 25.22, 26.331, 26.076, 26.165, 26.542, 26.064, 25.328, 24.731, 22.788, 20.394, 19.5, 18.547, 16.655, 15.412, 15.214, 14.54, 12.724, 11.531, 11.227, 10.999, 10.034, 7.782, 4.578, 0.0, 4.866, 8.882, 12.915, 15.474, 16.854, 17.94, 18.277, 18.18, 18.234, 18.226, 18.091, 18.553, 19.369, 19.582, 19.237, 19.195, 19.499, 19.647, 19.762, 19.913, 19.992, 20.208, 20.601, 20.828, 21.031, 21.619, 22.261, 22.662, 23.063, 23.27, 23.225, 23.317, 23.151, 22.942, 22.803, 22.347, 21.904, 21.719, 21.805, 22.175, 22.62, 23.103, 23.693, 24.412, 24.993], [22.422, 23.112, 23.34, 23.372, 23.605, 24.201, 24.43, 24.246, 24.197, 24.208, 23.951, 23.493, 23.504, 23.466, 23.547, 24.067, 24.656, 25.887, 26.939, 26.7, 26.817, 27.227, 26.814, 26.149, 25.599, 23.762, 21.555, 20.831, 20.032, 18.171, 16.834, 16.673, 16.104, 14.486, 13.387, 13.082, 12.85, 12.034, 10.293, 8.18, 4.866, 0.0, 5.879, 11.504, 14.625, 16.229, 17.465, 17.895, 17.89, 18.028, 18.061, 17.916, 18.372, 19.215, 19.449, 19.146, 19.151, 19.46, 19.587, 19.66, 19.786, 19.863, 20.155, 20.722, 21.053, 21.233, 21.764, 22.368, 22.767, 23.182, 23.4, 23.4, 23.515, 23.342, 23.18, 23.12, 22.748, 22.366, 22.211, 22.318, 22.691, 23.113, 23.58, 24.178, 24.906, 25.468], [21.663, 22.437, 22.691, 22.744, 22.958, 23.494, 23.696, 23.525, 23.547, 23.637, 23.436, 22.994, 22.992, 22.978, 23.122, 23.632, 24.214, 25.618, 26.894, 26.72, 26.793, 27.141, 26.725, 26.083, 25.51, 23.603, 21.35, 20.71, 20.104, 18.485, 17.321, 17.218, 16.683, 15.286, 14.366, 13.945, 13.645, 12.878, 11.429, 10.294, 8.882, 5.879, 0.0, 6.693, 10.791, 13.207, 14.962, 15.622, 15.696, 15.955, 16.103, 15.989, 16.498, 17.42, 17.743, 17.508, 17.607, 17.986, 18.114, 18.111, 18.198, 18.309, 18.723, 19.555, 20.08, 20.217, 20.619, 21.097, 21.403, 21.739, 21.905, 21.912, 22.034, 21.849, 21.773, 21.879, 21.664, 21.39, 21.272, 21.397, 21.775, 22.21, 22.716, 23.386, 24.196, 24.809], [20.574, 21.361, 21.614, 21.668, 21.823, 22.236, 22.378, 22.208, 22.302, 22.506, 22.415, 22.064, 22.058, 22.053, 22.282, 22.732, 23.213, 24.714, 26.291, 26.221, 26.157, 26.361, 25.909, 25.286, 24.7, 22.742, 20.512, 20.023, 19.68, 18.465, 17.64, 17.587, 17.1, 16.128, 15.621, 15.21, 14.889, 14.195, 13.143, 12.926, 12.915, 11.504, 6.693, 0.0, 5.291, 9.268, 11.811, 12.718, 12.858, 13.269, 13.577, 13.604, 14.22, 15.175, 15.614, 15.516, 15.827, 16.396, 16.614, 16.599, 16.695, 16.876, 17.393, 18.402, 19.075, 19.135, 19.342, 19.655, 19.864, 20.107, 20.195, 20.182, 20.291, 20.093, 20.088, 20.322, 20.29, 20.273, 20.322, 20.506, 20.872, 21.311, 21.866, 22.596, 23.449, 24.102], [20.346, 20.996, 21.214, 21.241, 21.326, 21.65, 21.764, 21.602, 21.73, 22.007, 22.014, 21.763, 21.765, 21.756, 21.986, 22.324, 22.65, 24.045, 25.729, 25.74, 25.58, 25.703, 25.23, 24.585, 23.975, 22.073, 20.121, 19.89, 19.739, 18.846, 18.271, 18.194, 17.756, 17.168, 17.025, 16.748, 16.473, 15.887, 15.063, 15.084, 15.474, 14.625, 10.791, 5.291, 0.0, 5.098, 8.405, 9.653, 10.052, 10.8, 11.358, 11.636, 12.394, 13.306, 13.812, 13.887, 14.487, 15.287, 15.636, 15.698, 15.841, 16.068, 16.635, 17.676, 18.363, 18.343, 18.423, 18.66, 18.887, 19.164, 19.245, 19.238, 19.353, 19.164, 19.201, 19.46, 19.51, 19.781, 20.158, 20.492, 20.876, 21.318, 21.898, 22.645, 23.474, 24.117], [20.623, 21.137, 21.303, 21.305, 21.37, 21.692, 21.816, 21.654, 21.766, 22.037, 22.058, 21.861, 21.895, 21.881, 22.067, 22.333, 22.596, 23.874, 25.521, 25.564, 25.411, 25.575, 25.105, 24.406, 23.773, 21.976, 20.336, 20.322, 20.27, 19.531, 19.068, 18.995, 18.59, 18.124, 18.104, 17.913, 17.699, 17.204, 16.463, 16.446, 16.854, 16.229, 13.207, 9.268, 5.098, 0.0, 4.045, 6.045, 7.144, 8.492, 9.329, 9.858, 10.777, 11.622, 12.125, 12.459, 13.459, 14.489, 14.953, 15.124, 15.331, 15.57, 16.126, 17.11, 17.742, 17.659, 17.687, 17.933, 18.257, 18.658, 18.788, 18.798, 18.925, 18.766, 18.852, 19.105, 19.168, 19.621, 20.289, 20.811, 21.276, 21.751, 22.331, 23.062, 23.854, 24.475], [21.04, 21.427, 21.555, 21.562, 21.618, 21.908, 22.018, 21.852, 21.948, 22.206, 22.21, 22.053, 22.144, 22.134, 22.279, 22.464, 22.659, 23.832, 25.455, 25.52, 25.337, 25.496, 25.04, 24.362, 23.766, 22.101, 20.691, 20.817, 20.843, 20.204, 19.802, 19.754, 19.373, 18.907, 18.862, 18.685, 18.491, 18.033, 17.442, 17.536, 17.94, 17.465, 14.962, 11.811, 8.405, 4.045, 0.0, 2.841, 5.035, 6.991, 8.012, 8.752, 9.717, 10.422, 10.937, 11.559, 12.897, 14.106, 14.669, 14.974, 15.305, 15.593, 16.134, 17.043, 17.611, 17.46, 17.425, 17.676, 18.071, 18.535, 18.68, 18.709, 18.844, 18.71, 18.842, 19.091, 19.163, 19.709, 20.506, 21.113, 21.613, 22.1, 22.664, 23.344, 24.062, 24.644], [21.211, 21.554, 21.671, 21.68, 21.714, 21.96, 22.039, 21.864, 21.955, 22.224, 22.227, 22.086, 22.206, 22.198, 22.321, 22.471, 22.639, 23.788, 25.425, 25.498, 25.276, 25.397, 24.95, 24.312, 23.741, 22.098, 20.709, 20.853, 20.927, 20.374, 20.031, 20.004, 19.627, 19.117, 19.017, 18.84, 18.65, 18.177, 17.637, 17.832, 18.277, 17.895, 15.622, 12.718, 9.653, 6.045, 2.841, 0.0, 2.935, 5.407, 6.659, 7.574, 8.53, 9.209, 9.828, 10.667, 12.245, 13.602, 14.252, 14.682, 15.166, 15.565, 16.159, 17.047, 17.57, 17.372, 17.335, 17.655, 18.125, 18.603, 18.744, 18.788, 18.938, 18.809, 18.935, 19.159, 19.196, 19.732, 20.535, 21.145, 21.664, 22.199, 22.789, 23.44, 24.107, 24.67], [21.052, 21.424, 21.536, 21.532, 21.544, 21.764, 21.817, 21.621, 21.712, 22.008, 22.028, 21.883, 22.011, 22.002, 22.13, 22.304, 22.52, 23.737, 25.414, 25.477, 25.252, 25.361, 24.906, 24.276, 23.704, 22.001, 20.48, 20.547, 20.638, 20.157, 19.868, 19.874, 19.505, 18.942, 18.793, 18.616, 18.441, 17.941, 17.369, 17.636, 18.18, 17.89, 15.696, 12.858, 10.052, 7.144, 5.035, 2.935, 0.0, 3.0, 4.78, 5.984, 7.069, 7.876, 8.612, 9.631, 11.432, 12.917, 13.613, 14.105, 14.7, 15.207, 15.871, 16.788, 17.304, 17.089, 17.084, 17.484, 17.999, 18.455, 18.582, 18.626, 18.79, 18.662, 18.765, 18.974, 18.971, 19.459, 20.225, 20.821, 21.352, 21.942, 22.591, 23.252, 23.921, 24.501], [20.807, 21.198, 21.313, 21.299, 21.303, 21.515, 21.554, 21.342, 21.433, 21.743, 21.767, 21.624, 21.771, 21.754, 21.897, 22.114, 22.373, 23.643, 25.366, 25.429, 25.223, 25.351, 24.883, 24.25, 23.679, 21.92, 20.274, 20.289, 20.421, 20.009, 19.762, 19.786, 19.426, 18.843, 18.689, 18.51, 18.332, 17.804, 17.239, 17.607, 18.234, 18.028, 15.955, 13.269, 10.8, 8.492, 6.991, 5.407, 3.0, 0.0, 2.325, 4.055, 5.512, 6.576, 7.41, 8.563, 10.593, 12.225, 12.976, 13.557, 14.268, 14.849, 15.555, 16.49, 17.002, 16.778, 16.805, 17.265, 17.798, 18.222, 18.334, 18.38, 18.554, 18.423, 18.513, 18.715, 18.685, 19.147, 19.895, 20.497, 21.038, 21.653, 22.354, 23.048, 23.741, 24.351], [20.607, 21.014, 21.151, 21.153, 21.168, 21.389, 21.425, 21.206, 21.296, 21.602, 21.613, 21.478, 21.654, 21.631, 21.782, 22.024, 22.299, 23.572, 25.311, 25.375, 25.188, 25.342, 24.869, 24.233, 23.657, 21.857, 20.144, 20.151, 20.326, 19.963, 19.728, 19.76, 19.406, 18.819, 18.689, 18.516, 18.325, 17.778, 17.219, 17.61, 18.226, 18.061, 16.103, 13.577, 11.358, 9.329, 8.012, 6.659, 4.78, 2.325, 0.0, 2.26, 4.19, 5.556, 6.456, 7.699, 9.921, 11.683, 12.491, 13.164, 13.972, 14.579, 15.27, 16.188, 16.689, 16.471, 16.532, 17.036, 17.585, 18.003, 18.123, 18.178, 18.361, 18.224, 18.304, 18.5, 18.452, 18.906, 19.659, 20.282, 20.844, 21.479, 22.202, 22.921, 23.645, 24.282], [20.474, 20.947, 21.119, 21.128, 21.148, 21.392, 21.432, 21.211, 21.313, 21.634, 21.651, 21.498, 21.667, 21.641, 21.802, 22.086, 22.394, 23.725, 25.491, 25.55, 25.401, 25.581, 25.116, 24.489, 23.892, 22.009, 20.162, 20.108, 20.315, 19.991, 19.749, 19.781, 19.432, 18.794, 18.639, 18.471, 18.283, 17.745, 17.153, 17.491, 18.091, 17.916, 15.989, 13.604, 11.636, 9.858, 8.752, 7.574, 5.984, 4.055, 2.26, 0.0, 2.457, 4.392, 5.372, 6.632, 9.028, 10.893, 11.734, 12.442, 13.294, 13.917, 14.618, 15.584, 16.139, 15.973, 16.106, 16.664, 17.239, 17.692, 17.843, 17.909, 18.109, 17.964, 18.042, 18.252, 18.186, 18.601, 19.341, 20.0, 20.621, 21.305, 22.058, 22.803, 23.576, 24.255], [20.749, 21.228, 21.413, 21.416, 21.412, 21.638, 21.671, 21.463, 21.574, 21.893, 21.906, 21.739, 21.893, 21.87, 22.02, 22.293, 22.6, 23.941, 25.7, 25.776, 25.634, 25.795, 25.342, 24.743, 24.146, 22.277, 20.478, 20.464, 20.725, 20.45, 20.215, 20.249, 19.917, 19.267, 19.068, 18.887, 18.712, 18.204, 17.634, 17.967, 18.553, 18.372, 16.498, 14.22, 12.394, 10.777, 9.717, 8.53, 7.069, 5.512, 4.19, 2.457, 0.0, 2.473, 3.983, 5.6, 8.268, 10.256, 11.149, 11.89, 12.783, 13.445, 14.185, 15.208, 15.809, 15.66, 15.81, 16.408, 17.034, 17.524, 17.682, 17.752, 17.962, 17.819, 17.908, 18.13, 18.072, 18.493, 19.246, 19.925, 20.567, 21.273, 22.028, 22.766, 23.543, 24.241], [21.103, 21.526, 21.695, 21.679, 21.644, 21.836, 21.862, 21.663, 21.773, 22.081, 22.088, 21.926, 22.068, 22.046, 22.186, 22.422, 22.703, 23.987, 25.704, 25.806, 25.647, 25.777, 25.333, 24.75, 24.162, 22.383, 20.797, 20.903, 21.217, 20.991, 20.779, 20.817, 20.517, 19.93, 19.739, 19.554, 19.393, 18.922, 18.421, 18.79, 19.369, 19.215, 17.42, 15.175, 13.306, 11.622, 10.422, 9.209, 7.876, 6.576, 5.556, 4.392, 2.473, 0.0, 2.382, 4.939, 8.1, 10.239, 11.184, 11.926, 12.786, 13.422, 14.127, 15.109, 15.699, 15.528, 15.631, 16.22, 16.898, 17.434, 17.595, 17.667, 17.865, 17.719, 17.828, 18.063, 18.044, 18.549, 19.381, 20.087, 20.723, 21.417, 22.149, 22.856, 23.599, 24.292], [21.04, 21.465, 21.631, 21.598, 21.557, 21.76, 21.789, 21.59, 21.709, 22.028, 22.047, 21.877, 22.005, 21.982, 22.131, 22.384, 22.678, 23.954, 25.647, 25.745, 25.626, 25.796, 25.364, 24.777, 24.172, 22.385, 20.827, 20.952, 21.291, 21.091, 20.888, 20.934, 20.658, 20.101, 19.94, 19.772, 19.623, 19.164, 18.666, 19.022, 19.582, 19.449, 17.743, 15.614, 13.812, 12.125, 10.937, 9.828, 8.612, 7.41, 6.456, 5.372, 3.983, 2.382, 0.0, 3.532, 7.376, 9.727, 10.728, 11.497, 12.35, 12.957, 13.635, 14.603, 15.195, 15.04, 15.182, 15.808, 16.527, 17.128, 17.329, 17.409, 17.616, 17.45, 17.553, 17.798, 17.786, 18.337, 19.262, 20.078, 20.789, 21.512, 22.259, 22.974, 23.718, 24.4], [20.701, 21.209, 21.393, 21.355, 21.331, 21.582, 21.627, 21.43, 21.573, 21.919, 21.939, 21.724, 21.829, 21.797, 21.95, 22.246, 22.579, 23.901, 25.6, 25.694, 25.647, 25.885, 25.457, 24.849, 24.193, 22.278, 20.536, 20.591, 20.952, 20.796, 20.601, 20.653, 20.398, 19.804, 19.629, 19.48, 19.344, 18.882, 18.343, 18.661, 19.237, 19.146, 17.508, 15.516, 13.887, 12.459, 11.559, 10.667, 9.631, 8.563, 7.699, 6.632, 5.6, 4.939, 3.532, 0.0, 4.334, 7.075, 8.248, 9.168, 10.225, 10.985, 11.786, 12.901, 13.6, 13.512, 13.763, 14.502, 15.278, 15.927, 16.169, 16.261, 16.507, 16.331, 16.436, 16.722, 16.684, 17.221, 18.252, 19.249, 20.12, 20.932, 21.747, 22.531, 23.341, 24.044], [20.542, 21.139, 21.337, 21.305, 21.315, 21.624, 21.691, 21.505, 21.674, 22.045, 22.062, 21.803, 21.895, 21.862, 22.012, 22.338, 22.713, 24.079, 25.763, 25.868, 25.874, 26.155, 25.743, 25.143, 24.462, 22.476, 20.596, 20.584, 20.97, 20.884, 20.7, 20.745, 20.516, 19.878, 19.642, 19.501, 19.378, 18.924, 18.356, 18.617, 19.195, 19.151, 17.607, 15.827, 14.487, 13.459, 12.897, 12.245, 11.432, 10.593, 9.921, 9.028, 8.268, 8.1, 7.376, 4.334, 0.0, 3.084, 4.547, 5.813, 7.355, 8.459, 9.505, 10.873, 11.766, 11.787, 12.145, 12.988, 13.781, 14.427, 14.709, 14.827, 15.129, 14.991, 15.161, 15.556, 15.486, 15.919, 16.992, 18.146, 19.169, 20.07, 20.932, 21.768, 22.65, 23.396], [20.665, 21.292, 21.494, 21.473, 21.517, 21.858, 21.935, 21.755, 21.929, 22.296, 22.305, 22.026, 22.115, 22.091, 22.237, 22.571, 22.971, 24.352, 25.993, 26.097, 26.131, 26.429, 26.045, 25.481, 24.817, 22.86, 20.986, 20.944, 21.325, 21.27, 21.088, 21.125, 20.92, 20.285, 20.028, 19.891, 19.778, 19.352, 18.782, 18.968, 19.499, 19.46, 17.986, 16.396, 15.287, 14.489, 14.106, 13.602, 12.917, 12.225, 11.683, 10.893, 10.256, 10.239, 9.727, 7.075, 3.084, 0.0, 1.76, 3.511, 5.537, 6.916, 8.16, 9.728, 10.773, 10.886, 11.314, 12.202, 12.989, 13.646, 13.984, 14.139, 14.485, 14.421, 14.704, 15.214, 15.148, 15.484, 16.535, 17.755, 18.847, 19.775, 20.633, 21.47, 22.384, 23.15], [20.725, 21.369, 21.571, 21.554, 21.613, 21.969, 22.05, 21.872, 22.051, 22.417, 22.421, 22.13, 22.218, 22.204, 22.35, 22.693, 23.12, 24.516, 26.127, 26.226, 26.276, 26.582, 26.211, 25.661, 25.012, 23.081, 21.211, 21.139, 21.494, 21.44, 21.263, 21.306, 21.126, 20.503, 20.235, 20.095, 19.986, 19.579, 19.012, 19.151, 19.647, 19.587, 18.114, 16.614, 15.636, 14.953, 14.669, 14.252, 13.613, 12.976, 12.491, 11.734, 11.149, 11.184, 10.728, 8.248, 4.547, 1.76, 0.0, 2.138, 4.533, 6.13, 7.543, 9.274, 10.416, 10.563, 10.998, 11.876, 12.631, 13.278, 13.648, 13.83, 14.188, 14.175, 14.569, 15.166, 15.109, 15.389, 16.411, 17.657, 18.773, 19.703, 20.559, 21.395, 22.324, 23.105], [20.749, 21.437, 21.641, 21.621, 21.694, 22.071, 22.163, 21.992, 22.187, 22.575, 22.592, 22.291, 22.363, 22.352, 22.515, 22.884, 23.338, 24.741, 26.319, 26.415, 26.478, 26.79, 26.426, 25.877, 25.239, 23.337, 21.479, 21.361, 21.678, 21.603, 21.416, 21.464, 21.298, 20.676, 20.398, 20.255, 20.145, 19.746, 19.169, 19.274, 19.762, 19.66, 18.111, 16.599, 15.698, 15.124, 14.974, 14.682, 14.105, 13.557, 13.164, 12.442, 11.89, 11.926, 11.497, 9.168, 5.813, 3.511, 2.138, 0.0, 2.665, 4.619, 6.402, 8.501, 9.852, 10.047, 10.486, 11.3