[[0.0, 2.347, 4.412, 6.253, 7.23, 8.305, 8.638, 9.292, 10.058, 10.218, 10.495, 11.523, 12.521, 13.715, 14.36, 14.586, 14.637, 15.196, 16.785, 17.701, 17.854, 18.237, 18.374, 18.501, 19.034, 20.317, 22.16, 22.992, 22.737, 21.407, 20.685, 21.26, 22.063, 22.188, 22.287, 22.588, 22.969, 23.205, 23.427, 23.694, 23.888, 23.836, 23.759, 23.847, 23.724, 23.611, 23.622, 23.496, 23.303, 23.104, 22.887, 22.876, 22.94, 22.798, 22.555, 22.793, 23.233, 23.377, 23.626, 23.389, 22.93, 22.214, 20.842, 20.21, 20.839, 21.01, 20.785, 20.751, 20.91, 20.989, 20.933, 20.871, 20.669, 20.405, 20.038, 19.85, 19.848, 19.809, 19.672, 19.663, 19.733, 19.93, 20.337, 20.589, 20.76, 20.804], [2.347, 0.0, 2.953, 5.244, 6.439, 7.649, 8.021, 8.703, 9.575, 9.776, 10.087, 11.157, 12.239, 13.477, 14.131, 14.371, 14.457, 15.086, 16.693, 17.605, 17.799, 18.249, 18.389, 18.513, 19.067, 20.311, 22.107, 22.931, 22.674, 21.383, 20.711, 21.301, 22.134, 22.272, 22.385, 22.729, 23.117, 23.345, 23.567, 23.819, 23.971, 23.887, 23.798, 23.881, 23.765, 23.666, 23.692, 23.574, 23.38, 23.178, 22.948, 22.93, 22.996, 22.863, 22.615, 22.807, 23.215, 23.329, 23.549, 23.297, 22.853, 22.148, 20.756, 20.12, 20.779, 20.972, 20.758, 20.693, 20.796, 20.815, 20.738, 20.684, 20.487, 20.221, 19.86, 19.672, 19.649, 19.578, 19.417, 19.386, 19.457, 19.649, 20.05, 20.303, 20.488, 20.554], [4.412, 2.953, 0.0, 2.998, 4.604, 5.953, 6.381, 7.186, 8.253, 8.501, 8.817, 9.856, 10.97, 12.262, 12.914, 13.184, 13.355, 14.052, 15.652, 16.542, 16.755, 17.293, 17.477, 17.609, 18.162, 19.36, 21.182, 22.05, 21.831, 20.668, 20.174, 20.743, 21.555, 21.752, 21.873, 22.242, 22.674, 22.921, 23.154, 23.388, 23.533, 23.456, 23.36, 23.451, 23.351, 23.29, 23.353, 23.266, 23.095, 22.905, 22.625, 22.599, 22.655, 22.557, 22.296, 22.459, 22.848, 23.019, 23.371, 23.228, 22.895, 22.249, 20.774, 19.923, 20.466, 20.651, 20.38, 20.252, 20.297, 20.309, 20.256, 20.212, 20.015, 19.774, 19.442, 19.275, 19.239, 19.115, 18.909, 18.862, 18.905, 19.091, 19.508, 19.74, 19.916, 19.954], [6.253, 5.244, 2.998, 0.0, 2.466, 4.359, 4.857, 5.769, 7.02, 7.332, 7.66, 8.763, 10.005, 11.392, 12.078, 12.363, 12.561, 13.249, 14.872, 15.796, 16.052, 16.692, 16.887, 17.007, 17.577, 18.793, 20.648, 21.538, 21.338, 20.229, 19.804, 20.361, 21.171, 21.402, 21.519, 21.9, 22.381, 22.676, 22.929, 23.155, 23.311, 23.26, 23.168, 23.268, 23.165, 23.095, 23.171, 23.083, 22.91, 22.72, 22.428, 22.398, 22.445, 22.357, 22.089, 22.262, 22.653, 22.867, 23.293, 23.191, 22.883, 22.246, 20.705, 19.715, 20.184, 20.357, 20.074, 19.959, 20.021, 20.056, 20.023, 19.987, 19.806, 19.608, 19.306, 19.157, 19.121, 18.975, 18.756, 18.702, 18.715, 18.899, 19.358, 19.596, 19.748, 19.76], [7.23, 6.439, 4.604, 2.466, 0.0, 2.416, 3.193, 4.484, 6.003, 6.346, 6.623, 7.732, 9.124, 10.563, 11.249, 11.561, 11.809, 12.53, 14.197, 15.151, 15.422, 16.119, 16.322, 16.473, 17.081, 18.236, 20.052, 20.944, 20.732, 19.638, 19.301, 19.86, 20.654, 20.914, 21.044, 21.426, 21.916, 22.247, 22.551, 22.797, 22.971, 22.948, 22.87, 22.98, 22.875, 22.8, 22.879, 22.797, 22.637, 22.449, 22.15, 22.112, 22.145, 22.074, 21.798, 21.979, 22.387, 22.642, 23.148, 23.118, 22.849, 22.195, 20.602, 19.482, 19.865, 20.037, 19.745, 19.643, 19.709, 19.746, 19.723, 19.69, 19.512, 19.346, 19.074, 18.958, 18.934, 18.776, 18.542, 18.471, 18.464, 18.648, 19.123, 19.366, 19.511, 19.507], [8.305, 7.649, 5.953, 4.359, 2.416, 0.0, 1.448, 3.447, 5.188, 5.563, 5.735, 6.596, 8.048, 9.504, 10.156, 10.498, 10.807, 11.601, 13.255, 14.213, 14.474, 15.237, 15.496, 15.676, 16.301, 17.392, 19.204, 20.113, 19.926, 18.97, 18.837, 19.378, 20.108, 20.39, 20.538, 20.944, 21.429, 21.768, 22.115, 22.39, 22.588, 22.584, 22.511, 22.632, 22.54, 22.51, 22.607, 22.549, 22.422, 22.248, 21.937, 21.89, 21.912, 21.868, 21.579, 21.747, 22.163, 22.507, 23.169, 23.251, 23.06, 22.387, 20.69, 19.362, 19.636, 19.799, 19.465, 19.334, 19.387, 19.417, 19.397, 19.354, 19.17, 19.02, 18.774, 18.692, 18.682, 18.519, 18.268, 18.162, 18.13, 18.314, 18.808, 19.04, 19.179, 19.148], [8.638, 8.021, 6.381, 4.857, 3.193, 1.448, 0.0, 2.53, 4.552, 5.011, 5.251, 6.177, 7.742, 9.251, 9.898, 10.249, 10.562, 11.36, 13.046, 14.05, 14.341, 15.114, 15.374, 15.558, 16.206, 17.324, 19.143, 20.052, 19.873, 18.937, 18.822, 19.341, 20.054, 20.341, 20.477, 20.882, 21.372, 21.709, 22.053, 22.338, 22.568, 22.585, 22.509, 22.632, 22.549, 22.537, 22.643, 22.6, 22.481, 22.307, 21.992, 21.936, 21.953, 21.916, 21.635, 21.805, 22.226, 22.599, 23.285, 23.366, 23.154, 22.436, 20.699, 19.345, 19.598, 19.752, 19.417, 19.283, 19.339, 19.372, 19.353, 19.313, 19.133, 18.98, 18.719, 18.633, 18.628, 18.466, 18.216, 18.115, 18.089, 18.271, 18.775, 19.013, 19.156, 19.131], [9.292, 8.703, 7.186, 5.769, 4.484, 3.447, 2.53, 0.0, 2.467, 3.326, 3.808, 5.134, 7.103, 8.78, 9.453, 9.819, 10.177, 10.982, 12.75, 13.861, 14.21, 14.988, 15.237, 15.442, 16.167, 17.399, 19.26, 20.177, 20.003, 19.079, 18.959, 19.442, 20.129, 20.405, 20.53, 20.903, 21.37, 21.703, 22.037, 22.323, 22.589, 22.657, 22.605, 22.73, 22.656, 22.648, 22.757, 22.729, 22.601, 22.424, 22.108, 22.035, 22.048, 22.024, 21.758, 21.95, 22.385, 22.781, 23.47, 23.534, 23.297, 22.491, 20.667, 19.253, 19.447, 19.591, 19.262, 19.135, 19.194, 19.239, 19.245, 19.236, 19.077, 18.929, 18.648, 18.574, 18.593, 18.447, 18.2, 18.114, 18.115, 18.306, 18.84, 19.106, 19.263, 19.259], [10.058, 9.575, 8.253, 7.02, 6.003, 5.188, 4.552, 2.467, 0.0, 1.542, 2.484, 4.317, 6.667, 8.45, 9.149, 9.495, 9.893, 10.715, 12.516, 13.705, 14.093, 14.85, 15.103, 15.341, 16.105, 17.435, 19.375, 20.321, 20.169, 19.263, 19.143, 19.588, 20.237, 20.498, 20.616, 20.954, 21.393, 21.72, 22.055, 22.349, 22.647, 22.762, 22.745, 22.881, 22.814, 22.799, 22.9, 22.877, 22.75, 22.573, 22.243, 22.149, 22.159, 22.145, 21.891, 22.113, 22.559, 22.972, 23.677, 23.761, 23.518, 22.637, 20.752, 19.265, 19.379, 19.513, 19.172, 19.038, 19.093, 19.172, 19.22, 19.233, 19.093, 18.958, 18.681, 18.636, 18.678, 18.549, 18.307, 18.236, 18.263, 18.461, 19.013, 19.291, 19.456, 19.461], [10.218, 9.776, 8.501, 7.332, 6.346, 5.563, 5.011, 3.326, 1.542, 0.0, 1.409, 3.706, 6.243, 8.07, 8.789, 9.111, 9.445, 10.304, 12.18, 13.399, 13.827, 14.651, 14.92, 15.165, 15.922, 17.213, 19.137, 20.089, 19.955, 19.075, 18.969, 19.399, 20.048, 20.323, 20.446, 20.793, 21.239, 21.575, 21.922, 22.225, 22.546, 22.68, 22.673, 22.825, 22.759, 22.742, 22.844, 22.829, 22.713, 22.54, 22.212, 22.121, 22.129, 22.118, 21.86, 22.057, 22.491, 22.911, 23.616, 23.708, 23.49, 22.631, 20.734, 19.222, 19.316, 19.436, 19.079, 18.922, 18.957, 19.022, 19.068, 19.099, 18.973, 18.843, 18.565, 18.523, 18.569, 18.432, 18.183, 18.091, 18.107, 18.297, 18.842, 19.12, 19.288, 19.288], [10.495, 10.087, 8.817, 7.66, 6.623, 5.735, 5.251, 3.808, 2.484, 1.409, 0.0, 2.692, 5.518, 7.462, 8.197, 8.521, 8.833, 9.682, 11.596, 12.852, 13.307, 14.193, 14.49, 14.746, 15.515, 16.794, 18.732, 19.689, 19.547, 18.684, 18.638, 19.067, 19.705, 19.999, 20.137, 20.496, 20.951, 21.306, 21.673, 21.982, 22.303, 22.439, 22.434, 22.599, 22.538, 22.532, 22.633, 22.612, 22.51, 22.339, 22.006, 21.921, 21.929, 21.924, 21.663, 21.858, 22.299, 22.75, 23.503, 23.622, 23.436, 22.599, 20.678, 19.112, 19.188, 19.31, 18.946, 18.781, 18.808, 18.863, 18.889, 18.906, 18.775, 18.647, 18.376, 18.342, 18.384, 18.238, 17.981, 17.864, 17.865, 18.055, 18.599, 18.867, 19.022, 18.998], [11.523, 11.157, 9.856, 8.763, 7.732, 6.596, 6.177, 5.134, 4.317, 3.706, 2.692, 0.0, 3.445, 5.748, 6.474, 6.828, 7.279, 8.242, 10.154, 11.471, 11.971, 12.969, 13.345, 13.647, 14.454, 15.696, 17.686, 18.675, 18.566, 17.918, 18.16, 18.546, 19.097, 19.42, 19.591, 19.979, 20.421, 20.786, 21.197, 21.529, 21.859, 21.992, 21.978, 22.157, 22.115, 22.169, 22.314, 22.325, 22.252, 22.104, 21.744, 21.65, 21.655, 21.686, 21.413, 21.619, 22.086, 22.658, 23.612, 23.869, 23.795, 22.976, 20.945, 19.121, 19.058, 19.198, 18.766, 18.541, 18.538, 18.588, 18.608, 18.591, 18.44, 18.312, 18.065, 18.064, 18.102, 17.942, 17.653, 17.486, 17.444, 17.631, 18.186, 18.432, 18.573, 18.497], [12.521, 12.239, 10.97, 10.005, 9.124, 8.048, 7.742, 7.103, 6.667, 6.243, 5.518, 3.445, 0.0, 2.962, 4.037, 4.438, 5.171, 6.457, 8.492, 9.876, 10.452, 11.611, 12.07, 12.385, 13.208, 14.439, 16.567, 17.625, 17.577, 17.117, 17.574, 17.915, 18.396, 18.735, 18.941, 19.355, 19.801, 20.167, 20.604, 20.965, 21.337, 21.488, 21.481, 21.668, 21.63, 21.722, 21.987, 22.072, 21.975, 21.849, 21.467, 21.376, 21.38, 21.422, 21.101, 21.302, 21.793, 22.48, 23.6, 23.985, 24.029, 23.251, 21.15, 19.093, 18.881, 19.038, 18.514, 18.217, 18.193, 18.255, 18.305, 18.288, 18.136, 18.013, 17.772, 17.78, 17.829, 17.679, 17.366, 17.183, 17.109, 17.311, 17.908, 18.14, 18.263, 18.139], [13.715, 13.477, 12.262, 11.392, 10.563, 9.504, 9.251, 8.78, 8.45, 8.07, 7.462, 5.748, 2.962, 0.0, 1.795, 2.617, 3.665, 5.274, 7.33, 8.725, 9.412, 10.793, 11.329, 11.659, 12.469, 13.582, 15.722, 16.808, 16.804, 16.549, 17.225, 17.507, 17.889, 18.248, 18.482, 18.92, 19.353, 19.711, 20.162, 20.536, 20.948, 21.139, 21.152, 21.345, 21.311, 21.428, 21.781, 21.984, 21.915, 21.806, 21.425, 21.343, 21.348, 21.415, 21.067, 21.242, 21.732, 22.481, 23.71, 24.229, 24.394, 23.636, 21.505, 19.28, 18.9, 19.044, 18.443, 18.081, 18.026, 18.081, 18.178, 18.189, 18.047, 17.947, 17.719, 17.731, 17.789, 17.643, 17.299, 17.069, 16.952, 17.166, 17.803, 18.016, 18.119, 17.963], [14.36, 14.131, 12.914, 12.078, 11.249, 10.156, 9.898, 9.453, 9.149, 8.789, 8.197, 6.474, 4.037, 1.795, 0.0, 1.597, 3.168, 4.949, 6.952, 8.357, 9.032, 10.409, 10.997, 11.366, 12.177, 13.225, 15.353, 16.46, 16.497, 16.384, 17.197, 17.43, 17.729, 18.083, 18.322, 18.763, 19.193, 19.551, 20.016, 20.405, 20.85, 21.064, 21.084, 21.286, 21.261, 21.397, 21.751, 21.985, 21.963, 21.872, 21.49, 21.406, 21.409, 21.493, 21.15, 21.333, 21.833, 22.643, 23.964, 24.549, 24.752, 24.006, 21.867, 19.579, 19.131, 19.271, 18.657, 18.286, 18.223, 18.274, 18.367, 18.365, 18.22, 18.126, 17.908, 17.941, 18.004, 17.856, 17.502, 17.243, 17.088, 17.286, 17.912, 18.102, 18.189, 18.013], [14.586, 14.371, 13.184, 12.363, 11.561, 10.498, 10.249, 9.819, 9.495, 9.111, 8.521, 6.828, 4.438, 2.617, 1.597, 0.0, 2.242, 4.447, 6.581, 8.056, 8.767, 10.133, 10.727, 11.118, 11.953, 12.989, 15.152, 16.288, 16.334, 16.22, 17.03, 17.253, 17.548, 17.907, 18.152, 18.581, 18.996, 19.351, 19.813, 20.204, 20.663, 20.888, 20.918, 21.126, 21.106, 21.241, 21.609, 21.85, 21.83, 21.769, 21.401, 21.317, 21.32, 21.407, 21.06, 21.25, 21.752, 22.575, 23.912, 24.514, 24.747, 24.017, 21.876, 19.571, 19.114, 19.26, 18.61, 18.212, 18.138, 18.187, 18.289, 18.293, 18.16, 18.074, 17.852, 17.889, 17.961, 17.817, 17.465, 17.224, 17.081, 17.289, 17.926, 18.109, 18.196, 18.016], [14.637, 14.457, 13.355, 12.561, 11.809, 10.807, 10.562, 10.177, 9.893, 9.445, 8.833, 7.279, 5.171, 3.665, 3.168, 2.242, 0.0, 2.973, 5.718, 7.393, 8.262, 9.865, 10.503, 10.836, 11.667, 12.647, 14.785, 15.941, 16.028, 15.89, 16.666, 16.92, 17.26, 17.643, 17.894, 18.376, 18.82, 19.165, 19.601, 19.98, 20.445, 20.682, 20.727, 20.948, 20.935, 21.087, 21.469, 21.747, 21.73, 21.676, 21.384, 21.34, 21.363, 21.453, 21.108, 21.23, 21.701, 22.492, 23.768, 24.344, 24.591, 23.872, 21.748, 19.518, 19.128, 19.271, 18.64, 18.251, 18.19, 18.196, 18.235, 18.243, 18.135, 18.056, 17.819, 17.849, 17.929, 17.801, 17.473, 17.22, 17.081, 17.276, 17.902, 18.097, 18.185, 18.013], [15.196, 15.086, 14.052, 13.249, 12.53, 11.601, 11.36, 10.982, 10.715, 10.304, 9.682, 8.242, 6.457, 5.274, 4.949, 4.447, 2.973, 0.0, 3.607, 5.834, 6.938, 8.875, 9.612, 9.949, 10.776, 11.855, 14.123, 15.32, 15.414, 15.212, 15.972, 16.233, 16.588, 16.987, 17.244, 17.756, 18.248, 18.618, 19.05, 19.434, 19.925, 20.213, 20.304, 20.549, 20.531, 20.66, 21.043, 21.332, 21.311, 21.254, 21.008, 21.016, 21.063, 21.166, 20.845, 20.996, 21.485, 22.299, 23.608, 24.222, 24.505, 23.804, 21.71, 19.483, 19.068, 19.203, 18.602, 18.254, 18.227, 18.253, 18.268, 18.257, 18.146, 18.07, 17.842, 17.871, 17.958, 17.864, 17.581, 17.35, 17.187, 17.355, 17.989, 18.201, 18.267, 18.083], [16.785, 16.693, 15.652, 14.872, 14.197, 13.255, 13.046, 12.75, 12.516, 12.18, 11.596, 10.154, 8.492, 7.33, 6.952, 6.581, 5.718, 3.607, 0.0, 2.79, 4.481, 7.13, 8.152, 8.539, 9.361, 10.305, 12.687, 13.953, 14.052, 14.065, 15.177, 15.44, 15.738, 16.191, 16.486, 17.03, 17.512, 17.88, 18.313, 18.683, 19.155, 19.452, 19.558, 19.815, 19.822, 20.013, 20.436, 20.773, 20.784, 20.744, 20.466, 20.484, 20.552, 20.712, 20.405, 20.576, 21.084, 21.98, 23.51, 24.37, 24.854, 24.229, 22.134, 19.734, 19.158, 19.292, 18.65, 18.283, 18.243, 18.309, 18.359, 18.291, 18.142, 18.084, 17.911, 17.96, 18.019, 17.922, 17.654, 17.436, 17.232, 17.392, 18.045, 18.231, 18.262, 18.037], [17.701, 17.605, 16.542, 15.796, 15.151, 14.213, 14.05, 13.861, 13.705, 13.399, 12.852, 11.471, 9.876, 8.725, 8.357, 8.056, 7.393, 5.834, 2.79, 0.0, 2.629, 6.192, 7.514, 7.908, 8.589, 9.148, 11.477, 12.784, 12.957, 13.236, 14.668, 14.969, 15.264, 15.785, 16.107, 16.7, 17.177, 17.516, 17.932, 18.254, 18.648, 18.897, 18.98, 19.231, 19.271, 19.563, 20.037, 20.453, 20.51, 20.475, 20.165, 20.196, 20.288, 20.511, 20.218, 20.347, 20.832, 21.762, 23.439, 24.485, 25.13, 24.609, 22.572, 20.124, 19.476, 19.601, 18.943, 18.551, 18.481, 18.551, 18.604, 18.481, 18.303, 18.272, 18.162, 18.228, 18.254, 18.143, 17.889, 17.675, 17.452, 17.611, 18.249, 18.399, 18.399, 18.14], [17.854, 17.799, 16.755, 16.052, 15.422, 14.474, 14.341, 14.21, 14.093, 13.827, 13.307, 11.971, 10.452, 9.412, 9.032, 8.767, 8.262, 6.938, 4.481, 2.629, 0.0, 4.253, 6.07, 6.656, 7.278, 8.028, 10.774, 12.157, 12.345, 12.699, 14.258, 14.585, 14.849, 15.354, 15.687, 16.296, 16.802, 17.136, 17.556, 17.888, 18.283, 18.542, 18.641, 18.88, 18.913, 19.22, 19.697, 20.117, 20.181, 20.169, 19.855, 19.904, 20.01, 20.252, 20.015, 20.282, 20.825, 21.789, 23.532, 24.585, 25.25, 24.811, 22.837, 20.407, 19.775, 19.909, 19.214, 18.801, 18.74, 18.855, 18.893, 18.676, 18.45, 18.428, 18.353, 18.433, 18.448, 18.354, 18.123, 17.952, 17.725, 17.899, 18.558, 18.68, 18.653, 18.374], [18.237, 18.249, 17.293, 16.692, 16.119, 15.237, 15.114, 14.988, 14.85, 14.651, 14.193, 12.969, 11.611, 10.793, 10.409, 10.133, 9.865, 8.875, 7.13, 6.192, 4.253, 0.0, 2.872, 4.463, 5.352, 7.334, 11.045, 12.505, 12.602, 12.9, 14.436, 14.782, 14.964, 15.385, 15.741, 16.286, 16.784, 17.106, 17.526, 17.896, 18.333, 18.625, 18.788, 19.013, 19.045, 19.296, 19.715, 20.086, 20.126, 20.187, 19.89, 19.944, 20.036, 20.268, 20.108, 20.693, 21.377, 22.364, 24.122, 25.097, 25.657, 25.215, 23.32, 21.006, 20.442, 20.594, 19.842, 19.409, 19.405, 19.678, 19.782, 19.492, 19.21, 19.183, 19.115, 19.189, 19.178, 19.117, 18.912, 18.83, 18.632, 18.803, 19.465, 19.56, 19.507, 19.228], [18.374, 18.389, 17.477, 16.887, 16.322, 15.496, 15.374, 15.237, 15.103, 14.92, 14.49, 13.345, 12.07, 11.329, 10.997, 10.727, 10.503, 9.612, 8.152, 7.514, 6.07, 2.872, 0.0, 2.513, 4.062, 6.951, 11.069, 12.571, 12.612, 12.836, 14.364, 14.759, 14.955, 15.377, 15.755, 16.275, 16.771, 17.101, 17.513, 17.873, 18.322, 18.655, 18.862, 19.087, 19.121, 19.342, 19.726, 20.081, 20.114, 20.2, 19.921, 19.977, 20.059, 20.283, 20.122, 20.79, 21.539, 22.539, 24.302, 25.274, 25.794, 25.287, 23.383, 21.123, 20.589, 20.737, 19.996, 19.583, 19.607, 19.927, 20.058, 19.773, 19.482, 19.455, 19.378, 19.423, 19.393, 19.334, 19.134, 19.065, 18.891, 19.065, 19.718, 19.808, 19.745, 19.475], [18.501, 18.513, 17.609, 17.007, 16.473, 15.676, 15.558, 15.442, 15.341, 15.165, 14.746, 13.647, 12.385, 11.659, 11.366, 11.118, 10.836, 9.949, 8.539, 7.908, 6.656, 4.463, 2.513, 0.0, 2.466, 6.182, 10.56, 12.149, 12.251, 12.504, 14.088, 14.536, 14.779, 15.236, 15.629, 16.192, 16.714, 17.04, 17.435, 17.781, 18.224, 18.557, 18.763, 18.99, 19.028, 19.255, 19.648, 19.998, 20.007, 20.085, 19.84, 19.922, 20.018, 20.228, 20.02, 20.623, 21.382, 22.425, 24.217, 25.217, 25.769, 25.306, 23.425, 21.161, 20.615, 20.751, 20.044, 19.661, 19.689, 19.957, 20.041, 19.764, 19.49, 19.465, 19.385, 19.421, 19.389, 19.335, 19.154, 19.086, 18.914, 19.113, 19.781, 19.858, 19.768, 19.493], [19.034, 19.067, 18.162, 17.577, 17.081, 16.301, 16.206, 16.167, 16.105, 15.922, 15.515, 14.454, 13.208, 12.469, 12.177, 11.953, 11.667, 10.776, 9.361, 8.589, 7.278, 5.352, 4.062, 2.466, 0.0, 4.747, 9.668, 11.369, 11.564, 12.058, 13.772, 14.143, 14.353, 14.843, 15.256, 15.861, 16.404, 16.716, 17.105, 17.464, 17.918, 18.229, 18.419, 18.653, 18.702, 18.957, 19.376, 19.743, 19.75, 19.84, 19.61, 19.727, 19.85, 20.087, 19.888, 20.483, 21.241, 22.336, 24.216, 25.305, 25.94, 25.581, 23.747, 21.462, 20.893, 21.033, 20.338, 19.96, 19.978, 20.229, 20.297, 20.02, 19.759, 19.744, 19.691, 19.753, 19.73, 19.68, 19.522, 19.466, 19.271, 19.46, 20.11, 20.149, 20.024, 19.726], [20.317, 20.311, 19.36, 18.793, 18.236, 17.392, 17.324, 17.399, 17.435, 17.213, 16.794, 15.696, 14.439, 13.582, 13.225, 12.989, 12.647, 11.855, 10.305, 9.148, 8.028, 7.334, 6.951, 6.182, 4.747, 0.0, 5.594, 7.832, 8.62, 10.322, 12.845, 13.033, 13.123, 13.798, 14.265, 14.946, 15.417, 15.655, 16.037, 16.367, 16.793, 17.077, 17.228, 17.473, 17.604, 18.057, 18.578, 19.163, 19.315, 19.412, 19.154, 19.294, 19.454, 19.819, 19.657, 20.096, 20.745, 21.83, 23.889, 25.338, 26.317, 26.116, 24.266, 21.85, 21.171, 21.296, 20.596, 20.17, 20.093, 20.212, 20.264, 20.028, 19.82, 19.843, 19.837, 19.889, 19.812, 19.699, 19.514, 19.384, 19.123, 19.252, 19.81, 19.796, 19.67, 19.338], [22.16, 22.107, 21.182, 20.648, 20.052, 19.204, 19.143, 19.26, 19.375, 19.137, 18.732, 17.686, 16.567, 15.722, 15.353, 15.152, 14.785, 14.123, 12.687, 11.477, 10.774, 11.045, 11.069, 10.56, 9.668, 5.594, 0.0, 3.266, 5.861, 9.652, 12.99, 13.04, 13.046, 13.88, 14.338, 15.051, 15.357, 15.46, 15.789, 16.018, 16.319, 16.507, 16.565, 16.796, 17.037, 17.721, 18.313, 19.125, 19.454, 19.551, 19.313, 19.49, 19.673, 20.145, 20.024, 20.207, 20.655, 21.628, 23.772, 25.572, 26.863, 26.803, 25.066, 22.649, 21.822, 21.867, 21.226, 20.806, 20.653, 20.626, 20.643, 20.434, 20.283, 20.349, 20.401, 20.443, 20.322, 20.149, 19.948, 19.745, 19.435, 19.48, 19.894, 19.823, 19.681, 19.312], [22.992, 22.931, 22.05, 21.538, 20.944, 20.113, 20.052, 20.177, 20.321, 20.089, 19.689, 18.675, 17.625, 16.808, 16.46, 16.288, 15.941, 15.32, 13.953, 12.784, 12.157, 12.505, 12.571, 12.149, 11.369, 7.832, 3.266, 0.0, 4.067, 9.346, 13.101, 13.135, 13.126, 13.996, 14.445, 15.169, 15.437, 15.506, 15.816, 15.981, 16.165, 16.276, 16.296, 16.511, 16.796, 17.583, 18.187, 19.034, 19.415, 19.522, 19.321, 19.532, 19.71, 20.198, 20.123, 20.253, 20.654, 21.587, 23.704, 25.538, 26.895, 26.891, 25.239, 22.907, 22.07, 22.081, 21.472, 21.076, 20.931, 20.889, 20.883, 20.628, 20.464, 20.546, 20.642, 20.714, 20.598, 20.419, 20.215, 19.996, 19.682, 19.701, 20.065, 19.967, 19.787, 19.401], [22.737, 22.674, 21.831, 21.338, 20.732, 19.926, 19.873, 20.003, 20.169, 19.955, 19.547, 18.566, 17.577, 16.804, 16.497, 16.334, 16.028, 15.414, 14.052, 12.957, 12.345, 12.602, 12.612, 12.251, 11.564, 8.62, 5.861, 4.067, 0.0, 6.472, 10.96, 11.165, 11.219, 12.19, 12.689, 13.486, 13.854, 13.989, 14.35, 14.526, 14.661, 14.806, 14.872, 15.083, 15.359, 16.171, 16.782, 17.678, 18.076, 18.195, 18.021, 18.27, 18.437, 18.921, 18.911, 19.159, 19.67, 20.641, 22.747, 24.56, 26.011, 26.098, 24.508, 22.34, 21.655, 21.712, 21.108, 20.705, 20.564, 20.562, 20.549, 20.221, 19.989, 20.05, 20.165, 20.252, 20.136, 19.956, 19.759, 19.57, 19.264, 19.305, 19.682, 19.584, 19.367, 18.984], [21.407, 21.383, 20.668, 20.229, 19.638, 18.97, 18.937, 19.079, 19.263, 19.075, 18.684, 17.918, 17.117, 16.549, 16.384, 16.22, 15.89, 15.212, 14.065, 13.236, 12.699, 12.9, 12.836, 12.504, 12.058, 10.322, 9.652, 9.346, 6.472, 0.0, 5.428, 6.635, 7.47, 8.693, 9.146, 10.18, 10.989, 11.37, 11.846, 12.109, 12.386, 12.875, 13.093, 13.279, 13.308, 13.893, 14.364, 15.213, 15.631, 15.712, 15.683, 16.026, 16.216, 16.544, 16.609, 16.978, 17.664, 18.549, 20.366, 21.998, 23.54, 23.84, 22.559, 20.971, 20.764, 20.971, 20.454, 20.09, 19.978, 20.028, 19.978, 19.6, 19.309, 19.32, 19.403, 19.448, 19.337, 19.187, 19.06, 18.974, 18.712, 18.803, 19.187, 19.143, 18.938, 18.639], [20.685, 20.711, 20.174, 19.804, 19.301, 18.837, 18.822, 18.959, 19.143, 18.969, 18.638, 18.16, 17.574, 17.225, 17.197, 17.03, 16.666, 15.972, 15.177, 14.668, 14.258, 14.436, 14.364, 14.088, 13.772, 12.845, 12.99, 13.101, 10.96, 5.428, 0.0, 3.124, 5.791, 7.151, 7.429, 8.435, 9.633, 10.255, 10.744, 11.06, 11.532, 12.375, 12.731, 12.882, 12.616, 12.772, 13.069, 13.74, 14.057, 14.064, 14.259, 14.725, 14.98, 15.121, 15.268, 15.694, 16.451, 17.131, 18.453, 19.796, 21.289, 21.733, 20.803, 19.964, 20.278, 20.639, 20.273, 20.002, 19.934, 20.028, 19.957, 19.606, 19.337, 19.339, 19.399, 19.419, 19.354, 19.268, 19.234, 19.264, 19.08, 19.192, 19.543, 19.551, 19.397, 19.199], [21.26, 21.301, 20.743, 20.361, 19.86, 19.378, 19.341, 19.442, 19.588, 19.399, 19.067, 18.546, 17.915, 17.507, 17.43, 17.253, 16.92, 16.233, 15.44, 14.969, 14.585, 14.782, 14.759, 14.536, 14.143, 13.033, 13.04, 13.135, 11.165, 6.635, 3.124, 0.0, 3.612, 5.5, 5.853, 6.837, 8.149, 8.926, 9.527, 9.933, 10.613, 11.642, 12.067, 12.261, 11.976, 12.103, 12.501, 13.26, 13.604, 13.65, 13.856, 14.347, 14.627, 14.847, 15.064, 15.604, 16.388, 17.167, 18.607, 20.038, 21.525, 21.888, 20.864, 19.911, 20.157, 20.538, 20.143, 19.859, 19.787, 19.919, 19.903, 19.586, 19.354, 19.393, 19.482, 19.534, 19.495, 19.411, 19.371, 19.419, 19.227, 19.319, 19.656, 19.629, 19.455, 19.23], [22.063, 22.134, 21.555, 21.171, 20.654, 20.108, 20.054, 20.129, 20.237, 20.048, 19.705, 19.097, 18.396, 17.889, 17.729, 17.548, 17.26, 16.588, 15.738, 15.264, 14.849, 14.964, 14.955, 14.779, 14.353, 13.123, 13.046, 13.126, 11.219, 7.47, 5.791, 3.612, 0.0, 2.702, 3.418, 4.594, 6.419, 7.559, 8.444, 9.081, 10.072, 11.254, 11.768, 12.029, 11.778, 11.922, 12.389, 13.213, 13.627, 13.781, 14.015, 14.493, 14.768, 15.072, 15.306, 16.024, 16.887, 17.872, 19.585, 21.119, 22.512, 22.709, 21.582, 20.377, 20.389, 20.712, 20.242, 19.951, 19.919, 20.138, 20.213, 19.902, 19.667, 19.73, 19.829, 19.888, 19.865, 19.79, 19.739, 19.786, 19.567, 19.656, 20.017, 19.972, 19.771, 19.505], [22.188, 22.272, 21.752, 21.402, 20.914, 20.39, 20.341, 20.405, 20.498, 20.323, 19.999, 19.42, 18.735, 18.248, 18.083, 17.907, 17.643, 16.987, 16.191, 15.785, 15.354, 15.385, 15.377, 15.236, 14.843, 13.798, 13.88, 13.996, 12.19, 8.693, 7.151, 5.5, 2.702, 0.0, 1.588, 3.594, 5.981, 7.342, 8.368, 9.216, 10.353, 11.49, 12.008, 12.291, 12.033, 12.066, 12.52, 13.243, 13.602, 13.802, 14.132, 14.629, 14.93, 15.203, 15.418, 16.253, 17.183, 18.248, 20.008, 21.507, 22.806, 22.939, 21.818, 20.64, 20.637, 20.952, 20.495, 20.243, 20.257, 20.513, 20.62, 20.288, 20.032, 20.083, 20.174, 20.239, 20.237, 20.197, 20.164, 20.227, 20.014, 20.103, 20.467, 20.438, 20.249, 19.986], [22.287, 22.385, 21.873, 21.519, 21.044, 20.538, 20.477, 20.53, 20.616, 20.446, 20.137, 19.591, 18.941, 18.482, 18.322, 18.152, 17.894, 17.244, 16.486, 16.107, 15.687, 15.741, 15.755, 15.629, 15.256, 14.265, 14.338, 14.445, 12.689, 9.146, 7.429, 5.853, 3.418, 1.588, 0.0, 3.153, 5.959, 7.403, 8.484, 9.374, 10.525, 11.679, 12.169, 12.447, 12.174, 12.237, 12.662, 13.326, 13.734, 13.92, 14.272, 14.779, 15.09, 15.346, 15.595, 16.399, 17.3, 18.343, 20.053, 21.52, 22.809, 22.961, 21.887, 20.792, 20.811, 21.126, 20.682, 20.445, 20.477, 20.735, 20.826, 20.477, 20.215, 20.263, 20.353, 20.413, 20.414, 20.376, 20.347, 20.415, 20.203, 20.292, 20.639, 20.61, 20.423, 20.164], [22.588, 22.729, 22.242, 21.9, 21.426, 20.944, 20.882, 20.903, 20.954, 20.793, 20.496, 19.979, 19.355, 18.92, 18.763, 18.581, 18.376, 17.756, 17.03, 16.7, 16.296, 16.286, 16.275, 16.192, 15.861, 14.946, 15.051, 15.169, 13.486, 10.18, 8.435, 6.837, 4.594, 3.594, 3.153, 0.0, 3.611, 5.656, 6.919, 7.931, 9.359, 10.771, 11.435, 11.731, 11.464, 11.434, 11.866, 12.591, 13.002, 13.215, 13.577, 14.122, 14.438, 14.734, 15.037, 16.004, 16.935, 18.02, 19.871, 21.519, 22.878, 22.998, 21.934, 20.821, 20.814, 21.119, 20.658, 20.427, 20.472, 20.84, 21.006, 20.668, 20.399, 20.45, 20.535, 20.589, 20.596, 20.558, 20.542, 20.673, 20.488, 20.601, 20.976, 20.953, 20.764, 20.517], [22.969, 23.117, 22.674, 22.381, 21.916, 21.429, 21.372, 21.37, 21.393, 21.239, 20.951, 20.421, 19.801, 19.353, 19.193, 18.996, 18.82, 18.248, 17.512, 17.177, 16.802, 16.784, 16.771, 16.714, 16.404, 15.417, 15.357, 15.437, 13.854, 10.989, 9.633, 8.149, 6.419, 5.981, 5.959, 3.611, 0.0, 2.605, 4.342, 5.833, 7.775, 9.471, 10.309, 10.585, 10.344, 10.365, 10.905, 11.936, 12.474, 12.749, 13.102, 13.655, 13.95, 14.302, 14.633, 15.709, 16.638, 17.688, 19.7, 21.634, 23.193, 23.329, 22.237, 21.041, 20.938, 21.226, 20.736, 20.487, 20.478, 20.86, 21.093, 20.79, 20.534, 20.576, 20.64, 20.67, 20.65, 20.61, 20.593, 20.739, 20.568, 20.692, 21.067, 21.021, 20.838, 20.594], [23.205, 23.345, 22.921, 22.676, 22.247, 21.768, 21.709, 21.703, 21.72, 21.575, 21.306, 20.786, 20.167, 19.711, 19.551, 19.351, 19.165, 18.618, 17.88, 17.516, 17.136, 17.106, 17.101, 17.04, 16.716, 15.655, 15.46, 15.506, 13.989, 11.37, 10.255, 8.926, 7.559, 7.342, 7.403, 5.656, 2.605, 0.0, 2.276, 4.446, 6.886, 8.795, 9.724, 9.96, 9.76, 9.952, 10.576, 11.769, 12.401, 12.726, 13.104, 13.657, 13.93, 14.28, 14.615, 15.696, 16.605, 17.612, 19.707, 21.788, 23.463, 23.661, 22.599, 21.428, 21.308, 21.588, 21.09, 20.835, 20.79, 21.121, 21.352, 21.056, 20.804, 20.834, 20.876, 20.876, 20.82, 20.775, 20.756, 20.89, 20.717, 20.834, 21.184, 21.112, 20.93, 20.683], [23.427, 23.567, 23.154, 22.929, 22.551, 22.115, 22.053, 22.037, 22.055, 21.922, 21.673, 21.197, 20.604, 20.162, 20.016, 19.813, 19.601, 19.05, 18.313, 17.932, 17.556, 17.526, 17.513, 17.435, 17.105, 16.037, 15.789, 15.816, 14.35, 11.846, 10.744, 9.527, 8.444, 8.368, 8.484, 6.919, 4.342, 2.276, 0.0, 2.747, 5.807, 8.069, 9.157, 9.383, 9.242, 9.504, 10.171, 11.48, 12.131, 12.468, 12.856, 13.425, 13.688, 14.033, 14.381, 15.476, 16.387, 17.381, 19.548, 21.745, 23.495, 23.745, 22.739, 21.649, 21.581, 21.861, 21.379, 21.137, 21.089, 21.4, 21.616, 21.311, 21.066, 21.105, 21.136, 21.111, 21.027, 20.981, 20.974, 21.115, 20.945, 21.052, 21.387, 21.306, 21.122, 20.885], [23.694, 23.819, 23.388, 23.155, 22.797, 22.39, 22.338, 22.323, 22.349, 22.225, 21.982, 21.529, 20.965, 20.536, 20.405, 20.204, 19.98, 19.434, 18.683, 18.254, 17.888, 17.896, 17.873, 17.781, 17.464, 16.367, 16.018, 15.981, 14.526, 12.109, 11.06, 9.933, 9.081, 9.216, 9.374, 7.931, 5.833, 4.446, 2.747, 0.0, 3.667, 6.571, 7.957, 8.21, 8.115, 8.445, 9.116, 10.648, 11.398, 11.728, 12.104, 12.699, 12.954, 13.369, 13.789, 14.892, 15.83, 16.828, 19.077, 21.416, 23.274, 23.577, 22.615, 21.612, 21.615, 21.91, 21.46, 21.222, 21.146, 21.423, 21.62, 21.311, 21.076, 21.161, 21.236, 21.206, 21.086, 21.022, 21.02, 21.159, 20.992, 21.09, 21.401, 21.297, 21.103, 20.869], [23.888, 23.971, 23.533, 23.311, 22.971, 22.588, 22.568, 22.589, 22.647, 22.546, 22.303, 21.859, 21.337, 20.948, 20.85, 20.663, 20.445, 19.925, 19.155, 18.648, 18.283, 18.333, 18.322, 18.224, 17.918, 16.793, 16.319, 16.165, 14.661, 12.386, 11.532, 10.613, 10.072, 10.353, 10.525, 9.359, 7.775, 6.886, 5.807, 3.667, 0.0, 3.645, 5.6, 5.957, 6.046, 6.774, 7.526, 9.35, 10.32, 10.635, 10.953, 11.578, 11.885, 12.484, 13.079, 14.198, 15.178, 16.192, 18.546, 21.056, 23.065, 23.428, 22.501, 21.618, 21.712, 22.031, 21.637, 21.406, 21.3, 21.513, 21.652, 21.32, 21.072, 21.194, 21.371, 21.393, 21.254, 21.157, 21.149, 21.278, 21.123, 21.225, 21.483, 21.336, 21.124, 20.873], [23.836, 23.887, 23.456, 23.26, 22.948, 22.584, 22.585, 22.657, 22.762, 22.68, 22.439, 21.992, 21.488, 21.139, 21.064, 20.888, 20.682, 20.213, 19.452, 18.897, 18.542, 18.625, 18.655, 18.557, 18.229, 17.077, 16.507, 16.276, 14.806, 12.875, 12.375, 11.642, 11.254, 11.49, 11.679, 10.771, 9.471, 8.795, 8.069, 6.571, 3.645, 0.0, 2.55, 3.179, 3.761, 5.31, 6.27, 8.322, 9.456, 9.82, 10.137, 10.755, 11.108, 11.868, 12.557, 13.703, 14.706, 15.785, 18.295, 20.965, 23.076, 23.453, 22.51, 21.633, 21.773, 22.101, 21.75, 21.537, 21.429, 21.6, 21.689, 21.31, 21.025, 21.136, 21.398, 21.531, 21.444, 21.331, 21.322, 21.466, 21.336, 21.441, 21.663, 21.484, 21.248, 20.967], [23.759, 23.798, 23.36, 23.168, 22.87, 22.511, 22.509, 22.605, 22.745, 22.673, 22.434, 21.978, 21.481, 21.152, 21.084, 20.918, 20.727, 20.304, 19.558, 18.98, 18.641, 18.788, 18.862, 18.763, 18.419, 17.228, 16.565, 16.296, 14.872, 13.093, 12.731, 12.067, 11.768, 12.008, 12.169, 11.435, 10.309, 9.724, 9.157, 7.957, 5.6, 2.55, 0.0, 1.161, 2.37, 4.637, 5.799, 7.923, 9.149, 9.465, 9.718, 10.326, 10.701, 11.508, 12.193, 13.239, 14.201, 15.298, 17.885, 20.667, 22.897, 23.349, 22.433, 21.559, 21.732, 22.069, 21.753, 21.555, 21.434, 21.551, 21.588, 21.163, 20.847, 20.94, 21.234, 21.435, 21.398, 21.281, 21.272, 21.426, 21.304, 21.407, 21.605, 21.403, 21.146, 20.845], [23.847, 23.881, 23.451, 23.268, 22.98, 22.632, 22.632, 22.73, 22.881, 22.825, 22.599, 22.157, 21.668, 21.345, 21.286, 21.126, 20.948, 20.549, 19.815, 19.231, 18.88, 19.013, 19.087, 18.99, 18.653, 17.473, 16.796, 16.511, 15.083, 13.279, 12.882, 12.261, 12.029, 12.291, 12.447, 11.731, 10.585, 9.96, 9.383, 8.21, 5.957, 3.179, 1.161, 0.0, 1.894, 4.458, 5.716, 7.909, 9.136, 9.441, 9.634, 10.236, 10.597, 11.384, 12.076, 13.121, 14.049, 15.068, 17.63, 20.455, 22.75, 23.262, 22.407, 21.59, 21.795, 22.145, 21.835, 21.634, 21.502, 21.612, 21.644, 21.207, 20.881, 20.969, 21.264, 21.459, 21.414, 21.298, 21.293, 21.462, 21.354, 21.462, 21.652, 21.444, 21.189, 20.894], [23.724, 23.765, 23.351, 23.165, 22.875, 22.54, 22.549, 22.656, 22.814, 22.759, 22.538, 22.115, 21.63, 21.311, 21.261, 21.106, 20.935, 20.531, 19.822, 19.271, 18.913, 19.045, 19.121, 19.028, 18.702, 17.604, 17.037, 16.796, 15.359, 13.308, 12.616, 11.976, 11.778, 12.033, 12.174, 11.464, 10.344, 9.76, 9.242, 8.115, 6.046, 3.761, 2.37, 1.894, 0.0, 2.974, 4.493, 6.876, 8.185, 8.535, 8.891, 9.557, 9.917, 10.623, 11.311, 12.402, 13.386, 14.345, 16.811, 19.632, 22.043, 22.705, 21.952, 21.211, 21.489, 21.877, 21.578, 21.374, 21.215, 21.302, 21.333, 20.908, 20.584, 20.675, 20.981, 21.183, 21.158, 21.056, 21.079, 21.276, 21.172, 21.292, 21.494, 21.292, 21.044, 20.767], [23.611, 23.666, 23.29, 23.095, 22.8, 22.51, 22.537, 22.648, 22.799, 22.742, 22.532, 22.169, 21.722, 21.428, 21.397, 21.241, 21.087, 20.66, 20.013, 19.563, 19.22, 19.296, 19.342, 19.255, 18.957, 18.057, 17.721, 17.583, 16.171, 13.893, 12.772, 12.103, 11.922, 12.066, 12.237, 11.434, 10.365, 9.952, 9.504, 8.445, 6.774, 5.31, 4.637, 4.458, 2.974, 0.0, 2.601, 5.38, 6.552, 6.995, 7.651, 8.464, 8.861, 9.514, 10.208, 11.605, 12.791, 13.765, 16.139, 18.913, 21.387, 22.165, 21.51, 20.832, 21.176, 21.594, 21.312, 21.128, 20.951, 21.044, 21.111, 20.728, 20.427, 20.535, 20.844, 21.043, 21.058, 20.994, 21.06, 21.339, 21.256, 21.399, 21.646, 21.461, 21.209, 20.963], [23.622, 23.692, 23.353, 23.171, 22.879, 22.607, 22.643, 22.757, 22.9, 22.844, 22.633, 22.314, 21.987, 21.781, 21.751, 21.609, 21.469, 21.043, 20.436, 20.037, 19.697, 19.715, 19.726, 19.648, 19.376, 18.578, 18.313, 18.187, 16.782, 14.364, 13.069, 12.501, 12.389, 12.52, 12.662, 11.866, 10.905, 10.576, 10.171, 9.116, 7.526, 6.27, 5.799, 5.716, 4.493, 2.601, 0.0, 3.625, 5.408, 5.953, 6.983, 7.904, 8.314, 8.96, 9.843, 11.441, 12.784, 13.775, 16.066, 18.744, 21.161, 21.941, 21.344, 20.819, 21.27, 21.71, 21.477, 21.344, 21.192, 21.288, 21.339, 20.949, 20.65, 20.769, 21.081, 21.277, 21.284, 21.223, 21.307, 21.609, 21.545, 21.681, 21.909, 21.73, 21.476, 21.251], [23.496, 23.574, 23.266, 23.083, 22.797, 22.549, 22.6, 22.729, 22.877, 22.829, 22.612, 22.325, 22.072, 21.984, 21.985, 21.85, 21.747, 21.332, 20.773, 20.453, 20.117, 20.086, 20.081, 19.998, 19.743, 19.163, 19.125, 19.034, 17.678, 15.213, 13.74, 13.26, 13.213, 13.243, 13.326, 12.591, 11.936, 11.769, 11.48, 10.648, 9.35, 8.322, 7.923, 7.909, 6.876, 5.38, 3.625, 0.0, 2.921, 3.98, 5.623, 6.773, 7.232, 7.739, 8.795, 10.775, 12.368, 13.524, 15.806, 18.304, 20.618, 21.499, 21.024, 20.685, 21.276, 21.764, 21.596, 21.534, 21.433, 21.545, 21.547, 21.116, 20.806, 20.92, 21.236, 21.448, 21.473, 21.421, 21.539, 21.918, 21.882, 22.039, 22.276, 22.106, 21.842, 21.628], [23.303, 23.38, 23.095, 22.91, 22.637, 22.422, 22.481, 22.601, 22.75, 22.713, 22.51, 22.252, 21.975, 21.915, 21.963, 21.83, 21.73, 21.311, 20.784, 20.51, 20.181, 20.126, 20.114, 20.007, 19.75, 19.315, 19.454, 19.415, 18.076, 15.631, 14.057, 13.604, 13.627, 13.602, 13.734, 13.002, 12.474, 12.401, 12.131, 11.398, 10.32, 9.456, 9.149, 9.136, 8.185, 6.552, 5.408, 2.921, 0.0, 2.347, 4.778, 6.112, 6.618, 7.07, 7.969, 10.098, 11.813, 13.063, 15.389, 17.848, 20.149, 21.061, 20.581, 20.239, 20.894, 21.409, 21.253, 21.205, 21.114, 21.236, 21.236, 20.808, 20.504, 20.623, 20.949, 21.19, 21.252, 21.236, 21.382, 21.839, 21.846, 22.029, 22.34, 22.212, 21.956, 21.769], [23.104, 23.178, 22.905, 22.72, 22.449, 22.248, 22.307, 22.424, 22.573, 22.54, 22.339, 22.104, 21.849, 21.806, 21.872, 21.769, 21.676, 21.254, 20.744, 20.475, 20.169, 20.187, 20.2, 20.085, 19.84, 19.412, 19.551, 19.522, 18.195, 15.712, 14.064, 13.65, 13.781, 13.802, 13.92, 13.215, 12.749, 12.726, 12.468, 11.728, 10.635, 9.82, 9.465, 9.441, 8.535, 6.995, 5.953, 3.98, 2.347, 0.0, 3.22, 4.876, 5.604, 6.19, 7.23, 9.297, 11.054, 12.385, 14.841, 17.412, 19.735, 20.591, 20.065, 19.762, 20.48, 21.013, 20.919, 20.92, 20.85, 20.968, 20.959, 20.552, 20.267, 20.394, 20.727, 20.978, 21.052, 21.038, 21.183, 21.639, 21.659, 21.848, 22.171, 22.076, 21.84, 21.681], [22.887, 22.948, 22.625, 22.428, 22.15, 21.937, 21.992, 22.108, 22.243, 22.212, 22.006, 21.744, 21.467, 21.425, 21.49, 21.401, 21.384, 21.008, 20.466, 20.165, 19.855, 19.89, 19.921, 19.84, 19.61, 19.154, 19.313, 19.321, 18.021, 15.683, 14.259, 13.856, 14.015, 14.132, 14.272, 13.577, 13.102, 13.104, 12.856, 12.104, 10.953, 10.137, 9.718, 9.634, 8.891, 7.651, 6.983, 5.623, 4.778, 3.22, 0.0, 2.181, 3.41, 4.6, 6.022, 8.44, 10.279, 11.753, 14.538, 17.317, 19.655, 20.387, 19.718, 19.267, 19.92, 20.468, 20.369, 20.371, 20.293, 20.455, 20.504, 20.135, 19.869, 20.001, 20.342, 20.594, 20.665, 20.627, 20.739, 21.204, 21.236, 21.431, 21.752, 21.664, 21.471, 21.331], [22.876, 22.93, 22.599, 22.398, 22.112, 21.89, 21.936, 22.035, 22.149, 22.121, 21.921, 21.65, 21.376, 21.343, 21.406, 21.317, 21.34, 21.016, 20.484, 20.196, 19.904, 19.944, 19.977, 19.922, 19.727, 19.294, 19.49, 19.532, 18.27, 16.026, 14.725, 14.347, 14.493, 14.629, 14.779, 14.122, 13.655, 13.657, 13.425, 12.699, 11.578, 10.755, 10.326, 10.236, 9.557, 8.464, 7.904, 6.773, 6.112, 4.876, 2.181, 0.0, 1.783, 3.588, 5.301, 7.955, 9.884, 11.43, 14.348, 17.209, 19.56, 20.226, 19.495, 19.001, 19.66, 20.221, 20.123, 20.12, 20.023, 20.186, 20.262, 19.917, 19.665, 19.805, 20.155, 20.416, 20.49, 20.445, 20.548, 21.019, 21.071, 21.273, 21.589, 21.511, 21.352, 21.237], [22.94, 22.996, 22.655, 22.445, 22.145, 21.912, 21.953, 22.048, 22.159, 22.129, 21.929, 21.655, 21.38, 21.348, 21.409, 21.32, 21.363, 21.063, 20.552, 20.288, 20.01, 20.036, 20.059, 20.018, 19.85, 19.454, 19.673, 19.71, 18.437, 16.216, 14.98, 14.627, 14.768, 14.93, 15.09, 14.438, 13.95, 13.93, 13.688, 12.954, 11.885, 11.108, 10.701, 10.597, 9.917, 8.861, 8.314, 7.232, 6.618, 5.604, 3.41, 1.783, 0.0, 2.311, 4.359, 7.395, 9.47, 11.069, 14.077, 16.994, 19.429, 20.167, 19.491, 19.017, 19.67, 20.218, 20.104, 20.095, 19.985, 20.151, 20.238, 19.889, 19.635, 19.784, 20.134, 20.384, 20.437, 20.377, 20.48, 20.964, 21.027, 21.235, 21.556, 21.478, 21.315, 21.202], [22.798, 22.863, 22.557, 22.357, 22.074, 21.868, 21.916, 22.024, 22.145, 22.118, 21.924, 21.686, 21.422, 21.415, 21.493, 21.407, 21.453, 21.166, 20.712, 20.511, 20.252, 20.268, 20.283, 20.228, 20.087, 19.819, 20.145, 20.198, 18.921, 16.544, 15.121, 14.847, 15.072, 15.203, 15.346, 14.734, 14.302, 14.28, 14.033, 13.369, 12.484, 11.868, 11.508, 11.384, 10.623, 9.514, 8.96, 7.739, 7.07, 6.19, 4.6, 3.588, 2.311, 0.0, 2.715, 6.405, 8.733, 10.358, 13.321, 16.189, 18.691, 19.62, 19.152, 18.874, 19.624, 20.183, 20.078, 20.086, 19.982, 20.138, 20.219, 19.872, 19.611, 19.747, 20.075, 20.288, 20.325, 20.269, 20.399, 20.911, 20.986, 21.211, 21.539, 21.469, 21.311, 21.215], [22.555, 22.615, 22.296, 22.089, 21.798, 21.579, 21.635, 21.758, 21.891, 21.86, 21.663, 21.413, 21.101, 21.067, 21.15, 21.06, 21.108, 20.845, 20.405, 20.218, 20.015, 20.108, 20.122, 20.02, 19.888, 19.657, 20.024, 20.123, 18.911, 16.609, 15.268, 15.064, 15.306, 15.418, 15.595, 15.037, 14.633, 14.615, 14.381, 13.789, 13.079, 12.557, 12.193, 12.076, 11.311, 10.208, 9.843, 8.795, 7.969, 7.23, 6.022, 5.301, 4.359, 2.715, 0.0, 4.486, 7.199, 9.191, 12.51, 15.558, 18.184, 19.212, 18.791, 18.398, 19.07, 19.603, 19.495, 19.509, 19.395, 19.507, 19.59, 19.286, 19.033, 19.167, 19.494, 19.707, 19.755, 19.703, 19.843, 20.369, 20.456, 20.702, 21.062, 21.002, 20.853, 20.767], [22.793, 22.807, 22.459, 22.262, 21.979, 21.747, 21.805, 21.95, 22.113, 22.057, 21.858, 21.619, 21.302, 21.242, 21.333, 21.25, 21.23, 20.996, 20.576, 20.347, 20.282, 20.693, 20.79, 20.623, 20.483, 20.096, 20.207, 20.253, 19.159, 16.978, 15.694, 15.604, 16.024, 16.253, 16.399, 16.004, 15.709, 15.696, 15.476, 14.892, 14.198, 13.703, 13.239, 13.121, 12.402, 11.605, 11.441, 10.775, 10.098, 9.297, 8.44, 7.955, 7.395, 6.405, 4.486, 0.0, 3.338, 6.293, 10.366, 14.008, 17.133, 18.483, 18.21, 17.863, 18.562, 19.069, 19.097, 19.157, 18.998, 18.893, 18.86, 18.635, 18.439, 18.588, 18.955, 19.185, 19.236, 19.148, 19.29, 19.74, 19.831, 20.091, 20.424, 20.385, 20.272, 20.218], [23.233, 23.215, 22.848, 22.653, 22.387, 22.163, 22.226, 22.385, 22.559, 22.491, 22.299, 22.086, 21.793, 21.732, 21.833, 21.752, 21.701, 21.485, 21.084, 20.832, 20.825, 21.377, 21.539, 21.382, 21.241, 20.745, 20.655, 20.654, 19.67, 17.664, 16.451, 16.388, 16.887, 17.183, 17.3, 16.935, 16.638, 16.605, 16.387, 15.83, 15.178, 14.706, 14.201, 14.049, 13.386, 12.791, 12.784, 12.368, 11.813, 11.054, 10.279, 9.884, 9.47, 8.733, 7.199, 3.338, 0.0, 4.017, 9.035, 13.335, 16.871, 18.457, 18.303, 17.991, 18.686, 19.17, 19.241, 19.301, 19.115, 18.924, 18.845, 18.65, 18.484, 18.631, 18.997, 19.2, 19.215, 19.082, 19.226, 19.663, 19.772, 20.04, 20.349, 20.318, 20.236, 20.192], [23.377, 23.329, 23.019, 22.867, 22.642, 22.507, 22.599, 22.781, 22.972, 22.911, 22.75, 22.658, 22.48, 22.481, 22.643, 22.575, 22.492, 22.299, 21.98, 21.762, 21.789, 22.364, 22.539, 22.425, 22.336, 21.83, 21.628, 21.587, 20.641, 18.549, 17.131, 17.167, 17.872, 18.248, 18.343, 18.02, 17.688, 17.612, 17.381, 16.828, 16.192, 15.785, 15.298, 15.068, 14.345, 13.765, 13.775, 13.524, 13.063, 12.385, 11.753, 11.43, 11.069, 10.358, 9.191, 6.293, 4.017, 0.0, 5.777, 11.06, 15.425, 17.543, 17.795, 17.946, 18.891, 19.396, 19.485, 19.488, 19.213, 18.929, 18.814, 18.642, 18.482, 18.606, 18.944, 19.062, 19.004, 18.846, 19.03, 19.522, 19.71, 19.977, 20.23, 20.22, 20.195, 20.207], [23.626, 23.549, 23.371, 23.293, 23.148, 23.169, 23.285, 23.47, 23.677, 23.616, 23.503, 23.612, 23.6, 23.71, 23.964, 23.912, 23.768, 23.608, 23.51, 23.439, 23.532, 24.122, 24.302, 24.217, 24.216, 23.889, 23.772, 23.704, 22.747, 20.366, 18.453, 18.607, 19.585, 20.008, 20.053, 19.871, 19.7, 19.707, 19.548, 19.077, 18.546, 18.295, 17.885, 17.63, 16.811, 16.139, 16.066, 15.806, 15.389, 14.841, 14.538, 14.348, 14.077, 13.321, 12.51, 10.366, 9.035, 5.777, 0.0, 6.345, 12.134, 15.406, 16.506, 17.56, 19.024, 19.61, 19.805, 19.782, 19.431, 19.022, 18.873, 18.813, 18.703, 18.804, 19.101, 19.152, 19.098, 18.975, 19.226, 19.787, 20.094, 20.347, 20.52, 20.57, 20.622, 20.747], [23.389, 23.297, 23.228, 23.191, 23.118, 23.251, 23.366, 23.534, 23.761, 23.708, 23.622, 23.869, 23.985, 24.229, 24.549, 24.514, 24.344, 24.222, 24.37, 24.485, 24.585, 25.097, 25.274, 25.217, 25.305, 25.338, 25.572, 25.538, 24.56, 21.998, 19.796, 20.038, 21.119, 21.507, 21.52, 21.519, 21.634, 21.788, 21.745, 21.416, 21.056, 20.965, 20.667, 20.455, 19.632, 18.913, 18.744, 18.304, 17.848, 17.412, 17.317, 17.209, 16.994, 16.189, 15.558, 14.008, 13.335, 11.06, 6.345, 0.0, 7.131, 12.128, 14.237, 16.157, 18.248, 18.946, 19.309, 19.358, 19.062, 18.666, 18.525, 18.573, 18.517, 18.616, 18.887, 18.944, 18.991, 18.969, 19.28, 19.896, 20.319, 20.563, 20.704, 20.838, 20.945, 21.169