[[0.0, 1.71, 3.536, 4.037, 5.161, 8.597, 10.351, 10.409, 10.466, 10.817, 11.292, 11.987, 12.42, 12.4, 12.197, 12.135, 12.354, 12.071, 12.979, 15.033, 15.951, 17.056, 17.414, 17.114, 17.456, 17.859, 17.628, 18.508, 20.559, 21.748, 22.073, 22.072, 23.796, 25.657, 25.534, 25.42, 25.499, 25.866, 25.732, 25.48, 25.079, 24.487, 24.421, 25.284, 26.621, 27.0, 26.793, 26.836, 26.782, 26.494, 26.589, 25.271, 22.703, 21.058, 20.868, 20.556, 20.471, 20.804, 21.224, 21.467, 20.612, 19.896, 19.36, 18.765, 18.682, 18.784, 19.054, 19.422, 19.377, 19.317, 19.33, 19.322, 19.501, 19.56, 19.627, 20.049, 20.117, 19.387, 18.661, 18.609, 18.859, 19.211, 19.88, 19.942, 19.491, 19.207], [1.71, 0.0, 2.207, 2.882, 4.094, 7.711, 9.552, 9.651, 9.725, 10.075, 10.565, 11.328, 11.8, 11.787, 11.581, 11.524, 11.768, 11.646, 12.879, 15.143, 16.129, 17.275, 17.64, 17.322, 17.619, 17.995, 17.808, 18.737, 20.81, 22.01, 22.343, 22.345, 24.076, 25.925, 25.81, 25.736, 25.838, 26.194, 26.061, 25.813, 25.403, 24.787, 24.71, 25.589, 26.961, 27.34, 27.138, 27.242, 27.217, 26.917, 27.012, 25.671, 23.069, 21.383, 21.169, 20.851, 20.764, 21.11, 21.533, 21.781, 20.918, 20.182, 19.608, 18.973, 18.869, 18.963, 19.201, 19.547, 19.487, 19.422, 19.431, 19.426, 19.612, 19.667, 19.748, 20.196, 20.272, 19.507, 18.694, 18.604, 18.88, 19.195, 19.829, 19.899, 19.45, 19.176], [3.536, 2.207, 0.0, 1.231, 2.612, 6.352, 8.346, 8.528, 8.637, 9.006, 9.52, 10.411, 10.989, 11.008, 10.806, 10.751, 11.056, 11.187, 12.864, 15.375, 16.443, 17.659, 18.029, 17.679, 17.922, 18.242, 18.109, 19.104, 21.181, 22.391, 22.732, 22.732, 24.447, 26.274, 26.162, 26.12, 26.287, 26.659, 26.52, 26.264, 25.839, 25.189, 25.101, 26.001, 27.433, 27.823, 27.613, 27.793, 27.812, 27.499, 27.595, 26.235, 23.598, 21.863, 21.605, 21.266, 21.185, 21.551, 21.98, 22.241, 21.35, 20.567, 19.938, 19.244, 19.108, 19.197, 19.399, 19.721, 19.638, 19.551, 19.555, 19.563, 19.778, 19.837, 19.945, 20.443, 20.527, 19.703, 18.741, 18.586, 18.909, 19.184, 19.788, 19.878, 19.427, 19.157], [4.037, 2.882, 1.231, 0.0, 2.19, 6.065, 8.025, 8.193, 8.303, 8.68, 9.214, 10.152, 10.823, 10.884, 10.692, 10.661, 10.994, 11.182, 12.928, 15.469, 16.559, 17.796, 18.168, 17.813, 18.034, 18.342, 18.21, 19.192, 21.249, 22.458, 22.803, 22.81, 24.539, 26.348, 26.236, 26.197, 26.386, 26.782, 26.644, 26.386, 25.961, 25.309, 25.22, 26.116, 27.551, 27.944, 27.735, 27.927, 27.94, 27.612, 27.706, 26.341, 23.699, 21.958, 21.687, 21.351, 21.274, 21.64, 22.072, 22.335, 21.449, 20.663, 20.026, 19.324, 19.186, 19.272, 19.466, 19.786, 19.706, 19.62, 19.626, 19.639, 19.857, 19.921, 20.034, 20.543, 20.634, 19.802, 18.817, 18.658, 18.994, 19.281, 19.892, 19.984, 19.541, 19.28], [5.161, 4.094, 2.612, 2.19, 0.0, 4.32, 6.614, 6.896, 7.026, 7.442, 8.055, 9.091, 9.867, 10.006, 9.824, 9.858, 10.329, 10.875, 12.982, 15.67, 16.805, 18.077, 18.426, 18.081, 18.265, 18.579, 18.621, 19.714, 21.798, 23.035, 23.386, 23.382, 25.119, 26.914, 26.815, 26.786, 26.986, 27.399, 27.267, 26.999, 26.568, 25.897, 25.805, 26.708, 28.181, 28.585, 28.385, 28.641, 28.666, 28.329, 28.433, 27.039, 24.392, 22.653, 22.361, 22.013, 21.939, 22.317, 22.756, 23.01, 22.107, 21.297, 20.624, 19.893, 19.746, 19.838, 19.974, 20.231, 20.122, 20.051, 20.064, 20.079, 20.34, 20.407, 20.542, 21.095, 21.185, 20.307, 19.199, 19.001, 19.394, 19.627, 20.2, 20.295, 19.845, 19.633], [8.597, 7.711, 6.352, 6.065, 4.32, 0.0, 2.913, 3.779, 4.142, 4.679, 5.553, 6.965, 8.034, 8.442, 8.478, 8.697, 9.379, 10.777, 13.811, 16.871, 18.147, 19.475, 19.771, 19.417, 19.507, 19.701, 20.052, 21.418, 23.477, 24.663, 24.967, 24.942, 26.603, 28.274, 28.195, 28.191, 28.421, 28.849, 28.721, 28.44, 27.992, 27.288, 27.192, 28.092, 29.627, 30.06, 29.847, 30.213, 30.277, 29.955, 30.078, 28.629, 26.005, 24.278, 23.919, 23.564, 23.538, 23.979, 24.396, 24.652, 23.721, 22.795, 22.01, 21.246, 21.105, 21.172, 21.164, 21.297, 21.14, 21.076, 21.085, 21.101, 21.427, 21.498, 21.685, 22.317, 22.399, 21.432, 20.069, 19.76, 20.273, 20.451, 20.96, 21.072, 20.655, 20.559], [10.351, 9.552, 8.346, 8.025, 6.614, 2.913, 0.0, 1.677, 2.585, 3.305, 4.407, 6.038, 7.228, 7.757, 8.018, 8.38, 9.09, 10.865, 14.396, 17.659, 18.978, 20.282, 20.545, 20.176, 20.235, 20.375, 20.814, 22.255, 24.26, 25.392, 25.659, 25.63, 27.24, 28.815, 28.737, 28.747, 28.99, 29.415, 29.279, 28.993, 28.544, 27.837, 27.741, 28.618, 30.153, 30.598, 30.364, 30.769, 30.865, 30.556, 30.682, 29.217, 26.618, 24.916, 24.538, 24.197, 24.203, 24.674, 25.068, 25.328, 24.402, 23.42, 22.589, 21.831, 21.694, 21.741, 21.681, 21.774, 21.61, 21.554, 21.56, 21.577, 21.919, 21.997, 22.199, 22.84, 22.91, 21.921, 20.505, 20.171, 20.717, 20.901, 21.402, 21.525, 21.136, 21.091], [10.409, 9.651, 8.528, 8.193, 6.896, 3.779, 1.677, 0.0, 1.409, 2.508, 3.873, 5.606, 6.806, 7.352, 7.684, 8.083, 8.733, 10.49, 14.144, 17.502, 18.85, 20.142, 20.39, 20.058, 20.201, 20.37, 20.797, 22.23, 24.21, 25.338, 25.619, 25.594, 27.199, 28.759, 28.673, 28.677, 28.918, 29.348, 29.212, 28.925, 28.486, 27.8, 27.709, 28.572, 30.083, 30.526, 30.283, 30.665, 30.764, 30.467, 30.586, 29.129, 26.547, 24.847, 24.468, 24.14, 24.157, 24.613, 24.989, 25.252, 24.336, 23.349, 22.53, 21.792, 21.643, 21.696, 21.656, 21.749, 21.59, 21.539, 21.544, 21.563, 21.897, 21.982, 22.182, 22.794, 22.84, 21.85, 20.485, 20.181, 20.698, 20.9, 21.407, 21.527, 21.169, 21.127], [10.466, 9.725, 8.637, 8.303, 7.026, 4.142, 2.585, 1.409, 0.0, 1.579, 3.402, 5.282, 6.536, 7.121, 7.494, 7.92, 8.565, 10.293, 13.92, 17.292, 18.668, 19.976, 20.214, 19.908, 20.108, 20.286, 20.723, 22.177, 24.156, 25.283, 25.574, 25.556, 27.172, 28.738, 28.656, 28.657, 28.897, 29.327, 29.192, 28.903, 28.468, 27.789, 27.703, 28.563, 30.064, 30.506, 30.265, 30.622, 30.691, 30.39, 30.508, 29.052, 26.485, 24.788, 24.401, 24.076, 24.1, 24.555, 24.929, 25.192, 24.275, 23.277, 22.463, 21.739, 21.586, 21.64, 21.607, 21.697, 21.538, 21.485, 21.488, 21.507, 21.839, 21.928, 22.129, 22.736, 22.777, 21.791, 20.451, 20.158, 20.66, 20.882, 21.399, 21.518, 21.178, 21.14], [10.817, 10.075, 9.006, 8.68, 7.442, 4.679, 3.305, 2.508, 1.579, 0.0, 2.384, 4.708, 6.142, 6.832, 7.286, 7.744, 8.407, 10.153, 13.791, 17.199, 18.606, 19.932, 20.16, 19.86, 20.091, 20.283, 20.747, 22.224, 24.196, 25.315, 25.61, 25.596, 27.222, 28.789, 28.715, 28.723, 28.965, 29.396, 29.261, 28.969, 28.529, 27.847, 27.761, 28.621, 30.123, 30.566, 30.329, 30.686, 30.743, 30.438, 30.559, 29.1, 26.541, 24.853, 24.46, 24.132, 24.158, 24.625, 25.001, 25.263, 24.339, 23.335, 22.52, 21.795, 21.638, 21.686, 21.642, 21.721, 21.558, 21.497, 21.49, 21.504, 21.835, 21.924, 22.127, 22.743, 22.796, 21.816, 20.47, 20.174, 20.678, 20.916, 21.455, 21.579, 21.245, 21.218], [11.292, 10.565, 9.52, 9.214, 8.055, 5.553, 4.407, 3.873, 3.402, 2.384, 0.0, 3.027, 5.036, 5.945, 6.454, 6.936, 7.674, 9.564, 13.357, 16.868, 18.317, 19.686, 19.921, 19.605, 19.86, 20.088, 20.608, 22.152, 24.137, 25.252, 25.554, 25.534, 27.175, 28.764, 28.697, 28.714, 28.965, 29.406, 29.265, 28.959, 28.512, 27.822, 27.735, 28.611, 30.135, 30.586, 30.352, 30.724, 30.802, 30.508, 30.627, 29.155, 26.575, 24.863, 24.466, 24.136, 24.163, 24.653, 25.043, 25.304, 24.364, 23.351, 22.531, 21.788, 21.624, 21.666, 21.619, 21.702, 21.531, 21.463, 21.446, 21.454, 21.804, 21.894, 22.095, 22.721, 22.786, 21.803, 20.423, 20.114, 20.639, 20.884, 21.432, 21.559, 21.206, 21.178], [11.987, 11.328, 10.411, 10.152, 9.091, 6.965, 6.038, 5.606, 5.282, 4.708, 3.027, 0.0, 2.767, 4.259, 5.049, 5.674, 6.43, 8.606, 12.695, 16.357, 17.853, 19.249, 19.497, 19.214, 19.558, 19.853, 20.48, 22.129, 24.113, 25.224, 25.522, 25.48, 27.126, 28.715, 28.648, 28.656, 28.907, 29.366, 29.222, 28.9, 28.454, 27.774, 27.693, 28.57, 30.091, 30.55, 30.316, 30.674, 30.763, 30.501, 30.613, 29.133, 26.563, 24.871, 24.491, 24.175, 24.216, 24.719, 25.105, 25.355, 24.419, 23.413, 22.604, 21.874, 21.709, 21.749, 21.721, 21.819, 21.651, 21.576, 21.544, 21.548, 21.905, 22.003, 22.192, 22.788, 22.829, 21.848, 20.507, 20.23, 20.737, 20.993, 21.539, 21.654, 21.313, 21.293], [12.42, 11.8, 10.989, 10.823, 9.867, 8.034, 7.228, 6.806, 6.536, 6.142, 5.036, 2.767, 0.0, 2.294, 3.747, 4.602, 5.313, 7.778, 12.295, 16.106, 17.589, 18.934, 19.184, 18.942, 19.364, 19.69, 20.394, 22.109, 24.078, 25.186, 25.477, 25.419, 27.046, 28.61, 28.535, 28.541, 28.793, 29.251, 29.105, 28.775, 28.333, 27.668, 27.591, 28.457, 29.96, 30.417, 30.181, 30.504, 30.583, 30.35, 30.467, 29.002, 26.476, 24.839, 24.486, 24.184, 24.241, 24.745, 25.102, 25.347, 24.417, 23.404, 22.607, 21.901, 21.74, 21.79, 21.781, 21.882, 21.722, 21.648, 21.607, 21.608, 21.964, 22.072, 22.253, 22.807, 22.808, 21.825, 20.562, 20.334, 20.797, 21.062, 21.602, 21.703, 21.384, 21.363], [12.4, 11.787, 11.008, 10.884, 10.006, 8.442, 7.757, 7.352, 7.121, 6.832, 5.945, 4.259, 2.294, 0.0, 2.025, 3.31, 4.412, 7.337, 12.167, 16.017, 17.43, 18.73, 18.995, 18.677, 19.036, 19.381, 20.071, 21.801, 23.795, 24.933, 25.232, 25.174, 26.816, 28.407, 28.328, 28.343, 28.604, 29.058, 28.909, 28.58, 28.127, 27.45, 27.374, 28.253, 29.767, 30.217, 29.975, 30.293, 30.384, 30.151, 30.27, 28.826, 26.292, 24.635, 24.283, 23.974, 24.036, 24.547, 24.894, 25.144, 24.204, 23.165, 22.361, 21.636, 21.466, 21.525, 21.517, 21.616, 21.452, 21.381, 21.352, 21.364, 21.724, 21.831, 22.014, 22.566, 22.555, 21.557, 20.292, 20.074, 20.531, 20.757, 21.286, 21.383, 21.025, 20.986], [12.197, 11.581, 10.806, 10.692, 9.824, 8.478, 8.018, 7.684, 7.494, 7.286, 6.454, 5.049, 3.747, 2.025, 0.0, 1.79, 3.757, 7.123, 11.962, 15.738, 17.099, 18.416, 18.728, 18.317, 18.551, 18.939, 19.623, 21.384, 23.456, 24.636, 24.944, 24.886, 26.573, 28.223, 28.141, 28.157, 28.427, 28.889, 28.739, 28.412, 27.947, 27.245, 27.165, 28.074, 29.623, 30.078, 29.841, 30.171, 30.278, 30.04, 30.163, 28.716, 26.127, 24.414, 24.047, 23.709, 23.754, 24.283, 24.65, 24.903, 23.936, 22.866, 22.039, 21.278, 21.1, 21.16, 21.143, 21.245, 21.071, 20.995, 20.975, 20.997, 21.38, 21.487, 21.681, 22.266, 22.267, 21.244, 19.921, 19.691, 20.174, 20.364, 20.903, 21.008, 20.59, 20.533], [12.135, 11.524, 10.751, 10.661, 9.858, 8.697, 8.38, 8.083, 7.92, 7.744, 6.936, 5.674, 4.602, 3.31, 1.79, 0.0, 2.782, 6.616, 11.605, 15.398, 16.759, 18.097, 18.445, 18.013, 18.22, 18.634, 19.307, 21.094, 23.213, 24.4, 24.705, 24.65, 26.36, 28.034, 27.946, 27.963, 28.238, 28.713, 28.569, 28.244, 27.775, 27.066, 26.981, 27.903, 29.474, 29.934, 29.701, 30.043, 30.169, 29.947, 30.072, 28.616, 26.0, 24.269, 23.901, 23.552, 23.584, 24.112, 24.488, 24.739, 23.76, 22.672, 21.832, 21.062, 20.88, 20.938, 20.925, 21.037, 20.867, 20.789, 20.766, 20.787, 21.173, 21.279, 21.473, 22.063, 22.068, 21.033, 19.697, 19.468, 19.945, 20.122, 20.671, 20.781, 20.34, 20.274], [12.354, 11.768, 11.056, 10.994, 10.329, 9.379, 9.09, 8.733, 8.565, 8.407, 7.674, 6.43, 5.313, 4.412, 3.757, 2.782, 0.0, 4.731, 10.608, 14.761, 16.275, 17.69, 18.057, 17.712, 18.055, 18.464, 19.132, 20.956, 23.066, 24.228, 24.541, 24.498, 26.199, 27.849, 27.758, 27.777, 28.054, 28.533, 28.403, 28.092, 27.625, 26.925, 26.846, 27.757, 29.311, 29.773, 29.531, 29.831, 29.946, 29.75, 29.865, 28.425, 25.87, 24.193, 23.849, 23.516, 23.546, 24.052, 24.408, 24.654, 23.697, 22.616, 21.793, 21.077, 20.907, 20.963, 20.972, 21.099, 20.953, 20.893, 20.868, 20.883, 21.24, 21.336, 21.517, 22.065, 22.055, 21.053, 19.812, 19.625, 20.053, 20.255, 20.786, 20.879, 20.474, 20.405], [12.071, 11.646, 11.187, 11.182, 10.875, 10.777, 10.865, 10.49, 10.293, 10.153, 9.564, 8.606, 7.778, 7.337, 7.123, 6.616, 4.731, 0.0, 6.908, 11.854, 13.787, 15.374, 15.759, 15.7, 16.523, 17.064, 17.727, 19.654, 21.783, 22.935, 23.304, 23.298, 25.058, 26.746, 26.645, 26.664, 26.955, 27.464, 27.367, 27.087, 26.648, 25.994, 25.93, 26.826, 28.337, 28.81, 28.547, 28.638, 28.645, 28.486, 28.563, 27.183, 24.769, 23.218, 22.958, 22.665, 22.708, 23.177, 23.526, 23.746, 22.814, 21.759, 21.01, 20.426, 20.299, 20.355, 20.469, 20.673, 20.573, 20.543, 20.507, 20.503, 20.803, 20.885, 21.021, 21.471, 21.452, 20.589, 19.642, 19.558, 19.883, 20.237, 20.804, 20.853, 20.517, 20.403], [12.979, 12.879, 12.864, 12.928, 12.982, 13.811, 14.396, 14.144, 13.92, 13.791, 13.357, 12.695, 12.295, 12.167, 11.962, 11.605, 10.608, 6.908, 0.0, 5.934, 8.829, 10.827, 11.273, 11.805, 13.559, 14.438, 15.328, 17.656, 19.853, 20.992, 21.47, 21.495, 23.433, 25.275, 25.158, 25.156, 25.465, 26.063, 26.043, 25.82, 25.445, 24.88, 24.837, 25.724, 27.133, 27.592, 27.352, 27.118, 26.843, 26.722, 26.772, 25.434, 23.238, 21.975, 21.859, 21.632, 21.724, 22.15, 22.507, 22.659, 21.73, 20.686, 20.049, 19.694, 19.679, 19.725, 19.951, 20.231, 20.188, 20.21, 20.164, 20.127, 20.375, 20.439, 20.513, 20.857, 20.86, 20.273, 19.774, 19.811, 20.03, 20.646, 21.321, 21.314, 21.072, 20.933], [15.033, 15.143, 15.375, 15.469, 15.67, 16.871, 17.659, 17.502, 17.292, 17.199, 16.868, 16.357, 16.106, 16.017, 15.738, 15.398, 14.761, 11.854, 5.934, 0.0, 3.922, 6.606, 7.449, 8.687, 11.096, 12.288, 13.416, 16.161, 18.379, 19.44, 19.985, 20.063, 22.111, 24.038, 23.904, 23.874, 24.225, 24.918, 24.953, 24.764, 24.435, 23.944, 23.912, 24.78, 26.079, 26.517, 26.352, 25.921, 25.44, 25.399, 25.46, 24.163, 22.24, 21.322, 21.374, 21.234, 21.394, 21.823, 22.198, 22.293, 21.396, 20.404, 19.904, 19.787, 19.911, 19.96, 20.229, 20.519, 20.52, 20.584, 20.551, 20.501, 20.728, 20.771, 20.806, 21.109, 21.153, 20.765, 20.605, 20.743, 20.882, 21.622, 22.315, 22.25, 22.047, 21.877], [15.951, 16.129, 16.443, 16.559, 16.805, 18.147, 18.978, 18.85, 18.668, 18.606, 18.317, 17.853, 17.589, 17.43, 17.099, 16.759, 16.275, 13.787, 8.829, 3.922, 0.0, 3.394, 4.895, 6.604, 9.255, 10.729, 11.925, 14.818, 17.128, 18.179, 18.753, 18.906, 21.056, 23.041, 22.901, 22.874, 23.271, 24.012, 24.039, 23.835, 23.509, 23.028, 22.996, 23.87, 25.143, 25.59, 25.464, 24.966, 24.456, 24.486, 24.574, 23.293, 21.466, 20.739, 20.966, 20.9, 21.103, 21.587, 21.989, 22.066, 21.177, 20.219, 19.778, 19.74, 19.931, 19.992, 20.277, 20.578, 20.593, 20.667, 20.652, 20.607, 20.832, 20.863, 20.872, 21.162, 21.231, 20.904, 20.885, 21.103, 21.202, 21.939, 22.645, 22.559, 22.308, 22.092], [17.056, 17.275, 17.659, 17.796, 18.077, 19.475, 20.282, 20.142, 19.976, 19.932, 19.686, 19.249, 18.934, 18.73, 18.416, 18.097, 17.69, 15.374, 10.827, 6.606, 3.394, 0.0, 2.64, 5.405, 8.466, 10.13, 11.377, 14.325, 16.607, 17.622, 18.21, 18.385, 20.533, 22.532, 22.375, 22.337, 22.739, 23.524, 23.581, 23.391, 23.085, 22.648, 22.633, 23.48, 24.685, 25.138, 25.033, 24.426, 23.856, 23.946, 24.047, 22.816, 21.113, 20.543, 20.887, 20.895, 21.139, 21.631, 22.002, 22.052, 21.202, 20.279, 19.895, 19.941, 20.18, 20.264, 20.585, 20.895, 20.929, 21.02, 21.011, 20.959, 21.144, 21.153, 21.131, 21.352, 21.398, 21.159, 21.333, 21.636, 21.661, 22.393, 23.102, 22.998, 22.728, 22.489], [17.414, 17.64, 18.029, 18.168, 18.426, 19.771, 20.545, 20.39, 20.214, 20.16, 19.921, 19.497, 19.184, 18.995, 18.728, 18.445, 18.057, 15.759, 11.273, 7.449, 4.895, 2.64, 0.0, 4.114, 8.001, 9.612, 11.069, 14.235, 16.59, 17.622, 18.255, 18.401, 20.56, 22.627, 22.464, 22.411, 22.776, 23.55, 23.623, 23.425, 23.122, 22.702, 22.71, 23.554, 24.754, 25.233, 25.126, 24.451, 23.801, 23.868, 23.959, 22.687, 20.982, 20.415, 20.758, 20.785, 21.093, 21.627, 22.006, 22.077, 21.229, 20.288, 19.903, 19.976, 20.228, 20.314, 20.64, 20.947, 20.977, 21.076, 21.074, 21.022, 21.207, 21.223, 21.19, 21.395, 21.437, 21.222, 21.425, 21.731, 21.742, 22.494, 23.246, 23.147, 22.882, 22.681], [17.114, 17.322, 17.679, 17.813, 18.081, 19.417, 20.176, 20.058, 19.908, 19.86, 19.605, 19.214, 18.942, 18.677, 18.317, 18.013, 17.712, 15.7, 11.805, 8.687, 6.604, 5.405, 4.114, 0.0, 5.05, 7.228, 9.143, 12.864, 15.602, 16.774, 17.419, 17.544, 19.794, 22.05, 21.884, 21.84, 22.214, 22.958, 22.99, 22.751, 22.386, 21.883, 21.897, 22.81, 24.136, 24.661, 24.537, 23.956, 23.39, 23.429, 23.52, 22.13, 20.274, 19.576, 19.858, 19.819, 20.131, 20.819, 21.263, 21.356, 20.456, 19.418, 18.95, 18.932, 19.182, 19.244, 19.5, 19.795, 19.808, 19.907, 19.915, 19.874, 20.116, 20.139, 20.113, 20.364, 20.44, 20.218, 20.322, 20.582, 20.624, 21.343, 22.188, 22.124, 21.769, 21.642], [17.456, 17.619, 17.922, 18.034, 18.265, 19.507, 20.235, 20.201, 20.108, 20.091, 19.86, 19.558, 19.364, 19.036, 18.551, 18.22, 18.055, 16.523, 13.559, 11.096, 9.255, 8.466, 8.001, 5.05, 0.0, 3.863, 6.572, 10.665, 13.815, 15.237, 15.915, 16.007, 18.325, 20.691, 20.569, 20.591, 21.037, 21.834, 21.9, 21.665, 21.23, 20.585, 20.568, 21.526, 23.021, 23.639, 23.551, 23.255, 22.899, 22.929, 23.11, 21.646, 19.684, 19.063, 19.401, 19.339, 19.546, 20.328, 20.882, 20.936, 20.017, 19.011, 18.494, 18.332, 18.572, 18.619, 18.73, 18.938, 18.927, 19.061, 19.142, 19.101, 19.347, 19.354, 19.319, 19.641, 19.813, 19.619, 19.634, 19.872, 19.967, 20.56, 21.458, 21.425, 20.937, 20.867], [17.859, 17.995, 18.242, 18.342, 18.579, 19.701, 20.375, 20.37, 20.286, 20.283, 20.088, 19.853, 19.69, 19.381, 18.939, 18.634, 18.464, 17.064, 14.438, 12.288, 10.729, 10.13, 9.612, 7.228, 3.863, 0.0, 4.517, 9.67, 13.001, 14.414, 15.108, 15.193, 17.598, 20.099, 19.99, 19.984, 20.423, 21.26, 21.395, 21.195, 20.73, 20.034, 20.015, 21.0, 22.569, 23.236, 23.147, 22.824, 22.408, 22.443, 22.669, 21.187, 19.277, 18.678, 19.017, 19.008, 19.302, 20.154, 20.715, 20.855, 19.919, 18.821, 18.278, 18.157, 18.472, 18.519, 18.599, 18.799, 18.809, 19.034, 19.203, 19.179, 19.42, 19.43, 19.401, 19.738, 19.925, 19.727, 19.7, 19.907, 20.023, 20.643, 21.59, 21.546, 21.045, 21.003], [17.628, 17.808, 18.109, 18.21, 18.621, 20.052, 20.814, 20.797, 20.723, 20.747, 20.608, 20.48, 20.394, 20.071, 19.623, 19.307, 19.132, 17.727, 15.328, 13.416, 11.925, 11.377, 11.069, 9.143, 6.572, 4.517, 0.0, 6.388, 10.229, 11.753, 12.61, 12.74, 15.287, 18.006, 17.9, 17.856, 18.304, 19.186, 19.393, 19.283, 18.84, 18.17, 18.177, 19.169, 20.705, 21.371, 21.32, 21.054, 20.774, 20.826, 21.009, 19.606, 17.792, 17.234, 17.628, 17.669, 17.929, 18.703, 19.24, 19.401, 18.646, 17.854, 17.555, 17.535, 17.857, 17.917, 18.072, 18.325, 18.391, 18.644, 18.856, 18.808, 18.871, 18.838, 18.742, 18.961, 19.199, 19.161, 19.379, 19.67, 19.676, 20.211, 21.144, 21.09, 20.579, 20.461], [18.508, 18.737, 19.104, 19.192, 19.714, 21.418, 22.255, 22.23, 22.177, 22.224, 22.152, 22.129, 22.109, 21.801, 21.384, 21.094, 20.956, 19.654, 17.656, 16.161, 14.818, 14.325, 14.235, 12.864, 10.665, 9.67, 6.388, 0.0, 4.68, 7.171, 8.693, 8.936, 11.701, 14.592, 14.523, 14.534, 15.001, 15.907, 16.177, 16.152, 15.784, 15.23, 15.252, 16.109, 17.544, 18.212, 18.228, 18.308, 18.429, 18.518, 18.674, 17.453, 16.066, 16.039, 16.707, 16.843, 16.83, 17.325, 17.862, 17.915, 17.554, 17.568, 17.718, 17.756, 17.955, 18.014, 18.253, 18.502, 18.62, 18.883, 19.142, 19.047, 18.843, 18.783, 18.558, 18.544, 18.837, 19.078, 19.723, 20.197, 20.114, 20.551, 21.436, 21.403, 20.931, 20.691], [20.559, 20.81, 21.181, 21.249, 21.798, 23.477, 24.26, 24.21, 24.156, 24.196, 24.137, 24.113, 24.078, 23.795, 23.456, 23.213, 23.066, 21.783, 19.853, 18.379, 17.128, 16.607, 16.59, 15.602, 13.815, 13.001, 10.229, 4.68, 0.0, 3.915, 6.408, 6.676, 9.457, 12.432, 12.414, 12.455, 12.955, 13.912, 14.26, 14.335, 14.077, 13.719, 13.779, 14.43, 15.665, 16.302, 16.371, 16.681, 17.07, 17.246, 17.381, 16.418, 15.687, 16.204, 17.039, 17.269, 17.109, 17.366, 17.824, 17.786, 17.73, 18.24, 18.706, 18.891, 19.037, 19.108, 19.416, 19.63, 19.774, 20.065, 20.344, 20.221, 19.861, 19.777, 19.473, 19.255, 19.526, 19.966, 20.931, 21.54, 21.44, 21.905, 22.76, 22.73, 22.347, 22.04], [21.748, 22.01, 22.391, 22.458, 23.035, 24.663, 25.392, 25.338, 25.283, 25.315, 25.252, 25.224, 25.186, 24.933, 24.636, 24.4, 24.228, 22.935, 20.992, 19.44, 18.179, 17.622, 17.622, 16.774, 15.237, 14.414, 11.753, 7.171, 3.915, 0.0, 3.567, 4.5, 7.496, 10.674, 10.685, 10.752, 11.34, 12.479, 12.964, 13.136, 12.919, 12.611, 12.678, 13.316, 14.556, 15.243, 15.37, 15.681, 16.107, 16.358, 16.539, 15.719, 15.349, 16.134, 17.042, 17.331, 17.242, 17.529, 17.902, 17.853, 17.894, 18.503, 19.074, 19.413, 19.631, 19.698, 20.027, 20.245, 20.41, 20.708, 20.97, 20.837, 20.44, 20.335, 20.015, 19.729, 20.003, 20.504, 21.563, 22.256, 22.196, 22.71, 23.58, 23.552, 23.19, 22.894], [22.073, 22.343, 22.732, 22.803, 23.386, 24.967, 25.659, 25.619, 25.574, 25.61, 25.554, 25.522, 25.477, 25.232, 24.944, 24.705, 24.541, 23.304, 21.47, 19.985, 18.753, 18.21, 18.255, 17.419, 15.915, 15.108, 12.61, 8.693, 6.408, 3.567, 0.0, 2.726, 6.223, 9.367, 9.397, 9.494, 10.151, 11.441, 12.042, 12.303, 12.065, 11.712, 11.769, 12.452, 13.814, 14.58, 14.754, 15.116, 15.598, 15.899, 16.161, 15.457, 15.208, 16.071, 16.98, 17.241, 17.195, 17.609, 17.966, 17.943, 17.969, 18.535, 19.086, 19.461, 19.808, 19.878, 20.195, 20.442, 20.611, 20.877, 21.105, 20.968, 20.598, 20.493, 20.2, 19.924, 20.185, 20.65, 21.696, 22.43, 22.397, 22.936, 23.815, 23.789, 23.417, 23.123], [22.072, 22.345, 22.732, 22.81, 23.382, 24.942, 25.63, 25.594, 25.556, 25.596, 25.534, 25.48, 25.419, 25.174, 24.886, 24.65, 24.498, 23.298, 21.495, 20.063, 18.906, 18.385, 18.401, 17.544, 16.007, 15.193, 12.74, 8.936, 6.676, 4.5, 2.726, 0.0, 4.913, 8.857, 8.929, 9.058, 9.732, 11.067, 11.799, 12.153, 11.96, 11.622, 11.686, 12.34, 13.703, 14.472, 14.712, 15.244, 15.803, 16.092, 16.331, 15.572, 15.265, 16.032, 16.891, 17.148, 17.074, 17.472, 17.861, 17.826, 17.862, 18.488, 19.067, 19.42, 19.776, 19.884, 20.228, 20.472, 20.637, 20.913, 21.149, 21.007, 20.624, 20.517, 20.206, 19.9, 20.136, 20.6, 21.667, 22.397, 22.35, 22.856, 23.724, 23.699, 23.328, 23.043], [23.796, 24.076, 24.447, 24.539, 25.119, 26.603, 27.24, 27.199, 27.172, 27.222, 27.175, 27.126, 27.046, 26.816, 26.573, 26.36, 26.199, 25.058, 23.433, 22.111, 21.056, 20.533, 20.56, 19.794, 18.325, 17.598, 15.287, 11.701, 9.457, 7.496, 6.223, 4.913, 0.0, 4.936, 5.435, 5.766, 6.774, 8.241, 9.369, 10.166, 10.311, 10.273, 10.399, 10.872, 12.082, 12.902, 13.472, 14.685, 15.757, 16.189, 16.424, 15.85, 15.873, 16.833, 17.72, 18.005, 17.851, 18.144, 18.479, 18.387, 18.639, 19.538, 20.266, 20.695, 21.067, 21.166, 21.532, 21.769, 21.942, 22.2, 22.44, 22.3, 21.832, 21.708, 21.347, 20.902, 21.127, 21.723, 22.97, 23.763, 23.637, 23.933, 24.555, 24.51, 24.181, 23.879], [25.657, 25.925, 26.274, 26.348, 26.914, 28.274, 28.815, 28.759, 28.738, 28.789, 28.764, 28.715, 28.61, 28.407, 28.223, 28.034, 27.849, 26.746, 25.275, 24.038, 23.041, 22.532, 22.627, 22.05, 20.691, 20.099, 18.006, 14.592, 12.432, 10.674, 9.367, 8.857, 4.936, 0.0, 1.833, 3.3, 5.284, 7.021, 8.358, 9.46, 9.972, 10.358, 10.518, 10.717, 11.74, 12.643, 13.311, 14.94, 16.466, 17.049, 17.345, 17.03, 17.265, 18.517, 19.504, 19.802, 19.587, 19.797, 20.089, 19.943, 20.339, 21.358, 22.117, 22.55, 22.907, 22.981, 23.317, 23.546, 23.735, 23.942, 24.146, 24.005, 23.494, 23.378, 23.007, 22.474, 22.662, 23.278, 24.585, 25.423, 25.23, 25.379, 25.791, 25.728, 25.476, 25.161], [25.534, 25.81, 26.162, 26.236, 26.815, 28.195, 28.737, 28.673, 28.656, 28.715, 28.697, 28.648, 28.535, 28.328, 28.141, 27.946, 27.758, 26.645, 25.158, 23.904, 22.901, 22.375, 22.464, 21.884, 20.569, 19.99, 17.9, 14.523, 12.414, 10.685, 9.397, 8.929, 5.435, 1.833, 0.0, 2.375, 4.93, 6.9, 8.257, 9.337, 9.872, 10.367, 10.553, 10.79, 11.854, 12.788, 13.389, 14.833, 16.305, 16.911, 17.198, 16.877, 17.067, 18.309, 19.319, 19.633, 19.454, 19.687, 19.989, 19.851, 20.228, 21.23, 21.984, 22.42, 22.784, 22.864, 23.209, 23.462, 23.672, 23.892, 24.089, 23.945, 23.443, 23.332, 22.966, 22.422, 22.576, 23.164, 24.467, 25.304, 25.098, 25.263, 25.695, 25.626, 25.381, 25.071], [25.42, 25.736, 26.12, 26.197, 26.786, 28.191, 28.747, 28.677, 28.657, 28.723, 28.714, 28.656, 28.541, 28.343, 28.157, 27.963, 27.777, 26.664, 25.156, 23.874, 22.874, 22.337, 22.411, 21.84, 20.591, 19.984, 17.856, 14.534, 12.455, 10.752, 9.494, 9.058, 5.766, 3.3, 2.375, 0.0, 3.315, 5.888, 7.415, 8.568, 9.178, 9.824, 10.081, 10.348, 11.44, 12.405, 13.001, 14.388, 15.85, 16.51, 16.781, 16.457, 16.652, 17.849, 18.863, 19.207, 19.062, 19.279, 19.57, 19.449, 19.827, 20.845, 21.634, 22.113, 22.498, 22.587, 22.956, 23.219, 23.448, 23.709, 23.926, 23.779, 23.277, 23.167, 22.797, 22.231, 22.356, 22.944, 24.273, 25.13, 24.919, 25.104, 25.554, 25.472, 25.232, 24.918], [25.499, 25.838, 26.287, 26.386, 26.986, 28.421, 28.99, 28.918, 28.897, 28.965, 28.965, 28.907, 28.793, 28.604, 28.427, 28.238, 28.054, 26.955, 25.465, 24.225, 23.271, 22.739, 22.776, 22.214, 21.037, 20.423, 18.304, 15.001, 12.955, 11.34, 10.151, 9.732, 6.774, 5.284, 4.93, 3.315, 0.0, 3.424, 5.72, 7.285, 8.08, 8.978, 9.326, 9.496, 10.43, 11.437, 12.183, 13.603, 15.098, 15.809, 16.092, 15.798, 16.054, 17.272, 18.336, 18.763, 18.645, 18.818, 19.08, 18.978, 19.41, 20.51, 21.362, 21.909, 22.328, 22.418, 22.801, 23.056, 23.293, 23.6, 23.876, 23.745, 23.219, 23.101, 22.722, 22.128, 22.249, 22.873, 24.264, 25.148, 24.928, 25.125, 25.608, 25.525, 25.295, 24.988], [25.866, 26.194, 26.659, 26.782, 27.399, 28.849, 29.415, 29.348, 29.327, 29.396, 29.406, 29.366, 29.251, 29.058, 28.889, 28.713, 28.533, 27.464, 26.063, 24.918, 24.012, 23.524, 23.55, 22.958, 21.834, 21.26, 19.186, 15.907, 13.912, 12.479, 11.441, 11.067, 8.241, 7.021, 6.9, 5.888, 3.424, 0.0, 3.164, 5.412, 6.576, 7.791, 8.219, 8.317, 9.104, 10.064, 11.058, 12.902, 14.638, 15.34, 15.602, 15.365, 15.707, 17.016, 18.137, 18.61, 18.49, 18.63, 18.871, 18.786, 19.315, 20.527, 21.435, 22.001, 22.424, 22.506, 22.892, 23.156, 23.392, 23.692, 24.013, 23.927, 23.399, 23.299, 22.914, 22.289, 22.426, 23.123, 24.587, 25.476, 25.235, 25.371, 25.773, 25.683, 25.456, 25.136], [25.732, 26.061, 26.52, 26.644, 27.267, 28.721, 29.279, 29.212, 29.192, 29.261, 29.265, 29.222, 29.105, 28.909, 28.739, 28.569, 28.403, 27.367, 26.043, 24.953, 24.039, 23.581, 23.623, 22.99, 21.9, 21.395, 19.393, 16.177, 14.26, 12.964, 12.042, 11.799, 9.369, 8.358, 8.257, 7.415, 5.72, 3.164, 0.0, 2.642, 4.285, 5.93, 6.474, 6.655, 7.681, 8.701, 9.765, 12.148, 14.25, 14.924, 15.146, 14.885, 15.134, 16.532, 17.744, 18.205, 18.074, 18.242, 18.518, 18.447, 19.004, 20.255, 21.173, 21.7, 22.085, 22.151, 22.533, 22.809, 23.033, 23.302, 23.636, 23.596, 23.148, 23.114, 22.736, 22.125, 22.281, 22.978, 24.415, 25.295, 25.067, 25.171, 25.513, 25.426, 25.186, 24.84], [25.48, 25.813, 26.264, 26.386, 26.999, 28.44, 28.993, 28.925, 28.903, 28.969, 28.959, 28.9, 28.775, 28.58, 28.412, 28.244, 28.092, 27.087, 25.82, 24.764, 23.835, 23.391, 23.425, 22.751, 21.665, 21.195, 19.283, 16.152, 14.335, 13.136, 12.303, 12.153, 10.166, 9.46, 9.337, 8.568, 7.285, 5.412, 2.642, 0.0, 2.219, 4.36, 5.042, 5.37, 6.843, 8.011, 9.017, 11.731, 14.05, 14.687, 14.903, 14.563, 14.671, 16.135, 17.423, 17.872, 17.761, 18.01, 18.356, 18.302, 18.817, 20.054, 20.952, 21.421, 21.764, 21.812, 22.18, 22.46, 22.674, 22.929, 23.268, 23.251, 22.886, 22.921, 22.563, 21.992, 22.165, 22.815, 24.169, 25.029, 24.83, 24.933, 25.273, 25.2, 24.942, 24.594], [25.079, 25.403, 25.839, 25.961, 26.568, 27.992, 28.544, 28.486, 28.468, 28.529, 28.512, 28.454, 28.333, 28.127, 27.947, 27.775, 27.625, 26.648, 25.445, 24.435, 23.509, 23.085, 23.122, 22.386, 21.23, 20.73, 18.84, 15.784, 14.077, 12.919, 12.065, 11.96, 10.311, 9.972, 9.872, 9.178, 8.08, 6.576, 4.285, 2.219, 0.0, 2.569, 3.55, 4.108, 6.22, 7.564, 8.431, 11.283, 13.73, 14.375, 14.64, 14.231, 14.283, 15.812, 17.125, 17.547, 17.449, 17.784, 18.185, 18.151, 18.607, 19.772, 20.622, 21.06, 21.409, 21.442, 21.774, 22.05, 22.259, 22.519, 22.867, 22.855, 22.524, 22.575, 22.245, 21.74, 21.957, 22.594, 23.874, 24.695, 24.528, 24.641, 25.015, 24.952, 24.65, 24.313], [24.487, 24.787, 25.189, 25.309, 25.897, 27.288, 27.837, 27.8, 27.789, 27.847, 27.822, 27.774, 27.668, 27.45, 27.245, 27.066, 26.925, 25.994, 24.88, 23.944, 23.028, 22.648, 22.702, 21.883, 20.585, 20.034, 18.17, 15.23, 13.719, 12.611, 11.712, 11.622, 10.273, 10.358, 10.367, 9.824, 8.978, 7.791, 5.93, 4.36, 2.569, 0.0, 1.532, 3.052, 6.067, 7.484, 8.163, 11.173, 13.734, 14.341, 14.657, 14.145, 14.038, 15.555, 16.875, 17.262, 17.18, 17.609, 18.063, 18.041, 18.384, 19.415, 20.173, 20.544, 20.889, 20.914, 21.207, 21.468, 21.652, 21.899, 22.255, 22.257, 21.972, 22.03, 21.726, 21.326, 21.612, 22.218, 23.378, 24.146, 24.022, 24.114, 24.52, 24.484, 24.114, 23.771], [24.421, 24.71, 25.101, 25.22, 25.805, 27.192, 27.741, 27.709, 27.703, 27.761, 27.735, 27.693, 27.591, 27.374, 27.165, 26.981, 26.846, 25.93, 24.837, 23.912, 22.996, 22.633, 22.71, 21.897, 20.568, 20.015, 18.177, 15.252, 13.779, 12.678, 11.769, 11.686, 10.399, 10.518, 10.553, 10.081, 9.326, 8.219, 6.474, 5.042, 3.55, 1.532, 0.0, 2.542, 5.944, 7.335, 8.048, 11.29, 13.987, 14.615, 14.929, 14.399, 14.205, 15.676, 17.0, 17.387, 17.297, 17.717, 18.189, 18.165, 18.476, 19.498, 20.231, 20.569, 20.895, 20.915, 21.2, 21.456, 21.632, 21.875, 22.234, 22.243, 21.977, 22.041, 21.74, 21.377, 21.687, 22.267, 23.375, 24.132, 24.023, 24.091, 24.472, 24.444, 24.065, 23.706], [25.284, 25.589, 26.001, 26.116, 26.708, 28.092, 28.618, 28.572, 28.563, 28.621, 28.611, 28.57, 28.457, 28.253, 28.074, 27.903, 27.757, 26.826, 25.724, 24.78, 23.87, 23.48, 23.554, 22.81, 21.526, 21.0, 19.169, 16.109, 14.43, 13.316, 12.452, 12.34, 10.872, 10.717, 10.79, 10.348, 9.496, 8.317, 6.655, 5.37, 4.108, 3.052, 2.542, 0.0, 3.853, 5.642, 6.524, 10.412, 13.583, 14.358, 14.682, 14.252, 14.349, 16.085, 17.471, 17.906, 17.756, 18.035, 18.479, 18.421, 18.863, 20.077, 20.93, 21.34, 21.654, 21.676, 21.974, 22.221, 22.416, 22.66, 23.027, 23.034, 22.711, 22.773, 22.441, 21.991, 22.283, 22.953, 24.18, 24.957, 24.818, 24.864, 25.197, 25.167, 24.838, 24.489], [26.621, 26.961, 27.433, 27.551, 28.181, 29.627, 30.153, 30.083, 30.064, 30.123, 30.135, 30.091, 29.96, 29.767, 29.623, 29.474, 29.311, 28.337, 27.133, 26.079, 25.143, 24.685, 24.754, 24.136, 23.021, 22.569, 20.705, 17.544, 15.665, 14.556, 13.814, 13.703, 12.082, 11.74, 11.854, 11.44, 10.43, 9.104, 7.681, 6.843, 6.22, 6.067, 5.944, 3.853, 0.0, 2.562, 4.451, 9.073, 12.768, 13.778, 14.036, 13.8, 14.451, 16.571, 18.03, 18.55, 18.356, 18.398, 18.743, 18.641, 19.302, 20.804, 21.854, 22.397, 22.716, 22.746, 23.09, 23.35, 23.581, 23.818, 24.187, 24.184, 23.757, 23.809, 23.427, 22.821, 23.077, 23.921, 25.425, 26.273, 26.044, 26.075, 26.356, 26.31, 26.051, 25.706], [27.0, 27.34, 27.823, 27.944, 28.585, 30.06, 30.598, 30.526, 30.506, 30.566, 30.586, 30.55, 30.417, 30.217, 30.078, 29.934, 29.773, 28.81, 27.592, 26.517, 25.59, 25.138, 25.233, 24.661, 23.639, 23.236, 21.371, 18.212, 16.302, 15.243, 14.58, 14.472, 12.902, 12.643, 12.788, 12.405, 11.437, 10.064, 8.701, 8.011, 7.564, 7.484, 7.335, 5.642, 2.562, 0.0, 3.531, 8.943, 12.859, 13.923, 14.086, 13.894, 14.674, 16.842, 18.278, 18.81, 18.589, 18.514, 18.788, 18.674, 19.414, 21.0, 22.093, 22.657, 22.963, 22.988, 23.351, 23.623, 23.873, 24.107, 24.48, 24.477, 24.017, 24.067, 23.675, 23.022, 23.27, 24.17, 25.762, 26.645, 26.385, 26.38, 26.604, 26.546, 26.3, 25.946], [26.793, 27.138, 27.613, 27.735, 28.385, 29.847, 30.364, 30.283, 30.265, 30.329, 30.352, 30.316, 30.181, 29.975, 29.841, 29.701, 29.531, 28.547, 27.352, 26.352, 25.464, 25.033, 25.126, 24.537, 23.551, 23.147, 21.32, 18.228, 16.371, 15.37, 14.754, 14.712, 13.472, 13.311, 13.389, 13.001, 12.183, 11.058, 9.765, 9.017, 8.431, 8.163, 8.048, 6.524, 4.451, 3.531, 0.0, 6.71, 11.507, 12.768, 12.974, 12.933, 13.862, 16.313, 17.865, 18.402, 18.158, 18.155, 18.531, 18.403, 19.123, 20.702, 21.784, 22.329, 22.6, 22.622, 23.044, 23.39, 23.656, 23.894, 24.28, 24.275, 23.819, 23.881, 23.476, 22.819, 23.069, 23.961, 25.522, 26.372, 26.124, 26.17, 26.444, 26.404, 26.134, 25.754], [26.836, 27.242, 27.793, 27.927, 28.641, 30.213, 30.769, 30.665, 30.622, 30.686, 30.724, 30.674, 30.504, 30.293, 30.171, 30.043, 29.831, 28.638, 27.118, 25.921, 24.966, 24.426, 24.451, 23.956, 23.255, 22.824, 21.054, 18.308, 16.681, 15.681, 15.116, 15.244, 14.685, 14.94, 14.833, 14.388, 13.603, 12.902, 12.148, 11.731, 11.283, 11.173, 11.29, 10.412, 9.073, 8.943, 6.71, 0.0, 5.915, 8.089, 8.505, 9.199, 11.357, 14.581, 16.328, 17.008, 16.969, 17.221, 17.74, 17.66, 18.305, 19.727, 20.869, 21.644, 22.042, 22.08, 22.697, 23.244, 23.569, 23.813, 24.184, 24.155, 23.695, 23.747, 23.324, 22.641, 22.869, 23.843, 25.641, 26.502, 26.155, 26.591, 27.182, 27.134, 26.889, 26.5], [26.782, 27.217, 27.812, 27.94, 28.666, 30.277, 30.865, 30.764, 30.691, 30.743, 30.802, 30.763, 30.583, 30.384, 30.278, 30.169, 29.946, 28.645, 26.843, 25.44, 24.456, 23.856, 23.801, 23.39, 22.899, 22.408, 20.774, 18.429, 17.07, 16.107, 15.598, 15.803, 15.757, 16.466, 16.305, 15.85, 15.098, 14.638, 14.25, 14.05, 13.73, 13.734, 13.987, 13.583, 12.768, 12.859, 11.507, 5.915, 0.0, 3.544, 4.725, 6.137, 9.674, 13.259, 14.951, 15.747, 15.972, 16.489, 17.044, 17.055, 17.563, 18.722, 19.863, 20.872, 21.451, 21.504, 22.209, 22.861, 23.229, 23.508, 23.864, 23.807, 23.354, 23.381, 22.976, 22.33, 22.564, 23.6, 25.564, 26.442, 26.056, 26.879, 27.781, 27.729, 27.517, 27.174], [26.494, 26.917, 27.499, 27.612, 28.329, 29.955, 30.556, 30.467, 30.39, 30.438, 30.508, 30.501, 30.35, 30.151, 30.04, 29.947, 29.75, 28.486, 26.722, 25.399, 24.486, 23.946, 23.868, 23.429, 22.929, 22.443, 20.826, 18.518, 17.246, 16.358, 15.899, 16.092, 16.189, 17.049, 16.911, 16.51, 15.809, 15.34, 14.924, 14.687, 14.375, 14.341, 14.615, 14.358, 13.778, 13.923, 12.768, 8.089, 3.544, 0.0, 2.624, 4.749, 8.483, 12.271, 14.026, 14.887, 15.186, 15.828, 16.502, 16.567, 17.055, 18.253, 19.427, 20.436, 21.044, 21.099, 21.788, 22.449, 22.813, 23.083, 23.455, 23.41, 22.965, 22.996, 22.608, 22.028, 22.311, 23.338, 25.252, 26.108, 25.767, 26.653, 27.665, 27.676, 27.449, 27.109], [26.589, 27.012, 27.595, 27.706, 28.433, 30.078, 30.682, 30.586, 30.508, 30.559, 30.627, 30.613, 30.467, 30.27, 30.163, 30.072, 29.865, 28.563, 26.772, 25.46, 24.574, 24.047, 23.959, 23.52, 23.11, 22.669, 21.009, 18.674, 17.381, 16.539, 16.161, 16.331, 16.424, 17.345, 17.198, 16.781, 16.092, 15.602, 15.146, 14.903, 14.64, 14.657, 14.929, 14.682, 14.036, 14.086, 12.974, 8.505, 4.725, 2.624, 0.0, 3.526, 7.898, 11.679, 13.446, 14.386, 14.732, 15.262, 15.893, 15.971, 16.538, 17.858, 19.142, 20.219, 20.823, 20.849, 21.557, 22.254, 22.636, 22.892, 23.269, 23.235, 22.772, 22.806, 22.414, 21.802, 22.073, 23.147, 25.138, 26.001, 25.63, 26.52, 27.54, 27.566, 27.389, 27.058], [25.271, 25.671, 26.235, 26.341, 27.039, 28.629, 29.217, 29.129, 29.052, 29.1, 29.155, 29.133, 29.002, 28.826, 28.716, 28.616, 28.425, 27.183, 25.434, 24.163, 23.293, 22.816, 22.687, 22.13, 21.646, 21.187, 19.606, 17.453, 16.418, 15.719, 15.457, 15.572, 15.85, 17.03, 16.877, 16.457, 15.798, 15.365, 14.885, 14.563, 14.231, 14.145, 14.399, 14.252, 13.8, 13.894, 12.933, 9.199, 6.137, 4.749, 3.526, 0.0, 5.337, 9.554, 11.487, 12.568, 13.033, 13.651, 14.306, 14.42, 14.897, 16.17, 17.417, 18.494, 19.141, 19.155, 19.854, 20.573, 20.956, 21.224, 21.625, 21.596, 21.152, 21.202, 20.804, 20.214, 20.52, 21.602, 23.57, 24.417, 24.063, 24.982, 26.069, 26.108, 25.921, 25.703], [22.703, 23.069, 23.598, 23.699, 24.392, 26.005, 26.618, 26.547, 26.485, 26.541, 26.575, 26.563, 26.476, 26.292, 26.127, 26.0, 25.87, 24.769, 23.238, 22.24, 21.466, 21.113, 20.982, 20.274, 19.684, 19.277, 17.792, 16.066, 15.687, 15.349, 15.208, 15.265, 15.873, 17.265, 17.067, 16.652, 16.054, 15.707, 15.134, 14.671, 14.283, 14.038, 14.205, 14.349, 14.451, 14.674, 13.862, 11.357, 9.674, 8.483, 7.898, 5.337, 0.0, 5.211, 7.899, 9.223, 9.877, 10.839, 11.884, 12.108, 12.322, 13.536, 14.656, 15.516, 16.166, 16.221, 16.974, 17.78, 18.145, 18.386, 18.822, 18.825, 18.46, 18.559, 18.177, 17.708, 18.066, 18.986, 20.769, 21.593, 21.286, 22.187, 23.375, 23.489, 23.219, 23.049], [21.058, 21.383, 21.863, 21.958, 22.653, 24.278, 24.916, 24.847, 24.788, 24.853, 24.863, 24.871, 24.839, 24.635, 24.414, 24.269, 24.193, 23.218, 21.975, 21.322, 20.739, 20.543, 20.415, 19.576, 19.063, 18.678, 17.234, 16.039, 16.204, 16.134, 16.071, 16.032, 16.833, 18.517, 18.309, 17.849, 17.272, 17.016, 16.532, 16.135, 15.812, 15.555, 15.676, 16.085, 16.571, 16.842, 16.313, 14.581, 13.259, 12.271, 11.679, 9.554, 5.211, 0.0, 3.476, 5.404, 6.654, 8.075, 9.348, 9.901, 9.749, 10.795, 11.918, 12.704, 13.36, 13.463, 14.356, 15.286, 15.688, 16.021, 16.517, 16.534, 16.246, 16.361, 16.027, 15.661, 15.963, 16.694, 18.337, 19.109, 18.828, 19.859, 21.234, 21.401, 21.121, 20.953], [20.868, 21.169, 21.605, 21.687, 22.361, 23.919, 24.538, 24.468, 24.401, 24.46, 24.466, 24.491, 24.486, 24.283, 24.047, 23.901, 23.849, 22.958, 21.859, 21.374, 20.966, 20.887, 20.758, 19.858, 19.401, 19.017, 17.628, 16.707, 17.039, 17.042, 16.98, 16.891, 17.72, 19.504, 19.319, 18.863, 18.336, 18.137, 17.744, 17.423, 17.125, 16.875, 17.0, 17.471, 18.03, 18.278, 17.865, 16.328, 14.951, 14.026, 13.446, 11.487, 7.899, 3.476, 0.0, 2.717, 4.775, 6.738, 8.052, 8.794, 8.522, 9.461, 10.646, 11.474, 12.149, 12.263, 13.187, 14.15, 14.572, 14.986, 15.527, 15.53, 15.267, 15.399, 15.105, 14.773, 15.039, 15.733, 17.328, 18.026, 17.763, 18.95, 20.482, 20.674, 20.415, 20.283], [20.556, 20.851, 21.266, 21.351, 22.013, 23.564, 24.197, 24.14, 24.076, 24.132, 24.136, 24.175, 24.184, 23.974, 23.709, 23.552, 23.516, 22.665, 21.632, 21.234, 20.9, 20.895, 20.785, 19.819, 19.339, 19.008, 17.669, 16.843, 17.269, 17.331, 17.241, 17.148, 18.005, 19.802, 19.633, 19.207, 18.763, 18.61, 18.205, 17.872, 17.547, 17.262, 17.387, 17.906, 18.55, 18.81, 18.402, 17.008, 15.747, 14.887, 14.386, 12.568, 9.223, 5.404, 2.717, 0.0, 2.784, 5.561, 7.198, 7.982, 7.628, 8.601, 9.841, 10.669, 11.367, 11.505, 12.429, 13.415, 13.819, 14.207, 14.721, 14.696, 14.487, 14.66, 14.379, 14.098, 14.405, 15.084, 16.604, 17.258, 17.044, 18.295, 19.886, 20.094, 19.808, 19.663], [20.471, 20.764, 21.185, 21.274, 21.939, 23.538, 24.203, 24.157, 24.1, 24.158, 24.163, 24.216, 24.241, 24.036, 23.754, 23.584, 23.546, 22.708, 21.724, 21.394, 21.103, 21.139, 21.093, 20.131, 19.546, 19.302, 17.929, 16.83, 17.109, 17.242, 17.195, 17.074, 17.851, 19.587, 19.454, 19.062, 18.645, 18.49, 18.074, 17.761, 17.449, 17.18, 17.297, 17.756, 18.356, 18.589, 18.158, 16.969, 15.972, 15.186, 14.732, 13.033, 9.877, 6.654, 4.775, 2.784, 0.0, 3.674, 6.009, 6.665, 6.515, 8.19, 9.647, 10.442, 11.065, 11.206, 12.138, 13.124, 13.533, 13.93, 14.461, 14.384, 14.095, 14.261, 13.926, 13.614, 14.012, 14.781, 16.338, 17.01, 16.837, 18.051, 19.583, 19.795, 19.491, 19.288], [20.804, 21.11, 21.551, 21.64, 22.317, 23.979, 24.674, 24.613, 24.555, 24.625, 24.653, 24.719, 24.745, 24.547, 24.283, 24.112, 24.052, 23.177, 22.15, 21.823, 21.587, 21.631, 21.627, 20.819, 20.328, 20.154, 18.703, 17.325, 17.366, 17.529, 17.609, 17.472, 18.144, 19.797, 19.687, 19.279, 18.818, 18.63, 18.242, 18.01, 17.784, 17.609, 17.717, 18.035, 18.398, 18.514, 18.155, 17.221, 16.489, 15.828, 15.262, 13.651, 10.839, 8.075, 6.738, 5.561, 3.674, 0.0, 3.156, 3.87, 4.373, 7.462, 9.48, 10.435, 10.952, 11.139, 12.145, 13.098, 13.527, 13.97, 14.559, 14.473, 14.035, 14.18, 13.769, 13.276, 13.653, 14.592, 16.374, 17.135, 16.949, 18.115, 19.54, 19.734, 19.537, 19.323], [21.224, 21.533, 21.98, 22.072, 22.756, 24.396, 25.068, 24.989, 24.929, 25.001, 25.043, 25.105, 25.102, 24.894, 24.65, 24.488, 24.408, 23.526, 22.507, 22.198, 21.989, 22.002, 22.006, 21.263, 20.882, 20.715, 19.24, 17.862, 17.824, 17.902, 17.966, 17.861, 18.479, 20.089, 19.989, 19.57, 19.08, 18.871, 18.518, 18.356, 18.185, 18.063, 18.189, 18.479, 18.743, 18.788, 18.531, 17.74, 17.044, 16.502, 15.893, 14.306, 11.884, 9.348, 8.052, 7.198, 6.009, 3.156, 0.0, 1.811, 3.129, 6.741, 9.087, 10.278, 10.849, 11.054, 12.051, 12.923, 13.357, 13.877, 14.497, 14.424, 13.951, 14.073, 13.66, 13.058, 13.347, 14.367, 16.277, 17.091, 16.903, 18.088, 19.496, 19.658, 19.562, 19.442], [21.467, 21.781, 22.241, 22.335, 23.01, 24.652, 25.328, 25.252, 25.192, 25.263, 25.304, 25.355, 25.347, 25.144, 24.903, 24.739, 24.654, 23.746, 22.659, 22.293, 22.066, 22.052, 22.077, 21.356, 20.936, 20.855, 19.401, 17.915, 17.786, 17.853, 17.943, 17.826, 18.387, 19.943, 19.851, 19.449, 18.978, 18.786, 18.447, 18.302, 18.151, 18.041, 18.165, 18.421, 18.641, 18.674, 18.403, 17.66, 17.055, 16.567, 15.971, 14.42, 12.108, 9.901, 8.794, 7.982, 6.665, 3.87, 1.811, 0.0, 2.844, 7.0, 9.399, 10.558, 11.069, 11.27, 12.249, 13.09, 13.525, 14.04, 14.645, 14.536, 13.993, 14.096, 13.644, 12.977, 13.291, 14.415