[[0.0, 3.879, 5.751, 7.322, 8.817, 10.072, 10.513, 13.018, 16.019, 16.148, 16.973, 17.798, 18.076, 18.44, 18.644, 19.173, 20.988, 21.927, 22.306, 22.416, 22.379, 23.994, 27.721, 30.182, 29.912, 29.539, 29.559, 29.001, 28.375, 28.929, 30.182, 30.393, 30.502, 29.876, 29.394, 28.789, 28.363, 28.603, 27.782, 26.956, 27.157, 25.901, 24.361, 24.564, 25.273, 25.179, 25.036, 25.438, 26.233, 25.114, 23.259, 22.446, 22.105, 22.384, 22.734, 21.641, 19.997, 20.615, 21.042, 20.852, 21.345, 21.95, 22.022, 23.281, 25.097, 25.233, 24.608, 24.395, 24.852, 25.132, 25.562, 25.976, 26.086, 25.917, 25.628, 25.011, 25.322, 25.734, 25.824, 26.208, 26.36, 25.42, 25.207, 25.232, 25.055, 25.258], [3.879, 0.0, 3.066, 5.593, 7.454, 8.779, 9.135, 11.526, 14.645, 14.796, 15.692, 16.564, 16.882, 17.244, 17.462, 18.056, 19.988, 20.948, 21.303, 21.407, 21.376, 23.058, 27.008, 29.621, 29.354, 28.948, 28.955, 28.383, 27.737, 28.282, 29.651, 29.943, 30.056, 29.431, 28.982, 28.412, 27.99, 28.25, 27.386, 26.504, 26.705, 25.439, 23.898, 24.106, 24.818, 24.71, 24.565, 24.976, 25.814, 24.665, 22.732, 21.894, 21.534, 21.815, 22.157, 20.994, 19.339, 20.292, 20.847, 20.664, 21.236, 21.971, 22.03, 23.311, 25.252, 25.422, 24.83, 24.675, 25.119, 25.29, 25.693, 26.148, 26.259, 26.063, 25.744, 25.029, 25.31, 25.766, 25.884, 26.259, 26.402, 25.499, 25.328, 25.354, 25.165, 25.402], [5.751, 3.066, 0.0, 3.323, 5.471, 6.954, 7.357, 9.873, 13.086, 13.251, 14.271, 15.158, 15.506, 15.857, 16.067, 16.676, 18.665, 19.629, 20.005, 20.147, 20.136, 21.883, 25.923, 28.554, 28.284, 27.889, 27.916, 27.362, 26.734, 27.274, 28.644, 28.973, 29.096, 28.516, 28.11, 27.571, 27.194, 27.489, 26.632, 25.765, 25.958, 24.712, 23.248, 23.433, 24.138, 24.073, 23.943, 24.406, 25.32, 24.269, 22.472, 21.703, 21.344, 21.615, 21.921, 20.721, 19.045, 20.005, 20.573, 20.401, 20.98, 21.746, 21.726, 22.912, 24.835, 25.014, 24.451, 24.324, 24.77, 24.894, 25.266, 25.716, 25.822, 25.597, 25.254, 24.494, 24.725, 25.184, 25.322, 25.697, 25.846, 24.969, 24.835, 24.87, 24.68, 24.932], [7.322, 5.593, 3.323, 0.0, 2.812, 4.967, 5.579, 8.583, 12.016, 12.207, 13.301, 14.221, 14.644, 14.962, 15.154, 15.842, 17.907, 18.872, 19.28, 19.482, 19.517, 21.42, 25.529, 28.12, 27.84, 27.457, 27.491, 26.929, 26.318, 26.871, 28.18, 28.493, 28.627, 28.055, 27.688, 27.174, 26.84, 27.209, 26.41, 25.575, 25.753, 24.527, 23.099, 23.272, 24.006, 23.98, 23.862, 24.403, 25.392, 24.384, 22.645, 21.907, 21.554, 21.824, 22.127, 20.893, 19.117, 20.038, 20.611, 20.44, 21.075, 21.891, 21.854, 22.976, 24.847, 25.03, 24.487, 24.399, 24.875, 25.019, 25.403, 25.864, 25.985, 25.751, 25.407, 24.652, 24.858, 25.293, 25.42, 25.789, 25.945, 25.045, 24.873, 24.901, 24.702, 24.938], [8.817, 7.454, 5.471, 2.812, 0.0, 2.972, 4.003, 7.292, 10.82, 11.022, 12.167, 13.121, 13.676, 13.979, 14.184, 14.96, 17.038, 17.993, 18.427, 18.679, 18.731, 20.746, 24.905, 27.46, 27.183, 26.798, 26.825, 26.273, 25.693, 26.249, 27.532, 27.864, 28.004, 27.446, 27.112, 26.624, 26.303, 26.699, 25.981, 25.213, 25.376, 24.213, 22.87, 23.029, 23.772, 23.764, 23.654, 24.247, 25.276, 24.304, 22.638, 21.939, 21.583, 21.857, 22.164, 20.93, 19.161, 20.054, 20.612, 20.484, 21.179, 22.012, 21.95, 23.01, 24.821, 25.002, 24.483, 24.444, 24.956, 25.114, 25.503, 25.976, 26.098, 25.854, 25.524, 24.765, 24.92, 25.329, 25.458, 25.83, 25.997, 25.119, 24.941, 24.965, 24.762, 24.988], [10.072, 8.779, 6.954, 4.967, 2.972, 0.0, 1.931, 5.715, 9.333, 9.598, 10.777, 11.735, 12.352, 12.659, 12.863, 13.736, 15.875, 16.852, 17.296, 17.568, 17.658, 19.814, 24.122, 26.712, 26.441, 26.054, 26.078, 25.522, 24.952, 25.511, 26.795, 27.142, 27.28, 26.726, 26.406, 25.918, 25.601, 26.012, 25.325, 24.628, 24.784, 23.651, 22.371, 22.524, 23.309, 23.323, 23.219, 23.836, 24.917, 23.966, 22.326, 21.637, 21.277, 21.567, 21.868, 20.571, 18.762, 19.733, 20.294, 20.212, 20.974, 21.824, 21.732, 22.782, 24.592, 24.774, 24.274, 24.268, 24.791, 24.939, 25.317, 25.786, 25.902, 25.655, 25.33, 24.543, 24.64, 25.03, 25.174, 25.567, 25.732, 24.827, 24.641, 24.67, 24.469, 24.701], [10.513, 9.135, 7.357, 5.579, 4.003, 1.931, 0.0, 5.047, 8.912, 9.235, 10.404, 11.343, 11.983, 12.306, 12.515, 13.382, 15.611, 16.61, 17.016, 17.27, 17.372, 19.516, 23.91, 26.565, 26.296, 25.905, 25.924, 25.359, 24.784, 25.351, 26.643, 26.995, 27.132, 26.581, 26.277, 25.796, 25.468, 25.882, 25.186, 24.49, 24.671, 23.537, 22.241, 22.4, 23.206, 23.241, 23.131, 23.743, 24.842, 23.891, 22.229, 21.522, 21.162, 21.455, 21.746, 20.409, 18.577, 19.635, 20.239, 20.168, 20.923, 21.784, 21.693, 22.773, 24.63, 24.819, 24.321, 24.299, 24.785, 24.898, 25.272, 25.752, 25.869, 25.616, 25.289, 24.489, 24.587, 24.989, 25.136, 25.529, 25.678, 24.734, 24.534, 24.564, 24.347, 24.57], [13.018, 11.526, 9.873, 8.583, 7.292, 5.715, 5.047, 0.0, 4.61, 5.133, 6.453, 7.797, 8.76, 9.072, 9.438, 10.377, 12.507, 13.534, 13.942, 14.191, 14.281, 16.543, 21.185, 23.984, 23.74, 23.268, 23.255, 22.713, 22.217, 22.922, 24.575, 25.191, 25.342, 24.884, 24.745, 24.359, 23.99, 24.379, 23.723, 23.023, 23.226, 22.424, 21.375, 21.541, 22.338, 22.302, 22.203, 22.8, 23.878, 23.013, 21.605, 21.001, 20.646, 20.929, 21.197, 19.949, 18.577, 19.691, 20.216, 20.233, 20.968, 21.851, 21.745, 22.72, 24.494, 24.674, 24.242, 24.279, 24.742, 24.775, 25.082, 25.532, 25.624, 25.362, 25.055, 24.216, 24.229, 24.597, 24.791, 25.203, 25.359, 24.52, 24.401, 24.434, 24.22, 24.452], [16.019, 14.645, 13.086, 12.016, 10.82, 9.333, 8.912, 4.61, 0.0, 1.843, 3.924, 5.375, 6.609, 6.735, 7.215, 8.323, 10.042, 10.77, 11.156, 11.42, 11.53, 13.92, 18.634, 21.413, 21.209, 20.701, 20.683, 20.217, 19.825, 20.627, 22.511, 23.329, 23.486, 23.137, 23.198, 22.955, 22.591, 22.971, 22.409, 21.83, 22.036, 21.576, 20.959, 21.077, 21.785, 21.712, 21.648, 22.268, 23.324, 22.62, 21.606, 21.223, 20.896, 21.155, 21.39, 20.295, 19.364, 20.273, 20.631, 20.733, 21.451, 22.31, 22.183, 22.958, 24.496, 24.638, 24.288, 24.405, 24.864, 24.847, 25.077, 25.46, 25.527, 25.26, 24.969, 24.13, 24.025, 24.329, 24.558, 24.983, 25.148, 24.416, 24.361, 24.395, 24.213, 24.455], [16.148, 14.796, 13.251, 12.207, 11.022, 9.598, 9.235, 5.133, 1.843, 0.0, 3.04, 4.893, 6.274, 6.401, 6.933, 8.138, 9.905, 10.661, 11.01, 11.285, 11.37, 13.759, 18.514, 21.314, 21.105, 20.582, 20.558, 20.096, 19.708, 20.511, 22.433, 23.282, 23.44, 23.075, 23.123, 22.888, 22.541, 22.919, 22.359, 21.765, 21.961, 21.516, 20.912, 21.076, 21.791, 21.698, 21.635, 22.253, 23.289, 22.559, 21.538, 21.165, 20.865, 21.134, 21.375, 20.314, 19.429, 20.327, 20.688, 20.795, 21.526, 22.387, 22.274, 23.037, 24.545, 24.684, 24.341, 24.458, 24.916, 24.902, 25.129, 25.508, 25.575, 25.319, 25.038, 24.213, 24.117, 24.415, 24.639, 25.062, 25.226, 24.498, 24.442, 24.478, 24.292, 24.531], [16.973, 15.692, 14.271, 13.301, 12.167, 10.777, 10.404, 6.453, 3.924, 3.04, 0.0, 3.076, 5.215, 5.381, 5.991, 7.283, 8.901, 9.683, 9.972, 10.216, 10.337, 12.928, 17.928, 20.811, 20.614, 20.103, 20.074, 19.577, 19.205, 20.025, 21.905, 22.766, 22.932, 22.545, 22.607, 22.375, 22.017, 22.373, 21.807, 21.195, 21.354, 21.017, 20.435, 20.683, 21.587, 21.532, 21.465, 22.045, 23.07, 22.33, 21.36, 20.998, 20.698, 20.963, 21.186, 20.071, 19.228, 20.264, 20.614, 20.758, 21.564, 22.474, 22.341, 23.11, 24.635, 24.773, 24.451, 24.599, 25.062, 25.014, 25.228, 25.614, 25.673, 25.406, 25.136, 24.302, 24.176, 24.446, 24.686, 25.127, 25.29, 24.547, 24.495, 24.538, 24.334, 24.58], [17.798, 16.564, 15.158, 14.221, 13.121, 11.735, 11.343, 7.797, 5.375, 4.893, 3.076, 0.0, 2.775, 3.185, 3.944, 5.406, 7.13, 8.007, 8.352, 8.609, 8.729, 11.469, 16.699, 19.683, 19.486, 19.049, 19.085, 18.601, 18.246, 19.095, 20.898, 21.676, 21.816, 21.458, 21.559, 21.341, 20.997, 21.388, 20.848, 20.298, 20.469, 20.206, 19.749, 19.994, 20.959, 20.992, 20.951, 21.558, 22.623, 21.977, 21.148, 20.829, 20.495, 20.739, 20.942, 19.78, 18.905, 19.919, 20.249, 20.467, 21.33, 22.269, 22.089, 22.787, 24.274, 24.402, 24.103, 24.3, 24.806, 24.752, 24.94, 25.304, 25.348, 25.046, 24.744, 23.89, 23.695, 23.919, 24.177, 24.638, 24.813, 24.087, 24.074, 24.129, 23.927, 24.2], [18.076, 16.882, 15.506, 14.644, 13.676, 12.352, 11.983, 8.76, 6.609, 6.274, 5.215, 2.775, 0.0, 1.388, 2.683, 4.336, 6.268, 7.296, 7.824, 8.094, 8.15, 10.849, 16.134, 19.194, 19.0, 18.621, 18.732, 18.273, 17.925, 18.798, 20.619, 21.344, 21.443, 21.108, 21.221, 21.011, 20.693, 21.131, 20.591, 20.062, 20.264, 19.998, 19.6, 19.825, 20.756, 20.813, 20.805, 21.417, 22.491, 21.904, 21.16, 20.871, 20.522, 20.752, 20.95, 19.811, 18.915, 19.809, 20.117, 20.355, 21.212, 22.142, 21.945, 22.621, 24.08, 24.205, 23.913, 24.111, 24.613, 24.553, 24.732, 25.069, 25.092, 24.78, 24.452, 23.592, 23.379, 23.588, 23.855, 24.327, 24.498, 23.781, 23.787, 23.85, 23.668, 23.957], [18.44, 17.244, 15.857, 14.962, 13.979, 12.659, 12.306, 9.072, 6.735, 6.401, 5.381, 3.185, 1.388, 0.0, 1.922, 3.962, 5.915, 6.929, 7.464, 7.767, 7.924, 10.793, 16.071, 19.082, 18.888, 18.506, 18.608, 18.156, 17.83, 18.702, 20.501, 21.235, 21.347, 21.03, 21.178, 21.005, 20.708, 21.155, 20.632, 20.111, 20.305, 20.063, 19.702, 19.925, 20.846, 20.909, 20.909, 21.535, 22.619, 22.059, 21.352, 21.087, 20.747, 20.968, 21.151, 20.014, 19.155, 20.037, 20.337, 20.576, 21.457, 22.399, 22.2, 22.857, 24.285, 24.4, 24.115, 24.318, 24.806, 24.736, 24.913, 25.243, 25.256, 24.938, 24.605, 23.742, 23.514, 23.711, 23.972, 24.438, 24.612, 23.896, 23.892, 23.951, 23.77, 24.049], [18.644, 17.462, 16.067, 15.154, 14.184, 12.863, 12.515, 9.438, 7.215, 6.933, 5.991, 3.944, 2.683, 1.922, 0.0, 2.829, 5.209, 6.304, 6.942, 7.338, 7.634, 10.727, 16.07, 19.084, 18.86, 18.467, 18.589, 18.149, 17.83, 18.694, 20.42, 21.094, 21.212, 20.883, 21.03, 20.868, 20.592, 21.067, 20.551, 20.035, 20.211, 19.944, 19.579, 19.798, 20.756, 20.872, 20.874, 21.522, 22.686, 22.187, 21.475, 21.189, 20.832, 21.041, 21.207, 20.018, 19.08, 19.961, 20.281, 20.517, 21.415, 22.382, 22.18, 22.819, 24.239, 24.356, 24.08, 24.309, 24.826, 24.768, 24.944, 25.261, 25.269, 24.943, 24.603, 23.736, 23.484, 23.672, 23.924, 24.378, 24.555, 23.819, 23.794, 23.855, 23.673, 23.951], [19.173, 18.056, 16.676, 15.842, 14.96, 13.736, 13.382, 10.377, 8.323, 8.138, 7.283, 5.406, 4.336, 3.962, 2.829, 0.0, 3.407, 4.994, 5.728, 6.273, 6.578, 9.521, 14.768, 17.846, 17.59, 17.207, 17.37, 16.944, 16.647, 17.541, 19.304, 19.993, 20.109, 19.839, 20.061, 19.926, 19.632, 20.103, 19.583, 19.059, 19.284, 19.113, 18.837, 19.032, 19.961, 20.134, 20.144, 20.785, 22.025, 21.753, 21.267, 21.007, 20.626, 20.793, 20.915, 19.794, 19.071, 19.87, 20.147, 20.431, 21.339, 22.328, 22.082, 22.619, 23.961, 24.059, 23.822, 24.092, 24.632, 24.562, 24.685, 24.944, 24.921, 24.573, 24.221, 23.348, 23.02, 23.156, 23.428, 23.871, 24.054, 23.362, 23.388, 23.461, 23.293, 23.588], [20.988, 19.988, 18.665, 17.907, 17.038, 15.875, 15.611, 12.507, 10.042, 9.905, 8.901, 7.13, 6.268, 5.915, 5.209, 3.407, 0.0, 2.388, 3.628, 4.355, 4.805, 7.986, 12.902, 15.796, 15.555, 15.202, 15.44, 15.091, 14.928, 15.926, 17.766, 18.545, 18.67, 18.523, 18.905, 18.879, 18.604, 19.07, 18.642, 18.231, 18.445, 18.61, 18.692, 18.853, 19.699, 19.874, 19.916, 20.508, 21.683, 21.599, 21.562, 21.484, 21.123, 21.262, 21.352, 20.387, 20.023, 20.582, 20.708, 21.065, 21.946, 22.908, 22.637, 22.957, 24.054, 24.109, 23.938, 24.278, 24.842, 24.773, 24.837, 25.029, 24.989, 24.636, 24.304, 23.46, 23.008, 23.057, 23.366, 23.822, 24.033, 23.482, 23.579, 23.655, 23.543, 23.855], [21.927, 20.948, 19.629, 18.872, 17.993, 16.852, 16.61, 13.534, 10.77, 10.661, 9.683, 8.007, 7.296, 6.929, 6.304, 4.994, 2.388, 0.0, 2.213, 3.325, 3.993, 7.439, 12.257, 14.989, 14.749, 14.415, 14.645, 14.34, 14.252, 15.263, 17.071, 17.897, 18.049, 17.972, 18.461, 18.524, 18.286, 18.745, 18.385, 18.084, 18.278, 18.557, 18.85, 18.989, 19.833, 20.046, 20.103, 20.713, 21.865, 21.808, 21.882, 21.926, 21.603, 21.735, 21.811, 20.881, 20.585, 21.044, 21.119, 21.473, 22.327, 23.276, 23.019, 23.252, 24.229, 24.258, 24.115, 24.502, 25.083, 25.014, 25.059, 25.224, 25.177, 24.819, 24.492, 23.665, 23.18, 23.204, 23.498, 23.941, 24.156, 23.635, 23.727, 23.806, 23.712, 24.025], [22.306, 21.303, 20.005, 19.28, 18.427, 17.296, 17.016, 13.942, 11.156, 11.01, 9.972, 8.352, 7.824, 7.464, 6.942, 5.728, 3.628, 2.213, 0.0, 1.674, 2.852, 6.682, 11.75, 14.568, 14.33, 14.007, 14.195, 13.834, 13.736, 14.746, 16.601, 17.486, 17.688, 17.66, 18.197, 18.306, 18.086, 18.532, 18.143, 17.82, 18.021, 18.337, 18.663, 18.823, 19.659, 19.877, 19.925, 20.531, 21.654, 21.585, 21.663, 21.737, 21.491, 21.634, 21.691, 20.738, 20.505, 21.027, 21.113, 21.47, 22.341, 23.313, 23.062, 23.316, 24.309, 24.32, 24.185, 24.598, 25.187, 25.099, 25.136, 25.304, 25.252, 24.884, 24.548, 23.716, 23.248, 23.278, 23.572, 24.002, 24.21, 23.674, 23.771, 23.85, 23.724, 24.038], [22.416, 21.407, 20.147, 19.482, 18.679, 17.568, 17.27, 14.191, 11.42, 11.285, 10.216, 8.609, 8.094, 7.767, 7.338, 6.273, 4.355, 3.325, 1.674, 0.0, 1.977, 6.25, 11.536, 14.471, 14.279, 13.974, 14.147, 13.769, 13.661, 14.705, 16.632, 17.543, 17.764, 17.768, 18.305, 18.413, 18.185, 18.619, 18.182, 17.815, 18.026, 18.358, 18.681, 18.841, 19.651, 19.835, 19.878, 20.457, 21.543, 21.446, 21.538, 21.613, 21.376, 21.531, 21.593, 20.642, 20.433, 20.981, 21.058, 21.421, 22.276, 23.238, 22.999, 23.29, 24.321, 24.333, 24.199, 24.607, 25.187, 25.08, 25.115, 25.291, 25.243, 24.876, 24.541, 23.703, 23.258, 23.307, 23.616, 24.054, 24.255, 23.718, 23.823, 23.902, 23.763, 24.073], [22.379, 21.376, 20.136, 19.517, 18.731, 17.658, 17.372, 14.281, 11.53, 11.37, 10.337, 8.729, 8.15, 7.924, 7.634, 6.578, 4.805, 3.993, 2.852, 1.977, 0.0, 4.984, 10.802, 13.959, 13.811, 13.518, 13.691, 13.31, 13.186, 14.254, 16.384, 17.411, 17.611, 17.616, 18.12, 18.205, 17.955, 18.383, 17.932, 17.542, 17.774, 18.136, 18.497, 18.641, 19.391, 19.545, 19.594, 20.151, 21.196, 21.107, 21.262, 21.363, 21.119, 21.28, 21.384, 20.547, 20.45, 20.951, 21.001, 21.388, 22.205, 23.114, 22.865, 23.157, 24.194, 24.218, 24.081, 24.47, 25.038, 24.911, 24.927, 25.096, 25.047, 24.689, 24.354, 23.513, 23.074, 23.131, 23.454, 23.895, 24.082, 23.561, 23.693, 23.772, 23.626, 23.926], [23.994, 23.058, 21.883, 21.42, 20.746, 19.814, 19.516, 16.543, 13.92, 13.759, 12.928, 11.469, 10.849, 10.793, 10.727, 9.521, 7.986, 7.439, 6.682, 6.25, 4.984, 0.0, 6.808, 10.695, 10.648, 10.445, 10.752, 10.447, 10.342, 11.417, 13.936, 15.348, 15.558, 15.791, 16.485, 16.723, 16.47, 16.87, 16.451, 16.043, 16.336, 17.014, 17.757, 17.807, 18.282, 18.371, 18.455, 18.952, 19.888, 20.074, 20.701, 20.972, 20.762, 20.865, 20.923, 20.591, 21.351, 21.722, 21.713, 22.206, 22.962, 23.776, 23.5, 23.642, 24.505, 24.518, 24.44, 24.835, 25.336, 25.085, 24.978, 25.069, 24.975, 24.616, 24.27, 23.452, 22.967, 22.988, 23.322, 23.707, 23.837, 23.427, 23.69, 23.78, 23.624, 23.907], [27.721, 27.008, 25.923, 25.529, 24.905, 24.122, 23.91, 21.185, 18.634, 18.514, 17.928, 16.699, 16.134, 16.071, 16.07, 14.768, 12.902, 12.257, 11.75, 11.536, 10.802, 6.808, 0.0, 4.644, 4.959, 5.243, 6.071, 6.308, 6.753, 7.836, 10.348, 12.133, 12.473, 13.424, 14.681, 15.348, 15.215, 15.502, 15.301, 15.075, 15.348, 16.63, 18.149, 18.033, 17.954, 17.965, 18.13, 18.548, 19.251, 20.062, 21.671, 22.295, 22.167, 22.169, 22.066, 22.328, 24.214, 24.182, 23.965, 24.551, 25.267, 26.0, 25.695, 25.437, 25.795, 25.764, 25.826, 26.348, 26.846, 26.536, 26.279, 26.225, 26.077, 25.723, 25.395, 24.692, 24.101, 23.984, 24.298, 24.61, 24.719, 24.598, 25.024, 25.123, 25.044, 25.313], [30.182, 29.621, 28.554, 28.12, 27.46, 26.712, 26.565, 23.984, 21.413, 21.314, 20.811, 19.683, 19.194, 19.082, 19.084, 17.846, 15.796, 14.989, 14.568, 14.471, 13.959, 10.695, 4.644, 0.0, 1.642, 3.111, 4.341, 5.369, 6.461, 7.256, 9.01, 10.825, 11.237, 12.649, 14.219, 15.166, 15.202, 15.441, 15.504, 15.543, 15.738, 17.307, 19.269, 19.064, 18.721, 18.726, 18.94, 19.402, 19.963, 20.993, 23.093, 23.949, 23.9, 23.879, 23.71, 24.115, 26.352, 26.056, 25.673, 26.272, 26.999, 27.697, 27.367, 26.839, 26.849, 26.789, 26.928, 27.549, 28.1, 27.831, 27.515, 27.366, 27.205, 26.855, 26.544, 25.946, 25.302, 25.092, 25.371, 25.641, 25.756, 25.765, 26.231, 26.334, 26.316, 26.578], [29.912, 29.354, 28.284, 27.84, 27.183, 26.441, 26.296, 23.74, 21.209, 21.105, 20.614, 19.486, 19.0, 18.888, 18.86, 17.59, 15.555, 14.749, 14.33, 14.279, 13.811, 10.648, 4.959, 1.642, 0.0, 2.248, 3.865, 4.984, 6.161, 7.024, 8.728, 10.493, 10.892, 12.263, 13.856, 14.818, 14.886, 15.176, 15.235, 15.245, 15.448, 16.985, 18.924, 18.721, 18.39, 18.418, 18.633, 19.119, 19.718, 20.749, 22.826, 23.69, 23.65, 23.634, 23.468, 23.832, 26.023, 25.736, 25.375, 25.987, 26.733, 27.449, 27.113, 26.574, 26.585, 26.524, 26.665, 27.291, 27.858, 27.604, 27.287, 27.135, 26.982, 26.637, 26.326, 25.728, 25.078, 24.866, 25.142, 25.413, 25.538, 25.554, 26.029, 26.134, 26.12, 26.393], [29.539, 28.948, 27.889, 27.457, 26.798, 26.054, 25.905, 23.268, 20.701, 20.582, 20.103, 19.049, 18.621, 18.506, 18.467, 17.207, 15.202, 14.415, 14.007, 13.974, 13.518, 10.445, 5.243, 3.111, 2.248, 0.0, 2.373, 3.999, 5.349, 6.358, 8.75, 10.785, 11.146, 12.359, 13.842, 14.763, 14.791, 15.094, 15.128, 15.035, 15.248, 16.774, 18.638, 18.454, 18.108, 18.064, 18.257, 18.708, 19.301, 20.284, 22.282, 23.129, 23.11, 23.119, 22.963, 23.341, 25.587, 25.337, 24.997, 25.628, 26.357, 27.069, 26.749, 26.251, 26.322, 26.279, 26.413, 27.03, 27.6, 27.353, 27.051, 26.924, 26.785, 26.444, 26.139, 25.534, 24.913, 24.753, 25.039, 25.308, 25.424, 25.432, 25.902, 25.999, 25.967, 26.232], [29.559, 28.955, 27.916, 27.491, 26.825, 26.078, 25.924, 23.255, 20.683, 20.558, 20.074, 19.085, 18.732, 18.608, 18.589, 17.37, 15.44, 14.645, 14.195, 14.147, 13.691, 10.752, 6.071, 4.341, 3.865, 2.373, 0.0, 2.473, 4.289, 5.391, 8.182, 10.485, 10.839, 12.055, 13.578, 14.537, 14.562, 14.858, 14.901, 14.764, 14.972, 16.51, 18.383, 18.221, 17.87, 17.796, 17.969, 18.436, 19.035, 19.983, 21.927, 22.79, 22.798, 22.82, 22.665, 23.031, 25.345, 25.188, 24.852, 25.511, 26.315, 27.06, 26.744, 26.262, 26.353, 26.306, 26.434, 27.065, 27.641, 27.395, 27.096, 26.976, 26.834, 26.495, 26.197, 25.581, 24.981, 24.848, 25.123, 25.385, 25.495, 25.496, 25.961, 26.056, 26.005, 26.253], [29.001, 28.383, 27.362, 26.929, 26.273, 25.522, 25.359, 22.713, 20.217, 20.096, 19.577, 18.601, 18.273, 18.156, 18.149, 16.944, 15.091, 14.34, 13.834, 13.769, 13.31, 10.447, 6.308, 5.369, 4.984, 3.999, 2.473, 0.0, 2.317, 3.985, 7.27, 9.764, 10.082, 11.131, 12.629, 13.582, 13.605, 13.967, 13.952, 13.727, 13.961, 15.51, 17.376, 17.235, 16.931, 16.862, 17.032, 17.557, 18.218, 19.146, 21.044, 21.906, 21.943, 21.984, 21.834, 22.158, 24.523, 24.507, 24.215, 24.905, 25.827, 26.671, 26.364, 25.934, 26.102, 26.049, 26.159, 26.804, 27.39, 27.126, 26.833, 26.728, 26.578, 26.231, 25.928, 25.284, 24.681, 24.554, 24.826, 25.096, 25.202, 25.16, 25.618, 25.711, 25.635, 25.882], [28.375, 27.737, 26.734, 26.318, 25.693, 24.952, 24.784, 22.217, 19.825, 19.708, 19.205, 18.246, 17.925, 17.83, 17.83, 16.647, 14.928, 14.252, 13.736, 13.661, 13.186, 10.342, 6.753, 6.461, 6.161, 5.349, 4.289, 2.317, 0.0, 2.738, 6.867, 9.486, 9.744, 10.546, 11.879, 12.739, 12.716, 13.136, 13.045, 12.705, 12.991, 14.531, 16.391, 16.251, 15.907, 15.782, 15.95, 16.486, 17.179, 18.101, 19.988, 20.857, 20.915, 20.962, 20.81, 21.171, 23.715, 23.83, 23.574, 24.275, 25.246, 26.146, 25.854, 25.485, 25.733, 25.688, 25.775, 26.411, 27.003, 26.723, 26.436, 26.349, 26.198, 25.845, 25.527, 24.846, 24.243, 24.134, 24.424, 24.715, 24.812, 24.743, 25.213, 25.303, 25.213, 25.468], [28.929, 28.282, 27.274, 26.871, 26.249, 25.511, 25.351, 22.922, 20.627, 20.511, 20.025, 19.095, 18.798, 18.702, 18.694, 17.541, 15.926, 15.263, 14.746, 14.705, 14.254, 11.417, 7.836, 7.256, 7.024, 6.358, 5.391, 3.985, 2.738, 0.0, 5.483, 8.703, 8.902, 9.678, 11.03, 12.001, 12.014, 12.417, 12.423, 12.152, 12.39, 14.008, 16.07, 15.904, 15.456, 15.359, 15.531, 16.077, 16.782, 17.805, 19.822, 20.785, 20.89, 20.904, 20.714, 21.211, 24.008, 24.107, 23.839, 24.536, 25.54, 26.442, 26.111, 25.674, 25.862, 25.81, 25.914, 26.581, 27.18, 26.875, 26.557, 26.453, 26.286, 25.91, 25.578, 24.899, 24.272, 24.161, 24.449, 24.714, 24.79, 24.738, 25.237, 25.334, 25.232, 25.48], [30.182, 29.651, 28.644, 28.18, 27.532, 26.795, 26.643, 24.575, 22.511, 22.433, 21.905, 20.898, 20.619, 20.501, 20.42, 19.304, 17.766, 17.071, 16.601, 16.632, 16.384, 13.936, 10.348, 9.01, 8.728, 8.75, 8.182, 7.27, 6.867, 5.483, 0.0, 3.981, 4.578, 6.331, 8.558, 10.075, 10.499, 10.932, 11.309, 11.596, 11.617, 13.26, 15.703, 15.501, 15.24, 15.563, 15.782, 16.548, 17.46, 18.682, 20.84, 21.896, 21.999, 21.956, 21.701, 22.05, 24.626, 24.59, 24.275, 24.983, 26.149, 27.155, 26.78, 26.09, 26.05, 25.98, 26.142, 26.929, 27.604, 27.321, 26.965, 26.826, 26.658, 26.264, 25.932, 25.317, 24.596, 24.366, 24.575, 24.77, 24.867, 24.88, 25.406, 25.513, 25.44, 25.724], [30.393, 29.943, 28.973, 28.493, 27.864, 27.142, 26.995, 25.191, 23.329, 23.282, 22.766, 21.676, 21.344, 21.235, 21.094, 19.993, 18.545, 17.897, 17.486, 17.543, 17.411, 15.348, 12.133, 10.825, 10.493, 10.785, 10.485, 9.764, 9.486, 8.703, 3.981, 0.0, 2.113, 5.264, 7.872, 9.47, 10.117, 10.622, 11.139, 11.77, 11.715, 13.122, 15.536, 15.332, 15.29, 15.911, 16.17, 17.008, 18.021, 19.301, 21.409, 22.419, 22.461, 22.382, 22.108, 22.241, 24.447, 24.332, 24.01, 24.745, 25.999, 27.078, 26.713, 25.95, 25.838, 25.76, 25.942, 26.79, 27.529, 27.283, 26.922, 26.782, 26.627, 26.228, 25.892, 25.314, 24.563, 24.261, 24.416, 24.573, 24.695, 24.742, 25.272, 25.391, 25.357, 25.677], [30.502, 30.056, 29.096, 28.627, 28.004, 27.28, 27.132, 25.342, 23.486, 23.44, 22.932, 21.816, 21.443, 21.347, 21.212, 20.109, 18.67, 18.049, 17.688, 17.764, 17.611, 15.558, 12.473, 11.237, 10.892, 11.146, 10.839, 10.082, 9.744, 8.902, 4.578, 2.113, 0.0, 3.733, 6.656, 8.397, 9.095, 9.657, 10.286, 11.059, 11.065, 12.55, 15.081, 14.882, 14.895, 15.576, 15.841, 16.743, 17.791, 19.09, 21.25, 22.283, 22.337, 22.268, 22.004, 22.154, 24.369, 24.253, 23.92, 24.694, 25.983, 27.077, 26.729, 25.965, 25.836, 25.746, 25.922, 26.769, 27.521, 27.289, 26.918, 26.759, 26.596, 26.208, 25.884, 25.308, 24.527, 24.204, 24.357, 24.516, 24.632, 24.646, 25.173, 25.288, 25.241, 25.556], [29.876, 29.431, 28.516, 28.055, 27.446, 26.726, 26.581, 24.884, 23.137, 23.075, 22.545, 21.458, 21.108, 21.03, 20.883, 19.839, 18.523, 17.972, 17.66, 17.768, 17.616, 15.791, 13.424, 12.649, 12.263, 12.359, 12.055, 11.131, 10.546, 9.678, 6.331, 5.264, 3.733, 0.0, 3.56, 5.791, 6.692, 7.518, 8.303, 9.219, 9.291, 10.787, 13.432, 13.315, 13.561, 14.33, 14.597, 15.685, 16.884, 18.045, 20.111, 21.162, 21.279, 21.274, 21.054, 21.16, 23.382, 23.395, 23.102, 23.9, 25.316, 26.512, 26.219, 25.521, 25.474, 25.396, 25.549, 26.416, 27.208, 26.99, 26.629, 26.478, 26.319, 25.954, 25.643, 25.054, 24.257, 23.934, 24.087, 24.266, 24.365, 24.264, 24.734, 24.826, 24.743, 25.062], [29.394, 28.982, 28.11, 27.688, 27.112, 26.406, 26.277, 24.745, 23.198, 23.123, 22.607, 21.559, 21.221, 21.178, 21.03, 20.061, 18.905, 18.461, 18.197, 18.305, 18.12, 16.485, 14.681, 14.219, 13.856, 13.842, 13.578, 12.629, 11.879, 11.03, 8.558, 7.872, 6.656, 3.56, 0.0, 2.854, 4.298, 5.47, 6.498, 7.662, 7.803, 9.166, 11.851, 11.803, 12.258, 13.176, 13.46, 14.663, 15.952, 17.04, 19.051, 20.117, 20.292, 20.347, 20.154, 20.241, 22.441, 22.499, 22.24, 23.049, 24.507, 25.749, 25.506, 24.892, 24.943, 24.897, 25.039, 25.924, 26.762, 26.554, 26.199, 26.072, 25.931, 25.565, 25.248, 24.677, 23.896, 23.586, 23.732, 23.909, 23.979, 23.829, 24.301, 24.39, 24.293, 24.61], [28.789, 28.412, 27.571, 27.174, 26.624, 25.918, 25.796, 24.359, 22.955, 22.888, 22.375, 21.341, 21.011, 21.005, 20.868, 19.926, 18.879, 18.524, 18.306, 18.413, 18.205, 16.723, 15.348, 15.166, 14.818, 14.763, 14.537, 13.582, 12.739, 12.001, 10.075, 9.47, 8.397, 5.791, 2.854, 0.0, 2.232, 4.034, 5.287, 6.757, 7.061, 8.317, 10.785, 10.736, 11.492, 12.559, 12.828, 14.043, 15.412, 16.485, 18.416, 19.429, 19.589, 19.663, 19.482, 19.525, 21.638, 21.719, 21.469, 22.261, 23.704, 24.952, 24.737, 24.183, 24.298, 24.268, 24.396, 25.255, 26.098, 25.917, 25.573, 25.469, 25.359, 24.996, 24.684, 24.129, 23.348, 23.027, 23.164, 23.336, 23.385, 23.201, 23.68, 23.772, 23.668, 23.992], [28.363, 27.99, 27.194, 26.84, 26.303, 25.601, 25.468, 23.99, 22.591, 22.541, 22.017, 20.997, 20.693, 20.708, 20.592, 19.632, 18.604, 18.286, 18.086, 18.185, 17.955, 16.47, 15.215, 15.202, 14.886, 14.791, 14.562, 13.605, 12.716, 12.014, 10.499, 10.117, 9.095, 6.692, 4.298, 2.232, 0.0, 2.563, 4.225, 6.005, 6.549, 8.036, 10.407, 10.325, 11.216, 12.267, 12.5, 13.644, 14.993, 16.081, 18.011, 18.975, 19.101, 19.175, 19.004, 19.072, 21.302, 21.448, 21.201, 22.002, 23.436, 24.664, 24.433, 23.9, 24.054, 24.026, 24.139, 24.983, 25.82, 25.649, 25.319, 25.225, 25.116, 24.751, 24.449, 23.888, 23.103, 22.778, 22.923, 23.106, 23.16, 22.964, 23.441, 23.529, 23.422, 23.747], [28.603, 28.25, 27.489, 27.209, 26.699, 26.012, 25.882, 24.379, 22.971, 22.919, 22.373, 21.388, 21.131, 21.155, 21.067, 20.103, 19.07, 18.745, 18.532, 18.619, 18.383, 16.87, 15.502, 15.441, 15.176, 15.094, 14.858, 13.967, 13.136, 12.417, 10.932, 10.622, 9.657, 7.518, 5.47, 4.034, 2.563, 0.0, 2.778, 5.377, 6.016, 7.778, 10.259, 10.196, 11.128, 12.18, 12.409, 13.521, 14.781, 15.952, 17.964, 18.942, 19.064, 19.114, 18.925, 19.076, 21.48, 21.615, 21.34, 22.173, 23.615, 24.81, 24.549, 23.954, 24.052, 24.007, 24.133, 24.999, 25.858, 25.7, 25.37, 25.291, 25.189, 24.813, 24.523, 23.979, 23.183, 22.845, 22.981, 23.156, 23.225, 23.066, 23.56, 23.646, 23.545, 23.875], [27.782, 27.386, 26.632, 26.41, 25.981, 25.325, 25.186, 23.723, 22.409, 22.359, 21.807, 20.848, 20.591, 20.632, 20.551, 19.583, 18.642, 18.385, 18.143, 18.182, 17.932, 16.451, 15.301, 15.504, 15.235, 15.128, 14.901, 13.952, 13.045, 12.423, 11.309, 11.139, 10.286, 8.303, 6.498, 5.287, 4.225, 2.778, 0.0, 3.254, 4.163, 5.965, 8.585, 8.545, 9.624, 10.744, 10.965, 12.146, 13.521, 14.692, 16.687, 17.666, 17.82, 17.908, 17.712, 17.856, 20.371, 20.665, 20.453, 21.33, 22.866, 24.139, 23.882, 23.362, 23.599, 23.566, 23.672, 24.538, 25.408, 25.24, 24.93, 24.893, 24.815, 24.437, 24.14, 23.548, 22.781, 22.493, 22.651, 22.858, 22.926, 22.705, 23.179, 23.267, 23.136, 23.469], [26.956, 26.504, 25.765, 25.575, 25.213, 24.628, 24.49, 23.023, 21.83, 21.765, 21.195, 20.298, 20.062, 20.111, 20.035, 19.059, 18.231, 18.084, 17.82, 17.815, 17.542, 16.043, 15.075, 15.543, 15.245, 15.035, 14.764, 13.727, 12.705, 12.152, 11.596, 11.77, 11.059, 9.219, 7.662, 6.757, 6.005, 5.377, 3.254, 0.0, 2.168, 4.431, 6.978, 7.097, 8.119, 9.106, 9.294, 10.494, 12.009, 13.15, 15.126, 16.126, 16.362, 16.508, 16.308, 16.532, 19.446, 20.042, 19.942, 20.839, 22.434, 23.763, 23.52, 23.135, 23.56, 23.558, 23.643, 24.483, 25.324, 25.109, 24.824, 24.825, 24.742, 24.379, 24.072, 23.418, 22.727, 22.517, 22.707, 22.949, 23.012, 22.745, 23.203, 23.288, 23.113, 23.429], [27.157, 26.705, 25.958, 25.753, 25.376, 24.784, 24.671, 23.226, 22.036, 21.961, 21.354, 20.469, 20.264, 20.305, 20.211, 19.284, 18.445, 18.278, 18.021, 18.026, 17.774, 16.336, 15.348, 15.738, 15.448, 15.248, 14.972, 13.961, 12.991, 12.39, 11.617, 11.715, 11.065, 9.291, 7.803, 7.061, 6.549, 6.016, 4.163, 2.168, 0.0, 3.565, 6.58, 6.774, 8.031, 9.066, 9.265, 10.446, 12.046, 13.115, 15.055, 16.091, 16.338, 16.532, 16.352, 16.509, 19.395, 19.993, 19.889, 20.798, 22.457, 23.832, 23.586, 23.168, 23.577, 23.581, 23.68, 24.567, 25.449, 25.253, 24.976, 24.993, 24.924, 24.564, 24.28, 23.624, 22.937, 22.741, 22.937, 23.185, 23.265, 23.008, 23.436, 23.519, 23.34, 23.658], [25.901, 25.439, 24.712, 24.527, 24.213, 23.651, 23.537, 22.424, 21.576, 21.516, 21.017, 20.206, 19.998, 20.063, 19.944, 19.113, 18.61, 18.557, 18.337, 18.358, 18.136, 17.014, 16.63, 17.307, 16.985, 16.774, 16.51, 15.51, 14.531, 14.008, 13.26, 13.122, 12.55, 10.787, 9.166, 8.317, 8.036, 7.778, 5.965, 4.431, 3.565, 0.0, 3.816, 4.215, 6.142, 7.694, 7.906, 9.568, 11.647, 12.588, 14.055, 14.963, 15.178, 15.411, 15.27, 15.273, 17.899, 18.764, 18.789, 19.656, 21.444, 22.945, 22.761, 22.513, 23.127, 23.159, 23.214, 24.089, 24.992, 24.817, 24.595, 24.678, 24.643, 24.279, 23.966, 23.286, 22.673, 22.546, 22.725, 22.969, 23.024, 22.632, 22.978, 23.058, 22.844, 23.152], [24.361, 23.898, 23.248, 23.099, 22.87, 22.371, 22.241, 21.375, 20.959, 20.912, 20.435, 19.749, 19.6, 19.702, 19.579, 18.837, 18.692, 18.85, 18.663, 18.681, 18.497, 17.757, 18.149, 19.269, 18.924, 18.638, 18.383, 17.376, 16.391, 16.07, 15.703, 15.536, 15.081, 13.432, 11.851, 10.785, 10.407, 10.259, 8.585, 6.978, 6.58, 3.816, 0.0, 2.302, 5.694, 7.366, 7.458, 9.17, 11.525, 12.241, 13.021, 13.559, 13.726, 13.998, 13.879, 13.676, 16.19, 17.517, 17.753, 18.544, 20.378, 21.983, 21.875, 21.899, 22.803, 22.866, 22.862, 23.667, 24.525, 24.345, 24.197, 24.371, 24.368, 24.017, 23.697, 22.999, 22.51, 22.46, 22.625, 22.865, 22.902, 22.393, 22.667, 22.745, 22.485, 22.776], [24.564, 24.106, 23.433, 23.272, 23.029, 22.524, 22.4, 21.541, 21.077, 21.076, 20.683, 19.994, 19.825, 19.925, 19.798, 19.032, 18.853, 18.989, 18.823, 18.841, 18.641, 17.807, 18.033, 19.064, 18.721, 18.454, 18.221, 17.235, 16.251, 15.904, 15.501, 15.332, 14.882, 13.315, 11.803, 10.736, 10.325, 10.196, 8.545, 7.097, 6.774, 4.215, 2.302, 0.0, 4.204, 6.259, 6.401, 8.33, 10.878, 11.809, 12.809, 13.411, 13.517, 13.772, 13.641, 13.532, 16.253, 17.522, 17.742, 18.547, 20.381, 22.0, 21.864, 21.837, 22.703, 22.76, 22.777, 23.61, 24.482, 24.291, 24.123, 24.291, 24.294, 23.934, 23.609, 22.908, 22.397, 22.349, 22.526, 22.759, 22.791, 22.314, 22.615, 22.688, 22.431, 22.731], [25.273, 24.818, 24.138, 24.006, 23.772, 23.309, 23.206, 22.338, 21.785, 21.791, 21.587, 20.959, 20.756, 20.846, 20.756, 19.961, 19.699, 19.833, 19.659, 19.651, 19.391, 18.282, 17.954, 18.721, 18.39, 18.108, 17.87, 16.931, 15.907, 15.456, 15.24, 15.29, 14.895, 13.561, 12.258, 11.492, 11.216, 11.128, 9.624, 8.119, 8.031, 6.142, 5.694, 4.204, 0.0, 2.918, 3.294, 5.791, 8.649, 10.155, 11.835, 12.712, 12.877, 13.072, 12.895, 13.345, 17.031, 18.223, 18.377, 19.22, 20.98, 22.53, 22.336, 22.208, 22.959, 22.996, 23.057, 23.905, 24.764, 24.52, 24.307, 24.446, 24.431, 24.076, 23.733, 23.026, 22.502, 22.475, 22.733, 23.001, 23.031, 22.732, 23.157, 23.222, 22.984, 23.287], [25.179, 24.71, 24.073, 23.98, 23.764, 23.323, 23.241, 22.302, 21.712, 21.698, 21.532, 20.992, 20.813, 20.909, 20.872, 20.134, 19.874, 20.046, 19.877, 19.835, 19.545, 18.371, 17.965, 18.726, 18.418, 18.064, 17.796, 16.862, 15.782, 15.359, 15.563, 15.911, 15.576, 14.33, 13.176, 12.559, 12.267, 12.18, 10.744, 9.106, 9.066, 7.694, 7.366, 6.259, 2.918, 0.0, 1.372, 4.518, 7.289, 8.812, 10.703, 11.683, 11.959, 12.207, 12.038, 12.835, 17.251, 18.561, 18.681, 19.523, 21.226, 22.709, 22.526, 22.447, 23.212, 23.262, 23.31, 24.116, 24.941, 24.679, 24.481, 24.637, 24.62, 24.288, 23.952, 23.229, 22.746, 22.751, 23.073, 23.418, 23.439, 23.162, 23.612, 23.665, 23.425, 23.72], [25.036, 24.565, 23.943, 23.862, 23.654, 23.219, 23.131, 22.203, 21.648, 21.635, 21.465, 20.951, 20.805, 20.909, 20.874, 20.144, 19.916, 20.103, 19.925, 19.878, 19.594, 18.455, 18.13, 18.94, 18.633, 18.257, 17.969, 17.032, 15.95, 15.531, 15.782, 16.17, 15.841, 14.597, 13.46, 12.828, 12.5, 12.409, 10.965, 9.294, 9.265, 7.906, 7.458, 6.401, 3.294, 1.372, 0.0, 3.865, 6.879, 8.465, 10.389, 11.377, 11.661, 11.911, 11.719, 12.494, 17.0, 18.363, 18.501, 19.338, 21.062, 22.575, 22.394, 22.318, 23.094, 23.143, 23.189, 24.002, 24.836, 24.574, 24.378, 24.54, 24.528, 24.205, 23.88, 23.149, 22.663, 22.673, 22.997, 23.339, 23.376, 23.111, 23.56, 23.612, 23.366, 23.664], [25.438, 24.976, 24.406, 24.403, 24.247, 23.836, 23.743, 22.8, 22.268, 22.253, 22.045, 21.558, 21.417, 21.535, 21.522, 20.785, 20.508, 20.713, 20.531, 20.457, 20.151, 18.952, 18.548, 19.402, 19.119, 18.708, 18.436, 17.557, 16.486, 16.077, 16.548, 17.008, 16.743, 15.685, 14.663, 14.043, 13.644, 13.521, 12.146, 10.494, 10.446, 9.568, 9.17, 8.33, 5.791, 4.518, 3.865, 0.0, 3.94, 6.596, 9.38, 10.578, 10.922, 11.07, 10.736, 11.78, 16.871, 18.206, 18.338, 19.246, 20.866, 22.339, 22.129, 22.03, 22.793, 22.83, 22.903, 23.737, 24.561, 24.232, 23.979, 24.127, 24.099, 23.79, 23.489, 22.746, 22.25, 22.288, 22.687, 23.045, 23.107, 23.101, 23.694, 23.747, 23.517, 23.836], [26.233, 25.814, 25.32, 25.392, 25.276, 24.917, 24.842, 23.878, 23.324, 23.289, 23.07, 22.623, 22.491, 22.619, 22.686, 22.025, 21.683, 21.865, 21.654, 21.543, 21.196, 19.888, 19.251, 19.963, 19.718, 19.301, 19.035, 18.218, 17.179, 16.782, 17.46, 18.021, 17.791, 16.884, 15.952, 15.412, 14.993, 14.781, 13.521, 12.009, 12.046, 11.647, 11.525, 10.878, 8.649, 7.289, 6.879, 3.94, 0.0, 4.407, 8.553, 10.115, 10.717, 10.836, 10.445, 11.975, 17.718, 18.898, 18.952, 19.971, 21.472, 22.783, 22.561, 22.4, 23.059, 23.086, 23.178, 24.019, 24.846, 24.498, 24.212, 24.349, 24.32, 24.027, 23.733, 23.035, 22.591, 22.645, 23.061, 23.429, 23.491, 23.642, 24.34, 24.389, 24.169, 24.491], [25.114, 24.665, 24.269, 24.384, 24.304, 23.966, 23.891, 23.013, 22.62, 22.559, 22.33, 21.977, 21.904, 22.059, 22.187, 21.753, 21.599, 21.808, 21.585, 21.446, 21.107, 20.074, 20.062, 20.993, 20.749, 20.284, 19.983, 19.146, 18.101, 17.805, 18.682, 19.301, 19.09, 18.045, 17.04, 16.485, 16.081, 15.952, 14.692, 13.15, 13.115, 12.588, 12.241, 11.809, 10.155, 8.812, 8.465, 6.596, 4.407, 0.0, 5.085, 7.159, 8.19, 8.653, 8.566, 10.219, 16.376, 18.014, 18.152, 19.177, 20.778, 22.141, 22.012, 22.033, 22.883, 22.955, 22.978, 23.787, 24.661, 24.382, 24.189, 24.423, 24.453, 24.188, 23.921, 23.203, 22.888, 23.039, 23.408, 23.787, 23.863, 23.857, 24.408, 24.444, 24.195, 24.518], [23.259, 22.732, 22.472, 22.645, 22.638, 22.326, 22.229, 21.605, 21.606, 21.538, 21.36, 21.148, 21.16, 21.352, 21.475, 21.267, 21.562, 21.882, 21.663, 21.538, 21.262, 20.701, 21.671, 23.093, 22.826, 22.282, 21.927, 21.044, 19.988, 19.822, 20.84, 21.409, 21.25, 20.111, 19.051, 18.416, 18.011, 17.964, 16.687, 15.126, 15.055, 14.055, 13.021, 12.809, 11.835, 10.703, 10.389, 9.38, 8.553, 5.085, 0.0, 2.914, 4.979, 6.081, 6.508, 8.081, 14.269, 16.825, 17.276, 18.171, 19.768, 21.197, 21.236, 21.696, 22.983, 23.124, 23.03, 23.704, 24.514, 24.254, 24.192, 24.578, 24.666, 24.411, 24.149, 23.378, 23.245, 23.532, 23.84, 24.21, 24.264, 24.036, 24.417, 24.439, 24.134, 24.433], [22.446, 21.894, 21.703, 21.907, 21.939, 21.637, 21.522, 21.001, 21.223, 21.165, 20.998, 20.829, 20.871, 21.087, 21.189, 21.007, 21.484, 21.926, 21.737, 21.613, 21.363, 20.972, 22.295, 23.949, 23.69, 23.129, 22.79, 21.906, 20.857, 20.785, 21.896, 22.419, 22.283, 21.162, 20.117, 19.429, 18.975, 18.942, 17.666, 16.126, 16.091, 14.963, 13.559, 13.411, 12.712, 11.683, 11.377, 10.578, 10.115, 7.159, 2.914, 0.0, 2.959, 4.517, 5.252, 6.889, 13.266, 16.257, 16.875, 17.731, 19.284, 20.735, 20.852, 21.541, 23.042, 23.212, 23.073, 23.679, 24.436, 24.17, 24.156, 24.601, 24.704, 24.462, 24.202, 23.416, 23.361, 23.695, 24.004, 24.382, 24.409, 24.079, 24.405, 24.422, 24.092, 24.389], [22.105, 21.534, 21.344, 21.554, 21.583, 21.277, 21.162, 20.646, 20.896, 20.865, 20.698, 20.495, 20.522, 20.747, 20.832, 20.626, 21.123, 21.603, 21.491, 21.376, 21.119, 20.762, 22.167, 23.9, 23.65, 23.11, 22.798, 21.943, 20.915, 20.89, 21.999, 22.461, 22.337, 21.279, 20.292, 19.589, 19.101, 19.064, 17.82, 16.362, 16.338, 15.178, 13.726, 13.517, 12.877, 11.959, 11.661, 10.922, 10.717, 8.19, 4.979, 2.959, 0.0, 2.268, 3.67, 5.62, 12.358, 15.498, 16.167, 17.085, 18.678, 20.184, 20.297, 21.004, 22.568, 22.755, 22.612, 23.224, 23.986, 23.72, 23.708, 24.165, 24.278, 24.05, 23.806, 23.009, 22.956, 23.298, 23.623, 24.019, 24.047, 23.74, 24.085, 24.104, 23.791, 24.116], [22.384, 21.815, 21.615, 21.824, 21.857, 21.567, 21.455, 20.929, 21.155, 21.134, 20.963, 20.739, 20.752, 20.968, 21.041, 20.793, 21.262, 21.735, 21.634, 21.531, 21.28, 20.865, 22.169, 23.879, 23.634, 23.119, 22.82, 21.984, 20.962, 20.904, 21.956, 22.382, 22.268, 21.274, 20.347, 19.663, 19.175, 19.114, 17.908, 16.508, 16.532, 15.411, 13.998, 13.772, 13.072, 12.207, 11.911, 11.07, 10.836, 8.653, 6.081, 4.517, 2.268, 0.0, 2.091, 5.302, 12.589, 15.694, 16.347, 17.267, 18.796, 20.282, 20.372, 21.053, 22.58, 22.756, 22.626, 23.235, 23.973, 23.664, 23.621, 24.061, 24.157, 23.916, 23.662, 22.861, 22.796, 23.124, 23.451, 23.831, 23.847, 23.595, 23.975, 23.996, 23.691, 24.022], [22.734, 22.157, 21.921, 22.127, 22.164, 21.868, 21.746, 21.197, 21.39, 21.375, 21.186, 20.942, 20.95, 21.151, 21.207, 20.915, 21.352, 21.811, 21.691, 21.593, 21.384, 20.923, 22.066, 23.71, 23.468, 22.963, 22.665, 21.834, 20.81, 20.714, 21.701, 22.108, 22.004, 21.054, 20.154, 19.482, 19.004, 18.925, 17.712, 16.308, 16.352, 15.27, 13.879, 13.641, 12.895, 12.038, 11.719, 10.736, 10.445, 8.566, 6.508, 5.252, 3.67, 2.091, 0.0, 4.787, 12.822, 15.926, 16.575, 17.463, 18.941, 20.417, 20.47, 21.12, 22.615, 22.78, 22.668, 23.289, 24.019, 23.676, 23.609, 24.032, 24.109, 23.846, 23.57, 22.752, 22.664, 22.979, 23.308, 23.675, 23.677, 23.45, 23.864, 23.891, 23.577, 23.907], [21.641, 20.994, 20.721, 20.893, 20.93, 20.571, 20.409, 19.949, 20.295, 20.314, 20.071, 19.78, 19.811, 20.014, 20.018, 19.794, 20.387, 20.881, 20.738, 20.642, 20.547, 20.591, 22.328, 24.115, 23.832, 23.341, 23.031, 22.158, 21.171, 21.211, 22.05, 22.241, 22.154, 21.16, 20.241, 19.525, 19.072, 19.076, 17.856, 16.532, 16.509, 15.273, 13.676, 13.532, 13.345, 12.835, 12.494, 11.78, 11.975, 10.219, 8.081, 6.889, 5.62, 5.302, 4.787, 0.0, 9.197, 13.488, 14.404, 15.305, 17.209, 19.13, 19.229, 20.031, 21.808, 22.018, 21.868, 22.605, 23.491, 23.223, 23.225, 23.706, 23.811, 23.549, 23.27, 22.405, 22.302, 22.628, 22.96, 23.385, 23.435, 23.099, 23.447, 23.468, 23.119, 23.49], [19.997, 19.339, 19.045, 19.117, 19.161, 18.762, 18.577, 18.577, 19.364, 19.429, 19.228, 18.905, 18.915, 19.155, 19.08, 19.071, 20.023, 20.585, 20.505, 20.433, 20.45, 21.351, 24.214, 26.352, 26.023, 25.587, 25.345, 24.523, 23.715, 24.008, 24.626, 24.447, 24.369, 23.382, 22.441, 21.638, 21.302, 21.48, 20.371, 19.446, 19.395, 17.899, 16.19, 16.253, 17.031, 17.251, 17.0, 16.871, 17.718, 16.376, 14.269, 13.266, 12.358, 12.589, 12.822, 9.197, 0.0, 7.366, 9.379, 10.477, 13.475, 16.281, 16.615, 17.661, 19.892, 20.202, 19.942, 20.795, 21.943, 21.943, 22.144, 22.745, 22.96, 22.733, 22.493, 21.655, 21.658, 22.067, 22.364, 22.827, 22.952, 22.532, 22.814, 22.862, 22.564, 23.001], [20.615, 20.292, 20.005, 20.038, 20.054, 19.733, 19.635, 19.691, 20.273, 20.327, 20.264, 19.919, 19.809, 20.037, 19.961, 19.87, 20.582, 21.044, 21.027, 20.981, 20.951, 21.722, 24.182, 26.056, 25.736, 25.337, 25.188, 24.507, 23.83, 24.107, 24.59, 24.332, 24.253, 23.395, 22.499, 21.719, 21.448, 21.615, 20.665, 20.042, 19.993, 18.764, 17.517, 17.522, 18.223, 18.561, 18.363, 18.206, 18.898, 18.014, 16.825, 16.257, 15.498, 15.694, 15.926, 13.488, 7.366, 0.0, 3.443, 6.089, 10.212, 13.536, 13.941, 14.4, 16.105, 16.337, 16.195, 17.456, 19.023, 19.406, 19.705, 20.253, 20.55, 20.348, 20.177, 19.563, 19.639, 20.029, 20.284, 20.725, 20.922, 20.751, 21.188, 21.283, 21.167, 21.674], [21.042, 20.847, 20.573, 20.611, 20.612, 20.294, 20.239, 20.216, 20.631, 20.688, 20.614, 20.249, 20.117, 20.337, 20.281, 20.147, 20.708, 21.119, 21.113, 21.058, 21.001, 21.713, 23.965, 25.673, 25.375, 24.997, 24.852, 24.215, 23.574, 23.839, 24.275, 24.01, 23.92, 23.102, 22.24, 21.469, 21.201, 21.34, 20.453, 19.942, 19.889, 18.789, 17.753, 17.742, 18.377, 18.681, 18.501, 18.338, 18.952, 18.152, 17.276, 16.875, 16.167, 16.347, 16.575, 14.404, 9.379, 3.443, 0.0, 4.383, 9.302, 12.83, 13.254, 13.541, 14.982, 15.154, 15.089, 16.519, 18.247, 18.77, 19.06, 19.489, 19.767, 19.572, 19.445, 18.92, 18.944, 19.249, 19.51, 19.978, 20.213, 20.052, 20.5, 20.614, 20.548, 21.085], [20.852, 20.664, 20.401, 20.44, 20.484, 20.212, 20.168, 20.233, 20.733, 20.795, 20.758, 20.467, 20.355, 20.576, 20.517, 20.431, 21.065, 21.473, 21.47, 21.421, 21.388, 22.206, 24.551, 26.272, 25.987, 25.628, 25.511, 24.905, 24.275, 24.536, 24.983, 24.745, 24.694, 23.9, 23.049, 22.261, 22.002, 22.173, 21.33, 20.839, 20.798, 19.656, 18.544, 18.547, 19.22, 19.523, 19.338, 19.246, 19.971, 19.177, 18.171, 17.731, 17.085, 17.267, 17.463, 15.305, 10.477, 6.089, 4.383, 0.0, 6.40