[[0.0, 3.059, 3.614, 4.847, 6.544, 8.031, 9.286, 11.246, 13.618, 14.607, 15.523, 16.189, 16.783, 17.546, 17.785, 18.317, 19.031, 19.653, 19.945, 20.426, 20.956, 21.146, 21.464, 22.217, 22.94, 23.42, 23.815, 24.323, 24.855, 25.023, 25.208, 25.293, 25.46, 25.782, 25.828, 25.757, 25.479, 24.979, 25.098, 25.481, 25.549, 25.608, 26.066, 26.894, 27.809, 28.291, 28.459, 28.529, 28.595, 28.706, 28.533, 28.378, 28.265, 28.145, 27.997, 28.003, 27.979, 27.928, 27.937, 27.868, 27.695, 27.721, 27.859, 28.09, 28.375, 28.491, 28.488, 28.339, 28.182, 28.212, 28.432, 28.769, 28.805, 28.555, 28.43, 28.328, 28.054, 27.924, 27.857, 27.936, 27.896, 27.702, 27.475, 27.152, 27.135, 27.463], [3.059, 0.0, 1.777, 4.01, 6.283, 7.925, 9.146, 11.186, 13.521, 14.292, 15.109, 15.801, 16.432, 17.222, 17.499, 18.067, 18.784, 19.434, 19.71, 20.198, 20.739, 20.976, 21.375, 22.182, 22.979, 23.509, 23.93, 24.434, 24.914, 25.036, 25.206, 25.293, 25.437, 25.74, 25.796, 25.747, 25.47, 25.036, 25.205, 25.635, 25.721, 25.81, 26.327, 27.233, 28.266, 28.794, 28.968, 29.038, 29.062, 29.086, 28.862, 28.706, 28.613, 28.495, 28.337, 28.345, 28.328, 28.289, 28.305, 28.246, 28.06, 28.069, 28.213, 28.45, 28.754, 28.888, 28.89, 28.749, 28.607, 28.641, 28.86, 29.185, 29.225, 28.989, 28.895, 28.837, 28.589, 28.506, 28.504, 28.624, 28.589, 28.396, 28.18, 27.92, 27.947, 28.26], [3.614, 1.777, 0.0, 2.616, 5.338, 7.313, 8.779, 10.876, 13.218, 14.012, 14.877, 15.605, 16.22, 16.995, 17.274, 17.853, 18.579, 19.233, 19.489, 19.939, 20.467, 20.685, 21.064, 21.872, 22.682, 23.216, 23.656, 24.151, 24.583, 24.685, 24.848, 24.923, 25.044, 25.333, 25.387, 25.345, 25.084, 24.661, 24.838, 25.274, 25.375, 25.491, 26.015, 26.913, 27.964, 28.518, 28.698, 28.767, 28.788, 28.809, 28.595, 28.449, 28.359, 28.236, 28.077, 28.083, 28.066, 28.031, 28.055, 28.007, 27.833, 27.844, 27.986, 28.22, 28.519, 28.657, 28.662, 28.526, 28.388, 28.427, 28.65, 28.983, 29.024, 28.79, 28.698, 28.646, 28.405, 28.322, 28.306, 28.416, 28.386, 28.2, 27.988, 27.735, 27.768, 28.077], [4.847, 4.01, 2.616, 0.0, 3.351, 5.968, 7.886, 10.034, 12.45, 13.326, 14.223, 14.974, 15.567, 16.324, 16.598, 17.207, 17.975, 18.647, 18.885, 19.277, 19.756, 19.946, 20.298, 21.075, 21.883, 22.427, 22.878, 23.388, 23.808, 23.911, 24.077, 24.143, 24.245, 24.528, 24.58, 24.53, 24.286, 23.92, 24.154, 24.609, 24.737, 24.895, 25.423, 26.281, 27.315, 27.887, 28.074, 28.148, 28.157, 28.191, 28.016, 27.882, 27.785, 27.644, 27.482, 27.482, 27.466, 27.45, 27.495, 27.463, 27.313, 27.332, 27.472, 27.696, 27.987, 28.127, 28.139, 28.011, 27.876, 27.921, 28.152, 28.487, 28.512, 28.283, 28.213, 28.195, 27.982, 27.904, 27.866, 27.952, 27.931, 27.746, 27.531, 27.306, 27.361, 27.671], [6.544, 6.283, 5.338, 3.351, 0.0, 3.291, 5.983, 8.219, 10.827, 11.976, 13.167, 13.992, 14.516, 15.207, 15.348, 15.892, 16.706, 17.452, 17.753, 18.131, 18.584, 18.778, 19.124, 19.865, 20.617, 21.137, 21.591, 22.18, 22.689, 22.838, 23.029, 23.095, 23.221, 23.528, 23.582, 23.51, 23.263, 22.944, 23.299, 23.836, 24.002, 24.198, 24.742, 25.537, 26.464, 27.018, 27.206, 27.271, 27.261, 27.34, 27.246, 27.137, 27.027, 26.871, 26.707, 26.699, 26.688, 26.697, 26.763, 26.749, 26.641, 26.685, 26.813, 27.014, 27.292, 27.434, 27.465, 27.365, 27.253, 27.308, 27.553, 27.88, 27.865, 27.644, 27.653, 27.732, 27.579, 27.535, 27.524, 27.616, 27.596, 27.394, 27.177, 27.013, 27.115, 27.442], [8.031, 7.925, 7.313, 5.968, 3.291, 0.0, 3.426, 6.148, 9.202, 10.494, 11.893, 12.819, 13.342, 14.065, 14.159, 14.637, 15.42, 16.206, 16.548, 16.984, 17.544, 17.808, 18.182, 18.931, 19.681, 20.194, 20.692, 21.418, 22.044, 22.232, 22.456, 22.565, 22.753, 23.115, 23.169, 23.08, 22.848, 22.6, 23.086, 23.764, 24.006, 24.223, 24.793, 25.599, 26.486, 27.033, 27.226, 27.293, 27.273, 27.36, 27.294, 27.206, 27.094, 26.916, 26.742, 26.734, 26.729, 26.741, 26.808, 26.801, 26.711, 26.758, 26.863, 27.037, 27.312, 27.464, 27.507, 27.426, 27.339, 27.413, 27.665, 27.977, 27.945, 27.757, 27.848, 28.011, 27.905, 27.886, 27.904, 27.988, 27.917, 27.668, 27.434, 27.278, 27.375, 27.71], [9.286, 9.146, 8.779, 7.886, 5.983, 3.426, 0.0, 3.94, 7.879, 9.111, 10.559, 11.638, 12.282, 13.138, 13.243, 13.705, 14.409, 15.196, 15.539, 16.063, 16.787, 17.168, 17.629, 18.458, 19.28, 19.822, 20.389, 21.253, 21.892, 22.026, 22.279, 22.446, 22.706, 23.179, 23.26, 23.179, 22.975, 22.839, 23.455, 24.285, 24.628, 24.886, 25.507, 26.385, 27.325, 27.891, 28.084, 28.147, 28.133, 28.226, 28.163, 28.088, 27.984, 27.792, 27.606, 27.608, 27.605, 27.608, 27.665, 27.651, 27.553, 27.58, 27.657, 27.814, 28.105, 28.265, 28.305, 28.224, 28.147, 28.237, 28.471, 28.742, 28.718, 28.573, 28.704, 28.897, 28.807, 28.81, 28.847, 28.923, 28.802, 28.502, 28.255, 28.11, 28.211, 28.544], [11.246, 11.186, 10.876, 10.034, 8.219, 6.148, 3.94, 0.0, 4.48, 6.229, 8.413, 9.75, 10.332, 11.15, 11.148, 11.666, 12.503, 13.416, 13.893, 14.567, 15.372, 15.732, 16.251, 17.173, 18.01, 18.56, 19.11, 19.98, 20.681, 20.871, 21.164, 21.293, 21.547, 22.047, 22.125, 22.034, 21.847, 21.755, 22.426, 23.3, 23.687, 23.995, 24.657, 25.482, 26.367, 26.933, 27.114, 27.164, 27.105, 27.217, 27.235, 27.19, 27.07, 26.855, 26.659, 26.655, 26.674, 26.711, 26.778, 26.773, 26.73, 26.782, 26.836, 26.965, 27.254, 27.417, 27.466, 27.4, 27.338, 27.423, 27.618, 27.85, 27.8, 27.714, 28.027, 28.431, 28.455, 28.535, 28.642, 28.762, 28.639, 28.311, 28.066, 28.058, 28.306, 28.696], [13.618, 13.521, 13.218, 12.45, 10.827, 9.202, 7.879, 4.48, 0.0, 3.162, 6.78, 8.343, 8.667, 9.246, 9.109, 9.766, 10.83, 11.877, 12.501, 13.382, 14.268, 14.537, 15.099, 16.117, 16.979, 17.555, 18.064, 18.821, 19.561, 19.82, 20.11, 20.173, 20.369, 20.82, 20.87, 20.773, 20.592, 20.494, 21.147, 21.996, 22.394, 22.742, 23.448, 24.24, 25.09, 25.638, 25.806, 25.85, 25.718, 25.795, 25.866, 25.843, 25.714, 25.483, 25.277, 25.259, 25.305, 25.379, 25.445, 25.449, 25.461, 25.542, 25.595, 25.717, 25.994, 26.151, 26.207, 26.152, 26.087, 26.141, 26.281, 26.468, 26.404, 26.385, 26.867, 27.476, 27.618, 27.776, 27.966, 28.127, 28.014, 27.693, 27.469, 27.595, 27.999, 28.455], [14.607, 14.292, 14.012, 13.326, 11.976, 10.494, 9.111, 6.229, 3.162, 0.0, 4.502, 6.498, 7.019, 7.826, 7.971, 8.995, 10.132, 11.185, 11.8, 12.865, 13.937, 14.304, 14.963, 16.07, 17.07, 17.74, 18.325, 19.101, 19.752, 19.922, 20.2, 20.322, 20.539, 21.015, 21.085, 21.022, 20.852, 20.8, 21.471, 22.366, 22.799, 23.165, 23.914, 24.863, 25.907, 26.495, 26.659, 26.711, 26.581, 26.609, 26.628, 26.594, 26.485, 26.261, 26.048, 26.031, 26.069, 26.136, 26.208, 26.208, 26.189, 26.244, 26.299, 26.431, 26.716, 26.875, 26.914, 26.842, 26.761, 26.792, 26.91, 27.072, 27.04, 27.048, 27.484, 28.04, 28.155, 28.3, 28.48, 28.618, 28.495, 28.178, 27.956, 28.05, 28.42, 28.851], [15.523, 15.109, 14.877, 14.223, 13.167, 11.893, 10.559, 8.413, 6.78, 4.502, 0.0, 2.741, 4.114, 5.692, 6.777, 8.476, 9.661, 10.544, 11.196, 12.568, 13.781, 14.362, 15.206, 16.327, 17.489, 18.338, 19.009, 19.775, 20.296, 20.338, 20.587, 20.763, 20.991, 21.478, 21.551, 21.516, 21.368, 21.362, 22.009, 22.918, 23.334, 23.64, 24.376, 25.484, 26.85, 27.523, 27.67, 27.746, 27.672, 27.714, 27.693, 27.644, 27.547, 27.33, 27.12, 27.108, 27.134, 27.199, 27.29, 27.295, 27.234, 27.258, 27.317, 27.451, 27.738, 27.903, 27.929, 27.837, 27.734, 27.746, 27.863, 28.037, 28.051, 28.067, 28.412, 28.875, 28.939, 29.035, 29.182, 29.291, 29.149, 28.827, 28.583, 28.576, 28.855, 29.256], [16.189, 15.801, 15.605, 14.974, 13.992, 12.819, 11.638, 9.75, 8.343, 6.498, 2.741, 0.0, 2.291, 4.472, 6.137, 8.194, 9.406, 10.168, 10.854, 12.436, 13.667, 14.335, 15.282, 16.383, 17.566, 18.478, 19.13, 19.838, 20.353, 20.376, 20.623, 20.804, 21.023, 21.492, 21.551, 21.517, 21.385, 21.411, 22.039, 22.926, 23.31, 23.551, 24.258, 25.375, 26.794, 27.472, 27.612, 27.708, 27.664, 27.74, 27.731, 27.686, 27.595, 27.395, 27.2, 27.188, 27.212, 27.28, 27.37, 27.37, 27.309, 27.333, 27.392, 27.516, 27.778, 27.935, 27.956, 27.853, 27.727, 27.717, 27.831, 28.013, 28.042, 28.047, 28.363, 28.83, 28.906, 29.0, 29.159, 29.269, 29.108, 28.783, 28.535, 28.503, 28.768, 29.179], [16.783, 16.432, 16.22, 15.567, 14.516, 13.342, 12.282, 10.332, 8.667, 7.019, 4.114, 2.291, 0.0, 2.522, 4.667, 7.181, 8.645, 9.505, 10.282, 11.91, 13.146, 13.842, 14.868, 16.0, 17.17, 18.089, 18.691, 19.302, 19.776, 19.783, 20.009, 20.156, 20.342, 20.786, 20.838, 20.812, 20.671, 20.689, 21.32, 22.203, 22.587, 22.822, 23.542, 24.65, 26.052, 26.725, 26.868, 26.97, 26.912, 26.996, 27.019, 26.988, 26.895, 26.7, 26.511, 26.497, 26.53, 26.612, 26.703, 26.704, 26.674, 26.725, 26.793, 26.92, 27.164, 27.309, 27.338, 27.241, 27.112, 27.088, 27.2, 27.387, 27.4, 27.402, 27.759, 28.314, 28.454, 28.587, 28.796, 28.934, 28.774, 28.462, 28.227, 28.246, 28.563, 29.006], [17.546, 17.222, 16.995, 16.324, 15.207, 14.065, 13.138, 11.15, 9.246, 7.826, 5.692, 4.472, 2.522, 0.0, 3.021, 6.206, 8.016, 9.009, 10.003, 11.725, 12.954, 13.695, 14.819, 15.99, 17.121, 18.02, 18.558, 19.059, 19.475, 19.446, 19.613, 19.703, 19.863, 20.284, 20.324, 20.295, 20.125, 20.109, 20.731, 21.597, 21.984, 22.231, 22.973, 24.061, 25.456, 26.128, 26.26, 26.358, 26.285, 26.378, 26.435, 26.419, 26.326, 26.136, 25.95, 25.935, 25.979, 26.078, 26.171, 26.178, 26.179, 26.251, 26.328, 26.459, 26.685, 26.824, 26.866, 26.785, 26.663, 26.632, 26.741, 26.92, 26.908, 26.91, 27.315, 27.952, 28.144, 28.312, 28.568, 28.747, 28.611, 28.315, 28.094, 28.189, 28.582, 29.062], [17.785, 17.499, 17.274, 16.598, 15.348, 14.159, 13.243, 11.148, 9.109, 7.971, 6.777, 6.137, 4.667, 3.021, 0.0, 3.805, 6.258, 7.629, 8.865, 10.733, 12.078, 12.889, 14.118, 15.363, 16.467, 17.337, 17.858, 18.348, 18.738, 18.695, 18.865, 18.94, 19.118, 19.566, 19.613, 19.579, 19.37, 19.324, 20.016, 20.943, 21.378, 21.689, 22.5, 23.573, 24.889, 25.543, 25.663, 25.749, 25.673, 25.802, 25.907, 25.901, 25.805, 25.611, 25.426, 25.411, 25.46, 25.568, 25.66, 25.667, 25.687, 25.768, 25.847, 25.978, 26.2, 26.336, 26.386, 26.317, 26.205, 26.174, 26.287, 26.463, 26.417, 26.421, 26.883, 27.582, 27.808, 28.007, 28.318, 28.561, 28.451, 28.145, 27.925, 28.083, 28.532, 29.04], [18.317, 18.067, 17.853, 17.207, 15.892, 14.637, 13.705, 11.666, 9.766, 8.995, 8.476, 8.194, 7.181, 6.206, 3.805, 0.0, 3.221, 5.25, 6.923, 9.143, 10.74, 11.704, 13.057, 14.401, 15.534, 16.4, 16.958, 17.534, 17.92, 17.827, 18.003, 18.087, 18.299, 18.82, 18.887, 18.862, 18.659, 18.644, 19.451, 20.501, 21.009, 21.372, 22.246, 23.351, 24.647, 25.308, 25.431, 25.516, 25.456, 25.618, 25.727, 25.718, 25.633, 25.451, 25.273, 25.262, 25.307, 25.414, 25.508, 25.518, 25.544, 25.627, 25.704, 25.833, 26.058, 26.197, 26.246, 26.178, 26.079, 26.053, 26.17, 26.344, 26.283, 26.298, 26.803, 27.549, 27.801, 28.017, 28.358, 28.637, 28.521, 28.177, 27.943, 28.101, 28.537, 29.04], [19.031, 18.784, 18.579, 17.975, 16.706, 15.42, 14.409, 12.503, 10.83, 10.132, 9.661, 9.406, 8.645, 8.016, 6.258, 3.221, 0.0, 2.652, 5.084, 7.986, 9.883, 11.029, 12.445, 13.817, 15.041, 15.952, 16.554, 17.268, 17.734, 17.634, 17.828, 17.943, 18.18, 18.751, 18.834, 18.828, 18.693, 18.793, 19.687, 20.834, 21.407, 21.773, 22.64, 23.762, 25.073, 25.739, 25.874, 25.971, 25.933, 26.096, 26.175, 26.157, 26.095, 25.934, 25.764, 25.757, 25.794, 25.886, 25.971, 25.974, 25.989, 26.058, 26.117, 26.235, 26.466, 26.607, 26.648, 26.578, 26.486, 26.464, 26.569, 26.716, 26.656, 26.683, 27.176, 27.904, 28.152, 28.364, 28.693, 28.958, 28.809, 28.428, 28.179, 28.307, 28.707, 29.19], [19.653, 19.434, 19.233, 18.647, 17.452, 16.206, 15.196, 13.416, 11.877, 11.185, 10.544, 10.168, 9.505, 9.009, 7.629, 5.25, 2.652, 0.0, 3.28, 6.978, 9.147, 10.46, 11.901, 13.271, 14.595, 15.593, 16.226, 17.018, 17.563, 17.427, 17.601, 17.757, 18.027, 18.616, 18.697, 18.697, 18.644, 18.881, 19.819, 21.003, 21.616, 21.965, 22.81, 23.939, 25.287, 25.952, 26.083, 26.188, 26.171, 26.335, 26.402, 26.385, 26.339, 26.188, 26.018, 26.011, 26.047, 26.131, 26.208, 26.205, 26.217, 26.285, 26.337, 26.441, 26.669, 26.812, 26.847, 26.769, 26.669, 26.631, 26.712, 26.827, 26.777, 26.829, 27.317, 28.034, 28.282, 28.489, 28.806, 29.061, 28.888, 28.48, 28.221, 28.332, 28.719, 29.187], [19.945, 19.71, 19.489, 18.885, 17.753, 16.548, 15.539, 13.893, 12.501, 11.8, 11.196, 10.854, 10.282, 10.003, 8.865, 6.923, 5.084, 3.28, 0.0, 4.443, 7.172, 8.673, 10.182, 11.735, 13.311, 14.443, 15.168, 15.998, 16.595, 16.494, 16.718, 16.982, 17.272, 17.874, 17.965, 17.957, 17.982, 18.419, 19.452, 20.715, 21.409, 21.775, 22.636, 23.86, 25.285, 25.954, 26.075, 26.175, 26.179, 26.353, 26.405, 26.382, 26.335, 26.161, 25.97, 25.964, 26.001, 26.078, 26.144, 26.131, 26.131, 26.182, 26.211, 26.296, 26.557, 26.719, 26.751, 26.669, 26.557, 26.509, 26.57, 26.671, 26.654, 26.765, 27.292, 28.031, 28.305, 28.505, 28.781, 29.004, 28.818, 28.405, 28.142, 28.247, 28.621, 29.063], [20.426, 20.198, 19.939, 19.277, 18.131, 16.984, 16.063, 14.567, 13.382, 12.865, 12.568, 12.436, 11.91, 11.725, 10.733, 9.143, 7.986, 6.978, 4.443, 0.0, 3.458, 5.435, 7.19, 9.207, 11.231, 12.545, 13.329, 14.105, 14.734, 14.822, 15.184, 15.549, 15.863, 16.507, 16.629, 16.573, 16.557, 17.108, 18.263, 19.652, 20.464, 20.875, 21.781, 23.18, 24.709, 25.38, 25.495, 25.578, 25.588, 25.805, 25.892, 25.876, 25.833, 25.664, 25.481, 25.488, 25.526, 25.603, 25.664, 25.643, 25.637, 25.673, 25.677, 25.756, 26.067, 26.255, 26.292, 26.216, 26.094, 26.037, 26.101, 26.232, 26.241, 26.398, 26.982, 27.775, 28.109, 28.311, 28.546, 28.761, 28.571, 28.169, 27.927, 28.078, 28.476, 28.902], [20.956, 20.739, 20.467, 19.756, 18.584, 17.544, 16.787, 15.372, 14.268, 13.937, 13.781, 13.667, 13.146, 12.954, 12.078, 10.74, 9.883, 9.147, 7.172, 3.458, 0.0, 2.731, 5.126, 7.539, 9.79, 11.214, 11.949, 12.654, 13.516, 13.917, 14.402, 14.776, 15.083, 15.72, 15.847, 15.703, 15.592, 16.189, 17.37, 18.766, 19.595, 20.004, 20.915, 22.363, 23.913, 24.565, 24.673, 24.758, 24.783, 25.075, 25.246, 25.263, 25.235, 25.114, 24.992, 25.018, 25.06, 25.157, 25.236, 25.221, 25.235, 25.288, 25.284, 25.339, 25.638, 25.825, 25.874, 25.81, 25.675, 25.61, 25.686, 25.837, 25.834, 25.975, 26.573, 27.404, 27.773, 27.976, 28.205, 28.437, 28.263, 27.872, 27.649, 27.849, 28.288, 28.711], [21.146, 20.976, 20.685, 19.946, 18.778, 17.808, 17.168, 15.732, 14.537, 14.304, 14.362, 14.335, 13.842, 13.695, 12.889, 11.704, 11.029, 10.46, 8.673, 5.435, 2.731, 0.0, 3.001, 5.977, 8.459, 9.995, 10.751, 11.528, 12.749, 13.418, 13.959, 14.324, 14.607, 15.208, 15.328, 15.133, 15.04, 15.705, 16.863, 18.205, 19.023, 19.446, 20.356, 21.771, 23.257, 23.884, 24.0, 24.1, 24.144, 24.47, 24.685, 24.719, 24.686, 24.573, 24.482, 24.517, 24.57, 24.689, 24.779, 24.765, 24.809, 24.885, 24.871, 24.903, 25.182, 25.362, 25.417, 25.362, 25.217, 25.15, 25.222, 25.369, 25.36, 25.515, 26.155, 27.026, 27.413, 27.611, 27.823, 28.044, 27.889, 27.498, 27.254, 27.449, 27.9, 28.33], [21.464, 21.375, 21.064, 20.298, 19.124, 18.182, 17.629, 16.251, 15.099, 14.963, 15.206, 15.282, 14.868, 14.819, 14.118, 13.057, 12.445, 11.901, 10.182, 7.19, 5.126, 3.001, 0.0, 3.621, 6.663, 8.481, 9.391, 10.524, 12.157, 12.948, 13.508, 13.924, 14.261, 14.875, 14.988, 14.787, 14.807, 15.586, 16.746, 18.061, 18.884, 19.328, 20.24, 21.621, 23.007, 23.595, 23.724, 23.837, 23.89, 24.219, 24.449, 24.485, 24.448, 24.321, 24.229, 24.266, 24.333, 24.468, 24.554, 24.54, 24.607, 24.691, 24.664, 24.684, 24.957, 25.132, 25.187, 25.139, 25.001, 24.944, 25.004, 25.154, 25.155, 25.344, 26.033, 26.916, 27.305, 27.474, 27.624, 27.811, 27.666, 27.252, 26.975, 27.143, 27.567, 27.979], [22.217, 22.182, 21.872, 21.075, 19.865, 18.931, 18.458, 17.173, 16.117, 16.07, 16.327, 16.383, 16.0, 15.99, 15.363, 14.401, 13.817, 13.271, 11.735, 9.207, 7.539, 5.977, 3.621, 0.0, 3.787, 6.201, 7.398, 9.128, 11.28, 12.204, 12.838, 13.367, 13.771, 14.415, 14.536, 14.351, 14.543, 15.526, 16.747, 18.077, 18.941, 19.433, 20.338, 21.61, 22.86, 23.395, 23.532, 23.662, 23.743, 24.116, 24.385, 24.433, 24.395, 24.27, 24.192, 24.228, 24.306, 24.472, 24.57, 24.565, 24.652, 24.732, 24.692, 24.691, 24.937, 25.095, 25.148, 25.104, 24.985, 24.953, 24.999, 25.143, 25.153, 25.352, 26.053, 26.936, 27.333, 27.483, 27.589, 27.766, 27.638, 27.214, 26.923, 27.084, 27.483, 27.865], [22.94, 22.979, 22.682, 21.883, 20.617, 19.681, 19.28, 18.01, 16.979, 17.07, 17.489, 17.566, 17.17, 17.121, 16.467, 15.534, 15.041, 14.595, 13.311, 11.231, 9.79, 8.459, 6.663, 3.787, 0.0, 3.004, 4.606, 7.006, 9.946, 11.275, 12.097, 12.753, 13.248, 13.913, 14.038, 13.83, 14.134, 15.255, 16.508, 17.821, 18.718, 19.264, 20.139, 21.23, 22.258, 22.733, 22.888, 23.047, 23.177, 23.647, 23.993, 24.075, 24.042, 23.929, 23.892, 23.925, 24.003, 24.217, 24.375, 24.39, 24.511, 24.62, 24.56, 24.519, 24.723, 24.859, 24.917, 24.894, 24.808, 24.807, 24.837, 24.962, 24.965, 25.154, 25.875, 26.79, 27.211, 27.378, 27.487, 27.663, 27.556, 27.145, 26.855, 27.031, 27.44, 27.811], [23.42, 23.509, 23.216, 22.427, 21.137, 20.194, 19.822, 18.56, 17.555, 17.74, 18.338, 18.478, 18.089, 18.02, 17.337, 16.4, 15.952, 15.593, 14.443, 12.545, 11.214, 9.995, 8.481, 6.201, 3.004, 0.0, 2.516, 5.969, 9.522, 11.19, 12.155, 12.877, 13.416, 14.093, 14.224, 14.007, 14.332, 15.473, 16.726, 18.001, 18.888, 19.446, 20.29, 21.267, 22.113, 22.543, 22.719, 22.895, 23.044, 23.54, 23.913, 24.022, 24.0, 23.887, 23.869, 23.903, 23.974, 24.197, 24.387, 24.42, 24.558, 24.687, 24.614, 24.544, 24.734, 24.866, 24.93, 24.931, 24.88, 24.909, 24.942, 25.064, 25.057, 25.245, 25.988, 26.917, 27.342, 27.508, 27.601, 27.763, 27.662, 27.248, 26.954, 27.129, 27.529, 27.866], [23.815, 23.93, 23.656, 22.878, 21.591, 20.692, 20.389, 19.11, 18.064, 18.325, 19.009, 19.13, 18.691, 18.558, 17.858, 16.958, 16.554, 16.226, 15.168, 13.329, 11.949, 10.751, 9.391, 7.398, 4.606, 2.516, 0.0, 4.44, 8.915, 11.051, 12.188, 12.898, 13.4, 14.009, 14.139, 13.886, 14.179, 15.336, 16.58, 17.812, 18.691, 19.225, 20.0, 20.865, 21.566, 21.952, 22.139, 22.326, 22.495, 23.044, 23.461, 23.585, 23.568, 23.474, 23.482, 23.514, 23.594, 23.842, 24.048, 24.08, 24.251, 24.412, 24.34, 24.255, 24.425, 24.551, 24.624, 24.641, 24.595, 24.624, 24.655, 24.774, 24.75, 24.925, 25.688, 26.653, 27.109, 27.297, 27.408, 27.572, 27.461, 27.062, 26.795, 27.006, 27.43, 27.774], [24.323, 24.434, 24.151, 23.388, 22.18, 21.418, 21.253, 19.98, 18.821, 19.101, 19.775, 19.838, 19.302, 19.059, 18.348, 17.534, 17.268, 17.018, 15.998, 14.105, 12.654, 11.528, 10.524, 9.128, 7.006, 5.969, 4.44, 0.0, 5.768, 9.087, 10.696, 11.454, 11.891, 12.444, 12.611, 12.289, 12.447, 13.675, 14.912, 16.131, 17.096, 17.681, 18.435, 19.313, 20.071, 20.496, 20.692, 20.887, 21.095, 21.759, 22.259, 22.407, 22.394, 22.34, 22.396, 22.429, 22.535, 22.845, 23.102, 23.138, 23.345, 23.547, 23.486, 23.396, 23.547, 23.675, 23.763, 23.796, 23.734, 23.728, 23.731, 23.835, 23.803, 23.968, 24.763, 25.825, 26.357, 26.615, 26.778, 26.923, 26.788, 26.452, 26.252, 26.582, 27.121, 27.534], [24.855, 24.914, 24.583, 23.808, 22.689, 22.044, 21.892, 20.681, 19.561, 19.752, 20.296, 20.353, 19.776, 19.475, 18.738, 17.92, 17.734, 17.563, 16.595, 14.734, 13.516, 12.749, 12.157, 11.28, 9.946, 9.522, 8.915, 5.768, 0.0, 4.647, 7.231, 8.342, 8.8, 9.552, 9.903, 9.708, 9.847, 11.41, 12.914, 14.358, 15.558, 16.311, 17.201, 18.387, 19.597, 20.25, 20.476, 20.658, 20.868, 21.52, 22.002, 22.163, 22.165, 22.123, 22.175, 22.217, 22.337, 22.677, 22.977, 23.043, 23.25, 23.43, 23.396, 23.358, 23.542, 23.69, 23.787, 23.812, 23.754, 23.743, 23.738, 23.835, 23.813, 23.972, 24.75, 25.832, 26.404, 26.707, 26.862, 26.936, 26.784, 26.493, 26.339, 26.788, 27.429, 27.87], [25.023, 25.036, 24.685, 23.911, 22.838, 22.232, 22.026, 20.871, 19.82, 19.922, 20.338, 20.376, 19.783, 19.446, 18.695, 17.827, 17.634, 17.427, 16.494, 14.822, 13.917, 13.418, 12.948, 12.204, 11.275, 11.19, 11.051, 9.087, 4.647, 0.0, 3.396, 5.177, 6.013, 7.284, 7.845, 7.948, 8.482, 10.539, 12.326, 13.94, 15.226, 16.025, 17.046, 18.491, 20.021, 20.807, 21.048, 21.218, 21.406, 21.996, 22.404, 22.55, 22.563, 22.507, 22.511, 22.551, 22.67, 22.99, 23.273, 23.37, 23.573, 23.725, 23.766, 23.842, 24.071, 24.227, 24.318, 24.317, 24.268, 24.262, 24.245, 24.325, 24.309, 24.483, 25.253, 26.315, 26.878, 27.19, 27.348, 27.423, 27.292, 27.002, 26.832, 27.293, 27.936, 28.359], [25.208, 25.206, 24.848, 24.077, 23.029, 22.456, 22.279, 21.164, 20.11, 20.2, 20.587, 20.623, 20.009, 19.613, 18.865, 18.003, 17.828, 17.601, 16.718, 15.184, 14.402, 13.959, 13.508, 12.838, 12.097, 12.155, 12.188, 10.696, 7.231, 3.396, 0.0, 2.485, 4.045, 5.855, 6.504, 6.728, 7.544, 9.921, 11.811, 13.463, 14.773, 15.601, 16.699, 18.243, 19.891, 20.719, 20.965, 21.133, 21.295, 21.853, 22.25, 22.4, 22.42, 22.361, 22.347, 22.386, 22.513, 22.829, 23.101, 23.217, 23.431, 23.581, 23.679, 23.835, 24.089, 24.248, 24.337, 24.329, 24.285, 24.269, 24.236, 24.301, 24.268, 24.457, 25.263, 26.347, 26.903, 27.218, 27.396, 27.486, 27.378, 27.088, 26.903, 27.377, 28.036, 28.459], [25.293, 25.293, 24.923, 24.143, 23.095, 22.565, 22.446, 21.293, 20.173, 20.322, 20.763, 20.804, 20.156, 19.703, 18.94, 18.087, 17.943, 17.757, 16.982, 15.549, 14.776, 14.324, 13.924, 13.367, 12.753, 12.877, 12.898, 11.454, 8.342, 5.177, 2.485, 0.0, 2.443, 4.94, 5.688, 5.951, 6.699, 9.068, 10.989, 12.651, 13.974, 14.843, 15.974, 17.51, 19.201, 20.082, 20.342, 20.514, 20.675, 21.243, 21.679, 21.854, 21.882, 21.843, 21.852, 21.892, 22.023, 22.352, 22.642, 22.78, 23.027, 23.194, 23.313, 23.5, 23.743, 23.899, 23.996, 23.99, 23.943, 23.921, 23.883, 23.947, 23.885, 24.048, 24.877, 26.012, 26.584, 26.912, 27.113, 27.216, 27.135, 26.872, 26.697, 27.214, 27.925, 28.367], [25.46, 25.437, 25.044, 24.245, 23.221, 22.753, 22.706, 21.547, 20.369, 20.539, 20.991, 21.023, 20.342, 19.863, 19.118, 18.299, 18.18, 18.027, 17.272, 15.863, 15.083, 14.607, 14.261, 13.771, 13.248, 13.416, 13.4, 11.891, 8.8, 6.013, 4.045, 2.443, 0.0, 3.03, 4.112, 4.616, 5.571, 8.184, 10.24, 11.954, 13.322, 14.223, 15.387, 16.96, 18.744, 19.701, 19.983, 20.169, 20.343, 20.916, 21.353, 21.522, 21.536, 21.479, 21.493, 21.534, 21.666, 22.004, 22.305, 22.455, 22.734, 22.91, 23.028, 23.221, 23.468, 23.627, 23.738, 23.748, 23.698, 23.673, 23.622, 23.689, 23.632, 23.81, 24.685, 25.871, 26.466, 26.813, 27.028, 27.113, 27.025, 26.778, 26.606, 27.144, 27.871, 28.318], [25.782, 25.74, 25.333, 24.528, 23.528, 23.115, 23.179, 22.047, 20.82, 21.015, 21.478, 21.492, 20.786, 20.284, 19.566, 18.82, 18.751, 18.616, 17.874, 16.507, 15.72, 15.208, 14.875, 14.415, 13.913, 14.093, 14.009, 12.444, 9.552, 7.284, 5.855, 4.94, 3.03, 0.0, 1.658, 2.796, 4.418, 7.498, 9.643, 11.342, 12.732, 13.624, 14.774, 16.303, 18.104, 19.111, 19.413, 19.611, 19.768, 20.359, 20.836, 21.015, 21.018, 20.939, 20.957, 20.995, 21.142, 21.498, 21.809, 21.969, 22.287, 22.473, 22.586, 22.777, 23.032, 23.197, 23.33, 23.379, 23.346, 23.314, 23.244, 23.31, 23.25, 23.459, 24.41, 25.665, 26.301, 26.679, 26.917, 26.982, 26.865, 26.612, 26.441, 27.028, 27.802, 28.259], [25.828, 25.796, 25.387, 24.58, 23.582, 23.169, 23.26, 22.125, 20.87, 21.085, 21.551, 21.551, 20.838, 20.324, 19.613, 18.887, 18.834, 18.697, 17.965, 16.629, 15.847, 15.328, 14.988, 14.536, 14.038, 14.224, 14.139, 12.611, 9.903, 7.845, 6.504, 5.688, 4.112, 1.658, 0.0, 1.661, 3.83, 7.179, 9.356, 11.051, 12.451, 13.353, 14.511, 15.974, 17.75, 18.769, 19.073, 19.277, 19.417, 20.004, 20.502, 20.692, 20.696, 20.62, 20.643, 20.684, 20.836, 21.194, 21.507, 21.674, 22.006, 22.197, 22.307, 22.499, 22.754, 22.923, 23.063, 23.133, 23.116, 23.081, 23.009, 23.078, 23.01, 23.225, 24.201, 25.489, 26.146, 26.54, 26.796, 26.868, 26.742, 26.481, 26.307, 26.909, 27.705, 28.179], [25.757, 25.747, 25.345, 24.53, 23.51, 23.08, 23.179, 22.034, 20.773, 21.022, 21.516, 21.517, 20.812, 20.295, 19.579, 18.862, 18.828, 18.697, 17.957, 16.573, 15.703, 15.133, 14.787, 14.351, 13.83, 14.007, 13.886, 12.289, 9.708, 7.948, 6.728, 5.951, 4.616, 2.796, 1.661, 0.0, 2.782, 6.592, 8.883, 10.62, 12.07, 13.025, 14.211, 15.635, 17.384, 18.412, 18.726, 18.938, 19.085, 19.706, 20.239, 20.439, 20.446, 20.387, 20.438, 20.484, 20.636, 21.003, 21.33, 21.5, 21.845, 22.049, 22.148, 22.313, 22.554, 22.725, 22.87, 22.949, 22.937, 22.902, 22.841, 22.914, 22.833, 23.034, 24.01, 25.304, 25.965, 26.358, 26.615, 26.695, 26.572, 26.318, 26.154, 26.762, 27.563, 28.048], [25.479, 25.47, 25.084, 24.286, 23.263, 22.848, 22.975, 21.847, 20.592, 20.852, 21.368, 21.385, 20.671, 20.125, 19.37, 18.659, 18.693, 18.644, 17.982, 16.557, 15.592, 15.04, 14.807, 14.543, 14.134, 14.332, 14.179, 12.447, 9.847, 8.482, 7.544, 6.699, 5.571, 4.418, 3.83, 2.782, 0.0, 4.343, 6.992, 8.957, 10.566, 11.707, 13.102, 14.747, 16.655, 17.748, 18.081, 18.296, 18.444, 19.104, 19.695, 19.912, 19.932, 19.931, 20.03, 20.09, 20.236, 20.611, 20.966, 21.144, 21.487, 21.708, 21.822, 21.984, 22.2, 22.367, 22.519, 22.599, 22.577, 22.533, 22.516, 22.636, 22.524, 22.652, 23.569, 24.834, 25.472, 25.852, 26.123, 26.225, 26.112, 25.884, 25.748, 26.378, 27.207, 27.707], [24.979, 25.036, 24.661, 23.92, 22.944, 22.6, 22.839, 21.755, 20.494, 20.8, 21.362, 21.411, 20.689, 20.109, 19.324, 18.644, 18.793, 18.881, 18.419, 17.108, 16.189, 15.705, 15.586, 15.526, 15.255, 15.473, 15.336, 13.675, 11.41, 10.539, 9.921, 9.068, 8.184, 7.498, 7.179, 6.592, 4.343, 0.0, 3.255, 5.862, 7.749, 9.22, 11.075, 13.171, 15.378, 16.624, 17.008, 17.231, 17.381, 18.073, 18.716, 18.95, 18.987, 19.051, 19.186, 19.252, 19.393, 19.761, 20.133, 20.325, 20.689, 20.947, 21.1, 21.284, 21.471, 21.619, 21.783, 21.872, 21.845, 21.79, 21.841, 22.085, 21.953, 21.977, 22.807, 24.021, 24.618, 24.959, 25.231, 25.365, 25.274, 25.06, 24.931, 25.576, 26.448, 26.966], [25.098, 25.205, 24.838, 24.154, 23.299, 23.086, 23.455, 22.426, 21.147, 21.471, 22.009, 22.039, 21.32, 20.731, 20.016, 19.451, 19.687, 19.819, 19.452, 18.263, 17.37, 16.863, 16.746, 16.747, 16.508, 16.726, 16.58, 14.912, 12.914, 12.326, 11.811, 10.989, 10.24, 9.643, 9.356, 8.883, 6.992, 3.255, 0.0, 3.216, 5.437, 7.19, 9.378, 11.791, 14.318, 15.724, 16.165, 16.42, 16.584, 17.313, 17.988, 18.242, 18.292, 18.395, 18.559, 18.622, 18.772, 19.161, 19.561, 19.772, 20.172, 20.475, 20.665, 20.874, 21.046, 21.177, 21.346, 21.445, 21.409, 21.333, 21.389, 21.696, 21.573, 21.555, 22.343, 23.531, 24.109, 24.415, 24.662, 24.797, 24.732, 24.55, 24.429, 25.089, 26.002, 26.541], [25.481, 25.635, 25.274, 24.609, 23.836, 23.764, 24.285, 23.3, 21.996, 22.366, 22.918, 22.926, 22.203, 21.597, 20.943, 20.501, 20.834, 21.003, 20.715, 19.652, 18.766, 18.205, 18.061, 18.077, 17.821, 18.001, 17.812, 16.131, 14.358, 13.94, 13.463, 12.651, 11.954, 11.342, 11.051, 10.62, 8.957, 5.862, 3.216, 0.0, 2.719, 5.112, 7.704, 10.301, 13.022, 14.553, 15.036, 15.333, 15.508, 16.283, 17.034, 17.333, 17.392, 17.532, 17.747, 17.817, 17.982, 18.411, 18.855, 19.092, 19.538, 19.892, 20.121, 20.348, 20.495, 20.606, 20.785, 20.903, 20.849, 20.742, 20.795, 21.129, 20.996, 20.962, 21.768, 22.988, 23.578, 23.865, 24.095, 24.247, 24.226, 24.095, 23.996, 24.699, 25.664, 26.228], [25.549, 25.721, 25.375, 24.737, 24.002, 24.006, 24.628, 23.687, 22.394, 22.799, 23.334, 23.31, 22.587, 21.984, 21.378, 21.009, 21.407, 21.616, 21.409, 20.464, 19.595, 19.023, 18.884, 18.941, 18.718, 18.888, 18.691, 17.096, 15.558, 15.226, 14.773, 13.974, 13.322, 12.732, 12.451, 12.07, 10.566, 7.749, 5.437, 2.719, 0.0, 3.077, 6.318, 9.231, 12.194, 13.856, 14.361, 14.688, 14.858, 15.634, 16.413, 16.723, 16.784, 16.938, 17.181, 17.268, 17.442, 17.889, 18.353, 18.607, 19.073, 19.462, 19.727, 19.973, 20.111, 20.215, 20.406, 20.534, 20.468, 20.335, 20.402, 20.782, 20.638, 20.595, 21.461, 22.748, 23.359, 23.643, 23.897, 24.091, 24.096, 23.981, 23.887, 24.609, 25.6, 26.188], [25.608, 25.81, 25.491, 24.895, 24.198, 24.223, 24.886, 23.995, 22.742, 23.165, 23.64, 23.551, 22.822, 22.231, 21.689, 21.372, 21.773, 21.965, 21.775, 20.875, 20.004, 19.446, 19.328, 19.433, 19.264, 19.446, 19.225, 17.681, 16.311, 16.025, 15.601, 14.843, 14.223, 13.624, 13.353, 13.025, 11.707, 9.22, 7.19, 5.112, 3.077, 0.0, 4.012, 7.744, 11.209, 13.052, 13.584, 13.94, 14.14, 15.0, 15.838, 16.177, 16.274, 16.467, 16.739, 16.832, 16.997, 17.439, 17.92, 18.186, 18.653, 19.067, 19.35, 19.615, 19.756, 19.861, 20.059, 20.203, 20.135, 19.984, 20.054, 20.468, 20.336, 20.285, 21.177, 22.54, 23.222, 23.521, 23.77, 23.956, 23.951, 23.853, 23.767, 24.491, 25.483, 26.079], [26.066, 26.327, 26.015, 25.423, 24.742, 24.793, 25.507, 24.657, 23.448, 23.914, 24.376, 24.258, 23.542, 22.973, 22.5, 22.246, 22.64, 22.81, 22.636, 21.781, 20.915, 20.356, 20.24, 20.338, 20.139, 20.29, 20.0, 18.435, 17.201, 17.046, 16.699, 15.974, 15.387, 14.774, 14.511, 14.211, 13.102, 11.075, 9.378, 7.704, 6.318, 4.012, 0.0, 4.779, 9.226, 11.473, 12.167, 12.638, 12.955, 14.01, 15.01, 15.429, 15.601, 15.934, 16.329, 16.403, 16.526, 16.975, 17.54, 17.841, 18.32, 18.752, 18.99, 19.193, 19.27, 19.367, 19.571, 19.753, 19.708, 19.544, 19.605, 20.027, 19.875, 19.722, 20.507, 21.902, 22.729, 23.113, 23.332, 23.473, 23.467, 23.419, 23.359, 24.12, 25.145, 25.75], [26.894, 27.233, 26.913, 26.281, 25.537, 25.599, 26.385, 25.482, 24.24, 24.863, 25.484, 25.375, 24.65, 24.061, 23.573, 23.351, 23.762, 23.939, 23.86, 23.18, 22.363, 21.771, 21.621, 21.61, 21.23, 21.267, 20.865, 19.313, 18.387, 18.491, 18.243, 17.51, 16.96, 16.303, 15.974, 15.635, 14.747, 13.171, 11.791, 10.301, 9.231, 7.744, 4.779, 0.0, 5.566, 8.619, 9.657, 10.346, 10.864, 12.331, 13.686, 14.22, 14.421, 14.908, 15.496, 15.577, 15.674, 16.161, 16.828, 17.172, 17.76, 18.261, 18.397, 18.444, 18.377, 18.444, 18.678, 18.932, 18.932, 18.773, 18.832, 19.231, 18.986, 18.695, 19.442, 20.949, 21.936, 22.476, 22.792, 22.973, 22.989, 22.985, 22.949, 23.822, 24.983, 25.657], [27.809, 28.266, 27.964, 27.315, 26.464, 26.486, 27.325, 26.367, 25.09, 25.907, 26.85, 26.794, 26.052, 25.456, 24.889, 24.647, 25.073, 25.287, 25.285, 24.709, 23.913, 23.257, 23.007, 22.86, 22.258, 22.113, 21.566, 20.071, 19.597, 20.021, 19.891, 19.201, 18.744, 18.104, 17.75, 17.384, 16.655, 15.378, 14.318, 13.022, 12.194, 11.209, 9.226, 5.566, 0.0, 3.913, 5.702, 6.793, 7.79, 10.153, 12.096, 12.74, 12.933, 13.568, 14.342, 14.424, 14.497, 15.024, 15.768, 16.117, 16.828, 17.43, 17.472, 17.384, 17.182, 17.186, 17.449, 17.778, 17.822, 17.688, 17.754, 18.118, 17.777, 17.392, 18.18, 19.842, 20.953, 21.604, 22.086, 22.381, 22.434, 22.471, 22.448, 23.382, 24.642, 25.387], [28.291, 28.794, 28.518, 27.887, 27.018, 27.033, 27.891, 26.933, 25.638, 26.495, 27.523, 27.472, 26.725, 26.128, 25.543, 25.308, 25.739, 25.952, 25.954, 25.38, 24.565, 23.884, 23.595, 23.395, 22.733, 22.543, 21.952, 20.496, 20.25, 20.807, 20.719, 20.082, 19.701, 19.111, 18.769, 18.412, 17.748, 16.624, 15.724, 14.553, 13.856, 13.052, 11.473, 8.619, 3.913, 0.0, 2.593, 4.239, 5.981, 9.22, 11.51, 12.154, 12.333, 13.07, 13.919, 13.99, 14.013, 14.521, 15.259, 15.571, 16.269, 16.881, 16.892, 16.756, 16.472, 16.408, 16.66, 16.998, 17.031, 16.913, 16.977, 17.317, 16.981, 16.598, 17.381, 19.067, 20.206, 20.871, 21.489, 21.946, 22.068, 22.16, 22.158, 23.074, 24.335, 25.106], [28.459, 28.968, 28.698, 28.074, 27.206, 27.226, 28.084, 27.114, 25.806, 26.659, 27.67, 27.612, 26.868, 26.26, 25.663, 25.431, 25.874, 26.083, 26.075, 25.495, 24.673, 24.0, 23.724, 23.532, 22.888, 22.719, 22.139, 20.692, 20.476, 21.048, 20.965, 20.342, 19.983, 19.413, 19.073, 18.726, 18.081, 17.008, 16.165, 15.036, 14.361, 13.584, 12.167, 9.657, 5.702, 2.593, 0.0, 2.12, 4.69, 8.603, 11.126, 11.817, 12.021, 12.782, 13.644, 13.715, 13.704, 14.178, 14.908, 15.231, 15.927, 16.533, 16.539, 16.391, 16.088, 16.012, 16.252, 16.587, 16.634, 16.556, 16.652, 16.997, 16.674, 16.345, 17.193, 18.922, 20.075, 20.727, 21.378, 21.956, 22.204, 22.355, 22.376, 23.299, 24.558, 25.321], [28.529, 29.038, 28.767, 28.148, 27.271, 27.293, 28.147, 27.164, 25.85, 26.711, 27.746, 27.708, 26.97, 26.358, 25.749, 25.516, 25.971, 26.188, 26.175, 25.578, 24.758, 24.1, 23.837, 23.662, 23.047, 22.895, 22.326, 20.887, 20.658, 21.218, 21.133, 20.514, 20.169, 19.611, 19.277, 18.938, 18.296, 17.231, 16.42, 15.333, 14.688, 13.94, 12.638, 10.346, 6.793, 4.239, 2.12, 0.0, 3.385, 7.972, 10.752, 11.523, 11.784, 12.597, 13.474, 13.536, 13.502, 13.954, 14.684, 15.022, 15.737, 16.357, 16.363, 16.206, 15.9, 15.834, 16.077, 16.421, 16.492, 16.442, 16.577, 16.946, 16.617, 16.289, 17.17, 18.939, 20.113, 20.764, 21.412, 22.026, 22.349, 22.551, 22.596, 23.537, 24.799, 25.548], [28.595, 29.062, 28.788, 28.157, 27.261, 27.273, 28.133, 27.105, 25.718, 26.581, 27.672, 27.664, 26.912, 26.285, 25.673, 25.456, 25.933, 26.171, 26.179, 25.588, 24.783, 24.144, 23.89, 23.743, 23.177, 23.044, 22.495, 21.095, 20.868, 21.406, 21.295, 20.675, 20.343, 19.768, 19.417, 19.085, 18.444, 17.381, 16.584, 15.508, 14.858, 14.14, 12.955, 10.864, 7.79, 5.981, 4.69, 3.385, 0.0, 5.289, 8.686, 9.708, 10.101, 11.078, 12.052, 12.111, 12.066, 12.533, 13.309, 13.691, 14.496, 15.216, 15.295, 15.216, 14.94, 14.899, 15.163, 15.555, 15.674, 15.628, 15.82, 16.248, 15.901, 15.626, 16.722, 18.722, 20.021, 20.767, 21.483, 22.125, 22.459, 22.651, 22.763, 23.861, 25.206, 25.984], [28.706, 29.086, 28.809, 28.191, 27.34, 27.36, 28.226, 27.217, 25.795, 26.609, 27.714, 27.74, 26.996, 26.378, 25.802, 25.618, 26.096, 26.335, 26.353, 25.805, 25.075, 24.47, 24.219, 24.116, 23.647, 23.54, 23.044, 21.759, 21.52, 21.996, 21.853, 21.243, 20.916, 20.359, 20.004, 19.706, 19.104, 18.073, 17.313, 16.283, 15.634, 15.0, 14.01, 12.331, 10.153, 9.22, 8.603, 7.972, 5.289, 0.0, 4.163, 5.812, 6.65, 8.053, 9.284, 9.409, 9.342, 9.775, 10.608, 11.071, 11.982, 12.863, 13.135, 13.332, 13.255, 13.295, 13.578, 14.059, 14.278, 14.258, 14.52, 15.057, 14.786, 14.699, 16.163, 18.498, 19.984, 20.886, 21.702, 22.341, 22.631, 22.754, 22.95, 24.331, 25.821, 26.642], [28.533, 28.862, 28.595, 28.016, 27.246, 27.294, 28.163, 27.235, 25.866, 26.628, 27.693, 27.731, 27.019, 26.435, 25.907, 25.727, 26.175, 26.402, 26.405, 25.892, 25.246, 24.685, 24.449, 24.385, 23.993, 23.913, 23.461, 22.259, 22.002, 22.404, 22.25, 21.679, 21.353, 20.836, 20.502, 20.239, 19.695, 18.716, 17.988, 17.034, 16.413, 15.838, 15.01, 13.686, 12.096, 11.51, 11.126, 10.752, 8.686, 4.163, 0.0, 2.34, 4.014, 5.968, 7.433, 7.69, 7.604, 7.957, 8.741, 9.214, 10.044, 10.979, 11.417, 11.902, 12.126, 12.268, 12.522, 13.02, 13.312, 13.354, 13.639, 14.257, 14.138, 14.263, 15.931, 18.363, 19.881, 20.839, 21.716, 22.357, 22.603, 22.672, 22.878, 24.363, 25.904, 26.745], [28.378, 28.706, 28.449, 27.882, 27.137, 27.206, 28.088, 27.19, 25.843, 26.594, 27.644, 27.686, 26.988, 26.419, 25.901, 25.718, 26.157, 26.385, 26.382, 25.876, 25.263, 24.719, 24.485, 24.433, 24.075, 24.022, 23.585, 22.407, 22.163, 22.55, 22.4, 21.854, 21.522, 21.015, 20.692, 20.439, 19.912, 18.95, 18.242, 17.333, 16.723, 16.177, 15.429, 14.22, 12.74, 12.154, 11.817, 11.523, 9.708, 5.812, 2.34, 0.0, 2.286, 4.712, 6.366, 6.713, 6.588, 6.913, 7.693, 8.149, 8.884, 9.826, 10.313, 10.898, 11.278, 11.478, 11.717, 12.199, 12.516, 12.59, 12.88, 13.537, 13.478, 13.726, 15.536, 18.029, 19.549, 20.549, 21.525, 22.222, 22.451, 22.496, 22.679, 24.157, 25.716, 26.587], [28.265, 28.613, 28.359, 27.785, 27.027, 27.094, 27.984, 27.07, 25.714, 26.485, 27.547, 27.595, 26.895, 26.326, 25.805, 25.633, 26.095, 26.339, 26.335, 25.833, 25.235, 24.686, 24.448, 24.395, 24.042, 24.0, 23.568, 22.394, 22.165, 22.563, 22.42, 21.882, 21.536, 21.018, 20.696, 20.446, 19.932, 18.987, 18.292, 17.392, 16.784, 16.274, 15.601, 14.421, 12.933, 12.333, 12.021, 11.784, 10.101, 6.65, 4.014, 2.286, 0.0, 2.897, 4.883, 5.34, 5.25, 5.671, 6.588, 7.1, 7.864, 8.87, 9.382, 10.077, 10.642, 10.916, 11.175, 11.653, 11.985, 12.112, 12.415, 13.072, 13.027, 13.408, 15.421, 18.002, 19.513, 20.538, 21.574, 22.283, 22.484, 22.514, 22.682, 24.14, 25.685, 26.566], [28.145, 28.495, 28.236, 27.644, 26.871, 26.916, 27.792, 26.855, 25.483, 26.261, 27.33, 27.395, 26.7, 26.136, 25.611, 25.451, 25.934, 26.188, 26.161, 25.664, 25.114, 24.573, 24.321, 24.27, 23.929, 23.887, 23.474, 22.34, 22.123, 22.507, 22.361, 21.843, 21.479, 20.939, 20.62, 20.387, 19.931, 19.051, 18.395, 17.532, 16.938, 16.467, 15.934, 14.908, 13.568, 13.07, 12.782, 12.597, 11.078, 8.053, 5.968, 4.712, 2.897, 0.0, 2.359, 3.177, 3.396, 4.264, 5.41, 6.038, 6.894, 8.019, 8.658, 9.602, 10.464, 10.825, 11.116, 11.606, 12.039, 12.35, 12.651, 13.236, 13.226, 13.846, 16.079, 18.675, 20.122, 21.11, 22.117, 22.763, 22.908, 22.896, 23.032, 24.428, 25.904, 26.75], [27.997, 28.337, 28.077, 27.482, 26.707, 26.742, 27.606, 26.659, 25.277, 26.048, 27.12, 27.2, 26.511, 25.95, 25.426, 25.273, 25.764, 26.018, 25.97, 25.481, 24.992, 24.482, 24.229, 24.192, 23.892, 23.869, 23.482, 22.396, 22.175, 22.511, 22.347, 21.852, 21.493, 20.957, 20.643, 20.438, 20.03, 19.186, 18.559, 17.747, 17.181, 16.739, 16.329, 15.496, 14.342, 13.919, 13.644, 13.474, 12.052, 9.284, 7.433, 6.366, 4.883, 2.359, 0.0, 1.448, 2.403, 3.716, 4.832, 5.526, 6.385, 7.528, 8.339, 9.54, 10.625, 11.053, 11.373, 11.848, 12.358, 12.771, 13.066, 13.618, 13.63, 14.39, 16.707, 19.261, 20.652, 21.602, 22.567, 23.159, 23.259, 23.215, 23.329, 24.672, 26.09, 26.908], [28.003, 28.345, 28.083, 27.482, 26.699, 26.734, 27.608, 26.655, 25.259, 26.031, 27.108, 27.188, 26.497, 25.935, 25.411, 25.262, 25.757, 26.011, 25.964, 25.488, 25.018, 24.517, 24.266, 24.228, 23.925, 23.903, 23.514, 22.429, 22.217, 22.551, 22.386, 21.892, 21.534, 20.995, 20.684, 20.484, 20.09, 19.252, 18.622, 17.817, 17.268, 16.832, 16.403, 15.577, 14.424, 13.99, 13.715, 13.536, 12.111, 9.409, 7.69, 6.713, 5.34, 3.177, 1.448, 0.0, 1.655, 3.427, 4.682, 5.419, 6.309, 7.461, 8.289, 9.502, 10.573, 11.006, 11.342, 11.83, 12.356, 12.772, 13.07, 13.623, 13.632, 14.398, 16.726, 19.293, 20.696, 21.647, 22.592, 23.173, 23.287, 23.255, 23.366, 24.692, 26.102, 26.911], [27.979, 28.328, 28.066, 27.466, 26.688, 26.729, 27.605, 26.674, 25.305, 26.069, 27.134, 27.212, 26.53, 25.979, 25.46, 25.307, 25.794, 26.047, 26.001, 25.526, 25.06, 24.57, 24.333, 24.306, 24.003, 23.974, 23.594, 22.535, 22.337, 22.67, 22.513, 22.023, 21.666, 21.142, 20.836, 20.636, 20.236, 19.393, 18.772, 17.982, 17.442, 16.997, 16.526, 15.674, 14.497, 14.013, 13.704, 13.502, 12.066, 9.342, 7.604, 6.588, 5.25, 3.396, 2.403, 1.655, 0.0, 2.179, 3.874, 4.768, 5.711, 6.94, 7.792, 9.048, 10.122, 10.551, 10.882, 11.395, 11.951, 12.402, 12.742, 13.339, 13.371, 14.116, 16.426, 19.005, 20.433, 21.406, 22.376, 22.99, 23.141, 23.14, 23.262, 24.578, 25.98, 26.788], [27.928, 28.289, 28.031, 27.45, 26.697, 26.741, 27.608, 26.711, 25.379, 26.136, 27.199, 27.28, 26.612, 26.078, 25.568, 25.414, 25.886, 26.131, 26.078, 25.603, 25.157, 24.689, 24.468, 24.472, 24.217, 24.197, 23.842, 22.845, 22.677, 22.99, 22.829, 22.352, 22.004, 21.498, 21.194, 21.003, 20.611, 19.761, 19.161, 18.411, 17.889, 17.439, 16.975, 16.161, 15.024, 14.521, 14.178, 13.954, 12.533, 9.775, 7.957, 6.913, 5.671, 4.264, 3.716, 3.427, 2.179, 0.0, 2.217, 3.458, 4.533, 5.895, 6.868, 8.339, 9.575, 10.06, 10.387, 10.926, 11.513, 11.989, 12.375, 13.019, 13.078, 13.835, 16.167, 18.766, 20.212, 21.202, 22.208, 22.857, 23.035, 23.056, 23.201, 24.536, 25.936, 26.744], [27.937, 28.305, 28.055, 27.495, 26.763, 26.808, 27.665, 26.778, 25.445, 26.208, 27.29, 27.37, 26.703, 26.171, 25.66, 25.508, 25.971, 26.208, 26.144, 25.664, 25.236, 24.779, 24.554, 24.57, 24.375, 24.387, 24.048, 23.102, 22.977, 23.273, 23.101, 22.642, 22.305, 21.809, 21.507, 21.33, 20.966, 20.133, 19.561, 18.855, 18.353, 17.92, 17.54, 16.828, 15.768, 15.259, 14.908, 14.684, 13.309, 10.608, 8.741, 7.693, 6.588, 5.41, 4.832, 4.682, 3.874, 2.217, 0.0, 1.709, 3.247, 4.854, 6.043, 7.826, 9.232, 9.73, 10.059, 10.588, 11.173, 11.67, 12.082, 12.737, 12.841, 13.722, 16.15, 18.769, 20.205, 21.189, 22.234, 22.918, 23.101, 23.117, 23.28, 24.651, 26.07, 26.899], [27.868, 28.246, 28.007, 27.463, 26.749, 26.801, 27.651, 26.773, 25.449, 26.208, 27.295, 27.37, 26.704, 26.178, 25.667, 25.518, 25.974, 26.205, 26.131, 25.643, 25.221, 24.765, 24.54, 24.565, 24.39, 24.42, 24.08, 23.138, 23.043, 23.37, 23.217, 22.78, 22.455, 21.969, 21.674, 21.5, 21.144, 20.325, 19.772, 19.092, 18.607, 18.186, 17.841, 17.172, 16.117, 15.571, 15.231, 15.022, 13.691, 11.071, 9.214, 8.149, 7.1, 6.038, 5.526, 5.419, 4.768, 3.458, 1.709, 0.0, 2.284, 4.266, 5.533, 7.439, 8.887, 9.356, 9.681, 10.206, 10.7