[[0.0, 4.82, 6.377, 6.779, 7.977, 10.379, 11.999, 12.845, 13.736, 14.29, 14.483, 14.828, 14.63, 14.553, 15.086, 15.717, 16.01, 15.853, 15.216, 14.87, 15.06, 15.98, 16.061, 16.109, 16.388, 16.507, 16.774, 17.085, 16.559, 16.14, 16.581, 17.07, 17.15, 17.307, 17.516, 18.032, 18.59, 19.154, 19.363, 19.601, 19.579, 19.099, 18.846, 18.975, 19.099, 19.286, 19.473, 19.227, 19.223, 19.278, 19.151, 19.328, 19.619, 19.623, 19.594, 19.626, 19.792, 19.899, 19.867, 19.777, 19.675, 19.88, 20.436, 20.744, 20.998, 21.531, 21.831, 22.141, 22.31, 21.663, 21.45, 21.993, 22.371, 22.714, 22.675, 22.822, 23.309, 23.456, 23.397, 23.266, 23.017, 23.467, 23.089, 22.564, 22.565, 22.418], [4.82, 0.0, 2.352, 3.665, 5.181, 7.727, 9.641, 10.656, 11.569, 11.994, 12.266, 12.829, 12.684, 12.843, 13.471, 14.032, 14.35, 14.288, 14.033, 13.664, 13.58, 14.568, 15.009, 15.357, 15.702, 15.829, 15.973, 16.054, 15.665, 15.485, 16.012, 16.606, 16.666, 16.78, 17.535, 18.537, 19.157, 19.754, 19.971, 20.196, 20.192, 19.732, 19.476, 19.611, 19.717, 19.85, 20.049, 19.762, 19.642, 19.727, 19.59, 19.714, 20.008, 20.098, 20.156, 20.181, 20.293, 20.36, 20.303, 20.18, 20.051, 20.203, 20.629, 20.937, 21.184, 21.631, 21.92, 22.196, 22.337, 21.726, 21.553, 22.098, 22.44, 22.776, 22.757, 22.97, 23.517, 23.648, 23.537, 23.417, 23.208, 23.743, 23.48, 22.919, 22.933, 22.809], [6.377, 2.352, 0.0, 2.024, 3.908, 6.587, 8.652, 9.717, 10.554, 10.929, 11.186, 11.813, 11.69, 11.9, 12.546, 13.114, 13.43, 13.358, 13.244, 13.002, 12.918, 13.902, 14.407, 14.85, 15.282, 15.5, 15.693, 15.748, 15.366, 15.22, 15.717, 16.266, 16.306, 16.395, 17.205, 18.369, 19.096, 19.742, 19.964, 20.16, 20.149, 19.709, 19.459, 19.591, 19.688, 19.809, 20.011, 19.726, 19.599, 19.702, 19.569, 19.693, 19.993, 20.099, 20.166, 20.19, 20.31, 20.383, 20.326, 20.194, 20.046, 20.194, 20.598, 20.918, 21.174, 21.578, 21.853, 22.111, 22.232, 21.623, 21.491, 22.075, 22.423, 22.765, 22.743, 22.938, 23.485, 23.613, 23.49, 23.374, 23.161, 23.699, 23.464, 22.899, 22.915, 22.796], [6.779, 3.665, 2.024, 0.0, 2.572, 5.913, 8.241, 9.429, 10.285, 10.725, 11.037, 11.683, 11.528, 11.663, 12.334, 12.913, 13.23, 13.198, 12.95, 12.698, 12.759, 13.745, 14.166, 14.529, 14.936, 15.218, 15.459, 15.559, 15.177, 15.006, 15.452, 15.955, 16.028, 16.165, 16.941, 18.116, 18.911, 19.596, 19.865, 20.084, 20.072, 19.628, 19.367, 19.49, 19.589, 19.72, 19.923, 19.639, 19.533, 19.651, 19.504, 19.597, 19.901, 20.005, 20.061, 20.093, 20.224, 20.3, 20.25, 20.109, 19.956, 20.106, 20.509, 20.836, 21.103, 21.518, 21.783, 22.037, 22.154, 21.504, 21.366, 21.973, 22.305, 22.631, 22.615, 22.855, 23.45, 23.583, 23.45, 23.303, 23.109, 23.675, 23.446, 22.897, 22.914, 22.801], [7.977, 5.181, 3.908, 2.572, 0.0, 4.154, 7.107, 8.577, 9.485, 9.89, 10.267, 11.026, 10.845, 10.974, 11.791, 12.37, 12.708, 12.828, 12.581, 12.282, 12.451, 13.528, 13.992, 14.324, 14.646, 14.902, 15.099, 15.206, 14.949, 14.877, 15.301, 15.748, 15.807, 15.974, 16.83, 18.04, 18.848, 19.546, 19.851, 20.09, 20.088, 19.638, 19.363, 19.489, 19.592, 19.722, 19.94, 19.65, 19.529, 19.664, 19.497, 19.524, 19.829, 19.956, 20.028, 20.068, 20.195, 20.253, 20.193, 20.028, 19.878, 20.038, 20.39, 20.699, 20.984, 21.414, 21.683, 21.936, 22.05, 21.36, 21.204, 21.827, 22.148, 22.465, 22.486, 22.851, 23.558, 23.696, 23.528, 23.345, 23.209, 23.864, 23.682, 23.151, 23.173, 23.063], [10.379, 7.727, 6.587, 5.913, 4.154, 0.0, 3.703, 5.876, 7.053, 7.538, 8.37, 9.639, 9.431, 9.717, 10.817, 11.394, 11.711, 11.997, 12.1, 11.739, 11.663, 12.765, 13.513, 14.001, 14.299, 14.484, 14.548, 14.597, 14.567, 14.671, 15.084, 15.456, 15.405, 15.548, 16.668, 18.084, 18.932, 19.658, 19.981, 20.191, 20.176, 19.725, 19.462, 19.614, 19.712, 19.818, 20.069, 19.814, 19.655, 19.78, 19.583, 19.558, 19.843, 19.992, 20.083, 20.105, 20.187, 20.193, 20.092, 19.878, 19.718, 19.881, 20.171, 20.455, 20.745, 21.181, 21.497, 21.776, 21.903, 21.235, 21.104, 21.75, 22.065, 22.384, 22.441, 22.904, 23.691, 23.815, 23.6, 23.398, 23.286, 23.997, 23.849, 23.322, 23.362, 23.261], [11.999, 9.641, 8.652, 8.241, 7.107, 3.703, 0.0, 2.921, 4.716, 5.715, 7.366, 9.169, 9.035, 9.564, 10.76, 11.342, 11.617, 11.881, 12.299, 11.835, 11.234, 12.124, 13.054, 13.72, 14.079, 14.237, 14.221, 14.208, 14.28, 14.418, 14.736, 15.054, 14.958, 15.091, 16.427, 18.092, 19.013, 19.754, 20.04, 20.188, 20.15, 19.722, 19.492, 19.671, 19.762, 19.844, 20.099, 19.89, 19.732, 19.817, 19.602, 19.584, 19.854, 19.997, 20.073, 20.072, 20.118, 20.079, 19.957, 19.74, 19.593, 19.777, 20.055, 20.325, 20.607, 21.05, 21.408, 21.731, 21.883, 21.257, 21.138, 21.784, 22.099, 22.419, 22.475, 22.925, 23.684, 23.785, 23.556, 23.356, 23.213, 23.882, 23.708, 23.198, 23.26, 23.164], [12.845, 10.656, 9.717, 9.429, 8.577, 5.876, 2.921, 0.0, 2.422, 4.236, 6.67, 8.858, 8.897, 9.676, 10.851, 11.457, 11.728, 11.95, 12.667, 12.236, 11.282, 11.932, 12.928, 13.755, 14.162, 14.305, 14.283, 14.264, 14.407, 14.51, 14.687, 14.965, 14.839, 14.94, 16.364, 18.143, 19.097, 19.857, 20.08, 20.145, 20.085, 19.715, 19.544, 19.741, 19.826, 19.885, 20.134, 19.948, 19.793, 19.85, 19.633, 19.631, 19.878, 20.013, 20.094, 20.082, 20.089, 19.996, 19.857, 19.681, 19.566, 19.758, 20.033, 20.314, 20.585, 21.016, 21.395, 21.738, 21.89, 21.272, 21.141, 21.778, 22.098, 22.418, 22.475, 22.898, 23.604, 23.693, 23.476, 23.282, 23.083, 23.696, 23.518, 23.032, 23.108, 23.017], [13.736, 11.569, 10.554, 10.285, 9.485, 7.053, 4.716, 2.422, 0.0, 2.561, 5.747, 8.316, 8.511, 9.488, 10.637, 11.235, 11.538, 11.764, 12.736, 12.468, 11.532, 12.138, 13.151, 14.038, 14.455, 14.564, 14.536, 14.522, 14.757, 14.918, 15.033, 15.243, 15.03, 15.058, 16.488, 18.309, 19.292, 20.083, 20.275, 20.283, 20.22, 19.912, 19.803, 20.016, 20.094, 20.137, 20.388, 20.218, 20.066, 20.127, 19.912, 19.9, 20.108, 20.222, 20.309, 20.298, 20.298, 20.191, 20.038, 19.875, 19.766, 19.962, 20.213, 20.495, 20.777, 21.19, 21.587, 21.948, 22.096, 21.486, 21.371, 22.025, 22.355, 22.69, 22.754, 23.148, 23.828, 23.923, 23.712, 23.531, 23.31, 23.905, 23.759, 23.28, 23.354, 23.265], [14.29, 11.994, 10.929, 10.725, 9.89, 7.538, 5.715, 4.236, 2.561, 0.0, 3.84, 6.88, 7.312, 8.571, 9.771, 10.367, 10.693, 11.016, 12.3, 12.195, 11.404, 12.251, 13.307, 14.209, 14.597, 14.591, 14.548, 14.522, 14.838, 15.169, 15.39, 15.576, 15.283, 15.292, 16.742, 18.564, 19.537, 20.319, 20.473, 20.453, 20.413, 20.145, 20.058, 20.29, 20.367, 20.388, 20.622, 20.443, 20.267, 20.341, 20.152, 20.14, 20.306, 20.398, 20.501, 20.519, 20.563, 20.509, 20.366, 20.183, 20.045, 20.25, 20.477, 20.746, 21.071, 21.48, 21.877, 22.238, 22.368, 21.798, 21.744, 22.432, 22.798, 23.165, 23.232, 23.576, 24.23, 24.33, 24.118, 23.974, 23.754, 24.325, 24.204, 23.706, 23.77, 23.681], [14.483, 12.266, 11.186, 11.037, 10.267, 8.37, 7.366, 6.67, 5.747, 3.84, 0.0, 3.513, 4.593, 6.168, 7.409, 8.147, 8.513, 8.95, 10.737, 11.167, 10.89, 12.211, 13.124, 13.957, 14.366, 14.274, 14.373, 14.466, 14.717, 15.171, 15.629, 15.794, 15.418, 15.483, 16.764, 18.446, 19.399, 20.154, 20.247, 20.19, 20.169, 19.923, 19.832, 20.069, 20.152, 20.161, 20.359, 20.164, 19.994, 20.1, 19.985, 20.029, 20.155, 20.182, 20.289, 20.378, 20.534, 20.58, 20.47, 20.277, 20.1, 20.341, 20.618, 20.89, 21.268, 21.71, 22.091, 22.408, 22.503, 22.019, 22.09, 22.818, 23.24, 23.661, 23.703, 23.888, 24.434, 24.54, 24.352, 24.261, 24.009, 24.495, 24.34, 23.807, 23.836, 23.735], [14.828, 12.829, 11.813, 11.683, 11.026, 9.639, 9.169, 8.858, 8.316, 6.88, 3.513, 0.0, 2.362, 4.323, 5.332, 6.196, 6.709, 7.324, 9.628, 10.499, 10.598, 12.208, 13.015, 13.798, 14.206, 14.138, 14.399, 14.594, 14.784, 15.31, 15.908, 16.048, 15.625, 15.698, 16.819, 18.399, 19.34, 20.075, 20.148, 20.091, 20.083, 19.836, 19.742, 19.978, 20.07, 20.088, 20.283, 20.088, 19.936, 20.093, 20.041, 20.123, 20.237, 20.224, 20.309, 20.407, 20.59, 20.66, 20.556, 20.361, 20.156, 20.376, 20.672, 20.948, 21.33, 21.779, 22.151, 22.438, 22.505, 22.052, 22.173, 22.896, 23.326, 23.763, 23.795, 23.909, 24.4, 24.515, 24.344, 24.273, 24.011, 24.462, 24.296, 23.744, 23.75, 23.646], [14.63, 12.684, 11.69, 11.528, 10.845, 9.431, 9.035, 8.897, 8.511, 7.312, 4.593, 2.362, 0.0, 2.745, 4.362, 5.294, 5.86, 6.672, 9.041, 9.795, 9.916, 11.659, 12.553, 13.32, 13.691, 13.665, 13.956, 14.186, 14.443, 15.013, 15.652, 15.769, 15.289, 15.332, 16.464, 18.105, 19.078, 19.837, 19.963, 19.961, 19.965, 19.69, 19.592, 19.826, 19.923, 19.965, 20.242, 20.079, 19.91, 20.086, 20.029, 20.103, 20.256, 20.281, 20.369, 20.44, 20.586, 20.624, 20.487, 20.247, 20.006, 20.177, 20.451, 20.746, 21.112, 21.556, 21.95, 22.241, 22.288, 21.745, 21.793, 22.525, 22.95, 23.368, 23.417, 23.628, 24.208, 24.333, 24.145, 24.042, 23.803, 24.314, 24.175, 23.612, 23.62, 23.524], [14.553, 12.843, 11.9, 11.663, 10.974, 9.717, 9.564, 9.676, 9.488, 8.571, 6.168, 4.323, 2.745, 0.0, 2.713, 4.231, 4.889, 5.855, 8.001, 9.018, 9.73, 11.706, 12.446, 13.024, 13.428, 13.541, 14.029, 14.437, 14.591, 15.038, 15.706, 15.807, 15.303, 15.346, 16.276, 17.788, 18.816, 19.607, 19.793, 19.846, 19.856, 19.555, 19.437, 19.65, 19.744, 19.81, 20.118, 19.98, 19.844, 20.033, 19.973, 20.079, 20.285, 20.317, 20.383, 20.452, 20.618, 20.675, 20.534, 20.254, 19.955, 20.097, 20.414, 20.728, 21.086, 21.545, 21.925, 22.19, 22.213, 21.611, 21.612, 22.343, 22.778, 23.194, 23.242, 23.478, 24.102, 24.239, 24.048, 23.928, 23.706, 24.245, 24.09, 23.523, 23.524, 23.418], [15.086, 13.471, 12.546, 12.334, 11.791, 10.817, 10.76, 10.851, 10.637, 9.771, 7.409, 5.332, 4.362, 2.713, 0.0, 2.479, 3.729, 4.699, 7.291, 8.724, 9.635, 11.695, 12.381, 12.967, 13.437, 13.632, 14.256, 14.698, 14.842, 15.358, 16.068, 16.156, 15.649, 15.669, 16.52, 18.031, 19.113, 19.903, 20.053, 20.06, 20.059, 19.787, 19.685, 19.895, 19.986, 20.044, 20.323, 20.178, 20.094, 20.328, 20.3, 20.441, 20.649, 20.653, 20.686, 20.734, 20.903, 20.973, 20.844, 20.589, 20.283, 20.414, 20.742, 21.031, 21.374, 21.825, 22.162, 22.377, 22.387, 21.825, 21.826, 22.511, 22.946, 23.379, 23.43, 23.605, 24.169, 24.311, 24.142, 24.044, 23.805, 24.292, 24.132, 23.577, 23.57, 23.463], [15.717, 14.032, 13.114, 12.913, 12.37, 11.394, 11.342, 11.457, 11.235, 10.367, 8.147, 6.196, 5.294, 4.231, 2.479, 0.0, 2.157, 3.943, 6.963, 8.357, 9.264, 11.373, 12.129, 12.748, 13.12, 13.318, 13.956, 14.362, 14.644, 15.336, 16.086, 16.16, 15.655, 15.694, 16.669, 18.305, 19.404, 20.134, 20.25, 20.249, 20.273, 20.023, 19.91, 20.126, 20.23, 20.297, 20.594, 20.451, 20.356, 20.656, 20.666, 20.764, 20.956, 20.971, 21.003, 21.044, 21.214, 21.286, 21.156, 20.906, 20.621, 20.755, 21.042, 21.316, 21.651, 22.058, 22.357, 22.548, 22.545, 21.964, 21.911, 22.546, 22.97, 23.397, 23.459, 23.712, 24.336, 24.477, 24.284, 24.161, 23.949, 24.463, 24.339, 23.796, 23.792, 23.695], [16.01, 14.35, 13.43, 13.23, 12.708, 11.711, 11.617, 11.728, 11.538, 10.693, 8.513, 6.709, 5.86, 4.889, 3.729, 2.157, 0.0, 3.01, 6.641, 8.21, 9.22, 11.241, 11.923, 12.526, 12.872, 13.039, 13.682, 14.119, 14.389, 15.089, 15.861, 15.926, 15.404, 15.48, 16.498, 18.167, 19.279, 20.003, 20.11, 20.097, 20.116, 19.868, 19.753, 19.976, 20.088, 20.162, 20.465, 20.322, 20.208, 20.514, 20.573, 20.695, 20.878, 20.894, 20.94, 21.014, 21.222, 21.319, 21.196, 20.942, 20.674, 20.837, 21.115, 21.399, 21.75, 22.129, 22.419, 22.626, 22.626, 22.041, 21.984, 22.615, 23.044, 23.473, 23.534, 23.796, 24.422, 24.553, 24.351, 24.22, 24.005, 24.513, 24.391, 23.846, 23.847, 23.757], [15.853, 14.288, 13.358, 13.198, 12.828, 11.997, 11.881, 11.95, 11.764, 11.016, 8.95, 7.324, 6.672, 5.855, 4.699, 3.943, 3.01, 0.0, 4.899, 7.158, 8.323, 10.425, 11.07, 11.708, 12.298, 12.595, 13.315, 13.815, 14.012, 14.672, 15.464, 15.542, 15.046, 15.148, 16.09, 17.757, 18.912, 19.663, 19.772, 19.714, 19.677, 19.422, 19.324, 19.54, 19.652, 19.752, 20.048, 19.916, 19.893, 20.211, 20.294, 20.541, 20.77, 20.733, 20.719, 20.776, 21.002, 21.119, 20.999, 20.745, 20.473, 20.643, 20.959, 21.224, 21.574, 21.988, 22.29, 22.511, 22.536, 22.016, 22.053, 22.711, 23.143, 23.596, 23.636, 23.744, 24.253, 24.39, 24.218, 24.104, 23.855, 24.296, 24.119, 23.575, 23.579, 23.485], [15.216, 14.033, 13.244, 12.95, 12.581, 12.1, 12.299, 12.667, 12.736, 12.3, 10.737, 9.628, 9.041, 8.001, 7.291, 6.963, 6.641, 4.899, 0.0, 3.877, 7.103, 9.792, 10.306, 10.489, 11.194, 11.984, 12.929, 13.652, 13.645, 13.987, 14.721, 14.883, 14.645, 14.932, 15.636, 17.147, 18.41, 19.133, 19.359, 19.474, 19.41, 19.037, 18.868, 19.043, 19.2, 19.43, 19.755, 19.641, 19.805, 20.169, 20.196, 20.479, 20.85, 20.8, 20.681, 20.718, 20.974, 21.134, 21.033, 20.746, 20.447, 20.602, 21.017, 21.29, 21.596, 22.065, 22.333, 22.596, 22.685, 22.074, 22.026, 22.684, 23.113, 23.534, 23.548, 23.655, 24.201, 24.359, 24.196, 24.022, 23.874, 24.404, 24.137, 23.646, 23.66, 23.549], [14.87, 13.664, 13.002, 12.698, 12.282, 11.739, 11.835, 12.236, 12.468, 12.195, 11.167, 10.499, 9.795, 9.018, 8.724, 8.357, 8.21, 7.158, 3.877, 0.0, 4.675, 8.219, 9.349, 9.603, 10.118, 11.221, 12.232, 12.912, 13.03, 13.358, 14.074, 14.384, 14.27, 14.593, 15.526, 17.248, 18.6, 19.304, 19.574, 19.806, 19.774, 19.344, 19.147, 19.343, 19.535, 19.816, 20.205, 20.104, 20.261, 20.64, 20.616, 20.825, 21.227, 21.249, 21.151, 21.152, 21.339, 21.445, 21.313, 20.989, 20.68, 20.779, 21.15, 21.435, 21.716, 22.187, 22.452, 22.713, 22.794, 22.071, 21.89, 22.551, 22.968, 23.342, 23.387, 23.659, 24.321, 24.475, 24.282, 24.067, 23.986, 24.621, 24.378, 23.921, 23.975, 23.873], [15.06, 13.58, 12.918, 12.759, 12.451, 11.663, 11.234, 11.282, 11.532, 11.404, 10.89, 10.598, 9.916, 9.73, 9.635, 9.264, 9.22, 8.323, 7.103, 4.675, 0.0, 4.633, 7.107, 8.306, 8.923, 10.025, 10.909, 11.364, 11.78, 12.362, 13.089, 13.526, 13.482, 13.754, 15.115, 17.189, 18.557, 19.348, 19.595, 19.761, 19.725, 19.32, 19.145, 19.362, 19.532, 19.761, 20.185, 20.106, 20.178, 20.537, 20.515, 20.719, 21.093, 21.16, 21.118, 21.086, 21.197, 21.228, 21.064, 20.735, 20.441, 20.535, 20.835, 21.111, 21.41, 21.852, 22.106, 22.323, 22.366, 21.663, 21.472, 22.147, 22.573, 22.951, 23.032, 23.346, 24.007, 24.149, 23.962, 23.786, 23.637, 24.223, 24.01, 23.541, 23.615, 23.527], [15.98, 14.568, 13.902, 13.745, 13.528, 12.765, 12.124, 11.932, 12.138, 12.251, 12.211, 12.208, 11.659, 11.706, 11.695, 11.373, 11.241, 10.425, 9.792, 8.219, 4.633, 0.0, 4.054, 6.451, 7.495, 8.896, 9.781, 10.131, 10.576, 11.154, 11.753, 12.2, 12.261, 12.502, 14.092, 16.369, 17.785, 18.731, 19.062, 19.199, 19.146, 18.762, 18.593, 18.783, 18.915, 19.099, 19.554, 19.512, 19.544, 19.919, 19.937, 20.148, 20.507, 20.622, 20.673, 20.713, 20.863, 20.893, 20.719, 20.394, 20.141, 20.283, 20.583, 20.891, 21.218, 21.585, 21.786, 21.979, 22.0, 21.313, 21.135, 21.805, 22.228, 22.602, 22.668, 22.955, 23.59, 23.721, 23.552, 23.411, 23.235, 23.763, 23.546, 23.066, 23.137, 23.063], [16.061, 15.009, 14.407, 14.166, 13.992, 13.513, 13.054, 12.928, 13.151, 13.307, 13.124, 13.015, 12.553, 12.446, 12.381, 12.129, 11.923, 11.07, 10.306, 9.349, 7.107, 4.054, 0.0, 3.283, 5.183, 7.024, 8.334, 8.912, 8.993, 9.423, 10.152, 10.552, 10.674, 10.999, 12.415, 14.696, 16.206, 17.262, 17.665, 17.808, 17.762, 17.412, 17.254, 17.423, 17.547, 17.745, 18.228, 18.219, 18.304, 18.709, 18.761, 19.023, 19.38, 19.463, 19.54, 19.718, 20.062, 20.219, 20.085, 19.786, 19.555, 19.777, 20.203, 20.556, 20.917, 21.313, 21.481, 21.652, 21.673, 21.018, 20.917, 21.63, 22.091, 22.487, 22.472, 22.623, 23.216, 23.347, 23.186, 23.039, 22.844, 23.315, 23.03, 22.53, 22.562, 22.47], [16.109, 15.357, 14.85, 14.529, 14.324, 14.001, 13.72, 13.755, 14.038, 14.209, 13.957, 13.798, 13.32, 13.024, 12.967, 12.748, 12.526, 11.708, 10.489, 9.603, 8.306, 6.451, 3.283, 0.0, 3.02, 5.594, 7.34, 8.304, 8.243, 8.549, 9.399, 9.76, 9.918, 10.383, 11.553, 13.721, 15.327, 16.449, 16.973, 17.197, 17.132, 16.742, 16.579, 16.752, 16.903, 17.156, 17.654, 17.641, 17.794, 18.219, 18.259, 18.555, 18.952, 19.012, 19.069, 19.305, 19.753, 19.999, 19.892, 19.592, 19.37, 19.631, 20.137, 20.496, 20.867, 21.315, 21.473, 21.657, 21.699, 21.014, 20.919, 21.669, 22.14, 22.527, 22.494, 22.618, 23.212, 23.338, 23.16, 22.968, 22.812, 23.323, 22.988, 22.49, 22.509, 22.395], [16.388, 15.702, 15.282, 14.936, 14.646, 14.299, 14.079, 14.162, 14.455, 14.597, 14.366, 14.206, 13.691, 13.428, 13.437, 13.12, 12.872, 12.298, 11.194, 10.118, 8.923, 7.495, 5.183, 3.02, 0.0, 3.584, 5.827, 7.157, 7.578, 8.345, 9.414, 9.84, 10.019, 10.544, 11.767, 13.871, 15.461, 16.566, 17.107, 17.404, 17.361, 16.951, 16.775, 16.976, 17.158, 17.424, 17.928, 17.915, 18.042, 18.475, 18.511, 18.736, 19.111, 19.192, 19.293, 19.549, 19.963, 20.182, 20.085, 19.795, 19.613, 19.864, 20.322, 20.659, 21.011, 21.488, 21.664, 21.849, 21.861, 21.099, 20.915, 21.637, 22.079, 22.428, 22.458, 22.761, 23.449, 23.57, 23.347, 23.113, 22.996, 23.538, 23.228, 22.756, 22.777, 22.667], [16.507, 15.829, 15.5, 15.218, 14.902, 14.484, 14.237, 14.305, 14.564, 14.591, 14.274, 14.138, 13.665, 13.541, 13.632, 13.318, 13.039, 12.595, 11.984, 11.221, 10.025, 8.896, 7.024, 5.594, 3.584, 0.0, 2.952, 5.118, 6.392, 8.152, 9.737, 10.183, 10.213, 10.794, 12.139, 14.132, 15.558, 16.649, 17.157, 17.367, 17.289, 16.864, 16.697, 16.939, 17.131, 17.354, 17.835, 17.774, 17.786, 18.139, 18.192, 18.429, 18.734, 18.788, 18.955, 19.291, 19.744, 19.989, 19.93, 19.698, 19.58, 19.906, 20.375, 20.664, 21.036, 21.59, 21.818, 22.005, 22.001, 21.258, 21.079, 21.799, 22.259, 22.631, 22.691, 23.03, 23.71, 23.814, 23.586, 23.391, 23.223, 23.696, 23.369, 22.874, 22.868, 22.731], [16.774, 15.973, 15.693, 15.459, 15.099, 14.548, 14.221, 14.283, 14.536, 14.548, 14.373, 14.399, 13.956, 14.029, 14.256, 13.956, 13.682, 13.315, 12.929, 12.232, 10.909, 9.781, 8.334, 7.34, 5.827, 2.952, 0.0, 3.024, 5.37, 7.812, 9.586, 10.124, 10.177, 10.807, 12.45, 14.522, 15.828, 16.879, 17.379, 17.554, 17.43, 16.96, 16.782, 17.03, 17.219, 17.413, 17.876, 17.786, 17.734, 18.053, 18.106, 18.338, 18.623, 18.685, 18.878, 19.226, 19.666, 19.892, 19.83, 19.626, 19.588, 19.977, 20.432, 20.69, 21.064, 21.637, 21.89, 22.087, 22.084, 21.349, 21.174, 21.891, 22.338, 22.706, 22.798, 23.185, 23.871, 23.962, 23.73, 23.555, 23.386, 23.861, 23.547, 23.051, 23.041, 22.893], [17.085, 16.054, 15.748, 15.559, 15.206, 14.597, 14.208, 14.264, 14.522, 14.522, 14.466, 14.594, 14.186, 14.437, 14.698, 14.362, 14.119, 13.815, 13.652, 12.912, 11.364, 10.131, 8.912, 8.304, 7.157, 5.118, 3.024, 0.0, 3.756, 7.056, 9.057, 9.808, 9.99, 10.633, 12.617, 14.971, 16.255, 17.26, 17.73, 17.895, 17.79, 17.34, 17.167, 17.414, 17.595, 17.768, 18.217, 18.126, 18.042, 18.351, 18.404, 18.599, 18.856, 18.942, 19.155, 19.503, 19.929, 20.136, 20.06, 19.867, 19.876, 20.319, 20.769, 21.023, 21.392, 21.946, 22.202, 22.383, 22.38, 21.667, 21.507, 22.204, 22.631, 22.989, 23.084, 23.472, 24.131, 24.211, 23.98, 23.811, 23.654, 24.129, 23.832, 23.34, 23.336, 23.192], [16.559, 15.665, 15.366, 15.177, 14.949, 14.567, 14.28, 14.407, 14.757, 14.838, 14.717, 14.784, 14.443, 14.591, 14.842, 14.644, 14.389, 14.012, 13.645, 13.03, 11.78, 10.576, 8.993, 8.243, 7.578, 6.392, 5.37, 3.756, 0.0, 4.121, 6.979, 8.129, 8.555, 9.401, 11.26, 13.635, 15.016, 16.055, 16.58, 16.811, 16.723, 16.238, 16.028, 16.26, 16.449, 16.66, 17.098, 17.023, 17.046, 17.379, 17.438, 17.689, 17.99, 18.075, 18.295, 18.733, 19.28, 19.571, 19.524, 19.346, 19.37, 19.898, 20.529, 20.861, 21.23, 21.77, 22.006, 22.214, 22.269, 21.591, 21.477, 22.197, 22.643, 22.994, 22.992, 23.214, 23.777, 23.849, 23.641, 23.459, 23.312, 23.803, 23.446, 22.932, 22.923, 22.767], [16.14, 15.485, 15.22, 15.006, 14.877, 14.671, 14.418, 14.51, 14.918, 15.169, 15.171, 15.31, 15.013, 15.038, 15.358, 15.336, 15.089, 14.672, 13.987, 13.358, 12.362, 11.154, 9.423, 8.549, 8.345, 8.152, 7.812, 7.056, 4.121, 0.0, 3.721, 5.542, 6.524, 7.663, 9.417, 11.929, 13.589, 14.735, 15.333, 15.689, 15.611, 15.071, 14.819, 15.025, 15.22, 15.467, 15.929, 15.939, 16.067, 16.412, 16.424, 16.682, 17.059, 17.207, 17.471, 17.968, 18.59, 18.903, 18.848, 18.663, 18.694, 19.245, 19.997, 20.447, 20.807, 21.268, 21.441, 21.657, 21.73, 21.01, 20.878, 21.615, 22.056, 22.378, 22.301, 22.438, 22.999, 23.075, 22.857, 22.628, 22.486, 23.033, 22.663, 22.175, 22.196, 22.047], [16.581, 16.012, 15.717, 15.452, 15.301, 15.084, 14.736, 14.687, 15.033, 15.39, 15.629, 15.908, 15.652, 15.706, 16.068, 16.086, 15.861, 15.464, 14.721, 14.074, 13.089, 11.753, 10.152, 9.399, 9.414, 9.737, 9.586, 9.057, 6.979, 3.721, 0.0, 2.776, 4.828, 6.152, 8.097, 11.019, 13.036, 14.347, 14.96, 15.337, 15.238, 14.724, 14.489, 14.681, 14.869, 15.106, 15.584, 15.717, 15.899, 16.223, 16.16, 16.34, 16.761, 16.982, 17.248, 17.691, 18.277, 18.533, 18.456, 18.291, 18.371, 18.917, 19.631, 20.136, 20.502, 20.847, 20.923, 21.12, 21.182, 20.425, 20.256, 20.972, 21.378, 21.676, 21.586, 21.743, 22.364, 22.435, 22.185, 21.91, 21.782, 22.364, 22.061, 21.654, 21.718, 21.602], [17.07, 16.606, 16.266, 15.955, 15.748, 15.456, 15.054, 14.965, 15.243, 15.576, 15.794, 16.048, 15.769, 15.807, 16.156, 16.16, 15.926, 15.542, 14.883, 14.384, 13.526, 12.2, 10.552, 9.76, 9.84, 10.183, 10.124, 9.808, 8.129, 5.542, 2.776, 0.0, 2.879, 4.731, 6.888, 10.19, 12.479, 13.94, 14.6, 14.915, 14.787, 14.294, 14.087, 14.301, 14.49, 14.715, 15.248, 15.436, 15.621, 15.945, 15.868, 16.045, 16.451, 16.686, 16.962, 17.409, 18.034, 18.318, 18.265, 18.143, 18.251, 18.824, 19.522, 20.016, 20.404, 20.792, 20.891, 21.074, 21.125, 20.378, 20.247, 21.012, 21.432, 21.752, 21.664, 21.809, 22.425, 22.486, 22.232, 21.958, 21.822, 22.389, 22.117, 21.723, 21.786, 21.679], [17.15, 16.666, 16.306, 16.028, 15.807, 15.405, 14.958, 14.839, 15.03, 15.283, 15.418, 15.625, 15.289, 15.303, 15.649, 15.655, 15.404, 15.046, 14.645, 14.27, 13.482, 12.261, 10.674, 9.918, 10.019, 10.213, 10.177, 9.99, 8.555, 6.524, 4.828, 2.879, 0.0, 2.748, 5.734, 9.432, 11.825, 13.428, 14.17, 14.441, 14.301, 13.812, 13.665, 13.938, 14.119, 14.32, 14.922, 15.118, 15.256, 15.587, 15.513, 15.713, 16.057, 16.287, 16.61, 17.086, 17.74, 18.047, 17.974, 17.842, 17.929, 18.503, 19.192, 19.693, 20.112, 20.564, 20.777, 20.993, 21.046, 20.33, 20.256, 21.085, 21.542, 21.902, 21.816, 21.913, 22.488, 22.551, 22.301, 22.064, 21.872, 22.397, 22.147, 21.7, 21.752, 21.644], [17.307, 16.78, 16.395, 16.165, 15.974, 15.548, 15.091, 14.94, 15.058, 15.292, 15.483, 15.698, 15.332, 15.346, 15.669, 15.694, 15.48, 15.148, 14.932, 14.593, 13.754, 12.502, 10.999, 10.383, 10.544, 10.794, 10.807, 10.633, 9.401, 7.663, 6.152, 4.731, 2.748, 0.0, 4.336, 8.746, 11.31, 13.058, 13.835, 14.117, 13.993, 13.551, 13.482, 13.763, 13.913, 14.088, 14.728, 14.952, 15.055, 15.394, 15.3, 15.474, 15.785, 16.02, 16.364, 16.822, 17.428, 17.665, 17.523, 17.337, 17.383, 17.905, 18.553, 19.082, 19.535, 19.99, 20.275, 20.55, 20.61, 19.901, 19.841, 20.685, 21.14, 21.505, 21.419, 21.509, 22.094, 22.166, 21.903, 21.678, 21.468, 22.005, 21.815, 21.353, 21.408, 21.305], [17.516, 17.535, 17.205, 16.941, 16.83, 16.668, 16.427, 16.364, 16.488, 16.742, 16.764, 16.819, 16.464, 16.276, 16.52, 16.669, 16.498, 16.09, 15.636, 15.526, 15.115, 14.092, 12.415, 11.553, 11.767, 12.139, 12.45, 12.617, 11.26, 9.417, 8.097, 6.888, 5.734, 4.336, 0.0, 5.403, 8.969, 11.159, 12.058, 12.358, 12.195, 11.794, 11.793, 12.038, 12.177, 12.411, 13.112, 13.511, 13.844, 14.227, 14.124, 14.426, 14.885, 15.091, 15.352, 15.831, 16.542, 16.82, 16.667, 16.486, 16.504, 17.043, 17.793, 18.36, 18.854, 19.366, 19.666, 20.024, 20.189, 19.538, 19.533, 20.381, 20.833, 21.215, 21.082, 21.012, 21.513, 21.6, 21.367, 21.134, 20.921, 21.44, 21.215, 20.748, 20.78, 20.664], [18.032, 18.537, 18.369, 18.116, 18.04, 18.084, 18.092, 18.143, 18.309, 18.564, 18.446, 18.399, 18.105, 17.788, 18.031, 18.305, 18.167, 17.757, 17.147, 17.248, 17.189, 16.369, 14.696, 13.721, 13.871, 14.132, 14.522, 14.971, 13.635, 11.929, 11.019, 10.19, 9.432, 8.746, 5.403, 0.0, 4.928, 8.027, 9.304, 9.714, 9.544, 9.179, 9.279, 9.477, 9.6, 9.912, 10.711, 11.299, 11.953, 12.458, 12.367, 12.766, 13.402, 13.592, 13.771, 14.318, 15.192, 15.587, 15.456, 15.309, 15.38, 15.985, 16.826, 17.364, 17.919, 18.518, 18.829, 19.233, 19.538, 19.149, 19.464, 20.386, 20.829, 21.213, 21.012, 20.733, 21.127, 21.24, 21.047, 20.842, 20.622, 21.113, 20.854, 20.32, 20.276, 20.138], [18.59, 19.157, 19.096, 18.911, 18.848, 18.932, 19.013, 19.097, 19.292, 19.537, 19.399, 19.34, 19.078, 18.816, 19.113, 19.404, 19.279, 18.912, 18.41, 18.6, 18.557, 17.785, 16.206, 15.327, 15.461, 15.558, 15.828, 16.255, 15.016, 13.589, 13.036, 12.479, 11.825, 11.31, 8.969, 4.928, 0.0, 4.214, 6.46, 7.265, 7.305, 6.942, 7.087, 7.314, 7.398, 7.708, 8.653, 9.235, 10.013, 10.762, 10.757, 11.134, 11.783, 11.952, 12.13, 12.855, 13.941, 14.479, 14.379, 14.22, 14.346, 15.044, 15.895, 16.379, 17.066, 17.91, 18.338, 18.768, 19.148, 18.998, 19.785, 20.943, 21.39, 21.739, 21.515, 21.219, 21.6, 21.714, 21.536, 21.391, 21.192, 21.678, 21.391, 20.745, 20.618, 20.455], [19.154, 19.754, 19.742, 19.596, 19.546, 19.658, 19.754, 19.857, 20.083, 20.319, 20.154, 20.075, 19.837, 19.607, 19.903, 20.134, 20.003, 19.663, 19.133, 19.304, 19.348, 18.731, 17.262, 16.449, 16.566, 16.649, 16.879, 17.26, 16.055, 14.735, 14.347, 13.94, 13.428, 13.058, 11.159, 8.027, 4.214, 0.0, 3.347, 5.004, 5.497, 5.347, 5.566, 5.826, 5.994, 6.532, 7.587, 8.283, 9.421, 10.523, 10.713, 11.113, 11.867, 12.083, 12.209, 13.046, 14.287, 14.921, 14.856, 14.677, 14.758, 15.454, 16.312, 16.783, 17.526, 18.461, 18.905, 19.37, 19.796, 19.608, 20.461, 21.741, 22.21, 22.511, 22.3, 22.075, 22.47, 22.581, 22.4, 22.256, 22.104, 22.576, 22.26, 21.64, 21.518, 21.349], [19.363, 19.971, 19.964, 19.865, 19.851, 19.981, 20.04, 20.08, 20.275, 20.473, 20.247, 20.148, 19.963, 19.793, 20.053, 20.25, 20.11, 19.772, 19.359, 19.574, 19.595, 19.062, 17.665, 16.973, 17.107, 17.157, 17.379, 17.73, 16.58, 15.333, 14.96, 14.6, 14.17, 13.835, 12.058, 9.304, 6.46, 3.347, 0.0, 2.486, 3.624, 4.199, 4.743, 4.999, 5.23, 5.936, 7.036, 7.996, 9.346, 10.517, 10.878, 11.279, 12.014, 12.294, 12.458, 13.322, 14.582, 15.216, 15.158, 15.007, 15.102, 15.819, 16.653, 17.114, 17.859, 18.714, 19.116, 19.593, 20.035, 19.89, 20.703, 21.95, 22.458, 22.782, 22.565, 22.291, 22.647, 22.77, 22.616, 22.501, 22.288, 22.672, 22.377, 21.807, 21.703, 21.539], [19.601, 20.196, 20.16, 20.084, 20.09, 20.191, 20.188, 20.145, 20.283, 20.453, 20.19, 20.091, 19.961, 19.846, 20.06, 20.249, 20.097, 19.714, 19.474, 19.806, 19.761, 19.199, 17.808, 17.197, 17.404, 17.367, 17.554, 17.895, 16.811, 15.689, 15.337, 14.915, 14.441, 14.117, 12.358, 9.714, 7.265, 5.004, 2.486, 0.0, 1.875, 3.41, 4.395, 4.756, 4.951, 5.551, 6.676, 7.676, 9.012, 10.146, 10.619, 11.132, 11.811, 12.054, 12.183, 13.04, 14.365, 15.071, 15.048, 14.98, 15.14, 15.935, 16.76, 17.184, 17.966, 18.814, 19.209, 19.675, 20.143, 20.109, 20.967, 22.176, 22.705, 23.097, 22.872, 22.482, 22.739, 22.854, 22.737, 22.673, 22.374, 22.663, 22.384, 21.813, 21.701, 21.539], [19.579, 20.192, 20.149, 20.072, 20.088, 20.176, 20.15, 20.085, 20.22, 20.413, 20.169, 20.083, 19.965, 19.856, 20.059, 20.273, 20.116, 19.677, 19.41, 19.774, 19.725, 19.146, 17.762, 17.132, 17.361, 17.289, 17.43, 17.79, 16.723, 15.611, 15.238, 14.787, 14.301, 13.993, 12.195, 9.544, 7.305, 5.497, 3.624, 1.875, 0.0, 2.234, 3.618, 4.072, 4.322, 4.935, 6.053, 7.118, 8.559, 9.638, 10.128, 10.832, 11.596, 11.785, 11.822, 12.617, 13.925, 14.65, 14.639, 14.621, 14.849, 15.683, 16.521, 16.934, 17.715, 18.561, 18.965, 19.458, 19.967, 19.972, 20.845, 22.05, 22.572, 22.99, 22.788, 22.338, 22.518, 22.615, 22.502, 22.449, 22.117, 22.359, 22.062, 21.496, 21.385, 21.217], [19.099, 19.732, 19.709, 19.628, 19.638, 19.725, 19.722, 19.715, 19.912, 20.145, 19.923, 19.836, 19.69, 19.555, 19.787, 20.023, 19.868, 19.422, 19.037, 19.344, 19.32, 18.762, 17.412, 16.742, 16.951, 16.864, 16.96, 17.34, 16.238, 15.071, 14.724, 14.294, 13.812, 13.551, 11.794, 9.179, 6.942, 5.347, 4.199, 3.41, 2.234, 0.0, 1.768, 2.6, 3.078, 3.95, 5.222, 6.185, 7.681, 8.793, 9.244, 10.076, 10.978, 11.185, 11.22, 12.045, 13.381, 14.117, 14.118, 14.13, 14.432, 15.299, 16.163, 16.578, 17.367, 18.286, 18.735, 19.255, 19.788, 19.76, 20.614, 21.841, 22.369, 22.789, 22.61, 22.207, 22.395, 22.477, 22.347, 22.274, 21.964, 22.252, 21.915, 21.324, 21.209, 21.03], [18.846, 19.476, 19.459, 19.367, 19.363, 19.462, 19.492, 19.544, 19.803, 20.058, 19.832, 19.742, 19.592, 19.437, 19.685, 19.91, 19.753, 19.324, 18.868, 19.147, 19.145, 18.593, 17.254, 16.579, 16.775, 16.697, 16.782, 17.167, 16.028, 14.819, 14.489, 14.087, 13.665, 13.482, 11.793, 9.279, 7.087, 5.566, 4.743, 4.395, 3.618, 1.768, 0.0, 1.312, 2.116, 3.276, 4.629, 5.566, 7.152, 8.347, 8.786, 9.605, 10.6, 10.882, 10.98, 11.852, 13.199, 13.934, 13.955, 13.974, 14.309, 15.199, 16.075, 16.481, 17.252, 18.188, 18.622, 19.125, 19.65, 19.59, 20.444, 21.686, 22.219, 22.637, 22.464, 22.133, 22.387, 22.476, 22.337, 22.248, 21.96, 22.278, 21.926, 21.324, 21.205, 21.025], [18.975, 19.611, 19.591, 19.49, 19.489, 19.614, 19.671, 19.741, 20.016, 20.29, 20.069, 19.978, 19.826, 19.65, 19.895, 20.126, 19.976, 19.54, 19.043, 19.343, 19.362, 18.783, 17.423, 16.752, 16.976, 16.939, 17.03, 17.414, 16.26, 15.025, 14.681, 14.301, 13.938, 13.763, 12.038, 9.477, 7.314, 5.826, 4.999, 4.756, 4.072, 2.6, 1.312, 0.0, 1.14, 2.709, 4.223, 5.393, 7.146, 8.388, 8.85, 9.649, 10.691, 11.005, 11.105, 11.958, 13.264, 13.968, 13.978, 13.972, 14.285, 15.154, 16.038, 16.445, 17.194, 18.108, 18.514, 18.996, 19.515, 19.469, 20.344, 21.59, 22.115, 22.526, 22.354, 22.031, 22.315, 22.425, 22.295, 22.205, 21.921, 22.233, 21.885, 21.29, 21.169, 20.992], [19.099, 19.717, 19.688, 19.589, 19.592, 19.712, 19.762, 19.826, 20.094, 20.367, 20.152, 20.07, 19.923, 19.744, 19.986, 20.23, 20.088, 19.652, 19.2, 19.535, 19.532, 18.915, 17.547, 16.903, 17.158, 17.131, 17.219, 17.595, 16.449, 15.22, 14.869, 14.49, 14.119, 13.913, 12.177, 9.6, 7.398, 5.994, 5.23, 4.951, 4.322, 3.078, 2.116, 1.14, 0.0, 1.887, 3.68, 5.054, 6.904, 8.214, 8.692, 9.476, 10.502, 10.807, 10.918, 11.779, 13.082, 13.778, 13.774, 13.745, 14.036, 14.899, 15.784, 16.195, 16.959, 17.884, 18.293, 18.764, 19.282, 19.278, 20.216, 21.482, 22.011, 22.431, 22.248, 21.897, 22.186, 22.311, 22.202, 22.139, 21.849, 22.15, 21.806, 21.197, 21.069, 20.895], [19.286, 19.85, 19.809, 19.72, 19.722, 19.818, 19.844, 19.885, 20.137, 20.388, 20.161, 20.088, 19.965, 19.81, 20.044, 20.297, 20.162, 19.752, 19.43, 19.816, 19.761, 19.099, 17.745, 17.156, 17.424, 17.354, 17.413, 17.768, 16.66, 15.467, 15.106, 14.715, 14.32, 14.088, 12.411, 9.912, 7.708, 6.532, 5.936, 5.551, 4.935, 3.95, 3.276, 2.709, 1.887, 0.0, 2.334, 4.152, 6.005, 7.393, 7.931, 8.715, 9.741, 10.106, 10.364, 11.325, 12.658, 13.364, 13.363, 13.333, 13.63, 14.518, 15.381, 15.781, 16.583, 17.525, 17.955, 18.412, 18.912, 18.973, 20.02, 21.331, 21.864, 22.297, 22.102, 21.713, 21.99, 22.121, 22.029, 22.024, 21.709, 21.968, 21.641, 20.998, 20.853, 20.682], [19.473, 20.049, 20.011, 19.923, 19.94, 20.069, 20.099, 20.134, 20.388, 20.622, 20.359, 20.283, 20.242, 20.118, 20.323, 20.594, 20.465, 20.048, 19.755, 20.205, 20.185, 19.554, 18.228, 17.654, 17.928, 17.835, 17.876, 18.217, 17.098, 15.929, 15.584, 15.248, 14.922, 14.728, 13.112, 10.711, 8.653, 7.587, 7.036, 6.676, 6.053, 5.222, 4.629, 4.223, 3.68, 2.334, 0.0, 2.69, 5.137, 6.574, 7.196, 8.069, 9.162, 9.51, 9.809, 10.873, 12.251, 13.002, 13.057, 13.052, 13.38, 14.341, 15.227, 15.587, 16.413, 17.359, 17.78, 18.274, 18.8, 18.893, 19.983, 21.309, 21.863, 22.31, 22.116, 21.681, 21.909, 22.037, 21.962, 22.005, 21.704, 21.926, 21.561, 20.915, 20.76, 20.583], [19.227, 19.762, 19.726, 19.639, 19.65, 19.814, 19.89, 19.948, 20.218, 20.443, 20.164, 20.088, 20.079, 19.98, 20.178, 20.451, 20.322, 19.916, 19.641, 20.104, 20.106, 19.512, 18.219, 17.641, 17.915, 17.774, 17.786, 18.126, 17.023, 15.939, 15.717, 15.436, 15.118, 14.952, 13.511, 11.299, 9.235, 8.283, 7.996, 7.676, 7.118, 6.185, 5.566, 5.393, 5.054, 4.152, 2.69, 0.0, 3.269, 5.129, 5.897, 7.004, 8.216, 8.574, 8.927, 10.103, 11.636, 12.545, 12.7, 12.742, 13.119, 14.184, 15.101, 15.424, 16.324, 17.37, 17.823, 18.334, 18.883, 18.942, 20.009, 21.345, 21.92, 22.387, 22.207, 21.82, 22.055, 22.162, 22.082, 22.123, 21.844, 22.159, 21.798, 21.111, 20.954, 20.763], [19.223, 19.642, 19.599, 19.533, 19.529, 19.655, 19.732, 19.793, 20.066, 20.267, 19.994, 19.936, 19.91, 19.844, 20.094, 20.356, 20.208, 19.893, 19.805, 20.261, 20.178, 19.544, 18.304, 17.794, 18.042, 17.786, 17.734, 18.042, 17.046, 16.067, 15.899, 15.621, 15.256, 15.055, 13.844, 11.953, 10.013, 9.421, 9.346, 9.012, 8.559, 7.681, 7.152, 7.146, 6.904, 6.005, 5.137, 3.269, 0.0, 2.616, 3.9, 5.235, 6.57, 7.263, 8.159, 9.622, 11.286, 12.261, 12.467, 12.533, 12.962, 14.099, 14.937, 15.26, 16.249, 17.34, 17.825, 18.274, 18.755, 18.825, 19.928, 21.279, 21.86, 22.339, 22.169, 21.852, 22.148, 22.232, 22.12, 22.168, 21.822, 22.162, 21.899, 21.154, 20.972, 20.783], [19.278, 19.727, 19.702, 19.651, 19.664, 19.78, 19.817, 19.85, 20.127, 20.341, 20.1, 20.093, 20.086, 20.033, 20.328, 20.656, 20.514, 20.211, 20.169, 20.64, 20.537, 19.919, 18.709, 18.219, 18.475, 18.139, 18.053, 18.351, 17.379, 16.412, 16.223, 15.945, 15.587, 15.394, 14.227, 12.458, 10.762, 10.523, 10.517, 10.146, 9.638, 8.793, 8.347, 8.388, 8.214, 7.393, 6.574, 5.129, 2.616, 0.0, 2.139, 4.126, 5.65, 6.581, 7.821, 9.495, 11.191, 12.169, 12.416, 12.508, 12.972, 14.161, 15.007, 15.346, 16.352, 17.425, 17.919, 18.389, 18.869, 18.967, 20.046, 21.359, 21.955, 22.448, 22.288, 21.964, 22.236, 22.297, 22.182, 22.237, 21.85, 22.152, 21.882, 21.157, 20.973, 20.774], [19.151, 19.59, 19.569, 19.504, 19.497, 19.583, 19.602, 19.633, 19.912, 20.152, 19.985, 20.041, 20.029, 19.973, 20.3, 20.666, 20.573, 20.294, 20.196, 20.616, 20.515, 19.937, 18.761, 18.259, 18.511, 18.192, 18.106, 18.404, 17.438, 16.424, 16.16, 15.868, 15.513, 15.3, 14.124, 12.367, 10.757, 10.713, 10.878, 10.619, 10.128, 9.244, 8.786, 8.85, 8.692, 7.931, 7.196, 5.897, 3.9, 2.139, 0.0, 2.775, 4.794, 5.932, 7.333, 9.03, 10.716, 11.699, 11.965, 12.056, 12.504, 13.671, 14.539, 14.908, 15.893, 16.966, 17.477, 17.993, 18.528, 18.634, 19.715, 21.058, 21.662, 22.148, 21.98, 21.678, 21.984, 22.052, 21.927, 21.964, 21.623, 21.997, 21.737, 21.024, 20.86, 20.662], [19.328, 19.714, 19.693, 19.597, 19.524, 19.558, 19.584, 19.631, 19.9, 20.14, 20.029, 20.123, 20.103, 20.079, 20.441, 20.764, 20.695, 20.541, 20.479, 20.825, 20.719, 20.148, 19.023, 18.555, 18.736, 18.429, 18.338, 18.599, 17.689, 16.682, 16.34, 16.045, 15.713, 15.474, 14.426, 12.766, 11.134, 11.113, 11.279, 11.132, 10.832, 10.076, 9.605, 9.649, 9.476, 8.715, 8.069, 7.004, 5.235, 4.126, 2.775, 0.0, 2.807, 4.773, 6.807, 8.75, 10.452, 11.401, 11.68, 11.742, 12.193, 13.356, 14.163, 14.543, 15.534, 16.572, 17.063, 17.561, 18.072, 18.193, 19.333, 20.728, 21.332, 21.782, 21.593, 21.421, 21.895, 21.991, 21.844, 21.871, 21.575, 22.02, 21.828, 21.116, 20.954, 20.776], [19.619, 20.008, 19.993, 19.901, 19.829, 19.843, 19.854, 19.878, 20.108, 20.306, 20.155, 20.237, 20.256, 20.285, 20.649, 20.956, 20.878, 20.77, 20.85, 21.227, 21.093, 20.507, 19.38, 18.952, 19.111, 18.734, 18.623, 18.856, 17.99, 17.059, 16.761, 16.451, 16.057, 15.785, 14.885, 13.402, 11.783, 11.867, 12.014, 11.811, 11.596, 10.978, 10.6, 10.691, 10.502, 9.741, 9.162, 8.216, 6.57, 5.65, 4.794, 2.807, 0.0, 2.893, 5.994, 8.507, 10.356, 11.359, 11.697, 11.795, 12.309, 13.559, 14.351, 14.696, 15.74, 16.81, 17.319, 17.764, 18.181, 18.342, 19.557, 20.965, 21.598, 22.065, 21.858, 21.669, 22.147, 22.252, 22.119, 22.183, 21.836, 22.234, 22.038, 21.296, 21.119, 20.942], [19.623, 20.098, 20.099, 20.005, 19.956, 19.992, 19.997, 20.013, 20.222, 20.398, 20.182, 20.224, 20.281, 20.317, 20.653, 20.971, 20.894, 20.733, 20.8, 21.249, 21.16, 20.622, 19.463, 19.012, 19.192, 18.788, 18.685, 18.942, 18.075, 17.207, 16.982, 16.686, 16.287, 16.02, 15.091, 13.592, 11.952, 12.083, 12.294, 12.054, 11.785, 11.185, 10.882, 11.005, 10.807, 10.106, 9.51, 8.574, 7.263, 6.581, 5.932, 4.773, 2.893, 0.0, 3.79, 6.943, 9.106, 10.279, 10.718, 10.889, 11.502, 12.901, 13.765, 14.067, 15.197, 16.414, 17.016, 17.521, 17.971, 18.236, 19.59, 21.037, 21.69, 22.19, 21.963, 21.641, 22.033, 22.143, 22.04, 22.135, 21.755, 22.113, 21.855, 21.083, 20.885, 20.688], [19.594, 20.156, 20.166, 20.061, 20.028, 20.083, 20.073, 20.094, 20.309, 20.501, 20.289, 20.309, 20.369, 20.383, 20.686, 21.003, 20.94, 20.719, 20.681, 21.151, 21.118, 20.673, 19.54, 19.069, 19.293, 18.955, 18.878, 19.155, 18.295, 17.471, 17.248, 16.962, 16.61, 16.364, 15.352, 13.771, 12.13, 12.209, 12.458, 12.183, 11.822, 11.22, 10.98, 11.105, 10.918, 10.364, 9.809, 8.927, 8.159, 7.821, 7.333, 6.807, 5.994, 3.79, 0.0, 3.781, 6.553, 8.16, 8.797, 9.148, 9.94, 11.478, 12.453, 12.753, 13.958, 15.379, 16.095, 16.723, 17.365, 17.796, 19.306, 20.791, 21.433, 21.942, 21.679, 21.203, 21.482, 21.572, 21.511, 21.615, 21.255, 21.621, 21.321, 20.555, 20.347, 20.141], [19.626, 20.181, 20.19, 20.093, 20.068, 20.105, 20.072, 20.082, 20.298, 20.519, 20.378, 20.407, 20.44, 20.452, 20.734, 21.044, 21.014, 20.776, 20.718, 21.152, 21.086, 20.713, 19.718, 19.305, 19.549, 19.291, 19.226, 19.503, 18.733, 17.968, 17.691, 17.409, 17.086, 16.822, 15.831, 14.318, 12.855, 13.046, 13.322, 13.04, 12.617, 12.045, 11.852, 11.958, 11.779, 11.325, 10.873, 10.103, 9.622, 9.495, 9.03, 8.75, 8.507, 6.943, 3.781, 0.0, 3.357, 5.568, 6.512, 7.169, 8.196, 9.754, 10.747, 11.054, 12.195, 13.655, 14.438, 15.183, 16.051, 16.722, 18.47, 20.012, 20.617, 21.133, 20.827, 20.189, 20.366, 20.427, 20.4, 20.519, 20.192, 20.61, 20.35, 19.597, 19.388, 19.198], [19.792, 20.293, 20.31, 20.224, 20.195, 20.187, 20.118, 20.089, 20.298, 20.563, 20.534, 20.59, 20.586, 20.618, 20.903, 21.214, 21.222, 21.002, 20.974, 21.339, 21.197, 20.863, 20.062, 19.753, 19.963, 19.744, 19.666, 19.929, 19.28, 18.59, 18.277, 18.034, 17.74, 17.428, 16.542, 15.192, 13.941, 14.287, 14.582, 14.365, 13.925, 13.381, 13.199, 13.264, 13.082, 12.658, 12.251, 11.636, 11.286, 11.191, 10.716, 10.452, 10.356, 9.106, 6.553, 3.357, 0.0, 2.777, 4.203, 5.331, 6.73, 8.187, 9.098, 9.371, 10.339, 11.78, 12.663, 13.532, 14.605, 15.556, 17.558, 19.116, 19.659, 20.172, 19.846, 19.09, 19.22, 19.291, 19.296, 19.434, 19.133, 19.612, 19.424, 18.696, 18.49, 18.328], [19.899, 20.36, 20.383, 20.3, 20.253, 20.193, 20.079, 19.996, 20.191, 20.509, 20.58, 20.66, 20.624, 20.675, 20.973, 21.286, 21.319, 21.119, 21.134, 21.445, 21.228, 20.893, 20.219, 19.999, 20.182, 19.989, 19.892, 20.136, 19.571, 18.903, 18.533, 18.318, 18.047, 17.665, 16.82, 15.587, 14.479, 14.921, 15.216, 15.071, 14.65, 14.117, 13.934, 13.968, 13.778, 13.364, 13.002, 12.545, 12.261, 12.169, 11.699, 11.401, 11.359, 10.279, 8.16, 5.568, 2.777, 0.0, 1.906, 3.738, 5.634, 7.02, 7.814, 8.091, 8.95, 10.463, 11.506, 12.467, 13.587, 14.649, 16.787, 18.335, 18.811, 19.303, 18.977, 18.206, 18.37, 18.461, 18.466, 18.613, 18.349, 18.897, 18.77, 18.073, 17.875, 17.734], [19.867, 20.303, 20.326, 20.25, 20.193, 20.092, 19.957, 19.857, 20.038, 20.366, 20.47, 20.556, 20.487, 20.534, 20.844, 21.156, 21.196, 20.999, 21.033, 21.313, 21.064, 20.719, 20.085, 19.892, 20.085, 19.93, 19.83, 20.06, 19.524, 18.848, 18.456, 18.265, 17.974, 17.523, 16.667, 15.456, 14.379, 14.856, 15.158, 15.048, 14.639, 14.118, 13.955, 13.978, 13.774, 13.363, 13.057, 12.7, 12.467, 12.416, 11.965, 11.68, 11.697, 10.718, 8.797, 6.512, 4.203, 1.906, 0.0, 2.45, 4.73, 6.169, 6.971, 7.332, 8.22, 9.837, 11.006, 12.004, 13.127, 14.203, 16.36, 17.93, 18.394, 18.868, 18.544, 17.787, 17.991, 18.103, 18.112, 18.275, 18.051, 18.652, 18.562, 17.881, 17.695, 17.561], [19.777, 20.18, 20.194, 20.109, 20.028, 19.878, 19.74, 19.681, 19.875, 20.183, 20.277, 20.361, 20.247, 20.254, 20.589, 20.906, 20.942, 20.745, 20.746, 20.989, 20.735, 20.394, 19.786, 19.592, 19.795, 19.698, 19.626, 19.867, 19.346, 18.663, 18.291, 18.143, 17.842, 17.337, 16.486, 15.309, 14.22, 14.677, 15.007, 14.98, 14.621, 14.13, 13.974, 13.972, 13.745, 13.333, 13.052, 12.742, 12.533, 12.508, 12.056, 11.742, 11.795, 10.889, 9.148, 7.169, 5.331, 3.738, 2.45, 0.0, 2.672, 4.581, 5.588, 6.098, 7.289, 9.021, 10.256, 11.329, 12.443, 13.526, 15.759, 17.447, 17.961, 18.424, 18.121, 17.45, 17.786, 17.944, 17.946, 18.143, 17.956, 18.608, 18.539, 17.858, 17.706, 17.575], [19.675, 20.051, 20.046, 19.956, 19.878, 19.718, 19.593, 19.566, 19.7