[[0.0, 3.652, 4.82, 5.07, 6.382, 7.378, 7.795, 7.92, 8.167, 9.326, 9.708, 10.314, 12.45, 13.958, 14.336, 15.053, 15.441, 15.567, 15.154, 14.758, 14.787, 15.433, 16.342, 16.335, 15.908, 16.164, 16.606, 16.742, 16.9, 17.091, 18.132, 19.477, 19.223, 19.331, 20.385, 20.958, 20.967, 20.748, 20.387, 20.285, 20.706, 21.139, 21.372, 21.505, 21.329, 21.258, 21.261, 20.997, 20.777, 20.763, 20.412, 20.519, 21.251, 21.884, 22.296, 22.563, 22.44, 22.382, 23.217, 23.32, 23.327, 23.786, 23.814, 23.746, 23.77, 23.84, 23.905, 23.866, 23.883, 24.123, 24.369, 24.539, 24.679, 24.385, 24.056, 23.841, 23.91, 23.789, 23.581, 23.308, 22.9, 22.887, 23.381, 24.386, 24.302, 23.913], [3.652, 0.0, 2.082, 3.991, 5.725, 6.54, 6.833, 7.003, 7.423, 8.56, 9.008, 9.776, 12.232, 13.895, 14.291, 15.161, 15.607, 15.714, 15.222, 14.666, 14.528, 15.12, 16.129, 16.224, 15.832, 16.077, 16.527, 16.82, 17.03, 17.177, 18.402, 19.872, 19.489, 19.583, 20.916, 21.679, 21.711, 21.496, 21.173, 21.128, 21.548, 21.926, 22.11, 22.229, 22.053, 21.99, 21.988, 21.713, 21.496, 21.446, 21.071, 21.196, 21.939, 22.608, 23.076, 23.412, 23.321, 23.212, 23.977, 24.089, 24.082, 24.485, 24.478, 24.402, 24.405, 24.475, 24.609, 24.623, 24.633, 24.882, 25.145, 25.292, 25.429, 25.16, 24.843, 24.579, 24.638, 24.573, 24.431, 24.203, 23.777, 23.775, 24.113, 24.94, 24.846, 24.468], [4.82, 2.082, 0.0, 3.135, 5.209, 5.857, 6.094, 6.387, 6.976, 8.12, 8.525, 9.296, 11.768, 13.481, 13.887, 14.781, 15.253, 15.37, 14.852, 14.246, 14.042, 14.596, 15.617, 15.739, 15.444, 15.742, 16.191, 16.47, 16.671, 16.828, 18.129, 19.62, 19.181, 19.246, 20.605, 21.439, 21.557, 21.417, 21.144, 21.075, 21.419, 21.759, 21.933, 22.04, 21.863, 21.817, 21.81, 21.53, 21.317, 21.265, 20.896, 21.032, 21.777, 22.439, 22.909, 23.242, 23.2, 23.111, 23.833, 23.923, 23.917, 24.315, 24.305, 24.232, 24.237, 24.296, 24.442, 24.471, 24.477, 24.729, 24.987, 25.11, 25.232, 24.976, 24.712, 24.47, 24.521, 24.462, 24.326, 24.113, 23.687, 23.708, 24.019, 24.79, 24.684, 24.304], [5.07, 3.991, 3.135, 0.0, 2.753, 4.087, 4.782, 5.403, 6.121, 7.686, 7.964, 8.823, 11.068, 12.524, 12.981, 13.761, 14.194, 14.406, 13.953, 13.401, 13.369, 14.141, 15.181, 15.202, 14.826, 15.118, 15.634, 15.776, 15.912, 16.106, 17.138, 18.511, 18.142, 18.258, 19.58, 20.344, 20.456, 20.398, 20.155, 20.047, 20.355, 20.728, 20.927, 21.019, 20.843, 20.806, 20.784, 20.515, 20.317, 20.272, 19.913, 20.033, 20.772, 21.449, 21.93, 22.256, 22.264, 22.271, 23.041, 23.1, 23.114, 23.56, 23.586, 23.523, 23.551, 23.617, 23.729, 23.751, 23.763, 24.028, 24.314, 24.443, 24.511, 24.237, 24.064, 23.96, 24.041, 23.93, 23.738, 23.503, 23.106, 23.144, 23.602, 24.558, 24.488, 24.086], [6.382, 5.725, 5.209, 2.753, 0.0, 2.187, 3.539, 4.524, 5.384, 7.22, 7.54, 8.54, 10.83, 12.184, 12.681, 13.378, 13.772, 14.023, 13.601, 13.057, 13.111, 13.997, 15.056, 15.042, 14.65, 14.913, 15.434, 15.559, 15.689, 15.89, 16.912, 18.271, 17.89, 18.038, 19.362, 20.094, 20.158, 20.086, 19.855, 19.772, 20.114, 20.513, 20.725, 20.819, 20.636, 20.584, 20.54, 20.271, 20.062, 20.015, 19.606, 19.708, 20.479, 21.193, 21.719, 22.097, 22.104, 22.081, 22.876, 22.93, 22.948, 23.418, 23.463, 23.401, 23.424, 23.513, 23.662, 23.721, 23.73, 24.003, 24.333, 24.458, 24.487, 24.2, 24.063, 23.996, 24.082, 23.949, 23.733, 23.489, 23.092, 23.133, 23.642, 24.685, 24.667, 24.258], [7.378, 6.54, 5.857, 4.087, 2.187, 0.0, 2.143, 3.564, 4.683, 6.607, 7.032, 8.153, 10.641, 12.133, 12.635, 13.319, 13.698, 13.921, 13.459, 12.849, 12.835, 13.694, 14.807, 14.832, 14.462, 14.725, 15.225, 15.371, 15.523, 15.748, 17.005, 18.434, 17.953, 18.083, 19.464, 20.267, 20.386, 20.327, 20.089, 20.015, 20.35, 20.738, 20.952, 21.052, 20.846, 20.783, 20.732, 20.439, 20.211, 20.16, 19.725, 19.844, 20.643, 21.359, 21.911, 22.335, 22.364, 22.269, 23.024, 23.089, 23.098, 23.55, 23.591, 23.53, 23.538, 23.636, 23.85, 23.959, 23.96, 24.227, 24.57, 24.677, 24.703, 24.424, 24.295, 24.2, 24.258, 24.137, 23.947, 23.719, 23.285, 23.328, 23.803, 24.813, 24.815, 24.404], [7.795, 6.833, 6.094, 4.782, 3.539, 2.143, 0.0, 1.933, 3.506, 5.448, 6.0, 7.244, 10.002, 11.832, 12.344, 13.065, 13.505, 13.714, 13.26, 12.642, 12.496, 13.223, 14.35, 14.5, 14.299, 14.564, 15.001, 15.151, 15.284, 15.538, 16.955, 18.376, 17.824, 17.911, 19.289, 20.151, 20.342, 20.299, 20.045, 19.957, 20.266, 20.627, 20.841, 20.947, 20.736, 20.682, 20.618, 20.321, 20.088, 20.039, 19.616, 19.762, 20.546, 21.217, 21.751, 22.179, 22.231, 22.096, 22.806, 22.878, 22.888, 23.343, 23.385, 23.322, 23.325, 23.413, 23.64, 23.765, 23.763, 24.036, 24.392, 24.492, 24.533, 24.264, 24.137, 24.012, 24.057, 23.959, 23.806, 23.585, 23.122, 23.176, 23.623, 24.598, 24.58, 24.152], [7.92, 7.003, 6.387, 5.403, 4.524, 3.564, 1.933, 0.0, 2.345, 4.699, 5.331, 6.66, 9.592, 11.598, 12.122, 12.886, 13.375, 13.574, 13.113, 12.502, 12.343, 13.041, 14.181, 14.373, 14.207, 14.464, 14.884, 15.041, 15.173, 15.439, 16.882, 18.322, 17.787, 17.855, 19.22, 20.082, 20.274, 20.228, 19.974, 19.884, 20.206, 20.59, 20.818, 20.919, 20.711, 20.662, 20.603, 20.32, 20.096, 20.055, 19.649, 19.8, 20.576, 21.229, 21.746, 22.158, 22.226, 22.133, 22.847, 22.912, 22.93, 23.395, 23.446, 23.393, 23.396, 23.468, 23.679, 23.798, 23.8, 24.073, 24.41, 24.501, 24.551, 24.284, 24.15, 24.007, 24.052, 23.971, 23.834, 23.611, 23.146, 23.208, 23.67, 24.644, 24.602, 24.162], [8.167, 7.423, 6.976, 6.121, 5.384, 4.683, 3.506, 2.345, 0.0, 3.191, 4.147, 5.412, 8.814, 11.062, 11.556, 12.424, 12.992, 13.182, 12.779, 12.208, 12.041, 12.725, 13.898, 14.07, 13.853, 14.091, 14.491, 14.719, 14.855, 15.144, 16.716, 18.115, 17.509, 17.583, 18.962, 19.837, 20.055, 19.983, 19.662, 19.54, 19.896, 20.336, 20.654, 20.795, 20.57, 20.518, 20.465, 20.178, 19.923, 19.875, 19.443, 19.625, 20.415, 21.052, 21.562, 21.979, 22.031, 21.903, 22.657, 22.739, 22.752, 23.215, 23.254, 23.196, 23.205, 23.285, 23.49, 23.61, 23.613, 23.893, 24.258, 24.362, 24.405, 24.122, 23.99, 23.855, 23.898, 23.817, 23.697, 23.482, 22.999, 23.069, 23.566, 24.572, 24.519, 24.048], [9.326, 8.56, 8.12, 7.686, 7.22, 6.607, 5.448, 4.699, 3.191, 0.0, 1.839, 3.514, 7.405, 10.268, 10.851, 11.901, 12.595, 12.768, 12.46, 11.974, 11.65, 12.076, 13.179, 13.431, 13.505, 13.895, 14.276, 14.616, 14.769, 15.141, 16.871, 18.095, 17.354, 17.404, 18.723, 19.655, 20.004, 19.94, 19.572, 19.399, 19.727, 20.141, 20.484, 20.667, 20.441, 20.408, 20.354, 20.066, 19.766, 19.674, 19.229, 19.467, 20.243, 20.8, 21.255, 21.68, 21.784, 21.587, 22.264, 22.345, 22.351, 22.778, 22.788, 22.719, 22.732, 22.817, 23.043, 23.191, 23.189, 23.456, 23.826, 23.902, 23.952, 23.69, 23.567, 23.409, 23.435, 23.363, 23.27, 23.055, 22.496, 22.578, 23.038, 23.991, 23.903, 23.376], [9.708, 9.008, 8.525, 7.964, 7.54, 7.032, 6.0, 5.331, 4.147, 1.839, 0.0, 2.645, 6.391, 9.25, 9.928, 11.025, 11.762, 11.955, 11.669, 11.247, 10.978, 11.441, 12.564, 12.806, 12.951, 13.433, 13.865, 14.147, 14.293, 14.716, 16.344, 17.518, 16.817, 16.891, 18.195, 19.122, 19.497, 19.475, 19.13, 18.946, 19.244, 19.658, 19.996, 20.163, 19.972, 19.993, 19.943, 19.667, 19.389, 19.299, 18.887, 19.112, 19.85, 20.379, 20.81, 21.219, 21.406, 21.345, 22.01, 22.036, 22.059, 22.511, 22.543, 22.486, 22.509, 22.575, 22.771, 22.923, 22.927, 23.184, 23.518, 23.557, 23.59, 23.322, 23.226, 23.106, 23.147, 23.063, 22.948, 22.707, 22.15, 22.246, 22.742, 23.725, 23.61, 23.065], [10.314, 9.776, 9.296, 8.823, 8.54, 8.153, 7.244, 6.66, 5.412, 3.514, 2.645, 0.0, 4.777, 8.104, 8.782, 10.113, 11.003, 11.2, 11.069, 10.804, 10.481, 10.777, 11.89, 12.164, 12.515, 13.138, 13.526, 13.825, 13.935, 14.391, 16.142, 17.256, 16.492, 16.542, 17.795, 18.743, 19.207, 19.199, 18.846, 18.64, 18.897, 19.302, 19.668, 19.829, 19.664, 19.769, 19.76, 19.496, 19.225, 19.146, 18.745, 18.961, 19.67, 20.168, 20.573, 20.994, 21.208, 21.192, 21.847, 21.831, 21.855, 22.325, 22.355, 22.302, 22.328, 22.379, 22.559, 22.707, 22.704, 22.964, 23.272, 23.293, 23.338, 23.058, 22.961, 22.855, 22.918, 22.835, 22.706, 22.447, 21.879, 21.974, 22.465, 23.453, 23.316, 22.804], [12.45, 12.232, 11.768, 11.068, 10.83, 10.641, 10.002, 9.592, 8.814, 7.405, 6.391, 4.777, 0.0, 4.423, 5.673, 7.317, 8.531, 8.818, 9.2, 9.523, 9.395, 9.721, 10.805, 11.023, 11.909, 12.91, 13.373, 13.529, 13.609, 14.198, 15.468, 16.081, 15.366, 15.434, 16.455, 17.328, 17.98, 18.247, 18.05, 17.846, 17.995, 18.375, 18.745, 18.849, 18.74, 18.943, 18.97, 18.78, 18.581, 18.475, 18.167, 18.396, 18.912, 19.232, 19.503, 19.839, 20.334, 20.747, 21.282, 21.12, 21.183, 21.62, 21.678, 21.687, 21.779, 21.783, 21.839, 21.947, 21.952, 22.153, 22.285, 22.159, 22.143, 21.855, 21.906, 22.056, 22.167, 21.993, 21.754, 21.442, 20.922, 21.016, 21.661, 22.847, 22.693, 22.185], [13.958, 13.895, 13.481, 12.524, 12.184, 12.133, 11.832, 11.598, 11.062, 10.268, 9.25, 8.104, 4.423, 0.0, 2.534, 4.825, 6.082, 6.542, 7.251, 7.997, 8.278, 8.969, 10.154, 10.188, 10.955, 12.046, 12.612, 12.65, 12.796, 13.317, 14.055, 14.689, 14.272, 14.564, 15.586, 16.333, 16.931, 17.276, 17.102, 16.928, 17.1, 17.576, 18.03, 18.131, 18.073, 18.389, 18.484, 18.362, 18.254, 18.159, 17.886, 18.046, 18.47, 18.774, 19.024, 19.313, 19.925, 20.723, 21.441, 21.188, 21.278, 21.769, 21.9, 21.99, 22.15, 22.137, 22.07, 22.12, 22.137, 22.306, 22.381, 22.254, 22.169, 21.833, 22.034, 22.462, 22.622, 22.354, 22.003, 21.631, 21.202, 21.245, 22.105, 23.589, 23.479, 23.032], [14.336, 14.291, 13.887, 12.981, 12.681, 12.635, 12.344, 12.122, 11.556, 10.851, 9.928, 8.782, 5.673, 2.534, 0.0, 3.461, 5.072, 5.452, 6.225, 7.113, 7.417, 8.221, 9.631, 9.681, 10.358, 11.418, 11.982, 12.09, 12.295, 12.757, 13.661, 14.564, 14.18, 14.501, 15.571, 16.36, 16.956, 17.219, 16.953, 16.771, 16.973, 17.483, 18.006, 18.154, 18.088, 18.384, 18.481, 18.362, 18.262, 18.188, 17.877, 18.003, 18.473, 18.838, 19.111, 19.396, 19.916, 20.63, 21.427, 21.199, 21.277, 21.774, 21.893, 21.99, 22.16, 22.168, 22.11, 22.153, 22.166, 22.342, 22.433, 22.344, 22.286, 21.935, 22.135, 22.593, 22.773, 22.506, 22.148, 21.752, 21.345, 21.362, 22.213, 23.7, 23.604, 23.214], [15.053, 15.161, 14.781, 13.761, 13.378, 13.319, 13.065, 12.886, 12.424, 11.901, 11.025, 10.113, 7.317, 4.825, 3.461, 0.0, 2.353, 3.082, 4.292, 5.925, 6.786, 7.984, 9.507, 9.521, 10.209, 11.268, 11.806, 11.819, 12.02, 12.486, 13.44, 14.445, 14.175, 14.548, 15.511, 16.191, 16.716, 16.975, 16.753, 16.611, 16.77, 17.285, 17.85, 18.026, 17.987, 18.255, 18.282, 18.162, 18.108, 18.109, 17.793, 17.858, 18.323, 18.683, 18.94, 19.182, 19.7, 20.476, 21.321, 21.074, 21.15, 21.682, 21.82, 21.921, 22.09, 22.099, 22.021, 22.04, 22.041, 22.227, 22.338, 22.267, 22.217, 21.876, 22.152, 22.674, 22.861, 22.578, 22.171, 21.727, 21.368, 21.371, 22.301, 23.89, 23.845, 23.489], [15.441, 15.607, 15.253, 14.194, 13.772, 13.698, 13.505, 13.375, 12.992, 12.595, 11.762, 11.003, 8.531, 6.082, 5.072, 2.353, 0.0, 1.815, 3.321, 5.137, 6.315, 7.712, 9.227, 9.174, 9.738, 10.797, 11.371, 11.336, 11.537, 12.028, 13.025, 14.159, 14.017, 14.509, 15.498, 16.108, 16.547, 16.789, 16.544, 16.397, 16.545, 17.076, 17.678, 17.886, 17.874, 18.159, 18.17, 18.066, 18.031, 18.056, 17.769, 17.816, 18.275, 18.63, 18.873, 19.092, 19.6, 20.402, 21.308, 21.066, 21.137, 21.703, 21.861, 21.964, 22.131, 22.153, 22.073, 22.072, 22.066, 22.263, 22.422, 22.372, 22.311, 21.993, 22.326, 22.894, 23.093, 22.807, 22.386, 21.931, 21.585, 21.561, 22.539, 24.224, 24.219, 23.883], [15.567, 15.714, 15.37, 14.406, 14.023, 13.921, 13.714, 13.574, 13.182, 12.768, 11.955, 11.2, 8.818, 6.542, 5.452, 3.082, 1.815, 0.0, 2.413, 4.797, 6.055, 7.485, 9.055, 9.039, 9.691, 10.75, 11.279, 11.299, 11.528, 11.989, 13.227, 14.511, 14.356, 14.835, 15.832, 16.454, 16.892, 17.131, 16.87, 16.697, 16.833, 17.351, 17.959, 18.177, 18.166, 18.434, 18.443, 18.342, 18.303, 18.324, 18.045, 18.137, 18.627, 18.968, 19.194, 19.402, 19.881, 20.611, 21.486, 21.259, 21.318, 21.856, 21.996, 22.098, 22.254, 22.294, 22.235, 22.223, 22.205, 22.39, 22.498, 22.424, 22.397, 22.098, 22.408, 22.955, 23.154, 22.87, 22.444, 21.987, 21.659, 21.607, 22.546, 24.19, 24.16, 23.835], [15.154, 15.222, 14.852, 13.953, 13.601, 13.459, 13.26, 13.113, 12.779, 12.46, 11.669, 11.069, 9.2, 7.251, 6.225, 4.292, 3.321, 2.413, 0.0, 2.981, 4.827, 6.786, 8.708, 8.658, 8.921, 9.934, 10.56, 10.532, 10.882, 11.303, 12.778, 14.628, 14.525, 15.005, 16.156, 16.744, 17.029, 17.207, 16.969, 16.844, 17.031, 17.581, 18.211, 18.47, 18.46, 18.737, 18.778, 18.666, 18.637, 18.695, 18.4, 18.462, 19.074, 19.523, 19.787, 19.985, 20.347, 20.989, 21.911, 21.715, 21.753, 22.305, 22.439, 22.525, 22.652, 22.71, 22.711, 22.716, 22.697, 22.905, 23.049, 23.019, 23.013, 22.722, 22.976, 23.432, 23.609, 23.346, 22.95, 22.491, 22.139, 22.083, 22.911, 24.445, 24.417, 24.123], [14.758, 14.666, 14.246, 13.401, 13.057, 12.849, 12.642, 12.502, 12.208, 11.974, 11.247, 10.804, 9.523, 7.997, 7.113, 5.925, 5.137, 4.797, 2.981, 0.0, 2.771, 5.875, 8.336, 8.223, 8.083, 9.092, 9.895, 9.862, 10.26, 10.713, 12.305, 14.464, 14.387, 14.851, 16.152, 16.762, 16.964, 17.114, 16.865, 16.776, 17.023, 17.602, 18.247, 18.542, 18.517, 18.797, 18.852, 18.721, 18.69, 18.749, 18.463, 18.509, 19.194, 19.778, 20.111, 20.301, 20.58, 21.137, 22.09, 21.936, 21.958, 22.507, 22.636, 22.708, 22.819, 22.878, 22.919, 22.946, 22.934, 23.174, 23.417, 23.448, 23.441, 23.168, 23.397, 23.78, 23.938, 23.707, 23.368, 22.954, 22.558, 22.503, 23.234, 24.692, 24.69, 24.418], [14.787, 14.528, 14.042, 13.369, 13.111, 12.835, 12.496, 12.343, 12.041, 11.65, 10.978, 10.481, 9.395, 8.278, 7.417, 6.786, 6.315, 6.055, 4.827, 2.771, 0.0, 4.011, 7.062, 7.156, 7.356, 8.432, 9.176, 9.362, 9.769, 10.306, 12.245, 14.343, 14.14, 14.529, 15.9, 16.711, 17.042, 17.165, 16.848, 16.735, 16.983, 17.532, 18.148, 18.434, 18.366, 18.652, 18.706, 18.527, 18.468, 18.509, 18.247, 18.332, 19.024, 19.658, 20.065, 20.311, 20.599, 21.076, 21.972, 21.839, 21.855, 22.375, 22.485, 22.547, 22.654, 22.704, 22.768, 22.81, 22.792, 23.04, 23.301, 23.327, 23.344, 23.104, 23.319, 23.669, 23.839, 23.649, 23.359, 22.979, 22.552, 22.511, 23.153, 24.509, 24.483, 24.211], [15.433, 15.12, 14.596, 14.141, 13.997, 13.694, 13.223, 13.041, 12.725, 12.076, 11.441, 10.777, 9.721, 8.969, 8.221, 7.984, 7.712, 7.485, 6.786, 5.875, 4.011, 0.0, 3.698, 4.654, 5.998, 7.381, 8.083, 8.687, 9.118, 9.835, 12.435, 14.553, 14.305, 14.649, 15.965, 16.991, 17.484, 17.497, 17.042, 16.813, 16.999, 17.457, 18.003, 18.277, 18.203, 18.542, 18.62, 18.407, 18.263, 18.294, 18.067, 18.18, 18.91, 19.554, 20.023, 20.45, 20.85, 21.191, 21.956, 21.821, 21.829, 22.342, 22.42, 22.468, 22.565, 22.604, 22.698, 22.762, 22.721, 22.962, 23.174, 23.151, 23.206, 23.008, 23.204, 23.525, 23.743, 23.616, 23.36, 22.99, 22.557, 22.529, 23.083, 24.28, 24.205, 23.938], [16.342, 16.129, 15.617, 15.181, 15.056, 14.807, 14.35, 14.181, 13.898, 13.179, 12.564, 11.89, 10.805, 10.154, 9.631, 9.507, 9.227, 9.055, 8.708, 8.336, 7.062, 3.698, 0.0, 2.539, 5.772, 7.408, 7.97, 8.723, 9.034, 9.791, 12.518, 14.497, 14.266, 14.622, 15.809, 16.913, 17.545, 17.543, 17.013, 16.654, 16.714, 17.05, 17.507, 17.765, 17.723, 18.116, 18.205, 18.014, 17.804, 17.816, 17.631, 17.776, 18.515, 19.118, 19.577, 20.145, 20.743, 21.114, 21.773, 21.615, 21.636, 22.167, 22.238, 22.291, 22.403, 22.436, 22.524, 22.586, 22.53, 22.768, 22.943, 22.877, 22.927, 22.758, 22.984, 23.343, 23.617, 23.521, 23.261, 22.88, 22.472, 22.441, 22.979, 24.135, 24.044, 23.763], [16.335, 16.224, 15.739, 15.202, 15.042, 14.832, 14.5, 14.373, 14.07, 13.431, 12.806, 12.164, 11.023, 10.188, 9.681, 9.521, 9.174, 9.039, 8.658, 8.223, 7.156, 4.654, 2.539, 0.0, 4.412, 6.541, 7.182, 7.877, 8.162, 8.931, 11.616, 13.672, 13.436, 13.842, 15.093, 16.182, 16.866, 16.93, 16.37, 15.949, 15.998, 16.365, 16.856, 17.149, 17.112, 17.524, 17.631, 17.44, 17.231, 17.237, 17.053, 17.208, 17.981, 18.614, 19.073, 19.633, 20.267, 20.797, 21.573, 21.43, 21.466, 22.001, 22.083, 22.143, 22.274, 22.332, 22.421, 22.469, 22.423, 22.668, 22.868, 22.835, 22.847, 22.674, 22.954, 23.399, 23.7, 23.574, 23.294, 22.906, 22.499, 22.45, 23.027, 24.269, 24.212, 23.935], [15.908, 15.832, 15.444, 14.826, 14.65, 14.462, 14.299, 14.207, 13.853, 13.505, 12.951, 12.515, 11.909, 10.955, 10.358, 10.209, 9.738, 9.691, 8.921, 8.083, 7.356, 5.998, 5.772, 4.412, 0.0, 3.001, 4.762, 5.645, 6.353, 7.214, 10.3, 13.267, 13.222, 13.771, 15.373, 16.379, 16.799, 16.788, 16.184, 15.805, 16.049, 16.598, 17.237, 17.632, 17.557, 17.944, 18.11, 17.872, 17.681, 17.712, 17.497, 17.621, 18.551, 19.378, 19.929, 20.459, 20.904, 21.436, 22.469, 22.409, 22.43, 22.962, 23.044, 23.086, 23.193, 23.31, 23.458, 23.509, 23.479, 23.733, 24.0, 24.039, 23.985, 23.762, 24.021, 24.47, 24.752, 24.602, 24.348, 23.981, 23.558, 23.506, 24.089, 25.354, 25.357, 25.104], [16.164, 16.077, 15.742, 15.118, 14.913, 14.725, 14.564, 14.464, 14.091, 13.895, 13.433, 13.138, 12.91, 12.046, 11.418, 11.268, 10.797, 10.75, 9.934, 9.092, 8.432, 7.381, 7.408, 6.541, 3.001, 0.0, 2.774, 4.274, 5.372, 6.204, 9.854, 13.355, 13.383, 14.012, 15.809, 16.814, 17.048, 16.899, 16.27, 15.969, 16.333, 16.974, 17.683, 18.114, 17.99, 18.318, 18.488, 18.214, 18.016, 18.053, 17.794, 17.913, 18.929, 19.85, 20.473, 21.012, 21.343, 21.77, 22.898, 22.898, 22.903, 23.428, 23.503, 23.527, 23.62, 23.772, 23.963, 24.019, 23.983, 24.244, 24.556, 24.63, 24.554, 24.318, 24.572, 25.007, 25.271, 25.116, 24.888, 24.532, 24.109, 24.072, 24.628, 25.887, 25.931, 25.687], [16.606, 16.527, 16.191, 15.634, 15.434, 15.225, 15.001, 14.884, 14.491, 14.276, 13.865, 13.526, 13.373, 12.612, 11.982, 11.806, 11.371, 11.279, 10.56, 9.895, 9.176, 8.083, 7.97, 7.182, 4.762, 2.774, 0.0, 2.979, 4.28, 5.053, 9.665, 13.273, 13.089, 13.73, 15.632, 16.754, 17.054, 16.812, 16.129, 15.853, 16.21, 16.868, 17.616, 18.06, 17.904, 18.217, 18.382, 18.068, 17.877, 17.933, 17.621, 17.744, 18.764, 19.678, 20.324, 20.888, 21.136, 21.452, 22.636, 22.679, 22.676, 23.193, 23.257, 23.271, 23.363, 23.541, 23.767, 23.831, 23.78, 24.07, 24.455, 24.568, 24.507, 24.271, 24.529, 24.956, 25.217, 25.066, 24.845, 24.501, 24.076, 24.032, 24.54, 25.791, 25.863, 25.644], [16.742, 16.82, 16.47, 15.776, 15.559, 15.371, 15.151, 15.041, 14.719, 14.616, 14.147, 13.825, 13.529, 12.65, 12.09, 11.819, 11.336, 11.299, 10.532, 9.862, 9.362, 8.687, 8.723, 7.877, 5.645, 4.274, 2.979, 0.0, 2.468, 4.379, 8.706, 12.491, 12.537, 13.217, 14.999, 16.04, 16.384, 16.259, 15.672, 15.336, 15.526, 16.165, 16.955, 17.383, 17.243, 17.619, 17.81, 17.514, 17.384, 17.52, 17.239, 17.281, 18.206, 19.085, 19.725, 20.254, 20.492, 20.95, 22.21, 22.225, 22.247, 22.861, 22.992, 23.005, 23.098, 23.252, 23.434, 23.5, 23.466, 23.76, 24.166, 24.309, 24.232, 23.975, 24.252, 24.697, 24.953, 24.785, 24.564, 24.212, 23.794, 23.773, 24.352, 25.682, 25.76, 25.551], [16.9, 17.03, 16.671, 15.912, 15.689, 15.523, 15.284, 15.173, 14.855, 14.769, 14.293, 13.935, 13.609, 12.796, 12.295, 12.02, 11.537, 11.528, 10.882, 10.26, 9.769, 9.118, 9.034, 8.162, 6.353, 5.372, 4.28, 2.468, 0.0, 3.153, 8.051, 11.713, 11.702, 12.345, 14.117, 15.233, 15.699, 15.631, 15.003, 14.598, 14.682, 15.275, 16.069, 16.493, 16.36, 16.783, 16.989, 16.715, 16.599, 16.771, 16.509, 16.534, 17.455, 18.321, 18.963, 19.499, 19.754, 20.247, 21.558, 21.581, 21.608, 22.279, 22.456, 22.486, 22.594, 22.747, 22.92, 22.992, 22.961, 23.281, 23.741, 23.901, 23.819, 23.561, 23.879, 24.381, 24.662, 24.487, 24.248, 23.897, 23.465, 23.443, 24.061, 25.418, 25.483, 25.269], [17.091, 17.177, 16.828, 16.106, 15.89, 15.748, 15.538, 15.439, 15.144, 15.141, 14.716, 14.391, 14.198, 13.317, 12.757, 12.486, 12.028, 11.989, 11.303, 10.713, 10.306, 9.835, 9.791, 8.931, 7.214, 6.204, 5.053, 4.379, 3.153, 0.0, 6.728, 11.057, 10.917, 11.559, 13.531, 14.709, 15.171, 15.082, 14.469, 14.165, 14.346, 14.964, 15.755, 16.207, 16.099, 16.515, 16.73, 16.491, 16.466, 16.654, 16.36, 16.407, 17.393, 18.267, 18.884, 19.405, 19.665, 20.264, 21.673, 21.707, 21.73, 22.373, 22.544, 22.651, 22.822, 22.983, 23.153, 23.214, 23.185, 23.521, 23.997, 24.183, 24.089, 23.81, 24.141, 24.687, 25.006, 24.837, 24.574, 24.222, 23.794, 23.735, 24.332, 25.682, 25.747, 25.541], [18.132, 18.402, 18.129, 17.138, 16.912, 17.005, 16.955, 16.882, 16.716, 16.871, 16.344, 16.142, 15.468, 14.055, 13.661, 13.44, 13.025, 13.227, 12.778, 12.305, 12.245, 12.435, 12.518, 11.616, 10.3, 9.854, 9.665, 8.706, 8.051, 6.728, 0.0, 6.007, 7.657, 8.859, 10.82, 11.745, 12.092, 12.348, 12.212, 12.058, 12.198, 12.923, 13.721, 14.085, 14.129, 14.647, 14.878, 14.887, 15.211, 15.442, 15.352, 15.314, 16.032, 16.873, 17.386, 17.724, 18.404, 20.105, 21.658, 21.523, 21.661, 22.386, 22.685, 22.929, 23.28, 23.349, 23.226, 23.185, 23.236, 23.501, 23.825, 23.967, 23.757, 23.425, 23.843, 24.563, 24.929, 24.721, 24.41, 24.09, 23.754, 23.712, 24.578, 26.188, 26.171, 25.873], [19.477, 19.872, 19.62, 18.511, 18.271, 18.434, 18.376, 18.322, 18.115, 18.095, 17.518, 17.256, 16.081, 14.689, 14.564, 14.445, 14.159, 14.511, 14.628, 14.464, 14.343, 14.553, 14.497, 13.672, 13.267, 13.355, 13.273, 12.491, 11.713, 11.057, 6.007, 0.0, 4.261, 6.18, 7.707, 8.717, 9.722, 10.644, 10.919, 10.79, 10.714, 11.399, 12.14, 12.327, 12.397, 12.892, 13.033, 13.223, 13.72, 13.901, 14.072, 14.143, 14.425, 14.979, 15.319, 15.507, 16.736, 19.205, 20.669, 20.415, 20.65, 21.378, 21.739, 22.053, 22.534, 22.545, 22.218, 22.142, 22.237, 22.447, 22.688, 22.732, 22.427, 22.046, 22.559, 23.444, 23.828, 23.583, 23.249, 23.009, 22.733, 22.728, 23.835, 25.655, 25.556, 25.132], [19.223, 19.489, 19.181, 18.142, 17.89, 17.953, 17.824, 17.787, 17.509, 17.354, 16.817, 16.492, 15.366, 14.272, 14.18, 14.175, 14.017, 14.356, 14.525, 14.387, 14.14, 14.305, 14.266, 13.436, 13.222, 13.383, 13.089, 12.537, 11.702, 10.917, 7.657, 4.261, 0.0, 2.866, 5.856, 7.769, 9.728, 11.004, 11.187, 11.046, 11.04, 11.709, 12.4, 12.563, 12.469, 12.85, 12.983, 13.009, 13.38, 13.513, 13.591, 13.836, 14.24, 14.729, 15.068, 15.332, 16.572, 18.696, 20.017, 19.82, 20.034, 20.683, 20.966, 21.281, 21.764, 21.835, 21.684, 21.706, 21.782, 22.023, 22.323, 22.356, 22.044, 21.632, 22.107, 22.949, 23.321, 23.106, 22.827, 22.636, 22.284, 22.282, 23.27, 24.97, 24.877, 24.435], [19.331, 19.583, 19.246, 18.258, 18.038, 18.083, 17.911, 17.855, 17.583, 17.404, 16.891, 16.542, 15.434, 14.564, 14.501, 14.548, 14.509, 14.835, 15.005, 14.851, 14.529, 14.649, 14.622, 13.842, 13.771, 14.012, 13.73, 13.217, 12.345, 11.559, 8.859, 6.18, 2.866, 0.0, 4.176, 6.835, 9.542, 11.187, 11.468, 11.28, 11.175, 11.748, 12.319, 12.389, 12.229, 12.582, 12.714, 12.631, 12.971, 13.142, 13.215, 13.482, 13.923, 14.437, 14.829, 15.126, 16.413, 18.449, 19.626, 19.418, 19.637, 20.266, 20.541, 20.875, 21.373, 21.432, 21.349, 21.447, 21.538, 21.786, 22.071, 22.096, 21.783, 21.363, 21.843, 22.681, 23.077, 22.891, 22.656, 22.494, 22.11, 22.133, 23.065, 24.654, 24.547, 24.103], [20.385, 20.916, 20.605, 19.58, 19.362, 19.464, 19.289, 19.22, 18.962, 18.723, 18.195, 17.795, 16.455, 15.586, 15.571, 15.511, 15.498, 15.832, 16.156, 16.152, 15.9, 15.965, 15.809, 15.093, 15.373, 15.809, 15.632, 14.999, 14.117, 13.531, 10.82, 7.707, 5.856, 4.176, 0.0, 3.864, 8.184, 10.432, 10.914, 10.623, 10.262, 10.785, 11.357, 11.344, 11.209, 11.609, 11.742, 11.72, 12.105, 12.37, 12.568, 12.764, 12.944, 13.263, 13.569, 13.755, 15.283, 17.67, 18.779, 18.463, 18.731, 19.416, 19.755, 20.152, 20.73, 20.732, 20.521, 20.634, 20.76, 20.981, 21.214, 21.2, 20.822, 20.356, 20.921, 21.882, 22.319, 22.106, 21.858, 21.727, 21.401, 21.476, 22.577, 24.283, 24.165, 23.707], [20.958, 21.679, 21.439, 20.344, 20.094, 20.267, 20.151, 20.082, 19.837, 19.655, 19.122, 18.743, 17.328, 16.333, 16.36, 16.191, 16.108, 16.454, 16.744, 16.762, 16.711, 16.991, 16.913, 16.182, 16.379, 16.814, 16.754, 16.04, 15.233, 14.709, 11.745, 8.717, 7.769, 6.835, 3.864, 0.0, 5.301, 8.367, 9.388, 9.406, 9.299, 10.117, 10.874, 10.921, 10.843, 11.233, 11.422, 11.581, 12.076, 12.409, 12.678, 12.768, 12.892, 13.171, 13.347, 13.338, 14.895, 17.62, 18.861, 18.496, 18.77, 19.511, 19.901, 20.318, 20.915, 20.918, 20.63, 20.705, 20.854, 21.083, 21.332, 21.354, 20.941, 20.444, 21.034, 22.072, 22.496, 22.217, 21.889, 21.705, 21.426, 21.502, 22.737, 24.619, 24.551, 24.109], [20.967, 21.711, 21.557, 20.456, 20.158, 20.386, 20.342, 20.274, 20.055, 20.004, 19.497, 19.207, 17.98, 16.931, 16.956, 16.716, 16.547, 16.892, 17.029, 16.964, 17.042, 17.484, 17.545, 16.866, 16.799, 17.048, 17.054, 16.384, 15.699, 15.171, 12.092, 9.722, 9.728, 9.542, 8.184, 5.301, 0.0, 4.347, 7.048, 8.068, 8.911, 10.224, 11.143, 11.322, 11.274, 11.548, 11.779, 12.067, 12.66, 13.031, 13.286, 13.234, 13.482, 14.001, 14.205, 14.127, 15.444, 18.327, 19.825, 19.501, 19.739, 20.508, 20.922, 21.296, 21.822, 21.831, 21.512, 21.518, 21.668, 21.926, 22.237, 22.35, 21.991, 21.522, 22.055, 23.038, 23.407, 23.081, 22.694, 22.43, 22.176, 22.21, 23.406, 25.292, 25.234, 24.846], [20.748, 21.496, 21.417, 20.398, 20.086, 20.327, 20.299, 20.228, 19.983, 19.94, 19.475, 19.199, 18.247, 17.276, 17.219, 16.975, 16.789, 17.131, 17.207, 17.114, 17.165, 17.497, 17.543, 16.93, 16.788, 16.899, 16.812, 16.259, 15.631, 15.082, 12.348, 10.644, 11.004, 11.187, 10.432, 8.367, 4.347, 0.0, 4.499, 6.738, 8.515, 10.221, 11.281, 11.637, 11.605, 11.821, 12.082, 12.366, 12.892, 13.287, 13.391, 13.202, 13.592, 14.315, 14.635, 14.711, 15.731, 18.426, 20.157, 19.921, 20.126, 20.915, 21.328, 21.665, 22.141, 22.173, 21.883, 21.871, 22.002, 22.308, 22.711, 22.898, 22.622, 22.172, 22.606, 23.475, 23.793, 23.455, 23.088, 22.812, 22.55, 22.54, 23.67, 25.496, 25.444, 25.111], [20.387, 21.173, 21.144, 20.155, 19.855, 20.089, 20.045, 19.974, 19.662, 19.572, 19.13, 18.846, 18.05, 17.102, 16.953, 16.753, 16.544, 16.87, 16.969, 16.865, 16.848, 17.042, 17.013, 16.37, 16.184, 16.27, 16.129, 15.672, 15.003, 14.469, 12.212, 10.919, 11.187, 11.468, 10.914, 9.388, 7.048, 4.499, 0.0, 3.776, 7.035, 9.218, 10.533, 11.107, 11.1, 11.414, 11.746, 11.955, 12.224, 12.543, 12.563, 12.406, 12.971, 13.793, 14.233, 14.539, 15.395, 17.719, 19.598, 19.444, 19.643, 20.458, 20.878, 21.216, 21.701, 21.786, 21.541, 21.539, 21.661, 22.01, 22.505, 22.761, 22.566, 22.153, 22.55, 23.401, 23.734, 23.391, 23.032, 22.769, 22.483, 22.441, 23.613, 25.491, 25.476, 25.158], [20.285, 21.128, 21.075, 20.047, 19.772, 20.015, 19.957, 19.884, 19.54, 19.399, 18.946, 18.64, 17.846, 16.928, 16.771, 16.611, 16.397, 16.697, 16.844, 16.776, 16.735, 16.813, 16.654, 15.949, 15.805, 15.969, 15.853, 15.336, 14.598, 14.165, 12.058, 10.79, 11.046, 11.28, 10.623, 9.406, 8.068, 6.738, 3.776, 0.0, 4.244, 6.867, 8.469, 9.193, 9.235, 9.685, 10.089, 10.344, 10.527, 10.873, 11.026, 10.976, 11.592, 12.413, 12.884, 13.313, 14.292, 16.627, 18.577, 18.443, 18.655, 19.521, 19.947, 20.285, 20.803, 20.901, 20.644, 20.629, 20.756, 21.136, 21.683, 21.976, 21.809, 21.492, 22.017, 22.976, 23.405, 23.087, 22.713, 22.465, 22.184, 22.139, 23.336, 25.234, 25.201, 24.867], [20.706, 21.548, 21.419, 20.355, 20.114, 20.35, 20.266, 20.206, 19.896, 19.727, 19.244, 18.897, 17.995, 17.1, 16.973, 16.77, 16.545, 16.833, 17.031, 17.023, 16.983, 16.999, 16.714, 15.998, 16.049, 16.333, 16.21, 15.526, 14.682, 14.346, 12.198, 10.714, 11.04, 11.175, 10.262, 9.299, 8.911, 8.515, 7.035, 4.244, 0.0, 3.166, 5.394, 6.311, 6.565, 7.367, 7.907, 8.423, 8.819, 9.339, 9.714, 9.686, 10.153, 10.794, 11.167, 11.657, 13.001, 15.753, 17.692, 17.492, 17.728, 18.653, 19.101, 19.424, 19.953, 20.009, 19.701, 19.676, 19.81, 20.237, 20.823, 21.155, 20.98, 20.776, 21.592, 22.747, 23.272, 23.004, 22.644, 22.401, 22.133, 22.109, 23.321, 25.187, 25.125, 24.77], [21.139, 21.926, 21.759, 20.728, 20.513, 20.738, 20.627, 20.59, 20.336, 20.141, 19.658, 19.302, 18.375, 17.576, 17.483, 17.285, 17.076, 17.351, 17.581, 17.602, 17.532, 17.457, 17.05, 16.365, 16.598, 16.974, 16.868, 16.165, 15.275, 14.964, 12.923, 11.399, 11.709, 11.748, 10.785, 10.117, 10.224, 10.221, 9.218, 6.867, 3.166, 0.0, 2.783, 4.101, 4.646, 5.786, 6.492, 7.288, 7.828, 8.455, 9.015, 9.061, 9.433, 9.905, 10.233, 10.931, 12.618, 15.523, 17.351, 17.125, 17.381, 18.309, 18.75, 19.059, 19.579, 19.601, 19.269, 19.241, 19.381, 19.834, 20.411, 20.734, 20.568, 20.443, 21.409, 22.667, 23.276, 23.072, 22.755, 22.532, 22.263, 22.243, 23.409, 25.185, 25.094, 24.727], [21.372, 22.11, 21.933, 20.927, 20.725, 20.952, 20.841, 20.818, 20.654, 20.484, 19.996, 19.668, 18.745, 18.03, 18.006, 17.85, 17.678, 17.959, 18.211, 18.247, 18.148, 18.003, 17.507, 16.856, 17.237, 17.683, 17.616, 16.955, 16.069, 15.755, 13.721, 12.14, 12.4, 12.319, 11.357, 10.874, 11.143, 11.281, 10.533, 8.469, 5.394, 2.783, 0.0, 1.937, 3.04, 4.396, 5.219, 6.21, 6.873, 7.58, 8.316, 8.411, 8.779, 9.26, 9.678, 10.653, 12.686, 15.627, 17.3, 17.063, 17.352, 18.273, 18.702, 19.014, 19.536, 19.529, 19.188, 19.168, 19.315, 19.772, 20.308, 20.601, 20.448, 20.356, 21.346, 22.643, 23.327, 23.174, 22.885, 22.675, 22.41, 22.395, 23.525, 25.249, 25.131, 24.761], [21.505, 22.229, 22.04, 21.019, 20.819, 21.052, 20.947, 20.919, 20.795, 20.667, 20.163, 19.829, 18.849, 18.131, 18.154, 18.026, 17.886, 18.177, 18.47, 18.542, 18.434, 18.277, 17.765, 17.149, 17.632, 18.114, 18.06, 17.383, 16.493, 16.207, 14.085, 12.327, 12.563, 12.389, 11.344, 10.921, 11.322, 11.637, 11.107, 9.193, 6.311, 4.101, 1.937, 0.0, 2.01, 3.841, 4.671, 5.749, 6.607, 7.323, 8.141, 8.217, 8.463, 8.946, 9.416, 10.424, 12.671, 15.766, 17.323, 17.03, 17.344, 18.282, 18.727, 19.055, 19.582, 19.538, 19.181, 19.179, 19.331, 19.762, 20.255, 20.514, 20.35, 20.253, 21.251, 22.557, 23.261, 23.135, 22.869, 22.659, 22.398, 22.396, 23.545, 25.275, 25.135, 24.761], [21.329, 22.053, 21.863, 20.843, 20.636, 20.846, 20.736, 20.711, 20.57, 20.441, 19.972, 19.664, 18.74, 18.073, 18.088, 17.987, 17.874, 18.166, 18.46, 18.517, 18.366, 18.203, 17.723, 17.112, 17.557, 17.99, 17.904, 17.243, 16.36, 16.099, 14.129, 12.397, 12.469, 12.229, 11.209, 10.843, 11.274, 11.605, 11.1, 9.235, 6.565, 4.646, 3.04, 2.01, 0.0, 2.472, 3.738, 4.809, 5.769, 6.543, 7.37, 7.469, 7.774, 8.417, 9.049, 10.102, 12.318, 15.356, 16.942, 16.689, 16.984, 17.898, 18.327, 18.643, 19.157, 19.127, 18.814, 18.832, 18.986, 19.392, 19.897, 20.192, 20.032, 19.925, 20.916, 22.235, 22.936, 22.828, 22.631, 22.461, 22.177, 22.184, 23.332, 25.06, 24.93, 24.555], [21.258, 21.99, 21.817, 20.806, 20.584, 20.783, 20.682, 20.662, 20.518, 20.408, 19.993, 19.769, 18.943, 18.389, 18.384, 18.255, 18.159, 18.434, 18.737, 18.797, 18.652, 18.542, 18.116, 17.524, 17.944, 18.318, 18.217, 17.619, 16.783, 16.515, 14.647, 12.892, 12.85, 12.582, 11.609, 11.233, 11.548, 11.821, 11.414, 9.685, 7.367, 5.786, 4.396, 3.841, 2.472, 0.0, 2.087, 3.642, 4.795, 5.699, 6.586, 6.879, 7.343, 8.122, 8.837, 9.855, 11.994, 14.966, 16.554, 16.376, 16.662, 17.506, 17.911, 18.226, 18.753, 18.754, 18.475, 18.495, 18.645, 19.035, 19.541, 19.859, 19.708, 19.614, 20.608, 21.947, 22.655, 22.545, 22.366, 22.235, 21.969, 21.969, 23.111, 24.857, 24.748, 24.358], [21.261, 21.988, 21.81, 20.784, 20.54, 20.732, 20.618, 20.603, 20.465, 20.354, 19.943, 19.76, 18.97, 18.484, 18.481, 18.282, 18.17, 18.443, 18.778, 18.852, 18.706, 18.62, 18.205, 17.631, 18.11, 18.488, 18.382, 17.81, 16.989, 16.73, 14.878, 13.033, 12.983, 12.714, 11.742, 11.422, 11.779, 12.082, 11.746, 10.089, 7.907, 6.492, 5.219, 4.671, 3.738, 2.087, 0.0, 2.393, 4.008, 4.974, 6.029, 6.502, 6.916, 7.717, 8.456, 9.44, 11.717, 14.836, 16.401, 16.217, 16.531, 17.374, 17.793, 18.11, 18.65, 18.651, 18.365, 18.389, 18.538, 18.929, 19.442, 19.72, 19.547, 19.454, 20.447, 21.784, 22.503, 22.393, 22.197, 22.066, 21.845, 21.86, 23.023, 24.795, 24.685, 24.274], [20.997, 21.713, 21.53, 20.515, 20.271, 20.439, 20.321, 20.32, 20.178, 20.066, 19.667, 19.496, 18.78, 18.362, 18.362, 18.162, 18.066, 18.342, 18.666, 18.721, 18.527, 18.407, 18.014, 17.44, 17.872, 18.214, 18.068, 17.514, 16.715, 16.491, 14.887, 13.223, 13.009, 12.631, 11.72, 11.581, 12.067, 12.366, 11.955, 10.344, 8.423, 7.288, 6.21, 5.749, 4.809, 3.642, 2.393, 0.0, 2.37, 3.652, 4.841, 5.511, 6.091, 7.24, 8.307, 9.396, 11.589, 14.559, 16.085, 15.943, 16.263, 17.077, 17.47, 17.762, 18.287, 18.296, 18.067, 18.143, 18.286, 18.68, 19.245, 19.553, 19.388, 19.267, 20.2, 21.511, 22.247, 22.15, 21.983, 21.873, 21.649, 21.689, 22.822, 24.569, 24.482, 24.087], [20.777, 21.496, 21.317, 20.317, 20.062, 20.211, 20.088, 20.096, 19.923, 19.766, 19.389, 19.225, 18.581, 18.254, 18.262, 18.108, 18.031, 18.303, 18.637, 18.69, 18.468, 18.263, 17.804, 17.231, 17.681, 18.016, 17.877, 17.384, 16.599, 16.466, 15.211, 13.72, 13.38, 12.971, 12.105, 12.076, 12.66, 12.892, 12.224, 10.527, 8.819, 7.828, 6.873, 6.607, 5.769, 4.795, 4.008, 2.37, 0.0, 2.09, 3.754, 4.774, 5.655, 6.9, 8.154, 9.499, 11.573, 14.044, 15.497, 15.44, 15.766, 16.557, 16.914, 17.171, 17.684, 17.724, 17.545, 17.663, 17.799, 18.196, 18.814, 19.173, 19.044, 18.922, 19.793, 21.105, 21.874, 21.776, 21.648, 21.574, 21.342, 21.391, 22.547, 24.3, 24.239, 23.846], [20.763, 21.446, 21.265, 20.272, 20.015, 20.16, 20.039, 20.055, 19.875, 19.674, 19.299, 19.146, 18.475, 18.159, 18.188, 18.109, 18.056, 18.324, 18.695, 18.749, 18.509, 18.294, 17.816, 17.237, 17.712, 18.053, 17.933, 17.52, 16.771, 16.654, 15.442, 13.901, 13.513, 13.142, 12.37, 12.409, 13.031, 13.287, 12.543, 10.873, 9.339, 8.455, 7.58, 7.323, 6.543, 5.699, 4.974, 3.652, 2.09, 0.0, 2.729, 4.429, 5.478, 6.876, 8.173, 9.558, 11.756, 14.136, 15.499, 15.458, 15.783, 16.506, 16.821, 17.068, 17.583, 17.631, 17.46, 17.577, 17.72, 18.089, 18.673, 19.004, 18.891, 18.789, 19.654, 20.99, 21.761, 21.642, 21.517, 21.455, 21.206, 21.25, 22.457, 24.257, 24.207, 23.79], [20.412, 21.071, 20.896, 19.913, 19.606, 19.725, 19.616, 19.649, 19.443, 19.229, 18.887, 18.745, 18.167, 17.886, 17.877, 17.793, 17.769, 18.045, 18.4, 18.463, 18.247, 18.067, 17.631, 17.053, 17.497, 17.794, 17.621, 17.239, 16.509, 16.36, 15.352, 14.072, 13.591, 13.215, 12.568, 12.678, 13.286, 13.391, 12.563, 11.026, 9.714, 9.015, 8.316, 8.141, 7.37, 6.586, 6.029, 4.841, 3.754, 2.729, 0.0, 2.588, 4.484, 6.389, 7.928, 9.485, 11.417, 13.397, 14.834, 14.865, 15.162, 15.864, 16.138, 16.37, 16.885, 16.967, 16.894, 17.078, 17.187, 17.58, 18.3, 18.705, 18.606, 18.479, 19.315, 20.616, 21.375, 21.253, 21.135, 21.061, 20.749, 20.787, 21.959, 23.779, 23.8, 23.431], [20.519, 21.196, 21.032, 20.033, 19.708, 19.844, 19.762, 19.8, 19.625, 19.467, 19.112, 18.961, 18.396, 18.046, 18.003, 17.858, 17.816, 18.137, 18.462, 18.509, 18.332, 18.18, 17.776, 17.208, 17.621, 17.913, 17.744, 17.281, 16.534, 16.407, 15.314, 14.143, 13.836, 13.482, 12.764, 12.768, 13.234, 13.202, 12.406, 10.976, 9.686, 9.061, 8.411, 8.217, 7.469, 6.879, 6.502, 5.511, 4.774, 4.429, 2.588, 0.0, 2.93, 5.573, 7.4, 9.116, 10.935, 12.967, 14.61, 14.638, 14.948, 15.754, 16.09, 16.31, 16.81, 16.876, 16.786, 17.0, 17.111, 17.536, 18.394, 18.898, 18.799, 18.637, 19.463, 20.738, 21.493, 21.385, 21.291, 21.203, 20.881, 20.934, 22.074, 23.875, 23.913, 23.623], [21.251, 21.939, 21.777, 20.772, 20.479, 20.643, 20.546, 20.576, 20.415, 20.243, 19.85, 19.67, 18.912, 18.47, 18.473, 18.323, 18.275, 18.627, 19.074, 19.194, 19.024, 18.91, 18.515, 17.981, 18.551, 18.929, 18.764, 18.206, 17.455, 17.393, 16.032, 14.425, 14.24, 13.923, 12.944, 12.892, 13.482, 13.592, 12.971, 11.592, 10.153, 9.433, 8.779, 8.463, 7.774, 7.343, 6.916, 6.091, 5.655, 5.478, 4.484, 2.93, 0.0, 3.341, 5.64, 7.659, 9.96, 12.524, 14.148, 14.086, 14.468, 15.313, 15.752, 16.006, 16.539, 16.518, 16.26, 16.476, 16.623, 17.011, 17.938, 18.498, 18.366, 18.166, 19.059, 20.442, 21.224, 21.121, 21.059, 21.011, 20.72, 20.794, 22.004, 23.873, 23.892, 23.605], [21.884, 22.608, 22.439, 21.449, 21.193, 21.359, 21.217, 21.229, 21.052, 20.8, 20.379, 20.168, 19.232, 18.774, 18.838, 18.683, 18.63, 18.968, 19.523, 19.778, 19.658, 19.554, 19.118, 18.614, 19.378, 19.85, 19.678, 19.085, 18.321, 18.267, 16.873, 14.979, 14.729, 14.437, 13.263, 13.171, 14.001, 14.315, 13.793, 12.413, 10.794, 9.905, 9.26, 8.946, 8.417, 8.122, 7.717, 7.24, 6.9, 6.876, 6.389, 5.573, 3.341, 0.0, 2.842, 5.716, 8.768, 11.729, 13.26, 13.092, 13.536, 14.4, 14.906, 15.238, 15.827, 15.753, 15.39, 15.624, 15.771, 16.128, 17.064, 17.637, 17.464, 17.248, 18.259, 19.82, 20.678, 20.573, 20.507, 20.488, 20.234, 20.314, 21.633, 23.601, 23.609, 23.29], [22.296, 23.076, 22.909, 21.93, 21.719, 21.911, 21.751, 21.746, 21.562, 21.255, 20.81, 20.573, 19.503, 19.024, 19.111, 18.94, 18.873, 19.194, 19.787, 20.111, 20.065, 20.023, 19.577, 19.073, 19.929, 20.473, 20.324, 19.725, 18.963, 18.884, 17.386, 15.319, 15.068, 14.829, 13.569, 13.347, 14.205, 14.635, 14.233, 12.884, 11.167, 10.233, 9.678, 9.416, 9.049, 8.837, 8.456, 8.307, 8.154, 8.173, 7.928, 7.4, 5.64, 2.842, 0.0, 3.785, 7.677, 11.368, 12.972, 12.709, 13.198, 14.055, 14.611, 15.021, 15.654, 15.564, 15.119, 15.289, 15.437, 15.796, 16.68, 17.228, 17.012, 16.818, 17.971, 19.667, 20.551, 20.413, 20.283, 20.264, 20.064, 20.123, 21.521, 23.539, 23.512, 23.172], [22.563, 23.412, 23.242, 22.256, 22.097, 22.335, 22.179, 22.158, 21.979, 21.68, 21.219, 20.994, 19.839, 19.313, 19.396, 19.182, 19.092, 19.402, 19.985, 20.301, 20.311, 20.45, 20.145, 19.633, 20.459, 21.012, 20.888, 20.254, 19.499, 19.405, 17.724, 15.507, 15.332, 15.126, 13.755, 13.338, 14.127, 14.711, 14.539, 13.313, 11.657, 10.931, 10.653, 10.424, 10.102, 9.855, 9.44, 9.396, 9.499, 9.558, 9.485, 9.116, 7.659, 5.716, 3.785, 0.0, 5.352, 10.852, 12.67, 12.354, 12.896, 13.741, 14.459, 14.967, 15.661, 15.565, 15.057, 15.151, 15.314, 15.662, 16.514, 17.067, 16.818, 16.666, 17.982, 19.718, 20.521, 20.341, 20.144, 20.132, 19.988, 20.024, 21.442, 23.507, 23.453, 23.1], [22.44, 23.321, 23.2, 22.264, 22.104, 22.364, 22.231, 22.226, 22.031, 21.784, 21.406, 21.208, 20.334, 19.925, 19.916, 19.7, 19.6, 19.881, 20.347, 20.58, 20.599, 20.85, 20.743, 20.267, 20.904, 21.343, 21.136, 20.492, 19.754, 19.665, 18.404, 16.736, 16.572, 16.413, 15.283, 14.895, 15.444, 15.731, 15.395, 14.292, 13.001, 12.618, 12.686, 12.671, 12.318, 11.994, 11.717, 11.589, 11.573, 11.756, 11.417, 10.935, 9.96, 8.768, 7.677, 5.352, 0.0, 7.619, 10.582, 10.571, 11.113, 12.031, 12.997, 13.592, 14.346, 14.369, 13.995, 14.116, 14.255, 14.737, 16.053, 17.029, 16.955, 16.796, 18.032, 19.655, 20.426, 20.248, 20.039, 20.048, 19.927, 19.889, 21.093, 23.097, 23.121, 22.888], [22.382, 23.212, 23.111, 22.271, 22.081, 22.269, 22.096, 22.133, 21.903, 21.587, 21.345, 21.192, 20.747, 20.723, 20.63, 20.476, 20.402, 20.611, 20.989, 21.137, 21.076, 21.191, 21.114, 20.797, 21.436, 21.77, 21.452, 20.95, 20.247, 20.264, 20.105, 19.205, 18.696, 18.449, 17.67, 17.62, 18.327, 18.426, 17.719, 16.627, 15.753, 15.523, 15.627, 15.766, 15.356, 14.966, 14.836, 14.559, 14.044, 14.136, 13.397, 12.967, 12.524, 11.729, 11.368, 10.852, 7.619, 0.0, 5.029, 6.156, 6.456, 7.415, 8.306, 8.835, 9.683, 10.048, 10.165, 10.605, 10.636, 11.354, 13.639, 15.289, 15.567, 15.325, 16.176, 17.61, 18.507, 18.425, 18.342, 18.454, 18.265, 18.171, 19.145, 21.12, 21.418, 21.377], [23.217, 23.977, 23.833, 23.041, 22.876, 23.024, 22.806, 22.847, 22.657, 22.264, 22.01, 21.847, 21.282, 21.441, 21.427, 21.321, 21.308, 21.486, 21.911, 22.09, 21.972, 21.956, 21.773, 21.573, 22.469, 22.898, 22.636, 22.21, 21.558, 21.673, 21.658, 20.669, 20.017, 19.626, 18.779, 18.861, 19.825, 20.157, 19.598, 18.577, 17.692, 17.351, 17.3, 17.323, 16.942, 16.554, 16.401, 16.085, 15.497, 15.499, 14.834, 14.61, 14.148, 13.26, 12.972, 12.67, 10.582, 5.029, 0.0, 2.482, 2.927, 3.793, 4.962, 5.533, 6.5, 6.802, 7.339, 8.305, 8.345, 8.99, 11.325, 13.025, 13.51, 13.33, 14.103, 15.499, 16.508, 16.566, 16.609, 16.822, 16.618, 16.529, 17.412, 19.348, 19.796, 19.787], [23.32, 24.089, 23.923, 23.1, 22.93, 23.089, 22.878, 22.912, 22.739, 22.345, 22.036, 21.831, 21.12, 21.188, 21.199, 21.074, 21.066, 21.259, 21.715, 21.936, 21.839, 21.821, 21.615, 21.43, 22.409, 22.898, 22.679, 22.225, 21.581, 21.707, 21.523, 20.415, 19.82, 19.418, 18.463, 18.496, 19.501, 19.921, 19.444, 18.443, 17.492, 17.125, 17.063, 17.03, 16.689, 16.376, 16.217, 15.943, 15.44, 15.458, 14.865, 14.638, 14.086, 13.092, 12.709, 12.354, 10.571, 6.156, 2.482, 0.0, 1.536, 3.351, 4.851, 5.529, 6.458, 6.481, 6.823, 7.909, 7.984, 8.539, 10.622, 12.192, 12.675, 12.508, 13.429, 14.925, 15.962, 16.033, 16.034, 16.19, 16.014, 15.944, 16.948, 18.981, 19.411, 19.405], [23.327, 24.082, 23.917, 23.114, 2