[[0.0, 1.805, 3.67, 7.627, 8.846, 11.558, 13.468, 14.041, 15.766, 16.818, 17.272, 18.593, 19.751, 21.112, 21.907, 22.356, 23.827, 25.943, 27.295, 28.284, 28.922, 27.899, 27.053, 27.093, 27.176, 27.168, 27.014, 26.895, 27.296, 27.253, 26.637, 26.189, 26.146, 26.341, 26.57, 26.358, 26.243, 26.326, 26.596, 27.162, 28.003, 27.119, 25.959, 25.618, 25.322, 24.437, 22.254, 20.592, 20.381, 20.269, 20.001, 20.108, 19.586, 19.58, 20.045, 20.058, 20.072, 19.918, 19.88, 20.124, 20.703, 20.908, 20.953, 21.194, 22.028, 22.589, 22.836, 23.043, 23.509, 23.483, 22.997, 22.985, 22.336, 22.617, 22.874, 22.83, 23.565, 23.408, 23.02, 23.559, 23.984, 24.173, 24.283, 23.88, 22.262, 20.956], [1.805, 0.0, 3.419, 7.396, 8.487, 11.412, 13.378, 14.032, 15.777, 16.796, 17.248, 18.554, 19.756, 21.169, 21.971, 22.412, 23.866, 25.956, 27.3, 28.287, 28.93, 27.905, 27.045, 27.078, 27.16, 27.155, 26.997, 26.881, 27.281, 27.234, 26.616, 26.169, 26.123, 26.316, 26.555, 26.354, 26.235, 26.314, 26.591, 27.151, 27.981, 27.106, 25.961, 25.621, 25.315, 24.43, 22.254, 20.573, 20.358, 20.248, 19.949, 20.044, 19.524, 19.481, 19.926, 19.956, 19.969, 19.845, 19.835, 20.076, 20.648, 20.854, 20.888, 21.108, 21.962, 22.547, 22.79, 22.99, 23.451, 23.421, 22.928, 22.907, 22.259, 22.547, 22.811, 22.765, 23.512, 23.363, 22.971, 23.514, 23.937, 24.13, 24.245, 23.844, 22.253, 20.994], [3.67, 3.419, 0.0, 5.094, 6.487, 9.435, 11.694, 12.437, 14.601, 15.975, 16.584, 18.068, 19.378, 20.819, 21.611, 22.105, 23.72, 25.992, 27.448, 28.461, 29.085, 27.988, 27.088, 27.101, 27.136, 27.1, 26.933, 26.839, 27.27, 27.217, 26.581, 26.13, 26.094, 26.306, 26.546, 26.361, 26.33, 26.412, 26.714, 27.348, 28.18, 27.315, 26.196, 25.858, 25.539, 24.582, 22.272, 20.538, 20.337, 20.222, 19.897, 20.096, 19.511, 19.328, 19.823, 19.942, 19.959, 19.759, 19.746, 20.01, 20.612, 20.795, 20.847, 21.127, 22.048, 22.608, 22.853, 23.116, 23.632, 23.564, 22.994, 23.021, 22.32, 22.536, 22.797, 22.733, 23.448, 23.248, 22.826, 23.385, 23.839, 23.986, 24.086, 23.695, 22.069, 20.409], [7.627, 7.396, 5.094, 0.0, 2.76, 6.615, 9.468, 10.299, 12.593, 14.277, 15.078, 16.585, 17.963, 19.727, 20.632, 21.186, 23.044, 25.639, 27.249, 28.341, 29.045, 27.952, 27.053, 27.083, 27.128, 27.133, 26.966, 26.853, 27.324, 27.27, 26.579, 26.099, 26.08, 26.316, 26.584, 26.365, 26.329, 26.428, 26.697, 27.37, 28.258, 27.316, 26.099, 25.742, 25.411, 24.406, 21.906, 20.039, 19.88, 19.784, 19.492, 19.822, 19.251, 19.065, 19.551, 19.651, 19.653, 19.337, 19.263, 19.552, 20.192, 20.376, 20.526, 20.91, 21.697, 22.168, 22.444, 22.811, 23.4, 23.234, 22.523, 22.599, 21.818, 21.926, 22.171, 22.126, 22.905, 22.73, 22.316, 22.864, 23.364, 23.489, 23.603, 23.234, 21.588, 19.668], [8.846, 8.487, 6.487, 2.76, 0.0, 5.289, 8.613, 9.529, 11.869, 13.587, 14.387, 15.939, 17.484, 19.454, 20.4, 20.984, 22.927, 25.629, 27.317, 28.435, 29.165, 28.071, 27.154, 27.158, 27.184, 27.177, 27.007, 26.899, 27.393, 27.349, 26.644, 26.154, 26.141, 26.394, 26.679, 26.477, 26.465, 26.556, 26.843, 27.565, 28.475, 27.517, 26.278, 25.916, 25.577, 24.548, 21.954, 20.017, 19.879, 19.798, 19.51, 19.905, 19.313, 19.077, 19.515, 19.602, 19.602, 19.295, 19.266, 19.612, 20.273, 20.459, 20.633, 21.029, 21.76, 22.198, 22.501, 22.897, 23.499, 23.266, 22.458, 22.558, 21.733, 21.806, 22.068, 22.011, 22.815, 22.697, 22.315, 22.884, 23.404, 23.52, 23.649, 23.301, 21.623, 19.513], [11.558, 11.412, 9.435, 6.615, 5.289, 0.0, 4.51, 6.127, 8.94, 11.092, 12.322, 14.175, 15.862, 18.261, 19.352, 19.936, 22.0, 24.856, 26.604, 27.747, 28.562, 27.556, 26.69, 26.686, 26.736, 26.795, 26.67, 26.565, 27.051, 27.02, 26.281, 25.767, 25.768, 26.011, 26.305, 26.123, 26.152, 26.255, 26.517, 27.325, 28.279, 27.317, 26.116, 25.747, 25.42, 24.434, 21.977, 20.184, 20.082, 20.046, 19.8, 20.203, 19.65, 19.446, 19.839, 19.834, 19.72, 19.34, 19.242, 19.51, 20.084, 20.285, 20.586, 21.028, 21.602, 21.956, 22.27, 22.733, 23.348, 23.014, 22.07, 22.217, 21.393, 21.397, 21.705, 21.666, 22.512, 22.547, 22.237, 22.738, 23.238, 23.313, 23.413, 23.05, 21.494, 19.607], [13.468, 13.378, 11.694, 9.468, 8.613, 4.51, 0.0, 3.829, 8.104, 10.53, 11.953, 14.009, 15.948, 18.459, 19.552, 20.085, 22.048, 24.699, 26.322, 27.39, 28.18, 27.283, 26.48, 26.468, 26.519, 26.596, 26.482, 26.381, 26.827, 26.801, 26.114, 25.649, 25.659, 25.866, 26.112, 25.942, 25.972, 26.052, 26.306, 27.049, 27.927, 27.057, 26.01, 25.672, 25.352, 24.463, 22.413, 20.967, 20.886, 20.885, 20.717, 21.078, 20.576, 20.406, 20.735, 20.617, 20.454, 20.175, 20.072, 20.23, 20.701, 20.926, 21.251, 21.635, 22.215, 22.563, 22.845, 23.309, 23.888, 23.564, 22.633, 22.765, 22.022, 22.001, 22.303, 22.243, 22.992, 23.125, 22.925, 23.351, 23.793, 23.852, 23.933, 23.572, 22.123, 20.601], [14.041, 14.032, 12.437, 10.299, 9.529, 6.127, 3.829, 0.0, 5.723, 9.031, 10.916, 13.154, 15.009, 17.566, 18.669, 19.236, 21.411, 24.316, 26.077, 27.177, 27.957, 26.997, 26.18, 26.17, 26.183, 26.21, 26.079, 25.988, 26.468, 26.45, 25.737, 25.267, 25.285, 25.506, 25.766, 25.586, 25.643, 25.75, 26.027, 26.805, 27.722, 26.836, 25.735, 25.366, 25.028, 24.086, 21.885, 20.417, 20.429, 20.433, 20.352, 20.839, 20.35, 20.247, 20.653, 20.587, 20.567, 20.295, 20.179, 20.416, 20.913, 21.124, 21.471, 21.895, 22.339, 22.591, 22.893, 23.392, 24.015, 23.654, 22.636, 22.742, 21.931, 21.84, 22.094, 21.996, 22.723, 22.823, 22.615, 23.059, 23.516, 23.575, 23.656, 23.275, 21.733, 20.012], [15.766, 15.777, 14.601, 12.593, 11.869, 8.94, 8.104, 5.723, 0.0, 4.356, 7.502, 10.117, 12.108, 15.553, 16.951, 17.519, 19.949, 23.27, 25.227, 26.429, 27.352, 26.475, 25.751, 25.799, 25.857, 25.939, 25.832, 25.74, 26.213, 26.211, 25.453, 24.935, 24.967, 25.18, 25.507, 25.336, 25.38, 25.563, 25.814, 26.695, 27.752, 26.744, 25.476, 25.025, 24.645, 23.698, 21.392, 19.877, 19.989, 20.044, 19.957, 20.397, 19.952, 19.93, 20.278, 20.096, 19.973, 19.596, 19.408, 19.627, 20.071, 20.289, 20.743, 21.21, 21.311, 21.471, 21.825, 22.358, 22.955, 22.474, 21.416, 21.584, 20.752, 20.613, 20.883, 20.9, 21.852, 22.124, 21.972, 22.394, 22.851, 22.933, 23.037, 22.618, 21.172, 19.828], [16.818, 16.796, 15.975, 14.277, 13.587, 11.092, 10.53, 9.031, 4.356, 0.0, 4.318, 7.501, 10.204, 14.628, 16.309, 16.848, 19.163, 22.49, 24.448, 25.679, 26.717, 25.976, 25.34, 25.425, 25.54, 25.689, 25.613, 25.511, 25.947, 25.953, 25.207, 24.691, 24.73, 24.908, 25.254, 25.11, 25.12, 25.323, 25.54, 26.46, 27.594, 26.535, 25.246, 24.801, 24.419, 23.553, 21.427, 20.005, 20.136, 20.233, 20.117, 20.429, 20.044, 20.054, 20.281, 19.935, 19.665, 19.272, 19.057, 19.206, 19.585, 19.842, 20.346, 20.797, 20.726, 20.883, 21.26, 21.789, 22.321, 21.812, 20.846, 21.033, 20.274, 20.154, 20.448, 20.546, 21.589, 22.004, 21.939, 22.317, 22.738, 22.861, 22.991, 22.543, 21.19, 20.359], [17.272, 17.248, 16.584, 15.078, 14.387, 12.322, 11.953, 10.916, 7.502, 4.318, 0.0, 4.328, 8.674, 13.832, 15.666, 16.246, 18.415, 21.684, 23.619, 24.846, 25.958, 25.289, 24.664, 24.727, 24.852, 25.028, 24.978, 24.858, 25.279, 25.277, 24.528, 24.023, 24.071, 24.238, 24.583, 24.467, 24.506, 24.71, 24.906, 25.903, 27.107, 26.032, 24.74, 24.33, 24.022, 23.248, 21.249, 19.884, 20.005, 20.113, 19.998, 20.271, 19.945, 19.984, 20.167, 19.742, 19.465, 19.154, 18.952, 19.093, 19.47, 19.749, 20.257, 20.694, 20.581, 20.761, 21.168, 21.702, 22.218, 21.72, 20.774, 20.879, 20.176, 20.06, 20.351, 20.44, 21.416, 21.858, 21.876, 22.259, 22.647, 22.788, 22.926, 22.452, 21.109, 20.529], [18.593, 18.554, 18.068, 16.585, 15.939, 14.175, 14.009, 13.154, 10.117, 7.501, 4.328, 0.0, 6.417, 12.802, 14.907, 15.391, 17.255, 20.439, 22.343, 23.588, 24.88, 24.387, 23.826, 23.865, 24.019, 24.293, 24.294, 24.127, 24.514, 24.498, 23.709, 23.176, 23.222, 23.348, 23.704, 23.615, 23.66, 23.918, 24.038, 25.1, 26.399, 25.315, 24.035, 23.652, 23.403, 22.778, 20.978, 19.682, 19.819, 19.96, 19.911, 20.164, 19.979, 20.139, 20.243, 19.669, 19.335, 19.105, 18.883, 18.997, 19.347, 19.635, 20.193, 20.626, 20.312, 20.436, 20.896, 21.499, 22.008, 21.472, 20.468, 20.486, 19.843, 19.672, 19.963, 20.021, 20.957, 21.564, 21.74, 22.115, 22.465, 22.592, 22.723, 22.228, 21.077, 20.999], [19.751, 19.756, 19.378, 17.963, 17.484, 15.862, 15.948, 15.009, 12.108, 10.204, 8.674, 6.417, 0.0, 7.885, 10.688, 11.113, 12.952, 16.519, 18.682, 20.062, 21.591, 21.361, 21.123, 21.282, 21.505, 21.881, 21.952, 21.81, 22.197, 22.221, 21.412, 20.855, 20.902, 20.98, 21.361, 21.28, 21.343, 21.698, 21.819, 23.195, 24.722, 23.629, 22.418, 22.062, 21.898, 21.301, 19.848, 19.323, 19.698, 19.79, 19.775, 20.059, 20.012, 20.421, 20.64, 19.96, 19.563, 19.314, 18.99, 19.074, 19.43, 19.719, 20.312, 20.774, 20.276, 20.224, 20.679, 21.329, 21.888, 21.422, 20.415, 20.421, 19.821, 19.496, 19.688, 19.703, 20.63, 21.282, 21.434, 21.756, 22.11, 22.24, 22.363, 21.878, 20.83, 20.985], [21.112, 21.169, 20.819, 19.727, 19.454, 18.261, 18.459, 17.566, 15.553, 14.628, 13.832, 12.802, 7.885, 0.0, 3.455, 4.288, 6.942, 11.483, 14.203, 15.663, 17.016, 16.898, 17.208, 17.642, 17.903, 18.213, 18.264, 18.231, 18.691, 18.837, 18.136, 17.651, 17.698, 17.793, 18.169, 18.027, 18.135, 18.569, 18.818, 20.675, 22.406, 21.382, 20.383, 20.027, 19.968, 19.303, 18.316, 19.425, 20.334, 20.291, 20.265, 20.622, 20.649, 21.197, 21.632, 21.02, 20.711, 20.477, 20.113, 20.24, 20.626, 20.87, 21.363, 21.833, 21.407, 21.219, 21.59, 22.155, 22.754, 22.511, 21.645, 21.629, 21.105, 20.635, 20.577, 20.494, 21.201, 21.541, 21.533, 21.821, 22.17, 22.32, 22.455, 22.005, 20.774, 20.661], [21.907, 21.971, 21.611, 20.632, 20.4, 19.352, 19.552, 18.669, 16.951, 16.309, 15.666, 14.907, 10.688, 3.455, 0.0, 2.075, 5.848, 10.706, 13.604, 15.017, 16.107, 15.867, 16.311, 16.849, 17.117, 17.356, 17.373, 17.383, 17.885, 18.085, 17.438, 16.981, 17.031, 17.181, 17.563, 17.367, 17.488, 17.947, 18.257, 20.252, 22.013, 21.041, 20.117, 19.712, 19.671, 19.031, 18.118, 19.722, 20.868, 20.783, 20.734, 21.121, 21.167, 21.702, 22.197, 21.679, 21.448, 21.22, 20.868, 21.03, 21.426, 21.644, 22.081, 22.537, 22.166, 21.966, 22.302, 22.814, 23.418, 23.266, 22.456, 22.417, 21.925, 21.424, 21.288, 21.185, 21.802, 22.008, 21.94, 22.223, 22.551, 22.702, 22.851, 22.392, 21.067, 20.773], [22.356, 22.412, 22.105, 21.186, 20.984, 19.936, 20.085, 19.236, 17.519, 16.848, 16.246, 15.391, 11.113, 4.288, 2.075, 0.0, 4.425, 9.651, 12.717, 14.145, 15.217, 15.053, 15.633, 16.225, 16.546, 16.862, 16.929, 16.96, 17.437, 17.652, 17.021, 16.56, 16.603, 16.717, 17.1, 16.934, 17.068, 17.555, 17.853, 19.879, 21.669, 20.726, 19.871, 19.456, 19.379, 18.781, 18.126, 19.934, 21.116, 21.059, 21.035, 21.37, 21.444, 22.011, 22.483, 21.936, 21.691, 21.491, 21.123, 21.226, 21.574, 21.798, 22.23, 22.659, 22.245, 22.038, 22.369, 22.863, 23.435, 23.295, 22.503, 22.439, 21.989, 21.477, 21.328, 21.22, 21.807, 22.039, 22.002, 22.261, 22.564, 22.71, 22.86, 22.387, 21.116, 21.07], [23.827, 23.866, 23.72, 23.044, 22.927, 22.0, 22.048, 21.411, 19.949, 19.163, 18.415, 17.255, 12.952, 6.942, 5.848, 4.425, 0.0, 5.803, 9.263, 10.744, 12.03, 12.368, 13.451, 14.126, 14.553, 15.115, 15.319, 15.363, 15.737, 15.971, 15.462, 15.076, 15.081, 15.047, 15.384, 15.364, 15.541, 16.048, 16.266, 18.313, 20.092, 19.291, 18.812, 18.542, 18.506, 18.119, 18.372, 20.835, 22.031, 22.038, 22.151, 22.384, 22.538, 23.204, 23.563, 22.867, 22.573, 22.488, 22.128, 22.124, 22.372, 22.593, 22.989, 23.337, 22.852, 22.62, 22.942, 23.4, 23.882, 23.76, 23.017, 22.887, 22.561, 22.027, 21.831, 21.642, 22.022, 22.349, 22.481, 22.683, 22.924, 23.065, 23.192, 22.72, 21.602, 22.219], [25.943, 25.956, 25.992, 25.639, 25.629, 24.856, 24.699, 24.316, 23.27, 22.49, 21.684, 20.439, 16.519, 11.483, 10.706, 9.651, 5.803, 0.0, 4.001, 5.653, 7.327, 8.722, 10.679, 11.442, 12.033, 13.013, 13.408, 13.482, 13.679, 13.939, 13.742, 13.617, 13.576, 13.372, 13.599, 13.816, 13.983, 14.39, 14.505, 16.456, 18.073, 17.557, 17.76, 17.766, 17.841, 17.788, 19.297, 22.56, 23.775, 23.853, 24.102, 24.251, 24.519, 25.246, 25.484, 24.694, 24.355, 24.413, 24.108, 23.973, 24.099, 24.309, 24.613, 24.835, 24.392, 24.176, 24.463, 24.845, 25.202, 25.147, 24.509, 24.292, 24.12, 23.621, 23.39, 23.083, 23.181, 23.586, 23.888, 24.022, 24.162, 24.301, 24.419, 23.952, 22.964, 24.2], [27.295, 27.3, 27.448, 27.249, 27.317, 26.604, 26.322, 26.077, 25.227, 24.448, 23.619, 22.343, 18.682, 14.203, 13.604, 12.717, 9.263, 4.001, 0.0, 2.441, 5.024, 7.435, 9.908, 10.696, 11.439, 12.754, 13.256, 13.236, 13.265, 13.487, 13.491, 13.585, 13.536, 13.229, 13.328, 13.587, 13.575, 13.937, 13.871, 15.522, 16.996, 16.599, 17.143, 17.299, 17.475, 17.723, 19.953, 23.55, 24.757, 24.875, 25.192, 25.28, 25.706, 26.5, 26.657, 25.807, 25.442, 25.561, 25.261, 25.031, 25.083, 25.285, 25.552, 25.707, 25.262, 25.057, 25.322, 25.689, 25.982, 25.97, 25.438, 25.173, 25.133, 24.724, 24.488, 24.166, 24.188, 24.644, 24.986, 25.052, 25.125, 25.291, 25.402, 24.913, 24.033, 25.738], [28.284, 28.287, 28.461, 28.341, 28.435, 27.747, 27.39, 27.177, 26.429, 25.679, 24.846, 23.588, 20.062, 15.663, 15.017, 14.145, 10.744, 5.653, 2.441, 0.0, 3.414, 6.776, 9.565, 10.35, 11.087, 12.441, 13.004, 13.018, 12.932, 13.144, 13.31, 13.561, 13.527, 13.134, 13.12, 13.443, 13.49, 13.858, 13.816, 15.492, 16.902, 16.636, 17.382, 17.532, 17.665, 17.991, 20.592, 24.437, 25.667, 25.764, 26.063, 26.131, 26.616, 27.421, 27.558, 26.685, 26.323, 26.479, 26.189, 25.943, 25.961, 26.153, 26.392, 26.515, 26.073, 25.848, 26.084, 26.433, 26.696, 26.693, 26.196, 25.943, 25.976, 25.576, 25.328, 25.009, 24.967, 25.423, 25.783, 25.808, 25.841, 25.992, 26.086, 25.608, 24.804, 26.658], [28.922, 28.93, 29.085, 29.045, 29.165, 28.562, 28.18, 27.957, 27.352, 26.717, 25.958, 24.88, 21.591, 17.016, 16.107, 15.217, 12.03, 7.327, 5.024, 3.414, 0.0, 4.597, 8.087, 9.016, 9.75, 11.086, 11.671, 11.76, 11.634, 11.922, 12.308, 12.693, 12.654, 12.267, 12.236, 12.635, 12.821, 13.202, 13.293, 15.144, 16.516, 16.409, 17.348, 17.459, 17.51, 17.801, 20.631, 24.848, 26.198, 26.278, 26.566, 26.66, 27.155, 27.931, 28.129, 27.39, 27.135, 27.317, 27.056, 26.836, 26.855, 27.033, 27.231, 27.339, 26.983, 26.769, 26.976, 27.287, 27.537, 27.569, 27.082, 26.803, 26.831, 26.426, 26.134, 25.776, 25.654, 25.989, 26.296, 26.326, 26.34, 26.455, 26.551, 26.076, 25.188, 26.933], [27.899, 27.905, 27.988, 27.952, 28.071, 27.556, 27.283, 26.997, 26.475, 25.976, 25.289, 24.387, 21.361, 16.898, 15.867, 15.053, 12.368, 8.722, 7.435, 6.776, 4.597, 0.0, 4.128, 5.603, 6.457, 7.914, 8.637, 8.835, 8.845, 9.149, 9.534, 9.923, 9.908, 9.691, 9.866, 10.404, 10.763, 11.149, 11.336, 13.398, 14.86, 14.726, 15.636, 15.722, 15.721, 15.864, 18.489, 22.86, 24.373, 24.478, 24.8, 24.972, 25.488, 26.245, 26.568, 26.197, 26.268, 26.452, 26.222, 26.078, 26.145, 26.307, 26.485, 26.626, 26.392, 26.24, 26.45, 26.758, 27.048, 27.079, 26.49, 26.113, 26.029, 25.638, 25.353, 24.971, 24.847, 25.053, 25.251, 25.327, 25.374, 25.469, 25.573, 25.077, 24.003, 25.45], [27.053, 27.045, 27.088, 27.053, 27.154, 26.69, 26.48, 26.18, 25.751, 25.34, 24.664, 23.826, 21.123, 17.208, 16.311, 15.633, 13.451, 10.679, 9.908, 9.565, 8.087, 4.128, 0.0, 2.332, 3.74, 5.587, 6.554, 6.88, 7.08, 7.243, 7.554, 7.998, 8.034, 7.98, 8.345, 9.042, 9.529, 9.828, 10.091, 12.282, 13.756, 13.547, 14.39, 14.452, 14.408, 14.445, 16.828, 21.174, 22.781, 22.918, 23.282, 23.521, 24.067, 24.824, 25.216, 25.124, 25.487, 25.693, 25.486, 25.403, 25.51, 25.65, 25.816, 25.983, 25.813, 25.692, 25.911, 26.229, 26.546, 26.548, 25.833, 25.37, 25.211, 24.827, 24.594, 24.212, 24.09, 24.288, 24.469, 24.599, 24.678, 24.744, 24.836, 24.338, 23.22, 24.507], [27.093, 27.078, 27.101, 27.083, 27.158, 26.686, 26.468, 26.17, 25.799, 25.425, 24.727, 23.865, 21.282, 17.642, 16.849, 16.225, 14.126, 11.442, 10.696, 10.35, 9.016, 5.603, 2.332, 0.0, 2.377, 4.881, 6.03, 6.462, 6.668, 6.797, 7.144, 7.637, 7.656, 7.613, 8.02, 8.88, 9.538, 9.796, 10.09, 12.276, 13.68, 13.569, 14.516, 14.614, 14.571, 14.581, 16.923, 21.198, 22.783, 22.916, 23.275, 23.552, 24.079, 24.808, 25.193, 25.116, 25.524, 25.781, 25.603, 25.527, 25.641, 25.763, 25.925, 26.099, 25.953, 25.828, 26.047, 26.372, 26.694, 26.668, 25.876, 25.385, 25.212, 24.828, 24.614, 24.173, 23.991, 24.205, 24.416, 24.589, 24.678, 24.709, 24.783, 24.297, 23.23, 24.492], [27.176, 27.16, 27.136, 27.128, 27.184, 26.736, 26.519, 26.183, 25.857, 25.54, 24.852, 24.019, 21.505, 17.903, 17.117, 16.546, 14.553, 12.033, 11.439, 11.087, 9.75, 6.457, 3.74, 2.377, 0.0, 3.046, 4.578, 5.294, 5.518, 5.652, 6.154, 6.767, 6.84, 6.827, 7.268, 8.355, 9.306, 9.519, 9.992, 12.272, 13.595, 13.664, 14.799, 14.957, 14.903, 14.836, 17.119, 21.289, 22.83, 22.932, 23.241, 23.559, 24.033, 24.689, 25.084, 25.08, 25.518, 25.786, 25.691, 25.682, 25.804, 25.917, 26.062, 26.231, 26.161, 26.043, 26.253, 26.58, 26.914, 26.876, 26.064, 25.599, 25.387, 24.98, 24.747, 24.228, 23.936, 24.096, 24.306, 24.507, 24.592, 24.594, 24.677, 24.241, 23.215, 24.318], [27.168, 27.155, 27.1, 27.133, 27.177, 26.795, 26.596, 26.21, 25.939, 25.689, 25.028, 24.293, 21.881, 18.213, 17.356, 16.862, 15.115, 13.013, 12.754, 12.441, 11.086, 7.914, 5.587, 4.881, 3.046, 0.0, 2.245, 3.727, 4.193, 4.454, 5.141, 5.922, 6.096, 6.19, 6.686, 7.958, 9.263, 9.409, 10.183, 12.715, 14.02, 14.183, 15.339, 15.509, 15.469, 15.299, 17.357, 21.41, 22.944, 23.012, 23.283, 23.635, 24.046, 24.632, 25.048, 25.126, 25.624, 25.89, 25.87, 25.988, 26.156, 26.269, 26.382, 26.531, 26.56, 26.47, 26.664, 26.975, 27.324, 27.288, 26.476, 26.038, 25.788, 25.354, 25.113, 24.59, 24.252, 24.328, 24.488, 24.702, 24.792, 24.761, 24.85, 24.468, 23.429, 24.23], [27.014, 26.997, 26.933, 26.966, 27.007, 26.67, 26.482, 26.079, 25.832, 25.613, 24.978, 24.294, 21.952, 18.264, 17.373, 16.929, 15.319, 13.408, 13.256, 13.004, 11.671, 8.637, 6.554, 6.03, 4.578, 2.245, 0.0, 2.171, 3.047, 3.438, 4.206, 5.159, 5.385, 5.572, 6.117, 7.307, 8.689, 8.821, 9.74, 12.442, 13.782, 13.944, 15.111, 15.317, 15.314, 15.13, 17.113, 21.193, 22.759, 22.806, 23.046, 23.391, 23.789, 24.36, 24.782, 24.869, 25.377, 25.634, 25.629, 25.817, 26.034, 26.149, 26.251, 26.401, 26.454, 26.372, 26.553, 26.856, 27.215, 27.189, 26.378, 25.944, 25.691, 25.246, 24.994, 24.474, 24.133, 24.168, 24.297, 24.509, 24.599, 24.557, 24.651, 24.299, 23.282, 24.008], [26.895, 26.881, 26.839, 26.853, 26.899, 26.565, 26.381, 25.988, 25.74, 25.511, 24.858, 24.127, 21.81, 18.231, 17.383, 16.96, 15.363, 13.482, 13.236, 13.018, 11.76, 8.835, 6.88, 6.462, 5.294, 3.727, 2.171, 0.0, 1.522, 2.18, 2.926, 4.062, 4.36, 4.647, 5.269, 6.283, 7.55, 7.695, 8.656, 11.518, 12.97, 13.098, 14.284, 14.548, 14.607, 14.548, 16.616, 20.696, 22.277, 22.32, 22.581, 22.909, 23.366, 24.004, 24.419, 24.482, 24.994, 25.26, 25.248, 25.447, 25.681, 25.817, 25.934, 26.083, 26.098, 26.01, 26.186, 26.491, 26.852, 26.836, 26.039, 25.583, 25.34, 24.899, 24.629, 24.105, 23.759, 23.795, 23.935, 24.127, 24.207, 24.182, 24.289, 23.939, 22.945, 23.856], [27.296, 27.281, 27.27, 27.324, 27.393, 27.051, 26.827, 26.468, 26.213, 25.947, 25.279, 24.514, 22.197, 18.691, 17.885, 17.437, 15.737, 13.679, 13.265, 12.932, 11.634, 8.845, 7.08, 6.668, 5.518, 4.193, 3.047, 1.522, 0.0, 1.311, 2.603, 3.866, 4.177, 4.323, 4.874, 5.993, 7.316, 7.479, 8.464, 11.364, 12.811, 13.044, 14.357, 14.648, 14.692, 14.719, 17.018, 21.114, 22.655, 22.692, 22.938, 23.221, 23.703, 24.353, 24.737, 24.759, 25.228, 25.508, 25.491, 25.649, 25.848, 25.987, 26.108, 26.233, 26.243, 26.168, 26.33, 26.615, 26.949, 26.94, 26.18, 25.726, 25.528, 25.1, 24.832, 24.312, 23.936, 23.994, 24.164, 24.334, 24.393, 24.375, 24.481, 24.131, 23.224, 24.342], [27.253, 27.234, 27.217, 27.27, 27.349, 27.02, 26.801, 26.45, 26.211, 25.953, 25.277, 24.498, 22.221, 18.837, 18.085, 17.652, 15.971, 13.939, 13.487, 13.144, 11.922, 9.149, 7.243, 6.797, 5.652, 4.454, 3.438, 2.18, 1.311, 0.0, 1.9, 3.48, 3.834, 3.893, 4.333, 5.523, 6.939, 7.107, 8.089, 10.961, 12.383, 12.658, 14.03, 14.338, 14.374, 14.416, 16.76, 20.861, 22.408, 22.456, 22.717, 22.992, 23.491, 24.145, 24.526, 24.587, 25.099, 25.383, 25.359, 25.516, 25.716, 25.848, 25.971, 26.101, 26.113, 26.039, 26.201, 26.491, 26.826, 26.814, 26.057, 25.599, 25.4, 24.979, 24.714, 24.188, 23.798, 23.856, 24.03, 24.201, 24.261, 24.25, 24.351, 23.989, 23.102, 24.267], [26.637, 26.616, 26.581, 26.579, 26.644, 26.281, 26.114, 25.737, 25.453, 25.207, 24.528, 23.709, 21.412, 18.136, 17.438, 17.021, 15.462, 13.742, 13.491, 13.31, 12.308, 9.534, 7.554, 7.144, 6.154, 5.141, 4.206, 2.926, 2.603, 1.9, 0.0, 1.9, 2.437, 2.733, 3.418, 4.542, 6.074, 6.316, 7.34, 10.432, 12.064, 12.251, 13.471, 13.759, 13.814, 13.83, 15.945, 19.914, 21.484, 21.543, 21.835, 22.144, 22.645, 23.329, 23.748, 23.861, 24.423, 24.691, 24.653, 24.84, 25.068, 25.218, 25.373, 25.528, 25.527, 25.463, 25.648, 25.959, 26.321, 26.297, 25.505, 25.033, 24.784, 24.354, 24.092, 23.552, 23.185, 23.235, 23.387, 23.568, 23.637, 23.629, 23.736, 23.353, 22.421, 23.545], [26.189, 26.169, 26.13, 26.099, 26.154, 25.767, 25.649, 25.267, 24.935, 24.691, 24.023, 23.176, 20.855, 17.651, 16.981, 16.56, 15.076, 13.617, 13.585, 13.561, 12.693, 9.923, 7.998, 7.637, 6.767, 5.922, 5.159, 4.062, 3.866, 3.48, 1.9, 0.0, 0.94, 1.978, 3.216, 4.287, 5.82, 6.132, 7.142, 10.353, 12.123, 12.256, 13.336, 13.587, 13.63, 13.621, 15.524, 19.34, 20.913, 20.992, 21.315, 21.653, 22.115, 22.815, 23.276, 23.425, 24.007, 24.263, 24.216, 24.422, 24.663, 24.825, 25.015, 25.185, 25.186, 25.167, 25.383, 25.703, 26.082, 26.049, 25.231, 24.748, 24.45, 24.003, 23.738, 23.176, 22.814, 22.864, 23.011, 23.196, 23.274, 23.266, 23.378, 22.978, 22.002, 23.078], [26.146, 26.123, 26.094, 26.08, 26.141, 25.768, 25.659, 25.285, 24.967, 24.73, 24.071, 23.222, 20.902, 17.698, 17.031, 16.603, 15.081, 13.576, 13.536, 13.527, 12.654, 9.908, 8.034, 7.656, 6.84, 6.096, 5.385, 4.36, 4.177, 3.834, 2.437, 0.94, 0.0, 1.566, 3.083, 4.264, 5.79, 6.109, 7.112, 10.309, 12.07, 12.219, 13.321, 13.57, 13.593, 13.582, 15.512, 19.353, 20.933, 21.021, 21.363, 21.707, 22.151, 22.855, 23.323, 23.459, 24.029, 24.286, 24.236, 24.438, 24.678, 24.839, 25.028, 25.197, 25.206, 25.197, 25.425, 25.747, 26.126, 26.099, 25.286, 24.795, 24.49, 24.041, 23.771, 23.196, 22.827, 22.879, 23.032, 23.221, 23.302, 23.294, 23.405, 23.005, 22.016, 23.085], [26.341, 26.316, 26.306, 26.316, 26.394, 26.011, 25.866, 25.506, 25.18, 24.908, 24.238, 23.348, 20.98, 17.793, 17.181, 16.717, 15.047, 13.372, 13.229, 13.134, 12.267, 9.691, 7.98, 7.613, 6.827, 6.19, 5.572, 4.647, 4.323, 3.893, 2.733, 1.978, 1.566, 0.0, 1.926, 3.646, 5.451, 5.885, 6.859, 10.096, 11.846, 12.056, 13.292, 13.568, 13.569, 13.591, 15.729, 19.644, 21.189, 21.266, 21.589, 21.9, 22.365, 23.077, 23.509, 23.572, 24.103, 24.371, 24.309, 24.478, 24.699, 24.865, 25.052, 25.211, 25.182, 25.151, 25.378, 25.711, 26.086, 26.06, 25.264, 24.778, 24.518, 24.075, 23.814, 23.244, 22.845, 22.915, 23.099, 23.282, 23.35, 23.337, 23.434, 23.029, 22.118, 23.341], [26.57, 26.555, 26.546, 26.584, 26.679, 26.305, 26.112, 25.766, 25.507, 25.254, 24.583, 23.704, 21.361, 18.169, 17.563, 17.1, 15.384, 13.599, 13.328, 13.12, 12.236, 9.866, 8.345, 8.02, 7.268, 6.686, 6.117, 5.269, 4.874, 4.333, 3.418, 3.216, 3.083, 1.926, 0.0, 2.454, 4.759, 5.284, 6.31, 9.641, 11.384, 11.682, 13.078, 13.393, 13.403, 13.457, 15.805, 19.821, 21.338, 21.393, 21.722, 22.009, 22.503, 23.245, 23.664, 23.679, 24.206, 24.505, 24.447, 24.613, 24.844, 25.02, 25.2, 25.354, 25.314, 25.256, 25.467, 25.813, 26.205, 26.195, 25.433, 24.973, 24.744, 24.312, 24.049, 23.486, 23.048, 23.1, 23.292, 23.462, 23.518, 23.507, 23.596, 23.189, 22.292, 23.561], [26.358, 26.354, 26.361, 26.365, 26.477, 26.123, 25.942, 25.586, 25.336, 25.11, 24.467, 23.615, 21.28, 18.027, 17.367, 16.934, 15.364, 13.816, 13.587, 13.443, 12.635, 10.404, 9.042, 8.88, 8.355, 7.958, 7.307, 6.283, 5.993, 5.523, 4.542, 4.287, 4.264, 3.646, 2.454, 0.0, 2.907, 3.84, 4.94, 8.646, 10.592, 10.796, 12.141, 12.454, 12.525, 12.634, 14.988, 19.111, 20.684, 20.691, 21.021, 21.308, 21.887, 22.732, 23.183, 23.186, 23.732, 24.009, 23.919, 24.115, 24.396, 24.604, 24.812, 24.996, 24.888, 24.786, 24.995, 25.361, 25.797, 25.832, 25.112, 24.657, 24.433, 23.987, 23.689, 23.128, 22.683, 22.691, 22.868, 23.03, 23.075, 23.084, 23.19, 22.791, 21.884, 23.212], [26.243, 26.235, 26.33, 26.329, 26.465, 26.152, 25.972, 25.643, 25.38, 25.12, 24.506, 23.66, 21.343, 18.135, 17.488, 17.068, 15.541, 13.983, 13.575, 13.49, 12.821, 10.763, 9.529, 9.538, 9.306, 9.263, 8.689, 7.55, 7.316, 6.939, 6.074, 5.82, 5.79, 5.451, 4.759, 2.907, 0.0, 1.913, 3.068, 6.965, 9.208, 9.276, 10.604, 10.962, 11.108, 11.386, 13.984, 18.326, 19.968, 19.979, 20.382, 20.635, 21.349, 22.379, 22.839, 22.779, 23.315, 23.563, 23.43, 23.621, 23.917, 24.157, 24.393, 24.587, 24.372, 24.236, 24.455, 24.837, 25.282, 25.365, 24.743, 24.278, 24.071, 23.645, 23.315, 22.773, 22.372, 22.421, 22.651, 22.818, 22.843, 22.932, 23.059, 22.633, 21.705, 23.298], [26.326, 26.314, 26.412, 26.428, 26.556, 26.255, 26.052, 25.75, 25.563, 25.323, 24.71, 23.918, 21.698, 18.569, 17.947, 17.555, 16.048, 14.39, 13.937, 13.858, 13.202, 11.149, 9.828, 9.796, 9.519, 9.409, 8.821, 7.695, 7.479, 7.107, 6.316, 6.132, 6.109, 5.885, 5.284, 3.84, 1.913, 0.0, 2.496, 6.572, 8.782, 8.95, 10.413, 10.898, 11.136, 11.441, 14.069, 18.398, 20.013, 20.053, 20.505, 20.769, 21.468, 22.53, 23.006, 22.967, 23.517, 23.763, 23.654, 23.868, 24.169, 24.406, 24.626, 24.817, 24.659, 24.539, 24.754, 25.128, 25.571, 25.648, 25.041, 24.6, 24.352, 23.936, 23.599, 23.033, 22.618, 22.664, 22.897, 23.073, 23.114, 23.226, 23.366, 22.969, 21.99, 23.446], [26.596, 26.591, 26.714, 26.697, 26.843, 26.517, 26.306, 26.027, 25.814, 25.54, 24.906, 24.038, 21.819, 18.818, 18.257, 17.853, 16.266, 14.505, 13.871, 13.816, 13.293, 11.336, 10.091, 10.09, 9.992, 10.183, 9.74, 8.656, 8.464, 8.089, 7.34, 7.142, 7.112, 6.859, 6.31, 4.94, 3.068, 2.496, 0.0, 4.766, 7.295, 7.431, 9.102, 9.753, 10.211, 10.849, 13.687, 18.043, 19.665, 19.726, 20.236, 20.474, 21.273, 22.423, 22.891, 22.847, 23.419, 23.658, 23.509, 23.702, 23.991, 24.22, 24.47, 24.676, 24.414, 24.27, 24.513, 24.925, 25.372, 25.456, 24.85, 24.349, 24.166, 23.783, 23.433, 22.88, 22.437, 22.499, 22.78, 22.926, 22.945, 23.073, 23.182, 22.751, 21.857, 23.608], [27.162, 27.151, 27.348, 27.37, 27.565, 27.325, 27.049, 26.805, 26.695, 26.46, 25.903, 25.1, 23.195, 20.675, 20.252, 19.879, 18.313, 16.456, 15.522, 15.492, 15.144, 13.398, 12.282, 12.276, 12.272, 12.715, 12.442, 11.518, 11.364, 10.961, 10.432, 10.353, 10.309, 10.096, 9.641, 8.646, 6.965, 6.572, 4.766, 0.0, 3.152, 3.872, 6.563, 7.753, 8.625, 9.949, 13.318, 17.654, 19.239, 19.351, 20.045, 20.216, 21.105, 22.416, 22.867, 22.849, 23.499, 23.775, 23.634, 23.841, 24.11, 24.302, 24.551, 24.743, 24.388, 24.233, 24.504, 24.953, 25.389, 25.47, 24.902, 24.316, 24.18, 23.918, 23.539, 22.935, 22.419, 22.516, 22.905, 23.031, 22.996, 23.216, 23.318, 22.834, 21.972, 24.154], [28.003, 27.981, 28.18, 28.258, 28.475, 28.279, 27.927, 27.722, 27.752, 27.594, 27.107, 26.399, 24.722, 22.406, 22.013, 21.669, 20.092, 18.073, 16.996, 16.902, 16.516, 14.86, 13.756, 13.68, 13.595, 14.02, 13.782, 12.97, 12.811, 12.383, 12.064, 12.123, 12.07, 11.846, 11.384, 10.592, 9.208, 8.782, 7.295, 3.152, 0.0, 3.136, 6.779, 8.175, 9.094, 10.595, 14.176, 18.455, 19.974, 20.109, 20.861, 21.013, 21.882, 23.19, 23.618, 23.64, 24.325, 24.631, 24.523, 24.721, 24.971, 25.134, 25.35, 25.519, 25.189, 25.038, 25.3, 25.73, 26.142, 26.217, 25.654, 25.048, 24.926, 24.699, 24.311, 23.646, 23.003, 23.097, 23.563, 23.68, 23.616, 23.841, 23.938, 23.474, 22.655, 24.899], [27.119, 27.106, 27.315, 27.316, 27.517, 27.317, 27.057, 26.836, 26.744, 26.535, 26.032, 25.315, 23.629, 21.382, 21.041, 20.726, 19.291, 17.557, 16.599, 16.636, 16.409, 14.726, 13.547, 13.569, 13.664, 14.183, 13.944, 13.098, 13.044, 12.658, 12.251, 12.256, 12.219, 12.056, 11.682, 10.796, 9.276, 8.95, 7.431, 3.872, 3.136, 0.0, 4.009, 5.658, 6.868, 8.602, 12.199, 16.642, 18.299, 18.453, 19.281, 19.456, 20.421, 21.859, 22.338, 22.336, 23.064, 23.359, 23.217, 23.429, 23.713, 23.903, 24.171, 24.387, 23.915, 23.704, 23.997, 24.46, 24.902, 24.954, 24.368, 23.756, 23.649, 23.431, 23.045, 22.555, 22.17, 22.304, 22.733, 22.853, 22.816, 23.078, 23.173, 22.671, 21.742, 23.946], [25.959, 25.961, 26.196, 26.099, 26.278, 26.116, 26.01, 25.735, 25.476, 25.246, 24.74, 24.035, 22.418, 20.383, 20.117, 19.871, 18.812, 17.76, 17.143, 17.382, 17.348, 15.636, 14.39, 14.516, 14.799, 15.339, 15.111, 14.284, 14.357, 14.03, 13.471, 13.336, 13.321, 13.292, 13.078, 12.141, 10.604, 10.413, 9.102, 6.563, 6.779, 4.009, 0.0, 2.334, 4.452, 6.565, 9.673, 14.131, 15.996, 16.156, 17.125, 17.351, 18.431, 20.074, 20.669, 20.686, 21.513, 21.792, 21.594, 21.863, 22.212, 22.42, 22.759, 23.038, 22.412, 22.166, 22.512, 23.021, 23.52, 23.538, 22.916, 22.287, 22.143, 21.973, 21.582, 21.294, 21.318, 21.519, 21.876, 22.011, 22.013, 22.326, 22.42, 21.858, 20.765, 22.869], [25.618, 25.621, 25.858, 25.742, 25.916, 25.747, 25.672, 25.366, 25.025, 24.801, 24.33, 23.652, 22.062, 20.027, 19.712, 19.456, 18.542, 17.766, 17.299, 17.532, 17.459, 15.722, 14.452, 14.614, 14.957, 15.509, 15.317, 14.548, 14.648, 14.338, 13.759, 13.587, 13.57, 13.568, 13.393, 12.454, 10.962, 10.898, 9.753, 7.753, 8.175, 5.658, 2.334, 0.0, 2.725, 5.248, 8.502, 13.299, 15.342, 15.523, 16.551, 16.835, 17.954, 19.626, 20.265, 20.279, 21.126, 21.401, 21.163, 21.415, 21.764, 21.979, 22.351, 22.647, 21.954, 21.69, 22.064, 22.603, 23.127, 23.129, 22.496, 21.885, 21.737, 21.563, 21.187, 20.975, 21.139, 21.406, 21.773, 21.915, 21.917, 22.227, 22.316, 21.707, 20.54, 22.592], [25.322, 25.315, 25.539, 25.411, 25.577, 25.42, 25.352, 25.028, 24.645, 24.419, 24.022, 23.403, 21.898, 19.968, 19.671, 19.379, 18.506, 17.841, 17.475, 17.665, 17.51, 15.721, 14.408, 14.571, 14.903, 15.469, 15.314, 14.607, 14.692, 14.374, 13.814, 13.63, 13.593, 13.569, 13.403, 12.525, 11.108, 11.136, 10.211, 8.625, 9.094, 6.868, 4.452, 2.725, 0.0, 3.237, 7.506, 12.778, 14.912, 15.164, 16.303, 16.669, 17.759, 19.378, 19.999, 20.002, 20.865, 21.165, 20.93, 21.139, 21.461, 21.686, 22.071, 22.37, 21.656, 21.374, 21.75, 22.298, 22.827, 22.797, 22.169, 21.607, 21.433, 21.246, 20.901, 20.721, 20.914, 21.207, 21.631, 21.812, 21.808, 22.101, 22.197, 21.569, 20.326, 22.308], [24.437, 24.43, 24.582, 24.406, 24.548, 24.434, 24.463, 24.086, 23.698, 23.553, 23.248, 22.778, 21.301, 19.303, 19.031, 18.781, 18.119, 17.788, 17.723, 17.991, 17.801, 15.864, 14.445, 14.581, 14.836, 15.299, 15.13, 14.548, 14.719, 14.416, 13.83, 13.621, 13.582, 13.591, 13.457, 12.634, 11.386, 11.441, 10.849, 9.949, 10.595, 8.602, 6.565, 5.248, 3.237, 0.0, 5.604, 11.709, 13.933, 14.17, 15.368, 15.873, 16.844, 18.43, 19.139, 19.233, 20.17, 20.453, 20.226, 20.465, 20.819, 21.042, 21.425, 21.769, 21.117, 20.814, 21.171, 21.707, 22.274, 22.226, 21.563, 21.057, 20.774, 20.578, 20.264, 20.119, 20.416, 20.612, 20.968, 21.28, 21.355, 21.635, 21.749, 21.161, 19.756, 21.259], [22.254, 22.254, 22.272, 21.906, 21.954, 21.977, 22.413, 21.885, 21.392, 21.427, 21.249, 20.978, 19.848, 18.316, 18.118, 18.126, 18.372, 19.297, 19.953, 20.592, 20.631, 18.489, 16.828, 16.923, 17.119, 17.357, 17.113, 16.616, 17.018, 16.76, 15.945, 15.524, 15.512, 15.729, 15.805, 14.988, 13.984, 14.069, 13.687, 13.318, 14.176, 12.199, 9.673, 8.502, 7.506, 5.604, 0.0, 7.229, 10.17, 10.403, 11.784, 12.671, 13.58, 15.258, 16.298, 16.858, 18.177, 18.347, 18.123, 18.594, 19.152, 19.368, 19.777, 20.259, 19.68, 19.428, 19.842, 20.431, 21.141, 21.046, 20.237, 19.734, 19.214, 19.043, 18.771, 18.738, 19.376, 19.433, 19.574, 20.055, 20.297, 20.617, 20.746, 20.133, 18.434, 19.012], [20.592, 20.573, 20.538, 20.039, 20.017, 20.184, 20.967, 20.417, 19.877, 20.005, 19.884, 19.682, 19.323, 19.425, 19.722, 19.934, 20.835, 22.56, 23.55, 24.437, 24.848, 22.86, 21.174, 21.198, 21.289, 21.41, 21.193, 20.696, 21.114, 20.861, 19.914, 19.34, 19.353, 19.644, 19.821, 19.111, 18.326, 18.398, 18.043, 17.654, 18.455, 16.642, 14.131, 13.299, 12.778, 11.709, 7.229, 0.0, 3.888, 4.633, 7.132, 8.609, 9.631, 11.541, 12.772, 13.95, 15.912, 16.202, 16.119, 16.774, 17.475, 17.744, 18.159, 18.71, 18.299, 18.258, 18.744, 19.36, 20.151, 19.989, 19.119, 18.58, 17.899, 17.978, 17.922, 18.051, 18.952, 18.989, 19.014, 19.544, 19.838, 20.233, 20.407, 19.785, 18.17, 18.436], [20.381, 20.358, 20.337, 19.88, 19.879, 20.082, 20.886, 20.429, 19.989, 20.136, 20.005, 19.819, 19.698, 20.334, 20.868, 21.116, 22.031, 23.775, 24.757, 25.667, 26.198, 24.373, 22.781, 22.783, 22.83, 22.944, 22.759, 22.277, 22.655, 22.408, 21.484, 20.913, 20.933, 21.189, 21.338, 20.684, 19.968, 20.013, 19.665, 19.239, 19.974, 18.299, 15.996, 15.342, 14.912, 13.933, 10.17, 3.888, 0.0, 2.338, 6.095, 7.661, 8.703, 10.726, 11.833, 13.077, 15.308, 15.78, 15.786, 16.434, 17.132, 17.422, 17.817, 18.386, 18.128, 18.155, 18.603, 19.177, 19.958, 19.81, 19.013, 18.481, 17.776, 18.058, 18.146, 18.318, 19.235, 19.236, 19.217, 19.738, 20.025, 20.445, 20.67, 20.117, 18.652, 18.934], [20.269, 20.248, 20.222, 19.784, 19.798, 20.046, 20.885, 20.433, 20.044, 20.233, 20.113, 19.96, 19.79, 20.291, 20.783, 21.059, 22.038, 23.853, 24.875, 25.764, 26.278, 24.478, 22.918, 22.916, 22.932, 23.012, 22.806, 22.32, 22.692, 22.456, 21.543, 20.992, 21.021, 21.266, 21.393, 20.691, 19.979, 20.053, 19.726, 19.351, 20.109, 18.453, 16.156, 15.523, 15.164, 14.17, 10.403, 4.633, 2.338, 0.0, 4.192, 6.084, 7.384, 9.584, 10.839, 12.156, 14.484, 15.016, 15.045, 15.746, 16.466, 16.746, 17.125, 17.723, 17.511, 17.514, 17.907, 18.433, 19.248, 19.178, 18.418, 17.91, 17.231, 17.522, 17.575, 17.753, 18.713, 18.643, 18.559, 19.074, 19.366, 19.787, 20.027, 19.598, 18.292, 18.545], [20.001, 19.949, 19.897, 19.492, 19.51, 19.8, 20.717, 20.352, 19.957, 20.117, 19.998, 19.911, 19.775, 20.265, 20.734, 21.035, 22.151, 24.102, 25.192, 26.063, 26.566, 24.8, 23.282, 23.275, 23.241, 23.283, 23.046, 22.581, 22.938, 22.717, 21.835, 21.315, 21.363, 21.589, 21.722, 21.021, 20.382, 20.505, 20.236, 20.045, 20.861, 19.281, 17.125, 16.551, 16.303, 15.368, 11.784, 7.132, 6.095, 4.192, 0.0, 3.07, 5.009, 7.086, 8.551, 10.213, 12.661, 13.248, 13.359, 14.109, 14.831, 15.071, 15.399, 16.014, 16.001, 16.123, 16.448, 16.888, 17.715, 17.749, 17.026, 16.574, 16.009, 16.343, 16.404, 16.659, 17.763, 17.637, 17.431, 17.916, 18.213, 18.617, 18.84, 18.602, 17.78, 18.116], [20.108, 20.044, 20.096, 19.822, 19.905, 20.203, 21.078, 20.839, 20.397, 20.429, 20.271, 20.164, 20.059, 20.622, 21.121, 21.37, 22.384, 24.251, 25.28, 26.131, 26.66, 24.972, 23.521, 23.552, 23.559, 23.635, 23.391, 22.909, 23.221, 22.992, 22.144, 21.653, 21.707, 21.9, 22.009, 21.308, 20.635, 20.769, 20.474, 20.216, 21.013, 19.456, 17.351, 16.835, 16.669, 15.873, 12.671, 8.609, 7.661, 6.084, 3.07, 0.0, 3.353, 6.014, 7.394, 9.117, 11.673, 12.389, 12.495, 13.211, 13.894, 14.117, 14.403, 14.973, 15.038, 15.317, 15.597, 15.936, 16.687, 16.778, 16.155, 15.637, 15.196, 15.673, 15.763, 16.13, 17.366, 17.265, 17.04, 17.453, 17.715, 18.152, 18.349, 18.131, 17.608, 18.58], [19.586, 19.524, 19.511, 19.251, 19.313, 19.65, 20.576, 20.35, 19.952, 20.044, 19.945, 19.979, 20.012, 20.649, 21.167, 21.444, 22.538, 24.519, 25.706, 26.616, 27.155, 25.488, 24.067, 24.079, 24.033, 24.046, 23.789, 23.366, 23.703, 23.491, 22.645, 22.115, 22.151, 22.365, 22.503, 21.887, 21.349, 21.468, 21.273, 21.105, 21.882, 20.421, 18.431, 17.954, 17.759, 16.844, 13.58, 9.631, 8.703, 7.384, 5.009, 3.353, 0.0, 3.759, 5.829, 7.866, 10.622, 11.56, 11.867, 12.7, 13.426, 13.621, 13.855, 14.399, 14.715, 15.163, 15.465, 15.764, 16.496, 16.549, 15.866, 15.413, 14.84, 15.347, 15.457, 15.786, 17.06, 16.922, 16.635, 17.077, 17.393, 17.867, 18.141, 18.012, 17.453, 18.111], [19.58, 19.481, 19.328, 19.065, 19.077, 19.446, 20.406, 20.247, 19.93, 20.054, 19.984, 20.139, 20.421, 21.197, 21.702, 22.011, 23.204, 25.246, 26.5, 27.421, 27.931, 26.245, 24.824, 24.808, 24.689, 24.632, 24.36, 24.004, 24.353, 24.145, 23.329, 22.815, 22.855, 23.077, 23.245, 22.732, 22.379, 22.53, 22.423, 22.416, 23.19, 21.859, 20.074, 19.626, 19.378, 18.43, 15.258, 11.541, 10.726, 9.584, 7.086, 6.014, 3.759, 0.0, 3.336, 6.553, 9.465, 10.605, 11.22, 12.163, 12.903, 13.09, 13.239, 13.715, 14.426, 15.079, 15.357, 15.618, 16.311, 16.37, 15.714, 15.38, 14.837, 15.345, 15.502, 15.834, 17.069, 16.826, 16.438, 16.887, 17.174, 17.586, 17.896, 17.857, 17.561, 17.94], [20.045, 19.926, 19.823, 19.551, 19.515, 19.839, 20.735, 20.653, 20.278, 20.281, 20.167, 20.243, 20.64, 21.632, 22.197, 22.483, 23.563, 25.484, 26.657, 27.558, 28.129, 26.568, 25.216, 25.193, 25.084, 25.048, 24.782, 24.419, 24.737, 24.526, 23.748, 23.276, 23.323, 23.509, 23.664, 23.183, 22.839, 23.006, 22.891, 22.867, 23.618, 22.338, 20.669, 20.265, 19.999, 19.139, 16.298, 12.772, 11.833, 10.839, 8.551, 7.394, 5.829, 3.336, 0.0, 4.437, 8.106, 9.582, 10.357, 11.363, 12.106, 12.341, 12.514, 12.949, 13.665, 14.367, 14.646, 14.923, 15.57, 15.607, 15.01, 14.679, 14.18, 14.785, 15.068, 15.467, 16.706, 16.57, 16.262, 16.679, 16.899, 17.287, 17.613, 17.602, 17.58, 18.389], [20.058, 19.956, 19.942, 19.651, 19.602, 19.834, 20.617, 20.587, 20.096, 19.935, 19.742, 19.669, 19.96, 21.02, 21.679, 21.936, 22.867, 24.694, 25.807, 26.685, 27.39, 26.197, 25.124, 25.116, 25.08, 25.126, 24.869, 24.482, 24.759, 24.587, 23.861, 23.425, 23.459, 23.572, 23.679, 23.186, 22.779, 22.967, 22.847, 22.849, 23.64, 22.336, 20.686, 20.279, 20.002, 19.233, 16.858, 13.95, 13.077, 12.156, 10.213, 9.117, 7.866, 6.553, 4.437, 0.0, 4.929, 7.325, 8.253, 9.294, 10.096, 10.438, 10.695, 11.161, 11.755, 12.452, 12.774, 13.134, 13.817, 13.846, 13.393, 13.237, 12.856, 13.485, 13.831, 14.418, 15.861, 16.002, 15.923, 16.315, 16.526, 16.965, 17.296, 17.345, 17.524, 18.804], [20.072, 19.969, 19.959, 19.653, 19.602, 19.72, 20.454, 20.567, 19.973, 19.665, 19.465, 19.335, 19.563, 20.711, 21.448, 21.691, 22.573, 24.355, 25.442, 26.323, 27.135, 26.268, 25.487, 25.524, 25.518, 25.624, 25.377, 24.994, 25.228, 25.099, 24.423, 24.007, 24.029, 24.103, 24.206, 23.732, 23.315, 23.517, 23.419, 23.499, 24.325, 23.064, 21.513, 21.126, 20.865, 20.17, 18.177, 15.912, 15.308, 14.484, 12.661, 11.673, 10.622, 9.465, 8.106, 4.929, 0.0, 3.801, 5.447, 6.598, 7.508, 7.956, 8.311, 8.739, 9.509, 10.417, 10.73, 11.134, 11.854, 11.972, 11.919, 12.227, 12.076, 12.698, 12.985, 13.662, 15.298, 15.595, 15.609, 16.008, 16.207, 16.666, 17.028, 17.162, 17.618, 19.142], [19.918, 19.845, 19.759, 19.337, 19.295, 19.34, 20.175, 20.295, 19.596, 19.272, 19.154, 19.105, 19.314, 20.477, 21.22, 21.491, 22.488, 24.413, 25.561, 26.479, 27.317, 26.452, 25.693, 25.781, 25.786, 25.89, 25.634, 25.26, 25.508, 25.383, 24.691, 24.263, 24.286, 24.371, 24.505, 24.009, 23.563, 23.763, 23.658, 23.775, 24.631, 23.359, 21.792, 21.401, 21.165, 20.453, 18.347, 16.202, 15.78, 15.016, 13.248, 12.389, 11.56, 10.605, 9.582, 7.325, 3.801, 0.0, 2.595, 4.612, 5.916, 6.374, 6.849, 7.414, 8.041, 8.998, 9.377, 9.944, 10.807, 10.987, 11.178, 11.776, 11.637, 12.155, 12.402, 13.133, 14.86, 15.194, 15.163, 15.578, 15.826, 16.286, 16.629, 16.727, 17.21, 18.708], [19.88, 19.835, 19.746, 19.263, 19.266, 19.242, 20.072, 20.179, 19.408, 19.057, 18.952, 18.883, 18.99, 20.113, 20.868, 21.123, 22.128, 24.108, 25.261, 26.189, 27.056, 26.222, 25.486, 25.603, 25.691, 25.87, 25.629, 25.248, 25.491, 25.359, 24.653, 24.216, 24.236, 24.309, 24.447, 23.919, 23.43, 23.654, 23.509, 23.634, 24.523, 23.217, 21.594, 21.163, 20.93, 20.226, 18.123, 16.119, 15.786, 15.045, 13.359, 12.495, 11.867, 11.22, 10.357, 8.253, 5.447, 2.595, 0.0, 2.875, 4.652, 5.269, 5.923, 6.676, 7.122, 8.059, 8.487, 9.18, 10.152, 10.444, 10.78, 11.443, 11.359, 11.877, 12.153, 12.989, 14.786, 15.158, 15.136, 15.515, 15.781, 16.247, 16.535, 16.55, 17.042, 18.734], [20.124, 20.076, 20.01, 19.552, 19.612, 19.51, 20.23, 20.416, 19.627, 19.206, 19.093, 18.997, 19.074, 20.24, 21.03, 21.226, 22.124, 23.973, 25.031, 25.943, 26.836, 26.078, 25.403, 25.527, 25.682, 25.988, 25.817, 25.447, 25.649, 25.516, 24.84, 24.422, 24.438, 24.478, 24.613, 24.115, 23.621, 23.868, 23.702, 23.841, 24.721, 23.429, 21.863, 21.415, 21.139, 20.465, 18.594, 16.774, 16.434, 15.746, 14.109, 13.211, 12.7, 12.163, 11.363, 9.294, 6.598, 4.612, 2.875, 0.0, 2.294, 3.44, 4.286, 5.162, 5.846, 7.04, 7.42, 8.116, 9.065, 9.555, 1