[[0.0, 2.349, 3.468, 6.223, 9.411, 10.861, 11.931, 13.256, 14.602, 15.955, 16.772, 16.454, 16.582, 16.676, 16.425, 15.983, 15.751, 15.945, 16.24, 16.276, 16.265, 16.273, 16.296, 16.393, 16.576, 16.956, 17.506, 17.804, 18.028, 18.166, 18.536, 19.956, 21.362, 22.041, 22.546, 22.752, 22.745, 22.442, 21.94, 21.728, 22.047, 22.663, 22.996, 23.209, 23.474, 23.458, 23.467, 23.479, 23.479, 23.524, 23.682, 23.877, 24.167, 24.303, 24.247, 24.134, 24.042, 24.179, 24.233, 24.308, 24.498, 24.737, 24.805, 24.616, 24.393, 24.263, 24.285, 24.273, 24.13, 23.978, 23.972, 24.212, 24.358, 24.681, 24.269, 23.796, 24.088, 24.377, 24.501, 24.35, 24.517, 24.617, 24.402, 24.332, 24.18, 23.775], [2.349, 0.0, 2.195, 5.721, 9.027, 10.571, 11.824, 13.209, 14.499, 15.811, 16.612, 16.343, 16.495, 16.575, 16.291, 15.914, 15.718, 15.928, 16.285, 16.357, 16.36, 16.368, 16.395, 16.494, 16.698, 17.083, 17.593, 17.872, 18.101, 18.239, 18.626, 20.094, 21.538, 22.234, 22.754, 22.975, 22.976, 22.678, 22.192, 21.996, 22.328, 22.936, 23.256, 23.458, 23.707, 23.688, 23.695, 23.712, 23.704, 23.739, 23.891, 24.072, 24.329, 24.451, 24.4, 24.299, 24.217, 24.349, 24.396, 24.466, 24.644, 24.87, 24.944, 24.771, 24.548, 24.426, 24.451, 24.439, 24.307, 24.167, 24.164, 24.377, 24.478, 24.76, 24.357, 23.901, 24.173, 24.43, 24.527, 24.391, 24.596, 24.726, 24.525, 24.457, 24.33, 23.935], [3.468, 2.195, 0.0, 4.289, 8.051, 9.787, 11.115, 12.669, 14.235, 15.687, 16.518, 16.231, 16.277, 16.256, 16.041, 15.773, 15.559, 15.831, 16.261, 16.29, 16.275, 16.259, 16.264, 16.361, 16.626, 17.07, 17.623, 17.928, 18.129, 18.215, 18.493, 19.824, 21.206, 21.88, 22.369, 22.569, 22.604, 22.394, 21.98, 21.789, 22.082, 22.659, 22.971, 23.15, 23.387, 23.376, 23.389, 23.411, 23.391, 23.4, 23.541, 23.721, 23.981, 24.113, 24.066, 23.965, 23.888, 24.031, 24.085, 24.153, 24.318, 24.513, 24.559, 24.368, 24.155, 24.038, 24.045, 24.031, 23.906, 23.777, 23.776, 24.02, 24.152, 24.468, 24.075, 23.623, 23.905, 24.182, 24.332, 24.19, 24.363, 24.475, 24.253, 24.187, 24.056, 23.675], [6.223, 5.721, 4.289, 0.0, 4.568, 7.051, 8.808, 10.711, 12.781, 14.611, 15.578, 15.286, 15.126, 14.996, 15.121, 15.361, 15.171, 15.535, 16.205, 16.206, 16.155, 16.151, 16.118, 16.252, 16.689, 17.27, 17.919, 18.245, 18.365, 18.34, 18.489, 19.631, 20.902, 21.545, 22.013, 22.179, 22.218, 22.13, 21.859, 21.672, 21.917, 22.491, 22.792, 22.959, 23.215, 23.23, 23.273, 23.298, 23.219, 23.14, 23.257, 23.436, 23.695, 23.854, 23.815, 23.723, 23.654, 23.811, 23.875, 23.948, 24.108, 24.24, 24.239, 24.041, 23.84, 23.736, 23.71, 23.694, 23.588, 23.501, 23.511, 23.748, 23.86, 24.164, 23.768, 23.342, 23.622, 23.906, 24.121, 23.966, 24.093, 24.184, 23.93, 23.856, 23.715, 23.352], [9.411, 9.027, 8.051, 4.568, 0.0, 3.527, 6.357, 9.111, 11.882, 14.076, 15.06, 14.807, 14.58, 14.396, 14.769, 15.488, 15.352, 15.691, 16.653, 16.738, 16.665, 16.716, 16.658, 16.806, 17.352, 17.983, 18.613, 18.873, 18.896, 18.734, 18.759, 19.783, 21.012, 21.656, 22.128, 22.289, 22.323, 22.301, 22.145, 21.977, 22.207, 22.786, 23.069, 23.234, 23.503, 23.54, 23.6, 23.627, 23.529, 23.408, 23.497, 23.65, 23.864, 24.034, 24.013, 23.936, 23.88, 24.043, 24.106, 24.186, 24.34, 24.369, 24.287, 24.085, 23.894, 23.818, 23.781, 23.761, 23.691, 23.659, 23.679, 23.873, 23.898, 24.1, 23.697, 23.298, 23.564, 23.842, 24.079, 23.917, 24.016, 24.096, 23.822, 23.729, 23.58, 23.251], [10.861, 10.571, 9.787, 7.051, 3.527, 0.0, 3.932, 7.885, 11.29, 13.708, 14.663, 14.419, 14.317, 14.151, 14.571, 15.399, 15.247, 15.534, 16.595, 16.75, 16.694, 16.767, 16.705, 16.854, 17.464, 18.102, 18.677, 18.909, 18.916, 18.666, 18.582, 19.593, 20.871, 21.551, 22.063, 22.256, 22.29, 22.247, 22.091, 21.964, 22.261, 22.892, 23.192, 23.376, 23.663, 23.714, 23.772, 23.799, 23.711, 23.619, 23.705, 23.824, 24.002, 24.169, 24.164, 24.087, 24.029, 24.198, 24.257, 24.345, 24.5, 24.481, 24.356, 24.15, 23.975, 23.915, 23.886, 23.863, 23.792, 23.769, 23.785, 23.965, 23.962, 24.111, 23.706, 23.315, 23.578, 23.871, 24.109, 23.927, 24.007, 24.076, 23.802, 23.693, 23.546, 23.25], [11.931, 11.824, 11.115, 8.808, 6.357, 3.932, 0.0, 5.552, 10.104, 12.858, 13.853, 13.485, 13.376, 13.252, 13.82, 14.726, 14.573, 14.906, 16.039, 16.219, 16.182, 16.255, 16.184, 16.354, 17.041, 17.702, 18.285, 18.569, 18.606, 18.329, 18.125, 19.007, 20.258, 20.94, 21.481, 21.7, 21.735, 21.7, 21.563, 21.458, 21.833, 22.552, 22.881, 23.104, 23.417, 23.482, 23.562, 23.593, 23.51, 23.466, 23.578, 23.71, 23.923, 24.112, 24.126, 24.046, 23.968, 24.142, 24.212, 24.308, 24.477, 24.446, 24.293, 24.092, 23.948, 23.894, 23.864, 23.843, 23.752, 23.723, 23.741, 23.927, 23.975, 24.165, 23.757, 23.373, 23.643, 23.953, 24.22, 24.002, 24.014, 24.031, 23.744, 23.633, 23.503, 23.225], [13.256, 13.209, 12.669, 10.711, 9.111, 7.885, 5.552, 0.0, 5.919, 9.753, 11.186, 11.009, 11.153, 11.397, 12.252, 13.459, 13.487, 13.857, 15.173, 15.561, 15.566, 15.636, 15.573, 15.79, 16.563, 17.214, 17.858, 18.335, 18.596, 18.536, 18.64, 19.827, 21.227, 21.962, 22.579, 22.877, 22.879, 22.727, 22.517, 22.41, 22.882, 23.73, 24.104, 24.374, 24.704, 24.745, 24.809, 24.826, 24.748, 24.762, 24.915, 25.105, 25.364, 25.497, 25.49, 25.392, 25.276, 25.437, 25.512, 25.622, 25.815, 25.858, 25.807, 25.632, 25.468, 25.384, 25.35, 25.337, 25.23, 25.171, 25.194, 25.345, 25.356, 25.489, 25.1, 24.723, 24.964, 25.237, 25.418, 25.222, 25.3, 25.359, 25.12, 25.005, 24.9, 24.535], [14.602, 14.499, 14.235, 12.781, 11.882, 11.29, 10.104, 5.919, 0.0, 5.122, 7.578, 8.096, 9.047, 10.093, 11.074, 12.187, 12.538, 12.857, 14.192, 14.857, 14.903, 15.039, 15.054, 15.409, 16.204, 16.675, 17.219, 17.908, 18.479, 18.659, 19.356, 21.344, 23.186, 24.097, 24.84, 25.226, 25.187, 24.863, 24.5, 24.433, 25.055, 25.997, 26.442, 26.785, 27.145, 27.152, 27.162, 27.143, 27.081, 27.158, 27.341, 27.55, 27.779, 27.817, 27.776, 27.678, 27.541, 27.658, 27.708, 27.817, 28.028, 28.173, 28.271, 28.173, 27.96, 27.825, 27.801, 27.779, 27.649, 27.534, 27.528, 27.592, 27.514, 27.531, 27.18, 26.816, 26.997, 27.207, 27.23, 27.106, 27.332, 27.501, 27.382, 27.262, 27.193, 26.775], [15.955, 15.811, 15.687, 14.611, 14.076, 13.708, 12.858, 9.753, 5.122, 0.0, 3.772, 5.486, 7.29, 8.944, 9.882, 10.714, 11.462, 11.798, 13.067, 13.939, 13.994, 14.238, 14.344, 14.839, 15.64, 15.899, 16.348, 17.234, 18.003, 18.253, 19.26, 21.779, 24.015, 25.106, 25.95, 26.393, 26.33, 25.907, 25.467, 25.464, 26.209, 27.183, 27.672, 28.131, 28.532, 28.514, 28.495, 28.444, 28.386, 28.512, 28.713, 28.911, 29.098, 29.088, 29.055, 28.995, 28.869, 28.959, 28.991, 29.095, 29.316, 29.502, 29.646, 29.594, 29.383, 29.262, 29.278, 29.256, 29.129, 29.004, 28.975, 28.989, 28.871, 28.825, 28.522, 28.19, 28.332, 28.537, 28.512, 28.425, 28.689, 28.882, 28.826, 28.711, 28.68, 28.301], [16.772, 16.612, 16.518, 15.578, 15.06, 14.663, 13.853, 11.186, 7.578, 3.772, 0.0, 3.374, 6.16, 8.026, 9.049, 9.958, 11.028, 11.453, 12.75, 13.676, 13.735, 14.023, 14.153, 14.635, 15.423, 15.63, 16.087, 17.021, 17.795, 18.01, 18.956, 21.51, 23.888, 25.076, 25.965, 26.431, 26.359, 25.91, 25.474, 25.533, 26.33, 27.302, 27.81, 28.336, 28.768, 28.758, 28.743, 28.679, 28.603, 28.755, 28.975, 29.176, 29.367, 29.362, 29.344, 29.307, 29.196, 29.281, 29.312, 29.422, 29.639, 29.788, 29.905, 29.855, 29.657, 29.569, 29.612, 29.596, 29.48, 29.377, 29.354, 29.379, 29.279, 29.231, 28.944, 28.618, 28.744, 28.953, 28.958, 28.872, 29.108, 29.271, 29.19, 29.077, 29.059, 28.704], [16.454, 16.343, 16.231, 15.286, 14.807, 14.419, 13.485, 11.009, 8.096, 5.486, 3.374, 0.0, 3.811, 6.228, 7.585, 8.716, 9.751, 10.343, 11.77, 12.689, 12.772, 13.054, 13.185, 13.642, 14.441, 14.768, 15.297, 16.23, 16.979, 17.187, 18.056, 20.505, 22.837, 24.006, 24.9, 25.377, 25.322, 24.903, 24.484, 24.526, 25.326, 26.326, 26.855, 27.385, 27.826, 27.882, 27.917, 27.855, 27.765, 27.883, 28.113, 28.32, 28.525, 28.543, 28.523, 28.48, 28.362, 28.453, 28.486, 28.596, 28.815, 28.946, 29.027, 28.953, 28.751, 28.672, 28.721, 28.707, 28.59, 28.487, 28.462, 28.508, 28.473, 28.512, 28.227, 27.89, 28.024, 28.245, 28.291, 28.176, 28.385, 28.526, 28.423, 28.322, 28.289, 27.944], [16.582, 16.495, 16.277, 15.126, 14.58, 14.317, 13.376, 11.153, 9.047, 7.29, 6.16, 3.811, 0.0, 3.512, 6.031, 7.924, 9.066, 9.915, 11.537, 12.282, 12.353, 12.61, 12.764, 13.208, 14.033, 14.492, 15.167, 16.113, 16.817, 17.028, 17.79, 20.005, 22.196, 23.308, 24.167, 24.623, 24.612, 24.318, 23.978, 23.978, 24.69, 25.642, 26.18, 26.717, 27.138, 27.234, 27.337, 27.292, 27.168, 27.231, 27.46, 27.676, 27.9, 27.944, 27.934, 27.91, 27.797, 27.885, 27.926, 28.044, 28.268, 28.377, 28.428, 28.339, 28.138, 28.062, 28.103, 28.088, 27.965, 27.859, 27.816, 27.874, 27.905, 28.037, 27.78, 27.461, 27.6, 27.836, 27.938, 27.785, 27.935, 28.038, 27.905, 27.808, 27.766, 27.477], [16.676, 16.575, 16.256, 14.996, 14.396, 14.151, 13.252, 11.397, 10.093, 8.944, 8.026, 6.228, 3.512, 0.0, 3.757, 6.634, 7.918, 8.983, 10.893, 11.605, 11.674, 11.918, 12.09, 12.373, 13.139, 13.682, 14.483, 15.534, 16.289, 16.491, 17.086, 19.292, 21.548, 22.692, 23.548, 24.002, 24.043, 23.851, 23.575, 23.58, 24.215, 25.125, 25.684, 26.215, 26.621, 26.728, 26.845, 26.837, 26.735, 26.792, 27.016, 27.231, 27.46, 27.51, 27.509, 27.497, 27.411, 27.524, 27.576, 27.699, 27.92, 27.992, 27.995, 27.88, 27.688, 27.612, 27.658, 27.647, 27.539, 27.457, 27.401, 27.427, 27.416, 27.554, 27.313, 27.006, 27.143, 27.375, 27.5, 27.341, 27.474, 27.561, 27.41, 27.315, 27.247, 26.962], [16.425, 16.291, 16.041, 15.121, 14.769, 14.571, 13.82, 12.252, 11.074, 9.882, 9.049, 7.585, 6.031, 3.757, 0.0, 4.038, 5.965, 6.975, 9.106, 10.02, 10.126, 10.439, 10.675, 10.857, 11.502, 12.024, 13.015, 14.343, 15.348, 15.672, 16.37, 18.958, 21.519, 22.785, 23.702, 24.185, 24.232, 23.993, 23.648, 23.658, 24.305, 25.229, 25.813, 26.369, 26.789, 26.89, 26.991, 26.999, 26.986, 27.1, 27.332, 27.552, 27.769, 27.803, 27.797, 27.778, 27.702, 27.831, 27.884, 28.003, 28.236, 28.341, 28.355, 28.229, 28.036, 27.965, 28.03, 28.017, 27.911, 27.825, 27.766, 27.773, 27.711, 27.802, 27.551, 27.234, 27.372, 27.587, 27.673, 27.534, 27.699, 27.809, 27.684, 27.587, 27.505, 27.201], [15.983, 15.914, 15.773, 15.361, 15.488, 15.399, 14.726, 13.459, 12.187, 10.714, 9.958, 8.716, 7.924, 6.634, 4.038, 0.0, 3.421, 4.664, 6.403, 7.542, 7.699, 8.121, 8.521, 8.796, 9.381, 9.862, 11.008, 12.584, 13.822, 14.282, 15.182, 18.18, 21.005, 22.368, 23.355, 23.883, 23.914, 23.585, 23.14, 23.15, 23.886, 24.905, 25.568, 26.224, 26.71, 26.808, 26.887, 26.892, 26.927, 27.13, 27.402, 27.648, 27.889, 27.921, 27.907, 27.868, 27.775, 27.893, 27.937, 28.055, 28.31, 28.475, 28.508, 28.383, 28.205, 28.124, 28.187, 28.17, 28.035, 27.911, 27.862, 27.895, 27.864, 27.991, 27.733, 27.386, 27.526, 27.741, 27.795, 27.664, 27.829, 27.921, 27.808, 27.725, 27.655, 27.352], [15.751, 15.718, 15.559, 15.171, 15.352, 15.247, 14.573, 13.487, 12.538, 11.462, 11.028, 9.751, 9.066, 7.918, 5.965, 3.421, 0.0, 2.532, 4.808, 5.872, 6.075, 6.474, 6.871, 7.056, 7.728, 8.5, 9.745, 11.305, 12.567, 13.072, 13.892, 16.815, 19.613, 20.958, 21.963, 22.515, 22.57, 22.29, 21.901, 21.91, 22.678, 23.81, 24.545, 25.238, 25.75, 25.872, 25.951, 25.969, 26.012, 26.213, 26.51, 26.773, 27.023, 27.075, 27.043, 26.968, 26.867, 26.998, 27.036, 27.156, 27.427, 27.589, 27.589, 27.438, 27.277, 27.192, 27.222, 27.199, 27.055, 26.936, 26.904, 26.955, 26.908, 27.052, 26.783, 26.416, 26.572, 26.809, 26.885, 26.741, 26.889, 26.98, 26.87, 26.801, 26.728, 26.434], [15.945, 15.928, 15.831, 15.535, 15.691, 15.534, 14.906, 13.857, 12.857, 11.798, 11.453, 10.343, 9.915, 8.983, 6.975, 4.664, 2.532, 0.0, 3.43, 5.101, 5.279, 5.777, 6.276, 6.502, 7.208, 7.987, 9.239, 10.844, 12.203, 12.756, 13.673, 16.776, 19.679, 21.057, 22.089, 22.655, 22.698, 22.395, 22.009, 22.025, 22.837, 24.009, 24.735, 25.431, 25.946, 26.059, 26.13, 26.146, 26.221, 26.442, 26.736, 27.0, 27.232, 27.276, 27.24, 27.158, 27.053, 27.185, 27.215, 27.331, 27.61, 27.776, 27.772, 27.622, 27.456, 27.367, 27.397, 27.371, 27.231, 27.11, 27.073, 27.11, 27.011, 27.087, 26.799, 26.415, 26.574, 26.807, 26.841, 26.712, 26.885, 26.999, 26.91, 26.827, 26.743, 26.448], [16.24, 16.285, 16.261, 16.205, 16.653, 16.595, 16.039, 15.173, 14.192, 13.067, 12.75, 11.77, 11.537, 10.893, 9.106, 6.403, 4.808, 3.43, 0.0, 2.711, 3.105, 3.738, 4.58, 5.099, 5.884, 6.798, 8.181, 9.935, 11.508, 12.172, 13.15, 16.482, 19.58, 21.042, 22.113, 22.697, 22.729, 22.369, 21.948, 21.978, 22.841, 24.048, 24.809, 25.563, 26.109, 26.215, 26.281, 26.297, 26.399, 26.674, 26.992, 27.268, 27.518, 27.564, 27.521, 27.45, 27.356, 27.483, 27.511, 27.625, 27.896, 28.086, 28.108, 27.972, 27.802, 27.704, 27.739, 27.712, 27.554, 27.405, 27.365, 27.417, 27.343, 27.429, 27.153, 26.756, 26.917, 27.16, 27.167, 27.054, 27.242, 27.357, 27.277, 27.191, 27.117, 26.827], [16.276, 16.357, 16.29, 16.206, 16.738, 16.75, 16.219, 15.561, 14.857, 13.939, 13.676, 12.689, 12.282, 11.605, 10.02, 7.542, 5.872, 5.101, 2.711, 0.0, 1.221, 2.227, 3.254, 3.939, 4.918, 6.133, 7.772, 9.57, 11.144, 11.773, 12.537, 15.737, 18.832, 20.309, 21.368, 21.947, 22.007, 21.707, 21.334, 21.373, 22.198, 23.399, 24.199, 24.966, 25.508, 25.615, 25.699, 25.715, 25.816, 26.094, 26.433, 26.725, 27.004, 27.089, 27.045, 26.972, 26.891, 27.021, 27.05, 27.168, 27.441, 27.622, 27.635, 27.492, 27.324, 27.229, 27.255, 27.223, 27.066, 26.93, 26.903, 26.982, 26.937, 27.066, 26.809, 26.421, 26.589, 26.855, 26.904, 26.789, 26.955, 27.052, 26.952, 26.87, 26.79, 26.515], [16.265, 16.36, 16.275, 16.155, 16.665, 16.694, 16.182, 15.566, 14.903, 13.994, 13.735, 12.772, 12.353, 11.674, 10.126, 7.699, 6.075, 5.279, 3.105, 1.221, 0.0, 1.753, 2.963, 3.741, 4.818, 6.117, 7.796, 9.583, 11.122, 11.742, 12.502, 15.651, 18.727, 20.204, 21.265, 21.84, 21.901, 21.626, 21.287, 21.324, 22.122, 23.302, 24.1, 24.876, 25.42, 25.518, 25.604, 25.62, 25.718, 25.995, 26.337, 26.636, 26.917, 27.013, 26.98, 26.908, 26.824, 26.954, 26.983, 27.104, 27.38, 27.554, 27.55, 27.404, 27.24, 27.144, 27.166, 27.136, 26.978, 26.842, 26.813, 26.885, 26.837, 26.968, 26.708, 26.319, 26.489, 26.752, 26.805, 26.695, 26.86, 26.955, 26.855, 26.774, 26.692, 26.423], [16.273, 16.368, 16.259, 16.151, 16.716, 16.767, 16.255, 15.636, 15.039, 14.238, 14.023, 13.054, 12.61, 11.918, 10.439, 8.121, 6.474, 5.777, 3.738, 2.227, 1.753, 0.0, 1.7, 2.814, 4.168, 5.743, 7.507, 9.287, 10.802, 11.443, 12.18, 15.279, 18.301, 19.742, 20.782, 21.346, 21.404, 21.139, 20.825, 20.86, 21.627, 22.812, 23.641, 24.443, 24.993, 25.089, 25.178, 25.202, 25.299, 25.585, 25.949, 26.254, 26.562, 26.664, 26.632, 26.553, 26.457, 26.585, 26.612, 26.738, 27.027, 27.196, 27.184, 27.036, 26.876, 26.784, 26.806, 26.776, 26.613, 26.476, 26.448, 26.521, 26.503, 26.671, 26.427, 26.054, 26.228, 26.503, 26.58, 26.455, 26.6, 26.686, 26.582, 26.508, 26.435, 26.183], [16.296, 16.395, 16.264, 16.118, 16.658, 16.705, 16.184, 15.573, 15.054, 14.344, 14.153, 13.185, 12.764, 12.09, 10.675, 8.521, 6.871, 6.276, 4.58, 3.254, 2.963, 1.7, 0.0, 1.817, 3.667, 5.383, 7.302, 9.172, 10.673, 11.312, 11.982, 14.958, 17.942, 19.385, 20.413, 20.963, 21.025, 20.792, 20.515, 20.545, 21.295, 22.493, 23.339, 24.129, 24.669, 24.76, 24.845, 24.861, 24.944, 25.222, 25.593, 25.898, 26.219, 26.338, 26.306, 26.224, 26.132, 26.269, 26.295, 26.425, 26.719, 26.874, 26.855, 26.707, 26.553, 26.475, 26.496, 26.465, 26.315, 26.201, 26.182, 26.256, 26.244, 26.424, 26.184, 25.822, 26.001, 26.284, 26.39, 26.255, 26.382, 26.466, 26.355, 26.281, 26.209, 25.959], [16.393, 16.494, 16.361, 16.252, 16.806, 16.854, 16.354, 15.79, 15.409, 14.839, 14.635, 13.642, 13.208, 12.373, 10.857, 8.796, 7.056, 6.502, 5.099, 3.939, 3.741, 2.814, 1.817, 0.0, 2.476, 4.734, 6.912, 8.926, 10.488, 11.168, 11.751, 14.701, 17.713, 19.165, 20.191, 20.743, 20.825, 20.615, 20.328, 20.355, 21.099, 22.299, 23.147, 23.917, 24.438, 24.54, 24.625, 24.647, 24.742, 25.012, 25.381, 25.683, 26.006, 26.135, 26.104, 26.023, 25.946, 26.104, 26.137, 26.265, 26.552, 26.688, 26.646, 26.483, 26.335, 26.258, 26.271, 26.241, 26.105, 26.012, 25.991, 26.058, 26.025, 26.198, 25.949, 25.584, 25.762, 26.041, 26.157, 26.023, 26.147, 26.227, 26.105, 26.03, 25.94, 25.671], [16.576, 16.698, 16.626, 16.689, 17.352, 17.464, 17.041, 16.563, 16.204, 15.64, 15.423, 14.441, 14.033, 13.139, 11.502, 9.381, 7.728, 7.208, 5.884, 4.918, 4.818, 4.168, 3.667, 2.476, 0.0, 3.168, 6.036, 8.408, 10.118, 10.886, 11.592, 14.787, 17.904, 19.355, 20.352, 20.9, 20.993, 20.765, 20.43, 20.46, 21.197, 22.37, 23.22, 23.993, 24.49, 24.583, 24.663, 24.69, 24.805, 25.086, 25.462, 25.76, 26.074, 26.191, 26.156, 26.072, 26.0, 26.166, 26.204, 26.326, 26.597, 26.726, 26.676, 26.512, 26.364, 26.275, 26.296, 26.268, 26.14, 26.049, 26.019, 26.084, 26.032, 26.185, 25.93, 25.547, 25.725, 26.011, 26.125, 26.016, 26.169, 26.256, 26.135, 26.052, 25.95, 25.663], [16.956, 17.083, 17.07, 17.27, 17.983, 18.102, 17.702, 17.214, 16.675, 15.899, 15.63, 14.768, 14.492, 13.682, 12.024, 9.862, 8.5, 7.987, 6.798, 6.133, 6.117, 5.743, 5.383, 4.734, 3.168, 0.0, 3.865, 7.123, 9.215, 10.121, 11.212, 14.931, 18.254, 19.747, 20.749, 21.305, 21.394, 21.114, 20.726, 20.795, 21.621, 22.825, 23.684, 24.475, 24.972, 25.036, 25.107, 25.122, 25.229, 25.52, 25.893, 26.198, 26.513, 26.621, 26.575, 26.482, 26.405, 26.568, 26.602, 26.734, 27.019, 27.178, 27.165, 27.018, 26.866, 26.773, 26.808, 26.784, 26.652, 26.548, 26.518, 26.592, 26.543, 26.67, 26.406, 26.005, 26.179, 26.474, 26.583, 26.498, 26.681, 26.783, 26.656, 26.561, 26.463, 26.16], [17.506, 17.593, 17.623, 17.919, 18.613, 18.677, 18.285, 17.858, 17.219, 16.348, 16.087, 15.297, 15.167, 14.483, 13.015, 11.008, 9.745, 9.239, 8.181, 7.772, 7.796, 7.507, 7.302, 6.912, 6.036, 3.865, 0.0, 4.027, 6.819, 8.131, 9.811, 14.205, 17.719, 19.234, 20.268, 20.859, 20.952, 20.613, 20.174, 20.295, 21.311, 22.647, 23.542, 24.397, 24.944, 25.023, 25.095, 25.098, 25.216, 25.538, 25.931, 26.272, 26.63, 26.747, 26.691, 26.584, 26.497, 26.659, 26.69, 26.852, 27.194, 27.378, 27.373, 27.221, 27.06, 26.951, 26.979, 26.951, 26.799, 26.69, 26.656, 26.724, 26.666, 26.771, 26.499, 26.079, 26.246, 26.543, 26.627, 26.547, 26.764, 26.877, 26.747, 26.658, 26.572, 26.23], [17.804, 17.872, 17.928, 18.245, 18.873, 18.909, 18.569, 18.335, 17.908, 17.234, 17.021, 16.23, 16.113, 15.534, 14.343, 12.584, 11.305, 10.844, 9.935, 9.57, 9.583, 9.287, 9.172, 8.926, 8.408, 7.123, 4.027, 0.0, 3.539, 5.622, 7.965, 12.767, 16.327, 17.851, 18.924, 19.551, 19.658, 19.267, 18.764, 18.911, 20.043, 21.472, 22.411, 23.357, 23.978, 24.082, 24.162, 24.167, 24.322, 24.699, 25.13, 25.536, 25.985, 26.137, 26.076, 25.946, 25.839, 26.0, 26.027, 26.224, 26.65, 26.87, 26.856, 26.692, 26.529, 26.4, 26.404, 26.367, 26.186, 26.082, 26.065, 26.158, 26.124, 26.261, 25.976, 25.524, 25.707, 26.005, 26.087, 25.997, 26.219, 26.328, 26.183, 26.12, 26.038, 25.665], [18.028, 18.101, 18.129, 18.365, 18.896, 18.916, 18.606, 18.596, 18.479, 18.003, 17.795, 16.979, 16.817, 16.289, 15.348, 13.822, 12.567, 12.203, 11.508, 11.144, 11.122, 10.802, 10.673, 10.488, 10.118, 9.215, 6.819, 3.539, 0.0, 2.914, 6.058, 11.078, 14.671, 16.241, 17.354, 18.015, 18.145, 17.747, 17.257, 17.457, 18.604, 20.058, 21.054, 22.077, 22.749, 22.866, 22.946, 22.945, 23.131, 23.558, 23.997, 24.433, 24.956, 25.149, 25.095, 24.942, 24.815, 24.983, 25.01, 25.234, 25.713, 25.957, 25.954, 25.802, 25.653, 25.52, 25.504, 25.465, 25.271, 25.175, 25.175, 25.306, 25.331, 25.533, 25.247, 24.798, 25.003, 25.311, 25.434, 25.313, 25.49, 25.573, 25.4, 25.357, 25.285, 24.924], [18.166, 18.239, 18.215, 18.34, 18.734, 18.666, 18.329, 18.536, 18.659, 18.253, 18.01, 17.187, 17.028, 16.491, 15.672, 14.282, 13.072, 12.756, 12.172, 11.773, 11.742, 11.443, 11.312, 11.168, 10.886, 10.121, 8.131, 5.622, 2.914, 0.0, 4.194, 9.894, 13.671, 15.324, 16.469, 17.149, 17.308, 16.954, 16.566, 16.889, 18.048, 19.489, 20.513, 21.545, 22.235, 22.37, 22.444, 22.43, 22.627, 23.055, 23.449, 23.848, 24.359, 24.575, 24.539, 24.397, 24.283, 24.46, 24.493, 24.713, 25.175, 25.4, 25.39, 25.262, 25.131, 25.008, 24.996, 24.959, 24.78, 24.698, 24.702, 24.839, 24.867, 25.083, 24.797, 24.349, 24.561, 24.88, 25.029, 24.89, 25.036, 25.09, 24.894, 24.851, 24.786, 24.453], [18.536, 18.626, 18.493, 18.489, 18.759, 18.582, 18.125, 18.64, 19.356, 19.26, 18.956, 18.056, 17.79, 17.086, 16.37, 15.182, 13.892, 13.673, 13.15, 12.537, 12.502, 12.18, 11.982, 11.751, 11.592, 11.212, 9.811, 7.965, 6.058, 4.194, 0.0, 6.491, 10.788, 12.689, 13.926, 14.653, 14.878, 14.651, 14.517, 15.061, 16.267, 17.766, 18.866, 19.953, 20.693, 20.884, 20.984, 20.992, 21.215, 21.678, 22.057, 22.425, 22.956, 23.221, 23.211, 23.082, 22.999, 23.206, 23.257, 23.48, 23.931, 24.1, 24.022, 23.891, 23.826, 23.737, 23.714, 23.683, 23.522, 23.47, 23.483, 23.658, 23.726, 24.034, 23.773, 23.333, 23.56, 23.909, 24.148, 23.949, 23.979, 23.961, 23.714, 23.69, 23.622, 23.359], [19.956, 20.094, 19.824, 19.631, 19.783, 19.593, 19.007, 19.827, 21.344, 21.779, 21.51, 20.505, 20.005, 19.292, 18.958, 18.18, 16.815, 16.776, 16.482, 15.737, 15.651, 15.279, 14.958, 14.701, 14.787, 14.931, 14.205, 12.767, 11.078, 9.894, 6.491, 0.0, 4.968, 7.475, 9.053, 9.986, 10.36, 10.502, 11.035, 11.865, 13.071, 14.645, 15.828, 17.064, 17.915, 18.211, 18.378, 18.408, 18.62, 19.165, 19.597, 19.998, 20.664, 21.061, 21.096, 20.971, 20.91, 21.154, 21.229, 21.483, 21.962, 22.062, 21.881, 21.732, 21.784, 21.748, 21.668, 21.654, 21.494, 21.485, 21.531, 21.802, 22.043, 22.604, 22.399, 22.022, 22.29, 22.663, 23.083, 22.764, 22.576, 22.464, 22.167, 22.203, 22.153, 22.024], [21.362, 21.538, 21.206, 20.902, 21.012, 20.871, 20.258, 21.227, 23.186, 24.015, 23.888, 22.837, 22.196, 21.548, 21.519, 21.005, 19.613, 19.679, 19.58, 18.832, 18.727, 18.301, 17.942, 17.713, 17.904, 18.254, 17.719, 16.327, 14.671, 13.671, 10.788, 4.968, 0.0, 3.057, 5.125, 6.429, 7.043, 7.706, 8.977, 9.936, 11.007, 12.594, 13.734, 15.004, 15.933, 16.324, 16.558, 16.6, 16.749, 17.318, 17.802, 18.244, 19.052, 19.578, 19.652, 19.514, 19.441, 19.693, 19.782, 20.071, 20.609, 20.696, 20.442, 20.281, 20.421, 20.399, 20.271, 20.278, 20.09, 20.1, 20.189, 20.532, 20.914, 21.706, 21.559, 21.248, 21.542, 21.925, 22.462, 22.044, 21.702, 21.515, 21.177, 21.264, 21.231, 21.196], [22.041, 22.234, 21.88, 21.545, 21.656, 21.551, 20.94, 21.962, 24.097, 25.106, 25.076, 24.006, 23.308, 22.692, 22.785, 22.368, 20.958, 21.057, 21.042, 20.309, 20.204, 19.742, 19.385, 19.165, 19.355, 19.747, 19.234, 17.851, 16.241, 15.324, 12.689, 7.475, 3.057, 0.0, 2.546, 4.364, 5.235, 6.299, 8.034, 9.049, 10.098, 11.763, 12.857, 14.076, 15.028, 15.48, 15.756, 15.815, 15.928, 16.462, 16.96, 17.426, 18.32, 18.916, 19.005, 18.847, 18.749, 18.998, 19.096, 19.415, 20.007, 20.108, 19.812, 19.637, 19.811, 19.788, 19.645, 19.671, 19.47, 19.487, 19.602, 19.98, 20.427, 21.342, 21.23, 20.941, 21.239, 21.624, 22.211, 21.739, 21.321, 21.087, 20.716, 20.824, 20.793, 20.787], [22.546, 22.754, 22.369, 22.013, 22.128, 22.063, 21.481, 22.579, 24.84, 25.95, 25.965, 24.9, 24.167, 23.548, 23.702, 23.355, 21.963, 22.089, 22.113, 21.368, 21.265, 20.782, 20.413, 20.191, 20.352, 20.749, 20.268, 18.924, 17.354, 16.469, 13.926, 9.053, 5.125, 2.546, 0.0, 2.276, 3.622, 5.418, 7.661, 8.727, 9.625, 11.251, 12.331, 13.521, 14.475, 14.97, 15.273, 15.339, 15.429, 15.93, 16.422, 16.912, 17.877, 18.528, 18.62, 18.444, 18.332, 18.581, 18.695, 19.033, 19.647, 19.729, 19.39, 19.206, 19.399, 19.382, 19.232, 19.269, 19.088, 19.143, 19.278, 19.684, 20.187, 21.175, 21.079, 20.798, 21.097, 21.487, 22.117, 21.62, 21.149, 20.876, 20.465, 20.588, 20.552, 20.567], [22.752, 22.975, 22.569, 22.179, 22.289, 22.256, 21.7, 22.877, 25.226, 26.393, 26.431, 25.377, 24.623, 24.002, 24.185, 23.883, 22.515, 22.655, 22.697, 21.947, 21.84, 21.346, 20.963, 20.743, 20.9, 21.305, 20.859, 19.551, 18.015, 17.149, 14.653, 9.986, 6.429, 4.364, 2.276, 0.0, 2.033, 4.82, 7.487, 8.535, 9.185, 10.696, 11.783, 13.005, 13.983, 14.497, 14.834, 14.91, 14.984, 15.476, 15.973, 16.488, 17.513, 18.205, 18.299, 18.121, 18.014, 18.274, 18.401, 18.748, 19.375, 19.441, 19.069, 18.886, 19.1, 19.091, 18.938, 18.981, 18.82, 18.925, 19.096, 19.532, 20.07, 21.088, 20.988, 20.702, 21.004, 21.403, 22.061, 21.561, 21.065, 20.77, 20.34, 20.475, 20.432, 20.469], [22.745, 22.976, 22.604, 22.218, 22.323, 22.29, 21.735, 22.879, 25.187, 26.33, 26.359, 25.322, 24.612, 24.043, 24.232, 23.914, 22.57, 22.698, 22.729, 22.007, 21.901, 21.404, 21.025, 20.825, 20.993, 21.394, 20.952, 19.658, 18.145, 17.308, 14.878, 10.36, 7.043, 5.235, 3.622, 2.033, 0.0, 3.389, 6.546, 7.723, 8.522, 10.28, 11.418, 12.736, 13.802, 14.337, 14.678, 14.745, 14.819, 15.333, 15.847, 16.391, 17.463, 18.162, 18.256, 18.064, 17.943, 18.208, 18.34, 18.7, 19.372, 19.496, 19.152, 18.975, 19.188, 19.184, 19.049, 19.094, 18.924, 19.041, 19.259, 19.723, 20.261, 21.258, 21.139, 20.832, 21.129, 21.534, 22.184, 21.691, 21.21, 20.927, 20.518, 20.652, 20.61, 20.646], [22.442, 22.678, 22.394, 22.13, 22.301, 22.247, 21.7, 22.727, 24.863, 25.907, 25.91, 24.903, 24.318, 23.851, 23.993, 23.585, 22.29, 22.395, 22.369, 21.707, 21.626, 21.139, 20.792, 20.615, 20.765, 21.114, 20.613, 19.267, 17.747, 16.954, 14.651, 10.502, 7.706, 6.299, 5.418, 4.82, 3.389, 0.0, 3.725, 5.524, 7.192, 9.645, 10.846, 12.311, 13.558, 14.127, 14.406, 14.448, 14.618, 15.206, 15.739, 16.351, 17.493, 18.154, 18.205, 17.958, 17.806, 18.079, 18.217, 18.605, 19.367, 19.673, 19.455, 19.277, 19.446, 19.424, 19.33, 19.378, 19.171, 19.242, 19.503, 20.046, 20.62, 21.596, 21.455, 21.112, 21.414, 21.82, 22.418, 21.951, 21.54, 21.301, 20.935, 21.065, 21.017, 20.993], [21.94, 22.192, 21.98, 21.859, 22.145, 22.091, 21.563, 22.517, 24.5, 25.467, 25.474, 24.484, 23.978, 23.575, 23.648, 23.14, 21.901, 22.009, 21.948, 21.334, 21.287, 20.825, 20.515, 20.328, 20.43, 20.726, 20.174, 18.764, 17.257, 16.566, 14.517, 11.035, 8.977, 8.034, 7.661, 7.487, 6.546, 3.725, 0.0, 2.975, 6.133, 9.225, 10.443, 11.95, 13.307, 13.886, 14.109, 14.145, 14.438, 15.093, 15.648, 16.334, 17.544, 18.157, 18.15, 17.843, 17.672, 17.946, 18.083, 18.489, 19.316, 19.789, 19.698, 19.517, 19.622, 19.552, 19.475, 19.517, 19.271, 19.283, 19.566, 20.226, 20.919, 21.935, 21.781, 21.423, 21.747, 22.159, 22.711, 22.261, 21.909, 21.706, 21.371, 21.504, 21.424, 21.309], [21.728, 21.996, 21.789, 21.672, 21.977, 21.964, 21.458, 22.41, 24.433, 25.464, 25.533, 24.526, 23.978, 23.58, 23.658, 23.15, 21.91, 22.025, 21.978, 21.373, 21.324, 20.86, 20.545, 20.355, 20.46, 20.795, 20.295, 18.911, 17.457, 16.889, 15.061, 11.865, 9.936, 9.049, 8.727, 8.535, 7.723, 5.524, 2.975, 0.0, 4.397, 8.28, 9.559, 11.11, 12.532, 13.116, 13.348, 13.388, 13.685, 14.34, 14.948, 15.764, 17.1, 17.73, 17.701, 17.35, 17.152, 17.431, 17.57, 17.996, 18.872, 19.394, 19.334, 19.158, 19.246, 19.139, 19.037, 19.066, 18.795, 18.797, 19.112, 19.85, 20.668, 21.784, 21.632, 21.277, 21.626, 22.037, 22.599, 22.128, 21.763, 21.56, 21.22, 21.357, 21.244, 21.098], [22.047, 22.328, 22.082, 21.917, 22.207, 22.261, 21.833, 22.882, 25.055, 26.209, 26.33, 25.326, 24.69, 24.215, 24.305, 23.886, 22.678, 22.837, 22.841, 22.198, 22.122, 21.627, 21.295, 21.099, 21.197, 21.621, 21.311, 20.043, 18.604, 18.048, 16.267, 13.071, 11.007, 10.098, 9.625, 9.185, 8.522, 7.192, 6.133, 4.397, 0.0, 4.709, 6.477, 8.307, 9.968, 10.572, 10.886, 11.038, 11.422, 12.195, 12.921, 13.898, 15.47, 16.172, 16.143, 15.837, 15.669, 15.984, 16.18, 16.656, 17.612, 18.192, 18.129, 17.978, 18.1, 17.974, 17.858, 17.904, 17.673, 17.746, 18.121, 18.985, 19.957, 21.197, 21.126, 20.852, 21.232, 21.655, 22.287, 21.804, 21.386, 21.148, 20.775, 20.916, 20.794, 20.698], [22.663, 22.936, 22.659, 22.491, 22.786, 22.892, 22.552, 23.73, 25.997, 27.183, 27.302, 26.326, 25.642, 25.125, 25.229, 24.905, 23.81, 24.009, 24.048, 23.399, 23.302, 22.812, 22.493, 22.299, 22.37, 22.825, 22.647, 21.472, 20.058, 19.489, 17.766, 14.645, 12.594, 11.763, 11.251, 10.696, 10.28, 9.645, 9.225, 8.28, 4.709, 0.0, 2.833, 5.335, 7.205, 7.827, 8.301, 8.608, 9.148, 10.337, 11.265, 12.259, 13.979, 14.698, 14.729, 14.627, 14.604, 14.945, 15.175, 15.645, 16.591, 17.223, 17.217, 17.14, 17.299, 17.171, 17.092, 17.174, 17.02, 17.165, 17.556, 18.496, 19.575, 20.861, 20.889, 20.762, 21.167, 21.605, 22.286, 21.844, 21.404, 21.133, 20.751, 20.892, 20.799, 20.763], [22.996, 23.256, 22.971, 22.792, 23.069, 23.192, 22.881, 24.104, 26.442, 27.672, 27.81, 26.855, 26.18, 25.684, 25.813, 25.568, 24.545, 24.735, 24.809, 24.199, 24.1, 23.641, 23.339, 23.147, 23.22, 23.684, 23.542, 22.411, 21.054, 20.513, 18.866, 15.828, 13.734, 12.857, 12.331, 11.783, 11.418, 10.846, 10.443, 9.559, 6.477, 2.833, 0.0, 3.412, 5.682, 6.423, 7.043, 7.397, 7.96, 9.329, 10.438, 11.525, 13.331, 14.063, 14.132, 14.104, 14.145, 14.508, 14.74, 15.174, 16.116, 16.845, 16.916, 16.88, 17.048, 16.921, 16.853, 16.954, 16.807, 16.958, 17.379, 18.358, 19.461, 20.757, 20.805, 20.715, 21.128, 21.557, 22.23, 21.811, 21.389, 21.123, 20.764, 20.914, 20.82, 20.783], [23.209, 23.458, 23.15, 22.959, 23.234, 23.376, 23.104, 24.374, 26.785, 28.131, 28.336, 27.385, 26.717, 26.215, 26.369, 26.224, 25.238, 25.431, 25.563, 24.966, 24.876, 24.443, 24.129, 23.917, 23.993, 24.475, 24.397, 23.357, 22.077, 21.545, 19.953, 17.064, 15.004, 14.076, 13.521, 13.005, 12.736, 12.311, 11.95, 11.11, 8.307, 5.335, 3.412, 0.0, 2.948, 4.315, 5.154, 5.723, 6.46, 7.867, 9.003, 10.132, 11.95, 12.684, 12.793, 12.842, 12.973, 13.393, 13.644, 14.046, 14.978, 15.777, 15.885, 15.86, 16.049, 15.934, 15.878, 15.995, 15.899, 16.106, 16.589, 17.654, 18.798, 20.117, 20.245, 20.278, 20.706, 21.149, 21.86, 21.423, 20.976, 20.717, 20.389, 20.542, 20.428, 20.393], [23.474, 23.707, 23.387, 23.215, 23.503, 23.663, 23.417, 24.704, 27.145, 28.532, 28.768, 27.826, 27.138, 26.621, 26.789, 26.71, 25.75, 25.946, 26.109, 25.508, 25.42, 24.993, 24.669, 24.438, 24.49, 24.972, 24.944, 23.978, 22.749, 22.235, 20.693, 17.915, 15.933, 15.028, 14.475, 13.983, 13.802, 13.558, 13.307, 12.532, 9.968, 7.205, 5.682, 2.948, 0.0, 2.466, 3.796, 4.472, 5.553, 7.276, 8.483, 9.555, 11.308, 12.011, 12.16, 12.267, 12.439, 12.859, 13.109, 13.487, 14.369, 15.126, 15.262, 15.278, 15.472, 15.37, 15.322, 15.439, 15.39, 15.628, 16.116, 17.221, 18.418, 19.785, 19.977, 20.118, 20.554, 21.013, 21.804, 21.362, 20.867, 20.589, 20.261, 20.409, 20.288, 20.29], [23.458, 23.688, 23.376, 23.23, 23.54, 23.714, 23.482, 24.745, 27.152, 28.514, 28.758, 27.882, 27.234, 26.728, 26.89, 26.808, 25.872, 26.059, 26.215, 25.615, 25.518, 25.089, 24.76, 24.54, 24.583, 25.036, 25.023, 24.082, 22.866, 22.37, 20.884, 18.211, 16.324, 15.48, 14.97, 14.497, 14.337, 14.127, 13.886, 13.116, 10.572, 7.827, 6.423, 4.315, 2.466, 0.0, 2.034, 3.191, 4.625, 6.789, 8.106, 9.264, 11.112, 11.82, 11.983, 12.074, 12.219, 12.599, 12.837, 13.227, 14.154, 14.984, 15.2, 15.268, 15.449, 15.35, 15.318, 15.433, 15.394, 15.634, 16.132, 17.24, 18.496, 19.922, 20.142, 20.291, 20.723, 21.173, 21.976, 21.555, 21.06, 20.788, 20.478, 20.625, 20.49, 20.486], [23.467, 23.695, 23.389, 23.273, 23.6, 23.772, 23.562, 24.809, 27.162, 28.495, 28.743, 27.917, 27.337, 26.845, 26.991, 26.887, 25.951, 26.13, 26.281, 25.699, 25.604, 25.178, 24.845, 24.625, 24.663, 25.107, 25.095, 24.162, 22.946, 22.444, 20.984, 18.378, 16.558, 15.756, 15.273, 14.834, 14.678, 14.406, 14.109, 13.348, 10.886, 8.301, 7.043, 5.154, 3.796, 2.034, 0.0, 2.096, 4.233, 6.682, 7.949, 9.166, 11.128, 11.83, 11.997, 12.034, 12.138, 12.518, 12.758, 13.146, 14.075, 14.965, 15.24, 15.31, 15.491, 15.382, 15.353, 15.464, 15.417, 15.653, 16.167, 17.296, 18.573, 20.013, 20.218, 20.347, 20.774, 21.218, 22.015, 21.597, 21.124, 20.876, 20.581, 20.728, 20.591, 20.57], [23.479, 23.712, 23.411, 23.298, 23.627, 23.799, 23.593, 24.826, 27.143, 28.444, 28.679, 27.855, 27.292, 26.837, 26.999, 26.892, 25.969, 26.146, 26.297, 25.715, 25.62, 25.202, 24.861, 24.647, 24.69, 25.122, 25.098, 24.167, 22.945, 22.43, 20.992, 18.408, 16.6, 15.815, 15.339, 14.91, 14.745, 14.448, 14.145, 13.388, 11.038, 8.608, 7.397, 5.723, 4.472, 3.191, 2.096, 0.0, 3.244, 6.343, 7.681, 9.037, 11.151, 11.874, 12.034, 12.072, 12.189, 12.573, 12.802, 13.194, 14.129, 15.044, 15.348, 15.423, 15.592, 15.491, 15.461, 15.566, 15.523, 15.751, 16.267, 17.421, 18.695, 20.111, 20.258, 20.352, 20.787, 21.226, 22.024, 21.621, 21.164, 20.936, 20.653, 20.795, 20.67, 20.648], [23.479, 23.704, 23.391, 23.219, 23.529, 23.711, 23.51, 24.748, 27.081, 28.386, 28.603, 27.765, 27.168, 26.735, 26.986, 26.927, 26.012, 26.221, 26.399, 25.816, 25.718, 25.299, 24.944, 24.742, 24.805, 25.229, 25.216, 24.322, 23.131, 22.627, 21.215, 18.62, 16.749, 15.928, 15.429, 14.984, 14.819, 14.618, 14.438, 13.685, 11.422, 9.148, 7.96, 6.46, 5.553, 4.625, 4.233, 3.244, 0.0, 4.087, 6.009, 7.53, 9.898, 10.724, 10.917, 11.067, 11.286, 11.692, 11.913, 12.335, 13.36, 14.35, 14.694, 14.827, 15.042, 14.974, 14.96, 15.083, 15.057, 15.316, 15.892, 17.074, 18.387, 19.836, 20.004, 20.139, 20.561, 20.988, 21.789, 21.388, 20.924, 20.69, 20.418, 20.576, 20.47, 20.477], [23.524, 23.739, 23.4, 23.14, 23.408, 23.619, 23.466, 24.762, 27.158, 28.512, 28.755, 27.883, 27.231, 26.792, 27.1, 27.13, 26.213, 26.442, 26.674, 26.094, 25.995, 25.585, 25.222, 25.012, 25.086, 25.52, 25.538, 24.699, 23.558, 23.055, 21.678, 19.165, 17.318, 16.462, 15.93, 15.476, 15.333, 15.206, 15.093, 14.34, 12.195, 10.337, 9.329, 7.867, 7.276, 6.789, 6.682, 6.343, 4.087, 0.0, 3.0, 5.327, 7.964, 9.011, 9.195, 9.404, 9.747, 10.212, 10.5, 10.965, 12.076, 13.252, 13.697, 13.884, 14.163, 14.154, 14.153, 14.299, 14.335, 14.664, 15.308, 16.516, 17.85, 19.348, 19.56, 19.761, 20.175, 20.591, 21.418, 21.017, 20.578, 20.368, 20.093, 20.282, 20.174, 20.205], [23.682, 23.891, 23.541, 23.257, 23.497, 23.705, 23.578, 24.915, 27.341, 28.713, 28.975, 28.113, 27.46, 27.016, 27.332, 27.402, 26.51, 26.736, 26.992, 26.433, 26.337, 25.949, 25.593, 25.381, 25.462, 25.893, 25.931, 25.13, 23.997, 23.449, 22.057, 19.597, 17.802, 16.96, 16.422, 15.973, 15.847, 15.739, 15.648, 14.948, 12.921, 11.265, 10.438, 9.003, 8.483, 8.106, 7.949, 7.681, 6.009, 3.0, 0.0, 3.412, 6.483, 7.686, 7.958, 8.296, 8.826, 9.347, 9.706, 10.189, 11.224, 12.434, 12.981, 13.265, 13.599, 13.646, 13.704, 13.869, 13.988, 14.388, 15.073, 16.298, 17.602, 19.093, 19.345, 19.61, 20.036, 20.45, 21.297, 20.891, 20.443, 20.241, 19.969, 20.165, 20.068, 20.119], [23.877, 24.072, 23.721, 23.436, 23.65, 23.824, 23.71, 25.105, 27.55, 28.911, 29.176, 28.32, 27.676, 27.231, 27.552, 27.648, 26.773, 27.0, 27.268, 26.725, 26.636, 26.254, 25.898, 25.683, 25.76, 26.198, 26.272, 25.536, 24.433, 23.848, 22.425, 19.998, 18.244, 17.426, 16.912, 16.488, 16.391, 16.351, 16.334, 15.764, 13.898, 12.259, 11.525, 10.132, 9.555, 9.264, 9.166, 9.037, 7.53, 5.327, 3.412, 0.0, 3.751, 5.352, 5.823, 6.57, 7.464, 8.062, 8.418, 8.842, 9.771, 10.945, 11.617, 12.054, 12.464, 12.63, 12.86, 13.071, 13.282, 13.752, 14.461, 15.711, 17.014, 18.485, 18.833, 19.254, 19.693, 20.148, 21.039, 20.632, 20.171, 19.959, 19.708, 19.896, 19.846, 20.029], [24.167, 24.329, 23.981, 23.695, 23.864, 24.002, 23.923, 25.364, 27.779, 29.098, 29.367, 28.525, 27.9, 27.46, 27.769, 27.889, 27.023, 27.232, 27.518, 27.004, 26.917, 26.562, 26.219, 26.006, 26.074, 26.513, 26.63, 25.985, 24.956, 24.359, 22.956, 20.664, 19.052, 18.32, 17.877, 17.513, 17.463, 17.493, 17.544, 17.1, 15.47, 13.979, 13.331, 11.95, 11.308, 11.112, 11.128, 11.151, 9.898, 7.964, 6.483, 3.751, 0.0, 2.433, 3.465, 4.833, 6.269, 6.901, 7.198, 7.485, 8.246, 9.428, 10.288, 10.899, 11.387, 11.716, 12.118, 12.357, 12.679, 13.218, 13.897, 15.065, 16.321, 17.736, 18.203, 18.821, 19.252, 19.749, 20.682, 20.281, 19.822, 19.648, 19.496, 19.687, 19.675, 20.012], [24.303, 24.451, 24.113, 23.854, 24.034, 24.169, 24.112, 25.497, 27.817, 29.088, 29.362, 28.543, 27.944, 27.51, 27.803, 27.921, 27.075, 27.276, 27.564, 27.089, 27.013, 26.664, 26.338, 26.135, 26.191, 26.621, 26.747, 26.137, 25.149, 24.575, 23.221, 21.061, 19.578, 18.916, 18.528, 18.205, 18.162, 18.154, 18.157, 17.73, 16.172, 14.698, 14.063, 12.684, 12.011, 11.82, 11.83, 11.874, 10.724, 9.011, 7.686, 5.352, 2.433, 0.0, 2.0, 4.16, 5.899, 6.549, 6.788, 6.998, 7.737, 9.078, 10.154, 10.841, 11.318, 11.652, 12.105, 12.36, 12.724, 13.277, 13.943, 15.085, 16.309, 17.668, 18.184, 18.88, 19.302, 19.803, 20.714, 20.325, 19.892, 19.769, 19.687, 19.872, 19.871, 20.221], [24.247, 24.4, 24.066, 23.815, 24.013, 24.164, 24.126, 25.49, 27.776, 29.055, 29.344, 28.523, 27.934, 27.509, 27.797, 27.907, 27.043, 27.24, 27.521, 27.045, 26.98, 26.632, 26.306, 26.104, 26.156, 26.575, 26.691, 26.076, 25.095, 24.539, 23.211, 21.096, 19.652, 19.005, 18.62, 18.299, 18.256, 18.205, 18.15, 17.701, 16.143, 14.729, 14.132, 12.793, 12.16, 11.983, 11.997, 12.034, 10.917, 9.195, 7.958, 5.823, 3.465, 2.0, 0.0, 2.824, 4.978, 5.77, 6.056, 6.295, 7.171, 8.762, 9.974, 10.631, 11.055, 11.363, 11.818, 12.081, 12.472, 13.044, 13.749, 14.975, 16.222, 17.588, 18.086, 18.757, 19.189, 19.686, 20.582, 20.214, 19.842, 19.782, 19.727, 19.915, 19.909, 20.259], [24.134, 24.299, 23.965, 23.723, 23.936, 24.087, 24.046, 25.392, 27.678, 28.995, 29.307, 28.48, 27.91, 27.497, 27.778, 27.868, 26.968, 27.158, 27.45, 26.972, 26.908, 26.553, 26.224, 26.023, 26.072, 26.482, 26.584, 25.946, 24.942, 24.397, 23.082, 20.971, 19.514, 18.847, 18.444, 18.121, 18.064, 17.958, 17.843, 17.35, 15.837, 14.627, 14.104, 12.842, 12.267, 12.074, 12.034, 12.072, 11.067, 9.404, 8.296, 6.57, 4.833, 4.16, 2.824, 0.0, 2.616, 3.801, 4.265, 4.723, 6.063, 8.097, 9.471, 10.098, 10.523, 10.783, 11.214, 11.484, 11.8, 12.337, 13.096, 14.413, 15.795, 17.3, 17.764, 18.378, 18.827, 19.328, 20.249, 19.868, 19.514, 19.489, 19.442, 19.643, 19.633, 20.016], [24.042, 24.217, 23.888, 23.654, 23.88, 24.029, 23.968, 25.276, 27.541, 28.869, 29.196, 28.362, 27.797, 27.411, 27.702, 27.775, 26.867, 27.053, 27.356, 26.891, 26.824, 26.457, 26.132, 25.946, 26.0, 26.405, 26.497, 25.839, 24.815, 24.283, 22.999, 20.91, 19.441, 18.749, 18.332, 18.014, 17.943, 17.806, 17.672, 17.152, 15.669, 14.604, 14.145, 12.973, 12.439, 12.219, 12.138, 12.189, 11.286, 9.747, 8.826, 7.464, 6.269, 5.899, 4.978, 2.616, 0.0, 1.794, 2.649, 3.446, 5.383, 7.8, 9.226, 9.813, 10.26, 10.474, 10.856, 11.139, 11.361, 11.833, 12.632, 13.979, 15.505, 17.162, 17.612, 18.184, 18.644, 19.145, 20.084, 19.677, 19.337, 19.33, 19.274, 19.484, 19.475, 19.884], [24.179, 24.349, 24.031, 23.811, 24.043, 24.198, 24.142, 25.437, 27.658, 28.959, 29.281, 28.453, 27.885, 27.524, 27.831, 27.893, 26.998, 27.185, 27.483, 27.021, 26.954, 26.585, 26.269, 26.104, 26.166, 26.568, 26.659, 26.0, 24.983, 24.46, 23.206, 21.154, 19.693, 18.998, 18.581, 18.274, 18.208, 18.079, 17.946, 17.431, 15.984, 14.945, 14.508, 13.393, 12.859, 12.599, 12.518, 12.573, 11.692, 10.212, 9.347, 8.062, 6.901, 6.549, 5.77, 3.801, 1.794, 0.0, 1.373, 2.677, 5.02, 7.663, 9.164, 9.793, 10.233, 10.479, 10.872, 11.135, 11.343, 11.801, 12.621, 13.959, 15.535, 17.236, 17.709, 18.299, 18.753, 19.26, 20.209, 19.794, 19.463, 19.47, 19.428, 19.646, 19.65, 20.089], [24.233, 24.396, 24.085, 23.875, 24.106, 24.257, 24.212, 25.512, 27.708, 28.991, 29.312, 28.486, 27.926, 27.576, 27.884, 27.937, 27.036, 27.215, 27.511, 27.05, 26.983, 26.612, 26.295, 26.137, 26.204, 26.602, 26.69, 26.027, 25.01, 24.493, 23.257, 21.229, 19.782, 19.096, 18.695, 18.401, 18.34, 18.217, 18.083, 17.57, 16.18, 15.175, 14.74, 13.644, 13.109, 12.837, 12.758, 12.802, 11.913, 10.5, 9.706, 8.418, 7.198, 6.788, 6.056, 4.265, 2.649, 1.373, 0.0, 1.876, 4.666, 7.431, 8.993, 9.656, 10.089, 10.36, 10.76, 11.013, 11.222, 11.692, 12.528, 13.837, 15.406, 17.106, 17.584, 18.198, 18.652, 19.175, 20.129, 19.715, 19.387, 19.412, 19.403, 19.628, 19.639, 20.099], [24.308, 24.466, 24.153, 23.948, 24.186, 24.345, 24.308, 25.622, 27.817, 29.095, 29.422, 28.596, 28.044, 27.699, 28.003, 28.055, 27.156, 27.331, 27.625, 27.168, 27.104, 26.738, 26.425, 26.265, 26.326, 26.734, 26.852, 26.224, 25.234, 24.713, 23.48, 21.483, 20.071, 19.415, 19.033, 18.748, 18.7, 18.605, 18.489, 17.996, 16.656, 15.645, 15.174, 14.046, 13.487, 13.227, 13.146, 13.194, 12.335, 10.965, 10.189, 8.842, 7.485, 6.998, 6.295, 4.723, 3.446, 2.677, 1.876, 0.0, 3.242, 6.515, 8.375, 9.141, 9.585, 9.874, 10.328, 10.598, 10.874, 11.402, 12.259, 13.592, 15.211, 16.915, 17.41, 18.08,