[[0.0, 2.84, 5.543, 7.606, 8.919, 10.125, 10.661, 10.759, 11.233, 11.867, 12.196, 12.385, 12.909, 13.267, 14.487, 17.845, 20.311, 21.293, 22.232, 22.835, 22.967, 23.536, 23.754, 23.522, 23.416, 23.343, 23.314, 23.18, 23.327, 23.967, 24.099, 24.244, 25.35, 25.456, 25.305, 25.482, 25.743, 25.87, 25.478, 24.97, 24.659, 24.711, 24.585, 23.986, 23.655, 23.58, 23.626, 23.53, 23.165, 22.368, 21.728, 21.483, 21.146, 20.898, 20.9, 20.659, 20.18, 20.43, 21.107, 20.901, 20.295, 20.055, 20.056, 20.204, 20.244, 20.529, 21.262, 21.587, 21.702, 21.875, 21.888, 22.264, 22.625, 23.414, 23.865, 23.853, 24.122, 23.978, 23.792, 23.68, 23.335, 23.175, 23.424, 23.4, 23.399, 23.43], [2.84, 0.0, 3.391, 5.892, 7.561, 9.02, 9.643, 9.763, 10.278, 10.944, 11.254, 11.455, 12.021, 12.403, 13.794, 17.334, 19.849, 20.871, 21.865, 22.512, 22.649, 23.225, 23.453, 23.209, 23.07, 22.983, 22.953, 22.833, 23.016, 23.682, 23.844, 23.983, 25.065, 25.161, 25.0, 25.199, 25.505, 25.663, 25.298, 24.788, 24.461, 24.514, 24.389, 23.803, 23.454, 23.377, 23.423, 23.328, 22.954, 22.131, 21.482, 21.218, 20.852, 20.572, 20.56, 20.315, 19.824, 20.084, 20.758, 20.532, 19.938, 19.71, 19.71, 19.866, 19.932, 20.275, 21.042, 21.362, 21.477, 21.674, 21.693, 22.105, 22.493, 23.26, 23.706, 23.677, 23.929, 23.777, 23.626, 23.522, 23.175, 23.014, 23.297, 23.289, 23.283, 23.346], [5.543, 3.391, 0.0, 3.159, 5.701, 7.469, 8.201, 8.414, 8.955, 9.715, 9.978, 10.167, 10.873, 11.285, 12.68, 16.309, 18.871, 19.933, 20.985, 21.668, 21.81, 22.424, 22.662, 22.409, 22.229, 22.127, 22.095, 21.946, 22.142, 22.837, 23.05, 23.19, 24.251, 24.336, 24.122, 24.339, 24.774, 25.027, 24.672, 24.156, 23.814, 23.868, 23.747, 23.129, 22.719, 22.643, 22.689, 22.581, 22.178, 21.314, 20.657, 20.388, 20.058, 19.773, 19.74, 19.492, 18.991, 19.267, 19.945, 19.67, 19.079, 18.883, 18.901, 19.067, 19.136, 19.535, 20.371, 20.69, 20.807, 21.055, 21.107, 21.58, 22.033, 22.791, 23.242, 23.208, 23.465, 23.332, 23.247, 23.157, 22.797, 22.631, 22.964, 23.002, 23.001, 23.076], [7.606, 5.892, 3.159, 0.0, 3.473, 5.944, 6.973, 7.454, 7.967, 8.707, 8.991, 9.238, 10.053, 10.508, 11.951, 15.679, 18.319, 19.411, 20.467, 21.163, 21.37, 22.047, 22.306, 22.059, 21.854, 21.756, 21.726, 21.534, 21.72, 22.441, 22.693, 22.83, 23.848, 23.926, 23.701, 23.917, 24.403, 24.735, 24.425, 23.918, 23.577, 23.649, 23.548, 22.941, 22.515, 22.427, 22.47, 22.358, 21.96, 21.107, 20.458, 20.177, 19.884, 19.605, 19.553, 19.34, 18.853, 19.107, 19.835, 19.58, 18.94, 18.722, 18.763, 18.945, 19.01, 19.441, 20.372, 20.729, 20.816, 21.043, 21.083, 21.533, 21.956, 22.66, 23.097, 23.06, 23.324, 23.203, 23.177, 23.098, 22.736, 22.57, 22.893, 22.94, 22.945, 23.007], [8.919, 7.561, 5.701, 3.473, 0.0, 3.327, 4.928, 5.792, 6.424, 7.014, 7.348, 7.774, 8.745, 9.321, 11.212, 15.266, 18.058, 19.181, 20.173, 20.88, 21.209, 21.939, 22.205, 21.964, 21.768, 21.684, 21.664, 21.531, 21.807, 22.548, 22.81, 22.96, 23.924, 23.984, 23.784, 24.042, 24.517, 24.852, 24.62, 24.156, 23.824, 23.907, 23.836, 23.295, 22.91, 22.812, 22.85, 22.749, 22.36, 21.55, 20.936, 20.651, 20.4, 20.162, 20.105, 19.922, 19.48, 19.705, 20.421, 20.152, 19.474, 19.208, 19.238, 19.434, 19.493, 19.92, 20.901, 21.312, 21.382, 21.573, 21.588, 21.965, 22.31, 22.948, 23.361, 23.319, 23.581, 23.466, 23.445, 23.37, 23.019, 22.851, 23.142, 23.189, 23.205, 23.231], [10.125, 9.02, 7.469, 5.944, 3.327, 0.0, 2.295, 3.797, 4.791, 5.457, 5.832, 6.352, 7.485, 8.225, 10.591, 14.87, 17.733, 18.85, 19.813, 20.559, 20.963, 21.741, 22.005, 21.763, 21.57, 21.479, 21.482, 21.414, 21.742, 22.498, 22.779, 22.945, 23.89, 23.947, 23.737, 24.028, 24.538, 24.871, 24.662, 24.264, 23.964, 24.034, 23.972, 23.464, 23.118, 23.038, 23.083, 22.974, 22.542, 21.708, 21.115, 20.852, 20.626, 20.416, 20.374, 20.197, 19.784, 19.98, 20.577, 20.278, 19.652, 19.398, 19.425, 19.609, 19.651, 20.037, 20.992, 21.414, 21.497, 21.706, 21.731, 22.083, 22.401, 23.02, 23.424, 23.373, 23.627, 23.525, 23.476, 23.38, 23.018, 22.851, 23.136, 23.204, 23.232, 23.236], [10.661, 9.643, 8.201, 6.973, 4.928, 2.295, 0.0, 2.065, 3.558, 4.664, 5.33, 5.938, 7.087, 7.818, 10.391, 14.717, 17.579, 18.692, 19.665, 20.424, 20.824, 21.611, 21.88, 21.643, 21.441, 21.345, 21.354, 21.277, 21.592, 22.358, 22.662, 22.845, 23.786, 23.853, 23.638, 23.958, 24.504, 24.849, 24.639, 24.247, 23.975, 24.043, 23.979, 23.478, 23.153, 23.084, 23.133, 23.013, 22.575, 21.733, 21.138, 20.884, 20.658, 20.465, 20.428, 20.245, 19.845, 20.087, 20.64, 20.306, 19.764, 19.558, 19.577, 19.749, 19.788, 20.162, 21.08, 21.474, 21.555, 21.775, 21.826, 22.203, 22.549, 23.179, 23.581, 23.533, 23.78, 23.678, 23.586, 23.452, 23.065, 22.906, 23.199, 23.274, 23.309, 23.305], [10.759, 9.763, 8.414, 7.454, 5.792, 3.797, 2.065, 0.0, 2.141, 3.893, 4.894, 5.569, 6.688, 7.338, 9.958, 14.262, 17.101, 18.227, 19.232, 20.005, 20.378, 21.147, 21.411, 21.169, 20.956, 20.854, 20.842, 20.744, 21.061, 21.839, 22.155, 22.322, 23.269, 23.356, 23.13, 23.478, 24.077, 24.451, 24.252, 23.841, 23.573, 23.657, 23.593, 23.086, 22.758, 22.691, 22.744, 22.606, 22.133, 21.263, 20.661, 20.399, 20.173, 20.003, 19.969, 19.788, 19.41, 19.728, 20.272, 19.926, 19.488, 19.347, 19.366, 19.542, 19.603, 20.01, 20.885, 21.216, 21.288, 21.529, 21.645, 22.119, 22.567, 23.224, 23.614, 23.561, 23.802, 23.699, 23.574, 23.419, 23.014, 22.862, 23.184, 23.27, 23.302, 23.304], [11.233, 10.278, 8.955, 7.967, 6.424, 4.791, 3.558, 2.141, 0.0, 2.562, 4.168, 4.991, 6.058, 6.555, 9.02, 13.281, 16.171, 17.351, 18.387, 19.191, 19.585, 20.367, 20.644, 20.402, 20.172, 20.071, 20.049, 19.922, 20.241, 21.052, 21.389, 21.523, 22.469, 22.577, 22.343, 22.721, 23.382, 23.789, 23.611, 23.187, 22.916, 23.011, 22.965, 22.479, 22.15, 22.089, 22.152, 21.991, 21.466, 20.573, 19.978, 19.708, 19.495, 19.362, 19.332, 19.174, 18.809, 19.128, 19.68, 19.352, 18.945, 18.841, 18.89, 19.087, 19.171, 19.6, 20.469, 20.763, 20.809, 21.064, 21.252, 21.823, 22.327, 22.983, 23.361, 23.318, 23.577, 23.477, 23.335, 23.171, 22.759, 22.619, 22.965, 23.058, 23.08, 23.087], [11.867, 10.944, 9.715, 8.707, 7.014, 5.457, 4.664, 3.893, 2.562, 0.0, 2.335, 3.818, 5.118, 5.575, 8.338, 12.744, 15.681, 16.878, 17.889, 18.725, 19.182, 20.007, 20.311, 20.084, 19.852, 19.76, 19.774, 19.726, 20.128, 20.971, 21.302, 21.417, 22.344, 22.455, 22.249, 22.65, 23.304, 23.701, 23.562, 23.149, 22.867, 22.953, 22.917, 22.493, 22.193, 22.135, 22.194, 22.052, 21.521, 20.648, 20.097, 19.857, 19.665, 19.566, 19.551, 19.398, 19.014, 19.263, 19.831, 19.518, 19.067, 18.93, 18.986, 19.191, 19.275, 19.7, 20.582, 20.899, 20.936, 21.168, 21.343, 21.891, 22.352, 22.994, 23.369, 23.349, 23.643, 23.554, 23.424, 23.291, 22.918, 22.794, 23.131, 23.222, 23.243, 23.247], [12.196, 11.254, 9.978, 8.991, 7.348, 5.832, 5.33, 4.894, 4.168, 2.335, 0.0, 2.579, 4.511, 5.089, 8.117, 12.671, 15.612, 16.784, 17.797, 18.675, 19.147, 19.976, 20.281, 20.05, 19.825, 19.731, 19.757, 19.778, 20.241, 21.077, 21.404, 21.503, 22.424, 22.535, 22.325, 22.717, 23.367, 23.769, 23.642, 23.25, 22.964, 23.049, 23.01, 22.591, 22.302, 22.256, 22.306, 22.163, 21.611, 20.739, 20.211, 19.992, 19.828, 19.746, 19.738, 19.584, 19.2, 19.416, 19.958, 19.65, 19.189, 19.021, 19.076, 19.284, 19.342, 19.757, 20.642, 20.983, 21.037, 21.27, 21.401, 21.896, 22.33, 22.973, 23.349, 23.325, 23.629, 23.553, 23.451, 23.357, 23.022, 22.906, 23.244, 23.34, 23.367, 23.378], [12.385, 11.455, 10.167, 9.238, 7.774, 6.352, 5.938, 5.569, 4.991, 3.818, 2.579, 0.0, 2.478, 3.923, 7.799, 12.558, 15.482, 16.654, 17.705, 18.581, 19.004, 19.822, 20.145, 19.927, 19.703, 19.604, 19.608, 19.587, 20.018, 20.838, 21.131, 21.167, 22.082, 22.205, 21.961, 22.33, 23.008, 23.435, 23.338, 22.988, 22.711, 22.805, 22.792, 22.383, 22.084, 22.117, 22.218, 22.044, 21.453, 20.575, 20.053, 19.805, 19.526, 19.394, 19.398, 19.226, 18.823, 18.985, 19.502, 19.248, 18.829, 18.707, 18.796, 19.017, 19.102, 19.563, 20.423, 20.713, 20.761, 21.007, 21.137, 21.651, 22.122, 22.754, 23.114, 23.068, 23.359, 23.281, 23.187, 23.091, 22.758, 22.645, 23.005, 23.109, 23.13, 23.157], [12.909, 12.021, 10.873, 10.053, 8.745, 7.485, 7.087, 6.688, 6.058, 5.118, 4.511, 2.478, 0.0, 2.602, 7.287, 12.198, 15.121, 16.289, 17.362, 18.235, 18.638, 19.461, 19.818, 19.617, 19.396, 19.302, 19.298, 19.252, 19.666, 20.491, 20.762, 20.752, 21.66, 21.799, 21.547, 21.912, 22.582, 23.015, 22.972, 22.67, 22.41, 22.518, 22.538, 22.177, 21.885, 21.974, 22.135, 21.959, 21.358, 20.492, 19.988, 19.745, 19.396, 19.219, 19.231, 19.064, 18.645, 18.742, 19.253, 19.08, 18.708, 18.621, 18.728, 18.943, 19.053, 19.545, 20.37, 20.621, 20.652, 20.897, 21.038, 21.582, 22.08, 22.691, 23.037, 22.982, 23.27, 23.187, 23.096, 22.997, 22.664, 22.556, 22.927, 23.029, 23.043, 23.075], [13.267, 12.403, 11.285, 10.508, 9.321, 8.225, 7.818, 7.338, 6.555, 5.575, 5.089, 3.923, 2.602, 0.0, 5.353, 10.717, 13.873, 15.108, 16.201, 17.118, 17.585, 18.486, 18.876, 18.672, 18.434, 18.354, 18.364, 18.326, 18.789, 19.685, 20.008, 20.014, 20.969, 21.111, 20.852, 21.269, 21.996, 22.469, 22.465, 22.135, 21.853, 21.96, 21.982, 21.643, 21.363, 21.439, 21.6, 21.431, 20.814, 19.956, 19.484, 19.296, 19.07, 18.956, 18.95, 18.806, 18.393, 18.508, 19.039, 18.873, 18.549, 18.48, 18.573, 18.78, 18.892, 19.376, 20.185, 20.428, 20.445, 20.705, 20.899, 21.505, 22.032, 22.635, 22.988, 22.951, 23.259, 23.181, 23.076, 22.959, 22.623, 22.527, 22.91, 23.007, 23.015, 23.054], [14.487, 13.794, 12.68, 11.951, 11.212, 10.591, 10.391, 9.958, 9.02, 8.338, 8.117, 7.799, 7.287, 5.353, 0.0, 6.25, 10.191, 11.724, 12.946, 14.028, 14.656, 15.701, 16.153, 15.93, 15.677, 15.627, 15.656, 15.581, 16.059, 17.053, 17.474, 17.52, 18.695, 18.887, 18.608, 19.177, 20.031, 20.571, 20.588, 20.152, 19.786, 19.861, 19.868, 19.55, 19.294, 19.351, 19.493, 19.304, 18.739, 18.049, 17.714, 17.645, 17.738, 17.843, 17.808, 17.707, 17.307, 17.437, 17.933, 17.693, 17.463, 17.474, 17.584, 17.802, 17.954, 18.434, 19.162, 19.362, 19.328, 19.612, 20.005, 20.858, 21.516, 22.113, 22.487, 22.501, 22.85, 22.758, 22.598, 22.404, 22.027, 21.944, 22.361, 22.471, 22.457, 22.492], [17.845, 17.334, 16.309, 15.679, 15.266, 14.87, 14.717, 14.262, 13.281, 12.744, 12.671, 12.558, 12.198, 10.717, 6.25, 0.0, 4.634, 6.73, 8.343, 9.786, 10.681, 11.797, 12.288, 12.125, 11.94, 11.999, 12.069, 12.069, 12.669, 13.603, 14.061, 14.152, 15.537, 15.882, 15.713, 16.6, 17.519, 18.011, 18.068, 17.62, 17.234, 17.192, 17.194, 17.071, 16.961, 17.003, 17.113, 16.93, 16.67, 16.611, 16.718, 16.828, 17.211, 17.592, 17.578, 17.559, 17.245, 17.382, 17.737, 17.361, 17.314, 17.48, 17.626, 17.845, 18.052, 18.491, 18.966, 19.055, 18.922, 19.129, 19.751, 20.883, 21.733, 22.27, 22.594, 22.662, 23.018, 22.903, 22.665, 22.398, 21.991, 21.927, 22.383, 22.538, 22.515, 22.524], [20.311, 19.849, 18.871, 18.319, 18.058, 17.733, 17.579, 17.101, 16.171, 15.681, 15.612, 15.482, 15.121, 13.873, 10.191, 4.634, 0.0, 2.888, 5.449, 7.345, 8.392, 9.52, 10.026, 9.942, 9.869, 10.059, 10.202, 10.399, 11.143, 11.794, 12.147, 12.265, 13.703, 14.209, 14.17, 15.271, 16.212, 16.622, 16.734, 16.422, 16.098, 15.953, 15.948, 16.063, 16.108, 16.166, 16.262, 16.119, 16.092, 16.524, 17.016, 17.292, 17.758, 18.203, 18.223, 18.255, 18.013, 18.13, 18.361, 17.894, 17.951, 18.231, 18.424, 18.646, 18.89, 19.298, 19.586, 19.598, 19.423, 19.567, 20.255, 21.465, 22.388, 22.851, 23.113, 23.186, 23.512, 23.389, 23.118, 22.826, 22.433, 22.387, 22.858, 23.039, 23.022, 23.018], [21.293, 20.871, 19.933, 19.411, 19.181, 18.85, 18.692, 18.227, 17.351, 16.878, 16.784, 16.654, 16.289, 15.108, 11.724, 6.73, 2.888, 0.0, 3.428, 5.889, 7.133, 8.402, 8.975, 8.901, 8.862, 9.103, 9.323, 9.69, 10.525, 10.981, 11.259, 11.462, 13.024, 13.631, 13.643, 14.806, 15.74, 16.089, 16.232, 16.045, 15.791, 15.643, 15.652, 15.858, 15.996, 16.078, 16.173, 16.085, 16.159, 16.763, 17.435, 17.89, 18.435, 18.864, 18.9, 18.951, 18.728, 18.805, 18.998, 18.527, 18.564, 18.851, 19.079, 19.296, 19.532, 19.905, 20.133, 20.129, 19.96, 20.076, 20.734, 21.888, 22.764, 23.178, 23.41, 23.471, 23.772, 23.651, 23.368, 23.072, 22.721, 22.697, 23.151, 23.33, 23.319, 23.303], [22.232, 21.865, 20.985, 20.467, 20.173, 19.813, 19.665, 19.232, 18.387, 17.889, 17.797, 17.705, 17.362, 16.201, 12.946, 8.343, 5.449, 3.428, 0.0, 3.226, 5.288, 6.936, 7.68, 7.656, 7.659, 7.966, 8.284, 8.91, 10.035, 10.492, 10.774, 11.112, 12.806, 13.47, 13.533, 14.679, 15.468, 15.76, 15.99, 15.874, 15.682, 15.556, 15.629, 15.909, 16.105, 16.182, 16.248, 16.226, 16.403, 17.15, 17.943, 18.538, 19.229, 19.743, 19.808, 19.861, 19.656, 19.714, 19.924, 19.497, 19.492, 19.724, 19.938, 20.128, 20.321, 20.647, 20.833, 20.828, 20.661, 20.753, 21.384, 22.454, 23.263, 23.644, 23.847, 23.908, 24.19, 24.082, 23.807, 23.52, 23.221, 23.221, 23.633, 23.802, 23.787, 23.758], [22.835, 22.512, 21.668, 21.163, 20.88, 20.559, 20.424, 20.005, 19.191, 18.725, 18.675, 18.581, 18.235, 17.118, 14.028, 9.786, 7.345, 5.889, 3.226, 0.0, 3.091, 5.453, 6.458, 6.595, 6.638, 7.046, 7.427, 8.166, 9.49, 10.092, 10.434, 10.812, 12.665, 13.432, 13.516, 14.596, 15.269, 15.594, 15.944, 15.876, 15.728, 15.611, 15.723, 16.042, 16.221, 16.275, 16.321, 16.28, 16.481, 17.346, 18.209, 18.827, 19.571, 20.188, 20.307, 20.35, 20.142, 20.206, 20.457, 20.071, 20.062, 20.282, 20.49, 20.669, 20.849, 21.16, 21.324, 21.297, 21.116, 21.192, 21.816, 22.857, 23.64, 24.003, 24.188, 24.245, 24.515, 24.412, 24.139, 23.845, 23.555, 23.576, 23.979, 24.137, 24.111, 24.067], [22.967, 22.649, 21.81, 21.37, 21.209, 20.963, 20.824, 20.378, 19.585, 19.182, 19.147, 19.004, 18.638, 17.585, 14.656, 10.681, 8.392, 7.133, 5.288, 3.091, 0.0, 3.149, 4.617, 4.967, 5.126, 5.698, 6.203, 7.244, 8.713, 9.24, 9.601, 9.961, 11.92, 12.749, 12.872, 14.06, 14.812, 15.121, 15.458, 15.454, 15.355, 15.247, 15.361, 15.682, 15.849, 15.922, 15.998, 15.959, 16.147, 17.085, 18.009, 18.633, 19.353, 19.995, 20.178, 20.236, 20.027, 20.079, 20.326, 19.941, 19.946, 20.177, 20.391, 20.566, 20.761, 21.093, 21.214, 21.137, 20.951, 21.029, 21.676, 22.774, 23.616, 23.989, 24.166, 24.204, 24.459, 24.358, 24.08, 23.772, 23.477, 23.508, 23.936, 24.096, 24.055, 24.013], [23.536, 23.225, 22.424, 22.047, 21.939, 21.741, 21.611, 21.147, 20.367, 20.007, 19.976, 19.822, 19.461, 18.486, 15.701, 11.797, 9.52, 8.402, 6.936, 5.453, 3.149, 0.0, 2.097, 2.994, 3.592, 4.465, 5.083, 6.672, 8.459, 8.639, 8.842, 9.274, 11.016, 11.78, 12.067, 13.508, 14.221, 14.334, 14.615, 14.708, 14.684, 14.596, 14.764, 15.173, 15.442, 15.545, 15.639, 15.741, 16.214, 17.364, 18.349, 18.986, 19.746, 20.408, 20.597, 20.691, 20.534, 20.605, 20.805, 20.332, 20.328, 20.535, 20.723, 20.879, 21.082, 21.42, 21.466, 21.347, 21.144, 21.19, 21.855, 22.972, 23.873, 24.247, 24.398, 24.425, 24.64, 24.529, 24.229, 23.91, 23.614, 23.641, 24.074, 24.24, 24.206, 24.165], [23.754, 23.453, 22.662, 22.306, 22.205, 22.005, 21.88, 21.411, 20.644, 20.311, 20.281, 20.145, 19.818, 18.876, 16.153, 12.288, 10.026, 8.975, 7.68, 6.458, 4.617, 2.097, 0.0, 1.488, 2.631, 3.675, 4.35, 6.291, 8.25, 8.273, 8.464, 8.992, 10.639, 11.377, 11.713, 13.278, 14.015, 14.062, 14.267, 14.345, 14.345, 14.284, 14.48, 14.898, 15.205, 15.309, 15.383, 15.531, 16.12, 17.362, 18.372, 19.019, 19.82, 20.511, 20.708, 20.835, 20.745, 20.874, 21.037, 20.485, 20.492, 20.695, 20.863, 21.013, 21.22, 21.561, 21.59, 21.462, 21.253, 21.283, 21.956, 23.085, 24.02, 24.407, 24.549, 24.576, 24.773, 24.65, 24.324, 23.988, 23.684, 23.709, 24.147, 24.32, 24.299, 24.253], [23.522, 23.209, 22.409, 22.059, 21.964, 21.763, 21.643, 21.169, 20.402, 20.084, 20.05, 19.927, 19.617, 18.672, 15.93, 12.125, 9.942, 8.901, 7.656, 6.595, 4.967, 2.994, 1.488, 0.0, 1.83, 3.114, 3.857, 5.96, 7.998, 8.021, 8.249, 8.836, 10.585, 11.331, 11.632, 13.226, 14.025, 14.09, 14.238, 14.259, 14.235, 14.199, 14.374, 14.734, 15.028, 15.116, 15.181, 15.322, 15.862, 17.056, 18.059, 18.72, 19.536, 20.223, 20.42, 20.558, 20.495, 20.665, 20.833, 20.278, 20.305, 20.515, 20.678, 20.829, 21.036, 21.381, 21.422, 21.304, 21.103, 21.139, 21.818, 22.964, 23.919, 24.333, 24.484, 24.509, 24.714, 24.59, 24.262, 23.917, 23.606, 23.628, 24.068, 24.236, 24.215, 24.173], [23.416, 23.07, 22.229, 21.854, 21.768, 21.57, 21.441, 20.956, 20.172, 19.852, 19.825, 19.703, 19.396, 18.434, 15.677, 11.94, 9.869, 8.862, 7.659, 6.638, 5.126, 3.592, 2.631, 1.83, 0.0, 1.704, 2.846, 5.111, 7.266, 7.539, 8.017, 8.538, 10.256, 11.024, 11.24, 12.816, 13.761, 13.931, 14.089, 14.067, 14.033, 14.004, 14.164, 14.502, 14.787, 14.882, 14.945, 15.043, 15.48, 16.644, 17.657, 18.344, 19.193, 19.888, 20.08, 20.22, 20.143, 20.333, 20.587, 20.106, 20.15, 20.389, 20.573, 20.725, 20.933, 21.297, 21.374, 21.247, 21.055, 21.114, 21.786, 22.942, 23.892, 24.312, 24.472, 24.504, 24.718, 24.6, 24.283, 23.928, 23.601, 23.625, 24.068, 24.224, 24.192, 24.153], [23.343, 22.983, 22.127, 21.756, 21.684, 21.479, 21.345, 20.854, 20.071, 19.76, 19.731, 19.604, 19.302, 18.354, 15.627, 11.999, 10.059, 9.103, 7.966, 7.046, 5.698, 4.465, 3.675, 3.114, 1.704, 0.0, 1.879, 4.601, 6.79, 7.196, 7.865, 8.375, 10.087, 10.873, 10.999, 12.516, 13.539, 13.752, 13.892, 13.847, 13.801, 13.785, 13.961, 14.278, 14.549, 14.66, 14.723, 14.773, 15.106, 16.208, 17.221, 17.939, 18.832, 19.538, 19.738, 19.89, 19.823, 20.045, 20.332, 19.907, 19.992, 20.25, 20.443, 20.587, 20.8, 21.181, 21.278, 21.149, 20.969, 21.048, 21.713, 22.885, 23.852, 24.277, 24.441, 24.474, 24.693, 24.575, 24.251, 23.882, 23.549, 23.575, 24.02, 24.169, 24.131, 24.094], [23.314, 22.953, 22.095, 21.726, 21.664, 21.482, 21.354, 20.842, 20.049, 19.774, 19.757, 19.608, 19.298, 18.364, 15.656, 12.069, 10.202, 9.323, 8.284, 7.427, 6.203, 5.083, 4.35, 3.857, 2.846, 1.879, 0.0, 3.351, 5.977, 6.48, 7.224, 7.844, 9.679, 10.466, 10.579, 12.196, 13.299, 13.527, 13.647, 13.6, 13.563, 13.594, 13.798, 14.084, 14.358, 14.498, 14.577, 14.608, 14.911, 15.973, 16.958, 17.67, 18.59, 19.321, 19.534, 19.702, 19.658, 19.916, 20.21, 19.792, 19.938, 20.239, 20.427, 20.564, 20.776, 21.164, 21.257, 21.124, 20.949, 21.044, 21.712, 22.891, 23.881, 24.316, 24.475, 24.498, 24.715, 24.596, 24.274, 23.902, 23.558, 23.573, 24.019, 24.169, 24.131, 24.096], [23.18, 22.833, 21.946, 21.534, 21.531, 21.414, 21.277, 20.744, 19.922, 19.726, 19.778, 19.587, 19.252, 18.326, 15.581, 12.069, 10.399, 9.69, 8.91, 8.166, 7.244, 6.672, 6.291, 5.96, 5.111, 4.601, 3.351, 0.0, 3.312, 4.553, 5.731, 6.581, 8.813, 9.659, 9.695, 11.414, 12.736, 13.145, 13.196, 13.094, 13.121, 13.269, 13.51, 13.705, 13.978, 14.193, 14.332, 14.312, 14.633, 15.652, 16.565, 17.26, 18.188, 18.931, 19.163, 19.35, 19.286, 19.599, 19.985, 19.604, 19.791, 20.214, 20.478, 20.632, 20.839, 21.204, 21.292, 21.149, 20.969, 21.066, 21.738, 22.91, 23.887, 24.327, 24.482, 24.482, 24.71, 24.594, 24.279, 23.898, 23.518, 23.516, 23.964, 24.121, 24.09, 24.049], [23.327, 23.016, 22.142, 21.72, 21.807, 21.742, 21.592, 21.061, 20.241, 20.128, 20.241, 20.018, 19.666, 18.789, 16.059, 12.669, 11.143, 10.525, 10.035, 9.49, 8.713, 8.459, 8.25, 7.998, 7.266, 6.79, 5.977, 3.312, 0.0, 2.889, 4.878, 5.758, 8.449, 9.446, 9.38, 10.99, 12.361, 12.848, 12.766, 12.625, 12.755, 12.971, 13.21, 13.315, 13.585, 13.857, 14.05, 13.969, 14.366, 15.432, 16.304, 16.996, 17.912, 18.626, 18.891, 19.112, 19.038, 19.371, 19.799, 19.506, 19.711, 20.218, 20.587, 20.76, 20.971, 21.315, 21.379, 21.212, 21.023, 21.114, 21.804, 23.001, 23.971, 24.404, 24.553, 24.535, 24.774, 24.66, 24.336, 23.925, 23.509, 23.503, 23.962, 24.127, 24.101, 24.042], [23.967, 23.682, 22.837, 22.441, 22.548, 22.498, 22.358, 21.839, 21.052, 20.971, 21.077, 20.838, 20.491, 19.685, 17.053, 13.603, 11.794, 10.981, 10.492, 10.092, 9.24, 8.639, 8.273, 8.021, 7.539, 7.196, 6.48, 4.553, 2.889, 0.0, 2.807, 4.452, 7.402, 8.517, 8.592, 10.53, 11.962, 12.265, 12.034, 12.113, 12.393, 12.609, 12.875, 13.02, 13.349, 13.653, 13.863, 13.869, 14.506, 15.723, 16.653, 17.38, 18.305, 18.972, 19.219, 19.452, 19.423, 19.761, 20.099, 19.741, 19.97, 20.502, 20.879, 21.063, 21.288, 21.612, 21.608, 21.426, 21.236, 21.307, 22.017, 23.229, 24.227, 24.628, 24.751, 24.723, 24.945, 24.83, 24.5, 24.08, 23.667, 23.652, 24.112, 24.312, 24.3, 24.248], [24.099, 23.844, 23.05, 22.693, 22.81, 22.779, 22.662, 22.155, 21.389, 21.302, 21.404, 21.131, 20.762, 20.008, 17.474, 14.061, 12.147, 11.259, 10.774, 10.434, 9.601, 8.842, 8.464, 8.249, 8.017, 7.865, 7.224, 5.731, 4.878, 2.807, 0.0, 3.017, 6.671, 7.756, 8.038, 10.256, 11.563, 11.656, 11.358, 11.644, 11.992, 12.183, 12.468, 12.677, 13.061, 13.415, 13.666, 13.758, 14.576, 15.836, 16.786, 17.524, 18.408, 19.051, 19.297, 19.527, 19.483, 19.794, 20.127, 19.749, 19.965, 20.513, 20.877, 21.051, 21.311, 21.658, 21.627, 21.436, 21.24, 21.286, 21.989, 23.181, 24.176, 24.555, 24.663, 24.638, 24.858, 24.738, 24.399, 23.996, 23.61, 23.586, 24.03, 24.236, 24.226, 24.193], [24.244, 23.983, 23.19, 22.83, 22.96, 22.945, 22.845, 22.322, 21.523, 21.417, 21.503, 21.167, 20.752, 20.014, 17.52, 14.152, 12.265, 11.462, 11.112, 10.812, 9.961, 9.274, 8.992, 8.836, 8.538, 8.375, 7.844, 6.581, 5.758, 4.452, 3.017, 0.0, 4.739, 6.355, 6.503, 8.573, 9.911, 10.171, 10.163, 10.637, 11.038, 11.216, 11.525, 11.835, 12.199, 12.672, 13.038, 13.034, 13.724, 15.102, 16.167, 16.892, 17.772, 18.475, 18.737, 18.98, 18.932, 19.214, 19.593, 19.319, 19.59, 20.173, 20.557, 20.731, 21.047, 21.508, 21.535, 21.3, 21.095, 21.193, 21.907, 23.13, 24.153, 24.55, 24.674, 24.657, 24.881, 24.767, 24.446, 24.058, 23.687, 23.675, 24.134, 24.336, 24.308, 24.3], [25.35, 25.065, 24.251, 23.848, 23.924, 23.89, 23.786, 23.269, 22.469, 22.344, 22.424, 22.082, 21.66, 20.969, 18.695, 15.537, 13.703, 13.024, 12.806, 12.665, 11.92, 11.016, 10.639, 10.585, 10.256, 10.087, 9.679, 8.813, 8.449, 7.402, 6.671, 4.739, 0.0, 2.824, 3.412, 5.757, 7.477, 7.921, 8.572, 9.637, 10.194, 10.451, 10.915, 11.543, 12.052, 12.684, 13.164, 13.245, 14.084, 15.81, 17.023, 17.718, 18.601, 19.359, 19.592, 19.836, 19.856, 20.146, 20.469, 20.137, 20.403, 20.969, 21.34, 21.513, 21.822, 22.293, 22.348, 22.133, 21.938, 22.079, 22.737, 23.872, 24.875, 25.249, 25.374, 25.346, 25.512, 25.398, 25.105, 24.742, 24.388, 24.382, 24.823, 25.038, 25.02, 25.005], [25.456, 25.161, 24.336, 23.926, 23.984, 23.947, 23.853, 23.356, 22.577, 22.455, 22.535, 22.205, 21.799, 21.111, 18.887, 15.882, 14.209, 13.631, 13.47, 13.432, 12.749, 11.78, 11.377, 11.331, 11.024, 10.873, 10.466, 9.659, 9.446, 8.517, 7.756, 6.355, 2.824, 0.0, 2.453, 5.862, 7.664, 7.915, 8.523, 9.699, 10.209, 10.474, 10.944, 11.598, 12.179, 12.839, 13.342, 13.558, 14.525, 16.249, 17.42, 18.097, 18.996, 19.774, 19.99, 20.236, 20.263, 20.524, 20.836, 20.449, 20.643, 21.169, 21.518, 21.67, 21.952, 22.408, 22.496, 22.335, 22.146, 22.282, 22.91, 24.005, 24.981, 25.341, 25.468, 25.437, 25.585, 25.471, 25.186, 24.835, 24.489, 24.477, 24.896, 25.11, 25.094, 25.072], [25.305, 25.0, 24.122, 23.701, 23.784, 23.737, 23.638, 23.13, 22.343, 22.249, 22.325, 21.961, 21.547, 20.852, 18.608, 15.713, 14.17, 13.643, 13.533, 13.516, 12.872, 12.067, 11.713, 11.632, 11.24, 10.999, 10.579, 9.695, 9.38, 8.592, 8.038, 6.503, 3.412, 2.453, 0.0, 4.436, 7.324, 7.957, 8.512, 9.676, 10.194, 10.501, 10.977, 11.459, 11.899, 12.584, 13.089, 13.184, 13.854, 15.389, 16.546, 17.253, 18.183, 18.962, 19.175, 19.423, 19.466, 19.768, 20.102, 19.804, 20.093, 20.661, 21.001, 21.152, 21.433, 21.906, 22.01, 21.831, 21.685, 21.895, 22.536, 23.66, 24.679, 25.07, 25.21, 25.186, 25.363, 25.272, 25.011, 24.654, 24.292, 24.276, 24.709, 24.926, 24.902, 24.893], [25.482, 25.199, 24.339, 23.917, 24.042, 24.028, 23.958, 23.478, 22.721, 22.65, 22.717, 22.33, 21.912, 21.269, 19.177, 16.6, 15.271, 14.806, 14.679, 14.596, 14.06, 13.508, 13.278, 13.226, 12.816, 12.516, 12.196, 11.414, 10.99, 10.53, 10.256, 8.573, 5.757, 5.862, 4.436, 0.0, 4.641, 6.435, 7.64, 9.201, 9.865, 10.283, 10.865, 11.267, 11.428, 12.167, 12.789, 12.792, 13.313, 14.904, 16.114, 16.851, 17.793, 18.557, 18.779, 19.028, 19.076, 19.345, 19.726, 19.63, 19.963, 20.542, 20.892, 21.057, 21.32, 21.763, 21.893, 21.709, 21.602, 21.911, 22.511, 23.543, 24.508, 24.901, 25.057, 25.034, 25.205, 25.128, 24.93, 24.615, 24.276, 24.268, 24.687, 24.885, 24.845, 24.852], [25.743, 25.505, 24.774, 24.403, 24.517, 24.538, 24.504, 24.077, 23.382, 23.304, 23.367, 23.008, 22.582, 21.996, 20.031, 17.519, 16.212, 15.74, 15.468, 15.269, 14.812, 14.221, 14.015, 14.025, 13.761, 13.539, 13.299, 12.736, 12.361, 11.962, 11.563, 9.911, 7.477, 7.664, 7.324, 4.641, 0.0, 3.308, 6.147, 8.142, 8.953, 9.386, 10.171, 10.827, 11.052, 11.8, 12.506, 12.677, 13.851, 15.939, 17.203, 17.945, 18.9, 19.663, 19.892, 20.13, 20.145, 20.336, 20.731, 20.65, 20.842, 21.296, 21.612, 21.756, 21.992, 22.392, 22.519, 22.389, 22.262, 22.514, 23.067, 23.961, 24.818, 25.183, 25.335, 25.308, 25.444, 25.335, 25.133, 24.858, 24.56, 24.553, 24.933, 25.108, 25.074, 25.075], [25.87, 25.663, 25.027, 24.735, 24.852, 24.871, 24.849, 24.451, 23.789, 23.701, 23.769, 23.435, 23.015, 22.469, 20.571, 18.011, 16.622, 16.089, 15.76, 15.594, 15.121, 14.334, 14.062, 14.09, 13.931, 13.752, 13.527, 13.145, 12.848, 12.265, 11.656, 10.171, 7.921, 7.915, 7.957, 6.435, 3.308, 0.0, 4.035, 6.714, 7.763, 8.261, 9.217, 10.143, 10.62, 11.476, 12.219, 12.606, 14.203, 16.542, 17.853, 18.597, 19.529, 20.288, 20.538, 20.784, 20.791, 20.958, 21.336, 21.201, 21.325, 21.725, 22.019, 22.129, 22.346, 22.724, 22.81, 22.688, 22.562, 22.775, 23.313, 24.16, 24.967, 25.313, 25.45, 25.41, 25.522, 25.402, 25.178, 24.912, 24.64, 24.626, 24.992, 25.167, 25.138, 25.122], [25.478, 25.298, 24.672, 24.425, 24.62, 24.662, 24.639, 24.252, 23.611, 23.562, 23.642, 23.338, 22.972, 22.465, 20.588, 18.068, 16.734, 16.232, 15.99, 15.944, 15.458, 14.615, 14.267, 14.238, 14.089, 13.892, 13.647, 13.196, 12.766, 12.034, 11.358, 10.163, 8.572, 8.523, 8.512, 7.64, 6.147, 4.035, 0.0, 3.956, 5.836, 6.543, 7.588, 8.397, 9.042, 10.043, 10.836, 11.403, 13.342, 15.811, 17.157, 17.923, 18.921, 19.711, 19.992, 20.261, 20.272, 20.489, 20.858, 20.7, 20.846, 21.263, 21.555, 21.633, 21.827, 22.211, 22.282, 22.125, 21.99, 22.21, 22.798, 23.715, 24.576, 24.949, 25.074, 25.026, 25.15, 25.046, 24.837, 24.583, 24.299, 24.271, 24.666, 24.867, 24.845, 24.829], [24.97, 24.788, 24.156, 23.918, 24.156, 24.264, 24.247, 23.841, 23.187, 23.149, 23.25, 22.988, 22.67, 22.135, 20.152, 17.62, 16.422, 16.045, 15.874, 15.876, 15.454, 14.708, 14.345, 14.259, 14.067, 13.847, 13.6, 13.094, 12.625, 12.113, 11.644, 10.637, 9.637, 9.699, 9.676, 9.201, 8.142, 6.714, 3.956, 0.0, 2.732, 3.974, 5.376, 6.333, 7.237, 8.327, 9.101, 9.856, 12.185, 14.901, 16.32, 17.086, 18.175, 19.073, 19.372, 19.644, 19.628, 19.936, 20.412, 20.197, 20.355, 20.782, 21.066, 21.144, 21.346, 21.79, 21.914, 21.745, 21.571, 21.781, 22.432, 23.442, 24.364, 24.814, 24.962, 24.915, 25.072, 24.974, 24.775, 24.529, 24.226, 24.19, 24.616, 24.816, 24.79, 24.789], [24.659, 24.461, 23.814, 23.577, 23.824, 23.964, 23.975, 23.573, 22.916, 22.867, 22.964, 22.711, 22.41, 21.853, 19.786, 17.234, 16.098, 15.791, 15.682, 15.728, 15.355, 14.684, 14.345, 14.235, 14.033, 13.801, 13.563, 13.121, 12.755, 12.393, 11.992, 11.038, 10.194, 10.209, 10.194, 9.865, 8.953, 7.763, 5.836, 2.732, 0.0, 2.241, 4.165, 5.394, 6.451, 7.613, 8.381, 9.242, 11.667, 14.421, 15.87, 16.632, 17.749, 18.69, 18.991, 19.248, 19.206, 19.53, 20.061, 19.804, 19.959, 20.385, 20.661, 20.751, 20.975, 21.456, 21.615, 21.465, 21.278, 21.485, 22.165, 23.24, 24.195, 24.688, 24.877, 24.836, 25.005, 24.903, 24.694, 24.446, 24.143, 24.11, 24.542, 24.725, 24.689, 24.698], [24.711, 24.514, 23.868, 23.649, 23.907, 24.034, 24.043, 23.657, 23.011, 22.953, 23.049, 22.805, 22.518, 21.96, 19.861, 17.192, 15.953, 15.643, 15.556, 15.611, 15.247, 14.596, 14.284, 14.199, 14.004, 13.785, 13.594, 13.269, 12.971, 12.609, 12.183, 11.216, 10.451, 10.474, 10.501, 10.283, 9.386, 8.261, 6.543, 3.974, 2.241, 0.0, 2.504, 4.32, 5.685, 6.943, 7.7, 8.561, 11.162, 14.143, 15.703, 16.492, 17.641, 18.611, 18.916, 19.155, 19.084, 19.368, 19.879, 19.636, 19.794, 20.212, 20.473, 20.563, 20.812, 21.31, 21.458, 21.294, 21.106, 21.314, 22.024, 23.162, 24.152, 24.637, 24.834, 24.831, 25.008, 24.9, 24.686, 24.439, 24.142, 24.117, 24.558, 24.729, 24.678, 24.69], [24.585, 24.389, 23.747, 23.548, 23.836, 23.972, 23.979, 23.593, 22.965, 22.917, 23.01, 22.792, 22.538, 21.982, 19.868, 17.194, 15.948, 15.652, 15.629, 15.723, 15.361, 14.764, 14.48, 14.374, 14.164, 13.961, 13.798, 13.51, 13.21, 12.875, 12.468, 11.525, 10.915, 10.944, 10.977, 10.865, 10.171, 9.217, 7.588, 5.376, 4.165, 2.504, 0.0, 2.75, 4.751, 6.119, 6.824, 7.706, 10.528, 13.741, 15.43, 16.278, 17.468, 18.454, 18.766, 18.982, 18.869, 19.143, 19.657, 19.435, 19.601, 20.022, 20.285, 20.382, 20.656, 21.19, 21.356, 21.177, 20.994, 21.217, 21.943, 23.154, 24.191, 24.697, 24.899, 24.916, 25.117, 25.007, 24.791, 24.54, 24.237, 24.214, 24.664, 24.822, 24.764, 24.775], [23.986, 23.803, 23.129, 22.941, 23.295, 23.464, 23.478, 23.086, 22.479, 22.493, 22.591, 22.383, 22.177, 21.643, 19.55, 17.071, 16.063, 15.858, 15.909, 16.042, 15.682, 15.173, 14.898, 14.734, 14.502, 14.278, 14.084, 13.705, 13.315, 13.02, 12.677, 11.835, 11.543, 11.598, 11.459, 11.267, 10.827, 10.143, 8.397, 6.333, 5.394, 4.32, 2.75, 0.0, 2.868, 4.658, 5.441, 6.416, 9.55, 12.803, 14.474, 15.392, 16.721, 17.715, 18.029, 18.242, 18.118, 18.43, 19.002, 18.851, 19.03, 19.465, 19.721, 19.82, 20.08, 20.623, 20.82, 20.625, 20.448, 20.686, 21.44, 22.714, 23.806, 24.346, 24.556, 24.575, 24.801, 24.72, 24.548, 24.316, 23.991, 23.96, 24.433, 24.599, 24.54, 24.553], [23.655, 23.454, 22.719, 22.515, 22.91, 23.118, 23.153, 22.758, 22.15, 22.193, 22.302, 22.084, 21.885, 21.363, 19.294, 16.961, 16.108, 15.996, 16.105, 16.221, 15.849, 15.442, 15.205, 15.028, 14.787, 14.549, 14.358, 13.978, 13.585, 13.349, 13.061, 12.199, 12.052, 12.179, 11.899, 11.428, 11.052, 10.62, 9.042, 7.237, 6.451, 5.685, 4.751, 2.868, 0.0, 2.578, 3.872, 4.818, 8.154, 11.609, 13.318, 14.268, 15.723, 16.733, 17.018, 17.242, 17.139, 17.47, 18.14, 18.103, 18.299, 18.758, 19.015, 19.128, 19.403, 19.977, 20.21, 20.004, 19.817, 20.096, 20.893, 22.232, 23.365, 23.908, 24.109, 24.132, 24.382, 24.327, 24.263, 24.076, 23.741, 23.707, 24.208, 24.396, 24.328, 24.36], [23.58, 23.377, 22.643, 22.427, 22.812, 23.038, 23.084, 22.691, 22.089, 22.135, 22.256, 22.117, 21.974, 21.439, 19.351, 17.003, 16.166, 16.078, 16.182, 16.275, 15.922, 15.545, 15.309, 15.116, 14.882, 14.66, 14.498, 14.193, 13.857, 13.653, 13.415, 12.672, 12.684, 12.839, 12.584, 12.167, 11.8, 11.476, 10.043, 8.327, 7.613, 6.943, 6.119, 4.658, 2.578, 0.0, 1.854, 3.298, 7.322, 11.12, 12.909, 13.901, 15.504, 16.55, 16.781, 17.019, 16.958, 17.349, 18.082, 18.076, 18.258, 18.684, 18.923, 19.052, 19.338, 19.916, 20.159, 19.963, 19.765, 20.032, 20.855, 22.238, 23.392, 23.929, 24.114, 24.138, 24.402, 24.35, 24.328, 24.161, 23.811, 23.774, 24.27, 24.451, 24.378, 24.41], [23.626, 23.423, 22.689, 22.47, 22.85, 23.083, 23.133, 22.744, 22.152, 22.194, 22.306, 22.218, 22.135, 21.6, 19.493, 17.113, 16.262, 16.173, 16.248, 16.321, 15.998, 15.639, 15.383, 15.181, 14.945, 14.723, 14.577, 14.332, 14.05, 13.863, 13.666, 13.038, 13.164, 13.342, 13.089, 12.789, 12.506, 12.219, 10.836, 9.101, 8.381, 7.7, 6.824, 5.441, 3.872, 1.854, 0.0, 2.478, 7.107, 11.066, 12.891, 13.916, 15.622, 16.7, 16.913, 17.143, 17.094, 17.544, 18.286, 18.257, 18.435, 18.823, 19.026, 19.158, 19.442, 20.015, 20.257, 20.065, 19.868, 20.122, 20.957, 22.372, 23.541, 24.07, 24.246, 24.276, 24.548, 24.494, 24.465, 24.292, 23.944, 23.914, 24.405, 24.573, 24.498, 24.52], [23.53, 23.328, 22.581, 22.358, 22.749, 22.974, 23.013, 22.606, 21.991, 22.052, 22.163, 22.044, 21.959, 21.431, 19.304, 16.93, 16.119, 16.085, 16.226, 16.28, 15.959, 15.741, 15.531, 15.322, 15.043, 14.773, 14.608, 14.312, 13.969, 13.869, 13.758, 13.034, 13.245, 13.558, 13.184, 12.792, 12.677, 12.606, 11.403, 9.856, 9.242, 8.561, 7.706, 6.416, 4.818, 3.298, 2.478, 0.0, 5.219, 9.64, 11.638, 12.691, 14.49, 15.668, 15.892, 16.135, 16.12, 16.637, 17.43, 17.522, 17.829, 18.27, 18.478, 18.632, 18.963, 19.578, 19.851, 19.633, 19.42, 19.727, 20.618, 22.137, 23.375, 23.905, 24.082, 24.124, 24.419, 24.37, 24.334, 24.146, 23.787, 23.769, 24.288, 24.46, 24.369, 24.402], [23.165, 22.954, 22.178, 21.96, 22.36, 22.542, 22.575, 22.133, 21.466, 21.521, 21.611, 21.453, 21.358, 20.814, 18.739, 16.67, 16.092, 16.159, 16.403, 16.481, 16.147, 16.214, 16.12, 15.862, 15.48, 15.106, 14.911, 14.633, 14.366, 14.506, 14.576, 13.724, 14.084, 14.525, 13.854, 13.313, 13.851, 14.203, 13.342, 12.185, 11.667, 11.162, 10.528, 9.55, 8.154, 7.322, 7.107, 5.219, 0.0, 5.43, 8.06, 9.332, 11.486, 12.948, 13.255, 13.591, 13.696, 14.333, 15.254, 15.672, 16.274, 16.842, 17.033, 17.19, 17.584, 18.301, 18.698, 18.481, 18.309, 18.795, 19.743, 21.391, 22.739, 23.328, 23.539, 23.613, 23.984, 23.994, 24.014, 23.848, 23.5, 23.495, 24.053, 24.246, 24.127, 24.197], [22.368, 22.131, 21.314, 21.107, 21.55, 21.708, 21.733, 21.263, 20.573, 20.648, 20.739, 20.575, 20.492, 19.956, 18.049, 16.611, 16.524, 16.763, 17.15, 17.346, 17.085, 17.364, 17.362, 17.056, 16.644, 16.208, 15.973, 15.652, 15.432, 15.723, 15.836, 15.102, 15.81, 16.249, 15.389, 14.904, 15.939, 16.542, 15.811, 14.901, 14.421, 14.143, 13.741, 12.803, 11.609, 11.12, 11.066, 9.64, 5.43, 0.0, 3.32, 5.276, 8.182, 9.881, 10.314, 10.791, 11.079, 12.005, 13.002, 13.679, 14.557, 15.244, 15.405, 15.551, 15.971, 16.786, 17.361, 17.203, 17.089, 17.721, 18.702, 20.422, 21.889, 22.593, 22.852, 22.936, 23.379, 23.44, 23.511, 23.379, 23.047, 23.034, 23.607, 23.839, 23.72, 23.827], [21.728, 21.482, 20.657, 20.458, 20.936, 21.115, 21.138, 20.661, 19.978, 20.097, 20.211, 20.053, 19.988, 19.484, 17.714, 16.718, 17.016, 17.435, 17.943, 18.209, 18.009, 18.349, 18.372, 18.059, 17.657, 17.221, 16.958, 16.565, 16.304, 16.653, 16.786, 16.167, 17.023, 17.42, 16.546, 16.114, 17.203, 17.853, 17.157, 16.32, 15.87, 15.703, 15.43, 14.474, 13.318, 12.909, 12.891, 11.638, 8.06, 3.32, 0.0, 2.892, 6.669, 8.458, 8.938, 9.54, 9.937, 11.032, 12.095, 12.832, 13.764, 14.488, 14.635, 14.774, 15.172, 16.018, 16.708, 16.604, 16.53, 17.222, 18.197, 19.911, 21.403, 22.172, 22.46, 22.542, 23.01, 23.078, 23.171, 23.068, 22.733, 22.703, 23.284, 23.534, 23.431, 23.539], [21.483, 21.218, 20.388, 20.177, 20.651, 20.852, 20.884, 20.399, 19.708, 19.857, 19.992, 19.805, 19.745, 19.296, 17.645, 16.828, 17.292, 17.89, 18.538, 18.827, 18.633, 18.986, 19.019, 18.72, 18.344, 17.939, 17.67, 17.26, 16.996, 17.38, 17.524, 16.892, 17.718, 18.097, 17.253, 16.851, 17.945, 18.597, 17.923, 17.086, 16.632, 16.492, 16.278, 15.392, 14.268, 13.901, 13.916, 12.691, 9.332, 5.276, 2.892, 0.0, 4.636, 6.874, 7.395, 8.099, 8.647, 9.955, 11.174, 12.008, 13.045, 13.833, 13.996, 14.149, 14.587, 15.51, 16.27, 16.161, 16.063, 16.783, 17.78, 19.53, 21.065, 21.867, 22.168, 22.243, 22.708, 22.766, 22.88, 22.81, 22.472, 22.439, 23.04, 23.301, 23.196, 23.337], [21.146, 20.852, 20.058, 19.884, 20.4, 20.626, 20.658, 20.173, 19.495, 19.665, 19.828, 19.526, 19.396, 19.07, 17.738, 17.211, 17.758, 18.435, 19.229, 19.571, 19.353, 19.746, 19.82, 19.536, 19.193, 18.832, 18.59, 18.188, 17.912, 18.305, 18.408, 17.772, 18.601, 18.996, 18.183, 17.793, 18.9, 19.529, 18.921, 18.175, 17.749, 17.641, 17.468, 16.721, 15.723, 15.504, 15.622, 14.49, 11.486, 8.182, 6.669, 4.636, 0.0, 3.241, 4.454, 5.262, 6.08, 7.865, 9.395, 10.567, 11.812, 12.724, 12.965, 13.162, 13.737, 14.815, 15.612, 15.441, 15.33, 16.069, 17.051, 18.838, 20.423, 21.295, 21.611, 21.668, 22.126, 22.161, 22.255, 22.213, 21.894, 21.873, 22.487, 22.753, 22.637, 22.856], [20.898, 20.572, 19.773, 19.605, 20.162, 20.416, 20.465, 20.003, 19.362, 19.566, 19.746, 19.394, 19.219, 18.956, 17.843, 17.592, 18.203, 18.864, 19.743, 20.188, 19.995, 20.408, 20.511, 20.223, 19.888, 19.538, 19.321, 18.931, 18.626, 18.972, 19.051, 18.475, 19.359, 19.774, 18.962, 18.557, 19.663, 20.288, 19.711, 19.073, 18.69, 18.611, 18.454, 17.715, 16.733, 16.55, 16.7, 15.668, 12.948, 9.881, 8.458, 6.874, 3.241, 0.0, 2.34, 3.632, 4.785, 6.92, 8.658, 10.094, 11.366, 12.294, 12.562, 12.79, 13.403, 14.513, 15.343, 15.189, 15.116, 15.846, 16.77, 18.536, 20.123, 21.025, 21.351, 21.406, 21.877, 21.91, 22.014, 21.986, 21.68, 21.651, 22.253, 22.51, 22.394, 22.639], [20.9, 20.56, 19.74, 19.553, 20.105, 20.374, 20.428, 19.969, 19.332, 19.551, 19.738, 19.398, 19.231, 18.95, 17.808, 17.578, 18.223, 18.9, 19.808, 20.307, 20.178, 20.597, 20.708, 20.42, 20.08, 19.738, 19.534, 19.163, 18.891, 19.219, 19.297, 18.737, 19.592, 19.99, 19.175, 18.779, 19.892, 20.538, 19.992, 19.372, 18.991, 18.916, 18.766, 18.029, 17.018, 16.781, 16.913, 15.892, 13.255, 10.314, 8.938, 7.395, 4.454, 2.34, 0.0, 2.096, 3.897, 6.258, 8.242, 9.802, 11.055, 11.97, 12.247, 12.505, 13.114, 14.223, 15.089, 14.94, 14.856, 15.6, 16.523, 18.316, 19.926, 20.812, 21.137, 21.217, 21.711, 21.748, 21.897, 21.907, 21.605, 21.559, 22.148, 22.405, 22.288, 22.562], [20.659, 20.315, 19.492, 19.34, 19.922, 20.197, 20.245, 19.788, 19.174, 19.398, 19.584, 19.226, 19.064, 18.806, 17.707, 17.559, 18.255, 18.951, 19.861, 20.35, 20.236, 20.691, 20.835, 20.558, 20.22, 19.89, 19.702, 19.35, 19.112, 19.452, 19.527, 18.98, 19.836, 20.236, 19.423, 19.028, 20.13, 20.784, 20.261, 19.644, 19.248, 19.155, 18.982, 18.242, 17.242, 17.019, 17.143, 16.135, 13.591, 10.791, 9.54, 8.099, 5.262, 3.632, 2.096, 0.0, 2.569, 5.476, 7.634, 9.368, 10.699, 11.637, 11.912, 12.199, 12.83, 13.96, 14.828, 14.645, 14.57, 15.344, 16.278, 18.101, 19.741, 20.649, 20.988, 21.078, 21.579, 21.602, 21.749, 21.769, 21.466, 21.417, 22.017, 22.28, 22.154, 22.46], [20.18, 19.824, 18.991, 18.853, 19.48, 19.784, 19.845, 19.41, 18.809, 19.014, 19.2, 18.823, 18.645, 18.393, 17.307, 17.245, 18.013, 18.728, 19.656, 20.142, 20.027, 20.534, 20.745, 20.495, 20.143, 19.823, 19.658, 19.286, 19.038, 19.423, 19.483, 18.932, 19.856, 20.263, 19.466, 19.076, 20.145, 20.791, 20.272, 19.628, 19.206, 19.084, 18.869, 18.118, 17.139, 16.958, 17.094, 16.12, 13.696, 11.079, 9.937, 8.647, 6.08, 4.785, 3.897, 2.569, 0.0, 4.007, 7.088, 8.907, 10.109, 11.091, 11.418, 11.711, 12.374, 13.564, 14.491, 14.319, 14.26, 15.069, 15.999, 17.789, 19.37, 20.308, 20.679, 20.777, 21.305, 21.331, 21.472, 21.494, 21.198, 21.146, 21.747, 21.995, 21.857, 22.187], [20.43, 20.084, 19.267, 19.107, 19.705, 19.98, 20.087, 19.728, 19.128, 19.263, 19.416, 18.985, 18.742, 18.508, 17.437, 17.382, 18.13, 18.805, 19.714, 20.206, 20.079, 20.605, 20.874, 20.665, 20.333, 20.045, 19.916, 19.599, 19.371, 19.761, 19.794, 19.214, 20.146, 20.524, 19.768, 19.345, 20.336, 20.958, 20.489, 19.936, 19.53, 19.368, 19.143, 18.43, 17.47, 17.349, 17.544, 16.637, 14.333, 12.005, 11.032, 9.955, 7.865, 6.92, 6.258, 5.476, 4.007, 0.0, 4.955, 7.806, 8.54, 9.489, 10.052, 10.351, 10.964, 12.147, 13.149, 13.009, 12.999, 13.914, 14.792, 16.536, 18.029, 18.938, 19.347, 19.472, 20.027, 20.098, 20.321, 20.41, 20.18, 20.13, 20.725, 20.959, 20.792, 21.139], [21.107, 20.758, 19.945, 19.835, 20.421, 20.577, 20.64, 20.272, 19.68, 19.831, 19.958, 19.502, 19.253, 19.039, 17.933, 17.737, 18.361, 18.998, 19.924, 20.457, 20.326, 20.805, 21.037, 20.833, 20.587, 20.332, 20.21, 19.985, 19.799, 20.099, 20.127, 19.593, 20.469, 20.836, 20.102, 19.726, 20.731, 21.336, 20.858, 20.412, 20.061, 19.879, 19.657, 19.002, 18.14, 18.082, 18.286, 17.43, 15.254, 13.002, 12.095, 11.174, 9.395, 8.658, 8.242, 7.634, 7.088, 4.955, 0.0, 4.891, 6.428, 7.475, 8.186, 8.606, 9.318, 10.619, 11.619, 11.383, 11.382, 12.521, 13.587, 15.626, 17.411, 18.385, 18.817, 18.918, 19.42, 19.46, 19.631, 19.71, 19.484, 19.438, 20.111, 20.456, 20.32, 20.655], [20.901, 20.532, 19.67, 19.58, 20.152, 20.278, 20.306, 19.926, 19.352, 19.518, 19.65, 19.248, 19.08, 18.873, 17.693, 17.361, 17.894, 18.527, 19.497, 20.071, 19.941, 20.332, 20.485, 20.278, 20.106, 19.907, 19.792, 19.604, 19.506, 19.741, 19.749, 19.319, 20.137, 20.449, 19.804, 19.63, 20.65, 21.201, 20.7, 20.197, 19.804, 19.636, 19.435, 18.851, 18.103, 18.076, 18.257, 17.522, 15.672, 13.679, 12.832, 12.008, 10.567, 10.094, 9.802, 9.368, 8.907, 7.806, 4.891, 0.0, 3.379, 5.304, 6.32, 6.984, 7.935, 9.564, 10.742, 10.581, 10.501, 11.722, 12.95, 15.108, 17.003, 18.03, 18.471, 18.537, 19.012, 18.945, 18.986, 19.058, 18.807, 18.726, 19.465, 19.963, 19.931, 20