[[0.0, 1.202, 3.096, 5.237, 6.284, 6.895, 8.144, 9.031, 9.979, 10.992, 12.343, 14.07, 15.095, 16.523, 17.608, 17.98, 18.011, 17.977, 18.382, 18.536, 19.104, 19.586, 19.73, 19.995, 20.114, 20.343, 20.326, 20.269, 20.31, 20.107, 20.022, 20.236, 20.172, 20.151, 20.839, 20.995, 20.493, 20.241, 20.507, 20.83, 20.855, 20.853, 20.799, 20.67, 20.614, 20.724, 20.625, 20.64, 20.692, 20.61, 20.62, 20.591, 20.683, 20.826, 20.754, 20.592, 20.6, 20.567, 20.553, 20.528, 20.432, 20.232, 20.177, 20.439, 20.812, 21.148, 21.268, 21.071, 20.837, 20.57, 20.628, 20.965, 21.006, 21.072, 21.067, 21.221, 21.347, 21.248, 21.091, 21.222, 21.91, 22.499, 22.729, 23.027, 23.232, 23.176], [1.202, 0.0, 2.426, 4.819, 6.024, 6.8, 8.127, 9.06, 10.044, 11.101, 12.418, 14.086, 15.122, 16.564, 17.655, 18.014, 18.039, 18.004, 18.411, 18.573, 19.141, 19.619, 19.758, 20.018, 20.146, 20.378, 20.356, 20.304, 20.352, 20.147, 20.057, 20.266, 20.204, 20.199, 20.895, 21.054, 20.551, 20.297, 20.564, 20.894, 20.928, 20.929, 20.871, 20.734, 20.688, 20.799, 20.705, 20.728, 20.776, 20.692, 20.703, 20.679, 20.771, 20.915, 20.845, 20.688, 20.7, 20.671, 20.658, 20.635, 20.54, 20.336, 20.276, 20.53, 20.879, 21.198, 21.314, 21.119, 20.894, 20.64, 20.703, 21.029, 21.063, 21.128, 21.126, 21.283, 21.407, 21.317, 21.165, 21.285, 21.958, 22.538, 22.759, 23.053, 23.257, 23.205], [3.096, 2.426, 0.0, 2.985, 4.827, 6.271, 8.135, 9.146, 10.115, 11.215, 12.681, 14.415, 15.502, 17.045, 18.226, 18.579, 18.557, 18.505, 18.918, 19.105, 19.645, 20.082, 20.216, 20.472, 20.608, 20.839, 20.851, 20.843, 20.895, 20.672, 20.517, 20.655, 20.593, 20.656, 21.361, 21.515, 21.023, 20.757, 21.01, 21.348, 21.402, 21.414, 21.339, 21.189, 21.169, 21.286, 21.218, 21.258, 21.3, 21.208, 21.213, 21.201, 21.308, 21.453, 21.38, 21.25, 21.277, 21.278, 21.297, 21.299, 21.21, 20.993, 20.923, 21.18, 21.498, 21.769, 21.872, 21.686, 21.483, 21.252, 21.34, 21.634, 21.601, 21.654, 21.677, 21.845, 21.989, 21.928, 21.762, 21.786, 22.347, 22.87, 23.058, 23.311, 23.488, 23.422], [5.237, 4.819, 2.985, 0.0, 2.751, 5.339, 7.889, 9.0, 9.796, 10.896, 12.507, 14.365, 15.59, 17.319, 18.563, 18.906, 18.841, 18.777, 19.19, 19.404, 19.945, 20.348, 20.481, 20.728, 20.832, 21.053, 21.119, 21.137, 21.178, 20.938, 20.722, 20.777, 20.714, 20.822, 21.539, 21.705, 21.24, 21.005, 21.255, 21.576, 21.629, 21.638, 21.547, 21.379, 21.381, 21.524, 21.48, 21.535, 21.595, 21.511, 21.51, 21.506, 21.638, 21.775, 21.676, 21.561, 21.609, 21.661, 21.729, 21.759, 21.672, 21.448, 21.375, 21.634, 21.937, 22.189, 22.289, 22.106, 21.915, 21.71, 21.831, 22.106, 22.012, 22.049, 22.092, 22.271, 22.429, 22.386, 22.187, 22.091, 22.551, 23.034, 23.197, 23.418, 23.57, 23.499], [6.284, 6.024, 4.827, 2.751, 0.0, 3.848, 6.978, 8.171, 8.898, 9.953, 11.582, 13.497, 14.869, 16.809, 18.139, 18.514, 18.481, 18.461, 18.876, 19.064, 19.647, 20.073, 20.22, 20.448, 20.464, 20.657, 20.744, 20.754, 20.79, 20.583, 20.431, 20.493, 20.42, 20.498, 21.202, 21.369, 20.872, 20.631, 20.908, 21.196, 21.219, 21.224, 21.134, 20.966, 20.968, 21.144, 21.085, 21.138, 21.223, 21.147, 21.145, 21.14, 21.288, 21.424, 21.294, 21.163, 21.22, 21.291, 21.371, 21.422, 21.347, 21.126, 21.05, 21.268, 21.545, 21.806, 21.912, 21.732, 21.536, 21.345, 21.516, 21.833, 21.752, 21.789, 21.83, 22.014, 22.161, 22.106, 21.903, 21.828, 22.352, 22.883, 23.072, 23.324, 23.487, 23.412], [6.895, 6.8, 6.271, 5.339, 3.848, 0.0, 3.722, 5.311, 6.627, 8.027, 9.733, 11.919, 13.372, 15.42, 16.885, 17.319, 17.345, 17.36, 17.74, 17.899, 18.508, 18.986, 19.147, 19.389, 19.424, 19.643, 19.746, 19.786, 19.87, 19.746, 19.768, 19.986, 19.919, 19.915, 20.581, 20.729, 20.239, 20.026, 20.31, 20.636, 20.683, 20.676, 20.6, 20.429, 20.421, 20.628, 20.557, 20.636, 20.732, 20.701, 20.718, 20.699, 20.812, 20.939, 20.855, 20.705, 20.75, 20.755, 20.771, 20.782, 20.678, 20.482, 20.408, 20.573, 20.844, 21.138, 21.251, 21.091, 20.931, 20.725, 20.887, 21.267, 21.285, 21.342, 21.357, 21.537, 21.66, 21.581, 21.436, 21.539, 22.202, 22.754, 22.94, 23.205, 23.402, 23.347], [8.144, 8.127, 8.135, 7.889, 6.978, 3.722, 0.0, 2.448, 5.027, 6.973, 8.483, 10.739, 12.29, 14.287, 15.81, 16.322, 16.41, 16.395, 16.747, 16.914, 17.497, 18.0, 18.154, 18.405, 18.516, 18.787, 18.93, 19.032, 19.179, 19.128, 19.294, 19.682, 19.642, 19.592, 20.21, 20.323, 19.84, 19.665, 19.923, 20.276, 20.39, 20.384, 20.306, 20.118, 20.15, 20.418, 20.337, 20.443, 20.534, 20.525, 20.553, 20.515, 20.576, 20.704, 20.693, 20.554, 20.583, 20.49, 20.418, 20.383, 20.244, 20.052, 19.971, 20.1, 20.356, 20.667, 20.786, 20.643, 20.517, 20.316, 20.44, 20.836, 20.932, 21.003, 21.003, 21.183, 21.294, 21.21, 21.132, 21.381, 22.129, 22.658, 22.801, 23.046, 23.27, 23.244], [9.031, 9.06, 9.146, 9.0, 8.171, 5.311, 2.448, 0.0, 3.399, 5.682, 7.384, 9.975, 11.841, 14.029, 15.616, 16.149, 16.233, 16.219, 16.57, 16.742, 17.335, 17.858, 18.039, 18.288, 18.38, 18.652, 18.829, 18.95, 19.127, 19.13, 19.372, 19.808, 19.773, 19.692, 20.27, 20.345, 19.823, 19.615, 19.841, 20.177, 20.305, 20.323, 20.257, 20.074, 20.121, 20.405, 20.312, 20.414, 20.508, 20.504, 20.529, 20.487, 20.544, 20.673, 20.667, 20.536, 20.568, 20.446, 20.349, 20.306, 20.155, 19.96, 19.875, 19.982, 20.232, 20.567, 20.695, 20.562, 20.456, 20.281, 20.424, 20.834, 20.938, 21.009, 21.012, 21.196, 21.308, 21.223, 21.148, 21.436, 22.229, 22.757, 22.888, 23.13, 23.359, 23.338], [9.979, 10.044, 10.115, 9.796, 8.898, 6.627, 5.027, 3.399, 0.0, 2.912, 5.931, 9.296, 11.609, 14.201, 15.847, 16.316, 16.297, 16.31, 16.686, 16.843, 17.477, 18.008, 18.24, 18.468, 18.478, 18.749, 18.987, 19.131, 19.31, 19.347, 19.639, 20.04, 20.003, 19.902, 20.443, 20.515, 19.953, 19.695, 19.884, 20.173, 20.264, 20.283, 20.266, 20.115, 20.135, 20.411, 20.312, 20.386, 20.498, 20.517, 20.537, 20.493, 20.584, 20.696, 20.641, 20.507, 20.551, 20.468, 20.412, 20.398, 20.269, 20.081, 20.002, 20.093, 20.34, 20.696, 20.832, 20.702, 20.583, 20.439, 20.646, 21.072, 21.13, 21.184, 21.2, 21.394, 21.512, 21.422, 21.305, 21.557, 22.376, 22.925, 23.069, 23.329, 23.552, 23.524], [10.992, 11.101, 11.215, 10.896, 9.953, 8.027, 6.973, 5.682, 2.912, 0.0, 4.773, 8.805, 11.24, 14.036, 15.737, 16.174, 16.092, 16.195, 16.624, 16.749, 17.419, 17.953, 18.233, 18.489, 18.413, 18.664, 18.949, 19.082, 19.227, 19.276, 19.638, 20.013, 19.974, 19.852, 20.369, 20.466, 19.885, 19.586, 19.766, 20.021, 20.058, 20.06, 20.078, 19.977, 19.949, 20.174, 20.052, 20.093, 20.218, 20.25, 20.266, 20.22, 20.328, 20.424, 20.324, 20.177, 20.223, 20.173, 20.155, 20.169, 20.064, 19.891, 19.826, 19.896, 20.132, 20.506, 20.647, 20.51, 20.342, 20.175, 20.415, 20.879, 20.919, 20.967, 20.985, 21.181, 21.294, 21.188, 21.037, 21.305, 22.172, 22.748, 22.902, 23.181, 23.405, 23.367], [12.343, 12.418, 12.681, 12.507, 11.582, 9.733, 8.483, 7.384, 5.931, 4.773, 0.0, 5.037, 8.32, 11.647, 13.684, 14.234, 14.206, 14.321, 14.793, 14.973, 15.688, 16.217, 16.528, 16.866, 16.868, 17.204, 17.532, 17.722, 17.886, 17.938, 18.476, 19.018, 18.979, 18.89, 19.492, 19.591, 18.983, 18.689, 18.9, 19.19, 19.236, 19.215, 19.2, 19.084, 19.166, 19.466, 19.285, 19.33, 19.449, 19.493, 19.521, 19.455, 19.521, 19.631, 19.586, 19.428, 19.465, 19.358, 19.284, 19.288, 19.172, 19.046, 18.989, 18.92, 19.021, 19.395, 19.559, 19.417, 19.232, 19.018, 19.204, 19.722, 19.859, 19.92, 19.906, 20.092, 20.175, 20.08, 20.045, 20.537, 21.534, 22.133, 22.267, 22.55, 22.81, 22.797], [14.07, 14.086, 14.415, 14.365, 13.497, 11.919, 10.739, 9.975, 9.296, 8.805, 5.037, 0.0, 4.741, 8.976, 11.432, 12.165, 12.25, 12.413, 12.88, 13.074, 13.75, 14.243, 14.597, 14.956, 15.009, 15.427, 15.784, 16.061, 16.307, 16.405, 17.18, 17.945, 17.905, 17.855, 18.507, 18.585, 17.937, 17.669, 17.942, 18.27, 18.356, 18.317, 18.28, 18.144, 18.366, 18.812, 18.576, 18.625, 18.737, 18.793, 18.838, 18.761, 18.776, 18.888, 18.91, 18.769, 18.829, 18.69, 18.563, 18.564, 18.458, 18.389, 18.345, 18.172, 18.153, 18.496, 18.675, 18.497, 18.314, 18.089, 18.236, 18.791, 19.043, 19.121, 19.08, 19.257, 19.316, 19.244, 19.342, 20.049, 21.184, 21.837, 21.968, 22.261, 22.564, 22.58], [15.095, 15.122, 15.502, 15.59, 14.869, 13.372, 12.29, 11.841, 11.609, 11.24, 8.32, 4.741, 0.0, 5.402, 8.721, 9.732, 9.961, 10.34, 10.917, 11.072, 11.734, 12.251, 12.665, 13.145, 13.333, 13.854, 14.255, 14.611, 14.879, 14.977, 15.884, 16.743, 16.688, 16.604, 17.333, 17.507, 16.91, 16.683, 17.035, 17.435, 17.501, 17.413, 17.392, 17.282, 17.45, 17.865, 17.607, 17.635, 17.769, 17.874, 17.937, 17.854, 17.845, 17.915, 17.914, 17.749, 17.844, 17.77, 17.686, 17.696, 17.619, 17.615, 17.615, 17.477, 17.529, 17.915, 18.093, 17.85, 17.588, 17.212, 17.234, 17.824, 18.188, 18.305, 18.23, 18.387, 18.42, 18.305, 18.398, 19.168, 20.37, 21.1, 21.267, 21.589, 21.928, 21.945], [16.523, 16.564, 17.045, 17.319, 16.809, 15.42, 14.287, 14.029, 14.201, 14.036, 11.647, 8.976, 5.402, 0.0, 4.393, 6.162, 6.774, 7.301, 8.067, 8.301, 8.859, 9.455, 9.871, 10.487, 10.969, 11.693, 12.164, 12.714, 13.062, 13.141, 14.202, 15.28, 15.236, 15.151, 15.979, 16.222, 15.773, 15.659, 16.027, 16.538, 16.73, 16.648, 16.619, 16.551, 16.807, 17.267, 17.037, 17.174, 17.289, 17.4, 17.495, 17.387, 17.304, 17.39, 17.512, 17.351, 17.4, 17.244, 17.112, 17.088, 17.021, 17.067, 17.112, 17.025, 17.177, 17.686, 17.874, 17.623, 17.394, 16.945, 16.819, 17.416, 17.96, 18.131, 17.997, 18.096, 18.083, 17.92, 18.081, 18.937, 20.127, 20.883, 21.098, 21.42, 21.781, 21.805], [17.608, 17.655, 18.226, 18.563, 18.139, 16.885, 15.81, 15.616, 15.847, 15.737, 13.684, 11.432, 8.721, 4.393, 0.0, 3.061, 4.704, 5.378, 6.337, 6.715, 7.336, 8.101, 8.508, 9.139, 9.754, 10.568, 11.032, 11.651, 12.084, 12.182, 13.36, 14.584, 14.54, 14.43, 15.331, 15.634, 15.295, 15.265, 15.624, 16.168, 16.424, 16.38, 16.389, 16.395, 16.659, 17.095, 16.879, 17.101, 17.255, 17.376, 17.484, 17.356, 17.217, 17.302, 17.475, 17.296, 17.303, 17.084, 16.873, 16.785, 16.706, 16.793, 16.887, 16.851, 17.103, 17.733, 17.941, 17.708, 17.511, 17.03, 16.828, 17.456, 18.141, 18.325, 18.14, 18.207, 18.167, 17.957, 18.155, 19.086, 20.283, 21.055, 21.296, 21.623, 21.996, 22.049], [17.98, 18.014, 18.579, 18.906, 18.514, 17.319, 16.322, 16.149, 16.316, 16.174, 14.234, 12.165, 9.732, 6.162, 3.061, 0.0, 2.76, 3.977, 5.003, 5.56, 6.399, 7.278, 7.722, 8.44, 9.213, 10.154, 10.787, 11.564, 12.019, 12.168, 13.437, 14.662, 14.609, 14.514, 15.404, 15.704, 15.335, 15.287, 15.634, 16.184, 16.444, 16.417, 16.517, 16.602, 16.882, 17.292, 17.058, 17.229, 17.392, 17.573, 17.695, 17.575, 17.457, 17.519, 17.665, 17.489, 17.525, 17.352, 17.15, 17.041, 16.941, 17.026, 17.126, 17.105, 17.378, 18.026, 18.239, 18.008, 17.855, 17.371, 17.169, 17.804, 18.49, 18.675, 18.495, 18.559, 18.508, 18.287, 18.476, 19.417, 20.618, 21.394, 21.624, 21.932, 22.3, 22.363], [18.011, 18.039, 18.557, 18.841, 18.481, 17.345, 16.41, 16.233, 16.297, 16.092, 14.206, 12.25, 9.961, 6.774, 4.704, 2.76, 0.0, 2.568, 4.218, 4.877, 5.961, 6.791, 7.321, 8.169, 8.974, 10.001, 10.822, 11.726, 12.148, 12.319, 13.611, 14.785, 14.742, 14.719, 15.604, 15.878, 15.502, 15.453, 15.782, 16.315, 16.595, 16.587, 16.744, 16.894, 17.221, 17.645, 17.407, 17.53, 17.658, 17.839, 17.974, 17.856, 17.786, 17.848, 17.978, 17.832, 17.885, 17.76, 17.603, 17.525, 17.43, 17.499, 17.603, 17.593, 17.842, 18.445, 18.645, 18.405, 18.243, 17.774, 17.575, 18.157, 18.756, 18.93, 18.771, 18.844, 18.802, 18.59, 18.754, 19.657, 20.856, 21.638, 21.853, 22.132, 22.488, 22.546], [17.977, 18.004, 18.505, 18.777, 18.461, 17.36, 16.395, 16.219, 16.31, 16.195, 14.321, 12.413, 10.34, 7.301, 5.378, 3.977, 2.568, 0.0, 2.6, 3.89, 5.023, 5.94, 6.426, 7.318, 8.415, 9.607, 10.489, 11.522, 11.986, 12.119, 13.387, 14.616, 14.606, 14.666, 15.592, 15.858, 15.545, 15.557, 15.87, 16.419, 16.755, 16.764, 16.885, 16.998, 17.393, 17.868, 17.646, 17.788, 17.901, 18.076, 18.205, 18.078, 17.979, 18.065, 18.261, 18.139, 18.176, 18.02, 17.849, 17.77, 17.666, 17.724, 17.812, 17.804, 18.053, 18.651, 18.854, 18.63, 18.492, 18.036, 17.799, 18.317, 18.899, 19.072, 18.923, 18.996, 18.97, 18.793, 18.988, 19.855, 20.989, 21.731, 21.93, 22.181, 22.527, 22.591], [18.382, 18.411, 18.918, 19.19, 18.876, 17.74, 16.747, 16.57, 16.686, 16.624, 14.793, 12.88, 10.917, 8.067, 6.337, 5.003, 4.218, 2.6, 0.0, 2.197, 3.786, 4.96, 5.524, 6.409, 7.654, 8.977, 10.0, 11.171, 11.679, 11.854, 13.191, 14.488, 14.488, 14.579, 15.521, 15.78, 15.523, 15.61, 15.924, 16.467, 16.826, 16.838, 16.967, 17.068, 17.459, 17.954, 17.739, 17.884, 17.995, 18.215, 18.361, 18.246, 18.154, 18.227, 18.438, 18.314, 18.353, 18.197, 18.017, 17.926, 17.821, 17.896, 17.977, 17.939, 18.19, 18.823, 19.037, 18.838, 18.773, 18.33, 18.07, 18.581, 19.206, 19.392, 19.235, 19.302, 19.271, 19.095, 19.308, 20.183, 21.295, 22.025, 22.236, 22.488, 22.829, 22.892], [18.536, 18.573, 19.105, 19.404, 19.064, 17.899, 16.914, 16.742, 16.843, 16.749, 14.973, 13.074, 11.072, 8.301, 6.715, 5.56, 4.877, 3.89, 2.197, 0.0, 2.649, 4.252, 5.007, 5.982, 7.101, 8.418, 9.463, 10.657, 11.201, 11.549, 13.076, 14.406, 14.404, 14.454, 15.351, 15.593, 15.323, 15.421, 15.738, 16.255, 16.603, 16.611, 16.752, 16.86, 17.223, 17.717, 17.483, 17.63, 17.748, 17.973, 18.125, 18.015, 17.939, 18.022, 18.231, 18.101, 18.148, 17.987, 17.795, 17.699, 17.595, 17.694, 17.787, 17.725, 17.971, 18.611, 18.827, 18.633, 18.595, 18.17, 17.929, 18.477, 19.132, 19.317, 19.149, 19.215, 19.174, 18.981, 19.209, 20.158, 21.329, 22.088, 22.32, 22.591, 22.938, 22.993], [19.104, 19.141, 19.645, 19.945, 19.647, 18.508, 17.497, 17.335, 17.477, 17.419, 15.688, 13.75, 11.734, 8.859, 7.336, 6.399, 5.961, 5.023, 3.786, 2.649, 0.0, 2.288, 3.412, 4.639, 6.144, 7.641, 8.87, 10.322, 10.975, 11.442, 13.119, 14.507, 14.526, 14.573, 15.355, 15.555, 15.34, 15.492, 15.785, 16.315, 16.723, 16.733, 16.822, 16.883, 17.309, 17.876, 17.658, 17.829, 17.906, 18.136, 18.298, 18.186, 18.073, 18.197, 18.527, 18.459, 18.491, 18.262, 18.055, 17.98, 17.87, 17.972, 18.054, 17.98, 18.209, 18.835, 19.044, 18.853, 18.883, 18.509, 18.25, 18.742, 19.379, 19.565, 19.41, 19.48, 19.461, 19.317, 19.588, 20.508, 21.607, 22.314, 22.503, 22.728, 23.057, 23.113], [19.586, 19.619, 20.082, 20.348, 20.073, 18.986, 18.0, 17.858, 18.008, 17.953, 16.217, 14.243, 12.251, 9.455, 8.101, 7.278, 6.791, 5.94, 4.96, 4.252, 2.288, 0.0, 2.043, 3.911, 5.816, 7.563, 9.044, 10.594, 11.222, 11.66, 13.308, 14.671, 14.694, 14.746, 15.469, 15.628, 15.429, 15.616, 15.914, 16.453, 16.887, 16.888, 16.959, 17.016, 17.491, 18.102, 17.903, 18.085, 18.145, 18.376, 18.54, 18.432, 18.32, 18.456, 18.837, 18.823, 18.865, 18.618, 18.422, 18.374, 18.269, 18.374, 18.459, 18.388, 18.605, 19.217, 19.419, 19.24, 19.305, 18.953, 18.676, 19.108, 19.7, 19.878, 19.734, 19.809, 19.802, 19.678, 19.946, 20.824, 21.879, 22.557, 22.716, 22.905, 23.221, 23.278], [19.73, 19.758, 20.216, 20.481, 20.22, 19.147, 18.154, 18.039, 18.24, 18.233, 16.528, 14.597, 12.665, 9.871, 8.508, 7.722, 7.321, 6.426, 5.524, 5.007, 3.412, 2.043, 0.0, 2.664, 5.619, 7.748, 9.233, 10.826, 11.477, 11.878, 13.479, 14.851, 14.885, 14.947, 15.681, 15.845, 15.681, 15.885, 16.19, 16.747, 17.187, 17.179, 17.222, 17.244, 17.709, 18.317, 18.132, 18.332, 18.396, 18.636, 18.8, 18.684, 18.556, 18.702, 19.094, 19.087, 19.141, 18.898, 18.703, 18.656, 18.548, 18.642, 18.709, 18.633, 18.827, 19.402, 19.599, 19.433, 19.5, 19.144, 18.859, 19.263, 19.839, 20.009, 19.873, 19.957, 19.957, 19.848, 20.124, 20.98, 22.003, 22.644, 22.77, 22.938, 23.249, 23.32], [19.995, 20.018, 20.472, 20.728, 20.448, 19.389, 18.405, 18.288, 18.468, 18.489, 16.866, 14.956, 13.145, 10.487, 9.139, 8.44, 8.169, 7.318, 6.409, 5.982, 4.639, 3.911, 2.664, 0.0, 4.096, 6.872, 8.515, 10.273, 11.039, 11.52, 13.272, 14.726, 14.778, 14.837, 15.576, 15.767, 15.649, 15.88, 16.159, 16.692, 17.154, 17.152, 17.19, 17.203, 17.692, 18.362, 18.19, 18.404, 18.469, 18.734, 18.912, 18.779, 18.632, 18.785, 19.209, 19.212, 19.264, 19.035, 18.862, 18.828, 18.724, 18.815, 18.864, 18.778, 18.987, 19.579, 19.769, 19.617, 19.708, 19.373, 19.124, 19.535, 20.118, 20.291, 20.161, 20.249, 20.254, 20.151, 20.422, 21.245, 22.244, 22.866, 22.981, 23.147, 23.455, 23.532], [20.114, 20.146, 20.608, 20.832, 20.464, 19.424, 18.516, 18.38, 18.478, 18.413, 16.868, 15.009, 13.333, 10.969, 9.754, 9.213, 8.974, 8.415, 7.654, 7.101, 6.144, 5.816, 5.619, 4.096, 0.0, 3.754, 6.4, 8.303, 9.117, 10.0, 12.268, 13.746, 13.748, 13.769, 14.455, 14.71, 14.615, 14.914, 15.192, 15.62, 16.096, 16.11, 16.208, 16.308, 16.805, 17.561, 17.373, 17.588, 17.629, 17.939, 18.159, 18.018, 17.888, 18.028, 18.488, 18.526, 18.579, 18.369, 18.272, 18.308, 18.227, 18.344, 18.415, 18.329, 18.649, 19.391, 19.594, 19.439, 19.559, 19.231, 19.024, 19.474, 20.069, 20.267, 20.133, 20.211, 20.207, 20.072, 20.287, 21.093, 22.13, 22.812, 22.981, 23.187, 23.498, 23.556], [20.343, 20.378, 20.839, 21.053, 20.657, 19.643, 18.787, 18.652, 18.749, 18.664, 17.204, 15.427, 13.854, 11.693, 10.568, 10.154, 10.001, 9.607, 8.977, 8.418, 7.641, 7.563, 7.748, 6.872, 3.754, 0.0, 3.919, 6.479, 7.497, 8.881, 11.61, 13.06, 12.967, 12.998, 13.619, 13.939, 13.898, 14.253, 14.534, 14.864, 15.347, 15.405, 15.538, 15.68, 16.166, 16.962, 16.765, 16.952, 16.916, 17.243, 17.494, 17.352, 17.213, 17.336, 17.866, 17.964, 18.018, 17.776, 17.735, 17.897, 17.897, 18.041, 18.126, 18.039, 18.407, 19.227, 19.44, 19.273, 19.409, 19.069, 18.84, 19.274, 19.877, 20.101, 19.971, 20.046, 20.045, 19.904, 20.079, 20.853, 21.896, 22.621, 22.836, 23.058, 23.373, 23.418], [20.326, 20.356, 20.851, 21.119, 20.744, 19.746, 18.93, 18.829, 18.987, 18.949, 17.532, 15.784, 14.255, 12.164, 11.032, 10.787, 10.822, 10.489, 10.0, 9.463, 8.87, 9.044, 9.233, 8.515, 6.4, 3.919, 0.0, 3.729, 5.576, 7.444, 10.629, 12.295, 12.189, 12.281, 13.055, 13.449, 13.473, 13.87, 14.175, 14.517, 14.997, 15.094, 15.241, 15.369, 15.837, 16.635, 16.453, 16.647, 16.545, 16.828, 17.075, 16.919, 16.743, 16.898, 17.507, 17.612, 17.655, 17.359, 17.253, 17.444, 17.569, 17.763, 17.851, 17.77, 18.144, 18.949, 19.166, 18.991, 19.083, 18.721, 18.451, 18.862, 19.505, 19.745, 19.596, 19.663, 19.647, 19.488, 19.665, 20.474, 21.53, 22.27, 22.526, 22.785, 23.121, 23.163], [20.269, 20.304, 20.843, 21.137, 20.754, 19.786, 19.032, 18.95, 19.131, 19.082, 17.722, 16.061, 14.611, 12.714, 11.651, 11.564, 11.726, 11.522, 11.171, 10.657, 10.322, 10.594, 10.826, 10.273, 8.303, 6.479, 3.729, 0.0, 2.782, 5.68, 9.415, 11.324, 11.235, 11.387, 12.37, 12.861, 12.902, 13.38, 13.759, 14.106, 14.547, 14.643, 14.837, 15.011, 15.411, 16.183, 16.028, 16.281, 16.2, 16.429, 16.661, 16.514, 16.354, 16.542, 17.144, 17.209, 17.231, 16.942, 16.813, 16.956, 17.121, 17.397, 17.545, 17.493, 17.892, 18.721, 18.956, 18.754, 18.793, 18.416, 18.14, 18.561, 19.244, 19.493, 19.312, 19.351, 19.298, 19.095, 19.267, 20.138, 21.236, 21.986, 22.268, 22.569, 22.915, 22.948], [20.31, 20.352, 20.895, 21.178, 20.79, 19.87, 19.179, 19.127, 19.31, 19.227, 17.886, 16.307, 14.879, 13.062, 12.084, 12.019, 12.148, 11.986, 11.679, 11.201, 10.975, 11.222, 11.477, 11.039, 9.117, 7.497, 5.576, 2.782, 0.0, 3.941, 8.301, 10.357, 10.256, 10.536, 11.73, 12.355, 12.483, 13.071, 13.553, 13.896, 14.293, 14.36, 14.561, 14.76, 15.092, 15.83, 15.694, 15.98, 15.915, 16.136, 16.367, 16.226, 16.117, 16.342, 16.918, 16.969, 16.992, 16.755, 16.701, 16.864, 17.024, 17.337, 17.549, 17.545, 17.956, 18.78, 19.017, 18.79, 18.802, 18.398, 18.098, 18.506, 19.194, 19.451, 19.263, 19.288, 19.22, 19.004, 19.158, 20.006, 21.092, 21.843, 22.123, 22.422, 22.761, 22.784], [20.107, 20.147, 20.672, 20.938, 20.583, 19.746, 19.128, 19.13, 19.347, 19.276, 17.938, 16.405, 14.977, 13.141, 12.182, 12.168, 12.319, 12.119, 11.854, 11.549, 11.442, 11.66, 11.878, 11.52, 10.0, 8.881, 7.444, 5.68, 3.941, 0.0, 5.138, 7.729, 7.746, 8.367, 10.17, 11.104, 11.457, 12.278, 12.941, 13.421, 13.853, 13.888, 13.98, 14.114, 14.436, 15.196, 15.147, 15.556, 15.525, 15.723, 15.949, 15.798, 15.725, 16.02, 16.609, 16.659, 16.684, 16.495, 16.526, 16.726, 16.91, 17.249, 17.519, 17.646, 18.14, 18.946, 19.171, 18.927, 18.862, 18.399, 18.015, 18.357, 19.047, 19.32, 19.132, 19.158, 19.106, 18.894, 19.004, 19.744, 20.725, 21.437, 21.726, 22.021, 22.349, 22.368], [20.022, 20.057, 20.517, 20.722, 20.431, 19.768, 19.294, 19.372, 19.639, 19.638, 18.476, 17.18, 15.884, 14.202, 13.36, 13.437, 13.611, 13.387, 13.191, 13.076, 13.119, 13.308, 13.479, 13.272, 12.268, 11.61, 10.629, 9.415, 8.301, 5.138, 0.0, 3.419, 4.021, 5.315, 8.385, 9.893, 10.646, 11.746, 12.557, 13.187, 13.61, 13.574, 13.459, 13.439, 13.707, 14.474, 14.613, 15.24, 15.304, 15.436, 15.63, 15.478, 15.438, 15.764, 16.34, 16.392, 16.404, 16.299, 16.491, 16.739, 16.955, 17.291, 17.589, 17.951, 18.692, 19.528, 19.733, 19.481, 19.307, 18.773, 18.295, 18.511, 19.143, 19.445, 19.277, 19.3, 19.302, 19.093, 19.063, 19.457, 20.127, 20.696, 20.972, 21.231, 21.509, 21.507], [20.236, 20.266, 20.655, 20.777, 20.493, 19.986, 19.682, 19.808, 20.04, 20.013, 19.018, 17.945, 16.743, 15.28, 14.584, 14.662, 14.785, 14.616, 14.488, 14.406, 14.507, 14.671, 14.851, 14.726, 13.746, 13.06, 12.295, 11.324, 10.357, 7.729, 3.419, 0.0, 1.786, 3.969, 7.789, 9.746, 10.699, 11.845, 12.675, 13.248, 13.534, 13.429, 13.238, 13.154, 13.257, 13.947, 14.179, 14.842, 14.945, 15.063, 15.247, 15.109, 15.134, 15.417, 15.917, 16.002, 16.026, 16.08, 16.538, 16.938, 17.209, 17.526, 17.825, 18.304, 19.203, 20.092, 20.287, 20.045, 19.829, 19.255, 18.755, 18.891, 19.428, 19.755, 19.625, 19.655, 19.69, 19.477, 19.288, 19.327, 19.74, 20.264, 20.563, 20.811, 21.044, 21.013], [20.172, 20.204, 20.593, 20.714, 20.42, 19.919, 19.642, 19.773, 20.003, 19.974, 18.979, 17.905, 16.688, 15.236, 14.54, 14.609, 14.742, 14.606, 14.488, 14.404, 14.526, 14.694, 14.885, 14.778, 13.748, 12.967, 12.189, 11.235, 10.256, 7.746, 4.021, 1.786, 0.0, 3.468, 7.692, 9.71, 10.617, 11.678, 12.505, 13.046, 13.273, 13.148, 12.962, 12.889, 12.946, 13.61, 13.843, 14.503, 14.619, 14.754, 14.941, 14.823, 14.878, 15.146, 15.613, 15.69, 15.729, 15.828, 16.357, 16.843, 17.156, 17.471, 17.77, 18.244, 19.132, 20.019, 20.233, 19.991, 19.755, 19.156, 18.646, 18.793, 19.336, 19.665, 19.539, 19.57, 19.599, 19.381, 19.17, 19.187, 19.606, 20.165, 20.496, 20.764, 21.008, 20.976], [20.151, 20.199, 20.656, 20.822, 20.498, 19.915, 19.592, 19.692, 19.902, 19.852, 18.89, 17.855, 16.604, 15.151, 14.43, 14.514, 14.719, 14.666, 14.579, 14.454, 14.573, 14.746, 14.947, 14.837, 13.769, 12.998, 12.281, 11.387, 10.536, 8.367, 5.315, 3.969, 3.468, 0.0, 4.971, 7.554, 8.815, 10.1, 10.996, 11.56, 11.753, 11.631, 11.455, 11.412, 11.404, 12.132, 12.422, 13.203, 13.348, 13.493, 13.687, 13.537, 13.557, 13.853, 14.437, 14.575, 14.588, 14.608, 15.149, 15.668, 16.01, 16.364, 16.706, 17.255, 18.338, 19.367, 19.592, 19.419, 19.313, 18.764, 18.267, 18.484, 19.111, 19.445, 19.284, 19.306, 19.319, 19.064, 18.838, 18.921, 19.442, 20.033, 20.372, 20.679, 20.943, 20.917], [20.839, 20.895, 21.361, 21.539, 21.202, 20.581, 20.21, 20.27, 20.443, 20.369, 19.492, 18.507, 17.333, 15.979, 15.331, 15.404, 15.604, 15.592, 15.521, 15.351, 15.355, 15.469, 15.681, 15.576, 14.455, 13.619, 13.055, 12.37, 11.73, 10.17, 8.385, 7.789, 7.692, 4.971, 0.0, 3.598, 6.091, 8.208, 9.214, 9.695, 10.012, 10.011, 9.938, 10.0, 10.105, 11.116, 11.519, 12.445, 12.498, 12.614, 12.839, 12.645, 12.567, 12.91, 13.787, 14.166, 14.167, 13.907, 14.295, 14.816, 15.146, 15.536, 15.947, 16.514, 17.783, 19.061, 19.276, 19.219, 19.512, 19.216, 18.826, 19.09, 19.738, 20.039, 19.856, 19.878, 19.886, 19.638, 19.463, 19.648, 20.266, 20.852, 21.155, 21.446, 21.709, 21.7], [20.995, 21.054, 21.515, 21.705, 21.369, 20.729, 20.323, 20.345, 20.515, 20.466, 19.591, 18.585, 17.507, 16.222, 15.634, 15.704, 15.878, 15.858, 15.78, 15.593, 15.555, 15.628, 15.845, 15.767, 14.71, 13.939, 13.449, 12.861, 12.355, 11.104, 9.893, 9.746, 9.71, 7.554, 3.598, 0.0, 3.604, 6.535, 7.672, 8.165, 8.72, 8.89, 8.941, 9.144, 9.661, 11.039, 11.502, 12.542, 12.562, 12.575, 12.79, 12.609, 12.489, 12.853, 13.87, 14.361, 14.374, 13.865, 13.978, 14.396, 14.663, 15.033, 15.448, 15.963, 17.212, 18.548, 18.758, 18.772, 19.31, 19.24, 19.013, 19.343, 19.99, 20.258, 20.074, 20.096, 20.09, 19.853, 19.755, 20.093, 20.806, 21.392, 21.675, 21.955, 22.225, 22.214], [20.493, 20.551, 21.023, 21.24, 20.872, 20.239, 19.84, 19.823, 19.953, 19.885, 18.983, 17.937, 16.91, 15.773, 15.295, 15.335, 15.502, 15.545, 15.523, 15.323, 15.34, 15.429, 15.681, 15.649, 14.615, 13.898, 13.473, 12.902, 12.483, 11.457, 10.646, 10.699, 10.617, 8.815, 6.091, 3.604, 0.0, 3.464, 4.951, 5.601, 6.335, 6.666, 6.962, 7.472, 8.453, 10.178, 10.667, 11.83, 11.952, 11.857, 12.034, 11.923, 11.892, 12.281, 13.24, 13.733, 13.757, 13.147, 13.2, 13.644, 13.865, 14.16, 14.543, 15.029, 16.19, 17.452, 17.661, 17.663, 18.243, 18.35, 18.412, 18.934, 19.577, 19.818, 19.639, 19.669, 19.641, 19.406, 19.343, 19.816, 20.653, 21.301, 21.62, 21.936, 22.218, 22.198], [20.241, 20.297, 20.757, 21.005, 20.631, 20.026, 19.665, 19.615, 19.695, 19.586, 18.689, 17.669, 16.683, 15.659, 15.265, 15.287, 15.453, 15.557, 15.61, 15.421, 15.492, 15.616, 15.885, 15.88, 14.914, 14.253, 13.87, 13.38, 13.071, 12.278, 11.746, 11.845, 11.678, 10.1, 8.208, 6.535, 3.464, 0.0, 2.118, 3.334, 4.209, 4.774, 5.387, 6.25, 7.56, 9.465, 9.943, 11.177, 11.417, 11.235, 11.364, 11.332, 11.404, 11.818, 12.683, 13.154, 13.183, 12.534, 12.603, 13.161, 13.412, 13.608, 13.94, 14.427, 15.542, 16.715, 16.912, 16.873, 17.424, 17.651, 17.982, 18.726, 19.371, 19.589, 19.425, 19.472, 19.444, 19.221, 19.173, 19.706, 20.603, 21.286, 21.629, 21.964, 22.245, 22.214], [20.507, 20.564, 21.01, 21.255, 20.908, 20.31, 19.923, 19.841, 19.884, 19.766, 18.9, 17.942, 17.035, 16.027, 15.624, 15.634, 15.782, 15.87, 15.924, 15.738, 15.785, 15.914, 16.19, 16.159, 15.192, 14.534, 14.175, 13.759, 13.553, 12.941, 12.557, 12.675, 12.505, 10.996, 9.214, 7.672, 4.951, 2.118, 0.0, 2.005, 3.477, 4.296, 5.032, 6.019, 7.605, 9.633, 10.086, 11.345, 11.602, 11.38, 11.488, 11.473, 11.56, 11.974, 12.864, 13.356, 13.361, 12.666, 12.715, 13.31, 13.569, 13.719, 14.007, 14.455, 15.538, 16.681, 16.86, 16.823, 17.402, 17.707, 18.122, 18.917, 19.558, 19.77, 19.627, 19.684, 19.667, 19.464, 19.434, 19.995, 20.891, 21.549, 21.871, 22.185, 22.458, 22.426], [20.83, 20.894, 21.348, 21.576, 21.196, 20.636, 20.276, 20.177, 20.173, 20.021, 19.19, 18.27, 17.435, 16.538, 16.168, 16.184, 16.315, 16.419, 16.467, 16.255, 16.315, 16.453, 16.747, 16.692, 15.62, 14.864, 14.517, 14.106, 13.896, 13.421, 13.187, 13.248, 13.046, 11.56, 9.695, 8.165, 5.601, 3.334, 2.005, 0.0, 2.204, 3.385, 4.421, 5.67, 7.372, 9.551, 9.979, 11.242, 11.532, 11.286, 11.389, 11.368, 11.506, 11.894, 12.748, 13.287, 13.292, 12.6, 12.715, 13.404, 13.693, 13.843, 14.134, 14.515, 15.541, 16.71, 16.887, 16.869, 17.491, 17.841, 18.29, 19.075, 19.696, 19.91, 19.781, 19.845, 19.831, 19.628, 19.586, 20.131, 21.038, 21.709, 22.042, 22.371, 22.644, 22.615], [20.855, 20.928, 21.402, 21.629, 21.219, 20.683, 20.39, 20.305, 20.264, 20.058, 19.236, 18.356, 17.501, 16.73, 16.424, 16.444, 16.595, 16.755, 16.826, 16.603, 16.723, 16.887, 17.187, 17.154, 16.096, 15.347, 14.997, 14.547, 14.293, 13.853, 13.61, 13.534, 13.273, 11.753, 10.012, 8.72, 6.335, 4.209, 3.477, 2.204, 0.0, 1.719, 3.457, 5.007, 6.496, 8.661, 9.134, 10.407, 10.842, 10.645, 10.727, 10.714, 10.918, 11.24, 11.946, 12.484, 12.522, 11.944, 12.226, 13.029, 13.398, 13.58, 13.902, 14.307, 15.378, 16.562, 16.745, 16.73, 17.286, 17.593, 18.051, 18.859, 19.479, 19.703, 19.579, 19.644, 19.624, 19.397, 19.298, 19.774, 20.67, 21.385, 21.77, 22.144, 22.423, 22.387], [20.853, 20.929, 21.414, 21.638, 21.224, 20.676, 20.384, 20.323, 20.283, 20.06, 19.215, 18.317, 17.413, 16.648, 16.38, 16.417, 16.587, 16.764, 16.838, 16.611, 16.733, 16.888, 17.179, 17.152, 16.11, 15.405, 15.094, 14.643, 14.36, 13.888, 13.574, 13.429, 13.148, 11.631, 10.011, 8.89, 6.666, 4.774, 4.296, 3.385, 1.719, 0.0, 2.347, 4.152, 5.69, 7.99, 8.513, 9.863, 10.421, 10.304, 10.387, 10.366, 10.573, 10.848, 11.488, 12.022, 12.107, 11.661, 12.087, 12.961, 13.368, 13.582, 13.917, 14.345, 15.44, 16.601, 16.777, 16.745, 17.238, 17.494, 17.927, 18.737, 19.364, 19.598, 19.472, 19.532, 19.506, 19.267, 19.148, 19.58, 20.444, 21.168, 21.562, 21.947, 22.223, 22.178], [20.799, 20.871, 21.339, 21.547, 21.134, 20.6, 20.306, 20.257, 20.266, 20.078, 19.2, 18.28, 17.392, 16.619, 16.389, 16.517, 16.744, 16.885, 16.967, 16.752, 16.822, 16.959, 17.222, 17.19, 16.208, 15.538, 15.241, 14.837, 14.561, 13.98, 13.459, 13.238, 12.962, 11.455, 9.938, 8.941, 6.962, 5.387, 5.032, 4.421, 3.457, 2.347, 0.0, 2.2, 4.61, 7.381, 8.014, 9.561, 10.201, 10.057, 10.118, 10.079, 10.202, 10.495, 11.247, 11.823, 11.926, 11.5, 11.996, 12.925, 13.349, 13.562, 13.884, 14.363, 15.495, 16.62, 16.788, 16.73, 17.171, 17.39, 17.782, 18.584, 19.226, 19.48, 19.36, 19.42, 19.416, 19.194, 19.062, 19.434, 20.218, 20.905, 21.292, 21.672, 21.938, 21.883], [20.67, 20.734, 21.189, 21.379, 20.966, 20.429, 20.118, 20.074, 20.115, 19.977, 19.084, 18.144, 17.282, 16.551, 16.395, 16.602, 16.894, 16.998, 17.068, 16.86, 16.883, 17.016, 17.244, 17.203, 16.308, 15.68, 15.369, 15.011, 14.76, 14.114, 13.439, 13.154, 12.889, 11.412, 10.0, 9.144, 7.472, 6.25, 6.019, 5.67, 5.007, 4.152, 2.2, 0.0, 3.601, 6.846, 7.584, 9.252, 9.96, 9.852, 9.903, 9.852, 9.914, 10.251, 11.089, 11.665, 11.775, 11.387, 11.946, 12.901, 13.338, 13.545, 13.829, 14.342, 15.504, 16.602, 16.765, 16.687, 17.08, 17.247, 17.582, 18.371, 19.028, 19.301, 19.196, 19.265, 19.293, 19.113, 18.976, 19.257, 19.952, 20.594, 20.963, 21.329, 21.582, 21.525], [20.614, 20.688, 21.169, 21.381, 20.968, 20.421, 20.15, 20.121, 20.135, 19.949, 19.166, 18.366, 17.45, 16.807, 16.659, 16.882, 17.221, 17.393, 17.459, 17.223, 17.309, 17.491, 17.709, 17.692, 16.805, 16.166, 15.837, 15.411, 15.092, 14.436, 13.707, 13.257, 12.946, 11.404, 10.105, 9.661, 8.453, 7.56, 7.605, 7.372, 6.496, 5.69, 4.61, 3.601, 0.0, 3.84, 5.014, 7.085, 8.147, 8.317, 8.479, 8.467, 8.687, 9.024, 9.705, 10.247, 10.418, 10.379, 11.345, 12.432, 12.957, 13.262, 13.625, 14.215, 15.535, 16.734, 16.918, 16.851, 17.112, 17.079, 17.262, 18.012, 18.691, 18.995, 18.885, 18.956, 18.985, 18.788, 18.588, 18.71, 19.374, 20.083, 20.478, 20.873, 21.132, 21.086], [20.724, 20.799, 21.286, 21.524, 21.144, 20.628, 20.418, 20.405, 20.411, 20.174, 19.466, 18.812, 17.865, 17.267, 17.095, 17.292, 17.645, 17.868, 17.954, 17.717, 17.876, 18.102, 18.317, 18.362, 17.561, 16.962, 16.635, 16.183, 15.83, 15.196, 14.474, 13.947, 13.61, 12.132, 11.116, 11.039, 10.178, 9.465, 9.633, 9.551, 8.661, 7.99, 7.381, 6.846, 3.84, 0.0, 2.464, 5.358, 6.892, 7.349, 7.566, 7.673, 8.117, 8.48, 8.887, 9.35, 9.61, 9.946, 11.249, 12.421, 13.009, 13.405, 13.859, 14.531, 15.916, 17.117, 17.316, 17.254, 17.362, 17.156, 17.208, 17.892, 18.538, 18.847, 18.735, 18.801, 18.824, 18.6, 18.342, 18.384, 19.052, 19.802, 20.211, 20.627, 20.898, 20.859], [20.625, 20.705, 21.218, 21.48, 21.085, 20.557, 20.337, 20.312, 20.312, 20.052, 19.285, 18.576, 17.607, 17.037, 16.879, 17.058, 17.407, 17.646, 17.739, 17.483, 17.658, 17.903, 18.132, 18.19, 17.373, 16.765, 16.453, 16.028, 15.694, 15.147, 14.613, 14.179, 13.843, 12.422, 11.519, 11.502, 10.667, 9.943, 10.086, 9.979, 9.134, 8.513, 8.014, 7.584, 5.014, 2.464, 0.0, 3.602, 5.614, 6.286, 6.565, 6.682, 7.246, 7.666, 8.025, 8.516, 8.887, 9.367, 10.734, 11.968, 12.617, 13.037, 13.493, 14.124, 15.497, 16.719, 16.916, 16.834, 16.92, 16.68, 16.688, 17.392, 18.057, 18.375, 18.259, 18.328, 18.351, 18.125, 17.87, 18.004, 18.857, 19.731, 20.159, 20.589, 20.875, 20.844], [20.64, 20.728, 21.258, 21.535, 21.138, 20.636, 20.443, 20.414, 20.386, 20.093, 19.33, 18.625, 17.635, 17.174, 17.101, 17.229, 17.53, 17.788, 17.884, 17.63, 17.829, 18.085, 18.332, 18.404, 17.588, 16.952, 16.647, 16.281, 15.98, 15.556, 15.24, 14.842, 14.503, 13.203, 12.445, 12.542, 11.83, 11.177, 11.345, 11.242, 10.407, 9.863, 9.561, 9.252, 7.085, 5.358, 3.602, 0.0, 3.016, 4.5, 4.971, 5.133, 5.898, 6.249, 6.445, 7.056, 7.604, 8.51, 10.214, 11.646, 12.427, 12.891, 13.364, 13.977, 15.383, 16.653, 16.835, 16.753, 16.816, 16.513, 16.47, 17.165, 17.791, 18.115, 17.993, 18.052, 18.078, 17.845, 17.527, 17.603, 18.604, 19.721, 20.248, 20.69, 20.979, 20.948], [20.692, 20.776, 21.3, 21.595, 21.223, 20.732, 20.534, 20.508, 20.498, 20.218, 19.449, 18.737, 17.769, 17.289, 17.255, 17.392, 17.658, 17.901, 17.995, 17.748, 17.906, 18.145, 18.396, 18.469, 17.629, 16.916, 16.545, 16.2, 15.915, 15.525, 15.304, 14.945, 14.619, 13.348, 12.498, 12.562, 11.952, 11.417, 11.602, 11.532, 10.842, 10.421, 10.201, 9.96, 8.147, 6.892, 5.614, 3.016, 0.0, 2.492, 3.402, 3.628, 4.563, 5.033, 5.711, 6.553, 6.995, 7.751, 9.577, 11.188, 12.091, 12.614, 13.113, 13.712, 15.127, 16.458, 16.645, 16.601, 16.818, 16.611, 16.547, 17.2, 17.823, 18.151, 18.011, 18.044, 18.056, 17.816, 17.49, 17.581, 18.607, 19.818, 20.432, 20.881, 21.171, 21.129], [20.61, 20.692, 21.208, 21.511, 21.147, 20.701, 20.525, 20.504, 20.517, 20.25, 19.493, 18.793, 17.874, 17.4, 17.376, 17.573, 17.839, 18.076, 18.215, 17.973, 18.136, 18.376, 18.636, 18.734, 17.939, 17.243, 16.828, 16.429, 16.136, 15.723, 15.436, 15.063, 14.754, 13.493, 12.614, 12.575, 11.857, 11.235, 11.38, 11.286, 10.645, 10.304, 10.057, 9.852, 8.317, 7.349, 6.286, 4.5, 2.492, 0.0, 1.332, 2.02, 3.414, 4.161, 5.076, 6.067, 6.392, 6.87, 8.772, 10.574, 11.582, 12.106, 12.627, 13.267, 14.66, 15.97, 16.156, 16.112, 16.365, 16.279, 16.31, 16.993, 17.613, 17.936, 17.797, 17.825, 17.827, 17.583, 17.257, 17.384, 18.415, 19.626, 20.288, 20.76, 21.045, 20.988], [20.62, 20.703, 21.213, 21.51, 21.145, 20.718, 20.553, 20.529, 20.537, 20.266, 19.521, 18.838, 17.937, 17.495, 17.484, 17.695, 17.974, 18.205, 18.361, 18.125, 18.298, 18.54, 18.8, 18.912, 18.159, 17.494, 17.075, 16.661, 16.367, 15.949, 15.63, 15.247, 14.941, 13.687, 12.839, 12.79, 12.034, 11.364, 11.488, 11.389, 10.727, 10.387, 10.118, 9.903, 8.479, 7.566, 6.565, 4.971, 3.402, 1.332, 0.0, 1.423, 3.067, 3.915, 4.783, 5.797, 6.137, 6.606, 8.579, 10.45, 11.485, 11.992, 12.509, 13.172, 14.555, 15.841, 16.026, 15.98, 16.207, 16.13, 16.196, 16.905, 17.518, 17.832, 17.7, 17.736, 17.739, 17.496, 17.165, 17.292, 18.314, 19.52, 20.199, 20.681, 20.968, 20.906], [20.591, 20.679, 21.201, 21.506, 21.14, 20.699, 20.515, 20.487, 20.493, 20.22, 19.455, 18.761, 17.854, 17.387, 17.356, 17.575, 17.856, 18.078, 18.246, 18.015, 18.186, 18.432, 18.684, 18.779, 18.018, 17.352, 16.919, 16.514, 16.226, 15.798, 15.478, 15.109, 14.823, 13.537, 12.645, 12.609, 11.923, 11.332, 11.473, 11.368, 10.714, 10.366, 10.079, 9.852, 8.467, 7.673, 6.682, 5.133, 3.628, 2.02, 1.423, 0.0, 2.038, 3.127, 4.274, 5.475, 5.869, 6.395, 8.425, 10.309, 11.365, 11.883, 12.399, 13.062, 14.462, 15.77, 15.95, 15.922, 16.174, 16.076, 16.086, 16.765, 17.385, 17.706, 17.577, 17.618, 17.625, 17.381, 17.054, 17.183, 18.207, 19.422, 20.111, 20.596, 20.893, 20.847], [20.683, 20.771, 21.308, 21.638, 21.288, 20.812, 20.576, 20.544, 20.584, 20.328, 19.521, 18.776, 17.845, 17.304, 17.217, 17.457, 17.786, 17.979, 18.154, 17.939, 18.073, 18.32, 18.556, 18.632, 17.888, 17.213, 16.743, 16.354, 16.117, 15.725, 15.438, 15.134, 14.878, 13.557, 12.567, 12.489, 11.892, 11.404, 11.56, 11.506, 10.918, 10.573, 10.202, 9.914, 8.687, 8.117, 7.246, 5.898, 4.563, 3.414, 3.067, 2.038, 0.0, 1.862, 3.994, 5.397, 5.795, 6.073, 8.03, 9.937, 11.017, 11.557, 12.076, 12.761, 14.204, 15.55, 15.736, 15.737, 16.076, 15.994, 15.95, 16.598, 17.246, 17.58, 17.444, 17.485, 17.499, 17.264, 16.972, 17.153, 18.167, 19.359, 20.052, 20.539, 20.842, 20.808], [20.826, 20.915, 21.453, 21.775, 21.424, 20.939, 20.704, 20.673, 20.696, 20.424, 19.631, 18.888, 17.915, 17.39, 17.302, 17.519, 17.848, 18.065, 18.227, 18.022, 18.197, 18.456, 18.702, 18.785, 18.028, 17.336, 16.898, 16.542, 16.342, 16.02, 15.764, 15.417, 15.146, 13.853, 12.91, 12.853, 12.281, 11.818, 11.974, 11.894, 11.24, 10.848, 10.495, 10.251, 9.024, 8.48, 7.666, 6.249, 5.033, 4.161, 3.915, 3.127, 1.862, 0.0, 2.865, 4.645, 5.27, 5.885, 8.083, 10.04, 11.133, 11.671, 12.178, 12.845, 14.304, 15.668, 15.862, 15.865, 16.178, 16.07, 16.027, 16.67, 17.316, 17.664, 17.534, 17.573, 17.574, 17.305, 16.953, 17.063, 18.047, 19.261, 19.984, 20.493, 20.798, 20.759], [20.754, 20.845, 21.38, 21.676, 21.294, 20.855, 20.693, 20.667, 20.641, 20.324, 19.586, 18.91, 17.914, 17.512, 17.475, 17.665, 17.978, 18.261, 18.438, 18.231, 18.527, 18.837, 19.094, 19.209, 18.488, 17.866, 17.507, 17.144, 16.918, 16.609, 16.34, 15.917, 15.613, 14.437, 13.787, 13.87, 13.24, 12.683, 12.864, 12.748, 11.946, 11.488, 11.247, 11.089, 9.705, 8.887, 8.025, 6.445, 5.711, 5.076, 4.783, 4.274, 3.994, 2.865, 0.0, 2.48, 3.897, 5.822, 8.528, 10.518, 11.592, 12.104, 12.614, 13.274, 14.693, 16.01, 16.212, 16.172, 16.268, 16.047, 16.088, 16.814, 17.417, 17.751, 17.636, 17.681, 17.665, 17.348, 16.873, 16.822, 17.783, 19.041, 19.79, 20.331, 20.628, 20.591], [20.592, 20.688, 21.25, 21.561, 21.163, 20.705, 20.554, 20.536, 20.507, 20.177, 19.428, 18.769, 17.749, 17.351, 17.296, 17.489, 17.832, 18.139, 18.314, 18.101, 18.459, 18.823, 19.087, 19.212, 18.526, 17.964, 17.612, 17.209, 16.969, 16.659, 16.392, 16.002, 15.69, 14.575, 14.166, 14.361, 13.733, 13.154, 13.356, 13.287, 12.484, 12.022, 11.823, 11.665, 10.247, 9.35, 8.516, 7.056, 6.553, 6.067, 5.797, 5.475, 5.397, 4.645, 2.48, 0.0, 2.294, 5.359, 8.344, 10.287, 11.323, 11.883, 12.43, 13.087, 14.531, 15.842, 16.092, 16.029, 16.001, 15.711, 15.796, 16.642, 17.29, 17.617, 17.473, 17.499, 17.47, 17.129, 16.629, 16.57, 17.518, 18.78, 19.549, 20.121, 20.422, 20.382], [20.6, 20.7, 21.277, 21.609, 21.22, 20.75, 20.583, 20.568, 20.551, 20.223, 19.465, 18.829, 17.844, 17.4, 17.303, 17.525, 17.885, 18.176, 18.353, 18.148, 18.491, 18.865, 19.141, 19.264, 18.579, 18.018, 17.655, 17.231, 16.992, 16.684, 16.404, 16.026, 15.729, 14.588, 14.167, 14.374, 13.757, 13.183, 13.361, 13.292, 12.522, 12.107, 11.926, 11.775, 10.418, 9.61, 8.887, 7.604, 6.995, 6.392, 6.137, 5.869, 5.795, 5.27, 3.897, 2.294, 0.0, 3.918, 7.427, 9.54, 10.646, 11.302, 11.903, 12.57, 14.102, 15.486, 15.757, 15.759, 15.788, 15.543, 15.646, 16.526, 17.221, 17.557, 17.404, 17.416, 17.386, 17.048, 16.547, 16.483, 17.383, 18.632, 19.429, 20.015, 20.314, 20.261], [20.567, 20.671, 21.278, 21.661, 21.291, 20.755, 20.49, 20.446, 20.468, 20.173, 19.358, 18.69, 17.77, 17.244, 17.084, 17.352, 17.76, 18.02, 18.197, 17.987, 18.262, 18.618, 18.898, 19.035, 18.369, 17.776, 17.359, 16.942, 16.755, 16.495, 16.299, 16.08, 15.828, 14.608, 13.907, 13.865, 13.147, 12.534, 12.666, 12.6, 11.944, 11.661, 11.5, 11.387, 10.379, 9.946, 9.367, 8.51, 7.751, 6.87, 6.606, 6.395, 6.073, 5.885, 5.822, 5.359, 3.918, 0.0, 4.228, 7.028, 8.495, 9.295, 9.973, 10.688, 12.431, 14.042, 14.342, 14.456, 14.803, 14.795, 14.983, 15.929, 16.712, 17.056, 16.89, 16.903, 16.881, 16.567, 16.181, 16.368, 17.363, 18.564, 19.369, 19.962, 20.281, 20.226], [20.553, 20.658, 21.297, 21.729, 21.371, 20.771, 20.418, 20.349, 20.412, 20.155, 19.284, 18.563, 17.686, 17.112, 16.873, 17.15, 17.603, 17.849, 18.017, 17.795, 18.055, 18.422, 18.703, 18.862, 18.272, 17.735, 17.253, 16.813, 16.701, 16.526, 16.491, 16.538, 16.357, 15.149, 14.295, 13.978, 13.2, 12.603, 12.715, 12.715, 12.226, 12.087, 11.996, 11.946, 11.345, 11.249, 10.734, 10.214, 9.577, 8.772, 8.579, 8.425, 8.03, 8.083, 8.528, 8.344, 7.427, 4.228, 0.0, 3.615, 5.849, 6.913, 7.715, 8.569, 10.678, 12.586, 12.913, 13.108, 13.739, 13.958, 14.235, 15.286, 16.191, 16.515, 16.305, 16.312, 16.296, 15.988, 15.803, 16.471, 17.72, 18.881, 19.635, 20.227, 20.577, 20.548], [20.528, 20.635, 21.299, 21.759, 21.422, 20.782, 20.383, 20.306, 20.398, 20.169, 19.288, 18.564, 17.696, 17.088, 16.785, 17.041, 17.525, 17.77, 17.926, 17.699, 17.98, 18.374, 18.656, 18.828, 18.308, 17.897, 17.444, 16.956, 16.864, 16.726, 16.739, 16.938, 16.843, 15.668, 14.816, 14.396, 13.644, 13.161, 13.31, 13.404, 13.029, 12.961, 12.925, 12.901, 12.432, 12.421, 11.968, 11.646, 11.188, 10.574, 10.45, 10.309, 9.937, 10.04, 10.518, 10.287, 9.54, 7.028, 3.615, 0.0, 3.059, 4.774, 5.88, 7.064, 9.692, 11.892, 12.249, 12.484, 13.233, 13.524, 13.858, 15.005, 16.004, 16.307, 16.046, 16.029, 16.018, 15.707, 15.668, 16.649, 18.042, 19.175, 19.874, 20.456, 20.82, 20.816], [20.432, 20.54, 21.21, 21.672, 21.347, 20.678, 