[[0.0, 5.482, 6.706, 7.632, 9.002, 9.199, 10.002, 11.014, 12.134, 12.48, 13.769, 14.453, 14.391, 14.098, 14.92, 15.85, 16.728, 17.49, 17.728, 17.622, 17.242, 17.049, 17.085, 16.95, 16.734, 16.517, 16.372, 16.495, 16.537, 16.998, 17.389, 17.365, 17.7, 18.74, 19.86, 21.102, 21.499, 21.692, 21.994, 22.112, 22.121, 22.234, 22.43, 22.725, 23.177, 23.286, 23.336, 22.95, 22.639, 22.51, 22.333, 22.082, 21.922, 21.973, 22.088, 22.218, 22.265, 22.26, 22.254, 22.493, 22.633, 22.617, 22.753, 23.073, 22.956, 22.503, 21.811, 21.431, 21.149, 21.034, 20.959, 20.725, 20.389, 20.586, 20.652, 20.29, 20.25, 20.287, 20.241, 20.184, 20.106, 19.979, 19.637, 19.434, 19.494, 19.488], [5.482, 0.0, 2.242, 3.815, 5.524, 5.896, 6.72, 7.938, 9.321, 9.92, 11.764, 12.939, 13.025, 12.817, 13.783, 14.828, 15.862, 16.835, 17.216, 17.112, 16.62, 16.416, 16.541, 16.481, 16.218, 15.99, 16.002, 16.351, 16.539, 16.987, 17.224, 17.136, 17.512, 18.834, 20.641, 22.213, 22.647, 22.798, 23.095, 23.229, 23.258, 23.401, 23.619, 23.867, 24.265, 24.38, 24.433, 24.066, 23.773, 23.65, 23.476, 23.235, 23.055, 23.086, 23.207, 23.32, 23.354, 23.328, 23.276, 23.542, 23.695, 23.67, 23.779, 24.078, 23.957, 23.471, 22.707, 22.257, 22.007, 21.931, 21.845, 21.679, 21.455, 21.712, 21.778, 21.419, 21.405, 21.485, 21.519, 21.497, 21.398, 21.236, 20.86, 20.666, 20.713, 20.665], [6.706, 2.242, 0.0, 3.158, 5.167, 5.6, 6.501, 7.724, 9.182, 9.88, 11.927, 13.184, 13.266, 13.044, 14.02, 15.091, 16.172, 17.167, 17.517, 17.372, 16.852, 16.63, 16.739, 16.672, 16.409, 16.224, 16.306, 16.723, 16.964, 17.43, 17.646, 17.521, 17.875, 19.191, 20.981, 22.549, 23.01, 23.164, 23.458, 23.6, 23.631, 23.766, 23.97, 24.207, 24.592, 24.687, 24.731, 24.375, 24.079, 23.95, 23.768, 23.529, 23.355, 23.394, 23.531, 23.649, 23.688, 23.674, 23.643, 23.946, 24.129, 24.112, 24.21, 24.488, 24.367, 23.885, 23.117, 22.647, 22.402, 22.338, 22.249, 22.083, 21.862, 22.113, 22.175, 21.794, 21.791, 21.893, 21.937, 21.931, 21.839, 21.691, 21.33, 21.152, 21.223, 21.189], [7.632, 3.815, 3.158, 0.0, 2.767, 3.439, 4.55, 6.123, 7.742, 8.581, 10.725, 12.066, 12.218, 11.972, 12.94, 14.063, 15.199, 16.263, 16.671, 16.563, 16.057, 15.857, 15.992, 15.964, 15.765, 15.603, 15.725, 16.195, 16.474, 16.954, 17.153, 17.028, 17.411, 18.828, 20.792, 22.434, 22.888, 23.071, 23.38, 23.516, 23.545, 23.692, 23.903, 24.144, 24.534, 24.627, 24.664, 24.303, 24.009, 23.869, 23.685, 23.445, 23.251, 23.276, 23.406, 23.518, 23.562, 23.548, 23.506, 23.804, 23.97, 23.938, 24.026, 24.3, 24.18, 23.688, 22.911, 22.447, 22.206, 22.152, 22.068, 21.922, 21.713, 21.965, 22.026, 21.674, 21.704, 21.825, 21.898, 21.899, 21.823, 21.685, 21.325, 21.141, 21.194, 21.167], [9.002, 5.524, 5.167, 2.767, 0.0, 1.714, 3.209, 5.264, 7.135, 7.937, 10.11, 11.508, 11.709, 11.485, 12.505, 13.662, 14.806, 15.87, 16.281, 16.184, 15.685, 15.506, 15.665, 15.685, 15.564, 15.44, 15.59, 16.085, 16.369, 16.847, 17.035, 16.942, 17.371, 18.852, 20.937, 22.625, 23.074, 23.263, 23.591, 23.723, 23.743, 23.877, 24.074, 24.311, 24.689, 24.776, 24.806, 24.452, 24.155, 24.01, 23.833, 23.615, 23.42, 23.44, 23.567, 23.673, 23.716, 23.69, 23.618, 23.913, 24.082, 24.051, 24.132, 24.399, 24.287, 23.793, 23.003, 22.525, 22.295, 22.251, 22.173, 22.039, 21.845, 22.09, 22.139, 21.808, 21.853, 21.982, 22.066, 22.072, 22.001, 21.882, 21.534, 21.36, 21.405, 21.372], [9.199, 5.896, 5.6, 3.439, 1.714, 0.0, 2.175, 4.673, 6.724, 7.434, 9.551, 10.972, 11.191, 11.02, 12.116, 13.278, 14.388, 15.444, 15.893, 15.844, 15.353, 15.174, 15.336, 15.356, 15.235, 15.098, 15.232, 15.717, 15.989, 16.476, 16.666, 16.597, 17.041, 18.521, 20.62, 22.334, 22.786, 22.972, 23.314, 23.462, 23.491, 23.639, 23.849, 24.103, 24.493, 24.589, 24.631, 24.258, 23.942, 23.799, 23.633, 23.41, 23.183, 23.17, 23.287, 23.392, 23.425, 23.392, 23.317, 23.597, 23.753, 23.707, 23.787, 24.072, 23.962, 23.465, 22.675, 22.202, 21.988, 21.953, 21.876, 21.744, 21.572, 21.819, 21.861, 21.56, 21.613, 21.738, 21.829, 21.828, 21.754, 21.63, 21.279, 21.099, 21.132, 21.095], [10.002, 6.72, 6.501, 4.55, 3.209, 2.175, 0.0, 3.315, 5.748, 6.5, 8.82, 10.419, 10.74, 10.643, 11.798, 12.979, 14.085, 15.176, 15.685, 15.667, 15.15, 14.957, 15.137, 15.218, 15.169, 15.054, 15.18, 15.671, 15.949, 16.417, 16.592, 16.558, 17.057, 18.583, 20.737, 22.45, 22.893, 23.072, 23.411, 23.567, 23.613, 23.777, 23.995, 24.262, 24.657, 24.764, 24.805, 24.415, 24.093, 23.952, 23.8, 23.581, 23.336, 23.31, 23.421, 23.511, 23.53, 23.476, 23.365, 23.634, 23.783, 23.726, 23.801, 24.1, 23.997, 23.498, 22.702, 22.215, 22.003, 21.965, 21.887, 21.777, 21.639, 21.893, 21.929, 21.63, 21.67, 21.791, 21.891, 21.879, 21.802, 21.706, 21.369, 21.197, 21.21, 21.156], [11.014, 7.938, 7.724, 6.123, 5.264, 4.673, 3.315, 0.0, 3.045, 4.432, 7.562, 9.495, 9.866, 9.771, 11.0, 12.314, 13.522, 14.694, 15.249, 15.248, 14.699, 14.481, 14.641, 14.766, 14.839, 14.8, 14.949, 15.466, 15.829, 16.343, 16.496, 16.517, 17.096, 18.682, 20.881, 22.606, 23.05, 23.243, 23.573, 23.719, 23.771, 23.951, 24.17, 24.431, 24.831, 24.947, 24.977, 24.577, 24.253, 24.099, 23.951, 23.75, 23.522, 23.51, 23.622, 23.71, 23.729, 23.662, 23.53, 23.798, 23.97, 23.93, 24.01, 24.304, 24.216, 23.714, 22.849, 22.301, 22.077, 22.046, 21.976, 21.887, 21.786, 22.063, 22.097, 21.785, 21.83, 21.953, 22.034, 22.019, 21.951, 21.875, 21.583, 21.435, 21.456, 21.4], [12.134, 9.321, 9.182, 7.742, 7.135, 6.724, 5.748, 3.045, 0.0, 3.075, 6.876, 8.967, 9.421, 9.362, 10.486, 11.81, 13.067, 14.298, 14.92, 14.972, 14.453, 14.234, 14.375, 14.485, 14.566, 14.56, 14.76, 15.319, 15.752, 16.283, 16.419, 16.472, 17.076, 18.658, 20.904, 22.665, 23.111, 23.319, 23.638, 23.771, 23.825, 24.024, 24.274, 24.523, 24.913, 25.035, 25.047, 24.64, 24.325, 24.164, 24.015, 23.831, 23.63, 23.636, 23.753, 23.847, 23.874, 23.816, 23.7, 23.953, 24.119, 24.088, 24.161, 24.432, 24.348, 23.844, 22.955, 22.399, 22.183, 22.157, 22.089, 22.03, 21.958, 22.247, 22.272, 21.947, 22.004, 22.13, 22.198, 22.188, 22.133, 22.064, 21.812, 21.684, 21.706, 21.648], [12.48, 9.92, 9.88, 8.581, 7.937, 7.434, 6.5, 4.432, 3.075, 0.0, 4.543, 7.113, 7.696, 7.916, 9.591, 11.08, 12.21, 13.432, 14.213, 14.434, 13.983, 13.823, 14.027, 14.2, 14.377, 14.414, 14.617, 15.165, 15.56, 16.11, 16.26, 16.339, 16.874, 18.305, 20.483, 22.208, 22.631, 22.84, 23.167, 23.285, 23.343, 23.556, 23.829, 24.161, 24.592, 24.733, 24.768, 24.334, 23.986, 23.823, 23.692, 23.486, 23.226, 23.192, 23.293, 23.399, 23.433, 23.362, 23.229, 23.45, 23.591, 23.527, 23.599, 23.889, 23.803, 23.317, 22.466, 21.975, 21.806, 21.786, 21.721, 21.656, 21.612, 21.907, 21.954, 21.702, 21.743, 21.859, 21.948, 21.914, 21.87, 21.838, 21.59, 21.441, 21.432, 21.372], [13.769, 11.764, 11.927, 10.725, 10.11, 9.551, 8.82, 7.562, 6.876, 4.543, 0.0, 3.311, 4.457, 5.401, 7.949, 9.59, 10.388, 11.514, 12.658, 13.249, 12.993, 12.972, 13.326, 13.694, 14.105, 14.187, 14.35, 14.833, 15.19, 15.762, 15.935, 16.079, 16.482, 17.612, 19.672, 21.354, 21.721, 21.929, 22.257, 22.347, 22.406, 22.643, 22.941, 23.348, 23.823, 23.995, 24.047, 23.591, 23.242, 23.098, 22.999, 22.769, 22.446, 22.357, 22.43, 22.569, 22.621, 22.532, 22.363, 22.493, 22.583, 22.507, 22.612, 22.931, 22.842, 22.385, 21.594, 21.203, 21.092, 21.084, 21.03, 20.965, 20.943, 21.236, 21.318, 21.196, 21.242, 21.346, 21.471, 21.414, 21.397, 21.386, 21.125, 20.943, 20.89, 20.823], [14.453, 12.939, 13.184, 12.066, 11.508, 10.972, 10.419, 9.495, 8.967, 7.113, 3.311, 0.0, 2.03, 3.748, 6.719, 8.35, 8.863, 9.867, 11.186, 11.992, 11.882, 11.96, 12.412, 12.914, 13.456, 13.535, 13.649, 14.089, 14.414, 14.996, 15.196, 15.402, 15.73, 16.653, 18.614, 20.347, 20.694, 20.913, 21.266, 21.345, 21.39, 21.63, 21.961, 22.41, 22.918, 23.125, 23.213, 22.737, 22.416, 22.315, 22.258, 22.008, 21.631, 21.497, 21.537, 21.692, 21.751, 21.627, 21.38, 21.397, 21.42, 21.314, 21.439, 21.782, 21.691, 21.259, 20.536, 20.23, 20.168, 20.177, 20.134, 20.072, 20.074, 20.37, 20.471, 20.474, 20.559, 20.654, 20.801, 20.712, 20.724, 20.75, 20.494, 20.316, 20.242, 20.166], [14.391, 13.025, 13.266, 12.218, 11.709, 11.191, 10.74, 9.866, 9.421, 7.696, 4.457, 2.03, 0.0, 2.609, 6.237, 8.012, 8.511, 9.454, 10.71, 11.506, 11.421, 11.525, 11.975, 12.472, 13.052, 13.17, 13.308, 13.766, 14.126, 14.798, 15.023, 15.23, 15.547, 16.428, 18.355, 20.095, 20.444, 20.665, 21.024, 21.1, 21.126, 21.336, 21.656, 22.116, 22.632, 22.839, 22.946, 22.49, 22.175, 22.083, 22.041, 21.813, 21.458, 21.329, 21.362, 21.527, 21.591, 21.462, 21.211, 21.212, 21.215, 21.098, 21.231, 21.574, 21.484, 21.051, 20.334, 20.042, 19.977, 19.989, 19.951, 19.877, 19.881, 20.192, 20.306, 20.355, 20.461, 20.558, 20.702, 20.621, 20.654, 20.672, 20.404, 20.246, 20.196, 20.119], [14.098, 12.817, 13.044, 11.972, 11.485, 11.02, 10.643, 9.771, 9.362, 7.916, 5.401, 3.748, 2.609, 0.0, 4.334, 6.58, 7.418, 8.487, 9.576, 10.27, 10.159, 10.275, 10.734, 11.279, 12.011, 12.235, 12.455, 13.001, 13.41, 14.162, 14.455, 14.637, 14.984, 15.945, 17.916, 19.755, 20.122, 20.334, 20.687, 20.766, 20.775, 20.966, 21.283, 21.754, 22.293, 22.483, 22.594, 22.176, 21.926, 21.858, 21.815, 21.608, 21.303, 21.214, 21.258, 21.432, 21.499, 21.36, 21.078, 21.051, 21.027, 20.899, 21.023, 21.355, 21.262, 20.823, 20.118, 19.815, 19.717, 19.721, 19.688, 19.608, 19.587, 19.903, 20.015, 20.091, 20.25, 20.362, 20.509, 20.453, 20.5, 20.523, 20.277, 20.157, 20.132, 20.042], [14.92, 13.783, 14.02, 12.94, 12.505, 12.116, 11.798, 11.0, 10.486, 9.591, 7.949, 6.719, 6.237, 4.334, 0.0, 2.835, 4.476, 6.007, 7.068, 7.774, 7.729, 7.963, 8.547, 9.266, 10.298, 10.764, 11.149, 11.809, 12.318, 13.05, 13.368, 13.534, 13.924, 14.959, 17.074, 19.142, 19.504, 19.709, 20.026, 20.109, 20.118, 20.367, 20.753, 21.214, 21.769, 21.943, 22.008, 21.617, 21.54, 21.559, 21.528, 21.339, 21.079, 21.014, 21.056, 21.227, 21.3, 21.137, 20.769, 20.612, 20.503, 20.344, 20.423, 20.714, 20.626, 20.205, 19.554, 19.28, 19.12, 19.077, 19.051, 19.02, 19.004, 19.327, 19.423, 19.532, 19.769, 19.901, 20.052, 20.013, 20.093, 20.168, 19.998, 19.952, 19.943, 19.812], [15.85, 14.828, 15.091, 14.063, 13.662, 13.278, 12.979, 12.314, 11.81, 11.08, 9.59, 8.35, 8.012, 6.58, 2.835, 0.0, 2.433, 4.463, 5.777, 6.696, 6.791, 7.14, 7.818, 8.621, 9.759, 10.334, 10.796, 11.46, 11.982, 12.627, 12.907, 13.077, 13.422, 14.383, 16.574, 18.764, 19.105, 19.313, 19.623, 19.707, 19.727, 20.029, 20.471, 20.925, 21.48, 21.657, 21.702, 21.296, 21.305, 21.402, 21.402, 21.209, 20.919, 20.824, 20.849, 21.014, 21.084, 20.903, 20.483, 20.223, 20.037, 19.845, 19.898, 20.173, 20.093, 19.692, 19.099, 18.875, 18.702, 18.631, 18.614, 18.632, 18.645, 18.97, 19.058, 19.197, 19.45, 19.574, 19.734, 19.691, 19.802, 19.928, 19.802, 19.785, 19.77, 19.609], [16.728, 15.862, 16.172, 15.199, 14.806, 14.388, 14.085, 13.522, 13.067, 12.21, 10.388, 8.863, 8.511, 7.418, 4.476, 2.433, 0.0, 2.557, 4.775, 6.292, 6.642, 7.099, 7.833, 8.681, 9.811, 10.379, 10.834, 11.443, 11.901, 12.482, 12.708, 12.941, 13.203, 13.941, 16.104, 18.304, 18.614, 18.821, 19.15, 19.231, 19.252, 19.56, 20.026, 20.507, 21.069, 21.278, 21.364, 20.932, 20.924, 21.041, 21.091, 20.882, 20.497, 20.337, 20.331, 20.5, 20.583, 20.381, 19.924, 19.61, 19.382, 19.148, 19.192, 19.484, 19.404, 19.012, 18.474, 18.37, 18.275, 18.218, 18.212, 18.255, 18.305, 18.618, 18.712, 18.942, 19.201, 19.306, 19.481, 19.405, 19.527, 19.682, 19.56, 19.528, 19.478, 19.312], [17.49, 16.835, 17.167, 16.263, 15.87, 15.444, 15.176, 14.694, 14.298, 13.432, 11.514, 9.867, 9.454, 8.487, 6.007, 4.463, 2.557, 0.0, 3.09, 5.197, 5.863, 6.47, 7.298, 8.318, 9.613, 10.251, 10.721, 11.303, 11.75, 12.326, 12.547, 12.842, 13.095, 13.645, 15.686, 17.86, 18.125, 18.311, 18.633, 18.707, 18.715, 18.995, 19.457, 19.954, 20.525, 20.734, 20.843, 20.416, 20.414, 20.55, 20.66, 20.525, 20.167, 20.0, 19.981, 20.166, 20.267, 20.023, 19.504, 19.137, 18.881, 18.615, 18.621, 18.902, 18.826, 18.443, 17.962, 17.964, 17.909, 17.857, 17.877, 17.936, 18.016, 18.312, 18.393, 18.698, 18.985, 19.075, 19.25, 19.156, 19.3, 19.506, 19.417, 19.416, 19.368, 19.186], [17.728, 17.216, 17.517, 16.671, 16.281, 15.893, 15.685, 15.249, 14.92, 14.213, 12.658, 11.186, 10.71, 9.576, 7.068, 5.777, 4.775, 3.09, 0.0, 2.478, 3.608, 4.553, 5.618, 7.065, 8.822, 9.682, 10.243, 10.889, 11.379, 11.948, 12.216, 12.501, 12.808, 13.334, 15.256, 17.478, 17.736, 17.873, 18.138, 18.196, 18.177, 18.405, 18.845, 19.343, 19.921, 20.083, 20.165, 19.789, 19.868, 20.039, 20.184, 20.194, 20.043, 19.976, 19.977, 20.179, 20.291, 19.995, 19.377, 18.938, 18.65, 18.377, 18.336, 18.568, 18.498, 18.139, 17.726, 17.734, 17.616, 17.544, 17.592, 17.671, 17.766, 18.058, 18.105, 18.435, 18.788, 18.888, 19.05, 18.981, 19.174, 19.461, 19.442, 19.523, 19.53, 19.323], [17.622, 17.112, 17.372, 16.563, 16.184, 15.844, 15.667, 15.248, 14.972, 14.434, 13.249, 11.992, 11.506, 10.27, 7.774, 6.696, 6.292, 5.197, 2.478, 0.0, 1.713, 3.184, 4.52, 6.318, 8.416, 9.453, 10.077, 10.783, 11.311, 11.851, 12.144, 12.388, 12.758, 13.378, 15.252, 17.491, 17.768, 17.878, 18.091, 18.128, 18.09, 18.273, 18.677, 19.151, 19.712, 19.832, 19.875, 19.549, 19.69, 19.877, 20.014, 20.098, 20.123, 20.176, 20.216, 20.424, 20.535, 20.214, 19.554, 19.102, 18.827, 18.588, 18.536, 18.727, 18.656, 18.319, 17.942, 17.901, 17.705, 17.611, 17.666, 17.748, 17.824, 18.107, 18.131, 18.407, 18.777, 18.887, 19.033, 19.001, 19.224, 19.551, 19.567, 19.7, 19.758, 19.545], [17.242, 16.62, 16.852, 16.057, 15.685, 15.353, 15.15, 14.699, 14.453, 13.983, 12.993, 11.882, 11.421, 10.159, 7.729, 6.791, 6.642, 5.863, 3.608, 1.713, 0.0, 1.925, 3.661, 5.779, 8.073, 9.182, 9.836, 10.596, 11.16, 11.704, 12.003, 12.239, 12.669, 13.426, 15.375, 17.65, 17.959, 18.081, 18.3, 18.339, 18.305, 18.485, 18.868, 19.327, 19.879, 19.992, 20.027, 19.71, 19.85, 20.037, 20.166, 20.252, 20.298, 20.377, 20.439, 20.645, 20.741, 20.418, 19.753, 19.324, 19.077, 18.859, 18.815, 19.015, 18.942, 18.596, 18.206, 18.112, 17.881, 17.784, 17.838, 17.916, 17.977, 18.253, 18.272, 18.482, 18.816, 18.926, 19.07, 19.047, 19.26, 19.585, 19.598, 19.731, 19.799, 19.585], [17.049, 16.416, 16.63, 15.857, 15.506, 15.174, 14.957, 14.481, 14.234, 13.823, 12.972, 11.96, 11.525, 10.275, 7.963, 7.14, 7.099, 6.47, 4.553, 3.184, 1.925, 0.0, 2.166, 4.807, 7.43, 8.675, 9.426, 10.248, 10.857, 11.442, 11.787, 12.08, 12.583, 13.424, 15.395, 17.697, 18.014, 18.136, 18.36, 18.405, 18.375, 18.559, 18.937, 19.389, 19.948, 20.062, 20.1, 19.788, 19.932, 20.13, 20.267, 20.365, 20.4, 20.461, 20.529, 20.75, 20.846, 20.523, 19.844, 19.413, 19.166, 18.951, 18.92, 19.127, 19.046, 18.693, 18.308, 18.2, 17.96, 17.868, 17.924, 18.002, 18.064, 18.334, 18.344, 18.52, 18.85, 18.973, 19.123, 19.103, 19.295, 19.617, 19.635, 19.77, 19.837, 19.62], [17.085, 16.541, 16.739, 15.992, 15.665, 15.336, 15.137, 14.641, 14.375, 14.027, 13.326, 12.412, 11.975, 10.734, 8.547, 7.818, 7.833, 7.298, 5.618, 4.52, 3.661, 2.166, 0.0, 3.178, 6.368, 8.012, 8.982, 9.89, 10.56, 11.178, 11.559, 11.893, 12.452, 13.328, 15.298, 17.651, 17.976, 18.104, 18.328, 18.374, 18.352, 18.55, 18.93, 19.373, 19.93, 20.026, 20.054, 19.745, 19.903, 20.12, 20.274, 20.393, 20.436, 20.49, 20.556, 20.794, 20.905, 20.58, 19.895, 19.453, 19.208, 19.014, 19.004, 19.201, 19.115, 18.774, 18.413, 18.305, 18.062, 17.978, 18.033, 18.114, 18.173, 18.444, 18.441, 18.598, 18.953, 19.111, 19.277, 19.27, 19.448, 19.751, 19.765, 19.895, 19.964, 19.761], [16.95, 16.481, 16.672, 15.964, 15.685, 15.356, 15.218, 14.766, 14.485, 14.2, 13.694, 12.914, 12.472, 11.279, 9.266, 8.621, 8.681, 8.318, 7.065, 6.318, 5.779, 4.807, 3.178, 0.0, 3.912, 6.401, 7.83, 8.936, 9.74, 10.468, 10.854, 11.171, 11.742, 12.682, 14.77, 17.276, 17.64, 17.8, 18.081, 18.161, 18.172, 18.42, 18.833, 19.257, 19.801, 19.89, 19.929, 19.613, 19.774, 20.013, 20.165, 20.26, 20.277, 20.326, 20.39, 20.612, 20.708, 20.434, 19.846, 19.46, 19.242, 19.086, 19.122, 19.324, 19.243, 18.92, 18.548, 18.437, 18.236, 18.17, 18.214, 18.275, 18.277, 18.533, 18.54, 18.672, 19.045, 19.236, 19.407, 19.412, 19.56, 19.769, 19.713, 19.793, 19.861, 19.707], [16.734, 16.218, 16.409, 15.765, 15.564, 15.235, 15.169, 14.839, 14.566, 14.377, 14.105, 13.456, 13.052, 12.011, 10.298, 9.759, 9.811, 9.613, 8.822, 8.416, 8.073, 7.43, 6.368, 3.912, 0.0, 3.478, 5.809, 7.379, 8.295, 9.059, 9.426, 9.715, 10.295, 11.387, 13.799, 16.568, 17.023, 17.231, 17.635, 17.8, 17.858, 18.184, 18.662, 19.041, 19.544, 19.626, 19.677, 19.35, 19.506, 19.767, 19.903, 19.929, 19.894, 19.943, 20.013, 20.198, 20.259, 20.084, 19.719, 19.488, 19.298, 19.141, 19.211, 19.451, 19.376, 19.034, 18.564, 18.436, 18.3, 18.246, 18.271, 18.307, 18.213, 18.44, 18.465, 18.56, 18.949, 19.157, 19.327, 19.363, 19.471, 19.554, 19.41, 19.433, 19.48, 19.367], [16.517, 15.99, 16.224, 15.603, 15.44, 15.098, 15.054, 14.8, 14.56, 14.414, 14.187, 13.535, 13.17, 12.235, 10.764, 10.334, 10.379, 10.251, 9.682, 9.453, 9.182, 8.675, 8.012, 6.401, 3.478, 0.0, 3.166, 5.38, 6.44, 7.262, 7.617, 7.921, 8.591, 9.981, 12.801, 15.787, 16.324, 16.568, 17.063, 17.28, 17.357, 17.725, 18.244, 18.611, 19.097, 19.193, 19.259, 18.909, 19.034, 19.301, 19.432, 19.422, 19.36, 19.417, 19.489, 19.651, 19.71, 19.593, 19.339, 19.237, 19.097, 18.93, 19.031, 19.317, 19.242, 18.869, 18.3, 18.115, 18.007, 17.979, 17.998, 18.019, 17.889, 18.123, 18.164, 18.257, 18.649, 18.843, 19.011, 19.04, 19.127, 19.176, 19.0, 18.985, 18.974, 18.841], [16.372, 16.002, 16.306, 15.725, 15.59, 15.232, 15.18, 14.949, 14.76, 14.617, 14.35, 13.649, 13.308, 12.455, 11.149, 10.796, 10.834, 10.721, 10.243, 10.077, 9.836, 9.426, 8.982, 7.83, 5.809, 3.166, 0.0, 2.725, 4.282, 5.549, 6.014, 6.39, 7.269, 8.925, 11.773, 14.818, 15.405, 15.693, 16.226, 16.449, 16.543, 16.967, 17.534, 17.916, 18.41, 18.559, 18.654, 18.252, 18.31, 18.556, 18.695, 18.683, 18.621, 18.69, 18.755, 18.902, 18.953, 18.834, 18.58, 18.543, 18.543, 18.462, 18.641, 18.981, 18.908, 18.525, 17.898, 17.658, 17.554, 17.557, 17.59, 17.599, 17.489, 17.75, 17.805, 17.906, 18.267, 18.425, 18.57, 18.537, 18.613, 18.686, 18.511, 18.443, 18.36, 18.203], [16.495, 16.351, 16.723, 16.195, 16.085, 15.717, 15.671, 15.466, 15.319, 15.165, 14.833, 14.089, 13.766, 13.001, 11.809, 11.46, 11.443, 11.303, 10.889, 10.783, 10.596, 10.248, 9.89, 8.936, 7.379, 5.38, 2.725, 0.0, 2.497, 4.632, 5.327, 5.835, 6.857, 8.535, 11.118, 14.106, 14.708, 15.024, 15.558, 15.77, 15.878, 16.345, 16.943, 17.345, 17.858, 18.048, 18.173, 17.725, 17.725, 17.953, 18.1, 18.09, 18.022, 18.085, 18.146, 18.303, 18.363, 18.226, 17.949, 17.922, 18.01, 18.041, 18.317, 18.708, 18.643, 18.262, 17.614, 17.344, 17.244, 17.264, 17.317, 17.324, 17.253, 17.537, 17.594, 17.721, 18.067, 18.2, 18.306, 18.212, 18.266, 18.339, 18.162, 18.043, 17.907, 17.738], [16.537, 16.539, 16.964, 16.474, 16.369, 15.989, 15.949, 15.829, 15.752, 15.56, 15.19, 14.414, 14.126, 13.41, 12.318, 11.982, 11.901, 11.75, 11.379, 11.311, 11.16, 10.857, 10.56, 9.74, 8.295, 6.44, 4.282, 2.497, 0.0, 2.883, 4.17, 4.95, 6.089, 7.859, 10.415, 13.417, 14.056, 14.386, 14.96, 15.18, 15.296, 15.77, 16.382, 16.803, 17.329, 17.538, 17.688, 17.22, 17.205, 17.438, 17.594, 17.566, 17.476, 17.537, 17.603, 17.788, 17.891, 17.75, 17.438, 17.393, 17.475, 17.539, 17.923, 18.388, 18.323, 17.951, 17.289, 16.993, 16.914, 16.95, 17.006, 16.992, 16.912, 17.206, 17.255, 17.418, 17.781, 17.896, 17.993, 17.887, 17.939, 18.012, 17.822, 17.68, 17.507, 17.319], [16.998, 16.987, 17.43, 16.954, 16.847, 16.476, 16.417, 16.343, 16.283, 16.11, 15.762, 14.996, 14.798, 14.162, 13.05, 12.627, 12.482, 12.326, 11.948, 11.851, 11.704, 11.442, 11.178, 10.468, 9.059, 7.262, 5.549, 4.632, 2.883, 0.0, 2.244, 3.711, 5.19, 7.257, 10.017, 13.117, 13.781, 14.117, 14.73, 14.964, 15.112, 15.664, 16.324, 16.713, 17.19, 17.397, 17.494, 17.0, 17.025, 17.284, 17.436, 17.382, 17.305, 17.376, 17.428, 17.592, 17.718, 17.572, 17.231, 17.173, 17.244, 17.307, 17.734, 18.251, 18.198, 17.823, 17.135, 16.817, 16.741, 16.771, 16.823, 16.819, 16.724, 17.011, 17.043, 17.152, 17.493, 17.601, 17.726, 17.642, 17.697, 17.779, 17.594, 17.452, 17.261, 17.053], [17.389, 17.224, 17.646, 17.153, 17.035, 16.666, 16.592, 16.496, 16.419, 16.26, 15.935, 15.196, 15.023, 14.455, 13.368, 12.907, 12.708, 12.547, 12.216, 12.144, 12.003, 11.787, 11.559, 10.854, 9.426, 7.617, 6.014, 5.327, 4.17, 2.244, 0.0, 2.27, 4.339, 6.754, 9.939, 13.212, 13.899, 14.232, 14.854, 15.093, 15.247, 15.819, 16.49, 16.853, 17.308, 17.537, 17.638, 17.112, 17.118, 17.38, 17.534, 17.465, 17.369, 17.436, 17.475, 17.599, 17.708, 17.58, 17.255, 17.226, 17.312, 17.373, 17.775, 18.286, 18.243, 17.847, 17.123, 16.789, 16.719, 16.747, 16.794, 16.812, 16.756, 17.073, 17.105, 17.202, 17.526, 17.633, 17.776, 17.696, 17.744, 17.817, 17.63, 17.496, 17.317, 17.114], [17.365, 17.136, 17.521, 17.028, 16.942, 16.597, 16.558, 16.517, 16.472, 16.339, 16.079, 15.402, 15.23, 14.637, 13.534, 13.077, 12.941, 12.842, 12.501, 12.388, 12.239, 12.08, 11.893, 11.171, 9.715, 7.921, 6.39, 5.835, 4.95, 3.711, 2.27, 0.0, 2.714, 5.825, 9.456, 12.92, 13.667, 14.017, 14.668, 14.936, 15.103, 15.675, 16.364, 16.729, 17.185, 17.411, 17.515, 17.004, 17.024, 17.302, 17.435, 17.369, 17.338, 17.462, 17.532, 17.661, 17.785, 17.73, 17.463, 17.443, 17.503, 17.525, 17.876, 18.344, 18.297, 17.946, 17.309, 16.999, 16.903, 16.911, 16.954, 16.966, 16.879, 17.184, 17.228, 17.315, 17.621, 17.707, 17.822, 17.755, 17.837, 17.886, 17.664, 17.53, 17.378, 17.184], [17.7, 17.512, 17.875, 17.411, 17.371, 17.041, 17.057, 17.096, 17.076, 16.874, 16.482, 15.73, 15.547, 14.984, 13.924, 13.422, 13.203, 13.095, 12.808, 12.758, 12.669, 12.583, 12.452, 11.742, 10.295, 8.591, 7.269, 6.857, 6.089, 5.19, 4.339, 2.714, 0.0, 3.854, 8.341, 12.254, 13.087, 13.496, 14.239, 14.538, 14.714, 15.299, 16.033, 16.436, 16.912, 17.153, 17.293, 16.798, 16.837, 17.143, 17.264, 17.147, 17.09, 17.218, 17.309, 17.478, 17.659, 17.685, 17.469, 17.413, 17.386, 17.298, 17.594, 18.055, 18.005, 17.722, 17.24, 17.05, 17.001, 17.012, 17.046, 17.038, 16.903, 17.164, 17.242, 17.414, 17.714, 17.766, 17.861, 17.808, 17.958, 17.991, 17.721, 17.547, 17.395, 17.214], [18.74, 18.834, 19.191, 18.828, 18.852, 18.521, 18.583, 18.682, 18.658, 18.305, 17.612, 16.653, 16.428, 15.945, 14.959, 14.383, 13.941, 13.645, 13.334, 13.378, 13.426, 13.424, 13.328, 12.682, 11.387, 9.981, 8.925, 8.535, 7.859, 7.257, 6.754, 5.825, 3.854, 0.0, 5.787, 10.546, 11.464, 11.939, 12.817, 13.162, 13.348, 13.975, 14.813, 15.282, 15.797, 16.063, 16.268, 15.777, 15.858, 16.243, 16.415, 16.266, 16.17, 16.284, 16.38, 16.61, 16.848, 16.922, 16.733, 16.599, 16.507, 16.373, 16.665, 17.16, 17.152, 16.919, 16.558, 16.534, 16.583, 16.614, 16.652, 16.639, 16.498, 16.72, 16.818, 17.14, 17.484, 17.52, 17.622, 17.594, 17.835, 17.934, 17.712, 17.539, 17.384, 17.224], [19.86, 20.641, 20.981, 20.792, 20.937, 20.62, 20.737, 20.881, 20.904, 20.483, 19.672, 18.614, 18.355, 17.916, 17.074, 16.574, 16.104, 15.686, 15.256, 15.252, 15.375, 15.395, 15.298, 14.77, 13.799, 12.801, 11.773, 11.118, 10.415, 10.017, 9.939, 9.456, 8.341, 5.787, 0.0, 5.6, 6.914, 7.713, 8.994, 9.539, 9.861, 10.789, 11.906, 12.496, 13.061, 13.349, 13.539, 12.97, 13.102, 13.597, 13.821, 13.645, 13.608, 13.789, 13.933, 14.249, 14.542, 14.734, 14.753, 14.734, 14.827, 14.893, 15.35, 15.886, 15.928, 15.795, 15.475, 15.455, 15.593, 15.691, 15.763, 15.72, 15.47, 15.586, 15.658, 16.002, 16.358, 16.364, 16.399, 16.37, 16.702, 16.885, 16.764, 16.606, 16.466, 16.388], [21.102, 22.213, 22.549, 22.434, 22.625, 22.334, 22.45, 22.606, 22.665, 22.208, 21.354, 20.347, 20.095, 19.755, 19.142, 18.764, 18.304, 17.86, 17.478, 17.491, 17.65, 17.697, 17.651, 17.276, 16.568, 15.787, 14.818, 14.106, 13.417, 13.117, 13.212, 12.92, 12.254, 10.546, 5.6, 0.0, 2.456, 4.216, 6.016, 6.85, 7.419, 8.73, 10.017, 10.734, 11.351, 11.652, 11.744, 11.112, 11.116, 11.596, 11.835, 11.635, 11.711, 11.99, 12.19, 12.588, 12.971, 13.352, 13.762, 14.086, 14.485, 14.841, 15.464, 15.96, 16.015, 15.982, 15.67, 15.572, 15.751, 15.925, 16.034, 15.959, 15.607, 15.623, 15.68, 15.955, 16.249, 16.201, 16.124, 16.08, 16.475, 16.691, 16.634, 16.487, 16.374, 16.39], [21.499, 22.647, 23.01, 22.888, 23.074, 22.786, 22.893, 23.05, 23.111, 22.631, 21.721, 20.694, 20.444, 20.122, 19.504, 19.105, 18.614, 18.125, 17.736, 17.768, 17.959, 18.014, 17.976, 17.64, 17.023, 16.324, 15.405, 14.708, 14.056, 13.781, 13.899, 13.667, 13.087, 11.464, 6.914, 2.456, 0.0, 2.627, 4.863, 5.836, 6.511, 7.925, 9.324, 10.126, 10.799, 11.104, 11.269, 10.734, 10.829, 11.386, 11.702, 11.577, 11.725, 12.024, 12.191, 12.562, 12.911, 13.209, 13.526, 13.789, 14.206, 14.649, 15.323, 15.812, 15.883, 15.883, 15.606, 15.534, 15.705, 15.892, 16.057, 16.018, 15.689, 15.703, 15.765, 16.098, 16.417, 16.374, 16.287, 16.222, 16.623, 16.864, 16.832, 16.716, 16.601, 16.593], [21.692, 22.798, 23.164, 23.071, 23.263, 22.972, 23.072, 23.243, 23.319, 22.84, 21.929, 20.913, 20.665, 20.334, 19.709, 19.313, 18.821, 18.311, 17.873, 17.878, 18.081, 18.136, 18.104, 17.8, 17.231, 16.568, 15.693, 15.024, 14.386, 14.117, 14.232, 14.017, 13.496, 11.939, 7.713, 4.216, 2.627, 0.0, 2.936, 4.275, 5.106, 6.7, 8.301, 9.177, 9.883, 10.264, 10.593, 10.212, 10.444, 11.117, 11.537, 11.603, 11.95, 12.329, 12.483, 12.812, 13.108, 13.301, 13.475, 13.64, 14.019, 14.478, 15.167, 15.655, 15.727, 15.735, 15.483, 15.426, 15.601, 15.78, 15.972, 15.999, 15.75, 15.813, 15.882, 16.294, 16.669, 16.636, 16.564, 16.48, 16.834, 17.082, 17.075, 17.016, 16.905, 16.853], [21.994, 23.095, 23.458, 23.38, 23.591, 23.314, 23.411, 23.573, 23.638, 23.167, 22.257, 21.266, 21.024, 20.687, 20.026, 19.623, 19.15, 18.633, 18.138, 18.091, 18.3, 18.36, 18.328, 18.081, 17.635, 17.063, 16.226, 15.558, 14.96, 14.73, 14.854, 14.668, 14.239, 12.817, 8.994, 6.016, 4.863, 2.936, 0.0, 1.939, 3.258, 5.527, 7.409, 8.368, 9.195, 9.626, 9.925, 9.576, 9.967, 10.728, 11.18, 11.404, 12.085, 12.613, 12.764, 13.066, 13.307, 13.398, 13.456, 13.551, 13.94, 14.511, 15.239, 15.668, 15.737, 15.749, 15.521, 15.454, 15.563, 15.715, 15.914, 16.023, 15.933, 16.101, 16.175, 16.58, 16.977, 16.945, 16.875, 16.76, 17.096, 17.402, 17.451, 17.445, 17.356, 17.289], [22.112, 23.229, 23.6, 23.516, 23.723, 23.462, 23.567, 23.719, 23.771, 23.285, 22.347, 21.345, 21.1, 20.766, 20.109, 19.707, 19.231, 18.707, 18.196, 18.128, 18.339, 18.405, 18.374, 18.161, 17.8, 17.28, 16.449, 15.77, 15.18, 14.964, 15.093, 14.936, 14.538, 13.162, 9.539, 6.85, 5.836, 4.275, 1.939, 0.0, 1.937, 4.737, 6.812, 7.875, 8.765, 9.215, 9.493, 9.188, 9.652, 10.436, 10.9, 11.153, 11.948, 12.555, 12.693, 13.0, 13.25, 13.277, 13.263, 13.34, 13.785, 14.454, 15.246, 15.668, 15.726, 15.746, 15.516, 15.424, 15.49, 15.628, 15.834, 15.964, 15.949, 16.2, 16.299, 16.72, 17.126, 17.104, 17.046, 16.919, 17.25, 17.582, 17.645, 17.643, 17.557, 17.485], [22.121, 23.258, 23.631, 23.545, 23.743, 23.491, 23.613, 23.771, 23.825, 23.343, 22.406, 21.39, 21.126, 20.775, 20.118, 19.727, 19.252, 18.715, 18.177, 18.09, 18.305, 18.375, 18.352, 18.172, 17.858, 17.357, 16.543, 15.878, 15.296, 15.112, 15.247, 15.103, 14.714, 13.348, 9.861, 7.419, 6.511, 5.106, 3.258, 1.937, 0.0, 3.291, 5.666, 6.846, 7.823, 8.339, 8.725, 8.516, 9.067, 9.886, 10.399, 10.727, 11.61, 12.277, 12.424, 12.745, 13.02, 13.036, 12.998, 13.068, 13.544, 14.246, 15.054, 15.474, 15.532, 15.552, 15.286, 15.155, 15.215, 15.358, 15.567, 15.681, 15.69, 16.009, 16.17, 16.704, 17.169, 17.157, 17.097, 16.976, 17.305, 17.639, 17.727, 17.745, 17.668, 17.581], [22.234, 23.401, 23.766, 23.692, 23.877, 23.639, 23.777, 23.951, 24.024, 23.556, 22.643, 21.63, 21.336, 20.966, 20.367, 20.029, 19.56, 18.995, 18.405, 18.273, 18.485, 18.559, 18.55, 18.42, 18.184, 17.725, 16.967, 16.345, 15.77, 15.664, 15.819, 15.675, 15.299, 13.975, 10.789, 8.73, 7.925, 6.7, 5.527, 4.737, 3.291, 0.0, 2.9, 4.453, 5.632, 6.318, 7.15, 7.387, 8.151, 9.052, 9.723, 10.296, 11.373, 12.191, 12.4, 12.752, 13.086, 13.096, 13.013, 13.082, 13.572, 14.285, 15.085, 15.484, 15.531, 15.551, 15.24, 15.076, 15.129, 15.258, 15.457, 15.504, 15.474, 15.82, 16.057, 16.804, 17.399, 17.412, 17.333, 17.234, 17.552, 17.857, 17.961, 18.036, 17.997, 17.883], [22.43, 23.619, 23.97, 23.903, 24.074, 23.849, 23.995, 24.17, 24.274, 23.829, 22.941, 21.961, 21.656, 21.283, 20.753, 20.471, 20.026, 19.457, 18.845, 18.677, 18.868, 18.937, 18.93, 18.833, 18.662, 18.244, 17.534, 16.943, 16.382, 16.324, 16.49, 16.364, 16.033, 14.813, 11.906, 10.017, 9.324, 8.301, 7.409, 6.812, 5.666, 2.9, 0.0, 2.34, 3.969, 4.934, 6.205, 6.828, 7.689, 8.592, 9.363, 10.175, 11.476, 12.454, 12.726, 13.084, 13.441, 13.446, 13.385, 13.523, 14.053, 14.787, 15.571, 15.941, 15.966, 15.957, 15.595, 15.413, 15.45, 15.555, 15.728, 15.694, 15.608, 15.944, 16.202, 17.046, 17.747, 17.803, 17.718, 17.647, 17.957, 18.237, 18.345, 18.45, 18.449, 18.334], [22.725, 23.867, 24.207, 24.144, 24.311, 24.103, 24.262, 24.431, 24.523, 24.161, 23.348, 22.41, 22.116, 21.754, 21.214, 20.925, 20.507, 19.954, 19.343, 19.151, 19.327, 19.389, 19.373, 19.257, 19.041, 18.611, 17.916, 17.345, 16.803, 16.713, 16.853, 16.729, 16.436, 15.282, 12.496, 10.734, 10.126, 9.177, 8.368, 7.875, 6.846, 4.453, 2.34, 0.0, 2.15, 3.619, 5.215, 6.152, 7.238, 8.232, 9.071, 10.036, 11.524, 12.612, 12.922, 13.251, 13.599, 13.611, 13.615, 13.84, 14.441, 15.243, 16.051, 16.399, 16.42, 16.388, 15.961, 15.737, 15.747, 15.833, 15.985, 15.918, 15.778, 16.098, 16.364, 17.19, 17.954, 18.057, 17.98, 17.948, 18.245, 18.469, 18.574, 18.708, 18.737, 18.617], [23.177, 24.265, 24.592, 24.534, 24.689, 24.493, 24.657, 24.831, 24.913, 24.592, 23.823, 22.918, 22.632, 22.293, 21.769, 21.48, 21.069, 20.525, 19.921, 19.712, 19.879, 19.948, 19.93, 19.801, 19.544, 19.097, 18.41, 17.858, 17.329, 17.19, 17.308, 17.185, 16.912, 15.797, 13.061, 11.351, 10.799, 9.883, 9.195, 8.765, 7.823, 5.632, 3.969, 2.15, 0.0, 2.232, 4.359, 5.676, 7.0, 8.081, 8.994, 10.103, 11.7, 12.837, 13.155, 13.471, 13.831, 13.85, 13.892, 14.156, 14.806, 15.66, 16.489, 16.832, 16.853, 16.829, 16.383, 16.146, 16.154, 16.24, 16.377, 16.278, 16.092, 16.394, 16.653, 17.448, 18.23, 18.374, 18.339, 18.354, 18.637, 18.802, 18.883, 19.031, 19.078, 18.952], [23.286, 24.38, 24.687, 24.627, 24.776, 24.589, 24.764, 24.947, 25.035, 24.733, 23.995, 23.125, 22.839, 22.483, 21.943, 21.657, 21.278, 20.734, 20.083, 19.832, 19.992, 20.062, 20.026, 19.89, 19.626, 19.193, 18.559, 18.048, 17.538, 17.397, 17.537, 17.411, 17.153, 16.063, 13.349, 11.652, 11.104, 10.264, 9.626, 9.215, 8.339, 6.318, 4.934, 3.619, 2.232, 0.0, 2.859, 4.817, 6.497, 7.736, 8.706, 10.005, 11.802, 12.992, 13.333, 13.668, 14.051, 14.081, 14.136, 14.383, 15.017, 15.886, 16.671, 16.981, 17.02, 17.008, 16.563, 16.318, 16.291, 16.366, 16.496, 16.367, 16.143, 16.442, 16.69, 17.451, 18.27, 18.449, 18.434, 18.514, 18.822, 18.975, 19.057, 19.239, 19.318, 19.183], [23.336, 24.433, 24.731, 24.664, 24.806, 24.631, 24.805, 24.977, 25.047, 24.768, 24.047, 23.213, 22.946, 22.594, 22.008, 21.702, 21.364, 20.843, 20.165, 19.875, 20.027, 20.1, 20.054, 19.929, 19.677, 19.259, 18.654, 18.173, 17.688, 17.494, 17.638, 17.515, 17.293, 16.268, 13.539, 11.744, 11.269, 10.593, 9.925, 9.493, 8.725, 7.15, 6.205, 5.215, 4.359, 2.859, 0.0, 2.901, 5.284, 6.761, 7.746, 9.217, 11.38, 12.729, 13.122, 13.499, 13.941, 14.0, 14.097, 14.391, 15.071, 16.016, 16.794, 17.061, 17.116, 17.112, 16.657, 16.342, 16.199, 16.234, 16.364, 16.254, 16.007, 16.311, 16.543, 17.201, 18.029, 18.22, 18.196, 18.349, 18.728, 18.915, 19.038, 19.26, 19.368, 19.243], [22.95, 24.066, 24.375, 24.303, 24.452, 24.258, 24.415, 24.577, 24.64, 24.334, 23.591, 22.737, 22.49, 22.176, 21.617, 21.296, 20.932, 20.416, 19.789, 19.549, 19.71, 19.788, 19.745, 19.613, 19.35, 18.909, 18.252, 17.725, 17.22, 17.0, 17.112, 17.004, 16.798, 15.777, 12.97, 11.112, 10.734, 10.212, 9.576, 9.188, 8.516, 7.387, 6.828, 6.152, 5.676, 4.817, 2.901, 0.0, 3.109, 5.022, 6.152, 7.678, 9.967, 11.364, 11.781, 12.207, 12.67, 12.747, 12.905, 13.263, 14.017, 15.048, 15.909, 16.221, 16.294, 16.269, 15.803, 15.436, 15.248, 15.306, 15.434, 15.327, 15.135, 15.487, 15.705, 16.352, 17.183, 17.386, 17.389, 17.539, 17.959, 18.218, 18.381, 18.591, 18.685, 18.575], [22.639, 23.773, 24.079, 24.009, 24.155, 23.942, 24.093, 24.253, 24.325, 23.986, 23.242, 22.416, 22.175, 21.926, 21.54, 21.305, 20.924, 20.414, 19.868, 19.69, 19.85, 19.932, 19.903, 19.774, 19.506, 19.034, 18.31, 17.725, 17.205, 17.025, 17.118, 17.024, 16.837, 15.858, 13.102, 11.116, 10.829, 10.444, 9.967, 9.652, 9.067, 8.151, 7.689, 7.238, 7.0, 6.497, 5.284, 3.109, 0.0, 2.448, 4.08, 5.953, 8.457, 9.944, 10.44, 10.954, 11.514, 11.751, 12.257, 12.961, 13.861, 14.903, 15.801, 16.185, 16.268, 16.196, 15.702, 15.29, 15.101, 15.186, 15.306, 15.145, 14.936, 15.278, 15.504, 16.111, 16.902, 17.098, 17.078, 17.19, 17.583, 17.848, 18.013, 18.169, 18.25, 18.181], [22.51, 23.65, 23.95, 23.869, 24.01, 23.799, 23.952, 24.099, 24.164, 23.823, 23.098, 22.315, 22.083, 21.858, 21.559, 21.402, 21.041, 20.55, 20.039, 19.877, 20.037, 20.13, 20.12, 20.013, 19.767, 19.301, 18.556, 17.953, 17.438, 17.284, 17.38, 17.302, 17.143, 16.243, 13.597, 11.596, 11.386, 11.117, 10.728, 10.436, 9.886, 9.052, 8.592, 8.232, 8.081, 7.736, 6.761, 5.022, 2.448, 0.0, 2.262, 4.805, 7.713, 9.394, 9.967, 10.552, 11.225, 11.609, 12.377, 13.303, 14.265, 15.282, 16.169, 16.571, 16.647, 16.544, 16.023, 15.577, 15.376, 15.466, 15.572, 15.375, 15.131, 15.452, 15.682, 16.225, 16.979, 17.162, 17.098, 17.183, 17.549, 17.78, 17.925, 18.047, 18.144, 18.115], [22.333, 23.476, 23.768, 23.685, 23.833, 23.633, 23.8, 23.951, 24.015, 23.692, 22.999, 22.258, 22.041, 21.815, 21.528, 21.402, 21.091, 20.66, 20.184, 20.014, 20.166, 20.267, 20.274, 20.165, 19.903, 19.432, 18.695, 18.1, 17.594, 17.436, 17.534, 17.435, 17.264, 16.415, 13.821, 11.835, 11.702, 11.537, 11.18, 10.9, 10.399, 9.723, 9.363, 9.071, 8.994, 8.706, 7.746, 6.152, 4.08, 2.262, 0.0, 3.406, 7.125, 9.106, 9.752, 10.369, 11.096, 11.667, 12.68, 13.717, 14.698, 15.714, 16.585, 16.98, 17.055, 16.934, 16.395, 15.908, 15.681, 15.775, 15.867, 15.654, 15.37, 15.686, 15.919, 16.344, 17.046, 17.229, 17.126, 17.208, 17.562, 17.741, 17.84, 17.912, 18.038, 18.052], [22.082, 23.235, 23.529, 23.445, 23.615, 23.41, 23.581, 23.75, 23.831, 23.486, 22.769, 22.008, 21.813, 21.608, 21.339, 21.209, 20.882, 20.525, 20.194, 20.098, 20.252, 20.365, 20.393, 20.26, 19.929, 19.422, 18.683, 18.09, 17.566, 17.382, 17.465, 17.369, 17.147, 16.266, 13.645, 11.635, 11.577, 11.603, 11.404, 11.153, 10.727, 10.296, 10.175, 10.036, 10.103, 10.005, 9.217, 7.678, 5.953, 4.805, 3.406, 0.0, 4.51, 7.028, 7.814, 8.466, 9.337, 10.22, 11.682, 13.0, 14.09, 15.166, 16.121, 16.562, 16.628, 16.503, 15.966, 15.478, 15.315, 15.456, 15.538, 15.305, 14.969, 15.271, 15.55, 15.971, 16.644, 16.83, 16.724, 16.773, 17.12, 17.263, 17.307, 17.294, 17.395, 17.53], [21.922, 23.055, 23.355, 23.251, 23.42, 23.183, 23.336, 23.522, 23.63, 23.226, 22.446, 21.631, 21.458, 21.303, 21.079, 20.919, 20.497, 20.167, 20.043, 20.123, 20.298, 20.4, 20.436, 20.277, 19.894, 19.36, 18.621, 18.022, 17.476, 17.305, 17.369, 17.338, 17.09, 16.17, 13.608, 11.711, 11.725, 11.95, 12.085, 11.948, 11.61, 11.373, 11.476, 11.524, 11.7, 11.802, 11.38, 9.967, 8.457, 7.713, 7.125, 4.51, 0.0, 3.144, 4.355, 5.207, 6.5, 7.901, 9.992, 11.719, 12.934, 14.011, 15.098, 15.646, 15.709, 15.581, 15.058, 14.627, 14.621, 14.843, 14.915, 14.659, 14.299, 14.565, 14.884, 15.424, 16.081, 16.279, 16.23, 16.228, 16.538, 16.658, 16.685, 16.643, 16.672, 16.931], [21.973, 23.086, 23.394, 23.276, 23.44, 23.17, 23.31, 23.51, 23.636, 23.192, 22.357, 21.497, 21.329, 21.214, 21.014, 20.824, 20.337, 20.0, 19.976, 20.176, 20.377, 20.461, 20.49, 20.326, 19.943, 19.417, 18.69, 18.085, 17.537, 17.376, 17.436, 17.462, 17.218, 16.284, 13.789, 11.99, 12.024, 12.329, 12.613, 12.555, 12.277, 12.191, 12.454, 12.612, 12.837, 12.992, 12.729, 11.364, 9.944, 9.394, 9.106, 7.028, 3.144, 0.0, 1.879, 3.334, 5.034, 6.79, 9.198, 11.098, 12.351, 13.391, 14.519, 15.133, 15.211, 15.082, 14.584, 14.212, 14.3, 14.592, 14.675, 14.415, 14.115, 14.386, 14.698, 15.284, 15.895, 16.099, 16.122, 16.083, 16.37, 16.493, 16.528, 16.477, 16.463, 16.741], [22.088, 23.207, 23.531, 23.406, 23.567, 23.287, 23.421, 23.622, 23.753, 23.293, 22.43, 21.537, 21.362, 21.258, 21.056, 20.849, 20.331, 19.981, 19.977, 20.216, 20.439, 20.529, 20.556, 20.39, 20.013, 19.489, 18.755, 18.146, 17.603, 17.428, 17.475, 17.532, 17.309, 16.38, 13.933, 12.19, 12.191, 12.483, 12.764, 12.693, 12.424, 12.4, 12.726, 12.922, 13.155, 13.333, 13.122, 11.781, 10.44, 9.967, 9.752, 7.814, 4.355, 1.879, 0.0, 2.088, 4.211, 6.093, 8.646, 10.655, 11.976, 13.053, 14.225, 14.865, 14.947, 14.824, 14.335, 13.991, 14.104, 14.422, 14.533, 14.293, 14.048, 14.349, 14.648, 15.256, 15.861, 16.071, 16.136, 16.058, 16.331, 16.474, 16.501, 16.435, 16.406, 16.694], [22.218, 23.32, 23.649, 23.518, 23.673, 23.392, 23.511, 23.71, 23.847, 23.399, 22.569, 21.692, 21.527, 21.432, 21.227, 21.014, 20.5, 20.166, 20.179, 20.424, 20.645, 20.75, 20.794, 20.612, 20.198, 19.651, 18.902, 18.303, 17.788, 17.592, 17.599, 17.661, 17.478, 16.61, 14.249, 12.588, 12.562, 12.812, 13.066, 13.0, 12.745, 12.752, 13.084, 13.251, 13.471, 13.668, 13.499, 12.207, 10.954, 10.552, 10.369, 8.466, 5.207, 3.334, 2.088, 0.0, 2.658, 5.073, 8.071, 10.347, 11.833, 13.014, 14.226, 14.886, 14.991, 14.851, 14.31, 13.929, 14.039, 14.367, 14.495, 14.276, 14.044, 14.352, 14.65, 15.225, 15.831, 16.064, 16.149, 16.05, 16.294, 16.456, 16.496, 16.438, 16.408, 16.728], [22.265, 23.354, 23.688, 23.562, 23.716, 23.425, 23.53, 23.729, 23.874, 23.433, 22.621, 21.751, 21.591, 21.499, 21.3, 21.084, 20.583, 20.267, 20.291, 20.535, 20.741, 20.846, 20.905, 20.708, 20.259, 19.71, 18.953, 18.363, 17.891, 17.718, 17.708, 17.785, 17.659, 16.848, 14.542, 12.971, 12.911, 13.108, 13.307, 13.25, 13.02, 13.086, 13.441, 13.599, 13.831, 14.051, 13.941, 12.67, 11.514, 11.225, 11.096, 9.337, 6.5, 5.034, 4.211, 2.658, 0.0, 3.307, 7.088, 9.656, 11.345, 12.706, 14.004, 14.689, 14.818, 14.639, 14.03, 13.601, 13.717, 14.081, 14.223, 14.033, 13.863, 14.21, 14.512, 15.064, 15.681, 15.955, 16.08, 15.972, 16.166, 16.342, 16.409, 16.354, 16.312, 16.644], [22.26, 23.328, 23.674, 23.548, 23.69, 23.392, 23.476, 23.662, 23.816, 23.362, 22.532, 21.627, 21.462, 21.36, 21.137, 20.903, 20.381, 20.023, 19.995, 20.214, 20.418, 20.523, 20.58, 20.434, 20.084, 19.593, 18.834, 18.226, 17.75, 17.572, 17.58, 17.73, 17.685, 16.922, 14.734, 13.352, 13.209, 13.301, 13.398, 13.277, 13.036, 13.096, 13.446, 13.611, 13.85, 14.081, 14.0, 12.747, 11.751, 11.609, 11.667, 10.22, 7.901, 6.79, 6.093, 5.073, 3.307, 0.0, 4.49, 7.697, 9.83, 11.534, 13.05, 13.805, 13.948, 13.755, 13.089, 12.645, 12.77, 13.167, 13.34, 13.204, 13.19, 13.635, 13.945, 14.592, 15.28, 15.6, 15.784, 15.65, 15.811, 16.053, 16.177, 16.18, 16.101, 16.365], [22.254, 23.276, 23.643, 23.506, 23.618, 23.317, 23.365, 23.53, 23.7, 23.229, 22.363, 21.38, 21.211, 21.078, 20.769, 20.483, 19.924, 19.504, 19.377, 19.554, 19.753, 19.844, 19.895, 19.846, 19.719, 19.339, 18.58, 17.949, 17.438, 17.231, 17.255, 17.463, 17.469, 16.733, 14.753, 13.762, 13.526, 13.475, 13.456, 13.263, 12.998, 13.013, 13.385, 13.615, 13.892, 14.136, 14.097, 12.905, 12.257, 12.377, 12.68, 11.682, 9.992, 9.198, 8.646, 8.071, 7.088, 4.49, 0.0, 4.161, 7.147, 9.439, 11.342, 12.229, 12.406, 12.249, 11.651, 11.278, 11.437, 11.893, 12.1, 12.057, 12.322, 12.907, 13.218, 14.068, 14.809, 15.117, 15.375, 15.218, 15.406, 15.819, 16.048, 16.176, 16.07, 16.172], [22.493, 23.542, 23.946, 23.804, 23.913, 23.597, 23.634, 23.798, 23.953, 23.45, 22.493, 21.397, 21.212, 21.051, 20.612, 20.223, 19.61, 19.137, 18.938, 19.102, 19.324, 19.413, 19.453, 19.46, 19.488, 19.237, 18.543, 17.922, 17.393, 17.173, 17.226, 17.443, 17.413, 16.599, 14.734, 14.086, 13.789, 13.64, 13.551, 13.34, 13.068, 13.082, 13.523, 13.84, 14.156, 14.383, 14.391, 13.263, 12.961, 13.303, 13.717, 13.0, 11.719, 11.098, 10.655, 10.347, 9.656, 7.697, 4.161, 0.0, 3.767, 6.892, 9.282, 10.27, 10.476, 10.461, 10.195, 10.101, 10.403, 10.94, 11.175, 11.267, 11.82, 12.503, 12.777, 13.865, 14.644, 14.913, 15.237, 15.1, 15.352, 15.882, 16.171, 16.36, 16.245, 16.25], [22.633, 23.695, 24.129, 23.97, 24.082, 23.753, 23.783, 23.97, 24.119, 23.591, 22.583, 21.42, 21.215, 21.027, 20.503, 20.037, 