[[0.0, 2.984, 4.369, 5.703, 7.92, 9.539, 10.137, 10.194, 10.592, 10.984, 11.462, 12.662, 13.569, 14.23, 15.094, 15.251, 16.151, 17.652, 19.422, 20.788, 20.84, 20.795, 21.154, 21.648, 21.595, 20.284, 20.202, 20.062, 19.599, 20.183, 21.353, 21.686, 21.571, 21.539, 21.039, 21.714, 23.188, 24.673, 25.464, 25.137, 24.981, 25.017, 24.736, 24.793, 24.1, 23.711, 23.945, 23.704, 23.452, 23.523, 23.422, 22.081, 20.532, 20.266, 20.227, 20.154, 19.989, 20.023, 20.063, 20.154, 20.406, 20.241, 20.164, 20.012, 19.75, 19.558, 19.224, 18.961, 19.225, 19.248, 18.996, 19.047, 19.062, 18.709, 18.479, 18.463, 18.549, 18.59, 18.832, 19.128, 19.218, 19.304, 19.619, 19.898, 19.758, 19.904], [2.984, 0.0, 2.63, 4.418, 6.779, 8.629, 9.322, 9.309, 9.747, 10.282, 10.668, 11.822, 12.844, 13.496, 14.387, 14.554, 15.518, 17.217, 19.249, 20.752, 20.823, 20.781, 21.161, 21.729, 21.698, 20.334, 20.238, 20.107, 19.642, 20.263, 21.477, 21.832, 21.728, 21.678, 21.213, 21.976, 23.472, 24.952, 25.741, 25.404, 25.248, 25.273, 24.961, 25.008, 24.316, 23.922, 24.159, 23.911, 23.639, 23.701, 23.605, 22.246, 20.626, 20.311, 20.268, 20.191, 20.021, 20.009, 20.029, 20.133, 20.388, 20.225, 20.15, 20.003, 19.768, 19.592, 19.218, 18.947, 19.22, 19.245, 18.983, 19.02, 19.029, 18.673, 18.455, 18.431, 18.501, 18.539, 18.785, 19.093, 19.193, 19.284, 19.599, 19.883, 19.757, 19.887], [4.369, 2.63, 0.0, 2.86, 6.176, 8.241, 8.877, 8.911, 9.387, 9.953, 10.347, 11.37, 12.28, 13.01, 13.989, 14.153, 15.137, 16.852, 18.965, 20.537, 20.613, 20.57, 20.969, 21.586, 21.541, 20.064, 19.948, 19.827, 19.343, 19.951, 21.207, 21.576, 21.442, 21.356, 20.86, 21.678, 23.248, 24.778, 25.597, 25.257, 25.084, 25.091, 24.743, 24.772, 24.063, 23.659, 23.913, 23.66, 23.372, 23.442, 23.344, 21.925, 20.21, 19.859, 19.797, 19.713, 19.523, 19.5, 19.559, 19.699, 19.968, 19.792, 19.714, 19.555, 19.289, 19.106, 18.705, 18.432, 18.732, 18.761, 18.495, 18.549, 18.563, 18.17, 17.952, 17.949, 18.036, 18.066, 18.293, 18.607, 18.711, 18.817, 19.178, 19.507, 19.396, 19.557], [5.703, 4.418, 2.86, 0.0, 4.304, 7.031, 7.868, 7.925, 8.436, 9.083, 9.51, 10.537, 11.445, 12.138, 13.181, 13.417, 14.464, 16.245, 18.478, 20.132, 20.225, 20.172, 20.588, 21.245, 21.231, 19.779, 19.681, 19.593, 19.155, 19.822, 21.117, 21.501, 21.377, 21.259, 20.746, 21.568, 23.147, 24.706, 25.559, 25.226, 25.041, 25.047, 24.709, 24.755, 24.063, 23.671, 23.922, 23.665, 23.389, 23.475, 23.382, 21.977, 20.285, 19.958, 19.909, 19.828, 19.64, 19.639, 19.703, 19.842, 20.117, 19.948, 19.874, 19.705, 19.441, 19.236, 18.768, 18.442, 18.736, 18.778, 18.504, 18.541, 18.544, 18.133, 17.931, 17.958, 18.074, 18.099, 18.295, 18.578, 18.66, 18.732, 19.064, 19.411, 19.34, 19.519], [7.92, 6.779, 6.176, 4.304, 0.0, 3.84, 5.738, 5.732, 6.342, 7.369, 7.907, 9.248, 10.508, 11.034, 11.937, 12.242, 13.289, 14.991, 17.216, 18.932, 19.048, 19.026, 19.479, 20.172, 20.293, 19.051, 19.022, 18.999, 18.701, 19.466, 20.739, 21.12, 21.094, 21.065, 20.698, 21.555, 22.984, 24.41, 25.288, 25.065, 24.928, 24.94, 24.669, 24.757, 24.112, 23.765, 23.991, 23.755, 23.468, 23.501, 23.423, 22.192, 20.705, 20.433, 20.44, 20.383, 20.21, 20.274, 20.275, 20.294, 20.55, 20.436, 20.373, 20.227, 20.07, 19.908, 19.456, 19.13, 19.358, 19.425, 19.237, 19.27, 19.263, 18.897, 18.74, 18.78, 18.897, 18.95, 19.141, 19.377, 19.438, 19.486, 19.773, 20.094, 20.072, 20.223], [9.539, 8.629, 8.241, 7.031, 3.84, 0.0, 2.928, 3.442, 4.415, 5.892, 6.687, 8.531, 10.241, 10.701, 11.427, 11.789, 12.802, 14.271, 16.261, 17.928, 18.056, 18.071, 18.558, 19.266, 19.509, 18.401, 18.397, 18.437, 18.268, 19.045, 20.243, 20.592, 20.658, 20.759, 20.519, 21.363, 22.648, 23.972, 24.851, 24.758, 24.737, 24.747, 24.517, 24.618, 23.99, 23.677, 23.89, 23.681, 23.384, 23.375, 23.312, 22.244, 20.969, 20.752, 20.795, 20.755, 20.592, 20.672, 20.607, 20.523, 20.767, 20.704, 20.631, 20.503, 20.427, 20.325, 19.944, 19.696, 19.885, 19.972, 19.893, 19.972, 19.966, 19.63, 19.499, 19.527, 19.632, 19.723, 19.931, 20.158, 20.218, 20.261, 20.547, 20.861, 20.851, 20.989], [10.137, 9.322, 8.877, 7.868, 5.738, 2.928, 0.0, 2.238, 3.768, 5.111, 6.077, 8.132, 10.013, 10.528, 11.237, 11.651, 12.695, 14.16, 16.193, 17.875, 18.003, 18.034, 18.527, 19.25, 19.498, 18.331, 18.297, 18.366, 18.233, 18.985, 20.147, 20.485, 20.566, 20.696, 20.46, 21.271, 22.53, 23.87, 24.749, 24.695, 24.744, 24.756, 24.506, 24.592, 23.948, 23.627, 23.837, 23.627, 23.342, 23.34, 23.279, 22.237, 20.99, 20.78, 20.811, 20.754, 20.587, 20.624, 20.545, 20.468, 20.719, 20.662, 20.578, 20.443, 20.361, 20.257, 19.881, 19.676, 19.874, 19.966, 19.924, 20.029, 20.027, 19.694, 19.57, 19.592, 19.7, 19.809, 20.017, 20.249, 20.308, 20.337, 20.617, 20.935, 20.921, 21.069], [10.194, 9.309, 8.911, 7.925, 5.732, 3.442, 2.238, 0.0, 2.54, 4.511, 5.349, 7.516, 9.487, 10.048, 10.835, 11.242, 12.311, 13.854, 16.022, 17.764, 17.879, 17.904, 18.404, 19.16, 19.389, 18.187, 18.171, 18.244, 18.1, 18.872, 20.074, 20.429, 20.518, 20.64, 20.407, 21.261, 22.549, 23.895, 24.784, 24.722, 24.77, 24.793, 24.531, 24.618, 23.97, 23.634, 23.846, 23.629, 23.316, 23.288, 23.217, 22.142, 20.818, 20.586, 20.605, 20.534, 20.358, 20.383, 20.317, 20.265, 20.524, 20.454, 20.37, 20.23, 20.139, 20.029, 19.651, 19.453, 19.671, 19.764, 19.726, 19.832, 19.832, 19.501, 19.374, 19.398, 19.511, 19.616, 19.838, 20.077, 20.133, 20.168, 20.463, 20.792, 20.786, 20.949], [10.592, 9.747, 9.387, 8.436, 6.342, 4.415, 3.768, 2.54, 0.0, 2.775, 3.897, 6.37, 8.641, 9.247, 10.1, 10.501, 11.569, 13.149, 15.402, 17.185, 17.275, 17.291, 17.805, 18.601, 18.901, 17.747, 17.76, 17.841, 17.698, 18.479, 19.707, 20.078, 20.189, 20.323, 20.073, 20.936, 22.232, 23.58, 24.491, 24.449, 24.495, 24.525, 24.3, 24.42, 23.784, 23.455, 23.675, 23.459, 23.149, 23.124, 23.052, 21.975, 20.678, 20.495, 20.538, 20.477, 20.314, 20.377, 20.324, 20.27, 20.533, 20.457, 20.366, 20.233, 20.142, 20.034, 19.649, 19.43, 19.646, 19.736, 19.7, 19.804, 19.806, 19.489, 19.365, 19.394, 19.508, 19.595, 19.806, 20.041, 20.098, 20.135, 20.418, 20.74, 20.74, 20.916], [10.984, 10.282, 9.953, 9.083, 7.369, 5.892, 5.111, 4.511, 2.775, 0.0, 2.335, 5.688, 8.277, 9.063, 9.997, 10.257, 11.137, 12.769, 15.172, 17.007, 17.071, 17.064, 17.573, 18.391, 18.732, 17.574, 17.576, 17.658, 17.531, 18.312, 19.536, 19.914, 20.04, 20.188, 19.92, 20.761, 22.074, 23.453, 24.396, 24.369, 24.413, 24.443, 24.253, 24.431, 23.82, 23.49, 23.71, 23.495, 23.209, 23.21, 23.144, 22.066, 20.769, 20.599, 20.655, 20.607, 20.46, 20.531, 20.482, 20.431, 20.703, 20.632, 20.541, 20.407, 20.312, 20.188, 19.797, 19.582, 19.809, 19.902, 19.85, 19.941, 19.945, 19.643, 19.522, 19.555, 19.673, 19.743, 19.93, 20.158, 20.219, 20.256, 20.519, 20.826, 20.806, 20.991], [11.462, 10.668, 10.347, 9.51, 7.907, 6.687, 6.077, 5.349, 3.897, 2.335, 0.0, 4.196, 7.266, 8.222, 9.319, 9.54, 10.449, 12.296, 14.977, 16.922, 16.986, 16.943, 17.459, 18.343, 18.647, 17.444, 17.458, 17.562, 17.46, 18.256, 19.512, 19.896, 20.031, 20.177, 19.935, 20.828, 22.157, 23.538, 24.488, 24.45, 24.481, 24.506, 24.293, 24.474, 23.881, 23.548, 23.766, 23.533, 23.233, 23.23, 23.159, 22.063, 20.729, 20.551, 20.609, 20.571, 20.424, 20.475, 20.433, 20.401, 20.68, 20.61, 20.517, 20.378, 20.268, 20.132, 19.714, 19.474, 19.697, 19.784, 19.715, 19.8, 19.8, 19.503, 19.388, 19.423, 19.547, 19.611, 19.794, 20.013, 20.059, 20.079, 20.327, 20.637, 20.624, 20.819], [12.662, 11.822, 11.37, 10.537, 9.248, 8.531, 8.132, 7.516, 6.37, 5.688, 4.196, 0.0, 3.828, 5.281, 6.707, 7.091, 8.373, 10.732, 13.929, 16.076, 16.18, 16.098, 16.622, 17.626, 17.904, 16.645, 16.72, 16.9, 16.826, 17.708, 19.064, 19.483, 19.652, 19.796, 19.627, 20.61, 21.949, 23.348, 24.338, 24.301, 24.317, 24.342, 24.079, 24.226, 23.631, 23.301, 23.531, 23.286, 22.993, 22.997, 22.928, 21.789, 20.404, 20.24, 20.292, 20.256, 20.1, 20.148, 20.139, 20.169, 20.462, 20.372, 20.288, 20.149, 20.029, 19.877, 19.444, 19.18, 19.357, 19.431, 19.359, 19.431, 19.425, 19.119, 19.005, 19.039, 19.161, 19.215, 19.4, 19.606, 19.634, 19.634, 19.862, 20.169, 20.176, 20.373], [13.569, 12.844, 12.28, 11.445, 10.508, 10.241, 10.013, 9.487, 8.641, 8.277, 7.266, 3.828, 0.0, 2.672, 4.891, 5.659, 7.564, 10.196, 13.514, 15.659, 15.802, 15.705, 16.177, 17.245, 17.458, 16.127, 16.239, 16.457, 16.389, 17.3, 18.718, 19.164, 19.329, 19.441, 19.29, 20.332, 21.71, 23.147, 24.171, 24.108, 24.077, 24.107, 23.808, 23.909, 23.293, 22.958, 23.205, 22.95, 22.678, 22.709, 22.633, 21.442, 20.03, 19.883, 19.929, 19.898, 19.737, 19.829, 19.869, 19.933, 20.227, 20.113, 20.032, 19.89, 19.728, 19.56, 19.141, 18.882, 19.049, 19.098, 19.023, 19.1, 19.098, 18.765, 18.657, 18.709, 18.836, 18.864, 19.04, 19.241, 19.252, 19.237, 19.464, 19.784, 19.8, 20.017], [14.23, 13.496, 13.01, 12.138, 11.034, 10.701, 10.528, 10.048, 9.247, 9.063, 8.222, 5.281, 2.672, 0.0, 2.89, 4.31, 6.893, 9.748, 13.145, 15.276, 15.424, 15.368, 15.859, 16.964, 17.224, 16.011, 16.134, 16.349, 16.345, 17.312, 18.728, 19.174, 19.382, 19.519, 19.406, 20.425, 21.748, 23.123, 24.126, 24.078, 24.042, 24.077, 23.803, 23.884, 23.279, 22.974, 23.218, 22.985, 22.747, 22.785, 22.717, 21.628, 20.388, 20.304, 20.374, 20.348, 20.2, 20.338, 20.359, 20.362, 20.631, 20.534, 20.451, 20.314, 20.153, 19.99, 19.588, 19.339, 19.472, 19.522, 19.467, 19.524, 19.505, 19.187, 19.116, 19.192, 19.321, 19.352, 19.514, 19.695, 19.703, 19.672, 19.861, 20.157, 20.196, 20.411], [15.094, 14.387, 13.989, 13.181, 11.937, 11.427, 11.237, 10.835, 10.1, 9.997, 9.319, 6.707, 4.891, 2.89, 0.0, 2.654, 5.998, 8.969, 12.387, 14.531, 14.71, 14.707, 15.236, 16.328, 16.656, 15.632, 15.804, 16.072, 16.193, 17.243, 18.616, 19.048, 19.313, 19.512, 19.515, 20.525, 21.743, 23.011, 23.983, 23.988, 23.987, 24.022, 23.776, 23.852, 23.281, 23.019, 23.244, 23.044, 22.839, 22.869, 22.819, 21.874, 20.839, 20.814, 20.91, 20.882, 20.751, 20.947, 20.957, 20.902, 21.142, 21.065, 20.982, 20.868, 20.779, 20.664, 20.323, 20.109, 20.18, 20.232, 20.229, 20.267, 20.225, 19.94, 19.891, 19.958, 20.069, 20.121, 20.277, 20.429, 20.444, 20.413, 20.579, 20.838, 20.882, 21.058], [15.251, 14.554, 14.153, 13.417, 12.242, 11.789, 11.651, 11.242, 10.501, 10.257, 9.54, 7.091, 5.659, 4.31, 2.654, 0.0, 4.264, 7.905, 11.616, 13.944, 14.158, 14.141, 14.732, 15.851, 16.157, 15.047, 15.181, 15.429, 15.582, 16.751, 18.176, 18.606, 18.871, 19.079, 19.12, 20.177, 21.408, 22.685, 23.679, 23.687, 23.682, 23.714, 23.482, 23.591, 23.03, 22.77, 23.003, 22.823, 22.625, 22.676, 22.647, 21.696, 20.653, 20.618, 20.714, 20.689, 20.555, 20.769, 20.781, 20.719, 20.957, 20.888, 20.807, 20.693, 20.636, 20.549, 20.233, 20.045, 20.128, 20.169, 20.154, 20.184, 20.139, 19.856, 19.803, 19.851, 19.943, 19.986, 20.131, 20.276, 20.292, 20.268, 20.437, 20.696, 20.721, 20.885], [16.151, 15.518, 15.137, 14.464, 13.289, 12.802, 12.695, 12.311, 11.569, 11.137, 10.449, 8.373, 7.564, 6.893, 5.998, 4.264, 0.0, 4.939, 9.905, 12.651, 12.913, 12.883, 13.517, 14.731, 15.176, 14.136, 14.299, 14.651, 14.967, 16.216, 17.575, 18.02, 18.36, 18.605, 18.72, 19.769, 20.932, 22.188, 23.251, 23.342, 23.366, 23.389, 23.194, 23.387, 22.888, 22.654, 22.879, 22.734, 22.565, 22.645, 22.686, 21.863, 20.904, 20.876, 20.991, 20.974, 20.869, 21.105, 21.101, 21.035, 21.267, 21.22, 21.146, 21.075, 21.132, 21.079, 20.79, 20.67, 20.756, 20.792, 20.781, 20.776, 20.724, 20.507, 20.477, 20.494, 20.539, 20.565, 20.706, 20.844, 20.848, 20.829, 20.955, 21.161, 21.159, 21.273], [17.652, 17.217, 16.852, 16.245, 14.991, 14.271, 14.16, 13.854, 13.149, 12.769, 12.296, 10.732, 10.196, 9.748, 8.969, 7.905, 4.939, 0.0, 6.219, 9.462, 9.758, 9.934, 10.628, 11.982, 12.714, 12.231, 12.699, 13.273, 13.905, 15.036, 16.171, 16.599, 17.133, 17.581, 17.96, 18.991, 19.909, 21.015, 22.165, 22.47, 22.598, 22.615, 22.488, 22.739, 22.333, 22.172, 22.38, 22.306, 22.195, 22.288, 22.403, 21.881, 21.265, 21.326, 21.47, 21.459, 21.394, 21.754, 21.765, 21.612, 21.812, 21.818, 21.744, 21.746, 21.924, 21.928, 21.741, 21.761, 21.832, 21.85, 21.958, 22.0, 21.94, 21.758, 21.758, 21.775, 21.798, 21.827, 21.97, 22.101, 22.108, 22.106, 22.208, 22.362, 22.363, 22.469], [19.422, 19.249, 18.965, 18.478, 17.216, 16.261, 16.193, 16.022, 15.402, 15.172, 14.977, 13.929, 13.514, 13.145, 12.387, 11.616, 9.905, 6.219, 0.0, 3.929, 4.658, 5.201, 6.305, 7.658, 8.699, 9.257, 10.162, 10.884, 11.787, 12.663, 13.579, 13.974, 14.797, 15.63, 16.484, 17.595, 18.154, 18.918, 20.064, 20.61, 20.852, 20.873, 20.86, 21.108, 20.811, 20.792, 20.98, 21.034, 21.07, 21.241, 21.45, 21.351, 21.481, 21.853, 22.045, 22.059, 22.043, 22.706, 22.844, 22.607, 22.755, 22.791, 22.716, 22.775, 23.013, 23.081, 23.026, 23.157, 23.219, 23.224, 23.452, 23.576, 23.509, 23.319, 23.32, 23.348, 23.374, 23.427, 23.576, 23.684, 23.705, 23.718, 23.82, 23.939, 23.931, 24.031], [20.788, 20.752, 20.537, 20.132, 18.932, 17.928, 17.875, 17.764, 17.185, 17.007, 16.922, 16.076, 15.659, 15.276, 14.531, 13.944, 12.651, 9.462, 3.929, 0.0, 1.718, 2.984, 4.333, 5.632, 6.842, 8.287, 9.451, 10.23, 11.262, 11.84, 12.549, 12.928, 13.912, 14.903, 15.92, 16.991, 17.31, 17.818, 18.943, 19.654, 19.938, 19.973, 20.068, 20.299, 20.085, 20.172, 20.341, 20.453, 20.603, 20.838, 21.099, 21.269, 21.922, 22.574, 22.844, 22.885, 22.894, 23.723, 23.938, 23.654, 23.767, 23.819, 23.735, 23.812, 24.055, 24.141, 24.135, 24.292, 24.343, 24.349, 24.628, 24.779, 24.707, 24.526, 24.539, 24.578, 24.609, 24.671, 24.81, 24.893, 24.911, 24.931, 25.025, 25.117, 25.112, 25.211], [20.84, 20.823, 20.613, 20.225, 19.048, 18.056, 18.003, 17.879, 17.275, 17.071, 16.986, 16.18, 15.802, 15.424, 14.71, 14.158, 12.913, 9.758, 4.658, 1.718, 0.0, 2.12, 3.708, 5.252, 6.674, 8.281, 9.494, 10.258, 11.274, 11.786, 12.462, 12.847, 13.852, 14.867, 15.821, 16.814, 17.113, 17.629, 18.791, 19.532, 19.815, 19.865, 20.0, 20.251, 20.043, 20.138, 20.306, 20.419, 20.581, 20.824, 21.077, 21.251, 21.891, 22.559, 22.866, 22.921, 22.93, 23.75, 23.954, 23.642, 23.746, 23.804, 23.72, 23.797, 24.033, 24.115, 24.111, 24.275, 24.335, 24.345, 24.628, 24.781, 24.708, 24.534, 24.554, 24.597, 24.63, 24.694, 24.834, 24.916, 24.938, 24.966, 25.063, 25.15, 25.15, 25.256], [20.795, 20.781, 20.57, 20.172, 19.026, 18.071, 18.034, 17.904, 17.291, 17.064, 16.943, 16.098, 15.705, 15.368, 14.707, 14.141, 12.883, 9.934, 5.201, 2.984, 2.12, 0.0, 2.368, 4.58, 6.078, 7.69, 8.962, 9.807, 10.918, 11.454, 12.154, 12.56, 13.567, 14.588, 15.557, 16.574, 16.942, 17.534, 18.724, 19.437, 19.692, 19.739, 19.857, 20.126, 19.941, 20.043, 20.217, 20.307, 20.46, 20.718, 20.978, 21.109, 21.708, 22.376, 22.691, 22.766, 22.781, 23.584, 23.789, 23.493, 23.604, 23.655, 23.562, 23.637, 23.871, 23.951, 23.926, 24.06, 24.132, 24.148, 24.398, 24.534, 24.456, 24.29, 24.303, 24.341, 24.373, 24.425, 24.564, 24.643, 24.663, 24.698, 24.8, 24.889, 24.884, 24.987], [21.154, 21.161, 20.969, 20.588, 19.479, 18.558, 18.527, 18.404, 17.805, 17.573, 17.459, 16.622, 16.177, 15.859, 15.236, 14.732, 13.517, 10.628, 6.305, 4.333, 3.708, 2.368, 0.0, 3.272, 5.174, 7.215, 8.692, 9.676, 10.93, 11.245, 11.693, 12.089, 13.179, 14.249, 15.319, 16.37, 16.691, 17.258, 18.476, 19.221, 19.483, 19.529, 19.666, 19.954, 19.816, 19.944, 20.111, 20.193, 20.346, 20.603, 20.871, 21.056, 21.703, 22.386, 22.71, 22.794, 22.851, 23.68, 23.886, 23.6, 23.709, 23.771, 23.672, 23.771, 24.036, 24.13, 24.131, 24.27, 24.329, 24.348, 24.611, 24.745, 24.662, 24.512, 24.518, 24.545, 24.566, 24.609, 24.734, 24.798, 24.813, 24.853, 24.964, 25.054, 25.049, 25.139], [21.648, 21.729, 21.586, 21.245, 20.172, 19.266, 19.25, 19.16, 18.601, 18.391, 18.343, 17.626, 17.245, 16.964, 16.328, 15.851, 14.731, 11.982, 7.658, 5.632, 5.252, 4.58, 3.272, 0.0, 3.169, 6.708, 8.348, 9.3, 10.646, 10.881, 11.094, 11.424, 12.64, 13.907, 15.144, 16.199, 16.445, 16.898, 18.069, 18.843, 19.111, 19.168, 19.388, 19.701, 19.569, 19.739, 19.887, 19.987, 20.214, 20.513, 20.808, 21.071, 21.885, 22.618, 22.941, 23.016, 23.123, 24.112, 24.358, 24.028, 24.115, 24.179, 24.07, 24.179, 24.489, 24.622, 24.674, 24.823, 24.857, 24.88, 25.148, 25.272, 25.182, 25.033, 25.03, 25.05, 25.073, 25.133, 25.25, 25.295, 25.308, 25.34, 25.443, 25.519, 25.519, 25.599], [21.595, 21.698, 21.541, 21.231, 20.293, 19.509, 19.498, 19.389, 18.901, 18.732, 18.647, 17.904, 17.458, 17.224, 16.656, 16.157, 15.176, 12.714, 8.699, 6.842, 6.674, 6.078, 5.174, 3.169, 0.0, 4.82, 6.894, 7.873, 9.352, 9.655, 10.013, 10.318, 11.517, 12.82, 14.182, 15.378, 15.714, 16.195, 17.355, 18.102, 18.371, 18.441, 18.599, 18.876, 18.779, 18.98, 19.136, 19.22, 19.464, 19.814, 20.15, 20.399, 21.265, 22.042, 22.341, 22.401, 22.514, 23.597, 23.965, 23.722, 23.807, 23.843, 23.717, 23.807, 24.095, 24.239, 24.303, 24.46, 24.51, 24.525, 24.781, 24.91, 24.821, 24.66, 24.646, 24.658, 24.672, 24.721, 24.83, 24.868, 24.877, 24.907, 25.013, 25.091, 25.094, 25.185], [20.284, 20.334, 20.064, 19.779, 19.051, 18.401, 18.331, 18.187, 17.747, 17.574, 17.444, 16.645, 16.127, 16.011, 15.632, 15.047, 14.136, 12.231, 9.257, 8.287, 8.281, 7.69, 7.215, 6.708, 4.82, 0.0, 3.065, 4.727, 6.472, 7.376, 8.539, 8.992, 9.77, 10.846, 12.116, 13.608, 14.427, 15.333, 16.588, 17.153, 17.379, 17.456, 17.471, 17.745, 17.559, 17.699, 17.915, 17.951, 18.131, 18.517, 18.868, 18.811, 19.331, 20.048, 20.284, 20.306, 20.377, 21.394, 21.882, 21.948, 22.137, 22.111, 21.954, 21.995, 22.24, 22.329, 22.363, 22.536, 22.653, 22.69, 22.889, 23.004, 22.935, 22.722, 22.658, 22.637, 22.634, 22.651, 22.751, 22.81, 22.826, 22.875, 23.034, 23.173, 23.164, 23.289], [20.202, 20.238, 19.948, 19.681, 19.022, 18.397, 18.297, 18.171, 17.76, 17.576, 17.458, 16.72, 16.239, 16.134, 15.804, 15.181, 14.299, 12.699, 10.162, 9.451, 9.494, 8.962, 8.692, 8.348, 6.894, 3.065, 0.0, 2.918, 5.362, 6.709, 8.22, 8.689, 9.293, 10.196, 11.418, 13.031, 14.025, 15.12, 16.412, 16.928, 17.153, 17.239, 17.226, 17.512, 17.286, 17.4, 17.639, 17.677, 17.851, 18.246, 18.604, 18.461, 18.898, 19.607, 19.823, 19.844, 19.9, 20.89, 21.395, 21.541, 21.794, 21.763, 21.595, 21.611, 21.831, 21.888, 21.917, 22.109, 22.238, 22.285, 22.456, 22.554, 22.487, 22.257, 22.181, 22.151, 22.142, 22.17, 22.284, 22.351, 22.369, 22.42, 22.586, 22.745, 22.728, 22.85], [20.062, 20.107, 19.827, 19.593, 18.999, 18.437, 18.366, 18.244, 17.841, 17.658, 17.562, 16.9, 16.457, 16.349, 16.072, 15.429, 14.651, 13.273, 10.884, 10.23, 10.258, 9.807, 9.676, 9.3, 7.873, 4.727, 2.918, 0.0, 3.187, 5.501, 7.496, 8.048, 8.722, 9.708, 10.929, 12.576, 13.655, 14.758, 15.973, 16.403, 16.583, 16.683, 16.725, 17.048, 16.774, 16.891, 17.145, 17.21, 17.434, 17.864, 18.214, 18.011, 18.463, 19.189, 19.38, 19.392, 19.462, 20.515, 21.074, 21.243, 21.477, 21.447, 21.295, 21.294, 21.516, 21.589, 21.624, 21.796, 21.922, 21.969, 22.127, 22.225, 22.176, 21.941, 21.851, 21.81, 21.787, 21.814, 21.951, 22.041, 22.066, 22.117, 22.283, 22.452, 22.426, 22.537], [19.599, 19.642, 19.343, 19.155, 18.701, 18.268, 18.233, 18.1, 17.698, 17.531, 17.46, 16.826, 16.389, 16.345, 16.193, 15.582, 14.967, 13.905, 11.787, 11.262, 11.274, 10.918, 10.93, 10.646, 9.352, 6.472, 5.362, 3.187, 0.0, 3.897, 6.784, 7.512, 8.144, 9.178, 10.361, 12.122, 13.37, 14.478, 15.562, 15.82, 15.907, 16.015, 16.062, 16.369, 15.982, 16.051, 16.328, 16.452, 16.766, 17.247, 17.574, 17.231, 17.654, 18.402, 18.537, 18.531, 18.62, 19.731, 20.371, 20.667, 20.916, 20.835, 20.706, 20.689, 20.881, 20.959, 21.012, 21.2, 21.348, 21.4, 21.555, 21.68, 21.671, 21.432, 21.319, 21.272, 21.243, 21.265, 21.42, 21.539, 21.581, 21.65, 21.834, 22.014, 21.975, 22.085], [20.183, 20.263, 19.951, 19.822, 19.466, 19.045, 18.985, 18.872, 18.479, 18.312, 18.256, 17.708, 17.3, 17.312, 17.243, 16.751, 16.216, 15.036, 12.663, 11.84, 11.786, 11.454, 11.245, 10.881, 9.655, 7.376, 6.709, 5.501, 3.897, 0.0, 3.573, 4.659, 5.721, 7.248, 8.74, 10.683, 11.838, 12.838, 13.943, 14.292, 14.435, 14.533, 14.556, 14.831, 14.575, 14.695, 14.966, 15.165, 15.543, 16.077, 16.457, 16.324, 17.118, 18.015, 18.176, 18.195, 18.373, 19.592, 20.275, 20.562, 20.817, 20.732, 20.606, 20.682, 20.891, 20.993, 21.123, 21.392, 21.55, 21.59, 21.812, 22.0, 22.01, 21.815, 21.719, 21.683, 21.656, 21.68, 21.812, 21.919, 21.975, 22.103, 22.317, 22.48, 22.447, 22.566], [21.353, 21.477, 21.207, 21.117, 20.739, 20.243, 20.147, 20.074, 19.707, 19.536, 19.512, 19.064, 18.718, 18.728, 18.616, 18.176, 17.575, 16.171, 13.579, 12.549, 12.462, 12.154, 11.693, 11.094, 10.013, 8.539, 8.22, 7.496, 6.784, 3.573, 0.0, 1.809, 4.08, 6.325, 8.187, 9.923, 10.617, 11.342, 12.485, 13.02, 13.292, 13.366, 13.425, 13.744, 13.667, 13.886, 14.115, 14.367, 14.79, 15.346, 15.793, 16.016, 17.2, 18.187, 18.411, 18.464, 18.743, 20.078, 20.735, 20.906, 21.124, 21.086, 20.95, 21.129, 21.501, 21.688, 21.901, 22.22, 22.343, 22.391, 22.686, 22.891, 22.884, 22.748, 22.681, 22.643, 22.604, 22.638, 22.751, 22.837, 22.893, 23.052, 23.275, 23.411, 23.389, 23.491], [21.686, 21.832, 21.576, 21.501, 21.12, 20.592, 20.485, 20.429, 20.078, 19.914, 19.896, 19.483, 19.164, 19.174, 19.048, 18.606, 18.02, 16.599, 13.974, 12.928, 12.847, 12.56, 12.089, 11.424, 10.318, 8.992, 8.689, 8.048, 7.512, 4.659, 1.809, 0.0, 3.188, 5.837, 7.938, 9.684, 10.207, 10.814, 11.983, 12.595, 12.92, 12.979, 13.034, 13.319, 13.269, 13.524, 13.743, 14.023, 14.474, 15.041, 15.503, 15.839, 17.149, 18.16, 18.406, 18.474, 18.786, 20.18, 20.841, 20.972, 21.186, 21.155, 21.001, 21.183, 21.594, 21.843, 22.108, 22.438, 22.547, 22.597, 22.912, 23.124, 23.107, 22.985, 22.926, 22.884, 22.845, 22.892, 23.006, 23.09, 23.142, 23.293, 23.509, 23.639, 23.62, 23.722], [21.571, 21.728, 21.442, 21.377, 21.094, 20.658, 20.566, 20.518, 20.189, 20.04, 20.031, 19.652, 19.329, 19.382, 19.313, 18.871, 18.36, 17.133, 14.797, 13.912, 13.852, 13.567, 13.179, 12.64, 11.517, 9.77, 9.293, 8.722, 8.144, 5.721, 4.08, 3.188, 0.0, 3.374, 6.086, 8.179, 9.006, 9.791, 10.979, 11.476, 11.734, 11.781, 11.79, 12.106, 12.1, 12.385, 12.628, 12.912, 13.4, 14.035, 14.513, 14.792, 16.145, 17.204, 17.461, 17.549, 17.882, 19.354, 20.131, 20.413, 20.676, 20.584, 20.386, 20.574, 20.98, 21.237, 21.606, 21.962, 22.079, 22.154, 22.457, 22.677, 22.678, 22.559, 22.486, 22.43, 22.388, 22.413, 22.491, 22.574, 22.639, 22.808, 23.033, 23.164, 23.142, 23.26], [21.539, 21.678, 21.356, 21.259, 21.065, 20.759, 20.696, 20.64, 20.323, 20.188, 20.177, 19.796, 19.441, 19.519, 19.512, 19.079, 18.605, 17.581, 15.63, 14.903, 14.867, 14.588, 14.249, 13.907, 12.82, 10.846, 10.196, 9.708, 9.178, 7.248, 6.325, 5.837, 3.374, 0.0, 3.672, 6.485, 7.753, 8.995, 10.339, 10.685, 10.88, 10.937, 10.839, 11.167, 11.216, 11.506, 11.808, 12.099, 12.606, 13.31, 13.817, 14.001, 15.334, 16.521, 16.812, 16.917, 17.249, 18.741, 19.647, 20.096, 20.424, 20.289, 20.061, 20.246, 20.631, 20.867, 21.282, 21.682, 21.802, 21.883, 22.18, 22.401, 22.419, 22.305, 22.232, 22.173, 22.118, 22.113, 22.165, 22.254, 22.329, 22.504, 22.724, 22.856, 22.831, 22.948], [21.039, 21.213, 20.86, 20.746, 20.698, 20.519, 20.46, 20.407, 20.073, 19.92, 19.935, 19.627, 19.29, 19.406, 19.515, 19.12, 18.72, 17.96, 16.484, 15.92, 15.821, 15.557, 15.319, 15.144, 14.182, 12.116, 11.418, 10.929, 10.361, 8.74, 8.187, 7.938, 6.086, 3.672, 0.0, 3.757, 6.196, 8.333, 9.925, 10.072, 10.162, 10.288, 10.195, 10.59, 10.596, 10.843, 11.224, 11.48, 11.98, 12.769, 13.267, 13.197, 14.389, 15.756, 16.117, 16.22, 16.542, 18.04, 19.032, 19.556, 19.922, 19.776, 19.532, 19.697, 20.028, 20.209, 20.576, 20.963, 21.138, 21.225, 21.47, 21.683, 21.714, 21.582, 21.495, 21.437, 21.39, 21.363, 21.415, 21.55, 21.649, 21.847, 22.082, 22.231, 22.197, 22.328], [21.714, 21.976, 21.678, 21.568, 21.555, 21.363, 21.271, 21.261, 20.936, 20.761, 20.828, 20.61, 20.332, 20.425, 20.525, 20.177, 19.769, 18.991, 17.595, 16.991, 16.814, 16.574, 16.37, 16.199, 15.378, 13.608, 13.031, 12.576, 12.122, 10.683, 9.923, 9.684, 8.179, 6.485, 3.757, 0.0, 3.692, 6.789, 8.586, 8.809, 9.012, 9.226, 9.316, 9.9, 10.092, 10.477, 10.891, 11.179, 11.772, 12.658, 13.183, 13.235, 14.588, 16.081, 16.534, 16.656, 16.977, 18.465, 19.427, 19.904, 20.249, 20.127, 19.884, 20.061, 20.428, 20.582, 20.952, 21.338, 21.49, 21.605, 21.86, 22.061, 22.098, 21.997, 21.92, 21.862, 21.814, 21.776, 21.811, 21.965, 22.099, 22.323, 22.544, 22.667, 22.612, 22.714], [23.188, 23.472, 23.248, 23.147, 22.984, 22.648, 22.53, 22.549, 22.232, 22.074, 22.157, 21.949, 21.71, 21.748, 21.743, 21.408, 20.932, 19.909, 18.154, 17.31, 17.113, 16.942, 16.691, 16.445, 15.714, 14.427, 14.025, 13.655, 13.37, 11.838, 10.617, 10.207, 9.006, 7.753, 6.196, 3.692, 0.0, 3.922, 6.346, 7.278, 7.942, 8.217, 8.485, 9.178, 9.688, 10.263, 10.625, 11.079, 11.823, 12.709, 13.267, 13.801, 15.637, 17.207, 17.727, 17.885, 18.22, 19.722, 20.615, 20.95, 21.236, 21.161, 20.931, 21.142, 21.582, 21.786, 22.22, 22.673, 22.756, 22.846, 23.226, 23.468, 23.499, 23.462, 23.443, 23.399, 23.342, 23.308, 23.324, 23.45, 23.584, 23.799, 23.99, 24.069, 24.016, 24.075], [24.673, 24.952, 24.778, 24.706, 24.41, 23.972, 23.87, 23.895, 23.58, 23.453, 23.538, 23.348, 23.147, 23.123, 23.011, 22.685, 22.188, 21.015, 18.918, 17.818, 17.629, 17.534, 17.258, 16.898, 16.195, 15.333, 15.12, 14.758, 14.478, 12.838, 11.342, 10.814, 9.791, 8.995, 8.333, 6.789, 3.922, 0.0, 3.257, 5.433, 6.537, 6.85, 7.299, 8.077, 9.068, 9.904, 10.129, 10.72, 11.618, 12.48, 13.087, 14.139, 16.563, 18.241, 18.79, 18.974, 19.368, 21.004, 21.903, 22.158, 22.403, 22.345, 22.126, 22.369, 22.859, 23.13, 23.625, 24.121, 24.179, 24.241, 24.706, 24.994, 25.023, 25.032, 25.056, 25.029, 24.973, 24.955, 24.952, 25.034, 25.142, 25.331, 25.474, 25.501, 25.468, 25.5], [25.464, 25.741, 25.597, 25.559, 25.288, 24.851, 24.749, 24.784, 24.491, 24.396, 24.488, 24.338, 24.171, 24.126, 23.983, 23.679, 23.251, 22.165, 20.064, 18.943, 18.791, 18.724, 18.476, 18.069, 17.355, 16.588, 16.412, 15.973, 15.562, 13.943, 12.485, 11.983, 10.979, 10.339, 9.925, 8.586, 6.346, 3.257, 0.0, 3.113, 4.779, 5.142, 5.758, 6.764, 8.191, 9.249, 9.398, 10.084, 11.127, 12.033, 12.686, 13.981, 16.739, 18.478, 19.007, 19.199, 19.646, 21.386, 22.332, 22.643, 22.89, 22.808, 22.594, 22.865, 23.399, 23.7, 24.245, 24.762, 24.83, 24.913, 25.398, 25.702, 25.751, 25.788, 25.806, 25.764, 25.699, 25.692, 25.685, 25.757, 25.865, 26.059, 26.187, 26.184, 26.144, 26.155], [25.137, 25.404, 25.257, 25.226, 25.065, 24.758, 24.695, 24.722, 24.449, 24.369, 24.45, 24.301, 24.108, 24.078, 23.988, 23.687, 23.342, 22.47, 20.61, 19.654, 19.532, 19.437, 19.221, 18.843, 18.102, 17.153, 16.928, 16.403, 15.82, 14.292, 13.02, 12.595, 11.476, 10.685, 10.072, 8.809, 7.278, 5.433, 3.113, 0.0, 2.349, 2.969, 3.883, 5.376, 6.914, 8.047, 8.239, 9.027, 10.264, 11.337, 12.02, 13.191, 15.962, 17.727, 18.227, 18.42, 18.896, 20.702, 21.719, 22.153, 22.424, 22.286, 22.062, 22.332, 22.876, 23.172, 23.728, 24.24, 24.34, 24.452, 24.901, 25.195, 25.273, 25.309, 25.293, 25.234, 25.167, 25.15, 25.141, 25.23, 25.347, 25.564, 25.714, 25.718, 25.656, 25.667], [24.981, 25.248, 25.084, 25.041, 24.928, 24.737, 24.744, 24.77, 24.495, 24.413, 24.481, 24.317, 24.077, 24.042, 23.987, 23.682, 23.366, 22.598, 20.852, 19.938, 19.815, 19.692, 19.483, 19.111, 18.371, 17.379, 17.153, 16.583, 15.907, 14.435, 13.292, 12.92, 11.734, 10.88, 10.162, 9.012, 7.942, 6.537, 4.779, 2.349, 0.0, 1.338, 3.054, 4.792, 6.357, 7.553, 7.763, 8.602, 10.007, 11.209, 11.892, 12.966, 15.809, 17.629, 18.127, 18.332, 18.821, 20.691, 21.733, 22.197, 22.471, 22.298, 22.065, 22.313, 22.824, 23.101, 23.629, 24.093, 24.208, 24.312, 24.703, 24.973, 25.061, 25.093, 25.074, 25.026, 24.973, 24.944, 24.919, 25.004, 25.116, 25.33, 25.468, 25.472, 25.412, 25.434], [25.017, 25.273, 25.091, 25.047, 24.94, 24.747, 24.756, 24.793, 24.525, 24.443, 24.506, 24.342, 24.107, 24.077, 24.022, 23.714, 23.389, 22.615, 20.873, 19.973, 19.865, 19.739, 19.529, 19.168, 18.441, 17.456, 17.239, 16.683, 16.015, 14.533, 13.366, 12.979, 11.781, 10.937, 10.288, 9.226, 8.217, 6.85, 5.142, 2.969, 1.338, 0.0, 2.36, 4.354, 6.066, 7.324, 7.527, 8.375, 9.777, 10.981, 11.683, 12.822, 15.732, 17.556, 18.055, 18.267, 18.76, 20.642, 21.683, 22.155, 22.435, 22.259, 22.026, 22.291, 22.816, 23.1, 23.638, 24.107, 24.221, 24.326, 24.723, 25.003, 25.094, 25.125, 25.099, 25.047, 24.995, 24.965, 24.935, 25.018, 25.125, 25.347, 25.498, 25.508, 25.449, 25.471], [24.736, 24.961, 24.743, 24.709, 24.669, 24.517, 24.506, 24.531, 24.3, 24.253, 24.293, 24.079, 23.808, 23.803, 23.776, 23.482, 23.194, 22.488, 20.86, 20.068, 20.0, 19.857, 19.666, 19.388, 18.599, 17.471, 17.226, 16.725, 16.062, 14.556, 13.425, 13.034, 11.79, 10.839, 10.195, 9.316, 8.485, 7.299, 5.758, 3.883, 3.054, 2.36, 0.0, 2.618, 5.015, 6.391, 6.643, 7.497, 8.893, 10.15, 10.899, 12.042, 14.967, 16.82, 17.314, 17.522, 18.018, 19.903, 21.005, 21.541, 21.847, 21.663, 21.43, 21.715, 22.255, 22.568, 23.13, 23.624, 23.747, 23.848, 24.251, 24.545, 24.639, 24.665, 24.634, 24.58, 24.545, 24.528, 24.495, 24.576, 24.672, 24.897, 25.07, 25.089, 25.027, 25.051], [24.793, 25.008, 24.772, 24.755, 24.757, 24.618, 24.592, 24.618, 24.42, 24.431, 24.474, 24.226, 23.909, 23.884, 23.852, 23.591, 23.387, 22.739, 21.108, 20.299, 20.251, 20.126, 19.954, 19.701, 18.876, 17.745, 17.512, 17.048, 16.369, 14.831, 13.744, 13.319, 12.106, 11.167, 10.59, 9.9, 9.178, 8.077, 6.764, 5.376, 4.792, 4.354, 2.618, 0.0, 3.448, 5.269, 5.555, 6.551, 8.132, 9.476, 10.261, 11.515, 14.666, 16.605, 17.115, 17.315, 17.815, 19.738, 20.857, 21.37, 21.662, 21.482, 21.255, 21.543, 22.082, 22.447, 23.029, 23.532, 23.657, 23.754, 24.175, 24.481, 24.565, 24.592, 24.569, 24.522, 24.498, 24.52, 24.519, 24.598, 24.681, 24.888, 25.055, 25.072, 25.021, 25.049], [24.1, 24.316, 24.063, 24.063, 24.112, 23.99, 23.948, 23.97, 23.784, 23.82, 23.881, 23.631, 23.293, 23.279, 23.281, 23.03, 22.888, 22.333, 20.811, 20.085, 20.043, 19.941, 19.816, 19.569, 18.779, 17.559, 17.286, 16.774, 15.982, 14.575, 13.667, 13.269, 12.1, 11.216, 10.596, 10.092, 9.688, 9.068, 8.191, 6.914, 6.357, 6.066, 5.015, 3.448, 0.0, 2.414, 3.054, 4.433, 6.582, 8.122, 8.887, 10.011, 13.278, 15.287, 15.809, 16.019, 16.54, 18.563, 19.699, 20.197, 20.489, 20.302, 20.091, 20.379, 20.962, 21.381, 22.024, 22.601, 22.763, 22.891, 23.351, 23.681, 23.761, 23.765, 23.743, 23.696, 23.676, 23.721, 23.81, 23.936, 24.008, 24.21, 24.407, 24.463, 24.4, 24.425], [23.711, 23.922, 23.659, 23.671, 23.765, 23.677, 23.627, 23.634, 23.455, 23.49, 23.548, 23.301, 22.958, 22.974, 23.019, 22.77, 22.654, 22.172, 20.792, 20.172, 20.138, 20.043, 19.944, 19.739, 18.98, 17.699, 17.4, 16.891, 16.051, 14.695, 13.886, 13.524, 12.385, 11.506, 10.843, 10.477, 10.263, 9.904, 9.249, 8.047, 7.553, 7.324, 6.391, 5.269, 2.414, 0.0, 1.526, 3.524, 5.951, 7.556, 8.297, 9.296, 12.493, 14.48, 14.984, 15.208, 15.762, 17.821, 18.973, 19.467, 19.76, 19.56, 19.36, 19.667, 20.254, 20.686, 21.378, 22.022, 22.216, 22.348, 22.822, 23.165, 23.245, 23.243, 23.231, 23.196, 23.192, 23.228, 23.35, 23.515, 23.578, 23.781, 23.993, 24.061, 23.99, 24.024], [23.945, 24.159, 23.913, 23.922, 23.991, 23.89, 23.837, 23.846, 23.675, 23.71, 23.766, 23.531, 23.205, 23.218, 23.244, 23.003, 22.879, 22.38, 20.98, 20.341, 20.306, 20.217, 20.111, 19.887, 19.136, 17.915, 17.639, 17.145, 16.328, 14.966, 14.115, 13.743, 12.628, 11.808, 11.224, 10.891, 10.625, 10.129, 9.398, 8.239, 7.763, 7.527, 6.643, 5.555, 3.054, 1.526, 0.0, 2.788, 5.601, 7.263, 8.047, 9.229, 12.566, 14.559, 15.063, 15.288, 15.867, 17.972, 19.127, 19.613, 19.899, 19.702, 19.505, 19.826, 20.436, 20.879, 21.574, 22.223, 22.422, 22.555, 23.034, 23.371, 23.443, 23.448, 23.441, 23.407, 23.406, 23.45, 23.57, 23.721, 23.772, 23.962, 24.152, 24.205, 24.144, 24.178], [23.704, 23.911, 23.66, 23.665, 23.755, 23.681, 23.627, 23.629, 23.459, 23.495, 23.533, 23.286, 22.95, 22.985, 23.044, 22.823, 22.734, 22.306, 21.034, 20.453, 20.419, 20.307, 20.193, 19.987, 19.22, 17.951, 17.677, 17.21, 16.452, 15.165, 14.367, 14.023, 12.912, 12.099, 11.48, 11.179, 11.079, 10.72, 10.084, 9.027, 8.602, 8.375, 7.497, 6.551, 4.433, 3.524, 2.788, 0.0, 3.379, 5.414, 6.308, 7.65, 11.352, 13.517, 14.088, 14.354, 14.938, 17.121, 18.337, 18.863, 19.187, 19.002, 18.806, 19.152, 19.796, 20.256, 20.977, 21.671, 21.897, 22.037, 22.525, 22.888, 22.967, 22.976, 22.981, 22.949, 22.948, 22.989, 23.127, 23.286, 23.34, 23.557, 23.776, 23.846, 23.809, 23.863], [23.452, 23.639, 23.372, 23.389, 23.468, 23.384, 23.342, 23.316, 23.149, 23.209, 23.233, 22.993, 22.678, 22.747, 22.839, 22.625, 22.565, 22.195, 21.07, 20.603, 20.581, 20.46, 20.346, 20.214, 19.464, 18.131, 17.851, 17.434, 16.766, 15.543, 14.79, 14.474, 13.4, 12.606, 11.98, 11.772, 11.823, 11.618, 11.127, 10.264, 10.007, 9.777, 8.893, 8.132, 6.582, 5.951, 5.601, 3.379, 0.0, 2.474, 3.809, 5.592, 9.717, 11.999, 12.649, 12.946, 13.512, 15.762, 17.058, 17.618, 17.986, 17.832, 17.642, 18.072, 18.791, 19.289, 20.13, 20.947, 21.193, 21.34, 21.894, 22.338, 22.449, 22.493, 22.513, 22.462, 22.445, 22.473, 22.612, 22.788, 22.856, 23.128, 23.422, 23.526, 23.517, 23.597], [23.523, 23.701, 23.442, 23.475, 23.501, 23.375, 23.34, 23.288, 23.124, 23.21, 23.23, 22.997, 22.709, 22.785, 22.869, 22.676, 22.645, 22.288, 21.241, 20.838, 20.824, 20.718, 20.603, 20.513, 19.814, 18.517, 18.246, 17.864, 17.247, 16.077, 15.346, 15.041, 14.035, 13.31, 12.769, 12.658, 12.709, 12.48, 12.033, 11.337, 11.209, 10.981, 10.15, 9.476, 8.122, 7.556, 7.263, 5.414, 2.474, 0.0, 1.891, 4.508, 8.931, 11.236, 11.927, 12.234, 12.794, 15.066, 16.387, 16.945, 17.325, 17.196, 17.02, 17.507, 18.292, 18.836, 19.782, 20.712, 20.95, 21.094, 21.751, 22.285, 22.43, 22.509, 22.541, 22.475, 22.447, 22.476, 22.615, 22.786, 22.852, 23.138, 23.481, 23.61, 23.618, 23.701], [23.422, 23.605, 23.344, 23.382, 23.423, 23.312, 23.279, 23.217, 23.052, 23.144, 23.159, 22.928, 22.633, 22.717, 22.819, 22.647, 22.686, 22.403, 21.45, 21.099, 21.077, 20.978, 20.871, 20.808, 20.15, 18.868, 18.604, 18.214, 17.574, 16.457, 15.793, 15.503, 14.513, 13.817, 13.267, 13.183, 13.267, 13.087, 12.686, 12.02, 11.892, 11.683, 10.899, 10.261, 8.887, 8.297, 8.047, 6.308, 3.809, 1.891, 0.0, 3.539, 8.344, 10.731, 11.463, 11.797, 12.36, 14.608, 15.926, 16.476, 16.855, 16.729, 16.57, 17.064, 17.834, 18.392, 19.351, 20.32, 20.567, 20.701, 21.426, 22.044, 22.229, 22.322, 22.365, 22.31, 22.296, 22.32, 22.455, 22.635, 22.708, 22.991, 23.354, 23.505, 23.518, 23.611], [22.081, 22.246, 21.925, 21.977, 22.192, 22.244, 22.237, 22.142, 21.975, 22.066, 22.063, 21.789, 21.442, 21.628, 21.874, 21.696, 21.863, 21.881, 21.351, 21.269, 21.251, 21.109, 21.056, 21.071, 20.399, 18.811, 18.461, 18.011, 17.231, 16.324, 16.016, 15.839, 14.792, 14.001, 13.197, 13.235, 13.801, 14.139, 13.981, 13.191, 12.966, 12.822, 12.042, 11.515, 10.011, 9.296, 9.229, 7.65, 5.592, 4.508, 3.539, 0.0, 5.411, 8.197, 9.028, 9.43, 10.0, 12.424, 13.958, 14.758, 15.23, 15.042, 14.905, 15.378, 16.107, 16.656, 17.598, 18.565, 18.893, 19.037, 19.731, 20.417, 20.665, 20.701, 20.693, 20.625, 20.618, 20.62, 20.779, 21.014, 21.103, 21.405, 21.836, 22.051, 22.042, 22.175], [20.532, 20.626, 20.21, 20.285, 20.705, 20.969, 20.99, 20.818, 20.678, 20.769, 20.729, 20.404, 20.03, 20.388, 20.839, 20.653, 20.904, 21.265, 21.481, 21.922, 21.891, 21.708, 21.703, 21.885, 21.265, 19.331, 18.898, 18.463, 17.654, 17.118, 17.2, 17.149, 16.145, 15.334, 14.389, 14.588, 15.637, 16.563, 16.739, 15.962, 15.809, 15.732, 14.967, 14.666, 13.278, 12.493, 12.566, 11.352, 9.717, 8.931, 8.344, 5.411, 0.0, 3.484, 4.833, 5.474, 6.177, 8.744, 10.629, 11.927, 12.599, 12.379, 12.29, 12.798, 13.592, 14.162, 15.168, 16.247, 16.721, 16.918, 17.586, 18.343, 18.671, 18.631, 18.539, 18.426, 18.414, 18.388, 18.611, 18.943, 19.068, 19.447, 20.026, 20.341, 20.297, 20.477], [20.266, 20.311, 19.859, 19.958, 20.433, 20.752, 20.78, 20.586, 20.495, 20.599, 20.551, 20.24, 19.883, 20.304, 20.814, 20.618, 20.876, 21.326, 21.853, 22.574, 22.559, 22.376, 22.386, 22.618, 22.042, 20.048, 19.607, 19.189, 18.402, 18.015, 18.187, 18.16, 17.204, 16.521, 15.756, 16.081, 17.207, 18.241, 18.478, 17.727, 17.629, 17.556, 16.82, 16.605, 15.287, 14.48, 14.559, 13.517, 11.999, 11.236, 10.731, 8.197, 3.484, 0.0, 2.204, 3.357, 4.241, 6.808, 8.733, 10.291, 11.052, 10.81, 10.753, 11.338, 12.279, 12.942, 14.083, 15.284, 15.815, 16.06, 16.784, 17.593, 17.957, 17.926, 17.828, 17.691, 17.672, 17.648, 17.923, 18.309, 18.45, 18.876, 19.545, 19.904, 19.851, 20.045], [20.227, 20.268, 19.797, 19.909, 20.44, 20.795, 20.811, 20.605, 20.538, 20.655, 20.609, 20.292, 19.929, 20.374, 20.91, 20.714, 20.991, 21.47, 22.045, 22.844, 22.866, 22.691, 22.71, 22.941, 22.341, 20.284, 19.823, 19.38, 18.537, 18.176, 18.411, 18.406, 17.461, 16.812, 16.117, 16.534, 17.727, 18.79, 19.007, 18.227, 18.127, 18.055, 17.314, 17.115, 15.809, 14.984, 15.063, 14.088, 12.649, 11.927, 11.463, 9.028, 4.833, 2.204, 0.0, 1.776, 3.073, 5.872, 8.059, 9.948, 10.769, 10.429, 10.365, 10.928, 11.85, 12.515, 13.715, 14.981, 15.532, 15.787, 16.513, 17.327, 17.708, 17.677, 17.578, 17.429, 17.393, 17.371, 17.676, 18.095, 18.256, 18.693, 19.387, 19.766, 19.702, 19.887], [20.154, 20.191, 19.713, 19.828, 20.383, 20.755, 20.754, 20.534, 20.477, 20.607, 20.571, 20.256, 19.898, 20.348, 20.882, 20.689, 20.974, 21.459, 22.059, 22.885, 22.921, 22.766, 22.794, 23.016, 22.401, 20.306, 19.844, 19.392, 18.531, 18.195, 18.464, 18.474, 17.549, 16.917, 16.22, 16.656, 17.885, 18.974, 19.199, 18.42, 18.332, 18.267, 17.522, 17.315, 16.019, 15.208, 15.288, 14.354, 12.946, 12.234, 11.797, 9.43, 5.474, 3.357, 1.776, 0.0, 2.116, 5.445, 7.845, 9.937, 10.795, 10.425, 10.341, 10.854, 11.771, 12.434, 13.615, 14.86, 15.417, 15.681, 16.386, 17.187, 17.575, 17.536, 17.428, 17.269, 17.225, 17.218, 17.539, 17.971, 18.142, 18.589, 19.309, 19.706, 19.642, 19.822], [19.989, 20.021, 19.523, 19.64, 20.21, 20.592, 20.587, 20.358, 20.314, 20.46, 20.424, 20.1, 19.737, 20.2, 20.751, 20.555, 20.869, 21.394, 22.043, 22.894, 22.93, 22.781, 22.851, 23.123, 22.514, 20.377, 19.9, 19.462, 18.62, 18.373, 18.743, 18.786, 17.882, 17.249, 16.542, 16.977, 18.22, 19.368, 19.646, 18.896, 18.821, 18.76, 18.018, 17.815, 16.54, 15.762, 15.867, 14.938, 13.512, 12.794, 12.36, 10.0, 6.177, 4.241, 3.073, 2.116, 0.0, 4.122, 6.93, 9.283, 10.229, 9.839, 9.76, 10.206, 11.076, 11.693, 12.928, 14.277, 14.844, 15.11, 15.873, 16.735, 17.143, 17.097, 17.003, 16.843, 16.794, 16.792, 17.153, 17.629, 17.828, 18.326, 19.132, 19.582, 19.516, 19.695], [20.023, 20.009, 19.5, 19.639, 20.274, 20.672, 20.624, 20.383, 20.377, 20.531, 20.475, 20.148, 19.829, 20.338, 20.947, 20.769, 21.105, 21.754, 22.706, 23.723, 23.75, 23.584, 23.68, 24.112, 23.597, 21.394, 20.89, 20.515, 19.731, 19.592, 20.078, 20.18, 19.354, 18.741, 18.04, 18.465, 19.722, 21.004, 21.386, 20.702, 20.691, 20.642, 19.903, 19.738, 18.563, 17.821, 17.972, 17.121, 15.762, 15.066, 14.608, 12.424, 8.744, 6.808, 5.872, 5.445, 4.122, 0.0, 3.988, 7.607, 8.832, 8.446, 8.475, 8.897, 9.678, 10.192, 11.52, 13.234, 13.871, 14.134, 15.062, 16.062, 16.544, 16.559, 16.511, 16.35, 16.285, 16.262, 16.664, 17.218, 17.485, 18.085, 19.008, 19.526, 19.447, 19.613], [20.063, 20.029, 19.559, 19.703, 20.275, 20.607, 20.545, 20.317, 20.324, 20.482, 20.433, 20.139, 19.869, 20.359, 20.957, 20.781, 21.101, 21.765, 22.844, 23.938, 23.954, 23.789, 23.886, 24.358, 23.965, 21.882, 21.395, 21.074, 20.371, 20.275, 20.735, 20.841, 20.131, 19.647, 19.032, 19.427, 20.615, 21.903, 22.332, 21.719, 21.733, 21.683, 21.005, 20.857, 19.699, 18.973, 19.127, 18.337, 17.058, 16.387, 15.926, 13.958, 10.629, 8.733, 8.059, 7.845, 6.93, 3.988, 0.0, 4.738, 6.409, 6.165, 6.377, 6.933, 7.981, 8.685, 10.269, 12.32, 12.993, 13.313, 14.418, 15.478, 15.974, 16.052, 16.078, 15.967, 15.928, 15.918, 16.358, 16.939, 17.223, 17.872, 18.84, 19.361, 19.283, 19.457], [20.154, 20.133, 19.699, 19.842, 20.294, 20.523, 20.468, 20.265, 20.27, 20.431, 20.401, 20.169, 19.933, 20.362, 20.902, 20.719, 21.035, 21.612, 22.607, 23.654, 23.642, 23.493, 23.6, 24.028, 23.722, 21.948, 21.541, 21.243, 20.667, 20.562, 20.906, 20.972, 20.413, 20.096, 19.556, 19.904, 20.95, 22.158, 22.643, 22.153, 22.197, 22.155, 21.541, 21.37, 20.197, 19.467, 19.613, 18.863, 17.618, 16.945, 16.476, 14.758, 11.927, 10.291, 9.948, 9.937, 9.283, 7.607, 4.738, 0.0, 2.46, 3.286, 3.949, 4.874, 6.408, 7.559, 9.458, 11.729, 12.371, 12.748, 14.031, 15.109, 15.533, 15.639, 15.823, 15.867, 15.938, 15.987, 16.466,