[[0.0, 2.591, 3.209, 3.843, 4.142, 5.734, 7.363, 7.868, 8.714, 9.096, 9.172, 9.825, 10.891, 10.923, 10.765, 11.421, 12.534, 13.647, 15.601, 18.256, 19.478, 19.356, 20.119, 21.388, 22.798, 23.386, 23.365, 23.619, 23.412, 22.703, 23.147, 24.525, 24.97, 24.834, 24.558, 24.465, 24.542, 24.49, 24.939, 25.495, 25.434, 25.735, 26.089, 25.902, 25.332, 24.98, 25.522, 27.322, 27.842, 27.278, 26.581, 25.817, 25.181, 24.972, 25.539, 26.295, 25.947, 25.047, 24.172, 23.717, 24.468, 25.425, 26.467, 27.667, 26.86, 24.996, 24.391, 24.729, 25.676, 26.966, 28.026, 28.857, 29.348, 29.235, 29.246, 29.517, 29.758, 29.857, 29.287, 27.947, 26.853, 25.358, 24.714, 25.321, 25.666, 25.657], [2.591, 0.0, 1.41, 2.708, 3.045, 5.189, 7.101, 7.665, 8.469, 8.844, 8.887, 9.613, 10.791, 10.764, 10.438, 11.117, 12.332, 13.501, 15.428, 17.984, 19.165, 19.043, 19.802, 21.095, 22.572, 23.206, 23.189, 23.432, 23.233, 22.516, 22.943, 24.353, 24.82, 24.677, 24.432, 24.377, 24.458, 24.399, 24.857, 25.428, 25.368, 25.642, 25.984, 25.808, 25.222, 24.844, 25.395, 27.255, 27.82, 27.273, 26.567, 25.779, 25.104, 24.882, 25.461, 26.237, 25.903, 24.989, 24.082, 23.609, 24.375, 25.363, 26.434, 27.67, 26.916, 25.037, 24.382, 24.705, 25.661, 26.983, 28.105, 29.009, 29.54, 29.442, 29.461, 29.748, 30.006, 30.116, 29.56, 28.238, 27.146, 25.649, 24.999, 25.601, 25.962, 25.958], [3.209, 1.41, 0.0, 1.875, 2.459, 4.767, 6.778, 7.384, 8.239, 8.631, 8.671, 9.435, 10.672, 10.621, 10.253, 10.952, 12.204, 13.389, 15.335, 17.904, 19.082, 18.967, 19.754, 21.074, 22.568, 23.214, 23.209, 23.455, 23.253, 22.536, 22.978, 24.395, 24.86, 24.71, 24.458, 24.408, 24.501, 24.439, 24.898, 25.478, 25.417, 25.684, 26.022, 25.845, 25.247, 24.851, 25.397, 27.273, 27.843, 27.291, 26.581, 25.789, 25.109, 24.884, 25.46, 26.24, 25.91, 24.991, 24.077, 23.595, 24.364, 25.354, 26.427, 27.668, 26.917, 25.04, 24.386, 24.715, 25.674, 27.001, 28.141, 29.062, 29.596, 29.487, 29.488, 29.763, 30.011, 30.122, 29.573, 28.257, 27.17, 25.667, 25.021, 25.63, 25.998, 26.003], [3.843, 2.708, 1.875, 0.0, 1.605, 4.584, 6.739, 7.265, 8.007, 8.409, 8.44, 9.225, 10.53, 10.451, 9.965, 10.569, 11.802, 13.0, 15.019, 17.618, 18.822, 18.722, 19.56, 20.922, 22.441, 23.1, 23.098, 23.341, 23.139, 22.433, 22.868, 24.279, 24.747, 24.595, 24.344, 24.3, 24.394, 24.343, 24.808, 25.387, 25.328, 25.59, 25.927, 25.755, 25.164, 24.768, 25.295, 27.172, 27.761, 27.223, 26.521, 25.734, 25.049, 24.821, 25.397, 26.174, 25.852, 24.943, 24.031, 23.552, 24.31, 25.285, 26.352, 27.592, 26.837, 24.981, 24.343, 24.677, 25.64, 26.964, 28.091, 29.004, 29.537, 29.421, 29.42, 29.691, 29.931, 30.04, 29.485, 28.17, 27.085, 25.592, 24.943, 25.543, 25.924, 25.937], [4.142, 3.045, 2.459, 1.605, 0.0, 3.501, 5.846, 6.393, 7.204, 7.661, 7.701, 8.526, 9.898, 9.854, 9.458, 10.197, 11.482, 12.709, 14.783, 17.451, 18.701, 18.62, 19.471, 20.843, 22.362, 23.01, 23.001, 23.255, 23.055, 22.334, 22.776, 24.188, 24.64, 24.487, 24.244, 24.199, 24.286, 24.234, 24.7, 25.283, 25.226, 25.494, 25.839, 25.668, 25.083, 24.703, 25.254, 27.133, 27.71, 27.154, 26.445, 25.658, 24.978, 24.759, 25.346, 26.118, 25.786, 24.873, 23.956, 23.486, 24.254, 25.228, 26.289, 27.531, 26.764, 24.895, 24.267, 24.614, 25.582, 26.913, 28.039, 28.945, 29.469, 29.345, 29.34, 29.612, 29.857, 29.966, 29.41, 28.098, 27.006, 25.51, 24.865, 25.466, 25.845, 25.855], [5.734, 5.189, 4.767, 4.584, 3.501, 0.0, 2.758, 3.727, 5.165, 5.859, 6.013, 7.026, 8.616, 8.754, 8.882, 10.128, 11.518, 12.779, 14.926, 17.639, 18.911, 18.847, 19.697, 21.079, 22.569, 23.185, 23.17, 23.438, 23.253, 22.533, 23.018, 24.426, 24.854, 24.707, 24.463, 24.408, 24.494, 24.44, 24.889, 25.479, 25.431, 25.704, 26.051, 25.889, 25.323, 24.947, 25.485, 27.313, 27.848, 27.267, 26.572, 25.82, 25.183, 24.981, 25.549, 26.297, 25.964, 25.064, 24.151, 23.671, 24.422, 25.372, 26.394, 27.618, 26.857, 25.016, 24.408, 24.761, 25.723, 27.039, 28.148, 29.019, 29.503, 29.351, 29.317, 29.559, 29.792, 29.901, 29.346, 28.051, 26.988, 25.515, 24.886, 25.491, 25.859, 25.86], [7.363, 7.101, 6.778, 6.739, 5.846, 2.758, 0.0, 1.975, 4.307, 5.153, 5.339, 6.437, 8.099, 8.413, 8.986, 10.493, 11.863, 13.086, 15.209, 17.884, 19.127, 19.072, 19.886, 21.238, 22.698, 23.29, 23.275, 23.562, 23.403, 22.686, 23.197, 24.604, 25.013, 24.866, 24.623, 24.563, 24.655, 24.601, 25.03, 25.616, 25.575, 25.85, 26.189, 26.033, 25.497, 25.132, 25.652, 27.434, 27.953, 27.37, 26.689, 25.966, 25.383, 25.214, 25.774, 26.498, 26.159, 25.276, 24.38, 23.898, 24.63, 25.548, 26.524, 27.725, 26.974, 25.167, 24.581, 24.931, 25.866, 27.151, 28.245, 29.094, 29.555, 29.386, 29.33, 29.551, 29.777, 29.881, 29.316, 28.039, 27.004, 25.56, 24.942, 25.528, 25.873, 25.871], [7.868, 7.665, 7.384, 7.265, 6.393, 3.727, 1.975, 0.0, 2.833, 3.934, 4.225, 5.488, 7.302, 7.663, 8.383, 10.064, 11.509, 12.774, 15.017, 17.736, 18.978, 18.945, 19.78, 21.174, 22.669, 23.259, 23.218, 23.51, 23.393, 22.68, 23.181, 24.592, 24.996, 24.84, 24.587, 24.506, 24.591, 24.542, 24.968, 25.555, 25.524, 25.816, 26.166, 26.01, 25.47, 25.11, 25.635, 27.421, 27.954, 27.372, 26.684, 25.962, 25.396, 25.252, 25.823, 26.549, 26.219, 25.344, 24.446, 23.961, 24.695, 25.608, 26.567, 27.759, 27.021, 25.214, 24.624, 24.971, 25.896, 27.19, 28.298, 29.153, 29.622, 29.456, 29.405, 29.63, 29.862, 29.974, 29.422, 28.156, 27.119, 25.68, 25.068, 25.64, 25.984, 25.99], [8.714, 8.469, 8.239, 8.007, 7.204, 5.165, 4.307, 2.833, 0.0, 1.606, 2.33, 4.021, 6.163, 6.507, 7.362, 9.34, 10.957, 12.322, 14.745, 17.439, 18.624, 18.6, 19.437, 20.929, 22.533, 23.135, 23.045, 23.332, 23.273, 22.578, 23.037, 24.438, 24.855, 24.693, 24.424, 24.321, 24.396, 24.354, 24.786, 25.399, 25.379, 25.664, 26.038, 25.902, 25.349, 24.979, 25.499, 27.307, 27.883, 27.312, 26.613, 25.891, 25.336, 25.219, 25.798, 26.536, 26.247, 25.384, 24.459, 23.951, 24.683, 25.603, 26.554, 27.757, 27.077, 25.263, 24.632, 24.966, 25.895, 27.233, 28.395, 29.301, 29.81, 29.662, 29.625, 29.871, 30.117, 30.248, 29.733, 28.491, 27.445, 26.013, 25.413, 25.964, 26.32, 26.339], [9.096, 8.844, 8.631, 8.409, 7.661, 5.859, 5.153, 3.934, 1.606, 0.0, 1.454, 3.656, 5.939, 6.239, 7.102, 9.207, 10.871, 12.231, 14.694, 17.344, 18.482, 18.425, 19.197, 20.714, 22.4, 23.039, 22.937, 23.224, 23.194, 22.506, 22.932, 24.352, 24.788, 24.62, 24.346, 24.236, 24.309, 24.271, 24.717, 25.357, 25.344, 25.634, 26.034, 25.91, 25.35, 24.96, 25.465, 27.303, 27.923, 27.355, 26.649, 25.927, 25.379, 25.274, 25.866, 26.625, 26.361, 25.498, 24.55, 24.021, 24.758, 25.69, 26.639, 27.852, 27.205, 25.36, 24.683, 25.016, 25.961, 27.339, 28.544, 29.493, 30.027, 29.887, 29.852, 30.112, 30.37, 30.509, 30.007, 28.774, 27.733, 26.297, 25.696, 26.255, 26.617, 26.631], [9.172, 8.887, 8.671, 8.44, 7.701, 6.013, 5.339, 4.225, 2.33, 1.454, 0.0, 2.976, 5.632, 5.904, 6.702, 8.862, 10.522, 11.81, 14.254, 16.928, 18.086, 18.029, 18.833, 20.392, 22.105, 22.753, 22.657, 22.942, 22.909, 22.226, 22.675, 24.115, 24.554, 24.386, 24.11, 24.001, 24.076, 24.043, 24.495, 25.135, 25.12, 25.427, 25.837, 25.712, 25.154, 24.763, 25.281, 27.149, 27.763, 27.176, 26.463, 25.744, 25.206, 25.103, 25.694, 26.456, 26.189, 25.321, 24.367, 23.836, 24.573, 25.508, 26.474, 27.693, 27.021, 25.149, 24.464, 24.799, 25.757, 27.157, 28.382, 29.343, 29.879, 29.728, 29.685, 29.941, 30.203, 30.338, 29.826, 28.598, 27.553, 26.102, 25.501, 26.072, 26.438, 26.454], [9.825, 9.613, 9.435, 9.225, 8.526, 7.026, 6.437, 5.488, 4.021, 3.656, 2.976, 0.0, 3.125, 3.734, 5.3, 7.993, 9.779, 11.13, 13.806, 16.653, 17.854, 17.82, 18.711, 20.301, 21.935, 22.536, 22.43, 22.722, 22.693, 21.991, 22.459, 23.874, 24.285, 24.128, 23.845, 23.713, 23.771, 23.736, 24.183, 24.811, 24.787, 25.092, 25.493, 25.35, 24.781, 24.427, 24.997, 26.838, 27.398, 26.802, 26.091, 25.377, 24.879, 24.813, 25.387, 26.103, 25.792, 24.926, 23.992, 23.473, 24.199, 25.109, 26.049, 27.248, 26.534, 24.701, 24.102, 24.452, 25.374, 26.708, 27.889, 28.798, 29.28, 29.112, 29.08, 29.334, 29.591, 29.738, 29.274, 28.088, 27.035, 25.599, 25.018, 25.565, 25.912, 25.932], [10.891, 10.791, 10.672, 10.53, 9.898, 8.616, 8.099, 7.302, 6.163, 5.939, 5.632, 3.125, 0.0, 1.792, 5.032, 8.058, 9.829, 11.198, 13.884, 16.735, 17.939, 17.912, 18.807, 20.314, 21.768, 22.285, 22.162, 22.456, 22.44, 21.727, 22.198, 23.565, 23.943, 23.796, 23.51, 23.348, 23.392, 23.364, 23.803, 24.404, 24.373, 24.663, 25.044, 24.883, 24.305, 23.989, 24.611, 26.4, 26.889, 26.274, 25.575, 24.873, 24.444, 24.462, 25.052, 25.712, 25.355, 24.502, 23.627, 23.143, 23.842, 24.709, 25.598, 26.767, 26.016, 24.219, 23.714, 24.082, 24.935, 26.182, 27.294, 28.117, 28.527, 28.369, 28.379, 28.642, 28.907, 29.082, 28.689, 27.567, 26.527, 25.131, 24.601, 25.125, 25.439, 25.458], [10.923, 10.764, 10.621, 10.451, 9.854, 8.754, 8.413, 7.663, 6.507, 6.239, 5.904, 3.734, 1.792, 0.0, 3.81, 7.192, 9.144, 10.574, 13.325, 16.235, 17.464, 17.405, 18.33, 19.908, 21.418, 21.962, 21.833, 22.127, 22.105, 21.392, 21.874, 23.277, 23.668, 23.51, 23.212, 23.043, 23.094, 23.077, 23.548, 24.176, 24.149, 24.442, 24.826, 24.668, 24.079, 23.746, 24.396, 26.271, 26.789, 26.155, 25.432, 24.711, 24.262, 24.279, 24.902, 25.602, 25.26, 24.39, 23.498, 23.019, 23.739, 24.63, 25.557, 26.747, 25.973, 24.105, 23.57, 23.953, 24.836, 26.135, 27.28, 28.12, 28.536, 28.373, 28.38, 28.648, 28.919, 29.09, 28.679, 27.542, 26.482, 25.047, 24.517, 25.07, 25.399, 25.423], [10.765, 10.438, 10.253, 9.965, 9.458, 8.882, 8.986, 8.383, 7.362, 7.102, 6.702, 5.3, 5.032, 3.81, 0.0, 4.065, 6.613, 8.374, 11.608, 14.821, 16.165, 16.024, 17.055, 18.845, 20.57, 21.216, 21.091, 21.382, 21.33, 20.619, 21.086, 22.556, 22.983, 22.806, 22.503, 22.339, 22.403, 22.397, 22.946, 23.646, 23.629, 23.94, 24.343, 24.193, 23.604, 23.29, 23.971, 25.989, 26.642, 26.076, 25.344, 24.58, 24.051, 24.005, 24.643, 25.416, 25.108, 24.21, 23.271, 22.793, 23.56, 24.498, 25.493, 26.709, 25.912, 23.953, 23.353, 23.747, 24.69, 26.048, 27.207, 28.09, 28.55, 28.383, 28.397, 28.69, 28.958, 29.097, 28.626, 27.423, 26.323, 24.828, 24.23, 24.807, 25.182, 25.213], [11.421, 11.117, 10.952, 10.569, 10.197, 10.128, 10.493, 10.064, 9.34, 9.207, 8.862, 7.993, 8.058, 7.192, 4.065, 0.0, 3.113, 5.763, 9.999, 13.655, 15.2, 14.96, 16.029, 17.861, 19.627, 20.294, 20.177, 20.435, 20.314, 19.646, 20.018, 21.433, 21.881, 21.7, 21.417, 21.288, 21.367, 21.38, 21.984, 22.718, 22.709, 23.052, 23.473, 23.333, 22.794, 22.558, 23.214, 25.237, 26.052, 25.626, 24.935, 24.164, 23.59, 23.47, 24.061, 24.855, 24.579, 23.712, 22.785, 22.323, 23.088, 24.006, 24.999, 26.181, 25.383, 23.469, 22.873, 23.258, 24.19, 25.471, 26.504, 27.335, 27.808, 27.649, 27.69, 28.03, 28.309, 28.403, 27.886, 26.679, 25.623, 24.16, 23.469, 24.019, 24.425, 24.463], [12.534, 12.332, 12.204, 11.802, 11.482, 11.518, 11.863, 11.509, 10.957, 10.871, 10.522, 9.779, 9.829, 9.144, 6.613, 3.113, 0.0, 3.646, 8.854, 12.888, 14.635, 14.357, 15.438, 17.202, 18.902, 19.564, 19.467, 19.693, 19.511, 18.9, 19.211, 20.499, 20.938, 20.766, 20.512, 20.428, 20.519, 20.532, 21.137, 21.866, 21.865, 22.254, 22.711, 22.593, 22.129, 21.965, 22.563, 24.518, 25.447, 25.143, 24.523, 23.807, 23.257, 23.088, 23.604, 24.371, 24.11, 23.308, 22.434, 21.981, 22.686, 23.532, 24.467, 25.583, 24.831, 23.053, 22.501, 22.869, 23.751, 24.909, 25.788, 26.55, 27.035, 26.873, 26.904, 27.266, 27.547, 27.588, 27.038, 25.862, 24.878, 23.496, 22.748, 23.246, 23.657, 23.714], [13.647, 13.501, 13.389, 13.0, 12.709, 12.779, 13.086, 12.774, 12.322, 12.231, 11.81, 11.13, 11.198, 10.574, 8.374, 5.763, 3.646, 0.0, 6.015, 10.781, 12.933, 12.766, 14.117, 15.937, 17.617, 18.311, 18.261, 18.482, 18.233, 17.666, 18.095, 19.334, 19.758, 19.607, 19.356, 19.305, 19.412, 19.411, 20.011, 20.738, 20.736, 21.195, 21.741, 21.668, 21.268, 21.186, 21.803, 23.715, 24.64, 24.411, 23.867, 23.272, 22.9, 22.796, 23.257, 23.972, 23.694, 22.944, 22.143, 21.696, 22.293, 23.028, 23.897, 24.942, 24.179, 22.457, 21.952, 22.316, 23.167, 24.236, 25.009, 25.745, 26.248, 26.064, 26.068, 26.408, 26.665, 26.662, 26.061, 24.869, 23.893, 22.542, 21.79, 22.279, 22.69, 22.761], [15.601, 15.428, 15.335, 15.019, 14.783, 14.926, 15.209, 15.017, 14.745, 14.694, 14.254, 13.806, 13.884, 13.325, 11.608, 9.999, 8.854, 6.015, 0.0, 6.012, 9.182, 9.449, 11.525, 13.455, 14.974, 15.692, 15.772, 16.015, 15.654, 15.154, 15.985, 17.322, 17.735, 17.64, 17.394, 17.398, 17.542, 17.543, 18.14, 18.825, 18.8, 19.357, 20.058, 20.063, 19.744, 19.765, 20.465, 22.306, 23.006, 22.778, 22.337, 21.99, 22.11, 22.322, 22.781, 23.403, 23.05, 22.337, 21.67, 21.238, 21.631, 22.171, 22.959, 23.969, 23.153, 21.396, 20.907, 21.229, 22.009, 23.006, 23.76, 24.555, 25.121, 24.968, 24.995, 25.32, 25.574, 25.554, 24.856, 23.582, 22.579, 21.245, 20.603, 21.181, 21.576, 21.626], [18.256, 17.984, 17.904, 17.618, 17.451, 17.639, 17.884, 17.736, 17.439, 17.344, 16.928, 16.653, 16.735, 16.235, 14.821, 13.655, 12.888, 10.781, 6.012, 0.0, 4.114, 5.46, 8.496, 10.538, 11.967, 12.826, 13.052, 13.345, 13.244, 12.875, 13.86, 15.335, 15.796, 15.759, 15.629, 15.776, 15.935, 15.908, 16.43, 17.025, 17.011, 17.569, 18.369, 18.509, 18.257, 18.287, 18.967, 20.68, 21.251, 21.135, 20.84, 20.726, 21.326, 21.971, 22.507, 23.079, 22.757, 22.105, 21.529, 21.089, 21.279, 21.642, 22.327, 23.4, 22.757, 20.997, 20.393, 20.603, 21.275, 22.296, 23.226, 24.212, 24.932, 24.896, 24.983, 25.329, 25.641, 25.68, 25.022, 23.818, 22.839, 21.596, 21.058, 21.626, 22.02, 22.083], [19.478, 19.165, 19.082, 18.822, 18.701, 18.911, 19.127, 18.978, 18.624, 18.482, 18.086, 17.854, 17.939, 17.464, 16.165, 15.2, 14.635, 12.933, 9.182, 4.114, 0.0, 3.291, 7.072, 9.402, 11.054, 12.038, 12.265, 12.624, 12.907, 12.635, 13.54, 15.134, 15.612, 15.589, 15.544, 15.707, 15.832, 15.782, 16.28, 16.875, 16.907, 17.444, 18.233, 18.393, 18.076, 18.034, 18.716, 20.426, 20.989, 20.883, 20.583, 20.494, 21.196, 22.003, 22.649, 23.305, 23.063, 22.417, 21.844, 21.407, 21.592, 21.963, 22.622, 23.736, 23.194, 21.358, 20.633, 20.8, 21.442, 22.558, 23.68, 24.781, 25.547, 25.564, 25.686, 26.041, 26.39, 26.493, 25.921, 24.813, 23.854, 22.627, 22.103, 22.636, 23.043, 23.134], [19.356, 19.043, 18.967, 18.722, 18.62, 18.847, 19.072, 18.945, 18.6, 18.425, 18.029, 17.82, 17.912, 17.405, 16.024, 14.96, 14.357, 12.766, 9.449, 5.46, 3.291, 0.0, 4.696, 7.975, 10.197, 11.385, 11.553, 11.821, 12.108, 11.966, 12.826, 14.519, 15.099, 15.046, 14.957, 15.075, 15.193, 15.207, 15.843, 16.546, 16.599, 17.164, 17.937, 18.05, 17.707, 17.595, 18.22, 20.093, 20.859, 20.754, 20.378, 20.201, 20.785, 21.532, 22.257, 23.112, 23.008, 22.366, 21.758, 21.3, 21.53, 21.972, 22.671, 23.774, 23.22, 21.262, 20.411, 20.59, 21.27, 22.461, 23.638, 24.777, 25.545, 25.562, 25.679, 26.053, 26.44, 26.549, 25.954, 24.836, 23.899, 22.672, 22.101, 22.651, 23.083, 23.162], [20.119, 19.802, 19.754, 19.56, 19.471, 19.697, 19.886, 19.78, 19.437, 19.197, 18.833, 18.711, 18.807, 18.33, 17.055, 16.029, 15.438, 14.117, 11.525, 8.496, 7.072, 4.696, 0.0, 4.529, 8.069, 9.8, 10.039, 10.473, 11.11, 11.14, 11.633, 13.404, 14.132, 13.964, 13.891, 14.081, 14.231, 14.304, 15.019, 15.818, 15.935, 16.495, 17.282, 17.427, 17.16, 16.99, 17.463, 19.498, 20.647, 20.64, 20.189, 19.953, 20.526, 21.321, 22.102, 23.121, 23.239, 22.669, 22.039, 21.521, 21.741, 22.191, 22.855, 23.981, 23.552, 21.546, 20.527, 20.7, 21.397, 22.669, 23.954, 25.186, 26.018, 26.064, 26.164, 26.592, 27.073, 27.201, 26.58, 25.432, 24.552, 23.423, 22.823, 23.364, 23.794, 23.821], [21.388, 21.095, 21.074, 20.922, 20.843, 21.079, 21.238, 21.174, 20.929, 20.714, 20.392, 20.301, 20.314, 19.908, 18.845, 17.861, 17.202, 15.937, 13.455, 10.538, 9.402, 7.975, 4.529, 0.0, 4.753, 7.26, 7.869, 8.658, 9.61, 9.721, 10.085, 11.781, 12.572, 12.413, 12.439, 12.824, 13.049, 13.129, 13.749, 14.506, 14.666, 15.195, 16.038, 16.288, 16.169, 16.069, 16.516, 18.495, 19.801, 20.02, 19.667, 19.538, 20.322, 21.27, 21.972, 22.878, 23.036, 22.594, 22.089, 21.579, 21.68, 22.017, 22.574, 23.665, 23.344, 21.53, 20.582, 20.729, 21.344, 22.493, 23.717, 24.944, 25.83, 25.91, 26.02, 26.483, 27.001, 27.131, 26.519, 25.399, 24.582, 23.563, 22.978, 23.465, 23.86, 23.868], [22.798, 22.572, 22.568, 22.441, 22.362, 22.569, 22.698, 22.669, 22.533, 22.4, 22.105, 21.935, 21.768, 21.418, 20.57, 19.627, 18.902, 17.617, 14.974, 11.967, 11.054, 10.197, 8.069, 4.753, 0.0, 3.315, 4.847, 5.939, 7.135, 7.464, 8.218, 9.785, 10.47, 10.428, 10.587, 11.171, 11.48, 11.565, 12.072, 12.719, 12.906, 13.386, 14.224, 14.502, 14.531, 14.622, 15.226, 16.941, 17.884, 18.187, 18.053, 18.22, 19.485, 20.74, 21.405, 22.129, 22.194, 21.855, 21.62, 21.258, 21.208, 21.382, 21.795, 22.76, 22.422, 20.808, 20.061, 20.188, 20.615, 21.546, 22.647, 23.858, 24.794, 24.921, 25.087, 25.594, 26.117, 26.23, 25.673, 24.68, 23.907, 22.98, 22.485, 22.946, 23.299, 23.302], [23.386, 23.206, 23.214, 23.1, 23.01, 23.185, 23.29, 23.259, 23.135, 23.039, 22.753, 22.536, 22.285, 21.962, 21.216, 20.294, 19.564, 18.311, 15.692, 12.826, 12.038, 11.385, 9.8, 7.26, 3.315, 0.0, 2.493, 4.252, 6.002, 6.565, 7.708, 9.217, 9.65, 9.605, 9.803, 10.331, 10.607, 10.737, 11.262, 11.894, 12.101, 12.606, 13.433, 13.598, 13.663, 14.022, 14.894, 16.459, 17.015, 17.127, 17.003, 17.297, 18.805, 20.239, 20.981, 21.692, 21.69, 21.347, 21.255, 21.079, 21.039, 21.144, 21.492, 22.388, 21.941, 20.328, 19.72, 19.883, 20.19, 21.029, 22.087, 23.273, 24.186, 24.34, 24.587, 25.134, 25.672, 25.807, 25.304, 24.371, 23.585, 22.686, 22.245, 22.713, 23.051, 23.042], [23.365, 23.189, 23.209, 23.098, 23.001, 23.17, 23.275, 23.218, 23.045, 22.937, 22.657, 22.43, 22.162, 21.833, 21.091, 20.177, 19.467, 18.261, 15.772, 13.052, 12.265, 11.553, 10.039, 7.869, 4.847, 2.493, 0.0, 2.817, 5.481, 6.211, 7.452, 9.081, 9.408, 9.299, 9.474, 9.829, 10.002, 10.237, 10.889, 11.574, 11.787, 12.358, 13.199, 13.288, 13.361, 13.888, 14.955, 16.613, 17.133, 17.103, 16.854, 17.071, 18.534, 19.969, 20.777, 21.563, 21.574, 21.207, 21.106, 21.005, 21.068, 21.212, 21.587, 22.48, 21.955, 20.257, 19.674, 19.882, 20.188, 21.07, 22.161, 23.322, 24.183, 24.334, 24.629, 25.2, 25.762, 25.935, 25.45, 24.496, 23.686, 22.753, 22.282, 22.752, 23.104, 23.102], [23.619, 23.432, 23.455, 23.341, 23.255, 23.438, 23.562, 23.51, 23.332, 23.224, 22.942, 22.722, 22.456, 22.127, 21.382, 20.435, 19.693, 18.482, 16.015, 13.345, 12.624, 11.821, 10.473, 8.658, 5.939, 4.252, 2.817, 0.0, 3.568, 5.021, 6.475, 8.067, 8.494, 8.435, 8.634, 9.052, 9.248, 9.577, 10.323, 11.013, 11.206, 11.751, 12.593, 12.716, 12.832, 13.337, 14.356, 16.002, 16.564, 16.656, 16.471, 16.696, 18.187, 19.631, 20.397, 21.185, 21.24, 20.927, 20.859, 20.76, 20.799, 20.971, 21.344, 22.168, 21.696, 20.087, 19.493, 19.645, 19.899, 20.733, 21.791, 22.992, 23.913, 24.088, 24.39, 24.986, 25.569, 25.726, 25.226, 24.285, 23.511, 22.615, 22.117, 22.574, 22.939, 22.966], [23.412, 23.233, 23.253, 23.139, 23.055, 23.253, 23.403, 23.393, 23.273, 23.194, 22.909, 22.693, 22.44, 22.105, 21.33, 20.314, 19.511, 18.233, 15.654, 13.244, 12.907, 12.108, 11.11, 9.61, 7.135, 6.002, 5.481, 3.568, 0.0, 3.023, 5.509, 6.836, 7.416, 7.575, 7.709, 8.294, 8.601, 8.972, 9.797, 10.524, 10.702, 11.249, 12.139, 12.299, 12.42, 12.795, 13.677, 15.333, 15.929, 16.145, 16.051, 16.287, 17.757, 19.12, 19.801, 20.541, 20.587, 20.331, 20.305, 20.183, 20.159, 20.344, 20.771, 21.529, 21.06, 19.571, 19.01, 19.109, 19.361, 20.117, 21.038, 22.229, 23.221, 23.402, 23.66, 24.266, 24.837, 24.935, 24.398, 23.435, 22.674, 21.802, 21.291, 21.752, 22.113, 22.148], [22.703, 22.516, 22.536, 22.433, 22.334, 22.533, 22.686, 22.68, 22.578, 22.506, 22.226, 21.991, 21.727, 21.392, 20.619, 19.646, 18.9, 17.666, 15.154, 12.875, 12.635, 11.966, 11.14, 9.721, 7.464, 6.565, 6.211, 5.021, 3.023, 0.0, 4.015, 6.379, 7.083, 7.313, 7.491, 8.042, 8.313, 8.686, 9.621, 10.377, 10.548, 11.091, 11.959, 12.092, 12.113, 12.482, 13.517, 15.332, 15.893, 16.037, 15.921, 16.089, 17.502, 18.904, 19.658, 20.393, 20.366, 20.054, 19.986, 19.852, 19.875, 20.114, 20.641, 21.577, 21.095, 19.525, 18.987, 19.098, 19.411, 20.245, 21.22, 22.391, 23.344, 23.517, 23.784, 24.377, 24.928, 25.056, 24.577, 23.593, 22.745, 21.767, 21.239, 21.712, 22.072, 22.095], [23.147, 22.943, 22.978, 22.868, 22.776, 23.018, 23.197, 23.181, 23.037, 22.932, 22.675, 22.459, 22.198, 21.874, 21.086, 20.018, 19.211, 18.095, 15.985, 13.86, 13.54, 12.826, 11.633, 10.085, 8.218, 7.708, 7.452, 6.475, 5.509, 4.015, 0.0, 4.13, 5.676, 5.873, 6.366, 7.215, 7.478, 7.666, 8.616, 9.447, 9.675, 10.063, 10.861, 11.179, 11.359, 11.704, 12.417, 14.294, 15.395, 16.003, 16.034, 16.078, 17.234, 18.62, 19.449, 20.232, 20.287, 20.005, 19.901, 19.711, 19.722, 20.002, 20.485, 21.527, 21.398, 19.979, 19.345, 19.4, 19.722, 20.524, 21.486, 22.713, 23.711, 23.889, 24.143, 24.778, 25.369, 25.53, 25.124, 24.225, 23.509, 22.631, 22.057, 22.495, 22.864, 22.866], [24.525, 24.353, 24.395, 24.279, 24.188, 24.426, 24.604, 24.592, 24.438, 24.352, 24.115, 23.874, 23.565, 23.277, 22.556, 21.433, 20.499, 19.334, 17.322, 15.335, 15.134, 14.519, 13.404, 11.781, 9.785, 9.217, 9.081, 8.067, 6.836, 6.379, 4.13, 0.0, 2.722, 3.688, 4.595, 6.089, 6.462, 6.396, 6.974, 7.709, 7.999, 8.213, 9.074, 9.593, 10.102, 10.525, 10.982, 12.645, 13.997, 15.135, 15.456, 15.653, 16.846, 18.106, 18.65, 19.221, 19.337, 19.26, 19.314, 19.119, 18.919, 19.03, 19.328, 20.155, 20.35, 19.509, 19.079, 19.052, 19.165, 19.634, 20.391, 21.645, 22.763, 22.914, 23.087, 23.775, 24.396, 24.498, 24.12, 23.365, 22.792, 22.121, 21.541, 21.875, 22.227, 22.246], [24.97, 24.82, 24.86, 24.747, 24.64, 24.854, 25.013, 24.996, 24.855, 24.788, 24.554, 24.285, 23.943, 23.668, 22.983, 21.881, 20.938, 19.758, 17.735, 15.796, 15.612, 15.099, 14.132, 12.572, 10.47, 9.65, 9.408, 8.494, 7.416, 7.083, 5.676, 2.722, 0.0, 1.959, 3.352, 5.001, 5.39, 5.346, 5.938, 6.637, 6.956, 7.188, 8.093, 8.565, 9.255, 10.022, 10.91, 12.653, 13.741, 14.726, 15.06, 15.383, 16.707, 17.964, 18.411, 18.869, 18.927, 18.891, 19.047, 18.939, 18.718, 18.758, 19.009, 19.742, 19.842, 19.153, 19.004, 19.069, 19.061, 19.379, 20.094, 21.314, 22.376, 22.469, 22.634, 23.34, 23.971, 24.056, 23.662, 22.933, 22.321, 21.656, 21.091, 21.399, 21.732, 21.748], [24.834, 24.677, 24.71, 24.595, 24.487, 24.707, 24.866, 24.84, 24.693, 24.62, 24.386, 24.128, 23.796, 23.51, 22.806, 21.7, 20.766, 19.607, 17.64, 15.759, 15.589, 15.046, 13.964, 12.413, 10.428, 9.605, 9.299, 8.435, 7.575, 7.313, 5.873, 3.688, 1.959, 0.0, 2.118, 4.099, 4.591, 4.676, 5.515, 6.347, 6.677, 6.967, 7.919, 8.381, 9.109, 9.982, 11.01, 12.92, 14.092, 14.971, 15.197, 15.46, 16.737, 17.998, 18.495, 19.007, 19.092, 19.03, 19.158, 19.062, 18.886, 18.947, 19.223, 19.985, 20.041, 19.248, 19.103, 19.262, 19.285, 19.625, 20.364, 21.587, 22.624, 22.71, 22.886, 23.596, 24.236, 24.326, 23.903, 23.126, 22.485, 21.791, 21.222, 21.549, 21.886, 21.898], [24.558, 24.432, 24.458, 24.344, 24.244, 24.463, 24.623, 24.587, 24.424, 24.346, 24.11, 23.845, 23.51, 23.212, 22.503, 21.417, 20.512, 19.356, 17.394, 15.629, 15.544, 14.957, 13.891, 12.439, 10.587, 9.803, 9.474, 8.634, 7.709, 7.491, 6.366, 4.595, 3.352, 2.118, 0.0, 2.478, 3.37, 3.781, 5.012, 6.117, 6.45, 6.84, 7.92, 8.359, 9.054, 9.886, 11.005, 13.037, 14.101, 14.825, 14.958, 15.195, 16.504, 17.785, 18.313, 18.875, 18.967, 18.882, 18.982, 18.856, 18.692, 18.772, 19.095, 19.857, 19.789, 18.882, 18.73, 18.948, 19.044, 19.462, 20.227, 21.446, 22.473, 22.541, 22.72, 23.426, 24.063, 24.162, 23.727, 22.916, 22.219, 21.478, 20.947, 21.305, 21.647, 21.649], [24.465, 24.377, 24.408, 24.3, 24.199, 24.408, 24.563, 24.506, 24.321, 24.236, 24.001, 23.713, 23.348, 23.043, 22.339, 21.288, 20.428, 19.305, 17.398, 15.776, 15.707, 15.075, 14.081, 12.824, 11.171, 10.331, 9.829, 9.052, 8.294, 8.042, 7.215, 6.089, 5.001, 4.099, 2.478, 0.0, 1.59, 2.818, 4.675, 6.037, 6.348, 6.907, 8.03, 8.272, 8.866, 9.83, 11.268, 13.463, 14.296, 14.669, 14.619, 14.793, 16.086, 17.399, 18.049, 18.722, 18.812, 18.67, 18.751, 18.675, 18.599, 18.731, 19.124, 19.907, 19.655, 18.538, 18.398, 18.709, 18.854, 19.401, 20.263, 21.471, 22.409, 22.464, 22.713, 23.424, 24.069, 24.224, 23.835, 23.039, 22.296, 21.485, 20.989, 21.398, 21.743, 21.728], [24.542, 24.458, 24.501, 24.394, 24.286, 24.494, 24.655, 24.591, 24.396, 24.309, 24.076, 23.771, 23.392, 23.094, 22.403, 21.367, 20.519, 19.412, 17.542, 15.935, 15.832, 15.193, 14.231, 13.049, 11.48, 10.607, 10.002, 9.248, 8.601, 8.313, 7.478, 6.462, 5.39, 4.591, 3.37, 1.59, 0.0, 2.029, 4.348, 5.759, 6.086, 6.729, 7.877, 8.013, 8.52, 9.633, 11.165, 13.322, 14.125, 14.466, 14.398, 14.571, 15.859, 17.195, 17.914, 18.638, 18.722, 18.553, 18.624, 18.58, 18.548, 18.693, 19.096, 19.909, 19.654, 18.481, 18.34, 18.68, 18.836, 19.423, 20.337, 21.543, 22.437, 22.488, 22.787, 23.511, 24.161, 24.343, 23.989, 23.21, 22.484, 21.678, 21.163, 21.56, 21.895, 21.87], [24.49, 24.399, 24.439, 24.343, 24.234, 24.44, 24.601, 24.542, 24.354, 24.271, 24.043, 23.736, 23.364, 23.077, 22.397, 21.38, 20.532, 19.411, 17.543, 15.908, 15.782, 15.207, 14.304, 13.129, 11.565, 10.737, 10.237, 9.577, 8.972, 8.686, 7.666, 6.396, 5.346, 4.676, 3.781, 2.818, 2.029, 0.0, 2.807, 4.565, 4.995, 5.69, 6.96, 7.198, 7.846, 8.995, 10.452, 12.574, 13.464, 13.983, 14.013, 14.22, 15.513, 16.871, 17.597, 18.287, 18.341, 18.168, 18.229, 18.151, 18.076, 18.18, 18.539, 19.388, 19.294, 18.223, 18.091, 18.425, 18.583, 19.153, 20.09, 21.388, 22.344, 22.36, 22.597, 23.297, 23.923, 24.091, 23.747, 23.009, 22.328, 21.56, 21.033, 21.409, 21.751, 21.737], [24.939, 24.857, 24.898, 24.808, 24.7, 24.889, 25.03, 24.968, 24.786, 24.717, 24.495, 24.183, 23.803, 23.548, 22.946, 21.984, 21.137, 20.011, 18.14, 16.43, 16.28, 15.843, 15.019, 13.749, 12.072, 11.262, 10.889, 10.323, 9.797, 9.621, 8.616, 6.974, 5.938, 5.515, 5.012, 4.675, 4.348, 2.807, 0.0, 2.281, 3.018, 4.106, 5.831, 6.263, 7.26, 8.443, 9.8, 11.911, 12.879, 13.573, 13.693, 13.957, 15.35, 16.736, 17.332, 17.866, 17.909, 17.832, 17.95, 17.832, 17.625, 17.619, 17.87, 18.702, 18.845, 18.05, 17.965, 18.245, 18.333, 18.803, 19.699, 21.103, 22.214, 22.21, 22.355, 23.033, 23.649, 23.792, 23.436, 22.756, 22.142, 21.455, 20.945, 21.281, 21.635, 21.673], [25.495, 25.428, 25.478, 25.387, 25.283, 25.479, 25.616, 25.555, 25.399, 25.357, 25.135, 24.811, 24.404, 24.176, 23.646, 22.718, 21.866, 20.738, 18.825, 17.025, 16.875, 16.546, 15.818, 14.506, 12.719, 11.894, 11.574, 11.013, 10.524, 10.377, 9.447, 7.709, 6.637, 6.347, 6.117, 6.037, 5.759, 4.565, 2.281, 0.0, 1.29, 3.04, 5.04, 5.598, 6.943, 8.321, 9.666, 11.642, 12.579, 13.418, 13.65, 13.96, 15.429, 16.855, 17.331, 17.696, 17.7, 17.715, 17.935, 17.841, 17.535, 17.446, 17.629, 18.422, 18.684, 18.117, 18.117, 18.347, 18.343, 18.667, 19.464, 20.852, 22.02, 22.037, 22.168, 22.853, 23.487, 23.618, 23.24, 22.578, 22.012, 21.409, 20.916, 21.206, 21.538, 21.606], [25.434, 25.368, 25.417, 25.328, 25.226, 25.431, 25.575, 25.524, 25.379, 25.344, 25.12, 24.787, 24.373, 24.149, 23.629, 22.709, 21.865, 20.736, 18.8, 17.011, 16.907, 16.599, 15.935, 14.666, 12.906, 12.101, 11.787, 11.206, 10.702, 10.548, 9.675, 7.999, 6.956, 6.677, 6.45, 6.348, 6.086, 4.995, 3.018, 1.29, 0.0, 2.467, 4.707, 5.315, 6.739, 8.178, 9.587, 11.582, 12.485, 13.331, 13.57, 13.876, 15.33, 16.74, 17.173, 17.494, 17.472, 17.497, 17.742, 17.656, 17.337, 17.244, 17.433, 18.226, 18.488, 17.951, 17.976, 18.205, 18.19, 18.498, 19.282, 20.675, 21.841, 21.858, 22.001, 22.69, 23.324, 23.457, 23.077, 22.408, 21.837, 21.244, 20.765, 21.051, 21.376, 21.447], [25.735, 25.642, 25.684, 25.59, 25.494, 25.704, 25.85, 25.816, 25.664, 25.634, 25.427, 25.092, 24.663, 24.442, 23.94, 23.052, 22.254, 21.195, 19.357, 17.569, 17.444, 17.164, 16.495, 15.195, 13.386, 12.606, 12.358, 11.751, 11.249, 11.091, 10.063, 8.213, 7.188, 6.967, 6.84, 6.907, 6.729, 5.69, 4.106, 3.04, 2.467, 0.0, 2.698, 3.847, 5.764, 7.327, 8.793, 10.801, 11.803, 12.976, 13.384, 13.701, 15.132, 16.665, 17.119, 17.384, 17.397, 17.459, 17.751, 17.682, 17.315, 17.196, 17.352, 18.14, 18.51, 18.121, 18.169, 18.342, 18.259, 18.524, 19.359, 20.811, 22.024, 22.069, 22.198, 22.9, 23.54, 23.666, 23.292, 22.637, 22.049, 21.483, 21.033, 21.264, 21.576, 21.644], [26.089, 25.984, 26.022, 25.927, 25.839, 26.051, 26.189, 26.166, 26.038, 26.034, 25.837, 25.493, 25.044, 24.826, 24.343, 23.473, 22.711, 21.741, 20.058, 18.369, 18.233, 17.937, 17.282, 16.038, 14.224, 13.433, 13.199, 12.593, 12.139, 11.959, 10.861, 9.074, 8.093, 7.919, 7.92, 8.03, 7.877, 6.96, 5.831, 5.04, 4.707, 2.698, 0.0, 2.317, 5.245, 7.108, 8.605, 10.543, 11.571, 12.921, 13.486, 13.8, 15.136, 16.74, 17.223, 17.455, 17.499, 17.571, 17.905, 17.897, 17.533, 17.4, 17.538, 18.313, 18.729, 18.434, 18.529, 18.666, 18.535, 18.758, 19.611, 21.053, 22.232, 22.292, 22.405, 23.105, 23.774, 23.888, 23.483, 22.851, 22.28, 21.733, 21.295, 21.495, 21.784, 21.84], [25.902, 25.808, 25.845, 25.755, 25.668, 25.889, 26.033, 26.01, 25.902, 25.91, 25.712, 25.35, 24.883, 24.668, 24.193, 23.333, 22.593, 21.668, 20.063, 18.509, 18.393, 18.05, 17.427, 16.288, 14.502, 13.598, 13.288, 12.716, 12.299, 12.092, 11.179, 9.593, 8.565, 8.381, 8.359, 8.272, 8.013, 7.198, 6.263, 5.598, 5.315, 3.847, 2.317, 0.0, 3.649, 6.203, 8.373, 10.618, 11.497, 12.539, 12.971, 13.229, 14.543, 16.138, 16.682, 17.014, 17.057, 17.078, 17.442, 17.546, 17.29, 17.199, 17.358, 18.145, 18.468, 18.042, 18.178, 18.389, 18.223, 18.451, 19.354, 20.789, 21.9, 21.942, 22.094, 22.817, 23.518, 23.699, 23.356, 22.745, 22.142, 21.52, 21.043, 21.259, 21.556, 21.611], [25.332, 25.222, 25.247, 25.164, 25.083, 25.323, 25.497, 25.47, 25.349, 25.35, 25.154, 24.781, 24.305, 24.079, 23.604, 22.794, 22.129, 21.268, 19.744, 18.257, 18.076, 17.707, 17.16, 16.169, 14.531, 13.663, 13.361, 12.832, 12.42, 12.113, 11.359, 10.102, 9.255, 9.109, 9.054, 8.866, 8.52, 7.846, 7.26, 6.943, 6.739, 5.764, 5.245, 3.649, 0.0, 3.559, 7.12, 9.924, 10.749, 11.638, 11.894, 12.025, 13.334, 15.025, 15.765, 16.278, 16.291, 16.21, 16.558, 16.722, 16.582, 16.602, 16.829, 17.723, 17.971, 17.275, 17.346, 17.616, 17.416, 17.735, 18.844, 20.381, 21.505, 21.572, 21.796, 22.534, 23.224, 23.515, 23.379, 22.838, 22.172, 21.421, 20.874, 21.094, 21.411, 21.473], [24.98, 24.844, 24.851, 24.768, 24.703, 24.947, 25.132, 25.11, 24.979, 24.96, 24.763, 24.427, 23.989, 23.746, 23.29, 22.558, 21.965, 21.186, 19.765, 18.287, 18.034, 17.595, 16.99, 16.069, 14.622, 14.022, 13.888, 13.337, 12.795, 12.482, 11.704, 10.525, 10.022, 9.982, 9.886, 9.83, 9.633, 8.995, 8.443, 8.321, 8.178, 7.327, 7.108, 6.203, 3.559, 0.0, 4.745, 8.42, 9.585, 10.681, 10.983, 11.102, 12.447, 14.23, 15.061, 15.695, 15.801, 15.707, 15.966, 15.973, 15.774, 15.872, 16.167, 17.174, 17.567, 16.774, 16.611, 16.797, 16.637, 17.178, 18.541, 20.287, 21.573, 21.677, 21.857, 22.574, 23.249, 23.551, 23.498, 23.054, 22.44, 21.688, 21.156, 21.412, 21.755, 21.824], [25.522, 25.395, 25.397, 25.295, 25.254, 25.485, 25.652, 25.635, 25.499, 25.465, 25.281, 24.997, 24.611, 24.396, 23.971, 23.214, 22.563, 21.803, 20.465, 18.967, 18.716, 18.22, 17.463, 16.516, 15.226, 14.894, 14.955, 14.356, 13.677, 13.517, 12.417, 10.982, 10.91, 11.01, 11.005, 11.268, 11.165, 10.452, 9.8, 9.666, 9.587, 8.793, 8.605, 8.373, 7.12, 4.745, 0.0, 4.851, 7.974, 10.434, 11.332, 11.665, 12.913, 14.583, 15.319, 15.945, 16.212, 16.188, 16.29, 16.025, 15.591, 15.59, 15.778, 16.775, 17.68, 17.137, 16.63, 16.538, 16.441, 17.032, 18.363, 20.25, 21.736, 21.937, 22.07, 22.791, 23.438, 23.631, 23.549, 23.219, 22.905, 22.435, 21.909, 22.149, 22.506, 22.569], [27.322, 27.255, 27.273, 27.172, 27.133, 27.313, 27.434, 27.421, 27.307, 27.303, 27.149, 26.838, 26.4, 26.271, 25.989, 25.237, 24.518, 23.715, 22.306, 20.68, 20.426, 20.093, 19.498, 18.495, 16.941, 16.459, 16.613, 16.002, 15.333, 15.332, 14.294, 12.645, 12.653, 12.92, 13.037, 13.463, 13.322, 12.574, 11.911, 11.642, 11.582, 10.801, 10.543, 10.618, 9.924, 8.42, 4.851, 0.0, 5.542, 9.872, 11.617, 12.375, 13.86, 15.661, 16.284, 16.646, 16.811, 16.904, 17.134, 16.866, 16.12, 15.805, 15.678, 16.45, 17.678, 17.598, 17.081, 16.733, 16.475, 16.799, 17.943, 19.867, 21.474, 21.815, 22.024, 22.754, 23.341, 23.468, 23.532, 23.415, 23.335, 23.238, 22.801, 22.931, 23.231, 23.267], [27.842, 27.82, 27.843, 27.761, 27.71, 27.848, 27.953, 27.954, 27.883, 27.923, 27.763, 27.398, 26.889, 26.789, 26.642, 26.052, 25.447, 24.64, 23.006, 21.251, 20.989, 20.859, 20.647, 19.801, 17.884, 17.015, 17.133, 16.564, 15.929, 15.893, 15.395, 13.997, 13.741, 14.092, 14.101, 14.296, 14.125, 13.464, 12.879, 12.579, 12.485, 11.803, 11.571, 11.497, 10.749, 9.585, 7.974, 5.542, 0.0, 5.584, 8.378, 9.963, 12.414, 14.801, 15.646, 15.862, 15.736, 15.78, 16.355, 16.382, 15.543, 15.101, 14.932, 15.614, 16.443, 16.296, 16.012, 15.668, 15.262, 15.659, 17.041, 19.062, 20.634, 20.99, 21.302, 22.028, 22.607, 22.795, 22.941, 22.935, 22.742, 22.646, 22.517, 22.781, 23.012, 22.97], [27.278, 27.273, 27.291, 27.223, 27.154, 27.267, 27.37, 27.372, 27.312, 27.355, 27.176, 26.802, 26.274, 26.155, 26.076, 25.626, 25.143, 24.411, 22.778, 21.135, 20.883, 20.754, 20.64, 20.02, 18.187, 17.127, 17.103, 16.656, 16.145, 16.037, 16.003, 15.135, 14.726, 14.971, 14.825, 14.669, 14.466, 13.983, 13.573, 13.418, 13.331, 12.976, 12.921, 12.539, 11.638, 10.681, 10.434, 9.872, 5.584, 0.0, 3.718, 6.524, 10.283, 13.303, 14.614, 15.127, 14.931, 14.782, 15.447, 15.731, 15.168, 14.89, 14.925, 15.751, 15.883, 15.027, 14.786, 14.69, 14.406, 15.308, 17.071, 19.07, 20.453, 20.779, 21.176, 21.889, 22.532, 22.845, 22.941, 22.865, 22.506, 22.193, 22.247, 22.77, 23.011, 22.921], [26.581, 26.567, 26.581, 26.521, 26.445, 26.572, 26.689, 26.684, 26.613, 26.649, 26.463, 26.091, 25.575, 25.432, 25.344, 24.935, 24.523, 23.867, 22.337, 20.84, 20.583, 20.378, 20.189, 19.667, 18.053, 17.003, 16.854, 16.471, 16.051, 15.921, 16.034, 15.456, 15.06, 15.197, 14.958, 14.619, 14.398, 14.013, 13.693, 13.65, 13.57, 13.384, 13.486, 12.971, 11.894, 10.983, 11.332, 11.617, 8.378, 3.718, 0.0, 3.734, 8.455, 11.982, 13.69, 14.562, 14.456, 14.193, 14.767, 15.112, 14.816, 14.731, 14.933, 15.881, 15.671, 14.32, 13.989, 14.093, 13.948, 15.177, 17.142, 19.127, 20.442, 20.751, 21.198, 21.934, 22.628, 23.043, 23.149, 22.972, 22.521, 22.057, 22.062, 22.663, 22.977, 22.928], [25.817, 25.779, 25.789, 25.734, 25.658, 25.82, 25.966, 25.962, 25.891, 25.927, 25.744, 25.377, 24.873, 24.711, 24.58, 24.164, 23.807, 23.272, 21.99, 20.726, 20.494, 20.201, 19.953, 19.538, 18.22, 17.297, 17.071, 16.696, 16.287, 16.089, 16.078, 15.653, 15.383, 15.46, 15.195, 14.793, 14.571, 14.22, 13.957, 13.96, 13.876, 13.701, 13.8, 13.229, 12.025, 11.102, 11.665, 12.375, 9.963, 6.524, 3.734, 0.0, 5.396, 9.682, 12.041, 13.355, 13.432, 13.066, 13.505, 13.909, 13.871, 14.051, 14.466, 15.491, 15.267, 13.724, 13.214, 13.42, 13.382, 14.784, 16.898, 18.952, 20.301, 20.612, 21.05, 21.84, 22.587, 23.097, 23.293, 23.065, 22.598, 22.046, 21.922, 22.525, 22.934, 22.979], [25.181, 25.104, 25.109, 25.049, 24.978, 25.183, 25.383, 25.396, 25.336, 25.379, 25.206, 24.879, 24.444, 24.262, 24.051, 23.59, 23.257, 22.9, 22.11, 21.326, 21.196, 20.785, 20.526, 20.322, 19.485, 18.805, 18.534, 18.187, 17.757, 17.502, 17.234, 16.846, 16.707, 16.737, 16.504, 16.086, 15.859, 15.513, 15.35, 15.429, 15.33, 15.132, 15.136, 14.543, 13.334, 12.447, 12.913, 13.86, 12.414, 10.283, 8.455, 5.396, 0.0, 5.259, 8.867, 10.955, 11.469, 11.016, 11.222, 11.823, 12.238, 12.876, 13.624, 14.671, 14.666, 13.264, 12.695, 13.055, 13.141, 14.578, 16.749, 18.869, 20.203, 20.456, 20.83, 21.665, 22.478, 23.106, 23.547, 23.437, 23.069, 22.475, 22.143, 22.707, 23.224, 23.348], [24.972, 24.882, 24.884, 24.821, 24.759, 24.981, 25.214, 25.252, 25.219, 25.274, 25.103, 24.813, 24.462, 24.279, 24.005, 23.47, 23.088, 22.796, 22.322, 21.971, 22.003, 21.532, 21.321, 21.27, 20.74, 20.239, 19.969, 19.631, 19.12, 18.904, 18.62, 18.106, 17.964, 17.998, 17.785, 17.399, 17.195, 16.871, 16.736, 16.855, 16.74, 16.665, 16.74, 16.138, 15.025, 14.23, 14.583, 15.661, 14.801, 13.303, 11.982, 9.682, 5.259, 0.0, 4.831, 7.848, 8.999, 8.647, 8.695, 9.515, 10.387, 11.483, 12.502, 13.363, 13.542, 12.579, 12.248, 12.786, 12.97, 14.227, 16.256, 18.368, 19.626, 19.71, 19.938, 20.769, 21.641, 22.377, 23.035, 23.084, 22.856, 22.29, 21.828, 22.388, 22.992, 23.173], [25.539, 25.461, 25.46, 25.397, 25.346, 25.549, 25.774, 25.823, 25.798, 25.866, 25.694, 25.387, 25.052, 24.902, 24.643, 24.061, 23.604, 23.257, 22.781, 22.507, 22.649, 22.257, 22.102, 21.972, 21.405, 20.981, 20.777, 20.397, 19.801, 19.658, 19.449, 18.65, 18.411, 18.495, 18.313, 18.049, 17.914, 17.597, 17.332, 17.331, 17.173, 17.119, 17.223, 16.682, 15.765, 15.061, 15.319, 16.284, 15.646, 14.614, 13.69, 12.041, 8.867, 4.831, 0.0, 3.85, 6.137, 6.515, 6.776, 7.491, 8.215, 9.411, 10.486, 11.077, 11.566, 11.532, 11.689, 12.226, 12.3, 13.159, 14.975, 17.143, 18.465, 18.452, 18.527, 19.336, 20.275, 21.077, 21.89, 22.106, 21.993, 21.56, 21.093, 21.606, 22.226, 22.446], [26.295, 26.237, 26.24, 26.174, 26.118, 26.297, 26.498, 26.549, 26.536, 26.625, 26.456, 26.103, 25.712, 25.602, 25.416, 24.855, 24.371, 23.972, 23.403, 23.079, 23.305, 23.112, 23.121, 22.878, 22.129, 21.692, 21.563, 21.185, 20.541, 20.393, 20.232, 19.221, 18.869, 19.007, 18.875, 18.722, 18.638, 18.287, 17.866, 17.696, 17.494, 17.384, 17.455, 17.014, 16.278, 15.695, 15.945, 16.646, 15.862, 15.127, 14.562, 13.355, 10.955, 7.848, 3.85, 0.0, 3.368, 4.838, 5.695, 6.443, 6.71, 7.672, 8.677, 9.153, 10.048, 11.141, 11.94, 12.394, 12.257, 12.596, 14.087, 16.241, 17.672, 17.67, 17.696, 18.489, 19.415, 20.191, 21.075, 21.402, 21.346, 21.043, 20.637, 21.068, 21.614, 21.815], [25.947, 25.903, 25.91, 25.852, 25.786, 25.964, 26.159, 26.219, 26.247, 26.361, 26.189, 25.792, 25.355, 25.26, 25.108, 24.579, 24.11, 23.694, 23.05, 22.757, 23.063, 23.008, 23.239, 23.036, 22.194, 21.69, 21.574, 21.24, 20.587, 20.366, 20.287, 19.337, 18.927, 19.092, 18.967, 18.812, 18.722, 18.341, 17.909, 17.7, 17.472, 17.397, 17.499, 17.057, 16.291, 15.801, 16.212, 16.811, 15.736, 14.931, 14.456, 13.432, 11.469, 8.999, 6.137, 3.368, 0.0, 2.453, 4.302, 5.47, 5.77, 6.699, 7.709, 8.42, 9.217, 10.588, 11.811, 12.259, 12.036, 12.158, 13.48, 15.605, 17.07, 17.119, 17.246, 18.052, 18.889, 19.611, 20.503, 20.808, 20.682, 20.363, 20.014, 20.443, 20.916, 21.063], [25.047, 24.989, 24.991, 24.943, 24.873, 25.064, 25.276, 25.344, 25.384, 25.498, 25.321, 24.926, 24.502, 24.39, 24.21, 23.712, 23.308, 22.944, 22.337, 22.105, 22.417, 22.366, 22.669, 22.594, 21.855, 21.347, 21.207, 20.927, 20.331, 20.054, 20.005, 19.26, 18.891, 19.03, 18.882, 18.67, 18.553, 18.168, 17.832, 17.715, 17.497, 17.459, 17.571, 17.078, 16.21, 15.707, 16.188, 16.904, 15.78, 14.782, 14.193, 13.066, 11.016, 8.647, 6.515, 4.838, 2.453, 0.0, 2.597, 4.491, 5.445, 6.687, 7.943, 8.981, 9.528, 10.263, 11.347, 11.892, 11.806, 12.227, 13.802, 15.976, 17.367, 17.413, 17.627, 18.464, 19.283, 20.008, 20.834, 21.007, 20.782, 20.316, 19.95, 20.462, 20.941, 21.05], [24.172, 24.082, 24.077, 24.031, 23.956, 24.151, 24.38, 24.446, 24.459, 24.55, 24.367, 23.992, 23.627, 23.498, 23.271, 22.785, 22.434, 22.143, 21.67, 21.529, 21.844, 21.758, 22.039, 22.089, 21.62, 21.255, 21.106, 20.859, 20.305, 19.986, 19.901, 19.314, 19.047, 19.158, 18.982, 18.751, 18.624, 18.229, 17.95, 17.935, 17.742, 17.751, 17.905, 17.442, 16.558, 15.966, 16.29, 17.134, 16.355, 15.447, 14.767, 13.505, 11.222, 8.695, 6.776, 5.695, 4.302, 2.597, 0.0, 2.668, 4.619, 6.354, 7.942, 9.318, 10.006, 10.328, 11.046, 11.613, 11.78, 12.589, 14.41, 16.659, 18.037, 18.046, 18.234, 19.07, 19.893, 20.616, 21.368, 21.406, 21.136, 20.556, 20.09, 20.645, 21.176, 21.28], [23.717, 23.609, 23.595, 23.552, 23.486, 23.671, 23.898, 23.961, 23.951, 24.021, 23.836, 23.473, 23.143, 23.019, 22.793, 22.323, 21.981, 21.696, 21.238, 21.089, 21.407, 21.3, 21.521, 21.579, 21.258, 21.079, 21.005, 20.76, 20.183, 19.852, 19.711, 19.119, 18.939, 19.062, 18.856, 18.675, 18.58, 18.151, 17.832, 17.841, 17.656, 17.682, 17.897, 17.546, 16.722, 15.973, 16.025, 16.866, 16.382, 15.731, 15.112, 13.909, 11.823, 9.515, 7.491, 6.443, 5.47, 4.491, 2.668, 0.0, 2.868, 5.216, 7.062, 8.721, 9.778, 10.202, 10.669, 11.106, 11.438, 12.399, 14.302, 16.668, 18.177, 18.17, 18.257, 19.066, 19.867, 20.549, 21.264, 21.271, 21.009, 20.443, 19.965, 20.506, 21.049, 21.157], [24.468, 24.375, 24.364, 24.31, 24