[[0.0, 1.828, 3.056, 6.633, 9.968, 10.831, 11.151, 11.863, 13.523, 15.304, 16.159, 16.493, 17.519, 17.854, 17.841, 18.413, 19.952, 20.876, 20.619, 21.426, 22.605, 22.952, 23.008, 22.9, 22.893, 22.95, 22.633, 21.668, 20.672, 20.412, 20.982, 21.959, 23.06, 23.503, 23.785, 23.922, 24.024, 23.907, 23.697, 23.806, 23.74, 23.24, 22.509, 21.921, 21.62, 21.937, 22.764, 23.388, 23.193, 22.899, 23.076, 23.054, 22.996, 22.784, 22.964, 23.77, 25.061, 26.601, 27.512, 27.675, 27.399, 26.566, 26.095, 26.057, 25.789, 25.122, 25.187, 25.467, 25.453, 24.925, 24.483, 24.743, 24.684, 24.527, 24.585, 24.619, 24.944, 25.415, 25.623, 25.732, 26.138, 26.375, 26.012, 24.955, 24.411, 24.556], [1.828, 0.0, 1.958, 5.892, 9.131, 9.977, 10.302, 11.006, 12.678, 14.469, 15.361, 15.707, 16.775, 17.138, 17.127, 17.715, 19.31, 20.303, 20.034, 20.87, 22.124, 22.519, 22.61, 22.537, 22.534, 22.594, 22.265, 21.275, 20.271, 20.003, 20.565, 21.521, 22.603, 23.045, 23.356, 23.597, 23.755, 23.626, 23.449, 23.565, 23.501, 23.032, 22.328, 21.775, 21.493, 21.83, 22.758, 23.429, 23.243, 22.973, 23.181, 23.168, 23.099, 22.858, 22.972, 23.691, 24.886, 26.354, 27.236, 27.389, 27.128, 26.327, 25.889, 25.877, 25.62, 24.932, 24.978, 25.255, 25.245, 24.742, 24.349, 24.641, 24.566, 24.412, 24.487, 24.547, 24.901, 25.398, 25.652, 25.775, 26.195, 26.444, 26.066, 24.972, 24.382, 24.522], [3.056, 1.958, 0.0, 4.669, 8.382, 9.309, 9.662, 10.381, 12.094, 14.007, 14.941, 15.289, 16.377, 16.739, 16.733, 17.293, 18.821, 19.823, 19.584, 20.422, 21.694, 22.113, 22.212, 22.145, 22.144, 22.219, 21.905, 20.897, 19.863, 19.588, 20.173, 21.131, 22.207, 22.635, 22.939, 23.194, 23.374, 23.238, 23.046, 23.167, 23.11, 22.65, 21.966, 21.43, 21.165, 21.505, 22.438, 23.123, 22.941, 22.683, 22.905, 22.893, 22.818, 22.564, 22.643, 23.317, 24.499, 25.974, 26.857, 27.004, 26.742, 25.954, 25.536, 25.543, 25.29, 24.591, 24.633, 24.923, 24.929, 24.43, 24.051, 24.353, 24.27, 24.105, 24.177, 24.244, 24.614, 25.125, 25.384, 25.503, 25.928, 26.188, 25.811, 24.682, 24.076, 24.227], [6.633, 5.892, 4.669, 0.0, 4.606, 6.382, 7.189, 8.039, 9.418, 11.501, 12.526, 12.874, 14.014, 14.362, 14.35, 14.777, 16.17, 17.224, 17.006, 18.007, 19.461, 19.947, 20.083, 20.046, 20.031, 20.139, 19.865, 18.889, 17.916, 17.695, 18.319, 19.174, 20.077, 20.414, 20.717, 21.051, 21.344, 21.281, 21.112, 21.206, 21.165, 20.81, 20.304, 19.933, 19.773, 20.119, 21.23, 22.114, 21.954, 21.802, 22.186, 22.256, 22.195, 21.824, 21.654, 21.933, 22.712, 23.96, 24.747, 24.848, 24.61, 23.924, 23.63, 23.724, 23.532, 22.892, 22.955, 23.271, 23.331, 22.922, 22.705, 23.077, 22.986, 22.851, 22.961, 23.136, 23.632, 24.238, 24.707, 24.933, 25.416, 25.716, 25.272, 23.98, 23.237, 23.381], [9.968, 9.131, 8.382, 4.606, 0.0, 3.146, 4.785, 5.885, 6.948, 9.073, 10.186, 10.59, 11.789, 12.134, 12.131, 12.52, 14.101, 15.354, 15.07, 16.31, 18.032, 18.601, 18.811, 18.877, 18.868, 18.986, 18.699, 17.734, 16.887, 16.784, 17.462, 18.2, 18.853, 19.075, 19.409, 19.964, 20.417, 20.379, 20.313, 20.395, 20.36, 20.121, 19.788, 19.637, 19.657, 20.053, 21.373, 22.438, 22.321, 22.263, 22.756, 22.865, 22.774, 22.279, 21.882, 21.817, 22.137, 22.988, 23.563, 23.603, 23.434, 22.9, 22.723, 22.889, 22.757, 22.176, 22.23, 22.547, 22.637, 22.371, 22.385, 22.84, 22.739, 22.639, 22.839, 23.163, 23.767, 24.424, 25.048, 25.317, 25.806, 26.146, 25.638, 24.257, 23.417, 23.551], [10.831, 9.977, 9.309, 6.382, 3.146, 0.0, 2.353, 4.168, 6.036, 8.616, 9.826, 10.26, 11.449, 11.825, 11.833, 12.335, 14.126, 15.456, 15.126, 16.379, 18.134, 18.703, 18.905, 18.995, 19.011, 19.127, 18.798, 17.75, 16.85, 16.767, 17.561, 18.432, 19.158, 19.391, 19.747, 20.344, 20.768, 20.718, 20.69, 20.787, 20.746, 20.487, 20.129, 19.969, 20.028, 20.464, 21.787, 22.828, 22.715, 22.622, 23.049, 23.121, 22.999, 22.519, 22.189, 22.231, 22.634, 23.48, 24.018, 24.053, 23.889, 23.339, 23.132, 23.285, 23.139, 22.526, 22.55, 22.852, 22.918, 22.662, 22.695, 23.143, 23.047, 22.961, 23.213, 23.556, 24.128, 24.724, 25.251, 25.431, 25.879, 26.233, 25.745, 24.407, 23.619, 23.77], [11.151, 10.302, 9.662, 7.189, 4.785, 2.353, 0.0, 2.617, 5.536, 8.547, 9.866, 10.313, 11.468, 11.843, 11.868, 12.51, 14.49, 15.844, 15.504, 16.718, 18.444, 19.03, 19.221, 19.287, 19.308, 19.409, 19.059, 17.995, 17.064, 16.986, 17.834, 18.751, 19.505, 19.753, 20.145, 20.743, 21.111, 21.06, 21.076, 21.197, 21.17, 20.908, 20.508, 20.292, 20.335, 20.78, 22.092, 23.088, 22.969, 22.84, 23.212, 23.25, 23.102, 22.669, 22.44, 22.604, 23.13, 24.031, 24.58, 24.616, 24.434, 23.863, 23.633, 23.767, 23.61, 22.979, 23.001, 23.277, 23.304, 23.04, 23.061, 23.477, 23.378, 23.297, 23.562, 23.88, 24.411, 24.957, 25.393, 25.526, 25.963, 26.323, 25.859, 24.577, 23.848, 24.008], [11.863, 11.006, 10.381, 8.039, 5.885, 4.168, 2.617, 0.0, 4.183, 7.849, 9.307, 9.798, 10.885, 11.189, 11.242, 12.036, 14.244, 15.715, 15.333, 16.486, 18.235, 18.867, 19.066, 19.119, 19.133, 19.215, 18.855, 17.798, 16.895, 16.871, 17.768, 18.689, 19.421, 19.69, 20.121, 20.744, 21.125, 21.091, 21.151, 21.282, 21.286, 21.099, 20.737, 20.526, 20.579, 21.025, 22.383, 23.395, 23.27, 23.126, 23.48, 23.516, 23.352, 22.932, 22.712, 22.835, 23.302, 24.157, 24.698, 24.728, 24.546, 24.007, 23.801, 23.938, 23.79, 23.154, 23.144, 23.367, 23.366, 23.107, 23.15, 23.546, 23.437, 23.371, 23.646, 23.952, 24.457, 24.968, 25.375, 25.521, 25.974, 26.335, 25.881, 24.633, 23.934, 24.1], [13.523, 12.678, 12.094, 9.418, 6.948, 6.036, 5.536, 4.183, 0.0, 4.509, 6.361, 6.954, 8.296, 8.618, 8.691, 9.299, 11.633, 13.34, 12.936, 14.218, 16.201, 16.997, 17.332, 17.499, 17.516, 17.619, 17.365, 16.422, 15.694, 15.938, 17.008, 17.773, 18.196, 18.323, 18.729, 19.471, 20.029, 19.973, 20.034, 20.144, 20.187, 20.146, 19.995, 19.981, 20.14, 20.568, 21.998, 23.155, 23.057, 23.01, 23.476, 23.585, 23.447, 22.959, 22.523, 22.193, 22.164, 22.7, 23.099, 23.085, 22.942, 22.523, 22.431, 22.655, 22.562, 22.005, 22.007, 22.227, 22.257, 22.051, 22.267, 22.747, 22.636, 22.596, 22.875, 23.268, 23.861, 24.403, 24.99, 25.313, 25.854, 26.244, 25.72, 24.359, 23.535, 23.639], [15.304, 14.469, 14.007, 11.501, 9.073, 8.616, 8.547, 7.849, 4.509, 0.0, 2.401, 3.36, 5.244, 5.847, 5.938, 6.614, 9.826, 11.89, 11.432, 12.962, 15.212, 16.179, 16.691, 17.047, 17.086, 17.221, 17.075, 16.238, 15.644, 16.008, 17.076, 17.589, 17.667, 17.647, 18.046, 18.985, 19.716, 19.629, 19.678, 19.769, 19.821, 19.869, 19.843, 19.99, 20.238, 20.622, 22.026, 23.236, 23.157, 23.203, 23.775, 23.939, 23.82, 23.261, 22.607, 21.914, 21.491, 21.739, 21.991, 21.933, 21.828, 21.513, 21.503, 21.779, 21.728, 21.277, 21.325, 21.565, 21.637, 21.486, 21.843, 22.385, 22.25, 22.186, 22.477, 22.981, 23.667, 24.281, 25.009, 25.442, 26.031, 26.449, 25.859, 24.397, 23.47, 23.507], [16.159, 15.361, 14.941, 12.526, 10.186, 9.826, 9.866, 9.307, 6.361, 2.401, 0.0, 1.838, 4.095, 4.771, 4.917, 5.73, 9.406, 11.582, 11.104, 12.699, 15.01, 16.044, 16.636, 17.055, 17.1, 17.259, 17.161, 16.39, 15.861, 16.206, 17.205, 17.595, 17.552, 17.498, 17.876, 18.871, 19.647, 19.542, 19.58, 19.66, 19.714, 19.805, 19.824, 20.026, 20.315, 20.673, 22.055, 23.276, 23.204, 23.274, 23.879, 24.071, 23.963, 23.368, 22.625, 21.81, 21.253, 21.391, 21.593, 21.517, 21.415, 21.136, 21.166, 21.459, 21.423, 21.013, 21.072, 21.304, 21.387, 21.269, 21.684, 22.243, 22.098, 22.025, 22.324, 22.865, 23.578, 24.221, 24.986, 25.436, 26.031, 26.458, 25.847, 24.353, 23.399, 23.422], [16.493, 15.707, 15.289, 12.874, 10.59, 10.26, 10.313, 9.798, 6.954, 3.36, 1.838, 0.0, 3.0, 4.171, 4.303, 5.204, 9.278, 11.549, 11.029, 12.561, 14.892, 15.987, 16.613, 17.029, 17.068, 17.241, 17.169, 16.429, 15.922, 16.259, 17.231, 17.579, 17.495, 17.435, 17.82, 18.826, 19.585, 19.477, 19.523, 19.608, 19.676, 19.778, 19.801, 19.992, 20.269, 20.649, 22.034, 23.244, 23.178, 23.244, 23.853, 24.068, 23.978, 23.367, 22.591, 21.744, 21.159, 21.278, 21.491, 21.427, 21.322, 21.049, 21.088, 21.382, 21.356, 20.946, 20.987, 21.207, 21.287, 21.171, 21.592, 22.158, 22.017, 21.939, 22.224, 22.751, 23.464, 24.114, 24.888, 25.351, 25.944, 26.373, 25.765, 24.279, 23.325, 23.333], [17.519, 16.775, 16.377, 14.014, 11.789, 11.449, 11.468, 10.885, 8.296, 5.244, 4.095, 3.0, 0.0, 2.248, 2.789, 4.405, 9.372, 11.752, 11.15, 12.42, 14.679, 15.851, 16.524, 16.929, 16.949, 17.096, 16.983, 16.253, 15.781, 16.091, 17.03, 17.34, 17.176, 17.096, 17.537, 18.62, 19.382, 19.324, 19.427, 19.518, 19.599, 19.741, 19.784, 19.975, 20.253, 20.623, 22.014, 23.188, 23.112, 23.163, 23.761, 24.002, 23.924, 23.315, 22.534, 21.669, 21.069, 21.182, 21.431, 21.378, 21.252, 20.977, 21.015, 21.272, 21.255, 20.88, 20.911, 21.106, 21.183, 21.095, 21.521, 22.065, 21.929, 21.858, 22.114, 22.597, 23.27, 23.893, 24.656, 25.133, 25.724, 26.141, 25.538, 24.106, 23.174, 23.155], [17.854, 17.138, 16.739, 14.362, 12.134, 11.825, 11.843, 11.189, 8.618, 5.847, 4.771, 4.171, 2.248, 0.0, 1.481, 3.908, 8.89, 11.307, 10.688, 11.899, 14.193, 15.426, 16.128, 16.521, 16.531, 16.668, 16.536, 15.811, 15.374, 15.737, 16.72, 17.024, 16.832, 16.76, 17.208, 18.327, 19.153, 19.116, 19.227, 19.303, 19.397, 19.594, 19.679, 19.904, 20.212, 20.583, 22.063, 23.293, 23.222, 23.289, 23.911, 24.169, 24.088, 23.476, 22.655, 21.702, 21.0, 21.042, 21.263, 21.189, 21.063, 20.821, 20.887, 21.156, 21.152, 20.786, 20.811, 21.007, 21.098, 21.032, 21.465, 22.006, 21.867, 21.815, 22.065, 22.544, 23.223, 23.843, 24.624, 25.121, 25.728, 26.141, 25.541, 24.097, 23.147, 23.125], [17.841, 17.127, 16.733, 14.35, 12.131, 11.833, 11.868, 11.242, 8.691, 5.938, 4.917, 4.303, 2.789, 1.481, 0.0, 3.153, 8.402, 10.883, 10.243, 11.572, 14.0, 15.251, 15.946, 16.341, 16.357, 16.502, 16.382, 15.665, 15.239, 15.605, 16.585, 16.91, 16.753, 16.692, 17.126, 18.224, 19.054, 19.025, 19.117, 19.192, 19.288, 19.483, 19.561, 19.766, 20.066, 20.447, 21.929, 23.168, 23.114, 23.199, 23.84, 24.101, 24.02, 23.402, 22.572, 21.606, 20.888, 20.93, 21.153, 21.078, 20.954, 20.719, 20.787, 21.058, 21.054, 20.683, 20.706, 20.903, 21.008, 20.945, 21.367, 21.906, 21.764, 21.697, 21.945, 22.435, 23.129, 23.769, 24.567, 25.078, 25.692, 26.115, 25.522, 24.07, 23.112, 23.09], [18.413, 17.715, 17.293, 14.777, 12.52, 12.335, 12.51, 12.036, 9.299, 6.614, 5.73, 5.204, 4.405, 3.908, 3.153, 0.0, 6.108, 8.92, 8.257, 9.938, 12.733, 14.137, 14.916, 15.389, 15.428, 15.626, 15.63, 15.064, 14.816, 15.257, 16.217, 16.479, 16.2, 16.016, 16.357, 17.472, 18.388, 18.352, 18.438, 18.515, 18.632, 18.883, 19.055, 19.344, 19.676, 20.051, 21.577, 22.892, 22.879, 23.085, 23.844, 24.138, 24.067, 23.412, 22.478, 21.301, 20.336, 20.217, 20.347, 20.239, 20.154, 20.023, 20.185, 20.529, 20.568, 20.226, 20.249, 20.483, 20.651, 20.652, 21.179, 21.775, 21.622, 21.552, 21.793, 22.328, 23.09, 23.792, 24.745, 25.353, 26.002, 26.447, 25.827, 24.291, 23.248, 23.192], [19.952, 19.31, 18.821, 16.17, 14.101, 14.126, 14.49, 14.244, 11.633, 9.826, 9.406, 9.278, 9.372, 8.89, 8.402, 6.108, 0.0, 3.488, 3.408, 5.922, 9.422, 11.093, 12.049, 12.745, 12.874, 13.232, 13.584, 13.413, 13.562, 14.248, 15.335, 15.737, 15.493, 15.236, 15.357, 16.456, 17.543, 17.541, 17.588, 17.623, 17.784, 18.12, 18.457, 18.894, 19.275, 19.631, 21.324, 22.857, 22.89, 23.252, 24.196, 24.542, 24.463, 23.728, 22.573, 20.994, 19.565, 19.117, 19.053, 18.863, 18.81, 18.812, 19.099, 19.607, 19.735, 19.363, 19.346, 19.659, 19.942, 20.053, 20.722, 21.423, 21.302, 21.283, 21.486, 22.05, 22.911, 23.693, 24.894, 25.682, 26.42, 26.888, 26.239, 24.556, 23.354, 23.249], [20.876, 20.303, 19.823, 17.224, 15.354, 15.456, 15.844, 15.715, 13.34, 11.89, 11.582, 11.549, 11.752, 11.307, 10.883, 8.92, 3.488, 0.0, 2.197, 5.036, 8.238, 9.82, 10.854, 11.692, 11.887, 12.314, 12.874, 12.98, 13.368, 14.219, 15.391, 15.878, 15.678, 15.385, 15.384, 16.348, 17.398, 17.417, 17.454, 17.478, 17.653, 17.968, 18.335, 18.8, 19.174, 19.469, 21.112, 22.685, 22.732, 23.119, 24.093, 24.471, 24.394, 23.649, 22.474, 20.817, 19.299, 18.777, 18.654, 18.46, 18.396, 18.353, 18.592, 19.121, 19.279, 18.908, 18.891, 19.244, 19.554, 19.675, 20.369, 21.071, 20.977, 20.982, 21.164, 21.724, 22.577, 23.336, 24.573, 25.412, 26.181, 26.651, 26.005, 24.311, 23.097, 22.969], [20.619, 20.034, 19.584, 17.006, 15.07, 15.126, 15.504, 15.333, 12.936, 11.432, 11.104, 11.029, 11.15, 10.688, 10.243, 8.257, 3.408, 2.197, 0.0, 4.14, 8.012, 9.764, 10.805, 11.625, 11.814, 12.219, 12.735, 12.774, 13.121, 13.943, 15.106, 15.594, 15.415, 15.163, 15.22, 16.231, 17.286, 17.308, 17.361, 17.397, 17.578, 17.909, 18.267, 18.718, 19.085, 19.4, 21.091, 22.674, 22.718, 23.103, 24.077, 24.453, 24.4, 23.656, 22.484, 20.855, 19.359, 18.864, 18.763, 18.568, 18.496, 18.445, 18.688, 19.208, 19.366, 19.008, 19.003, 19.352, 19.65, 19.766, 20.447, 21.145, 21.038, 21.027, 21.207, 21.766, 22.63, 23.406, 24.647, 25.485, 26.256, 26.732, 26.073, 24.364, 23.14, 23.006], [21.426, 20.87, 20.422, 18.007, 16.31, 16.379, 16.718, 16.486, 14.218, 12.962, 12.699, 12.561, 12.42, 11.899, 11.572, 9.938, 5.922, 5.036, 4.14, 0.0, 4.61, 7.087, 8.464, 9.412, 9.688, 10.127, 10.872, 11.296, 11.913, 12.88, 14.188, 14.874, 14.906, 14.82, 14.914, 15.914, 16.976, 17.066, 17.15, 17.19, 17.42, 17.791, 18.156, 18.574, 18.89, 19.169, 20.896, 22.487, 22.531, 22.907, 23.88, 24.274, 24.25, 23.536, 22.36, 20.704, 19.214, 18.77, 18.756, 18.619, 18.478, 18.313, 18.475, 18.969, 19.145, 18.766, 18.705, 19.031, 19.307, 19.364, 19.977, 20.648, 20.609, 20.654, 20.782, 21.267, 22.097, 22.843, 24.092, 25.0, 25.818, 26.292, 25.653, 23.972, 22.75, 22.596], [22.605, 22.124, 21.694, 19.461, 18.032, 18.134, 18.444, 18.235, 16.201, 15.212, 15.01, 14.892, 14.679, 14.193, 14.0, 12.733, 9.422, 8.238, 8.012, 4.61, 0.0, 3.43, 5.506, 6.811, 7.235, 7.702, 8.885, 10.025, 11.097, 12.311, 13.827, 14.746, 14.98, 15.014, 15.098, 15.957, 16.946, 17.128, 17.251, 17.276, 17.545, 17.895, 18.254, 18.655, 18.939, 19.132, 20.753, 22.3, 22.327, 22.656, 23.572, 23.98, 23.972, 23.316, 22.256, 20.728, 19.37, 19.006, 19.066, 19.009, 18.783, 18.397, 18.374, 18.809, 18.994, 18.594, 18.457, 18.709, 18.898, 18.84, 19.345, 19.941, 20.026, 20.181, 20.282, 20.697, 21.435, 22.083, 23.279, 24.231, 25.093, 25.543, 24.956, 23.374, 22.212, 22.057], [22.952, 22.519, 22.113, 19.947, 18.601, 18.703, 19.03, 18.867, 16.997, 16.179, 16.044, 15.987, 15.851, 15.426, 15.251, 14.137, 11.093, 9.82, 9.764, 7.087, 3.43, 0.0, 2.731, 4.882, 5.527, 6.013, 7.471, 8.968, 10.397, 11.807, 13.481, 14.664, 15.077, 15.178, 15.267, 16.043, 17.007, 17.272, 17.377, 17.368, 17.643, 17.956, 18.303, 18.68, 18.962, 19.103, 20.636, 22.171, 22.179, 22.451, 23.306, 23.693, 23.667, 23.028, 22.105, 20.844, 19.708, 19.425, 19.49, 19.45, 19.169, 18.615, 18.448, 18.831, 19.019, 18.604, 18.427, 18.62, 18.74, 18.591, 19.0, 19.55, 19.75, 19.988, 20.094, 20.488, 21.158, 21.748, 22.909, 23.882, 24.766, 25.207, 24.643, 23.117, 21.993, 21.858], [23.008, 22.61, 22.212, 20.083, 18.811, 18.905, 19.221, 19.066, 17.332, 16.691, 16.636, 16.613, 16.524, 16.128, 15.946, 14.916, 12.049, 10.854, 10.805, 8.464, 5.506, 2.731, 0.0, 2.952, 3.918, 4.459, 6.214, 8.02, 9.73, 11.232, 12.96, 14.388, 15.041, 15.238, 15.331, 16.005, 16.915, 17.243, 17.343, 17.33, 17.626, 17.922, 18.253, 18.599, 18.865, 18.987, 20.495, 22.017, 22.008, 22.246, 23.048, 23.413, 23.384, 22.785, 21.977, 20.893, 19.945, 19.8, 19.922, 19.891, 19.57, 18.911, 18.651, 18.996, 19.178, 18.747, 18.555, 18.727, 18.814, 18.608, 18.928, 19.434, 19.675, 19.941, 20.045, 20.413, 21.051, 21.621, 22.757, 23.733, 24.625, 25.063, 24.515, 23.024, 21.939, 21.824], [22.9, 22.537, 22.145, 20.046, 18.877, 18.995, 19.287, 19.119, 17.499, 17.047, 17.055, 17.029, 16.929, 16.521, 16.341, 15.389, 12.745, 11.692, 11.625, 9.412, 6.811, 4.882, 2.952, 0.0, 1.399, 2.282, 4.66, 7.145, 9.182, 10.734, 12.317, 13.739, 14.613, 14.96, 15.058, 15.578, 16.402, 16.798, 16.91, 16.922, 17.257, 17.544, 17.87, 18.201, 18.435, 18.548, 20.041, 21.521, 21.498, 21.731, 22.514, 22.901, 22.919, 22.374, 21.645, 20.635, 19.818, 19.848, 20.108, 20.126, 19.782, 19.055, 18.737, 19.035, 19.2, 18.763, 18.57, 18.719, 18.767, 18.509, 18.731, 19.187, 19.421, 19.693, 19.787, 20.107, 20.713, 21.259, 22.364, 23.336, 24.22, 24.653, 24.151, 22.716, 21.682, 21.582], [22.893, 22.534, 22.144, 20.031, 18.868, 19.011, 19.308, 19.133, 17.516, 17.086, 17.1, 17.068, 16.949, 16.531, 16.357, 15.428, 12.874, 11.887, 11.814, 9.688, 7.235, 5.527, 3.918, 1.399, 0.0, 1.609, 4.36, 7.021, 9.118, 10.68, 12.187, 13.495, 14.359, 14.743, 14.854, 15.366, 16.191, 16.608, 16.724, 16.741, 17.094, 17.391, 17.728, 18.066, 18.296, 18.412, 19.907, 21.384, 21.362, 21.602, 22.394, 22.8, 22.836, 22.294, 21.566, 20.554, 19.732, 19.766, 20.047, 20.08, 19.735, 19.011, 18.714, 19.01, 19.175, 18.753, 18.565, 18.702, 18.742, 18.49, 18.707, 19.17, 19.408, 19.686, 19.776, 20.082, 20.68, 21.223, 22.329, 23.301, 24.179, 24.6, 24.11, 22.696, 21.672, 21.568], [22.95, 22.594, 22.219, 20.139, 18.986, 19.127, 19.409, 19.215, 17.619, 17.221, 17.259, 17.241, 17.096, 16.668, 16.502, 15.626, 13.232, 12.314, 12.219, 10.127, 7.702, 6.013, 4.459, 2.282, 1.609, 0.0, 3.291, 6.462, 8.833, 10.498, 12.025, 13.344, 14.243, 14.677, 14.834, 15.342, 16.16, 16.585, 16.706, 16.726, 17.081, 17.383, 17.741, 18.112, 18.35, 18.457, 19.951, 21.413, 21.387, 21.617, 22.382, 22.784, 22.822, 22.29, 21.581, 20.595, 19.801, 19.845, 20.116, 20.16, 19.823, 19.09, 18.764, 19.029, 19.178, 18.756, 18.566, 18.685, 18.705, 18.439, 18.642, 19.09, 19.347, 19.635, 19.731, 20.036, 20.613, 21.126, 22.223, 23.206, 24.078, 24.5, 24.026, 22.632, 21.621, 21.519], [22.633, 22.265, 21.905, 19.865, 18.699, 18.798, 19.059, 18.855, 17.365, 17.075, 17.161, 17.169, 16.983, 16.536, 16.382, 15.63, 13.584, 12.874, 12.735, 10.872, 8.885, 7.471, 6.214, 4.66, 4.36, 3.291, 0.0, 3.945, 7.078, 9.047, 10.677, 12.184, 13.304, 13.866, 14.111, 14.675, 15.533, 15.982, 16.131, 16.136, 16.458, 16.751, 17.126, 17.549, 17.823, 17.951, 19.57, 21.102, 21.072, 21.275, 22.015, 22.385, 22.397, 21.854, 21.149, 20.219, 19.503, 19.632, 19.965, 20.034, 19.764, 19.085, 18.754, 18.97, 19.077, 18.615, 18.409, 18.535, 18.546, 18.273, 18.42, 18.826, 19.059, 19.357, 19.48, 19.778, 20.344, 20.84, 21.939, 22.945, 23.815, 24.252, 23.795, 22.382, 21.358, 21.312], [21.668, 21.275, 20.897, 18.889, 17.734, 17.75, 17.995, 17.798, 16.422, 16.238, 16.39, 16.429, 16.253, 15.811, 15.665, 15.064, 13.413, 12.98, 12.774, 11.296, 10.025, 8.968, 8.02, 7.145, 7.021, 6.462, 3.945, 0.0, 3.813, 6.478, 8.805, 10.797, 12.161, 12.813, 13.191, 13.917, 14.875, 15.33, 15.503, 15.508, 15.772, 16.007, 16.3, 16.682, 16.981, 17.179, 18.97, 20.618, 20.584, 20.741, 21.455, 21.739, 21.672, 21.093, 20.419, 19.653, 19.146, 19.453, 19.875, 19.94, 19.724, 19.13, 18.875, 19.101, 19.165, 18.647, 18.453, 18.603, 18.622, 18.358, 18.473, 18.874, 19.048, 19.31, 19.47, 19.775, 20.358, 20.868, 21.915, 22.878, 23.739, 24.195, 23.733, 22.271, 21.228, 21.269], [20.672, 20.271, 19.863, 17.916, 16.887, 16.85, 17.064, 16.895, 15.694, 15.644, 15.861, 15.922, 15.781, 15.374, 15.239, 14.816, 13.562, 13.368, 13.121, 11.913, 11.097, 10.397, 9.73, 9.182, 9.118, 8.833, 7.078, 3.813, 0.0, 3.699, 7.28, 9.75, 11.304, 12.049, 12.594, 13.476, 14.487, 14.987, 15.21, 15.26, 15.484, 15.627, 15.755, 16.017, 16.277, 16.53, 18.431, 20.126, 20.073, 20.171, 20.834, 21.042, 20.926, 20.353, 19.786, 19.227, 18.985, 19.538, 20.09, 20.155, 19.923, 19.33, 19.139, 19.394, 19.419, 18.873, 18.754, 18.932, 18.948, 18.678, 18.746, 19.136, 19.249, 19.453, 19.637, 19.934, 20.522, 21.039, 21.976, 22.852, 23.696, 24.159, 23.711, 22.244, 21.238, 21.338], [20.412, 20.003, 19.588, 17.695, 16.784, 16.767, 16.986, 16.871, 15.938, 16.008, 16.206, 16.259, 16.091, 15.737, 15.605, 15.257, 14.248, 14.219, 13.943, 12.88, 12.311, 11.807, 11.232, 10.734, 10.68, 10.498, 9.047, 6.478, 3.699, 0.0, 4.566, 7.827, 9.913, 10.908, 11.6, 12.662, 13.719, 14.372, 14.71, 14.812, 15.015, 15.124, 15.144, 15.338, 15.551, 15.847, 17.902, 19.623, 19.534, 19.617, 20.274, 20.459, 20.339, 19.779, 19.243, 18.735, 18.623, 19.382, 20.095, 20.176, 19.934, 19.374, 19.228, 19.52, 19.552, 18.983, 18.906, 19.113, 19.158, 18.896, 18.893, 19.246, 19.267, 19.422, 19.604, 19.873, 20.477, 21.05, 21.985, 22.836, 23.668, 24.13, 23.693, 22.231, 21.261, 21.39], [20.982, 20.565, 20.173, 18.319, 17.462, 17.561, 17.834, 17.768, 17.008, 17.076, 17.205, 17.231, 17.03, 16.72, 16.585, 16.217, 15.335, 15.391, 15.106, 14.188, 13.827, 13.481, 12.96, 12.317, 12.187, 12.025, 10.677, 8.805, 7.28, 4.566, 0.0, 4.495, 7.862, 9.489, 10.287, 11.379, 12.406, 13.259, 13.761, 13.912, 14.115, 14.242, 14.193, 14.344, 14.465, 14.792, 17.089, 18.833, 18.726, 18.919, 19.696, 19.918, 19.845, 19.294, 18.665, 18.078, 17.997, 18.923, 19.819, 19.946, 19.732, 19.306, 19.255, 19.571, 19.672, 19.135, 19.061, 19.258, 19.336, 19.108, 19.014, 19.315, 19.236, 19.356, 19.48, 19.696, 20.34, 21.043, 22.114, 22.996, 23.801, 24.258, 23.855, 22.414, 21.429, 21.554], [21.959, 21.521, 21.131, 19.174, 18.2, 18.432, 18.751, 18.689, 17.773, 17.589, 17.595, 17.579, 17.34, 17.024, 16.91, 16.479, 15.737, 15.878, 15.594, 14.874, 14.746, 14.664, 14.388, 13.739, 13.495, 13.344, 12.184, 10.797, 9.75, 7.827, 4.495, 0.0, 4.342, 6.809, 7.92, 9.296, 10.6, 11.57, 12.284, 12.555, 12.854, 13.113, 13.169, 13.577, 13.817, 14.197, 16.627, 18.414, 18.344, 18.688, 19.606, 19.885, 19.862, 19.253, 18.419, 17.526, 17.109, 17.827, 18.688, 18.829, 18.687, 18.531, 18.769, 19.172, 19.325, 18.953, 18.973, 19.165, 19.282, 19.197, 19.241, 19.563, 19.416, 19.517, 19.622, 19.87, 20.558, 21.337, 22.562, 23.468, 24.246, 24.714, 24.325, 22.879, 21.834, 21.906], [23.06, 22.603, 22.207, 20.077, 18.853, 19.158, 19.505, 19.421, 18.196, 17.667, 17.552, 17.495, 17.176, 16.832, 16.753, 16.2, 15.493, 15.678, 15.415, 14.906, 14.98, 15.077, 15.041, 14.613, 14.359, 14.243, 13.304, 12.161, 11.304, 9.913, 7.862, 4.342, 0.0, 3.159, 5.044, 7.487, 9.529, 10.52, 11.458, 11.842, 12.26, 12.727, 13.015, 13.789, 14.294, 14.717, 17.163, 19.011, 18.996, 19.434, 20.431, 20.752, 20.718, 20.026, 19.015, 17.766, 16.797, 16.964, 17.528, 17.581, 17.531, 17.683, 18.214, 18.758, 18.953, 18.726, 18.849, 19.09, 19.282, 19.355, 19.682, 20.089, 19.915, 20.002, 20.113, 20.45, 21.185, 21.971, 23.305, 24.256, 25.048, 25.536, 25.099, 23.626, 22.524, 22.53], [23.503, 23.045, 22.635, 20.414, 19.075, 19.391, 19.753, 19.69, 18.323, 17.647, 17.498, 17.435, 17.096, 16.76, 16.692, 16.016, 15.236, 15.385, 15.163, 14.82, 15.014, 15.178, 15.238, 14.96, 14.743, 14.677, 13.866, 12.813, 12.049, 10.908, 9.489, 6.809, 3.159, 0.0, 2.913, 6.542, 9.137, 10.134, 11.185, 11.628, 12.088, 12.627, 13.014, 13.884, 14.473, 14.904, 17.318, 19.204, 19.229, 19.727, 20.763, 21.111, 21.064, 20.346, 19.279, 17.879, 16.693, 16.617, 17.019, 17.016, 17.028, 17.311, 17.921, 18.52, 18.727, 18.526, 18.679, 19.033, 19.332, 19.469, 19.934, 20.387, 20.201, 20.261, 20.347, 20.722, 21.481, 22.274, 23.64, 24.585, 25.405, 25.913, 25.437, 23.964, 22.862, 22.837], [23.785, 23.356, 22.939, 20.717, 19.409, 19.747, 20.145, 20.121, 18.729, 18.046, 17.876, 17.82, 17.537, 17.208, 17.126, 16.357, 15.357, 15.384, 15.22, 14.914, 15.098, 15.267, 15.331, 15.058, 14.854, 14.834, 14.111, 13.191, 12.594, 11.6, 10.287, 7.92, 5.044, 2.913, 0.0, 4.521, 7.725, 8.905, 10.137, 10.673, 11.205, 11.789, 12.199, 13.087, 13.716, 14.128, 16.564, 18.518, 18.563, 19.138, 20.249, 20.634, 20.581, 19.842, 18.738, 17.224, 15.915, 15.751, 16.132, 16.142, 16.189, 16.566, 17.253, 17.902, 18.131, 17.937, 18.072, 18.511, 18.991, 19.281, 19.831, 20.282, 20.066, 20.102, 20.155, 20.538, 21.321, 22.144, 23.55, 24.5, 25.356, 25.897, 25.412, 23.953, 22.889, 22.858], [23.922, 23.597, 23.194, 21.051, 19.964, 20.344, 20.743, 20.744, 19.471, 18.985, 18.871, 18.826, 18.62, 18.327, 18.224, 17.472, 16.456, 16.348, 16.231, 15.914, 15.957, 16.043, 16.005, 15.578, 15.366, 15.342, 14.675, 13.917, 13.476, 12.662, 11.379, 9.296, 7.487, 6.542, 4.521, 0.0, 3.893, 5.787, 7.493, 8.301, 8.968, 9.453, 9.808, 10.757, 11.522, 11.935, 14.361, 16.382, 16.433, 17.081, 18.251, 18.673, 18.645, 17.957, 16.997, 15.642, 14.577, 14.662, 15.222, 15.364, 15.393, 15.728, 16.424, 17.046, 17.238, 17.05, 17.182, 17.603, 18.2, 18.744, 19.415, 19.808, 19.568, 19.572, 19.624, 20.005, 20.759, 21.559, 22.915, 23.842, 24.731, 25.318, 24.859, 23.48, 22.544, 22.553], [24.024, 23.755, 23.374, 21.344, 20.417, 20.768, 21.111, 21.125, 20.029, 19.716, 19.647, 19.585, 19.382, 19.153, 19.054, 18.388, 17.543, 17.398, 17.286, 16.976, 16.946, 17.007, 16.915, 16.402, 16.191, 16.16, 15.533, 14.875, 14.487, 13.719, 12.406, 10.6, 9.529, 9.137, 7.725, 3.893, 0.0, 3.124, 5.617, 6.725, 7.391, 7.616, 7.888, 8.897, 9.773, 10.208, 12.608, 14.615, 14.655, 15.323, 16.503, 16.953, 16.964, 16.37, 15.621, 14.561, 13.93, 14.413, 15.237, 15.518, 15.502, 15.704, 16.303, 16.845, 16.977, 16.746, 16.884, 17.258, 17.791, 18.471, 19.287, 19.671, 19.419, 19.412, 19.509, 19.908, 20.62, 21.378, 22.629, 23.499, 24.377, 24.98, 24.557, 23.27, 22.463, 22.516], [23.907, 23.626, 23.238, 21.281, 20.379, 20.718, 21.06, 21.091, 19.973, 19.629, 19.542, 19.477, 19.324, 19.116, 19.025, 18.352, 17.541, 17.417, 17.308, 17.066, 17.128, 17.272, 17.243, 16.798, 16.608, 16.585, 15.982, 15.33, 14.987, 14.372, 13.259, 11.57, 10.52, 10.134, 8.905, 5.787, 3.124, 0.0, 3.273, 4.876, 5.702, 5.911, 6.44, 7.882, 9.038, 9.564, 11.914, 14.005, 14.124, 14.851, 16.065, 16.511, 16.516, 15.892, 15.082, 13.935, 13.272, 13.774, 14.629, 14.948, 14.969, 15.198, 15.814, 16.373, 16.487, 16.234, 16.363, 16.753, 17.278, 17.994, 18.998, 19.553, 19.341, 19.33, 19.481, 19.955, 20.688, 21.426, 22.645, 23.476, 24.335, 24.95, 24.514, 23.208, 22.412, 22.492], [23.697, 23.449, 23.046, 21.112, 20.313, 20.69, 21.076, 21.151, 20.034, 19.678, 19.58, 19.523, 19.427, 19.227, 19.117, 18.438, 17.588, 17.454, 17.361, 17.15, 17.251, 17.377, 17.343, 16.91, 16.724, 16.706, 16.131, 15.503, 15.21, 14.71, 13.761, 12.284, 11.458, 11.185, 10.137, 7.493, 5.617, 3.273, 0.0, 2.235, 3.5, 3.975, 5.13, 6.898, 8.259, 8.837, 11.069, 13.301, 13.47, 14.225, 15.554, 16.034, 16.053, 15.325, 14.286, 12.975, 12.302, 12.956, 13.961, 14.325, 14.337, 14.541, 15.173, 15.734, 15.813, 15.56, 15.688, 16.094, 16.642, 17.306, 18.321, 19.063, 19.029, 19.081, 19.275, 19.773, 20.522, 21.278, 22.484, 23.276, 24.118, 24.737, 24.295, 22.952, 22.12, 22.222], [23.806, 23.565, 23.167, 21.206, 20.395, 20.787, 21.197, 21.282, 20.144, 19.769, 19.66, 19.608, 19.518, 19.303, 19.192, 18.515, 17.623, 17.478, 17.397, 17.19, 17.276, 17.368, 17.33, 16.922, 16.741, 16.726, 16.136, 15.508, 15.26, 14.812, 13.912, 12.555, 11.842, 11.628, 10.673, 8.301, 6.725, 4.876, 2.235, 0.0, 1.716, 3.044, 4.9, 6.732, 8.153, 8.755, 11.178, 13.554, 13.675, 14.356, 15.724, 16.25, 16.274, 15.499, 14.296, 12.768, 11.897, 12.521, 13.596, 13.964, 13.972, 14.176, 14.813, 15.365, 15.438, 15.17, 15.289, 15.707, 16.246, 16.881, 17.87, 18.671, 18.742, 18.935, 19.211, 19.73, 20.495, 21.257, 22.497, 23.293, 24.126, 24.744, 24.302, 22.932, 22.063, 22.167], [23.74, 23.501, 23.11, 21.165, 20.36, 20.746, 21.17, 21.286, 20.187, 19.821, 19.714, 19.676, 19.599, 19.397, 19.288, 18.632, 17.784, 17.653, 17.578, 17.42, 17.545, 17.643, 17.626, 17.257, 17.094, 17.081, 16.458, 15.772, 15.484, 15.015, 14.115, 12.854, 12.26, 12.088, 11.205, 8.968, 7.391, 5.702, 3.5, 1.716, 0.0, 2.193, 4.521, 6.453, 7.962, 8.6, 11.146, 13.566, 13.646, 14.302, 15.681, 16.2, 16.202, 15.418, 14.173, 12.586, 11.714, 12.43, 13.573, 13.946, 13.96, 14.138, 14.726, 15.238, 15.28, 14.986, 15.135, 15.602, 16.144, 16.775, 17.749, 18.554, 18.612, 18.851, 19.219, 19.782, 20.566, 21.339, 22.58, 23.353, 24.163, 24.785, 24.342, 22.949, 22.074, 22.188], [23.24, 23.032, 22.65, 20.81, 20.121, 20.487, 20.908, 21.099, 20.146, 19.869, 19.805, 19.778, 19.741, 19.594, 19.483, 18.883, 18.12, 17.968, 17.909, 17.791, 17.895, 17.956, 17.922, 17.544, 17.391, 17.383, 16.751, 16.007, 15.627, 15.124, 14.242, 13.113, 12.727, 12.627, 11.789, 9.453, 7.616, 5.911, 3.975, 3.044, 2.193, 0.0, 2.77, 5.114, 6.856, 7.583, 10.028, 12.462, 12.559, 13.242, 14.622, 15.095, 15.068, 14.307, 13.217, 11.981, 11.606, 12.646, 13.901, 14.347, 14.321, 14.313, 14.735, 15.157, 15.149, 14.83, 14.995, 15.484, 16.024, 16.636, 17.573, 18.349, 18.405, 18.596, 18.973, 19.558, 20.34, 21.103, 22.269, 22.985, 23.776, 24.395, 23.949, 22.572, 21.743, 21.892], [22.509, 22.328, 21.966, 20.304, 19.788, 20.129, 20.508, 20.737, 19.995, 19.843, 19.824, 19.801, 19.784, 19.679, 19.561, 19.055, 18.457, 18.335, 18.267, 18.156, 18.254, 18.303, 18.253, 17.87, 17.728, 17.741, 17.126, 16.3, 15.755, 15.144, 14.193, 13.169, 13.015, 13.014, 12.199, 9.808, 7.888, 6.44, 5.13, 4.9, 4.521, 2.77, 0.0, 2.941, 5.095, 6.04, 8.587, 11.069, 11.187, 11.903, 13.317, 13.733, 13.669, 12.953, 12.136, 11.491, 11.823, 13.258, 14.647, 15.142, 15.042, 14.837, 15.086, 15.413, 15.364, 14.993, 15.17, 15.675, 16.221, 16.79, 17.59, 18.273, 18.309, 18.441, 18.771, 19.313, 20.094, 20.868, 21.922, 22.564, 23.345, 23.961, 23.537, 22.216, 21.463, 21.641], [21.921, 21.775, 21.43, 19.933, 19.637, 19.969, 20.292, 20.526, 19.981, 19.99, 20.026, 19.992, 19.975, 19.904, 19.766, 19.344, 18.894, 18.8, 18.718, 18.574, 18.655, 18.68, 18.599, 18.201, 18.066, 18.112, 17.549, 16.682, 16.017, 15.338, 14.344, 13.577, 13.789, 13.884, 13.087, 10.757, 8.897, 7.882, 6.898, 6.732, 6.453, 5.114, 2.941, 0.0, 2.668, 4.114, 7.154, 9.775, 9.882, 10.549, 12.019, 12.462, 12.394, 11.728, 11.149, 11.06, 12.084, 13.967, 15.554, 16.095, 15.914, 15.534, 15.626, 15.84, 15.767, 15.335, 15.505, 16.05, 16.608, 17.086, 17.668, 18.268, 18.33, 18.459, 18.697, 19.103, 19.854, 20.696, 21.697, 22.277, 23.064, 23.668, 23.275, 22.037, 21.357, 21.536], [21.62, 21.493, 21.165, 19.773, 19.657, 20.028, 20.335, 20.579, 20.14, 20.238, 20.315, 20.269, 20.253, 20.212, 20.066, 19.676, 19.275, 19.174, 19.085, 18.89, 18.939, 18.962, 18.865, 18.435, 18.296, 18.35, 17.823, 16.981, 16.277, 15.551, 14.465, 13.817, 14.294, 14.473, 13.716, 11.522, 9.773, 9.038, 8.259, 8.153, 7.962, 6.856, 5.095, 2.668, 0.0, 2.325, 6.216, 8.898, 8.997, 9.674, 11.236, 11.762, 11.786, 11.162, 10.625, 10.8, 12.229, 14.434, 16.187, 16.77, 16.539, 16.039, 16.047, 16.214, 16.16, 15.722, 15.891, 16.449, 16.997, 17.366, 17.788, 18.381, 18.479, 18.597, 18.691, 18.946, 19.659, 20.574, 21.625, 22.232, 23.035, 23.602, 23.229, 22.051, 21.389, 21.54], [21.937, 21.83, 21.505, 20.119, 20.053, 20.464, 20.78, 21.025, 20.568, 20.622, 20.673, 20.649, 20.623, 20.583, 20.447, 20.051, 19.631, 19.469, 19.4, 19.169, 19.132, 19.103, 18.987, 18.548, 18.412, 18.457, 17.951, 17.179, 16.53, 15.847, 14.792, 14.197, 14.717, 14.904, 14.128, 11.935, 10.208, 9.564, 8.837, 8.755, 8.6, 7.583, 6.04, 4.114, 2.325, 0.0, 4.772, 7.799, 7.897, 8.642, 10.339, 10.952, 11.021, 10.418, 9.958, 10.295, 11.96, 14.36, 16.195, 16.803, 16.526, 15.925, 15.858, 15.99, 15.956, 15.577, 15.776, 16.348, 16.909, 17.223, 17.591, 18.178, 18.294, 18.386, 18.422, 18.651, 19.346, 20.252, 21.312, 21.994, 22.841, 23.401, 23.028, 21.87, 21.211, 21.335], [22.764, 22.758, 22.438, 21.23, 21.373, 21.787, 22.092, 22.383, 21.998, 22.026, 22.055, 22.034, 22.014, 22.063, 21.929, 21.577, 21.324, 21.112, 21.091, 20.896, 20.753, 20.636, 20.495, 20.041, 19.907, 19.951, 19.57, 18.97, 18.431, 17.902, 17.089, 16.627, 17.163, 17.318, 16.564, 14.361, 12.608, 11.914, 11.069, 11.178, 11.146, 10.028, 8.587, 7.154, 6.216, 4.772, 0.0, 3.656, 4.228, 5.562, 7.644, 8.356, 8.579, 8.103, 8.247, 9.653, 12.352, 15.201, 17.118, 17.81, 17.484, 16.691, 16.478, 16.493, 16.41, 16.187, 16.399, 16.896, 17.437, 17.664, 17.962, 18.48, 18.671, 18.649, 18.595, 18.769, 19.334, 20.16, 20.974, 21.548, 22.406, 22.985, 22.65, 21.678, 21.176, 21.31], [23.388, 23.429, 23.123, 22.114, 22.438, 22.828, 23.088, 23.395, 23.155, 23.236, 23.276, 23.244, 23.188, 23.293, 23.168, 22.892, 22.857, 22.685, 22.674, 22.487, 22.3, 22.171, 22.017, 21.521, 21.384, 21.413, 21.102, 20.618, 20.126, 19.623, 18.833, 18.414, 19.011, 19.204, 18.518, 16.382, 14.615, 14.005, 13.301, 13.554, 13.566, 12.462, 11.069, 9.775, 8.898, 7.799, 3.656, 0.0, 1.86, 4.142, 6.311, 7.09, 7.584, 7.431, 8.145, 10.337, 13.618, 16.65, 18.58, 19.32, 18.966, 18.109, 17.847, 17.767, 17.628, 17.474, 17.681, 18.065, 18.544, 18.724, 18.928, 19.332, 19.51, 19.396, 19.265, 19.343, 19.783, 20.563, 21.184, 21.611, 22.402, 22.983, 22.727, 21.969, 21.629, 21.761], [23.193, 23.243, 22.941, 21.954, 22.321, 22.715, 22.969, 23.27, 23.057, 23.157, 23.204, 23.178, 23.112, 23.222, 23.114, 22.879, 22.89, 22.732, 22.718, 22.531, 22.327, 22.179, 22.008, 21.498, 21.362, 21.387, 21.072, 20.584, 20.073, 19.534, 18.726, 18.344, 18.996, 19.229, 18.563, 16.433, 14.655, 14.124, 13.47, 13.675, 13.646, 12.559, 11.187, 9.882, 8.997, 7.897, 4.228, 1.86, 0.0, 2.871, 5.39, 6.323, 6.9, 6.83, 7.708, 10.049, 13.46, 16.599, 18.587, 19.335, 18.958, 18.06, 17.766, 17.663, 17.52, 17.354, 17.583, 17.968, 18.43, 18.581, 18.727, 19.09, 19.243, 19.154, 19.055, 19.142, 19.588, 20.381, 21.005, 21.445, 22.235, 22.825, 22.593, 21.84, 21.504, 21.634], [22.899, 22.973, 22.683, 21.802, 22.263, 22.622, 22.84, 23.126, 23.01, 23.203, 23.274, 23.244, 23.163, 23.289, 23.199, 23.085, 23.252, 23.119, 23.103, 22.907, 22.656, 22.451, 22.246, 21.731, 21.602, 21.617, 21.275, 20.741, 20.171, 19.617, 18.919, 18.688, 19.434, 19.727, 19.138, 17.081, 15.323, 14.851, 14.225, 14.356, 14.302, 13.242, 11.903, 10.549, 9.674, 8.642, 5.562, 4.142, 2.871, 0.0, 3.044, 4.316, 5.128, 5.343, 6.803, 9.79, 13.602, 16.918, 18.968, 19.728, 19.281, 18.221, 17.8, 17.619, 17.438, 17.214, 17.429, 17.787, 18.18, 18.24, 18.283, 18.592, 18.768, 18.706, 18.604, 18.63, 19.007, 19.761, 20.291, 20.698, 21.504, 22.116, 21.922, 21.276, 21.043, 21.198], [23.076, 23.181, 22.905, 22.186, 22.756, 23.049, 23.212, 23.48, 23.476, 23.775, 23.879, 23.853, 23.761, 23.911, 23.84, 23.844, 24.196, 24.093, 24.077, 23.88, 23.572, 23.306, 23.048, 22.514, 22.394, 22.382, 22.015, 21.455, 20.834, 20.274, 19.696, 19.606, 20.431, 20.763, 20.249, 18.251, 16.503, 16.065, 15.554, 15.724, 15.681, 14.622, 13.317, 12.019, 11.236, 10.339, 7.644, 6.311, 5.39, 3.044, 0.0, 1.951, 3.447, 4.549, 7.139, 10.671, 14.685, 18.018, 20.014, 20.778, 20.299, 19.096, 18.525, 18.228, 17.978, 17.742, 17.939, 18.221, 18.499, 18.461, 18.419, 18.623, 18.757, 18.663, 18.553, 18.526, 18.771, 19.385, 19.72, 20.023, 20.789, 21.42, 21.279, 20.82, 20.842, 21.053], [23.054, 23.168, 22.893, 22.256, 22.865, 23.121, 23.25, 23.516, 23.585, 23.939, 24.071, 24.068, 24.002, 24.169, 24.101, 24.138, 24.542, 24.471, 24.453, 24.274, 23.98, 23.693, 23.413, 22.901, 22.8, 22.784, 22.385, 21.739, 21.042, 20.459, 19.918, 19.885, 20.752, 21.111, 20.634, 18.673, 16.953, 16.511, 16.034, 16.25, 16.2, 15.095, 13.733, 12.462, 11.762, 10.952, 8.356, 7.09, 6.323, 4.316, 1.951, 0.0, 2.137, 3.892, 7.102, 11.026, 15.212, 18.567, 20.525, 21.267, 20.785, 19.569, 18.972, 18.659, 18.385, 18.141, 18.341, 18.588, 18.813, 18.744, 18.688, 18.858, 18.967, 18.836, 18.754, 18.751, 18.968, 19.535, 19.791, 20.046, 20.797, 21.437, 21.307, 20.874, 20.983, 21.269], [22.996, 23.099, 22.818, 22.195, 22.774, 22.999, 23.102, 23.352, 23.447, 23.82, 23.963, 23.978, 23.924, 24.088, 24.02, 24.067, 24.463, 24.394, 24.4, 24.25, 23.972, 23.667, 23.384, 22.919, 22.836, 22.822, 22.397, 21.672, 20.926, 20.339, 19.845, 19.862, 20.718, 21.064, 20.581, 18.645, 16.964, 16.516, 16.053, 16.274, 16.202, 15.068, 13.669, 12.394, 11.786, 11.021, 8.579, 7.584, 6.9, 5.128, 3.447, 2.137, 0.0, 2.674, 6.61, 10.803, 15.103, 18.447, 20.384, 21.126, 20.667, 19.493, 18.887, 18.562, 18.307, 18.054, 18.255, 18.545, 18.821, 18.784, 18.766, 18.945, 19.049, 18.913, 18.856, 18.878, 19.105, 19.66, 19.901, 20.156, 20.914, 21.573, 21.446, 20.979, 21.067, 21.375], [22.784, 22.858, 22.564, 21.824, 22.279, 22.519, 22.669, 22.932, 22.959, 23.261, 23.368, 23.367, 23.315, 23.476, 23.402, 23.412, 23.728, 23.649, 23.656, 23.536, 23.316, 23.028, 22.785, 22.374, 22.294, 22.29, 21.854, 21.093, 20.353, 19.779, 19.294, 19.253, 20.026, 20.346, 19.842, 17.957, 16.37, 15.892, 15.325, 15.499, 15.418, 14.307, 12.953, 11.728, 11.162, 10.418, 8.103, 7.431, 6.83, 5.343, 4.549, 3.892, 2.674, 0.0, 4.493, 9.173, 13.719, 17.133, 19.111, 19.864, 19.408, 18.286, 17.745, 17.455, 17.214, 16.953, 17.166, 17.502, 17.853, 17.884, 17.965, 18.259, 18.441, 18.328, 18.296, 18.373, 18.642, 19.25, 19.606, 19.941, 20.74, 21.422, 21.266, 20.672, 20.647, 20.94], [22.964, 22.972, 22.643, 21.654, 21.882, 22.189, 22.44, 22.712, 22.523, 22.607, 22.625, 22.591, 22.534, 22.655, 22.572, 22.478, 22.573, 22.474, 22.484, 22.36, 22.256, 22.105, 21.977, 21.645, 21.566, 21.581, 21.149, 20.419, 19.786, 19.243, 18.665, 18.419, 19.015, 19.279, 18.738, 16.997, 15.621, 15.082, 14.286, 14.296, 14.173, 13.217, 12.136, 11.149, 10.625, 9.958, 8.247, 8.145, 7.708, 6.803, 7.139, 7.102, 6.61, 4.493, 0.0, 5.475, 10.677, 14.409, 16.566, 17.359, 16.907, 15.928, 15.586, 15.392, 15.164, 14.917, 15.177, 15.617, 16.108, 16.274, 16.533, 17.026, 17.297, 17.26, 17.273, 17.44, 17.825, 18.577, 19.235, 19.731, 20.579, 21.295, 21.084, 20.28, 20.008, 20.261], [23.77, 23.691, 23.317, 21.933, 21.817, 22.231, 22.604, 22.835, 22.193, 21.914, 21.81, 21.744, 21.669, 21.702, 21.606, 21.301, 20.994, 20.817, 20.855, 20.704, 20.728, 20.844, 20.893, 20.635, 20.554, 20.595, 20.219, 19.653, 19.227, 18.735, 18.078, 17.526, 17.766, 17.879, 17.224, 15.642, 14.561, 13.935, 12.975, 12.768, 12.586, 11.981, 11.491, 11.06, 10.8, 10.295, 9.653, 10.337, 10.049, 9.79, 10.671, 11.026, 10.803, 9.173, 5.475, 0.0, 5.735, 10.012, 12.542, 13.44, 13.114, 12.492, 12.498, 12.523, 12.414, 12.299, 12.672, 13.31, 14.077, 14.511, 15.152, 15.867, 16.058, 16.117, 16.223, 16.609, 17.24, 18.126, 19.202, 19.936, 20.858, 21.632, 21.347, 20.269, 19.713, 19.872], [25.061, 24.886, 24.499, 22.712, 22.137, 22.634, 23.13, 23.302, 22.164, 21.491, 21.253, 21.159, 21.069, 21.0, 20.888, 20.336, 19.565, 19.299, 19.359, 19.214, 19.37, 19.708, 19.945, 19.818, 19.732, 19.801, 19.503, 19.146, 18.985, 18.623, 17.997, 17.109, 16.797, 16.693, 15.915, 14.577, 13.93, 13.272, 12.302, 11.897, 11.714, 11.606, 11.823, 12.084, 12.229, 11.96, 12.352, 13.618, 13.46, 13.602, 14.685, 15.212, 15.103, 13.719, 10.677, 5.735, 0.0, 4.797, 7.883, 8.946, 8.891, 9.025, 9.737, 10.172, 10.343, 10.538, 11.0, 11.747, 12.8, 13.67, 14.84, 15.767, 15.824, 15.961, 16.173, 16.825, 17.727, 18.711, 20.198, 21.168, 22.145, 22.946, 22.56, 21.225, 20.399, 20.45], [26.601, 26.354, 25.974, 23.96, 22.988, 23.48, 24.031, 24.157, 22.7, 21.739, 21.391, 21.278, 21.182, 21.042, 20.93, 20.217, 19.117, 18.777, 18.864, 18.77, 19.006, 19.425, 19.8, 19.848, 19.766, 19.845, 19.632, 19.453, 19.538, 19.382, 18.923, 17.827, 16.964, 16.617, 15.751, 14.662, 14.413, 13.774, 12.956, 12.521, 12.43, 12.646, 13.258, 13.967, 14.434, 14.36, 15.201, 16.65, 16.599, 16.918, 18.018, 18.567, 18.447, 17.133, 14.409, 10.012, 4.797, 0.0, 3.658, 5.139, 5.564, 6.916, 8.529, 9.351, 9.755, 10.311, 10.781, 11.471, 12.686, 14.01, 15.64, 16.655, 16.658, 16.822, 17.104, 17.923, 18.923, 19.887, 21.579, 22.66, 23.631, 24.418, 23.953, 22.514, 21.554, 21.53], [27.512, 27.236, 26.857, 24.747, 23.563, 24.018, 24.58, 24.698, 23.099, 21.991, 21.593, 21.491, 21.431, 21.263, 21.153, 20.347, 19.053, 18.654, 18.763, 18.756, 19.066, 19.49, 19.922, 20.108, 20.047, 20.116, 19.965, 19.875, 20.09, 20.095, 19.819, 18.688, 17.528, 17.019, 16.132, 15.222, 15.237, 14.629, 13.961, 13.596, 13.573, 13.901, 14.647, 15.554, 16.187, 16.195, 17.118, 18.58, 18.587, 18.968, 20.014, 20.525, 20.384, 19.111, 16.566, 12.542, 7.883, 3.658, 0.0, 2.169, 3.472, 5.915, 8.078, 9.129, 9.621, 10.42, 10.977, 11.624, 12.87, 14.429, 16.332, 17.354, 17.317, 17.441, 17.764, 18.695, 19.709, 20.617, 22.361, 23.464, 24.409, 25.186, 24.671, 23.179, 22.168, 22.107], [27.675, 27.389, 27.004, 24.848, 23.603, 24.053, 24.616, 24.728, 23.085, 21.933, 21.517, 21.427, 21.378, 21.189, 21.078, 20.239, 18.863, 18.46, 18.568, 18.619, 19.009, 19.45, 19.891, 20.126, 20.08, 20.16, 20.034, 19.94, 20.155, 20.176, 19.946, 18.829, 17.581, 17.016, 16.142, 15.364, 15.518, 14.948, 14.325, 13.964, 13.946, 14.347, 15.142, 16.095, 16.77, 16.803, 17.81, 19.32, 19.335, 19.728, 20.778, 21.267, 21.126, 19.864, 17.359, 13.44, 8.946, 5.139, 2.169, 0.0, 2.318, 5.525, 7.945, 9.159, 9.696, 10.523, 11.181, 11.856, 13.083,