[[0.0, 2.788, 3.689, 3.849, 6.719, 12.76, 17.075, 17.824, 18.188, 18.745, 19.086, 19.967, 21.283, 22.195, 22.864, 23.318, 23.598, 23.891, 23.702, 22.956, 22.492, 22.66, 22.754, 22.711, 22.218, 21.872, 21.758, 22.406, 22.714, 22.428, 22.606, 22.493, 22.506, 22.858, 22.785, 22.073, 21.367, 21.293, 21.434, 21.537, 21.799, 21.989, 21.974, 22.092, 22.375, 22.52, 22.375, 22.194, 22.082, 22.162, 22.189, 22.135, 22.226, 22.25, 22.294, 22.615, 22.884, 22.84, 22.866, 23.136, 23.343, 23.426, 23.493, 23.812, 24.314, 23.886, 23.459, 23.635, 23.978, 23.925, 23.937, 24.298, 24.587, 24.461, 24.298, 24.463, 24.474, 24.46, 24.33, 24.134, 23.939, 23.73, 23.62, 23.756, 23.466, 23.105], [2.788, 0.0, 1.625, 2.227, 5.493, 11.861, 16.411, 17.189, 17.514, 18.016, 18.308, 19.15, 20.459, 21.401, 22.1, 22.563, 22.855, 23.165, 22.961, 22.213, 21.772, 21.993, 22.115, 22.072, 21.577, 21.257, 21.09, 21.727, 22.048, 21.768, 21.953, 21.918, 21.981, 22.396, 22.534, 21.933, 21.243, 21.223, 21.443, 21.584, 21.843, 22.039, 22.03, 22.158, 22.432, 22.57, 22.444, 22.273, 22.16, 22.256, 22.295, 22.268, 22.386, 22.389, 22.435, 22.802, 23.083, 23.038, 23.064, 23.331, 23.52, 23.584, 23.647, 23.971, 24.473, 23.97, 23.445, 23.586, 23.926, 23.852, 23.85, 24.238, 24.556, 24.418, 24.204, 24.304, 24.302, 24.293, 24.15, 23.919, 23.675, 23.458, 23.358, 23.491, 23.198, 22.827], [3.689, 1.625, 0.0, 1.668, 5.226, 11.333, 15.876, 16.667, 17.002, 17.508, 17.782, 18.613, 19.942, 20.905, 21.624, 22.103, 22.411, 22.748, 22.543, 21.79, 21.367, 21.601, 21.732, 21.691, 21.187, 20.877, 20.727, 21.392, 21.729, 21.441, 21.601, 21.517, 21.578, 21.989, 22.12, 21.548, 20.9, 20.929, 21.176, 21.342, 21.598, 21.766, 21.76, 21.893, 22.175, 22.32, 22.183, 21.991, 21.869, 21.971, 22.013, 21.972, 22.076, 22.05, 22.085, 22.477, 22.773, 22.723, 22.746, 23.027, 23.223, 23.287, 23.351, 23.692, 24.217, 23.718, 23.191, 23.323, 23.653, 23.578, 23.563, 23.939, 24.26, 24.123, 23.927, 24.039, 24.029, 24.019, 23.875, 23.66, 23.447, 23.261, 23.166, 23.301, 23.034, 22.68], [3.849, 2.227, 1.668, 0.0, 4.346, 10.953, 15.62, 16.436, 16.789, 17.302, 17.583, 18.471, 19.866, 20.851, 21.57, 22.048, 22.364, 22.703, 22.492, 21.737, 21.318, 21.544, 21.676, 21.631, 21.127, 20.826, 20.675, 21.349, 21.695, 21.417, 21.588, 21.513, 21.577, 21.989, 22.122, 21.536, 20.896, 20.95, 21.214, 21.386, 21.654, 21.829, 21.817, 21.947, 22.224, 22.361, 22.228, 22.043, 21.92, 22.022, 22.066, 22.03, 22.136, 22.107, 22.134, 22.524, 22.82, 22.77, 22.784, 23.054, 23.255, 23.32, 23.379, 23.712, 24.233, 23.738, 23.216, 23.365, 23.712, 23.631, 23.596, 23.969, 24.292, 24.144, 23.921, 24.01, 23.99, 23.976, 23.842, 23.63, 23.408, 23.218, 23.121, 23.248, 22.98, 22.628], [6.719, 5.493, 5.226, 4.346, 0.0, 7.715, 13.516, 14.673, 15.121, 15.659, 15.9, 16.807, 18.371, 19.455, 20.223, 20.734, 21.044, 21.315, 21.106, 20.39, 19.964, 20.235, 20.399, 20.348, 19.86, 19.62, 19.401, 19.933, 20.176, 19.885, 20.067, 20.16, 20.4, 20.893, 21.217, 20.681, 20.083, 20.4, 20.931, 21.265, 21.569, 21.755, 21.729, 21.839, 22.075, 22.171, 22.05, 21.862, 21.729, 21.851, 21.912, 21.908, 22.017, 21.999, 22.077, 22.544, 22.867, 22.828, 22.843, 23.083, 23.252, 23.292, 23.316, 23.668, 24.214, 23.536, 22.764, 22.831, 23.201, 23.124, 23.001, 23.326, 23.678, 23.507, 23.147, 23.093, 23.078, 23.075, 22.943, 22.731, 22.525, 22.398, 22.298, 22.432, 22.286, 21.994], [12.76, 11.861, 11.333, 10.953, 7.715, 0.0, 7.603, 9.772, 10.573, 11.237, 11.479, 12.467, 14.502, 15.965, 16.955, 17.589, 17.812, 18.008, 17.893, 17.428, 17.225, 17.591, 17.852, 17.813, 17.414, 17.5, 17.372, 17.714, 17.761, 17.458, 17.51, 17.587, 18.146, 18.807, 19.469, 19.269, 18.888, 19.592, 20.507, 21.181, 21.564, 21.673, 21.646, 21.726, 21.919, 21.994, 21.863, 21.639, 21.513, 21.651, 21.727, 21.722, 21.802, 21.723, 21.844, 22.414, 22.766, 22.736, 22.787, 23.002, 23.127, 23.172, 23.187, 23.571, 24.168, 23.402, 22.396, 22.256, 22.55, 22.472, 22.243, 22.427, 22.751, 22.573, 22.182, 22.064, 22.048, 22.036, 21.88, 21.69, 21.677, 21.775, 21.676, 21.812, 21.902, 21.776], [17.075, 16.411, 15.876, 15.62, 13.516, 7.603, 0.0, 3.48, 5.213, 6.443, 7.37, 9.359, 12.335, 14.34, 15.591, 16.372, 16.431, 16.682, 16.734, 16.604, 16.875, 17.203, 17.47, 17.463, 17.244, 17.738, 18.063, 18.643, 18.685, 18.394, 18.327, 17.802, 18.206, 18.936, 19.668, 19.824, 19.576, 20.086, 20.958, 21.776, 22.142, 22.146, 22.182, 22.288, 22.525, 22.645, 22.49, 22.26, 22.158, 22.248, 22.278, 22.184, 22.242, 22.116, 22.117, 22.58, 22.885, 22.859, 23.009, 23.254, 23.344, 23.423, 23.493, 23.829, 24.33, 23.866, 23.186, 23.019, 23.206, 23.107, 22.908, 23.037, 23.265, 23.151, 23.008, 23.104, 23.068, 23.0, 22.838, 22.681, 22.811, 23.003, 22.926, 23.083, 23.205, 23.169], [17.824, 17.189, 16.667, 16.436, 14.673, 9.772, 3.48, 0.0, 2.498, 4.392, 6.024, 8.839, 12.272, 14.4, 15.687, 16.497, 16.556, 16.876, 16.946, 16.832, 17.195, 17.475, 17.705, 17.705, 17.562, 18.168, 18.657, 19.421, 19.541, 19.24, 19.188, 18.442, 18.636, 19.335, 20.031, 20.227, 19.948, 20.306, 21.111, 21.926, 22.247, 22.2, 22.276, 22.409, 22.67, 22.819, 22.664, 22.444, 22.338, 22.407, 22.417, 22.268, 22.317, 22.18, 22.104, 22.501, 22.781, 22.753, 22.918, 23.168, 23.249, 23.336, 23.431, 23.738, 24.198, 23.886, 23.454, 23.373, 23.549, 23.437, 23.26, 23.395, 23.595, 23.517, 23.488, 23.675, 23.616, 23.525, 23.37, 23.229, 23.372, 23.552, 23.495, 23.668, 23.753, 23.715], [18.188, 17.514, 17.002, 16.789, 15.121, 10.573, 5.213, 2.498, 0.0, 2.403, 4.638, 8.077, 11.827, 14.032, 15.341, 16.165, 16.2, 16.534, 16.626, 16.533, 16.932, 17.211, 17.445, 17.451, 17.344, 18.041, 18.599, 19.44, 19.618, 19.339, 19.298, 18.48, 18.607, 19.288, 20.037, 20.325, 20.083, 20.415, 21.224, 22.056, 22.333, 22.245, 22.353, 22.497, 22.75, 22.915, 22.782, 22.565, 22.448, 22.516, 22.523, 22.347, 22.386, 22.248, 22.156, 22.539, 22.808, 22.779, 22.938, 23.193, 23.277, 23.365, 23.462, 23.757, 24.218, 23.965, 23.635, 23.61, 23.804, 23.68, 23.488, 23.623, 23.817, 23.743, 23.736, 23.925, 23.839, 23.739, 23.583, 23.428, 23.553, 23.728, 23.686, 23.864, 23.931, 23.896], [18.745, 18.016, 17.508, 17.302, 15.659, 11.237, 6.443, 4.392, 2.403, 0.0, 2.991, 7.186, 11.278, 13.57, 14.867, 15.667, 15.68, 16.014, 16.129, 16.101, 16.568, 16.877, 17.143, 17.158, 17.088, 17.869, 18.451, 19.297, 19.494, 19.241, 19.204, 18.405, 18.551, 19.227, 20.083, 20.519, 20.376, 20.74, 21.568, 22.421, 22.689, 22.592, 22.71, 22.859, 23.098, 23.262, 23.152, 22.946, 22.838, 22.913, 22.915, 22.743, 22.788, 22.656, 22.574, 22.963, 23.223, 23.192, 23.344, 23.604, 23.698, 23.787, 23.875, 24.168, 24.628, 24.385, 24.055, 24.032, 24.223, 24.059, 23.822, 23.942, 24.13, 24.048, 24.014, 24.152, 24.036, 23.932, 23.775, 23.605, 23.708, 23.874, 23.832, 23.999, 24.051, 24.026], [19.086, 18.308, 17.782, 17.583, 15.9, 11.479, 7.37, 6.024, 4.638, 2.991, 0.0, 4.882, 9.626, 12.18, 13.48, 14.251, 14.308, 14.669, 14.776, 14.777, 15.323, 15.706, 16.041, 16.074, 16.03, 16.94, 17.557, 18.417, 18.666, 18.462, 18.424, 17.713, 17.948, 18.624, 19.619, 20.202, 20.232, 20.783, 21.699, 22.584, 22.867, 22.77, 22.857, 22.98, 23.193, 23.341, 23.236, 23.015, 22.916, 23.017, 23.031, 22.881, 22.93, 22.793, 22.74, 23.182, 23.452, 23.414, 23.541, 23.804, 23.916, 24.02, 24.082, 24.396, 24.9, 24.586, 24.133, 24.053, 24.239, 24.036, 23.698, 23.752, 23.927, 23.829, 23.731, 23.763, 23.601, 23.49, 23.331, 23.166, 23.289, 23.468, 23.416, 23.57, 23.645, 23.641], [19.967, 19.15, 18.613, 18.471, 16.807, 12.467, 9.359, 8.839, 8.077, 7.186, 4.882, 0.0, 5.489, 8.659, 10.199, 11.057, 11.203, 11.686, 11.816, 11.925, 12.679, 13.219, 13.673, 13.753, 13.808, 15.011, 15.766, 16.689, 17.042, 16.968, 16.87, 16.271, 16.728, 17.497, 18.799, 19.611, 19.93, 20.843, 21.92, 22.844, 23.147, 23.041, 23.059, 23.132, 23.294, 23.419, 23.338, 23.096, 22.997, 23.129, 23.165, 23.081, 23.152, 22.994, 23.0, 23.546, 23.84, 23.797, 23.882, 24.124, 24.243, 24.352, 24.371, 24.725, 25.323, 24.817, 24.065, 23.824, 23.944, 23.718, 23.287, 23.255, 23.41, 23.277, 23.072, 22.942, 22.75, 22.647, 22.473, 22.296, 22.426, 22.656, 22.623, 22.745, 22.893, 22.975], [21.283, 20.459, 19.942, 19.866, 18.371, 14.502, 12.335, 12.272, 11.827, 11.278, 9.626, 5.489, 0.0, 3.916, 6.203, 7.513, 8.048, 8.941, 9.113, 9.421, 10.429, 11.091, 11.612, 11.737, 12.007, 13.578, 14.477, 15.467, 15.951, 16.037, 15.849, 15.292, 15.891, 16.76, 18.402, 19.453, 19.981, 21.076, 22.207, 23.111, 23.44, 23.359, 23.337, 23.382, 23.497, 23.603, 23.575, 23.37, 23.284, 23.43, 23.474, 23.46, 23.568, 23.414, 23.468, 24.064, 24.368, 24.33, 24.39, 24.635, 24.757, 24.85, 24.842, 25.213, 25.842, 25.159, 24.176, 23.811, 23.855, 23.61, 23.151, 23.084, 23.241, 23.085, 22.803, 22.587, 22.424, 22.341, 22.157, 21.958, 22.071, 22.328, 22.321, 22.432, 22.648, 22.805], [22.195, 21.401, 20.905, 20.851, 19.455, 15.965, 14.34, 14.4, 14.032, 13.57, 12.18, 8.659, 3.916, 0.0, 3.088, 5.226, 6.467, 7.777, 7.979, 8.371, 9.417, 10.073, 10.587, 10.703, 11.111, 12.912, 13.904, 14.955, 15.566, 15.788, 15.555, 14.953, 15.505, 16.304, 18.073, 19.298, 19.975, 21.148, 22.285, 23.166, 23.503, 23.44, 23.42, 23.462, 23.539, 23.628, 23.644, 23.493, 23.429, 23.579, 23.619, 23.619, 23.735, 23.593, 23.674, 24.275, 24.568, 24.538, 24.573, 24.821, 24.946, 25.023, 25.0, 25.352, 25.98, 25.235, 24.2, 23.83, 23.869, 23.629, 23.145, 23.058, 23.234, 23.088, 22.789, 22.562, 22.43, 22.372, 22.204, 22.015, 22.12, 22.373, 22.388, 22.508, 22.752, 22.931], [22.864, 22.1, 21.624, 21.57, 20.223, 16.955, 15.591, 15.687, 15.341, 14.867, 13.48, 10.199, 6.203, 3.088, 0.0, 2.909, 5.055, 6.67, 6.93, 7.38, 8.538, 9.271, 9.807, 9.906, 10.394, 12.411, 13.548, 14.67, 15.378, 15.709, 15.481, 14.869, 15.338, 16.0, 17.822, 19.239, 20.08, 21.315, 22.45, 23.319, 23.646, 23.587, 23.584, 23.626, 23.666, 23.735, 23.766, 23.646, 23.613, 23.772, 23.809, 23.809, 23.914, 23.772, 23.867, 24.46, 24.727, 24.699, 24.706, 24.942, 25.055, 25.111, 25.075, 25.406, 26.037, 25.288, 24.257, 23.896, 23.937, 23.7, 23.18, 23.065, 23.25, 23.121, 22.83, 22.605, 22.482, 22.44, 22.293, 22.116, 22.223, 22.466, 22.496, 22.612, 22.848, 23.035], [23.318, 22.563, 22.103, 22.048, 20.734, 17.589, 16.372, 16.497, 16.165, 15.667, 14.251, 11.057, 7.513, 5.226, 2.909, 0.0, 3.35, 5.503, 5.802, 6.45, 7.851, 8.725, 9.325, 9.422, 9.975, 12.179, 13.401, 14.539, 15.331, 15.759, 15.537, 14.986, 15.456, 16.058, 17.95, 19.476, 20.372, 21.597, 22.707, 23.54, 23.855, 23.824, 23.831, 23.866, 23.889, 23.944, 23.986, 23.888, 23.878, 24.048, 24.084, 24.098, 24.21, 24.074, 24.182, 24.759, 25.004, 24.976, 24.972, 25.209, 25.311, 25.346, 25.309, 25.632, 26.255, 25.513, 24.494, 24.131, 24.155, 23.906, 23.384, 23.27, 23.457, 23.327, 23.03, 22.792, 22.657, 22.624, 22.494, 22.321, 22.43, 22.669, 22.711, 22.828, 23.049, 23.24], [23.598, 22.855, 22.411, 22.364, 21.044, 17.812, 16.431, 16.556, 16.2, 15.68, 14.308, 11.203, 8.048, 6.467, 5.055, 3.35, 0.0, 2.914, 3.69, 4.918, 7.003, 8.042, 8.693, 8.814, 9.352, 11.682, 13.097, 14.372, 15.186, 15.64, 15.471, 14.907, 15.421, 16.038, 17.992, 19.59, 20.439, 21.592, 22.68, 23.533, 23.85, 23.813, 23.843, 23.882, 23.915, 23.982, 24.01, 23.911, 23.913, 24.081, 24.158, 24.19, 24.277, 24.158, 24.285, 24.85, 25.088, 25.066, 25.101, 25.372, 25.472, 25.499, 25.464, 25.795, 26.391, 25.643, 24.618, 24.209, 24.2, 23.955, 23.45, 23.307, 23.462, 23.339, 23.105, 22.935, 22.81, 22.767, 22.644, 22.468, 22.598, 22.854, 22.874, 23.016, 23.257, 23.458], [23.891, 23.165, 22.748, 22.703, 21.315, 18.008, 16.682, 16.876, 16.534, 16.014, 14.669, 11.686, 8.941, 7.777, 6.67, 5.503, 2.914, 0.0, 1.797, 3.725, 6.061, 7.192, 7.907, 8.042, 8.581, 11.015, 12.457, 13.685, 14.418, 14.839, 14.764, 14.456, 15.143, 15.804, 17.818, 19.412, 20.253, 21.493, 22.636, 23.527, 23.886, 23.859, 23.873, 23.906, 23.923, 23.962, 23.97, 23.871, 23.891, 24.06, 24.187, 24.303, 24.378, 24.284, 24.483, 25.09, 25.337, 25.318, 25.356, 25.615, 25.716, 25.733, 25.68, 26.036, 26.639, 25.777, 24.588, 24.094, 24.067, 23.824, 23.294, 23.112, 23.256, 23.129, 22.857, 22.677, 22.599, 22.565, 22.43, 22.236, 22.367, 22.641, 22.637, 22.784, 23.066, 23.276], [23.702, 22.961, 22.543, 22.492, 21.106, 17.893, 16.734, 16.946, 16.626, 16.129, 14.776, 11.816, 9.113, 7.979, 6.93, 5.802, 3.69, 1.797, 0.0, 2.722, 5.401, 6.584, 7.326, 7.456, 7.942, 10.442, 11.85, 13.126, 13.939, 14.394, 14.395, 14.192, 14.886, 15.544, 17.584, 19.135, 19.975, 21.277, 22.452, 23.365, 23.755, 23.737, 23.73, 23.752, 23.766, 23.792, 23.786, 23.678, 23.7, 23.875, 23.999, 24.133, 24.228, 24.127, 24.327, 24.956, 25.213, 25.188, 25.202, 25.444, 25.55, 25.572, 25.51, 25.865, 26.468, 25.569, 24.358, 23.871, 23.863, 23.633, 23.098, 22.92, 23.073, 22.93, 22.614, 22.396, 22.316, 22.288, 22.153, 21.958, 22.085, 22.373, 22.371, 22.512, 22.803, 23.011], [22.956, 22.213, 21.79, 21.737, 20.39, 17.428, 16.604, 16.832, 16.533, 16.101, 14.777, 11.925, 9.421, 8.371, 7.38, 6.45, 4.918, 3.725, 2.722, 0.0, 3.298, 4.912, 5.764, 5.9, 6.452, 9.262, 10.835, 12.465, 13.459, 13.869, 13.942, 13.745, 14.287, 14.864, 16.831, 18.32, 19.165, 20.479, 21.666, 22.615, 23.023, 22.969, 22.943, 22.968, 23.0, 23.035, 23.002, 22.864, 22.878, 23.055, 23.209, 23.362, 23.426, 23.343, 23.583, 24.221, 24.474, 24.446, 24.444, 24.696, 24.811, 24.832, 24.73, 25.076, 25.69, 24.76, 23.583, 23.175, 23.235, 23.032, 22.478, 22.28, 22.416, 22.272, 21.972, 21.807, 21.747, 21.717, 21.579, 21.397, 21.524, 21.815, 21.813, 21.969, 22.261, 22.469], [22.492, 21.772, 21.367, 21.318, 19.964, 17.225, 16.875, 17.195, 16.932, 16.568, 15.323, 12.679, 10.429, 9.417, 8.538, 7.851, 7.003, 6.061, 5.401, 3.298, 0.0, 2.373, 3.598, 3.753, 4.772, 8.129, 9.644, 11.366, 12.496, 12.896, 12.96, 12.926, 13.499, 14.067, 16.036, 17.402, 18.251, 19.695, 20.95, 21.929, 22.375, 22.331, 22.282, 22.312, 22.325, 22.339, 22.304, 22.157, 22.173, 22.364, 22.553, 22.79, 22.843, 22.796, 23.173, 23.875, 24.131, 24.096, 24.066, 24.325, 24.455, 24.46, 24.311, 24.669, 25.352, 24.341, 23.042, 22.647, 22.749, 22.532, 21.927, 21.731, 21.887, 21.728, 21.325, 21.094, 21.05, 21.034, 20.898, 20.725, 20.826, 21.109, 21.102, 21.272, 21.583, 21.794], [22.66, 21.993, 21.601, 21.544, 20.235, 17.591, 17.203, 17.475, 17.211, 16.877, 15.706, 13.219, 11.091, 10.073, 9.271, 8.725, 8.042, 7.192, 6.584, 4.912, 2.373, 0.0, 1.684, 2.041, 4.139, 7.963, 9.521, 11.314, 12.508, 12.93, 12.962, 12.755, 13.215, 13.82, 15.811, 17.16, 18.026, 19.483, 20.735, 21.708, 22.155, 22.111, 22.079, 22.122, 22.128, 22.137, 22.108, 21.961, 21.988, 22.185, 22.365, 22.619, 22.678, 22.636, 23.048, 23.762, 24.008, 23.968, 23.918, 24.183, 24.316, 24.322, 24.165, 24.515, 25.222, 24.256, 22.99, 22.614, 22.726, 22.501, 21.886, 21.697, 21.856, 21.696, 21.273, 21.023, 20.957, 20.94, 20.817, 20.664, 20.77, 21.054, 21.048, 21.223, 21.539, 21.753], [22.754, 22.115, 21.732, 21.676, 20.399, 17.852, 17.47, 17.705, 17.445, 17.143, 16.041, 13.673, 11.612, 10.587, 9.807, 9.325, 8.693, 7.907, 7.326, 5.764, 3.598, 1.684, 0.0, 1.0, 3.986, 7.816, 9.425, 11.29, 12.516, 12.954, 13.013, 12.709, 13.065, 13.674, 15.673, 17.039, 17.912, 19.347, 20.578, 21.543, 21.981, 21.926, 21.905, 21.96, 21.968, 21.984, 21.956, 21.802, 21.83, 22.031, 22.212, 22.475, 22.539, 22.493, 22.906, 23.615, 23.86, 23.82, 23.76, 24.029, 24.158, 24.16, 24.002, 24.348, 25.056, 24.109, 22.874, 22.511, 22.623, 22.4, 21.804, 21.631, 21.796, 21.645, 21.226, 20.979, 20.909, 20.896, 20.785, 20.639, 20.732, 21.013, 21.013, 21.196, 21.509, 21.725], [22.711, 22.072, 21.691, 21.631, 20.348, 17.813, 17.463, 17.705, 17.451, 17.158, 16.074, 13.753, 11.737, 10.703, 9.906, 9.422, 8.814, 8.042, 7.456, 5.9, 3.753, 2.041, 1.0, 0.0, 3.604, 7.577, 9.18, 11.068, 12.318, 12.774, 12.856, 12.608, 12.979, 13.574, 15.583, 16.941, 17.82, 19.283, 20.528, 21.505, 21.951, 21.9, 21.877, 21.93, 21.94, 21.956, 21.927, 21.773, 21.8, 22.003, 22.188, 22.453, 22.516, 22.469, 22.887, 23.604, 23.85, 23.814, 23.748, 24.015, 24.15, 24.151, 23.99, 24.337, 25.052, 24.092, 22.845, 22.48, 22.583, 22.349, 21.747, 21.57, 21.736, 21.586, 21.167, 20.917, 20.849, 20.839, 20.732, 20.589, 20.682, 20.963, 20.963, 21.147, 21.46, 21.675], [22.218, 21.577, 21.187, 21.127, 19.86, 17.414, 17.244, 17.562, 17.344, 17.088, 16.03, 13.808, 12.007, 11.111, 10.394, 9.975, 9.352, 8.581, 7.942, 6.452, 4.772, 4.139, 3.986, 3.604, 0.0, 4.64, 6.83, 9.265, 10.719, 11.234, 11.375, 11.156, 11.712, 12.238, 14.268, 15.682, 16.691, 18.336, 19.69, 20.805, 21.352, 21.298, 21.269, 21.326, 21.356, 21.388, 21.331, 21.155, 21.197, 21.395, 21.589, 21.841, 21.893, 21.826, 22.252, 23.029, 23.323, 23.287, 23.299, 23.635, 23.78, 23.777, 23.61, 23.978, 24.703, 23.705, 22.427, 22.031, 22.113, 21.885, 21.261, 21.059, 21.225, 21.059, 20.665, 20.445, 20.392, 20.379, 20.247, 20.076, 20.188, 20.528, 20.528, 20.691, 21.02, 21.232], [21.872, 21.257, 20.877, 20.826, 19.62, 17.5, 17.738, 18.168, 18.041, 17.869, 16.94, 15.011, 13.578, 12.912, 12.411, 12.179, 11.682, 11.015, 10.442, 9.262, 8.129, 7.963, 7.816, 7.577, 4.64, 0.0, 3.5, 7.109, 8.883, 9.498, 9.772, 9.723, 10.611, 11.081, 12.988, 14.323, 15.479, 17.349, 18.772, 19.981, 20.643, 20.605, 20.564, 20.625, 20.676, 20.727, 20.658, 20.462, 20.519, 20.718, 20.922, 21.176, 21.233, 21.144, 21.587, 22.446, 22.818, 22.786, 22.865, 23.306, 23.47, 23.45, 23.272, 23.671, 24.409, 23.33, 21.99, 21.553, 21.606, 21.388, 20.801, 20.653, 20.858, 20.655, 20.208, 19.966, 19.949, 19.968, 19.827, 19.605, 19.626, 19.994, 20.023, 20.136, 20.47, 20.675], [21.758, 21.09, 20.727, 20.675, 19.401, 17.372, 18.063, 18.657, 18.599, 18.451, 17.557, 15.766, 14.477, 13.904, 13.548, 13.401, 13.097, 12.457, 11.85, 10.835, 9.644, 9.521, 9.425, 9.18, 6.83, 3.5, 0.0, 4.243, 6.477, 7.386, 8.0, 9.1, 10.534, 11.142, 13.231, 14.307, 15.352, 17.455, 18.99, 20.169, 20.866, 20.891, 20.784, 20.806, 20.816, 20.818, 20.774, 20.6, 20.65, 20.888, 21.111, 21.42, 21.534, 21.437, 21.896, 22.844, 23.266, 23.226, 23.224, 23.625, 23.829, 23.814, 23.625, 24.057, 24.827, 23.552, 21.946, 21.445, 21.512, 21.279, 20.701, 20.63, 20.896, 20.606, 19.911, 19.47, 19.477, 19.53, 19.376, 19.113, 19.045, 19.396, 19.427, 19.487, 19.83, 20.018], [22.406, 21.727, 21.392, 21.349, 19.933, 17.714, 18.643, 19.421, 19.44, 19.297, 18.417, 16.689, 15.467, 14.955, 14.67, 14.539, 14.372, 13.685, 13.126, 12.465, 11.366, 11.314, 11.29, 11.068, 9.265, 7.109, 4.243, 0.0, 3.017, 4.843, 6.022, 9.025, 11.27, 12.052, 14.353, 15.276, 16.215, 18.526, 20.16, 21.273, 21.98, 22.095, 21.923, 21.896, 21.85, 21.784, 21.765, 21.626, 21.671, 21.943, 22.197, 22.59, 22.771, 22.66, 23.097, 24.086, 24.532, 24.489, 24.419, 24.705, 24.911, 24.908, 24.729, 25.199, 25.969, 24.448, 22.462, 21.816, 21.871, 21.626, 21.028, 20.98, 21.303, 20.94, 19.957, 19.269, 19.329, 19.417, 19.231, 18.902, 18.779, 19.151, 19.194, 19.194, 19.585, 19.776], [22.714, 22.048, 21.729, 21.695, 20.176, 17.761, 18.685, 19.541, 19.618, 19.494, 18.666, 17.042, 15.951, 15.566, 15.378, 15.331, 15.186, 14.418, 13.939, 13.459, 12.496, 12.508, 12.516, 12.318, 10.719, 8.883, 6.477, 3.017, 0.0, 2.695, 4.822, 8.89, 11.502, 12.423, 14.757, 15.608, 16.436, 18.787, 20.48, 21.624, 22.375, 22.532, 22.35, 22.317, 22.269, 22.183, 22.149, 22.02, 22.08, 22.351, 22.623, 23.05, 23.241, 23.136, 23.573, 24.57, 25.031, 24.991, 24.941, 25.212, 25.416, 25.405, 25.241, 25.744, 26.501, 24.881, 22.718, 21.979, 21.997, 21.743, 21.138, 21.081, 21.415, 21.04, 19.979, 19.257, 19.385, 19.485, 19.263, 18.881, 18.74, 19.123, 19.148, 19.117, 19.542, 19.738], [22.428, 21.768, 21.441, 21.417, 19.885, 17.458, 18.394, 19.24, 19.339, 19.241, 18.462, 16.968, 16.037, 15.788, 15.709, 15.759, 15.64, 14.839, 14.394, 13.869, 12.896, 12.93, 12.954, 12.774, 11.234, 9.498, 7.386, 4.843, 2.695, 0.0, 3.571, 8.326, 10.966, 11.947, 14.274, 15.017, 15.71, 18.042, 19.791, 21.012, 21.824, 21.993, 21.808, 21.793, 21.771, 21.691, 21.639, 21.502, 21.567, 21.836, 22.119, 22.553, 22.727, 22.635, 23.105, 24.129, 24.61, 24.573, 24.555, 24.865, 25.083, 25.063, 24.902, 25.459, 26.24, 24.598, 22.407, 21.676, 21.697, 21.43, 20.832, 20.804, 21.14, 20.758, 19.716, 19.051, 19.219, 19.316, 19.075, 18.693, 18.557, 18.924, 18.91, 18.879, 19.306, 19.463], [22.606, 21.953, 21.601, 21.588, 20.067, 17.51, 18.327, 19.188, 19.298, 19.204, 18.424, 16.87, 15.849, 15.555, 15.481, 15.537, 15.471, 14.764, 14.395, 13.942, 12.96, 12.962, 13.013, 12.856, 11.375, 9.772, 8.0, 6.022, 4.822, 3.571, 0.0, 6.095, 9.399, 10.516, 13.049, 13.952, 14.884, 17.445, 19.277, 20.537, 21.366, 21.561, 21.407, 21.418, 21.394, 21.324, 21.301, 21.17, 21.24, 21.515, 21.786, 22.215, 22.393, 22.304, 22.83, 23.897, 24.389, 24.345, 24.335, 24.663, 24.874, 24.86, 24.699, 25.284, 26.162, 24.628, 22.502, 21.802, 21.844, 21.565, 20.946, 20.939, 21.301, 20.927, 19.896, 19.144, 19.242, 19.336, 19.107, 18.755, 18.622, 18.983, 18.978, 18.969, 19.402, 19.553], [22.493, 21.918, 21.517, 21.513, 20.16, 17.587, 17.802, 18.442, 18.48, 18.405, 17.713, 16.271, 15.292, 14.953, 14.869, 14.986, 14.907, 14.456, 14.192, 13.745, 12.926, 12.755, 12.709, 12.608, 11.156, 9.723, 9.1, 9.025, 8.89, 8.326, 6.095, 0.0, 4.229, 5.965, 9.047, 10.706, 12.31, 15.122, 17.092, 18.532, 19.368, 19.504, 19.524, 19.639, 19.653, 19.685, 19.692, 19.556, 19.658, 19.911, 20.127, 20.455, 20.626, 20.54, 21.112, 22.19, 22.679, 22.63, 22.678, 23.125, 23.34, 23.349, 23.211, 23.801, 24.835, 23.817, 22.263, 21.79, 21.899, 21.665, 21.123, 21.147, 21.465, 21.132, 20.374, 19.788, 19.744, 19.812, 19.641, 19.365, 19.287, 19.641, 19.642, 19.683, 20.042, 20.178], [22.506, 21.981, 21.578, 21.577, 20.4, 18.146, 18.206, 18.636, 18.607, 18.551, 17.948, 16.728, 15.891, 15.505, 15.338, 15.456, 15.421, 15.143, 14.886, 14.287, 13.499, 13.215, 13.065, 12.979, 11.712, 10.611, 10.534, 11.27, 11.502, 10.966, 9.399, 4.229, 0.0, 2.953, 7.041, 9.303, 11.155, 13.801, 15.771, 17.329, 18.145, 18.206, 18.338, 18.534, 18.588, 18.707, 18.744, 18.588, 18.684, 18.92, 19.094, 19.348, 19.516, 19.459, 20.016, 21.052, 21.504, 21.464, 21.524, 22.034, 22.259, 22.277, 22.153, 22.737, 23.831, 23.148, 22.061, 21.825, 22.016, 21.835, 21.371, 21.421, 21.682, 21.371, 20.835, 20.461, 20.37, 20.412, 20.273, 20.054, 20.006, 20.322, 20.322, 20.388, 20.66, 20.762], [22.858, 22.396, 21.989, 21.989, 20.893, 18.807, 18.936, 19.335, 19.288, 19.227, 18.624, 17.497, 16.76, 16.304, 16.0, 16.058, 16.038, 15.804, 15.544, 14.864, 14.067, 13.82, 13.674, 13.574, 12.238, 11.081, 11.142, 12.052, 12.423, 11.947, 10.516, 5.965, 2.953, 0.0, 4.971, 7.97, 10.379, 13.214, 15.286, 16.96, 17.797, 17.807, 17.955, 18.164, 18.23, 18.384, 18.423, 18.242, 18.327, 18.554, 18.728, 18.954, 19.094, 19.043, 19.632, 20.659, 21.092, 21.05, 21.104, 21.658, 21.906, 21.918, 21.773, 22.353, 23.478, 22.866, 21.94, 21.827, 22.061, 21.892, 21.418, 21.432, 21.665, 21.372, 20.921, 20.642, 20.558, 20.599, 20.477, 20.292, 20.278, 20.611, 20.635, 20.704, 20.966, 21.076], [22.785, 22.534, 22.12, 22.122, 21.217, 19.469, 19.668, 20.031, 20.037, 20.083, 19.619, 18.799, 18.402, 18.073, 17.822, 17.95, 17.992, 17.818, 17.584, 16.831, 16.036, 15.811, 15.673, 15.583, 14.268, 12.988, 13.231, 14.353, 14.757, 14.274, 13.049, 9.047, 7.041, 4.971, 0.0, 4.373, 8.338, 11.697, 13.898, 15.747, 16.657, 16.627, 16.807, 17.03, 17.149, 17.359, 17.341, 17.116, 17.24, 17.439, 17.617, 17.775, 17.827, 17.836, 18.509, 19.543, 19.99, 19.939, 20.041, 20.708, 20.983, 21.01, 20.857, 21.45, 22.648, 22.227, 21.534, 21.534, 21.806, 21.663, 21.159, 21.106, 21.303, 21.048, 20.723, 20.612, 20.567, 20.629, 20.546, 20.441, 20.506, 20.852, 20.857, 20.939, 21.209, 21.307], [22.073, 21.933, 21.548, 21.536, 20.681, 19.269, 19.824, 20.227, 20.325, 20.519, 20.202, 19.611, 19.453, 19.298, 19.239, 19.476, 19.59, 19.412, 19.135, 18.32, 17.402, 17.16, 17.039, 16.941, 15.682, 14.323, 14.307, 15.276, 15.608, 15.017, 13.952, 10.706, 9.303, 7.97, 4.373, 0.0, 5.154, 9.454, 11.918, 13.951, 15.103, 15.151, 15.273, 15.46, 15.58, 15.766, 15.71, 15.5, 15.679, 15.89, 16.099, 16.301, 16.354, 16.448, 17.232, 18.368, 18.875, 18.813, 18.931, 19.684, 20.01, 20.063, 19.915, 20.563, 21.844, 21.435, 20.71, 20.717, 21.02, 20.94, 20.474, 20.473, 20.726, 20.458, 20.021, 19.858, 19.863, 19.977, 19.946, 19.886, 19.878, 20.155, 20.117, 20.197, 20.502, 20.574], [21.367, 21.243, 20.9, 20.896, 20.083, 18.888, 19.576, 19.948, 20.083, 20.376, 20.232, 19.93, 19.981, 19.975, 20.08, 20.372, 20.439, 20.253, 19.975, 19.165, 18.251, 18.026, 17.912, 17.82, 16.691, 15.479, 15.352, 16.215, 16.436, 15.71, 14.884, 12.31, 11.155, 10.379, 8.338, 5.154, 0.0, 5.264, 8.289, 10.687, 12.277, 12.536, 12.7, 12.943, 13.095, 13.264, 13.237, 13.228, 13.524, 13.744, 13.997, 14.33, 14.471, 14.659, 15.546, 16.687, 17.232, 17.18, 17.378, 18.273, 18.64, 18.713, 18.649, 19.36, 20.655, 20.312, 19.657, 19.714, 20.045, 20.102, 19.958, 20.244, 20.613, 20.377, 19.924, 19.799, 19.849, 19.997, 20.013, 19.958, 19.82, 19.926, 19.838, 19.945, 20.221, 20.199], [21.293, 21.223, 20.929, 20.95, 20.4, 19.592, 20.086, 20.306, 20.415, 20.74, 20.783, 20.843, 21.076, 21.148, 21.315, 21.597, 21.592, 21.493, 21.277, 20.479, 19.695, 19.483, 19.347, 19.283, 18.336, 17.349, 17.455, 18.526, 18.787, 18.042, 17.445, 15.122, 13.801, 13.214, 11.697, 9.454, 5.264, 0.0, 3.697, 6.971, 9.147, 9.65, 10.032, 10.485, 10.848, 11.123, 11.09, 11.281, 11.696, 11.877, 12.118, 12.491, 12.676, 12.986, 13.866, 14.737, 15.227, 15.219, 15.61, 16.72, 17.067, 17.133, 17.21, 17.919, 19.059, 19.015, 18.87, 19.182, 19.602, 19.776, 20.029, 20.705, 21.179, 21.049, 20.841, 20.977, 21.039, 21.164, 21.21, 21.175, 20.987, 20.922, 20.801, 20.97, 21.145, 20.992], [21.434, 21.443, 21.176, 21.214, 20.931, 20.507, 20.958, 21.111, 21.224, 21.568, 21.699, 21.92, 22.207, 22.285, 22.45, 22.707, 22.68, 22.636, 22.452, 21.666, 20.95, 20.735, 20.578, 20.528, 19.69, 18.772, 18.99, 20.16, 20.48, 19.791, 19.277, 17.092, 15.771, 15.286, 13.898, 11.918, 8.289, 3.697, 0.0, 4.182, 7.14, 7.928, 8.451, 9.011, 9.535, 9.921, 9.905, 10.245, 10.759, 10.923, 11.133, 11.551, 11.795, 12.19, 13.022, 13.711, 14.171, 14.195, 14.712, 15.974, 16.304, 16.383, 16.566, 17.258, 18.273, 18.463, 18.647, 19.098, 19.614, 19.888, 20.304, 21.145, 21.691, 21.645, 21.56, 21.798, 21.848, 21.96, 22.025, 22.027, 21.841, 21.695, 21.558, 21.744, 21.849, 21.621], [21.537, 21.584, 21.342, 21.386, 21.265, 21.181, 21.776, 21.926, 22.056, 22.421, 22.584, 22.844, 23.111, 23.166, 23.319, 23.54, 23.533, 23.527, 23.365, 22.615, 21.929, 21.708, 21.543, 21.505, 20.805, 19.981, 20.169, 21.273, 21.624, 21.012, 20.537, 18.532, 17.329, 16.96, 15.747, 13.951, 10.687, 6.971, 4.182, 0.0, 3.895, 5.58, 6.297, 7.018, 7.689, 8.168, 8.51, 9.384, 10.031, 10.191, 10.349, 10.928, 11.41, 11.951, 12.769, 13.362, 13.806, 13.86, 14.421, 15.711, 16.032, 16.151, 16.441, 17.15, 18.126, 18.425, 18.738, 19.304, 19.906, 20.228, 20.724, 21.628, 22.182, 22.162, 22.105, 22.359, 22.405, 22.502, 22.57, 22.605, 22.437, 22.243, 22.081, 22.257, 22.302, 22.0], [21.799, 21.843, 21.598, 21.654, 21.569, 21.564, 22.142, 22.247, 22.333, 22.689, 22.867, 23.147, 23.44, 23.503, 23.646, 23.855, 23.85, 23.886, 23.755, 23.023, 22.375, 22.155, 21.981, 21.951, 21.352, 20.643, 20.866, 21.98, 22.375, 21.824, 21.366, 19.368, 18.145, 17.797, 16.657, 15.103, 12.277, 9.147, 7.14, 3.895, 0.0, 2.869, 4.459, 5.646, 6.458, 7.077, 7.798, 8.983, 9.621, 9.77, 9.885, 10.422, 11.021, 11.662, 12.428, 12.952, 13.348, 13.43, 14.007, 15.246, 15.501, 15.601, 15.949, 16.673, 17.676, 18.192, 18.781, 19.495, 20.142, 20.458, 20.984, 21.906, 22.428, 22.41, 22.479, 22.86, 22.911, 22.977, 23.031, 23.078, 22.953, 22.785, 22.625, 22.803, 22.825, 22.512], [21.989, 22.039, 21.766, 21.829, 21.755, 21.673, 22.146, 22.2, 22.245, 22.592, 22.77, 23.041, 23.359, 23.44, 23.587, 23.824, 23.813, 23.859, 23.737, 22.969, 22.331, 22.111, 21.926, 21.9, 21.298, 20.605, 20.891, 22.095, 22.532, 21.993, 21.561, 19.504, 18.206, 17.807, 16.627, 15.151, 12.536, 9.65, 7.928, 5.58, 2.869, 0.0, 2.72, 4.489, 5.545, 6.384, 7.046, 8.038, 8.6, 8.718, 8.862, 9.363, 9.891, 10.466, 11.205, 11.754, 12.14, 12.217, 12.841, 14.197, 14.469, 14.572, 14.892, 15.601, 16.611, 17.308, 18.195, 19.021, 19.701, 20.053, 20.596, 21.509, 22.027, 22.026, 22.246, 22.842, 22.944, 22.999, 23.056, 23.118, 23.043, 22.947, 22.82, 23.012, 23.052, 22.784], [21.974, 22.03, 21.76, 21.817, 21.729, 21.646, 22.182, 22.276, 22.353, 22.71, 22.857, 23.059, 23.337, 23.42, 23.584, 23.831, 23.843, 23.873, 23.73, 22.943, 22.282, 22.079, 21.905, 21.877, 21.269, 20.564, 20.784, 21.923, 22.35, 21.808, 21.407, 19.524, 18.338, 17.955, 16.807, 15.273, 12.7, 10.032, 8.451, 6.297, 4.459, 2.72, 0.0, 2.26, 3.847, 4.899, 5.671, 6.852, 7.452, 7.586, 7.761, 8.492, 9.145, 9.711, 10.517, 11.149, 11.567, 11.632, 12.254, 13.662, 14.026, 14.215, 14.515, 15.225, 16.178, 16.692, 17.528, 18.418, 19.179, 19.581, 20.137, 21.073, 21.632, 21.64, 21.826, 22.459, 22.66, 22.755, 22.819, 22.883, 22.805, 22.718, 22.602, 22.785, 22.831, 22.567], [22.092, 22.158, 21.893, 21.947, 21.839, 21.726, 22.288, 22.409, 22.497, 22.859, 22.98, 23.132, 23.382, 23.462, 23.626, 23.866, 23.882, 23.906, 23.752, 22.968, 22.312, 22.122, 21.96, 21.93, 21.326, 20.625, 20.806, 21.896, 22.317, 21.793, 21.418, 19.639, 18.534, 18.164, 17.03, 15.46, 12.943, 10.485, 9.011, 7.018, 5.646, 4.489, 2.26, 0.0, 2.14, 3.523, 4.497, 5.971, 6.725, 6.937, 7.148, 8.004, 8.779, 9.386, 10.235, 10.921, 11.333, 11.388, 11.981, 13.389, 13.817, 14.088, 14.396, 15.092, 16.016, 16.433, 17.222, 18.137, 18.984, 19.454, 20.018, 20.947, 21.527, 21.544, 21.679, 22.292, 22.548, 22.694, 22.778, 22.85, 22.77, 22.685, 22.569, 22.746, 22.799, 22.543], [22.375, 22.432, 22.175, 22.224, 22.075, 21.919, 22.525, 22.67, 22.75, 23.098, 23.193, 23.294, 23.497, 23.539, 23.666, 23.889, 23.915, 23.923, 23.766, 23.0, 22.325, 22.128, 21.968, 21.94, 21.356, 20.676, 20.816, 21.85, 22.269, 21.771, 21.394, 19.653, 18.588, 18.23, 17.149, 15.58, 13.095, 10.848, 9.535, 7.689, 6.458, 5.545, 3.847, 2.14, 0.0, 1.796, 3.393, 5.303, 6.284, 6.615, 6.823, 7.763, 8.583, 9.22, 10.2, 10.977, 11.36, 11.397, 11.88, 13.201, 13.653, 13.964, 14.259, 14.944, 15.939, 16.382, 17.147, 18.052, 18.943, 19.47, 20.032, 20.921, 21.498, 21.508, 21.584, 22.155, 22.426, 22.606, 22.729, 22.819, 22.74, 22.66, 22.546, 22.718, 22.792, 22.551], [22.52, 22.57, 22.32, 22.361, 22.171, 21.994, 22.645, 22.819, 22.915, 23.262, 23.341, 23.419, 23.603, 23.628, 23.735, 23.944, 23.982, 23.962, 23.792, 23.035, 22.339, 22.137, 21.984, 21.956, 21.388, 20.727, 20.818, 21.784, 22.183, 21.691, 21.324, 19.685, 18.707, 18.384, 17.359, 15.766, 13.264, 11.123, 9.921, 8.168, 7.077, 6.384, 4.899, 3.523, 1.796, 0.0, 2.35, 4.8, 5.989, 6.381, 6.615, 7.734, 8.576, 9.188, 10.27, 11.11, 11.488, 11.51, 11.879, 13.069, 13.524, 13.838, 14.108, 14.802, 15.827, 16.204, 16.891, 17.78, 18.686, 19.249, 19.834, 20.718, 21.301, 21.3, 21.309, 21.84, 22.127, 22.318, 22.471, 22.592, 22.526, 22.438, 22.316, 22.499, 22.599, 22.364], [22.375, 22.444, 22.183, 22.228, 22.05, 21.863, 22.49, 22.664, 22.782, 23.152, 23.236, 23.338, 23.575, 23.644, 23.766, 23.986, 24.01, 23.97, 23.786, 23.002, 22.304, 22.108, 21.956, 21.927, 21.331, 20.658, 20.774, 21.765, 22.149, 21.639, 21.301, 19.692, 18.744, 18.423, 17.341, 15.71, 13.237, 11.09, 9.905, 8.51, 7.798, 7.046, 5.671, 4.497, 3.393, 2.35, 0.0, 2.971, 4.654, 5.1, 5.519, 6.914, 7.707, 8.252, 9.42, 10.323, 10.738, 10.737, 11.152, 12.409, 12.883, 13.173, 13.398, 14.088, 15.078, 15.468, 16.214, 17.1, 18.009, 18.622, 19.237, 20.112, 20.691, 20.708, 20.773, 21.394, 21.707, 21.898, 22.069, 22.234, 22.245, 22.205, 22.077, 22.286, 22.421, 22.211], [22.194, 22.273, 21.991, 22.043, 21.862, 21.639, 22.26, 22.444, 22.565, 22.946, 23.015, 23.096, 23.37, 23.493, 23.646, 23.888, 23.911, 23.871, 23.678, 22.864, 22.157, 21.961, 21.802, 21.773, 21.155, 20.462, 20.6, 21.626, 22.02, 21.502, 21.17, 19.556, 18.588, 18.242, 17.116, 15.5, 13.228, 11.281, 10.245, 9.384, 8.983, 8.038, 6.852, 5.971, 5.303, 4.8, 2.971, 0.0, 2.306, 3.001, 3.692, 5.438, 6.187, 6.63, 7.913, 8.99, 9.457, 9.444, 9.951, 11.404, 11.906, 12.135, 12.268, 12.963, 14.015, 14.462, 15.28, 16.163, 17.1, 17.77, 18.408, 19.31, 19.93, 19.963, 20.12, 20.871, 21.216, 21.415, 21.59, 21.76, 21.837, 21.914, 21.834, 22.074, 22.237, 22.066], [22.082, 22.16, 21.869, 21.92, 21.729, 21.513, 22.158, 22.338, 22.448, 22.838, 22.916, 22.997, 23.284, 23.429, 23.613, 23.878, 23.913, 23.891, 23.7, 22.878, 22.173, 21.988, 21.83, 21.8, 21.197, 20.519, 20.65, 21.671, 22.08, 21.567, 21.24, 19.658, 18.684, 18.327, 17.24, 15.679, 13.524, 11.696, 10.759, 10.031, 9.621, 8.6, 7.452, 6.725, 6.284, 5.989, 4.654, 2.306, 0.0, 1.265, 2.501, 4.565, 5.373, 5.733, 7.043, 8.172, 8.654, 8.653, 9.178, 10.713, 11.211, 11.38, 11.469, 12.181, 13.287, 13.695, 14.56, 15.515, 16.534, 17.273, 17.996, 19.001, 19.688, 19.736, 19.939, 20.755, 21.125, 21.328, 21.483, 21.615, 21.672, 21.799, 21.796, 22.072, 22.224, 22.058], [22.162, 22.256, 21.971, 22.022, 21.851, 21.651, 22.248, 22.407, 22.516, 22.913, 23.017, 23.129, 23.43, 23.579, 23.772, 24.048, 24.081, 24.06, 23.875, 23.055, 22.364, 22.185, 22.031, 22.003, 21.395, 20.718, 20.888, 21.943, 22.351, 21.836, 21.515, 19.911, 18.92, 18.554, 17.439, 15.89, 13.744, 11.877, 10.923, 10.191, 9.77, 8.718, 7.586, 6.937, 6.615, 6.381, 5.1, 3.001, 1.265, 0.0, 1.991, 4.379, 5.234, 5.63, 6.946, 7.982, 8.435, 8.45, 9.078, 10.683, 11.173, 11.326, 11.412, 12.093, 13.165, 13.647, 14.605, 15.591, 16.606, 17.348, 18.083, 19.072, 19.739, 19.804, 20.071, 20.944, 21.322, 21.517, 21.666, 21.798, 21.866, 21.999, 22.01, 22.309, 22.463, 22.307], [22.189, 22.295, 22.013, 22.066, 21.912, 21.727, 22.278, 22.417, 22.523, 22.915, 23.031, 23.165, 23.474, 23.619, 23.809, 24.084, 24.158, 24.187, 23.999, 23.209, 22.553, 22.365, 22.212, 22.188, 21.589, 20.922, 21.111, 22.197, 22.623, 22.119, 21.786, 20.127, 19.094, 18.728, 17.617, 16.099, 13.997, 12.118, 11.133, 10.349, 9.885, 8.862, 7.761, 7.148, 6.823, 6.615, 5.519, 3.692, 2.501, 1.991, 0.0, 2.889, 4.264, 4.896, 6.307, 7.386, 7.836, 7.869, 8.527, 10.245, 10.774, 10.953, 11.088, 11.767, 12.859, 13.532, 14.675, 15.715, 16.716, 17.458, 18.208, 19.202, 19.856, 19.924, 20.212, 21.073, 21.426, 21.617, 21.772, 21.92, 22.004, 22.142, 22.149, 22.444, 22.603, 22.457], [22.135, 22.268, 21.972, 22.03, 21.908, 21.722, 22.184, 22.268, 22.347, 22.743, 22.881, 23.081, 23.46, 23.619, 23.809, 24.098, 24.19, 24.303, 24.133, 23.362, 22.79, 22.619, 22.475, 22.453, 21.841, 21.176, 21.42, 22.59, 23.05, 22.553, 22.215, 20.455, 19.348, 18.954, 17.775, 16.301, 14.33, 12.491, 11.551, 10.928, 10.422, 9.363, 8.492, 8.004, 7.763, 7.734, 6.914, 5.438, 4.565, 4.379, 2.889, 0.0, 2.236, 3.584, 5.001, 6.113, 6.604, 6.642, 7.383, 9.379, 9.987, 10.187, 10.386, 11.06, 12.163, 13.127, 14.621, 15.741, 16.716, 17.466, 18.227, 19.221, 19.861, 19.95, 20.328, 21.24, 21.56, 21.748, 21.916, 22.092, 22.213, 22.352, 22.353, 22.652, 22.825, 22.709], [22.226, 22.386, 22.076, 22.136, 22.017, 21.802, 22.242, 22.317, 22.386, 22.788, 22.93, 23.152, 23.568, 23.735, 23.914, 24.21, 24.277, 24.378, 24.228, 23.426, 22.843, 22.678, 22.539, 22.516, 21.893, 21.233, 21.534, 22.771, 23.241, 22.727, 22.393, 20.626, 19.516, 19.094, 17.827, 16.354, 14.471, 12.676, 11.795, 11.41, 11.021, 9.891, 9.145, 8.779, 8.583, 8.576, 7.707, 6.187, 5.373, 5.234, 4.264, 2.236, 0.0, 2.472, 4.37, 5.467, 5.969, 5.988, 6.842, 8.976, 9.623, 9.792, 9.918, 10.572, 11.69, 12.745, 14.367, 15.484, 16.418, 17.177, 17.921, 18.878, 19.505, 19.626, 20.099, 21.146, 21.496, 21.679, 21.87, 22.089, 22.262, 22.403, 22.383, 22.698, 22.896, 22.808], [22.25, 22.389, 22.05, 22.107, 21.999, 21.723, 22.116, 22.18, 22.248, 22.656, 22.793, 22.994, 23.414, 23.593, 23.772, 24.074, 24.158, 24.284, 24.127, 23.343, 22.796, 22.636, 22.493, 22.469, 21.826, 21.144, 21.437, 22.66, 23.136, 22.635, 22.304, 20.54, 19.459, 19.043, 17.836, 16.448, 14.659, 12.986, 12.19, 11.951, 11.662, 10.466, 9.711, 9.386, 9.22, 9.188, 8.252, 6.63, 5.733, 5.63, 4.896, 3.584, 2.472, 0.0, 2.785, 4.495, 5.224, 5.167, 6.003, 8.257, 8.985, 9.205, 9.25, 9.933, 11.168, 12.343, 14.06, 15.186, 16.111, 16.869, 17.644, 18.644, 19.298, 19.398, 19.897, 21.009, 21.368, 21.547, 21.732, 21.942, 22.129, 22.311, 22.311, 22.615, 22.792, 22.701], [22.294, 22.435, 22.085, 22.134, 22.077, 21.844, 22.117, 22.104, 22.156, 22.574, 22.74, 23.0, 23.468, 23.674, 23.867, 24.182, 24.285, 24.483, 24.327, 23.583, 23.173, 23.048, 22.906, 22.887, 22.252, 21.587, 21.896, 23.097, 23.573, 23.105, 22.83, 21.112, 20.016, 19.632, 18.509, 17.232, 15.546, 13.866, 13.022, 12.769, 12.428, 11.205, 10.517, 10.235, 10.2, 10.27, 9.42, 7.913, 7.043, 6.946, 6.307, 5.001, 4.37, 2.785, 0.0, 2.561, 3.697, 3.686, 4.875, 7.463, 8.226, 8.544, 8.702, 9.324, 10.369, 11.711, 13.753, 14.976, 15.949, 16.774, 17.606, 18.639, 19.328, 19.446, 20.029, 21.241, 21.606, 21.78, 21.946, 22.132, 22.322, 22.526, 22.565, 22.864, 23.016, 22.928], [22.615, 22.802, 22.477, 22.524, 22.544, 22.414, 22.58, 22.501, 22.539, 22.963, 23.182, 23.546, 24.064, 24.275, 24.46, 24.759, 24.85, 25.09, 24.956, 24.221, 23.875, 23.762, 23.615, 23.604, 23.029, 22.446, 22.844, 24.086, 24.57, 24.129, 23.897, 22.19, 21.052, 20.659, 19.543, 18.368, 16.687, 14.737, 13.711, 13.362, 12.952, 11.754, 11.149, 10.921, 10.977, 11.11, 10.323, 8.99, 8.172, 7.982, 7.386, 6.113, 5.467, 4.495, 2.561, 0.0, 1.568, 1.807, 4.077, 7.105, 7.782, 8.138, 8.412, 8.851, 9.565, 11.205, 13.762, 15.179, 16.211, 17.098, 18.039, 19.111, 19.799, 19.993, 20.696, 22.005, 22.384, 22.545, 22.716, 22.904, 23.075, 23.221, 23.284, 23.619, 23.746, 23.658], [22.884, 23.083, 22.773, 22.82, 22.867, 22.766, 22.885, 22.781, 22.808, 23.223, 23.452, 23.84, 24.368, 24.568, 24.727, 25.004, 25.088, 25.337, 25.213, 24.474, 24.131, 24.008, 23.86, 23.85, 23.323, 22.818, 23.266, 24.532, 25.031, 24.61, 24.389, 22.679, 21.504, 21.092, 19.99, 18.875, 17.232, 15.227, 14.171, 13.806, 13.348, 12.14, 11.567, 11.333, 11.36, 11.488, 10.738, 9.457, 8.654, 8.435, 7.836, 6.604, 5.969, 5.224, 3.697, 1.568, 0.0, 0.978, 3.776, 6.921, 7.586, 7.956, 8.241, 8.558, 9.213, 11.06, 13.841, 15.333, 16.383, 17.292, 18.277, 19.35, 20.027, 20.251, 20.992, 22.327, 22.708, 22.868, 23.054, 23.251, 23.42, 23.545, 23.628, 23.986, 24.1, 24.022], [22.84, 23.038, 22.723, 22.77, 22.828, 22.736, 22.859, 22.753, 22.779, 23.192, 23.414, 23.797, 24.33, 24.538, 24.699, 24.976, 25.066, 25.318, 25.188, 24.446, 24.096, 23.968, 23.82, 23.814, 23.287, 22.786, 23.226, 24.489, 24.991, 24.573, 24.345, 22.63, 21.464, 21.05, 19.939, 18.813, 17.18, 15.219, 14.195, 13.86, 13.43, 12.217, 11.632, 11.388, 11.397, 11.51, 10.737, 9.444, 8.653, 8.45, 7.869, 6.642, 5.988, 5.167, 3.686, 1.807, 0.978, 0.0, 3.277, 6.655, 7.442, 7.857, 8.108, 8.419, 9.112, 10.983, 13.796, 15.313, 16.375, 17.28, 18.247, 19.302, 19.972, 20.183, 20.896, 22.216, 22.589, 22.75, 22.945, 23.152, 23.332, 23.465, 23.546, 23.905, 24.021, 23.947], [22.866, 23.064, 22.746, 22.784, 22.843, 22.787, 23.009, 22.918, 22.938, 23.344, 23.541, 23.882, 24.39, 24.573, 24.706, 24.972, 25.101, 25.356, 25.202, 24.444, 24.066, 23.918, 23.76, 23.748, 23.299, 22.865, 23.224, 24.419, 24.941, 24.555, 24.335, 22.678, 21.524, 21.104, 20.041, 18.931, 17.378, 15.61, 14.712, 14.421, 14.007, 12.841, 12.254, 11.981, 11.88, 11.879, 11.152, 9.951, 9.178, 9.078, 8.527, 7.383, 6.842, 6.003, 4.875, 4.077, 3.776, 3.277, 0.0, 4.083, 5.549, 6.279, 6.583, 6.989, 7.984, 10.051, 13.181, 14.938, 16.152, 17.133, 18.154, 19.23, 19.896, 20.04, 20.617, 21.848, 22.198, 22.373, 22.597, 22.839, 23.034, 23.138, 23.227, 23.609, 23.714, 23.639], [23.136, 23.331, 23.027, 23.054, 23.083, 23.002, 23.254, 23.168, 23.193, 23.604, 23.804, 24.124, 24.635, 24.821, 24.942, 25.209, 25.372, 25.615, 25.444, 24.696, 24.325, 24.183, 24.029, 24.015, 23.635, 23.306, 23.625, 24.705, 25.212, 24.865, 24.663, 23.125, 22.034, 21.658, 20.708, 19.684, 18.273, 16.72, 15.974, 15.711, 15.246, 14.197, 13.662, 13.389, 13.201, 13.069, 12.409, 11.404, 10.713, 10.683, 10.245, 9.379, 8.976, 8.257, 7.463, 7.105, 6.921, 6.655, 4.083, 0.0, 2.658, 4.28, 4.83, 5.489, 6.97, 9.322, 12.681, 14.617, 16.03, 17.174, 18.314, 19.409, 20.06, 20.177, 20.614, 21.745, 22.1, 22.288, 22.524, 22.795, 23.013, 23.084, 23.177, 23.589, 23.695, 23.612], [23.343, 23.52, 23.223, 23.255, 23.252, 23.127, 23.344, 23.249, 23.277, 23.698, 2