[[0.0, 1.604, 2.295, 4.584, 7.533, 9.803, 10.498, 11.274, 12.559, 12.613, 12.939, 13.478, 13.748, 13.681, 14.116, 14.29, 14.223, 14.379, 14.862, 15.38, 15.741, 16.23, 16.28, 16.55, 17.315, 17.823, 18.118, 18.702, 19.378, 19.967, 20.637, 20.896, 20.904, 21.837, 22.767, 23.228, 23.496, 23.63, 23.65, 23.989, 24.16, 24.186, 24.217, 24.425, 25.078, 25.639, 25.609, 25.566, 25.855, 26.046, 25.898, 25.791, 25.839, 25.683, 25.65, 25.761, 25.761, 25.7, 25.691, 25.611, 25.227, 25.182, 25.28, 25.36, 25.311, 25.368, 25.361, 25.261, 25.295, 25.268, 25.163, 25.038, 24.882, 24.725, 24.653, 24.59, 24.56, 24.585, 24.639, 24.709, 24.794, 24.832, 24.741, 24.755, 24.973, 25.118], [1.604, 0.0, 1.821, 4.548, 7.51, 9.832, 10.546, 11.331, 12.672, 12.777, 13.142, 13.684, 13.954, 13.896, 14.297, 14.468, 14.385, 14.547, 15.028, 15.516, 15.869, 16.353, 16.4, 16.704, 17.494, 18.018, 18.344, 18.957, 19.634, 20.188, 20.83, 21.087, 21.1, 22.059, 23.017, 23.493, 23.752, 23.892, 23.921, 24.256, 24.423, 24.44, 24.463, 24.652, 25.295, 25.867, 25.845, 25.803, 26.088, 26.293, 26.154, 26.046, 26.085, 25.913, 25.866, 25.964, 25.966, 25.898, 25.877, 25.798, 25.444, 25.413, 25.51, 25.602, 25.56, 25.612, 25.605, 25.499, 25.53, 25.501, 25.397, 25.274, 25.11, 24.949, 24.882, 24.827, 24.801, 24.825, 24.885, 24.962, 25.049, 25.082, 24.984, 24.986, 25.19, 25.326], [2.295, 1.821, 0.0, 3.394, 6.688, 9.055, 9.79, 10.627, 12.048, 12.257, 12.734, 13.318, 13.604, 13.554, 13.977, 14.145, 14.082, 14.308, 14.81, 15.265, 15.598, 16.092, 16.145, 16.406, 17.159, 17.642, 17.917, 18.481, 19.142, 19.728, 20.401, 20.657, 20.644, 21.563, 22.51, 22.986, 23.26, 23.41, 23.441, 23.767, 23.929, 23.949, 23.979, 24.161, 24.796, 25.366, 25.345, 25.299, 25.585, 25.78, 25.629, 25.523, 25.576, 25.43, 25.401, 25.511, 25.512, 25.453, 25.442, 25.377, 25.008, 24.968, 25.077, 25.168, 25.124, 25.18, 25.166, 25.064, 25.092, 25.067, 24.967, 24.838, 24.679, 24.522, 24.452, 24.399, 24.377, 24.401, 24.456, 24.526, 24.606, 24.637, 24.548, 24.567, 24.786, 24.93], [4.584, 4.548, 3.394, 0.0, 4.061, 7.052, 7.936, 8.965, 10.516, 10.826, 11.587, 12.315, 12.606, 12.507, 12.935, 13.115, 13.038, 13.279, 13.79, 14.204, 14.48, 15.003, 15.089, 15.373, 16.142, 16.601, 16.81, 17.328, 17.987, 18.617, 19.349, 19.619, 19.58, 20.563, 21.608, 22.113, 22.418, 22.626, 22.683, 22.994, 23.152, 23.184, 23.232, 23.435, 24.093, 24.693, 24.674, 24.621, 24.917, 25.089, 24.911, 24.805, 24.901, 24.8, 24.814, 24.951, 24.948, 24.92, 24.952, 24.883, 24.446, 24.39, 24.513, 24.6, 24.525, 24.559, 24.537, 24.412, 24.399, 24.371, 24.28, 24.142, 24.009, 23.872, 23.787, 23.736, 23.722, 23.749, 23.801, 23.859, 23.938, 23.98, 23.911, 23.971, 24.234, 24.403], [7.533, 7.51, 6.688, 4.061, 0.0, 4.048, 5.561, 6.771, 8.544, 9.077, 10.131, 11.059, 11.404, 11.231, 11.545, 11.745, 11.665, 11.98, 12.698, 13.203, 13.439, 14.015, 14.15, 14.432, 15.245, 15.74, 15.901, 16.341, 16.968, 17.656, 18.494, 18.798, 18.768, 19.842, 20.977, 21.497, 21.819, 22.108, 22.241, 22.549, 22.705, 22.743, 22.808, 23.016, 23.655, 24.248, 24.215, 24.14, 24.449, 24.587, 24.374, 24.253, 24.383, 24.333, 24.373, 24.523, 24.518, 24.511, 24.577, 24.498, 24.022, 23.986, 24.145, 24.22, 24.121, 24.157, 24.116, 23.981, 23.938, 23.91, 23.832, 23.689, 23.573, 23.452, 23.365, 23.317, 23.304, 23.332, 23.378, 23.412, 23.482, 23.546, 23.5, 23.595, 23.898, 24.089], [9.803, 9.832, 9.055, 7.052, 4.048, 0.0, 2.491, 4.061, 5.987, 6.862, 8.321, 9.644, 10.086, 9.997, 10.327, 10.545, 10.531, 10.953, 11.991, 12.645, 12.71, 13.257, 13.461, 13.667, 14.472, 15.017, 15.198, 15.622, 16.298, 17.121, 18.068, 18.387, 18.405, 19.607, 20.812, 21.357, 21.696, 22.011, 22.181, 22.506, 22.675, 22.717, 22.792, 22.995, 23.569, 24.123, 24.081, 23.962, 24.245, 24.366, 24.137, 24.007, 24.157, 24.138, 24.18, 24.324, 24.326, 24.339, 24.421, 24.334, 23.85, 23.876, 24.08, 24.15, 24.046, 24.094, 24.054, 23.914, 23.855, 23.845, 23.786, 23.644, 23.536, 23.426, 23.336, 23.273, 23.254, 23.287, 23.333, 23.35, 23.425, 23.518, 23.504, 23.635, 23.947, 24.142], [10.498, 10.546, 9.79, 7.936, 5.561, 2.491, 0.0, 2.676, 5.124, 6.03, 7.557, 9.001, 9.475, 9.426, 9.831, 10.084, 10.106, 10.634, 11.767, 12.441, 12.445, 12.955, 13.146, 13.323, 14.125, 14.668, 14.898, 15.367, 16.099, 16.973, 17.953, 18.283, 18.315, 19.552, 20.77, 21.326, 21.671, 21.988, 22.171, 22.521, 22.715, 22.771, 22.843, 23.056, 23.635, 24.198, 24.173, 24.04, 24.289, 24.407, 24.198, 24.079, 24.227, 24.196, 24.237, 24.377, 24.378, 24.395, 24.501, 24.432, 23.959, 24.018, 24.23, 24.299, 24.202, 24.24, 24.212, 24.065, 23.987, 23.974, 23.92, 23.78, 23.681, 23.584, 23.493, 23.419, 23.405, 23.442, 23.49, 23.507, 23.584, 23.677, 23.671, 23.814, 24.124, 24.314], [11.274, 11.331, 10.627, 8.965, 6.771, 4.061, 2.676, 0.0, 3.287, 4.695, 6.464, 8.142, 8.69, 8.669, 9.023, 9.298, 9.356, 9.943, 11.22, 11.981, 11.975, 12.531, 12.713, 12.836, 13.679, 14.278, 14.586, 15.112, 15.897, 16.827, 17.85, 18.183, 18.233, 19.525, 20.758, 21.319, 21.676, 21.991, 22.179, 22.555, 22.77, 22.86, 22.955, 23.171, 23.738, 24.304, 24.283, 24.136, 24.374, 24.49, 24.279, 24.157, 24.312, 24.281, 24.326, 24.465, 24.464, 24.482, 24.591, 24.53, 24.055, 24.134, 24.358, 24.431, 24.331, 24.367, 24.339, 24.176, 24.092, 24.082, 24.031, 23.893, 23.8, 23.71, 23.618, 23.543, 23.525, 23.56, 23.615, 23.636, 23.701, 23.787, 23.786, 23.934, 24.235, 24.422], [12.559, 12.672, 12.048, 10.516, 8.544, 5.987, 5.124, 3.287, 0.0, 2.729, 5.936, 8.179, 8.743, 8.739, 8.968, 9.209, 9.278, 9.68, 10.841, 11.54, 11.39, 11.952, 12.206, 12.348, 13.22, 13.86, 14.211, 14.815, 15.662, 16.635, 17.681, 18.019, 18.071, 19.394, 20.635, 21.192, 21.545, 21.859, 22.037, 22.382, 22.571, 22.68, 22.841, 23.079, 23.592, 24.132, 24.102, 23.954, 24.207, 24.317, 24.095, 23.961, 24.137, 24.129, 24.205, 24.36, 24.358, 24.393, 24.501, 24.418, 23.904, 23.973, 24.196, 24.267, 24.152, 24.184, 24.155, 23.978, 23.891, 23.885, 23.827, 23.681, 23.586, 23.483, 23.385, 23.306, 23.284, 23.319, 23.384, 23.414, 23.482, 23.573, 23.583, 23.746, 24.046, 24.237], [12.613, 12.777, 12.257, 10.826, 9.077, 6.862, 6.03, 4.695, 2.729, 0.0, 4.333, 7.149, 7.673, 7.621, 7.939, 8.248, 8.382, 8.859, 10.133, 10.86, 10.735, 11.344, 11.568, 11.745, 12.69, 13.371, 13.797, 14.453, 15.36, 16.406, 17.561, 17.948, 17.977, 19.328, 20.6, 21.172, 21.536, 21.846, 22.024, 22.401, 22.608, 22.717, 22.896, 23.206, 23.764, 24.307, 24.276, 24.131, 24.383, 24.497, 24.283, 24.163, 24.332, 24.315, 24.397, 24.55, 24.551, 24.589, 24.705, 24.619, 24.106, 24.182, 24.384, 24.444, 24.324, 24.346, 24.33, 24.149, 24.05, 24.025, 23.94, 23.785, 23.685, 23.573, 23.474, 23.391, 23.368, 23.407, 23.48, 23.527, 23.605, 23.692, 23.692, 23.844, 24.136, 24.32], [12.939, 13.142, 12.734, 11.587, 10.131, 8.321, 7.557, 6.464, 5.936, 4.333, 0.0, 3.52, 4.375, 4.625, 5.591, 6.065, 6.496, 7.63, 9.847, 10.999, 11.056, 11.61, 11.684, 11.579, 12.531, 13.382, 13.995, 14.554, 15.437, 16.654, 18.017, 18.457, 18.491, 19.802, 21.064, 21.663, 22.065, 22.361, 22.616, 23.152, 23.441, 23.543, 23.673, 24.021, 24.694, 25.253, 25.223, 25.059, 25.265, 25.387, 25.2, 25.11, 25.199, 25.118, 25.151, 25.261, 25.267, 25.281, 25.378, 25.32, 24.883, 25.023, 25.213, 25.262, 25.165, 25.187, 25.186, 25.034, 24.945, 24.917, 24.84, 24.702, 24.611, 24.519, 24.445, 24.37, 24.349, 24.39, 24.461, 24.508, 24.578, 24.642, 24.627, 24.744, 24.994, 25.147], [13.478, 13.684, 13.318, 12.315, 11.059, 9.644, 9.001, 8.142, 8.179, 7.149, 3.52, 0.0, 1.695, 3.001, 4.768, 5.297, 5.832, 7.417, 10.243, 11.662, 11.82, 12.31, 12.317, 12.035, 12.953, 13.946, 14.685, 15.124, 15.886, 17.108, 18.531, 18.993, 19.069, 20.325, 21.536, 22.138, 22.548, 22.818, 23.11, 23.73, 24.061, 24.159, 24.262, 24.608, 25.334, 25.913, 25.894, 25.72, 25.895, 26.039, 25.884, 25.799, 25.831, 25.701, 25.688, 25.768, 25.775, 25.776, 25.867, 25.815, 25.437, 25.631, 25.817, 25.872, 25.801, 25.825, 25.825, 25.69, 25.602, 25.577, 25.515, 25.383, 25.295, 25.217, 25.16, 25.11, 25.102, 25.143, 25.208, 25.248, 25.31, 25.359, 25.33, 25.423, 25.636, 25.767], [13.748, 13.954, 13.604, 12.606, 11.404, 10.086, 9.475, 8.69, 8.743, 7.673, 4.375, 1.695, 0.0, 2.267, 4.388, 4.93, 5.468, 7.126, 10.097, 11.595, 11.813, 12.312, 12.315, 12.074, 13.012, 14.037, 14.815, 15.237, 15.958, 17.153, 18.589, 19.065, 19.158, 20.422, 21.622, 22.22, 22.624, 22.883, 23.164, 23.783, 24.113, 24.208, 24.31, 24.665, 25.39, 25.981, 25.977, 25.805, 25.976, 26.133, 25.998, 25.92, 25.948, 25.8, 25.773, 25.849, 25.859, 25.862, 25.963, 25.909, 25.542, 25.763, 25.956, 26.018, 25.952, 25.982, 25.982, 25.845, 25.747, 25.718, 25.656, 25.524, 25.435, 25.359, 25.301, 25.254, 25.249, 25.293, 25.359, 25.398, 25.457, 25.506, 25.474, 25.56, 25.764, 25.891], [13.681, 13.896, 13.554, 12.507, 11.231, 9.997, 9.426, 8.669, 8.739, 7.621, 4.625, 3.001, 2.267, 0.0, 2.699, 3.52, 4.125, 6.117, 9.28, 10.87, 11.252, 11.859, 11.845, 11.732, 12.7, 13.667, 14.403, 14.856, 15.606, 16.792, 18.252, 18.739, 18.805, 20.083, 21.305, 21.898, 22.293, 22.546, 22.802, 23.412, 23.739, 23.831, 23.943, 24.323, 25.083, 25.705, 25.703, 25.557, 25.748, 25.902, 25.76, 25.687, 25.729, 25.589, 25.564, 25.643, 25.656, 25.663, 25.761, 25.707, 25.333, 25.543, 25.738, 25.803, 25.739, 25.767, 25.762, 25.626, 25.52, 25.485, 25.422, 25.303, 25.227, 25.144, 25.081, 25.032, 25.029, 25.071, 25.133, 25.176, 25.241, 25.298, 25.268, 25.346, 25.554, 25.689], [14.116, 14.297, 13.977, 12.935, 11.545, 10.327, 9.831, 9.023, 8.968, 7.939, 5.591, 4.768, 4.388, 2.699, 0.0, 1.484, 2.471, 5.03, 8.557, 10.24, 10.691, 11.412, 11.42, 11.441, 12.483, 13.468, 14.196, 14.667, 15.422, 16.581, 18.054, 18.547, 18.589, 19.874, 21.101, 21.675, 22.04, 22.277, 22.519, 23.108, 23.424, 23.519, 23.647, 24.024, 24.783, 25.422, 25.419, 25.287, 25.517, 25.672, 25.517, 25.443, 25.505, 25.373, 25.351, 25.431, 25.444, 25.448, 25.537, 25.488, 25.117, 25.327, 25.535, 25.601, 25.532, 25.559, 25.551, 25.418, 25.308, 25.274, 25.225, 25.113, 25.052, 24.978, 24.917, 24.866, 24.861, 24.903, 24.963, 25.007, 25.067, 25.125, 25.091, 25.157, 25.364, 25.504], [14.29, 14.468, 14.145, 13.115, 11.745, 10.545, 10.084, 9.298, 9.209, 8.248, 6.065, 5.297, 4.93, 3.52, 1.484, 0.0, 1.662, 4.667, 8.341, 10.093, 10.556, 11.254, 11.288, 11.337, 12.402, 13.428, 14.181, 14.662, 15.413, 16.552, 18.015, 18.509, 18.551, 19.842, 21.065, 21.63, 21.987, 22.212, 22.461, 23.061, 23.377, 23.471, 23.6, 23.975, 24.737, 25.38, 25.378, 25.243, 25.477, 25.641, 25.49, 25.422, 25.482, 25.341, 25.308, 25.387, 25.398, 25.398, 25.479, 25.43, 25.062, 25.275, 25.486, 25.552, 25.489, 25.521, 25.511, 25.381, 25.282, 25.258, 25.218, 25.108, 25.049, 24.979, 24.919, 24.875, 24.875, 24.917, 24.976, 25.018, 25.079, 25.141, 25.111, 25.167, 25.364, 25.501], [14.223, 14.385, 14.082, 13.038, 11.665, 10.531, 10.106, 9.356, 9.278, 8.382, 6.496, 5.832, 5.468, 4.125, 2.471, 1.662, 0.0, 3.628, 7.613, 9.534, 10.124, 10.866, 10.94, 11.114, 12.256, 13.322, 14.056, 14.549, 15.315, 16.414, 17.811, 18.291, 18.361, 19.697, 20.944, 21.51, 21.855, 22.083, 22.322, 22.909, 23.218, 23.31, 23.441, 23.818, 24.587, 25.243, 25.242, 25.108, 25.345, 25.51, 25.366, 25.296, 25.35, 25.205, 25.174, 25.254, 25.263, 25.258, 25.334, 25.282, 24.911, 25.113, 25.317, 25.387, 25.332, 25.368, 25.356, 25.222, 25.132, 25.115, 25.078, 24.962, 24.898, 24.827, 24.769, 24.732, 24.735, 24.777, 24.835, 24.879, 24.944, 25.012, 24.98, 25.029, 25.226, 25.367], [14.379, 14.547, 14.308, 13.279, 11.98, 10.953, 10.634, 9.943, 9.68, 8.859, 7.63, 7.417, 7.126, 6.117, 5.03, 4.667, 3.628, 0.0, 4.842, 7.528, 8.548, 9.462, 9.639, 10.04, 11.34, 12.574, 13.412, 13.972, 14.765, 15.818, 17.188, 17.676, 17.814, 19.308, 20.608, 21.168, 21.509, 21.752, 21.946, 22.484, 22.783, 22.886, 23.016, 23.378, 24.168, 24.862, 24.844, 24.731, 25.004, 25.165, 25.015, 24.947, 25.023, 24.886, 24.863, 24.948, 24.953, 24.952, 25.023, 24.948, 24.53, 24.683, 24.882, 24.964, 24.914, 24.959, 24.946, 24.807, 24.745, 24.75, 24.732, 24.605, 24.535, 24.476, 24.428, 24.393, 24.379, 24.417, 24.488, 24.533, 24.58, 24.627, 24.591, 24.647, 24.864, 25.019], [14.862, 15.028, 14.81, 13.79, 12.698, 11.991, 11.767, 11.22, 10.841, 10.133, 9.847, 10.243, 10.097, 9.28, 8.557, 8.341, 7.613, 4.842, 0.0, 3.738, 5.912, 7.128, 7.412, 8.364, 9.81, 11.037, 12.113, 13.079, 14.022, 14.9, 16.142, 16.632, 16.791, 18.517, 19.956, 20.545, 20.885, 21.153, 21.311, 21.818, 22.101, 22.211, 22.349, 22.712, 23.579, 24.374, 24.364, 24.305, 24.653, 24.832, 24.654, 24.611, 24.786, 24.675, 24.67, 24.781, 24.777, 24.785, 24.867, 24.774, 24.281, 24.304, 24.478, 24.571, 24.493, 24.535, 24.52, 24.372, 24.319, 24.313, 24.28, 24.138, 24.073, 24.009, 23.96, 23.922, 23.893, 23.927, 24.008, 24.056, 24.089, 24.121, 24.077, 24.129, 24.376, 24.555], [15.38, 15.516, 15.265, 14.204, 13.203, 12.645, 12.441, 11.981, 11.54, 10.86, 10.999, 11.662, 11.595, 10.87, 10.24, 10.093, 9.534, 7.528, 3.738, 0.0, 3.361, 5.1, 5.509, 6.955, 8.482, 9.61, 10.792, 12.046, 13.103, 13.854, 15.034, 15.535, 15.672, 17.578, 19.182, 19.855, 20.213, 20.5, 20.665, 21.184, 21.475, 21.598, 21.763, 22.156, 23.095, 23.973, 23.984, 23.954, 24.362, 24.566, 24.354, 24.325, 24.591, 24.54, 24.594, 24.743, 24.728, 24.76, 24.884, 24.778, 24.22, 24.14, 24.271, 24.356, 24.211, 24.214, 24.197, 24.0, 23.906, 23.867, 23.803, 23.644, 23.591, 23.53, 23.476, 23.435, 23.404, 23.436, 23.519, 23.568, 23.599, 23.627, 23.573, 23.633, 23.922, 24.12], [15.741, 15.869, 15.598, 14.48, 13.439, 12.71, 12.445, 11.975, 11.39, 10.735, 11.056, 11.82, 11.813, 11.252, 10.691, 10.556, 10.124, 8.548, 5.912, 3.361, 0.0, 2.51, 3.353, 5.034, 6.769, 8.186, 9.591, 10.955, 12.079, 12.881, 14.14, 14.67, 14.817, 16.903, 18.642, 19.397, 19.801, 20.119, 20.346, 20.898, 21.198, 21.331, 21.504, 21.915, 22.88, 23.779, 23.795, 23.747, 24.169, 24.39, 24.155, 24.117, 24.443, 24.445, 24.547, 24.718, 24.698, 24.756, 24.914, 24.782, 24.21, 24.115, 24.226, 24.294, 24.081, 24.039, 24.019, 23.776, 23.636, 23.588, 23.519, 23.343, 23.293, 23.251, 23.195, 23.165, 23.137, 23.168, 23.258, 23.31, 23.364, 23.424, 23.384, 23.47, 23.779, 23.977], [16.23, 16.353, 16.092, 15.003, 14.015, 13.257, 12.955, 12.531, 11.952, 11.344, 11.61, 12.31, 12.312, 11.859, 11.412, 11.254, 10.866, 9.462, 7.128, 5.1, 2.51, 0.0, 1.762, 3.921, 5.646, 7.306, 9.038, 10.589, 11.767, 12.629, 13.981, 14.547, 14.721, 16.871, 18.649, 19.427, 19.828, 20.163, 20.47, 21.079, 21.391, 21.519, 21.687, 22.118, 23.111, 24.005, 24.028, 23.967, 24.375, 24.601, 24.363, 24.326, 24.654, 24.642, 24.732, 24.901, 24.885, 24.95, 25.113, 24.974, 24.44, 24.366, 24.462, 24.524, 24.287, 24.223, 24.205, 23.943, 23.786, 23.742, 23.689, 23.526, 23.479, 23.445, 23.397, 23.383, 23.368, 23.401, 23.492, 23.545, 23.613, 23.691, 23.662, 23.746, 24.044, 24.232], [16.28, 16.4, 16.145, 15.089, 14.15, 13.461, 13.146, 12.713, 12.206, 11.568, 11.684, 12.317, 12.315, 11.845, 11.42, 11.288, 10.94, 9.639, 7.412, 5.509, 3.353, 1.762, 0.0, 2.855, 4.942, 6.88, 8.884, 10.525, 11.762, 12.681, 14.11, 14.71, 14.882, 17.014, 18.787, 19.571, 19.992, 20.33, 20.659, 21.31, 21.639, 21.766, 21.929, 22.377, 23.409, 24.309, 24.342, 24.283, 24.674, 24.895, 24.658, 24.628, 24.935, 24.907, 24.978, 25.133, 25.121, 25.166, 25.316, 25.198, 24.707, 24.658, 24.753, 24.817, 24.586, 24.519, 24.508, 24.255, 24.105, 24.062, 24.026, 23.888, 23.846, 23.812, 23.771, 23.768, 23.755, 23.787, 23.881, 23.941, 24.01, 24.078, 24.039, 24.11, 24.394, 24.571], [16.55, 16.704, 16.406, 15.373, 14.432, 13.667, 13.323, 12.836, 12.348, 11.745, 11.579, 12.035, 12.074, 11.732, 11.441, 11.337, 11.114, 10.04, 8.364, 6.955, 5.034, 3.921, 2.855, 0.0, 2.972, 5.824, 8.281, 9.865, 11.092, 12.213, 13.862, 14.495, 14.661, 16.756, 18.502, 19.301, 19.79, 20.157, 20.53, 21.238, 21.589, 21.724, 21.88, 22.327, 23.394, 24.291, 24.323, 24.24, 24.603, 24.815, 24.567, 24.548, 24.847, 24.839, 24.928, 25.084, 25.068, 25.116, 25.276, 25.192, 24.711, 24.659, 24.756, 24.809, 24.568, 24.495, 24.488, 24.241, 24.103, 24.071, 24.052, 23.934, 23.902, 23.878, 23.845, 23.848, 23.832, 23.861, 23.957, 24.017, 24.083, 24.149, 24.115, 24.195, 24.476, 24.644], [17.315, 17.494, 17.159, 16.142, 15.245, 14.472, 14.125, 13.679, 13.22, 12.69, 12.531, 12.953, 13.012, 12.7, 12.483, 12.402, 12.256, 11.34, 9.81, 8.482, 6.769, 5.646, 4.942, 2.972, 0.0, 3.702, 6.896, 8.755, 9.997, 11.171, 13.044, 13.73, 13.869, 16.073, 17.895, 18.725, 19.242, 19.627, 20.021, 20.774, 21.162, 21.305, 21.467, 21.943, 23.04, 23.949, 23.973, 23.876, 24.237, 24.441, 24.183, 24.186, 24.515, 24.541, 24.666, 24.84, 24.827, 24.904, 25.105, 25.025, 24.506, 24.416, 24.5, 24.544, 24.268, 24.179, 24.17, 23.912, 23.765, 23.735, 23.719, 23.626, 23.625, 23.615, 23.582, 23.587, 23.572, 23.596, 23.675, 23.724, 23.798, 23.887, 23.877, 23.984, 24.282, 24.455], [17.823, 18.018, 17.642, 16.601, 15.74, 15.017, 14.668, 14.278, 13.86, 13.371, 13.382, 13.946, 14.037, 13.667, 13.468, 13.428, 13.322, 12.574, 11.037, 9.61, 8.186, 7.306, 6.88, 5.824, 3.702, 0.0, 4.032, 6.637, 8.141, 9.328, 11.391, 12.179, 12.246, 14.656, 16.658, 17.496, 17.996, 18.416, 18.866, 19.697, 20.14, 20.308, 20.501, 21.035, 22.217, 23.174, 23.189, 23.106, 23.498, 23.709, 23.429, 23.449, 23.863, 23.967, 24.15, 24.357, 24.35, 24.458, 24.695, 24.621, 24.03, 23.856, 23.92, 23.965, 23.658, 23.568, 23.552, 23.273, 23.099, 23.058, 23.024, 22.958, 22.984, 22.962, 22.91, 22.899, 22.881, 22.899, 22.952, 22.986, 23.067, 23.187, 23.221, 23.388, 23.735, 23.931], [18.118, 18.344, 17.917, 16.81, 15.901, 15.198, 14.898, 14.586, 14.211, 13.797, 13.995, 14.685, 14.815, 14.403, 14.196, 14.181, 14.056, 13.412, 12.113, 10.792, 9.591, 9.038, 8.884, 8.281, 6.896, 4.032, 0.0, 3.392, 5.427, 6.897, 9.078, 9.924, 9.931, 12.448, 14.636, 15.484, 15.974, 16.454, 16.979, 17.862, 18.334, 18.538, 18.778, 19.374, 20.653, 21.657, 21.655, 21.59, 22.023, 22.204, 21.87, 21.899, 22.441, 22.716, 23.025, 23.285, 23.276, 23.437, 23.729, 23.674, 22.999, 22.758, 22.828, 22.859, 22.537, 22.477, 22.44, 22.15, 21.974, 21.925, 21.867, 21.794, 21.831, 21.806, 21.728, 21.69, 21.664, 21.679, 21.701, 21.712, 21.775, 21.918, 22.012, 22.263, 22.688, 22.923], [18.702, 18.957, 18.481, 17.328, 16.341, 15.622, 15.367, 15.112, 14.815, 14.453, 14.554, 15.124, 15.237, 14.856, 14.667, 14.662, 14.549, 13.972, 13.079, 12.046, 10.955, 10.589, 10.525, 9.865, 8.755, 6.637, 3.392, 0.0, 2.574, 4.959, 7.704, 8.605, 8.634, 11.126, 13.364, 14.216, 14.729, 15.241, 15.851, 16.779, 17.257, 17.481, 17.731, 18.339, 19.639, 20.63, 20.616, 20.552, 21.003, 21.137, 20.761, 20.799, 21.384, 21.783, 22.19, 22.484, 22.47, 22.665, 23.019, 23.001, 22.286, 22.035, 22.123, 22.134, 21.811, 21.782, 21.732, 21.443, 21.276, 21.223, 21.161, 21.071, 21.121, 21.116, 21.033, 20.986, 20.952, 20.965, 20.974, 20.968, 21.004, 21.139, 21.262, 21.566, 22.045, 22.305], [19.378, 19.634, 19.142, 17.987, 16.968, 16.298, 16.099, 15.897, 15.662, 15.36, 15.437, 15.886, 15.958, 15.606, 15.422, 15.413, 15.315, 14.765, 14.022, 13.103, 12.079, 11.767, 11.762, 11.092, 9.997, 8.141, 5.427, 2.574, 0.0, 3.265, 6.726, 7.779, 7.843, 10.412, 12.694, 13.521, 14.002, 14.508, 15.203, 16.191, 16.696, 16.94, 17.2, 17.808, 19.095, 20.06, 20.038, 19.993, 20.464, 20.566, 20.163, 20.213, 20.818, 21.269, 21.723, 22.041, 22.026, 22.246, 22.645, 22.645, 21.896, 21.623, 21.717, 21.714, 21.372, 21.349, 21.292, 21.001, 20.837, 20.775, 20.705, 20.598, 20.654, 20.661, 20.574, 20.521, 20.483, 20.493, 20.493, 20.481, 20.496, 20.618, 20.755, 21.088, 21.595, 21.868], [19.967, 20.188, 19.728, 18.617, 17.656, 17.121, 16.973, 16.827, 16.635, 16.406, 16.654, 17.108, 17.153, 16.792, 16.581, 16.552, 16.414, 15.818, 14.9, 13.854, 12.881, 12.629, 12.681, 12.213, 11.171, 9.328, 6.897, 4.959, 3.265, 0.0, 4.183, 5.713, 6.04, 9.306, 11.907, 12.788, 13.233, 13.731, 14.49, 15.563, 16.125, 16.401, 16.669, 17.288, 18.613, 19.622, 19.625, 19.643, 20.136, 20.237, 19.838, 19.908, 20.567, 21.057, 21.529, 21.861, 21.849, 22.082, 22.53, 22.544, 21.786, 21.479, 21.56, 21.556, 21.195, 21.163, 21.109, 20.809, 20.637, 20.566, 20.484, 20.364, 20.42, 20.42, 20.323, 20.267, 20.226, 20.232, 20.226, 20.221, 20.235, 20.35, 20.496, 20.856, 21.386, 21.672], [20.637, 20.83, 20.401, 19.349, 18.494, 18.068, 17.953, 17.85, 17.681, 17.561, 18.017, 18.531, 18.589, 18.252, 18.054, 18.015, 17.811, 17.188, 16.142, 15.034, 14.14, 13.981, 14.11, 13.862, 13.044, 11.391, 9.078, 7.704, 6.726, 4.183, 0.0, 2.369, 3.772, 7.965, 10.929, 11.914, 12.356, 12.82, 13.592, 14.724, 15.309, 15.604, 15.858, 16.472, 17.864, 18.976, 19.033, 19.107, 19.577, 19.711, 19.39, 19.479, 20.206, 20.762, 21.262, 21.599, 21.586, 21.828, 22.319, 22.363, 21.617, 21.286, 21.348, 21.377, 21.112, 21.146, 21.096, 20.832, 20.703, 20.63, 20.547, 20.426, 20.468, 20.452, 20.331, 20.267, 20.232, 20.237, 20.217, 20.21, 20.229, 20.354, 20.537, 20.935, 21.476, 21.768], [20.896, 21.087, 20.657, 19.619, 18.798, 18.387, 18.283, 18.183, 18.019, 17.948, 18.457, 18.993, 19.065, 18.739, 18.547, 18.509, 18.291, 17.676, 16.632, 15.535, 14.67, 14.547, 14.71, 14.495, 13.73, 12.179, 9.924, 8.605, 7.779, 5.713, 2.369, 0.0, 2.78, 7.391, 10.409, 11.438, 11.944, 12.404, 13.142, 14.293, 14.881, 15.184, 15.435, 16.041, 17.47, 18.627, 18.709, 18.787, 19.236, 19.407, 19.159, 19.256, 19.99, 20.554, 21.062, 21.403, 21.383, 21.627, 22.132, 22.186, 21.444, 21.114, 21.167, 21.205, 21.004, 21.09, 21.041, 20.8, 20.696, 20.631, 20.563, 20.44, 20.476, 20.46, 20.341, 20.275, 20.237, 20.241, 20.216, 20.202, 20.217, 20.348, 20.552, 20.964, 21.505, 21.8], [20.904, 21.1, 20.644, 19.58, 18.768, 18.405, 18.315, 18.233, 18.071, 17.977, 18.491, 19.069, 19.158, 18.805, 18.589, 18.551, 18.361, 17.814, 16.791, 15.672, 14.817, 14.721, 14.882, 14.661, 13.869, 12.246, 9.931, 8.634, 7.843, 6.04, 3.772, 2.78, 0.0, 5.417, 8.928, 10.167, 10.875, 11.492, 12.209, 13.364, 14.005, 14.316, 14.603, 15.293, 16.835, 18.025, 18.081, 18.143, 18.596, 18.759, 18.511, 18.643, 19.463, 20.098, 20.663, 21.026, 21.007, 21.275, 21.792, 21.85, 21.057, 20.679, 20.729, 20.742, 20.516, 20.608, 20.556, 20.321, 20.22, 20.151, 20.08, 19.95, 19.996, 19.991, 19.87, 19.801, 19.754, 19.753, 19.717, 19.692, 19.689, 19.834, 20.07, 20.494, 21.059, 21.37], [21.837, 22.059, 21.563, 20.563, 19.842, 19.607, 19.552, 19.525, 19.394, 19.328, 19.802, 20.325, 20.422, 20.083, 19.874, 19.842, 19.697, 19.308, 18.517, 17.578, 16.903, 16.871, 17.014, 16.756, 16.073, 14.656, 12.448, 11.126, 10.412, 9.306, 7.965, 7.391, 5.417, 0.0, 4.31, 6.361, 7.772, 8.708, 9.549, 10.904, 11.652, 11.94, 12.281, 13.133, 14.967, 16.21, 16.233, 16.272, 16.614, 16.802, 16.729, 16.959, 17.903, 18.727, 19.424, 19.815, 19.818, 20.132, 20.665, 20.78, 20.027, 19.648, 19.69, 19.693, 19.597, 19.79, 19.729, 19.613, 19.596, 19.529, 19.47, 19.362, 19.408, 19.41, 19.307, 19.274, 19.244, 19.238, 19.15, 19.096, 19.046, 19.184, 19.494, 19.906, 20.432, 20.732], [22.767, 23.017, 22.51, 21.608, 20.977, 20.812, 20.77, 20.758, 20.635, 20.6, 21.064, 21.536, 21.622, 21.305, 21.101, 21.065, 20.944, 20.608, 19.956, 19.182, 18.642, 18.649, 18.787, 18.502, 17.895, 16.658, 14.636, 13.364, 12.694, 11.907, 10.929, 10.409, 8.928, 4.31, 0.0, 3.059, 5.399, 6.664, 7.69, 9.265, 10.09, 10.38, 10.757, 11.696, 13.665, 14.906, 14.918, 14.959, 15.223, 15.471, 15.579, 15.865, 16.845, 17.782, 18.569, 18.975, 19.0, 19.339, 19.866, 20.022, 19.366, 19.054, 19.092, 19.101, 19.155, 19.457, 19.402, 19.41, 19.492, 19.439, 19.395, 19.308, 19.327, 19.316, 19.243, 19.245, 19.231, 19.228, 19.106, 19.029, 18.955, 19.088, 19.416, 19.787, 20.259, 20.537], [23.228, 23.493, 22.986, 22.113, 21.497, 21.357, 21.326, 21.319, 21.192, 21.172, 21.663, 22.138, 22.22, 21.898, 21.675, 21.63, 21.51, 21.168, 20.545, 19.855, 19.397, 19.427, 19.571, 19.301, 18.725, 17.496, 15.484, 14.216, 13.521, 12.788, 11.914, 11.438, 10.167, 6.361, 3.059, 0.0, 3.009, 4.935, 6.549, 8.271, 9.092, 9.415, 9.827, 10.78, 12.797, 14.033, 14.035, 14.117, 14.407, 14.706, 14.88, 15.186, 16.169, 17.122, 17.953, 18.374, 18.402, 18.759, 19.292, 19.512, 18.913, 18.629, 18.687, 18.706, 18.818, 19.178, 19.118, 19.17, 19.314, 19.297, 19.279, 19.206, 19.204, 19.166, 19.109, 19.137, 19.126, 19.125, 18.993, 18.904, 18.823, 18.966, 19.284, 19.612, 20.066, 20.34], [23.496, 23.752, 23.26, 22.418, 21.819, 21.696, 21.671, 21.676, 21.545, 21.536, 22.065, 22.548, 22.624, 22.293, 22.04, 21.987, 21.855, 21.509, 20.885, 20.213, 19.801, 19.828, 19.992, 19.79, 19.242, 17.996, 15.974, 14.729, 14.002, 13.233, 12.356, 11.944, 10.875, 7.772, 5.399, 3.009, 0.0, 2.91, 5.626, 7.505, 8.321, 8.651, 9.059, 10.066, 12.136, 13.383, 13.387, 13.534, 13.896, 14.246, 14.417, 14.708, 15.736, 16.719, 17.562, 17.986, 18.015, 18.391, 18.931, 19.197, 18.644, 18.373, 18.463, 18.527, 18.666, 19.028, 18.952, 18.995, 19.159, 19.19, 19.236, 19.203, 19.192, 19.135, 19.089, 19.147, 19.154, 19.155, 19.027, 18.944, 18.869, 19.025, 19.328, 19.618, 20.048, 20.316], [23.63, 23.892, 23.41, 22.626, 22.108, 22.011, 21.988, 21.991, 21.859, 21.846, 22.361, 22.818, 22.883, 22.546, 22.277, 22.212, 22.083, 21.752, 21.153, 20.5, 20.119, 20.163, 20.33, 20.157, 19.627, 18.416, 16.454, 15.241, 14.508, 13.731, 12.82, 12.404, 11.492, 8.708, 6.664, 4.935, 2.91, 0.0, 3.817, 6.335, 7.345, 7.762, 8.219, 9.385, 11.658, 12.979, 13.016, 13.264, 13.704, 14.125, 14.32, 14.597, 15.63, 16.649, 17.478, 17.892, 17.934, 18.341, 18.899, 19.178, 18.671, 18.442, 18.554, 18.657, 18.842, 19.22, 19.149, 19.196, 19.353, 19.385, 19.455, 19.461, 19.454, 19.397, 19.36, 19.431, 19.445, 19.448, 19.328, 19.248, 19.173, 19.33, 19.629, 19.898, 20.291, 20.542], [23.65, 23.921, 23.441, 22.683, 22.241, 22.181, 22.171, 22.179, 22.037, 22.024, 22.616, 23.11, 23.164, 22.802, 22.519, 22.461, 22.322, 21.946, 21.311, 20.665, 20.346, 20.47, 20.659, 20.53, 20.021, 18.866, 16.979, 15.851, 15.203, 14.49, 13.592, 13.142, 12.209, 9.549, 7.69, 6.549, 5.626, 3.817, 0.0, 3.347, 5.024, 5.744, 6.395, 7.871, 10.328, 11.761, 11.836, 12.278, 12.862, 13.328, 13.57, 13.857, 14.973, 16.087, 16.918, 17.331, 17.378, 17.87, 18.494, 18.737, 18.214, 17.988, 18.103, 18.222, 18.435, 18.866, 18.813, 18.876, 19.028, 19.053, 19.121, 19.136, 19.173, 19.164, 19.12, 19.172, 19.179, 19.183, 19.065, 18.975, 18.894, 19.066, 19.384, 19.651, 20.041, 20.295], [23.989, 24.256, 23.767, 22.994, 22.549, 22.506, 22.521, 22.555, 22.382, 22.401, 23.152, 23.73, 23.783, 23.412, 23.108, 23.061, 22.909, 22.484, 21.818, 21.184, 20.898, 21.079, 21.31, 21.238, 20.774, 19.697, 17.862, 16.779, 16.191, 15.563, 14.724, 14.293, 13.364, 10.904, 9.265, 8.271, 7.505, 6.335, 3.347, 0.0, 2.359, 3.585, 4.593, 6.256, 8.642, 10.108, 10.215, 10.853, 11.603, 12.065, 12.32, 12.627, 13.904, 15.141, 16.015, 16.449, 16.491, 17.068, 17.77, 18.0, 17.463, 17.282, 17.453, 17.589, 17.816, 18.297, 18.237, 18.318, 18.474, 18.503, 18.587, 18.596, 18.672, 18.718, 18.664, 18.698, 18.697, 18.7, 18.579, 18.47, 18.379, 18.567, 18.903, 19.186, 19.61, 19.883], [24.16, 24.423, 23.929, 23.152, 22.705, 22.675, 22.715, 22.77, 22.571, 22.608, 23.441, 24.061, 24.113, 23.739, 23.424, 23.377, 23.218, 22.783, 22.101, 21.475, 21.198, 21.391, 21.639, 21.589, 21.162, 20.14, 18.334, 17.257, 16.696, 16.125, 15.309, 14.881, 14.005, 11.652, 10.09, 9.092, 8.321, 7.345, 5.024, 2.359, 0.0, 1.922, 3.562, 5.256, 7.633, 9.187, 9.336, 10.126, 10.998, 11.497, 11.785, 12.123, 13.456, 14.706, 15.566, 16.008, 16.046, 16.65, 17.368, 17.613, 17.1, 16.964, 17.18, 17.332, 17.598, 18.122, 18.059, 18.166, 18.333, 18.362, 18.451, 18.446, 18.52, 18.572, 18.521, 18.546, 18.54, 18.543, 18.42, 18.309, 18.219, 18.397, 18.725, 19.01, 19.446, 19.724], [24.186, 24.44, 23.949, 23.184, 22.743, 22.717, 22.771, 22.86, 22.68, 22.717, 23.543, 24.159, 24.208, 23.831, 23.519, 23.471, 23.31, 22.886, 22.211, 21.598, 21.331, 21.519, 21.766, 21.724, 21.305, 20.308, 18.538, 17.481, 16.94, 16.401, 15.604, 15.184, 14.316, 11.94, 10.38, 9.415, 8.651, 7.762, 5.744, 3.585, 1.922, 0.0, 2.293, 4.594, 7.179, 8.833, 9.004, 9.818, 10.675, 11.231, 11.584, 11.96, 13.367, 14.646, 15.488, 15.916, 15.962, 16.571, 17.271, 17.509, 17.023, 16.882, 17.083, 17.242, 17.527, 18.055, 17.988, 18.101, 18.267, 18.305, 18.407, 18.423, 18.506, 18.557, 18.512, 18.552, 18.557, 18.562, 18.433, 18.323, 18.244, 18.434, 18.765, 19.038, 19.458, 19.732], [24.217, 24.463, 23.979, 23.232, 22.808, 22.792, 22.843, 22.955, 22.841, 22.896, 23.673, 24.262, 24.31, 23.943, 23.647, 23.6, 23.441, 23.016, 22.349, 21.763, 21.504, 21.687, 21.929, 21.88, 21.467, 20.501, 18.778, 17.731, 17.2, 16.669, 15.858, 15.435, 14.603, 12.281, 10.757, 9.827, 9.059, 8.219, 6.395, 4.593, 3.562, 2.293, 0.0, 3.25, 6.467, 8.365, 8.59, 9.431, 10.27, 10.922, 11.362, 11.781, 13.271, 14.592, 15.419, 15.822, 15.878, 16.483, 17.172, 17.412, 16.959, 16.841, 17.048, 17.212, 17.531, 18.074, 18.005, 18.131, 18.319, 18.379, 18.517, 18.57, 18.665, 18.739, 18.697, 18.746, 18.76, 18.767, 18.634, 18.521, 18.444, 18.639, 18.978, 19.243, 19.645, 19.907], [24.425, 24.652, 24.161, 23.435, 23.016, 22.995, 23.056, 23.171, 23.079, 23.206, 24.021, 24.608, 24.665, 24.323, 24.024, 23.975, 23.818, 23.378, 22.712, 22.156, 21.915, 22.118, 22.377, 22.327, 21.943, 21.035, 19.374, 18.339, 17.808, 17.288, 16.472, 16.041, 15.293, 13.133, 11.696, 10.78, 10.066, 9.385, 7.871, 6.256, 5.256, 4.594, 3.25, 0.0, 4.251, 6.925, 7.355, 8.432, 9.444, 10.247, 10.847, 11.399, 12.94, 14.192, 14.94, 15.328, 15.387, 16.028, 16.762, 17.061, 16.656, 16.637, 16.956, 17.145, 17.55, 18.168, 18.085, 18.278, 18.525, 18.591, 18.73, 18.762, 18.845, 18.925, 18.873, 18.913, 18.92, 18.929, 18.816, 18.713, 18.628, 18.79, 19.109, 19.367, 19.76, 20.01], [25.078, 25.295, 24.796, 24.093, 23.655, 23.569, 23.635, 23.738, 23.592, 23.764, 24.694, 25.334, 25.39, 25.083, 24.783, 24.737, 24.587, 24.168, 23.579, 23.095, 22.88, 23.111, 23.409, 23.394, 23.04, 22.217, 20.653, 19.639, 19.095, 18.613, 17.864, 17.47, 16.835, 14.967, 13.665, 12.797, 12.136, 11.658, 10.328, 8.642, 7.633, 7.179, 6.467, 4.251, 0.0, 3.596, 4.759, 6.542, 7.994, 8.934, 9.743, 10.401, 12.049, 13.243, 13.898, 14.293, 14.357, 15.048, 15.87, 16.226, 15.894, 16.114, 16.632, 16.858, 17.363, 18.08, 17.977, 18.237, 18.534, 18.587, 18.706, 18.707, 18.777, 18.861, 18.794, 18.816, 18.82, 18.833, 18.735, 18.629, 18.544, 18.702, 19.008, 19.265, 19.662, 19.914], [25.639, 25.867, 25.366, 24.693, 24.248, 24.123, 24.198, 24.304, 24.132, 24.307, 25.253, 25.913, 25.981, 25.705, 25.422, 25.38, 25.243, 24.862, 24.374, 23.973, 23.779, 24.005, 24.309, 24.291, 23.949, 23.174, 21.657, 20.63, 20.06, 19.622, 18.976, 18.627, 18.025, 16.21, 14.906, 14.033, 13.383, 12.979, 11.761, 10.108, 9.187, 8.833, 8.365, 6.925, 3.596, 0.0, 2.555, 5.303, 7.085, 8.017, 8.914, 9.563, 11.178, 12.427, 13.108, 13.539, 13.602, 14.278, 15.102, 15.508, 15.251, 15.685, 16.323, 16.542, 17.102, 17.878, 17.771, 18.083, 18.439, 18.512, 18.642, 18.644, 18.708, 18.8, 18.728, 18.732, 18.74, 18.753, 18.647, 18.536, 18.456, 18.626, 18.933, 19.188, 19.584, 19.836], [25.609, 25.845, 25.345, 24.674, 24.215, 24.081, 24.173, 24.283, 24.102, 24.276, 25.223, 25.894, 25.977, 25.703, 25.419, 25.378, 25.242, 24.844, 24.364, 23.984, 23.795, 24.028, 24.342, 24.323, 23.973, 23.189, 21.655, 20.616, 20.038, 19.625, 19.033, 18.709, 18.081, 16.233, 14.918, 14.035, 13.387, 13.016, 11.836, 10.215, 9.336, 9.004, 8.59, 7.355, 4.759, 2.555, 0.0, 3.632, 5.904, 6.931, 7.956, 8.64, 10.307, 11.664, 12.442, 12.923, 12.989, 13.687, 14.51, 14.936, 14.636, 15.021, 15.654, 15.854, 16.45, 17.28, 17.175, 17.553, 17.98, 18.095, 18.256, 18.259, 18.336, 18.448, 18.374, 18.367, 18.371, 18.385, 18.262, 18.148, 18.098, 18.313, 18.643, 18.9, 19.291, 19.548], [25.566, 25.803, 25.299, 24.621, 24.14, 23.962, 24.04, 24.136, 23.954, 24.131, 25.059, 25.72, 25.805, 25.557, 25.287, 25.243, 25.108, 24.731, 24.305, 23.954, 23.747, 23.967, 24.283, 24.24, 23.876, 23.106, 21.59, 20.552, 19.993, 19.643, 19.107, 18.787, 18.143, 16.272, 14.959, 14.117, 13.534, 13.264, 12.278, 10.853, 10.126, 9.818, 9.431, 8.432, 6.542, 5.303, 3.632, 0.0, 3.123, 4.997, 6.582, 7.412, 9.19, 10.65, 11.549, 12.084, 12.121, 12.853, 13.742, 14.226, 13.952, 14.442, 15.071, 15.231, 15.902, 16.776, 16.685, 17.118, 17.635, 17.816, 18.028, 18.033, 18.114, 18.264, 18.2, 18.212, 18.232, 18.251, 18.125, 17.994, 18.023, 18.407, 18.807, 19.079, 19.462, 19.709], [25.855, 26.088, 25.585, 24.917, 24.449, 24.245, 24.289, 24.374, 24.207, 24.383, 25.265, 25.895, 25.976, 25.748, 25.517, 25.477, 25.345, 25.004, 24.653, 24.362, 24.169, 24.375, 24.674, 24.603, 24.237, 23.498, 22.023, 21.003, 20.464, 20.136, 19.577, 19.236, 18.596, 16.614, 15.223, 14.407, 13.896, 13.704, 12.862, 11.603, 10.998, 10.675, 10.27, 9.444, 7.994, 7.085, 5.904, 3.123, 0.0, 3.263, 5.891, 6.94, 8.714, 10.236, 11.152, 11.674, 11.707, 12.468, 13.413, 13.939, 13.769, 14.395, 14.998, 15.163, 15.978, 16.872, 16.784, 17.264, 17.82, 18.036, 18.288, 18.324, 18.403, 18.566, 18.532, 18.594, 18.644, 18.669, 18.536, 18.405, 18.45, 18.891, 19.373, 19.687, 20.039, 20.253], [26.046, 26.293, 25.78, 25.089, 24.587, 24.366, 24.407, 24.49, 24.317, 24.497, 25.387, 26.039, 26.133, 25.902, 25.672, 25.641, 25.51, 25.165, 24.832, 24.566, 24.39, 24.601, 24.895, 24.815, 24.441, 23.709, 22.204, 21.137, 20.566, 20.237, 19.711, 19.407, 18.759, 16.802, 15.471, 14.706, 14.246, 14.125, 13.328, 12.065, 11.497, 11.231, 10.922, 10.247, 8.934, 8.017, 6.931, 4.997, 3.263, 0.0, 3.506, 5.111, 7.137, 9.056, 10.173, 10.75, 10.772, 11.622, 12.703, 13.232, 13.04, 13.811, 14.498, 14.618, 15.419, 16.307, 16.214, 16.757, 17.36, 17.581, 17.845, 17.892, 18.0, 18.201, 18.181, 18.266, 18.341, 18.371, 18.235, 18.111, 18.159, 18.618, 19.164, 19.577, 20.011, 20.241], [25.898, 26.154, 25.629, 24.911, 24.374, 24.137, 24.198, 24.279, 24.095, 24.283, 25.2, 25.884, 25.998, 25.76, 25.517, 25.49, 25.366, 25.015, 24.654, 24.354, 24.155, 24.363, 24.658, 24.567, 24.183, 23.429, 21.87, 20.761, 20.163, 19.838, 19.39, 19.159, 18.511, 16.729, 15.579, 14.88, 14.417, 14.32, 13.57, 12.32, 11.785, 11.584, 11.362, 10.847, 9.743, 8.914, 7.956, 6.582, 5.891, 3.506, 0.0, 2.767, 6.006, 8.576, 9.954, 10.593, 10.576, 11.458, 12.556, 13.014, 12.72, 13.463, 14.206, 14.258, 14.842, 15.657, 15.565, 16.085, 16.717, 16.936, 17.215, 17.265, 17.422, 17.672, 17.651, 17.733, 17.814, 17.848, 17.721, 17.602, 17.649, 18.137, 18.705, 19.212, 19.79, 20.072], [25.791, 26.046, 25.523, 24.805, 24.253, 24.007, 24.079, 24.157, 23.961, 24.163, 25.11, 25.799, 25.92, 25.687, 25.443, 25.422, 25.296, 24.947, 24.611, 24.325, 24.117, 24.326, 24.628, 24.548, 24.186, 23.449, 21.899, 20.799, 20.213, 19.908, 19.479, 19.256, 18.643, 16.959, 15.865, 15.186, 14.708, 14.597, 13.857, 12.627, 12.123, 11.96, 11.781, 11.399, 10.401, 9.563, 8.64, 7.412, 6.94, 5.111, 2.767, 0.0, 4.406, 7.593, 9.178, 9.871, 9.832, 10.702, 11.782, 12.209, 12.02, 13.046, 13.862, 13.911, 14.535, 15.406, 15.319, 15.847, 16.491, 16.705, 16.979, 17.023, 17.192, 17.462, 17.443, 17.509, 17.578, 17.609, 17.476, 17.346, 17.391, 17.903, 18.472, 18.991, 19.625, 19.934], [25.839, 26.085, 25.576, 24.901, 24.383, 24.157, 24.227, 24.312, 24.137, 24.332, 25.199, 25.831, 25.948, 25.729, 25.505, 25.482, 25.35, 25.023, 24.786, 24.591, 24.443, 24.654, 24.935, 24.847, 24.515, 23.863, 22.441, 21.384, 20.818, 20.567, 20.206, 19.99, 19.463, 17.903, 16.845, 16.169, 15.736, 15.63, 14.973, 13.904, 13.456, 13.367, 13.271, 12.94, 12.049, 11.178, 10.307, 9.19, 8.714, 7.137, 6.006, 4.406, 0.0, 4.147, 6.501, 7.372, 7.323, 8.379, 9.619, 10.109, 10.446, 12.418, 13.439, 13.471, 14.329, 15.325, 15.262, 15.901, 16.625, 16.836, 17.079, 17.126, 17.301, 17.601, 17.6, 17.676, 17.763, 17.798, 17.669, 17.552, 17.631, 18.181, 18.754, 19.238, 19.844, 20.141], [25.683, 25.913, 25.43, 24.8, 24.333, 24.138, 24.196, 24.281, 24.129, 24.315, 25.118, 25.701, 25.8, 25.589, 25.373, 25.341, 25.205, 24.886, 24.675, 24.54, 24.445, 24.642, 24.907, 24.839, 24.541, 23.967, 22.716, 21.783, 21.269, 21.057, 20.762, 20.554, 20.098, 18.727, 17.782, 17.122, 16.719, 16.649, 16.087, 15.141, 14.706, 14.646, 14.592, 14.192, 13.243, 12.427, 11.664, 10.65, 10.236, 9.056, 8.576, 7.593, 4.147, 0.0, 3.475, 4.771, 4.813, 6.198, 7.741, 8.344, 9.325, 12.18, 13.421, 13.452, 14.444, 15.5, 15.455, 16.2, 16.95, 17.166, 17.43, 17.487, 17.641, 17.964, 17.992, 18.09, 18.194, 18.23, 18.116, 18.02, 18.115, 18.666, 19.241, 19.686, 20.23, 20.498], [25.65, 25.866, 25.401, 24.814, 24.373, 24.18, 24.237, 24.326, 24.205, 24.397, 25.151, 25.688, 25.773, 25.564, 25.351, 25.308, 25.174, 24.863, 24.67, 24.594, 24.547, 24.732, 24.978, 24.928, 24.666, 24.15, 23.025, 22.19, 21.723, 21.529, 21.262, 21.062, 20.663, 19.424, 18.569, 17.953, 17.562, 17.478, 16.918, 16.015, 15.566, 15.488, 15.419, 14.94, 13.898, 13.108, 12.442, 11.549, 11.152, 10.173, 9.954, 9.178, 6.501, 3.475, 0.0, 1.798, 2.265, 4.086, 6.028, 6.924, 8.471, 11.905, 13.352, 13.509, 14.676, 15.765, 15.717, 16.496, 17.251, 17.489, 17.827, 17.93, 18.073, 18.403, 18.457, 18.563, 18.668, 18.704, 18.598, 18.523, 18.617, 19.147, 19.696, 20.099, 20.589, 20.826], [25.761, 25.964, 25.511, 24.951, 24.523, 24.324, 24.377, 24.465, 24.36, 24.55, 25.261, 25.768, 25.849, 25.643, 25.431, 25.387, 25.254, 24.948, 24.781, 24.743, 24.718, 24.901, 25.133, 25.084, 24.84, 24.357, 23.285, 22.484, 22.041, 21.861, 21.599, 21.403, 21.026, 19.815, 18.975, 18.374, 17.986, 17.892, 17.331, 16.449, 16.008, 15.916, 15.822, 15.328, 14.293, 13.539, 12.923, 12.084, 11.674, 10.75, 10.593, 9.871, 7.372, 4.771, 1.798, 0.0, 1.313, 3.534, 5.61, 6.574, 8.392, 12.017, 13.506, 13.722, 14.967, 16.049, 16.006, 16.798, 17.55, 17.795, 18.147, 18.271, 18.424, 18.768, 18.829, 18.935, 19.042, 19.081, 18.975, 18.905, 19.002, 19.528, 20.059, 20.432, 20.89, 21.109], [25.761, 25.966, 25.512, 24.948, 24.518, 24.326, 24.378, 24.464, 24.358, 24.551, 25.267, 25.775, 25.859, 25.656, 25.444, 25.398, 25.263, 24.953, 24.777, 24.728, 24.698, 24.885, 25.121, 25.068, 24.827, 24.35, 23.276, 22.47, 22.026, 21.849, 21.586, 21.383, 21.007, 19.818, 19.0, 18.402, 18.015, 17.934, 17.378, 16.491, 16.046, 15.962, 15.878, 15.387, 14.357, 13.602, 12.989, 12.121, 11.707, 10.772, 10.576, 9.832, 7.323, 4.813, 2.265, 1.313, 0.0, 2.885, 5.27, 6.342, 8.188, 11.856, 13.363, 13.581, 14.836, 15.93, 15.88, 16.669, 17.443, 17.702, 18.058, 18.165, 18.33, 18.695, 18.752, 18.854, 18.966, 19.008, 18.907, 18.836, 18.935, 19.468, 19.998, 20.379, 20.847, 21.07], [25.7, 25.898, 25.453, 24.92, 24.511, 24.339, 24.395, 24.482, 24.393, 24.589, 25.281, 25.776, 25.862, 25.663, 25.448, 25.398, 25.258, 24.952, 24.785, 24.76, 24.756, 24.95, 25.166, 25.116, 24.904, 24.458, 23.437, 22.665, 22.246, 22.082, 21.828, 21.627, 21.275, 20.132, 19.339, 18.759, 18.391, 18.341, 17.87, 17.068, 16.65, 16.571, 16.483, 16.028, 15.048, 14.278, 13.687, 12.853, 12.468, 11.622, 11.458, 10.702, 8.379, 6.198, 4.086, 3.534, 2.885, 0.0, 3.28, 5.146, 7.331, 11.385, 12.988, 13.235, 14.629, 15.782, 15.739, 16.597, 17.45, 17.724, 18.097, 18.204, 18.335, 18.686, 18.756, 18.863, 18.986, 19.03, 18.922, 18.871, 18.963, 19.474, 20.008, 20.399, 20.867, 21.087], [25.691, 25.877, 25.442, 24.952, 24.577, 24.421, 24.501, 24.591, 24.501, 24.705, 25.378, 25.867, 25.963, 25.761, 25.537, 25.479, 25.334, 25.023, 24.867, 24.884, 24.914, 25.113, 25.316, 25.276, 25.105, 24.695, 23.729, 23.019, 22.645, 22.53, 22.319, 22.132, 21.792, 20.665, 19.866, 19.292, 18.931, 18.899, 18.494, 17.77, 17.368, 17.271, 17.172, 16.762, 15.87, 15.102, 14.51, 13.742, 13.413, 12.703, 12.556, 11.782, 9.619, 7.741, 6.028, 5.61, 5.27, 3.28, 0.0, 3.131, 6.09, 10.328, 12.064, 12.468, 14.125, 15.38, 15.332, 16.299, 17.297, 17.639, 18.09, 18.265, 18.353, 18.664, 18.772, 18.934, 19.09, 19.133, 19.01, 18.97, 19.07, 19.583, 20.112, 20.475, 20.923, 21.14], [25.611, 25.798, 25.377, 24.883, 24.498, 24.334, 24.432, 24.53, 24.418, 24.619, 25.32, 25.815, 25.909, 25.707, 25.488, 25.43, 25.282, 24.948, 24.774, 24.778, 24.782, 24.974, 25.198, 25.192, 25.025, 24.621, 23.674, 23.001, 22.645, 22.544, 22.363, 22.186, 21.85, 20.78, 20.022, 19.512, 19.197, 19.178, 18.737, 18.0, 17.613, 17.509, 17.412, 17.061, 16.226, 15.508, 14.936, 14.226, 13.939, 13.232, 13.014, 12.209, 10.109, 8.344, 6.924, 6.574, 6.342, 5.146, 3.131, 0.0, 4.556, 9.529, 11.361, 11.889, 13.638, 14.91, 14.863, 15.862, 16.882, 17.245, 17.701, 17.875, 17.993, 18.345, 18.496, 18.703, 18.883, 18.934, 18.