[[0.0, 2.815, 5.444, 6.197, 6.939, 8.913, 9.006, 9.052, 8.827, 11.22, 14.049, 14.011, 14.537, 15.47, 16.389, 16.828, 17.778, 18.28, 18.259, 18.405, 20.883, 22.175, 21.135, 21.388, 21.579, 21.706, 22.026, 22.151, 21.849, 22.109, 22.929, 22.851, 23.102, 23.422, 23.482, 23.267, 23.117, 23.399, 23.804, 23.417, 23.008, 23.345, 23.643, 23.712, 23.376, 23.713, 23.552, 22.861, 23.325, 23.161, 22.935, 23.362, 23.605, 23.824, 23.767, 24.142, 24.803, 24.815, 24.819, 25.287, 26.346, 27.263, 27.447, 27.588, 27.983, 28.253, 28.29, 28.146, 28.249, 28.205, 27.694, 27.612, 27.481, 27.77, 27.825, 27.389, 27.797, 27.457, 26.972, 26.617, 26.652, 26.753, 26.255, 26.213, 26.422, 26.487], [2.815, 0.0, 3.244, 4.398, 5.102, 7.211, 7.379, 7.881, 7.745, 10.143, 12.926, 13.071, 13.844, 14.487, 15.235, 15.677, 16.676, 17.193, 17.218, 17.301, 19.629, 20.904, 19.889, 20.166, 20.344, 20.458, 20.8, 20.925, 20.642, 20.932, 21.776, 21.649, 21.891, 22.222, 22.328, 22.231, 22.18, 22.558, 23.034, 22.704, 22.302, 22.591, 22.895, 22.969, 22.603, 22.899, 22.736, 22.052, 22.482, 22.307, 22.076, 22.544, 22.932, 23.301, 23.297, 23.652, 24.3, 24.296, 24.286, 24.735, 25.748, 26.698, 26.882, 26.995, 27.414, 27.678, 27.658, 27.473, 27.57, 27.501, 26.92, 26.8, 26.67, 26.996, 27.125, 26.701, 27.121, 26.776, 26.312, 25.962, 25.983, 26.059, 25.54, 25.487, 25.701, 25.77], [5.444, 3.244, 0.0, 1.919, 3.369, 5.483, 5.644, 6.479, 6.707, 9.307, 12.178, 12.63, 13.647, 13.946, 14.324, 14.681, 15.659, 16.18, 16.289, 16.366, 18.452, 19.714, 18.824, 19.13, 19.221, 19.235, 19.543, 19.622, 19.314, 19.614, 20.462, 20.311, 20.598, 20.945, 21.046, 21.02, 21.114, 21.633, 22.189, 21.919, 21.528, 21.77, 22.068, 22.16, 21.816, 22.079, 21.89, 21.248, 21.667, 21.475, 21.27, 21.792, 22.31, 22.84, 22.929, 23.266, 23.885, 23.84, 23.808, 24.258, 25.201, 26.126, 26.312, 26.432, 26.901, 27.163, 27.067, 26.83, 26.94, 26.874, 26.234, 26.069, 25.94, 26.311, 26.56, 26.212, 26.621, 26.178, 25.648, 25.281, 25.297, 25.323, 24.774, 24.719, 24.91, 24.94], [6.197, 4.398, 1.919, 0.0, 2.744, 5.217, 5.495, 6.252, 6.495, 9.229, 12.177, 12.672, 13.677, 13.982, 14.309, 14.633, 15.536, 16.035, 16.153, 16.226, 18.349, 19.648, 18.771, 19.097, 19.185, 19.167, 19.45, 19.542, 19.238, 19.528, 20.383, 20.239, 20.563, 20.929, 21.027, 20.992, 21.122, 21.697, 22.269, 21.978, 21.576, 21.821, 22.112, 22.211, 21.881, 22.134, 21.937, 21.321, 21.751, 21.557, 21.364, 21.872, 22.373, 22.92, 23.028, 23.386, 24.01, 23.951, 23.911, 24.361, 25.281, 26.17, 26.367, 26.517, 26.998, 27.262, 27.156, 26.917, 27.034, 26.973, 26.33, 26.156, 26.026, 26.401, 26.657, 26.315, 26.724, 26.271, 25.723, 25.356, 25.375, 25.392, 24.849, 24.798, 24.979, 25.0], [6.939, 5.102, 3.369, 2.744, 0.0, 3.228, 3.991, 5.506, 5.811, 8.028, 10.821, 11.274, 12.392, 12.668, 13.092, 13.456, 14.534, 15.197, 15.308, 15.374, 17.603, 18.995, 18.026, 18.322, 18.494, 18.574, 18.89, 18.99, 18.74, 19.076, 19.967, 19.834, 20.171, 20.547, 20.654, 20.641, 20.802, 21.483, 22.2, 22.007, 21.593, 21.797, 22.086, 22.173, 21.796, 22.0, 21.796, 21.144, 21.529, 21.34, 21.133, 21.621, 22.143, 22.729, 22.831, 23.151, 23.771, 23.745, 23.718, 24.134, 25.007, 25.909, 26.106, 26.241, 26.724, 26.979, 26.859, 26.612, 26.734, 26.67, 26.0, 25.803, 25.652, 26.022, 26.231, 25.821, 26.235, 25.836, 25.337, 24.98, 24.992, 25.043, 24.527, 24.468, 24.661, 24.698], [8.913, 7.211, 5.483, 5.217, 3.228, 0.0, 2.05, 4.765, 5.358, 6.797, 9.367, 10.187, 11.694, 11.79, 11.982, 12.341, 13.535, 14.336, 14.481, 14.676, 16.825, 18.291, 17.419, 17.652, 17.79, 17.891, 18.228, 18.253, 17.994, 18.386, 19.269, 19.14, 19.488, 19.886, 19.99, 19.998, 20.178, 20.925, 21.775, 21.784, 21.465, 21.608, 21.885, 21.976, 21.611, 21.754, 21.501, 20.866, 21.214, 21.032, 20.833, 21.336, 21.93, 22.566, 22.696, 22.939, 23.49, 23.475, 23.46, 23.852, 24.642, 25.532, 25.735, 25.848, 26.335, 26.568, 26.417, 26.141, 26.281, 26.237, 25.544, 25.328, 25.162, 25.532, 25.746, 25.367, 25.768, 25.354, 24.864, 24.505, 24.514, 24.572, 24.072, 24.002, 24.172, 24.185], [9.006, 7.379, 5.644, 5.495, 3.991, 2.05, 0.0, 3.558, 4.39, 6.224, 9.303, 10.248, 11.764, 11.881, 11.929, 12.164, 13.297, 14.094, 14.226, 14.431, 16.672, 18.221, 17.36, 17.568, 17.675, 17.772, 18.11, 18.104, 17.74, 18.141, 19.055, 18.989, 19.413, 19.823, 19.913, 19.896, 20.056, 20.789, 21.635, 21.68, 21.439, 21.608, 21.886, 21.999, 21.65, 21.796, 21.526, 20.895, 21.269, 21.084, 20.903, 21.433, 22.039, 22.671, 22.796, 23.024, 23.547, 23.539, 23.529, 23.9, 24.666, 25.545, 25.752, 25.842, 26.314, 26.548, 26.4, 26.122, 26.27, 26.251, 25.594, 25.403, 25.24, 25.604, 25.819, 25.476, 25.865, 25.371, 24.785, 24.396, 24.413, 24.464, 23.955, 23.893, 24.056, 24.043], [9.052, 7.881, 6.479, 6.252, 5.506, 4.765, 3.558, 0.0, 1.747, 4.844, 8.951, 10.212, 11.655, 12.143, 12.266, 12.457, 13.22, 13.862, 13.99, 14.498, 17.226, 19.001, 18.192, 18.37, 18.432, 18.462, 18.789, 18.785, 18.331, 18.666, 19.512, 19.565, 20.17, 20.659, 20.747, 20.605, 20.623, 21.183, 21.904, 21.834, 21.585, 21.84, 22.128, 22.231, 21.887, 22.036, 21.684, 21.049, 21.564, 21.389, 21.241, 21.809, 22.275, 22.703, 22.765, 23.026, 23.549, 23.533, 23.538, 23.965, 24.847, 25.693, 25.897, 25.993, 26.43, 26.689, 26.599, 26.348, 26.523, 26.557, 26.005, 25.917, 25.768, 26.119, 26.273, 25.973, 26.397, 25.836, 25.108, 24.674, 24.729, 24.776, 24.234, 24.189, 24.346, 24.274], [8.827, 7.745, 6.707, 6.495, 5.811, 5.358, 4.39, 1.747, 0.0, 4.517, 8.915, 10.178, 11.612, 12.256, 12.565, 12.827, 13.513, 14.051, 14.125, 14.663, 17.555, 19.355, 18.505, 18.697, 18.786, 18.834, 19.177, 19.224, 18.799, 19.138, 20.01, 20.058, 20.65, 21.14, 21.245, 21.092, 21.046, 21.528, 22.208, 22.11, 21.86, 22.153, 22.457, 22.557, 22.205, 22.356, 22.009, 21.363, 21.887, 21.718, 21.553, 22.108, 22.53, 22.884, 22.911, 23.198, 23.739, 23.725, 23.736, 24.175, 25.1, 25.95, 26.155, 26.251, 26.655, 26.912, 26.858, 26.628, 26.794, 26.824, 26.3, 26.241, 26.093, 26.43, 26.543, 26.216, 26.666, 26.138, 25.405, 24.972, 25.033, 25.101, 24.571, 24.529, 24.704, 24.655], [11.22, 10.143, 9.307, 9.229, 8.028, 6.797, 6.224, 4.844, 4.517, 0.0, 5.232, 7.572, 9.826, 10.723, 11.132, 11.45, 12.127, 12.807, 12.859, 13.613, 16.801, 18.864, 18.066, 18.19, 18.374, 18.53, 18.925, 18.909, 18.494, 18.728, 19.458, 19.677, 20.374, 20.921, 21.075, 20.956, 20.872, 21.344, 22.127, 22.202, 22.014, 22.246, 22.54, 22.62, 22.173, 22.221, 21.869, 21.203, 21.682, 21.519, 21.382, 21.955, 22.381, 22.701, 22.7, 22.924, 23.419, 23.452, 23.484, 23.867, 24.723, 25.594, 25.774, 25.814, 26.209, 26.416, 26.306, 26.058, 26.239, 26.251, 25.717, 25.663, 25.485, 25.812, 25.828, 25.47, 25.939, 25.494, 24.901, 24.524, 24.587, 24.679, 24.172, 24.112, 24.266, 24.167], [14.049, 12.926, 12.178, 12.177, 10.821, 9.367, 9.303, 8.951, 8.915, 5.232, 0.0, 4.297, 7.808, 8.712, 9.395, 9.953, 10.599, 11.38, 11.465, 12.457, 15.617, 17.669, 16.951, 16.988, 17.338, 17.799, 18.267, 18.217, 17.924, 18.19, 18.778, 18.963, 19.639, 20.226, 20.481, 20.475, 20.411, 20.924, 21.825, 22.048, 21.808, 21.897, 22.173, 22.236, 21.731, 21.71, 21.42, 20.721, 21.07, 20.912, 20.741, 21.316, 21.843, 22.217, 22.214, 22.406, 22.913, 23.028, 23.07, 23.363, 24.119, 25.033, 25.194, 25.187, 25.616, 25.781, 25.572, 25.273, 25.451, 25.4, 24.774, 24.69, 24.49, 24.845, 24.852, 24.456, 24.947, 24.651, 24.321, 24.033, 24.049, 24.162, 23.69, 23.601, 23.773, 23.699], [14.011, 13.071, 12.63, 12.672, 11.274, 10.187, 10.248, 10.212, 10.178, 7.572, 4.297, 0.0, 4.279, 6.015, 7.561, 8.407, 9.508, 10.54, 10.526, 11.519, 15.063, 17.09, 16.097, 16.163, 16.734, 17.489, 17.971, 17.938, 17.748, 18.15, 18.871, 19.01, 19.597, 20.172, 20.427, 20.377, 20.326, 20.91, 21.863, 22.031, 21.69, 21.773, 22.045, 22.101, 21.618, 21.76, 21.586, 20.769, 21.044, 20.883, 20.67, 21.224, 21.741, 22.129, 22.094, 22.323, 22.938, 23.133, 23.187, 23.457, 24.197, 25.112, 25.261, 25.274, 25.73, 25.907, 25.708, 25.429, 25.586, 25.526, 24.875, 24.738, 24.529, 24.896, 24.902, 24.423, 24.906, 24.735, 24.524, 24.253, 24.247, 24.428, 24.01, 23.93, 24.148, 24.155], [14.537, 13.844, 13.647, 13.677, 12.392, 11.694, 11.764, 11.655, 11.612, 9.826, 7.808, 4.279, 0.0, 3.865, 6.643, 7.76, 9.131, 10.321, 10.26, 11.205, 15.054, 17.155, 15.987, 16.072, 16.777, 17.7, 18.16, 18.126, 17.958, 18.42, 19.223, 19.367, 19.936, 20.528, 20.755, 20.582, 20.511, 21.135, 22.079, 22.172, 21.786, 21.896, 22.155, 22.173, 21.652, 21.892, 21.797, 20.924, 21.2, 21.043, 20.834, 21.39, 21.835, 22.177, 22.101, 22.337, 22.985, 23.222, 23.318, 23.6, 24.352, 25.24, 25.379, 25.419, 25.884, 26.104, 25.967, 25.725, 25.884, 25.862, 25.237, 25.091, 24.877, 25.235, 25.211, 24.693, 25.179, 25.069, 24.907, 24.645, 24.642, 24.875, 24.491, 24.435, 24.68, 24.7], [15.47, 14.487, 13.946, 13.982, 12.668, 11.79, 11.881, 12.143, 12.256, 10.723, 8.712, 6.015, 3.865, 0.0, 4.027, 5.871, 7.676, 9.038, 9.15, 9.802, 12.884, 14.866, 13.839, 14.011, 14.766, 15.786, 16.267, 16.205, 16.144, 16.719, 17.553, 17.556, 18.059, 18.654, 18.879, 18.796, 18.874, 19.703, 20.787, 21.011, 20.668, 20.699, 20.953, 20.973, 20.412, 20.584, 20.523, 19.718, 19.926, 19.759, 19.564, 20.179, 20.862, 21.475, 21.514, 21.717, 22.35, 22.566, 22.657, 22.922, 23.539, 24.428, 24.555, 24.576, 25.098, 25.295, 25.034, 24.718, 24.863, 24.795, 24.037, 23.812, 23.622, 24.043, 24.191, 23.751, 24.244, 24.109, 23.99, 23.757, 23.718, 23.894, 23.498, 23.434, 23.692, 23.723], [16.389, 15.235, 14.324, 14.309, 13.092, 11.982, 11.929, 12.266, 12.565, 11.132, 9.395, 7.561, 6.643, 4.027, 0.0, 3.155, 6.041, 7.937, 8.422, 8.953, 11.138, 13.244, 12.726, 13.062, 13.721, 14.589, 15.017, 14.812, 14.734, 15.406, 16.259, 16.216, 16.658, 17.22, 17.416, 17.37, 17.484, 18.407, 19.594, 19.934, 19.736, 19.761, 19.99, 20.072, 19.673, 19.862, 19.735, 19.024, 19.232, 19.081, 18.944, 19.56, 20.363, 21.146, 21.308, 21.444, 21.995, 22.153, 22.217, 22.519, 23.004, 23.81, 23.958, 24.018, 24.576, 24.72, 24.345, 23.961, 24.117, 24.046, 23.225, 22.986, 22.854, 23.326, 23.625, 23.344, 23.822, 23.524, 23.249, 22.975, 22.934, 23.017, 22.614, 22.549, 22.761, 22.788], [16.828, 15.677, 14.681, 14.633, 13.456, 12.341, 12.164, 12.457, 12.827, 11.45, 9.953, 8.407, 7.76, 5.871, 3.155, 0.0, 4.519, 7.276, 7.839, 8.447, 10.998, 13.32, 12.853, 13.192, 13.848, 14.691, 15.05, 14.743, 14.528, 15.148, 16.04, 16.099, 16.629, 17.195, 17.398, 17.286, 17.301, 18.201, 19.442, 19.83, 19.69, 19.765, 19.979, 20.099, 19.794, 19.967, 19.792, 19.085, 19.291, 19.183, 19.041, 19.568, 20.361, 21.156, 21.318, 21.442, 21.953, 22.094, 22.162, 22.431, 22.846, 23.589, 23.752, 23.805, 24.351, 24.479, 24.072, 23.67, 23.859, 23.856, 23.095, 22.886, 22.746, 23.213, 23.485, 23.224, 23.661, 23.205, 22.758, 22.445, 22.428, 22.522, 22.155, 22.105, 22.306, 22.335], [17.778, 16.676, 15.659, 15.536, 14.534, 13.535, 13.297, 13.22, 13.513, 12.127, 10.599, 9.508, 9.131, 7.676, 6.041, 4.519, 0.0, 3.548, 4.445, 5.585, 9.598, 12.469, 12.074, 12.299, 12.974, 13.99, 14.373, 14.082, 13.862, 14.518, 15.333, 15.528, 16.301, 16.954, 17.194, 16.985, 16.907, 17.761, 18.968, 19.317, 19.159, 19.25, 19.473, 19.587, 19.241, 19.35, 19.115, 18.418, 18.676, 18.611, 18.624, 19.224, 19.988, 20.737, 20.858, 21.009, 21.503, 21.639, 21.732, 21.948, 22.352, 23.073, 23.229, 23.281, 23.852, 24.001, 23.575, 23.147, 23.35, 23.398, 22.697, 22.525, 22.341, 22.825, 23.109, 22.863, 23.291, 22.761, 22.253, 21.949, 21.955, 22.041, 21.641, 21.598, 21.816, 21.789], [18.28, 17.193, 16.18, 16.035, 15.197, 14.336, 14.094, 13.862, 14.051, 12.807, 11.38, 10.54, 10.321, 9.038, 7.937, 7.276, 3.548, 0.0, 2.172, 4.346, 9.056, 12.141, 11.845, 11.999, 12.621, 13.691, 14.139, 13.934, 13.776, 14.467, 15.236, 15.444, 16.258, 16.931, 17.185, 16.963, 16.877, 17.681, 18.781, 19.05, 18.872, 18.971, 19.216, 19.323, 18.95, 19.052, 18.787, 18.118, 18.439, 18.379, 18.51, 19.242, 19.973, 20.629, 20.715, 20.904, 21.407, 21.534, 21.642, 21.879, 22.373, 23.104, 23.255, 23.344, 23.932, 24.126, 23.753, 23.334, 23.513, 23.562, 22.881, 22.722, 22.53, 23.021, 23.336, 23.117, 23.573, 23.047, 22.527, 22.227, 22.244, 22.308, 21.858, 21.809, 22.039, 21.986], [18.259, 17.218, 16.289, 16.153, 15.308, 14.481, 14.226, 13.99, 14.125, 12.859, 11.465, 10.526, 10.26, 9.15, 8.422, 7.839, 4.445, 2.172, 0.0, 3.606, 9.483, 12.568, 12.012, 12.147, 12.829, 13.958, 14.411, 14.221, 14.034, 14.701, 15.514, 15.793, 16.644, 17.328, 17.611, 17.375, 17.261, 18.046, 19.142, 19.419, 19.244, 19.375, 19.637, 19.738, 19.322, 19.424, 19.18, 18.455, 18.759, 18.692, 18.77, 19.478, 20.2, 20.826, 20.862, 21.08, 21.601, 21.74, 21.851, 22.056, 22.56, 23.313, 23.452, 23.5, 24.046, 24.246, 23.923, 23.545, 23.715, 23.796, 23.169, 23.001, 22.776, 23.231, 23.474, 23.188, 23.634, 23.164, 22.683, 22.394, 22.425, 22.567, 22.158, 22.11, 22.363, 22.323], [18.405, 17.301, 16.366, 16.226, 15.374, 14.676, 14.431, 14.498, 14.663, 13.613, 12.457, 11.519, 11.205, 9.802, 8.953, 8.447, 5.585, 4.346, 3.606, 0.0, 7.141, 10.503, 9.829, 10.095, 10.984, 12.379, 12.877, 12.718, 12.58, 13.288, 14.214, 14.491, 15.335, 15.975, 16.234, 16.045, 16.067, 17.156, 18.449, 18.807, 18.687, 18.809, 19.079, 19.225, 18.762, 18.833, 18.707, 17.93, 18.077, 18.018, 18.177, 18.898, 19.818, 20.805, 20.932, 21.092, 21.617, 21.757, 21.848, 21.987, 22.333, 23.101, 23.253, 23.293, 23.871, 24.015, 23.559, 23.13, 23.263, 23.27, 22.504, 22.203, 21.961, 22.434, 22.746, 22.371, 22.783, 22.373, 22.021, 21.801, 21.794, 21.933, 21.547, 21.499, 21.785, 21.772], [20.883, 19.629, 18.452, 18.349, 17.603, 16.825, 16.672, 17.226, 17.555, 16.801, 15.617, 15.063, 15.054, 12.884, 11.138, 10.998, 9.598, 9.056, 9.483, 7.141, 0.0, 4.595, 6.331, 7.223, 8.141, 9.628, 10.073, 9.823, 10.099, 11.077, 11.925, 11.745, 12.195, 12.625, 12.739, 12.8, 13.231, 14.888, 16.532, 17.232, 17.281, 17.205, 17.433, 17.648, 17.285, 17.227, 17.236, 16.707, 16.566, 16.551, 16.949, 17.751, 19.068, 20.633, 21.072, 21.064, 21.48, 21.541, 21.579, 21.752, 21.773, 22.436, 22.601, 22.711, 23.395, 23.388, 22.586, 21.977, 22.038, 21.849, 20.714, 20.205, 20.067, 20.674, 21.439, 21.292, 21.691, 21.268, 21.107, 21.019, 20.875, 20.743, 20.303, 20.213, 20.452, 20.46], [22.175, 20.904, 19.714, 19.648, 18.995, 18.291, 18.221, 19.001, 19.355, 18.864, 17.669, 17.09, 17.155, 14.866, 13.244, 13.32, 12.469, 12.141, 12.568, 10.503, 4.595, 0.0, 4.325, 5.777, 6.74, 8.351, 8.746, 8.577, 9.233, 10.452, 11.308, 10.776, 11.019, 11.406, 11.607, 12.071, 13.018, 15.056, 16.836, 17.666, 17.643, 17.383, 17.59, 17.829, 17.402, 17.249, 17.395, 16.916, 16.59, 16.537, 16.896, 17.803, 19.437, 21.232, 21.789, 21.824, 22.273, 22.329, 22.329, 22.511, 22.447, 23.118, 23.249, 23.316, 24.047, 23.982, 23.001, 22.279, 22.292, 21.991, 20.673, 20.04, 19.929, 20.639, 21.705, 21.659, 22.027, 21.641, 21.651, 21.64, 21.4, 21.17, 20.697, 20.583, 20.838, 20.88], [21.135, 19.889, 18.824, 18.771, 18.026, 17.419, 17.36, 18.192, 18.505, 18.066, 16.951, 16.097, 15.987, 13.839, 12.726, 12.853, 12.074, 11.845, 12.012, 9.829, 6.331, 4.325, 0.0, 2.548, 4.704, 7.063, 7.7, 7.88, 8.654, 9.949, 11.095, 10.814, 11.39, 12.001, 12.329, 12.85, 14.045, 16.288, 18.101, 18.823, 18.669, 18.426, 18.671, 18.914, 18.325, 18.185, 18.35, 17.635, 17.318, 17.192, 17.387, 18.394, 20.112, 21.862, 22.314, 22.406, 22.956, 23.085, 23.091, 23.268, 23.352, 24.114, 24.202, 24.2, 24.94, 24.954, 24.067, 23.368, 23.397, 23.131, 21.855, 21.202, 21.016, 21.705, 22.623, 22.378, 22.708, 22.36, 22.368, 22.324, 22.105, 22.022, 21.551, 21.45, 21.755, 21.792], [21.388, 20.166, 19.13, 19.097, 18.322, 17.652, 17.568, 18.37, 18.697, 18.19, 16.988, 16.163, 16.072, 14.011, 13.062, 13.192, 12.299, 11.999, 12.147, 10.095, 7.223, 5.777, 2.548, 0.0, 3.295, 6.468, 7.265, 7.526, 8.318, 9.685, 10.843, 10.637, 11.41, 12.153, 12.537, 13.122, 14.414, 16.721, 18.571, 19.34, 19.186, 18.921, 19.185, 19.424, 18.777, 18.578, 18.725, 17.988, 17.672, 17.531, 17.697, 18.746, 20.483, 22.195, 22.613, 22.679, 23.216, 23.398, 23.437, 23.598, 23.715, 24.51, 24.598, 24.571, 25.311, 25.353, 24.494, 23.802, 23.843, 23.571, 22.291, 21.629, 21.404, 22.064, 22.924, 22.63, 22.936, 22.604, 22.642, 22.598, 22.378, 22.328, 21.849, 21.75, 22.067, 22.076], [21.579, 20.344, 19.221, 19.185, 18.494, 17.79, 17.675, 18.432, 18.786, 18.374, 17.338, 16.734, 16.777, 14.766, 13.721, 13.848, 12.974, 12.621, 12.829, 10.984, 8.141, 6.74, 4.704, 3.295, 0.0, 3.946, 5.038, 5.674, 6.806, 8.381, 9.774, 9.567, 10.549, 11.433, 11.847, 12.539, 14.006, 16.42, 18.303, 19.12, 19.024, 18.768, 19.034, 19.266, 18.604, 18.38, 18.483, 17.763, 17.487, 17.333, 17.523, 18.651, 20.433, 22.166, 22.612, 22.686, 23.218, 23.391, 23.495, 23.713, 23.825, 24.599, 24.689, 24.681, 25.42, 25.469, 24.59, 23.878, 23.927, 23.647, 22.345, 21.669, 21.434, 22.1, 23.009, 22.766, 23.055, 22.668, 22.696, 22.668, 22.447, 22.356, 21.838, 21.725, 22.02, 21.983], [21.706, 20.458, 19.235, 19.167, 18.574, 17.891, 17.772, 18.462, 18.834, 18.53, 17.799, 17.489, 17.7, 15.786, 14.589, 14.691, 13.99, 13.691, 13.958, 12.379, 9.628, 8.351, 7.063, 6.468, 3.946, 0.0, 1.926, 3.756, 5.54, 7.147, 8.725, 8.63, 9.749, 10.736, 11.154, 11.954, 13.67, 16.236, 18.103, 18.899, 18.847, 18.627, 18.889, 19.134, 18.486, 18.217, 18.212, 17.5, 17.283, 17.114, 17.326, 18.527, 20.375, 22.155, 22.651, 22.734, 23.274, 23.375, 23.491, 23.855, 23.978, 24.688, 24.77, 24.795, 25.539, 25.574, 24.664, 23.904, 23.953, 23.683, 22.34, 21.629, 21.414, 22.124, 23.121, 22.967, 23.247, 22.757, 22.705, 22.69, 22.491, 22.325, 21.754, 21.629, 21.87, 21.775], [22.026, 20.8, 19.543, 19.45, 18.89, 18.228, 18.11, 18.789, 19.177, 18.925, 18.267, 17.971, 18.16, 16.267, 15.017, 15.05, 14.373, 14.139, 14.411, 12.877, 10.073, 8.746, 7.7, 7.265, 5.038, 1.926, 0.0, 2.851, 5.045, 6.68, 8.31, 8.256, 9.376, 10.333, 10.734, 11.557, 13.394, 16.06, 17.951, 18.762, 18.726, 18.513, 18.767, 19.026, 18.431, 18.158, 18.139, 17.474, 17.254, 17.098, 17.331, 18.48, 20.302, 22.097, 22.614, 22.698, 23.234, 23.314, 23.415, 23.791, 23.876, 24.53, 24.61, 24.654, 25.407, 25.442, 24.526, 23.758, 23.809, 23.564, 22.222, 21.484, 21.272, 21.989, 23.031, 22.929, 23.196, 22.657, 22.575, 22.571, 22.374, 22.176, 21.616, 21.493, 21.712, 21.622], [22.151, 20.925, 19.622, 19.542, 18.99, 18.253, 18.104, 18.785, 19.224, 18.909, 18.217, 17.938, 18.126, 16.205, 14.812, 14.743, 14.082, 13.934, 14.221, 12.718, 9.823, 8.577, 7.88, 7.526, 5.674, 3.756, 2.851, 0.0, 2.899, 5.118, 6.945, 7.015, 8.227, 9.233, 9.631, 10.415, 12.313, 15.117, 17.131, 18.054, 18.083, 17.878, 18.13, 18.398, 17.848, 17.592, 17.561, 16.92, 16.691, 16.533, 16.79, 17.913, 19.726, 21.558, 22.106, 22.173, 22.71, 22.804, 22.916, 23.304, 23.364, 24.056, 24.167, 24.211, 24.984, 24.995, 24.05, 23.276, 23.347, 23.149, 21.823, 21.086, 20.896, 21.605, 22.649, 22.612, 22.888, 22.327, 22.239, 22.233, 22.042, 21.84, 21.303, 21.181, 21.382, 21.292], [21.849, 20.642, 19.314, 19.238, 18.74, 17.994, 17.74, 18.331, 18.799, 18.494, 17.924, 17.748, 17.958, 16.144, 14.734, 14.528, 13.862, 13.776, 14.034, 12.58, 10.099, 9.233, 8.654, 8.318, 6.806, 5.54, 5.045, 2.899, 0.0, 3.403, 5.823, 6.147, 7.744, 8.875, 9.257, 9.926, 11.756, 14.578, 16.633, 17.605, 17.732, 17.596, 17.864, 18.144, 17.59, 17.329, 17.268, 16.633, 16.458, 16.285, 16.526, 17.661, 19.45, 21.259, 21.802, 21.873, 22.405, 22.503, 22.627, 23.028, 23.107, 23.852, 24.036, 24.068, 24.812, 24.809, 23.883, 23.127, 23.231, 23.089, 21.826, 21.146, 20.969, 21.656, 22.63, 22.578, 22.855, 22.222, 22.033, 21.997, 21.83, 21.64, 21.1, 20.989, 21.177, 21.06], [22.109, 20.932, 19.614, 19.528, 19.076, 18.386, 18.141, 18.666, 19.138, 18.728, 18.19, 18.15, 18.42, 16.719, 15.406, 15.148, 14.518, 14.467, 14.701, 13.288, 11.077, 10.452, 9.949, 9.685, 8.381, 7.147, 6.68, 5.118, 3.403, 0.0, 3.25, 4.606, 6.715, 8.046, 8.561, 9.282, 11.22, 14.172, 16.288, 17.345, 17.539, 17.418, 17.685, 17.99, 17.371, 17.045, 16.991, 16.341, 16.173, 16.002, 16.3, 17.506, 19.322, 21.156, 21.701, 21.771, 22.315, 22.405, 22.544, 22.963, 23.016, 23.742, 23.932, 24.013, 24.8, 24.768, 23.801, 23.035, 23.146, 23.007, 21.741, 21.043, 20.87, 21.565, 22.52, 22.453, 22.727, 22.069, 21.876, 21.865, 21.719, 21.532, 20.98, 20.867, 21.025, 20.829], [22.929, 21.776, 20.462, 20.383, 19.967, 19.269, 19.055, 19.512, 20.01, 19.458, 18.778, 18.871, 19.223, 17.553, 16.259, 16.04, 15.333, 15.236, 15.514, 14.214, 11.925, 11.308, 11.095, 10.843, 9.774, 8.725, 8.31, 6.945, 5.823, 3.25, 0.0, 3.366, 6.184, 7.672, 8.244, 8.994, 11.06, 14.086, 16.203, 17.329, 17.496, 17.255, 17.499, 17.816, 17.139, 16.699, 16.637, 16.046, 15.874, 15.697, 16.106, 17.41, 19.287, 21.172, 21.747, 21.771, 22.273, 22.36, 22.496, 22.911, 22.918, 23.632, 23.782, 23.877, 24.788, 24.752, 23.695, 22.88, 23.001, 22.851, 21.556, 20.845, 20.677, 21.406, 22.442, 22.456, 22.715, 22.059, 21.911, 21.921, 21.772, 21.534, 20.942, 20.827, 20.944, 20.653], [22.851, 21.649, 20.311, 20.239, 19.834, 19.14, 18.989, 19.565, 20.058, 19.677, 18.963, 19.01, 19.367, 17.556, 16.216, 16.099, 15.528, 15.444, 15.793, 14.491, 11.745, 10.776, 10.814, 10.637, 9.567, 8.63, 8.256, 7.015, 6.147, 4.606, 3.366, 0.0, 3.799, 5.756, 6.42, 7.511, 9.952, 13.24, 15.455, 16.594, 16.751, 16.472, 16.728, 17.059, 16.385, 15.955, 15.951, 15.418, 15.201, 15.001, 15.31, 16.608, 18.653, 20.676, 21.307, 21.364, 21.935, 22.012, 22.129, 22.567, 22.597, 23.366, 23.545, 23.657, 24.605, 24.643, 23.605, 22.768, 22.879, 22.677, 21.273, 20.522, 20.347, 21.104, 22.225, 22.225, 22.504, 21.817, 21.643, 21.62, 21.42, 21.136, 20.531, 20.408, 20.576, 20.387], [23.102, 21.891, 20.598, 20.563, 20.171, 19.488, 19.413, 20.17, 20.65, 20.374, 19.639, 19.597, 19.936, 18.059, 16.658, 16.629, 16.301, 16.258, 16.644, 15.335, 12.195, 11.019, 11.39, 11.41, 10.549, 9.749, 9.376, 8.227, 7.744, 6.715, 6.184, 3.799, 0.0, 2.454, 3.615, 5.374, 8.178, 11.736, 14.084, 15.353, 15.61, 15.365, 15.653, 16.021, 15.434, 15.107, 15.213, 14.742, 14.429, 14.266, 14.502, 15.571, 17.6, 19.725, 20.404, 20.461, 21.116, 21.199, 21.287, 21.76, 21.761, 22.517, 22.699, 22.893, 23.842, 23.908, 23.011, 22.255, 22.319, 22.101, 20.638, 19.804, 19.667, 20.389, 21.513, 21.518, 21.809, 21.207, 21.132, 21.116, 20.874, 20.578, 20.059, 19.92, 20.127, 20.129], [23.422, 22.222, 20.945, 20.929, 20.547, 19.886, 19.823, 20.659, 21.14, 20.921, 20.226, 20.172, 20.528, 18.654, 17.22, 17.195, 16.954, 16.931, 17.328, 15.975, 12.625, 11.406, 12.001, 12.153, 11.433, 10.736, 10.333, 9.233, 8.875, 8.046, 7.672, 5.756, 2.454, 0.0, 2.047, 4.453, 7.334, 10.965, 13.399, 14.763, 15.073, 14.854, 15.148, 15.541, 15.034, 14.76, 14.948, 14.555, 14.19, 14.072, 14.338, 15.219, 17.142, 19.317, 20.022, 20.059, 20.732, 20.813, 20.885, 21.337, 21.26, 21.983, 22.175, 22.413, 23.369, 23.42, 22.579, 21.899, 21.919, 21.695, 20.251, 19.385, 19.28, 19.953, 21.081, 21.097, 21.372, 20.809, 20.789, 20.795, 20.534, 20.217, 19.756, 19.61, 19.822, 19.92], [23.482, 22.328, 21.046, 21.027, 20.654, 19.99, 19.913, 20.747, 21.245, 21.075, 20.481, 20.427, 20.755, 18.879, 17.416, 17.398, 17.194, 17.185, 17.611, 16.234, 12.739, 11.607, 12.329, 12.537, 11.847, 11.154, 10.734, 9.631, 9.257, 8.561, 8.244, 6.42, 3.615, 2.047, 0.0, 3.049, 6.537, 10.449, 12.969, 14.377, 14.76, 14.567, 14.854, 15.254, 14.813, 14.586, 14.77, 14.432, 14.084, 13.984, 14.33, 15.2, 17.069, 19.258, 19.981, 19.978, 20.613, 20.673, 20.748, 21.227, 21.138, 21.825, 22.029, 22.3, 23.271, 23.332, 22.502, 21.834, 21.868, 21.66, 20.23, 19.369, 19.281, 19.951, 21.086, 21.13, 21.393, 20.793, 20.723, 20.713, 20.456, 20.118, 19.652, 19.501, 19.681, 19.759], [23.267, 22.231, 21.02, 20.992, 20.641, 19.998, 19.896, 20.605, 21.092, 20.956, 20.475, 20.377, 20.582, 18.796, 17.37, 17.286, 16.985, 16.963, 17.375, 16.045, 12.8, 12.071, 12.85, 13.122, 12.539, 11.954, 11.557, 10.415, 9.926, 9.282, 8.994, 7.511, 5.374, 4.453, 3.049, 0.0, 4.311, 8.799, 11.54, 13.016, 13.501, 13.391, 13.668, 14.104, 13.761, 13.624, 13.788, 13.447, 13.146, 13.103, 13.564, 14.392, 16.128, 18.309, 19.04, 19.006, 19.636, 19.694, 19.806, 20.328, 20.232, 20.86, 21.078, 21.422, 22.427, 22.51, 21.729, 21.106, 21.174, 21.059, 19.749, 18.98, 18.913, 19.536, 20.576, 20.669, 20.954, 20.227, 19.999, 19.948, 19.726, 19.407, 18.955, 18.814, 18.97, 19.031], [23.117, 22.18, 21.114, 21.122, 20.802, 20.178, 20.056, 20.623, 21.046, 20.872, 20.411, 20.326, 20.511, 18.874, 17.484, 17.301, 16.907, 16.877, 17.261, 16.067, 13.231, 13.018, 14.045, 14.414, 14.006, 13.67, 13.394, 12.313, 11.756, 11.22, 11.06, 9.952, 8.178, 7.334, 6.537, 4.311, 0.0, 4.988, 8.23, 10.072, 10.875, 10.997, 11.295, 11.796, 11.679, 11.706, 11.92, 11.648, 11.409, 11.497, 12.043, 12.63, 14.079, 16.184, 16.915, 16.893, 17.598, 17.679, 17.841, 18.359, 18.203, 18.832, 19.094, 19.507, 20.475, 20.524, 19.85, 19.393, 19.426, 19.326, 18.269, 17.806, 17.854, 18.327, 19.131, 19.304, 19.711, 18.942, 18.596, 18.53, 18.354, 18.073, 17.697, 17.57, 17.741, 17.897], [23.399, 22.558, 21.633, 21.697, 21.483, 20.925, 20.789, 21.183, 21.528, 21.344, 20.924, 20.91, 21.135, 19.703, 18.407, 18.201, 17.761, 17.681, 18.046, 17.156, 14.888, 15.056, 16.288, 16.721, 16.42, 16.236, 16.06, 15.117, 14.578, 14.172, 14.086, 13.24, 11.736, 10.965, 10.449, 8.799, 4.988, 0.0, 3.807, 6.393, 7.838, 8.358, 8.711, 9.19, 9.481, 9.886, 10.17, 10.241, 10.268, 10.492, 11.103, 11.398, 12.298, 14.025, 14.744, 14.785, 15.559, 15.646, 15.87, 16.42, 16.313, 16.992, 17.286, 17.763, 18.651, 18.691, 18.261, 18.082, 18.059, 17.902, 17.221, 17.31, 17.599, 17.914, 18.48, 18.838, 19.383, 18.703, 18.335, 18.237, 18.107, 17.831, 17.512, 17.394, 17.554, 17.791], [23.804, 23.034, 22.189, 22.269, 22.2, 21.775, 21.635, 21.904, 22.208, 22.127, 21.825, 21.863, 22.079, 20.787, 19.594, 19.442, 18.968, 18.781, 19.142, 18.449, 16.532, 16.836, 18.101, 18.571, 18.303, 18.103, 17.951, 17.131, 16.633, 16.288, 16.203, 15.455, 14.084, 13.399, 12.969, 11.54, 8.23, 3.807, 0.0, 3.397, 5.8, 6.771, 7.139, 7.549, 8.287, 9.122, 9.404, 9.848, 10.214, 10.486, 11.2, 11.435, 11.88, 13.166, 13.861, 13.98, 14.749, 14.789, 15.043, 15.682, 15.755, 16.46, 16.747, 17.278, 18.131, 18.263, 18.08, 18.06, 18.013, 17.835, 17.383, 17.811, 18.291, 18.59, 19.097, 19.618, 20.205, 19.578, 19.216, 19.092, 18.997, 18.684, 18.341, 18.233, 18.348, 18.573], [23.417, 22.704, 21.919, 21.978, 22.007, 21.784, 21.68, 21.834, 22.11, 22.202, 22.048, 22.031, 22.172, 21.011, 19.934, 19.83, 19.317, 19.05, 19.419, 18.807, 17.232, 17.666, 18.823, 19.34, 19.12, 18.899, 18.762, 18.054, 17.605, 17.345, 17.329, 16.594, 15.353, 14.763, 14.377, 13.016, 10.072, 6.393, 3.397, 0.0, 3.395, 5.161, 5.596, 6.014, 7.274, 8.678, 8.943, 9.387, 10.016, 10.28, 11.076, 11.371, 11.543, 12.581, 13.244, 13.499, 14.376, 14.392, 14.671, 15.426, 15.766, 16.525, 16.815, 17.402, 18.261, 18.503, 18.463, 18.484, 18.424, 18.262, 17.89, 18.41, 18.942, 19.346, 19.875, 20.338, 20.949, 20.322, 19.855, 19.672, 19.603, 19.298, 18.918, 18.826, 18.953, 19.191], [23.008, 22.302, 21.528, 21.576, 21.593, 21.465, 21.439, 21.585, 21.86, 22.014, 21.808, 21.69, 21.786, 20.668, 19.736, 19.69, 19.159, 18.872, 19.244, 18.687, 17.281, 17.643, 18.669, 19.186, 19.024, 18.847, 18.726, 18.083, 17.732, 17.539, 17.496, 16.751, 15.61, 15.073, 14.76, 13.501, 10.875, 7.838, 5.8, 3.395, 0.0, 2.546, 3.337, 3.972, 5.793, 7.642, 7.992, 8.165, 8.828, 9.074, 9.901, 10.332, 10.544, 11.659, 12.372, 12.749, 13.805, 13.866, 14.152, 14.974, 15.506, 16.375, 16.614, 17.212, 18.179, 18.454, 18.386, 18.375, 18.283, 18.104, 17.699, 18.21, 18.709, 19.243, 19.994, 20.426, 21.072, 20.506, 20.025, 19.817, 19.733, 19.477, 19.079, 18.994, 19.186, 19.45], [23.345, 22.591, 21.77, 21.821, 21.797, 21.608, 21.608, 21.84, 22.153, 22.246, 21.897, 21.773, 21.896, 20.699, 19.761, 19.765, 19.25, 18.971, 19.375, 18.809, 17.205, 17.383, 18.426, 18.921, 18.768, 18.627, 18.513, 17.878, 17.596, 17.418, 17.255, 16.472, 15.365, 14.854, 14.567, 13.391, 10.997, 8.358, 6.771, 5.161, 2.546, 0.0, 1.434, 2.617, 4.878, 6.827, 7.29, 7.552, 8.146, 8.367, 9.266, 9.865, 10.316, 11.618, 12.419, 12.763, 13.798, 13.887, 14.158, 14.962, 15.461, 16.359, 16.57, 17.188, 18.318, 18.597, 18.399, 18.289, 18.214, 18.028, 17.549, 18.026, 18.5, 19.09, 20.05, 20.575, 21.223, 20.659, 20.2, 19.995, 19.878, 19.592, 19.163, 19.075, 19.278, 19.519], [23.643, 22.895, 22.068, 22.112, 22.086, 21.885, 21.886, 22.128, 22.457, 22.54, 22.173, 22.045, 22.155, 20.953, 19.99, 19.979, 19.473, 19.216, 19.637, 19.079, 17.433, 17.59, 18.671, 19.185, 19.034, 18.889, 18.767, 18.13, 17.864, 17.685, 17.499, 16.728, 15.653, 15.148, 14.854, 13.668, 11.295, 8.711, 7.139, 5.596, 3.337, 1.434, 0.0, 1.792, 4.618, 6.692, 7.195, 7.544, 8.131, 8.366, 9.322, 9.943, 10.385, 11.693, 12.533, 12.871, 13.884, 13.967, 14.24, 15.04, 15.478, 16.324, 16.549, 17.226, 18.415, 18.678, 18.414, 18.263, 18.209, 18.068, 17.634, 18.146, 18.643, 19.246, 20.227, 20.79, 21.44, 20.843, 20.328, 20.104, 19.99, 19.699, 19.276, 19.19, 19.379, 19.602], [23.712, 22.969, 22.16, 22.211, 22.173, 21.976, 21.999, 22.231, 22.557, 22.62, 22.236, 22.101, 22.173, 20.973, 20.072, 20.099, 19.587, 19.323, 19.738, 19.225, 17.648, 17.829, 18.914, 19.424, 19.266, 19.134, 19.026, 18.398, 18.144, 17.99, 17.816, 17.059, 16.021, 15.541, 15.254, 14.104, 11.796, 9.19, 7.549, 6.014, 3.972, 2.617, 1.792, 0.0, 3.495, 5.923, 6.501, 7.061, 7.809, 8.047, 9.068, 9.718, 10.044, 11.255, 12.114, 12.455, 13.446, 13.52, 13.843, 14.687, 15.184, 16.061, 16.282, 16.975, 18.161, 18.426, 18.181, 18.047, 18.011, 17.893, 17.528, 18.141, 18.685, 19.284, 20.223, 20.788, 21.47, 20.967, 20.523, 20.299, 20.182, 19.891, 19.441, 19.342, 19.525, 19.732], [23.376, 22.603, 21.816, 21.881, 21.796, 21.611, 21.65, 21.887, 22.205, 22.173, 21.731, 21.618, 21.652, 20.412, 19.673, 19.794, 19.241, 18.95, 19.322, 18.762, 17.285, 17.402, 18.325, 18.777, 18.604, 18.486, 18.431, 17.848, 17.59, 17.371, 17.139, 16.385, 15.434, 15.034, 14.813, 13.761, 11.679, 9.481, 8.287, 7.274, 5.793, 4.878, 4.618, 3.495, 0.0, 3.12, 4.325, 5.1, 6.19, 6.374, 7.579, 8.606, 9.267, 10.774, 11.666, 12.002, 13.005, 13.128, 13.5, 14.314, 14.837, 15.849, 16.045, 16.658, 17.859, 18.106, 17.788, 17.608, 17.587, 17.46, 17.05, 17.717, 18.267, 18.884, 19.755, 20.208, 20.915, 20.552, 20.351, 20.216, 20.062, 19.76, 19.217, 19.1, 19.314, 19.454], [23.713, 22.899, 22.079, 22.134, 22.0, 21.754, 21.796, 22.036, 22.356, 22.221, 21.71, 21.76, 21.892, 20.584, 19.862, 19.967, 19.35, 19.052, 19.424, 18.833, 17.227, 17.249, 18.185, 18.578, 18.38, 18.217, 18.158, 17.592, 17.329, 17.045, 16.699, 15.955, 15.107, 14.76, 14.586, 13.624, 11.706, 9.886, 9.122, 8.678, 7.642, 6.827, 6.692, 5.923, 3.12, 0.0, 2.3, 4.149, 5.396, 5.638, 6.952, 8.073, 9.056, 10.804, 11.746, 12.004, 12.858, 12.961, 13.323, 14.052, 14.441, 15.428, 15.623, 16.159, 17.379, 17.581, 17.114, 16.834, 16.86, 16.744, 16.282, 16.987, 17.543, 18.165, 19.072, 19.574, 20.284, 19.91, 19.833, 19.811, 19.63, 19.232, 18.628, 18.5, 18.711, 18.794], [23.552, 22.736, 21.89, 21.937, 21.796, 21.501, 21.526, 21.684, 22.009, 21.869, 21.42, 21.586, 21.797, 20.523, 19.735, 19.792, 19.115, 18.787, 19.18, 18.707, 17.236, 17.395, 18.35, 18.725, 18.483, 18.212, 18.139, 17.561, 17.268, 16.991, 16.637, 15.951, 15.213, 14.948, 14.77, 13.788, 11.92, 10.17, 9.404, 8.943, 7.992, 7.29, 7.195, 6.501, 4.325, 2.3, 0.0, 3.388, 5.211, 5.47, 6.849, 8.029, 8.936, 10.522, 11.456, 11.688, 12.473, 12.516, 12.901, 13.797, 14.344, 15.267, 15.459, 15.997, 17.193, 17.422, 16.989, 16.659, 16.75, 16.705, 16.247, 16.995, 17.549, 18.192, 19.107, 19.69, 20.412, 19.931, 19.719, 19.664, 19.527, 19.099, 18.455, 18.33, 18.511, 18.559], [22.861, 22.052, 21.248, 21.321, 21.144, 20.866, 20.895, 21.049, 21.363, 21.203, 20.721, 20.769, 20.924, 19.718, 19.024, 19.085, 18.418, 18.118, 18.455, 17.93, 16.707, 16.916, 17.635, 17.988, 17.763, 17.5, 17.474, 16.92, 16.633, 16.341, 16.046, 15.418, 14.742, 14.555, 14.432, 13.447, 11.648, 10.241, 9.848, 9.387, 8.165, 7.552, 7.544, 7.061, 5.1, 4.149, 3.388, 0.0, 2.577, 2.817, 4.481, 6.483, 8.135, 10.222, 11.137, 11.387, 12.394, 12.541, 12.93, 13.874, 14.491, 15.529, 15.662, 16.104, 17.271, 17.41, 16.871, 16.482, 16.52, 16.468, 15.9, 16.524, 17.032, 17.797, 18.725, 19.093, 19.804, 19.374, 19.187, 19.126, 19.018, 18.846, 18.309, 18.199, 18.47, 18.526], [23.325, 22.482, 21.667, 21.751, 21.529, 21.214, 21.269, 21.564, 21.887, 21.682, 21.07, 21.044, 21.2, 19.926, 19.232, 19.291, 18.676, 18.439, 18.759, 18.077, 16.566, 16.59, 17.318, 17.672, 17.487, 17.283, 17.254, 16.691, 16.458, 16.173, 15.874, 15.201, 14.429, 14.19, 14.084, 13.146, 11.409, 10.268, 10.214, 10.016, 8.828, 8.146, 8.131, 7.809, 6.19, 5.396, 5.211, 2.577, 0.0, 1.08, 3.212, 5.479, 7.915, 10.549, 11.51, 11.648, 12.627, 12.809, 13.151, 13.943, 14.33, 15.386, 15.488, 15.853, 17.036, 17.067, 16.344, 15.881, 15.874, 15.789, 15.092, 15.58, 16.088, 16.939, 17.975, 18.26, 18.919, 18.563, 18.517, 18.522, 18.383, 18.335, 17.942, 17.826, 18.151, 18.275], [23.161, 22.307, 21.475, 21.557, 21.34, 21.032, 21.084, 21.389, 21.718, 21.519, 20.912, 20.883, 21.043, 19.759, 19.081, 19.183, 18.611, 18.379, 18.692, 18.018, 16.551, 16.537, 17.192, 17.531, 17.333, 17.114, 17.098, 16.533, 16.285, 16.002, 15.697, 15.001, 14.266, 14.072, 13.984, 13.103, 11.497, 10.492, 10.486, 10.28, 9.074, 8.367, 8.366, 8.047, 6.374, 5.638, 5.47, 2.817, 1.08, 0.0, 2.695, 5.419, 8.048, 10.721, 11.682, 11.847, 12.858, 13.049, 13.383, 14.181, 14.616, 15.724, 15.824, 16.151, 17.33, 17.389, 16.671, 16.187, 16.182, 16.087, 15.35, 15.806, 16.292, 17.16, 18.211, 18.46, 19.115, 18.76, 18.704, 18.689, 18.552, 18.515, 18.103, 17.993, 18.325, 18.445], [22.935, 22.076, 21.27, 21.364, 21.133, 20.833, 20.903, 21.241, 21.553, 21.382, 20.741, 20.67, 20.834, 19.564, 18.944, 19.041, 18.624, 18.51, 18.77, 18.177, 16.949, 16.896, 17.387, 17.697, 17.523, 17.326, 17.331, 16.79, 16.526, 16.3, 16.106, 15.31, 14.502, 14.338, 14.33, 13.564, 12.043, 11.103, 11.2, 11.076, 9.901, 9.266, 9.322, 9.068, 7.579, 6.952, 6.849, 4.481, 3.212, 2.695, 0.0, 3.801, 7.312, 10.192, 11.143, 11.433, 12.676, 12.96, 13.278, 14.089, 14.638, 15.87, 15.99, 16.254, 17.368, 17.439, 16.774, 16.305, 16.298, 16.218, 15.445, 15.866, 16.329, 17.168, 18.159, 18.316, 19.002, 18.672, 18.599, 18.545, 18.397, 18.489, 18.161, 18.053, 18.487, 18.733], [23.362, 22.544, 21.792, 21.872, 21.621, 21.336, 21.433, 21.809, 22.108, 21.955, 21.316, 21.224, 21.39, 20.179, 19.56, 19.568, 19.224, 19.242, 19.478, 18.898, 17.751, 17.803, 18.394, 18.746, 18.651, 18.527, 18.48, 17.913, 17.661, 17.506, 17.41, 16.608, 15.571, 15.219, 15.2, 14.392, 12.63, 11.398, 11.435, 11.371, 10.332, 9.865, 9.943, 9.718, 8.606, 8.073, 8.029, 6.483, 5.479, 5.419, 3.801, 0.0, 4.407, 7.909, 8.954, 9.259, 10.738, 11.138, 11.458, 12.224, 12.736, 14.027, 14.265, 14.676, 15.806, 15.898, 15.405, 15.101, 15.088, 15.08, 14.378, 14.842, 15.389, 16.027, 16.844, 17.057, 17.785, 17.575, 17.623, 17.6, 17.432, 17.568, 17.432, 17.311, 17.826, 18.393], [23.605, 22.932, 22.31, 22.373, 22.143, 21.93, 22.039, 22.275, 22.53, 22.381, 21.843, 21.741, 21.835, 20.862, 20.363, 20.361, 19.988, 19.973, 20.2, 19.818, 19.068, 19.437, 20.112, 20.483, 20.433, 20.375, 20.302, 19.726, 19.45, 19.322, 19.287, 18.653, 17.6, 17.142, 17.069, 16.128, 14.079, 12.298, 11.88, 11.543, 10.544, 10.316, 10.385, 10.044, 9.267, 9.056, 8.936, 8.135, 7.915, 8.048, 7.312, 4.407, 0.0, 4.068, 5.334, 5.701, 7.606, 8.188, 8.696, 9.667, 10.489, 11.805, 12.227, 13.048, 14.219, 14.464, 14.492, 14.569, 14.572, 14.678, 14.339, 15.056, 15.7, 16.023, 16.452, 16.834, 17.65, 17.576, 17.666, 17.626, 17.514, 17.612, 17.529, 17.411, 17.886, 18.624], [23.824, 23.301, 22.84, 22.92, 22.729, 22.566, 22.671, 22.703, 22.884, 22.701, 22.217, 22.129, 22.177, 21.475, 21.146, 21.156, 20.737, 20.629, 20.826, 20.805, 20.633, 21.232, 21.862, 22.195, 22.166, 22.155, 22.097, 21.558, 21.259, 21.156, 21.172, 20.676, 19.725, 19.317, 19.258, 18.309, 16.184, 14.025, 13.166, 12.581, 11.659, 11.618, 11.693, 11.255, 10.774, 10.804, 10.522, 10.222, 10.549, 10.721, 10.192, 7.909, 4.068, 0.0, 1.753, 3.019, 5.545, 6.313, 7.086, 8.375, 9.898, 11.246, 11.747, 12.723, 13.741, 14.214, 14.826, 15.227, 15.256, 15.43, 15.486, 16.464, 17.124, 17.239, 17.357, 17.94, 18.818, 18.784, 18.806, 18.705, 18.662, 18.732, 18.619, 18.512, 18.937, 19.694], [23.767, 23.297, 22.929, 23.028, 22.831, 22.696, 22.796, 22.765, 22.911, 22.7, 22.214, 22.094, 22.101, 21.514, 21.308, 21.318, 20.858, 20.715, 20.862, 20.932, 21.072, 21.789, 22.314, 22.613, 22.612, 22.651, 22.614, 22.106, 21.802, 21.701, 21.747, 21.307, 20.404, 20.022, 19.981, 19.04, 16.915, 14.744, 13.861, 13.244, 12.372, 12.419, 12.533, 12.114, 11.666, 11.746, 11.456, 11.137, 11.51, 11.682, 11.143, 8.954, 5.334, 1.753, 0.0, 2.483, 5.294, 6.156, 6.979, 8.226, 9.976, 11.382, 11.89, 12.79, 13.687, 14.245, 15.054, 15.565, 15.586, 15.772, 15.935, 16.945, 17.567, 17.606, 17.573, 18.112, 18.989, 19.004, 19.049, 18.948, 18.932, 19.043, 18.945, 18.846, 19.283, 20.063], [24.142, 23.652, 23.266, 23.386, 23.151, 22.939, 23.024, 23.026, 23.198, 22.924, 22.406, 22.323, 22.337, 21.717, 21.444, 21.442, 21.009, 20.904, 21.08, 21.092, 21.064, 21.824, 22.406, 22.679, 22.686, 22.734, 22.698, 22.173, 21.873, 21.771, 21.771, 21.364, 20.461, 20.059, 19.978, 19.006, 16.893, 14.785, 13.98, 13.499, 12.749, 12.763, 12.871, 12.455, 12.002, 12.004, 11.688, 11.387, 11.648, 11.847, 11.433, 9.259, 5.701, 3.019, 2.483, 0.0, 3.263, 4.524, 5.566, 6.942, 8.768, 10.263, 10.783, 11.764, 12.79, 13.416, 14.305, 14.861, 14.914, 15.154, 15.345, 16.385, 17.038, 17.032, 16.925, 17.499, 18.325, 18.393, 18.535, 18.452, 18.443, 18.569, 18.501, 18.396, 18.804, 19.583], [24.803, 24.3, 23.885, 24.01, 23.771, 23.49, 23.547, 23.549, 23.739, 23.419, 22.913, 22.938, 22.985, 22.35, 21.995, 21.953, 21.503, 21.407, 21.601, 21.617, 21.48, 22.273, 22.956, 23.216, 23.218, 23.274, 23.234, 22.71, 22.405, 22.315, 22.273, 21.935, 21.116, 20.732, 20.613, 19.636, 17.598, 15.559, 14.749, 14.376, 13.805, 13.798, 13.884, 13.446, 13.005, 12.858, 12.473, 12.394, 12.627, 12.858, 12.676, 10.738, 7.606, 5.545, 5.294, 3.263, 0.0, 2.169, 3.778, 5.209, 7.331, 8.914, 9.537, 10.57, 11.698, 12.486, 13.565, 14.211, 14.358, 14.701, 15.031, 16.183, 16.876, 16.798, 16.63, 17.393, 18.123, 18.201, 18.434, 18.366, 18.373, 18.441, 18.352, 18.234, 18.561, 19.296], [24.815, 24.296, 23.84, 23.951, 23.745, 23.475, 23.539, 23.533, 23.725, 23.452, 23.028, 23.133, 23.222, 22.566, 22.153, 22.094, 21.639, 21.534, 21.74, 21.757, 21.541, 22.329, 23.085, 23.398, 23.391, 23.375, 23.314, 22.804, 22.503, 22.405, 22.36, 22.012, 21.199, 20.813, 20.673, 19.694, 17.679, 15.646, 14.789, 14.392, 13.866, 13.887, 13.967, 13.52, 13.128, 12.961, 12.516, 12.541, 12.809, 13.049, 12.96, 11.138, 8.188, 6.313, 6.156, 4.524, 2.169, 0.0, 2.293, 4.48, 6.976, 8.531, 9.202, 10.269, 11.35, 12.161, 13.282, 13.946, 14.121, 14.497, 14.847, 16.009, 16.695, 16.618, 16.51, 17.361, 18.092, 18.11, 18.3, 18.23, 18.263, 18.268, 18.13, 18.011, 18.291, 19.004], [24.819, 24.286, 23.808, 23.911, 23.718, 23.46, 23.529, 23.538, 23.736, 23.484, 23.07, 23.187, 23.318, 22.657, 22.217, 22.162, 21.732, 21.642, 21.851, 21.848, 21.579, 22.329, 23.091, 23.437, 23.495, 23.491, 23.415, 22.916, 22.627, 22.544, 22.496, 22.129, 21.287, 20.885, 20.748, 19.806, 17.841, 15.87, 15.043, 14.671, 14.152, 14.158, 14.24, 13.843, 13.5, 13.323, 12.901, 12.93, 13.151, 13.383, 13.278, 11.458, 8.696, 7.086, 6.979, 5.566, 3.778, 2.293, 0.0, 3.135, 6.166, 7.858, 8.59, 9.693, 10.782, 11.613, 12.794, 13.482, 13.659, 14.045, 14.386, 15.555, 16.255, 16.159, 16.072, 16.983, 17.74, 17.805, 18.033, 17.966, 18.007, 17.998, 17.862, 17.751, 18.034, 18.778], [25.287, 24.735, 24.258, 24.361, 24.134, 23.852, 23.9, 23.965, 24.175, 23.867, 23.363, 23.457, 23.6, 22.922, 22.519, 22.431, 21.948, 21.879, 22.056, 21.987, 21.752, 22.511, 23.268, 23.598, 23.713, 23.855, 23.791, 23.304, 23.028, 22.963, 22.911, 22.567, 21.76, 21.337, 21.227, 20.328, 18.359, 16.42, 15.682, 15.426, 14.974, 14.962, 15.04, 14.687, 14.314, 14.052, 13.797, 13.874, 13.943, 14.181, 14.089, 12.224, 9.667, 8.375, 8.226, 6.942, 5.209, 4.48, 3.135, 0.0, 3.86, 6.132, 7.089, 8.13, 9.273, 10.227, 11.55, 12.392, 12.584, 13.005, 13.508, 14.788, 15.495, 15.289, 15.078, 16.039, 16.764, 16.923, 17.34, 17.349, 17.367, 17.39, 17.342, 17.242, 17.554, 18.355], [26.346, 25.7