[[0.0, 4.706, 10.115, 15.42, 18.335, 21.478, 26.895, 30.411, 30.602, 30.828, 32.667, 34.5, 36.121, 37.894, 39.144, 39.578, 40.513, 42.116, 43.314, 43.681, 43.875, 44.143, 44.578, 44.628, 44.069, 43.379, 43.083, 43.063, 42.908, 42.566, 42.35, 42.473, 42.749, 43.141, 43.451, 43.683, 44.024, 44.477, 44.653, 44.682, 44.779, 44.772, 44.821, 44.389, 43.613, 43.655, 44.743, 44.984, 44.749, 44.631, 44.441, 44.539, 45.243, 45.339, 45.098, 44.774, 44.504, 44.364, 44.227, 44.065, 44.067, 44.116, 44.264, 44.618, 45.014, 45.172, 45.022, 44.557, 43.878, 43.298, 43.73, 44.327, 44.476, 44.448, 44.101, 44.797, 46.21, 47.375, 47.414, 46.795, 46.453, 46.185, 45.881, 46.022, 46.192, 46.077, 45.488, 44.796, 44.512, 44.69, 44.783, 44.634, 44.45, 44.383, 44.557, 44.957, 45.308, 45.407, 45.599, 45.684, 45.155, 44.473, 43.777, 43.274, 43.213, 43.342, 43.583, 43.618, 43.309, 43.082, 43.239, 43.281, 43.145, 43.196, 43.084, 42.741, 42.559, 42.64, 42.845, 42.862, 43.323, 44.121, 44.288, 43.648, 43.174, 43.205, 43.111, 43.048, 43.126, 43.125, 43.235, 43.337, 43.959, 44.585, 44.432, 44.211, 44.069, 43.85, 43.764, 43.884, 43.921, 43.791, 43.905, 44.167, 44.004, 43.626, 43.657, 44.058, 43.989, 43.282, 43.89, 45.741, 46.779, 46.906, 46.832, 46.747, 46.968, 47.047, 46.838, 46.703, 46.708, 46.898, 46.885, 46.619, 46.617, 47.616, 48.962, 49.206, 49.393, 49.947, 49.836, 49.447, 49.65, 50.267, 49.977, 47.797, 44.474, 42.506, 42.127, 41.884, 41.855, 42.17, 42.541, 42.429, 42.106, 41.713, 41.604, 41.873, 41.8, 41.298, 40.973, 40.903, 40.802, 40.789, 41.157, 41.405, 41.308, 41.198, 41.297, 41.738, 42.792, 43.511, 43.569, 44.198, 44.644, 8.325], [4.706, 0.0, 7.113, 13.333, 16.573, 19.923, 25.482, 29.107, 29.33, 29.581, 31.53, 33.49, 35.219, 37.069, 38.379, 38.842, 39.776, 41.386, 42.601, 42.983, 43.187, 43.452, 43.909, 43.986, 43.422, 42.753, 42.548, 42.575, 42.414, 42.063, 41.85, 41.989, 42.285, 42.69, 43.004, 43.244, 43.604, 44.084, 44.274, 44.33, 44.444, 44.442, 44.492, 44.04, 43.224, 43.261, 44.383, 44.635, 44.402, 44.285, 44.095, 44.213, 44.95, 45.045, 44.789, 44.455, 44.174, 44.002, 43.806, 43.583, 43.536, 43.557, 43.706, 44.079, 44.485, 44.64, 44.485, 44.035, 43.387, 42.839, 43.294, 43.868, 43.989, 43.969, 43.671, 44.421, 45.884, 47.089, 47.125, 46.46, 46.078, 45.769, 45.423, 45.561, 45.757, 45.658, 45.039, 44.274, 43.924, 44.076, 44.165, 43.996, 43.795, 43.729, 43.923, 44.364, 44.741, 44.854, 45.058, 45.138, 44.586, 43.88, 43.161, 42.623, 42.543, 42.676, 42.925, 42.955, 42.631, 42.406, 42.585, 42.628, 42.477, 42.545, 42.457, 42.114, 41.92, 41.996, 42.206, 42.228, 42.719, 43.574, 43.781, 43.144, 42.654, 42.66, 42.532, 42.445, 42.523, 42.543, 42.668, 42.754, 43.379, 44.048, 43.938, 43.735, 43.587, 43.352, 43.239, 43.356, 43.411, 43.291, 43.401, 43.665, 43.484, 43.073, 43.09, 43.511, 43.459, 42.761, 43.437, 45.377, 46.447, 46.573, 46.5, 46.417, 46.635, 46.706, 46.482, 46.332, 46.328, 46.511, 46.499, 46.237, 46.254, 47.305, 48.695, 48.955, 49.158, 49.718, 49.578, 49.148, 49.351, 49.986, 49.68, 47.41, 43.924, 41.824, 41.42, 41.197, 41.217, 41.588, 41.992, 41.891, 41.584, 41.176, 41.051, 41.325, 41.237, 40.703, 40.367, 40.289, 40.16, 40.125, 40.504, 40.776, 40.692, 40.587, 40.697, 41.177, 42.299, 43.062, 43.131, 43.804, 44.268, 11.438], [10.115, 7.113, 0.0, 7.444, 12.255, 17.396, 24.227, 28.288, 28.581, 28.946, 31.136, 33.27, 35.105, 37.017, 38.375, 38.888, 39.895, 41.56, 42.779, 43.131, 43.331, 43.622, 44.104, 44.187, 43.617, 42.901, 42.628, 42.621, 42.467, 42.12, 41.86, 41.933, 42.219, 42.647, 42.97, 43.191, 43.532, 44.005, 44.176, 44.178, 44.259, 44.275, 44.34, 43.911, 43.132, 43.203, 44.347, 44.633, 44.433, 44.355, 44.188, 44.32, 45.095, 45.212, 44.967, 44.666, 44.411, 44.227, 44.023, 43.808, 43.774, 43.784, 43.911, 44.29, 44.708, 44.859, 44.698, 44.257, 43.641, 43.073, 43.463, 44.015, 44.114, 44.071, 43.834, 44.665, 46.141, 47.336, 47.372, 46.723, 46.349, 45.997, 45.572, 45.647, 45.811, 45.694, 45.07, 44.312, 43.981, 44.16, 44.269, 44.108, 43.918, 43.876, 44.109, 44.571, 44.938, 45.046, 45.252, 45.314, 44.725, 43.988, 43.266, 42.739, 42.665, 42.791, 43.038, 43.062, 42.728, 42.5, 42.679, 42.717, 42.569, 42.638, 42.514, 42.096, 41.851, 41.895, 42.086, 42.089, 42.592, 43.481, 43.686, 43.037, 42.566, 42.606, 42.521, 42.471, 42.559, 42.565, 42.691, 42.803, 43.458, 44.148, 44.039, 43.83, 43.69, 43.47, 43.382, 43.499, 43.54, 43.424, 43.561, 43.846, 43.672, 43.265, 43.285, 43.694, 43.617, 42.868, 43.49, 45.4, 46.464, 46.588, 46.498, 46.404, 46.628, 46.716, 46.504, 46.357, 46.37, 46.586, 46.577, 46.295, 46.301, 47.38, 48.805, 49.077, 49.272, 49.819, 49.652, 49.194, 49.385, 50.02, 49.72, 47.441, 43.969, 41.938, 41.58, 41.369, 41.386, 41.762, 42.16, 42.07, 41.79, 41.415, 41.297, 41.546, 41.425, 40.871, 40.533, 40.46, 40.332, 40.267, 40.601, 40.843, 40.763, 40.693, 40.837, 41.314, 42.405, 43.131, 43.166, 43.809, 44.244, 14.513], [15.42, 13.333, 7.444, 0.0, 7.13, 15.374, 23.533, 27.841, 28.165, 28.686, 31.034, 33.228, 35.133, 37.102, 38.487, 39.033, 40.081, 41.778, 43.02, 43.36, 43.554, 43.87, 44.373, 44.46, 43.881, 43.121, 42.807, 42.786, 42.642, 42.311, 42.034, 42.062, 42.346, 42.793, 43.116, 43.319, 43.636, 44.08, 44.227, 44.184, 44.217, 44.217, 44.319, 43.981, 43.277, 43.364, 44.501, 44.822, 44.674, 44.627, 44.442, 44.511, 45.256, 45.383, 45.14, 44.87, 44.659, 44.498, 44.319, 44.127, 44.11, 44.126, 44.245, 44.625, 45.05, 45.204, 45.044, 44.612, 44.031, 43.473, 43.807, 44.339, 44.428, 44.353, 44.138, 44.989, 46.425, 47.57, 47.583, 46.942, 46.563, 46.167, 45.699, 45.746, 45.897, 45.781, 45.169, 44.433, 44.137, 44.351, 44.486, 44.362, 44.214, 44.209, 44.478, 44.941, 45.276, 45.378, 45.582, 45.649, 45.074, 44.296, 43.519, 42.982, 42.908, 43.024, 43.257, 43.272, 42.938, 42.701, 42.869, 42.914, 42.774, 42.834, 42.691, 42.252, 41.984, 42.001, 42.175, 42.164, 42.664, 43.559, 43.753, 43.114, 42.679, 42.745, 42.704, 42.704, 42.803, 42.792, 42.916, 43.04, 43.702, 44.397, 44.278, 44.058, 43.924, 43.721, 43.641, 43.734, 43.746, 43.624, 43.78, 44.078, 43.916, 43.523, 43.545, 43.931, 43.823, 43.036, 43.596, 45.433, 46.475, 46.624, 46.538, 46.428, 46.644, 46.747, 46.562, 46.437, 46.484, 46.748, 46.75, 46.445, 46.434, 47.498, 48.904, 49.175, 49.375, 49.911, 49.719, 49.242, 49.412, 50.034, 49.746, 47.515, 44.157, 42.266, 41.961, 41.754, 41.735, 42.057, 42.425, 42.353, 42.117, 41.801, 41.695, 41.909, 41.763, 41.221, 40.913, 40.87, 40.756, 40.65, 40.912, 41.114, 41.04, 40.998, 41.171, 41.644, 42.69, 43.374, 43.394, 44.027, 44.445, 18.68], [18.335, 16.573, 12.255, 7.13, 0.0, 11.067, 21.219, 26.104, 26.408, 27.098, 29.721, 31.993, 33.945, 36.053, 37.566, 38.173, 39.275, 41.082, 42.42, 42.767, 42.96, 43.28, 43.815, 43.943, 43.358, 42.552, 42.235, 42.237, 42.094, 41.748, 41.468, 41.496, 41.783, 42.232, 42.554, 42.751, 43.062, 43.512, 43.678, 43.65, 43.684, 43.705, 43.859, 43.55, 42.834, 42.916, 44.08, 44.415, 44.285, 44.248, 44.046, 44.085, 44.82, 44.962, 44.743, 44.502, 44.308, 44.145, 43.924, 43.669, 43.598, 43.597, 43.752, 44.186, 44.644, 44.815, 44.654, 44.2, 43.596, 43.08, 43.502, 44.043, 44.094, 44.008, 43.844, 44.69, 46.158, 47.347, 47.355, 46.672, 46.25, 45.799, 45.268, 45.293, 45.45, 45.332, 44.699, 43.927, 43.604, 43.825, 44.003, 43.924, 43.806, 43.83, 44.147, 44.649, 44.98, 45.086, 45.32, 45.399, 44.789, 43.931, 43.083, 42.477, 42.364, 42.473, 42.704, 42.714, 42.369, 42.125, 42.317, 42.387, 42.256, 42.347, 42.235, 41.809, 41.55, 41.569, 41.735, 41.678, 42.131, 43.014, 43.205, 42.544, 42.085, 42.137, 42.091, 42.086, 42.181, 42.174, 42.305, 42.393, 43.03, 43.747, 43.649, 43.448, 43.335, 43.121, 43.009, 43.1, 43.14, 43.039, 43.193, 43.492, 43.321, 42.915, 42.949, 43.362, 43.257, 42.465, 43.097, 45.045, 46.147, 46.344, 46.286, 46.17, 46.382, 46.484, 46.278, 46.12, 46.147, 46.408, 46.404, 46.088, 46.086, 47.208, 48.646, 48.921, 49.156, 49.732, 49.548, 49.083, 49.275, 49.912, 49.592, 47.274, 43.788, 41.778, 41.41, 41.193, 41.195, 41.547, 41.913, 41.841, 41.62, 41.305, 41.168, 41.36, 41.209, 40.683, 40.414, 40.403, 40.271, 40.106, 40.314, 40.493, 40.412, 40.36, 40.533, 41.042, 42.172, 42.948, 43.032, 43.751, 44.21, 21.307], [21.478, 19.923, 17.396, 15.374, 11.067, 0.0, 12.811, 19.505, 20.186, 21.099, 24.534, 27.449, 29.725, 32.108, 33.876, 34.611, 35.882, 38.015, 39.623, 40.098, 40.339, 40.645, 41.231, 41.434, 40.794, 39.93, 39.696, 39.804, 39.665, 39.224, 38.914, 39.076, 39.516, 40.034, 40.362, 40.549, 40.894, 41.402, 41.563, 41.643, 41.923, 42.198, 42.486, 42.086, 41.225, 41.374, 42.741, 43.072, 42.73, 42.509, 42.272, 42.391, 43.215, 43.357, 43.12, 42.838, 42.567, 42.289, 41.866, 41.378, 41.118, 41.058, 41.324, 41.906, 42.444, 42.626, 42.416, 41.865, 41.156, 40.729, 41.467, 42.063, 42.028, 42.009, 42.055, 42.955, 44.563, 45.92, 45.942, 45.119, 44.578, 44.067, 43.473, 43.54, 43.794, 43.721, 43.014, 42.066, 41.556, 41.682, 41.847, 41.725, 41.559, 41.575, 41.964, 42.61, 43.051, 43.2, 43.503, 43.601, 42.901, 41.961, 41.067, 40.352, 40.177, 40.319, 40.627, 40.689, 40.325, 40.044, 40.265, 40.331, 40.172, 40.318, 40.259, 39.879, 39.711, 39.829, 40.044, 39.903, 40.257, 41.146, 41.362, 40.625, 40.028, 39.985, 39.819, 39.665, 39.723, 39.792, 39.989, 40.007, 40.707, 41.613, 41.671, 41.566, 41.472, 41.147, 40.885, 41.021, 41.202, 41.136, 41.239, 41.531, 41.295, 40.771, 40.82, 41.393, 41.363, 40.495, 41.259, 43.584, 44.882, 45.12, 45.091, 45.006, 45.247, 45.304, 44.981, 44.673, 44.549, 44.718, 44.691, 44.403, 44.519, 45.91, 47.499, 47.782, 48.118, 48.829, 48.68, 48.252, 48.575, 49.309, 48.886, 46.181, 42.031, 39.426, 38.906, 38.729, 38.886, 39.422, 39.922, 39.94, 39.73, 39.327, 39.134, 39.389, 39.28, 38.735, 38.465, 38.46, 38.248, 37.93, 38.018, 38.147, 38.02, 37.894, 38.008, 38.597, 40.002, 41.11, 41.411, 42.378, 42.882, 24.408], [26.895, 25.482, 24.227, 23.533, 21.219, 12.811, 0.0, 8.729, 11.271, 13.102, 17.663, 21.821, 24.974, 27.808, 29.868, 30.792, 32.227, 34.67, 36.694, 37.534, 37.916, 38.206, 38.834, 39.11, 38.414, 37.561, 37.551, 37.851, 37.751, 37.226, 36.93, 37.369, 38.142, 38.777, 39.032, 39.156, 39.566, 40.121, 40.2, 40.474, 41.189, 41.721, 42.052, 41.553, 40.584, 40.792, 42.341, 42.681, 42.045, 41.505, 41.215, 41.455, 42.326, 42.335, 41.968, 41.594, 41.251, 40.88, 40.26, 39.555, 39.155, 39.113, 39.515, 40.174, 40.688, 40.823, 40.563, 39.949, 39.13, 38.692, 39.565, 40.139, 40.03, 40.114, 40.422, 41.458, 43.237, 44.757, 44.829, 43.924, 43.307, 42.787, 42.187, 42.353, 42.772, 42.814, 42.066, 40.937, 40.224, 40.138, 40.12, 39.872, 39.636, 39.631, 40.088, 40.926, 41.529, 41.699, 41.979, 42.093, 41.408, 40.448, 39.5, 38.678, 38.444, 38.601, 38.964, 39.091, 38.723, 38.383, 38.602, 38.65, 38.439, 38.589, 38.56, 38.273, 38.231, 38.44, 38.695, 38.57, 38.982, 39.98, 40.324, 39.626, 38.926, 38.72, 38.332, 37.991, 38.055, 38.284, 38.601, 38.595, 39.397, 40.493, 40.712, 40.674, 40.569, 40.122, 39.61, 39.679, 39.961, 39.873, 39.87, 40.137, 39.836, 39.159, 39.181, 39.945, 40.051, 39.12, 39.819, 42.23, 43.557, 43.789, 43.832, 43.856, 44.15, 44.128, 43.66, 43.182, 42.853, 42.899, 42.887, 42.711, 43.05, 44.656, 46.212, 46.44, 46.881, 47.688, 47.528, 47.104, 47.527, 48.299, 47.768, 44.818, 40.315, 37.559, 37.171, 37.048, 37.233, 37.856, 38.52, 38.694, 38.549, 38.092, 37.867, 38.183, 38.11, 37.528, 37.226, 37.218, 36.927, 36.435, 36.394, 36.484, 36.293, 36.071, 36.095, 36.681, 38.174, 39.468, 39.974, 41.177, 41.725, 29.723], [30.411, 29.107, 28.288, 27.841, 26.104, 19.505, 8.729, 0.0, 4.902, 9.013, 14.359, 19.038, 22.766, 25.984, 28.313, 29.435, 30.938, 33.463, 35.681, 36.755, 37.256, 37.582, 38.247, 38.555, 37.846, 37.041, 37.176, 37.565, 37.504, 37.009, 36.789, 37.359, 38.281, 38.982, 39.206, 39.29, 39.729, 40.319, 40.417, 40.83, 41.707, 42.283, 42.582, 42.037, 41.053, 41.282, 42.849, 43.16, 42.435, 41.81, 41.488, 41.745, 42.593, 42.52, 42.081, 41.645, 41.252, 40.84, 40.151, 39.372, 38.924, 38.877, 39.302, 39.964, 40.447, 40.546, 40.269, 39.657, 38.809, 38.349, 39.212, 39.761, 39.65, 39.791, 40.176, 41.272, 43.122, 44.698, 44.792, 43.876, 43.25, 42.755, 42.2, 42.443, 42.949, 43.063, 42.326, 41.159, 40.406, 40.237, 40.114, 39.798, 39.53, 39.505, 39.96, 40.859, 41.546, 41.735, 41.997, 42.135, 41.516, 40.575, 39.592, 38.7, 38.417, 38.556, 38.899, 39.033, 38.69, 38.351, 38.552, 38.579, 38.329, 38.461, 38.461, 38.255, 38.271, 38.501, 38.743, 38.619, 39.05, 40.083, 40.504, 39.896, 39.224, 38.966, 38.456, 38.01, 38.069, 38.38, 38.763, 38.76, 39.55, 40.667, 40.944, 40.907, 40.778, 40.305, 39.706, 39.718, 39.997, 39.888, 39.839, 40.087, 39.777, 39.064, 39.071, 39.908, 40.086, 39.169, 39.786, 42.084, 43.329, 43.534, 43.619, 43.696, 43.994, 43.927, 43.42, 42.897, 42.472, 42.412, 42.37, 42.223, 42.61, 44.204, 45.68, 45.887, 46.385, 47.196, 46.989, 46.549, 46.995, 47.746, 47.168, 44.223, 39.81, 37.241, 37.003, 36.915, 37.149, 37.883, 38.678, 38.947, 38.852, 38.381, 38.145, 38.474, 38.419, 37.822, 37.484, 37.466, 37.156, 36.605, 36.554, 36.683, 36.486, 36.221, 36.22, 36.811, 38.272, 39.523, 39.988, 41.198, 41.786, 33.1], [30.602, 29.33, 28.581, 28.165, 26.408, 20.186, 11.271, 4.902, 0.0, 6.402, 13.083, 18.057, 21.863, 25.258, 27.772, 29.025, 30.623, 33.213, 35.45, 36.53, 37.051, 37.4, 38.077, 38.379, 37.666, 36.865, 36.995, 37.369, 37.311, 36.852, 36.686, 37.264, 38.16, 38.872, 39.136, 39.253, 39.697, 40.311, 40.462, 40.888, 41.706, 42.251, 42.55, 41.992, 40.998, 41.231, 42.805, 43.11, 42.431, 41.876, 41.552, 41.773, 42.614, 42.557, 42.123, 41.661, 41.225, 40.788, 40.095, 39.315, 38.853, 38.77, 39.152, 39.807, 40.311, 40.423, 40.152, 39.562, 38.748, 38.3, 39.143, 39.681, 39.587, 39.74, 40.106, 41.223, 43.102, 44.691, 44.777, 43.84, 43.2, 42.704, 42.154, 42.399, 42.901, 43.016, 42.29, 41.14, 40.422, 40.3, 40.207, 39.893, 39.618, 39.582, 40.007, 40.878, 41.565, 41.777, 42.06, 42.2, 41.581, 40.643, 39.65, 38.724, 38.408, 38.534, 38.868, 38.982, 38.645, 38.34, 38.56, 38.584, 38.333, 38.477, 38.495, 38.283, 38.281, 38.496, 38.723, 38.564, 38.957, 39.979, 40.405, 39.799, 39.136, 38.894, 38.388, 37.947, 38.014, 38.325, 38.713, 38.718, 39.493, 40.598, 40.875, 40.824, 40.685, 40.227, 39.654, 39.677, 39.941, 39.836, 39.802, 40.054, 39.747, 39.049, 39.065, 39.899, 40.076, 39.162, 39.798, 42.113, 43.36, 43.554, 43.62, 43.675, 43.954, 43.886, 43.396, 42.898, 42.491, 42.429, 42.373, 42.19, 42.503, 44.042, 45.54, 45.777, 46.286, 47.095, 46.879, 46.446, 46.917, 47.698, 47.132, 44.175, 39.72, 37.07, 36.78, 36.713, 37.024, 37.844, 38.697, 38.989, 38.897, 38.401, 38.14, 38.468, 38.412, 37.789, 37.415, 37.378, 37.063, 36.512, 36.486, 36.659, 36.482, 36.223, 36.248, 36.896, 38.407, 39.642, 40.034, 41.206, 41.806, 33.271], [30.828, 29.581, 28.946, 28.686, 27.098, 21.099, 13.102, 9.013, 6.402, 0.0, 8.337, 14.873, 19.556, 23.412, 26.245, 27.674, 29.44, 32.187, 34.495, 35.573, 36.098, 36.481, 37.213, 37.542, 36.813, 36.027, 36.234, 36.642, 36.556, 36.069, 35.946, 36.608, 37.541, 38.273, 38.571, 38.782, 39.33, 40.046, 40.27, 40.73, 41.518, 42.038, 42.343, 41.749, 40.702, 40.934, 42.568, 42.901, 42.265, 41.767, 41.443, 41.634, 42.498, 42.504, 42.11, 41.629, 41.132, 40.629, 39.876, 39.034, 38.51, 38.368, 38.692, 39.327, 39.856, 39.991, 39.733, 39.176, 38.429, 38.057, 38.93, 39.46, 39.397, 39.601, 39.99, 41.141, 43.088, 44.726, 44.796, 43.816, 43.172, 42.669, 42.056, 42.259, 42.754, 42.86, 42.104, 40.924, 40.201, 40.113, 40.063, 39.76, 39.467, 39.393, 39.785, 40.652, 41.357, 41.578, 41.834, 41.926, 41.259, 40.283, 39.24, 38.243, 37.877, 37.997, 38.352, 38.465, 38.115, 37.828, 38.076, 38.108, 37.869, 38.044, 38.07, 37.842, 37.845, 38.073, 38.325, 38.193, 38.597, 39.647, 40.098, 39.447, 38.714, 38.444, 37.932, 37.481, 37.557, 37.909, 38.335, 38.331, 39.107, 40.256, 40.557, 40.505, 40.365, 39.898, 39.324, 39.382, 39.679, 39.568, 39.515, 39.774, 39.459, 38.733, 38.743, 39.595, 39.776, 38.865, 39.62, 42.09, 43.407, 43.61, 43.687, 43.761, 44.038, 43.963, 43.475, 42.983, 42.58, 42.529, 42.471, 42.263, 42.553, 44.117, 45.677, 45.956, 46.502, 47.331, 47.087, 46.62, 47.106, 47.916, 47.331, 44.265, 39.592, 36.678, 36.289, 36.282, 36.665, 37.555, 38.538, 38.904, 38.812, 38.286, 38.003, 38.313, 38.242, 37.603, 37.214, 37.161, 36.822, 36.245, 36.207, 36.385, 36.206, 35.917, 35.934, 36.648, 38.258, 39.552, 39.973, 41.204, 41.843, 33.506], [32.667, 31.53, 31.136, 31.034, 29.721, 24.534, 17.663, 14.359, 13.083, 8.337, 0.0, 8.327, 15.01, 20.2, 23.741, 25.44, 27.337, 30.261, 32.78, 33.982, 34.563, 35.009, 35.862, 36.287, 35.572, 34.919, 35.416, 35.95, 35.838, 35.325, 35.282, 36.085, 37.142, 37.923, 38.223, 38.513, 39.213, 40.043, 40.351, 40.906, 41.709, 42.213, 42.525, 41.912, 40.837, 41.109, 42.813, 43.14, 42.487, 41.976, 41.628, 41.784, 42.628, 42.659, 42.299, 41.793, 41.205, 40.595, 39.73, 38.773, 38.141, 37.921, 38.199, 38.806, 39.329, 39.468, 39.235, 38.724, 38.071, 37.88, 38.868, 39.368, 39.313, 39.616, 40.056, 41.194, 43.15, 44.794, 44.832, 43.805, 43.153, 42.659, 42.03, 42.239, 42.761, 42.872, 42.082, 40.857, 40.101, 39.999, 39.962, 39.666, 39.345, 39.217, 39.562, 40.436, 41.176, 41.399, 41.605, 41.649, 40.971, 39.968, 38.854, 37.788, 37.396, 37.516, 37.866, 37.975, 37.627, 37.344, 37.607, 37.665, 37.433, 37.637, 37.723, 37.565, 37.638, 37.938, 38.266, 38.196, 38.602, 39.651, 40.142, 39.495, 38.705, 38.371, 37.796, 37.271, 37.323, 37.734, 38.207, 38.176, 38.935, 40.116, 40.462, 40.434, 40.292, 39.804, 39.21, 39.283, 39.603, 39.463, 39.368, 39.626, 39.295, 38.51, 38.467, 39.332, 39.561, 38.745, 39.68, 42.275, 43.615, 43.804, 43.885, 43.947, 44.183, 44.064, 43.543, 43.017, 42.569, 42.481, 42.404, 42.183, 42.488, 44.073, 45.654, 45.973, 46.549, 47.36, 47.044, 46.501, 46.969, 47.783, 47.167, 44.026, 39.26, 36.287, 35.928, 35.999, 36.44, 37.415, 38.567, 39.028, 38.929, 38.374, 38.078, 38.374, 38.316, 37.714, 37.35, 37.297, 36.927, 36.306, 36.229, 36.399, 36.206, 35.847, 35.814, 36.565, 38.226, 39.557, 40.038, 41.347, 42.035, 35.267], [34.5, 33.49, 33.27, 33.228, 31.993, 27.449, 21.821, 19.038, 18.057, 14.873, 8.327, 0.0, 8.6, 16.08, 20.923, 23.059, 25.113, 28.322, 31.239, 32.695, 33.364, 33.834, 34.758, 35.273, 34.648, 34.248, 35.071, 35.713, 35.582, 35.115, 35.209, 36.106, 37.217, 38.041, 38.349, 38.657, 39.441, 40.383, 40.811, 41.425, 42.169, 42.607, 42.907, 42.325, 41.296, 41.636, 43.359, 43.663, 43.024, 42.521, 42.145, 42.266, 43.062, 43.065, 42.725, 42.167, 41.445, 40.718, 39.767, 38.727, 38.001, 37.71, 37.957, 38.563, 39.102, 39.253, 39.053, 38.599, 38.054, 38.086, 39.213, 39.676, 39.606, 39.974, 40.392, 41.429, 43.31, 44.897, 44.881, 43.803, 43.127, 42.683, 42.122, 42.364, 42.912, 43.047, 42.268, 41.045, 40.276, 40.176, 40.172, 39.894, 39.542, 39.356, 39.617, 40.429, 41.158, 41.38, 41.579, 41.634, 40.988, 40.0, 38.89, 37.836, 37.455, 37.568, 37.884, 37.972, 37.647, 37.387, 37.641, 37.708, 37.491, 37.733, 37.895, 37.809, 37.937, 38.293, 38.661, 38.587, 38.94, 39.952, 40.474, 39.875, 39.089, 38.739, 38.131, 37.539, 37.541, 37.955, 38.427, 38.363, 39.073, 40.224, 40.593, 40.598, 40.439, 39.919, 39.346, 39.451, 39.761, 39.6, 39.51, 39.786, 39.46, 38.652, 38.562, 39.404, 39.655, 38.942, 40.046, 42.743, 44.098, 44.273, 44.337, 44.341, 44.505, 44.34, 43.791, 43.235, 42.754, 42.632, 42.529, 42.287, 42.562, 44.125, 45.736, 46.097, 46.652, 47.411, 47.059, 46.478, 46.925, 47.744, 47.125, 43.949, 39.128, 36.108, 35.748, 35.856, 36.374, 37.432, 38.649, 39.124, 39.003, 38.428, 38.129, 38.435, 38.408, 37.834, 37.482, 37.43, 37.048, 36.417, 36.341, 36.53, 36.345, 35.953, 35.911, 36.719, 38.447, 39.829, 40.354, 41.713, 42.429, 36.961], [36.121, 35.219, 35.105, 35.133, 33.945, 29.725, 24.974, 22.766, 21.863, 19.556, 15.01, 8.6, 0.0, 9.562, 16.437, 19.659, 22.21, 25.997, 29.629, 31.502, 32.3, 32.741, 33.643, 34.211, 33.724, 33.637, 34.776, 35.527, 35.382, 34.963, 35.202, 36.182, 37.281, 38.106, 38.423, 38.711, 39.498, 40.55, 41.161, 41.913, 42.669, 43.042, 43.299, 42.722, 41.709, 42.075, 43.788, 44.078, 43.45, 42.958, 42.572, 42.682, 43.444, 43.398, 43.055, 42.45, 41.612, 40.789, 39.767, 38.646, 37.832, 37.495, 37.739, 38.353, 38.908, 39.061, 38.855, 38.407, 37.923, 38.118, 39.34, 39.755, 39.659, 40.081, 40.446, 41.315, 43.089, 44.636, 44.58, 43.461, 42.78, 42.404, 41.939, 42.283, 42.93, 43.151, 42.433, 41.234, 40.461, 40.371, 40.383, 40.08, 39.67, 39.408, 39.559, 40.281, 40.998, 41.229, 41.458, 41.567, 40.988, 40.077, 39.064, 38.063, 37.683, 37.791, 38.095, 38.172, 37.846, 37.575, 37.792, 37.845, 37.634, 37.903, 38.098, 38.027, 38.182, 38.59, 39.009, 38.946, 39.278, 40.254, 40.773, 40.194, 39.397, 39.024, 38.388, 37.742, 37.691, 38.091, 38.549, 38.452, 39.134, 40.266, 40.656, 40.7, 40.526, 39.972, 39.438, 39.609, 39.944, 39.796, 39.71, 39.978, 39.648, 38.832, 38.728, 39.563, 39.819, 39.157, 40.358, 43.139, 44.516, 44.682, 44.758, 44.759, 44.898, 44.699, 44.12, 43.522, 42.962, 42.729, 42.567, 42.331, 42.636, 44.222, 45.857, 46.247, 46.797, 47.533, 47.189, 46.622, 47.074, 47.899, 47.274, 44.055, 39.122, 35.954, 35.542, 35.705, 36.303, 37.389, 38.568, 39.031, 38.917, 38.323, 38.005, 38.334, 38.35, 37.803, 37.457, 37.4, 37.003, 36.352, 36.258, 36.45, 36.263, 35.852, 35.816, 36.686, 38.502, 39.975, 40.559, 41.973, 42.708, 38.461], [37.894, 37.069, 37.017, 37.102, 36.053, 32.108, 27.808, 25.984, 25.258, 23.412, 20.2, 16.08, 9.562, 0.0, 8.867, 14.282, 18.196, 22.907, 27.516, 29.981, 30.995, 31.439, 32.305, 32.932, 32.602, 32.831, 34.289, 35.174, 35.023, 34.63, 35.002, 36.085, 37.191, 38.009, 38.328, 38.596, 39.337, 40.409, 41.183, 42.184, 43.082, 43.451, 43.676, 43.057, 42.006, 42.331, 44.009, 44.32, 43.698, 43.216, 42.854, 42.971, 43.679, 43.596, 43.259, 42.645, 41.754, 40.849, 39.729, 38.513, 37.623, 37.264, 37.494, 38.068, 38.584, 38.697, 38.451, 37.995, 37.603, 37.966, 39.24, 39.583, 39.44, 39.908, 40.235, 40.884, 42.487, 43.976, 43.876, 42.715, 42.048, 41.723, 41.349, 41.861, 42.673, 43.001, 42.337, 41.167, 40.415, 40.348, 40.35, 39.998, 39.534, 39.207, 39.263, 39.919, 40.639, 40.884, 41.122, 41.248, 40.752, 39.997, 39.137, 38.22, 37.874, 38.031, 38.363, 38.444, 38.119, 37.85, 38.045, 38.077, 37.859, 38.123, 38.318, 38.247, 38.406, 38.858, 39.338, 39.27, 39.533, 40.426, 40.916, 40.349, 39.533, 39.103, 38.409, 37.714, 37.646, 38.077, 38.565, 38.491, 39.191, 40.348, 40.759, 40.822, 40.637, 40.071, 39.552, 39.752, 40.144, 40.034, 39.906, 40.12, 39.79, 38.997, 38.888, 39.709, 39.986, 39.373, 40.546, 43.279, 44.634, 44.79, 44.922, 45.011, 45.17, 44.924, 44.305, 43.66, 42.972, 42.552, 42.297, 42.094, 42.513, 44.161, 45.759, 46.147, 46.741, 47.499, 47.167, 46.612, 47.06, 47.868, 47.243, 44.032, 39.109, 35.96, 35.586, 35.832, 36.475, 37.533, 38.646, 39.11, 39.039, 38.454, 38.101, 38.415, 38.463, 37.968, 37.643, 37.579, 37.174, 36.5, 36.353, 36.514, 36.313, 35.872, 35.806, 36.671, 38.495, 40.009, 40.645, 42.082, 42.808, 40.146], [39.144, 38.379, 38.375, 38.487, 37.566, 33.876, 29.868, 28.313, 27.772, 26.245, 23.741, 20.923, 16.437, 8.867, 0.0, 7.521, 13.618, 19.629, 25.212, 28.331, 29.614, 30.126, 31.042, 31.781, 31.603, 32.007, 33.624, 34.602, 34.463, 34.077, 34.527, 35.711, 36.862, 37.714, 38.062, 38.349, 39.086, 40.128, 40.957, 42.229, 43.408, 43.864, 44.082, 43.422, 42.354, 42.654, 44.297, 44.634, 44.007, 43.501, 43.147, 43.252, 43.885, 43.759, 43.432, 42.836, 41.95, 41.025, 39.887, 38.648, 37.746, 37.393, 37.615, 38.149, 38.633, 38.717, 38.455, 38.013, 37.714, 38.195, 39.499, 39.816, 39.634, 40.089, 40.407, 40.943, 42.387, 43.769, 43.609, 42.406, 41.729, 41.417, 41.082, 41.658, 42.51, 42.85, 42.203, 41.057, 40.339, 40.298, 40.289, 39.921, 39.456, 39.119, 39.138, 39.755, 40.458, 40.712, 40.938, 41.018, 40.553, 39.935, 39.218, 38.435, 38.201, 38.432, 38.795, 38.882, 38.569, 38.335, 38.532, 38.543, 38.314, 38.548, 38.74, 38.697, 38.872, 39.346, 39.841, 39.698, 39.811, 40.583, 41.035, 40.487, 39.67, 39.2, 38.477, 37.777, 37.723, 38.197, 38.737, 38.709, 39.424, 40.592, 40.998, 41.049, 40.861, 40.316, 39.782, 39.937, 40.36, 40.287, 40.103, 40.252, 39.928, 39.177, 39.065, 39.841, 40.12, 39.564, 40.703, 43.353, 44.672, 44.839, 45.056, 45.247, 45.424, 45.151, 44.525, 43.876, 43.133, 42.647, 42.349, 42.143, 42.624, 44.303, 45.848, 46.204, 46.829, 47.621, 47.3, 46.728, 47.131, 47.906, 47.288, 44.141, 39.363, 36.401, 36.123, 36.389, 37.025, 38.077, 39.177, 39.659, 39.633, 39.103, 38.762, 39.033, 39.06, 38.581, 38.269, 38.19, 37.796, 37.156, 37.001, 37.132, 36.93, 36.479, 36.376, 37.189, 38.927, 40.357, 40.935, 42.308, 43.0, 41.287], [39.578, 38.842, 38.888, 39.033, 38.173, 34.611, 30.792, 29.435, 29.025, 27.674, 25.44, 23.059, 19.659, 14.282, 7.521, 0.0, 7.976, 15.8, 22.484, 26.168, 27.693, 28.342, 29.469, 30.407, 30.33, 30.811, 32.54, 33.603, 33.474, 33.075, 33.575, 34.863, 36.081, 36.974, 37.361, 37.694, 38.482, 39.534, 40.37, 41.794, 43.207, 43.811, 44.088, 43.436, 42.381, 42.7, 44.34, 44.66, 43.995, 43.424, 43.017, 43.069, 43.643, 43.496, 43.183, 42.605, 41.736, 40.863, 39.786, 38.569, 37.659, 37.306, 37.553, 38.109, 38.607, 38.701, 38.451, 38.006, 37.711, 38.229, 39.592, 39.931, 39.728, 40.181, 40.597, 41.21, 42.651, 44.006, 43.827, 42.602, 41.9, 41.564, 41.205, 41.734, 42.536, 42.836, 42.167, 41.003, 40.268, 40.21, 40.177, 39.807, 39.351, 39.013, 39.009, 39.595, 40.278, 40.53, 40.747, 40.792, 40.287, 39.667, 38.979, 38.268, 38.122, 38.406, 38.791, 38.883, 38.568, 38.349, 38.561, 38.559, 38.315, 38.548, 38.758, 38.751, 38.959, 39.458, 39.964, 39.763, 39.762, 40.447, 40.877, 40.321, 39.468, 38.958, 38.213, 37.503, 37.448, 37.945, 38.513, 38.494, 39.223, 40.412, 40.812, 40.861, 40.693, 40.148, 39.547, 39.665, 40.135, 40.087, 39.854, 39.956, 39.61, 38.85, 38.738, 39.505, 39.784, 39.267, 40.524, 43.261, 44.605, 44.795, 45.069, 45.313, 45.505, 45.233, 44.621, 43.999, 43.264, 42.807, 42.508, 42.269, 42.755, 44.47, 46.034, 46.372, 46.991, 47.796, 47.491, 46.908, 47.287, 48.043, 47.408, 44.246, 39.451, 36.445, 36.14, 36.421, 37.13, 38.273, 39.393, 39.905, 39.921, 39.427, 39.099, 39.324, 39.288, 38.769, 38.447, 38.368, 38.003, 37.444, 37.335, 37.451, 37.253, 36.803, 36.662, 37.444, 39.162, 40.529, 41.033, 42.382, 43.091, 41.665], [40.513, 39.776, 39.895, 40.081, 39.275, 35.882, 32.227, 30.938, 30.623, 29.44, 27.337, 25.113, 22.21, 18.196, 13.618, 7.976, 0.0, 9.615, 18.21, 22.889, 24.739, 25.551, 27.009, 28.245, 28.347, 29.146, 31.241, 32.451, 32.314, 31.965, 32.628, 34.062, 35.348, 36.261, 36.668, 37.067, 37.948, 39.059, 39.93, 41.413, 42.847, 43.5, 43.856, 43.237, 42.187, 42.526, 44.175, 44.46, 43.758, 43.136, 42.668, 42.655, 43.159, 42.984, 42.679, 42.107, 41.235, 40.388, 39.298, 38.006, 36.992, 36.587, 36.865, 37.482, 38.012, 38.114, 37.861, 37.429, 37.186, 37.804, 39.242, 39.557, 39.346, 39.901, 40.517, 41.221, 42.684, 44.044, 43.853, 42.595, 41.858, 41.481, 41.106, 41.651, 42.499, 42.848, 42.184, 40.968, 40.162, 40.044, 39.949, 39.531, 39.047, 38.666, 38.572, 39.079, 39.744, 40.006, 40.227, 40.274, 39.771, 39.145, 38.449, 37.728, 37.597, 37.907, 38.322, 38.431, 38.105, 37.871, 38.101, 38.083, 37.808, 38.081, 38.375, 38.45, 38.732, 39.307, 39.889, 39.683, 39.603, 40.241, 40.687, 40.127, 39.204, 38.596, 37.744, 36.946, 36.872, 37.408, 37.971, 37.885, 38.634, 39.907, 40.339, 40.368, 40.183, 39.608, 38.939, 39.055, 39.585, 39.548, 39.259, 39.323, 38.942, 38.138, 38.015, 38.823, 39.144, 38.709, 40.176, 43.075, 44.458, 44.655, 44.938, 45.164, 45.33, 45.042, 44.44, 43.849, 43.087, 42.579, 42.25, 42.001, 42.509, 44.264, 45.854, 46.19, 46.807, 47.61, 47.301, 46.72, 47.106, 47.84, 47.157, 43.907, 38.953, 35.724, 35.342, 35.707, 36.589, 37.927, 39.131, 39.71, 39.786, 39.308, 38.957, 39.114, 39.015, 38.475, 38.178, 38.125, 37.766, 37.214, 37.128, 37.253, 37.061, 36.592, 36.4, 37.17, 38.93, 40.335, 40.883, 42.315, 43.07, 42.654], [42.116, 41.386, 41.56, 41.778, 41.082, 38.015, 34.67, 33.463, 33.213, 32.187, 30.261, 28.322, 25.997, 22.907, 19.629, 15.8, 9.615, 0.0, 10.805, 17.564, 20.238, 21.399, 23.397, 25.048, 25.48, 26.992, 29.783, 31.237, 31.116, 30.916, 31.87, 33.504, 34.878, 35.83, 36.273, 36.76, 37.764, 38.94, 39.867, 41.409, 42.78, 43.364, 43.749, 43.166, 42.116, 42.477, 44.14, 44.397, 43.686, 43.052, 42.551, 42.491, 42.948, 42.761, 42.447, 41.852, 40.943, 40.053, 38.891, 37.486, 36.321, 35.803, 36.063, 36.733, 37.308, 37.428, 37.211, 36.863, 36.738, 37.492, 38.977, 39.242, 39.022, 39.681, 40.477, 41.264, 42.737, 44.092, 43.901, 42.638, 41.878, 41.395, 40.867, 41.349, 42.225, 42.633, 41.993, 40.727, 39.839, 39.691, 39.58, 39.132, 38.617, 38.183, 37.976, 38.362, 38.996, 39.28, 39.497, 39.505, 39.007, 38.444, 37.829, 37.161, 37.069, 37.424, 37.873, 38.013, 37.702, 37.458, 37.685, 37.631, 37.324, 37.648, 38.039, 38.21, 38.551, 39.18, 39.817, 39.589, 39.41, 39.975, 40.432, 39.903, 38.955, 38.28, 37.345, 36.473, 36.387, 36.976, 37.543, 37.393, 38.127, 39.453, 39.907, 39.893, 39.654, 39.042, 38.332, 38.451, 39.025, 39.002, 38.668, 38.703, 38.319, 37.513, 37.404, 38.253, 38.612, 38.281, 39.974, 43.01, 44.408, 44.617, 44.921, 45.124, 45.244, 44.934, 44.345, 43.754, 42.943, 42.352, 41.971, 41.722, 42.258, 44.034, 45.651, 46.024, 46.669, 47.464, 47.133, 46.557, 46.956, 47.659, 46.915, 43.562, 38.425, 34.975, 34.55, 35.01, 36.044, 37.59, 38.944, 39.626, 39.747, 39.269, 38.878, 38.927, 38.746, 38.242, 38.029, 38.026, 37.665, 37.094, 37.018, 37.169, 36.987, 36.477, 36.224, 36.971, 38.739, 40.15, 40.746, 42.257, 43.043, 44.288], [43.314, 42.601, 42.779, 43.02, 42.42, 39.623, 36.694, 35.681, 35.45, 34.495, 32.78, 31.239, 29.629, 27.516, 25.212, 22.484, 18.21, 10.805, 0.0, 9.005, 13.374, 15.698, 18.774, 21.009, 21.768, 24.091, 27.704, 29.465, 29.417, 29.41, 30.681, 32.543, 34.034, 35.065, 35.575, 36.172, 37.331, 38.615, 39.604, 41.217, 42.629, 43.228, 43.639, 43.095, 42.076, 42.535, 44.278, 44.524, 43.823, 43.208, 42.693, 42.607, 43.059, 42.917, 42.616, 41.978, 40.991, 40.014, 38.805, 37.375, 36.139, 35.526, 35.729, 36.414, 37.03, 37.203, 37.086, 36.862, 36.813, 37.604, 39.093, 39.353, 39.139, 39.833, 40.67, 41.492, 43.008, 44.389, 44.236, 43.019, 42.269, 41.664, 40.856, 41.109, 41.877, 42.239, 41.568, 40.257, 39.335, 39.188, 39.101, 38.675, 38.161, 37.693, 37.419, 37.748, 38.374, 38.654, 38.827, 38.747, 38.18, 37.622, 37.091, 36.506, 36.477, 36.905, 37.403, 37.572, 37.306, 37.126, 37.409, 37.344, 37.025, 37.382, 37.833, 38.057, 38.407, 39.035, 39.677, 39.426, 39.184, 39.702, 40.159, 39.644, 38.682, 38.004, 37.058, 36.159, 36.082, 36.712, 37.282, 37.101, 37.814, 39.149, 39.617, 39.597, 39.342, 38.725, 38.023, 38.159, 38.765, 38.775, 38.432, 38.462, 38.09, 37.297, 37.213, 38.084, 38.436, 38.104, 39.959, 43.157, 44.609, 44.831, 45.113, 45.229, 45.251, 44.898, 44.3, 43.692, 42.873, 42.245, 41.81, 41.527, 42.066, 43.899, 45.648, 46.142, 46.844, 47.632, 47.27, 46.691, 47.107, 47.818, 47.051, 43.608, 38.281, 34.61, 34.131, 34.651, 35.834, 37.607, 39.135, 39.941, 40.072, 39.543, 39.133, 39.124, 38.881, 38.391, 38.208, 38.197, 37.809, 37.228, 37.161, 37.331, 37.159, 36.629, 36.348, 37.119, 38.931, 40.329, 40.906, 42.445, 43.264, 45.448], [43.681, 42.983, 43.131, 43.36, 42.767, 40.098, 37.534, 36.755, 36.53, 35.573, 33.982, 32.695, 31.502, 29.981, 28.331, 26.168, 22.889, 17.564, 9.005, 0.0, 6.087, 10.715, 15.259, 18.033, 19.016, 21.789, 25.849, 27.761, 27.764, 27.91, 29.394, 31.413, 33.005, 34.104, 34.653, 35.341, 36.653, 38.059, 39.074, 40.659, 42.123, 42.845, 43.305, 42.802, 41.9, 42.498, 44.309, 44.536, 43.838, 43.238, 42.705, 42.578, 43.015, 42.92, 42.641, 41.977, 40.977, 40.034, 38.887, 37.536, 36.365, 35.766, 35.942, 36.622, 37.265, 37.482, 37.426, 37.259, 37.209, 37.909, 39.322, 39.604, 39.423, 40.109, 40.894, 41.724, 43.293, 44.717, 44.596, 43.415, 42.689, 42.069, 41.156, 41.238, 41.855, 42.097, 41.36, 40.049, 39.165, 39.05, 38.986, 38.586, 38.094, 37.624, 37.359, 37.716, 38.338, 38.565, 38.681, 38.55, 37.892, 37.218, 36.632, 36.027, 35.98, 36.433, 36.982, 37.195, 36.985, 36.92, 37.33, 37.327, 37.027, 37.378, 37.81, 37.973, 38.255, 38.843, 39.488, 39.27, 39.064, 39.616, 40.082, 39.517, 38.517, 37.907, 37.048, 36.183, 36.117, 36.747, 37.317, 37.139, 37.823, 39.072, 39.473, 39.482, 39.288, 38.685, 37.999, 38.179, 38.809, 38.837, 38.516, 38.569, 38.199, 37.398, 37.32, 38.194, 38.513, 38.107, 39.99, 43.307, 44.847, 45.088, 45.319, 45.362, 45.321, 44.933, 44.313, 43.664, 42.818, 42.183, 41.718, 41.393, 41.923, 43.811, 45.662, 46.269, 47.036, 47.831, 47.456, 46.877, 47.32, 48.087, 47.367, 43.929, 38.531, 34.724, 34.186, 34.747, 36.036, 37.941, 39.525, 40.355, 40.473, 39.916, 39.479, 39.442, 39.177, 38.68, 38.499, 38.482, 38.087, 37.503, 37.415, 37.568, 37.398, 36.867, 36.558, 37.277, 39.054, 40.446, 41.013, 42.551, 43.394, 45.76], [43.875, 43.187, 43.331, 43.554, 42.96, 40.339, 37.916, 37.256, 37.051, 36.098, 34.563, 33.364, 32.3, 30.995, 29.614, 27.693, 24.739, 20.238, 13.374, 6.087, 0.0, 6.362, 12.26, 15.606, 16.966, 20.302, 24.741, 26.734, 26.733, 26.981, 28.655, 30.798, 32.439, 33.56, 34.12, 34.863, 36.272, 37.768, 38.803, 40.357, 41.868, 42.71, 43.224, 42.742, 41.904, 42.555, 44.372, 44.594, 43.912, 43.329, 42.786, 42.613, 43.004, 42.915, 42.65, 41.976, 40.994, 40.111, 39.013, 37.699, 36.555, 35.965, 36.145, 36.85, 37.519, 37.757, 37.715, 37.552, 37.502, 38.164, 39.538, 39.833, 39.676, 40.355, 41.117, 41.911, 43.445, 44.853, 44.724, 43.544, 42.839, 42.241, 41.305, 41.324, 41.889, 42.084, 41.326, 40.036, 39.183, 39.079, 39.02, 38.621, 38.128, 37.647, 37.367, 37.724, 38.348, 38.574, 38.688, 38.547, 37.871, 37.174, 36.603, 36.03, 35.99, 36.44, 37.005, 37.242, 37.052, 37.018, 37.448, 37.46, 37.169, 37.518, 37.924, 38.044, 38.294, 38.862, 39.506, 39.314, 39.139, 39.719, 40.19, 39.606, 38.591, 38.006, 37.198, 36.358, 36.291, 36.912, 37.487, 37.304, 37.961, 39.148, 39.503, 39.528, 39.36, 38.737, 38.01, 38.171, 38.798, 38.842, 38.553, 38.632, 38.265, 37.454, 37.366, 38.238, 38.557, 38.15, 40.064, 43.431, 45.01, 45.256, 45.469, 45.499, 45.439, 45.028, 44.389, 43.717, 42.86, 42.228, 41.755, 41.41, 41.93, 43.827, 45.688, 46.326, 47.124, 47.936, 47.57, 46.989, 47.442, 48.245, 47.559, 44.146, 38.751, 34.881, 34.279, 34.868, 36.224, 38.206, 39.821, 40.646, 40.74, 40.169, 39.721, 39.673, 39.413, 38.931, 38.763, 38.752, 38.355, 37.764, 37.657, 37.791, 37.608, 37.068, 36.729, 37.367, 39.061, 40.44, 41.002, 42.533, 43.392, 45.914], [44.143, 43.452, 43.622, 43.87, 43.28, 40.645, 38.206, 37.582, 37.4, 36.481, 35.009, 33.834, 32.741, 31.439, 30.126, 28.342, 25.551, 21.399, 15.698, 10.715, 6.362, 0.0, 6.911, 11.266, 13.546, 18.008, 23.214, 25.479, 25.522, 25.871, 27.831, 30.202, 31.91, 33.042, 33.612, 34.37, 35.835, 37.45, 38.603, 40.276, 41.932, 42.895, 43.447, 42.949, 42.073, 42.704, 44.535, 44.796, 44.148, 43.576, 43.022, 42.8, 43.131, 43.016, 42.757, 42.071, 41.066, 40.166, 39.032, 37.671, 36.481, 35.875, 36.077, 36.804, 37.484, 37.727, 37.688, 37.534, 37.527, 38.261, 39.681, 39.985, 39.823, 40.488, 41.247, 41.988, 43.455, 44.817, 44.648, 43.419, 42.705, 42.125, 41.156, 41.139, 41.714, 41.911, 41.142, 39.832, 38.958, 38.86, 38.806, 38.39, 37.873, 37.352, 37.01, 37.326, 37.963, 38.239, 38.402, 38.297, 37.673, 37.067, 36.63, 36.158, 36.167, 36.622, 37.178, 37.417, 37.222, 37.154, 37.528, 37.519, 37.225, 37.58, 37.981, 38.106, 38.377, 38.959, 39.599, 39.412, 39.246, 39.83, 40.314, 39.749, 38.722, 38.094, 37.255, 36.405, 36.343, 36.981, 37.573, 37.392, 38.059, 39.249, 39.604, 39.62, 39.421, 38.748, 37.944, 38.055, 38.691, 38.776, 38.523, 38.622, 38.257, 37.442, 37.355, 38.238, 38.568, 38.183, 40.161, 43.574, 45.16, 45.393, 45.621, 45.68, 45.615, 45.174, 44.502, 43.799, 42.932, 42.3, 41.83, 41.492, 42.03, 43.949, 45.799, 46.419, 47.203, 48.016, 47.648, 47.059, 47.526, 48.358, 47.685, 44.259, 38.819, 34.849, 34.17, 34.787, 36.208, 38.254, 39.923, 40.78, 40.877, 40.291, 39.838, 39.803, 39.556, 39.062, 38.868, 38.833, 38.415, 37.802, 37.682, 37.812, 37.622, 37.075, 36.722, 37.332, 39.008, 40.409, 40.98, 42.527, 43.399, 46.188], [44.578, 43.909, 44.104, 44.373, 43.815, 41.231, 38.834, 38.247, 38.077, 37.213, 35.862, 34.758, 33.643, 32.305, 31.042, 29.469, 27.009, 23.397, 18.774, 15.259, 12.26, 6.911, 0.0, 5.54, 9.948, 16.178, 22.118, 24.654, 24.795, 25.27, 27.516, 30.1, 31.838, 32.938, 33.486, 34.189, 35.626, 37.325, 38.618, 40.446, 42.233, 43.26, 43.805, 43.291, 42.391, 42.987, 44.799, 45.083, 44.469, 43.919, 43.383, 43.15, 43.453, 43.333, 43.078, 42.37, 41.333, 40.416, 39.271, 37.91, 36.726, 36.13, 36.333, 37.031, 37.687, 37.922, 37.887, 37.768, 37.805, 38.572, 39.993, 40.313, 40.166, 40.814, 41.521, 42.216, 43.619, 44.922, 44.716, 43.446, 42.709, 42.146, 41.163, 41.122, 41.708, 41.909, 41.139, 39.834, 38.969, 38.905, 38.884, 38.475, 37.946, 37.397, 37.003, 37.271, 37.907, 38.223, 38.437, 38.395, 37.86, 37.365, 37.045, 36.655, 36.692, 37.13, 37.659, 37.886, 37.687, 37.584, 37.894, 37.88, 37.606, 37.954, 38.327, 38.441, 38.723, 39.314, 39.952, 39.788, 39.63, 40.2, 40.69, 40.155, 39.133, 38.472, 37.619, 36.78, 36.729, 37.366, 37.969, 37.824, 38.491, 39.652, 40.004, 40.015, 39.779, 39.089, 38.273, 38.358, 38.988, 39.105, 38.89, 39.004, 38.657, 37.873, 37.791, 38.647, 38.959, 38.586, 40.551, 43.921, 45.484, 45.704, 45.949, 46.052, 45.998, 45.537, 44.841, 44.109, 43.22, 42.581, 42.12, 41.796, 42.328, 44.225, 46.054, 46.643, 47.357, 48.121, 47.751, 47.174, 47.662, 48.518, 47.867, 44.482, 39.101, 35.175, 34.508, 35.149, 36.576, 38.6, 40.26, 41.108, 41.204, 40.639, 40.203, 40.183, 39.971, 39.481, 39.26, 39.196, 38.77, 38.152, 38.021, 38.156, 37.981, 37.45, 37.097, 37.676, 39.303, 40.687, 41.26, 42.799, 43.654, 46.579], [44.628, 43.986, 44.187, 44.46, 43.943, 41.434, 39.11, 38.555, 38.379, 37.542, 36.287, 35.273, 34.211, 32.932, 31.781, 30.407, 28.245, 25.048, 21.009, 18.033, 15.606, 11.266, 5.54, 0.0, 6.582, 14.719, 21.304, 24.0, 24.207, 24.822, 27.278, 29.986, 31.734, 32.813, 33.345, 33.995, 35.383, 37.099, 38.448, 40.325, 42.135, 43.202, 43.782, 43.277, 42.39, 42.999, 44.801, 45.066, 44.443, 43.906, 43.401, 43.186, 43.5, 43.388, 43.127, 42.403, 41.344, 40.421, 39.3, 37.987, 36.848, 36.261, 36.442, 37.116, 37.759, 37.989, 37.955, 37.85, 37.885, 38.636, 40.048, 40.398, 40.266, 40.888, 41.549, 42.244, 43.625, 44.906, 44.7, 43.444, 42.714, 42.153, 41.145, 41.05, 41.592, 41.775, 41.008, 39.716, 38.865, 38.838, 38.87, 38.494, 37.963, 37.41, 37.015, 37.257, 37.882, 38.222, 38.474, 38.469, 37.978, 37.526, 37.235, 36.876, 36.94, 37.368, 37.866, 38.095, 37.923, 37.828, 38.119, 38.111, 37.858, 38.193, 38.535, 38.62, 38.886, 39.466, 40.102, 39.941, 39.761, 40.278, 40.724, 40.191, 39.198, 38.553, 37.716, 36.905, 36.867, 37.485, 38.104, 38.029, 38.719, 39.852, 40.201, 40.224, 39.983, 39.307, 38.525, 38.617, 39.23, 39.347, 39.149, 39.267, 38.923, 38.153, 38.066, 38.893, 39.186, 38.794, 40.694, 44.0, 45.546, 45.767, 46.023, 46.153, 46.106, 45.636, 44.941, 44.215, 43.32, 42.669, 42.208, 41.894, 42.414, 44.286, 46.119, 46.709, 47.371, 48.088, 47.711, 47.17, 47.697, 48.571, 47.939, 44.606, 39.289, 35.392, 34.724, 35.386, 36.816, 38.819, 40.464, 41.287, 41.381, 40.843, 40.421, 40.405, 40.217, 39.743, 39.514, 39.431, 39.004, 38.4, 38.275, 38.423, 38.265, 37.743, 37.382, 37.933, 39.512, 40.851, 41.404, 42.916, 43.757, 46.591], [44.069, 43.422, 43.617, 43.881, 43.358, 40.794, 38.414, 37.846, 37.666, 36.813, 35.572, 34.648, 33.724, 32.602, 31.603, 30.33, 28.347, 25.48, 21.768, 19.016, 16.966, 13.546, 9.948, 6.582, 0.0, 9.674, 17.623, 20.909, 21.258, 21.966, 24.734, 27.757, 29.701, 30.908, 31.506, 32.196, 33.691, 35.549, 36.983, 38.932, 40.869, 42.165, 42.932, 42.453, 41.58, 42.304, 44.24, 44.512, 43.831, 43.254, 42.741, 42.549, 42.903, 42.774, 42.483, 41.768, 40.725, 39.797, 38.667, 37.352, 36.214, 35.624, 35.827, 36.549, 37.221, 37.459, 37.419, 37.26, 37.22, 37.969, 39.44, 39.83, 39.681, 40.273, 40.958, 41.719, 43.168, 44.512, 44.332, 43.088, 42.38, 41.799, 40.683, 40.41, 40.783, 40.883, 40.058, 38.696, 37.799, 37.817, 37.936, 37.616, 37.101, 36.596, 36.328, 36.706, 37.388, 37.74, 37.998, 37.948, 37.351, 36.784, 36.407, 36.001, 36.088, 36.555, 37.062, 37.296, 37.158, 37.15, 37.562, 37.616, 37.369, 37.696, 38.013, 38.059, 38.292, 38.865, 39.53, 39.36, 39.16, 39.644, 40.037, 39.458, 38.45, 37.807, 36.959, 36.167, 36.171, 36.793, 37.423, 37.426, 38.251, 39.477, 39.8