[[0.0, 5.1, 10.646, 13.722, 15.991, 19.205, 22.849, 24.832, 25.904, 27.576, 29.428, 31.023, 32.521, 33.522, 34.07, 34.377, 34.256, 34.238, 34.857, 35.665, 37.17, 39.746, 40.833, 40.798, 41.078, 41.275, 40.937, 40.53, 40.21, 39.13, 37.339, 36.537, 37.441, 37.898, 38.372, 39.65, 39.808, 39.361, 39.831, 40.662, 41.079, 41.55, 41.681, 41.573, 41.984, 41.716, 40.709, 40.423, 40.707, 41.073, 40.994, 40.418, 40.785, 42.205, 42.49, 40.838, 38.342, 36.854, 36.741, 36.567, 35.673, 35.423, 35.105, 34.858, 35.146, 35.438, 35.606, 35.658, 34.94, 34.047, 34.066, 34.344, 33.963, 33.608, 34.331, 36.329, 37.758, 37.544, 36.088, 35.164, 35.105, 34.129, 34.935, 37.85, 39.236, 38.716, 38.477, 38.728, 38.788, 38.772, 38.67, 38.628, 38.794, 39.194, 39.329, 39.151, 39.36, 40.083, 40.753, 41.212, 41.755, 42.737, 43.456, 42.951, 41.484, 40.204, 39.916, 38.376, 35.848, 35.523, 35.882, 36.278, 37.261, 37.93, 38.263, 38.728, 38.456, 37.65, 37.234, 37.492, 37.753, 37.515, 37.301, 37.709, 38.088, 38.001, 37.674, 37.84, 38.606, 39.348, 40.307, 41.669, 42.878, 43.934, 44.931, 45.161, 44.626, 43.065, 41.523, 40.944, 40.48, 39.638, 39.1, 39.024, 38.628, 5.349], [5.1, 0.0, 6.508, 10.824, 13.893, 17.452, 21.362, 23.466, 24.576, 26.293, 28.244, 29.955, 31.556, 32.64, 33.237, 33.572, 33.479, 33.483, 34.114, 34.927, 36.471, 39.16, 40.29, 40.253, 40.59, 40.831, 40.494, 40.152, 39.954, 38.915, 37.077, 36.284, 37.306, 37.842, 38.282, 39.516, 39.664, 39.222, 39.697, 40.53, 40.954, 41.453, 41.603, 41.481, 41.88, 41.604, 40.569, 40.253, 40.537, 40.936, 40.887, 40.335, 40.737, 42.192, 42.499, 40.849, 38.282, 36.676, 36.524, 36.369, 35.483, 35.257, 34.945, 34.697, 35.004, 35.316, 35.492, 35.54, 34.794, 33.862, 33.852, 34.107, 33.714, 33.334, 34.023, 36.009, 37.435, 37.217, 35.785, 34.892, 34.851, 33.858, 34.667, 37.599, 38.997, 38.464, 38.2, 38.451, 38.533, 38.535, 38.433, 38.392, 38.554, 38.945, 39.069, 38.869, 39.047, 39.742, 40.412, 40.882, 41.44, 42.435, 43.164, 42.679, 41.246, 39.983, 39.693, 38.166, 35.692, 35.454, 35.824, 36.207, 37.188, 37.846, 38.168, 38.623, 38.33, 37.504, 37.074, 37.313, 37.558, 37.322, 37.122, 37.542, 37.935, 37.862, 37.556, 37.749, 38.544, 39.301, 40.27, 41.638, 42.848, 43.929, 44.915, 45.145, 44.586, 42.967, 41.392, 40.809, 40.344, 39.508, 38.977, 38.901, 38.51, 7.477], [10.646, 6.508, 0.0, 6.33, 11.277, 15.912, 20.205, 22.335, 23.377, 25.09, 27.128, 28.929, 30.586, 31.711, 32.342, 32.726, 32.703, 32.755, 33.398, 34.188, 35.709, 38.466, 39.644, 39.631, 40.102, 40.439, 40.082, 39.841, 39.924, 39.117, 37.36, 36.575, 37.664, 38.268, 38.605, 39.686, 39.812, 39.425, 39.908, 40.707, 41.122, 41.631, 41.807, 41.694, 42.055, 41.757, 40.741, 40.433, 40.715, 41.127, 41.108, 40.617, 41.072, 42.541, 42.886, 41.336, 38.86, 37.259, 37.083, 36.971, 36.196, 36.033, 35.731, 35.498, 35.796, 36.092, 36.257, 36.306, 35.584, 34.664, 34.609, 34.818, 34.438, 34.067, 34.674, 36.496, 37.821, 37.608, 36.282, 35.473, 35.454, 34.552, 35.308, 38.03, 39.347, 38.845, 38.608, 38.851, 38.929, 38.938, 38.839, 38.791, 38.926, 39.272, 39.382, 39.187, 39.324, 39.938, 40.579, 41.043, 41.571, 42.504, 43.191, 42.75, 41.441, 40.285, 39.997, 38.548, 36.302, 36.194, 36.548, 36.869, 37.741, 38.313, 38.581, 38.984, 38.674, 37.869, 37.442, 37.627, 37.83, 37.623, 37.457, 37.885, 38.295, 38.245, 37.974, 38.197, 38.99, 39.689, 40.557, 41.852, 43.047, 44.15, 45.155, 45.425, 44.858, 43.249, 41.739, 41.194, 40.752, 39.959, 39.474, 39.434, 39.097, 11.76], [13.722, 10.824, 6.33, 0.0, 6.845, 13.665, 18.931, 21.186, 22.07, 23.789, 25.969, 27.858, 29.53, 30.636, 31.252, 31.664, 31.708, 31.86, 32.628, 33.418, 34.789, 37.515, 38.735, 38.755, 39.337, 39.759, 39.374, 39.152, 39.43, 38.847, 37.201, 36.385, 37.462, 38.067, 38.313, 39.309, 39.419, 39.082, 39.611, 40.415, 40.826, 41.333, 41.52, 41.42, 41.754, 41.467, 40.539, 40.284, 40.568, 40.985, 40.985, 40.527, 41.032, 42.546, 42.925, 41.407, 38.964, 37.348, 37.15, 37.071, 36.396, 36.273, 35.963, 35.721, 36.002, 36.276, 36.427, 36.477, 35.778, 34.886, 34.834, 35.031, 34.667, 34.293, 34.825, 36.534, 37.814, 37.615, 36.319, 35.518, 35.501, 34.667, 35.41, 38.036, 39.32, 38.848, 38.673, 38.932, 38.988, 38.982, 38.88, 38.818, 38.93, 39.243, 39.34, 39.166, 39.307, 39.877, 40.494, 40.946, 41.441, 42.335, 42.997, 42.565, 41.335, 40.238, 39.936, 38.515, 36.38, 36.343, 36.679, 36.948, 37.752, 38.271, 38.53, 38.935, 38.616, 37.802, 37.359, 37.508, 37.691, 37.503, 37.367, 37.829, 38.26, 38.206, 37.923, 38.149, 38.958, 39.666, 40.515, 41.786, 43.034, 44.223, 45.318, 45.647, 45.077, 43.476, 42.001, 41.474, 41.056, 40.289, 39.821, 39.797, 39.482, 14.748], [15.991, 13.893, 11.277, 6.845, 0.0, 8.597, 15.347, 18.209, 19.103, 20.937, 23.43, 25.565, 27.424, 28.635, 29.267, 29.695, 29.784, 30.052, 31.037, 31.9, 33.127, 35.845, 37.128, 37.179, 37.812, 38.292, 37.932, 37.711, 38.004, 37.497, 36.074, 35.59, 36.839, 37.422, 37.7, 38.804, 38.93, 38.59, 39.157, 39.982, 40.392, 40.892, 41.049, 40.928, 41.274, 41.021, 40.159, 39.94, 40.23, 40.66, 40.682, 40.225, 40.755, 42.299, 42.669, 41.087, 38.553, 36.835, 36.617, 36.551, 35.867, 35.764, 35.463, 35.195, 35.456, 35.717, 35.852, 35.892, 35.225, 34.408, 34.419, 34.634, 34.269, 33.871, 34.378, 36.108, 37.436, 37.246, 35.905, 35.047, 35.004, 34.155, 34.962, 37.687, 39.035, 38.552, 38.333, 38.576, 38.631, 38.597, 38.47, 38.403, 38.523, 38.84, 38.933, 38.759, 38.917, 39.514, 40.148, 40.599, 41.09, 42.008, 42.691, 42.237, 40.974, 39.85, 39.553, 38.114, 35.914, 35.858, 36.185, 36.478, 37.363, 37.931, 38.219, 38.658, 38.346, 37.51, 37.073, 37.266, 37.478, 37.29, 37.146, 37.608, 38.038, 37.976, 37.678, 37.892, 38.718, 39.511, 40.445, 41.752, 43.009, 44.147, 45.205, 45.53, 44.954, 43.339, 41.842, 41.292, 40.861, 40.085, 39.596, 39.545, 39.204, 16.961], [19.205, 17.452, 15.912, 13.665, 8.597, 0.0, 7.989, 12.026, 13.413, 15.468, 18.399, 21.083, 23.506, 25.084, 25.871, 26.386, 26.513, 26.842, 27.994, 28.993, 30.329, 33.308, 34.758, 34.833, 35.416, 35.891, 35.638, 35.595, 35.936, 35.389, 34.355, 34.823, 36.661, 37.251, 37.576, 38.843, 39.029, 38.665, 39.23, 40.059, 40.455, 40.931, 41.047, 40.906, 41.291, 41.052, 40.157, 39.902, 40.191, 40.636, 40.686, 40.248, 40.746, 42.211, 42.517, 40.895, 38.318, 36.523, 36.293, 36.246, 35.48, 35.367, 35.112, 34.836, 35.08, 35.35, 35.499, 35.536, 34.919, 34.213, 34.277, 34.489, 34.114, 33.715, 34.253, 36.049, 37.419, 37.211, 35.851, 34.947, 34.859, 33.985, 34.815, 37.562, 38.965, 38.471, 38.083, 38.196, 38.257, 38.235, 38.101, 38.059, 38.22, 38.569, 38.668, 38.475, 38.622, 39.261, 39.933, 40.394, 40.904, 41.856, 42.578, 42.157, 40.856, 39.676, 39.385, 37.911, 35.644, 35.585, 35.915, 36.252, 37.254, 37.893, 38.171, 38.594, 38.294, 37.466, 37.045, 37.282, 37.525, 37.325, 37.158, 37.583, 37.985, 37.928, 37.646, 37.842, 38.644, 39.484, 40.453, 41.746, 42.935, 43.898, 44.819, 45.078, 44.512, 42.924, 41.443, 40.865, 40.375, 39.562, 39.053, 38.978, 38.629, 19.852], [22.849, 21.362, 20.205, 18.931, 15.347, 7.989, 0.0, 5.155, 7.871, 10.458, 13.544, 16.678, 19.763, 21.808, 22.902, 23.684, 23.971, 24.396, 25.577, 26.665, 28.388, 31.846, 33.521, 33.605, 34.075, 34.486, 34.328, 34.557, 35.094, 34.549, 33.79, 35.053, 37.412, 38.051, 38.371, 39.644, 39.857, 39.504, 40.057, 40.864, 41.239, 41.685, 41.774, 41.627, 42.028, 41.782, 40.818, 40.482, 40.754, 41.197, 41.267, 40.874, 41.303, 42.607, 42.844, 41.288, 38.837, 37.115, 36.898, 36.897, 36.119, 35.97, 35.746, 35.481, 35.698, 35.97, 36.145, 36.193, 35.653, 35.064, 35.124, 35.27, 34.893, 34.526, 35.063, 36.8, 38.117, 37.904, 36.638, 35.766, 35.652, 34.83, 35.468, 37.88, 39.188, 38.742, 38.272, 38.244, 38.295, 38.329, 38.221, 38.204, 38.397, 38.755, 38.849, 38.646, 38.741, 39.343, 40.019, 40.496, 41.005, 41.922, 42.659, 42.344, 41.105, 39.932, 39.631, 38.196, 36.127, 36.231, 36.563, 36.896, 37.878, 38.483, 38.686, 39.037, 38.749, 37.969, 37.55, 37.754, 37.982, 37.799, 37.654, 38.053, 38.415, 38.363, 38.106, 38.298, 39.038, 39.796, 40.625, 41.802, 42.937, 43.774, 44.624, 44.866, 44.342, 42.848, 41.473, 40.914, 40.37, 39.545, 39.064, 39.011, 38.72, 23.183], [24.832, 23.466, 22.335, 21.186, 18.209, 12.026, 5.155, 0.0, 4.183, 7.964, 11.253, 14.367, 17.637, 19.893, 21.243, 22.335, 22.876, 23.469, 24.664, 25.843, 27.938, 31.701, 33.499, 33.592, 34.025, 34.416, 34.266, 34.577, 35.254, 34.824, 34.169, 35.591, 38.089, 38.784, 39.094, 40.295, 40.5, 40.174, 40.724, 41.507, 41.87, 42.3, 42.377, 42.229, 42.614, 42.349, 41.354, 40.982, 41.24, 41.672, 41.749, 41.405, 41.812, 43.027, 43.24, 41.767, 39.452, 37.833, 37.637, 37.675, 36.933, 36.739, 36.5, 36.234, 36.43, 36.699, 36.88, 36.93, 36.432, 35.883, 35.914, 36.01, 35.639, 35.296, 35.796, 37.42, 38.667, 38.466, 37.302, 36.488, 36.386, 35.654, 36.118, 38.217, 39.412, 39.003, 38.544, 38.473, 38.517, 38.584, 38.493, 38.479, 38.678, 39.025, 39.11, 38.906, 38.972, 39.533, 40.201, 40.69, 41.185, 42.052, 42.782, 42.531, 41.374, 40.265, 39.967, 38.584, 36.695, 36.894, 37.22, 37.532, 38.445, 38.996, 39.157, 39.469, 39.193, 38.452, 38.031, 38.198, 38.415, 38.26, 38.149, 38.54, 38.88, 38.823, 38.573, 38.757, 39.443, 40.109, 40.823, 41.92, 43.039, 43.895, 44.795, 45.059, 44.558, 43.136, 41.851, 41.322, 40.761, 39.942, 39.484, 39.448, 39.203, 25.039], [25.904, 24.576, 23.377, 22.07, 19.103, 13.413, 7.871, 4.183, 0.0, 4.999, 9.45, 12.935, 16.138, 18.353, 19.783, 21.04, 21.755, 22.502, 23.805, 25.117, 27.352, 31.208, 33.065, 33.183, 33.647, 34.079, 33.94, 34.267, 35.035, 34.769, 34.286, 35.762, 38.239, 38.943, 39.275, 40.467, 40.673, 40.372, 40.931, 41.705, 42.059, 42.47, 42.53, 42.377, 42.739, 42.461, 41.491, 41.146, 41.414, 41.844, 41.919, 41.615, 42.055, 43.272, 43.494, 42.07, 39.832, 38.276, 38.1, 38.157, 37.425, 37.188, 36.925, 36.656, 36.839, 37.102, 37.276, 37.323, 36.847, 36.308, 36.317, 36.406, 36.055, 35.726, 36.189, 37.719, 38.911, 38.725, 37.624, 36.85, 36.765, 36.112, 36.614, 38.678, 39.864, 39.45, 38.987, 38.902, 38.919, 38.968, 38.875, 38.853, 39.041, 39.37, 39.447, 39.236, 39.277, 39.809, 40.462, 40.945, 41.424, 42.259, 42.968, 42.721, 41.638, 40.624, 40.351, 39.01, 37.175, 37.3, 37.578, 37.864, 38.736, 39.258, 39.405, 39.704, 39.436, 38.719, 38.302, 38.454, 38.669, 38.535, 38.44, 38.829, 39.164, 39.11, 38.864, 39.036, 39.69, 40.319, 40.994, 42.052, 43.173, 44.1, 45.068, 45.342, 44.836, 43.454, 42.227, 41.731, 41.189, 40.39, 39.939, 39.903, 39.667, 26.12], [27.576, 26.293, 25.09, 23.789, 20.937, 15.468, 10.458, 7.964, 4.999, 0.0, 5.623, 10.302, 14.025, 16.352, 17.846, 19.244, 20.156, 21.138, 22.641, 24.075, 26.402, 30.411, 32.372, 32.497, 32.948, 33.402, 33.317, 33.741, 34.627, 34.507, 34.234, 35.906, 38.441, 39.147, 39.506, 40.722, 40.946, 40.665, 41.237, 42.004, 42.342, 42.726, 42.757, 42.594, 42.945, 42.662, 41.716, 41.391, 41.672, 42.105, 42.199, 41.946, 42.411, 43.61, 43.819, 42.42, 40.236, 38.706, 38.523, 38.596, 37.863, 37.592, 37.314, 37.07, 37.258, 37.511, 37.675, 37.727, 37.29, 36.777, 36.757, 36.834, 36.514, 36.209, 36.637, 38.082, 39.215, 39.04, 38.015, 37.297, 37.224, 36.657, 37.197, 39.196, 40.355, 39.955, 39.491, 39.369, 39.348, 39.382, 39.286, 39.261, 39.44, 39.743, 39.806, 39.582, 39.57, 40.041, 40.666, 41.132, 41.586, 42.383, 43.061, 42.832, 41.834, 40.904, 40.657, 39.423, 37.765, 37.889, 38.104, 38.349, 39.178, 39.672, 39.797, 40.074, 39.812, 39.125, 38.72, 38.858, 39.069, 38.945, 38.849, 39.215, 39.527, 39.472, 39.241, 39.413, 40.035, 40.622, 41.248, 42.252, 43.363, 44.313, 45.283, 45.546, 45.047, 43.712, 42.54, 42.062, 41.526, 40.748, 40.313, 40.275, 40.048, 27.801], [29.428, 28.244, 27.128, 25.969, 23.43, 18.399, 13.544, 11.253, 9.45, 5.623, 0.0, 5.923, 10.912, 13.886, 15.64, 17.273, 18.496, 19.815, 21.521, 23.066, 25.653, 29.976, 32.07, 32.183, 32.615, 33.109, 33.075, 33.551, 34.504, 34.491, 34.376, 36.253, 38.938, 39.704, 40.084, 41.29, 41.538, 41.291, 41.864, 42.611, 42.937, 43.304, 43.317, 43.141, 43.479, 43.19, 42.249, 41.925, 42.193, 42.617, 42.742, 42.54, 42.977, 44.094, 44.267, 42.891, 40.753, 39.223, 39.015, 39.115, 38.413, 38.112, 37.829, 37.626, 37.83, 38.077, 38.232, 38.296, 37.914, 37.43, 37.383, 37.442, 37.154, 36.876, 37.278, 38.638, 39.711, 39.55, 38.62, 37.974, 37.918, 37.419, 37.826, 39.554, 40.592, 40.239, 39.838, 39.703, 39.658, 39.693, 39.6, 39.565, 39.723, 39.991, 40.041, 39.821, 39.778, 40.194, 40.786, 41.23, 41.65, 42.4, 43.055, 42.862, 41.942, 41.07, 40.843, 39.737, 38.343, 38.585, 38.779, 38.984, 39.75, 40.207, 40.311, 40.563, 40.317, 39.672, 39.285, 39.408, 39.607, 39.493, 39.396, 39.723, 39.998, 39.935, 39.727, 39.912, 40.496, 41.006, 41.576, 42.533, 43.599, 44.515, 45.46, 45.709, 45.23, 43.957, 42.846, 42.382, 41.84, 41.073, 40.651, 40.612, 40.4, 29.608], [31.023, 29.955, 28.929, 27.858, 25.565, 21.083, 16.678, 14.367, 12.935, 10.302, 5.923, 0.0, 6.061, 10.169, 12.596, 14.619, 16.22, 17.918, 19.841, 21.572, 24.622, 29.401, 31.654, 31.773, 32.323, 33.014, 33.048, 33.474, 34.438, 34.576, 34.686, 36.764, 39.585, 40.441, 40.869, 42.045, 42.301, 42.098, 42.676, 43.405, 43.731, 44.097, 44.112, 43.929, 44.235, 43.946, 43.043, 42.744, 43.003, 43.408, 43.539, 43.39, 43.81, 44.848, 44.985, 43.637, 41.541, 40.016, 39.793, 39.924, 39.274, 38.929, 38.635, 38.461, 38.663, 38.902, 39.05, 39.128, 38.802, 38.343, 38.278, 38.329, 38.063, 37.804, 38.173, 39.426, 40.434, 40.306, 39.492, 38.941, 38.913, 38.474, 38.731, 40.148, 41.021, 40.709, 40.416, 40.311, 40.245, 40.274, 40.182, 40.114, 40.223, 40.446, 40.485, 40.273, 40.22, 40.599, 41.16, 41.589, 41.971, 42.666, 43.323, 43.17, 42.31, 41.504, 41.297, 40.286, 39.104, 39.43, 39.613, 39.792, 40.491, 40.907, 40.997, 41.235, 41.013, 40.418, 40.057, 40.165, 40.355, 40.26, 40.178, 40.483, 40.737, 40.668, 40.468, 40.657, 41.207, 41.629, 42.128, 43.061, 44.076, 44.949, 45.885, 46.127, 45.66, 44.45, 43.407, 42.969, 42.439, 41.69, 41.276, 41.242, 41.049, 31.167], [32.521, 31.556, 30.586, 29.53, 27.424, 23.506, 19.763, 17.637, 16.138, 14.025, 10.912, 6.061, 0.0, 5.123, 8.792, 11.669, 13.762, 15.873, 18.062, 20.011, 23.539, 28.792, 31.204, 31.327, 32.033, 32.977, 33.08, 33.413, 34.375, 34.687, 35.057, 37.292, 40.162, 41.084, 41.58, 42.747, 42.994, 42.833, 43.438, 44.164, 44.488, 44.847, 44.868, 44.688, 44.963, 44.676, 43.841, 43.603, 43.873, 44.267, 44.389, 44.305, 44.77, 45.791, 45.912, 44.585, 42.526, 41.033, 40.826, 40.981, 40.368, 39.98, 39.662, 39.49, 39.665, 39.886, 40.028, 40.115, 39.829, 39.38, 39.283, 39.317, 39.067, 38.823, 39.147, 40.279, 41.21, 41.108, 40.392, 39.93, 39.928, 39.563, 39.808, 41.097, 41.874, 41.586, 41.385, 41.319, 41.228, 41.244, 41.157, 41.062, 41.127, 41.316, 41.346, 41.14, 41.076, 41.415, 41.952, 42.381, 42.727, 43.35, 44.004, 43.872, 43.048, 42.305, 42.113, 41.179, 40.128, 40.416, 40.54, 40.702, 41.358, 41.734, 41.812, 42.038, 41.83, 41.271, 40.923, 41.016, 41.2, 41.126, 41.066, 41.376, 41.626, 41.549, 41.332, 41.495, 42.011, 42.358, 42.775, 43.674, 44.68, 45.568, 46.531, 46.776, 46.317, 45.166, 44.18, 43.761, 43.253, 42.534, 42.136, 42.117, 41.932, 32.679], [33.522, 32.64, 31.711, 30.636, 28.635, 25.084, 21.808, 19.893, 18.353, 16.352, 13.886, 10.169, 5.123, 0.0, 4.852, 9.06, 11.991, 14.634, 17.112, 19.193, 22.913, 28.381, 30.874, 30.993, 31.746, 32.782, 32.879, 33.123, 34.096, 34.542, 35.083, 37.379, 40.239, 41.186, 41.73, 42.912, 43.148, 42.999, 43.627, 44.356, 44.676, 45.032, 45.058, 44.886, 45.145, 44.866, 44.097, 43.925, 44.211, 44.61, 44.733, 44.684, 45.204, 46.26, 46.38, 45.03, 42.955, 41.487, 41.318, 41.495, 40.904, 40.511, 40.179, 39.997, 40.151, 40.358, 40.491, 40.572, 40.3, 39.863, 39.744, 39.771, 39.539, 39.301, 39.586, 40.654, 41.547, 41.442, 40.727, 40.29, 40.302, 39.988, 40.306, 41.639, 42.419, 42.133, 41.968, 41.93, 41.834, 41.841, 41.754, 41.647, 41.691, 41.862, 41.889, 41.699, 41.64, 41.961, 42.486, 42.914, 43.235, 43.813, 44.451, 44.3, 43.465, 42.735, 42.537, 41.636, 40.612, 40.831, 40.907, 41.043, 41.681, 42.045, 42.12, 42.338, 42.122, 41.559, 41.203, 41.284, 41.47, 41.403, 41.349, 41.672, 41.926, 41.842, 41.607, 41.743, 42.237, 42.561, 42.95, 43.836, 44.88, 45.853, 46.882, 47.135, 46.674, 45.538, 44.567, 44.156, 43.663, 42.964, 42.579, 42.57, 42.374, 33.715], [34.07, 33.237, 32.342, 31.252, 29.267, 25.871, 22.902, 21.243, 19.783, 17.846, 15.64, 12.596, 8.792, 4.852, 0.0, 5.236, 9.507, 13.187, 16.172, 18.43, 22.195, 27.754, 30.297, 30.418, 31.201, 32.313, 32.433, 32.632, 33.612, 34.143, 34.796, 37.147, 40.029, 40.994, 41.563, 42.754, 42.978, 42.817, 43.442, 44.167, 44.488, 44.852, 44.882, 44.71, 44.966, 44.695, 43.96, 43.815, 44.111, 44.526, 44.658, 44.607, 45.149, 46.242, 46.364, 44.959, 42.836, 41.378, 41.239, 41.434, 40.872, 40.516, 40.196, 40.015, 40.156, 40.349, 40.474, 40.543, 40.276, 39.867, 39.771, 39.835, 39.635, 39.394, 39.664, 40.737, 41.639, 41.526, 40.746, 40.269, 40.278, 39.961, 40.353, 41.785, 42.603, 42.292, 42.114, 42.088, 41.995, 41.987, 41.889, 41.77, 41.791, 41.946, 41.974, 41.797, 41.749, 42.072, 42.593, 43.009, 43.32, 43.893, 44.524, 44.346, 43.478, 42.74, 42.533, 41.615, 40.56, 40.761, 40.828, 40.926, 41.559, 41.939, 42.024, 42.244, 42.017, 41.433, 41.059, 41.131, 41.318, 41.249, 41.18, 41.501, 41.757, 41.676, 41.437, 41.557, 42.039, 42.374, 42.796, 43.699, 44.778, 45.833, 46.927, 47.174, 46.688, 45.542, 44.564, 44.161, 43.699, 43.026, 42.648, 42.645, 42.435, 34.284], [34.377, 33.572, 32.726, 31.664, 29.695, 26.386, 23.684, 22.335, 21.04, 19.244, 17.273, 14.619, 11.669, 9.06, 5.236, 0.0, 5.499, 10.641, 14.533, 17.163, 21.048, 26.754, 29.372, 29.49, 30.315, 31.572, 31.814, 32.051, 33.037, 33.608, 34.353, 36.807, 39.771, 40.783, 41.368, 42.567, 42.786, 42.621, 43.248, 43.979, 44.303, 44.678, 44.714, 44.542, 44.805, 44.543, 43.798, 43.626, 43.918, 44.345, 44.472, 44.389, 44.921, 46.022, 46.137, 44.698, 42.555, 41.11, 40.987, 41.186, 40.656, 40.353, 40.068, 39.891, 40.012, 40.188, 40.315, 40.389, 40.121, 39.726, 39.656, 39.751, 39.566, 39.331, 39.629, 40.748, 41.668, 41.546, 40.704, 40.178, 40.18, 39.83, 40.285, 41.827, 42.696, 42.352, 42.127, 42.095, 42.004, 41.977, 41.864, 41.734, 41.734, 41.886, 41.919, 41.745, 41.704, 42.042, 42.565, 42.97, 43.286, 43.878, 44.513, 44.318, 43.421, 42.671, 42.453, 41.499, 40.392, 40.585, 40.652, 40.729, 41.376, 41.776, 41.873, 42.105, 41.868, 41.263, 40.884, 40.962, 41.152, 41.079, 40.995, 41.305, 41.552, 41.462, 41.211, 41.316, 41.784, 42.131, 42.6, 43.526, 44.575, 45.598, 46.689, 46.923, 46.413, 45.274, 44.305, 43.917, 43.503, 42.862, 42.49, 42.496, 42.285, 34.599], [34.256, 33.479, 32.703, 31.708, 29.784, 26.513, 23.971, 22.876, 21.755, 20.156, 18.496, 16.22, 13.762, 11.991, 9.507, 5.499, 0.0, 6.278, 11.527, 14.938, 19.116, 25.073, 27.811, 27.942, 28.848, 30.295, 30.686, 31.009, 32.04, 32.631, 33.466, 36.104, 39.224, 40.312, 40.918, 42.131, 42.352, 42.195, 42.848, 43.603, 43.935, 44.324, 44.4, 44.273, 44.566, 44.319, 43.569, 43.372, 43.661, 44.095, 44.204, 44.073, 44.566, 45.641, 45.739, 44.287, 42.155, 40.73, 40.616, 40.799, 40.275, 40.001, 39.752, 39.577, 39.676, 39.843, 39.987, 40.072, 39.787, 39.372, 39.303, 39.395, 39.202, 38.976, 39.338, 40.525, 41.462, 41.328, 40.439, 39.882, 39.888, 39.512, 40.05, 41.727, 42.658, 42.288, 42.008, 41.966, 41.876, 41.84, 41.724, 41.595, 41.597, 41.76, 41.803, 41.632, 41.614, 41.99, 42.528, 42.932, 43.265, 43.898, 44.554, 44.342, 43.396, 42.61, 42.38, 41.359, 40.113, 40.246, 40.313, 40.392, 41.061, 41.47, 41.569, 41.81, 41.564, 40.94, 40.567, 40.669, 40.866, 40.791, 40.716, 41.032, 41.271, 41.16, 40.889, 40.981, 41.444, 41.81, 42.323, 43.266, 44.251, 45.173, 46.222, 46.459, 45.946, 44.826, 43.872, 43.499, 43.11, 42.474, 42.094, 42.1, 41.889, 34.475], [34.238, 33.483, 32.755, 31.86, 30.052, 26.842, 24.396, 23.469, 22.502, 21.138, 19.815, 17.918, 15.873, 14.634, 13.187, 10.641, 6.278, 0.0, 6.535, 11.411, 16.74, 23.237, 26.079, 26.27, 27.442, 29.173, 29.678, 30.087, 31.187, 31.75, 32.628, 35.469, 38.764, 39.938, 40.579, 41.788, 41.987, 41.843, 42.538, 43.334, 43.685, 44.089, 44.216, 44.172, 44.525, 44.298, 43.551, 43.345, 43.629, 44.071, 44.173, 44.002, 44.434, 45.455, 45.538, 44.111, 42.039, 40.659, 40.547, 40.699, 40.152, 39.855, 39.626, 39.465, 39.554, 39.729, 39.9, 40.001, 39.706, 39.275, 39.2, 39.286, 39.087, 38.871, 39.3, 40.545, 41.488, 41.351, 40.451, 39.884, 39.901, 39.506, 40.14, 41.941, 42.908, 42.526, 42.217, 42.173, 42.082, 42.039, 41.923, 41.805, 41.826, 42.009, 42.05, 41.868, 41.868, 42.283, 42.841, 43.25, 43.607, 44.293, 44.98, 44.751, 43.745, 42.919, 42.69, 41.595, 40.158, 40.193, 40.257, 40.34, 41.02, 41.425, 41.517, 41.762, 41.52, 40.895, 40.527, 40.641, 40.834, 40.759, 40.707, 41.048, 41.296, 41.182, 40.908, 41.003, 41.459, 41.817, 42.34, 43.304, 44.234, 45.066, 46.084, 46.333, 45.828, 44.742, 43.821, 43.458, 43.072, 42.421, 42.021, 42.016, 41.8, 34.462], [34.857, 34.114, 33.398, 32.628, 31.037, 27.994, 25.577, 24.664, 23.805, 22.641, 21.521, 19.841, 18.062, 17.112, 16.172, 14.533, 11.527, 6.535, 0.0, 6.75, 14.943, 22.614, 25.552, 25.791, 27.26, 29.188, 29.71, 30.21, 31.376, 31.858, 32.667, 35.574, 38.948, 40.176, 40.861, 42.056, 42.239, 42.118, 42.847, 43.668, 44.045, 44.45, 44.569, 44.536, 44.928, 44.738, 43.994, 43.766, 44.041, 44.476, 44.57, 44.388, 44.773, 45.749, 45.849, 44.489, 42.5, 41.17, 41.072, 41.219, 40.656, 40.302, 40.059, 39.902, 39.972, 40.142, 40.339, 40.472, 40.207, 39.787, 39.696, 39.764, 39.57, 39.383, 39.842, 41.074, 41.984, 41.855, 40.987, 40.436, 40.464, 40.07, 40.743, 42.555, 43.502, 43.139, 42.836, 42.787, 42.689, 42.639, 42.519, 42.409, 42.454, 42.657, 42.689, 42.48, 42.471, 42.886, 43.441, 43.858, 44.249, 44.955, 45.64, 45.416, 44.413, 43.589, 43.375, 42.271, 40.783, 40.755, 40.788, 40.872, 41.54, 41.918, 41.993, 42.236, 42.017, 41.41, 41.037, 41.132, 41.308, 41.236, 41.196, 41.533, 41.787, 41.68, 41.407, 41.508, 41.938, 42.22, 42.675, 43.634, 44.52, 45.261, 46.247, 46.498, 46.007, 44.988, 44.125, 43.776, 43.384, 42.73, 42.328, 42.328, 42.129, 35.08], [35.665, 34.927, 34.188, 33.418, 31.9, 28.993, 26.665, 25.843, 25.117, 24.075, 23.066, 21.572, 20.011, 19.193, 18.43, 17.163, 14.938, 11.411, 6.75, 0.0, 10.57, 19.997, 23.488, 23.707, 25.344, 27.578, 28.204, 28.837, 30.216, 30.859, 31.793, 34.896, 38.482, 39.848, 40.594, 41.8, 41.992, 41.916, 42.706, 43.558, 43.947, 44.357, 44.472, 44.432, 44.832, 44.723, 44.113, 43.965, 44.259, 44.691, 44.795, 44.626, 45.004, 45.979, 46.105, 44.778, 42.804, 41.485, 41.378, 41.524, 41.009, 40.676, 40.418, 40.263, 40.321, 40.456, 40.625, 40.755, 40.522, 40.123, 40.009, 40.062, 39.874, 39.684, 40.102, 41.278, 42.164, 42.05, 41.204, 40.671, 40.72, 40.346, 40.986, 42.74, 43.671, 43.334, 43.063, 43.019, 42.908, 42.849, 42.72, 42.607, 42.649, 42.833, 42.852, 42.637, 42.606, 42.986, 43.524, 43.95, 44.356, 45.045, 45.709, 45.498, 44.542, 43.765, 43.569, 42.509, 41.13, 41.161, 41.192, 41.281, 41.897, 42.224, 42.283, 42.515, 42.296, 41.703, 41.325, 41.386, 41.536, 41.473, 41.453, 41.793, 42.054, 41.949, 41.678, 41.808, 42.253, 42.492, 42.862, 43.777, 44.675, 45.406, 46.421, 46.712, 46.208, 45.185, 44.349, 44.007, 43.615, 42.982, 42.599, 42.614, 42.446, 35.865], [37.17, 36.471, 35.709, 34.789, 33.127, 30.329, 28.388, 27.938, 27.352, 26.402, 25.653, 24.622, 23.539, 22.913, 22.195, 21.048, 19.116, 16.74, 14.943, 10.57, 0.0, 11.178, 16.01, 16.299, 18.135, 21.32, 22.497, 23.45, 25.441, 26.843, 28.548, 32.337, 36.478, 38.122, 38.9, 40.077, 40.268, 40.254, 41.128, 42.026, 42.422, 42.848, 43.03, 43.072, 43.485, 43.543, 43.372, 43.571, 43.943, 44.362, 44.488, 44.351, 44.753, 45.726, 45.861, 44.573, 42.703, 41.489, 41.358, 41.482, 41.165, 41.007, 40.789, 40.672, 40.724, 40.772, 40.822, 40.89, 40.711, 40.388, 40.245, 40.274, 40.128, 39.877, 40.095, 41.086, 41.938, 41.858, 41.058, 40.586, 40.688, 40.413, 41.037, 42.709, 43.648, 43.318, 43.064, 43.051, 42.952, 42.879, 42.738, 42.629, 42.637, 42.74, 42.743, 42.575, 42.529, 42.836, 43.341, 43.741, 44.102, 44.747, 45.385, 45.154, 44.235, 43.531, 43.35, 42.34, 41.085, 41.261, 41.419, 41.52, 42.063, 42.356, 42.408, 42.609, 42.365, 41.804, 41.467, 41.508, 41.621, 41.569, 41.589, 41.952, 42.219, 42.124, 41.882, 42.058, 42.564, 42.877, 43.237, 44.089, 45.003, 45.752, 46.826, 47.178, 46.637, 45.568, 44.761, 44.455, 44.117, 43.553, 43.185, 43.177, 43.0, 37.309], [39.746, 39.16, 38.466, 37.515, 35.845, 33.308, 31.846, 31.701, 31.208, 30.411, 29.976, 29.401, 28.792, 28.381, 27.754, 26.754, 25.073, 23.237, 22.614, 19.997, 11.178, 0.0, 6.096, 7.191, 9.935, 14.517, 16.595, 18.129, 20.938, 23.371, 26.208, 30.732, 35.198, 36.904, 37.57, 38.595, 38.75, 38.765, 39.63, 40.517, 40.909, 41.331, 41.599, 41.801, 42.248, 42.449, 42.804, 43.48, 43.964, 44.353, 44.497, 44.414, 44.833, 45.749, 45.898, 44.763, 43.194, 42.218, 42.084, 42.204, 42.112, 42.083, 41.93, 41.891, 41.922, 41.862, 41.787, 41.817, 41.768, 41.598, 41.431, 41.432, 41.382, 41.102, 41.073, 41.785, 42.531, 42.483, 41.784, 41.408, 41.543, 41.432, 42.155, 43.76, 44.679, 44.327, 44.043, 44.059, 44.003, 43.916, 43.769, 43.693, 43.699, 43.735, 43.733, 43.64, 43.598, 43.834, 44.295, 44.635, 44.91, 45.468, 46.032, 45.763, 44.885, 44.25, 44.085, 43.148, 41.966, 42.15, 42.393, 42.466, 42.924, 43.218, 43.257, 43.403, 43.166, 42.696, 42.461, 42.545, 42.662, 42.615, 42.623, 42.938, 43.181, 43.107, 42.905, 43.093, 43.608, 43.985, 44.386, 45.202, 46.03, 46.687, 47.73, 48.088, 47.549, 46.534, 45.837, 45.617, 45.374, 44.904, 44.551, 44.491, 44.269, 39.824], [40.833, 40.29, 39.644, 38.735, 37.128, 34.758, 33.521, 33.499, 33.065, 32.372, 32.07, 31.654, 31.204, 30.874, 30.297, 29.372, 27.811, 26.079, 25.552, 23.488, 16.01, 6.096, 0.0, 3.087, 7.735, 12.74, 15.107, 16.934, 20.015, 22.726, 25.861, 30.49, 34.926, 36.569, 37.17, 38.139, 38.281, 38.293, 39.139, 40.022, 40.419, 40.843, 41.15, 41.427, 41.903, 42.127, 42.625, 43.497, 44.06, 44.449, 44.598, 44.539, 44.973, 45.882, 46.06, 45.002, 43.561, 42.677, 42.546, 42.668, 42.641, 42.639, 42.516, 42.522, 42.554, 42.453, 42.324, 42.344, 42.353, 42.244, 42.072, 42.068, 42.054, 41.772, 41.672, 42.294, 43.001, 42.957, 42.284, 41.937, 42.078, 42.018, 42.836, 44.482, 45.397, 45.02, 44.713, 44.739, 44.7, 44.601, 44.449, 44.392, 44.409, 44.435, 44.44, 44.375, 44.331, 44.544, 44.993, 45.3, 45.527, 46.044, 46.568, 46.28, 45.417, 44.799, 44.638, 43.719, 42.531, 42.657, 42.879, 42.915, 43.34, 43.641, 43.68, 43.806, 43.58, 43.155, 42.967, 43.075, 43.199, 43.149, 43.127, 43.396, 43.633, 43.582, 43.408, 43.599, 44.107, 44.497, 44.915, 45.725, 46.5, 47.117, 48.148, 48.492, 47.964, 46.999, 46.35, 46.156, 45.94, 45.507, 45.173, 45.1, 44.856, 40.894], [40.798, 40.253, 39.631, 38.755, 37.179, 34.833, 33.605, 33.592, 33.183, 32.497, 32.183, 31.773, 31.327, 30.993, 30.418, 29.49, 27.942, 26.27, 25.791, 23.707, 16.299, 7.191, 3.087, 0.0, 5.857, 11.708, 14.464, 16.408, 19.511, 22.271, 25.503, 30.209, 34.699, 36.383, 37.023, 38.016, 38.162, 38.181, 39.052, 39.955, 40.357, 40.783, 41.096, 41.388, 41.873, 42.085, 42.557, 43.43, 44.017, 44.417, 44.568, 44.509, 44.952, 45.877, 46.067, 45.004, 43.526, 42.618, 42.48, 42.588, 42.562, 42.579, 42.468, 42.487, 42.531, 42.426, 42.282, 42.284, 42.274, 42.148, 41.969, 41.966, 41.951, 41.672, 41.592, 42.241, 42.964, 42.921, 42.245, 41.894, 42.029, 41.964, 42.773, 44.42, 45.334, 44.958, 44.655, 44.68, 44.639, 44.539, 44.385, 44.324, 44.333, 44.353, 44.361, 44.296, 44.239, 44.444, 44.89, 45.192, 45.41, 45.931, 46.462, 46.161, 45.283, 44.663, 44.504, 43.574, 42.373, 42.495, 42.717, 42.765, 43.212, 43.526, 43.57, 43.698, 43.466, 43.032, 42.838, 42.94, 43.06, 43.007, 42.983, 43.253, 43.496, 43.465, 43.315, 43.514, 44.032, 44.44, 44.861, 45.651, 46.419, 47.041, 48.072, 48.406, 47.871, 46.907, 46.254, 46.053, 45.831, 45.402, 45.08, 45.015, 44.773, 40.864], [41.078, 40.59, 40.102, 39.337, 37.812, 35.416, 34.075, 34.025, 33.647, 32.948, 32.615, 32.323, 32.033, 31.746, 31.201, 30.315, 28.848, 27.442, 27.26, 25.344, 18.135, 9.935, 7.735, 5.857, 0.0, 6.996, 11.131, 13.952, 17.344, 20.365, 24.268, 29.636, 34.361, 36.053, 36.765, 37.881, 38.093, 38.104, 38.966, 39.886, 40.285, 40.694, 40.996, 41.299, 41.793, 41.989, 42.46, 43.357, 43.964, 44.371, 44.555, 44.522, 44.948, 45.839, 46.009, 44.926, 43.384, 42.445, 42.309, 42.406, 42.378, 42.425, 42.336, 42.362, 42.416, 42.319, 42.171, 42.16, 42.145, 42.02, 41.821, 41.8, 41.783, 41.508, 41.452, 42.141, 42.88, 42.826, 42.142, 41.784, 41.891, 41.813, 42.597, 44.199, 45.107, 44.74, 44.429, 44.433, 44.385, 44.292, 44.144, 44.094, 44.112, 44.137, 44.155, 44.105, 44.047, 44.249, 44.691, 44.989, 45.201, 45.733, 46.269, 45.968, 45.074, 44.438, 44.276, 43.35, 42.163, 42.284, 42.517, 42.613, 43.111, 43.439, 43.467, 43.586, 43.348, 42.909, 42.734, 42.879, 43.027, 42.966, 42.927, 43.18, 43.404, 43.379, 43.228, 43.394, 43.903, 44.362, 44.826, 45.599, 46.3, 46.813, 47.766, 48.059, 47.521, 46.561, 45.92, 45.733, 45.511, 45.082, 44.761, 44.687, 44.44, 41.124], [41.275, 40.831, 40.439, 39.759, 38.292, 35.891, 34.486, 34.416, 34.079, 33.402, 33.109, 33.014, 32.977, 32.782, 32.313, 31.572, 30.295, 29.173, 29.188, 27.578, 21.32, 14.517, 12.74, 11.708, 6.996, 0.0, 5.849, 10.615, 14.904, 18.089, 22.533, 28.69, 33.762, 35.419, 36.139, 37.388, 37.703, 37.711, 38.545, 39.468, 39.865, 40.27, 40.557, 40.828, 41.313, 41.504, 42.012, 43.009, 43.671, 44.095, 44.337, 44.351, 44.765, 45.642, 45.827, 44.746, 43.125, 42.107, 41.955, 42.075, 42.039, 42.088, 42.005, 42.027, 42.09, 42.017, 41.887, 41.887, 41.87, 41.742, 41.531, 41.487, 41.455, 41.19, 41.166, 41.897, 42.656, 42.595, 41.898, 41.522, 41.602, 41.515, 42.313, 43.897, 44.789, 44.42, 44.093, 44.069, 44.0, 43.918, 43.788, 43.759, 43.81, 43.861, 43.896, 43.869, 43.823, 44.02, 44.46, 44.766, 44.973, 45.5, 46.025, 45.749, 44.872, 44.21, 44.037, 43.137, 42.013, 42.155, 42.344, 42.431, 42.944, 43.267, 43.263, 43.37, 43.13, 42.688, 42.527, 42.714, 42.895, 42.833, 42.781, 43.01, 43.213, 43.181, 43.004, 43.137, 43.629, 44.079, 44.54, 45.321, 45.971, 46.366, 47.267, 47.556, 47.028, 46.054, 45.405, 45.23, 45.0, 44.552, 44.227, 44.146, 43.904, 41.269], [40.937, 40.494, 40.082, 39.374, 37.932, 35.638, 34.328, 34.266, 33.94, 33.317, 33.075, 33.048, 33.08, 32.879, 32.433, 31.814, 30.686, 29.678, 29.71, 28.204, 22.497, 16.595, 15.107, 14.464, 11.131, 5.849, 0.0, 6.347, 12.2, 16.018, 20.648, 27.108, 32.507, 34.281, 35.06, 36.418, 36.791, 36.821, 37.692, 38.648, 39.061, 39.496, 39.783, 40.011, 40.475, 40.68, 41.273, 42.435, 43.19, 43.633, 43.908, 43.992, 44.497, 45.467, 45.699, 44.593, 42.832, 41.645, 41.449, 41.604, 41.548, 41.563, 41.459, 41.468, 41.54, 41.492, 41.382, 41.393, 41.352, 41.186, 40.976, 40.935, 40.878, 40.616, 40.646, 41.444, 42.246, 42.196, 41.481, 41.07, 41.136, 41.045, 41.894, 43.528, 44.419, 44.04, 43.739, 43.736, 43.663, 43.589, 43.464, 43.434, 43.491, 43.552, 43.587, 43.562, 43.529, 43.727, 44.173, 44.504, 44.725, 45.243, 45.763, 45.491, 44.618, 43.93, 43.745, 42.858, 41.745, 41.904, 42.073, 42.129, 42.636, 42.968, 42.962, 43.075, 42.829, 42.364, 42.175, 42.349, 42.534, 42.478, 42.43, 42.667, 42.886, 42.847, 42.636, 42.766, 43.26, 43.654, 44.089, 44.909, 45.611, 46.063, 47.035, 47.372, 46.84, 45.802, 45.106, 44.927, 44.676, 44.19, 43.847, 43.76, 43.505, 40.888], [40.53, 40.152, 39.841, 39.152, 37.711, 35.595, 34.557, 34.577, 34.267, 33.741, 33.551, 33.474, 33.413, 33.123, 32.632, 32.051, 31.009, 30.087, 30.21, 28.837, 23.45, 18.129, 16.934, 16.408, 13.952, 10.615, 6.347, 0.0, 7.27, 13.05, 19.018, 25.619, 30.94, 32.851, 33.976, 35.592, 35.991, 36.018, 36.95, 37.96, 38.393, 38.857, 39.162, 39.393, 39.852, 40.086, 40.782, 42.073, 42.912, 43.386, 43.653, 43.764, 44.372, 45.445, 45.697, 44.515, 42.595, 41.256, 41.053, 41.212, 41.077, 41.032, 40.909, 40.914, 40.979, 40.918, 40.785, 40.784, 40.745, 40.58, 40.394, 40.387, 40.33, 40.075, 40.188, 41.104, 41.963, 41.914, 41.161, 40.7, 40.748, 40.657, 41.6, 43.354, 44.263, 43.87, 43.604, 43.649, 43.588, 43.503, 43.369, 43.328, 43.366, 43.412, 43.441, 43.41, 43.381, 43.595, 44.053, 44.394, 44.612, 45.129, 45.665, 45.366, 44.446, 43.729, 43.546, 42.647, 41.418, 41.49, 41.67, 41.734, 42.274, 42.65, 42.67, 42.801, 42.548, 42.06, 41.865, 42.057, 42.257, 42.193, 42.132, 42.368, 42.597, 42.541, 42.293, 42.411, 42.91, 43.319, 43.835, 44.701, 45.418, 45.969, 47.013, 47.357, 46.801, 45.722, 44.997, 44.823, 44.574, 44.069, 43.697, 43.581, 43.259, 40.491], [40.21, 39.954, 39.924, 39.43, 38.004, 35.936, 35.094, 35.254, 35.035, 34.627, 34.504, 34.438, 34.375, 34.096, 33.612, 33.037, 32.04, 31.187, 31.376, 30.216, 25.441, 20.938, 20.015, 19.511, 17.344, 14.904, 12.2, 7.27, 0.0, 8.179, 16.932, 24.517, 29.676, 31.524, 33.11, 35.141, 35.604, 35.592, 36.564, 37.633, 38.079, 38.542, 38.843, 39.065, 39.536, 39.796, 40.505, 41.8, 42.681, 43.198, 43.46, 43.531, 44.128, 45.225, 45.481, 44.243, 42.248, 40.864, 40.698, 40.834, 40.596, 40.491, 40.366, 40.371, 40.419, 40.336, 40.186, 40.183, 40.162, 40.032, 39.893, 39.93, 39.888, 39.662, 39.89, 40.946, 41.838, 41.756, 40.944, 40.431, 40.449, 40.336, 41.391, 43.288, 44.218, 43.792, 43.508, 43.566, 43.507, 43.393, 43.244, 43.208, 43.249, 43.306, 43.332, 43.269, 43.246, 43.519, 43.998, 44.342, 44.583, 45.132, 45.691, 45.359, 44.355, 43.597, 43.435, 42.483, 41.08, 41.025, 41.199, 41.3, 41.927, 42.362, 42.407, 42.557, 42.306, 41.802, 41.624, 41.866, 42.097, 42.015, 41.911, 42.106, 42.321, 42.254, 41.984, 42.067, 42.546, 43.003, 43.647, 44.539, 45.153, 45.639, 46.634, 46.92, 46.347, 45.281, 44.559, 44.396, 44.162, 43.655, 43.266, 43.129, 42.749, 40.227], [39.13, 38.915, 39.117, 38.847, 37.497, 35.389, 34.549, 34.824, 34.769, 34.507, 34.491, 34.576, 34.687, 34.542, 34.143, 33.608, 32.631, 31.75, 31.858, 30.859, 26.843, 23.371, 22.726, 22.271, 20.365, 18.089, 16.018, 13.05, 8.179, 0.0, 11.071, 21.125, 27.471, 29.435, 31.157, 33.55, 34.159, 34.147, 35.228, 36.432, 36.915, 37.388, 37.665, 37.841, 38.341, 38.611, 39.306, 40.662, 41.595, 42.159, 42.479, 42.525, 43.089, 44.266, 44.6, 43.338, 41.278, 39.819, 39.613, 39.755, 39.496, 39.382, 39.259, 39.242, 39.312, 39.284, 39.189, 39.201, 39.102, 38.894, 38.766, 38.835, 38.763, 38.532, 38.854, 40.062, 41.004, 40.893, 40.009, 39.45, 39.469, 39.246, 40.299, 42.328, 43.312, 42.842, 42.484, 42.509, 42.428, 42.306, 42.158, 42.14, 42.232, 42.361, 42.402, 42.309, 42.326, 42.688, 43.205, 43.583, 43.904, 44.533, 45.132, 44.794, 43.708, 42.871, 42.697, 41.654, 40.171, 40.172, 40.335, 40.433, 41.15, 41.647, 41.721, 41.914, 41.66, 41.097, 40.865, 41.09, 41.32, 41.218, 41.061, 41.213, 41.42, 41.371, 41.117, 41.21, 41.691, 42.15, 42.842, 43.753, 44.285, 44.667, 45.602, 45.86, 45.265, 44.137, 43.338, 43.131, 42.88, 42.359, 41.973, 41.853, 41.498, 39.17], [37.339, 37.077, 37.36, 37.201, 36.074, 34.355, 33.79, 34.169, 34.286, 34.234, 34.376, 34.686, 35.057, 35.083, 34.796, 34.353, 33.466, 32.628, 32.667, 31.793, 28.548, 26.208, 25.861, 25.503, 24.268, 22.533, 20.648, 19.018, 16.932, 11.071, 0.0, 12.749, 22.038, 25.156, 26.698, 29.209, 30.054, 30.184, 31.524, 32.992, 33.575, 34.096, 34.351, 34.467, 35.015, 35.325, 36.178, 37.924, 39.012, 39.589, 40.02, 40.146, 40.796, 42.209, 42.74, 41.564, 39.609, 38.255, 38.035, 38.17, 37.951, 37.939, 37.837, 37.798, 37.945, 38.03, 38.01, 38.035, 37.794, 37.374, 37.151, 37.199, 37.058, 36.734, 36.988, 38.251, 39.277, 39.194, 38.322, 37.822, 37.906, 37.518, 38.404, 40.563, 41.651, 41.172, 40.75, 40.734, 40.616, 40.502, 40.367, 40.364, 40.507, 40.717, 40.79, 40.701, 40.761, 41.148, 41.681, 42.089, 42.479, 43.205, 43.867, 43.54, 42.437, 41.543, 41.329, 40.203, 38.756, 38.975, 39.165, 39.228, 39.96, 40.508, 40.656, 40.92, 40.63, 39.964, 39.626, 39.779, 39.983, 39.858, 39.66, 39.792, 40.017, 40.002, 39.81, 40.0, 40.528, 40.897, 41.486, 42.417, 42.998, 43.416, 44.381, 44.672, 44.05, 42.789, 41.85, 41.557, 41.251, 40.701, 40.332, 40.27, 40.017, 37.31], [36.537, 36.284, 36.575, 36.385, 35.59, 34.823, 35.053, 35.591, 35.762, 35.906, 36.253, 36.764, 37.292, 37.379, 37.147, 36.807, 36.104, 35.469, 35.574, 34.896, 32.337, 30.732, 30.49, 30.209, 29.636, 28.69, 27.108, 25.619, 24.517, 21.125, 12.749, 0.0, 12.251, 18.151, 20.259, 22.797, 23.781, 24.189, 26.013, 27.891, 28.655, 29.268, 29.568, 29.779, 30.48, 30.965, 32.191, 34.461, 35.736, 36.293, 36.798, 37.104, 38.034, 39.728, 40.41, 39.367, 37.846, 37.139, 37.186, 37.209, 37.041, 37.322, 37.359, 37.344, 37.534, 37.656, 37.636, 37.654, 37.357, 36.815, 36.465, 36.454, 36.283, 35.843, 35.838, 36.936, 37.977, 37.934, 37.189, 36.889, 37.089, 36.673, 37.52, 39.909, 41.106, 40.656, 40.284, 40.326, 40.211, 40.074, 39.932, 39.92, 40.066, 40.292, 40.386, 40.344, 40.412, 40.745, 41.242, 41.63, 42.015, 42.766, 43.435, 43.054, 41.939, 41.053, 40.833, 39.697, 38.231, 38.425, 38.594, 38.634, 39.285, 39.825, 40.046, 40.35, 40.021, 39.33, 38.989, 39.146, 39.357, 39.213, 39.015, 39.2, 39.469, 39.484, 39.327, 39.555, 40.139, 40.54, 41.102, 42.034, 42.746, 43.391, 44.446, 44.767, 44.151, 42.843, 41.85, 41.52, 41.178, 40.606, 40.228, 40.176, 39.953, 36.433], [37.441, 37.306, 37.664, 37.462, 36.839, 36.661, 37.412, 38.089, 38.239, 38.441, 38.938, 39.585, 40.162, 40.239, 40.029, 39.771, 39.224, 38.764, 38.948, 38.482, 36.478, 35.198, 34.926, 34.699, 34.361, 33.762, 32.507, 30.94, 29.676, 27.471, 22.038, 12.251, 0.0, 9.214, 14.419, 18.363, 19.382, 19.802, 22.113, 24.41, 25.346, 26.05, 26.517, 27.061, 27.965, 28.661, 30.382, 33.051, 34.426, 34.996, 35.528, 36.042, 37.394, 39.356, 40.115, 39.104, 37.786, 37.522, 37.866, 37.832, 37.641, 38.102, 38.258, 38.242, 38.405, 38.487, 38.403, 38.379, 38.096, 37.559, 37.177, 37.159, 37.002, 36.539, 36.444, 37.439, 38.443, 38.345, 37.526, 37.229, 37.47, 37.219, 38.348, 40.965, 42.209, 41.772, 41.493, 41.618, 41.516, 41.318, 41.138, 41.116, 41.235, 41.416, 41.508, 41.508, 41.574, 41.885, 42.365, 42.717, 43.051, 43.755, 44.369, 43.918, 42.745, 41.84, 41.634, 40.523, 38.862, 38.671, 38.765, 38.904, 39.583, 40.103, 40.324, 40.625, 40.333, 39.733, 39.52, 39.821, 40.107, 39.944, 39.759, 39.998, 40.288, 40.315, 40.134, 40.288, 40.88, 41.428, 42.08, 42.954, 43.679, 44.401, 45.494, 45.856, 45.292, 44.014, 43.046, 42.768, 42.464, 41.889, 41.472, 41.355, 41.021, 37.375], [37.898, 37.842, 38.268, 38.067, 37.422, 37.251, 38.051, 38.784, 38.943, 39.147, 39.704, 40.441, 41.084, 41.186, 40.994, 40.783, 40.312, 39.938, 40.176, 39.848, 38.122, 36.904, 36.569, 36.383, 36.053, 35.419, 34.281, 32.851, 31.524, 29.435, 25.156, 18.151, 9.214, 0.0, 8.702, 15.252, 16.83, 16.96, 19.33, 21.883, 22.941, 23.701, 24.227, 24.942, 25.968, 26.777, 28.859, 31.887, 33.415, 34.086, 34.688, 35.365, 37.029, 39.227, 40.108, 39.217, 37.963, 37.64, 38.01, 38.172, 38.092, 38.499, 38.575, 38.523, 38.69, 38.748, 38.606, 38.549, 38.273, 37.737, 37.346, 37.332, 37.184, 36.721, 36.638, 37.628, 38.604, 38.435, 37.489, 37.097, 37.289, 37.17, 38.511, 41.179, 42.446, 41.984, 41.683, 41.818, 41.728, 41.52, 41.333, 41.308, 41.416, 41.582, 41.665, 41.658, 41.706, 42.018, 42.508, 42.842, 43.131, 43.806, 44.383, 43.912, 42.732, 41.835, 41.658, 40.568, 38.841, 38.455, 38.5, 38.728, 39.514, 40.063, 40.269, 40.573, 40.327, 39.777, 39.619, 40.004, 40.336, 40.155, 39.972, 40.227, 40.507, 40.525, 40.31, 40.415, 40.992, 41.567, 42.248, 43.105, 43.805, 44.459, 45.577, 45.956, 45.41, 44.14, 43.169, 42.922, 42.658, 42.077, 41.629, 41.458, 41.034, 37.893], [38.372, 38.282, 38.605, 38.313, 37.7, 37.576, 38.371, 39.094, 39.275, 39.506, 40.084, 40.869, 41.58, 41.73, 41.563, 41.368, 40.918, 40.579, 40.861, 40.594, 38.9, 37.57, 37.17, 37.023, 36.765, 36.139, 35.06, 33.976, 33.11, 31.157, 26.698, 20.259, 14.419, 8.702, 0.0, 8.137, 11.001, 11.58, 14.057, 16.896, 18.195, 19.138, 19.816, 20.778, 21.977, 22.925, 25.528, 29.169, 30.898, 31.607, 32.336, 33.205, 35.109, 37.541, 38.636, 38.094, 37.29, 37.18, 37.545, 37.966, 38.351, 38.937, 38.967, 38.92, 39.118, 39.187, 39.045, 38.994, 38.736, 38.182, 37.685, 37.581, 37.461, 36.973, 36.744, 37.591, 38.483, 38.308, 37.471, 37.204, 37.444, 37.337, 38.523, 41.08, 42.375, 41.936, 41.611, 41.757, 41.701, 41.526, 41.358, 41.323, 41.412, 41.548, 41.613, 41.647, 41.73, 42.002, 42.46, 42.773, 43.019, 43.651, 44.188, 43.721, 42.612, 41.753, 41.575, 40.544, 39.039, 38.889, 38.981, 39.161, 39.892, 40.419, 40.612, 40.897, 40.654, 40.131, 39.969, 40.316, 40.616, 