[[0.0, 5.363, 10.311, 13.377, 15.216, 16.885, 18.929, 20.57, 21.501, 22.351, 23.771, 25.509, 27.196, 28.81, 29.603, 30.27, 30.703, 30.883, 31.652, 32.929, 33.859, 34.06, 34.188, 34.481, 34.591, 34.516, 34.362, 33.957, 33.766, 34.359, 34.687, 34.505, 34.141, 33.929, 34.445, 35.796, 36.589, 36.287, 36.525, 37.432, 37.103, 36.553, 36.732, 37.008, 37.31, 37.43, 37.398, 37.389, 37.209, 36.773, 36.852, 37.741, 38.283, 37.451, 37.255, 37.685, 37.97, 38.449, 38.886, 39.048, 38.694, 37.812, 37.326, 38.419, 40.395, 41.355, 41.346, 41.847, 42.998, 43.371, 42.974, 42.26, 41.211, 40.297, 40.084, 40.464, 40.089, 39.482, 40.348, 41.899, 41.96, 40.897, 40.198, 40.29, 40.14, 39.907, 39.896, 39.243, 38.258, 38.026, 39.609, 41.906, 42.443, 42.122, 42.557, 42.541, 41.734, 43.165, 48.161, 53.01, 54.4, 54.387, 56.973, 62.565, 66.007, 65.995, 65.13, 65.301, 66.729, 68.51, 68.825, 67.839, 68.613, 72.14, 74.527, 73.754, 71.942, 72.252, 74.116, 75.113, 74.95, 74.652, 74.396, 73.174, 69.287, 63.995, 63.933, 69.086, 69.558, 61.399, 58.479, 65.194, 69.871, 68.905, 66.863, 67.45, 69.344, 69.854, 69.011, 68.911, 69.727, 70.519, 70.523, 69.304, 67.536, 66.989, 67.513, 67.768, 67.526, 67.165, 66.261, 63.753, 58.891, 53.838, 51.545, 52.123, 50.713, 44.948, 41.75, 42.812, 42.945, 41.389, 39.793, 39.213, 39.136, 38.74, 38.004, 37.783, 39.752, 42.677, 43.732, 43.959, 45.497, 47.002, 47.339, 48.047, 49.83, 50.317, 48.441, 46.786, 46.264, 47.12, 48.717, 48.883, 47.919, 47.549, 47.84, 47.914, 47.405, 46.48, 45.972, 46.642, 47.357, 45.433, 40.676, 38.014, 38.786, 39.313, 38.905, 38.381, 37.311, 36.072, 35.115, 33.06, 5.236], [5.363, 0.0, 5.812, 9.785, 12.157, 14.051, 16.422, 18.422, 19.588, 20.622, 22.235, 24.135, 26.005, 27.824, 28.691, 29.357, 29.794, 30.0, 30.876, 32.306, 33.341, 33.614, 33.78, 34.08, 34.207, 34.166, 34.047, 33.699, 33.586, 34.241, 34.589, 34.414, 34.05, 33.831, 34.361, 35.762, 36.593, 36.309, 36.572, 37.502, 37.159, 36.576, 36.733, 37.015, 37.327, 37.437, 37.384, 37.368, 37.183, 36.732, 36.81, 37.723, 38.27, 37.412, 37.183, 37.606, 37.91, 38.4, 38.83, 38.962, 38.569, 37.655, 37.175, 38.306, 40.309, 41.28, 41.277, 41.787, 42.95, 43.336, 42.943, 42.229, 41.18, 40.266, 40.057, 40.46, 40.085, 39.459, 40.329, 41.911, 41.996, 40.926, 40.2, 40.262, 40.104, 39.884, 39.888, 39.254, 38.276, 38.012, 39.543, 41.838, 42.38, 42.046, 42.484, 42.46, 41.628, 43.063, 48.12, 53.013, 54.423, 54.436, 57.056, 62.673, 66.128, 66.117, 65.259, 65.441, 66.878, 68.66, 68.974, 67.991, 68.763, 72.288, 74.683, 73.924, 72.114, 72.414, 74.283, 75.301, 75.149, 74.849, 74.592, 73.365, 69.446, 64.095, 64.001, 69.155, 69.612, 61.416, 58.487, 65.222, 69.924, 68.953, 66.903, 67.51, 69.422, 69.93, 69.078, 68.969, 69.77, 70.553, 70.552, 69.333, 67.569, 67.021, 67.54, 67.799, 67.567, 67.214, 66.31, 63.803, 58.952, 53.888, 51.57, 52.138, 50.706, 44.892, 41.633, 42.695, 42.822, 41.196, 39.544, 38.956, 38.852, 38.412, 37.69, 37.5, 39.506, 42.47, 43.554, 43.788, 45.339, 46.87, 47.231, 47.967, 49.778, 50.276, 48.403, 46.748, 46.215, 47.053, 48.638, 48.799, 47.833, 47.464, 47.759, 47.835, 47.324, 46.388, 45.864, 46.521, 47.215, 45.273, 40.493, 37.822, 38.597, 39.125, 38.721, 38.203, 37.138, 35.908, 34.96, 32.869, 9.127], [10.311, 5.812, 0.0, 4.997, 8.587, 11.227, 14.01, 16.262, 17.596, 18.845, 20.735, 22.87, 24.983, 27.024, 27.935, 28.552, 28.979, 29.245, 30.224, 31.779, 32.916, 33.238, 33.423, 33.745, 33.907, 33.895, 33.794, 33.512, 33.52, 34.26, 34.622, 34.453, 34.108, 33.897, 34.441, 35.868, 36.72, 36.451, 36.745, 37.7, 37.336, 36.708, 36.843, 37.134, 37.451, 37.551, 37.489, 37.47, 37.279, 36.815, 36.891, 37.811, 38.35, 37.475, 37.237, 37.657, 37.972, 38.456, 38.862, 38.956, 38.534, 37.598, 37.135, 38.313, 40.34, 41.309, 41.303, 41.826, 43.007, 43.397, 42.993, 42.265, 41.217, 40.313, 40.114, 40.53, 40.145, 39.513, 40.387, 41.972, 42.076, 41.016, 40.28, 40.318, 40.158, 39.955, 39.971, 39.351, 38.385, 38.11, 39.594, 41.866, 42.397, 42.044, 42.474, 42.442, 41.585, 43.009, 48.106, 53.025, 54.446, 54.471, 57.132, 62.792, 66.249, 66.226, 65.383, 65.598, 67.059, 68.847, 69.162, 68.194, 68.996, 72.544, 74.961, 74.217, 72.407, 72.698, 74.575, 75.603, 75.443, 75.134, 74.887, 73.665, 69.716, 64.293, 64.162, 69.326, 69.786, 61.558, 58.602, 65.348, 70.068, 69.093, 67.037, 67.661, 69.579, 70.078, 69.218, 69.103, 69.893, 70.674, 70.675, 69.454, 67.697, 67.163, 67.691, 67.956, 67.731, 67.382, 66.478, 63.984, 59.16, 54.091, 51.753, 52.312, 50.861, 44.999, 41.646, 42.694, 42.817, 41.117, 39.406, 38.812, 38.676, 38.204, 37.502, 37.334, 39.36, 42.34, 43.431, 43.665, 45.224, 46.776, 47.158, 47.92, 49.751, 50.247, 48.383, 46.746, 46.223, 47.058, 48.63, 48.793, 47.831, 47.461, 47.754, 47.835, 47.334, 46.399, 45.861, 46.499, 47.179, 45.236, 40.443, 37.757, 38.521, 39.052, 38.659, 38.152, 37.104, 35.901, 34.972, 32.854, 12.861], [13.377, 9.785, 4.997, 0.0, 4.708, 8.778, 12.397, 14.851, 16.209, 17.59, 19.675, 21.973, 24.308, 26.553, 27.459, 27.946, 28.293, 28.587, 29.63, 31.212, 32.366, 32.702, 32.895, 33.233, 33.426, 33.442, 33.341, 33.07, 33.177, 34.028, 34.426, 34.245, 33.888, 33.686, 34.278, 35.781, 36.683, 36.418, 36.741, 37.732, 37.353, 36.694, 36.829, 37.138, 37.462, 37.557, 37.493, 37.471, 37.26, 36.769, 36.841, 37.767, 38.29, 37.382, 37.129, 37.565, 37.893, 38.376, 38.773, 38.849, 38.406, 37.432, 36.948, 38.174, 40.271, 41.254, 41.237, 41.777, 43.001, 43.402, 42.979, 42.233, 41.168, 40.259, 40.065, 40.492, 40.101, 39.469, 40.362, 41.969, 42.09, 41.029, 40.277, 40.298, 40.125, 39.914, 39.929, 39.306, 38.315, 38.017, 39.519, 41.83, 42.353, 41.961, 42.386, 42.356, 41.469, 42.885, 48.049, 53.023, 54.458, 54.493, 57.232, 63.001, 66.507, 66.474, 65.636, 65.885, 67.375, 69.165, 69.476, 68.517, 69.35, 72.929, 75.371, 74.623, 72.794, 73.083, 74.977, 76.009, 75.835, 75.52, 75.282, 74.061, 70.07, 64.568, 64.415, 69.624, 70.097, 61.793, 58.794, 65.612, 70.371, 69.382, 67.313, 67.959, 69.896, 70.395, 69.522, 69.399, 70.19, 70.975, 70.972, 69.742, 67.986, 67.465, 67.999, 68.264, 68.04, 67.691, 66.776, 64.278, 59.44, 54.32, 51.951, 52.515, 51.024, 45.034, 41.543, 42.6, 42.717, 40.91, 39.11, 38.502, 38.344, 37.821, 37.125, 36.978, 39.065, 42.116, 43.246, 43.496, 45.097, 46.705, 47.122, 47.917, 49.783, 50.293, 48.42, 46.756, 46.214, 47.06, 48.648, 48.817, 47.847, 47.468, 47.758, 47.841, 47.345, 46.408, 45.861, 46.504, 47.192, 45.228, 40.373, 37.644, 38.408, 38.949, 38.557, 38.047, 36.977, 35.742, 34.776, 32.544, 15.416], [15.216, 12.157, 8.587, 4.708, 0.0, 5.343, 10.241, 13.28, 14.774, 16.275, 18.564, 21.02, 23.557, 26.001, 26.931, 27.322, 27.575, 27.865, 29.002, 30.645, 31.799, 32.134, 32.341, 32.695, 32.921, 32.973, 32.877, 32.594, 32.748, 33.692, 34.144, 33.95, 33.564, 33.366, 34.027, 35.626, 36.576, 36.315, 36.669, 37.696, 37.313, 36.635, 36.768, 37.09, 37.417, 37.493, 37.422, 37.401, 37.166, 36.648, 36.717, 37.661, 38.187, 37.224, 36.902, 37.334, 37.67, 38.165, 38.575, 38.664, 38.22, 37.22, 36.725, 37.985, 40.139, 41.144, 41.129, 41.686, 42.937, 43.343, 42.913, 42.163, 41.088, 40.172, 39.961, 40.385, 40.005, 39.378, 40.274, 41.906, 42.055, 40.991, 40.213, 40.207, 40.005, 39.771, 39.783, 39.153, 38.131, 37.813, 39.363, 41.74, 42.262, 41.832, 42.25, 42.222, 41.314, 42.733, 47.974, 53.017, 54.478, 54.543, 57.366, 63.231, 66.781, 66.737, 65.889, 66.155, 67.662, 69.451, 69.754, 68.792, 69.633, 73.223, 75.683, 74.927, 73.071, 73.351, 75.259, 76.299, 76.122, 75.805, 75.569, 74.33, 70.285, 64.712, 64.537, 69.778, 70.249, 61.868, 58.848, 65.754, 70.565, 69.568, 67.487, 68.155, 70.118, 70.625, 69.738, 69.598, 70.388, 71.176, 71.165, 69.917, 68.157, 67.638, 68.163, 68.422, 68.203, 67.856, 66.928, 64.405, 59.526, 54.342, 51.948, 52.521, 50.987, 44.877, 41.326, 42.42, 42.525, 40.647, 38.792, 38.171, 38.005, 37.443, 36.747, 36.624, 38.798, 41.937, 43.101, 43.363, 45.013, 46.681, 47.134, 47.965, 49.876, 50.411, 48.528, 46.825, 46.248, 47.093, 48.688, 48.853, 47.872, 47.49, 47.78, 47.858, 47.361, 46.414, 45.861, 46.53, 47.238, 45.231, 40.295, 37.519, 38.279, 38.835, 38.443, 37.92, 36.821, 35.548, 34.529, 32.174, 17.075], [16.885, 14.051, 11.227, 8.778, 5.343, 0.0, 5.913, 9.969, 12.032, 13.893, 16.598, 19.39, 22.192, 24.862, 25.877, 26.281, 26.523, 26.859, 28.181, 30.007, 31.238, 31.608, 31.858, 32.247, 32.516, 32.616, 32.564, 32.328, 32.513, 33.495, 33.994, 33.826, 33.442, 33.264, 33.972, 35.617, 36.586, 36.335, 36.707, 37.745, 37.363, 36.674, 36.795, 37.117, 37.429, 37.462, 37.376, 37.357, 37.107, 36.583, 36.659, 37.623, 38.172, 37.157, 36.734, 37.115, 37.431, 37.94, 38.374, 38.477, 38.045, 37.074, 36.627, 37.895, 40.046, 41.063, 41.071, 41.65, 42.894, 43.282, 42.858, 42.122, 41.049, 40.127, 39.888, 40.298, 39.924, 39.286, 40.16, 41.794, 41.981, 40.931, 40.13, 40.09, 39.858, 39.61, 39.624, 38.999, 37.975, 37.661, 39.243, 41.651, 42.171, 41.714, 42.114, 42.085, 41.173, 42.589, 47.862, 52.939, 54.418, 54.495, 57.355, 63.261, 66.812, 66.754, 65.903, 66.177, 67.696, 69.496, 69.8, 68.824, 69.651, 73.247, 75.729, 74.979, 73.11, 73.374, 75.278, 76.327, 76.158, 75.843, 75.603, 74.342, 70.252, 64.628, 64.435, 69.674, 70.117, 61.681, 58.686, 65.66, 70.51, 69.518, 67.438, 68.123, 70.095, 70.605, 69.718, 69.574, 70.366, 71.164, 71.155, 69.902, 68.143, 67.623, 68.139, 68.393, 68.177, 67.833, 66.903, 64.352, 59.432, 54.217, 51.817, 52.393, 50.832, 44.677, 41.173, 42.302, 42.401, 40.525, 38.671, 38.04, 37.876, 37.31, 36.611, 36.501, 38.72, 41.882, 43.046, 43.301, 44.962, 46.654, 47.125, 47.98, 49.924, 50.475, 48.579, 46.859, 46.269, 47.102, 48.679, 48.83, 47.843, 47.463, 47.756, 47.835, 47.336, 46.381, 45.831, 46.528, 47.237, 45.183, 40.196, 37.408, 38.165, 38.728, 38.341, 37.812, 36.713, 35.444, 34.413, 32.016, 18.563], [18.929, 16.422, 14.01, 12.397, 10.241, 5.913, 0.0, 4.957, 8.131, 10.831, 14.09, 17.341, 20.527, 23.422, 24.505, 24.98, 25.325, 25.78, 27.289, 29.31, 30.655, 31.089, 31.418, 31.855, 32.147, 32.282, 32.31, 32.203, 32.463, 33.473, 34.012, 33.902, 33.566, 33.427, 34.144, 35.788, 36.78, 36.558, 36.917, 37.927, 37.556, 36.872, 36.977, 37.287, 37.579, 37.572, 37.468, 37.444, 37.179, 36.66, 36.746, 37.711, 38.262, 37.227, 36.755, 37.088, 37.371, 37.878, 38.312, 38.399, 37.961, 37.018, 36.626, 37.92, 40.088, 41.124, 41.153, 41.75, 42.984, 43.344, 42.915, 42.193, 41.12, 40.185, 39.925, 40.321, 39.939, 39.278, 40.112, 41.726, 41.952, 40.942, 40.121, 40.038, 39.784, 39.525, 39.539, 38.926, 37.911, 37.597, 39.166, 41.578, 42.101, 41.632, 42.013, 41.985, 41.086, 42.498, 47.76, 52.835, 54.312, 54.372, 57.236, 63.175, 66.706, 66.633, 65.798, 66.093, 67.627, 69.442, 69.754, 68.777, 69.601, 73.201, 75.693, 74.957, 73.099, 73.358, 75.247, 76.284, 76.117, 75.805, 75.556, 74.28, 70.172, 64.536, 64.346, 69.566, 69.979, 61.525, 58.568, 65.563, 70.411, 69.422, 67.36, 68.054, 70.012, 70.513, 69.639, 69.51, 70.309, 71.116, 71.111, 69.863, 68.12, 67.616, 68.14, 68.401, 68.188, 67.847, 66.917, 64.353, 59.424, 54.217, 51.836, 52.415, 50.836, 44.647, 41.151, 42.285, 42.379, 40.51, 38.662, 38.032, 37.866, 37.29, 36.581, 36.482, 38.704, 41.839, 42.992, 43.238, 44.88, 46.564, 47.034, 47.895, 49.853, 50.418, 48.53, 46.824, 46.244, 47.067, 48.622, 48.766, 47.783, 47.402, 47.693, 47.773, 47.273, 46.321, 45.785, 46.496, 47.186, 45.11, 40.128, 37.375, 38.125, 38.684, 38.308, 37.788, 36.715, 35.493, 34.488, 32.12, 20.307], [20.57, 18.422, 16.262, 14.851, 13.28, 9.969, 4.957, 0.0, 4.218, 8.163, 12.091, 15.751, 19.356, 22.462, 23.561, 24.099, 24.581, 25.136, 26.715, 28.8, 30.199, 30.67, 31.067, 31.549, 31.845, 31.987, 32.071, 32.065, 32.41, 33.461, 34.0, 33.893, 33.595, 33.501, 34.226, 35.868, 36.888, 36.698, 37.042, 38.023, 37.662, 36.989, 37.087, 37.392, 37.68, 37.66, 37.546, 37.52, 37.247, 36.721, 36.81, 37.762, 38.282, 37.244, 36.81, 37.166, 37.462, 37.974, 38.388, 38.445, 37.992, 37.04, 36.65, 37.972, 40.191, 41.258, 41.283, 41.876, 43.113, 43.451, 42.997, 42.278, 41.205, 40.262, 40.005, 40.402, 40.013, 39.337, 40.144, 41.742, 42.002, 41.021, 40.183, 40.072, 39.806, 39.541, 39.552, 38.94, 37.922, 37.598, 39.149, 41.569, 42.103, 41.632, 42.003, 41.975, 41.09, 42.512, 47.77, 52.836, 54.302, 54.342, 57.21, 63.182, 66.718, 66.649, 65.826, 66.132, 67.674, 69.496, 69.815, 68.85, 69.692, 73.302, 75.797, 75.066, 73.222, 73.491, 75.369, 76.386, 76.213, 75.902, 75.64, 74.345, 70.232, 64.616, 64.457, 69.673, 70.07, 61.62, 58.69, 65.671, 70.48, 69.481, 67.431, 68.119, 70.054, 70.544, 69.676, 69.554, 70.355, 71.165, 71.161, 69.913, 68.18, 67.698, 68.24, 68.51, 68.3, 67.955, 67.018, 64.453, 59.523, 54.327, 51.974, 52.568, 50.985, 44.769, 41.235, 42.371, 42.455, 40.557, 38.694, 38.074, 37.899, 37.28, 36.54, 36.443, 38.655, 41.787, 42.946, 43.185, 44.812, 46.487, 46.946, 47.793, 49.75, 50.339, 48.484, 46.803, 46.23, 47.053, 48.61, 48.762, 47.791, 47.404, 47.685, 47.761, 47.261, 46.315, 45.791, 46.502, 47.189, 45.13, 40.166, 37.407, 38.137, 38.698, 38.332, 37.814, 36.749, 35.553, 34.562, 32.218, 21.69], [21.501, 19.588, 17.596, 16.209, 14.774, 12.032, 8.131, 4.218, 0.0, 4.962, 10.07, 14.453, 18.508, 21.848, 23.008, 23.618, 24.221, 24.84, 26.427, 28.489, 29.892, 30.384, 30.811, 31.325, 31.651, 31.806, 31.915, 31.941, 32.32, 33.393, 33.909, 33.753, 33.449, 33.389, 34.144, 35.811, 36.857, 36.68, 37.029, 38.012, 37.655, 36.99, 37.094, 37.406, 37.696, 37.676, 37.56, 37.535, 37.256, 36.72, 36.804, 37.745, 38.229, 37.165, 36.759, 37.172, 37.525, 38.063, 38.466, 38.504, 38.035, 37.064, 36.654, 37.973, 40.217, 41.304, 41.316, 41.897, 43.141, 43.466, 42.981, 42.248, 41.173, 40.232, 39.991, 40.401, 40.013, 39.342, 40.158, 41.761, 42.029, 41.052, 40.209, 40.095, 39.832, 39.569, 39.582, 38.969, 37.94, 37.612, 39.177, 41.61, 42.138, 41.663, 42.035, 42.008, 41.12, 42.547, 47.826, 52.905, 54.361, 54.387, 57.264, 63.253, 66.812, 66.759, 65.934, 66.23, 67.767, 69.591, 69.913, 68.955, 69.815, 73.442, 75.943, 75.203, 73.35, 73.623, 75.507, 76.513, 76.326, 76.01, 75.74, 74.426, 70.304, 64.709, 64.591, 69.826, 70.214, 61.754, 58.825, 65.798, 70.588, 69.579, 67.521, 68.195, 70.119, 70.602, 69.722, 69.588, 70.386, 71.197, 71.194, 69.943, 68.208, 67.736, 68.292, 68.568, 68.36, 68.011, 67.071, 64.505, 59.557, 54.341, 51.994, 52.604, 51.024, 44.805, 41.268, 42.425, 42.504, 40.572, 38.684, 38.066, 37.885, 37.23, 36.458, 36.346, 38.548, 41.705, 42.89, 43.126, 44.747, 46.426, 46.88, 47.71, 49.665, 50.274, 48.442, 46.771, 46.207, 47.046, 48.621, 48.783, 47.811, 47.417, 47.689, 47.763, 47.266, 46.326, 45.8, 46.501, 47.198, 45.166, 40.22, 37.441, 38.148, 38.707, 38.346, 37.828, 36.755, 35.547, 34.541, 32.175, 22.472], [22.351, 20.622, 18.845, 17.59, 16.275, 13.893, 10.831, 8.163, 4.962, 0.0, 6.38, 12.136, 17.035, 20.717, 21.987, 22.724, 23.46, 24.138, 25.78, 27.912, 29.39, 29.935, 30.397, 30.961, 31.338, 31.51, 31.644, 31.706, 32.102, 33.171, 33.681, 33.518, 33.219, 33.179, 33.965, 35.669, 36.735, 36.544, 36.889, 37.88, 37.523, 36.861, 36.981, 37.298, 37.584, 37.564, 37.457, 37.428, 37.139, 36.6, 36.684, 37.621, 38.088, 36.998, 36.584, 37.017, 37.399, 37.96, 38.362, 38.392, 37.914, 36.93, 36.517, 37.853, 40.127, 41.235, 41.25, 41.832, 43.093, 43.415, 42.903, 42.148, 41.064, 40.118, 39.873, 40.278, 39.892, 39.24, 40.086, 41.708, 41.98, 41.01, 40.173, 40.063, 39.796, 39.517, 39.522, 38.908, 37.856, 37.497, 39.073, 41.512, 42.018, 41.533, 41.917, 41.895, 41.004, 42.458, 47.79, 52.895, 54.339, 54.346, 57.218, 63.214, 66.792, 66.75, 65.922, 66.201, 67.728, 69.556, 69.885, 68.929, 69.807, 73.462, 75.968, 75.205, 73.328, 73.601, 75.497, 76.497, 76.29, 75.97, 75.7, 74.373, 70.236, 64.651, 64.575, 69.84, 70.212, 61.713, 58.769, 65.746, 70.535, 69.52, 67.451, 68.121, 70.053, 70.536, 69.642, 69.499, 70.302, 71.121, 71.121, 69.875, 68.144, 67.679, 68.247, 68.528, 68.312, 67.952, 67.011, 64.436, 59.444, 54.185, 51.833, 52.449, 50.847, 44.614, 41.112, 42.3, 42.382, 40.436, 38.541, 37.925, 37.746, 37.072, 36.281, 36.163, 38.361, 41.54, 42.749, 42.992, 44.615, 46.306, 46.764, 47.584, 49.542, 50.172, 48.357, 46.694, 46.148, 47.02, 48.619, 48.775, 47.786, 47.384, 47.654, 47.729, 47.238, 46.301, 45.772, 46.468, 47.178, 45.156, 40.203, 37.409, 38.119, 38.682, 38.329, 37.82, 36.742, 35.509, 34.466, 32.058, 23.246], [23.771, 22.235, 20.735, 19.675, 18.564, 16.598, 14.09, 12.091, 10.07, 6.38, 0.0, 7.222, 13.902, 18.515, 20.003, 20.881, 21.77, 22.53, 24.375, 26.818, 28.507, 29.131, 29.65, 30.287, 30.709, 30.893, 31.061, 31.195, 31.643, 32.721, 33.269, 33.172, 32.923, 32.896, 33.699, 35.443, 36.535, 36.316, 36.628, 37.594, 37.212, 36.54, 36.672, 36.99, 37.262, 37.234, 37.138, 37.106, 36.806, 36.27, 36.362, 37.307, 37.795, 36.719, 36.304, 36.704, 37.063, 37.63, 38.044, 38.087, 37.609, 36.609, 36.206, 37.615, 39.997, 41.165, 41.205, 41.8, 43.088, 43.43, 42.917, 42.145, 41.033, 40.067, 39.787, 40.156, 39.772, 39.137, 39.998, 41.651, 41.966, 41.028, 40.2, 40.088, 39.797, 39.464, 39.438, 38.822, 37.735, 37.293, 38.825, 41.254, 41.735, 41.233, 41.635, 41.627, 40.739, 42.249, 47.666, 52.814, 54.251, 54.237, 57.094, 63.1, 66.7, 66.667, 65.835, 66.1, 67.621, 69.461, 69.798, 68.836, 69.736, 73.422, 75.931, 75.143, 73.245, 73.525, 75.437, 76.433, 76.211, 75.893, 75.628, 74.281, 70.114, 64.524, 64.5, 69.814, 70.153, 61.604, 58.659, 65.66, 70.456, 69.432, 67.364, 68.058, 70.02, 70.515, 69.623, 69.486, 70.298, 71.127, 71.131, 69.887, 68.169, 67.722, 68.306, 68.594, 68.361, 67.974, 67.016, 64.415, 59.35, 54.02, 51.666, 52.282, 50.621, 44.3, 40.78, 42.004, 42.09, 40.143, 38.261, 37.642, 37.439, 36.718, 35.919, 35.84, 38.073, 41.276, 42.505, 42.765, 44.403, 46.119, 46.587, 47.418, 49.407, 50.072, 48.271, 46.61, 46.079, 46.98, 48.593, 48.731, 47.72, 47.306, 47.571, 47.647, 47.161, 46.228, 45.707, 46.417, 47.143, 45.122, 40.143, 37.348, 38.102, 38.684, 38.33, 37.817, 36.708, 35.42, 34.326, 31.858, 24.624], [25.509, 24.135, 22.87, 21.973, 21.02, 19.39, 17.341, 15.751, 14.453, 12.136, 7.222, 0.0, 8.472, 14.787, 16.961, 18.167, 19.364, 20.404, 22.627, 25.47, 27.381, 28.063, 28.643, 29.364, 29.835, 30.048, 30.26, 30.485, 31.024, 32.151, 32.773, 32.792, 32.662, 32.7, 33.519, 35.257, 36.356, 36.147, 36.454, 37.403, 37.004, 36.322, 36.447, 36.757, 37.023, 36.986, 36.883, 36.852, 36.555, 36.025, 36.129, 37.093, 37.614, 36.579, 36.185, 36.545, 36.861, 37.439, 37.889, 37.944, 37.454, 36.447, 36.086, 37.6, 40.086, 41.312, 41.38, 41.976, 43.267, 43.63, 43.149, 42.398, 41.281, 40.3, 39.984, 40.32, 39.941, 39.321, 40.177, 41.84, 42.178, 41.264, 40.448, 40.335, 40.02, 39.645, 39.592, 38.979, 37.888, 37.396, 38.842, 41.208, 41.66, 41.152, 41.566, 41.565, 40.674, 42.205, 47.659, 52.829, 54.28, 54.266, 57.114, 63.117, 66.737, 66.713, 65.875, 66.13, 67.649, 69.498, 69.84, 68.868, 69.76, 73.446, 75.954, 75.158, 73.259, 73.549, 75.473, 76.467, 76.246, 75.94, 75.681, 74.319, 70.141, 64.565, 64.571, 69.882, 70.194, 61.646, 58.72, 65.715, 70.511, 69.502, 67.448, 68.147, 70.114, 70.617, 69.735, 69.602, 70.414, 71.247, 71.254, 70.012, 68.302, 67.863, 68.451, 68.746, 68.508, 68.111, 67.142, 64.529, 59.441, 54.082, 51.723, 52.335, 50.64, 44.248, 40.673, 41.904, 41.98, 40.029, 38.179, 37.575, 37.34, 36.569, 35.784, 35.775, 38.069, 41.278, 42.501, 42.766, 44.412, 46.144, 46.631, 47.481, 49.476, 50.154, 48.371, 46.73, 46.228, 47.151, 48.769, 48.901, 47.883, 47.459, 47.713, 47.779, 47.287, 46.358, 45.849, 46.564, 47.284, 45.262, 40.298, 37.536, 38.306, 38.882, 38.52, 38.009, 36.895, 35.566, 34.433, 31.94, 26.329], [27.196, 26.005, 24.983, 24.308, 23.557, 22.192, 20.527, 19.356, 18.508, 17.035, 13.902, 8.472, 0.0, 7.974, 11.786, 14.385, 16.483, 18.102, 20.736, 23.872, 25.95, 26.695, 27.368, 28.228, 28.809, 29.095, 29.384, 29.76, 30.432, 31.607, 32.327, 32.538, 32.583, 32.716, 33.512, 35.142, 36.184, 36.026, 36.381, 37.339, 36.969, 36.291, 36.382, 36.669, 36.943, 36.918, 36.808, 36.782, 36.508, 35.994, 36.097, 37.05, 37.578, 36.616, 36.303, 36.687, 37.022, 37.633, 38.11, 38.161, 37.674, 36.713, 36.402, 37.912, 40.362, 41.587, 41.664, 42.237, 43.489, 43.839, 43.392, 42.708, 41.632, 40.658, 40.345, 40.675, 40.295, 39.684, 40.529, 42.163, 42.456, 41.525, 40.725, 40.627, 40.313, 39.926, 39.855, 39.243, 38.169, 37.674, 39.029, 41.291, 41.73, 41.265, 41.692, 41.684, 40.803, 42.325, 47.72, 52.844, 54.298, 54.285, 57.079, 62.988, 66.563, 66.545, 65.708, 65.942, 67.435, 69.271, 69.622, 68.664, 69.537, 73.193, 75.693, 74.92, 73.056, 73.359, 75.277, 76.267, 76.056, 75.767, 75.509, 74.152, 70.016, 64.501, 64.502, 69.737, 70.05, 61.574, 58.653, 65.552, 70.32, 69.347, 67.301, 67.939, 69.86, 70.356, 69.474, 69.343, 70.161, 70.992, 71.002, 69.779, 68.084, 67.634, 68.213, 68.515, 68.294, 67.915, 66.965, 64.391, 59.379, 54.095, 51.753, 52.357, 50.69, 44.353, 40.762, 41.954, 42.033, 40.135, 38.366, 37.81, 37.571, 36.782, 36.001, 36.037, 38.326, 41.453, 42.622, 42.876, 44.48, 46.178, 46.669, 47.502, 49.432, 50.106, 48.408, 46.864, 46.425, 47.367, 48.981, 49.12, 48.115, 47.697, 47.944, 47.993, 47.493, 46.576, 46.073, 46.773, 47.477, 45.47, 40.575, 37.861, 38.596, 39.135, 38.776, 38.295, 37.245, 35.961, 34.861, 32.505, 27.964], [28.81, 27.824, 27.024, 26.553, 26.001, 24.862, 23.422, 22.462, 21.848, 20.717, 18.515, 14.787, 7.974, 0.0, 5.884, 11.161, 14.734, 16.93, 19.723, 22.915, 25.045, 25.855, 26.64, 27.641, 28.334, 28.694, 29.058, 29.566, 30.345, 31.546, 32.351, 32.747, 32.936, 33.131, 33.857, 35.342, 36.318, 36.225, 36.641, 37.595, 37.28, 36.636, 36.697, 36.95, 37.219, 37.207, 37.103, 37.085, 36.826, 36.323, 36.403, 37.306, 37.817, 36.941, 36.744, 37.209, 37.574, 38.162, 38.622, 38.679, 38.23, 37.334, 37.023, 38.411, 40.734, 41.922, 42.001, 42.539, 43.728, 44.042, 43.606, 42.977, 41.965, 41.035, 40.759, 41.09, 40.721, 40.127, 40.947, 42.524, 42.777, 41.855, 41.082, 41.0, 40.701, 40.316, 40.226, 39.625, 38.579, 38.076, 39.336, 41.485, 41.923, 41.517, 41.946, 41.936, 41.094, 42.571, 47.789, 52.784, 54.215, 54.19, 56.901, 62.683, 66.16, 66.146, 65.319, 65.525, 66.967, 68.763, 69.113, 68.186, 69.057, 72.666, 75.134, 74.387, 72.577, 72.902, 74.802, 75.771, 75.559, 75.273, 75.007, 73.664, 69.604, 64.185, 64.176, 69.328, 69.661, 61.316, 58.407, 65.149, 69.831, 68.878, 66.838, 67.411, 69.279, 69.761, 68.881, 68.747, 69.559, 70.38, 70.39, 69.179, 67.498, 67.044, 67.611, 67.913, 67.696, 67.331, 66.412, 63.915, 59.039, 53.909, 51.621, 52.218, 50.632, 44.472, 40.944, 42.076, 42.166, 40.367, 38.709, 38.192, 37.952, 37.173, 36.378, 36.414, 38.576, 41.538, 42.658, 42.915, 44.447, 46.059, 46.532, 47.339, 49.212, 49.899, 48.321, 46.914, 46.541, 47.477, 49.062, 49.203, 48.229, 47.826, 48.067, 48.117, 47.634, 46.748, 46.259, 46.938, 47.627, 45.675, 40.926, 38.308, 39.011, 39.528, 39.184, 38.728, 37.754, 36.575, 35.563, 33.459, 29.495], [29.603, 28.691, 27.935, 27.459, 26.931, 25.877, 24.505, 23.561, 23.008, 21.987, 20.003, 16.961, 11.786, 5.884, 0.0, 6.923, 12.155, 15.402, 18.539, 21.777, 23.997, 24.908, 25.791, 26.887, 27.696, 28.164, 28.597, 29.209, 30.135, 31.433, 32.285, 32.73, 32.991, 33.252, 33.997, 35.459, 36.419, 36.339, 36.779, 37.752, 37.461, 36.829, 36.879, 37.118, 37.365, 37.337, 37.234, 37.216, 36.948, 36.441, 36.513, 37.38, 37.859, 36.999, 36.821, 37.313, 37.665, 38.219, 38.679, 38.746, 38.303, 37.406, 37.077, 38.454, 40.782, 41.978, 42.067, 42.596, 43.768, 44.069, 43.616, 42.976, 41.987, 41.08, 40.792, 41.113, 40.777, 40.194, 40.986, 42.563, 42.852, 41.952, 41.174, 41.083, 40.783, 40.397, 40.303, 39.712, 38.685, 38.187, 39.428, 41.585, 42.05, 41.646, 42.06, 42.057, 41.216, 42.611, 47.719, 52.677, 54.108, 54.068, 56.786, 62.59, 66.045, 66.028, 65.204, 65.401, 66.828, 68.611, 68.955, 68.031, 68.913, 72.519, 74.98, 74.231, 72.412, 72.722, 74.607, 75.558, 75.334, 75.054, 74.799, 73.468, 69.434, 64.05, 64.063, 69.214, 69.553, 61.238, 58.353, 65.016, 69.623, 68.652, 66.611, 67.159, 68.999, 69.475, 68.6, 68.459, 69.256, 70.073, 70.085, 68.87, 67.188, 66.738, 67.303, 67.595, 67.375, 67.012, 66.094, 63.604, 58.761, 53.69, 51.455, 52.066, 50.528, 44.47, 40.981, 42.111, 42.194, 40.385, 38.742, 38.236, 37.967, 37.138, 36.316, 36.383, 38.507, 41.41, 42.534, 42.814, 44.349, 45.98, 46.508, 47.352, 49.219, 49.906, 48.336, 46.903, 46.498, 47.416, 48.993, 49.139, 48.168, 47.762, 48.006, 48.067, 47.596, 46.721, 46.246, 46.93, 47.593, 45.631, 40.941, 38.399, 39.121, 39.642, 39.303, 38.85, 37.893, 36.74, 35.734, 33.664, 30.232], [30.27, 29.357, 28.552, 27.946, 27.322, 26.281, 24.98, 24.099, 23.618, 22.724, 20.881, 18.167, 14.385, 11.161, 6.923, 0.0, 6.949, 12.379, 16.67, 20.197, 22.638, 23.755, 24.791, 25.998, 26.976, 27.599, 28.077, 28.821, 29.998, 31.434, 32.314, 32.789, 33.085, 33.407, 34.233, 35.735, 36.682, 36.584, 37.018, 38.01, 37.717, 37.084, 37.143, 37.39, 37.628, 37.585, 37.467, 37.429, 37.145, 36.633, 36.713, 37.574, 38.019, 37.129, 36.881, 37.315, 37.618, 38.135, 38.587, 38.65, 38.188, 37.258, 36.928, 38.377, 40.76, 41.952, 42.042, 42.603, 43.801, 44.11, 43.641, 42.974, 41.986, 41.086, 40.753, 41.043, 40.724, 40.121, 40.856, 42.446, 42.806, 41.942, 41.15, 41.051, 40.76, 40.39, 40.301, 39.702, 38.666, 38.153, 39.388, 41.584, 42.068, 41.629, 42.019, 42.02, 41.15, 42.44, 47.497, 52.486, 53.93, 53.875, 56.63, 62.523, 66.011, 65.982, 65.157, 65.38, 66.836, 68.63, 68.972, 68.044, 68.952, 72.6, 75.087, 74.333, 72.487, 72.768, 74.646, 75.596, 75.373, 75.108, 74.878, 73.561, 69.518, 64.098, 64.103, 69.288, 69.627, 61.256, 58.362, 65.013, 69.581, 68.583, 66.542, 67.103, 68.936, 69.401, 68.527, 68.398, 69.199, 70.016, 70.031, 68.824, 67.149, 66.704, 67.263, 67.54, 67.308, 66.942, 66.021, 63.514, 58.658, 53.591, 51.402, 52.031, 50.503, 44.461, 40.943, 42.074, 42.15, 40.288, 38.591, 38.06, 37.771, 36.92, 36.128, 36.241, 38.37, 41.25, 42.378, 42.67, 44.248, 45.965, 46.58, 47.477, 49.352, 50.012, 48.375, 46.823, 46.309, 47.185, 48.775, 48.94, 47.96, 47.545, 47.803, 47.884, 47.42, 46.543, 46.078, 46.779, 47.42, 45.418, 40.742, 38.274, 39.002, 39.512, 39.175, 38.731, 37.79, 36.657, 35.623, 33.481, 30.857], [30.703, 29.794, 28.979, 28.293, 27.575, 26.523, 25.325, 24.581, 24.221, 23.46, 21.77, 19.364, 16.483, 14.734, 12.155, 6.949, 0.0, 7.537, 13.942, 18.511, 21.325, 22.694, 23.942, 25.275, 26.4, 27.111, 27.581, 28.41, 29.755, 31.273, 32.183, 32.694, 32.994, 33.317, 34.186, 35.747, 36.729, 36.648, 37.089, 38.1, 37.793, 37.168, 37.277, 37.568, 37.826, 37.782, 37.661, 37.611, 37.315, 36.798, 36.877, 37.753, 38.213, 37.29, 36.945, 37.283, 37.532, 38.025, 38.47, 38.551, 38.092, 37.106, 36.782, 38.324, 40.748, 41.925, 42.016, 42.631, 43.877, 44.197, 43.717, 43.025, 42.013, 41.112, 40.765, 41.022, 40.677, 40.058, 40.774, 42.356, 42.731, 41.874, 41.066, 40.952, 40.65, 40.273, 40.177, 39.547, 38.444, 37.856, 39.089, 41.322, 41.794, 41.338, 41.732, 41.732, 40.85, 42.16, 47.283, 52.312, 53.764, 53.715, 56.495, 62.451, 65.996, 65.96, 65.141, 65.41, 66.918, 68.737, 69.08, 68.152, 69.089, 72.79, 75.315, 74.567, 72.714, 72.991, 74.88, 75.85, 75.639, 75.374, 75.15, 73.838, 69.767, 64.269, 64.217, 69.429, 69.785, 61.361, 58.424, 65.124, 69.721, 68.703, 66.661, 67.277, 69.152, 69.619, 68.734, 68.615, 69.431, 70.25, 70.264, 69.054, 67.373, 66.925, 67.476, 67.736, 67.487, 67.113, 66.184, 63.656, 58.762, 53.648, 51.448, 52.078, 50.51, 44.381, 40.791, 41.905, 41.983, 40.1, 38.346, 37.778, 37.501, 36.703, 35.976, 36.12, 38.287, 41.192, 42.329, 42.631, 44.244, 46.001, 46.633, 47.553, 49.452, 50.084, 48.384, 46.767, 46.188, 47.035, 48.641, 48.814, 47.816, 47.388, 47.653, 47.743, 47.282, 46.402, 45.942, 46.665, 47.32, 45.299, 40.578, 38.085, 38.79, 39.305, 38.971, 38.524, 37.575, 36.438, 35.377, 33.151, 31.278], [30.883, 30.0, 29.245, 28.587, 27.865, 26.859, 25.78, 25.136, 24.84, 24.138, 22.53, 20.404, 18.102, 16.93, 15.402, 12.379, 7.537, 0.0, 8.55, 15.258, 19.069, 20.726, 22.155, 23.702, 25.05, 25.898, 26.413, 27.294, 28.722, 30.32, 31.281, 31.832, 32.179, 32.539, 33.441, 35.04, 36.057, 36.012, 36.5, 37.549, 37.222, 36.614, 36.798, 37.153, 37.455, 37.434, 37.334, 37.296, 37.005, 36.493, 36.564, 37.45, 37.928, 36.983, 36.617, 36.929, 37.178, 37.732, 38.235, 38.381, 37.965, 36.953, 36.572, 38.118, 40.575, 41.767, 41.861, 42.502, 43.78, 44.105, 43.616, 42.909, 41.872, 40.958, 40.621, 40.885, 40.513, 39.901, 40.665, 42.255, 42.601, 41.723, 40.902, 40.758, 40.413, 40.002, 39.891, 39.225, 38.045, 37.41, 38.689, 40.977, 41.449, 40.993, 41.407, 41.409, 40.526, 41.929, 47.169, 52.234, 53.671, 53.615, 56.41, 62.375, 65.953, 65.904, 65.074, 65.362, 66.904, 68.753, 69.106, 68.17, 69.122, 72.873, 75.429, 74.681, 72.826, 73.115, 75.023, 76.009, 75.804, 75.534, 75.306, 73.987, 69.89, 64.344, 64.259, 69.502, 69.882, 61.437, 58.421, 65.155, 69.822, 68.793, 66.722, 67.374, 69.309, 69.794, 68.877, 68.726, 69.534, 70.357, 70.368, 69.135, 67.417, 66.956, 67.506, 67.759, 67.499, 67.111, 66.161, 63.593, 58.622, 53.418, 51.164, 51.801, 50.222, 44.035, 40.451, 41.574, 41.663, 39.832, 38.102, 37.523, 37.29, 36.558, 35.869, 36.017, 38.19, 41.107, 42.234, 42.548, 44.186, 45.934, 46.528, 47.45, 49.381, 49.993, 48.243, 46.637, 46.065, 46.905, 48.516, 48.677, 47.657, 47.216, 47.477, 47.559, 47.085, 46.195, 45.729, 46.443, 47.099, 45.061, 40.285, 37.75, 38.491, 39.043, 38.706, 38.242, 37.246, 36.051, 34.953, 32.637, 31.457], [31.652, 30.876, 30.224, 29.63, 29.002, 28.181, 27.289, 26.715, 26.427, 25.78, 24.375, 22.627, 20.736, 19.723, 18.539, 16.67, 13.942, 8.55, 0.0, 8.926, 14.992, 17.407, 18.914, 20.778, 22.61, 23.852, 24.561, 25.578, 27.291, 29.142, 30.173, 30.789, 31.283, 31.772, 32.708, 34.292, 35.308, 35.268, 35.797, 36.9, 36.584, 35.986, 36.192, 36.584, 36.951, 36.976, 36.892, 36.869, 36.607, 36.108, 36.169, 37.04, 37.516, 36.578, 36.247, 36.605, 36.907, 37.53, 38.097, 38.287, 37.908, 36.896, 36.439, 37.922, 40.37, 41.569, 41.659, 42.288, 43.574, 43.911, 43.429, 42.737, 41.693, 40.751, 40.43, 40.727, 40.347, 39.736, 40.547, 42.145, 42.458, 41.587, 40.778, 40.62, 40.249, 39.815, 39.69, 38.996, 37.786, 37.188, 38.561, 40.879, 41.347, 40.914, 41.352, 41.347, 40.442, 41.866, 47.126, 52.202, 53.624, 53.535, 56.344, 62.31, 65.867, 65.795, 64.947, 65.221, 66.757, 68.624, 68.993, 68.048, 68.996, 72.767, 75.327, 74.553, 72.686, 72.986, 74.883, 75.847, 75.632, 75.36, 75.116, 73.773, 69.672, 64.153, 64.108, 69.372, 69.766, 61.336, 58.273, 64.988, 69.682, 68.645, 66.532, 67.152, 69.084, 69.572, 68.636, 68.458, 69.254, 70.075, 70.096, 68.869, 67.134, 66.661, 67.225, 67.492, 67.235, 66.852, 65.906, 63.327, 58.313, 53.062, 50.78, 51.445, 49.915, 43.762, 40.269, 41.448, 41.561, 39.83, 38.184, 37.615, 37.439, 36.751, 36.057, 36.183, 38.312, 41.234, 42.362, 42.666, 44.288, 46.004, 46.544, 47.43, 49.364, 49.986, 48.224, 46.631, 46.062, 46.862, 48.444, 48.612, 47.6, 47.144, 47.389, 47.457, 46.964, 46.05, 45.534, 46.17, 46.798, 44.77, 39.977, 37.386, 38.152, 38.73, 38.387, 37.906, 36.869, 35.633, 34.529, 32.232, 32.167], [32.929, 32.306, 31.779, 31.212, 30.645, 30.007, 29.31, 28.8, 28.489, 27.912, 26.818, 25.47, 23.872, 22.915, 21.777, 20.197, 18.511, 15.258, 8.926, 0.0, 8.313, 12.619, 14.939, 17.241, 19.743, 21.649, 22.738, 24.085, 26.346, 28.569, 29.678, 30.375, 31.047, 31.719, 32.752, 34.374, 35.371, 35.3, 35.847, 37.0, 36.732, 36.126, 36.286, 36.678, 37.079, 37.127, 37.046, 37.038, 36.785, 36.277, 36.325, 37.157, 37.586, 36.615, 36.25, 36.617, 36.93, 37.55, 38.107, 38.284, 37.903, 36.892, 36.455, 38.01, 40.496, 41.708, 41.805, 42.426, 43.696, 44.029, 43.546, 42.868, 41.843, 40.878, 40.527, 40.834, 40.5, 39.899, 40.661, 42.226, 42.561, 41.738, 40.916, 40.697, 40.27, 39.799, 39.654, 38.944, 37.705, 37.083, 38.493, 40.824, 41.27, 40.85, 41.319, 41.322, 40.391, 41.747, 46.96, 52.059, 53.484, 53.372, 56.224, 62.238, 65.762, 65.68, 64.838, 65.1, 66.616, 68.476, 68.851, 67.918, 68.87, 72.643, 75.186, 74.381, 72.51, 72.822, 74.708, 75.658, 75.447, 75.171, 74.904, 73.55, 69.486, 64.049, 64.087, 69.334, 69.699, 61.28, 58.26, 64.937, 69.575, 68.522, 66.403, 66.984, 68.877, 69.355, 68.421, 68.247, 69.055, 69.882, 69.91, 68.698, 66.976, 66.509, 67.075, 67.338, 67.071, 66.692, 65.762, 63.182, 58.14, 52.883, 50.637, 51.337, 49.818, 43.684, 40.287, 41.525, 41.633, 39.926, 38.33, 37.788, 37.642, 36.957, 36.238, 36.347, 38.447, 41.392, 42.546, 42.821, 44.396, 46.086, 46.621, 47.483, 49.387, 50.032, 48.313, 46.719, 46.127, 46.894, 48.444, 48.635, 47.657, 47.21, 47.46, 47.536, 47.037, 46.101, 45.543, 46.114, 46.706, 44.697, 39.972, 37.402, 38.129, 38.702, 38.373, 37.896, 36.882, 35.658, 34.559, 32.331, 33.379], [33.859, 33.341, 32.916, 32.366, 31.799, 31.238, 30.655, 30.199, 29.892, 29.39, 28.507, 27.381, 25.95, 25.045, 23.997, 22.638, 21.325, 19.069, 14.992, 8.313, 0.0, 6.636, 11.201, 14.385, 17.284, 19.724, 21.281, 23.062, 25.808, 28.257, 29.42, 30.227, 31.05, 31.846, 32.962, 34.638, 35.626, 35.567, 36.15, 37.318, 37.072, 36.472, 36.631, 37.041, 37.439, 37.459, 37.384, 37.403, 37.138, 36.607, 36.648, 37.449, 37.812, 36.759, 36.293, 36.611, 36.912, 37.559, 38.139, 38.313, 37.92, 36.904, 36.521, 38.178, 40.729, 41.975, 42.087, 42.702, 43.953, 44.272, 43.775, 43.095, 42.101, 41.148, 40.77, 41.092, 40.83, 40.243, 40.934, 42.489, 42.881, 42.073, 41.191, 40.886, 40.391, 39.877, 39.716, 39.0, 37.721, 37.0, 38.361, 40.714, 41.15, 40.711, 41.199, 41.222, 40.275, 41.573, 46.752, 51.865, 53.291, 53.192, 56.127, 62.229, 65.74, 65.651, 64.82, 65.088, 66.603, 68.458, 68.828, 67.904, 68.862, 72.632, 75.166, 74.351, 72.475, 72.795, 74.696, 75.658, 75.462, 75.184, 74.898, 73.542, 69.503, 64.121, 64.224, 69.439, 69.75, 61.371, 58.478, 65.155, 69.732, 68.671, 66.585, 67.169, 69.049, 69.534, 68.619, 68.447, 69.259, 70.093, 70.113, 68.883, 67.157, 66.69, 67.244, 67.489, 67.211, 66.825, 65.878, 63.269, 58.196, 52.945, 50.737, 51.418, 49.825, 43.666, 40.325, 41.575, 41.673, 39.93, 38.311, 37.778, 37.633, 36.913, 36.171, 36.29, 38.368, 41.309, 42.492, 42.766, 44.31, 45.987, 46.532, 47.395, 49.314, 50.013, 48.354, 46.769, 46.168, 46.941, 48.503, 48.709, 47.752, 47.322, 47.583, 47.663, 47.159, 46.221, 45.674, 46.247, 46.804, 44.786, 40.138, 37.639, 38.321, 38.889, 38.584, 38.124, 37.154, 35.942, 34.826, 32.618, 34.258], [34.06, 33.614, 33.238, 32.702, 32.134, 31.608, 31.089, 30.67, 30.384, 29.935, 29.131, 28.063, 26.695, 25.855, 24.908, 23.755, 22.694, 20.726, 17.407, 12.619, 6.636, 0.0, 6.515, 11.324, 14.748, 17.42, 19.346, 21.535, 24.638, 27.28, 28.531, 29.438, 30.387, 31.281, 32.431, 34.114, 35.142, 35.155, 35.806, 37.011, 36.764, 36.171, 36.372, 36.833, 37.258, 37.268, 37.188, 37.238, 36.996, 36.464, 36.511, 37.317, 37.663, 36.571, 36.087, 36.429, 36.77, 37.483, 38.122, 38.304, 37.906, 36.908, 36.528, 38.129, 40.655, 41.902, 41.994, 42.587, 43.84, 44.164, 43.652, 42.969, 42.001, 41.071, 40.711, 41.068, 40.83, 40.238, 40.945, 42.532, 42.929, 42.087, 41.185, 40.882, 40.396, 39.896, 39.744, 39.015, 37.722, 37.007, 38.386, 40.762, 41.206, 40.751, 41.228, 41.247, 40.294, 41.596, 46.777, 51.886, 53.304, 53.221, 56.211, 62.36, 65.872, 65.774, 64.943, 65.219, 66.743, 68.599, 68.965, 68.034, 68.983, 72.758, 75.301, 74.482, 72.588, 72.896, 74.8, 75.763, 75.564, 75.284, 74.988, 73.609, 69.532, 64.123, 64.238, 69.462, 69.756, 61.37, 58.517, 65.249, 69.84, 68.784, 66.707, 67.29, 69.165, 69.649, 68.723, 68.539, 69.348, 70.183, 70.201, 68.959, 67.218, 66.743, 67.294, 67.546, 67.283, 66.904, 65.949, 63.333, 58.27, 53.026, 50.81, 51.471, 49.864, 43.717, 40.39, 41.638, 41.738, 39.95, 38.266, 37.711, 37.575, 36.836, 36.073, 36.186, 38.254, 41.228, 42.441, 42.724, 44.261, 45.924, 46.446, 47.293, 49.23, 49.962, 48.318, 46.727, 46.112, 46.88, 48.454, 48.667, 47.709, 47.28, 47.539, 47.615, 47.109, 46.167, 45.619, 46.194, 46.744, 44.696, 39.978, 37.44, 38.115, 38.68, 38.374, 37.904, 36.918, 35.692, 34.57, 32.378, 34.38], [34.188, 33.78, 33.423, 32.895, 32.341, 31.858, 31.418, 31.067, 30.811, 30.397, 29.65, 28.643, 27.368, 26.64, 25.791, 24.791, 23.942, 22.155, 18.914, 14.939, 11.201, 6.515, 0.0, 6.543, 11.754, 15.125, 17.237, 19.745, 23.237, 26.122, 27.505, 28.547, 29.644, 30.648, 31.819, 33.448, 34.457, 34.519, 35.261, 36.534, 36.303, 35.741, 35.993, 36.51, 37.003, 37.06, 36.973, 37.05, 36.878, 36.384, 36.438, 37.247, 37.592, 36.553, 36.208, 36.641, 37.0, 37.681, 38.296, 38.472, 38.09, 37.124, 36.709, 38.209, 40.681, 41.905, 41.954, 42.51, 43.759, 44.09, 43.581, 42.908, 41.956, 41.039, 40.709, 41.081, 40.83, 40.255, 41.011, 42.593, 42.935, 42.067, 41.208, 40.968, 40.524, 40.046, 39.895, 39.167, 37.899, 37.226, 38.585, 40.914, 41.369, 40.942, 41.421, 41.434, 40.506, 41.834, 46.976, 52.026, 53.42, 53.326, 56.277, 62.37, 65.866, 65.764, 64.928, 65.203, 66.725, 68.572, 68.933, 67.994, 68.917, 72.674, 75.217, 74.393, 72.488, 72.78, 74.672, 75.628, 75.421, 75.142, 74.866, 73.513, 69.449, 64.024, 64.093, 69.312, 69.631, 61.246, 58.323, 65.043, 69.641, 68.576, 66.481, 67.053, 68.926, 69.404, 68.466, 68.276, 69.083, 69.915, 69.94, 68.723, 66.997, 66.517, 67.074, 67.346, 67.108, 66.746, 65.801, 63.223, 58.248, 53.085, 50.885, 51.552, 49.998, 43.919, 40.581, 41.801, 41.896, 40.09, 38.401, 37.852, 37.712, 36.975, 36.21, 36.269, 38.29, 41.275, 42.49, 42.751, 44.261, 45.907, 46.423, 47.261, 49.172, 49.893, 48.259, 46.68, 46.058, 46.802, 48.36, 48.572, 47.623, 47.2, 47.457, 47.536, 47.04, 46.09, 45.511, 46.056, 46.618, 44.579, 39.79, 37.205, 37.909, 38.476, 38.155, 37.668, 36.676, 35.482, 34.404, 32.275, 34.456], [34.481, 34.08, 33.745, 33.233, 32.695, 32.247, 31.855, 31.549, 31.325, 30.961, 30.287, 29.364, 28.228, 27.641, 26.887, 25.998, 25.275, 23.702, 20.778, 17.241, 14.385, 11.324, 6.543, 0.0, 7.232, 12.245, 14.929, 17.638, 21.574, 24.841, 26.446, 27.704, 28.994, 30.144, 31.383, 32.997, 33.983, 34.084, 34.892, 36.211, 36.03, 35.535, 35.835, 36.388, 36.923, 37.011, 36.924, 37.012, 36.892, 36.444, 36.5, 37.285, 37.623, 36.658, 36.449, 36.925, 37.259, 37.877, 38.445, 38.612, 38.24, 37.277, 36.807, 38.247, 40.699, 41.908, 41.931, 42.456, 43.687, 44.017, 43.514, 42.85, 41.907, 41.002, 40.69, 41.08, 40.858, 40.308, 41.048, 42.588, 42.918, 42.06, 41.223, 41.0, 40.56, 40.075, 39.916, 39.215, 37.987, 37.336, 38.649, 40.92, 41.374, 40.973, 41.469, 41.489, 40.581, 41.906, 46.978, 51.951, 53.321, 53.225, 56.155, 62.215, 65.694, 65.592, 64.755, 65.025, 66.544, 68.387, 68.746, 67.799, 68.678, 72.382, 74.901, 74.064, 72.158, 72.452, 74.336, 75.289, 75.083, 74.805, 74.537, 73.203, 69.17, 63.778, 63.83, 68.998, 69.299, 60.955, 58.06, 64.779, 69.37, 68.303, 66.206, 66.773, 68.636, 69.109, 68.165, 67.969, 68.771, 69.599, 69.627, 68.428, 66.717, 66.236, 66.794, 67.074, 66.845, 66.488, 65.542, 62.975, 58.053, 52.971, 50.809, 51.484, 49.963, 43.943, 40.601, 41.796, 41.881, 40.089, 38.454, 37.943, 37.796, 37.085, 36.367, 36.39, 38.365, 41.344, 42.559, 42.808, 44.292, 45.918, 46.433, 47.266, 49.137, 49.834, 48.222, 46.681, 46.074, 46.794, 48.306, 48.507, 47.581, 47.178, 47.434, 47.517, 47.029, 46.071, 45.464, 45.983, 46.537, 44.508, 39.723, 37.16, 37.877, 38.419, 38.08, 37.588, 36.614, 35.463, 34.441, 32.412, 34.751], [34.591, 34.207, 33.907, 33.426, 32.921, 32.516, 32.147, 31.845, 31.651, 31.338, 30.709, 29.835, 28.809, 28.334, 27.696, 26.976, 26.4, 25.05, 22.61, 19.743, 17.284, 14.748, 11.754, 7.232, 0.0, 6.737, 11.252, 14.679, 19.077, 22.868, 24.835, 26.366, 27.88, 29.221, 30.57, 32.24, 33.296, 33.48, 34.338, 35.69, 35.562, 35.119, 35.462, 36.051, 36.607, 36.691, 36.608, 36.714, 36.616, 36.199, 36.275, 37.081, 37.452, 36.496, 36.301, 36.78, 37.118, 37.757, 38.323, 38.474, 38.096, 37.129, 36.629, 38.065, 40.544, 41.756, 41.757, 42.265, 43.5, 43.842, 43.337, 42.666, 41.721, 40.814, 40.513, 40.945, 40.77, 40.23, 40.948, 42.485, 42.854, 41.986, 41.077, 40.779, 40.291, 39.774, 39.598, 38.902, 37.697, 37.063, 38.359, 40.632, 41.094, 40.687, 41.181, 41.211, 40.304, 41.628, 46.721, 51.703, 53.08, 53.002, 55.995, 62.124, 65.604, 65.482, 64.638, 64.911, 66.44, 68.294, 68.653, 67.7, 68.554, 72.221, 74.709, 73.857, 71.968, 72.298, 74.202, 75.158, 74.955, 74.662, 74.353, 72.985, 68.934, 63.572, 63.707, 68.895, 69.148, 60.793, 58.001, 64.845, 69.482, 68.431, 66.341, 66.902, 68.754, 69.218, 68.264, 68.055, 68.85, 69.678, 69.701, 68.485, 66.753, 66.263, 66.82, 67.106, 66.884, 66.531, 65.574, 62.969, 57.993, 52.875, 50.706, 51.38, 49.827, 43.772, 40.45, 41.679, 41.76, 39.996, 38.413, 37.919, 37.765, 37.057, 3