[[0.0, 3.716, 7.632, 10.304, 12.493, 16.064, 21.345, 25.741, 26.883, 27.536, 29.8, 32.003, 33.471, 35.723, 37.81, 38.61, 39.888, 42.629, 44.256, 44.396, 44.576, 44.579, 43.447, 42.693, 42.772, 42.918, 43.161, 44.986, 47.146, 47.733, 47.805, 47.722, 47.038, 46.493, 46.305, 45.967, 45.687, 45.514, 44.937, 44.352, 44.163, 43.936, 43.87, 44.05, 44.301, 44.997, 45.611, 44.756, 43.47, 43.302, 43.416, 43.434, 43.754, 44.07, 45.019, 46.413, 46.994, 47.044, 47.377, 48.402, 49.744, 50.191, 49.732, 49.317, 49.312, 49.612, 50.252, 50.783, 50.846, 50.695, 50.406, 49.812, 49.426, 49.314, 48.821, 48.284, 48.237, 48.403, 48.702, 48.597, 47.515, 47.027, 48.025, 48.722, 48.733, 48.236, 47.73, 47.763, 47.945, 47.998, 47.979, 47.899, 47.696, 47.762, 48.14, 48.231, 47.705, 46.989, 46.681, 46.677, 46.925, 46.957, 46.608, 46.202, 46.004, 45.989, 45.637, 45.057, 45.578, 46.22, 46.429, 46.423, 46.721, 47.019, 47.262, 47.741, 48.269, 48.255, 47.103, 46.147, 46.08, 46.118, 46.113, 46.101, 46.631, 47.374, 47.728, 47.665, 47.645, 47.7, 47.564, 47.389, 47.406, 47.426, 47.279, 47.135, 47.207, 47.359, 47.44, 47.497, 47.689, 48.013, 48.206, 48.145, 47.438, 46.282, 45.722, 45.642, 45.591, 45.36, 45.206, 45.606, 46.027, 46.104, 45.998, 46.012, 45.899, 45.729, 45.819, 45.917, 45.847, 45.775, 45.784, 46.01, 46.261, 46.198, 46.304, 46.547, 46.468, 46.446, 46.459, 46.485, 46.611, 46.645, 46.529, 46.407, 46.219, 45.879, 45.754, 45.756, 45.634, 45.573, 45.803, 46.02, 45.592, 44.982, 45.383, 46.101, 46.123, 45.832, 45.43, 45.278, 45.44, 45.495, 45.975, 46.638, 46.727, 46.428, 46.49, 47.116, 47.526, 47.38, 47.537, 48.989, 50.118, 4.469], [3.716, 0.0, 4.711, 8.099, 10.83, 14.845, 20.431, 24.96, 26.164, 26.917, 29.249, 31.465, 32.984, 35.358, 37.517, 38.324, 39.645, 42.448, 44.061, 44.178, 44.363, 44.36, 43.202, 42.442, 42.518, 42.669, 42.95, 44.898, 47.139, 47.744, 47.82, 47.747, 47.063, 46.503, 46.294, 45.94, 45.658, 45.485, 44.896, 44.313, 44.157, 43.947, 43.879, 44.07, 44.344, 45.051, 45.662, 44.811, 43.525, 43.326, 43.399, 43.395, 43.699, 44.006, 44.974, 46.377, 46.936, 46.974, 47.314, 48.335, 49.653, 50.073, 49.591, 49.169, 49.166, 49.463, 50.102, 50.636, 50.7, 50.552, 50.266, 49.672, 49.287, 49.173, 48.679, 48.155, 48.134, 48.32, 48.631, 48.526, 47.452, 47.025, 48.091, 48.814, 48.825, 48.32, 47.805, 47.833, 48.02, 48.083, 48.069, 47.984, 47.769, 47.825, 48.209, 48.308, 47.786, 47.065, 46.748, 46.737, 46.976, 47.0, 46.644, 46.228, 46.02, 46.009, 45.667, 45.059, 45.516, 46.15, 46.384, 46.4, 46.709, 47.016, 47.268, 47.769, 48.316, 48.31, 47.146, 46.18, 46.11, 46.14, 46.13, 46.12, 46.661, 47.417, 47.778, 47.715, 47.686, 47.731, 47.592, 47.413, 47.421, 47.432, 47.282, 47.148, 47.226, 47.376, 47.453, 47.506, 47.703, 48.034, 48.221, 48.145, 47.413, 46.218, 45.627, 45.538, 45.487, 45.255, 45.099, 45.499, 45.932, 46.054, 45.996, 46.02, 45.902, 45.728, 45.816, 45.923, 45.881, 45.841, 45.864, 46.086, 46.333, 46.272, 46.361, 46.591, 46.516, 46.491, 46.501, 46.526, 46.639, 46.65, 46.511, 46.378, 46.188, 45.842, 45.708, 45.709, 45.591, 45.529, 45.755, 45.976, 45.554, 44.954, 45.366, 46.083, 46.09, 45.785, 45.369, 45.207, 45.365, 45.437, 45.944, 46.613, 46.691, 46.372, 46.433, 47.088, 47.507, 47.335, 47.489, 48.978, 50.157, 6.936], [7.632, 4.711, 0.0, 4.356, 8.441, 13.318, 19.303, 24.062, 25.407, 26.276, 28.697, 31.02, 32.721, 35.3, 37.53, 38.352, 39.76, 42.66, 44.242, 44.327, 44.521, 44.516, 43.387, 42.693, 42.807, 42.969, 43.242, 45.182, 47.433, 48.054, 48.14, 48.083, 47.42, 46.859, 46.637, 46.276, 45.998, 45.832, 45.242, 44.662, 44.519, 44.314, 44.243, 44.431, 44.711, 45.42, 46.027, 45.201, 43.976, 43.797, 43.85, 43.841, 44.148, 44.441, 45.364, 46.703, 47.211, 47.236, 47.563, 48.531, 49.787, 50.181, 49.698, 49.277, 49.269, 49.553, 50.176, 50.703, 50.764, 50.616, 50.334, 49.747, 49.369, 49.257, 48.783, 48.298, 48.306, 48.505, 48.831, 48.739, 47.714, 47.356, 48.436, 49.149, 49.162, 48.667, 48.153, 48.174, 48.364, 48.436, 48.427, 48.347, 48.146, 48.223, 48.623, 48.732, 48.222, 47.508, 47.191, 47.163, 47.368, 47.368, 47.016, 46.617, 46.415, 46.396, 46.06, 45.445, 45.81, 46.386, 46.645, 46.69, 47.008, 47.321, 47.575, 48.077, 48.618, 48.614, 47.465, 46.521, 46.46, 46.487, 46.455, 46.409, 46.925, 47.68, 48.064, 48.018, 47.987, 48.04, 47.931, 47.772, 47.775, 47.773, 47.622, 47.48, 47.531, 47.659, 47.722, 47.774, 47.979, 48.311, 48.501, 48.45, 47.754, 46.561, 45.932, 45.82, 45.781, 45.563, 45.404, 45.782, 46.209, 46.378, 46.364, 46.402, 46.299, 46.142, 46.23, 46.332, 46.301, 46.281, 46.315, 46.516, 46.751, 46.702, 46.782, 46.991, 46.918, 46.891, 46.906, 46.932, 47.044, 47.054, 46.911, 46.764, 46.576, 46.244, 46.098, 46.084, 45.979, 45.924, 46.136, 46.357, 45.964, 45.378, 45.738, 46.404, 46.377, 46.066, 45.676, 45.541, 45.685, 45.737, 46.229, 46.886, 46.961, 46.636, 46.677, 47.31, 47.741, 47.598, 47.725, 49.126, 50.279, 9.602], [10.304, 8.099, 4.356, 0.0, 5.227, 11.308, 17.904, 22.874, 24.341, 25.329, 27.772, 30.134, 31.969, 34.724, 37.069, 37.934, 39.393, 42.376, 44.016, 44.131, 44.333, 44.326, 43.23, 42.585, 42.731, 42.919, 43.235, 45.235, 47.544, 48.193, 48.282, 48.221, 47.556, 46.999, 46.777, 46.398, 46.099, 45.935, 45.355, 44.785, 44.647, 44.437, 44.363, 44.558, 44.852, 45.58, 46.198, 45.359, 44.095, 43.853, 43.868, 43.868, 44.159, 44.431, 45.366, 46.703, 47.193, 47.219, 47.567, 48.543, 49.788, 50.168, 49.673, 49.239, 49.222, 49.509, 50.147, 50.689, 50.756, 50.61, 50.327, 49.736, 49.355, 49.246, 48.766, 48.258, 48.245, 48.422, 48.739, 48.65, 47.632, 47.303, 48.425, 49.145, 49.161, 48.676, 48.173, 48.207, 48.414, 48.5, 48.494, 48.413, 48.215, 48.303, 48.713, 48.824, 48.311, 47.596, 47.281, 47.254, 47.462, 47.457, 47.098, 46.698, 46.503, 46.503, 46.18, 45.527, 45.79, 46.337, 46.632, 46.708, 47.037, 47.362, 47.634, 48.153, 48.69, 48.666, 47.498, 46.54, 46.473, 46.497, 46.453, 46.381, 46.87, 47.611, 47.997, 47.955, 47.919, 47.981, 47.893, 47.744, 47.74, 47.722, 47.557, 47.392, 47.423, 47.544, 47.601, 47.649, 47.864, 48.21, 48.409, 48.368, 47.683, 46.476, 45.813, 45.697, 45.68, 45.475, 45.315, 45.694, 46.14, 46.338, 46.349, 46.399, 46.305, 46.151, 46.237, 46.335, 46.297, 46.272, 46.301, 46.495, 46.737, 46.702, 46.765, 46.951, 46.876, 46.851, 46.868, 46.898, 47.011, 47.023, 46.878, 46.721, 46.532, 46.212, 46.073, 46.059, 45.963, 45.919, 46.137, 46.363, 45.985, 45.457, 45.865, 46.522, 46.455, 46.108, 45.707, 45.579, 45.725, 45.773, 46.264, 46.929, 47.011, 46.669, 46.676, 47.288, 47.731, 47.622, 47.783, 49.172, 50.317, 11.878], [12.493, 10.83, 8.441, 5.227, 0.0, 7.24, 15.099, 20.69, 22.325, 23.474, 26.076, 28.546, 30.476, 33.36, 35.858, 36.801, 38.317, 41.436, 43.273, 43.483, 43.692, 43.691, 42.601, 41.967, 42.128, 42.348, 42.748, 44.892, 47.296, 47.982, 48.086, 48.025, 47.337, 46.776, 46.564, 46.17, 45.832, 45.654, 45.085, 44.534, 44.406, 44.188, 44.113, 44.315, 44.622, 45.378, 46.012, 45.115, 43.708, 43.354, 43.367, 43.395, 43.647, 43.889, 44.871, 46.273, 46.781, 46.818, 47.207, 48.222, 49.487, 49.858, 49.336, 48.886, 48.877, 49.192, 49.869, 50.439, 50.522, 50.39, 50.114, 49.519, 49.144, 49.045, 48.532, 47.96, 47.911, 48.07, 48.375, 48.275, 47.234, 46.943, 48.155, 48.913, 48.937, 48.452, 47.95, 47.99, 48.205, 48.296, 48.283, 48.185, 47.973, 48.056, 48.476, 48.593, 48.067, 47.325, 46.99, 46.967, 47.207, 47.218, 46.832, 46.385, 46.17, 46.205, 45.892, 45.148, 45.31, 45.865, 46.19, 46.27, 46.61, 46.962, 47.274, 47.84, 48.4, 48.352, 47.127, 46.124, 46.049, 46.071, 46.027, 45.968, 46.475, 47.226, 47.605, 47.552, 47.518, 47.585, 47.492, 47.331, 47.322, 47.297, 47.118, 46.926, 46.941, 47.068, 47.131, 47.183, 47.409, 47.766, 47.968, 47.914, 47.206, 45.983, 45.313, 45.201, 45.185, 44.973, 44.808, 45.191, 45.637, 45.816, 45.835, 45.913, 45.834, 45.678, 45.773, 45.889, 45.86, 45.832, 45.859, 46.058, 46.321, 46.296, 46.336, 46.495, 46.429, 46.419, 46.437, 46.466, 46.582, 46.587, 46.431, 46.274, 46.086, 45.754, 45.616, 45.618, 45.526, 45.489, 45.727, 45.96, 45.591, 45.173, 45.732, 46.44, 46.343, 45.927, 45.458, 45.304, 45.461, 45.497, 45.963, 46.623, 46.712, 46.35, 46.336, 46.953, 47.396, 47.299, 47.556, 49.046, 50.235, 13.97], [16.064, 14.845, 13.318, 11.308, 7.24, 0.0, 9.064, 15.869, 18.085, 19.566, 22.542, 25.421, 27.584, 30.565, 33.229, 34.299, 35.909, 39.271, 41.495, 41.883, 42.099, 42.137, 41.14, 40.647, 40.842, 41.051, 41.611, 44.102, 46.721, 47.442, 47.561, 47.55, 46.881, 46.318, 46.119, 45.721, 45.351, 45.134, 44.524, 43.977, 43.883, 43.655, 43.569, 43.77, 44.079, 44.909, 45.616, 44.56, 42.75, 42.091, 42.08, 42.145, 42.314, 42.512, 43.605, 45.147, 45.713, 45.77, 46.193, 47.279, 48.616, 48.98, 48.411, 47.954, 47.984, 48.362, 49.119, 49.754, 49.872, 49.77, 49.505, 48.882, 48.487, 48.396, 47.842, 47.17, 47.041, 47.158, 47.453, 47.331, 46.213, 45.928, 47.279, 48.119, 48.182, 47.712, 47.225, 47.284, 47.518, 47.627, 47.627, 47.528, 47.296, 47.366, 47.799, 47.918, 47.356, 46.533, 46.113, 46.073, 46.36, 46.394, 45.968, 45.447, 45.176, 45.243, 44.923, 43.958, 43.94, 44.575, 44.947, 45.028, 45.419, 45.839, 46.227, 46.91, 47.549, 47.444, 46.041, 44.892, 44.782, 44.795, 44.755, 44.737, 45.329, 46.165, 46.566, 46.499, 46.486, 46.584, 46.474, 46.278, 46.25, 46.197, 45.986, 45.768, 45.773, 45.9, 45.971, 46.04, 46.277, 46.648, 46.857, 46.769, 46.002, 44.744, 44.082, 43.961, 43.928, 43.695, 43.518, 43.918, 44.375, 44.536, 44.532, 44.616, 44.534, 44.351, 44.461, 44.642, 44.661, 44.642, 44.656, 44.852, 45.138, 45.115, 45.126, 45.279, 45.242, 45.236, 45.25, 45.271, 45.367, 45.346, 45.187, 45.053, 44.883, 44.529, 44.392, 44.428, 44.34, 44.313, 44.603, 44.853, 44.491, 44.259, 45.104, 45.944, 45.806, 45.256, 44.623, 44.391, 44.582, 44.614, 45.015, 45.645, 45.749, 45.371, 45.331, 45.951, 46.373, 46.281, 46.713, 48.402, 49.665, 17.28], [21.345, 20.431, 19.303, 17.904, 15.099, 9.064, 0.0, 8.021, 11.899, 14.649, 17.99, 21.333, 23.874, 26.928, 29.749, 30.967, 32.696, 36.393, 39.153, 39.782, 39.989, 40.131, 39.47, 39.426, 39.692, 39.755, 40.621, 43.819, 46.818, 47.536, 47.599, 47.649, 47.067, 46.532, 46.316, 45.875, 45.464, 45.197, 44.488, 43.918, 43.894, 43.655, 43.55, 43.745, 44.048, 45.01, 45.872, 44.58, 42.026, 40.674, 40.472, 40.545, 40.555, 40.707, 42.114, 43.975, 44.657, 44.726, 45.187, 46.392, 47.853, 48.206, 47.556, 47.075, 47.146, 47.617, 48.511, 49.247, 49.413, 49.344, 49.07, 48.371, 47.917, 47.83, 47.22, 46.377, 46.069, 46.069, 46.331, 46.181, 44.877, 44.527, 46.1, 47.076, 47.195, 46.754, 46.324, 46.443, 46.736, 46.914, 46.972, 46.896, 46.648, 46.693, 47.127, 47.23, 46.613, 45.672, 45.106, 45.005, 45.32, 45.362, 44.886, 44.26, 43.89, 44.002, 43.67, 42.319, 42.007, 42.864, 43.356, 43.491, 44.015, 44.551, 45.052, 45.924, 46.671, 46.439, 44.727, 43.356, 43.179, 43.142, 43.111, 43.177, 43.918, 44.906, 45.341, 45.227, 45.227, 45.371, 45.233, 44.974, 44.904, 44.783, 44.499, 44.249, 44.266, 44.415, 44.509, 44.593, 44.847, 45.281, 45.516, 45.353, 44.445, 43.052, 42.332, 42.182, 42.153, 41.895, 41.692, 42.14, 42.678, 42.872, 42.818, 42.86, 42.723, 42.45, 42.547, 42.818, 42.943, 42.975, 42.974, 43.149, 43.454, 43.426, 43.417, 43.63, 43.644, 43.587, 43.581, 43.604, 43.643, 43.552, 43.389, 43.305, 43.182, 42.834, 42.739, 42.844, 42.751, 42.732, 43.119, 43.415, 43.004, 42.948, 44.204, 45.255, 45.054, 44.303, 43.439, 43.104, 43.374, 43.465, 43.832, 44.442, 44.565, 44.154, 44.079, 44.707, 45.06, 44.961, 45.685, 47.735, 49.097, 22.261], [25.741, 24.96, 24.062, 22.874, 20.69, 15.869, 8.021, 0.0, 6.181, 11.301, 14.937, 18.227, 20.963, 24.161, 27.184, 28.542, 30.387, 34.355, 37.588, 38.474, 38.673, 38.914, 38.624, 39.088, 39.465, 39.344, 40.437, 44.23, 47.519, 48.208, 48.21, 48.296, 47.793, 47.295, 47.054, 46.534, 46.052, 45.745, 44.971, 44.397, 44.428, 44.171, 44.046, 44.236, 44.53, 45.592, 46.591, 45.143, 41.959, 39.945, 39.538, 39.608, 39.453, 39.53, 41.258, 43.452, 44.249, 44.311, 44.809, 46.146, 47.72, 48.056, 47.322, 46.793, 46.865, 47.389, 48.377, 49.178, 49.366, 49.305, 49.01, 48.252, 47.756, 47.667, 46.997, 45.996, 45.515, 45.375, 45.578, 45.389, 43.912, 43.546, 45.382, 46.498, 46.663, 46.267, 45.907, 46.092, 46.446, 46.695, 46.811, 46.761, 46.504, 46.515, 46.917, 46.981, 46.319, 45.31, 44.65, 44.504, 44.842, 44.904, 44.397, 43.682, 43.23, 43.387, 43.027, 41.311, 40.717, 41.796, 42.423, 42.655, 43.312, 43.949, 44.547, 45.564, 46.385, 46.057, 44.094, 42.533, 42.281, 42.176, 42.146, 42.291, 43.132, 44.197, 44.62, 44.441, 44.438, 44.611, 44.451, 44.152, 44.053, 43.872, 43.52, 43.248, 43.294, 43.478, 43.605, 43.702, 43.969, 44.472, 44.736, 44.49, 43.455, 41.974, 41.201, 41.003, 40.98, 40.716, 40.499, 40.989, 41.613, 41.846, 41.742, 41.725, 41.513, 41.147, 41.208, 41.523, 41.728, 41.821, 41.814, 41.974, 42.295, 42.262, 42.265, 42.559, 42.618, 42.501, 42.47, 42.501, 42.486, 42.311, 42.118, 42.065, 41.992, 41.681, 41.653, 41.834, 41.733, 41.709, 42.168, 42.5, 42.036, 42.079, 43.66, 44.901, 44.657, 43.752, 42.725, 42.322, 42.674, 42.868, 43.273, 43.889, 44.017, 43.576, 43.468, 44.079, 44.317, 44.157, 45.131, 47.575, 49.042, 26.566], [26.883, 26.164, 25.407, 24.341, 22.325, 18.085, 11.899, 6.181, 0.0, 6.721, 11.648, 15.53, 18.514, 22.209, 25.693, 27.222, 29.198, 33.393, 36.888, 37.919, 38.154, 38.435, 38.191, 38.77, 39.261, 39.149, 40.156, 43.9, 47.199, 47.897, 47.905, 48.013, 47.553, 47.099, 46.883, 46.362, 45.853, 45.529, 44.769, 44.24, 44.322, 44.086, 43.961, 44.158, 44.46, 45.532, 46.543, 45.082, 41.817, 39.698, 39.253, 39.324, 39.138, 39.14, 40.86, 43.11, 43.944, 44.002, 44.5, 45.861, 47.457, 47.797, 47.065, 46.528, 46.575, 47.068, 48.035, 48.837, 49.039, 48.984, 48.698, 47.952, 47.445, 47.348, 46.678, 45.659, 45.117, 44.885, 45.032, 44.808, 43.322, 43.073, 44.981, 46.092, 46.287, 45.957, 45.633, 45.834, 46.193, 46.444, 46.574, 46.543, 46.289, 46.271, 46.622, 46.642, 45.956, 44.942, 44.298, 44.189, 44.572, 44.664, 44.17, 43.485, 43.08, 43.248, 42.843, 41.102, 40.552, 41.626, 42.275, 42.57, 43.245, 43.896, 44.519, 45.541, 46.37, 46.077, 44.078, 42.407, 42.083, 41.971, 41.925, 41.996, 42.74, 43.75, 44.148, 43.965, 43.974, 44.16, 44.014, 43.732, 43.646, 43.472, 43.098, 42.785, 42.79, 42.95, 43.082, 43.175, 43.416, 43.919, 44.189, 43.937, 42.949, 41.613, 40.94, 40.728, 40.671, 40.418, 40.24, 40.759, 41.395, 41.632, 41.547, 41.537, 41.303, 40.927, 40.98, 41.253, 41.397, 41.448, 41.43, 41.606, 41.955, 41.937, 41.939, 42.213, 42.278, 42.174, 42.145, 42.185, 42.184, 42.01, 41.798, 41.726, 41.662, 41.382, 41.399, 41.612, 41.511, 41.478, 41.926, 42.25, 41.807, 41.89, 43.495, 44.74, 44.492, 43.593, 42.57, 42.146, 42.515, 42.768, 43.207, 43.816, 43.941, 43.494, 43.366, 43.952, 44.141, 43.921, 44.895, 47.468, 49.0, 27.735], [27.536, 26.917, 26.276, 25.329, 23.474, 19.566, 14.649, 11.301, 6.721, 0.0, 6.74, 12.558, 16.406, 20.745, 24.75, 26.456, 28.554, 33.001, 36.671, 37.741, 38.016, 38.329, 37.989, 38.443, 38.996, 39.006, 39.83, 43.24, 46.401, 47.096, 47.11, 47.229, 46.794, 46.373, 46.227, 45.805, 45.352, 45.051, 44.341, 43.863, 43.972, 43.77, 43.667, 43.877, 44.189, 45.23, 46.187, 44.776, 41.723, 39.793, 39.376, 39.45, 39.324, 39.308, 40.863, 42.978, 43.78, 43.844, 44.297, 45.575, 47.107, 47.459, 46.792, 46.283, 46.298, 46.748, 47.691, 48.486, 48.699, 48.662, 48.406, 47.671, 47.134, 47.02, 46.377, 45.369, 44.772, 44.462, 44.554, 44.285, 42.865, 42.758, 44.567, 45.562, 45.776, 45.529, 45.253, 45.463, 45.796, 46.018, 46.148, 46.138, 45.911, 45.901, 46.233, 46.228, 45.518, 44.497, 43.908, 43.883, 44.324, 44.437, 43.965, 43.376, 43.108, 43.293, 42.857, 41.303, 40.984, 41.925, 42.53, 42.851, 43.466, 44.061, 44.669, 45.644, 46.448, 46.225, 44.302, 42.599, 42.228, 42.155, 42.099, 42.034, 42.591, 43.477, 43.844, 43.7, 43.742, 43.94, 43.813, 43.558, 43.504, 43.37, 42.999, 42.622, 42.522, 42.607, 42.722, 42.799, 42.992, 43.449, 43.694, 43.475, 42.643, 41.558, 41.081, 40.898, 40.81, 40.581, 40.47, 41.012, 41.633, 41.875, 41.843, 41.87, 41.644, 41.298, 41.344, 41.541, 41.578, 41.555, 41.527, 41.72, 42.089, 42.093, 42.074, 42.279, 42.34, 42.279, 42.26, 42.301, 42.341, 42.208, 41.995, 41.887, 41.791, 41.515, 41.538, 41.744, 41.652, 41.62, 42.024, 42.326, 41.974, 42.119, 43.619, 44.769, 44.508, 43.675, 42.71, 42.275, 42.623, 42.884, 43.312, 43.888, 43.994, 43.549, 43.425, 44.007, 44.214, 43.998, 44.903, 47.416, 48.955, 28.375], [29.8, 29.249, 28.697, 27.772, 26.076, 22.542, 17.99, 14.937, 11.648, 6.74, 0.0, 7.533, 13.069, 18.64, 23.275, 25.17, 27.376, 32.045, 35.993, 37.215, 37.526, 37.882, 37.627, 38.174, 38.815, 38.865, 39.674, 43.12, 46.318, 46.997, 46.967, 47.078, 46.655, 46.239, 46.114, 45.732, 45.322, 45.073, 44.405, 43.939, 44.05, 43.864, 43.786, 44.023, 44.357, 45.405, 46.357, 44.943, 41.88, 39.906, 39.448, 39.525, 39.396, 39.396, 41.006, 43.134, 43.934, 44.001, 44.429, 45.688, 47.215, 47.574, 46.927, 46.417, 46.393, 46.83, 47.814, 48.64, 48.85, 48.799, 48.533, 47.787, 47.232, 47.105, 46.422, 45.314, 44.59, 44.187, 44.221, 43.895, 42.385, 42.254, 44.098, 45.095, 45.313, 45.108, 44.903, 45.163, 45.518, 45.764, 45.927, 45.943, 45.73, 45.724, 46.045, 46.024, 45.303, 44.289, 43.718, 43.727, 44.209, 44.339, 43.862, 43.285, 43.074, 43.313, 42.874, 41.304, 40.982, 41.923, 42.552, 42.912, 43.525, 44.099, 44.711, 45.697, 46.498, 46.27, 44.32, 42.57, 42.169, 42.098, 42.058, 41.987, 42.508, 43.349, 43.687, 43.554, 43.616, 43.8, 43.637, 43.372, 43.33, 43.206, 42.853, 42.491, 42.379, 42.447, 42.569, 42.642, 42.796, 43.223, 43.448, 43.206, 42.381, 41.358, 40.958, 40.818, 40.736, 40.518, 40.446, 41.029, 41.683, 41.942, 41.903, 41.883, 41.617, 41.246, 41.283, 41.491, 41.534, 41.502, 41.46, 41.64, 42.001, 42.019, 42.025, 42.239, 42.306, 42.237, 42.206, 42.237, 42.243, 42.07, 41.837, 41.722, 41.621, 41.34, 41.366, 41.589, 41.51, 41.484, 41.885, 42.187, 41.829, 41.957, 43.485, 44.652, 44.363, 43.539, 42.586, 42.138, 42.477, 42.759, 43.23, 43.822, 43.908, 43.445, 43.326, 43.927, 44.155, 43.949, 44.885, 47.425, 48.974, 30.645], [32.003, 31.465, 31.02, 30.134, 28.546, 25.421, 21.333, 18.227, 15.53, 12.558, 7.533, 0.0, 7.537, 15.6, 21.29, 23.366, 25.619, 30.499, 34.84, 36.325, 36.693, 37.106, 37.012, 37.812, 38.606, 38.642, 39.513, 43.19, 46.535, 47.213, 47.142, 47.233, 46.802, 46.376, 46.23, 45.828, 45.441, 45.242, 44.606, 44.153, 44.279, 44.083, 44.0, 44.266, 44.653, 45.758, 46.748, 45.302, 42.069, 39.887, 39.364, 39.437, 39.241, 39.254, 41.034, 43.298, 44.128, 44.181, 44.621, 45.941, 47.512, 47.862, 47.175, 46.631, 46.588, 47.016, 48.02, 48.87, 49.067, 48.97, 48.664, 47.915, 47.378, 47.254, 46.507, 45.283, 44.463, 43.995, 43.984, 43.615, 41.958, 41.779, 43.789, 44.861, 45.07, 44.863, 44.681, 44.975, 45.374, 45.665, 45.86, 45.896, 45.667, 45.614, 45.879, 45.822, 45.096, 44.099, 43.538, 43.566, 44.095, 44.258, 43.764, 43.132, 42.893, 43.18, 42.744, 41.016, 40.544, 41.586, 42.268, 42.641, 43.291, 43.891, 44.524, 45.531, 46.332, 46.061, 44.013, 42.201, 41.793, 41.71, 41.694, 41.716, 42.331, 43.215, 43.534, 43.391, 43.461, 43.616, 43.39, 43.1, 43.047, 42.898, 42.563, 42.278, 42.239, 42.349, 42.509, 42.597, 42.738, 43.183, 43.425, 43.13, 42.206, 41.12, 40.673, 40.525, 40.43, 40.199, 40.14, 40.793, 41.522, 41.779, 41.679, 41.577, 41.239, 40.808, 40.834, 41.079, 41.149, 41.117, 41.069, 41.26, 41.625, 41.649, 41.702, 41.948, 41.997, 41.895, 41.855, 41.872, 41.818, 41.579, 41.317, 41.211, 41.107, 40.799, 40.831, 41.093, 41.015, 40.982, 41.403, 41.699, 41.28, 41.404, 43.075, 44.34, 44.046, 43.208, 42.243, 41.779, 42.136, 42.461, 43.003, 43.641, 43.719, 43.23, 43.091, 43.697, 43.933, 43.725, 44.73, 47.413, 49.012, 32.929], [33.471, 32.984, 32.721, 31.969, 30.476, 27.584, 23.874, 20.963, 18.514, 16.406, 13.069, 7.537, 0.0, 10.119, 17.28, 19.777, 21.983, 27.459, 32.772, 34.656, 35.059, 35.613, 35.703, 36.748, 37.719, 37.744, 38.696, 42.666, 46.212, 46.905, 46.799, 46.865, 46.414, 45.999, 45.863, 45.465, 45.106, 44.932, 44.328, 43.95, 44.145, 43.938, 43.835, 44.118, 44.564, 45.777, 46.83, 45.27, 41.693, 39.164, 38.532, 38.617, 38.361, 38.392, 40.377, 42.863, 43.748, 43.781, 44.247, 45.661, 47.299, 47.621, 46.859, 46.281, 46.271, 46.753, 47.803, 48.687, 48.889, 48.771, 48.429, 47.629, 47.067, 46.94, 46.14, 44.824, 43.954, 43.473, 43.448, 43.054, 41.318, 41.164, 43.334, 44.463, 44.668, 44.454, 44.268, 44.571, 44.991, 45.292, 45.498, 45.546, 45.292, 45.165, 45.348, 45.234, 44.484, 43.486, 42.916, 42.954, 43.535, 43.732, 43.217, 42.528, 42.254, 42.582, 42.126, 40.182, 39.629, 40.848, 41.581, 41.908, 42.565, 43.216, 43.903, 44.962, 45.789, 45.475, 43.301, 41.387, 40.971, 40.885, 40.889, 41.003, 41.727, 42.675, 42.973, 42.794, 42.87, 43.021, 42.744, 42.41, 42.318, 42.105, 41.734, 41.472, 41.478, 41.611, 41.781, 41.879, 42.041, 42.553, 42.838, 42.498, 41.489, 40.354, 39.876, 39.692, 39.572, 39.327, 39.228, 39.921, 40.761, 41.038, 40.869, 40.717, 40.317, 39.812, 39.81, 40.058, 40.123, 40.087, 40.06, 40.315, 40.72, 40.71, 40.749, 41.042, 41.122, 41.005, 40.96, 40.982, 40.907, 40.632, 40.343, 40.234, 40.099, 39.737, 39.79, 40.095, 40.003, 39.961, 40.414, 40.715, 40.291, 40.561, 42.472, 43.865, 43.569, 42.65, 41.578, 41.065, 41.483, 41.886, 42.463, 43.127, 43.235, 42.712, 42.518, 43.146, 43.375, 43.121, 44.238, 47.194, 48.933, 34.48], [35.723, 35.358, 35.3, 34.724, 33.36, 30.565, 26.928, 24.161, 22.209, 20.745, 18.64, 15.6, 10.119, 0.0, 8.656, 12.36, 14.912, 21.723, 28.982, 31.679, 32.135, 32.88, 33.353, 34.909, 36.138, 36.142, 37.296, 41.861, 45.781, 46.516, 46.356, 46.374, 45.889, 45.511, 45.442, 45.097, 44.778, 44.589, 43.995, 43.804, 44.178, 43.975, 43.836, 44.109, 44.584, 45.929, 47.109, 45.397, 41.238, 38.054, 37.203, 37.33, 36.943, 36.874, 39.055, 41.84, 42.838, 42.884, 43.385, 44.903, 46.614, 46.891, 46.053, 45.487, 45.56, 46.143, 47.295, 48.259, 48.515, 48.439, 48.087, 47.188, 46.542, 46.41, 45.596, 44.221, 43.313, 42.832, 42.812, 42.405, 40.579, 40.389, 42.754, 43.98, 44.168, 43.952, 43.82, 44.168, 44.601, 44.888, 45.078, 45.127, 44.882, 44.747, 44.881, 44.688, 43.878, 42.862, 42.294, 42.337, 42.95, 43.165, 42.627, 41.865, 41.52, 41.898, 41.427, 39.105, 38.415, 39.937, 40.739, 40.999, 41.672, 42.396, 43.187, 44.391, 45.291, 44.877, 42.493, 40.41, 39.954, 39.844, 39.851, 40.064, 40.917, 41.934, 42.203, 41.964, 42.047, 42.215, 41.889, 41.497, 41.34, 41.0, 40.51, 40.21, 40.248, 40.388, 40.531, 40.627, 40.842, 41.438, 41.756, 41.356, 40.229, 39.01, 38.557, 38.427, 38.337, 38.079, 37.923, 38.595, 39.532, 39.865, 39.601, 39.363, 38.88, 38.292, 38.293, 38.601, 38.726, 38.735, 38.738, 39.062, 39.52, 39.493, 39.52, 39.89, 40.055, 39.92, 39.848, 39.856, 39.741, 39.423, 39.135, 39.07, 38.944, 38.552, 38.646, 39.005, 38.889, 38.837, 39.356, 39.682, 39.234, 39.667, 41.879, 43.457, 43.198, 42.161, 40.862, 40.203, 40.68, 41.203, 41.792, 42.457, 42.627, 42.08, 41.806, 42.484, 42.692, 42.293, 43.521, 46.798, 48.724, 36.73], [37.81, 37.517, 37.53, 37.069, 35.858, 33.229, 29.749, 27.184, 25.693, 24.75, 23.275, 21.29, 17.28, 8.656, 0.0, 5.11, 9.291, 17.601, 26.115, 29.483, 30.067, 30.957, 31.947, 34.156, 35.638, 35.643, 36.973, 41.89, 45.987, 46.732, 46.532, 46.508, 45.999, 45.629, 45.585, 45.278, 44.992, 44.778, 44.184, 44.141, 44.646, 44.469, 44.317, 44.559, 45.017, 46.391, 47.619, 45.88, 41.507, 38.053, 37.109, 37.237, 36.773, 36.634, 38.844, 41.713, 42.769, 42.838, 43.347, 44.863, 46.543, 46.782, 45.938, 45.416, 45.543, 46.149, 47.305, 48.289, 48.584, 48.549, 48.206, 47.285, 46.621, 46.5, 45.718, 44.369, 43.473, 43.021, 43.027, 42.64, 40.826, 40.57, 42.991, 44.289, 44.447, 44.194, 44.08, 44.436, 44.846, 45.099, 45.248, 45.266, 45.027, 44.922, 45.068, 44.866, 44.065, 43.095, 42.568, 42.599, 43.168, 43.366, 42.827, 42.011, 41.555, 41.915, 41.485, 39.01, 38.193, 39.842, 40.662, 40.889, 41.595, 42.357, 43.171, 44.437, 45.377, 44.913, 42.466, 40.36, 39.899, 39.769, 39.775, 40.052, 40.97, 42.011, 42.289, 42.047, 42.126, 42.297, 41.961, 41.553, 41.359, 40.944, 40.387, 40.069, 40.138, 40.296, 40.418, 40.5, 40.744, 41.362, 41.689, 41.28, 40.097, 38.783, 38.259, 38.142, 38.075, 37.793, 37.581, 38.163, 39.073, 39.453, 39.17, 38.911, 38.453, 37.9, 37.939, 38.305, 38.528, 38.631, 38.659, 38.983, 39.451, 39.452, 39.505, 39.903, 40.098, 39.959, 39.88, 39.882, 39.753, 39.442, 39.189, 39.16, 39.051, 38.677, 38.78, 39.128, 38.999, 38.948, 39.494, 39.825, 39.338, 39.787, 42.061, 43.697, 43.477, 42.423, 41.05, 40.335, 40.81, 41.346, 41.909, 42.562, 42.777, 42.252, 41.942, 42.614, 42.823, 42.338, 43.487, 46.737, 48.707, 38.725], [38.61, 38.324, 38.352, 37.934, 36.801, 34.299, 30.967, 28.542, 27.222, 26.456, 25.17, 23.366, 19.777, 12.36, 5.11, 0.0, 6.197, 16.157, 25.187, 28.702, 29.341, 30.314, 31.531, 33.972, 35.531, 35.538, 36.924, 41.926, 46.077, 46.84, 46.632, 46.591, 46.059, 45.66, 45.597, 45.296, 45.021, 44.801, 44.212, 44.2, 44.739, 44.592, 44.452, 44.686, 45.143, 46.52, 47.738, 45.981, 41.596, 38.148, 37.202, 37.308, 36.838, 36.737, 38.974, 41.858, 42.927, 42.991, 43.503, 45.035, 46.716, 46.941, 46.093, 45.577, 45.707, 46.306, 47.449, 48.422, 48.711, 48.666, 48.315, 47.394, 46.74, 46.627, 45.849, 44.504, 43.63, 43.223, 43.245, 42.868, 41.058, 40.737, 43.149, 44.479, 44.628, 44.351, 44.235, 44.591, 44.992, 45.234, 45.377, 45.387, 45.136, 45.024, 45.178, 45.0, 44.24, 43.32, 42.816, 42.836, 43.377, 43.562, 43.028, 42.193, 41.685, 42.026, 41.627, 39.152, 38.313, 39.97, 40.77, 40.983, 41.721, 42.51, 43.307, 44.562, 45.514, 45.054, 42.602, 40.488, 40.013, 39.872, 39.879, 40.178, 41.123, 42.183, 42.482, 42.248, 42.317, 42.485, 42.15, 41.735, 41.53, 41.094, 40.509, 40.184, 40.277, 40.459, 40.581, 40.664, 40.921, 41.541, 41.875, 41.478, 40.284, 38.919, 38.321, 38.177, 38.112, 37.815, 37.566, 38.112, 39.011, 39.425, 39.17, 38.929, 38.5, 37.978, 38.031, 38.41, 38.669, 38.816, 38.861, 39.186, 39.657, 39.667, 39.736, 40.138, 40.331, 40.195, 40.117, 40.127, 40.008, 39.705, 39.454, 39.415, 39.29, 38.916, 39.017, 39.35, 39.216, 39.165, 39.706, 40.033, 39.535, 39.96, 42.201, 43.818, 43.597, 42.552, 41.199, 40.501, 40.963, 41.471, 42.04, 42.709, 42.938, 42.433, 42.123, 42.79, 43.021, 42.535, 43.639, 46.83, 48.786, 39.482], [39.888, 39.645, 39.76, 39.393, 38.317, 35.909, 32.696, 30.387, 29.198, 28.554, 27.376, 25.619, 21.983, 14.912, 9.291, 6.197, 0.0, 11.568, 22.219, 26.381, 27.041, 28.197, 29.961, 32.906, 34.584, 34.578, 36.207, 41.629, 45.979, 46.767, 46.554, 46.492, 45.921, 45.516, 45.473, 45.195, 44.94, 44.719, 44.118, 44.108, 44.635, 44.466, 44.34, 44.599, 45.1, 46.574, 47.866, 46.011, 41.307, 37.503, 36.424, 36.506, 35.936, 35.853, 38.327, 41.418, 42.553, 42.596, 43.097, 44.703, 46.438, 46.625, 45.72, 45.203, 45.363, 45.998, 47.185, 48.201, 48.528, 48.509, 48.149, 47.186, 46.504, 46.393, 45.581, 44.146, 43.216, 42.827, 42.859, 42.46, 40.557, 40.21, 42.805, 44.26, 44.423, 44.134, 44.04, 44.439, 44.871, 45.126, 45.271, 45.274, 44.99, 44.833, 44.968, 44.788, 44.032, 43.12, 42.603, 42.628, 43.213, 43.426, 42.884, 42.008, 41.451, 41.818, 41.436, 38.753, 37.738, 39.527, 40.391, 40.584, 41.359, 42.203, 43.041, 44.352, 45.35, 44.846, 42.253, 39.989, 39.45, 39.253, 39.235, 39.591, 40.624, 41.729, 41.997, 41.713, 41.776, 41.956, 41.584, 41.124, 40.894, 40.423, 39.791, 39.463, 39.618, 39.866, 40.023, 40.122, 40.4, 41.065, 41.431, 40.983, 39.649, 38.139, 37.445, 37.29, 37.218, 36.908, 36.659, 37.288, 38.321, 38.791, 38.48, 38.185, 37.684, 37.083, 37.136, 37.567, 37.865, 38.042, 38.1, 38.46, 38.958, 38.942, 39.001, 39.452, 39.689, 39.546, 39.457, 39.471, 39.328, 38.983, 38.708, 38.668, 38.529, 38.14, 38.268, 38.628, 38.483, 38.434, 39.016, 39.359, 38.837, 39.35, 41.834, 43.596, 43.386, 42.282, 40.829, 40.066, 40.574, 41.21, 41.91, 42.65, 42.893, 42.351, 41.973, 42.641, 42.856, 42.298, 43.467, 46.818, 48.839, 40.737], [42.629, 42.448, 42.66, 42.376, 41.436, 39.271, 36.393, 34.355, 33.393, 33.001, 32.045, 30.499, 27.459, 21.723, 17.601, 16.157, 11.568, 0.0, 13.156, 19.271, 20.26, 21.795, 25.387, 30.306, 32.681, 32.86, 35.064, 41.156, 45.706, 46.46, 46.214, 46.114, 45.494, 45.126, 45.182, 45.004, 44.846, 44.645, 44.007, 44.059, 44.644, 44.454, 44.323, 44.626, 45.209, 46.782, 48.154, 46.268, 41.235, 36.937, 35.631, 35.629, 34.913, 34.871, 37.686, 41.098, 42.399, 42.418, 42.864, 44.485, 46.194, 46.286, 45.311, 44.801, 45.012, 45.673, 46.857, 47.886, 48.26, 48.306, 47.971, 46.997, 46.293, 46.175, 45.343, 43.828, 42.814, 42.402, 42.445, 42.047, 40.088, 39.664, 42.422, 44.063, 44.246, 43.891, 43.789, 44.238, 44.717, 44.981, 45.079, 45.014, 44.683, 44.506, 44.656, 44.499, 43.763, 42.855, 42.332, 42.382, 43.038, 43.294, 42.748, 41.843, 41.206, 41.576, 41.293, 38.463, 37.156, 39.077, 40.09, 40.304, 41.041, 41.855, 42.736, 44.151, 45.218, 44.676, 41.948, 39.548, 38.956, 38.677, 38.641, 39.128, 40.309, 41.455, 41.654, 41.308, 41.365, 41.512, 41.058, 40.551, 40.296, 39.795, 39.183, 38.948, 39.268, 39.686, 39.944, 40.055, 40.291, 40.938, 41.293, 40.713, 39.044, 37.137, 36.224, 36.079, 36.017, 35.707, 35.517, 36.278, 37.498, 38.076, 37.664, 37.234, 36.606, 35.871, 35.924, 36.461, 36.837, 37.056, 37.118, 37.477, 37.976, 37.966, 38.052, 38.54, 38.818, 38.685, 38.609, 38.625, 38.424, 38.027, 37.768, 37.786, 37.66, 37.253, 37.401, 37.791, 37.633, 37.601, 38.26, 38.624, 38.033, 38.646, 41.506, 43.52, 43.384, 42.253, 40.661, 39.757, 40.287, 41.145, 42.09, 42.931, 43.18, 42.596, 42.086, 42.7, 42.913, 42.218, 43.249, 46.68, 48.826, 43.421], [44.256, 44.061, 44.242, 44.016, 43.273, 41.495, 39.153, 37.588, 36.888, 36.671, 35.993, 34.84, 32.772, 28.982, 26.115, 25.187, 22.219, 13.156, 0.0, 8.168, 10.489, 12.868, 19.568, 27.263, 30.688, 31.406, 34.165, 40.471, 44.942, 45.67, 45.463, 45.385, 44.772, 44.421, 44.552, 44.527, 44.544, 44.404, 43.757, 43.871, 44.55, 44.419, 44.27, 44.57, 45.209, 46.724, 48.007, 46.298, 41.704, 37.778, 36.474, 36.266, 35.616, 35.752, 38.469, 41.772, 43.131, 43.126, 43.498, 45.019, 46.595, 46.577, 45.553, 45.016, 45.194, 45.8, 46.877, 47.79, 48.1, 48.145, 47.857, 46.995, 46.388, 46.268, 45.451, 44.061, 43.223, 42.95, 43.074, 42.746, 40.955, 40.503, 43.046, 44.644, 44.799, 44.353, 44.169, 44.56, 45.008, 45.251, 45.296, 45.157, 44.797, 44.655, 44.91, 44.884, 44.268, 43.41, 42.878, 42.889, 43.482, 43.704, 43.194, 42.374, 41.749, 42.061, 41.904, 39.33, 37.86, 39.514, 40.555, 40.793, 41.399, 42.049, 42.784, 44.103, 45.146, 44.718, 42.251, 40.119, 39.655, 39.386, 39.362, 39.922, 41.179, 42.347, 42.581, 42.292, 42.317, 42.396, 41.951, 41.491, 41.234, 40.749, 40.261, 40.175, 40.637, 41.208, 41.568, 41.691, 41.85, 42.35, 42.608, 41.992, 40.148, 37.842, 36.651, 36.496, 36.502, 36.245, 36.11, 36.859, 38.042, 38.704, 38.388, 37.98, 37.36, 36.613, 36.635, 37.191, 37.634, 37.937, 38.041, 38.323, 38.729, 38.749, 38.857, 39.294, 39.553, 39.482, 39.458, 39.496, 39.317, 38.96, 38.762, 38.823, 38.699, 38.285, 38.368, 38.696, 38.547, 38.518, 39.142, 39.509, 38.927, 39.434, 42.093, 43.981, 43.902, 42.911, 41.423, 40.493, 40.901, 41.794, 42.84, 43.675, 43.917, 43.438, 42.976, 43.55, 43.846, 43.191, 43.906, 47.007, 49.109, 44.915], [44.396, 44.178, 44.327, 44.131, 43.483, 41.883, 39.782, 38.474, 37.919, 37.741, 37.215, 36.325, 34.656, 31.679, 29.483, 28.702, 26.381, 19.271, 8.168, 0.0, 4.375, 9.038, 17.252, 25.705, 29.504, 30.558, 33.544, 39.835, 44.235, 44.958, 44.796, 44.77, 44.184, 43.798, 43.896, 43.921, 44.031, 43.928, 43.27, 43.372, 44.094, 44.027, 43.871, 44.156, 44.821, 46.294, 47.492, 45.863, 41.658, 38.235, 37.04, 36.656, 36.079, 36.38, 38.971, 42.124, 43.487, 43.484, 43.852, 45.37, 46.932, 46.892, 45.851, 45.286, 45.422, 45.994, 47.014, 47.858, 48.119, 48.141, 47.87, 47.07, 46.532, 46.423, 45.609, 44.303, 43.62, 43.492, 43.701, 43.413, 41.723, 41.298, 43.683, 45.193, 45.311, 44.815, 44.571, 44.901, 45.313, 45.539, 45.559, 45.383, 44.99, 44.843, 45.165, 45.24, 44.701, 43.864, 43.297, 43.256, 43.789, 43.973, 43.474, 42.715, 42.136, 42.424, 42.321, 39.939, 38.487, 39.938, 40.904, 41.093, 41.627, 42.212, 42.83, 44.02, 45.014, 44.663, 42.42, 40.545, 40.194, 39.954, 39.968, 40.578, 41.876, 43.068, 43.343, 43.077, 43.063, 43.115, 42.698, 42.26, 41.998, 41.522, 41.072, 41.014, 41.492, 42.099, 42.486, 42.615, 42.753, 43.174, 43.373, 42.785, 40.951, 38.484, 37.126, 36.963, 37.026, 36.799, 36.7, 37.481, 38.64, 39.349, 39.177, 38.864, 38.265, 37.508, 37.49, 38.015, 38.465, 38.807, 38.941, 39.173, 39.504, 39.51, 39.615, 40.032, 40.284, 40.246, 40.246, 40.307, 40.176, 39.858, 39.668, 39.713, 39.571, 39.126, 39.144, 39.428, 39.282, 39.232, 39.795, 40.165, 39.641, 40.054, 42.425, 44.11, 44.031, 43.141, 41.767, 40.869, 41.208, 42.067, 43.098, 43.891, 44.107, 43.691, 43.322, 43.938, 44.314, 43.761, 44.396, 47.337, 49.373, 44.975], [44.576, 44.363, 44.521, 44.333, 43.692, 42.099, 39.989, 38.673, 38.154, 38.016, 37.526, 36.693, 35.059, 32.135, 30.067, 29.341, 27.041, 20.26, 10.489, 4.375, 0.0, 6.803, 16.425, 25.198, 28.998, 30.092, 33.2, 39.608, 44.07, 44.798, 44.637, 44.634, 44.089, 43.716, 43.805, 43.826, 43.931, 43.82, 43.157, 43.256, 43.979, 43.924, 43.778, 44.068, 44.746, 46.259, 47.493, 45.841, 41.56, 38.09, 36.9, 36.493, 35.874, 36.181, 38.829, 42.029, 43.412, 43.416, 43.798, 45.361, 46.959, 46.925, 45.885, 45.323, 45.455, 46.023, 47.05, 47.908, 48.182, 48.207, 47.932, 47.127, 46.593, 46.493, 45.682, 44.37, 43.675, 43.534, 43.742, 43.459, 41.759, 41.304, 43.679, 45.194, 45.318, 44.815, 44.57, 44.902, 45.314, 45.536, 45.552, 45.376, 44.98, 44.823, 45.143, 45.23, 44.7, 43.86, 43.281, 43.236, 43.773, 43.954, 43.454, 42.715, 42.161, 42.461, 42.364, 39.965, 38.476, 39.906, 40.843, 40.995, 41.518, 42.122, 42.749, 43.938, 44.932, 44.582, 42.36, 40.534, 40.202, 39.949, 39.981, 40.643, 41.965, 43.143, 43.387, 43.093, 43.078, 43.136, 42.697, 42.236, 41.973, 41.487, 41.012, 40.929, 41.403, 42.023, 42.43, 42.57, 42.712, 43.132, 43.31, 42.697, 40.85, 38.366, 36.993, 36.836, 36.896, 36.669, 36.599, 37.407, 38.58, 39.323, 39.202, 38.914, 38.309, 37.53, 37.492, 38.016, 38.469, 38.803, 38.933, 39.172, 39.505, 39.493, 39.576, 40.009, 40.287, 40.25, 40.241, 40.3, 40.167, 39.836, 39.616, 39.636, 39.484, 39.026, 39.029, 39.304, 39.149, 39.093, 39.659, 40.035, 39.535, 39.997, 42.419, 44.111, 44.028, 43.13, 41.732, 40.819, 41.188, 42.087, 43.131, 43.929, 44.145, 43.718, 43.331, 43.949, 44.331, 43.773, 44.389, 47.335, 49.382, 45.149], [44.579, 44.36, 44.516, 44.326, 43.691, 42.137, 40.131, 38.914, 38.435, 38.329, 37.882, 37.106, 35.613, 32.88, 30.957, 30.314, 28.197, 21.795, 12.868, 9.038, 6.803, 0.0, 11.797, 22.183, 26.598, 27.884, 31.163, 37.882, 42.547, 43.368, 43.229, 43.23, 42.727, 42.421, 42.571, 42.617, 42.729, 42.628, 42.02, 42.248, 43.134, 43.169, 43.044, 43.395, 44.152, 45.662, 46.889, 45.379, 41.376, 38.097, 36.928, 36.537, 35.936, 36.111, 38.566, 41.724, 43.137, 43.135, 43.5, 45.078, 46.691, 46.636, 45.577, 45.018, 45.146, 45.694, 46.712, 47.572, 47.844, 47.859, 47.587, 46.812, 46.309, 46.199, 45.367, 44.089, 43.441, 43.253, 43.385, 43.092, 41.422, 40.994, 43.327, 44.819, 44.955, 44.478, 44.256, 44.589, 44.983, 45.189, 45.203, 45.042, 44.671, 44.523, 44.822, 44.906, 44.404, 43.58, 43.024, 43.005, 43.547, 43.729, 43.246, 42.551, 42.046, 42.357, 42.264, 39.944, 38.453, 39.75, 40.642, 40.789, 41.28, 41.854, 42.464, 43.641, 44.633, 44.337, 42.238, 40.523, 40.225, 39.98, 40.022, 40.684, 41.95, 43.062, 43.279, 43.001, 43.008, 43.071, 42.644, 42.202, 41.952, 41.476, 41.009, 40.923, 41.382, 41.988, 42.399, 42.538, 42.654, 43.033, 43.188, 42.562, 40.718, 38.268, 36.987, 36.926, 36.981, 36.696, 36.648, 37.485, 38.637, 39.383, 39.312, 39.033, 38.413, 37.639, 37.616, 38.152, 38.598, 38.901, 39.007, 39.215, 39.534, 39.534, 39.63, 40.063, 40.336, 40.299, 40.301, 40.348, 40.181, 39.828, 39.613, 39.64, 39.479, 39.008, 39.007, 39.292, 39.152, 39.096, 39.645, 40.004, 39.478, 39.851, 42.189, 43.853, 43.8, 42.938, 41.541, 40.586, 40.911, 41.843, 42.922, 43.696, 43.892, 43.476, 43.134, 43.813, 44.233, 43.659, 44.204, 47.09, 49.149, 45.165], [43.447, 43.202, 43.387, 43.23, 42.601, 41.14, 39.47, 38.624, 38.191, 37.989, 37.627, 37.012, 35.703, 33.353, 31.947, 31.531, 29.961, 25.387, 19.568, 17.252, 16.425, 11.797, 0.0, 12.325, 18.747, 21.171, 24.7, 32.285, 37.678, 38.745, 38.66, 38.668, 38.136, 37.762, 37.874, 37.956, 38.126, 38.076, 37.661, 38.328, 39.777, 40.117, 40.043, 40.556, 41.529, 42.968, 44.001, 42.716, 39.725, 37.648, 36.875, 36.48, 36.07, 36.214, 38.163, 40.995, 42.325, 42.329, 42.796, 44.536, 46.267, 46.241, 45.18, 44.617, 44.73, 45.253, 46.252, 47.094, 47.329, 47.291, 47.006, 46.272, 45.805, 45.656, 44.749, 43.501, 42.995, 42.818, 42.878, 42.577, 41.029, 40.757, 42.959, 44.288, 44.392, 43.931, 43.65, 43.884, 44.197, 44.349, 44.339, 44.183, 43.819, 43.641, 43.885, 43.952, 43.472, 42.667, 42.15, 42.192, 42.784, 42.996, 42.5, 41.813, 41.394, 41.728, 41.616, 39.625, 38.477, 39.494, 40.198, 40.277, 40.711, 41.26, 41.81, 42.871, 43.813, 43.65, 41.845, 40.403, 40.236, 40.07, 40.161, 40.825, 42.042, 43.107, 43.326, 43.075, 43.064, 43.089, 42.699, 42.305, 42.076, 41.62, 41.176, 41.107, 41.521, 42.036, 42.372, 42.458, 42.505, 42.803, 42.955, 42.403, 40.663, 38.218, 36.972, 37.12, 37.263, 36.906, 36.904, 37.928, 39.169, 39.882, 39.812, 39.475, 38.785, 38.021, 38.031, 38.552, 38.919, 39.132, 39.194, 39.323, 39.51, 39.421, 39.578, 40.089, 40.343, 40.3, 40.341, 40.393, 40.205, 39.842, 39.639, 39.694, 39.519, 38.991, 39.009, 39.371, 39.27, 39.19, 39.661, 39.991, 39.426, 39.381, 41.081, 42.471, 42.455, 41.702, 40.422, 39.509, 39.701, 40.507, 41.591, 42.324, 42.403, 41.894, 41.624, 42.493, 43.047, 42.536, 43.063, 45.944, 48.061, 44.107], [42.693, 42.442, 42.693, 42.585, 41.967, 40.647, 39.426, 39.088, 38.77, 38.443, 38.174, 37.812, 36.748, 34.909, 34.156, 33.972, 32.906, 30.306, 27.263, 25.705, 25.198, 22.183, 12.325, 0.0, 8.792, 13.865, 17.847, 26.212, 32.531, 34.148, 34.291, 34.363, 33.826, 33.36, 33.365, 33.469, 33.715, 33.709, 33.525, 34.65, 36.591, 37.22, 37.233, 37.886, 39.051, 40.438, 41.216, 40.043, 38.238, 37.787, 37.647, 37.275, 37.136, 37.489, 38.933, 41.174, 42.244, 42.243, 42.83, 44.711, 46.569, 46.665, 45.721, 45.222, 45.354, 45.881, 46.848, 47.651, 47.849, 47.751, 47.455, 46.773, 46.339, 46.176, 45.241, 44.06, 43.729, 43.646, 43.705, 43.435, 42.091, 41.983, 43.891, 44.925, 44.963, 44.482, 44.061, 44.122, 44.322, 44.423, 44.406, 44.245, 43.826, 43.553, 43.731, 43.802, 43.365, 42.62, 42.154, 42.225, 42.847, 43.11, 42.63, 41.961, 41.651, 42.004, 41.861, 40.306, 39.587, 40.228, 40.635, 40.585, 40.966, 41.545, 42.031, 42.859, 43.656, 43.62, 42.186, 41.127, 41.129, 41.039, 41.187, 41.885, 43.053, 44.046, 44.265, 44.022, 43.95, 43.905, 43.552, 43.206, 42.998, 42.587, 42.202, 42.181, 42.557, 42.964, 43.191, 43.208, 43.219, 43.479, 43.653, 43.219, 41.662, 39.312, 38.12, 38.459, 38.692, 38.327, 38.396, 39.522, 40.765, 41.434, 41.394, 41.041, 40.331, 39.631, 39.686, 40.154, 40.41, 40.518, 40.549, 40.653, 40.718, 40.441, 40.561, 41.147, 41.395, 41.333, 41.381, 41.436, 41.258, 40.903, 40.657, 40.655, 40.445, 39.875, 39.875, 40.27, 40.23, 40.139, 40.494, 40.797, 40.297, 39.916, 40.86, 41.841, 41.813, 41.183, 40.139, 39.43, 39.567, 40.129, 41.061, 41.723, 41.683, 41.071, 40.88, 41.92, 42.595, 42.201, 42.794, 45.617, 47.714, 43.434], [42.772, 42.518, 42.807, 42.731, 42.128, 40.842, 39.692, 39.465, 39.261, 38.996, 38.815, 38.606, 37.719, 36.138, 35.638, 35.531, 34.584, 32.681, 30.688, 29.504, 28.998, 26.598, 18.747, 8.792, 0.0, 7.42, 13.582, 23.469, 30.488, 32.583, 32.991, 33.147, 32.682, 32.316, 32.323, 32.385, 32.615, 32.584, 32.399, 33.533, 35.455, 36.084, 36.142, 36.828, 38.033, 39.509, 40.326, 39.15, 37.588, 37.635, 37.78, 37.473, 37.39, 37.835, 39.192, 41.223, 42.177, 42.172, 42.796, 44.731, 46.673, 46.86, 45.975, 45.509, 45.686, 46.285, 47.295, 48.095, 48.274, 48.153, 47.847, 47.173, 46.743, 46.59, 45.631, 44.417, 44.111, 44.071, 44.132, 43.867, 42.557, 42.46, 44.276, 45.21, 45.217, 44.713, 44.222, 44.206, 44.376, 44.488, 44.486, 44.316, 43.843, 43.51, 43.667, 43.754, 43.336, 42.606, 42.129, 42.164, 42.773, 43.074, 42.625, 41.953, 41.677, 42.076, 41.903, 40.393, 39.749, 40.301, 40.589, 40.471, 40.867, 41.499, 41.978, 42.719, 43.453, 43.415, 42.083, 41.168, 41.213, 41.117, 41.281, 42.023, 43.186, 44.166, 44.399, 44.163, 44.075, 44.005, 43.658, 43.331, 43.142, 42.752, 42.393, 42.419, 42