[[0.0, 6.151, 12.921, 20.002, 25.534, 27.948, 29.199, 30.702, 33.636, 34.457, 34.81, 35.666, 36.511, 38.699, 39.26, 38.686, 40.045, 41.833, 41.904, 41.668, 41.851, 42.745, 43.058, 41.318, 40.342, 41.042, 41.302, 41.282, 41.38, 41.407, 41.636, 42.875, 43.693, 43.212, 43.205, 43.904, 43.675, 42.787, 43.368, 43.363, 42.714, 42.125, 42.286, 42.257, 41.883, 42.073, 42.159, 42.175, 42.141, 41.964, 42.268, 7.118], [6.151, 0.0, 9.648, 18.889, 24.883, 26.941, 27.925, 29.595, 32.878, 33.864, 34.187, 34.974, 35.874, 38.309, 39.012, 38.399, 39.753, 41.67, 41.782, 41.552, 41.77, 42.754, 43.111, 41.254, 40.014, 40.57, 40.768, 40.701, 40.753, 40.759, 40.995, 42.255, 43.097, 42.57, 42.479, 43.188, 42.965, 42.023, 42.637, 42.623, 41.966, 41.239, 41.232, 41.238, 40.962, 41.239, 41.38, 41.461, 41.43, 41.227, 41.559, 10.522], [12.921, 9.648, 0.0, 12.512, 20.697, 23.056, 23.927, 25.849, 29.953, 31.162, 31.659, 32.698, 33.56, 36.135, 37.048, 36.594, 38.129, 40.141, 40.29, 40.189, 40.588, 41.722, 42.228, 40.378, 39.122, 39.771, 40.07, 40.046, 40.12, 40.114, 40.33, 41.632, 42.506, 41.927, 41.932, 42.793, 42.549, 41.579, 42.276, 42.207, 41.484, 40.764, 40.81, 40.806, 40.505, 40.765, 40.912, 41.051, 41.037, 40.816, 41.173, 15.187], [20.002, 18.889, 12.512, 0.0, 10.6, 15.435, 17.682, 19.313, 24.405, 25.966, 26.984, 28.995, 29.793, 31.98, 32.944, 32.762, 34.962, 37.374, 37.639, 37.697, 38.544, 40.245, 40.94, 39.547, 39.653, 41.171, 41.763, 41.906, 42.098, 42.122, 42.289, 43.51, 44.316, 43.785, 44.002, 44.868, 44.636, 43.831, 44.456, 44.352, 43.561, 43.125, 43.627, 43.564, 43.011, 43.003, 43.051, 43.1, 42.999, 42.725, 42.986, 22.177], [25.534, 24.883, 20.697, 10.6, 0.0, 8.784, 13.69, 14.603, 19.894, 21.757, 23.331, 26.205, 26.992, 28.921, 29.972, 29.855, 32.793, 35.859, 36.249, 36.33, 37.555, 39.778, 40.585, 39.433, 40.6, 42.792, 43.602, 43.865, 44.1, 44.169, 44.353, 45.473, 46.215, 45.793, 46.108, 46.853, 46.644, 45.94, 46.441, 46.38, 45.593, 45.315, 46.014, 45.919, 45.22, 45.039, 45.016, 44.943, 44.754, 44.465, 44.634, 27.741], [27.948, 26.941, 23.056, 15.435, 8.784, 0.0, 7.111, 9.666, 15.897, 18.304, 20.203, 23.262, 24.48, 27.394, 28.935, 29.055, 32.526, 35.863, 36.262, 36.527, 37.952, 40.114, 40.851, 39.635, 40.546, 42.671, 43.511, 43.758, 43.94, 44.0, 44.185, 45.218, 45.907, 45.498, 45.768, 46.43, 46.212, 45.554, 46.047, 45.972, 45.183, 44.737, 45.228, 45.172, 44.462, 44.174, 44.194, 44.147, 43.916, 43.609, 43.775, 29.922], [29.199, 27.925, 23.927, 17.682, 13.69, 7.111, 0.0, 6.788, 15.229, 17.882, 19.799, 22.656, 23.964, 27.271, 28.924, 29.194, 32.8, 36.069, 36.419, 36.903, 38.536, 40.675, 41.361, 39.994, 40.504, 42.469, 43.283, 43.498, 43.647, 43.67, 43.823, 44.814, 45.484, 45.053, 45.269, 45.911, 45.679, 45.038, 45.57, 45.474, 44.695, 44.083, 44.36, 44.33, 43.692, 43.423, 43.499, 43.503, 43.275, 42.953, 43.145, 30.917], [30.702, 29.595, 25.849, 19.313, 14.603, 9.666, 6.788, 0.0, 10.507, 14.144, 16.594, 20.083, 21.509, 24.841, 26.645, 26.869, 30.756, 34.304, 34.737, 35.359, 37.313, 39.756, 40.487, 39.167, 40.128, 42.484, 43.442, 43.722, 43.938, 43.976, 44.13, 45.136, 45.787, 45.368, 45.655, 46.291, 46.056, 45.504, 46.034, 45.92, 45.101, 44.55, 44.935, 44.87, 44.162, 43.865, 43.929, 43.889, 43.633, 43.314, 43.497, 32.327], [33.636, 32.878, 29.953, 24.405, 19.894, 15.897, 15.229, 10.507, 0.0, 6.414, 11.11, 15.297, 17.253, 21.329, 23.755, 24.128, 28.467, 32.364, 32.92, 33.547, 35.62, 38.249, 38.963, 37.747, 39.452, 42.47, 43.7, 44.054, 44.336, 44.464, 44.649, 45.602, 46.176, 45.824, 46.269, 46.874, 46.635, 46.287, 46.807, 46.679, 45.873, 45.441, 45.961, 45.899, 45.063, 44.585, 44.614, 44.549, 44.304, 44.017, 44.173, 34.93], [34.457, 33.864, 31.162, 25.966, 21.757, 18.304, 17.882, 14.144, 6.414, 0.0, 7.286, 12.893, 14.93, 19.461, 22.328, 22.888, 27.447, 31.438, 32.065, 32.713, 34.791, 37.378, 38.002, 36.827, 38.872, 42.145, 43.48, 43.855, 44.136, 44.309, 44.555, 45.542, 46.113, 45.783, 46.291, 46.895, 46.63, 46.344, 46.886, 46.741, 45.952, 45.569, 46.114, 46.061, 45.176, 44.631, 44.644, 44.582, 44.377, 44.131, 44.293, 35.611], [34.81, 34.187, 31.659, 26.984, 23.331, 20.203, 19.799, 16.594, 11.11, 7.286, 0.0, 7.629, 11.511, 17.442, 20.8, 21.485, 26.361, 30.544, 31.196, 31.898, 34.185, 36.891, 37.461, 36.266, 38.39, 41.762, 43.16, 43.547, 43.834, 44.027, 44.353, 45.451, 46.066, 45.694, 46.119, 46.667, 46.383, 46.134, 46.697, 46.557, 45.793, 45.339, 45.795, 45.782, 44.97, 44.436, 44.463, 44.429, 44.215, 43.991, 44.181, 35.963], [35.666, 34.974, 32.698, 28.995, 26.205, 23.262, 22.656, 20.083, 15.297, 12.893, 7.629, 0.0, 7.705, 16.906, 21.016, 21.455, 26.16, 30.364, 30.979, 31.691, 34.024, 36.646, 37.179, 35.833, 37.606, 40.917, 42.34, 42.711, 43.008, 43.221, 43.565, 44.744, 45.45, 45.052, 45.339, 45.837, 45.538, 45.303, 45.938, 45.79, 45.041, 44.504, 44.888, 44.94, 44.256, 43.808, 43.873, 43.901, 43.707, 43.479, 43.713, 36.66], [36.511, 35.874, 33.56, 29.793, 26.992, 24.48, 23.964, 21.509, 17.253, 14.93, 11.511, 7.705, 0.0, 12.034, 18.085, 18.546, 23.265, 27.768, 28.488, 29.57, 32.188, 34.956, 35.579, 34.244, 36.363, 40.092, 41.708, 42.15, 42.476, 42.726, 43.109, 44.307, 45.055, 44.742, 45.11, 45.652, 45.324, 45.144, 45.882, 45.676, 44.922, 44.506, 45.028, 45.05, 44.25, 43.751, 43.811, 43.797, 43.625, 43.415, 43.644, 37.491], [38.699, 38.309, 36.135, 31.98, 28.921, 27.394, 27.271, 24.841, 21.329, 19.461, 17.442, 16.906, 12.034, 0.0, 8.8, 12.429, 18.663, 23.118, 23.821, 25.481, 28.754, 32.426, 33.386, 32.207, 35.722, 40.575, 42.62, 43.239, 43.672, 44.01, 44.441, 45.555, 46.206, 46.08, 46.867, 47.491, 47.198, 47.378, 48.179, 47.973, 47.238, 47.132, 47.901, 47.784, 46.708, 46.019, 46.022, 45.888, 45.693, 45.478, 45.607, 39.789], [39.26, 39.012, 37.048, 32.944, 29.972, 28.935, 28.924, 26.645, 23.755, 22.328, 20.8, 21.016, 18.085, 8.8, 0.0, 8.758, 18.075, 22.748, 23.206, 24.628, 27.908, 31.867, 32.98, 31.799, 35.601, 40.751, 42.927, 43.63, 44.11, 44.468, 44.908, 45.991, 46.595, 46.527, 47.496, 48.18, 47.936, 48.242, 49.034, 48.84, 48.113, 48.091, 48.884, 48.714, 47.636, 46.981, 46.965, 46.819, 46.612, 46.359, 46.437, 40.352], [38.686, 38.399, 36.594, 32.762, 29.855, 29.055, 29.194, 26.869, 24.128, 22.888, 21.485, 21.455, 18.546, 12.429, 8.758, 0.0, 13.169, 20.448, 21.324, 22.489, 26.049, 30.196, 31.37, 30.256, 34.253, 39.477, 41.672, 42.408, 42.916, 43.276, 43.757, 44.946, 45.618, 45.536, 46.487, 47.293, 47.087, 47.198, 47.965, 47.784, 47.028, 46.895, 47.638, 47.519, 46.54, 45.965, 45.932, 45.795, 45.595, 45.341, 45.425, 39.772], [40.045, 39.753, 38.129, 34.962, 32.793, 32.526, 32.8, 30.756, 28.467, 27.447, 26.361, 26.16, 23.265, 18.663, 18.075, 13.169, 0.0, 10.381, 13.096, 15.275, 20.423, 25.963, 27.457, 26.608, 32.071, 38.211, 40.669, 41.397, 42.012, 42.409, 42.897, 44.161, 44.769, 44.668, 45.858, 46.754, 46.541, 46.99, 47.905, 47.728, 46.919, 46.76, 47.58, 47.436, 46.403, 45.838, 45.807, 45.645, 45.546, 45.409, 45.48, 40.998], [41.833, 41.67, 40.141, 37.374, 35.859, 35.863, 36.069, 34.304, 32.364, 31.438, 30.544, 30.364, 27.768, 23.118, 22.748, 20.448, 10.381, 0.0, 5.575, 11.373, 17.817, 24.127, 25.831, 25.096, 31.384, 38.207, 40.942, 41.676, 42.339, 42.784, 43.279, 44.501, 45.031, 45.028, 46.543, 47.486, 47.219, 48.105, 49.092, 48.931, 48.133, 48.082, 49.037, 48.783, 47.582, 46.987, 46.95, 46.724, 46.692, 46.64, 46.691, 42.658], [41.904, 41.782, 40.29, 37.639, 36.249, 36.262, 36.419, 34.737, 32.92, 32.065, 31.196, 30.979, 28.488, 23.821, 23.206, 21.324, 13.096, 5.575, 0.0, 8.447, 16.213, 23.073, 24.93, 24.134, 30.667, 37.808, 40.682, 41.458, 42.14, 42.61, 43.156, 44.428, 44.997, 45.015, 46.544, 47.511, 47.243, 48.118, 49.114, 48.992, 48.226, 48.205, 49.187, 48.881, 47.619, 47.015, 46.951, 46.686, 46.657, 46.608, 46.661, 42.712], [41.668, 41.552, 40.189, 37.697, 36.33, 36.527, 36.903, 35.359, 33.547, 32.713, 31.898, 31.691, 29.57, 25.481, 24.628, 22.489, 15.275, 11.373, 8.447, 0.0, 10.179, 19.446, 21.835, 21.082, 28.674, 36.317, 39.286, 40.132, 40.903, 41.43, 42.059, 43.454, 44.05, 44.05, 45.633, 46.684, 46.419, 47.25, 48.317, 48.24, 47.461, 47.444, 48.479, 48.185, 46.891, 46.242, 46.146, 45.889, 45.881, 45.841, 45.88, 42.416], [41.851, 41.77, 40.588, 38.544, 37.555, 37.952, 38.536, 37.313, 35.62, 34.791, 34.185, 34.024, 32.188, 28.754, 27.908, 26.049, 20.423, 17.817, 16.213, 10.179, 0.0, 11.815, 15.999, 15.793, 24.701, 33.262, 36.563, 37.553, 38.456, 39.137, 39.938, 41.458, 42.117, 42.249, 44.111, 45.328, 45.046, 46.05, 47.334, 47.176, 46.369, 46.574, 47.831, 47.517, 46.07, 45.342, 45.251, 44.985, 44.964, 44.953, 44.992, 42.345], [42.745, 42.754, 41.722, 40.245, 39.778, 40.114, 40.675, 39.756, 38.249, 37.378, 36.891, 36.646, 34.956, 32.426, 31.867, 30.196, 25.963, 24.127, 23.073, 19.446, 11.815, 0.0, 7.347, 10.743, 20.282, 29.198, 32.896, 34.114, 35.195, 36.091, 37.115, 38.783, 39.559, 39.908, 42.162, 43.587, 43.26, 44.526, 46.119, 45.78, 44.97, 45.481, 47.117, 46.867, 45.235, 44.495, 44.559, 44.371, 44.359, 44.399, 44.504, 42.875], [43.058, 43.111, 42.228, 40.94, 40.585, 40.851, 41.361, 40.487, 38.963, 38.002, 37.461, 37.179, 35.579, 33.386, 32.98, 31.37, 27.457, 25.831, 24.93, 21.835, 15.999, 7.347, 0.0, 8.299, 19.743, 28.272, 31.704, 32.899, 34.018, 34.98, 36.066, 37.763, 38.56, 38.967, 41.323, 42.795, 42.431, 43.83, 45.56, 45.176, 44.345, 44.875, 46.67, 46.549, 44.881, 44.084, 44.212, 44.131, 44.21, 44.295, 44.441, 43.167], [41.318, 41.254, 40.378, 39.547, 39.433, 39.635, 39.994, 39.167, 37.747, 36.827, 36.266, 35.833, 34.244, 32.207, 31.799, 30.256, 26.608, 25.096, 24.134, 21.082, 15.793, 10.743, 8.299, 0.0, 14.43, 24.729, 28.659, 29.857, 31.007, 32.084, 33.32, 35.211, 36.141, 36.55, 39.039, 40.65, 40.242, 41.682, 43.572, 43.163, 42.334, 42.784, 44.432, 44.286, 42.633, 42.009, 42.187, 42.122, 42.277, 42.411, 42.604, 41.34], [40.342, 40.014, 39.122, 39.653, 40.6, 40.546, 40.504, 40.128, 39.452, 38.872, 38.39, 37.606, 36.363, 35.722, 35.601, 34.253, 32.071, 31.384, 30.667, 28.674, 24.701, 20.282, 19.743, 14.43, 0.0, 13.15, 19.26, 21.268, 22.818, 24.318, 26.194, 28.841, 30.253, 30.728, 33.638, 35.742, 35.264, 36.843, 39.276, 38.681, 37.965, 38.559, 40.138, 39.971, 38.519, 38.657, 39.294, 39.39, 39.552, 39.721, 40.07, 39.878], [41.042, 40.57, 39.771, 41.171, 42.792, 42.671, 42.469, 42.484, 42.47, 42.145, 41.762, 40.917, 40.092, 40.575, 40.751, 39.477, 38.211, 38.207, 37.808, 36.317, 33.262, 29.198, 28.272, 24.729, 13.15, 0.0, 8.442, 12.521, 14.923, 16.773, 19.532, 23.254, 25.334, 25.876, 28.872, 31.415, 30.967, 32.655, 35.684, 35.075, 34.679, 35.584, 37.333, 37.376, 36.299, 37.095, 38.186, 38.555, 38.815, 39.006, 39.435, 40.281], [41.302, 40.768, 40.07, 41.763, 43.602, 43.511, 43.283, 43.442, 43.7, 43.48, 43.16, 42.34, 41.708, 42.62, 42.927, 41.672, 40.669, 40.942, 40.682, 39.286, 36.563, 32.896, 31.704, 28.659, 19.26, 8.442, 0.0, 5.942, 9.663, 11.646, 14.667, 19.222, 21.828, 22.45, 25.39, 28.147, 27.783, 29.754, 33.283, 32.759, 32.66, 33.828, 35.81, 36.09, 35.263, 36.318, 37.62, 38.238, 38.723, 38.953, 39.393, 40.527], [41.282, 40.701, 40.046, 41.906, 43.865, 43.758, 43.498, 43.722, 44.054, 43.855, 43.547, 42.711, 42.15, 43.239, 43.63, 42.408, 41.397, 41.676, 41.458, 40.132, 37.553, 34.114, 32.899, 29.857, 21.268, 12.521, 5.942, 0.0, 5.273, 8.319, 11.289, 16.145, 19.106, 19.75, 22.794, 25.769, 25.423, 27.749, 31.725, 31.238, 31.244, 32.488, 34.585, 34.983, 34.292, 35.469, 36.847, 37.645, 38.393, 38.74, 39.188, 40.525], [41.38, 40.753, 40.12, 42.098, 44.1, 43.94, 43.647, 43.938, 44.336, 44.136, 43.834, 43.008, 42.476, 43.672, 44.11, 42.916, 42.012, 42.339, 42.14, 40.903, 38.456, 35.195, 34.018, 31.007, 22.818, 14.923, 9.663, 5.273, 0.0, 4.798, 9.216, 14.023, 17.122, 17.876, 21.002, 24.261, 24.009, 26.671, 30.965, 30.493, 30.57, 31.856, 33.962, 34.38, 33.735, 34.954, 36.354, 37.179, 38.026, 38.515, 39.019, 40.606], [41.407, 40.759, 40.114, 42.122, 44.169, 44.0, 43.67, 43.976, 44.464, 44.309, 44.027, 43.221, 42.726, 44.01, 44.468, 43.276, 42.409, 42.784, 42.61, 41.43, 39.137, 36.091, 34.98, 32.084, 24.318, 16.773, 11.646, 8.319, 4.798, 0.0, 6.481, 12.411, 15.771, 16.713, 19.852, 23.212, 23.13, 26.049, 30.479, 30.032, 30.203, 31.587, 33.761, 34.197, 33.614, 34.921, 36.353, 37.145, 37.929, 38.428, 39.026, 40.648], [41.636, 40.995, 40.33, 42.289, 44.353, 44.185, 43.823, 44.13, 44.649, 44.555, 44.353, 43.565, 43.109, 44.441, 44.908, 43.757, 42.897, 43.279, 43.156, 42.059, 39.938, 37.115, 36.066, 33.32, 26.194, 19.532, 14.667, 11.289, 9.216, 6.481, 0.0, 7.868, 12.435, 13.675, 17.325, 21.031, 21.003, 24.354, 29.139, 28.732, 29.05, 30.553, 32.959, 33.495, 33.015, 34.511, 36.085, 37.052, 38.01, 38.511, 39.117, 40.935], [42.875, 42.255, 41.632, 43.51, 45.473, 45.218, 44.814, 45.136, 45.602, 45.542, 45.451, 44.744, 44.307, 45.555, 45.991, 44.946, 44.161, 44.501, 44.428, 43.454, 41.458, 38.783, 37.763, 35.211, 28.841, 23.254, 19.222, 16.145, 14.023, 12.411, 7.868, 0.0, 6.095, 9.105, 14.157, 18.457, 18.698, 23.364, 28.738, 28.309, 28.869, 30.619, 33.152, 33.705, 33.201, 34.699, 36.37, 37.49, 38.703, 39.371, 39.935, 42.216], [43.693, 43.097, 42.506, 44.316, 46.215, 45.907, 45.484, 45.787, 46.176, 46.113, 46.066, 45.45, 45.055, 46.206, 46.595, 45.618, 44.769, 45.031, 44.997, 44.05, 42.117, 39.559, 38.56, 36.141, 30.253, 25.334, 21.828, 19.106, 17.122, 15.771, 12.435, 6.095, 0.0, 5.819, 12.962, 17.605, 18.007, 23.826, 29.554, 29.026, 29.58, 31.397, 33.862, 34.381, 33.853, 35.253, 36.905, 38.061, 39.357, 40.119, 40.684, 43.073], [43.212, 42.57, 41.927, 43.785, 45.793, 45.498, 45.053, 45.368, 45.824, 45.783, 45.694, 45.052, 44.742, 46.08, 46.527, 45.536, 44.668, 45.028, 45.015, 44.05, 42.249, 39.908, 38.967, 36.55, 30.728, 25.876, 22.45, 19.75, 17.876, 16.713, 13.675, 9.105, 5.819, 0.0, 9.356, 15.311, 15.637, 21.749, 28.052, 27.562, 28.14, 29.935, 32.457, 33.135, 32.838, 34.383, 36.088, 37.364, 38.732, 39.502, 40.101, 42.62], [43.205, 42.479, 41.932, 44.002, 46.108, 45.768, 45.269, 45.655, 46.269, 46.291, 46.119, 45.339, 45.11, 46.867, 47.496, 46.487, 45.858, 46.543, 46.544, 45.633, 44.111, 42.162, 41.323, 39.039, 33.638, 28.872, 25.39, 22.794, 21.002, 19.852, 17.325, 14.157, 12.962, 9.356, 0.0, 7.829, 9.492, 16.46, 23.79, 23.54, 24.841, 27.24, 30.207, 31.329, 31.585, 33.427, 35.217, 36.562, 37.983, 38.809, 39.458, 42.644], [43.904, 43.188, 42.793, 44.868, 46.853, 46.43, 45.911, 46.291, 46.874, 46.895, 46.667, 45.837, 45.652, 47.491, 48.18, 47.293, 46.754, 47.486, 47.511, 46.684, 45.328, 43.587, 42.795, 40.65, 35.742, 31.415, 28.147, 25.769, 24.261, 23.212, 21.031, 18.457, 17.605, 15.311, 7.829, 0.0, 5.556, 14.993, 22.322, 21.901, 23.814, 26.839, 30.061, 31.396, 31.916, 33.795, 35.612, 36.917, 38.277, 39.137, 39.794, 43.378], [43.675, 42.965, 42.549, 44.636, 46.644, 46.212, 45.679, 46.056, 46.635, 46.63, 46.383, 45.538, 45.324, 47.198, 47.936, 47.087, 46.541, 47.219, 47.243, 46.419, 45.046, 43.26, 42.431, 40.242, 35.264, 30.967, 27.783, 25.423, 24.009, 23.13, 21.003, 18.698, 18.007, 15.637, 9.492, 5.556, 0.0, 12.49, 20.854, 20.101, 21.816, 25.09, 28.621, 30.049, 30.61, 32.605, 34.569, 35.992, 37.442, 38.347, 39.027, 43.107], [42.787, 42.023, 41.579, 43.831, 45.94, 45.554, 45.038, 45.504, 46.287, 46.344, 46.134, 45.303, 45.144, 47.378, 48.242, 47.198, 46.99, 48.105, 48.118, 47.25, 46.05, 44.526, 43.83, 41.682, 36.843, 32.655, 29.754, 27.749, 26.671, 26.049, 24.354, 23.364, 23.826, 21.749, 16.46, 14.993, 12.49, 0.0, 10.75, 11.938, 14.904, 18.602, 23.367, 25.666, 27.047, 29.869, 32.228, 33.871, 35.411, 36.286, 36.982, 42.156], [43.368, 42.637, 42.276, 44.456, 46.441, 46.047, 45.57, 46.034, 46.807, 46.886, 46.697, 45.938, 45.882, 48.179, 49.034, 47.965, 47.905, 49.092, 49.114, 48.317, 47.334, 46.119, 45.56, 43.572, 39.276, 35.684, 33.283, 31.725, 30.965, 30.479, 29.139, 28.738, 29.554, 28.052, 23.79, 22.322, 20.854, 10.75, 0.0, 7.927, 13.959, 17.595, 22.692, 25.35, 27.265, 30.515, 32.925, 34.404, 35.775, 36.535, 37.16, 42.772], [43.363, 42.623, 42.207, 44.352, 46.38, 45.972, 45.474, 45.92, 46.679, 46.741, 46.557, 45.79, 45.676, 47.973, 48.84, 47.784, 47.728, 48.931, 48.992, 48.24, 47.176, 45.78, 45.176, 43.163, 38.681, 35.075, 32.759, 31.238, 30.493, 30.032, 28.732, 28.309, 29.026, 27.562, 23.54, 21.901, 20.101, 11.938, 7.927, 0.0, 8.789, 15.139, 21.0, 23.506, 25.467, 28.882, 31.532, 33.188, 34.658, 35.495, 36.181, 42.739], [42.714, 41.966, 41.484, 43.561, 45.593, 45.183, 44.695, 45.101, 45.873, 45.952, 45.793, 45.041, 44.922, 47.238, 48.113, 47.028, 46.919, 48.133, 48.226, 47.461, 46.369, 44.97, 44.345, 42.334, 37.965, 34.679, 32.66, 31.244, 30.57, 30.203, 29.05, 28.869, 29.58, 28.14, 24.841, 23.814, 21.816, 14.904, 13.959, 8.789, 0.0, 9.729, 18.062, 20.716, 22.538, 26.24, 29.209, 31.14, 32.769, 33.611, 34.317, 42.119], [42.125, 41.239, 40.764, 43.125, 45.315, 44.737, 44.083, 44.55, 45.441, 45.569, 45.339, 44.504, 44.506, 47.132, 48.091, 46.895, 46.76, 48.082, 48.205, 47.444, 46.574, 45.481, 44.875, 42.784, 38.559, 35.584, 33.828, 32.488, 31.856, 31.587, 30.553, 30.619, 31.397, 29.935, 27.24, 26.839, 25.09, 18.602, 17.595, 15.139, 9.729, 0.0, 11.242, 15.882, 18.44, 22.731, 26.161, 28.574, 30.437, 31.184, 31.871, 41.513], [42.286, 41.232, 40.81, 43.627, 46.014, 45.228, 44.36, 44.935, 45.961, 46.114, 45.795, 44.888, 45.028, 47.901, 48.884, 47.638, 47.58, 49.037, 49.187, 48.479, 47.831, 47.117, 46.67, 44.432, 40.138, 37.333, 35.81, 34.585, 33.962, 33.761, 32.959, 33.152, 33.862, 32.457, 30.207, 30.061, 28.621, 23.367, 22.692, 21.0, 18.062, 11.242, 0.0, 8.244, 14.214, 19.227, 22.656, 25.36, 27.493, 28.335, 29.063, 41.544], [42.257, 41.238, 40.806, 43.564, 45.919, 45.172, 44.33, 44.87, 45.899, 46.061, 45.782, 44.94, 45.05, 47.784, 48.714, 47.519, 47.436, 48.783, 48.881, 48.185, 47.517, 46.867, 46.549, 44.286, 39.971, 37.376, 36.09, 34.983, 34.38, 34.197, 33.495, 33.705, 34.381, 33.135, 31.329, 31.396, 30.049, 25.666, 25.35, 23.506, 20.716, 15.882, 8.244, 0.0, 9.456, 16.361, 19.753, 22.215, 24.603, 25.713, 26.586, 41.472], [41.883, 40.962, 40.505, 43.011, 45.22, 44.462, 43.692, 44.162, 45.063, 45.176, 44.97, 44.256, 44.25, 46.708, 47.636, 46.54, 46.403, 47.582, 47.619, 46.891, 46.07, 45.235, 44.881, 42.633, 38.519, 36.299, 35.263, 34.292, 33.735, 33.614, 33.015, 33.201, 33.853, 32.838, 31.585, 31.916, 30.61, 27.047, 27.265, 25.467, 22.538, 18.44, 14.214, 9.456, 0.0, 9.559, 14.67, 17.747, 20.92, 22.324, 23.313, 41.097], [42.073, 41.239, 40.765, 43.003, 45.039, 44.174, 43.423, 43.865, 44.585, 44.631, 44.436, 43.808, 43.751, 46.019, 46.981, 45.965, 45.838, 46.987, 47.015, 46.242, 45.342, 44.495, 44.084, 42.009, 38.657, 37.095, 36.318, 35.469, 34.954, 34.921, 34.511, 34.699, 35.253, 34.383, 33.427, 33.795, 32.605, 29.869, 30.515, 28.882, 26.24, 22.731, 19.227, 16.361, 9.559, 0.0, 7.8, 13.148, 17.74, 19.589, 20.491, 41.309], [42.159, 41.38, 40.912, 43.051, 45.016, 44.194, 43.499, 43.929, 44.614, 44.644, 44.463, 43.873, 43.811, 46.022, 46.965, 45.932, 45.807, 46.95, 46.951, 46.146, 45.251, 44.559, 44.212, 42.187, 39.294, 38.186, 37.62, 36.847, 36.354, 36.353, 36.085, 36.37, 36.905, 36.088, 35.217, 35.612, 34.569, 32.228, 32.925, 31.532, 29.209, 26.161, 22.656, 19.753, 14.67, 7.8, 0.0, 7.855, 14.535, 16.997, 17.752, 41.397], [42.175, 41.461, 41.051, 43.1, 44.943, 44.147, 43.503, 43.889, 44.549, 44.582, 44.429, 43.901, 43.797, 45.888, 46.819, 45.795, 45.645, 46.724, 46.686, 45.889, 44.985, 44.371, 44.131, 42.122, 39.39, 38.555, 38.238, 37.645, 37.179, 37.145, 37.052, 37.49, 38.061, 37.364, 36.562, 36.917, 35.992, 33.871, 34.404, 33.188, 31.14, 28.574, 25.36, 22.215, 17.747, 13.148, 7.855, 0.0, 8.431, 12.348, 13.24, 41.413], [42.141, 41.43, 41.037, 42.999, 44.754, 43.916, 43.275, 43.633, 44.304, 44.377, 44.215, 43.707, 43.625, 45.693, 46.612, 45.595, 45.546, 46.692, 46.657, 45.881, 44.964, 44.359, 44.21, 42.277, 39.552, 38.815, 38.723, 38.393, 38.026, 37.929, 38.01, 38.703, 39.357, 38.732, 37.983, 38.277, 37.442, 35.411, 35.775, 34.658, 32.769, 30.437, 27.493, 24.603, 20.92, 17.74, 14.535, 8.431, 0.0, 5.925, 7.948, 41.425], [41.964, 41.227, 40.816, 42.725, 44.465, 43.609, 42.953, 43.314, 44.017, 44.131, 43.991, 43.479, 43.415, 45.478, 46.359, 45.341, 45.409, 46.64, 46.608, 45.841, 44.953, 44.399, 44.295, 42.411, 39.721, 39.006, 38.953, 38.74, 38.515, 38.428, 38.511, 39.371, 40.119, 39.502, 38.809, 39.137, 38.347, 36.286, 36.535, 35.495, 33.611, 31.184, 28.335, 25.713, 22.324, 19.589, 16.997, 12.348, 5.925, 0.0, 4.194, 41.311], [42.268, 41.559, 41.173, 42.986, 44.634, 43.775, 43.145, 43.497, 44.173, 44.293, 44.181, 43.713, 43.644, 45.607, 46.437, 45.425, 45.48, 46.691, 46.661, 45.88, 44.992, 44.504, 44.441, 42.604, 40.07, 39.435, 39.393, 39.188, 39.019, 39.026, 39.117, 39.935, 40.684, 40.101, 39.458, 39.794, 39.027, 36.982, 37.16, 36.181, 34.317, 31.871, 29.063, 26.586, 23.313, 20.491, 17.752, 13.24, 7.948, 4.194, 0.0, 41.651], [7.118, 10.522, 15.187, 22.177, 27.741, 29.922, 30.917, 32.327, 34.93, 35.611, 35.963, 36.66, 37.491, 39.789, 40.352, 39.772, 40.998, 42.658, 42.712, 42.416, 42.345, 42.875, 43.167, 41.34, 39.878, 40.281, 40.527, 40.525, 40.606, 40.648, 40.935, 42.216, 43.073, 42.62, 42.644, 43.378, 43.107, 42.156, 42.772, 42.739, 42.119, 41.513, 41.544, 41.472, 41.097, 41.309, 41.397, 41.413, 41.425, 41.311, 41.651, 0.0]]