[[0.0, 9.521, 20.643, 24.124, 26.009, 28.596, 29.883, 30.883, 33.822, 37.214, 38.906, 40.597, 42.319, 42.724, 42.494, 42.393, 43.038, 44.04, 44.402, 43.974, 45.957, 49.357, 48.862, 48.722, 50.067, 47.402, 45.762, 46.477, 46.996, 46.618, 46.021, 45.207, 46.824, 55.852, 63.885, 65.888, 65.081, 65.873, 66.133, 63.661, 62.764, 64.009, 63.936, 61.934, 61.929, 62.342, 61.088, 58.655, 57.072, 55.169, 52.496, 50.872, 7.52], [9.521, 0.0, 13.39, 18.601, 20.956, 24.926, 27.003, 28.012, 31.589, 35.809, 37.761, 39.686, 41.689, 42.111, 41.786, 41.658, 42.4, 43.613, 44.096, 43.639, 45.509, 48.835, 48.418, 48.349, 49.636, 46.997, 45.445, 46.175, 46.665, 46.241, 45.609, 44.74, 46.486, 55.924, 64.161, 66.242, 65.441, 66.217, 66.475, 63.997, 63.081, 64.326, 64.22, 62.186, 62.199, 62.608, 61.334, 58.913, 57.311, 55.394, 52.705, 51.087, 13.427], [20.643, 13.39, 0.0, 8.789, 13.769, 20.291, 23.658, 24.7, 28.763, 34.059, 36.423, 38.599, 40.939, 41.421, 41.006, 40.856, 41.684, 43.199, 43.906, 43.46, 45.006, 48.086, 47.754, 47.847, 49.12, 46.593, 45.354, 46.161, 46.621, 46.181, 45.529, 44.67, 46.414, 55.894, 64.19, 66.341, 65.53, 66.269, 66.518, 64.019, 63.077, 64.335, 64.189, 62.136, 62.148, 62.54, 61.291, 58.932, 57.356, 55.48, 52.845, 51.289, 22.864], [24.124, 18.601, 8.789, 0.0, 8.901, 17.829, 21.568, 22.759, 26.693, 32.238, 34.912, 37.32, 39.856, 40.371, 39.932, 39.839, 40.746, 42.445, 43.32, 42.965, 44.613, 47.717, 47.344, 47.503, 48.883, 46.394, 45.228, 46.058, 46.546, 46.116, 45.476, 44.651, 46.483, 56.025, 64.333, 66.475, 65.638, 66.389, 66.632, 64.088, 63.131, 64.375, 64.211, 62.127, 62.116, 62.516, 61.251, 58.853, 57.244, 55.349, 52.691, 51.137, 26.313], [26.009, 20.956, 13.769, 8.901, 0.0, 11.599, 17.125, 18.866, 23.183, 29.938, 33.279, 35.987, 38.907, 39.482, 38.905, 38.839, 39.733, 41.449, 42.478, 42.407, 44.323, 47.407, 47.194, 47.341, 48.609, 46.557, 45.932, 46.739, 47.133, 46.714, 46.071, 45.224, 46.99, 56.287, 64.496, 66.688, 65.89, 66.64, 66.918, 64.467, 63.546, 64.813, 64.677, 62.633, 62.64, 63.031, 61.794, 59.533, 57.963, 56.117, 53.583, 52.081, 28.555], [28.596, 24.926, 20.291, 17.829, 11.599, 0.0, 8.56, 12.387, 16.765, 25.098, 29.8, 33.053, 36.401, 37.07, 36.289, 36.195, 36.988, 38.591, 39.723, 39.991, 42.43, 45.706, 45.731, 45.984, 47.243, 45.552, 45.626, 46.547, 46.824, 46.429, 45.737, 44.795, 46.293, 55.418, 63.735, 66.062, 65.31, 66.065, 66.388, 64.027, 63.159, 64.471, 64.404, 62.427, 62.449, 62.848, 61.69, 59.593, 58.066, 56.263, 53.868, 52.437, 31.254], [29.883, 27.003, 23.658, 21.568, 17.125, 8.56, 0.0, 6.503, 12.285, 21.023, 26.681, 30.628, 34.306, 35.132, 34.283, 34.097, 34.826, 36.324, 37.476, 38.05, 41.105, 44.75, 44.801, 45.105, 46.487, 44.746, 45.011, 46.13, 46.411, 45.97, 45.202, 44.221, 45.668, 54.966, 63.457, 65.808, 65.039, 65.802, 66.103, 63.733, 62.907, 64.237, 64.224, 62.222, 62.22, 62.658, 61.513, 59.408, 57.876, 56.051, 53.618, 52.169, 32.412], [30.883, 28.012, 24.7, 22.759, 18.866, 12.387, 6.503, 0.0, 9.451, 20.015, 25.698, 29.722, 33.62, 34.55, 33.756, 33.551, 34.227, 35.729, 36.905, 37.44, 40.48, 44.187, 44.223, 44.54, 45.989, 44.302, 44.693, 45.937, 46.277, 45.829, 45.1, 44.182, 45.734, 55.108, 63.574, 65.9, 65.127, 65.887, 66.169, 63.808, 63.011, 64.367, 64.4, 62.418, 62.403, 62.845, 61.703, 59.598, 58.085, 56.284, 53.853, 52.375, 33.271], [33.822, 31.589, 28.763, 26.693, 23.183, 16.765, 12.285, 9.451, 0.0, 14.268, 22.404, 26.97, 31.178, 32.276, 31.409, 31.23, 31.853, 33.402, 34.8, 35.792, 39.52, 43.612, 43.833, 44.156, 45.624, 44.155, 44.794, 46.033, 46.364, 46.042, 45.332, 44.459, 45.937, 54.889, 63.142, 65.398, 64.591, 65.338, 65.61, 63.29, 62.516, 63.852, 63.938, 61.996, 61.971, 62.443, 61.346, 59.323, 57.862, 56.107, 53.751, 52.28, 35.987], [37.214, 35.809, 34.059, 32.238, 29.938, 25.098, 21.023, 20.015, 14.268, 0.0, 12.453, 19.314, 24.377, 25.993, 25.313, 25.327, 26.065, 27.839, 29.567, 31.35, 36.627, 41.749, 42.243, 42.661, 44.282, 42.834, 43.567, 44.923, 45.333, 45.095, 44.524, 43.993, 45.55, 54.435, 62.756, 64.998, 64.145, 64.917, 65.198, 62.849, 62.096, 63.468, 63.62, 61.608, 61.564, 62.1, 61.003, 58.965, 57.5, 55.702, 53.292, 51.75, 38.978], [38.906, 37.761, 36.423, 34.912, 33.279, 29.8, 26.681, 25.698, 22.404, 12.453, 0.0, 9.346, 16.479, 18.932, 18.997, 19.786, 21.073, 23.424, 25.231, 26.714, 32.376, 38.111, 38.722, 39.385, 41.327, 39.894, 40.663, 42.193, 42.82, 42.61, 42.591, 42.846, 45.068, 54.425, 62.938, 65.25, 64.439, 65.243, 65.529, 63.152, 62.402, 63.873, 64.042, 61.941, 61.909, 62.448, 61.275, 59.178, 57.683, 55.843, 53.401, 51.798, 40.437], [40.597, 39.686, 38.599, 37.32, 35.987, 33.053, 30.628, 29.722, 26.97, 19.314, 9.346, 0.0, 8.973, 12.765, 13.667, 15.477, 17.635, 20.706, 22.751, 24.256, 30.415, 36.628, 37.38, 38.263, 40.432, 39.088, 39.748, 41.203, 41.968, 41.805, 42.125, 42.928, 45.607, 54.83, 63.108, 65.322, 64.527, 65.325, 65.59, 63.252, 62.503, 63.934, 64.083, 62.009, 61.988, 62.5, 61.305, 59.243, 57.784, 55.974, 53.602, 52.047, 41.926], [42.319, 41.689, 40.939, 39.856, 38.907, 36.401, 34.306, 33.62, 31.178, 24.377, 16.479, 8.973, 0.0, 5.764, 8.859, 12.353, 15.602, 19.267, 21.486, 23.215, 29.988, 36.609, 37.465, 38.544, 40.884, 39.399, 39.643, 40.946, 41.769, 41.591, 42.051, 43.142, 46.042, 55.17, 63.295, 65.399, 64.587, 65.386, 65.648, 63.334, 62.58, 63.936, 64.054, 62.018, 62.001, 62.499, 61.311, 59.276, 57.862, 56.078, 53.745, 52.233, 43.486], [42.724, 42.111, 41.421, 40.371, 39.482, 37.07, 35.132, 34.55, 32.276, 25.993, 18.932, 12.765, 5.764, 0.0, 5.755, 11.473, 15.351, 19.229, 21.519, 23.029, 29.603, 36.21, 37.132, 38.353, 40.754, 39.166, 39.208, 40.45, 41.285, 41.057, 41.503, 42.657, 45.71, 55.06, 63.289, 65.418, 64.606, 65.412, 65.691, 63.381, 62.622, 63.959, 64.068, 62.058, 62.04, 62.537, 61.375, 59.343, 57.923, 56.137, 53.802, 52.31, 43.857], [42.494, 41.786, 41.006, 39.932, 38.905, 36.289, 34.283, 33.756, 31.409, 25.313, 18.997, 13.667, 8.859, 5.755, 0.0, 7.598, 12.646, 17.052, 20.0, 22.67, 29.939, 36.524, 37.497, 38.686, 40.978, 39.452, 39.607, 40.872, 41.673, 41.445, 41.657, 42.607, 45.526, 54.866, 63.155, 65.332, 64.518, 65.312, 65.61, 63.295, 62.515, 63.826, 63.949, 61.975, 61.954, 62.455, 61.329, 59.306, 57.857, 56.056, 53.719, 52.251, 43.645], [42.393, 41.658, 40.856, 39.839, 38.839, 36.195, 34.097, 33.551, 31.23, 25.327, 19.786, 15.477, 12.353, 11.473, 7.598, 0.0, 6.737, 12.773, 16.953, 21.394, 29.94, 36.718, 37.67, 38.739, 40.9, 39.51, 39.98, 41.372, 42.164, 42.019, 42.176, 42.967, 45.715, 54.932, 63.191, 65.368, 64.55, 65.342, 65.667, 63.36, 62.57, 63.863, 63.991, 62.015, 61.969, 62.463, 61.342, 59.293, 57.84, 56.035, 53.685, 52.197, 43.578], [43.038, 42.4, 41.684, 40.746, 39.733, 36.988, 34.826, 34.227, 31.853, 26.065, 21.073, 17.635, 15.602, 15.351, 12.646, 6.737, 0.0, 7.691, 13.405, 19.613, 29.286, 36.34, 37.333, 38.29, 40.349, 39.215, 40.171, 41.666, 42.421, 42.412, 42.701, 43.431, 46.15, 55.274, 63.41, 65.523, 64.707, 65.516, 65.857, 63.589, 62.816, 64.076, 64.182, 62.212, 62.153, 62.635, 61.541, 59.546, 58.149, 56.373, 54.054, 52.554, 44.236], [44.04, 43.613, 43.199, 42.445, 41.449, 38.591, 36.324, 35.729, 33.402, 27.839, 23.424, 20.706, 19.267, 19.229, 17.052, 12.773, 7.691, 0.0, 8.057, 17.906, 29.102, 36.338, 37.381, 38.105, 39.972, 39.075, 40.439, 41.947, 42.646, 42.751, 43.062, 43.711, 46.342, 55.289, 63.314, 65.369, 64.539, 65.335, 65.667, 63.459, 62.714, 63.928, 64.02, 62.089, 62.021, 62.5, 61.466, 59.584, 58.284, 56.573, 54.322, 52.866, 45.211], [44.402, 44.096, 43.906, 43.32, 42.478, 39.723, 37.476, 36.905, 34.8, 29.567, 25.231, 22.751, 21.486, 21.519, 20.0, 16.953, 13.405, 8.057, 0.0, 13.035, 26.821, 34.872, 36.038, 36.849, 38.797, 38.043, 39.666, 41.26, 41.968, 42.086, 42.462, 43.25, 45.974, 54.926, 62.962, 65.02, 64.198, 64.965, 65.323, 63.211, 62.499, 63.723, 63.827, 61.909, 61.87, 62.367, 61.355, 59.501, 58.214, 56.517, 54.299, 52.895, 45.578], [43.974, 43.639, 43.46, 42.965, 42.407, 39.991, 38.05, 37.44, 35.792, 31.35, 26.714, 24.256, 23.215, 23.029, 22.67, 21.394, 19.613, 17.906, 13.035, 0.0, 17.129, 27.629, 29.287, 30.791, 33.47, 32.698, 34.946, 37.046, 37.9, 38.038, 39.087, 40.504, 44.043, 54.079, 62.61, 64.813, 64.048, 64.896, 65.297, 63.133, 62.418, 63.756, 63.844, 61.885, 61.874, 62.357, 61.29, 59.308, 57.883, 56.122, 53.883, 52.495, 45.063], [45.957, 45.509, 45.006, 44.613, 44.323, 42.43, 41.105, 40.48, 39.52, 36.627, 32.376, 30.415, 29.988, 29.603, 29.939, 29.94, 29.286, 29.102, 26.821, 17.129, 0.0, 13.058, 16.168, 18.753, 22.416, 22.617, 27.923, 30.971, 31.864, 32.203, 34.899, 37.367, 42.022, 53.321, 62.334, 64.683, 64.042, 65.019, 65.414, 63.187, 62.517, 63.975, 64.026, 62.178, 62.12, 62.526, 61.453, 59.441, 57.993, 56.332, 54.257, 52.993, 46.635], [49.357, 48.835, 48.086, 47.717, 47.407, 45.706, 44.75, 44.187, 43.612, 41.749, 38.111, 36.628, 36.609, 36.21, 36.524, 36.718, 36.34, 36.338, 34.872, 27.629, 13.058, 0.0, 6.554, 11.902, 15.839, 18.121, 26.733, 30.183, 30.852, 31.271, 34.983, 37.957, 42.81, 54.058, 62.885, 65.207, 64.68, 65.692, 66.082, 63.975, 63.382, 64.86, 64.927, 63.282, 63.211, 63.563, 62.553, 60.707, 59.403, 57.887, 56.011, 54.88, 49.774], [48.862, 48.418, 47.754, 47.344, 47.194, 45.731, 44.801, 44.223, 43.833, 42.243, 38.722, 37.38, 37.465, 37.132, 37.497, 37.67, 37.333, 37.381, 36.038, 29.287, 16.168, 6.554, 0.0, 8.393, 13.793, 15.533, 24.833, 28.797, 29.651, 30.189, 34.183, 37.236, 42.204, 53.818, 62.915, 65.346, 64.855, 65.899, 66.295, 64.124, 63.497, 65.018, 65.105, 63.45, 63.389, 63.738, 62.674, 60.695, 59.301, 57.702, 55.73, 54.539, 49.248], [48.722, 48.349, 47.847, 47.503, 47.341, 45.984, 45.105, 44.54, 44.156, 42.661, 39.385, 38.263, 38.544, 38.353, 38.686, 38.739, 38.29, 38.105, 36.849, 30.791, 18.753, 11.902, 8.393, 0.0, 7.254, 11.673, 23.208, 27.569, 28.644, 29.669, 33.847, 36.741, 41.736, 53.37, 62.557, 65.1, 64.648, 65.686, 66.086, 63.898, 63.269, 64.811, 64.926, 63.279, 63.196, 63.531, 62.52, 60.551, 59.159, 57.58, 55.616, 54.458, 49.084], [50.067, 49.636, 49.12, 48.883, 48.609, 47.243, 46.487, 45.989, 45.624, 44.282, 41.327, 40.432, 40.884, 40.754, 40.978, 40.9, 40.349, 39.972, 38.797, 33.47, 22.416, 15.839, 13.793, 7.254, 0.0, 11.297, 24.423, 28.585, 29.574, 30.796, 34.961, 37.699, 42.435, 53.581, 62.497, 65.038, 64.632, 65.617, 66.018, 63.938, 63.341, 64.825, 64.949, 63.407, 63.304, 63.612, 62.717, 60.913, 59.638, 58.177, 56.366, 55.345, 50.406], [47.402, 46.997, 46.593, 46.394, 46.557, 45.552, 44.746, 44.302, 44.155, 42.834, 39.894, 39.088, 39.399, 39.166, 39.452, 39.51, 39.215, 39.075, 38.043, 32.698, 22.617, 18.121, 15.533, 11.673, 11.297, 0.0, 15.433, 21.442, 23.0, 24.579, 29.651, 32.681, 38.403, 51.676, 61.735, 64.539, 64.08, 65.173, 65.635, 63.324, 62.657, 64.338, 64.521, 62.781, 62.705, 63.079, 62.068, 59.999, 58.509, 56.846, 54.736, 53.482, 47.731], [45.762, 45.445, 45.354, 45.228, 45.932, 45.626, 45.011, 44.693, 44.794, 43.567, 40.663, 39.748, 39.643, 39.208, 39.607, 39.98, 40.171, 40.439, 39.666, 34.946, 27.923, 26.733, 24.833, 23.208, 24.423, 15.433, 0.0, 9.049, 12.547, 15.423, 22.848, 26.793, 33.948, 49.172, 60.238, 63.376, 62.953, 64.202, 64.795, 62.316, 61.606, 63.611, 63.962, 62.011, 62.03, 62.489, 61.392, 59.192, 57.571, 55.699, 53.295, 51.817, 46.033], [46.477, 46.175, 46.161, 46.058, 46.739, 46.547, 46.13, 45.937, 46.033, 44.923, 42.193, 41.203, 40.946, 40.45, 40.872, 41.372, 41.666, 41.947, 41.26, 37.046, 30.971, 30.183, 28.797, 27.569, 28.585, 21.442, 9.049, 0.0, 5.571, 11.421, 20.991, 25.536, 33.05, 48.065, 58.942, 62.051, 61.657, 62.917, 63.531, 61.155, 60.516, 62.608, 63.046, 61.111, 61.153, 61.63, 60.582, 58.522, 57.021, 55.225, 52.906, 51.458, 46.717], [46.996, 46.665, 46.621, 46.546, 47.133, 46.824, 46.411, 46.277, 46.364, 45.333, 42.82, 41.968, 41.769, 41.285, 41.673, 42.164, 42.421, 42.646, 41.968, 37.9, 31.864, 30.852, 29.651, 28.644, 29.574, 23.0, 12.547, 5.571, 0.0, 9.232, 20.298, 24.96, 32.273, 47.078, 57.903, 61.035, 60.663, 61.922, 62.576, 60.292, 59.705, 61.884, 62.399, 60.494, 60.567, 61.062, 60.056, 58.118, 56.706, 54.981, 52.763, 51.397, 47.252], [46.618, 46.241, 46.181, 46.116, 46.714, 46.429, 45.97, 45.829, 46.042, 45.095, 42.61, 41.805, 41.591, 41.057, 41.445, 42.019, 42.412, 42.751, 42.086, 38.038, 32.203, 31.271, 30.189, 29.669, 30.796, 24.579, 15.423, 11.421, 9.232, 0.0, 13.792, 20.439, 28.039, 44.096, 55.816, 59.288, 58.98, 60.294, 61.033, 58.764, 58.238, 60.745, 61.454, 59.456, 59.574, 60.144, 59.127, 57.256, 55.884, 54.13, 51.89, 50.512, 46.883], [46.021, 45.609, 45.529, 45.476, 46.071, 45.737, 45.202, 45.1, 45.332, 44.524, 42.591, 42.125, 42.051, 41.503, 41.657, 42.176, 42.701, 43.062, 42.462, 39.087, 34.899, 34.983, 34.183, 33.847, 34.961, 29.651, 22.848, 20.991, 20.298, 13.792, 0.0, 10.254, 19.819, 38.792, 52.435, 56.767, 56.541, 57.852, 58.779, 56.463, 55.931, 58.922, 60.004, 57.848, 57.984, 58.67, 57.647, 55.847, 54.433, 52.563, 50.286, 49.138, 46.306], [45.207, 44.74, 44.67, 44.651, 45.224, 44.795, 44.221, 44.182, 44.459, 43.993, 42.846, 42.928, 43.142, 42.657, 42.607, 42.967, 43.431, 43.711, 43.25, 40.504, 37.367, 37.957, 37.236, 36.741, 37.699, 32.681, 26.793, 25.536, 24.96, 20.439, 10.254, 0.0, 14.849, 37.272, 51.985, 56.719, 56.545, 57.845, 58.845, 56.503, 55.948, 59.022, 60.135, 57.881, 58.018, 58.744, 57.707, 55.907, 54.47, 52.509, 50.101, 49.019, 45.545], [46.824, 46.486, 46.414, 46.483, 46.99, 46.293, 45.668, 45.734, 45.937, 45.55, 45.068, 45.607, 46.042, 45.71, 45.526, 45.715, 46.15, 46.342, 45.974, 44.043, 42.022, 42.81, 42.204, 41.736, 42.435, 38.403, 33.948, 33.05, 32.273, 28.039, 19.819, 14.849, 0.0, 26.148, 43.546, 49.693, 49.954, 51.327, 52.709, 50.691, 50.342, 54.138, 55.842, 53.673, 54.0, 54.905, 54.047, 52.685, 51.435, 49.548, 47.549, 46.962, 47.038], [55.852, 55.924, 55.894, 56.025, 56.287, 55.418, 54.966, 55.108, 54.889, 54.435, 54.425, 54.83, 55.17, 55.06, 54.866, 54.932, 55.274, 55.289, 54.926, 54.079, 53.321, 54.058, 53.818, 53.37, 53.581, 51.676, 49.172, 48.065, 47.078, 44.096, 38.792, 37.272, 26.148, 0.0, 20.937, 30.818, 32.742, 34.008, 36.382, 35.849, 36.171, 41.202, 44.672, 43.552, 44.306, 45.526, 45.497, 45.709, 45.264, 44.209, 44.071, 45.108, 55.742], [63.885, 64.161, 64.19, 64.333, 64.496, 63.735, 63.457, 63.574, 63.142, 62.756, 62.938, 63.108, 63.295, 63.289, 63.155, 63.191, 63.41, 63.314, 62.962, 62.61, 62.334, 62.885, 62.915, 62.557, 62.497, 61.735, 60.238, 58.942, 57.903, 55.816, 52.435, 51.985, 43.546, 20.937, 0.0, 13.339, 17.909, 19.056, 22.316, 24.469, 26.111, 31.478, 36.43, 36.72, 37.787, 39.134, 40.018, 41.954, 42.62, 42.659, 43.992, 45.867, 63.605], [65.888, 66.242, 66.341, 66.475, 66.688, 66.062, 65.808, 65.9, 65.398, 64.998, 65.25, 65.322, 65.399, 65.418, 65.332, 65.368, 65.523, 65.369, 65.02, 64.813, 64.683, 65.207, 65.346, 65.1, 65.038, 64.539, 63.376, 62.051, 61.035, 59.288, 56.767, 56.719, 49.693, 30.818, 13.339, 0.0, 6.934, 9.855, 13.209, 17.041, 19.965, 25.198, 30.8, 31.879, 33.098, 34.485, 35.806, 38.68, 40.063, 40.692, 42.44, 44.309, 65.541], [65.081, 65.441, 65.53, 65.638, 65.89, 65.31, 65.039, 65.127, 64.591, 64.145, 64.439, 64.527, 64.587, 64.606, 64.518, 64.55, 64.707, 64.539, 64.198, 64.048, 64.042, 64.68, 64.855, 64.648, 64.632, 64.08, 62.953, 61.657, 60.663, 58.98, 56.541, 56.545, 49.954, 32.742, 17.909, 6.934, 0.0, 5.792, 9.817, 13.613, 16.883, 22.241, 28.101, 29.389, 30.705, 32.188, 33.613, 36.729, 38.364, 39.142, 40.859, 42.666, 64.707], [65.873, 66.217, 66.269, 66.389, 66.64, 66.065, 65.802, 65.887, 65.338, 64.917, 65.243, 65.325, 65.386, 65.412, 65.312, 65.342, 65.516, 65.335, 64.965, 64.896, 65.019, 65.692, 65.899, 65.686, 65.617, 65.173, 64.202, 62.917, 61.922, 60.294, 57.852, 57.845, 51.327, 34.008, 19.056, 9.855, 5.792, 0.0, 6.711, 12.959, 16.373, 21.234, 27.275, 28.798, 30.197, 31.823, 33.425, 36.788, 38.674, 39.644, 41.491, 43.435, 65.502], [66.133, 66.475, 66.518, 66.632, 66.918, 66.388, 66.103, 66.169, 65.61, 65.198, 65.529, 65.59, 65.648, 65.691, 65.61, 65.667, 65.857, 65.667, 65.323, 65.297, 65.414, 66.082, 66.295, 66.086, 66.018, 65.635, 64.795, 63.531, 62.576, 61.033, 58.779, 58.845, 52.709, 36.382, 22.316, 13.209, 9.817, 6.711, 0.0, 8.985, 13.649, 18.219, 24.595, 26.439, 27.702, 29.345, 31.178, 34.796, 36.986, 38.262, 40.265, 42.194, 65.774], [63.661, 63.997, 64.019, 64.088, 64.467, 64.027, 63.733, 63.808, 63.29, 62.849, 63.152, 63.252, 63.334, 63.381, 63.295, 63.36, 63.589, 63.459, 63.211, 63.133, 63.187, 63.975, 64.124, 63.898, 63.938, 63.324, 62.316, 61.155, 60.292, 58.764, 56.463, 56.503, 50.691, 35.849, 24.469, 17.041, 13.613, 12.959, 8.985, 0.0, 6.549, 13.979, 20.815, 22.507, 23.804, 25.204, 26.974, 30.522, 32.526, 33.69, 35.559, 37.414, 63.296], [62.764, 63.081, 63.077, 63.131, 63.546, 63.159, 62.907, 63.011, 62.516, 62.096, 62.402, 62.503, 62.58, 62.622, 62.515, 62.57, 62.816, 62.714, 62.499, 62.418, 62.517, 63.382, 63.497, 63.269, 63.341, 62.657, 61.606, 60.516, 59.705, 58.238, 55.931, 55.948, 50.342, 36.171, 26.111, 19.965, 16.883, 16.373, 13.649, 6.549, 0.0, 10.432, 17.888, 19.571, 21.097, 22.387, 24.192, 27.913, 29.793, 30.899, 32.855, 34.854, 62.398], [64.009, 64.326, 64.335, 64.375, 64.813, 64.471, 64.237, 64.367, 63.852, 63.468, 63.873, 63.934, 63.936, 63.959, 63.826, 63.863, 64.076, 63.928, 63.723, 63.756, 63.975, 64.86, 65.018, 64.811, 64.825, 64.338, 63.611, 62.608, 61.884, 60.745, 58.922, 59.022, 54.138, 41.202, 31.478, 25.198, 22.241, 21.234, 18.219, 13.979, 10.432, 0.0, 9.809, 14.951, 16.419, 17.54, 20.689, 25.29, 27.773, 29.543, 32.051, 34.462, 63.642], [63.936, 64.22, 64.189, 64.211, 64.677, 64.404, 64.224, 64.4, 63.938, 63.62, 64.042, 64.083, 64.054, 64.068, 63.949, 63.991, 64.182, 64.02, 63.827, 63.844, 64.026, 64.927, 65.105, 64.926, 64.949, 64.521, 63.962, 63.046, 62.399, 61.454, 60.004, 60.135, 55.842, 44.672, 36.43, 30.8, 28.101, 27.275, 24.595, 20.815, 17.888, 9.809, 0.0, 9.258, 11.786, 12.547, 16.471, 22.181, 25.512, 27.729, 30.31, 32.819, 63.55], [61.934, 62.186, 62.136, 62.127, 62.633, 62.427, 62.222, 62.418, 61.996, 61.608, 61.941, 62.009, 62.018, 62.058, 61.975, 62.015, 62.212, 62.089, 61.909, 61.885, 62.178, 63.282, 63.45, 63.279, 63.407, 62.781, 62.011, 61.111, 60.494, 59.456, 57.848, 57.881, 53.673, 43.552, 36.72, 31.879, 29.389, 28.798, 26.439, 22.507, 19.571, 14.951, 9.258, 0.0, 5.964, 9.0, 11.548, 18.024, 22.22, 24.489, 26.687, 28.894, 61.578], [61.929, 62.199, 62.148, 62.116, 62.64, 62.449, 62.22, 62.403, 61.971, 61.564, 61.909, 61.988, 62.001, 62.04, 61.954, 61.969, 62.153, 62.021, 61.87, 61.874, 62.12, 63.211, 63.389, 63.196, 63.304, 62.705, 62.03, 61.153, 60.567, 59.574, 57.984, 58.018, 54.0, 44.306, 37.787, 33.098, 30.705, 30.197, 27.702, 23.804, 21.097, 16.419, 11.786, 5.964, 0.0, 5.666, 9.959, 16.425, 20.982, 23.716, 26.035, 28.312, 61.596], [62.342, 62.608, 62.54, 62.516, 63.031, 62.848, 62.658, 62.845, 62.443, 62.1, 62.448, 62.5, 62.499, 62.537, 62.455, 62.463, 62.635, 62.5, 62.367, 62.357, 62.526, 63.563, 63.738, 63.531, 63.612, 63.079, 62.489, 61.63, 61.062, 60.144, 58.67, 58.744, 54.905, 45.526, 39.134, 34.485, 32.188, 31.823, 29.345, 25.204, 22.387, 17.54, 12.547, 9.0, 5.666, 0.0, 8.049, 15.778, 20.184, 23.049, 25.559, 28.076, 61.997], [61.088, 61.334, 61.291, 61.251, 61.794, 61.69, 61.513, 61.703, 61.346, 61.003, 61.275, 61.305, 61.311, 61.375, 61.329, 61.342, 61.541, 61.466, 61.355, 61.29, 61.453, 62.553, 62.674, 62.52, 62.717, 62.068, 61.392, 60.582, 60.056, 59.127, 57.647, 57.707, 54.047, 45.497, 40.018, 35.806, 33.613, 33.425, 31.178, 26.974, 24.192, 20.689, 16.471, 11.548, 9.959, 8.049, 0.0, 10.178, 15.98, 18.914, 21.427, 24.158, 60.754], [58.655, 58.913, 58.932, 58.853, 59.533, 59.593, 59.408, 59.598, 59.323, 58.965, 59.178, 59.243, 59.276, 59.343, 59.306, 59.293, 59.546, 59.584, 59.501, 59.308, 59.441, 60.707, 60.695, 60.551, 60.913, 59.999, 59.192, 58.522, 58.118, 57.256, 55.847, 55.907, 52.685, 45.709, 41.954, 38.68, 36.729, 36.788, 34.796, 30.522, 27.913, 25.29, 22.181, 18.024, 16.425, 15.778, 10.178, 0.0, 8.019, 12.292, 15.43, 18.956, 58.385], [57.072, 57.311, 57.356, 57.244, 57.963, 58.066, 57.876, 58.085, 57.862, 57.5, 57.683, 57.784, 57.862, 57.923, 57.857, 57.84, 58.149, 58.284, 58.214, 57.883, 57.993, 59.403, 59.301, 59.159, 59.638, 58.509, 57.571, 57.021, 56.706, 55.884, 54.433, 54.47, 51.435, 45.264, 42.62, 40.063, 38.364, 38.674, 36.986, 32.526, 29.793, 27.773, 25.512, 22.22, 20.982, 20.184, 15.98, 8.019, 0.0, 6.218, 11.195, 15.906, 56.849], [55.169, 55.394, 55.48, 55.349, 56.117, 56.263, 56.051, 56.284, 56.107, 55.702, 55.843, 55.974, 56.078, 56.137, 56.056, 56.035, 56.373, 56.573, 56.517, 56.122, 56.332, 57.887, 57.702, 57.58, 58.177, 56.846, 55.699, 55.225, 54.981, 54.13, 52.563, 52.509, 49.548, 44.209, 42.659, 40.692, 39.142, 39.644, 38.262, 33.69, 30.899, 29.543, 27.729, 24.489, 23.716, 23.049, 18.914, 12.292, 6.218, 0.0, 6.38, 12.304, 54.958], [52.496, 52.705, 52.845, 52.691, 53.583, 53.868, 53.618, 53.853, 53.751, 53.292, 53.401, 53.602, 53.745, 53.802, 53.719, 53.685, 54.054, 54.322, 54.299, 53.883, 54.257, 56.011, 55.73, 55.616, 56.366, 54.736, 53.295, 52.906, 52.763, 51.89, 50.286, 50.101, 47.549, 44.071, 43.992, 42.44, 40.859, 41.491, 40.265, 35.559, 32.855, 32.051, 30.31, 26.687, 26.035, 25.559, 21.427, 15.43, 11.195, 6.38, 0.0, 7.514, 52.307], [50.872, 51.087, 51.289, 51.137, 52.081, 52.437, 52.169, 52.375, 52.28, 51.75, 51.798, 52.047, 52.233, 52.31, 52.251, 52.197, 52.554, 52.866, 52.895, 52.495, 52.993, 54.88, 54.539, 54.458, 55.345, 53.482, 51.817, 51.458, 51.397, 50.512, 49.138, 49.019, 46.962, 45.108, 45.867, 44.309, 42.666, 43.435, 42.194, 37.414, 34.854, 34.462, 32.819, 28.894, 28.312, 28.076, 24.158, 18.956, 15.906, 12.304, 7.514, 0.0, 50.684], [7.52, 13.427, 22.864, 26.313, 28.555, 31.254, 32.412, 33.271, 35.987, 38.978, 40.437, 41.926, 43.486, 43.857, 43.645, 43.578, 44.236, 45.211, 45.578, 45.063, 46.635, 49.774, 49.248, 49.084, 50.406, 47.731, 46.033, 46.717, 47.252, 46.883, 46.306, 45.545, 47.038, 55.742, 63.605, 65.541, 64.707, 65.502, 65.774, 63.296, 62.398, 63.642, 63.55, 61.578, 61.596, 61.997, 60.754, 58.385, 56.849, 54.958, 52.307, 50.684, 0.0]]