[[0.0, 8.171, 15.926, 20.738, 22.525, 23.334, 23.832, 24.426, 25.352, 26.688, 27.866, 28.522, 29.213, 29.772, 29.807, 30.041, 30.801, 31.72, 32.82, 33.75, 34.095, 34.213, 34.844, 36.527, 37.925, 38.014, 37.893, 37.921, 37.603, 37.211, 37.314, 37.639, 38.102, 38.349, 38.073, 37.747, 37.663, 37.363, 37.162, 37.378, 37.607, 37.61, 37.439, 37.431, 37.755, 38.009, 37.977, 37.923, 38.058, 38.334, 38.333, 38.133, 38.069, 37.989, 38.026, 38.404, 38.611, 38.539, 38.401, 38.104, 37.478, 37.15, 37.255, 37.406, 37.446, 37.512, 37.685, 37.736, 37.594, 37.261, 37.08, 37.127, 36.832, 36.542, 36.847, 37.053, 36.895, 36.638, 36.632, 36.748, 36.949, 37.169, 37.365, 37.32, 37.063, 36.938, 36.901, 37.232, 38.226, 39.094, 39.417, 39.666, 39.523, 38.869, 38.891, 39.135, 38.705, 38.704, 39.315, 39.743, 40.081, 39.979, 39.519, 39.222, 39.358, 39.478, 39.716, 40.377, 40.718, 40.264, 40.004, 40.431, 40.593, 40.132, 39.838, 40.015, 40.209, 39.969, 39.38, 38.101, 37.383, 37.779, 37.691, 37.44, 37.613, 37.587, 37.504, 37.389, 37.49, 37.801, 38.045, 37.963, 37.845, 37.935, 38.102, 38.757, 39.471, 39.572, 39.55, 39.815, 39.844, 39.487, 39.415, 39.574, 10.878], [8.171, 0.0, 10.316, 17.067, 19.379, 20.282, 20.857, 21.434, 22.423, 23.979, 25.308, 26.122, 26.965, 27.558, 27.625, 28.007, 28.939, 29.988, 31.202, 32.157, 32.456, 32.715, 33.877, 36.22, 37.86, 37.95, 37.903, 38.02, 37.711, 37.33, 37.447, 37.778, 38.262, 38.518, 38.199, 37.815, 37.708, 37.384, 37.142, 37.348, 37.621, 37.664, 37.51, 37.529, 37.874, 38.125, 38.111, 38.087, 38.239, 38.518, 38.526, 38.331, 38.248, 38.13, 38.14, 38.507, 38.714, 38.658, 38.543, 38.251, 37.615, 37.292, 37.407, 37.54, 37.579, 37.669, 37.861, 37.908, 37.753, 37.424, 37.247, 37.315, 37.024, 36.785, 37.175, 37.383, 37.197, 36.928, 36.944, 37.05, 37.221, 37.441, 37.634, 37.528, 37.205, 37.1, 37.075, 37.332, 38.275, 39.2, 39.604, 39.893, 39.753, 39.05, 38.943, 39.059, 38.556, 38.498, 39.067, 39.411, 39.644, 39.519, 39.097, 38.801, 38.874, 38.905, 39.062, 39.683, 40.029, 39.593, 39.327, 39.737, 39.89, 39.464, 39.216, 39.43, 39.668, 39.431, 38.831, 37.576, 36.915, 37.324, 37.202, 36.945, 37.147, 37.101, 36.931, 36.742, 36.935, 37.468, 37.907, 37.944, 37.897, 38.036, 38.215, 38.86, 39.563, 39.672, 39.655, 39.908, 39.91, 39.509, 39.407, 39.571, 14.023], [15.926, 10.316, 0.0, 8.97, 13.001, 14.6, 15.424, 16.262, 17.78, 20.072, 21.948, 23.054, 24.085, 24.946, 25.403, 26.173, 27.421, 28.717, 30.116, 31.155, 31.408, 31.618, 32.945, 35.67, 37.543, 37.668, 37.65, 37.821, 37.57, 37.251, 37.368, 37.642, 38.112, 38.382, 38.048, 37.647, 37.521, 37.168, 36.899, 37.084, 37.346, 37.402, 37.289, 37.371, 37.753, 38.002, 38.001, 38.017, 38.207, 38.497, 38.516, 38.333, 38.241, 38.106, 38.097, 38.418, 38.585, 38.512, 38.389, 38.069, 37.381, 37.041, 37.147, 37.275, 37.328, 37.454, 37.669, 37.693, 37.504, 37.194, 37.046, 37.126, 36.835, 36.649, 37.117, 37.338, 37.099, 36.797, 36.843, 36.964, 37.121, 37.354, 37.58, 37.519, 37.297, 37.288, 37.282, 37.514, 38.419, 39.299, 39.682, 39.975, 39.84, 39.159, 39.063, 39.154, 38.592, 38.455, 38.996, 39.31, 39.469, 39.265, 38.792, 38.477, 38.556, 38.593, 38.779, 39.44, 39.816, 39.417, 39.203, 39.652, 39.816, 39.379, 39.136, 39.379, 39.629, 39.358, 38.731, 37.513, 36.849, 37.186, 37.023, 36.77, 36.995, 36.961, 36.796, 36.59, 36.752, 37.308, 37.795, 37.871, 37.849, 37.987, 38.14, 38.781, 39.496, 39.608, 39.581, 39.827, 39.805, 39.358, 39.24, 39.413, 18.938], [20.738, 17.067, 8.97, 0.0, 5.966, 9.185, 10.598, 11.826, 14.113, 17.326, 19.889, 21.308, 22.473, 23.614, 24.569, 25.85, 27.372, 28.785, 30.255, 31.347, 31.658, 31.926, 33.272, 35.916, 37.722, 37.898, 37.931, 38.116, 37.909, 37.661, 37.786, 37.993, 38.395, 38.644, 38.317, 37.935, 37.815, 37.459, 37.191, 37.367, 37.624, 37.714, 37.664, 37.804, 38.207, 38.451, 38.446, 38.476, 38.677, 38.961, 38.979, 38.796, 38.703, 38.58, 38.561, 38.816, 38.96, 38.892, 38.751, 38.426, 37.73, 37.335, 37.382, 37.512, 37.581, 37.725, 37.944, 37.951, 37.749, 37.472, 37.346, 37.403, 37.132, 37.027, 37.531, 37.75, 37.486, 37.189, 37.251, 37.375, 37.521, 37.75, 38.0, 38.001, 37.866, 37.901, 37.906, 38.15, 39.026, 39.807, 40.102, 40.352, 40.211, 39.593, 39.592, 39.749, 39.217, 39.074, 39.597, 39.914, 40.084, 39.858, 39.369, 39.069, 39.188, 39.259, 39.471, 40.133, 40.491, 40.091, 39.913, 40.388, 40.558, 40.108, 39.862, 40.114, 40.344, 40.074, 39.474, 38.354, 37.725, 37.999, 37.813, 37.549, 37.761, 37.762, 37.636, 37.433, 37.5, 37.916, 38.296, 38.329, 38.269, 38.362, 38.492, 39.108, 39.793, 39.887, 39.855, 40.107, 40.095, 39.665, 39.557, 39.722, 23.447], [22.525, 19.379, 13.001, 5.966, 0.0, 4.478, 6.934, 8.773, 11.764, 15.715, 18.743, 20.335, 21.55, 22.843, 24.115, 25.714, 27.388, 28.825, 30.304, 31.441, 31.841, 32.225, 33.667, 36.27, 37.985, 38.183, 38.289, 38.513, 38.327, 38.128, 38.274, 38.451, 38.82, 39.056, 38.738, 38.375, 38.268, 37.924, 37.668, 37.846, 38.104, 38.211, 38.191, 38.356, 38.772, 39.012, 39.002, 39.03, 39.227, 39.499, 39.505, 39.316, 39.228, 39.114, 39.08, 39.301, 39.447, 39.391, 39.242, 38.92, 38.24, 37.835, 37.854, 37.97, 38.037, 38.185, 38.402, 38.41, 38.227, 37.998, 37.901, 37.941, 37.679, 37.6, 38.07, 38.246, 37.968, 37.697, 37.766, 37.887, 38.031, 38.262, 38.535, 38.586, 38.48, 38.494, 38.481, 38.716, 39.538, 40.247, 40.501, 40.729, 40.587, 40.012, 40.06, 40.242, 39.731, 39.6, 40.119, 40.453, 40.66, 40.45, 39.97, 39.685, 39.832, 39.906, 40.1, 40.739, 41.074, 40.659, 40.487, 40.969, 41.136, 40.695, 40.454, 40.679, 40.876, 40.632, 40.079, 39.034, 38.447, 38.698, 38.499, 38.225, 38.423, 38.452, 38.356, 38.155, 38.204, 38.545, 38.831, 38.819, 38.739, 38.821, 38.952, 39.551, 40.203, 40.286, 40.252, 40.504, 40.514, 40.133, 40.049, 40.208, 25.275], [23.334, 20.282, 14.6, 9.185, 4.478, 0.0, 3.499, 6.531, 10.444, 14.95, 18.19, 19.801, 21.027, 22.394, 23.777, 25.472, 27.199, 28.66, 30.17, 31.357, 31.831, 32.283, 33.764, 36.37, 38.078, 38.29, 38.433, 38.69, 38.524, 38.349, 38.513, 38.686, 39.043, 39.277, 38.982, 38.649, 38.551, 38.216, 37.981, 38.172, 38.423, 38.52, 38.508, 38.692, 39.12, 39.357, 39.338, 39.366, 39.572, 39.845, 39.841, 39.651, 39.571, 39.459, 39.418, 39.624, 39.764, 39.709, 39.559, 39.241, 38.58, 38.189, 38.201, 38.316, 38.395, 38.544, 38.747, 38.751, 38.582, 38.377, 38.291, 38.322, 38.067, 38.0, 38.436, 38.579, 38.297, 38.036, 38.108, 38.225, 38.364, 38.596, 38.888, 38.967, 38.866, 38.868, 38.854, 39.079, 39.846, 40.493, 40.716, 40.928, 40.786, 40.243, 40.315, 40.498, 39.996, 39.863, 40.379, 40.722, 40.948, 40.749, 40.268, 39.986, 40.156, 40.251, 40.449, 41.087, 41.42, 41.012, 40.851, 41.328, 41.49, 41.062, 40.821, 41.019, 41.194, 40.957, 40.417, 39.39, 38.81, 39.056, 38.863, 38.599, 38.799, 38.854, 38.789, 38.583, 38.607, 38.92, 39.171, 39.141, 39.06, 39.143, 39.261, 39.838, 40.476, 40.562, 40.526, 40.775, 40.801, 40.454, 40.377, 40.535, 25.968], [23.832, 20.857, 15.424, 10.598, 6.934, 3.499, 0.0, 4.069, 9.201, 14.392, 17.853, 19.494, 20.707, 22.095, 23.53, 25.275, 27.029, 28.509, 30.039, 31.245, 31.77, 32.278, 33.765, 36.33, 38.028, 38.254, 38.407, 38.676, 38.537, 38.379, 38.541, 38.707, 39.057, 39.29, 39.004, 38.69, 38.595, 38.256, 38.032, 38.238, 38.499, 38.6, 38.597, 38.794, 39.231, 39.465, 39.444, 39.48, 39.702, 39.98, 39.974, 39.786, 39.711, 39.599, 39.549, 39.746, 39.888, 39.841, 39.697, 39.385, 38.734, 38.342, 38.343, 38.464, 38.556, 38.705, 38.895, 38.89, 38.726, 38.529, 38.437, 38.462, 38.222, 38.172, 38.604, 38.746, 38.461, 38.201, 38.288, 38.406, 38.528, 38.747, 39.034, 39.094, 38.967, 38.963, 38.959, 39.172, 39.905, 40.53, 40.753, 40.962, 40.817, 40.275, 40.351, 40.538, 40.044, 39.904, 40.409, 40.74, 40.957, 40.765, 40.296, 40.029, 40.209, 40.326, 40.545, 41.192, 41.529, 41.136, 40.991, 41.47, 41.632, 41.21, 40.967, 41.151, 41.315, 41.083, 40.563, 39.572, 39.003, 39.241, 39.05, 38.795, 38.999, 39.06, 38.986, 38.745, 38.739, 39.046, 39.305, 39.284, 39.202, 39.276, 39.374, 39.922, 40.545, 40.638, 40.606, 40.851, 40.879, 40.541, 40.465, 40.622, 26.419], [24.426, 21.434, 16.262, 11.826, 8.773, 6.531, 4.069, 0.0, 6.087, 12.363, 16.474, 18.377, 19.674, 21.165, 22.809, 24.791, 26.694, 28.239, 29.805, 31.039, 31.607, 32.21, 33.837, 36.468, 38.142, 38.36, 38.528, 38.802, 38.673, 38.533, 38.705, 38.88, 39.255, 39.498, 39.209, 38.899, 38.796, 38.44, 38.209, 38.426, 38.708, 38.825, 38.83, 39.038, 39.48, 39.705, 39.688, 39.742, 39.975, 40.253, 40.252, 40.069, 39.986, 39.861, 39.791, 39.976, 40.139, 40.109, 39.969, 39.666, 39.019, 38.612, 38.596, 38.713, 38.808, 38.952, 39.128, 39.114, 38.962, 38.79, 38.712, 38.742, 38.511, 38.457, 38.868, 38.991, 38.705, 38.472, 38.592, 38.717, 38.829, 39.033, 39.297, 39.319, 39.145, 39.119, 39.115, 39.307, 39.993, 40.597, 40.825, 41.045, 40.91, 40.379, 40.465, 40.659, 40.181, 40.04, 40.532, 40.847, 41.048, 40.862, 40.401, 40.119, 40.274, 40.388, 40.612, 41.255, 41.59, 41.206, 41.077, 41.571, 41.744, 41.33, 41.098, 41.264, 41.398, 41.174, 40.69, 39.759, 39.195, 39.411, 39.219, 38.963, 39.162, 39.211, 39.095, 38.828, 38.866, 39.215, 39.5, 39.494, 39.412, 39.471, 39.556, 40.083, 40.682, 40.776, 40.753, 40.992, 41.013, 40.681, 40.612, 40.773, 26.998], [25.352, 22.423, 17.78, 14.113, 11.764, 10.444, 9.201, 6.087, 0.0, 7.393, 12.838, 15.544, 17.133, 18.885, 21.056, 23.659, 25.962, 27.684, 29.347, 30.661, 31.301, 32.039, 33.916, 36.732, 38.392, 38.59, 38.771, 39.045, 38.906, 38.758, 38.944, 39.155, 39.566, 39.818, 39.539, 39.25, 39.143, 38.781, 38.551, 38.771, 39.064, 39.183, 39.185, 39.405, 39.857, 40.069, 40.057, 40.127, 40.357, 40.632, 40.65, 40.477, 40.369, 40.215, 40.121, 40.293, 40.476, 40.46, 40.317, 40.026, 39.383, 38.947, 38.912, 39.024, 39.113, 39.237, 39.392, 39.378, 39.248, 39.133, 39.109, 39.15, 38.913, 38.826, 39.167, 39.228, 38.948, 38.777, 38.937, 39.072, 39.189, 39.379, 39.621, 39.629, 39.408, 39.336, 39.331, 39.505, 40.12, 40.664, 40.884, 41.12, 41.016, 40.538, 40.659, 40.87, 40.417, 40.297, 40.796, 41.103, 41.299, 41.131, 40.665, 40.323, 40.431, 40.522, 40.718, 41.336, 41.664, 41.297, 41.206, 41.732, 41.914, 41.52, 41.327, 41.476, 41.565, 41.35, 40.89, 39.947, 39.292, 39.465, 39.285, 39.014, 39.191, 39.227, 39.103, 38.901, 39.051, 39.44, 39.722, 39.718, 39.63, 39.671, 39.748, 40.266, 40.85, 40.95, 40.942, 41.191, 41.214, 40.895, 40.836, 41.006, 27.855], [26.688, 23.979, 20.072, 17.326, 15.715, 14.95, 14.392, 12.363, 7.393, 0.0, 6.903, 11.163, 13.567, 15.705, 18.536, 21.974, 24.797, 26.774, 28.64, 30.11, 30.869, 31.781, 33.9, 36.908, 38.61, 38.821, 39.018, 39.31, 39.165, 38.982, 39.186, 39.455, 39.885, 40.129, 39.87, 39.628, 39.549, 39.199, 38.969, 39.166, 39.432, 39.529, 39.508, 39.717, 40.165, 40.364, 40.351, 40.423, 40.636, 40.906, 40.945, 40.786, 40.654, 40.47, 40.363, 40.522, 40.698, 40.689, 40.551, 40.28, 39.645, 39.187, 39.128, 39.218, 39.293, 39.401, 39.547, 39.542, 39.436, 39.368, 39.39, 39.445, 39.2, 39.06, 39.319, 39.327, 39.052, 38.933, 39.14, 39.295, 39.407, 39.583, 39.817, 39.825, 39.55, 39.428, 39.44, 39.618, 40.189, 40.7, 40.921, 41.18, 41.104, 40.646, 40.784, 41.002, 40.567, 40.489, 41.021, 41.328, 41.543, 41.425, 40.957, 40.568, 40.655, 40.719, 40.88, 41.469, 41.787, 41.444, 41.401, 41.947, 42.117, 41.732, 41.597, 41.781, 41.871, 41.655, 41.164, 40.115, 39.321, 39.467, 39.302, 38.998, 39.144, 39.171, 39.064, 38.981, 39.232, 39.614, 39.868, 39.861, 39.774, 39.802, 39.865, 40.37, 40.954, 41.072, 41.085, 41.353, 41.379, 41.065, 41.011, 41.184, 29.055], [27.866, 25.308, 21.948, 19.889, 18.743, 18.19, 17.853, 16.474, 12.838, 6.903, 0.0, 5.89, 10.059, 12.955, 16.163, 20.119, 23.334, 25.555, 27.678, 29.293, 30.146, 31.256, 33.598, 36.781, 38.588, 38.843, 39.078, 39.408, 39.269, 39.061, 39.29, 39.615, 40.066, 40.297, 40.052, 39.861, 39.829, 39.507, 39.282, 39.459, 39.701, 39.77, 39.72, 39.907, 40.345, 40.541, 40.524, 40.585, 40.78, 41.045, 41.094, 40.938, 40.785, 40.58, 40.468, 40.628, 40.795, 40.792, 40.673, 40.425, 39.798, 39.334, 39.258, 39.319, 39.378, 39.485, 39.637, 39.651, 39.562, 39.497, 39.534, 39.618, 39.385, 39.189, 39.372, 39.362, 39.107, 39.012, 39.27, 39.456, 39.553, 39.71, 39.924, 39.915, 39.615, 39.472, 39.494, 39.677, 40.25, 40.779, 41.013, 41.287, 41.217, 40.723, 40.833, 41.032, 40.594, 40.533, 41.082, 41.393, 41.632, 41.554, 41.091, 40.683, 40.766, 40.811, 40.951, 41.53, 41.853, 41.537, 41.516, 42.054, 42.214, 41.849, 41.764, 42.01, 42.128, 41.892, 41.357, 40.234, 39.418, 39.588, 39.429, 39.102, 39.227, 39.247, 39.145, 39.086, 39.348, 39.726, 39.968, 39.964, 39.896, 39.925, 39.96, 40.433, 41.014, 41.147, 41.159, 41.422, 41.443, 41.133, 41.079, 41.254, 30.034], [28.522, 26.122, 23.054, 21.308, 20.335, 19.801, 19.494, 18.377, 15.544, 11.163, 5.89, 0.0, 5.781, 10.167, 14.059, 18.356, 21.926, 24.391, 26.669, 28.394, 29.316, 30.52, 33.02, 36.402, 38.346, 38.657, 38.929, 39.276, 39.131, 38.899, 39.132, 39.49, 39.959, 40.189, 39.959, 39.808, 39.821, 39.527, 39.312, 39.5, 39.75, 39.818, 39.753, 39.91, 40.329, 40.531, 40.505, 40.546, 40.741, 41.014, 41.061, 40.895, 40.718, 40.505, 40.407, 40.588, 40.762, 40.758, 40.649, 40.411, 39.779, 39.292, 39.187, 39.232, 39.28, 39.372, 39.509, 39.529, 39.457, 39.408, 39.473, 39.58, 39.364, 39.146, 39.267, 39.216, 38.987, 38.941, 39.248, 39.463, 39.552, 39.675, 39.863, 39.848, 39.557, 39.408, 39.421, 39.59, 40.149, 40.672, 40.908, 41.183, 41.104, 40.581, 40.682, 40.884, 40.451, 40.392, 40.936, 41.253, 41.505, 41.437, 40.965, 40.54, 40.625, 40.673, 40.822, 41.421, 41.765, 41.455, 41.424, 41.951, 42.12, 41.774, 41.7, 41.974, 42.105, 41.859, 41.319, 40.222, 39.453, 39.644, 39.487, 39.158, 39.282, 39.317, 39.234, 39.162, 39.393, 39.738, 39.938, 39.926, 39.877, 39.91, 39.934, 40.41, 41.003, 41.12, 41.108, 41.361, 41.394, 41.097, 41.045, 41.23, 30.516], [29.213, 26.965, 24.085, 22.473, 21.55, 21.027, 20.707, 19.674, 17.133, 13.567, 10.059, 5.781, 0.0, 5.897, 11.57, 16.941, 21.064, 23.862, 26.323, 28.121, 29.006, 30.098, 32.579, 36.08, 38.127, 38.475, 38.757, 39.088, 38.888, 38.599, 38.825, 39.213, 39.711, 39.955, 39.737, 39.6, 39.628, 39.342, 39.157, 39.403, 39.692, 39.773, 39.702, 39.832, 40.235, 40.437, 40.405, 40.438, 40.653, 40.947, 40.992, 40.812, 40.606, 40.382, 40.296, 40.496, 40.674, 40.662, 40.55, 40.305, 39.655, 39.149, 39.033, 39.074, 39.116, 39.191, 39.307, 39.315, 39.263, 39.254, 39.349, 39.449, 39.234, 39.023, 39.124, 39.023, 38.788, 38.8, 39.153, 39.387, 39.47, 39.568, 39.737, 39.721, 39.42, 39.243, 39.245, 39.379, 39.851, 40.302, 40.521, 40.792, 40.7, 40.18, 40.318, 40.551, 40.14, 40.107, 40.669, 40.997, 41.29, 41.246, 40.742, 40.282, 40.372, 40.429, 40.581, 41.185, 41.535, 41.211, 41.158, 41.685, 41.845, 41.494, 41.444, 41.744, 41.876, 41.624, 41.082, 40.011, 39.252, 39.436, 39.273, 38.93, 39.045, 39.081, 39.02, 39.006, 39.275, 39.604, 39.77, 39.78, 39.792, 39.846, 39.876, 40.401, 41.032, 41.128, 41.099, 41.37, 41.42, 41.123, 41.076, 41.27, 31.071], [29.772, 27.558, 24.946, 23.614, 22.843, 22.394, 22.095, 21.165, 18.885, 15.705, 12.955, 10.167, 5.897, 0.0, 7.283, 14.312, 19.346, 22.717, 25.594, 27.503, 28.298, 29.266, 31.763, 35.427, 37.584, 37.936, 38.223, 38.568, 38.325, 37.98, 38.21, 38.636, 39.169, 39.428, 39.214, 39.082, 39.121, 38.848, 38.715, 39.05, 39.391, 39.486, 39.405, 39.514, 39.91, 40.116, 40.08, 40.112, 40.349, 40.668, 40.705, 40.485, 40.241, 39.989, 39.89, 40.09, 40.264, 40.256, 40.156, 39.894, 39.217, 38.736, 38.658, 38.702, 38.755, 38.858, 38.989, 39.002, 38.948, 38.911, 38.98, 39.076, 38.845, 38.645, 38.787, 38.703, 38.454, 38.454, 38.819, 39.06, 39.128, 39.203, 39.352, 39.318, 38.985, 38.778, 38.776, 38.891, 39.346, 39.804, 40.028, 40.303, 40.202, 39.641, 39.755, 39.983, 39.585, 39.589, 40.191, 40.523, 40.846, 40.839, 40.332, 39.876, 39.982, 40.033, 40.177, 40.783, 41.135, 40.775, 40.658, 41.14, 41.271, 40.912, 40.866, 41.165, 41.308, 41.045, 40.466, 39.383, 38.673, 38.894, 38.705, 38.346, 38.464, 38.492, 38.43, 38.446, 38.722, 39.073, 39.278, 39.338, 39.424, 39.517, 39.554, 40.104, 40.758, 40.851, 40.813, 41.079, 41.116, 40.806, 40.766, 40.965, 31.51], [29.807, 27.625, 25.403, 24.569, 24.115, 23.777, 23.53, 22.809, 21.056, 18.536, 16.163, 14.059, 11.57, 7.283, 0.0, 8.334, 14.677, 19.198, 22.9, 25.121, 25.951, 26.953, 29.674, 33.756, 36.21, 36.596, 36.913, 37.322, 37.07, 36.685, 36.922, 37.377, 37.934, 38.206, 38.007, 37.925, 38.042, 37.814, 37.715, 38.122, 38.507, 38.599, 38.499, 38.59, 38.997, 39.239, 39.205, 39.23, 39.496, 39.854, 39.88, 39.597, 39.303, 39.008, 38.872, 39.073, 39.252, 39.259, 39.175, 38.871, 38.128, 37.686, 37.69, 37.735, 37.79, 37.947, 38.134, 38.173, 38.069, 37.902, 37.903, 38.012, 37.753, 37.562, 37.806, 37.81, 37.558, 37.476, 37.828, 38.084, 38.143, 38.188, 38.295, 38.211, 37.856, 37.654, 37.648, 37.767, 38.348, 38.984, 39.287, 39.588, 39.478, 38.793, 38.785, 38.964, 38.568, 38.604, 39.254, 39.591, 39.898, 39.9, 39.428, 39.04, 39.181, 39.23, 39.374, 40.017, 40.407, 40.022, 39.805, 40.209, 40.333, 39.973, 39.841, 40.073, 40.254, 39.972, 39.327, 38.202, 37.633, 37.958, 37.738, 37.404, 37.573, 37.606, 37.521, 37.416, 37.529, 37.884, 38.186, 38.301, 38.453, 38.617, 38.668, 39.212, 39.874, 39.964, 39.896, 40.103, 40.103, 39.788, 39.759, 39.961, 31.302], [30.041, 28.007, 26.173, 25.85, 25.714, 25.472, 25.275, 24.791, 23.659, 21.974, 20.119, 18.356, 16.941, 14.312, 8.334, 0.0, 7.544, 13.812, 18.794, 21.56, 22.543, 23.702, 26.758, 31.438, 34.38, 34.889, 35.271, 35.761, 35.535, 35.142, 35.378, 35.827, 36.385, 36.683, 36.551, 36.588, 36.844, 36.698, 36.619, 37.069, 37.5, 37.6, 37.507, 37.624, 38.071, 38.36, 38.332, 38.352, 38.65, 39.047, 39.058, 38.722, 38.396, 38.055, 37.875, 38.079, 38.263, 38.276, 38.207, 37.86, 37.05, 36.645, 36.715, 36.744, 36.766, 36.95, 37.193, 37.264, 37.112, 36.82, 36.76, 36.883, 36.604, 36.419, 36.762, 36.877, 36.638, 36.459, 36.795, 37.076, 37.123, 37.135, 37.189, 37.025, 36.645, 36.477, 36.464, 36.58, 37.313, 38.174, 38.59, 38.932, 38.812, 38.0, 37.848, 37.958, 37.559, 37.592, 38.247, 38.58, 38.853, 38.843, 38.415, 38.106, 38.275, 38.325, 38.493, 39.195, 39.637, 39.252, 38.955, 39.287, 39.433, 39.07, 38.797, 38.935, 39.169, 38.862, 38.147, 37.038, 36.719, 37.183, 36.933, 36.661, 36.92, 36.966, 36.829, 36.497, 36.359, 36.705, 37.115, 37.272, 37.482, 37.732, 37.793, 38.316, 38.977, 39.056, 38.943, 39.083, 39.06, 38.747, 38.718, 38.922, 31.156], [30.801, 28.939, 27.421, 27.372, 27.388, 27.199, 27.029, 26.694, 25.962, 24.797, 23.334, 21.926, 21.064, 19.346, 14.677, 7.544, 0.0, 7.649, 14.21, 17.861, 19.254, 20.751, 24.162, 29.36, 32.771, 33.457, 33.909, 34.478, 34.322, 33.986, 34.245, 34.652, 35.156, 35.46, 35.417, 35.602, 35.998, 35.941, 35.898, 36.38, 36.886, 37.087, 37.107, 37.34, 37.863, 38.18, 38.153, 38.171, 38.483, 38.892, 38.884, 38.53, 38.217, 37.866, 37.658, 37.858, 38.04, 38.053, 37.999, 37.649, 36.827, 36.427, 36.496, 36.506, 36.506, 36.695, 36.957, 37.036, 36.867, 36.532, 36.438, 36.567, 36.301, 36.129, 36.533, 36.73, 36.505, 36.244, 36.557, 36.85, 36.866, 36.838, 36.847, 36.606, 36.187, 36.049, 36.036, 36.134, 36.944, 37.938, 38.421, 38.777, 38.653, 37.791, 37.547, 37.616, 37.209, 37.179, 37.752, 38.06, 38.319, 38.306, 37.932, 37.711, 37.899, 37.951, 38.164, 38.905, 39.348, 38.952, 38.6, 38.872, 39.029, 38.645, 38.24, 38.301, 38.574, 38.261, 37.559, 36.617, 36.576, 37.127, 36.849, 36.643, 36.97, 37.018, 36.84, 36.343, 36.027, 36.364, 36.823, 36.975, 37.205, 37.527, 37.587, 38.052, 38.673, 38.733, 38.587, 38.675, 38.644, 38.345, 38.307, 38.507, 31.644], [31.72, 29.988, 28.717, 28.785, 28.825, 28.66, 28.509, 28.239, 27.684, 26.774, 25.555, 24.391, 23.862, 22.717, 19.198, 13.812, 7.649, 0.0, 7.895, 12.953, 15.647, 18.08, 21.901, 27.458, 31.253, 32.137, 32.683, 33.386, 33.378, 33.13, 33.391, 33.721, 34.151, 34.445, 34.482, 34.812, 35.32, 35.336, 35.361, 35.913, 36.539, 36.921, 37.15, 37.576, 38.214, 38.55, 38.512, 38.52, 38.83, 39.221, 39.196, 38.86, 38.593, 38.272, 38.065, 38.26, 38.445, 38.455, 38.411, 38.1, 37.327, 36.919, 36.948, 36.947, 36.958, 37.148, 37.395, 37.452, 37.27, 36.934, 36.821, 36.95, 36.716, 36.573, 37.019, 37.269, 37.077, 36.782, 37.049, 37.335, 37.326, 37.242, 37.211, 36.944, 36.53, 36.424, 36.414, 36.501, 37.351, 38.415, 38.931, 39.284, 39.155, 38.275, 37.966, 38.025, 37.601, 37.459, 37.898, 38.152, 38.388, 38.361, 38.037, 37.894, 38.087, 38.152, 38.446, 39.225, 39.629, 39.193, 38.798, 39.03, 39.184, 38.769, 38.259, 38.251, 38.529, 38.229, 37.617, 36.919, 37.076, 37.638, 37.353, 37.2, 37.541, 37.575, 37.36, 36.757, 36.364, 36.733, 37.21, 37.315, 37.503, 37.863, 37.932, 38.314, 38.846, 38.876, 38.712, 38.752, 38.716, 38.464, 38.437, 38.621, 32.463], [32.82, 31.202, 30.116, 30.255, 30.304, 30.17, 30.039, 29.805, 29.347, 28.64, 27.678, 26.669, 26.323, 25.594, 22.9, 18.794, 14.21, 7.895, 0.0, 6.55, 11.774, 16.03, 20.349, 26.021, 30.04, 31.116, 31.791, 32.651, 32.812, 32.621, 32.807, 33.039, 33.441, 33.778, 33.92, 34.389, 34.99, 35.073, 35.185, 35.822, 36.55, 37.079, 37.496, 38.108, 38.851, 39.195, 39.15, 39.154, 39.458, 39.819, 39.778, 39.464, 39.234, 38.946, 38.748, 38.933, 39.119, 39.119, 39.071, 38.826, 38.162, 37.777, 37.77, 37.768, 37.807, 37.991, 38.2, 38.225, 38.04, 37.716, 37.586, 37.698, 37.5, 37.397, 37.862, 38.138, 37.998, 37.73, 37.961, 38.224, 38.2, 38.062, 38.0, 37.739, 37.35, 37.285, 37.293, 37.376, 38.223, 39.312, 39.845, 40.187, 40.045, 39.154, 38.781, 38.829, 38.406, 38.175, 38.49, 38.667, 38.842, 38.789, 38.516, 38.413, 38.573, 38.639, 39.001, 39.809, 40.173, 39.704, 39.296, 39.516, 39.668, 39.242, 38.684, 38.625, 38.886, 38.599, 38.078, 37.602, 37.889, 38.434, 38.16, 38.037, 38.361, 38.377, 38.13, 37.459, 37.054, 37.488, 37.993, 38.063, 38.174, 38.52, 38.616, 38.944, 39.384, 39.381, 39.223, 39.233, 39.181, 38.968, 38.962, 39.128, 33.594], [33.75, 32.157, 31.155, 31.347, 31.441, 31.357, 31.245, 31.039, 30.661, 30.11, 29.293, 28.394, 28.121, 27.503, 25.121, 21.56, 17.861, 12.953, 6.55, 0.0, 7.23, 13.626, 19.174, 25.332, 29.524, 30.737, 31.535, 32.482, 32.718, 32.579, 32.759, 32.954, 33.34, 33.703, 33.908, 34.44, 35.097, 35.237, 35.381, 36.03, 36.785, 37.36, 37.816, 38.449, 39.176, 39.493, 39.45, 39.447, 39.738, 40.081, 40.03, 39.731, 39.533, 39.26, 39.053, 39.228, 39.427, 39.423, 39.373, 39.18, 38.602, 38.237, 38.198, 38.186, 38.224, 38.396, 38.585, 38.604, 38.44, 38.142, 38.015, 38.119, 37.939, 37.841, 38.282, 38.56, 38.447, 38.208, 38.434, 38.682, 38.653, 38.514, 38.446, 38.189, 37.834, 37.826, 37.873, 37.957, 38.747, 39.781, 40.296, 40.627, 40.485, 39.607, 39.181, 39.204, 38.805, 38.55, 38.82, 38.968, 39.12, 39.064, 38.819, 38.716, 38.835, 38.882, 39.234, 40.021, 40.365, 39.899, 39.497, 39.706, 39.855, 39.447, 38.913, 38.88, 39.143, 38.853, 38.361, 37.983, 38.311, 38.848, 38.599, 38.486, 38.799, 38.808, 38.564, 37.92, 37.539, 37.988, 38.513, 38.612, 38.698, 39.01, 39.129, 39.462, 39.878, 39.863, 39.71, 39.714, 39.631, 39.384, 39.361, 39.523, 34.554], [34.095, 32.456, 31.408, 31.658, 31.841, 31.831, 31.77, 31.607, 31.301, 30.869, 30.146, 29.316, 29.006, 28.298, 25.951, 22.543, 19.254, 15.647, 11.774, 7.23, 0.0, 8.228, 16.429, 24.365, 29.022, 30.319, 31.264, 32.31, 32.619, 32.634, 32.959, 33.171, 33.49, 33.798, 33.952, 34.424, 35.062, 35.194, 35.272, 35.842, 36.545, 37.069, 37.431, 37.93, 38.536, 38.819, 38.784, 38.766, 39.038, 39.385, 39.34, 39.054, 38.876, 38.6, 38.379, 38.565, 38.778, 38.773, 38.734, 38.554, 37.982, 37.629, 37.593, 37.561, 37.556, 37.718, 37.932, 37.98, 37.839, 37.556, 37.449, 37.567, 37.378, 37.232, 37.627, 37.894, 37.792, 37.58, 37.825, 38.087, 38.092, 37.999, 37.95, 37.732, 37.442, 37.481, 37.551, 37.647, 38.394, 39.346, 39.818, 40.136, 39.989, 39.118, 38.675, 38.678, 38.291, 38.057, 38.365, 38.552, 38.747, 38.697, 38.411, 38.28, 38.406, 38.442, 38.722, 39.464, 39.833, 39.397, 38.98, 39.16, 39.309, 38.91, 38.4, 38.43, 38.724, 38.403, 37.879, 37.476, 37.72, 38.225, 37.978, 37.858, 38.192, 38.222, 38.033, 37.512, 37.153, 37.532, 38.042, 38.197, 38.328, 38.627, 38.758, 39.172, 39.661, 39.652, 39.49, 39.517, 39.426, 39.103, 39.034, 39.204, 34.787], [34.213, 32.715, 31.618, 31.926, 32.225, 32.283, 32.278, 32.21, 32.039, 31.781, 31.256, 30.52, 30.098, 29.266, 26.953, 23.702, 20.751, 18.08, 16.03, 13.626, 8.228, 0.0, 10.592, 21.003, 26.709, 28.155, 29.285, 30.601, 31.093, 31.332, 31.872, 32.175, 32.523, 32.855, 32.97, 33.35, 33.933, 34.021, 34.016, 34.481, 35.087, 35.533, 35.817, 36.235, 36.797, 37.089, 37.051, 37.017, 37.302, 37.688, 37.652, 37.357, 37.158, 36.851, 36.621, 36.834, 37.036, 37.01, 36.963, 36.719, 36.068, 35.757, 35.788, 35.757, 35.739, 35.939, 36.22, 36.301, 36.134, 35.79, 35.669, 35.821, 35.604, 35.395, 35.807, 36.1, 35.998, 35.803, 36.082, 36.372, 36.414, 36.357, 36.314, 36.177, 36.045, 36.128, 36.174, 36.348, 37.179, 38.127, 38.574, 38.89, 38.717, 37.835, 37.474, 37.497, 37.083, 36.887, 37.286, 37.545, 37.812, 37.746, 37.364, 37.24, 37.475, 37.571, 37.835, 38.612, 39.056, 38.615, 38.131, 38.292, 38.45, 37.995, 37.427, 37.514, 37.857, 37.466, 36.837, 36.255, 36.294, 36.711, 36.406, 36.27, 36.635, 36.688, 36.618, 36.279, 35.835, 36.012, 36.422, 36.556, 36.732, 37.058, 37.213, 37.785, 38.435, 38.432, 38.244, 38.311, 38.234, 37.851, 37.752, 37.94, 34.521], [34.844, 33.877, 32.945, 33.272, 33.667, 33.764, 33.765, 33.837, 33.916, 33.9, 33.598, 33.02, 32.579, 31.763, 29.674, 26.758, 24.162, 21.901, 20.349, 19.174, 16.429, 10.592, 0.0, 12.543, 20.349, 22.462, 23.83, 25.693, 26.737, 27.355, 28.159, 28.667, 29.217, 29.729, 29.964, 30.426, 31.079, 31.203, 31.239, 31.711, 32.281, 32.755, 33.149, 33.732, 34.477, 34.866, 34.814, 34.754, 35.098, 35.57, 35.521, 35.152, 34.921, 34.589, 34.338, 34.548, 34.711, 34.652, 34.577, 34.194, 33.388, 33.122, 33.249, 33.242, 33.266, 33.548, 33.916, 34.027, 33.79, 33.302, 33.127, 33.318, 33.077, 32.819, 33.317, 33.728, 33.612, 33.356, 33.659, 33.968, 33.987, 33.922, 33.854, 33.82, 33.952, 34.111, 34.115, 34.458, 35.525, 36.569, 37.015, 37.344, 37.15, 36.249, 36.047, 36.14, 35.675, 35.489, 35.936, 36.248, 36.573, 36.445, 35.967, 35.98, 36.469, 36.755, 37.175, 38.126, 38.674, 38.177, 37.597, 37.769, 37.923, 37.327, 36.602, 36.697, 37.067, 36.589, 35.817, 34.988, 34.841, 35.175, 34.814, 34.688, 35.067, 35.147, 35.245, 35.042, 34.301, 34.113, 34.311, 34.243, 34.334, 34.693, 34.908, 35.643, 36.46, 36.47, 36.252, 36.343, 36.281, 35.894, 35.82, 36.012, 34.493], [36.527, 36.22, 35.67, 35.916, 36.27, 36.37, 36.33, 36.468, 36.732, 36.908, 36.781, 36.402, 36.08, 35.427, 33.756, 31.438, 29.36, 27.458, 26.021, 25.332, 24.365, 21.003, 12.543, 0.0, 10.181, 14.108, 16.254, 19.013, 21.341, 22.788, 23.939, 24.678, 25.457, 26.145, 26.623, 27.451, 28.382, 28.647, 28.864, 29.514, 30.199, 30.854, 31.513, 32.397, 33.42, 33.944, 33.899, 33.794, 34.172, 34.697, 34.616, 34.178, 33.968, 33.68, 33.423, 33.592, 33.729, 33.668, 33.576, 33.118, 32.256, 32.011, 32.193, 32.218, 32.283, 32.61, 33.035, 33.174, 32.9, 32.363, 32.198, 32.407, 32.181, 31.941, 32.481, 32.985, 32.864, 32.511, 32.753, 33.027, 32.977, 32.856, 32.745, 32.78, 33.101, 33.295, 33.263, 33.764, 35.083, 36.26, 36.724, 37.051, 36.867, 35.999, 35.916, 36.069, 35.576, 35.365, 35.769, 36.066, 36.381, 36.171, 35.675, 35.913, 36.663, 37.148, 37.785, 38.904, 39.507, 38.958, 38.296, 38.443, 38.572, 37.856, 36.978, 37.002, 37.341, 36.852, 36.097, 35.29, 35.102, 35.384, 35.054, 34.963, 35.312, 35.419, 35.61, 35.378, 34.3, 33.783, 33.764, 33.417, 33.261, 33.545, 33.818, 34.619, 35.504, 35.556, 35.334, 35.411, 35.365, 35.046, 35.042, 35.203, 35.759], [37.925, 37.86, 37.543, 37.722, 37.985, 38.078, 38.028, 38.142, 38.392, 38.61, 38.588, 38.346, 38.127, 37.584, 36.21, 34.38, 32.771, 31.253, 30.04, 29.524, 29.022, 26.709, 20.349, 10.181, 0.0, 6.441, 10.984, 14.878, 18.313, 20.65, 22.175, 23.068, 24.021, 24.822, 25.484, 26.644, 27.823, 28.218, 28.558, 29.336, 30.136, 30.917, 31.74, 32.79, 33.93, 34.505, 34.483, 34.358, 34.721, 35.255, 35.2, 34.787, 34.616, 34.373, 34.126, 34.283, 34.443, 34.418, 34.335, 33.909, 33.15, 32.956, 33.133, 33.149, 33.21, 33.529, 33.951, 34.095, 33.854, 33.387, 33.261, 33.462, 33.273, 33.089, 33.621, 34.122, 34.016, 33.631, 33.789, 34.005, 33.927, 33.797, 33.698, 33.755, 34.076, 34.232, 34.174, 34.694, 36.021, 37.179, 37.628, 37.93, 37.753, 36.961, 36.922, 37.071, 36.59, 36.411, 36.8, 37.025, 37.264, 37.041, 36.597, 36.901, 37.693, 38.215, 38.882, 39.974, 40.551, 40.02, 39.367, 39.485, 39.606, 38.912, 38.056, 38.029, 38.309, 37.871, 37.226, 36.546, 36.347, 36.58, 36.289, 36.191, 36.486, 36.6, 36.806, 36.548, 35.411, 34.853, 34.769, 34.328, 34.027, 34.196, 34.474, 35.262, 36.13, 36.213, 35.991, 36.036, 35.995, 35.716, 35.724, 35.858, 37.213], [38.014, 37.95, 37.668, 37.898, 38.183, 38.29, 38.254, 38.36, 38.59, 38.821, 38.843, 38.657, 38.475, 37.936, 36.596, 34.889, 33.457, 32.137, 31.116, 30.737, 30.319, 28.155, 22.462, 14.108, 6.441, 0.0, 6.687, 12.359, 16.515, 19.149, 20.951, 22.099, 23.269, 24.244, 25.012, 26.191, 27.356, 27.764, 28.164, 29.021, 29.874, 30.689, 31.571, 32.716, 33.935, 34.532, 34.532, 34.438, 34.802, 35.339, 35.331, 34.966, 34.801, 34.551, 34.307, 34.475, 34.627, 34.593, 34.5, 34.06, 33.309, 33.142, 33.359, 33.392, 33.447, 33.761, 34.184, 34.313, 34.049, 33.551, 33.401, 33.61, 33.417, 33.244, 33.836, 34.37, 34.266, 33.864, 34.022, 34.237, 34.146, 34.016, 33.934, 33.992, 34.286, 34.409, 34.331, 34.866, 36.217, 37.37, 37.807, 38.102, 37.917, 37.097, 37.023, 37.129, 36.642, 36.523, 36.944, 37.112, 37.279, 37.055, 36.64, 36.936, 37.713, 38.233, 38.878, 39.944, 40.512, 39.999, 39.372, 39.497, 39.627, 38.963, 38.131, 38.087, 38.356, 37.941, 37.302, 36.584, 36.394, 36.679, 36.393, 36.286, 36.593, 36.722, 36.93, 36.625, 35.441, 34.903, 34.837, 34.365, 34.01, 34.151, 34.44, 35.242, 36.12, 36.229, 36.026, 36.086, 36.056, 35.781, 35.788, 35.92, 37.322], [37.893, 37.903, 37.65, 37.931, 38.289, 38.433, 38.407, 38.528, 38.771, 39.018, 39.078, 38.929, 38.757, 38.223, 36.913, 35.271, 33.909, 32.683, 31.791, 31.535, 31.264, 29.285, 23.83, 16.254, 10.984, 6.687, 0.0, 7.571, 13.283, 16.454, 18.466, 19.919, 21.388, 22.618, 23.617, 24.944, 26.168, 26.636, 27.181, 28.221, 29.174, 30.043, 31.008, 32.297, 33.67, 34.329, 34.354, 34.299, 34.681, 35.214, 35.208, 34.866, 34.719, 34.476, 34.254, 34.425, 34.539, 34.472, 34.379, 33.927, 33.136, 32.941, 33.185, 33.259, 33.318, 33.621, 34.051, 34.175, 33.882, 33.349, 33.178, 33.386, 33.173, 32.96, 33.577, 34.143, 34.039, 33.637, 33.824, 34.055, 33.941, 33.783, 33.708, 33.766, 34.029, 34.125, 34.034, 34.591, 35.999, 37.179, 37.607, 37.897, 37.705, 36.839, 36.731, 36.816, 36.32, 36.225, 36.651, 36.807, 36.969, 36.749, 36.347, 36.682, 37.506, 38.049, 38.702, 39.779, 40.343, 39.817, 39.183, 39.307, 39.429, 38.737, 37.881, 37.847, 38.143, 37.727, 37.039, 36.24, 36.066, 36.425, 36.147, 36.076, 36.447, 36.598, 36.802, 36.461, 35.217, 34.634, 34.556, 34.06, 33.69, 33.851, 34.165, 34.977, 35.859, 35.983, 35.805, 35.895, 35.885, 35.611, 35.625, 35.75, 37.118], [37.921, 38.02, 37.821, 38.116, 38.513, 38.69, 38.676, 38.802, 39.045, 39.31, 39.408, 39.276, 39.088, 38.568, 37.322, 35.761, 34.478, 33.386, 32.651, 32.482, 32.31, 30.601, 25.693, 19.013, 14.878, 12.359, 7.571, 0.0, 7.367, 12.1, 14.781, 16.542, 18.509, 20.198, 21.556, 23.277, 24.795, 25.465, 26.226, 27.49, 28.566, 29.49, 30.506, 31.898, 33.42, 34.171, 34.22, 34.176, 34.58, 35.137, 35.138, 34.789, 34.636, 34.409, 34.242, 34.451, 34.56, 34.481, 34.396, 33.945, 33.111, 32.872, 33.102, 33.2, 33.274, 33.58, 34.014, 34.132, 33.822, 33.277, 33.11, 33.328, 33.097, 32.841, 33.447, 34.022, 33.924, 33.522, 33.696, 33.919, 33.805, 33.656, 33.619, 33.685, 33.903, 33.967, 33.882, 34.46, 35.87, 36.998, 37.373, 37.645, 37.443, 36.587, 36.53, 36.653, 36.163, 36.078, 36.518, 36.712, 36.948, 36.768, 36.364, 36.715, 37.573, 38.132, 38.773, 39.834, 40.369, 39.812, 39.163, 39.297, 39.413, 38.699, 37.851, 37.859, 38.18, 37.753, 37.013, 36.148, 35.968, 36.335, 36.064, 36.019, 36.419, 36.581, 36.799, 36.499, 35.313, 34.733, 34.625, 34.116, 33.775, 33.964, 34.268, 35.068, 35.951, 36.069, 35.89, 36.007, 36.037, 35.785, 35.802, 35.917, 37.122], [37.603, 37.711, 37.57, 37.909, 38.327, 38.524, 38.537, 38.673, 38.906, 39.165, 39.269, 39.131, 38.888, 38.325, 37.07, 35.535, 34.322, 33.378, 32.812, 32.718, 32.619, 31.093, 26.737, 21.341, 18.313, 16.515, 13.283, 7.367, 0.0, 6.407, 10.736, 13.412, 16.117, 18.432, 20.168, 22.142, 23.849, 24.702, 25.688, 27.124, 28.239, 29.123, 30.055, 31.396, 32.984, 33.83, 33.894, 33.852, 34.28, 34.873, 34.899, 34.522, 34.311, 34.082, 33.999, 34.3, 34.439, 34.347, 34.247, 33.774, 32.881, 32.62, 32.861, 32.984, 33.075, 33.395, 33.835, 33.948, 33.626, 33.044, 32.87, 33.11, 32.853, 32.56, 33.191, 33.765, 33.645, 33.247, 33.427, 33.65, 33.547, 33.421, 33.406, 33.452, 33.612, 33.627, 33.538, 34.13, 35.52, 36.59, 36.92, 37.175, 36.955, 36.113, 36.138, 36.33, 35.887, 35.859, 36.377, 36.652, 36.965, 36.8, 36.352, 36.653, 37.494, 38.052, 38.671, 39.709, 40.215, 39.623, 38.979, 39.158, 39.283, 38.561, 37.751, 37.812, 38.156, 37.713, 36.903, 35.924, 35.701, 36.072, 35.795, 35.725, 36.105, 36.248, 36.473, 36.241, 35.19, 34.679, 34.559, 34.053, 33.779, 34.016, 34.293, 35.089, 35.973, 36.065, 35.881, 36.032, 36.094, 35.866, 35.898, 36.018, 36.874], [37.211, 37.33, 37.251, 37.661, 38.128, 38.349, 38.379, 38.533, 38.758, 38.982, 39.061, 38.899, 38.599, 37.98, 36.685, 35.142, 33.986, 33.13, 32.621, 32.579, 32.634, 31.332, 27.355, 22.788, 20.65, 19.149, 16.454, 12.1, 6.407, 0.0, 5.927, 10.476, 14.341, 17.265, 19.378, 21.482, 23.223, 24.154, 25.315, 26.89, 28.025, 28.854, 29.702, 31.004, 32.671, 33.611, 33.694, 33.672, 34.125, 34.73, 34.77, 34.391, 34.143, 33.903, 33.883, 34.255, 34.419, 34.316, 34.194, 33.705, 32.794, 32.505, 32.755, 32.912, 33.007, 33.315, 33.756, 33.873, 33.533, 32.918, 32.736, 32.98, 32.713, 32.421, 33.069, 33.633, 33.485, 33.089, 33.285, 33.518, 33.407, 33.249, 33.214, 33.248, 33.346, 33.29, 33.172, 33.768, 35.183, 36.29, 36.642, 36.899, 36.671, 35.829, 35.909, 36.173, 35.781, 35.782, 36.364, 36.711, 37.072, 36.9, 36.413, 36.694, 37.526, 38.058, 38.646, 39.682, 40.191, 39.584, 38.943, 39.143, 39.255, 38.509, 37.693, 37.74, 38.079, 37.626, 36.788, 35.737, 35.471, 35.853, 35.573, 35.475, 35.837, 35.956, 36.154, 35.923, 34.946, 34.502, 34.404, 33.912, 33.708, 33.996, 34.264, 35.073, 35.951, 36.004, 35.82, 36.023, 36.115, 35.899, 35.957, 36.084, 36.546], [37.314, 37.447, 37.368, 37.786, 38.274, 38.513, 38.541, 38.705, 38.944, 39.186, 39.29, 39.132, 38.825, 38.21, 36.922, 35.378, 34.245, 33.391, 32.807, 32.759, 32.959, 31.872, 28.159, 23.939, 22.175, 20.951, 18.466, 14.781, 10.736, 5.927, 0.0, 6.228, 11.659, 15.392, 17.985, 20.454, 22.39, 23.422, 24.678, 26.348, 27.564, 28.456, 29.364, 30.771, 32.596, 33.646, 33.753, 33.742, 34.214, 34.824, 34.865, 34.524, 34.323, 34.096, 34.089, 34.489, 34.677, 34.587, 34.467, 33.985, 33.069, 32.744, 32.985, 33.156, 33.25, 33.537, 33.969, 34.086, 33.733, 33.106, 32.913, 33.137, 32.887, 32.641, 33.286, 33.845, 33.707, 33.303, 33.463, 33.693, 33.575, 33.364, 33.308, 33.358, 33.443, 33.35, 33.197, 33.793, 35.285, 36.489, 36.878, 37.14, 36.917, 36.08, 36.197, 36.52, 36.124, 36.072, 36.646, 37.023, 37.413, 37.24, 36.741, 37.054, 37.894, 38.384, 38.953, 40.007, 40.53, 39.912, 39.253, 39.439, 39.534, 38.755, 37.885, 37.876, 38.193, 37.738, 36.909, 35.87, 35.595, 35.954, 35.675, 35.599, 35.97, 36.085, 36.265, 36.014, 35.039, 34.614, 34.553, 34.082, 33.902, 34.201, 34.468, 35.292, 36.166, 36.18, 35.99, 36.228, 36.347, 36.134, 36.204, 36.331, 36.658], [37.639, 37.778, 37.642, 37.993, 38.451, 38.686, 38.707, 38.88, 39.155, 39.455, 39.615, 39.49, 39.213, 38.636, 37.377, 35.827, 34.652, 33.721, 33.039, 32.954, 33.171, 32.175, 28.667, 24.678, 23.068, 22.099, 19.919, 16.542, 13.412, 10.476, 6.228, 0.0, 6.607, 11.561, 15.062, 18.276, 20.686, 21.967, 23.351, 25.134, 26.531, 27.656, 28.778, 30.355, 32.337, 33.499, 33.621, 33.582, 34.053, 34.673, 34.712, 34.412, 34.306, 34.157, 34.185, 34.602, 34.815, 34.767, 34.693, 34.244, 33.324, 32.98, 33.221, 33.392, 33.486, 33.773, 34.199, 34.318, 33.977, 33.387, 33.215, 33.419, 33.182, 32.973, 33.601, 34.135, 34.005, 33.585, 33.686, 33.902, 33.786, 33.555, 33.491, 33.55, 33.648, 33.557, 33.382, 33.958, 35.486, 36.749, 37.152, 37.416, 37.195, 36.353, 36.496, 36.879, 36.467, 36.324, 36.839, 37.24, 37.675, 37.49, 36.966, 37.313, 38.162, 38.629, 39.219, 40.298, 40.814, 40.181, 39.499, 39.672, 39.768, 38.962, 38.047, 38.043, 38.396, 37.933, 37.093, 36.093, 35.795, 36.102, 35.846, 35.839, 36.228, 36.356, 36.557, 36.32, 35.343, 34.904, 34.857, 34.397, 34.2, 34.477, 34.725, 35.527, 36.382, 36.374, 36.175, 36.418, 36.561, 36.366, 36.434, 36.557, 36.951], [38.102, 38.262, 38.112, 38.395, 38.82, 39.043, 39.057, 39.255, 39.566, 39.885, 40.066, 39.959, 39.711, 39.169, 37.934, 36.385, 35.156, 34.151, 33.441, 33.34, 33.49, 32.523, 29.217, 25.457, 24.021, 23.269, 21.388, 18.509, 16.117, 14.341, 11.659, 6.607, 0.0, 6.153, 11.219, 15.57, 18.563, 20.228, 21.882, 23.856, 25.491, 26.921, 28.295, 30.0, 32.054, 33.299, 33.446, 33.361, 33.801, 34.427, 34.461, 34.205, 34.228, 34.223, 34.336, 34.757, 34.981, 35.004, 35.021, 34.659, 33.801, 33.463, 33.675, 33.836, 33.933, 34.218, 34.635, 34.758, 34.449, 33.934, 33.818, 34.007, 33.78, 33.594, 34.16, 34.639, 34.514, 34.081, 34.109, 34.301, 34.199, 33.972, 33.913, 33.987, 34.098, 34.015, 33.834, 34.378, 35.879, 37.132, 37.528, 37.787, 37.575, 36.743, 36.897, 37.325, 36.908, 36.689, 37.13, 37.551, 38.037, 37.85, 37.308, 37.674, 38.537, 39.001, 39.609, 40.687, 41.184, 40.542, 39.856, 40.026, 40.134, 39.323, 38.405, 38.459, 38.872, 38.411, 37.576, 36.622, 36.273, 36.524, 36.31, 36.354, 36.742, 36.884, 37.106, 36.887, 35.922, 35.443, 35.35, 34.883, 34.668, 34.911, 35.126, 35.885, 36.714, 36.704, 36.496, 36.733, 36.91, 36.754, 36.822, 36.932, 37.39], [38.349, 38.518, 38.382, 38.644, 39.056, 39.277, 39.29, 39.498, 39.818, 40.129, 40.297, 40.189, 39.955, 39.428, 38.206, 36.683, 35.46, 34.445, 33.778, 33.703, 33.798, 32.855, 29.729, 26.145, 24.822, 24.244, 22.618, 20.198, 18.432, 17.265, 15.392, 11.561, 6.153, 0.0, 6.562, 12.51, 16.316, 18.361, 20.272, 22.491, 24.396, 26.097, 27.661, 29.452, 31.556, 32.875, 33.058, 32.946, 33.366, 34.004, 34.036, 33.841, 34.012, 34.123, 34.284, 34.712, 34.96, 35.054, 35.171, 34.903, 34.119, 33.811, 34.0, 34.133, 34.232, 34.522, 34.935, 35.057, 34.752, 34.276, 34.201, 34.382, 34.167, 34.001, 34.493, 34.923, 34.807, 34.362, 34.327, 34.502, 34.419, 34.201, 34.158, 34.271, 34.404, 34.331, 34.148, 34.687, 36.178, 37.403, 37.774, 38.025, 37.824, 37.001, 37.148, 37.576, 37.141, 36.876, 37.269, 37.706, 38.226, 38.046, 37.51, 37.874, 38.738, 39.206, 39.824, 40.898, 41.383, 40.729, 40.043, 40.215, 40.33, 39.524, 38.616, 38.696, 39.13, 38.678, 37.873, 36.964, 36.59, 36.822, 36.622, 36.656, 37.029, 37.17, 37.371, 37.148, 36.204, 35.712, 35.582, 35.114, 34.905, 35.13, 35.33, 36.084, 36.929, 36.936, 36.723, 36.947, 37.134, 36.999, 37.062, 37.165, 37.63], [38.073, 38.199, 38.048, 38.317, 38.738, 38.982, 39.004, 39.209, 39.539, 39.87, 40.052, 39.959, 39.737, 39.214, 38.007, 36.551, 35.417, 34.482, 33.92, 33.908, 33.952, 32.97, 29.964, 26.623, 25.484, 25.012, 23.617, 21.556, 20.168, 19.378, 17.985, 15.062, 11.219, 6.562, 0.0, 7.4, 12.557, 15.271, 17.369, 19.822, 22.107, 24.177, 25.968, 27.905, 30.163, 31.623, 31.872, 31.778, 32.222, 32.899, 32.94, 32.81, 33.124, 33.321, 33.515, 33.977, 34.265, 34.417, 34.617, 34.422, 33.704, 33.494, 33.726, 33.844, 33.952, 34.252, 34.661, 34.776, 34.453, 33.947, 33.87, 34.056, 33.838, 33.689, 34.161, 34.593, 34.488, 34.035, 33.973, 34.155, 34.089, 33.877, 33.842, 33.986, 34.155, 34.097, 33.922, 34.507, 36.041, 37.277, 37.65, 37.904, 37.702, 36.854, 36.953, 37.326, 36.848, 36.546, 36.912, 37.342, 37.86, 37.67, 37.144, 37.504, 38.354, 38.832, 39.467, 40.548, 41.027, 40.336, 39.624, 39.799, 39.912, 39.104, 38.201, 38.282, 38.718, 38.275, 37.476, 36.558, 36.181, 36.427, 36.206, 36.202, 36.578, 36.704, 36.866, 36.641, 35.716, 35.243, 35.122, 34.667, 34.488, 34.736, 34.96, 35.764, 36.664, 36.69, 36.474, 36.692, 36.865, 36.715, 36.761, 36.878, 37.331], [37.747, 37.815, 37.647, 37.935, 38.375, 38.649, 38.69, 38.899, 39.25, 39.628, 39.861, 39.808, 39