[[0.0, 10.552, 27.124, 32.313, 33.94, 34.883, 34.873, 34.993, 35.991, 37.398, 38.498, 38.887, 39.03, 39.521, 39.887, 39.946, 40.226, 40.161, 40.54, 41.038, 41.158, 41.53, 41.417, 41.195, 41.359, 41.252, 41.204, 41.408, 41.455, 41.437, 41.441, 41.328, 41.434, 41.854, 42.395, 42.585, 42.731, 42.747, 42.383, 42.523, 42.049, 42.01, 42.449, 42.33, 42.457, 42.595, 41.99, 41.786, 41.385, 41.298, 40.805, 40.806, 41.337, 41.301, 41.459, 42.675, 43.757, 43.711, 44.213, 46.192, 47.356, 47.179, 47.439, 47.657, 47.66, 47.781, 47.531, 47.405, 47.778, 47.714, 47.814, 48.655, 49.302, 48.137, 47.711, 49.772, 48.976, 46.604, 45.566, 43.708, 43.28, 48.877, 51.686, 50.579, 51.919, 51.381, 48.965, 48.917, 48.144, 46.97, 46.422, 45.696, 45.63, 46.214, 46.596, 45.399, 44.671, 44.264, 11.747], [10.552, 0.0, 19.115, 26.198, 28.626, 29.941, 29.997, 30.395, 31.718, 33.257, 34.567, 35.076, 35.308, 35.85, 36.278, 36.543, 37.042, 37.006, 37.44, 38.027, 38.215, 38.718, 38.519, 38.181, 38.359, 38.142, 37.906, 38.126, 38.144, 38.082, 38.1, 37.926, 38.098, 38.731, 39.441, 39.606, 39.638, 39.59, 39.142, 39.384, 38.782, 38.732, 39.284, 39.182, 39.442, 39.511, 38.789, 38.457, 37.927, 38.11, 37.536, 37.642, 38.418, 38.244, 38.486, 40.224, 41.847, 41.769, 42.229, 44.707, 46.218, 45.936, 46.215, 46.455, 46.382, 46.485, 46.228, 46.086, 46.458, 46.409, 46.55, 47.52, 48.345, 46.999, 46.581, 49.008, 48.049, 45.347, 44.044, 41.562, 41.092, 48.287, 51.624, 50.458, 52.068, 51.391, 48.533, 48.352, 47.299, 45.61, 44.884, 43.955, 43.8, 44.408, 44.815, 43.349, 42.434, 41.932, 13.887], [27.124, 19.115, 0.0, 13.076, 19.477, 22.259, 22.669, 24.011, 26.363, 28.377, 30.044, 30.875, 31.631, 32.451, 32.817, 33.568, 34.422, 34.272, 34.837, 35.48, 35.57, 36.115, 35.764, 35.252, 35.403, 35.044, 34.582, 34.827, 34.793, 34.657, 34.706, 34.559, 34.915, 35.83, 36.782, 36.868, 36.657, 36.422, 35.725, 36.078, 35.305, 35.278, 36.045, 36.112, 36.664, 36.618, 35.8, 35.184, 34.454, 35.089, 34.441, 34.838, 35.985, 35.657, 36.037, 38.513, 40.973, 40.709, 41.05, 44.325, 46.406, 45.954, 46.282, 46.57, 46.386, 46.504, 46.285, 46.119, 46.468, 46.482, 46.649, 47.802, 48.947, 47.29, 46.834, 49.651, 48.349, 45.038, 43.336, 40.048, 39.545, 49.483, 53.52, 52.198, 54.047, 53.07, 49.529, 49.108, 47.644, 45.149, 44.118, 42.93, 42.683, 43.362, 43.791, 41.914, 40.737, 40.095, 27.777], [32.313, 26.198, 13.076, 0.0, 10.549, 15.924, 17.357, 19.62, 22.833, 25.261, 27.113, 28.17, 29.365, 30.592, 31.122, 32.178, 33.275, 33.189, 34.022, 34.896, 35.186, 35.919, 35.582, 35.003, 35.111, 34.687, 34.129, 34.327, 34.278, 34.135, 34.162, 34.003, 34.426, 35.367, 36.378, 36.516, 36.318, 36.01, 35.159, 35.477, 34.579, 34.608, 35.59, 35.758, 36.343, 36.322, 35.506, 34.863, 34.033, 34.624, 33.969, 34.405, 35.386, 34.905, 35.385, 37.741, 40.325, 40.147, 40.528, 43.985, 46.24, 45.779, 46.169, 46.553, 46.358, 46.463, 46.244, 46.088, 46.481, 46.559, 46.769, 47.966, 49.225, 47.546, 46.989, 49.986, 48.779, 45.283, 43.458, 39.981, 39.453, 50.134, 54.341, 52.969, 54.872, 53.783, 49.935, 49.44, 47.983, 45.291, 44.152, 42.903, 42.675, 43.496, 44.005, 42.074, 40.831, 40.196, 32.487], [33.94, 28.626, 19.477, 10.549, 0.0, 7.958, 11.687, 14.882, 18.553, 21.474, 23.758, 25.06, 26.505, 28.141, 28.947, 30.238, 31.625, 31.775, 32.933, 34.008, 34.413, 35.354, 35.124, 34.571, 34.813, 34.477, 33.903, 34.047, 33.977, 33.862, 33.901, 33.708, 34.113, 35.023, 36.009, 36.153, 35.991, 35.688, 34.79, 35.077, 34.162, 34.305, 35.432, 35.624, 36.151, 36.154, 35.372, 34.845, 34.039, 34.558, 33.915, 34.244, 34.956, 34.373, 34.866, 36.883, 39.477, 39.474, 39.88, 43.348, 45.669, 45.234, 45.662, 46.12, 45.944, 46.018, 45.771, 45.62, 46.023, 46.082, 46.307, 47.482, 48.745, 47.109, 46.453, 49.528, 48.521, 45.139, 43.286, 39.726, 39.249, 49.854, 54.007, 52.688, 54.703, 53.605, 49.658, 49.145, 47.753, 45.061, 43.915, 42.65, 42.399, 43.279, 43.85, 41.941, 40.675, 40.075, 33.687], [34.883, 29.941, 22.259, 15.924, 7.958, 0.0, 6.398, 11.415, 15.822, 19.338, 21.986, 23.43, 25.027, 26.901, 27.841, 29.288, 30.799, 31.064, 32.426, 33.491, 33.813, 34.809, 34.655, 34.121, 34.439, 34.245, 33.746, 33.894, 33.777, 33.66, 33.713, 33.48, 33.84, 34.756, 35.76, 35.898, 35.745, 35.458, 34.588, 34.902, 34.02, 34.24, 35.417, 35.626, 36.166, 36.168, 35.387, 34.889, 34.06, 34.552, 33.915, 34.208, 34.916, 34.32, 34.768, 36.741, 39.292, 39.244, 39.652, 43.146, 45.435, 44.971, 45.405, 45.872, 45.723, 45.824, 45.57, 45.405, 45.805, 45.804, 45.989, 47.144, 48.329, 46.631, 45.975, 49.054, 48.084, 44.916, 43.237, 39.636, 39.185, 49.781, 53.944, 52.675, 54.712, 53.55, 49.571, 49.051, 47.631, 44.9, 43.709, 42.431, 42.188, 43.107, 43.706, 41.752, 40.462, 39.86, 34.399], [34.873, 29.997, 22.669, 17.357, 11.687, 6.398, 0.0, 7.105, 13.667, 18.167, 21.014, 22.539, 24.262, 26.204, 27.186, 28.664, 30.166, 30.451, 31.954, 33.031, 33.376, 34.427, 34.308, 33.782, 34.074, 33.838, 33.343, 33.55, 33.441, 33.297, 33.357, 33.119, 33.462, 34.404, 35.461, 35.609, 35.445, 35.174, 34.291, 34.617, 33.713, 33.943, 35.169, 35.393, 35.961, 35.946, 35.117, 34.553, 33.652, 34.15, 33.501, 33.861, 34.684, 34.056, 34.476, 36.641, 39.213, 39.078, 39.464, 43.037, 45.385, 44.911, 45.339, 45.824, 45.665, 45.762, 45.519, 45.346, 45.726, 45.697, 45.876, 47.05, 48.201, 46.427, 45.785, 48.916, 47.86, 44.607, 42.941, 39.373, 38.911, 49.749, 54.034, 52.795, 54.839, 53.637, 49.622, 49.095, 47.631, 44.828, 43.625, 42.321, 42.077, 42.984, 43.568, 41.571, 40.244, 39.633, 34.334], [34.993, 30.395, 24.011, 19.62, 14.882, 11.415, 7.105, 0.0, 9.089, 15.76, 19.333, 21.145, 23.177, 25.384, 26.503, 27.979, 29.456, 29.785, 31.525, 32.634, 32.983, 34.132, 34.069, 33.554, 33.926, 33.722, 33.2, 33.402, 33.3, 33.157, 33.225, 32.961, 33.279, 34.234, 35.291, 35.446, 35.29, 35.037, 34.141, 34.474, 33.556, 33.771, 35.032, 35.257, 35.835, 35.843, 34.992, 34.422, 33.583, 34.098, 33.435, 33.787, 34.605, 33.925, 34.346, 36.586, 39.111, 38.951, 39.318, 42.883, 45.247, 44.77, 45.204, 45.72, 45.569, 45.663, 45.439, 45.261, 45.625, 45.584, 45.764, 46.94, 48.05, 46.232, 45.553, 48.682, 47.568, 44.275, 42.597, 39.082, 38.682, 49.646, 53.973, 52.753, 54.814, 53.632, 49.636, 49.116, 47.628, 44.806, 43.608, 42.301, 42.067, 42.962, 43.527, 41.513, 40.167, 39.557, 34.404], [35.991, 31.718, 26.363, 22.833, 18.553, 15.822, 13.667, 9.089, 0.0, 9.634, 15.513, 18.003, 20.672, 23.516, 24.905, 26.633, 28.257, 28.762, 30.773, 31.932, 32.422, 33.707, 33.663, 33.15, 33.672, 33.583, 33.034, 33.21, 33.119, 33.031, 33.144, 32.868, 33.188, 34.163, 35.205, 35.377, 35.23, 34.958, 34.049, 34.371, 33.428, 33.684, 34.989, 35.229, 35.853, 35.885, 35.031, 34.425, 33.553, 34.102, 33.416, 33.732, 34.495, 33.803, 34.286, 36.532, 39.049, 38.872, 39.258, 42.902, 45.279, 44.758, 45.194, 45.737, 45.596, 45.681, 45.456, 45.275, 45.643, 45.59, 45.757, 46.939, 48.023, 46.154, 45.414, 48.519, 47.415, 44.141, 42.421, 38.854, 38.491, 49.552, 53.88, 52.606, 54.693, 53.549, 49.601, 49.1, 47.588, 44.77, 43.555, 42.21, 41.977, 42.873, 43.418, 41.365, 39.985, 39.363, 35.256], [37.398, 33.257, 28.377, 25.261, 21.474, 19.338, 18.167, 15.76, 9.634, 0.0, 8.638, 13.027, 17.072, 21.035, 22.708, 24.684, 26.517, 27.243, 29.68, 31.084, 31.791, 33.219, 33.211, 32.734, 33.366, 33.37, 32.783, 32.927, 32.847, 32.834, 33.02, 32.796, 33.151, 34.12, 35.141, 35.338, 35.205, 34.906, 33.982, 34.289, 33.335, 33.613, 34.853, 35.066, 35.737, 35.791, 34.969, 34.339, 33.366, 33.946, 33.252, 33.571, 34.33, 33.695, 34.285, 36.405, 38.836, 38.669, 39.034, 42.702, 45.121, 44.579, 44.979, 45.511, 45.372, 45.455, 45.224, 45.037, 45.419, 45.359, 45.516, 46.715, 47.799, 45.962, 45.233, 48.334, 47.308, 44.078, 42.296, 38.653, 38.33, 49.337, 53.671, 52.453, 54.609, 53.491, 49.556, 49.058, 47.541, 44.743, 43.523, 42.148, 41.939, 42.851, 43.369, 41.323, 39.952, 39.328, 36.469], [38.498, 34.567, 30.044, 27.113, 23.758, 21.986, 21.014, 19.333, 15.513, 8.638, 0.0, 7.254, 13.933, 19.148, 21.098, 23.219, 25.314, 26.337, 29.252, 30.876, 31.619, 33.124, 33.188, 32.766, 33.477, 33.58, 33.017, 33.148, 33.09, 33.115, 33.342, 33.173, 33.484, 34.381, 35.367, 35.561, 35.42, 35.1, 34.168, 34.488, 33.567, 33.74, 34.889, 35.119, 35.827, 35.939, 35.139, 34.52, 33.546, 34.097, 33.451, 33.83, 34.585, 33.981, 34.569, 36.535, 38.842, 38.706, 39.053, 42.659, 45.072, 44.537, 44.905, 45.395, 45.261, 45.365, 45.139, 44.95, 45.327, 45.239, 45.362, 46.541, 47.587, 45.799, 45.144, 48.196, 47.22, 44.068, 42.263, 38.684, 38.441, 49.22, 53.553, 52.42, 54.555, 53.43, 49.488, 48.99, 47.503, 44.765, 43.558, 42.222, 42.062, 42.996, 43.515, 41.519, 40.209, 39.601, 37.516], [38.887, 35.076, 30.875, 28.17, 25.06, 23.43, 22.539, 21.145, 18.003, 13.027, 7.254, 0.0, 9.316, 16.282, 18.656, 21.256, 23.971, 25.335, 28.603, 30.4, 31.169, 32.814, 32.956, 32.571, 33.352, 33.521, 32.968, 33.119, 33.064, 33.091, 33.328, 33.173, 33.454, 34.319, 35.3, 35.486, 35.341, 35.033, 34.102, 34.44, 33.523, 33.625, 34.788, 35.09, 35.817, 35.954, 35.155, 34.564, 33.57, 34.109, 33.49, 33.905, 34.644, 34.045, 34.597, 36.5, 38.814, 38.704, 39.092, 42.732, 45.118, 44.573, 44.956, 45.44, 45.319, 45.449, 45.234, 45.056, 45.436, 45.316, 45.419, 46.584, 47.621, 45.861, 45.266, 48.306, 47.37, 44.253, 42.422, 38.76, 38.599, 49.395, 53.652, 52.436, 54.536, 53.421, 49.469, 48.959, 47.482, 44.751, 43.535, 42.206, 42.065, 43.008, 43.517, 41.514, 40.218, 39.607, 37.894], [39.03, 35.308, 31.631, 29.365, 26.505, 25.027, 24.262, 23.177, 20.672, 17.072, 13.933, 9.316, 0.0, 9.353, 13.663, 17.078, 20.531, 22.623, 26.752, 29.017, 30.164, 32.26, 32.644, 32.364, 33.172, 33.347, 32.815, 33.027, 33.005, 33.026, 33.258, 33.126, 33.436, 34.316, 35.291, 35.462, 35.33, 35.061, 34.138, 34.46, 33.514, 33.619, 34.897, 35.299, 35.978, 36.091, 35.275, 34.725, 33.629, 34.093, 33.51, 33.893, 34.559, 33.92, 34.385, 36.194, 38.554, 38.522, 38.902, 42.537, 44.951, 44.443, 44.851, 45.362, 45.245, 45.358, 45.14, 44.974, 45.352, 45.213, 45.322, 46.474, 47.561, 45.849, 45.229, 48.319, 47.479, 44.299, 42.367, 38.638, 38.584, 49.44, 53.609, 52.284, 54.386, 53.316, 49.389, 48.891, 47.458, 44.749, 43.539, 42.212, 42.048, 42.975, 43.491, 41.521, 40.232, 39.615, 37.892], [39.521, 35.85, 32.451, 30.592, 28.141, 26.901, 26.204, 25.384, 23.516, 21.035, 19.148, 16.282, 9.353, 0.0, 7.997, 13.73, 17.588, 20.363, 25.349, 28.159, 29.77, 32.155, 32.686, 32.454, 33.206, 33.285, 32.732, 33.007, 33.026, 33.056, 33.289, 33.187, 33.531, 34.487, 35.533, 35.7, 35.55, 35.306, 34.36, 34.661, 33.676, 33.781, 35.127, 35.56, 36.197, 36.266, 35.415, 34.857, 33.726, 34.147, 33.558, 33.931, 34.566, 33.901, 34.288, 36.147, 38.66, 38.697, 39.061, 42.754, 45.292, 44.841, 45.263, 45.789, 45.652, 45.737, 45.509, 45.342, 45.723, 45.605, 45.736, 46.9, 48.048, 46.411, 45.756, 48.884, 48.089, 44.7, 42.581, 38.835, 38.702, 49.551, 53.683, 52.294, 54.419, 53.379, 49.478, 48.983, 47.565, 44.864, 43.661, 42.34, 42.146, 43.037, 43.566, 41.609, 40.311, 39.701, 38.261], [39.887, 36.278, 32.817, 31.122, 28.947, 27.841, 27.186, 26.503, 24.905, 22.708, 21.098, 18.656, 13.663, 7.997, 0.0, 9.27, 15.309, 18.874, 24.546, 27.635, 29.343, 31.783, 32.395, 32.268, 33.086, 33.239, 32.722, 33.001, 33.022, 33.038, 33.264, 33.181, 33.528, 34.485, 35.554, 35.745, 35.594, 35.322, 34.379, 34.715, 33.748, 33.723, 34.974, 35.423, 36.072, 36.144, 35.332, 34.814, 33.757, 34.184, 33.61, 33.964, 34.547, 33.934, 34.334, 36.231, 38.703, 38.709, 39.112, 42.826, 45.471, 45.086, 45.492, 46.017, 45.887, 45.974, 45.729, 45.543, 45.94, 45.867, 46.002, 47.187, 48.344, 46.697, 46.046, 49.149, 48.243, 44.817, 42.736, 38.989, 38.684, 49.348, 53.424, 52.071, 54.186, 53.18, 49.4, 48.917, 47.511, 44.811, 43.612, 42.288, 42.051, 42.892, 43.385, 41.432, 40.147, 39.54, 38.703], [39.946, 36.543, 33.568, 32.178, 30.238, 29.288, 28.664, 27.979, 26.633, 24.684, 23.219, 21.256, 17.078, 13.73, 9.27, 0.0, 9.492, 15.852, 22.676, 26.323, 28.476, 31.26, 32.178, 32.309, 33.294, 33.624, 33.202, 33.454, 33.489, 33.518, 33.734, 33.675, 34.046, 34.968, 35.952, 36.145, 36.067, 35.823, 34.956, 35.259, 34.292, 34.21, 35.355, 35.817, 36.402, 36.496, 35.763, 35.372, 34.362, 34.67, 34.149, 34.404, 34.881, 34.338, 34.722, 36.482, 38.836, 38.883, 39.22, 42.718, 45.307, 44.928, 45.304, 45.83, 45.695, 45.756, 45.491, 45.282, 45.666, 45.638, 45.798, 46.955, 48.146, 46.522, 45.801, 48.853, 47.921, 44.488, 42.389, 38.846, 38.598, 48.613, 52.504, 51.18, 53.286, 52.367, 48.746, 48.331, 47.023, 44.588, 43.538, 42.286, 42.033, 42.778, 43.229, 41.413, 40.192, 39.607, 38.703], [40.226, 37.042, 34.422, 33.275, 31.625, 30.799, 30.166, 29.456, 28.257, 26.517, 25.314, 23.971, 20.531, 17.588, 15.309, 9.492, 0.0, 11.07, 20.822, 25.173, 27.798, 30.906, 32.103, 32.411, 33.489, 33.943, 33.604, 33.862, 33.947, 33.994, 34.204, 34.145, 34.492, 35.409, 36.372, 36.583, 36.565, 36.383, 35.583, 35.843, 34.867, 34.809, 35.982, 36.466, 37.038, 37.135, 36.393, 36.001, 34.986, 35.217, 34.68, 34.874, 35.353, 34.803, 35.116, 36.805, 39.147, 39.23, 39.472, 42.772, 45.295, 44.926, 45.273, 45.799, 45.687, 45.734, 45.462, 45.252, 45.639, 45.641, 45.814, 46.949, 48.141, 46.567, 45.855, 48.87, 48.031, 44.687, 42.501, 39.067, 38.871, 48.348, 52.063, 50.681, 52.745, 51.818, 48.224, 47.835, 46.624, 44.423, 43.479, 42.287, 42.081, 42.815, 43.255, 41.543, 40.38, 39.823, 38.89], [40.161, 37.006, 34.272, 33.189, 31.775, 31.064, 30.451, 29.785, 28.762, 27.243, 26.337, 25.335, 22.623, 20.363, 18.874, 15.852, 11.07, 0.0, 14.392, 21.499, 25.077, 28.891, 30.462, 30.892, 32.019, 32.463, 32.166, 32.515, 32.664, 32.734, 32.979, 32.956, 33.377, 34.405, 35.509, 35.821, 35.85, 35.715, 34.945, 35.247, 34.201, 34.081, 35.297, 35.757, 36.335, 36.415, 35.654, 35.228, 34.226, 34.491, 33.934, 34.19, 34.761, 34.21, 34.567, 36.527, 38.97, 38.977, 39.246, 42.654, 45.22, 44.876, 45.227, 45.731, 45.617, 45.67, 45.394, 45.174, 45.567, 45.568, 45.726, 46.88, 48.081, 46.496, 45.844, 48.888, 47.993, 44.51, 42.28, 38.746, 38.406, 48.247, 52.091, 50.709, 52.774, 51.814, 48.201, 47.772, 46.468, 44.127, 43.146, 41.954, 41.763, 42.481, 42.856, 41.05, 39.848, 39.248, 38.765], [40.54, 37.44, 34.837, 34.022, 32.933, 32.426, 31.954, 31.525, 30.773, 29.68, 29.252, 28.603, 26.752, 25.349, 24.546, 22.676, 20.822, 14.392, 0.0, 12.537, 20.767, 26.301, 28.41, 29.175, 30.398, 30.819, 30.516, 30.894, 31.0, 31.028, 31.346, 31.465, 32.111, 33.265, 34.448, 34.872, 35.038, 34.943, 34.399, 35.133, 34.287, 34.17, 35.411, 35.824, 36.211, 36.174, 35.437, 35.027, 34.027, 34.329, 33.849, 34.178, 34.84, 34.471, 34.943, 37.023, 39.621, 39.653, 39.885, 43.257, 45.762, 45.396, 45.735, 46.21, 46.048, 46.097, 45.836, 45.617, 46.004, 46.09, 46.326, 47.484, 48.79, 47.233, 46.493, 49.436, 48.474, 44.858, 42.478, 38.999, 38.492, 48.125, 51.942, 50.564, 52.622, 51.568, 47.987, 47.562, 46.196, 43.918, 43.053, 41.889, 41.701, 42.31, 42.609, 40.818, 39.591, 38.992, 39.159], [41.038, 38.027, 35.48, 34.896, 34.008, 33.491, 33.031, 32.634, 31.932, 31.084, 30.876, 30.4, 29.017, 28.159, 27.635, 26.323, 25.173, 21.499, 12.537, 0.0, 14.027, 22.606, 25.5, 26.501, 27.954, 28.937, 29.231, 29.806, 29.814, 29.762, 30.108, 30.344, 31.116, 32.3, 33.478, 33.989, 34.366, 34.34, 33.959, 35.113, 34.744, 34.88, 36.095, 36.458, 36.793, 36.743, 36.004, 35.59, 34.703, 35.01, 34.579, 34.921, 35.61, 35.337, 35.719, 37.714, 40.315, 40.319, 40.571, 43.85, 46.221, 45.83, 46.176, 46.601, 46.422, 46.49, 46.233, 46.028, 46.41, 46.484, 46.706, 47.856, 49.097, 47.503, 46.751, 49.56, 48.436, 44.927, 42.705, 39.304, 39.041, 48.71, 52.473, 51.057, 52.97, 51.731, 48.075, 47.778, 46.434, 44.131, 43.243, 42.095, 41.941, 42.65, 43.119, 41.441, 40.269, 39.737, 39.78], [41.158, 38.215, 35.57, 35.186, 34.413, 33.813, 33.376, 32.983, 32.422, 31.791, 31.619, 31.169, 30.164, 29.77, 29.343, 28.476, 27.798, 25.077, 20.767, 14.027, 0.0, 12.832, 18.467, 20.204, 22.442, 24.758, 26.303, 27.416, 27.522, 27.454, 27.771, 28.227, 29.309, 30.651, 31.883, 32.436, 32.983, 33.13, 33.123, 34.461, 34.435, 35.125, 36.413, 36.756, 37.191, 37.182, 36.481, 36.083, 35.318, 35.599, 35.187, 35.455, 36.093, 35.777, 36.09, 38.069, 40.452, 40.321, 40.652, 43.87, 46.064, 45.646, 46.035, 46.435, 46.281, 46.422, 46.186, 45.966, 46.324, 46.31, 46.463, 47.579, 48.64, 46.948, 46.258, 48.991, 47.766, 44.494, 42.706, 39.357, 39.387, 49.469, 53.322, 51.96, 53.77, 52.467, 48.631, 48.327, 46.965, 44.38, 43.292, 42.135, 42.02, 42.936, 43.594, 41.874, 40.72, 40.201, 40.068], [41.53, 38.718, 36.115, 35.919, 35.354, 34.809, 34.427, 34.132, 33.707, 33.219, 33.124, 32.814, 32.26, 32.155, 31.783, 31.26, 30.906, 28.891, 26.301, 22.606, 12.832, 0.0, 9.22, 14.178, 17.954, 21.692, 24.406, 26.024, 26.415, 26.471, 26.717, 27.367, 28.762, 30.19, 31.457, 32.03, 32.595, 32.926, 33.421, 34.882, 34.924, 35.933, 37.15, 37.443, 37.976, 37.94, 37.274, 36.901, 36.201, 36.45, 36.052, 36.197, 36.818, 36.553, 36.836, 38.896, 41.114, 40.881, 41.253, 44.381, 46.361, 45.877, 46.252, 46.615, 46.484, 46.7, 46.531, 46.31, 46.646, 46.603, 46.687, 47.755, 48.694, 46.952, 46.249, 48.799, 47.556, 44.448, 43.111, 40.013, 40.048, 50.013, 53.886, 52.641, 54.391, 53.204, 49.409, 48.996, 47.63, 45.018, 43.865, 42.731, 42.612, 43.564, 44.215, 42.489, 41.408, 40.868, 40.559], [41.417, 38.519, 35.764, 35.582, 35.124, 34.655, 34.308, 34.069, 33.663, 33.211, 33.188, 32.956, 32.644, 32.686, 32.395, 32.178, 32.103, 30.462, 28.41, 25.5, 18.467, 9.22, 0.0, 8.293, 14.168, 19.016, 22.465, 24.409, 24.938, 25.158, 25.463, 26.216, 27.841, 29.411, 30.778, 31.365, 31.926, 32.362, 32.976, 34.547, 34.618, 35.598, 36.822, 37.132, 37.789, 37.731, 37.036, 36.642, 35.933, 36.266, 35.795, 35.918, 36.596, 36.357, 36.658, 38.935, 41.252, 40.902, 41.277, 44.495, 46.455, 45.938, 46.312, 46.659, 46.54, 46.792, 46.651, 46.437, 46.778, 46.749, 46.806, 47.901, 48.868, 47.074, 46.384, 48.917, 47.601, 44.445, 43.134, 40.057, 39.949, 49.988, 53.97, 52.748, 54.546, 53.346, 49.541, 49.122, 47.689, 45.029, 43.863, 42.725, 42.605, 43.562, 44.229, 42.492, 41.401, 40.835, 40.444], [41.195, 38.181, 35.252, 35.003, 34.571, 34.121, 33.782, 33.554, 33.15, 32.734, 32.766, 32.571, 32.364, 32.454, 32.268, 32.309, 32.411, 30.892, 29.175, 26.501, 20.204, 14.178, 8.293, 0.0, 8.269, 15.09, 19.558, 21.9, 22.509, 22.847, 23.278, 24.195, 26.064, 27.849, 29.416, 30.049, 30.585, 31.086, 31.78, 33.494, 33.628, 34.715, 36.034, 36.4, 37.172, 37.124, 36.378, 35.925, 35.203, 35.599, 35.063, 35.221, 35.971, 35.725, 36.087, 38.521, 40.988, 40.589, 40.99, 44.363, 46.411, 45.915, 46.333, 46.704, 46.578, 46.817, 46.676, 46.461, 46.799, 46.766, 46.819, 47.947, 48.948, 47.073, 46.351, 48.982, 47.611, 44.345, 43.021, 39.8, 39.566, 49.999, 54.101, 52.819, 54.657, 53.385, 49.509, 49.135, 47.638, 44.825, 43.597, 42.433, 42.335, 43.341, 44.05, 42.234, 41.081, 40.497, 40.208], [41.359, 38.359, 35.403, 35.111, 34.813, 34.439, 34.074, 33.926, 33.672, 33.366, 33.477, 33.352, 33.172, 33.206, 33.086, 33.294, 33.489, 32.019, 30.398, 27.954, 22.442, 17.954, 14.168, 8.269, 0.0, 9.427, 16.404, 19.681, 20.575, 21.079, 21.645, 22.811, 24.926, 26.74, 28.406, 29.115, 29.639, 30.23, 31.023, 32.865, 33.079, 34.305, 35.737, 36.15, 36.934, 36.901, 36.133, 35.643, 34.908, 35.269, 34.733, 34.937, 35.671, 35.445, 35.878, 38.332, 40.834, 40.439, 40.863, 44.276, 46.38, 45.942, 46.382, 46.782, 46.655, 46.87, 46.719, 46.502, 46.853, 46.866, 46.95, 48.085, 49.101, 47.226, 46.51, 49.186, 47.823, 44.549, 43.193, 39.927, 39.682, 50.246, 54.358, 52.996, 54.813, 53.497, 49.546, 49.145, 47.676, 44.864, 43.647, 42.454, 42.332, 43.348, 44.073, 42.238, 41.068, 40.484, 40.422], [41.252, 38.142, 35.044, 34.687, 34.477, 34.245, 33.838, 33.722, 33.583, 33.37, 33.58, 33.521, 33.347, 33.285, 33.239, 33.624, 33.943, 32.463, 30.819, 28.937, 24.758, 21.692, 19.016, 15.09, 9.427, 0.0, 10.13, 15.463, 17.095, 17.925, 18.779, 20.192, 22.629, 24.586, 26.396, 27.251, 27.874, 28.591, 29.479, 31.483, 31.732, 33.12, 34.834, 35.391, 36.24, 36.172, 35.324, 34.775, 33.966, 34.406, 33.871, 34.144, 34.957, 34.735, 35.235, 37.841, 40.44, 40.043, 40.491, 44.015, 46.206, 45.813, 46.274, 46.697, 46.567, 46.765, 46.601, 46.383, 46.768, 46.842, 46.963, 48.13, 49.215, 47.365, 46.644, 49.411, 48.084, 44.719, 43.188, 39.751, 39.477, 50.244, 54.379, 52.953, 54.84, 53.57, 49.531, 49.073, 47.607, 44.738, 43.517, 42.294, 42.158, 43.181, 43.899, 42.018, 40.78, 40.163, 40.288], [41.204, 37.906, 34.582, 34.129, 33.903, 33.746, 33.343, 33.2, 33.034, 32.783, 33.017, 32.968, 32.815, 32.732, 32.722, 33.202, 33.604, 32.166, 30.516, 29.231, 26.303, 24.406, 22.465, 19.558, 16.404, 10.13, 0.0, 7.779, 11.173, 12.776, 14.231, 16.161, 19.218, 21.67, 23.834, 24.816, 25.626, 26.562, 27.671, 29.887, 30.154, 31.783, 33.764, 34.416, 35.382, 35.28, 34.4, 33.872, 33.022, 33.617, 33.075, 33.393, 34.331, 34.075, 34.617, 37.391, 40.116, 39.728, 40.175, 43.815, 46.095, 45.69, 46.166, 46.613, 46.447, 46.624, 46.462, 46.244, 46.662, 46.773, 46.932, 48.136, 49.288, 47.439, 46.682, 49.544, 48.239, 44.713, 43.035, 39.399, 38.982, 50.046, 54.307, 52.872, 54.842, 53.624, 49.528, 49.054, 47.52, 44.579, 43.325, 42.052, 41.904, 42.899, 43.548, 41.575, 40.267, 39.626, 40.072], [41.408, 38.126, 34.827, 34.327, 34.047, 33.894, 33.55, 33.402, 33.21, 32.927, 33.148, 33.119, 33.027, 33.007, 33.001, 33.454, 33.862, 32.515, 30.894, 29.806, 27.416, 26.024, 24.409, 21.9, 19.681, 15.463, 7.779, 0.0, 5.422, 8.911, 11.26, 13.564, 17.138, 19.987, 22.342, 23.301, 24.19, 25.379, 26.772, 29.191, 29.587, 31.352, 33.385, 34.038, 35.059, 34.98, 34.16, 33.708, 32.973, 33.691, 33.175, 33.469, 34.424, 34.181, 34.735, 37.46, 40.198, 39.86, 40.269, 43.833, 46.133, 45.73, 46.193, 46.649, 46.473, 46.628, 46.459, 46.24, 46.656, 46.777, 46.961, 48.148, 49.299, 47.495, 46.742, 49.581, 48.304, 44.783, 43.048, 39.458, 38.956, 49.876, 54.157, 52.768, 54.725, 53.528, 49.473, 49.015, 47.492, 44.561, 43.303, 42.036, 41.883, 42.838, 43.448, 41.485, 40.192, 39.563, 40.205], [41.455, 38.144, 34.793, 34.278, 33.977, 33.777, 33.441, 33.3, 33.119, 32.847, 33.09, 33.064, 33.005, 33.026, 33.022, 33.489, 33.947, 32.664, 31.0, 29.814, 27.522, 26.415, 24.938, 22.509, 20.575, 17.095, 11.173, 5.422, 0.0, 5.268, 8.711, 11.102, 14.934, 17.996, 20.49, 21.449, 22.407, 23.754, 25.389, 28.171, 28.8, 30.699, 32.85, 33.56, 34.643, 34.602, 33.812, 33.376, 32.708, 33.55, 33.069, 33.377, 34.384, 34.173, 34.752, 37.488, 40.231, 39.897, 40.299, 43.862, 46.184, 45.775, 46.232, 46.691, 46.521, 46.679, 46.507, 46.289, 46.705, 46.817, 47.0, 48.185, 49.331, 47.506, 46.751, 49.592, 48.279, 44.769, 43.072, 39.471, 38.952, 49.96, 54.221, 52.82, 54.765, 53.548, 49.485, 49.028, 47.473, 44.485, 43.209, 41.936, 41.786, 42.752, 43.392, 41.444, 40.157, 39.526, 40.239], [41.437, 38.082, 34.657, 34.135, 33.862, 33.66, 33.297, 33.157, 33.031, 32.834, 33.115, 33.091, 33.026, 33.056, 33.038, 33.518, 33.994, 32.734, 31.028, 29.762, 27.454, 26.471, 25.158, 22.847, 21.079, 17.925, 12.776, 8.911, 5.268, 0.0, 4.667, 8.398, 12.791, 16.057, 18.761, 19.762, 20.862, 22.304, 24.172, 27.363, 28.199, 30.212, 32.466, 33.195, 34.28, 34.259, 33.488, 33.045, 32.372, 33.29, 32.882, 33.206, 34.266, 34.1, 34.663, 37.443, 40.204, 39.866, 40.271, 43.849, 46.174, 45.751, 46.207, 46.662, 46.486, 46.651, 46.487, 46.269, 46.69, 46.798, 46.984, 48.176, 49.305, 47.434, 46.672, 49.528, 48.156, 44.651, 43.042, 39.393, 38.873, 49.987, 54.231, 52.804, 54.738, 53.502, 49.433, 48.968, 47.372, 44.351, 43.058, 41.777, 41.629, 42.597, 43.251, 41.314, 40.037, 39.395, 40.214], [41.441, 38.1, 34.706, 34.162, 33.901, 33.713, 33.357, 33.225, 33.144, 33.02, 33.342, 33.328, 33.258, 33.289, 33.264, 33.734, 34.204, 32.979, 31.346, 30.108, 27.771, 26.717, 25.463, 23.278, 21.645, 18.779, 14.231, 11.26, 8.711, 4.667, 0.0, 5.94, 11.612, 15.304, 18.251, 19.244, 20.376, 21.908, 23.9, 27.216, 28.133, 30.243, 32.539, 33.254, 34.296, 34.293, 33.539, 33.114, 32.459, 33.36, 32.972, 33.301, 34.384, 34.222, 34.748, 37.501, 40.214, 39.879, 40.295, 43.832, 46.116, 45.692, 46.15, 46.603, 46.431, 46.6, 46.442, 46.224, 46.648, 46.754, 46.938, 48.126, 49.232, 47.358, 46.62, 49.473, 48.086, 44.625, 43.096, 39.452, 38.942, 50.028, 54.238, 52.813, 54.738, 53.505, 49.457, 49.001, 47.402, 44.378, 43.075, 41.803, 41.656, 42.616, 43.282, 41.384, 40.129, 39.493, 40.237], [41.328, 37.926, 34.559, 34.003, 33.708, 33.48, 33.119, 32.961, 32.868, 32.796, 33.173, 33.173, 33.126, 33.187, 33.181, 33.675, 34.145, 32.956, 31.465, 30.344, 28.227, 27.367, 26.216, 24.195, 22.811, 20.192, 16.161, 13.564, 11.102, 8.398, 5.94, 0.0, 7.225, 12.471, 16.196, 17.368, 18.614, 20.42, 22.683, 26.209, 27.118, 29.318, 31.795, 32.617, 33.759, 33.81, 33.045, 32.677, 32.127, 33.094, 32.687, 33.058, 34.264, 34.09, 34.646, 37.394, 40.02, 39.685, 40.099, 43.598, 45.875, 45.462, 45.921, 46.39, 46.257, 46.446, 46.295, 46.083, 46.515, 46.62, 46.817, 48.002, 49.103, 47.251, 46.567, 49.454, 48.097, 44.682, 43.168, 39.478, 38.933, 50.059, 54.272, 52.846, 54.773, 53.486, 49.451, 49.018, 47.397, 44.346, 43.027, 41.737, 41.587, 42.578, 43.291, 41.398, 40.142, 39.506, 40.107], [41.434, 38.098, 34.915, 34.426, 34.113, 33.84, 33.462, 33.279, 33.188, 33.151, 33.484, 33.454, 33.436, 33.531, 33.528, 34.046, 34.492, 33.377, 32.111, 31.116, 29.309, 28.762, 27.841, 26.064, 24.926, 22.629, 19.218, 17.138, 14.934, 12.791, 11.612, 7.225, 0.0, 7.089, 12.281, 14.026, 15.79, 18.103, 20.761, 24.545, 25.502, 27.87, 30.706, 31.721, 33.007, 33.183, 32.472, 32.217, 31.918, 33.088, 32.786, 33.26, 34.57, 34.404, 35.003, 37.576, 39.951, 39.645, 40.048, 43.405, 45.679, 45.329, 45.75, 46.211, 46.129, 46.32, 46.163, 45.97, 46.395, 46.461, 46.675, 47.85, 48.898, 47.14, 46.585, 49.419, 48.071, 44.804, 43.365, 39.734, 39.13, 49.835, 53.929, 52.518, 54.329, 52.983, 49.103, 48.682, 47.068, 44.125, 42.871, 41.605, 41.463, 42.476, 43.23, 41.392, 40.189, 39.568, 40.219], [41.854, 38.731, 35.83, 35.367, 35.023, 34.756, 34.404, 34.234, 34.163, 34.12, 34.381, 34.319, 34.316, 34.487, 34.485, 34.968, 35.409, 34.405, 33.265, 32.3, 30.651, 30.19, 29.411, 27.849, 26.74, 24.586, 21.67, 19.987, 17.996, 16.057, 15.304, 12.471, 7.089, 0.0, 6.7, 9.98, 12.779, 15.733, 19.019, 23.158, 24.421, 27.232, 30.416, 31.515, 32.756, 33.063, 32.506, 32.395, 32.391, 33.744, 33.608, 34.178, 35.403, 35.23, 35.844, 38.061, 40.102, 39.821, 40.234, 43.384, 45.59, 45.312, 45.688, 46.123, 46.089, 46.275, 46.117, 45.939, 46.349, 46.376, 46.583, 47.739, 48.709, 47.063, 46.61, 49.3, 47.974, 44.927, 43.634, 40.149, 39.605, 49.69, 53.497, 52.059, 53.705, 52.34, 48.662, 48.267, 46.744, 44.007, 42.875, 41.679, 41.524, 42.497, 43.239, 41.54, 40.436, 39.859, 40.703], [42.395, 39.441, 36.782, 36.378, 36.009, 35.76, 35.461, 35.291, 35.205, 35.141, 35.367, 35.3, 35.291, 35.533, 35.554, 35.952, 36.372, 35.509, 34.448, 33.478, 31.883, 31.457, 30.778, 29.416, 28.406, 26.396, 23.834, 22.342, 20.49, 18.761, 18.251, 16.196, 12.281, 6.7, 0.0, 5.547, 10.507, 14.038, 18.137, 22.802, 24.38, 27.45, 30.802, 31.929, 33.061, 33.43, 33.041, 33.078, 33.264, 34.646, 34.566, 35.185, 36.308, 36.132, 36.748, 38.661, 40.455, 40.215, 40.627, 43.596, 45.677, 45.423, 45.781, 46.165, 46.156, 46.36, 46.211, 46.047, 46.441, 46.454, 46.644, 47.767, 48.691, 47.106, 46.664, 49.216, 47.932, 45.091, 43.916, 40.567, 40.207, 49.772, 53.315, 51.901, 53.486, 52.112, 48.595, 48.243, 46.792, 44.229, 43.188, 42.066, 41.913, 42.839, 43.555, 41.981, 40.961, 40.419, 41.32], [42.585, 39.606, 36.868, 36.516, 36.153, 35.898, 35.609, 35.446, 35.377, 35.338, 35.561, 35.486, 35.462, 35.7, 35.745, 36.145, 36.583, 35.821, 34.872, 33.989, 32.436, 32.03, 31.365, 30.049, 29.115, 27.251, 24.816, 23.301, 21.449, 19.762, 19.244, 17.368, 14.026, 9.98, 5.547, 0.0, 7.296, 12.047, 16.656, 21.72, 23.472, 26.732, 30.296, 31.554, 32.778, 33.193, 32.876, 33.039, 33.295, 34.663, 34.543, 35.156, 36.273, 36.117, 36.766, 38.646, 40.447, 40.224, 40.616, 43.59, 45.672, 45.416, 45.784, 46.151, 46.137, 46.356, 46.214, 46.054, 46.447, 46.475, 46.667, 47.779, 48.71, 47.114, 46.661, 49.194, 47.923, 45.113, 43.921, 40.579, 40.332, 49.815, 53.297, 51.938, 53.563, 52.165, 48.664, 48.332, 46.869, 44.318, 43.283, 42.182, 42.045, 42.953, 43.654, 42.087, 41.075, 40.541, 41.553], [42.731, 39.638, 36.657, 36.318, 35.991, 35.745, 35.445, 35.29, 35.23, 35.205, 35.42, 35.341, 35.33, 35.55, 35.594, 36.067, 36.565, 35.85, 35.038, 34.366, 32.983, 32.595, 31.926, 30.585, 29.639, 27.874, 25.626, 24.19, 22.407, 20.862, 20.376, 18.614, 15.79, 12.779, 10.507, 7.296, 0.0, 7.313, 14.164, 19.612, 21.579, 25.476, 29.453, 30.874, 32.285, 32.749, 32.429, 32.663, 32.968, 34.358, 34.2, 34.799, 35.948, 35.822, 36.504, 38.467, 40.401, 40.188, 40.558, 43.596, 45.752, 45.488, 45.854, 46.238, 46.205, 46.407, 46.268, 46.114, 46.527, 46.578, 46.767, 47.885, 48.839, 47.197, 46.726, 49.3, 48.013, 45.131, 43.9, 40.644, 40.273, 49.724, 53.298, 51.977, 53.644, 52.269, 48.707, 48.354, 46.878, 44.295, 43.258, 42.141, 41.998, 42.885, 43.573, 41.974, 40.944, 40.412, 41.677], [42.747, 39.59, 36.422, 36.01, 35.688, 35.458, 35.174, 35.037, 34.958, 34.906, 35.1, 35.033, 35.061, 35.306, 35.322, 35.823, 36.383, 35.715, 34.943, 34.34, 33.13, 32.926, 32.362, 31.086, 30.23, 28.591, 26.562, 25.379, 23.754, 22.304, 21.908, 20.42, 18.103, 15.733, 14.038, 12.047, 7.313, 0.0, 10.162, 17.299, 19.561, 23.838, 28.302, 29.863, 31.377, 31.928, 31.639, 31.921, 32.325, 33.845, 33.728, 34.355, 35.555, 35.455, 36.173, 38.171, 40.125, 39.905, 40.299, 43.462, 45.697, 45.415, 45.782, 46.182, 46.143, 46.339, 46.196, 46.044, 46.473, 46.534, 46.721, 47.864, 48.844, 47.155, 46.659, 49.291, 47.968, 45.035, 43.837, 40.522, 40.112, 49.727, 53.348, 51.986, 53.645, 52.297, 48.688, 48.31, 46.833, 44.261, 43.234, 42.083, 41.928, 42.8, 43.454, 41.824, 40.793, 40.244, 41.682], [42.383, 39.142, 35.725, 35.159, 34.79, 34.588, 34.291, 34.141, 34.049, 33.982, 34.168, 34.102, 34.138, 34.36, 34.379, 34.956, 35.583, 34.945, 34.399, 33.959, 33.123, 33.421, 32.976, 31.78, 31.023, 29.479, 27.671, 26.772, 25.389, 24.172, 23.9, 22.683, 20.761, 19.019, 18.137, 16.656, 14.164, 10.162, 0.0, 9.915, 13.923, 19.027, 24.598, 26.594, 28.396, 29.132, 28.751, 29.156, 30.009, 31.995, 32.022, 32.746, 34.086, 34.0, 34.911, 37.11, 39.149, 38.924, 39.368, 42.786, 45.209, 44.913, 45.299, 45.762, 45.719, 45.905, 45.769, 45.607, 46.027, 46.084, 46.303, 47.487, 48.523, 46.799, 46.287, 49.055, 47.736, 44.597, 43.291, 39.758, 39.417, 49.542, 53.203, 51.769, 53.458, 52.138, 48.446, 48.061, 46.588, 43.934, 42.892, 41.679, 41.488, 42.371, 43.014, 41.335, 40.258, 39.688, 41.353], [42.523, 39.384, 36.078, 35.477, 35.077, 34.902, 34.617, 34.474, 34.371, 34.289, 34.488, 34.44, 34.46, 34.661, 34.715, 35.259, 35.843, 35.247, 35.133, 35.113, 34.461, 34.882, 34.547, 33.494, 32.865, 31.483, 29.887, 29.191, 28.171, 27.363, 27.216, 26.209, 24.545, 23.158, 22.802, 21.72, 19.612, 17.299, 9.915, 0.0, 8.063, 16.537, 22.82, 25.066, 27.265, 28.145, 27.741, 28.341, 29.529, 31.684, 31.814, 32.621, 33.992, 33.966, 35.001, 37.14, 39.078, 38.904, 39.356, 42.719, 45.136, 44.841, 45.246, 45.793, 45.761, 45.909, 45.779, 45.612, 45.997, 46.038, 46.266, 47.419, 48.449, 46.809, 46.291, 49.023, 47.846, 44.718, 43.401, 39.997, 39.627, 49.461, 53.091, 51.72, 53.424, 52.198, 48.54, 48.118, 46.711, 44.147, 43.147, 41.98, 41.771, 42.632, 43.252, 41.6, 40.518, 39.951, 41.539], [42.049, 38.782, 35.305, 34.579, 34.162, 34.02, 33.713, 33.556, 33.428, 33.335, 33.567, 33.523, 33.514, 33.676, 33.748, 34.292, 34.867, 34.201, 34.287, 34.744, 34.435, 34.924, 34.618, 33.628, 33.079, 31.732, 30.154, 29.587, 28.8, 28.199, 28.133, 27.118, 25.502, 24.421, 24.38, 23.472, 21.579, 19.561, 13.923, 8.063, 0.0, 12.125, 20.5, 23.105, 25.462, 26.415, 26.048, 26.758, 28.088, 30.44, 30.527, 31.442, 32.999, 33.033, 34.128, 36.5, 38.692, 38.52, 38.956, 42.49, 45.008, 44.672, 45.112, 45.736, 45.699, 45.826, 45.682, 45.513, 45.905, 45.986, 46.25, 47.421, 48.54, 46.906, 46.339, 49.199, 48.074, 44.786, 43.248, 39.677, 39.21, 49.337, 53.17, 51.82, 53.672, 52.427, 48.669, 48.214, 46.788, 44.153, 43.121, 41.919, 41.694, 42.58, 43.202, 41.463, 40.304, 39.698, 40.964], [42.01, 38.732, 35.278, 34.608, 34.305, 34.24, 33.943, 33.771, 33.684, 33.613, 33.74, 33.625, 33.619, 33.781, 33.723, 34.21, 34.809, 34.081, 34.17, 34.88, 35.125, 35.933, 35.598, 34.715, 34.305, 33.12, 31.783, 31.352, 30.699, 30.212, 30.243, 29.318, 27.87, 27.232, 27.45, 26.732, 25.476, 23.838, 19.027, 16.537, 12.125, 0.0, 12.203, 17.168, 20.102, 21.472, 21.516, 22.671, 25.267, 28.555, 28.853, 30.054, 31.961, 32.308, 33.464, 36.118, 38.598, 38.463, 38.939, 42.64, 45.294, 45.01, 45.428, 46.011, 45.994, 46.137, 45.96, 45.79, 46.197, 46.309, 46.591, 47.782, 48.935, 47.3, 46.821, 49.751, 48.555, 45.206, 43.417, 39.828, 39.311, 49.302, 53.219, 51.958, 53.872, 52.646, 49.055, 48.611, 47.158, 44.488, 43.459, 42.243, 42.019, 42.886, 43.462, 41.702, 40.561, 39.936, 40.846], [42.449, 39.284, 36.045, 35.59, 35.432, 35.417, 35.169, 35.032, 34.989, 34.853, 34.889, 34.788, 34.897, 35.127, 34.974, 35.355, 35.982, 35.297, 35.411, 36.095, 36.413, 37.15, 36.822, 36.034, 35.737, 34.834, 33.764, 33.385, 32.85, 32.466, 32.539, 31.795, 30.706, 30.416, 30.802, 30.296, 29.453, 28.302, 24.598, 22.82, 20.5, 12.203, 0.0, 8.825, 14.335, 16.418, 17.356, 19.152, 23.289, 27.4, 28.107, 29.758, 31.873, 32.57, 33.854, 36.521, 39.071, 39.027, 39.599, 43.233, 45.753, 45.499, 45.875, 46.348, 46.342, 46.527, 46.364, 46.198, 46.598, 46.68, 46.903, 48.055, 49.118, 47.573, 47.217, 49.969, 48.71, 45.597, 43.93, 40.588, 39.951, 49.366, 53.201, 52.101, 53.992, 52.79, 49.389, 48.934, 47.511, 44.97, 43.977, 42.826, 42.64, 43.45, 43.935, 42.248, 41.215, 40.611, 41.38], [42.33, 39.182, 36.112, 35.758, 35.624, 35.626, 35.393, 35.257, 35.229, 35.066, 35.119, 35.09, 35.299, 35.56, 35.423, 35.817, 36.466, 35.757, 35.824, 36.458, 36.756, 37.443, 37.132, 36.4, 36.15, 35.391, 34.416, 34.038, 33.56, 33.195, 33.254, 32.617, 31.721, 31.515, 31.929, 31.554, 30.874, 29.863, 26.594, 25.066, 23.105, 17.168, 8.825, 0.0, 8.503, 12.252, 13.924, 16.557, 21.802, 26.335, 27.31, 29.271, 31.578, 32.515, 33.972, 36.64, 39.179, 39.216, 39.832, 43.391, 45.823, 45.588, 45.978, 46.439, 46.443, 46.641, 46.472, 46.306, 46.712, 46.805, 47.04, 48.18, 49.201, 47.706, 47.362, 49.993, 48.709, 45.641, 44.016, 40.722, 39.872, 48.966, 52.786, 51.745, 53.615, 52.398, 49.071, 48.631, 47.273, 44.836, 43.855, 42.724, 42.545, 43.342, 43.832, 42.18, 41.167, 40.607, 41.324], [42.457, 39.442, 36.664, 36.343, 36.151, 36.166, 35.961, 35.835, 35.853, 35.737, 35.827, 35.817, 35.978, 36.197, 36.072, 36.402, 37.038, 36.335, 36.211, 36.793, 37.191, 37.976, 37.789, 37.172, 36.934, 36.24, 35.382, 35.059, 34.643, 34.28, 34.296, 33.759, 33.007, 32.756, 33.061, 32.778, 32.285, 31.377, 28.396, 27.265, 25.462, 20.102, 14.335, 8.503, 0.0, 6.829, 10.543, 14.531, 21.236, 26.046, 27.23, 29.249, 31.496, 32.675, 34.182, 36.681, 39.245, 39.47, 40.064, 43.446, 45.857, 45.694, 46.087, 46.557, 46.555, 46.734, 46.559, 46.395, 46.789, 46.912, 47.202, 48.327, 49.34, 47.938, 47.583, 50.123, 48.893, 45.859, 44.124, 40.93, 40.122, 48.664, 52.319, 51.304, 53.171, 52.035, 48.864, 48.479, 47.24, 44.964, 44.048, 42.937, 42.707, 43.436, 43.94, 42.382, 41.402, 40.912, 41.491], [42.595, 39.511, 36.618, 36.322, 36.154, 36.168, 35.946, 35.843, 35.885, 35.791, 35.939, 35.954, 36.091, 36.266, 36.144, 36.496, 37.135, 36.415, 36.174, 36.743, 37.182, 37.94, 37.731, 37.124, 36.901, 36.172, 35.28, 34.98, 34.602, 34.259, 34.293, 33.81, 33.183, 33.063, 33.43, 33.193, 32.749, 31.928, 29.132, 28.145, 26.415, 21.472, 16.418, 12.252, 6.829, 0.0, 6.562, 11.959, 19.679, 25.127, 26.347, 28.52, 30.954, 32.216, 33.837, 36.552, 39.215, 39.37, 39.993, 43.508, 45.919, 45.729, 46.157, 46.659, 46.663, 46.85, 46.704, 46.544, 46.934, 47.063, 47.365, 48.495, 49.521, 48.085, 47.69, 50.257, 49.018, 45.996, 44.29, 41.038, 40.277, 49.076, 52.731, 51.714, 53.608, 52.423, 49.175, 48.764, 47.491, 45.179, 44.243, 43.116, 42.893, 43.63, 44.107, 42.482, 41.476, 40.943, 41.601], [41.99, 38.789, 35.8, 35.506, 35.372, 35.387, 35.117, 34.992, 35.031, 34.969, 35.139, 35.155, 35.275, 35.415, 35.332, 35.763, 36.393, 35.654, 35.437, 36.004, 36.481, 37.274, 37.036, 36.378, 36.133, 35.324, 34.4, 34.16, 33.812, 33.488, 33.539, 33.045, 32.472, 32.506, 33.041, 32.876, 32.429, 31.639, 28.751, 27.741, 26.048, 21.516, 17.356, 13.924, 10.543, 6.562, 0.0, 7.672, 17.393, 23.414, 24.76, 27.103, 29.748, 31.035, 32.678, 35.686, 38.568, 38.674, 39.324, 43.026, 45.486, 45.287, 45.774, 46.339, 46.337, 46.515, 46.377, 46.221, 46.621, 46.759, 47.08, 48.241, 49.309, 47.804, 47.381, 50.068, 48.806, 45.676, 43.957, 40.602, 39.883, 49.111, 52.928, 51.832, 53.713, 52.486, 49.059, 48.607, 47.266, 44.831, 43.86, 42.694, 42.501, 43.297, 43.788, 42.055, 40.968, 40.397, 40.959], [41.786, 38.457, 35.184, 34.863, 34.845, 34.889, 34.553, 34.422, 34.425, 34.339, 34.52, 34.564, 34.725, 34.857, 34.814, 35.372, 36.001, 35.228, 35.027, 35.59, 36.083, 36.901, 36.642, 35.925, 35.643, 34.775, 33.872, 33.708, 33.376, 33.045, 33.114, 32.677, 32.217, 32.395, 33.078, 33.039, 32.663, 31.921, 29.156, 28.341, 26.758, 22.671, 19.152, 16.557, 14.531, 11.959, 7.672, 0.0, 13.425, 21.072, 22.746, 25.532, 28.517, 29.97, 31.706, 35.03, 38.171, 38.268, 38.955, 42.888, 45.443, 45.235, 45.776, 46.382, 46.362, 46.532, 46.396, 46.242, 46.671, 46.807, 47.112, 48.321, 49.426, 47.854, 47.414, 50.189, 48.891, 45.621, 43.866, 40.423, 39.513, 49.153, 53.191, 51.995, 53.856, 52.59, 48.957, 48.435, 46.978, 44.324, 43.297, 42.105, 41.945, 42.758, 43.211, 41.386, 40.247, 39.634, 40.717], [41.385, 37.927, 34.454, 34.033, 34.039, 34.06, 33.652, 33.583, 33.553, 33.366, 33.546, 33.57, 33.629, 33.726, 33.757, 34.362, 34.986, 34.226, 34.027, 34.703, 35.318, 36.201, 35.933, 35.203, 34.908, 33.966, 33.022, 32.973, 32.708, 32.372, 32.459, 32.127, 31.918, 32.391, 33.264, 33.295, 32.968, 32.325, 30.009, 29.529, 28.088, 25.267, 23.289, 21.802, 21.236, 19.679, 17.393, 13.425, 0.0, 11.313, 15.252, 18.808, 22.943, 25.362, 27.621, 31.905, 35.872, 36.056, 36.794, 41.336, 44.261, 44.012, 44.632, 45.307, 45.212, 45.345, 45.256, 45.108, 45.594, 46.025, 46.459, 47.702, 48.979, 47.336, 46.806, 49.805, 48.571, 44.956, 43.014, 39.636, 38.447, 48.429, 52.607, 51.406, 53.428, 52.121, 48.117, 47.506, 46.047, 43.344, 42.255, 40.961, 40.813, 41.675, 42.148, 40.238, 39.043, 38.4, 40.274], [41.298, 38.11, 35.089, 34.624, 34.558, 34.552, 34.15, 34.098, 34.102, 33.946, 34.097, 34.109, 34.093, 34.147, 34.184, 34.67, 35.217, 34.491, 34.329, 35.01, 35.599, 36.45, 36.266, 35.599, 35.269, 34.406, 33.617, 33.691, 33.55, 33.29, 33.36, 33.094, 33.088, 33.744, 34.646, 34.663, 34.358, 33.845, 31.995, 31.684, 30.44, 28.555, 27.4, 26.335, 26.046, 25.127, 23.414, 21.072, 11.313, 0.0, 9.336, 14.95, 19.075, 22.761, 25.341, 29.88, 34.322, 34.825, 35.64, 40.303, 43.383, 43.198, 43.854, 44.568, 44.415, 44.494, 44.439, 44.328, 44.789, 45.394, 45.989, 47.182, 48.478, 46.917, 46.262, 49.279, 48.266, 44.632, 42.552, 39.527, 38.269, 47.727, 51.842, 50.752, 52.814, 51.66, 47.681, 47.083, 45.73, 43.24, 42.213, 40.917, 40.773, 41.63, 42.159, 40.343, 39.172, 38.585, 40.24], [40.805, 37.536, 34.441, 33.969, 33.915, 33.915, 33.501, 33.435, 33.416, 33.252, 33.451, 33.49, 33.51, 33.558, 33.61, 34.149, 34.68, 33.934, 33.849, 34.579, 35.187, 36.052, 35.795, 35.063, 34.733, 33.871, 33.075, 33.175, 33.069, 32.882, 32.972, 32.687, 32.786, 33.608, 34.566, 34.543, 34.2, 33.728, 32.022, 31.814, 30.527, 28.853, 28.107, 27.31, 27.23, 26.347, 24.76, 22.746, 15.252, 9.336, 0.0, 9.275, 15.806, 20.442, 23.645, 28.859, 33.609, 34.157, 35.051, 39.906, 43.145, 42.998, 43.672, 44.386, 44.237, 44.357, 44.315, 44.199, 44.74, 45.393, 45.967, 47.251, 48.626, 47.015, 46.335, 49.41, 48.342, 44.632, 42.526, 39.335, 38.014, 47.81, 51.994, 50.807, 52.853, 51.676, 47.592, 47.003, 45.614, 43.024, 41.96, 40.636, 40.538, 41.447, 41.995, 40.092, 38.869, 38.232, 39.745], [40.806, 37.642, 34.838, 34.405, 34.244, 34.208, 33.861, 33.787, 33.732, 33.571, 33.83, 33.905, 33.893, 33.931, 33.964, 34.404, 34.874, 34.19, 34.178, 34.921, 35.455, 36.197, 35.918, 35.221, 34.937, 34.144, 33.393, 33.469, 33.377, 33.206, 33.301, 33.058, 33.26, 34.178, 35.185, 35.156, 34.