[[0.0, 5.333, 10.056, 13.247, 15.016, 17.056, 19.57, 22.276, 24.251, 25.242, 25.745, 26.461, 27.911, 29.202, 29.677, 30.005, 31.028, 31.928, 31.831, 32.262, 33.699, 34.374, 34.687, 34.912, 35.281, 36.114, 37.165, 38.443, 39.059, 38.657, 38.837, 39.234, 38.645, 38.055, 38.037, 37.869, 37.664, 37.723, 37.802, 37.549, 37.52, 37.872, 37.974, 37.951, 38.414, 38.421, 37.622, 37.309, 36.823, 35.317, 34.684, 35.251, 34.546, 33.764, 36.843, 44.101, 49.742, 50.556, 49.752, 50.304, 50.722, 49.877, 49.037, 48.452, 47.998, 48.032, 47.751, 47.398, 48.899, 50.03, 49.767, 49.495, 50.012, 50.932, 51.435, 50.838, 49.252, 47.445, 46.331, 45.99, 45.834, 45.407, 44.787, 44.616, 45.454, 45.898, 45.475, 45.246, 45.91, 46.849, 47.536, 48.469, 48.84, 46.616, 42.881, 38.368, 36.697, 36.112, 34.906, 34.594, 34.794, 34.41, 35.062, 36.246, 37.159, 36.91, 37.496, 39.488, 40.225, 39.476, 39.227, 39.322, 39.358, 39.014, 38.958, 38.846, 38.388, 38.121, 38.178, 38.441, 38.784, 39.071, 39.174, 39.283, 39.718, 40.23, 40.354, 40.067, 40.142, 41.042, 41.878, 41.967, 41.964, 43.174, 44.116, 45.365, 47.248, 45.709, 43.27, 42.637, 40.736, 39.682, 41.613, 43.314, 43.332, 43.412, 43.552, 43.434, 43.774, 44.194, 44.194, 44.073, 44.106, 44.431, 45.101, 46.336, 48.112, 48.781, 49.126, 49.408, 49.12, 49.191, 50.455, 49.035, 43.396, 40.535, 42.405, 41.508, 37.142, 34.803, 35.069, 35.838, 35.807, 36.207, 37.563, 38.186, 37.818, 36.943, 36.239, 36.47, 36.692, 36.132, 35.116, 34.632, 34.527, 34.053, 33.424, 33.358, 34.012, 34.393, 34.09, 33.615, 33.614, 33.967, 35.077, 36.508, 37.07, 36.747, 36.508, 36.619, 36.61, 36.402, 36.309, 36.32, 35.946, 5.759], [5.333, 0.0, 5.579, 9.697, 12.118, 14.702, 17.651, 20.595, 22.619, 23.618, 24.145, 24.947, 26.589, 28.048, 28.573, 28.915, 30.019, 31.02, 31.049, 31.715, 33.377, 34.184, 34.568, 34.816, 35.208, 36.065, 37.08, 38.297, 38.884, 38.487, 38.679, 39.082, 38.503, 37.94, 37.958, 37.805, 37.59, 37.651, 37.749, 37.499, 37.454, 37.798, 37.907, 37.888, 38.341, 38.355, 37.57, 37.254, 36.764, 35.297, 34.695, 35.247, 34.538, 33.768, 36.734, 43.897, 49.543, 50.426, 49.666, 50.228, 50.65, 49.811, 48.979, 48.399, 47.946, 47.979, 47.691, 47.341, 48.839, 49.961, 49.697, 49.427, 49.944, 50.868, 51.378, 50.788, 49.212, 47.414, 46.311, 45.983, 45.836, 45.416, 44.805, 44.638, 45.466, 45.895, 45.478, 45.273, 45.961, 46.913, 47.595, 48.508, 48.864, 46.624, 42.87, 38.364, 36.705, 36.111, 34.904, 34.625, 34.832, 34.409, 35.036, 36.237, 37.175, 36.927, 37.479, 39.431, 40.155, 39.424, 39.183, 39.275, 39.314, 38.979, 38.912, 38.785, 38.33, 38.061, 38.098, 38.346, 38.693, 38.986, 39.086, 39.189, 39.616, 40.122, 40.251, 39.965, 40.022, 40.899, 41.72, 41.793, 41.788, 43.038, 44.007, 45.276, 47.154, 45.619, 43.212, 42.574, 40.67, 39.638, 41.58, 43.282, 43.295, 43.366, 43.494, 43.366, 43.706, 44.132, 44.133, 44.014, 44.05, 44.37, 45.017, 46.193, 47.916, 48.593, 48.944, 49.217, 48.946, 49.051, 50.326, 48.902, 43.291, 40.45, 42.281, 41.418, 37.159, 34.811, 35.033, 35.8, 35.788, 36.185, 37.529, 38.146, 37.778, 36.905, 36.214, 36.484, 36.734, 36.19, 35.197, 34.717, 34.601, 34.124, 33.501, 33.431, 34.058, 34.409, 34.097, 33.636, 33.656, 34.013, 35.113, 36.532, 37.088, 36.775, 36.542, 36.649, 36.639, 36.414, 36.257, 36.217, 35.832, 9.73], [10.056, 5.579, 0.0, 4.996, 8.77, 12.489, 15.959, 19.092, 21.151, 22.149, 22.717, 23.669, 25.537, 27.14, 27.708, 28.092, 29.301, 30.406, 30.588, 31.524, 33.402, 34.317, 34.748, 35.024, 35.428, 36.256, 37.21, 38.377, 38.94, 38.556, 38.754, 39.155, 38.597, 38.062, 38.099, 37.956, 37.744, 37.811, 37.925, 37.686, 37.629, 37.954, 38.061, 38.038, 38.467, 38.483, 37.729, 37.421, 36.95, 35.579, 35.028, 35.547, 34.861, 34.126, 36.922, 43.865, 49.417, 50.325, 49.6, 50.16, 50.574, 49.742, 48.922, 48.347, 47.892, 47.923, 47.643, 47.313, 48.788, 49.88, 49.611, 49.353, 49.874, 50.801, 51.313, 50.737, 49.193, 47.429, 46.349, 46.034, 45.903, 45.508, 44.929, 44.769, 45.571, 45.985, 45.574, 45.384, 46.069, 47.008, 47.67, 48.552, 48.894, 46.653, 42.904, 38.486, 36.894, 36.297, 35.112, 34.904, 35.152, 34.709, 35.287, 36.465, 37.403, 37.169, 37.691, 39.562, 40.249, 39.539, 39.312, 39.403, 39.447, 39.139, 39.061, 38.912, 38.465, 38.207, 38.227, 38.442, 38.773, 39.066, 39.165, 39.257, 39.657, 40.129, 40.252, 39.985, 40.038, 40.885, 41.667, 41.705, 41.688, 42.945, 43.911, 45.16, 46.985, 45.46, 43.14, 42.553, 40.716, 39.731, 41.642, 43.315, 43.326, 43.4, 43.523, 43.387, 43.712, 44.13, 44.133, 44.012, 44.041, 44.35, 44.968, 46.072, 47.713, 48.382, 48.736, 49.004, 48.745, 48.865, 50.132, 48.724, 43.225, 40.473, 42.235, 41.433, 37.429, 35.182, 35.364, 36.107, 36.116, 36.509, 37.809, 38.414, 38.064, 37.221, 36.558, 36.84, 37.1, 36.587, 35.639, 35.169, 35.037, 34.575, 33.975, 33.903, 34.494, 34.815, 34.499, 34.048, 34.058, 34.382, 35.43, 36.799, 37.345, 37.047, 36.819, 36.92, 36.916, 36.695, 36.502, 36.424, 36.045, 13.242], [13.247, 9.697, 4.996, 0.0, 5.223, 10.529, 14.695, 17.947, 20.007, 21.015, 21.638, 22.742, 24.805, 26.541, 27.164, 27.594, 28.879, 30.049, 30.348, 31.507, 33.546, 34.521, 34.956, 35.25, 35.649, 36.437, 37.357, 38.511, 39.067, 38.696, 38.897, 39.3, 38.77, 38.266, 38.307, 38.163, 37.954, 38.025, 38.14, 37.905, 37.846, 38.166, 38.271, 38.238, 38.64, 38.657, 37.928, 37.633, 37.194, 35.905, 35.387, 35.881, 35.219, 34.496, 37.14, 43.885, 49.355, 50.263, 49.543, 50.082, 50.477, 49.643, 48.823, 48.246, 47.791, 47.823, 47.555, 47.242, 48.698, 49.76, 49.488, 49.244, 49.773, 50.702, 51.214, 50.649, 49.14, 47.415, 46.354, 46.045, 45.931, 45.57, 45.025, 44.88, 45.673, 46.084, 45.683, 45.498, 46.163, 47.077, 47.718, 48.581, 48.922, 46.687, 42.951, 38.595, 37.068, 36.486, 35.331, 35.19, 35.496, 35.076, 35.619, 36.746, 37.651, 37.446, 37.987, 39.825, 40.491, 39.783, 39.554, 39.644, 39.693, 39.41, 39.333, 39.168, 38.729, 38.478, 38.486, 38.674, 38.987, 39.276, 39.371, 39.451, 39.817, 40.247, 40.358, 40.097, 40.125, 40.934, 41.691, 41.712, 41.674, 42.899, 43.849, 45.069, 46.851, 45.339, 43.085, 42.539, 40.752, 39.795, 41.668, 43.303, 43.308, 43.385, 43.505, 43.352, 43.652, 44.061, 44.069, 43.952, 43.982, 44.291, 44.896, 45.947, 47.531, 48.195, 48.552, 48.824, 48.578, 48.696, 49.95, 48.569, 43.156, 40.472, 42.193, 41.421, 37.65, 35.562, 35.721, 36.453, 36.496, 36.886, 38.15, 38.746, 38.413, 37.597, 36.948, 37.212, 37.464, 36.961, 36.039, 35.576, 35.433, 34.982, 34.398, 34.331, 34.911, 35.222, 34.909, 34.465, 34.45, 34.728, 35.728, 37.061, 37.605, 37.314, 37.084, 37.177, 37.178, 36.967, 36.764, 36.675, 36.311, 15.746], [15.016, 12.118, 8.77, 5.223, 0.0, 6.521, 12.039, 15.994, 18.274, 19.419, 20.17, 21.434, 23.712, 25.625, 26.347, 26.855, 28.234, 29.451, 29.767, 31.056, 33.267, 34.303, 34.739, 35.049, 35.444, 36.226, 37.161, 38.314, 38.877, 38.511, 38.72, 39.142, 38.636, 38.144, 38.193, 38.057, 37.849, 37.928, 38.049, 37.81, 37.751, 38.084, 38.194, 38.146, 38.535, 38.555, 37.832, 37.567, 37.144, 35.822, 35.3, 35.824, 35.15, 34.412, 37.091, 43.888, 49.41, 50.337, 49.597, 50.118, 50.501, 49.649, 48.815, 48.225, 47.763, 47.792, 47.511, 47.211, 48.684, 49.742, 49.472, 49.235, 49.771, 50.708, 51.224, 50.656, 49.149, 47.426, 46.357, 46.044, 45.922, 45.551, 44.998, 44.864, 45.676, 46.094, 45.698, 45.507, 46.158, 47.07, 47.72, 48.593, 48.93, 46.659, 42.889, 38.508, 36.975, 36.415, 35.266, 35.129, 35.451, 35.065, 35.633, 36.743, 37.623, 37.43, 38.021, 39.907, 40.577, 39.843, 39.604, 39.704, 39.755, 39.466, 39.376, 39.199, 38.75, 38.495, 38.499, 38.681, 38.99, 39.277, 39.368, 39.44, 39.794, 40.205, 40.296, 40.017, 40.03, 40.83, 41.587, 41.595, 41.536, 42.778, 43.762, 45.018, 46.839, 45.315, 43.054, 42.512, 40.697, 39.743, 41.646, 43.281, 43.272, 43.342, 43.453, 43.284, 43.576, 43.986, 43.996, 43.886, 43.931, 44.25, 44.852, 45.888, 47.471, 48.145, 48.504, 48.78, 48.543, 48.673, 49.936, 48.554, 43.119, 40.443, 42.197, 41.391, 37.592, 35.554, 35.702, 36.465, 36.533, 36.918, 38.194, 38.792, 38.46, 37.636, 36.955, 37.192, 37.429, 36.899, 35.951, 35.48, 35.334, 34.883, 34.31, 34.246, 34.831, 35.138, 34.825, 34.383, 34.356, 34.624, 35.614, 36.944, 37.5, 37.217, 36.986, 37.066, 37.052, 36.829, 36.613, 36.52, 36.164, 17.091], [17.056, 14.702, 12.489, 10.529, 6.521, 0.0, 6.964, 12.356, 15.361, 16.804, 17.764, 19.307, 21.89, 24.024, 24.893, 25.571, 27.145, 28.463, 28.743, 30.095, 32.528, 33.683, 34.183, 34.535, 34.951, 35.763, 36.715, 37.861, 38.44, 38.082, 38.314, 38.779, 38.312, 37.837, 37.898, 37.773, 37.567, 37.662, 37.809, 37.58, 37.529, 37.878, 37.993, 37.937, 38.321, 38.34, 37.613, 37.374, 36.943, 35.535, 35.017, 35.605, 34.895, 34.143, 36.981, 43.96, 49.568, 50.502, 49.737, 50.252, 50.636, 49.771, 48.926, 48.323, 47.846, 47.857, 47.543, 47.23, 48.708, 49.778, 49.516, 49.278, 49.814, 50.757, 51.276, 50.697, 49.169, 47.417, 46.326, 46.003, 45.852, 45.438, 44.862, 44.737, 45.573, 45.998, 45.603, 45.398, 46.04, 46.961, 47.628, 48.516, 48.855, 46.563, 42.758, 38.37, 36.833, 36.279, 35.106, 34.919, 35.227, 34.851, 35.428, 36.539, 37.411, 37.206, 37.823, 39.774, 40.478, 39.731, 39.484, 39.586, 39.634, 39.318, 39.208, 39.026, 38.557, 38.296, 38.311, 38.5, 38.814, 39.106, 39.194, 39.266, 39.63, 40.044, 40.107, 39.783, 39.79, 40.603, 41.367, 41.365, 41.308, 42.627, 43.684, 45.009, 46.895, 45.317, 43.001, 42.449, 40.585, 39.647, 41.62, 43.273, 43.257, 43.325, 43.421, 43.235, 43.53, 43.943, 43.947, 43.841, 43.901, 44.234, 44.846, 45.91, 47.537, 48.223, 48.582, 48.856, 48.615, 48.755, 50.034, 48.625, 43.131, 40.445, 42.242, 41.366, 37.412, 35.371, 35.53, 36.317, 36.354, 36.713, 38.028, 38.639, 38.3, 37.457, 36.731, 36.944, 37.169, 36.607, 35.623, 35.127, 34.978, 34.544, 34.018, 33.977, 34.568, 34.872, 34.563, 34.118, 34.087, 34.368, 35.345, 36.662, 37.221, 36.946, 36.72, 36.791, 36.751, 36.501, 36.271, 36.179, 35.827, 18.66], [19.57, 17.651, 15.959, 14.695, 12.039, 6.964, 0.0, 6.675, 11.044, 13.109, 14.288, 16.353, 19.549, 21.992, 23.019, 23.957, 25.866, 27.356, 27.62, 29.004, 31.625, 32.94, 33.572, 33.989, 34.452, 35.305, 36.242, 37.377, 37.979, 37.646, 37.907, 38.415, 38.026, 37.623, 37.712, 37.589, 37.382, 37.484, 37.643, 37.427, 37.4, 37.761, 37.874, 37.815, 38.2, 38.227, 37.488, 37.236, 36.794, 35.357, 34.86, 35.493, 34.789, 34.061, 36.976, 44.012, 49.633, 50.55, 49.752, 50.228, 50.589, 49.719, 48.879, 48.28, 47.791, 47.78, 47.463, 47.129, 48.606, 49.704, 49.456, 49.212, 49.747, 50.693, 51.209, 50.619, 49.076, 47.313, 46.218, 45.896, 45.743, 45.319, 44.748, 44.633, 45.485, 45.936, 45.562, 45.351, 45.973, 46.883, 47.546, 48.454, 48.819, 46.514, 42.637, 38.247, 36.74, 36.191, 34.994, 34.785, 35.145, 34.789, 35.343, 36.448, 37.315, 37.088, 37.69, 39.676, 40.425, 39.687, 39.419, 39.502, 39.538, 39.199, 39.095, 38.941, 38.465, 38.196, 38.222, 38.419, 38.731, 39.02, 39.102, 39.169, 39.538, 39.956, 39.994, 39.605, 39.567, 40.371, 41.146, 41.166, 41.135, 42.508, 43.596, 44.943, 46.847, 45.247, 42.908, 42.343, 40.471, 39.564, 41.565, 43.22, 43.219, 43.303, 43.387, 43.185, 43.477, 43.889, 43.888, 43.774, 43.827, 44.158, 44.787, 45.899, 47.574, 48.265, 48.624, 48.899, 48.651, 48.788, 50.069, 48.646, 43.124, 40.408, 42.183, 41.254, 37.265, 35.296, 35.493, 36.257, 36.222, 36.543, 37.883, 38.518, 38.186, 37.327, 36.577, 36.77, 36.987, 36.428, 35.455, 34.951, 34.791, 34.377, 33.912, 33.917, 34.528, 34.841, 34.541, 34.088, 34.067, 34.371, 35.322, 36.599, 37.141, 36.858, 36.64, 36.73, 36.688, 36.42, 36.201, 36.139, 35.788, 20.808], [22.276, 20.595, 19.092, 17.947, 15.994, 12.356, 6.675, 0.0, 5.671, 8.873, 10.522, 13.256, 17.381, 20.317, 21.484, 22.586, 24.79, 26.463, 26.799, 28.334, 31.179, 32.684, 33.463, 33.957, 34.465, 35.296, 36.168, 37.268, 37.87, 37.573, 37.844, 38.357, 38.046, 37.75, 37.89, 37.774, 37.564, 37.671, 37.832, 37.615, 37.594, 37.959, 38.067, 37.999, 38.379, 38.425, 37.696, 37.427, 37.001, 35.602, 35.112, 35.761, 35.14, 34.487, 37.343, 44.266, 49.834, 50.74, 49.925, 50.344, 50.664, 49.793, 48.964, 48.377, 47.888, 47.861, 47.577, 47.244, 48.714, 49.83, 49.603, 49.362, 49.898, 50.848, 51.362, 50.777, 49.25, 47.502, 46.422, 46.122, 45.984, 45.556, 44.99, 44.888, 45.747, 46.213, 45.857, 45.64, 46.243, 47.141, 47.793, 48.706, 49.09, 46.76, 42.799, 38.411, 36.946, 36.433, 35.278, 35.101, 35.526, 35.212, 35.759, 36.854, 37.715, 37.473, 38.044, 40.01, 40.769, 40.048, 39.774, 39.841, 39.861, 39.503, 39.395, 39.26, 38.797, 38.521, 38.532, 38.715, 39.013, 39.29, 39.362, 39.416, 39.761, 40.163, 40.191, 39.767, 39.664, 40.424, 41.192, 41.229, 41.224, 42.617, 43.702, 45.029, 46.908, 45.366, 43.118, 42.554, 40.718, 39.841, 41.781, 43.392, 43.402, 43.493, 43.56, 43.338, 43.62, 44.024, 44.018, 43.897, 43.937, 44.255, 44.877, 45.993, 47.687, 48.382, 48.735, 49.008, 48.761, 48.892, 50.157, 48.748, 43.274, 40.565, 42.276, 41.341, 37.474, 35.649, 35.853, 36.571, 36.521, 36.839, 38.185, 38.835, 38.515, 37.663, 36.917, 37.086, 37.295, 36.774, 35.856, 35.369, 35.194, 34.788, 34.362, 34.395, 35.002, 35.315, 35.021, 34.565, 34.557, 34.866, 35.765, 36.962, 37.473, 37.19, 36.987, 37.093, 37.053, 36.778, 36.574, 36.544, 36.207, 23.343], [24.251, 22.619, 21.151, 20.007, 18.274, 15.361, 11.044, 5.671, 0.0, 4.348, 7.198, 10.547, 15.238, 18.62, 19.966, 21.135, 23.528, 25.381, 25.873, 27.722, 30.905, 32.632, 33.549, 34.124, 34.67, 35.446, 36.228, 37.258, 37.842, 37.574, 37.837, 38.323, 38.055, 37.848, 38.058, 37.977, 37.765, 37.887, 38.08, 37.866, 37.823, 38.177, 38.294, 38.233, 38.607, 38.671, 37.973, 37.702, 37.307, 35.977, 35.488, 36.143, 35.615, 35.053, 37.803, 44.536, 49.994, 50.884, 50.089, 50.495, 50.8, 49.936, 49.115, 48.532, 48.051, 48.014, 47.753, 47.443, 48.884, 49.97, 49.751, 49.526, 50.064, 51.011, 51.528, 50.963, 49.473, 47.76, 46.705, 46.422, 46.288, 45.87, 45.329, 45.244, 46.097, 46.545, 46.183, 45.956, 46.543, 47.438, 48.092, 48.993, 49.37, 47.008, 42.98, 38.618, 37.221, 36.757, 35.7, 35.61, 36.059, 35.755, 36.304, 37.389, 38.248, 38.011, 38.576, 40.511, 41.248, 40.543, 40.283, 40.343, 40.345, 39.961, 39.802, 39.632, 39.179, 38.899, 38.872, 39.019, 39.306, 39.58, 39.644, 39.677, 39.986, 40.361, 40.385, 39.954, 39.797, 40.483, 41.202, 41.203, 41.174, 42.576, 43.672, 44.985, 46.82, 45.345, 43.254, 42.751, 40.977, 40.132, 42.002, 43.569, 43.588, 43.679, 43.721, 43.479, 43.744, 44.135, 44.126, 44.014, 44.059, 44.368, 44.973, 46.059, 47.745, 48.443, 48.78, 49.037, 48.789, 48.89, 50.109, 48.738, 43.38, 40.746, 42.386, 41.49, 37.823, 36.126, 36.308, 36.992, 36.978, 37.305, 38.626, 39.267, 38.961, 38.143, 37.43, 37.584, 37.786, 37.295, 36.427, 35.959, 35.787, 35.395, 34.992, 35.017, 35.574, 35.856, 35.562, 35.106, 35.094, 35.376, 36.184, 37.268, 37.738, 37.473, 37.289, 37.397, 37.352, 37.071, 36.875, 36.858, 36.539, 25.278], [25.242, 23.618, 22.149, 21.015, 19.419, 16.804, 13.109, 8.873, 4.348, 0.0, 4.17, 8.801, 13.934, 17.387, 18.781, 20.076, 22.709, 24.719, 25.307, 27.342, 30.703, 32.547, 33.554, 34.171, 34.717, 35.478, 36.227, 37.195, 37.744, 37.481, 37.735, 38.204, 37.954, 37.784, 38.032, 37.982, 37.775, 37.894, 38.105, 37.906, 37.854, 38.19, 38.31, 38.266, 38.643, 38.709, 38.027, 37.757, 37.375, 36.106, 35.654, 36.316, 35.826, 35.323, 37.984, 44.553, 49.906, 50.776, 50.012, 50.436, 50.738, 49.881, 49.059, 48.476, 48.013, 47.983, 47.729, 47.427, 48.822, 49.869, 49.646, 49.43, 49.972, 50.919, 51.443, 50.895, 49.435, 47.754, 46.719, 46.43, 46.285, 45.897, 45.409, 45.337, 46.177, 46.614, 46.249, 46.025, 46.614, 47.514, 48.161, 49.038, 49.405, 47.031, 42.963, 38.627, 37.294, 36.851, 35.849, 35.83, 36.306, 36.005, 36.555, 37.615, 38.46, 38.254, 38.861, 40.786, 41.503, 40.809, 40.56, 40.622, 40.622, 40.237, 40.044, 39.839, 39.389, 39.113, 39.064, 39.184, 39.458, 39.724, 39.78, 39.8, 40.088, 40.444, 40.466, 40.034, 39.832, 40.452, 41.118, 41.07, 40.982, 42.35, 43.443, 44.746, 46.548, 45.079, 43.096, 42.665, 40.938, 40.133, 41.99, 43.539, 43.566, 43.665, 43.693, 43.44, 43.697, 44.082, 44.081, 43.984, 44.035, 44.338, 44.933, 45.998, 47.662, 48.358, 48.684, 48.924, 48.667, 48.737, 49.919, 48.591, 43.361, 40.843, 42.429, 41.583, 38.062, 36.388, 36.552, 37.228, 37.212, 37.52, 38.814, 39.443, 39.15, 38.365, 37.686, 37.842, 38.043, 37.562, 36.723, 36.275, 36.113, 35.728, 35.336, 35.344, 35.843, 36.087, 35.796, 35.347, 35.314, 35.553, 36.283, 37.276, 37.71, 37.46, 37.296, 37.419, 37.388, 37.118, 36.935, 36.928, 36.62, 26.259], [25.745, 24.145, 22.717, 21.638, 20.17, 17.764, 14.288, 10.522, 7.198, 4.17, 0.0, 6.272, 12.72, 16.5, 17.826, 19.233, 22.219, 24.448, 25.089, 27.145, 30.503, 32.357, 33.399, 34.027, 34.574, 35.379, 36.191, 37.183, 37.721, 37.447, 37.705, 38.18, 37.931, 37.755, 37.99, 37.938, 37.755, 37.886, 38.089, 37.884, 37.842, 38.18, 38.288, 38.239, 38.613, 38.661, 37.958, 37.677, 37.28, 36.002, 35.568, 36.251, 35.722, 35.199, 37.87, 44.45, 49.804, 50.682, 49.928, 50.357, 50.661, 49.804, 48.976, 48.394, 47.949, 47.933, 47.676, 47.37, 48.757, 49.805, 49.582, 49.362, 49.899, 50.846, 51.376, 50.829, 49.359, 47.667, 46.634, 46.341, 46.188, 45.807, 45.332, 45.268, 46.118, 46.561, 46.197, 45.987, 46.604, 47.521, 48.167, 49.03, 49.398, 47.033, 42.924, 38.541, 37.208, 36.759, 35.732, 35.712, 36.196, 35.896, 36.463, 37.53, 38.377, 38.201, 38.851, 40.8, 41.529, 40.844, 40.598, 40.66, 40.658, 40.267, 40.067, 39.86, 39.409, 39.135, 39.091, 39.216, 39.486, 39.745, 39.795, 39.817, 40.105, 40.46, 40.489, 40.05, 39.818, 40.409, 41.062, 41.022, 40.928, 42.264, 43.332, 44.639, 46.445, 44.957, 42.984, 42.547, 40.793, 39.997, 41.879, 43.425, 43.444, 43.545, 43.577, 43.331, 43.6, 43.993, 44.001, 43.908, 43.956, 44.256, 44.854, 45.931, 47.591, 48.285, 48.615, 48.847, 48.58, 48.655, 49.846, 48.512, 43.291, 40.818, 42.395, 41.564, 38.041, 36.339, 36.522, 37.193, 37.155, 37.459, 38.76, 39.391, 39.097, 38.307, 37.634, 37.803, 38.01, 37.522, 36.675, 36.228, 36.061, 35.664, 35.273, 35.281, 35.768, 36.006, 35.717, 35.268, 35.217, 35.424, 36.136, 37.122, 37.549, 37.298, 37.139, 37.272, 37.251, 36.98, 36.793, 36.795, 36.487, 26.739], [26.461, 24.947, 23.669, 22.742, 21.434, 19.307, 16.353, 13.256, 10.547, 8.801, 6.272, 0.0, 7.878, 12.926, 14.729, 16.288, 19.715, 22.384, 23.317, 25.774, 29.496, 31.541, 32.685, 33.384, 34.038, 34.952, 35.828, 36.89, 37.469, 37.203, 37.452, 37.92, 37.67, 37.505, 37.762, 37.733, 37.571, 37.763, 38.032, 37.835, 37.773, 38.119, 38.241, 38.197, 38.578, 38.624, 37.897, 37.597, 37.171, 35.811, 35.333, 36.069, 35.468, 34.859, 37.625, 44.363, 49.758, 50.614, 49.828, 50.268, 50.586, 49.732, 48.898, 48.313, 47.884, 47.866, 47.565, 47.313, 48.778, 49.86, 49.644, 49.429, 49.973, 50.926, 51.462, 50.917, 49.427, 47.7, 46.653, 46.379, 46.252, 45.867, 45.37, 45.308, 46.189, 46.65, 46.278, 46.063, 46.677, 47.591, 48.245, 49.117, 49.492, 47.085, 42.831, 38.32, 37.002, 36.567, 35.556, 35.545, 35.982, 35.643, 36.26, 37.369, 38.242, 38.093, 38.75, 40.718, 41.473, 40.796, 40.544, 40.597, 40.589, 40.184, 39.973, 39.751, 39.291, 39.02, 38.973, 39.098, 39.378, 39.647, 39.701, 39.717, 40.002, 40.359, 40.38, 39.913, 39.642, 40.192, 40.82, 40.798, 40.753, 42.113, 43.157, 44.477, 46.303, 44.777, 42.795, 42.366, 40.586, 39.788, 41.689, 43.241, 43.264, 43.384, 43.428, 43.183, 43.455, 43.854, 43.868, 43.774, 43.819, 44.124, 44.747, 45.878, 47.565, 48.26, 48.595, 48.812, 48.523, 48.596, 49.79, 48.431, 43.129, 40.6, 42.22, 41.353, 37.82, 36.154, 36.368, 37.05, 37.014, 37.302, 38.598, 39.229, 38.931, 38.107, 37.398, 37.574, 37.79, 37.25, 36.336, 35.868, 35.699, 35.302, 34.941, 34.989, 35.478, 35.709, 35.406, 34.93, 34.851, 35.064, 35.815, 36.825, 37.254, 36.987, 36.816, 36.96, 36.948, 36.652, 36.421, 36.409, 36.094, 27.384], [27.911, 26.589, 25.537, 24.805, 23.712, 21.89, 19.549, 17.381, 15.238, 13.934, 12.72, 7.878, 0.0, 6.483, 9.935, 12.576, 16.572, 19.644, 21.032, 24.217, 28.585, 30.988, 32.296, 33.108, 33.914, 34.923, 35.751, 36.766, 37.362, 37.127, 37.331, 37.749, 37.516, 37.394, 37.726, 37.776, 37.626, 37.85, 38.205, 38.051, 37.954, 38.28, 38.429, 38.42, 38.817, 38.883, 38.161, 37.845, 37.415, 36.054, 35.578, 36.359, 35.773, 35.19, 38.011, 44.736, 49.983, 50.717, 49.886, 50.323, 50.639, 49.793, 48.964, 48.38, 47.97, 47.936, 47.586, 47.426, 48.958, 50.041, 49.839, 49.648, 50.209, 51.17, 51.708, 51.176, 49.715, 48.014, 46.981, 46.717, 46.61, 46.284, 45.839, 45.779, 46.658, 47.132, 46.763, 46.518, 47.078, 47.954, 48.587, 49.454, 49.826, 47.324, 42.888, 38.369, 37.167, 36.802, 35.895, 35.952, 36.37, 36.039, 36.692, 37.784, 38.635, 38.49, 39.138, 41.073, 41.812, 41.136, 40.873, 40.918, 40.915, 40.525, 40.281, 39.988, 39.506, 39.244, 39.17, 39.257, 39.535, 39.826, 39.888, 39.884, 40.141, 40.479, 40.48, 40.003, 39.69, 40.152, 40.689, 40.595, 40.538, 41.92, 42.947, 44.229, 46.0, 44.411, 42.532, 42.27, 40.603, 39.877, 41.8, 43.366, 43.437, 43.616, 43.695, 43.453, 43.7, 44.084, 44.102, 44.008, 44.048, 44.356, 45.005, 46.179, 47.867, 48.549, 48.864, 49.055, 48.755, 48.787, 49.924, 48.605, 43.397, 40.916, 42.547, 41.637, 38.141, 36.552, 36.758, 37.431, 37.381, 37.62, 38.871, 39.488, 39.205, 38.399, 37.694, 37.866, 38.076, 37.509, 36.586, 36.115, 35.951, 35.58, 35.268, 35.373, 35.839, 36.028, 35.716, 35.213, 35.081, 35.293, 36.054, 37.009, 37.389, 37.114, 36.933, 37.075, 37.081, 36.781, 36.521, 36.466, 36.157, 28.707], [29.202, 28.048, 27.14, 26.541, 25.625, 24.024, 21.992, 20.317, 18.62, 17.387, 16.5, 12.926, 6.483, 0.0, 5.377, 10.359, 15.432, 18.723, 20.325, 23.811, 28.413, 30.981, 32.348, 33.201, 34.074, 35.081, 35.81, 36.767, 37.369, 37.153, 37.313, 37.699, 37.48, 37.373, 37.752, 37.89, 37.777, 37.993, 38.379, 38.27, 38.164, 38.459, 38.622, 38.647, 39.051, 39.117, 38.407, 38.093, 37.683, 36.402, 35.971, 36.756, 36.246, 35.767, 38.578, 45.159, 50.237, 50.894, 50.048, 50.473, 50.78, 49.938, 49.106, 48.511, 48.094, 48.044, 47.708, 47.625, 49.166, 50.228, 50.03, 49.856, 50.423, 51.381, 51.912, 51.381, 49.941, 48.275, 47.259, 46.982, 46.868, 46.584, 46.179, 46.115, 46.971, 47.446, 47.086, 46.837, 47.373, 48.218, 48.817, 49.665, 50.028, 47.461, 42.961, 38.57, 37.481, 37.146, 36.294, 36.379, 36.821, 36.549, 37.23, 38.298, 39.108, 38.943, 39.6, 41.511, 42.223, 41.549, 41.27, 41.308, 41.31, 40.91, 40.606, 40.242, 39.744, 39.486, 39.385, 39.435, 39.707, 40.016, 40.092, 40.079, 40.318, 40.648, 40.647, 40.19, 39.895, 40.319, 40.774, 40.586, 40.469, 41.841, 42.852, 44.092, 45.792, 44.17, 42.365, 42.215, 40.67, 40.049, 42.0, 43.571, 43.682, 43.91, 44.021, 43.786, 44.012, 44.377, 44.392, 44.296, 44.329, 44.634, 45.283, 46.454, 48.126, 48.801, 49.103, 49.282, 48.986, 48.991, 50.077, 48.801, 43.74, 41.394, 42.993, 42.054, 38.572, 37.027, 37.236, 37.892, 37.818, 38.015, 39.208, 39.803, 39.547, 38.798, 38.139, 38.317, 38.536, 37.991, 37.091, 36.619, 36.457, 36.107, 35.825, 35.965, 36.411, 36.586, 36.29, 35.772, 35.576, 35.733, 36.447, 37.34, 37.668, 37.384, 37.197, 37.322, 37.327, 37.043, 36.78, 36.692, 36.388, 29.84], [29.677, 28.573, 27.708, 27.164, 26.347, 24.893, 23.019, 21.484, 19.966, 18.781, 17.826, 14.729, 9.935, 5.377, 0.0, 6.808, 13.697, 17.786, 19.694, 23.357, 28.038, 30.624, 31.997, 32.882, 33.777, 34.795, 35.586, 36.615, 37.242, 37.026, 37.186, 37.575, 37.344, 37.224, 37.605, 37.774, 37.7, 37.916, 38.281, 38.179, 38.093, 38.383, 38.537, 38.565, 38.98, 39.044, 38.332, 38.017, 37.611, 36.354, 35.929, 36.704, 36.23, 35.792, 38.589, 45.162, 50.288, 50.968, 50.126, 50.557, 50.866, 50.016, 49.169, 48.552, 48.103, 48.035, 47.752, 47.727, 49.278, 50.341, 50.138, 49.961, 50.525, 51.479, 52.004, 51.465, 50.013, 48.334, 47.307, 47.022, 46.892, 46.56, 46.104, 46.023, 46.876, 47.346, 46.982, 46.74, 47.296, 48.157, 48.757, 49.6, 49.953, 47.365, 42.88, 38.592, 37.502, 37.113, 36.256, 36.354, 36.781, 36.511, 37.238, 38.331, 39.121, 38.928, 39.589, 41.512, 42.216, 41.536, 41.246, 41.277, 41.28, 40.889, 40.603, 40.251, 39.759, 39.499, 39.406, 39.464, 39.739, 40.054, 40.138, 40.129, 40.372, 40.714, 40.724, 40.275, 40.005, 40.438, 40.876, 40.683, 40.553, 41.882, 42.855, 44.112, 45.827, 44.223, 42.375, 42.149, 40.597, 40.011, 41.965, 43.525, 43.633, 43.861, 43.974, 43.737, 43.964, 44.325, 44.335, 44.233, 44.262, 44.561, 45.201, 46.354, 48.022, 48.706, 49.017, 49.198, 48.902, 48.924, 50.017, 48.739, 43.699, 41.384, 42.972, 42.012, 38.567, 37.05, 37.273, 37.928, 37.852, 38.029, 39.19, 39.777, 39.524, 38.78, 38.121, 38.301, 38.536, 38.004, 37.091, 36.604, 36.452, 36.112, 35.836, 35.981, 36.436, 36.623, 36.339, 35.813, 35.593, 35.706, 36.397, 37.313, 37.648, 37.354, 37.156, 37.263, 37.263, 36.984, 36.7, 36.591, 36.281, 30.243], [30.005, 28.915, 28.092, 27.594, 26.855, 25.571, 23.957, 22.586, 21.135, 20.076, 19.233, 16.288, 12.576, 10.359, 6.808, 0.0, 8.408, 13.958, 16.884, 21.383, 26.628, 29.458, 30.934, 31.977, 32.978, 34.082, 35.062, 36.274, 36.971, 36.759, 36.947, 37.374, 37.144, 37.015, 37.389, 37.557, 37.506, 37.749, 38.1, 37.978, 37.903, 38.217, 38.384, 38.425, 38.869, 38.958, 38.269, 37.972, 37.553, 36.251, 35.811, 36.557, 36.021, 35.5, 38.262, 44.885, 50.121, 50.816, 49.974, 50.42, 50.736, 49.897, 49.06, 48.44, 47.985, 47.912, 47.628, 47.605, 49.176, 50.257, 50.048, 49.864, 50.435, 51.403, 51.933, 51.398, 49.967, 48.306, 47.28, 46.991, 46.86, 46.508, 46.03, 45.932, 46.783, 47.263, 46.897, 46.626, 47.159, 48.028, 48.658, 49.527, 49.878, 47.291, 42.839, 38.526, 37.375, 36.958, 36.105, 36.256, 36.659, 36.346, 37.079, 38.166, 38.938, 38.725, 39.363, 41.286, 41.983, 41.293, 41.011, 41.043, 41.044, 40.68, 40.466, 40.171, 39.69, 39.429, 39.36, 39.449, 39.731, 40.036, 40.114, 40.106, 40.348, 40.685, 40.687, 40.235, 39.975, 40.429, 40.892, 40.76, 40.694, 41.998, 42.941, 44.236, 46.012, 44.456, 42.614, 42.304, 40.68, 40.036, 41.931, 43.459, 43.541, 43.726, 43.811, 43.552, 43.757, 44.105, 44.11, 44.014, 44.054, 44.363, 45.005, 46.151, 47.815, 48.497, 48.817, 48.998, 48.694, 48.737, 49.85, 48.561, 43.471, 41.078, 42.712, 41.756, 38.355, 36.862, 37.071, 37.742, 37.688, 37.852, 39.026, 39.621, 39.341, 38.553, 37.868, 38.052, 38.29, 37.739, 36.793, 36.293, 36.153, 35.826, 35.531, 35.631, 36.073, 36.255, 35.965, 35.452, 35.263, 35.397, 36.118, 37.092, 37.481, 37.202, 37.006, 37.111, 37.112, 36.825, 36.514, 36.391, 36.075, 30.592], [31.028, 30.019, 29.301, 28.879, 28.234, 27.145, 25.866, 24.79, 23.528, 22.709, 22.219, 19.715, 16.572, 15.432, 13.697, 8.408, 0.0, 7.096, 12.246, 18.668, 25.016, 28.398, 30.052, 31.284, 32.447, 33.634, 34.711, 36.064, 36.856, 36.662, 36.865, 37.333, 37.139, 37.012, 37.393, 37.592, 37.564, 37.834, 38.216, 38.107, 38.02, 38.345, 38.565, 38.674, 39.175, 39.312, 38.689, 38.439, 38.03, 36.724, 36.274, 36.952, 36.318, 35.714, 38.404, 44.892, 50.043, 50.709, 49.884, 50.338, 50.656, 49.859, 49.055, 48.443, 48.005, 47.942, 47.599, 47.526, 49.088, 50.158, 49.944, 49.763, 50.34, 51.313, 51.84, 51.315, 49.945, 48.372, 47.402, 47.112, 46.985, 46.698, 46.305, 46.211, 47.022, 47.507, 47.156, 46.848, 47.301, 48.121, 48.762, 49.655, 50.013, 47.447, 43.062, 38.75, 37.62, 37.268, 36.475, 36.701, 37.115, 36.805, 37.484, 38.489, 39.224, 39.025, 39.591, 41.43, 42.113, 41.43, 41.168, 41.199, 41.184, 40.811, 40.609, 40.325, 39.855, 39.607, 39.553, 39.654, 39.935, 40.227, 40.295, 40.283, 40.507, 40.805, 40.775, 40.335, 40.104, 40.576, 41.065, 40.998, 41.021, 42.341, 43.277, 44.545, 46.314, 44.836, 43.137, 42.845, 41.22, 40.535, 42.298, 43.74, 43.8, 43.938, 43.967, 43.654, 43.794, 44.102, 44.101, 44.018, 44.081, 44.404, 45.034, 46.139, 47.767, 48.434, 48.755, 48.932, 48.633, 48.691, 49.796, 48.518, 43.46, 41.062, 42.741, 41.841, 38.575, 37.182, 37.349, 38.012, 37.982, 38.146, 39.32, 39.911, 39.61, 38.807, 38.136, 38.325, 38.544, 37.953, 36.974, 36.462, 36.332, 36.028, 35.73, 35.776, 36.167, 36.317, 36.025, 35.559, 35.427, 35.591, 36.32, 37.308, 37.732, 37.497, 37.324, 37.428, 37.429, 37.136, 36.824, 36.704, 36.4, 31.619], [31.928, 31.02, 30.406, 30.049, 29.451, 28.463, 27.356, 26.463, 25.381, 24.719, 24.448, 22.384, 19.644, 18.723, 17.786, 13.958, 7.096, 0.0, 7.282, 15.969, 23.595, 27.588, 29.395, 30.712, 32.003, 33.237, 34.33, 35.749, 36.598, 36.426, 36.628, 37.112, 36.944, 36.827, 37.224, 37.461, 37.451, 37.742, 38.178, 38.104, 38.007, 38.344, 38.626, 38.815, 39.366, 39.524, 38.937, 38.722, 38.335, 37.069, 36.649, 37.296, 36.623, 36.085, 38.839, 45.175, 50.188, 50.829, 50.013, 50.469, 50.791, 50.025, 49.248, 48.649, 48.231, 48.182, 47.814, 47.687, 49.194, 50.232, 50.014, 49.839, 50.409, 51.365, 51.875, 51.339, 49.981, 48.454, 47.539, 47.253, 47.101, 46.849, 46.534, 46.45, 47.219, 47.7, 47.365, 47.056, 47.48, 48.265, 48.886, 49.777, 50.159, 47.616, 43.274, 39.013, 37.948, 37.63, 36.839, 37.087, 37.55, 37.303, 37.95, 38.885, 39.607, 39.454, 39.99, 41.771, 42.452, 41.788, 41.535, 41.562, 41.536, 41.113, 40.842, 40.516, 40.04, 39.807, 39.75, 39.824, 40.078, 40.355, 40.423, 40.417, 40.636, 40.9, 40.834, 40.393, 40.177, 40.642, 41.113, 41.04, 41.077, 42.437, 43.424, 44.672, 46.4, 44.921, 43.348, 43.144, 41.576, 40.925, 42.631, 44.019, 44.085, 44.215, 44.206, 43.855, 43.961, 44.248, 44.242, 44.159, 44.23, 44.564, 45.181, 46.233, 47.822, 48.488, 48.805, 48.976, 48.696, 48.781, 49.883, 48.609, 43.619, 41.305, 42.977, 42.146, 39.027, 37.68, 37.818, 38.453, 38.403, 38.574, 39.753, 40.339, 40.041, 39.259, 38.62, 38.801, 38.987, 38.362, 37.359, 36.84, 36.7, 36.402, 36.138, 36.182, 36.535, 36.667, 36.376, 35.929, 35.804, 35.927, 36.578, 37.528, 37.973, 37.784, 37.619, 37.699, 37.685, 37.391, 37.094, 36.979, 36.688, 32.467], [31.831, 31.049, 30.588, 30.348, 29.767, 28.743, 27.62, 26.799, 25.873, 25.307, 25.089, 23.317, 21.032, 20.325, 19.694, 16.884, 12.246, 7.282, 0.0, 10.337, 19.757, 24.834, 26.978, 28.467, 30.016, 31.372, 32.69, 34.433, 35.428, 35.256, 35.476, 36.015, 35.852, 35.724, 36.165, 36.45, 36.453, 36.774, 37.263, 37.203, 37.12, 37.503, 37.835, 38.088, 38.73, 38.911, 38.29, 38.064, 37.635, 36.265, 35.842, 36.538, 35.814, 35.338, 38.432, 45.046, 50.17, 50.773, 49.91, 50.391, 50.753, 49.989, 49.203, 48.601, 48.185, 48.151, 47.768, 47.548, 49.022, 50.073, 49.851, 49.667, 50.235, 51.194, 51.7, 51.128, 49.704, 48.13, 47.214, 46.917, 46.708, 46.4, 46.054, 45.96, 46.747, 47.246, 46.894, 46.566, 47.009, 47.833, 48.475, 49.401, 49.838, 47.295, 42.916, 38.561, 37.456, 37.09, 36.155, 36.381, 36.92, 36.681, 37.345, 38.324, 39.099, 38.97, 39.549, 41.431, 42.16, 41.48, 41.219, 41.256, 41.236, 40.738, 40.38, 40.02, 39.517, 39.282, 39.226, 39.277, 39.5, 39.764, 39.839, 39.862, 40.113, 40.376, 40.296, 39.865, 39.716, 40.249, 40.737, 40.625, 40.633, 42.077, 43.162, 44.51, 46.345, 44.785, 43.091, 42.878, 41.261, 40.579, 42.35, 43.792, 43.863, 43.976, 43.948, 43.591, 43.722, 44.03, 44.02, 43.927, 43.993, 44.33, 44.961, 46.042, 47.706, 48.413, 48.738, 48.908, 48.629, 48.762, 49.925, 48.594, 43.467, 41.14, 42.856, 42.043, 38.733, 37.218, 37.374, 38.025, 37.905, 38.067, 39.327, 39.946, 39.632, 38.817, 38.155, 38.32, 38.476, 37.797, 36.748, 36.226, 36.071, 35.739, 35.487, 35.54, 35.922, 36.096, 35.8, 35.3, 35.15, 35.219, 35.796, 36.772, 37.291, 37.124, 36.928, 36.955, 36.895, 36.597, 36.35, 36.269, 35.964, 32.221], [32.262, 31.715, 31.524, 31.507, 31.056, 30.095, 29.004, 28.334, 27.722, 27.342, 27.145, 25.774, 24.217, 23.811, 23.357, 21.383, 18.668, 15.969, 10.337, 0.0, 11.262, 18.567, 21.801, 23.86, 25.92, 27.44, 29.424, 32.171, 33.599, 33.426, 33.704, 34.411, 34.302, 34.164, 34.677, 35.047, 35.079, 35.437, 35.958, 35.883, 35.838, 36.299, 36.668, 37.002, 37.826, 38.132, 37.531, 37.303, 36.772, 35.17, 34.685, 35.415, 34.63, 34.165, 37.581, 44.531, 49.79, 50.32, 49.423, 49.959, 50.369, 49.599, 48.808, 48.204, 47.775, 47.751, 47.36, 47.035, 48.492, 49.57, 49.332, 49.13, 49.703, 50.67, 51.169, 50.558, 49.074, 47.471, 46.556, 46.251, 46.0, 45.647, 45.252, 45.123, 45.941, 46.481, 46.113, 45.733, 46.157, 47.005, 47.681, 48.675, 49.187, 46.689, 42.424, 38.095, 36.87, 36.395, 35.287, 35.447, 35.997, 35.701, 36.393, 37.439, 38.23, 38.064, 38.739, 40.776, 41.561, 40.845, 40.575, 40.631, 40.622, 40.049, 39.607, 39.233, 38.715, 38.488, 38.457, 38.513, 38.706, 38.944, 39.035, 39.111, 39.423, 39.717, 39.66, 39.306, 39.335, 40.046, 40.592, 40.44, 40.435, 41.874, 42.958, 44.391, 46.405, 44.863, 42.965, 42.648, 40.926, 40.174, 42.03, 43.551, 43.617, 43.701, 43.686, 43.364, 43.544, 43.879, 43.865, 43.76, 43.806, 44.121, 44.773, 45.963, 47.788, 48.546, 48.88, 49.063, 48.791, 48.971, 50.2, 48.809, 43.514, 41.112, 42.854, 42.061, 38.373, 36.481, 36.657, 37.381, 37.146, 37.194, 38.491, 39.139, 38.793, 37.938, 37.275, 37.441, 37.557, 36.819, 35.775, 35.318, 35.178, 34.817, 34.538, 34.568, 35.046, 35.341, 35.067, 34.503, 34.344, 34.391, 34.928, 35.978, 36.584, 36.418, 36.182, 36.145, 36.017, 35.721, 35.564, 35.576, 35.245, 32.39], [33.699, 33.377, 33.402, 33.546, 33.267, 32.528, 31.625, 31.179, 30.905, 30.703, 30.503, 29.496, 28.585, 28.413, 28.038, 26.628, 25.016, 23.595, 19.757, 11.262, 0.0, 9.863, 15.363, 18.704, 21.31, 22.877, 25.818, 30.018, 32.064, 31.929, 32.274, 33.192, 33.203, 33.084, 33.624, 34.016, 34.056, 34.45, 34.987, 34.898, 34.916, 35.466, 35.879, 36.28, 37.26, 37.783, 37.396, 37.282, 36.689, 34.938, 34.444, 35.177, 34.397, 33.907, 37.25, 44.104, 49.319, 49.778, 48.904, 49.515, 49.961, 49.19, 48.421, 47.825, 47.356, 47.308, 46.953, 46.643, 48.141, 49.234, 48.976, 48.774, 49.342, 50.282, 50.759, 50.134, 48.633, 47.028, 46.108, 45.815, 45.584, 45.227, 44.798, 44.627, 45.444, 46.011, 45.655, 45.298, 45.776, 46.643, 47.306, 48.3, 48.838, 46.493, 42.592, 38.557, 37.226, 36.651, 35.492, 35.523, 35.957, 35.595, 36.259, 37.278, 38.0, 37.809, 38.599, 40.713, 41.523, 40.78, 40.492, 40.559, 40.562, 39.971, 39.501, 39.122, 38.604, 38.383, 38.37, 38.425, 38.582, 38.79, 38.902, 39.035, 39.401, 39.732, 39.691, 39.399, 39.598, 40.493, 41.093, 40.941, 40.932, 42.208, 43.132, 44.529, 46.611, 45.22, 43.272, 42.861, 41.114, 40.355, 42.244, 43.795, 43.865, 43.945, 43.972, 43.704, 43.912, 44.243, 44.215, 44.097, 44.118, 44.402, 45.062, 46.337, 48.231, 48.974, 49.299, 49.507, 49.247, 49.41, 50.632, 49.228, 43.888, 41.414, 43.126, 42.364, 38.558, 36.442, 36.636, 37.406, 37.065, 36.972, 38.175, 38.786, 38.415, 37.566, 36.935, 37.099, 37.177, 36.474, 35.585, 35.265, 35.151, 34.8, 34.481, 34.462, 35.012, 35.429, 35.234, 34.682, 34.524, 34.543, 35.056, 36.133, 36.741, 36.557, 36.318, 36.278, 36.138, 35.866, 35.786, 35.884, 35.563, 33.627], [34.374, 34.184, 34.317, 34.521, 34.303, 33.683, 32.94, 32.684, 32.632, 32.547, 32.357, 31.541, 30.988, 30.981, 30.624, 29.458, 28.398, 27.588, 24.834, 18.567, 9.863, 0.0, 8.12, 14.076, 17.72, 19.311, 22.941, 28.182, 30.636, 30.499, 30.895, 31.987, 32.086, 31.952, 32.424, 32.742, 32.773, 33.189, 33.725, 33.661, 33.78, 34.427, 34.879, 35.286, 36.297, 36.971, 36.868, 37.031, 36.56, 34.767, 34.241, 34.99, 34.226, 33.662, 36.896, 43.71, 48.98, 49.496, 48.663, 49.295, 49.757, 48.987, 48.236, 47.638, 47.121, 47.037, 46.695, 46.4, 47.981, 49.124, 48.862, 48.658, 49.229, 50.167, 50.648, 50.016, 48.479, 46.822, 45.844, 45.536, 45.331, 44.969, 44.494, 44.28, 45.077, 45.66, 45.342, 45.054, 45.637, 46.551, 47.194, 48.14, 48.654, 46.438, 42.828, 38.948, 37.496, 36.914, 35.765, 35.629, 35.927, 35.515, 36.111, 37.072, 37.731, 37.542, 38.394, 40.554, 41.414, 40.682, 40.381, 40.448, 40.459, 39.896, 39.489, 39.143, 38.606, 38.367, 38.374, 38.453, 38.61, 38.81, 38.934, 39.083, 39.454, 39.806, 39.783, 39.489, 39.738, 40.734, 41.4, 41.331, 41.396, 42.575, 43.354, 44.706, 46.813, 45.519, 43.47, 42.947, 41.162, 40.389, 42.319, 43.917, 44.005, 44.095, 44.152, 43.906, 44.121, 44.451, 44.426, 44.31, 44.323, 44.605, 45.29, 46.633, 48.549, 49.268, 49.582, 49.811, 49.543, 49.653, 50.864, 49.448, 43.943, 41.244, 42.989, 42.175, 38.269, 36.14, 36.367, 37.129, 36.714, 36.587, 37.716, 38.247, 37.83, 36.965, 36.335, 36.489, 36.557, 35.944, 35.239, 35.021, 34.914, 34.566, 34.241, 34.217, 34.82, 35.323, 35.179, 34.659, 34.512, 34.533, 35.113, 36.257, 36.845, 36.629, 36.398, 36.392, 36.28, 36.031, 35.985, 36.128, 35.823, 34.177], [34.687, 34.568, 34.748, 34.956, 34.739, 34.183, 33.572, 33.463, 33.549, 33.554, 33.399, 32.685, 32.296, 32.348, 31.997, 30.934, 30.052, 29.395, 26.978, 21.801, 15.363, 8.12, 0.0, 8.766, 14.725, 16.807, 20.49, 26.36, 29.141, 29.008, 29.403, 30.59, 30.714, 30.532, 30.958, 31.267, 31.344, 31.801, 32.373, 32.379, 32.608, 33.34, 33.829, 34.257, 35.299, 36.02, 36.028, 36.412, 36.174, 34.506, 33.951, 34.702, 33.99, 33.498, 36.795, 43.706, 49.035, 49.599, 48.777, 49.405, 49.88, 49.109, 48.35, 47.75, 47.23, 47.147, 46.79, 46.446, 48.032, 49.191, 48.929, 48.717, 49.276, 50.213, 50.697, 50.048, 48.46, 46.745, 45.734, 45.42, 45.208, 44.816, 44.305, 44.088, 44.877, 45.459, 45.147, 44.877, 45.5, 46.45, 47.096, 48.026, 48.534, 46.365, 42.889, 39.114, 37.634, 37.053, 35.902, 35.689, 35.945, 35.503, 36.048, 37.006, 37.664, 37.485, 38.326, 40.459, 41.335, 40.653, 40.366, 40.434, 40.445, 39.888, 39.523, 39.216, 38.673, 38.421, 38.443, 38.556, 38.738, 38.948, 39.07, 39.221, 39.602, 39.973, 39.965, 39.674, 39.937, 40.967, 41.661, 41.646, 41.764, 42.935, 43.662, 44.963, 47.06, 45.759, 43.575, 42.962, 41.115, 40.316, 42.262, 43.867, 43.959, 44.064, 44.138, 43.905, 44.14, 44.49, 44.473, 44.351, 44.359, 44.652, 45.356, 46.724, 48.654, 49.365, 49.676, 49.918, 49.661, 49.782, 51.013, 49.559, 43.878, 41.049, 42.872, 41.997, 38.014, 35.919, 36.131, 36.868, 36.443, 36.309, 37.419, 37.93, 37.489, 36.597, 35.977, 36.17, 36.245, 35.664, 35.011, 34.8, 34.682, 34.327, 34.037, 34.059, 34.716, 35.259, 35.117, 34.606, 34.461, 34.485, 35.139, 36.364, 36.955, 36.718, 36.48, 36.474, 36.369, 36.124, 36.081, 36.23, 35.919, 34.436], [34.912, 34.816, 35.024, 35.25, 35.049, 34.535, 33.989, 33.957, 34.124, 34.171, 34.027, 33.384, 33.108, 33.201, 32.882, 31.977, 31.284, 30.712, 28.467, 23.86, 18.704, 14.076, 8.766, 0.0, 8.525, 12.827, 17.285, 23.559, 26.673, 26.686, 27.155, 28.446, 28.606, 28.44, 28.918, 29.269, 29.379, 29.876, 30.492, 30.538, 30.841, 31.684, 32.294, 32.842, 34.025, 34.867, 34.929, 35.377, 35.316, 33.917, 33.541, 34.311, 33.699, 33.459, 36.846, 43.711, 48.995, 49.526, 48.684, 49.316, 49.803, 49.031, 48.265, 47.668, 47.152, 47.089, 46.756, 46.383, 47.966, 49.156, 48.907, 48.691, 49.243, 50.178, 50.669, 50.02, 48.402, 46.64, 45.607, 45.305, 45.098, 44.661, 44.098, 43.901, 44.713, 45.273, 44.94, 44.697, 45.356, 46.327, 46.994, 47.947, 48.496, 46.411, 42.964, 39.151, 37.647, 37.043, 35.863, 35.615, 35.903, 35.492, 36.045, 37.04, 37.725, 37.554, 38.402, 40.522, 41.383, 40.733, 40.458, 40.526, 40.538, 39.97, 39.612, 39.361, 38.853, 38.599, 38.632, 38.788, 39.01, 39.233, 39.344, 39.501, 39.936, 40.368, 40.376, 40.077, 40.313, 41.299, 41.995, 42.011, 42.077, 43.166, 43.842, 45.074, 47.088, 45.744, 43.542, 42.935, 41.09, 40.257, 42.173, 43.78, 43.872, 43.988, 44.073, 43.857, 44.119, 44.485, 44.46, 44.312, 44.298, 44.589, 45.302, 46.672, 48.605, 49.318, 49.638, 49.9, 49.661, 49.805, 51.064, 49.605, 43.871, 41.024, 42.864, 42.005, 37.992, 35.873, 36.065, 36.793, 36.344, 36.181, 37.321, 37.883, 37.472, 36.603, 36.021, 36.267, 36.365, 35.801, 35.129, 34.859, 34.703, 34.357, 34.099, 34.142, 34.826, 35.386, 35.239, 34.72, 34.579, 34.602, 35.287, 36.558, 37.139, 36.893, 36.658, 36.663, 36.561, 36.317, 36.269, 36.422, 36.113, 34.66], [35.281, 35.208, 35.428, 35.649, 35.444, 34.951, 34.452, 34.465, 34.67, 34.717, 34.574, 34.038, 33.914, 34.074, 33.777, 32.978, 32.447, 32.003, 30.016, 25.92, 21.31, 17.72, 14.725, 8.525, 0.0, 7.656, 15.138, 21.99, 25.05, 25.068, 25.699, 27.167, 27.428, 27.37, 27.918, 28.249, 28.308, 28.757, 29.316, 29.348, 29.684, 30.589, 31.312, 32.001, 33.337, 34.373, 34.651, 35.17, 35.091, 33.922, 33.91, 34.73, 34.149, 33.913, 37.049, 43.512, 48.637, 49.171, 48.374, 49.007, 49.46, 48.692, 47.95, 47.351, 46.798, 46.723, 46.454, 46.122, 47.729, 48.946, 48.714, 48.507, 49.071, 50.012, 50.508, 49.875, 48.278, 46.532, 45.503, 45.202, 45.01, 44.586, 44.024, 43.828, 44.63, 45.168, 44.832, 44.615, 45.291, 46.269, 46.947, 47.878, 48.442, 46.529, 43.248, 39.456, 37.94, 37.349, 36.19, 35.917, 36.169, 35.77, 36.315, 37.252, 37.89, 37.73, 38.659, 40.774, 41.579, 40.907, 40.639, 40.712, 40.74, 40.224, 39.898, 39.679, 39.218, 38.979, 39.011, 39.176, 39.405, 39.62, 39.71, 39.861, 40.317, 40.772, 40.798, 40.512, 40.745, 41.698, 42.369, 42.373, 42.364, 43.337, 4