[[0.0, 5.126, 11.002, 16.143, 19.626, 21.544, 23.199, 25.272, 26.655, 27.615, 28.859, 29.824, 30.456, 31.66, 33.179, 34.21, 34.64, 34.637, 34.587, 34.606, 34.408, 34.317, 35.148, 36.509, 37.305, 37.46, 37.742, 38.276, 38.405, 37.676, 37.193, 37.054, 36.462, 35.565, 35.693, 37.05, 37.063, 36.098, 35.848, 35.101, 33.571, 33.149, 33.901, 34.071, 33.84, 33.85, 34.241, 34.084, 33.42, 32.947, 32.886, 33.099, 32.911, 32.55, 32.674, 32.754, 32.34, 32.438, 33.086, 33.36, 33.644, 34.153, 34.41, 34.371, 34.925, 36.01, 36.805, 36.908, 36.365, 36.576, 37.202, 37.666, 37.827, 37.59, 37.815, 38.0, 38.036, 38.415, 38.544, 37.738, 36.977, 36.829, 36.678, 36.498, 37.31, 38.236, 37.894, 37.208, 37.422, 37.69, 37.654, 37.818, 37.522, 36.613, 36.075, 36.184, 36.514, 36.18, 35.494, 35.294, 35.652, 35.92, 36.131, 36.316, 36.464, 37.061, 37.757, 37.786, 37.074, 35.777, 33.907, 32.953, 33.53, 34.059, 33.562, 33.385, 33.787, 33.877, 33.91, 34.331, 34.496, 34.281, 34.147, 34.219, 34.623, 34.847, 34.628, 34.226, 33.847, 34.527, 36.153, 36.683, 36.295, 35.978, 35.844, 35.864, 35.902, 35.991, 36.942, 38.081, 38.642, 38.656, 38.398, 38.998, 39.096, 5.878], [5.126, 0.0, 7.455, 14.001, 18.111, 20.177, 21.88, 24.083, 25.614, 26.683, 27.991, 28.969, 29.636, 30.906, 32.487, 33.558, 34.013, 34.019, 33.973, 34.0, 33.813, 33.738, 34.632, 36.081, 36.886, 37.007, 37.318, 37.929, 38.102, 37.349, 36.843, 36.704, 36.09, 35.151, 35.273, 36.669, 36.693, 35.723, 35.501, 34.765, 33.222, 32.817, 33.586, 33.755, 33.521, 33.539, 33.952, 33.782, 33.08, 32.589, 32.548, 32.775, 32.569, 32.197, 32.328, 32.388, 31.943, 32.068, 32.746, 33.013, 33.301, 33.812, 34.054, 34.0, 34.558, 35.665, 36.472, 36.572, 36.022, 36.247, 36.89, 37.363, 37.537, 37.307, 37.539, 37.738, 37.794, 38.195, 38.334, 37.515, 36.744, 36.602, 36.449, 36.248, 37.066, 38.013, 37.671, 36.966, 37.17, 37.438, 37.407, 37.575, 37.271, 36.348, 35.803, 35.916, 36.26, 35.93, 35.223, 35.014, 35.382, 35.668, 35.902, 36.095, 36.238, 36.829, 37.534, 37.584, 36.865, 35.518, 33.569, 32.56, 33.148, 33.697, 33.187, 33.008, 33.431, 33.515, 33.538, 33.964, 34.146, 33.92, 33.77, 33.853, 34.278, 34.512, 34.29, 33.874, 33.472, 34.189, 35.875, 36.407, 35.989, 35.65, 35.508, 35.533, 35.573, 35.651, 36.617, 37.78, 38.342, 38.356, 38.104, 38.715, 38.812, 8.68], [11.002, 7.455, 0.0, 8.355, 14.226, 17.07, 18.977, 21.428, 23.291, 24.61, 26.071, 27.164, 27.99, 29.438, 31.196, 32.422, 32.94, 32.973, 32.98, 33.079, 32.966, 32.934, 33.867, 35.421, 36.337, 36.502, 36.825, 37.473, 37.737, 37.055, 36.569, 36.425, 35.788, 34.823, 34.922, 36.323, 36.36, 35.423, 35.254, 34.507, 32.911, 32.534, 33.326, 33.492, 33.259, 33.298, 33.727, 33.53, 32.791, 32.275, 32.215, 32.416, 32.176, 31.799, 31.952, 31.993, 31.508, 31.662, 32.377, 32.637, 32.938, 33.486, 33.763, 33.709, 34.26, 35.382, 36.223, 36.335, 35.765, 35.989, 36.638, 37.127, 37.313, 37.069, 37.284, 37.489, 37.567, 37.994, 38.151, 37.33, 36.557, 36.438, 36.292, 36.04, 36.782, 37.697, 37.335, 36.607, 36.812, 37.084, 37.053, 37.215, 36.888, 35.939, 35.391, 35.507, 35.859, 35.529, 34.803, 34.578, 34.953, 35.276, 35.542, 35.765, 35.978, 36.641, 37.346, 37.32, 36.504, 35.099, 33.168, 32.197, 32.813, 33.363, 32.821, 32.63, 33.06, 33.142, 33.162, 33.6, 33.787, 33.566, 33.429, 33.543, 34.002, 34.245, 34.013, 33.572, 33.118, 33.799, 35.495, 36.025, 35.598, 35.258, 35.126, 35.164, 35.188, 35.219, 36.198, 37.416, 37.987, 37.99, 37.724, 38.327, 38.401, 12.507], [16.143, 14.001, 8.355, 0.0, 7.427, 11.711, 14.289, 17.072, 19.344, 21.053, 22.824, 24.334, 25.646, 27.403, 29.387, 30.849, 31.476, 31.577, 31.68, 31.915, 31.963, 32.027, 32.959, 34.557, 35.65, 36.044, 36.466, 37.093, 37.453, 36.998, 36.676, 36.611, 35.998, 34.997, 35.023, 36.381, 36.424, 35.529, 35.373, 34.548, 32.878, 32.581, 33.449, 33.606, 33.364, 33.407, 33.839, 33.607, 32.849, 32.349, 32.266, 32.392, 32.096, 31.73, 31.948, 32.001, 31.503, 31.745, 32.548, 32.793, 33.045, 33.589, 33.913, 33.877, 34.425, 35.555, 36.435, 36.535, 35.859, 36.056, 36.72, 37.228, 37.42, 37.162, 37.333, 37.518, 37.607, 38.041, 38.192, 37.348, 36.551, 36.45, 36.329, 36.029, 36.672, 37.536, 37.171, 36.437, 36.639, 36.917, 36.893, 37.048, 36.689, 35.69, 35.108, 35.213, 35.558, 35.221, 34.477, 34.2, 34.536, 34.876, 35.162, 35.416, 35.72, 36.483, 37.201, 37.1, 36.207, 34.803, 32.979, 32.111, 32.739, 33.29, 32.724, 32.491, 32.92, 33.01, 33.017, 33.452, 33.664, 33.493, 33.391, 33.507, 33.976, 34.241, 34.025, 33.58, 33.081, 33.72, 35.407, 35.928, 35.495, 35.143, 34.994, 35.027, 35.039, 35.023, 35.978, 37.237, 37.83, 37.814, 37.514, 38.119, 38.172, 17.307], [19.626, 18.111, 14.226, 7.427, 0.0, 5.668, 9.877, 13.431, 15.926, 17.895, 20.02, 22.087, 24.012, 26.079, 28.195, 29.801, 30.511, 30.674, 30.842, 31.163, 31.339, 31.511, 32.452, 34.03, 35.204, 35.818, 36.381, 36.965, 37.354, 37.166, 37.111, 37.197, 36.646, 35.608, 35.546, 36.827, 36.868, 35.989, 35.808, 34.967, 33.303, 33.069, 33.998, 34.14, 33.885, 33.909, 34.314, 34.065, 33.33, 32.871, 32.784, 32.872, 32.559, 32.225, 32.496, 32.563, 32.069, 32.371, 33.215, 33.437, 33.633, 34.141, 34.475, 34.455, 35.009, 36.121, 36.987, 37.054, 36.261, 36.423, 37.097, 37.604, 37.786, 37.532, 37.674, 37.829, 37.898, 38.307, 38.448, 37.605, 36.817, 36.74, 36.65, 36.349, 36.982, 37.844, 37.502, 36.801, 37.005, 37.277, 37.263, 37.414, 37.033, 36.006, 35.394, 35.496, 35.84, 35.5, 34.758, 34.457, 34.75, 35.062, 35.337, 35.575, 35.881, 36.662, 37.395, 37.3, 36.427, 35.061, 33.326, 32.543, 33.15, 33.693, 33.139, 32.885, 33.3, 33.392, 33.39, 33.808, 34.03, 33.885, 33.795, 33.881, 34.325, 34.611, 34.428, 33.998, 33.501, 34.156, 35.856, 36.362, 35.911, 35.542, 35.372, 35.398, 35.412, 35.396, 36.333, 37.592, 38.179, 38.141, 37.817, 38.415, 38.468, 20.909], [21.544, 20.177, 17.07, 11.711, 5.668, 0.0, 5.749, 10.642, 13.584, 15.573, 17.828, 20.294, 22.691, 25.026, 27.282, 29.015, 29.784, 29.988, 30.235, 30.648, 30.904, 31.133, 32.088, 33.662, 34.86, 35.559, 36.19, 36.767, 37.151, 37.092, 37.245, 37.501, 37.046, 36.011, 35.875, 37.088, 37.141, 36.297, 36.128, 35.334, 33.72, 33.505, 34.432, 34.551, 34.295, 34.309, 34.677, 34.422, 33.722, 33.28, 33.186, 33.276, 32.987, 32.682, 32.958, 33.019, 32.535, 32.825, 33.629, 33.834, 34.029, 34.533, 34.875, 34.868, 35.42, 36.507, 37.343, 37.396, 36.553, 36.672, 37.316, 37.808, 37.986, 37.739, 37.855, 37.979, 38.035, 38.444, 38.596, 37.789, 37.055, 37.007, 36.921, 36.621, 37.271, 38.143, 37.818, 37.139, 37.348, 37.614, 37.606, 37.755, 37.364, 36.335, 35.724, 35.836, 36.186, 35.86, 35.137, 34.845, 35.126, 35.417, 35.664, 35.876, 36.159, 36.912, 37.63, 37.531, 36.67, 35.343, 33.695, 32.971, 33.528, 34.054, 33.536, 33.281, 33.673, 33.775, 33.78, 34.172, 34.375, 34.237, 34.158, 34.227, 34.642, 34.923, 34.759, 34.345, 33.863, 34.528, 36.222, 36.716, 36.261, 35.894, 35.734, 35.769, 35.788, 35.786, 36.725, 37.971, 38.541, 38.495, 38.173, 38.754, 38.803, 22.841], [23.199, 21.88, 18.977, 14.289, 9.877, 5.749, 0.0, 6.214, 10.626, 13.015, 15.037, 17.704, 20.665, 23.43, 25.958, 27.902, 28.765, 29.058, 29.486, 30.081, 30.45, 30.71, 31.636, 33.192, 34.436, 35.198, 35.877, 36.478, 36.895, 36.897, 37.167, 37.559, 37.207, 36.196, 35.978, 37.105, 37.171, 36.392, 36.289, 35.603, 34.088, 33.89, 34.778, 34.878, 34.631, 34.636, 34.97, 34.719, 34.059, 33.626, 33.501, 33.568, 33.301, 33.026, 33.303, 33.358, 32.899, 33.177, 33.923, 34.114, 34.325, 34.832, 35.181, 35.175, 35.706, 36.768, 37.596, 37.659, 36.819, 36.908, 37.503, 37.988, 38.18, 37.931, 38.004, 38.083, 38.129, 38.545, 38.708, 37.944, 37.271, 37.245, 37.151, 36.841, 37.481, 38.331, 38.003, 37.322, 37.518, 37.78, 37.779, 37.923, 37.519, 36.48, 35.88, 36.018, 36.388, 36.089, 35.377, 35.081, 35.354, 35.623, 35.826, 36.017, 36.289, 37.01, 37.701, 37.59, 36.75, 35.501, 34.004, 33.357, 33.833, 34.34, 33.888, 33.639, 34.006, 34.126, 34.132, 34.496, 34.683, 34.563, 34.502, 34.577, 34.99, 35.27, 35.126, 34.731, 34.257, 34.882, 36.499, 36.963, 36.506, 36.136, 35.983, 36.026, 36.046, 36.054, 36.959, 38.155, 38.707, 38.672, 38.379, 38.942, 38.973, 24.448], [25.272, 24.083, 21.428, 17.072, 13.431, 10.642, 6.214, 0.0, 6.088, 9.778, 11.804, 14.464, 18.045, 21.419, 24.357, 26.592, 27.579, 27.985, 28.636, 29.453, 29.974, 30.294, 31.189, 32.725, 34.044, 34.902, 35.636, 36.27, 36.763, 36.87, 37.23, 37.686, 37.376, 36.394, 36.161, 37.245, 37.307, 36.584, 36.574, 36.007, 34.585, 34.44, 35.328, 35.409, 35.155, 35.163, 35.482, 35.228, 34.598, 34.19, 34.037, 34.046, 33.763, 33.509, 33.802, 33.857, 33.421, 33.726, 34.454, 34.624, 34.809, 35.278, 35.617, 35.616, 36.131, 37.17, 37.987, 38.026, 37.176, 37.276, 37.881, 38.369, 38.557, 38.298, 38.335, 38.378, 38.414, 38.821, 38.977, 38.227, 37.568, 37.541, 37.452, 37.13, 37.736, 38.55, 38.215, 37.535, 37.719, 37.982, 37.99, 38.122, 37.705, 36.67, 36.079, 36.218, 36.584, 36.293, 35.585, 35.29, 35.555, 35.803, 35.98, 36.153, 36.39, 37.06, 37.732, 37.666, 36.906, 35.751, 34.387, 33.821, 34.232, 34.724, 34.321, 34.075, 34.427, 34.542, 34.526, 34.865, 35.044, 34.933, 34.892, 34.985, 35.424, 35.729, 35.613, 35.23, 34.754, 35.308, 36.803, 37.221, 36.757, 36.361, 36.174, 36.205, 36.218, 36.217, 37.069, 38.206, 38.734, 38.711, 38.446, 39.009, 39.032, 26.408], [26.655, 25.614, 23.291, 19.344, 15.926, 13.584, 10.626, 6.088, 0.0, 5.196, 8.681, 11.818, 15.608, 19.472, 22.907, 25.416, 26.495, 26.957, 27.689, 28.606, 29.216, 29.62, 30.585, 32.182, 33.577, 34.501, 35.27, 35.927, 36.481, 36.688, 37.152, 37.661, 37.351, 36.381, 36.236, 37.407, 37.464, 36.75, 36.802, 36.233, 34.797, 34.716, 35.657, 35.732, 35.464, 35.489, 35.828, 35.559, 34.903, 34.497, 34.337, 34.308, 33.986, 33.718, 34.018, 34.063, 33.616, 33.934, 34.676, 34.837, 35.0, 35.445, 35.783, 35.793, 36.309, 37.343, 38.153, 38.15, 37.254, 37.351, 37.996, 38.496, 38.659, 38.376, 38.407, 38.448, 38.487, 38.9, 39.061, 38.305, 37.628, 37.602, 37.536, 37.214, 37.801, 38.605, 38.27, 37.603, 37.805, 38.084, 38.105, 38.227, 37.803, 36.797, 36.228, 36.352, 36.683, 36.371, 35.655, 35.37, 35.647, 35.889, 36.079, 36.284, 36.532, 37.194, 37.873, 37.854, 37.137, 35.977, 34.565, 33.978, 34.39, 34.879, 34.448, 34.189, 34.547, 34.637, 34.58, 34.896, 35.071, 34.951, 34.911, 35.027, 35.493, 35.807, 35.686, 35.301, 34.821, 35.36, 36.831, 37.239, 36.78, 36.365, 36.133, 36.141, 36.14, 36.109, 36.946, 38.094, 38.633, 38.622, 38.366, 38.956, 38.991, 27.681], [27.615, 26.683, 24.61, 21.053, 17.895, 15.573, 13.015, 9.778, 5.196, 0.0, 5.197, 9.73, 14.05, 18.346, 22.198, 24.842, 25.941, 26.42, 27.144, 28.069, 28.715, 29.153, 30.146, 31.753, 33.152, 34.095, 34.87, 35.503, 36.069, 36.371, 36.982, 37.608, 37.345, 36.39, 36.299, 37.541, 37.615, 36.898, 36.946, 36.365, 34.948, 34.926, 35.913, 35.985, 35.715, 35.757, 36.101, 35.829, 35.159, 34.744, 34.593, 34.567, 34.239, 33.965, 34.251, 34.29, 33.84, 34.114, 34.808, 34.952, 35.118, 35.567, 35.915, 35.935, 36.445, 37.463, 38.263, 38.265, 37.376, 37.451, 38.081, 38.571, 38.721, 38.442, 38.48, 38.509, 38.52, 38.911, 39.081, 38.36, 37.711, 37.695, 37.65, 37.358, 37.958, 38.762, 38.436, 37.785, 37.99, 38.28, 38.312, 38.433, 38.011, 37.025, 36.47, 36.58, 36.902, 36.596, 35.896, 35.63, 35.916, 36.15, 36.322, 36.54, 36.814, 37.479, 38.16, 38.149, 37.44, 36.278, 34.858, 34.253, 34.648, 35.119, 34.682, 34.425, 34.763, 34.838, 34.774, 35.078, 35.248, 35.129, 35.089, 35.205, 35.654, 35.943, 35.804, 35.424, 34.965, 35.529, 37.025, 37.447, 37.003, 36.597, 36.349, 36.343, 36.347, 36.303, 37.11, 38.255, 38.802, 38.789, 38.525, 39.114, 39.162, 28.586], [28.859, 27.991, 26.071, 22.824, 20.02, 17.828, 15.037, 11.804, 8.681, 5.197, 0.0, 6.046, 12.218, 17.537, 21.854, 24.644, 25.777, 26.328, 27.206, 28.267, 28.973, 29.374, 30.259, 31.771, 33.15, 34.098, 34.853, 35.437, 36.013, 36.438, 37.216, 37.962, 37.779, 36.857, 36.697, 37.859, 37.96, 37.31, 37.423, 36.994, 35.725, 35.725, 36.667, 36.729, 36.475, 36.508, 36.816, 36.566, 35.955, 35.561, 35.413, 35.391, 35.095, 34.852, 35.127, 35.176, 34.762, 34.963, 35.548, 35.677, 35.849, 36.271, 36.61, 36.637, 37.116, 38.081, 38.846, 38.862, 38.017, 38.055, 38.607, 39.059, 39.227, 38.985, 39.004, 38.988, 38.953, 39.296, 39.466, 38.834, 38.276, 38.263, 38.199, 37.924, 38.519, 39.298, 38.985, 38.354, 38.533, 38.809, 38.834, 38.941, 38.536, 37.593, 37.072, 37.196, 37.545, 37.288, 36.655, 36.431, 36.711, 36.916, 37.033, 37.21, 37.441, 38.017, 38.628, 38.614, 37.973, 36.934, 35.709, 35.183, 35.485, 35.919, 35.55, 35.304, 35.582, 35.653, 35.597, 35.877, 36.024, 35.905, 35.879, 35.985, 36.401, 36.69, 36.574, 36.217, 35.793, 36.336, 37.771, 38.191, 37.783, 37.394, 37.138, 37.125, 37.147, 37.125, 37.88, 38.936, 39.437, 39.42, 39.177, 39.725, 39.754, 29.775], [29.824, 28.969, 27.164, 24.334, 22.087, 20.294, 17.704, 14.464, 11.818, 9.73, 6.046, 0.0, 7.793, 14.698, 20.039, 23.298, 24.632, 25.355, 26.543, 27.898, 28.681, 28.999, 29.774, 31.227, 32.586, 33.521, 34.29, 34.864, 35.439, 35.946, 36.84, 37.658, 37.527, 36.665, 36.511, 37.627, 37.749, 37.26, 37.627, 37.417, 36.284, 36.28, 37.14, 37.195, 36.968, 36.985, 37.273, 37.069, 36.53, 36.163, 36.0, 35.964, 35.686, 35.477, 35.763, 35.831, 35.459, 35.635, 36.165, 36.302, 36.472, 36.846, 37.158, 37.173, 37.62, 38.568, 39.333, 39.364, 38.54, 38.495, 38.959, 39.407, 39.607, 39.363, 39.323, 39.253, 39.203, 39.539, 39.703, 39.104, 38.597, 38.579, 38.466, 38.152, 38.708, 39.455, 39.16, 38.552, 38.718, 38.985, 38.992, 39.069, 38.687, 37.822, 37.402, 37.632, 38.05, 37.827, 37.233, 37.049, 37.33, 37.513, 37.592, 37.724, 37.87, 38.301, 38.8, 38.792, 38.255, 37.363, 36.31, 35.837, 36.056, 36.479, 36.18, 35.948, 36.188, 36.251, 36.17, 36.401, 36.514, 36.384, 36.382, 36.498, 36.905, 37.217, 37.134, 36.792, 36.374, 36.823, 38.12, 38.524, 38.169, 37.813, 37.556, 37.537, 37.575, 37.568, 38.257, 39.218, 39.67, 39.676, 39.486, 40.01, 40.004, 30.636], [30.456, 29.636, 27.99, 25.646, 24.012, 22.691, 20.665, 18.045, 15.608, 14.05, 12.218, 7.793, 0.0, 8.45, 15.618, 19.983, 21.755, 22.678, 24.176, 25.875, 26.762, 27.011, 27.751, 29.271, 30.665, 31.622, 32.472, 33.076, 33.626, 34.143, 35.107, 36.005, 35.938, 35.162, 35.173, 36.43, 36.599, 36.337, 37.14, 37.158, 36.076, 36.049, 36.857, 36.914, 36.715, 36.723, 37.03, 36.881, 36.376, 36.004, 35.809, 35.738, 35.435, 35.232, 35.54, 35.621, 35.272, 35.479, 36.042, 36.223, 36.403, 36.75, 37.044, 37.032, 37.46, 38.45, 39.265, 39.314, 38.491, 38.343, 38.756, 39.231, 39.437, 39.135, 39.041, 38.933, 38.896, 39.28, 39.445, 38.803, 38.274, 38.256, 38.1, 37.711, 38.206, 38.921, 38.635, 38.047, 38.215, 38.479, 38.474, 38.523, 38.163, 37.385, 37.079, 37.437, 37.937, 37.72, 37.101, 36.921, 37.215, 37.377, 37.444, 37.562, 37.625, 37.929, 38.37, 38.403, 37.948, 37.133, 36.132, 35.667, 35.877, 36.33, 36.064, 35.836, 36.089, 36.147, 36.014, 36.188, 36.292, 36.168, 36.193, 36.343, 36.783, 37.121, 37.048, 36.716, 36.29, 36.616, 37.779, 38.183, 37.874, 37.557, 37.316, 37.299, 37.331, 37.294, 37.928, 38.888, 39.353, 39.384, 39.214, 39.738, 39.7, 31.125], [31.66, 30.906, 29.438, 27.403, 26.079, 25.026, 23.43, 21.419, 19.472, 18.346, 17.537, 14.698, 8.45, 0.0, 8.847, 15.1, 17.7, 18.852, 20.691, 22.848, 23.985, 24.254, 24.957, 26.594, 28.173, 29.297, 30.291, 30.941, 31.51, 32.098, 33.188, 34.255, 34.368, 33.74, 33.889, 35.259, 35.515, 35.515, 36.788, 37.128, 36.157, 36.056, 36.779, 36.845, 36.692, 36.682, 36.984, 36.894, 36.442, 36.071, 35.834, 35.72, 35.403, 35.214, 35.521, 35.604, 35.289, 35.513, 36.099, 36.334, 36.526, 36.859, 37.149, 37.12, 37.526, 38.543, 39.394, 39.465, 38.692, 38.481, 38.826, 39.298, 39.495, 39.165, 39.04, 38.9, 38.884, 39.332, 39.508, 38.826, 38.285, 38.267, 38.042, 37.537, 37.932, 38.578, 38.291, 37.73, 37.865, 38.101, 38.09, 38.129, 37.81, 37.124, 36.917, 37.363, 37.939, 37.781, 37.176, 36.971, 37.244, 37.379, 37.414, 37.491, 37.451, 37.625, 38.047, 38.158, 37.782, 37.05, 36.145, 35.751, 35.956, 36.418, 36.187, 35.946, 36.213, 36.289, 36.117, 36.238, 36.36, 36.278, 36.328, 36.492, 36.966, 37.339, 37.284, 36.98, 36.57, 36.772, 37.807, 38.239, 37.987, 37.701, 37.479, 37.474, 37.502, 37.447, 38.04, 39.007, 39.485, 39.501, 39.298, 39.797, 39.741, 32.219], [33.179, 32.487, 31.196, 29.387, 28.195, 27.282, 25.958, 24.357, 22.907, 22.198, 21.854, 20.039, 15.618, 8.847, 0.0, 7.959, 11.85, 13.597, 15.867, 18.578, 20.197, 20.661, 21.286, 22.965, 24.811, 26.229, 27.413, 28.132, 28.865, 29.763, 31.206, 32.6, 33.008, 32.612, 32.822, 34.166, 34.477, 34.645, 36.254, 37.07, 36.549, 36.53, 37.18, 37.255, 37.142, 37.139, 37.438, 37.398, 37.014, 36.681, 36.404, 36.242, 35.939, 35.784, 36.039, 36.1, 35.838, 36.016, 36.51, 36.737, 36.921, 37.212, 37.452, 37.41, 37.787, 38.759, 39.584, 39.694, 39.075, 38.921, 39.202, 39.612, 39.784, 39.474, 39.34, 39.177, 39.174, 39.653, 39.84, 39.169, 38.661, 38.645, 38.375, 37.811, 38.136, 38.706, 38.427, 37.922, 38.005, 38.188, 38.183, 38.259, 38.007, 37.397, 37.237, 37.704, 38.33, 38.274, 37.732, 37.508, 37.739, 37.841, 37.786, 37.737, 37.584, 37.666, 38.098, 38.33, 38.072, 37.429, 36.627, 36.293, 36.431, 36.858, 36.702, 36.48, 36.735, 36.832, 36.633, 36.686, 36.797, 36.763, 36.853, 36.996, 37.427, 37.799, 37.785, 37.556, 37.207, 37.35, 38.286, 38.744, 38.562, 38.316, 38.104, 38.101, 38.139, 38.098, 38.662, 39.578, 40.02, 40.003, 39.782, 40.231, 40.187, 33.685], [34.21, 33.558, 32.422, 30.849, 29.801, 29.015, 27.902, 26.592, 25.416, 24.842, 24.644, 23.298, 19.983, 15.1, 7.959, 0.0, 5.151, 8.316, 11.249, 14.301, 16.392, 17.187, 17.816, 19.484, 21.481, 23.083, 24.408, 25.22, 26.174, 27.452, 29.345, 31.097, 31.753, 31.54, 31.766, 33.043, 33.322, 33.497, 35.222, 36.394, 36.53, 36.97, 37.732, 37.797, 37.673, 37.703, 38.028, 38.0, 37.651, 37.374, 37.113, 36.935, 36.649, 36.501, 36.681, 36.702, 36.465, 36.539, 36.848, 37.012, 37.206, 37.462, 37.626, 37.575, 37.931, 38.828, 39.596, 39.733, 39.24, 39.162, 39.407, 39.74, 39.883, 39.617, 39.516, 39.377, 39.383, 39.837, 40.029, 39.421, 38.969, 38.965, 38.722, 38.219, 38.562, 39.095, 38.83, 38.397, 38.475, 38.622, 38.628, 38.768, 38.574, 37.983, 37.806, 38.25, 38.878, 38.865, 38.368, 38.153, 38.361, 38.422, 38.275, 38.112, 37.906, 37.986, 38.433, 38.713, 38.509, 37.884, 37.084, 36.733, 36.794, 37.169, 37.056, 36.859, 37.083, 37.181, 36.974, 36.98, 37.06, 37.049, 37.186, 37.328, 37.685, 38.001, 38.012, 37.867, 37.599, 37.774, 38.686, 39.159, 39.024, 38.802, 38.591, 38.595, 38.639, 38.6, 39.146, 40.008, 40.41, 40.382, 40.187, 40.599, 40.582, 34.695], [34.64, 34.013, 32.94, 31.476, 30.511, 29.784, 28.765, 27.579, 26.495, 25.941, 25.777, 24.632, 21.755, 17.7, 11.85, 5.151, 0.0, 4.449, 8.465, 11.933, 14.242, 15.249, 16.004, 17.795, 19.933, 21.582, 22.931, 23.794, 24.859, 26.328, 28.48, 30.413, 31.137, 30.944, 31.134, 32.376, 32.633, 32.761, 34.463, 35.733, 36.22, 37.052, 37.959, 38.018, 37.876, 37.917, 38.26, 38.243, 37.913, 37.654, 37.406, 37.239, 36.967, 36.822, 36.963, 36.964, 36.73, 36.724, 36.92, 37.057, 37.28, 37.535, 37.677, 37.624, 37.969, 38.829, 39.57, 39.722, 39.291, 39.253, 39.482, 39.787, 39.927, 39.679, 39.602, 39.485, 39.487, 39.912, 40.113, 39.557, 39.14, 39.136, 38.912, 38.458, 38.822, 39.337, 39.079, 38.685, 38.778, 38.912, 38.929, 39.115, 38.95, 38.357, 38.171, 38.606, 39.22, 39.203, 38.718, 38.521, 38.726, 38.768, 38.598, 38.414, 38.199, 38.282, 38.721, 38.995, 38.794, 38.164, 37.349, 36.952, 36.964, 37.306, 37.192, 36.993, 37.193, 37.289, 37.088, 37.088, 37.16, 37.155, 37.309, 37.469, 37.809, 38.084, 38.082, 37.957, 37.726, 37.941, 38.866, 39.351, 39.238, 39.016, 38.782, 38.777, 38.818, 38.761, 39.283, 40.117, 40.504, 40.49, 40.327, 40.733, 40.723, 35.105], [34.637, 34.019, 32.973, 31.577, 30.674, 29.988, 29.058, 27.985, 26.957, 26.42, 26.328, 25.355, 22.678, 18.852, 13.597, 8.316, 4.449, 0.0, 5.066, 9.66, 12.564, 13.787, 14.716, 16.798, 19.217, 21.006, 22.367, 23.236, 24.367, 25.891, 28.073, 30.003, 30.702, 30.51, 30.749, 32.064, 32.322, 32.349, 33.951, 35.199, 35.741, 36.705, 37.697, 37.783, 37.636, 37.684, 38.053, 38.045, 37.706, 37.436, 37.185, 37.03, 36.766, 36.613, 36.74, 36.734, 36.488, 36.45, 36.631, 36.766, 36.994, 37.234, 37.355, 37.289, 37.627, 38.477, 39.213, 39.368, 38.966, 38.984, 39.239, 39.544, 39.69, 39.465, 39.413, 39.3, 39.284, 39.697, 39.905, 39.356, 38.931, 38.91, 38.687, 38.255, 38.641, 39.17, 38.915, 38.521, 38.616, 38.751, 38.778, 38.995, 38.838, 38.219, 38.007, 38.431, 39.04, 39.025, 38.542, 38.342, 38.539, 38.592, 38.441, 38.252, 38.012, 38.077, 38.521, 38.818, 38.611, 37.952, 37.105, 36.672, 36.672, 37.002, 36.873, 36.678, 36.877, 36.966, 36.766, 36.768, 36.837, 36.828, 36.981, 37.141, 37.47, 37.733, 37.72, 37.604, 37.401, 37.673, 38.646, 39.142, 39.034, 38.818, 38.582, 38.571, 38.599, 38.515, 39.03, 39.875, 40.259, 40.251, 40.098, 40.519, 40.51, 35.094], [34.587, 33.973, 32.98, 31.68, 30.842, 30.235, 29.486, 28.636, 27.689, 27.144, 27.206, 26.543, 24.176, 20.691, 15.867, 11.249, 8.465, 5.066, 0.0, 5.655, 9.725, 11.637, 12.984, 15.501, 18.262, 20.287, 21.766, 22.675, 23.89, 25.48, 27.65, 29.521, 30.183, 30.02, 30.4, 31.885, 32.136, 31.97, 33.397, 34.586, 35.186, 36.264, 37.336, 37.44, 37.273, 37.356, 37.764, 37.728, 37.34, 37.064, 36.829, 36.68, 36.397, 36.219, 36.333, 36.314, 36.055, 36.044, 36.259, 36.371, 36.569, 36.788, 36.865, 36.784, 37.129, 37.961, 38.665, 38.786, 38.386, 38.501, 38.829, 39.139, 39.284, 39.116, 39.125, 39.019, 38.97, 39.354, 39.55, 38.975, 38.509, 38.468, 38.276, 37.894, 38.331, 38.906, 38.664, 38.261, 38.337, 38.466, 38.506, 38.753, 38.588, 37.921, 37.649, 38.02, 38.608, 38.61, 38.14, 37.919, 38.099, 38.168, 38.024, 37.809, 37.552, 37.646, 38.149, 38.497, 38.277, 37.53, 36.559, 36.08, 36.113, 36.425, 36.271, 36.121, 36.343, 36.412, 36.222, 36.26, 36.352, 36.359, 36.516, 36.651, 36.932, 37.167, 37.153, 37.07, 36.919, 37.307, 38.397, 38.909, 38.773, 38.56, 38.339, 38.331, 38.352, 38.245, 38.769, 39.635, 40.021, 40.006, 39.835, 40.269, 40.289, 35.055], [34.606, 34.0, 33.079, 31.915, 31.163, 30.648, 30.081, 29.453, 28.606, 28.069, 28.267, 27.898, 25.875, 22.848, 18.578, 14.301, 11.933, 9.66, 5.655, 0.0, 5.179, 8.418, 10.76, 13.914, 17.081, 19.358, 21.006, 22.015, 23.301, 24.922, 27.098, 28.936, 29.546, 29.375, 29.856, 31.477, 31.729, 31.381, 32.652, 33.842, 34.605, 35.881, 37.062, 37.154, 36.932, 37.078, 37.579, 37.53, 37.086, 36.81, 36.62, 36.488, 36.182, 35.973, 36.074, 36.039, 35.773, 35.803, 36.044, 36.123, 36.301, 36.526, 36.559, 36.466, 36.827, 37.643, 38.292, 38.36, 37.954, 38.168, 38.576, 38.9, 39.05, 38.93, 39.008, 38.93, 38.843, 39.18, 39.357, 38.743, 38.22, 38.159, 38.01, 37.697, 38.21, 38.843, 38.613, 38.215, 38.282, 38.399, 38.443, 38.718, 38.546, 37.833, 37.487, 37.773, 38.318, 38.334, 37.888, 37.676, 37.869, 37.944, 37.793, 37.577, 37.366, 37.57, 38.172, 38.549, 38.301, 37.438, 36.275, 35.721, 35.799, 36.086, 35.871, 35.751, 36.002, 36.057, 35.909, 36.039, 36.201, 36.234, 36.371, 36.475, 36.718, 36.918, 36.896, 36.83, 36.73, 37.251, 38.459, 38.965, 38.772, 38.537, 38.317, 38.3, 38.319, 38.221, 38.765, 39.629, 40.024, 40.009, 39.819, 40.26, 40.317, 35.077], [34.408, 33.813, 32.966, 31.963, 31.339, 30.904, 30.45, 29.974, 29.216, 28.715, 28.973, 28.681, 26.762, 23.985, 20.197, 16.392, 14.242, 12.564, 9.725, 5.179, 0.0, 4.48, 8.509, 12.589, 15.982, 18.336, 20.132, 21.268, 22.533, 24.046, 26.188, 28.021, 28.613, 28.434, 28.961, 30.649, 30.917, 30.53, 31.797, 33.055, 33.927, 35.353, 36.617, 36.702, 36.442, 36.629, 37.238, 37.225, 36.748, 36.453, 36.294, 36.197, 35.888, 35.657, 35.745, 35.704, 35.438, 35.49, 35.753, 35.828, 36.021, 36.268, 36.279, 36.177, 36.552, 37.378, 38.022, 38.061, 37.653, 37.927, 38.383, 38.723, 38.877, 38.763, 38.876, 38.827, 38.734, 39.067, 39.245, 38.6, 38.03, 37.953, 37.811, 37.534, 38.125, 38.811, 38.579, 38.18, 38.27, 38.39, 38.428, 38.708, 38.532, 37.798, 37.404, 37.629, 38.135, 38.14, 37.706, 37.531, 37.755, 37.835, 37.7, 37.538, 37.422, 37.753, 38.435, 38.809, 38.513, 37.543, 36.203, 35.544, 35.647, 35.933, 35.646, 35.518, 35.791, 35.847, 35.746, 35.978, 36.222, 36.266, 36.358, 36.437, 36.683, 36.88, 36.845, 36.754, 36.654, 37.25, 38.539, 39.044, 38.809, 38.547, 38.32, 38.298, 38.321, 38.24, 38.79, 39.654, 40.074, 40.074, 39.872, 40.325, 40.39, 34.857], [34.317, 33.738, 32.934, 32.027, 31.511, 31.133, 30.71, 30.294, 29.62, 29.153, 29.374, 28.999, 27.011, 24.254, 20.661, 17.187, 15.249, 13.787, 11.637, 8.418, 4.48, 0.0, 5.44, 10.839, 14.63, 16.915, 18.757, 19.998, 21.247, 22.702, 24.888, 26.811, 27.519, 27.451, 28.064, 29.79, 30.075, 29.756, 31.157, 32.54, 33.489, 35.035, 36.349, 36.435, 36.181, 36.376, 37.031, 37.071, 36.612, 36.302, 36.136, 36.057, 35.764, 35.523, 35.596, 35.563, 35.308, 35.35, 35.62, 35.707, 35.904, 36.14, 36.134, 36.019, 36.394, 37.237, 37.925, 38.004, 37.623, 37.905, 38.357, 38.692, 38.841, 38.726, 38.852, 38.808, 38.709, 39.058, 39.257, 38.623, 38.063, 37.982, 37.819, 37.55, 38.186, 38.897, 38.658, 38.246, 38.349, 38.477, 38.51, 38.781, 38.603, 37.865, 37.455, 37.667, 38.175, 38.176, 37.744, 37.583, 37.812, 37.894, 37.785, 37.669, 37.598, 37.952, 38.637, 39.01, 38.7, 37.7, 36.32, 35.606, 35.697, 36.003, 35.716, 35.583, 35.872, 35.943, 35.86, 36.127, 36.408, 36.446, 36.507, 36.572, 36.827, 37.029, 36.982, 36.872, 36.758, 37.362, 38.674, 39.187, 38.949, 38.691, 38.478, 38.467, 38.507, 38.424, 38.939, 39.796, 40.232, 40.239, 40.038, 40.495, 40.547, 34.73], [35.148, 34.632, 33.867, 32.959, 32.452, 32.088, 31.636, 31.189, 30.585, 30.146, 30.259, 29.774, 27.751, 24.957, 21.286, 17.816, 16.004, 14.716, 12.984, 10.76, 8.509, 5.44, 0.0, 6.763, 12.023, 14.974, 16.895, 18.113, 19.53, 21.305, 23.809, 25.962, 26.899, 27.077, 27.838, 29.551, 29.822, 29.569, 31.124, 32.728, 33.877, 35.522, 36.841, 36.923, 36.689, 36.886, 37.53, 37.61, 37.225, 36.956, 36.781, 36.685, 36.418, 36.202, 36.257, 36.224, 36.005, 36.023, 36.25, 36.335, 36.523, 36.707, 36.676, 36.566, 36.924, 37.728, 38.414, 38.558, 38.253, 38.52, 38.93, 39.24, 39.382, 39.271, 39.389, 39.328, 39.206, 39.537, 39.741, 39.168, 38.676, 38.603, 38.428, 38.189, 38.836, 39.522, 39.288, 38.894, 38.967, 39.075, 39.113, 39.392, 39.234, 38.524, 38.118, 38.323, 38.846, 38.87, 38.468, 38.309, 38.506, 38.56, 38.423, 38.289, 38.18, 38.453, 39.079, 39.478, 39.239, 38.332, 37.084, 36.409, 36.441, 36.746, 36.532, 36.419, 36.697, 36.783, 36.688, 36.905, 37.169, 37.196, 37.246, 37.297, 37.524, 37.698, 37.648, 37.557, 37.469, 38.058, 39.321, 39.819, 39.618, 39.404, 39.214, 39.223, 39.282, 39.18, 39.624, 40.437, 40.855, 40.855, 40.667, 41.103, 41.135, 35.535], [36.509, 36.081, 35.421, 34.557, 34.03, 33.662, 33.192, 32.725, 32.182, 31.753, 31.771, 31.227, 29.271, 26.594, 22.965, 19.484, 17.795, 16.798, 15.501, 13.914, 12.589, 10.839, 6.763, 0.0, 7.023, 11.99, 14.779, 15.887, 17.443, 19.941, 23.111, 25.595, 26.728, 27.13, 28.014, 29.692, 29.928, 29.689, 31.334, 33.168, 34.603, 36.332, 37.607, 37.673, 37.471, 37.682, 38.309, 38.429, 38.129, 37.937, 37.797, 37.695, 37.446, 37.27, 37.317, 37.281, 37.108, 37.109, 37.265, 37.323, 37.497, 37.649, 37.618, 37.536, 37.886, 38.641, 39.29, 39.463, 39.205, 39.406, 39.754, 40.03, 40.14, 40.012, 40.11, 40.053, 39.932, 40.226, 40.414, 39.897, 39.469, 39.412, 39.252, 39.047, 39.689, 40.348, 40.13, 39.755, 39.781, 39.863, 39.906, 40.177, 40.028, 39.355, 38.982, 39.203, 39.736, 39.785, 39.427, 39.287, 39.455, 39.464, 39.257, 39.06, 38.905, 39.103, 39.666, 40.075, 39.922, 39.148, 38.085, 37.495, 37.442, 37.71, 37.572, 37.469, 37.704, 37.786, 37.666, 37.811, 38.04, 38.054, 38.113, 38.162, 38.349, 38.494, 38.464, 38.417, 38.371, 38.914, 40.061, 40.516, 40.367, 40.211, 40.033, 40.046, 40.11, 40.004, 40.394, 41.143, 41.522, 41.509, 41.331, 41.73, 41.752, 36.88], [37.305, 36.886, 36.337, 35.65, 35.204, 34.86, 34.436, 34.044, 33.577, 33.152, 33.15, 32.586, 30.665, 28.173, 24.811, 21.481, 19.933, 19.217, 18.262, 17.081, 15.982, 14.63, 12.023, 7.023, 0.0, 7.005, 11.589, 13.123, 14.605, 17.63, 21.564, 24.498, 25.83, 26.352, 27.305, 29.021, 29.268, 29.059, 30.811, 32.826, 34.551, 36.484, 37.763, 37.802, 37.65, 37.893, 38.515, 38.665, 38.415, 38.266, 38.172, 38.108, 37.871, 37.704, 37.768, 37.766, 37.615, 37.593, 37.71, 37.744, 37.886, 38.035, 38.032, 37.971, 38.333, 39.108, 39.773, 39.953, 39.662, 39.765, 40.054, 40.3, 40.368, 40.197, 40.275, 40.243, 40.14, 40.41, 40.583, 40.08, 39.676, 39.64, 39.485, 39.266, 39.903, 40.575, 40.365, 39.978, 39.994, 40.085, 40.13, 40.39, 40.232, 39.574, 39.249, 39.547, 40.128, 40.174, 39.812, 39.693, 39.88, 39.887, 39.66, 39.444, 39.291, 39.476, 40.02, 40.416, 40.261, 39.507, 38.493, 37.941, 37.868, 38.113, 37.973, 37.86, 38.068, 38.132, 37.991, 38.115, 38.335, 38.336, 38.405, 38.47, 38.654, 38.795, 38.778, 38.742, 38.709, 39.226, 40.307, 40.732, 40.603, 40.47, 40.292, 40.299, 40.358, 40.27, 40.665, 41.379, 41.73, 41.709, 41.542, 41.924, 41.943, 37.626], [37.46, 37.007, 36.502, 36.044, 35.818, 35.559, 35.198, 34.902, 34.501, 34.095, 34.098, 33.521, 31.622, 29.297, 26.229, 23.083, 21.582, 21.006, 20.287, 19.358, 18.336, 16.915, 14.974, 11.99, 7.005, 0.0, 6.108, 9.251, 11.474, 14.562, 18.931, 22.328, 23.903, 24.549, 25.617, 27.464, 27.777, 27.665, 29.631, 31.852, 33.827, 36.002, 37.35, 37.377, 37.267, 37.56, 38.218, 38.403, 38.178, 38.03, 37.952, 37.951, 37.756, 37.576, 37.638, 37.674, 37.529, 37.478, 37.583, 37.624, 37.754, 37.882, 37.869, 37.805, 38.17, 38.968, 39.667, 39.85, 39.511, 39.571, 39.84, 40.08, 40.143, 39.941, 40.001, 39.965, 39.858, 40.125, 40.309, 39.808, 39.417, 39.39, 39.213, 38.974, 39.635, 40.332, 40.113, 39.72, 39.769, 39.88, 39.922, 40.2, 40.05, 39.396, 39.113, 39.495, 40.134, 40.171, 39.784, 39.688, 39.929, 39.972, 39.788, 39.611, 39.472, 39.65, 40.188, 40.576, 40.369, 39.536, 38.437, 37.839, 37.773, 38.007, 37.828, 37.713, 37.926, 37.98, 37.837, 37.985, 38.22, 38.215, 38.274, 38.347, 38.558, 38.71, 38.679, 38.621, 38.604, 39.198, 40.331, 40.762, 40.614, 40.472, 40.288, 40.286, 40.337, 40.263, 40.696, 41.426, 41.769, 41.756, 41.625, 42.018, 42.034, 37.669], [37.742, 37.318, 36.825, 36.466, 36.381, 36.19, 35.877, 35.636, 35.27, 34.87, 34.853, 34.29, 32.472, 30.291, 27.413, 24.408, 22.931, 22.367, 21.766, 21.006, 20.132, 18.757, 16.895, 14.779, 11.589, 6.108, 0.0, 5.1, 9.367, 12.986, 17.4, 20.915, 22.629, 23.42, 24.615, 26.549, 26.902, 26.859, 28.987, 31.407, 33.565, 35.83, 37.198, 37.232, 37.145, 37.476, 38.188, 38.43, 38.25, 38.118, 38.044, 38.091, 37.958, 37.798, 37.853, 37.893, 37.755, 37.667, 37.744, 37.813, 37.973, 38.067, 38.01, 37.944, 38.304, 39.074, 39.758, 39.947, 39.602, 39.628, 39.864, 40.101, 40.182, 39.98, 40.027, 39.963, 39.826, 40.083, 40.282, 39.812, 39.46, 39.439, 39.248, 39.033, 39.722, 40.415, 40.189, 39.813, 39.888, 39.997, 40.027, 40.323, 40.195, 39.562, 39.312, 39.725, 40.383, 40.429, 40.049, 39.969, 40.225, 40.278, 40.1, 39.922, 39.777, 39.936, 40.449, 40.828, 40.615, 39.776, 38.679, 38.059, 37.959, 38.17, 37.988, 37.889, 38.097, 38.148, 38.018, 38.174, 38.41, 38.417, 38.476, 38.541, 38.749, 38.892, 38.846, 38.79, 38.812, 39.474, 40.639, 41.068, 40.91, 40.769, 40.593, 40.593, 40.644, 40.577, 41.023, 41.759, 42.099, 42.105, 42.006, 42.409, 42.435, 37.874], [38.276, 37.929, 37.473, 37.093, 36.965, 36.767, 36.478, 36.27, 35.927, 35.503, 35.437, 34.864, 33.076, 30.941, 28.132, 25.22, 23.794, 23.236, 22.675, 22.015, 21.268, 19.998, 18.113, 15.887, 13.123, 9.251, 5.1, 0.0, 6.0, 11.663, 17.031, 20.673, 22.416, 23.307, 24.583, 26.536, 26.886, 26.831, 28.971, 31.49, 33.769, 36.079, 37.434, 37.464, 37.4, 37.734, 38.453, 38.744, 38.624, 38.546, 38.517, 38.585, 38.483, 38.383, 38.463, 38.499, 38.373, 38.253, 38.281, 38.348, 38.531, 38.622, 38.545, 38.487, 38.842, 39.569, 40.209, 40.407, 40.089, 40.037, 40.201, 40.433, 40.532, 40.339, 40.37, 40.29, 40.136, 40.373, 40.557, 40.117, 39.822, 39.821, 39.611, 39.38, 40.024, 40.68, 40.458, 40.09, 40.132, 40.228, 40.254, 40.523, 40.402, 39.821, 39.628, 40.084, 40.779, 40.862, 40.521, 40.453, 40.694, 40.722, 40.493, 40.261, 40.08, 40.203, 40.682, 41.056, 40.888, 40.143, 39.175, 38.595, 38.438, 38.646, 38.534, 38.445, 38.621, 38.679, 38.556, 38.686, 38.905, 38.915, 38.981, 39.04, 39.221, 39.343, 39.306, 39.278, 39.323, 39.946, 41.034, 41.437, 41.301, 41.187, 41.031, 41.05, 41.119, 41.065, 41.477, 42.167, 42.504, 42.523, 42.435, 42.818, 42.845, 38.397], [38.405, 38.102, 37.737, 37.453, 37.354, 37.151, 36.895, 36.763, 36.481, 36.069, 36.013, 35.439, 33.626, 31.51, 28.865, 26.174, 24.859, 24.367, 23.89, 23.301, 22.533, 21.247, 19.53, 17.443, 14.605, 11.474, 9.367, 6.0, 0.0, 7.736, 14.891, 19.263, 21.341, 22.523, 24.064, 26.176, 26.546, 26.523, 28.744, 31.291, 33.584, 35.977, 37.376, 37.405, 37.359, 37.684, 38.387, 38.699, 38.602, 38.562, 38.601, 38.713, 38.619, 38.534, 38.654, 38.719, 38.592, 38.454, 38.456, 38.491, 38.679, 38.833, 38.788, 38.735, 39.107, 39.833, 40.452, 40.648, 40.345, 40.268, 40.418, 40.662, 40.767, 40.58, 40.626, 40.57, 40.418, 40.643, 40.797, 40.333, 40.04, 40.041, 39.804, 39.537, 40.147, 40.794, 40.572, 40.176, 40.169, 40.257, 40.277, 40.514, 40.38, 39.806, 39.632, 40.117, 40.847, 40.956, 40.638, 40.572, 40.805, 40.828, 40.588, 40.353, 40.19, 40.333, 40.817, 41.184, 41.02, 40.291, 39.337, 38.772, 38.638, 38.878, 38.779, 38.662, 38.832, 38.915, 38.8, 38.916, 39.125, 39.111, 39.148, 39.197, 39.377, 39.492, 39.459, 39.436, 39.463, 40.055, 41.105, 41.487, 41.35, 41.243, 41.093, 41.113, 41.193, 41.173, 41.594, 42.259, 42.591, 42.616, 42.523, 42.878, 42.88, 38.521], [37.676, 37.349, 37.055, 36.998, 37.166, 37.092, 36.897, 36.87, 36.688, 36.371, 36.438, 35.946, 34.143, 32.098, 29.763, 27.452, 26.328, 25.891, 25.48, 24.922, 24.046, 22.702, 21.305, 19.941, 17.63, 14.562, 12.986, 11.663, 7.736, 0.0, 8.555, 14.41, 17.668, 19.717, 21.967, 24.532, 24.985, 25.113, 27.677, 30.287, 32.43, 34.824, 36.318, 36.377, 36.34, 36.702, 37.45, 37.767, 37.635, 37.573, 37.658, 37.85, 37.769, 37.615, 37.735, 37.849, 37.712, 37.598, 37.656, 37.685, 37.889, 38.158, 38.183, 38.126, 38.543, 39.349, 40.012, 40.168, 39.817, 39.789, 40.005, 40.277, 40.396, 40.221, 40.319, 40.307, 40.18, 40.425, 40.561, 40.01, 39.626, 39.588, 39.316, 39.032, 39.699, 40.405, 40.166, 39.707, 39.684, 39.77, 39.768, 40.015, 39.879, 39.253, 39.032, 39.495, 40.196, 40.287, 39.965, 39.887, 40.127, 40.194, 40.05, 39.926, 39.869, 40.113, 40.628, 40.951, 40.697, 39.848, 38.73, 38.146, 38.165, 38.437, 38.223, 38.065, 38.284, 38.394, 38.319, 38.488, 38.708, 38.655, 38.627, 38.639, 38.829, 38.948, 38.892, 38.827, 38.795, 39.412, 40.543, 40.936, 40.754, 40.62, 40.464, 40.461, 40.526, 40.535, 41.042, 41.765, 42.111, 42.139, 42.054, 42.445, 42.428, 37.754], [37.193, 36.843, 36.569, 36.676, 37.111, 37.245, 37.167, 37.23, 37.152, 36.982, 37.216, 36.84, 35.107, 33.188, 31.206, 29.345, 28.48, 28.073, 27.65, 27.098, 26.188, 24.888, 23.809, 23.111, 21.564, 18.931, 17.4, 17.031, 14.891, 8.555, 0.0, 7.36, 12.767, 16.523, 19.877, 22.967, 23.515, 23.897, 26.953, 29.663, 31.546, 33.8, 35.364, 35.483, 35.457, 35.887, 36.738, 37.08, 36.912, 36.822, 36.936, 37.196, 37.14, 36.93, 37.02, 37.153, 37.017, 36.966, 37.123, 37.184, 37.42, 37.781, 37.855, 37.785, 38.224, 39.075, 39.741, 39.812, 39.394, 39.378, 39.634, 39.925, 40.068, 39.922, 40.068, 40.089, 39.983, 40.249, 40.37, 39.726, 39.239, 39.153, 38.853, 38.564, 39.295, 40.061, 39.814, 39.323, 39.31, 39.4, 39.373, 39.616, 39.48, 38.832, 38.599, 39.046, 39.691, 39.759, 39.455, 39.36, 39.582, 39.689, 39.661, 39.659, 39.707, 40.048, 40.562, 40.8, 40.437, 39.491, 38.292, 37.767, 37.947, 38.204, 37.895, 37.754, 38.026, 38.142, 38.112, 38.338, 38.572, 38.494, 38.405, 38.365, 38.536, 38.649, 38.571, 38.468, 38.369, 38.959, 40.141, 40.561, 40.349, 40.195, 40.053, 40.05, 40.101, 40.113, 40.676, 41.459, 41.837, 41.874, 41.795, 42.237, 42.23, 37.237], [37.054, 36.704, 36.425, 36.611, 37.197, 37.501, 37.559, 37.686, 37.661, 37.608, 37.962, 37.658, 36.005, 34.255, 32.6, 31.097, 30.413, 30.003, 29.521, 28.936, 28.021, 26.811, 25.962, 25.595, 24.498, 22.328, 20.915, 20.673, 19.263, 14.41, 7.36, 0.0, 7.285, 13.222, 18.03, 21.654, 22.255, 22.853, 26.35, 29.195, 30.939, 33.125, 34.755, 34.936, 34.936, 35.418, 36.359, 36.737, 36.548, 36.461, 36.629, 36.945, 36.912, 36.701, 36.781, 36.903, 36.766, 36.779, 37.037, 37.153, 37.405, 37.772, 37.836, 37.755, 38.177, 38.993, 39.61, 39.613, 39.158, 39.134, 39.407, 39.715, 39.891, 39.788, 39.978, 40.029, 39.931, 40.183, 40.272, 39.565, 39.015, 38.897, 38.588, 38.328, 39.106, 39.912, 39.683, 39.207, 39.211, 39.302, 39.27, 39.509, 39.385, 38.742, 38.471, 38.849, 39.414, 39.465, 39.184, 39.086, 39.283, 39.389, 39.412, 39.466, 39.565, 39.958, 40.451, 40.612, 40.198, 39.258, 38.095, 37.635, 37.867, 38.09, 37.777, 37.684, 37.978, 38.091, 38.086, 38.338, 38.577, 38.489, 38.365, 38.299, 38.452, 38.552, 38.454, 38.336, 38.206, 38.765, 39.951, 40.381, 40.165, 40.008, 39.894, 39.924, 39.985, 39.998, 40.572, 41.372, 41.775, 41.821, 41.727, 42.188, 42.214, 37.072], [36.462, 36.09, 35.788, 35.998, 36.646, 37.046, 37.207, 37.376, 37.351, 37.345, 37.779, 37.527, 35.938, 34.368, 33.008, 31.753, 31.137, 30.702, 30.183, 29.546, 28.613, 27.519, 26.899, 26.728, 25.83, 23.903, 22.629, 22.416, 21.341, 17.668, 12.767, 7.285, 0.0, 7.664, 14.393, 19.022, 19.771, 20.476, 24.454, 27.551, 29.344, 31.672, 33.458, 33.684, 33.71, 34.245, 35.28, 35.716, 35.518, 35.44, 35.685, 36.077, 36.068, 35.876, 35.984, 36.111, 35.974, 36.034, 36.396, 36.589, 36.843, 37.154, 37.191, 37.114, 37.535, 38.362, 39.012, 39.014, 38.503, 38.472, 38.785, 39.147, 39.359, 39.255, 39.444, 39.507, 39.418, 39.667, 39.731, 38.967, 38.363, 38.225, 37.921, 37.687, 38.516, 39.379, 39.179, 38.723, 38.742, 38.837, 38.812, 39.06, 38.936, 38.257, 37.914, 38.242, 38.785, 38.819, 38.511, 38.424, 38.65, 38.756, 38.791, 38.874, 39.003, 39.448, 39.98, 40.117, 39.666, 38.688, 37.458, 36.931, 37.135, 37.354, 37.039, 36.951, 37.262, 37.364, 37.348, 37.616, 37.855, 37.748, 37.606, 37.542, 37.715, 37.823, 37.698, 37.549, 37.404, 37.98, 39.202, 39.639, 39.41, 39.245, 39.143, 39.196, 39.28, 39.34, 39.98, 40.813, 41.237, 41.291, 41.185, 41.674, 41.748, 36.47], [35.565, 35.151, 34.823, 34.997, 35.608, 36.011, 36.196, 36.394, 36.381, 36.39, 36.857, 36.665, 35.162, 33.74, 32.612, 31.54, 30.944, 30.51, 30.02, 29.375, 28.434, 27.451, 27.077, 27.13, 26.352, 24.549, 23.42, 23.307, 22.523, 19.717, 16.523, 13.222, 7.664, 0.0, 8.251, 14.446, 15.742, 16.532, 21.072, 24.63, 26.712, 29.432, 31.501, 31.8, 31.873, 32.494, 33.67, 34.215, 34.038, 33.965, 34.282, 34.771, 34.805, 34.644, 34.799, 34.959, 34.826, 34.886, 35.313, 35.626, 35.96, 36.252, 36.259, 36.176, 36.621, 37.54, 38.303, 38.333, 37.731, 37.651, 37.966, 38.387, 38.647, 38.497, 38.622, 38.641, 38.546, 38.828, 38.895, 38.089, 37.462, 37.333, 37.016, 36.743, 37.573, 38.472, 38.292, 37.844, 37.873, 37.984, 37.956, 38.19, 38.055, 37.354, 37.023, 37.439, 38.065, 38.099, 37.739, 37.661, 37.953, 38.078, 38.118, 38.203, 38.313, 38.767, 39.354, 39.503, 39.007, 37.939, 36.581, 35.921, 36.076, 36.337, 36.004, 35.865, 36.187, 36.284, 36.232, 36.502, 36.738, 36.629, 36.5, 36.461, 36.685, 36.838, 36.701, 36.52, 36.37, 37.01, 38.324, 38.784, 38.53, 38.34, 38.221, 38.272, 38.38, 38.493, 39.216, 40.123, 40.581, 40.641, 40.513, 41.024, 41.126, 35.576], [35.693, 35.273, 34.922, 35.023, 35.546, 35.875, 35.978, 36.161, 36.236, 36.299, 36.697, 36.511, 35.173, 33.889, 32.822, 31.766, 31.134, 30.749, 30.4, 29.856, 28.961, 28.064, 27.838, 28.014, 27.305, 25.617, 24.615, 24.583, 24.064, 21.967, 19.877, 18.03, 14.393, 8.251, 0.0, 7.505, 10.065, 11.794, 17.245, 21.784, 24.724, 27.967, 30.237, 30.631, 30.838, 31.573, 32.88, 33.599, 33.547, 33.531, 33.924, 34.523, 34.664, 34.588, 34.77, 34.956, 34.852, 34.818, 35.162, 35.621, 36.141, 36.472, 36.436, 36.319, 36.758, 37.698, 38.507, 38.598, 38.0, 37.803, 38.0, 38.438, 38.746, 38.535, 38.543, 38.488, 38.383, 38.687, 38.783, 38.029, 37.475, 37.389, 37.065, 36.719, 37.429, 38.254, 38.097, 37.699, 37.715, 37.81, 37.768, 37.977, 37.858, 37.222, 37.003, 37.567, 38.301, 38.367, 38.0, 37.934, 38.251, 38.36, 38.339, 38.367, 38.398, 38.731, 39.229, 39.359, 38.906, 37.936, 36.717, 36.076, 36.141, 36.408, 36.112, 35.908, 36.179, 36.275, 36.173, 36.386, 36.613, 36.548, 36.497, 36.521, 36.785, 36.974, 36.852, 36.678, 36.558, 3