[[0.0, 4.954, 10.282, 15.146, 19.759, 22.852, 23.706, 24.604, 27.312, 30.393, 31.422, 31.929, 32.955, 33.793, 34.347, 34.445, 34.425, 34.946, 35.661, 36.027, 36.323, 36.975, 37.536, 37.852, 37.853, 37.898, 38.196, 38.465, 38.331, 38.324, 38.657, 38.841, 38.934, 39.388, 39.76, 39.675, 39.493, 39.852, 40.964, 41.769, 41.979, 42.058, 42.771, 43.465, 43.148, 42.82, 42.79, 43.258, 44.689, 45.329, 44.844, 44.29, 43.93, 43.694, 43.792, 43.911, 43.73, 43.492, 43.326, 43.188, 43.015, 43.217, 43.012, 42.159, 42.297, 42.525, 41.816, 41.371, 41.565, 41.31, 41.317, 42.162, 42.432, 42.688, 43.111, 43.509, 43.742, 43.517, 42.886, 42.626, 42.651, 42.165, 41.012, 40.069, 39.493, 39.532, 39.849, 40.191, 40.627, 40.608, 40.37, 40.394, 40.506, 40.569, 40.539, 39.88, 39.488, 40.892, 41.975, 41.948, 41.829, 42.363, 42.895, 43.028, 43.023, 42.465, 41.597, 41.821, 42.451, 42.863, 43.157, 43.049, 43.188, 44.471, 45.564, 45.711, 45.834, 46.19, 46.432, 46.709, 47.086, 46.952, 46.406, 45.834, 45.437, 44.629, 44.145, 44.406, 45.09, 45.727, 46.026, 46.177, 45.575, 43.631, 41.746, 41.231, 41.245, 40.679, 39.972, 39.87, 40.257, 40.8, 41.223, 41.758, 42.04, 5.396], [4.954, 0.0, 6.672, 12.585, 17.664, 20.958, 21.861, 22.821, 25.688, 28.972, 30.077, 30.636, 31.744, 32.642, 33.225, 33.317, 33.31, 33.891, 34.663, 35.065, 35.403, 36.141, 36.816, 37.237, 37.291, 37.348, 37.679, 37.995, 37.86, 37.839, 38.186, 38.374, 38.483, 38.97, 39.346, 39.256, 39.094, 39.459, 40.591, 41.417, 41.628, 41.701, 42.415, 43.117, 42.799, 42.46, 42.426, 42.933, 44.421, 45.071, 44.576, 44.025, 43.67, 43.438, 43.552, 43.682, 43.481, 43.212, 43.034, 42.895, 42.721, 42.931, 42.715, 41.85, 42.037, 42.287, 41.571, 41.11, 41.296, 41.032, 41.045, 41.919, 42.206, 42.471, 42.89, 43.281, 43.515, 43.28, 42.621, 42.328, 42.336, 41.843, 40.649, 39.644, 39.025, 39.047, 39.345, 39.693, 40.16, 40.147, 39.888, 39.911, 40.046, 40.125, 40.102, 39.439, 39.012, 40.417, 41.56, 41.588, 41.467, 41.984, 42.514, 42.646, 42.635, 42.062, 41.195, 41.458, 42.122, 42.542, 42.841, 42.761, 42.919, 44.248, 45.369, 45.505, 45.621, 45.979, 46.219, 46.501, 46.884, 46.749, 46.219, 45.687, 45.319, 44.497, 43.987, 44.246, 44.952, 45.61, 45.918, 46.065, 45.43, 43.404, 41.424, 40.868, 40.879, 40.33, 39.62, 39.483, 39.861, 40.446, 40.908, 41.472, 41.77, 8.104], [10.282, 6.672, 0.0, 7.465, 14.176, 18.222, 19.329, 20.464, 23.54, 27.12, 28.34, 28.955, 30.175, 31.199, 31.871, 31.989, 31.945, 32.47, 33.204, 33.608, 33.969, 34.765, 35.522, 36.065, 36.258, 36.392, 36.747, 37.13, 37.063, 37.08, 37.455, 37.649, 37.77, 38.295, 38.68, 38.579, 38.43, 38.821, 40.049, 40.928, 41.125, 41.223, 42.003, 42.726, 42.404, 42.072, 42.032, 42.569, 44.138, 44.826, 44.337, 43.774, 43.381, 43.139, 43.281, 43.417, 43.162, 42.826, 42.614, 42.458, 42.279, 42.512, 42.284, 41.366, 41.532, 41.764, 41.067, 40.592, 40.742, 40.488, 40.507, 41.38, 41.699, 42.04, 42.492, 42.892, 43.162, 42.962, 42.3, 41.947, 41.864, 41.315, 40.089, 39.035, 38.332, 38.288, 38.539, 38.914, 39.444, 39.435, 39.137, 39.163, 39.325, 39.437, 39.449, 38.806, 38.335, 39.719, 40.913, 40.942, 40.76, 41.27, 41.82, 41.942, 41.919, 41.342, 40.503, 40.868, 41.601, 42.009, 42.308, 42.324, 42.551, 43.923, 45.059, 45.18, 45.285, 45.637, 45.873, 46.171, 46.573, 46.431, 45.923, 45.499, 45.229, 44.4, 43.845, 44.097, 44.835, 45.523, 45.849, 45.993, 45.3, 43.132, 41.01, 40.404, 40.405, 39.842, 39.075, 38.879, 39.289, 39.965, 40.505, 41.115, 41.445, 11.826], [15.146, 12.585, 7.465, 0.0, 8.176, 13.767, 15.315, 16.467, 20.057, 24.355, 25.8, 26.537, 27.969, 29.197, 30.007, 30.167, 30.087, 30.587, 31.336, 31.78, 32.18, 33.064, 33.909, 34.537, 34.878, 35.168, 35.603, 36.046, 36.062, 36.188, 36.673, 36.892, 37.017, 37.578, 37.967, 37.862, 37.708, 38.008, 39.295, 40.275, 40.452, 40.539, 41.402, 42.174, 41.835, 41.488, 41.428, 41.985, 43.642, 44.378, 43.899, 43.335, 42.922, 42.685, 42.869, 43.021, 42.726, 42.344, 42.115, 41.955, 41.78, 42.045, 41.817, 40.881, 41.079, 41.311, 40.594, 40.096, 40.206, 39.947, 39.983, 40.869, 41.19, 41.556, 42.057, 42.494, 42.796, 42.59, 41.867, 41.444, 41.302, 40.716, 39.437, 38.331, 37.585, 37.507, 37.712, 38.119, 38.709, 38.688, 38.363, 38.401, 38.562, 38.681, 38.718, 38.062, 37.524, 38.92, 40.211, 40.257, 40.023, 40.553, 41.144, 41.245, 41.197, 40.592, 39.73, 40.142, 40.917, 41.324, 41.64, 41.713, 41.962, 43.373, 44.538, 44.655, 44.758, 45.104, 45.313, 45.602, 46.014, 45.869, 45.358, 44.983, 44.805, 43.985, 43.39, 43.651, 44.452, 45.193, 45.536, 45.683, 44.962, 42.686, 40.423, 39.767, 39.769, 39.161, 38.324, 38.096, 38.536, 39.306, 39.931, 40.598, 40.968, 16.58], [19.759, 17.664, 14.176, 8.176, 0.0, 7.127, 9.591, 11.241, 15.736, 21.049, 22.84, 23.771, 25.525, 27.007, 27.95, 28.176, 28.224, 28.94, 29.886, 30.437, 30.936, 32.011, 33.008, 33.713, 34.157, 34.584, 35.106, 35.582, 35.638, 35.858, 36.46, 36.729, 36.863, 37.413, 37.765, 37.645, 37.473, 37.671, 38.97, 40.024, 40.2, 40.252, 41.137, 41.937, 41.58, 41.219, 41.152, 41.718, 43.393, 44.14, 43.679, 43.149, 42.77, 42.57, 42.792, 42.966, 42.661, 42.253, 42.019, 41.865, 41.7, 41.988, 41.778, 40.886, 41.156, 41.389, 40.62, 40.092, 40.148, 39.834, 39.945, 40.914, 41.176, 41.48, 42.036, 42.536, 42.84, 42.587, 41.799, 41.338, 41.163, 40.559, 39.25, 38.14, 37.427, 37.361, 37.523, 37.913, 38.511, 38.473, 38.161, 38.227, 38.379, 38.489, 38.537, 37.87, 37.259, 38.624, 39.995, 40.086, 39.811, 40.33, 40.937, 41.003, 40.92, 40.29, 39.392, 39.776, 40.519, 40.923, 41.265, 41.33, 41.546, 42.97, 44.16, 44.275, 44.374, 44.721, 44.923, 45.208, 45.624, 45.472, 44.928, 44.512, 44.344, 43.544, 42.951, 43.225, 44.064, 44.843, 45.199, 45.362, 44.672, 42.41, 40.117, 39.446, 39.485, 38.907, 38.104, 37.887, 38.322, 39.116, 39.749, 40.431, 40.82, 21.325], [22.852, 20.958, 18.222, 13.767, 7.127, 0.0, 4.277, 8.382, 13.401, 18.872, 20.817, 21.911, 23.879, 25.521, 26.574, 26.947, 27.279, 28.309, 29.471, 30.128, 30.762, 32.016, 33.12, 33.897, 34.412, 34.883, 35.41, 35.888, 35.968, 36.208, 36.822, 37.112, 37.233, 37.706, 37.995, 37.853, 37.671, 37.891, 39.221, 40.273, 40.45, 40.505, 41.375, 42.158, 41.804, 41.465, 41.429, 41.993, 43.592, 44.299, 43.861, 43.369, 43.021, 42.835, 43.049, 43.223, 42.935, 42.534, 42.295, 42.136, 41.975, 42.258, 42.081, 41.244, 41.501, 41.686, 40.896, 40.371, 40.363, 39.98, 40.189, 41.246, 41.439, 41.675, 42.273, 42.832, 43.133, 42.859, 42.076, 41.619, 41.398, 40.77, 39.51, 38.479, 37.808, 37.725, 37.843, 38.196, 38.767, 38.723, 38.435, 38.524, 38.687, 38.797, 38.851, 38.202, 37.585, 38.908, 40.279, 40.384, 40.052, 40.489, 41.063, 41.103, 40.998, 40.392, 39.544, 39.896, 40.558, 40.913, 41.258, 41.313, 41.488, 42.849, 44.012, 44.133, 44.233, 44.591, 44.821, 45.122, 45.529, 45.35, 44.768, 44.317, 44.137, 43.367, 42.807, 43.084, 43.899, 44.66, 45.01, 45.185, 44.558, 42.416, 40.216, 39.57, 39.657, 39.163, 38.426, 38.224, 38.641, 39.385, 39.953, 40.597, 40.975, 24.328], [23.706, 21.861, 19.329, 15.315, 9.591, 4.277, 0.0, 5.858, 12.318, 18.124, 19.879, 20.907, 23.017, 24.736, 25.872, 26.36, 26.828, 27.984, 29.25, 29.997, 30.74, 32.077, 33.235, 34.068, 34.626, 35.112, 35.636, 36.111, 36.209, 36.474, 37.08, 37.363, 37.498, 37.978, 38.256, 38.107, 37.929, 38.134, 39.43, 40.467, 40.641, 40.689, 41.546, 42.328, 41.981, 41.643, 41.594, 42.132, 43.71, 44.4, 43.96, 43.487, 43.155, 42.975, 43.192, 43.364, 43.078, 42.697, 42.476, 42.317, 42.152, 42.433, 42.274, 41.472, 41.738, 41.924, 41.143, 40.627, 40.624, 40.245, 40.459, 41.515, 41.695, 41.909, 42.476, 43.017, 43.312, 43.028, 42.239, 41.786, 41.561, 40.923, 39.681, 38.684, 38.038, 37.958, 38.054, 38.38, 38.937, 38.888, 38.607, 38.705, 38.857, 38.951, 39.005, 38.353, 37.701, 38.986, 40.332, 40.436, 40.106, 40.519, 41.074, 41.105, 40.992, 40.397, 39.588, 39.951, 40.574, 40.888, 41.245, 41.325, 41.478, 42.777, 43.912, 44.037, 44.142, 44.501, 44.737, 45.047, 45.457, 45.261, 44.66, 44.209, 44.044, 43.307, 42.763, 43.03, 43.833, 44.58, 44.919, 45.096, 44.487, 42.409, 40.296, 39.685, 39.762, 39.271, 38.591, 38.45, 38.864, 39.577, 40.122, 40.755, 41.13, 25.122], [24.604, 22.821, 20.464, 16.467, 11.241, 8.382, 5.858, 0.0, 8.632, 16.078, 18.048, 18.744, 20.983, 22.962, 24.247, 24.837, 25.42, 26.732, 28.19, 29.074, 29.903, 31.353, 32.634, 33.545, 34.164, 34.705, 35.257, 35.757, 35.885, 36.207, 36.864, 37.156, 37.313, 37.845, 38.158, 38.024, 37.856, 37.994, 39.237, 40.284, 40.455, 40.506, 41.391, 42.186, 41.837, 41.496, 41.43, 41.976, 43.604, 44.305, 43.853, 43.388, 43.073, 42.912, 43.153, 43.335, 43.034, 42.639, 42.422, 42.273, 42.119, 42.416, 42.254, 41.432, 41.716, 41.929, 41.135, 40.596, 40.623, 40.294, 40.496, 41.513, 41.687, 41.914, 42.493, 43.007, 43.264, 42.956, 42.147, 41.694, 41.476, 40.835, 39.588, 38.6, 37.987, 37.923, 37.976, 38.268, 38.829, 38.77, 38.464, 38.541, 38.676, 38.764, 38.825, 38.189, 37.56, 38.867, 40.232, 40.336, 39.99, 40.408, 40.98, 41.008, 40.886, 40.296, 39.513, 39.904, 40.516, 40.804, 41.174, 41.283, 41.402, 42.642, 43.752, 43.899, 44.031, 44.393, 44.629, 44.965, 45.394, 45.185, 44.556, 44.091, 43.93, 43.208, 42.675, 42.951, 43.77, 44.511, 44.832, 44.985, 44.329, 42.187, 40.043, 39.44, 39.505, 38.983, 38.331, 38.22, 38.611, 39.34, 39.908, 40.556, 40.937, 25.947], [27.312, 25.688, 23.54, 20.057, 15.736, 13.401, 12.318, 8.632, 0.0, 9.193, 12.57, 13.478, 15.817, 18.391, 20.166, 20.989, 21.911, 23.695, 25.519, 26.589, 27.576, 29.322, 30.894, 31.986, 32.754, 33.424, 34.031, 34.578, 34.774, 35.193, 35.959, 36.291, 36.424, 36.967, 37.329, 37.234, 37.073, 37.194, 38.512, 39.607, 39.756, 39.876, 40.894, 41.701, 41.343, 41.046, 41.029, 41.649, 43.34, 44.08, 43.652, 43.185, 42.866, 42.714, 42.973, 43.165, 42.837, 42.384, 42.145, 42.027, 41.917, 42.241, 42.062, 41.169, 41.443, 41.663, 40.836, 40.29, 40.334, 39.991, 40.21, 41.247, 41.387, 41.697, 42.479, 43.103, 43.32, 42.947, 42.095, 41.605, 41.35, 40.691, 39.417, 38.389, 37.758, 37.669, 37.705, 38.07, 38.728, 38.675, 38.297, 38.334, 38.499, 38.614, 38.702, 38.139, 37.622, 39.031, 40.503, 40.596, 40.07, 40.375, 40.969, 41.002, 40.855, 40.278, 39.547, 39.967, 40.563, 40.846, 41.229, 41.32, 41.345, 42.509, 43.606, 43.769, 43.937, 44.323, 44.578, 44.943, 45.372, 45.131, 44.47, 43.991, 43.833, 43.088, 42.556, 42.871, 43.71, 44.446, 44.738, 44.842, 44.108, 41.81, 39.491, 38.838, 38.927, 38.411, 37.717, 37.532, 37.893, 38.664, 39.263, 39.921, 40.299, 28.495], [30.393, 28.972, 27.12, 24.355, 21.049, 18.872, 18.124, 16.078, 9.193, 0.0, 5.623, 8.561, 11.269, 14.045, 16.301, 17.463, 18.808, 21.081, 23.19, 24.439, 25.642, 27.678, 29.552, 30.898, 31.834, 32.596, 33.247, 33.813, 34.053, 34.547, 35.386, 35.768, 35.897, 36.42, 36.801, 36.756, 36.615, 36.744, 38.126, 39.24, 39.371, 39.541, 40.654, 41.471, 41.096, 40.821, 40.851, 41.535, 43.235, 43.972, 43.558, 43.078, 42.724, 42.541, 42.79, 42.983, 42.641, 42.173, 41.957, 41.88, 41.803, 42.146, 41.97, 41.059, 41.362, 41.606, 40.791, 40.285, 40.353, 39.974, 40.144, 41.173, 41.311, 41.662, 42.536, 43.221, 43.422, 42.987, 42.091, 41.609, 41.407, 40.758, 39.412, 38.311, 37.674, 37.595, 37.68, 38.159, 38.91, 38.866, 38.443, 38.455, 38.634, 38.749, 38.835, 38.289, 37.82, 39.308, 40.886, 41.003, 40.352, 40.535, 41.118, 41.163, 40.995, 40.391, 39.652, 40.076, 40.679, 40.99, 41.382, 41.429, 41.376, 42.494, 43.592, 43.739, 43.914, 44.327, 44.596, 44.96, 45.37, 45.121, 44.482, 44.023, 43.866, 43.069, 42.518, 42.873, 43.722, 44.446, 44.722, 44.82, 44.071, 41.691, 39.264, 38.554, 38.657, 38.184, 37.482, 37.25, 37.598, 38.393, 39.004, 39.662, 40.038, 31.362], [31.422, 30.077, 28.34, 25.8, 22.84, 20.817, 19.879, 18.048, 12.57, 5.623, 0.0, 5.077, 9.213, 12.033, 14.243, 15.633, 17.318, 19.848, 22.111, 23.53, 24.917, 27.082, 29.053, 30.512, 31.532, 32.309, 32.957, 33.523, 33.775, 34.304, 35.172, 35.587, 35.764, 36.293, 36.661, 36.639, 36.523, 36.624, 37.993, 39.129, 39.281, 39.455, 40.577, 41.401, 41.017, 40.729, 40.767, 41.479, 43.176, 43.884, 43.462, 42.999, 42.643, 42.439, 42.683, 42.884, 42.542, 42.081, 41.893, 41.845, 41.782, 42.135, 41.975, 41.085, 41.42, 41.658, 40.835, 40.35, 40.421, 40.032, 40.184, 41.208, 41.364, 41.701, 42.54, 43.209, 43.41, 42.969, 42.072, 41.625, 41.481, 40.837, 39.441, 38.313, 37.689, 37.618, 37.714, 38.228, 39.006, 38.968, 38.547, 38.559, 38.727, 38.822, 38.894, 38.327, 37.835, 39.349, 40.976, 41.106, 40.428, 40.587, 41.161, 41.202, 41.025, 40.404, 39.654, 40.087, 40.684, 40.985, 41.387, 41.437, 41.337, 42.375, 43.435, 43.571, 43.752, 44.186, 44.487, 44.889, 45.322, 45.07, 44.415, 43.948, 43.784, 42.95, 42.378, 42.745, 43.604, 44.326, 44.597, 44.697, 43.947, 41.537, 39.113, 38.426, 38.545, 38.092, 37.419, 37.22, 37.596, 38.396, 38.991, 39.649, 40.031, 32.292], [31.929, 30.636, 28.955, 26.537, 23.771, 21.911, 20.907, 18.744, 13.478, 8.561, 5.077, 0.0, 5.588, 9.729, 12.53, 14.177, 16.277, 19.245, 21.794, 23.37, 24.905, 27.214, 29.261, 30.734, 31.788, 32.584, 33.213, 33.765, 34.04, 34.607, 35.496, 35.919, 36.129, 36.682, 37.043, 37.012, 36.904, 37.018, 38.321, 39.395, 39.544, 39.72, 40.812, 41.623, 41.241, 40.95, 40.993, 41.674, 43.302, 43.978, 43.559, 43.121, 42.79, 42.6, 42.842, 43.04, 42.721, 42.29, 42.114, 42.068, 42.012, 42.365, 42.22, 41.352, 41.651, 41.858, 41.041, 40.564, 40.635, 40.277, 40.464, 41.468, 41.616, 41.946, 42.754, 43.387, 43.569, 43.151, 42.299, 41.873, 41.711, 41.051, 39.698, 38.64, 38.044, 37.923, 37.974, 38.469, 39.233, 39.203, 38.794, 38.8, 38.961, 39.053, 39.122, 38.577, 38.121, 39.62, 41.204, 41.311, 40.634, 40.796, 41.368, 41.4, 41.222, 40.638, 39.936, 40.375, 40.948, 41.217, 41.616, 41.674, 41.538, 42.46, 43.441, 43.58, 43.777, 44.226, 44.552, 44.975, 45.403, 45.129, 44.44, 43.94, 43.762, 42.976, 42.449, 42.807, 43.629, 44.319, 44.563, 44.633, 43.877, 41.541, 39.259, 38.659, 38.785, 38.335, 37.736, 37.625, 38.011, 38.755, 39.318, 39.964, 40.336, 32.751], [32.955, 31.744, 30.175, 27.969, 25.525, 23.879, 23.017, 20.983, 15.817, 11.269, 9.213, 5.588, 0.0, 5.712, 9.988, 12.176, 14.555, 18.041, 20.987, 22.742, 24.454, 27.013, 29.277, 30.856, 31.951, 32.786, 33.437, 33.989, 34.28, 34.891, 35.815, 36.255, 36.484, 37.061, 37.44, 37.42, 37.325, 37.46, 38.729, 39.743, 39.872, 40.059, 41.154, 41.963, 41.581, 41.29, 41.332, 41.957, 43.497, 44.15, 43.748, 43.321, 43.002, 42.827, 43.063, 43.254, 42.955, 42.565, 42.419, 42.388, 42.337, 42.683, 42.539, 41.682, 41.958, 42.158, 41.367, 40.91, 40.995, 40.663, 40.862, 41.847, 42.001, 42.344, 43.15, 43.752, 43.901, 43.491, 42.669, 42.248, 42.06, 41.387, 40.07, 39.054, 38.465, 38.292, 38.313, 38.813, 39.58, 39.554, 39.138, 39.124, 39.286, 39.379, 39.434, 38.92, 38.548, 40.064, 41.62, 41.733, 41.083, 41.235, 41.792, 41.826, 41.659, 41.101, 40.429, 40.858, 41.431, 41.7, 42.074, 42.107, 41.965, 42.84, 43.782, 43.925, 44.134, 44.586, 44.906, 45.301, 45.7, 45.42, 44.72, 44.176, 43.966, 43.222, 42.735, 43.08, 43.86, 44.518, 44.74, 44.781, 44.04, 41.821, 39.659, 39.079, 39.187, 38.741, 38.199, 38.164, 38.555, 39.232, 39.757, 40.38, 40.738, 33.737], [33.793, 32.642, 31.199, 29.197, 27.007, 25.521, 24.736, 22.962, 18.391, 14.045, 12.033, 9.729, 5.712, 0.0, 5.545, 8.884, 11.946, 15.935, 19.258, 21.287, 23.264, 26.116, 28.703, 30.523, 31.664, 32.5, 33.198, 33.774, 34.068, 34.719, 35.678, 36.149, 36.406, 36.999, 37.401, 37.421, 37.35, 37.475, 38.747, 39.777, 39.915, 40.098, 41.193, 42.013, 41.644, 41.353, 41.395, 42.01, 43.529, 44.177, 43.79, 43.378, 43.065, 42.886, 43.115, 43.307, 43.016, 42.644, 42.523, 42.509, 42.46, 42.799, 42.646, 41.786, 42.075, 42.292, 41.512, 41.082, 41.182, 40.83, 41.019, 42.02, 42.193, 42.544, 43.342, 43.927, 44.058, 43.638, 42.819, 42.42, 42.263, 41.598, 40.252, 39.2, 38.621, 38.466, 38.509, 39.03, 39.8, 39.77, 39.344, 39.318, 39.483, 39.565, 39.599, 39.09, 38.759, 40.32, 41.914, 42.08, 41.476, 41.614, 42.139, 42.177, 42.018, 41.453, 40.771, 41.184, 41.767, 42.062, 42.415, 42.406, 42.247, 43.087, 44.011, 44.164, 44.389, 44.843, 45.153, 45.535, 45.932, 45.661, 44.951, 44.359, 44.119, 43.378, 42.896, 43.24, 44.008, 44.667, 44.893, 44.928, 44.2, 42.018, 39.861, 39.26, 39.371, 38.93, 38.378, 38.341, 38.732, 39.393, 39.887, 40.488, 40.834, 34.531], [34.347, 33.225, 31.871, 30.007, 27.95, 26.574, 25.872, 24.247, 20.166, 16.301, 14.243, 12.53, 9.988, 5.545, 0.0, 4.789, 9.788, 14.591, 18.117, 20.272, 22.378, 25.418, 28.295, 30.328, 31.469, 32.238, 32.93, 33.52, 33.825, 34.513, 35.506, 36.02, 36.317, 36.918, 37.323, 37.371, 37.327, 37.463, 38.72, 39.755, 39.921, 40.091, 41.127, 41.929, 41.584, 41.297, 41.346, 42.0, 43.537, 44.178, 43.795, 43.402, 43.104, 42.919, 43.14, 43.334, 43.051, 42.676, 42.555, 42.549, 42.503, 42.839, 42.686, 41.833, 42.152, 42.391, 41.61, 41.204, 41.325, 40.941, 41.096, 42.09, 42.265, 42.603, 43.381, 43.956, 44.075, 43.633, 42.805, 42.438, 42.346, 41.72, 40.339, 39.236, 38.675, 38.591, 38.694, 39.217, 39.965, 39.934, 39.509, 39.48, 39.658, 39.747, 39.779, 39.284, 38.973, 40.548, 42.157, 42.351, 41.795, 41.954, 42.47, 42.508, 42.353, 41.778, 41.055, 41.419, 42.001, 42.333, 42.675, 42.612, 42.428, 43.215, 44.095, 44.258, 44.505, 44.967, 45.277, 45.658, 46.059, 45.793, 45.079, 44.457, 44.196, 43.466, 43.008, 43.366, 44.134, 44.791, 45.021, 45.054, 44.314, 42.099, 39.903, 39.304, 39.445, 39.018, 38.44, 38.356, 38.722, 39.379, 39.848, 40.426, 40.759, 35.03], [34.445, 33.317, 31.989, 30.167, 28.176, 26.947, 26.36, 24.837, 20.989, 17.463, 15.633, 14.177, 12.176, 8.884, 4.789, 0.0, 6.577, 12.574, 16.557, 18.695, 20.762, 24.025, 27.205, 29.418, 30.599, 31.378, 32.102, 32.723, 33.048, 33.785, 34.846, 35.405, 35.756, 36.421, 36.855, 36.909, 36.89, 37.074, 38.367, 39.418, 39.599, 39.778, 40.823, 41.633, 41.289, 40.994, 41.042, 41.733, 43.315, 43.955, 43.554, 43.162, 42.872, 42.683, 42.903, 43.1, 42.809, 42.415, 42.289, 42.29, 42.252, 42.596, 42.438, 41.585, 41.948, 42.192, 41.388, 40.982, 41.106, 40.704, 40.844, 41.841, 42.017, 42.361, 43.152, 43.734, 43.841, 43.358, 42.492, 42.119, 42.05, 41.438, 40.017, 38.859, 38.271, 38.213, 38.35, 38.89, 39.653, 39.62, 39.185, 39.16, 39.349, 39.443, 39.472, 38.961, 38.654, 40.272, 41.931, 42.145, 41.592, 41.766, 42.3, 42.348, 42.194, 41.595, 40.825, 41.17, 41.775, 42.142, 42.473, 42.381, 42.226, 43.065, 43.96, 44.113, 44.357, 44.822, 45.124, 45.492, 45.893, 45.644, 44.963, 44.371, 44.105, 43.343, 42.872, 43.245, 44.031, 44.695, 44.926, 44.962, 44.186, 41.851, 39.529, 38.903, 39.059, 38.628, 38.023, 37.929, 38.321, 39.019, 39.502, 40.085, 40.423, 35.113], [34.425, 33.31, 31.945, 30.087, 28.224, 27.279, 26.828, 25.42, 21.911, 18.808, 17.318, 16.277, 14.555, 11.946, 9.788, 6.577, 0.0, 7.135, 12.278, 14.851, 17.121, 20.88, 24.487, 26.992, 28.367, 29.317, 30.208, 30.943, 31.303, 32.139, 33.34, 33.937, 34.341, 35.153, 35.678, 35.753, 35.782, 36.043, 37.505, 38.689, 38.886, 39.1, 40.269, 41.156, 40.82, 40.515, 40.529, 41.258, 42.952, 43.62, 43.193, 42.794, 42.499, 42.295, 42.524, 42.732, 42.396, 41.947, 41.805, 41.808, 41.778, 42.143, 41.949, 41.016, 41.361, 41.58, 40.748, 40.324, 40.414, 39.996, 40.144, 41.175, 41.373, 41.772, 42.641, 43.265, 43.375, 42.858, 41.945, 41.522, 41.392, 40.73, 39.246, 38.024, 37.38, 37.29, 37.408, 38.003, 38.835, 38.788, 38.309, 38.279, 38.441, 38.511, 38.547, 37.996, 37.653, 39.342, 41.108, 41.354, 40.754, 40.91, 41.469, 41.541, 41.401, 40.774, 39.993, 40.416, 41.096, 41.481, 41.808, 41.769, 41.735, 42.786, 43.805, 43.935, 44.144, 44.594, 44.871, 45.227, 45.639, 45.416, 44.795, 44.291, 44.055, 43.211, 42.661, 43.032, 43.858, 44.552, 44.796, 44.84, 44.013, 41.478, 38.887, 38.14, 38.283, 37.817, 37.104, 36.982, 37.482, 38.303, 38.855, 39.49, 39.866, 35.063], [34.946, 33.891, 32.47, 30.587, 28.94, 28.309, 27.984, 26.732, 23.695, 21.081, 19.848, 19.245, 18.041, 15.935, 14.591, 12.574, 7.135, 0.0, 6.257, 10.064, 13.251, 17.573, 21.492, 24.291, 25.931, 27.106, 28.191, 29.073, 29.505, 30.468, 31.811, 32.422, 32.826, 33.74, 34.356, 34.479, 34.559, 34.937, 36.661, 38.034, 38.265, 38.511, 39.792, 40.749, 40.441, 40.137, 40.111, 40.881, 42.708, 43.424, 42.985, 42.575, 42.258, 42.037, 42.286, 42.506, 42.113, 41.593, 41.419, 41.421, 41.406, 41.8, 41.548, 40.475, 40.75, 40.948, 40.106, 39.683, 39.752, 39.317, 39.47, 40.538, 40.759, 41.233, 42.222, 42.935, 43.088, 42.562, 41.607, 41.121, 40.892, 40.17, 38.66, 37.412, 36.728, 36.613, 36.702, 37.348, 38.24, 38.161, 37.619, 37.587, 37.723, 37.768, 37.839, 37.274, 36.856, 38.557, 40.375, 40.612, 39.941, 40.071, 40.654, 40.758, 40.643, 40.015, 39.271, 39.81, 40.577, 40.986, 41.345, 41.393, 41.476, 42.722, 43.848, 43.944, 44.113, 44.537, 44.782, 45.136, 45.563, 45.356, 44.777, 44.352, 44.149, 43.223, 42.601, 42.969, 43.824, 44.549, 44.816, 44.871, 44.001, 41.279, 38.416, 37.536, 37.66, 37.167, 36.335, 36.136, 36.745, 37.687, 38.291, 38.968, 39.378, 35.455], [35.661, 34.663, 33.204, 31.336, 29.886, 29.471, 29.25, 28.19, 25.519, 23.19, 22.111, 21.794, 20.987, 19.258, 18.117, 16.557, 12.278, 6.257, 0.0, 5.219, 10.158, 15.226, 19.255, 22.198, 24.067, 25.41, 26.581, 27.559, 28.101, 29.182, 30.63, 31.271, 31.67, 32.622, 33.282, 33.44, 33.546, 34.03, 36.001, 37.54, 37.796, 38.061, 39.418, 40.43, 40.147, 39.858, 39.813, 40.613, 42.517, 43.266, 42.821, 42.395, 42.062, 41.84, 42.103, 42.328, 41.905, 41.344, 41.149, 41.144, 41.141, 41.558, 41.274, 40.119, 40.359, 40.536, 39.683, 39.277, 39.34, 38.887, 39.039, 40.151, 40.378, 40.893, 41.999, 42.83, 43.043, 42.509, 41.506, 40.955, 40.656, 39.908, 38.411, 37.168, 36.448, 36.315, 36.402, 37.09, 38.027, 37.925, 37.338, 37.319, 37.464, 37.513, 37.632, 37.065, 36.559, 38.247, 40.095, 40.302, 39.551, 39.653, 40.264, 40.396, 40.293, 39.665, 38.943, 39.543, 40.369, 40.818, 41.207, 41.282, 41.391, 42.716, 43.884, 43.946, 44.083, 44.492, 44.717, 45.068, 45.496, 45.287, 44.712, 44.309, 44.11, 43.123, 42.45, 42.82, 43.696, 44.446, 44.737, 44.81, 43.929, 41.116, 38.096, 37.139, 37.261, 36.771, 35.89, 35.636, 36.317, 37.33, 37.951, 38.64, 39.065, 36.034], [36.027, 35.065, 33.608, 31.78, 30.437, 30.128, 29.997, 29.074, 26.589, 24.439, 23.53, 23.37, 22.742, 21.287, 20.272, 18.695, 14.851, 10.064, 5.219, 0.0, 6.406, 12.87, 17.426, 20.457, 22.426, 23.933, 25.198, 26.257, 26.916, 28.109, 29.646, 30.342, 30.8, 31.827, 32.528, 32.694, 32.832, 33.439, 35.587, 37.225, 37.505, 37.794, 39.192, 40.24, 39.991, 39.73, 39.693, 40.515, 42.44, 43.189, 42.74, 42.316, 41.99, 41.77, 42.03, 42.254, 41.826, 41.26, 41.062, 41.05, 41.045, 41.473, 41.185, 40.004, 40.238, 40.416, 39.558, 39.155, 39.22, 38.757, 38.896, 40.034, 40.272, 40.806, 41.958, 42.829, 43.062, 42.525, 41.505, 40.918, 40.584, 39.827, 38.339, 37.098, 36.35, 36.203, 36.288, 36.997, 37.964, 37.863, 37.258, 37.252, 37.412, 37.472, 37.62, 37.065, 36.533, 38.231, 40.092, 40.273, 39.486, 39.576, 40.198, 40.337, 40.23, 39.604, 38.89, 39.498, 40.332, 40.796, 41.192, 41.269, 41.373, 42.71, 43.888, 43.934, 44.057, 44.461, 44.68, 45.028, 45.451, 45.233, 44.646, 44.24, 44.043, 43.034, 42.338, 42.712, 43.611, 44.374, 44.671, 44.755, 43.884, 41.061, 38.005, 37.025, 37.152, 36.676, 35.792, 35.529, 36.233, 37.273, 37.908, 38.605, 39.033, 36.349], [36.323, 35.403, 33.969, 32.18, 30.936, 30.762, 30.74, 29.903, 27.576, 25.642, 24.917, 24.905, 24.454, 23.264, 22.378, 20.762, 17.121, 13.251, 10.158, 6.406, 0.0, 7.897, 13.986, 17.746, 19.714, 21.345, 22.924, 24.193, 24.979, 26.338, 28.052, 28.853, 29.439, 30.627, 31.421, 31.593, 31.781, 32.614, 34.99, 36.734, 37.073, 37.446, 38.901, 39.973, 39.754, 39.531, 39.536, 40.44, 42.428, 43.172, 42.721, 42.317, 41.996, 41.766, 42.027, 42.254, 41.803, 41.209, 41.013, 41.013, 41.013, 41.447, 41.147, 39.941, 40.203, 40.415, 39.556, 39.153, 39.233, 38.759, 38.855, 39.987, 40.27, 40.849, 41.976, 42.803, 43.03, 42.496, 41.472, 40.882, 40.558, 39.81, 38.284, 37.001, 36.253, 36.125, 36.195, 36.907, 37.897, 37.796, 37.17, 37.167, 37.333, 37.395, 37.552, 36.994, 36.456, 38.197, 40.079, 40.249, 39.473, 39.587, 40.21, 40.34, 40.232, 39.604, 38.872, 39.473, 40.324, 40.806, 41.194, 41.268, 41.384, 42.757, 43.947, 43.988, 44.111, 44.516, 44.725, 45.068, 45.502, 45.289, 44.706, 44.317, 44.124, 43.087, 42.371, 42.76, 43.693, 44.474, 44.776, 44.857, 43.966, 41.083, 37.954, 36.941, 37.06, 36.574, 35.661, 35.354, 36.033, 37.123, 37.794, 38.504, 38.941, 36.605], [36.975, 36.141, 34.765, 33.064, 32.011, 32.016, 32.077, 31.353, 29.322, 27.678, 27.082, 27.214, 27.013, 26.116, 25.418, 24.025, 20.88, 17.573, 15.226, 12.87, 7.897, 0.0, 7.891, 13.422, 15.767, 17.391, 19.313, 20.941, 21.937, 23.596, 25.628, 26.6, 27.332, 28.713, 29.624, 29.807, 30.059, 31.19, 33.899, 35.82, 36.25, 36.748, 38.326, 39.458, 39.266, 39.083, 39.154, 40.174, 42.268, 43.031, 42.582, 42.194, 41.877, 41.645, 41.923, 42.162, 41.674, 41.04, 40.862, 40.901, 40.918, 41.356, 41.052, 39.854, 40.17, 40.385, 39.507, 39.108, 39.172, 38.668, 38.728, 39.839, 40.17, 40.794, 41.891, 42.695, 42.942, 42.407, 41.359, 40.772, 40.492, 39.778, 38.209, 36.883, 36.147, 36.04, 36.083, 36.802, 37.817, 37.71, 37.059, 37.051, 37.209, 37.26, 37.431, 36.866, 36.287, 38.079, 40.009, 40.17, 39.389, 39.514, 40.143, 40.278, 40.177, 39.52, 38.74, 39.356, 40.268, 40.804, 41.198, 41.263, 41.401, 42.843, 44.061, 44.088, 44.204, 44.605, 44.799, 45.137, 45.592, 45.392, 44.807, 44.407, 44.17, 43.07, 42.321, 42.736, 43.702, 44.498, 44.807, 44.9, 43.992, 41.02, 37.783, 36.735, 36.848, 36.319, 35.317, 34.921, 35.58, 36.757, 37.485, 38.209, 38.666, 37.145], [37.536, 36.816, 35.522, 33.909, 33.008, 33.12, 33.235, 32.634, 30.894, 29.552, 29.053, 29.261, 29.277, 28.703, 28.295, 27.205, 24.487, 21.492, 19.255, 17.426, 13.986, 7.891, 0.0, 7.179, 11.129, 13.453, 15.412, 17.241, 18.627, 20.781, 23.205, 24.368, 25.228, 26.757, 27.747, 27.964, 28.32, 29.717, 32.771, 34.905, 35.4, 35.959, 37.671, 38.889, 38.723, 38.563, 38.665, 39.765, 41.956, 42.771, 42.308, 41.896, 41.575, 41.35, 41.639, 41.884, 41.382, 40.737, 40.564, 40.61, 40.639, 41.102, 40.806, 39.576, 39.853, 40.038, 39.145, 38.717, 38.713, 38.174, 38.27, 39.404, 39.737, 40.386, 41.524, 42.384, 42.675, 42.144, 41.081, 40.48, 40.17, 39.43, 37.848, 36.534, 35.785, 35.642, 35.644, 36.381, 37.434, 37.327, 36.651, 36.631, 36.757, 36.792, 37.003, 36.464, 35.886, 37.747, 39.709, 39.816, 38.971, 39.089, 39.744, 39.893, 39.779, 39.091, 38.325, 39.019, 39.982, 40.564, 40.995, 41.08, 41.23, 42.752, 44.028, 44.042, 44.139, 44.536, 44.726, 45.066, 45.525, 45.311, 44.694, 44.273, 44.028, 42.879, 42.087, 42.513, 43.5, 44.293, 44.599, 44.711, 43.816, 40.8, 37.476, 36.4, 36.551, 36.061, 34.997, 34.485, 35.149, 36.422, 37.2, 37.939, 38.412, 37.601], [37.852, 37.237, 36.065, 34.537, 33.713, 33.897, 34.068, 33.545, 31.986, 30.898, 30.512, 30.734, 30.856, 30.523, 30.328, 29.418, 26.992, 24.291, 22.198, 20.457, 17.746, 13.422, 7.179, 0.0, 6.087, 10.384, 12.674, 14.335, 16.095, 18.878, 21.667, 22.958, 23.867, 25.482, 26.545, 26.783, 27.205, 28.855, 32.184, 34.468, 35.008, 35.576, 37.338, 38.586, 38.423, 38.289, 38.408, 39.508, 41.72, 42.575, 42.111, 41.686, 41.369, 41.157, 41.451, 41.699, 41.222, 40.599, 40.415, 40.446, 40.481, 40.974, 40.686, 39.39, 39.587, 39.78, 38.889, 38.422, 38.38, 37.814, 37.916, 39.061, 39.392, 40.075, 41.276, 42.169, 42.466, 41.946, 40.895, 40.27, 39.893, 39.114, 37.551, 36.276, 35.551, 35.412, 35.416, 36.188, 37.268, 37.168, 36.495, 36.484, 36.597, 36.62, 36.851, 36.361, 35.887, 37.816, 39.725, 39.717, 38.834, 39.002, 39.695, 39.833, 39.689, 39.004, 38.295, 39.021, 39.965, 40.556, 41.031, 41.121, 41.185, 42.671, 43.949, 43.952, 44.04, 44.437, 44.632, 44.98, 45.44, 45.196, 44.52, 44.083, 43.876, 42.737, 41.943, 42.371, 43.35, 44.131, 44.431, 44.545, 43.657, 40.637, 37.296, 36.228, 36.427, 36.023, 34.993, 34.442, 35.132, 36.45, 37.224, 37.951, 38.436, 37.881], [37.853, 37.291, 36.258, 34.878, 34.157, 34.412, 34.626, 34.164, 32.754, 31.834, 31.532, 31.788, 31.951, 31.664, 31.469, 30.599, 28.367, 25.931, 24.067, 22.426, 19.714, 15.767, 11.129, 6.087, 0.0, 5.877, 9.596, 11.538, 13.289, 16.557, 19.789, 21.242, 22.213, 23.96, 25.133, 25.361, 25.836, 27.835, 31.487, 33.929, 34.548, 35.171, 36.964, 38.23, 38.084, 37.993, 38.196, 39.354, 41.557, 42.405, 41.965, 41.583, 41.297, 41.102, 41.398, 41.656, 41.224, 40.656, 40.508, 40.572, 40.616, 41.092, 40.821, 39.583, 39.864, 40.097, 39.186, 38.721, 38.708, 38.124, 38.17, 39.279, 39.634, 40.355, 41.524, 42.352, 42.607, 42.053, 40.962, 40.344, 40.035, 39.318, 37.747, 36.423, 35.696, 35.633, 35.727, 36.519, 37.57, 37.465, 36.811, 36.823, 36.959, 36.985, 37.176, 36.675, 36.298, 38.295, 40.183, 40.14, 39.289, 39.512, 40.218, 40.347, 40.197, 39.497, 38.711, 39.322, 40.233, 40.864, 41.344, 41.365, 41.323, 42.717, 43.956, 43.973, 44.086, 44.491, 44.687, 45.052, 45.536, 45.292, 44.581, 44.101, 43.856, 42.707, 41.937, 42.376, 43.327, 44.096, 44.409, 44.526, 43.636, 40.622, 37.301, 36.255, 36.429, 35.999, 34.978, 34.448, 35.16, 36.477, 37.243, 37.977, 38.474, 37.889], [37.898, 37.348, 36.392, 35.168, 34.584, 34.883, 35.112, 34.705, 33.424, 32.596, 32.309, 32.584, 32.786, 32.5, 32.238, 31.378, 29.317, 27.106, 25.41, 23.933, 21.345, 17.391, 13.453, 10.384, 5.877, 0.0, 5.272, 8.431, 10.352, 13.785, 17.426, 19.123, 20.238, 22.162, 23.44, 23.699, 24.37, 26.808, 30.761, 33.337, 34.048, 34.745, 36.565, 37.873, 37.779, 37.716, 38.013, 39.308, 41.53, 42.341, 41.898, 41.554, 41.303, 41.108, 41.389, 41.656, 41.256, 40.729, 40.626, 40.735, 40.785, 41.229, 40.988, 39.863, 40.268, 40.529, 39.603, 39.142, 39.144, 38.56, 38.564, 39.617, 39.989, 40.716, 41.807, 42.567, 42.794, 42.195, 41.052, 40.461, 40.279, 39.648, 38.064, 36.697, 35.951, 35.919, 36.052, 36.801, 37.784, 37.666, 37.021, 37.032, 37.184, 37.223, 37.393, 36.872, 36.54, 38.603, 40.53, 40.513, 39.687, 39.913, 40.611, 40.745, 40.605, 39.867, 38.965, 39.482, 40.417, 41.098, 41.542, 41.494, 41.459, 42.867, 44.115, 44.163, 44.301, 44.706, 44.896, 45.266, 45.763, 45.54, 44.851, 44.359, 44.034, 42.814, 42.033, 42.488, 43.419, 44.16, 44.474, 44.598, 43.72, 40.731, 37.409, 36.34, 36.476, 35.996, 34.939, 34.402, 35.122, 36.456, 37.258, 38.027, 38.534, 37.902], [38.196, 37.679, 36.747, 35.603, 35.106, 35.41, 35.636, 35.257, 34.031, 33.247, 32.957, 33.213, 33.437, 33.198, 32.93, 32.102, 30.208, 28.191, 26.581, 25.198, 22.924, 19.313, 15.412, 12.674, 9.596, 5.272, 0.0, 4.521, 7.895, 11.85, 15.662, 17.576, 18.887, 20.928, 22.264, 22.591, 23.487, 26.296, 30.444, 33.07, 33.808, 34.542, 36.404, 37.752, 37.692, 37.643, 37.984, 39.356, 41.596, 42.388, 41.932, 41.595, 41.364, 41.182, 41.455, 41.714, 41.315, 40.783, 40.675, 40.782, 40.826, 41.258, 41.03, 39.926, 40.315, 40.572, 39.667, 39.2, 39.182, 38.596, 38.575, 39.588, 39.934, 40.629, 41.71, 42.489, 42.724, 42.13, 41.011, 40.443, 40.271, 39.656, 38.125, 36.826, 36.096, 36.038, 36.141, 36.842, 37.79, 37.67, 37.029, 37.024, 37.168, 37.219, 37.407, 36.906, 36.603, 38.674, 40.611, 40.597, 39.77, 39.984, 40.674, 40.81, 40.663, 39.922, 39.021, 39.531, 40.472, 41.164, 41.594, 41.537, 41.52, 42.924, 44.171, 44.234, 44.373, 44.768, 44.953, 45.32, 45.814, 45.596, 44.932, 44.458, 44.109, 42.852, 42.063, 42.529, 43.443, 44.148, 44.449, 44.574, 43.712, 40.761, 37.458, 36.378, 36.527, 36.083, 35.036, 34.463, 35.148, 36.471, 37.288, 38.063, 38.562, 38.131], [38.465, 37.995, 37.13, 36.046, 35.582, 35.888, 36.111, 35.757, 34.578, 33.813, 33.523, 33.765, 33.989, 33.774, 33.52, 32.723, 30.943, 29.073, 27.559, 26.257, 24.193, 20.941, 17.241, 14.335, 11.538, 8.431, 4.521, 0.0, 5.072, 10.414, 14.67, 16.774, 18.276, 20.415, 21.808, 22.187, 23.168, 26.166, 30.446, 33.109, 33.86, 34.603, 36.477, 37.842, 37.795, 37.759, 38.117, 39.489, 41.708, 42.49, 42.04, 41.717, 41.506, 41.348, 41.627, 41.879, 41.49, 40.968, 40.852, 40.95, 40.99, 41.416, 41.191, 40.097, 40.464, 40.716, 39.827, 39.362, 39.334, 38.742, 38.705, 39.688, 40.001, 40.67, 41.757, 42.558, 42.799, 42.221, 41.139, 40.581, 40.372, 39.741, 38.26, 37.031, 36.331, 36.264, 36.361, 37.059, 37.997, 37.877, 37.245, 37.239, 37.38, 37.428, 37.612, 37.127, 36.823, 38.842, 40.746, 40.724, 39.915, 40.136, 40.819, 40.953, 40.803, 40.077, 39.203, 39.705, 40.627, 41.309, 41.735, 41.68, 41.659, 43.006, 44.213, 44.276, 44.412, 44.8, 44.986, 45.355, 45.843, 45.625, 44.97, 44.503, 44.162, 42.927, 42.153, 42.614, 43.504, 44.189, 44.49, 44.615, 43.753, 40.831, 37.585, 36.534, 36.693, 36.261, 35.234, 34.68, 35.36, 36.645, 37.424, 38.179, 38.664, 38.384], [38.331, 37.86, 37.063, 36.062, 35.638, 35.968, 36.209, 35.885, 34.774, 34.053, 33.775, 34.04, 34.28, 34.068, 33.825, 33.048, 31.303, 29.505, 28.101, 26.916, 24.979, 21.937, 18.627, 16.095, 13.289, 10.352, 7.895, 5.072, 0.0, 6.664, 12.157, 14.829, 16.644, 19.072, 20.651, 21.152, 22.314, 25.584, 30.119, 32.902, 33.715, 34.494, 36.374, 37.745, 37.705, 37.666, 38.037, 39.429, 41.649, 42.429, 41.979, 41.661, 41.462, 41.308, 41.592, 41.855, 41.481, 40.97, 40.865, 40.974, 41.022, 41.447, 41.213, 40.136, 40.566, 40.833, 39.926, 39.452, 39.425, 38.824, 38.781, 39.773, 40.1, 40.789, 41.874, 42.665, 42.901, 42.308, 41.207, 40.644, 40.45, 39.83, 38.329, 37.064, 36.345, 36.292, 36.417, 37.123, 38.056, 37.927, 37.288, 37.282, 37.431, 37.47, 37.641, 37.162, 36.871, 38.897, 40.822, 40.816, 40.016, 40.245, 40.929, 41.06, 40.911, 40.175, 39.279, 39.775, 40.716, 41.405, 41.798, 41.711, 41.708, 43.082, 44.295, 44.362, 44.505, 44.895, 45.08, 45.448, 45.935, 45.722, 45.063, 44.565, 44.185, 42.926, 42.143, 42.6, 43.477, 44.159, 44.472, 44.606, 43.745, 40.82, 37.56, 36.469, 36.601, 36.164, 35.157, 34.64, 35.34, 36.63, 37.412, 38.183, 38.673, 38.268], [38.324, 37.839, 37.08, 36.188, 35.858, 36.208, 36.474, 36.207, 35.193, 34.547, 34.304, 34.607, 34.891, 34.719, 34.513, 33.785, 32.139, 30.468, 29.182, 28.109, 26.338, 23.596, 20.781, 18.878, 16.557, 13.785, 11.85, 10.414, 6.664, 0.0, 6.844, 10.86, 13.57, 16.528, 18.431, 19.188, 20.801, 24.678, 29.606, 32.518, 33.405, 34.261, 36.176, 37.56, 37.526, 37.491, 37.894, 39.323, 41.539, 42.31, 41.851, 41.532, 41.331, 41.166, 41.442, 41.709, 41.334, 40.819, 40.722, 40.842, 40.891, 41.311, 41.066, 40.002, 40.468, 40.721, 39.802, 39.323, 39.292, 38.689, 38.655, 39.687, 40.049, 40.758, 41.842, 42.618, 42.843, 42.251, 41.167, 40.62, 40.456, 39.87, 38.375, 37.087, 36.35, 36.318, 36.477, 37.18, 38.095, 37.956, 37.3, 37.275, 37.426, 37.468, 37.646, 37.216, 36.984, 39.008, 40.954, 40.974, 40.161, 40.37, 41.051, 41.182, 41.026, 40.284, 39.387, 39.894, 40.855, 41.537, 41.882, 41.751, 41.755, 43.146, 44.36, 44.43, 44.578, 44.969, 45.151, 45.512, 45.995, 45.787, 45.116, 44.575, 44.146, 42.874, 42.106, 42.576, 43.45, 44.121, 44.433, 44.583, 43.759, 40.883, 37.63, 36.463, 36.553, 36.149, 35.181, 34.622, 35.267, 36.572, 37.397, 38.198, 38.695, 38.262], [38.657, 38.186, 37.455, 36.673, 36.46, 36.822, 37.08, 36.864, 35.959, 35.386, 35.172, 35.496, 35.815, 35.678, 35.506, 34.846, 33.34, 31.811, 30.63, 29.646, 28.052, 25.628, 23.205, 21.667, 19.789, 17.426, 15.662, 14.67, 12.157, 6.844, 0.0, 5.729, 10.392, 14.273, 16.509, 17.497, 19.556, 24.065, 29.296, 32.268, 33.189, 34.128, 36.101, 37.497, 37.48, 37.484, 37.943, 39.387, 41.567, 42.337, 41.911, 41.615, 41.419, 41.259, 41.529, 41.779, 41.396, 40.89, 40.797, 40.911, 40.95, 41.353, 41.113, 40.061, 40.454, 40.663, 39.773, 39.311, 39.27, 38.681, 38.677, 39.742, 40.125, 40.814, 41.867, 42.613, 42.831, 42.281, 41.276, 40.761, 40.602, 40.046, 38.622, 37.401, 36.695, 36.685, 36.878, 37.576, 38.455, 38.312, 37.672, 37.628, 37.761, 37.795, 37.975, 37.592, 37.395, 39.33, 41.21, 41.237, 40.44, 40.621, 41.274, 41.407, 41.249, 40.517, 39.651, 40.151, 41.09, 41.727, 42.04, 41.903, 41.873, 43.145, 44.276, 44.33, 44.479, 44.871, 45.061, 45.422, 45.896, 45.677, 44.992, 44.462, 44.078, 42.9, 42.186, 42.646, 43.491, 44.134, 44.433, 44.583, 43.779, 40.99, 37.867, 36.734, 36.802, 36.429, 35.526, 34.968, 35.556, 36.831, 37.673, 38.471, 38.961, 38.586], [38.841, 38.374, 37.649, 36.892, 36.729, 37.112, 37.363, 37.156, 36.291, 35.768, 35.587, 35.919, 36.255, 36.149, 36.02, 35.405, 33.937, 32.422, 31.271, 30.342, 28.853, 26.6, 24.368, 22.958, 21.242, 19.123, 17.576, 16.774, 14.829, 10.86, 5.729, 0.0, 6.313, 11.64, 14.438, 15.511, 17.918, 23.114, 28.709, 31.808, 32.769, 33.771, 35.831, 37.253, 37.235, 37.268, 37.783, 39.265, 41.458, 42.258, 41.89, 41.643, 41.466, 41.328, 41.611, 41.848, 41.463, 40.973, 40.881, 40.992, 41.031, 41.425, 41.191, 40.124, 40.431, 40.626, 39.768, 39.3, 39.238, 38.654, 38.673, 39.766, 40.156, 40.839, 41.877, 42.604, 42.812, 42.29, 41.335, 40.831, 40.656, 40.114, 38.751, 37.601, 36.934, 36.932, 37.124, 37.812, 38.679, 38.543, 37.93, 37.906, 38.041, 38.066, 38.23, 37.839, 37.617, 39.474, 41.288, 41.313, 40.539, 40.702, 41.327, 41.458, 41.301, 40.582, 39.731, 40.213, 41.128, 41.724, 42.019, 41.911, 41.891, 43.094, 44.169, 44.209, 44.364, 44.764, 44.956, 45.312, 45.768, 45.531, 44.861, 44.395, 44.095, 42.979, 42.27, 42.694, 43.503, 44.132, 44.428, 44.568, 43.735, 40.951, 37.903, 36.829, 36.882, 36.489, 35.619, 35.136, 35.759, 37.012, 37.85, 38.643, 39.131, 38.773], [38.934, 38.483, 37.77, 37.017, 36.863, 37.233, 37.498, 37.313, 36.424, 35.897, 35.764, 36.129, 36.484, 36.406, 36.317, 35.756, 34.341, 32.826, 31.67, 30.8, 29.439, 27.332, 25.228, 23.867, 22.213, 20.238, 18.887, 18.276, 16.644, 13.57, 10.392, 6.313, 0.0, 6.673, 10.654, 12.11, 14.867, 21.189, 27.537, 30.897, 31.917, 33.011, 35.239, 36.735, 36.712, 36.773, 37.349, 38.88, 41.104, 41.939, 41.62, 41.403, 41.237, 41.131, 41.451, 41.702, 41.334, 40.87, 40.793, 40.927, 40.991, 41.387, 41.152, 40.069, 40.338, 40.547, 39.713, 39.239, 39.17, 38.589, 38.615, 39.721, 40.106, 40.807, 41.886, 42.627, 42.827, 42.301, 41.339, 40.82, 40.626, 40.091, 38.773, 37.675, 37.031, 37.033, 37.208, 37.862, 38.711, 38.578, 37.98, 37.974, 38.12, 38.156, 38.319, 37.903, 37.669, 39.529, 41.317, 41.325, 40.541, 40.692, 41.301, 41.408, 41.247, 40.56, 39.72, 40.16, 41.046, 41.623, 41.916, 41.824, 41.821, 43.037, 44.129, 44.179, 44.346, 44.752, 44.938, 45.279, 45.713, 45.453, 44.763, 44.288, 44.007, 42.88, 42.148, 42.549, 43.336, 43.975, 44.301, 44.436, 43.575, 40.785, 37.756, 36.707, 36.756, 36.347, 35.488, 35.034, 35.687, 36.913, 37.721, 38.509, 38.997, 38.854], [39.388, 38.97, 38.295, 37.578, 37.413, 37.706, 37.978, 37.845, 36.967, 36.42, 36.293, 36.682, 37.061, 36.999, 36.918, 36.421, 35.153, 33.74, 32.622, 31.827, 30.627, 28.713, 26.757, 25.482, 23.96, 22.162, 20.928, 20.415, 19.072, 16.528, 14.273, 11.64, 6.673, 0.0, 5.28, 8.303, 11.939, 19.249, 26.37, 30.007, 31.073, 32.272, 34.695, 36.294, 36.294, 36.415, 37.067, 38.615, 40.816, 41.68, 41.419, 41.225, 41.073, 41.006, 41.363, 41.632, 41.311, 40.917, 40.891, 41.07, 41.165, 41.555, 41.343, 40.314, 40.599, 40.821, 40.013, 39.561, 39.492, 38.92, 38.939, 40.008, 40.358, 41.046, 42.166, 42.936, 43.13, 42.597, 41.624, 41.098, 40.915, 40.395, 39.125, 38.075, 37.44, 37.434, 37.613, 38.245, 39.059, 38.93, 38.356, 38.357, 38.513, 38.568, 38.736, 38.301, 38.034, 39.842, 41.588, 41.586, 40.802, 40.94, 41.526, 41.611, 41.453, 40.812, 40.001, 40.399, 41.25, 41.811, 42.107, 42.021, 42.004, 43.167, 44.234, 44.298, 44.475, 44.884, 45.074, 45.401, 45.814, 45.531, 44.781, 44.214, 43.903, 42.799, 42.082, 42.468, 43.217, 43.853, 44.208, 44.347, 43.501, 40.804, 37.887, 36.88, 36.949, 36.582, 35.781, 35.322, 35.924, 37.068, 37.825, 38.594, 39.066, 39.302], [39.76, 39.346, 38.68, 37.967, 37.765, 37.995, 38.256, 38.158, 37.329, 36.801, 36.661, 37.043, 37.44, 37.401, 37.323, 36.855, 35.678, 34.356, 33.282, 32.528, 31.421, 29.624, 27.747, 26.545, 25.133, 23.44, 22.264, 21.808, 20.651, 18.431, 16.509, 14.438, 10.654, 5.28, 0.0, 4.958, 10.392, 18.192, 25.507, 29.267, 30.394, 31.67, 34.224, 35.912, 35.946, 36.13, 36.862, 38.443, 40.649, 41.548, 41.337, 41.171, 41.039, 40.995, 41.365, 41.636, 41.327, 40.973, 40.985, 41.19, 41.301, 41.689, 41.501, 40.534, 40.877, 41.134, 40.344, 39.914, 39.851, 39.27, 39.269, 40.313, 40.637, 41.284, 42.407, 43.2, 43.406, 42.874, 41.892, 41.372, 41.234, 40.74, 39.478, 38.434, 37.785, 37.764, 37.958, 38.595, 39.393, 39.27, 38.718, 38.722, 38.873, 38.936, 39.102, 38.654, 38.347, 40.103, 41.828, 41.824, 41.05, 41.199, 41.778, 41.852, 41.694, 41.059, 40.236, 40.598, 41.429, 41.98, 42.271, 42.172, 42.124, 43.229, 44.267, 44.338, 44.511, 44.922, 45.133, 45.478, 45.889, 45.594, 44.805, 44.189, 43