[[0.0, 8.391, 15.012, 18.433, 20.82, 23.745, 25.989, 27.756, 30.424, 31.393, 32.32, 33.111, 32.509, 33.079, 34.802, 35.51, 35.322, 35.174, 35.264, 35.457, 35.882, 36.51, 36.988, 37.234, 37.529, 37.896, 38.376, 39.145, 40.01, 40.608, 40.585, 39.948, 39.868, 40.658, 40.911, 40.018, 39.106, 38.754, 39.199, 39.431, 38.237, 37.114, 37.43, 38.069, 37.145, 36.344, 37.341, 38.916, 38.255, 36.747, 37.88, 39.215, 38.713, 38.006, 38.532, 39.861, 40.495, 40.229, 40.903, 41.594, 41.274, 40.606, 40.246, 39.728, 39.387, 39.338, 39.262, 39.264, 39.531, 39.674, 39.405, 39.188, 39.624, 39.922, 39.073, 37.19, 35.181, 34.416, 34.123, 33.262, 32.796, 32.834, 32.604, 32.357, 32.858, 33.247, 32.964, 32.68, 33.922, 35.852, 36.696, 36.877, 37.57, 38.825, 39.766, 39.645, 39.455, 40.017, 40.533, 40.661, 40.249, 39.656, 39.314, 39.314, 39.4, 39.275, 38.726, 38.458, 38.918, 39.308, 39.095, 39.096, 40.169, 41.326, 41.999, 42.952, 43.758, 45.088, 48.581, 50.611, 49.764, 48.279, 46.923, 45.937, 45.765, 45.651, 45.285, 45.106, 45.183, 45.394, 45.829, 46.144, 45.981, 45.801, 45.974, 45.942, 45.852, 46.428, 46.743, 45.753, 44.506, 43.995, 42.378, 39.832, 37.629, 8.711], [8.391, 0.0, 8.117, 12.793, 15.892, 19.328, 21.926, 23.845, 26.862, 28.391, 29.821, 30.859, 30.66, 31.954, 34.163, 35.101, 35.061, 34.989, 35.137, 35.387, 35.802, 36.396, 36.923, 37.264, 37.582, 38.025, 38.757, 39.684, 40.562, 41.184, 41.195, 40.609, 40.55, 41.317, 41.552, 40.718, 39.918, 39.617, 40.029, 40.267, 39.107, 37.916, 38.035, 38.55, 37.689, 36.953, 37.809, 39.168, 38.483, 37.149, 38.312, 39.617, 39.203, 38.592, 39.076, 40.3, 40.899, 40.641, 41.202, 41.821, 41.523, 40.877, 40.523, 40.033, 39.707, 39.652, 39.582, 39.606, 39.875, 39.997, 39.736, 39.55, 39.961, 40.231, 39.429, 37.653, 35.769, 35.15, 34.97, 34.168, 33.691, 33.748, 33.733, 33.774, 34.292, 34.647, 34.335, 33.85, 34.798, 36.613, 37.517, 37.643, 38.177, 39.277, 40.149, 40.06, 39.901, 40.419, 40.885, 40.997, 40.57, 39.957, 39.605, 39.602, 39.671, 39.518, 38.956, 38.659, 39.073, 39.462, 39.258, 39.238, 40.284, 41.449, 42.1, 42.948, 43.714, 45.214, 48.685, 50.572, 49.711, 48.248, 46.948, 46.039, 45.907, 45.823, 45.505, 45.349, 45.411, 45.599, 46.025, 46.344, 46.183, 45.997, 46.166, 46.146, 46.035, 46.538, 46.767, 45.714, 44.398, 43.883, 42.399, 40.079, 38.037, 15.32], [15.012, 8.117, 0.0, 6.119, 10.911, 15.461, 18.591, 20.748, 24.219, 26.386, 28.381, 29.692, 29.839, 31.627, 34.089, 35.121, 35.168, 35.165, 35.372, 35.676, 36.086, 36.619, 37.125, 37.519, 37.867, 38.332, 39.199, 40.248, 41.141, 41.767, 41.79, 41.244, 41.21, 41.949, 42.151, 41.333, 40.599, 40.348, 40.74, 40.938, 39.783, 38.619, 38.625, 39.019, 38.221, 37.604, 38.388, 39.56, 38.878, 37.723, 38.846, 40.054, 39.723, 39.208, 39.616, 40.707, 41.275, 41.055, 41.558, 42.125, 41.849, 41.224, 40.861, 40.385, 40.071, 40.01, 39.933, 39.95, 40.201, 40.299, 40.047, 39.882, 40.272, 40.544, 39.811, 38.139, 36.389, 35.925, 35.841, 35.126, 34.682, 34.747, 34.872, 35.118, 35.638, 35.953, 35.654, 35.06, 35.752, 37.394, 38.315, 38.431, 38.866, 39.817, 40.596, 40.542, 40.439, 40.928, 41.346, 41.435, 40.999, 40.385, 40.036, 40.04, 40.094, 39.923, 39.382, 39.093, 39.483, 39.862, 39.66, 39.664, 40.709, 41.821, 42.36, 43.077, 43.818, 45.391, 48.754, 50.498, 49.663, 48.232, 46.974, 46.136, 46.037, 45.965, 45.69, 45.569, 45.634, 45.812, 46.231, 46.543, 46.384, 46.201, 46.375, 46.371, 46.242, 46.668, 46.818, 45.734, 44.403, 43.875, 42.5, 40.384, 38.485, 20.122], [18.433, 12.793, 6.119, 0.0, 6.109, 11.996, 15.861, 18.313, 22.176, 24.81, 27.219, 28.797, 29.271, 31.404, 34.021, 35.112, 35.197, 35.218, 35.443, 35.762, 36.184, 36.703, 37.17, 37.559, 37.941, 38.449, 39.364, 40.429, 41.328, 41.966, 41.997, 41.463, 41.443, 42.181, 42.363, 41.531, 40.793, 40.543, 40.926, 41.11, 39.95, 38.804, 38.782, 39.125, 38.346, 37.793, 38.56, 39.648, 38.987, 37.967, 39.105, 40.25, 39.921, 39.416, 39.778, 40.826, 41.39, 41.195, 41.69, 42.244, 41.972, 41.342, 40.964, 40.485, 40.162, 40.084, 39.994, 40.008, 40.255, 40.34, 40.086, 39.936, 40.347, 40.651, 39.953, 38.291, 36.541, 36.111, 36.041, 35.348, 34.92, 34.998, 35.187, 35.525, 36.056, 36.352, 36.057, 35.397, 35.966, 37.56, 38.496, 38.584, 38.961, 39.859, 40.611, 40.587, 40.536, 41.026, 41.414, 41.487, 41.056, 40.446, 40.088, 40.087, 40.138, 39.959, 39.43, 39.151, 39.552, 39.962, 39.799, 39.832, 40.873, 41.968, 42.49, 43.179, 43.913, 45.499, 48.831, 50.512, 49.686, 48.275, 47.032, 46.222, 46.159, 46.107, 45.838, 45.718, 45.779, 45.953, 46.368, 46.678, 46.52, 46.338, 46.504, 46.489, 46.345, 46.748, 46.872, 45.758, 44.411, 43.877, 42.525, 40.468, 38.649, 22.833], [20.82, 15.892, 10.911, 6.109, 0.0, 6.964, 12.152, 15.357, 19.676, 22.857, 25.748, 27.675, 28.712, 31.389, 34.197, 35.357, 35.492, 35.544, 35.781, 36.091, 36.512, 37.026, 37.473, 37.848, 38.228, 38.757, 39.696, 40.712, 41.574, 42.221, 42.279, 41.784, 41.76, 42.465, 42.64, 41.852, 41.145, 40.889, 41.244, 41.422, 40.276, 39.155, 39.119, 39.424, 38.665, 38.146, 38.863, 39.876, 39.261, 38.39, 39.524, 40.616, 40.279, 39.759, 40.08, 41.098, 41.653, 41.449, 41.884, 42.399, 42.133, 41.512, 41.138, 40.66, 40.326, 40.236, 40.146, 40.164, 40.406, 40.48, 40.229, 40.096, 40.522, 40.846, 40.19, 38.562, 36.806, 36.377, 36.318, 35.648, 35.243, 35.353, 35.612, 36.023, 36.544, 36.819, 36.527, 35.812, 36.294, 37.883, 38.844, 38.88, 39.172, 40.023, 40.758, 40.772, 40.784, 41.281, 41.631, 41.689, 41.292, 40.705, 40.334, 40.321, 40.369, 40.171, 39.631, 39.352, 39.762, 40.208, 40.096, 40.142, 41.147, 42.219, 42.719, 43.359, 44.083, 45.692, 48.949, 50.523, 49.704, 48.345, 47.142, 46.361, 46.337, 46.326, 46.063, 45.921, 45.958, 46.11, 46.511, 46.817, 46.658, 46.465, 46.598, 46.549, 46.386, 46.771, 46.856, 45.693, 44.33, 43.814, 42.509, 40.538, 38.855, 25.046], [23.745, 19.328, 15.461, 11.996, 6.964, 0.0, 6.691, 11.753, 17.416, 21.364, 24.779, 27.162, 28.962, 32.189, 35.127, 36.33, 36.485, 36.553, 36.793, 37.091, 37.495, 37.999, 38.437, 38.792, 39.14, 39.643, 40.555, 41.488, 42.275, 42.912, 43.007, 42.592, 42.558, 43.177, 43.334, 42.638, 42.019, 41.772, 42.077, 42.235, 41.15, 40.136, 40.131, 40.405, 39.693, 39.198, 39.802, 40.717, 40.189, 39.436, 40.427, 41.417, 41.107, 40.61, 40.88, 41.817, 42.321, 42.094, 42.423, 42.862, 42.613, 42.043, 41.706, 41.255, 40.928, 40.842, 40.769, 40.801, 41.039, 41.108, 40.872, 40.762, 41.18, 41.501, 40.916, 39.418, 37.786, 37.434, 37.444, 36.861, 36.502, 36.631, 36.967, 37.448, 37.889, 38.112, 37.835, 37.11, 37.456, 38.921, 39.865, 39.863, 40.061, 40.816, 41.491, 41.542, 41.62, 42.112, 42.406, 42.435, 42.097, 41.575, 41.215, 41.199, 41.252, 41.045, 40.513, 40.248, 40.651, 41.103, 41.026, 41.07, 41.989, 42.979, 43.417, 43.981, 44.702, 46.362, 49.447, 50.841, 50.043, 48.772, 47.646, 46.914, 46.923, 46.943, 46.7, 46.55, 46.559, 46.674, 47.039, 47.323, 47.155, 46.946, 47.039, 46.96, 46.795, 47.147, 47.15, 45.936, 44.591, 44.11, 42.919, 41.126, 39.634, 27.689], [25.989, 21.926, 18.591, 15.861, 12.152, 6.691, 0.0, 7.232, 15.344, 20.244, 24.02, 26.816, 29.124, 32.648, 35.725, 37.039, 37.231, 37.286, 37.52, 37.814, 38.199, 38.696, 39.139, 39.489, 39.838, 40.357, 41.272, 42.171, 42.922, 43.554, 43.664, 43.29, 43.261, 43.841, 43.989, 43.344, 42.764, 42.509, 42.789, 42.946, 41.901, 40.96, 40.989, 41.26, 40.579, 40.104, 40.636, 41.484, 40.998, 40.299, 41.178, 42.08, 41.787, 41.317, 41.565, 42.439, 42.912, 42.713, 43.0, 43.38, 43.136, 42.598, 42.282, 41.855, 41.54, 41.454, 41.385, 41.424, 41.656, 41.721, 41.5, 41.419, 41.839, 42.16, 41.63, 40.236, 38.72, 38.442, 38.507, 37.998, 37.672, 37.802, 38.172, 38.67, 39.042, 39.231, 38.945, 38.198, 38.443, 39.79, 40.687, 40.669, 40.829, 41.509, 42.131, 42.206, 42.315, 42.789, 43.047, 43.065, 42.766, 42.291, 41.955, 41.941, 42.006, 41.808, 41.292, 41.04, 41.422, 41.85, 41.776, 41.817, 42.669, 43.586, 43.974, 44.479, 45.186, 46.915, 49.941, 51.252, 50.475, 49.262, 48.193, 47.502, 47.534, 47.567, 47.344, 47.207, 47.213, 47.309, 47.647, 47.911, 47.733, 47.507, 47.573, 47.485, 47.333, 47.676, 47.636, 46.41, 45.086, 44.627, 43.511, 41.799, 40.379, 29.661], [27.756, 23.845, 20.748, 18.313, 15.357, 11.753, 7.232, 0.0, 10.041, 16.875, 21.787, 25.093, 27.976, 32.093, 35.495, 37.024, 37.363, 37.447, 37.687, 37.996, 38.373, 38.866, 39.329, 39.719, 40.143, 40.75, 41.725, 42.639, 43.401, 44.049, 44.157, 43.789, 43.786, 44.389, 44.569, 43.98, 43.426, 43.172, 43.47, 43.649, 42.591, 41.593, 41.553, 41.79, 41.134, 40.692, 41.181, 41.951, 41.463, 40.825, 41.653, 42.492, 42.22, 41.778, 42.001, 42.815, 43.278, 43.176, 43.5, 43.844, 43.583, 43.038, 42.711, 42.292, 41.983, 41.893, 41.823, 41.857, 42.058, 42.093, 41.876, 41.803, 42.195, 42.504, 42.038, 40.759, 39.337, 39.086, 39.151, 38.689, 38.408, 38.544, 38.932, 39.424, 39.739, 39.919, 39.602, 38.747, 38.912, 40.237, 41.132, 41.087, 41.205, 41.819, 42.398, 42.49, 42.62, 43.073, 43.308, 43.335, 43.051, 42.578, 42.241, 42.225, 42.286, 42.097, 41.593, 41.334, 41.678, 42.064, 41.966, 42.011, 42.861, 43.723, 44.001, 44.396, 45.067, 46.861, 49.91, 51.18, 50.435, 49.285, 48.284, 47.635, 47.678, 47.724, 47.518, 47.391, 47.398, 47.489, 47.819, 48.084, 47.915, 47.688, 47.742, 47.653, 47.506, 47.832, 47.781, 46.573, 45.259, 44.816, 43.764, 42.146, 40.807, 31.297], [30.424, 26.862, 24.219, 22.176, 19.676, 17.416, 15.344, 10.041, 0.0, 10.108, 17.908, 22.294, 26.003, 30.997, 34.874, 36.669, 37.209, 37.388, 37.673, 38.009, 38.395, 38.899, 39.383, 39.807, 40.301, 41.025, 42.141, 43.129, 43.914, 44.574, 44.661, 44.282, 44.321, 44.972, 45.193, 44.677, 44.187, 43.971, 44.287, 44.463, 43.411, 42.361, 42.212, 42.381, 41.763, 41.38, 41.86, 42.606, 42.133, 41.526, 42.284, 43.069, 42.846, 42.429, 42.591, 43.325, 43.774, 43.771, 44.135, 44.446, 44.168, 43.614, 43.263, 42.832, 42.518, 42.42, 42.353, 42.388, 42.563, 42.575, 42.353, 42.263, 42.595, 42.882, 42.475, 41.326, 40.013, 39.755, 39.793, 39.381, 39.167, 39.327, 39.751, 40.278, 40.531, 40.675, 40.344, 39.36, 39.38, 40.666, 41.604, 41.549, 41.58, 42.109, 42.631, 42.726, 42.868, 43.294, 43.51, 43.553, 43.29, 42.827, 42.501, 42.489, 42.533, 42.333, 41.837, 41.571, 41.902, 42.282, 42.18, 42.248, 43.113, 43.925, 44.044, 44.316, 44.979, 46.803, 49.816, 51.015, 50.347, 49.326, 48.425, 47.803, 47.823, 47.861, 47.659, 47.525, 47.519, 47.597, 47.914, 48.179, 48.035, 47.833, 47.887, 47.791, 47.626, 47.902, 47.802, 46.599, 45.322, 44.901, 43.914, 42.497, 41.365, 33.667], [31.393, 28.391, 26.386, 24.81, 22.857, 21.364, 20.244, 16.875, 10.108, 0.0, 10.418, 16.97, 21.671, 27.19, 31.733, 34.109, 34.91, 35.167, 35.518, 35.914, 36.312, 36.833, 37.375, 37.862, 38.445, 39.399, 40.904, 42.242, 43.184, 43.844, 43.797, 43.225, 43.26, 44.039, 44.287, 43.759, 43.342, 43.173, 43.497, 43.706, 42.726, 41.693, 41.529, 41.689, 41.063, 40.708, 41.267, 42.076, 41.601, 40.969, 41.855, 42.708, 42.461, 42.031, 42.228, 43.027, 43.53, 43.515, 43.879, 44.213, 43.926, 43.347, 42.976, 42.509, 42.179, 42.065, 41.946, 41.928, 42.097, 42.122, 41.889, 41.771, 42.11, 42.413, 41.945, 40.666, 39.239, 38.935, 38.962, 38.511, 38.274, 38.421, 38.826, 39.339, 39.62, 39.791, 39.479, 38.506, 38.585, 39.933, 40.94, 40.943, 40.978, 41.547, 42.123, 42.197, 42.272, 42.673, 42.917, 42.976, 42.694, 42.23, 41.928, 41.937, 41.997, 41.804, 41.279, 40.986, 41.328, 41.721, 41.618, 41.683, 42.596, 43.571, 43.814, 44.147, 44.82, 46.597, 49.663, 50.952, 50.247, 49.154, 48.218, 47.582, 47.588, 47.622, 47.419, 47.289, 47.283, 47.355, 47.669, 47.933, 47.791, 47.595, 47.655, 47.557, 47.384, 47.675, 47.621, 46.436, 45.146, 44.697, 43.664, 42.146, 40.87, 34.242], [32.32, 29.821, 28.381, 27.219, 25.748, 24.779, 24.02, 21.787, 17.908, 10.418, 0.0, 8.892, 15.997, 22.784, 28.079, 31.209, 32.441, 32.804, 33.201, 33.655, 34.01, 34.463, 35.058, 35.625, 36.268, 37.426, 39.345, 41.08, 42.196, 42.85, 42.655, 41.902, 42.033, 42.987, 43.258, 42.836, 42.656, 42.574, 42.874, 43.133, 42.302, 41.399, 41.313, 41.497, 40.875, 40.538, 41.165, 42.045, 41.591, 40.933, 41.834, 42.714, 42.441, 42.017, 42.245, 43.051, 43.557, 43.499, 43.83, 44.198, 43.964, 43.409, 43.037, 42.554, 42.216, 42.087, 41.921, 41.838, 41.979, 42.017, 41.802, 41.68, 42.017, 42.316, 41.797, 40.421, 38.933, 38.641, 38.704, 38.242, 37.961, 38.06, 38.436, 38.945, 39.223, 39.402, 39.116, 38.196, 38.321, 39.657, 40.685, 40.784, 40.878, 41.507, 42.14, 42.183, 42.178, 42.543, 42.791, 42.838, 42.527, 42.058, 41.773, 41.795, 41.866, 41.695, 41.181, 40.871, 41.192, 41.573, 41.449, 41.453, 42.324, 43.415, 43.81, 44.167, 44.748, 46.448, 49.566, 51.008, 50.287, 49.082, 48.102, 47.47, 47.478, 47.537, 47.368, 47.27, 47.287, 47.367, 47.682, 47.95, 47.812, 47.611, 47.665, 47.566, 47.407, 47.757, 47.802, 46.648, 45.3, 44.811, 43.786, 42.192, 40.743, 34.825], [33.111, 30.859, 29.692, 28.797, 27.675, 27.162, 26.816, 25.093, 22.294, 16.97, 8.892, 0.0, 9.763, 18.978, 25.398, 29.191, 30.793, 31.263, 31.688, 32.163, 32.44, 32.796, 33.452, 34.124, 34.782, 35.995, 38.126, 40.065, 41.233, 41.858, 41.592, 40.805, 41.121, 42.237, 42.512, 42.154, 42.204, 42.297, 42.627, 42.901, 42.145, 41.328, 41.3, 41.521, 40.911, 40.564, 41.204, 42.108, 41.637, 40.926, 41.754, 42.6, 42.322, 41.925, 42.156, 42.908, 43.374, 43.317, 43.687, 44.106, 43.919, 43.389, 43.011, 42.523, 42.183, 42.046, 41.865, 41.752, 41.867, 41.91, 41.717, 41.606, 41.936, 42.226, 41.694, 40.314, 38.867, 38.607, 38.693, 38.238, 37.924, 37.971, 38.331, 38.861, 39.082, 39.219, 38.961, 38.063, 38.121, 39.367, 40.412, 40.606, 40.739, 41.376, 42.029, 42.059, 42.009, 42.335, 42.572, 42.613, 42.29, 41.811, 41.522, 41.554, 41.631, 41.464, 40.962, 40.654, 40.97, 41.339, 41.211, 41.191, 42.039, 43.182, 43.68, 44.063, 44.569, 46.21, 49.329, 50.852, 50.147, 48.886, 47.882, 47.246, 47.237, 47.298, 47.146, 47.078, 47.128, 47.233, 47.561, 47.845, 47.727, 47.542, 47.605, 47.513, 47.37, 47.765, 47.894, 46.772, 45.37, 44.853, 43.856, 42.275, 40.736, 35.387], [32.509, 30.66, 29.839, 29.271, 28.712, 28.962, 29.124, 27.976, 26.003, 21.671, 15.997, 9.763, 0.0, 11.357, 20.017, 25.183, 27.213, 27.737, 28.245, 28.832, 29.159, 29.566, 30.376, 31.226, 31.993, 33.304, 35.65, 37.883, 39.228, 39.881, 39.561, 38.74, 39.184, 40.458, 40.768, 40.317, 40.335, 40.535, 41.012, 41.385, 40.626, 39.73, 39.714, 40.016, 39.345, 38.923, 39.695, 40.786, 40.271, 39.391, 40.327, 41.316, 41.001, 40.547, 40.81, 41.638, 42.127, 42.058, 42.554, 43.078, 42.865, 42.275, 41.848, 41.313, 40.952, 40.817, 40.627, 40.494, 40.609, 40.669, 40.481, 40.376, 40.752, 41.064, 40.453, 38.923, 37.371, 37.056, 37.066, 36.457, 36.027, 36.017, 36.282, 36.714, 36.984, 37.178, 36.954, 36.153, 36.415, 37.794, 38.901, 39.189, 39.433, 40.195, 40.94, 40.941, 40.821, 41.159, 41.466, 41.538, 41.186, 40.662, 40.341, 40.359, 40.431, 40.242, 39.695, 39.391, 39.776, 40.173, 40.022, 39.991, 40.882, 42.067, 42.638, 43.12, 43.601, 45.154, 48.442, 50.203, 49.493, 48.109, 47.004, 46.31, 46.265, 46.291, 46.102, 46.033, 46.116, 46.272, 46.649, 46.96, 46.848, 46.679, 46.788, 46.728, 46.612, 47.102, 47.396, 46.349, 44.925, 44.38, 43.241, 41.439, 39.563, 34.354], [33.079, 31.954, 31.627, 31.404, 31.389, 32.189, 32.648, 32.093, 30.997, 27.19, 22.784, 18.978, 11.357, 0.0, 11.275, 19.126, 22.189, 22.815, 23.376, 24.203, 24.819, 25.519, 26.6, 27.664, 28.626, 30.105, 32.655, 35.299, 37.03, 37.833, 37.488, 36.652, 37.169, 38.529, 38.889, 38.457, 38.479, 38.686, 39.295, 39.927, 39.388, 38.556, 38.572, 38.918, 38.195, 37.749, 38.686, 39.986, 39.488, 38.505, 39.563, 40.72, 40.385, 39.867, 40.17, 41.106, 41.642, 41.52, 42.063, 42.645, 42.397, 41.769, 41.32, 40.753, 40.371, 40.243, 40.062, 39.925, 40.056, 40.138, 39.945, 39.824, 40.217, 40.528, 39.836, 38.169, 36.514, 36.138, 36.042, 35.277, 34.771, 34.736, 34.83, 35.028, 35.354, 35.627, 35.439, 34.854, 35.502, 37.05, 38.16, 38.527, 38.899, 39.778, 40.592, 40.567, 40.403, 40.765, 41.145, 41.254, 40.88, 40.317, 39.968, 39.963, 40.023, 39.832, 39.259, 38.958, 39.408, 39.867, 39.715, 39.637, 40.5, 41.672, 42.25, 42.805, 43.292, 44.758, 48.109, 50.055, 49.349, 47.9, 46.742, 46.007, 45.919, 45.891, 45.669, 45.605, 45.714, 45.9, 46.287, 46.584, 46.458, 46.303, 46.466, 46.446, 46.361, 46.939, 47.335, 46.342, 44.969, 44.434, 43.152, 41.081, 38.845, 34.176], [34.802, 34.163, 34.089, 34.021, 34.197, 35.127, 35.725, 35.495, 34.874, 31.733, 28.079, 25.398, 20.017, 11.275, 0.0, 10.588, 15.836, 17.226, 17.844, 18.946, 20.087, 21.294, 22.728, 23.97, 25.043, 26.621, 29.343, 32.427, 34.624, 35.732, 35.506, 34.787, 35.422, 36.812, 37.298, 37.213, 37.517, 37.728, 38.334, 39.25, 39.138, 38.591, 38.657, 38.976, 38.285, 37.926, 38.955, 40.343, 39.925, 38.957, 39.953, 41.097, 40.781, 40.285, 40.619, 41.574, 42.105, 41.952, 42.467, 43.038, 42.809, 42.208, 41.771, 41.221, 40.84, 40.715, 40.569, 40.467, 40.612, 40.703, 40.503, 40.351, 40.698, 40.977, 40.275, 38.613, 37.03, 36.716, 36.585, 35.794, 35.29, 35.279, 35.277, 35.257, 35.479, 35.757, 35.584, 35.155, 35.994, 37.511, 38.54, 38.965, 39.433, 40.33, 41.142, 41.119, 40.944, 41.293, 41.686, 41.801, 41.425, 40.862, 40.524, 40.51, 40.542, 40.346, 39.809, 39.528, 39.974, 40.454, 40.339, 40.236, 41.005, 42.094, 42.604, 43.156, 43.673, 45.114, 48.338, 50.241, 49.555, 48.162, 47.053, 46.336, 46.248, 46.187, 45.956, 45.91, 46.045, 46.244, 46.616, 46.892, 46.767, 46.632, 46.82, 46.826, 46.764, 47.354, 47.707, 46.677, 45.346, 44.853, 43.549, 41.39, 39.089, 35.361], [35.51, 35.101, 35.121, 35.112, 35.357, 36.33, 37.039, 37.024, 36.669, 34.109, 31.209, 29.191, 25.183, 19.126, 10.588, 0.0, 7.41, 10.509, 11.602, 12.923, 14.644, 16.518, 18.415, 19.883, 21.015, 22.541, 25.412, 29.055, 31.733, 33.137, 33.081, 32.499, 33.267, 34.752, 35.416, 35.666, 36.336, 36.7, 37.267, 38.238, 38.457, 38.305, 38.57, 38.934, 38.284, 38.011, 39.11, 40.568, 40.205, 39.186, 40.072, 41.17, 40.856, 40.379, 40.759, 41.751, 42.269, 42.057, 42.519, 43.059, 42.844, 42.29, 41.888, 41.353, 40.983, 40.886, 40.792, 40.741, 40.913, 41.006, 40.793, 40.628, 40.963, 41.219, 40.496, 38.81, 37.221, 36.906, 36.76, 36.008, 35.533, 35.526, 35.474, 35.337, 35.433, 35.674, 35.505, 35.157, 36.082, 37.563, 38.516, 38.916, 39.411, 40.308, 41.103, 41.051, 40.845, 41.201, 41.626, 41.727, 41.313, 40.74, 40.428, 40.413, 40.43, 40.264, 39.804, 39.571, 39.999, 40.475, 40.401, 40.353, 41.094, 42.092, 42.592, 43.241, 43.823, 45.267, 48.437, 50.273, 49.535, 48.15, 47.041, 46.318, 46.242, 46.175, 45.939, 45.906, 46.063, 46.27, 46.637, 46.913, 46.8, 46.685, 46.882, 46.892, 46.837, 47.42, 47.718, 46.65, 45.337, 44.867, 43.551, 41.361, 39.098, 35.829], [35.322, 35.061, 35.168, 35.197, 35.492, 36.485, 37.231, 37.363, 37.209, 34.91, 32.441, 30.793, 27.213, 22.189, 15.836, 7.41, 0.0, 4.445, 6.741, 8.628, 10.819, 13.282, 15.605, 17.325, 18.605, 20.081, 22.939, 26.889, 29.87, 31.444, 31.497, 30.952, 31.727, 33.279, 34.053, 34.373, 35.171, 35.669, 36.271, 37.194, 37.506, 37.655, 38.181, 38.643, 37.99, 37.718, 38.855, 40.367, 40.011, 38.929, 39.813, 40.938, 40.606, 40.103, 40.497, 41.521, 42.04, 41.791, 42.248, 42.781, 42.553, 42.029, 41.653, 41.114, 40.747, 40.678, 40.615, 40.588, 40.781, 40.881, 40.658, 40.491, 40.849, 41.105, 40.347, 38.616, 36.965, 36.579, 36.396, 35.649, 35.179, 35.153, 35.053, 34.88, 34.957, 35.168, 34.994, 34.707, 35.726, 37.242, 38.164, 38.52, 39.01, 39.924, 40.714, 40.621, 40.397, 40.779, 41.229, 41.332, 40.896, 40.311, 40.011, 39.991, 40.014, 39.89, 39.47, 39.268, 39.71, 40.18, 40.114, 40.114, 40.87, 41.819, 42.356, 43.149, 43.777, 45.137, 48.283, 50.115, 49.321, 47.898, 46.746, 45.98, 45.893, 45.82, 45.574, 45.541, 45.704, 45.912, 46.281, 46.561, 46.452, 46.351, 46.566, 46.583, 46.521, 47.104, 47.414, 46.398, 45.148, 44.667, 43.292, 41.07, 38.806, 35.539], [35.174, 34.989, 35.165, 35.218, 35.544, 36.553, 37.286, 37.447, 37.388, 35.167, 32.804, 31.263, 27.737, 22.815, 17.226, 10.509, 4.445, 0.0, 3.444, 6.406, 9.164, 11.9, 14.388, 16.305, 17.812, 19.415, 22.29, 26.279, 29.336, 30.955, 31.025, 30.477, 31.236, 32.783, 33.559, 33.862, 34.674, 35.208, 35.87, 36.856, 37.175, 37.361, 37.982, 38.507, 37.849, 37.56, 38.725, 40.281, 39.943, 38.863, 39.78, 40.927, 40.582, 40.065, 40.466, 41.507, 42.038, 41.792, 42.26, 42.798, 42.563, 42.042, 41.668, 41.124, 40.757, 40.696, 40.64, 40.621, 40.822, 40.926, 40.698, 40.523, 40.888, 41.149, 40.371, 38.608, 36.914, 36.489, 36.292, 35.533, 35.055, 35.011, 34.878, 34.679, 34.767, 34.988, 34.807, 34.529, 35.606, 37.164, 38.074, 38.415, 38.926, 39.867, 40.663, 40.564, 40.349, 40.746, 41.196, 41.304, 40.875, 40.287, 39.981, 39.957, 39.984, 39.865, 39.444, 39.259, 39.719, 40.174, 40.089, 40.094, 40.855, 41.797, 42.351, 43.186, 43.816, 45.123, 48.26, 50.098, 49.287, 47.851, 46.684, 45.897, 45.802, 45.728, 45.477, 45.439, 45.598, 45.806, 46.177, 46.459, 46.35, 46.252, 46.472, 46.484, 46.406, 46.989, 47.328, 46.368, 45.17, 44.693, 43.277, 41.022, 38.738, 35.371], [35.264, 35.137, 35.372, 35.443, 35.781, 36.793, 37.52, 37.687, 37.673, 35.518, 33.201, 31.688, 28.245, 23.376, 17.844, 11.602, 6.741, 3.444, 0.0, 3.805, 7.453, 10.638, 13.262, 15.344, 17.092, 18.89, 21.81, 25.789, 28.878, 30.527, 30.609, 30.087, 30.881, 32.419, 33.173, 33.511, 34.399, 34.951, 35.623, 36.708, 37.111, 37.314, 37.947, 38.488, 37.834, 37.561, 38.758, 40.344, 40.04, 39.003, 39.926, 41.057, 40.703, 40.19, 40.602, 41.657, 42.197, 41.935, 42.381, 42.916, 42.694, 42.184, 41.814, 41.272, 40.908, 40.847, 40.791, 40.777, 40.982, 41.088, 40.859, 40.683, 41.05, 41.307, 40.51, 38.713, 36.982, 36.547, 36.353, 35.602, 35.119, 35.065, 34.919, 34.705, 34.791, 35.023, 34.835, 34.526, 35.602, 37.168, 38.068, 38.406, 38.939, 39.899, 40.699, 40.601, 40.393, 40.792, 41.234, 41.341, 40.914, 40.322, 40.012, 39.986, 40.011, 39.886, 39.468, 39.3, 39.77, 40.211, 40.116, 40.117, 40.869, 41.813, 42.385, 43.225, 43.857, 45.183, 48.319, 50.156, 49.343, 47.904, 46.736, 45.949, 45.859, 45.792, 45.543, 45.504, 45.662, 45.872, 46.247, 46.534, 46.43, 46.335, 46.552, 46.553, 46.47, 47.048, 47.384, 46.438, 45.26, 44.785, 43.357, 41.075, 38.768, 35.451], [35.457, 35.387, 35.676, 35.762, 36.091, 37.091, 37.814, 37.996, 38.009, 35.914, 33.655, 32.163, 28.832, 24.203, 18.946, 12.923, 8.628, 6.406, 3.805, 0.0, 4.414, 8.502, 11.664, 14.063, 16.07, 18.058, 21.028, 24.98, 28.073, 29.751, 29.868, 29.408, 30.273, 31.832, 32.593, 33.009, 34.015, 34.595, 35.232, 36.335, 36.848, 37.181, 37.895, 38.458, 37.802, 37.557, 38.782, 40.361, 40.063, 39.083, 40.02, 41.142, 40.785, 40.275, 40.688, 41.746, 42.287, 42.011, 42.438, 42.966, 42.761, 42.278, 41.917, 41.37, 40.999, 40.934, 40.876, 40.863, 41.07, 41.178, 40.95, 40.779, 41.158, 41.418, 40.605, 38.777, 37.01, 36.555, 36.357, 35.616, 35.139, 35.076, 34.927, 34.727, 34.818, 35.044, 34.855, 34.498, 35.51, 37.053, 37.957, 38.303, 38.837, 39.796, 40.592, 40.49, 40.283, 40.682, 41.113, 41.216, 40.79, 40.197, 39.887, 39.858, 39.88, 39.761, 39.353, 39.196, 39.679, 40.144, 40.07, 40.072, 40.818, 41.776, 42.389, 43.247, 43.869, 45.219, 48.358, 50.179, 49.361, 47.919, 46.74, 45.944, 45.858, 45.8, 45.555, 45.516, 45.672, 45.885, 46.265, 46.556, 46.463, 46.381, 46.596, 46.592, 46.515, 47.094, 47.419, 46.473, 45.291, 44.805, 43.377, 41.084, 38.732, 35.623], [35.882, 35.802, 36.086, 36.184, 36.512, 37.495, 38.199, 38.373, 38.395, 36.312, 34.01, 32.44, 29.159, 24.819, 20.087, 14.644, 10.819, 9.164, 7.453, 4.414, 0.0, 4.961, 9.235, 12.391, 14.713, 16.91, 20.128, 24.182, 27.248, 28.891, 29.011, 28.637, 29.657, 31.294, 32.056, 32.542, 33.694, 34.335, 34.918, 35.969, 36.588, 37.093, 37.908, 38.507, 37.878, 37.677, 38.924, 40.479, 40.178, 39.263, 40.21, 41.32, 40.969, 40.469, 40.866, 41.897, 42.426, 42.158, 42.583, 43.105, 42.914, 42.456, 42.1, 41.55, 41.18, 41.11, 41.045, 41.027, 41.229, 41.335, 41.11, 40.945, 41.342, 41.617, 40.808, 38.984, 37.209, 36.731, 36.53, 35.802, 35.345, 35.289, 35.164, 35.029, 35.14, 35.348, 35.169, 34.749, 35.627, 37.096, 37.995, 38.351, 38.866, 39.797, 40.578, 40.469, 40.259, 40.648, 41.063, 41.156, 40.731, 40.142, 39.841, 39.818, 39.839, 39.727, 39.327, 39.167, 39.66, 40.167, 40.124, 40.121, 40.848, 41.82, 42.478, 43.337, 43.905, 45.256, 48.407, 50.209, 49.394, 47.966, 46.788, 45.98, 45.883, 45.825, 45.594, 45.561, 45.718, 45.931, 46.309, 46.601, 46.523, 46.457, 46.674, 46.672, 46.607, 47.198, 47.538, 46.603, 45.396, 44.889, 43.494, 41.238, 38.854, 36.04], [36.51, 36.396, 36.619, 36.703, 37.026, 37.999, 38.696, 38.866, 38.899, 36.833, 34.463, 32.796, 29.566, 25.519, 21.294, 16.518, 13.282, 11.9, 10.638, 8.502, 4.961, 0.0, 5.348, 9.748, 12.74, 15.26, 18.925, 23.365, 26.563, 28.218, 28.353, 28.099, 29.331, 31.057, 31.778, 32.271, 33.522, 34.211, 34.761, 35.783, 36.476, 37.078, 37.932, 38.551, 37.977, 37.838, 39.126, 40.702, 40.43, 39.573, 40.541, 41.648, 41.304, 40.799, 41.177, 42.182, 42.696, 42.438, 42.865, 43.382, 43.199, 42.754, 42.394, 41.851, 41.499, 41.444, 41.386, 41.371, 41.568, 41.666, 41.439, 41.275, 41.687, 41.979, 41.178, 39.361, 37.568, 37.044, 36.828, 36.122, 35.711, 35.679, 35.576, 35.509, 35.659, 35.861, 35.702, 35.24, 36.0, 37.395, 38.277, 38.624, 39.112, 40.013, 40.782, 40.673, 40.461, 40.845, 41.248, 41.326, 40.894, 40.307, 40.01, 39.989, 40.005, 39.893, 39.492, 39.321, 39.81, 40.333, 40.296, 40.289, 40.983, 41.918, 42.572, 43.42, 43.937, 45.272, 48.441, 50.253, 49.456, 48.06, 46.906, 46.094, 45.973, 45.91, 45.699, 45.682, 45.843, 46.054, 46.426, 46.718, 46.654, 46.604, 46.827, 46.831, 46.774, 47.369, 47.723, 46.803, 45.582, 45.062, 43.708, 41.505, 39.129, 36.641], [36.988, 36.923, 37.125, 37.17, 37.473, 38.437, 39.139, 39.329, 39.383, 37.375, 35.058, 33.452, 30.376, 26.6, 22.728, 18.415, 15.605, 14.388, 13.262, 11.664, 9.235, 5.348, 0.0, 5.538, 9.834, 13.136, 17.272, 22.162, 25.712, 27.583, 27.854, 27.74, 29.124, 30.886, 31.539, 31.93, 33.131, 33.806, 34.362, 35.445, 36.227, 36.892, 37.766, 38.396, 37.851, 37.756, 39.096, 40.747, 40.554, 39.745, 40.749, 41.881, 41.546, 41.007, 41.353, 42.359, 42.877, 42.621, 43.052, 43.571, 43.399, 42.968, 42.603, 42.06, 41.722, 41.686, 41.648, 41.65, 41.851, 41.941, 41.709, 41.547, 41.961, 42.249, 41.447, 39.623, 37.79, 37.194, 36.939, 36.267, 35.928, 35.914, 35.789, 35.729, 35.911, 36.117, 35.974, 35.528, 36.271, 37.642, 38.516, 38.86, 39.349, 40.247, 41.018, 40.912, 40.702, 41.098, 41.507, 41.575, 41.132, 40.543, 40.241, 40.211, 40.225, 40.114, 39.705, 39.523, 40.004, 40.51, 40.463, 40.479, 41.168, 42.024, 42.614, 43.469, 44.004, 45.304, 48.436, 50.272, 49.506, 48.142, 47.012, 46.198, 46.052, 45.981, 45.786, 45.785, 45.957, 46.169, 46.533, 46.822, 46.766, 46.727, 46.962, 46.976, 46.918, 47.492, 47.823, 46.895, 45.682, 45.169, 43.829, 41.663, 39.321, 37.054], [37.234, 37.264, 37.519, 37.559, 37.848, 38.792, 39.489, 39.719, 39.807, 37.862, 35.625, 34.124, 31.226, 27.664, 23.97, 19.883, 17.325, 16.305, 15.344, 14.063, 12.391, 9.748, 5.538, 0.0, 5.515, 10.227, 15.168, 20.383, 24.228, 26.392, 26.839, 26.816, 28.294, 30.091, 30.699, 31.015, 32.205, 32.876, 33.438, 34.633, 35.624, 36.472, 37.437, 38.111, 37.593, 37.527, 38.906, 40.64, 40.569, 39.81, 40.789, 41.912, 41.592, 41.033, 41.34, 42.333, 42.855, 42.608, 43.054, 43.586, 43.43, 43.015, 42.658, 42.114, 41.774, 41.74, 41.708, 41.717, 41.922, 42.012, 41.782, 41.623, 42.027, 42.295, 41.495, 39.682, 37.83, 37.174, 36.886, 36.267, 35.995, 36.001, 35.866, 35.788, 35.949, 36.135, 35.997, 35.606, 36.361, 37.687, 38.547, 38.898, 39.399, 40.299, 41.067, 40.957, 40.743, 41.152, 41.575, 41.638, 41.19, 40.606, 40.305, 40.275, 40.296, 40.192, 39.78, 39.587, 40.049, 40.552, 40.518, 40.557, 41.245, 42.044, 42.596, 43.47, 44.035, 45.302, 48.376, 50.235, 49.512, 48.191, 47.091, 46.283, 46.132, 46.053, 45.857, 45.865, 46.05, 46.259, 46.61, 46.893, 46.84, 46.81, 47.06, 47.087, 47.029, 47.586, 47.886, 46.938, 45.729, 45.23, 43.903, 41.763, 39.473, 37.24], [37.529, 37.582, 37.867, 37.941, 38.228, 39.14, 39.838, 40.143, 40.301, 38.445, 36.268, 34.782, 31.993, 28.626, 25.043, 21.015, 18.605, 17.812, 17.092, 16.07, 14.713, 12.74, 9.834, 5.515, 0.0, 5.999, 12.437, 18.317, 22.301, 24.595, 25.15, 25.206, 26.823, 28.715, 29.358, 29.788, 31.218, 32.009, 32.541, 33.758, 34.978, 36.08, 37.167, 37.915, 37.503, 37.541, 38.968, 40.743, 40.745, 40.021, 40.929, 42.008, 41.703, 41.164, 41.46, 42.415, 42.902, 42.648, 43.09, 43.621, 43.483, 43.095, 42.761, 42.236, 41.903, 41.87, 41.832, 41.828, 42.024, 42.117, 41.895, 41.742, 42.128, 42.37, 41.575, 39.796, 37.979, 37.317, 37.035, 36.474, 36.224, 36.241, 36.141, 36.073, 36.161, 36.291, 36.164, 35.843, 36.59, 37.842, 38.662, 39.0, 39.498, 40.386, 41.146, 41.037, 40.821, 41.22, 41.646, 41.705, 41.258, 40.683, 40.381, 40.348, 40.371, 40.264, 39.848, 39.641, 40.072, 40.58, 40.585, 40.627, 41.261, 41.992, 42.531, 43.392, 43.926, 45.197, 48.273, 50.146, 49.46, 48.193, 47.147, 46.362, 46.224, 46.15, 45.954, 45.968, 46.159, 46.366, 46.712, 46.997, 46.95, 46.93, 47.193, 47.236, 47.19, 47.746, 48.043, 47.099, 45.895, 45.402, 44.107, 41.999, 39.762, 37.505], [37.896, 38.025, 38.332, 38.449, 38.757, 39.643, 40.357, 40.75, 41.025, 39.399, 37.426, 35.995, 33.304, 30.105, 26.621, 22.541, 20.081, 19.415, 18.89, 18.058, 16.91, 15.26, 13.136, 10.227, 5.999, 0.0, 7.844, 15.199, 19.83, 22.28, 23.004, 23.378, 25.242, 27.228, 27.974, 28.622, 30.405, 31.437, 31.981, 33.14, 34.509, 35.839, 37.035, 37.839, 37.569, 37.791, 39.326, 41.151, 41.16, 40.375, 41.192, 42.237, 41.94, 41.412, 41.717, 42.644, 43.073, 42.77, 43.175, 43.681, 43.553, 43.205, 42.902, 42.401, 42.086, 42.067, 42.03, 42.006, 42.192, 42.293, 42.08, 41.928, 42.305, 42.532, 41.737, 39.993, 38.244, 37.619, 37.357, 36.828, 36.584, 36.596, 36.487, 36.373, 36.357, 36.431, 36.333, 36.147, 36.963, 38.186, 38.96, 39.261, 39.758, 40.64, 41.385, 41.287, 41.086, 41.488, 41.921, 41.98, 41.53, 40.951, 40.629, 40.566, 40.572, 40.456, 40.033, 39.817, 40.228, 40.73, 40.763, 40.814, 41.377, 42.001, 42.491, 43.317, 43.798, 45.12, 48.254, 50.117, 49.408, 48.157, 47.142, 46.36, 46.217, 46.15, 45.963, 45.983, 46.178, 46.385, 46.733, 47.023, 46.982, 46.973, 47.249, 47.307, 47.288, 47.871, 48.191, 47.293, 46.138, 45.66, 44.381, 42.291, 40.099, 37.762], [38.376, 38.757, 39.199, 39.364, 39.696, 40.555, 41.272, 41.725, 42.141, 40.904, 39.345, 38.126, 35.65, 32.655, 29.343, 25.412, 22.939, 22.29, 21.81, 21.028, 20.128, 18.925, 17.272, 15.168, 12.437, 7.844, 0.0, 9.041, 15.433, 18.718, 20.032, 21.23, 23.52, 25.542, 26.45, 27.444, 29.589, 30.828, 31.41, 32.63, 34.304, 35.99, 37.355, 38.198, 37.997, 38.318, 39.911, 41.788, 41.83, 40.962, 41.632, 42.623, 42.322, 41.787, 42.1, 43.017, 43.406, 43.073, 43.443, 43.907, 43.788, 43.51, 43.248, 42.753, 42.444, 42.438, 42.408, 42.387, 42.585, 42.701, 42.501, 42.354, 42.734, 42.966, 42.171, 40.431, 38.712, 38.109, 37.856, 37.342, 37.113, 37.117, 36.975, 36.805, 36.675, 36.699, 36.653, 36.629, 37.501, 38.698, 39.429, 39.7, 40.199, 41.056, 41.766, 41.684, 41.524, 41.96, 42.408, 42.467, 42.026, 41.465, 41.14, 41.044, 41.022, 40.902, 40.486, 40.272, 40.682, 41.209, 41.284, 41.348, 41.848, 42.364, 42.8, 43.609, 44.067, 45.402, 48.504, 50.319, 49.569, 48.302, 47.262, 46.452, 46.303, 46.235, 46.047, 46.068, 46.258, 46.462, 46.808, 47.097, 47.068, 47.082, 47.365, 47.432, 47.451, 48.068, 48.409, 47.599, 46.557, 46.099, 44.814, 42.746, 40.614, 38.05], [39.145, 39.684, 40.248, 40.429, 40.712, 41.488, 42.171, 42.639, 43.129, 42.242, 41.08, 40.065, 37.883, 35.299, 32.427, 29.055, 26.889, 26.279, 25.789, 24.98, 24.182, 23.365, 22.162, 20.383, 18.317, 15.199, 9.041, 0.0, 8.318, 13.365, 15.926, 18.383, 21.398, 23.583, 24.79, 26.459, 29.158, 30.538, 31.09, 32.468, 34.562, 36.666, 38.22, 39.088, 38.895, 39.191, 40.688, 42.481, 42.541, 41.751, 42.375, 43.294, 42.98, 42.461, 42.79, 43.694, 44.069, 43.726, 44.032, 44.442, 44.338, 44.137, 43.923, 43.44, 43.134, 43.13, 43.103, 43.094, 43.306, 43.433, 43.244, 43.11, 43.508, 43.768, 42.984, 41.227, 39.5, 38.938, 38.75, 38.28, 38.036, 38.016, 37.911, 37.82, 37.612, 37.582, 37.593, 37.626, 38.36, 39.424, 40.131, 40.405, 40.862, 41.615, 42.269, 42.232, 42.141, 42.591, 43.008, 43.057, 42.657, 42.145, 41.852, 41.759, 41.711, 41.562, 41.137, 40.923, 41.337, 41.904, 42.023, 42.073, 42.485, 42.904, 43.336, 44.127, 44.533, 45.817, 48.826, 50.6, 49.87, 48.629, 47.599, 46.799, 46.666, 46.602, 46.415, 46.44, 46.627, 46.831, 47.182, 47.478, 47.478, 47.518, 47.791, 47.861, 47.903, 48.523, 48.864, 48.122, 47.155, 46.714, 45.48, 43.47, 41.395, 38.75], [40.01, 40.562, 41.141, 41.328, 41.574, 42.275, 42.922, 43.401, 43.914, 43.184, 42.196, 41.233, 39.228, 37.03, 34.624, 31.733, 29.87, 29.336, 28.878, 28.073, 27.248, 26.563, 25.712, 24.228, 22.301, 19.83, 15.433, 8.318, 0.0, 6.578, 10.813, 14.85, 18.866, 21.47, 23.095, 25.581, 28.994, 30.584, 31.062, 32.478, 34.838, 37.268, 39.0, 39.924, 39.791, 40.102, 41.482, 43.107, 43.105, 42.458, 43.134, 43.992, 43.662, 43.177, 43.527, 44.416, 44.781, 44.432, 44.675, 45.055, 44.966, 44.796, 44.602, 44.138, 43.847, 43.85, 43.823, 43.804, 43.999, 44.118, 43.93, 43.798, 44.201, 44.48, 43.715, 41.958, 40.244, 39.73, 39.623, 39.206, 38.917, 38.841, 38.791, 38.843, 38.625, 38.563, 38.628, 38.667, 39.227, 40.127, 40.809, 41.11, 41.545, 42.218, 42.823, 42.827, 42.801, 43.246, 43.62, 43.663, 43.299, 42.811, 42.537, 42.461, 42.401, 42.219, 41.782, 41.579, 41.994, 42.55, 42.66, 42.665, 42.969, 43.284, 43.721, 44.456, 44.77, 46.031, 48.994, 50.753, 50.073, 48.882, 47.91, 47.15, 47.031, 46.99, 46.83, 46.874, 47.067, 47.276, 47.631, 47.94, 47.966, 48.021, 48.296, 48.39, 48.45, 49.059, 49.395, 48.666, 47.692, 47.264, 46.12, 44.19, 42.176, 39.625], [40.608, 41.184, 41.767, 41.966, 42.221, 42.912, 43.554, 44.049, 44.574, 43.844, 42.85, 41.858, 39.881, 37.833, 35.732, 33.137, 31.444, 30.955, 30.527, 29.751, 28.891, 28.218, 27.583, 26.392, 24.595, 22.28, 18.718, 13.365, 6.578, 0.0, 5.738, 11.777, 16.946, 20.107, 22.089, 25.023, 28.881, 30.648, 31.049, 32.396, 34.854, 37.468, 39.323, 40.329, 40.314, 40.721, 42.067, 43.578, 43.5, 42.915, 43.606, 44.41, 44.056, 43.603, 43.987, 44.872, 45.21, 44.841, 45.05, 45.425, 45.346, 45.183, 44.991, 44.544, 44.273, 44.285, 44.259, 44.23, 44.407, 44.515, 44.331, 44.221, 44.647, 44.946, 44.196, 42.449, 40.741, 40.239, 40.177, 39.797, 39.484, 39.365, 39.337, 39.478, 39.288, 39.207, 39.305, 39.355, 39.827, 40.629, 41.274, 41.589, 42.027, 42.674, 43.256, 43.281, 43.285, 43.725, 44.088, 44.136, 43.78, 43.293, 43.034, 42.975, 42.911, 42.723, 42.297, 42.112, 42.53, 43.059, 43.139, 43.102, 43.333, 43.59, 44.011, 44.652, 44.929, 46.302, 49.293, 51.038, 50.369, 49.199, 48.252, 47.506, 47.393, 47.363, 47.211, 47.258, 47.449, 47.651, 48.002, 48.311, 48.342, 48.399, 48.681, 48.795, 48.872, 49.493, 49.854, 49.136, 48.145, 47.724, 46.612, 44.71, 42.734, 40.213], [40.585, 41.195, 41.79, 41.997, 42.279, 43.007, 43.664, 44.157, 44.661, 43.797, 42.655, 41.592, 39.561, 37.488, 35.506, 33.081, 31.497, 31.025, 30.609, 29.868, 29.011, 28.353, 27.854, 26.839, 25.15, 23.004, 20.032, 15.926, 10.813, 5.738, 0.0, 7.558, 14.186, 18.29, 20.664, 23.878, 28.054, 29.932, 30.29, 31.681, 34.26, 36.994, 38.939, 40.013, 40.066, 40.559, 41.962, 43.457, 43.35, 42.798, 43.544, 44.341, 43.96, 43.513, 43.918, 44.81, 45.133, 44.731, 44.922, 45.308, 45.235, 45.062, 44.861, 44.416, 44.152, 44.157, 44.116, 44.077, 44.246, 44.349, 44.173, 44.087, 44.541, 44.862, 44.13, 42.389, 40.675, 40.164, 40.105, 39.725, 39.401, 39.268, 39.24, 39.411, 39.24, 39.159, 39.272, 39.325, 39.797, 40.602, 41.243, 41.579, 42.042, 42.708, 43.307, 43.347, 43.351, 43.779, 44.142, 44.2, 43.843, 43.35, 43.085, 43.029, 42.967, 42.777, 42.351, 42.163, 42.582, 43.093, 43.14, 43.074, 43.288, 43.546, 43.948, 44.525, 44.812, 46.282, 49.322, 51.074, 50.398, 49.234, 48.296, 47.551, 47.45, 47.427, 47.27, 47.311, 47.501, 47.705, 48.059, 48.368, 48.391, 48.436, 48.711, 48.824, 48.897, 49.532, 49.932, 49.227, 48.208, 47.778, 46.661, 44.731, 42.73, 40.179], [39.948, 40.609, 41.244, 41.463, 41.784, 42.592, 43.29, 43.789, 44.282, 43.225, 41.902, 40.805, 38.74, 36.652, 34.787, 32.499, 30.952, 30.477, 30.087, 29.408, 28.637, 28.099, 27.74, 26.816, 25.206, 23.378, 21.23, 18.383, 14.85, 11.777, 7.558, 0.0, 8.118, 13.922, 17.222, 20.901, 25.533, 27.586, 28.021, 29.674, 32.499, 35.407, 37.496, 38.65, 38.728, 39.314, 40.862, 42.427, 42.327, 41.842, 42.734, 43.595, 43.202, 42.754, 43.186, 44.127, 44.487, 44.092, 44.33, 44.778, 44.717, 44.504, 44.283, 43.83, 43.559, 43.547, 43.487, 43.433, 43.601, 43.709, 43.528, 43.442, 43.915, 44.252, 43.517, 41.762, 40.027, 39.503, 39.431, 39.01, 38.652, 38.498, 38.42, 38.522, 38.361, 38.298, 38.419, 38.496, 39.075, 39.975, 40.62, 40.982, 41.524, 42.273, 42.919, 42.953, 42.93, 43.345, 43.708, 43.771, 43.416, 42.913, 42.632, 42.578, 42.536, 42.355, 41.923, 41.745, 42.18, 42.665, 42.658, 42.577, 42.854, 43.156, 43.551, 44.136, 44.459, 45.93, 49.0, 50.796, 50.105, 48.92, 47.975, 47.227, 47.137, 47.119, 46.95, 46.974, 47.163, 47.386, 47.764, 48.082, 48.091, 48.112, 48.373, 48.469, 48.513, 49.14, 49.567, 48.863, 47.814, 47.358, 46.204, 44.195, 42.141, 39.526], [39.868, 40.55, 41.21, 41.443, 41.76, 42.558, 43.261, 43.786, 44.321, 43.26, 42.033, 41.121, 39.184, 37.169, 35.422, 33.267, 31.727, 31.236, 30.881, 30.273, 29.657, 29.331, 29.124, 28.294, 26.823, 25.242, 23.52, 21.398, 18.866, 16.946, 14.186, 8.118, 0.0, 7.374, 12.413, 17.179, 22.403, 24.692, 25.322, 27.366, 30.543, 33.73, 36.011, 37.226, 37.358, 38.117, 39.823, 41.468, 41.445, 41.087, 42.101, 43.017, 42.626, 42.194, 42.674, 43.674, 44.08, 43.71, 43.988, 44.475, 44.436, 44.237, 44.042, 43.602, 43.325, 43.304, 43.239, 43.18, 43.348, 43.469, 43.291, 43.199, 43.682, 44.031, 43.293, 41.534, 39.793, 39.294, 39.251, 38.829, 38.47, 38.299, 38.147, 38.146, 37.987, 37.933, 38.044, 38.167, 38.858, 39.831, 40.436, 40.775, 41.368, 42.174, 42.832, 42.862, 42.836, 43.242, 43.594, 43.66, 43.322, 42.828, 42.544, 42.492, 42.467, 42.304, 41.885, 41.735, 42.192, 42.654, 42.599, 42.519, 42.83, 43.12, 43.478, 44.095, 44.503, 45.954, 48.957, 50.738, 50.026, 48.831, 47.894, 47.152, 47.061, 47.037, 46.846, 46.843, 47.015, 47.241, 47.638, 47.967, 47.964, 47.96, 48.202, 48.295, 48.337, 48.963, 49.38, 48.675, 47.649, 47.198, 46.018, 43.961, 41.95, 39.423], [40.658, 41.317, 41.949, 42.181, 42.465, 43.177, 43.841, 44.389, 44.972, 44.039, 42.987, 42.237, 40.458, 38.529, 36.812, 34.752, 33.279, 32.783, 32.419, 31.832, 31.294, 31.057, 30.886, 30.091, 28.715, 27.228, 25.542, 23.583, 21.47, 20.107, 18.29, 13.922, 7.374, 0.0, 6.895, 13.874, 20.247, 22.841, 23.654, 26.08, 29.619, 33.061, 35.483, 36.729, 36.933, 37.871, 39.685, 41.395, 41.525, 41.337, 42.38, 43.284, 42.895, 42.478, 42.975, 43.982, 44.395, 44.046, 44.332, 44.816, 44.799, 44.651, 44.497, 44.082, 43.81, 43.788, 43.73, 43.676, 43.84, 43.967, 43.798, 43.702, 44.179, 44.54, 43.836, 42.125, 40.436, 39.981, 39.966, 39.598, 39.294, 39.122, 38.93, 38.886, 38.727, 38.667, 38.76, 38.89, 39.541, 40.459, 41.016, 41.33, 41.907, 42.682, 43.311, 43.352, 43.345, 43.737, 44.061, 44.112, 43.793, 43.323, 43.052, 43.002, 42.979, 42.827, 42.44, 42.309, 42.758, 43.202, 43.142, 43.076, 43.363, 43.596, 43.933, 44.564, 45.007, 46.385, 49.229, 50.922, 50.223, 49.07, 48.174, 47.444, 47.343, 47.32, 47.128, 47.114, 47.268, 47.478, 47.865, 48.195, 48.193, 48.181, 48.407, 48.501, 48.561, 49.191, 49.587, 48.916, 47.983, 47.569, 46.418, 44.434, 42.545, 40.2], [40.911, 41.552, 42.151, 42.363, 42.64, 43.334, 43.989, 44.569, 45.193, 44.287, 43.258, 42.512, 40.768, 38.889, 37.298, 35.416, 34.053, 33.559, 33.173, 32.593, 32.056, 31.778, 31.539, 30.699, 29.358, 27.974, 26.45, 24.79, 23.095, 22.089, 20.664, 17.222, 12.413, 6.895, 0.0, 8.943, 17.162, 20.561, 21.653, 24.423, 28.31, 31.943, 34.478, 35.803, 36.062, 37.152, 39.136, 40.972, 41.275, 41.258, 42.368, 43.272, 42.884, 42.472, 42.981, 44.007, 44.441, 44.123, 44.444, 44.948, 44.949, 44.822, 44.674, 44.269, 44.008, 43.983, 43.917, 43.867, 44.036, 44.16, 43.991, 43.893, 44.377, 44.756, 44.067, 42.362, 40.668, 40.205, 40.183, 39.841, 39.584, 39.415, 39.2, 39.154, 39.015, 38.962, 39.058, 39.168, 39.759, 40.626, 41.161, 41.487, 42.048, 42.799, 43.425, 43.47, 43.473, 43.873, 44.193, 44.233, 43.911, 43.448, 43.188, 43.143, 43.123, 42.978, 42.612, 42.493, 42.939, 43.393, 43.347, 43.296, 43.612, 43.905, 44.321, 44.995, 4