[[0.0, 10.996, 21.347, 27.641, 31.954, 35.797, 43.18, 46.808, 46.879, 50.754, 55.082, 55.348, 54.27, 53.279, 52.929, 51.682, 50.16, 49.37, 48.601, 47.602, 47.909, 47.973, 46.114, 45.448, 48.054, 50.823, 49.736, 48.481, 50.371, 50.544, 49.167, 48.43, 48.511, 49.198, 47.988, 43.588, 42.556, 41.125, 42.794, 45.067, 44.7, 48.445, 54.878, 56.67, 56.434, 57.811, 58.077, 56.503, 55.167, 53.948, 54.25, 55.472, 55.631, 55.182, 55.732, 57.143, 57.802, 58.622, 60.213, 57.75, 54.529, 55.537, 54.829, 52.208, 51.146, 52.28, 51.439, 49.103, 48.94, 50.187, 49.337, 46.39, 44.903, 44.338, 42.936, 41.305, 40.357, 40.182, 39.631, 38.673, 38.497, 38.394, 37.823, 37.855, 37.939, 38.206, 38.514, 38.414, 38.151, 38.307, 38.594, 38.487, 39.067, 39.195, 39.011, 38.949, 38.976, 38.583, 6.759], [10.996, 0.0, 13.846, 22.827, 28.031, 32.643, 41.069, 45.046, 45.306, 49.65, 54.116, 54.363, 53.29, 52.294, 51.876, 50.512, 48.94, 48.12, 47.328, 46.368, 46.721, 46.851, 45.168, 44.757, 47.444, 50.245, 49.229, 48.136, 50.164, 50.364, 48.977, 48.276, 48.429, 49.089, 47.705, 43.056, 42.097, 40.634, 42.361, 44.785, 44.464, 48.223, 54.636, 56.435, 56.193, 57.551, 57.773, 56.14, 54.77, 53.49, 53.695, 54.876, 55.043, 54.572, 55.092, 56.511, 57.184, 58.062, 59.73, 57.253, 53.975, 55.038, 54.364, 51.716, 50.703, 51.883, 50.972, 48.619, 48.565, 49.879, 48.999, 46.073, 44.654, 44.128, 42.72, 41.099, 40.163, 39.957, 39.393, 38.453, 38.299, 38.204, 37.698, 37.751, 37.847, 38.183, 38.513, 38.391, 38.117, 38.345, 38.701, 38.591, 39.228, 39.257, 39.045, 39.062, 39.09, 38.66, 13.658], [21.347, 13.846, 0.0, 13.06, 21.312, 27.266, 37.218, 41.799, 42.182, 47.154, 51.992, 52.223, 51.099, 50.077, 49.528, 48.011, 46.457, 45.674, 44.881, 43.988, 44.426, 44.679, 43.302, 43.192, 46.016, 48.874, 47.952, 47.19, 49.389, 49.572, 48.164, 47.484, 47.6, 48.203, 46.82, 41.936, 41.103, 39.681, 41.347, 44.055, 43.799, 47.68, 54.308, 56.109, 55.895, 57.337, 57.513, 55.81, 54.432, 53.089, 53.13, 54.229, 54.42, 53.907, 54.327, 55.725, 56.398, 57.255, 58.961, 56.547, 53.173, 54.148, 53.568, 51.016, 50.026, 51.258, 50.403, 48.104, 48.085, 49.34, 48.404, 45.579, 44.267, 43.79, 42.367, 40.715, 39.779, 39.544, 39.095, 38.325, 38.2, 38.126, 37.681, 37.666, 37.745, 38.144, 38.436, 38.293, 38.1, 38.28, 38.694, 38.654, 39.356, 39.427, 39.25, 39.288, 39.274, 38.819, 23.0], [27.641, 22.827, 13.06, 0.0, 12.298, 21.893, 33.67, 38.611, 39.292, 44.999, 50.176, 50.403, 49.253, 48.172, 47.505, 45.863, 44.26, 43.511, 42.751, 41.88, 42.348, 42.603, 41.355, 41.551, 44.747, 47.811, 46.986, 46.455, 48.807, 48.968, 47.516, 46.881, 47.016, 47.643, 46.368, 41.374, 40.456, 39.022, 40.616, 43.462, 43.142, 47.192, 54.184, 56.013, 55.824, 57.393, 57.567, 55.806, 54.419, 53.053, 53.06, 54.155, 54.364, 53.827, 54.182, 55.575, 56.252, 57.08, 58.808, 56.377, 52.87, 53.742, 53.234, 50.787, 49.803, 51.124, 50.415, 48.139, 48.109, 49.348, 48.332, 45.434, 44.115, 43.684, 42.177, 40.366, 39.379, 39.132, 38.736, 38.017, 37.87, 37.863, 37.44, 37.263, 37.313, 37.799, 38.055, 37.821, 37.637, 37.743, 38.197, 38.265, 39.14, 39.416, 39.316, 39.282, 39.229, 38.772, 29.203], [31.954, 28.031, 21.312, 12.298, 0.0, 15.255, 30.118, 35.629, 36.739, 42.78, 47.989, 48.298, 47.261, 46.224, 45.577, 44.104, 42.681, 42.008, 41.321, 40.501, 40.832, 41.031, 40.034, 40.57, 43.797, 46.867, 46.266, 45.858, 48.0, 48.193, 46.862, 46.378, 46.667, 47.335, 46.301, 42.096, 41.393, 40.198, 41.538, 43.987, 43.71, 47.303, 53.77, 55.474, 55.351, 56.885, 56.964, 55.254, 53.948, 52.625, 52.619, 53.653, 53.838, 53.309, 53.646, 54.974, 55.613, 56.409, 58.037, 55.679, 52.425, 53.306, 52.894, 50.603, 49.705, 50.976, 50.342, 48.297, 48.369, 49.547, 48.606, 46.064, 45.019, 44.697, 43.369, 41.778, 40.911, 40.672, 40.389, 39.835, 39.679, 39.714, 39.444, 39.229, 39.217, 39.685, 39.86, 39.59, 39.419, 39.332, 39.712, 39.719, 40.346, 40.749, 40.721, 40.675, 40.643, 40.265, 33.335], [35.797, 32.643, 27.266, 21.893, 15.255, 0.0, 18.69, 26.584, 28.456, 35.72, 42.03, 42.768, 41.993, 40.989, 40.354, 39.227, 38.357, 38.053, 37.448, 36.567, 36.688, 37.043, 37.027, 38.779, 42.297, 45.302, 45.311, 45.408, 47.145, 47.264, 46.179, 46.089, 46.718, 47.295, 46.44, 43.06, 42.729, 42.027, 42.875, 44.669, 44.606, 47.209, 52.539, 53.995, 54.015, 55.598, 55.565, 53.913, 52.783, 51.538, 51.373, 52.181, 52.296, 51.786, 52.104, 53.346, 53.937, 54.686, 56.171, 54.078, 51.42, 52.462, 52.359, 50.527, 49.788, 50.945, 50.567, 49.191, 49.501, 50.481, 49.624, 47.645, 46.971, 46.754, 45.615, 44.212, 43.45, 43.249, 43.135, 42.856, 42.821, 42.828, 42.628, 42.375, 42.327, 42.735, 42.772, 42.601, 42.533, 42.136, 42.439, 42.267, 42.224, 42.649, 42.693, 42.85, 42.918, 42.6, 36.959], [43.18, 41.069, 37.218, 33.67, 30.118, 18.69, 0.0, 11.363, 16.774, 25.496, 33.113, 34.657, 34.454, 33.57, 32.987, 32.422, 32.411, 32.782, 32.473, 31.747, 31.705, 32.325, 34.01, 37.888, 42.294, 45.174, 45.944, 47.412, 49.067, 49.051, 48.312, 48.771, 49.658, 50.028, 49.334, 46.583, 46.401, 46.247, 45.991, 46.551, 46.598, 47.617, 51.27, 52.372, 52.527, 54.157, 54.26, 52.894, 51.948, 50.866, 50.622, 51.136, 51.159, 50.76, 51.038, 52.092, 52.766, 53.552, 54.817, 53.231, 51.481, 52.69, 53.04, 52.035, 51.6, 52.591, 52.673, 52.271, 52.954, 53.713, 52.921, 51.524, 51.251, 51.144, 50.175, 48.989, 48.351, 48.179, 48.218, 48.212, 48.294, 48.27, 48.096, 47.776, 47.724, 48.087, 48.026, 48.009, 48.059, 47.437, 47.612, 47.318, 46.573, 47.032, 47.15, 47.486, 47.672, 47.373, 44.039], [46.808, 45.046, 41.799, 38.611, 35.629, 26.584, 11.363, 0.0, 10.391, 21.163, 29.032, 30.806, 30.936, 30.223, 29.888, 29.748, 30.083, 30.718, 30.694, 30.289, 30.29, 30.925, 33.058, 37.695, 42.676, 45.643, 46.572, 48.682, 50.586, 50.62, 49.959, 50.515, 51.378, 51.67, 51.062, 48.477, 48.335, 48.391, 47.843, 47.985, 48.06, 48.545, 51.489, 52.412, 52.558, 54.071, 54.267, 53.109, 52.19, 51.091, 50.735, 51.064, 51.036, 50.705, 50.982, 51.945, 52.696, 53.542, 54.68, 53.243, 51.768, 53.023, 53.489, 52.781, 52.523, 53.427, 53.653, 53.648, 54.513, 55.213, 54.47, 53.311, 53.226, 53.179, 52.288, 51.24, 50.679, 50.495, 50.572, 50.651, 50.763, 50.735, 50.579, 50.242, 50.179, 50.531, 50.464, 50.496, 50.557, 49.876, 49.991, 49.698, 48.873, 49.348, 49.525, 49.89, 50.099, 49.817, 47.512], [46.879, 45.306, 42.182, 39.292, 36.739, 28.456, 16.774, 10.391, 0.0, 15.13, 25.484, 27.353, 27.434, 26.884, 26.859, 26.991, 27.398, 28.045, 28.061, 27.849, 28.314, 29.289, 31.468, 36.427, 42.062, 45.45, 46.431, 48.669, 50.806, 50.901, 50.101, 50.498, 51.255, 51.488, 50.813, 47.891, 47.598, 47.625, 47.086, 47.318, 47.37, 47.782, 50.892, 51.853, 51.943, 53.468, 53.727, 52.556, 51.56, 50.393, 50.02, 50.343, 50.312, 49.947, 50.22, 51.277, 52.082, 52.873, 54.005, 52.576, 50.99, 52.245, 52.755, 52.021, 51.722, 52.599, 52.813, 52.844, 53.761, 54.509, 53.727, 52.45, 52.333, 52.274, 51.301, 50.2, 49.679, 49.532, 49.55, 49.586, 49.727, 49.7, 49.529, 49.188, 49.139, 49.545, 49.529, 49.55, 49.569, 48.978, 49.121, 48.845, 48.119, 48.479, 48.562, 48.846, 49.052, 48.778, 47.449], [50.754, 49.65, 47.154, 44.999, 42.78, 35.72, 25.496, 21.163, 15.13, 0.0, 13.748, 17.292, 18.435, 19.079, 20.616, 22.298, 23.423, 24.41, 24.955, 25.747, 27.214, 28.876, 31.804, 37.421, 43.153, 46.458, 47.754, 50.29, 52.091, 52.207, 51.587, 52.011, 52.683, 52.809, 52.342, 50.115, 49.99, 50.198, 49.488, 49.277, 49.379, 48.893, 50.949, 51.692, 51.786, 53.121, 53.361, 52.456, 51.621, 50.643, 50.473, 50.733, 50.635, 50.331, 50.626, 51.589, 52.367, 53.104, 54.038, 52.856, 51.718, 52.925, 53.534, 53.065, 52.851, 53.479, 53.748, 54.302, 55.463, 56.09, 55.204, 54.04, 54.169, 54.237, 53.433, 52.582, 52.296, 52.248, 52.363, 52.533, 52.69, 52.669, 52.577, 52.292, 52.263, 52.608, 52.551, 52.598, 52.63, 52.052, 52.144, 51.873, 50.887, 51.241, 51.274, 51.48, 51.694, 51.562, 51.193], [55.082, 54.116, 51.992, 50.176, 47.989, 42.03, 33.113, 29.032, 25.484, 13.748, 0.0, 7.302, 11.51, 14.174, 17.277, 20.435, 22.296, 23.672, 24.85, 26.669, 28.709, 30.566, 33.84, 39.406, 44.469, 47.429, 49.096, 52.013, 53.636, 53.766, 53.423, 54.061, 54.74, 54.736, 54.441, 53.198, 53.504, 53.948, 53.254, 52.713, 52.92, 51.891, 52.754, 53.232, 53.37, 54.377, 54.447, 53.803, 53.165, 52.321, 52.254, 52.447, 52.276, 52.077, 52.496, 53.382, 54.129, 54.866, 55.648, 54.794, 54.175, 55.305, 55.85, 55.525, 55.438, 55.786, 55.991, 56.908, 58.208, 58.679, 57.714, 56.736, 57.091, 57.291, 56.746, 56.213, 56.146, 56.153, 56.422, 56.792, 56.958, 56.967, 57.03, 56.83, 56.794, 57.029, 56.923, 57.019, 57.107, 56.506, 56.574, 56.346, 55.202, 55.581, 55.573, 55.698, 55.911, 55.897, 55.522], [55.348, 54.363, 52.223, 50.403, 48.298, 42.768, 34.657, 30.806, 27.353, 17.292, 7.302, 0.0, 6.102, 10.577, 14.382, 17.808, 19.85, 21.442, 22.928, 25.313, 27.919, 29.922, 33.167, 38.732, 43.747, 46.748, 48.564, 51.73, 53.534, 53.672, 53.345, 54.074, 54.883, 54.956, 54.562, 53.323, 53.681, 54.099, 53.41, 52.914, 53.089, 52.211, 53.226, 53.739, 53.876, 54.918, 55.023, 54.39, 53.73, 52.863, 52.753, 52.891, 52.699, 52.491, 52.89, 53.784, 54.488, 55.155, 55.909, 55.063, 54.411, 55.511, 56.03, 55.688, 55.614, 55.953, 56.115, 56.999, 58.289, 58.774, 57.77, 56.696, 56.966, 57.143, 56.613, 56.086, 56.032, 56.057, 56.344, 56.744, 56.909, 56.924, 57.054, 56.904, 56.877, 57.108, 57.01, 57.117, 57.21, 56.656, 56.719, 56.511, 55.454, 55.797, 55.788, 55.891, 56.088, 56.081, 55.781], [54.27, 53.29, 51.099, 49.253, 47.261, 41.993, 34.454, 30.936, 27.434, 18.435, 11.51, 6.102, 0.0, 6.209, 11.487, 15.273, 17.307, 19.027, 20.656, 23.272, 26.33, 28.601, 31.816, 37.413, 42.614, 45.775, 47.535, 50.667, 52.615, 52.766, 52.376, 53.088, 54.042, 54.323, 53.851, 52.381, 52.688, 53.02, 52.395, 52.04, 52.159, 51.487, 52.898, 53.507, 53.626, 54.737, 54.869, 54.17, 53.454, 52.535, 52.399, 52.554, 52.369, 52.128, 52.514, 53.456, 54.156, 54.826, 55.617, 54.696, 53.917, 55.04, 55.564, 55.156, 55.057, 55.468, 55.595, 56.34, 57.588, 58.14, 57.113, 55.86, 55.991, 56.113, 55.508, 54.881, 54.776, 54.806, 55.067, 55.421, 55.568, 55.585, 55.709, 55.568, 55.569, 55.823, 55.734, 55.827, 55.896, 55.399, 55.472, 55.271, 54.323, 54.639, 54.587, 54.675, 54.877, 54.856, 54.691], [53.279, 52.294, 50.077, 48.172, 46.224, 40.989, 33.57, 30.223, 26.884, 19.079, 14.174, 10.577, 6.209, 0.0, 7.026, 12.175, 14.411, 16.265, 18.183, 20.937, 24.094, 26.627, 30.135, 35.911, 41.293, 44.631, 46.406, 49.571, 51.656, 51.819, 51.404, 52.12, 53.163, 53.585, 53.142, 51.508, 51.75, 52.014, 51.427, 51.149, 51.239, 50.737, 52.434, 53.111, 53.237, 54.464, 54.617, 53.835, 53.089, 52.142, 51.999, 52.179, 51.996, 51.719, 52.077, 53.051, 53.745, 54.393, 55.234, 54.25, 53.342, 54.495, 55.002, 54.529, 54.397, 54.854, 54.966, 55.601, 56.788, 57.35, 56.326, 55.043, 55.124, 55.184, 54.521, 53.839, 53.69, 53.712, 53.94, 54.272, 54.416, 54.427, 54.566, 54.445, 54.472, 54.755, 54.675, 54.762, 54.77, 54.243, 54.345, 54.115, 53.154, 53.471, 53.41, 53.5, 53.721, 53.69, 53.699], [52.929, 51.876, 49.528, 47.505, 45.577, 40.354, 32.987, 29.888, 26.859, 20.616, 17.277, 14.382, 11.487, 7.026, 0.0, 6.88, 10.418, 12.682, 14.748, 17.84, 21.162, 24.025, 28.129, 34.153, 39.534, 42.94, 44.968, 48.657, 51.103, 51.276, 50.857, 51.656, 52.799, 53.23, 52.745, 51.073, 51.287, 51.515, 50.932, 50.737, 50.831, 50.584, 52.532, 53.245, 53.392, 54.759, 54.92, 54.038, 53.255, 52.261, 52.062, 52.236, 52.056, 51.761, 52.075, 53.044, 53.718, 54.27, 55.121, 54.121, 53.08, 54.193, 54.689, 54.16, 53.981, 54.506, 54.629, 55.169, 56.323, 56.901, 55.846, 54.524, 54.581, 54.606, 53.924, 53.24, 53.093, 53.118, 53.345, 53.714, 53.877, 53.888, 54.08, 53.991, 54.037, 54.344, 54.27, 54.359, 54.344, 53.791, 53.906, 53.685, 52.738, 53.07, 53.018, 53.119, 53.345, 53.304, 53.357], [51.682, 50.512, 48.011, 45.863, 44.104, 39.227, 32.422, 29.748, 26.991, 22.298, 20.435, 17.808, 15.273, 12.175, 6.88, 0.0, 5.632, 9.17, 10.85, 14.091, 17.989, 21.221, 25.477, 31.592, 37.146, 40.706, 42.882, 47.176, 50.154, 50.349, 49.884, 50.709, 51.924, 52.385, 51.722, 49.816, 49.999, 50.121, 49.592, 49.639, 49.748, 49.974, 52.491, 53.307, 53.451, 54.966, 55.143, 54.11, 53.237, 52.139, 51.834, 52.008, 51.84, 51.512, 51.779, 52.769, 53.44, 53.937, 54.863, 53.768, 52.458, 53.513, 54.004, 53.403, 53.148, 53.77, 53.838, 54.179, 55.287, 55.931, 54.837, 53.356, 53.323, 53.322, 52.582, 51.84, 51.675, 51.703, 51.912, 52.266, 52.446, 52.468, 52.647, 52.541, 52.606, 52.94, 52.884, 52.968, 52.944, 52.439, 52.568, 52.356, 51.569, 51.898, 51.822, 51.939, 52.158, 52.082, 52.128], [50.16, 48.94, 46.457, 44.26, 42.681, 38.357, 32.411, 30.083, 27.398, 23.423, 22.296, 19.85, 17.307, 14.411, 10.418, 5.632, 0.0, 4.722, 7.516, 12.015, 16.816, 20.234, 24.383, 30.632, 36.447, 40.163, 42.17, 46.354, 49.492, 49.689, 49.162, 49.907, 51.107, 51.661, 50.948, 48.693, 48.766, 48.729, 48.299, 48.566, 48.583, 49.071, 52.081, 53.045, 53.158, 54.718, 54.925, 53.815, 52.877, 51.759, 51.523, 51.784, 51.631, 51.272, 51.523, 52.567, 53.261, 53.732, 54.726, 53.477, 51.871, 52.911, 53.325, 52.558, 52.224, 52.889, 52.899, 53.09, 54.136, 54.824, 53.706, 52.135, 52.064, 52.046, 51.222, 50.385, 50.171, 50.184, 50.326, 50.602, 50.772, 50.801, 50.929, 50.791, 50.865, 51.215, 51.183, 51.27, 51.216, 50.743, 50.886, 50.67, 50.035, 50.353, 50.261, 50.346, 50.545, 50.468, 50.621], [49.37, 48.12, 45.674, 43.511, 42.008, 38.053, 32.782, 30.718, 28.045, 24.41, 23.672, 21.442, 19.027, 16.265, 12.682, 9.17, 4.722, 0.0, 4.996, 11.276, 16.733, 20.325, 24.441, 30.6, 36.375, 40.089, 41.858, 45.784, 48.957, 49.153, 48.59, 49.309, 50.508, 51.113, 50.426, 48.053, 48.062, 47.937, 47.655, 48.091, 48.064, 48.681, 51.918, 52.972, 53.063, 54.581, 54.783, 53.636, 52.661, 51.555, 51.385, 51.702, 51.563, 51.183, 51.418, 52.482, 53.188, 53.65, 54.656, 53.287, 51.518, 52.565, 52.929, 52.051, 51.651, 52.352, 52.382, 52.492, 53.491, 54.205, 53.064, 51.449, 51.391, 51.376, 50.514, 49.64, 49.405, 49.408, 49.512, 49.738, 49.887, 49.92, 50.014, 49.853, 49.934, 50.302, 50.288, 50.387, 50.323, 49.87, 50.021, 49.806, 49.243, 49.559, 49.448, 49.486, 49.673, 49.605, 49.829], [48.601, 47.328, 44.881, 42.751, 41.321, 37.448, 32.473, 30.694, 28.061, 24.955, 24.85, 22.928, 20.656, 18.183, 14.748, 10.85, 7.516, 4.996, 0.0, 7.457, 14.167, 18.367, 22.582, 28.923, 34.99, 38.83, 40.608, 44.775, 48.2, 48.408, 47.78, 48.505, 49.758, 50.392, 49.644, 47.194, 47.203, 47.029, 46.833, 47.484, 47.538, 48.332, 51.778, 52.874, 52.965, 54.551, 54.757, 53.538, 52.533, 51.38, 51.161, 51.495, 51.366, 50.957, 51.163, 52.232, 52.937, 53.403, 54.428, 52.985, 51.152, 52.235, 52.61, 51.69, 51.235, 51.996, 52.004, 51.973, 52.917, 53.665, 52.509, 50.806, 50.713, 50.697, 49.801, 48.889, 48.635, 48.632, 48.714, 48.905, 49.057, 49.089, 49.164, 48.991, 49.077, 49.474, 49.476, 49.576, 49.527, 49.116, 49.281, 49.07, 48.546, 48.844, 48.706, 48.726, 48.923, 48.827, 49.044], [47.602, 46.368, 43.988, 41.88, 40.501, 36.567, 31.747, 30.289, 27.849, 25.747, 26.669, 25.313, 23.272, 20.937, 17.84, 14.091, 12.015, 11.276, 7.457, 0.0, 8.46, 14.036, 18.852, 25.88, 32.687, 36.874, 38.838, 43.383, 47.088, 47.325, 46.612, 47.321, 48.616, 49.311, 48.551, 46.025, 46.043, 45.867, 45.681, 46.527, 46.703, 47.756, 51.52, 52.669, 52.774, 54.484, 54.723, 53.485, 52.481, 51.275, 51.03, 51.439, 51.34, 50.874, 51.022, 52.072, 52.764, 53.267, 54.37, 52.844, 50.91, 52.05, 52.393, 51.374, 50.879, 51.7, 51.616, 51.382, 52.255, 53.052, 51.95, 50.192, 50.017, 49.976, 49.034, 48.045, 47.73, 47.715, 47.774, 47.924, 48.079, 48.101, 48.15, 47.963, 48.045, 48.478, 48.487, 48.551, 48.522, 48.158, 48.344, 48.114, 47.59, 47.862, 47.706, 47.738, 47.956, 47.837, 48.019], [47.909, 46.721, 44.426, 42.348, 40.832, 36.688, 31.705, 30.29, 28.314, 27.214, 28.709, 27.919, 26.33, 24.094, 21.162, 17.989, 16.816, 16.733, 14.167, 8.46, 0.0, 7.577, 15.183, 23.297, 30.271, 34.551, 36.902, 41.93, 45.809, 46.095, 45.483, 46.281, 47.544, 48.23, 47.706, 45.618, 45.823, 45.885, 45.461, 46.117, 46.416, 47.505, 51.18, 52.246, 52.387, 54.19, 54.382, 53.143, 52.235, 51.051, 50.785, 51.225, 51.161, 50.648, 50.685, 51.633, 52.273, 52.765, 53.922, 52.517, 50.671, 51.753, 52.073, 51.099, 50.688, 51.523, 51.411, 51.201, 52.162, 52.941, 51.931, 50.389, 50.293, 50.272, 49.402, 48.5, 48.2, 48.171, 48.303, 48.563, 48.746, 48.746, 48.818, 48.651, 48.705, 49.144, 49.138, 49.176, 49.169, 48.78, 48.959, 48.661, 48.001, 48.305, 48.177, 48.259, 48.492, 48.406, 48.293], [47.973, 46.851, 44.679, 42.603, 41.031, 37.043, 32.325, 30.925, 29.289, 28.876, 30.566, 29.922, 28.601, 26.627, 24.025, 21.221, 20.234, 20.325, 18.367, 14.036, 7.577, 0.0, 10.572, 20.361, 27.764, 32.208, 34.983, 40.583, 44.749, 45.103, 44.576, 45.458, 46.732, 47.471, 47.085, 45.266, 45.598, 45.82, 45.293, 45.848, 46.154, 47.291, 51.003, 52.026, 52.152, 54.018, 54.175, 52.915, 52.038, 50.836, 50.559, 51.024, 50.974, 50.443, 50.434, 51.31, 51.897, 52.374, 53.538, 52.249, 50.511, 51.505, 51.825, 50.852, 50.481, 51.338, 51.168, 50.922, 51.928, 52.691, 51.738, 50.329, 50.264, 50.259, 49.434, 48.569, 48.279, 48.235, 48.4, 48.732, 48.943, 48.937, 49.056, 48.96, 49.014, 49.456, 49.458, 49.485, 49.459, 49.053, 49.245, 48.916, 48.245, 48.564, 48.446, 48.522, 48.757, 48.712, 48.318], [46.114, 45.168, 43.302, 41.355, 40.034, 37.027, 34.01, 33.058, 31.468, 31.804, 33.84, 33.167, 31.816, 30.135, 28.129, 25.477, 24.383, 24.441, 22.582, 18.852, 15.183, 10.572, 0.0, 12.367, 22.331, 27.796, 31.008, 37.593, 42.562, 43.095, 42.591, 43.538, 44.876, 45.773, 45.224, 42.981, 43.31, 43.538, 43.305, 44.253, 44.638, 46.198, 50.503, 51.691, 51.798, 53.758, 53.975, 52.655, 51.707, 50.413, 50.111, 50.658, 50.633, 50.069, 50.09, 51.03, 51.618, 52.154, 53.41, 52.145, 50.319, 51.265, 51.591, 50.461, 49.945, 50.859, 50.535, 49.862, 50.66, 51.482, 50.528, 48.826, 48.509, 48.468, 47.594, 46.609, 46.227, 46.157, 46.271, 46.546, 46.761, 46.765, 46.909, 46.899, 46.937, 47.402, 47.444, 47.413, 47.353, 47.029, 47.272, 47.014, 46.582, 46.833, 46.682, 46.731, 46.913, 46.798, 46.41], [45.448, 44.757, 43.192, 41.551, 40.57, 38.779, 37.888, 37.695, 36.427, 37.421, 39.406, 38.732, 37.413, 35.911, 34.153, 31.592, 30.632, 30.6, 28.923, 25.88, 23.297, 20.361, 12.367, 0.0, 12.771, 20.449, 24.56, 32.686, 38.969, 39.753, 39.407, 40.609, 42.073, 43.11, 42.597, 40.335, 40.972, 41.226, 41.219, 42.525, 43.267, 45.654, 50.568, 51.816, 52.099, 54.398, 54.684, 53.269, 52.322, 50.972, 50.503, 50.982, 50.98, 50.347, 50.232, 51.051, 51.535, 52.134, 53.479, 52.286, 50.496, 51.325, 51.582, 50.42, 49.815, 50.747, 50.315, 49.272, 49.848, 50.688, 49.795, 48.037, 47.617, 47.561, 46.745, 45.871, 45.555, 45.479, 45.589, 45.869, 46.092, 46.083, 46.235, 46.311, 46.266, 46.667, 46.708, 46.604, 46.546, 46.327, 46.58, 46.368, 46.092, 46.282, 46.031, 46.025, 46.16, 45.999, 45.664], [48.054, 47.444, 46.016, 44.747, 43.797, 42.297, 42.294, 42.676, 42.062, 43.153, 44.469, 43.747, 42.614, 41.293, 39.534, 37.146, 36.447, 36.375, 34.99, 32.687, 30.271, 27.764, 22.331, 12.771, 0.0, 9.96, 16.921, 27.207, 34.41, 35.412, 35.575, 37.303, 38.982, 40.119, 40.174, 39.552, 41.037, 41.675, 41.85, 43.036, 44.245, 47.002, 51.521, 52.502, 53.022, 55.587, 55.846, 54.496, 53.739, 52.463, 51.74, 51.927, 51.906, 51.263, 50.905, 51.355, 51.612, 52.219, 53.469, 52.414, 50.953, 51.638, 51.889, 50.988, 50.512, 51.324, 50.89, 50.016, 50.632, 51.287, 50.521, 49.37, 49.333, 49.379, 48.9, 48.562, 48.529, 48.463, 48.687, 49.14, 49.379, 49.352, 49.616, 49.805, 49.71, 49.997, 49.992, 49.921, 49.928, 49.701, 49.862, 49.624, 49.237, 49.457, 49.13, 49.067, 49.202, 49.115, 48.259], [50.823, 50.245, 48.874, 47.811, 46.867, 45.302, 45.174, 45.643, 45.45, 46.458, 47.429, 46.748, 45.775, 44.631, 42.94, 40.706, 40.163, 40.089, 38.83, 36.874, 34.551, 32.208, 27.796, 20.449, 9.96, 0.0, 11.349, 24.474, 31.982, 32.98, 33.629, 35.751, 37.565, 38.79, 39.308, 40.302, 42.438, 43.466, 43.737, 44.767, 46.211, 48.884, 52.699, 53.431, 54.033, 56.561, 56.768, 55.555, 54.973, 53.834, 53.029, 53.034, 52.993, 52.387, 51.909, 52.116, 52.24, 52.766, 53.843, 52.836, 51.531, 52.1, 52.39, 51.734, 51.4, 52.076, 51.645, 51.056, 51.782, 52.231, 51.552, 50.939, 51.294, 51.459, 51.264, 51.337, 51.503, 51.439, 51.751, 52.36, 52.628, 52.588, 52.94, 53.207, 53.09, 53.33, 53.313, 53.274, 53.342, 53.139, 53.208, 52.989, 52.527, 52.773, 52.471, 52.37, 52.473, 52.449, 51.046], [49.736, 49.229, 47.952, 46.986, 46.266, 45.311, 45.944, 46.572, 46.431, 47.754, 49.096, 48.564, 47.535, 46.406, 44.968, 42.882, 42.17, 41.858, 40.608, 38.838, 36.902, 34.983, 31.008, 24.56, 16.921, 11.349, 0.0, 16.539, 26.908, 28.217, 28.716, 31.286, 33.718, 35.477, 36.051, 37.403, 40.027, 41.26, 42.465, 44.074, 45.647, 48.973, 53.148, 53.95, 54.587, 57.075, 57.275, 56.019, 55.389, 54.249, 53.439, 53.46, 53.44, 52.815, 52.342, 52.571, 52.7, 53.255, 54.268, 52.709, 50.947, 51.606, 51.772, 50.982, 50.643, 51.367, 50.87, 50.189, 50.899, 51.369, 50.679, 49.993, 50.337, 50.485, 50.282, 50.414, 50.59, 50.506, 50.822, 51.409, 51.648, 51.607, 51.891, 52.114, 51.988, 52.242, 52.209, 52.132, 52.239, 52.182, 52.25, 52.11, 51.894, 52.146, 51.815, 51.616, 51.677, 51.66, 49.946], [48.481, 48.136, 47.19, 46.455, 45.858, 45.408, 47.412, 48.682, 48.669, 50.29, 52.013, 51.73, 50.667, 49.571, 48.657, 47.176, 46.354, 45.784, 44.775, 43.383, 41.93, 40.583, 37.593, 32.686, 27.207, 24.474, 16.539, 0.0, 14.416, 17.258, 17.594, 21.33, 25.454, 28.63, 30.01, 33.189, 36.837, 38.75, 41.842, 44.092, 45.74, 49.606, 53.907, 54.799, 55.43, 57.629, 57.78, 56.613, 56.003, 54.899, 54.039, 54.011, 54.017, 53.359, 52.849, 53.074, 53.156, 53.687, 54.607, 52.604, 50.466, 51.272, 51.273, 50.252, 49.889, 50.651, 50.099, 49.274, 49.875, 50.355, 49.761, 49.128, 49.432, 49.549, 49.37, 49.584, 49.799, 49.696, 49.98, 50.454, 50.597, 50.546, 50.764, 50.914, 50.793, 51.022, 50.936, 50.888, 51.088, 51.119, 51.187, 51.046, 50.988, 51.303, 50.896, 50.577, 50.625, 50.671, 48.668], [50.371, 50.164, 49.389, 48.807, 48.0, 47.145, 49.067, 50.586, 50.806, 52.091, 53.636, 53.534, 52.615, 51.656, 51.103, 50.154, 49.492, 48.957, 48.2, 47.088, 45.809, 44.749, 42.562, 38.969, 34.41, 31.982, 26.908, 14.416, 0.0, 5.994, 9.504, 15.038, 20.381, 24.867, 27.674, 33.857, 38.191, 40.697, 44.213, 46.206, 47.824, 51.254, 54.721, 55.485, 56.086, 57.902, 57.944, 56.966, 56.521, 55.651, 54.886, 54.751, 54.745, 54.135, 53.542, 53.625, 53.653, 53.984, 54.663, 52.831, 50.882, 51.545, 51.575, 50.687, 50.384, 51.007, 50.549, 49.966, 50.526, 50.809, 50.383, 50.339, 51.0, 51.231, 51.259, 51.731, 52.093, 51.999, 52.306, 52.789, 52.877, 52.799, 53.078, 53.231, 53.123, 53.314, 53.205, 53.247, 53.515, 53.448, 53.44, 53.256, 52.966, 53.303, 52.891, 52.558, 52.603, 52.74, 50.551], [50.544, 50.364, 49.572, 48.968, 48.193, 47.264, 49.051, 50.62, 50.901, 52.207, 53.766, 53.672, 52.766, 51.819, 51.276, 50.349, 49.689, 49.153, 48.408, 47.325, 46.095, 45.103, 43.095, 39.753, 35.412, 32.98, 28.217, 17.258, 5.994, 0.0, 7.012, 14.075, 19.701, 24.443, 27.587, 34.091, 38.482, 40.956, 44.315, 46.231, 47.839, 51.244, 54.707, 55.459, 56.092, 57.958, 58.031, 57.068, 56.63, 55.794, 55.078, 54.953, 54.946, 54.343, 53.748, 53.799, 53.813, 54.184, 54.832, 52.941, 51.006, 51.666, 51.712, 50.825, 50.489, 51.097, 50.657, 50.093, 50.635, 50.871, 50.438, 50.5, 51.245, 51.48, 51.507, 51.983, 52.333, 52.231, 52.568, 53.09, 53.177, 53.102, 53.408, 53.562, 53.458, 53.659, 53.546, 53.621, 53.9, 53.81, 53.798, 53.619, 53.267, 53.569, 53.159, 52.837, 52.884, 53.007, 50.736], [49.167, 48.977, 48.164, 47.516, 46.862, 46.179, 48.312, 49.959, 50.101, 51.587, 53.423, 53.345, 52.376, 51.404, 50.857, 49.884, 49.162, 48.59, 47.78, 46.612, 45.483, 44.576, 42.591, 39.407, 35.575, 33.629, 28.716, 17.594, 9.504, 7.012, 0.0, 9.058, 16.744, 22.641, 25.86, 32.371, 37.029, 39.46, 43.169, 45.471, 47.055, 50.767, 54.681, 55.562, 56.14, 58.014, 58.133, 57.119, 56.586, 55.666, 54.971, 54.938, 54.944, 54.344, 53.861, 54.044, 54.072, 54.452, 55.182, 53.053, 50.751, 51.483, 51.392, 50.222, 49.817, 50.507, 49.986, 49.262, 49.821, 50.177, 49.695, 49.558, 50.201, 50.395, 50.32, 50.674, 50.967, 50.867, 51.162, 51.603, 51.663, 51.599, 51.852, 51.962, 51.888, 52.131, 52.022, 52.044, 52.324, 52.278, 52.279, 52.166, 51.922, 52.218, 51.824, 51.476, 51.509, 51.616, 49.36], [48.43, 48.276, 47.484, 46.881, 46.378, 46.089, 48.771, 50.515, 50.498, 52.011, 54.061, 54.074, 53.088, 52.12, 51.656, 50.709, 49.907, 49.309, 48.505, 47.321, 46.281, 45.458, 43.538, 40.609, 37.303, 35.751, 31.286, 21.33, 15.038, 14.075, 9.058, 0.0, 10.267, 18.934, 23.128, 30.871, 36.135, 38.54, 42.703, 45.448, 47.005, 51.041, 55.15, 56.096, 56.552, 58.243, 58.316, 57.222, 56.624, 55.741, 55.132, 55.179, 55.196, 54.6, 54.154, 54.414, 54.414, 54.663, 55.495, 53.219, 50.428, 51.131, 50.945, 49.568, 49.13, 49.835, 49.221, 48.401, 48.951, 49.372, 48.906, 48.72, 49.369, 49.565, 49.457, 49.799, 50.112, 50.029, 50.272, 50.651, 50.695, 50.63, 50.817, 50.902, 50.878, 51.125, 51.026, 50.993, 51.251, 51.247, 51.248, 51.189, 51.074, 51.377, 50.972, 50.595, 50.604, 50.745, 48.576], [48.511, 48.429, 47.6, 47.016, 46.667, 46.718, 49.658, 51.378, 51.255, 52.683, 54.74, 54.883, 54.042, 53.163, 52.799, 51.924, 51.107, 50.508, 49.758, 48.616, 47.544, 46.732, 44.876, 42.073, 38.982, 37.565, 33.718, 25.454, 20.381, 19.701, 16.744, 10.267, 0.0, 11.577, 18.757, 29.26, 35.303, 37.908, 42.418, 45.413, 46.962, 51.027, 55.101, 56.015, 56.398, 57.959, 57.966, 56.792, 56.207, 55.395, 54.796, 54.86, 54.913, 54.313, 53.812, 54.054, 54.024, 54.115, 54.983, 52.756, 49.698, 50.173, 49.994, 48.667, 48.242, 48.912, 48.328, 47.616, 48.176, 48.552, 48.181, 48.227, 49.002, 49.198, 49.133, 49.581, 49.955, 49.871, 50.097, 50.496, 50.56, 50.499, 50.683, 50.801, 50.819, 51.065, 50.984, 50.957, 51.171, 51.152, 51.171, 51.096, 50.97, 51.261, 50.897, 50.528, 50.527, 50.718, 48.602], [49.198, 49.089, 48.203, 47.643, 47.335, 47.295, 50.028, 51.67, 51.488, 52.809, 54.736, 54.956, 54.323, 53.585, 53.23, 52.385, 51.661, 51.113, 50.392, 49.311, 48.23, 47.471, 45.773, 43.11, 40.119, 38.79, 35.477, 28.63, 24.867, 24.443, 22.641, 18.934, 11.577, 0.0, 12.72, 27.814, 34.295, 37.273, 42.102, 45.15, 46.826, 50.815, 54.717, 55.56, 55.96, 57.529, 57.53, 56.336, 55.798, 55.023, 54.36, 54.381, 54.466, 53.913, 53.478, 53.75, 53.697, 53.691, 54.523, 52.459, 49.494, 49.755, 49.601, 48.414, 48.006, 48.605, 48.097, 47.589, 48.211, 48.478, 48.134, 48.452, 49.353, 49.548, 49.539, 50.099, 50.56, 50.467, 50.669, 51.077, 51.16, 51.114, 51.359, 51.493, 51.508, 51.781, 51.72, 51.714, 51.885, 51.778, 51.828, 51.75, 51.498, 51.831, 51.572, 51.25, 51.249, 51.476, 49.258], [47.988, 47.705, 46.82, 46.368, 46.301, 46.44, 49.334, 51.062, 50.813, 52.342, 54.441, 54.562, 53.851, 53.142, 52.745, 51.722, 50.948, 50.426, 49.644, 48.551, 47.706, 47.085, 45.224, 42.597, 40.174, 39.308, 36.051, 30.01, 27.674, 27.587, 25.86, 23.128, 18.757, 12.72, 0.0, 21.606, 30.223, 33.38, 39.213, 42.939, 44.803, 49.626, 54.248, 55.252, 55.644, 57.389, 57.432, 56.069, 55.414, 54.567, 53.872, 53.929, 54.031, 53.489, 53.186, 53.793, 53.946, 53.957, 54.807, 52.616, 49.583, 50.047, 49.917, 48.59, 48.108, 48.911, 48.369, 47.611, 48.239, 48.619, 48.135, 48.03, 48.647, 48.776, 48.601, 48.929, 49.302, 49.21, 49.315, 49.567, 49.622, 49.577, 49.748, 49.813, 49.838, 50.207, 50.205, 50.088, 50.133, 50.118, 50.235, 50.232, 50.193, 50.575, 50.312, 49.983, 49.951, 50.142, 48.049], [43.588, 43.056, 41.936, 41.374, 42.096, 43.06, 46.583, 48.477, 47.891, 50.115, 53.198, 53.323, 52.381, 51.508, 51.073, 49.816, 48.693, 48.053, 47.194, 46.025, 45.618, 45.266, 42.981, 40.335, 39.552, 40.302, 37.403, 33.189, 33.857, 34.091, 32.371, 30.871, 29.26, 27.814, 21.606, 0.0, 15.305, 21.365, 29.091, 34.79, 36.967, 43.808, 50.856, 52.398, 52.803, 55.247, 55.638, 54.028, 53.117, 51.899, 51.138, 51.457, 51.68, 51.144, 51.032, 52.168, 52.941, 53.72, 55.127, 52.598, 49.434, 50.413, 50.317, 48.687, 48.099, 49.3, 48.75, 47.408, 47.977, 48.828, 48.029, 46.688, 46.493, 46.39, 45.611, 45.049, 44.876, 44.703, 44.498, 44.243, 44.213, 44.175, 44.019, 43.983, 44.058, 44.536, 44.632, 44.37, 44.192, 44.335, 44.618, 44.657, 45.19, 45.453, 45.125, 44.863, 44.821, 44.733, 43.729], [42.556, 42.097, 41.103, 40.456, 41.393, 42.729, 46.401, 48.335, 47.598, 49.99, 53.504, 53.681, 52.688, 51.75, 51.287, 49.999, 48.766, 48.062, 47.203, 46.043, 45.823, 45.598, 43.31, 40.972, 41.037, 42.438, 40.027, 36.837, 38.191, 38.482, 37.029, 36.135, 35.303, 34.295, 30.223, 15.305, 0.0, 13.751, 24.547, 30.324, 32.518, 40.339, 48.479, 50.249, 50.694, 53.59, 54.224, 52.553, 51.583, 50.302, 49.613, 50.065, 50.31, 49.904, 50.152, 51.51, 52.526, 53.751, 55.299, 52.743, 49.693, 50.772, 50.916, 49.432, 48.709, 49.996, 49.529, 47.853, 48.133, 49.093, 48.243, 46.507, 46.017, 45.844, 44.844, 43.91, 43.524, 43.348, 43.011, 42.565, 42.532, 42.515, 42.256, 42.146, 42.282, 42.818, 42.942, 42.693, 42.41, 42.593, 42.967, 43.027, 43.764, 44.013, 43.665, 43.424, 43.415, 43.238, 42.683], [41.125, 40.634, 39.681, 39.022, 40.198, 42.027, 46.247, 48.391, 47.625, 50.198, 53.948, 54.099, 53.02, 52.014, 51.515, 50.121, 48.729, 47.937, 47.029, 45.867, 45.885, 45.82, 43.538, 41.226, 41.675, 43.466, 41.26, 38.75, 40.697, 40.956, 39.46, 38.54, 37.908, 37.273, 33.38, 21.365, 13.751, 0.0, 17.407, 25.896, 27.862, 37.684, 47.23, 49.243, 49.685, 52.821, 53.607, 51.88, 50.835, 49.56, 49.041, 49.718, 50.004, 49.569, 50.001, 51.662, 52.652, 53.974, 55.899, 53.344, 50.009, 51.115, 51.035, 49.215, 48.338, 49.656, 49.126, 47.208, 47.379, 48.437, 47.532, 45.499, 44.816, 44.605, 43.417, 42.228, 41.72, 41.533, 41.065, 40.494, 40.49, 40.457, 40.12, 40.019, 40.141, 40.716, 40.886, 40.535, 40.14, 40.468, 40.909, 40.957, 41.907, 42.09, 41.705, 41.492, 41.429, 41.121, 41.23], [42.794, 42.361, 41.347, 40.616, 41.538, 42.875, 45.991, 47.843, 47.086, 49.488, 53.254, 53.41, 52.395, 51.427, 50.932, 49.592, 48.299, 47.655, 46.833, 45.681, 45.461, 45.293, 43.305, 41.219, 41.85, 43.737, 42.465, 41.842, 44.213, 44.315, 43.169, 42.703, 42.418, 42.102, 39.213, 29.091, 24.547, 17.407, 0.0, 12.38, 15.247, 27.411, 39.322, 41.667, 42.253, 46.123, 47.419, 45.952, 45.077, 43.918, 43.587, 44.487, 44.887, 44.505, 45.032, 47.006, 48.323, 49.762, 52.294, 51.04, 48.724, 49.501, 49.382, 47.823, 47.06, 48.308, 48.052, 46.465, 46.912, 47.987, 47.126, 45.461, 45.218, 45.177, 44.127, 43.119, 42.668, 42.478, 42.245, 42.155, 42.36, 42.304, 42.145, 42.159, 42.148, 42.663, 42.821, 42.462, 42.054, 42.31, 42.644, 42.461, 43.014, 43.232, 42.878, 42.812, 42.781, 42.369, 42.946], [45.067, 44.785, 44.055, 43.462, 43.987, 44.669, 46.551, 47.985, 47.318, 49.277, 52.713, 52.914, 52.04, 51.149, 50.737, 49.639, 48.566, 48.091, 47.484, 46.527, 46.117, 45.848, 44.253, 42.525, 43.036, 44.767, 44.074, 44.092, 46.206, 46.231, 45.471, 45.448, 45.413, 45.15, 42.939, 34.79, 30.324, 25.896, 12.38, 0.0, 7.567, 21.391, 33.357, 35.611, 36.355, 40.746, 42.462, 41.361, 40.707, 39.759, 39.588, 40.491, 40.864, 40.638, 41.383, 43.437, 45.029, 46.761, 49.264, 48.95, 48.068, 48.673, 48.717, 47.804, 47.279, 48.417, 48.466, 47.271, 47.879, 48.889, 48.187, 47.012, 47.133, 47.212, 46.425, 45.713, 45.363, 45.164, 45.103, 45.338, 45.662, 45.597, 45.585, 45.648, 45.547, 45.982, 46.089, 45.848, 45.539, 45.636, 45.899, 45.496, 45.486, 45.831, 45.492, 45.456, 45.511, 45.135, 45.233], [44.7, 44.464, 43.799, 43.142, 43.71, 44.606, 46.598, 48.06, 47.37, 49.379, 52.92, 53.089, 52.159, 51.239, 50.831, 49.748, 48.583, 48.064, 47.538, 46.703, 46.416, 46.154, 44.638, 43.267, 44.245, 46.211, 45.647, 45.74, 47.824, 47.839, 47.055, 47.005, 46.962, 46.826, 44.803, 36.967, 32.518, 27.862, 15.247, 7.567, 0.0, 18.175, 31.869, 34.446, 35.112, 39.539, 41.383, 40.332, 39.625, 38.907, 39.303, 40.574, 41.0, 40.853, 41.785, 43.981, 45.596, 47.296, 49.921, 49.639, 48.604, 49.221, 49.214, 48.145, 47.595, 48.722, 48.739, 47.53, 48.111, 49.189, 48.49, 47.136, 47.106, 47.121, 46.238, 45.348, 44.843, 44.621, 44.549, 44.753, 45.07, 45.022, 44.994, 45.038, 44.935, 45.362, 45.479, 45.215, 44.869, 44.996, 45.268, 44.817, 44.898, 45.26, 44.912, 44.869, 44.91, 44.516, 44.866], [48.445, 48.223, 47.68, 47.192, 47.303, 47.209, 47.617, 48.545, 47.782, 48.893, 51.891, 52.211, 51.487, 50.737, 50.584, 49.974, 49.071, 48.681, 48.332, 47.756, 47.505, 47.291, 46.198, 45.654, 47.002, 48.884, 48.973, 49.606, 51.254, 51.244, 50.767, 51.041, 51.027, 50.815, 49.626, 43.808, 40.339, 37.684, 27.411, 21.391, 18.175, 0.0, 17.012, 20.603, 21.366, 27.343, 30.236, 30.051, 30.069, 30.205, 31.784, 33.574, 34.088, 34.294, 35.811, 38.576, 40.713, 42.666, 45.876, 47.444, 48.004, 48.727, 49.694, 49.826, 49.596, 50.464, 50.961, 50.614, 51.462, 52.379, 51.704, 50.596, 50.669, 50.738, 50.074, 49.372, 48.946, 48.733, 48.808, 49.243, 49.626, 49.536, 49.495, 49.482, 49.358, 49.666, 49.704, 49.563, 49.305, 49.381, 49.623, 48.851, 48.365, 48.766, 48.365, 48.29, 48.322, 47.924, 48.578], [54.878, 54.636, 54.308, 54.184, 53.77, 52.539, 51.27, 51.489, 50.892, 50.949, 52.754, 53.226, 52.898, 52.434, 52.532, 52.491, 52.081, 51.918, 51.778, 51.52, 51.18, 51.003, 50.503, 50.568, 51.521, 52.699, 53.148, 53.907, 54.721, 54.707, 54.681, 55.15, 55.101, 54.717, 54.248, 50.856, 48.479, 47.23, 39.322, 33.357, 31.869, 17.012, 0.0, 5.43, 7.739, 15.865, 19.937, 21.921, 23.447, 24.729, 27.109, 28.865, 29.24, 29.974, 32.163, 35.018, 37.52, 39.818, 43.148, 46.527, 49.074, 49.919, 51.636, 53.058, 53.306, 53.772, 54.666, 55.238, 56.322, 56.906, 56.314, 55.873, 56.309, 56.504, 56.331, 56.257, 56.182, 56.002, 56.25, 56.98, 57.426, 57.294, 57.385, 57.417, 57.238, 57.402, 57.364, 57.402, 57.331, 57.241, 57.381, 56.531, 55.435, 55.804, 55.394, 55.35, 55.388, 55.06, 54.957], [56.67, 56.435, 56.109, 56.013, 55.474, 53.995, 52.372, 52.412, 51.853, 51.692, 53.232, 53.739, 53.507, 53.111, 53.245, 53.307, 53.045, 52.972, 52.874, 52.669, 52.246, 52.026, 51.691, 51.816, 52.502, 53.431, 53.95, 54.799, 55.485, 55.459, 55.562, 56.096, 56.015, 55.56, 55.252, 52.398, 50.249, 49.243, 41.667, 35.611, 34.446, 20.603, 5.43, 0.0, 5.904, 15.615, 19.38, 21.242, 23.058, 24.485, 26.629, 28.081, 28.388, 29.149, 31.297, 33.98, 36.428, 38.881, 42.168, 45.873, 49.009, 49.945, 51.913, 53.754, 54.166, 54.556, 55.527, 56.347, 57.551, 58.052, 57.487, 57.296, 57.898, 58.136, 58.063, 58.136, 58.138, 57.96, 58.26, 59.069, 59.532, 59.389, 59.512, 59.548, 59.341, 59.475, 59.426, 59.503, 59.462, 59.335, 59.449, 58.645, 57.439, 57.797, 57.413, 57.369, 57.424, 57.119, 56.741], [56.434, 56.193, 55.895, 55.824, 55.351, 54.015, 52.527, 52.558, 51.943, 51.786, 53.37, 53.876, 53.626, 53.237, 53.392, 53.451, 53.158, 53.063, 52.965, 52.774, 52.387, 52.152, 51.798, 52.099, 53.022, 54.033, 54.587, 55.43, 56.086, 56.092, 56.14, 56.552, 56.398, 55.96, 55.644, 52.803, 50.694, 49.685, 42.253, 36.355, 35.112, 21.366, 7.739, 5.904, 0.0, 11.462, 16.088, 18.346, 20.418, 22.082, 24.671, 26.537, 26.949, 27.784, 30.238, 33.181, 35.728, 38.175, 41.596, 45.512, 48.693, 49.564, 51.556, 53.484, 53.914, 54.359, 55.408, 56.22, 57.395, 57.927, 57.344, 57.016, 57.553, 57.812, 57.727, 57.755, 57.761, 57.598, 57.878, 58.669, 59.124, 58.981, 59.116, 59.163, 58.966, 59.097, 59.054, 59.119, 59.092, 59.001, 59.117, 58.316, 57.182, 57.545, 57.181, 57.165, 57.216, 56.898, 56.508], [57.811, 57.551, 57.337, 57.393, 56.885, 55.598, 54.157, 54.071, 53.468, 53.121, 54.377, 54.918, 54.737, 54.464, 54.759, 54.966, 54.718, 54.581, 54.551, 54.484, 54.19, 54.018, 53.758, 54.398, 55.587, 56.561, 57.075, 57.629, 57.902, 57.958, 58.014, 58.243, 57.959, 57.529, 57.389, 55.247, 53.59, 52.821, 46.123, 40.746, 39.539, 27.343, 15.865, 15.615, 11.462, 0.0, 7.976, 14.935, 17.827, 19.863, 23.671, 26.496, 27.048, 28.233, 31.459, 34.703, 37.331, 39.536, 42.878, 46.953, 49.982, 50.675, 52.442, 54.296, 54.806, 55.114, 56.184, 57.179, 58.358, 58.907, 58.36, 57.906, 58.363, 58.648, 58.677, 58.799, 58.887, 58.767, 59.045, 59.852, 60.286, 60.151, 60.373, 60.475, 60.3, 60.41, 60.389, 60.466, 60.49, 60.422, 60.5, 59.612, 58.479, 58.823, 58.487, 58.553, 58.584, 58.29, 57.862], [58.077, 57.773, 57.513, 57.567, 56.964, 55.565, 54.26, 54.267, 53.727, 53.361, 54.447, 55.023, 54.869, 54.617, 54.92, 55.143, 54.925, 54.783, 54.757, 54.723, 54.382, 54.175, 53.975, 54.684, 55.846, 56.768, 57.275, 57.78, 57.944, 58.031, 58.133, 58.316, 57.966, 57.53, 57.432, 55.638, 54.224, 53.607, 47.419, 42.462, 41.383, 30.236, 19.937, 19.38, 16.088, 7.976, 0.0, 10.017, 14.259, 16.774, 21.272, 24.742, 25.427, 26.671, 30.266, 33.771, 36.409, 38.478, 41.726, 45.875, 49.0, 49.776, 51.727, 53.767, 54.394, 54.685, 55.737, 56.929, 58.22, 58.709, 58.116, 57.697, 58.248, 58.559, 58.621, 58.824, 58.978, 58.878, 59.181, 60.046, 60.501, 60.364, 60.629, 60.752, 60.585, 60.693, 60.686, 60.769, 60.794, 60.732, 60.776, 59.837, 58.727, 59.042, 58.734, 58.799, 58.795, 58.532, 58.135], [56.503, 56.14, 55.81, 55.806, 55.254, 53.913, 52.894, 53.109, 52.556, 52.456, 53.803, 54.39, 54.17, 53.835, 54.038, 54.11, 53.815, 53.636, 53.538, 53.485, 53.143, 52.915, 52.655, 53.269, 54.496, 55.555, 56.019, 56.613, 56.966, 57.068, 57.119, 57.222, 56.792, 56.336, 56.069, 54.028, 52.553, 51.88, 45.952, 41.361, 40.332, 30.051, 21.921, 21.242, 18.346, 14.935, 10.017, 0.0, 6.467, 11.329, 17.076, 21.199, 22.106, 23.197, 26.845, 30.727, 33.466, 35.51, 38.796, 42.896, 46.059, 47.069, 49.374, 51.64, 52.285, 52.831, 53.962, 55.121, 56.559, 57.116, 56.422, 55.907, 56.503, 56.835, 56.804, 56.954, 57.136, 57.053, 57.34, 58.209, 58.693, 58.552, 58.786, 58.888, 58.723, 58.85, 58.866, 58.92, 58.887, 58.86, 58.916, 58.004, 57.052, 57.343, 57.057, 57.121, 57.099, 56.786, 56.563], [55.167, 54.77, 54.432, 54.419, 53.948, 52.783, 51.948, 52.19, 51.56, 51.621, 53.165, 53.73, 53.454, 53.089, 53.255, 53.237, 52.877, 52.661, 52.533, 52.481, 52.235, 52.038, 51.707, 52.322, 53.739, 54.973, 55.389, 56.003, 56.521, 56.63, 56.586, 56.624, 56.207, 55.798, 55.414, 53.117, 51.583, 50.835, 45.077, 40.707, 39.625, 30.069, 23.447, 23.058, 20.418, 17.827, 14.259, 6.467, 0.0, 7.424, 15.175, 19.958, 20.971, 22.134, 25.946, 29.985, 32.707, 34.664, 37.94, 41.775, 44.716, 45.832, 48.133, 50.284, 50.882, 51.588, 52.755, 53.761, 55.255, 56.009, 55.367, 54.703, 55.205, 55.524, 55.417, 55.475, 55.636, 55.566, 55.82, 56.625, 57.097, 56.965, 57.176, 57.268, 57.104, 57.249, 57.29, 57.312, 57.249, 57.264, 57.32, 56.425, 55.592, 55.874, 55.602, 55.675, 55.657, 55.286, 55.209], [53.948, 53.49, 53.089, 53.053, 52.625, 51.538, 50.866, 51.091, 50.393, 50.643, 52.321, 52.863, 52.535, 52.142, 52.261, 52.139, 51.759, 51.555, 51.38, 51.275, 51.051, 50.836, 50.413, 50.972, 52.463, 53.834, 54.249, 54.899, 55.651, 55.794, 55.666, 55.741, 55.395, 55.023, 54.567, 51.899, 50.302, 49.56, 43.918, 39.759, 38.907, 30.205, 24.729, 24.485, 22.082, 19.863, 16.774, 11.329, 7.424, 0.0, 9.496, 15.536, 16.825, 18.114, 22.59, 27.049, 29.799, 31.88, 35.413, 39.304, 42.399, 43.66, 46.123, 48.442, 49.126, 49.93, 51.199, 52.226, 53.741, 54.626, 54.122, 53.482, 53.984, 54.304, 54.131, 54.113, 54.245, 54.186, 54.438, 55.223, 55.692, 55.564, 55.807, 55.914, 55.752, 55.926, 55.965, 55.963, 55.896, 55.934, 55.98, 55.051, 54.249, 54.501, 54.218, 54.294, 54.301, 53.887, 54.009], [54.25, 53.695, 53.13, 53.06, 52.619, 51.373, 50.622, 50.735, 50.02, 50.473, 52.254, 52.753, 52.399, 51.999, 52.062, 51.834, 51.523, 51.385, 51.161, 51.03, 50.785, 50.559, 50.111, 50.503, 51.74, 53.029, 53.439, 54.039, 54.886, 55.078, 54.971, 55.132, 54.796, 54.36, 53.872, 51.138, 49.613, 49.041, 43.587, 39.588, 39.303, 31.784, 27.109, 26.629, 24.671, 23.671, 21.272, 17.076, 15.175, 9.496, 0.0, 7.155, 9.099, 10.431, 15.957, 21.135, 24.06, 26.672, 30.745, 35.137, 39.048, 40.597, 43.562, 46.562, 47.447, 48.411, 50.016, 51.343, 53.0, 53.88, 53.522, 53.267, 54.015, 54.369, 54.198, 54.226, 54.38, 54.33, 54.625, 55.463, 55.946, 55.809, 56.091, 56.169, 55.992, 56.21, 56.222, 56.252, 56.209, 56.202, 56.222, 55.318, 54.466, 54.683, 54.39, 54.479, 54.549, 54.12, 54.318], [55.472, 54.876, 54.229, 54.155, 53.653, 52.181, 51.136, 51.064, 50.343, 50.733, 52.447, 52.891, 52.554, 52.179, 52.236, 52.008, 51.784, 51.702, 51.495, 51.439, 51.225, 51.024, 50.658, 50.982, 51.927, 53.034, 53.46, 54.011, 54.751, 54.953, 54.938, 55.179,