[[0.0, 4.828, 12.667, 18.824, 20.824, 21.819, 24.348, 26.837, 27.57, 27.925, 28.958, 29.956, 30.953, 32.447, 33.851, 34.913, 35.675, 35.754, 35.815, 36.766, 37.936, 38.839, 39.56, 39.935, 40.242, 40.838, 41.142, 41.176, 41.278, 41.462, 41.593, 41.63, 41.804, 42.067, 42.101, 41.953, 41.995, 42.168, 42.115, 41.951, 41.602, 41.204, 41.138, 41.082, 40.96, 40.998, 40.834, 40.771, 41.07, 41.213, 41.105, 41.184, 41.738, 42.136, 42.217, 42.216, 42.337, 42.457, 42.293, 41.967, 41.875, 41.886, 41.656, 41.288, 41.19, 41.323, 42.029, 42.393, 42.107, 42.01, 42.23, 42.319, 42.442, 42.632, 42.598, 42.416, 42.233, 42.072, 42.356, 43.216, 43.708, 43.371, 43.129, 43.346, 43.851, 44.076, 43.531, 42.696, 42.215, 41.981, 41.774, 41.441, 41.62, 41.616, 40.994, 40.878, 41.043, 41.197, 41.511, 41.772, 41.856, 42.007, 42.339, 42.835, 43.303, 43.138, 42.606, 42.363, 42.373, 42.483, 42.577, 42.373, 42.18, 41.974, 41.231, 40.622, 40.583, 40.18, 39.545, 39.952, 40.191, 40.125, 40.637, 41.208, 41.415, 41.131, 40.824, 40.954, 41.286, 41.237, 40.676, 40.425, 40.888, 41.554, 41.852, 41.894, 41.803, 41.657, 41.509, 41.451, 41.54, 41.585, 41.436, 41.165, 40.99, 41.151, 41.3, 41.234, 41.392, 41.585, 41.415, 41.451, 41.661, 41.756, 41.753, 41.856, 42.02, 42.061, 42.03, 42.118, 42.053, 41.66, 41.567, 41.656, 41.494, 41.877, 42.667, 42.749, 42.492, 42.395, 42.536, 42.515, 42.518, 42.755, 43.113, 43.325, 43.481, 43.605, 43.466, 43.307, 43.279, 43.625, 44.047, 43.952, 43.524, 42.989, 42.245, 41.713, 41.49, 41.165, 40.637, 40.082, 39.94, 40.136, 40.006, 39.503, 39.803, 40.305, 40.264, 40.081, 40.304, 40.635, 41.069, 41.727, 5.03], [4.828, 0.0, 9.359, 16.593, 18.945, 19.864, 22.431, 25.071, 25.997, 26.559, 27.651, 28.656, 29.777, 31.395, 32.827, 33.896, 34.692, 34.864, 35.038, 36.083, 37.304, 38.211, 38.981, 39.434, 39.737, 40.289, 40.628, 40.691, 40.801, 41.005, 41.165, 41.228, 41.449, 41.74, 41.756, 41.585, 41.627, 41.799, 41.74, 41.579, 41.201, 40.756, 40.669, 40.611, 40.485, 40.496, 40.31, 40.233, 40.497, 40.637, 40.53, 40.567, 41.112, 41.53, 41.617, 41.622, 41.749, 41.886, 41.747, 41.43, 41.334, 41.317, 41.039, 40.631, 40.547, 40.748, 41.526, 41.909, 41.593, 41.486, 41.735, 41.841, 41.973, 42.191, 42.18, 41.994, 41.786, 41.614, 41.932, 42.85, 43.374, 43.019, 42.775, 43.014, 43.526, 43.73, 43.134, 42.25, 41.782, 41.581, 41.338, 40.888, 40.928, 40.913, 40.418, 40.356, 40.519, 40.688, 41.013, 41.274, 41.366, 41.516, 41.826, 42.278, 42.709, 42.526, 42.026, 41.851, 41.859, 41.973, 42.116, 41.949, 41.771, 41.56, 40.818, 40.245, 40.255, 39.898, 39.31, 39.728, 39.911, 39.791, 40.32, 40.923, 41.148, 40.873, 40.581, 40.72, 41.024, 40.927, 40.339, 40.026, 40.375, 41.005, 41.328, 41.374, 41.258, 41.083, 40.947, 40.921, 41.021, 41.062, 40.899, 40.6, 40.397, 40.577, 40.752, 40.669, 40.845, 41.089, 40.948, 40.992, 41.212, 41.322, 41.337, 41.445, 41.604, 41.643, 41.603, 41.691, 41.64, 41.247, 41.145, 41.214, 41.012, 41.38, 42.197, 42.276, 41.965, 41.862, 42.05, 42.067, 42.088, 42.333, 42.692, 42.919, 43.122, 43.282, 43.123, 42.944, 42.931, 43.311, 43.752, 43.658, 43.214, 42.668, 41.918, 41.389, 41.23, 41.002, 40.5, 39.923, 39.808, 40.056, 39.932, 39.355, 39.525, 39.975, 39.951, 39.763, 39.966, 40.302, 40.719, 41.294, 6.952], [12.667, 9.359, 0.0, 8.851, 12.673, 14.135, 17.227, 20.333, 21.605, 22.735, 24.39, 25.73, 27.138, 29.15, 30.936, 32.167, 33.009, 33.273, 33.594, 34.783, 36.05, 36.845, 37.589, 38.181, 38.523, 39.08, 39.553, 39.662, 39.809, 40.092, 40.301, 40.402, 40.695, 41.042, 41.059, 40.876, 40.919, 41.08, 41.021, 40.845, 40.354, 39.807, 39.716, 39.676, 39.54, 39.54, 39.359, 39.283, 39.463, 39.556, 39.417, 39.3, 39.699, 40.106, 40.191, 40.216, 40.342, 40.486, 40.438, 40.254, 40.194, 40.096, 39.775, 39.403, 39.392, 39.733, 40.648, 41.071, 40.727, 40.626, 40.911, 41.025, 41.181, 41.46, 41.494, 41.333, 41.142, 41.018, 41.437, 42.44, 42.965, 42.552, 42.308, 42.599, 43.087, 43.211, 42.532, 41.611, 41.142, 40.883, 40.491, 39.839, 39.712, 39.772, 39.574, 39.631, 39.777, 39.972, 40.312, 40.555, 40.639, 40.771, 41.029, 41.366, 41.666, 41.448, 41.086, 41.083, 41.059, 41.178, 41.428, 41.317, 41.165, 40.976, 40.24, 39.713, 39.807, 39.538, 39.105, 39.661, 39.77, 39.459, 39.94, 40.6, 40.853, 40.582, 40.277, 40.351, 40.545, 40.394, 39.856, 39.449, 39.517, 40.015, 40.375, 40.44, 40.307, 40.114, 39.971, 39.945, 40.065, 40.138, 39.954, 39.593, 39.327, 39.468, 39.637, 39.53, 39.71, 40.002, 39.869, 39.872, 40.08, 40.217, 40.244, 40.331, 40.493, 40.548, 40.476, 40.553, 40.52, 40.079, 39.936, 40.017, 39.777, 40.051, 40.862, 40.969, 40.59, 40.426, 40.625, 40.651, 40.65, 40.863, 41.189, 41.43, 41.727, 41.993, 41.865, 41.665, 41.644, 42.038, 42.483, 42.367, 41.89, 41.336, 40.624, 40.196, 40.202, 40.129, 39.678, 39.131, 39.143, 39.497, 39.348, 38.678, 38.767, 39.227, 39.272, 39.092, 39.258, 39.595, 39.99, 40.484, 13.06], [18.824, 16.593, 8.851, 0.0, 5.619, 9.241, 13.834, 17.425, 18.936, 20.466, 22.697, 24.577, 26.256, 28.407, 30.527, 32.107, 33.047, 33.305, 33.666, 34.904, 36.13, 36.771, 37.44, 38.095, 38.497, 39.16, 39.769, 39.901, 40.094, 40.457, 40.676, 40.775, 41.087, 41.458, 41.498, 41.335, 41.37, 41.499, 41.445, 41.26, 40.708, 40.143, 40.072, 40.046, 39.916, 39.946, 39.82, 39.749, 39.84, 39.867, 39.703, 39.492, 39.753, 40.081, 40.136, 40.162, 40.272, 40.378, 40.389, 40.363, 40.392, 40.289, 40.005, 39.705, 39.728, 40.116, 41.029, 41.435, 41.104, 41.021, 41.303, 41.416, 41.562, 41.835, 41.892, 41.777, 41.633, 41.568, 42.04, 43.006, 43.456, 43.028, 42.819, 43.145, 43.601, 43.654, 42.95, 42.087, 41.656, 41.34, 40.862, 40.166, 40.006, 40.135, 40.137, 40.273, 40.404, 40.602, 40.914, 41.122, 41.201, 41.326, 41.552, 41.814, 42.012, 41.797, 41.589, 41.679, 41.618, 41.72, 42.013, 41.935, 41.787, 41.6, 40.887, 40.39, 40.498, 40.272, 39.928, 40.514, 40.589, 40.219, 40.662, 41.308, 41.547, 41.29, 40.998, 41.014, 41.125, 40.955, 40.45, 40.037, 39.989, 40.386, 40.736, 40.798, 40.685, 40.519, 40.377, 40.351, 40.486, 40.597, 40.423, 40.032, 39.741, 39.828, 39.929, 39.788, 39.929, 40.203, 40.054, 40.041, 40.234, 40.387, 40.433, 40.503, 40.635, 40.682, 40.597, 40.644, 40.578, 40.1, 39.953, 40.056, 39.814, 39.987, 40.699, 40.832, 40.474, 40.239, 40.359, 40.325, 40.271, 40.432, 40.736, 40.987, 41.27, 41.52, 41.43, 41.247, 41.191, 41.543, 41.961, 41.841, 41.378, 40.865, 40.262, 39.999, 40.136, 40.135, 39.749, 39.31, 39.411, 39.759, 39.588, 38.955, 39.087, 39.597, 39.709, 39.539, 39.674, 39.986, 40.335, 40.745, 19.034], [20.824, 18.945, 12.673, 5.619, 0.0, 5.898, 12.321, 16.471, 18.06, 19.538, 21.812, 23.956, 25.899, 28.097, 30.313, 32.091, 33.088, 33.321, 33.687, 34.948, 36.182, 36.786, 37.43, 38.109, 38.563, 39.311, 39.979, 40.122, 40.337, 40.769, 41.04, 41.166, 41.491, 41.874, 41.922, 41.775, 41.82, 41.937, 41.882, 41.694, 41.117, 40.556, 40.498, 40.468, 40.342, 40.391, 40.275, 40.173, 40.21, 40.213, 40.052, 39.82, 40.05, 40.368, 40.425, 40.445, 40.561, 40.679, 40.703, 40.692, 40.748, 40.675, 40.414, 40.124, 40.156, 40.545, 41.4, 41.761, 41.433, 41.362, 41.644, 41.756, 41.889, 42.156, 42.23, 42.138, 42.01, 41.959, 42.427, 43.355, 43.777, 43.357, 43.166, 43.504, 43.96, 43.993, 43.28, 42.46, 42.069, 41.733, 41.223, 40.538, 40.391, 40.557, 40.599, 40.735, 40.869, 41.082, 41.379, 41.574, 41.659, 41.788, 42.012, 42.26, 42.432, 42.211, 42.03, 42.13, 42.059, 42.149, 42.45, 42.39, 42.234, 42.022, 41.316, 40.845, 40.947, 40.724, 40.393, 40.954, 41.003, 40.647, 41.112, 41.761, 41.995, 41.747, 41.467, 41.463, 41.538, 41.339, 40.825, 40.449, 40.423, 40.816, 41.166, 41.222, 41.11, 40.958, 40.834, 40.818, 40.952, 41.065, 40.886, 40.471, 40.167, 40.262, 40.348, 40.169, 40.272, 40.534, 40.392, 40.402, 40.592, 40.74, 40.804, 40.882, 40.994, 41.028, 40.942, 40.984, 40.914, 40.462, 40.352, 40.47, 40.238, 40.404, 41.081, 41.211, 40.862, 40.6, 40.687, 40.617, 40.537, 40.698, 41.017, 41.273, 41.506, 41.688, 41.582, 41.4, 41.325, 41.659, 42.067, 41.947, 41.495, 40.999, 40.436, 40.222, 40.396, 40.422, 40.06, 39.644, 39.736, 40.054, 39.892, 39.275, 39.38, 39.874, 40.001, 39.836, 39.965, 40.254, 40.576, 40.948, 21.091], [21.819, 19.864, 14.135, 9.241, 5.898, 0.0, 7.621, 12.959, 15.186, 16.772, 19.041, 21.32, 23.516, 25.946, 28.352, 30.298, 31.383, 31.677, 32.169, 33.607, 34.973, 35.63, 36.321, 37.077, 37.59, 38.388, 39.131, 39.316, 39.574, 40.112, 40.5, 40.71, 41.096, 41.502, 41.542, 41.397, 41.457, 41.576, 41.522, 41.333, 40.719, 40.134, 40.095, 40.06, 39.918, 39.965, 39.818, 39.667, 39.667, 39.659, 39.497, 39.224, 39.413, 39.78, 39.875, 39.896, 40.044, 40.24, 40.294, 40.247, 40.276, 40.182, 39.86, 39.53, 39.561, 39.959, 40.83, 41.181, 40.834, 40.763, 41.071, 41.188, 41.321, 41.622, 41.73, 41.652, 41.529, 41.474, 41.936, 42.89, 43.346, 42.922, 42.731, 43.081, 43.544, 43.56, 42.815, 41.968, 41.55, 41.186, 40.655, 39.962, 39.825, 40.027, 40.07, 40.182, 40.327, 40.555, 40.845, 41.035, 41.122, 41.256, 41.488, 41.733, 41.882, 41.63, 41.43, 41.539, 41.463, 41.566, 41.898, 41.849, 41.69, 41.465, 40.755, 40.286, 40.39, 40.165, 39.861, 40.484, 40.495, 40.071, 40.542, 41.226, 41.476, 41.228, 40.946, 40.944, 41.026, 40.816, 40.289, 39.897, 39.836, 40.207, 40.553, 40.618, 40.494, 40.341, 40.254, 40.269, 40.404, 40.514, 40.331, 39.892, 39.57, 39.716, 39.843, 39.637, 39.73, 40.019, 39.9, 39.929, 40.137, 40.287, 40.354, 40.435, 40.558, 40.589, 40.487, 40.55, 40.531, 40.098, 39.998, 40.121, 39.861, 40.026, 40.752, 40.882, 40.472, 40.201, 40.334, 40.268, 40.151, 40.318, 40.65, 40.885, 41.118, 41.323, 41.21, 40.999, 40.902, 41.236, 41.648, 41.492, 40.974, 40.435, 39.841, 39.606, 39.804, 39.849, 39.46, 39.016, 39.118, 39.477, 39.355, 38.732, 38.797, 39.277, 39.403, 39.243, 39.398, 39.726, 40.074, 40.457, 22.042], [24.348, 22.431, 17.227, 13.834, 12.321, 7.621, 0.0, 6.695, 10.7, 13.339, 15.785, 18.098, 20.575, 23.396, 26.087, 28.234, 29.431, 29.79, 30.469, 32.192, 33.739, 34.459, 35.21, 36.087, 36.729, 37.652, 38.514, 38.758, 39.089, 39.744, 40.219, 40.49, 40.942, 41.363, 41.391, 41.25, 41.309, 41.411, 41.354, 41.158, 40.496, 39.894, 39.891, 39.847, 39.687, 39.755, 39.605, 39.433, 39.425, 39.415, 39.239, 38.912, 39.016, 39.399, 39.543, 39.575, 39.729, 39.985, 40.106, 40.074, 40.067, 39.929, 39.549, 39.178, 39.234, 39.706, 40.638, 40.991, 40.63, 40.553, 40.886, 41.003, 41.118, 41.434, 41.564, 41.496, 41.381, 41.322, 41.764, 42.736, 43.23, 42.802, 42.611, 42.974, 43.424, 43.397, 42.608, 41.72, 41.262, 40.887, 40.362, 39.653, 39.498, 39.726, 39.831, 39.959, 40.108, 40.338, 40.623, 40.805, 40.879, 41.008, 41.24, 41.46, 41.562, 41.294, 41.117, 41.248, 41.151, 41.271, 41.643, 41.598, 41.445, 41.247, 40.56, 40.083, 40.186, 39.963, 39.697, 40.415, 40.424, 39.92, 40.343, 41.03, 41.297, 41.061, 40.782, 40.794, 40.895, 40.685, 40.143, 39.676, 39.521, 39.838, 40.161, 40.236, 40.101, 39.934, 39.87, 39.924, 40.083, 40.206, 40.029, 39.583, 39.253, 39.418, 39.553, 39.322, 39.437, 39.768, 39.648, 39.66, 39.874, 40.034, 40.09, 40.162, 40.303, 40.343, 40.224, 40.301, 40.321, 39.88, 39.775, 39.906, 39.603, 39.722, 40.475, 40.618, 40.138, 39.805, 39.936, 39.853, 39.681, 39.827, 40.139, 40.315, 40.564, 40.854, 40.763, 40.495, 40.324, 40.618, 41.008, 40.784, 40.179, 39.626, 39.06, 38.859, 39.128, 39.213, 38.828, 38.439, 38.645, 39.091, 39.059, 38.523, 38.613, 39.101, 39.251, 39.104, 39.299, 39.694, 40.09, 40.508, 24.524], [26.837, 25.071, 20.333, 17.425, 16.471, 12.959, 6.695, 0.0, 5.997, 10.918, 14.163, 16.253, 18.865, 22.234, 25.122, 27.236, 28.427, 28.802, 29.595, 31.486, 33.134, 33.886, 34.648, 35.591, 36.385, 37.474, 38.429, 38.71, 39.089, 39.808, 40.298, 40.563, 41.02, 41.44, 41.48, 41.365, 41.423, 41.509, 41.458, 41.259, 40.561, 39.947, 39.969, 39.924, 39.751, 39.84, 39.715, 39.561, 39.594, 39.606, 39.417, 39.058, 39.103, 39.47, 39.623, 39.66, 39.798, 40.046, 40.215, 40.234, 40.207, 40.016, 39.617, 39.249, 39.359, 39.937, 40.937, 41.289, 40.914, 40.839, 41.18, 41.295, 41.399, 41.71, 41.838, 41.77, 41.672, 41.629, 42.062, 43.005, 43.492, 43.069, 42.892, 43.26, 43.69, 43.628, 42.814, 41.902, 41.428, 41.068, 40.549, 39.812, 39.623, 39.841, 40.009, 40.191, 40.339, 40.561, 40.849, 41.03, 41.092, 41.213, 41.445, 41.639, 41.687, 41.412, 41.292, 41.44, 41.319, 41.453, 41.847, 41.791, 41.641, 41.485, 40.838, 40.366, 40.467, 40.245, 40.009, 40.774, 40.79, 40.264, 40.661, 41.348, 41.62, 41.389, 41.115, 41.133, 41.226, 41.009, 40.449, 39.885, 39.639, 39.943, 40.268, 40.329, 40.178, 39.998, 39.92, 39.97, 40.151, 40.294, 40.11, 39.651, 39.317, 39.469, 39.589, 39.363, 39.51, 39.857, 39.704, 39.675, 39.88, 40.035, 40.069, 40.127, 40.285, 40.343, 40.221, 40.284, 40.281, 39.802, 39.693, 39.836, 39.512, 39.597, 40.333, 40.476, 39.984, 39.621, 39.713, 39.601, 39.409, 39.544, 39.823, 39.961, 40.254, 40.617, 40.54, 40.244, 40.038, 40.284, 40.616, 40.33, 39.697, 39.187, 38.696, 38.558, 38.886, 39.019, 38.68, 38.379, 38.699, 39.205, 39.233, 38.81, 38.953, 39.434, 39.598, 39.467, 39.687, 40.128, 40.551, 41.01, 26.927], [27.57, 25.997, 21.605, 18.936, 18.06, 15.186, 10.7, 5.997, 0.0, 6.882, 11.96, 14.454, 16.858, 20.687, 23.961, 26.088, 27.263, 27.65, 28.46, 30.425, 32.159, 32.969, 33.747, 34.666, 35.515, 36.748, 37.793, 38.108, 38.514, 39.275, 39.796, 40.075, 40.548, 40.993, 41.066, 40.981, 41.045, 41.142, 41.109, 40.928, 40.228, 39.592, 39.617, 39.577, 39.383, 39.462, 39.343, 39.184, 39.244, 39.289, 39.099, 38.713, 38.728, 39.073, 39.202, 39.237, 39.36, 39.588, 39.769, 39.82, 39.802, 39.572, 39.161, 38.814, 38.955, 39.598, 40.665, 41.029, 40.632, 40.56, 40.914, 41.03, 41.144, 41.473, 41.606, 41.534, 41.445, 41.424, 41.887, 42.834, 43.305, 42.874, 42.708, 43.09, 43.526, 43.472, 42.658, 41.727, 41.215, 40.816, 40.243, 39.453, 39.261, 39.524, 39.702, 39.882, 40.022, 40.256, 40.567, 40.743, 40.796, 40.919, 41.167, 41.361, 41.393, 41.129, 41.028, 41.182, 41.072, 41.222, 41.614, 41.539, 41.382, 41.243, 40.601, 40.113, 40.203, 39.97, 39.736, 40.51, 40.515, 39.971, 40.385, 41.108, 41.383, 41.138, 40.864, 40.884, 40.96, 40.731, 40.157, 39.534, 39.261, 39.622, 39.969, 40.009, 39.847, 39.661, 39.535, 39.527, 39.704, 39.858, 39.649, 39.16, 38.804, 38.956, 39.104, 38.907, 39.057, 39.389, 39.196, 39.148, 39.36, 39.512, 39.525, 39.577, 39.75, 39.822, 39.698, 39.748, 39.721, 39.22, 39.119, 39.268, 38.942, 39.076, 39.843, 39.989, 39.527, 39.204, 39.297, 39.176, 38.985, 39.121, 39.412, 39.609, 39.95, 40.307, 40.21, 39.923, 39.722, 39.948, 40.256, 39.969, 39.355, 38.867, 38.365, 38.197, 38.502, 38.632, 38.308, 38.03, 38.387, 38.938, 38.973, 38.548, 38.729, 39.223, 39.37, 39.219, 39.448, 39.903, 40.325, 40.832, 27.567], [27.925, 26.559, 22.735, 20.466, 19.538, 16.772, 13.339, 10.918, 6.882, 0.0, 6.874, 11.092, 13.657, 17.413, 21.176, 23.69, 24.999, 25.455, 26.317, 28.442, 30.356, 31.266, 32.118, 33.018, 33.839, 35.214, 36.416, 36.777, 37.215, 38.094, 38.743, 39.105, 39.652, 40.139, 40.211, 40.124, 40.201, 40.306, 40.266, 40.081, 39.337, 38.639, 38.679, 38.656, 38.432, 38.489, 38.329, 38.106, 38.139, 38.205, 38.005, 37.549, 37.538, 37.925, 38.071, 38.103, 38.245, 38.54, 38.757, 38.811, 38.817, 38.587, 38.168, 37.828, 37.972, 38.634, 39.744, 40.123, 39.684, 39.603, 39.991, 40.116, 40.245, 40.612, 40.764, 40.684, 40.577, 40.553, 41.064, 42.095, 42.596, 42.138, 41.977, 42.401, 42.873, 42.826, 41.983, 41.019, 40.456, 39.935, 39.233, 38.351, 38.149, 38.578, 38.854, 39.0, 39.121, 39.409, 39.749, 39.898, 39.934, 40.057, 40.318, 40.53, 40.576, 40.324, 40.213, 40.37, 40.273, 40.438, 40.847, 40.767, 40.583, 40.4, 39.71, 39.208, 39.299, 39.048, 38.779, 39.55, 39.506, 38.88, 39.315, 40.101, 40.397, 40.154, 39.89, 39.916, 39.978, 39.735, 39.152, 38.504, 38.227, 38.67, 39.075, 39.116, 38.941, 38.741, 38.566, 38.491, 38.651, 38.811, 38.582, 38.039, 37.628, 37.816, 38.039, 37.847, 37.976, 38.313, 38.117, 38.111, 38.374, 38.535, 38.545, 38.601, 38.776, 38.827, 38.675, 38.744, 38.751, 38.283, 38.22, 38.353, 37.999, 38.252, 39.153, 39.315, 38.829, 38.55, 38.725, 38.635, 38.434, 38.571, 38.917, 39.213, 39.575, 39.867, 39.715, 39.398, 39.154, 39.377, 39.732, 39.486, 38.875, 38.327, 37.693, 37.388, 37.635, 37.728, 37.356, 37.029, 37.358, 37.963, 38.031, 37.533, 37.696, 38.228, 38.372, 38.198, 38.444, 38.907, 39.324, 39.875, 27.897], [28.958, 27.651, 24.39, 22.697, 21.812, 19.041, 15.785, 14.163, 11.96, 6.874, 0.0, 6.188, 10.576, 14.584, 18.293, 21.063, 22.55, 23.126, 24.222, 26.662, 28.833, 29.871, 30.806, 31.736, 32.528, 33.965, 35.277, 35.652, 36.072, 37.052, 37.853, 38.291, 38.882, 39.391, 39.436, 39.33, 39.421, 39.522, 39.454, 39.232, 38.396, 37.613, 37.665, 37.671, 37.436, 37.455, 37.243, 36.987, 37.009, 37.09, 36.87, 36.327, 36.311, 36.812, 37.009, 37.034, 37.227, 37.651, 37.919, 37.943, 37.919, 37.676, 37.235, 36.857, 36.981, 37.65, 38.804, 39.197, 38.707, 38.595, 39.019, 39.163, 39.303, 39.691, 39.856, 39.771, 39.636, 39.584, 40.123, 41.249, 41.806, 41.333, 41.18, 41.653, 42.148, 42.072, 41.166, 40.162, 39.578, 38.972, 38.171, 37.206, 36.95, 37.471, 37.868, 38.025, 38.144, 38.476, 38.836, 38.965, 38.991, 39.116, 39.384, 39.613, 39.676, 39.412, 39.259, 39.411, 39.309, 39.495, 39.957, 39.889, 39.68, 39.441, 38.682, 38.186, 38.313, 38.054, 37.742, 38.497, 38.392, 37.705, 38.195, 39.053, 39.393, 39.171, 38.915, 38.944, 38.988, 38.719, 38.134, 37.47, 37.153, 37.639, 38.126, 38.202, 37.995, 37.77, 37.6, 37.509, 37.648, 37.802, 37.564, 36.971, 36.507, 36.765, 37.077, 36.85, 36.946, 37.315, 37.166, 37.224, 37.54, 37.711, 37.728, 37.79, 37.966, 38.002, 37.825, 37.915, 37.968, 37.544, 37.51, 37.615, 37.211, 37.55, 38.58, 38.741, 38.161, 37.888, 38.192, 38.214, 38.069, 38.253, 38.637, 38.959, 39.35, 39.659, 39.462, 39.061, 38.778, 39.054, 39.486, 39.253, 38.607, 37.984, 37.191, 36.707, 36.907, 36.994, 36.559, 36.139, 36.419, 37.071, 37.191, 36.61, 36.645, 37.155, 37.321, 37.152, 37.407, 37.875, 38.309, 38.892, 28.916], [29.956, 28.656, 25.73, 24.577, 23.956, 21.32, 18.098, 16.253, 14.454, 11.092, 6.188, 0.0, 6.721, 12.7, 16.582, 19.155, 20.789, 21.634, 23.235, 26.144, 28.522, 29.698, 30.764, 31.755, 32.563, 33.999, 35.313, 35.677, 36.039, 36.949, 37.753, 38.19, 38.735, 39.228, 39.28, 39.171, 39.255, 39.367, 39.294, 39.061, 38.236, 37.445, 37.477, 37.491, 37.238, 37.195, 36.973, 36.763, 36.826, 36.93, 36.71, 36.164, 36.175, 36.727, 36.93, 36.937, 37.159, 37.634, 37.925, 37.929, 37.851, 37.579, 37.116, 36.698, 36.789, 37.445, 38.614, 39.012, 38.507, 38.368, 38.781, 38.932, 39.082, 39.455, 39.602, 39.515, 39.372, 39.297, 39.809, 40.933, 41.502, 41.032, 40.876, 41.343, 41.832, 41.755, 40.851, 39.829, 39.216, 38.625, 37.882, 36.964, 36.724, 37.164, 37.458, 37.606, 37.749, 38.068, 38.428, 38.569, 38.61, 38.765, 39.065, 39.316, 39.393, 39.112, 38.914, 39.046, 38.956, 39.158, 39.627, 39.564, 39.368, 39.134, 38.358, 37.855, 37.985, 37.709, 37.365, 38.116, 37.995, 37.282, 37.796, 38.674, 39.024, 38.811, 38.556, 38.592, 38.653, 38.395, 37.794, 37.112, 36.816, 37.342, 37.849, 37.945, 37.741, 37.515, 37.367, 37.289, 37.422, 37.564, 37.32, 36.724, 36.267, 36.554, 36.891, 36.642, 36.735, 37.135, 37.021, 37.076, 37.385, 37.567, 37.6, 37.667, 37.852, 37.904, 37.735, 37.833, 37.896, 37.47, 37.42, 37.499, 37.061, 37.382, 38.401, 38.542, 37.937, 37.682, 38.052, 38.162, 38.093, 38.312, 38.667, 38.943, 39.373, 39.761, 39.561, 39.119, 38.852, 39.168, 39.606, 39.343, 38.687, 38.071, 37.243, 36.695, 36.876, 36.965, 36.527, 36.107, 36.401, 37.057, 37.176, 36.587, 36.565, 37.026, 37.172, 36.996, 37.249, 37.731, 38.2, 38.834, 29.902], [30.953, 29.777, 27.138, 26.256, 25.899, 23.516, 20.575, 18.865, 16.858, 13.657, 10.576, 6.721, 0.0, 8.04, 13.578, 16.833, 18.761, 20.005, 22.397, 25.953, 28.485, 29.769, 31.052, 32.125, 32.938, 34.397, 35.707, 36.085, 36.46, 37.294, 38.011, 38.442, 38.983, 39.454, 39.527, 39.435, 39.5, 39.613, 39.57, 39.378, 38.635, 37.913, 37.944, 37.942, 37.65, 37.577, 37.376, 37.178, 37.225, 37.335, 37.145, 36.656, 36.69, 37.215, 37.385, 37.379, 37.602, 38.042, 38.333, 38.363, 38.291, 38.014, 37.576, 37.177, 37.218, 37.832, 38.971, 39.372, 38.91, 38.778, 39.154, 39.302, 39.458, 39.809, 39.932, 39.841, 39.7, 39.616, 40.097, 41.185, 41.744, 41.283, 41.107, 41.523, 41.994, 41.949, 41.105, 40.104, 39.445, 38.865, 38.217, 37.418, 37.216, 37.623, 37.788, 37.852, 37.994, 38.286, 38.623, 38.781, 38.83, 38.986, 39.296, 39.561, 39.659, 39.384, 39.17, 39.301, 39.23, 39.415, 39.85, 39.804, 39.643, 39.427, 38.655, 38.126, 38.219, 37.902, 37.513, 38.267, 38.176, 37.465, 37.944, 38.77, 39.082, 38.861, 38.63, 38.702, 38.806, 38.593, 38.0, 37.333, 37.104, 37.674, 38.149, 38.24, 38.068, 37.845, 37.684, 37.602, 37.737, 37.873, 37.63, 37.059, 36.643, 36.922, 37.226, 36.993, 37.113, 37.513, 37.401, 37.447, 37.734, 37.925, 37.972, 38.043, 38.213, 38.254, 38.095, 38.211, 38.293, 37.881, 37.825, 37.883, 37.45, 37.752, 38.733, 38.877, 38.321, 38.084, 38.403, 38.461, 38.33, 38.478, 38.777, 39.038, 39.443, 39.795, 39.599, 39.181, 38.915, 39.198, 39.596, 39.324, 38.702, 38.136, 37.369, 36.878, 37.056, 37.122, 36.746, 36.453, 36.81, 37.437, 37.547, 37.048, 37.109, 37.569, 37.684, 37.48, 37.72, 38.21, 38.675, 39.32, 30.96], [32.447, 31.395, 29.15, 28.407, 28.097, 25.946, 23.396, 22.234, 20.687, 17.413, 14.584, 12.7, 8.04, 0.0, 7.622, 13.045, 15.757, 17.334, 20.521, 24.754, 27.509, 28.98, 30.573, 31.75, 32.517, 34.048, 35.413, 35.816, 36.259, 37.151, 37.858, 38.322, 38.938, 39.412, 39.474, 39.401, 39.468, 39.56, 39.554, 39.454, 38.766, 38.072, 38.116, 38.113, 37.823, 37.771, 37.572, 37.357, 37.368, 37.463, 37.305, 36.884, 36.959, 37.485, 37.647, 37.641, 37.857, 38.266, 38.542, 38.576, 38.523, 38.279, 37.897, 37.522, 37.5, 38.061, 39.176, 39.606, 39.183, 39.059, 39.428, 39.593, 39.758, 40.101, 40.224, 40.142, 39.989, 39.874, 40.323, 41.403, 41.971, 41.516, 41.319, 41.699, 42.156, 42.121, 41.305, 40.328, 39.669, 39.095, 38.484, 37.757, 37.527, 37.95, 38.137, 38.115, 38.215, 38.513, 38.837, 38.987, 39.023, 39.137, 39.398, 39.67, 39.815, 39.529, 39.274, 39.414, 39.347, 39.486, 39.9, 39.895, 39.737, 39.482, 38.682, 38.145, 38.245, 37.901, 37.397, 38.059, 38.015, 37.384, 37.86, 38.648, 38.947, 38.747, 38.564, 38.691, 38.835, 38.654, 38.118, 37.541, 37.359, 37.907, 38.361, 38.472, 38.321, 38.071, 37.889, 37.819, 37.955, 38.08, 37.85, 37.307, 36.917, 37.207, 37.501, 37.3, 37.454, 37.841, 37.741, 37.841, 38.142, 38.33, 38.406, 38.497, 38.603, 38.582, 38.435, 38.58, 38.711, 38.4, 38.391, 38.414, 38.007, 38.382, 39.414, 39.568, 39.014, 38.793, 39.113, 39.12, 38.895, 38.984, 39.288, 39.576, 39.912, 40.142, 39.892, 39.472, 39.18, 39.437, 39.845, 39.608, 39.018, 38.472, 37.727, 37.24, 37.398, 37.459, 37.117, 36.87, 37.21, 37.818, 37.961, 37.493, 37.535, 37.98, 38.08, 37.819, 38.018, 38.509, 38.929, 39.464, 32.549], [33.851, 32.827, 30.936, 30.527, 30.313, 28.352, 26.087, 25.122, 23.961, 21.176, 18.293, 16.582, 13.578, 7.622, 0.0, 7.391, 11.747, 14.155, 17.91, 22.605, 25.639, 27.483, 29.527, 30.873, 31.611, 33.255, 34.687, 35.09, 35.573, 36.508, 37.235, 37.732, 38.425, 38.928, 38.985, 38.94, 39.04, 39.129, 39.145, 39.164, 38.568, 37.863, 37.865, 37.867, 37.597, 37.522, 37.289, 37.086, 37.132, 37.257, 37.132, 36.834, 37.041, 37.605, 37.776, 37.766, 37.979, 38.38, 38.606, 38.575, 38.471, 38.229, 37.868, 37.47, 37.397, 37.898, 39.009, 39.485, 39.079, 38.931, 39.287, 39.472, 39.667, 40.017, 40.143, 40.062, 39.882, 39.716, 40.108, 41.153, 41.727, 41.286, 41.07, 41.402, 41.845, 41.835, 41.037, 40.038, 39.367, 38.843, 38.324, 37.673, 37.444, 37.802, 37.997, 37.97, 38.058, 38.381, 38.725, 38.871, 38.917, 39.033, 39.272, 39.555, 39.747, 39.447, 39.121, 39.227, 39.166, 39.289, 39.68, 39.665, 39.486, 39.201, 38.386, 37.88, 38.02, 37.648, 37.018, 37.593, 37.585, 37.012, 37.488, 38.266, 38.596, 38.44, 38.28, 38.434, 38.599, 38.407, 37.86, 37.333, 37.193, 37.73, 38.184, 38.326, 38.179, 37.903, 37.728, 37.683, 37.815, 37.91, 37.676, 37.158, 36.788, 37.085, 37.388, 37.225, 37.446, 37.857, 37.778, 37.926, 38.264, 38.464, 38.559, 38.656, 38.724, 38.683, 38.567, 38.736, 38.917, 38.704, 38.726, 38.706, 38.307, 38.745, 39.809, 39.943, 39.37, 39.192, 39.589, 39.637, 39.422, 39.539, 39.888, 40.185, 40.507, 40.72, 40.419, 39.96, 39.676, 39.958, 40.387, 40.158, 39.57, 39.037, 38.285, 37.762, 37.918, 38.022, 37.689, 37.396, 37.678, 38.282, 38.448, 37.919, 37.811, 38.161, 38.21, 37.88, 38.034, 38.528, 38.895, 39.321, 33.97], [34.913, 33.896, 32.167, 32.107, 32.091, 30.298, 28.234, 27.236, 26.088, 23.69, 21.063, 19.155, 16.833, 13.045, 7.391, 0.0, 6.2, 10.817, 15.504, 20.397, 23.599, 25.8, 28.243, 29.77, 30.541, 32.292, 33.814, 34.253, 34.766, 35.709, 36.471, 37.011, 37.78, 38.345, 38.423, 38.403, 38.536, 38.639, 38.661, 38.743, 38.226, 37.53, 37.512, 37.516, 37.238, 37.117, 36.845, 36.646, 36.736, 36.908, 36.828, 36.641, 36.931, 37.501, 37.685, 37.665, 37.861, 38.286, 38.497, 38.395, 38.219, 37.956, 37.575, 37.142, 37.01, 37.45, 38.61, 39.15, 38.745, 38.575, 38.929, 39.12, 39.352, 39.744, 39.878, 39.773, 39.555, 39.36, 39.736, 40.772, 41.348, 40.93, 40.72, 41.006, 41.419, 41.452, 40.676, 39.605, 38.862, 38.403, 37.995, 37.381, 37.143, 37.487, 37.707, 37.726, 37.847, 38.206, 38.571, 38.707, 38.764, 38.895, 39.14, 39.457, 39.697, 39.407, 39.025, 39.081, 39.023, 39.155, 39.525, 39.46, 39.241, 38.959, 38.17, 37.697, 37.855, 37.466, 36.819, 37.437, 37.412, 36.721, 37.117, 37.888, 38.246, 38.114, 37.952, 38.114, 38.291, 38.07, 37.425, 36.786, 36.596, 37.157, 37.643, 37.803, 37.664, 37.389, 37.22, 37.168, 37.293, 37.371, 37.126, 36.635, 36.291, 36.621, 36.991, 36.899, 37.192, 37.638, 37.559, 37.702, 38.062, 38.27, 38.346, 38.43, 38.517, 38.506, 38.412, 38.6, 38.813, 38.635, 38.659, 38.613, 38.187, 38.656, 39.751, 39.848, 39.27, 39.182, 39.682, 39.793, 39.619, 39.772, 40.143, 40.458, 40.848, 41.117, 40.793, 40.334, 40.107, 40.41, 40.828, 40.577, 39.956, 39.406, 38.616, 38.043, 38.212, 38.389, 38.085, 37.743, 37.999, 38.638, 38.79, 38.158, 37.931, 38.197, 38.19, 37.822, 37.98, 38.489, 38.831, 39.259, 34.947], [35.675, 34.692, 33.009, 33.047, 33.088, 31.383, 29.431, 28.427, 27.263, 24.999, 22.55, 20.789, 18.761, 15.757, 11.747, 6.2, 0.0, 6.651, 13.091, 18.643, 21.965, 24.197, 26.761, 28.408, 29.234, 31.115, 32.798, 33.326, 33.879, 34.887, 35.737, 36.335, 37.172, 37.8, 37.897, 37.891, 38.039, 38.146, 38.176, 38.269, 37.722, 37.035, 37.073, 37.093, 36.8, 36.658, 36.377, 36.192, 36.268, 36.422, 36.349, 36.124, 36.325, 36.873, 37.068, 37.044, 37.219, 37.679, 37.916, 37.801, 37.627, 37.383, 36.991, 36.532, 36.399, 36.899, 38.173, 38.734, 38.291, 38.115, 38.495, 38.686, 38.924, 39.355, 39.519, 39.411, 39.184, 38.995, 39.414, 40.5, 41.086, 40.665, 40.481, 40.791, 41.196, 41.211, 40.392, 39.256, 38.489, 38.049, 37.59, 36.847, 36.544, 36.969, 37.283, 37.343, 37.488, 37.88, 38.259, 38.382, 38.441, 38.582, 38.849, 39.204, 39.478, 39.203, 38.799, 38.83, 38.752, 38.896, 39.289, 39.2, 38.938, 38.639, 37.86, 37.409, 37.58, 37.209, 36.649, 37.376, 37.28, 36.424, 36.787, 37.621, 38.004, 37.86, 37.678, 37.801, 37.912, 37.623, 36.909, 36.164, 35.883, 36.467, 36.998, 37.166, 37.022, 36.745, 36.563, 36.488, 36.606, 36.684, 36.432, 35.937, 35.577, 35.925, 36.384, 36.396, 36.748, 37.199, 37.087, 37.202, 37.57, 37.779, 37.832, 37.914, 38.037, 38.054, 37.954, 38.144, 38.374, 38.188, 38.197, 38.156, 37.729, 38.233, 39.375, 39.458, 38.858, 38.833, 39.425, 39.586, 39.411, 39.561, 39.931, 40.244, 40.668, 40.951, 40.605, 40.158, 39.973, 40.294, 40.713, 40.453, 39.799, 39.204, 38.352, 37.72, 37.9, 38.147, 37.867, 37.488, 37.759, 38.463, 38.598, 37.873, 37.588, 37.834, 37.833, 37.488, 37.667, 38.186, 38.544, 38.998, 35.601], [35.754, 34.864, 33.273, 33.305, 33.321, 31.677, 29.79, 28.802, 27.65, 25.455, 23.126, 21.634, 20.005, 17.334, 14.155, 10.817, 6.651, 0.0, 8.254, 15.488, 19.391, 21.551, 24.106, 25.889, 26.896, 29.123, 31.073, 31.712, 32.338, 33.489, 34.481, 35.167, 36.09, 36.791, 36.918, 36.915, 37.077, 37.188, 37.229, 37.354, 36.761, 36.027, 36.119, 36.171, 35.877, 35.752, 35.488, 35.316, 35.365, 35.467, 35.325, 34.954, 35.05, 35.623, 35.824, 35.815, 35.994, 36.481, 36.767, 36.693, 36.566, 36.344, 35.939, 35.477, 35.444, 36.106, 37.513, 38.067, 37.56, 37.389, 37.822, 38.021, 38.248, 38.703, 38.91, 38.84, 38.649, 38.498, 38.984, 40.152, 40.761, 40.305, 40.122, 40.508, 40.965, 40.926, 39.995, 38.809, 38.069, 37.542, 36.833, 35.782, 35.374, 35.951, 36.375, 36.415, 36.55, 36.968, 37.365, 37.487, 37.543, 37.686, 37.974, 38.375, 38.694, 38.443, 38.021, 38.026, 37.911, 38.074, 38.498, 38.38, 38.09, 37.783, 36.993, 36.557, 36.753, 36.401, 35.966, 36.88, 36.726, 35.763, 36.239, 37.232, 37.654, 37.468, 37.234, 37.276, 37.264, 36.876, 36.141, 35.381, 35.089, 35.745, 36.315, 36.465, 36.295, 36.014, 35.831, 35.752, 35.887, 35.99, 35.709, 35.124, 34.644, 34.93, 35.407, 35.426, 35.746, 36.148, 35.988, 36.096, 36.494, 36.723, 36.786, 36.877, 37.024, 37.06, 36.943, 37.139, 37.412, 37.242, 37.248, 37.217, 36.794, 37.348, 38.575, 38.675, 38.009, 37.978, 38.649, 38.864, 38.674, 38.831, 39.231, 39.511, 39.871, 40.094, 39.702, 39.194, 38.96, 39.27, 39.692, 39.425, 38.76, 38.124, 37.199, 36.532, 36.745, 37.024, 36.726, 36.321, 36.636, 37.424, 37.59, 36.828, 36.537, 36.824, 36.859, 36.533, 36.728, 37.275, 37.674, 38.145, 35.599], [35.815, 35.038, 33.594, 33.666, 33.687, 32.169, 30.469, 29.595, 28.46, 26.317, 24.222, 23.235, 22.397, 20.521, 17.91, 15.504, 13.091, 8.254, 0.0, 8.752, 13.883, 16.554, 19.267, 21.236, 22.67, 25.647, 28.123, 28.982, 29.748, 31.149, 32.4, 33.246, 34.352, 35.223, 35.396, 35.383, 35.561, 35.678, 35.729, 35.944, 35.427, 34.714, 34.864, 34.96, 34.735, 34.706, 34.44, 34.214, 34.236, 34.295, 34.035, 33.513, 33.617, 34.296, 34.533, 34.547, 34.726, 35.238, 35.545, 35.449, 35.315, 35.11, 34.7, 34.251, 34.341, 35.147, 36.67, 37.239, 36.679, 36.52, 37.022, 37.237, 37.457, 37.942, 38.187, 38.148, 38.008, 37.917, 38.477, 39.721, 40.354, 39.864, 39.672, 40.12, 40.645, 40.588, 39.575, 38.372, 37.674, 37.019, 35.998, 34.649, 34.233, 35.023, 35.583, 35.61, 35.705, 36.154, 36.586, 36.691, 36.721, 36.832, 37.09, 37.508, 37.871, 37.638, 37.198, 37.161, 37.001, 37.182, 37.613, 37.416, 37.071, 36.761, 35.931, 35.473, 35.702, 35.362, 34.982, 36.04, 35.85, 34.807, 35.452, 36.632, 37.107, 36.9, 36.63, 36.622, 36.537, 36.084, 35.345, 34.59, 34.309, 35.058, 35.693, 35.822, 35.633, 35.376, 35.206, 35.115, 35.265, 35.39, 35.067, 34.362, 33.716, 33.915, 34.402, 34.363, 34.578, 34.918, 34.716, 34.837, 35.28, 35.531, 35.606, 35.7, 35.848, 35.892, 35.775, 36.009, 36.345, 36.215, 36.253, 36.241, 35.807, 36.435, 37.787, 37.911, 37.187, 37.168, 37.928, 38.21, 38.038, 38.23, 38.712, 39.018, 39.321, 39.483, 39.054, 38.473, 38.148, 38.419, 38.851, 38.578, 37.878, 37.172, 36.14, 35.412, 35.663, 35.983, 35.63, 35.124, 35.412, 36.276, 36.502, 35.718, 35.421, 35.736, 35.775, 35.428, 35.631, 36.226, 36.667, 37.144, 35.577], [36.766, 36.083, 34.783, 34.904, 34.948, 33.607, 32.192, 31.486, 30.425, 28.442, 26.662, 26.144, 25.953, 24.754, 22.605, 20.397, 18.643, 15.488, 8.752, 0.0, 6.481, 10.956, 14.461, 16.473, 18.276, 22.166, 25.305, 26.467, 27.364, 29.009, 30.568, 31.584, 32.875, 33.924, 34.132, 34.104, 34.274, 34.371, 34.418, 34.734, 34.47, 34.035, 34.3, 34.402, 34.369, 34.61, 34.408, 34.122, 34.139, 34.181, 33.842, 33.258, 33.428, 34.205, 34.485, 34.507, 34.655, 35.161, 35.424, 35.221, 35.021, 34.84, 34.466, 34.037, 34.15, 34.944, 36.467, 37.062, 36.516, 36.383, 36.917, 37.136, 37.344, 37.824, 38.063, 38.032, 37.933, 37.872, 38.417, 39.645, 40.276, 39.784, 39.581, 40.032, 40.574, 40.536, 39.556, 38.404, 37.722, 37.007, 35.879, 34.528, 34.314, 35.26, 35.871, 35.906, 35.958, 36.423, 36.883, 36.964, 36.958, 37.021, 37.204, 37.58, 37.952, 37.738, 37.286, 37.219, 37.053, 37.24, 37.642, 37.368, 36.955, 36.617, 35.759, 35.274, 35.512, 35.167, 34.75, 35.786, 35.562, 34.534, 35.267, 36.513, 37.011, 36.815, 36.548, 36.547, 36.485, 36.068, 35.368, 34.653, 34.367, 35.118, 35.775, 35.901, 35.74, 35.531, 35.348, 35.21, 35.341, 35.455, 35.122, 34.409, 33.716, 33.88, 34.394, 34.355, 34.508, 34.815, 34.612, 34.725, 35.156, 35.398, 35.482, 35.588, 35.719, 35.74, 35.642, 35.905, 36.258, 36.162, 36.248, 36.258, 35.839, 36.53, 37.952, 38.087, 37.391, 37.43, 38.244, 38.577, 38.44, 38.639, 39.149, 39.494, 39.801, 39.955, 39.544, 38.977, 38.644, 38.895, 39.328, 39.048, 38.299, 37.538, 36.469, 35.7, 35.941, 36.306, 35.921, 35.287, 35.471, 36.331, 36.564, 35.737, 35.398, 35.69, 35.722, 35.371, 35.575, 36.18, 36.621, 37.08, 36.457], [37.936, 37.304, 36.05, 36.13, 36.182, 34.973, 33.739, 33.134, 32.159, 30.356, 28.833, 28.522, 28.485, 27.509, 25.639, 23.599, 21.965, 19.391, 13.883, 6.481, 0.0, 6.323, 11.423, 13.88, 15.606, 19.978, 23.609, 24.988, 25.963, 27.721, 29.432, 30.543, 31.997, 33.2, 33.45, 33.43, 33.596, 33.677, 33.728, 34.123, 34.085, 33.89, 34.223, 34.289, 34.34, 34.789, 34.726, 34.482, 34.516, 34.548, 34.187, 33.592, 33.784, 34.584, 34.875, 34.91, 35.046, 35.525, 35.755, 35.524, 35.331, 35.171, 34.8, 34.373, 34.451, 35.147, 36.572, 37.151, 36.638, 36.525, 37.058, 37.278, 37.471, 37.919, 38.139, 38.121, 38.056, 37.992, 38.491, 39.681, 40.299, 39.799, 39.575, 40.011, 40.543, 40.515, 39.593, 38.503, 37.804, 37.062, 35.958, 34.682, 34.631, 35.714, 36.402, 36.432, 36.457, 36.92, 37.378, 37.437, 37.408, 37.434, 37.545, 37.851, 38.199, 38.013, 37.61, 37.58, 37.427, 37.613, 38.01, 37.725, 37.285, 36.93, 36.074, 35.586, 35.825, 35.486, 35.05, 36.023, 35.765, 34.797, 35.531, 36.747, 37.241, 37.055, 36.783, 36.771, 36.716, 36.319, 35.653, 34.988, 34.682, 35.346, 35.963, 36.096, 35.96, 35.752, 35.53, 35.349, 35.456, 35.556, 35.236, 34.573, 33.924, 34.089, 34.603, 34.58, 34.701, 34.99, 34.806, 34.891, 35.274, 35.506, 35.634, 35.79, 35.919, 35.918, 35.828, 36.086, 36.427, 36.348, 36.461, 36.479, 36.071, 36.797, 38.255, 38.406, 37.742, 37.805, 38.636, 39.002, 38.864, 39.023, 39.506, 39.856, 40.179, 40.36, 39.985, 39.446, 39.13, 39.368, 39.768, 39.464, 38.71, 37.964, 36.954, 36.246, 36.516, 36.929, 36.56, 35.881, 36.01, 36.846, 37.052, 36.166, 35.773, 36.061, 36.132, 35.801, 35.982, 36.567, 36.982, 37.378, 37.567], [38.839, 38.211, 36.845, 36.771, 36.786, 35.63, 34.459, 33.886, 32.969, 31.266, 29.871, 29.698, 29.769, 28.98, 27.483, 25.8, 24.197, 21.551, 16.554, 10.956, 6.323, 0.0, 6.663, 10.691, 12.72, 17.397, 21.639, 23.315, 24.394, 26.34, 28.233, 29.461, 31.106, 32.459, 32.732, 32.722, 32.912, 33.002, 33.064, 33.473, 33.396, 33.165, 33.514, 33.583, 33.623, 34.136, 34.169, 33.995, 34.043, 34.064, 33.682, 32.96, 33.038, 33.823, 34.114, 34.19, 34.326, 34.78, 35.049, 34.948, 34.892, 34.729, 34.303, 33.912, 34.063, 34.765, 36.167, 36.723, 36.173, 36.057, 36.617, 36.837, 37.005, 37.455, 37.705, 37.729, 37.708, 37.686, 38.244, 39.497, 40.117, 39.565, 39.341, 39.843, 40.386, 40.286, 39.31, 38.23, 37.541, 36.741, 35.5, 34.041, 33.939, 35.288, 36.294, 36.358, 36.354, 36.837, 37.296, 37.342, 37.292, 37.266, 37.299, 37.503, 37.762, 37.593, 37.347, 37.461, 37.288, 37.473, 37.939, 37.681, 37.225, 36.858, 36.004, 35.534, 35.809, 35.541, 35.204, 36.209, 35.871, 34.835, 35.571, 36.815, 37.317, 37.111, 36.81, 36.73, 36.567, 36.084, 35.437, 34.764, 34.291, 34.801, 35.403, 35.546, 35.379, 35.123, 34.85, 34.641, 34.761, 34.882, 34.551, 33.853, 33.166, 33.322, 33.852, 33.794, 33.834, 34.084, 33.892, 33.95, 34.321, 34.562, 34.744, 34.967, 35.125, 35.126, 35.012, 35.27, 35.636, 35.553, 35.665, 35.696, 35.276, 36.047, 37.591, 37.759, 37.047, 37.118, 38.017, 38.439, 38.29, 38.423, 38.904, 39.279, 39.64, 39.851, 39.488, 38.943, 38.637, 38.882, 39.256, 38.926, 38.172, 37.434, 36.434, 35.769, 36.135, 36.643, 36.274, 35.549, 35.704, 36.623, 36.835, 35.841, 35.343, 35.656, 35.827, 35.549, 35.716, 36.281, 36.649, 36.949, 38.344], [39.56, 38.981, 37.589, 37.44, 37.43, 36.321, 35.21, 34.648, 33.747, 32.118, 30.806, 30.764, 31.052, 30.573, 29.527, 28.243, 26.761, 24.106, 19.267, 14.461, 11.423, 6.663, 0.0, 5.731, 9.701, 15.293, 19.965, 21.924, 23.095, 25.27, 27.44, 28.8, 30.516, 31.902, 32.161, 32.171, 32.397, 32.486, 32.533, 32.86, 32.607, 32.306, 32.713, 32.817, 32.937, 33.582, 33.665, 33.506, 33.599, 33.648, 33.255, 32.402, 32.322, 33.064, 33.35, 33.446, 33.558, 33.98, 34.278, 34.289, 34.355, 34.185, 33.736, 33.425, 33.698, 34.466, 35.894, 36.446, 35.873, 35.766, 36.351, 36.564, 36.705, 37.168, 37.46, 37.517, 37.538, 37.588, 38.232, 39.536, 40.148, 39.568, 39.378, 39.96, 40.513, 40.33, 39.284, 38.231, 37.611, 36.765, 35.335, 33.662, 33.449, 34.931, 36.126, 36.225, 36.201, 36.681, 37.131, 37.166, 37.086, 37.016, 37.028, 37.2, 37.384, 37.22, 37.102, 37.314, 37.103, 37.278, 37.788, 37.537, 37.051, 36.671, 35.845, 35.407, 35.717, 35.542, 35.371, 36.436, 36.027, 34.951, 35.753, 37.046, 37.55, 37.334, 37.036, 36.924, 36.671, 36.128, 35.521, 34.811, 34.142, 34.516, 35.12, 35.252, 35.052, 34.798, 34.512, 34.274, 34.402, 34.556, 34.227, 33.479, 32.71, 32.826, 33.366, 33.277, 33.213, 33.359, 33.133, 33.176, 33.542, 33.779, 33.97, 34.209, 34.381, 34.399, 34.28, 34.536, 34.918, 34.844, 34.963, 35.007, 34.594, 35.41, 37.007, 37.166, 36.402, 36.504, 37.467, 37.918, 37.768, 37.909, 38.397, 38.786, 39.16, 39.372, 39.019, 38.496, 38.215, 38.472, 38.841, 38.5, 37.74, 36.971, 35.912, 35.22, 35.65, 36.234, 35.842, 35.07, 35.273, 36.271, 36.503, 35.463, 34.888, 35.197, 35.449, 35.243, 35.421, 35.961, 36.305, 36.566, 38.951], [39.935, 39.434, 38.181, 38.095, 38.109, 37.077, 36.087, 35.591, 34.666, 33.018, 31.736, 31.755, 32.125, 31.75, 30.873, 29.77, 28.408, 25.889, 21.236, 16.473, 13.88, 10.691, 5.731, 0.0, 6.561, 14.065, 19.068, 21.031, 22.19, 24.486, 26.824, 28.269, 30.017, 31.419, 31.686, 31.727, 31.988, 32.074, 32.107, 32.394, 32.091, 31.822, 32.289, 32.41, 32.648, 33.488, 33.657, 33.497, 33.637, 33.741, 33.389, 32.51, 32.356, 33.058, 33.337, 33.423, 33.519, 33.924, 34.197, 34.197, 34.286, 34.133, 33.71, 33.449, 33.766, 34.54, 35.953, 36.503, 35.947, 35.85, 36.432, 36.648, 36.79, 37.251, 37.544, 37.601, 37.628, 37.695, 38.351, 39.654, 40.264, 39.685, 39.498, 40.088, 40.65, 40.459, 39.407, 38.39, 37.822, 36.957, 35.465, 33.75, 33.502, 34.932, 36.055, 36.145, 36.115, 36.576, 37.021, 37.05, 36.952, 36.891, 36.954, 37.174, 37.366, 37.204, 37.072, 37.243, 37.013, 37.178, 37.658, 37.392, 36.901, 36.519, 35.718, 35.301, 35.617, 35.481, 35.398, 36.505, 36.096, 35.083, 35.961, 37.26, 37.759, 37.552, 37.273, 37.179, 36.935, 36.411, 35.829, 35.1, 34.385, 34.736, 35.345, 35.465, 35.257, 35.033, 34.768, 34.523, 34.63, 34.783, 34.464, 33.711, 32.921, 33.011, 33.516, 33.419, 33.318, 33.385, 33.163, 33.22, 33.563, 33.777, 33.946, 34.153, 34.289, 34.308, 34.22, 34.472, 34.847, 34.822, 34.969, 35.011, 34.619, 35.452, 37.049, 37.199, 36.436, 36.565, 37.551, 38.013, 37.878, 38.025, 38.502, 38.875, 39.224, 39.412, 39.068, 38.594, 38.344, 38.613, 38.997, 38.681, 37.93, 37.138, 36.031, 35.293, 35.697, 36.279, 35.869, 35.063, 35.247, 36.218, 36.439, 35.42, 34.836, 35.122, 35.387, 35.219, 35.428, 35.969, 36.315, 36.599, 39.312], [40.242, 39.737, 38.523, 38.497, 38.563, 37.59, 36.729, 36.385, 35.515, 33.839, 32.528, 32.563, 32.938, 32.517, 31.611, 30.541, 29.234, 26.896, 22.67, 18.276, 15.606, 12.72, 9.701, 6.561, 0.0, 9.412, 16.034, 18.441, 19.547, 22.12, 24.817, 26.44, 28.45, 30.071, 30.389, 30.464, 30.783, 30.905, 30.971, 31.331, 31.105, 30.92, 31.458, 31.591, 31.877, 32.894, 33.214, 33.076, 33.208, 33.358, 33.067, 32.182, 32.0, 32.705, 32.994, 33.105, 33.216, 33.641, 33.934, 33.958, 34.061, 33.885, 33.432, 33.16, 33.456, 34.2, 35.62, 36.168, 35.577, 35.469, 36.075, 36.309, 36.468, 36.946, 37.253, 37.313, 37.332, 37.385, 38.064, 39.422, 40.047, 39.441, 39.238, 39.84, 40.421, 40.225, 39.15, 38.119, 37.53, 36.6, 35.045, 33.295, 33.119, 34.698, 35.882, 35.957, 35.911, 36.372, 36.811, 36.827, 36.721, 36.667, 36.731, 36.933, 37.112, 36.957, 36.841, 37.032, 36.795, 36.962, 37.476, 37.248, 36.766, 36.35, 35.489, 35.055, 35.397, 35.26, 35.151, 36.275, 35.849, 34.796, 35.687, 37.024, 37.55, 37.352, 37.071, 36.977, 36.728, 36.192, 35.601, 34.854, 34.092, 34.439, 35.098, 35.237, 35.005, 34.761, 34.487, 34.224, 34.325, 34.485, 34.165, 33.403, 32.611, 32.701, 33.177, 33.039, 32.896, 32.972, 32.79, 32.828, 33.124, 33.327, 33.503, 33.685, 33.789, 33.788, 33.705, 33.999, 34.428, 34.457, 34.615, 34.638, 34.2