[[0.0, 4.181, 9.716, 13.011, 15.356, 19.5, 22.998, 24.166, 24.328, 25.261, 27.234, 29.962, 32.849, 34.706, 35.508, 35.586, 36.045, 36.899, 37.122, 36.868, 36.771, 37.066, 37.855, 39.11, 40.166, 40.531, 40.865, 41.181, 41.019, 40.556, 39.773, 38.576, 37.57, 37.462, 37.195, 36.496, 35.99, 35.925, 36.159, 36.423, 36.535, 36.591, 36.912, 36.937, 36.331, 36.066, 36.343, 36.437, 36.239, 36.156, 36.363, 36.694, 36.967, 37.16, 37.259, 37.111, 37.191, 37.621, 37.9, 38.207, 39.111, 40.454, 41.579, 42.052, 42.558, 43.289, 43.203, 42.447, 42.503, 43.401, 43.546, 42.82, 41.992, 42.196, 43.182, 44.163, 44.546, 44.343, 44.318, 44.508, 44.193, 43.688, 43.781, 44.059, 43.784, 43.291, 43.419, 44.593, 45.843, 45.364, 43.155, 41.762, 41.697, 41.372, 40.517, 40.129, 40.451, 40.551, 39.441, 37.929, 36.559, 36.66, 38.068, 38.79, 38.596, 38.184, 38.018, 37.99, 38.061, 37.94, 37.747, 37.777, 38.021, 38.519, 39.134, 39.276, 39.193, 39.064, 38.67, 38.814, 39.151, 38.809, 38.227, 37.824, 38.316, 38.633, 37.454, 36.319, 36.783, 37.136, 36.729, 36.31, 36.073, 36.114, 36.326, 36.349, 36.242, 36.169, 36.108, 35.938, 35.852, 35.813, 36.106, 36.217, 4.851], [4.181, 0.0, 6.433, 10.51, 13.48, 18.13, 21.966, 23.308, 23.529, 24.484, 26.533, 29.396, 32.431, 34.382, 35.245, 35.395, 35.941, 36.847, 37.082, 36.826, 36.736, 37.057, 37.874, 39.135, 40.186, 40.558, 40.904, 41.237, 41.095, 40.647, 39.88, 38.7, 37.699, 37.59, 37.334, 36.642, 36.14, 36.073, 36.308, 36.572, 36.682, 36.738, 37.048, 37.058, 36.445, 36.172, 36.437, 36.522, 36.317, 36.223, 36.42, 36.753, 37.026, 37.218, 37.326, 37.182, 37.236, 37.652, 37.942, 38.242, 39.128, 40.463, 41.594, 42.068, 42.566, 43.291, 43.196, 42.434, 42.502, 43.391, 43.515, 42.777, 41.963, 42.177, 43.163, 44.145, 44.542, 44.355, 44.322, 44.491, 44.177, 43.677, 43.755, 44.013, 43.731, 43.228, 43.328, 44.458, 45.69, 45.214, 43.013, 41.635, 41.575, 41.261, 40.44, 40.075, 40.394, 40.489, 39.396, 37.932, 36.615, 36.738, 38.146, 38.871, 38.683, 38.268, 38.103, 38.095, 38.192, 38.092, 37.904, 37.934, 38.181, 38.669, 39.256, 39.381, 39.301, 39.171, 38.775, 38.908, 39.235, 38.891, 38.312, 37.908, 38.39, 38.71, 37.54, 36.385, 36.823, 37.18, 36.791, 36.397, 36.181, 36.217, 36.425, 36.458, 36.359, 36.287, 36.223, 36.05, 35.962, 35.919, 36.21, 36.329, 7.415], [9.716, 6.433, 0.0, 5.406, 10.585, 16.627, 21.035, 22.673, 23.053, 24.065, 26.269, 29.409, 32.682, 34.731, 35.642, 35.893, 36.529, 37.442, 37.688, 37.463, 37.394, 37.728, 38.53, 39.736, 40.739, 41.101, 41.439, 41.777, 41.661, 41.248, 40.529, 39.416, 38.459, 38.339, 38.103, 37.473, 37.033, 36.983, 37.195, 37.443, 37.554, 37.601, 37.863, 37.858, 37.27, 36.978, 37.199, 37.287, 37.094, 36.981, 37.148, 37.467, 37.712, 37.874, 37.989, 37.869, 37.896, 38.269, 38.553, 38.833, 39.652, 40.916, 42.008, 42.466, 42.936, 43.625, 43.525, 42.788, 42.86, 43.699, 43.781, 43.071, 42.312, 42.505, 43.42, 44.335, 44.709, 44.549, 44.532, 44.674, 44.366, 43.889, 43.965, 44.217, 43.947, 43.45, 43.538, 44.616, 45.797, 45.333, 43.22, 41.912, 41.857, 41.564, 40.804, 40.479, 40.788, 40.878, 39.852, 38.517, 37.317, 37.441, 38.776, 39.471, 39.31, 38.927, 38.773, 38.779, 38.89, 38.809, 38.638, 38.668, 38.906, 39.356, 39.862, 39.918, 39.805, 39.688, 39.338, 39.475, 39.789, 39.47, 38.927, 38.558, 39.037, 39.36, 38.268, 37.189, 37.586, 37.903, 37.549, 37.215, 37.021, 37.018, 37.2, 37.233, 37.136, 37.065, 37.004, 36.839, 36.753, 36.7, 36.97, 37.096, 11.776], [13.011, 10.51, 5.406, 0.0, 6.982, 14.515, 19.643, 21.56, 22.043, 23.151, 25.597, 29.046, 32.526, 34.657, 35.617, 35.939, 36.636, 37.569, 37.843, 37.654, 37.607, 37.932, 38.696, 39.868, 40.855, 41.208, 41.543, 41.891, 41.792, 41.401, 40.718, 39.663, 38.745, 38.616, 38.391, 37.803, 37.406, 37.373, 37.575, 37.811, 37.92, 37.957, 38.194, 38.178, 37.597, 37.293, 37.493, 37.583, 37.392, 37.267, 37.427, 37.748, 37.984, 38.131, 38.253, 38.151, 38.172, 38.516, 38.776, 39.036, 39.815, 41.012, 42.046, 42.471, 42.906, 43.575, 43.48, 42.766, 42.851, 43.676, 43.756, 43.095, 42.414, 42.648, 43.561, 44.454, 44.813, 44.673, 44.685, 44.829, 44.517, 44.047, 44.136, 44.39, 44.113, 43.618, 43.716, 44.786, 45.949, 45.477, 43.389, 42.105, 42.056, 41.78, 41.038, 40.722, 41.03, 41.117, 40.106, 38.8, 37.612, 37.702, 39.0, 39.704, 39.578, 39.224, 39.072, 39.065, 39.156, 39.06, 38.887, 38.922, 39.164, 39.612, 40.096, 40.12, 39.99, 39.879, 39.536, 39.657, 39.956, 39.645, 39.117, 38.778, 39.283, 39.616, 38.564, 37.527, 37.9, 38.198, 37.857, 37.535, 37.326, 37.294, 37.466, 37.498, 37.409, 37.345, 37.291, 37.132, 37.046, 36.993, 37.264, 37.39, 14.78], [15.356, 13.48, 10.585, 6.982, 0.0, 8.791, 15.24, 17.836, 18.429, 19.66, 22.687, 26.89, 30.888, 33.239, 34.291, 34.667, 35.459, 36.51, 36.874, 36.746, 36.744, 37.086, 37.848, 39.057, 40.085, 40.454, 40.826, 41.212, 41.118, 40.727, 40.066, 39.083, 38.254, 38.164, 37.94, 37.359, 36.978, 36.976, 37.207, 37.439, 37.526, 37.564, 37.83, 37.815, 37.215, 36.924, 37.15, 37.244, 37.046, 36.937, 37.133, 37.478, 37.724, 37.874, 37.998, 37.903, 37.925, 38.253, 38.476, 38.695, 39.449, 40.617, 41.619, 42.025, 42.447, 43.112, 43.01, 42.298, 42.415, 43.274, 43.35, 42.69, 42.061, 42.376, 43.362, 44.285, 44.641, 44.519, 44.588, 44.769, 44.448, 43.965, 44.074, 44.337, 44.042, 43.562, 43.7, 44.794, 45.959, 45.46, 43.328, 42.019, 41.968, 41.687, 40.932, 40.607, 40.926, 41.012, 39.962, 38.6, 37.362, 37.387, 38.677, 39.419, 39.316, 38.971, 38.81, 38.759, 38.799, 38.667, 38.479, 38.524, 38.8, 39.289, 39.805, 39.837, 39.757, 39.677, 39.292, 39.36, 39.629, 39.281, 38.73, 38.394, 38.914, 39.242, 38.15, 37.046, 37.404, 37.727, 37.392, 37.065, 36.85, 36.817, 37.001, 37.058, 36.985, 36.936, 36.889, 36.728, 36.633, 36.579, 36.878, 37.015, 16.879], [19.5, 18.13, 16.627, 14.515, 8.791, 0.0, 7.762, 11.769, 12.807, 13.991, 17.802, 23.306, 28.214, 30.912, 32.083, 32.563, 33.524, 34.74, 35.243, 35.27, 35.411, 35.821, 36.625, 37.925, 39.012, 39.39, 39.82, 40.291, 40.232, 39.862, 39.319, 38.574, 37.978, 37.968, 37.752, 37.199, 36.872, 36.935, 37.206, 37.425, 37.475, 37.505, 37.785, 37.751, 37.145, 36.889, 37.139, 37.225, 37.025, 36.942, 37.17, 37.529, 37.768, 37.912, 38.025, 37.936, 37.958, 38.251, 38.412, 38.539, 39.192, 40.295, 41.261, 41.663, 42.102, 42.751, 42.61, 41.893, 42.026, 42.888, 42.946, 42.288, 41.708, 42.072, 43.093, 44.019, 44.364, 44.275, 44.402, 44.613, 44.289, 43.812, 43.927, 44.173, 43.872, 43.449, 43.64, 44.679, 45.773, 45.276, 43.208, 41.961, 41.919, 41.648, 40.966, 40.718, 41.072, 41.145, 40.074, 38.718, 37.532, 37.497, 38.704, 39.444, 39.348, 39.001, 38.812, 38.689, 38.657, 38.498, 38.304, 38.363, 38.681, 39.224, 39.764, 39.798, 39.779, 39.751, 39.35, 39.389, 39.641, 39.271, 38.715, 38.385, 38.869, 39.141, 37.98, 36.765, 37.044, 37.39, 37.095, 36.834, 36.691, 36.684, 36.858, 36.912, 36.851, 36.828, 36.804, 36.655, 36.564, 36.514, 36.82, 36.939, 20.568], [22.998, 21.966, 21.035, 19.643, 15.24, 7.762, 0.0, 5.428, 7.782, 9.36, 13.703, 20.2, 25.847, 28.823, 30.056, 30.621, 31.736, 33.07, 33.675, 33.866, 34.182, 34.692, 35.588, 37.011, 38.144, 38.503, 38.973, 39.538, 39.545, 39.212, 38.828, 38.423, 38.122, 38.191, 37.99, 37.49, 37.224, 37.324, 37.595, 37.792, 37.823, 37.847, 38.113, 38.051, 37.458, 37.234, 37.484, 37.556, 37.367, 37.308, 37.543, 37.895, 38.115, 38.251, 38.352, 38.261, 38.284, 38.539, 38.638, 38.677, 39.205, 40.195, 41.091, 41.477, 41.944, 42.574, 42.391, 41.685, 41.843, 42.695, 42.767, 42.16, 41.64, 42.018, 43.026, 43.934, 44.274, 44.204, 44.332, 44.535, 44.214, 43.751, 43.869, 44.097, 43.797, 43.428, 43.658, 44.615, 45.613, 45.129, 43.16, 42.001, 41.986, 41.758, 41.175, 41.02, 41.415, 41.485, 40.421, 39.114, 38.044, 37.997, 39.12, 39.838, 39.737, 39.373, 39.164, 39.004, 38.933, 38.765, 38.574, 38.642, 38.977, 39.532, 40.056, 40.059, 40.033, 40.014, 39.619, 39.645, 39.898, 39.548, 39.02, 38.709, 39.144, 39.343, 38.134, 36.833, 36.995, 37.339, 37.112, 36.96, 36.932, 36.968, 37.103, 37.125, 37.069, 37.063, 37.065, 36.936, 36.857, 36.818, 37.109, 37.188, 23.757], [24.166, 23.308, 22.673, 21.56, 17.836, 11.769, 5.428, 0.0, 3.934, 7.348, 12.285, 18.838, 24.577, 27.609, 28.819, 29.383, 30.571, 31.969, 32.613, 32.868, 33.261, 33.827, 34.795, 36.311, 37.475, 37.814, 38.293, 38.896, 38.923, 38.605, 38.295, 38.047, 37.872, 37.982, 37.802, 37.325, 37.071, 37.167, 37.43, 37.62, 37.659, 37.7, 37.984, 37.917, 37.319, 37.11, 37.373, 37.437, 37.247, 37.211, 37.463, 37.813, 38.04, 38.184, 38.271, 38.161, 38.185, 38.435, 38.511, 38.523, 39.015, 39.951, 40.804, 41.173, 41.66, 42.302, 42.106, 41.407, 41.609, 42.49, 42.592, 42.012, 41.51, 41.916, 42.95, 43.876, 44.226, 44.15, 44.254, 44.45, 44.12, 43.651, 43.781, 44.019, 43.715, 43.351, 43.61, 44.591, 45.588, 45.088, 43.103, 41.955, 41.976, 41.778, 41.19, 41.032, 41.452, 41.542, 40.451, 39.098, 38.03, 37.978, 39.107, 39.83, 39.716, 39.324, 39.108, 38.962, 38.881, 38.692, 38.483, 38.546, 38.88, 39.433, 39.946, 39.934, 39.895, 39.866, 39.453, 39.465, 39.723, 39.389, 38.876, 38.581, 39.01, 39.183, 37.938, 36.581, 36.701, 37.047, 36.831, 36.705, 36.72, 36.793, 36.918, 36.927, 36.871, 36.871, 36.884, 36.759, 36.683, 36.664, 36.962, 37.021, 24.802], [24.328, 23.529, 23.053, 22.043, 18.429, 12.807, 7.782, 3.934, 0.0, 4.979, 11.102, 17.998, 23.771, 26.806, 28.023, 28.588, 29.796, 31.224, 31.88, 32.144, 32.555, 33.125, 34.102, 35.663, 36.872, 37.222, 37.705, 38.304, 38.321, 38.013, 37.72, 37.469, 37.274, 37.405, 37.241, 36.754, 36.492, 36.595, 36.876, 37.077, 37.123, 37.182, 37.497, 37.438, 36.824, 36.622, 36.906, 36.965, 36.761, 36.738, 37.019, 37.386, 37.632, 37.786, 37.867, 37.747, 37.777, 38.048, 38.129, 38.134, 38.642, 39.613, 40.496, 40.867, 41.351, 42.011, 41.82, 41.11, 41.335, 42.241, 42.32, 41.701, 41.191, 41.648, 42.735, 43.679, 44.024, 43.933, 44.024, 44.216, 43.876, 43.396, 43.531, 43.776, 43.462, 43.086, 43.357, 44.394, 45.448, 44.944, 42.903, 41.74, 41.792, 41.599, 40.971, 40.782, 41.213, 41.32, 40.185, 38.743, 37.599, 37.532, 38.691, 39.425, 39.305, 38.898, 38.68, 38.54, 38.453, 38.242, 38.01, 38.063, 38.405, 38.986, 39.534, 39.532, 39.506, 39.479, 39.031, 39.015, 39.271, 38.93, 38.406, 38.096, 38.528, 38.714, 37.448, 36.047, 36.175, 36.538, 36.298, 36.134, 36.136, 36.243, 36.397, 36.409, 36.355, 36.367, 36.387, 36.251, 36.174, 36.175, 36.496, 36.542, 24.922], [25.261, 24.484, 24.065, 23.151, 19.66, 13.991, 9.36, 7.348, 4.979, 0.0, 7.33, 15.611, 22.171, 25.513, 26.882, 27.554, 28.84, 30.327, 31.028, 31.351, 31.83, 32.417, 33.408, 35.034, 36.321, 36.723, 37.227, 37.845, 37.892, 37.601, 37.344, 37.172, 37.057, 37.237, 37.088, 36.589, 36.338, 36.463, 36.752, 36.951, 36.988, 37.033, 37.331, 37.269, 36.658, 36.456, 36.736, 36.793, 36.594, 36.589, 36.887, 37.254, 37.5, 37.661, 37.752, 37.637, 37.667, 37.944, 38.024, 38.004, 38.474, 39.453, 40.383, 40.761, 41.221, 41.871, 41.669, 40.93, 41.146, 42.056, 42.096, 41.435, 40.924, 41.405, 42.51, 43.456, 43.796, 43.699, 43.776, 43.958, 43.629, 43.154, 43.275, 43.506, 43.186, 42.819, 43.1, 44.132, 45.199, 44.719, 42.693, 41.541, 41.601, 41.428, 40.843, 40.683, 41.116, 41.223, 40.089, 38.654, 37.516, 37.437, 38.56, 39.286, 39.172, 38.774, 38.567, 38.433, 38.347, 38.135, 37.9, 37.95, 38.297, 38.901, 39.477, 39.488, 39.476, 39.454, 38.975, 38.915, 39.157, 38.808, 38.277, 37.944, 38.347, 38.539, 37.276, 35.853, 35.962, 36.33, 36.096, 35.924, 35.916, 36.042, 36.226, 36.257, 36.223, 36.258, 36.292, 36.156, 36.077, 36.085, 36.407, 36.418, 25.795], [27.234, 26.533, 26.269, 25.597, 22.687, 17.802, 13.703, 12.285, 11.102, 7.33, 0.0, 9.721, 17.903, 22.317, 24.227, 25.148, 26.645, 28.31, 29.131, 29.596, 30.214, 30.848, 31.931, 33.756, 35.218, 35.728, 36.289, 36.965, 37.079, 36.83, 36.664, 36.715, 36.804, 37.066, 36.922, 36.399, 36.16, 36.306, 36.589, 36.775, 36.797, 36.808, 37.084, 37.039, 36.43, 36.218, 36.491, 36.54, 36.358, 36.393, 36.718, 37.08, 37.328, 37.521, 37.633, 37.506, 37.537, 37.822, 37.887, 37.828, 38.224, 39.166, 40.123, 40.507, 40.965, 41.622, 41.4, 40.603, 40.801, 41.741, 41.787, 41.097, 40.564, 41.063, 42.218, 43.233, 43.625, 43.506, 43.523, 43.703, 43.402, 42.914, 43.006, 43.216, 42.869, 42.487, 42.764, 43.766, 44.838, 44.375, 42.327, 41.153, 41.218, 41.087, 40.56, 40.441, 40.883, 40.985, 39.858, 38.472, 37.387, 37.335, 38.459, 39.191, 39.067, 38.65, 38.457, 38.361, 38.31, 38.115, 37.874, 37.918, 38.266, 38.888, 39.495, 39.516, 39.483, 39.434, 38.908, 38.795, 39.021, 38.664, 38.117, 37.728, 38.069, 38.258, 36.981, 35.508, 35.593, 35.986, 35.777, 35.594, 35.589, 35.776, 36.023, 36.093, 36.084, 36.136, 36.175, 36.032, 35.954, 35.974, 36.29, 36.243, 27.641], [29.962, 29.396, 29.409, 29.046, 26.89, 23.306, 20.2, 18.838, 17.998, 15.611, 9.721, 0.0, 9.901, 16.469, 19.872, 21.434, 23.252, 25.191, 26.213, 26.89, 27.686, 28.378, 29.612, 31.762, 33.515, 34.205, 34.861, 35.592, 35.773, 35.611, 35.606, 35.926, 36.213, 36.548, 36.416, 35.875, 35.642, 35.794, 36.062, 36.25, 36.273, 36.245, 36.525, 36.531, 35.919, 35.668, 35.915, 35.953, 35.782, 35.86, 36.231, 36.631, 36.93, 37.16, 37.271, 37.124, 37.172, 37.49, 37.54, 37.421, 37.757, 38.698, 39.683, 40.067, 40.548, 41.232, 40.979, 40.109, 40.288, 41.244, 41.29, 40.586, 40.046, 40.605, 41.872, 43.03, 43.515, 43.356, 43.282, 43.482, 43.226, 42.686, 42.728, 42.929, 42.533, 42.087, 42.354, 43.381, 44.51, 44.049, 41.889, 40.633, 40.713, 40.625, 40.101, 39.968, 40.401, 40.487, 39.327, 37.945, 36.897, 36.958, 38.201, 38.968, 38.804, 38.317, 38.097, 38.039, 38.047, 37.86, 37.58, 37.609, 37.976, 38.642, 39.312, 39.342, 39.239, 39.131, 38.532, 38.349, 38.554, 38.194, 37.614, 37.121, 37.375, 37.564, 36.248, 34.677, 34.762, 35.218, 35.037, 34.825, 34.845, 35.198, 35.607, 35.743, 35.734, 35.78, 35.803, 35.633, 35.561, 35.605, 35.909, 35.818, 30.231], [32.849, 32.431, 32.682, 32.526, 30.888, 28.214, 25.847, 24.577, 23.771, 22.171, 17.903, 9.901, 0.0, 8.758, 14.67, 17.7, 20.086, 22.279, 23.499, 24.423, 25.447, 26.267, 27.673, 30.068, 32.041, 32.901, 33.666, 34.444, 34.671, 34.575, 34.702, 35.257, 35.756, 36.186, 36.083, 35.592, 35.449, 35.642, 35.904, 36.112, 36.162, 36.131, 36.429, 36.479, 35.884, 35.598, 35.794, 35.811, 35.653, 35.752, 36.144, 36.594, 36.959, 37.209, 37.286, 37.122, 37.191, 37.531, 37.56, 37.373, 37.641, 38.6, 39.614, 39.979, 40.464, 41.16, 40.864, 39.924, 40.058, 40.962, 40.961, 40.309, 39.837, 40.428, 41.732, 42.932, 43.438, 43.269, 43.175, 43.402, 43.182, 42.605, 42.594, 42.792, 42.383, 41.923, 42.231, 43.305, 44.473, 44.038, 41.852, 40.566, 40.652, 40.578, 40.06, 39.923, 40.337, 40.409, 39.238, 37.828, 36.797, 37.001, 38.356, 39.136, 38.941, 38.38, 38.07, 37.985, 38.027, 37.852, 37.538, 37.554, 37.951, 38.67, 39.391, 39.43, 39.283, 39.139, 38.484, 38.252, 38.453, 38.118, 37.528, 36.938, 37.078, 37.261, 35.927, 34.246, 34.262, 34.737, 34.579, 34.388, 34.492, 35.047, 35.637, 35.84, 35.818, 35.847, 35.861, 35.67, 35.599, 35.662, 35.959, 35.841, 33.015], [34.706, 34.382, 34.731, 34.657, 33.239, 30.912, 28.823, 27.609, 26.806, 25.513, 22.317, 16.469, 8.758, 0.0, 7.961, 13.345, 17.158, 19.784, 21.163, 22.358, 23.68, 24.731, 26.343, 28.866, 30.878, 31.786, 32.646, 33.524, 33.814, 33.739, 33.938, 34.702, 35.446, 35.986, 35.906, 35.495, 35.459, 35.704, 35.985, 36.228, 36.305, 36.296, 36.628, 36.694, 36.135, 35.882, 36.072, 36.06, 35.908, 36.016, 36.402, 36.873, 37.263, 37.519, 37.572, 37.395, 37.468, 37.809, 37.83, 37.601, 37.805, 38.749, 39.771, 40.123, 40.627, 41.346, 41.021, 40.037, 40.147, 41.033, 41.035, 40.457, 40.038, 40.619, 41.895, 43.069, 43.551, 43.36, 43.251, 43.472, 43.254, 42.666, 42.626, 42.814, 42.413, 41.974, 42.325, 43.422, 44.598, 44.2, 42.054, 40.781, 40.865, 40.803, 40.322, 40.223, 40.642, 40.716, 39.553, 38.124, 37.11, 37.354, 38.71, 39.466, 39.263, 38.648, 38.238, 38.087, 38.118, 37.959, 37.655, 37.679, 38.089, 38.828, 39.569, 39.627, 39.517, 39.401, 38.726, 38.474, 38.692, 38.388, 37.814, 37.179, 37.209, 37.373, 36.066, 34.325, 34.187, 34.589, 34.417, 34.284, 34.514, 35.212, 35.891, 36.106, 36.057, 36.066, 36.078, 35.886, 35.803, 35.871, 36.181, 36.079, 34.797], [35.508, 35.245, 35.642, 35.617, 34.291, 32.083, 30.056, 28.819, 28.023, 26.882, 24.227, 19.872, 14.67, 7.961, 0.0, 7.542, 13.657, 17.267, 18.86, 20.204, 21.746, 23.016, 24.866, 27.55, 29.565, 30.456, 31.4, 32.394, 32.746, 32.689, 32.952, 33.919, 34.902, 35.552, 35.515, 35.192, 35.223, 35.482, 35.776, 36.047, 36.155, 36.182, 36.562, 36.647, 36.122, 35.947, 36.207, 36.193, 36.036, 36.156, 36.55, 37.032, 37.419, 37.666, 37.703, 37.525, 37.62, 37.979, 38.002, 37.786, 38.003, 38.934, 39.942, 40.295, 40.832, 41.576, 41.236, 40.239, 40.383, 41.314, 41.342, 40.738, 40.27, 40.848, 42.148, 43.323, 43.78, 43.545, 43.399, 43.6, 43.356, 42.758, 42.731, 42.927, 42.526, 42.091, 42.449, 43.559, 44.759, 44.391, 42.256, 40.957, 41.023, 40.979, 40.514, 40.404, 40.831, 40.911, 39.747, 38.323, 37.327, 37.52, 38.832, 39.569, 39.356, 38.721, 38.299, 38.127, 38.116, 37.944, 37.659, 37.693, 38.096, 38.823, 39.554, 39.615, 39.541, 39.449, 38.76, 38.504, 38.728, 38.426, 37.874, 37.251, 37.227, 37.368, 36.095, 34.376, 34.177, 34.533, 34.358, 34.262, 34.559, 35.296, 35.963, 36.144, 36.066, 36.055, 36.057, 35.863, 35.771, 35.826, 36.155, 36.088, 35.501], [35.586, 35.395, 35.893, 35.939, 34.667, 32.563, 30.621, 29.383, 28.588, 27.554, 25.148, 21.434, 17.7, 13.345, 7.542, 0.0, 7.88, 13.031, 15.338, 16.877, 18.537, 19.945, 22.097, 25.176, 27.4, 28.337, 29.345, 30.424, 30.844, 30.856, 31.21, 32.368, 33.564, 34.35, 34.378, 34.133, 34.236, 34.538, 34.867, 35.177, 35.339, 35.429, 35.879, 36.002, 35.473, 35.326, 35.66, 35.669, 35.496, 35.626, 36.059, 36.56, 36.96, 37.197, 37.199, 37.012, 37.146, 37.548, 37.574, 37.379, 37.687, 38.683, 39.703, 40.069, 40.625, 41.381, 41.043, 40.046, 40.231, 41.23, 41.277, 40.591, 40.05, 40.649, 42.031, 43.278, 43.769, 43.524, 43.354, 43.537, 43.252, 42.652, 42.674, 42.898, 42.478, 42.004, 42.322, 43.455, 44.714, 44.372, 42.197, 40.817, 40.848, 40.8, 40.29, 40.106, 40.515, 40.601, 39.42, 37.965, 36.933, 37.12, 38.482, 39.25, 39.028, 38.385, 37.982, 37.817, 37.777, 37.57, 37.277, 37.314, 37.716, 38.438, 39.168, 39.22, 39.125, 39.01, 38.305, 38.053, 38.259, 37.916, 37.361, 36.765, 36.773, 36.916, 35.605, 33.884, 33.751, 34.131, 33.963, 33.847, 34.104, 34.795, 35.415, 35.563, 35.468, 35.463, 35.467, 35.261, 35.162, 35.214, 35.571, 35.521, 35.456], [36.045, 35.941, 36.529, 36.636, 35.459, 33.524, 31.736, 30.571, 29.796, 28.84, 26.645, 23.252, 20.086, 17.158, 13.657, 7.88, 0.0, 6.585, 10.516, 13.026, 15.048, 16.565, 19.046, 22.686, 25.272, 26.322, 27.383, 28.538, 29.045, 29.189, 29.746, 31.177, 32.603, 33.528, 33.613, 33.433, 33.631, 34.018, 34.409, 34.75, 34.93, 35.067, 35.586, 35.768, 35.236, 35.061, 35.395, 35.407, 35.217, 35.348, 35.799, 36.305, 36.712, 36.924, 36.873, 36.644, 36.767, 37.179, 37.198, 36.993, 37.351, 38.411, 39.443, 39.813, 40.357, 41.103, 40.795, 39.828, 39.994, 40.998, 41.064, 40.373, 39.833, 40.445, 41.874, 43.193, 43.734, 43.501, 43.338, 43.505, 43.192, 42.622, 42.71, 42.957, 42.531, 42.026, 42.291, 43.419, 44.711, 44.413, 42.276, 40.874, 40.878, 40.825, 40.299, 40.069, 40.449, 40.537, 39.36, 37.885, 36.822, 37.048, 38.459, 39.247, 39.02, 38.368, 37.955, 37.789, 37.751, 37.527, 37.207, 37.231, 37.639, 38.364, 39.089, 39.125, 38.973, 38.81, 38.101, 37.854, 38.041, 37.673, 37.115, 36.54, 36.6, 36.76, 35.417, 33.687, 33.59, 33.977, 33.81, 33.68, 33.893, 34.545, 35.138, 35.283, 35.209, 35.238, 35.264, 35.058, 34.956, 35.02, 35.397, 35.359, 35.826], [36.899, 36.847, 37.442, 37.569, 36.51, 34.74, 33.07, 31.969, 31.224, 30.327, 28.31, 25.191, 22.279, 19.784, 17.267, 13.031, 6.585, 0.0, 5.54, 9.875, 12.857, 14.619, 17.362, 21.424, 24.235, 25.349, 26.485, 27.771, 28.389, 28.653, 29.419, 31.103, 32.668, 33.63, 33.755, 33.65, 33.94, 34.407, 34.843, 35.192, 35.356, 35.501, 36.055, 36.285, 35.791, 35.596, 35.894, 35.91, 35.726, 35.851, 36.295, 36.792, 37.178, 37.353, 37.266, 37.01, 37.095, 37.48, 37.49, 37.242, 37.543, 38.58, 39.59, 39.941, 40.471, 41.207, 40.921, 39.989, 40.135, 41.103, 41.171, 40.52, 40.02, 40.637, 42.067, 43.396, 43.938, 43.702, 43.546, 43.706, 43.391, 42.856, 42.974, 43.222, 42.804, 42.298, 42.543, 43.652, 44.925, 44.659, 42.634, 41.298, 41.295, 41.239, 40.735, 40.522, 40.892, 40.982, 39.847, 38.421, 37.393, 37.596, 38.927, 39.676, 39.446, 38.793, 38.367, 38.195, 38.159, 37.933, 37.6, 37.606, 38.003, 38.708, 39.391, 39.393, 39.194, 39.009, 38.327, 38.092, 38.263, 37.91, 37.381, 36.831, 36.892, 37.061, 35.786, 34.148, 34.042, 34.411, 34.268, 34.173, 34.4, 35.038, 35.6, 35.742, 35.691, 35.739, 35.777, 35.579, 35.488, 35.563, 35.935, 35.912, 36.658], [37.122, 37.082, 37.688, 37.843, 36.874, 35.243, 33.675, 32.613, 31.88, 31.028, 29.131, 26.213, 23.499, 21.163, 18.86, 15.338, 10.516, 5.54, 0.0, 5.772, 10.138, 12.65, 15.811, 20.219, 23.187, 24.352, 25.591, 27.044, 27.787, 28.145, 29.002, 30.783, 32.381, 33.341, 33.505, 33.481, 33.848, 34.378, 34.853, 35.225, 35.399, 35.556, 36.129, 36.386, 35.939, 35.771, 36.075, 36.11, 35.94, 36.06, 36.5, 37.004, 37.402, 37.58, 37.482, 37.225, 37.32, 37.718, 37.729, 37.446, 37.696, 38.714, 39.71, 40.042, 40.593, 41.359, 41.077, 40.139, 40.314, 41.304, 41.392, 40.755, 40.24, 40.86, 42.305, 43.635, 44.161, 43.905, 43.742, 43.909, 43.601, 43.066, 43.179, 43.419, 43.001, 42.489, 42.73, 43.846, 45.12, 44.861, 42.861, 41.543, 41.551, 41.506, 41.012, 40.802, 41.168, 41.251, 40.104, 38.677, 37.631, 37.761, 39.017, 39.73, 39.489, 38.825, 38.392, 38.225, 38.185, 37.95, 37.611, 37.6, 37.97, 38.648, 39.307, 39.303, 39.103, 38.934, 38.289, 38.069, 38.23, 37.882, 37.361, 36.814, 36.867, 37.045, 35.822, 34.244, 34.153, 34.516, 34.379, 34.297, 34.531, 35.164, 35.708, 35.85, 35.8, 35.834, 35.858, 35.655, 35.57, 35.651, 36.023, 36.009, 36.881], [36.868, 36.826, 37.463, 37.654, 36.746, 35.27, 33.866, 32.868, 32.144, 31.351, 29.596, 26.89, 24.423, 22.358, 20.204, 16.877, 13.026, 9.875, 5.772, 0.0, 5.514, 9.592, 13.789, 18.61, 21.77, 23.03, 24.331, 25.872, 26.704, 27.148, 28.028, 29.797, 31.388, 32.381, 32.607, 32.65, 33.069, 33.651, 34.18, 34.603, 34.819, 35.031, 35.658, 35.925, 35.497, 35.406, 35.786, 35.843, 35.667, 35.785, 36.245, 36.77, 37.198, 37.403, 37.291, 37.019, 37.148, 37.591, 37.614, 37.343, 37.643, 38.705, 39.7, 40.014, 40.585, 41.389, 41.105, 40.153, 40.386, 41.425, 41.53, 40.876, 40.308, 40.906, 42.367, 43.699, 44.21, 43.928, 43.743, 43.916, 43.607, 43.053, 43.156, 43.396, 42.978, 42.446, 42.662, 43.792, 45.103, 44.836, 42.781, 41.428, 41.453, 41.428, 40.929, 40.703, 41.075, 41.155, 39.956, 38.461, 37.328, 37.415, 38.689, 39.403, 39.15, 38.478, 38.049, 37.882, 37.825, 37.571, 37.223, 37.211, 37.574, 38.248, 38.921, 38.947, 38.781, 38.638, 38.023, 37.833, 37.992, 37.624, 37.085, 36.53, 36.603, 36.799, 35.552, 33.913, 33.833, 34.202, 34.034, 33.924, 34.138, 34.768, 35.33, 35.491, 35.44, 35.449, 35.447, 35.225, 35.126, 35.192, 35.562, 35.546, 36.623], [36.771, 36.736, 37.394, 37.607, 36.744, 35.411, 34.182, 33.261, 32.555, 31.83, 30.214, 27.686, 25.447, 23.68, 21.746, 18.537, 15.048, 12.857, 10.138, 5.514, 0.0, 5.627, 11.425, 16.995, 20.399, 21.752, 23.1, 24.697, 25.588, 26.101, 27.028, 28.811, 30.419, 31.484, 31.79, 31.896, 32.37, 33.006, 33.594, 34.064, 34.329, 34.627, 35.338, 35.602, 35.149, 35.122, 35.602, 35.701, 35.515, 35.614, 36.07, 36.601, 37.039, 37.243, 37.104, 36.803, 36.949, 37.427, 37.452, 37.186, 37.544, 38.662, 39.653, 39.95, 40.537, 41.372, 41.086, 40.14, 40.448, 41.548, 41.683, 41.051, 40.484, 41.049, 42.507, 43.853, 44.364, 44.057, 43.855, 44.043, 43.746, 43.182, 43.287, 43.541, 43.132, 42.578, 42.753, 43.882, 45.223, 44.952, 42.835, 41.429, 41.458, 41.437, 40.908, 40.65, 41.024, 41.115, 39.888, 38.332, 37.115, 37.195, 38.512, 39.248, 38.995, 38.326, 37.905, 37.736, 37.666, 37.401, 37.056, 37.056, 37.423, 38.099, 38.788, 38.848, 38.711, 38.584, 37.99, 37.834, 37.999, 37.611, 37.049, 36.487, 36.585, 36.805, 35.552, 33.872, 33.795, 34.171, 33.964, 33.8, 33.975, 34.589, 35.151, 35.306, 35.245, 35.247, 35.241, 35.005, 34.89, 34.945, 35.313, 35.287, 36.511], [37.066, 37.057, 37.728, 37.932, 37.086, 35.821, 34.692, 33.827, 33.125, 32.417, 30.848, 28.378, 26.267, 24.731, 23.016, 19.945, 16.565, 14.619, 12.65, 9.592, 5.627, 0.0, 7.102, 13.957, 17.939, 19.479, 20.944, 22.69, 23.726, 24.402, 25.568, 27.639, 29.445, 30.641, 31.072, 31.333, 31.937, 32.661, 33.314, 33.816, 34.111, 34.478, 35.253, 35.542, 35.108, 35.113, 35.633, 35.773, 35.606, 35.696, 36.136, 36.655, 37.09, 37.272, 37.092, 36.763, 36.899, 37.362, 37.362, 37.067, 37.397, 38.492, 39.458, 39.735, 40.307, 41.136, 40.846, 39.922, 40.306, 41.478, 41.668, 41.095, 40.6, 41.173, 42.624, 43.993, 44.523, 44.202, 43.994, 44.207, 43.941, 43.387, 43.498, 43.764, 43.359, 42.788, 42.912, 43.993, 45.337, 45.083, 42.958, 41.528, 41.554, 41.548, 41.018, 40.741, 41.103, 41.194, 39.978, 38.429, 37.212, 37.308, 38.619, 39.344, 39.098, 38.446, 38.044, 37.893, 37.834, 37.578, 37.242, 37.238, 37.593, 38.266, 38.958, 39.019, 38.876, 38.75, 38.179, 38.046, 38.216, 37.82, 37.247, 36.671, 36.76, 36.977, 35.756, 34.114, 34.027, 34.389, 34.179, 33.993, 34.159, 34.764, 35.287, 35.403, 35.337, 35.36, 35.369, 35.133, 35.016, 35.086, 35.452, 35.425, 36.792], [37.855, 37.874, 38.53, 38.696, 37.848, 36.625, 35.588, 34.795, 34.102, 33.408, 31.931, 29.612, 27.673, 26.343, 24.866, 22.097, 19.046, 17.362, 15.811, 13.789, 11.425, 7.102, 0.0, 8.016, 13.183, 15.391, 17.043, 18.998, 20.404, 21.543, 23.305, 26.029, 28.258, 29.656, 30.243, 30.768, 31.636, 32.533, 33.262, 33.786, 34.098, 34.495, 35.297, 35.652, 35.345, 35.407, 35.914, 36.09, 36.005, 36.146, 36.59, 37.092, 37.52, 37.691, 37.491, 37.156, 37.276, 37.693, 37.671, 37.376, 37.626, 38.592, 39.488, 39.743, 40.245, 41.005, 40.712, 39.813, 40.221, 41.422, 41.657, 41.121, 40.686, 41.273, 42.674, 44.001, 44.528, 44.211, 44.01, 44.257, 44.023, 43.488, 43.618, 43.883, 43.482, 42.927, 43.027, 44.019, 45.318, 45.085, 43.031, 41.65, 41.694, 41.736, 41.278, 41.024, 41.367, 41.447, 40.285, 38.823, 37.693, 37.792, 39.017, 39.685, 39.45, 38.839, 38.478, 38.367, 38.337, 38.094, 37.758, 37.73, 38.058, 38.714, 39.39, 39.428, 39.25, 39.119, 38.574, 38.438, 38.596, 38.214, 37.665, 37.098, 37.154, 37.33, 36.141, 34.557, 34.414, 34.731, 34.557, 34.417, 34.637, 35.284, 35.788, 35.884, 35.836, 35.893, 35.921, 35.695, 35.588, 35.65, 35.985, 35.975, 37.58], [39.11, 39.135, 39.736, 39.868, 39.057, 37.925, 37.011, 36.311, 35.663, 35.034, 33.756, 31.762, 30.068, 28.866, 27.55, 25.176, 22.686, 21.424, 20.219, 18.61, 16.995, 13.957, 8.016, 0.0, 6.528, 10.279, 12.416, 14.506, 16.472, 18.4, 21.015, 24.627, 27.451, 29.079, 29.749, 30.516, 31.716, 32.821, 33.597, 34.114, 34.443, 34.86, 35.666, 36.096, 35.964, 36.127, 36.626, 36.843, 36.905, 37.163, 37.631, 38.102, 38.504, 38.684, 38.51, 38.209, 38.326, 38.682, 38.652, 38.388, 38.527, 39.287, 40.069, 40.281, 40.656, 41.294, 40.993, 40.124, 40.506, 41.66, 41.899, 41.389, 41.004, 41.567, 42.859, 44.069, 44.548, 44.233, 44.039, 44.322, 44.127, 43.614, 43.76, 44.026, 43.64, 43.14, 43.275, 44.2, 45.429, 45.215, 43.29, 42.025, 42.099, 42.193, 41.844, 41.65, 41.976, 42.058, 41.024, 39.707, 38.706, 38.802, 39.885, 40.473, 40.255, 39.71, 39.401, 39.33, 39.329, 39.109, 38.775, 38.72, 39.012, 39.624, 40.259, 40.277, 40.069, 39.934, 39.42, 39.274, 39.417, 39.079, 38.588, 38.056, 38.062, 38.171, 37.012, 35.493, 35.247, 35.475, 35.343, 35.297, 35.621, 36.365, 36.91, 37.023, 37.001, 37.084, 37.122, 36.919, 36.822, 36.84, 37.101, 37.1, 38.846], [40.166, 40.186, 40.739, 40.855, 40.085, 39.012, 38.144, 37.475, 36.872, 36.321, 35.218, 33.515, 32.041, 30.878, 29.565, 27.4, 25.272, 24.235, 23.187, 21.77, 20.399, 17.939, 13.183, 6.528, 0.0, 5.295, 8.714, 11.262, 13.513, 15.978, 19.296, 23.665, 27.015, 28.832, 29.574, 30.526, 31.95, 33.176, 33.968, 34.469, 34.816, 35.276, 36.105, 36.587, 36.562, 36.811, 37.323, 37.566, 37.74, 38.117, 38.627, 39.075, 39.448, 39.653, 39.526, 39.261, 39.373, 39.683, 39.645, 39.394, 39.453, 40.074, 40.764, 40.931, 41.241, 41.807, 41.492, 40.661, 41.063, 42.158, 42.355, 41.867, 41.525, 42.043, 43.243, 44.353, 44.767, 44.438, 44.243, 44.535, 44.367, 43.873, 44.017, 44.28, 43.917, 43.456, 43.613, 44.502, 45.682, 45.48, 43.657, 42.485, 42.575, 42.701, 42.443, 42.316, 42.653, 42.751, 41.815, 40.598, 39.674, 39.763, 40.739, 41.261, 41.048, 40.55, 40.273, 40.218, 40.237, 40.048, 39.732, 39.665, 39.934, 40.508, 41.113, 41.134, 40.914, 40.776, 40.291, 40.159, 40.311, 40.024, 39.586, 39.085, 39.055, 39.104, 37.948, 36.481, 36.177, 36.335, 36.21, 36.23, 36.646, 37.472, 38.053, 38.169, 38.15, 38.224, 38.25, 38.051, 37.947, 37.915, 38.114, 38.116, 39.905], [40.531, 40.558, 41.101, 41.208, 40.454, 39.39, 38.503, 37.814, 37.222, 36.723, 35.728, 34.205, 32.901, 31.786, 30.456, 28.337, 26.322, 25.349, 24.352, 23.03, 21.752, 19.479, 15.391, 10.279, 5.295, 0.0, 4.823, 8.657, 11.293, 13.99, 17.778, 22.675, 26.369, 28.343, 29.2, 30.296, 31.816, 33.079, 33.883, 34.386, 34.748, 35.248, 36.115, 36.634, 36.66, 36.964, 37.499, 37.754, 37.961, 38.383, 38.924, 39.387, 39.763, 39.996, 39.9, 39.637, 39.741, 40.046, 40.015, 39.761, 39.797, 40.378, 41.031, 41.188, 41.518, 42.086, 41.756, 40.943, 41.39, 42.468, 42.631, 42.14, 41.813, 42.316, 43.491, 44.565, 44.933, 44.578, 44.379, 44.676, 44.515, 44.028, 44.163, 44.418, 44.061, 43.608, 43.751, 44.604, 45.753, 45.542, 43.736, 42.586, 42.685, 42.842, 42.632, 42.539, 42.899, 43.006, 42.076, 40.888, 39.983, 40.047, 40.968, 41.468, 41.259, 40.771, 40.503, 40.452, 40.473, 40.297, 39.997, 39.937, 40.202, 40.765, 41.355, 41.369, 41.146, 41.01, 40.541, 40.431, 40.602, 40.345, 39.935, 39.451, 39.41, 39.43, 38.275, 36.86, 36.568, 36.715, 36.578, 36.609, 37.049, 37.895, 38.469, 38.57, 38.539, 38.593, 38.592, 38.379, 38.263, 38.203, 38.376, 38.383, 40.249], [40.865, 40.904, 41.439, 41.543, 40.826, 39.82, 38.973, 38.293, 37.705, 37.227, 36.289, 34.861, 33.666, 32.646, 31.4, 29.345, 27.383, 26.485, 25.591, 24.331, 23.1, 20.944, 17.043, 12.416, 8.714, 4.823, 0.0, 4.972, 8.791, 12.236, 16.462, 21.769, 25.773, 27.923, 28.859, 30.058, 31.699, 33.043, 33.868, 34.365, 34.731, 35.242, 36.11, 36.662, 36.76, 37.113, 37.659, 37.927, 38.161, 38.596, 39.136, 39.615, 40.018, 40.255, 40.147, 39.88, 39.99, 40.301, 40.277, 40.022, 40.04, 40.586, 41.213, 41.376, 41.693, 42.226, 41.895, 41.101, 41.546, 42.619, 42.79, 42.297, 41.98, 42.49, 43.649, 44.702, 45.043, 44.665, 44.474, 44.796, 44.651, 44.159, 44.287, 44.537, 44.189, 43.748, 43.877, 44.68, 45.787, 45.562, 43.778, 42.652, 42.758, 42.927, 42.734, 42.65, 43.009, 43.111, 42.197, 41.043, 40.181, 40.241, 41.125, 41.615, 41.419, 40.943, 40.682, 40.643, 40.665, 40.485, 40.192, 40.137, 40.399, 40.955, 41.528, 41.519, 41.287, 41.157, 40.702, 40.593, 40.761, 40.524, 40.141, 39.669, 39.611, 39.613, 38.494, 37.136, 36.84, 36.976, 36.847, 36.883, 37.336, 38.185, 38.746, 38.839, 38.812, 38.87, 38.862, 38.641, 38.523, 38.459, 38.622, 38.637, 40.556], [41.181, 41.237, 41.777, 41.891, 41.212, 40.291, 39.538, 38.896, 38.304, 37.845, 36.965, 35.592, 34.444, 33.524, 32.394, 30.424, 28.538, 27.771, 27.044, 25.872, 24.697, 22.69, 18.998, 14.506, 11.262, 8.657, 4.972, 0.0, 5.098, 9.898, 14.825, 20.516, 24.856, 27.26, 28.273, 29.546, 31.357, 32.851, 33.722, 34.214, 34.583, 35.118, 36.003, 36.589, 36.751, 37.159, 37.731, 38.022, 38.3, 38.784, 39.345, 39.833, 40.249, 40.491, 40.386, 40.142, 40.264, 40.571, 40.553, 40.307, 40.322, 40.864, 41.48, 41.629, 41.889, 42.356, 42.02, 41.248, 41.67, 42.708, 42.867, 42.37, 42.059, 42.567, 43.707, 44.749, 45.065, 44.664, 44.482, 44.823, 44.689, 44.195, 44.311, 44.558, 44.221, 43.79, 43.92, 44.702, 45.779, 45.553, 43.826, 42.754, 42.869, 43.03, 42.843, 42.777, 43.136, 43.235, 42.343, 41.212, 40.389, 40.483, 41.364, 41.84, 41.641, 41.178, 40.923, 40.885, 40.906, 40.724, 40.436, 40.382, 40.64, 41.194, 41.771, 41.762, 41.523, 41.395, 40.949, 40.838, 41.003, 40.767, 40.399, 39.934, 39.854, 39.823, 38.701, 37.337, 37.008, 37.128, 37.006, 37.062, 37.549, 38.427, 39.015, 39.13, 39.121, 39.197, 39.197, 38.974, 38.852, 38.791, 38.951, 38.972, 40.855], [41.019, 41.095, 41.661, 41.792, 41.118, 40.232, 39.545, 38.923, 38.321, 37.892, 37.079, 35.773, 34.671, 33.814, 32.746, 30.844, 29.045, 28.389, 27.787, 26.704, 25.588, 23.726, 20.404, 16.472, 13.513, 11.293, 8.791, 5.098, 0.0, 5.918, 12.119, 18.529, 23.204, 25.861, 27.022, 28.419, 30.393, 32.02, 32.961, 33.474, 33.86, 34.445, 35.399, 36.022, 36.212, 36.679, 37.31, 37.641, 37.961, 38.518, 39.139, 39.651, 40.069, 40.33, 40.281, 40.08, 40.199, 40.496, 40.489, 40.259, 40.297, 40.889, 41.521, 41.656, 41.894, 42.343, 41.992, 41.219, 41.651, 42.662, 42.768, 42.236, 41.911, 42.407, 43.543, 44.583, 44.882, 44.469, 44.288, 44.626, 44.495, 43.999, 44.098, 44.34, 43.998, 43.553, 43.697, 44.51, 45.585, 45.338, 43.627, 42.603, 42.74, 42.89, 42.687, 42.627, 43.012, 43.122, 42.217, 41.066, 40.239, 40.375, 41.289, 41.753, 41.534, 41.074, 40.821, 40.769, 40.777, 40.596, 40.316, 40.269, 40.531, 41.095, 41.696, 41.708, 41.486, 41.365, 40.918, 40.816, 40.981, 40.723, 40.344, 39.873, 39.782, 39.718, 38.544, 37.153, 36.855, 36.987, 36.835, 36.873, 37.362, 38.252, 38.873, 39.019, 39.024, 39.105, 39.104, 38.871, 38.734, 38.669, 38.835, 38.862, 40.687], [40.556, 40.647, 41.248, 41.401, 40.727, 39.862, 39.212, 38.605, 38.013, 37.601, 36.83, 35.611, 34.575, 33.739, 32.689, 30.856, 29.189, 28.653, 28.145, 27.148, 26.101, 24.402, 21.543, 18.4, 15.978, 13.99, 12.236, 9.898, 5.918, 0.0, 7.453, 15.176, 20.599, 23.599, 24.949, 26.609, 28.817, 30.594, 31.642, 32.216, 32.638, 33.295, 34.367, 35.069, 35.295, 35.829, 36.542, 36.926, 37.279, 37.884, 38.566, 39.116, 39.533, 39.814, 39.835, 39.697, 39.839, 40.14, 40.143, 39.936, 40.026, 40.683, 41.353, 41.499, 41.737, 42.186, 41.822, 41.033, 41.462, 42.456, 42.518, 41.948, 41.594, 42.076, 43.215, 44.264, 44.577, 44.176, 43.986, 44.305, 44.168, 43.658, 43.719, 43.945, 43.591, 43.134, 43.295, 44.151, 45.23, 44.939, 43.192, 42.189, 42.346, 42.482, 42.262, 42.215, 42.625, 42.743, 41.803, 40.622, 39.773, 39.952, 40.942, 41.417, 41.181, 40.724, 40.483, 40.429, 40.437, 40.269, 40.002, 39.97, 40.256, 40.853, 41.481, 41.506, 41.308, 41.198, 40.738, 40.628, 40.78, 40.487, 40.082, 39.604, 39.535, 39.459, 38.21, 36.751, 36.498, 36.66, 36.463, 36.449, 36.899, 37.758, 38.375, 38.542, 38.565, 38.652, 38.645, 38.399, 38.252, 38.181, 38.369, 38.419, 40.23], [39.773, 39.88, 40.529, 40.718, 40.066, 39.319, 38.828, 38.295, 37.72, 37.344, 36.664, 35.606, 34.702, 33.938, 32.952, 31.21, 29.746, 29.419, 29.002, 28.028, 27.028, 25.568, 23.305, 21.015, 19.296, 17.778, 16.462, 14.825, 12.119, 7.453, 0.0, 8.997, 15.988, 19.932, 21.553, 23.573, 26.207, 28.304, 29.571, 30.276, 30.765, 31.543, 32.821, 33.643, 33.91, 34.535, 35.375, 35.828, 36.2, 36.827, 37.561, 38.149, 38.59, 38.904, 38.982, 38.907, 39.123, 39.485, 39.504, 39.35, 39.609, 40.416, 41.154, 41.344, 41.624, 42.087, 41.723, 40.936, 41.339, 42.296, 42.336, 41.733, 41.319, 41.767, 42.915, 43.996, 44.36, 43.995, 43.809, 44.087, 43.915, 43.381, 43.386, 43.573, 43.207, 42.718, 42.844, 43.745, 44.864, 44.531, 42.7, 41.677, 41.832, 41.925, 41.686, 41.664, 42.092, 42.209, 41.209, 39.944, 39.005, 39.213, 40.34, 40.864, 40.602, 40.127, 39.892, 39.838, 39.845, 39.676, 39.407, 39.389, 39.707, 40.348, 41.014, 41.061, 40.887, 40.782, 40.304, 40.192, 40.334, 39.99, 39.544, 39.062, 39.048, 38.982, 37.629, 36.045, 35.829, 36.021, 35.771, 35.683, 36.049, 36.857, 37.476, 37.671, 37.714, 37.804, 37.785, 37.529, 37.375, 37.293, 37.514, 37.605, 39.444], [38.576, 38.7, 39.416, 39.663, 39.083, 38.574, 38.423, 38.047, 37.469, 37.172, 36.715, 35.926, 35.257, 34.702, 33.919, 32.368, 31.177, 31.103, 30.783, 29.797, 28.811, 27.639, 26.029, 24.627, 23.665, 22.675, 21.769, 20.516, 18.529, 15.176, 8.997, 0.0, 8.74, 14.602, 16.981, 19.338, 22.409, 24.956, 26.577, 27.506, 28.122, 29.075, 30.606, 31.539, 31.821, 32.589, 33.622, 34.162, 34.544, 35.195, 35.988, 36.618, 37.109, 37.483, 37.627, 37.604, 37.901, 38.366, 38.445, 38.406, 38.989, 40.094, 40.956, 41.213, 41.594, 42.136, 41.786, 41.027, 41.42, 42.354, 42.382, 41.704, 41.143, 41.523, 42.699, 43.828, 44.257, 43.948, 43.776, 44.0, 43.757, 43.212, 43.198, 43.345, 42.941, 42.359, 42.375, 43.338, 44.569, 44.204, 42.225, 41.135, 41.299, 41.325, 41.007, 40.967, 41.408, 41.535, 40.446, 39.009, 37.868, 38.094, 39.401, 39.998, 39.692, 39.166, 38.913, 38.835, 38.816, 38.617, 38.332, 38.321, 38.65, 39.313, 40.024, 40.116, 39.989, 39.888, 39.391, 39.315, 39.477, 39.069, 38.565, 38.075, 38.145, 38.109, 36.656, 34.982, 34.889, 35.135, 34.782, 34.549, 34.769, 35.509, 36.14, 36.365, 36.399, 36.456, 36.411, 36.139, 35.97, 35.872, 36.136, 36.27, 38.216], [37.57, 37.699, 38.459, 38.745, 38.254, 37.978, 38.122, 37.872, 37.274, 37.057, 36.804, 36.213, 35.756, 35.446, 34.902, 33.564, 32.603, 32.668, 32.381, 31.388, 30.419, 29.445, 28.258, 27.451, 27.015, 26.369, 25.773, 24.856, 23.204, 20.599, 15.988, 8.74, 0.0, 7.646, 11.78, 15.039, 18.322, 21.093, 23.052, 24.258, 25.054, 26.215, 28.006, 29.068, 29.446, 30.435, 31.679, 32.32, 32.751, 33.467, 34.343, 35.019, 35.557, 36.004, 36.252, 36.293, 36.644, 37.197, 37.345, 37.405, 38.241, 39.596, 40.585, 40.915, 41.407, 42.063, 41.752, 41.006, 41.41, 42.39, 42.442, 41.654, 40.899, 41.225, 42.445, 43.607, 44.079, 43.819, 43.668, 43.858, 43.545, 42.998, 43.013, 43.148, 42.696, 42.033, 41.953, 42.965, 44.322, 43.941, 41.795, 40.616, 40.806, 40.797, 40.376, 40.272, 40.72, 40.864, 39.698, 38.113, 36.773, 36.988, 38.45, 39.132, 38.809, 38.227, 37.938, 37.825, 37.775, 37.563, 37.28, 37.271, 37.591, 38.257, 39.019, 39.16, 39.071, 38.973, 38.466, 38.433, 38.625, 38.17, 37.606, 37.097, 37.256, 37.28, 35.784, 34.079, 34.125, 34.446, 34.008, 33.622, 33.692, 34.355, 34.935, 35.138, 35.134, 35.144, 35.078, 34.784, 34.603, 34.528, 34.854, 34.996, 37.176], [37.462, 37.59, 38.339, 38.616, 38.164, 37.968, 38.191, 37.982, 37.405, 37.237, 37.066, 36.548, 36.186, 35.986, 35.552, 34.35, 33.528, 33.63, 33.341, 32.381, 31.484, 30.641, 29.656, 29.079, 28.832, 28.343, 27.923, 27.26, 25.861, 23.599, 19.932, 14.602, 7.646, 0.0, 6.405, 11.975, 15.886, 18.613, 20.609, 21.961, 22.903, 24.23, 26.241, 27.485, 28.066, 29.238, 30.586, 31.313, 31.863, 32.698, 33.644, 34.347, 34.905, 35.408, 35.747, 35.861, 36.244, 36.821, 37.002, 37.109, 38.016, 39.419, 40.434, 40.802, 41.345, 42.035, 41.757, 41.03, 41.411, 42.406, 42.496, 41.67, 40.821, 41.11, 42.309, 43.439, 43.905, 43.666, 43.535, 43.718, 43.377, 42.829, 42.865, 43.003, 42.546, 41.886, 41.793, 42.803, 44.202, 43.845, 41.671, 40.472, 40.666, 40.65, 40.214, 40.099, 40.545, 40.692, 39.531, 37.951, 36.558, 36.714, 38.177, 38.886, 38.58, 37.979, 37.659, 37.534, 37.489, 37.292, 37.014, 37.002, 37.314, 37.977, 38.767, 38.959, 38.889, 38.783, 38.281, 38.265, 38.464, 38.012, 37.427, 36.912, 37.116, 37.18, 35.728, 34.086, 34.187, 34.537, 34.106, 33.688, 33.716, 34.357, 34.877, 35.021, 34.98, 34.956, 34.875, 34.579, 34.404, 34.356, 34.704, 34.83, 37.064], [37.195, 37.334, 38.103, 38.391, 37.94, 37.752, 37.99, 37.802, 37.241, 37.088, 36.922, 36.416, 36.083, 35.906, 35.515, 34.378, 33.613, 33.755, 33.505, 32.607, 31.79, 31.072, 30.243, 29.749, 29.574, 29.2, 28.859, 28.273, 27.022, 24.949, 21.553, 16.981, 11.78, 6.405, 0.0, 7.475, 13.069, 16.522, 18.576, 19.911, 20.93, 22.37, 24.559, 25.979, 26.658, 27.891, 29.318, 30.129, 30.809, 31.796, 32.832, 33.565, 34.16, 34.734, 35.17, 35.389, 35.863, 36.484, 36.676, 36.829, 37.827, 39.308, 40.363, 40.744, 41.314, 42.033, 41.775, 41.026, 41.333, 42.33, 42.455, 41.615, 40.713, 40.987, 42.19, 43.325, 43.794, 43.539, 43.393, 43.576, 43.22, 42.654, 42.703, 42.858, 42.398, 41.75, 41.697, 42.753, 44.167, 43.813, 41.63, 40.405, 40.571, 40.525, 40.053, 39.913, 40.355, 40.502, 39.329, 37.706, 36.237, 36.365, 37.869, 38.61, 38.311, 37.702, 37.374, 37.259, 37.228, 37.026, 36.735, 36.717, 37.023, 37.686, 38.507, 38.754, 38.695, 38.572, 38.055, 38.039, 38.239, 37.78, 37.176, 36.63, 36.813, 36.868, 35.385, 33.722, 33.828, 34.175, 33.741, 33.314, 33.332, 33.995, 34.541, 34.68, 34.63, 34.612, 34.544, 34.255, 34.086, 34.051, 34.413, 34.537, 36.786], [36.496, 36.642, 37.473, 37.803, 37.359, 37.199, 37.49, 37.3