[[0.0, 15.177, 20.11, 22.09, 27.483, 32.119, 35.505, 39.515, 47.99, 49.113, 51.42, 52.485, 52.177, 52.899, 52.648, 52.417, 52.645, 53.168, 53.489, 53.997, 54.676, 55.484, 55.145, 53.949, 53.958, 54.109, 54.989, 55.681, 51.697, 48.779, 48.547, 46.072, 45.825, 46.097, 47.697, 46.966, 47.406, 47.358, 46.402, 46.111, 46.517, 47.35, 47.789, 48.15, 50.883, 52.062, 51.953, 52.113, 52.304, 52.69, 52.856, 53.581, 16.796], [15.177, 0.0, 10.324, 15.773, 23.419, 29.295, 33.228, 38.203, 47.148, 48.239, 50.463, 51.576, 51.243, 52.04, 51.815, 51.562, 51.75, 52.282, 52.674, 53.27, 53.946, 54.761, 54.504, 53.343, 53.337, 53.486, 54.429, 55.211, 51.206, 48.411, 48.143, 45.877, 45.843, 46.193, 47.794, 46.839, 47.216, 47.263, 46.2, 45.788, 46.205, 47.134, 47.633, 48.049, 51.012, 52.269, 52.166, 52.337, 52.544, 52.94, 53.108, 53.799, 27.088], [20.11, 10.324, 0.0, 8.699, 19.286, 26.151, 30.405, 36.159, 46.134, 47.25, 49.56, 50.738, 50.357, 51.206, 50.974, 50.71, 50.926, 51.519, 51.962, 52.621, 53.343, 54.207, 53.936, 52.729, 52.736, 52.931, 54.022, 54.803, 50.476, 47.585, 47.418, 44.963, 45.034, 45.385, 47.131, 46.109, 46.524, 46.563, 45.378, 44.918, 45.393, 46.43, 47.009, 47.53, 50.659, 51.953, 51.857, 52.043, 52.27, 52.695, 52.876, 53.669, 28.819], [22.09, 15.773, 8.699, 0.0, 13.868, 23.323, 27.711, 34.243, 45.447, 46.591, 49.024, 50.237, 49.79, 50.671, 50.428, 50.163, 50.429, 51.075, 51.535, 52.219, 53.004, 53.982, 53.702, 52.413, 52.438, 52.674, 53.852, 54.633, 49.871, 46.719, 46.621, 43.867, 44.065, 44.424, 46.338, 45.264, 45.581, 45.586, 44.303, 43.796, 44.325, 45.486, 46.126, 46.737, 50.087, 51.433, 51.343, 51.538, 51.772, 52.22, 52.416, 53.318, 29.486], [27.483, 23.419, 19.286, 13.868, 0.0, 16.748, 23.506, 31.828, 45.049, 46.256, 48.636, 49.882, 49.427, 50.401, 50.163, 49.908, 50.208, 50.877, 51.362, 52.103, 52.907, 53.915, 53.73, 52.399, 52.368, 52.624, 53.893, 54.763, 49.654, 46.179, 46.074, 42.916, 43.332, 43.662, 45.681, 44.539, 44.742, 44.733, 43.356, 42.768, 43.301, 44.534, 45.227, 45.868, 49.367, 50.762, 50.677, 50.883, 51.125, 51.598, 51.821, 52.772, 33.448], [32.119, 29.295, 26.151, 23.323, 16.748, 0.0, 13.125, 26.042, 41.559, 43.051, 46.007, 47.747, 47.376, 48.465, 48.242, 47.963, 48.275, 49.024, 49.547, 50.374, 51.297, 52.255, 51.788, 50.335, 50.391, 50.824, 52.829, 53.959, 48.518, 44.979, 44.931, 41.741, 42.07, 42.317, 44.583, 43.387, 43.776, 43.998, 42.641, 41.984, 42.616, 44.064, 44.877, 45.767, 49.526, 50.97, 50.878, 51.075, 51.303, 51.76, 51.979, 53.047, 37.229], [35.505, 33.228, 30.405, 27.711, 23.506, 13.125, 0.0, 23.05, 40.57, 42.018, 44.952, 46.761, 46.464, 47.59, 47.355, 47.012, 47.299, 48.101, 48.636, 49.464, 50.471, 51.486, 50.819, 49.13, 49.171, 49.576, 51.888, 53.226, 47.506, 43.869, 43.886, 40.835, 41.055, 41.233, 43.576, 42.199, 42.573, 42.924, 41.588, 40.941, 41.613, 43.209, 44.099, 45.247, 49.333, 50.86, 50.789, 50.999, 51.237, 51.691, 51.891, 53.032, 40.221], [39.515, 38.203, 36.159, 34.243, 31.828, 26.042, 23.05, 0.0, 23.891, 27.007, 32.7, 36.483, 36.44, 37.795, 37.732, 37.548, 38.12, 39.103, 39.596, 40.477, 41.837, 43.137, 42.552, 41.352, 41.847, 42.847, 46.202, 47.956, 44.111, 43.869, 43.879, 41.988, 41.956, 41.894, 44.224, 43.266, 43.728, 43.8, 42.171, 41.654, 42.17, 43.162, 43.624, 44.696, 48.992, 50.541, 50.435, 50.61, 50.742, 51.111, 51.312, 52.225, 42.817], [47.99, 47.148, 46.134, 45.447, 45.049, 41.559, 40.57, 23.891, 0.0, 7.951, 19.358, 25.843, 26.664, 28.114, 28.427, 28.537, 29.222, 29.965, 30.03, 30.682, 32.479, 33.824, 34.157, 35.271, 36.519, 38.189, 42.369, 43.725, 43.699, 48.314, 48.342, 48.681, 48.662, 48.467, 49.864, 49.616, 49.996, 49.744, 48.432, 48.188, 48.326, 48.2, 47.987, 48.426, 51.34, 52.533, 52.405, 52.464, 52.399, 52.514, 52.658, 52.962, 49.9], [49.113, 48.239, 47.25, 46.591, 46.256, 43.051, 42.018, 27.007, 7.951, 0.0, 17.269, 24.625, 25.41, 26.914, 27.242, 27.302, 27.915, 28.654, 28.728, 29.354, 31.217, 32.635, 33.338, 34.9, 36.281, 38.059, 42.291, 43.602, 43.683, 48.304, 48.391, 48.714, 48.78, 48.652, 50.057, 49.757, 50.105, 49.779, 48.441, 48.2, 48.282, 48.043, 47.76, 48.039, 50.711, 51.862, 51.734, 51.776, 51.698, 51.795, 51.923, 52.168, 51.103], [51.42, 50.463, 49.56, 49.024, 48.636, 46.007, 44.952, 32.7, 19.358, 17.269, 0.0, 11.659, 13.052, 14.343, 15.023, 15.612, 16.86, 17.873, 17.9, 18.938, 21.342, 23.035, 24.656, 27.489, 29.072, 30.707, 34.89, 36.042, 37.397, 45.787, 46.131, 48.844, 49.46, 49.048, 50.396, 50.185, 50.538, 50.396, 49.356, 49.177, 49.364, 49.293, 49.078, 49.316, 51.866, 53.036, 52.917, 52.955, 52.882, 52.934, 53.001, 53.352, 53.292], [52.485, 51.576, 50.738, 50.237, 49.882, 47.747, 46.761, 36.483, 25.843, 24.625, 11.659, 0.0, 6.374, 9.644, 10.031, 11.243, 13.008, 14.108, 13.958, 15.085, 17.731, 19.814, 22.338, 25.581, 26.998, 28.311, 31.782, 32.657, 34.335, 44.604, 44.989, 48.838, 50.04, 49.668, 50.875, 50.711, 51.068, 50.995, 49.994, 49.836, 50.047, 49.971, 49.772, 50.003, 52.499, 53.701, 53.593, 53.64, 53.597, 53.672, 53.728, 54.056, 54.378], [52.177, 51.243, 50.357, 49.79, 49.427, 47.376, 46.464, 36.44, 26.664, 25.41, 13.052, 6.374, 0.0, 5.041, 5.713, 7.29, 10.08, 11.672, 11.444, 12.79, 15.744, 18.036, 21.092, 24.802, 26.34, 27.654, 31.004, 31.712, 33.051, 43.385, 43.854, 47.825, 49.086, 48.983, 50.398, 50.173, 50.514, 50.474, 49.48, 49.317, 49.569, 49.578, 49.439, 49.676, 52.208, 53.439, 53.34, 53.388, 53.353, 53.435, 53.491, 53.872, 54.115], [52.899, 52.04, 51.206, 50.671, 50.401, 48.465, 47.59, 37.795, 28.114, 26.914, 14.343, 9.644, 5.041, 0.0, 2.274, 5.341, 9.04, 10.78, 10.5, 12.096, 15.011, 17.221, 20.63, 24.872, 26.529, 27.768, 30.857, 31.353, 32.98, 43.695, 44.226, 48.614, 49.77, 49.711, 51.074, 50.932, 51.295, 51.253, 50.329, 50.194, 50.419, 50.367, 50.204, 50.385, 52.704, 53.874, 53.778, 53.817, 53.771, 53.82, 53.857, 54.193, 54.641], [52.648, 51.815, 50.974, 50.428, 50.163, 48.242, 47.355, 37.732, 28.427, 27.242, 15.023, 10.031, 5.713, 2.274, 0.0, 4.227, 8.389, 10.242, 9.977, 11.729, 14.728, 16.907, 20.261, 24.482, 26.156, 27.401, 30.486, 30.971, 32.388, 43.111, 43.652, 48.092, 49.368, 49.341, 50.712, 50.592, 50.999, 50.978, 50.035, 49.893, 50.129, 50.095, 49.943, 50.139, 52.49, 53.669, 53.573, 53.615, 53.576, 53.635, 53.672, 54.033, 54.385], [52.417, 51.562, 50.71, 50.163, 49.908, 47.963, 47.012, 37.548, 28.537, 27.302, 15.612, 11.243, 7.29, 5.341, 4.227, 0.0, 4.76, 7.068, 7.131, 9.459, 12.664, 14.818, 18.282, 22.907, 24.736, 26.034, 29.274, 29.794, 31.083, 42.059, 42.657, 47.12, 48.516, 48.59, 50.037, 49.923, 50.367, 50.329, 49.306, 49.157, 49.408, 49.395, 49.258, 49.459, 51.849, 53.046, 52.955, 53.0, 52.963, 53.035, 53.083, 53.493, 54.256], [52.645, 51.75, 50.926, 50.429, 50.208, 48.275, 47.299, 38.12, 29.222, 27.915, 16.86, 13.008, 10.08, 9.04, 8.389, 4.76, 0.0, 2.867, 3.984, 7.186, 10.321, 12.356, 16.19, 21.497, 23.528, 24.894, 28.327, 28.914, 30.363, 41.649, 42.298, 46.817, 48.25, 48.345, 49.852, 49.784, 50.207, 50.096, 49.019, 48.874, 49.106, 49.062, 48.903, 49.048, 51.359, 52.546, 52.459, 52.499, 52.456, 52.529, 52.578, 52.986, 54.556], [53.168, 52.282, 51.519, 51.075, 50.877, 49.024, 48.101, 39.103, 29.965, 28.654, 17.873, 14.108, 11.672, 10.78, 10.242, 7.068, 2.867, 0.0, 2.656, 6.542, 9.439, 11.246, 15.434, 21.188, 23.311, 24.724, 28.207, 28.78, 30.614, 42.111, 42.751, 47.319, 48.721, 48.804, 50.271, 50.262, 50.655, 50.493, 49.436, 49.311, 49.514, 49.41, 49.213, 49.298, 51.476, 52.635, 52.546, 52.58, 52.529, 52.587, 52.626, 52.989, 55.017], [53.489, 52.674, 51.962, 51.535, 51.362, 49.547, 48.636, 39.596, 30.03, 28.728, 17.9, 13.958, 11.444, 10.5, 9.977, 7.131, 3.984, 2.656, 0.0, 4.83, 8.66, 10.673, 15.341, 21.508, 23.679, 25.09, 28.496, 28.927, 30.987, 42.503, 43.115, 47.714, 49.089, 49.168, 50.607, 50.627, 50.981, 50.802, 49.795, 49.685, 49.875, 49.736, 49.52, 49.593, 51.705, 52.839, 52.749, 52.777, 52.715, 52.757, 52.791, 53.11, 55.219], [53.997, 53.27, 52.621, 52.219, 52.103, 50.374, 49.464, 40.477, 30.682, 29.354, 18.938, 15.085, 12.79, 12.096, 11.729, 9.459, 7.186, 6.542, 4.83, 0.0, 5.326, 9.207, 15.292, 22.054, 24.313, 25.741, 28.966, 29.283, 31.686, 43.077, 43.763, 48.316, 49.58, 49.6, 50.988, 51.054, 51.364, 51.166, 50.209, 50.12, 50.277, 50.085, 49.844, 49.898, 51.901, 52.995, 52.902, 52.918, 52.838, 52.86, 52.892, 53.155, 55.72], [54.676, 53.946, 53.343, 53.004, 52.907, 51.297, 50.471, 41.837, 32.479, 31.217, 21.342, 17.731, 15.744, 15.011, 14.728, 12.664, 10.321, 9.439, 8.66, 5.326, 0.0, 6.846, 15.073, 22.3, 24.55, 25.962, 28.945, 29.224, 32.09, 43.506, 44.273, 48.929, 50.105, 50.093, 51.425, 51.559, 51.902, 51.737, 50.832, 50.766, 50.89, 50.66, 50.408, 50.403, 52.273, 53.346, 53.251, 53.258, 53.169, 53.179, 53.207, 53.445, 56.385], [55.484, 54.761, 54.207, 53.982, 53.915, 52.255, 51.486, 43.137, 33.824, 32.635, 23.035, 19.814, 18.036, 17.221, 16.907, 14.818, 12.356, 11.246, 10.673, 9.207, 6.846, 0.0, 11.066, 20.512, 23.179, 24.742, 28.217, 28.569, 32.058, 43.815, 44.534, 49.487, 50.75, 50.82, 52.05, 52.329, 52.737, 52.555, 51.752, 51.704, 51.781, 51.51, 51.265, 51.206, 52.838, 53.862, 53.783, 53.792, 53.703, 53.701, 53.731, 53.952, 56.925], [55.145, 54.504, 53.936, 53.702, 53.73, 51.788, 50.819, 42.552, 34.157, 33.338, 24.656, 22.338, 21.092, 20.63, 20.261, 18.282, 16.19, 15.434, 15.341, 15.292, 15.073, 11.066, 0.0, 12.067, 15.953, 18.159, 23.94, 25.504, 28.974, 42.071, 42.865, 48.218, 49.922, 50.144, 51.549, 51.942, 52.404, 52.048, 51.074, 50.994, 51.079, 50.855, 50.605, 50.728, 52.814, 53.944, 53.889, 53.943, 53.879, 53.906, 53.962, 54.19, 56.387], [53.949, 53.343, 52.729, 52.413, 52.399, 50.335, 49.13, 41.352, 35.271, 34.9, 27.489, 25.581, 24.802, 24.872, 24.482, 22.907, 21.497, 21.188, 21.508, 22.054, 22.3, 20.512, 12.067, 0.0, 5.115, 9.028, 18.125, 21.749, 24.245, 38.563, 39.417, 45.05, 47.342, 47.711, 49.64, 50.147, 50.705, 50.215, 48.963, 48.824, 49.011, 49.015, 48.8, 49.271, 52.406, 53.825, 53.773, 53.881, 53.864, 53.955, 54.035, 54.348, 55.234], [53.958, 53.337, 52.736, 52.438, 52.368, 50.391, 49.171, 41.847, 36.519, 36.281, 29.072, 26.998, 26.34, 26.529, 26.156, 24.736, 23.528, 23.311, 23.679, 24.313, 24.55, 23.179, 15.953, 5.115, 0.0, 5.712, 16.115, 20.426, 22.746, 37.581, 38.382, 44.231, 46.685, 47.08, 49.141, 49.712, 50.322, 49.827, 48.537, 48.39, 48.612, 48.701, 48.519, 49.045, 52.449, 53.972, 53.925, 54.042, 54.037, 54.146, 54.228, 54.576, 55.3], [54.109, 53.486, 52.931, 52.674, 52.624, 50.824, 49.576, 42.847, 38.189, 38.059, 30.707, 28.311, 27.654, 27.768, 27.401, 26.034, 24.894, 24.724, 25.09, 25.741, 25.962, 24.742, 18.159, 9.028, 5.712, 0.0, 12.042, 17.744, 20.47, 36.359, 37.305, 44.006, 46.576, 47.012, 49.235, 49.817, 50.347, 49.78, 48.47, 48.337, 48.554, 48.645, 48.484, 49.045, 52.484, 54.029, 53.991, 54.112, 54.121, 54.235, 54.312, 54.663, 55.517], [54.989, 54.429, 54.022, 53.852, 53.893, 52.829, 51.888, 46.202, 42.369, 42.291, 34.89, 31.782, 31.004, 30.857, 30.486, 29.274, 28.327, 28.207, 28.496, 28.966, 28.945, 28.217, 23.94, 18.125, 16.115, 12.042, 0.0, 9.139, 16.508, 34.921, 36.388, 44.759, 47.704, 48.158, 50.586, 51.088, 51.258, 50.453, 49.167, 49.102, 49.256, 49.185, 48.949, 49.437, 52.862, 54.444, 54.409, 54.535, 54.554, 54.638, 54.679, 54.956, 56.461], [55.681, 55.211, 54.803, 54.633, 54.763, 53.959, 53.226, 47.956, 43.725, 43.602, 36.042, 32.657, 31.712, 31.353, 30.971, 29.794, 28.914, 28.78, 28.927, 29.283, 29.224, 28.569, 25.504, 21.749, 20.426, 17.744, 9.139, 0.0, 14.926, 35.513, 37.286, 45.998, 48.94, 49.414, 51.689, 52.147, 52.256, 51.438, 50.227, 50.175, 50.406, 50.307, 50.019, 50.348, 53.462, 54.963, 54.93, 55.048, 55.059, 55.128, 55.154, 55.415, 57.05], [51.697, 51.206, 50.476, 49.871, 49.654, 48.518, 47.506, 44.111, 43.699, 43.683, 37.397, 34.335, 33.051, 32.98, 32.388, 31.083, 30.363, 30.614, 30.987, 31.686, 32.09, 32.058, 28.974, 24.245, 22.746, 20.47, 16.508, 14.926, 0.0, 24.771, 27.426, 37.932, 42.463, 43.424, 46.647, 46.929, 47.344, 46.798, 45.447, 45.278, 45.828, 46.386, 46.456, 47.23, 51.128, 52.765, 52.76, 52.94, 53.059, 53.335, 53.442, 54.156, 53.468], [48.779, 48.411, 47.585, 46.719, 46.179, 44.979, 43.869, 43.869, 48.314, 48.304, 45.787, 44.604, 43.385, 43.695, 43.111, 42.059, 41.649, 42.111, 42.503, 43.077, 43.506, 43.815, 42.071, 38.563, 37.581, 36.359, 34.921, 35.513, 24.771, 0.0, 9.799, 27.466, 35.474, 38.118, 42.577, 42.944, 44.143, 44.375, 43.52, 43.291, 43.975, 45.225, 45.801, 46.847, 50.646, 52.173, 52.174, 52.364, 52.563, 52.991, 53.161, 54.184, 50.801], [48.547, 48.143, 47.418, 46.621, 46.074, 44.931, 43.886, 43.879, 48.342, 48.391, 46.131, 44.989, 43.854, 44.226, 43.652, 42.657, 42.298, 42.751, 43.115, 43.763, 44.273, 44.534, 42.865, 39.417, 38.382, 37.305, 36.388, 37.286, 27.426, 9.799, 0.0, 23.839, 33.642, 37.032, 41.552, 42.226, 43.809, 44.23, 43.441, 43.227, 43.976, 45.268, 45.828, 46.773, 50.482, 52.007, 52.004, 52.19, 52.385, 52.82, 52.996, 53.997, 50.579], [46.072, 45.877, 44.963, 43.867, 42.916, 41.741, 40.835, 41.988, 48.681, 48.714, 48.844, 48.838, 47.825, 48.614, 48.092, 47.12, 46.817, 47.319, 47.714, 48.316, 48.929, 49.487, 48.218, 45.05, 44.231, 44.006, 44.759, 45.998, 37.932, 27.466, 23.839, 0.0, 18.533, 24.583, 30.796, 32.755, 36.403, 37.944, 37.53, 37.395, 38.603, 40.783, 41.831, 43.56, 48.599, 50.364, 50.37, 50.623, 50.885, 51.429, 51.634, 53.016, 48.173], [45.825, 45.843, 45.034, 44.065, 43.332, 42.07, 41.055, 41.956, 48.662, 48.78, 49.46, 50.04, 49.086, 49.77, 49.368, 48.516, 48.25, 48.721, 49.089, 49.58, 50.105, 50.75, 49.922, 47.342, 46.685, 46.576, 47.704, 48.94, 42.463, 35.474, 33.642, 18.533, 0.0, 15.789, 23.964, 26.825, 32.369, 34.772, 34.847, 34.895, 36.407, 38.986, 40.264, 42.401, 47.742, 49.559, 49.594, 49.86, 50.137, 50.728, 50.939, 52.452, 47.765], [46.097, 46.193, 45.385, 44.424, 43.662, 42.317, 41.233, 41.894, 48.467, 48.652, 49.048, 49.668, 48.983, 49.711, 49.341, 48.59, 48.345, 48.804, 49.168, 49.6, 50.093, 50.82, 50.144, 47.711, 47.08, 47.012, 48.158, 49.414, 43.424, 38.118, 37.032, 24.583, 15.789, 0.0, 14.43, 19.467, 26.161, 29.727, 30.756, 31.009, 32.933, 35.997, 37.502, 40.209, 46.382, 48.378, 48.436, 48.746, 49.05, 49.667, 49.889, 51.75, 48.164], [47.697, 47.794, 47.131, 46.338, 45.681, 44.583, 43.576, 44.224, 49.864, 50.057, 50.396, 50.875, 50.398, 51.074, 50.712, 50.037, 49.852, 50.271, 50.607, 50.988, 51.425, 52.05, 51.549, 49.64, 49.141, 49.235, 50.586, 51.689, 46.647, 42.577, 41.552, 30.796, 23.964, 14.43, 0.0, 13.758, 25.149, 30.731, 32.595, 32.943, 34.918, 37.853, 39.307, 41.873, 47.651, 49.553, 49.621, 49.921, 50.22, 50.822, 51.062, 52.88, 49.574], [46.966, 46.839, 46.109, 45.264, 44.539, 43.387, 42.199, 43.266, 49.616, 49.757, 50.185, 50.711, 50.173, 50.932, 50.592, 49.923, 49.784, 50.262, 50.627, 51.054, 51.559, 52.329, 51.942, 50.147, 49.712, 49.817, 51.088, 52.147, 46.929, 42.944, 42.226, 32.755, 26.825, 19.467, 13.758, 0.0, 15.983, 24.466, 27.208, 27.565, 30.067, 33.78, 35.564, 38.594, 45.483, 47.663, 47.751, 48.104, 48.458, 49.159, 49.451, 51.61, 49.348], [47.406, 47.216, 46.524, 45.581, 44.742, 43.776, 42.573, 43.728, 49.996, 50.105, 50.538, 51.068, 50.514, 51.295, 50.999, 50.367, 50.207, 50.655, 50.981, 51.364, 51.902, 52.737, 52.404, 50.705, 50.322, 50.347, 51.258, 52.256, 47.344, 44.143, 43.809, 36.403, 32.369, 26.161, 25.149, 15.983, 0.0, 13.171, 19.175, 19.691, 22.401, 26.947, 29.088, 32.529, 40.585, 43.071, 43.197, 43.652, 44.1, 44.899, 45.2, 47.773, 50.043], [47.358, 47.263, 46.563, 45.586, 44.733, 43.998, 42.924, 43.8, 49.744, 49.779, 50.396, 50.995, 50.474, 51.253, 50.978, 50.329, 50.096, 50.493, 50.802, 51.166, 51.737, 52.555, 52.048, 50.215, 49.827, 49.78, 50.453, 51.438, 46.798, 44.375, 44.23, 37.944, 34.772, 29.727, 30.731, 24.466, 13.171, 0.0, 9.726, 11.475, 13.729, 18.697, 21.098, 25.002, 34.39, 37.24, 37.39, 37.916, 38.408, 39.218, 39.488, 42.343, 49.973], [46.402, 46.2, 45.378, 44.303, 43.356, 42.641, 41.588, 42.171, 48.432, 48.441, 49.356, 49.994, 49.48, 50.329, 50.035, 49.306, 49.019, 49.436, 49.795, 50.209, 50.832, 51.752, 51.074, 48.963, 48.537, 48.47, 49.167, 50.227, 45.447, 43.52, 43.441, 37.53, 34.847, 30.756, 32.595, 27.208, 19.175, 9.726, 0.0, 4.374, 8.181, 13.414, 15.794, 20.001, 30.442, 33.538, 33.672, 34.193, 34.664, 35.507, 35.824, 38.695, 49.266], [46.111, 45.788, 44.918, 43.796, 42.768, 41.984, 40.941, 41.654, 48.188, 48.2, 49.177, 49.836, 49.317, 50.194, 49.893, 49.157, 48.874, 49.311, 49.685, 50.12, 50.766, 51.704, 50.994, 48.824, 48.39, 48.337, 49.102, 50.175, 45.278, 43.291, 43.227, 37.395, 34.895, 31.009, 32.943, 27.565, 19.691, 11.475, 4.374, 0.0, 6.532, 12.823, 15.264, 19.437, 29.988, 33.072, 33.179, 33.702, 34.182, 35.066, 35.417, 38.256, 49.081], [46.517, 46.205, 45.393, 44.325, 43.301, 42.616, 41.613, 42.17, 48.326, 48.282, 49.364, 50.047, 49.569, 50.419, 50.129, 49.408, 49.106, 49.514, 49.875, 50.277, 50.89, 51.781, 51.079, 49.011, 48.612, 48.554, 49.256, 50.406, 45.828, 43.975, 43.976, 38.603, 36.407, 32.933, 34.918, 30.067, 22.401, 13.729, 8.181, 6.532, 0.0, 7.512, 10.866, 15.877, 27.324, 30.616, 30.768, 31.356, 31.882, 32.77, 33.098, 35.76, 49.41], [47.35, 47.134, 46.43, 45.486, 44.534, 44.064, 43.209, 43.162, 48.2, 48.043, 49.293, 49.971, 49.578, 50.367, 50.095, 49.395, 49.062, 49.41, 49.736, 50.085, 50.66, 51.51, 50.855, 49.015, 48.701, 48.645, 49.185, 50.307, 46.386, 45.225, 45.268, 40.783, 38.986, 35.997, 37.853, 33.78, 26.947, 18.697, 13.414, 12.823, 7.512, 0.0, 4.602, 11.175, 23.416, 26.928, 27.167, 27.824, 28.367, 29.236, 29.543, 31.889, 50.033], [47.789, 47.633, 47.009, 46.126, 45.227, 44.877, 44.099, 43.624, 47.987, 47.76, 49.078, 49.772, 49.439, 50.204, 49.943, 49.258, 48.903, 49.213, 49.52, 49.844, 50.408, 51.265, 50.605, 48.8, 48.519, 48.484, 48.949, 50.019, 46.456, 45.801, 45.828, 41.831, 40.264, 37.502, 39.307, 35.564, 29.088, 21.098, 15.794, 15.264, 10.866, 4.602, 0.0, 8.366, 21.582, 25.213, 25.416, 26.056, 26.538, 27.378, 27.701, 29.882, 50.343], [48.15, 48.049, 47.53, 46.737, 45.868, 45.767, 45.247, 44.696, 48.426, 48.039, 49.316, 50.003, 49.676, 50.385, 50.139, 49.459, 49.048, 49.298, 49.593, 49.898, 50.403, 51.206, 50.728, 49.271, 49.045, 49.045, 49.437, 50.348, 47.23, 46.847, 46.773, 43.56, 42.401, 40.209, 41.873, 38.594, 32.529, 25.002, 20.001, 19.437, 15.877, 11.175, 8.366, 0.0, 15.136, 19.542, 19.665, 20.254, 20.742, 21.739, 22.122, 24.631, 50.563], [50.883, 51.012, 50.659, 50.087, 49.367, 49.526, 49.333, 48.992, 51.34, 50.711, 51.866, 52.499, 52.208, 52.704, 52.49, 51.849, 51.359, 51.476, 51.705, 51.901, 52.273, 52.838, 52.814, 52.406, 52.449, 52.484, 52.862, 53.462, 51.128, 50.646, 50.482, 48.599, 47.742, 46.382, 47.651, 45.483, 40.585, 34.39, 30.442, 29.988, 27.324, 23.416, 21.582, 15.136, 0.0, 5.791, 6.478, 7.165, 8.186, 10.165, 10.864, 15.19, 52.62], [52.062, 52.269, 51.953, 51.433, 50.762, 50.97, 50.86, 50.541, 52.533, 51.862, 53.036, 53.701, 53.439, 53.874, 53.669, 53.046, 52.546, 52.635, 52.839, 52.995, 53.346, 53.862, 53.944, 53.825, 53.972, 54.029, 54.444, 54.963, 52.765, 52.173, 52.007, 50.364, 49.559, 48.378, 49.553, 47.663, 43.071, 37.24, 33.538, 33.072, 30.616, 26.928, 25.213, 19.542, 5.791, 0.0, 2.179, 3.452, 5.273, 7.85, 8.7, 13.717, 53.584], [51.953, 52.166, 51.857, 51.343, 50.677, 50.878, 50.789, 50.435, 52.405, 51.734, 52.917, 53.593, 53.34, 53.778, 53.573, 52.955, 52.459, 52.546, 52.749, 52.902, 53.251, 53.783, 53.889, 53.773, 53.925, 53.991, 54.409, 54.93, 52.76, 52.174, 52.004, 50.37, 49.594, 48.436, 49.621, 47.751, 43.197, 37.39, 33.672, 33.179, 30.768, 27.167, 25.416, 19.665, 6.478, 2.179, 0.0, 1.891, 4.244, 7.008, 7.836, 13.199, 53.481], [52.113, 52.337, 52.043, 51.538, 50.883, 51.075, 50.999, 50.61, 52.464, 51.776, 52.955, 53.64, 53.388, 53.817, 53.615, 53.0, 52.499, 52.58, 52.777, 52.918, 53.258, 53.792, 53.943, 53.881, 54.042, 54.112, 54.535, 55.048, 52.94, 52.364, 52.19, 50.623, 49.86, 48.746, 49.921, 48.104, 43.652, 37.916, 34.193, 33.702, 31.356, 27.824, 26.056, 20.254, 7.165, 3.452, 1.891, 0.0, 2.679, 5.805, 6.817, 12.587, 53.63], [52.304, 52.544, 52.27, 51.772, 51.125, 51.303, 51.237, 50.742, 52.399, 51.698, 52.882, 53.597, 53.353, 53.771, 53.576, 52.963, 52.456, 52.529, 52.715, 52.838, 53.169, 53.703, 53.879, 53.864, 54.037, 54.121, 54.554, 55.059, 53.059, 52.563, 52.385, 50.885, 50.137, 49.05, 50.22, 48.458, 44.1, 38.408, 34.664, 34.182, 31.882, 28.367, 26.538, 20.742, 8.186, 5.273, 4.244, 2.679, 0.0, 3.639, 5.117, 11.335, 53.796], [52.69, 52.94, 52.695, 52.22, 51.598, 51.76, 51.691, 51.111, 52.514, 51.795, 52.934, 53.672, 53.435, 53.82, 53.635, 53.035, 52.529, 52.587, 52.757, 52.86, 53.179, 53.701, 53.906, 53.955, 54.146, 54.235, 54.638, 55.128, 53.335, 52.991, 52.82, 51.429, 50.728, 49.667, 50.822, 49.159, 44.899, 39.218, 35.507, 35.066, 32.77, 29.236, 27.378, 21.739, 10.165, 7.85, 7.008, 5.805, 3.639, 0.0, 2.29, 9.499, 54.122], [52.856, 53.108, 52.876, 52.416, 51.821, 51.979, 51.891, 51.312, 52.658, 51.923, 53.001, 53.728, 53.491, 53.857, 53.672, 53.083, 52.578, 52.626, 52.791, 52.892, 53.207, 53.731, 53.962, 54.035, 54.228, 54.312, 54.679, 55.154, 53.442, 53.161, 52.996, 51.634, 50.939, 49.889, 51.062, 49.451, 45.2, 39.488, 35.824, 35.417, 33.098, 29.543, 27.701, 22.122, 10.864, 8.7, 7.836, 6.817, 5.117, 2.29, 0.0, 8.917, 54.258], [53.581, 53.799, 53.669, 53.318, 52.772, 53.047, 53.032, 52.225, 52.962, 52.168, 53.352, 54.056, 53.872, 54.193, 54.033, 53.493, 52.986, 52.989, 53.11, 53.155, 53.445, 53.952, 54.19, 54.348, 54.576, 54.663, 54.956, 55.415, 54.156, 54.184, 53.997, 53.016, 52.452, 51.75, 52.88, 51.61, 47.773, 42.343, 38.695, 38.256, 35.76, 31.889, 29.882, 24.631, 15.19, 13.717, 13.199, 12.587, 11.335, 9.499, 8.917, 0.0, 54.789], [16.796, 27.088, 28.819, 29.486, 33.448, 37.229, 40.221, 42.817, 49.9, 51.103, 53.292, 54.378, 54.115, 54.641, 54.385, 54.256, 54.556, 55.017, 55.219, 55.72, 56.385, 56.925, 56.387, 55.234, 55.3, 55.517, 56.461, 57.05, 53.468, 50.801, 50.579, 48.173, 47.765, 48.164, 49.574, 49.348, 50.043, 49.973, 49.266, 49.081, 49.41, 50.033, 50.343, 50.563, 52.62, 53.584, 53.481, 53.63, 53.796, 54.122, 54.258, 54.789, 0.0]]