[[0.0, 6.872, 12.618, 15.769, 23.703, 27.298, 28.218, 31.705, 33.316, 34.029, 34.723, 36.758, 40.725, 41.736, 42.29, 42.785, 42.01, 40.823, 40.277, 39.878, 39.34, 38.998, 38.184, 38.446, 40.367, 40.941, 40.063, 40.925, 41.788, 41.585, 42.551, 44.915, 46.38, 46.47, 46.017, 44.933, 43.91, 42.998, 43.134, 43.705, 44.044, 43.966, 43.764, 44.031, 43.45, 42.593, 42.998, 43.251, 42.515, 41.598, 42.029, 40.318, 38.439, 39.257, 38.304, 36.55, 36.744, 36.767, 35.577, 35.94, 35.831, 36.057, 36.844, 37.018, 36.952, 37.012, 36.702, 36.292, 36.333, 36.038, 35.688, 35.909, 36.2, 36.612, 37.598, 40.412, 43.266, 42.997, 42.22, 42.326, 41.325, 40.755, 40.955, 40.484, 38.949, 38.367, 38.135, 39.075, 40.583, 40.452, 40.318, 39.999, 39.073, 38.061, 37.571, 36.828, 36.479, 37.499, 7.075], [6.872, 0.0, 8.012, 13.542, 23.009, 27.126, 28.169, 31.8, 33.497, 34.233, 34.775, 36.738, 40.839, 41.969, 42.538, 43.029, 42.316, 41.18, 40.594, 40.123, 39.562, 39.264, 38.526, 38.899, 40.893, 41.569, 40.764, 41.641, 42.513, 42.302, 43.246, 45.487, 46.828, 46.897, 46.442, 45.395, 44.428, 43.571, 43.704, 44.259, 44.588, 44.461, 44.238, 44.498, 43.876, 43.002, 43.4, 43.637, 42.923, 42.058, 42.477, 40.811, 38.982, 39.697, 38.751, 37.092, 37.314, 37.315, 36.21, 36.629, 36.535, 36.706, 37.452, 37.642, 37.6, 37.687, 37.404, 36.957, 36.997, 36.741, 36.397, 36.623, 36.926, 37.341, 38.232, 40.834, 43.653, 43.411, 42.695, 42.878, 41.905, 41.311, 41.488, 41.024, 39.539, 38.984, 38.741, 39.55, 40.948, 40.829, 40.685, 40.428, 39.609, 38.632, 38.16, 37.491, 37.217, 38.229, 10.765], [12.618, 8.012, 0.0, 10.083, 22.711, 27.427, 28.71, 32.447, 34.174, 35.014, 35.633, 37.769, 41.843, 42.943, 43.48, 43.954, 43.331, 42.249, 41.633, 41.15, 40.579, 40.269, 39.603, 39.989, 41.839, 42.559, 41.831, 42.624, 43.429, 43.233, 44.108, 46.123, 47.32, 47.375, 46.932, 45.963, 45.054, 44.233, 44.36, 44.89, 45.174, 44.984, 44.73, 44.956, 44.356, 43.534, 43.865, 44.058, 43.404, 42.67, 43.075, 41.551, 39.903, 40.465, 39.61, 38.152, 38.376, 38.385, 37.461, 37.943, 37.855, 38.01, 38.715, 38.899, 38.881, 38.955, 38.71, 38.26, 38.268, 38.078, 37.764, 37.954, 38.212, 38.561, 39.255, 41.461, 44.104, 43.889, 43.128, 43.294, 42.403, 41.824, 41.979, 41.556, 40.247, 39.766, 39.477, 39.994, 41.12, 41.004, 40.834, 40.55, 39.884, 39.081, 38.671, 38.145, 38.092, 39.128, 15.382], [15.769, 13.542, 10.083, 0.0, 15.727, 22.15, 23.576, 28.012, 30.283, 31.481, 32.906, 36.206, 40.86, 41.983, 42.568, 43.017, 42.295, 41.16, 40.607, 40.229, 39.732, 39.477, 38.703, 38.952, 40.836, 41.536, 40.763, 41.668, 42.494, 42.303, 43.216, 45.202, 46.493, 46.621, 46.206, 45.173, 44.161, 43.267, 43.464, 44.029, 44.328, 44.191, 43.913, 44.18, 43.666, 42.792, 43.132, 43.391, 42.663, 41.854, 42.455, 40.828, 39.27, 40.215, 39.219, 37.507, 37.709, 37.74, 36.472, 36.72, 36.667, 36.838, 37.489, 37.614, 37.536, 37.543, 37.283, 36.949, 36.994, 36.724, 36.541, 36.908, 37.156, 37.506, 38.593, 41.452, 44.251, 43.984, 43.384, 43.574, 42.547, 42.086, 42.429, 42.092, 40.605, 39.931, 39.659, 40.537, 42.123, 42.175, 41.987, 41.48, 40.496, 39.521, 39.034, 38.19, 37.681, 38.609, 17.718], [23.703, 23.009, 22.711, 15.727, 0.0, 10.278, 13.575, 19.333, 22.92, 25.141, 28.795, 34.309, 39.703, 40.768, 41.355, 41.74, 40.907, 39.771, 39.371, 39.209, 38.969, 38.901, 38.065, 38.169, 40.079, 40.774, 40.039, 41.065, 41.861, 41.62, 42.487, 44.33, 45.701, 45.935, 45.592, 44.556, 43.461, 42.547, 42.884, 43.432, 43.662, 43.56, 43.289, 43.647, 43.305, 42.449, 42.841, 43.212, 42.503, 41.65, 42.467, 40.779, 39.429, 40.841, 39.71, 37.717, 37.77, 37.899, 36.327, 36.112, 36.107, 36.283, 36.728, 36.764, 36.613, 36.545, 36.267, 36.087, 36.227, 35.793, 35.682, 36.247, 36.427, 36.694, 38.226, 41.977, 45.017, 44.747, 44.545, 44.793, 43.556, 43.289, 43.826, 43.479, 41.755, 40.882, 40.732, 42.355, 44.628, 44.743, 44.529, 44.036, 42.733, 41.537, 40.972, 39.729, 38.462, 39.014, 24.334], [27.298, 27.126, 27.427, 22.15, 10.278, 0.0, 8.174, 15.899, 19.755, 23.124, 28.267, 34.889, 40.412, 41.265, 41.719, 42.06, 41.247, 40.17, 39.82, 39.687, 39.414, 39.347, 38.64, 38.686, 40.437, 41.173, 40.601, 41.561, 42.24, 41.993, 42.676, 44.258, 45.586, 45.871, 45.561, 44.57, 43.494, 42.565, 42.878, 43.376, 43.519, 43.397, 43.151, 43.493, 43.184, 42.366, 42.691, 42.995, 42.318, 41.5, 42.332, 40.761, 39.821, 41.405, 40.313, 38.501, 38.467, 38.646, 37.448, 37.261, 37.271, 37.454, 37.809, 37.833, 37.68, 37.587, 37.342, 37.165, 37.264, 36.837, 36.655, 37.162, 37.304, 37.487, 38.92, 42.524, 45.442, 45.211, 45.02, 45.087, 43.785, 43.596, 44.145, 43.792, 42.096, 41.249, 41.173, 42.975, 45.259, 45.266, 45.051, 44.602, 43.215, 42.007, 41.474, 40.258, 39.03, 39.46, 27.65], [28.218, 28.169, 28.71, 23.576, 13.575, 8.174, 0.0, 10.703, 16.242, 20.143, 26.07, 33.145, 39.014, 40.043, 40.582, 40.948, 40.129, 39.063, 38.781, 38.722, 38.487, 38.456, 37.767, 37.955, 39.962, 40.76, 40.226, 41.354, 42.106, 41.83, 42.615, 44.311, 45.663, 45.938, 45.645, 44.659, 43.595, 42.671, 42.949, 43.444, 43.632, 43.541, 43.319, 43.707, 43.438, 42.661, 43.089, 43.457, 42.783, 41.999, 42.856, 41.22, 40.117, 41.679, 40.552, 38.554, 38.491, 38.717, 37.463, 37.18, 37.203, 37.373, 37.661, 37.638, 37.487, 37.401, 37.162, 37.025, 37.159, 36.686, 36.447, 37.011, 37.264, 37.521, 39.03, 42.77, 45.762, 45.487, 45.294, 45.356, 43.959, 43.734, 44.328, 43.991, 42.251, 41.363, 41.242, 43.037, 45.444, 45.499, 45.286, 44.844, 43.396, 42.099, 41.519, 40.21, 38.838, 39.226, 28.454], [31.705, 31.8, 32.447, 28.012, 19.333, 15.899, 10.703, 0.0, 9.267, 16.357, 25.017, 32.941, 38.856, 39.934, 40.427, 40.725, 39.942, 38.951, 38.825, 39.084, 39.102, 39.126, 38.449, 38.545, 40.48, 41.217, 40.683, 41.821, 42.553, 42.285, 43.148, 44.855, 46.145, 46.378, 46.101, 45.179, 44.17, 43.303, 43.594, 44.078, 44.252, 44.16, 43.961, 44.365, 44.181, 43.509, 43.989, 44.408, 43.841, 43.19, 44.046, 42.467, 41.403, 42.965, 41.884, 39.777, 39.51, 39.752, 38.522, 38.045, 38.076, 38.237, 38.396, 38.303, 38.138, 38.041, 37.837, 37.819, 38.004, 37.439, 37.138, 37.737, 38.034, 38.257, 39.768, 43.592, 46.591, 46.293, 46.178, 46.211, 44.776, 44.599, 45.198, 44.863, 43.149, 42.229, 42.113, 43.934, 46.463, 46.672, 46.458, 46.003, 44.566, 43.265, 42.677, 41.297, 39.734, 40.001, 31.882], [33.316, 33.497, 34.174, 30.283, 22.92, 19.755, 16.242, 9.267, 0.0, 12.189, 23.871, 32.684, 38.722, 39.732, 40.085, 40.292, 39.588, 38.774, 38.795, 39.189, 39.275, 39.321, 38.647, 38.607, 40.395, 41.135, 40.686, 41.796, 42.479, 42.272, 43.222, 45.009, 46.321, 46.569, 46.331, 45.452, 44.452, 43.61, 43.866, 44.298, 44.414, 44.306, 44.13, 44.515, 44.377, 43.793, 44.231, 44.602, 44.084, 43.469, 44.313, 42.797, 41.784, 43.385, 42.4, 40.433, 40.128, 40.299, 39.26, 38.788, 38.797, 38.962, 39.109, 38.972, 38.737, 38.594, 38.4, 38.424, 38.638, 38.051, 37.768, 38.38, 38.65, 38.869, 40.292, 43.907, 46.79, 46.537, 46.445, 46.388, 44.954, 44.83, 45.408, 45.069, 43.424, 42.528, 42.393, 44.155, 46.595, 46.836, 46.637, 46.156, 44.728, 43.464, 42.901, 41.547, 39.973, 40.14, 33.555], [34.029, 34.233, 35.014, 31.481, 25.141, 23.124, 20.143, 16.357, 12.189, 0.0, 14.904, 26.591, 34.06, 35.507, 35.982, 36.286, 35.716, 35.2, 35.49, 36.166, 36.625, 36.911, 36.291, 36.506, 38.71, 39.774, 39.57, 40.91, 41.73, 41.623, 43.082, 45.531, 46.952, 47.178, 46.94, 46.086, 45.141, 44.371, 44.556, 44.925, 45.038, 44.93, 44.751, 45.17, 45.167, 44.717, 45.193, 45.601, 45.128, 44.519, 45.274, 43.686, 42.391, 43.662, 42.739, 40.863, 40.612, 40.795, 39.672, 39.026, 39.002, 39.143, 39.282, 39.13, 38.869, 38.698, 38.496, 38.53, 38.693, 38.089, 37.738, 38.217, 38.653, 39.259, 40.783, 44.205, 47.007, 46.788, 46.838, 46.924, 45.434, 45.296, 45.901, 45.503, 43.882, 43.048, 42.823, 44.395, 46.701, 46.869, 46.645, 46.18, 44.819, 43.61, 43.102, 41.77, 40.108, 40.152, 34.312], [34.723, 34.775, 35.633, 32.906, 28.795, 28.267, 26.07, 25.017, 23.871, 14.904, 0.0, 15.615, 26.326, 29.021, 30.034, 30.742, 30.498, 30.529, 31.181, 32.054, 32.788, 33.329, 33.02, 34.114, 37.179, 38.873, 39.041, 40.715, 41.865, 41.864, 43.893, 47.084, 48.508, 48.66, 48.385, 47.559, 46.713, 46.026, 46.107, 46.41, 46.541, 46.43, 46.268, 46.663, 46.658, 46.343, 46.879, 47.268, 46.873, 46.446, 47.062, 45.413, 43.599, 44.364, 43.56, 41.918, 41.938, 42.109, 40.767, 39.952, 39.803, 39.916, 40.198, 40.148, 39.932, 39.734, 39.452, 39.468, 39.667, 39.125, 38.715, 39.056, 39.667, 40.713, 42.273, 45.329, 47.987, 47.797, 48.008, 48.26, 46.755, 46.542, 47.185, 46.826, 45.277, 44.43, 43.948, 45.022, 47.046, 47.163, 46.936, 46.494, 45.315, 44.237, 43.781, 42.532, 40.867, 40.808, 35.12], [36.758, 36.738, 37.769, 36.206, 34.309, 34.889, 33.145, 32.941, 32.684, 26.591, 15.615, 0.0, 14.705, 20.796, 23.299, 24.764, 25.135, 25.977, 27.221, 28.585, 29.985, 31.022, 31.006, 33.036, 37.028, 39.288, 39.739, 41.705, 43.181, 43.226, 45.624, 49.276, 50.642, 50.768, 50.495, 49.714, 48.962, 48.394, 48.453, 48.719, 48.862, 48.724, 48.583, 48.924, 48.818, 48.622, 49.271, 49.646, 49.36, 49.216, 49.732, 48.171, 46.094, 46.464, 45.828, 44.286, 44.42, 44.579, 43.079, 42.014, 41.768, 41.814, 42.127, 42.182, 42.059, 41.861, 41.537, 41.577, 41.859, 41.331, 40.815, 41.001, 41.711, 42.994, 44.431, 47.067, 49.629, 49.442, 49.694, 50.026, 48.564, 48.287, 48.937, 48.621, 47.164, 46.318, 45.543, 45.965, 47.688, 47.892, 47.696, 47.308, 46.327, 45.349, 44.933, 43.831, 42.256, 42.234, 37.211], [40.725, 40.839, 41.843, 40.86, 39.703, 40.412, 39.014, 38.856, 38.722, 34.06, 26.326, 14.705, 0.0, 11.139, 16.424, 18.731, 20.1, 22.078, 24.269, 26.575, 28.778, 30.286, 30.615, 33.215, 37.573, 40.162, 40.839, 42.942, 44.509, 44.601, 47.187, 50.898, 52.227, 52.384, 52.121, 51.438, 50.788, 50.344, 50.439, 50.682, 50.799, 50.645, 50.51, 50.809, 50.711, 50.594, 51.234, 51.564, 51.334, 51.421, 51.88, 50.527, 48.663, 48.913, 48.428, 47.074, 47.225, 47.393, 46.058, 44.892, 44.644, 44.61, 44.783, 44.861, 44.801, 44.584, 44.277, 44.287, 44.522, 44.02, 43.461, 43.538, 44.215, 45.47, 46.659, 48.788, 51.091, 50.95, 51.24, 51.556, 50.217, 49.982, 50.57, 50.223, 48.94, 48.271, 47.44, 47.394, 48.684, 48.875, 48.751, 48.406, 47.586, 46.78, 46.459, 45.552, 44.224, 44.263, 41.002], [41.736, 41.969, 42.943, 41.983, 40.768, 41.265, 40.043, 39.934, 39.732, 35.507, 29.021, 20.796, 11.139, 0.0, 7.823, 11.824, 14.257, 17.339, 20.328, 23.337, 25.919, 27.612, 28.233, 31.357, 36.201, 39.17, 40.05, 42.251, 43.836, 43.908, 46.529, 50.343, 51.903, 52.182, 51.98, 51.343, 50.705, 50.28, 50.407, 50.646, 50.748, 50.622, 50.502, 50.785, 50.768, 50.71, 51.291, 51.582, 51.323, 51.419, 51.869, 50.507, 48.681, 48.959, 48.453, 47.132, 47.297, 47.488, 46.3, 45.24, 44.992, 44.991, 45.189, 45.189, 45.062, 44.804, 44.441, 44.416, 44.683, 44.193, 43.685, 43.909, 44.557, 45.653, 46.805, 48.902, 51.12, 50.996, 51.279, 51.506, 50.222, 50.008, 50.562, 50.209, 48.983, 48.412, 47.673, 47.634, 48.777, 48.877, 48.799, 48.41, 47.51, 46.723, 46.434, 45.579, 44.349, 44.405, 41.889], [42.29, 42.538, 43.48, 42.568, 41.355, 41.719, 40.582, 40.427, 40.085, 35.982, 30.034, 23.299, 16.424, 7.823, 0.0, 6.059, 10.189, 14.302, 18.053, 21.807, 24.635, 26.373, 26.992, 30.191, 35.312, 38.505, 39.55, 41.796, 43.351, 43.409, 45.987, 49.74, 51.376, 51.715, 51.565, 50.969, 50.347, 49.928, 50.068, 50.298, 50.37, 50.263, 50.172, 50.438, 50.462, 50.471, 51.047, 51.326, 51.095, 51.241, 51.69, 50.325, 48.516, 48.874, 48.359, 47.054, 47.237, 47.471, 46.361, 45.332, 45.064, 45.073, 45.265, 45.198, 45.017, 44.734, 44.367, 44.35, 44.638, 44.166, 43.696, 44.031, 44.669, 45.706, 46.852, 48.896, 51.042, 50.931, 51.202, 51.323, 50.058, 49.878, 50.426, 50.064, 48.869, 48.348, 47.682, 47.722, 48.869, 48.917, 48.833, 48.459, 47.5, 46.678, 46.395, 45.564, 44.384, 44.441, 42.402], [42.785, 43.029, 43.954, 43.017, 41.74, 42.06, 40.948, 40.725, 40.292, 36.286, 30.742, 24.764, 18.731, 11.824, 6.059, 0.0, 6.267, 12.14, 16.523, 20.71, 23.802, 25.717, 26.36, 29.508, 34.744, 38.053, 39.161, 41.44, 42.99, 43.062, 45.692, 49.501, 51.196, 51.573, 51.429, 50.842, 50.26, 49.87, 50.014, 50.245, 50.306, 50.212, 50.139, 50.406, 50.44, 50.468, 51.053, 51.324, 51.116, 51.292, 51.744, 50.382, 48.557, 48.943, 48.415, 47.089, 47.261, 47.524, 46.443, 45.351, 45.059, 45.046, 45.177, 45.071, 44.882, 44.613, 44.273, 44.268, 44.562, 44.108, 43.676, 44.046, 44.658, 45.698, 46.874, 48.927, 51.039, 50.935, 51.238, 51.299, 50.028, 49.891, 50.454, 50.103, 48.911, 48.398, 47.77, 47.862, 49.029, 49.06, 48.963, 48.593, 47.614, 46.769, 46.472, 45.616, 44.433, 44.503, 42.874], [42.01, 42.316, 43.331, 42.295, 40.907, 41.247, 40.129, 39.942, 39.588, 35.716, 30.498, 25.135, 20.1, 14.257, 10.189, 6.267, 0.0, 7.59, 13.496, 18.541, 22.16, 24.382, 24.955, 28.176, 33.735, 37.103, 38.19, 40.517, 42.103, 42.174, 44.836, 48.754, 50.544, 50.943, 50.764, 50.123, 49.525, 49.144, 49.335, 49.607, 49.676, 49.582, 49.502, 49.795, 49.816, 49.788, 50.379, 50.658, 50.417, 50.517, 50.999, 49.569, 47.65, 48.101, 47.492, 46.06, 46.203, 46.484, 45.355, 44.221, 43.918, 43.908, 44.021, 43.871, 43.657, 43.412, 43.082, 43.101, 43.418, 42.966, 42.534, 42.915, 43.514, 44.542, 45.827, 48.132, 50.373, 50.24, 50.536, 50.627, 49.356, 49.215, 49.785, 49.442, 48.184, 47.641, 47.074, 47.275, 48.541, 48.604, 48.49, 48.051, 46.993, 46.097, 45.768, 44.847, 43.583, 43.656, 42.02], [40.823, 41.18, 42.249, 41.16, 39.771, 40.17, 39.063, 38.951, 38.774, 35.2, 30.529, 25.977, 22.078, 17.339, 14.302, 12.14, 7.59, 0.0, 7.888, 14.798, 19.372, 22.026, 22.513, 25.91, 31.976, 35.457, 36.544, 39.008, 40.688, 40.742, 43.428, 47.545, 49.496, 49.943, 49.765, 49.072, 48.426, 48.028, 48.292, 48.643, 48.749, 48.644, 48.541, 48.857, 48.844, 48.712, 49.286, 49.588, 49.267, 49.247, 49.783, 48.265, 46.368, 46.93, 46.218, 44.653, 44.747, 45.071, 43.852, 42.693, 42.417, 42.416, 42.494, 42.299, 42.068, 41.834, 41.521, 41.582, 41.916, 41.472, 41.035, 41.429, 42.041, 43.059, 44.48, 47.055, 49.414, 49.258, 49.53, 49.678, 48.441, 48.332, 48.925, 48.544, 47.185, 46.608, 46.109, 46.48, 47.884, 47.981, 47.87, 47.384, 46.244, 45.289, 44.934, 43.952, 42.601, 42.642, 40.746], [40.277, 40.594, 41.633, 40.607, 39.371, 39.82, 38.781, 38.825, 38.795, 35.49, 31.181, 27.221, 24.269, 20.328, 18.053, 16.523, 13.496, 7.888, 0.0, 8.856, 15.441, 19.0, 19.723, 23.673, 30.279, 33.973, 35.112, 37.761, 39.577, 39.609, 42.378, 46.771, 48.903, 49.431, 49.298, 48.602, 47.939, 47.514, 47.826, 48.255, 48.413, 48.289, 48.162, 48.494, 48.456, 48.258, 48.83, 49.144, 48.765, 48.672, 49.249, 47.668, 45.81, 46.387, 45.631, 43.982, 44.031, 44.398, 43.059, 41.858, 41.606, 41.601, 41.629, 41.413, 41.197, 40.971, 40.675, 40.755, 41.11, 40.707, 40.331, 40.794, 41.446, 42.499, 44.007, 46.648, 48.993, 48.836, 49.122, 49.298, 48.082, 48.011, 48.645, 48.247, 46.821, 46.195, 45.676, 46.163, 47.657, 47.739, 47.619, 47.164, 46.047, 45.061, 44.672, 43.647, 42.266, 42.308, 40.214], [39.878, 40.123, 41.15, 40.229, 39.209, 39.687, 38.722, 39.084, 39.189, 36.166, 32.054, 28.585, 26.575, 23.337, 21.807, 20.71, 18.541, 14.798, 8.856, 0.0, 9.107, 14.59, 16.093, 21.505, 28.963, 32.941, 34.145, 36.959, 38.919, 38.933, 41.741, 46.307, 48.549, 49.115, 49.003, 48.311, 47.652, 47.212, 47.52, 47.99, 48.237, 48.166, 48.03, 48.365, 48.326, 48.099, 48.67, 48.998, 48.571, 48.323, 48.932, 47.343, 45.437, 45.933, 45.107, 43.483, 43.597, 43.927, 42.434, 41.282, 41.031, 41.016, 41.109, 40.963, 40.818, 40.637, 40.325, 40.297, 40.599, 40.274, 39.933, 40.356, 41.036, 42.184, 43.69, 46.23, 48.554, 48.405, 48.651, 48.793, 47.571, 47.466, 48.093, 47.721, 46.305, 45.67, 45.126, 45.629, 47.104, 47.151, 47.023, 46.64, 45.646, 44.684, 44.287, 43.308, 42.041, 42.155, 39.878], [39.34, 39.562, 40.579, 39.732, 38.969, 39.414, 38.487, 39.102, 39.275, 36.625, 32.788, 29.985, 28.778, 25.919, 24.635, 23.802, 22.16, 19.372, 15.441, 9.107, 0.0, 7.644, 11.068, 18.253, 26.738, 31.177, 32.519, 35.472, 37.588, 37.632, 40.449, 45.275, 47.73, 48.369, 48.318, 47.612, 46.942, 46.498, 46.775, 47.275, 47.62, 47.655, 47.545, 47.846, 47.82, 47.605, 48.135, 48.43, 47.952, 47.547, 48.145, 46.538, 44.618, 45.086, 44.193, 42.625, 42.878, 43.168, 41.581, 40.578, 40.326, 40.341, 40.66, 40.696, 40.657, 40.524, 40.167, 39.989, 40.19, 39.927, 39.545, 39.864, 40.53, 41.685, 43.13, 45.57, 47.854, 47.705, 47.826, 47.849, 46.675, 46.558, 47.152, 46.808, 45.448, 44.861, 44.354, 44.876, 46.311, 46.262, 46.136, 45.788, 44.863, 43.945, 43.566, 42.687, 41.626, 41.81, 39.351], [38.998, 39.264, 40.269, 39.477, 38.901, 39.347, 38.456, 39.126, 39.321, 36.911, 33.329, 31.022, 30.286, 27.612, 26.373, 25.717, 24.382, 22.026, 19.0, 14.59, 7.644, 0.0, 7.125, 16.765, 25.431, 29.964, 31.364, 34.311, 36.495, 36.568, 39.382, 44.417, 47.06, 47.768, 47.758, 47.014, 46.316, 45.863, 46.156, 46.708, 47.073, 47.131, 47.075, 47.377, 47.342, 47.142, 47.641, 47.896, 47.412, 46.969, 47.527, 45.907, 44.047, 44.55, 43.612, 42.012, 42.325, 42.637, 41.005, 40.077, 39.812, 39.868, 40.378, 40.542, 40.546, 40.412, 40.016, 39.808, 39.987, 39.716, 39.311, 39.674, 40.353, 41.442, 42.845, 45.302, 47.578, 47.419, 47.439, 47.375, 46.225, 46.108, 46.665, 46.302, 44.96, 44.386, 43.898, 44.502, 45.98, 45.837, 45.706, 45.391, 44.465, 43.549, 43.161, 42.33, 41.388, 41.63, 38.968], [38.184, 38.526, 39.603, 38.703, 38.065, 38.64, 37.767, 38.449, 38.647, 36.291, 33.02, 31.006, 30.615, 28.233, 26.992, 26.36, 24.955, 22.513, 19.723, 16.093, 11.068, 7.125, 0.0, 12.919, 23.547, 28.495, 29.962, 33.1, 35.375, 35.462, 38.383, 43.562, 46.284, 47.017, 46.983, 46.168, 45.449, 44.999, 45.325, 45.933, 46.318, 46.34, 46.263, 46.64, 46.618, 46.325, 46.817, 47.118, 46.655, 46.276, 46.873, 45.199, 43.33, 43.885, 42.911, 41.158, 41.424, 41.767, 40.1, 39.128, 38.84, 38.877, 39.355, 39.485, 39.471, 39.344, 38.944, 38.749, 38.911, 38.573, 38.172, 38.633, 39.332, 40.399, 41.915, 44.66, 47.098, 46.938, 46.958, 46.852, 45.678, 45.589, 46.168, 45.764, 44.335, 43.712, 43.224, 43.926, 45.539, 45.467, 45.326, 44.955, 43.936, 42.952, 42.538, 41.658, 40.688, 40.982, 38.092], [38.446, 38.899, 39.989, 38.952, 38.169, 38.686, 37.955, 38.545, 38.607, 36.506, 34.114, 33.036, 33.215, 31.357, 30.191, 29.508, 28.176, 25.91, 23.673, 21.505, 18.253, 16.765, 12.919, 0.0, 14.452, 21.769, 23.933, 27.483, 30.317, 30.701, 33.944, 40.233, 43.627, 44.582, 44.796, 44.074, 43.367, 42.989, 43.374, 44.041, 44.601, 44.898, 44.884, 45.241, 45.528, 45.512, 46.037, 46.387, 45.986, 45.71, 46.441, 44.825, 43.29, 43.808, 42.871, 41.175, 41.284, 41.64, 40.254, 39.322, 39.039, 39.045, 39.361, 39.356, 39.283, 39.159, 38.866, 38.673, 38.703, 38.366, 37.985, 38.362, 39.014, 39.97, 41.459, 44.307, 46.751, 46.559, 46.502, 46.241, 45.068, 45.086, 45.715, 45.329, 43.842, 43.184, 42.748, 43.562, 45.26, 45.235, 45.112, 44.721, 43.652, 42.655, 42.264, 41.402, 40.491, 40.84, 38.328], [40.367, 40.893, 41.839, 40.836, 40.079, 40.437, 39.962, 40.48, 40.395, 38.71, 37.179, 37.028, 37.573, 36.201, 35.312, 34.744, 33.735, 31.976, 30.279, 28.963, 26.738, 25.431, 23.547, 14.452, 0.0, 10.485, 14.93, 18.504, 21.843, 22.933, 26.639, 35.12, 39.804, 41.198, 41.909, 41.508, 40.923, 40.734, 41.219, 41.853, 42.588, 43.405, 43.711, 43.924, 44.664, 45.485, 46.231, 46.511, 46.224, 46.196, 46.985, 45.628, 44.638, 45.023, 44.146, 42.632, 42.592, 42.847, 41.745, 40.931, 40.674, 40.668, 40.847, 40.764, 40.67, 40.546, 40.392, 40.228, 40.139, 39.927, 39.669, 39.967, 40.531, 41.285, 42.454, 44.946, 47.131, 46.929, 46.81, 46.467, 45.381, 45.493, 46.08, 45.707, 44.354, 43.739, 43.358, 44.303, 45.976, 45.829, 45.733, 45.544, 44.605, 43.681, 43.318, 42.546, 41.802, 42.176, 40.216], [40.941, 41.569, 42.559, 41.536, 40.774, 41.173, 40.76, 41.217, 41.135, 39.774, 38.873, 39.288, 40.162, 39.17, 38.505, 38.053, 37.103, 35.457, 33.973, 32.941, 31.177, 29.964, 28.495, 21.769, 10.485, 0.0, 7.366, 12.332, 15.524, 16.985, 21.803, 32.319, 37.879, 39.481, 40.43, 40.17, 39.697, 39.703, 40.3, 40.958, 41.821, 42.848, 43.313, 43.555, 44.324, 45.401, 46.391, 46.696, 46.377, 46.362, 47.187, 45.887, 45.004, 45.442, 44.498, 42.895, 42.816, 43.005, 41.732, 40.844, 40.604, 40.562, 40.674, 40.613, 40.545, 40.446, 40.355, 40.246, 40.155, 39.983, 39.8, 40.097, 40.623, 41.286, 42.33, 44.768, 46.938, 46.748, 46.627, 46.364, 45.358, 45.516, 46.094, 45.707, 44.391, 43.841, 43.53, 44.637, 46.423, 46.277, 46.212, 46.112, 45.179, 44.23, 43.83, 43.039, 42.342, 42.773, 40.668], [40.063, 40.764, 41.831, 40.763, 40.039, 40.601, 40.226, 40.683, 40.686, 39.57, 39.041, 39.739, 40.839, 40.05, 39.55, 39.161, 38.19, 36.544, 35.112, 34.145, 32.519, 31.364, 29.962, 23.933, 14.93, 7.366, 0.0, 7.532, 12.116, 13.412, 19.145, 31.118, 37.066, 38.631, 39.545, 39.208, 38.759, 38.837, 39.461, 40.177, 41.111, 42.166, 42.623, 42.926, 43.702, 44.699, 45.763, 46.169, 45.83, 45.654, 46.511, 45.165, 44.18, 44.705, 43.718, 42.02, 41.988, 42.153, 40.648, 39.675, 39.425, 39.371, 39.508, 39.517, 39.5, 39.415, 39.302, 39.163, 39.028, 38.846, 38.69, 39.006, 39.528, 40.174, 41.251, 43.875, 46.196, 45.992, 45.909, 45.785, 44.773, 44.889, 45.478, 45.086, 43.723, 43.19, 42.918, 44.104, 45.992, 45.891, 45.858, 45.749, 44.756, 43.757, 43.323, 42.478, 41.739, 42.231, 39.688], [40.925, 41.641, 42.624, 41.668, 41.065, 41.561, 41.354, 41.821, 41.796, 40.91, 40.715, 41.705, 42.942, 42.251, 41.796, 41.44, 40.517, 39.008, 37.761, 36.959, 35.472, 34.311, 33.1, 27.483, 18.504, 12.332, 7.532, 0.0, 7.209, 9.782, 15.422, 29.058, 35.638, 37.265, 38.318, 38.071, 37.678, 37.811, 38.419, 39.105, 40.074, 41.276, 41.848, 42.122, 43.094, 44.418, 45.522, 45.915, 45.748, 45.664, 46.536, 45.388, 44.635, 45.123, 44.217, 42.69, 42.688, 42.828, 41.482, 40.609, 40.349, 40.334, 40.497, 40.509, 40.508, 40.416, 40.308, 40.135, 39.942, 39.799, 39.634, 39.877, 40.289, 40.797, 41.696, 44.154, 46.42, 46.2, 46.12, 46.047, 45.113, 45.221, 45.766, 45.373, 44.095, 43.636, 43.421, 44.591, 46.397, 46.276, 46.26, 46.235, 45.334, 44.4, 43.979, 43.197, 42.565, 43.087, 40.565], [41.788, 42.513, 43.429, 42.494, 41.861, 42.24, 42.106, 42.553, 42.479, 41.73, 41.865, 43.181, 44.509, 43.836, 43.351, 42.99, 42.103, 40.688, 39.577, 38.919, 37.588, 36.495, 35.375, 30.317, 21.843, 15.524, 12.116, 7.209, 0.0, 5.083, 11.943, 26.29, 33.433, 35.217, 36.592, 36.582, 36.255, 36.503, 37.211, 37.889, 38.897, 40.24, 40.933, 41.181, 42.266, 43.982, 45.304, 45.68, 45.642, 45.864, 46.811, 45.748, 45.204, 45.778, 44.871, 43.365, 43.309, 43.415, 42.211, 41.457, 41.236, 41.242, 41.397, 41.372, 41.328, 41.208, 41.125, 40.978, 40.8, 40.665, 40.466, 40.707, 41.082, 41.498, 42.286, 44.622, 46.825, 46.595, 46.434, 46.325, 45.512, 45.681, 46.205, 45.814, 44.607, 44.203, 44.054, 45.25, 47.021, 46.865, 46.825, 46.843, 45.964, 45.047, 44.634, 43.889, 43.333, 43.854, 41.435], [41.585, 42.302, 43.233, 42.303, 41.62, 41.993, 41.83, 42.285, 42.272, 41.623, 41.864, 43.226, 44.601, 43.908, 43.409, 43.062, 42.174, 40.742, 39.609, 38.933, 37.632, 36.568, 35.462, 30.701, 22.933, 16.985, 13.412, 9.782, 5.083, 0.0, 9.938, 25.441, 32.839, 34.669, 36.089, 36.097, 35.778, 36.019, 36.742, 37.441, 38.476, 39.834, 40.524, 40.793, 41.897, 43.636, 45.043, 45.499, 45.475, 45.743, 46.758, 45.653, 45.074, 45.721, 44.794, 43.214, 43.157, 43.266, 42.0, 41.245, 41.037, 41.048, 41.197, 41.164, 41.106, 40.977, 40.88, 40.749, 40.587, 40.425, 40.222, 40.494, 40.891, 41.302, 42.126, 44.55, 46.79, 46.548, 46.378, 46.301, 45.517, 45.684, 46.206, 45.824, 44.609, 44.192, 44.026, 45.231, 47.043, 46.885, 46.836, 46.841, 45.896, 44.918, 44.491, 43.731, 43.146, 43.649, 41.199], [42.551, 43.246, 44.108, 43.216, 42.487, 42.676, 42.615, 43.148, 43.222, 43.082, 43.893, 45.624, 47.187, 46.529, 45.987, 45.692, 44.836, 43.428, 42.378, 41.741, 40.449, 39.382, 38.383, 33.944, 26.639, 21.803, 19.145, 15.422, 11.943, 9.938, 0.0, 18.791, 28.092, 30.345, 32.186, 32.554, 32.444, 32.929, 33.87, 34.623, 35.827, 37.587, 38.504, 38.747, 40.19, 42.451, 44.045, 44.543, 44.717, 45.142, 46.225, 45.328, 45.096, 45.875, 45.013, 43.642, 43.675, 43.785, 42.754, 42.372, 42.257, 42.32, 42.482, 42.403, 42.338, 42.268, 42.236, 42.034, 41.779, 41.632, 41.379, 41.602, 41.875, 42.044, 42.733, 45.058, 47.187, 46.859, 46.491, 46.317, 45.655, 45.847, 46.316, 45.963, 44.84, 44.459, 44.348, 45.636, 47.515, 47.339, 47.235, 47.34, 46.49, 45.503, 45.056, 44.365, 43.963, 44.54, 42.123], [44.915, 45.487, 46.123, 45.202, 44.33, 44.258, 44.311, 44.855, 45.009, 45.531, 47.084, 49.276, 50.898, 50.343, 49.74, 49.501, 48.754, 47.545, 46.771, 46.307, 45.275, 44.417, 43.562, 40.233, 35.12, 32.319, 31.118, 29.058, 26.29, 25.441, 18.791, 0.0, 12.815, 17.088, 20.738, 22.741, 23.342, 25.135, 27.336, 28.309, 29.693, 32.169, 33.506, 33.724, 35.943, 39.396, 41.553, 42.089, 42.766, 43.97, 45.147, 44.579, 44.939, 46.21, 45.477, 44.426, 44.652, 44.714, 44.128, 44.325, 44.356, 44.476, 44.622, 44.49, 44.447, 44.471, 44.546, 44.356, 44.11, 44.007, 43.697, 44.01, 44.253, 44.176, 44.688, 46.872, 48.874, 48.457, 47.738, 47.184, 46.776, 47.112, 47.51, 47.19, 46.1, 45.648, 45.68, 47.251, 49.239, 49.076, 48.862, 48.977, 48.162, 47.187, 46.733, 46.104, 45.856, 46.411, 44.399], [46.38, 46.828, 47.32, 46.493, 45.701, 45.586, 45.663, 46.145, 46.321, 46.952, 48.508, 50.642, 52.227, 51.903, 51.376, 51.196, 50.544, 49.496, 48.903, 48.549, 47.73, 47.06, 46.284, 43.627, 39.804, 37.879, 37.066, 35.638, 33.433, 32.839, 28.092, 12.815, 0.0, 7.506, 13.913, 17.548, 18.946, 22.089, 25.208, 26.352, 27.74, 30.289, 31.646, 31.858, 34.219, 37.958, 40.379, 40.979, 41.919, 43.695, 44.99, 44.647, 45.398, 46.767, 46.175, 45.322, 45.67, 45.729, 45.359, 45.704, 45.765, 45.853, 45.943, 45.836, 45.879, 45.947, 46.059, 45.894, 45.641, 45.571, 45.265, 45.503, 45.738, 45.658, 45.978, 47.81, 49.656, 49.244, 48.534, 48.016, 47.823, 48.232, 48.602, 48.27, 47.166, 46.703, 46.808, 48.418, 50.43, 50.406, 50.159, 50.304, 49.561, 48.622, 48.167, 47.539, 47.22, 47.605, 45.863], [46.47, 46.897, 47.375, 46.621, 45.935, 45.871, 45.938, 46.378, 46.569, 47.178, 48.66, 50.768, 52.384, 52.182, 51.715, 51.573, 50.943, 49.943, 49.431, 49.115, 48.369, 47.768, 47.017, 44.582, 41.198, 39.481, 38.631, 37.265, 35.217, 34.669, 30.345, 17.088, 7.506, 0.0, 8.488, 13.636, 15.486, 19.332, 22.953, 24.253, 25.854, 28.707, 30.214, 30.381, 32.783, 36.727, 39.309, 39.986, 41.038, 42.933, 44.262, 44.094, 45.075, 46.547, 46.072, 45.367, 45.76, 45.814, 45.537, 45.928, 45.987, 46.085, 46.188, 46.105, 46.189, 46.274, 46.38, 46.197, 45.939, 45.875, 45.562, 45.777, 45.98, 45.871, 46.114, 47.713, 49.42, 48.985, 48.276, 47.856, 47.766, 48.173, 48.511, 48.187, 47.156, 46.747, 46.881, 48.419, 50.358, 50.374, 50.106, 50.254, 49.564, 48.655, 48.215, 47.63, 47.35, 47.72, 45.973], [46.017, 46.442, 46.932, 46.206, 45.592, 45.561, 45.645, 46.101, 46.331, 46.94, 48.385, 50.495, 52.121, 51.98, 51.565, 51.429, 50.764, 49.765, 49.298, 49.003, 48.318, 47.758, 46.983, 44.796, 41.909, 40.43, 39.545, 38.318, 36.592, 36.089, 32.186, 20.738, 13.913, 8.488, 0.0, 7.096, 10.218, 14.763, 18.856, 20.4, 22.228, 25.359, 27.015, 27.244, 29.762, 33.898, 36.67, 37.455, 38.599, 40.707, 42.143, 42.246, 43.795, 45.518, 45.15, 44.695, 45.21, 45.287, 45.123, 45.605, 45.64, 45.734, 45.902, 45.864, 45.975, 46.059, 46.112, 45.856, 45.556, 45.486, 45.122, 45.275, 45.422, 45.261, 45.44, 46.855, 48.484, 48.054, 47.396, 47.084, 47.01, 47.399, 47.727, 47.427, 46.484, 46.145, 46.26, 47.736, 49.68, 49.817, 49.58, 49.717, 49.073, 48.185, 47.758, 47.219, 46.994, 47.385, 45.508], [44.933, 45.395, 45.963, 45.173, 44.556, 44.57, 44.659, 45.179, 45.452, 46.086, 47.559, 49.714, 51.438, 51.343, 50.969, 50.842, 50.123, 49.072, 48.602, 48.311, 47.612, 47.014, 46.168, 44.074, 41.508, 40.17, 39.208, 38.071, 36.582, 36.097, 32.554, 22.741, 17.548, 13.636, 7.096, 0.0, 5.765, 12.278, 16.447, 18.105, 20.251, 23.43, 25.004, 25.297, 27.77, 31.849, 34.693, 35.521, 36.636, 38.759, 40.282, 40.439, 42.345, 44.337, 43.937, 43.48, 44.101, 44.232, 43.987, 44.504, 44.546, 44.633, 44.84, 44.832, 44.947, 45.026, 45.019, 44.729, 44.424, 44.314, 43.907, 44.044, 44.183, 43.999, 44.187, 45.7, 47.447, 46.997, 46.357, 46.166, 46.037, 46.373, 46.723, 46.424, 45.423, 45.08, 45.198, 46.739, 48.833, 49.092, 48.896, 48.978, 48.285, 47.359, 46.913, 46.355, 46.093, 46.495, 44.39], [43.91, 44.428, 45.054, 44.161, 43.461, 43.494, 43.595, 44.17, 44.452, 45.141, 46.713, 48.962, 50.788, 50.705, 50.347, 50.26, 49.525, 48.426, 47.939, 47.652, 46.942, 46.316, 45.449, 43.367, 40.923, 39.697, 38.759, 37.678, 36.255, 35.778, 32.444, 23.342, 18.946, 15.486, 10.218, 5.765, 0.0, 8.765, 14.102, 15.922, 18.074, 21.391, 23.035, 23.401, 25.974, 30.082, 32.962, 33.854, 35.025, 37.256, 38.874, 38.998, 40.978, 43.17, 42.805, 42.342, 43.002, 43.16, 42.919, 43.42, 43.467, 43.604, 43.848, 43.826, 43.913, 43.976, 43.917, 43.664, 43.435, 43.297, 42.916, 43.093, 43.245, 43.106, 43.407, 45.15, 47.089, 46.661, 46.04, 45.924, 45.735, 46.024, 46.372, 46.052, 44.977, 44.594, 44.714, 46.329, 48.511, 48.8, 48.604, 48.629, 47.849, 46.874, 46.412, 45.801, 45.438, 45.818, 43.32], [42.998, 43.571, 44.233, 43.267, 42.547, 42.565, 42.671, 43.303, 43.61, 44.371, 46.026, 48.394, 50.344, 50.28, 49.928, 49.87, 49.144, 48.028, 47.514, 47.212, 46.498, 45.863, 44.999, 42.989, 40.734, 39.703, 38.837, 37.811, 36.503, 36.019, 32.929, 25.135, 22.089, 19.332, 14.763, 12.278, 8.765, 0.0, 7.169, 10.298, 12.665, 16.393, 18.391, 18.873, 21.841, 26.453, 29.571, 30.589, 31.974, 34.616, 36.452, 36.764, 39.397, 41.872, 41.647, 41.373, 42.028, 42.233, 42.156, 42.748, 42.796, 42.988, 43.3, 43.265, 43.323, 43.377, 43.292, 43.045, 42.812, 42.658, 42.274, 42.412, 42.518, 42.393, 42.752, 44.575, 46.607, 46.192, 45.622, 45.618, 45.378, 45.614, 45.96, 45.643, 44.522, 44.108, 44.171, 45.799, 48.056, 48.387, 48.199, 48.206, 47.406, 46.433, 45.965, 45.33, 44.984, 45.425, 42.392], [43.134, 43.704, 44.36, 43.464, 42.884, 42.878, 42.949, 43.594, 43.866, 44.556, 46.107, 48.453, 50.439, 50.407, 50.068, 50.014, 49.335, 48.292, 47.826, 47.52, 46.775, 46.156, 45.325, 43.374, 41.219, 40.3, 39.461, 38.419, 37.211, 36.742, 33.87, 27.336, 25.208, 22.953, 18.856, 16.447, 14.102, 7.169, 0.0, 4.992, 9.078, 13.509, 15.739, 16.268, 19.546, 24.635, 27.927, 29.033, 30.596, 33.513, 35.479, 35.96, 39.032, 41.527, 41.424, 41.383, 42.12, 42.361, 42.451, 43.174, 43.217, 43.4, 43.733, 43.725, 43.804, 43.866, 43.773, 43.482, 43.19, 43.028, 42.615, 42.674, 42.728, 42.571, 42.85, 44.525, 46.505, 46.077, 45.556, 45.659, 45.43, 45.631, 45.961, 45.659, 44.552, 44.149, 44.149, 45.684, 47.922, 48.309, 48.145, 48.137, 47.382, 46.464, 46.013, 45.412, 45.146, 45.617, 42.578], [43.705, 44.259, 44.89, 44.029, 43.432, 43.376, 43.444, 44.078, 44.298, 44.925, 46.41, 48.719, 50.682, 50.646, 50.298, 50.245, 49.607, 48.643, 48.255, 47.99, 47.275, 46.708, 45.933, 44.041, 41.853, 40.958, 40.177, 39.105, 37.889, 37.441, 34.623, 28.309, 26.352, 24.253, 20.4, 18.105, 15.922, 10.298, 4.992, 0.0, 6.046, 11.851, 14.428, 14.914, 18.653, 24.233, 27.615, 28.78, 30.578, 33.71, 35.707, 36.25, 39.302, 41.708, 41.667, 41.718, 42.496, 42.74, 42.899, 43.661, 43.705, 43.893, 44.224, 44.222, 44.309, 44.374, 44.267, 43.98, 43.707, 43.555, 43.169, 43.235, 43.279, 43.138, 43.406, 45.038, 46.99, 46.572, 46.11, 46.194, 45.961, 46.177, 46.498, 46.182, 45.084, 44.682, 44.681, 46.189, 48.376, 48.751, 48.595, 48.579, 47.818, 46.917, 46.481, 45.909, 45.662, 46.098, 43.166], [44.044, 44.588, 45.174, 44.328, 43.662, 43.519, 43.632, 44.252, 44.414, 45.038, 46.541, 48.862, 50.799, 50.748, 50.37, 50.306, 49.676, 48.749, 48.413, 48.237, 47.62, 47.073, 46.318, 44.601, 42.588, 41.821, 41.111, 40.074, 38.897, 38.476, 35.827, 29.693, 27.74, 25.854, 22.228, 20.251, 18.074, 12.665, 9.078, 6.046, 0.0, 7.075, 10.745, 11.5, 15.946, 22.269, 25.877, 27.175, 29.389, 33.027, 35.118, 35.811, 39.115, 41.612, 41.638, 41.796, 42.593, 42.838, 43.168, 43.957, 43.993, 44.216, 44.547, 44.528, 44.593, 44.632, 44.507, 44.245, 44.027, 43.889, 43.548, 43.641, 43.7, 43.62, 43.944, 45.612, 47.58, 47.217, 46.913, 47.017, 46.714, 46.891, 47.204, 46.874, 45.761, 45.337, 45.327, 46.816, 48.929, 49.263, 49.1, 49.051, 48.232, 47.323, 46.897, 46.324, 46.067, 46.465, 43.511], [43.966, 44.461, 44.984, 44.191, 43.56, 43.397, 43.541, 44.16, 44.306, 44.93, 46.43, 48.724, 50.645, 50.622, 50.263, 50.212, 49.582, 48.644, 48.289, 48.166, 47.655, 47.131, 46.34, 44.898, 43.405, 42.848, 42.166, 41.276, 40.24, 39.834, 37.587, 32.169, 30.289, 28.707, 25.359, 23.43, 21.391, 16.393, 13.509, 11.851, 7.075, 0.0, 5.244, 7.478, 12.234, 18.88, 22.917, 24.509, 27.218, 31.642, 33.999, 34.832, 38.683, 41.365, 41.426, 41.666, 42.507, 42.752, 43.184, 44.009, 44.036, 44.254, 44.566, 44.55, 44.616, 44.64, 44.49, 44.222, 44.027, 43.901, 43.58, 43.654, 43.735, 43.704, 44.057, 45.718, 47.717, 47.416, 47.291, 47.525, 47.176, 47.303, 47.628, 47.287, 46.161, 45.746, 45.7, 47.112, 49.197, 49.573, 49.421, 49.366, 48.53, 47.614, 47.192, 46.616, 46.335, 46.696, 43.449], [43.764, 44.238, 44.73, 43.913, 43.289, 43.151, 43.319, 43.961, 44.13, 44.751, 46.268, 48.583, 50.51, 50.502, 50.172, 50.139, 49.502, 48.541, 48.162, 48.03, 47.545, 47.075, 46.263, 44.884, 43.711, 43.313, 42.623, 41.848, 40.933, 40.524, 38.504, 33.506, 31.646, 30.214, 27.015, 25.004, 23.035, 18.391, 15.739, 14.428, 10.745, 5.244, 0.0, 4.657, 10.533, 16.626, 20.625, 22.48, 25.472, 30.427, 33.078, 33.983, 38.235, 41.103, 41.159, 41.437, 42.307, 42.545, 42.96, 43.807, 43.844, 44.041, 44.352, 44.341, 44.418, 44.454, 44.303, 44.031, 43.83, 43.71, 43.405, 43.465, 43.563, 43.554, 43.936, 45.614, 47.648, 47.377, 47.274, 47.519, 47.18, 47.345, 47.705, 47.351, 46.193, 45.794, 45.738, 47.1, 49.196, 49.643, 49.513, 49.455, 48.626, 47.717, 47.296, 46.709, 46.405, 46.747, 43.241], [44.031, 44.498, 44.956, 44.18, 43.647, 43.493, 43.707, 44.365, 44.515, 45.17, 46.663, 48.924, 50.809, 50.785, 50.438, 50.406, 49.795, 48.857, 48.494, 48.365, 47.846, 47.377, 46.64, 45.241, 43.924, 43.555, 42.926, 42.122, 41.181, 40.793, 38.747, 33.724, 31.858, 30.381, 27.244, 25.297, 23.401, 18.873, 16.268, 14.914, 11.5, 7.478, 4.657, 0.0, 8.293, 15.881, 19.893, 21.589, 24.765, 29.969, 32.689, 33.716, 38.096, 41.018, 41.142, 41.524, 42.422, 42.652, 43.138, 44.024, 44.066, 44.288, 44.644, 44.649, 44.737, 44.786, 44.648, 44.385, 44.187, 44.078, 43.787, 43.85, 43.938, 43.916, 44.271, 45.877, 47.857, 47.582, 47.412, 47.599, 47.308, 47.505, 47.859, 47.507, 46.356, 45.955, 45.893, 47.215, 49.246, 49.673, 49.545, 49.466, 48.658, 47.799, 47.399, 46.837, 46.567, 46.917, 43.516], [43.45, 43.876, 44.356, 43.666, 43.305, 43.184, 43.438, 44.181, 44.377, 45.167, 46.658, 48.818, 50.711, 50.768, 50.462, 50.44, 49.816, 48.844, 48.456, 48.326, 47.82, 47.342, 46.618, 45.528, 44.664, 44.324, 43.702, 43.094, 42.266, 41.897, 40.19, 35.943, 34.219, 32.783, 29.762, 27.77, 25.974, 21.841, 19.546, 18.653, 15.946, 12.234, 10.533, 8.293, 0.0, 10.307, 16.131, 17.802, 21.246, 27.411, 30.526, 31.801, 36.731, 39.914, 40.12, 40.673, 41.7, 41.974, 42.611, 43.595, 43.627, 43.867, 44.31, 44.363, 44.459, 44.517, 44.372, 44.109, 43.944, 43.808, 43.466, 43.475, 43.539, 43.512, 43.845, 45.416, 47.399, 47.137, 46.948, 47.21, 46.943, 47.1, 47.444, 47.083, 45.931, 45.571, 45.495, 46.784, 48.818, 49.256, 49.136, 49.056, 48.267, 47.421, 47.014, 46.444, 46.179, 46.564, 42.945], [42.593, 43.002, 43.534, 42.792, 42.449, 42.366, 42.661, 43.509, 43.793, 44.717, 46.343, 48.622, 50.594, 50.71, 50.471, 50.468, 49.788, 48.712, 48.258, 48.099, 47.605, 47.142, 46.325, 45.512, 45.485, 45.401, 44.699, 44.418, 43.982, 43.636, 42.451, 39.396, 37.958, 36.727, 33.898, 31.849, 30.082, 26.453, 24.635, 24.233, 22.269, 18.88, 16.626, 15.881, 10.307, 0.0, 8.699, 12.094, 15.354, 22.798, 26.933, 28.625, 34.72, 38.468, 38.713, 39.455, 40.607, 40.938, 41.677, 42.78, 42.821, 43.053, 43.547, 43.626, 43.703, 43.753, 43.6, 43.319, 43.142, 42.99, 42.627, 42.574, 42.595, 42.552, 42.912, 44.54, 46.628, 46.422, 46.288, 46.67, 46.385, 46.532, 46.897, 46.53, 45.353, 45.069, 45.038, 46.322, 48.401, 48.91, 48.803, 48.715, 47.91, 47.032, 46.603, 45.992, 45.688, 46.076, 42.098], [42.998, 43.4, 43.865, 43.132, 42.841, 42.691, 43.089, 43.989, 44.231, 45.193, 46.879, 49.271, 51.234, 51.291, 51.047, 51.053, 50.379, 49.286, 48.83, 48.67, 48.135, 47.641, 46.817, 46.037, 46.231, 46.391, 45.763, 45.522, 45.304, 45.043, 44.045, 41.553, 40.379, 39.309, 36.67, 34.693, 32.962, 29.571, 27.927, 27.615, 25.877, 22.917, 20.625, 19.893, 16.131, 8.699, 0.0, 6.648, 11.488, 19.558, 24.41, 26.811, 33.971, 38.079, 38.489, 39.471, 40.689, 41.061, 42.018, 43.284, 43.337, 43.597, 44.112, 44.179, 44.25, 44.298, 44.138, 43.864, 43.686, 43.544, 43.232, 43.184, 43.104, 42.989, 43.299, 44.778, 46.766, 46.594, 46.484, 46.859, 46.602, 46.776, 47.115, 46.76, 45.667, 45.451, 45.451, 46.635, 48.576, 49.068, 48.966, 48.843, 48.062, 47.234, 46.832, 46.278, 46.037, 46.391, 42.572], [43.251, 43.637, 44.058, 43.391, 43.212, 42.995, 43.457, 44.408, 44.602, 45.601, 47.268, 49.646, 51.564, 51.582, 51.326, 51.324, 50.658, 49.588, 49.144, 48.998, 48.43, 47.896, 47.118, 46.387, 46.511, 46.696, 46.169, 45.915, 45.68, 45.499, 44.543, 42.089, 40.979, 39.986, 37.455, 35.521, 33.854, 30.589, 29.033, 28.78, 27.175, 24.509, 22.48, 21.589, 17.802, 12.094, 6.648, 0.0, 8.06, 18.059, 23.074, 25.748, 33.435, 37.677, 38.108, 39.22, 40.53, 40.979, 42.209, 43.643, 43.711, 44.014, 44.584, 44.66, 44.745, 44.803, 44.63, 44.355, 44.197, 44.069, 43.749, 43.69, 43.573, 43.426, 43.701, 45.064, 46.952, 46.783, 46.612, 46.911, 46.687, 46.864, 47.17, 46.803, 45.747, 45.554, 45.539, 46.682, 48.55, 49.014, 48.904, 48.771, 48.02, 47.238, 46.851, 46.339, 46.169, 46.554, 42.848], [42.515, 42.923, 43.404, 42.663, 42.503, 42.318, 42.783, 43.841, 44.084, 45.128, 46.873, 49.36, 51.334, 51.323, 51.095, 51.116, 50.417, 49.267, 48.765, 48.571, 47.952, 47.412, 46.655, 45.986, 46.224, 46.377, 45.83, 45.748, 45.642, 45.475, 44.717, 42.766, 41.919, 41.038, 38.599, 36.636, 35.025, 31.974, 30.596, 30.578, 29.389, 27.218, 25.472, 24.765, 21.246, 15.354, 11.488, 8.06, 0.0, 13.573, 19.977, 22.559, 31.297, 36.119, 36.485, 37.741, 39.168, 39.696, 41.076, 42.719, 42.827, 43.169, 43.84, 43.953, 44.036, 44.104, 43.954, 43.658, 43.463, 43.365, 43.076, 42.963, 42.831, 42.704, 42.999, 44.381, 46.307, 46.145, 45.887, 46.159, 45.905, 46.064, 46.377, 46.011, 44.918, 44.755, 44.798, 46.02, 47.92, 48.382, 48.268, 48.109, 47.346, 46.549, 46.167, 45.652, 45.528, 46.007, 42.074], [41.598, 42.058, 42.67, 41.854, 41.65, 41.5, 41.999, 43.19, 43.469, 44.519, 46.446, 49.216, 51.421, 51.419, 51.241, 51.292, 50.517, 49.247, 48.672, 48.323, 47.547, 46.969, 46.276, 45.71, 46.196, 46.362, 45.654, 45.664, 45.864, 45.743, 45.142, 43.97, 43.695, 42.933, 40.707, 38.759, 37.256, 34.616, 33.513, 33.71, 33.027, 31.642, 30.427, 29.969, 27.411, 22.798, 19.558, 18.059, 13.573, 0.0, 9.578, 14.172, 25.941, 32.254, 32.896, 34.859, 36.654, 37.389, 39.264, 41.334, 41.511, 42.015, 42.895, 43.09, 43.188, 43.282, 43.18, 42.925, 42.709, 42.586, 42.341, 42.214, 42.028, 41.885, 42.15, 43.44, 45.271, 45.085, 44.726, 44.863, 44.632, 44.892, 45.246, 44.904, 43.817, 43.696, 43.891, 45.312, 47.245, 47.594, 47.493, 47.321, 46.545, 45.771, 45.414, 44.938, 44.909, 45.477, 41.15], [42.029, 42.477, 43.075, 42.455, 42.467, 42.332, 42.856, 44.046, 44.313, 45.274, 47.062, 49.732, 51.88, 51.869, 51.69, 51.744, 50.999, 49.783, 49.249, 48.932, 48.145, 47.527, 46.873, 46.441, 46.985, 47.187, 46.511, 46.536, 46.811, 46.758, 46.225, 45.147, 44.99, 44.262, 42.143, 40.282, 38.874, 36.452, 35.479, 35.707, 35.118, 33.999, 33.078, 32.689, 30.526, 26.933, 24.41, 23.074, 19.977, 9.578, 0.0, 9.343, 23.421, 30.146, 31.158, 33.686, 35.608, 36.452, 38.919, 41.39, 41.634, 42.252, 43.27, 43.529, 43.649, 43.775, 43.726, 43.499, 43.286, 43.207, 43.065, 43.025, 42.865, 42.717, 42.866, 43.815, 45.401, 45.234, 44.838, 44.902, 44.731, 45.026, 45.356, 45.015, 44.033, 43.967, 44.18, 45.539, 47.357, 47.652, 47.54, 47.421, 46.786, 46.129, 45.802, 45.401, 45.521, 46.146, 41.619], [40.318, 40.811, 41.551, 40.828, 40.779, 40.761, 41.22, 42.467, 42.797, 43.686, 45.413, 48.171, 50.527, 50.507, 50.325, 50.382, 49.569, 48.265, 47.668, 47.343, 46.538, 45.907, 45.199, 44.825, 45.628, 45.887, 45.165, 45.388, 45.748, 45.653, 45.328, 44.579, 44.647, 44.0