[[0.0, 5.648, 11.512, 15.182, 17.098, 18.882, 19.996, 21.237, 22.079, 22.375, 23.529, 25.7, 28.193, 30.238, 31.297, 32.019, 34.968, 39.115, 40.508, 40.212, 40.008, 39.96, 39.882, 39.931, 40.453, 41.39, 42.159, 42.257, 41.974, 41.831, 41.888, 41.791, 41.577, 41.508, 41.034, 39.993, 38.268, 35.566, 33.146, 32.374, 32.567, 32.356, 31.581, 31.765, 32.368, 32.289, 32.083, 32.223, 32.484, 32.851, 33.233, 33.586, 33.689, 33.444, 34.108, 36.035, 36.912, 35.856, 35.127, 35.374, 34.862, 33.904, 33.617, 33.121, 33.081, 34.311, 34.94, 34.266, 33.684, 33.682, 33.663, 33.328, 32.643, 32.562, 33.064, 33.511, 33.337, 33.179, 32.962, 32.843, 33.517, 33.871, 33.536, 33.92, 34.994, 35.03, 34.31, 34.475, 35.252, 35.505, 35.922, 37.222, 38.213, 38.455, 38.165, 38.043, 38.165, 37.767, 37.162, 36.636, 35.618, 34.19, 33.435, 33.9, 34.526, 33.813, 32.849, 33.164, 33.38, 33.165, 33.78, 34.152, 34.283, 34.523, 34.554, 34.262, 34.199, 34.303, 34.124, 33.867, 33.726, 33.797, 33.978, 33.822, 33.457, 33.53, 34.11, 34.375, 34.241, 34.262, 34.104, 34.08, 34.335, 34.457, 34.771, 35.613, 36.66, 37.073, 37.117, 37.022, 36.298, 35.598, 35.839, 36.125, 5.486], [5.648, 0.0, 7.145, 11.889, 14.227, 16.171, 17.465, 19.0, 20.049, 20.451, 21.807, 24.313, 27.104, 29.288, 30.377, 31.177, 34.379, 38.74, 40.204, 39.886, 39.667, 39.647, 39.593, 39.636, 40.157, 41.136, 41.962, 42.097, 41.827, 41.695, 41.771, 41.67, 41.427, 41.337, 40.832, 39.753, 37.976, 35.147, 32.557, 31.728, 31.969, 31.802, 30.965, 31.095, 31.753, 31.694, 31.457, 31.6, 31.891, 32.266, 32.659, 33.047, 33.162, 32.924, 33.712, 35.781, 36.689, 35.617, 34.899, 35.142, 34.548, 33.495, 33.151, 32.633, 32.609, 33.912, 34.632, 34.003, 33.42, 33.422, 33.417, 33.064, 32.306, 32.169, 32.659, 33.102, 32.907, 32.721, 32.487, 32.369, 33.044, 33.398, 33.038, 33.403, 34.499, 34.533, 33.774, 33.929, 34.737, 35.014, 35.462, 36.797, 37.816, 38.064, 37.752, 37.622, 37.756, 37.345, 36.723, 36.181, 35.123, 33.625, 32.84, 33.361, 34.051, 33.332, 32.324, 32.644, 32.873, 32.66, 33.307, 33.69, 33.827, 34.084, 34.117, 33.809, 33.736, 33.835, 33.636, 33.351, 33.187, 33.259, 33.459, 33.293, 32.908, 32.985, 33.583, 33.854, 33.732, 33.796, 33.667, 33.672, 33.97, 34.102, 34.444, 35.357, 36.439, 36.853, 36.898, 36.797, 36.045, 35.309, 35.551, 35.848, 9.116], [11.512, 7.145, 0.0, 6.035, 9.745, 12.38, 13.916, 15.906, 17.332, 17.95, 19.614, 22.546, 25.736, 28.212, 29.463, 30.351, 33.649, 38.128, 39.627, 39.291, 39.09, 39.126, 39.106, 39.161, 39.708, 40.723, 41.594, 41.776, 41.551, 41.446, 41.535, 41.439, 41.196, 41.113, 40.599, 39.502, 37.712, 34.848, 32.212, 31.39, 31.671, 31.553, 30.765, 30.988, 31.704, 31.65, 31.397, 31.533, 31.832, 32.204, 32.59, 32.985, 33.1, 32.851, 33.736, 35.898, 36.813, 35.759, 35.066, 35.292, 34.657, 33.579, 33.196, 32.639, 32.606, 33.95, 34.755, 34.193, 33.615, 33.602, 33.596, 33.228, 32.428, 32.246, 32.695, 33.094, 32.857, 32.636, 32.393, 32.283, 32.93, 33.252, 32.89, 33.259, 34.357, 34.382, 33.595, 33.748, 34.581, 34.872, 35.338, 36.683, 37.703, 37.951, 37.635, 37.497, 37.62, 37.203, 36.596, 36.047, 34.952, 33.408, 32.596, 33.148, 33.874, 33.144, 32.13, 32.474, 32.687, 32.438, 33.1, 33.498, 33.64, 33.913, 33.961, 33.657, 33.595, 33.706, 33.495, 33.189, 33.006, 33.063, 33.25, 33.055, 32.654, 32.745, 33.353, 33.615, 33.501, 33.61, 33.519, 33.542, 33.863, 33.999, 34.344, 35.327, 36.485, 36.907, 36.946, 36.838, 36.068, 35.293, 35.512, 35.818, 13.665], [15.182, 11.889, 6.035, 0.0, 5.224, 9.218, 11.21, 13.515, 15.245, 16.063, 18.012, 21.323, 24.878, 27.621, 29.025, 29.982, 33.228, 37.658, 39.138, 38.811, 38.646, 38.732, 38.733, 38.8, 39.388, 40.438, 41.319, 41.52, 41.346, 41.288, 41.395, 41.298, 41.058, 40.976, 40.464, 39.374, 37.612, 34.811, 32.27, 31.5, 31.779, 31.692, 31.022, 31.36, 32.071, 32.013, 31.773, 31.903, 32.201, 32.58, 32.952, 33.32, 33.412, 33.142, 34.011, 36.141, 37.034, 36.001, 35.317, 35.528, 34.915, 33.884, 33.505, 32.922, 32.859, 34.157, 34.946, 34.411, 33.851, 33.839, 33.83, 33.458, 32.668, 32.483, 32.9, 33.261, 33.013, 32.786, 32.537, 32.435, 33.064, 33.364, 33.025, 33.43, 34.534, 34.564, 33.791, 33.953, 34.778, 35.061, 35.529, 36.859, 37.858, 38.106, 37.813, 37.684, 37.794, 37.382, 36.794, 36.241, 35.136, 33.615, 32.833, 33.378, 34.076, 33.349, 32.373, 32.736, 32.944, 32.685, 33.332, 33.721, 33.856, 34.129, 34.187, 33.893, 33.827, 33.923, 33.692, 33.375, 33.189, 33.227, 33.381, 33.162, 32.749, 32.843, 33.453, 33.706, 33.587, 33.712, 33.65, 33.679, 33.982, 34.106, 34.432, 35.433, 36.63, 37.047, 37.075, 36.968, 36.212, 35.443, 35.652, 35.968, 16.917], [17.098, 14.227, 9.745, 5.224, 0.0, 5.229, 8.595, 11.627, 13.52, 14.467, 16.78, 20.551, 24.441, 27.305, 28.759, 29.799, 33.054, 37.418, 38.887, 38.592, 38.46, 38.576, 38.587, 38.654, 39.265, 40.343, 41.233, 41.433, 41.279, 41.261, 41.397, 41.303, 41.052, 40.962, 40.457, 39.389, 37.67, 34.953, 32.51, 31.77, 32.019, 31.943, 31.355, 31.733, 32.428, 32.38, 32.143, 32.261, 32.565, 32.95, 33.3, 33.632, 33.693, 33.381, 34.175, 36.232, 37.101, 36.079, 35.412, 35.638, 35.042, 34.027, 33.654, 33.08, 33.011, 34.264, 35.042, 34.544, 34.02, 34.028, 34.024, 33.659, 32.903, 32.74, 33.138, 33.47, 33.221, 33.005, 32.759, 32.639, 33.232, 33.519, 33.196, 33.596, 34.668, 34.708, 33.966, 34.122, 34.917, 35.18, 35.635, 36.943, 37.921, 38.164, 37.882, 37.772, 37.893, 37.493, 36.908, 36.359, 35.289, 33.85, 33.128, 33.673, 34.349, 33.657, 32.736, 33.1, 33.3, 33.043, 33.653, 34.028, 34.158, 34.423, 34.482, 34.191, 34.109, 34.173, 33.922, 33.601, 33.408, 33.429, 33.559, 33.333, 32.919, 33.004, 33.601, 33.856, 33.744, 33.873, 33.823, 33.858, 34.155, 34.273, 34.593, 35.568, 36.74, 37.145, 37.165, 37.057, 36.332, 35.604, 35.828, 36.147, 18.749], [18.882, 16.171, 12.38, 9.218, 5.229, 0.0, 5.18, 9.733, 12.041, 13.04, 15.656, 19.841, 24.029, 27.052, 28.583, 29.702, 32.966, 37.307, 38.787, 38.526, 38.431, 38.584, 38.614, 38.683, 39.302, 40.386, 41.281, 41.499, 41.356, 41.346, 41.5, 41.431, 41.196, 41.113, 40.624, 39.587, 37.924, 35.296, 32.95, 32.239, 32.449, 32.36, 31.828, 32.23, 32.917, 32.879, 32.642, 32.746, 33.048, 33.427, 33.755, 34.06, 34.096, 33.756, 34.496, 36.494, 37.344, 36.346, 35.703, 35.939, 35.352, 34.347, 33.973, 33.411, 33.333, 34.552, 35.339, 34.886, 34.385, 34.393, 34.393, 34.039, 33.31, 33.157, 33.53, 33.835, 33.588, 33.387, 33.145, 32.991, 33.533, 33.803, 33.494, 33.885, 34.907, 34.943, 34.24, 34.409, 35.187, 35.436, 35.864, 37.134, 38.092, 38.326, 38.039, 37.925, 38.047, 37.665, 37.1, 36.564, 35.545, 34.187, 33.51, 34.051, 34.72, 34.067, 33.199, 33.559, 33.735, 33.451, 34.009, 34.366, 34.493, 34.75, 34.809, 34.526, 34.439, 34.496, 34.251, 33.935, 33.73, 33.722, 33.824, 33.602, 33.207, 33.29, 33.875, 34.14, 34.043, 34.171, 34.116, 34.155, 34.443, 34.556, 34.883, 35.846, 36.985, 37.379, 37.396, 37.294, 36.605, 35.921, 36.161, 36.483, 20.411], [19.996, 17.465, 13.916, 11.21, 8.595, 5.18, 0.0, 5.74, 9.028, 10.36, 13.303, 18.053, 22.718, 26.042, 27.753, 29.018, 32.41, 36.854, 38.389, 38.153, 38.088, 38.286, 38.342, 38.426, 39.07, 40.18, 41.097, 41.348, 41.232, 41.222, 41.377, 41.337, 41.157, 41.122, 40.65, 39.617, 37.967, 35.366, 33.046, 32.343, 32.541, 32.434, 31.904, 32.307, 32.981, 32.943, 32.71, 32.812, 33.111, 33.483, 33.804, 34.106, 34.144, 33.816, 34.555, 36.536, 37.377, 36.384, 35.738, 35.963, 35.37, 34.374, 33.991, 33.415, 33.34, 34.578, 35.371, 34.91, 34.407, 34.416, 34.428, 34.087, 33.363, 33.205, 33.562, 33.853, 33.609, 33.412, 33.163, 33.001, 33.538, 33.798, 33.49, 33.906, 34.948, 34.978, 34.255, 34.423, 35.214, 35.474, 35.906, 37.191, 38.164, 38.4, 38.105, 37.974, 38.078, 37.687, 37.117, 36.579, 35.568, 34.214, 33.529, 34.05, 34.706, 34.05, 33.186, 33.54, 33.706, 33.398, 33.948, 34.301, 34.423, 34.673, 34.732, 34.454, 34.372, 34.438, 34.199, 33.883, 33.673, 33.656, 33.747, 33.52, 33.142, 33.239, 33.83, 34.116, 34.06, 34.229, 34.194, 34.244, 34.523, 34.626, 34.969, 35.961, 37.1, 37.481, 37.485, 37.382, 36.705, 36.034, 36.289, 36.625, 21.379], [21.237, 19.0, 15.906, 13.515, 11.627, 9.733, 5.74, 0.0, 4.369, 7.016, 10.934, 16.468, 21.629, 25.078, 26.819, 28.285, 31.971, 36.571, 38.162, 37.947, 37.901, 38.124, 38.201, 38.298, 38.954, 40.078, 41.013, 41.288, 41.209, 41.225, 41.384, 41.36, 41.231, 41.242, 40.781, 39.761, 38.153, 35.616, 33.324, 32.598, 32.77, 32.638, 32.063, 32.413, 33.066, 33.031, 32.807, 32.91, 33.206, 33.573, 33.882, 34.18, 34.227, 33.909, 34.629, 36.572, 37.393, 36.396, 35.75, 35.963, 35.358, 34.369, 33.979, 33.4, 33.349, 34.604, 35.408, 34.962, 34.475, 34.493, 34.524, 34.201, 33.483, 33.325, 33.664, 33.931, 33.679, 33.487, 33.231, 33.054, 33.575, 33.825, 33.516, 33.929, 34.98, 35.008, 34.261, 34.406, 35.19, 35.455, 35.884, 37.16, 38.137, 38.377, 38.085, 37.951, 38.049, 37.65, 37.075, 36.562, 35.602, 34.288, 33.61, 34.104, 34.744, 34.1, 33.241, 33.588, 33.757, 33.429, 33.965, 34.319, 34.44, 34.68, 34.739, 34.462, 34.366, 34.422, 34.185, 33.866, 33.645, 33.618, 33.719, 33.515, 33.163, 33.253, 33.822, 34.123, 34.116, 34.324, 34.306, 34.367, 34.65, 34.752, 35.098, 36.094, 37.227, 37.588, 37.571, 37.452, 36.778, 36.127, 36.394, 36.73, 22.447], [22.079, 20.049, 17.332, 15.245, 13.52, 12.041, 9.028, 4.369, 0.0, 4.157, 9.539, 15.817, 21.233, 24.693, 26.407, 27.973, 31.854, 36.55, 38.166, 37.964, 37.942, 38.188, 38.284, 38.387, 39.031, 40.141, 41.072, 41.342, 41.27, 41.31, 41.488, 41.476, 41.367, 41.396, 40.946, 39.942, 38.366, 35.873, 33.612, 32.878, 33.015, 32.84, 32.213, 32.518, 33.173, 33.141, 32.922, 33.029, 33.323, 33.695, 34.013, 34.314, 34.366, 34.048, 34.747, 36.664, 37.475, 36.472, 35.814, 36.008, 35.395, 34.415, 34.024, 33.451, 33.415, 34.677, 35.498, 35.08, 34.617, 34.645, 34.682, 34.366, 33.658, 33.504, 33.837, 34.088, 33.827, 33.64, 33.38, 33.174, 33.669, 33.913, 33.598, 33.986, 35.02, 35.049, 34.299, 34.429, 35.197, 35.451, 35.858, 37.109, 38.076, 38.319, 38.035, 37.909, 38.018, 37.628, 37.051, 36.549, 35.634, 34.378, 33.733, 34.225, 34.868, 34.248, 33.409, 33.757, 33.921, 33.574, 34.091, 34.439, 34.56, 34.806, 34.876, 34.6, 34.483, 34.527, 34.297, 33.981, 33.751, 33.72, 33.838, 33.657, 33.307, 33.372, 33.928, 34.239, 34.241, 34.436, 34.409, 34.467, 34.755, 34.866, 35.212, 36.196, 37.314, 37.673, 37.66, 37.533, 36.86, 36.225, 36.495, 36.819, 23.179], [22.375, 20.451, 17.95, 16.063, 14.467, 13.04, 10.36, 7.016, 4.157, 0.0, 6.547, 14.027, 20.1, 23.874, 25.758, 27.403, 31.385, 36.165, 37.821, 37.642, 37.674, 37.985, 38.111, 38.216, 38.871, 40.0, 40.939, 41.203, 41.132, 41.186, 41.382, 41.384, 41.29, 41.346, 40.922, 39.931, 38.362, 35.883, 33.647, 32.932, 33.062, 32.856, 32.197, 32.489, 33.151, 33.112, 32.885, 32.996, 33.295, 33.678, 34.012, 34.316, 34.366, 34.025, 34.66, 36.537, 37.347, 36.342, 35.671, 35.847, 35.223, 34.252, 33.874, 33.305, 33.274, 34.554, 35.395, 35.003, 34.576, 34.626, 34.666, 34.352, 33.654, 33.512, 33.86, 34.126, 33.869, 33.687, 33.425, 33.208, 33.683, 33.913, 33.597, 33.977, 35.005, 35.029, 34.28, 34.407, 35.169, 35.411, 35.806, 37.046, 38.004, 38.244, 37.958, 37.837, 37.963, 37.583, 36.993, 36.461, 35.547, 34.322, 33.693, 34.18, 34.82, 34.214, 33.395, 33.75, 33.908, 33.557, 34.079, 34.421, 34.536, 34.787, 34.86, 34.575, 34.45, 34.496, 34.27, 33.951, 33.721, 33.706, 33.836, 33.646, 33.286, 33.355, 33.926, 34.252, 34.248, 34.434, 34.412, 34.477, 34.766, 34.879, 35.225, 36.198, 37.31, 37.677, 37.677, 37.554, 36.887, 36.269, 36.553, 36.878, 23.461], [23.529, 21.807, 19.614, 18.012, 16.78, 15.656, 13.303, 10.934, 9.539, 6.547, 0.0, 8.873, 16.605, 21.5, 23.787, 25.418, 29.545, 34.599, 36.413, 36.312, 36.473, 36.929, 37.099, 37.19, 37.901, 39.125, 40.119, 40.428, 40.425, 40.545, 40.766, 40.807, 40.782, 40.91, 40.526, 39.56, 38.078, 35.777, 33.73, 33.099, 33.251, 33.078, 32.49, 32.82, 33.461, 33.403, 33.169, 33.27, 33.573, 33.963, 34.286, 34.569, 34.608, 34.2, 34.652, 36.409, 37.201, 36.205, 35.542, 35.708, 35.096, 34.169, 33.822, 33.266, 33.232, 34.489, 35.301, 34.901, 34.503, 34.581, 34.635, 34.342, 33.689, 33.568, 33.92, 34.2, 33.962, 33.79, 33.543, 33.348, 33.808, 34.013, 33.705, 34.087, 35.091, 35.111, 34.398, 34.547, 35.297, 35.53, 35.924, 37.136, 38.066, 38.298, 38.003, 37.883, 38.027, 37.673, 37.092, 36.543, 35.625, 34.404, 33.794, 34.297, 34.955, 34.384, 33.601, 33.963, 34.139, 33.785, 34.277, 34.613, 34.722, 34.965, 35.025, 34.725, 34.603, 34.661, 34.447, 34.12, 33.877, 33.865, 33.991, 33.77, 33.397, 33.468, 34.03, 34.352, 34.363, 34.574, 34.577, 34.66, 34.949, 35.052, 35.373, 36.325, 37.439, 37.808, 37.797, 37.664, 37.021, 36.436, 36.733, 37.058, 24.54], [25.7, 24.313, 22.546, 21.323, 20.551, 19.841, 18.053, 16.468, 15.817, 14.027, 8.873, 0.0, 9.659, 16.995, 20.432, 21.767, 26.096, 31.878, 34.058, 34.101, 34.483, 35.144, 35.327, 35.36, 36.163, 37.55, 38.634, 39.02, 39.129, 39.334, 39.581, 39.69, 39.78, 40.02, 39.693, 38.771, 37.495, 35.652, 34.086, 33.635, 33.799, 33.691, 33.252, 33.653, 34.279, 34.223, 33.998, 34.088, 34.387, 34.777, 35.07, 35.316, 35.355, 34.886, 35.089, 36.66, 37.421, 36.427, 35.736, 35.866, 35.291, 34.446, 34.138, 33.613, 33.586, 34.764, 35.458, 34.955, 34.533, 34.639, 34.715, 34.448, 33.879, 33.812, 34.13, 34.383, 34.198, 34.07, 33.848, 33.721, 34.213, 34.412, 34.12, 34.502, 35.461, 35.484, 34.827, 34.979, 35.678, 35.91, 36.303, 37.455, 38.347, 38.574, 38.289, 38.178, 38.332, 38.016, 37.486, 36.951, 36.038, 34.814, 34.244, 34.795, 35.51, 35.029, 34.318, 34.677, 34.872, 34.508, 34.892, 35.206, 35.322, 35.566, 35.628, 35.328, 35.211, 35.288, 35.111, 34.798, 34.54, 34.507, 34.618, 34.372, 33.965, 34.001, 34.522, 34.814, 34.821, 35.049, 35.092, 35.187, 35.471, 35.575, 35.852, 36.716, 37.763, 38.102, 38.064, 37.907, 37.279, 36.728, 37.02, 37.309, 26.493], [28.193, 27.104, 25.736, 24.878, 24.441, 24.029, 22.718, 21.629, 21.233, 20.1, 16.605, 9.659, 0.0, 9.893, 15.785, 17.446, 22.491, 29.368, 32.037, 32.244, 32.863, 33.75, 33.933, 33.882, 34.776, 36.337, 37.479, 37.895, 38.073, 38.311, 38.557, 38.737, 38.927, 39.24, 38.971, 38.114, 37.036, 35.662, 34.648, 34.406, 34.547, 34.431, 34.057, 34.494, 35.147, 35.125, 34.932, 35.038, 35.313, 35.668, 35.92, 36.129, 36.172, 35.657, 35.618, 36.992, 37.716, 36.728, 35.989, 36.048, 35.502, 34.77, 34.533, 34.058, 34.061, 35.16, 35.723, 35.116, 34.686, 34.844, 34.946, 34.683, 34.189, 34.213, 34.483, 34.657, 34.524, 34.475, 34.294, 34.219, 34.745, 34.951, 34.668, 35.032, 35.958, 36.002, 35.353, 35.469, 36.114, 36.365, 36.768, 37.865, 38.728, 38.95, 38.657, 38.548, 38.701, 38.392, 37.877, 37.346, 36.468, 35.296, 34.776, 35.331, 36.066, 35.679, 35.053, 35.4, 35.589, 35.222, 35.528, 35.831, 35.968, 36.242, 36.326, 36.027, 35.894, 35.991, 35.871, 35.59, 35.327, 35.286, 35.414, 35.202, 34.794, 34.783, 35.25, 35.522, 35.541, 35.77, 35.843, 35.947, 36.231, 36.355, 36.575, 37.23, 38.086, 38.371, 38.322, 38.136, 37.515, 36.998, 37.271, 37.483, 28.735], [30.238, 29.288, 28.212, 27.621, 27.305, 27.052, 26.042, 25.078, 24.693, 23.874, 21.5, 16.995, 9.893, 0.0, 8.73, 13.318, 20.937, 28.663, 31.569, 31.864, 32.564, 33.533, 33.726, 33.654, 34.595, 36.219, 37.349, 37.761, 37.997, 38.265, 38.493, 38.712, 38.983, 39.32, 39.068, 38.262, 37.229, 35.923, 35.051, 34.921, 35.069, 34.879, 34.413, 34.768, 35.42, 35.428, 35.263, 35.388, 35.64, 35.961, 36.195, 36.396, 36.45, 35.909, 35.728, 36.969, 37.652, 36.673, 35.942, 35.992, 35.471, 34.863, 34.742, 34.285, 34.291, 35.369, 35.896, 35.295, 34.907, 35.122, 35.257, 34.999, 34.513, 34.56, 34.802, 34.923, 34.787, 34.783, 34.631, 34.532, 35.03, 35.239, 34.942, 35.242, 36.129, 36.185, 35.508, 35.581, 36.204, 36.474, 36.902, 38.005, 38.862, 39.068, 38.739, 38.619, 38.78, 38.458, 37.914, 37.412, 36.661, 35.65, 35.195, 35.727, 36.447, 36.07, 35.413, 35.726, 35.906, 35.5, 35.763, 36.077, 36.231, 36.515, 36.611, 36.311, 36.161, 36.262, 36.175, 35.916, 35.66, 35.632, 35.799, 35.675, 35.33, 35.283, 35.685, 35.96, 36.041, 36.301, 36.377, 36.466, 36.731, 36.879, 37.073, 37.536, 38.2, 38.442, 38.399, 38.198, 37.575, 37.059, 37.289, 37.433, 30.632], [31.297, 30.377, 29.463, 29.025, 28.759, 28.583, 27.753, 26.819, 26.407, 25.758, 23.787, 20.432, 15.785, 8.73, 0.0, 9.248, 20.632, 29.045, 32.015, 32.283, 32.934, 33.814, 33.994, 34.026, 35.019, 36.585, 37.674, 38.098, 38.382, 38.69, 38.913, 39.131, 39.427, 39.76, 39.492, 38.719, 37.696, 36.269, 35.212, 35.03, 35.214, 35.036, 34.491, 34.712, 35.314, 35.332, 35.181, 35.307, 35.552, 35.87, 36.112, 36.331, 36.393, 35.872, 35.738, 36.975, 37.629, 36.629, 35.9, 35.981, 35.519, 34.984, 34.909, 34.426, 34.37, 35.407, 35.953, 35.402, 35.003, 35.188, 35.323, 35.082, 34.597, 34.632, 34.868, 34.985, 34.843, 34.848, 34.677, 34.54, 35.03, 35.251, 34.937, 35.2, 36.077, 36.14, 35.48, 35.557, 36.174, 36.432, 36.853, 37.982, 38.859, 39.049, 38.695, 38.573, 38.738, 38.401, 37.848, 37.397, 36.753, 35.853, 35.46, 36.013, 36.742, 36.322, 35.57, 35.84, 36.028, 35.629, 35.901, 36.226, 36.37, 36.625, 36.707, 36.414, 36.268, 36.366, 36.28, 36.028, 35.78, 35.753, 35.933, 35.857, 35.54, 35.483, 35.85, 36.102, 36.189, 36.451, 36.499, 36.569, 36.834, 36.993, 37.221, 37.688, 38.319, 38.55, 38.521, 38.326, 37.704, 37.175, 37.387, 37.526, 31.626], [32.019, 31.177, 30.351, 29.982, 29.799, 29.702, 29.018, 28.285, 27.973, 27.403, 25.418, 21.767, 17.446, 13.318, 9.248, 0.0, 14.877, 25.483, 29.186, 29.553, 30.362, 31.428, 31.669, 31.824, 33.011, 34.719, 35.918, 36.445, 36.82, 37.185, 37.429, 37.687, 38.046, 38.466, 38.274, 37.576, 36.703, 35.5, 34.63, 34.528, 34.791, 34.8, 34.439, 34.723, 35.329, 35.347, 35.18, 35.306, 35.567, 35.884, 36.137, 36.371, 36.416, 35.936, 35.929, 37.226, 37.877, 36.904, 36.202, 36.294, 35.859, 35.27, 35.098, 34.609, 34.59, 35.639, 36.154, 35.53, 35.051, 35.186, 35.276, 35.016, 34.572, 34.647, 34.868, 34.965, 34.837, 34.838, 34.659, 34.559, 35.069, 35.276, 34.968, 35.249, 36.127, 36.18, 35.545, 35.649, 36.297, 36.569, 36.97, 38.085, 38.97, 39.188, 38.853, 38.697, 38.814, 38.48, 37.963, 37.494, 36.774, 35.82, 35.454, 36.051, 36.815, 36.405, 35.67, 35.949, 36.156, 35.842, 36.176, 36.501, 36.636, 36.906, 37.024, 36.759, 36.623, 36.725, 36.632, 36.367, 36.11, 36.06, 36.205, 36.085, 35.722, 35.651, 36.019, 36.237, 36.257, 36.456, 36.472, 36.529, 36.802, 36.964, 37.218, 37.702, 38.322, 38.556, 38.529, 38.317, 37.674, 37.109, 37.275, 37.399, 32.236], [34.968, 34.379, 33.649, 33.228, 33.054, 32.966, 32.41, 31.971, 31.854, 31.385, 29.545, 26.096, 22.491, 20.937, 20.632, 14.877, 0.0, 13.359, 18.999, 20.275, 21.685, 23.455, 24.058, 24.403, 26.003, 28.08, 29.479, 30.203, 30.846, 31.432, 31.761, 32.156, 32.716, 33.36, 33.426, 33.061, 32.792, 32.739, 33.256, 33.885, 34.366, 35.069, 35.971, 36.969, 37.531, 37.515, 37.372, 37.48, 37.723, 37.943, 38.103, 38.244, 38.23, 37.8, 37.704, 38.687, 39.223, 38.505, 38.031, 38.138, 37.805, 37.273, 37.033, 36.701, 36.855, 37.761, 38.121, 37.582, 37.244, 37.38, 37.38, 37.152, 36.906, 37.025, 37.187, 37.22, 36.999, 36.961, 36.857, 36.726, 36.95, 36.999, 36.772, 37.019, 37.67, 37.678, 37.113, 37.102, 37.583, 37.778, 38.093, 39.063, 39.838, 40.059, 39.806, 39.646, 39.719, 39.442, 39.0, 38.52, 37.847, 37.092, 36.836, 37.324, 37.974, 37.761, 37.367, 37.648, 37.857, 37.751, 38.094, 38.374, 38.51, 38.779, 38.931, 38.73, 38.604, 38.724, 38.705, 38.504, 38.281, 38.219, 38.297, 38.15, 37.846, 37.808, 38.126, 38.315, 38.287, 38.401, 38.299, 38.219, 38.463, 38.519, 38.474, 38.648, 39.137, 39.347, 39.297, 39.019, 38.339, 37.801, 37.888, 37.992, 35.059], [39.115, 38.74, 38.128, 37.658, 37.418, 37.307, 36.854, 36.571, 36.55, 36.165, 34.599, 31.878, 29.368, 28.663, 29.045, 25.483, 13.359, 0.0, 7.803, 11.149, 13.73, 16.494, 17.81, 18.522, 20.558, 22.86, 24.243, 25.024, 26.009, 26.999, 27.46, 27.947, 28.745, 29.692, 30.09, 30.091, 30.411, 31.579, 33.643, 35.139, 35.801, 36.937, 38.986, 40.741, 41.228, 41.169, 41.084, 41.156, 41.357, 41.497, 41.577, 41.64, 41.594, 41.22, 40.962, 41.519, 41.901, 41.433, 41.104, 41.218, 41.049, 40.683, 40.516, 40.34, 40.568, 41.284, 41.555, 41.198, 41.03, 41.149, 41.091, 40.929, 40.82, 40.902, 40.978, 40.927, 40.608, 40.568, 40.55, 40.403, 40.425, 40.37, 40.235, 40.471, 40.909, 40.919, 40.484, 40.372, 40.638, 40.702, 40.888, 41.651, 42.287, 42.482, 42.293, 42.165, 42.219, 41.975, 41.575, 41.164, 40.66, 40.214, 40.107, 40.43, 40.864, 40.78, 40.649, 40.906, 41.097, 41.1, 41.36, 41.569, 41.683, 41.911, 42.062, 41.903, 41.775, 41.898, 41.96, 41.848, 41.683, 41.635, 41.682, 41.552, 41.344, 41.364, 41.624, 41.773, 41.748, 41.846, 41.625, 41.357, 41.527, 41.507, 41.219, 41.116, 41.448, 41.608, 41.54, 41.222, 40.534, 40.054, 40.07, 40.166, 39.157], [40.508, 40.204, 39.627, 39.138, 38.887, 38.787, 38.389, 38.162, 38.166, 37.821, 36.413, 34.058, 32.037, 31.569, 32.015, 29.186, 18.999, 7.803, 0.0, 5.051, 9.226, 12.96, 14.841, 15.977, 18.407, 20.836, 22.181, 22.992, 24.188, 25.419, 25.96, 26.447, 27.331, 28.425, 28.964, 29.051, 29.469, 31.009, 33.662, 35.54, 36.318, 37.476, 39.795, 41.886, 42.401, 42.339, 42.273, 42.32, 42.493, 42.611, 42.672, 42.716, 42.67, 42.357, 42.117, 42.582, 42.927, 42.53, 42.244, 42.383, 42.277, 41.967, 41.839, 41.706, 41.925, 42.553, 42.8, 42.522, 42.402, 42.489, 42.398, 42.249, 42.163, 42.212, 42.259, 42.17, 41.814, 41.775, 41.795, 41.677, 41.673, 41.588, 41.472, 41.706, 42.091, 42.127, 41.759, 41.636, 41.835, 41.845, 41.969, 42.64, 43.226, 43.414, 43.238, 43.11, 43.142, 42.905, 42.529, 42.155, 41.688, 41.333, 41.288, 41.567, 41.908, 41.817, 41.741, 41.993, 42.194, 42.221, 42.44, 42.617, 42.713, 42.901, 43.026, 42.877, 42.767, 42.897, 42.968, 42.888, 42.769, 42.737, 42.754, 42.601, 42.419, 42.484, 42.737, 42.846, 42.781, 42.849, 42.583, 42.247, 42.349, 42.268, 41.933, 41.787, 42.093, 42.247, 42.175, 41.854, 41.16, 40.658, 40.617, 40.716, 40.519], [40.212, 39.886, 39.291, 38.811, 38.592, 38.526, 38.153, 37.947, 37.964, 37.642, 36.312, 34.101, 32.244, 31.864, 32.283, 29.553, 20.275, 11.149, 5.051, 0.0, 5.351, 10.147, 12.492, 13.823, 16.501, 19.13, 20.655, 21.659, 23.017, 24.342, 24.925, 25.413, 26.287, 27.392, 27.945, 28.019, 28.39, 29.927, 32.696, 34.705, 35.573, 36.759, 39.1, 41.282, 41.857, 41.82, 41.755, 41.798, 41.964, 42.083, 42.157, 42.218, 42.171, 41.878, 41.742, 42.302, 42.679, 42.28, 41.996, 42.146, 42.026, 41.682, 41.535, 41.378, 41.582, 42.231, 42.505, 42.232, 42.09, 42.155, 42.049, 41.892, 41.789, 41.818, 41.867, 41.785, 41.411, 41.347, 41.367, 41.279, 41.311, 41.223, 41.088, 41.332, 41.74, 41.773, 41.387, 41.285, 41.516, 41.53, 41.653, 42.35, 42.966, 43.164, 42.969, 42.82, 42.846, 42.606, 42.211, 41.81, 41.283, 40.871, 40.802, 41.081, 41.407, 41.268, 41.158, 41.417, 41.632, 41.706, 41.978, 42.157, 42.247, 42.432, 42.547, 42.399, 42.316, 42.464, 42.521, 42.426, 42.316, 42.303, 42.328, 42.161, 41.974, 42.062, 42.335, 42.437, 42.357, 42.396, 42.103, 41.764, 41.86, 41.755, 41.436, 41.364, 41.744, 41.923, 41.855, 41.548, 40.842, 40.291, 40.224, 40.337, 40.194], [40.008, 39.667, 39.09, 38.646, 38.46, 38.431, 38.088, 37.901, 37.942, 37.674, 36.473, 34.483, 32.863, 32.564, 32.934, 30.362, 21.685, 13.73, 9.226, 5.351, 0.0, 5.711, 9.01, 10.762, 13.563, 16.392, 18.277, 19.63, 21.236, 22.694, 23.341, 23.892, 24.859, 26.04, 26.625, 26.723, 27.12, 28.68, 31.528, 33.644, 34.61, 35.939, 38.432, 40.686, 41.278, 41.264, 41.207, 41.257, 41.417, 41.524, 41.615, 41.703, 41.657, 41.394, 41.385, 42.056, 42.467, 42.083, 41.829, 42.007, 41.871, 41.482, 41.306, 41.121, 41.318, 42.007, 42.328, 42.06, 41.886, 41.913, 41.79, 41.622, 41.492, 41.506, 41.582, 41.533, 41.126, 41.019, 41.034, 40.947, 40.992, 40.902, 40.749, 40.999, 41.43, 41.442, 41.013, 40.909, 41.152, 41.171, 41.307, 42.04, 42.687, 42.895, 42.688, 42.521, 42.537, 42.287, 41.864, 41.427, 40.837, 40.359, 40.255, 40.546, 40.878, 40.716, 40.597, 40.867, 41.081, 41.194, 41.522, 41.707, 41.794, 41.981, 42.094, 41.953, 41.888, 42.053, 42.11, 42.003, 41.886, 41.886, 41.936, 41.772, 41.586, 41.688, 41.971, 42.073, 42.003, 42.032, 41.712, 41.369, 41.469, 41.354, 41.057, 41.07, 41.538, 41.747, 41.693, 41.408, 40.686, 40.087, 40.012, 40.152, 39.95], [39.96, 39.647, 39.126, 38.732, 38.576, 38.584, 38.286, 38.124, 38.188, 37.985, 36.929, 35.144, 33.75, 33.533, 33.814, 31.428, 23.455, 16.494, 12.96, 10.147, 5.711, 0.0, 4.535, 7.922, 11.279, 14.12, 16.336, 18.132, 20.025, 21.593, 22.279, 22.919, 24.047, 25.326, 25.915, 26.016, 26.457, 28.031, 30.847, 32.967, 34.002, 35.471, 38.066, 40.33, 40.913, 40.909, 40.86, 40.928, 41.094, 41.184, 41.274, 41.375, 41.339, 41.122, 41.223, 41.976, 42.411, 42.039, 41.82, 42.037, 41.898, 41.486, 41.302, 41.099, 41.281, 41.987, 42.357, 42.115, 41.914, 41.894, 41.747, 41.564, 41.415, 41.443, 41.573, 41.571, 41.152, 41.008, 41.005, 40.907, 40.964, 40.875, 40.703, 40.948, 41.389, 41.372, 40.903, 40.791, 41.034, 41.052, 41.191, 41.939, 42.613, 42.834, 42.624, 42.442, 42.44, 42.185, 41.761, 41.308, 40.657, 40.111, 39.974, 40.297, 40.637, 40.464, 40.346, 40.621, 40.826, 40.949, 41.304, 41.495, 41.581, 41.76, 41.866, 41.73, 41.675, 41.84, 41.9, 41.794, 41.67, 41.667, 41.729, 41.58, 41.399, 41.502, 41.781, 41.871, 41.806, 41.834, 41.5, 41.151, 41.246, 41.126, 40.855, 40.929, 41.46, 41.697, 41.651, 41.385, 40.664, 40.051, 39.979, 40.137, 39.859], [39.882, 39.593, 39.106, 38.733, 38.587, 38.614, 38.342, 38.201, 38.284, 38.111, 37.099, 35.327, 33.933, 33.726, 33.994, 31.669, 24.058, 17.81, 14.841, 12.492, 9.01, 4.535, 0.0, 5.118, 9.662, 12.756, 15.058, 17.103, 19.23, 20.884, 21.582, 22.269, 23.478, 24.791, 25.367, 25.478, 25.987, 27.652, 30.509, 32.623, 33.678, 35.215, 37.82, 40.048, 40.655, 40.679, 40.634, 40.722, 40.912, 41.025, 41.122, 41.225, 41.193, 40.984, 41.11, 41.881, 42.32, 41.932, 41.716, 41.943, 41.793, 41.383, 41.213, 41.014, 41.195, 41.907, 42.282, 42.036, 41.817, 41.775, 41.616, 41.428, 41.294, 41.361, 41.526, 41.556, 41.15, 40.991, 40.973, 40.88, 40.952, 40.864, 40.673, 40.893, 41.319, 41.284, 40.796, 40.681, 40.932, 40.957, 41.084, 41.822, 42.504, 42.735, 42.524, 42.334, 42.331, 42.083, 41.668, 41.212, 40.519, 39.912, 39.753, 40.106, 40.46, 40.301, 40.196, 40.475, 40.678, 40.813, 41.181, 41.376, 41.463, 41.643, 41.753, 41.626, 41.566, 41.718, 41.77, 41.659, 41.527, 41.519, 41.59, 41.447, 41.257, 41.348, 41.625, 41.722, 41.664, 41.687, 41.345, 40.993, 41.095, 40.979, 40.701, 40.758, 41.289, 41.542, 41.495, 41.221, 40.506, 39.909, 39.85, 39.997, 39.761], [39.931, 39.636, 39.161, 38.8, 38.654, 38.683, 38.426, 38.298, 38.387, 38.216, 37.19, 35.36, 33.882, 33.654, 34.026, 31.824, 24.403, 18.522, 15.977, 13.823, 10.762, 7.922, 5.118, 0.0, 5.646, 9.934, 12.744, 14.929, 17.279, 19.156, 19.95, 20.687, 21.947, 23.336, 24.003, 24.216, 24.873, 26.812, 29.991, 32.266, 33.351, 34.934, 37.622, 39.886, 40.521, 40.581, 40.549, 40.649, 40.868, 41.044, 41.19, 41.295, 41.253, 41.015, 41.088, 41.828, 42.264, 41.864, 41.629, 41.819, 41.648, 41.268, 41.137, 40.955, 41.154, 41.895, 42.264, 41.99, 41.754, 41.708, 41.553, 41.366, 41.229, 41.295, 41.459, 41.489, 41.078, 40.926, 40.923, 40.821, 40.872, 40.785, 40.597, 40.809, 41.217, 41.184, 40.71, 40.602, 40.855, 40.88, 40.991, 41.715, 42.393, 42.623, 42.418, 42.242, 42.253, 42.003, 41.572, 41.089, 40.381, 39.763, 39.596, 39.955, 40.319, 40.202, 40.154, 40.442, 40.637, 40.791, 41.163, 41.355, 41.448, 41.639, 41.766, 41.645, 41.576, 41.719, 41.77, 41.65, 41.508, 41.508, 41.603, 41.47, 41.266, 41.339, 41.623, 41.747, 41.712, 41.744, 41.4, 41.041, 41.147, 41.032, 40.691, 40.648, 41.136, 41.401, 41.354, 41.053, 40.319, 39.73, 39.679, 39.808, 39.815], [40.453, 40.157, 39.708, 39.388, 39.265, 39.302, 39.07, 38.954, 39.031, 38.871, 37.901, 36.163, 34.776, 34.595, 35.019, 33.011, 26.003, 20.558, 18.407, 16.501, 13.563, 11.279, 9.662, 5.646, 0.0, 5.613, 9.796, 12.699, 15.386, 17.525, 18.483, 19.338, 20.745, 22.321, 23.184, 23.567, 24.361, 26.513, 29.986, 32.424, 33.534, 35.168, 37.943, 40.196, 40.795, 40.874, 40.867, 40.976, 41.199, 41.407, 41.593, 41.7, 41.645, 41.387, 41.404, 42.088, 42.519, 42.148, 41.916, 42.08, 41.91, 41.566, 41.475, 41.322, 41.534, 42.28, 42.647, 42.382, 42.158, 42.108, 41.963, 41.784, 41.626, 41.667, 41.827, 41.863, 41.446, 41.298, 41.315, 41.201, 41.218, 41.124, 40.956, 41.183, 41.586, 41.558, 41.112, 41.013, 41.253, 41.265, 41.352, 42.048, 42.712, 42.938, 42.745, 42.587, 42.604, 42.352, 41.915, 41.417, 40.715, 40.131, 39.975, 40.322, 40.677, 40.588, 40.59, 40.876, 41.046, 41.208, 41.573, 41.754, 41.845, 42.039, 42.176, 42.066, 42.003, 42.145, 42.193, 42.065, 41.917, 41.92, 42.025, 41.906, 41.7, 41.761, 42.046, 42.189, 42.177, 42.227, 41.899, 41.535, 41.623, 41.497, 41.11, 40.99, 41.452, 41.727, 41.687, 41.386, 40.66, 40.089, 40.048, 40.17, 40.338], [41.39, 41.136, 40.723, 40.438, 40.343, 40.386, 40.18, 40.078, 40.141, 40.0, 39.125, 37.55, 36.337, 36.219, 36.585, 34.719, 28.08, 22.86, 20.836, 19.13, 16.392, 14.12, 12.756, 9.934, 5.613, 0.0, 5.654, 10.252, 13.901, 16.432, 17.573, 18.614, 20.247, 22.038, 23.11, 23.681, 24.603, 26.89, 30.548, 33.095, 34.223, 35.916, 38.757, 40.958, 41.492, 41.576, 41.588, 41.706, 41.908, 42.086, 42.268, 42.366, 42.304, 42.05, 42.017, 42.601, 42.994, 42.67, 42.48, 42.647, 42.497, 42.198, 42.145, 42.043, 42.261, 42.946, 43.295, 43.086, 42.897, 42.84, 42.692, 42.532, 42.396, 42.432, 42.589, 42.645, 42.243, 42.089, 42.109, 42.004, 41.995, 41.882, 41.729, 41.956, 42.332, 42.314, 41.907, 41.792, 41.985, 41.976, 42.033, 42.661, 43.274, 43.483, 43.303, 43.159, 43.181, 42.955, 42.552, 42.084, 41.433, 40.929, 40.803, 41.126, 41.457, 41.38, 41.411, 41.678, 41.811, 41.942, 42.261, 42.425, 42.505, 42.68, 42.824, 42.747, 42.699, 42.843, 42.896, 42.771, 42.619, 42.612, 42.702, 42.576, 42.375, 42.432, 42.705, 42.855, 42.856, 42.918, 42.61, 42.247, 42.31, 42.192, 41.811, 41.675, 42.141, 42.436, 42.413, 42.138, 41.453, 40.916, 40.876, 40.994, 41.248], [42.159, 41.962, 41.594, 41.319, 41.233, 41.281, 41.097, 41.013, 41.072, 40.939, 40.119, 38.634, 37.479, 37.349, 37.674, 35.918, 29.479, 24.243, 22.181, 20.655, 18.277, 16.336, 15.058, 12.744, 9.796, 5.654, 0.0, 6.14, 11.353, 14.688, 16.009, 17.154, 19.018, 21.051, 22.339, 23.101, 24.207, 26.741, 30.668, 33.357, 34.534, 36.298, 39.263, 41.518, 42.024, 42.104, 42.125, 42.246, 42.435, 42.601, 42.78, 42.864, 42.808, 42.578, 42.507, 43.006, 43.36, 43.071, 42.913, 43.079, 42.954, 42.708, 42.692, 42.631, 42.854, 43.467, 43.774, 43.594, 43.433, 43.365, 43.208, 43.068, 42.969, 43.003, 43.135, 43.179, 42.783, 42.633, 42.657, 42.559, 42.506, 42.363, 42.232, 42.459, 42.811, 42.811, 42.439, 42.303, 42.452, 42.418, 42.44, 42.998, 43.555, 43.741, 43.564, 43.437, 43.483, 43.294, 42.927, 42.493, 41.89, 41.44, 41.335, 41.625, 41.929, 41.866, 41.932, 42.196, 42.307, 42.419, 42.72, 42.883, 42.959, 43.125, 43.275, 43.213, 43.173, 43.33, 43.407, 43.289, 43.125, 43.109, 43.186, 43.037, 42.824, 42.884, 43.143, 43.288, 43.292, 43.357, 43.046, 42.677, 42.734, 42.624, 42.243, 42.096, 42.575, 42.885, 42.869, 42.605, 41.943, 41.424, 41.379, 41.498, 41.989], [42.257, 42.097, 41.776, 41.52, 41.433, 41.499, 41.348, 41.288, 41.342, 41.203, 40.428, 39.02, 37.895, 37.761, 38.098, 36.445, 30.203, 25.024, 22.992, 21.659, 19.63, 18.132, 17.103, 14.929, 12.699, 10.252, 6.14, 0.0, 6.435, 10.965, 12.697, 13.886, 16.075, 18.614, 20.288, 21.277, 22.599, 25.517, 29.849, 32.73, 33.982, 35.841, 38.973, 41.34, 41.85, 41.924, 41.953, 42.08, 42.284, 42.492, 42.688, 42.767, 42.73, 42.537, 42.478, 42.994, 43.363, 43.084, 42.924, 43.088, 42.957, 42.695, 42.683, 42.647, 42.888, 43.495, 43.778, 43.584, 43.429, 43.362, 43.202, 43.067, 42.975, 43.009, 43.126, 43.143, 42.736, 42.595, 42.63, 42.524, 42.424, 42.263, 42.148, 42.38, 42.73, 42.733, 42.346, 42.189, 42.326, 42.269, 42.254, 42.776, 43.305, 43.475, 43.298, 43.193, 43.265, 43.092, 42.734, 42.315, 41.726, 41.275, 41.185, 41.458, 41.768, 41.73, 41.827, 42.111, 42.226, 42.343, 42.664, 42.844, 42.925, 43.095, 43.239, 43.157, 43.116, 43.292, 43.389, 43.279, 43.11, 43.094, 43.174, 42.999, 42.753, 42.81, 43.072, 43.215, 43.215, 43.279, 42.956, 42.579, 42.649, 42.535, 42.129, 41.977, 42.48, 42.79, 42.762, 42.49, 41.821, 41.303, 41.268, 41.408, 42.073], [41.974, 41.827, 41.551, 41.346, 41.279, 41.356, 41.232, 41.209, 41.27, 41.132, 40.425, 39.129, 38.073, 37.997, 38.382, 36.82, 30.846, 26.009, 24.188, 23.017, 21.236, 20.025, 19.23, 17.279, 15.386, 13.901, 11.353, 6.435, 0.0, 5.525, 8.187, 9.819, 12.55, 15.818, 18.017, 19.271, 20.79, 24.074, 28.796, 31.842, 33.15, 35.098, 38.36, 40.798, 41.324, 41.399, 41.447, 41.588, 41.823, 42.091, 42.31, 42.393, 42.368, 42.186, 42.168, 42.781, 43.201, 42.917, 42.753, 42.93, 42.776, 42.446, 42.409, 42.383, 42.634, 43.271, 43.558, 43.334, 43.158, 43.089, 42.929, 42.79, 42.697, 42.754, 42.896, 42.918, 42.504, 42.365, 42.397, 42.28, 42.169, 42.01, 41.892, 42.111, 42.445, 42.423, 41.997, 41.82, 41.974, 41.921, 41.899, 42.422, 42.957, 43.134, 42.968, 42.877, 42.953, 42.764, 42.383, 41.955, 41.351, 40.876, 40.795, 41.069, 41.397, 41.376, 41.485, 41.781, 41.897, 42.024, 42.372, 42.569, 42.657, 42.83, 42.966, 42.865, 42.823, 43.008, 43.109, 43.012, 42.854, 42.842, 42.921, 42.73, 42.456, 42.507, 42.778, 42.936, 42.946, 43.001, 42.664, 42.296, 42.378, 42.246, 41.829, 41.721, 42.277, 42.58, 42.521, 42.235, 41.561, 41.054, 41.054, 41.232, 41.792], [41.831, 41.695, 41.446, 41.288, 41.261, 41.346, 41.222, 41.225, 41.31, 41.186, 40.545, 39.334, 38.311, 38.265, 38.69, 37.185, 31.432, 26.999, 25.419, 24.342, 22.694, 21.593, 20.884, 19.156, 17.525, 16.432, 14.688, 10.965, 5.525, 0.0, 3.779, 6.823, 10.455, 14.182, 16.694, 18.149, 19.8, 23.275, 28.197, 31.329, 32.668, 34.668, 37.986, 40.466, 41.019, 41.103, 41.175, 41.331, 41.581, 41.888, 42.128, 42.222, 42.197, 42.011, 42.039, 42.75, 43.21, 42.915, 42.761, 42.951, 42.772, 42.401, 42.345, 42.323, 42.568, 43.219, 43.508, 43.257, 43.061, 42.989, 42.827, 42.679, 42.587, 42.671, 42.847, 42.894, 42.487, 42.343, 42.369, 42.251, 42.149, 42.002, 41.871, 42.062, 42.354, 42.297, 41.851, 41.678, 41.856, 41.822, 41.829, 42.382, 42.938, 43.129, 42.969, 42.872, 42.927, 42.716, 42.309, 41.862, 41.225, 40.707, 40.614, 40.869, 41.184, 41.163, 41.274, 41.574, 41.685, 41.816, 42.177, 42.383, 42.476, 42.647, 42.777, 42.673, 42.632, 42.81, 42.909, 42.823, 42.679, 42.673, 42.755, 42.569, 42.292, 42.343, 42.62, 42.799, 42.838, 42.909, 42.581, 42.228, 42.31, 42.16, 41.741, 41.683, 42.306, 42.606, 42.515, 42.213, 41.533, 41.024, 41.041, 41.25, 41.654], [41.888, 41.771, 41.535, 41.395, 41.397, 41.5, 41.377, 41.384, 41.488, 41.382, 40.766, 39.581, 38.557, 38.493, 38.913, 37.429, 31.761, 27.46, 25.96, 24.925, 23.341, 22.279, 21.582, 19.95, 18.483, 17.573, 16.009, 12.697, 8.187, 3.779, 0.0, 4.323, 9.125, 13.337, 16.008, 17.554, 19.315, 22.926, 27.951, 31.122, 32.483, 34.518, 37.873, 40.395, 40.967, 41.055, 41.14, 41.308, 41.564, 41.884, 42.142, 42.246, 42.23, 42.06, 42.107, 42.841, 43.318, 43.035, 42.889, 43.073, 42.885, 42.517, 42.465, 42.445, 42.69, 43.345, 43.626, 43.364, 43.173, 43.113, 42.952, 42.793, 42.696, 42.786, 42.967, 43.02, 42.619, 42.475, 42.502, 42.393, 42.299, 42.158, 42.027, 42.207, 42.475, 42.404, 41.962, 41.797, 41.976, 41.94, 41.957, 42.526, 43.087, 43.273, 43.115, 43.02, 43.067, 42.843, 42.418, 41.961, 41.304, 40.758, 40.637, 40.849, 41.134, 41.118, 41.24, 41.547, 41.66, 41.802, 42.172, 42.377, 42.466, 42.631, 42.753, 42.647, 42.605, 42.783, 42.886, 42.809, 42.671, 42.666, 42.758, 42.591, 42.328, 42.379, 42.653, 42.839, 42.897, 42.986, 42.664, 42.3, 42.372, 42.215, 41.783, 41.72, 42.36, 42.662, 42.563, 42.256, 41.569, 41.054, 41.07, 41.292, 41.714], [41.791, 41.67, 41.439, 41.298, 41.303, 41.431, 41.337, 41.36, 41.476, 41.384, 40.807, 39.69, 38.737, 38.712, 39.131, 37.687, 32.156, 27.947, 26.447, 25.413, 23.892, 22.919, 22.269, 20.687, 19.338, 18.614, 17.154, 13.886, 9.819, 6.823, 4.323, 0.0, 5.797, 11.055, 14.278, 15.971, 17.833, 21.765, 27.152, 30.509, 31.945, 34.075, 37.572, 40.192, 40.773, 40.869, 40.961, 41.131, 41.4, 41.743, 42.019, 42.134, 42.133, 41.975, 42.006, 42.724, 43.217, 42.966, 42.833, 43.004, 42.798, 42.424, 42.374, 42.365, 42.636, 43.319, 43.605, 43.337, 43.148, 43.093, 42.929, 42.759, 42.651, 42.734, 42.918, 42.976, 42.578, 42.434, 42.461, 42.356, 42.254, 42.117, 42.0, 42.185, 42.448, 42.383, 41.947, 41.777, 41.942, 41.877, 41.86, 42.417, 42.968, 43.143, 42.991, 42.919, 42.975, 42.737, 42.292, 41.827, 41.173, 40.624, 40.489, 40.679, 40.951, 40.947, 41.096, 41.417, 41.538, 41.705, 42.094, 42.295, 42.379, 42.541, 42.658, 42.55, 42.515, 42.701, 42.807, 42.735, 42.597, 42.59, 42.686, 42.532, 42.281, 42.335, 42.605, 42.793, 42.863, 42.953, 42.614, 42.232, 42.306, 42.151, 41.705, 41.63, 42.274, 42.578, 42.478, 42.175, 41.486, 40.967, 40.987, 41.213, 41.623], [41.577, 41.427, 41.196, 41.058, 41.052, 41.196, 41.157, 41.231, 41.367, 41.29, 40.782, 39.78, 38.927, 38.983, 39.427, 38.046, 32.716, 28.745, 27.331, 26.287, 24.859, 24.047, 23.478, 21.947, 20.745, 20.247, 19.018, 16.075, 12.55, 10.455, 9.125, 5.797, 0.0, 6.216, 10.529, 12.821, 14.947, 19.462, 25.588, 29.347, 30.93, 33.232, 36.981, 39.762, 40.371, 40.488, 40.593, 40.755, 41.044, 41.428, 41.721, 41.845, 41.858, 41.684, 41.685, 42.391, 42.887, 42.662, 42.56, 42.741, 42.529, 42.15, 42.101, 42.098, 42.398, 43.12, 43.425, 43.145, 42.942, 42.881, 42.712, 42.53, 42.405, 42.486, 42.694, 42.778, 42.386, 42.232, 42.251, 42.141, 42.016, 41.879, 41.772, 41.951, 42.202, 42.149, 41.73, 41.56, 41.714, 41.621, 41.564, 42.1, 42.651, 42.828, 42.681, 42.617, 42.672, 42.419, 41.961, 41.486, 40.826, 40.262, 40.127, 40.332, 40.609, 40.623, 40.806, 41.147, 41.292, 41.521, 41.952, 42.153, 42.24, 42.413, 42.535, 42.436, 42.42, 42.612, 42.706, 42.63, 42.498, 42.494, 42.586, 42.435, 42.197, 42.259, 42.522, 42.708, 42.786, 42.863, 42.502, 42.12, 42.219, 42.077, 41.626, 41.568, 42.238, 42.542, 42.438, 42.139, 41.448, 40.917, 40.937, 41.16, 41.415], [41.508, 41.337, 41.113, 40.976, 40.962, 41.113, 41.122, 41.242, 41.396, 41.346, 40.91, 40.02, 39.24, 39.32, 39.76, 38.466, 33.36, 29.692, 28.425, 27.392, 26.04, 25.326, 24.791, 23.336, 22.321, 22.038, 21.051, 18.614, 15.818, 14.182, 13.337, 11.055, 6.216, 0.0, 5.411, 8.98, 11.92, 17.116, 23.955, 28.142, 29.878, 32.349, 36.34, 39.293, 39.956, 40.11, 40.243, 40.396, 40.686, 41.105, 41.405, 41.531, 41.56, 41.379, 41.382, 42.105, 42.6, 42.377, 42.317, 42.568, 42.412, 42.07, 42.029, 42.003, 42.296, 43.033, 43.347, 43.051, 42.833, 42.767, 42.594, 42.396, 42.243, 42.332, 42.581, 42.707, 42.326, 42.167, 42.176, 42.056, 41.92, 41.783, 41.675, 41.845, 42.092, 42.043, 41.646, 41.492, 41.647, 41.554, 41.494, 42.035, 42.605, 42.799, 42.648, 42.568, 42.607, 42.348, 41.898, 41.413, 40.706, 40.069, 39.917, 40.138, 40.414, 40.432, 40.625, 40.974, 41.15, 41.452, 41.929, 42.134, 42.229, 42.421, 42.555, 42.463, 42.463, 42.661, 42.745, 42.661, 42.536, 42.538, 42.624, 42.472, 42.244, 42.314, 42.574, 42.746, 42.816, 42.871, 42.493, 42.128, 42.26, 42.139, 41.695, 41.668, 42.373, 42.687, 42.581, 42.291, 41.605, 41.049, 41.043, 41.255, 41.349], [41.034, 40.832, 40.599, 40.464, 40.457, 40.624, 40.65, 40.781, 40.946, 40.922, 40.526, 39.693, 38.971, 39.068, 39.492, 38.274, 33.426, 30.09, 28.964, 27.945, 26.625, 25.915, 25.367, 24.003, 23.184, 23.11, 22.339, 20.288, 18.017, 16.694, 16.008, 14.278, 10.529, 5.411, 0.0, 4.722, 9.04, 15.042, 22.263, 26.69, 28.524, 31.107, 35.27, 38.393, 39.142, 39.333, 39.484, 39.627, 39.916, 40.358, 40.666, 40.796, 40.842, 40.686, 40.758, 41.566, 42.087, 41.82, 41.748, 42.071, 41.992, 41.695, 41.656, 41.579, 41.843, 42.603, 42.938, 42.628, 42.389, 42.322, 42.15, 41.935, 41.75, 41.843, 42.12, 42.269, 41.893, 41.729, 41.732, 41.617, 41.506, 41.379, 41.266, 41.452, 41.722, 41.669, 41.265, 41.13, 41.304, 41.224, 41.183, 41.761, 42.369, 42.583, 42.426, 42.331, 42.362, 42.102, 41.663, 41.176, 40.405, 39.643, 39.429, 39.659, 39.944, 39.939, 40.103, 40.456, 40.653, 40.986, 41.488, 41.698, 41.802, 42.016, 42.161, 42.066, 42.074, 42.285, 42.364, 42.269, 42.141, 42.141, 42.224, 42.07, 41.837, 41.914, 42.183, 42.345, 42.403, 42.453, 42.074, 41.721, 41.885, 41.786, 41.364, 41.38, 42.126, 42.456, 42.357, 42.078, 41.397, 40.822, 40.805, 41.011, 40.885], [39.993, 39.753, 39.502, 39.374, 39.389, 39.587, 39.617, 39.761, 39.942, 39.931, 39.56, 38.771, 38.114, 38.262, 38.719, 37