[[0.0, 4.991, 10.211, 13.38, 15.268, 18.48, 20.112, 20.884, 22.587, 24.481, 26.319, 28.934, 31.484, 32.275, 32.874, 34.149, 35.036, 35.178, 35.33, 35.749, 36.042, 36.107, 36.113, 36.227, 36.229, 36.133, 35.998, 36.024, 36.445, 36.811, 37.111, 37.403, 38.405, 39.639, 40.265, 40.307, 40.041, 39.47, 38.645, 38.471, 38.606, 38.128, 37.789, 38.015, 38.368, 38.901, 39.414, 39.389, 39.126, 39.105, 38.633, 38.21, 38.369, 37.81, 37.075, 36.666, 36.436, 36.422, 36.703, 37.031, 37.266, 37.374, 37.388, 37.531, 37.814, 37.984, 37.969, 37.968, 38.16, 38.333, 38.093, 37.607, 37.51, 37.611, 37.618, 37.358, 37.249, 37.759, 37.538, 36.514, 37.09, 38.711, 39.066, 38.484, 38.372, 38.642, 38.853, 39.056, 39.451, 39.552, 39.226, 39.085, 39.748, 40.691, 40.861, 40.249, 39.935, 39.983, 39.971, 39.846, 39.513, 38.753, 38.536, 38.949, 39.174, 38.86, 39.027, 40.225, 40.718, 40.786, 40.684, 40.0, 39.156, 38.216, 37.667, 37.842, 37.553, 36.509, 35.891, 36.717, 37.907, 38.792, 39.085, 38.786, 38.52, 37.888, 37.512, 37.456, 37.427, 37.306, 37.652, 38.449, 38.766, 38.275, 37.706, 38.583, 40.249, 41.127, 41.611, 41.385, 40.554, 39.621, 39.381, 39.308, 38.689, 38.276, 38.428, 38.449, 38.191, 38.077, 37.941, 37.984, 39.019, 40.064, 39.622, 38.703, 38.455, 37.966, 36.776, 36.257, 36.656, 36.968, 36.98, 37.187, 37.487, 37.231, 36.913, 37.626, 38.926, 39.284, 38.873, 39.108, 39.883, 39.853, 39.891, 40.592, 41.053, 41.322, 42.072, 42.614, 42.62, 42.29, 41.601, 41.499, 42.261, 43.343, 44.626, 45.134, 44.009, 42.874, 43.866, 44.89, 43.407, 41.292, 41.4, 42.674, 42.923, 42.74, 43.768, 45.732, 47.064, 47.186, 47.459, 47.558, 8.285], [4.991, 0.0, 6.952, 10.936, 13.475, 17.248, 19.007, 19.726, 21.486, 23.48, 25.339, 27.957, 30.613, 31.533, 32.359, 33.869, 34.839, 34.961, 35.084, 35.497, 35.783, 35.839, 35.875, 36.033, 36.034, 35.96, 35.94, 36.02, 36.377, 36.673, 36.936, 37.213, 38.211, 39.45, 40.075, 40.1, 39.822, 39.26, 38.49, 38.352, 38.469, 37.986, 37.665, 37.894, 38.232, 38.77, 39.302, 39.271, 38.994, 38.973, 38.507, 38.107, 38.32, 37.787, 37.052, 36.653, 36.439, 36.425, 36.701, 37.028, 37.265, 37.377, 37.394, 37.536, 37.816, 37.989, 37.974, 37.956, 38.111, 38.263, 38.035, 37.572, 37.488, 37.599, 37.602, 37.337, 37.223, 37.729, 37.471, 36.346, 36.887, 38.566, 38.943, 38.333, 38.177, 38.427, 38.628, 38.809, 39.183, 39.295, 38.969, 38.791, 39.415, 40.363, 40.549, 39.95, 39.649, 39.688, 39.656, 39.538, 39.232, 38.463, 38.191, 38.562, 38.788, 38.517, 38.703, 39.883, 40.356, 40.422, 40.326, 39.645, 38.808, 37.877, 37.302, 37.422, 37.123, 36.113, 35.534, 36.421, 37.687, 38.611, 38.891, 38.564, 38.29, 37.639, 37.249, 37.222, 37.215, 37.111, 37.449, 38.211, 38.542, 38.082, 37.518, 38.392, 40.068, 40.939, 41.424, 41.27, 40.527, 39.614, 39.355, 39.285, 38.68, 38.241, 38.357, 38.373, 38.117, 38.008, 37.887, 37.944, 38.984, 40.036, 39.605, 38.691, 38.452, 37.977, 36.797, 36.285, 36.696, 37.018, 37.026, 37.239, 37.559, 37.304, 36.943, 37.632, 38.947, 39.317, 38.906, 39.141, 39.929, 39.919, 39.954, 40.625, 41.063, 41.329, 42.078, 42.611, 42.604, 42.264, 41.577, 41.479, 42.232, 43.297, 44.579, 45.087, 43.961, 42.815, 43.768, 44.769, 43.272, 41.143, 41.232, 42.484, 42.707, 42.496, 43.485, 45.422, 46.733, 46.827, 47.082, 47.179, 11.023], [10.211, 6.952, 0.0, 6.109, 11.842, 16.566, 18.299, 19.167, 21.155, 23.194, 24.964, 27.437, 30.098, 31.154, 32.195, 33.917, 35.053, 35.256, 35.38, 35.779, 36.053, 36.09, 36.141, 36.354, 36.4, 36.336, 36.345, 36.458, 36.751, 36.977, 37.208, 37.464, 38.421, 39.621, 40.257, 40.302, 40.013, 39.469, 38.832, 38.738, 38.834, 38.416, 38.143, 38.356, 38.679, 39.2, 39.713, 39.7, 39.427, 39.397, 38.951, 38.596, 38.85, 38.357, 37.668, 37.314, 37.131, 37.11, 37.356, 37.659, 37.882, 37.986, 38.001, 38.127, 38.376, 38.54, 38.544, 38.538, 38.677, 38.816, 38.606, 38.192, 38.136, 38.258, 38.267, 38.011, 37.902, 38.384, 38.137, 37.014, 37.508, 39.119, 39.476, 38.917, 38.786, 39.008, 39.193, 39.362, 39.695, 39.794, 39.505, 39.356, 39.942, 40.825, 40.997, 40.433, 40.147, 40.167, 40.097, 39.922, 39.576, 38.802, 38.512, 38.845, 39.034, 38.751, 38.883, 39.98, 40.423, 40.498, 40.427, 39.787, 39.008, 38.133, 37.537, 37.552, 37.24, 36.333, 35.793, 36.589, 37.795, 38.696, 38.943, 38.62, 38.368, 37.785, 37.52, 37.558, 37.527, 37.422, 37.731, 38.355, 38.598, 38.184, 37.644, 38.382, 39.951, 40.784, 41.22, 41.14, 40.61, 39.824, 39.572, 39.52, 38.986, 38.615, 38.727, 38.711, 38.454, 38.393, 38.32, 38.375, 39.346, 40.354, 39.974, 39.152, 38.95, 38.528, 37.48, 37.074, 37.442, 37.743, 37.795, 38.01, 38.291, 38.051, 37.655, 38.211, 39.427, 39.785, 39.401, 39.633, 40.408, 40.422, 40.439, 41.036, 41.435, 41.688, 42.398, 42.905, 42.9, 42.578, 41.917, 41.826, 42.537, 43.546, 44.785, 45.272, 44.195, 43.103, 43.954, 44.884, 43.489, 41.458, 41.486, 42.642, 42.872, 42.672, 43.576, 45.376, 46.582, 46.607, 46.807, 46.896, 13.963], [13.38, 10.936, 6.109, 0.0, 8.311, 14.753, 16.82, 17.463, 19.545, 21.759, 23.582, 26.149, 29.005, 30.098, 31.151, 33.025, 34.295, 34.534, 34.688, 35.12, 35.394, 35.465, 35.606, 35.888, 35.928, 35.88, 35.97, 36.148, 36.515, 36.955, 37.326, 37.609, 38.61, 39.849, 40.485, 40.524, 40.184, 39.503, 38.812, 38.742, 38.863, 38.456, 38.187, 38.386, 38.694, 39.237, 39.753, 39.729, 39.465, 39.434, 38.984, 38.721, 39.102, 38.568, 37.723, 37.297, 37.128, 37.11, 37.315, 37.598, 37.835, 37.947, 37.95, 38.068, 38.317, 38.47, 38.452, 38.432, 38.585, 38.751, 38.552, 38.146, 38.096, 38.212, 38.209, 37.941, 37.833, 38.345, 38.095, 36.901, 37.359, 39.0, 39.368, 38.785, 38.615, 38.833, 39.023, 39.184, 39.508, 39.606, 39.319, 39.162, 39.729, 40.63, 40.803, 40.208, 39.916, 39.964, 39.904, 39.726, 39.395, 38.657, 38.417, 38.793, 39.031, 38.795, 38.945, 40.059, 40.515, 40.597, 40.511, 39.83, 39.023, 38.146, 37.55, 37.563, 37.235, 36.288, 35.71, 36.587, 37.959, 38.985, 39.244, 38.854, 38.574, 37.953, 37.623, 37.629, 37.59, 37.461, 37.766, 38.412, 38.647, 38.192, 37.624, 38.402, 40.031, 40.897, 41.344, 41.273, 40.701, 39.845, 39.57, 39.527, 38.976, 38.546, 38.605, 38.575, 38.28, 38.171, 38.078, 38.139, 39.14, 40.173, 39.796, 38.968, 38.754, 38.3, 37.182, 36.718, 37.113, 37.447, 37.5, 37.75, 38.08, 37.866, 37.489, 38.141, 39.493, 39.933, 39.551, 39.795, 40.605, 40.63, 40.645, 41.239, 41.639, 41.905, 42.633, 43.125, 43.085, 42.724, 42.028, 41.917, 42.636, 43.663, 44.915, 45.414, 44.341, 43.208, 44.0, 44.917, 43.494, 41.38, 41.325, 42.47, 42.693, 42.481, 43.409, 45.26, 46.48, 46.457, 46.63, 46.736, 16.224], [15.268, 13.475, 11.842, 8.311, 0.0, 8.372, 12.042, 12.85, 14.791, 17.451, 19.841, 23.117, 26.666, 27.801, 28.705, 30.82, 32.369, 32.667, 32.847, 33.335, 33.628, 33.778, 34.099, 34.516, 34.539, 34.484, 34.664, 34.902, 35.428, 36.195, 36.862, 37.356, 38.505, 39.846, 40.528, 40.59, 40.275, 39.569, 38.706, 38.563, 38.732, 38.233, 37.891, 38.113, 38.43, 39.01, 39.537, 39.483, 39.242, 39.243, 38.761, 38.545, 38.991, 38.301, 37.2, 36.608, 36.386, 36.383, 36.564, 36.815, 37.069, 37.214, 37.246, 37.426, 37.732, 37.879, 37.78, 37.669, 37.821, 38.053, 37.852, 37.385, 37.353, 37.509, 37.495, 37.195, 37.106, 37.728, 37.458, 36.157, 36.639, 38.416, 38.826, 38.162, 37.93, 38.193, 38.408, 38.539, 38.858, 38.97, 38.652, 38.474, 39.157, 40.213, 40.407, 39.679, 39.332, 39.428, 39.41, 39.257, 38.964, 38.273, 38.125, 38.575, 38.891, 38.68, 38.843, 39.997, 40.493, 40.601, 40.491, 39.753, 38.869, 37.907, 37.371, 37.568, 37.268, 36.144, 35.448, 36.45, 37.988, 39.15, 39.504, 39.071, 38.744, 38.036, 37.519, 37.364, 37.293, 37.151, 37.484, 38.324, 38.726, 38.243, 37.59, 38.487, 40.27, 41.215, 41.66, 41.433, 40.621, 39.636, 39.366, 39.283, 38.646, 38.146, 38.185, 38.196, 37.889, 37.651, 37.447, 37.507, 38.6, 39.658, 39.175, 38.239, 37.967, 37.38, 36.004, 35.354, 35.819, 36.185, 36.209, 36.573, 37.033, 36.81, 36.536, 37.537, 39.178, 39.694, 39.285, 39.53, 40.358, 40.369, 40.413, 41.093, 41.554, 41.869, 42.655, 43.141, 43.045, 42.632, 41.89, 41.743, 42.486, 43.578, 44.887, 45.415, 44.257, 42.982, 43.84, 44.851, 43.308, 40.96, 40.827, 42.073, 42.295, 42.046, 43.101, 45.186, 46.564, 46.606, 46.801, 46.897, 17.912], [18.48, 17.248, 16.566, 14.753, 8.372, 0.0, 5.907, 8.773, 10.902, 13.481, 16.428, 20.562, 24.828, 26.225, 27.221, 29.642, 31.551, 32.016, 32.25, 32.781, 33.103, 33.297, 33.706, 34.202, 34.248, 34.199, 34.41, 34.67, 35.208, 36.022, 36.908, 37.644, 38.854, 40.179, 40.921, 41.09, 40.889, 40.306, 39.416, 39.198, 39.368, 38.824, 38.432, 38.649, 38.952, 39.498, 40.002, 39.953, 39.736, 39.757, 39.267, 38.996, 39.348, 38.601, 37.575, 37.029, 36.774, 36.788, 37.012, 37.25, 37.472, 37.62, 37.69, 37.913, 38.234, 38.376, 38.266, 38.128, 38.266, 38.519, 38.322, 37.84, 37.821, 38.0, 37.998, 37.707, 37.645, 38.301, 38.079, 36.839, 37.266, 38.937, 39.328, 38.693, 38.474, 38.751, 38.973, 39.106, 39.42, 39.546, 39.251, 39.114, 39.912, 41.027, 41.22, 40.451, 40.054, 40.127, 40.129, 39.973, 39.632, 38.908, 38.768, 39.202, 39.484, 39.209, 39.277, 40.337, 40.853, 41.016, 40.924, 40.217, 39.347, 38.385, 37.927, 38.245, 38.007, 36.868, 36.127, 36.989, 38.358, 39.451, 39.869, 39.488, 39.186, 38.532, 38.036, 37.81, 37.69, 37.559, 37.902, 38.777, 39.29, 38.925, 38.274, 39.091, 40.832, 41.8, 42.194, 41.861, 41.045, 40.147, 39.92, 39.806, 39.175, 38.756, 38.841, 38.893, 38.619, 38.356, 38.111, 38.14, 39.169, 40.153, 39.628, 38.693, 38.411, 37.784, 36.369, 35.65, 36.012, 36.328, 36.358, 36.738, 37.134, 36.87, 36.684, 37.739, 39.336, 39.826, 39.462, 39.706, 40.464, 40.451, 40.521, 41.237, 41.737, 42.074, 42.852, 43.321, 43.231, 42.866, 42.189, 42.049, 42.771, 43.863, 45.158, 45.659, 44.496, 43.269, 44.158, 45.11, 43.58, 41.333, 41.257, 42.499, 42.729, 42.519, 43.623, 45.717, 47.085, 47.161, 47.348, 47.396, 20.659], [20.112, 19.007, 18.299, 16.82, 12.042, 5.907, 0.0, 5.208, 8.979, 11.341, 14.041, 18.813, 23.581, 25.238, 26.557, 29.275, 31.362, 31.911, 32.194, 32.774, 33.12, 33.296, 33.68, 34.175, 34.24, 34.219, 34.459, 34.729, 35.212, 35.948, 36.853, 37.676, 38.915, 40.223, 40.983, 41.21, 41.078, 40.57, 39.739, 39.543, 39.686, 39.125, 38.727, 38.935, 39.201, 39.688, 40.167, 40.136, 39.928, 39.943, 39.454, 39.134, 39.429, 38.715, 37.824, 37.392, 37.154, 37.164, 37.428, 37.681, 37.883, 38.012, 38.079, 38.306, 38.622, 38.765, 38.691, 38.593, 38.738, 38.989, 38.808, 38.35, 38.327, 38.492, 38.494, 38.213, 38.155, 38.806, 38.614, 37.429, 37.79, 39.324, 39.672, 39.068, 38.864, 39.123, 39.337, 39.476, 39.789, 39.926, 39.672, 39.559, 40.346, 41.429, 41.611, 40.87, 40.463, 40.5, 40.502, 40.348, 39.984, 39.231, 39.048, 39.449, 39.725, 39.446, 39.475, 40.507, 41.054, 41.246, 41.169, 40.483, 39.63, 38.704, 38.249, 38.515, 38.276, 37.201, 36.492, 37.186, 38.365, 39.383, 39.781, 39.394, 39.125, 38.543, 38.138, 37.965, 37.835, 37.711, 38.048, 38.843, 39.353, 39.084, 38.486, 39.226, 40.875, 41.828, 42.231, 41.949, 41.252, 40.451, 40.238, 40.123, 39.524, 39.145, 39.248, 39.313, 39.066, 38.844, 38.633, 38.649, 39.611, 40.565, 40.076, 39.178, 38.916, 38.341, 37.019, 36.319, 36.583, 36.869, 36.924, 37.258, 37.531, 37.231, 37.073, 38.041, 39.499, 39.939, 39.615, 39.89, 40.632, 40.613, 40.691, 41.4, 41.89, 42.227, 42.987, 43.448, 43.379, 43.055, 42.428, 42.313, 43.025, 44.094, 45.366, 45.854, 44.729, 43.572, 44.436, 45.32, 43.806, 41.663, 41.656, 42.873, 43.083, 42.902, 44.014, 46.037, 47.318, 47.359, 47.52, 47.548, 22.04], [20.884, 19.726, 19.167, 17.463, 12.85, 8.773, 5.208, 0.0, 5.53, 9.121, 12.02, 17.139, 22.281, 24.041, 25.536, 28.485, 30.624, 31.155, 31.443, 32.064, 32.433, 32.598, 32.985, 33.514, 33.582, 33.582, 33.899, 34.189, 34.692, 35.557, 36.5, 37.287, 38.596, 40.013, 40.814, 41.035, 40.89, 40.355, 39.524, 39.378, 39.511, 38.917, 38.511, 38.715, 38.963, 39.43, 39.891, 39.844, 39.628, 39.634, 39.137, 38.83, 39.153, 38.425, 37.478, 37.032, 36.801, 36.798, 37.052, 37.305, 37.511, 37.656, 37.735, 37.963, 38.283, 38.437, 38.364, 38.265, 38.415, 38.662, 38.471, 37.999, 37.974, 38.143, 38.138, 37.851, 37.792, 38.454, 38.251, 37.03, 37.403, 39.003, 39.356, 38.689, 38.424, 38.664, 38.872, 38.982, 39.276, 39.436, 39.19, 39.053, 39.828, 40.936, 41.142, 40.412, 40.019, 40.059, 40.048, 39.912, 39.611, 38.917, 38.763, 39.192, 39.53, 39.323, 39.404, 40.456, 40.995, 41.168, 41.064, 40.34, 39.469, 38.544, 38.081, 38.318, 38.051, 36.968, 36.281, 37.039, 38.287, 39.333, 39.688, 39.247, 38.973, 38.364, 37.923, 37.788, 37.698, 37.593, 37.941, 38.729, 39.243, 38.942, 38.335, 39.129, 40.807, 41.74, 42.162, 41.926, 41.202, 40.343, 40.113, 39.993, 39.361, 38.916, 38.983, 39.05, 38.809, 38.582, 38.372, 38.407, 39.404, 40.368, 39.858, 38.933, 38.675, 38.101, 36.745, 36.024, 36.347, 36.668, 36.693, 37.033, 37.347, 37.049, 36.893, 37.931, 39.451, 39.873, 39.514, 39.802, 40.572, 40.554, 40.635, 41.345, 41.825, 42.159, 42.932, 43.404, 43.332, 42.989, 42.336, 42.216, 42.948, 44.039, 45.343, 45.858, 44.718, 43.523, 44.407, 45.338, 43.775, 41.512, 41.447, 42.683, 42.88, 42.673, 43.799, 45.869, 47.188, 47.242, 47.415, 47.459, 22.885], [22.587, 21.486, 21.155, 19.545, 14.791, 10.902, 8.979, 5.53, 0.0, 5.297, 9.994, 15.588, 20.828, 22.703, 24.341, 27.449, 29.646, 30.195, 30.521, 31.175, 31.562, 31.767, 32.214, 32.783, 32.833, 32.836, 33.24, 33.572, 34.098, 35.138, 36.244, 37.07, 38.42, 39.903, 40.771, 41.045, 40.902, 40.334, 39.484, 39.343, 39.478, 38.886, 38.487, 38.68, 38.914, 39.38, 39.853, 39.805, 39.578, 39.583, 39.085, 38.784, 39.115, 38.358, 37.344, 36.853, 36.61, 36.594, 36.828, 37.072, 37.272, 37.456, 37.598, 37.836, 38.155, 38.323, 38.239, 38.109, 38.237, 38.472, 38.27, 37.764, 37.709, 37.875, 37.876, 37.614, 37.576, 38.247, 38.047, 36.827, 37.232, 38.908, 39.293, 38.567, 38.222, 38.442, 38.648, 38.725, 38.986, 39.156, 38.916, 38.772, 39.564, 40.689, 40.903, 40.175, 39.777, 39.81, 39.798, 39.676, 39.415, 38.792, 38.716, 39.168, 39.52, 39.371, 39.513, 40.55, 41.042, 41.2, 41.079, 40.309, 39.425, 38.525, 38.133, 38.428, 38.151, 37.03, 36.35, 37.189, 38.5, 39.554, 39.902, 39.481, 39.21, 38.56, 38.039, 37.877, 37.805, 37.711, 38.082, 38.925, 39.492, 39.193, 38.573, 39.426, 41.169, 42.118, 42.519, 42.227, 41.404, 40.49, 40.265, 40.133, 39.478, 39.002, 39.049, 39.129, 38.9, 38.653, 38.42, 38.476, 39.514, 40.474, 39.926, 38.984, 38.711, 38.074, 36.61, 35.814, 36.147, 36.474, 36.452, 36.796, 37.168, 36.897, 36.742, 37.84, 39.44, 39.877, 39.49, 39.76, 40.531, 40.509, 40.601, 41.335, 41.829, 42.176, 42.968, 43.443, 43.363, 43.012, 42.349, 42.219, 42.959, 44.049, 45.353, 45.878, 44.722, 43.488, 44.39, 45.333, 43.755, 41.445, 41.337, 42.573, 42.766, 42.546, 43.682, 45.795, 47.16, 47.235, 47.411, 47.451, 24.586], [24.481, 23.48, 23.194, 21.759, 17.451, 13.481, 11.341, 9.121, 5.297, 0.0, 6.618, 13.791, 19.405, 21.328, 23.246, 26.705, 29.105, 29.765, 30.159, 30.839, 31.223, 31.464, 31.983, 32.578, 32.615, 32.633, 33.119, 33.492, 33.945, 34.97, 36.24, 37.212, 38.569, 40.015, 40.915, 41.286, 41.234, 40.725, 39.915, 39.778, 39.918, 39.358, 38.974, 39.171, 39.402, 39.846, 40.316, 40.287, 40.06, 40.066, 39.585, 39.234, 39.482, 38.73, 37.812, 37.425, 37.206, 37.172, 37.422, 37.677, 37.849, 38.022, 38.192, 38.438, 38.744, 38.91, 38.851, 38.751, 38.876, 39.093, 38.905, 38.422, 38.341, 38.482, 38.501, 38.283, 38.278, 38.941, 38.776, 37.639, 38.002, 39.554, 39.909, 39.203, 38.845, 39.035, 39.228, 39.296, 39.529, 39.682, 39.455, 39.31, 40.067, 41.133, 41.323, 40.621, 40.226, 40.232, 40.214, 40.085, 39.797, 39.164, 39.085, 39.505, 39.822, 39.684, 39.83, 40.835, 41.315, 41.481, 41.379, 40.63, 39.775, 38.938, 38.592, 38.869, 38.6, 37.538, 36.884, 37.617, 38.787, 39.77, 40.113, 39.725, 39.472, 38.856, 38.375, 38.219, 38.114, 38.018, 38.386, 39.185, 39.756, 39.553, 38.984, 39.773, 41.462, 42.441, 42.855, 42.555, 41.78, 40.949, 40.749, 40.613, 40.01, 39.606, 39.66, 39.741, 39.528, 39.291, 39.071, 39.131, 40.122, 41.052, 40.556, 39.684, 39.405, 38.769, 37.357, 36.564, 36.79, 37.089, 37.085, 37.384, 37.665, 37.404, 37.267, 38.22, 39.67, 40.077, 39.721, 39.993, 40.742, 40.721, 40.813, 41.531, 42.024, 42.37, 43.143, 43.606, 43.541, 43.229, 42.617, 42.509, 43.226, 44.271, 45.527, 46.033, 44.919, 43.754, 44.643, 45.523, 44.006, 41.853, 41.823, 43.016, 43.187, 42.995, 44.115, 46.131, 47.404, 47.424, 47.557, 47.568, 26.316], [26.319, 25.339, 24.964, 23.582, 19.841, 16.428, 14.041, 12.02, 9.994, 6.618, 0.0, 9.103, 16.365, 18.737, 20.835, 24.894, 27.821, 28.72, 29.182, 29.926, 30.325, 30.566, 31.18, 31.874, 31.944, 32.012, 32.588, 32.974, 33.285, 34.207, 35.611, 36.758, 38.135, 39.539, 40.461, 40.931, 41.049, 40.768, 40.174, 40.106, 40.256, 39.748, 39.398, 39.6, 39.826, 40.229, 40.671, 40.659, 40.446, 40.457, 39.998, 39.575, 39.685, 38.89, 38.111, 37.912, 37.739, 37.685, 37.995, 38.292, 38.437, 38.588, 38.744, 38.981, 39.28, 39.428, 39.398, 39.353, 39.46, 39.628, 39.451, 39.039, 38.998, 39.138, 39.172, 38.971, 38.958, 39.615, 39.518, 38.477, 38.79, 40.196, 40.487, 39.808, 39.47, 39.645, 39.809, 39.858, 40.072, 40.214, 39.991, 39.821, 40.518, 41.519, 41.683, 41.013, 40.648, 40.626, 40.565, 40.421, 40.139, 39.506, 39.388, 39.763, 40.07, 39.962, 40.113, 41.079, 41.541, 41.705, 41.624, 40.916, 40.113, 39.333, 38.948, 39.073, 38.765, 37.823, 37.239, 37.827, 38.833, 39.749, 40.043, 39.615, 39.371, 38.775, 38.322, 38.156, 37.98, 37.884, 38.24, 38.886, 39.42, 39.361, 38.866, 39.506, 41.078, 42.087, 42.552, 42.336, 41.722, 41.032, 40.865, 40.723, 40.183, 39.897, 39.999, 40.081, 39.867, 39.625, 39.423, 39.48, 40.399, 41.309, 40.901, 40.098, 39.824, 39.29, 38.075, 37.375, 37.509, 37.81, 37.901, 38.195, 38.385, 38.139, 38.001, 38.664, 39.785, 40.059, 39.745, 40.043, 40.747, 40.725, 40.816, 41.5, 41.974, 42.308, 43.048, 43.508, 43.477, 43.223, 42.689, 42.636, 43.346, 44.362, 45.591, 46.083, 45.01, 43.912, 44.779, 45.6, 44.126, 42.145, 42.202, 43.331, 43.465, 43.32, 44.448, 46.332, 47.441, 47.344, 47.397, 47.377, 27.866], [28.934, 27.957, 27.437, 26.149, 23.117, 20.562, 18.813, 17.139, 15.588, 13.791, 9.103, 0.0, 9.324, 13.551, 16.678, 21.496, 25.177, 26.542, 27.183, 28.065, 28.51, 28.725, 29.423, 30.278, 30.451, 30.596, 31.277, 31.679, 31.796, 32.595, 34.148, 35.439, 36.791, 38.181, 39.215, 39.798, 40.092, 40.236, 40.174, 40.29, 40.437, 40.036, 39.765, 39.942, 40.12, 40.428, 40.821, 40.831, 40.616, 40.619, 40.217, 39.815, 39.838, 39.019, 38.426, 38.443, 38.306, 38.239, 38.645, 38.996, 39.106, 39.267, 39.453, 39.672, 39.963, 40.104, 40.074, 40.031, 40.061, 40.132, 39.939, 39.553, 39.518, 39.653, 39.693, 39.492, 39.436, 40.07, 40.063, 39.123, 39.411, 40.714, 40.95, 40.251, 39.893, 40.059, 40.189, 40.172, 40.331, 40.474, 40.257, 40.011, 40.559, 41.434, 41.576, 40.998, 40.708, 40.639, 40.508, 40.384, 40.189, 39.645, 39.584, 39.95, 40.259, 40.257, 40.522, 41.435, 41.791, 41.915, 41.849, 41.16, 40.424, 39.743, 39.289, 39.14, 38.713, 37.929, 37.451, 37.884, 38.78, 39.662, 39.873, 39.407, 39.173, 38.514, 38.027, 37.883, 37.682, 37.573, 37.912, 38.397, 38.894, 39.013, 38.608, 39.078, 40.501, 41.522, 42.042, 41.895, 41.445, 40.954, 40.87, 40.722, 40.231, 40.098, 40.297, 40.382, 40.153, 39.901, 39.71, 39.754, 40.619, 41.538, 41.222, 40.465, 40.196, 39.817, 38.892, 38.368, 38.422, 38.719, 38.936, 39.294, 39.446, 39.232, 39.084, 39.384, 40.075, 40.118, 39.814, 40.132, 40.78, 40.761, 40.845, 41.478, 41.912, 42.224, 42.946, 43.421, 43.435, 43.233, 42.766, 42.772, 43.483, 44.466, 45.658, 46.12, 45.084, 44.036, 44.811, 45.504, 44.074, 42.329, 42.492, 43.522, 43.615, 43.525, 44.644, 46.377, 47.3, 47.045, 46.99, 46.945, 30.146], [31.484, 30.613, 30.098, 29.005, 26.666, 24.828, 23.581, 22.281, 20.828, 19.405, 16.365, 9.324, 0.0, 7.054, 13.319, 18.935, 22.766, 24.476, 25.369, 26.394, 26.909, 27.114, 27.823, 28.77, 29.059, 29.309, 30.08, 30.477, 30.397, 31.07, 32.744, 34.096, 35.39, 36.858, 38.117, 38.83, 39.268, 39.875, 40.385, 40.734, 40.861, 40.528, 40.328, 40.473, 40.583, 40.792, 41.162, 41.201, 40.977, 40.966, 40.634, 40.305, 40.321, 39.555, 39.154, 39.335, 39.236, 39.194, 39.707, 40.115, 40.203, 40.362, 40.582, 40.791, 41.066, 41.208, 41.186, 41.137, 41.097, 41.076, 40.855, 40.46, 40.391, 40.502, 40.54, 40.362, 40.291, 40.899, 40.946, 40.006, 40.118, 41.249, 41.435, 40.708, 40.317, 40.468, 40.561, 40.48, 40.581, 40.717, 40.513, 40.182, 40.529, 41.241, 41.387, 40.969, 40.782, 40.698, 40.557, 40.484, 40.345, 39.874, 39.916, 40.31, 40.601, 40.667, 41.079, 42.003, 42.272, 42.338, 42.286, 41.628, 40.949, 40.372, 39.907, 39.558, 39.033, 38.383, 38.02, 38.353, 39.156, 39.981, 40.125, 39.656, 39.406, 38.687, 38.205, 38.166, 38.027, 37.903, 38.221, 38.652, 39.112, 39.296, 38.976, 39.376, 40.611, 41.535, 42.067, 41.936, 41.572, 41.263, 41.266, 41.117, 40.678, 40.669, 40.93, 41.0, 40.782, 40.574, 40.418, 40.465, 41.294, 42.202, 41.943, 41.238, 40.975, 40.706, 40.038, 39.705, 39.678, 39.921, 40.189, 40.553, 40.619, 40.412, 40.285, 40.345, 40.728, 40.633, 40.361, 40.698, 41.321, 41.313, 41.379, 41.936, 42.315, 42.602, 43.311, 43.811, 43.859, 43.685, 43.242, 43.259, 43.945, 44.879, 46.013, 46.429, 45.443, 44.448, 45.095, 45.658, 44.313, 42.81, 43.117, 44.101, 44.177, 44.143, 45.25, 46.843, 47.625, 47.266, 47.149, 47.111, 32.468], [32.275, 31.533, 31.154, 30.098, 27.801, 26.225, 25.238, 24.041, 22.703, 21.328, 18.737, 13.551, 7.054, 0.0, 8.651, 15.792, 20.166, 21.982, 22.917, 24.051, 24.62, 24.864, 25.741, 26.844, 27.188, 27.511, 28.36, 28.796, 28.742, 29.482, 31.287, 32.775, 34.219, 35.894, 37.319, 38.109, 38.677, 39.494, 40.118, 40.55, 40.729, 40.385, 40.159, 40.32, 40.496, 40.744, 41.091, 41.113, 40.889, 40.873, 40.543, 40.261, 40.37, 39.621, 39.146, 39.27, 39.174, 39.165, 39.696, 40.115, 40.216, 40.342, 40.513, 40.713, 40.984, 41.103, 41.064, 41.008, 40.963, 40.928, 40.691, 40.307, 40.284, 40.41, 40.429, 40.24, 40.161, 40.801, 40.862, 39.829, 39.821, 40.936, 41.136, 40.374, 39.945, 40.1, 40.188, 40.099, 40.21, 40.341, 40.119, 39.743, 40.04, 40.743, 40.931, 40.541, 40.351, 40.287, 40.184, 40.121, 39.97, 39.513, 39.628, 40.084, 40.388, 40.453, 40.961, 41.998, 42.286, 42.34, 42.298, 41.644, 40.94, 40.314, 39.822, 39.473, 38.949, 38.288, 37.927, 38.317, 39.169, 39.997, 40.141, 39.649, 39.348, 38.596, 38.116, 38.112, 37.985, 37.843, 38.175, 38.669, 39.109, 39.216, 38.892, 39.384, 40.65, 41.549, 42.073, 41.911, 41.484, 41.138, 41.141, 40.98, 40.527, 40.513, 40.763, 40.822, 40.595, 40.381, 40.227, 40.279, 41.117, 42.014, 41.722, 41.0, 40.728, 40.44, 39.745, 39.423, 39.412, 39.626, 39.892, 40.301, 40.367, 40.143, 40.049, 40.175, 40.585, 40.507, 40.228, 40.568, 41.216, 41.21, 41.281, 41.872, 42.281, 42.573, 43.291, 43.811, 43.87, 43.692, 43.234, 43.233, 43.905, 44.848, 46.016, 46.443, 45.42, 44.403, 45.09, 45.69, 44.307, 42.764, 43.123, 44.174, 44.266, 44.257, 45.45, 47.127, 47.93, 47.543, 47.418, 47.418, 33.088], [32.874, 32.359, 32.195, 31.151, 28.705, 27.221, 26.557, 25.536, 24.341, 23.246, 20.835, 16.678, 13.319, 8.651, 0.0, 9.084, 15.463, 17.892, 18.846, 20.226, 20.927, 21.23, 22.514, 24.062, 24.501, 24.842, 25.857, 26.579, 26.934, 28.082, 30.14, 31.86, 33.539, 35.363, 36.849, 37.67, 38.278, 39.014, 39.438, 39.822, 40.106, 39.81, 39.548, 39.729, 40.076, 40.49, 40.846, 40.846, 40.652, 40.666, 40.305, 40.059, 40.303, 39.526, 38.757, 38.629, 38.491, 38.493, 38.934, 39.297, 39.425, 39.535, 39.637, 39.822, 40.107, 40.205, 40.122, 40.031, 39.998, 39.998, 39.761, 39.4, 39.472, 39.639, 39.628, 39.412, 39.315, 39.991, 40.099, 39.093, 39.153, 40.412, 40.674, 39.892, 39.443, 39.628, 39.745, 39.679, 39.825, 39.946, 39.698, 39.344, 39.722, 40.489, 40.697, 40.221, 39.948, 39.909, 39.858, 39.781, 39.656, 39.289, 39.498, 40.0, 40.32, 40.384, 40.931, 42.026, 42.303, 42.342, 42.295, 41.608, 40.874, 40.216, 39.723, 39.487, 39.007, 38.214, 37.699, 38.141, 39.124, 39.989, 40.151, 39.648, 39.32, 38.531, 37.969, 37.811, 37.548, 37.372, 37.753, 38.301, 38.641, 38.638, 38.323, 38.942, 40.309, 41.275, 41.813, 41.531, 40.904, 40.414, 40.389, 40.225, 39.76, 39.743, 40.002, 40.06, 39.785, 39.488, 39.294, 39.336, 40.182, 41.102, 40.791, 40.032, 39.727, 39.362, 38.539, 38.16, 38.196, 38.393, 38.68, 39.202, 39.384, 39.213, 39.127, 39.359, 39.89, 39.873, 39.558, 39.858, 40.513, 40.487, 40.589, 41.285, 41.76, 42.066, 42.812, 43.373, 43.466, 43.311, 42.859, 42.844, 43.512, 44.494, 45.724, 46.187, 45.115, 44.051, 44.862, 45.56, 44.062, 42.367, 42.713, 43.864, 43.977, 43.951, 45.241, 47.132, 48.087, 47.762, 47.69, 47.736, 33.395], [34.149, 33.869, 33.917, 33.025, 30.82, 29.642, 29.275, 28.485, 27.449, 26.705, 24.894, 21.496, 18.935, 15.792, 9.084, 0.0, 8.266, 11.999, 13.493, 15.482, 16.575, 16.917, 18.572, 20.746, 21.46, 21.925, 23.203, 24.307, 25.203, 26.888, 29.171, 30.997, 32.778, 34.691, 36.269, 37.137, 37.781, 38.602, 39.048, 39.408, 39.726, 39.528, 39.317, 39.492, 39.896, 40.378, 40.754, 40.767, 40.595, 40.615, 40.237, 39.992, 40.221, 39.348, 38.365, 38.064, 37.888, 37.909, 38.319, 38.665, 38.827, 38.974, 39.089, 39.275, 39.59, 39.727, 39.62, 39.48, 39.459, 39.495, 39.244, 38.842, 38.919, 39.1, 39.086, 38.875, 38.774, 39.465, 39.621, 38.674, 38.782, 40.157, 40.488, 39.698, 39.253, 39.476, 39.624, 39.587, 39.789, 39.916, 39.655, 39.34, 39.762, 40.526, 40.723, 40.222, 39.947, 39.936, 39.903, 39.857, 39.855, 39.64, 39.932, 40.465, 40.797, 40.884, 41.477, 42.607, 42.832, 42.796, 42.708, 41.968, 41.201, 40.573, 40.129, 39.959, 39.483, 38.582, 37.929, 38.379, 39.449, 40.304, 40.424, 39.931, 39.623, 38.806, 38.15, 37.849, 37.491, 37.295, 37.707, 38.325, 38.571, 38.46, 38.213, 38.991, 40.39, 41.329, 41.849, 41.421, 40.558, 39.955, 39.925, 39.764, 39.303, 39.293, 39.567, 39.621, 39.324, 38.973, 38.74, 38.773, 39.612, 40.494, 40.111, 39.304, 38.988, 38.595, 37.759, 37.43, 37.471, 37.607, 37.91, 38.536, 38.857, 38.772, 38.665, 38.906, 39.475, 39.484, 39.171, 39.444, 40.078, 40.024, 40.149, 40.921, 41.437, 41.748, 42.517, 43.107, 43.23, 43.103, 42.653, 42.611, 43.267, 44.251, 45.481, 45.949, 44.866, 43.779, 44.672, 45.442, 43.875, 42.097, 42.454, 43.668, 43.787, 43.733, 45.048, 47.052, 48.109, 47.855, 47.843, 47.916, 34.413], [35.036, 34.839, 35.053, 34.295, 32.369, 31.551, 31.362, 30.624, 29.646, 29.105, 27.821, 25.177, 22.766, 20.166, 15.463, 8.266, 0.0, 5.212, 8.687, 12.048, 13.719, 14.204, 16.055, 18.528, 19.402, 20.082, 21.6, 22.849, 24.084, 26.221, 28.584, 30.317, 32.129, 34.126, 35.739, 36.595, 37.206, 38.104, 38.732, 39.217, 39.513, 39.326, 39.188, 39.354, 39.705, 40.194, 40.596, 40.608, 40.433, 40.444, 40.051, 39.785, 39.958, 38.983, 37.854, 37.453, 37.262, 37.294, 37.688, 38.018, 38.185, 38.381, 38.56, 38.759, 39.109, 39.321, 39.219, 39.043, 39.043, 39.115, 38.837, 38.355, 38.383, 38.573, 38.58, 38.378, 38.272, 38.963, 39.112, 38.15, 38.263, 39.728, 40.122, 39.295, 38.826, 39.066, 39.226, 39.202, 39.442, 39.568, 39.305, 39.041, 39.501, 40.254, 40.412, 39.92, 39.696, 39.731, 39.71, 39.695, 39.817, 39.748, 40.116, 40.692, 41.06, 41.201, 41.87, 43.065, 43.266, 43.169, 43.044, 42.233, 41.399, 40.769, 40.375, 40.251, 39.754, 38.768, 38.066, 38.645, 39.857, 40.713, 40.781, 40.291, 39.994, 39.137, 38.39, 38.033, 37.684, 37.491, 37.899, 38.591, 38.801, 38.568, 38.346, 39.315, 40.791, 41.677, 42.169, 41.648, 40.595, 39.897, 39.867, 39.704, 39.198, 39.119, 39.362, 39.401, 39.118, 38.786, 38.538, 38.577, 39.465, 40.315, 39.801, 38.893, 38.567, 38.155, 37.283, 36.985, 37.09, 37.217, 37.453, 38.111, 38.579, 38.555, 38.402, 38.673, 39.315, 39.364, 39.057, 39.308, 39.932, 39.861, 39.986, 40.792, 41.326, 41.646, 42.457, 43.075, 43.183, 43.022, 42.515, 42.423, 43.077, 44.044, 45.25, 45.718, 44.599, 43.429, 44.348, 45.186, 43.571, 41.705, 42.049, 43.29, 43.403, 43.328, 44.644, 46.683, 47.773, 47.545, 47.583, 47.676, 35.26], [35.178, 34.961, 35.256, 34.534, 32.667, 32.016, 31.911, 31.155, 30.195, 29.765, 28.72, 26.542, 24.476, 21.982, 17.892, 11.999, 5.212, 0.0, 5.179, 9.771, 11.892, 12.557, 14.664, 17.283, 18.129, 18.888, 20.597, 21.969, 23.416, 25.814, 28.192, 29.875, 31.798, 33.902, 35.49, 36.279, 36.829, 37.677, 38.359, 38.975, 39.298, 39.063, 38.926, 39.096, 39.427, 39.939, 40.365, 40.365, 40.189, 40.195, 39.776, 39.501, 39.676, 38.664, 37.435, 36.963, 36.766, 36.794, 37.139, 37.433, 37.605, 37.85, 38.074, 38.279, 38.647, 38.898, 38.793, 38.597, 38.613, 38.701, 38.397, 37.866, 37.872, 38.071, 38.084, 37.869, 37.737, 38.415, 38.547, 37.567, 37.71, 39.259, 39.706, 38.851, 38.352, 38.59, 38.751, 38.725, 38.954, 39.059, 38.795, 38.557, 39.042, 39.796, 39.908, 39.394, 39.189, 39.255, 39.237, 39.222, 39.402, 39.417, 39.832, 40.435, 40.841, 41.032, 41.768, 43.015, 43.219, 43.099, 42.947, 42.09, 41.213, 40.564, 40.209, 40.144, 39.631, 38.579, 37.891, 38.645, 40.007, 40.895, 40.927, 40.42, 40.123, 39.228, 38.403, 38.022, 37.701, 37.529, 37.944, 38.683, 38.91, 38.604, 38.343, 39.413, 40.997, 41.899, 42.375, 41.814, 40.666, 39.875, 39.823, 39.669, 39.111, 38.93, 39.115, 39.147, 38.883, 38.574, 38.322, 38.37, 39.316, 40.177, 39.602, 38.635, 38.291, 37.84, 36.885, 36.545, 36.741, 36.928, 37.081, 37.705, 38.287, 38.301, 38.09, 38.403, 39.156, 39.257, 38.946, 39.18, 39.805, 39.73, 39.852, 40.663, 41.198, 41.526, 42.365, 42.986, 43.063, 42.861, 42.308, 42.183, 42.837, 43.802, 45.005, 45.478, 44.329, 43.094, 44.016, 44.898, 43.225, 41.221, 41.509, 42.773, 42.877, 42.784, 44.125, 46.204, 47.307, 47.093, 47.168, 47.273, 35.466], [35.33, 35.084, 35.38, 34.688, 32.847, 32.25, 32.194, 31.443, 30.521, 30.159, 29.182, 27.183, 25.369, 22.917, 18.846, 13.493, 8.687, 5.179, 0.0, 5.429, 8.328, 9.281, 11.694, 14.812, 15.877, 16.693, 18.712, 20.477, 22.131, 24.752, 27.368, 29.201, 31.269, 33.474, 35.081, 35.852, 36.382, 37.238, 37.996, 38.703, 39.096, 38.88, 38.731, 38.92, 39.287, 39.819, 40.244, 40.238, 40.071, 40.074, 39.641, 39.367, 39.553, 38.537, 37.27, 36.785, 36.589, 36.606, 36.914, 37.191, 37.38, 37.668, 37.92, 38.132, 38.504, 38.764, 38.656, 38.455, 38.479, 38.557, 38.226, 37.69, 37.711, 37.91, 37.906, 37.669, 37.513, 38.187, 38.318, 37.336, 37.514, 39.115, 39.584, 38.71, 38.212, 38.458, 38.615, 38.586, 38.798, 38.884, 38.619, 38.393, 38.879, 39.605, 39.674, 39.122, 38.907, 38.967, 38.938, 38.916, 39.123, 39.189, 39.628, 40.228, 40.654, 40.887, 41.659, 42.911, 43.106, 42.974, 42.807, 41.937, 41.059, 40.41, 40.068, 40.01, 39.483, 38.42, 37.752, 38.558, 39.972, 40.887, 40.894, 40.364, 40.067, 39.135, 38.238, 37.836, 37.532, 37.378, 37.799, 38.559, 38.827, 38.522, 38.235, 39.328, 40.97, 41.903, 42.381, 41.847, 40.725, 39.905, 39.83, 39.691, 39.131, 38.905, 39.075, 39.123, 38.879, 38.579, 38.329, 38.394, 39.358, 40.205, 39.614, 38.658, 38.318, 37.848, 36.855, 36.48, 36.691, 36.897, 37.015, 37.602, 38.219, 38.25, 37.994, 38.293, 39.09, 39.205, 38.891, 39.108, 39.711, 39.623, 39.75, 40.559, 41.093, 41.434, 42.271, 42.854, 42.89, 42.677, 42.129, 42.001, 42.647, 43.601, 44.788, 45.261, 44.122, 42.881, 43.81, 44.709, 43.016, 40.936, 41.175, 42.45, 42.551, 42.442, 43.798, 45.896, 47.008, 46.816, 46.91, 47.015, 35.642], [35.749, 35.497, 35.779, 35.12, 33.335, 32.781, 32.774, 32.064, 31.175, 30.839, 29.926, 28.065, 26.394, 24.051, 20.226, 15.482, 12.048, 9.771, 5.429, 0.0, 3.87, 5.826, 8.614, 12.021, 13.365, 14.355, 16.752, 19.015, 20.872, 23.69, 26.636, 28.701, 30.881, 33.129, 34.75, 35.539, 36.056, 36.909, 37.729, 38.492, 38.954, 38.802, 38.663, 38.871, 39.292, 39.83, 40.227, 40.214, 40.059, 40.065, 39.644, 39.388, 39.581, 38.589, 37.329, 36.863, 36.68, 36.679, 36.942, 37.196, 37.387, 37.682, 37.947, 38.171, 38.537, 38.789, 38.682, 38.484, 38.515, 38.583, 38.234, 37.718, 37.761, 37.939, 37.911, 37.664, 37.515, 38.193, 38.313, 37.348, 37.565, 39.171, 39.627, 38.748, 38.281, 38.544, 38.698, 38.665, 38.855, 38.922, 38.66, 38.436, 38.908, 39.612, 39.668, 39.088, 38.842, 38.883, 38.84, 38.805, 39.023, 39.133, 39.581, 40.158, 40.585, 40.844, 41.625, 42.853, 43.034, 42.904, 42.746, 41.889, 41.03, 40.396, 40.058, 39.994, 39.468, 38.432, 37.794, 38.577, 39.957, 40.872, 40.884, 40.353, 40.063, 39.105, 38.135, 37.712, 37.444, 37.297, 37.72, 38.506, 38.816, 38.525, 38.23, 39.321, 40.979, 41.925, 42.413, 41.926, 40.87, 40.069, 39.984, 39.863, 39.33, 39.106, 39.29, 39.362, 39.134, 38.836, 38.586, 38.667, 39.63, 40.452, 39.864, 38.954, 38.635, 38.167, 37.178, 36.775, 36.934, 37.117, 37.232, 37.776, 38.36, 38.383, 38.105, 38.374, 39.175, 39.284, 38.969, 39.169, 39.74, 39.64, 39.775, 40.584, 41.127, 41.482, 42.306, 42.839, 42.831, 42.611, 42.079, 41.954, 42.588, 43.52, 44.668, 45.129, 44.015, 42.788, 43.71, 44.624, 42.958, 40.859, 41.068, 42.353, 42.459, 42.337, 43.679, 45.764, 46.87, 46.685, 46.777, 46.873, 36.057], [36.042, 35.783, 36.053, 35.394, 33.628, 33.103, 33.12, 32.433, 31.562, 31.223, 30.325, 28.51, 26.909, 24.62, 20.927, 16.575, 13.719, 11.892, 8.328, 3.87, 0.0, 3.379, 7.449, 11.002, 12.204, 13.281, 15.967, 18.437, 20.344, 23.25, 26.351, 28.533, 30.762, 33.016, 34.632, 35.423, 35.945, 36.799, 37.622, 38.396, 38.883, 38.754, 38.629, 38.849, 39.288, 39.827, 40.222, 40.216, 40.065, 40.075, 39.676, 39.451, 39.658, 38.689, 37.443, 36.986, 36.811, 36.794, 37.022, 37.254, 37.437, 37.728, 37.998, 38.232, 38.596, 38.84, 38.728, 38.528, 38.549, 38.603, 38.249, 37.751, 37.81, 37.98, 37.943, 37.703, 37.567, 38.249, 38.363, 37.412, 37.639, 39.229, 39.679, 38.803, 38.338, 38.596, 38.747, 38.703, 38.865, 38.919, 38.654, 38.414, 38.875, 39.582, 39.644, 39.048, 38.779, 38.805, 38.749, 38.698, 38.918, 39.051, 39.508, 40.068, 40.492, 40.772, 41.565, 42.783, 42.961, 42.844, 42.699, 41.859, 41.015, 40.385, 40.044, 39.977, 39.463, 38.455, 37.842, 38.616, 39.973, 40.892, 40.93, 40.419, 40.135, 39.178, 38.185, 37.755, 37.499, 37.353, 37.778, 38.569, 38.886, 38.597, 38.298, 39.379, 41.033, 41.978, 42.475, 42.019, 40.997, 40.203, 40.115, 40.007, 39.493, 39.275, 39.461, 39.54, 39.31, 39.001, 38.744, 38.827, 39.787, 40.607, 40.048, 39.183, 38.875, 38.412, 37.438, 37.029, 37.15, 37.317, 37.432, 37.951, 38.509, 38.529, 38.239, 38.471, 39.249, 39.345, 39.035, 39.232, 39.79, 39.694, 39.837, 40.644, 41.19, 41.548, 42.357, 42.866, 42.845, 42.628, 42.101, 41.972, 42.595, 43.513, 44.637, 45.08, 43.97, 42.755, 43.685, 44.616, 42.966, 40.866, 41.071, 42.365, 42.476, 42.343, 43.668, 45.73, 46.823, 46.642, 46.735, 46.822, 36.345], [36.107, 35.839, 36.09, 35.465, 33.778, 33.297, 33.296, 32.598, 31.767, 31.464, 30.566, 28.725, 27.114, 24.864, 21.23, 16.917, 14.204, 12.557, 9.281, 5.826, 3.379, 0.0, 5.33, 9.829, 11.198, 12.121, 15.039, 17.751, 19.669, 22.62, 25.808, 28.016, 30.25, 32.507, 34.131, 34.927, 35.449, 36.355, 37.272, 38.081, 38.57, 38.471, 38.36, 38.584, 39.037, 39.588, 40.017, 40.048, 39.914, 39.932, 39.543, 39.323, 39.534, 38.572, 37.326, 36.876, 36.705, 36.69, 36.941, 37.19, 37.382, 37.689, 37.974, 38.203, 38.566, 38.813, 38.692, 38.478, 38.483, 38.522, 38.161, 37.663, 37.721, 37.885, 37.845, 37.607, 37.475, 38.158, 38.284, 37.345, 37.56, 39.14, 39.589, 38.712, 38.249, 38.507, 38.661, 38.624, 38.792, 38.851, 38.571, 38.305, 38.757, 39.478, 39.549, 38.952, 38.695, 38.725, 38.657, 38.6, 38.82, 38.94, 39.376, 39.934, 40.374, 40.658, 41.443, 42.667, 42.854, 42.744, 42.604, 41.763, 40.921, 40.291, 39.924, 39.822, 39.305, 38.317, 37.702, 38.461, 39.818, 40.744, 40.788, 40.281, 40.004, 39.048, 38.078, 37.681, 37.441, 37.3, 37.732, 38.511, 38.804, 38.524, 38.253, 39.335, 40.968, 41.9, 42.404, 41.963, 40.946, 40.151, 40.067, 39.959, 39.431, 39.201, 39.38, 39.449, 39.215, 38.911, 38.65, 38.729, 39.698, 40.53, 39.962, 39.086, 38.779, 38.322, 37.37, 37.014, 37.164, 37.329, 37.446, 37.976, 38.533, 38.544, 38.222, 38.397, 39.124, 39.199, 38.89, 39.096, 39.659, 39.57, 39.71, 40.507, 41.043, 41.399, 42.205, 42.714, 42.699, 42.483, 41.95, 41.818, 42.438, 43.347, 44.462, 44.896, 43.781, 42.566, 43.501, 44.437, 42.791, 40.702, 40.935, 42.243, 42.358, 42.228, 43.554, 45.601, 46.675, 46.491, 46.591, 46.678, 36.356], [36.113, 35.875, 36.141, 35.606, 34.099, 33.706, 33.68, 32.985, 32.214, 31.983, 31.18, 29.423, 27.823, 25.741, 22.514, 18.572, 16.055, 14.664, 11.694, 8.614, 7.449, 5.33, 0.0, 5.553, 7.903, 8.928, 12.149, 15.663, 17.949, 20.987, 24.354, 26.685, 29.017, 31.312, 32.948, 33.778, 34.309, 35.264, 36.378, 37.282, 37.778, 37.754, 37.68, 37.898, 38.375, 38.95, 39.409, 39.477, 39.384, 39.432, 39.045, 38.783, 38.959, 37.993, 36.772, 36.367, 36.206, 36.214, 36.551, 36.869, 37.089, 37.427, 37.73, 37.946, 38.301, 38.555, 38.433, 38.214, 38.221, 38.255, 37.87, 37.328, 37.333, 37.458, 37.4, 37.149, 37.01, 37.695, 37.818, 36.858, 37.091, 38.71, 39.138, 38.236, 37.821, 38.125, 38.305, 38.301, 38.517, 38.598, 38.307, 38.046, 38.516, 39.274, 39.372, 38.783, 38.532, 38.58, 38.508, 38.449, 38.685, 38.772, 39.152, 39.711, 40.177, 40.43, 41.16, 42.396, 42.601, 42.487, 42.343, 41.483, 40.619, 39.982, 39.601, 39.469, 38.924, 37.936, 37.348, 38.126, 39.474, 40.386, 40.412, 39.906, 39.659, 38.688, 37.69, 37.333, 37.144, 36.995, 37.447, 38.268, 38.523, 38.21, 37.987, 39.143, 40.791, 41.692, 42.202, 41.76, 40.708, 39.89, 39.811, 39.701, 39.123, 38.83, 38.985, 39.036, 38.806, 38.552, 38.313, 38.393, 39.399, 40.266, 39.659, 38.712, 38.384, 37.944, 37.005, 36.694, 36.898, 37.081, 37.194, 37.715, 38.266, 38.247, 37.856, 37.969, 38.668, 38.74, 38.434, 38.641, 39.207, 39.12, 39.259, 40.066, 40.608, 40.97, 41.797, 42.318, 42.304, 42.077, 41.52, 41.38, 42.014, 42.938, 44.059, 44.491, 43.366, 42.141, 43.07, 44.029, 42.364, 40.262, 40.556, 41.918, 42.031, 41.907, 43.271, 45.322, 46.37, 46.167, 46.286, 46.387, 36.284], [36.227, 36.033, 36.354, 35.888, 34.516, 34.202, 34.175, 33.514, 32.783, 32.578, 31.874, 30.278, 28.77, 26.844, 24.062, 20.746, 18.528, 17.283, 14.812, 12.021, 11.002, 9.829, 5.553, 0.0, 3.608, 5.942, 9.61, 13.742, 16.555, 19.686, 23.115, 25.609, 28.117, 30.465, 32.093, 32.96, 33.535, 34.515, 35.751, 36.733, 37.23, 37.231, 37.185, 37.401, 37.865, 38.435, 38.9, 38.978, 38.903, 38.983, 38.596, 38.281, 38.41, 37.451, 36.313, 35.979, 35.818, 35.841, 36.252, 36.628, 36.866, 37.205, 37.511, 37.724, 38.077, 38.337, 38.225, 38.015, 38.039, 38.076, 37.675, 37.1, 37.06, 37.155, 37.086, 36.817, 36.659, 37.344, 37.439, 36.43, 36.684, 38.339, 38.74, 37.81, 37.43, 37.774, 37.979, 38.001, 38.254, 38.354, 38.064, 37.826, 38.319, 39.1, 39.216, 38.646, 38.385, 38.431, 38.357, 38.306, 38.558, 38.619, 38.962, 39.528, 40.0, 40.217, 40.911, 42.161, 42.375, 42.249, 42.104, 41.224, 40.334, 39.68, 39.3, 39.171, 38.595, 37.592, 37.074, 37.934, 39.277, 40.163, 40.18, 39.69, 39.486, 38.511, 37.436, 37.085, 36.945, 36.774, 37.238, 38.128, 38.383, 38.023, 37.816, 39.049, 40.734, 41.614, 42.132, 41.677, 40.575, 39.718, 39.636, 39.533, 38.911, 38.54, 38.658, 38.694, 38.471, 38.271, 38.059, 38.143, 39.194, 40.12, 39.523, 38.531, 38.177, 37.751, 36.818, 36.487, 36.697, 36.904, 37.005, 37.477, 38.012, 37.977, 37.535, 37.61, 38.323, 38.411, 38.113, 38.313, 38.881, 38.797, 38.941, 39.769, 40.324, 40.695, 41.544, 42.079, 42.059, 41.818, 41.242, 41.096, 41.738, 42.675, 43.812, 44.245, 43.107, 41.862, 42.791, 43.785, 42.091, 39.96, 40.313, 41.729, 41.831, 41.717, 43.121, 45.175, 46.195, 45.99, 46.146, 46.264, 36.402], [36.229, 36.034, 36.4, 35.928, 34.539, 34.248, 34.24, 33.582, 32.833, 32.615, 31.944, 30.451, 29.059, 27.188, 24.501, 21.46, 19.402, 18.129, 15.877, 13.365, 12.204, 11.198, 7.903, 3.608, 0.0, 3.949, 8.612, 12.976, 16.031, 19.369, 22.818, 25.36, 27.997, 30.389, 31.982, 32.845, 33.428, 34.333, 35.484, 36.47, 36.971, 36.941, 36.889, 37.109, 37.555, 38.124, 38.607, 38.689, 38.604, 38.691, 38.308, 37.977, 38.106, 37.167, 36.047, 35.71, 35.538, 35.562, 35.977, 36.355, 36.592, 36.932, 37.243, 37.462, 37.819, 38.085, 37.974, 37.762, 37.801, 37.853, 37.45, 36.871, 36.837, 36.944, 36.882, 36.603, 36.423, 37.106, 37.192, 36.159, 36.43, 38.115, 38.521, 37.579, 37.187, 37.525, 37.734, 37.763, 38.02, 38.12, 37.827, 37.584, 38.085, 38.88, 38.99, 38.41, 38.138, 38.165, 38.082, 38.036, 38.293, 38.34, 38.674, 39.246, 39.727, 39.943, 40.644, 41.9, 42.106, 41.974, 41.829, 40.939, 40.038, 39.377, 39.003, 38.897, 38.318, 37.295, 36.811, 37.764, 39.166, 40.068, 40.102, 39.638, 39.448, 38.461, 37.339, 36.963, 36.835, 36.663, 37.133, 38.065, 38.353, 37.958, 37.723, 38.987, 40.703, 41.586, 42.107, 41.634, 40.474, 39.569, 39.477, 39.382, 38.748, 38.329, 38.416, 38.451, 38.23, 38.031, 37.818, 37.902, 38.989, 39.969, 39.406, 38.416, 38.048, 37.598, 36.63, 36.25