[[0.0, 6.308, 12.895, 16.749, 19.164, 21.928, 25.1, 27.111, 27.632, 28.235, 29.451, 30.153, 30.662, 32.167, 34.104, 35.465, 35.847, 35.833, 35.912, 36.065, 36.255, 36.847, 38.076, 39.483, 40.189, 40.197, 40.01, 39.195, 38.151, 38.046, 38.645, 38.821, 38.917, 38.881, 38.34, 37.872, 37.69, 37.681, 37.898, 37.82, 36.953, 36.827, 37.009, 36.916, 36.912, 37.032, 36.564, 35.79, 35.298, 35.294, 35.517, 36.086, 36.7, 36.777, 36.24, 35.883, 35.749, 35.827, 35.989, 35.963, 35.887, 35.898, 35.858, 35.92, 36.116, 36.049, 35.361, 35.029, 35.183, 35.692, 36.088, 36.422, 36.548, 36.528, 36.499, 36.776, 37.321, 37.747, 38.071, 37.979, 37.465, 36.628, 36.548, 37.36, 37.808, 37.82, 37.868, 37.879, 37.52, 37.148, 36.896, 36.819, 36.735, 36.558, 36.077, 34.61, 33.565, 33.315, 33.737, 35.893, 38.696, 39.33, 38.687, 39.227, 40.567, 40.421, 39.573, 39.237, 39.027, 38.555, 38.394, 38.816, 39.044, 38.729, 39.197, 41.385, 43.223, 43.522, 43.127, 43.102, 42.82, 42.36, 42.348, 41.7, 40.031, 39.371, 40.44, 41.347, 41.625, 41.408, 40.997, 40.793, 41.084, 41.732, 42.532, 42.311, 40.811, 39.513, 39.451, 39.64, 38.816, 37.151, 36.806, 38.16, 39.193, 4.034], [6.308, 0.0, 7.984, 13.215, 16.304, 19.307, 22.843, 25.216, 25.895, 26.599, 27.933, 28.703, 29.243, 30.825, 32.882, 34.323, 34.719, 34.703, 34.81, 35.001, 35.247, 35.966, 37.357, 38.908, 39.66, 39.661, 39.483, 38.673, 37.649, 37.627, 38.289, 38.476, 38.588, 38.552, 37.988, 37.497, 37.305, 37.303, 37.549, 37.488, 36.572, 36.366, 36.5, 36.381, 36.366, 36.478, 35.948, 35.097, 34.606, 34.622, 34.887, 35.522, 36.171, 36.242, 35.671, 35.268, 35.105, 35.185, 35.355, 35.326, 35.244, 35.252, 35.214, 35.285, 35.493, 35.421, 34.709, 34.364, 34.523, 35.072, 35.512, 35.88, 36.021, 36.016, 35.991, 36.271, 36.855, 37.342, 37.711, 37.627, 37.083, 36.176, 36.072, 36.926, 37.382, 37.383, 37.431, 37.436, 37.065, 36.684, 36.408, 36.313, 36.226, 36.048, 35.544, 33.976, 32.784, 32.468, 32.917, 35.315, 38.365, 39.033, 38.343, 38.942, 40.386, 40.237, 39.328, 38.952, 38.723, 38.233, 38.056, 38.462, 38.678, 38.34, 38.81, 41.081, 43.016, 43.339, 42.921, 42.876, 42.571, 42.097, 42.108, 41.431, 39.632, 38.936, 40.094, 41.054, 41.346, 41.127, 40.71, 40.503, 40.811, 41.493, 42.327, 42.087, 40.505, 39.128, 39.059, 39.264, 38.394, 36.647, 36.31, 37.731, 38.802, 8.903], [12.895, 7.984, 0.0, 7.175, 12.189, 16.247, 20.435, 23.288, 24.227, 25.067, 26.501, 27.353, 27.937, 29.541, 31.609, 33.04, 33.445, 33.494, 33.671, 33.896, 34.221, 35.113, 36.683, 38.364, 39.161, 39.154, 38.989, 38.26, 37.432, 37.659, 38.424, 38.619, 38.759, 38.737, 38.165, 37.682, 37.493, 37.502, 37.775, 37.748, 36.851, 36.592, 36.659, 36.513, 36.504, 36.613, 36.057, 35.192, 34.704, 34.705, 35.035, 35.727, 36.371, 36.426, 35.865, 35.478, 35.322, 35.393, 35.546, 35.501, 35.414, 35.429, 35.39, 35.45, 35.651, 35.571, 34.891, 34.598, 34.77, 35.302, 35.733, 36.089, 36.239, 36.25, 36.205, 36.443, 37.014, 37.511, 37.895, 37.845, 37.325, 36.438, 36.341, 37.153, 37.565, 37.54, 37.571, 37.565, 37.209, 36.843, 36.561, 36.471, 36.411, 36.237, 35.713, 34.134, 32.903, 32.548, 33.008, 35.459, 38.512, 39.146, 38.438, 39.078, 40.579, 40.451, 39.534, 39.148, 38.902, 38.389, 38.189, 38.558, 38.77, 38.447, 38.881, 41.081, 42.994, 43.313, 42.873, 42.818, 42.535, 42.089, 42.1, 41.402, 39.596, 38.987, 40.246, 41.221, 41.504, 41.289, 40.884, 40.681, 40.986, 41.665, 42.499, 42.257, 40.675, 39.31, 39.257, 39.459, 38.564, 36.83, 36.502, 37.893, 38.945, 14.565], [16.749, 13.215, 7.175, 0.0, 6.798, 12.767, 17.972, 21.187, 22.283, 23.217, 24.755, 25.653, 26.2, 27.812, 29.972, 31.486, 31.948, 32.063, 32.288, 32.554, 32.989, 34.056, 35.782, 37.566, 38.407, 38.409, 38.241, 37.551, 36.918, 37.439, 38.338, 38.571, 38.74, 38.74, 38.169, 37.673, 37.475, 37.487, 37.769, 37.758, 36.849, 36.551, 36.564, 36.397, 36.41, 36.532, 35.967, 35.098, 34.573, 34.517, 34.908, 35.68, 36.344, 36.395, 35.839, 35.466, 35.315, 35.37, 35.497, 35.436, 35.355, 35.386, 35.351, 35.414, 35.622, 35.539, 34.868, 34.61, 34.776, 35.293, 35.748, 36.133, 36.293, 36.297, 36.228, 36.458, 37.024, 37.511, 37.883, 37.836, 37.301, 36.384, 36.307, 37.154, 37.565, 37.524, 37.535, 37.504, 37.152, 36.801, 36.507, 36.419, 36.398, 36.26, 35.718, 34.061, 32.744, 32.323, 32.733, 35.108, 38.106, 38.721, 38.021, 38.697, 40.261, 40.19, 39.307, 38.933, 38.686, 38.155, 37.947, 38.329, 38.592, 38.308, 38.709, 40.879, 42.837, 43.193, 42.748, 42.694, 42.425, 41.961, 41.931, 41.23, 39.447, 38.931, 40.316, 41.329, 41.586, 41.346, 40.938, 40.723, 41.013, 41.688, 42.516, 42.25, 40.629, 39.245, 39.201, 39.4, 38.473, 36.731, 36.388, 37.758, 38.799, 18.001], [19.164, 16.304, 12.189, 6.798, 0.0, 7.634, 14.49, 18.425, 19.678, 20.708, 22.437, 23.417, 23.962, 25.733, 28.181, 29.92, 30.479, 30.625, 30.877, 31.215, 31.789, 33.02, 34.897, 36.806, 37.704, 37.717, 37.547, 36.811, 36.19, 36.887, 37.933, 38.25, 38.459, 38.462, 37.876, 37.344, 37.123, 37.13, 37.416, 37.385, 36.367, 35.993, 35.969, 35.778, 35.796, 35.933, 35.35, 34.458, 33.91, 33.843, 34.281, 35.134, 35.849, 35.902, 35.313, 34.902, 34.71, 34.732, 34.842, 34.782, 34.716, 34.757, 34.725, 34.806, 35.038, 34.945, 34.246, 33.989, 34.15, 34.718, 35.269, 35.733, 35.913, 35.904, 35.812, 36.043, 36.653, 37.201, 37.591, 37.518, 36.907, 35.862, 35.712, 36.614, 37.051, 36.999, 36.998, 36.946, 36.581, 36.228, 35.906, 35.8, 35.804, 35.703, 35.127, 33.322, 31.846, 31.332, 31.683, 34.095, 37.204, 37.87, 37.162, 37.857, 39.503, 39.503, 38.654, 38.291, 38.077, 37.575, 37.37, 37.768, 38.073, 37.789, 38.175, 40.41, 42.487, 42.896, 42.446, 42.381, 42.096, 41.577, 41.493, 40.771, 38.941, 38.425, 39.93, 41.017, 41.264, 40.994, 40.559, 40.315, 40.6, 41.287, 42.128, 41.821, 40.101, 38.634, 38.58, 38.778, 37.796, 36.005, 35.716, 37.175, 38.249, 20.157], [21.928, 19.307, 16.247, 12.767, 7.634, 0.0, 8.47, 13.903, 15.861, 17.232, 19.271, 20.409, 21.016, 23.05, 25.833, 27.802, 28.478, 28.669, 28.97, 29.453, 30.304, 31.825, 33.907, 35.98, 36.966, 37.005, 36.855, 36.133, 35.538, 36.353, 37.534, 37.937, 38.233, 38.269, 37.66, 37.113, 36.891, 36.892, 37.195, 37.172, 36.058, 35.579, 35.508, 35.292, 35.301, 35.442, 34.829, 33.901, 33.359, 33.303, 33.737, 34.629, 35.379, 35.424, 34.776, 34.272, 33.995, 33.979, 34.09, 34.037, 33.974, 34.005, 33.96, 34.055, 34.318, 34.225, 33.483, 33.227, 33.405, 34.028, 34.656, 35.185, 35.397, 35.404, 35.297, 35.501, 36.141, 36.775, 37.204, 37.102, 36.421, 35.267, 35.063, 36.04, 36.516, 36.459, 36.444, 36.37, 35.985, 35.631, 35.289, 35.152, 35.145, 35.04, 34.433, 32.535, 30.954, 30.373, 30.777, 33.519, 36.933, 37.682, 36.932, 37.626, 39.35, 39.406, 38.562, 38.185, 38.002, 37.545, 37.344, 37.719, 37.993, 37.667, 38.061, 40.373, 42.519, 42.951, 42.524, 42.449, 42.12, 41.56, 41.435, 40.65, 38.708, 38.114, 39.653, 40.781, 41.047, 40.775, 40.309, 40.03, 40.317, 41.024, 41.887, 41.555, 39.754, 38.206, 38.144, 38.354, 37.32, 35.45, 35.238, 36.821, 37.938, 22.723], [25.1, 22.843, 20.435, 17.972, 14.49, 8.47, 0.0, 6.993, 10.627, 12.921, 15.315, 16.66, 17.465, 19.828, 22.883, 25.009, 25.819, 26.129, 26.518, 27.173, 28.407, 30.338, 32.701, 34.931, 35.984, 36.062, 35.968, 35.36, 34.945, 35.931, 37.197, 37.662, 38.065, 38.175, 37.561, 37.022, 36.824, 36.826, 37.15, 37.185, 36.1, 35.585, 35.49, 35.263, 35.271, 35.403, 34.764, 33.823, 33.286, 33.225, 33.626, 34.505, 35.247, 35.284, 34.617, 34.056, 33.718, 33.692, 33.815, 33.747, 33.662, 33.685, 33.635, 33.738, 34.026, 33.949, 33.183, 32.949, 33.145, 33.737, 34.323, 34.843, 35.074, 35.117, 35.011, 35.16, 35.762, 36.398, 36.832, 36.734, 36.043, 34.884, 34.709, 35.728, 36.234, 36.192, 36.155, 36.046, 35.653, 35.308, 34.974, 34.837, 34.815, 34.702, 34.136, 32.345, 30.842, 30.285, 30.784, 33.772, 37.357, 38.149, 37.387, 38.074, 39.825, 39.923, 39.101, 38.715, 38.526, 38.089, 37.902, 38.236, 38.438, 38.086, 38.509, 40.811, 42.908, 43.338, 42.969, 42.9, 42.536, 41.961, 41.827, 41.03, 39.068, 38.401, 39.852, 40.959, 41.234, 40.965, 40.473, 40.154, 40.43, 41.134, 41.986, 41.654, 39.851, 38.293, 38.237, 38.459, 37.404, 35.481, 35.26, 36.867, 37.993, 25.718], [27.111, 25.216, 23.288, 21.187, 18.425, 13.903, 6.993, 0.0, 5.202, 8.906, 11.919, 13.494, 14.789, 17.833, 21.287, 23.563, 24.466, 24.898, 25.367, 26.102, 27.533, 29.686, 32.239, 34.554, 35.626, 35.719, 35.644, 35.097, 34.827, 35.927, 37.203, 37.718, 38.176, 38.297, 37.679, 37.149, 36.964, 36.961, 37.287, 37.361, 36.333, 35.842, 35.757, 35.541, 35.568, 35.706, 35.077, 34.16, 33.643, 33.588, 33.949, 34.786, 35.518, 35.569, 34.931, 34.383, 34.046, 34.025, 34.152, 34.076, 33.974, 33.999, 33.956, 34.058, 34.349, 34.278, 33.487, 33.223, 33.425, 33.989, 34.514, 35.004, 35.244, 35.306, 35.19, 35.3, 35.859, 36.453, 36.862, 36.76, 36.06, 34.912, 34.751, 35.738, 36.24, 36.209, 36.157, 36.022, 35.631, 35.294, 34.974, 34.854, 34.816, 34.685, 34.177, 32.554, 31.19, 30.678, 31.2, 34.169, 37.701, 38.5, 37.772, 38.447, 40.163, 40.273, 39.492, 39.111, 38.909, 38.479, 38.315, 38.647, 38.821, 38.449, 38.883, 41.159, 43.202, 43.622, 43.29, 43.246, 42.883, 42.299, 42.182, 41.433, 39.516, 38.809, 40.181, 41.255, 41.515, 41.234, 40.738, 40.402, 40.651, 41.329, 42.153, 41.823, 40.059, 38.536, 38.487, 38.72, 37.704, 35.787, 35.482, 37.032, 38.142, 27.603], [27.632, 25.895, 24.227, 22.283, 19.678, 15.861, 10.627, 5.202, 0.0, 4.907, 9.142, 11.195, 13.039, 16.909, 20.935, 23.498, 24.513, 25.0, 25.495, 26.251, 27.717, 29.886, 32.463, 34.796, 35.871, 35.956, 35.864, 35.285, 35.004, 36.095, 37.334, 37.847, 38.28, 38.352, 37.717, 37.183, 36.996, 36.996, 37.322, 37.388, 36.355, 35.869, 35.788, 35.577, 35.616, 35.769, 35.145, 34.232, 33.712, 33.65, 33.989, 34.81, 35.556, 35.625, 34.992, 34.457, 34.137, 34.129, 34.265, 34.192, 34.083, 34.106, 34.067, 34.161, 34.439, 34.359, 33.558, 33.269, 33.466, 34.056, 34.6, 35.104, 35.355, 35.412, 35.286, 35.404, 35.975, 36.577, 36.996, 36.882, 36.152, 34.998, 34.821, 35.769, 36.257, 36.231, 36.189, 36.056, 35.658, 35.315, 35.001, 34.887, 34.84, 34.692, 34.19, 32.584, 31.221, 30.687, 31.168, 34.077, 37.581, 38.388, 37.673, 38.348, 40.045, 40.13, 39.347, 38.965, 38.765, 38.34, 38.186, 38.545, 38.734, 38.337, 38.758, 41.056, 43.121, 43.544, 43.217, 43.198, 42.845, 42.239, 42.122, 41.398, 39.487, 38.774, 40.153, 41.236, 41.493, 41.212, 40.723, 40.379, 40.613, 41.289, 42.113, 41.78, 40.02, 38.506, 38.456, 38.699, 37.718, 35.803, 35.433, 36.967, 38.082, 28.075], [28.235, 26.599, 25.067, 23.217, 20.708, 17.232, 12.921, 8.906, 4.907, 0.0, 5.203, 8.139, 10.779, 15.49, 20.146, 23.125, 24.357, 24.921, 25.448, 26.275, 27.833, 30.043, 32.643, 34.992, 36.059, 36.13, 36.035, 35.464, 35.205, 36.283, 37.466, 37.955, 38.353, 38.396, 37.775, 37.263, 37.085, 37.093, 37.425, 37.495, 36.469, 35.975, 35.875, 35.654, 35.696, 35.855, 35.233, 34.335, 33.813, 33.731, 34.055, 34.856, 35.589, 35.66, 35.045, 34.536, 34.239, 34.248, 34.392, 34.321, 34.207, 34.226, 34.183, 34.26, 34.522, 34.434, 33.645, 33.376, 33.589, 34.195, 34.773, 35.3, 35.548, 35.573, 35.441, 35.573, 36.138, 36.726, 37.149, 37.03, 36.283, 35.136, 34.957, 35.869, 36.338, 36.319, 36.29, 36.163, 35.761, 35.415, 35.109, 35.007, 34.961, 34.807, 34.305, 32.726, 31.407, 30.885, 31.301, 34.096, 37.52, 38.311, 37.611, 38.288, 39.964, 40.033, 39.251, 38.873, 38.685, 38.282, 38.145, 38.514, 38.714, 38.322, 38.736, 41.016, 43.072, 43.492, 43.162, 43.155, 42.812, 42.19, 42.053, 41.348, 39.469, 38.759, 40.133, 41.214, 41.465, 41.188, 40.714, 40.369, 40.584, 41.251, 42.076, 41.748, 40.005, 38.508, 38.456, 38.698, 37.744, 35.868, 35.469, 36.983, 38.098, 28.649], [29.451, 27.933, 26.501, 24.755, 22.437, 19.271, 15.315, 11.919, 9.142, 5.203, 0.0, 4.051, 8.435, 14.217, 19.309, 22.57, 24.024, 24.706, 25.279, 26.176, 27.827, 30.107, 32.769, 35.132, 36.18, 36.241, 36.151, 35.63, 35.459, 36.563, 37.702, 38.181, 38.578, 38.63, 38.042, 37.569, 37.418, 37.425, 37.751, 37.851, 36.886, 36.402, 36.284, 36.055, 36.095, 36.245, 35.643, 34.786, 34.296, 34.219, 34.531, 35.297, 35.993, 36.058, 35.48, 35.01, 34.735, 34.749, 34.889, 34.816, 34.702, 34.717, 34.668, 34.73, 34.975, 34.882, 34.137, 33.918, 34.157, 34.742, 35.308, 35.825, 36.061, 36.064, 35.937, 36.073, 36.601, 37.136, 37.529, 37.411, 36.688, 35.589, 35.434, 36.307, 36.753, 36.733, 36.689, 36.553, 36.166, 35.83, 35.538, 35.448, 35.394, 35.228, 34.75, 33.301, 32.142, 31.685, 32.059, 34.716, 37.995, 38.756, 38.088, 38.746, 40.377, 40.458, 39.707, 39.337, 39.166, 38.796, 38.68, 39.035, 39.219, 38.848, 39.281, 41.501, 43.477, 43.869, 43.543, 43.533, 43.196, 42.585, 42.442, 41.76, 39.954, 39.243, 40.541, 41.577, 41.808, 41.525, 41.068, 40.734, 40.92, 41.548, 42.346, 42.028, 40.337, 38.89, 38.842, 39.072, 38.147, 36.345, 35.937, 37.382, 38.463, 29.829], [30.153, 28.703, 27.353, 25.653, 23.417, 20.409, 16.66, 13.494, 11.195, 8.139, 4.051, 0.0, 5.844, 12.831, 18.46, 21.95, 23.567, 24.36, 24.979, 25.921, 27.639, 29.983, 32.704, 35.095, 36.149, 36.21, 36.12, 35.607, 35.456, 36.567, 37.695, 38.177, 38.582, 38.649, 38.081, 37.619, 37.472, 37.477, 37.799, 37.9, 36.941, 36.46, 36.337, 36.103, 36.15, 36.303, 35.716, 34.891, 34.435, 34.368, 34.676, 35.436, 36.118, 36.175, 35.603, 35.147, 34.884, 34.897, 35.032, 34.96, 34.845, 34.856, 34.806, 34.865, 35.108, 35.017, 34.288, 34.089, 34.337, 34.905, 35.446, 35.946, 36.18, 36.183, 36.059, 36.202, 36.726, 37.245, 37.62, 37.501, 36.799, 35.732, 35.595, 36.468, 36.911, 36.886, 36.826, 36.68, 36.304, 35.971, 35.68, 35.591, 35.526, 35.355, 34.902, 33.517, 32.404, 31.957, 32.325, 34.946, 38.177, 38.931, 38.275, 38.921, 40.53, 40.621, 39.884, 39.515, 39.358, 39.009, 38.891, 39.228, 39.41, 39.057, 39.514, 41.732, 43.674, 44.047, 43.723, 43.708, 43.365, 42.769, 42.635, 41.949, 40.164, 39.467, 40.741, 41.76, 41.98, 41.687, 41.232, 40.908, 41.084, 41.69, 42.467, 42.136, 40.453, 39.023, 38.988, 39.217, 38.297, 36.529, 36.136, 37.551, 38.613, 30.526], [30.662, 29.243, 27.937, 26.2, 23.962, 21.016, 17.465, 14.789, 13.039, 10.779, 8.435, 5.844, 0.0, 8.196, 15.139, 19.443, 21.464, 22.489, 23.23, 24.304, 26.284, 28.868, 31.727, 34.197, 35.286, 35.367, 35.316, 34.85, 34.75, 35.928, 37.089, 37.576, 38.007, 38.122, 37.579, 37.121, 36.974, 36.996, 37.335, 37.433, 36.48, 36.053, 35.957, 35.728, 35.795, 35.972, 35.398, 34.61, 34.198, 34.145, 34.471, 35.244, 35.92, 35.969, 35.398, 34.957, 34.716, 34.739, 34.878, 34.805, 34.679, 34.682, 34.634, 34.693, 34.944, 34.867, 34.107, 33.871, 34.082, 34.625, 35.15, 35.633, 35.856, 35.861, 35.71, 35.822, 36.337, 36.861, 37.22, 37.09, 36.404, 35.367, 35.245, 36.136, 36.585, 36.552, 36.486, 36.344, 35.969, 35.628, 35.319, 35.222, 35.174, 35.024, 34.589, 33.22, 32.112, 31.681, 32.041, 34.637, 37.881, 38.643, 37.974, 38.606, 40.217, 40.321, 39.608, 39.248, 39.106, 38.778, 38.658, 38.984, 39.176, 38.848, 39.331, 41.567, 43.507, 43.878, 43.547, 43.529, 43.184, 42.597, 42.463, 41.75, 39.947, 39.271, 40.564, 41.601, 41.83, 41.526, 41.062, 40.744, 40.925, 41.526, 42.289, 41.936, 40.228, 38.79, 38.767, 39.0, 38.072, 36.314, 35.961, 37.392, 38.463, 31.062], [32.167, 30.825, 29.541, 27.812, 25.733, 23.05, 19.828, 17.833, 16.909, 15.49, 14.217, 12.831, 8.196, 0.0, 8.336, 14.264, 17.339, 18.879, 19.823, 21.179, 23.787, 26.974, 30.135, 32.697, 33.806, 33.911, 33.965, 33.714, 33.917, 35.361, 36.616, 37.122, 37.623, 37.83, 37.321, 36.895, 36.789, 36.843, 37.226, 37.425, 36.631, 36.298, 36.22, 36.0, 36.087, 36.254, 35.681, 34.966, 34.623, 34.603, 34.964, 35.732, 36.358, 36.388, 35.873, 35.492, 35.284, 35.316, 35.453, 35.386, 35.269, 35.271, 35.227, 35.29, 35.531, 35.475, 34.756, 34.493, 34.599, 35.016, 35.415, 35.76, 35.911, 35.908, 35.723, 35.752, 36.181, 36.646, 36.959, 36.845, 36.251, 35.349, 35.275, 36.102, 36.512, 36.45, 36.373, 36.251, 35.897, 35.579, 35.277, 35.155, 35.127, 35.046, 34.683, 33.468, 32.563, 32.238, 32.562, 35.038, 38.188, 38.939, 38.273, 38.85, 40.41, 40.526, 39.878, 39.555, 39.424, 39.124, 39.03, 39.338, 39.501, 39.199, 39.688, 41.823, 43.666, 44.009, 43.673, 43.634, 43.289, 42.743, 42.635, 41.949, 40.223, 39.576, 40.81, 41.829, 42.069, 41.771, 41.318, 41.021, 41.189, 41.742, 42.461, 42.114, 40.456, 39.078, 39.072, 39.292, 38.381, 36.683, 36.361, 37.745, 38.774, 32.555], [34.104, 32.882, 31.609, 29.972, 28.181, 25.833, 22.883, 21.287, 20.935, 20.146, 19.309, 18.46, 15.139, 8.336, 0.0, 7.408, 12.245, 14.768, 15.901, 17.506, 20.998, 25.033, 28.601, 31.261, 32.38, 32.497, 32.648, 32.707, 33.384, 35.249, 36.71, 37.236, 37.821, 38.147, 37.678, 37.305, 37.27, 37.335, 37.741, 38.108, 37.532, 37.238, 37.166, 36.982, 37.086, 37.21, 36.66, 36.054, 35.788, 35.812, 36.185, 36.89, 37.419, 37.421, 36.981, 36.668, 36.488, 36.523, 36.651, 36.593, 36.498, 36.505, 36.474, 36.553, 36.77, 36.727, 36.114, 35.865, 35.889, 36.132, 36.309, 36.465, 36.535, 36.512, 36.278, 36.198, 36.494, 36.833, 37.055, 36.972, 36.52, 35.811, 35.825, 36.578, 36.954, 36.881, 36.793, 36.693, 36.375, 36.096, 35.841, 35.706, 35.649, 35.585, 35.308, 34.361, 33.804, 33.625, 33.957, 36.315, 39.247, 39.933, 39.311, 39.837, 41.283, 41.396, 40.833, 40.564, 40.443, 40.153, 40.082, 40.357, 40.467, 40.188, 40.634, 42.54, 44.172, 44.45, 44.126, 44.054, 43.703, 43.224, 43.163, 42.54, 40.971, 40.378, 41.514, 42.468, 42.718, 42.461, 42.05, 41.783, 41.917, 42.382, 43.024, 42.699, 41.165, 39.936, 39.982, 40.166, 39.276, 37.697, 37.423, 38.722, 39.671, 34.443], [35.465, 34.323, 33.04, 31.486, 29.92, 27.802, 25.009, 23.563, 23.498, 23.125, 22.57, 21.95, 19.443, 14.264, 7.408, 0.0, 6.469, 10.502, 12.094, 13.77, 18.032, 22.972, 27.059, 29.885, 31.043, 31.174, 31.383, 31.713, 32.816, 35.074, 36.783, 37.318, 37.959, 38.406, 38.009, 37.694, 37.718, 37.787, 38.195, 38.691, 38.3, 38.048, 38.001, 37.87, 37.986, 38.076, 37.59, 37.099, 36.889, 36.941, 37.293, 37.908, 38.347, 38.333, 37.948, 37.672, 37.49, 37.513, 37.627, 37.569, 37.485, 37.503, 37.487, 37.575, 37.781, 37.746, 37.192, 36.961, 36.988, 37.178, 37.216, 37.244, 37.278, 37.234, 36.936, 36.761, 36.962, 37.193, 37.317, 37.256, 36.907, 36.321, 36.417, 37.179, 37.568, 37.505, 37.408, 37.319, 37.037, 36.794, 36.596, 36.481, 36.371, 36.231, 35.982, 35.255, 34.967, 34.906, 35.269, 37.518, 40.219, 40.819, 40.247, 40.739, 42.056, 42.158, 41.67, 41.438, 41.321, 41.04, 40.975, 41.235, 41.324, 41.068, 41.47, 43.174, 44.608, 44.822, 44.528, 44.445, 44.091, 43.668, 43.64, 43.051, 41.608, 41.062, 42.11, 42.997, 43.25, 43.041, 42.668, 42.418, 42.529, 42.929, 43.503, 43.187, 41.745, 40.647, 40.76, 40.911, 40.03, 38.582, 38.391, 39.639, 40.531, 35.779], [35.847, 34.719, 33.445, 31.948, 30.479, 28.478, 25.819, 24.466, 24.513, 24.357, 24.024, 23.567, 21.464, 17.339, 12.245, 6.469, 0.0, 5.309, 8.146, 10.201, 14.774, 20.474, 25.19, 28.302, 29.527, 29.687, 29.958, 30.447, 31.827, 34.381, 36.285, 36.857, 37.54, 38.08, 37.757, 37.475, 37.51, 37.577, 37.998, 38.57, 38.289, 38.1, 38.084, 37.981, 38.105, 38.188, 37.736, 37.299, 37.114, 37.181, 37.519, 38.098, 38.513, 38.508, 38.146, 37.871, 37.659, 37.661, 37.765, 37.692, 37.597, 37.625, 37.618, 37.706, 37.917, 37.883, 37.314, 37.081, 37.146, 37.395, 37.417, 37.384, 37.412, 37.363, 37.021, 36.806, 36.992, 37.199, 37.311, 37.266, 36.92, 36.329, 36.448, 37.248, 37.659, 37.605, 37.499, 37.41, 37.151, 36.929, 36.752, 36.657, 36.536, 36.351, 36.107, 35.44, 35.2, 35.176, 35.551, 37.721, 40.333, 40.909, 40.349, 40.805, 42.062, 42.178, 41.734, 41.506, 41.379, 41.099, 41.03, 41.31, 41.406, 41.136, 41.523, 43.19, 44.575, 44.769, 44.5, 44.432, 44.084, 43.672, 43.637, 43.04, 41.622, 41.065, 42.065, 42.926, 43.18, 42.994, 42.629, 42.365, 42.476, 42.875, 43.437, 43.125, 41.701, 40.634, 40.782, 40.933, 40.056, 38.672, 38.547, 39.803, 40.681, 36.162], [35.833, 34.703, 33.494, 32.063, 30.625, 28.669, 26.129, 24.898, 25.0, 24.921, 24.706, 24.36, 22.489, 18.879, 14.768, 10.502, 5.309, 0.0, 4.3, 7.715, 12.584, 18.499, 23.592, 26.984, 28.288, 28.46, 28.785, 29.356, 30.87, 33.608, 35.646, 36.271, 37.004, 37.62, 37.34, 37.065, 37.1, 37.164, 37.594, 38.195, 37.913, 37.731, 37.74, 37.656, 37.79, 37.882, 37.43, 36.984, 36.799, 36.891, 37.247, 37.83, 38.247, 38.24, 37.873, 37.589, 37.362, 37.358, 37.458, 37.368, 37.255, 37.287, 37.292, 37.385, 37.608, 37.578, 36.985, 36.737, 36.813, 37.105, 37.143, 37.108, 37.14, 37.085, 36.729, 36.526, 36.743, 36.976, 37.124, 37.094, 36.717, 36.087, 36.205, 37.028, 37.45, 37.402, 37.301, 37.214, 36.957, 36.733, 36.55, 36.454, 36.341, 36.163, 35.925, 35.212, 34.886, 34.834, 35.203, 37.345, 39.978, 40.577, 40.007, 40.456, 41.735, 41.872, 41.426, 41.19, 41.054, 40.764, 40.691, 40.985, 41.083, 40.782, 41.166, 42.871, 44.287, 44.493, 44.237, 44.179, 43.834, 43.416, 43.362, 42.736, 41.286, 40.71, 41.71, 42.577, 42.84, 42.663, 42.288, 42.0, 42.118, 42.54, 43.115, 42.799, 41.358, 40.281, 40.443, 40.609, 39.737, 38.371, 38.29, 39.577, 40.46, 36.148], [35.912, 34.81, 33.671, 32.288, 30.877, 28.97, 26.518, 25.367, 25.495, 25.448, 25.279, 24.979, 23.23, 19.823, 15.901, 12.094, 8.146, 4.3, 0.0, 4.997, 11.293, 17.548, 22.71, 26.212, 27.576, 27.753, 28.12, 28.784, 30.416, 33.281, 35.411, 36.085, 36.862, 37.51, 37.233, 36.951, 36.99, 37.058, 37.493, 38.104, 37.78, 37.549, 37.554, 37.48, 37.631, 37.737, 37.289, 36.834, 36.637, 36.741, 37.117, 37.711, 38.128, 38.112, 37.732, 37.442, 37.214, 37.208, 37.307, 37.214, 37.097, 37.131, 37.136, 37.228, 37.455, 37.427, 36.834, 36.577, 36.629, 36.912, 36.963, 36.949, 36.98, 36.921, 36.561, 36.354, 36.579, 36.829, 36.989, 36.961, 36.573, 35.928, 36.064, 36.923, 37.364, 37.327, 37.241, 37.168, 36.907, 36.677, 36.495, 36.393, 36.276, 36.097, 35.858, 35.138, 34.787, 34.712, 35.083, 37.222, 39.848, 40.435, 39.852, 40.309, 41.598, 41.719, 41.26, 41.028, 40.889, 40.589, 40.513, 40.797, 40.881, 40.574, 40.955, 42.652, 44.064, 44.285, 44.041, 43.976, 43.631, 43.228, 43.173, 42.532, 41.091, 40.553, 41.572, 42.436, 42.708, 42.547, 42.171, 41.876, 42.001, 42.428, 43.0, 42.68, 41.233, 40.161, 40.34, 40.515, 39.638, 38.285, 38.252, 39.572, 40.461, 36.214], [36.065, 35.001, 33.896, 32.554, 31.215, 29.453, 27.173, 26.102, 26.251, 26.275, 26.176, 25.921, 24.304, 21.179, 17.506, 13.77, 10.201, 7.715, 4.997, 0.0, 7.845, 15.462, 21.325, 25.041, 26.442, 26.632, 27.05, 27.857, 29.692, 32.773, 35.049, 35.787, 36.615, 37.291, 37.011, 36.735, 36.782, 36.854, 37.314, 37.995, 37.752, 37.553, 37.572, 37.519, 37.698, 37.815, 37.375, 36.936, 36.748, 36.84, 37.209, 37.807, 38.226, 38.206, 37.823, 37.523, 37.279, 37.262, 37.359, 37.261, 37.132, 37.15, 37.145, 37.228, 37.448, 37.415, 36.819, 36.56, 36.587, 36.856, 36.915, 36.915, 36.961, 36.906, 36.523, 36.291, 36.51, 36.752, 36.886, 36.843, 36.472, 35.856, 36.01, 36.891, 37.349, 37.319, 37.244, 37.186, 36.936, 36.712, 36.543, 36.459, 36.343, 36.138, 35.907, 35.262, 34.961, 34.875, 35.18, 37.242, 39.83, 40.394, 39.809, 40.276, 41.561, 41.671, 41.23, 41.014, 40.871, 40.553, 40.472, 40.768, 40.86, 40.548, 40.914, 42.591, 43.976, 44.199, 43.972, 43.91, 43.577, 43.194, 43.145, 42.517, 41.101, 40.59, 41.61, 42.455, 42.726, 42.568, 42.189, 41.897, 42.03, 42.45, 43.012, 42.704, 41.268, 40.193, 40.378, 40.553, 39.67, 38.362, 38.397, 39.731, 40.63, 36.343], [36.255, 35.247, 34.221, 32.989, 31.789, 30.304, 28.407, 27.533, 27.717, 27.833, 27.827, 27.639, 26.284, 23.787, 20.998, 18.032, 14.774, 12.584, 11.293, 7.845, 0.0, 9.361, 17.077, 21.696, 23.282, 23.49, 24.025, 25.052, 27.214, 30.715, 33.302, 34.185, 35.118, 35.877, 35.64, 35.426, 35.53, 35.622, 36.101, 36.92, 36.984, 37.057, 37.223, 37.248, 37.461, 37.615, 37.258, 36.945, 36.826, 36.91, 37.273, 37.891, 38.313, 38.284, 37.893, 37.575, 37.31, 37.289, 37.387, 37.275, 37.11, 37.112, 37.109, 37.181, 37.389, 37.349, 36.738, 36.46, 36.449, 36.706, 36.786, 36.799, 36.848, 36.765, 36.34, 36.125, 36.392, 36.629, 36.727, 36.654, 36.285, 35.746, 35.967, 36.857, 37.306, 37.273, 37.202, 37.15, 36.92, 36.712, 36.551, 36.491, 36.389, 36.143, 35.895, 35.304, 35.035, 34.938, 35.106, 36.98, 39.541, 40.133, 39.55, 40.003, 41.287, 41.413, 41.011, 40.817, 40.671, 40.338, 40.267, 40.606, 40.716, 40.371, 40.738, 42.44, 43.809, 44.01, 43.808, 43.775, 43.466, 43.105, 43.063, 42.451, 41.046, 40.515, 41.502, 42.327, 42.602, 42.444, 42.056, 41.763, 41.905, 42.322, 42.882, 42.605, 41.208, 40.146, 40.331, 40.509, 39.65, 38.402, 38.472, 39.787, 40.705, 36.502], [36.847, 35.966, 35.113, 34.056, 33.02, 31.825, 30.338, 29.686, 29.886, 30.043, 30.107, 29.983, 28.868, 26.974, 25.033, 22.972, 20.474, 18.499, 17.548, 15.462, 9.361, 0.0, 9.298, 15.479, 17.75, 18.064, 18.832, 20.32, 23.053, 27.158, 30.189, 31.291, 32.337, 33.206, 33.076, 33.009, 33.248, 33.419, 33.885, 34.76, 35.234, 35.845, 36.358, 36.565, 36.831, 37.066, 36.975, 37.011, 37.075, 37.212, 37.533, 38.109, 38.503, 38.459, 38.069, 37.756, 37.499, 37.495, 37.598, 37.473, 37.281, 37.276, 37.28, 37.335, 37.534, 37.488, 36.842, 36.526, 36.501, 36.762, 36.93, 37.046, 37.105, 36.948, 36.459, 36.24, 36.535, 36.767, 36.848, 36.707, 36.277, 35.807, 36.149, 37.068, 37.509, 37.469, 37.392, 37.315, 37.079, 36.881, 36.725, 36.671, 36.58, 36.295, 35.966, 35.396, 35.243, 35.234, 35.296, 36.896, 39.296, 39.892, 39.308, 39.67, 40.893, 41.03, 40.701, 40.562, 40.422, 40.09, 40.068, 40.442, 40.539, 40.179, 40.59, 42.307, 43.618, 43.78, 43.596, 43.596, 43.323, 43.0, 42.976, 42.373, 41.022, 40.503, 41.438, 42.238, 42.527, 42.399, 42.037, 41.758, 41.905, 42.316, 42.874, 42.637, 41.339, 40.36, 40.535, 40.713, 39.929, 38.724, 38.732, 39.996, 40.923, 37.051], [38.076, 37.357, 36.683, 35.782, 34.897, 33.907, 32.701, 32.239, 32.463, 32.643, 32.769, 32.704, 31.727, 30.135, 28.601, 27.059, 25.19, 23.592, 22.71, 21.325, 17.077, 9.298, 0.0, 7.625, 11.148, 11.896, 13.073, 15.567, 19.384, 24.225, 27.718, 29.059, 30.181, 31.136, 31.17, 31.315, 31.737, 32.038, 32.504, 33.399, 34.247, 35.35, 36.176, 36.558, 36.881, 37.196, 37.358, 37.731, 37.997, 38.176, 38.401, 38.868, 39.199, 39.142, 38.786, 38.521, 38.294, 38.304, 38.406, 38.28, 38.097, 38.096, 38.099, 38.145, 38.336, 38.279, 37.621, 37.286, 37.279, 37.537, 37.778, 37.992, 38.029, 37.793, 37.308, 37.094, 37.341, 37.545, 37.62, 37.415, 36.936, 36.51, 36.931, 37.856, 38.298, 38.259, 38.174, 38.075, 37.826, 37.63, 37.475, 37.403, 37.31, 37.0, 36.599, 36.108, 36.185, 36.332, 36.35, 37.674, 39.782, 40.31, 39.721, 39.94, 41.011, 41.154, 40.93, 40.851, 40.709, 40.37, 40.388, 40.771, 40.842, 40.511, 40.963, 42.599, 43.781, 43.893, 43.734, 43.77, 43.537, 43.264, 43.28, 42.711, 41.477, 41.037, 41.938, 42.702, 42.997, 42.918, 42.615, 42.368, 42.5, 42.878, 43.418, 43.226, 42.07, 41.22, 41.392, 41.564, 40.862, 39.709, 39.614, 40.789, 41.688, 38.237], [39.483, 38.908, 38.364, 37.566, 36.806, 35.98, 34.931, 34.554, 34.796, 34.992, 35.132, 35.095, 34.197, 32.697, 31.261, 29.885, 28.302, 26.984, 26.212, 25.041, 21.696, 15.479, 7.625, 0.0, 4.717, 6.698, 8.84, 12.776, 17.826, 23.251, 27.064, 28.572, 29.718, 30.702, 30.892, 31.267, 31.867, 32.267, 32.744, 33.682, 34.77, 36.092, 37.042, 37.506, 37.856, 38.197, 38.452, 38.953, 39.314, 39.504, 39.663, 40.027, 40.273, 40.197, 39.895, 39.689, 39.484, 39.491, 39.585, 39.462, 39.297, 39.304, 39.306, 39.349, 39.527, 39.464, 38.841, 38.519, 38.527, 38.744, 38.952, 39.138, 39.12, 38.857, 38.437, 38.245, 38.418, 38.564, 38.617, 38.402, 37.963, 37.585, 38.023, 38.907, 39.339, 39.301, 39.209, 39.118, 38.888, 38.701, 38.563, 38.489, 38.388, 38.067, 37.664, 37.34, 37.645, 37.901, 37.853, 38.885, 40.675, 41.11, 40.555, 40.681, 41.598, 41.756, 41.632, 41.591, 41.439, 41.089, 41.135, 41.524, 41.578, 41.287, 41.737, 43.224, 44.259, 44.325, 44.189, 44.247, 44.057, 43.834, 43.894, 43.391, 42.307, 41.942, 42.8, 43.517, 43.799, 43.75, 43.497, 43.277, 43.377, 43.696, 44.187, 44.031, 43.012, 42.268, 42.441, 42.601, 41.973, 40.92, 40.768, 41.809, 42.642, 39.611], [40.189, 39.66, 39.161, 38.407, 37.704, 36.966, 35.984, 35.626, 35.871, 36.059, 36.18, 36.149, 35.286, 33.806, 32.38, 31.043, 29.527, 28.288, 27.576, 26.442, 23.282, 17.75, 11.148, 4.717, 0.0, 3.443, 7.167, 12.012, 17.529, 23.208, 27.194, 28.794, 29.959, 30.947, 31.207, 31.686, 32.353, 32.773, 33.238, 34.201, 35.387, 36.77, 37.737, 38.218, 38.568, 38.901, 39.166, 39.665, 40.015, 40.203, 40.361, 40.694, 40.904, 40.823, 40.542, 40.35, 40.147, 40.145, 40.233, 40.112, 39.949, 39.953, 39.95, 39.985, 40.15, 40.08, 39.472, 39.159, 39.189, 39.405, 39.583, 39.722, 39.676, 39.414, 39.035, 38.877, 39.041, 39.151, 39.182, 38.985, 38.583, 38.218, 38.646, 39.495, 39.909, 39.866, 39.774, 39.701, 39.491, 39.313, 39.194, 39.138, 39.044, 38.728, 38.362, 38.133, 38.5, 38.771, 38.662, 39.523, 41.161, 41.564, 41.039, 41.144, 42.012, 42.191, 42.096, 42.059, 41.905, 41.558, 41.632, 42.049, 42.103, 41.829, 42.274, 43.701, 44.681, 44.728, 44.604, 44.669, 44.495, 44.294, 44.369, 43.898, 42.883, 42.531, 43.348, 44.035, 44.305, 44.259, 44.016, 43.792, 43.869, 44.163, 44.623, 44.477, 43.509, 42.791, 42.952, 43.103, 42.511, 41.511, 41.333, 42.288, 43.074, 40.309], [40.197, 39.661, 39.154, 38.409, 37.717, 37.005, 36.062, 35.719, 35.956, 36.13, 36.241, 36.21, 35.367, 33.911, 32.497, 31.174, 29.687, 28.46, 27.753, 26.632, 23.49, 18.064, 11.896, 6.698, 3.443, 0.0, 5.006, 11.001, 17.031, 22.907, 27.01, 28.672, 29.858, 30.851, 31.116, 31.604, 32.281, 32.705, 33.159, 34.121, 35.328, 36.72, 37.684, 38.165, 38.521, 38.853, 39.12, 39.624, 39.975, 40.167, 40.344, 40.696, 40.918, 40.838, 40.553, 40.355, 40.144, 40.134, 40.218, 40.1, 39.942, 39.946, 39.938, 39.964, 40.122, 40.053, 39.444, 39.131, 39.159, 39.37, 39.539, 39.672, 39.623, 39.366, 39.003, 38.868, 39.054, 39.163, 39.189, 38.994, 38.592, 38.222, 38.63, 39.456, 39.853, 39.807, 39.722, 39.655, 39.449, 39.278, 39.169, 39.124, 39.036, 38.724, 38.379, 38.165, 38.512, 38.77, 38.657, 39.517, 41.161, 41.571, 41.038, 41.141, 42.026, 42.216, 42.113, 42.073, 41.92, 41.564, 41.641, 42.069, 42.124, 41.849, 42.3, 43.741, 44.732, 44.779, 44.657, 44.726, 44.548, 44.344, 44.421, 43.951, 42.926, 42.561, 43.375, 44.065, 44.334, 44.283, 44.034, 43.809, 43.888, 44.187, 44.651, 44.506, 43.543, 42.818, 42.965, 43.12, 42.536, 41.522, 41.314, 42.247, 43.023, 40.313], [40.01, 39.483, 38.989, 38.241, 37.547, 36.855, 35.968, 35.644, 35.864, 36.035, 36.151, 36.12, 35.316, 33.965, 32.648, 31.383, 29.958, 28.785, 28.12, 27.05, 24.025, 18.832, 13.073, 8.84, 7.167, 5.006, 0.0, 7.47, 15.059, 21.759, 26.141, 27.91, 29.165, 30.201, 30.494, 31.012, 31.726, 32.171, 32.621, 33.566, 34.797, 36.232, 37.217, 37.716, 38.097, 38.446, 38.717, 39.254, 39.662, 39.877, 40.074, 40.464, 40.725, 40.651, 40.357, 40.16, 39.956, 39.946, 40.023, 39.907, 39.76, 39.771, 39.764, 39.79, 39.944, 39.874, 39.263, 38.933, 38.928, 39.126, 39.316, 39.463, 39.403, 39.163, 38.834, 38.713, 38.909, 39.049, 39.095, 38.898, 38.491, 38.118, 38.503, 39.308, 39.698, 39.66, 39.591, 39.522, 39.306, 39.138, 39.031, 38.981, 38.89, 38.577, 38.219, 37.947, 38.24, 38.49, 38.416, 39.347, 41.047, 41.465, 40.909, 41.003, 41.906, 42.104, 41.99, 41.945, 41.784, 41.407, 41.478, 41.921, 41.978, 41.688, 42.139, 43.627, 44.685, 44.757, 44.618, 44.691, 44.513, 44.283, 44.34, 43.866, 42.82, 42.45, 43.287, 43.993, 44.258, 44.195, 43.939, 43.725, 43.82, 44.131, 44.604, 44.457, 43.489, 42.749, 42.879, 43.044, 42.461, 41.4, 41.156, 42.092, 42.871, 40.111], [39.195, 38.673, 38.26, 37.551, 36.811, 36.133, 35.36, 35.097, 35.285, 35.464, 35.63, 35.607, 34.85, 33.714, 32.707, 31.713, 30.447, 29.356, 28.784, 27.857, 25.052, 20.32, 15.567, 12.776, 12.012, 11.001, 7.47, 0.0, 9.515, 18.408, 23.844, 25.892, 27.297, 28.432, 28.761, 29.356, 30.182, 30.686, 31.144, 32.093, 33.428, 35.038, 36.114, 36.653, 37.068, 37.46, 37.744, 38.314, 38.794, 39.047, 39.283, 39.741, 40.079, 40.03, 39.714, 39.509, 39.309, 39.299, 39.375, 39.255, 39.097, 39.096, 39.092, 39.132, 39.296, 39.213, 38.537, 38.155, 38.118, 38.348, 38.607, 38.801, 38.737, 38.524, 38.221, 38.11, 38.356, 38.571, 38.654, 38.437, 37.989, 37.578, 37.946, 38.79, 39.197, 39.164, 39.115, 39.059, 38.824, 38.639, 38.519, 38.453, 38.347, 38.043, 37.647, 37.186, 37.308, 37.553, 37.545, 38.57, 40.421, 40.901, 40.302, 40.371, 41.299, 41.48, 41.319, 41.252, 41.078, 40.679, 40.754, 41.236, 41.309, 40.99, 41.447, 43.039, 44.217, 44.343, 44.179, 44.248, 44.069, 43.789, 43.798, 43.291, 42.205, 41.84, 42.725, 43.462, 43.736, 43.663, 43.383, 43.16, 43.278, 43.625, 44.127, 43.958, 42.925, 42.138, 42.257, 42.416, 41.792, 40.65, 40.423, 41.446, 42.273, 39.296], [38.151, 37.649, 37.432, 36.918, 36.19, 35.538, 34.945, 34.827, 35.004, 35.205, 35.459, 35.456, 34.75, 33.917, 33.384, 32.816, 31.827, 30.87, 30.416, 29.692, 27.214, 23.053, 19.384, 17.826, 17.529, 17.031, 15.059, 9.515, 0.0, 11.305, 18.993, 21.907, 23.636, 24.952, 25.477, 26.399, 27.537, 28.2, 28.714, 29.758, 31.347, 33.306, 34.597, 35.221, 35.655, 36.125, 36.521, 37.193, 37.768, 38.075, 38.335, 38.835, 39.237, 39.222, 38.884, 38.658, 38.449, 38.433, 38.51, 38.383, 38.202, 38.167, 38.148, 38.199, 38.387, 38.304, 37.571, 37.154, 37.078, 37.328, 37.677, 37.959, 37.898, 37.665, 37.345, 37.245, 37.546, 37.824, 37.942, 37.709, 37.23, 36.745, 37.091, 38.015, 38.447, 38.417, 38.398, 38.362, 38.098, 37.882, 37.746, 37.662, 37.533, 37.212, 36.76, 36.132, 36.112, 36.376, 36.438, 37.546, 39.586, 40.164, 39.549, 39.62, 40.573, 40.701, 40.459, 40.351, 40.15, 39.716, 39.767, 40.253, 40.344, 40.03, 40.514, 42.209, 43.456, 43.595, 43.412, 43.47, 43.282, 42.994, 43.012, 42.459, 41.295, 40.949, 41.883, 42.639, 42.931, 42.857, 42.551, 42.319, 42.472, 42.866, 43.405, 43.203, 42.098, 41.315, 41.448, 41.552, 40.849, 39.679, 39.53, 40.659, 41.543, 38.263], [38.046, 37.627, 37.659, 37.439, 36.887, 36.353, 35.931, 35.927, 36.095, 36.283, 36.563, 36.567, 35.928, 35.361, 35.249, 35.074, 34.381, 33.608, 33.281, 32.773, 30.715, 27.158, 24.225, 23.251, 23.208, 22.907, 21.759, 18.408, 11.305, 0.0, 10.205, 15.317, 17.871, 19.448, 20.706, 22.675, 24.555, 25.595, 26.28, 27.516, 29.551, 32.013, 33.621, 34.397, 34.874, 35.433, 36.055, 36.928, 37.611, 37.99, 38.233, 38.698, 39.117, 39.139, 38.831, 38.632, 38.451, 38.444, 38.517, 38.38, 38.175, 38.11, 38.064, 38.102, 38.293, 38.221, 37.518, 37.133, 37.04, 37.261, 37.651, 37.968, 37.909, 37.659, 37.302, 37.195, 37.493, 37.775, 37.894, 37.684, 37.237, 36.775, 37.118, 37.982, 38.376, 38.358, 38.362, 38.323, 38.03, 37.797, 37.66, 37.579, 37.463, 37.107, 36.594, 36.004, 36.056, 36.41, 36.545, 37.594, 39.596, 40.18, 39.603, 39.717, 40.673, 40.775, 40.508, 40.363, 40.127, 39.67, 39.702, 40.161, 40.275, 40.002, 40.471, 42.152, 43.376, 43.486, 43.27, 43.295, 43.092, 42.821, 42.881, 42.32, 41.135, 40.819, 41.739, 42.463, 42.753, 42.681, 42.376, 42.172, 42.367, 42.781, 43.326, 43.121, 42.057, 41.342, 41.461, 41.51, 40.793, 39.668, 39.512, 40.587, 41.455, 38.175], [38.645, 38.289, 38.424, 38.338, 37.933, 37.534, 37.197, 37.203, 37.334, 37.466, 37.702, 37.695, 37.089, 36.616, 36.71, 36.783, 36.285, 35.646, 35.411, 35.049, 33.302, 30.189, 27.718, 27.064, 27.194, 27.01, 26.141, 23.844, 18.993, 10.205, 0.0, 7.514, 11.668, 14.023, 16.269, 19.339, 21.97, 23.455, 24.376, 25.825, 28.366, 31.335, 33.194, 34.09, 34.645, 35.275, 36.043, 37.056, 37.828, 38.326, 38.627, 39.064, 39.453, 39.481, 39.236, 39.137, 39.064, 39.119, 39.201, 39.049, 38.828, 38.762, 38.724, 38.751, 38.922, 38.855, 38.199, 37.887, 37.85, 38.063, 38.431, 38.711, 38.678, 38.484, 38.136, 38.016, 38.311, 38.595, 38.697, 38.494, 38.076, 37.67, 37.992, 38.73, 39.076, 39.078, 39.095, 39.058, 38.761, 38.533, 38.408, 38.336, 38.261, 37.946, 37.402, 36.836, 36.944, 37.365, 37.504, 38.37, 40.152, 40.669, 40.143, 40.275, 41.193, 41.325, 41.106, 40.961, 40.72, 40.294, 40.351, 40.813, 40.935, 40.691, 41.112, 42.718, 43.933, 44.065, 43.819, 43.8, 43.586, 43.295, 43.333, 42.817, 41.691, 41.349, 42.201, 42.911, 43.196, 43.109, 42.808, 42.628, 42.843, 43.272, 43.818, 43.624, 42.623, 41.93, 42.004, 42.064, 41.415, 40.319, 40.118, 41.11, 41.922, 38.77], [38.821, 38.476, 38.619, 38.571, 38.25, 37.937, 37.662, 37.718, 37.847, 37.955, 38.181, 38.177, 37.576, 37.122, 37.236, 37.318, 36.857, 36.271, 36.085, 35.787, 34.185, 31.291, 29.059, 28.572, 28.794, 28.672, 27.91, 25.892, 21.907, 15.317, 7.514, 0.0, 5.935, 10.18, 13.18, 16.556, 19.566, 21.384, 22.518, 24.177, 27.142, 30.552, 32.626, 33.609, 34.207, 34.881, 35.743, 36.849, 37.683, 38.278, 38.641, 39.044, 39.358, 39.353, 39.142, 39.129, 39.166, 39.303, 39.411, 39.247, 39.015, 38.971, 38.98, 39.028, 39.191, 39.119, 38.481, 38.207, 38.204, 38.437, 38.832, 39.15, 39.168, 39.007, 38.682, 38.584, 38.911, 39.196, 39.267, 39.05, 38.648, 38.247, 38.526, 39.24, 39.587, 39.601, 39.635, 39.618, 39.32, 39.078, 38.954, 38.895, 38.854, 38.604, 38.026, 37.332, 37.385, 37.812, 37.883, 38.6, 40.246, 40.714, 40.221, 40.37, 41.246, 41.359, 41.152, 41.03, 40.801, 40.401, 40.49, 40.992, 41.121, 40.894, 41.312, 42.887, 44.105, 44.267, 44.019, 43.983, 43.774, 43.477, 43.483, 42.98, 41.915, 41.563, 42.355, 43.071, 43.368, 43.268, 42.962, 42.786, 43.021, 43.481, 44.039, 43.835, 42.838, 42.151, 42.214, 42.262, 41.621, 40.549, 40.412, 41.43, 42.216, 38.935], [38.917, 38.588, 38.759, 38.74, 38.459, 38.233, 38.065, 38.176, 38.28, 38.353, 38.578, 38.582, 38.007, 37.623, 37.821, 37.959, 37.54, 37.004, 36.862, 36.615, 35.118, 32.337, 30.181, 29.718, 29.959, 29.858, 29.165, 27.297, 23.636, 17.871, 11.668, 5.935, 0.0, 5.81, 10.272, 14.325, 17.655, 19.767, 21.06, 22.831, 26.144, 29.951, 32.264, 33.366, 33.991, 34.683, 35.638, 36.86, 37.757, 38.381, 38.724, 39.063, 39.312, 39.288, 39.111, 39.153, 39.236, 39.414, 39.555, 39.402, 39.162, 39.123, 39.158, 39.216, 39.372, 39.296, 38.681, 38.44, 38.429, 38.661, 39.113, 39.513, 39.583, 39.418, 39.101, 39.032, 39.393, 39.693, 39.763, 39.509, 39.045, 38.583, 38.839, 39.564, 39.921, 39.94, 39.99, 39.993, 39.703, 39.454, 39.329, 39.277, 39.256, 39.038, 38.426, 37.631, 37.633, 38.058, 38.117, 38.804, 40.402, 40.844, 40.35, 40.473, 41.295, 41.36, 41.147, 41.042, 40.815, 40.427, 40.536, 41.058, 41.202, 40.976, 41.378, 42.935, 44.154, 44.323, 44.062, 44.012, 43.822, 43.541, 43.532, 43.033, 42.037, 41.717, 42.476, 43.179, 43.476, 43.373, 43.069, 42.893, 43.126, 43.591, 44.152, 43.959, 42.98, 42.281, 42.322, 42.372, 41.745, 40.674, 40.549, 41.566, 42.334, 39.034], [38.881, 38.552, 38.737, 38.74, 38.462, 38.269, 38.175, 38.297, 38.352, 38.396, 38.63, 38.649, 38.122, 37.83, 38.147, 38.406, 38.08, 37.62, 37.51, 37.291, 35.877, 33.206, 31.136, 30.702, 30.947, 30.851, 30.201, 28.432, 24.952, 19.448, 14.023, 10.18, 5.81, 0.0, 6.311, 11.968, 15.983, 18.416, 19.853, 21.67, 25.215, 29.319, 31.81, 33.019, 33.694, 34.415, 35.441, 36.734, 37.649, 38.255, 38.574, 38.889, 39.13, 39.11, 38.953, 39.034, 39.151, 39.347, 39.512, 39.388, 39.159, 39.116, 39.152, 39.206, 39.347, 39.264, 38.675, 38.458, 38.418, 38.637, 39.138, 39.59, 39.674, 39.498, 39.178, 39.131, 39.514, 39.833, 39.922, 39.633, 39.098, 38.576, 38.822, 39.555, 39.922, 39.945, 39.994, 40.0, 39.713, 39.463, 39.339, 39.294, 39.28, 39.074, 38.457, 37.641, 37.623, 38.047, 38.149, 38.937, 40.578, 41.016, 40.507, 40.602, 41.391, 41.41, 41.179, 41.081, 40.862, 40.481, 40.593, 41.128, 41.284, 41.018, 41.36, 42.915, 44.163, 44.335, 44.048, 43.975, 43.788, 43.514, 43.495, 42.987, 42.004, 41.73, 42.517, 43.22, 43.512, 43.406, 43.107, 42.947, 43.182, 43.643, 44.207, 44.026, 43.045, 42.306, 42.315, 42.381, 41.778, 40.679, 40.495, 41.494, 42.274, 39.004], [38.34, 37.988, 38.165, 38.169, 37.876, 37.66, 37.561, 37.679, 37.717, 37.775, 38.042, 38.081, 37.579, 37.321, 37.678, 38.009, 37.757, 37.34, 37.233, 37.011, 35.64, 33.076, 31.17, 30.892, 31.207, 31.116, 30.494, 28.761, 25.477, 20.706, 16.269, 13.18, 10.272, 6.311, 0.0, 7.154, 12.536, 15.567, 17.215, 19.294, 23.309, 27.79, 30.417, 31.682, 32.44, 33.258, 34.376, 35.734, 36.678, 37.314, 37.707, 38.094, 38.376, 38.365, 38.2, 38.309, 38.499, 38.737, 38.903, 38.799, 38.618, 38.6, 38.646, 38.702, 38.838, 38.75, 38.132, 37.892, 37.847, 38.083, 38.613, 39.086, 39.186, 39.028, 38.723, 38.688, 39.101, 39.443, 39.547, 39.262, 38.72, 38.143, 38.322, 39.053, 39.437, 39.466, 39.512, 39.509, 39.218, 38.966, 38.839, 38.807, 38.795, 38.582, 37.961, 37.103, 37.041, 37.442, 37.538, 38.456, 40.241, 40.708, 40.182, 40.302, 41.138, 41.144, 40.869, 40.773, 40.589, 40.225, 40.314, 40.835, 40.99, 40.674, 40.946, 42.516, 43.833, 44.03, 43.729, 43.649, 43.4