[[0.0, 5.446, 9.878, 13.318, 17.275, 22.812, 27.556, 30.271, 31.689, 32.921, 35.73, 40.854, 46.255, 48.389, 47.85, 47.75, 48.488, 49.058, 49.724, 51.223, 51.99, 52.058, 52.173, 52.52, 52.722, 52.717, 52.679, 52.705, 52.705, 52.618, 52.408, 52.136, 51.888, 51.791, 51.563, 51.248, 51.243, 51.357, 51.148, 51.365, 51.811, 51.892, 51.892, 51.977, 52.08, 52.011, 51.977, 51.997, 51.998, 51.781, 51.244, 51.063, 51.746, 51.987, 51.8, 51.802, 52.117, 52.324, 52.304, 52.235, 52.174, 52.015, 52.094, 52.486, 52.819, 52.955, 53.037, 53.025, 52.968, 52.933, 52.778, 52.561, 52.641, 52.71, 52.598, 52.581, 52.741, 52.741, 52.7, 52.74, 52.879, 52.931, 52.782, 52.54, 52.36, 52.396, 52.655, 52.799, 52.883, 53.219, 53.406, 53.22, 53.086, 53.048, 53.093, 53.109, 52.964, 52.893, 52.95, 52.846, 52.592, 52.407, 52.262, 52.147, 52.115, 52.461, 52.899, 52.864, 52.701, 52.752, 52.919, 53.058, 53.213, 53.233, 52.938, 52.418, 52.177, 52.286, 52.31, 52.383, 52.524, 52.688, 52.879, 53.073, 53.013, 52.614, 52.065, 51.856, 52.23, 52.585, 52.541, 52.221, 52.156, 52.46, 52.579, 52.395, 52.323, 52.197, 51.858, 51.756, 51.683, 51.479, 51.487, 51.587, 51.419, 7.099], [5.446, 0.0, 5.855, 10.43, 14.643, 20.331, 25.355, 28.32, 29.906, 31.251, 34.261, 39.598, 45.193, 47.447, 46.949, 46.875, 47.633, 48.205, 48.846, 50.384, 51.223, 51.331, 51.458, 51.815, 52.024, 52.027, 52.003, 52.048, 52.065, 51.982, 51.76, 51.471, 51.208, 51.113, 50.899, 50.597, 50.598, 50.721, 50.513, 50.72, 51.18, 51.314, 51.342, 51.411, 51.427, 51.286, 51.283, 51.314, 51.306, 51.09, 50.568, 50.368, 51.017, 51.263, 51.068, 51.066, 51.398, 51.641, 51.64, 51.578, 51.548, 51.415, 51.455, 51.783, 52.075, 52.199, 52.29, 52.275, 52.211, 52.186, 52.046, 51.814, 51.885, 52.002, 51.937, 51.929, 52.08, 52.111, 52.137, 52.209, 52.357, 52.405, 52.261, 52.049, 51.897, 51.947, 52.207, 52.355, 52.426, 52.704, 52.834, 52.617, 52.446, 52.397, 52.45, 52.495, 52.385, 52.33, 52.381, 52.273, 52.038, 51.875, 51.767, 51.679, 51.627, 51.927, 52.359, 52.357, 52.24, 52.324, 52.49, 52.643, 52.843, 52.894, 52.609, 52.083, 51.821, 51.899, 51.904, 51.981, 52.129, 52.275, 52.441, 52.632, 52.572, 52.149, 51.562, 51.292, 51.613, 51.948, 51.899, 51.587, 51.568, 51.927, 52.065, 51.867, 51.776, 51.677, 51.37, 51.257, 51.182, 50.998, 51.046, 51.168, 51.036, 10.818], [9.878, 5.855, 0.0, 6.123, 12.209, 18.894, 24.2, 27.294, 28.992, 30.479, 33.665, 39.119, 44.861, 47.277, 46.883, 46.823, 47.554, 48.102, 48.737, 50.302, 51.162, 51.281, 51.412, 51.763, 51.965, 51.98, 51.987, 52.056, 52.089, 52.018, 51.779, 51.451, 51.158, 51.064, 50.88, 50.612, 50.632, 50.786, 50.589, 50.784, 51.287, 51.488, 51.523, 51.559, 51.489, 51.262, 51.249, 51.282, 51.281, 51.087, 50.591, 50.406, 51.081, 51.329, 51.115, 51.129, 51.496, 51.749, 51.758, 51.719, 51.699, 51.528, 51.505, 51.796, 52.076, 52.211, 52.329, 52.31, 52.224, 52.203, 52.072, 51.821, 51.89, 52.045, 51.996, 51.99, 52.161, 52.239, 52.324, 52.44, 52.607, 52.653, 52.517, 52.319, 52.175, 52.236, 52.507, 52.663, 52.735, 52.987, 53.092, 52.863, 52.669, 52.606, 52.663, 52.724, 52.62, 52.566, 52.609, 52.489, 52.277, 52.144, 52.042, 51.954, 51.9, 52.176, 52.573, 52.554, 52.445, 52.539, 52.689, 52.803, 52.959, 52.98, 52.679, 52.126, 51.834, 51.91, 51.924, 52.005, 52.154, 52.284, 52.427, 52.624, 52.572, 52.131, 51.529, 51.243, 51.572, 51.921, 51.888, 51.591, 51.593, 51.965, 52.094, 51.887, 51.812, 51.748, 51.471, 51.382, 51.327, 51.103, 51.117, 51.239, 51.126, 13.813], [13.318, 10.43, 6.123, 0.0, 8.027, 16.594, 22.676, 26.088, 27.99, 29.665, 33.043, 38.604, 44.463, 47.016, 46.722, 46.699, 47.422, 47.955, 48.575, 50.151, 51.02, 51.138, 51.263, 51.611, 51.82, 51.857, 51.895, 51.98, 52.03, 51.995, 51.784, 51.452, 51.137, 51.017, 50.83, 50.575, 50.584, 50.751, 50.585, 50.779, 51.312, 51.57, 51.615, 51.635, 51.535, 51.273, 51.256, 51.288, 51.3, 51.13, 50.663, 50.489, 51.176, 51.435, 51.218, 51.231, 51.6, 51.854, 51.864, 51.838, 51.815, 51.606, 51.559, 51.856, 52.136, 52.272, 52.398, 52.372, 52.271, 52.247, 52.115, 51.847, 51.907, 52.082, 52.052, 52.049, 52.23, 52.335, 52.44, 52.568, 52.741, 52.793, 52.672, 52.504, 52.38, 52.456, 52.742, 52.91, 52.981, 53.201, 53.275, 53.045, 52.845, 52.772, 52.823, 52.88, 52.766, 52.698, 52.734, 52.616, 52.421, 52.308, 52.204, 52.106, 52.064, 52.358, 52.744, 52.711, 52.603, 52.707, 52.849, 52.937, 53.049, 53.034, 52.713, 52.128, 51.789, 51.846, 51.859, 51.943, 52.102, 52.223, 52.353, 52.581, 52.556, 52.088, 51.471, 51.193, 51.528, 51.877, 51.855, 51.582, 51.602, 51.982, 52.105, 51.891, 51.841, 51.812, 51.565, 51.491, 51.428, 51.158, 51.138, 51.261, 51.162, 17.005], [17.275, 14.643, 12.209, 8.027, 0.0, 10.104, 17.717, 22.148, 24.504, 26.388, 30.217, 36.164, 42.239, 44.899, 44.707, 44.838, 45.65, 46.204, 46.775, 48.363, 49.312, 49.469, 49.594, 49.959, 50.201, 50.259, 50.299, 50.398, 50.465, 50.472, 50.335, 50.07, 49.771, 49.633, 49.424, 49.136, 49.072, 49.202, 49.084, 49.282, 49.771, 50.049, 50.138, 50.172, 50.043, 49.779, 49.834, 49.871, 49.881, 49.726, 49.303, 49.101, 49.714, 49.977, 49.78, 49.75, 50.056, 50.351, 50.38, 50.343, 50.341, 50.177, 50.134, 50.386, 50.617, 50.738, 50.865, 50.846, 50.76, 50.744, 50.62, 50.358, 50.402, 50.598, 50.61, 50.602, 50.734, 50.822, 50.932, 51.048, 51.214, 51.266, 51.172, 51.085, 51.022, 51.11, 51.381, 51.55, 51.623, 51.767, 51.771, 51.536, 51.32, 51.216, 51.255, 51.346, 51.28, 51.224, 51.255, 51.158, 50.988, 50.897, 50.831, 50.767, 50.721, 50.998, 51.416, 51.461, 51.443, 51.599, 51.769, 51.921, 52.132, 52.189, 51.891, 51.268, 50.852, 50.85, 50.818, 50.875, 51.03, 51.127, 51.229, 51.477, 51.474, 50.989, 50.357, 50.053, 50.312, 50.61, 50.58, 50.332, 50.418, 50.893, 51.077, 50.812, 50.668, 50.652, 50.451, 50.327, 50.182, 49.913, 49.969, 50.137, 50.097, 20.83], [22.812, 20.331, 18.894, 16.594, 10.104, 0.0, 9.227, 15.45, 18.652, 20.574, 24.887, 31.38, 37.821, 40.681, 40.705, 41.154, 42.145, 42.742, 43.234, 44.848, 45.946, 46.176, 46.311, 46.705, 47.0, 47.075, 47.094, 47.217, 47.312, 47.321, 47.224, 47.061, 46.866, 46.792, 46.589, 46.249, 46.08, 46.125, 46.045, 46.245, 46.642, 46.936, 47.105, 47.164, 46.969, 46.718, 46.925, 46.975, 46.952, 46.799, 46.425, 46.164, 46.635, 46.889, 46.725, 46.627, 46.831, 47.207, 47.307, 47.262, 47.301, 47.244, 47.206, 47.351, 47.484, 47.583, 47.719, 47.727, 47.69, 47.695, 47.583, 47.34, 47.367, 47.562, 47.605, 47.579, 47.603, 47.623, 47.743, 47.873, 48.038, 48.083, 48.013, 48.046, 48.067, 48.142, 48.355, 48.518, 48.588, 48.614, 48.527, 48.302, 48.069, 47.907, 47.93, 48.104, 48.154, 48.14, 48.16, 48.083, 47.953, 47.897, 47.901, 47.903, 47.837, 48.069, 48.575, 48.793, 48.938, 49.187, 49.407, 49.696, 50.136, 50.371, 50.152, 49.49, 48.989, 48.934, 48.831, 48.818, 48.96, 49.03, 49.083, 49.328, 49.328, 48.851, 48.249, 47.92, 48.046, 48.262, 48.221, 48.023, 48.226, 48.869, 49.176, 48.81, 48.394, 48.293, 48.094, 47.85, 47.565, 47.334, 47.584, 47.854, 47.936, 25.649], [27.556, 25.355, 24.2, 22.676, 17.717, 9.227, 0.0, 7.804, 12.382, 14.436, 18.956, 25.888, 32.846, 36.12, 36.556, 37.43, 38.622, 39.255, 39.674, 41.367, 42.625, 42.911, 43.062, 43.508, 43.864, 43.97, 43.982, 44.141, 44.268, 44.261, 44.189, 44.177, 44.213, 44.294, 44.112, 43.756, 43.55, 43.531, 43.468, 43.657, 43.952, 44.256, 44.5, 44.566, 44.285, 44.051, 44.389, 44.446, 44.372, 44.202, 43.856, 43.539, 43.882, 44.12, 43.999, 43.852, 43.961, 44.395, 44.573, 44.558, 44.667, 44.702, 44.673, 44.737, 44.781, 44.85, 44.985, 45.007, 45.009, 45.036, 44.924, 44.692, 44.719, 44.9, 44.94, 44.889, 44.828, 44.797, 44.939, 45.102, 45.272, 45.302, 45.251, 45.394, 45.482, 45.527, 45.683, 45.844, 45.883, 45.766, 45.594, 45.377, 45.142, 44.939, 44.937, 45.151, 45.278, 45.304, 45.323, 45.265, 45.189, 45.182, 45.241, 45.289, 45.193, 45.373, 45.94, 46.289, 46.562, 46.89, 47.139, 47.516, 48.165, 48.583, 48.468, 47.834, 47.316, 47.216, 47.034, 46.959, 47.098, 47.15, 47.167, 47.439, 47.489, 47.068, 46.553, 46.249, 46.275, 46.412, 46.38, 46.282, 46.625, 47.388, 47.778, 47.315, 46.626, 46.378, 46.101, 45.728, 45.335, 45.164, 45.633, 46.023, 46.245, 29.757], [30.271, 28.32, 27.294, 26.088, 22.148, 15.45, 7.804, 0.0, 5.953, 9.636, 15.209, 22.33, 29.59, 33.276, 34.177, 35.466, 36.815, 37.457, 37.876, 39.668, 41.008, 41.284, 41.419, 41.907, 42.318, 42.452, 42.464, 42.635, 42.776, 42.753, 42.671, 42.757, 43.014, 43.282, 43.155, 42.807, 42.615, 42.602, 42.563, 42.72, 42.916, 43.202, 43.485, 43.54, 43.22, 43.028, 43.405, 43.46, 43.371, 43.194, 42.859, 42.524, 42.81, 43.031, 42.947, 42.774, 42.823, 43.263, 43.477, 43.491, 43.643, 43.716, 43.692, 43.718, 43.717, 43.756, 43.88, 43.909, 43.922, 43.948, 43.829, 43.602, 43.638, 43.788, 43.793, 43.703, 43.593, 43.541, 43.693, 43.872, 44.041, 44.062, 44.025, 44.216, 44.311, 44.335, 44.456, 44.599, 44.607, 44.421, 44.234, 44.036, 43.82, 43.613, 43.589, 43.789, 43.932, 43.978, 44.012, 43.969, 43.918, 43.919, 43.986, 44.047, 43.93, 44.075, 44.641, 45.03, 45.363, 45.724, 45.965, 46.365, 47.122, 47.642, 47.596, 47.034, 46.587, 46.479, 46.236, 46.118, 46.265, 46.312, 46.321, 46.637, 46.765, 46.425, 46.013, 45.782, 45.764, 45.845, 45.831, 45.829, 46.259, 47.025, 47.402, 46.88, 46.044, 45.691, 45.317, 44.848, 44.405, 44.29, 44.889, 45.348, 45.672, 32.117], [31.689, 29.906, 28.992, 27.99, 24.504, 18.652, 12.382, 5.953, 0.0, 6.215, 13.719, 20.953, 28.087, 31.938, 33.153, 34.727, 36.167, 36.801, 37.219, 39.039, 40.385, 40.637, 40.747, 41.247, 41.682, 41.82, 41.812, 41.964, 42.099, 42.061, 41.957, 42.047, 42.356, 42.722, 42.668, 42.351, 42.158, 42.154, 42.146, 42.283, 42.413, 42.683, 42.988, 43.033, 42.675, 42.491, 42.876, 42.934, 42.837, 42.655, 42.318, 41.983, 42.272, 42.498, 42.443, 42.259, 42.285, 42.737, 42.97, 42.985, 43.15, 43.252, 43.234, 43.227, 43.183, 43.174, 43.273, 43.31, 43.332, 43.352, 43.23, 43.016, 43.051, 43.158, 43.121, 43.002, 42.874, 42.815, 42.97, 43.157, 43.326, 43.341, 43.314, 43.53, 43.62, 43.644, 43.75, 43.862, 43.853, 43.658, 43.495, 43.33, 43.144, 42.937, 42.891, 43.077, 43.225, 43.278, 43.322, 43.288, 43.24, 43.228, 43.287, 43.345, 43.215, 43.349, 43.924, 44.36, 44.742, 45.113, 45.347, 45.771, 46.605, 47.181, 47.162, 46.648, 46.27, 46.162, 45.87, 45.715, 45.863, 45.911, 45.913, 46.251, 46.435, 46.155, 45.806, 45.618, 45.577, 45.621, 45.616, 45.662, 46.122, 46.86, 47.216, 46.662, 45.745, 45.335, 44.9, 44.363, 43.883, 43.801, 44.457, 44.942, 45.336, 33.309], [32.921, 31.251, 30.479, 29.665, 26.388, 20.574, 14.436, 9.636, 6.215, 0.0, 9.032, 17.484, 25.207, 29.228, 30.595, 32.399, 33.962, 34.621, 35.033, 36.967, 38.429, 38.716, 38.858, 39.419, 39.904, 40.067, 40.061, 40.229, 40.373, 40.312, 40.21, 40.349, 40.709, 41.126, 41.133, 40.924, 40.814, 40.803, 40.795, 40.948, 41.085, 41.399, 41.745, 41.784, 41.337, 41.115, 41.561, 41.628, 41.503, 41.296, 40.946, 40.569, 40.823, 41.074, 41.041, 40.827, 40.83, 41.345, 41.616, 41.628, 41.851, 42.037, 41.994, 41.908, 41.799, 41.741, 41.818, 41.86, 41.906, 41.933, 41.809, 41.603, 41.642, 41.741, 41.697, 41.576, 41.443, 41.379, 41.538, 41.724, 41.881, 41.88, 41.866, 42.153, 42.276, 42.305, 42.405, 42.515, 42.51, 42.268, 42.073, 41.92, 41.745, 41.515, 41.459, 41.684, 41.875, 41.937, 41.973, 41.944, 41.903, 41.886, 41.95, 42.02, 41.881, 42.01, 42.63, 43.14, 43.59, 43.993, 44.239, 44.726, 45.695, 46.377, 46.402, 45.886, 45.51, 45.386, 45.048, 44.864, 45.025, 45.078, 45.062, 45.403, 45.607, 45.33, 45.003, 44.821, 44.728, 44.733, 44.736, 44.832, 45.361, 46.16, 46.549, 45.933, 44.86, 44.366, 43.873, 43.246, 42.707, 42.678, 43.442, 43.982, 44.444, 34.354], [35.73, 34.261, 33.665, 33.043, 30.217, 24.887, 18.956, 15.209, 13.719, 9.032, 0.0, 10.332, 20.038, 24.741, 26.085, 27.993, 29.707, 30.455, 31.077, 33.495, 35.247, 35.614, 35.878, 36.609, 37.207, 37.443, 37.502, 37.742, 37.926, 37.855, 37.827, 38.182, 38.786, 39.313, 39.351, 39.317, 39.485, 39.595, 39.601, 39.764, 39.937, 40.326, 40.719, 40.751, 40.26, 40.065, 40.573, 40.645, 40.511, 40.304, 39.973, 39.533, 39.668, 39.905, 39.901, 39.637, 39.554, 40.061, 40.342, 40.373, 40.655, 40.892, 40.81, 40.655, 40.471, 40.371, 40.453, 40.512, 40.58, 40.624, 40.505, 40.3, 40.348, 40.474, 40.468, 40.363, 40.215, 40.145, 40.314, 40.478, 40.618, 40.622, 40.662, 41.039, 41.2, 41.22, 41.303, 41.421, 41.392, 41.057, 40.79, 40.627, 40.469, 40.23, 40.156, 40.413, 40.652, 40.731, 40.76, 40.745, 40.73, 40.728, 40.818, 40.918, 40.774, 40.886, 41.512, 42.025, 42.503, 42.952, 43.213, 43.751, 44.844, 45.634, 45.72, 45.198, 44.76, 44.588, 44.214, 44.017, 44.179, 44.194, 44.129, 44.465, 44.682, 44.402, 44.1, 43.922, 43.761, 43.725, 43.758, 43.923, 44.525, 45.409, 45.851, 45.176, 43.967, 43.47, 43.008, 42.331, 41.755, 41.805, 42.7, 43.314, 43.848, 36.921], [40.854, 39.598, 39.119, 38.604, 36.164, 31.38, 25.888, 22.33, 20.953, 17.484, 10.332, 0.0, 11.745, 18.204, 20.461, 22.927, 24.884, 25.733, 26.546, 29.567, 31.704, 32.143, 32.512, 33.488, 34.273, 34.597, 34.717, 35.013, 35.227, 35.161, 35.249, 35.897, 36.877, 37.685, 37.85, 37.91, 38.201, 38.416, 38.536, 38.692, 38.791, 39.282, 39.795, 39.767, 39.124, 38.949, 39.569, 39.66, 39.483, 39.291, 39.043, 38.505, 38.43, 38.648, 38.72, 38.406, 38.222, 38.724, 39.014, 39.05, 39.349, 39.624, 39.497, 39.22, 38.911, 38.74, 38.82, 38.907, 39.014, 39.091, 39.005, 38.819, 38.85, 38.977, 39.024, 38.92, 38.712, 38.663, 38.891, 39.037, 39.15, 39.155, 39.248, 39.743, 39.973, 39.959, 39.96, 40.041, 39.958, 39.478, 39.118, 38.999, 38.894, 38.652, 38.545, 38.816, 39.124, 39.236, 39.252, 39.247, 39.292, 39.323, 39.458, 39.609, 39.451, 39.536, 40.209, 40.809, 41.377, 41.908, 42.211, 42.839, 44.102, 45.031, 45.187, 44.677, 44.18, 43.941, 43.506, 43.282, 43.407, 43.333, 43.208, 43.58, 43.862, 43.583, 43.29, 43.112, 42.865, 42.737, 42.796, 43.134, 43.925, 44.918, 45.408, 44.637, 43.199, 42.704, 42.328, 41.567, 40.891, 40.972, 41.963, 42.663, 43.324, 41.75], [46.255, 45.193, 44.861, 44.463, 42.239, 37.821, 32.846, 29.59, 28.087, 25.207, 20.038, 11.745, 0.0, 9.011, 14.594, 18.873, 21.142, 21.973, 22.626, 25.977, 28.516, 29.072, 29.553, 30.749, 31.693, 32.092, 32.262, 32.585, 32.795, 32.763, 33.043, 34.001, 35.28, 36.328, 36.666, 36.788, 36.966, 37.102, 37.358, 37.549, 37.521, 38.103, 38.792, 38.69, 37.751, 37.47, 38.254, 38.391, 38.121, 37.909, 37.739, 37.084, 36.729, 36.895, 37.059, 36.718, 36.482, 37.035, 37.353, 37.37, 37.698, 38.047, 37.843, 37.381, 36.946, 36.72, 36.779, 36.9, 37.086, 37.201, 37.144, 36.995, 37.0, 37.091, 37.163, 37.045, 36.762, 36.743, 37.065, 37.233, 37.295, 37.27, 37.408, 38.035, 38.363, 38.295, 38.137, 38.134, 38.007, 37.404, 37.014, 36.988, 36.918, 36.654, 36.542, 36.869, 37.295, 37.463, 37.462, 37.482, 37.613, 37.675, 37.836, 38.044, 37.87, 37.929, 38.711, 39.517, 40.262, 40.896, 41.257, 42.015, 43.526, 44.677, 44.929, 44.416, 43.88, 43.58, 43.078, 42.809, 42.882, 42.74, 42.588, 43.017, 43.401, 43.139, 42.847, 42.658, 42.299, 42.073, 42.158, 42.671, 43.655, 44.745, 45.288, 44.378, 42.545, 41.854, 41.455, 40.556, 39.769, 39.9, 41.053, 41.864, 42.637, 46.873], [48.389, 47.447, 47.277, 47.016, 44.899, 40.681, 36.12, 33.276, 31.938, 29.228, 24.741, 18.204, 9.011, 0.0, 8.613, 14.924, 17.706, 18.544, 19.382, 23.37, 26.268, 26.949, 27.663, 29.081, 30.062, 30.485, 30.758, 31.141, 31.34, 31.371, 31.866, 33.054, 34.463, 35.577, 35.99, 36.261, 36.501, 36.557, 36.818, 37.112, 37.119, 37.717, 38.458, 38.352, 37.331, 37.001, 37.834, 38.004, 37.704, 37.481, 37.337, 36.658, 36.198, 36.356, 36.577, 36.237, 35.957, 36.491, 36.815, 36.784, 37.057, 37.383, 37.104, 36.579, 36.177, 35.997, 36.041, 36.186, 36.444, 36.573, 36.512, 36.39, 36.391, 36.458, 36.528, 36.403, 36.081, 36.054, 36.381, 36.538, 36.569, 36.544, 36.735, 37.42, 37.788, 37.708, 37.515, 37.492, 37.342, 36.678, 36.262, 36.247, 36.175, 35.915, 35.827, 36.194, 36.693, 36.904, 36.898, 36.927, 37.087, 37.171, 37.355, 37.591, 37.409, 37.441, 38.254, 39.147, 39.975, 40.662, 41.053, 41.847, 43.443, 44.712, 45.033, 44.523, 43.976, 43.668, 43.167, 42.89, 42.917, 42.724, 42.554, 42.987, 43.411, 43.182, 42.912, 42.732, 42.319, 42.052, 42.154, 42.722, 43.744, 44.848, 45.413, 44.454, 42.416, 41.51, 41.024, 40.033, 39.192, 39.365, 40.612, 41.473, 42.219, 48.874], [47.85, 46.949, 46.883, 46.722, 44.707, 40.705, 36.556, 34.177, 33.153, 30.595, 26.085, 20.461, 14.594, 8.613, 0.0, 7.689, 11.698, 13.152, 15.235, 20.9, 24.272, 25.106, 26.233, 27.939, 28.918, 29.375, 29.827, 30.331, 30.54, 30.603, 31.19, 32.481, 33.962, 35.12, 35.541, 35.97, 36.549, 36.757, 36.943, 37.351, 37.649, 38.304, 38.97, 38.902, 38.033, 37.766, 38.527, 38.697, 38.438, 38.255, 38.11, 37.421, 37.0, 37.22, 37.448, 37.101, 36.784, 37.242, 37.539, 37.494, 37.699, 37.926, 37.591, 37.12, 36.815, 36.698, 36.749, 36.901, 37.17, 37.291, 37.226, 37.115, 37.102, 37.181, 37.285, 37.182, 36.876, 36.848, 37.143, 37.252, 37.292, 37.317, 37.548, 38.162, 38.493, 38.455, 38.322, 38.321, 38.168, 37.503, 37.016, 36.891, 36.772, 36.531, 36.452, 36.79, 37.278, 37.512, 37.53, 37.564, 37.674, 37.718, 37.914, 38.165, 37.979, 37.944, 38.676, 39.537, 40.35, 41.034, 41.423, 42.186, 43.733, 44.978, 45.301, 44.824, 44.292, 43.996, 43.535, 43.305, 43.352, 43.152, 42.961, 43.354, 43.74, 43.499, 43.226, 43.049, 42.673, 42.427, 42.533, 43.041, 43.962, 45.033, 45.602, 44.682, 42.678, 41.754, 41.28, 40.319, 39.498, 39.671, 40.856, 41.675, 42.275, 48.364], [47.75, 46.875, 46.823, 46.699, 44.838, 41.154, 37.43, 35.466, 34.727, 32.399, 27.993, 22.927, 18.873, 14.924, 7.689, 0.0, 5.188, 7.886, 11.825, 19.052, 22.79, 23.817, 25.325, 27.248, 28.232, 28.779, 29.439, 30.06, 30.3, 30.403, 31.01, 32.302, 33.804, 35.015, 35.475, 36.023, 36.91, 37.346, 37.518, 37.964, 38.518, 39.289, 39.887, 39.835, 39.121, 38.927, 39.6, 39.748, 39.503, 39.345, 39.206, 38.529, 38.142, 38.375, 38.583, 38.246, 37.932, 38.333, 38.598, 38.57, 38.755, 38.912, 38.553, 38.145, 37.904, 37.805, 37.857, 38.009, 38.257, 38.362, 38.313, 38.233, 38.234, 38.352, 38.51, 38.426, 38.145, 38.155, 38.457, 38.525, 38.569, 38.632, 38.87, 39.382, 39.671, 39.672, 39.558, 39.554, 39.404, 38.777, 38.26, 38.05, 37.904, 37.699, 37.609, 37.864, 38.287, 38.51, 38.545, 38.579, 38.627, 38.61, 38.805, 39.073, 38.916, 38.849, 39.501, 40.301, 41.055, 41.7, 42.064, 42.775, 44.237, 45.407, 45.705, 45.291, 44.82, 44.548, 44.114, 43.921, 44.0, 43.81, 43.602, 43.957, 44.3, 44.051, 43.777, 43.583, 43.219, 42.978, 43.076, 43.504, 44.316, 45.342, 45.904, 45.034, 43.171, 42.356, 41.981, 41.129, 40.365, 40.53, 41.633, 42.386, 42.911, 48.287], [48.488, 47.633, 47.554, 47.422, 45.65, 42.145, 38.622, 36.815, 36.167, 33.962, 29.707, 24.884, 21.142, 17.706, 11.698, 5.188, 0.0, 3.812, 10.009, 18.226, 22.13, 23.215, 24.839, 26.842, 27.845, 28.473, 29.262, 29.948, 30.217, 30.383, 31.062, 32.396, 33.921, 35.154, 35.644, 36.262, 37.275, 37.804, 38.001, 38.438, 39.029, 39.834, 40.403, 40.358, 39.694, 39.52, 40.165, 40.308, 40.057, 39.895, 39.766, 39.111, 38.72, 38.92, 39.119, 38.799, 38.489, 38.862, 39.11, 39.097, 39.285, 39.424, 39.071, 38.7, 38.486, 38.388, 38.443, 38.603, 38.845, 38.939, 38.898, 38.845, 38.872, 39.021, 39.202, 39.123, 38.846, 38.871, 39.184, 39.235, 39.265, 39.333, 39.576, 40.067, 40.348, 40.35, 40.217, 40.199, 40.052, 39.455, 38.961, 38.755, 38.619, 38.431, 38.321, 38.527, 38.909, 39.115, 39.151, 39.184, 39.209, 39.167, 39.351, 39.615, 39.494, 39.457, 40.095, 40.875, 41.605, 42.227, 42.571, 43.252, 44.673, 45.805, 46.094, 45.712, 45.264, 44.994, 44.554, 44.36, 44.437, 44.228, 43.992, 44.332, 44.688, 44.471, 44.205, 43.996, 43.613, 43.359, 43.449, 43.848, 44.627, 45.624, 46.169, 45.313, 43.532, 42.788, 42.46, 41.665, 40.927, 41.081, 42.16, 42.894, 43.439, 48.992], [49.058, 48.205, 48.102, 47.955, 46.204, 42.742, 39.255, 37.457, 36.801, 34.621, 30.455, 25.733, 21.973, 18.544, 13.152, 7.886, 3.812, 0.0, 8.157, 17.375, 21.558, 22.583, 24.141, 26.195, 27.257, 27.959, 28.826, 29.55, 29.828, 30.041, 30.823, 32.25, 33.822, 35.067, 35.56, 36.202, 37.25, 37.787, 37.981, 38.421, 39.021, 39.828, 40.39, 40.342, 39.671, 39.494, 40.152, 40.304, 40.048, 39.871, 39.741, 39.094, 38.696, 38.87, 39.069, 38.756, 38.439, 38.801, 39.048, 39.041, 39.253, 39.409, 39.055, 38.669, 38.437, 38.333, 38.396, 38.569, 38.817, 38.906, 38.866, 38.821, 38.855, 39.001, 39.173, 39.089, 38.81, 38.83, 39.14, 39.193, 39.217, 39.278, 39.529, 40.037, 40.325, 40.323, 40.179, 40.159, 40.014, 39.418, 38.951, 38.771, 38.649, 38.459, 38.333, 38.531, 38.911, 39.114, 39.155, 39.196, 39.23, 39.192, 39.37, 39.622, 39.51, 39.498, 40.14, 40.92, 41.655, 42.28, 42.616, 43.289, 44.715, 45.856, 46.15, 45.769, 45.313, 45.028, 44.576, 44.371, 44.434, 44.202, 43.949, 44.289, 44.661, 44.467, 44.213, 44.004, 43.605, 43.341, 43.428, 43.839, 44.646, 45.659, 46.206, 45.356, 43.598, 42.85, 42.496, 41.687, 40.948, 41.119, 42.232, 42.986, 43.582, 49.531], [49.724, 48.846, 48.737, 48.575, 46.775, 43.234, 39.674, 37.876, 37.219, 35.033, 31.077, 26.546, 22.626, 19.382, 15.235, 11.825, 10.009, 8.157, 0.0, 10.566, 15.98, 17.315, 18.827, 21.184, 22.549, 23.518, 24.649, 25.544, 25.863, 26.135, 27.14, 28.891, 30.738, 32.154, 32.698, 33.445, 34.676, 35.294, 35.468, 35.948, 36.82, 38.026, 38.811, 38.74, 37.917, 37.73, 38.568, 38.755, 38.461, 38.304, 38.241, 37.543, 37.026, 37.196, 37.438, 37.111, 36.767, 37.18, 37.466, 37.451, 37.728, 38.0, 37.598, 37.038, 36.675, 36.535, 36.608, 36.804, 37.076, 37.159, 37.112, 37.068, 37.07, 37.185, 37.342, 37.234, 36.922, 36.97, 37.356, 37.457, 37.478, 37.516, 37.786, 38.418, 38.772, 38.746, 38.551, 38.531, 38.382, 37.717, 37.253, 37.13, 37.024, 36.841, 36.742, 37.017, 37.487, 37.713, 37.747, 37.802, 37.858, 37.817, 38.002, 38.275, 38.116, 38.028, 38.711, 39.599, 40.43, 41.131, 41.515, 42.248, 43.792, 45.025, 45.355, 44.973, 44.514, 44.21, 43.721, 43.481, 43.547, 43.324, 43.068, 43.421, 43.79, 43.55, 43.279, 43.041, 42.571, 42.257, 42.345, 42.841, 43.788, 44.894, 45.493, 44.606, 42.693, 41.834, 41.426, 40.532, 39.73, 39.957, 41.199, 42.034, 42.762, 50.162], [51.223, 50.384, 50.302, 50.151, 48.363, 44.848, 41.367, 39.668, 39.039, 36.967, 33.495, 29.567, 25.977, 23.37, 20.9, 19.052, 18.226, 17.375, 10.566, 0.0, 6.804, 9.171, 10.926, 13.688, 15.48, 16.988, 18.74, 19.978, 20.349, 20.778, 22.301, 24.702, 27.026, 28.719, 29.355, 30.245, 31.74, 32.538, 32.75, 33.274, 34.496, 36.304, 37.402, 37.311, 36.603, 36.881, 37.999, 38.189, 37.882, 37.758, 37.769, 37.049, 36.405, 36.521, 36.797, 36.493, 36.099, 36.486, 36.776, 36.772, 37.111, 37.495, 37.09, 36.378, 35.909, 35.764, 35.864, 36.078, 36.364, 36.443, 36.396, 36.346, 36.261, 36.284, 36.386, 36.237, 35.925, 36.068, 36.569, 36.703, 36.676, 36.65, 36.898, 37.605, 38.0, 37.937, 37.708, 37.721, 37.636, 37.031, 36.649, 36.61, 36.536, 36.394, 36.347, 36.663, 37.151, 37.339, 37.327, 37.379, 37.442, 37.374, 37.534, 37.81, 37.639, 37.514, 38.251, 39.227, 40.101, 40.828, 41.263, 42.056, 43.656, 44.908, 45.241, 44.858, 44.389, 44.078, 43.583, 43.306, 43.36, 43.182, 42.956, 43.326, 43.72, 43.512, 43.275, 43.042, 42.535, 42.189, 42.269, 42.804, 43.862, 45.064, 45.709, 44.784, 42.757, 41.841, 41.441, 40.509, 39.634, 39.833, 41.066, 41.908, 42.712, 51.582], [51.99, 51.223, 51.162, 51.02, 49.312, 45.946, 42.625, 41.008, 40.385, 38.429, 35.247, 31.704, 28.516, 26.268, 24.272, 22.79, 22.13, 21.558, 15.98, 6.804, 0.0, 3.71, 7.181, 10.531, 12.322, 14.062, 16.3, 17.757, 18.11, 18.676, 20.61, 23.44, 26.067, 27.961, 28.69, 29.658, 31.298, 32.22, 32.457, 32.988, 34.338, 36.343, 37.519, 37.407, 36.866, 37.503, 38.691, 38.863, 38.578, 38.454, 38.463, 37.778, 37.155, 37.22, 37.481, 37.221, 36.83, 37.148, 37.394, 37.4, 37.723, 38.101, 37.746, 37.068, 36.628, 36.508, 36.627, 36.848, 37.127, 37.209, 37.171, 37.113, 36.984, 36.947, 37.002, 36.82, 36.534, 36.728, 37.257, 37.385, 37.317, 37.26, 37.497, 38.186, 38.569, 38.485, 38.253, 38.27, 38.237, 37.743, 37.418, 37.381, 37.32, 37.213, 37.176, 37.444, 37.855, 37.977, 37.932, 37.97, 38.019, 37.924, 38.037, 38.287, 38.157, 38.079, 38.783, 39.692, 40.504, 41.186, 41.611, 42.372, 43.885, 45.051, 45.355, 44.987, 44.55, 44.283, 43.823, 43.541, 43.579, 43.423, 43.229, 43.609, 44.028, 43.893, 43.703, 43.505, 43.026, 42.684, 42.748, 43.25, 44.306, 45.529, 46.183, 45.28, 43.314, 42.454, 42.106, 41.214, 40.32, 40.43, 41.543, 42.332, 43.114, 52.284], [52.058, 51.331, 51.281, 51.138, 49.469, 46.176, 42.911, 41.284, 40.637, 38.716, 35.614, 32.143, 29.072, 26.949, 25.106, 23.817, 23.215, 22.583, 17.315, 9.171, 3.71, 0.0, 4.999, 9.222, 11.233, 12.967, 15.316, 16.832, 17.15, 17.781, 19.941, 23.007, 25.847, 27.891, 28.67, 29.674, 31.378, 32.321, 32.53, 33.06, 34.435, 36.446, 37.612, 37.498, 36.993, 37.679, 38.863, 39.039, 38.773, 38.633, 38.609, 37.922, 37.326, 37.382, 37.638, 37.384, 36.998, 37.302, 37.533, 37.54, 37.864, 38.24, 37.905, 37.26, 36.844, 36.732, 36.854, 37.075, 37.347, 37.43, 37.391, 37.325, 37.192, 37.139, 37.18, 36.994, 36.718, 36.914, 37.441, 37.568, 37.486, 37.42, 37.666, 38.356, 38.729, 38.639, 38.412, 38.423, 38.395, 37.916, 37.585, 37.536, 37.474, 37.363, 37.307, 37.554, 37.953, 38.065, 38.017, 38.048, 38.09, 37.995, 38.102, 38.344, 38.23, 38.174, 38.858, 39.734, 40.529, 41.198, 41.617, 42.37, 43.858, 44.995, 45.284, 44.913, 44.485, 44.24, 43.792, 43.512, 43.547, 43.39, 43.203, 43.587, 44.011, 43.892, 43.711, 43.528, 43.062, 42.72, 42.775, 43.278, 44.353, 45.599, 46.258, 45.357, 43.408, 42.564, 42.216, 41.319, 40.415, 40.477, 41.542, 42.323, 43.09, 52.317], [52.173, 51.458, 51.412, 51.263, 49.594, 46.311, 43.062, 41.419, 40.747, 38.858, 35.878, 32.512, 29.553, 27.663, 26.233, 25.325, 24.839, 24.141, 18.827, 10.926, 7.181, 4.999, 0.0, 5.137, 8.243, 10.564, 13.182, 14.847, 15.18, 15.914, 18.422, 21.817, 24.842, 26.955, 27.742, 28.762, 30.503, 31.482, 31.716, 32.218, 33.584, 35.692, 36.939, 36.847, 36.453, 37.326, 38.568, 38.752, 38.512, 38.384, 38.359, 37.668, 37.057, 37.112, 37.383, 37.124, 36.703, 36.993, 37.234, 37.254, 37.616, 38.028, 37.711, 37.041, 36.597, 36.47, 36.588, 36.805, 37.076, 37.158, 37.111, 37.031, 36.883, 36.808, 36.828, 36.648, 36.387, 36.604, 37.146, 37.28, 37.194, 37.117, 37.352, 38.048, 38.419, 38.333, 38.13, 38.165, 38.151, 37.686, 37.381, 37.349, 37.284, 37.163, 37.086, 37.318, 37.715, 37.82, 37.761, 37.789, 37.835, 37.758, 37.883, 38.128, 38.015, 37.977, 38.693, 39.595, 40.393, 41.068, 41.504, 42.29, 43.812, 44.96, 45.232, 44.815, 44.352, 44.1, 43.66, 43.384, 43.416, 43.257, 43.064, 43.438, 43.858, 43.755, 43.589, 43.41, 42.933, 42.587, 42.641, 43.152, 44.248, 45.514, 46.176, 45.254, 43.274, 42.411, 42.032, 41.102, 40.188, 40.249, 41.328, 42.12, 42.917, 52.415], [52.52, 51.815, 51.763, 51.611, 49.959, 46.705, 43.508, 41.907, 41.247, 39.419, 36.609, 33.488, 30.749, 29.081, 27.939, 27.248, 26.842, 26.195, 21.184, 13.688, 10.531, 9.222, 5.137, 0.0, 4.281, 7.873, 11.236, 13.142, 13.493, 14.354, 17.232, 20.919, 24.018, 26.133, 26.993, 28.093, 29.887, 30.96, 31.256, 31.699, 33.025, 35.211, 36.523, 36.461, 36.218, 37.337, 38.631, 38.808, 38.605, 38.518, 38.516, 37.866, 37.278, 37.326, 37.598, 37.361, 36.937, 37.205, 37.447, 37.477, 37.837, 38.25, 37.955, 37.29, 36.842, 36.713, 36.839, 37.057, 37.324, 37.405, 37.351, 37.25, 37.064, 36.945, 36.939, 36.772, 36.536, 36.766, 37.31, 37.44, 37.352, 37.274, 37.493, 38.172, 38.541, 38.462, 38.277, 38.331, 38.341, 37.927, 37.665, 37.643, 37.577, 37.455, 37.375, 37.586, 37.933, 37.999, 37.93, 37.971, 38.027, 37.953, 38.06, 38.284, 38.186, 38.185, 38.929, 39.832, 40.606, 41.27, 41.711, 42.502, 44.003, 45.126, 45.377, 44.93, 44.458, 44.215, 43.794, 43.529, 43.55, 43.38, 43.176, 43.518, 43.925, 43.855, 43.703, 43.52, 43.028, 42.686, 42.743, 43.223, 44.273, 45.515, 46.17, 45.25, 43.273, 42.409, 42.03, 41.114, 40.227, 40.309, 41.383, 42.154, 42.968, 52.747], [52.722, 52.024, 51.965, 51.82, 50.201, 47.0, 43.864, 42.318, 41.682, 39.904, 37.207, 34.273, 31.693, 30.062, 28.918, 28.232, 27.845, 27.257, 22.549, 15.48, 12.322, 11.233, 8.243, 4.281, 0.0, 4.746, 9.361, 11.741, 12.116, 13.133, 16.408, 20.341, 23.507, 25.674, 26.679, 27.934, 29.823, 30.959, 31.286, 31.717, 33.037, 35.225, 36.529, 36.467, 36.26, 37.463, 38.783, 38.956, 38.768, 38.706, 38.721, 38.101, 37.554, 37.613, 37.876, 37.662, 37.266, 37.521, 37.751, 37.776, 38.113, 38.514, 38.24, 37.6, 37.175, 37.059, 37.184, 37.386, 37.637, 37.715, 37.66, 37.542, 37.325, 37.187, 37.18, 37.03, 36.801, 37.024, 37.556, 37.688, 37.604, 37.532, 37.763, 38.439, 38.81, 38.733, 38.554, 38.613, 38.637, 38.252, 37.996, 37.963, 37.901, 37.782, 37.693, 37.875, 38.184, 38.231, 38.161, 38.211, 38.277, 38.202, 38.282, 38.487, 38.407, 38.435, 39.19, 40.088, 40.847, 41.497, 41.932, 42.704, 44.17, 45.261, 45.503, 45.059, 44.597, 44.36, 43.94, 43.675, 43.693, 43.516, 43.296, 43.613, 44.015, 43.966, 43.823, 43.637, 43.136, 42.792, 42.855, 43.32, 44.334, 45.551, 46.2, 45.283, 43.291, 42.4, 42.027, 41.136, 40.273, 40.365, 41.419, 42.168, 42.982, 52.931], [52.717, 52.027, 51.98, 51.857, 50.259, 47.075, 43.97, 42.452, 41.82, 40.067, 37.443, 34.597, 32.092, 30.485, 29.375, 28.779, 28.473, 27.959, 23.518, 16.988, 14.062, 12.967, 10.564, 7.873, 4.746, 0.0, 5.622, 8.748, 9.305, 10.487, 14.346, 18.71, 22.095, 24.417, 25.552, 26.942, 28.984, 30.198, 30.56, 31.033, 32.389, 34.619, 35.958, 35.886, 35.677, 36.974, 38.377, 38.564, 38.387, 38.334, 38.356, 37.718, 37.165, 37.246, 37.516, 37.304, 36.909, 37.159, 37.382, 37.399, 37.743, 38.194, 37.966, 37.344, 36.924, 36.8, 36.899, 37.073, 37.31, 37.389, 37.334, 37.203, 36.961, 36.816, 36.823, 36.679, 36.437, 36.65, 37.178, 37.323, 37.245, 37.178, 37.427, 38.116, 38.492, 38.421, 38.243, 38.304, 38.332, 37.933, 37.653, 37.617, 37.565, 37.454, 37.353, 37.518, 37.822, 37.871, 37.799, 37.85, 37.926, 37.854, 37.93, 38.133, 38.052, 38.086, 38.88, 39.823, 40.605, 41.257, 41.696, 42.481, 43.968, 45.072, 45.32, 44.875, 44.401, 44.153, 43.712, 43.428, 43.449, 43.284, 43.05, 43.345, 43.742, 43.692, 43.553, 43.363, 42.846, 42.495, 42.568, 43.056, 44.087, 45.317, 45.987, 45.065, 43.011, 42.076, 41.706, 40.818, 39.957, 40.058, 41.119, 41.872, 42.695, 52.891], [52.679, 52.003, 51.987, 51.895, 50.299, 47.094, 43.982, 42.464, 41.812, 40.061, 37.502, 34.717, 32.262, 30.758, 29.827, 29.439, 29.262, 28.826, 24.649, 18.74, 16.3, 15.316, 13.182, 11.236, 9.361, 5.622, 0.0, 3.798, 4.981, 6.548, 11.14, 16.076, 19.799, 22.359, 23.622, 25.11, 27.325, 28.669, 29.094, 29.591, 30.978, 33.328, 34.766, 34.691, 34.494, 35.977, 37.556, 37.785, 37.638, 37.61, 37.643, 36.975, 36.382, 36.476, 36.762, 36.545, 36.132, 36.395, 36.626, 36.646, 37.052, 37.615, 37.449, 36.839, 36.407, 36.248, 36.309, 36.463, 36.706, 36.796, 36.738, 36.592, 36.321, 36.154, 36.155, 36.006, 35.748, 35.963, 36.501, 36.651, 36.567, 36.488, 36.722, 37.415, 37.798, 37.728, 37.543, 37.604, 37.632, 37.209, 36.912, 36.891, 36.86, 36.757, 36.656, 36.837, 37.163, 37.216, 37.136, 37.184, 37.258, 37.175, 37.245, 37.442, 37.334, 37.367, 38.23, 39.239, 40.061, 40.736, 41.199, 42.037, 43.573, 44.696, 44.957, 44.511, 44.027, 43.768, 43.3, 42.986, 43.009, 42.865, 42.624, 42.904, 43.288, 43.216, 43.062, 42.856, 42.308, 41.939, 42.024, 42.545, 43.599, 44.844, 45.549, 44.632, 42.518, 41.573, 41.225, 40.344, 39.482, 39.584, 40.658, 41.428, 42.274, 52.824], [52.705, 52.048, 52.056, 51.98, 50.398, 47.217, 44.141, 42.635, 41.964, 40.229, 37.742, 35.013, 32.585, 31.141, 30.331, 30.06, 29.948, 29.55, 25.544, 19.978, 17.757, 16.832, 14.847, 13.142, 11.741, 8.748, 3.798, 0.0, 2.141, 4.889, 9.972, 15.069, 18.901, 21.583, 22.935, 24.46, 26.718, 28.111, 28.56, 29.041, 30.417, 32.81, 34.277, 34.195, 34.012, 35.599, 37.263, 37.511, 37.383, 37.373, 37.408, 36.736, 36.149, 36.253, 36.545, 36.331, 35.932, 36.209, 36.441, 36.462, 36.9, 37.514, 37.38, 36.783, 36.346, 36.166, 36.205, 36.356, 36.607, 36.703, 36.646, 36.498, 36.211, 36.025, 36.018, 35.866, 35.61, 35.833, 36.369, 36.51, 36.413, 36.32, 36.526, 37.201, 37.582, 37.508, 37.318, 37.374, 37.401, 36.985, 36.698, 36.689, 36.668, 36.565, 36.467, 36.662, 36.998, 37.051, 36.965, 37.01, 37.075, 36.973, 37.032, 37.215, 37.09, 37.118, 38.002, 39.019, 39.848, 40.532, 41.006, 41.862, 43.404, 44.521, 44.783, 44.356, 43.904, 43.659, 43.182, 42.854, 42.877, 42.747, 42.513, 42.785, 43.153, 43.064, 42.899, 42.691, 42.129, 41.739, 41.825, 42.357, 43.405, 44.633, 45.341, 44.435, 42.323, 41.398, 41.075, 40.214, 39.359, 39.445, 40.498, 41.267, 42.125, 52.83], [52.705, 52.065, 52.089, 52.03, 50.465, 47.312, 44.268, 42.776, 42.099, 40.373, 37.926, 35.227, 32.795, 31.34, 30.54, 30.3, 30.217, 29.828, 25.863, 20.349, 18.11, 17.15, 15.18, 13.493, 12.116, 9.305, 4.981, 2.141, 0.0, 3.856, 9.634, 14.953, 18.857, 21.617, 23.032, 24.554, 26.791, 28.18, 28.619, 29.083, 30.438, 32.82, 34.282, 34.197, 34.027, 35.645, 37.309, 37.548, 37.418, 37.417, 37.465, 36.8, 36.217, 36.32, 36.618, 36.415, 36.028, 36.305, 36.529, 36.548, 36.984, 37.594, 37.466, 36.864, 36.421, 36.242, 36.281, 36.433, 36.685, 36.78, 36.725, 36.579, 36.285, 36.088, 36.081, 35.939, 35.696, 35.923, 36.45, 36.582, 36.479, 36.382, 36.578, 37.24, 37.617, 37.546, 37.361, 37.42, 37.451, 37.04, 36.755, 36.744, 36.72, 36.615, 36.516, 36.701, 37.025, 37.073, 36.984, 37.022, 37.084, 36.982, 37.037, 37.217, 37.092, 37.129, 38.014, 39.019, 39.84, 40.522, 40.999, 41.859, 43.399, 44.505, 44.764, 44.351, 43.921, 43.683, 43.207, 42.879, 42.901, 42.776, 42.555, 42.831, 43.196, 43.104, 42.928, 42.713, 42.154, 41.765, 41.851, 42.377, 43.409, 44.622, 45.33, 44.432, 42.32, 41.384, 41.064, 40.209, 39.349, 39.43, 40.479, 41.247, 42.109, 52.819], [52.618, 51.982, 52.018, 51.995, 50.472, 47.321, 44.261, 42.753, 42.061, 40.312, 37.855, 35.161, 32.763, 31.371, 30.603, 30.403, 30.383, 30.041, 26.135, 20.778, 18.676, 17.781, 15.914, 14.354, 13.133, 10.487, 6.548, 4.889, 3.856, 0.0, 6.459, 12.522, 16.953, 20.126, 21.808, 23.431, 25.769, 27.266, 27.722, 28.162, 29.595, 32.15, 33.716, 33.628, 33.454, 35.188, 36.954, 37.209, 37.085, 37.112, 37.181, 36.52, 35.944, 36.056, 36.358, 36.174, 35.832, 36.16, 36.406, 36.421, 36.859, 37.48, 37.341, 36.722, 36.277, 36.103, 36.145, 36.298, 36.549, 36.648, 36.592, 36.428, 36.099, 35.881, 35.886, 35.77, 35.529, 35.765, 36.323, 36.477, 36.386, 36.288, 36.471, 37.128, 37.508, 37.445, 37.259, 37.325, 37.363, 36.919, 36.592, 36.568, 36.549, 36.456, 36.363, 36.541, 36.85, 36.882, 36.782, 36.817, 36.864, 36.739, 36.786, 36.97, 36.845, 36.904, 37.804, 38.81, 39.642, 40.348, 40.843, 41.719, 43.265, 44.369, 44.622, 44.205, 43.786, 43.568, 43.097, 42.764, 42.793, 42.679, 42.454, 42.723, 43.084, 42.982, 42.792, 42.559, 41.993, 41.612, 41.7, 42.228, 43.256, 44.474, 45.208, 44.331, 42.184, 41.21, 40.891, 40.045, 39.168, 39.234, 40.305, 41.09, 41.963, 52.72], [52.408, 51.76, 51.779, 51.784, 50.335, 47.224, 44.189, 42.671, 41.957, 40.21, 37.827, 35.249, 33.043, 31.866, 31.19, 31.01, 31.062, 30.823, 27.14, 22.301, 20.61, 19.941, 18.422, 17.232, 16.408, 14.346, 11.14, 9.972, 9.634, 6.459, 0.0, 6.907, 12.49, 16.779, 19.124, 21.042, 23.695, 25.48, 25.972, 26.35, 28.022, 31.006, 32.786, 32.687, 32.472, 34.351, 36.283, 36.573, 36.464, 36.541, 36.626, 35.968, 35.454, 35.618, 35.907, 35.763, 35.565, 36.052, 36.362, 36.375, 36.817, 37.459, 37.303, 36.669, 36.233, 36.067, 36.115, 36.27, 36.522, 36.635, 36.589, 36.392, 36.011, 35.777, 35.792, 35.682, 35.431, 35.683, 36.285, 36.475, 36.411, 36.302, 36.433, 37.049, 37.418, 37.364, 37.171, 37.237, 37.281, 36.811, 36.433, 36.387, 36.393, 36.323, 36.257, 36.455, 36.759, 36.776, 36.674, 36.703, 36.707, 36.515, 36.535, 36.716, 36.585, 36.647, 37.538, 38.521, 39.365, 40.105, 40.614, 41.487, 43.008, 44.081, 44.316, 43.91, 43.546, 43.396, 42.944, 42.594, 42.654, 42.587, 42.354, 42.595, 42.927, 42.796, 42.593, 42.346, 41.777, 41.404, 41.496, 42.024, 43.041, 44.265, 45.037, 44.193, 42.02, 41.025, 40.726, 39.906, 39.001, 38.99, 40.052, 40.85, 41.715, 52.49], [52.136, 51.471, 51.451, 51.452, 50.07, 47.061, 44.177, 42.757, 42.047, 40.349, 38.182, 35.897, 34.001, 33.054, 32.481, 32.302, 32.396, 32.25, 28.891, 24.702, 23.44, 23.007, 21.817, 20.919, 20.341, 18.71, 16.076, 15.069, 14.953, 12.522, 6.907, 0.0, 6.809, 12.834, 16.229, 18.489, 21.527, 23.737, 24.294, 24.628, 26.691, 30.209, 32.221, 32.116, 31.852, 33.803, 35.828, 36.129, 36.036, 36.152, 36.244, 35.619, 35.222, 35.464, 35.729, 35.614, 35.6, 36.277, 36.665, 36.684, 37.11, 37.721, 37.529, 36.89, 36.47, 36.317, 36.366, 36.518, 36.766, 36.89, 36.859, 36.644, 36.245, 36.02, 36.036, 35.913, 35.658, 35.916, 36.518, 36.728, 36.707, 36.598, 36.663, 37.206, 37.551, 37.522, 37.349, 37.415, 37.464, 36.998, 36.596, 36.53, 36.567, 36.514, 36.473, 36.707, 37.007, 37.01, 36.914, 36.945, 36.92, 36.683, 36.673, 36.841, 36.706, 36.755, 37.61, 38.541, 39.354, 40.084, 40.591, 41.447, 42.903, 43.898, 44.097, 43.707, 43.404, 43.317, 42.877, 42.513, 42.611, 42.613, 42.393, 42.607, 42.895, 42.719, 42.503, 42.249, 41.695, 41.353, 41.451, 41.963, 42.959, 44.188, 44.991, 44.184, 42.031, 41.044, 40.781, 39.991, 39.061, 38.975, 40.017, 40.808, 41.646, 52.196], [51.888, 51.208, 51.158, 51.137, 49.771, 46.866, 44.213, 43.014, 42.356, 40.709, 38.786, 36.877, 35.28, 34.463, 33.962, 33.804, 33.921, 33.822, 30.738, 27.026, 26.067, 25.847, 24.842, 24.018, 23.507, 22.095, 19.799, 18.901, 18.857, 16.953, 12.49, 6.809, 0.0, 7.455, 12.34, 15.26, 18.673, 21.39, 22.121, 22.506, 25.069, 29.179, 31.455, 31.386, 31.146, 33.262, 35.424, 35.727, 35.644, 35.823, 35.95, 35.375, 35.068, 35.373, 35.622, 35.51, 35.628, 36.449, 36.9, 36.929, 37.333, 37.89, 37.649, 37.012, 36.622, 36.492, 36.534, 36.666, 36.903, 37.033, 37.01, 36.789, 36.411, 36.221, 36.242, 36.122, 35.871, 36.121, 36.717, 36.946, 36.963, 36.874, 36.916, 37.416, 37.755, 37.764, 37.625, 37.706, 37.764, 37.286, 36.857, 36.772, 36.828, 36.783, 36.753, 37.013, 37.311, 37.31, 37.233, 37.288, 37.282, 37.061, 37.038, 37.185, 37.046, 37.085, 37.918, 38.811, 39.586, 40.277, 40.772, 41.626, 43.022, 43.942, 44.1, 43.688, 43.375, 43.279, 42.829, 42.465, 42.581, 42.609, 42.379, 42.561, 42.831, 42.641, 42.432, 42.176, 41.631, 41.307, 41.403, 41.9, 42.892, 44.135, 44.952, 44.177, 42.076, 41.113, 40.888, 40.128, 39.195, 39.108, 40.158, 40.935, 41.765, 51.941], [51.791, 51.113, 51.064, 51.017, 49.633, 46.792, 44.294, 43.282, 42.722, 41.126, 39.313, 37.685, 36.328, 35.577, 35.12, 35.015, 35.154, 35.067, 32.154, 28.719, 27.961, 27.891, 26.955, 26.133, 25.674, 24.417, 22.359, 21.583, 21.617, 20.126, 16.779, 12.834, 7.455, 0.0, 6.487, 11.13, 15.472, 18.657, 19.6, 20.155, 23.191, 27.808, 30.326, 30.343, 30.308, 32.792, 35.158, 35.46, 35.383, 35.64, 35.83, 35.316, 35.062, 35.409, 35.669, 35.527, 35.637, 36.494, 36.99, 37.054, 37.475, 38.0, 37.742, 37.137, 36.787, 36.673, 36.705, 36.814, 37.034, 37.156, 37.131, 36.914, 36.587, 36.459, 36.505, 36.402, 36.137, 36.334, 36.892, 37.104, 37.117, 37.059, 37.135, 37.627, 37.969, 38.002, 37.883, 37.972, 38.023, 37.532, 37.121, 37.061, 37.14, 37.106, 37.085, 37.341, 37.626, 37.63, 37.569, 37.644, 37.683, 37.537, 37.538, 37.674, 37.54, 37.595, 38.45, 39.351, 40.116, 40.783, 41.25, 42.084, 43.463, 44.384, 44.536, 44.078, 43.687, 43.523, 43.064, 42.718, 42.828, 42.832, 42.58, 42.754, 43.057, 42.898, 42.693, 42.415, 41.861, 41.552, 41.648, 42.116, 43.077, 44.291, 45.088, 44.35, 42.339, 41.384, 41.135, 40.374, 39.472, 39.486, 40.602, 41.367, 42.198, 51.85], [51.563, 50.899, 50.88, 50.83, 49.424, 46.589, 44.112, 43.155, 42.668, 41.133, 39.351, 37.85, 36.666, 35.99, 35.541, 35.475, 35.644, 35.56, 32.698, 29.355, 28.69, 28.67, 27.742, 26.993, 26.679, 25.552, 23.622, 22.935, 23.032, 21.808, 19.124, 16.229, 12.34, 6.487, 0.0, 6.524, 12.784, 16.636, 17.637, 18.352, 21.745, 26.598, 29.221, 29.333, 29.581, 32.41, 34.882, 35.172, 35.113, 35.411, 35.651, 35.224, 35.049, 35.43, 35.72, 35.538, 35.549, 36.373, 36.904, 37.02, 37.481, 38.039, 37.83, 37.252, 36.914, 36.814, 36.844, 36.943, 37.152, 37.256, 37.219, 37.014, 36.721, 36.628, 36.683, 36.578, 36.268, 36.386, 36.879, 37.068, 37.075, 37.037, 37.147, 37.658, 38.018, 38.055, 37.935, 38.013, 38.039, 37.56, 37.192, 37.149, 37.235, 37.218, 37.197, 37.441, 37.727, 37.738, 37.672, 37.732, 37.793, 37.704, 37.74, 37.881, 37.74, 37.795, 38.676, 39.603, 40.376, 41.034, 41.48, 42.289, 43.684, 44.655, 44.832, 44.344, 43.874, 43.639, 43.169, 42.832, 42.935, 42.932, 42.698, 42.912, 43.265, 4