[[0.0, 6.545, 14.746, 20.929, 23.596, 24.682, 25.431, 26.229, 26.913, 27.601, 28.271, 28.648, 29.085, 29.935, 30.806, 32.467, 35.105, 37.428, 38.19, 38.064, 38.329, 39.05, 39.591, 39.77, 39.913, 40.248, 40.516, 40.368, 40.039, 39.48, 38.91, 39.379, 40.445, 40.781, 40.269, 39.626, 39.135, 38.979, 39.407, 39.921, 39.318, 38.349, 38.154, 38.501, 38.97, 39.261, 39.261, 38.964, 38.724, 38.604, 38.851, 39.249, 39.089, 38.536, 38.21, 37.6, 36.503, 35.438, 34.962, 34.942, 35.029, 35.296, 35.794, 36.684, 37.832, 38.609, 38.918, 39.033, 39.276, 40.204, 41.794, 42.354, 40.901, 39.204, 38.408, 38.415, 38.538, 38.773, 38.849, 36.876, 38.132, 40.979, 41.082, 41.515, 45.805, 49.166, 49.032, 47.232, 46.196, 45.888, 45.691, 45.236, 44.791, 44.565, 44.318, 44.182, 44.244, 44.199, 44.007, 43.871, 43.761, 43.641, 43.447, 43.1, 42.402, 41.346, 39.377, 37.323, 37.833, 38.258, 37.064, 35.831, 36.182, 36.341, 35.568, 35.464, 35.683, 35.628, 35.32, 35.176, 35.247, 35.302, 35.456, 35.501, 35.348, 35.153, 35.09, 35.016, 34.749, 34.504, 34.449, 34.675, 35.091, 35.429, 35.623, 35.71, 36.134, 36.746, 36.82, 36.47, 36.403, 36.704, 37.411, 37.809, 37.677, 37.859, 38.238, 38.173, 37.958, 38.519, 38.924, 38.497, 38.644, 40.848, 43.762, 44.809, 44.466, 44.478, 45.197, 45.801, 45.71, 45.013, 44.664, 44.409, 43.044, 41.214, 40.497, 40.289, 39.112, 38.017, 37.863, 37.785, 37.287, 37.084, 37.507, 38.044, 38.359, 38.314, 38.227, 38.225, 37.974, 37.593, 37.712, 38.614, 39.724, 40.455, 40.822, 40.901, 41.124, 41.163, 40.723, 40.456, 40.646, 40.926, 40.817, 40.031, 38.869, 38.401, 38.853, 38.949, 38.105, 37.138, 36.702, 36.694, 36.412, 35.772, 35.34, 35.543, 35.84, 35.906, 35.889, 36.107, 36.536, 37.012, 37.386, 37.604, 37.279, 36.448, 36.021, 36.169, 36.571, 36.717, 36.537, 36.524, 36.91, 37.338, 37.535, 37.791, 37.856, 4.804], [6.545, 0.0, 9.331, 16.731, 20.141, 21.574, 22.486, 23.401, 24.218, 25.074, 25.905, 26.379, 26.886, 27.84, 28.922, 30.983, 34.036, 36.615, 37.458, 37.366, 37.713, 38.553, 39.173, 39.376, 39.528, 39.898, 40.176, 39.999, 39.623, 38.981, 38.34, 38.849, 39.983, 40.326, 39.79, 39.118, 38.586, 38.395, 38.845, 39.403, 38.762, 37.701, 37.474, 37.849, 38.382, 38.715, 38.702, 38.351, 38.059, 37.918, 38.185, 38.606, 38.426, 37.816, 37.454, 36.807, 35.647, 34.571, 34.13, 34.141, 34.251, 34.549, 35.095, 36.064, 37.297, 38.113, 38.404, 38.499, 38.779, 39.813, 41.513, 42.108, 40.58, 38.758, 37.902, 37.929, 38.081, 38.335, 38.387, 36.224, 37.529, 40.568, 40.672, 41.085, 45.569, 49.115, 49.016, 47.14, 46.034, 45.696, 45.479, 44.994, 44.517, 44.27, 44.007, 43.861, 43.925, 43.882, 43.682, 43.542, 43.429, 43.293, 43.078, 42.714, 41.987, 40.87, 38.754, 36.531, 37.093, 37.554, 36.276, 34.951, 35.341, 35.517, 34.675, 34.521, 34.763, 34.698, 34.345, 34.19, 34.279, 34.354, 34.529, 34.585, 34.421, 34.203, 34.131, 34.055, 33.764, 33.492, 33.437, 33.684, 34.157, 34.574, 34.814, 34.889, 35.328, 35.995, 36.075, 35.675, 35.591, 35.931, 36.712, 37.152, 37.042, 37.287, 37.732, 37.674, 37.405, 37.975, 38.387, 37.924, 38.117, 40.487, 43.522, 44.605, 44.227, 44.23, 44.993, 45.623, 45.521, 44.799, 44.431, 44.142, 42.675, 40.724, 39.957, 39.73, 38.467, 37.257, 37.062, 36.983, 36.45, 36.224, 36.677, 37.234, 37.55, 37.505, 37.422, 37.435, 37.197, 36.798, 36.913, 37.857, 39.011, 39.773, 40.167, 40.262, 40.509, 40.564, 40.11, 39.826, 40.022, 40.317, 40.204, 39.388, 38.195, 37.726, 38.211, 38.304, 37.386, 36.331, 35.864, 35.866, 35.569, 34.864, 34.349, 34.52, 34.824, 34.912, 34.915, 35.142, 35.544, 36.009, 36.417, 36.666, 36.327, 35.436, 34.984, 35.151, 35.577, 35.72, 35.522, 35.527, 35.961, 36.421, 36.625, 36.904, 36.987, 9.39], [14.746, 9.331, 0.0, 8.964, 13.962, 16.355, 17.797, 19.068, 20.266, 21.578, 22.821, 23.565, 24.262, 25.455, 26.923, 29.504, 33.009, 35.86, 36.801, 36.759, 37.218, 38.21, 38.933, 39.186, 39.363, 39.751, 39.993, 39.755, 39.34, 38.653, 37.972, 38.507, 39.665, 39.992, 39.448, 38.772, 38.225, 38.021, 38.49, 39.08, 38.402, 37.259, 36.998, 37.391, 37.972, 38.325, 38.282, 37.876, 37.557, 37.414, 37.704, 38.152, 37.978, 37.345, 36.974, 36.32, 35.163, 34.192, 33.859, 33.921, 34.042, 34.346, 34.899, 35.888, 37.147, 37.988, 38.272, 38.326, 38.59, 39.698, 41.507, 42.147, 40.554, 38.634, 37.746, 37.81, 37.999, 38.256, 38.262, 35.921, 37.265, 40.462, 40.559, 40.897, 45.483, 49.162, 49.091, 47.158, 45.979, 45.604, 45.373, 44.882, 44.392, 44.13, 43.844, 43.684, 43.751, 43.715, 43.507, 43.353, 43.225, 43.071, 42.845, 42.477, 41.734, 40.574, 38.354, 36.019, 36.614, 37.1, 35.781, 34.418, 34.844, 35.048, 34.147, 33.921, 34.176, 34.093, 33.691, 33.538, 33.648, 33.745, 33.937, 34.002, 33.835, 33.595, 33.515, 33.44, 33.108, 32.788, 32.718, 32.98, 33.517, 34.028, 34.325, 34.407, 34.871, 35.585, 35.664, 35.225, 35.132, 35.492, 36.311, 36.768, 36.679, 36.995, 37.508, 37.448, 37.109, 37.67, 38.08, 37.6, 37.865, 40.353, 43.446, 44.547, 44.149, 44.167, 44.979, 45.627, 45.514, 44.78, 44.389, 44.053, 42.483, 40.448, 39.656, 39.398, 38.058, 36.784, 36.573, 36.48, 35.913, 35.682, 36.168, 36.738, 37.046, 36.992, 36.911, 36.955, 36.76, 36.371, 36.49, 37.452, 38.615, 39.381, 39.777, 39.86, 40.109, 40.174, 39.695, 39.371, 39.557, 39.865, 39.751, 38.925, 37.739, 37.298, 37.81, 37.892, 36.928, 35.834, 35.371, 35.392, 35.091, 34.337, 33.724, 33.827, 34.111, 34.232, 34.283, 34.526, 34.883, 35.296, 35.698, 35.958, 35.602, 34.67, 34.213, 34.404, 34.853, 34.982, 34.758, 34.773, 35.239, 35.713, 35.92, 36.22, 36.31, 16.062], [20.929, 16.731, 8.964, 0.0, 6.553, 10.585, 13.177, 15.061, 16.755, 18.642, 20.445, 21.584, 22.54, 24.07, 25.963, 28.83, 32.479, 35.432, 36.429, 36.432, 36.983, 38.089, 38.894, 39.198, 39.407, 39.811, 40.032, 39.758, 39.336, 38.672, 38.039, 38.606, 39.741, 40.032, 39.487, 38.824, 38.294, 38.109, 38.586, 39.162, 38.475, 37.338, 37.098, 37.502, 38.06, 38.397, 38.34, 37.921, 37.615, 37.496, 37.793, 38.256, 38.111, 37.514, 37.16, 36.486, 35.332, 34.464, 34.223, 34.304, 34.406, 34.682, 35.193, 36.135, 37.367, 38.219, 38.519, 38.546, 38.771, 39.881, 41.718, 42.366, 40.759, 38.827, 37.941, 38.021, 38.212, 38.444, 38.414, 36.056, 37.424, 40.64, 40.724, 41.002, 45.53, 49.179, 49.109, 47.195, 46.007, 45.614, 45.385, 44.916, 44.443, 44.189, 43.9, 43.736, 43.806, 43.778, 43.571, 43.404, 43.258, 43.093, 42.872, 42.518, 41.791, 40.646, 38.451, 36.141, 36.73, 37.216, 35.918, 34.568, 34.991, 35.236, 34.33, 34.066, 34.321, 34.232, 33.819, 33.663, 33.771, 33.87, 34.067, 34.134, 33.974, 33.739, 33.671, 33.605, 33.249, 32.902, 32.818, 33.063, 33.598, 34.111, 34.404, 34.483, 34.941, 35.642, 35.726, 35.312, 35.236, 35.578, 36.375, 36.827, 36.762, 37.115, 37.638, 37.564, 37.208, 37.771, 38.181, 37.715, 38.031, 40.533, 43.599, 44.693, 44.307, 44.363, 45.196, 45.814, 45.652, 44.894, 44.49, 44.131, 42.541, 40.513, 39.725, 39.45, 38.115, 36.874, 36.655, 36.519, 35.937, 35.725, 36.226, 36.796, 37.109, 37.063, 36.996, 37.106, 37.036, 36.722, 36.83, 37.765, 38.905, 39.649, 40.027, 40.095, 40.344, 40.419, 39.926, 39.58, 39.769, 40.095, 39.989, 39.171, 37.991, 37.536, 38.019, 38.087, 37.124, 36.04, 35.595, 35.632, 35.363, 34.638, 33.992, 34.033, 34.295, 34.43, 34.494, 34.722, 35.045, 35.425, 35.825, 36.075, 35.72, 34.806, 34.376, 34.58, 35.041, 35.172, 34.938, 34.95, 35.416, 35.87, 36.055, 36.346, 36.411, 21.636], [23.596, 20.141, 13.962, 6.553, 0.0, 5.426, 9.806, 12.76, 14.93, 17.219, 19.517, 21.051, 22.238, 23.992, 26.078, 28.939, 32.504, 35.429, 36.429, 36.45, 37.025, 38.154, 38.986, 39.317, 39.544, 39.962, 40.19, 39.911, 39.488, 38.861, 38.318, 38.931, 40.037, 40.298, 39.754, 39.106, 38.597, 38.435, 38.916, 39.477, 38.812, 37.723, 37.511, 37.906, 38.402, 38.692, 38.623, 38.22, 37.939, 37.841, 38.129, 38.583, 38.457, 37.905, 37.57, 36.882, 35.742, 34.93, 34.721, 34.804, 34.895, 35.143, 35.616, 36.517, 37.715, 38.55, 38.845, 38.865, 39.068, 40.139, 41.927, 42.555, 40.98, 39.103, 38.233, 38.294, 38.469, 38.682, 38.64, 36.349, 37.728, 40.896, 40.966, 41.239, 45.673, 49.223, 49.145, 47.286, 46.137, 45.751, 45.527, 45.07, 44.603, 44.354, 44.076, 43.92, 43.987, 43.958, 43.756, 43.586, 43.43, 43.263, 43.049, 42.71, 42.005, 40.9, 38.789, 36.576, 37.153, 37.613, 36.361, 35.077, 35.477, 35.728, 34.843, 34.588, 34.839, 34.749, 34.356, 34.21, 34.305, 34.388, 34.582, 34.648, 34.49, 34.259, 34.191, 34.133, 33.799, 33.465, 33.371, 33.594, 34.099, 34.576, 34.846, 34.932, 35.377, 36.036, 36.122, 35.741, 35.671, 35.983, 36.724, 37.151, 37.101, 37.461, 37.973, 37.891, 37.518, 38.039, 38.442, 37.986, 38.283, 40.73, 43.739, 44.819, 44.455, 44.536, 45.363, 45.952, 45.752, 44.976, 44.579, 44.241, 42.697, 40.721, 39.951, 39.677, 38.383, 37.209, 36.995, 36.82, 36.236, 36.045, 36.545, 37.115, 37.438, 37.405, 37.364, 37.544, 37.571, 37.317, 37.425, 38.335, 39.438, 40.146, 40.494, 40.545, 40.786, 40.854, 40.356, 40.021, 40.232, 40.564, 40.456, 39.643, 38.472, 37.993, 38.428, 38.49, 37.562, 36.513, 36.076, 36.11, 35.867, 35.198, 34.588, 34.62, 34.879, 35.013, 35.055, 35.257, 35.556, 35.917, 36.311, 36.549, 36.199, 35.319, 34.918, 35.119, 35.568, 35.703, 35.495, 35.522, 35.973, 36.407, 36.594, 36.889, 36.942, 24.137], [24.682, 21.574, 16.355, 10.585, 5.426, 0.0, 5.805, 10.237, 13.305, 16.074, 18.784, 20.659, 22.058, 23.994, 26.199, 29.039, 32.517, 35.387, 36.374, 36.405, 36.998, 38.142, 38.982, 39.32, 39.56, 39.999, 40.246, 39.974, 39.553, 38.96, 38.501, 39.158, 40.24, 40.478, 39.936, 39.294, 38.788, 38.637, 39.123, 39.678, 39.023, 37.956, 37.746, 38.113, 38.569, 38.836, 38.763, 38.379, 38.125, 38.046, 38.326, 38.763, 38.636, 38.104, 37.785, 37.108, 36.004, 35.225, 35.024, 35.111, 35.208, 35.46, 35.926, 36.815, 37.996, 38.811, 39.096, 39.112, 39.3, 40.337, 42.084, 42.704, 41.171, 39.34, 38.474, 38.515, 38.687, 38.9, 38.855, 36.602, 37.996, 41.121, 41.185, 41.473, 45.811, 49.272, 49.194, 47.375, 46.246, 45.867, 45.65, 45.201, 44.732, 44.477, 44.204, 44.052, 44.113, 44.079, 43.882, 43.723, 43.576, 43.414, 43.205, 42.872, 42.179, 41.094, 39.032, 36.87, 37.451, 37.905, 36.691, 35.472, 35.874, 36.115, 35.247, 34.998, 35.234, 35.137, 34.754, 34.61, 34.693, 34.76, 34.95, 35.02, 34.865, 34.63, 34.544, 34.475, 34.154, 33.829, 33.725, 33.927, 34.408, 34.868, 35.13, 35.219, 35.653, 36.278, 36.345, 35.976, 35.912, 36.217, 36.931, 37.35, 37.312, 37.665, 38.172, 38.101, 37.727, 38.223, 38.629, 38.174, 38.43, 40.815, 43.768, 44.832, 44.488, 44.58, 45.4, 45.978, 45.765, 44.981, 44.588, 44.268, 42.763, 40.832, 40.075, 39.802, 38.545, 37.414, 37.197, 37.002, 36.422, 36.236, 36.72, 37.281, 37.601, 37.569, 37.545, 37.768, 37.836, 37.612, 37.712, 38.593, 39.67, 40.357, 40.685, 40.728, 40.97, 41.039, 40.549, 40.233, 40.457, 40.784, 40.668, 39.86, 38.708, 38.237, 38.656, 38.713, 37.815, 36.793, 36.353, 36.379, 36.15, 35.514, 34.938, 34.98, 35.242, 35.369, 35.398, 35.591, 35.874, 36.222, 36.609, 36.828, 36.473, 35.618, 35.234, 35.419, 35.856, 36.006, 35.823, 35.851, 36.281, 36.7, 36.897, 37.209, 37.268, 25.195], [25.431, 22.486, 17.797, 13.177, 9.806, 5.805, 0.0, 5.667, 10.212, 13.908, 17.036, 19.231, 20.948, 23.135, 25.513, 28.502, 32.078, 34.984, 35.971, 36.01, 36.642, 37.838, 38.7, 39.035, 39.286, 39.757, 40.034, 39.777, 39.367, 38.801, 38.38, 39.066, 40.15, 40.386, 39.854, 39.213, 38.697, 38.555, 39.055, 39.601, 38.927, 37.846, 37.621, 37.961, 38.42, 38.709, 38.655, 38.286, 38.05, 37.989, 38.277, 38.705, 38.565, 38.02, 37.696, 37.014, 35.917, 35.163, 35.004, 35.131, 35.242, 35.507, 35.99, 36.891, 38.08, 38.898, 39.187, 39.202, 39.383, 40.418, 42.17, 42.802, 41.274, 39.422, 38.524, 38.554, 38.733, 38.96, 38.917, 36.646, 38.073, 41.224, 41.292, 41.577, 45.875, 49.324, 49.257, 47.428, 46.276, 45.887, 45.671, 45.225, 44.758, 44.497, 44.217, 44.055, 44.105, 44.062, 43.863, 43.711, 43.576, 43.416, 43.204, 42.874, 42.186, 41.089, 38.989, 36.766, 37.354, 37.828, 36.612, 35.403, 35.838, 36.07, 35.199, 34.95, 35.177, 35.063, 34.655, 34.491, 34.563, 34.622, 34.816, 34.899, 34.748, 34.504, 34.404, 34.317, 33.975, 33.633, 33.514, 33.697, 34.154, 34.608, 34.88, 34.972, 35.404, 36.018, 36.061, 35.671, 35.603, 35.938, 36.699, 37.163, 37.161, 37.529, 38.049, 38.0, 37.655, 38.177, 38.601, 38.148, 38.402, 40.811, 43.76, 44.804, 44.456, 44.555, 45.374, 45.943, 45.717, 44.914, 44.505, 44.177, 42.67, 40.732, 39.967, 39.7, 38.457, 37.317, 37.076, 36.87, 36.278, 36.075, 36.547, 37.102, 37.416, 37.375, 37.342, 37.56, 37.635, 37.427, 37.518, 38.394, 39.481, 40.168, 40.485, 40.531, 40.791, 40.881, 40.407, 40.095, 40.316, 40.64, 40.514, 39.694, 38.54, 38.082, 38.516, 38.578, 37.678, 36.644, 36.18, 36.2, 35.982, 35.353, 34.769, 34.811, 35.076, 35.196, 35.219, 35.418, 35.695, 36.045, 36.433, 36.626, 36.249, 35.384, 35.012, 35.198, 35.641, 35.813, 35.639, 35.653, 36.078, 36.497, 36.69, 36.996, 37.052, 25.938], [26.229, 23.401, 19.068, 15.061, 12.76, 10.237, 5.667, 0.0, 5.789, 10.892, 14.839, 17.438, 19.501, 22.024, 24.614, 27.804, 31.586, 34.609, 35.621, 35.665, 36.325, 37.56, 38.44, 38.778, 39.037, 39.523, 39.814, 39.573, 39.185, 38.641, 38.228, 38.918, 40.021, 40.28, 39.773, 39.151, 38.643, 38.509, 39.011, 39.545, 38.862, 37.781, 37.548, 37.872, 38.348, 38.675, 38.648, 38.294, 38.074, 38.019, 38.308, 38.739, 38.596, 38.032, 37.69, 36.992, 35.88, 35.121, 34.985, 35.128, 35.245, 35.522, 36.014, 36.923, 38.125, 38.961, 39.26, 39.271, 39.452, 40.503, 42.275, 42.907, 41.348, 39.452, 38.518, 38.544, 38.726, 38.953, 38.914, 36.631, 38.076, 41.263, 41.334, 41.609, 45.927, 49.403, 49.348, 47.507, 46.333, 45.929, 45.706, 45.263, 44.8, 44.536, 44.248, 44.075, 44.119, 44.072, 43.868, 43.714, 43.577, 43.414, 43.2, 42.876, 42.192, 41.079, 38.923, 36.62, 37.204, 37.702, 36.488, 35.282, 35.741, 35.974, 35.09, 34.826, 35.043, 34.916, 34.485, 34.311, 34.38, 34.436, 34.633, 34.725, 34.576, 34.318, 34.199, 34.102, 33.745, 33.384, 33.243, 33.406, 33.847, 34.302, 34.597, 34.711, 35.153, 35.772, 35.809, 35.396, 35.313, 35.68, 36.493, 36.993, 37.022, 37.421, 37.96, 37.921, 37.576, 38.106, 38.534, 38.08, 38.35, 40.814, 43.789, 44.826, 44.469, 44.576, 45.405, 45.973, 45.743, 44.936, 44.515, 44.174, 42.651, 40.694, 39.921, 39.662, 38.426, 37.277, 37.028, 36.817, 36.206, 35.982, 36.444, 36.994, 37.308, 37.265, 37.209, 37.407, 37.491, 37.291, 37.385, 38.273, 39.373, 40.051, 40.357, 40.406, 40.673, 40.769, 40.309, 39.994, 40.2, 40.522, 40.395, 39.565, 38.393, 37.927, 38.37, 38.447, 37.553, 36.499, 36.001, 36.003, 35.793, 35.174, 34.584, 34.62, 34.887, 35.007, 35.029, 35.235, 35.512, 35.868, 36.252, 36.429, 36.036, 35.152, 34.785, 34.987, 35.439, 35.616, 35.438, 35.444, 35.877, 36.304, 36.48, 36.76, 36.804, 26.71], [26.913, 24.218, 20.266, 16.755, 14.93, 13.305, 10.212, 5.789, 0.0, 6.395, 11.869, 15.314, 17.684, 20.611, 23.623, 27.078, 31.05, 34.186, 35.24, 35.304, 36.0, 37.275, 38.177, 38.517, 38.769, 39.256, 39.552, 39.332, 38.977, 38.468, 38.078, 38.782, 39.91, 40.196, 39.712, 39.112, 38.61, 38.457, 38.944, 39.474, 38.797, 37.725, 37.489, 37.805, 38.292, 38.65, 38.652, 38.315, 38.096, 38.025, 38.308, 38.759, 38.633, 38.063, 37.703, 36.996, 35.885, 35.104, 34.942, 35.059, 35.173, 35.459, 35.954, 36.865, 38.079, 38.922, 39.22, 39.227, 39.414, 40.472, 42.241, 42.854, 41.257, 39.323, 38.37, 38.39, 38.571, 38.787, 38.746, 36.489, 37.94, 41.141, 41.209, 41.489, 45.833, 49.327, 49.277, 47.441, 46.267, 45.847, 45.612, 45.173, 44.716, 44.452, 44.163, 43.989, 44.031, 43.986, 43.784, 43.628, 43.489, 43.331, 43.123, 42.797, 42.105, 40.989, 38.832, 36.533, 37.122, 37.629, 36.446, 35.255, 35.696, 35.929, 35.032, 34.743, 34.952, 34.828, 34.392, 34.225, 34.304, 34.354, 34.543, 34.637, 34.496, 34.236, 34.103, 34.003, 33.65, 33.277, 33.117, 33.274, 33.711, 34.16, 34.469, 34.606, 35.054, 35.669, 35.709, 35.292, 35.208, 35.592, 36.423, 36.899, 36.892, 37.293, 37.845, 37.797, 37.403, 37.885, 38.299, 37.828, 38.069, 40.559, 43.574, 44.63, 44.282, 44.405, 45.262, 45.851, 45.633, 44.831, 44.406, 44.063, 42.545, 40.603, 39.842, 39.592, 38.379, 37.271, 37.074, 36.887, 36.269, 36.037, 36.506, 37.052, 37.356, 37.31, 37.24, 37.425, 37.513, 37.312, 37.409, 38.3, 39.394, 40.062, 40.368, 40.421, 40.675, 40.756, 40.305, 39.994, 40.191, 40.508, 40.384, 39.554, 38.368, 37.884, 38.33, 38.421, 37.534, 36.473, 35.953, 35.934, 35.722, 35.112, 34.528, 34.564, 34.836, 34.957, 34.969, 35.184, 35.479, 35.848, 36.242, 36.42, 36.026, 35.134, 34.765, 34.982, 35.438, 35.595, 35.394, 35.398, 35.846, 36.286, 36.451, 36.712, 36.753, 27.368], [27.601, 25.074, 21.578, 18.642, 17.219, 16.074, 13.908, 10.892, 6.395, 0.0, 6.878, 11.896, 15.02, 18.349, 22.015, 26.034, 30.301, 33.548, 34.645, 34.73, 35.468, 36.827, 37.784, 38.113, 38.335, 38.823, 39.14, 38.944, 38.612, 38.118, 37.74, 38.473, 39.646, 39.971, 39.506, 38.925, 38.433, 38.253, 38.709, 39.244, 38.566, 37.48, 37.248, 37.582, 38.096, 38.483, 38.517, 38.208, 37.979, 37.87, 38.147, 38.634, 38.532, 37.948, 37.549, 36.8, 35.668, 34.862, 34.668, 34.762, 34.869, 35.162, 35.683, 36.63, 37.867, 38.706, 38.987, 38.996, 39.198, 40.25, 42.0, 42.595, 40.964, 38.991, 38.027, 38.047, 38.229, 38.443, 38.4, 36.152, 37.607, 40.833, 40.898, 41.199, 45.624, 49.181, 49.13, 47.267, 46.094, 45.672, 45.421, 44.967, 44.509, 44.249, 43.961, 43.79, 43.833, 43.785, 43.58, 43.424, 43.287, 43.137, 42.93, 42.59, 41.881, 40.757, 38.611, 36.339, 36.95, 37.457, 36.263, 35.07, 35.527, 35.755, 34.847, 34.548, 34.749, 34.619, 34.173, 33.995, 34.075, 34.133, 34.325, 34.417, 34.284, 34.036, 33.915, 33.829, 33.482, 33.097, 32.935, 33.108, 33.558, 34.001, 34.299, 34.422, 34.855, 35.475, 35.515, 35.099, 35.026, 35.411, 36.251, 36.699, 36.613, 36.977, 37.534, 37.465, 37.01, 37.456, 37.876, 37.375, 37.553, 40.1, 43.189, 44.282, 43.963, 44.099, 44.968, 45.578, 45.366, 44.535, 44.09, 43.748, 42.25, 40.319, 39.569, 39.333, 38.135, 37.066, 36.939, 36.795, 36.168, 35.935, 36.437, 36.993, 37.267, 37.202, 37.118, 37.269, 37.318, 37.103, 37.223, 38.137, 39.25, 39.931, 40.251, 40.31, 40.556, 40.636, 40.198, 39.898, 40.099, 40.416, 40.292, 39.458, 38.248, 37.739, 38.187, 38.277, 37.363, 36.274, 35.746, 35.727, 35.51, 34.881, 34.284, 34.326, 34.61, 34.711, 34.699, 34.929, 35.255, 35.661, 36.092, 36.279, 35.888, 34.999, 34.647, 34.889, 35.348, 35.477, 35.242, 35.236, 35.691, 36.135, 36.293, 36.553, 36.617, 28.055], [28.271, 25.905, 22.821, 20.445, 19.517, 18.784, 17.036, 14.839, 11.869, 6.878, 0.0, 6.645, 11.479, 15.647, 19.962, 24.727, 29.484, 32.93, 34.063, 34.136, 34.904, 36.376, 37.409, 37.732, 37.915, 38.38, 38.707, 38.531, 38.203, 37.679, 37.254, 37.991, 39.213, 39.576, 39.117, 38.541, 38.078, 37.914, 38.357, 38.886, 38.178, 37.042, 36.803, 37.159, 37.722, 38.152, 38.225, 37.949, 37.717, 37.579, 37.843, 38.348, 38.255, 37.645, 37.202, 36.379, 35.153, 34.302, 34.112, 34.224, 34.333, 34.63, 35.193, 36.207, 37.503, 38.364, 38.65, 38.67, 38.872, 39.915, 41.669, 42.268, 40.607, 38.571, 37.579, 37.606, 37.797, 38.029, 37.999, 35.695, 37.128, 40.413, 40.497, 40.811, 45.379, 49.07, 49.025, 47.092, 45.905, 45.493, 45.227, 44.741, 44.276, 44.024, 43.733, 43.555, 43.601, 43.551, 43.335, 43.172, 43.033, 42.879, 42.666, 42.319, 41.593, 40.431, 38.216, 35.875, 36.515, 37.045, 35.769, 34.51, 35.033, 35.264, 34.321, 34.029, 34.233, 34.073, 33.588, 33.379, 33.453, 33.526, 33.731, 33.826, 33.7, 33.46, 33.354, 33.284, 32.93, 32.53, 32.37, 32.565, 33.04, 33.498, 33.79, 33.887, 34.331, 35.007, 35.054, 34.61, 34.538, 34.932, 35.824, 36.318, 36.199, 36.539, 37.103, 37.024, 36.567, 37.067, 37.517, 37.005, 37.219, 39.932, 43.149, 44.275, 43.956, 44.079, 44.936, 45.548, 45.325, 44.439, 43.948, 43.588, 42.069, 40.097, 39.327, 39.09, 37.85, 36.731, 36.627, 36.512, 35.848, 35.59, 36.121, 36.687, 36.932, 36.84, 36.725, 36.817, 36.795, 36.547, 36.711, 37.693, 38.866, 39.578, 39.913, 39.976, 40.232, 40.335, 39.898, 39.589, 39.793, 40.122, 39.996, 39.124, 37.852, 37.304, 37.757, 37.842, 36.871, 35.718, 35.167, 35.159, 34.937, 34.264, 33.61, 33.644, 33.949, 34.028, 34.002, 34.253, 34.62, 35.103, 35.62, 35.822, 35.425, 34.524, 34.179, 34.445, 34.91, 35.023, 34.753, 34.731, 35.197, 35.651, 35.795, 36.059, 36.158, 28.705], [28.648, 26.379, 23.565, 21.584, 21.051, 20.659, 19.231, 17.438, 15.314, 11.896, 6.645, 0.0, 6.739, 12.922, 18.296, 23.649, 28.825, 32.517, 33.697, 33.724, 34.494, 36.04, 37.117, 37.445, 37.621, 38.062, 38.378, 38.206, 37.87, 37.3, 36.802, 37.527, 38.787, 39.164, 38.678, 38.071, 37.607, 37.475, 37.945, 38.477, 37.725, 36.526, 36.262, 36.615, 37.214, 37.702, 37.815, 37.551, 37.314, 37.156, 37.401, 37.908, 37.818, 37.186, 36.722, 35.857, 34.564, 33.709, 33.59, 33.751, 33.863, 34.164, 34.755, 35.822, 37.189, 38.118, 38.451, 38.483, 38.675, 39.742, 41.551, 42.171, 40.465, 38.36, 37.336, 37.372, 37.579, 37.831, 37.811, 35.401, 36.773, 40.111, 40.233, 40.535, 45.202, 49.01, 48.971, 46.959, 45.741, 45.333, 45.059, 44.547, 44.074, 43.834, 43.539, 43.347, 43.389, 43.339, 43.114, 42.945, 42.803, 42.645, 42.43, 42.087, 41.352, 40.145, 37.831, 35.384, 36.046, 36.609, 35.259, 33.892, 34.461, 34.71, 33.704, 33.405, 33.636, 33.441, 32.892, 32.655, 32.73, 32.801, 33.006, 33.111, 32.995, 32.745, 32.626, 32.56, 32.2, 31.781, 31.615, 31.829, 32.347, 32.837, 33.137, 33.235, 33.727, 34.487, 34.572, 34.113, 34.033, 34.445, 35.404, 35.973, 35.893, 36.255, 36.828, 36.753, 36.366, 37.0, 37.492, 36.984, 37.295, 40.193, 43.553, 44.716, 44.353, 44.432, 45.283, 45.912, 45.695, 44.77, 44.233, 43.839, 42.273, 40.238, 39.43, 39.173, 37.857, 36.621, 36.463, 36.317, 35.586, 35.286, 35.824, 36.387, 36.629, 36.538, 36.421, 36.495, 36.44, 36.153, 36.328, 37.352, 38.576, 39.319, 39.663, 39.72, 39.992, 40.112, 39.654, 39.307, 39.501, 39.841, 39.711, 38.785, 37.435, 36.845, 37.313, 37.411, 36.403, 35.185, 34.589, 34.566, 34.33, 33.615, 32.881, 32.887, 33.229, 33.34, 33.338, 33.612, 34.006, 34.559, 35.176, 35.424, 35.02, 34.071, 33.687, 33.948, 34.413, 34.519, 34.228, 34.204, 34.698, 35.174, 35.311, 35.586, 35.703, 29.03], [29.085, 26.886, 24.262, 22.54, 22.238, 22.058, 20.948, 19.501, 17.684, 15.02, 11.479, 6.739, 0.0, 8.415, 16.047, 22.496, 28.067, 31.946, 33.193, 33.209, 33.981, 35.575, 36.688, 37.027, 37.205, 37.641, 37.951, 37.773, 37.425, 36.826, 36.297, 37.054, 38.379, 38.782, 38.292, 37.674, 37.201, 37.068, 37.554, 38.111, 37.358, 36.139, 35.864, 36.211, 36.801, 37.306, 37.456, 37.216, 36.986, 36.814, 37.045, 37.552, 37.462, 36.817, 36.337, 35.447, 34.151, 33.36, 33.36, 33.598, 33.71, 33.988, 34.581, 35.665, 37.063, 38.04, 38.405, 38.436, 38.636, 39.766, 41.648, 42.282, 40.539, 38.386, 37.333, 37.369, 37.589, 37.864, 37.849, 35.355, 36.684, 40.052, 40.198, 40.482, 45.176, 49.027, 48.983, 46.921, 45.674, 45.259, 44.985, 44.462, 43.974, 43.73, 43.438, 43.241, 43.275, 43.212, 42.975, 42.798, 42.651, 42.491, 42.274, 41.931, 41.187, 39.961, 37.601, 35.098, 35.767, 36.336, 34.973, 33.597, 34.186, 34.441, 33.396, 33.075, 33.333, 33.132, 32.534, 32.265, 32.339, 32.413, 32.619, 32.733, 32.624, 32.364, 32.228, 32.159, 31.798, 31.374, 31.221, 31.475, 32.044, 32.561, 32.853, 32.95, 33.49, 34.324, 34.465, 34.033, 33.964, 34.385, 35.363, 35.949, 35.891, 36.258, 36.819, 36.76, 36.464, 37.213, 37.744, 37.233, 37.57, 40.515, 43.908, 45.069, 44.677, 44.722, 45.566, 46.206, 46.003, 45.078, 44.519, 44.101, 42.518, 40.47, 39.64, 39.349, 37.994, 36.703, 36.482, 36.273, 35.492, 35.175, 35.714, 36.276, 36.537, 36.462, 36.36, 36.473, 36.455, 36.14, 36.278, 37.287, 38.526, 39.293, 39.64, 39.681, 39.958, 40.09, 39.615, 39.231, 39.405, 39.746, 39.615, 38.665, 37.28, 36.675, 37.148, 37.253, 36.245, 35.012, 34.386, 34.338, 34.088, 33.367, 32.613, 32.632, 33.015, 33.149, 33.155, 33.445, 33.862, 34.456, 35.14, 35.452, 35.051, 34.041, 33.586, 33.809, 34.253, 34.339, 34.028, 33.992, 34.487, 34.971, 35.117, 35.408, 35.524, 29.446], [29.935, 27.84, 25.455, 24.07, 23.992, 23.994, 23.135, 22.024, 20.611, 18.349, 15.647, 12.922, 8.415, 0.0, 10.385, 19.446, 26.325, 30.691, 32.102, 32.163, 32.988, 34.71, 35.947, 36.33, 36.507, 36.942, 37.255, 37.076, 36.724, 36.089, 35.521, 36.316, 37.725, 38.198, 37.76, 37.208, 36.811, 36.686, 37.135, 37.709, 37.016, 35.82, 35.53, 35.862, 36.435, 36.924, 37.11, 36.938, 36.765, 36.62, 36.858, 37.349, 37.232, 36.56, 36.058, 35.139, 33.843, 33.124, 33.252, 33.58, 33.7, 33.96, 34.547, 35.63, 37.032, 38.026, 38.399, 38.427, 38.648, 39.842, 41.778, 42.423, 40.679, 38.508, 37.429, 37.474, 37.719, 38.022, 38.029, 35.491, 36.734, 40.096, 40.239, 40.482, 45.189, 49.063, 49.036, 46.965, 45.708, 45.295, 45.027, 44.492, 43.977, 43.707, 43.407, 43.224, 43.271, 43.205, 42.952, 42.765, 42.614, 42.45, 42.235, 41.893, 41.138, 39.895, 37.508, 34.974, 35.642, 36.227, 34.882, 33.569, 34.19, 34.461, 33.431, 33.093, 33.347, 33.171, 32.59, 32.297, 32.347, 32.418, 32.623, 32.749, 32.653, 32.387, 32.243, 32.147, 31.739, 31.289, 31.164, 31.457, 32.055, 32.591, 32.876, 32.951, 33.497, 34.365, 34.522, 34.108, 34.038, 34.422, 35.363, 35.952, 35.897, 36.252, 36.814, 36.81, 36.619, 37.443, 37.989, 37.471, 37.794, 40.719, 44.085, 45.209, 44.804, 44.852, 45.682, 46.297, 46.093, 45.201, 44.665, 44.239, 42.632, 40.586, 39.75, 39.418, 38.033, 36.76, 36.559, 36.354, 35.573, 35.272, 35.838, 36.427, 36.717, 36.643, 36.505, 36.598, 36.602, 36.289, 36.393, 37.386, 38.641, 39.419, 39.747, 39.773, 40.065, 40.223, 39.745, 39.33, 39.48, 39.826, 39.702, 38.736, 37.319, 36.701, 37.173, 37.264, 36.247, 35.005, 34.353, 34.287, 34.044, 33.347, 32.61, 32.662, 33.064, 33.173, 33.142, 33.415, 33.849, 34.469, 35.204, 35.562, 35.183, 34.156, 33.665, 33.88, 34.319, 34.385, 34.052, 33.996, 34.464, 34.939, 35.097, 35.393, 35.501, 30.262], [30.806, 28.922, 26.923, 25.963, 26.078, 26.199, 25.513, 24.614, 23.623, 22.015, 19.962, 18.296, 16.047, 10.385, 0.0, 11.815, 21.412, 27.204, 29.051, 29.195, 30.158, 32.115, 33.553, 34.078, 34.389, 34.902, 35.208, 35.01, 34.72, 34.204, 33.801, 34.778, 36.326, 36.895, 36.539, 36.116, 35.929, 35.99, 36.461, 36.981, 36.328, 35.306, 35.2, 35.641, 36.235, 36.643, 36.771, 36.641, 36.59, 36.562, 36.848, 37.316, 37.16, 36.488, 36.006, 35.101, 33.771, 33.013, 33.152, 33.521, 33.658, 33.926, 34.505, 35.568, 36.944, 37.914, 38.272, 38.291, 38.49, 39.645, 41.549, 42.183, 40.487, 38.401, 37.39, 37.48, 37.745, 38.051, 38.066, 35.527, 36.684, 39.951, 40.069, 40.343, 45.067, 48.946, 48.952, 46.929, 45.705, 45.314, 45.058, 44.525, 44.003, 43.712, 43.394, 43.221, 43.296, 43.249, 43.002, 42.82, 42.678, 42.521, 42.322, 42.0, 41.258, 40.007, 37.61, 35.096, 35.774, 36.397, 35.105, 33.822, 34.429, 34.697, 33.701, 33.332, 33.507, 33.326, 32.806, 32.558, 32.608, 32.652, 32.817, 32.945, 32.879, 32.603, 32.421, 32.273, 31.801, 31.309, 31.198, 31.507, 32.085, 32.612, 32.905, 32.981, 33.507, 34.32, 34.45, 34.047, 33.936, 34.216, 35.006, 35.506, 35.397, 35.69, 36.209, 36.277, 36.26, 37.226, 37.803, 37.296, 37.631, 40.521, 43.869, 44.979, 44.561, 44.602, 45.379, 45.929, 45.719, 44.884, 44.405, 43.987, 42.357, 40.339, 39.565, 39.243, 37.859, 36.676, 36.608, 36.5, 35.785, 35.525, 36.103, 36.707, 37.033, 36.981, 36.822, 36.865, 36.846, 36.569, 36.688, 37.656, 38.909, 39.688, 40.001, 40.036, 40.351, 40.514, 40.028, 39.59, 39.704, 40.029, 39.899, 38.914, 37.443, 36.776, 37.237, 37.32, 36.309, 35.068, 34.418, 34.361, 34.123, 33.446, 32.745, 32.811, 33.201, 33.309, 33.272, 33.491, 33.876, 34.442, 35.135, 35.454, 35.087, 34.116, 33.656, 33.9, 34.36, 34.441, 34.125, 34.088, 34.571, 35.096, 35.316, 35.62, 35.714, 31.045], [32.467, 30.983, 29.504, 28.83, 28.939, 29.039, 28.502, 27.804, 27.078, 26.034, 24.727, 23.649, 22.496, 19.446, 11.815, 0.0, 12.004, 19.885, 22.573, 22.984, 24.321, 26.745, 28.436, 29.118, 29.732, 30.576, 31.068, 30.948, 30.817, 30.726, 31.09, 32.786, 34.68, 35.379, 35.128, 34.835, 34.821, 35.142, 35.78, 36.237, 35.566, 34.953, 35.506, 36.436, 37.18, 37.47, 37.436, 37.247, 37.281, 37.389, 37.752, 38.235, 38.095, 37.503, 37.112, 36.309, 34.983, 34.0, 33.803, 33.978, 34.08, 34.336, 34.864, 35.823, 37.074, 37.925, 38.234, 38.26, 38.399, 39.338, 40.978, 41.503, 39.942, 38.166, 37.406, 37.567, 37.791, 38.024, 38.008, 35.649, 36.821, 39.832, 39.908, 40.31, 44.888, 48.613, 48.633, 46.755, 45.642, 45.302, 45.082, 44.603, 44.121, 43.844, 43.532, 43.382, 43.477, 43.46, 43.267, 43.129, 43.023, 42.9, 42.714, 42.402, 41.725, 40.583, 38.396, 36.141, 36.752, 37.316, 36.106, 34.808, 35.229, 35.452, 34.542, 34.145, 34.251, 34.105, 33.693, 33.506, 33.534, 33.538, 33.672, 33.8, 33.748, 33.476, 33.309, 33.197, 32.771, 32.311, 32.198, 32.449, 32.917, 33.334, 33.588, 33.696, 34.151, 34.747, 34.783, 34.445, 34.341, 34.494, 34.974, 35.117, 34.778, 34.88, 35.231, 35.316, 35.52, 36.678, 37.314, 36.854, 37.237, 39.987, 43.188, 44.255, 43.865, 43.913, 44.596, 45.017, 44.731, 43.898, 43.453, 43.09, 41.613, 39.828, 39.229, 38.973, 37.706, 36.769, 36.921, 36.94, 36.328, 36.124, 36.668, 37.25, 37.603, 37.588, 37.468, 37.539, 37.505, 37.293, 37.473, 38.333, 39.45, 40.185, 40.497, 40.551, 40.877, 41.03, 40.571, 40.184, 40.292, 40.561, 40.412, 39.484, 38.089, 37.407, 37.785, 37.869, 36.984, 35.906, 35.368, 35.338, 35.08, 34.443, 33.882, 34.005, 34.35, 34.477, 34.473, 34.606, 34.889, 35.341, 35.876, 36.053, 35.663, 34.829, 34.474, 34.705, 35.147, 35.259, 34.977, 34.938, 35.395, 35.964, 36.266, 36.587, 36.698, 32.623], [35.105, 34.036, 33.009, 32.479, 32.504, 32.517, 32.078, 31.586, 31.05, 30.301, 29.484, 28.825, 28.067, 26.325, 21.412, 12.004, 0.0, 9.49, 13.47, 14.757, 16.898, 20.182, 22.424, 23.289, 24.168, 25.547, 26.631, 26.92, 27.063, 27.563, 29.085, 31.779, 34.102, 34.96, 34.868, 34.714, 34.736, 35.11, 35.84, 36.278, 35.602, 35.363, 36.627, 38.134, 39.062, 39.286, 39.14, 38.898, 38.95, 39.11, 39.478, 39.947, 39.845, 39.353, 39.045, 38.377, 37.177, 36.058, 35.497, 35.408, 35.46, 35.672, 36.086, 36.843, 37.866, 38.553, 38.808, 38.841, 38.916, 39.591, 40.855, 41.244, 39.93, 38.602, 38.134, 38.33, 38.479, 38.604, 38.558, 36.577, 37.829, 40.486, 40.528, 41.077, 45.363, 48.793, 48.796, 47.114, 46.155, 45.88, 45.711, 45.325, 44.911, 44.654, 44.371, 44.25, 44.349, 44.337, 44.176, 44.067, 43.985, 43.885, 43.699, 43.393, 42.811, 41.849, 40.012, 38.13, 38.592, 39.02, 37.936, 36.778, 37.048, 37.258, 36.497, 36.078, 36.139, 36.078, 35.786, 35.614, 35.587, 35.55, 35.674, 35.792, 35.734, 35.493, 35.371, 35.318, 34.988, 34.632, 34.546, 34.715, 35.007, 35.215, 35.334, 35.433, 35.782, 36.102, 35.985, 35.746, 35.728, 35.765, 35.899, 35.594, 34.957, 34.819, 34.95, 34.956, 35.31, 36.634, 37.338, 36.942, 37.394, 39.886, 42.717, 43.608, 43.261, 43.357, 43.948, 44.179, 43.678, 42.739, 42.311, 42.071, 40.947, 39.601, 39.23, 39.04, 37.983, 37.4, 37.792, 37.933, 37.439, 37.293, 37.799, 38.346, 38.676, 38.656, 38.595, 38.8, 38.899, 38.799, 38.994, 39.717, 40.653, 41.324, 41.631, 41.68, 41.96, 42.092, 41.7, 41.402, 41.51, 41.728, 41.598, 40.82, 39.63, 39.004, 39.263, 39.332, 38.639, 37.83, 37.458, 37.453, 37.21, 36.673, 36.328, 36.556, 36.846, 36.96, 36.976, 37.048, 37.27, 37.64, 38.011, 38.074, 37.683, 36.965, 36.646, 36.778, 37.155, 37.293, 37.027, 36.888, 37.195, 37.698, 38.019, 38.328, 38.431, 35.208], [37.428, 36.615, 35.86, 35.432, 35.429, 35.387, 34.984, 34.609, 34.186, 33.548, 32.93, 32.517, 31.946, 30.691, 27.204, 19.885, 9.49, 0.0, 5.265, 8.42, 11.881, 16.087, 19.019, 20.188, 21.188, 22.947, 24.629, 25.397, 25.791, 26.671, 28.912, 32.134, 34.653, 35.605, 35.628, 35.555, 35.562, 35.891, 36.59, 36.996, 36.352, 36.281, 37.863, 39.684, 40.748, 40.972, 40.812, 40.568, 40.619, 40.782, 41.113, 41.533, 41.446, 41.025, 40.768, 40.196, 39.129, 38.008, 37.327, 37.129, 37.161, 37.342, 37.668, 38.265, 39.094, 39.634, 39.827, 39.862, 39.92, 40.434, 41.431, 41.713, 40.565, 39.532, 39.226, 39.416, 39.517, 39.568, 39.513, 37.871, 39.214, 41.641, 41.668, 42.281, 46.308, 49.494, 49.483, 47.942, 47.101, 46.88, 46.75, 46.426, 46.063, 45.836, 45.588, 45.481, 45.554, 45.517, 45.355, 45.255, 45.192, 45.112, 44.936, 44.651, 44.144, 43.314, 41.742, 40.105, 40.457, 40.797, 39.801, 38.788, 39.031, 39.267, 38.622, 38.192, 38.204, 38.18, 37.957, 37.785, 37.72, 37.644, 37.752, 37.86, 37.796, 37.571, 37.456, 37.408, 37.13, 36.865, 36.826, 36.959, 37.13, 37.186, 37.183, 37.238, 37.509, 37.648, 37.406, 37.25, 37.334, 37.302, 37.174, 36.562, 35.728, 35.424, 35.401, 35.322, 35.73, 37.127, 37.874, 37.546, 38.051, 40.312, 42.801, 43.519, 43.205, 43.338, 43.874, 43.957, 43.26, 42.224, 41.84, 41.711, 40.87, 39.864, 39.65, 39.503, 38.609, 38.281, 38.841, 39.091, 38.708, 38.606, 39.08, 39.589, 39.865, 39.82, 39.806, 40.134, 40.411, 40.431, 40.608, 41.251, 42.098, 42.726, 43.016, 43.046, 43.28, 43.401, 43.058, 42.809, 42.918, 43.118, 43.019, 42.363, 41.344, 40.786, 40.963, 40.995, 40.412, 39.775, 39.522, 39.559, 39.358, 38.907, 38.704, 39.003, 39.263, 39.352, 39.362, 39.412, 39.599, 39.911, 40.177, 40.198, 39.819, 39.15, 38.836, 38.892, 39.204, 39.348, 39.094, 38.87, 39.043, 39.456, 39.747, 40.006, 40.059, 37.493], [38.19, 37.458, 36.801, 36.429, 36.429, 36.374, 35.971, 35.621, 35.24, 34.645, 34.063, 33.697, 33.193, 32.102, 29.051, 22.573, 13.47, 5.265, 0.0, 4.571, 9.305, 14.26, 17.598, 18.991, 20.106, 22.023, 23.928, 24.869, 25.348, 26.36, 28.836, 32.225, 34.825, 35.832, 35.895, 35.838, 35.831, 36.132, 36.789, 37.153, 36.511, 36.462, 38.086, 40.023, 41.206, 41.48, 41.349, 41.119, 41.168, 41.329, 41.646, 42.044, 41.956, 41.554, 41.314, 40.77, 39.731, 38.6, 37.89, 37.671, 37.697, 37.863, 38.151, 38.69, 39.461, 39.957, 40.126, 40.161, 40.235, 40.732, 41.668, 41.91, 40.782, 39.805, 39.515, 39.688, 39.77, 39.799, 39.744, 38.219, 39.641, 42.047, 42.076, 42.714, 46.703, 49.836, 49.817, 48.293, 47.489, 47.287, 47.162, 46.842, 46.487, 46.267, 46.03, 45.924, 45.985, 45.938, 45.775, 45.681, 45.626, 45.555, 45.384, 45.114, 44.635, 43.837, 42.319, 40.717, 41.046, 41.361, 40.357, 39.364, 39.619, 39.861, 39.246, 38.835, 38.85, 38.827, 38.611, 38.437, 38.359, 38.255, 38.342, 38.441, 38.365, 38.126, 37.998, 37.946, 37.685, 37.445, 37.424, 37.557, 37.709, 37.739, 37.705, 37.737, 37.979, 38.068, 37.804, 37.69, 37.804, 37.737, 37.515, 36.819, 35.935, 35.588, 35.516, 35.409, 35.844, 37.272, 38.026, 37.731, 38.285, 40.491, 42.872, 43.535, 43.229, 43.357, 43.862, 43.9, 43.145, 42.077, 41.717, 41.633, 40.868, 39.941, 39.771, 39.652, 38.815, 38.555, 39.165, 39.454, 39.103, 39.005, 39.466, 39.96, 40.21, 40.153, 40.156, 40.53, 40.875, 40.92, 41.081, 41.71, 42.538, 43.142, 43.407, 43.421, 43.644, 43.768, 43.436, 43.197, 43.307, 43.505, 43.415, 42.798, 41.843, 41.321, 41.479, 41.491, 40.926, 40.336, 40.134, 40.2, 40.018, 39.593, 39.433, 39.757, 40.015, 40.107, 40.132, 40.187, 40.37, 40.678, 40.914, 40.929, 40.544, 39.846, 39.507, 39.536, 39.828, 39.974, 39.721, 39.461, 39.583, 39.959, 40.232, 40.468, 40.499, 38.232], [38.064, 37.366, 36.759, 36.432, 36.45, 36.405, 36.01, 35.665, 35.304, 34.73, 34.136, 33.724, 33.209, 32.163, 29.195, 22.984, 14.757, 8.42, 4.571, 0.0, 5.732, 11.777, 15.759, 17.462, 18.734, 20.767, 22.759, 23.745, 24.268, 25.396, 28.043, 31.594, 34.31, 35.39, 35.497, 35.479, 35.5, 35.803, 36.443, 36.801, 36.169, 36.129, 37.764, 39.761, 40.999, 41.296, 41.193, 40.994, 41.065, 41.234, 41.549, 41.943, 41.849, 41.435, 41.187, 40.627, 39.565, 38.407, 37.692, 37.49, 37.508, 37.657, 37.931, 38.466, 39.257, 39.785, 39.972, 40.006, 40.082, 40.613, 41.601, 41.864, 40.707, 39.689, 39.368, 39.528, 39.61, 39.645, 39.592, 38.048, 39.495, 41.933, 41.966, 42.628, 46.686, 49.844, 49.795, 48.237, 47.432, 47.231, 47.099, 46.762, 46.386, 46.153, 45.909, 45.802, 45.863, 45.818, 45.66, 45.57, 45.516, 45.443, 45.269, 45.002, 44.524, 43.715, 42.152, 40.507, 40.851, 41.159, 40.11, 39.092, 39.375, 39.613, 38.973, 38.579, 38.627, 38.603, 38.366, 38.185, 38.103, 37.982, 38.049, 38.136, 38.04, 37.774, 37.637, 37.596, 37.349, 37.109, 37.087, 37.233, 37.419, 37.484, 37.468, 37.506, 37.744, 37.837, 37.587, 37.476, 37.573, 37.479, 37.279, 36.67, 35.853, 35.528, 35.44, 35.326, 35.804, 37.273, 38.023, 37.735, 38.296, 40.499, 42.885, 43.553, 43.24, 43.335, 43.803, 43.838, 43.093, 42.016, 41.649, 41.567, 40.778, 39.804, 39.615, 39.511, 38.673, 38.387, 38.98, 39.252, 38.875, 38.766, 39.238, 39.755, 40.018, 39.964, 39.972, 40.369, 40.74, 40.764, 40.906, 41.545, 42.375, 42.963, 43.205, 43.208, 43.44, 43.566, 43.223, 42.974, 43.084, 43.286, 43.192, 42.557, 41.584, 41.054, 41.222, 41.242, 40.667, 40.066, 39.864, 39.931, 39.742, 39.312, 39.152, 39.492, 39.761, 39.851, 39.892, 39.969, 40.172, 40.507, 40.759, 40.797, 40.403, 39.646, 39.257, 39.276, 39.571, 39.719, 39.463, 39.196, 39.318, 39.702, 39.971, 40.204, 40.23, 38.07], [38.329, 37.713, 37.218, 36.983, 37.025, 36.998, 36.642, 36.325, 36.0, 35.468, 34.904, 34.494, 33.981, 32.988, 30.158, 24.321, 16.898, 11.881, 9.305, 5.732, 0.0, 6.991, 12.149, 14.671, 16.254, 18.429, 20.608, 21.73, 22.379, 23.786, 26.834, 30.714, 33.628, 34.835, 35.032, 35.122, 35.253, 35.621, 36.273, 36.651, 36.076, 36.111, 37.819, 39.889, 41.137, 41.412, 41.318, 41.167, 41.289, 41.471, 41.773, 42.155, 42.057, 41.636, 41.373, 40.813, 39.77, 38.616, 37.895, 37.705, 37.712, 37.835, 38.075, 38.593, 39.411, 39.991, 40.208, 40.23, 40.282, 40.83, 41.856, 42.118, 40.934, 39.908, 39.591, 39.751, 39.842, 39.881, 39.832, 38.315, 39.733, 42.111, 42.15, 42.82, 46.839, 49.94, 49.833, 48.263, 47.481, 47.3, 47.172, 46.826, 46.433, 46.186, 45.94, 45.832, 45.887, 45.84, 45.689, 45.604, 45.551, 45.476, 45.302, 45.037, 44.568, 43.771, 42.221, 40.607, 40.95, 41.241, 40.187, 39.203, 39.517, 39.748, 39.095, 38.718, 38.781, 38.746, 38.487, 38.294, 38.206, 38.076, 38.132, 38.206, 38.093, 37.816, 37.681, 37.662, 37.436, 37.203, 37.175, 37.321, 37.522, 37.607, 37.61, 37.664, 37.89, 37.953, 37.696, 37.606, 37.717, 37.6, 37.399, 36.865, 36.144, 35.861, 35.766, 35.687, 36.265, 37.758, 38.487, 38.204, 38.728, 40.848, 43.183, 43.829, 43.508, 43.581, 44.013, 44.037, 43.302, 42.228, 41.856, 41.777, 40.991, 39.996, 39.787, 39.688, 38.855, 38.563, 39.14, 39.391, 38.992, 38.874, 39.347, 39.865, 40.125, 40.069, 40.086, 40.512, 40.93, 40.967, 41.092, 41.727, 42.553, 43.127, 43.345, 43.335, 43.569, 43.698, 43.35, 43.093, 43.199, 43.409, 43.325, 42.685, 41.7, 41.158, 41.326, 41.362, 40.795, 40.19, 39.974, 40.025, 39.825, 39.393, 39.239, 39.592, 39.865, 39.948, 39.995, 40.092, 40.313, 40.663, 40.927, 40.983, 40.587, 39.788, 39.355, 39.365, 39.654, 39.799, 39.552, 39.286, 39.409, 39.8, 40.064, 40.282, 40.293, 38.269], [39.05, 38.553, 38.21, 38.089, 38.154, 38.142, 37.838, 37.56, 37.275, 36.827, 36.376, 36.04, 35.575, 34.71, 32.115, 26.745, 20.182, 16.087, 14.26, 11.777, 6.991, 0.0, 6.368, 10.433, 12.923, 15.44, 17.855, 19.139, 19.971, 21.86, 25.542, 29.825, 32.935, 34.279, 34.578, 34.782, 35.072, 35.604, 36.342, 36.75, 36.255, 36.443, 38.278, 40.421, 41.678, 41.939, 41.849, 41.736, 41.907, 42.106, 42.391, 42.757, 42.663, 42.251, 41.984, 41.45, 40.466, 39.331, 38.586, 38.376, 38.365, 38.447, 38.622, 39.078, 39.871, 40.467, 40.703, 40.715, 40.745, 41.284, 42.285, 42.507, 41.323, 40.366, 40.112, 40.284, 40.371, 40.393, 40.347, 38.954, 40.359, 42.614, 42.66, 43.336, 47.204, 50.158, 49.985, 48.435, 47.698, 47.548, 47.43, 47.083, 46.685, 46.441, 46.207, 46.105, 46.155, 46.111, 45.973, 45.899, 45.851, 45.782, 45.617, 45.359, 44.909, 44.147, 42.674, 41.172, 41.51, 41.785, 40.766, 39.847, 40.162, 40.379, 39.737, 39.371, 39.422, 39.375, 39.116, 38.926, 38.838, 38.713, 38.769, 38.832, 38.704, 38.426, 38.306, 38.321, 38.128, 37.908, 37.863, 37.981, 38.163, 38.248, 38.275, 38.342, 38.534, 38.537, 38.276, 38.242, 38.399, 38.271, 38.028, 37.483, 36.81, 36.55, 36.446, 36.402, 37.056, 38.521, 39.203, 38.936, 39.426, 41.389, 43.59, 44.205, 43.903, 43.969, 44.363, 44.372, 43.653, 42.611, 42.258, 42.198, 41.459, 40.505, 40.3, 40.198, 39.387, 39.126, 39.709, 39.955, 39.56, 39.44, 39.894, 40.391, 40.636, 40.579, 40.598, 41.038, 41.505, 41.588, 41.712, 42.316, 43.115, 43.668, 43.865, 43.85, 44.081, 44.212, 43.874, 43.618, 43.714, 43.923, 43.857, 43.244, 42.286, 41.749, 41.899, 41.942, 41.414, 40.839, 40.621, 40.656, 40.458, 40.047, 39.916, 40.272, 40.533, 40.614, 40.667, 40.772, 41.005, 41.361, 41.613, 41.669, 41.287, 40.484, 40.021, 40.01, 40.282, 40.422, 40.194, 39.939, 40.054, 40.443, 40.707, 40.908, 40.904, 38.921], [39.591, 39.173, 38.933, 38.894, 38.986, 38.982, 38.7, 38.44, 38.177, 37.784, 37.409, 37.117, 36.688, 35.947, 33.553, 28.436, 22.424