[[0.0, 8.297, 15.466, 18.284, 19.755, 23.248, 25.457, 26.978, 28.761, 29.154, 30.456, 31.949, 32.346, 34.515, 38.246, 39.345, 39.403, 39.642, 40.311, 41.041, 42.313, 43.556, 43.213, 43.566, 43.735, 43.432, 44.148, 44.312, 44.836, 45.586, 45.234, 44.263, 43.769, 43.301, 42.151, 43.103, 43.994, 42.176, 40.993, 40.425, 39.954, 39.912, 40.439, 40.542, 41.224, 42.13, 39.56, 37.945, 38.233, 37.866, 37.887, 8.42], [8.297, 0.0, 9.64, 13.735, 15.294, 19.554, 22.374, 24.08, 26.002, 26.473, 28.193, 30.076, 30.503, 33.036, 37.162, 38.438, 38.65, 39.068, 39.871, 40.658, 41.943, 43.185, 42.974, 43.481, 43.662, 43.357, 44.108, 44.251, 44.75, 45.526, 45.191, 44.186, 43.673, 43.206, 42.005, 42.954, 43.883, 42.029, 40.851, 40.398, 40.021, 39.939, 40.51, 40.716, 41.421, 42.377, 39.734, 37.932, 38.224, 37.847, 37.833, 13.304], [15.466, 9.64, 0.0, 5.904, 8.676, 13.68, 17.161, 19.216, 21.391, 22.187, 24.813, 27.27, 27.723, 30.735, 35.363, 36.888, 37.234, 37.8, 38.813, 39.731, 41.152, 42.477, 42.381, 43.128, 43.395, 43.072, 43.882, 44.027, 44.508, 45.328, 45.029, 44.02, 43.51, 43.054, 41.809, 42.773, 43.694, 41.765, 40.562, 40.215, 39.93, 39.793, 40.403, 40.603, 41.222, 42.273, 39.58, 37.605, 37.936, 37.613, 37.598, 18.017], [18.284, 13.735, 5.904, 0.0, 5.672, 11.811, 15.349, 17.562, 19.904, 20.899, 23.939, 26.566, 27.007, 30.1, 34.783, 36.377, 36.765, 37.348, 38.397, 39.355, 40.836, 42.204, 42.126, 42.961, 43.281, 42.963, 43.777, 43.919, 44.401, 45.227, 44.933, 43.928, 43.421, 42.977, 41.722, 42.658, 43.543, 41.585, 40.382, 40.058, 39.795, 39.641, 40.264, 40.439, 40.985, 42.052, 39.388, 37.449, 37.812, 37.518, 37.561, 20.453], [19.755, 15.294, 8.676, 5.672, 0.0, 7.787, 12.365, 14.894, 17.593, 19.016, 22.657, 25.533, 26.037, 29.419, 34.328, 35.954, 36.34, 36.952, 38.009, 38.986, 40.516, 41.927, 41.887, 42.787, 43.146, 42.85, 43.711, 43.869, 44.362, 45.202, 44.914, 43.917, 43.439, 42.987, 41.689, 42.612, 43.493, 41.508, 40.321, 40.077, 39.828, 39.664, 40.345, 40.53, 41.068, 42.16, 39.397, 37.311, 37.638, 37.337, 37.377, 21.632], [23.248, 19.554, 13.68, 11.811, 7.787, 0.0, 5.978, 9.493, 12.909, 15.331, 20.397, 23.829, 24.475, 28.409, 33.636, 35.307, 35.735, 36.361, 37.455, 38.496, 40.068, 41.446, 41.49, 42.646, 43.085, 42.805, 43.758, 43.97, 44.46, 45.31, 45.067, 44.127, 43.706, 43.267, 41.981, 42.896, 43.74, 41.745, 40.569, 40.432, 40.233, 40.028, 40.787, 40.979, 41.446, 42.558, 39.803, 37.603, 37.873, 37.602, 37.62, 24.426], [25.457, 22.374, 17.161, 15.349, 12.365, 5.978, 0.0, 4.979, 9.631, 12.934, 19.268, 23.096, 23.806, 28.108, 33.429, 35.112, 35.568, 36.161, 37.253, 38.335, 39.875, 41.154, 41.233, 42.59, 43.112, 42.862, 43.883, 44.157, 44.649, 45.493, 45.285, 44.416, 44.054, 43.647, 42.395, 43.26, 44.046, 42.084, 40.98, 40.93, 40.756, 40.524, 41.349, 41.55, 41.91, 42.982, 40.345, 38.166, 38.396, 38.173, 38.202, 26.298], [26.978, 24.08, 19.216, 17.562, 14.894, 9.493, 4.979, 0.0, 5.741, 10.57, 18.391, 22.612, 23.381, 28.089, 33.518, 35.249, 35.763, 36.38, 37.494, 38.588, 40.069, 41.259, 41.348, 42.76, 43.319, 43.115, 44.155, 44.46, 44.973, 45.831, 45.658, 44.89, 44.619, 44.225, 43.004, 43.801, 44.545, 42.647, 41.574, 41.583, 41.428, 41.19, 42.044, 42.22, 42.508, 43.528, 40.971, 38.833, 39.058, 38.897, 38.958, 27.626], [28.761, 26.002, 21.391, 19.904, 17.593, 12.909, 9.631, 5.741, 0.0, 7.431, 17.368, 22.018, 22.861, 27.832, 33.34, 35.132, 35.716, 36.376, 37.534, 38.645, 40.097, 41.237, 41.35, 42.833, 43.42, 43.244, 44.304, 44.619, 45.161, 46.072, 45.95, 45.291, 45.116, 44.713, 43.508, 44.275, 44.999, 43.158, 42.068, 42.097, 41.96, 41.718, 42.576, 42.736, 42.985, 43.967, 41.408, 39.261, 39.467, 39.339, 39.425, 29.22], [29.154, 26.473, 22.187, 20.899, 19.016, 15.331, 12.934, 10.57, 7.431, 0.0, 12.183, 18.153, 19.092, 24.756, 31.161, 33.24, 33.889, 34.612, 35.876, 37.128, 38.714, 39.866, 40.037, 41.786, 42.489, 42.324, 43.506, 43.854, 44.442, 45.429, 45.333, 44.646, 44.479, 44.039, 42.773, 43.699, 44.507, 42.577, 41.428, 41.488, 41.351, 41.097, 42.015, 42.213, 42.482, 43.513, 40.756, 38.365, 38.574, 38.433, 38.497, 29.61], [30.456, 28.193, 24.813, 23.939, 22.657, 20.397, 19.268, 18.391, 17.368, 12.183, 0.0, 8.031, 9.808, 16.794, 25.084, 27.915, 28.97, 30.03, 31.644, 33.259, 35.141, 36.398, 36.657, 38.953, 40.029, 39.928, 41.334, 41.809, 42.548, 43.662, 43.69, 43.35, 43.61, 43.17, 42.004, 43.319, 44.219, 42.083, 40.809, 40.826, 40.649, 40.372, 41.354, 41.631, 42.059, 43.224, 40.216, 37.607, 37.864, 37.731, 37.769, 30.982], [31.949, 30.076, 27.27, 26.566, 25.533, 23.829, 23.096, 22.612, 22.018, 18.153, 8.031, 0.0, 4.532, 12.771, 20.942, 24.005, 25.63, 27.049, 28.941, 30.752, 32.752, 34.123, 34.445, 36.935, 38.214, 38.206, 39.74, 40.311, 41.18, 42.398, 42.552, 42.729, 43.555, 43.171, 42.175, 43.65, 44.53, 42.395, 41.115, 41.062, 40.86, 40.596, 41.511, 41.794, 42.313, 43.504, 40.546, 38.044, 38.27, 38.126, 38.147, 32.443], [32.346, 30.503, 27.723, 27.007, 26.037, 24.475, 23.806, 23.381, 22.861, 19.092, 9.808, 4.532, 0.0, 10.992, 20.117, 23.169, 24.796, 26.356, 28.429, 30.36, 32.399, 33.775, 34.157, 36.699, 38.013, 38.025, 39.572, 40.166, 41.026, 42.229, 42.395, 42.63, 43.536, 43.199, 42.221, 43.71, 44.593, 42.494, 41.256, 41.197, 40.984, 40.715, 41.587, 41.834, 42.331, 43.487, 40.542, 38.073, 38.28, 38.146, 38.181, 32.853], [34.515, 33.036, 30.735, 30.1, 29.419, 28.409, 28.108, 28.089, 27.832, 24.756, 16.794, 12.771, 10.992, 0.0, 11.857, 17.147, 19.354, 21.426, 24.12, 26.383, 28.685, 30.555, 31.036, 33.525, 34.966, 34.953, 36.568, 37.278, 38.36, 39.86, 40.368, 41.254, 42.637, 42.248, 41.605, 43.345, 44.115, 41.955, 40.695, 40.518, 40.27, 40.002, 40.814, 41.138, 41.892, 43.15, 40.04, 37.52, 37.726, 37.583, 37.59, 35.056], [38.246, 37.162, 35.363, 34.783, 34.328, 33.636, 33.429, 33.518, 33.34, 31.161, 25.084, 20.942, 20.117, 11.857, 0.0, 9.278, 14.655, 17.875, 20.837, 23.116, 25.677, 28.228, 28.922, 31.29, 32.822, 32.958, 34.691, 35.488, 36.84, 38.761, 39.702, 41.364, 43.333, 42.95, 42.677, 44.459, 45.075, 43.056, 41.787, 41.499, 41.259, 40.991, 41.589, 41.935, 42.904, 44.203, 41.289, 39.043, 39.214, 39.017, 38.948, 38.766], [39.345, 38.438, 36.888, 36.377, 35.954, 35.307, 35.112, 35.249, 35.132, 33.24, 27.915, 24.005, 23.169, 17.147, 9.278, 0.0, 9.288, 15.037, 18.146, 20.252, 23.419, 26.48, 27.408, 30.103, 31.817, 32.119, 33.985, 34.843, 36.286, 38.299, 39.303, 41.164, 43.406, 43.109, 42.867, 44.701, 45.371, 43.449, 42.171, 41.903, 41.665, 41.374, 41.941, 42.268, 43.233, 44.487, 41.644, 39.531, 39.721, 39.496, 39.383, 39.795], [39.403, 38.65, 37.234, 36.765, 36.34, 35.735, 35.568, 35.763, 35.716, 33.889, 28.97, 25.63, 24.796, 19.354, 14.655, 9.288, 0.0, 8.541, 13.479, 15.996, 19.464, 22.951, 24.104, 27.221, 29.205, 29.461, 31.47, 32.451, 33.893, 35.927, 36.927, 38.922, 41.519, 41.332, 41.242, 43.466, 44.349, 42.618, 41.491, 41.218, 40.958, 40.747, 41.451, 41.768, 42.716, 43.962, 41.039, 38.876, 39.101, 38.947, 38.883, 39.789], [39.642, 39.068, 37.8, 37.348, 36.952, 36.361, 36.161, 36.38, 36.376, 34.612, 30.03, 27.049, 26.356, 21.426, 17.875, 15.037, 8.541, 0.0, 7.628, 12.208, 15.333, 18.778, 20.236, 23.9, 26.207, 26.511, 28.891, 30.058, 31.371, 33.39, 34.388, 36.453, 39.305, 39.242, 39.459, 42.059, 42.996, 41.491, 40.721, 40.49, 40.198, 40.1, 40.906, 41.197, 42.109, 43.349, 40.532, 38.475, 38.709, 38.657, 38.648, 39.891], [40.311, 39.871, 38.813, 38.397, 38.009, 37.455, 37.253, 37.494, 37.534, 35.876, 31.644, 28.941, 28.429, 24.12, 20.837, 18.146, 13.479, 7.628, 0.0, 7.196, 11.915, 15.994, 17.658, 21.826, 24.437, 24.862, 27.492, 28.797, 30.139, 32.259, 33.351, 35.525, 38.528, 38.525, 38.879, 41.6, 42.573, 41.163, 40.479, 40.321, 40.064, 39.959, 40.739, 41.047, 41.985, 43.193, 40.472, 38.537, 38.768, 38.75, 38.765, 40.481], [41.041, 40.658, 39.731, 39.355, 38.986, 38.496, 38.335, 38.588, 38.645, 37.128, 33.259, 30.752, 30.36, 26.383, 23.116, 20.252, 15.996, 12.208, 7.196, 0.0, 8.107, 14.529, 16.129, 20.153, 23.045, 23.636, 26.604, 27.992, 29.583, 32.114, 33.448, 35.816, 38.895, 38.855, 39.238, 41.89, 42.873, 41.604, 40.861, 40.703, 40.516, 40.408, 41.1, 41.429, 42.43, 43.612, 40.951, 39.072, 39.294, 39.204, 39.146, 41.208], [42.313, 41.943, 41.152, 40.836, 40.516, 40.068, 39.875, 40.069, 40.097, 38.714, 35.141, 32.752, 32.399, 28.685, 25.677, 23.419, 19.464, 15.333, 11.915, 8.107, 0.0, 8.754, 11.829, 16.791, 20.399, 21.765, 25.625, 27.217, 28.847, 31.596, 33.066, 35.712, 39.065, 39.058, 39.597, 42.327, 43.291, 42.205, 41.71, 41.608, 41.41, 41.406, 42.116, 42.359, 43.252, 44.355, 41.912, 40.212, 40.368, 40.294, 40.252, 42.422], [43.556, 43.185, 42.477, 42.204, 41.927, 41.446, 41.154, 41.259, 41.237, 39.866, 36.398, 34.123, 33.775, 30.555, 28.228, 26.48, 22.951, 18.778, 15.994, 14.529, 8.754, 0.0, 6.923, 15.409, 19.702, 21.724, 26.057, 27.788, 29.196, 31.654, 33.002, 35.658, 39.168, 39.27, 39.875, 42.689, 43.661, 42.71, 42.582, 42.69, 42.504, 42.616, 43.477, 43.682, 44.428, 45.442, 43.198, 41.614, 41.658, 41.618, 41.625, 43.59], [43.213, 42.974, 42.381, 42.126, 41.887, 41.49, 41.233, 41.348, 41.35, 40.037, 36.657, 34.445, 34.157, 31.036, 28.922, 27.408, 24.104, 20.236, 17.658, 16.129, 11.829, 6.923, 0.0, 10.897, 16.291, 18.441, 23.32, 25.329, 27.048, 29.823, 31.265, 34.051, 37.789, 37.942, 38.635, 41.639, 42.649, 41.746, 41.727, 41.945, 41.796, 41.939, 42.942, 43.27, 44.096, 45.166, 42.833, 41.147, 41.185, 41.149, 41.188, 43.199], [43.566, 43.481, 43.128, 42.961, 42.787, 42.646, 42.59, 42.76, 42.833, 41.786, 38.953, 36.935, 36.699, 33.525, 31.29, 30.103, 27.221, 23.9, 21.826, 20.153, 16.791, 15.409, 10.897, 0.0, 7.569, 11.786, 17.639, 19.92, 22.53, 26.266, 28.154, 31.665, 36.085, 36.292, 37.341, 40.657, 41.673, 40.935, 41.012, 41.189, 41.073, 41.296, 42.254, 42.717, 43.783, 44.872, 42.604, 41.147, 41.231, 41.203, 41.303, 43.529], [43.735, 43.662, 43.395, 43.281, 43.146, 43.085, 43.112, 43.319, 43.42, 42.489, 40.029, 38.214, 38.013, 34.966, 32.822, 31.817, 29.205, 26.207, 24.437, 23.045, 20.399, 19.702, 16.291, 7.569, 0.0, 8.188, 15.468, 17.447, 20.362, 24.721, 26.851, 30.666, 35.414, 35.665, 36.816, 40.222, 41.24, 40.473, 40.538, 40.75, 40.666, 40.928, 41.879, 42.377, 43.566, 44.727, 42.546, 41.229, 41.394, 41.386, 41.489, 43.716], [43.432, 43.357, 43.072, 42.963, 42.85, 42.805, 42.862, 43.115, 43.244, 42.324, 39.928, 38.206, 38.025, 34.953, 32.958, 32.119, 29.461, 26.511, 24.862, 23.636, 21.765, 21.724, 18.441, 11.786, 8.188, 0.0, 9.671, 12.468, 15.303, 20.27, 22.808, 27.048, 32.289, 32.7, 34.196, 37.955, 39.081, 38.546, 38.791, 39.002, 39.003, 39.388, 40.478, 41.156, 42.549, 43.807, 41.842, 40.686, 40.896, 40.972, 41.072, 43.449], [44.148, 44.108, 43.882, 43.777, 43.711, 43.758, 43.883, 44.155, 44.304, 43.506, 41.334, 39.74, 39.572, 36.568, 34.691, 33.985, 31.47, 28.891, 27.492, 26.604, 25.625, 26.057, 23.32, 17.639, 15.468, 9.671, 0.0, 4.971, 9.17, 14.406, 17.521, 22.719, 28.797, 29.447, 31.47, 35.639, 36.868, 36.715, 37.247, 37.418, 37.569, 38.215, 39.363, 40.278, 42.048, 43.275, 41.744, 41.203, 41.493, 41.679, 41.868, 44.232], [44.312, 44.251, 44.027, 43.919, 43.869, 43.97, 44.157, 44.46, 44.619, 43.854, 41.809, 40.311, 40.166, 37.278, 35.488, 34.843, 32.451, 30.058, 28.797, 27.992, 27.217, 27.788, 25.329, 19.92, 17.447, 12.468, 4.971, 0.0, 6.929, 13.319, 16.639, 21.9, 28.128, 28.827, 30.928, 35.172, 36.43, 36.3, 36.851, 37.05, 37.249, 37.948, 39.073, 40.055, 41.992, 43.267, 41.766, 41.308, 41.681, 41.872, 42.073, 44.432], [44.836, 44.75, 44.508, 44.401, 44.362, 44.46, 44.649, 44.973, 45.161, 44.442, 42.548, 41.18, 41.026, 38.36, 36.84, 36.286, 33.893, 31.371, 30.139, 29.583, 28.847, 29.196, 27.048, 22.53, 20.362, 15.303, 9.17, 6.929, 0.0, 8.034, 12.524, 18.663, 25.615, 26.597, 29.2, 33.637, 34.867, 35.121, 36.138, 36.456, 36.711, 37.498, 38.689, 39.68, 41.594, 42.876, 41.755, 41.584, 41.999, 42.467, 42.795, 44.937], [45.586, 45.526, 45.328, 45.227, 45.202, 45.31, 45.493, 45.831, 46.072, 45.429, 43.662, 42.398, 42.229, 39.86, 38.761, 38.299, 35.927, 33.39, 32.259, 32.114, 31.596, 31.654, 29.823, 26.266, 24.721, 20.27, 14.406, 13.319, 8.034, 0.0, 6.229, 14.448, 22.48, 23.848, 26.874, 31.575, 32.851, 33.565, 35.161, 35.556, 35.881, 36.86, 38.148, 39.166, 41.116, 42.344, 41.691, 42.085, 42.557, 43.369, 43.964, 45.66], [45.234, 45.191, 45.029, 44.933, 44.914, 45.067, 45.285, 45.658, 45.95, 45.333, 43.69, 42.552, 42.395, 40.368, 39.702, 39.303, 36.927, 34.388, 33.351, 33.448, 33.066, 33.002, 31.265, 28.154, 26.851, 22.808, 17.521, 16.639, 12.524, 6.229, 0.0, 9.921, 19.257, 20.981, 24.113, 29.293, 30.807, 31.74, 33.641, 34.122, 34.503, 35.627, 37.048, 38.131, 40.171, 41.426, 40.895, 41.532, 42.089, 43.056, 43.81, 45.318], [44.263, 44.186, 44.02, 43.928, 43.917, 44.127, 44.416, 44.89, 45.291, 44.646, 43.35, 42.729, 42.63, 41.254, 41.364, 41.164, 38.922, 36.453, 35.525, 35.816, 35.712, 35.658, 34.051, 31.665, 30.666, 27.048, 22.719, 21.9, 18.663, 14.448, 9.921, 0.0, 11.099, 14.136, 17.754, 24.086, 26.249, 27.811, 30.383, 31.139, 31.705, 33.086, 34.835, 36.154, 38.399, 39.794, 39.393, 40.214, 40.897, 42.05, 42.931, 44.393], [43.769, 43.673, 43.51, 43.421, 43.439, 43.706, 44.054, 44.619, 45.116, 44.479, 43.61, 43.555, 43.536, 42.637, 43.333, 43.406, 41.519, 39.305, 38.528, 38.895, 39.065, 39.168, 37.789, 36.085, 35.414, 32.289, 28.797, 28.128, 25.615, 22.48, 19.257, 11.099, 0.0, 5.918, 11.262, 17.866, 20.41, 23.211, 26.753, 27.832, 28.713, 30.372, 32.461, 34.069, 36.541, 38.068, 37.969, 39.165, 39.958, 41.311, 42.376, 43.913], [43.301, 43.206, 43.054, 42.977, 42.987, 43.267, 43.647, 44.225, 44.713, 44.039, 43.17, 43.171, 43.199, 42.248, 42.95, 43.109, 41.332, 39.242, 38.525, 38.855, 39.058, 39.27, 37.942, 36.292, 35.665, 32.7, 29.447, 28.827, 26.597, 23.848, 20.981, 14.136, 5.918, 0.0, 8.394, 15.904, 18.237, 21.161, 24.868, 26.033, 27.023, 28.798, 30.958, 32.618, 35.287, 36.924, 36.743, 37.983, 38.805, 40.257, 41.49, 43.456], [42.151, 42.005, 41.809, 41.722, 41.689, 41.981, 42.395, 43.004, 43.508, 42.773, 42.004, 42.175, 42.221, 41.605, 42.677, 42.867, 41.242, 39.459, 38.879, 39.238, 39.597, 39.875, 38.635, 37.341, 36.816, 34.196, 31.47, 30.928, 29.2, 26.874, 24.113, 17.754, 11.262, 8.394, 0.0, 10.468, 14.905, 17.621, 21.579, 23.49, 24.756, 26.706, 29.288, 31.099, 33.845, 35.686, 35.181, 36.257, 37.156, 38.628, 40.021, 42.294], [43.103, 42.954, 42.773, 42.658, 42.612, 42.896, 43.26, 43.801, 44.275, 43.699, 43.319, 43.65, 43.71, 43.345, 44.459, 44.701, 43.466, 42.059, 41.6, 41.89, 42.327, 42.689, 41.639, 40.657, 40.222, 37.955, 35.639, 35.172, 33.637, 31.575, 29.293, 24.086, 17.866, 15.904, 10.468, 0.0, 8.113, 14.391, 19.303, 21.979, 23.807, 25.865, 28.743, 30.758, 33.399, 35.289, 35.279, 36.786, 37.694, 39.276, 40.906, 43.196], [43.994, 43.883, 43.694, 43.543, 43.493, 43.74, 44.046, 44.545, 44.999, 44.507, 44.219, 44.53, 44.593, 44.115, 45.075, 45.371, 44.349, 42.996, 42.573, 42.873, 43.291, 43.661, 42.649, 41.673, 41.24, 39.081, 36.868, 36.43, 34.867, 32.851, 30.807, 26.249, 20.41, 18.237, 14.905, 8.113, 0.0, 10.711, 17.493, 20.605, 22.673, 24.921, 28.021, 30.291, 33.101, 35.065, 35.418, 37.258, 38.207, 39.954, 41.748, 44.072], [42.176, 42.029, 41.765, 41.585, 41.508, 41.745, 42.084, 42.647, 43.158, 42.577, 42.083, 42.395, 42.494, 41.955, 43.056, 43.449, 42.618, 41.491, 41.163, 41.604, 42.205, 42.71, 41.746, 40.935, 40.473, 38.546, 36.715, 36.3, 35.121, 33.565, 31.74, 27.811, 23.211, 21.161, 17.621, 14.391, 10.711, 0.0, 9.632, 14.985, 17.535, 19.938, 23.872, 26.835, 30.288, 32.634, 32.525, 34.472, 35.752, 37.565, 39.553, 42.331], [40.993, 40.851, 40.562, 40.382, 40.321, 40.569, 40.98, 41.574, 42.068, 41.428, 40.809, 41.115, 41.256, 40.695, 41.787, 42.171, 41.491, 40.721, 40.479, 40.861, 41.71, 42.582, 41.727, 41.012, 40.538, 38.791, 37.247, 36.851, 36.138, 35.161, 33.641, 30.383, 26.753, 24.868, 21.579, 19.303, 17.493, 9.632, 0.0, 8.374, 12.579, 14.683, 19.133, 23.135, 27.499, 30.259, 29.86, 32.098, 33.736, 35.598, 37.754, 41.266], [40.425, 40.398, 40.215, 40.058, 40.077, 40.432, 40.93, 41.583, 42.097, 41.488, 40.826, 41.062, 41.197, 40.518, 41.499, 41.903, 41.218, 40.49, 40.321, 40.703, 41.608, 42.69, 41.945, 41.189, 40.75, 39.002, 37.418, 37.05, 36.456, 35.556, 34.122, 31.139, 27.832, 26.033, 23.49, 21.979, 20.605, 14.985, 8.374, 0.0, 6.235, 9.66, 14.319, 19.134, 24.542, 27.543, 27.528, 30.456, 32.199, 34.182, 36.523, 40.793], [39.954, 40.021, 39.93, 39.795, 39.828, 40.233, 40.756, 41.428, 41.96, 41.351, 40.649, 40.86, 40.984, 40.27, 41.259, 41.665, 40.958, 40.198, 40.064, 40.516, 41.41, 42.504, 41.796, 41.073, 40.666, 39.003, 37.569, 37.249, 36.711, 35.881, 34.503, 31.705, 28.713, 27.023, 24.756, 23.807, 22.673, 17.535, 12.579, 6.235, 0.0, 6.388, 12.506, 16.962, 22.55, 25.773, 25.843, 29.075, 30.898, 33.01, 35.525, 40.346], [39.912, 39.939, 39.793, 39.641, 39.664, 40.028, 40.524, 41.19, 41.718, 41.097, 40.372, 40.596, 40.715, 40.002, 40.991, 41.374, 40.747, 40.1, 39.959, 40.408, 41.406, 42.616, 41.939, 41.296, 40.928, 39.388, 38.215, 37.948, 37.498, 36.86, 35.627, 33.086, 30.372, 28.798, 26.706, 25.865, 24.921, 19.938, 14.683, 9.66, 6.388, 0.0, 8.61, 14.507, 20.177, 23.722, 24.041, 27.67, 29.737, 32.102, 34.834, 40.32], [40.439, 40.51, 40.403, 40.264, 40.345, 40.787, 41.349, 42.044, 42.576, 42.015, 41.354, 41.511, 41.587, 40.814, 41.589, 41.941, 41.451, 40.906, 40.739, 41.1, 42.116, 43.477, 42.942, 42.254, 41.879, 40.478, 39.363, 39.073, 38.689, 38.148, 37.048, 34.835, 32.461, 30.958, 29.288, 28.743, 28.021, 23.872, 19.133, 14.319, 12.506, 8.61, 0.0, 9.443, 17.469, 21.142, 22.189, 26.916, 29.205, 31.695, 34.587, 40.88], [40.542, 40.716, 40.603, 40.439, 40.53, 40.979, 41.55, 42.22, 42.736, 42.213, 41.631, 41.794, 41.834, 41.138, 41.935, 42.268, 41.768, 41.197, 41.047, 41.429, 42.359, 43.682, 43.27, 42.717, 42.377, 41.156, 40.278, 40.055, 39.68, 39.166, 38.131, 36.154, 34.069, 32.618, 31.099, 30.758, 30.291, 26.835, 23.135, 19.134, 16.962, 14.507, 9.443, 0.0, 11.149, 16.199, 18.102, 24.343, 27.273, 30.384, 33.671, 40.911], [41.224, 41.421, 41.222, 40.985, 41.068, 41.446, 41.91, 42.508, 42.985, 42.482, 42.059, 42.313, 42.331, 41.892, 42.904, 43.233, 42.716, 42.109, 41.985, 42.43, 43.252, 44.428, 44.096, 43.783, 43.566, 42.549, 42.048, 41.992, 41.594, 41.116, 40.171, 38.399, 36.541, 35.287, 33.845, 33.399, 33.101, 30.288, 27.499, 24.542, 22.55, 20.177, 17.469, 11.149, 0.0, 8.336, 13.958, 21.872, 25.411, 29.404, 33.191, 41.5], [42.13, 42.377, 42.273, 42.052, 42.16, 42.558, 42.982, 43.528, 43.967, 43.513, 43.224, 43.504, 43.487, 43.15, 44.203, 44.487, 43.962, 43.349, 43.193, 43.612, 44.355, 45.442, 45.166, 44.872, 44.727, 43.807, 43.275, 43.267, 42.876, 42.344, 41.426, 39.794, 38.068, 36.924, 35.686, 35.289, 35.065, 32.634, 30.259, 27.543, 25.773, 23.722, 21.142, 16.199, 8.336, 0.0, 11.111, 21.64, 25.174, 29.181, 33.286, 42.393], [39.56, 39.734, 39.58, 39.388, 39.397, 39.803, 40.345, 40.971, 41.408, 40.756, 40.216, 40.546, 40.542, 40.04, 41.289, 41.644, 41.039, 40.532, 40.472, 40.951, 41.912, 43.198, 42.833, 42.604, 42.546, 41.842, 41.744, 41.766, 41.755, 41.691, 40.895, 39.393, 37.969, 36.743, 35.181, 35.279, 35.418, 32.525, 29.86, 27.528, 25.843, 24.041, 22.189, 18.102, 13.958, 11.111, 0.0, 13.373, 18.719, 23.145, 27.929, 39.887], [37.945, 37.932, 37.605, 37.449, 37.311, 37.603, 38.166, 38.833, 39.261, 38.365, 37.607, 38.044, 38.073, 37.52, 39.043, 39.531, 38.876, 38.475, 38.537, 39.072, 40.212, 41.614, 41.147, 41.147, 41.229, 40.686, 41.203, 41.308, 41.584, 42.085, 41.532, 40.214, 39.165, 37.983, 36.257, 36.786, 37.258, 34.472, 32.098, 30.456, 29.075, 27.67, 26.916, 24.343, 21.872, 21.64, 13.373, 0.0, 9.124, 15.617, 20.926, 38.25], [38.233, 38.224, 37.936, 37.812, 37.638, 37.873, 38.396, 39.058, 39.467, 38.574, 37.864, 38.27, 38.28, 37.726, 39.214, 39.721, 39.101, 38.709, 38.768, 39.294, 40.368, 41.658, 41.185, 41.231, 41.394, 40.896, 41.493, 41.681, 41.999, 42.557, 42.089, 40.897, 39.958, 38.805, 37.156, 37.694, 38.207, 35.752, 33.736, 32.199, 30.898, 29.737, 29.205, 27.273, 25.411, 25.174, 18.719, 9.124, 0.0, 9.515, 16.647, 38.417], [37.866, 37.847, 37.613, 37.518, 37.337, 37.602, 38.173, 38.897, 39.339, 38.433, 37.731, 38.126, 38.146, 37.583, 39.017, 39.496, 38.947, 38.657, 38.75, 39.204, 40.294, 41.618, 41.149, 41.203, 41.386, 40.972, 41.679, 41.872, 42.467, 43.369, 43.056, 42.05, 41.311, 40.257, 38.628, 39.276, 39.954, 37.565, 35.598, 34.182, 33.01, 32.102, 31.695, 30.384, 29.404, 29.181, 23.145, 15.617, 9.515, 0.0, 9.727, 38.056], [37.887, 37.833, 37.598, 37.561, 37.377, 37.62, 38.202, 38.958, 39.425, 38.497, 37.769, 38.147, 38.181, 37.59, 38.948, 39.383, 38.883, 38.648, 38.765, 39.146, 40.252, 41.625, 41.188, 41.303, 41.489, 41.072, 41.868, 42.073, 42.795, 43.964, 43.81, 42.931, 42.376, 41.49, 40.021, 40.906, 41.748, 39.553, 37.754, 36.523, 35.525, 34.834, 34.587, 33.671, 33.191, 33.286, 27.929, 20.926, 16.647, 9.727, 0.0, 38.105], [8.42, 13.304, 18.017, 20.453, 21.632, 24.426, 26.298, 27.626, 29.22, 29.61, 30.982, 32.443, 32.853, 35.056, 38.766, 39.795, 39.789, 39.891, 40.481, 41.208, 42.422, 43.59, 43.199, 43.529, 43.716, 43.449, 44.232, 44.432, 44.937, 45.66, 45.318, 44.393, 43.913, 43.456, 42.294, 43.196, 44.072, 42.331, 41.266, 40.793, 40.346, 40.32, 40.88, 40.911, 41.5, 42.393, 39.887, 38.25, 38.417, 38.056, 38.105, 0.0]]