[[0.0, 6.187, 11.436, 14.717, 16.626, 18.711, 21.795, 24.435, 26.534, 28.83, 30.814, 31.51, 31.411, 31.374, 31.671, 32.404, 33.569, 34.762, 35.54, 35.529, 35.266, 35.991, 36.759, 36.951, 37.321, 38.047, 38.986, 39.57, 39.632, 39.668, 39.768, 39.759, 39.901, 40.156, 40.136, 40.151, 41.001, 41.819, 41.972, 42.612, 43.416, 43.19, 42.647, 42.569, 42.588, 42.259, 41.394, 39.827, 38.041, 38.301, 39.934, 41.58, 42.736, 43.351, 42.653, 41.829, 41.677, 41.636, 41.573, 41.406, 41.18, 40.898, 40.609, 40.419, 40.262, 40.314, 40.443, 40.588, 40.511, 40.434, 40.468, 40.3, 40.143, 40.218, 40.237, 40.02, 39.851, 39.49, 39.361, 39.789, 40.168, 40.128, 40.141, 40.732, 41.065, 41.097, 41.449, 41.887, 41.652, 41.047, 40.968, 41.059, 40.882, 40.646, 40.563, 40.659, 40.751, 41.003, 41.597, 41.559, 40.382, 39.532, 39.967, 40.269, 39.939, 40.04, 40.324, 40.702, 40.973, 41.197, 41.462, 41.492, 41.583, 41.621, 41.569, 41.954, 43.04, 44.171, 45.011, 45.481, 45.474, 45.511, 45.568, 45.438, 46.071, 47.244, 47.24, 46.124, 45.648, 45.77, 45.812, 46.162, 46.828, 46.38, 45.379, 45.645, 46.078, 45.583, 45.562, 47.229, 48.514, 47.183, 44.667, 43.657, 43.858, 8.912], [6.187, 0.0, 7.026, 11.784, 14.294, 16.306, 19.472, 22.434, 24.842, 27.347, 29.441, 30.181, 30.094, 30.088, 30.466, 31.339, 32.681, 33.991, 34.744, 34.584, 34.162, 34.885, 35.771, 36.06, 36.394, 37.089, 38.141, 38.873, 39.015, 39.118, 39.3, 39.325, 39.449, 39.686, 39.668, 39.693, 40.592, 41.472, 41.673, 42.373, 43.227, 43.012, 42.462, 42.367, 42.368, 41.995, 41.056, 39.405, 37.511, 37.662, 39.226, 40.835, 42.059, 42.771, 42.091, 41.204, 41.012, 40.969, 40.912, 40.754, 40.548, 40.272, 39.937, 39.694, 39.518, 39.567, 39.691, 39.828, 39.736, 39.64, 39.663, 39.504, 39.355, 39.42, 39.43, 39.236, 39.115, 38.77, 38.633, 39.125, 39.543, 39.483, 39.539, 40.241, 40.627, 40.661, 41.023, 41.49, 41.286, 40.721, 40.694, 40.804, 40.606, 40.361, 40.321, 40.491, 40.607, 40.857, 41.466, 41.405, 40.142, 39.213, 39.639, 39.98, 39.662, 39.748, 40.031, 40.45, 40.709, 40.796, 40.917, 40.887, 40.965, 40.968, 40.884, 41.319, 42.582, 43.892, 44.812, 45.285, 45.266, 45.302, 45.349, 45.218, 45.919, 47.175, 47.185, 46.02, 45.487, 45.572, 45.608, 46.005, 46.71, 46.25, 45.254, 45.583, 46.06, 45.549, 45.541, 47.306, 48.648, 47.255, 44.578, 43.452, 43.646, 12.44], [11.436, 7.026, 0.0, 6.463, 10.713, 13.168, 16.409, 19.678, 22.489, 25.427, 27.845, 28.716, 28.688, 28.831, 29.487, 30.696, 32.293, 33.691, 34.435, 34.308, 33.982, 34.743, 35.568, 35.866, 36.316, 37.084, 38.2, 39.031, 39.211, 39.26, 39.396, 39.42, 39.553, 39.79, 39.786, 39.823, 40.708, 41.569, 41.742, 42.415, 43.283, 43.09, 42.535, 42.454, 42.496, 42.144, 41.222, 39.628, 37.833, 38.144, 39.783, 41.195, 42.183, 42.757, 42.068, 41.243, 41.106, 41.076, 41.016, 40.844, 40.613, 40.334, 40.053, 39.873, 39.716, 39.763, 39.891, 40.039, 39.988, 39.95, 39.986, 39.82, 39.665, 39.722, 39.687, 39.398, 39.216, 38.908, 38.803, 39.287, 39.702, 39.643, 39.662, 40.301, 40.671, 40.735, 41.103, 41.511, 41.218, 40.597, 40.575, 40.694, 40.492, 40.244, 40.165, 40.296, 40.417, 40.675, 41.281, 41.207, 39.967, 39.079, 39.516, 39.864, 39.584, 39.701, 39.969, 40.371, 40.687, 40.889, 41.086, 41.073, 41.176, 41.215, 41.154, 41.573, 42.797, 44.085, 44.994, 45.468, 45.427, 45.432, 45.466, 45.318, 45.978, 47.197, 47.214, 46.098, 45.603, 45.709, 45.755, 46.172, 46.882, 46.394, 45.346, 45.66, 46.139, 45.594, 45.515, 47.235, 48.59, 47.258, 44.668, 43.588, 43.774, 15.707], [14.717, 11.784, 6.463, 0.0, 5.738, 9.791, 13.978, 17.262, 19.99, 23.239, 26.062, 27.122, 27.188, 27.483, 28.31, 29.68, 31.419, 32.887, 33.668, 33.647, 33.541, 34.511, 35.39, 35.653, 36.168, 37.085, 38.291, 39.178, 39.437, 39.574, 39.787, 39.836, 39.966, 40.229, 40.275, 40.341, 41.216, 42.054, 42.2, 42.856, 43.738, 43.542, 42.944, 42.85, 42.923, 42.595, 41.719, 40.203, 38.474, 38.786, 40.394, 41.744, 42.742, 43.277, 42.549, 41.734, 41.61, 41.579, 41.518, 41.348, 41.103, 40.796, 40.509, 40.345, 40.204, 40.257, 40.392, 40.552, 40.529, 40.516, 40.563, 40.392, 40.221, 40.272, 40.247, 39.986, 39.795, 39.442, 39.298, 39.742, 40.139, 40.077, 40.074, 40.652, 40.967, 41.01, 41.364, 41.734, 41.371, 40.668, 40.596, 40.701, 40.514, 40.292, 40.199, 40.29, 40.418, 40.713, 41.344, 41.294, 40.093, 39.249, 39.725, 40.093, 39.832, 39.954, 40.201, 40.558, 40.847, 41.111, 41.421, 41.464, 41.592, 41.677, 41.67, 42.101, 43.24, 44.407, 45.247, 45.716, 45.658, 45.63, 45.662, 45.512, 46.121, 47.272, 47.267, 46.181, 45.731, 45.865, 45.904, 46.282, 46.959, 46.458, 45.384, 45.664, 46.119, 45.568, 45.455, 47.121, 48.472, 47.22, 44.777, 43.811, 44.009, 18.463], [16.626, 14.294, 10.713, 5.738, 0.0, 5.89, 11.817, 15.374, 17.882, 21.336, 24.556, 25.834, 26.021, 26.463, 27.376, 28.716, 30.417, 31.896, 32.717, 32.758, 32.812, 33.999, 34.992, 35.238, 35.772, 36.85, 38.17, 39.1, 39.443, 39.736, 40.093, 40.2, 40.325, 40.602, 40.687, 40.773, 41.654, 42.499, 42.642, 43.294, 44.174, 43.965, 43.339, 43.213, 43.283, 42.98, 42.147, 40.677, 38.961, 39.17, 40.701, 42.1, 43.196, 43.747, 42.991, 42.165, 42.031, 41.996, 41.939, 41.782, 41.542, 41.209, 40.883, 40.706, 40.581, 40.642, 40.776, 40.939, 40.922, 40.923, 40.992, 40.829, 40.654, 40.711, 40.729, 40.532, 40.359, 39.97, 39.787, 40.17, 40.525, 40.441, 40.427, 40.984, 41.264, 41.266, 41.604, 41.98, 41.617, 40.877, 40.751, 40.839, 40.674, 40.493, 40.439, 40.543, 40.685, 40.996, 41.632, 41.615, 40.458, 39.64, 40.132, 40.513, 40.272, 40.403, 40.632, 40.958, 41.22, 41.472, 41.802, 41.868, 42.008, 42.108, 42.121, 42.571, 43.696, 44.804, 45.596, 46.06, 46.003, 45.96, 45.975, 45.836, 46.462, 47.605, 47.577, 46.481, 46.04, 46.185, 46.218, 46.551, 47.191, 46.693, 45.612, 45.849, 46.28, 45.746, 45.635, 47.264, 48.594, 47.369, 44.996, 44.082, 44.284, 20.334], [18.711, 16.306, 13.168, 9.791, 5.89, 0.0, 7.093, 11.808, 15.256, 19.558, 23.385, 24.989, 25.376, 26.03, 27.128, 28.523, 30.144, 31.533, 32.356, 32.479, 32.666, 33.967, 34.969, 35.186, 35.806, 37.046, 38.435, 39.386, 39.726, 39.993, 40.334, 40.47, 40.623, 40.897, 40.982, 41.077, 41.949, 42.769, 42.886, 43.496, 44.344, 44.17, 43.614, 43.507, 43.581, 43.319, 42.532, 41.089, 39.396, 39.64, 41.232, 42.661, 43.666, 44.107, 43.319, 42.565, 42.502, 42.48, 42.419, 42.265, 42.017, 41.676, 41.374, 41.236, 41.141, 41.205, 41.33, 41.481, 41.471, 41.507, 41.596, 41.446, 41.298, 41.392, 41.452, 41.245, 41.032, 40.667, 40.515, 40.846, 41.163, 41.073, 41.0, 41.463, 41.696, 41.682, 42.004, 42.359, 41.978, 41.239, 41.105, 41.181, 41.034, 40.886, 40.835, 40.922, 41.056, 41.327, 41.888, 41.877, 40.815, 40.067, 40.55, 40.903, 40.673, 40.834, 41.044, 41.324, 41.648, 42.041, 42.425, 42.505, 42.659, 42.771, 42.767, 43.166, 44.23, 45.291, 46.061, 46.522, 46.479, 46.433, 46.418, 46.246, 46.869, 48.021, 47.994, 46.912, 46.502, 46.692, 46.75, 47.055, 47.679, 47.205, 46.117, 46.314, 46.749, 46.239, 46.097, 47.636, 48.922, 47.731, 45.401, 44.474, 44.635, 22.251], [21.795, 19.472, 16.409, 13.978, 11.817, 7.093, 0.0, 6.309, 12.097, 18.149, 22.805, 24.826, 25.479, 26.335, 27.61, 29.104, 30.661, 31.911, 32.695, 32.935, 33.332, 34.772, 35.745, 35.899, 36.619, 38.02, 39.421, 40.348, 40.635, 40.758, 40.947, 41.053, 41.244, 41.523, 41.592, 41.666, 42.475, 43.219, 43.276, 43.818, 44.634, 44.54, 44.108, 44.049, 44.146, 43.942, 43.221, 41.825, 40.203, 40.585, 42.31, 43.708, 44.528, 44.795, 43.982, 43.358, 43.409, 43.406, 43.334, 43.171, 42.903, 42.556, 42.315, 42.254, 42.196, 42.257, 42.365, 42.491, 42.499, 42.589, 42.7, 42.57, 42.479, 42.626, 42.724, 42.489, 42.212, 41.871, 41.712, 41.94, 42.208, 42.131, 41.977, 42.293, 42.469, 42.454, 42.754, 43.05, 42.63, 41.928, 41.813, 41.871, 41.747, 41.625, 41.524, 41.545, 41.666, 41.872, 42.309, 42.299, 41.383, 40.759, 41.247, 41.549, 41.292, 41.462, 41.648, 41.851, 42.224, 42.832, 43.362, 43.48, 43.646, 43.787, 43.789, 44.097, 44.965, 45.873, 46.591, 47.051, 47.015, 46.954, 46.908, 46.689, 47.248, 48.346, 48.309, 47.28, 46.963, 47.263, 47.375, 47.64, 48.248, 47.826, 46.758, 46.933, 47.39, 46.927, 46.756, 48.151, 49.375, 48.26, 46.023, 45.108, 45.226, 25.05], [24.435, 22.434, 19.678, 17.262, 15.374, 11.808, 6.309, 0.0, 7.626, 15.601, 21.343, 23.892, 24.799, 25.808, 27.215, 28.807, 30.395, 31.63, 32.418, 32.796, 33.541, 35.291, 36.351, 36.47, 37.212, 38.712, 40.132, 41.04, 41.301, 41.374, 41.524, 41.617, 41.814, 42.121, 42.226, 42.314, 43.098, 43.802, 43.82, 44.325, 45.134, 45.078, 44.676, 44.615, 44.719, 44.551, 43.881, 42.531, 40.989, 41.448, 43.218, 44.57, 45.323, 45.523, 44.731, 44.194, 44.292, 44.289, 44.211, 44.053, 43.779, 43.409, 43.155, 43.11, 43.071, 43.129, 43.227, 43.346, 43.372, 43.492, 43.615, 43.496, 43.42, 43.575, 43.696, 43.504, 43.233, 42.878, 42.627, 42.738, 42.952, 42.86, 42.68, 42.947, 43.098, 43.071, 43.351, 43.617, 43.183, 42.499, 42.378, 42.411, 42.31, 42.222, 42.096, 42.069, 42.194, 42.371, 42.737, 42.743, 41.931, 41.411, 41.933, 42.215, 41.936, 42.09, 42.264, 42.431, 42.769, 43.426, 44.05, 44.194, 44.359, 44.528, 44.557, 44.821, 45.535, 46.301, 46.958, 47.416, 47.382, 47.294, 47.228, 47.0, 47.509, 48.534, 48.457, 47.439, 47.193, 47.581, 47.72, 47.939, 48.52, 48.124, 47.07, 47.244, 47.701, 47.263, 47.102, 48.447, 49.641, 48.566, 46.392, 45.518, 45.642, 27.415], [26.534, 24.842, 22.489, 19.99, 17.882, 15.256, 12.097, 7.626, 0.0, 9.456, 16.869, 20.393, 21.659, 22.827, 24.485, 26.411, 28.297, 29.675, 30.504, 31.062, 32.313, 34.554, 35.817, 35.942, 36.653, 38.183, 39.654, 40.58, 40.874, 41.028, 41.319, 41.504, 41.697, 42.028, 42.256, 42.512, 43.415, 44.172, 44.214, 44.733, 45.544, 45.462, 45.005, 44.898, 44.984, 44.806, 44.137, 42.787, 41.248, 41.658, 43.327, 44.612, 45.399, 45.664, 44.95, 44.43, 44.493, 44.466, 44.392, 44.252, 43.991, 43.593, 43.268, 43.188, 43.149, 43.205, 43.3, 43.424, 43.452, 43.561, 43.681, 43.557, 43.447, 43.557, 43.692, 43.602, 43.405, 43.038, 42.745, 42.869, 43.07, 42.927, 42.731, 43.018, 43.172, 43.122, 43.379, 43.647, 43.227, 42.536, 42.377, 42.382, 42.294, 42.239, 42.127, 42.102, 42.24, 42.423, 42.773, 42.766, 41.95, 41.434, 41.975, 42.278, 42.006, 42.145, 42.341, 42.546, 42.849, 43.443, 44.061, 44.196, 44.37, 44.556, 44.583, 44.83, 45.525, 46.304, 46.966, 47.431, 47.407, 47.312, 47.231, 46.998, 47.501, 48.497, 48.378, 47.303, 47.027, 47.412, 47.546, 47.73, 48.277, 47.865, 46.809, 46.992, 47.439, 46.977, 46.828, 48.208, 49.407, 48.314, 46.121, 45.25, 45.391, 29.045], [28.83, 27.347, 25.427, 23.239, 21.336, 19.558, 18.149, 15.601, 9.456, 0.0, 8.937, 13.912, 15.888, 17.268, 19.366, 22.078, 24.727, 26.427, 27.246, 27.936, 29.766, 32.65, 34.224, 34.42, 35.154, 36.763, 38.329, 39.264, 39.609, 39.938, 40.485, 40.839, 41.038, 41.353, 41.736, 42.311, 43.46, 44.327, 44.44, 45.001, 45.792, 45.669, 45.184, 45.06, 45.106, 44.854, 44.143, 42.794, 41.245, 41.496, 42.871, 44.012, 44.815, 45.191, 44.592, 44.069, 44.098, 44.084, 44.023, 43.892, 43.655, 43.255, 42.867, 42.728, 42.664, 42.711, 42.8, 42.927, 42.939, 42.998, 43.089, 42.955, 42.797, 42.834, 42.952, 42.952, 42.826, 42.46, 42.252, 42.53, 42.782, 42.606, 42.397, 42.706, 42.868, 42.816, 43.07, 43.359, 42.99, 42.335, 42.173, 42.169, 42.084, 42.039, 41.969, 41.997, 42.146, 42.336, 42.686, 42.633, 41.749, 41.163, 41.684, 42.032, 41.78, 41.873, 42.103, 42.377, 42.636, 43.128, 43.671, 43.776, 43.944, 44.118, 44.117, 44.344, 45.056, 45.951, 46.703, 47.174, 47.153, 47.079, 47.005, 46.762, 47.267, 48.254, 48.116, 46.97, 46.571, 46.862, 46.961, 47.125, 47.636, 47.207, 46.172, 46.359, 46.79, 46.305, 46.175, 47.598, 48.798, 47.671, 45.429, 44.517, 44.647, 30.782], [30.814, 29.441, 27.845, 26.062, 24.556, 23.385, 22.805, 21.343, 16.869, 8.937, 0.0, 6.221, 9.47, 11.518, 14.268, 17.985, 21.615, 23.707, 24.411, 25.022, 27.22, 30.687, 32.638, 32.996, 33.818, 35.575, 37.253, 38.189, 38.565, 39.049, 39.785, 40.242, 40.446, 40.727, 41.179, 41.984, 43.326, 44.284, 44.452, 45.026, 45.768, 45.618, 45.157, 45.053, 45.077, 44.77, 44.026, 42.711, 41.226, 41.39, 42.496, 43.499, 44.221, 44.641, 44.138, 43.635, 43.668, 43.692, 43.646, 43.511, 43.296, 42.921, 42.521, 42.347, 42.259, 42.306, 42.399, 42.537, 42.54, 42.55, 42.609, 42.467, 42.29, 42.277, 42.35, 42.363, 42.254, 41.892, 41.801, 42.21, 42.518, 42.352, 42.16, 42.491, 42.651, 42.613, 42.896, 43.217, 42.911, 42.338, 42.228, 42.242, 42.154, 42.119, 42.109, 42.195, 42.334, 42.513, 42.868, 42.785, 41.856, 41.22, 41.715, 42.105, 41.883, 41.935, 42.178, 42.497, 42.71, 43.087, 43.511, 43.594, 43.743, 43.857, 43.815, 44.052, 44.794, 45.783, 46.601, 47.043, 46.996, 46.94, 46.897, 46.685, 47.223, 48.222, 48.095, 46.922, 46.427, 46.616, 46.652, 46.789, 47.292, 46.871, 45.893, 46.087, 46.494, 45.996, 45.887, 47.322, 48.514, 47.366, 45.087, 44.12, 44.211, 32.379], [31.51, 30.181, 28.716, 27.122, 25.834, 24.989, 24.826, 23.892, 20.393, 13.912, 6.221, 0.0, 4.408, 7.912, 11.615, 15.909, 20.035, 22.381, 23.048, 23.547, 25.818, 29.487, 31.62, 32.124, 33.058, 34.929, 36.686, 37.612, 37.967, 38.497, 39.29, 39.76, 39.962, 40.236, 40.682, 41.549, 42.998, 44.049, 44.275, 44.858, 45.569, 45.402, 44.952, 44.843, 44.853, 44.532, 43.778, 42.49, 41.06, 41.211, 42.2, 43.144, 43.837, 44.292, 43.83, 43.331, 43.357, 43.383, 43.335, 43.197, 42.999, 42.649, 42.252, 42.052, 41.943, 41.989, 42.084, 42.231, 42.235, 42.223, 42.264, 42.121, 41.947, 41.916, 41.945, 41.944, 41.861, 41.518, 41.479, 41.939, 42.272, 42.119, 41.958, 42.333, 42.502, 42.472, 42.782, 43.136, 42.869, 42.343, 42.274, 42.305, 42.208, 42.183, 42.225, 42.342, 42.462, 42.635, 43.011, 42.915, 41.957, 41.306, 41.796, 42.208, 42.01, 42.055, 42.291, 42.624, 42.806, 43.079, 43.398, 43.466, 43.592, 43.644, 43.568, 43.836, 44.646, 45.693, 46.522, 46.927, 46.849, 46.792, 46.766, 46.592, 47.179, 48.213, 48.108, 46.939, 46.421, 46.572, 46.577, 46.71, 47.227, 46.824, 45.894, 46.115, 46.516, 46.004, 45.899, 47.35, 48.549, 47.377, 45.051, 44.041, 44.114, 32.933], [31.411, 30.094, 28.688, 27.188, 26.021, 25.376, 25.479, 24.799, 21.659, 15.888, 9.47, 4.408, 0.0, 4.777, 9.716, 14.614, 18.981, 21.455, 22.166, 22.661, 24.969, 28.689, 30.879, 31.465, 32.44, 34.312, 36.106, 37.019, 37.335, 37.859, 38.677, 39.15, 39.344, 39.626, 40.079, 40.947, 42.429, 43.568, 43.904, 44.549, 45.267, 45.082, 44.613, 44.495, 44.495, 44.161, 43.392, 42.106, 40.689, 40.818, 41.746, 42.687, 43.422, 43.932, 43.484, 42.96, 42.957, 42.965, 42.907, 42.765, 42.581, 42.257, 41.864, 41.643, 41.512, 41.555, 41.651, 41.8, 41.8, 41.766, 41.794, 41.657, 41.499, 41.472, 41.472, 41.469, 41.428, 41.089, 41.033, 41.506, 41.856, 41.704, 41.558, 41.972, 42.168, 42.145, 42.454, 42.821, 42.577, 42.067, 42.01, 42.045, 41.941, 41.921, 41.985, 42.119, 42.234, 42.417, 42.82, 42.715, 41.712, 41.025, 41.499, 41.902, 41.709, 41.754, 41.978, 42.306, 42.473, 42.705, 42.967, 43.014, 43.141, 43.177, 43.07, 43.342, 44.208, 45.307, 46.143, 46.533, 46.454, 46.413, 46.396, 46.225, 46.833, 47.91, 47.835, 46.656, 46.109, 46.226, 46.231, 46.388, 46.915, 46.512, 45.596, 45.837, 46.25, 45.728, 45.625, 47.11, 48.327, 47.135, 44.775, 43.746, 43.82, 32.763], [31.374, 30.088, 28.831, 27.483, 26.463, 26.03, 26.335, 25.808, 22.827, 17.268, 11.518, 7.912, 4.777, 0.0, 5.943, 12.018, 17.154, 19.949, 20.727, 21.192, 23.52, 27.432, 29.819, 30.469, 31.337, 33.137, 34.968, 35.912, 36.29, 36.931, 37.849, 38.344, 38.521, 38.806, 39.299, 40.225, 41.769, 42.986, 43.441, 44.23, 45.041, 44.848, 44.332, 44.201, 44.188, 43.807, 42.974, 41.618, 40.099, 40.108, 40.949, 41.962, 42.844, 43.461, 43.012, 42.4, 42.327, 42.317, 42.257, 42.121, 41.956, 41.63, 41.193, 40.915, 40.75, 40.79, 40.891, 41.042, 41.013, 40.922, 40.922, 40.793, 40.659, 40.637, 40.62, 40.653, 40.664, 40.283, 40.189, 40.737, 41.142, 40.981, 40.874, 41.384, 41.631, 41.602, 41.901, 42.302, 42.12, 41.655, 41.61, 41.643, 41.531, 41.51, 41.609, 41.797, 41.938, 42.149, 42.604, 42.506, 41.414, 40.607, 41.039, 41.43, 41.202, 41.198, 41.418, 41.757, 41.851, 41.973, 42.161, 42.178, 42.324, 42.365, 42.228, 42.508, 43.467, 44.667, 45.548, 45.945, 45.886, 45.884, 45.889, 45.724, 46.367, 47.502, 47.429, 46.178, 45.541, 45.555, 45.508, 45.676, 46.216, 45.805, 44.902, 45.17, 45.597, 45.073, 45.017, 46.608, 47.857, 46.596, 44.151, 43.085, 43.171, 32.643], [31.671, 30.466, 29.487, 28.31, 27.376, 27.128, 27.61, 27.215, 24.485, 19.366, 14.268, 11.615, 9.716, 5.943, 0.0, 7.186, 13.688, 17.334, 18.372, 18.753, 21.089, 25.487, 28.338, 29.066, 29.696, 31.427, 33.334, 34.361, 34.942, 35.877, 36.961, 37.475, 37.637, 37.936, 38.455, 39.447, 41.113, 42.41, 42.914, 43.842, 44.806, 44.652, 44.097, 43.92, 43.855, 43.419, 42.518, 41.036, 39.305, 39.111, 39.856, 41.041, 42.214, 43.0, 42.517, 41.759, 41.582, 41.54, 41.483, 41.369, 41.227, 40.863, 40.308, 39.931, 39.737, 39.789, 39.897, 40.049, 39.985, 39.831, 39.8, 39.677, 39.566, 39.546, 39.518, 39.615, 39.687, 39.222, 39.105, 39.808, 40.302, 40.12, 40.067, 40.724, 41.032, 40.974, 41.267, 41.734, 41.648, 41.251, 41.226, 41.255, 41.136, 41.13, 41.315, 41.615, 41.804, 42.05, 42.578, 42.51, 41.31, 40.349, 40.744, 41.17, 40.924, 40.853, 41.076, 41.472, 41.461, 41.332, 41.366, 41.341, 41.488, 41.515, 41.364, 41.71, 42.834, 44.169, 45.116, 45.528, 45.479, 45.515, 45.561, 45.444, 46.181, 47.399, 47.293, 45.927, 45.188, 45.065, 44.894, 45.048, 45.616, 45.195, 44.317, 44.65, 45.094, 44.579, 44.64, 46.423, 47.713, 46.306, 43.679, 42.539, 42.657, 32.918], [32.404, 31.339, 30.696, 29.68, 28.716, 28.523, 29.104, 28.807, 26.411, 22.078, 17.985, 15.909, 14.614, 12.018, 7.186, 0.0, 7.658, 12.693, 14.622, 15.248, 17.946, 23.206, 26.627, 27.431, 27.905, 29.711, 31.774, 32.921, 33.751, 34.987, 36.21, 36.746, 36.929, 37.272, 37.796, 38.809, 40.579, 41.94, 42.449, 43.442, 44.51, 44.427, 43.912, 43.695, 43.527, 43.055, 42.186, 40.667, 38.769, 38.372, 39.015, 40.4, 41.925, 42.871, 42.329, 41.461, 41.206, 41.116, 41.044, 40.946, 40.814, 40.402, 39.748, 39.321, 39.149, 39.233, 39.343, 39.49, 39.403, 39.215, 39.169, 39.037, 38.926, 38.911, 38.892, 39.036, 39.135, 38.599, 38.461, 39.259, 39.799, 39.588, 39.552, 40.306, 40.663, 40.577, 40.861, 41.387, 41.371, 41.013, 40.992, 41.002, 40.885, 40.924, 41.208, 41.609, 41.838, 42.105, 42.687, 42.648, 41.411, 40.393, 40.794, 41.268, 41.061, 41.004, 41.232, 41.661, 41.6, 41.257, 41.123, 41.045, 41.186, 41.213, 41.068, 41.488, 42.751, 44.174, 45.16, 45.578, 45.538, 45.612, 45.696, 45.623, 46.449, 47.747, 47.62, 46.179, 45.381, 45.149, 44.862, 44.977, 45.561, 45.129, 44.254, 44.63, 45.1, 44.593, 44.734, 46.651, 47.968, 46.428, 43.63, 42.429, 42.583, 33.686], [33.569, 32.681, 32.293, 31.419, 30.417, 30.144, 30.661, 30.395, 28.297, 24.727, 21.615, 20.035, 18.981, 17.154, 13.688, 7.658, 0.0, 6.342, 10.038, 11.866, 15.477, 21.507, 25.253, 26.135, 26.723, 28.798, 31.056, 32.309, 33.277, 34.628, 35.89, 36.446, 36.677, 37.067, 37.595, 38.607, 40.41, 41.788, 42.309, 43.316, 44.395, 44.363, 43.955, 43.764, 43.515, 43.04, 42.279, 40.853, 38.974, 38.486, 39.033, 40.519, 42.238, 43.222, 42.638, 41.765, 41.497, 41.376, 41.287, 41.189, 41.044, 40.614, 39.972, 39.609, 39.516, 39.634, 39.743, 39.885, 39.803, 39.63, 39.591, 39.445, 39.314, 39.301, 39.314, 39.461, 39.54, 38.998, 38.829, 39.577, 40.086, 39.863, 39.782, 40.493, 40.831, 40.719, 40.982, 41.513, 41.498, 41.119, 41.062, 41.043, 40.942, 41.031, 41.354, 41.766, 42.002, 42.269, 42.862, 42.87, 41.711, 40.768, 41.198, 41.671, 41.518, 41.562, 41.806, 42.186, 42.135, 41.813, 41.642, 41.538, 41.697, 41.761, 41.621, 42.035, 43.28, 44.654, 45.606, 46.017, 46.005, 46.112, 46.206, 46.134, 46.965, 48.283, 48.163, 46.724, 45.918, 45.647, 45.326, 45.39, 45.939, 45.503, 44.607, 44.937, 45.405, 44.908, 45.015, 46.882, 48.179, 46.638, 43.854, 42.672, 42.843, 34.831], [34.762, 33.991, 33.691, 32.887, 31.896, 31.533, 31.911, 31.63, 29.675, 26.427, 23.707, 22.381, 21.455, 19.949, 17.334, 12.693, 6.342, 0.0, 5.466, 9.516, 14.615, 21.017, 24.751, 25.696, 26.516, 28.9, 31.322, 32.613, 33.575, 34.897, 36.125, 36.683, 36.944, 37.35, 37.877, 38.891, 40.667, 42.027, 42.562, 43.562, 44.607, 44.586, 44.256, 44.135, 43.905, 43.45, 42.745, 41.419, 39.679, 39.254, 39.774, 41.213, 42.836, 43.701, 43.103, 42.296, 42.067, 41.953, 41.864, 41.762, 41.606, 41.204, 40.67, 40.428, 40.413, 40.557, 40.672, 40.815, 40.76, 40.63, 40.603, 40.453, 40.313, 40.306, 40.349, 40.478, 40.513, 39.999, 39.843, 40.516, 40.981, 40.766, 40.622, 41.205, 41.468, 41.333, 41.566, 42.051, 41.999, 41.586, 41.5, 41.478, 41.405, 41.528, 41.842, 42.22, 42.452, 42.713, 43.277, 43.314, 42.253, 41.392, 41.812, 42.243, 42.123, 42.261, 42.524, 42.822, 42.784, 42.63, 42.543, 42.445, 42.619, 42.702, 42.554, 42.919, 44.029, 45.233, 46.083, 46.47, 46.477, 46.589, 46.683, 46.61, 47.398, 48.665, 48.541, 47.137, 46.341, 46.074, 45.778, 45.805, 46.294, 45.865, 44.963, 45.205, 45.629, 45.156, 45.22, 46.956, 48.187, 46.728, 44.101, 43.003, 43.171, 35.931], [35.54, 34.744, 34.435, 33.668, 32.717, 32.356, 32.695, 32.418, 30.504, 27.246, 24.411, 23.048, 22.166, 20.727, 18.372, 14.622, 10.038, 5.466, 0.0, 6.008, 13.444, 20.85, 24.765, 25.785, 26.715, 29.221, 31.69, 32.981, 33.953, 35.306, 36.538, 37.084, 37.33, 37.721, 38.237, 39.229, 40.96, 42.301, 42.844, 43.842, 44.874, 44.854, 44.535, 44.439, 44.261, 43.829, 43.098, 41.774, 40.089, 39.664, 40.174, 41.6, 43.16, 43.976, 43.392, 42.595, 42.36, 42.248, 42.159, 42.051, 41.897, 41.528, 41.058, 40.855, 40.851, 41.001, 41.122, 41.27, 41.243, 41.144, 41.11, 40.954, 40.815, 40.797, 40.827, 40.952, 40.987, 40.472, 40.318, 40.981, 41.437, 41.225, 41.066, 41.597, 41.816, 41.667, 41.888, 42.346, 42.286, 41.886, 41.821, 41.817, 41.759, 41.899, 42.22, 42.6, 42.85, 43.118, 43.657, 43.694, 42.678, 41.829, 42.206, 42.623, 42.527, 42.687, 42.951, 43.226, 43.178, 43.065, 42.991, 42.892, 43.065, 43.125, 42.956, 43.322, 44.398, 45.523, 46.31, 46.676, 46.684, 46.785, 46.886, 46.845, 47.633, 48.852, 48.703, 47.303, 46.496, 46.221, 45.934, 45.935, 46.382, 45.96, 45.08, 45.287, 45.654, 45.176, 45.252, 46.952, 48.148, 46.716, 44.159, 43.093, 43.251, 36.634], [35.529, 34.584, 34.308, 33.647, 32.758, 32.479, 32.935, 32.796, 31.062, 27.936, 25.022, 23.547, 22.661, 21.192, 18.753, 15.248, 11.866, 9.516, 6.008, 0.0, 9.374, 18.444, 23.188, 24.465, 25.336, 27.917, 30.544, 31.951, 33.047, 34.602, 35.984, 36.548, 36.755, 37.132, 37.651, 38.625, 40.372, 41.76, 42.337, 43.379, 44.46, 44.449, 44.099, 43.956, 43.769, 43.317, 42.502, 41.052, 39.225, 38.67, 39.137, 40.686, 42.483, 43.487, 42.898, 41.948, 41.59, 41.44, 41.341, 41.228, 41.078, 40.7, 40.165, 39.867, 39.807, 39.952, 40.077, 40.234, 40.214, 40.099, 40.046, 39.9, 39.781, 39.737, 39.696, 39.817, 39.905, 39.352, 39.161, 39.902, 40.409, 40.192, 40.115, 40.791, 41.072, 40.928, 41.171, 41.684, 41.688, 41.367, 41.369, 41.383, 41.309, 41.441, 41.797, 42.237, 42.515, 42.802, 43.373, 43.387, 42.279, 41.339, 41.706, 42.161, 42.068, 42.196, 42.461, 42.794, 42.689, 42.363, 42.132, 41.982, 42.135, 42.152, 41.951, 42.4, 43.695, 45.016, 45.896, 46.274, 46.282, 46.397, 46.5, 46.481, 47.364, 48.662, 48.511, 47.043, 46.174, 45.853, 45.539, 45.563, 46.044, 45.621, 44.786, 45.073, 45.439, 44.908, 44.998, 46.816, 48.07, 46.549, 43.807, 42.616, 42.765, 36.599], [35.266, 34.162, 33.982, 33.541, 32.812, 32.666, 33.332, 33.541, 32.313, 29.766, 27.22, 25.818, 24.969, 23.52, 21.089, 17.946, 15.477, 14.615, 13.444, 9.374, 0.0, 10.694, 17.375, 19.479, 20.311, 23.523, 26.886, 28.631, 29.992, 32.081, 33.898, 34.573, 34.751, 35.141, 35.709, 36.762, 38.731, 40.33, 41.01, 42.158, 43.365, 43.39, 42.995, 42.805, 42.567, 42.04, 41.094, 39.451, 37.412, 36.712, 37.024, 38.645, 40.815, 42.184, 41.596, 40.369, 39.805, 39.587, 39.473, 39.365, 39.232, 38.824, 38.148, 37.686, 37.567, 37.724, 37.856, 38.01, 37.916, 37.684, 37.597, 37.51, 37.455, 37.404, 37.272, 37.341, 37.493, 36.915, 36.716, 37.642, 38.256, 38.03, 38.079, 39.031, 39.469, 39.366, 39.671, 40.297, 40.426, 40.237, 40.34, 40.377, 40.265, 40.355, 40.773, 41.35, 41.642, 41.945, 42.628, 42.589, 41.184, 40.002, 40.355, 40.842, 40.699, 40.782, 41.062, 41.475, 41.313, 40.694, 40.222, 39.982, 40.111, 40.093, 39.86, 40.429, 42.122, 43.858, 44.964, 45.38, 45.384, 45.538, 45.631, 45.593, 46.63, 48.144, 48.04, 46.459, 45.489, 45.107, 44.745, 44.856, 45.461, 45.032, 44.234, 44.686, 45.133, 44.516, 44.557, 46.564, 47.946, 46.26, 43.161, 41.735, 41.882, 36.191], [35.991, 34.885, 34.743, 34.511, 33.999, 33.967, 34.772, 35.291, 34.554, 32.65, 30.687, 29.487, 28.689, 27.432, 25.487, 23.206, 21.507, 21.017, 20.85, 18.444, 10.694, 0.0, 8.572, 12.169, 13.99, 18.959, 23.574, 25.689, 27.049, 29.39, 31.584, 32.464, 32.678, 33.071, 33.689, 34.817, 36.935, 38.703, 39.503, 40.732, 42.027, 42.112, 41.748, 41.604, 41.37, 40.801, 39.886, 38.445, 36.777, 36.336, 36.51, 37.844, 39.817, 41.238, 40.71, 39.411, 38.753, 38.474, 38.337, 38.232, 38.128, 37.801, 37.228, 36.818, 36.742, 36.93, 37.073, 37.228, 37.085, 36.772, 36.664, 36.642, 36.651, 36.629, 36.432, 36.28, 36.323, 35.858, 35.812, 36.818, 37.454, 37.254, 37.277, 38.2, 38.66, 38.606, 38.948, 39.596, 39.809, 39.758, 39.934, 39.983, 39.857, 39.9, 40.29, 40.917, 41.205, 41.514, 42.257, 42.185, 40.635, 39.371, 39.678, 40.098, 39.944, 40.082, 40.357, 40.701, 40.541, 39.956, 39.48, 39.229, 39.375, 39.397, 39.184, 39.753, 41.537, 43.42, 44.606, 45.017, 45.01, 45.177, 45.239, 45.134, 46.183, 47.792, 47.768, 46.2, 45.203, 44.816, 44.451, 44.605, 45.27, 44.841, 44.081, 44.629, 45.144, 44.468, 44.403, 46.431, 47.867, 46.162, 43.011, 41.547, 41.706, 36.604], [36.759, 35.771, 35.568, 35.39, 34.992, 34.969, 35.745, 36.351, 35.817, 34.224, 32.638, 31.62, 30.879, 29.819, 28.338, 26.627, 25.253, 24.751, 24.765, 23.188, 17.375, 8.572, 0.0, 5.38, 10.596, 17.832, 23.176, 25.324, 26.233, 28.047, 30.1, 31.094, 31.388, 31.766, 32.391, 33.505, 35.513, 37.235, 38.067, 39.263, 40.519, 40.652, 40.408, 40.385, 40.213, 39.684, 38.963, 38.014, 37.13, 37.283, 37.606, 38.69, 40.125, 41.234, 40.75, 39.642, 39.071, 38.768, 38.589, 38.448, 38.321, 38.109, 37.829, 37.654, 37.669, 37.874, 38.024, 38.186, 38.085, 37.822, 37.731, 37.731, 37.75, 37.76, 37.554, 37.115, 36.878, 36.568, 36.721, 37.608, 38.148, 37.983, 37.811, 38.374, 38.694, 38.695, 39.06, 39.647, 39.831, 39.81, 39.969, 39.984, 39.862, 39.87, 40.119, 40.635, 40.926, 41.236, 41.925, 41.862, 40.484, 39.447, 39.771, 40.11, 40.012, 40.274, 40.538, 40.741, 40.657, 40.423, 40.212, 40.036, 40.208, 40.303, 40.129, 40.55, 42.011, 43.633, 44.704, 45.092, 45.094, 45.252, 45.292, 45.112, 45.998, 47.499, 47.532, 46.106, 45.202, 44.895, 44.576, 44.684, 45.301, 44.887, 44.148, 44.648, 45.173, 44.526, 44.377, 46.214, 47.577, 45.999, 43.124, 41.844, 42.025, 37.133], [36.951, 36.06, 35.866, 35.653, 35.238, 35.186, 35.899, 36.47, 35.942, 34.42, 32.996, 32.124, 31.465, 30.469, 29.066, 27.431, 26.135, 25.696, 25.785, 24.465, 19.479, 12.169, 5.38, 0.0, 7.69, 16.792, 22.852, 25.155, 25.998, 27.645, 29.597, 30.603, 30.949, 31.357, 32.002, 33.108, 35.033, 36.673, 37.464, 38.613, 39.845, 39.997, 39.801, 39.828, 39.691, 39.198, 38.552, 37.734, 37.059, 37.467, 38.064, 39.269, 40.612, 41.576, 41.046, 40.027, 39.518, 39.201, 38.995, 38.849, 38.709, 38.502, 38.289, 38.176, 38.209, 38.409, 38.566, 38.732, 38.624, 38.357, 38.286, 38.3, 38.32, 38.344, 38.161, 37.672, 37.311, 36.982, 37.178, 38.002, 38.484, 38.305, 38.021, 38.41, 38.658, 38.673, 39.049, 39.604, 39.74, 39.676, 39.786, 39.764, 39.637, 39.618, 39.777, 40.217, 40.515, 40.834, 41.495, 41.441, 40.189, 39.33, 39.732, 40.05, 39.961, 40.298, 40.601, 40.755, 40.696, 40.652, 40.598, 40.463, 40.624, 40.749, 40.593, 40.924, 42.181, 43.601, 44.588, 44.983, 45.018, 45.189, 45.229, 45.021, 45.822, 47.24, 47.264, 45.903, 45.086, 44.854, 44.552, 44.599, 45.171, 44.763, 44.011, 44.466, 44.996, 44.405, 44.252, 45.983, 47.27, 45.726, 42.981, 41.821, 42.032, 37.309], [37.321, 36.394, 36.316, 36.168, 35.772, 35.806, 36.619, 37.212, 36.653, 35.154, 33.818, 33.058, 32.44, 31.337, 29.696, 27.905, 26.723, 26.516, 26.715, 25.336, 20.311, 13.99, 10.596, 7.69, 0.0, 11.035, 18.831, 22.057, 23.534, 25.999, 28.503, 29.657, 30.022, 30.5, 31.222, 32.409, 34.493, 36.259, 37.1, 38.33, 39.688, 39.877, 39.637, 39.639, 39.483, 38.915, 38.116, 37.011, 35.922, 36.184, 36.991, 38.525, 40.244, 41.375, 40.724, 39.53, 38.922, 38.581, 38.396, 38.31, 38.236, 38.01, 37.652, 37.402, 37.382, 37.576, 37.745, 37.922, 37.762, 37.382, 37.256, 37.269, 37.311, 37.336, 37.161, 36.85, 36.622, 36.133, 36.209, 37.138, 37.699, 37.518, 37.282, 37.799, 38.126, 38.117, 38.432, 38.957, 39.101, 39.074, 39.246, 39.271, 39.16, 39.14, 39.33, 39.847, 40.191, 40.541, 41.251, 41.15, 39.724, 38.75, 39.201, 39.575, 39.519, 39.919, 40.276, 40.474, 40.387, 40.223, 40.029, 39.817, 39.946, 40.045, 39.858, 40.231, 41.664, 43.212, 44.243, 44.674, 44.752, 44.962, 45.013, 44.824, 45.681, 47.125, 47.111, 45.692, 44.823, 44.492, 44.109, 44.17, 44.789, 44.361, 43.564, 44.071, 44.648, 44.024, 43.858, 45.682, 47.001, 45.352, 42.433, 41.193, 41.434, 37.708], [38.047, 37.089, 37.084, 37.085, 36.85, 37.046, 38.02, 38.712, 38.183, 36.763, 35.575, 34.929, 34.312, 33.137, 31.427, 29.711, 28.798, 28.9, 29.221, 27.917, 23.523, 18.959, 17.832, 16.792, 11.035, 0.0, 10.009, 15.408, 18.479, 22.446, 25.908, 27.333, 27.725, 28.305, 29.187, 30.636, 33.103, 35.134, 36.108, 37.528, 39.108, 39.404, 39.199, 39.218, 39.037, 38.372, 37.369, 35.929, 34.38, 34.374, 35.317, 37.274, 39.526, 40.895, 40.143, 38.757, 38.042, 37.71, 37.567, 37.534, 37.55, 37.329, 36.795, 36.396, 36.332, 36.527, 36.702, 36.893, 36.696, 36.196, 35.984, 35.99, 36.044, 36.062, 35.908, 35.791, 35.722, 35.102, 35.06, 36.129, 36.797, 36.654, 36.557, 37.287, 37.708, 37.64, 37.821, 38.265, 38.447, 38.552, 38.902, 39.049, 38.965, 38.949, 39.202, 39.822, 40.214, 40.56, 41.276, 41.104, 39.471, 38.306, 38.751, 39.194, 39.175, 39.597, 39.978, 40.266, 40.204, 39.832, 39.371, 39.039, 39.156, 39.223, 38.989, 39.422, 41.137, 42.968, 44.121, 44.609, 44.736, 44.981, 45.035, 44.863, 45.789, 47.282, 47.255, 45.781, 44.813, 44.327, 43.906, 44.128, 44.866, 44.383, 43.497, 44.093, 44.748, 44.018, 43.729, 45.628, 47.066, 45.381, 42.249, 40.807, 41.012, 38.277], [38.986, 38.141, 38.2, 38.291, 38.17, 38.435, 39.421, 40.132, 39.654, 38.329, 37.253, 36.686, 36.106, 34.968, 33.334, 31.774, 31.056, 31.322, 31.69, 30.544, 26.886, 23.574, 23.176, 22.852, 18.831, 10.009, 0.0, 7.647, 13.617, 19.583, 23.778, 25.342, 25.776, 26.454, 27.461, 29.189, 32.028, 34.295, 35.405, 36.982, 38.712, 39.107, 38.976, 39.037, 38.883, 38.227, 37.16, 35.638, 34.049, 33.9, 34.722, 36.849, 39.386, 40.828, 40.056, 38.622, 37.903, 37.611, 37.496, 37.475, 37.538, 37.356, 36.78, 36.344, 36.268, 36.448, 36.598, 36.774, 36.578, 36.066, 35.82, 35.804, 35.851, 35.888, 35.805, 35.805, 35.799, 35.198, 35.153, 36.237, 36.911, 36.789, 36.809, 37.679, 38.165, 38.098, 38.242, 38.667, 38.873, 39.026, 39.459, 39.678, 39.611, 39.612, 39.908, 40.561, 40.947, 41.233, 41.894, 41.714, 40.059, 38.841, 39.249, 39.684, 39.616, 39.972, 40.319, 40.618, 40.537, 40.028, 39.419, 39.02, 39.12, 39.177, 38.92, 39.303, 41.046, 42.975, 44.175, 44.674, 44.81, 45.061, 45.118, 44.962, 45.913, 47.425, 47.427, 45.99, 45.048, 44.591, 44.221, 44.527, 45.314, 44.804, 43.88, 44.522, 45.211, 44.441, 44.039, 45.837, 47.307, 45.688, 42.548, 41.027, 41.18, 39.002], [39.57, 38.873, 39.031, 39.178, 39.1, 39.386, 40.348, 41.04, 40.58, 39.264, 38.189, 37.612, 37.019, 35.912, 34.361, 32.921, 32.309, 32.613, 32.981, 31.951, 28.631, 25.689, 25.324, 25.155, 22.057, 15.408, 7.647, 0.0, 8.315, 16.383, 21.37, 23.072, 23.53, 24.306, 25.494, 27.56, 30.762, 33.266, 34.539, 36.237, 38.034, 38.46, 38.357, 38.46, 38.352, 37.742, 36.732, 35.379, 34.135, 34.166, 34.797, 36.746, 39.264, 40.759, 40.078, 38.702, 38.014, 37.729, 37.598, 37.564, 37.631, 37.487, 36.974, 36.578, 36.5, 36.659, 36.784, 36.936, 36.751, 36.289, 36.056, 36.025, 36.068, 36.11, 36.02, 35.994, 36.012, 35.547, 35.56, 36.602, 37.273, 37.156, 37.17, 38.03, 38.532, 38.508, 38.675, 39.115, 39.338, 39.492, 39.916, 40.125, 40.051, 40.051, 40.35, 41.01, 41.403, 41.662, 42.288, 42.089, 40.425, 39.217, 39.624, 40.053, 39.979, 40.324, 40.655, 40.932, 40.838, 40.302, 39.662, 39.256, 39.342, 39.39, 39.124, 39.467, 41.165, 43.087, 44.303, 44.807, 44.935, 45.178, 45.241, 45.087, 46.011, 47.497, 47.515, 46.118, 45.201, 44.781, 44.459, 44.784, 45.563, 45.063, 44.168, 44.814, 45.504, 44.75, 44.325, 46.069, 47.527, 45.948, 42.854, 41.342, 41.486, 39.442], [39.632, 39.015, 39.211, 39.437, 39.443, 39.726, 40.635, 41.301, 40.874, 39.609, 38.565, 37.967, 37.335, 36.29, 34.942, 33.751, 33.277, 33.575, 33.953, 33.047, 29.992, 27.049, 26.233, 25.998, 23.534, 18.479, 13.617, 8.315, 0.0, 9.696, 16.153, 18.5, 19.008, 19.874, 21.443, 24.054, 27.747, 30.575, 32.051, 33.895, 35.793, 36.255, 36.176, 36.347, 36.316, 35.785, 34.928, 33.94, 33.405, 34.13, 34.871, 36.486, 38.602, 40.014, 39.538, 38.423, 37.864, 37.571, 37.393, 37.316, 37.352, 37.282, 36.995, 36.774, 36.733, 36.882, 37.005, 37.154, 37.001, 36.627, 36.451, 36.437, 36.491, 36.516, 36.282, 35.963, 35.862, 35.627, 35.756, 36.676, 37.302, 37.169, 37.033, 37.714, 38.187, 38.24, 38.451, 38.886, 39.103, 39.258, 39.674, 39.863, 39.77, 39.735, 39.961, 40.582, 41.002, 41.259, 41.839, 41.598, 39.957, 38.865, 39.313, 39.721, 39.739, 40.235, 40.601, 40.831, 40.816, 40.438, 39.857, 39.476, 39.587, 39.643, 39.366, 39.699, 41.36, 43.251, 44.471, 44.983, 45.105, 45.328, 45.378, 45.192, 46.037, 47.477, 47.516, 46.159, 45.239, 44.807, 44.526, 44.868, 45.611, 45.113, 44.253, 44.883, 45.559, 44.791, 44.327, 46.054, 47.538, 46.054, 43.063, 41.595, 41.744, 39.425], [39.668, 39.118, 39.26, 39.574, 39.736, 39.993, 40.758, 41.374, 41.028, 39.938, 39.049, 38.497, 37.859, 36.931, 35.877, 34.987, 34.628, 34.897, 35.306, 34.602, 32.081, 29.39, 28.047, 27.645, 25.999, 22.446, 19.583, 16.383, 9.696, 0.0, 7.847, 11.485, 12.323, 13.147, 15.222, 18.826, 23.283, 26.455, 28.087, 30.112, 32.197, 32.777, 32.809, 33.096, 33.169, 32.832, 32.295, 31.843, 32.302, 34.136, 35.382, 36.723, 38.118, 39.137, 38.898, 38.32, 38.086, 37.83, 37.6, 37.454, 37.406, 37.416, 37.487, 37.576, 37.633, 37.784, 37.922, 38.079, 37.994, 37.773, 37.703, 37.721, 37.782, 37.806, 37.456, 36.727, 36.306, 36.27, 36.589, 37.276, 37.722, 37.543, 37.161, 37.484, 37.851, 38.014, 38.31, 38.727, 38.886, 38.988, 39.36, 39.523, 39.418, 39.328, 39.385, 39.862, 40.28, 40.522, 41.006, 40.748, 39.328, 38.586, 39.119, 39.466, 39.615, 40.31, 40.689, 40.826, 40.961, 40.944, 40.591, 40.289, 40.453, 40.565, 40.315, 40.559, 41.953, 43.619, 44.75, 45.26, 45.403, 45.603, 45.627, 45.395, 46.095, 47.4, 47.436, 46.192, 45.344, 44.911, 44.64, 44.936, 45.588, 45.072, 44.203, 44.744, 45.391, 44.666, 44.197, 45.802, 47.229, 45.915, 43.237, 41.951, 42.099, 39.352], [39.768, 39.3, 39.396, 39.787, 40.093, 40.334, 40.947, 41.524, 41.319, 40.485, 39.785, 39.29, 38.677, 37.849, 36.961, 36.21, 35.89, 36.125, 36.538, 35.984, 33.898, 31.584, 30.1, 29.597, 28.503, 25.908, 23.778, 21.37, 16.153, 7.847, 0.0, 4.764, 6.522, 7.438, 9.795, 14.566, 19.931, 23.387, 25.046, 27.194, 29.454, 30.184, 30.391, 30.802, 30.974, 30.853, 30.583, 30.447, 31.507, 34.149, 35.965, 37.319, 38.307, 38.967, 38.794, 38.624, 38.714, 38.549, 38.302, 38.112, 37.985, 37.994, 38.243, 38.519, 38.651, 38.814, 38.965, 39.125, 39.099, 39.01, 39.012, 39.026, 39.088, 39.138, 38.77, 37.824, 37.154, 37.178, 37.614, 38.102, 38.382, 38.175, 37.642, 37.698, 37.964, 38.191, 38.568, 39.003, 39.132, 39.171, 39.468, 39.598, 39.497, 39.391, 39.337, 39.689, 40.086, 40.323, 40.747, 40.512, 39.34, 38.917, 39.528, 39.815, 39.989, 40.736, 41.085, 41.134, 41.332, 41.568, 41.443, 41.234, 41.43, 41.594, 41.393, 41.533, 42.609, 44.008, 45.026, 45.524, 45.691, 45.893, 45.921, 45.692, 46.308, 47.49, 47.493, 46.35, 45.616, 45.224, 44.93, 45.128, 45.691, 45.175, 44.293, 44.728, 45.335, 44.724, 44.355, 45.852, 47.151, 45.927, 43.538, 42.448, 42.609, 39.343], [39.759, 39.325, 39.42, 39.836, 40.2, 40.47, 41.053, 41.617, 41.504, 40.839, 40.242, 39.76, 39.15, 38.344, 37.475, 36.746, 36.446, 36.683, 37.084, 36.548, 34.573, 32.464, 31.094, 30.603, 29.657, 27.333, 25.342, 23.072, 18.5, 11.485, 4.764, 0.0, 2.875, 4.843, 7.433, 12.654, 18.564, 22.255, 23.925, 26.141, 28.507, 29.29, 29.531, 29.968, 30.187, 30.143, 29.899, 29.763, 30.937, 33.841, 35.934, 37.435, 38.503, 39.147, 38.948, 38.84, 39.041, 38.951, 38.717, 38.512, 38.362, 38.339, 38.551, 38.821, 38.963, 39.128, 39.276, 39.437, 39.427, 39.365, 39.384, 39.384, 39.437, 39.487, 39.118, 38.154, 37.443, 37.443, 37.885, 38.301, 38.527, 38.314, 37.782, 37.818, 38.068, 38.3, 38.709, 39.197, 39.37, 39.398, 39.653, 39.765, 39.658, 39.557, 39.499, 39.827, 40.208, 40.457, 40.903, 40.702, 39.599, 39.254, 39.898, 40.168, 40.289, 40.989, 41.319, 41.337, 41.482, 41.714, 41.654, 41.49, 41.689, 41.856, 41.671, 41.786, 42.762, 44.073, 45.064, 45.559, 45.731, 45.944, 45.995, 45.808, 46.456, 47.627, 47.602, 46.457, 45.762, 45.401, 45.087, 45.231, 45.763, 45.26, 44.389, 44.789, 45.366, 44.822, 44.559, 46.075, 47.33, 46.109, 43.801, 42.792, 42.977, 39.297], [39.901, 39.449, 39.553, 39.966, 40.325, 40.623, 41.244, 41.814, 41.697, 41.038, 40.446, 39.962, 39.344, 38.521, 37.637, 36.929, 36.677, 36.944, 37.33, 36.755, 34.751, 32.678, 31.388, 30.949, 30.022, 27.725, 25.776, 23.53, 19.008, 12.323, 6.522, 2.875, 0.0, 3.089, 6.657, 12.194, 18.226, 22.032, 23.769, 26.035, 28.414, 29.159, 29.347, 29.773, 30.006, 29.943, 29.652, 29.5, 30.727, 33.651, 35.712, 37.195, 38.331, 39.051, 38.888, 38.791, 39.007, 38.939, 38.717, 38.509, 38.361, 38.339, 38.527, 38.767, 38.898, 39.062, 39.207, 39.373, 39.368, 39.316, 39.356, 39.369, 39.416, 39.442, 39.036, 38.07, 37.4, 37.419, 37.847, 38.255, 38.49, 38.285, 37.8, 37.895, 38.165, 38.392, 38.799, 39.309, 39.528, 39.588, 39.845, 39.954, 39.831, 39.721, 39.682, 40.029, 40.397, 40.644, 41.109, 40.908, 39.77, 39.385, 40.018, 40.296, 40.408, 41.069, 41.38, 41.405, 41.515, 41.671, 41.577, 41.416, 41.617, 41.768, 41.571, 41.693, 42.698, 44.046, 45.061, 45.56, 45.726, 45.937, 45.993, 45.832, 46.521, 47.71, 47.666, 46.485, 45.779, 45.427, 45.134, 45.293, 45.82, 45.318, 44.479, 44.894, 45.456, 44.919, 44.699, 46.257, 47.534, 46.321, 44.013, 43.013, 43.214, 39.438], [40.156, 39.686, 39.79, 40.229, 40.602, 40.897, 41.523, 42.121, 42.028, 41.353, 40.727, 40.236, 39.626, 38.806, 37.936, 37.272, 37.067, 37.35, 37.721, 37.132, 35.141, 33.071, 31.766, 31.357, 30.5, 28.305, 26.454, 24.306, 19.874, 13.147, 7.438, 4.843, 3.089, 0.0, 4.714, 11.356, 17.791, 21.69, 23.477, 25.781, 28.173, 28.945, 29.193, 29.681, 29.943, 29.861, 29.558, 29.46, 30.787, 33.764, 35.764, 37.124, 38.145, 38.829, 38.718, 38.713, 38.981, 38.925, 38.711, 38.519, 38.386, 38.39, 38.611, 38.866, 38.997, 39.158, 39.302, 39.461, 39.454, 39.418, 39.475, 39.506, 39.563, 39.589, 39.166, 38.179, 37.521, 37.589, 38.04, 38.444, 38.693, 38.512, 38.049, 38.142, 38.414, 38.652, 39.063, 39.567, 39.794, 39.871, 40.131, 40.243, 40.119, 40.0, 39.966, 40.326, 40.684, 40.913, 41.361, 41.143, 39.995, 39.589, 40.187, 40.46, 40.595, 41.24, 41.521, 41.537, 41.658, 41.812, 41.709, 41.547, 41.745, 41.882, 41.678, 41.795, 42.791, 44.147, 45.17, 45.665, 45.827, 46.036, 46.089, 45.918, 46.593, 47.765, 47.713, 46.54, 45.83, 45.473, 45.193, 45.365, 45.882, 45.375, 44.556, 44.97, 45.528, 44.997, 44.781, 46.321, 47.596, 46.415, 44.15, 43.163, 43.363, 39.687], [40.136, 39.668, 39.786, 40.275, 40.687, 40.982, 41.592, 42.226, 42.256, 41.736, 41.179, 40.682, 40.079, 39.299, 38.455, 37.796, 37.595, 37.877, 38.237, 37.651, 35.709, 33.689, 32.391, 32.002, 31.222, 29.187, 27.461, 25.494, 21.443, 15.222, 9.795, 7.433, 6.657, 4.714, 0.0, 7.723, 15.286, 19.757, 21.649, 24.052, 26.673, 27.652, 28.055, 28.657, 29.008, 28.966, 28.667, 28.635, 30.168, 33.377, 35.471, 36.851, 37.867, 38.536, 38.438, 38.507, 38.858, 38.834, 38.628, 38.465, 38.377, 38.413, 38.644, 38.9, 39.039, 39.21, 39.354, 39.503, 39.48, 39.419, 39.46, 39.498, 39.573, 39.62, 39.201, 38.199, 37.533, 37.606, 38.056, 38.447, 38.703, 38.533, 38.051, 38.118, 38.399, 38.659, 39.091, 39.607, 39.842, 39.922, 40.179, 40.295, 40.172, 40.049, 40.038, 40.441, 40.811, 41.027, 41.455, 41.232, 40.109, 39.718, 40.279, 40.53, 40.68, 41.335, 41.594, 41.592, 41.726, 41.897, 41.804, 41.659, 41.859, 41.978, 41.774, 41.919, 