[[0.0, 4.873, 11.154, 14.043, 14.648, 17.323, 24.111, 26.627, 26.695, 29.941, 34.559, 35.604, 35.61, 35.718, 36.806, 37.254, 37.575, 37.97, 37.666, 38.262, 38.307, 38.365, 38.323, 36.946, 36.298, 36.287, 35.183, 34.186, 34.525, 35.46, 36.558, 37.462, 37.952, 39.231, 40.441, 40.355, 40.382, 40.924, 40.062, 39.751, 40.02, 40.165, 40.278, 39.872, 37.909, 36.07, 36.545, 37.449, 37.476, 36.184, 35.147, 34.778, 5.971], [4.873, 0.0, 7.475, 11.165, 12.552, 16.698, 24.284, 26.821, 26.889, 30.109, 34.661, 35.729, 35.75, 35.826, 36.894, 37.351, 37.666, 38.032, 37.779, 38.367, 38.373, 38.45, 38.424, 37.025, 36.357, 36.33, 35.151, 34.06, 34.376, 35.298, 36.395, 37.312, 37.814, 39.113, 40.347, 40.252, 40.267, 40.806, 39.94, 39.625, 39.89, 40.028, 40.133, 39.731, 37.782, 35.96, 36.448, 37.354, 37.377, 36.056, 34.996, 34.614, 8.417], [11.154, 7.475, 0.0, 5.073, 8.775, 15.742, 24.356, 26.97, 27.152, 30.322, 34.691, 35.772, 35.851, 35.97, 37.032, 37.508, 37.828, 38.197, 38.004, 38.616, 38.687, 38.795, 38.783, 37.428, 36.79, 36.769, 35.656, 34.645, 34.966, 35.83, 36.885, 37.802, 38.29, 39.536, 40.756, 40.627, 40.612, 41.146, 40.305, 40.0, 40.284, 40.428, 40.51, 40.084, 38.214, 36.506, 36.982, 37.851, 37.867, 36.566, 35.511, 35.119, 13.28], [14.043, 11.165, 5.073, 0.0, 5.918, 14.901, 24.091, 26.758, 26.964, 30.213, 34.6, 35.675, 35.782, 35.962, 37.022, 37.515, 37.87, 38.243, 38.063, 38.708, 38.838, 38.967, 38.933, 37.62, 37.044, 37.043, 36.046, 35.172, 35.532, 36.377, 37.414, 38.325, 38.794, 39.999, 41.213, 41.071, 41.041, 41.569, 40.756, 40.474, 40.774, 40.923, 41.002, 40.585, 38.746, 37.095, 37.556, 38.391, 38.394, 37.119, 36.071, 35.647, 15.801], [14.648, 12.552, 8.775, 5.918, 0.0, 11.097, 22.036, 25.035, 25.088, 28.715, 33.565, 34.704, 34.882, 35.242, 36.434, 36.984, 37.39, 37.822, 37.639, 38.37, 38.579, 38.729, 38.684, 37.382, 36.832, 36.887, 35.968, 35.15, 35.501, 36.349, 37.405, 38.321, 38.794, 39.998, 41.24, 41.119, 41.081, 41.596, 40.776, 40.493, 40.784, 40.929, 41.009, 40.607, 38.731, 37.056, 37.516, 38.347, 38.357, 37.126, 36.118, 35.665, 16.221], [17.323, 16.698, 15.742, 14.901, 11.097, 0.0, 13.929, 18.779, 18.908, 23.515, 29.697, 31.117, 31.465, 32.25, 33.9, 34.598, 35.099, 35.893, 35.807, 36.721, 37.381, 37.764, 37.84, 36.722, 36.323, 36.587, 36.086, 35.602, 35.976, 36.757, 37.78, 38.637, 39.098, 40.188, 41.324, 41.288, 41.269, 41.74, 40.93, 40.646, 40.909, 41.0, 41.035, 40.627, 38.825, 37.29, 37.795, 38.583, 38.62, 37.566, 36.741, 36.352, 18.636], [24.111, 24.284, 24.356, 24.091, 22.036, 13.929, 0.0, 8.329, 10.694, 15.673, 23.035, 24.92, 25.628, 27.058, 29.278, 30.242, 30.963, 32.265, 32.436, 33.564, 35.099, 36.023, 36.28, 35.545, 35.474, 36.039, 36.568, 37.15, 37.664, 38.207, 39.076, 39.768, 40.151, 40.926, 41.793, 41.848, 41.853, 42.267, 41.505, 41.182, 41.449, 41.54, 41.506, 41.066, 39.52, 38.29, 38.843, 39.594, 39.679, 38.907, 38.45, 38.358, 25.192], [26.627, 26.821, 26.97, 26.758, 25.035, 18.779, 8.329, 0.0, 6.123, 12.861, 19.954, 21.718, 22.772, 24.74, 27.248, 28.387, 29.224, 30.519, 30.803, 32.004, 33.761, 34.885, 35.179, 34.601, 34.652, 35.286, 36.208, 37.432, 38.109, 38.561, 39.368, 40.004, 40.36, 41.076, 41.879, 41.935, 41.962, 42.373, 41.624, 41.296, 41.584, 41.695, 41.659, 41.153, 39.659, 38.555, 39.125, 39.89, 39.99, 39.29, 38.944, 38.913, 27.533], [26.695, 26.889, 27.152, 26.964, 25.088, 18.908, 10.694, 6.123, 0.0, 10.69, 19.295, 21.013, 22.021, 24.129, 26.752, 27.912, 28.771, 30.116, 30.352, 31.616, 33.309, 34.393, 34.696, 34.056, 34.1, 34.772, 35.591, 36.652, 37.346, 37.94, 38.879, 39.567, 39.95, 40.785, 41.698, 41.757, 41.783, 42.21, 41.431, 41.095, 41.354, 41.431, 41.409, 40.923, 39.378, 38.2, 38.769, 39.551, 39.65, 38.876, 38.413, 38.247, 27.408], [29.941, 30.109, 30.322, 30.213, 28.715, 23.515, 15.673, 12.861, 10.69, 0.0, 11.239, 14.588, 16.095, 19.613, 22.983, 24.26, 25.376, 27.084, 27.486, 28.976, 31.257, 32.722, 33.149, 32.688, 32.862, 33.756, 35.264, 37.019, 37.841, 38.365, 39.388, 40.084, 40.41, 41.113, 41.902, 41.948, 41.969, 42.367, 41.61, 41.266, 41.549, 41.678, 41.674, 41.21, 39.783, 38.719, 39.279, 40.059, 40.207, 39.529, 39.153, 39.072, 30.575], [34.559, 34.661, 34.691, 34.6, 33.565, 29.697, 23.035, 19.954, 19.295, 11.239, 0.0, 6.265, 10.132, 16.279, 20.713, 22.056, 23.243, 25.088, 25.699, 27.251, 30.043, 31.9, 32.47, 32.441, 32.852, 33.942, 36.388, 39.073, 40.047, 40.416, 41.347, 41.974, 42.224, 42.685, 43.2, 43.187, 43.199, 43.526, 42.869, 42.558, 42.837, 42.978, 42.95, 42.52, 41.447, 40.745, 41.264, 41.969, 42.145, 41.709, 41.592, 41.701, 35.071], [35.604, 35.729, 35.772, 35.675, 34.704, 31.117, 24.92, 21.718, 21.013, 14.588, 6.265, 0.0, 7.128, 15.022, 19.649, 21.024, 22.327, 24.216, 24.875, 26.443, 29.292, 31.269, 31.911, 32.03, 32.512, 33.655, 36.39, 39.33, 40.406, 40.798, 41.691, 42.314, 42.591, 43.045, 43.539, 43.536, 43.539, 43.836, 43.192, 42.876, 43.12, 43.24, 43.194, 42.765, 41.796, 41.168, 41.663, 42.342, 42.522, 42.168, 42.118, 42.229, 36.029], [35.61, 35.75, 35.851, 35.782, 34.882, 31.465, 25.628, 22.772, 22.021, 16.095, 10.132, 7.128, 0.0, 10.527, 16.667, 18.102, 19.701, 22.103, 22.867, 24.554, 27.643, 29.721, 30.454, 30.676, 31.176, 32.402, 35.391, 38.503, 39.706, 40.16, 41.145, 41.819, 42.109, 42.639, 43.186, 43.167, 43.161, 43.452, 42.788, 42.474, 42.753, 42.917, 42.899, 42.513, 41.437, 40.679, 41.178, 41.871, 42.064, 41.689, 41.622, 41.733, 35.996], [35.718, 35.826, 35.97, 35.962, 35.242, 32.25, 27.058, 24.74, 24.129, 19.613, 16.279, 15.022, 10.527, 0.0, 9.369, 12.025, 13.788, 17.0, 18.103, 20.161, 23.872, 26.169, 27.197, 27.761, 28.277, 29.628, 33.218, 36.85, 38.249, 38.737, 39.905, 40.744, 41.045, 41.671, 42.503, 42.601, 42.586, 42.889, 42.203, 41.91, 42.215, 42.406, 42.46, 42.163, 41.012, 40.082, 40.549, 41.274, 41.472, 41.002, 40.886, 40.994, 36.093], [36.806, 36.894, 37.032, 37.022, 36.434, 33.9, 29.278, 27.248, 26.752, 22.983, 20.713, 19.649, 16.667, 9.369, 0.0, 5.695, 9.478, 12.883, 14.503, 17.084, 21.73, 24.496, 25.886, 26.705, 27.294, 28.773, 32.801, 36.883, 38.38, 38.791, 39.947, 40.796, 41.089, 41.649, 42.622, 42.867, 42.846, 43.121, 42.446, 42.171, 42.453, 42.632, 42.689, 42.398, 41.349, 40.502, 40.9, 41.591, 41.809, 41.381, 41.291, 41.412, 37.206], [37.254, 37.351, 37.508, 37.515, 36.984, 34.598, 30.242, 28.387, 27.912, 24.26, 22.056, 21.024, 18.102, 12.025, 5.695, 0.0, 6.501, 11.538, 13.098, 15.807, 20.988, 24.003, 25.506, 26.459, 27.101, 28.722, 32.916, 37.033, 38.575, 39.002, 40.165, 41.009, 41.307, 41.851, 42.793, 43.058, 43.078, 43.358, 42.68, 42.417, 42.7, 42.87, 42.92, 42.65, 41.629, 40.835, 41.199, 41.835, 42.026, 41.577, 41.497, 41.643, 37.669], [37.575, 37.666, 37.828, 37.87, 37.39, 35.099, 30.963, 29.224, 28.771, 25.376, 23.243, 22.327, 19.701, 13.788, 9.478, 6.501, 0.0, 7.463, 9.914, 12.607, 18.698, 22.311, 24.024, 25.212, 25.943, 27.757, 32.353, 36.663, 38.275, 38.75, 40.008, 40.914, 41.224, 41.806, 42.782, 43.042, 43.083, 43.429, 42.775, 42.536, 42.83, 42.973, 43.014, 42.736, 41.688, 40.876, 41.231, 41.862, 42.042, 41.576, 41.49, 41.62, 37.914], [37.97, 38.032, 38.197, 38.243, 37.822, 35.893, 32.265, 30.519, 30.116, 27.084, 25.088, 24.216, 22.103, 17.0, 12.883, 11.538, 7.463, 0.0, 5.367, 9.459, 15.855, 20.086, 22.078, 23.474, 24.355, 26.37, 31.418, 36.136, 37.858, 38.353, 39.709, 40.643, 40.945, 41.591, 42.597, 42.851, 42.899, 43.282, 42.665, 42.433, 42.725, 42.894, 42.944, 42.614, 41.532, 40.709, 41.064, 41.725, 41.915, 41.461, 41.371, 41.472, 38.192], [37.666, 37.779, 38.004, 38.063, 37.639, 35.807, 32.436, 30.803, 30.352, 27.486, 25.699, 24.875, 22.867, 18.103, 14.503, 13.098, 9.914, 5.367, 0.0, 7.479, 14.752, 18.587, 20.615, 22.21, 23.22, 25.417, 30.598, 35.354, 37.146, 37.728, 39.189, 40.176, 40.457, 41.151, 42.243, 42.506, 42.577, 42.978, 42.34, 42.15, 42.453, 42.619, 42.712, 42.413, 41.297, 40.426, 40.788, 41.461, 41.622, 41.118, 41.004, 41.1, 37.79], [38.262, 38.367, 38.616, 38.708, 38.37, 36.721, 33.564, 32.004, 31.616, 28.976, 27.251, 26.443, 24.554, 20.161, 17.084, 15.807, 12.607, 9.459, 7.479, 0.0, 10.234, 15.619, 18.132, 20.44, 21.753, 24.263, 29.986, 35.164, 37.081, 37.653, 39.15, 40.156, 40.443, 41.136, 42.236, 42.528, 42.619, 43.058, 42.516, 42.424, 42.789, 42.978, 43.056, 42.77, 41.739, 40.916, 41.272, 41.945, 42.102, 41.576, 41.446, 41.544, 38.376], [38.307, 38.373, 38.687, 38.838, 38.579, 37.381, 35.099, 33.761, 33.309, 31.257, 30.043, 29.292, 27.643, 23.872, 21.73, 20.988, 18.698, 15.855, 14.752, 10.234, 0.0, 8.198, 13.175, 16.747, 18.512, 21.714, 28.071, 33.812, 35.985, 36.601, 38.231, 39.292, 39.685, 40.562, 41.711, 41.998, 42.142, 42.634, 42.217, 42.219, 42.667, 43.048, 43.244, 42.941, 41.828, 40.905, 41.226, 41.921, 42.089, 41.471, 41.215, 41.248, 38.27], [38.365, 38.45, 38.795, 38.967, 38.729, 37.764, 36.023, 34.885, 34.393, 32.722, 31.9, 31.269, 29.721, 26.169, 24.496, 24.003, 22.311, 20.086, 18.587, 15.619, 8.198, 0.0, 8.32, 13.788, 15.809, 19.569, 26.347, 32.392, 34.843, 35.6, 37.411, 38.571, 39.055, 40.09, 41.323, 41.572, 41.758, 42.284, 41.873, 41.943, 42.445, 42.965, 43.344, 43.086, 41.841, 40.792, 41.086, 41.784, 41.922, 41.23, 40.895, 40.892, 38.161], [38.323, 38.424, 38.783, 38.933, 38.684, 37.84, 36.28, 35.179, 34.696, 33.149, 32.47, 31.911, 30.454, 27.197, 25.886, 25.506, 24.024, 22.078, 20.615, 18.132, 13.175, 8.32, 0.0, 8.481, 12.042, 15.702, 23.529, 30.462, 33.235, 34.057, 36.089, 37.426, 37.96, 39.11, 40.461, 40.709, 40.921, 41.473, 41.066, 41.187, 41.76, 42.349, 42.87, 42.774, 41.566, 40.433, 40.722, 41.452, 41.576, 40.895, 40.605, 40.579, 38.074], [36.946, 37.025, 37.428, 37.62, 37.382, 36.722, 35.545, 34.601, 34.056, 32.688, 32.441, 32.03, 30.676, 27.761, 26.705, 26.459, 25.212, 23.474, 22.21, 20.44, 16.747, 13.788, 8.481, 0.0, 6.31, 10.851, 18.706, 26.52, 29.792, 30.739, 33.127, 34.833, 35.445, 36.739, 38.266, 38.603, 38.891, 39.496, 39.054, 39.2, 39.864, 40.556, 41.196, 41.31, 40.124, 38.841, 39.158, 39.985, 40.102, 39.316, 39.005, 38.993, 36.667], [36.298, 36.357, 36.79, 37.044, 36.832, 36.323, 35.474, 34.652, 34.1, 32.862, 32.852, 32.512, 31.176, 28.277, 27.294, 27.101, 25.943, 24.355, 23.22, 21.753, 18.512, 15.809, 12.042, 6.31, 0.0, 7.757, 16.411, 24.262, 27.758, 28.81, 31.411, 33.351, 34.034, 35.431, 37.076, 37.502, 37.847, 38.489, 38.025, 38.174, 38.857, 39.607, 40.375, 40.608, 39.388, 38.029, 38.383, 39.242, 39.368, 38.501, 38.137, 38.152, 36.034], [36.287, 36.33, 36.769, 37.043, 36.887, 36.587, 36.039, 35.286, 34.772, 33.756, 33.942, 33.655, 32.402, 29.628, 28.773, 28.722, 27.757, 26.37, 25.417, 24.263, 21.714, 19.569, 15.702, 10.851, 7.757, 0.0, 11.791, 21.796, 25.863, 27.067, 29.886, 32.032, 32.723, 34.204, 36.014, 36.517, 36.91, 37.555, 37.077, 37.271, 37.993, 38.759, 39.636, 40.094, 38.982, 37.589, 38.063, 38.983, 39.086, 38.229, 37.869, 37.846, 36.045], [35.183, 35.151, 35.656, 36.046, 35.968, 36.086, 36.568, 36.208, 35.591, 35.264, 36.388, 36.39, 35.391, 33.218, 32.801, 32.916, 32.353, 31.418, 30.598, 29.986, 28.071, 26.347, 23.529, 18.706, 16.411, 11.791, 0.0, 13.374, 19.751, 21.757, 25.388, 28.273, 29.14, 31.052, 33.347, 34.081, 34.634, 35.401, 34.818, 35.021, 35.77, 36.577, 37.664, 38.469, 37.469, 35.939, 36.577, 37.723, 37.861, 36.794, 36.2, 36.041, 34.939], [34.186, 34.06, 34.645, 35.172, 35.15, 35.602, 37.15, 37.432, 36.652, 37.019, 39.073, 39.33, 38.503, 36.85, 36.883, 37.033, 36.663, 36.136, 35.354, 35.164, 33.812, 32.392, 30.462, 26.52, 24.262, 21.796, 13.374, 0.0, 9.529, 14.228, 19.253, 23.119, 24.232, 26.899, 30.093, 31.274, 31.964, 32.881, 32.2, 32.425, 33.166, 33.919, 35.237, 36.503, 35.742, 34.139, 34.826, 36.21, 36.549, 35.376, 34.514, 34.185, 33.937], [34.525, 34.376, 34.966, 35.532, 35.501, 35.976, 37.664, 38.109, 37.346, 37.841, 40.047, 40.406, 39.706, 38.249, 38.38, 38.575, 38.275, 37.858, 37.146, 37.081, 35.985, 34.843, 33.235, 29.792, 27.758, 25.863, 19.751, 9.529, 0.0, 7.956, 14.402, 18.81, 20.011, 23.146, 27.018, 28.687, 29.507, 30.498, 29.879, 30.231, 31.034, 31.737, 33.135, 34.747, 34.429, 33.075, 33.849, 35.376, 35.963, 35.07, 34.359, 34.114, 34.263], [35.46, 35.298, 35.83, 36.377, 36.349, 36.757, 38.207, 38.561, 37.94, 38.365, 40.416, 40.798, 40.16, 38.737, 38.791, 39.002, 38.75, 38.353, 37.728, 37.653, 36.601, 35.6, 34.057, 30.739, 28.81, 27.067, 21.757, 14.228, 7.956, 0.0, 8.655, 14.774, 16.013, 19.169, 23.724, 26.04, 26.967, 27.981, 27.443, 27.923, 28.882, 29.738, 31.297, 33.176, 33.245, 32.102, 32.945, 34.559, 35.338, 34.953, 34.798, 34.912, 35.239], [36.558, 36.395, 36.885, 37.414, 37.405, 37.78, 39.076, 39.368, 38.879, 39.388, 41.347, 41.691, 41.145, 39.905, 39.947, 40.165, 40.008, 39.709, 39.189, 39.15, 38.231, 37.411, 36.089, 33.127, 31.411, 29.886, 25.388, 19.253, 14.402, 8.655, 0.0, 8.214, 10.062, 13.263, 19.393, 22.813, 23.954, 25.049, 24.661, 25.267, 26.409, 27.538, 29.352, 31.586, 32.15, 31.292, 32.2, 33.901, 34.836, 34.86, 35.261, 35.816, 36.39], [37.462, 37.312, 37.802, 38.325, 38.321, 38.637, 39.768, 40.004, 39.567, 40.084, 41.974, 42.314, 41.819, 40.744, 40.796, 41.009, 40.914, 40.643, 40.176, 40.156, 39.292, 38.571, 37.426, 34.833, 33.351, 32.032, 28.273, 23.119, 18.81, 14.774, 8.214, 0.0, 4.365, 8.807, 15.789, 19.971, 21.381, 22.68, 22.611, 23.461, 24.768, 26.149, 28.211, 30.71, 31.582, 30.957, 31.957, 33.728, 34.761, 34.958, 35.615, 36.47, 37.309], [37.952, 37.814, 38.29, 38.794, 38.794, 39.098, 40.151, 40.36, 39.95, 40.41, 42.224, 42.591, 42.109, 41.045, 41.089, 41.307, 41.224, 40.945, 40.457, 40.443, 39.685, 39.055, 37.96, 35.445, 34.034, 32.723, 29.14, 24.232, 20.011, 16.013, 10.062, 4.365, 0.0, 6.778, 15.071, 19.218, 20.391, 21.66, 21.717, 22.695, 24.041, 25.447, 27.566, 30.288, 31.418, 30.856, 31.857, 33.625, 34.7, 35.034, 35.834, 36.756, 37.81], [39.231, 39.113, 39.536, 39.999, 39.998, 40.188, 40.926, 41.076, 40.785, 41.113, 42.685, 43.045, 42.639, 41.671, 41.649, 41.851, 41.806, 41.591, 41.151, 41.136, 40.562, 40.09, 39.11, 36.739, 35.431, 34.204, 31.052, 26.899, 23.146, 19.169, 13.263, 8.807, 6.778, 0.0, 11.229, 16.975, 18.09, 19.228, 19.502, 20.704, 22.302, 23.893, 26.174, 29.245, 31.058, 30.907, 31.956, 33.761, 34.915, 35.527, 36.731, 37.992, 39.143], [40.441, 40.347, 40.756, 41.213, 41.24, 41.324, 41.793, 41.879, 41.698, 41.902, 43.2, 43.539, 43.186, 42.503, 42.622, 42.793, 42.782, 42.597, 42.243, 42.236, 41.711, 41.323, 40.461, 38.266, 37.076, 36.014, 33.347, 30.093, 27.018, 23.724, 19.393, 15.789, 15.071, 11.229, 0.0, 8.912, 11.698, 13.063, 14.335, 16.719, 19.312, 21.509, 24.058, 27.329, 29.659, 30.098, 31.402, 33.345, 34.603, 35.493, 37.121, 38.918, 40.375], [40.355, 40.252, 40.627, 41.071, 41.119, 41.288, 41.848, 41.935, 41.757, 41.948, 43.187, 43.536, 43.167, 42.601, 42.867, 43.058, 43.042, 42.851, 42.506, 42.528, 41.998, 41.572, 40.709, 38.603, 37.502, 36.517, 34.081, 31.274, 28.687, 26.04, 22.813, 19.971, 19.218, 16.975, 8.912, 0.0, 5.487, 8.529, 10.504, 13.754, 17.04, 19.675, 22.42, 25.753, 28.015, 28.452, 29.95, 32.004, 33.315, 34.28, 35.963, 38.01, 40.282], [40.382, 40.267, 40.612, 41.041, 41.081, 41.269, 41.853, 41.962, 41.783, 41.969, 43.199, 43.539, 43.161, 42.586, 42.846, 43.078, 43.083, 42.899, 42.577, 42.619, 42.142, 41.758, 40.921, 38.891, 37.847, 36.91, 34.634, 31.964, 29.507, 26.967, 23.954, 21.381, 20.391, 18.09, 11.698, 5.487, 0.0, 4.907, 8.128, 11.623, 14.961, 17.918, 20.917, 24.493, 26.955, 27.385, 28.912, 31.006, 32.408, 33.554, 35.39, 37.509, 40.327], [40.924, 40.806, 41.146, 41.569, 41.596, 41.74, 42.267, 42.373, 42.21, 42.367, 43.526, 43.836, 43.452, 42.889, 43.121, 43.358, 43.429, 43.282, 42.978, 43.058, 42.634, 42.284, 41.473, 39.496, 38.489, 37.555, 35.401, 32.881, 30.498, 27.981, 25.049, 22.68, 21.66, 19.228, 13.063, 8.529, 4.907, 0.0, 5.581, 10.282, 13.73, 17.0, 20.262, 24.179, 26.969, 27.455, 28.957, 31.066, 32.543, 33.853, 35.853, 37.98, 40.891], [40.062, 39.94, 40.305, 40.756, 40.776, 40.93, 41.505, 41.624, 41.431, 41.61, 42.869, 43.192, 42.788, 42.203, 42.446, 42.68, 42.775, 42.665, 42.34, 42.516, 42.217, 41.873, 41.066, 39.054, 38.025, 37.077, 34.818, 32.2, 29.879, 27.443, 24.661, 22.611, 21.717, 19.502, 14.335, 10.504, 8.128, 5.581, 0.0, 6.32, 10.868, 14.448, 18.074, 22.48, 25.414, 25.758, 27.327, 29.615, 31.176, 32.527, 34.638, 36.82, 40.015], [39.751, 39.625, 40.0, 40.474, 40.493, 40.646, 41.182, 41.296, 41.095, 41.266, 42.558, 42.876, 42.474, 41.91, 42.171, 42.417, 42.536, 42.433, 42.15, 42.424, 42.219, 41.943, 41.187, 39.2, 38.174, 37.271, 35.021, 32.425, 30.231, 27.923, 25.267, 23.461, 22.695, 20.704, 16.719, 13.754, 11.623, 10.282, 6.32, 0.0, 6.303, 11.168, 15.101, 19.786, 23.171, 23.755, 25.485, 27.923, 29.635, 31.219, 33.579, 35.938, 39.709], [40.02, 39.89, 40.284, 40.774, 40.784, 40.909, 41.449, 41.584, 41.354, 41.549, 42.837, 43.12, 42.753, 42.215, 42.453, 42.7, 42.83, 42.725, 42.453, 42.789, 42.667, 42.445, 41.76, 39.864, 38.857, 37.993, 35.77, 33.166, 31.034, 28.882, 26.409, 24.768, 24.041, 22.302, 19.312, 17.04, 14.961, 13.73, 10.868, 6.303, 0.0, 7.141, 12.541, 17.561, 21.706, 22.788, 24.632, 27.09, 28.958, 30.782, 33.218, 35.588, 39.988], [40.165, 40.028, 40.428, 40.923, 40.929, 41.0, 41.54, 41.695, 41.431, 41.678, 42.978, 43.24, 42.917, 42.406, 42.632, 42.87, 42.973, 42.894, 42.619, 42.978, 43.048, 42.965, 42.349, 40.556, 39.607, 38.759, 36.577, 33.919, 31.737, 29.738, 27.538, 26.149, 25.447, 23.893, 21.509, 19.675, 17.918, 17.0, 14.448, 11.168, 7.141, 0.0, 7.596, 14.699, 20.07, 21.812, 23.965, 26.523, 28.544, 30.584, 33.012, 35.324, 40.133], [40.278, 40.133, 40.51, 41.002, 41.009, 41.035, 41.506, 41.659, 41.409, 41.674, 42.95, 43.194, 42.899, 42.46, 42.689, 42.92, 43.014, 42.944, 42.712, 43.056, 43.244, 43.344, 42.87, 41.196, 40.375, 39.636, 37.664, 35.237, 33.135, 31.297, 29.352, 28.211, 27.566, 26.174, 24.058, 22.42, 20.917, 20.262, 18.074, 15.101, 12.541, 7.596, 0.0, 10.135, 17.846, 20.437, 22.97, 25.751, 27.876, 30.125, 32.67, 35.076, 40.256], [39.872, 39.731, 40.084, 40.585, 40.607, 40.627, 41.066, 41.153, 40.923, 41.21, 42.52, 42.765, 42.513, 42.163, 42.398, 42.65, 42.736, 42.614, 42.413, 42.77, 42.941, 43.086, 42.774, 41.31, 40.608, 40.094, 38.469, 36.503, 34.747, 33.176, 31.586, 30.71, 30.288, 29.245, 27.329, 25.753, 24.493, 24.179, 22.48, 19.786, 17.561, 14.699, 10.135, 0.0, 11.266, 17.073, 20.162, 22.93, 25.337, 28.038, 30.923, 33.655, 39.846], [37.909, 37.782, 38.214, 38.746, 38.731, 38.825, 39.52, 39.659, 39.378, 39.783, 41.447, 41.796, 41.437, 41.012, 41.349, 41.629, 41.688, 41.532, 41.297, 41.739, 41.828, 41.841, 41.566, 40.124, 39.388, 38.982, 37.469, 35.742, 34.429, 33.245, 32.15, 31.582, 31.418, 31.058, 29.659, 28.015, 26.955, 26.969, 25.414, 23.171, 21.706, 20.07, 17.846, 11.266, 0.0, 10.079, 14.836, 17.451, 20.055, 23.142, 26.399, 29.544, 37.854], [36.07, 35.96, 36.506, 37.095, 37.056, 37.29, 38.29, 38.555, 38.2, 38.719, 40.745, 41.168, 40.679, 40.082, 40.502, 40.835, 40.876, 40.709, 40.426, 40.916, 40.905, 40.792, 40.433, 38.841, 38.029, 37.589, 35.939, 34.139, 33.075, 32.102, 31.292, 30.957, 30.856, 30.907, 30.098, 28.452, 27.385, 27.455, 25.758, 23.755, 22.788, 21.812, 20.437, 17.073, 10.079, 0.0, 7.734, 12.342, 14.874, 17.915, 21.638, 25.341, 35.99], [36.545, 36.448, 36.982, 37.556, 37.516, 37.795, 38.843, 39.125, 38.769, 39.279, 41.264, 41.663, 41.178, 40.549, 40.9, 41.199, 41.231, 41.064, 40.788, 41.272, 41.226, 41.086, 40.722, 39.158, 38.383, 38.063, 36.577, 34.826, 33.849, 32.945, 32.2, 31.957, 31.857, 31.956, 31.402, 29.95, 28.912, 28.957, 27.327, 25.485, 24.632, 23.965, 22.97, 20.162, 14.836, 7.734, 0.0, 7.144, 11.148, 15.05, 19.629, 23.849, 36.459], [37.449, 37.354, 37.851, 38.391, 38.347, 38.583, 39.594, 39.89, 39.551, 40.059, 41.969, 42.342, 41.871, 41.274, 41.591, 41.835, 41.862, 41.725, 41.461, 41.945, 41.921, 41.784, 41.452, 39.985, 39.242, 38.983, 37.723, 36.21, 35.376, 34.559, 33.901, 33.728, 33.625, 33.761, 33.345, 32.004, 31.006, 31.066, 29.615, 27.923, 27.09, 26.523, 25.751, 22.93, 17.451, 12.342, 7.144, 0.0, 6.574, 12.808, 18.495, 23.198, 37.364], [37.476, 37.377, 37.867, 38.394, 38.357, 38.62, 39.679, 39.99, 39.65, 40.207, 42.145, 42.522, 42.064, 41.472, 41.809, 42.026, 42.042, 41.915, 41.622, 42.102, 42.089, 41.922, 41.576, 40.102, 39.368, 39.086, 37.861, 36.549, 35.963, 35.338, 34.836, 34.761, 34.7, 34.915, 34.603, 33.315, 32.408, 32.543, 31.176, 29.635, 28.958, 28.544, 27.876, 25.337, 20.055, 14.874, 11.148, 6.574, 0.0, 8.586, 15.963, 21.549, 37.366], [36.184, 36.056, 36.566, 37.119, 37.126, 37.566, 38.907, 39.29, 38.876, 39.529, 41.709, 42.168, 41.689, 41.002, 41.381, 41.577, 41.576, 41.461, 41.118, 41.576, 41.471, 41.23, 40.895, 39.316, 38.501, 38.229, 36.794, 35.376, 35.07, 34.953, 34.86, 34.958, 35.034, 35.527, 35.493, 34.28, 33.554, 33.853, 32.527, 31.219, 30.782, 30.584, 30.125, 28.038, 23.142, 17.915, 15.05, 12.808, 8.586, 0.0, 9.197, 16.396, 36.048], [35.147, 34.996, 35.511, 36.071, 36.118, 36.741, 38.45, 38.944, 38.413, 39.153, 41.592, 42.118, 41.622, 40.886, 41.291, 41.497, 41.49, 41.371, 41.004, 41.446, 41.215, 40.895, 40.605, 39.005, 38.137, 37.869, 36.2, 34.514, 34.359, 34.798, 35.261, 35.615, 35.834, 36.731, 37.121, 35.963, 35.39, 35.853, 34.638, 33.579, 33.218, 33.012, 32.67, 30.923, 26.399, 21.638, 19.629, 18.495, 15.963, 9.197, 0.0, 9.375, 34.98], [34.778, 34.614, 35.119, 35.647, 35.665, 36.352, 38.358, 38.913, 38.247, 39.072, 41.701, 42.229, 41.733, 40.994, 41.412, 41.643, 41.62, 41.472, 41.1, 41.544, 41.248, 40.892, 40.579, 38.993, 38.152, 37.846, 36.041, 34.185, 34.114, 34.912, 35.816, 36.47, 36.756, 37.992, 38.918, 38.01, 37.509, 37.98, 36.82, 35.938, 35.588, 35.324, 35.076, 33.655, 29.544, 25.341, 23.849, 23.198, 21.549, 16.396, 9.375, 0.0, 34.548], [5.971, 8.417, 13.28, 15.801, 16.221, 18.636, 25.192, 27.533, 27.408, 30.575, 35.071, 36.029, 35.996, 36.093, 37.206, 37.669, 37.914, 38.192, 37.79, 38.376, 38.27, 38.161, 38.074, 36.667, 36.034, 36.045, 34.939, 33.937, 34.263, 35.239, 36.39, 37.309, 37.81, 39.143, 40.375, 40.282, 40.327, 40.891, 40.015, 39.709, 39.988, 40.133, 40.256, 39.846, 37.854, 35.99, 36.459, 37.364, 37.366, 36.048, 34.98, 34.548, 0.0]]