[[0.0, 5.641, 13.264, 18.592, 20.658, 22.611, 24.128, 25.56, 27.798, 29.764, 30.756, 31.608, 33.04, 34.25, 34.834, 35.101, 35.682, 36.529, 37.068, 37.418, 37.557, 37.517, 37.649, 37.831, 38.098, 38.556, 38.785, 38.712, 38.517, 37.931, 37.62, 37.819, 37.581, 37.111, 37.158, 37.511, 37.772, 37.136, 36.278, 36.422, 36.657, 36.384, 36.488, 36.75, 36.943, 37.392, 37.527, 37.987, 38.881, 39.373, 39.097, 38.824, 38.545, 37.907, 37.531, 37.361, 37.141, 36.96, 36.902, 36.612, 36.459, 36.475, 36.481, 36.864, 37.256, 37.174, 37.025, 37.167, 37.608, 37.442, 36.491, 35.893, 35.922, 36.1, 36.835, 37.691, 36.86, 35.479, 34.97, 34.717, 34.477, 34.431, 34.325, 34.099, 34.235, 35.367, 37.433, 39.352, 40.447, 40.435, 40.313, 40.69, 41.051, 41.352, 41.456, 41.17, 41.419, 42.879, 45.533, 47.337, 46.202, 44.541, 44.026, 44.047, 44.294, 44.563, 44.607, 44.049, 43.234, 43.185, 44.039, 43.588, 41.529, 40.218, 39.981, 39.62, 38.968, 38.335, 38.445, 39.115, 39.176, 38.615, 38.32, 38.068, 38.097, 38.645, 39.294, 39.798, 39.872, 39.658, 39.323, 39.348, 39.903, 40.237, 39.823, 39.559, 40.035, 40.73, 41.007, 41.208, 41.163, 40.707, 40.639, 41.461, 40.99, 6.668], [5.641, 0.0, 8.999, 15.425, 17.94, 20.068, 21.893, 23.774, 26.366, 28.521, 29.61, 30.545, 32.074, 33.353, 33.974, 34.278, 34.952, 35.896, 36.455, 36.786, 36.926, 36.914, 37.082, 37.276, 37.529, 38.009, 38.305, 38.27, 38.086, 37.476, 37.137, 37.33, 37.053, 36.513, 36.558, 36.952, 37.227, 36.532, 35.617, 35.766, 36.001, 35.68, 35.755, 36.035, 36.257, 36.725, 36.88, 37.399, 38.374, 38.948, 38.687, 38.376, 38.052, 37.379, 36.992, 36.81, 36.587, 36.424, 36.383, 36.095, 35.938, 35.946, 35.948, 36.357, 36.81, 36.779, 36.659, 36.82, 37.287, 37.131, 36.168, 35.533, 35.476, 35.604, 36.358, 37.217, 36.289, 34.781, 34.206, 33.935, 33.679, 33.607, 33.476, 33.232, 33.348, 34.513, 36.698, 38.747, 39.907, 39.884, 39.722, 40.094, 40.472, 40.785, 40.897, 40.633, 40.904, 42.42, 45.208, 47.11, 45.981, 44.286, 43.753, 43.765, 44.01, 44.284, 44.332, 43.77, 42.921, 42.836, 43.698, 43.258, 41.178, 39.851, 39.613, 39.243, 38.582, 37.894, 37.902, 38.524, 38.566, 37.974, 37.681, 37.494, 37.606, 38.171, 38.789, 39.298, 39.386, 39.167, 38.818, 38.839, 39.412, 39.752, 39.312, 39.039, 39.555, 40.297, 40.591, 40.81, 40.784, 40.317, 40.246, 41.109, 40.631, 9.941], [13.264, 8.999, 0.0, 8.264, 12.953, 16.308, 19.108, 21.945, 25.129, 27.606, 28.899, 30.027, 31.737, 33.113, 33.764, 34.105, 34.892, 35.932, 36.477, 36.734, 36.861, 36.917, 37.146, 37.36, 37.597, 38.053, 38.375, 38.357, 38.188, 37.604, 37.261, 37.415, 37.083, 36.459, 36.482, 36.889, 37.167, 36.494, 35.619, 35.785, 36.032, 35.744, 35.833, 36.112, 36.341, 36.772, 36.904, 37.41, 38.372, 38.958, 38.72, 38.421, 38.109, 37.459, 37.092, 36.924, 36.717, 36.588, 36.568, 36.297, 36.137, 36.124, 36.142, 36.548, 37.007, 37.052, 37.003, 37.19, 37.642, 37.48, 36.58, 35.985, 35.867, 35.918, 36.656, 37.449, 36.431, 34.898, 34.355, 34.134, 33.889, 33.775, 33.626, 33.385, 33.442, 34.513, 36.635, 38.666, 39.836, 39.849, 39.686, 40.012, 40.349, 40.624, 40.706, 40.443, 40.727, 42.222, 44.958, 46.829, 45.756, 44.119, 43.59, 43.606, 43.863, 44.16, 44.239, 43.698, 42.825, 42.693, 43.543, 43.142, 41.125, 39.811, 39.548, 39.18, 38.544, 37.803, 37.663, 38.217, 38.272, 37.7, 37.444, 37.335, 37.493, 38.018, 38.609, 39.142, 39.244, 39.023, 38.676, 38.698, 39.256, 39.584, 39.155, 38.898, 39.43, 40.191, 40.501, 40.722, 40.694, 40.227, 40.16, 41.041, 40.654, 15.664], [18.592, 15.425, 8.264, 0.0, 7.289, 12.906, 17.11, 20.778, 24.51, 27.341, 28.82, 30.056, 31.87, 33.315, 34.011, 34.41, 35.246, 36.292, 36.814, 37.031, 37.159, 37.272, 37.537, 37.755, 37.993, 38.447, 38.804, 38.823, 38.694, 38.195, 37.917, 38.075, 37.765, 37.147, 37.113, 37.447, 37.709, 37.144, 36.42, 36.643, 36.899, 36.68, 36.828, 37.109, 37.342, 37.754, 37.85, 38.297, 39.18, 39.699, 39.471, 39.22, 38.947, 38.306, 37.931, 37.766, 37.568, 37.431, 37.397, 37.145, 37.0, 36.978, 36.986, 37.322, 37.696, 37.73, 37.677, 37.831, 38.25, 38.097, 37.221, 36.638, 36.554, 36.596, 37.295, 38.047, 37.094, 35.706, 35.285, 35.113, 34.861, 34.719, 34.582, 34.368, 34.381, 35.293, 37.193, 39.076, 40.221, 40.287, 40.141, 40.423, 40.71, 40.942, 41.001, 40.744, 41.01, 42.434, 45.039, 46.801, 45.737, 44.172, 43.655, 43.673, 43.945, 44.282, 44.402, 43.871, 43.005, 42.875, 43.705, 43.315, 41.384, 40.11, 39.829, 39.478, 38.896, 38.174, 37.929, 38.378, 38.396, 37.832, 37.589, 37.496, 37.639, 38.126, 38.747, 39.345, 39.486, 39.289, 38.971, 39.021, 39.566, 39.869, 39.452, 39.198, 39.685, 40.409, 40.715, 40.933, 40.896, 40.433, 40.374, 41.23, 40.897, 20.353], [20.658, 17.94, 12.953, 7.289, 0.0, 7.637, 13.843, 18.522, 22.775, 25.975, 27.635, 28.987, 30.962, 32.526, 33.292, 33.771, 34.67, 35.734, 36.276, 36.534, 36.683, 36.808, 37.094, 37.317, 37.555, 38.059, 38.506, 38.588, 38.487, 38.023, 37.804, 38.01, 37.728, 37.127, 37.078, 37.384, 37.624, 37.034, 36.31, 36.553, 36.797, 36.543, 36.7, 36.983, 37.229, 37.691, 37.813, 38.289, 39.206, 39.755, 39.531, 39.232, 38.893, 38.242, 37.88, 37.697, 37.471, 37.304, 37.249, 36.987, 36.84, 36.795, 36.729, 37.011, 37.382, 37.406, 37.314, 37.436, 37.87, 37.73, 36.8, 36.154, 36.088, 36.169, 36.87, 37.662, 36.791, 35.495, 35.122, 34.937, 34.635, 34.474, 34.334, 34.103, 34.102, 35.027, 36.963, 38.888, 40.034, 40.061, 39.907, 40.222, 40.56, 40.834, 40.924, 40.701, 40.978, 42.425, 45.105, 46.918, 45.803, 44.188, 43.672, 43.691, 43.966, 44.308, 44.413, 43.848, 42.967, 42.84, 43.661, 43.256, 41.323, 40.04, 39.746, 39.391, 38.816, 38.144, 37.988, 38.485, 38.479, 37.861, 37.569, 37.436, 37.566, 38.082, 38.741, 39.341, 39.449, 39.238, 38.931, 38.999, 39.559, 39.854, 39.404, 39.129, 39.615, 40.334, 40.642, 40.887, 40.87, 40.407, 40.358, 41.205, 40.773, 22.341], [22.611, 20.068, 16.308, 12.906, 7.637, 0.0, 8.338, 15.247, 20.391, 23.825, 25.63, 27.227, 29.495, 31.249, 32.117, 32.689, 33.67, 34.772, 35.369, 35.704, 35.877, 35.991, 36.283, 36.515, 36.757, 37.33, 37.899, 38.07, 37.984, 37.5, 37.302, 37.564, 37.335, 36.796, 36.774, 37.104, 37.337, 36.666, 35.848, 36.051, 36.257, 35.935, 36.037, 36.295, 36.566, 37.076, 37.23, 37.787, 38.809, 39.429, 39.206, 38.867, 38.486, 37.828, 37.483, 37.302, 37.065, 36.897, 36.841, 36.569, 36.409, 36.341, 36.226, 36.513, 36.933, 36.982, 36.913, 37.068, 37.535, 37.407, 36.46, 35.776, 35.669, 35.72, 36.39, 37.187, 36.302, 34.939, 34.498, 34.296, 33.986, 33.835, 33.697, 33.448, 33.457, 34.458, 36.526, 38.541, 39.698, 39.694, 39.547, 39.897, 40.252, 40.533, 40.642, 40.461, 40.766, 42.232, 44.998, 46.894, 45.764, 44.144, 43.645, 43.658, 43.936, 44.29, 44.397, 43.831, 42.945, 42.811, 43.632, 43.239, 41.326, 40.067, 39.785, 39.413, 38.845, 38.223, 38.127, 38.621, 38.554, 37.884, 37.58, 37.442, 37.582, 38.085, 38.636, 39.108, 39.147, 38.915, 38.592, 38.641, 39.2, 39.496, 39.032, 38.751, 39.253, 39.986, 40.291, 40.531, 40.531, 40.102, 40.068, 40.882, 40.387, 24.211], [24.128, 21.893, 19.108, 17.11, 13.843, 8.338, 0.0, 9.192, 16.063, 20.187, 22.125, 23.98, 26.748, 28.868, 29.914, 30.584, 31.674, 32.864, 33.559, 34.018, 34.24, 34.333, 34.618, 34.867, 35.165, 35.869, 36.596, 36.891, 36.871, 36.379, 36.161, 36.509, 36.471, 36.178, 36.274, 36.633, 36.881, 36.175, 35.314, 35.517, 35.665, 35.299, 35.409, 35.699, 35.983, 36.489, 36.656, 37.266, 38.32, 38.954, 38.727, 38.412, 38.058, 37.368, 37.004, 36.846, 36.607, 36.427, 36.363, 36.078, 35.911, 35.86, 35.785, 36.133, 36.602, 36.648, 36.57, 36.77, 37.296, 37.171, 36.19, 35.491, 35.351, 35.329, 35.939, 36.739, 35.751, 34.219, 33.749, 33.635, 33.414, 33.307, 33.177, 32.936, 32.983, 34.039, 36.183, 38.282, 39.5, 39.527, 39.392, 39.755, 40.114, 40.395, 40.498, 40.307, 40.614, 42.104, 44.925, 46.837, 45.614, 43.867, 43.301, 43.286, 43.557, 43.909, 44.022, 43.467, 42.579, 42.45, 43.301, 42.926, 41.004, 39.766, 39.512, 39.121, 38.562, 37.989, 37.922, 38.41, 38.282, 37.557, 37.268, 37.179, 37.366, 37.859, 38.32, 38.747, 38.812, 38.597, 38.25, 38.269, 38.828, 39.141, 38.675, 38.395, 38.923, 39.685, 39.98, 40.184, 40.182, 39.787, 39.764, 40.567, 40.091, 25.499], [25.56, 23.774, 21.945, 20.778, 18.522, 15.247, 9.192, 0.0, 8.621, 14.315, 16.825, 19.005, 22.453, 25.134, 26.458, 27.25, 28.497, 29.831, 30.651, 31.273, 31.594, 31.673, 31.95, 32.247, 32.639, 33.489, 34.391, 34.861, 34.991, 34.608, 34.456, 34.927, 35.19, 35.323, 35.668, 36.073, 36.34, 35.675, 34.882, 35.196, 35.331, 34.922, 35.082, 35.459, 35.722, 36.186, 36.362, 36.973, 37.962, 38.574, 38.348, 38.056, 37.73, 37.009, 36.624, 36.487, 36.229, 36.015, 35.929, 35.623, 35.465, 35.477, 35.478, 35.857, 36.328, 36.331, 36.183, 36.373, 36.931, 36.795, 35.752, 35.022, 34.892, 34.839, 35.358, 36.152, 35.116, 33.527, 33.158, 33.196, 33.077, 33.005, 32.855, 32.619, 32.716, 33.832, 36.043, 38.212, 39.474, 39.53, 39.425, 39.801, 40.181, 40.479, 40.583, 40.377, 40.67, 42.174, 45.044, 46.982, 45.669, 43.701, 42.966, 42.894, 43.146, 43.457, 43.534, 42.947, 42.028, 41.911, 42.805, 42.418, 40.425, 39.162, 38.942, 38.555, 37.986, 37.44, 37.45, 38.024, 37.922, 37.16, 36.875, 36.871, 37.128, 37.642, 38.12, 38.632, 38.764, 38.564, 38.201, 38.19, 38.732, 39.05, 38.583, 38.304, 38.851, 39.629, 39.912, 40.101, 40.113, 39.738, 39.709, 40.516, 40.038, 26.659], [27.798, 26.366, 25.129, 24.51, 22.775, 20.391, 16.063, 8.621, 0.0, 7.128, 11.137, 14.457, 18.713, 21.863, 23.391, 24.341, 25.868, 27.418, 28.364, 29.136, 29.568, 29.628, 29.884, 30.244, 30.737, 31.696, 32.728, 33.296, 33.501, 33.284, 33.301, 33.838, 34.276, 34.768, 35.386, 35.898, 36.191, 35.592, 34.915, 35.343, 35.511, 35.085, 35.266, 35.682, 35.897, 36.289, 36.45, 37.033, 37.99, 38.598, 38.365, 38.084, 37.796, 37.116, 36.76, 36.664, 36.436, 36.232, 36.136, 35.812, 35.651, 35.707, 35.763, 36.109, 36.51, 36.468, 36.273, 36.437, 36.993, 36.858, 35.802, 35.07, 34.955, 34.91, 35.356, 36.097, 35.08, 33.552, 33.274, 33.374, 33.288, 33.238, 33.087, 32.869, 33.026, 34.197, 36.394, 38.506, 39.741, 39.828, 39.754, 40.112, 40.466, 40.749, 40.854, 40.65, 40.925, 42.376, 45.186, 47.118, 45.885, 43.951, 43.158, 43.043, 43.28, 43.559, 43.596, 42.984, 42.057, 41.955, 42.876, 42.523, 40.564, 39.328, 39.135, 38.754, 38.182, 37.622, 37.564, 38.084, 38.011, 37.293, 37.025, 37.082, 37.392, 37.886, 38.281, 38.766, 38.933, 38.756, 38.381, 38.323, 38.795, 39.081, 38.638, 38.382, 38.912, 39.663, 39.937, 40.115, 40.126, 39.772, 39.734, 40.512, 40.079, 28.657], [29.764, 28.521, 27.606, 27.341, 25.975, 23.825, 20.187, 14.315, 7.128, 0.0, 5.759, 11.272, 16.631, 20.021, 21.55, 22.648, 24.501, 26.299, 27.394, 28.273, 28.756, 28.808, 29.047, 29.413, 29.962, 31.012, 32.101, 32.689, 32.906, 32.753, 32.866, 33.454, 33.91, 34.482, 35.256, 35.891, 36.225, 35.677, 35.076, 35.53, 35.715, 35.312, 35.509, 35.936, 36.141, 36.486, 36.631, 37.209, 38.165, 38.751, 38.492, 38.216, 37.944, 37.293, 36.964, 36.91, 36.746, 36.593, 36.515, 36.194, 36.02, 36.066, 36.122, 36.452, 36.814, 36.765, 36.58, 36.738, 37.296, 37.187, 36.167, 35.448, 35.332, 35.316, 35.745, 36.424, 35.395, 33.88, 33.583, 33.662, 33.602, 33.592, 33.448, 33.238, 33.438, 34.617, 36.733, 38.729, 39.916, 40.031, 39.974, 40.301, 40.617, 40.872, 40.97, 40.768, 41.036, 42.435, 45.15, 47.042, 45.936, 44.214, 43.526, 43.421, 43.653, 43.923, 43.941, 43.329, 42.427, 42.342, 43.275, 42.976, 41.099, 39.911, 39.719, 39.332, 38.785, 38.241, 38.089, 38.487, 38.401, 37.733, 37.472, 37.516, 37.822, 38.288, 38.558, 38.896, 39.03, 38.867, 38.485, 38.381, 38.772, 39.022, 38.618, 38.395, 38.899, 39.619, 39.888, 40.037, 40.015, 39.679, 39.644, 40.387, 40.035, 30.444], [30.756, 29.61, 28.899, 28.82, 27.635, 25.63, 22.125, 16.825, 11.137, 5.759, 0.0, 7.129, 13.897, 17.857, 19.534, 20.774, 22.924, 24.996, 26.303, 27.336, 27.881, 27.977, 28.255, 28.615, 29.18, 30.306, 31.453, 32.101, 32.386, 32.271, 32.412, 33.059, 33.607, 34.258, 35.103, 35.821, 36.217, 35.699, 35.103, 35.543, 35.74, 35.35, 35.547, 35.975, 36.174, 36.498, 36.629, 37.204, 38.167, 38.748, 38.474, 38.199, 37.928, 37.274, 36.932, 36.879, 36.742, 36.617, 36.553, 36.234, 36.064, 36.106, 36.16, 36.524, 36.914, 36.883, 36.727, 36.905, 37.458, 37.353, 36.349, 35.626, 35.508, 35.536, 35.973, 36.617, 35.539, 33.98, 33.654, 33.728, 33.703, 33.725, 33.574, 33.361, 33.596, 34.798, 36.878, 38.803, 39.95, 40.072, 40.022, 40.331, 40.618, 40.852, 40.949, 40.756, 41.026, 42.424, 45.129, 47.015, 45.955, 44.337, 43.733, 43.651, 43.876, 44.125, 44.111, 43.487, 42.596, 42.531, 43.477, 43.181, 41.308, 40.136, 39.961, 39.577, 39.033, 38.495, 38.344, 38.731, 38.64, 37.971, 37.704, 37.733, 38.017, 38.475, 38.729, 39.012, 39.102, 38.928, 38.539, 38.41, 38.765, 39.008, 38.631, 38.422, 38.921, 39.645, 39.919, 40.042, 40.001, 39.671, 39.644, 40.397, 40.102, 31.335], [31.608, 30.545, 30.027, 30.056, 28.987, 27.227, 23.98, 19.005, 14.457, 11.272, 7.129, 0.0, 7.928, 13.117, 15.525, 17.033, 19.533, 21.995, 23.671, 25.065, 25.811, 26.004, 26.397, 26.822, 27.429, 28.662, 29.952, 30.754, 31.174, 31.152, 31.339, 32.047, 32.8, 33.753, 34.769, 35.534, 35.965, 35.512, 34.99, 35.484, 35.69, 35.301, 35.499, 35.937, 36.126, 36.421, 36.536, 37.134, 38.136, 38.735, 38.468, 38.215, 37.947, 37.249, 36.87, 36.795, 36.651, 36.531, 36.464, 36.134, 35.969, 36.027, 36.103, 36.513, 36.927, 36.896, 36.749, 36.945, 37.484, 37.347, 36.304, 35.549, 35.435, 35.51, 35.961, 36.609, 35.522, 33.978, 33.714, 33.837, 33.841, 33.878, 33.71, 33.498, 33.764, 34.986, 37.041, 38.919, 40.035, 40.154, 40.099, 40.389, 40.649, 40.862, 40.963, 40.788, 41.054, 42.454, 45.179, 47.089, 46.019, 44.367, 43.748, 43.662, 43.874, 44.09, 44.024, 43.358, 42.451, 42.396, 43.345, 43.024, 41.115, 39.949, 39.816, 39.46, 38.904, 38.35, 38.252, 38.697, 38.625, 37.936, 37.661, 37.7, 37.973, 38.415, 38.723, 39.081, 39.185, 39.002, 38.601, 38.456, 38.803, 39.051, 38.679, 38.461, 38.951, 39.684, 39.959, 40.072, 40.036, 39.708, 39.673, 40.444, 40.184, 32.153], [33.04, 32.074, 31.737, 31.87, 30.962, 29.495, 26.748, 22.453, 18.713, 16.631, 13.897, 7.928, 0.0, 6.47, 10.229, 12.462, 15.438, 18.243, 20.312, 22.239, 23.338, 23.633, 24.11, 24.651, 25.355, 26.719, 28.192, 29.185, 29.757, 29.854, 30.116, 30.861, 31.769, 33.06, 34.34, 35.166, 35.598, 35.278, 35.01, 35.666, 35.884, 35.462, 35.649, 36.097, 36.277, 36.52, 36.617, 37.267, 38.309, 38.92, 38.67, 38.447, 38.168, 37.414, 37.014, 36.928, 36.763, 36.634, 36.55, 36.194, 36.019, 36.093, 36.198, 36.613, 36.979, 36.912, 36.754, 36.936, 37.449, 37.289, 36.201, 35.41, 35.313, 35.422, 35.856, 36.523, 35.51, 34.104, 33.987, 34.17, 34.186, 34.232, 34.062, 33.866, 34.135, 35.307, 37.266, 39.068, 40.164, 40.296, 40.233, 40.495, 40.731, 40.919, 41.012, 40.849, 41.089, 42.443, 45.13, 47.032, 45.971, 44.327, 43.697, 43.595, 43.805, 44.029, 43.95, 43.245, 42.325, 42.265, 43.187, 42.851, 40.946, 39.802, 39.707, 39.391, 38.836, 38.252, 38.188, 38.679, 38.618, 37.906, 37.603, 37.655, 37.927, 38.342, 38.695, 39.164, 39.337, 39.169, 38.762, 38.609, 38.95, 39.193, 38.82, 38.585, 39.044, 39.755, 40.026, 40.142, 40.114, 39.784, 39.732, 40.492, 40.275, 33.544], [34.25, 33.353, 33.113, 33.315, 32.526, 31.249, 28.868, 25.134, 21.863, 20.021, 17.857, 13.117, 6.47, 0.0, 4.939, 8.873, 12.954, 15.984, 18.11, 20.337, 21.729, 22.101, 22.552, 23.132, 23.943, 25.436, 27.056, 28.196, 28.862, 29.026, 29.351, 30.129, 31.094, 32.55, 34.015, 34.925, 35.368, 35.12, 35.061, 35.874, 36.129, 35.664, 35.825, 36.284, 36.454, 36.644, 36.734, 37.416, 38.456, 39.059, 38.816, 38.605, 38.315, 37.539, 37.136, 37.034, 36.845, 36.716, 36.639, 36.278, 36.1, 36.179, 36.286, 36.667, 36.969, 36.892, 36.751, 36.909, 37.381, 37.229, 36.165, 35.37, 35.274, 35.4, 35.801, 36.458, 35.507, 34.244, 34.251, 34.472, 34.504, 34.572, 34.419, 34.225, 34.474, 35.567, 37.413, 39.16, 40.26, 40.411, 40.332, 40.572, 40.801, 40.983, 41.066, 40.892, 41.101, 42.406, 45.037, 46.918, 45.908, 44.313, 43.683, 43.565, 43.789, 44.083, 44.073, 43.374, 42.458, 42.408, 43.318, 42.981, 41.092, 39.963, 39.881, 39.589, 39.035, 38.395, 38.286, 38.748, 38.664, 37.934, 37.616, 37.69, 37.97, 38.348, 38.689, 39.205, 39.436, 39.292, 38.887, 38.733, 39.068, 39.306, 38.925, 38.674, 39.115, 39.807, 40.076, 40.203, 40.183, 39.852, 39.792, 40.559, 40.406, 34.675], [34.834, 33.974, 33.764, 34.011, 33.292, 32.117, 29.914, 26.458, 23.391, 21.55, 19.534, 15.525, 10.229, 4.939, 0.0, 5.57, 11.186, 14.783, 16.855, 19.025, 20.521, 21.018, 21.538, 22.127, 22.977, 24.578, 26.318, 27.592, 28.342, 28.552, 28.925, 29.751, 30.773, 32.332, 33.905, 34.874, 35.364, 35.162, 35.161, 36.019, 36.309, 35.842, 36.003, 36.461, 36.618, 36.781, 36.875, 37.559, 38.582, 39.18, 38.95, 38.749, 38.454, 37.667, 37.264, 37.155, 36.96, 36.849, 36.793, 36.447, 36.273, 36.354, 36.461, 36.814, 37.079, 37.013, 36.905, 37.066, 37.522, 37.383, 36.369, 35.597, 35.489, 35.621, 36.012, 36.643, 35.707, 34.518, 34.574, 34.801, 34.858, 34.945, 34.797, 34.6, 34.843, 35.902, 37.668, 39.352, 40.434, 40.583, 40.492, 40.716, 40.943, 41.133, 41.211, 41.022, 41.226, 42.511, 45.1, 46.973, 46.02, 44.453, 43.8, 43.661, 43.891, 44.223, 44.255, 43.563, 42.659, 42.626, 43.528, 43.188, 41.324, 40.235, 40.179, 39.896, 39.337, 38.666, 38.504, 38.927, 38.844, 38.13, 37.825, 37.935, 38.236, 38.592, 38.892, 39.397, 39.643, 39.506, 39.107, 38.951, 39.268, 39.488, 39.102, 38.852, 39.286, 39.963, 40.226, 40.354, 40.331, 40.002, 39.944, 40.727, 40.635, 35.207], [35.101, 34.278, 34.105, 34.41, 33.771, 32.689, 30.584, 27.25, 24.341, 22.648, 20.774, 17.033, 12.462, 8.873, 5.57, 0.0, 6.78, 11.512, 14.122, 16.371, 17.914, 18.641, 19.512, 20.211, 21.077, 22.88, 24.876, 26.398, 27.305, 27.595, 28.042, 28.942, 30.041, 31.775, 33.523, 34.553, 35.111, 35.033, 35.106, 35.955, 36.267, 35.891, 36.131, 36.586, 36.749, 36.934, 37.016, 37.683, 38.728, 39.338, 39.124, 38.943, 38.636, 37.815, 37.388, 37.257, 37.054, 36.963, 36.927, 36.59, 36.42, 36.51, 36.648, 37.006, 37.251, 37.179, 37.085, 37.269, 37.748, 37.621, 36.628, 35.871, 35.737, 35.82, 36.177, 36.791, 35.891, 34.754, 34.822, 35.052, 35.134, 35.211, 35.029, 34.837, 35.098, 36.14, 37.826, 39.406, 40.44, 40.589, 40.509, 40.724, 40.931, 41.102, 41.171, 40.992, 41.213, 42.491, 45.056, 46.924, 46.004, 44.456, 43.776, 43.612, 43.828, 44.141, 44.153, 43.44, 42.541, 42.508, 43.373, 43.024, 41.214, 40.215, 40.213, 39.93, 39.366, 38.714, 38.548, 38.978, 38.934, 38.255, 37.967, 38.115, 38.462, 38.834, 39.131, 39.636, 39.883, 39.742, 39.349, 39.195, 39.498, 39.7, 39.312, 39.07, 39.515, 40.193, 40.458, 40.584, 40.557, 40.236, 40.185, 40.972, 40.906, 35.484], [35.682, 34.952, 34.892, 35.246, 34.67, 33.67, 31.674, 28.497, 25.868, 24.501, 22.924, 19.533, 15.438, 12.954, 11.186, 6.78, 0.0, 5.866, 9.89, 12.829, 14.453, 15.337, 16.642, 17.519, 18.414, 20.502, 22.9, 24.81, 25.972, 26.413, 26.973, 27.939, 29.102, 31.019, 32.943, 34.008, 34.603, 34.706, 34.978, 35.894, 36.231, 36.002, 36.396, 36.894, 37.097, 37.327, 37.384, 38.02, 39.086, 39.687, 39.474, 39.303, 38.985, 38.136, 37.674, 37.491, 37.26, 37.171, 37.141, 36.812, 36.651, 36.756, 36.929, 37.301, 37.513, 37.408, 37.294, 37.484, 37.995, 37.887, 36.884, 36.117, 35.948, 35.928, 36.187, 36.802, 36.017, 34.98, 35.072, 35.334, 35.447, 35.504, 35.282, 35.108, 35.384, 36.348, 37.897, 39.354, 40.346, 40.518, 40.474, 40.686, 40.861, 40.997, 41.057, 40.91, 41.147, 42.411, 44.955, 46.793, 45.863, 44.335, 43.648, 43.461, 43.656, 43.95, 43.945, 43.212, 42.322, 42.271, 43.076, 42.705, 40.956, 40.047, 40.099, 39.818, 39.257, 38.664, 38.554, 38.992, 38.96, 38.295, 38.009, 38.185, 38.591, 39.015, 39.363, 39.902, 40.157, 40.016, 39.635, 39.491, 39.795, 39.99, 39.597, 39.363, 39.821, 40.505, 40.778, 40.909, 40.881, 40.577, 40.549, 41.315, 41.231, 36.078], [36.529, 35.896, 35.932, 36.292, 35.734, 34.772, 32.864, 29.831, 27.418, 26.299, 24.996, 21.995, 18.243, 15.984, 14.783, 11.512, 5.866, 0.0, 5.422, 9.72, 11.782, 12.655, 14.222, 15.318, 16.214, 18.466, 21.245, 23.577, 25.047, 25.706, 26.391, 27.394, 28.628, 30.704, 32.736, 33.792, 34.378, 34.62, 35.117, 36.184, 36.581, 36.42, 36.892, 37.442, 37.683, 37.92, 37.954, 38.553, 39.592, 40.165, 39.951, 39.788, 39.469, 38.618, 38.138, 37.914, 37.639, 37.53, 37.494, 37.178, 37.042, 37.171, 37.361, 37.707, 37.858, 37.71, 37.564, 37.731, 38.246, 38.167, 37.174, 36.402, 36.212, 36.114, 36.29, 36.938, 36.289, 35.374, 35.522, 35.829, 35.949, 35.984, 35.747, 35.583, 35.839, 36.73, 38.21, 39.632, 40.613, 40.805, 40.796, 41.02, 41.194, 41.33, 41.397, 41.255, 41.478, 42.732, 45.25, 47.039, 46.054, 44.495, 43.792, 43.594, 43.78, 44.08, 44.093, 43.348, 42.447, 42.382, 43.148, 42.738, 40.965, 40.044, 40.115, 39.864, 39.311, 38.741, 38.697, 39.165, 39.126, 38.444, 38.137, 38.302, 38.736, 39.204, 39.631, 40.232, 40.502, 40.367, 40.006, 39.879, 40.188, 40.38, 39.979, 39.742, 40.198, 40.878, 41.154, 41.293, 41.259, 40.963, 40.967, 41.719, 41.609, 36.889], [37.068, 36.455, 36.477, 36.814, 36.276, 35.369, 33.559, 30.651, 28.364, 27.394, 26.303, 23.671, 20.312, 18.11, 16.855, 14.122, 9.89, 5.422, 0.0, 5.462, 8.519, 9.831, 11.785, 13.211, 14.119, 16.383, 19.533, 22.39, 24.22, 25.115, 25.932, 26.974, 28.287, 30.495, 32.601, 33.641, 34.212, 34.532, 35.195, 36.42, 36.923, 36.81, 37.286, 37.863, 38.141, 38.36, 38.375, 38.941, 39.932, 40.493, 40.296, 40.137, 39.806, 38.953, 38.469, 38.222, 37.915, 37.791, 37.748, 37.439, 37.326, 37.485, 37.685, 37.995, 38.1, 37.924, 37.753, 37.893, 38.403, 38.352, 37.393, 36.635, 36.434, 36.311, 36.477, 37.158, 36.57, 35.729, 35.952, 36.309, 36.428, 36.447, 36.213, 36.039, 36.269, 37.154, 38.642, 40.101, 41.098, 41.286, 41.272, 41.501, 41.698, 41.864, 41.936, 41.767, 41.981, 43.243, 45.729, 47.475, 46.457, 44.829, 44.073, 43.863, 44.053, 44.376, 44.417, 43.653, 42.72, 42.649, 43.417, 42.97, 41.118, 40.13, 40.195, 39.978, 39.433, 38.841, 38.826, 39.354, 39.339, 38.639, 38.294, 38.434, 38.878, 39.364, 39.835, 40.488, 40.788, 40.663, 40.322, 40.213, 40.525, 40.71, 40.302, 40.056, 40.509, 41.188, 41.466, 41.611, 41.571, 41.268, 41.292, 42.069, 41.95, 37.38], [37.418, 36.786, 36.734, 37.031, 36.534, 35.704, 34.018, 31.273, 29.136, 28.273, 27.336, 25.065, 22.239, 20.337, 19.025, 16.371, 12.829, 9.72, 5.462, 0.0, 4.123, 6.919, 9.767, 11.458, 12.435, 14.712, 18.165, 21.537, 23.663, 24.705, 25.613, 26.695, 28.021, 30.247, 32.384, 33.422, 33.986, 34.335, 35.109, 36.444, 37.051, 37.059, 37.585, 38.175, 38.498, 38.725, 38.718, 39.248, 40.201, 40.751, 40.573, 40.403, 40.042, 39.189, 38.716, 38.468, 38.166, 38.056, 38.02, 37.717, 37.615, 37.785, 37.988, 38.295, 38.404, 38.226, 38.049, 38.184, 38.684, 38.643, 37.725, 36.988, 36.785, 36.666, 36.835, 37.502, 36.914, 36.106, 36.378, 36.766, 36.9, 36.925, 36.701, 36.526, 36.743, 37.607, 39.055, 40.505, 41.512, 41.703, 41.668, 41.874, 42.063, 42.23, 42.292, 42.111, 42.35, 43.621, 46.049, 47.772, 46.801, 45.16, 44.352, 44.118, 44.307, 44.641, 44.688, 43.915, 42.974, 42.895, 43.645, 43.184, 41.326, 40.333, 40.394, 40.185, 39.654, 39.066, 39.034, 39.551, 39.545, 38.861, 38.526, 38.672, 39.129, 39.611, 40.058, 40.709, 41.04, 40.934, 40.601, 40.494, 40.797, 40.976, 40.575, 40.341, 40.81, 41.504, 41.784, 41.922, 41.875, 41.562, 41.588, 42.403, 42.308, 37.713], [37.557, 36.926, 36.861, 37.159, 36.683, 35.877, 34.24, 31.594, 29.568, 28.756, 27.881, 25.811, 23.338, 21.729, 20.521, 17.914, 14.453, 11.782, 8.519, 4.123, 0.0, 4.232, 8.208, 10.059, 10.948, 13.421, 17.137, 20.769, 23.043, 24.132, 25.063, 26.175, 27.499, 29.704, 31.857, 32.913, 33.474, 33.82, 34.644, 36.037, 36.699, 36.825, 37.454, 38.088, 38.445, 38.699, 38.702, 39.246, 40.216, 40.761, 40.588, 40.409, 40.033, 39.18, 38.714, 38.469, 38.179, 38.078, 38.051, 37.753, 37.649, 37.818, 38.027, 38.381, 38.545, 38.38, 38.2, 38.342, 38.845, 38.789, 37.869, 37.143, 36.941, 36.815, 36.985, 37.632, 37.016, 36.184, 36.449, 36.837, 36.985, 37.024, 36.801, 36.623, 36.841, 37.697, 39.122, 40.555, 41.568, 41.761, 41.72, 41.911, 42.087, 42.25, 42.317, 42.16, 42.436, 43.72, 46.145, 47.887, 46.951, 45.319, 44.495, 44.247, 44.427, 44.743, 44.763, 43.976, 43.041, 42.955, 43.68, 43.212, 41.384, 40.432, 40.507, 40.286, 39.761, 39.218, 39.184, 39.65, 39.625, 38.952, 38.639, 38.805, 39.28, 39.771, 40.2, 40.827, 41.156, 41.059, 40.727, 40.612, 40.914, 41.099, 40.703, 40.484, 40.98, 41.693, 41.974, 42.106, 42.057, 41.736, 41.753, 42.581, 42.489, 37.838], [37.517, 36.914, 36.917, 37.272, 36.808, 35.991, 34.333, 31.673, 29.628, 28.808, 27.977, 26.004, 23.633, 22.101, 21.018, 18.641, 15.337, 12.655, 9.831, 6.919, 4.232, 0.0, 4.783, 7.273, 8.327, 11.09, 15.258, 19.225, 21.696, 22.901, 23.922, 25.112, 26.549, 28.902, 31.152, 32.245, 32.818, 33.176, 34.054, 35.507, 36.186, 36.327, 37.022, 37.712, 38.079, 38.363, 38.406, 38.992, 40.005, 40.563, 40.386, 40.208, 39.83, 38.963, 38.484, 38.239, 37.936, 37.814, 37.778, 37.479, 37.377, 37.555, 37.773, 38.157, 38.359, 38.194, 37.981, 38.1, 38.605, 38.538, 37.583, 36.855, 36.667, 36.534, 36.714, 37.391, 36.756, 35.875, 36.124, 36.513, 36.656, 36.697, 36.473, 36.289, 36.499, 37.397, 38.921, 40.459, 41.526, 41.718, 41.664, 41.863, 42.057, 42.242, 42.336, 42.197, 42.469, 43.771, 46.257, 48.052, 47.105, 45.437, 44.592, 44.343, 44.529, 44.839, 44.842, 44.043, 43.095, 43.006, 43.743, 43.268, 41.384, 40.36, 40.404, 40.174, 39.647, 39.112, 39.085, 39.57, 39.55, 38.863, 38.533, 38.681, 39.142, 39.631, 40.067, 40.702, 41.023, 40.917, 40.582, 40.475, 40.8, 41.0, 40.594, 40.367, 40.875, 41.602, 41.889, 42.025, 41.977, 41.646, 41.653, 42.474, 42.344, 37.744], [37.649, 37.082, 37.146, 37.537, 37.094, 36.283, 34.618, 31.95, 29.884, 29.047, 28.255, 26.397, 24.11, 22.552, 21.538, 19.512, 16.642, 14.222, 11.785, 9.767, 8.208, 4.783, 0.0, 3.575, 5.862, 8.991, 13.404, 17.806, 20.571, 21.942, 23.099, 24.39, 25.978, 28.525, 30.878, 32.001, 32.58, 32.935, 33.843, 35.349, 36.041, 36.153, 36.858, 37.571, 37.942, 38.254, 38.331, 38.936, 39.959, 40.524, 40.339, 40.162, 39.787, 38.913, 38.415, 38.167, 37.856, 37.716, 37.671, 37.372, 37.276, 37.456, 37.668, 38.046, 38.26, 38.093, 37.842, 37.913, 38.394, 38.321, 37.36, 36.646, 36.476, 36.359, 36.561, 37.277, 36.64, 35.744, 36.012, 36.407, 36.547, 36.591, 36.379, 36.194, 36.385, 37.314, 38.943, 40.61, 41.755, 41.958, 41.886, 42.087, 42.308, 42.52, 42.627, 42.473, 42.711, 44.006, 46.518, 48.337, 47.387, 45.689, 44.817, 44.569, 44.773, 45.101, 45.125, 44.334, 43.375, 43.289, 44.058, 43.595, 41.649, 40.51, 40.486, 40.243, 39.713, 39.138, 39.069, 39.57, 39.561, 38.867, 38.527, 38.645, 39.058, 39.505, 39.922, 40.572, 40.901, 40.791, 40.46, 40.374, 40.724, 40.933, 40.521, 40.286, 40.788, 41.518, 41.813, 41.96, 41.916, 41.576, 41.569, 42.384, 42.245, 37.821], [37.831, 37.276, 37.36, 37.755, 37.317, 36.515, 34.867, 32.247, 30.244, 29.413, 28.615, 26.822, 24.651, 23.132, 22.127, 20.211, 17.519, 15.318, 13.211, 11.458, 10.059, 7.273, 3.575, 0.0, 3.705, 8.009, 12.625, 17.177, 20.107, 21.54, 22.736, 24.096, 25.744, 28.309, 30.689, 31.857, 32.453, 32.781, 33.656, 35.168, 35.885, 36.009, 36.733, 37.464, 37.85, 38.185, 38.283, 38.909, 39.941, 40.512, 40.329, 40.157, 39.791, 38.911, 38.399, 38.154, 37.85, 37.718, 37.677, 37.377, 37.278, 37.455, 37.675, 38.08, 38.326, 38.177, 37.927, 37.996, 38.463, 38.378, 37.425, 36.727, 36.555, 36.434, 36.638, 37.344, 36.681, 35.763, 36.026, 36.415, 36.561, 36.61, 36.398, 36.216, 36.413, 37.342, 38.965, 40.628, 41.785, 42.01, 41.94, 42.138, 42.366, 42.59, 42.706, 42.556, 42.795, 44.089, 46.597, 48.414, 47.47, 45.774, 44.897, 44.646, 44.849, 45.178, 45.206, 44.421, 43.465, 43.384, 44.161, 43.713, 41.787, 40.646, 40.606, 40.347, 39.81, 39.23, 39.144, 39.63, 39.616, 38.926, 38.603, 38.724, 39.122, 39.552, 39.931, 40.545, 40.866, 40.763, 40.436, 40.352, 40.7, 40.908, 40.505, 40.28, 40.783, 41.511, 41.811, 41.964, 41.92, 41.578, 41.567, 42.39, 42.278, 37.995], [38.098, 37.529, 37.597, 37.993, 37.555, 36.757, 35.165, 32.639, 30.737, 29.962, 29.18, 27.429, 25.355, 23.943, 22.977, 21.077, 18.414, 16.214, 14.119, 12.435, 10.948, 8.327, 5.862, 3.705, 0.0, 5.601, 11.23, 16.3, 19.452, 20.983, 22.245, 23.676, 25.373, 27.923, 30.31, 31.513, 32.146, 32.51, 33.42, 34.972, 35.727, 35.894, 36.665, 37.429, 37.829, 38.176, 38.294, 38.938, 39.982, 40.568, 40.397, 40.229, 39.854, 38.97, 38.463, 38.221, 37.91, 37.772, 37.728, 37.425, 37.32, 37.491, 37.717, 38.156, 38.43, 38.291, 38.055, 38.134, 38.591, 38.506, 37.565, 36.872, 36.701, 36.576, 36.782, 37.477, 36.819, 35.905, 36.143, 36.517, 36.651, 36.684, 36.467, 36.287, 36.487, 37.426, 39.044, 40.675, 41.808, 42.027, 41.958, 42.152, 42.378, 42.609, 42.735, 42.604, 42.867, 44.173, 46.681, 48.506, 47.565, 45.872, 45.002, 44.747, 44.936, 45.25, 45.264, 44.468, 43.511, 43.428, 44.189, 43.729, 41.817, 40.702, 40.68, 40.422, 39.88, 39.326, 39.286, 39.817, 39.832, 39.133, 38.798, 38.934, 39.37, 39.842, 40.226, 40.81, 41.11, 41.01, 40.689, 40.599, 40.937, 41.142, 40.741, 40.522, 41.031, 41.759, 42.059, 42.214, 42.17, 41.826, 41.821, 42.647, 42.501, 38.247], [38.556, 38.009, 38.053, 38.447, 38.059, 37.33, 35.869, 33.489, 31.696, 31.012, 30.306, 28.662, 26.719, 25.436, 24.578, 22.88, 20.502, 18.466, 16.383, 14.712, 13.421, 11.09, 8.991, 8.009, 5.601, 0.0, 7.097, 13.883, 17.873, 19.793, 21.306, 22.88, 24.756, 27.526, 30.024, 31.23, 31.895, 32.373, 33.441, 35.109, 35.917, 36.142, 36.961, 37.746, 38.155, 38.531, 38.679, 39.297, 40.32, 40.914, 40.757, 40.586, 40.183, 39.293, 38.796, 38.553, 38.215, 38.041, 37.976, 37.666, 37.558, 37.716, 37.923, 38.338, 38.59, 38.438, 38.185, 38.214, 38.622, 38.553, 37.643, 36.965, 36.864, 36.823, 37.073, 37.807, 37.236, 36.424, 36.704, 37.056, 37.128, 37.128, 36.936, 36.752, 36.911, 37.876, 39.572, 41.256, 42.383, 42.577, 42.492, 42.673, 42.892, 43.115, 43.226, 43.066, 43.296, 44.574, 47.062, 48.907, 47.982, 46.297, 45.429, 45.177, 45.373, 45.698, 45.717, 44.899, 43.921, 43.838, 44.601, 44.118, 42.152, 40.973, 40.926, 40.686, 40.149, 39.588, 39.599, 40.234, 40.322, 39.628, 39.256, 39.36, 39.798, 40.308, 40.754, 41.382, 41.675, 41.56, 41.248, 41.176, 41.52, 41.72, 41.32, 41.103, 41.599, 42.318, 42.619, 42.782, 42.745, 42.4, 42.394, 43.197, 42.963, 38.628], [38.785, 38.305, 38.375, 38.804, 38.506, 37.899, 36.596, 34.391, 32.728, 32.101, 31.453, 29.952, 28.192, 27.056, 26.318, 24.876, 22.9, 21.245, 19.533, 18.165, 17.137, 15.258, 13.404, 12.625, 11.23, 7.097, 0.0, 8.578, 14.15, 16.912, 18.788, 20.549, 22.791, 26.162, 29.043, 30.361, 31.107, 31.72, 32.94, 34.743, 35.632, 35.919, 36.787, 37.584, 38.033, 38.513, 38.732, 39.337, 40.348, 40.958, 40.819, 40.64, 40.171, 39.257, 38.776, 38.544, 38.178, 37.968, 37.895, 37.57, 37.444, 37.596, 37.805, 38.204, 38.444, 38.27, 37.983, 37.953, 38.314, 38.246, 37.348, 36.704, 36.718, 36.797, 37.13, 37.923, 37.406, 36.682, 37.014, 37.344, 37.383, 37.364, 37.172, 36.966, 37.1, 38.118, 39.909, 41.67, 42.811, 42.987, 42.887, 43.066, 43.287, 43.511, 43.604, 43.393, 43.559, 44.8, 47.285, 49.149, 48.229, 46.556, 45.698, 45.465, 45.685, 46.038, 46.069, 45.228, 44.228, 44.16, 44.959, 44.486, 42.481, 41.228, 41.119, 40.866, 40.313, 39.715, 39.74, 40.451, 40.599, 39.928, 39.523, 39.551, 39.944, 40.483, 41.011, 41.689, 41.963, 41.82, 41.496, 41.425, 41.777, 41.986, 41.599, 41.384, 41.865, 42.574, 42.875, 43.04, 43.001, 42.648, 42.627, 43.401, 43.109, 38.75], [38.712, 38.27, 38.357, 38.823, 38.588, 38.07, 36.891, 34.861, 33.296, 32.689, 32.101, 30.754, 29.185, 28.196, 27.592, 26.398, 24.81, 23.577, 22.39, 21.537, 20.769, 19.225, 17.806, 17.177, 16.3, 13.883, 8.578, 0.0, 7.09, 11.362, 13.913, 15.71, 18.415, 22.854, 26.462, 28.096, 29.034, 29.81, 31.184, 33.145, 34.11, 34.452, 35.435, 36.3, 36.836, 37.492, 37.857, 38.518, 39.557, 40.193, 40.074, 39.868, 39.353, 38.531, 38.219, 38.088, 37.721, 37.478, 37.421, 37.102, 36.943, 37.089, 37.335, 37.752, 38.012, 37.832, 37.526, 37.5, 37.885, 37.794, 36.869, 36.27, 36.351, 36.45, 36.82, 37.61, 37.079, 36.401, 36.756, 37.079, 37.122, 37.099, 36.88, 36.654, 36.808, 37.889, 39.757, 41.577, 42.75, 42.905, 42.783, 42.971, 43.21, 43.45, 43.547, 43.318, 43.449, 44.663, 47.138, 49.023, 48.109, 46.424, 45.576, 45.374, 45.624, 45.999, 46.031, 45.188, 44.198, 44.155, 44.99, 44.563, 42.595, 41.318, 41.141, 40.854, 40.291, 39.674, 39.699, 40.453, 40.627, 39.963, 39.538, 39.509, 39.859, 40.396, 40.949, 41.629, 41.879, 41.718, 41.369, 41.274, 41.62, 41.843, 41.463, 41.231, 41.695, 42.399, 42.697, 42.857, 42.802, 42.424, 42.387, 43.141, 42.798, 38.61], [38.517, 38.086, 38.188, 38.694, 38.487, 37.984, 36.871, 34.991, 33.501, 32.906, 32.386, 31.174, 29.757, 28.862, 28.342, 27.305, 25.972, 25.047, 24.22, 23.663, 23.043, 21.696, 20.571, 20.107, 19.452, 17.873, 14.15, 7.09, 0.0, 5.628, 9.402, 11.447, 14.404, 19.748, 24.009, 25.941, 27.024, 27.922, 29.473, 31.552, 32.509, 32.866, 33.959, 34.898, 35.502, 36.284, 36.754, 37.469, 38.545, 39.205, 39.106, 38.885, 38.389, 37.741, 37.668, 37.689, 37.373, 37.13, 37.093, 36.796, 36.618, 36.758, 37.032, 37.487, 37.78, 37.612, 37.309, 37.309, 37.734, 37.64, 36.709, 36.128, 36.204, 36.267, 36.641, 37.407, 36.847, 36.143, 36.43, 36.72, 36.752, 36.728, 36.504, 36.282, 36.455, 37.521, 39.37, 41.185, 42.369, 42.5, 42.34, 42.524, 42.781, 43.04, 43.148, 42.92, 43.062, 44.275, 46.706, 48.579, 47.712, 46.083, 45.27, 45.093, 45.357, 45.744, 45.782, 44.97, 44.016, 43.986, 44.852, 44.492, 42.599, 41.339, 41.13, 40.828, 40.28, 39.693, 39.758, 40.534, 40.694, 40.022, 39.593, 39.542, 39.864, 40.384, 40.898, 41.522, 41.75, 41.586, 41.234, 41.134, 41.478, 41.707, 41.325, 41.075, 41.525, 42.22, 42.518, 42.692, 42.642, 42.251, 42.213, 42.958, 42.56, 38.397], [37.931, 37.476, 37.604, 38.195, 38.023, 37.5, 36.379, 34.608, 33.284, 32.753, 32.271, 31.152, 29.854, 29.026, 28.552, 27.595, 26.413, 25.706, 25.115, 24.705, 24.132, 22.901, 21.942, 21.54, 20.983, 19.793, 16.912, 11.362, 5.628, 0.0, 4.961, 8.337, 11.943, 17.593, 22.107, 24.229, 25.379, 26.294, 27.956, 30.092, 31.017, 31.375, 32.551, 33.548, 34.195, 35.066, 35.59, 36.36, 37.514, 38.23, 38.164, 37.968, 37.502, 36.906, 36.934, 37.058, 36.817, 36.604, 36.578, 36.287, 36.095, 36.219, 36.507, 37.041, 37.413, 37.281, 37.006, 37.047, 37.504, 37.411, 36.475, 35.882, 35.899, 35.938, 36.381, 37.178, 36.522, 35.648, 35.786, 36.022, 36.035, 36.018, 35.803, 35.579, 35.767, 36.83, 38.694, 40.529, 41.722, 41.833, 41.649, 41.845, 42.125, 42.406, 42.525, 42.301, 42.472, 43.724, 46.175, 48.055, 47.21, 45.62, 44.841, 44.679, 44.94, 45.324, 45.37, 44.602, 43.676, 43.65, 44.547, 44.221, 42.346, 41.112, 40.907, 40.592, 40.046, 39.484, 39.573, 40.348, 40.47, 39.773, 39.347, 39.286, 39.593, 40.116, 40.583, 41.132, 41.325, 41.149, 40.79, 40.695, 41.066, 41.312, 40.92, 40.667, 41.136, 41.84, 42.143, 42.337, 42.302, 41.905, 41.867, 42.626, 42.192, 37.812], [37.62, 37.137, 37.261, 37.917, 37.804, 37.302, 36.161, 34.456, 33.301, 32.866, 32.412, 31.339, 30.116, 29.351, 28.925, 28.042, 26.973, 26.391, 25.932, 25.613, 25.063, 23.922, 23.099, 22.736, 22.245, 21.306, 18.788, 13.913, 9.402, 4.961, 0.0, 4.985, 10.277, 16.372, 20.837, 23.03, 24.286, 25.204, 26.866, 29.008, 29.944, 30.361, 31.646, 32.698, 33.364, 34.289, 34.874, 35.722, 36.939, 37.688, 37.647, 37.495, 37.066, 36.455, 36.48, 36.659, 36.494, 36.336, 36.333, 36.044, 35.844, 35.956, 36.268, 36.869, 37.288, 37.173, 36.92, 36.995, 37.474, 37.371, 36.414, 35.815, 35.795, 35.816, 36.306, 37.123, 36.383, 35.379, 35.428, 35.635, 35.63, 35.622, 35.423, 35.202, 35.411, 36.481, 38.344, 40.187, 41.38, 41.479, 41.289, 41.494, 41.783, 42.08, 42.214, 41.995, 42.176, 43.442, 45.915, 47.805, 46.957, 45.374, 44.608, 44.448, 44.705, 45.086, 45.138, 44.396, 43.484, 43.458, 44.368, 44.049, 42.175, 40.966, 40.775, 40.448, 39.896, 39.337, 39.423, 40.188, 40.296, 39.591, 39.186, 39.13, 39.43, 39.957, 40.403, 40.916, 41.091, 40.908, 40.538, 40.437, 40.826, 41.087, 40.687, 40.426, 40.906, 41.613, 41.909, 42.102, 42.064, 41.652, 41.606, 42.388, 41.954, 37.49], [37.819, 37.33, 37.415, 38.075, 38.01, 37.564, 36.509, 34.927, 33.838, 33.454, 33.059, 32.047, 30.861, 30.129, 29.751, 28.942, 27.939, 27.394, 26.974, 26.695, 26.175, 25.112, 24.39, 24.096, 23.676, 22.88, 20.549, 15.71, 11.447, 8.337, 4.985, 0.0, 6.98, 14.61, 19.662, 21.974, 23.304, 24.354, 26.178, 28.412, 29.402, 29.954, 31.364, 32.459, 33.162, 34.138, 34.78, 35.676, 36.922, 37.673, 37.636, 37.489, 37.056, 36.455, 36.488, 36.679, 36.544, 36.439, 36.482, 36.211, 36.008, 36.117, 36.441, 37.044, 37.445, 37.322, 37.073, 37.142, 37.621, 37.52, 36.558, 35.968, 35.97, 35.977, 36.426, 37.213, 36.486, 35.527, 35.595, 35.796, 35.783, 35.772, 35.585, 35.392, 35.613, 36.634, 38.422, 40.217, 41.39, 41.474, 41.273, 41.473, 41.761, 42.063, 42.206, 41.989, 42.154, 43.385, 45.813, 47.688, 46.862, 45.322, 44.587, 44.434, 44.693, 45.076, 45.126, 44.396, 43.497, 43.459, 44.345, 44.039, 42.214, 41.029, 40.833, 40.509, 39.958, 39.386, 39.468, 40.233, 40.348, 39.66, 39.277, 39.229, 39.521, 40.052, 40.509, 41.019, 41.198, 41.025, 40.66, 40.551, 40.924, 41.183, 40.789, 40.518, 40.978, 41.67, 41.962, 42.143, 42.086, 41.664, 41.62, 42.409, 42.008, 37.666], [37.581, 37.053, 37.083, 37.765, 37.728, 37.335, 36.471, 35.19, 34.276, 33.91, 33.607, 32.8, 31.769, 31.094, 30.773, 30.041, 29.102, 28.628, 28.287, 28.021, 27.499, 26.549, 25.978, 25.744, 25.373, 24.756, 22.791, 18.415, 14.404, 11.943, 10.277, 6.98, 0.0, 9.266, 15.927, 18.918, 20.373, 21.706, 24.18, 26.799, 27.866, 28.67, 30.334, 31.517, 32.313, 33.433, 34.177, 35.122, 36.409, 37.161, 37.092, 36.871, 36.409, 35.926, 36.065, 36.243, 36.1, 36.04, 36.144, 35.91, 35.71, 35.801, 36.099, 36.704, 37.123, 37.031, 36.821, 36.909, 37.401, 37.324, 36.403, 35.833, 35.842, 35.823, 36.215, 36.949, 36.197, 35.225, 35.248, 35.415, 35.392, 35.376, 35.2, 35.027, 35.237, 36.197, 37.915, 39.675, 40.852, 40.926, 40.709, 40.926, 41.245, 41.575, 41.736, 41.519, 41.688, 42.929, 45.342, 47.197, 46.368, 44.886, 44.25, 44.138, 44.395, 44.764, 44.811, 44.115, 43.239, 43.176, 44.047, 43.777, 42.01, 40.839, 40.624, 40.292, 39.735, 39.174, 39.288, 40.038, 40.134, 39.458, 39.104, 39.049, 39.327, 39.876, 40.344, 40.805, 40.957, 40.788, 40.427, 40.311, 40.676, 40.942, 40.556, 40.285, 40.742, 41.431, 41.731, 41.915, 41.837, 41.407, 41.378, 42.162, 41.756, 37.418], [37.111, 36.513, 36.459, 37.147, 37.127, 36.796, 36.178, 35.323, 34.768, 34.482, 34.258, 33.753, 33.06, 32.55, 32.332, 31.775, 31.019, 30.704, 30.495, 30.247, 29.704, 28.902, 28.525, 28.309, 27.923, 27.526, 26.162, 22.854, 19.748, 17.593, 16.372, 14.61, 9.266, 0.0, 8.397, 13.13, 15.35, 17.144, 20.67, 23.953, 25.171, 26.404, 28.535, 29.878, 30.769, 32.115, 33.049, 34.087, 35.395, 36.11, 35.98, 35.681, 35.333, 35.153, 35.488, 35.666, 35.537, 35.521, 35.688, 35.514, 35.343, 35.425, 35.712, 36.345, 36.799, 36.759, 36.617, 36.761, 37.283, 37.225, 36.36, 35.823, 35.809, 35.781, 36.179, 36.859, 35.972, 34.805, 34.658, 34.744, 34.672, 34.644, 34.493, 34.307, 34.481, 35.399, 37.055, 38.785, 39.99, 40.075, 39.846, 40.083, 40.442, 40.823, 41.025, 40.824, 41.023, 42.348, 44.82, 46.651, 45.762, 44.329, 43.853, 43.811, 44.054, 44.38, 44.419, 43.787, 42.947, 42.867, 43.746, 43.524, 41.808, 40.656, 40.416, 40.051, 39.486, 39.012, 39.18, 39.882, 39.94, 39.28, 38.963, 38.883, 39.133, 39.702, 40.137, 40.467, 40.557, 40.39, 40.018, 39.878, 40.233, 40.502, 40.117, 39.863, 40.324, 40.99, 41.286, 41.468, 41.366, 40.918, 40.893, 41.659, 41.21, 36.935], [37.158, 36.558, 36.482, 37.113, 37.078, 36.774, 36.274, 35.668, 35.386, 35.256, 35.103, 34.769, 34.34, 34.015, 33.905, 33.523, 32.943, 32.736, 32.601, 32.384, 31.857, 31.152, 30.878, 30.689, 30.31, 30.024, 29.043, 26.462, 24.009, 22.107, 20.837, 19.662, 15.927, 8.397, 0.0, 6.634, 10.627, 13.495, 18.003, 21.794, 23.162, 24.807, 27.398, 28.93, 29.932, 31.461, 32.528, 33.625, 34.918, 35.594, 35.439, 35.157, 35.024, 35.101, 35.539, 35.718, 35.614, 35.616, 35.802, 35.668, 35.531, 35.618, 35.916, 36.549, 36.996, 36.984, 36.886, 37.071, 37.62, 37.582, 36.748, 36.221, 36.192, 36.18, 36.604, 37.236, 36.249, 34.943, 34.677, 34.703, 34.593, 34.558, 34.424, 34.211, 34.351, 35.239, 36.829, 38.516, 39.75, 39.877, 39.662, 39.906, 40.286, 40.701, 40.927, 40.74, 40.952, 42.331, 44.843, 46.639, 45.707, 44.326, 43.953, 43.945, 44.172, 44.472, 44.509, 43.916, 43.107, 43.032, 43.902, 43.684, 41.998, 40.874, 40.631, 40.239, 39.682, 39.294,