[[0.0, 13.444, 24.789, 28.898, 30.663, 33.949, 35.202, 34.628, 33.859, 33.044, 32.583, 32.789, 33.48, 34.243, 35.013, 35.703, 36.209, 36.355, 36.28, 36.428, 37.126, 38.202, 38.484, 37.569, 40.337, 46.237, 47.268, 48.421, 51.362, 52.525, 53.016, 52.519, 51.534, 50.584, 50.592, 50.647, 50.664, 51.006, 51.332, 51.521, 51.656, 51.77, 51.787, 51.644, 51.651, 51.513, 50.941, 50.464, 50.393, 51.147, 65.742, 68.695, 65.689, 79.713, 92.547, 93.972, 89.48, 85.029, 83.104, 83.631, 81.859, 78.982, 77.767, 77.518, 77.185, 76.751, 76.524, 76.352, 76.122, 75.945, 75.8, 75.739, 75.903, 76.356, 76.752, 75.695, 72.93, 72.192, 71.802, 67.509, 61.473, 58.332, 58.787, 58.158, 54.792, 53.144, 53.774, 52.939, 52.09, 52.829, 53.378, 53.351, 53.13, 52.991, 52.911, 52.683, 52.39, 52.289, 52.328, 52.275, 52.1, 52.062, 52.317, 52.474, 52.403, 52.582, 53.025, 53.567, 54.057, 54.303, 54.354, 54.215, 54.127, 54.321, 54.301, 53.392, 52.103, 52.387, 53.619, 53.991, 55.473, 54.805, 51.373, 51.766, 51.851, 51.976, 51.566, 51.977, 58.381, 59.312, 58.992, 59.052, 58.491, 58.271, 58.867, 59.263, 59.003, 58.851, 58.902, 58.8, 58.618, 58.715, 58.66, 58.083, 57.72, 57.536, 57.135, 56.837, 56.87, 56.942, 56.86, 56.888, 57.239, 58.083, 60.38, 60.552, 56.836, 53.448, 52.943, 53.736, 54.109, 53.944, 54.018, 54.224, 54.213, 53.886, 53.565, 53.416, 52.836, 52.326, 52.818, 53.396, 53.621, 53.8, 53.915, 54.123, 54.329, 54.744, 55.039, 55.207, 55.739, 55.989, 54.806, 52.838, 52.487, 52.669, 52.618, 52.724, 52.928, 53.01, 52.89, 52.676, 52.609, 52.579, 52.313, 52.109, 52.123, 51.89, 51.958, 52.091, 56.445, 65.44, 66.372, 65.103, 64.472, 8.857], [13.444, 0.0, 14.729, 21.385, 23.85, 27.435, 29.147, 28.848, 28.02, 27.242, 27.064, 27.533, 28.413, 29.291, 30.104, 30.762, 31.27, 31.519, 31.501, 31.631, 32.376, 33.556, 34.053, 33.96, 38.191, 44.514, 45.581, 48.235, 51.875, 52.753, 53.314, 53.478, 52.893, 51.826, 51.694, 51.82, 51.937, 52.242, 52.461, 52.558, 52.645, 52.717, 52.654, 52.424, 52.412, 52.253, 51.624, 51.11, 51.096, 50.959, 64.604, 67.65, 64.79, 78.265, 91.231, 92.714, 88.232, 83.932, 82.234, 82.794, 81.013, 78.233, 77.103, 76.868, 76.53, 76.106, 75.897, 75.743, 75.532, 75.365, 75.224, 75.167, 75.34, 75.797, 76.18, 75.147, 72.486, 71.778, 71.406, 67.378, 61.785, 58.868, 59.227, 58.686, 55.666, 54.02, 54.532, 53.868, 53.202, 53.928, 54.422, 54.336, 54.114, 53.997, 53.894, 53.663, 53.368, 53.247, 53.256, 53.19, 53.041, 53.035, 53.318, 53.439, 53.35, 53.625, 54.093, 54.602, 55.055, 55.256, 55.285, 55.154, 55.107, 55.327, 55.311, 54.406, 53.07, 53.182, 54.253, 54.425, 55.701, 55.028, 51.894, 52.528, 52.584, 52.724, 52.441, 52.668, 58.485, 59.719, 59.515, 59.507, 58.891, 58.698, 59.296, 59.684, 59.44, 59.309, 59.366, 59.264, 59.089, 59.182, 59.117, 58.537, 58.177, 58.003, 57.621, 57.342, 57.388, 57.462, 57.371, 57.381, 57.7, 58.515, 60.792, 60.928, 57.247, 54.283, 53.914, 54.559, 54.933, 54.843, 54.961, 55.177, 55.139, 54.772, 54.433, 54.297, 53.743, 53.221, 53.604, 54.06, 54.197, 54.335, 54.377, 54.415, 54.469, 54.807, 55.074, 55.178, 55.593, 55.799, 54.744, 53.149, 53.279, 53.674, 53.687, 53.84, 54.038, 54.107, 54.014, 53.83, 53.736, 53.692, 53.418, 53.214, 53.324, 53.189, 53.307, 53.455, 57.15, 65.797, 66.682, 65.378, 64.843, 17.517], [24.789, 14.729, 0.0, 10.071, 15.736, 20.162, 22.742, 23.799, 23.561, 22.924, 23.052, 23.82, 24.86, 25.783, 26.523, 26.995, 27.402, 27.769, 27.889, 28.058, 28.894, 30.172, 30.661, 31.61, 38.881, 46.521, 47.108, 50.384, 54.877, 55.52, 55.744, 56.28, 56.492, 55.714, 55.387, 55.466, 55.723, 56.119, 56.355, 56.443, 56.489, 56.474, 56.305, 55.986, 55.932, 55.776, 55.258, 54.845, 54.919, 53.315, 63.425, 66.453, 64.041, 76.13, 88.667, 90.102, 85.775, 81.792, 80.482, 81.08, 79.298, 76.734, 75.778, 75.555, 75.206, 74.807, 74.622, 74.491, 74.308, 74.164, 74.043, 73.999, 74.17, 74.59, 74.928, 74.061, 71.848, 71.298, 70.982, 67.642, 63.2, 60.909, 61.089, 60.639, 58.537, 57.244, 57.427, 56.989, 56.474, 57.026, 57.45, 57.336, 57.174, 57.109, 57.009, 56.84, 56.646, 56.553, 56.533, 56.462, 56.373, 56.506, 56.881, 56.946, 56.756, 56.926, 57.211, 57.486, 57.886, 58.034, 58.017, 57.916, 57.951, 58.199, 58.18, 57.369, 56.033, 55.703, 56.394, 56.297, 57.047, 56.485, 54.583, 56.145, 56.079, 56.148, 56.185, 55.625, 59.476, 60.933, 61.164, 61.222, 60.612, 60.418, 60.913, 61.212, 60.962, 60.847, 60.911, 60.841, 60.706, 60.782, 60.713, 60.216, 59.922, 59.771, 59.452, 59.265, 59.366, 59.466, 59.396, 59.388, 59.616, 60.326, 62.503, 62.511, 59.347, 57.283, 57.037, 57.423, 57.755, 57.767, 57.929, 58.149, 58.12, 57.794, 57.486, 57.365, 56.936, 56.543, 56.747, 56.977, 56.957, 57.03, 57.028, 56.966, 56.912, 57.134, 57.317, 57.337, 57.573, 57.721, 56.927, 55.996, 56.757, 57.279, 57.244, 57.367, 57.52, 57.558, 57.485, 57.374, 57.34, 57.342, 57.12, 57.024, 57.324, 57.181, 57.265, 57.391, 59.215, 66.922, 67.973, 66.83, 66.533, 26.042], [28.898, 21.385, 10.071, 0.0, 8.945, 15.147, 18.534, 20.561, 21.064, 20.672, 20.809, 21.548, 22.536, 23.399, 24.111, 24.594, 25.054, 25.474, 25.629, 25.819, 26.664, 27.952, 28.44, 29.535, 37.864, 46.467, 47.042, 50.11, 55.023, 55.955, 56.001, 56.292, 56.656, 56.132, 55.83, 55.826, 56.076, 56.537, 56.845, 56.979, 57.038, 57.019, 56.864, 56.573, 56.526, 56.383, 55.9, 55.514, 55.638, 53.639, 63.016, 66.078, 63.758, 75.778, 88.079, 89.462, 85.158, 81.19, 79.962, 80.554, 78.781, 76.254, 75.309, 75.07, 74.715, 74.326, 74.149, 74.02, 73.836, 73.693, 73.576, 73.535, 73.704, 74.111, 74.43, 73.614, 71.558, 71.074, 70.751, 67.53, 63.231, 61.02, 61.18, 60.709, 58.683, 57.404, 57.5, 57.107, 56.569, 57.089, 57.531, 57.42, 57.273, 57.227, 57.158, 57.024, 56.855, 56.774, 56.768, 56.701, 56.599, 56.727, 57.112, 57.183, 56.984, 57.144, 57.361, 57.573, 57.98, 58.119, 58.078, 57.978, 58.048, 58.327, 58.3, 57.492, 56.213, 55.887, 56.48, 56.328, 57.013, 56.464, 54.7, 56.464, 56.395, 56.426, 56.548, 55.844, 59.225, 60.645, 61.031, 61.086, 60.442, 60.245, 60.752, 61.048, 60.788, 60.668, 60.737, 60.681, 60.559, 60.636, 60.565, 60.069, 59.768, 59.609, 59.296, 59.133, 59.261, 59.381, 59.324, 59.314, 59.523, 60.216, 62.419, 62.431, 59.369, 57.416, 57.222, 57.628, 57.925, 57.959, 58.122, 58.333, 58.333, 58.062, 57.775, 57.639, 57.206, 56.834, 57.052, 57.272, 57.283, 57.445, 57.535, 57.503, 57.443, 57.646, 57.817, 57.837, 58.047, 58.185, 57.42, 56.537, 57.307, 57.776, 57.699, 57.805, 57.947, 57.975, 57.896, 57.787, 57.739, 57.72, 57.506, 57.44, 57.765, 57.566, 57.583, 57.723, 59.423, 67.04, 68.169, 67.038, 66.824, 29.813], [30.663, 23.85, 15.736, 8.945, 0.0, 8.022, 12.875, 15.513, 16.409, 16.533, 17.176, 18.205, 19.293, 20.093, 20.694, 21.117, 21.619, 22.143, 22.35, 22.586, 23.598, 25.077, 25.555, 26.684, 35.848, 45.016, 45.678, 48.928, 54.019, 55.139, 55.336, 55.6, 55.834, 55.303, 55.067, 55.04, 55.236, 55.7, 56.034, 56.184, 56.251, 56.25, 56.123, 55.881, 55.871, 55.746, 55.264, 54.873, 55.007, 53.036, 62.83, 65.903, 63.528, 75.828, 88.264, 89.666, 85.287, 81.203, 79.935, 80.535, 78.733, 76.158, 75.195, 74.953, 74.593, 74.2, 74.022, 73.889, 73.696, 73.547, 73.428, 73.387, 73.559, 73.974, 74.299, 73.474, 71.397, 70.891, 70.565, 67.303, 62.842, 60.553, 60.731, 60.263, 58.114, 56.725, 56.808, 56.394, 55.783, 56.316, 56.823, 56.743, 56.588, 56.541, 56.488, 56.35, 56.154, 56.056, 56.057, 55.985, 55.86, 55.979, 56.368, 56.449, 56.263, 56.429, 56.625, 56.853, 57.279, 57.427, 57.38, 57.269, 57.335, 57.623, 57.594, 56.763, 55.487, 55.29, 55.96, 55.829, 56.569, 55.99, 54.007, 55.665, 55.619, 55.638, 55.764, 55.195, 58.889, 60.165, 60.53, 60.633, 59.978, 59.773, 60.318, 60.638, 60.369, 60.242, 60.313, 60.255, 60.13, 60.212, 60.135, 59.605, 59.276, 59.105, 58.772, 58.59, 58.72, 58.852, 58.8, 58.79, 59.011, 59.702, 61.923, 61.94, 58.747, 56.675, 56.485, 56.984, 57.292, 57.337, 57.501, 57.697, 57.691, 57.42, 57.133, 57.008, 56.561, 56.117, 56.336, 56.603, 56.687, 56.954, 57.128, 57.106, 57.014, 57.206, 57.365, 57.371, 57.587, 57.737, 56.959, 55.981, 56.68, 57.113, 57.033, 57.135, 57.27, 57.294, 57.212, 57.077, 57.0, 56.976, 56.782, 56.723, 57.006, 56.757, 56.73, 56.87, 58.928, 66.76, 67.927, 66.772, 66.515, 31.676], [33.949, 27.435, 20.162, 15.147, 8.022, 0.0, 6.89, 11.491, 13.176, 13.898, 15.314, 16.86, 18.107, 18.807, 19.107, 19.175, 19.472, 20.05, 20.355, 20.644, 21.808, 23.436, 23.832, 25.32, 35.723, 45.17, 45.635, 49.154, 54.494, 55.528, 55.74, 56.22, 56.7, 56.227, 55.941, 55.898, 56.12, 56.608, 56.946, 57.079, 57.129, 57.111, 56.96, 56.715, 56.718, 56.601, 56.142, 55.785, 55.927, 53.692, 62.623, 65.592, 63.405, 75.367, 87.668, 89.089, 84.769, 80.686, 79.483, 80.138, 78.354, 75.847, 74.947, 74.717, 74.357, 73.973, 73.803, 73.676, 73.491, 73.347, 73.232, 73.194, 73.366, 73.773, 74.091, 73.313, 71.347, 70.859, 70.562, 67.508, 63.289, 61.141, 61.253, 60.802, 58.936, 57.644, 57.577, 57.217, 56.611, 57.068, 57.609, 57.546, 57.406, 57.386, 57.343, 57.218, 57.047, 56.952, 56.931, 56.847, 56.754, 56.977, 57.411, 57.461, 57.248, 57.363, 57.463, 57.633, 58.045, 58.181, 58.127, 58.032, 58.111, 58.39, 58.358, 57.551, 56.226, 55.899, 56.518, 56.322, 56.888, 56.324, 54.712, 56.653, 56.641, 56.634, 56.832, 55.978, 59.154, 60.426, 60.95, 61.157, 60.541, 60.32, 60.823, 61.108, 60.828, 60.702, 60.773, 60.719, 60.6, 60.675, 60.591, 60.083, 59.785, 59.635, 59.321, 59.159, 59.303, 59.444, 59.39, 59.374, 59.576, 60.202, 62.352, 62.368, 59.343, 57.37, 57.069, 57.511, 57.856, 57.967, 58.172, 58.376, 58.367, 58.097, 57.81, 57.702, 57.323, 56.925, 57.09, 57.298, 57.362, 57.636, 57.793, 57.731, 57.581, 57.709, 57.805, 57.758, 57.935, 58.094, 57.42, 56.683, 57.634, 58.138, 58.042, 58.129, 58.255, 58.28, 58.198, 58.08, 58.038, 58.062, 57.918, 57.889, 58.191, 57.904, 57.839, 57.936, 59.455, 66.985, 68.233, 67.152, 66.896, 34.694], [35.202, 29.147, 22.742, 18.534, 12.875, 6.89, 0.0, 6.303, 9.356, 10.736, 12.554, 14.393, 15.727, 16.361, 16.533, 16.402, 16.503, 17.037, 17.394, 17.731, 18.968, 20.687, 21.052, 22.693, 33.962, 43.871, 44.255, 47.916, 53.812, 54.926, 55.171, 55.712, 56.197, 55.726, 55.421, 55.358, 55.567, 56.048, 56.38, 56.507, 56.569, 56.566, 56.409, 56.157, 56.164, 56.043, 55.555, 55.186, 55.321, 53.193, 62.613, 65.63, 63.36, 75.535, 87.931, 89.389, 85.018, 80.858, 79.677, 80.374, 78.577, 76.039, 75.144, 74.922, 74.559, 74.169, 73.996, 73.866, 73.679, 73.533, 73.417, 73.379, 73.553, 73.969, 74.291, 73.516, 71.555, 71.068, 70.765, 67.647, 63.23, 60.916, 61.032, 60.543, 58.508, 57.185, 57.102, 56.73, 56.165, 56.688, 57.276, 57.225, 57.072, 57.04, 56.991, 56.849, 56.649, 56.536, 56.528, 56.462, 56.357, 56.539, 56.965, 57.023, 56.805, 56.927, 57.038, 57.251, 57.673, 57.815, 57.781, 57.696, 57.772, 58.048, 58.005, 57.14, 55.758, 55.486, 56.167, 55.954, 56.595, 56.032, 54.221, 56.084, 56.139, 56.135, 56.323, 55.504, 59.023, 60.397, 60.845, 61.029, 60.409, 60.16, 60.66, 60.944, 60.658, 60.53, 60.599, 60.541, 60.418, 60.492, 60.401, 59.874, 59.562, 59.408, 59.094, 58.937, 59.09, 59.235, 59.173, 59.154, 59.38, 60.017, 62.165, 62.226, 59.132, 56.881, 56.483, 56.951, 57.282, 57.402, 57.631, 57.859, 57.857, 57.581, 57.294, 57.194, 56.81, 56.399, 56.604, 56.85, 56.947, 57.264, 57.437, 57.371, 57.218, 57.337, 57.421, 57.367, 57.557, 57.775, 57.131, 56.345, 57.249, 57.759, 57.677, 57.747, 57.861, 57.886, 57.781, 57.628, 57.566, 57.587, 57.414, 57.343, 57.636, 57.363, 57.284, 57.383, 59.222, 67.045, 68.352, 67.237, 66.946, 35.838], [34.628, 28.848, 23.799, 20.561, 15.513, 11.491, 6.303, 0.0, 4.375, 7.307, 9.88, 11.925, 13.274, 13.781, 13.844, 13.683, 13.783, 14.335, 14.72, 15.058, 16.3, 18.112, 18.493, 19.971, 31.548, 41.841, 42.311, 46.029, 52.266, 53.562, 53.929, 54.471, 54.755, 54.26, 54.055, 54.017, 54.196, 54.664, 54.998, 55.123, 55.197, 55.224, 55.101, 54.871, 54.881, 54.743, 54.201, 53.771, 53.883, 52.019, 62.723, 65.87, 63.349, 76.062, 88.77, 90.255, 85.753, 81.479, 80.217, 80.885, 79.044, 76.409, 75.467, 75.248, 74.883, 74.482, 74.299, 74.161, 73.962, 73.808, 73.686, 73.643, 73.821, 74.251, 74.588, 73.775, 71.695, 71.162, 70.836, 67.506, 62.722, 60.17, 60.352, 59.817, 57.392, 55.906, 55.913, 55.488, 54.951, 55.626, 56.25, 56.193, 55.999, 55.928, 55.863, 55.686, 55.42, 55.274, 55.286, 55.241, 55.103, 55.175, 55.55, 55.635, 55.44, 55.613, 55.806, 56.111, 56.562, 56.726, 56.715, 56.621, 56.661, 56.925, 56.873, 55.969, 54.601, 54.501, 55.301, 55.152, 56.006, 55.377, 53.011, 54.561, 54.662, 54.68, 54.789, 54.337, 58.74, 60.082, 60.319, 60.466, 59.812, 59.545, 60.09, 60.408, 60.122, 59.987, 60.056, 59.989, 59.851, 59.931, 59.836, 59.255, 58.894, 58.716, 58.376, 58.196, 58.34, 58.481, 58.412, 58.395, 58.655, 59.344, 61.56, 61.61, 58.241, 55.666, 55.289, 55.832, 56.133, 56.21, 56.429, 56.664, 56.654, 56.348, 56.045, 55.964, 55.56, 55.094, 55.36, 55.707, 55.894, 56.278, 56.483, 56.424, 56.292, 56.444, 56.553, 56.513, 56.734, 56.973, 56.253, 55.226, 55.915, 56.392, 56.338, 56.403, 56.514, 56.546, 56.425, 56.213, 56.095, 56.082, 55.857, 55.723, 55.976, 55.732, 55.678, 55.79, 58.419, 66.818, 68.099, 66.887, 66.548, 35.326], [33.859, 28.02, 23.561, 21.064, 16.409, 13.176, 9.356, 4.375, 0.0, 4.281, 7.962, 10.561, 12.232, 12.925, 13.008, 12.723, 12.724, 13.295, 13.729, 14.044, 15.196, 16.986, 17.356, 18.747, 30.488, 40.953, 41.469, 45.208, 51.492, 52.86, 53.328, 53.947, 54.139, 53.619, 53.503, 53.512, 53.685, 54.144, 54.471, 54.587, 54.65, 54.681, 54.578, 54.369, 54.38, 54.236, 53.676, 53.206, 53.311, 51.524, 62.751, 65.939, 63.295, 76.193, 89.101, 90.594, 86.038, 81.742, 80.427, 81.061, 79.207, 76.538, 75.575, 75.358, 74.997, 74.591, 74.402, 74.257, 74.054, 73.896, 73.771, 73.726, 73.905, 74.34, 74.685, 73.851, 71.7, 71.135, 70.804, 67.388, 62.483, 59.862, 60.073, 59.531, 56.989, 55.428, 55.461, 55.03, 54.539, 55.288, 55.915, 55.849, 55.63, 55.54, 55.465, 55.274, 54.982, 54.82, 54.83, 54.783, 54.637, 54.663, 54.985, 55.074, 54.881, 55.045, 55.272, 55.613, 56.07, 56.239, 56.235, 56.137, 56.16, 56.413, 56.365, 55.461, 54.095, 54.026, 54.878, 54.776, 55.705, 55.026, 52.51, 54.028, 54.146, 54.173, 54.22, 53.85, 58.597, 59.873, 60.067, 60.217, 59.538, 59.271, 59.841, 60.176, 59.89, 59.751, 59.821, 59.748, 59.598, 59.674, 59.575, 58.975, 58.598, 58.411, 58.053, 57.853, 57.987, 58.124, 58.053, 58.037, 58.303, 59.022, 61.294, 61.342, 57.867, 55.223, 54.887, 55.448, 55.746, 55.793, 55.995, 56.225, 56.207, 55.881, 55.564, 55.484, 55.074, 54.585, 54.866, 55.251, 55.462, 55.843, 56.033, 55.978, 55.86, 56.032, 56.153, 56.124, 56.358, 56.587, 55.823, 54.704, 55.304, 55.768, 55.727, 55.788, 55.886, 55.918, 55.802, 55.582, 55.465, 55.454, 55.224, 55.081, 55.323, 55.097, 55.066, 55.142, 58.049, 66.639, 67.894, 66.648, 66.291, 34.576], [33.044, 27.242, 22.924, 20.672, 16.533, 13.898, 10.736, 7.307, 4.281, 0.0, 4.41, 7.819, 10.159, 11.473, 12.076, 11.983, 11.939, 12.425, 12.851, 13.154, 14.16, 15.835, 16.202, 17.456, 29.297, 40.035, 40.566, 44.369, 50.893, 52.291, 52.852, 53.547, 53.665, 53.079, 52.984, 53.042, 53.229, 53.669, 53.974, 54.078, 54.133, 54.158, 54.055, 53.849, 53.861, 53.718, 53.171, 52.711, 52.817, 51.218, 62.809, 65.996, 63.277, 76.317, 89.314, 90.804, 86.232, 81.938, 80.594, 81.219, 79.371, 76.675, 75.69, 75.472, 75.113, 74.7, 74.502, 74.351, 74.143, 73.985, 73.859, 73.815, 73.994, 74.432, 74.78, 73.933, 71.752, 71.185, 70.847, 67.35, 62.326, 59.626, 59.859, 59.297, 56.638, 55.022, 55.068, 54.64, 54.214, 55.0, 55.638, 55.589, 55.371, 55.276, 55.206, 55.013, 54.703, 54.532, 54.546, 54.5, 54.343, 54.324, 54.591, 54.679, 54.483, 54.633, 54.886, 55.253, 55.713, 55.88, 55.879, 55.782, 55.799, 56.053, 56.009, 55.076, 53.668, 53.604, 54.494, 54.397, 55.364, 54.693, 52.128, 53.664, 53.822, 53.853, 53.852, 53.515, 58.547, 59.813, 59.951, 60.064, 59.379, 59.12, 59.705, 60.052, 59.77, 59.633, 59.701, 59.622, 59.462, 59.535, 59.434, 58.826, 58.444, 58.253, 57.884, 57.669, 57.791, 57.922, 57.849, 57.833, 58.107, 58.848, 61.134, 61.191, 57.673, 54.948, 54.622, 55.191, 55.479, 55.501, 55.689, 55.919, 55.904, 55.575, 55.256, 55.165, 54.721, 54.214, 54.515, 54.911, 55.117, 55.475, 55.648, 55.614, 55.516, 55.697, 55.832, 55.834, 56.106, 56.344, 55.558, 54.372, 54.888, 55.349, 55.324, 55.374, 55.452, 55.472, 55.357, 55.145, 55.046, 55.042, 54.798, 54.649, 54.889, 54.681, 54.664, 54.733, 57.816, 66.509, 67.76, 66.496, 66.094, 33.772], [32.583, 27.064, 23.052, 20.809, 17.176, 15.314, 12.554, 9.88, 7.962, 4.41, 0.0, 3.904, 6.857, 8.945, 10.498, 11.168, 11.473, 11.896, 12.224, 12.492, 13.316, 14.875, 15.327, 16.205, 27.729, 38.769, 39.337, 43.178, 50.057, 51.508, 52.141, 52.863, 52.895, 52.283, 52.198, 52.297, 52.522, 52.969, 53.264, 53.361, 53.414, 53.442, 53.342, 53.134, 53.144, 52.999, 52.458, 52.014, 52.113, 50.773, 62.859, 66.051, 63.261, 76.544, 89.602, 91.083, 86.492, 82.182, 80.79, 81.402, 79.557, 76.819, 75.802, 75.58, 75.22, 74.802, 74.596, 74.437, 74.225, 74.065, 73.939, 73.895, 74.076, 74.517, 74.869, 74.001, 71.779, 71.214, 70.865, 67.253, 62.053, 59.238, 59.502, 58.908, 56.067, 54.361, 54.45, 54.035, 53.654, 54.477, 55.128, 55.099, 54.89, 54.805, 54.75, 54.553, 54.217, 54.036, 54.062, 54.024, 53.849, 53.772, 53.981, 54.057, 53.871, 54.053, 54.342, 54.736, 55.199, 55.369, 55.374, 55.277, 55.286, 55.542, 55.498, 54.531, 53.106, 53.092, 54.022, 53.936, 54.986, 54.353, 51.62, 53.024, 53.219, 53.259, 53.215, 52.998, 58.444, 59.743, 59.762, 59.814, 59.131, 58.883, 59.486, 59.849, 59.574, 59.436, 59.502, 59.415, 59.247, 59.319, 59.217, 58.594, 58.203, 58.012, 57.638, 57.41, 57.521, 57.645, 57.569, 57.554, 57.846, 58.608, 60.886, 60.918, 57.311, 54.462, 54.162, 54.753, 55.023, 55.013, 55.187, 55.415, 55.399, 55.07, 54.757, 54.661, 54.18, 53.664, 54.002, 54.422, 54.646, 55.011, 55.185, 55.18, 55.113, 55.31, 55.464, 55.497, 55.805, 56.044, 55.212, 53.922, 54.333, 54.793, 54.785, 54.816, 54.882, 54.895, 54.772, 54.553, 54.459, 54.449, 54.175, 54.002, 54.23, 54.041, 54.044, 54.129, 57.476, 66.32, 67.551, 66.257, 65.797, 33.357], [32.789, 27.533, 23.82, 21.548, 18.205, 16.86, 14.393, 11.925, 10.561, 7.819, 3.904, 0.0, 3.312, 6.182, 8.827, 10.441, 11.25, 11.683, 11.923, 12.161, 12.831, 14.317, 14.915, 15.49, 26.55, 37.748, 38.344, 42.201, 49.352, 50.856, 51.51, 52.251, 52.266, 51.687, 51.625, 51.742, 52.014, 52.495, 52.804, 52.902, 52.953, 52.983, 52.891, 52.687, 52.697, 52.547, 51.986, 51.531, 51.629, 50.405, 62.901, 66.115, 63.278, 76.745, 89.847, 91.326, 86.708, 82.384, 80.957, 81.553, 79.716, 76.955, 75.913, 75.686, 75.328, 74.909, 74.701, 74.538, 74.322, 74.16, 74.033, 73.988, 74.17, 74.616, 74.97, 74.083, 71.818, 71.248, 70.891, 67.187, 61.846, 58.957, 59.244, 58.628, 55.681, 53.917, 54.048, 53.662, 53.31, 54.154, 54.794, 54.76, 54.554, 54.478, 54.432, 54.233, 53.88, 53.692, 53.722, 53.686, 53.502, 53.384, 53.54, 53.595, 53.423, 53.647, 53.959, 54.367, 54.827, 54.999, 55.012, 54.914, 54.921, 55.183, 55.137, 54.15, 52.732, 52.757, 53.693, 53.62, 54.735, 54.133, 51.274, 52.544, 52.759, 52.806, 52.729, 52.596, 58.321, 59.655, 59.59, 59.607, 58.921, 58.678, 59.297, 59.672, 59.4, 59.259, 59.323, 59.231, 59.056, 59.129, 59.023, 58.388, 57.992, 57.803, 57.431, 57.201, 57.307, 57.429, 57.352, 57.338, 57.644, 58.42, 60.7, 60.721, 57.035, 54.088, 53.822, 54.437, 54.692, 54.664, 54.832, 55.055, 55.032, 54.701, 54.396, 54.306, 53.813, 53.306, 53.674, 54.115, 54.363, 54.743, 54.911, 54.912, 54.864, 55.072, 55.236, 55.28, 55.596, 55.819, 54.956, 53.619, 53.981, 54.447, 54.445, 54.457, 54.517, 54.524, 54.392, 54.167, 54.073, 54.056, 53.759, 53.565, 53.783, 53.614, 53.635, 53.725, 57.271, 66.222, 67.412, 66.084, 65.589, 33.589], [33.48, 28.413, 24.86, 22.536, 19.293, 18.107, 15.727, 13.274, 12.232, 10.159, 6.857, 3.312, 0.0, 3.43, 6.978, 9.4, 10.674, 11.15, 11.316, 11.552, 12.196, 13.703, 14.44, 14.996, 25.946, 37.208, 37.796, 41.695, 49.057, 50.598, 51.258, 52.037, 52.092, 51.562, 51.518, 51.641, 51.944, 52.454, 52.782, 52.888, 52.938, 52.964, 52.873, 52.669, 52.676, 52.52, 51.934, 51.465, 51.559, 50.324, 62.937, 66.161, 63.32, 76.828, 89.922, 91.405, 86.779, 82.449, 81.028, 81.624, 79.801, 77.046, 75.996, 75.764, 75.409, 74.995, 74.788, 74.626, 74.409, 74.246, 74.118, 74.073, 74.255, 74.7, 75.055, 74.162, 71.883, 71.306, 70.946, 67.21, 61.825, 58.933, 59.224, 58.593, 55.652, 53.897, 54.029, 53.674, 53.337, 54.168, 54.782, 54.734, 54.527, 54.457, 54.412, 54.215, 53.861, 53.67, 53.697, 53.66, 53.479, 53.355, 53.485, 53.522, 53.36, 53.618, 53.935, 54.341, 54.793, 54.963, 54.978, 54.88, 54.891, 55.161, 55.115, 54.119, 52.702, 52.725, 53.631, 53.541, 54.67, 54.106, 51.241, 52.467, 52.693, 52.745, 52.662, 52.522, 58.303, 59.672, 59.577, 59.582, 58.895, 58.652, 59.272, 59.647, 59.374, 59.231, 59.294, 59.201, 59.025, 59.097, 58.986, 58.348, 57.957, 57.776, 57.41, 57.185, 57.294, 57.418, 57.341, 57.327, 57.635, 58.404, 60.676, 60.711, 57.024, 54.049, 53.796, 54.423, 54.675, 54.645, 54.815, 55.039, 55.013, 54.684, 54.388, 54.31, 53.823, 53.325, 53.691, 54.134, 54.392, 54.779, 54.934, 54.921, 54.874, 55.083, 55.248, 55.294, 55.601, 55.811, 54.957, 53.648, 54.024, 54.494, 54.489, 54.493, 54.548, 54.552, 54.417, 54.194, 54.105, 54.085, 53.778, 53.574, 53.79, 53.629, 53.651, 53.732, 57.295, 66.261, 67.429, 66.083, 65.579, 34.247], [34.243, 29.291, 25.783, 23.399, 20.093, 18.807, 16.361, 13.781, 12.925, 11.473, 8.945, 6.182, 3.43, 0.0, 4.073, 7.262, 9.182, 9.87, 9.967, 10.208, 11.048, 12.79, 13.654, 14.488, 25.882, 37.19, 37.758, 41.74, 49.213, 50.769, 51.436, 52.246, 52.348, 51.864, 51.845, 51.967, 52.271, 52.785, 53.12, 53.234, 53.29, 53.314, 53.212, 52.994, 52.996, 52.835, 52.222, 51.73, 51.807, 50.485, 62.896, 66.109, 63.314, 76.74, 89.774, 91.282, 86.685, 82.351, 80.978, 81.601, 79.79, 77.062, 76.022, 75.787, 75.434, 75.026, 74.824, 74.664, 74.449, 74.287, 74.158, 74.113, 74.293, 74.734, 75.085, 74.205, 71.943, 71.363, 71.007, 67.3, 61.963, 59.129, 59.411, 58.752, 55.88, 54.189, 54.283, 53.947, 53.611, 54.396, 54.98, 54.922, 54.719, 54.648, 54.597, 54.404, 54.062, 53.874, 53.896, 53.859, 53.69, 53.594, 53.752, 53.784, 53.625, 53.914, 54.235, 54.627, 55.07, 55.235, 55.248, 55.15, 55.166, 55.443, 55.4, 54.409, 52.99, 52.987, 53.846, 53.707, 54.808, 54.289, 51.497, 52.73, 52.953, 53.004, 52.945, 52.726, 58.374, 59.794, 59.717, 59.723, 59.045, 58.806, 59.414, 59.774, 59.493, 59.348, 59.411, 59.321, 59.149, 59.218, 59.106, 58.478, 58.1, 57.928, 57.572, 57.355, 57.47, 57.598, 57.522, 57.508, 57.811, 58.555, 60.793, 60.837, 57.226, 54.309, 54.042, 54.667, 54.925, 54.903, 55.081, 55.314, 55.29, 54.965, 54.676, 54.61, 54.142, 53.642, 53.969, 54.393, 54.651, 55.041, 55.183, 55.144, 55.079, 55.278, 55.437, 55.48, 55.773, 55.978, 55.164, 53.934, 54.362, 54.824, 54.802, 54.815, 54.878, 54.886, 54.758, 54.538, 54.452, 54.437, 54.134, 53.929, 54.151, 53.981, 53.993, 54.06, 57.434, 66.346, 67.535, 66.197, 65.695, 34.951], [35.013, 30.104, 26.523, 24.111, 20.694, 19.107, 16.533, 13.844, 13.008, 12.076, 10.498, 8.827, 6.978, 4.073, 0.0, 3.889, 6.757, 8.003, 8.14, 8.371, 9.616, 11.769, 12.695, 14.101, 26.444, 37.754, 38.286, 42.369, 49.817, 51.335, 51.984, 52.832, 53.0, 52.556, 52.57, 52.688, 52.963, 53.457, 53.79, 53.907, 53.969, 53.988, 53.867, 53.629, 53.627, 53.463, 52.824, 52.308, 52.369, 50.869, 62.785, 65.976, 63.269, 76.499, 89.441, 90.988, 86.446, 82.133, 80.845, 81.512, 79.713, 77.031, 76.018, 75.782, 75.431, 75.031, 74.835, 74.679, 74.468, 74.308, 74.181, 74.136, 74.313, 74.745, 75.092, 74.239, 72.028, 71.452, 71.107, 67.495, 62.287, 59.548, 59.811, 59.122, 56.361, 54.766, 54.796, 54.475, 54.138, 54.859, 55.419, 55.36, 55.159, 55.08, 55.011, 54.822, 54.503, 54.321, 54.336, 54.3, 54.151, 54.109, 54.334, 54.37, 54.199, 54.501, 54.817, 55.18, 55.613, 55.773, 55.781, 55.684, 55.71, 55.992, 55.951, 54.979, 53.557, 53.501, 54.304, 54.104, 55.135, 54.653, 52.03, 53.349, 53.554, 53.599, 53.584, 53.206, 58.52, 59.995, 60.008, 60.026, 59.359, 59.128, 59.717, 60.051, 59.756, 59.61, 59.676, 59.595, 59.43, 59.496, 59.383, 58.778, 58.423, 58.262, 57.917, 57.713, 57.835, 57.966, 57.892, 57.877, 58.169, 58.89, 61.094, 61.148, 57.659, 54.842, 54.523, 55.127, 55.395, 55.391, 55.588, 55.837, 55.819, 55.495, 55.205, 55.147, 54.712, 54.217, 54.488, 54.872, 55.113, 55.493, 55.614, 55.535, 55.432, 55.599, 55.744, 55.776, 56.046, 56.247, 55.5, 54.411, 54.949, 55.404, 55.358, 55.386, 55.462, 55.482, 55.36, 55.145, 55.068, 55.068, 54.781, 54.586, 54.837, 54.658, 54.658, 54.716, 57.73, 66.494, 67.746, 66.437, 65.954, 35.634], [35.703, 30.762, 26.995, 24.594, 21.117, 19.175, 16.402, 13.683, 12.723, 11.983, 11.168, 10.441, 9.4, 7.262, 3.889, 0.0, 3.538, 5.529, 6.001, 6.297, 8.037, 10.641, 11.544, 13.68, 27.199, 38.513, 38.958, 43.154, 50.52, 51.947, 52.565, 53.489, 53.783, 53.366, 53.367, 53.481, 53.74, 54.223, 54.556, 54.674, 54.734, 54.749, 54.614, 54.361, 54.351, 54.184, 53.554, 53.049, 53.105, 51.375, 62.694, 65.868, 63.231, 76.191, 89.032, 90.571, 86.058, 81.805, 80.605, 81.295, 79.511, 76.888, 75.918, 75.687, 75.337, 74.944, 74.755, 74.605, 74.399, 74.242, 74.117, 74.074, 74.25, 74.677, 75.018, 74.197, 72.063, 71.506, 71.177, 67.717, 62.712, 60.061, 60.294, 59.633, 57.012, 55.474, 55.437, 55.14, 54.794, 55.47, 56.031, 55.975, 55.774, 55.676, 55.585, 55.404, 55.112, 54.94, 54.947, 54.91, 54.78, 54.793, 55.075, 55.113, 54.916, 55.183, 55.457, 55.78, 56.21, 56.363, 56.361, 56.264, 56.298, 56.581, 56.541, 55.583, 54.137, 54.0, 54.741, 54.491, 55.428, 54.973, 52.616, 54.126, 54.323, 54.359, 54.396, 53.817, 58.728, 60.257, 60.39, 60.411, 59.732, 59.496, 60.068, 60.385, 60.087, 59.946, 60.016, 59.943, 59.787, 59.851, 59.743, 59.161, 58.821, 58.661, 58.324, 58.132, 58.261, 58.394, 58.32, 58.3, 58.58, 59.303, 61.501, 61.587, 58.231, 55.505, 55.121, 55.694, 55.966, 55.992, 56.214, 56.477, 56.46, 56.133, 55.838, 55.782, 55.371, 54.873, 55.091, 55.427, 55.627, 55.977, 56.067, 55.942, 55.785, 55.908, 56.027, 56.049, 56.298, 56.508, 55.851, 54.936, 55.613, 56.099, 56.05, 56.083, 56.158, 56.183, 56.067, 55.853, 55.782, 55.797, 55.533, 55.361, 55.658, 55.484, 55.468, 55.525, 58.234, 66.82, 68.149, 66.873, 66.432, 36.205], [36.209, 31.27, 27.402, 25.054, 21.619, 19.472, 16.503, 13.783, 12.724, 11.939, 11.473, 11.25, 10.674, 9.182, 6.757, 3.538, 0.0, 2.587, 3.754, 4.395, 6.538, 9.464, 10.345, 13.087, 27.524, 38.871, 39.223, 43.478, 50.822, 52.189, 52.796, 53.779, 54.167, 53.755, 53.723, 53.838, 54.102, 54.589, 54.933, 55.054, 55.114, 55.131, 55.006, 54.759, 54.733, 54.556, 53.951, 53.476, 53.541, 51.711, 62.727, 65.875, 63.253, 76.046, 88.824, 90.329, 85.81, 81.603, 80.446, 81.146, 79.372, 76.782, 75.839, 75.615, 75.266, 74.878, 74.692, 74.544, 74.341, 74.186, 74.062, 74.019, 74.195, 74.621, 74.959, 74.155, 72.068, 71.526, 71.205, 67.844, 62.96, 60.34, 60.552, 59.936, 57.398, 55.856, 55.771, 55.484, 55.124, 55.787, 56.356, 56.305, 56.104, 55.992, 55.889, 55.717, 55.443, 55.275, 55.278, 55.242, 55.122, 55.164, 55.471, 55.507, 55.3, 55.531, 55.769, 56.071, 56.505, 56.657, 56.646, 56.546, 56.582, 56.866, 56.824, 55.858, 54.377, 54.192, 54.897, 54.612, 55.484, 55.043, 52.882, 54.564, 54.776, 54.803, 54.879, 54.169, 58.864, 60.431, 60.632, 60.651, 59.955, 59.704, 60.267, 60.583, 60.292, 60.156, 60.229, 60.159, 60.006, 60.069, 59.965, 59.391, 59.05, 58.884, 58.547, 58.362, 58.496, 58.63, 58.555, 58.529, 58.802, 59.537, 61.746, 61.885, 58.603, 55.897, 55.473, 56.039, 56.308, 56.356, 56.595, 56.865, 56.846, 56.517, 56.22, 56.162, 55.752, 55.229, 55.409, 55.715, 55.888, 56.223, 56.298, 56.149, 55.962, 56.059, 56.163, 56.185, 56.432, 56.652, 56.04, 55.211, 55.966, 56.484, 56.447, 56.474, 56.539, 56.565, 56.449, 56.233, 56.16, 56.183, 55.942, 55.795, 56.119, 55.949, 55.915, 55.977, 58.642, 67.147, 68.51, 67.249, 66.836, 36.616], [36.355, 31.519, 27.769, 25.474, 22.143, 20.05, 17.037, 14.335, 13.295, 12.425, 11.896, 11.683, 11.15, 9.87, 8.003, 5.529, 2.587, 0.0, 1.784, 3.058, 5.548, 8.641, 9.583, 12.463, 27.185, 38.629, 38.967, 43.208, 50.615, 51.995, 52.615, 53.604, 53.984, 53.563, 53.522, 53.644, 53.918, 54.411, 54.762, 54.891, 54.954, 54.974, 54.86, 54.633, 54.604, 54.417, 53.821, 53.355, 53.424, 51.66, 62.803, 65.934, 63.28, 76.112, 88.889, 90.379, 85.848, 81.63, 80.465, 81.175, 79.406, 76.809, 75.862, 75.64, 75.293, 74.903, 74.716, 74.567, 74.363, 74.207, 74.083, 74.039, 74.214, 74.641, 74.98, 74.171, 72.074, 71.525, 71.198, 67.814, 62.882, 60.228, 60.442, 59.828, 57.267, 55.696, 55.6, 55.3, 54.936, 55.616, 56.186, 56.139, 55.943, 55.83, 55.727, 55.559, 55.281, 55.107, 55.112, 55.082, 54.961, 55.0, 55.305, 55.344, 55.155, 55.399, 55.642, 55.952, 56.392, 56.548, 56.537, 56.434, 56.468, 56.753, 56.711, 55.73, 54.242, 54.098, 54.817, 54.516, 55.397, 54.959, 52.773, 54.451, 54.686, 54.711, 54.791, 54.095, 58.873, 60.439, 60.608, 60.623, 59.927, 59.67, 60.231, 60.549, 60.259, 60.122, 60.193, 60.122, 59.966, 60.029, 59.924, 59.343, 58.994, 58.822, 58.484, 58.299, 58.434, 58.566, 58.487, 58.459, 58.734, 59.468, 61.67, 61.839, 58.56, 55.814, 55.395, 55.977, 56.241, 56.288, 56.526, 56.794, 56.777, 56.448, 56.152, 56.089, 55.665, 55.114, 55.28, 55.588, 55.771, 56.122, 56.209, 56.067, 55.886, 55.989, 56.097, 56.125, 56.385, 56.612, 55.985, 55.12, 55.849, 56.365, 56.333, 56.356, 56.417, 56.444, 56.331, 56.117, 56.046, 56.072, 55.841, 55.702, 56.017, 55.838, 55.792, 55.855, 58.65, 67.208, 68.566, 67.301, 66.871, 36.755], [36.28, 31.501, 27.889, 25.629, 22.35, 20.355, 17.394, 14.72, 13.729, 12.851, 12.224, 11.923, 11.316, 9.967, 8.14, 6.001, 3.754, 1.784, 0.0, 1.865, 4.998, 8.355, 9.419, 12.203, 26.841, 38.352, 38.716, 42.966, 50.415, 51.807, 52.438, 53.424, 53.784, 53.365, 53.331, 53.459, 53.74, 54.234, 54.582, 54.713, 54.781, 54.802, 54.687, 54.464, 54.442, 54.256, 53.652, 53.177, 53.237, 51.503, 62.777, 65.912, 63.247, 76.14, 88.934, 90.431, 85.898, 81.657, 80.483, 81.202, 79.436, 76.828, 75.876, 75.655, 75.309, 74.917, 74.727, 74.577, 74.373, 74.216, 74.091, 74.046, 74.222, 74.649, 74.989, 74.176, 72.061, 71.504, 71.172, 67.752, 62.76, 60.08, 60.299, 59.671, 57.083, 55.513, 55.42, 55.109, 54.748, 55.441, 56.008, 55.958, 55.765, 55.655, 55.555, 55.386, 55.101, 54.921, 54.928, 54.901, 54.776, 54.806, 55.11, 55.153, 54.982, 55.257, 55.518, 55.837, 56.276, 56.432, 56.424, 56.321, 56.352, 56.637, 56.597, 55.618, 54.145, 54.051, 54.792, 54.491, 55.395, 54.959, 52.682, 54.273, 54.519, 54.546, 54.611, 53.982, 58.868, 60.418, 60.542, 60.552, 59.86, 59.605, 60.168, 60.485, 60.191, 60.051, 60.121, 60.046, 59.888, 59.95, 59.845, 59.261, 58.91, 58.739, 58.401, 58.215, 58.348, 58.478, 58.396, 58.366, 58.644, 59.373, 61.561, 61.718, 58.431, 55.681, 55.284, 55.872, 56.13, 56.17, 56.403, 56.669, 56.652, 56.324, 56.025, 55.958, 55.524, 54.963, 55.128, 55.442, 55.637, 55.997, 56.089, 55.951, 55.774, 55.883, 55.997, 56.028, 56.293, 56.524, 55.892, 55.001, 55.705, 56.214, 56.184, 56.209, 56.274, 56.304, 56.194, 55.985, 55.917, 55.942, 55.709, 55.563, 55.862, 55.668, 55.62, 55.683, 58.523, 67.13, 68.487, 67.221, 66.773, 36.72], [36.428, 31.631, 28.058, 25.819, 22.586, 20.644, 17.731, 15.058, 14.044, 13.154, 12.492, 12.161, 11.552, 10.208, 8.371, 6.297, 4.395, 3.058, 1.865, 0.0, 3.61, 7.336, 8.615, 11.6, 26.484, 38.095, 38.472, 42.807, 50.295, 51.684, 52.319, 53.33, 53.712, 53.308, 53.28, 53.413, 53.695, 54.185, 54.53, 54.659, 54.729, 54.755, 54.641, 54.417, 54.396, 54.211, 53.606, 53.135, 53.196, 51.407, 62.695, 65.829, 63.204, 76.119, 88.895, 90.398, 85.869, 81.619, 80.451, 81.174, 79.414, 76.816, 75.868, 75.651, 75.306, 74.915, 74.724, 74.573, 74.368, 74.21, 74.084, 74.038, 74.214, 74.642, 74.984, 74.171, 72.05, 71.492, 71.159, 67.729, 62.725, 60.041, 60.257, 59.625, 57.048, 55.499, 55.405, 55.099, 54.75, 55.442, 55.998, 55.937, 55.737, 55.626, 55.523, 55.351, 55.064, 54.882, 54.885, 54.855, 54.732, 54.762, 55.066, 55.101, 54.933, 55.228, 55.493, 55.816, 56.252, 56.403, 56.391, 56.285, 56.308, 56.587, 56.549, 55.585, 54.126, 54.02, 54.739, 54.44, 55.347, 54.904, 52.618, 54.229, 54.494, 54.52, 54.574, 53.962, 58.83, 60.348, 60.487, 60.492, 59.789, 59.535, 60.106, 60.428, 60.137, 60.0, 60.071, 59.995, 59.835, 59.898, 59.796, 59.214, 58.863, 58.694, 58.357, 58.171, 58.303, 58.43, 58.346, 58.316, 58.596, 59.341, 61.545, 61.672, 58.382, 55.651, 55.259, 55.842, 56.101, 56.143, 56.381, 56.648, 56.629, 56.298, 55.997, 55.93, 55.492, 54.926, 55.082, 55.389, 55.577, 55.93, 56.012, 55.863, 55.673, 55.772, 55.888, 55.922, 56.184, 56.413, 55.798, 54.945, 55.68, 56.203, 56.176, 56.202, 56.272, 56.301, 56.186, 55.973, 55.9, 55.918, 55.679, 55.53, 55.832, 55.636, 55.591, 55.66, 58.435, 67.023, 68.379, 67.115, 66.691, 36.901], [37.126, 32.376, 28.894, 26.664, 23.598, 21.808, 18.968, 16.3, 15.196, 14.16, 13.316, 12.831, 12.196, 11.048, 9.616, 8.037, 6.538, 5.548, 4.998, 3.61, 0.0, 4.076, 5.967, 9.692, 25.213, 37.107, 37.51, 42.012, 49.732, 51.177, 51.819, 52.893, 53.307, 52.916, 52.882, 53.026, 53.316, 53.803, 54.147, 54.276, 54.344, 54.379, 54.286, 54.076, 54.046, 53.852, 53.252, 52.803, 52.888, 51.129, 62.728, 65.867, 63.264, 76.307, 89.051, 90.55, 86.004, 81.742, 80.557, 81.265, 79.527, 76.937, 75.981, 75.768, 75.43, 75.04, 74.847, 74.692, 74.482, 74.322, 74.192, 74.143, 74.318, 74.751, 75.096, 74.272, 72.127, 71.571, 71.225, 67.717, 62.611, 59.881, 60.105, 59.459, 56.829, 55.271, 55.191, 54.896, 54.593, 55.299, 55.829, 55.747, 55.534, 55.414, 55.305, 55.127, 54.826, 54.637, 54.638, 54.609, 54.491, 54.5, 54.767, 54.79, 54.616, 54.925, 55.205, 55.545, 55.985, 56.134, 56.12, 56.001, 56.0, 56.26, 56.223, 55.275, 53.85, 53.714, 54.367, 54.069, 54.994, 54.525, 52.208, 53.919, 54.23, 54.253, 54.29, 53.749, 58.739, 60.159, 60.276, 60.273, 59.549, 59.293, 59.881, 60.22, 59.939, 59.805, 59.878, 59.8, 59.634, 59.701, 59.6, 59.005, 58.644, 58.469, 58.126, 57.937, 58.063, 58.183, 58.093, 58.063, 58.35, 59.13, 61.39, 61.49, 58.159, 55.385, 54.996, 55.594, 55.862, 55.901, 56.139, 56.412, 56.392, 56.054, 55.755, 55.692, 55.233, 54.635, 54.78, 55.08, 55.265, 55.614, 55.681, 55.523, 55.322, 55.411, 55.531, 55.584, 55.86, 56.082, 55.458, 54.628, 55.394, 55.945, 55.928, 55.95, 56.019, 56.039, 55.912, 55.682, 55.592, 55.596, 55.346, 55.196, 55.516, 55.346, 55.312, 55.385, 58.228, 66.852, 68.188, 66.903, 66.517, 37.639], [38.202, 33.556, 30.172, 27.952, 25.077, 23.436, 20.687, 18.112, 16.986, 15.835, 14.875, 14.317, 13.703, 12.79, 11.769, 10.641, 9.464, 8.641, 8.355, 7.336, 4.076, 0.0, 3.042, 8.29, 24.157, 36.113, 36.46, 41.163, 49.229, 50.759, 51.421, 52.594, 53.076, 52.703, 52.642, 52.795, 53.1, 53.582, 53.927, 54.058, 54.123, 54.159, 54.078, 53.88, 53.843, 53.642, 53.064, 52.662, 52.774, 51.055, 62.864, 66.019, 63.401, 76.489, 89.181, 90.673, 86.113, 81.848, 80.65, 81.343, 79.635, 77.068, 76.107, 75.895, 75.566, 75.181, 74.988, 74.83, 74.619, 74.458, 74.326, 74.274, 74.449, 74.883, 75.23, 74.405, 72.255, 71.707, 71.353, 67.791, 62.624, 59.891, 60.121, 59.463, 56.811, 55.257, 55.167, 54.896, 54.647, 55.35, 55.846, 55.746, 55.523, 55.392, 55.28, 55.102, 54.793, 54.601, 54.602, 54.576, 54.475, 54.475, 54.7, 54.709, 54.521, 54.817, 55.102, 55.453, 55.89, 56.039, 56.028, 55.9, 55.875, 56.114, 56.075, 55.151, 53.767, 53.596, 54.159, 53.834, 54.764, 54.286, 51.97, 53.775, 54.114, 54.135, 54.177, 53.715, 58.811, 60.161, 60.225, 60.205, 59.478, 59.226, 59.822, 60.169, 59.894, 59.762, 59.835, 59.756, 59.59, 59.661, 59.559, 58.95, 58.577, 58.397, 58.052, 57.859, 57.978, 58.089, 57.991, 57.959, 58.251, 59.049, 61.329, 61.394, 58.063, 55.287, 54.892, 55.496, 55.766, 55.802, 56.041, 56.318, 56.297, 55.955, 55.668, 55.616, 55.143, 54.514, 54.636, 54.926, 55.108, 55.453, 55.501, 55.323, 55.107, 55.184, 55.303, 55.375, 55.674, 55.903, 55.281, 54.481, 55.286, 55.865, 55.862, 55.888, 55.952, 55.959, 55.828, 55.589, 55.481, 55.474, 55.212, 55.062, 55.41, 55.274, 55.252, 55.321, 58.198, 66.83, 68.168, 66.868, 66.5, 38.66], [38.484, 34.053, 30.661, 28.44, 25.555, 23.832, 21.052, 18.493, 17.356, 16.202, 15.327, 14.915, 14.44, 13.654, 12.695, 11.544, 10.345, 9.583, 9.419, 8.615, 5.967, 3.042, 0.0, 7.133, 24.141, 36.246, 36.413, 41.052, 49.297, 50.823, 51.494, 52.736, 53.277, 52.903, 52.819, 52.977, 53.284, 53.775, 54.134, 54.274, 54.339, 54.37, 54.286, 54.093, 54.063, 53.876, 53.345, 52.986, 53.095, 51.384, 62.901, 66.029, 63.456, 76.414, 89.055, 90.545, 85.997, 81.74, 80.526, 81.208, 79.501, 76.96, 76.016, 75.806, 75.479, 75.098, 74.908, 74.751, 74.542, 74.382, 74.252, 74.202, 74.375, 74.805, 75.149, 74.35, 72.257, 71.726, 71.385, 67.909, 62.86, 60.173, 60.392, 59.736, 57.111, 55.55, 55.42, 55.163, 54.923, 55.619, 56.137, 56.057, 55.832, 55.696, 55.587, 55.416, 55.112, 54.923, 54.93, 54.912, 54.818, 54.839, 55.08, 55.081, 54.869, 55.101, 55.343, 55.678, 56.113, 56.26, 56.249, 56.124, 56.096, 56.32, 56.275, 55.37, 53.989, 53.761, 54.289, 53.945, 54.845, 54.366, 52.153, 54.033, 54.361, 54.381, 54.46, 53.975, 58.918, 60.252, 60.371, 60.369, 59.656, 59.398, 59.981, 60.322, 60.043, 59.908, 59.98, 59.906, 59.749, 59.822, 59.721, 59.12, 58.748, 58.568, 58.228, 58.043, 58.167, 58.282, 58.191, 58.161, 58.453, 59.261, 61.514, 61.557, 58.285, 55.513, 55.058, 55.646, 55.919, 55.963, 56.206, 56.488, 56.469, 56.124, 55.836, 55.799, 55.362, 54.755, 54.858, 55.135, 55.313, 55.657, 55.701, 55.513, 55.281, 55.341, 55.445, 55.508, 55.811, 56.056, 55.45, 54.683, 55.526, 56.109, 56.112, 56.152, 56.21, 56.204, 56.072, 55.833, 55.72, 55.712, 55.453, 55.318, 55.688, 55.558, 55.544, 55.609, 58.306, 66.891, 68.294, 67.022, 66.651, 38.718], [37.569, 33.96, 31.61, 29.535, 26.684, 25.32, 22.693, 19.971, 18.747, 17.456, 16.205, 15.49, 14.996, 14.488, 14.101, 13.68, 13.087, 12.463, 12.203, 11.6, 9.692, 8.29, 7.133, 0.0, 18.494, 32.27, 32.77, 37.052, 46.248, 48.352, 48.997, 50.0, 50.278, 49.964, 50.003, 50.162, 50.426, 50.906, 51.268, 51.414, 51.503, 51.597, 51.61, 51.519, 51.544, 51.388, 50.867, 50.469, 50.54, 49.818, 63.377, 66.55, 63.815, 77.731, 90.742, 92.235, 87.554, 83.112, 81.597, 82.16, 80.381, 77.643, 76.58, 76.357, 76.018, 75.604, 75.386, 75.207, 74.978, 74.807, 74.672, 74.621, 74.801, 75.249, 75.604, 74.723, 72.452, 71.877, 71.48, 67.592, 61.833, 58.673, 59.005, 58.258, 54.968, 53.134, 53.185, 52.86, 52.723, 53.676, 54.295, 54.277, 54.013, 53.817, 53.711, 53.496, 53.066, 52.81, 52.861, 52.875, 52.681, 52.464, 52.571, 52.632, 52.445, 52.712, 53.059, 53.521, 54.005, 54.172, 54.185, 54.058, 53.988, 54.183, 54.118, 53.149, 51.801, 51.934, 52.749, 52.535, 53.79, 53.177, 50.014, 51.31, 51.745, 51.811, 51.715, 51.997, 58.324, 59.293, 59.047, 59.074, 58.366, 58.051, 58.67, 59.058, 58.769, 58.61, 58.672, 58.577, 58.391, 58.469, 58.368, 57.705, 57.277, 57.06, 56.665, 56.439, 56.57, 56.703, 56.617, 56.608, 56.962, 57.83, 60.229, 60.379, 56.813, 53.375, 52.842, 53.549, 53.802, 53.752, 53.952, 54.225, 54.213, 53.86, 53.571, 53.554, 53.097, 52.472, 52.729, 53.201, 53.529, 53.941, 54.024, 53.913, 53.756, 53.895, 54.054, 54.148, 54.528, 54.725, 53.814, 52.545, 52.99, 53.513, 53.564, 53.603, 53.653, 53.616, 53.445, 53.154, 53.008, 52.957, 52.641, 52.479, 52.783, 52.649, 52.651, 52.715, 56.764, 66.22, 67.565, 66.161, 65.593, 38.038], [40.337, 38.191, 38.881, 37.864, 35.848, 35.723, 33.962, 31.548, 30.488, 29.297, 27.729, 26.55, 25.946, 25.882, 26.444, 27.199, 27.524, 27.185, 26.841, 26.484, 25.213, 24.157, 24.141, 18.494, 0.0, 17.649, 20.582, 24.89, 37.176, 41.49, 42.376, 42.925, 42.637, 42.721, 43.158, 43.364, 43.59, 43.992, 44.26, 44.358, 44.483, 44.744, 45.035, 45.219, 45.329, 45.183, 44.63, 44.191, 44.251, 45.935, 65.065, 68.447, 65.113, 81.327, 95.198, 96.695, 91.708, 86.933, 84.852, 85.16, 83.287, 80.115, 78.717, 78.44, 78.087, 77.611, 77.335, 77.114, 76.851, 76.658, 76.506, 76.446, 76.641, 77.145, 77.534, 76.377, 73.521, 72.806, 72.244, 67.123, 59.375, 55.116, 55.757, 54.841, 50.097, 47.799, 48.411, 47.985, 48.188, 49.64, 50.243, 50.271, 49.92, 49.579, 49.451, 49.118, 48.366, 47.935, 48.068, 48.142, 47.744, 46.865, 46.433, 46.625, 46.574, 47.136, 47.908, 48.733, 49.294, 49.488, 49.558, 49.39, 49.163, 49.265, 49.184, 48.094, 46.953, 48.177, 49.658, 49.724, 51.945, 51.168, 45.311, 44.623, 45.432, 45.701, 45.002, 47.803, 58.083, 58.184, 56.55, 56.42, 55.743, 55.382, 56.11, 56.632, 56.362, 56.173, 56.222, 56.066, 55.793, 55.889, 55.7