[[0.0, 5.296, 12.145, 17.988, 22.129, 25.335, 27.301, 28.101, 28.46, 28.977, 30.776, 32.876, 33.618, 33.464, 33.898, 34.89, 35.711, 36.307, 36.899, 37.138, 37.126, 37.128, 37.51, 38.243, 38.699, 38.543, 37.986, 37.575, 37.739, 38.109, 38.352, 38.76, 39.47, 40.234, 41.813, 43.382, 42.262, 39.653, 38.595, 39.909, 41.531, 41.71, 41.903, 44.058, 47.931, 50.992, 52.325, 52.787, 52.648, 52.159, 51.255, 49.139, 47.55, 47.015, 46.529, 45.312, 44.204, 43.849, 43.802, 43.731, 43.287, 42.881, 43.206, 43.306, 41.55, 39.135, 38.387, 38.776, 38.965, 38.756, 38.848, 38.893, 38.476, 37.834, 37.82, 38.06, 37.461, 36.342, 36.006, 36.35, 36.536, 36.528, 36.743, 37.0, 37.068, 37.08, 36.907, 36.866, 37.198, 37.708, 38.459, 39.101, 39.427, 39.729, 39.92, 39.6, 39.151, 39.622, 40.505, 40.871, 41.272, 41.924, 42.53, 43.107, 43.145, 42.572, 42.639, 43.356, 43.923, 43.836, 42.619, 40.782, 39.391, 38.999, 38.773, 37.69, 36.639, 36.294, 36.128, 36.118, 36.42, 36.689, 36.782, 36.652, 36.471, 36.422, 36.715, 36.906, 36.582, 36.579, 37.106, 37.665, 38.285, 38.888, 39.081, 38.712, 38.973, 39.699, 39.702, 39.482, 39.423, 39.403, 39.58, 39.835, 39.657, 5.155], [5.296, 0.0, 8.02, 14.937, 19.598, 23.055, 25.249, 26.163, 26.572, 27.168, 29.109, 31.321, 32.093, 31.944, 32.473, 33.594, 34.489, 35.141, 35.794, 36.061, 36.073, 36.141, 36.62, 37.422, 37.918, 37.822, 37.31, 36.913, 37.117, 37.483, 37.713, 38.152, 38.897, 39.659, 41.268, 42.882, 41.715, 38.991, 37.87, 39.19, 40.839, 41.011, 41.187, 43.366, 47.325, 50.468, 51.835, 52.302, 52.142, 51.629, 50.674, 48.436, 46.796, 46.278, 45.789, 44.535, 43.418, 43.083, 43.059, 43.0, 42.551, 42.175, 42.564, 42.68, 40.91, 38.531, 37.876, 38.304, 38.436, 38.186, 38.357, 38.475, 38.037, 37.344, 37.347, 37.622, 36.991, 35.806, 35.413, 35.743, 35.956, 35.959, 36.155, 36.376, 36.407, 36.4, 36.212, 36.168, 36.527, 37.059, 37.828, 38.485, 38.815, 39.128, 39.327, 38.995, 38.532, 39.022, 39.943, 40.333, 40.751, 41.421, 42.037, 42.617, 42.644, 42.052, 42.132, 42.872, 43.437, 43.336, 42.099, 40.207, 38.763, 38.354, 38.119, 37.008, 35.939, 35.577, 35.396, 35.384, 35.689, 35.973, 36.072, 35.93, 35.73, 35.668, 36.023, 36.269, 35.95, 35.979, 36.554, 37.143, 37.772, 38.371, 38.548, 38.155, 38.402, 39.137, 39.145, 38.919, 38.844, 38.811, 38.984, 39.248, 39.075, 8.614], [12.145, 8.02, 0.0, 8.502, 14.832, 19.281, 21.945, 23.019, 23.492, 24.241, 26.514, 29.033, 29.919, 29.882, 30.713, 32.109, 33.123, 33.849, 34.583, 34.901, 34.992, 35.202, 35.834, 36.733, 37.264, 37.213, 36.708, 36.288, 36.557, 36.985, 37.236, 37.718, 38.514, 39.279, 40.917, 42.588, 41.38, 38.54, 37.374, 38.728, 40.407, 40.592, 40.804, 43.023, 47.052, 50.261, 51.653, 52.132, 51.94, 51.388, 50.377, 47.981, 46.279, 45.79, 45.308, 44.008, 42.861, 42.548, 42.571, 42.53, 42.082, 41.752, 42.216, 42.364, 40.593, 38.24, 37.638, 38.055, 38.116, 37.86, 38.148, 38.33, 37.841, 37.076, 37.084, 37.383, 36.73, 35.503, 35.033, 35.316, 35.562, 35.586, 35.743, 35.879, 35.826, 35.784, 35.587, 35.556, 35.934, 36.454, 37.182, 37.826, 38.169, 38.5, 38.699, 38.357, 37.888, 38.395, 39.346, 39.74, 40.168, 40.857, 41.442, 41.96, 41.959, 41.36, 41.451, 42.181, 42.704, 42.569, 41.3, 39.36, 37.884, 37.479, 37.235, 36.085, 35.015, 34.647, 34.426, 34.402, 34.735, 35.064, 35.166, 34.999, 34.804, 34.752, 35.157, 35.456, 35.14, 35.202, 35.869, 36.521, 37.136, 37.701, 37.875, 37.489, 37.743, 38.493, 38.509, 38.267, 38.155, 38.099, 38.269, 38.557, 38.405, 13.851], [17.988, 14.937, 8.502, 0.0, 7.94, 14.211, 17.875, 19.24, 19.864, 20.971, 23.879, 26.87, 27.949, 28.153, 29.403, 31.065, 32.168, 32.974, 33.784, 34.135, 34.317, 34.706, 35.5, 36.495, 37.087, 37.1, 36.587, 36.121, 36.47, 37.007, 37.29, 37.8, 38.639, 39.428, 41.095, 42.774, 41.498, 38.573, 37.426, 38.853, 40.542, 40.739, 40.981, 43.213, 47.301, 50.569, 51.983, 52.479, 52.278, 51.709, 50.687, 48.268, 46.547, 46.054, 45.576, 44.289, 43.169, 42.884, 42.934, 42.896, 42.456, 42.178, 42.702, 42.869, 41.09, 38.741, 38.14, 38.527, 38.562, 38.28, 38.56, 38.75, 38.216, 37.401, 37.409, 37.711, 37.004, 35.702, 35.166, 35.437, 35.717, 35.723, 35.792, 35.82, 35.699, 35.659, 35.468, 35.435, 35.812, 36.314, 36.999, 37.63, 37.996, 38.345, 38.533, 38.177, 37.716, 38.239, 39.179, 39.552, 39.991, 40.684, 41.207, 41.665, 41.663, 41.057, 41.147, 41.864, 42.373, 42.215, 40.875, 38.878, 37.395, 37.004, 36.738, 35.577, 34.56, 34.223, 33.962, 33.904, 34.267, 34.649, 34.75, 34.547, 34.331, 34.259, 34.695, 35.064, 34.774, 34.847, 35.552, 36.251, 36.859, 37.385, 37.539, 37.142, 37.414, 38.189, 38.228, 38.001, 37.874, 37.789, 37.954, 38.265, 38.125, 19.248], [22.129, 19.598, 14.832, 7.94, 0.0, 7.979, 13.351, 15.411, 16.281, 17.997, 21.852, 25.355, 26.612, 27.007, 28.555, 30.361, 31.485, 32.347, 33.211, 33.568, 33.792, 34.309, 35.23, 36.304, 36.977, 37.093, 36.63, 36.16, 36.544, 37.155, 37.467, 37.996, 38.849, 39.645, 41.317, 42.982, 41.645, 38.664, 37.546, 38.994, 40.655, 40.865, 41.106, 43.286, 47.381, 50.683, 52.113, 52.634, 52.46, 51.895, 50.872, 48.486, 46.778, 46.284, 45.827, 44.613, 43.593, 43.363, 43.425, 43.387, 42.972, 42.75, 43.31, 43.471, 41.706, 39.419, 38.85, 39.237, 39.268, 38.934, 39.152, 39.33, 38.777, 37.946, 37.969, 38.278, 37.511, 36.126, 35.53, 35.813, 36.131, 36.111, 36.083, 36.008, 35.842, 35.814, 35.642, 35.602, 35.96, 36.451, 37.13, 37.767, 38.152, 38.512, 38.702, 38.339, 37.897, 38.423, 39.328, 39.685, 40.133, 40.809, 41.278, 41.718, 41.735, 41.12, 41.191, 41.911, 42.449, 42.299, 40.932, 38.934, 37.471, 37.065, 36.767, 35.625, 34.666, 34.362, 34.089, 33.994, 34.345, 34.751, 34.848, 34.616, 34.37, 34.264, 34.725, 35.151, 34.899, 34.966, 35.627, 36.333, 36.968, 37.482, 37.606, 37.181, 37.442, 38.218, 38.278, 38.081, 37.959, 37.853, 37.999, 38.315, 38.185, 23.411], [25.335, 23.055, 19.281, 14.211, 7.979, 0.0, 7.004, 10.461, 12.046, 14.691, 19.735, 23.816, 25.289, 25.829, 27.566, 29.492, 30.645, 31.51, 32.398, 32.783, 33.026, 33.581, 34.553, 35.668, 36.403, 36.625, 36.272, 35.89, 36.31, 36.928, 37.236, 37.785, 38.652, 39.433, 41.072, 42.711, 41.356, 38.421, 37.36, 38.748, 40.341, 40.585, 40.833, 42.922, 46.932, 50.208, 51.644, 52.21, 52.087, 51.535, 50.525, 48.204, 46.546, 46.071, 45.661, 44.558, 43.665, 43.507, 43.591, 43.562, 43.194, 43.037, 43.616, 43.765, 42.064, 39.902, 39.374, 39.743, 39.781, 39.464, 39.665, 39.796, 39.22, 38.391, 38.4, 38.693, 37.913, 36.515, 35.87, 36.123, 36.452, 36.431, 36.317, 36.135, 35.917, 35.886, 35.723, 35.665, 35.98, 36.446, 37.119, 37.763, 38.143, 38.479, 38.663, 38.313, 37.89, 38.395, 39.252, 39.609, 40.073, 40.731, 41.184, 41.644, 41.685, 41.062, 41.101, 41.807, 42.356, 42.23, 40.894, 38.955, 37.544, 37.126, 36.824, 35.728, 34.799, 34.479, 34.194, 34.085, 34.424, 34.831, 34.904, 34.662, 34.423, 34.31, 34.78, 35.224, 34.988, 35.038, 35.651, 36.333, 36.984, 37.529, 37.672, 37.249, 37.467, 38.203, 38.273, 38.095, 37.962, 37.831, 37.967, 38.287, 38.173, 26.513], [27.301, 25.249, 21.945, 17.875, 13.351, 7.004, 0.0, 4.922, 8.227, 11.877, 17.692, 22.296, 24.014, 24.694, 26.629, 28.726, 29.954, 30.843, 31.778, 32.223, 32.507, 33.102, 34.114, 35.254, 36.008, 36.276, 35.992, 35.698, 36.175, 36.779, 37.066, 37.65, 38.575, 39.381, 41.008, 42.6, 41.213, 38.332, 37.335, 38.689, 40.228, 40.509, 40.815, 42.903, 46.851, 50.07, 51.482, 52.049, 51.937, 51.401, 50.431, 48.164, 46.528, 46.055, 45.68, 44.636, 43.787, 43.653, 43.754, 43.736, 43.393, 43.259, 43.837, 43.986, 42.326, 40.214, 39.664, 39.992, 40.055, 39.819, 40.046, 40.122, 39.514, 38.677, 38.643, 38.906, 38.151, 36.786, 36.112, 36.311, 36.626, 36.611, 36.456, 36.203, 35.946, 35.907, 35.744, 35.665, 35.937, 36.37, 37.005, 37.629, 38.0, 38.299, 38.45, 38.122, 37.729, 38.215, 39.042, 39.411, 39.885, 40.528, 40.971, 41.438, 41.48, 40.842, 40.852, 41.545, 42.092, 41.976, 40.666, 38.775, 37.417, 37.017, 36.735, 35.692, 34.786, 34.428, 34.126, 34.048, 34.433, 34.84, 34.895, 34.676, 34.467, 34.35, 34.778, 35.19, 34.941, 34.988, 35.613, 36.289, 36.932, 37.496, 37.662, 37.246, 37.425, 38.125, 38.202, 38.029, 37.88, 37.738, 37.885, 38.217, 38.115, 28.287], [28.101, 26.163, 23.019, 19.24, 15.411, 10.461, 4.922, 0.0, 4.973, 10.063, 16.539, 21.327, 23.074, 23.784, 25.881, 28.109, 29.377, 30.318, 31.333, 31.822, 32.153, 32.832, 33.916, 35.087, 35.843, 36.127, 35.865, 35.594, 36.102, 36.718, 37.008, 37.608, 38.581, 39.445, 41.097, 42.678, 41.295, 38.446, 37.461, 38.798, 40.314, 40.593, 40.92, 43.038, 46.994, 50.194, 51.579, 52.121, 52.0, 51.481, 50.545, 48.285, 46.63, 46.141, 45.769, 44.738, 43.893, 43.761, 43.868, 43.853, 43.504, 43.358, 43.932, 44.092, 42.444, 40.335, 39.757, 40.056, 40.125, 39.922, 40.165, 40.238, 39.607, 38.752, 38.703, 38.952, 38.199, 36.846, 36.166, 36.341, 36.647, 36.639, 36.472, 36.193, 35.92, 35.879, 35.728, 35.655, 35.913, 36.325, 36.923, 37.52, 37.895, 38.186, 38.313, 37.997, 37.622, 38.096, 38.924, 39.309, 39.782, 40.401, 40.818, 41.273, 41.312, 40.668, 40.675, 41.368, 41.893, 41.743, 40.412, 38.531, 37.201, 36.836, 36.571, 35.551, 34.673, 34.326, 34.032, 33.991, 34.428, 34.845, 34.904, 34.703, 34.509, 34.368, 34.725, 35.09, 34.83, 34.875, 35.484, 36.167, 36.825, 37.384, 37.543, 37.113, 37.27, 37.966, 38.049, 37.872, 37.725, 37.598, 37.759, 38.09, 37.988, 28.974], [28.46, 26.572, 23.492, 19.864, 16.281, 12.046, 8.227, 4.973, 0.0, 6.928, 15.108, 20.412, 22.088, 22.706, 24.938, 27.292, 28.609, 29.626, 30.727, 31.25, 31.614, 32.355, 33.51, 34.734, 35.514, 35.795, 35.509, 35.216, 35.74, 36.396, 36.713, 37.331, 38.32, 39.22, 40.963, 42.634, 41.262, 38.351, 37.33, 38.732, 40.3, 40.569, 40.899, 43.104, 47.177, 50.432, 51.839, 52.399, 52.285, 51.768, 50.84, 48.541, 46.834, 46.318, 45.938, 44.883, 43.999, 43.85, 43.97, 43.967, 43.603, 43.43, 44.004, 44.174, 42.49, 40.312, 39.698, 39.988, 40.044, 39.792, 39.984, 40.051, 39.397, 38.504, 38.463, 38.73, 37.959, 36.574, 35.871, 36.033, 36.336, 36.341, 36.189, 35.896, 35.59, 35.54, 35.406, 35.355, 35.614, 36.02, 36.607, 37.197, 37.579, 37.87, 37.979, 37.654, 37.271, 37.736, 38.589, 38.996, 39.476, 40.105, 40.516, 40.959, 41.003, 40.367, 40.393, 41.085, 41.575, 41.393, 40.043, 38.127, 36.774, 36.436, 36.178, 35.111, 34.207, 33.877, 33.589, 33.561, 34.028, 34.458, 34.526, 34.315, 34.103, 33.947, 34.316, 34.7, 34.444, 34.494, 35.11, 35.824, 36.513, 37.082, 37.239, 36.777, 36.902, 37.614, 37.701, 37.501, 37.351, 37.237, 37.399, 37.722, 37.609, 29.203], [28.977, 27.168, 24.241, 20.971, 17.997, 14.691, 11.877, 10.063, 6.928, 0.0, 10.034, 17.07, 19.416, 20.057, 22.557, 25.321, 26.882, 28.056, 29.325, 29.953, 30.347, 31.103, 32.323, 33.661, 34.515, 34.8, 34.458, 34.134, 34.722, 35.456, 35.818, 36.503, 37.558, 38.514, 40.449, 42.301, 40.884, 37.771, 36.669, 38.235, 39.943, 40.249, 40.688, 43.153, 47.482, 50.874, 52.347, 52.963, 52.876, 52.352, 51.395, 48.991, 47.158, 46.584, 46.162, 44.998, 43.962, 43.739, 43.889, 43.914, 43.503, 43.269, 43.855, 44.029, 42.232, 39.898, 39.275, 39.628, 39.693, 39.375, 39.487, 39.514, 38.816, 37.867, 37.828, 38.146, 37.341, 35.848, 35.078, 35.228, 35.531, 35.534, 35.406, 35.102, 34.761, 34.699, 34.552, 34.497, 34.79, 35.216, 35.826, 36.438, 36.829, 37.122, 37.204, 36.842, 36.439, 36.957, 37.904, 38.371, 38.896, 39.576, 40.026, 40.5, 40.555, 39.889, 39.915, 40.646, 41.176, 41.008, 39.62, 37.566, 36.091, 35.742, 35.486, 34.321, 33.316, 32.961, 32.661, 32.632, 33.106, 33.524, 33.604, 33.354, 33.055, 32.859, 33.328, 33.821, 33.568, 33.636, 34.396, 35.19, 35.857, 36.425, 36.604, 36.117, 36.203, 36.938, 37.042, 36.824, 36.664, 36.555, 36.732, 37.079, 36.959, 29.527], [30.776, 29.109, 26.514, 23.879, 21.852, 19.735, 17.692, 16.539, 15.108, 10.034, 0.0, 9.158, 13.435, 14.905, 17.97, 21.491, 23.492, 24.774, 26.273, 27.124, 27.58, 28.382, 29.746, 31.245, 32.169, 32.528, 32.328, 32.164, 32.909, 33.706, 34.049, 34.749, 35.916, 36.977, 39.073, 41.137, 39.88, 36.882, 35.78, 37.292, 38.972, 39.297, 39.866, 42.585, 47.137, 50.638, 52.147, 52.789, 52.71, 52.152, 51.167, 48.695, 46.759, 46.135, 45.685, 44.458, 43.362, 43.126, 43.318, 43.359, 42.906, 42.638, 43.231, 43.408, 41.599, 39.295, 38.79, 39.224, 39.285, 38.979, 39.146, 39.196, 38.486, 37.498, 37.423, 37.777, 36.992, 35.44, 34.61, 34.742, 35.025, 35.02, 34.915, 34.637, 34.327, 34.276, 34.093, 34.018, 34.387, 34.881, 35.528, 36.14, 36.513, 36.812, 36.898, 36.501, 36.077, 36.662, 37.699, 38.24, 38.824, 39.545, 40.047, 40.565, 40.607, 39.869, 39.874, 40.664, 41.243, 41.059, 39.645, 37.504, 35.929, 35.565, 35.328, 34.135, 33.086, 32.694, 32.373, 32.315, 32.72, 33.094, 33.191, 32.906, 32.505, 32.222, 32.69, 33.214, 32.938, 32.981, 33.821, 34.603, 35.129, 35.654, 35.889, 35.411, 35.432, 36.142, 36.258, 36.059, 35.903, 35.804, 36.019, 36.414, 36.325, 31.142], [32.876, 31.321, 29.033, 26.87, 25.355, 23.816, 22.296, 21.327, 20.412, 17.07, 9.158, 0.0, 6.303, 9.989, 14.07, 18.004, 20.242, 21.511, 23.124, 24.16, 24.725, 25.682, 27.303, 28.941, 29.867, 30.339, 30.458, 30.635, 31.55, 32.313, 32.507, 33.068, 34.273, 35.43, 37.557, 39.705, 38.826, 36.416, 35.514, 36.721, 38.177, 38.474, 38.981, 41.573, 46.057, 49.53, 51.024, 51.66, 51.565, 50.976, 49.987, 47.558, 45.667, 45.074, 44.668, 43.547, 42.639, 42.533, 42.743, 42.783, 42.389, 42.192, 42.776, 42.959, 41.317, 39.27, 38.897, 39.32, 39.289, 38.958, 39.205, 39.35, 38.692, 37.739, 37.665, 38.038, 37.347, 35.91, 35.122, 35.239, 35.489, 35.493, 35.428, 35.24, 35.024, 35.001, 34.8, 34.735, 35.16, 35.714, 36.372, 36.937, 37.251, 37.551, 37.69, 37.317, 36.889, 37.459, 38.482, 39.023, 39.6, 40.302, 40.81, 41.333, 41.358, 40.598, 40.597, 41.393, 41.954, 41.75, 40.405, 38.352, 36.828, 36.487, 36.27, 35.105, 34.06, 33.661, 33.354, 33.259, 33.549, 33.857, 33.958, 33.681, 33.266, 32.961, 33.383, 33.837, 33.535, 33.54, 34.273, 34.941, 35.341, 35.824, 36.096, 35.662, 35.643, 36.279, 36.361, 36.18, 36.045, 35.976, 36.203, 36.572, 36.472, 33.201], [33.618, 32.093, 29.919, 27.949, 26.612, 25.289, 24.014, 23.074, 22.088, 19.416, 13.435, 6.303, 0.0, 5.912, 11.608, 15.943, 18.329, 19.764, 21.486, 22.587, 23.287, 24.466, 26.31, 28.038, 28.952, 29.455, 29.693, 30.006, 30.973, 31.709, 31.82, 32.296, 33.51, 34.754, 36.927, 39.044, 38.275, 36.186, 35.482, 36.61, 37.98, 38.274, 38.69, 41.114, 45.524, 48.993, 50.498, 51.15, 51.051, 50.455, 49.485, 47.109, 45.267, 44.702, 44.327, 43.275, 42.485, 42.46, 42.672, 42.716, 42.39, 42.263, 42.851, 43.04, 41.491, 39.577, 39.237, 39.621, 39.519, 39.11, 39.322, 39.5, 38.872, 37.927, 37.862, 38.252, 37.606, 36.222, 35.445, 35.569, 35.821, 35.81, 35.729, 35.576, 35.4, 35.378, 35.171, 35.118, 35.573, 36.158, 36.816, 37.355, 37.646, 37.958, 38.13, 37.779, 37.353, 37.894, 38.883, 39.393, 39.944, 40.624, 41.114, 41.61, 41.628, 40.896, 40.913, 41.695, 42.203, 41.974, 40.67, 38.661, 37.183, 36.88, 36.674, 35.497, 34.425, 34.02, 33.741, 33.662, 33.936, 34.229, 34.33, 34.074, 33.681, 33.389, 33.846, 34.295, 33.995, 33.991, 34.664, 35.32, 35.744, 36.236, 36.502, 36.08, 36.049, 36.646, 36.7, 36.515, 36.382, 36.321, 36.539, 36.88, 36.754, 33.963], [33.464, 31.944, 29.882, 28.153, 27.007, 25.829, 24.694, 23.784, 22.706, 20.057, 14.905, 9.989, 5.912, 0.0, 7.042, 12.646, 15.73, 17.448, 19.367, 20.593, 21.446, 22.854, 24.922, 26.807, 27.803, 28.366, 28.638, 28.971, 29.963, 30.699, 30.774, 31.253, 32.536, 33.895, 36.246, 38.483, 37.664, 35.473, 34.819, 36.135, 37.66, 37.991, 38.422, 40.891, 45.359, 48.875, 50.414, 51.086, 50.998, 50.416, 49.437, 46.999, 45.114, 44.531, 44.133, 43.051, 42.245, 42.215, 42.413, 42.452, 42.131, 42.017, 42.621, 42.797, 41.212, 39.298, 38.989, 39.387, 39.264, 38.826, 39.024, 39.196, 38.553, 37.546, 37.43, 37.807, 37.13, 35.684, 34.852, 34.973, 35.247, 35.228, 35.105, 34.903, 34.699, 34.673, 34.459, 34.402, 34.877, 35.5, 36.209, 36.787, 37.093, 37.428, 37.639, 37.316, 36.901, 37.463, 38.474, 38.996, 39.567, 40.265, 40.76, 41.278, 41.329, 40.604, 40.629, 41.425, 41.925, 41.667, 40.342, 38.303, 36.8, 36.502, 36.3, 35.085, 33.976, 33.55, 33.268, 33.211, 33.515, 33.831, 33.948, 33.688, 33.264, 32.965, 33.507, 34.028, 33.731, 33.71, 34.408, 35.119, 35.61, 36.163, 36.446, 35.99, 35.923, 36.527, 36.599, 36.407, 36.26, 36.194, 36.411, 36.754, 36.616, 33.804], [33.898, 32.473, 30.713, 29.403, 28.555, 27.566, 26.629, 25.881, 24.938, 22.557, 17.97, 14.07, 11.608, 7.042, 0.0, 6.961, 11.419, 13.592, 15.631, 17.04, 18.125, 19.886, 22.409, 24.597, 25.767, 26.529, 26.995, 27.447, 28.476, 29.163, 29.178, 29.683, 31.056, 32.538, 35.08, 37.513, 36.792, 34.6, 33.918, 35.363, 37.087, 37.468, 37.913, 40.463, 45.007, 48.544, 50.089, 50.766, 50.694, 50.117, 49.101, 46.584, 44.669, 44.085, 43.668, 42.58, 41.806, 41.784, 41.957, 41.995, 41.689, 41.59, 42.2, 42.38, 40.83, 38.985, 38.739, 39.145, 38.973, 38.514, 38.742, 38.935, 38.293, 37.241, 37.084, 37.457, 36.761, 35.248, 34.36, 34.474, 34.744, 34.707, 34.57, 34.358, 34.152, 34.122, 33.887, 33.821, 34.326, 35.007, 35.798, 36.419, 36.722, 37.082, 37.357, 37.051, 36.629, 37.228, 38.29, 38.844, 39.451, 40.183, 40.718, 41.309, 41.402, 40.663, 40.686, 41.487, 41.962, 41.684, 40.386, 38.338, 36.8, 36.481, 36.275, 35.047, 33.914, 33.462, 33.18, 33.113, 33.365, 33.656, 33.788, 33.515, 33.023, 32.701, 33.368, 33.996, 33.714, 33.687, 34.415, 35.118, 35.588, 36.167, 36.494, 36.037, 35.947, 36.57, 36.672, 36.483, 36.327, 36.265, 36.481, 36.822, 36.671, 34.224], [34.89, 33.594, 32.109, 31.065, 30.361, 29.492, 28.726, 28.109, 27.292, 25.321, 21.491, 18.004, 15.943, 12.646, 6.961, 0.0, 5.82, 9.418, 12.054, 13.598, 15.027, 17.445, 20.625, 23.12, 24.459, 25.491, 26.222, 26.773, 27.771, 28.391, 28.392, 28.928, 30.331, 31.873, 34.481, 36.999, 36.439, 34.406, 33.738, 35.13, 36.879, 37.287, 37.71, 40.213, 44.743, 48.272, 49.791, 50.451, 50.376, 49.78, 48.733, 46.199, 44.297, 43.726, 43.328, 42.326, 41.677, 41.701, 41.86, 41.914, 41.656, 41.596, 42.205, 42.4, 40.957, 39.245, 39.03, 39.393, 39.169, 38.684, 38.899, 39.097, 38.47, 37.423, 37.297, 37.711, 37.036, 35.499, 34.574, 34.69, 34.958, 34.896, 34.737, 34.533, 34.33, 34.285, 34.034, 33.976, 34.509, 35.239, 36.057, 36.676, 36.97, 37.354, 37.666, 37.358, 36.908, 37.496, 38.564, 39.116, 39.713, 40.437, 40.977, 41.597, 41.698, 40.962, 40.983, 41.754, 42.188, 41.913, 40.667, 38.645, 37.114, 36.784, 36.567, 35.361, 34.242, 33.786, 33.523, 33.44, 33.603, 33.845, 33.984, 33.728, 33.22, 32.899, 33.627, 34.304, 34.061, 34.069, 34.801, 35.458, 35.858, 36.388, 36.706, 36.249, 36.14, 36.76, 36.883, 36.712, 36.569, 36.526, 36.749, 37.09, 36.942, 35.189], [35.711, 34.489, 33.123, 32.168, 31.485, 30.645, 29.954, 29.377, 28.609, 26.882, 23.492, 20.242, 18.329, 15.73, 11.419, 5.82, 0.0, 5.387, 9.498, 11.429, 12.987, 15.964, 19.691, 22.352, 23.767, 25.017, 26.006, 26.69, 27.693, 28.296, 28.314, 28.863, 30.266, 31.832, 34.423, 36.922, 36.448, 34.569, 33.961, 35.242, 36.903, 37.316, 37.73, 40.133, 44.553, 48.033, 49.525, 50.157, 50.053, 49.424, 48.367, 45.878, 44.025, 43.468, 43.101, 42.217, 41.723, 41.824, 41.987, 42.043, 41.812, 41.78, 42.382, 42.576, 41.217, 39.617, 39.422, 39.762, 39.531, 39.052, 39.249, 39.432, 38.825, 37.806, 37.709, 38.148, 37.517, 36.02, 35.098, 35.221, 35.503, 35.431, 35.231, 35.003, 34.796, 34.753, 34.507, 34.459, 35.007, 35.741, 36.532, 37.124, 37.417, 37.807, 38.124, 37.819, 37.352, 37.906, 38.948, 39.484, 40.057, 40.754, 41.273, 41.874, 41.969, 41.245, 41.259, 42.013, 42.448, 42.202, 40.969, 38.973, 37.477, 37.162, 36.94, 35.749, 34.658, 34.219, 33.969, 33.87, 33.991, 34.219, 34.363, 34.126, 33.639, 33.324, 34.024, 34.67, 34.45, 34.492, 35.202, 35.808, 36.168, 36.665, 36.951, 36.478, 36.339, 36.933, 37.072, 36.923, 36.802, 36.791, 37.037, 37.376, 37.239, 35.977], [36.307, 35.141, 33.849, 32.974, 32.347, 31.51, 30.843, 30.318, 29.626, 28.056, 24.774, 21.511, 19.764, 17.448, 13.592, 9.418, 5.387, 0.0, 5.344, 8.298, 10.112, 13.446, 17.702, 20.562, 22.061, 23.543, 24.877, 25.89, 27.058, 27.679, 27.672, 28.196, 29.595, 31.202, 33.821, 36.345, 36.016, 34.378, 33.818, 34.982, 36.606, 37.031, 37.459, 39.841, 44.153, 47.537, 48.987, 49.596, 49.476, 48.826, 47.774, 45.367, 43.601, 43.077, 42.731, 41.933, 41.581, 41.767, 41.936, 41.988, 41.776, 41.757, 42.34, 42.534, 41.259, 39.765, 39.604, 39.944, 39.704, 39.234, 39.424, 39.567, 38.972, 37.991, 37.881, 38.293, 37.726, 36.342, 35.474, 35.594, 35.848, 35.764, 35.567, 35.376, 35.226, 35.212, 34.964, 34.92, 35.49, 36.225, 36.977, 37.547, 37.827, 38.202, 38.521, 38.218, 37.742, 38.282, 39.319, 39.849, 40.406, 41.1, 41.628, 42.209, 42.291, 41.592, 41.61, 42.335, 42.758, 42.541, 41.353, 39.426, 37.988, 37.694, 37.487, 36.329, 35.265, 34.844, 34.611, 34.495, 34.582, 34.804, 34.944, 34.704, 34.218, 33.881, 34.538, 35.159, 34.951, 35.024, 35.72, 36.266, 36.571, 37.037, 37.319, 36.863, 36.701, 37.257, 37.397, 37.265, 37.148, 37.146, 37.401, 37.724, 37.586, 36.55], [36.899, 35.794, 34.583, 33.784, 33.211, 32.398, 31.778, 31.333, 30.727, 29.325, 26.273, 23.124, 21.486, 19.367, 15.631, 12.054, 9.498, 5.344, 0.0, 4.06, 7.069, 11.207, 15.942, 18.973, 20.56, 22.239, 23.85, 25.134, 26.452, 27.103, 27.088, 27.583, 28.938, 30.534, 33.171, 35.736, 35.581, 34.214, 33.7, 34.791, 36.43, 36.879, 37.307, 39.675, 43.907, 47.183, 48.576, 49.182, 49.086, 48.45, 47.414, 45.079, 43.384, 42.904, 42.584, 41.823, 41.53, 41.745, 41.909, 41.971, 41.788, 41.783, 42.338, 42.525, 41.34, 39.968, 39.855, 40.179, 39.914, 39.44, 39.621, 39.729, 39.13, 38.173, 38.043, 38.427, 37.925, 36.663, 35.86, 35.969, 36.175, 36.077, 35.916, 35.793, 35.703, 35.7, 35.442, 35.408, 35.988, 36.714, 37.428, 37.986, 38.253, 38.613, 38.931, 38.623, 38.149, 38.687, 39.715, 40.225, 40.765, 41.465, 42.005, 42.562, 42.641, 41.996, 42.019, 42.686, 43.077, 42.873, 41.745, 39.907, 38.537, 38.259, 38.064, 36.955, 35.93, 35.532, 35.33, 35.211, 35.264, 35.47, 35.6, 35.359, 34.863, 34.513, 35.155, 35.78, 35.605, 35.717, 36.416, 36.906, 37.127, 37.527, 37.785, 37.336, 37.149, 37.657, 37.79, 37.67, 37.543, 37.534, 37.796, 38.103, 37.955, 37.123], [37.138, 36.061, 34.901, 34.135, 33.568, 32.783, 32.223, 31.822, 31.25, 29.953, 27.124, 24.16, 22.587, 20.593, 17.04, 13.598, 11.429, 8.298, 4.06, 0.0, 4.454, 10.054, 15.4, 18.595, 20.224, 21.957, 23.641, 24.955, 26.277, 26.974, 27.027, 27.544, 28.878, 30.445, 33.038, 35.575, 35.473, 34.193, 33.681, 34.752, 36.426, 36.906, 37.318, 39.642, 43.845, 47.105, 48.485, 49.09, 49.009, 48.385, 47.359, 45.042, 43.36, 42.892, 42.585, 41.831, 41.539, 41.748, 41.911, 41.983, 41.817, 41.828, 42.379, 42.565, 41.416, 40.094, 39.997, 40.303, 40.019, 39.542, 39.741, 39.864, 39.263, 38.303, 38.178, 38.568, 38.081, 36.839, 36.048, 36.156, 36.347, 36.228, 36.059, 35.938, 35.848, 35.836, 35.571, 35.54, 36.109, 36.82, 37.528, 38.096, 38.369, 38.723, 39.037, 38.737, 38.278, 38.818, 39.84, 40.347, 40.888, 41.591, 42.135, 42.688, 42.776, 42.166, 42.196, 42.836, 43.205, 42.991, 41.865, 40.041, 38.694, 38.428, 38.233, 37.137, 36.125, 35.732, 35.543, 35.429, 35.472, 35.669, 35.794, 35.56, 35.051, 34.687, 35.334, 35.965, 35.803, 35.936, 36.648, 37.12, 37.316, 37.691, 37.927, 37.463, 37.265, 37.759, 37.887, 37.766, 37.631, 37.629, 37.907, 38.21, 38.051, 37.35], [37.126, 36.073, 34.992, 34.317, 33.792, 33.026, 32.507, 32.153, 31.614, 30.347, 27.58, 24.725, 23.287, 21.446, 18.125, 15.027, 12.987, 10.112, 7.069, 4.454, 0.0, 6.802, 13.219, 16.932, 18.761, 20.635, 22.5, 23.955, 25.349, 26.113, 26.264, 26.857, 28.239, 29.874, 32.519, 35.056, 34.972, 33.716, 33.188, 34.238, 35.971, 36.5, 36.922, 39.276, 43.517, 46.806, 48.223, 48.866, 48.799, 48.178, 47.147, 44.832, 43.152, 42.674, 42.353, 41.588, 41.308, 41.537, 41.716, 41.802, 41.641, 41.663, 42.236, 42.444, 41.321, 40.009, 39.904, 40.218, 39.945, 39.465, 39.673, 39.818, 39.225, 38.269, 38.16, 38.553, 38.031, 36.746, 35.936, 36.037, 36.201, 36.05, 35.864, 35.76, 35.705, 35.71, 35.44, 35.398, 35.964, 36.681, 37.419, 38.016, 38.302, 38.658, 38.982, 38.698, 38.241, 38.784, 39.826, 40.356, 40.904, 41.612, 42.186, 42.779, 42.884, 42.284, 42.324, 42.959, 43.307, 43.067, 41.911, 40.06, 38.707, 38.45, 38.26, 37.157, 36.135, 35.739, 35.545, 35.418, 35.45, 35.652, 35.774, 35.535, 35.019, 34.642, 35.312, 35.97, 35.811, 35.959, 36.691, 37.174, 37.381, 37.779, 38.028, 37.565, 37.381, 37.89, 38.024, 37.902, 37.767, 37.758, 38.028, 38.326, 38.158, 37.331], [37.128, 36.141, 35.202, 34.706, 34.309, 33.581, 33.102, 32.832, 32.355, 31.103, 28.382, 25.682, 24.466, 22.854, 19.886, 17.445, 15.964, 13.446, 11.207, 10.054, 6.802, 0.0, 7.379, 12.06, 14.569, 16.91, 19.23, 21.133, 22.82, 23.697, 23.944, 24.621, 26.064, 27.872, 30.797, 33.515, 33.548, 32.441, 31.966, 32.957, 34.748, 35.351, 35.85, 38.388, 42.747, 46.021, 47.488, 48.295, 48.376, 47.823, 46.82, 44.541, 42.884, 42.407, 42.063, 41.242, 40.916, 41.14, 41.326, 41.414, 41.243, 41.254, 41.827, 42.044, 40.948, 39.656, 39.568, 39.937, 39.707, 39.226, 39.419, 39.584, 39.027, 38.101, 38.012, 38.386, 37.795, 36.443, 35.624, 35.719, 35.795, 35.569, 35.395, 35.412, 35.503, 35.57, 35.291, 35.238, 35.828, 36.608, 37.421, 38.057, 38.34, 38.686, 39.03, 38.765, 38.302, 38.845, 39.902, 40.449, 40.997, 41.716, 42.355, 43.014, 43.137, 42.534, 42.562, 43.179, 43.513, 43.248, 42.059, 40.2, 38.851, 38.593, 38.407, 37.307, 36.282, 35.895, 35.706, 35.557, 35.576, 35.795, 35.907, 35.664, 35.164, 34.789, 35.492, 36.193, 36.059, 36.22, 36.958, 37.447, 37.65, 38.054, 38.319, 37.878, 37.699, 38.194, 38.327, 38.209, 38.06, 38.004, 38.231, 38.521, 38.358, 37.309], [37.51, 36.62, 35.834, 35.5, 35.23, 34.553, 34.114, 33.916, 33.51, 32.323, 29.746, 27.303, 26.31, 24.922, 22.409, 20.625, 19.691, 17.702, 15.942, 15.4, 13.219, 7.379, 0.0, 5.596, 9.408, 12.744, 15.737, 18.218, 20.254, 21.246, 21.597, 22.312, 23.729, 25.684, 28.943, 31.921, 32.151, 31.308, 30.941, 31.833, 33.614, 34.283, 34.89, 37.62, 42.048, 45.239, 46.692, 47.672, 47.985, 47.586, 46.679, 44.503, 42.897, 42.431, 42.079, 41.194, 40.794, 41.001, 41.178, 41.232, 41.038, 41.029, 41.561, 41.742, 40.67, 39.446, 39.441, 39.891, 39.694, 39.198, 39.382, 39.573, 39.067, 38.189, 38.112, 38.455, 37.818, 36.455, 35.679, 35.784, 35.765, 35.46, 35.306, 35.476, 35.741, 35.875, 35.595, 35.541, 36.162, 37.014, 37.896, 38.541, 38.788, 39.092, 39.429, 39.189, 38.741, 39.265, 40.288, 40.818, 41.354, 42.076, 42.763, 43.457, 43.584, 42.979, 42.979, 43.558, 43.898, 43.64, 42.453, 40.638, 39.328, 39.066, 38.882, 37.81, 36.808, 36.444, 36.284, 36.13, 36.148, 36.37, 36.466, 36.243, 35.783, 35.422, 36.122, 36.832, 36.725, 36.902, 37.623, 38.071, 38.233, 38.615, 38.872, 38.455, 38.26, 38.691, 38.798, 38.685, 38.524, 38.43, 38.63, 38.918, 38.77, 37.662], [38.243, 37.422, 36.733, 36.495, 36.304, 35.668, 35.254, 35.087, 34.734, 33.661, 31.245, 28.941, 28.038, 26.807, 24.597, 23.12, 22.352, 20.562, 18.973, 18.595, 16.932, 12.06, 5.596, 0.0, 4.977, 9.647, 13.583, 16.602, 18.84, 19.925, 20.403, 21.12, 22.468, 24.494, 27.894, 31.012, 31.461, 30.948, 30.708, 31.479, 33.198, 33.904, 34.558, 37.291, 41.638, 44.71, 46.077, 47.075, 47.505, 47.227, 46.425, 44.369, 42.842, 42.407, 42.064, 41.183, 40.815, 41.079, 41.265, 41.28, 41.083, 41.074, 41.547, 41.687, 40.687, 39.606, 39.708, 40.205, 40.012, 39.498, 39.673, 39.865, 39.394, 38.562, 38.492, 38.816, 38.204, 36.915, 36.207, 36.312, 36.244, 35.899, 35.739, 35.986, 36.358, 36.534, 36.255, 36.21, 36.847, 37.734, 38.634, 39.255, 39.451, 39.712, 40.043, 39.83, 39.402, 39.897, 40.865, 41.362, 41.873, 42.586, 43.288, 43.97, 44.084, 43.494, 43.474, 44.016, 44.352, 44.122, 42.981, 41.239, 39.989, 39.739, 39.565, 38.541, 37.581, 37.243, 37.116, 36.966, 36.97, 37.169, 37.252, 37.052, 36.622, 36.264, 36.929, 37.621, 37.539, 37.747, 38.448, 38.827, 38.936, 39.289, 39.532, 39.138, 38.912, 39.259, 39.331, 39.222, 39.062, 38.969, 39.167, 39.445, 39.307, 38.367], [38.699, 37.918, 37.264, 37.087, 36.977, 36.403, 36.008, 35.843, 35.514, 34.515, 32.169, 29.867, 28.952, 27.803, 25.767, 24.459, 23.767, 22.061, 20.56, 20.224, 18.761, 14.569, 9.408, 4.977, 0.0, 5.732, 11.011, 14.863, 17.387, 18.605, 19.206, 19.924, 21.268, 23.38, 26.821, 29.973, 30.603, 30.439, 30.37, 31.109, 32.831, 33.578, 34.234, 36.915, 41.185, 44.192, 45.508, 46.481, 46.932, 46.694, 45.977, 44.029, 42.573, 42.166, 41.825, 40.97, 40.668, 40.997, 41.198, 41.181, 40.99, 40.992, 41.418, 41.527, 40.59, 39.623, 39.797, 40.315, 40.13, 39.609, 39.758, 39.933, 39.478, 38.676, 38.613, 38.94, 38.374, 37.155, 36.487, 36.591, 36.513, 36.143, 35.94, 36.199, 36.625, 36.83, 36.548, 36.493, 37.128, 38.037, 38.955, 39.564, 39.722, 39.96, 40.308, 40.118, 39.704, 40.19, 41.133, 41.607, 42.097, 42.795, 43.487, 44.143, 44.244, 43.661, 43.63, 44.152, 44.476, 44.267, 43.175, 41.492, 40.295, 40.065, 39.908, 38.935, 38.014, 37.691, 37.582, 37.43, 37.413, 37.587, 37.662, 37.474, 37.049, 36.671, 37.307, 37.977, 37.909, 38.155, 38.866, 39.203, 39.284, 39.635, 39.881, 39.501, 39.244, 39.526, 39.561, 39.447, 39.286, 39.199, 39.399, 39.659, 39.522, 38.785], [38.543, 37.822, 37.213, 37.1, 37.093, 36.625, 36.276, 36.127, 35.795, 34.8, 32.528, 30.339, 29.455, 28.366, 26.529, 25.491, 25.017, 23.543, 22.239, 21.957, 20.635, 16.91, 12.744, 9.647, 5.732, 0.0, 6.452, 11.669, 15.058, 16.634, 17.404, 18.201, 19.647, 21.905, 25.471, 28.68, 29.397, 29.435, 29.527, 30.448, 32.319, 33.091, 33.786, 36.604, 40.958, 43.987, 45.338, 46.371, 46.849, 46.606, 45.951, 44.122, 42.732, 42.339, 41.995, 41.123, 40.781, 41.075, 41.255, 41.218, 41.023, 41.011, 41.393, 41.465, 40.473, 39.443, 39.594, 40.136, 39.975, 39.435, 39.528, 39.673, 39.221, 38.42, 38.358, 38.7, 38.143, 36.914, 36.25, 36.366, 36.288, 35.895, 35.666, 35.93, 36.377, 36.601, 36.315, 36.239, 36.858, 37.791, 38.741, 39.357, 39.501, 39.737, 40.102, 39.932, 39.527, 40.022, 40.97, 41.441, 41.934, 42.631, 43.318, 43.953, 44.026, 43.417, 43.375, 43.9, 44.216, 44.0, 42.926, 41.257, 40.071, 39.849, 39.706, 38.773, 37.884, 37.574, 37.466, 37.312, 37.298, 37.456, 37.526, 37.339, 36.903, 36.508, 37.141, 37.796, 37.709, 37.972, 38.716, 39.055, 39.168, 39.56, 39.817, 39.442, 39.185, 39.455, 39.47, 39.337, 39.168, 39.082, 39.289, 39.537, 39.385, 38.577], [37.986, 37.31, 36.708, 36.587, 36.63, 36.272, 35.992, 35.865, 35.509, 34.458, 32.328, 30.458, 29.693, 28.638, 26.995, 26.222, 26.006, 24.877, 23.85, 23.641, 22.5, 19.23, 15.737, 13.583, 11.011, 6.452, 0.0, 6.521, 11.585, 14.278, 15.658, 16.809, 18.473, 20.887, 24.669, 27.979, 28.542, 28.349, 28.481, 29.816, 31.952, 32.717, 33.536, 36.735, 41.366, 44.502, 45.935, 47.065, 47.59, 47.342, 46.678, 44.86, 43.482, 43.103, 42.759, 41.81, 41.292, 41.451, 41.597, 41.554, 41.334, 41.278, 41.635, 41.668, 40.505, 39.242, 39.293, 39.849, 39.698, 39.124, 39.178, 39.31, 38.85, 38.009, 37.938, 38.31, 37.714, 36.375, 35.664, 35.799, 35.734, 35.332, 35.111, 35.371, 35.785, 35.989, 35.693, 35.603, 36.225, 37.191, 38.175, 38.813, 38.982, 39.23, 39.584, 39.408, 39.007, 39.514, 40.471, 40.952, 41.47, 42.192, 42.898, 43.535, 43.577, 42.921, 42.872, 43.425, 43.744, 43.487, 42.359, 40.622, 39.391, 39.173, 39.036, 38.083, 37.184, 36.875, 36.752, 36.605, 36.631, 36.791, 36.863, 36.673, 36.218, 35.822, 36.481, 37.147, 37.029, 37.289, 38.068, 38.449, 38.643, 39.097, 39.362, 38.973, 38.753, 39.082, 39.106, 38.947, 38.76, 38.674, 38.895, 39.151, 38.974, 37.972], [37.575, 36.913, 36.288, 36.121, 36.16, 35.89, 35.698, 35.594, 35.216, 34.134, 32.164, 30.635, 30.006, 28.971, 27.447, 26.773, 26.69, 25.89, 25.134, 24.955, 23.955, 21.133, 18.218, 16.602, 14.863, 11.669, 6.521, 0.0, 6.622, 11.379, 14.27, 16.068, 17.915, 20.411, 24.362, 27.797, 28.118, 27.503, 27.588, 29.289, 31.647, 32.429, 33.394, 36.96, 41.882, 45.134, 46.61, 47.779, 48.315, 48.059, 47.33, 45.392, 43.979, 43.611, 43.259, 42.21, 41.517, 41.569, 41.713, 41.678, 41.434, 41.344, 41.699, 41.727, 40.461, 39.035, 39.025, 39.567, 39.41, 38.818, 38.896, 39.084, 38.633, 37.764, 37.715, 38.139, 37.502, 36.039, 35.264, 35.409, 35.352, 34.924, 34.704, 34.963, 35.33, 35.483, 35.163, 35.064, 35.693, 36.696, 37.728, 38.401, 38.612, 38.889, 39.226, 39.029, 38.625, 39.137, 40.097, 40.588, 41.115, 41.851, 42.591, 43.277, 43.321, 42.63, 42.577, 43.161, 43.479, 43.154, 41.932, 40.104, 38.819, 38.605, 38.471, 37.471, 36.532, 36.211, 36.067, 35.915, 35.969, 36.136, 36.207, 36.014, 35.55, 35.153, 35.833, 36.523, 36.403, 36.674, 37.467, 37.859, 38.101, 38.601, 38.885, 38.488, 38.295, 38.674, 38.707, 38.531, 38.335, 38.25, 38.48, 38.752, 38.576, 37.531], [37.739, 37.117, 36.557, 36.47, 36.544, 36.31, 36.175, 36.102, 35.74, 34.722, 32.909, 31.55, 30.973, 29.963, 28.476, 27.771, 27.693, 27.058, 26.452, 26.277, 25.349, 22.82, 20.254, 18.84, 17.387, 15.058, 11.585, 6.622, 0.0, 6.92, 12.028, 14.752, 16.718, 19.283, 23.382, 26.974, 27.336, 26.764, 26.937, 28.708, 31.11, 31.937, 32.978, 36.647, 41.606, 44.822, 46.25, 47.412, 47.972, 47.728, 46.969, 45.021, 43.676, 43.359, 43.034, 42.016, 41.352, 41.414, 41.543, 41.499, 41.275, 41.201, 41.547, 41.603, 40.435, 39.095, 39.121, 39.645, 39.468, 38.856, 38.941, 39.178, 38.766, 37.937, 37.934, 38.383, 37.775, 36.352, 35.605, 35.745, 35.658, 35.191, 34.959, 35.237, 35.615, 35.742, 35.407, 35.299, 35.907, 36.894, 37.941, 38.625, 38.843, 39.145, 39.499, 39.31, 38.914, 39.422, 40.376, 40.86, 41.36, 42.079, 42.848, 43.592, 43.651, 42.95, 42.879, 43.459, 43.763, 43.417, 42.214, 40.429, 39.159, 38.929, 38.793, 37.818, 36.886, 36.553, 36.406, 36.24, 36.273, 36.422, 36.474, 36.287, 35.843, 35.441, 36.084, 36.74, 36.623, 36.907, 37.663, 37.985, 38.17, 38.664, 38.988, 38.639, 38.457, 38.831, 38.868, 38.706, 38.514, 38.421, 38.641, 38.913, 38.756, 37.686], [38.109, 37.483, 36.985, 37.007, 37.155, 36.928, 36.779, 36.718, 36.396, 35.456, 33.706, 32.313, 31.709, 30.699, 29.163, 28.391, 28.296, 27.679, 27.103, 26.974, 26.113, 23.697, 21.246, 19.925, 18.605, 16.634, 14.278, 11.379, 6.92, 0.0, 6.831, 11.075, 13.716, 16.593, 21.02, 24.934, 25.676, 25.616, 26.038, 27.739, 30.152, 31.001, 31.969, 35.597, 40.523, 43.684, 45.075, 46.25, 46.878, 46.675, 45.961, 44.14, 42.889, 42.619, 42.376, 41.549, 41.14, 41.311, 41.375, 41.289, 41.121, 41.115, 41.454, 41.507, 40.469, 39.308, 39.399, 39.924, 39.721, 39.104, 39.189, 39.411, 39.016, 38.228, 38.229, 38.657, 38.104, 36.813, 36.152, 36.302, 36.211, 35.784, 35.582, 35.846, 36.217, 36.337, 36.008, 35.908, 36.503, 37.438, 38.423, 39.057, 39.239, 39.534, 39.911, 39.737, 39.334, 39.825, 40.766, 41.24, 41.721, 42.413, 43.161, 43.913, 43.973, 43.271, 43.178, 43.74, 44.052, 43.771, 42.693, 41.034, 39.818, 39.552, 39.402, 38.499, 37.619, 37.28, 37.138, 36.971, 36.981, 37.116, 37.157, 36.988, 36.559, 36.144, 36.751, 37.371, 37.248, 37.527, 38.258, 38.566, 38.728, 39.203, 39.549, 39.245, 39.064, 39.412, 39.454, 39.313, 39.123, 39.012, 39.214, 39.476, 39.332, 38.068], [38.352, 37.713, 37.236, 37.29, 37.467, 37.236, 37.066, 37.008, 36.713, 35.818, 34.049, 32.507, 31.82, 30.774, 29.178, 28.392, 28.314, 27.672, 27.088, 27.027, 26.264, 23.944, 21.597, 20.403, 19.206, 17.404, 15.658, 14.27, 12.028, 6.831, 0.0, 5.627, 9.76, 13.407, 18.183, 22.484, 23.768, 24.359, 25.014, 26.608, 29.047, 29.909, 30.758, 34.362, 39.365, 42.583, 44.013, 45.22, 45.878, 45.695, 45.039, 43.341, 42.163, 41.943, 41.77, 41.124, 40.994, 41.302, 41.33, 41.217, 41.121, 41.174, 41.493, 41.525, 40.542, 39.475, 39.587, 40.086, 39.845, 39.232, 39.321, 39.52, 39.133, 38.361, 38.337, 38.733, 38.224, 37.032, 36.405, 36.557, 36.502, 36.161, 35.982, 36.199, 36.548, 36.675, 36.356, 36.267, 36.874, 37.799, 38.754, 39.35, 39.493, 39.775, 40.178, 40.013, 39.597, 40.072, 40.997, 41.466, 41.959, 42.638, 43.348, 44.083, 44.149, 43.45, 43.339, 43.896, 44.237, 44.008, 43.012, 41.43, 40.247, 39.963, 39.802, 38.928, 38.064, 37.712, 37.561, 37.392, 37.403, 37.545, 37.591, 37.432, 37.018, 36.601, 37.177, 37.773, 37.639, 37.879, 38.561, 38.865, 39.063, 39.559, 39.929, 39.659, 39.467, 39.771, 39.797, 39.659, 39.461, 39.331, 39.52, 39.764, 39.615, 38.328], [38.76, 38.152, 37.718, 37.8, 37.996, 37.785, 37.65, 37.608, 37.331, 36.503, 34.749, 33.068, 32.296, 31.253, 29.683, 28.928, 28.863, 28.196, 27.583, 27.544, 26.857, 24.621, 22.312, 21.12, 19.924, 18.201, 16.809, 16.068, 14.752, 11.075, 5.627, 0.0, 5.417, 10.334, 15.716, 20.398, 22.359, 23.734, 24.56, 25.933, 28.341, 29.241, 30.019, 33.549, 38.56, 41.787, 43.223, 44.442, 45.104, 44.927, 44.304, 42.695, 41.611, 41.446, 41.283, 40.711, 40.779, 41.232, 41.286, 41.173, 41.147, 41.243, 41.53, 41.546, 40.626, 39.647, 39.775, 40.229, 39.943, 39.327, 39.428, 39.637, 39.278, 38.537, 38.502, 38.878, 38.419, 37.323, 36.719, 36.853, 36.817, 36.525, 36.35, 36.563, 36.945, 37.101, 36.792, 36.713, 37.329, 38.265, 39.223, 39.804, 39.92, 40.19, 40.609, 40.453, 40.033, 40.488, 41.386, 41.833, 42.317, 42.979, 43.67, 44.391, 44.466, 43.784, 43.656, 44.187, 44.542, 44.321, 43.354, 41.84, 40.697, 40.419, 40.269, 39.424, 38.573, 38.227, 38.081, 37.912, 37.924, 38.06, 38.102, 37.953, 37.561, 37.141, 37.67, 38.239, 38.111, 38.331, 38.941, 39.174, 39.35, 39.843, 40.225, 39.99, 39.786, 40.028, 40.02, 39.879, 39.674, 39.535, 39.719, 39.941, 39.788, 38.741], [39.47, 38.897, 38.514, 38.639, 38.849, 38.652, 38.575, 38.581, 38.32, 37.558, 35.916, 34.273, 33.51, 32.536, 31.056, 30.331, 30.266, 29.595, 28.938, 28.878, 28.239, 26.064, 23.729, 22.468, 21.268, 19.647, 18.473, 17.915, 16.718, 13.716, 9.76, 5.417, 0.0, 6.236, 13.0, 18.446, 21.127, 23.311, 24.343, 25.556, 27.989, 28.957, 29.722, 33.193, 38.103, 41.226, 42.62, 43.864, 44.585, 44.441, 43.848, 42.36, 41.4, 41.287, 41.136, 40.603, 40.76, 41.289, 41.369, 41.269, 41.303, 41.442, 41.711, 41.715, 40.868, 39.996, 40.161, 40.598, 40.282, 39.635, 39.727, 39.953, 39.627, 38.93, 38.907, 39.272, 38.872, 37.903, 37.368, 37.48, 37.411, 37.134, 37.0, 37.273, 37.713, 37.888, 37.588, 37.519, 38.127, 39.05, 39.997, 40.557, 40.648, 40.899, 41.304, 41.143, 40.719, 41.143, 42.0, 42.408, 42.85, 43.492, 44.185, 44.886, 44.954, 44.307, 44.17, 44.639, 44.963, 44.739, 43.814, 42.39, 41.309, 41.039, 40.903, 40.113, 39.314, 38.998, 38.875, 38.701, 38.691, 38.81, 38.843, 38.716, 38.362, 37.964, 38.48, 39.043, 38.944, 39.174, 39.731, 39.879, 39.977, 40.414, 40.777, 40.565, 40.354, 40.541, 40.51, 40.377, 40.172, 40.034, 40.213, 40.409, 40.25, 39.457], [40.234, 39.659, 39.279, 39.428, 39.645, 39.433, 39.381, 39.445, 39.22, 38.514, 36.977, 35.43, 34.754, 33.895, 32.538, 31.873, 31.832, 31.202, 30.534, 30.445, 29.874, 27.872, 25.684, 24.494, 23.38, 21.905, 20.887, 20.411, 19.283, 16.593, 13.407, 10.334, 6.236, 0.0, 8.141, 15.021, 18.76, 21.83, 23.158, 24.495, 27.178, 28.248, 29.067, 32.695, 37.603, 40.648, 42.037, 43.332, 44.135, 44.047, 43.481, 42.109, 41.288, 41.252, 41.162, 40.741, 41.005, 41.558, 41.62, 41.535, 41.634, 41.805, 42.042, 42.026, 41.241, 40.457, 40.645, 41.074, 40.751, 40.109, 40.239, 40.501, 40.204, 39.551, 39.544, 39.902, 39.555, 38.698, 38.231, 38.323, 38.225, 37.952, 37.851, 38.173, 38.632, 38.793, 38.499, 38.444, 39.03, 39.902, 40.806, 41.333, 41.397, 41.628, 42.02, 41.851, 41.426, 41.829, 42.648, 43.012, 43.411, 44.031, 44.722, 45.396, 45.445, 44.827, 44.695, 45.105, 45.358, 45.119, 44.264, 42.944, 41.934, 41.668, 41.545, 40.822, 40.092, 39.811, 39.701, 39.521, 39.493, 39.601, 39.626, 39.52, 39.185, 38.815, 39.33, 39.881, 39.803, 40.023, 40.506, 40.579, 40.618, 41.011, 41.364, 41.185, 40.977, 41.12, 41.084, 40.966, 40.768, 40.637, 40.808, 40.969, 40.803, 40.22], [41.813, 41.268, 40.917, 41.095, 41.317, 41.072, 41.008, 41.097, 40.963, 40.449, 39.073, 37.557, 36.927, 36.246, 35.08, 34.481, 34.423, 33.821, 33.171, 33.038, 32.519, 30.797, 28.943, 27.894, 26.821, 25.471, 24.669, 24.362, 23.382, 21.02, 18.183, 15.716, 13.0, 8.141, 0.0, 8.496, 14.815, 20.006, 21.828, 23.02, 25.873, 27.082, 27.888, 31.576, 36.42, 39.358, 40.744, 42.067, 42.93, 42.89, 42.393, 41.295, 40.775, 40.891, 40.906, 40.736, 41.344, 42.073, 42.153, 42.097, 42.329, 42.584, 42.758, 42.723, 42.152, 41.634, 41.865, 42.203, 41.836, 41.243, 41.478, 41.802, 41.575, 41.026, 41.053, 41.4, 41.15, 40.458, 40.048, 40.122, 40.038, 39.779, 39.638, 39.939, 40.396, 40.541, 40.252, 40.196, 40.72, 41.496, 42.309, 42.773, 42.796, 43.003, 43.41, 43.282, 42.876, 43.235, 43.972, 44.271, 44.603, 45.142, 45.783, 46.432, 46.47, 45.887, 45.751, 46.104, 46.288, 46.028, 45.26, 44.134, 43.284, 43.053, 42.96, 42.38, 41.802, 41.587, 41.491, 41.315, 41.274, 41.37, 