[[0.0, 3.885, 10.003, 14.208, 15.505, 17.051, 18.694, 20.502, 22.973, 25.204, 26.612, 27.997, 28.933, 29.389, 29.965, 30.713, 31.036, 30.692, 30.535, 30.726, 30.688, 30.49, 30.488, 30.402, 30.348, 30.604, 30.702, 30.612, 30.507, 30.467, 30.583, 31.131, 32.592, 34.184, 35.017, 35.291, 35.993, 37.983, 41.266, 42.783, 43.549, 44.915, 45.939, 46.758, 47.471, 47.483, 47.036, 46.274, 45.932, 46.631, 47.298, 46.893, 46.338, 46.713, 47.294, 47.095, 46.449, 46.154, 45.451, 44.035, 43.477, 43.221, 40.784, 37.185, 36.885, 37.882, 37.684, 38.133, 39.964, 41.367, 41.918, 42.225, 42.273, 42.837, 44.008, 44.736, 44.319, 43.851, 43.94, 43.933, 43.769, 43.868, 44.023, 43.782, 43.418, 43.64, 44.371, 44.633, 44.216, 45.12, 48.617, 51.381, 51.001, 48.411, 46.413, 46.737, 49.647, 53.586, 56.763, 58.604, 58.27, 55.155, 53.041, 53.385, 54.161, 54.023, 53.497, 53.486, 53.64, 53.294, 52.542, 51.056, 48.973, 47.523, 46.954, 46.224, 44.07, 41.455, 40.987, 42.246, 42.862, 41.996, 39.795, 37.346, 35.59, 35.079, 35.246, 34.989, 33.842, 33.064, 33.13, 33.278, 33.227, 33.188, 33.5, 33.64, 33.179, 32.534, 33.095, 34.729, 35.605, 35.424, 35.938, 36.583, 36.306, 6.904], [3.885, 0.0, 7.263, 12.18, 13.748, 15.423, 17.196, 19.176, 21.87, 24.25, 25.707, 27.158, 28.169, 28.671, 29.294, 30.086, 30.436, 30.09, 29.931, 30.133, 30.109, 29.926, 29.946, 29.873, 29.826, 30.094, 30.208, 30.146, 30.071, 30.044, 30.171, 30.769, 32.317, 33.988, 34.867, 35.155, 35.86, 37.854, 41.18, 42.723, 43.5, 44.882, 45.921, 46.752, 47.472, 47.481, 47.024, 46.249, 45.905, 46.619, 47.295, 46.872, 46.286, 46.655, 47.236, 47.03, 46.376, 46.073, 45.344, 43.894, 43.325, 43.074, 40.636, 37.016, 36.735, 37.758, 37.549, 37.981, 39.827, 41.253, 41.817, 42.137, 42.194, 42.764, 43.946, 44.671, 44.24, 43.768, 43.86, 43.859, 43.699, 43.802, 43.96, 43.719, 43.353, 43.574, 44.312, 44.576, 44.141, 45.044, 48.589, 51.388, 51.008, 48.421, 46.437, 46.792, 49.737, 53.698, 56.891, 58.74, 58.396, 55.236, 53.088, 53.43, 54.214, 54.079, 53.554, 53.547, 53.707, 53.366, 52.615, 51.124, 49.027, 47.561, 46.988, 46.252, 44.078, 41.431, 40.943, 42.212, 42.83, 41.936, 39.678, 37.161, 35.357, 34.828, 34.993, 34.722, 33.545, 32.735, 32.784, 32.929, 32.876, 32.831, 33.139, 33.268, 32.778, 32.119, 32.742, 34.457, 35.343, 35.131, 35.668, 36.34, 36.043, 8.062], [10.003, 7.263, 0.0, 6.318, 9.593, 12.348, 14.709, 17.277, 20.522, 23.257, 24.946, 26.617, 27.815, 28.397, 29.057, 29.891, 30.279, 29.99, 29.886, 30.115, 30.136, 30.031, 30.109, 30.111, 30.172, 30.493, 30.601, 30.576, 30.605, 30.646, 30.784, 31.344, 32.782, 34.376, 35.256, 35.553, 36.208, 38.094, 41.315, 42.832, 43.595, 44.941, 45.965, 46.792, 47.508, 47.516, 47.052, 46.267, 45.912, 46.605, 47.267, 46.831, 46.217, 46.549, 47.104, 46.893, 46.242, 45.931, 45.193, 43.761, 43.206, 42.971, 40.631, 37.206, 37.025, 38.043, 37.821, 38.151, 39.879, 41.267, 41.823, 42.143, 42.234, 42.846, 44.049, 44.768, 44.338, 43.887, 43.998, 44.003, 43.839, 43.937, 44.095, 43.853, 43.475, 43.68, 44.405, 44.661, 44.213, 45.052, 48.509, 51.27, 50.894, 48.376, 46.472, 46.842, 49.739, 53.634, 56.766, 58.58, 58.232, 55.08, 52.951, 53.295, 54.081, 53.964, 53.455, 53.445, 53.592, 53.263, 52.551, 51.1, 49.031, 47.581, 47.016, 46.289, 44.168, 41.604, 41.127, 42.356, 42.956, 42.087, 39.904, 37.504, 35.786, 35.259, 35.39, 35.098, 33.931, 33.109, 33.14, 33.26, 33.188, 33.16, 33.479, 33.602, 33.107, 32.47, 33.113, 34.745, 35.536, 35.306, 35.856, 36.522, 36.231, 12.868], [14.208, 12.18, 6.318, 0.0, 5.469, 10.032, 13.151, 16.123, 19.745, 22.779, 24.665, 26.469, 27.806, 28.435, 29.091, 29.964, 30.394, 30.155, 30.095, 30.354, 30.431, 30.403, 30.526, 30.606, 30.814, 31.237, 31.364, 31.361, 31.479, 31.601, 31.759, 32.255, 33.533, 34.996, 35.834, 36.119, 36.728, 38.519, 41.589, 43.059, 43.799, 45.085, 46.067, 46.871, 47.57, 47.571, 47.107, 46.343, 46.0, 46.667, 47.303, 46.887, 46.301, 46.62, 47.157, 46.954, 46.312, 45.994, 45.269, 43.887, 43.37, 43.153, 40.893, 37.66, 37.544, 38.524, 38.329, 38.634, 40.252, 41.58, 42.121, 42.434, 42.53, 43.119, 44.271, 44.971, 44.558, 44.131, 44.254, 44.26, 44.078, 44.149, 44.291, 44.049, 43.672, 43.866, 44.568, 44.807, 44.356, 45.152, 48.525, 51.274, 50.954, 48.529, 46.685, 47.017, 49.822, 53.643, 56.735, 58.542, 58.219, 55.119, 53.028, 53.367, 54.15, 54.053, 53.561, 53.546, 53.682, 53.364, 52.681, 51.262, 49.227, 47.801, 47.251, 46.547, 44.464, 41.933, 41.441, 42.638, 43.234, 42.405, 40.323, 38.062, 36.436, 35.924, 36.038, 35.737, 34.615, 33.827, 33.841, 33.922, 33.827, 33.812, 34.145, 34.27, 33.79, 33.206, 33.869, 35.407, 36.138, 35.93, 36.437, 37.053, 36.776, 16.559], [15.505, 13.748, 9.593, 5.469, 0.0, 5.949, 10.407, 14.046, 18.046, 21.397, 23.539, 25.544, 27.013, 27.694, 28.385, 29.314, 29.784, 29.56, 29.526, 29.82, 29.94, 29.947, 30.099, 30.233, 30.537, 31.053, 31.246, 31.268, 31.393, 31.543, 31.728, 32.22, 33.474, 34.913, 35.732, 36.011, 36.637, 38.479, 41.573, 43.053, 43.798, 45.085, 46.072, 46.884, 47.578, 47.572, 47.106, 46.339, 45.997, 46.67, 47.309, 46.912, 46.359, 46.698, 47.243, 47.048, 46.406, 46.086, 45.361, 43.976, 43.456, 43.235, 40.953, 37.705, 37.572, 38.551, 38.387, 38.733, 40.349, 41.659, 42.199, 42.521, 42.614, 43.163, 44.245, 44.909, 44.5, 44.078, 44.198, 44.2, 44.014, 44.078, 44.216, 43.98, 43.616, 43.822, 44.529, 44.773, 44.323, 45.123, 48.504, 51.273, 50.989, 48.61, 46.778, 47.084, 49.854, 53.659, 56.766, 58.591, 58.284, 55.215, 53.144, 53.487, 54.273, 54.176, 53.677, 53.657, 53.798, 53.481, 52.793, 51.373, 49.332, 47.892, 47.343, 46.644, 44.545, 41.973, 41.461, 42.656, 43.243, 42.394, 40.29, 38.003, 36.355, 35.852, 35.997, 35.716, 34.592, 33.805, 33.811, 33.876, 33.779, 33.762, 34.09, 34.217, 33.734, 33.168, 33.886, 35.464, 36.23, 36.018, 36.5, 37.104, 36.822, 17.582], [17.051, 15.423, 12.348, 10.032, 5.949, 0.0, 5.871, 11.038, 15.878, 19.524, 21.832, 24.061, 25.692, 26.446, 27.215, 28.238, 28.77, 28.599, 28.633, 28.973, 29.113, 29.13, 29.322, 29.509, 29.878, 30.47, 30.742, 30.812, 30.951, 31.103, 31.291, 31.803, 33.101, 34.592, 35.433, 35.717, 36.387, 38.332, 41.52, 43.037, 43.799, 45.105, 46.119, 46.957, 47.649, 47.633, 47.169, 46.401, 46.053, 46.725, 47.375, 46.995, 46.461, 46.815, 47.373, 47.186, 46.537, 46.207, 45.473, 44.06, 43.516, 43.282, 40.93, 37.562, 37.401, 38.421, 38.274, 38.687, 40.374, 41.704, 42.246, 42.567, 42.656, 43.207, 44.293, 44.943, 44.515, 44.078, 44.182, 44.172, 43.991, 44.065, 44.203, 43.959, 43.594, 43.806, 44.517, 44.761, 44.307, 45.122, 48.539, 51.31, 51.02, 48.644, 46.812, 47.122, 49.901, 53.719, 56.856, 58.713, 58.41, 55.319, 53.234, 53.584, 54.375, 54.273, 53.76, 53.733, 53.878, 53.56, 52.863, 51.433, 49.374, 47.914, 47.356, 46.654, 44.541, 41.94, 41.411, 42.596, 43.173, 42.301, 40.147, 37.781, 36.062, 35.543, 35.715, 35.438, 34.277, 33.496, 33.526, 33.598, 33.511, 33.489, 33.803, 33.926, 33.426, 32.85, 33.613, 35.24, 36.028, 35.813, 36.329, 36.968, 36.681, 18.741], [18.694, 17.196, 14.709, 13.151, 10.407, 5.871, 0.0, 6.691, 13.132, 17.457, 19.826, 22.145, 23.947, 24.807, 25.695, 26.87, 27.496, 27.356, 27.447, 27.864, 28.033, 28.037, 28.26, 28.493, 28.931, 29.614, 29.977, 30.116, 30.318, 30.511, 30.684, 31.212, 32.614, 34.206, 35.081, 35.386, 36.108, 38.143, 41.433, 42.984, 43.76, 45.086, 46.122, 46.983, 47.689, 47.677, 47.211, 46.433, 46.066, 46.734, 47.388, 46.996, 46.449, 46.803, 47.373, 47.196, 46.549, 46.225, 45.488, 44.046, 43.489, 43.246, 40.787, 37.244, 37.06, 38.138, 37.984, 38.461, 40.267, 41.655, 42.201, 42.511, 42.6, 43.201, 44.361, 45.027, 44.571, 44.108, 44.198, 44.181, 44.002, 44.082, 44.215, 43.954, 43.569, 43.77, 44.484, 44.722, 44.241, 45.068, 48.561, 51.368, 51.068, 48.65, 46.798, 47.137, 49.957, 53.801, 56.974, 58.867, 58.557, 55.38, 53.207, 53.53, 54.319, 54.215, 53.695, 53.66, 53.802, 53.486, 52.794, 51.357, 49.272, 47.791, 47.221, 46.512, 44.375, 41.723, 41.167, 42.353, 42.95, 42.093, 39.915, 37.491, 35.712, 35.172, 35.351, 35.061, 33.87, 33.112, 33.164, 33.241, 33.155, 33.12, 33.424, 33.545, 33.025, 32.414, 33.191, 34.879, 35.702, 35.504, 36.096, 36.805, 36.514, 20.012], [20.502, 19.176, 17.277, 16.123, 14.046, 11.038, 6.691, 0.0, 8.015, 13.936, 17.111, 19.68, 21.737, 22.8, 23.849, 25.21, 25.968, 25.865, 26.028, 26.581, 26.861, 26.921, 27.199, 27.497, 28.011, 28.767, 29.198, 29.393, 29.648, 29.926, 30.142, 30.713, 32.234, 33.921, 34.828, 35.179, 35.96, 38.018, 41.322, 42.865, 43.65, 44.994, 46.029, 46.887, 47.612, 47.613, 47.139, 46.335, 45.959, 46.636, 47.283, 46.874, 46.315, 46.669, 47.248, 47.074, 46.434, 46.128, 45.396, 43.939, 43.366, 43.106, 40.58, 36.977, 36.821, 37.925, 37.769, 38.271, 40.132, 41.552, 42.102, 42.415, 42.507, 43.131, 44.319, 44.983, 44.515, 44.053, 44.142, 44.118, 43.941, 44.032, 44.168, 43.901, 43.499, 43.681, 44.39, 44.624, 44.118, 44.926, 48.453, 51.32, 51.052, 48.617, 46.758, 47.125, 49.961, 53.802, 56.98, 58.882, 58.56, 55.306, 53.052, 53.337, 54.114, 54.011, 53.496, 53.461, 53.596, 53.276, 52.585, 51.154, 49.064, 47.572, 46.997, 46.277, 44.086, 41.336, 40.735, 41.943, 42.57, 41.733, 39.575, 37.172, 35.385, 34.844, 35.026, 34.744, 33.58, 32.882, 32.949, 33.015, 32.916, 32.856, 33.139, 33.255, 32.729, 32.093, 32.895, 34.686, 35.574, 35.395, 36.021, 36.782, 36.495, 21.556], [22.973, 21.87, 20.522, 19.745, 18.046, 15.878, 13.132, 8.015, 0.0, 7.845, 13.284, 16.954, 19.434, 20.703, 21.906, 23.474, 24.401, 24.426, 24.752, 25.453, 25.901, 26.141, 26.55, 26.932, 27.523, 28.336, 28.804, 29.027, 29.312, 29.692, 30.035, 30.709, 32.29, 34.002, 34.947, 35.353, 36.162, 38.165, 41.338, 42.822, 43.605, 44.949, 45.955, 46.771, 47.478, 47.483, 47.014, 46.214, 45.848, 46.513, 47.132, 46.73, 46.196, 46.567, 47.148, 46.962, 46.312, 45.994, 45.256, 43.821, 43.258, 42.988, 40.491, 37.011, 36.922, 37.978, 37.802, 38.275, 40.099, 41.498, 42.043, 42.356, 42.433, 43.028, 44.185, 44.838, 44.393, 43.969, 44.07, 44.044, 43.876, 43.983, 44.136, 43.888, 43.492, 43.663, 44.356, 44.594, 44.112, 44.914, 48.371, 51.218, 50.974, 48.556, 46.708, 47.076, 49.879, 53.676, 56.812, 58.671, 58.315, 55.05, 52.826, 53.113, 53.875, 53.774, 53.273, 53.248, 53.388, 53.058, 52.357, 50.933, 48.872, 47.397, 46.835, 46.125, 43.906, 41.089, 40.464, 41.679, 42.313, 41.488, 39.373, 37.052, 35.338, 34.834, 35.014, 34.758, 33.687, 33.082, 33.157, 33.202, 33.098, 33.027, 33.285, 33.395, 32.886, 32.249, 33.033, 34.854, 35.786, 35.606, 36.18, 36.925, 36.655, 23.862], [25.204, 24.25, 23.257, 22.779, 21.397, 19.524, 17.457, 13.936, 7.845, 0.0, 7.767, 13.658, 17.03, 18.389, 19.707, 21.581, 22.745, 22.905, 23.379, 24.212, 24.813, 25.218, 25.755, 26.199, 26.867, 27.771, 28.305, 28.575, 28.9, 29.365, 29.861, 30.684, 32.326, 34.067, 35.065, 35.505, 36.31, 38.272, 41.328, 42.764, 43.555, 44.91, 45.898, 46.683, 47.367, 47.368, 46.903, 46.112, 45.747, 46.388, 46.995, 46.6, 46.071, 46.452, 47.037, 46.835, 46.161, 45.824, 45.09, 43.694, 43.163, 42.908, 40.467, 37.134, 37.14, 38.163, 37.938, 38.369, 40.163, 41.548, 42.095, 42.409, 42.458, 43.005, 44.128, 44.778, 44.349, 43.95, 44.057, 44.035, 43.88, 44.004, 44.177, 43.953, 43.568, 43.731, 44.409, 44.641, 44.172, 44.977, 48.384, 51.179, 50.915, 48.498, 46.659, 47.032, 49.826, 53.61, 56.725, 58.558, 58.171, 54.93, 52.787, 53.101, 53.865, 53.774, 53.28, 53.259, 53.409, 53.077, 52.357, 50.914, 48.853, 47.386, 46.838, 46.139, 43.894, 41.055, 40.466, 41.686, 42.308, 41.481, 39.369, 37.076, 35.406, 34.917, 35.089, 34.834, 33.807, 33.251, 33.322, 33.353, 33.243, 33.16, 33.405, 33.52, 33.023, 32.382, 33.166, 35.011, 35.974, 35.769, 36.258, 36.946, 36.688, 25.952], [26.612, 25.707, 24.946, 24.665, 23.539, 21.832, 19.826, 17.111, 13.284, 7.767, 0.0, 8.007, 13.023, 14.803, 16.266, 18.539, 20.012, 20.32, 20.958, 21.957, 22.692, 23.233, 23.92, 24.476, 25.3, 26.373, 27.038, 27.427, 27.855, 28.385, 28.98, 29.976, 31.78, 33.624, 34.68, 35.167, 36.012, 38.026, 41.12, 42.561, 43.368, 44.76, 45.776, 46.582, 47.287, 47.297, 46.828, 46.016, 45.629, 46.283, 46.905, 46.475, 45.896, 46.272, 46.875, 46.679, 45.999, 45.658, 44.924, 43.527, 43.026, 42.79, 40.322, 36.981, 37.048, 38.103, 37.836, 38.239, 40.041, 41.435, 41.989, 42.322, 42.377, 42.911, 44.029, 44.686, 44.258, 43.869, 43.983, 43.967, 43.816, 43.939, 44.113, 43.898, 43.519, 43.673, 44.334, 44.541, 44.028, 44.79, 48.211, 51.038, 50.804, 48.422, 46.615, 47.023, 49.87, 53.697, 56.843, 58.705, 58.335, 55.08, 52.899, 53.195, 53.967, 53.889, 53.399, 53.382, 53.538, 53.199, 52.46, 50.99, 48.904, 47.425, 46.879, 46.181, 43.896, 40.991, 40.385, 41.605, 42.229, 41.396, 39.237, 36.885, 35.173, 34.652, 34.806, 34.534, 33.471, 32.891, 32.988, 33.038, 32.91, 32.787, 33.016, 33.129, 32.619, 31.988, 32.893, 34.844, 35.814, 35.582, 36.048, 36.703, 36.419, 27.176], [27.997, 27.158, 26.617, 26.469, 25.544, 24.061, 22.145, 19.68, 16.954, 13.658, 8.007, 0.0, 6.631, 9.756, 11.881, 14.71, 16.586, 17.204, 18.195, 19.412, 20.264, 20.996, 21.924, 22.683, 23.766, 25.078, 25.92, 26.477, 27.076, 27.661, 28.251, 29.334, 31.263, 33.185, 34.27, 34.79, 35.689, 37.75, 40.917, 42.382, 43.184, 44.595, 45.647, 46.483, 47.193, 47.196, 46.721, 45.893, 45.498, 46.182, 46.817, 46.359, 45.765, 46.149, 46.769, 46.599, 45.942, 45.612, 44.865, 43.439, 42.942, 42.725, 40.221, 36.832, 36.906, 37.987, 37.715, 38.089, 39.867, 41.247, 41.8, 42.153, 42.229, 42.759, 43.864, 44.525, 44.106, 43.722, 43.836, 43.823, 43.673, 43.78, 43.933, 43.72, 43.354, 43.507, 44.147, 44.328, 43.767, 44.46, 47.908, 50.847, 50.713, 48.407, 46.66, 47.101, 49.966, 53.811, 56.986, 58.885, 58.559, 55.284, 53.022, 53.279, 54.043, 53.96, 53.471, 53.464, 53.622, 53.268, 52.513, 51.036, 48.95, 47.471, 46.934, 46.265, 43.987, 41.022, 40.333, 41.528, 42.15, 41.321, 39.146, 36.777, 35.057, 34.53, 34.689, 34.432, 33.342, 32.691, 32.772, 32.83, 32.671, 32.494, 32.692, 32.782, 32.258, 31.691, 32.775, 34.813, 35.755, 35.492, 35.977, 36.649, 36.316, 28.349], [28.933, 28.169, 27.815, 27.806, 27.013, 25.692, 23.947, 21.737, 19.434, 17.03, 13.023, 6.631, 0.0, 4.757, 8.55, 12.285, 14.533, 15.419, 16.675, 17.983, 18.848, 19.706, 20.83, 21.721, 22.955, 24.444, 25.443, 26.126, 26.846, 27.462, 28.002, 29.083, 31.054, 33.003, 34.106, 34.646, 35.562, 37.639, 40.857, 42.346, 43.145, 44.567, 45.635, 46.47, 47.156, 47.133, 46.651, 45.814, 45.41, 46.096, 46.737, 46.278, 45.688, 46.091, 46.727, 46.563, 45.908, 45.575, 44.822, 43.388, 42.888, 42.684, 40.163, 36.729, 36.77, 37.856, 37.595, 37.976, 39.755, 41.122, 41.672, 42.034, 42.106, 42.615, 43.705, 44.368, 43.954, 43.564, 43.679, 43.679, 43.535, 43.634, 43.778, 43.572, 43.225, 43.386, 44.019, 44.188, 43.606, 44.27, 47.736, 50.73, 50.633, 48.352, 46.624, 47.057, 49.907, 53.748, 56.935, 58.845, 58.534, 55.275, 53.03, 53.306, 54.075, 53.979, 53.479, 53.472, 53.63, 53.269, 52.504, 51.03, 48.944, 47.465, 46.935, 46.286, 44.028, 41.068, 40.348, 41.51, 42.112, 41.284, 39.112, 36.749, 35.056, 34.555, 34.721, 34.456, 33.343, 32.636, 32.696, 32.768, 32.604, 32.405, 32.587, 32.658, 32.132, 31.608, 32.753, 34.795, 35.723, 35.464, 35.991, 36.693, 36.343, 29.143], [29.389, 28.671, 28.397, 28.435, 27.694, 26.446, 24.807, 22.8, 20.703, 18.389, 14.803, 9.756, 4.757, 0.0, 5.307, 10.442, 13.248, 14.293, 15.695, 17.058, 17.947, 18.906, 20.172, 21.144, 22.448, 24.044, 25.147, 25.916, 26.713, 27.362, 27.901, 28.989, 30.95, 32.888, 34.018, 34.583, 35.477, 37.568, 40.804, 42.315, 43.128, 44.564, 45.64, 46.469, 47.141, 47.105, 46.611, 45.77, 45.363, 46.042, 46.682, 46.221, 45.637, 46.054, 46.695, 46.528, 45.867, 45.525, 44.77, 43.35, 42.862, 42.657, 40.134, 36.716, 36.752, 37.827, 37.583, 37.985, 39.762, 41.113, 41.658, 42.02, 42.081, 42.574, 43.655, 44.325, 43.917, 43.517, 43.629, 43.639, 43.503, 43.601, 43.747, 43.547, 43.208, 43.373, 44.009, 44.182, 43.62, 44.313, 47.777, 50.753, 50.649, 48.355, 46.62, 47.056, 49.908, 53.752, 56.93, 58.824, 58.502, 55.26, 53.035, 53.316, 54.087, 53.99, 53.485, 53.468, 53.621, 53.261, 52.498, 51.034, 48.958, 47.49, 46.971, 46.328, 44.076, 41.132, 40.413, 41.555, 42.143, 41.31, 39.15, 36.813, 35.142, 34.644, 34.805, 34.545, 33.433, 32.698, 32.753, 32.847, 32.701, 32.508, 32.688, 32.756, 32.248, 31.75, 32.871, 34.867, 35.777, 35.531, 36.062, 36.763, 36.41, 29.541], [29.965, 29.294, 29.057, 29.091, 28.385, 27.215, 25.695, 23.849, 21.906, 19.707, 16.266, 11.881, 8.55, 5.307, 0.0, 6.238, 10.111, 11.865, 13.687, 15.196, 16.215, 17.482, 19.027, 20.188, 21.678, 23.416, 24.615, 25.503, 26.418, 27.138, 27.753, 28.926, 30.881, 32.793, 33.952, 34.577, 35.498, 37.613, 40.828, 42.346, 43.173, 44.599, 45.671, 46.488, 47.15, 47.128, 46.65, 45.83, 45.448, 46.122, 46.74, 46.269, 45.702, 46.13, 46.766, 46.599, 45.949, 45.615, 44.88, 43.485, 42.996, 42.786, 40.309, 36.953, 36.945, 37.972, 37.771, 38.194, 39.938, 41.256, 41.788, 42.139, 42.193, 42.67, 43.728, 44.386, 43.988, 43.601, 43.714, 43.714, 43.572, 43.67, 43.813, 43.615, 43.285, 43.451, 44.079, 44.261, 43.731, 44.405, 47.751, 50.627, 50.507, 48.233, 46.528, 46.972, 49.806, 53.624, 56.767, 58.637, 58.313, 55.102, 52.921, 53.217, 53.982, 53.885, 53.388, 53.37, 53.521, 53.161, 52.405, 50.965, 48.937, 47.511, 47.004, 46.367, 44.159, 41.288, 40.608, 41.74, 42.309, 41.47, 39.359, 37.094, 35.434, 34.919, 35.076, 34.844, 33.775, 33.048, 33.093, 33.186, 33.053, 32.877, 33.051, 33.113, 32.627, 32.155, 33.251, 35.158, 35.996, 35.725, 36.219, 36.897, 36.55, 30.109], [30.713, 30.086, 29.891, 29.964, 29.314, 28.238, 26.87, 25.21, 23.474, 21.581, 18.539, 14.71, 12.285, 10.442, 6.238, 0.0, 5.092, 8.608, 11.436, 13.098, 14.241, 15.966, 17.861, 19.224, 20.933, 22.842, 24.146, 25.15, 26.179, 26.972, 27.686, 28.991, 30.969, 32.866, 34.06, 34.763, 35.749, 37.874, 41.069, 42.588, 43.405, 44.783, 45.83, 46.631, 47.278, 47.276, 46.832, 46.045, 45.69, 46.355, 46.95, 46.477, 45.934, 46.364, 46.989, 46.834, 46.213, 45.901, 45.194, 43.815, 43.302, 43.092, 40.69, 37.377, 37.27, 38.239, 38.077, 38.485, 40.165, 41.444, 41.958, 42.292, 42.345, 42.82, 43.852, 44.48, 44.087, 43.731, 43.852, 43.835, 43.678, 43.768, 43.902, 43.701, 43.376, 43.541, 44.156, 44.338, 43.81, 44.398, 47.574, 50.354, 50.245, 48.044, 46.4, 46.819, 49.586, 53.351, 56.453, 58.311, 58.014, 54.861, 52.747, 53.065, 53.815, 53.718, 53.24, 53.237, 53.394, 53.033, 52.289, 50.887, 48.92, 47.547, 47.053, 46.424, 44.29, 41.534, 40.92, 42.045, 42.596, 41.771, 39.749, 37.587, 35.944, 35.413, 35.571, 35.363, 34.342, 33.619, 33.639, 33.724, 33.601, 33.443, 33.608, 33.663, 33.193, 32.741, 33.824, 35.622, 36.355, 36.035, 36.491, 37.139, 36.799, 30.873], [31.036, 30.436, 30.279, 30.394, 29.784, 28.77, 27.496, 25.968, 24.401, 22.745, 20.012, 16.586, 14.533, 13.248, 10.111, 5.092, 0.0, 5.245, 9.518, 11.609, 12.854, 14.832, 16.922, 18.405, 20.25, 22.29, 23.682, 24.749, 25.834, 26.67, 27.439, 28.833, 30.87, 32.786, 34.009, 34.77, 35.818, 37.967, 41.168, 42.694, 43.503, 44.852, 45.881, 46.68, 47.328, 47.333, 46.9, 46.111, 45.744, 46.398, 46.993, 46.525, 45.985, 46.413, 47.046, 46.908, 46.303, 46.003, 45.303, 43.917, 43.381, 43.172, 40.811, 37.498, 37.345, 38.296, 38.146, 38.546, 40.192, 41.445, 41.945, 42.27, 42.325, 42.804, 43.818, 44.426, 44.035, 43.698, 43.829, 43.805, 43.642, 43.73, 43.86, 43.656, 43.329, 43.491, 44.103, 44.282, 43.746, 44.305, 47.437, 50.205, 50.115, 47.947, 46.312, 46.691, 49.409, 53.141, 56.219, 58.071, 57.794, 54.681, 52.608, 52.931, 53.663, 53.564, 53.099, 53.104, 53.266, 52.915, 52.19, 50.806, 48.862, 47.513, 47.03, 46.406, 44.295, 41.58, 40.983, 42.108, 42.66, 41.861, 39.904, 37.815, 36.188, 35.638, 35.796, 35.611, 34.621, 33.884, 33.889, 33.973, 33.857, 33.701, 33.856, 33.902, 33.43, 32.987, 34.074, 35.829, 36.527, 36.186, 36.627, 37.251, 36.907, 31.213], [30.692, 30.09, 29.99, 30.155, 29.56, 28.599, 27.356, 25.865, 24.426, 22.905, 20.32, 17.204, 15.419, 14.293, 11.865, 8.608, 5.245, 0.0, 5.479, 8.76, 10.602, 12.75, 15.024, 16.691, 18.74, 20.99, 22.522, 23.654, 24.797, 25.712, 26.547, 28.036, 30.212, 32.208, 33.461, 34.257, 35.368, 37.57, 40.807, 42.351, 43.188, 44.576, 45.622, 46.447, 47.131, 47.14, 46.682, 45.868, 45.498, 46.177, 46.789, 46.316, 45.77, 46.213, 46.869, 46.733, 46.133, 45.858, 45.175, 43.779, 43.232, 43.018, 40.628, 37.25, 37.114, 38.103, 37.927, 38.332, 40.022, 41.305, 41.821, 42.166, 42.238, 42.718, 43.713, 44.297, 43.882, 43.524, 43.645, 43.621, 43.461, 43.555, 43.69, 43.484, 43.147, 43.305, 43.924, 44.101, 43.567, 44.202, 47.446, 50.252, 50.138, 47.916, 46.235, 46.617, 49.367, 53.126, 56.228, 58.091, 57.817, 54.706, 52.628, 52.951, 53.683, 53.578, 53.108, 53.11, 53.268, 52.929, 52.209, 50.798, 48.818, 47.451, 46.972, 46.339, 44.179, 41.393, 40.765, 41.927, 42.509, 41.695, 39.677, 37.51, 35.837, 35.279, 35.444, 35.266, 34.263, 33.523, 33.545, 33.634, 33.512, 33.348, 33.501, 33.54, 33.056, 32.6, 33.686, 35.504, 36.271, 35.923, 36.373, 37.009, 36.656, 30.847], [30.535, 29.931, 29.886, 30.095, 29.526, 28.633, 27.447, 26.028, 24.752, 23.379, 20.958, 18.195, 16.675, 15.695, 13.687, 11.436, 9.518, 5.479, 0.0, 4.576, 7.801, 10.671, 13.187, 14.978, 17.259, 19.767, 21.467, 22.666, 23.851, 24.864, 25.814, 27.424, 29.727, 31.796, 33.073, 33.882, 35.013, 37.232, 40.5, 42.061, 42.919, 44.338, 45.412, 46.278, 47.013, 47.033, 46.566, 45.76, 45.414, 46.111, 46.713, 46.228, 45.686, 46.146, 46.805, 46.662, 46.067, 45.817, 45.155, 43.765, 43.22, 42.998, 40.562, 37.113, 36.997, 38.025, 37.799, 38.168, 39.902, 41.228, 41.767, 42.136, 42.22, 42.699, 43.689, 44.263, 43.829, 43.447, 43.552, 43.523, 43.365, 43.467, 43.611, 43.412, 43.079, 43.239, 43.858, 44.032, 43.514, 44.213, 47.538, 50.37, 50.233, 47.972, 46.269, 46.667, 49.459, 53.25, 56.379, 58.266, 58.0, 54.89, 52.789, 53.106, 53.85, 53.743, 53.262, 53.256, 53.403, 53.053, 52.319, 50.878, 48.868, 47.49, 47.013, 46.374, 44.185, 41.355, 40.714, 41.908, 42.506, 41.657, 39.545, 37.27, 35.553, 35.004, 35.175, 34.996, 33.973, 33.219, 33.239, 33.325, 33.195, 33.026, 33.181, 33.216, 32.738, 32.284, 33.378, 35.241, 36.04, 35.712, 36.203, 36.869, 36.514, 30.646], [30.726, 30.133, 30.115, 30.354, 29.82, 28.973, 27.864, 26.581, 25.453, 24.212, 21.957, 19.412, 17.983, 17.058, 15.196, 13.098, 11.609, 8.76, 4.576, 0.0, 4.605, 9.163, 12.28, 14.128, 16.522, 19.187, 20.994, 22.256, 23.471, 24.524, 25.547, 27.229, 29.555, 31.656, 32.984, 33.814, 34.94, 37.184, 40.501, 42.083, 42.94, 44.349, 45.426, 46.305, 47.057, 47.084, 46.628, 45.843, 45.507, 46.199, 46.779, 46.273, 45.732, 46.2, 46.853, 46.706, 46.115, 45.875, 45.222, 43.837, 43.297, 43.082, 40.645, 37.161, 37.016, 38.04, 37.785, 38.123, 39.86, 41.196, 41.744, 42.118, 42.205, 42.69, 43.685, 44.265, 43.832, 43.448, 43.552, 43.519, 43.353, 43.453, 43.604, 43.412, 43.084, 43.25, 43.866, 44.038, 43.534, 44.241, 47.558, 50.389, 50.251, 47.986, 46.272, 46.668, 49.476, 53.283, 56.415, 58.298, 58.035, 54.939, 52.83, 53.143, 53.892, 53.787, 53.305, 53.295, 53.44, 53.09, 52.357, 50.919, 48.914, 47.542, 47.064, 46.419, 44.246, 41.459, 40.855, 42.06, 42.645, 41.771, 39.631, 37.329, 35.612, 35.079, 35.252, 35.063, 34.022, 33.23, 33.223, 33.304, 33.179, 33.02, 33.184, 33.215, 32.741, 32.299, 33.409, 35.265, 36.048, 35.738, 36.267, 36.949, 36.602, 30.812], [30.688, 30.109, 30.136, 30.431, 29.94, 29.113, 28.033, 26.861, 25.901, 24.813, 22.692, 20.264, 18.848, 17.947, 16.215, 14.241, 12.854, 10.602, 7.801, 4.605, 0.0, 6.05, 10.301, 12.644, 15.163, 17.95, 19.897, 21.292, 22.614, 23.72, 24.785, 26.55, 28.948, 31.124, 32.539, 33.44, 34.624, 36.965, 40.404, 42.032, 42.905, 44.338, 45.432, 46.317, 47.06, 47.079, 46.636, 45.86, 45.52, 46.222, 46.811, 46.287, 45.723, 46.193, 46.855, 46.709, 46.119, 45.88, 45.223, 43.82, 43.269, 43.062, 40.601, 37.028, 36.823, 37.841, 37.584, 37.936, 39.697, 41.05, 41.614, 42.001, 42.093, 42.598, 43.614, 44.205, 43.775, 43.388, 43.49, 43.449, 43.274, 43.372, 43.522, 43.321, 42.985, 43.159, 43.792, 43.969, 43.462, 44.193, 47.567, 50.424, 50.283, 47.99, 46.239, 46.615, 49.425, 53.249, 56.396, 58.27, 57.983, 54.871, 52.752, 53.079, 53.847, 53.751, 53.266, 53.249, 53.39, 53.047, 52.318, 50.874, 48.849, 47.462, 46.973, 46.314, 44.14, 41.381, 40.822, 42.05, 42.629, 41.743, 39.591, 37.268, 35.533, 35.0, 35.181, 34.977, 33.883, 33.028, 33.011, 33.109, 33.001, 32.857, 33.039, 33.071, 32.574, 32.114, 33.253, 35.145, 35.928, 35.613, 36.163, 36.859, 36.504, 30.732], [30.49, 29.926, 30.031, 30.403, 29.947, 29.13, 28.037, 26.921, 26.141, 25.218, 23.233, 20.996, 19.706, 18.906, 17.482, 15.966, 14.832, 12.75, 10.671, 9.163, 6.05, 0.0, 5.539, 9.262, 12.495, 15.568, 17.731, 19.368, 20.952, 22.233, 23.376, 25.301, 27.925, 30.246, 31.737, 32.723, 34.039, 36.547, 40.128, 41.805, 42.726, 44.235, 45.368, 46.276, 47.028, 47.032, 46.583, 45.802, 45.449, 46.168, 46.787, 46.255, 45.65, 46.116, 46.814, 46.679, 46.075, 45.829, 45.161, 43.726, 43.159, 42.95, 40.431, 36.768, 36.564, 37.598, 37.315, 37.702, 39.524, 40.903, 41.482, 41.89, 41.984, 42.5, 43.543, 44.146, 43.707, 43.302, 43.391, 43.342, 43.163, 43.262, 43.408, 43.2, 42.862, 43.045, 43.693, 43.867, 43.335, 44.142, 47.694, 50.613, 50.449, 48.095, 46.301, 46.665, 49.443, 53.245, 56.393, 58.258, 57.945, 54.798, 52.671, 53.041, 53.85, 53.761, 53.264, 53.236, 53.363, 53.0, 52.249, 50.767, 48.692, 47.277, 46.78, 46.106, 43.902, 41.11, 40.544, 41.785, 42.388, 41.515, 39.345, 36.985, 35.23, 34.697, 34.887, 34.677, 33.533, 32.628, 32.609, 32.733, 32.642, 32.491, 32.664, 32.694, 32.175, 31.674, 32.833, 34.807, 35.636, 35.301, 35.841, 36.546, 36.171, 30.491], [30.488, 29.946, 30.109, 30.526, 30.099, 29.322, 28.26, 27.199, 26.55, 25.755, 23.92, 21.924, 20.83, 20.172, 19.027, 17.861, 16.922, 15.024, 13.187, 12.28, 10.301, 5.539, 0.0, 5.089, 9.859, 13.622, 15.932, 17.736, 19.621, 21.132, 22.347, 24.374, 27.185, 29.613, 31.154, 32.208, 33.613, 36.221, 39.87, 41.578, 42.536, 44.098, 45.26, 46.189, 46.967, 46.967, 46.498, 45.706, 45.362, 46.103, 46.742, 46.212, 45.587, 46.047, 46.758, 46.628, 46.019, 45.769, 45.093, 43.643, 43.082, 42.875, 40.328, 36.664, 36.481, 37.518, 37.227, 37.644, 39.5, 40.889, 41.457, 41.873, 41.993, 42.525, 43.582, 44.194, 43.747, 43.327, 43.406, 43.35, 43.169, 43.263, 43.402, 43.192, 42.86, 43.043, 43.692, 43.861, 43.315, 44.152, 47.78, 50.726, 50.546, 48.159, 46.344, 46.723, 49.517, 53.313, 56.451, 58.319, 58.006, 54.824, 52.651, 53.019, 53.841, 53.754, 53.254, 53.224, 53.346, 52.975, 52.211, 50.706, 48.603, 47.179, 46.689, 46.011, 43.776, 40.947, 40.358, 41.593, 42.203, 41.344, 39.166, 36.787, 35.023, 34.482, 34.66, 34.443, 33.302, 32.401, 32.361, 32.462, 32.354, 32.18, 32.332, 32.361, 31.839, 31.335, 32.507, 34.541, 35.418, 35.062, 35.57, 36.263, 35.877, 30.497], [30.402, 29.873, 30.111, 30.606, 30.233, 29.509, 28.493, 27.497, 26.932, 26.199, 24.476, 22.683, 21.721, 21.144, 20.188, 19.224, 18.405, 16.691, 14.978, 14.128, 12.644, 9.262, 5.089, 0.0, 6.092, 11.109, 13.965, 15.928, 18.012, 19.757, 21.128, 23.357, 26.437, 29.025, 30.642, 31.756, 33.206, 35.858, 39.594, 41.342, 42.324, 43.927, 45.117, 46.069, 46.868, 46.878, 46.405, 45.611, 45.291, 46.077, 46.746, 46.213, 45.57, 46.026, 46.743, 46.617, 46.013, 45.771, 45.087, 43.618, 43.062, 42.864, 40.268, 36.519, 36.307, 37.351, 37.058, 37.499, 39.394, 40.803, 41.369, 41.794, 41.942, 42.503, 43.592, 44.226, 43.784, 43.363, 43.44, 43.384, 43.2, 43.29, 43.425, 43.21, 42.874, 43.059, 43.714, 43.881, 43.331, 44.202, 47.905, 50.911, 50.725, 48.288, 46.425, 46.821, 49.683, 53.519, 56.666, 58.535, 58.198, 54.97, 52.756, 53.113, 53.941, 53.857, 53.357, 53.325, 53.448, 53.089, 52.338, 50.824, 48.695, 47.259, 46.774, 46.089, 43.822, 40.954, 40.347, 41.582, 42.189, 41.312, 39.08, 36.612, 34.782, 34.216, 34.381, 34.152, 33.007, 32.143, 32.126, 32.211, 32.073, 31.867, 32.009, 32.037, 31.498, 30.957, 32.144, 34.273, 35.216, 34.853, 35.347, 36.037, 35.649, 30.434], [30.348, 29.826, 30.172, 30.814, 30.537, 29.878, 28.931, 28.011, 27.523, 26.867, 25.3, 23.766, 22.955, 22.448, 21.678, 20.933, 20.25, 18.74, 17.259, 16.522, 15.163, 12.495, 9.859, 6.092, 0.0, 6.259, 10.456, 13.051, 15.346, 17.387, 19.165, 21.888, 25.419, 28.234, 29.945, 31.132, 32.685, 35.473, 39.381, 41.185, 42.185, 43.823, 45.035, 45.998, 46.808, 46.84, 46.409, 45.65, 45.356, 46.188, 46.91, 46.388, 45.726, 46.181, 46.905, 46.782, 46.189, 45.962, 45.276, 43.789, 43.232, 43.043, 40.388, 36.49, 36.214, 37.291, 37.006, 37.459, 39.385, 40.811, 41.378, 41.807, 41.974, 42.573, 43.704, 44.355, 43.918, 43.498, 43.577, 43.523, 43.339, 43.427, 43.559, 43.331, 42.981, 43.173, 43.845, 44.011, 43.475, 44.43, 48.247, 51.327, 51.129, 48.616, 46.678, 47.077, 49.996, 53.88, 57.038, 58.881, 58.5, 55.265, 53.069, 53.438, 54.274, 54.194, 53.694, 53.659, 53.783, 53.435, 52.69, 51.157, 49.003, 47.552, 47.063, 46.368, 44.076, 41.16, 40.509, 41.755, 42.383, 41.486, 39.18, 36.594, 34.677, 34.07, 34.222, 34.004, 32.885, 32.093, 32.14, 32.237, 32.079, 31.841, 31.962, 31.97, 31.382, 30.759, 31.941, 34.176, 35.2, 34.846, 35.337, 36.043, 35.666, 30.388], [30.604, 30.094, 30.493, 31.237, 31.053, 30.47, 29.614, 28.767, 28.336, 27.771, 26.373, 25.078, 24.444, 24.044, 23.416, 22.842, 22.29, 20.99, 19.767, 19.187, 17.95, 15.568, 13.622, 11.109, 6.259, 0.0, 5.613, 9.633, 12.583, 14.889, 17.041, 20.269, 24.18, 27.156, 28.949, 30.245, 31.982, 34.998, 39.086, 40.946, 41.969, 43.636, 44.873, 45.856, 46.685, 46.748, 46.376, 45.674, 45.408, 46.259, 47.013, 46.522, 45.865, 46.321, 47.044, 46.915, 46.319, 46.101, 45.433, 43.962, 43.415, 43.24, 40.594, 36.675, 36.358, 37.444, 37.17, 37.631, 39.543, 40.945, 41.496, 41.922, 42.096, 42.709, 43.838, 44.474, 44.025, 43.598, 43.671, 43.614, 43.429, 43.52, 43.657, 43.424, 43.063, 43.257, 43.93, 44.09, 43.579, 44.6, 48.456, 51.535, 51.323, 48.789, 46.834, 47.224, 50.12, 53.984, 57.119, 58.935, 58.537, 55.331, 53.193, 53.592, 54.436, 54.358, 53.857, 53.821, 53.947, 53.597, 52.839, 51.295, 49.139, 47.691, 47.203, 46.513, 44.231, 41.317, 40.644, 41.887, 42.529, 41.642, 39.344, 36.764, 34.852, 34.246, 34.392, 34.178, 33.089, 32.322, 32.386, 32.491, 32.334, 32.081, 32.184, 32.175, 31.564, 30.914, 32.073, 34.321, 35.361, 35.002, 35.487, 36.198, 35.838, 30.637], [30.702, 30.208, 30.601, 31.364, 31.246, 30.742, 29.977, 29.198, 28.804, 28.305, 27.038, 25.92, 25.443, 25.147, 24.615, 24.146, 23.682, 22.522, 21.467, 20.994, 19.897, 17.731, 15.932, 13.965, 10.456, 5.613, 0.0, 5.405, 9.763, 12.666, 14.953, 18.398, 22.545, 25.637, 27.526, 28.968, 30.923, 34.206, 38.489, 40.422, 41.486, 43.212, 44.5, 45.525, 46.397, 46.494, 46.152, 45.483, 45.247, 46.104, 46.869, 46.421, 45.813, 46.291, 47.01, 46.866, 46.263, 46.06, 45.415, 43.955, 43.414, 43.254, 40.646, 36.767, 36.424, 37.497, 37.222, 37.666, 39.536, 40.907, 41.446, 41.865, 42.037, 42.644, 43.767, 44.403, 43.959, 43.529, 43.596, 43.535, 43.348, 43.445, 43.596, 43.368, 43.0, 43.194, 43.874, 44.047, 43.57, 44.618, 48.45, 51.5, 51.286, 48.776, 46.851, 47.244, 50.112, 53.94, 57.045, 58.85, 58.454, 55.261, 53.148, 53.557, 54.401, 54.322, 53.819, 53.779, 53.899, 53.546, 52.784, 51.24, 49.088, 47.642, 47.157, 46.466, 44.184, 41.295, 40.636, 41.864, 42.496, 41.612, 39.33, 36.77, 34.883, 34.297, 34.44, 34.206, 33.13, 32.384, 32.445, 32.552, 32.419, 32.186, 32.294, 32.295, 31.701, 31.082, 32.229, 34.436, 35.448, 35.087, 35.573, 36.278, 35.939, 30.733], [30.612, 30.146, 30.576, 31.361, 31.268, 30.812, 30.116, 29.393, 29.027, 28.575, 27.427, 26.477, 26.126, 25.916, 25.503, 25.15, 24.749, 23.654, 22.666, 22.256, 21.292, 19.368, 17.736, 15.928, 13.051, 9.633, 5.405, 0.0, 5.749, 10.168, 13.197, 16.895, 21.25, 24.477, 26.452, 27.991, 30.135, 33.7, 38.164, 40.144, 41.222, 42.985, 44.306, 45.361, 46.266, 46.389, 46.06, 45.402, 45.186, 46.046, 46.806, 46.382, 45.829, 46.344, 47.065, 46.913, 46.31, 46.122, 45.491, 44.021, 43.476, 43.33, 40.718, 36.772, 36.37, 37.445, 37.172, 37.628, 39.51, 40.888, 41.426, 41.828, 41.977, 42.571, 43.712, 44.382, 43.962, 43.534, 43.597, 43.54, 43.354, 43.456, 43.615, 43.392, 43.025, 43.224, 43.915, 44.106, 43.656, 44.729, 48.556, 51.601, 51.379, 48.862, 46.935, 47.332, 50.215, 54.055, 57.163, 58.975, 58.598, 55.412, 53.282, 53.672, 54.507, 54.419, 53.908, 53.864, 53.977, 53.616, 52.841, 51.28, 49.121, 47.663, 47.163, 46.454, 44.148, 41.246, 40.586, 41.814, 42.443, 41.544, 39.236, 36.649, 34.746, 34.144, 34.276, 34.049, 33.014, 32.318, 32.395, 32.508, 32.402, 32.203, 32.334, 32.359, 31.785, 31.181, 32.311, 34.508, 35.527, 35.198, 35.696, 36.407, 36.086, 30.653], [30.507, 30.071, 30.605, 31.479, 31.393, 30.951, 30.318, 29.648, 29.312, 28.9, 27.855, 27.076, 26.846, 26.713, 26.418, 26.179, 25.834, 24.797, 23.851, 23.471, 22.614, 20.952, 19.621, 18.012, 15.346, 12.583, 9.763, 5.749, 0.0, 6.23, 11.22, 15.893, 20.607, 24.034, 26.106, 27.665, 29.935, 33.729, 38.346, 40.333, 41.37, 43.102, 44.409, 45.459, 46.366, 46.501, 46.19, 45.547, 45.341, 46.196, 46.936, 46.499, 45.959, 46.49, 47.215, 47.062, 46.459, 46.279, 45.662, 44.193, 43.642, 43.51, 40.873, 36.79, 36.298, 37.371, 37.12, 37.624, 39.564, 40.968, 41.508, 41.9, 42.036, 42.624, 43.769, 44.449, 44.037, 43.609, 43.671, 43.619, 43.438, 43.543, 43.707, 43.49, 43.128, 43.329, 44.023, 44.22, 43.784, 44.867, 48.677, 51.716, 51.495, 48.954, 46.99, 47.37, 50.268, 54.131, 57.251, 59.068, 58.71, 55.543, 53.406, 53.782, 54.608, 54.513, 53.995, 53.949, 54.062, 53.686, 52.886, 51.312, 49.146, 47.675, 47.157, 46.435, 44.113, 41.187, 40.523, 41.759, 42.397, 41.488, 39.152, 36.537, 34.618, 33.995, 34.113, 33.906, 32.905, 32.246, 32.36, 32.496, 32.414, 32.246, 32.406, 32.453, 31.882, 31.261, 32.368, 34.58, 35.63, 35.354, 35.896, 36.627, 36.315, 30.561], [30.467, 30.044, 30.646, 31.601, 31.543, 31.103, 30.511, 29.926, 29.692, 29.365, 28.385, 27.661, 27.462, 27.362, 27.138, 26.972, 26.67, 25.712, 24.864, 24.524, 23.72, 22.233, 21.132, 19.757, 17.387, 14.889, 12.666, 10.168, 6.23, 0.0, 7.015, 13.597, 19.094, 22.8, 25.034, 26.692, 29.143, 33.207, 38.048, 40.096, 41.135, 42.862, 44.167, 45.231, 46.145, 46.298, 46.024, 45.407, 45.221, 46.095, 46.845, 46.412, 45.888, 46.439, 47.176, 47.026, 46.428, 46.265, 45.669, 44.209, 43.654, 43.527, 40.876, 36.739, 36.214, 37.268, 37.036, 37.578, 39.539, 40.933, 41.46, 41.855, 42.006, 42.597, 43.718, 44.364, 43.934, 43.5, 43.556, 43.5, 43.313, 43.412, 43.576, 43.362, 43.003, 43.201, 43.888, 44.084, 43.657, 44.741, 48.528, 51.559, 51.363, 48.844, 46.874, 47.229, 50.095, 53.933, 57.042, 58.864, 58.523, 55.364, 53.227, 53.605, 54.429, 54.333, 53.814, 53.769, 53.879, 53.488, 52.676, 51.113, 48.957, 47.483, 46.954, 46.228, 43.913, 41.007, 40.358, 41.584, 42.219, 41.32, 38.986, 36.357, 34.453, 33.869, 33.99, 33.749, 32.702, 32.032, 32.186, 32.362, 32.294, 32.124, 32.292, 32.362, 31.81, 31.172, 32.237, 34.413, 35.447, 35.212, 35.806, 36.562, 36.258, 30.498], [30.583, 30.171, 30.784, 31.759, 31.728, 31.291, 30.684, 30.142, 30.035, 29.861, 28.98, 28.251, 28.002, 27.901, 27.753, 27.686, 27.439, 26.547, 25.814, 25.547, 24.785, 23.376, 22.347, 21.128, 19.165, 17.041, 14.953, 13.197, 11.22, 7.015, 0.0, 8.32, 15.169, 19.471, 22.024, 23.93, 26.773, 31.497, 36.804, 39.023, 40.167, 42.01, 43.39, 44.503, 45.453, 45.655, 45.447, 44.868, 44.707, 45.625, 46.428, 46.04, 45.56, 46.16, 46.921, 46.786, 46.211, 46.071, 45.496, 44.055, 43.504, 43.36, 40.703, 36.622, 36.191, 37.266, 37.044, 37.615, 39.582, 40.967, 41.48, 41.877, 42.041, 42.632, 43.736, 44.364, 43.926, 43.472, 43.507, 43.439, 43.255, 43.355, 43.512, 43.292, 42.935, 43.135, 43.824, 44.026, 43.618, 44.731, 48.526, 51.533, 51.343, 48.859, 46.912, 47.264, 50.103, 53.91, 57.002, 58.827, 58.496, 55.314, 53.147, 53.517, 54.347, 54.254, 53.732, 53.678, 53.776, 53.385, 52.588, 51.043, 48.894, 47.415, 46.87, 46.119, 43.802, 40.93, 40.31, 41.519, 42.131, 41.237, 38.914, 36.269, 34.364, 33.831, 33.965, 33.67, 32.571, 31.919, 32.131, 32.359, 32.315, 32.136, 32.285, 32.359, 31.821, 31.157, 32.144, 34.246, 35.24, 35.006, 35.6, 36.368, 36.084, 30.584], [31.131, 30.769, 31.344, 32.255, 32.22, 31.803, 31.212, 30.713, 30.709, 30.684, 29.976, 29.334, 29.083, 28.989, 28.926, 28.991, 28.833, 28.036, 27.424, 27.229, 26.55, 25.301, 24.374, 23.357, 21.888, 20.269, 18.398, 16.895, 15.893, 13.597, 8.32, 0.0, 8.203, 13.781, 17.165, 19.337, 22.653, 28.605, 34.661, 37.106, 38.338, 40.322, 41.848, 43.054, 44.052, 44.311, 44.162, 43.615, 43.475, 44.421, 45.273, 44.962, 44.593, 45.288, 46.07, 45.948, 45.446, 45.413, 44.955, 43.633, 43.125, 42.974, 40.394, 36.517, 36.225, 37.293, 37.103, 37.734, 39.692, 41.049, 41.539, 41.905, 42.071, 42.701, 43.823, 44.435, 43.98, 43.523, 43.553, 43.481, 43.301, 43.404, 43.549, 43.322, 42.981, 43.197, 43.893, 44.109, 43.731, 44.844, 48.574, 51.498, 51.308, 48.887, 46.992, 47.325, 50.098, 53.848, 56.905, 58.721, 58.405, 55.277, 53.137, 53.488, 54.32, 54.236, 53.709, 53.639, 53.725, 53.344, 52.584, 51.093, 48.977, 47.507, 46.938, 46.154, 43.847, 41.045, 40.471, 41.634, 42.202, 41.34, 39.102, 36.537, 34.69, 34.205, 34.354, 34.022, 32.869, 32.204, 32.458, 32.745, 32.754, 32.604, 32.75, 32.838, 32.347, 31.698, 32.584, 34.512, 35.37, 35.093, 35.644, 36.403, 36.14, 31.113], [32.592, 32.317, 32.782, 33.533, 33.474, 33.101, 32.614, 32.234, 32.29, 32.326, 31.78, 31.263, 31.054, 30.95, 30.881, 30.969, 30.87, 30.212, 29.727, 29.555, 28.948, 27.925, 27.185, 26.437, 25.419, 24.18, 22.545, 21.25, 20.607, 19.094, 15.169, 8.203, 0.0, 6.994, 11.918, 14.574, 18.186, 25.423, 32.103, 34.688, 35.936, 37.999, 39.67, 40.977, 42.01, 42.337, 42.295, 41.855, 41.772, 42.699, 43.547, 43.346, 43.192, 44.04, 44.832, 44.725, 44.348, 44.504, 44.269, 43.191, 42.781, 42.647, 40.284, 36.861, 36.719, 37.677, 37.507, 38.145, 39.97, 41.222, 41.669, 41.968, 42.098, 42.726, 43.824, 44.412, 43.963, 43.535, 43.575, 43.505, 43.329, 43.423, 43.559, 43.341, 43.015, 43.222, 43.893, 44.111, 43.777, 44.814, 48.291, 51.022, 50.84, 48.563, 46.792, 47.053, 49.619, 53.188, 56.121, 57.873, 57.578, 54.641, 52.658, 52.999, 53.818, 53.751, 53.234, 53.145, 53.214, 52.851, 52.171, 50.815, 48.799, 47.368, 46.794, 46.019, 43.805, 41.193, 40.732, 41.806, 42.295, 41.513, 39.525, 37.273, 35.661, 35.268, 35.43, 35.092, 33.913, 33.18, 33.416, 33.74, 33.808, 33.712, 33.882, 34.025, 33.651, 33.114, 33.864, 35.404, 36.001, 35.712, 36.226, 36.933, 36.7, 32.55], [34.184, 33.988, 34.376, 34.996, 34.913, 34.592, 34.206, 33.921, 34.002, 34.067, 33.624, 33.185, 33.003, 32.888, 32.793, 32.866, 32.786, 32.208, 31.796, 31.656, 31.124, 30.246, 29.613, 29.025, 28.234, 27.156, 25.637, 24.477, 24.034, 22.8, 19.471, 13.781, 6.994, 0.0, 6.252, 10.373, 14.757, 22.974, 30.038, 32.672, 33.97, 36.154, 37.948, 39.328, 40.407, 40.817, 40.896, 40.613, 40.638, 41.543, 42.378, 42.326, 42.442, 43.463, 44.265, 44.171, 43.924, 44.287, 44.276, 43.412, 43.085, 42.966, 40.809, 37.781, 37.686, 38.508, 38.345, 38.946, 40.603, 41.736, 42.141, 42.396, 42.495, 43.064, 44.083, 44.646, 44.23, 43.837, 43.876, 43.811, 43.655, 43.75, 43.878, 43.672, 43.358, 43.541, 44.172, 44.38, 44.075, 45.043, 48.285, 50.863, 50.71, 48.576, 46.922, 47.119, 49.481, 52.856, 55.645, 57.327, 57.064, 54.302, 52.454, 52.782, 53.575, 53.516, 53.013, 52.904, 52.939, 52.569, 51.926, 50.658, 48.716, 47.307, 46.743, 46.015, 43.915, 41.484, 41.127, 42.139, 42.552, 41.829, 40.084, 38.154, 36.755, 36.43, 36.608, 36.304, 35.157, 34.399, 34.615, 34.948, 35.047, 34.992, 35.182, 35.363, 35.086, 34.641, 35.251, 36.465, 36.901, 36.659, 37.138, 37.785, 37.589, 34.131], [35.017, 34.867, 35.256, 35.834, 35.732, 35.433, 35.081, 34.828, 34.947, 35.065, 34.68, 34.27, 34.106, 34.018, 33.952, 34.06, 34.009, 33.461, 33.073, 32.984, 32.539, 31.737, 31.154, 30.642, 29.945, 28.949, 27.526, 26.452, 26.106, 25.034, 22.024, 17.165, 11.918, 6.252, 0.0, 5.999, 12.195, 21.42, 28.779, 31.416, 32.761, 35.08, 36.979, 38.432, 39.588, 40.075, 40.233, 40.073, 40.201, 41.114, 41.958, 42.026, 42.335, 43.477, 44.287, 44.187, 44.012, 44.516, 44.644, 43.875, 43.576, 43.466, 41.394, 38.497, 38.361, 39.092, 38.941, 39.547, 41.14, 42.221, 42.607, 42.847, 42.942, 43.477, 44.449, 45.001, 44.603, 44.224, 44.261, 44.198, 44.055, 44.151, 44.267, 44.063, 43.762, 43.943, 44.56, 44.766, 44.479, 45.428, 48.593, 51.146, 51.032, 48.953, 47.332, 47.499, 49.777, 53.067, 55.792, 57.454, 57.226, 54.536, 52.704, 52.996, 53.764, 53.705, 53.214, 53.101, 53.117, 52.728, 52.078, 50.827, 48.912, 47.508, 46.944, 46.247, 44.