[[0.0, 5.423, 8.981, 10.801, 12.292, 16.39, 21.821, 24.938, 25.751, 26.134, 27.305, 28.935, 30.638, 32.998, 35.378, 36.38, 35.624, 34.305, 33.945, 34.233, 34.739, 35.288, 35.546, 35.765, 35.85, 35.637, 35.665, 35.681, 35.479, 35.17, 34.778, 34.364, 34.204, 34.238, 34.4, 34.496, 34.274, 34.253, 34.627, 34.359, 33.89, 34.173, 34.942, 36.033, 37.289, 37.993, 38.418, 39.054, 39.519, 39.43, 38.842, 38.174, 37.908, 38.012, 37.952, 37.948, 38.665, 38.556, 36.933, 35.646, 35.625, 35.805, 35.335, 34.812, 34.615, 34.32, 33.998, 33.836, 33.9, 34.164, 34.513, 34.978, 35.27, 35.09, 35.021, 34.949, 34.597, 35.103, 36.324, 36.75, 36.67, 36.909, 36.94, 36.539, 36.187, 35.888, 35.507, 35.307, 35.478, 35.986, 36.306, 35.889, 34.852, 34.267, 34.206, 34.219, 34.228, 34.249, 33.96, 33.245, 32.909, 32.654, 32.29, 32.398, 32.841, 33.428, 34.281, 34.772, 34.93, 34.798, 34.516, 34.421, 34.491, 34.408, 34.085, 33.66, 33.586, 34.107, 34.449, 34.277, 34.582, 35.076, 35.391, 35.394, 34.988, 34.421, 34.318, 34.762, 35.329, 35.428, 35.193, 35.386, 36.081, 37.229, 37.717, 37.338, 37.301, 37.539, 37.442, 37.315, 37.29, 37.037, 36.911, 37.468, 37.397, 5.205], [5.423, 0.0, 4.635, 7.552, 9.528, 13.886, 19.7, 23.08, 23.975, 24.376, 25.672, 27.531, 29.474, 32.067, 34.628, 35.68, 34.862, 33.456, 33.064, 33.351, 33.888, 34.478, 34.78, 35.062, 35.166, 34.956, 35.055, 35.143, 34.972, 34.66, 34.24, 33.807, 33.647, 33.693, 33.878, 33.986, 33.741, 33.71, 34.116, 33.835, 33.324, 33.637, 34.487, 35.667, 37.001, 37.749, 38.209, 38.887, 39.373, 39.268, 38.647, 37.937, 37.649, 37.759, 37.693, 37.667, 38.389, 38.262, 36.553, 35.196, 35.19, 35.403, 34.92, 34.376, 34.169, 33.845, 33.446, 33.22, 33.31, 33.608, 33.963, 34.45, 34.765, 34.558, 34.455, 34.373, 33.976, 34.476, 35.75, 36.19, 36.111, 36.367, 36.404, 35.974, 35.595, 35.287, 34.893, 34.68, 34.847, 35.375, 35.712, 35.291, 34.23, 33.615, 33.547, 33.575, 33.602, 33.623, 33.318, 32.6, 32.268, 31.987, 31.612, 31.801, 32.328, 32.922, 33.774, 34.273, 34.453, 34.345, 34.072, 33.964, 34.011, 33.917, 33.592, 33.169, 33.113, 33.668, 33.995, 33.751, 34.047, 34.583, 34.925, 34.923, 34.473, 33.848, 33.739, 34.234, 34.848, 34.957, 34.697, 34.903, 35.636, 36.83, 37.321, 36.929, 36.901, 37.152, 37.052, 36.927, 36.929, 36.69, 36.558, 37.139, 37.076, 9.492], [8.981, 4.635, 0.0, 3.956, 7.216, 12.288, 18.337, 21.848, 22.815, 23.251, 24.61, 26.607, 28.702, 31.423, 34.102, 35.231, 34.471, 33.138, 32.798, 33.093, 33.654, 34.286, 34.626, 34.96, 35.104, 34.907, 35.043, 35.21, 35.11, 34.826, 34.406, 33.985, 33.837, 33.875, 34.055, 34.163, 33.915, 33.89, 34.304, 34.033, 33.525, 33.83, 34.671, 35.844, 37.175, 37.914, 38.362, 39.03, 39.509, 39.4, 38.783, 38.079, 37.789, 37.894, 37.83, 37.803, 38.516, 38.389, 36.687, 35.339, 35.345, 35.57, 35.1, 34.562, 34.346, 34.022, 33.62, 33.381, 33.464, 33.744, 34.091, 34.577, 34.898, 34.687, 34.563, 34.48, 34.08, 34.552, 35.799, 36.226, 36.15, 36.409, 36.445, 36.011, 35.629, 35.32, 34.933, 34.719, 34.875, 35.392, 35.72, 35.309, 34.281, 33.691, 33.617, 33.64, 33.669, 33.679, 33.368, 32.672, 32.359, 32.074, 31.695, 31.898, 32.45, 33.047, 33.879, 34.364, 34.538, 34.437, 34.169, 34.05, 34.079, 33.977, 33.666, 33.273, 33.249, 33.808, 34.117, 33.877, 34.203, 34.758, 35.109, 35.114, 34.662, 34.022, 33.889, 34.362, 34.97, 35.086, 34.819, 35.016, 35.747, 36.935, 37.421, 37.038, 37.001, 37.234, 37.136, 37.024, 37.035, 36.793, 36.652, 37.229, 37.175, 12.099], [10.801, 7.552, 3.956, 0.0, 4.608, 11.076, 17.689, 21.347, 22.374, 22.872, 24.269, 26.344, 28.534, 31.281, 33.981, 35.15, 34.434, 33.148, 32.832, 33.129, 33.699, 34.352, 34.699, 35.042, 35.207, 35.021, 35.154, 35.325, 35.245, 34.973, 34.549, 34.122, 33.973, 34.004, 34.178, 34.287, 34.05, 34.052, 34.482, 34.214, 33.712, 34.034, 34.877, 36.029, 37.341, 38.067, 38.504, 39.159, 39.639, 39.539, 38.94, 38.249, 37.958, 38.058, 37.991, 37.974, 38.688, 38.548, 36.839, 35.494, 35.507, 35.744, 35.273, 34.716, 34.49, 34.18, 33.795, 33.573, 33.674, 33.947, 34.284, 34.769, 35.093, 34.878, 34.748, 34.666, 34.261, 34.731, 35.981, 36.407, 36.322, 36.576, 36.612, 36.184, 35.803, 35.49, 35.11, 34.904, 35.057, 35.569, 35.893, 35.476, 34.433, 33.824, 33.734, 33.75, 33.775, 33.781, 33.457, 32.755, 32.44, 32.155, 31.778, 31.966, 32.501, 33.122, 33.983, 34.465, 34.633, 34.539, 34.276, 34.156, 34.184, 34.082, 33.773, 33.391, 33.391, 33.972, 34.288, 34.052, 34.393, 34.96, 35.321, 35.336, 34.892, 34.25, 34.093, 34.542, 35.148, 35.267, 34.993, 35.177, 35.896, 37.068, 37.547, 37.162, 37.115, 37.328, 37.224, 37.122, 37.145, 36.909, 36.769, 37.343, 37.292, 13.499], [12.292, 9.528, 7.216, 4.608, 0.0, 7.574, 15.351, 19.611, 20.792, 21.349, 22.908, 25.226, 27.701, 30.663, 33.452, 34.648, 33.944, 32.663, 32.364, 32.672, 33.26, 33.948, 34.312, 34.663, 34.839, 34.66, 34.812, 34.992, 34.905, 34.614, 34.169, 33.745, 33.591, 33.602, 33.767, 33.887, 33.67, 33.692, 34.128, 33.84, 33.334, 33.688, 34.574, 35.76, 37.095, 37.837, 38.289, 38.96, 39.457, 39.369, 38.761, 38.051, 37.751, 37.849, 37.782, 37.779, 38.502, 38.327, 36.554, 35.168, 35.185, 35.433, 34.942, 34.371, 34.156, 33.844, 33.427, 33.214, 33.377, 33.69, 34.031, 34.514, 34.819, 34.564, 34.421, 34.325, 33.888, 34.382, 35.669, 36.092, 35.999, 36.256, 36.305, 35.892, 35.524, 35.211, 34.824, 34.62, 34.782, 35.306, 35.644, 35.218, 34.14, 33.523, 33.472, 33.518, 33.558, 33.588, 33.284, 32.57, 32.232, 31.952, 31.61, 31.812, 32.365, 33.059, 34.003, 34.504, 34.671, 34.554, 34.259, 34.126, 34.17, 34.078, 33.74, 33.316, 33.308, 33.951, 34.293, 33.96, 34.213, 34.78, 35.146, 35.152, 34.688, 34.024, 33.867, 34.337, 34.951, 35.051, 34.773, 34.97, 35.672, 36.833, 37.319, 36.933, 36.89, 37.103, 36.989, 36.889, 36.937, 36.718, 36.574, 37.151, 37.091, 14.845], [16.39, 13.886, 12.288, 11.076, 7.574, 0.0, 9.041, 14.545, 16.209, 16.803, 18.685, 21.664, 24.935, 28.575, 31.643, 32.883, 32.267, 31.192, 31.114, 31.504, 32.156, 32.972, 33.44, 33.858, 34.077, 33.934, 34.168, 34.459, 34.441, 34.147, 33.702, 33.366, 33.262, 33.233, 33.37, 33.516, 33.336, 33.351, 33.745, 33.455, 32.966, 33.293, 34.16, 35.388, 36.764, 37.528, 37.993, 38.666, 39.163, 39.069, 38.423, 37.673, 37.361, 37.454, 37.384, 37.384, 38.106, 37.909, 36.104, 34.734, 34.785, 35.032, 34.547, 34.053, 33.886, 33.524, 33.025, 32.827, 33.047, 33.394, 33.735, 34.188, 34.428, 34.091, 33.902, 33.775, 33.302, 33.786, 35.014, 35.39, 35.311, 35.588, 35.668, 35.308, 34.997, 34.707, 34.32, 34.11, 34.268, 34.794, 35.159, 34.777, 33.784, 33.3, 33.374, 33.482, 33.554, 33.631, 33.382, 32.706, 32.365, 32.113, 31.836, 32.08, 32.674, 33.412, 34.382, 34.897, 35.064, 34.885, 34.533, 34.389, 34.453, 34.37, 34.001, 33.53, 33.524, 34.234, 34.593, 34.125, 34.222, 34.757, 35.1, 35.061, 34.534, 33.824, 33.678, 34.176, 34.77, 34.826, 34.559, 34.784, 35.397, 36.441, 36.909, 36.547, 36.529, 36.75, 36.628, 36.535, 36.63, 36.429, 36.249, 36.8, 36.717, 18.507], [21.821, 19.7, 18.337, 17.689, 15.351, 9.041, 0.0, 6.72, 9.497, 10.413, 12.663, 16.636, 21.2, 25.839, 29.251, 30.491, 30.056, 29.526, 29.967, 30.517, 31.236, 32.245, 32.889, 33.412, 33.707, 33.63, 33.979, 34.467, 34.617, 34.387, 33.986, 33.808, 33.828, 33.778, 33.882, 34.047, 33.91, 33.89, 34.204, 33.971, 33.557, 33.778, 34.493, 35.666, 37.035, 37.779, 38.207, 38.822, 39.263, 39.129, 38.458, 37.722, 37.425, 37.512, 37.427, 37.389, 38.05, 37.864, 36.198, 35.017, 35.129, 35.358, 34.955, 34.615, 34.514, 34.099, 33.523, 33.342, 33.569, 33.9, 34.207, 34.596, 34.767, 34.372, 34.117, 33.978, 33.526, 33.867, 34.824, 35.12, 35.101, 35.389, 35.476, 35.187, 34.963, 34.722, 34.366, 34.158, 34.285, 34.779, 35.15, 34.87, 34.099, 33.845, 34.027, 34.168, 34.269, 34.373, 34.176, 33.61, 33.34, 33.146, 32.939, 33.221, 33.818, 34.508, 35.382, 35.891, 36.066, 35.846, 35.47, 35.347, 35.426, 35.339, 34.971, 34.529, 34.562, 35.255, 35.573, 35.051, 35.038, 35.487, 35.767, 35.667, 35.08, 34.34, 34.194, 34.657, 35.152, 35.174, 34.969, 35.199, 35.62, 36.425, 36.854, 36.567, 36.604, 36.851, 36.756, 36.684, 36.832, 36.674, 36.463, 36.944, 36.837, 23.433], [24.938, 23.08, 21.848, 21.347, 19.611, 14.545, 6.72, 0.0, 4.04, 6.351, 9.329, 13.722, 19.017, 24.271, 27.888, 29.118, 28.832, 28.772, 29.634, 30.309, 31.057, 32.175, 32.92, 33.496, 33.843, 33.824, 34.238, 34.848, 35.129, 34.969, 34.61, 34.524, 34.633, 34.594, 34.684, 34.843, 34.719, 34.682, 34.953, 34.769, 34.416, 34.551, 35.129, 36.214, 37.538, 38.249, 38.638, 39.197, 39.581, 39.408, 38.732, 38.035, 37.771, 37.858, 37.754, 37.675, 38.275, 38.11, 36.6, 35.595, 35.742, 35.948, 35.623, 35.397, 35.348, 34.915, 34.312, 34.139, 34.34, 34.637, 34.903, 35.239, 35.383, 34.983, 34.685, 34.556, 34.161, 34.357, 35.069, 35.326, 35.357, 35.626, 35.688, 35.44, 35.266, 35.054, 34.731, 34.536, 34.644, 35.103, 35.461, 35.256, 34.652, 34.529, 34.736, 34.879, 34.993, 35.094, 34.916, 34.431, 34.238, 34.088, 33.916, 34.23, 34.804, 35.444, 36.226, 36.717, 36.907, 36.691, 36.32, 36.215, 36.292, 36.2, 35.853, 35.461, 35.528, 36.166, 36.418, 35.898, 35.863, 36.26, 36.498, 36.374, 35.791, 35.065, 34.907, 35.315, 35.714, 35.714, 35.571, 35.791, 36.079, 36.708, 37.103, 36.885, 36.968, 37.237, 37.17, 37.125, 37.308, 37.186, 36.963, 37.388, 37.279, 26.309], [25.751, 23.975, 22.815, 22.374, 20.792, 16.209, 9.497, 4.04, 0.0, 3.896, 8.257, 12.96, 18.362, 23.781, 27.492, 28.763, 28.571, 28.683, 29.671, 30.396, 31.167, 32.31, 33.065, 33.634, 33.993, 34.008, 34.443, 35.078, 35.399, 35.267, 34.934, 34.877, 35.008, 34.982, 35.08, 35.237, 35.114, 35.075, 35.33, 35.153, 34.813, 34.917, 35.448, 36.484, 37.769, 38.462, 38.834, 39.364, 39.723, 39.54, 38.865, 38.186, 37.938, 38.024, 37.925, 37.848, 38.426, 38.267, 36.813, 35.856, 35.998, 36.192, 35.895, 35.714, 35.693, 35.275, 34.688, 34.515, 34.678, 34.948, 35.196, 35.508, 35.641, 35.246, 34.942, 34.817, 34.452, 34.614, 35.242, 35.483, 35.521, 35.773, 35.831, 35.612, 35.464, 35.262, 34.949, 34.763, 34.87, 35.319, 35.668, 35.484, 34.939, 34.863, 35.076, 35.224, 35.344, 35.445, 35.26, 34.785, 34.622, 34.486, 34.314, 34.646, 35.183, 35.765, 36.505, 36.992, 37.187, 36.978, 36.618, 36.529, 36.604, 36.508, 36.172, 35.806, 35.89, 36.513, 36.749, 36.249, 36.221, 36.601, 36.832, 36.71, 36.145, 35.439, 35.28, 35.659, 36.015, 35.996, 35.866, 36.083, 36.335, 36.903, 37.27, 37.068, 37.157, 37.418, 37.353, 37.322, 37.527, 37.427, 37.203, 37.61, 37.516, 27.065], [26.134, 24.376, 23.251, 22.872, 21.349, 16.803, 10.413, 6.351, 3.896, 0.0, 5.624, 11.683, 17.809, 23.484, 27.306, 28.632, 28.476, 28.632, 29.655, 30.405, 31.192, 32.343, 33.094, 33.648, 33.999, 34.016, 34.447, 35.088, 35.421, 35.299, 34.981, 34.936, 35.075, 35.06, 35.169, 35.343, 35.243, 35.205, 35.439, 35.265, 34.942, 35.05, 35.583, 36.603, 37.86, 38.541, 38.905, 39.426, 39.777, 39.594, 38.928, 38.266, 38.029, 38.116, 38.018, 37.941, 38.513, 38.361, 36.921, 35.966, 36.104, 36.295, 35.993, 35.809, 35.792, 35.391, 34.822, 34.637, 34.784, 35.047, 35.295, 35.602, 35.725, 35.324, 35.023, 34.905, 34.545, 34.694, 35.295, 35.527, 35.579, 35.842, 35.904, 35.696, 35.568, 35.378, 35.061, 34.87, 34.975, 35.42, 35.767, 35.579, 35.036, 34.974, 35.203, 35.357, 35.473, 35.575, 35.4, 34.939, 34.78, 34.641, 34.479, 34.82, 35.332, 35.879, 36.62, 37.119, 37.308, 37.081, 36.716, 36.641, 36.72, 36.61, 36.273, 35.909, 35.99, 36.613, 36.858, 36.361, 36.317, 36.68, 36.908, 36.786, 36.217, 35.511, 35.344, 35.7, 36.05, 36.039, 35.909, 36.124, 36.371, 36.934, 37.309, 37.109, 37.189, 37.446, 37.378, 37.343, 37.555, 37.47, 37.261, 37.68, 37.591, 27.419], [27.305, 25.672, 24.61, 24.269, 22.908, 18.685, 12.663, 9.329, 8.257, 5.624, 0.0, 7.596, 15.553, 22.184, 26.317, 27.76, 27.824, 28.357, 29.668, 30.527, 31.324, 32.493, 33.284, 33.838, 34.176, 34.183, 34.596, 35.248, 35.614, 35.518, 35.217, 35.213, 35.407, 35.416, 35.516, 35.698, 35.646, 35.613, 35.811, 35.662, 35.391, 35.496, 35.988, 36.955, 38.159, 38.816, 39.165, 39.667, 40.005, 39.816, 39.159, 38.521, 38.299, 38.393, 38.281, 38.161, 38.693, 38.55, 37.161, 36.25, 36.398, 36.575, 36.28, 36.123, 36.106, 35.687, 35.134, 34.964, 35.089, 35.326, 35.569, 35.862, 35.979, 35.59, 35.287, 35.176, 34.867, 34.996, 35.516, 35.729, 35.813, 36.088, 36.139, 35.942, 35.844, 35.687, 35.387, 35.185, 35.263, 35.689, 36.031, 35.861, 35.335, 35.262, 35.477, 35.625, 35.729, 35.82, 35.663, 35.244, 35.099, 34.973, 34.823, 35.14, 35.648, 36.22, 36.964, 37.449, 37.624, 37.388, 37.029, 36.966, 37.048, 36.925, 36.593, 36.243, 36.305, 36.878, 37.102, 36.607, 36.561, 36.925, 37.142, 37.009, 36.446, 35.736, 35.536, 35.843, 36.187, 36.205, 36.082, 36.292, 36.529, 37.072, 37.457, 37.29, 37.372, 37.623, 37.566, 37.538, 37.746, 37.655, 37.459, 37.888, 37.805, 28.474], [28.935, 27.531, 26.607, 26.344, 25.226, 21.664, 16.636, 13.722, 12.96, 11.683, 7.596, 0.0, 9.947, 18.382, 23.378, 25.133, 25.753, 27.272, 29.301, 30.407, 31.212, 32.425, 33.32, 33.918, 34.265, 34.31, 34.704, 35.35, 35.771, 35.717, 35.455, 35.562, 35.894, 35.973, 36.058, 36.222, 36.218, 36.208, 36.353, 36.202, 35.98, 36.059, 36.431, 37.253, 38.37, 38.992, 39.304, 39.761, 40.064, 39.861, 39.214, 38.606, 38.402, 38.503, 38.379, 38.202, 38.642, 38.482, 37.184, 36.365, 36.523, 36.681, 36.422, 36.344, 36.335, 35.858, 35.314, 35.222, 35.36, 35.573, 35.803, 36.066, 36.174, 35.829, 35.545, 35.438, 35.226, 35.403, 35.854, 36.036, 36.119, 36.377, 36.426, 36.27, 36.229, 36.131, 35.859, 35.64, 35.677, 36.078, 36.406, 36.261, 35.768, 35.683, 35.879, 36.029, 36.126, 36.22, 36.075, 35.664, 35.538, 35.467, 35.315, 35.545, 36.049, 36.683, 37.382, 37.778, 37.92, 37.709, 37.366, 37.293, 37.374, 37.267, 36.955, 36.627, 36.684, 37.199, 37.394, 36.917, 36.902, 37.284, 37.49, 37.339, 36.789, 36.094, 35.865, 36.124, 36.449, 36.481, 36.369, 36.588, 36.832, 37.292, 37.636, 37.519, 37.622, 37.858, 37.816, 37.811, 38.015, 37.918, 37.725, 38.134, 38.054, 29.953], [30.638, 29.474, 28.702, 28.534, 27.701, 24.935, 21.2, 19.017, 18.362, 17.809, 15.553, 9.947, 0.0, 10.309, 17.24, 19.911, 21.256, 24.243, 27.464, 28.98, 29.799, 31.097, 32.227, 32.995, 33.405, 33.549, 33.996, 34.67, 35.179, 35.21, 35.037, 35.319, 35.872, 36.104, 36.233, 36.375, 36.387, 36.447, 36.626, 36.514, 36.343, 36.404, 36.635, 37.276, 38.294, 38.889, 39.173, 39.586, 39.841, 39.612, 38.966, 38.369, 38.175, 38.269, 38.133, 37.923, 38.284, 38.093, 36.864, 36.118, 36.272, 36.423, 36.2, 36.173, 36.15, 35.599, 35.079, 35.15, 35.386, 35.608, 35.828, 36.074, 36.178, 35.874, 35.636, 35.539, 35.407, 35.693, 36.155, 36.296, 36.33, 36.57, 36.632, 36.506, 36.514, 36.475, 36.224, 35.99, 36.001, 36.376, 36.68, 36.544, 36.085, 36.021, 36.237, 36.4, 36.495, 36.6, 36.464, 36.017, 35.883, 35.877, 35.709, 35.806, 36.269, 36.962, 37.602, 37.869, 37.96, 37.774, 37.422, 37.297, 37.373, 37.309, 37.02, 36.704, 36.781, 37.294, 37.49, 37.016, 37.009, 37.403, 37.631, 37.482, 36.941, 36.277, 36.039, 36.259, 36.546, 36.585, 36.508, 36.751, 37.022, 37.39, 37.666, 37.58, 37.708, 37.929, 37.885, 37.895, 38.105, 38.028, 37.85, 38.223, 38.135, 31.533], [32.998, 32.067, 31.423, 31.281, 30.663, 28.575, 25.839, 24.271, 23.781, 23.484, 22.184, 18.382, 10.309, 0.0, 8.83, 13.355, 15.979, 20.525, 25.07, 27.104, 27.929, 29.313, 30.765, 31.76, 32.226, 32.454, 33.0, 33.802, 34.482, 34.684, 34.689, 35.186, 36.0, 36.457, 36.69, 36.826, 36.843, 37.043, 37.424, 37.495, 37.406, 37.44, 37.56, 38.044, 38.937, 39.494, 39.756, 40.121, 40.324, 40.074, 39.438, 38.847, 38.652, 38.737, 38.593, 38.364, 38.678, 38.494, 37.357, 36.688, 36.839, 36.995, 36.828, 36.837, 36.803, 36.232, 35.776, 36.026, 36.372, 36.595, 36.795, 37.028, 37.132, 36.876, 36.676, 36.593, 36.517, 36.835, 37.273, 37.386, 37.366, 37.57, 37.641, 37.551, 37.575, 37.551, 37.331, 37.105, 37.094, 37.42, 37.671, 37.504, 37.047, 36.967, 37.168, 37.331, 37.411, 37.499, 37.385, 36.933, 36.76, 36.803, 36.659, 36.624, 37.013, 37.758, 38.379, 38.561, 38.597, 38.425, 38.068, 37.887, 37.95, 37.949, 37.735, 37.473, 37.572, 38.078, 38.251, 37.753, 37.716, 38.087, 38.327, 38.207, 37.729, 37.137, 36.897, 37.068, 37.328, 37.421, 37.411, 37.644, 37.886, 38.172, 38.404, 38.33, 38.456, 38.648, 38.609, 38.637, 38.848, 38.803, 38.665, 39.015, 38.931, 33.777], [35.378, 34.628, 34.102, 33.981, 33.452, 31.643, 29.251, 27.888, 27.492, 27.306, 26.317, 23.378, 17.24, 8.83, 0.0, 6.677, 12.227, 18.62, 23.889, 26.16, 27.002, 28.441, 30.096, 31.223, 31.713, 32.015, 32.644, 33.554, 34.393, 34.772, 34.956, 35.611, 36.621, 37.286, 37.619, 37.756, 37.813, 38.158, 38.711, 38.963, 38.959, 38.934, 38.94, 39.305, 40.098, 40.615, 40.845, 41.151, 41.3, 41.041, 40.433, 39.852, 39.643, 39.708, 39.571, 39.341, 39.601, 39.432, 38.424, 37.871, 38.03, 38.189, 38.094, 38.163, 38.144, 37.583, 37.163, 37.51, 37.905, 38.12, 38.303, 38.497, 38.578, 38.384, 38.233, 38.152, 38.115, 38.409, 38.771, 38.853, 38.778, 38.917, 38.991, 38.972, 39.019, 38.978, 38.784, 38.579, 38.551, 38.828, 39.015, 38.821, 38.425, 38.341, 38.498, 38.645, 38.712, 38.791, 38.7, 38.254, 38.042, 38.131, 38.035, 37.901, 38.246, 39.023, 39.625, 39.788, 39.79, 39.61, 39.265, 39.067, 39.111, 39.142, 39.005, 38.819, 38.954, 39.452, 39.606, 39.073, 38.958, 39.266, 39.475, 39.379, 39.002, 38.519, 38.292, 38.388, 38.608, 38.756, 38.821, 39.02, 39.162, 39.342, 39.56, 39.519, 39.637, 39.798, 39.764, 39.8, 39.992, 39.95, 39.842, 40.17, 40.098, 36.055], [36.38, 35.68, 35.231, 35.15, 34.648, 32.883, 30.491, 29.118, 28.763, 28.632, 27.76, 25.133, 19.911, 13.355, 6.677, 0.0, 8.113, 16.817, 22.907, 25.289, 26.135, 27.656, 29.404, 30.57, 31.088, 31.463, 32.124, 33.048, 33.946, 34.402, 34.65, 35.374, 36.476, 37.247, 37.644, 37.789, 37.876, 38.317, 38.983, 39.348, 39.411, 39.376, 39.35, 39.692, 40.466, 40.974, 41.207, 41.499, 41.609, 41.327, 40.739, 40.164, 39.929, 39.979, 39.836, 39.573, 39.774, 39.573, 38.609, 38.103, 38.276, 38.471, 38.401, 38.466, 38.46, 37.897, 37.447, 37.865, 38.353, 38.601, 38.789, 38.981, 39.053, 38.876, 38.744, 38.64, 38.617, 38.942, 39.28, 39.32, 39.21, 39.332, 39.416, 39.419, 39.468, 39.419, 39.237, 39.043, 39.012, 39.289, 39.463, 39.288, 38.966, 38.897, 39.036, 39.172, 39.239, 39.334, 39.253, 38.76, 38.501, 38.609, 38.524, 38.325, 38.672, 39.47, 40.049, 40.226, 40.233, 40.039, 39.698, 39.499, 39.542, 39.582, 39.457, 39.304, 39.485, 39.988, 40.119, 39.547, 39.383, 39.669, 39.875, 39.795, 39.467, 39.047, 38.825, 38.847, 39.0, 39.15, 39.222, 39.399, 39.484, 39.583, 39.778, 39.762, 39.897, 40.079, 40.053, 40.077, 40.251, 40.194, 40.083, 40.4, 40.31, 37.037], [35.624, 34.862, 34.471, 34.434, 33.944, 32.267, 30.056, 28.832, 28.571, 28.476, 27.824, 25.753, 21.256, 15.979, 12.227, 8.113, 0.0, 10.773, 18.725, 21.813, 22.669, 24.258, 26.245, 27.595, 28.205, 28.678, 29.446, 30.47, 31.481, 32.013, 32.277, 33.052, 34.242, 35.089, 35.546, 35.704, 35.77, 36.302, 37.205, 37.743, 37.871, 37.94, 38.092, 38.633, 39.521, 40.08, 40.386, 40.76, 40.902, 40.61, 39.989, 39.356, 39.075, 39.132, 38.984, 38.666, 38.865, 38.643, 37.551, 36.896, 37.057, 37.322, 37.207, 37.168, 37.14, 36.579, 36.063, 36.487, 37.107, 37.412, 37.603, 37.844, 37.94, 37.708, 37.544, 37.414, 37.361, 37.788, 38.251, 38.295, 38.189, 38.373, 38.485, 38.414, 38.395, 38.332, 38.142, 37.942, 37.926, 38.254, 38.476, 38.318, 37.959, 37.85, 38.001, 38.139, 38.202, 38.296, 38.194, 37.615, 37.285, 37.349, 37.236, 37.042, 37.449, 38.266, 38.833, 39.049, 39.092, 38.895, 38.53, 38.305, 38.35, 38.396, 38.248, 38.072, 38.271, 38.811, 38.947, 38.345, 38.194, 38.527, 38.774, 38.699, 38.326, 37.868, 37.66, 37.717, 37.877, 37.986, 37.994, 38.178, 38.291, 38.408, 38.593, 38.567, 38.74, 38.977, 38.95, 38.95, 39.119, 39.04, 38.901, 39.237, 39.097, 36.353], [34.305, 33.456, 33.138, 33.148, 32.663, 31.192, 29.526, 28.772, 28.683, 28.632, 28.357, 27.272, 24.243, 20.525, 18.62, 16.817, 10.773, 0.0, 9.895, 14.647, 15.915, 17.467, 19.907, 21.792, 22.681, 23.41, 24.569, 25.961, 27.256, 27.993, 28.36, 29.196, 30.547, 31.599, 32.199, 32.383, 32.409, 33.116, 34.455, 35.288, 35.5, 35.739, 36.249, 37.207, 38.337, 39.0, 39.419, 39.942, 40.227, 39.985, 39.281, 38.52, 38.192, 38.281, 38.173, 37.91, 38.26, 38.092, 36.727, 35.726, 35.831, 36.171, 35.951, 35.693, 35.567, 35.025, 34.453, 34.69, 35.303, 35.679, 35.919, 36.238, 36.351, 36.044, 35.879, 35.744, 35.564, 36.077, 36.833, 36.987, 36.912, 37.176, 37.298, 37.106, 36.987, 36.885, 36.635, 36.413, 36.449, 36.848, 37.123, 36.906, 36.337, 36.115, 36.323, 36.514, 36.586, 36.659, 36.534, 35.909, 35.504, 35.463, 35.33, 35.245, 35.737, 36.54, 37.149, 37.449, 37.559, 37.374, 36.982, 36.732, 36.797, 36.853, 36.654, 36.384, 36.543, 37.158, 37.324, 36.693, 36.585, 36.977, 37.268, 37.196, 36.745, 36.196, 36.049, 36.297, 36.601, 36.668, 36.586, 36.779, 36.995, 37.328, 37.599, 37.494, 37.628, 37.881, 37.821, 37.787, 37.963, 37.878, 37.733, 38.139, 37.98, 35.129], [33.945, 33.064, 32.798, 32.832, 32.364, 31.114, 29.967, 29.634, 29.671, 29.655, 29.668, 29.301, 27.464, 25.07, 23.889, 22.907, 18.725, 9.895, 0.0, 6.444, 9.25, 11.174, 13.933, 16.504, 17.969, 19.233, 21.073, 23.011, 24.603, 25.542, 26.079, 26.95, 28.379, 29.641, 30.404, 30.63, 30.649, 31.523, 33.16, 34.159, 34.395, 34.704, 35.422, 36.63, 37.889, 38.613, 39.07, 39.646, 40.029, 39.852, 39.102, 38.265, 37.931, 38.043, 37.991, 37.871, 38.415, 38.327, 36.82, 35.617, 35.688, 36.051, 35.76, 35.374, 35.219, 34.771, 34.199, 34.196, 34.672, 35.084, 35.376, 35.726, 35.84, 35.526, 35.405, 35.275, 34.967, 35.469, 36.419, 36.68, 36.623, 36.89, 36.983, 36.714, 36.529, 36.385, 36.089, 35.859, 35.924, 36.343, 36.609, 36.322, 35.59, 35.29, 35.536, 35.773, 35.866, 35.938, 35.816, 35.228, 34.814, 34.686, 34.559, 34.596, 35.082, 35.808, 36.465, 36.838, 36.998, 36.817, 36.417, 36.185, 36.296, 36.357, 36.124, 35.78, 35.883, 36.533, 36.726, 36.109, 36.045, 36.47, 36.795, 36.756, 36.282, 35.699, 35.62, 36.02, 36.455, 36.523, 36.386, 36.568, 36.862, 37.393, 37.748, 37.528, 37.558, 37.794, 37.707, 37.645, 37.81, 37.728, 37.607, 38.09, 37.965, 34.798], [34.233, 33.351, 33.093, 33.129, 32.672, 31.504, 30.517, 30.309, 30.396, 30.405, 30.527, 30.407, 28.98, 27.104, 26.16, 25.289, 21.813, 14.647, 6.444, 0.0, 4.682, 8.266, 11.431, 14.269, 16.201, 17.879, 20.133, 22.453, 24.225, 25.228, 25.853, 26.758, 28.167, 29.476, 30.307, 30.567, 30.608, 31.539, 33.224, 34.241, 34.46, 34.725, 35.45, 36.685, 37.94, 38.666, 39.114, 39.663, 40.047, 39.899, 39.165, 38.34, 38.024, 38.141, 38.118, 38.08, 38.698, 38.632, 37.121, 35.916, 35.982, 36.327, 36.025, 35.639, 35.513, 35.131, 34.571, 34.472, 34.876, 35.281, 35.579, 35.914, 36.021, 35.732, 35.632, 35.496, 35.157, 35.639, 36.591, 36.855, 36.791, 37.034, 37.107, 36.824, 36.617, 36.459, 36.168, 35.948, 36.009, 36.411, 36.652, 36.35, 35.62, 35.336, 35.599, 35.844, 35.942, 36.021, 35.903, 35.341, 34.939, 34.791, 34.673, 34.744, 35.185, 35.857, 36.525, 36.913, 37.079, 36.891, 36.485, 36.259, 36.382, 36.441, 36.206, 35.862, 35.965, 36.618, 36.815, 36.218, 36.174, 36.603, 36.935, 36.915, 36.458, 35.9, 35.855, 36.268, 36.704, 36.78, 36.658, 36.837, 37.119, 37.674, 38.061, 37.815, 37.796, 38.018, 37.926, 37.844, 37.996, 37.922, 37.816, 38.321, 38.216, 35.075], [34.739, 33.888, 33.654, 33.699, 33.26, 32.156, 31.236, 31.057, 31.167, 31.192, 31.324, 31.212, 29.799, 27.929, 27.002, 26.135, 22.669, 15.915, 9.25, 4.682, 0.0, 5.181, 9.587, 12.823, 14.943, 16.887, 19.384, 21.928, 23.875, 24.964, 25.665, 26.654, 28.13, 29.508, 30.398, 30.692, 30.761, 31.738, 33.475, 34.554, 34.813, 35.069, 35.786, 36.997, 38.214, 38.933, 39.391, 39.935, 40.308, 40.167, 39.46, 38.658, 38.343, 38.448, 38.422, 38.378, 38.974, 38.901, 37.401, 36.201, 36.26, 36.599, 36.308, 35.925, 35.807, 35.44, 34.899, 34.841, 35.27, 35.656, 35.939, 36.273, 36.386, 36.114, 36.014, 35.877, 35.565, 36.041, 36.973, 37.243, 37.18, 37.414, 37.481, 37.201, 37.001, 36.858, 36.588, 36.38, 36.444, 36.845, 37.075, 36.752, 36.002, 35.712, 35.976, 36.213, 36.295, 36.369, 36.251, 35.671, 35.254, 35.123, 35.018, 35.068, 35.502, 36.18, 36.823, 37.19, 37.349, 37.161, 36.741, 36.488, 36.596, 36.658, 36.43, 36.099, 36.215, 36.867, 37.056, 36.469, 36.436, 36.851, 37.174, 37.156, 36.71, 36.181, 36.147, 36.53, 36.93, 37.02, 36.938, 37.116, 37.357, 37.882, 38.295, 38.077, 38.049, 38.261, 38.182, 38.095, 38.225, 38.152, 38.064, 38.561, 38.466, 35.55], [35.288, 34.478, 34.286, 34.352, 33.948, 32.972, 32.245, 32.175, 32.31, 32.343, 32.493, 32.425, 31.097, 29.313, 28.441, 27.656, 24.258, 17.467, 11.174, 8.266, 5.181, 0.0, 5.705, 10.143, 12.794, 15.104, 17.978, 20.768, 22.9, 24.16, 24.997, 26.06, 27.631, 29.132, 30.109, 30.436, 30.533, 31.593, 33.46, 34.659, 35.006, 35.326, 36.1, 37.321, 38.498, 39.211, 39.695, 40.265, 40.653, 40.523, 39.829, 39.038, 38.721, 38.815, 38.793, 38.747, 39.33, 39.275, 37.779, 36.556, 36.61, 36.958, 36.651, 36.231, 36.099, 35.756, 35.243, 35.193, 35.632, 36.004, 36.268, 36.601, 36.722, 36.46, 36.367, 36.236, 35.93, 36.383, 37.32, 37.622, 37.575, 37.805, 37.865, 37.577, 37.378, 37.246, 36.983, 36.784, 36.854, 37.255, 37.486, 37.154, 36.387, 36.081, 36.337, 36.572, 36.649, 36.712, 36.592, 36.019, 35.604, 35.467, 35.368, 35.426, 35.861, 36.518, 37.133, 37.489, 37.655, 37.469, 37.041, 36.782, 36.894, 36.966, 36.742, 36.404, 36.5, 37.145, 37.341, 36.756, 36.71, 37.114, 37.431, 37.414, 36.971, 36.461, 36.457, 36.856, 37.267, 37.361, 37.275, 37.433, 37.653, 38.172, 38.59, 38.362, 38.308, 38.503, 38.423, 38.32, 38.42, 38.356, 38.3, 38.797, 38.716, 36.063], [35.546, 34.78, 34.626, 34.699, 34.312, 33.44, 32.889, 32.92, 33.065, 33.094, 33.284, 33.32, 32.227, 30.765, 30.096, 29.404, 26.245, 19.907, 13.933, 11.431, 9.587, 5.705, 0.0, 5.688, 9.655, 12.805, 16.222, 19.411, 21.8, 23.25, 24.23, 25.331, 26.917, 28.468, 29.495, 29.861, 30.004, 31.132, 33.081, 34.36, 34.774, 35.152, 35.997, 37.251, 38.399, 39.097, 39.597, 40.197, 40.612, 40.504, 39.827, 39.059, 38.76, 38.859, 38.85, 38.816, 39.395, 39.343, 37.855, 36.634, 36.699, 37.049, 36.708, 36.258, 36.135, 35.839, 35.345, 35.236, 35.639, 36.011, 36.265, 36.581, 36.692, 36.427, 36.341, 36.215, 35.898, 36.337, 37.286, 37.609, 37.571, 37.792, 37.831, 37.536, 37.34, 37.204, 36.934, 36.734, 36.804, 37.205, 37.434, 37.091, 36.325, 36.049, 36.328, 36.577, 36.654, 36.71, 36.592, 36.051, 35.66, 35.502, 35.41, 35.511, 35.933, 36.536, 37.148, 37.528, 37.714, 37.517, 37.087, 36.852, 36.981, 37.058, 36.835, 36.488, 36.58, 37.24, 37.459, 36.866, 36.771, 37.151, 37.472, 37.466, 37.021, 36.521, 36.564, 37.001, 37.418, 37.492, 37.383, 37.53, 37.741, 38.259, 38.651, 38.377, 38.296, 38.488, 38.394, 38.261, 38.358, 38.326, 38.288, 38.774, 38.691, 36.288], [35.765, 35.062, 34.96, 35.042, 34.663, 33.858, 33.412, 33.496, 33.634, 33.648, 33.838, 33.918, 32.995, 31.76, 31.223, 30.57, 27.595, 21.792, 16.504, 14.269, 12.823, 10.143, 5.688, 0.0, 5.389, 10.198, 14.434, 17.989, 20.613, 22.243, 23.35, 24.531, 26.2, 27.821, 28.88, 29.277, 29.474, 30.668, 32.681, 34.039, 34.517, 34.917, 35.796, 37.099, 38.259, 38.95, 39.458, 40.08, 40.512, 40.418, 39.751, 38.988, 38.689, 38.803, 38.802, 38.741, 39.28, 39.213, 37.747, 36.547, 36.609, 36.951, 36.599, 36.152, 36.066, 35.816, 35.328, 35.201, 35.585, 35.952, 36.205, 36.507, 36.601, 36.331, 36.255, 36.129, 35.813, 36.258, 37.211, 37.538, 37.495, 37.697, 37.718, 37.427, 37.246, 37.107, 36.827, 36.628, 36.704, 37.115, 37.345, 36.995, 36.234, 35.991, 36.284, 36.536, 36.609, 36.662, 36.547, 36.01, 35.622, 35.458, 35.378, 35.496, 35.908, 36.485, 37.101, 37.509, 37.71, 37.504, 37.079, 36.866, 37.002, 37.074, 36.854, 36.513, 36.614, 37.282, 37.52, 36.936, 36.795, 37.141, 37.459, 37.458, 37.019, 36.532, 36.586, 37.007, 37.396, 37.459, 37.345, 37.489, 37.693, 38.201, 38.577, 38.293, 38.21, 38.4, 38.298, 38.155, 38.257, 38.243, 38.213, 38.694, 38.59, 36.472], [35.85, 35.166, 35.104, 35.207, 34.839, 34.077, 33.707, 33.843, 33.993, 33.999, 34.176, 34.265, 33.405, 32.226, 31.713, 31.088, 28.205, 22.681, 17.969, 16.201, 14.943, 12.794, 9.655, 5.389, 0.0, 6.323, 11.936, 16.064, 18.821, 20.605, 21.899, 23.203, 25.031, 26.82, 27.971, 28.404, 28.655, 29.973, 32.134, 33.62, 34.193, 34.633, 35.537, 36.913, 38.149, 38.867, 39.396, 40.044, 40.486, 40.383, 39.709, 38.937, 38.622, 38.742, 38.738, 38.647, 39.165, 39.096, 37.629, 36.415, 36.463, 36.797, 36.427, 35.963, 35.873, 35.608, 35.092, 34.987, 35.403, 35.771, 36.028, 36.332, 36.423, 36.141, 36.066, 35.941, 35.608, 36.046, 37.024, 37.363, 37.309, 37.501, 37.526, 37.252, 37.096, 36.965, 36.684, 36.493, 36.589, 37.021, 37.265, 36.912, 36.124, 35.841, 36.115, 36.36, 36.426, 36.47, 36.351, 35.798, 35.378, 35.208, 35.146, 35.272, 35.691, 36.297, 36.945, 37.373, 37.576, 37.367, 36.946, 36.732, 36.864, 36.937, 36.72, 36.381, 36.486, 37.162, 37.413, 36.83, 36.661, 36.991, 37.303, 37.298, 36.867, 36.388, 36.428, 36.83, 37.22, 37.277, 37.137, 37.266, 37.482, 38.001, 38.388, 38.133, 38.079, 38.283, 38.183, 38.04, 38.14, 38.134, 38.133, 38.636, 38.496, 36.55], [35.637, 34.956, 34.907, 35.021, 34.66, 33.934, 33.63, 33.824, 34.008, 34.016, 34.183, 34.31, 33.549, 32.454, 32.015, 31.463, 28.678, 23.41, 19.233, 17.879, 16.887, 15.104, 12.805, 10.198, 6.323, 0.0, 7.033, 12.548, 15.913, 17.943, 19.539, 21.079, 23.132, 25.157, 26.454, 26.94, 27.29, 28.825, 31.2, 32.852, 33.552, 34.046, 34.976, 36.426, 37.76, 38.52, 39.074, 39.76, 40.218, 40.099, 39.432, 38.699, 38.42, 38.555, 38.539, 38.44, 38.98, 38.924, 37.428, 36.172, 36.212, 36.552, 36.16, 35.646, 35.498, 35.155, 34.556, 34.439, 34.914, 35.335, 35.616, 35.929, 36.012, 35.707, 35.635, 35.516, 35.135, 35.546, 36.564, 36.908, 36.836, 37.033, 37.079, 36.839, 36.715, 36.59, 36.302, 36.109, 36.233, 36.705, 36.958, 36.575, 35.743, 35.424, 35.703, 35.96, 36.018, 36.058, 35.965, 35.409, 34.942, 34.765, 34.735, 34.859, 35.283, 35.969, 36.686, 37.115, 37.29, 37.055, 36.612, 36.376, 36.499, 36.582, 36.362, 35.999, 36.096, 36.807, 37.097, 36.525, 36.354, 36.683, 36.987, 36.967, 36.523, 36.041, 36.083, 36.501, 36.914, 36.944, 36.76, 36.869, 37.103, 37.662, 38.095, 37.88, 37.858, 38.077, 37.968, 37.802, 37.886, 37.873, 37.885, 38.4, 38.213, 36.327], [35.665, 35.055, 35.043, 35.154, 34.812, 34.168, 33.979, 34.238, 34.443, 34.447, 34.596, 34.704, 33.996, 33.0, 32.644, 32.124, 29.446, 24.569, 21.073, 20.133, 19.384, 17.978, 16.222, 14.434, 11.936, 7.033, 0.0, 6.996, 11.879, 14.701, 16.699, 18.634, 21.176, 23.599, 25.071, 25.594, 26.069, 27.892, 30.532, 32.385, 33.229, 33.762, 34.693, 36.17, 37.56, 38.35, 38.924, 39.638, 40.112, 39.993, 39.347, 38.664, 38.442, 38.607, 38.568, 38.425, 38.955, 38.9, 37.392, 36.099, 36.119, 36.474, 36.083, 35.543, 35.366, 34.973, 34.329, 34.231, 34.759, 35.243, 35.552, 35.866, 35.922, 35.593, 35.534, 35.422, 35.015, 35.428, 36.48, 36.821, 36.724, 36.926, 36.993, 36.787, 36.697, 36.59, 36.303, 36.106, 36.257, 36.779, 37.04, 36.618, 35.759, 35.441, 35.716, 35.978, 36.036, 36.089, 36.034, 35.484, 34.998, 34.836, 34.827, 34.912, 35.299, 36.045, 36.805, 37.213, 37.334, 37.055, 36.585, 36.344, 36.473, 36.561, 36.326, 35.933, 36.024, 36.769, 37.114, 36.594, 36.441, 36.762, 37.067, 37.038, 36.584, 36.121, 36.165, 36.557, 36.951, 36.966, 36.761, 36.849, 37.067, 37.612, 38.059, 37.866, 37.839, 38.038, 37.909, 37.702, 37.722, 37.641, 37.619, 38.108, 37.886, 36.313], [35.681, 35.143, 35.21, 35.325, 34.992, 34.459, 34.467, 34.848, 35.078, 35.088, 35.248, 35.35, 34.67, 33.802, 33.554, 33.048, 30.47, 25.961, 23.011, 22.453, 21.928, 20.768, 19.411, 17.989, 16.064, 12.548, 6.996, 0.0, 6.406, 10.844, 13.56, 15.721, 18.834, 21.871, 23.627, 24.211, 24.792, 26.921, 29.849, 31.887, 32.86, 33.469, 34.432, 35.939, 37.379, 38.209, 38.823, 39.592, 40.097, 39.987, 39.338, 38.643, 38.433, 38.624, 38.574, 38.395, 38.905, 38.823, 37.262, 35.909, 35.903, 36.276, 35.891, 35.333, 35.142, 34.741, 34.144, 34.166, 34.778, 35.282, 35.592, 35.922, 35.976, 35.627, 35.571, 35.465, 35.049, 35.517, 36.664, 37.033, 36.914, 37.117, 37.201, 36.993, 36.904, 36.81, 36.529, 36.336, 36.497, 37.042, 37.32, 36.873, 35.961, 35.595, 35.827, 36.079, 36.141, 36.202, 36.144, 35.578, 35.08, 34.913, 34.915, 34.977, 35.307, 36.06, 36.844, 37.225, 37.305, 37.002, 36.522, 36.279, 36.409, 36.493, 36.236, 35.82, 35.912, 36.69, 37.058, 36.54, 36.39, 36.739, 37.075, 37.055, 36.606, 36.14, 36.151, 36.517, 36.932, 36.968, 36.748, 36.808, 37.022, 37.546, 37.959, 37.757, 37.73, 37.932, 37.802, 37.572, 37.536, 37.408, 37.375, 37.865, 37.631, 36.307], [35.479, 34.972, 35.11, 35.245, 34.905, 34.441, 34.617, 35.129, 35.399, 35.421, 35.614, 35.771, 35.179, 34.482, 34.393, 33.946, 31.481, 27.256, 24.603, 24.225, 23.875, 22.9, 21.8, 20.613, 18.821, 15.913, 11.879, 6.406, 0.0, 6.096, 10.293, 12.726, 16.055, 19.612, 21.724, 22.416, 23.127, 25.566, 28.75, 30.928, 32.021, 32.738, 33.777, 35.362, 36.885, 37.759, 38.424, 39.27, 39.835, 39.743, 39.082, 38.351, 38.129, 38.36, 38.346, 38.175, 38.685, 38.582, 36.968, 35.574, 35.561, 35.935, 35.536, 34.959, 34.753, 34.358, 33.834, 33.971, 34.641, 35.144, 35.449, 35.796, 35.869, 35.516, 35.46, 35.355, 34.927, 35.435, 36.675, 37.071, 36.928, 37.128, 37.225, 37.004, 36.89, 36.786, 36.502, 36.312, 36.474, 37.02, 37.307, 36.84, 35.86, 35.426, 35.63, 35.874, 35.94, 36.007, 35.94, 35.369, 34.856, 34.671, 34.693, 34.765, 35.07, 35.831, 36.65, 37.022, 37.086, 36.775, 36.288, 36.041, 36.162, 36.234, 35.962, 35.531, 35.618, 36.415, 36.785, 36.229, 36.073, 36.468, 36.829, 36.822, 36.385, 35.895, 35.859, 36.224, 36.686, 36.74, 36.498, 36.533, 36.773, 37.345, 37.753, 37.545, 37.564, 37.819, 37.713, 37.484, 37.43, 37.291, 37.27, 37.784, 37.551, 36.111], [35.17, 34.66, 34.826, 34.973, 34.614, 34.147, 34.387, 34.969, 35.267, 35.299, 35.518, 35.717, 35.21, 34.684, 34.772, 34.402, 32.013, 27.993, 25.542, 25.228, 24.964, 24.16, 23.25, 22.243, 20.605, 17.943, 14.701, 10.844, 6.096, 0.0, 5.78, 9.573, 13.529, 17.283, 19.55, 20.352, 21.233, 23.961, 27.35, 29.649, 30.861, 31.667, 32.802, 34.547, 36.203, 37.115, 37.818, 38.747, 39.389, 39.328, 38.669, 37.924, 37.689, 37.941, 37.979, 37.886, 38.483, 38.378, 36.703, 35.303, 35.329, 35.706, 35.275, 34.654, 34.413, 33.986, 33.443, 33.608, 34.295, 34.811, 35.122, 35.469, 35.545, 35.198, 35.147, 35.028, 34.578, 35.117, 36.42, 36.82, 36.651, 36.846, 36.947, 36.717, 36.587, 36.475, 36.179, 35.987, 36.161, 36.713, 37.01, 36.547, 35.543, 35.102, 35.332, 35.589, 35.667, 35.747, 35.67, 35.076, 34.542, 34.356, 34.394, 34.475, 34.794, 35.583, 36.424, 36.789, 36.845, 36.53, 36.036, 35.788, 35.908, 35.984, 35.701, 35.244, 35.319, 36.132, 36.502, 35.916, 35.767, 36.188, 36.559, 36.559, 36.114, 35.595, 35.552, 35.953, 36.453, 36.499, 36.237, 36.274, 36.537, 37.146, 37.557, 37.342, 37.394, 37.683, 37.584, 37.357, 37.307, 37.153, 37.11, 37.625, 37.379, 35.82], [34.778, 34.24, 34.406, 34.549, 34.169, 33.702, 33.986, 34.61, 34.934, 34.981, 35.217, 35.455, 35.037, 34.689, 34.956, 34.65, 32.277, 28.36, 26.079, 25.853, 25.665, 24.997, 24.23, 23.35, 21.899, 19.539, 16.699, 13.56, 10.293, 5.78, 0.0, 5.585, 11.171, 15.328, 17.556, 18.401, 19.464, 22.412, 25.938, 28.315, 29.616, 30.517, 31.772, 33.678, 35.466, 36.416, 37.16, 38.166, 38.864, 38.818, 38.165, 37.436, 37.224, 37.493, 37.55, 37.537, 38.26, 38.18, 36.438, 35.011, 35.081, 35.484, 35.034, 34.372, 34.084, 33.611, 33.0, 33.089, 33.759, 34.303, 34.63, 34.987, 35.066, 34.707, 34.653, 34.522, 34.021, 34.581, 35.947, 36.349, 36.175, 36.384, 36.491, 36.243, 36.1, 35.983, 35.669, 35.473, 35.667, 36.229, 36.539, 36.091, 35.084, 34.664, 34.933, 35.209, 35.295, 35.378, 35.278, 34.646, 34.099, 33.906, 33.938, 34.055, 34.406, 35.194, 36.051, 36.428, 36.493, 36.188, 35.698, 35.453, 35.575, 35.656, 35.353, 34.864, 34.932, 35.77, 36.13, 35.503, 35.362, 35.811, 36.196, 36.198, 35.734, 35.179, 35.135, 35.59, 36.133, 36.156, 35.863, 35.919, 36.224, 36.865, 37.254, 37.015, 37.085, 37.377, 37.255, 37.023, 36.99, 36.821, 36.746, 37.258, 37.005, 35.454], [34.364, 33.807, 33.985, 34.122, 33.745, 33.366, 33.808, 34.524, 34.877, 34.936, 35.213, 35.562, 35.319, 35.186, 35.611, 35.374, 33.052, 29.196, 26.95, 26.758, 26.654, 26.06, 25.331, 24.531, 23.203, 21.079, 18.634, 15.721, 12.726, 9.573, 5.585, 0.0, 6.856, 12.224, 15.041, 16.067, 17.302, 20.574, 24.378, 26.935, 28.388, 29.421, 30.788, 32.798, 34.677, 35.671, 36.45, 37.497, 38.225, 38.195, 37.568, 36.897, 36.758, 37.078, 37.152, 37.179, 38.003, 37.976, 36.189, 34.719, 34.806, 35.222, 34.74, 34.059, 33.767, 33.313, 32.683, 32.704, 33.377, 33.93, 34.266, 34.656, 34.761, 34.38, 34.315, 34.19, 33.634, 34.172, 35.603, 36.023, 35.849, 36.075, 36.195, 35.926, 35.753, 35.612, 35.271, 35.067, 35.264, 35.824, 36.132, 35.651, 34.57, 34.116, 34.404, 34.698, 34.784, 34.862, 34.76, 34.139, 33.61, 33.393, 33.442, 33.635, 33.979, 34.699, 35.565, 35.973, 36.065, 35.784, 35.316, 35.088, 35.214, 35.281, 34.963, 34.476, 34.54, 35.394, 35.77, 35.127, 34.987, 35.475, 35.894, 35.908, 35.43, 34.836, 34.773, 35.255, 35.838, 35.85, 35.492, 35.534, 35.925, 36.666, 37.032, 36.747, 36.831, 37.12, 36.963, 36.726, 36.714, 36.559, 36.489, 37.028, 36.807, 35.061], [34.204, 33.647, 33.837, 33.973, 33.591, 33.262, 33.828, 34.633, 35.008, 35.075, 35.407, 35.894, 35.872, 36.0, 36.621, 36.476, 34.242, 30.547, 28.379, 28.167, 28.13, 27.631, 26.917, 26.2, 25.031, 23.132, 21.176, 18.834, 16.055, 13.529, 11.171, 6.856, 0.0, 6.775, 11.04, 12.722, 14.078, 17.762, 22.094, 25.088, 26.884, 28.08, 29.534, 31.683, 33.687, 34.73, 35.53, 36.609, 37.39, 37.43, 36.901, 36.349, 36.304, 36.678, 36.792, 36.878, 37.776, 37.788, 36.007, 34.569, 34.69, 35.079, 34.543, 33.879, 33.642, 33.228, 32.613, 32.615, 33.304, 33.857, 34.187, 34.594, 34.712, 34.327, 34.257, 34.132, 33.536, 34.014, 35.456, 35.889, 35.71, 35.933, 36.045, 35.746, 35.547, 35.401, 35.056, 34.846, 35.042, 35.604, 35.912, 35.405, 34.273, 33.797, 34.099, 34.409, 34.51, 34.596, 34.498, 33.918, 33.446, 33.216, 33.28, 33.533, 33.839, 34.46, 35.304, 35.736, 35.852, 35.586, 35.14, 34.958, 35.11, 35.159, 34.832, 34.373, 34.45, 35.296, 35.697, 35.082, 34.946, 35.456, 35.902, 35.929, 35.44, 34.814, 34.715, 35.176, 35.776, 35.787, 35.364, 35.386, 35.877, 36.724, 37.089, 36.766, 36.839, 37.103, 36.918, 36.685, 36.685, 36.529, 36.455, 37.009, 36.825, 34.906], [34.238, 33.693, 33.875, 34.004, 33.602, 33.233, 33.778, 34.594, 34.982, 35.06, 35.416, 35.973, 36.104, 36.457, 37.286, 37.247, 35.089, 31.599, 29.641, 29.476, 29.508, 29.132, 28.468, 27.821, 26.82, 25.157, 23.599, 21.871, 19.612, 17.283, 15.328, 12.224, 6.775, 0.0, 5.593, 8.612, 10.348, 14.219, 19.032, 22.627, 24.887, 26.242, 27.8, 30.179, 32.378, 33.483, 34.309, 35.436, 36.28, 36.386, 35.962, 35.563, 35.619, 36.024, 36.19, 36.399, 37.382, 37.391, 35.661, 34.399, 34.638, 34.995, 34.418, 33.814, 33.642, 33.22, 32.608, 32.604, 33.295, 33.859, 34.183, 34.57, 34.67, 34.285, 34.224, 34.088, 33.478, 33.918, 35.322, 35.727, 35.536, 35.745, 35.832, 35.505, 35.305, 35.187, 34.858, 34.651, 34.855, 35.43, 35.752, 35.275, 34.202, 33.8, 34.132, 34.436, 34.547, 34.652, 34.541, 33.968, 33.545, 33.315, 33.354, 33.628, 33.941, 34.505, 35.307, 35.73, 35.85, 35.594, 35.178, 35.052, 35.239, 35.28, 34.948, 34.52, 34.621, 35.444, 35.841, 35.254, 35.118, 35.614, 36.062, 36.088, 35.586, 34.943, 34.825, 35.269, 35.873, 35.865, 35.412, 35.439, 35.968, 36.84, 37.214, 36.877, 36.927, 37.167, 36.962, 36.739, 36.755, 36.57, 36.437, 36.957, 36.772, 34.928], [34.4, 33.878, 34.055, 34.178, 33.767, 33.37, 33.882, 34.684, 35.08, 35.169, 35.516, 36.058, 36.233, 36.69, 37.619, 37.644, 35.546, 32.199, 30.404, 30.307, 30.398, 30.109, 29.495, 28.88, 27.971, 26.454, 25.071, 23.627, 21.724, 19.55, 17.556, 15.041, 11.04, 5.593, 0.0, 4.357, 7.646, 12.17, 17.113, 21.007, 23.558, 25.004, 26.644, 29.198, 31.538, 32.686, 33.532, 34.681, 35.537, 35.643, 35.25, 34.945, 35.081, 35.508, 35.703, 36.015, 37.085, 37.109, 35.427, 34.325, 34.698, 35.066, 34.474, 33.909, 33.748, 33.285, 32.656, 32.642, 33.319, 33.885, 34.21, 34.574, 34.647, 34.258, 34.211, 34.08, 33.487, 33.939, 35.306, 35.67, 35.464, 35.659, 35.726, 35.398, 35.216, 35.122, 34.808, 34.61, 34.827, 35.406, 35.732, 35.289, 34.276, 33.931, 34.274, 34.556, 34.648, 34.761, 34.66, 34.084, 33.659, 33.437, 33.46, 33.733, 34.077, 34.668, 35.449, 35.842, 35.953, 35.711, 35.327, 35.234, 35.442, 35.488, 35.161, 34.756, 34.872, 35.679, 36.081, 35.519, 35.376, 35.841, 36.271, 36.285, 35.776, 35.133, 35.01, 35.44