[[0.0, 2.681, 8.302, 14.482, 17.624, 19.474, 21.634, 23.244, 23.827, 25.611, 29.341, 31.878, 32.353, 32.697, 33.021, 34.421, 37.44, 39.318, 39.431, 39.411, 40.147, 40.013, 38.993, 38.959, 38.789, 37.853, 37.035, 36.491, 36.174, 36.156, 36.194, 36.434, 37.16, 38.112, 38.932, 39.428, 39.838, 40.125, 40.2, 40.038, 39.728, 39.426, 38.338, 37.615, 37.451, 37.459, 37.521, 37.856, 38.587, 39.138, 39.326, 39.143, 37.956, 37.016, 37.172, 37.257, 37.138, 37.284, 37.42, 37.434, 37.696, 37.756, 37.56, 37.603, 37.481, 36.923, 36.762, 36.883, 37.976, 40.447, 41.818, 41.447, 41.746, 43.204, 44.102, 43.774, 42.992, 42.927, 43.594, 43.843, 43.203, 42.78, 42.983, 43.113, 42.73, 42.034, 41.505, 41.572, 41.842, 41.947, 41.963, 41.991, 41.699, 40.329, 38.538, 37.777, 37.524, 37.306, 37.306, 37.594, 38.637, 40.175, 40.834, 41.484, 42.165, 41.895, 41.904, 42.308, 41.754, 42.545, 43.55, 42.609, 41.643, 43.011, 44.536, 44.55, 44.261, 44.436, 44.455, 44.18, 44.029, 43.957, 43.433, 42.996, 43.352, 44.173, 44.452, 44.113, 43.83, 43.675, 43.599, 43.388, 43.09, 42.679, 41.363, 40.134, 40.211, 39.276, 38.035, 38.768, 39.336, 38.532, 37.917, 37.832, 37.42, 3.213], [2.681, 0.0, 6.183, 12.802, 16.265, 18.37, 20.725, 22.457, 23.06, 24.87, 28.739, 31.368, 31.842, 32.204, 32.581, 34.034, 37.119, 39.051, 39.18, 39.173, 39.939, 39.814, 38.779, 38.75, 38.576, 37.622, 36.787, 36.231, 35.905, 35.884, 35.916, 36.15, 36.88, 37.84, 38.664, 39.168, 39.591, 39.885, 39.961, 39.799, 39.492, 39.19, 38.085, 37.365, 37.216, 37.233, 37.297, 37.632, 38.372, 38.934, 39.131, 38.958, 37.76, 36.789, 36.925, 37.013, 36.895, 37.04, 37.173, 37.188, 37.45, 37.512, 37.322, 37.371, 37.247, 36.68, 36.522, 36.642, 37.748, 40.268, 41.664, 41.276, 41.56, 43.031, 43.94, 43.609, 42.819, 42.761, 43.441, 43.692, 43.05, 42.628, 42.834, 42.965, 42.58, 41.873, 41.334, 41.404, 41.676, 41.776, 41.788, 41.817, 41.519, 40.139, 38.348, 37.584, 37.322, 37.102, 37.099, 37.386, 38.456, 40.031, 40.702, 41.351, 42.037, 41.764, 41.768, 42.17, 41.597, 42.381, 43.385, 42.422, 41.443, 42.816, 44.348, 44.36, 44.079, 44.264, 44.286, 44.018, 43.882, 43.83, 43.318, 42.885, 43.252, 44.09, 44.374, 44.026, 43.735, 43.578, 43.504, 43.292, 42.983, 42.563, 41.242, 40.02, 40.106, 39.135, 37.84, 38.568, 39.14, 38.317, 37.688, 37.591, 37.158, 4.314], [8.302, 6.183, 0.0, 7.344, 12.008, 15.271, 18.341, 20.484, 21.293, 23.31, 27.587, 30.533, 31.14, 31.625, 32.181, 33.846, 37.037, 38.986, 39.135, 39.19, 40.014, 39.935, 38.961, 38.976, 38.823, 37.902, 37.088, 36.536, 36.216, 36.193, 36.205, 36.408, 37.1, 38.016, 38.806, 39.302, 39.73, 40.026, 40.103, 39.948, 39.635, 39.331, 38.258, 37.597, 37.514, 37.568, 37.638, 37.957, 38.67, 39.225, 39.441, 39.302, 38.138, 37.165, 37.273, 37.359, 37.252, 37.403, 37.532, 37.524, 37.751, 37.814, 37.65, 37.669, 37.517, 36.952, 36.796, 36.928, 37.999, 40.45, 41.815, 41.422, 41.68, 43.118, 44.012, 43.693, 42.917, 42.872, 43.548, 43.796, 43.172, 42.773, 42.979, 43.114, 42.752, 42.071, 41.548, 41.632, 41.909, 41.995, 41.996, 42.023, 41.728, 40.384, 38.666, 37.925, 37.659, 37.454, 37.453, 37.731, 38.784, 40.326, 40.953, 41.55, 42.225, 41.986, 41.996, 42.378, 41.793, 42.514, 43.468, 42.526, 41.579, 42.915, 44.412, 44.437, 44.193, 44.387, 44.399, 44.112, 43.98, 43.967, 43.506, 43.092, 43.455, 44.283, 44.553, 44.191, 43.895, 43.749, 43.69, 43.49, 43.186, 42.763, 41.449, 40.253, 40.363, 39.408, 38.118, 38.819, 39.36, 38.553, 37.961, 37.871, 37.433, 8.783], [14.482, 12.802, 7.344, 0.0, 6.307, 11.713, 16.063, 18.764, 19.832, 22.092, 26.783, 30.101, 30.957, 31.609, 32.328, 34.187, 37.385, 39.237, 39.369, 39.499, 40.385, 40.357, 39.451, 39.496, 39.372, 38.507, 37.731, 37.21, 36.927, 36.911, 36.903, 37.081, 37.737, 38.603, 39.349, 39.821, 40.235, 40.518, 40.59, 40.436, 40.101, 39.786, 38.774, 38.202, 38.199, 38.288, 38.361, 38.666, 39.34, 39.868, 40.096, 39.998, 38.894, 37.949, 38.04, 38.123, 38.031, 38.196, 38.336, 38.315, 38.494, 38.56, 38.44, 38.421, 38.229, 37.667, 37.511, 37.66, 38.618, 40.846, 42.102, 41.716, 41.975, 43.348, 44.215, 43.931, 43.186, 43.144, 43.806, 44.072, 43.495, 43.124, 43.326, 43.462, 43.126, 42.481, 41.988, 42.094, 42.379, 42.46, 42.448, 42.469, 42.188, 40.926, 39.335, 38.628, 38.359, 38.175, 38.17, 38.404, 39.362, 40.802, 41.372, 41.919, 42.586, 42.389, 42.397, 42.753, 42.17, 42.816, 43.703, 42.808, 41.923, 43.202, 44.649, 44.704, 44.505, 44.706, 44.706, 44.392, 44.256, 44.285, 43.886, 43.502, 43.848, 44.641, 44.891, 44.537, 44.265, 44.146, 44.105, 43.918, 43.628, 43.219, 41.937, 40.788, 40.929, 40.03, 38.778, 39.395, 39.875, 39.122, 38.607, 38.565, 38.148, 14.589], [17.624, 16.265, 12.008, 6.307, 0.0, 6.936, 12.945, 16.603, 17.917, 20.419, 25.612, 29.365, 30.604, 31.54, 32.351, 34.296, 37.597, 39.478, 39.576, 39.684, 40.581, 40.569, 39.638, 39.641, 39.506, 38.642, 37.873, 37.375, 37.118, 37.118, 37.118, 37.307, 37.985, 38.877, 39.636, 40.107, 40.501, 40.742, 40.764, 40.572, 40.225, 39.9, 38.902, 38.393, 38.406, 38.482, 38.548, 38.851, 39.523, 40.04, 40.248, 40.141, 39.045, 38.099, 38.188, 38.271, 38.187, 38.356, 38.497, 38.476, 38.644, 38.72, 38.638, 38.658, 38.487, 37.92, 37.739, 37.854, 38.699, 40.788, 41.981, 41.596, 41.887, 43.267, 44.137, 43.867, 43.151, 43.122, 43.795, 44.081, 43.511, 43.129, 43.322, 43.449, 43.092, 42.425, 41.933, 42.064, 42.373, 42.472, 42.469, 42.492, 42.22, 40.989, 39.434, 38.705, 38.422, 38.24, 38.207, 38.375, 39.246, 40.619, 41.192, 41.766, 42.448, 42.242, 42.239, 42.604, 42.037, 42.685, 43.561, 42.685, 41.834, 43.116, 44.553, 44.608, 44.411, 44.613, 44.615, 44.302, 44.179, 44.219, 43.822, 43.441, 43.783, 44.562, 44.822, 44.506, 44.267, 44.155, 44.107, 43.914, 43.622, 43.223, 41.956, 40.818, 40.96, 40.088, 38.843, 39.399, 39.848, 39.11, 38.644, 38.663, 38.273, 17.613], [19.474, 18.37, 15.271, 11.713, 6.936, 0.0, 7.456, 12.675, 14.576, 17.233, 23.016, 27.42, 29.24, 30.672, 31.712, 33.841, 37.442, 39.524, 39.608, 39.633, 40.519, 40.503, 39.514, 39.474, 39.324, 38.435, 37.661, 37.169, 36.912, 36.919, 36.937, 37.137, 37.836, 38.767, 39.57, 40.062, 40.44, 40.636, 40.599, 40.352, 39.998, 39.715, 38.806, 38.345, 38.27, 38.288, 38.35, 38.642, 39.318, 39.862, 40.043, 39.87, 38.749, 37.799, 37.895, 37.99, 37.914, 38.08, 38.196, 38.133, 38.269, 38.349, 38.318, 38.455, 38.35, 37.77, 37.556, 37.636, 38.463, 40.576, 41.783, 41.38, 41.701, 43.151, 44.054, 43.773, 43.054, 43.042, 43.739, 44.012, 43.385, 42.957, 43.142, 43.264, 42.881, 42.184, 41.683, 41.82, 42.132, 42.244, 42.265, 42.298, 42.014, 40.751, 39.139, 38.343, 38.055, 37.877, 37.805, 37.908, 38.771, 40.148, 40.735, 41.347, 42.038, 41.809, 41.82, 42.218, 41.672, 42.351, 43.253, 42.374, 41.523, 42.837, 44.282, 44.324, 44.124, 44.34, 44.35, 44.043, 43.928, 43.952, 43.521, 43.13, 43.48, 44.26, 44.533, 44.257, 44.045, 43.921, 43.858, 43.663, 43.371, 42.971, 41.702, 40.564, 40.707, 39.831, 38.565, 39.119, 39.567, 38.788, 38.297, 38.334, 37.947, 19.414], [21.634, 20.725, 18.341, 16.063, 12.945, 7.456, 0.0, 6.697, 10.066, 13.206, 19.318, 24.305, 26.778, 28.838, 30.346, 32.942, 36.937, 39.224, 39.333, 39.336, 40.223, 40.213, 39.242, 39.244, 39.107, 38.218, 37.457, 36.973, 36.706, 36.714, 36.735, 36.907, 37.571, 38.51, 39.353, 39.866, 40.242, 40.436, 40.389, 40.118, 39.758, 39.542, 38.758, 38.313, 38.131, 38.089, 38.15, 38.431, 39.1, 39.662, 39.831, 39.602, 38.47, 37.537, 37.632, 37.738, 37.673, 37.839, 37.93, 37.797, 37.858, 37.92, 37.951, 38.207, 38.162, 37.59, 37.376, 37.501, 38.443, 40.691, 41.946, 41.505, 41.844, 43.361, 44.257, 43.928, 43.165, 43.138, 43.816, 44.028, 43.331, 42.873, 43.054, 43.179, 42.8, 42.105, 41.583, 41.681, 41.961, 42.061, 42.09, 42.128, 41.828, 40.531, 38.855, 38.001, 37.732, 37.589, 37.527, 37.606, 38.538, 39.998, 40.581, 41.184, 41.866, 41.631, 41.676, 42.109, 41.564, 42.263, 43.201, 42.318, 41.474, 42.833, 44.29, 44.328, 44.116, 44.329, 44.336, 44.026, 43.89, 43.868, 43.406, 43.017, 43.369, 44.139, 44.406, 44.147, 43.948, 43.811, 43.732, 43.545, 43.271, 42.877, 41.585, 40.425, 40.559, 39.665, 38.383, 38.938, 39.38, 38.567, 38.048, 38.09, 37.717, 21.522], [23.244, 22.457, 20.484, 18.764, 16.603, 12.675, 6.697, 0.0, 5.308, 10.524, 17.147, 22.06, 24.682, 27.053, 28.885, 31.9, 36.197, 38.594, 38.764, 38.83, 39.735, 39.733, 38.847, 38.952, 38.855, 37.998, 37.271, 36.803, 36.541, 36.563, 36.591, 36.721, 37.34, 38.299, 39.184, 39.707, 40.098, 40.328, 40.31, 40.05, 39.704, 39.54, 38.81, 38.324, 38.086, 38.012, 38.073, 38.362, 39.029, 39.57, 39.738, 39.523, 38.398, 37.459, 37.537, 37.641, 37.584, 37.744, 37.815, 37.661, 37.698, 37.759, 37.824, 38.127, 38.106, 37.558, 37.371, 37.537, 38.556, 40.878, 42.172, 41.721, 42.059, 43.57, 44.42, 44.051, 43.254, 43.185, 43.82, 43.995, 43.28, 42.825, 43.005, 43.124, 42.755, 42.079, 41.552, 41.616, 41.86, 41.94, 41.964, 42.001, 41.694, 40.396, 38.718, 37.868, 37.622, 37.503, 37.479, 37.604, 38.614, 40.135, 40.704, 41.286, 41.982, 41.771, 41.828, 42.272, 41.733, 42.454, 43.411, 42.518, 41.712, 43.115, 44.583, 44.605, 44.319, 44.471, 44.474, 44.161, 43.97, 43.891, 43.427, 43.049, 43.4, 44.17, 44.44, 44.18, 43.976, 43.833, 43.744, 43.553, 43.3, 42.923, 41.601, 40.381, 40.493, 39.607, 38.325, 38.847, 39.28, 38.474, 37.97, 38.028, 37.678, 23.139], [23.827, 23.06, 21.293, 19.832, 17.917, 14.576, 10.066, 5.308, 0.0, 7.309, 15.544, 20.784, 23.31, 25.781, 27.763, 30.936, 35.448, 37.993, 38.218, 38.32, 39.267, 39.292, 38.448, 38.614, 38.552, 37.716, 36.997, 36.527, 36.279, 36.339, 36.4, 36.513, 37.123, 38.13, 39.062, 39.586, 39.969, 40.196, 40.18, 39.93, 39.603, 39.456, 38.723, 38.201, 37.943, 37.868, 37.942, 38.25, 38.936, 39.479, 39.658, 39.47, 38.336, 37.363, 37.437, 37.54, 37.483, 37.641, 37.703, 37.549, 37.598, 37.676, 37.751, 38.06, 38.03, 37.461, 37.272, 37.445, 38.506, 40.855, 42.16, 41.701, 42.015, 43.498, 44.334, 43.967, 43.167, 43.073, 43.692, 43.871, 43.16, 42.71, 42.887, 42.997, 42.619, 41.943, 41.422, 41.487, 41.72, 41.785, 41.806, 41.845, 41.527, 40.213, 38.545, 37.719, 37.484, 37.354, 37.325, 37.473, 38.502, 40.016, 40.585, 41.172, 41.888, 41.691, 41.757, 42.205, 41.69, 42.472, 43.445, 42.529, 41.752, 43.201, 44.679, 44.659, 44.299, 44.416, 44.422, 44.104, 43.882, 43.781, 43.326, 42.958, 43.307, 44.078, 44.351, 44.089, 43.878, 43.733, 43.64, 43.444, 43.194, 42.82, 41.482, 40.238, 40.368, 39.492, 38.175, 38.676, 39.132, 38.352, 37.857, 37.896, 37.533, 23.757], [25.611, 24.87, 23.31, 22.092, 20.419, 17.233, 13.206, 10.524, 7.309, 0.0, 10.019, 17.194, 20.684, 23.661, 26.204, 29.97, 34.865, 37.589, 37.848, 37.966, 38.962, 39.019, 38.221, 38.495, 38.525, 37.738, 37.042, 36.586, 36.357, 36.452, 36.537, 36.613, 37.161, 38.141, 39.067, 39.582, 39.933, 40.115, 40.078, 39.83, 39.503, 39.373, 38.744, 38.337, 38.068, 37.972, 38.054, 38.361, 39.025, 39.568, 39.745, 39.55, 38.463, 37.55, 37.639, 37.747, 37.699, 37.857, 37.905, 37.705, 37.675, 37.722, 37.838, 38.196, 38.172, 37.585, 37.385, 37.563, 38.588, 40.846, 42.104, 41.609, 41.882, 43.325, 44.131, 43.774, 42.993, 42.912, 43.53, 43.699, 42.985, 42.533, 42.703, 42.812, 42.451, 41.811, 41.325, 41.392, 41.6, 41.639, 41.655, 41.702, 41.376, 40.077, 38.506, 37.769, 37.596, 37.475, 37.408, 37.473, 38.42, 39.909, 40.505, 41.088, 41.783, 41.58, 41.663, 42.118, 41.623, 42.391, 43.328, 42.403, 41.672, 43.152, 44.59, 44.52, 44.195, 44.364, 44.362, 44.034, 43.837, 43.752, 43.311, 42.949, 43.266, 43.982, 44.23, 43.981, 43.786, 43.64, 43.553, 43.38, 43.139, 42.754, 41.435, 40.268, 40.447, 39.563, 38.184, 38.631, 39.105, 38.375, 37.899, 37.95, 37.593, 25.51], [29.341, 28.739, 27.587, 26.783, 25.612, 23.016, 19.318, 17.147, 15.544, 10.019, 0.0, 9.898, 16.172, 20.524, 24.137, 29.145, 34.517, 37.278, 37.579, 37.776, 38.813, 38.915, 38.275, 38.754, 38.94, 38.282, 37.684, 37.297, 37.103, 37.217, 37.326, 37.372, 37.832, 38.735, 39.615, 40.11, 40.458, 40.654, 40.642, 40.404, 40.075, 39.999, 39.541, 39.257, 38.948, 38.795, 38.862, 39.145, 39.715, 40.213, 40.381, 40.163, 39.184, 38.397, 38.466, 38.565, 38.522, 38.647, 38.667, 38.424, 38.298, 38.294, 38.456, 38.874, 38.894, 38.373, 38.197, 38.35, 39.243, 41.281, 42.443, 41.927, 42.184, 43.578, 44.313, 43.943, 43.184, 43.122, 43.723, 43.87, 43.181, 42.742, 42.895, 43.006, 42.691, 42.127, 41.698, 41.763, 41.944, 41.971, 41.998, 42.061, 41.753, 40.533, 39.124, 38.515, 38.447, 38.377, 38.312, 38.279, 39.085, 40.555, 41.172, 41.711, 42.358, 42.156, 42.223, 42.645, 42.143, 42.757, 43.577, 42.665, 42.019, 43.479, 44.824, 44.726, 44.475, 44.683, 44.663, 44.338, 44.17, 44.112, 43.707, 43.356, 43.618, 44.265, 44.505, 44.295, 44.127, 43.975, 43.886, 43.743, 43.537, 43.167, 41.92, 40.88, 41.078, 40.217, 38.841, 39.157, 39.604, 38.945, 38.514, 38.645, 38.368, 29.186], [31.878, 31.368, 30.533, 30.101, 29.365, 27.42, 24.305, 22.06, 20.784, 17.194, 9.898, 0.0, 9.303, 16.289, 21.6, 27.783, 33.595, 36.483, 36.911, 37.26, 38.409, 38.608, 38.109, 38.709, 38.975, 38.407, 37.894, 37.571, 37.4, 37.518, 37.658, 37.732, 38.192, 39.112, 40.015, 40.52, 40.905, 41.205, 41.294, 41.081, 40.74, 40.693, 40.267, 39.915, 39.547, 39.366, 39.421, 39.67, 40.161, 40.634, 40.812, 40.599, 39.685, 38.964, 39.012, 39.112, 39.063, 39.123, 39.094, 38.871, 38.788, 38.825, 39.003, 39.421, 39.444, 38.982, 38.852, 38.947, 39.687, 41.572, 42.709, 42.197, 42.421, 43.828, 44.622, 44.284, 43.527, 43.474, 44.084, 44.229, 43.569, 43.143, 43.278, 43.385, 43.1, 42.579, 42.176, 42.246, 42.419, 42.443, 42.474, 42.543, 42.251, 41.075, 39.751, 39.206, 39.191, 39.147, 39.09, 39.054, 39.826, 41.272, 41.853, 42.348, 42.978, 42.767, 42.769, 43.125, 42.567, 43.09, 43.837, 42.92, 42.338, 43.794, 45.102, 44.993, 44.725, 44.905, 44.878, 44.561, 44.376, 44.297, 43.897, 43.555, 43.806, 44.449, 44.713, 44.531, 44.355, 44.178, 44.07, 43.931, 43.753, 43.412, 42.212, 41.24, 41.475, 40.668, 39.302, 39.52, 39.964, 39.36, 38.957, 39.141, 38.916, 31.724], [32.353, 31.842, 31.14, 30.957, 30.604, 29.24, 26.778, 24.682, 23.31, 20.684, 16.172, 9.303, 0.0, 9.709, 17.598, 25.065, 31.475, 34.822, 35.548, 36.078, 37.341, 37.627, 37.254, 37.964, 38.248, 37.669, 37.165, 36.86, 36.686, 36.811, 36.972, 37.074, 37.612, 38.646, 39.639, 40.183, 40.611, 41.002, 41.188, 41.027, 40.68, 40.598, 40.063, 39.535, 39.114, 38.929, 38.975, 39.218, 39.72, 40.202, 40.399, 40.222, 39.261, 38.47, 38.493, 38.6, 38.532, 38.55, 38.519, 38.392, 38.461, 38.576, 38.695, 39.037, 39.026, 38.564, 38.454, 38.5, 39.124, 40.962, 42.165, 41.678, 41.836, 43.281, 44.235, 43.962, 43.184, 43.128, 43.776, 43.956, 43.317, 42.906, 43.042, 43.15, 42.878, 42.365, 41.956, 42.016, 42.176, 42.178, 42.195, 42.261, 41.968, 40.789, 39.478, 38.928, 38.885, 38.812, 38.743, 38.754, 39.572, 41.015, 41.586, 42.092, 42.711, 42.446, 42.395, 42.712, 42.109, 42.681, 43.448, 42.488, 41.92, 43.438, 44.78, 44.65, 44.306, 44.443, 44.428, 44.115, 43.886, 43.763, 43.354, 43.023, 43.286, 43.958, 44.245, 44.056, 43.84, 43.627, 43.499, 43.349, 43.178, 42.842, 41.608, 40.595, 40.856, 40.068, 38.672, 38.876, 39.341, 38.755, 38.347, 38.538, 38.343, 32.195], [32.697, 32.204, 31.625, 31.609, 31.54, 30.672, 28.838, 27.053, 25.781, 23.661, 20.524, 16.289, 9.709, 0.0, 10.753, 21.063, 28.935, 32.986, 34.076, 34.821, 36.217, 36.586, 36.369, 37.253, 37.558, 36.894, 36.344, 36.042, 35.881, 36.034, 36.225, 36.352, 36.972, 38.13, 39.22, 39.828, 40.307, 40.75, 41.002, 40.897, 40.552, 40.4, 39.668, 38.946, 38.441, 38.234, 38.279, 38.543, 39.114, 39.612, 39.797, 39.644, 38.626, 37.743, 37.767, 37.877, 37.794, 37.816, 37.807, 37.774, 37.979, 38.123, 38.134, 38.382, 38.329, 37.845, 37.748, 37.777, 38.448, 40.386, 41.7, 41.249, 41.355, 42.803, 43.857, 43.633, 42.8, 42.682, 43.354, 43.608, 43.012, 42.615, 42.764, 42.887, 42.618, 42.075, 41.634, 41.697, 41.872, 41.881, 41.899, 41.965, 41.672, 40.461, 39.073, 38.425, 38.278, 38.151, 38.083, 38.114, 38.97, 40.483, 41.121, 41.67, 42.306, 42.02, 41.962, 42.276, 41.678, 42.389, 43.239, 42.232, 41.661, 43.252, 44.64, 44.498, 44.094, 44.191, 44.204, 43.919, 43.68, 43.527, 43.08, 42.742, 43.042, 43.776, 44.073, 43.843, 43.585, 43.355, 43.208, 43.008, 42.798, 42.446, 41.126, 39.941, 40.105, 39.268, 37.843, 38.112, 38.608, 38.026, 37.649, 37.87, 37.7, 32.502], [33.021, 32.581, 32.181, 32.328, 32.351, 31.712, 30.346, 28.885, 27.763, 26.204, 24.137, 21.6, 17.598, 10.753, 0.0, 13.444, 24.272, 29.841, 31.401, 32.399, 34.174, 34.832, 34.87, 36.024, 36.407, 35.633, 34.996, 34.682, 34.534, 34.736, 35.013, 35.273, 36.093, 37.469, 38.707, 39.404, 39.968, 40.469, 40.763, 40.709, 40.387, 40.115, 39.077, 38.12, 37.503, 37.28, 37.346, 37.643, 38.318, 38.878, 39.05, 38.874, 37.728, 36.706, 36.751, 36.865, 36.749, 36.775, 36.793, 36.853, 37.174, 37.319, 37.226, 37.422, 37.357, 36.83, 36.718, 36.75, 37.66, 39.976, 41.439, 40.983, 41.078, 42.574, 43.656, 43.441, 42.542, 42.32, 42.985, 43.316, 42.758, 42.37, 42.545, 42.686, 42.364, 41.69, 41.141, 41.199, 41.426, 41.484, 41.532, 41.606, 41.292, 39.964, 38.369, 37.561, 37.283, 37.104, 37.053, 37.141, 38.137, 39.807, 40.539, 41.167, 41.86, 41.55, 41.48, 41.812, 41.264, 42.235, 43.261, 42.192, 41.53, 43.195, 44.666, 44.549, 44.134, 44.226, 44.27, 44.032, 43.808, 43.611, 43.055, 42.685, 43.079, 43.927, 44.231, 43.939, 43.641, 43.422, 43.289, 43.047, 42.777, 42.397, 40.978, 39.601, 39.64, 38.714, 37.265, 37.703, 38.276, 37.654, 37.22, 37.355, 37.119, 32.801], [34.421, 34.034, 33.846, 34.187, 34.296, 33.841, 32.942, 31.9, 30.936, 29.97, 29.145, 27.783, 25.065, 21.063, 13.444, 0.0, 14.305, 23.043, 25.894, 27.392, 29.801, 31.173, 32.018, 33.854, 34.555, 33.873, 33.309, 33.077, 32.987, 33.291, 33.781, 34.349, 35.462, 37.068, 38.431, 39.191, 39.866, 40.496, 40.877, 40.939, 40.779, 40.534, 39.331, 38.177, 37.445, 37.179, 37.243, 37.56, 38.272, 38.866, 39.084, 38.933, 37.633, 36.406, 36.394, 36.493, 36.368, 36.396, 36.44, 36.6, 37.033, 37.215, 37.054, 37.197, 37.177, 36.702, 36.588, 36.588, 37.645, 40.198, 41.729, 41.271, 41.302, 42.707, 43.722, 43.52, 42.629, 42.326, 42.955, 43.328, 42.829, 42.503, 42.718, 42.851, 42.465, 41.705, 41.115, 41.172, 41.413, 41.505, 41.59, 41.666, 41.33, 39.956, 38.288, 37.508, 37.216, 37.001, 36.93, 37.037, 38.08, 39.796, 40.561, 41.21, 41.894, 41.553, 41.502, 41.879, 41.417, 42.585, 43.778, 42.693, 41.891, 43.536, 45.069, 45.012, 44.617, 44.715, 44.764, 44.539, 44.317, 44.043, 43.35, 42.949, 43.411, 44.31, 44.585, 44.238, 43.916, 43.711, 43.599, 43.369, 43.098, 42.713, 41.277, 39.853, 39.879, 39.032, 37.735, 38.332, 38.956, 38.344, 37.841, 37.812, 37.458, 34.209], [37.44, 37.119, 37.037, 37.385, 37.597, 37.442, 36.937, 36.197, 35.448, 34.865, 34.517, 33.595, 31.475, 28.935, 24.272, 14.305, 0.0, 11.796, 17.222, 19.838, 22.732, 25.003, 27.512, 30.774, 32.308, 32.353, 32.328, 32.381, 32.45, 32.859, 33.49, 34.219, 35.316, 36.775, 38.01, 38.684, 39.379, 40.17, 40.703, 40.861, 41.001, 41.359, 40.797, 39.812, 39.144, 38.901, 38.952, 39.214, 39.751, 40.279, 40.546, 40.479, 39.349, 38.248, 38.19, 38.234, 38.15, 38.173, 38.242, 38.463, 38.901, 39.11, 39.007, 39.073, 39.073, 38.766, 38.694, 38.662, 39.49, 41.419, 42.603, 42.188, 42.053, 42.963, 43.658, 43.434, 42.688, 42.425, 42.991, 43.328, 42.94, 42.733, 42.947, 43.035, 42.677, 42.048, 41.556, 41.541, 41.657, 41.709, 41.811, 41.893, 41.609, 40.531, 39.367, 39.09, 39.054, 38.865, 38.836, 39.011, 39.861, 41.316, 41.963, 42.468, 43.072, 42.816, 42.785, 43.152, 42.731, 43.642, 44.711, 43.783, 43.001, 44.413, 45.841, 45.906, 45.628, 45.717, 45.738, 45.508, 45.275, 44.994, 44.344, 43.999, 44.436, 45.271, 45.527, 45.192, 44.914, 44.771, 44.69, 44.485, 44.268, 43.969, 42.71, 41.378, 41.352, 40.757, 39.838, 40.387, 40.936, 40.443, 39.973, 39.882, 39.492, 37.263], [39.318, 39.051, 38.986, 39.237, 39.478, 39.524, 39.224, 38.594, 37.993, 37.589, 37.278, 36.483, 34.822, 32.986, 29.841, 23.043, 11.796, 0.0, 7.895, 12.766, 16.693, 19.634, 23.532, 28.033, 30.352, 31.134, 31.603, 31.849, 32.026, 32.438, 32.964, 33.57, 34.483, 35.726, 36.815, 37.368, 38.017, 38.907, 39.524, 39.704, 40.039, 41.041, 41.461, 41.009, 40.588, 40.434, 40.461, 40.666, 41.04, 41.487, 41.755, 41.734, 40.877, 40.108, 40.126, 40.152, 40.077, 40.065, 40.154, 40.414, 40.775, 40.908, 40.875, 40.905, 40.847, 40.588, 40.542, 40.52, 41.081, 42.343, 43.128, 42.733, 42.55, 43.039, 43.446, 43.25, 42.685, 42.518, 43.048, 43.326, 42.998, 42.858, 43.054, 43.12, 42.832, 42.363, 41.977, 41.909, 41.914, 41.901, 41.984, 42.07, 41.844, 41.013, 40.28, 40.4, 40.561, 40.407, 40.461, 40.747, 41.486, 42.732, 43.234, 43.58, 44.144, 44.003, 43.976, 44.31, 43.895, 44.496, 45.394, 44.609, 43.852, 45.07, 46.397, 46.503, 46.284, 46.367, 46.381, 46.17, 45.945, 45.702, 45.175, 44.912, 45.31, 46.087, 46.361, 46.082, 45.874, 45.801, 45.769, 45.593, 45.392, 45.139, 44.01, 42.75, 42.663, 42.181, 41.432, 41.884, 42.365, 41.908, 41.416, 41.344, 40.984, 39.188], [39.431, 39.18, 39.135, 39.369, 39.576, 39.608, 39.333, 38.764, 38.218, 37.848, 37.579, 36.911, 35.548, 34.076, 31.401, 25.894, 17.222, 7.895, 0.0, 6.832, 12.635, 16.359, 20.763, 25.757, 28.418, 29.483, 30.118, 30.405, 30.602, 30.986, 31.404, 31.912, 32.765, 33.973, 35.056, 35.574, 36.206, 37.142, 37.788, 37.964, 38.374, 39.701, 40.732, 40.758, 40.539, 40.436, 40.458, 40.667, 41.055, 41.515, 41.772, 41.711, 40.873, 40.204, 40.288, 40.337, 40.257, 40.234, 40.334, 40.623, 40.965, 41.02, 40.982, 41.027, 40.925, 40.615, 40.544, 40.546, 41.159, 42.439, 43.187, 42.766, 42.61, 43.047, 43.365, 43.189, 42.683, 42.528, 43.016, 43.245, 42.878, 42.721, 42.912, 42.978, 42.701, 42.245, 41.847, 41.749, 41.71, 41.646, 41.702, 41.788, 41.552, 40.71, 40.024, 40.188, 40.366, 40.221, 40.306, 40.61, 41.362, 42.619, 43.088, 43.391, 43.953, 43.839, 43.838, 44.202, 43.799, 44.39, 45.291, 44.495, 43.681, 44.887, 46.23, 46.31, 46.068, 46.155, 46.167, 45.968, 45.771, 45.545, 45.033, 44.786, 45.183, 45.949, 46.239, 45.992, 45.796, 45.724, 45.702, 45.534, 45.319, 45.058, 43.943, 42.719, 42.658, 42.153, 41.354, 41.779, 42.267, 41.796, 41.287, 41.237, 40.874, 39.307], [39.411, 39.173, 39.19, 39.499, 39.684, 39.633, 39.336, 38.83, 38.32, 37.966, 37.776, 37.26, 36.078, 34.821, 32.399, 27.392, 19.838, 12.766, 6.832, 0.0, 7.249, 12.46, 18.182, 23.884, 26.814, 28.051, 28.781, 29.066, 29.262, 29.666, 30.068, 30.515, 31.281, 32.428, 33.514, 34.035, 34.658, 35.619, 36.3, 36.504, 37.028, 38.569, 39.857, 40.154, 40.026, 39.94, 39.981, 40.198, 40.61, 41.088, 41.35, 41.277, 40.428, 39.764, 39.864, 39.926, 39.839, 39.823, 39.935, 40.232, 40.59, 40.665, 40.647, 40.731, 40.642, 40.319, 40.235, 40.252, 40.968, 42.397, 43.208, 42.779, 42.61, 43.067, 43.372, 43.165, 42.648, 42.486, 42.941, 43.124, 42.695, 42.5, 42.688, 42.754, 42.464, 41.978, 41.522, 41.368, 41.293, 41.21, 41.265, 41.359, 41.114, 40.257, 39.575, 39.724, 39.89, 39.749, 39.834, 40.113, 40.871, 42.147, 42.615, 42.924, 43.502, 43.388, 43.418, 43.823, 43.452, 44.127, 45.078, 44.267, 43.429, 44.674, 46.055, 46.105, 45.829, 45.919, 45.934, 45.745, 45.564, 45.331, 44.803, 44.56, 44.973, 45.741, 46.039, 45.804, 45.6, 45.502, 45.457, 45.264, 45.025, 44.756, 43.638, 42.429, 42.402, 41.897, 41.073, 41.496, 41.998, 41.522, 41.008, 40.956, 40.584, 39.283], [40.147, 39.939, 40.014, 40.385, 40.581, 40.519, 40.223, 39.735, 39.267, 38.962, 38.813, 38.409, 37.341, 36.217, 34.174, 29.801, 22.732, 16.693, 12.635, 7.249, 0.0, 7.075, 15.635, 22.643, 26.035, 27.612, 28.521, 28.815, 29.029, 29.47, 29.862, 30.197, 30.748, 31.699, 32.712, 33.208, 33.803, 34.754, 35.458, 35.726, 36.399, 38.169, 39.742, 40.287, 40.227, 40.148, 40.206, 40.405, 40.757, 41.203, 41.492, 41.448, 40.649, 40.044, 40.152, 40.196, 40.099, 40.098, 40.242, 40.524, 40.834, 40.93, 40.965, 41.06, 40.986, 40.699, 40.63, 40.652, 41.341, 42.643, 43.404, 43.016, 42.845, 43.222, 43.432, 43.201, 42.714, 42.566, 42.992, 43.141, 42.702, 42.513, 42.69, 42.744, 42.484, 42.059, 41.624, 41.433, 41.323, 41.23, 41.278, 41.369, 41.134, 40.355, 39.819, 40.078, 40.299, 40.17, 40.254, 40.502, 41.174, 42.354, 42.779, 43.053, 43.631, 43.526, 43.55, 43.962, 43.652, 44.345, 45.294, 44.542, 43.76, 44.999, 46.371, 46.42, 46.129, 46.206, 46.231, 46.059, 45.867, 45.637, 45.175, 44.983, 45.377, 46.111, 46.423, 46.224, 46.034, 45.927, 45.867, 45.659, 45.417, 45.152, 44.081, 42.947, 42.959, 42.508, 41.732, 42.117, 42.605, 42.119, 41.518, 41.376, 40.988, 40.042], [40.013, 39.814, 39.935, 40.357, 40.569, 40.503, 40.213, 39.733, 39.292, 39.019, 38.915, 38.608, 37.627, 36.586, 34.832, 31.173, 25.003, 19.634, 16.359, 12.46, 7.075, 0.0, 10.488, 19.052, 23.317, 25.313, 26.394, 26.737, 27.013, 27.508, 27.934, 28.289, 28.85, 29.814, 30.878, 31.409, 32.036, 33.046, 33.793, 34.102, 34.903, 36.907, 38.795, 39.619, 39.652, 39.6, 39.669, 39.863, 40.241, 40.748, 41.065, 41.017, 40.206, 39.593, 39.686, 39.714, 39.609, 39.628, 39.812, 40.095, 40.368, 40.44, 40.481, 40.578, 40.481, 40.16, 40.087, 40.094, 40.74, 42.027, 42.782, 42.406, 42.308, 42.71, 42.854, 42.609, 42.13, 42.001, 42.463, 42.626, 42.192, 42.021, 42.201, 42.248, 42.005, 41.608, 41.187, 40.99, 40.869, 40.761, 40.791, 40.87, 40.618, 39.825, 39.332, 39.655, 39.885, 39.738, 39.853, 40.135, 40.813, 42.008, 42.42, 42.673, 43.27, 43.151, 43.146, 43.559, 43.254, 43.943, 44.904, 44.145, 43.327, 44.59, 45.991, 46.034, 45.752, 45.858, 45.91, 45.755, 45.588, 45.433, 45.068, 44.906, 45.302, 46.063, 46.418, 46.249, 46.078, 45.982, 45.93, 45.729, 45.483, 45.202, 44.141, 43.06, 43.079, 42.536, 41.655, 42.047, 42.573, 42.008, 41.238, 40.973, 40.525, 39.929], [38.993, 38.779, 38.961, 39.451, 39.638, 39.514, 39.242, 38.847, 38.448, 38.221, 38.275, 38.109, 37.254, 36.369, 34.87, 32.018, 27.512, 23.532, 20.763, 18.182, 15.635, 10.488, 0.0, 10.231, 16.209, 19.078, 20.462, 20.979, 21.489, 22.152, 22.803, 23.658, 24.836, 26.251, 27.608, 28.295, 29.056, 30.303, 31.278, 31.638, 32.539, 34.762, 36.846, 37.881, 38.009, 38.039, 38.135, 38.378, 39.01, 39.775, 40.132, 40.05, 39.133, 38.353, 38.369, 38.401, 38.303, 38.333, 38.536, 38.83, 39.122, 39.149, 39.125, 39.213, 39.045, 38.582, 38.465, 38.453, 39.147, 40.757, 41.639, 41.205, 41.239, 41.858, 42.027, 41.703, 41.153, 41.039, 41.578, 41.758, 41.282, 41.109, 41.323, 41.397, 41.128, 40.635, 40.132, 39.925, 39.818, 39.715, 39.751, 39.825, 39.526, 38.595, 37.941, 38.154, 38.299, 38.117, 38.29, 38.697, 39.528, 40.863, 41.33, 41.627, 42.252, 42.088, 42.072, 42.494, 42.107, 42.789, 43.806, 42.943, 41.928, 43.223, 44.717, 44.768, 44.576, 44.805, 44.902, 44.776, 44.715, 44.709, 44.394, 44.2, 44.648, 45.521, 45.925, 45.746, 45.574, 45.495, 45.471, 45.287, 45.022, 44.71, 43.63, 42.597, 42.6, 41.779, 40.606, 41.08, 41.69, 40.965, 40.015, 39.666, 39.128, 38.928], [38.959, 38.75, 38.976, 39.496, 39.641, 39.474, 39.244, 38.952, 38.614, 38.495, 38.754, 38.709, 37.964, 37.253, 36.024, 33.854, 30.774, 28.033, 25.757, 23.884, 22.643, 19.052, 10.231, 0.0, 7.659, 12.323, 14.61, 15.59, 16.526, 17.419, 18.52, 20.386, 22.512, 24.429, 26.02, 26.835, 27.713, 29.221, 30.527, 31.017, 31.955, 34.187, 36.135, 37.161, 37.342, 37.472, 37.602, 37.863, 38.671, 39.59, 39.975, 39.899, 38.954, 38.075, 38.083, 38.139, 38.054, 38.1, 38.31, 38.563, 38.829, 38.819, 38.734, 38.781, 38.548, 37.965, 37.789, 37.828, 38.61, 40.427, 41.374, 40.912, 41.04, 41.766, 41.928, 41.531, 40.915, 40.786, 41.326, 41.481, 40.96, 40.777, 41.03, 41.155, 40.877, 40.291, 39.706, 39.489, 39.405, 39.341, 39.411, 39.489, 39.171, 38.184, 37.427, 37.532, 37.639, 37.467, 37.665, 38.16, 39.054, 40.383, 40.888, 41.233, 41.842, 41.639, 41.637, 42.061, 41.587, 42.247, 43.305, 42.406, 41.263, 42.533, 44.069, 44.168, 44.079, 44.401, 44.52, 44.412, 44.439, 44.547, 44.279, 44.067, 44.535, 45.462, 45.891, 45.713, 45.551, 45.498, 45.507, 45.343, 45.073, 44.758, 43.719, 42.808, 42.857, 41.856, 40.509, 41.03, 41.632, 40.778, 39.729, 39.333, 38.772, 38.917], [38.789, 38.576, 38.823, 39.372, 39.506, 39.324, 39.107, 38.855, 38.552, 38.525, 38.94, 38.975, 38.248, 37.558, 36.407, 34.555, 32.308, 30.352, 28.418, 26.814, 26.035, 23.317, 16.209, 7.659, 0.0, 6.329, 10.154, 12.024, 13.236, 14.239, 15.921, 18.782, 21.634, 23.916, 25.678, 26.617, 27.603, 29.232, 30.666, 31.215, 32.1, 34.14, 35.734, 36.569, 36.679, 36.809, 36.949, 37.206, 38.064, 39.026, 39.434, 39.389, 38.387, 37.436, 37.497, 37.584, 37.501, 37.577, 37.798, 38.041, 38.321, 38.311, 38.184, 38.207, 37.95, 37.284, 37.046, 37.129, 38.068, 40.107, 41.158, 40.693, 40.874, 41.7, 41.923, 41.516, 40.826, 40.65, 41.175, 41.315, 40.743, 40.528, 40.814, 40.985, 40.687, 40.003, 39.337, 39.115, 39.075, 39.06, 39.155, 39.235, 38.915, 37.869, 36.958, 36.912, 36.97, 36.807, 37.002, 37.535, 38.513, 39.895, 40.446, 40.847, 41.442, 41.211, 41.256, 41.709, 41.135, 41.779, 42.877, 41.955, 40.743, 42.014, 43.586, 43.71, 43.665, 44.036, 44.159, 44.055, 44.13, 44.296, 44.038, 43.811, 44.294, 45.254, 45.7, 45.53, 45.379, 45.333, 45.349, 45.181, 44.899, 44.584, 43.558, 42.69, 42.755, 41.633, 40.188, 40.749, 41.318, 40.396, 39.334, 38.921, 38.357, 38.744], [37.853, 37.622, 37.902, 38.507, 38.642, 38.435, 38.218, 37.998, 37.716, 37.738, 38.282, 38.407, 37.669, 36.894, 35.633, 33.873, 32.353, 31.134, 29.483, 28.051, 27.612, 25.313, 19.078, 12.323, 6.329, 0.0, 5.144, 8.4, 9.955, 10.988, 13.302, 17.079, 20.559, 23.231, 25.229, 26.332, 27.437, 29.102, 30.525, 31.047, 31.817, 33.568, 34.733, 35.297, 35.253, 35.338, 35.478, 35.781, 36.778, 37.824, 38.245, 38.221, 37.088, 35.984, 36.063, 36.182, 36.095, 36.203, 36.431, 36.696, 37.058, 37.078, 36.892, 36.922, 36.676, 35.922, 35.623, 35.682, 36.833, 39.323, 40.599, 40.122, 40.362, 41.429, 41.851, 41.459, 40.653, 40.427, 40.994, 41.173, 40.56, 40.296, 40.599, 40.799, 40.456, 39.652, 38.9, 38.706, 38.737, 38.765, 38.869, 38.95, 38.621, 37.407, 36.147, 35.799, 35.692, 35.49, 35.678, 36.234, 37.395, 38.981, 39.641, 40.164, 40.803, 40.526, 40.586, 41.083, 40.439, 41.119, 42.27, 41.264, 39.954, 41.281, 42.916, 43.012, 42.964, 43.378, 43.514, 43.415, 43.522, 43.709, 43.403, 43.136, 43.664, 44.693, 45.149, 44.96, 44.799, 44.74, 44.741, 44.554, 44.247, 43.907, 42.809, 41.855, 41.886, 40.627, 39.029, 39.656, 40.225, 39.23, 38.182, 37.787, 37.192, 37.786], [37.035, 36.787, 37.088, 37.731, 37.873, 37.661, 37.457, 37.271, 36.997, 37.042, 37.684, 37.894, 37.165, 36.344, 34.996, 33.309, 32.328, 31.603, 30.118, 28.781, 28.521, 26.394, 20.462, 14.61, 10.154, 5.144, 0.0, 4.361, 6.702, 7.976, 10.694, 15.151, 19.153, 22.159, 24.365, 25.583, 26.759, 28.461, 29.9, 30.422, 31.139, 32.726, 33.68, 34.178, 34.125, 34.22, 34.365, 34.74, 35.931, 37.071, 37.475, 37.441, 36.201, 34.953, 35.011, 35.133, 35.027, 35.135, 35.361, 35.65, 36.064, 36.121, 35.93, 36.003, 35.782, 34.979, 34.661, 34.707, 35.992, 38.788, 40.217, 39.728, 40.007, 41.245, 41.8, 41.409, 40.539, 40.291, 40.896, 41.115, 40.49, 40.202, 40.511, 40.721, 40.352, 39.487, 38.689, 38.514, 38.582, 38.62, 38.721, 38.807, 38.464, 37.119, 35.618, 35.066, 34.828, 34.59, 34.773, 35.34, 36.643, 38.385, 39.132, 39.77, 40.469, 40.132, 40.16, 40.677, 40.012, 40.773, 41.974, 40.89, 39.512, 40.896, 42.584, 42.644, 42.566, 42.998, 43.146, 43.047, 43.161, 43.348, 42.998, 42.694, 43.256, 44.344, 44.806, 44.593, 44.417, 44.343, 44.328, 44.123, 43.792, 43.421, 42.232, 41.173, 41.171, 39.821, 38.099, 38.774, 39.374, 38.329, 37.283, 36.903, 36.274, 36.965], [36.491, 36.231, 36.536, 37.21, 37.375, 37.169, 36.973, 36.803, 36.527, 36.586, 37.297, 37.571, 36.86, 36.042, 34.682, 33.077, 32.381, 31.849, 30.405, 29.066, 28.815, 26.737, 20.979, 15.59, 12.024, 8.4, 4.361, 0.0, 3.187, 5.279, 8.332, 13.061, 17.38, 20.643, 23.024, 24.318, 25.536, 27.284, 28.769, 29.325, 30.072, 31.653, 32.61, 33.24, 33.306, 33.451, 33.608, 34.019, 35.325, 36.546, 36.961, 36.924, 35.656, 34.372, 34.449, 34.568, 34.444, 34.555, 34.799, 35.101, 35.505, 35.565, 35.404, 35.524, 35.319, 34.507, 34.202, 34.274, 35.61, 38.509, 39.994, 39.503, 39.791, 41.083, 41.683, 41.299, 40.418, 40.162, 40.784, 41.022, 40.397, 40.11, 40.429, 40.64, 40.262, 39.38, 38.564, 38.387, 38.457, 38.478, 38.562, 38.648, 38.295, 36.892, 35.309, 34.703, 34.425, 34.172, 34.354, 34.93, 36.306, 38.115, 38.892, 39.585, 40.317, 39.921, 39.908, 40.425, 39.751, 40.593, 41.85, 40.731, 39.307, 40.728, 42.45, 42.491, 42.404, 42.855, 43.013, 42.909, 43.026, 43.219, 42.857, 42.538, 43.114, 44.231, 44.701, 44.48, 44.293, 44.212, 44.19, 43.973, 43.623, 43.226, 41.99, 40.882, 40.858, 39.459, 37.673, 38.371, 38.992, 37.924, 36.857, 36.46, 35.8, 36.418], [36.174, 35.905, 36.216, 36.927, 37.118, 36.912, 36.706, 36.541, 36.279, 36.357, 37.103, 37.4, 36.686, 35.881, 34.534, 32.987, 32.45, 32.026, 30.602, 29.262, 29.029, 27.013, 21.489, 16.526, 13.236, 9.955, 6.702, 3.187, 0.0, 2.965, 6.839, 11.924, 16.422, 19.807, 22.275, 23.618, 24.877, 26.645, 28.127, 28.689, 29.457, 31.039, 31.978, 32.651, 32.751, 32.896, 33.051, 33.47, 34.81, 36.088, 36.548, 36.528, 35.217, 33.927, 34.069, 34.212, 34.077, 34.2, 34.469, 34.78, 35.175, 35.224, 35.07, 35.214, 35.018, 34.196, 33.898, 33.977, 35.338, 38.308, 39.832, 39.34, 39.635, 40.954, 41.578, 41.199, 40.308, 40.041, 40.673, 40.923, 40.295, 40.003, 40.325, 40.537, 40.15, 39.254, 38.432, 38.257, 38.33, 38.344, 38.422, 38.506, 38.148, 36.713, 35.08, 34.441, 34.145, 33.88, 34.058, 34.652, 36.087, 37.941, 38.726, 39.44, 40.181, 39.752, 39.717, 40.228, 39.535, 40.405, 41.693, 40.561, 39.11, 40.561, 42.302, 42.332, 42.255, 42.727, 42.892, 42.786, 42.907, 43.108, 42.743, 42.418, 43.004, 44.139, 44.616, 44.395, 44.207, 44.125, 44.102, 43.882, 43.519, 43.107, 41.857, 40.741, 40.705, 39.267, 37.437, 38.148, 38.772, 37.685, 36.604, 36.202, 35.53, 36.094], [36.156, 35.884, 36.193, 36.911, 37.118, 36.919, 36.714, 36.563, 36.339, 36.452, 37.217, 37.518, 36.811, 36.034, 34.736, 33.291, 32.859, 32.438, 30.986, 29.666, 29.47, 27.508, 22.152, 17.419, 14.239, 10.988, 7.976, 5.279, 2.965, 0.0, 4.763, 10.723, 15.67, 19.206, 21.714, 23.097, 24.408, 26.223, 27.728, 28.304, 29.106, 30.732, 31.71, 32.42, 32.534, 32.685, 32.84, 33.253, 34.6, 35.915, 36.412, 36.433, 35.149, 33.879, 34.04, 34.201, 34.066, 34.191, 34.465, 34.778, 35.164, 35.203, 35.055, 35.207, 35.012, 34.183, 33.886, 33.956, 35.289, 38.254, 39.774, 39.282, 39.583, 40.906, 41.52, 41.133, 40.252, 39.998, 40.628, 40.873, 40.242, 39.948, 40.269, 40.481, 40.097, 39.206, 38.39, 38.213, 38.275, 38.279, 38.353, 38.436, 38.074, 36.637, 35.024, 34.414, 34.124, 33.855, 34.046, 34.675, 36.133, 37.979, 38.752, 39.462, 40.197, 39.762, 39.722, 40.222, 39.511, 40.377, 41.672, 40.546, 39.099, 40.558, 42.304, 42.337, 42.264, 42.74, 42.904, 42.793, 42.909, 43.112, 42.755, 42.432, 43.021, 44.164, 44.645, 44.423, 44.237, 44.155, 44.135, 43.914, 43.548, 43.134, 41.88, 40.758, 40.712, 39.251, 37.397, 38.102, 38.73, 37.638, 36.557, 36.169, 35.501, 36.074], [36.194, 35.916, 36.205, 36.903, 37.118, 36.937, 36.735, 36.591, 36.4, 36.537, 37.326, 37.658, 36.972, 36.225, 35.013, 33.781, 33.49, 32.964, 31.404, 30.068, 29.862, 27.934, 22.803, 18.52, 15.921, 13.302, 10.694, 8.332, 6.839, 4.763, 0.0, 6.802, 12.664, 16.756, 19.502, 21.012, 22.448, 24.404, 26.034, 26.696, 27.616, 29.424, 30.687, 31.7, 32.011, 32.263, 32.449, 32.854, 34.191, 35.541, 36.087, 36.188, 35.067, 33.957, 34.155, 34.315, 34.201, 34.357, 34.639, 34.952, 35.313, 35.339, 35.212, 35.374, 35.171, 34.346, 34.064, 34.13, 35.393, 38.282, 39.763, 39.269, 39.572, 40.91, 41.527, 41.134, 40.303, 40.105, 40.725, 40.938, 40.294, 39.999, 40.313, 40.521, 40.142, 39.275, 38.477, 38.288, 38.315, 38.279, 38.328, 38.404, 38.037, 36.617, 35.082, 34.553, 34.288, 34.019, 34.226, 34.864, 36.299, 38.092, 38.831, 39.525, 40.247, 39.805, 39.764, 40.268, 39.572, 40.471, 41.797, 40.701, 39.277, 40.73, 42.481, 42.514, 42.415, 42.867, 43.027, 42.905, 42.999, 43.19, 42.853, 42.548, 43.127, 44.254, 44.727, 44.506, 44.321, 44.237, 44.214, 43.99, 43.62, 43.203, 41.941, 40.793, 40.737, 39.29, 37.459, 38.168, 38.813, 37.742, 36.658, 36.265, 35.601, 36.113], [36.434, 36.15, 36.408, 37.081, 37.307, 37.137, 36.907, 36.721, 36.513, 36.613, 37.372, 37.732, 37.074, 36.352, 35.273, 34.349, 34.219, 33.57, 31.912, 30.515, 30.197, 28.289, 23.658, 20.386, 18.782, 17.079, 15.151, 13.061, 11.924, 10.723, 6.802, 0.0, 6.745, 11.861, 15.303, 17.157, 18.834, 21.012, 22.833, 23.645, 24.782, 26.913, 28.692, 30.318, 31.052, 31.508, 31.766, 32.163, 33.439, 34.791, 35.401, 35.624, 34.817, 34.12, 34.502, 34.664, 34.579, 34.812, 35.124, 35.42, 35.75, 35.756, 35.642, 35.807, 35.597, 34.81, 34.561, 34.641, 35.807, 38.568, 40.005, 39.52, 39.815, 41.159, 41.787, 41.409, 40.658, 40.52, 41.105, 41.271, 40.615, 40.309, 40.597, 40.777, 40.393, 39.568, 38.812, 38.618, 38.608, 38.515, 38.52, 38.585, 38.214, 36.832, 35.426, 34.999, 34.761, 34.487, 34.686, 35.275, 36.62, 38.318, 38.99, 39.647, 40.354, 39.911, 39.864, 40.374, 39.709, 40.637, 41.98, 40.929, 39.588, 41.054, 42.794, 42.803, 42.656, 43.078, 43.238, 43.115, 43.182, 43.355, 43.051, 42.78, 43.334, 44.403, 44.849, 44.635, 44.452, 44.359, 44.326, 44.095, 43.718, 43.304, 42.066, 40.946, 40.921, 39.55, 37.793, 38.491, 39.159, 38.135, 37.016, 36.578, 35.935, 36.367], [37.16, 36.88, 37.1, 37.737, 37.985, 37.836, 37.571, 37.34, 37.123, 37.161, 37.832, 38.192, 37.612, 36.972, 36.093, 35.462, 35.316, 34.483, 32.765, 31.281, 30.748, 28.85, 24.836, 22.512, 21.634, 20.559, 19.153, 17.38, 16.422, 15.67, 12.664, 6.745, 0.0, 6.005, 10.51, 12.95, 14.897, 17.282, 19.353, 20.431, 21.901, 24.478, 26.948, 29.386, 30.658, 31.348, 31.684, 32.062, 33.209, 34.484, 35.102, 35.426, 35.002, 34.847, 35.484, 35.659, 35.595, 35.904, 36.251, 36.506, 36.778, 36.766, 36.667, 36.821, 36.612, 35.899, 35.702, 35.832, 36.877, 39.407, 40.774, 40.323, 40.593, 41.861, 42.445, 42.103, 41.438, 41.313, 41.824, 41.937, 41.281, 40.95, 41.185, 41.322, 40.942, 40.194, 39.515, 39.333, 39.29, 39.142, 39.107, 39.161, 38.793, 37.508, 36.314, 36.023, 35.832, 35.557, 35.728, 36.239, 37.43, 38.973, 39.555, 40.143, 40.824, 40.424, 40.383, 40.875, 40.254, 41.165, 42.465, 41.473, 40.269, 41.735, 43.421, 43.415, 43.248, 43.639, 43.79, 43.668, 43.712, 43.865, 43.593, 43.357, 43.866, 44.847, 45.256, 45.049, 44.864, 44.754, 44.704, 44.471, 44.1, 43.702, 42.552, 41.551, 41.6, 40.358, 38.704, 39.313, 39.978, 39.021, 37.86, 37.359, 36.752, 37.121], [38.112, 37.84, 38.016, 38.603, 38.877, 38.767, 38.51, 38.299, 38.13, 38.141, 38.735, 39.112, 38.646, 38.13, 37.469, 37.068, 36.775, 35.726, 33.973, 32.428, 31.699, 29.814, 26.251, 24.429, 23.916, 23.231, 22.159, 20.643, 19.807, 19.206, 16.756, 11.861, 6.005, 0.0, 5.314, 8.53, 10.843, 13.462, 16.004, 17.617, 19.562, 22.679, 25.989, 29.299, 31.072, 31.947, 32.338, 32.678, 33.679, 34.869, 35.461, 35.837, 35.724, 35.975, 36.762, 36.944, 36.907, 37.268, 37.64, 37.852, 38.052, 38.038, 37.989, 38.129, 37.913, 37.274, 37.128, 37.31, 38.195, 40.403, 41.661, 41.257, 41.5, 42.665, 43.2, 42.898, 42.305, 42.187, 42.635, 42.7, 42.041, 41.688, 41.87, 41.971, 41.615, 40.961, 40.367, 40.197, 40.119, 39.927, 39.865, 39.911, 39.554, 38.396, 37.421, 37.263, 37.138, 36.874, 37.004, 37.433, 38.455, 39.814, 40.311, 40.836, 41.486, 41.144, 41.114, 41.583, 41.025, 41.896, 43.118, 42.198, 41.128, 42.541, 44.136, 44.144, 44.002, 44.369, 44.501, 44.374, 44.401, 44.54, 44.299, 44.092, 44.554, 45.448, 45.826, 45.632, 45.455, 45.341, 45.286, 45.062, 44.703, 44.325, 43.274, 42.396, 42.501, 41.39, 39.869, 40.359, 40.966, 40.065, 38.876, 38.332, 37.761, 38.103], [38.932, 38.664, 38.806, 39.349, 39.636, 39.57, 39.353, 39.184, 39.062, 39.067, 39.615, 40.015, 39.639, 39.22, 38.707, 38.431, 38.01, 36.815, 35.056, 33.514, 32.712, 30.878, 27.608, 26.02, 25.678, 25.229, 24.365, 23.024, 22.275, 21.714, 19.502, 15.303, 10.51, 5.314, 0.0, 3.99, 7.061, 10.156, 13.316, 15.582, 18.019, 21.588, 25.61, 29.627, 31.737, 32.711, 33.118, 33.413, 34.294, 35.417, 35.994, 36.404, 36.479, 36.946, 37.78, 37.957, 37.949, 38.345, 38.737, 38.93, 39.08, 39.066, 39.062, 39.178, 38.948, 38.369, 38.257, 38.469, 39.228, 41.149, 42.298, 41.929, 42.149, 43.24, 43.761, 43.496, 42.959, 42.858, 43.273, 43.313, 42.667, 42.314, 42.465, 42.547, 42.214, 41.621, 41.087, 40.928, 40.832, 40.616, 40.538, 40.574, 40.231, 39.168, 38.334, 38.267, 38.198, 37.947, 38.048, 38.417, 39.307, 40.518, 40.95, 41.423, 42.046, 41.742, 41.711, 42.153, 41.647, 42.495, 43.662, 42.804, 41.814, 43.159, 44.673, 44.7, 44.606, 44.974, 45.094, 44