[[0.0, 4.688, 8.984, 12.069, 13.111, 14.731, 17.805, 20.073, 20.935, 21.999, 23.931, 25.827, 27.429, 29.234, 32.426, 35.31, 35.907, 35.837, 36.144, 36.365, 35.982, 35.827, 36.214, 36.399, 36.244, 36.139, 36.366, 36.551, 36.535, 36.731, 36.908, 36.995, 37.667, 38.042, 37.81, 37.904, 38.447, 38.395, 38.039, 38.435, 39.358, 39.592, 39.787, 40.293, 40.371, 39.79, 40.024, 40.977, 40.491, 39.447, 39.355, 39.616, 38.536, 36.73, 36.2, 36.265, 36.152, 36.041, 36.017, 36.369, 36.817, 37.284, 37.461, 37.262, 37.109, 37.006, 36.461, 35.957, 36.017, 36.424, 36.821, 37.847, 38.521, 38.639, 38.865, 38.707, 38.294, 38.37, 38.582, 38.745, 38.884, 38.83, 38.685, 38.649, 38.511, 38.455, 38.335, 38.017, 37.69, 37.623, 37.475, 37.068, 36.359, 35.65, 35.743, 36.451, 36.701, 36.016, 37.17, 38.674, 38.791, 38.669, 39.707, 41.007, 42.195, 42.934, 43.303, 43.625, 43.622, 43.388, 43.486, 44.054, 44.651, 44.985, 44.711, 43.762, 42.766, 42.364, 42.429, 42.369, 42.158, 42.182, 41.467, 38.474, 36.699, 38.311, 38.771, 38.19, 37.958, 37.785, 37.688, 38.12, 38.685, 38.62, 38.018, 37.63, 37.372, 37.103, 36.853, 36.946, 37.423, 38.067, 38.73, 39.134, 38.957, 6.942], [4.688, 0.0, 5.634, 9.594, 10.9, 12.761, 16.244, 18.676, 19.493, 20.624, 22.783, 24.869, 26.584, 28.429, 31.676, 34.638, 35.227, 35.112, 35.467, 35.735, 35.344, 35.215, 35.652, 35.865, 35.724, 35.675, 36.014, 36.282, 36.301, 36.502, 36.679, 36.77, 37.463, 37.851, 37.618, 37.714, 38.271, 38.221, 37.856, 38.266, 39.211, 39.453, 39.645, 40.156, 40.251, 39.668, 39.887, 40.847, 40.351, 39.284, 39.181, 39.446, 38.349, 36.486, 35.921, 35.991, 35.885, 35.77, 35.756, 36.134, 36.603, 37.076, 37.245, 37.038, 36.879, 36.76, 36.196, 35.69, 35.768, 36.191, 36.59, 37.644, 38.377, 38.548, 38.808, 38.647, 38.201, 38.281, 38.515, 38.69, 38.821, 38.753, 38.599, 38.562, 38.427, 38.374, 38.246, 37.907, 37.561, 37.49, 37.34, 36.924, 36.202, 35.475, 35.568, 36.286, 36.523, 35.803, 36.964, 38.48, 38.612, 38.512, 39.582, 40.891, 42.074, 42.813, 43.181, 43.503, 43.503, 43.27, 43.36, 43.92, 44.514, 44.848, 44.579, 43.631, 42.628, 42.231, 42.297, 42.228, 42.013, 42.058, 41.346, 38.29, 36.455, 38.084, 38.535, 37.908, 37.663, 37.536, 37.454, 37.878, 38.439, 38.375, 37.763, 37.358, 37.091, 36.822, 36.58, 36.69, 37.204, 37.899, 38.57, 38.974, 38.797, 9.952], [8.984, 5.634, 0.0, 4.738, 6.932, 9.835, 14.11, 16.861, 17.854, 19.259, 21.702, 23.972, 25.844, 27.839, 31.185, 34.182, 34.801, 34.75, 35.242, 35.588, 35.167, 34.975, 35.393, 35.619, 35.478, 35.422, 35.78, 36.1, 36.174, 36.395, 36.563, 36.655, 37.368, 37.762, 37.518, 37.621, 38.2, 38.148, 37.758, 38.14, 39.065, 39.301, 39.488, 39.977, 40.052, 39.461, 39.686, 40.666, 40.172, 39.091, 38.977, 39.242, 38.14, 36.265, 35.699, 35.763, 35.663, 35.562, 35.568, 35.962, 36.443, 36.922, 37.082, 36.854, 36.666, 36.516, 35.943, 35.441, 35.527, 35.958, 36.358, 37.437, 38.23, 38.443, 38.717, 38.552, 38.095, 38.187, 38.439, 38.616, 38.729, 38.644, 38.482, 38.444, 38.303, 38.234, 38.088, 37.735, 37.373, 37.291, 37.136, 36.714, 35.973, 35.231, 35.339, 36.073, 36.308, 35.598, 36.763, 38.285, 38.423, 38.325, 39.401, 40.72, 41.913, 42.652, 43.013, 43.328, 43.33, 43.11, 43.22, 43.802, 44.403, 44.735, 44.468, 43.515, 42.498, 42.1, 42.178, 42.124, 41.914, 41.956, 41.231, 38.179, 36.377, 38.054, 38.532, 37.877, 37.568, 37.436, 37.353, 37.759, 38.31, 38.241, 37.62, 37.201, 36.923, 36.649, 36.407, 36.537, 37.082, 37.802, 38.48, 38.886, 38.711, 12.284], [12.069, 9.594, 4.738, 0.0, 3.507, 8.303, 13.252, 16.118, 17.26, 18.865, 21.402, 23.707, 25.645, 27.758, 31.172, 34.169, 34.82, 34.828, 35.388, 35.788, 35.383, 35.157, 35.553, 35.786, 35.649, 35.587, 35.938, 36.276, 36.381, 36.614, 36.781, 36.876, 37.584, 37.964, 37.719, 37.827, 38.403, 38.342, 37.944, 38.312, 39.223, 39.46, 39.646, 40.121, 40.181, 39.587, 39.812, 40.792, 40.305, 39.224, 39.095, 39.35, 38.262, 36.43, 35.899, 35.959, 35.863, 35.775, 35.788, 36.166, 36.632, 37.099, 37.25, 37.02, 36.823, 36.66, 36.094, 35.604, 35.689, 36.106, 36.493, 37.556, 38.36, 38.591, 38.873, 38.728, 38.284, 38.377, 38.624, 38.792, 38.895, 38.801, 38.636, 38.596, 38.451, 38.369, 38.214, 37.863, 37.505, 37.425, 37.275, 36.856, 36.109, 35.372, 35.501, 36.232, 36.451, 35.768, 36.928, 38.429, 38.568, 38.463, 39.511, 40.812, 41.989, 42.706, 43.051, 43.361, 43.365, 43.154, 43.273, 43.86, 44.461, 44.787, 44.516, 43.568, 42.563, 42.178, 42.263, 42.208, 41.993, 42.025, 41.304, 38.308, 36.545, 38.212, 38.695, 38.042, 37.716, 37.594, 37.519, 37.914, 38.457, 38.39, 37.766, 37.332, 37.046, 36.769, 36.533, 36.67, 37.21, 37.914, 38.591, 38.993, 38.823, 14.46], [13.111, 10.9, 6.932, 3.507, 0.0, 5.909, 11.601, 14.784, 16.097, 17.892, 20.612, 23.018, 25.009, 27.284, 30.876, 33.938, 34.6, 34.604, 35.169, 35.598, 35.225, 35.032, 35.466, 35.719, 35.586, 35.535, 35.915, 36.274, 36.39, 36.63, 36.809, 36.92, 37.633, 38.014, 37.774, 37.887, 38.464, 38.397, 37.992, 38.355, 39.269, 39.511, 39.696, 40.175, 40.235, 39.629, 39.832, 40.798, 40.31, 39.238, 39.11, 39.353, 38.268, 36.464, 35.967, 36.052, 35.967, 35.879, 35.898, 36.281, 36.742, 37.201, 37.341, 37.097, 36.887, 36.716, 36.167, 35.706, 35.806, 36.232, 36.617, 37.669, 38.472, 38.708, 38.986, 38.84, 38.402, 38.49, 38.727, 38.889, 38.982, 38.877, 38.712, 38.674, 38.526, 38.437, 38.278, 37.927, 37.571, 37.49, 37.335, 36.91, 36.157, 35.422, 35.558, 36.281, 36.477, 35.794, 36.963, 38.471, 38.615, 38.514, 39.561, 40.853, 42.015, 42.719, 43.066, 43.381, 43.389, 43.182, 43.311, 43.906, 44.511, 44.842, 44.581, 43.641, 42.642, 42.266, 42.351, 42.292, 42.081, 42.116, 41.401, 38.418, 36.65, 38.299, 38.766, 38.102, 37.783, 37.677, 37.609, 37.995, 38.529, 38.459, 37.817, 37.36, 37.061, 36.779, 36.549, 36.692, 37.234, 37.937, 38.617, 39.014, 38.841, 15.264], [14.731, 12.761, 9.835, 8.303, 5.909, 0.0, 6.562, 10.675, 12.599, 14.81, 17.993, 20.747, 22.996, 25.687, 29.712, 32.954, 33.641, 33.661, 34.261, 34.728, 34.388, 34.263, 34.802, 35.109, 34.971, 34.934, 35.392, 35.823, 35.971, 36.221, 36.426, 36.605, 37.401, 37.815, 37.572, 37.702, 38.324, 38.266, 37.836, 38.19, 39.116, 39.353, 39.528, 40.018, 40.08, 39.439, 39.609, 40.568, 40.068, 39.009, 38.897, 39.131, 38.004, 36.16, 35.665, 35.791, 35.722, 35.624, 35.645, 36.066, 36.558, 37.022, 37.142, 36.858, 36.611, 36.418, 35.89, 35.489, 35.644, 36.128, 36.536, 37.587, 38.377, 38.615, 38.888, 38.707, 38.237, 38.309, 38.531, 38.68, 38.745, 38.62, 38.458, 38.431, 38.286, 38.207, 38.052, 37.694, 37.334, 37.244, 37.069, 36.639, 35.885, 35.132, 35.249, 35.969, 36.151, 35.471, 36.707, 38.279, 38.422, 38.339, 39.445, 40.769, 41.933, 42.646, 43.014, 43.341, 43.351, 43.15, 43.299, 43.916, 44.537, 44.89, 44.645, 43.689, 42.666, 42.285, 42.371, 42.322, 42.118, 42.154, 41.436, 38.4, 36.59, 38.271, 38.729, 38.015, 37.675, 37.579, 37.518, 37.904, 38.442, 38.361, 37.688, 37.206, 36.895, 36.602, 36.364, 36.509, 37.083, 37.84, 38.539, 38.936, 38.745, 16.506], [17.805, 16.244, 14.11, 13.252, 11.601, 6.562, 0.0, 5.107, 8.461, 11.666, 15.294, 18.231, 20.789, 24.124, 28.658, 32.046, 32.777, 32.886, 33.549, 34.074, 33.79, 33.733, 34.375, 34.749, 34.605, 34.574, 35.123, 35.653, 35.85, 36.1, 36.33, 36.626, 37.531, 37.962, 37.714, 37.873, 38.542, 38.497, 38.063, 38.424, 39.345, 39.565, 39.719, 40.208, 40.268, 39.589, 39.721, 40.656, 40.152, 39.123, 39.032, 39.249, 38.085, 36.229, 35.754, 35.916, 35.868, 35.759, 35.746, 36.151, 36.648, 37.1, 37.189, 36.876, 36.613, 36.415, 35.93, 35.605, 35.801, 36.324, 36.725, 37.686, 38.399, 38.622, 38.874, 38.659, 38.18, 38.248, 38.452, 38.579, 38.625, 38.491, 38.336, 38.315, 38.179, 38.121, 37.986, 37.646, 37.314, 37.236, 37.056, 36.652, 35.952, 35.233, 35.346, 36.04, 36.198, 35.583, 36.905, 38.496, 38.622, 38.565, 39.726, 41.071, 42.229, 42.946, 43.321, 43.647, 43.655, 43.458, 43.609, 44.215, 44.828, 45.178, 44.928, 43.972, 42.955, 42.575, 42.657, 42.615, 42.431, 42.477, 41.77, 38.726, 36.855, 38.499, 38.954, 38.22, 37.876, 37.805, 37.754, 38.124, 38.656, 38.58, 37.903, 37.413, 37.108, 36.824, 36.587, 36.724, 37.325, 38.12, 38.811, 39.186, 38.984, 19.222], [20.073, 18.676, 16.861, 16.118, 14.784, 10.675, 5.107, 0.0, 4.855, 9.741, 14.075, 17.031, 19.616, 23.381, 28.258, 31.722, 32.474, 32.641, 33.322, 33.877, 33.632, 33.626, 34.341, 34.76, 34.611, 34.598, 35.225, 35.826, 36.044, 36.284, 36.515, 36.865, 37.823, 38.271, 38.04, 38.207, 38.869, 38.827, 38.405, 38.758, 39.656, 39.865, 40.012, 40.506, 40.566, 39.865, 39.968, 40.878, 40.372, 39.368, 39.291, 39.497, 38.319, 36.476, 36.029, 36.21, 36.173, 36.061, 36.029, 36.4, 36.885, 37.323, 37.396, 37.083, 36.823, 36.626, 36.174, 35.89, 36.089, 36.61, 37.0, 37.908, 38.596, 38.825, 39.062, 38.824, 38.348, 38.42, 38.623, 38.751, 38.803, 38.667, 38.509, 38.487, 38.35, 38.288, 38.156, 37.829, 37.513, 37.445, 37.274, 36.892, 36.225, 35.537, 35.655, 36.325, 36.461, 35.899, 37.263, 38.834, 38.947, 38.927, 40.116, 41.45, 42.589, 43.305, 43.681, 43.999, 44.002, 43.801, 43.936, 44.516, 45.106, 45.437, 45.182, 44.254, 43.266, 42.895, 42.973, 42.937, 42.77, 42.827, 42.135, 39.119, 37.194, 38.753, 39.201, 38.466, 38.135, 38.09, 38.044, 38.395, 38.919, 38.851, 38.184, 37.69, 37.381, 37.105, 36.874, 36.999, 37.603, 38.408, 39.075, 39.429, 39.228, 21.447], [20.935, 19.493, 17.854, 17.26, 16.097, 12.599, 8.461, 4.855, 0.0, 6.32, 11.969, 15.523, 18.159, 22.057, 27.225, 30.866, 31.651, 31.806, 32.485, 33.082, 32.88, 32.952, 33.764, 34.225, 34.082, 34.119, 34.836, 35.482, 35.701, 35.948, 36.192, 36.556, 37.562, 38.055, 37.854, 38.029, 38.691, 38.65, 38.221, 38.584, 39.498, 39.707, 39.856, 40.378, 40.46, 39.746, 39.849, 40.78, 40.269, 39.25, 39.177, 39.391, 38.183, 36.281, 35.808, 35.989, 35.945, 35.831, 35.813, 36.197, 36.695, 37.142, 37.219, 36.918, 36.666, 36.472, 36.007, 35.705, 35.92, 36.445, 36.849, 37.823, 38.576, 38.824, 39.066, 38.834, 38.348, 38.417, 38.627, 38.764, 38.826, 38.692, 38.529, 38.502, 38.364, 38.29, 38.135, 37.791, 37.469, 37.405, 37.235, 36.837, 36.134, 35.393, 35.493, 36.184, 36.326, 35.754, 37.179, 38.797, 38.91, 38.923, 40.154, 41.491, 42.623, 43.348, 43.733, 44.048, 44.044, 43.831, 43.945, 44.513, 45.105, 45.436, 45.177, 44.249, 43.256, 42.879, 42.957, 42.905, 42.707, 42.758, 42.078, 39.008, 36.975, 38.518, 38.964, 38.209, 37.882, 37.864, 37.83, 38.19, 38.712, 38.634, 37.966, 37.465, 37.133, 36.85, 36.611, 36.729, 37.337, 38.167, 38.848, 39.211, 39.004, 22.45], [21.999, 20.624, 19.259, 18.865, 17.892, 14.81, 11.666, 9.741, 6.32, 0.0, 6.806, 11.684, 15.081, 19.307, 24.873, 28.838, 29.755, 29.948, 30.679, 31.418, 31.372, 31.64, 32.651, 33.211, 33.1, 33.219, 34.057, 34.786, 35.046, 35.318, 35.619, 36.1, 37.207, 37.728, 37.542, 37.787, 38.518, 38.485, 38.052, 38.466, 39.428, 39.631, 39.762, 40.299, 40.408, 39.694, 39.804, 40.755, 40.228, 39.182, 39.108, 39.326, 38.111, 36.208, 35.717, 35.866, 35.811, 35.689, 35.654, 36.022, 36.529, 36.982, 37.055, 36.76, 36.528, 36.348, 35.866, 35.53, 35.76, 36.304, 36.708, 37.681, 38.423, 38.656, 38.904, 38.705, 38.222, 38.275, 38.449, 38.553, 38.62, 38.513, 38.358, 38.328, 38.205, 38.162, 38.02, 37.681, 37.391, 37.354, 37.18, 36.775, 36.059, 35.288, 35.389, 36.112, 36.269, 35.701, 37.19, 38.868, 38.987, 38.996, 40.221, 41.538, 42.654, 43.375, 43.75, 44.051, 44.039, 43.819, 43.919, 44.477, 45.074, 45.401, 45.123, 44.181, 43.181, 42.794, 42.869, 42.788, 42.528, 42.551, 41.887, 38.794, 36.698, 38.259, 38.694, 37.92, 37.618, 37.647, 37.643, 38.01, 38.511, 38.418, 37.774, 37.292, 36.952, 36.654, 36.425, 36.581, 37.212, 38.044, 38.74, 39.11, 38.894, 23.579], [23.931, 22.783, 21.702, 21.402, 20.612, 17.993, 15.294, 14.075, 11.969, 6.806, 0.0, 6.119, 11.252, 16.603, 22.691, 26.94, 28.097, 28.485, 29.342, 30.256, 30.416, 30.891, 32.074, 32.747, 32.688, 32.878, 33.831, 34.669, 34.996, 35.276, 35.634, 36.314, 37.555, 38.077, 37.9, 38.234, 39.031, 39.021, 38.62, 39.054, 39.994, 40.182, 40.301, 40.833, 40.958, 40.275, 40.368, 41.263, 40.733, 39.699, 39.617, 39.81, 38.663, 36.94, 36.511, 36.622, 36.571, 36.44, 36.341, 36.595, 37.033, 37.455, 37.495, 37.189, 36.978, 36.821, 36.37, 36.042, 36.23, 36.745, 37.128, 37.987, 38.628, 38.834, 39.062, 38.892, 38.478, 38.54, 38.657, 38.696, 38.773, 38.712, 38.57, 38.534, 38.438, 38.457, 38.37, 38.078, 37.858, 37.863, 37.693, 37.306, 36.658, 35.985, 36.133, 36.826, 36.983, 36.478, 37.902, 39.49, 39.585, 39.565, 40.707, 41.956, 43.027, 43.715, 44.064, 44.351, 44.346, 44.136, 44.231, 44.763, 45.338, 45.639, 45.343, 44.427, 43.471, 43.089, 43.155, 43.077, 42.805, 42.799, 42.157, 39.217, 37.225, 38.701, 39.081, 38.343, 38.121, 38.202, 38.215, 38.538, 38.967, 38.857, 38.279, 37.856, 37.531, 37.231, 37.043, 37.253, 37.878, 38.636, 39.278, 39.621, 39.404, 25.409], [25.827, 24.869, 23.972, 23.707, 23.018, 20.747, 18.231, 17.031, 15.523, 11.684, 6.119, 0.0, 7.014, 14.472, 21.625, 26.194, 27.585, 28.197, 29.153, 30.148, 30.411, 30.964, 32.191, 32.919, 32.89, 33.113, 34.133, 35.029, 35.383, 35.651, 36.026, 36.844, 38.196, 38.75, 38.602, 38.967, 39.777, 39.8, 39.454, 39.877, 40.757, 40.932, 41.067, 41.607, 41.74, 41.084, 41.14, 41.969, 41.457, 40.46, 40.378, 40.539, 39.461, 37.945, 37.613, 37.708, 37.659, 37.52, 37.352, 37.464, 37.801, 38.177, 38.18, 37.857, 37.652, 37.516, 37.12, 36.83, 36.961, 37.418, 37.787, 38.551, 39.127, 39.324, 39.518, 39.336, 39.0, 39.091, 39.182, 39.205, 39.319, 39.301, 39.173, 39.134, 39.064, 39.122, 39.075, 38.824, 38.649, 38.674, 38.509, 38.133, 37.543, 36.967, 37.159, 37.811, 37.954, 37.496, 38.816, 40.277, 40.348, 40.295, 41.338, 42.521, 43.548, 44.201, 44.535, 44.823, 44.831, 44.637, 44.728, 45.235, 45.784, 46.066, 45.767, 44.887, 43.984, 43.621, 43.681, 43.621, 43.367, 43.335, 42.704, 39.973, 38.119, 39.424, 39.744, 39.062, 38.918, 39.041, 39.06, 39.316, 39.657, 39.528, 39.014, 38.652, 38.36, 38.083, 37.932, 38.152, 38.733, 39.409, 39.997, 40.305, 40.098, 27.13], [27.429, 26.584, 25.844, 25.645, 25.009, 22.996, 20.789, 19.616, 18.159, 15.081, 11.252, 7.014, 0.0, 9.601, 18.773, 24.31, 26.027, 26.814, 27.949, 29.1, 29.435, 30.067, 31.409, 32.205, 32.183, 32.434, 33.52, 34.439, 34.792, 35.075, 35.47, 36.37, 37.851, 38.481, 38.378, 38.787, 39.64, 39.704, 39.4, 39.852, 40.745, 40.922, 41.076, 41.657, 41.8, 41.111, 41.134, 41.969, 41.458, 40.454, 40.368, 40.508, 39.422, 37.941, 37.637, 37.759, 37.716, 37.568, 37.354, 37.403, 37.709, 38.074, 38.061, 37.725, 37.518, 37.39, 37.012, 36.744, 36.883, 37.345, 37.713, 38.469, 39.069, 39.264, 39.425, 39.22, 38.914, 39.029, 39.134, 39.194, 39.377, 39.408, 39.296, 39.262, 39.209, 39.282, 39.239, 38.99, 38.818, 38.843, 38.673, 38.277, 37.668, 37.087, 37.275, 37.95, 38.102, 37.626, 38.961, 40.427, 40.485, 40.422, 41.457, 42.653, 43.685, 44.327, 44.658, 44.947, 44.957, 44.768, 44.861, 45.359, 45.897, 46.171, 45.866, 44.974, 44.066, 43.706, 43.776, 43.74, 43.508, 43.471, 42.813, 40.101, 38.232, 39.463, 39.76, 39.062, 38.917, 39.069, 39.102, 39.333, 39.643, 39.504, 39.007, 38.67, 38.41, 38.158, 38.018, 38.228, 38.792, 39.463, 40.05, 40.355, 40.178, 28.489], [29.234, 28.429, 27.839, 27.758, 27.284, 25.687, 24.124, 23.381, 22.057, 19.307, 16.603, 14.472, 9.601, 0.0, 11.021, 18.447, 20.978, 22.144, 24.002, 25.81, 26.367, 27.196, 28.847, 29.816, 29.835, 30.153, 31.383, 32.408, 32.85, 33.204, 33.658, 34.678, 36.339, 37.068, 36.999, 37.519, 38.504, 38.62, 38.379, 38.976, 40.005, 40.208, 40.36, 40.955, 41.099, 40.387, 40.419, 41.312, 40.786, 39.73, 39.616, 39.759, 38.633, 37.044, 36.683, 36.825, 36.783, 36.63, 36.422, 36.495, 36.834, 37.22, 37.199, 36.86, 36.66, 36.537, 36.128, 35.824, 35.99, 36.493, 36.86, 37.636, 38.288, 38.496, 38.651, 38.473, 38.181, 38.303, 38.403, 38.456, 38.671, 38.757, 38.664, 38.623, 38.58, 38.678, 38.637, 38.369, 38.191, 38.237, 38.07, 37.648, 36.996, 36.369, 36.544, 37.287, 37.486, 36.995, 38.416, 39.919, 39.952, 39.907, 41.006, 42.271, 43.34, 43.981, 44.298, 44.577, 44.584, 44.391, 44.478, 44.975, 45.513, 45.788, 45.482, 44.557, 43.599, 43.212, 43.3, 43.298, 43.103, 43.103, 42.408, 39.554, 37.575, 38.868, 39.19, 38.437, 38.21, 38.353, 38.41, 38.689, 39.035, 38.884, 38.356, 38.026, 37.803, 37.568, 37.423, 37.644, 38.234, 38.933, 39.53, 39.837, 39.663, 30.159], [32.426, 31.676, 31.185, 31.172, 30.876, 29.712, 28.658, 28.258, 27.225, 24.873, 22.691, 21.625, 18.773, 11.021, 0.0, 9.372, 13.922, 16.729, 20.217, 23.132, 24.099, 25.317, 27.311, 28.466, 28.611, 29.03, 30.384, 31.608, 32.276, 32.699, 33.171, 34.282, 36.036, 36.821, 36.786, 37.374, 38.43, 38.596, 38.418, 39.098, 40.168, 40.369, 40.493, 41.025, 41.148, 40.49, 40.563, 41.464, 40.95, 39.917, 39.786, 39.935, 38.861, 37.289, 36.903, 36.989, 36.934, 36.783, 36.588, 36.667, 36.996, 37.356, 37.314, 36.98, 36.798, 36.69, 36.299, 35.997, 36.149, 36.658, 37.003, 37.699, 38.323, 38.56, 38.707, 38.518, 38.237, 38.356, 38.405, 38.363, 38.542, 38.68, 38.617, 38.564, 38.53, 38.652, 38.631, 38.377, 38.233, 38.33, 38.212, 37.827, 37.213, 36.621, 36.82, 37.53, 37.731, 37.321, 38.667, 40.078, 40.094, 40.012, 41.031, 42.251, 43.295, 43.907, 44.195, 44.46, 44.477, 44.302, 44.4, 44.899, 45.44, 45.716, 45.416, 44.509, 43.554, 43.155, 43.246, 43.262, 43.095, 43.118, 42.434, 39.657, 37.752, 38.996, 39.35, 38.659, 38.384, 38.492, 38.56, 38.876, 39.24, 39.074, 38.559, 38.292, 38.134, 37.929, 37.791, 38.011, 38.601, 39.301, 39.855, 40.125, 39.951, 33.219], [35.31, 34.638, 34.182, 34.169, 33.938, 32.954, 32.046, 31.722, 30.866, 28.838, 26.94, 26.194, 24.31, 18.447, 9.372, 0.0, 7.275, 13.599, 19.206, 22.776, 23.902, 25.384, 27.467, 28.697, 28.99, 29.475, 30.857, 32.241, 33.095, 33.545, 33.993, 35.119, 36.875, 37.678, 37.66, 38.219, 39.241, 39.434, 39.278, 39.911, 40.913, 41.106, 41.21, 41.675, 41.776, 41.169, 41.261, 42.13, 41.617, 40.624, 40.486, 40.637, 39.641, 38.146, 37.765, 37.819, 37.759, 37.602, 37.406, 37.474, 37.77, 38.089, 38.02, 37.675, 37.485, 37.381, 37.055, 36.841, 36.997, 37.469, 37.779, 38.385, 38.966, 39.227, 39.358, 39.101, 38.797, 38.908, 38.909, 38.793, 38.95, 39.113, 39.059, 38.995, 38.963, 39.09, 39.088, 38.867, 38.755, 38.883, 38.819, 38.494, 37.939, 37.392, 37.584, 38.205, 38.391, 38.112, 39.346, 40.652, 40.673, 40.54, 41.429, 42.548, 43.526, 44.092, 44.342, 44.591, 44.624, 44.474, 44.591, 45.093, 45.633, 45.913, 45.631, 44.77, 43.867, 43.48, 43.557, 43.575, 43.423, 43.445, 42.785, 40.178, 38.39, 39.527, 39.944, 39.359, 39.057, 39.109, 39.172, 39.498, 39.861, 39.694, 39.231, 39.026, 38.9, 38.719, 38.583, 38.77, 39.326, 40.017, 40.518, 40.748, 40.574, 35.93], [35.907, 35.227, 34.801, 34.82, 34.6, 33.641, 32.777, 32.474, 31.651, 29.755, 28.097, 27.585, 26.027, 20.978, 13.922, 7.275, 0.0, 8.95, 16.745, 21.002, 22.104, 23.676, 25.959, 27.396, 27.806, 28.357, 29.881, 31.427, 32.411, 32.924, 33.4, 34.572, 36.383, 37.209, 37.184, 37.75, 38.809, 39.029, 38.89, 39.574, 40.607, 40.815, 40.966, 41.479, 41.586, 40.943, 41.05, 41.96, 41.4, 40.357, 40.211, 40.379, 39.388, 37.832, 37.404, 37.473, 37.428, 37.268, 37.085, 37.198, 37.526, 37.863, 37.811, 37.493, 37.338, 37.252, 36.922, 36.731, 36.943, 37.426, 37.731, 38.366, 38.962, 39.225, 39.371, 39.116, 38.78, 38.878, 38.891, 38.794, 38.954, 39.099, 39.033, 38.971, 38.928, 39.023, 38.993, 38.746, 38.606, 38.724, 38.672, 38.345, 37.76, 37.174, 37.327, 37.934, 38.118, 37.817, 39.075, 40.42, 40.452, 40.346, 41.271, 42.388, 43.352, 43.923, 44.175, 44.421, 44.445, 44.279, 44.386, 44.889, 45.431, 45.706, 45.414, 44.55, 43.65, 43.268, 43.347, 43.345, 43.154, 43.167, 42.492, 39.798, 37.919, 39.104, 39.568, 38.993, 38.684, 38.733, 38.808, 39.156, 39.552, 39.402, 38.949, 38.761, 38.646, 38.481, 38.348, 38.506, 39.032, 39.752, 40.296, 40.539, 40.355, 36.506], [35.837, 35.112, 34.75, 34.828, 34.604, 33.661, 32.886, 32.641, 31.806, 29.948, 28.485, 28.197, 26.814, 22.144, 16.729, 13.599, 8.95, 0.0, 9.918, 16.009, 17.839, 19.862, 22.873, 24.904, 25.452, 26.18, 28.13, 29.923, 30.98, 31.536, 32.077, 33.353, 35.262, 36.127, 36.146, 36.823, 38.0, 38.267, 38.173, 39.004, 40.146, 40.38, 40.612, 41.268, 41.439, 40.756, 40.851, 41.8, 41.223, 40.143, 40.003, 40.185, 39.193, 37.62, 37.208, 37.308, 37.298, 37.166, 37.024, 37.2, 37.561, 37.906, 37.877, 37.622, 37.543, 37.504, 37.156, 36.926, 37.158, 37.656, 37.982, 38.668, 39.264, 39.522, 39.712, 39.515, 39.193, 39.298, 39.359, 39.29, 39.387, 39.455, 39.37, 39.327, 39.282, 39.342, 39.276, 39.005, 38.831, 38.91, 38.838, 38.493, 37.872, 37.245, 37.361, 37.958, 38.12, 37.7, 38.929, 40.276, 40.317, 40.283, 41.257, 42.344, 43.279, 43.872, 44.153, 44.402, 44.408, 44.22, 44.303, 44.782, 45.3, 45.55, 45.246, 44.395, 43.509, 43.139, 43.229, 43.21, 42.954, 42.936, 42.26, 39.527, 37.64, 38.866, 39.282, 38.692, 38.457, 38.561, 38.622, 38.922, 39.298, 39.148, 38.682, 38.473, 38.336, 38.164, 38.048, 38.23, 38.753, 39.475, 40.07, 40.341, 40.169, 36.537], [36.144, 35.467, 35.242, 35.388, 35.169, 34.261, 33.549, 33.322, 32.485, 30.679, 29.342, 29.153, 27.949, 24.002, 20.217, 19.206, 16.745, 9.918, 0.0, 8.189, 12.189, 15.529, 19.554, 22.43, 23.176, 24.083, 26.568, 28.636, 29.651, 30.157, 30.768, 32.192, 34.224, 35.151, 35.274, 36.14, 37.487, 37.813, 37.741, 38.697, 39.985, 40.294, 40.619, 41.444, 41.736, 41.085, 41.154, 42.057, 41.491, 40.434, 40.329, 40.504, 39.537, 38.086, 37.799, 37.945, 37.952, 37.84, 37.739, 37.936, 38.289, 38.62, 38.608, 38.392, 38.347, 38.337, 37.976, 37.67, 37.812, 38.271, 38.599, 39.292, 39.889, 40.153, 40.342, 40.149, 39.871, 40.017, 40.143, 40.124, 40.179, 40.169, 40.058, 40.029, 39.995, 40.038, 39.975, 39.726, 39.55, 39.609, 39.532, 39.193, 38.592, 37.97, 38.056, 38.639, 38.78, 38.221, 39.299, 40.59, 40.66, 40.674, 41.636, 42.657, 43.556, 44.182, 44.502, 44.749, 44.736, 44.533, 44.594, 45.041, 45.518, 45.732, 45.421, 44.616, 43.796, 43.444, 43.515, 43.495, 43.213, 43.16, 42.493, 39.823, 38.04, 39.281, 39.626, 39.018, 38.842, 38.965, 38.978, 39.202, 39.524, 39.37, 38.909, 38.655, 38.452, 38.252, 38.156, 38.379, 38.905, 39.57, 40.137, 40.408, 40.253, 36.914], [36.365, 35.735, 35.588, 35.788, 35.598, 34.728, 34.074, 33.877, 33.082, 31.418, 30.256, 30.148, 29.1, 25.81, 23.132, 22.776, 21.002, 16.009, 8.189, 0.0, 6.235, 11.496, 16.262, 19.593, 20.522, 21.551, 24.457, 26.868, 27.922, 28.347, 28.951, 30.474, 32.656, 33.675, 33.869, 34.86, 36.359, 36.74, 36.657, 37.708, 39.18, 39.605, 40.005, 40.957, 41.432, 40.982, 41.177, 42.072, 41.511, 40.504, 40.436, 40.628, 39.678, 38.241, 37.958, 38.115, 38.128, 38.017, 37.925, 38.128, 38.49, 38.833, 38.832, 38.609, 38.553, 38.549, 38.17, 37.786, 37.865, 38.314, 38.646, 39.384, 40.026, 40.305, 40.471, 40.245, 39.969, 40.141, 40.303, 40.332, 40.393, 40.351, 40.223, 40.198, 40.165, 40.206, 40.154, 39.9, 39.697, 39.749, 39.684, 39.355, 38.754, 38.103, 38.156, 38.76, 38.897, 38.202, 39.192, 40.49, 40.579, 40.614, 41.609, 42.652, 43.583, 44.264, 44.625, 44.885, 44.868, 44.653, 44.702, 45.146, 45.609, 45.797, 45.465, 44.669, 43.871, 43.508, 43.561, 43.556, 43.276, 43.206, 42.535, 39.839, 38.086, 39.428, 39.77, 39.049, 38.803, 38.916, 38.913, 39.121, 39.436, 39.293, 38.836, 38.544, 38.292, 38.08, 38.002, 38.251, 38.788, 39.455, 40.023, 40.304, 40.156, 37.132], [35.982, 35.344, 35.167, 35.383, 35.225, 34.388, 33.79, 33.632, 32.88, 31.372, 30.416, 30.411, 29.435, 26.367, 24.099, 23.902, 22.104, 17.839, 12.189, 6.235, 0.0, 6.69, 12.628, 16.361, 17.272, 18.362, 21.685, 24.481, 25.681, 26.065, 26.623, 28.234, 30.625, 31.776, 31.98, 32.991, 34.595, 35.016, 34.927, 36.084, 37.724, 38.224, 38.67, 39.682, 40.247, 39.97, 40.401, 41.405, 40.813, 39.801, 39.748, 39.976, 38.985, 37.377, 36.96, 37.113, 37.127, 37.012, 36.915, 37.146, 37.556, 37.941, 37.948, 37.715, 37.659, 37.654, 37.24, 36.804, 36.909, 37.415, 37.766, 38.577, 39.273, 39.554, 39.719, 39.474, 39.14, 39.294, 39.466, 39.513, 39.581, 39.529, 39.394, 39.373, 39.341, 39.397, 39.341, 39.043, 38.8, 38.85, 38.788, 38.439, 37.775, 37.045, 37.079, 37.738, 37.897, 37.147, 38.212, 39.595, 39.677, 39.735, 40.853, 42.016, 43.034, 43.77, 44.163, 44.44, 44.418, 44.191, 44.248, 44.719, 45.2, 45.396, 45.056, 44.218, 43.357, 42.954, 43.007, 43.013, 42.755, 42.697, 41.978, 39.097, 37.274, 38.797, 39.18, 38.348, 38.016, 38.112, 38.11, 38.353, 38.715, 38.573, 38.064, 37.731, 37.461, 37.244, 37.167, 37.424, 37.999, 38.765, 39.406, 39.711, 39.561, 36.701], [35.827, 35.215, 34.975, 35.157, 35.032, 34.263, 33.733, 33.626, 32.952, 31.64, 30.891, 30.964, 30.067, 27.196, 25.317, 25.384, 23.676, 19.862, 15.529, 11.496, 6.69, 0.0, 7.471, 12.656, 13.765, 14.68, 18.546, 21.888, 23.339, 23.77, 24.361, 26.151, 28.841, 30.157, 30.353, 31.368, 33.076, 33.531, 33.463, 34.77, 36.557, 37.095, 37.556, 38.59, 39.158, 38.924, 39.522, 40.648, 40.029, 38.983, 38.941, 39.201, 38.164, 36.406, 35.891, 36.047, 36.052, 35.928, 35.832, 36.097, 36.563, 36.99, 37.004, 36.773, 36.731, 36.711, 36.232, 35.747, 35.913, 36.49, 36.852, 37.733, 38.498, 38.787, 38.949, 38.681, 38.288, 38.437, 38.642, 38.722, 38.791, 38.728, 38.596, 38.58, 38.547, 38.623, 38.563, 38.214, 37.919, 37.965, 37.895, 37.508, 36.781, 35.986, 36.025, 36.756, 36.936, 36.156, 37.323, 38.79, 38.864, 38.954, 40.23, 41.547, 42.664, 43.438, 43.841, 44.115, 44.072, 43.834, 43.911, 44.416, 44.923, 45.148, 44.831, 43.97, 43.04, 42.596, 42.654, 42.667, 42.449, 42.432, 41.657, 38.571, 36.643, 38.312, 38.722, 37.805, 37.388, 37.439, 37.411, 37.683, 38.109, 37.978, 37.407, 37.026, 36.734, 36.49, 36.386, 36.616, 37.195, 38.052, 38.761, 39.076, 38.922, 36.426], [36.214, 35.652, 35.393, 35.553, 35.466, 34.802, 34.375, 34.341, 33.764, 32.651, 32.074, 32.191, 31.409, 28.847, 27.311, 27.467, 25.959, 22.873, 19.554, 16.262, 12.628, 7.471, 0.0, 6.939, 9.116, 10.013, 14.271, 18.436, 20.48, 21.089, 21.727, 23.777, 26.862, 28.402, 28.662, 29.731, 31.537, 32.021, 31.977, 33.427, 35.386, 35.981, 36.457, 37.585, 38.329, 38.28, 39.004, 40.207, 39.625, 38.596, 38.562, 38.867, 37.872, 36.103, 35.57, 35.74, 35.734, 35.592, 35.525, 35.85, 36.346, 36.788, 36.815, 36.589, 36.551, 36.52, 35.988, 35.445, 35.655, 36.285, 36.639, 37.533, 38.322, 38.599, 38.748, 38.455, 38.023, 38.16, 38.388, 38.495, 38.565, 38.497, 38.371, 38.361, 38.327, 38.41, 38.349, 37.979, 37.655, 37.692, 37.606, 37.196, 36.464, 35.681, 35.71, 36.451, 36.649, 35.887, 37.069, 38.526, 38.598, 38.73, 40.099, 41.496, 42.659, 43.44, 43.835, 44.105, 44.061, 43.841, 43.956, 44.49, 45.005, 45.244, 44.959, 44.105, 43.135, 42.666, 42.728, 42.757, 42.581, 42.601, 41.795, 38.629, 36.647, 38.331, 38.765, 37.814, 37.307, 37.297, 37.247, 37.54, 38.011, 37.888, 37.275, 36.857, 36.542, 36.268, 36.137, 36.328, 36.874, 37.748, 38.515, 38.882, 38.754, 36.701], [36.399, 35.865, 35.619, 35.786, 35.719, 35.109, 34.749, 34.76, 34.225, 33.211, 32.747, 32.919, 32.205, 29.816, 28.466, 28.697, 27.396, 24.904, 22.43, 19.593, 16.361, 12.656, 6.939, 0.0, 3.702, 6.106, 10.436, 15.073, 17.816, 18.649, 19.217, 21.391, 24.782, 26.538, 26.887, 27.987, 29.854, 30.369, 30.296, 31.755, 33.82, 34.454, 34.946, 36.204, 37.222, 37.511, 38.421, 39.667, 39.173, 38.264, 38.26, 38.607, 37.698, 35.945, 35.377, 35.551, 35.555, 35.423, 35.422, 35.852, 36.389, 36.844, 36.899, 36.681, 36.627, 36.579, 36.006, 35.403, 35.621, 36.268, 36.613, 37.505, 38.295, 38.544, 38.675, 38.389, 37.937, 38.028, 38.232, 38.337, 38.399, 38.327, 38.204, 38.193, 38.153, 38.231, 38.166, 37.791, 37.468, 37.502, 37.388, 36.962, 36.262, 35.552, 35.579, 36.297, 36.523, 35.781, 36.916, 38.346, 38.411, 38.562, 39.974, 41.404, 42.582, 43.37, 43.775, 44.054, 44.018, 43.816, 43.965, 44.527, 45.048, 45.279, 44.98, 44.1, 43.099, 42.618, 42.677, 42.71, 42.541, 42.571, 41.749, 38.553, 36.56, 38.259, 38.733, 37.804, 37.264, 37.22, 37.163, 37.488, 38.011, 37.9, 37.255, 36.829, 36.529, 36.261, 36.125, 36.308, 36.837, 37.694, 38.491, 38.921, 38.833, 36.857], [36.244, 35.724, 35.478, 35.649, 35.586, 34.971, 34.605, 34.611, 34.082, 33.1, 32.688, 32.89, 32.183, 29.835, 28.611, 28.99, 27.806, 25.452, 23.176, 20.522, 17.272, 13.765, 9.116, 3.702, 0.0, 4.085, 9.192, 14.004, 16.904, 17.799, 18.341, 20.543, 24.029, 25.847, 26.201, 27.285, 29.175, 29.71, 29.628, 31.092, 33.184, 33.808, 34.302, 35.609, 36.693, 37.056, 38.037, 39.315, 38.842, 37.97, 37.997, 38.363, 37.463, 35.686, 35.094, 35.262, 35.267, 35.145, 35.164, 35.628, 36.184, 36.653, 36.722, 36.505, 36.437, 36.37, 35.767, 35.141, 35.375, 36.035, 36.384, 37.297, 38.107, 38.346, 38.462, 38.181, 37.729, 37.811, 38.008, 38.106, 38.166, 38.097, 37.976, 37.966, 37.92, 37.997, 37.933, 37.557, 37.23, 37.259, 37.135, 36.703, 36.002, 35.299, 35.339, 36.073, 36.316, 35.547, 36.667, 38.109, 38.163, 38.308, 39.752, 41.218, 42.42, 43.228, 43.652, 43.94, 43.901, 43.699, 43.857, 44.432, 44.957, 45.18, 44.866, 43.961, 42.939, 42.45, 42.507, 42.539, 42.375, 42.407, 41.57, 38.317, 36.316, 38.081, 38.569, 37.64, 37.096, 37.036, 36.969, 37.31, 37.856, 37.749, 37.092, 36.673, 36.386, 36.123, 35.982, 36.163, 36.698, 37.569, 38.376, 38.823, 38.746, 36.679], [36.139, 35.675, 35.422, 35.587, 35.535, 34.934, 34.574, 34.598, 34.119, 33.219, 32.878, 33.113, 32.434, 30.153, 29.03, 29.475, 28.357, 26.18, 24.083, 21.551, 18.362, 14.68, 10.013, 6.106, 4.085, 0.0, 6.399, 12.202, 15.527, 16.515, 17.105, 19.512, 23.24, 25.149, 25.502, 26.614, 28.577, 29.136, 29.084, 30.639, 32.791, 33.415, 33.903, 35.214, 36.291, 36.639, 37.652, 38.987, 38.514, 37.62, 37.658, 38.05, 37.137, 35.306, 34.687, 34.858, 34.854, 34.719, 34.733, 35.218, 35.796, 36.283, 36.364, 36.142, 36.06, 35.975, 35.347, 34.704, 34.96, 35.647, 36.001, 36.923, 37.737, 37.969, 38.075, 37.778, 37.302, 37.387, 37.594, 37.691, 37.76, 37.698, 37.582, 37.576, 37.527, 37.602, 37.54, 37.161, 36.827, 36.863, 36.743, 36.305, 35.592, 34.885, 34.942, 35.685, 35.926, 35.124, 36.28, 37.765, 37.808, 37.954, 39.452, 40.984, 42.237, 43.073, 43.509, 43.801, 43.761, 43.563, 43.733, 44.315, 44.835, 45.065, 44.759, 43.845, 42.797, 42.289, 42.349, 42.402, 42.268, 42.321, 41.459, 38.121, 36.062, 37.889, 38.403, 37.464, 36.88, 36.758, 36.664, 37.015, 37.566, 37.449, 36.789, 36.387, 36.114, 35.851, 35.709, 35.889, 36.434, 37.321, 38.133, 38.589, 38.52, 36.442], [36.366, 36.014, 35.78, 35.938, 35.915, 35.392, 35.123, 35.225, 34.836, 34.057, 33.831, 34.133, 33.52, 31.383, 30.384, 30.857, 29.881, 28.13, 26.568, 24.457, 21.685, 18.546, 14.271, 10.436, 9.192, 6.399, 0.0, 7.111, 11.826, 13.333, 13.871, 16.543, 20.823, 23.07, 23.525, 24.72, 26.867, 27.541, 27.539, 29.165, 31.398, 32.048, 32.556, 33.913, 35.081, 35.583, 36.776, 38.223, 37.804, 36.993, 37.069, 37.51, 36.669, 34.842, 34.194, 34.382, 34.373, 34.237, 34.301, 34.865, 35.493, 36.017, 36.141, 35.945, 35.86, 35.769, 35.135, 34.487, 34.762, 35.455, 35.793, 36.676, 37.444, 37.641, 37.736, 37.436, 36.932, 36.989, 37.185, 37.287, 37.38, 37.347, 37.249, 37.248, 37.197, 37.264, 37.189, 36.785, 36.432, 36.473, 36.357, 35.917, 35.237, 34.604, 34.673, 35.386, 35.648, 34.874, 36.042, 37.545, 37.571, 37.72, 39.296, 40.911, 42.212, 43.058, 43.488, 43.768, 43.721, 43.537, 43.736, 44.333, 44.852, 45.086, 44.795, 43.869, 42.786, 42.257, 42.315, 42.384, 42.293, 42.387, 41.509, 38.095, 35.956, 37.788, 38.366, 37.464, 36.83, 36.63, 36.53, 36.932, 37.518, 37.398, 36.734, 36.372, 36.153, 35.926, 35.794, 35.975, 36.513, 37.379, 38.18, 38.655, 38.615, 36.484], [36.551, 36.282, 36.1, 36.276, 36.274, 35.823, 35.653, 35.826, 35.482, 34.786, 34.669, 35.029, 34.439, 32.408, 31.608, 32.241, 31.427, 29.923, 28.636, 26.868, 24.481, 21.888, 18.436, 15.073, 14.004, 12.202, 7.111, 0.0, 6.023, 8.519, 9.19, 12.167, 17.235, 20.011, 20.67, 22.014, 24.439, 25.32, 25.405, 27.118, 29.473, 30.185, 30.766, 32.243, 33.507, 34.095, 35.453, 37.018, 36.682, 36.055, 36.226, 36.697, 35.976, 34.289, 33.767, 34.031, 34.016, 33.899, 34.026, 34.649, 35.313, 35.876, 36.063, 35.929, 35.857, 35.766, 35.173, 34.574, 34.851, 35.508, 35.822, 36.667, 37.374, 37.529, 37.592, 37.269, 36.758, 36.796, 36.973, 37.068, 37.187, 37.201, 37.123, 37.124, 37.067, 37.112, 37.009, 36.576, 36.197, 36.22, 36.09, 35.646, 35.011, 34.474, 34.602, 35.302, 35.565, 34.839, 36.038, 37.538, 37.541, 37.665, 39.295, 40.989, 42.344, 43.2, 43.619, 43.885, 43.827, 43.639, 43.845, 44.449, 44.972, 45.209, 44.917, 43.981, 42.885, 42.35, 42.389, 42.44, 42.372, 42.502, 41.613, 38.13, 35.919, 37.709, 38.329, 37.478, 36.851, 36.626, 36.532, 36.959, 37.562, 37.448, 36.791, 36.452, 36.263, 36.069, 35.958, 36.151, 36.697, 37.554, 38.345, 38.818, 38.797, 36.571], [36.535, 36.301, 36.174, 36.381, 36.39, 35.971, 35.85, 36.044, 35.701, 35.046, 34.996, 35.383, 34.792, 32.85, 32.276, 33.095, 32.411, 30.98, 29.651, 27.922, 25.681, 23.339, 20.48, 17.816, 16.904, 15.527, 11.826, 6.023, 0.0, 3.441, 5.125, 9.01, 14.749, 17.871, 18.701, 20.194, 22.815, 23.84, 23.999, 25.815, 28.311, 29.097, 29.749, 31.338, 32.672, 33.257, 34.637, 36.245, 35.965, 35.448, 35.699, 36.173, 35.488, 33.972, 33.717, 34.09, 34.067, 33.954, 34.101, 34.715, 35.366, 35.936, 36.152, 36.048, 35.972, 35.872, 35.31, 34.763, 35.027, 35.643, 35.964, 36.822, 37.513, 37.66, 37.699, 37.346, 36.836, 36.874, 37.044, 37.137, 37.273, 37.306, 37.227, 37.228, 37.161, 37.174, 37.056, 36.629, 36.24, 36.232, 36.082, 35.638, 35.028, 34.533, 34.713, 35.426, 35.67, 34.92, 36.117, 37.619, 37.605, 37.693, 39.338, 41.074, 42.454, 43.32, 43.738, 43.995, 43.936, 43.748, 43.95, 44.551, 45.078, 45.323, 45.032, 44.1, 43.022, 42.495, 42.516, 42.554, 42.498, 42.636, 41.747, 38.253, 36.004, 37.741, 38.358, 37.542, 36.96, 36.74, 36.631, 37.025, 37.598, 37.487, 36.84, 36.486, 36.273, 36.081, 35.985, 36.186, 36.734, 37.598, 38.39, 38.85, 38.827, 36.543], [36.731, 36.502, 36.395, 36.614, 36.63, 36.221, 36.1, 36.284, 35.948, 35.318, 35.276, 35.651, 35.075, 33.204, 32.699, 33.545, 32.924, 31.536, 30.157, 28.347, 26.065, 23.77, 21.089, 18.649, 17.799, 16.515, 13.333, 8.519, 3.441, 0.0, 3.069, 8.255, 14.331, 17.525, 18.407, 19.908, 22.535, 23.605, 23.78, 25.598, 28.158, 29.007, 29.674, 31.288, 32.7, 33.395, 34.824, 36.42, 36.167, 35.678, 35.938, 36.419, 35.739, 34.258, 34.081, 34.492, 34.479, 34.365, 34.504, 35.095, 35.718, 36.264, 36.47, 36.358, 36.273, 36.17, 35.627, 35.108, 35.369, 35.973, 36.302, 37.16, 37.844, 38.011, 38.061, 37.706, 37.203, 37.234, 37.386, 37.469, 37.6, 37.621, 37.532, 37.531, 37.463, 37.465, 37.351, 36.943, 36.566, 36.548, 36.394, 35.958, 35.368, 34.893, 35.06, 35.746, 35.984, 35.23, 36.365, 37.825, 37.803, 37.883, 39.509, 41.22, 42.572, 43.426, 43.84, 44.091, 44.034, 43.855, 44.056, 44.649, 45.172, 45.418, 45.13, 44.218, 43.173, 42.664, 42.681, 42.722, 42.668, 42.787, 41.913, 38.501, 36.305, 37.984, 38.575, 37.783, 37.251, 37.047, 36.925, 37.285, 37.822, 37.709, 37.074, 36.708, 36.476, 36.286, 36.197, 36.397, 36.937, 37.794, 38.574, 39.02, 38.992, 36.76], [36.908, 36.679, 36.563, 36.781, 36.809, 36.426, 36.33, 36.515, 36.192, 35.619, 35.634, 36.026, 35.47, 33.658, 33.171, 33.993, 33.4, 32.077, 30.768, 28.951, 26.623, 24.361, 21.727, 19.217, 18.341, 17.105, 13.871, 9.19, 5.125, 3.069, 0.0, 6.072, 12.895, 16.548, 17.553, 18.972, 21.632, 22.81, 22.992, 24.758, 27.387, 28.334, 29.066, 30.747, 32.276, 33.149, 34.722, 36.353, 36.12, 35.675, 35.947, 36.441, 35.815, 34.369, 34.176, 34.578, 34.583, 34.5, 34.656, 35.258, 35.891, 36.443, 36.659, 36.554, 36.47, 36.374, 35.839, 35.303, 35.533, 36.124, 36.452, 37.311, 37.993, 38.153, 38.199, 37.85, 37.358, 37.39, 37.54, 37.618, 37.732, 37.739, 37.65, 37.653, 37.59, 37.589, 37.463, 37.049, 36.675, 36.66, 36.509, 36.076, 35.495, 35.035, 35.188, 35.845, 36.083, 35.343, 36.431, 37.862, 37.842, 37.93, 39.552, 41.245, 42.573, 43.417, 43.834, 44.086, 44.03, 43.854, 44.057, 44.652, 45.176, 45.426, 45.148, 44.237, 43.197, 42.699, 42.719, 42.755, 42.696, 42.803, 41.932, 38.572, 36.447, 38.11, 38.693, 37.915, 37.395, 37.194, 37.076, 37.438, 37.97, 37.859, 37.235, 36.875, 36.651, 36.474, 36.398, 36.604, 37.146, 38.001, 38.769, 39.21, 39.184, 36.939], [36.995, 36.77, 36.655, 36.876, 36.92, 36.605, 36.626, 36.865, 36.556, 36.1, 36.314, 36.844, 36.37, 34.678, 34.282, 35.119, 34.572, 33.353, 32.192, 30.474, 28.234, 26.151, 23.777, 21.391, 20.543, 19.512, 16.543, 12.167, 9.01, 8.255, 6.072, 0.0, 7.747, 12.626, 14.309, 15.771, 18.562, 19.989, 20.27, 22.11, 24.976, 26.152, 27.126, 29.032, 30.767, 31.891, 33.697, 35.427, 35.228, 34.86, 35.174, 35.686, 35.192, 33.961, 33.928, 34.36, 34.363, 34.359, 34.635, 35.31, 35.962, 36.538, 36.809, 36.75, 36.677, 36.592, 36.077, 35.499, 35.635, 36.171, 36.485, 37.35, 38.025, 38.138, 38.122, 37.762, 37.291, 37.364, 37.56, 37.653, 37.752, 37.751, 37.669, 37.675, 37.607, 37.577, 37.415, 36.979, 36.591, 36.569, 36.409, 35.972, 35.406, 34.972, 35.138, 35.777, 36.002, 35.242, 36.288, 37.726, 37.727, 37.824, 39.475, 41.173, 42.495, 43.34, 43.768, 44.025, 43.966, 43.785, 43.982, 44.578, 45.109, 45.377, 45.112, 44.185, 43.131, 42.636, 42.647, 42.666, 42.615, 42.743, 41.872, 38.506, 36.417, 38.052, 38.631, 37.872, 37.344, 37.134, 37.025, 37.418, 37.968, 37.872, 37.273, 36.937, 36.729, 36.575, 36.513, 36.716, 37.236, 38.08, 38.848, 39.294, 39.281, 37.009], [37.667, 37.463, 37.368, 37.584, 37.633, 37.401, 37.531, 37.823, 37.562, 37.207, 37.555, 38.196, 37.851, 36.339, 36.036, 36.875, 36.383, 35.262, 34.224, 32.656, 30.625, 28.841, 26.862, 24.782, 24.029, 23.24, 20.823, 17.235, 14.749, 14.331, 12.895, 7.747, 0.0, 6.369, 9.803, 11.984, 14.873, 16.554, 17.235, 19.493, 22.675, 24.081, 25.37, 27.558, 29.529, 30.947, 32.964, 34.754, 34.586, 34.289, 34.625, 35.15, 34.886, 34.079, 34.375, 34.874, 34.874, 34.955, 35.37, 36.08, 36.681, 37.227, 37.522, 37.51, 37.464, 37.395, 36.911, 36.296, 36.284, 36.719, 36.994, 37.762, 38.381, 38.447, 38.338, 37.959, 37.572, 37.73, 37.987, 38.1, 38.203, 38.219, 38.149, 38.157, 38.084, 38.025, 37.847, 37.422, 37.05, 37.018, 36.852, 36.448, 35.982, 35.665, 35.859, 36.431, 36.632, 35.891, 36.848, 38.221, 38.229, 38.349, 39.971, 41.595, 42.849, 43.665, 44.084, 44.329, 44.266, 44.081, 44.26, 44.828, 45.338, 45.595, 45.334, 44.428, 43.404, 42.92, 42.913, 42.93, 42.906, 43.064, 42.224, 38.962, 36.907, 38.343, 38.889, 38.208, 37.706, 37.484, 37.379, 37.785, 38.338, 38.265, 37.726, 37.44, 37.264, 37.152, 37.131, 37.323, 37.767, 38.525, 39.266, 39.707, 39.725, 37.674], [38.042, 37.851, 37.762, 37.964, 38.014, 37.815, 37.962, 38.271, 38.055, 37.728, 38.077, 38.75, 38.481, 37.068, 36.821, 37.678, 37.209, 36.127, 35.151, 33.675, 31.776, 30.157, 28.402, 26.538, 25.847, 25.149, 23.07, 20.011, 17.871, 17.525, 16.548, 12.626, 6.369, 0.0, 5.138, 9.016, 12.545, 14.389, 15.521, 18.432, 21.841, 23.199, 24.517, 26.796, 28.877, 30.401, 32.47, 34.284, 34.129, 33.846, 34.173, 34.72, 34.604, 34.057, 34.576, 35.14, 35.156, 35.282, 35.784, 36.509, 37.082, 37.6, 37.877, 37.858, 37.814, 37.742, 37.262, 36.649, 36.594, 36.987, 37.238, 37.931, 38.51, 38.554, 38.393, 37.987, 37.631, 37.833, 38.114, 38.231, 38.356, 38.402, 38.344, 38.353, 38.275, 38.216, 38.056, 37.658, 37.297, 37.255, 37.1, 36.752, 36.379, 36.143, 36.348, 36.888, 37.102, 36.393, 37.324, 38.653, 38.642, 38.78, 40.364, 41.923, 43.121, 43.901, 44.292, 44.516, 44.446, 44.256, 44.417, 44.959, 45.441, 45.673, 45.405, 44.528, 43.532, 43.043, 43.021, 43.058, 43.063, 43.237, 42.413, 39.208, 37.117, 38.442, 38.994, 38.367, 37.867, 37.628, 37.532, 37.948, 38.499, 38.438, 37.927, 37.662, 37.499, 37.409, 37.418, 37.607, 37.984, 38.644, 39.341, 39.774, 39.817, 38.043], [37.81, 37.618, 37.518, 37.719, 37.774, 37.572, 37.714, 38.04, 37.854, 37.542, 37.9, 38.602, 38.378, 36.999, 36.786, 37.66, 37.184, 36.146, 35.274, 33.869, 31.98, 30.353, 28.662, 26.887, 26.201, 25.502, 23.525, 20.67, 18.701, 18.407, 17.553, 14.309, 9.803, 5.138, 0.0, 5.397, 10.305, 12.595, 13.88, 17.23, 20.934, 22.255, 23.487, 25.761, 27.865, 29.389, 31.508, 33.393, 33.244, 32.982, 33.328, 33.899, 33.818, 33.318, 33.922, 34.549, 34.604, 34.765, 35.313, 36.099, 36.736, 37.29, 37.563, 37.519, 37.456, 37.36, 36.849, 36.251, 36.254, 36.681, 36.944, 37.658, 38.228, 38.249, 38.081, 37.649, 37.249, 37.443, 37.723, 37.845, 37.995, 38.065, 38.017, 38.03, 37.951, 37.905, 37.758, 37.359, 36.986, 36.937, 36.793, 36.469, 36.1, 35.841, 36.045, 36.633, 36.883, 36.146, 37.111, 38.472, 38.446, 38.569, 40.159, 41.738, 42.954, 43.739, 44.126, 44.342, 44.261, 44.062, 44.223, 44.771, 45.255, 45.48, 45.201, 44.32, 43.316, 42.804, 42.769, 42.82, 42.844, 43.026, 42.184, 38.915, 36.7