[[0.0, 6.763, 12.468, 17.042, 20.754, 23.007, 23.78, 23.938, 24.292, 25.13, 26.123, 26.874, 27.405, 28.169, 29.038, 29.451, 29.454, 29.884, 30.771, 31.25, 31.375, 31.462, 31.683, 32.592, 33.143, 33.3, 33.253, 33.316, 33.698, 35.129, 36.639, 36.523, 37.114, 42.969, 50.288, 51.004, 48.085, 47.657, 48.242, 48.011, 47.208, 47.298, 48.409, 49.578, 50.25, 50.602, 50.692, 50.421, 50.208, 50.181, 50.362, 50.702, 50.687, 50.238, 49.457, 48.39, 48.161, 49.306, 49.445, 49.131, 51.092, 52.306, 48.338, 42.616, 39.269, 38.747, 39.461, 39.599, 38.819, 37.584, 36.999, 37.23, 37.448, 37.989, 38.591, 38.459, 37.801, 37.68, 37.138, 36.012, 35.466, 34.469, 33.477, 32.871, 32.466, 32.405, 32.617, 32.815, 32.855, 32.884, 33.06, 32.819, 32.498, 33.014, 34.001, 35.384, 36.58, 35.752, 42.488, 56.912, 61.307, 59.367, 60.209, 61.778, 60.389, 58.224, 56.88, 55.832, 54.357, 52.795, 51.529, 50.685, 50.453, 50.503, 50.463, 50.38, 50.39, 50.611, 51.193, 51.6, 50.94, 49.731, 49.707, 49.588, 45.353, 39.101, 37.651, 37.74, 38.226, 38.661, 38.808, 39.185, 39.45, 39.303, 38.512, 37.89, 38.102, 38.755, 39.14, 39.381, 39.189, 38.517, 38.581, 39.933, 41.54, 9.019], [6.763, 0.0, 6.726, 12.4, 17.059, 19.936, 21.083, 21.479, 22.063, 23.182, 24.38, 25.226, 25.883, 26.864, 27.974, 28.569, 28.661, 29.116, 30.012, 30.517, 30.656, 30.836, 31.267, 32.337, 32.908, 33.075, 33.088, 33.225, 33.648, 35.1, 36.648, 36.536, 37.152, 43.124, 50.494, 51.195, 48.253, 47.834, 48.418, 48.181, 47.373, 47.463, 48.578, 49.747, 50.404, 50.742, 50.831, 50.551, 50.323, 50.288, 50.473, 50.821, 50.81, 50.359, 49.566, 48.482, 48.252, 49.41, 49.538, 49.196, 51.15, 52.381, 48.385, 42.562, 39.181, 38.669, 39.394, 39.543, 38.759, 37.531, 36.988, 37.22, 37.426, 37.952, 38.53, 38.374, 37.704, 37.591, 37.072, 35.94, 35.356, 34.322, 33.305, 32.68, 32.265, 32.208, 32.453, 32.701, 32.762, 32.789, 32.98, 32.743, 32.435, 32.931, 33.884, 35.258, 36.408, 35.451, 42.287, 56.887, 61.306, 59.355, 60.2, 61.779, 60.388, 58.221, 56.871, 55.803, 54.299, 52.721, 51.46, 50.628, 50.401, 50.45, 50.409, 50.328, 50.336, 50.553, 51.129, 51.52, 50.839, 49.611, 49.592, 49.501, 45.269, 38.989, 37.503, 37.567, 38.013, 38.444, 38.624, 39.04, 39.329, 39.194, 38.414, 37.802, 38.03, 38.688, 39.073, 39.318, 39.126, 38.45, 38.517, 39.882, 41.492, 13.751], [12.468, 6.726, 0.0, 6.662, 12.727, 16.635, 18.383, 19.139, 19.998, 21.403, 22.833, 23.844, 24.686, 25.921, 27.288, 28.077, 28.281, 28.778, 29.674, 30.183, 30.332, 30.532, 31.042, 32.194, 32.798, 32.979, 33.034, 33.245, 33.723, 35.178, 36.722, 36.615, 37.241, 43.204, 50.537, 51.223, 48.3, 47.898, 48.479, 48.244, 47.436, 47.518, 48.627, 49.789, 50.431, 50.756, 50.84, 50.555, 50.317, 50.276, 50.456, 50.801, 50.789, 50.344, 49.549, 48.45, 48.206, 49.354, 49.464, 49.095, 51.02, 52.253, 48.26, 42.41, 39.072, 38.593, 39.315, 39.482, 38.725, 37.526, 37.017, 37.253, 37.47, 38.008, 38.58, 38.385, 37.704, 37.624, 37.155, 36.034, 35.426, 34.373, 33.348, 32.719, 32.311, 32.26, 32.526, 32.814, 32.883, 32.9, 33.09, 32.842, 32.524, 32.974, 33.887, 35.261, 36.371, 35.256, 42.135, 56.82, 61.269, 59.321, 60.152, 61.736, 60.355, 58.194, 56.842, 55.759, 54.242, 52.666, 51.412, 50.584, 50.359, 50.41, 50.373, 50.297, 50.305, 50.516, 51.081, 51.459, 50.765, 49.523, 49.506, 49.444, 45.244, 38.967, 37.453, 37.499, 37.881, 38.295, 38.523, 38.985, 39.29, 39.162, 38.389, 37.78, 38.027, 38.704, 39.094, 39.339, 39.147, 38.473, 38.537, 39.888, 41.484, 17.552], [17.042, 12.4, 6.662, 0.0, 7.191, 12.512, 15.317, 16.637, 17.832, 19.549, 21.219, 22.406, 23.464, 25.019, 26.697, 27.718, 28.06, 28.624, 29.552, 30.097, 30.316, 30.601, 31.211, 32.41, 33.035, 33.237, 33.319, 33.563, 34.039, 35.438, 36.944, 36.847, 37.462, 43.316, 50.535, 51.211, 48.35, 47.977, 48.552, 48.327, 47.537, 47.616, 48.707, 49.85, 50.482, 50.8, 50.88, 50.594, 50.353, 50.304, 50.477, 50.813, 50.796, 50.355, 49.561, 48.454, 48.191, 49.314, 49.412, 49.029, 50.914, 52.138, 48.183, 42.407, 39.173, 38.717, 39.426, 39.608, 38.887, 37.724, 37.232, 37.477, 37.699, 38.245, 38.822, 38.603, 37.935, 37.884, 37.443, 36.332, 35.731, 34.712, 33.714, 33.087, 32.672, 32.61, 32.889, 33.201, 33.257, 33.254, 33.437, 33.189, 32.877, 33.277, 34.14, 35.493, 36.558, 35.356, 42.197, 56.858, 61.32, 59.384, 60.183, 61.756, 60.395, 58.255, 56.91, 55.827, 54.31, 52.732, 51.474, 50.645, 50.419, 50.473, 50.442, 50.373, 50.381, 50.578, 51.121, 51.479, 50.776, 49.538, 49.54, 49.522, 45.404, 39.178, 37.645, 37.67, 38.0, 38.412, 38.68, 39.162, 39.468, 39.359, 38.62, 38.028, 38.285, 38.968, 39.355, 39.587, 39.394, 38.738, 38.805, 40.122, 41.689, 20.892], [20.754, 17.059, 12.727, 7.191, 0.0, 6.76, 11.273, 13.592, 15.347, 17.526, 19.491, 20.824, 22.066, 23.952, 25.98, 27.302, 27.851, 28.52, 29.494, 30.112, 30.491, 31.034, 31.884, 33.137, 33.755, 33.969, 34.076, 34.312, 34.738, 36.048, 37.489, 37.408, 37.988, 43.587, 50.54, 51.165, 48.417, 48.102, 48.675, 48.47, 47.718, 47.79, 48.834, 49.935, 50.546, 50.857, 50.936, 50.65, 50.403, 50.349, 50.516, 50.841, 50.818, 50.385, 49.607, 48.511, 48.224, 49.302, 49.394, 49.006, 50.825, 52.028, 48.174, 42.594, 39.507, 39.052, 39.726, 39.919, 39.256, 38.163, 37.692, 37.938, 38.152, 38.668, 39.218, 39.006, 38.383, 38.332, 37.911, 36.868, 36.34, 35.413, 34.484, 33.89, 33.483, 33.397, 33.66, 33.967, 34.002, 33.975, 34.139, 33.917, 33.648, 34.019, 34.827, 36.106, 37.071, 35.901, 42.564, 56.951, 61.369, 59.468, 60.217, 61.747, 60.415, 58.314, 56.991, 55.927, 54.434, 52.862, 51.601, 50.776, 50.55, 50.605, 50.583, 50.522, 50.524, 50.704, 51.216, 51.545, 50.836, 49.623, 49.657, 49.677, 45.696, 39.64, 38.118, 38.125, 38.419, 38.852, 39.143, 39.6, 39.889, 39.805, 39.134, 38.587, 38.83, 39.481, 39.848, 40.064, 39.872, 39.25, 39.313, 40.561, 42.067, 23.904], [23.007, 19.936, 16.635, 12.512, 6.76, 0.0, 5.915, 9.632, 12.426, 15.291, 17.623, 19.122, 20.518, 22.647, 24.939, 26.533, 27.322, 28.134, 29.162, 29.858, 30.403, 31.21, 32.272, 33.59, 34.219, 34.424, 34.539, 34.763, 35.166, 36.44, 37.827, 37.75, 38.299, 43.662, 50.376, 50.939, 48.298, 48.053, 48.636, 48.446, 47.724, 47.8, 48.815, 49.891, 50.485, 50.784, 50.865, 50.585, 50.336, 50.274, 50.434, 50.748, 50.721, 50.298, 49.546, 48.477, 48.183, 49.225, 49.311, 48.925, 50.701, 51.882, 48.103, 42.662, 39.658, 39.195, 39.825, 40.021, 39.398, 38.365, 37.925, 38.188, 38.399, 38.864, 39.358, 39.142, 38.569, 38.525, 38.123, 37.152, 36.716, 35.876, 34.998, 34.43, 34.035, 33.93, 34.153, 34.441, 34.468, 34.419, 34.558, 34.371, 34.148, 34.543, 35.341, 36.546, 37.4, 36.244, 42.846, 56.972, 61.327, 59.459, 60.178, 61.669, 60.355, 58.284, 56.977, 55.932, 54.464, 52.905, 51.647, 50.824, 50.598, 50.652, 50.633, 50.573, 50.572, 50.745, 51.245, 51.557, 50.84, 49.642, 49.688, 49.712, 45.798, 39.88, 38.386, 38.384, 38.662, 39.124, 39.435, 39.863, 40.124, 40.046, 39.419, 38.911, 39.136, 39.753, 40.1, 40.308, 40.12, 39.519, 39.566, 40.762, 42.222, 25.738], [23.78, 21.083, 18.383, 15.317, 11.273, 5.915, 0.0, 4.927, 9.251, 13.038, 15.748, 17.436, 19.012, 21.325, 23.748, 25.475, 26.425, 27.37, 28.475, 29.24, 29.864, 30.754, 31.894, 33.337, 34.042, 34.251, 34.383, 34.625, 35.051, 36.335, 37.71, 37.627, 38.147, 43.439, 50.163, 50.739, 48.116, 47.879, 48.471, 48.286, 47.572, 47.662, 48.69, 49.777, 50.378, 50.676, 50.758, 50.483, 50.234, 50.166, 50.326, 50.643, 50.615, 50.19, 49.441, 48.373, 48.071, 49.104, 49.195, 48.819, 50.606, 51.802, 48.036, 42.576, 39.547, 39.082, 39.705, 39.904, 39.276, 38.245, 37.832, 38.132, 38.351, 38.788, 39.254, 39.049, 38.544, 38.531, 38.11, 37.116, 36.675, 35.833, 34.941, 34.368, 33.973, 33.87, 34.082, 34.364, 34.391, 34.323, 34.443, 34.269, 34.052, 34.486, 35.322, 36.515, 37.351, 36.159, 42.756, 56.873, 61.217, 59.348, 60.079, 61.58, 60.266, 58.197, 56.89, 55.847, 54.389, 52.842, 51.584, 50.757, 50.535, 50.591, 50.568, 50.503, 50.501, 50.681, 51.195, 51.518, 50.797, 49.579, 49.61, 49.636, 45.713, 39.771, 38.263, 38.259, 38.54, 39.022, 39.363, 39.795, 40.031, 39.923, 39.29, 38.794, 39.016, 39.628, 39.978, 40.191, 40.001, 39.392, 39.428, 40.626, 42.09, 26.254], [23.938, 21.479, 19.139, 16.637, 13.592, 9.632, 4.927, 0.0, 5.413, 10.215, 13.5, 15.455, 17.263, 19.859, 22.487, 24.314, 25.307, 26.324, 27.548, 28.402, 29.07, 29.957, 31.097, 32.666, 33.489, 33.735, 33.907, 34.194, 34.662, 35.985, 37.401, 37.32, 37.82, 43.194, 50.067, 50.68, 48.019, 47.768, 48.368, 48.177, 47.449, 47.549, 48.606, 49.718, 50.331, 50.634, 50.719, 50.445, 50.195, 50.128, 50.292, 50.612, 50.587, 50.162, 49.407, 48.326, 48.023, 49.074, 49.172, 48.799, 50.636, 51.876, 48.067, 42.483, 39.358, 38.884, 39.529, 39.734, 39.083, 38.004, 37.579, 37.909, 38.143, 38.585, 39.058, 38.868, 38.404, 38.442, 37.998, 36.936, 36.434, 35.533, 34.594, 33.999, 33.597, 33.49, 33.696, 33.979, 34.009, 33.93, 34.042, 33.859, 33.634, 34.103, 34.974, 36.184, 37.06, 35.838, 42.473, 56.806, 61.187, 59.294, 60.062, 61.597, 60.276, 58.191, 56.872, 55.814, 54.343, 52.79, 51.522, 50.68, 50.454, 50.512, 50.484, 50.409, 50.403, 50.59, 51.123, 51.462, 50.74, 49.501, 49.516, 49.547, 45.566, 39.519, 37.978, 37.97, 38.263, 38.755, 39.114, 39.561, 39.783, 39.633, 38.968, 38.468, 38.701, 39.33, 39.692, 39.906, 39.705, 39.073, 39.11, 40.335, 41.831, 26.268], [24.292, 22.063, 19.998, 17.832, 15.347, 12.426, 9.251, 5.413, 0.0, 5.594, 9.814, 12.391, 14.643, 17.756, 20.793, 22.802, 23.808, 24.847, 26.228, 27.255, 28.031, 28.999, 30.241, 31.956, 32.874, 33.161, 33.389, 33.73, 34.249, 35.628, 37.112, 37.046, 37.533, 43.032, 50.067, 50.709, 48.003, 47.739, 48.344, 48.146, 47.398, 47.495, 48.576, 49.714, 50.337, 50.643, 50.727, 50.45, 50.201, 50.137, 50.3, 50.616, 50.591, 50.164, 49.4, 48.306, 48.006, 49.086, 49.188, 48.82, 50.705, 51.954, 48.062, 42.361, 39.145, 38.661, 39.319, 39.526, 38.856, 37.731, 37.285, 37.642, 37.905, 38.367, 38.851, 38.677, 38.245, 38.328, 37.845, 36.712, 36.155, 35.208, 34.242, 33.629, 33.216, 33.09, 33.276, 33.559, 33.592, 33.511, 33.626, 33.438, 33.216, 33.706, 34.59, 35.812, 36.715, 35.49, 42.208, 56.818, 61.232, 59.304, 60.108, 61.673, 60.341, 58.235, 56.896, 55.823, 54.343, 52.787, 51.507, 50.65, 50.42, 50.48, 50.447, 50.363, 50.351, 50.543, 51.093, 51.448, 50.734, 49.491, 49.5, 49.513, 45.445, 39.322, 37.753, 37.738, 38.053, 38.564, 38.933, 39.393, 39.613, 39.431, 38.724, 38.205, 38.454, 39.103, 39.467, 39.671, 39.453, 38.803, 38.847, 40.099, 41.624, 26.423], [25.13, 23.182, 21.403, 19.549, 17.526, 15.291, 13.038, 10.215, 5.594, 0.0, 5.079, 8.77, 11.955, 15.772, 19.235, 21.424, 22.459, 23.531, 25.098, 26.385, 27.343, 28.449, 29.88, 31.764, 32.725, 33.02, 33.287, 33.662, 34.199, 35.581, 37.097, 37.049, 37.507, 43.025, 50.136, 50.821, 48.107, 47.819, 48.416, 48.215, 47.454, 47.536, 48.609, 49.745, 50.369, 50.679, 50.766, 50.492, 50.241, 50.173, 50.327, 50.634, 50.611, 50.185, 49.409, 48.295, 47.984, 49.068, 49.173, 48.815, 50.719, 51.966, 48.064, 42.356, 39.126, 38.648, 39.302, 39.503, 38.832, 37.705, 37.258, 37.613, 37.889, 38.363, 38.845, 38.687, 38.292, 38.391, 37.875, 36.719, 36.147, 35.2, 34.255, 33.654, 33.248, 33.121, 33.281, 33.55, 33.586, 33.506, 33.625, 33.45, 33.247, 33.719, 34.556, 35.756, 36.689, 35.52, 42.162, 56.803, 61.199, 59.257, 60.069, 61.634, 60.297, 58.191, 56.848, 55.775, 54.311, 52.779, 51.509, 50.648, 50.419, 50.48, 50.445, 50.358, 50.348, 50.545, 51.103, 51.471, 50.775, 49.545, 49.547, 49.53, 45.432, 39.354, 37.787, 37.761, 38.079, 38.585, 38.959, 39.428, 39.651, 39.457, 38.73, 38.198, 38.451, 39.1, 39.456, 39.649, 39.424, 38.779, 38.84, 40.099, 41.624, 26.964], [26.123, 24.38, 22.833, 21.219, 19.491, 17.623, 15.748, 13.5, 9.814, 5.079, 0.0, 4.763, 9.363, 14.11, 18.003, 20.387, 21.505, 22.657, 24.414, 25.966, 27.124, 28.391, 30.008, 32.016, 32.991, 33.252, 33.511, 33.883, 34.39, 35.719, 37.218, 37.175, 37.614, 43.073, 50.159, 50.88, 48.196, 47.897, 48.481, 48.278, 47.518, 47.591, 48.64, 49.752, 50.373, 50.692, 50.788, 50.52, 50.271, 50.196, 50.336, 50.633, 50.613, 50.192, 49.412, 48.286, 47.963, 49.037, 49.136, 48.787, 50.7, 51.956, 48.111, 42.457, 39.255, 38.805, 39.467, 39.674, 39.018, 37.922, 37.496, 37.825, 38.081, 38.545, 39.01, 38.859, 38.481, 38.559, 38.033, 36.901, 36.337, 35.414, 34.514, 33.945, 33.568, 33.464, 33.612, 33.865, 33.906, 33.828, 33.939, 33.773, 33.588, 34.019, 34.761, 35.899, 36.848, 35.78, 42.228, 56.695, 61.066, 59.137, 59.933, 61.482, 60.145, 58.054, 56.721, 55.658, 54.212, 52.71, 51.462, 50.608, 50.377, 50.437, 50.402, 50.319, 50.315, 50.512, 51.064, 51.435, 50.754, 49.538, 49.533, 49.498, 45.442, 39.493, 37.948, 37.906, 38.217, 38.703, 39.071, 39.534, 39.754, 39.563, 38.845, 38.319, 38.56, 39.189, 39.543, 39.74, 39.519, 38.889, 38.973, 40.216, 41.699, 27.753], [26.874, 25.226, 23.844, 22.406, 20.824, 19.122, 17.436, 15.455, 12.391, 8.77, 4.763, 0.0, 5.696, 11.548, 16.158, 18.932, 20.237, 21.512, 23.451, 25.247, 26.625, 28.1, 29.882, 31.976, 32.972, 33.179, 33.412, 33.781, 34.281, 35.599, 37.103, 37.067, 37.52, 43.013, 50.106, 50.838, 48.159, 47.867, 48.465, 48.264, 47.507, 47.585, 48.626, 49.719, 50.332, 50.657, 50.761, 50.5, 50.253, 50.175, 50.312, 50.608, 50.591, 50.178, 49.406, 48.284, 47.959, 49.03, 49.126, 48.788, 50.727, 51.993, 48.153, 42.482, 39.249, 38.808, 39.501, 39.727, 39.079, 38.001, 37.61, 37.932, 38.168, 38.613, 39.052, 38.886, 38.503, 38.569, 38.037, 36.902, 36.317, 35.393, 34.515, 33.968, 33.612, 33.526, 33.681, 33.936, 33.983, 33.913, 34.02, 33.845, 33.665, 34.07, 34.738, 35.826, 36.77, 35.796, 42.194, 56.615, 61.015, 59.103, 59.898, 61.45, 60.105, 58.016, 56.684, 55.621, 54.177, 52.684, 51.446, 50.59, 50.351, 50.406, 50.372, 50.292, 50.291, 50.486, 51.032, 51.403, 50.731, 49.523, 49.516, 49.476, 45.434, 39.513, 37.948, 37.89, 38.22, 38.709, 39.05, 39.494, 39.716, 39.526, 38.805, 38.283, 38.513, 39.126, 39.485, 39.699, 39.48, 38.849, 38.952, 40.193, 41.642, 28.415], [27.405, 25.883, 24.686, 23.464, 22.066, 20.518, 19.012, 17.263, 14.643, 11.955, 9.363, 5.696, 0.0, 6.74, 12.476, 16.047, 17.786, 19.336, 21.523, 23.6, 25.297, 27.104, 29.108, 31.31, 32.358, 32.536, 32.765, 33.154, 33.703, 35.117, 36.718, 36.71, 37.202, 42.858, 50.035, 50.776, 48.084, 47.801, 48.419, 48.217, 47.449, 47.524, 48.559, 49.638, 50.243, 50.566, 50.668, 50.4, 50.148, 50.067, 50.209, 50.516, 50.501, 50.079, 49.3, 48.17, 47.833, 48.896, 48.993, 48.673, 50.645, 51.899, 48.014, 42.307, 39.024, 38.573, 39.295, 39.547, 38.907, 37.837, 37.48, 37.826, 38.065, 38.497, 38.916, 38.751, 38.375, 38.435, 37.874, 36.685, 36.047, 35.092, 34.203, 33.661, 33.307, 33.217, 33.381, 33.646, 33.7, 33.64, 33.76, 33.576, 33.383, 33.773, 34.406, 35.487, 36.447, 35.542, 42.015, 56.568, 61.038, 59.137, 59.943, 61.509, 60.144, 58.04, 56.702, 55.63, 54.172, 52.667, 51.422, 50.557, 50.314, 50.37, 50.333, 50.248, 50.249, 50.448, 50.995, 51.367, 50.699, 49.494, 49.488, 49.448, 45.383, 39.405, 37.782, 37.716, 38.103, 38.606, 38.904, 39.326, 39.551, 39.35, 38.603, 38.083, 38.324, 38.933, 39.299, 39.533, 39.31, 38.655, 38.749, 39.997, 41.445, 28.809], [28.169, 26.864, 25.921, 25.019, 23.952, 22.647, 21.325, 19.859, 17.756, 15.772, 14.11, 11.548, 6.74, 0.0, 6.742, 11.566, 14.26, 16.45, 19.076, 21.538, 23.638, 25.877, 28.229, 30.63, 31.748, 31.934, 32.189, 32.602, 33.201, 34.711, 36.422, 36.46, 36.983, 42.751, 49.997, 50.775, 48.122, 47.859, 48.487, 48.278, 47.487, 47.54, 48.551, 49.604, 50.2, 50.523, 50.62, 50.336, 50.072, 49.985, 50.131, 50.45, 50.435, 49.994, 49.189, 48.035, 47.657, 48.687, 48.788, 48.476, 50.443, 51.668, 47.807, 42.203, 38.955, 38.501, 39.237, 39.502, 38.871, 37.806, 37.449, 37.813, 38.074, 38.492, 38.896, 38.763, 38.411, 38.429, 37.828, 36.6, 35.939, 34.983, 34.09, 33.552, 33.209, 33.134, 33.311, 33.581, 33.641, 33.595, 33.729, 33.543, 33.332, 33.688, 34.288, 35.388, 36.421, 35.581, 41.933, 56.47, 60.98, 59.1, 59.912, 61.477, 60.087, 57.974, 56.641, 55.57, 54.105, 52.598, 51.361, 50.5, 50.26, 50.318, 50.276, 50.186, 50.192, 50.4, 50.951, 51.329, 50.669, 49.469, 49.455, 49.421, 45.386, 39.456, 37.815, 37.754, 38.19, 38.691, 38.961, 39.352, 39.56, 39.347, 38.579, 38.066, 38.326, 38.936, 39.309, 39.565, 39.349, 38.664, 38.7, 39.912, 41.368, 29.363], [29.038, 27.974, 27.288, 26.697, 25.98, 24.939, 23.748, 22.487, 20.793, 19.235, 18.003, 16.158, 12.476, 6.742, 0.0, 5.978, 10.23, 13.625, 16.944, 19.831, 22.266, 24.861, 27.614, 30.315, 31.545, 31.778, 32.072, 32.505, 33.129, 34.631, 36.352, 36.422, 36.958, 42.666, 49.918, 50.757, 48.183, 47.958, 48.591, 48.375, 47.566, 47.601, 48.588, 49.614, 50.201, 50.531, 50.635, 50.36, 50.098, 50.003, 50.144, 50.461, 50.445, 49.998, 49.183, 48.023, 47.633, 48.642, 48.745, 48.435, 50.378, 51.573, 47.78, 42.313, 39.139, 38.704, 39.435, 39.691, 39.067, 37.993, 37.589, 37.937, 38.222, 38.625, 38.998, 38.88, 38.529, 38.495, 37.883, 36.664, 36.019, 35.097, 34.228, 33.714, 33.411, 33.384, 33.588, 33.862, 33.936, 33.913, 34.05, 33.863, 33.632, 33.935, 34.495, 35.634, 36.788, 36.024, 41.958, 56.229, 60.708, 58.853, 59.677, 61.236, 59.834, 57.727, 56.411, 55.356, 53.909, 52.441, 51.242, 50.399, 50.161, 50.217, 50.169, 50.073, 50.086, 50.304, 50.859, 51.247, 50.606, 49.422, 49.402, 49.367, 45.403, 39.637, 38.054, 38.001, 38.448, 38.916, 39.152, 39.503, 39.676, 39.461, 38.699, 38.189, 38.447, 39.052, 39.441, 39.718, 39.52, 38.845, 38.847, 40.022, 41.487, 30.022], [29.451, 28.569, 28.077, 27.718, 27.302, 26.533, 25.475, 24.314, 22.802, 21.424, 20.387, 18.932, 16.047, 11.566, 5.978, 0.0, 5.607, 10.535, 14.912, 18.335, 21.084, 23.935, 27.013, 30.027, 31.426, 31.735, 32.06, 32.518, 33.179, 34.664, 36.357, 36.43, 36.99, 42.693, 50.027, 50.919, 48.356, 48.128, 48.752, 48.517, 47.691, 47.725, 48.714, 49.736, 50.323, 50.66, 50.777, 50.527, 50.279, 50.181, 50.31, 50.617, 50.596, 50.151, 49.339, 48.185, 47.821, 48.854, 48.95, 48.635, 50.58, 51.769, 47.992, 42.529, 39.351, 38.936, 39.66, 39.908, 39.295, 38.209, 37.751, 38.063, 38.356, 38.762, 39.11, 38.975, 38.599, 38.555, 37.96, 36.747, 36.097, 35.164, 34.302, 33.802, 33.515, 33.528, 33.757, 34.032, 34.122, 34.126, 34.266, 34.072, 33.821, 34.089, 34.64, 35.825, 37.072, 36.346, 42.006, 56.132, 60.568, 58.714, 59.553, 61.108, 59.696, 57.595, 56.293, 55.246, 53.814, 52.382, 51.213, 50.382, 50.143, 50.196, 50.141, 50.043, 50.062, 50.285, 50.844, 51.244, 50.618, 49.451, 49.44, 49.391, 45.441, 39.776, 38.257, 38.211, 38.669, 39.115, 39.31, 39.638, 39.798, 39.58, 38.815, 38.288, 38.54, 39.15, 39.552, 39.837, 39.655, 39.019, 39.054, 40.249, 41.734, 30.277], [29.454, 28.661, 28.281, 28.06, 27.851, 27.322, 26.425, 25.307, 23.808, 22.459, 21.505, 20.237, 17.786, 14.26, 10.23, 5.607, 0.0, 6.067, 11.916, 16.331, 19.608, 22.821, 26.242, 29.555, 31.115, 31.508, 31.886, 32.388, 33.076, 34.552, 36.23, 36.291, 36.872, 42.687, 50.174, 51.109, 48.515, 48.255, 48.861, 48.609, 47.771, 47.805, 48.798, 49.827, 50.419, 50.762, 50.881, 50.63, 50.379, 50.274, 50.391, 50.686, 50.657, 50.208, 49.394, 48.251, 47.934, 49.008, 49.093, 48.775, 50.741, 51.933, 48.132, 42.618, 39.391, 38.973, 39.69, 39.937, 39.333, 38.25, 37.784, 38.073, 38.35, 38.765, 39.117, 38.982, 38.577, 38.541, 37.965, 36.748, 36.077, 35.105, 34.233, 33.734, 33.435, 33.469, 33.712, 33.98, 34.079, 34.098, 34.233, 34.032, 33.768, 34.012, 34.559, 35.764, 37.057, 36.33, 41.935, 56.061, 60.454, 58.592, 59.446, 60.985, 59.557, 57.459, 56.161, 55.113, 53.68, 52.26, 51.107, 50.284, 50.046, 50.096, 50.04, 49.945, 49.968, 50.193, 50.754, 51.164, 50.554, 49.393, 49.384, 49.321, 45.377, 39.783, 38.321, 38.286, 38.768, 39.206, 39.369, 39.693, 39.854, 39.635, 38.864, 38.325, 38.591, 39.222, 39.629, 39.907, 39.727, 39.105, 39.176, 40.405, 41.888, 30.187], [29.884, 29.116, 28.778, 28.624, 28.52, 28.134, 27.37, 26.324, 24.847, 23.531, 22.657, 21.512, 19.336, 16.45, 13.625, 10.535, 6.067, 0.0, 7.122, 13.125, 17.481, 21.4, 25.382, 29.111, 30.876, 31.384, 31.849, 32.406, 33.117, 34.577, 36.236, 36.298, 36.872, 42.68, 50.185, 51.112, 48.527, 48.268, 48.862, 48.607, 47.773, 47.799, 48.773, 49.787, 50.372, 50.716, 50.83, 50.567, 50.305, 50.195, 50.309, 50.599, 50.562, 50.104, 49.282, 48.146, 47.861, 48.951, 49.028, 48.718, 50.682, 51.848, 48.057, 42.604, 39.433, 39.028, 39.726, 39.96, 39.362, 38.3, 37.869, 38.165, 38.429, 38.841, 39.207, 39.109, 38.719, 38.667, 38.076, 36.869, 36.199, 35.228, 34.387, 33.908, 33.612, 33.663, 33.909, 34.169, 34.277, 34.306, 34.427, 34.229, 33.967, 34.168, 34.685, 35.881, 37.163, 36.413, 41.872, 55.833, 60.166, 58.313, 59.169, 60.687, 59.256, 57.173, 55.888, 54.847, 53.423, 52.022, 50.892, 50.084, 49.852, 49.903, 49.848, 49.757, 49.783, 50.0, 50.549, 50.96, 50.365, 49.221, 49.22, 49.16, 45.289, 39.832, 38.424, 38.394, 38.881, 39.319, 39.472, 39.791, 39.946, 39.731, 38.972, 38.444, 38.731, 39.374, 39.774, 40.039, 39.855, 39.239, 39.317, 40.541, 41.978, 30.573], [30.771, 30.012, 29.674, 29.552, 29.494, 29.162, 28.475, 27.548, 26.228, 25.098, 24.414, 23.451, 21.523, 19.076, 16.944, 14.912, 11.916, 7.122, 0.0, 7.606, 13.91, 19.208, 23.987, 28.298, 30.453, 31.163, 31.741, 32.359, 33.13, 34.615, 36.284, 36.371, 36.938, 42.614, 49.985, 50.864, 48.322, 48.087, 48.675, 48.418, 47.589, 47.609, 48.561, 49.558, 50.142, 50.492, 50.598, 50.322, 50.055, 49.948, 50.069, 50.36, 50.318, 49.856, 49.032, 47.902, 47.633, 48.717, 48.786, 48.492, 50.44, 51.55, 47.774, 42.462, 39.435, 39.063, 39.733, 39.945, 39.351, 38.318, 37.934, 38.282, 38.552, 38.947, 39.319, 39.291, 38.967, 38.863, 38.208, 37.022, 36.375, 35.427, 34.624, 34.176, 33.912, 33.987, 34.234, 34.481, 34.589, 34.63, 34.749, 34.565, 34.312, 34.456, 34.925, 36.126, 37.428, 36.643, 41.791, 55.498, 59.781, 57.933, 58.765, 60.257, 58.837, 56.774, 55.5, 54.462, 53.045, 51.673, 50.573, 49.783, 49.559, 49.61, 49.552, 49.463, 49.491, 49.692, 50.212, 50.605, 50.015, 48.897, 48.919, 48.889, 45.137, 39.877, 38.53, 38.492, 38.975, 39.412, 39.569, 39.893, 40.053, 39.844, 39.093, 38.572, 38.865, 39.508, 39.889, 40.13, 39.94, 39.339, 39.422, 40.633, 42.032, 31.411], [31.25, 30.517, 30.183, 30.097, 30.112, 29.858, 29.24, 28.402, 27.255, 26.385, 25.966, 25.247, 23.6, 21.538, 19.831, 18.335, 16.331, 13.125, 7.606, 0.0, 8.197, 15.616, 21.743, 26.819, 29.433, 30.365, 31.06, 31.774, 32.656, 34.226, 35.975, 36.107, 36.702, 42.375, 49.716, 50.611, 48.084, 47.851, 48.456, 48.213, 47.375, 47.381, 48.328, 49.322, 49.909, 50.264, 50.374, 50.109, 49.86, 49.769, 49.895, 50.184, 50.138, 49.677, 48.856, 47.729, 47.462, 48.532, 48.593, 48.317, 50.265, 51.338, 47.543, 42.279, 39.291, 38.912, 39.559, 39.761, 39.174, 38.159, 37.802, 38.193, 38.478, 38.871, 39.238, 39.246, 38.979, 38.873, 38.189, 37.003, 36.359, 35.406, 34.603, 34.165, 33.895, 33.963, 34.218, 34.453, 34.541, 34.588, 34.731, 34.548, 34.27, 34.386, 34.832, 36.055, 37.425, 36.591, 41.529, 55.212, 59.458, 57.582, 58.411, 59.91, 58.518, 56.468, 55.189, 54.127, 52.679, 51.293, 50.195, 49.407, 49.182, 49.232, 49.173, 49.085, 49.114, 49.309, 49.817, 50.198, 49.606, 48.504, 48.554, 48.548, 44.82, 39.669, 38.431, 38.39, 38.871, 39.299, 39.442, 39.785, 39.969, 39.762, 39.0, 38.461, 38.744, 39.391, 39.765, 39.992, 39.79, 39.2, 39.312, 40.549, 41.977, 31.817], [31.375, 30.656, 30.332, 30.316, 30.491, 30.403, 29.864, 29.07, 28.031, 27.343, 27.124, 26.625, 25.297, 23.638, 22.266, 21.084, 19.608, 17.481, 13.91, 8.197, 0.0, 9.476, 18.276, 24.961, 28.02, 29.092, 29.948, 30.802, 31.838, 33.552, 35.408, 35.591, 36.207, 41.964, 49.418, 50.444, 47.97, 47.749, 48.376, 48.168, 47.354, 47.375, 48.34, 49.338, 49.914, 50.271, 50.406, 50.181, 49.962, 49.883, 50.017, 50.311, 50.263, 49.797, 48.977, 47.837, 47.537, 48.589, 48.654, 48.364, 50.285, 51.373, 47.587, 42.284, 39.255, 38.886, 39.547, 39.746, 39.149, 38.135, 37.753, 38.127, 38.425, 38.843, 39.215, 39.206, 38.934, 38.873, 38.216, 36.989, 36.28, 35.29, 34.474, 34.053, 33.77, 33.808, 34.069, 34.318, 34.403, 34.458, 34.633, 34.455, 34.126, 34.209, 34.646, 35.837, 37.217, 36.348, 41.224, 54.931, 59.122, 57.221, 58.11, 59.677, 58.328, 56.28, 54.994, 53.916, 52.437, 51.012, 49.888, 49.091, 48.867, 48.925, 48.876, 48.791, 48.818, 49.022, 49.548, 49.947, 49.372, 48.28, 48.324, 48.293, 44.478, 39.343, 38.291, 38.278, 38.702, 39.061, 39.181, 39.531, 39.737, 39.552, 38.815, 38.283, 38.573, 39.243, 39.642, 39.877, 39.671, 39.072, 39.183, 40.437, 41.889, 31.859], [31.462, 30.836, 30.532, 30.601, 31.034, 31.21, 30.754, 29.957, 28.999, 28.449, 28.391, 28.1, 27.104, 25.877, 24.861, 23.935, 22.821, 21.4, 19.208, 15.616, 9.476, 0.0, 11.62, 21.138, 25.354, 26.759, 27.843, 28.899, 30.205, 32.271, 34.345, 34.576, 35.275, 41.418, 49.162, 50.277, 47.797, 47.602, 48.243, 48.046, 47.26, 47.335, 48.362, 49.407, 50.005, 50.361, 50.513, 50.312, 50.107, 50.041, 50.198, 50.523, 50.492, 50.019, 49.173, 47.999, 47.687, 48.787, 48.869, 48.533, 50.468, 51.649, 47.771, 42.184, 39.046, 38.772, 39.538, 39.737, 39.08, 37.995, 37.54, 37.898, 38.217, 38.692, 39.115, 39.025, 38.675, 38.71, 38.094, 36.744, 35.891, 34.78, 33.846, 33.372, 33.078, 33.075, 33.318, 33.602, 33.719, 33.782, 33.988, 33.816, 33.41, 33.483, 34.024, 35.257, 36.68, 35.784, 40.88, 54.868, 59.118, 57.185, 58.14, 59.8, 58.481, 56.405, 55.108, 54.029, 52.525, 51.057, 49.896, 49.069, 48.837, 48.904, 48.868, 48.792, 48.827, 49.053, 49.615, 50.047, 49.479, 48.34, 48.308, 48.234, 44.27, 38.924, 37.957, 37.988, 38.337, 38.571, 38.632, 38.959, 39.164, 39.002, 38.271, 37.716, 38.027, 38.764, 39.218, 39.475, 39.245, 38.582, 38.684, 40.003, 41.492, 31.686], [31.683, 31.267, 31.042, 31.211, 31.884, 32.272, 31.894, 31.097, 30.241, 29.88, 30.008, 29.882, 29.108, 28.229, 27.614, 27.013, 26.242, 25.382, 23.987, 21.743, 18.276, 11.62, 0.0, 12.608, 19.789, 22.532, 24.077, 25.42, 27.147, 29.853, 32.427, 32.749, 33.657, 40.802, 49.166, 50.23, 47.534, 47.36, 48.05, 47.82, 46.959, 47.051, 48.186, 49.34, 49.995, 50.349, 50.494, 50.285, 50.082, 50.046, 50.234, 50.591, 50.583, 50.09, 49.194, 48.005, 47.777, 49.007, 49.104, 48.76, 50.834, 52.076, 47.839, 41.647, 38.23, 38.034, 38.94, 39.164, 38.437, 37.221, 36.658, 37.013, 37.338, 37.871, 38.379, 38.156, 37.632, 37.743, 37.176, 35.691, 34.742, 33.504, 32.36, 31.734, 31.426, 31.416, 31.623, 31.911, 32.054, 32.118, 32.353, 32.194, 31.749, 31.923, 32.684, 34.109, 35.725, 34.71, 40.498, 55.362, 59.846, 57.845, 58.806, 60.554, 59.231, 57.072, 55.724, 54.632, 53.094, 51.557, 50.328, 49.436, 49.166, 49.227, 49.196, 49.127, 49.174, 49.417, 49.999, 50.43, 49.811, 48.559, 48.422, 48.309, 44.111, 38.227, 37.109, 37.16, 37.542, 37.74, 37.733, 38.041, 38.225, 38.014, 37.183, 36.523, 36.837, 37.676, 38.201, 38.474, 38.19, 37.422, 37.547, 39.021, 40.6, 31.546], [32.592, 32.337, 32.194, 32.41, 33.137, 33.59, 33.337, 32.666, 31.956, 31.764, 32.016, 31.976, 31.31, 30.63, 30.315, 30.027, 29.555, 29.111, 28.298, 26.819, 24.961, 21.138, 12.608, 0.0, 11.194, 16.898, 19.556, 21.335, 23.693, 27.376, 30.647, 31.094, 32.297, 40.322, 49.04, 50.05, 47.293, 47.225, 47.988, 47.75, 46.84, 46.937, 48.147, 49.371, 50.049, 50.39, 50.513, 50.283, 50.084, 50.08, 50.277, 50.61, 50.587, 50.097, 49.214, 48.084, 47.974, 49.291, 49.388, 49.048, 51.196, 52.441, 47.996, 41.458, 37.866, 37.621, 38.56, 38.811, 38.05, 36.746, 36.121, 36.502, 36.867, 37.429, 37.93, 37.561, 36.834, 36.919, 36.423, 34.956, 34.034, 32.807, 31.623, 30.927, 30.646, 30.695, 30.893, 31.15, 31.307, 31.4, 31.627, 31.465, 31.097, 31.399, 32.213, 33.658, 35.346, 34.284, 40.45, 55.826, 60.48, 58.445, 59.36, 61.144, 59.819, 57.61, 56.228, 55.125, 53.565, 51.98, 50.706, 49.771, 49.466, 49.509, 49.476, 49.411, 49.454, 49.693, 50.273, 50.687, 50.037, 48.735, 48.54, 48.414, 44.161, 37.982, 36.677, 36.706, 37.192, 37.474, 37.472, 37.789, 37.928, 37.635, 36.746, 36.079, 36.393, 37.237, 37.787, 38.079, 37.763, 36.912, 36.98, 38.481, 40.141, 32.288], [33.143, 32.908, 32.798, 33.035, 33.755, 34.219, 34.042, 33.489, 32.874, 32.725, 32.991, 32.972, 32.358, 31.748, 31.545, 31.426, 31.115, 30.876, 30.453, 29.433, 28.02, 25.354, 19.789, 11.194, 0.0, 8.593, 13.333, 16.182, 19.496, 24.396, 28.449, 29.093, 30.657, 39.515, 48.62, 49.72, 47.052, 47.03, 47.811, 47.584, 46.703, 46.823, 48.018, 49.21, 49.875, 50.248, 50.405, 50.182, 49.976, 49.972, 50.174, 50.5, 50.477, 50.014, 49.175, 48.079, 47.965, 49.257, 49.362, 49.031, 51.158, 52.394, 47.984, 41.576, 38.084, 37.794, 38.712, 38.969, 38.184, 36.855, 36.267, 36.683, 37.076, 37.639, 38.085, 37.676, 36.994, 37.168, 36.69, 35.204, 34.287, 33.105, 31.954, 31.247, 30.909, 30.902, 31.081, 31.321, 31.447, 31.522, 31.734, 31.546, 31.209, 31.559, 32.39, 33.806, 35.436, 34.384, 40.412, 55.831, 60.577, 58.571, 59.483, 61.302, 60.004, 57.803, 56.425, 55.322, 53.745, 52.124, 50.834, 49.908, 49.61, 49.652, 49.619, 49.553, 49.591, 49.834, 50.43, 50.847, 50.187, 48.88, 48.679, 48.548, 44.337, 38.181, 36.805, 36.816, 37.318, 37.615, 37.643, 38.003, 38.161, 37.867, 36.989, 36.356, 36.69, 37.507, 38.033, 38.319, 37.995, 37.108, 37.084, 38.496, 40.193, 32.877], [33.3, 33.075, 32.979, 33.237, 33.969, 34.424, 34.251, 33.735, 33.161, 33.02, 33.252, 33.179, 32.536, 31.934, 31.778, 31.735, 31.508, 31.384, 31.163, 30.365, 29.092, 26.759, 22.532, 16.898, 8.593, 0.0, 6.569, 11.152, 15.569, 21.378, 26.025, 26.884, 28.633, 38.148, 47.806, 49.216, 46.613, 46.529, 47.293, 47.089, 46.248, 46.373, 47.519, 48.641, 49.268, 49.673, 49.886, 49.697, 49.488, 49.457, 49.646, 49.984, 49.987, 49.553, 48.761, 47.72, 47.617, 48.889, 48.993, 48.649, 50.739, 51.965, 47.572, 41.227, 37.811, 37.55, 38.461, 38.73, 37.999, 36.748, 36.245, 36.689, 37.092, 37.642, 38.05, 37.646, 37.067, 37.322, 36.845, 35.344, 34.441, 33.294, 32.16, 31.429, 30.991, 30.906, 31.057, 31.291, 31.404, 31.468, 31.69, 31.505, 31.177, 31.587, 32.45, 33.706, 35.143, 34.173, 40.209, 55.582, 60.338, 58.35, 59.303, 61.157, 59.873, 57.685, 56.313, 55.202, 53.623, 52.003, 50.711, 49.791, 49.495, 49.536, 49.509, 49.451, 49.488, 49.731, 50.329, 50.743, 50.076, 48.782, 48.614, 48.488, 44.265, 38.103, 36.696, 36.693, 37.157, 37.42, 37.452, 37.842, 38.034, 37.755, 36.872, 36.225, 36.546, 37.35, 37.879, 38.177, 37.868, 36.984, 36.912, 38.258, 39.935, 33.013], [33.253, 33.088, 33.034, 33.319, 34.076, 34.539, 34.383, 33.907, 33.389, 33.287, 33.511, 33.412, 32.765, 32.189, 32.072, 32.06, 31.886, 31.849, 31.741, 31.06, 29.948, 27.843, 24.077, 19.556, 13.333, 6.569, 0.0, 6.097, 12.363, 19.246, 24.266, 25.268, 27.254, 37.231, 47.223, 48.856, 46.324, 46.223, 46.99, 46.804, 45.979, 46.1, 47.223, 48.314, 48.921, 49.332, 49.565, 49.394, 49.191, 49.141, 49.309, 49.652, 49.679, 49.261, 48.488, 47.482, 47.412, 48.695, 48.796, 48.448, 50.533, 51.763, 47.352, 40.941, 37.514, 37.266, 38.152, 38.414, 37.723, 36.547, 36.126, 36.613, 37.043, 37.6, 37.993, 37.587, 37.038, 37.333, 36.872, 35.354, 34.445, 33.306, 32.169, 31.412, 30.938, 30.848, 30.985, 31.212, 31.344, 31.432, 31.664, 31.488, 31.191, 31.665, 32.559, 33.704, 34.981, 34.096, 40.311, 55.589, 60.299, 58.312, 59.286, 61.131, 59.827, 57.635, 56.256, 55.132, 53.56, 51.956, 50.677, 49.762, 49.462, 49.496, 49.47, 49.418, 49.456, 49.699, 50.31, 50.743, 50.086, 48.806, 48.662, 48.523, 44.233, 38.014, 36.604, 36.605, 37.058, 37.317, 37.355, 37.757, 37.973, 37.709, 36.826, 36.174, 36.485, 37.287, 37.823, 38.129, 37.839, 36.971, 36.888, 38.222, 39.878, 32.916], [33.316, 33.225, 33.245, 33.563, 34.312, 34.763, 34.625, 34.194, 33.73, 33.662, 33.883, 33.781, 33.154, 32.602, 32.505, 32.518, 32.388, 32.406, 32.359, 31.774, 30.802, 28.899, 25.42, 21.335, 16.182, 11.152, 6.097, 0.0, 8.17, 16.869, 22.6, 23.711, 25.982, 36.584, 46.862, 48.613, 46.138, 46.067, 46.852, 46.677, 45.864, 45.996, 47.12, 48.209, 48.821, 49.24, 49.476, 49.3, 49.096, 49.046, 49.203, 49.534, 49.571, 49.173, 48.42, 47.436, 47.391, 48.688, 48.793, 48.457, 50.559, 51.805, 47.387, 40.908, 37.462, 37.228, 38.102, 38.353, 37.659, 36.488, 36.091, 36.583, 36.995, 37.541, 37.931, 37.534, 36.996, 37.299, 36.848, 35.334, 34.433, 33.316, 32.202, 31.455, 30.998, 30.924, 31.044, 31.256, 31.403, 31.504, 31.735, 31.577, 31.322, 31.838, 32.765, 33.873, 35.09, 34.278, 40.6, 55.696, 60.341, 58.353, 59.314, 61.116, 59.788, 57.595, 56.211, 55.075, 53.496, 51.894, 50.624, 49.719, 49.417, 49.446, 49.421, 49.372, 49.411, 49.654, 50.265, 50.704, 50.062, 48.798, 48.653, 48.487, 44.194, 38.008, 36.612, 36.622, 37.082, 37.346, 37.387, 37.79, 38.015, 37.757, 36.885, 36.245, 36.556, 37.35, 37.88, 38.188, 37.918, 37.072, 36.975, 38.284, 39.923, 32.957], [33.698, 33.648, 33.723, 34.039, 34.738, 35.166, 35.051, 34.662, 34.249, 34.199, 34.39, 34.281, 33.703, 33.201, 33.129, 33.179, 33.076, 33.117, 33.13, 32.656, 31.838, 30.205, 27.147, 23.693, 19.496, 15.569, 12.363, 8.17, 0.0, 10.768, 18.284, 19.823, 22.228, 34.297, 45.526, 47.634, 45.251, 45.255, 46.087, 45.935, 45.141, 45.279, 46.389, 47.468, 48.095, 48.535, 48.785, 48.612, 48.414, 48.376, 48.538, 48.87, 48.921, 48.567, 47.908, 47.061, 47.111, 48.417, 48.536, 48.268, 50.409, 51.665, 47.285, 40.801, 37.385, 37.182, 38.053, 38.329, 37.687, 36.57, 36.221, 36.685, 37.035, 37.541, 37.907, 37.518, 36.985, 37.253, 36.805, 35.326, 34.469, 33.435, 32.397, 31.713, 31.296, 31.233, 31.32, 31.499, 31.646, 31.745, 31.948, 31.82, 31.637, 32.192, 33.096, 34.058, 35.22, 34.534, 40.766, 55.591, 60.165, 58.178, 59.089, 60.841, 59.516, 57.327, 55.925, 54.769, 53.181, 51.594, 50.348, 49.461, 49.171, 49.209, 49.185, 49.135, 49.177, 49.413, 49.993, 50.407, 49.78, 48.557, 48.42, 48.238, 44.06, 38.051, 36.67, 36.676, 37.16, 37.394, 37.406, 37.823, 38.046, 37.758, 36.871, 36.233, 36.537, 37.313, 37.829, 38.144, 37.906, 37.111, 37.021, 38.266, 39.825, 33.345], [35.129, 35.1, 35.178, 35.438, 36.048, 36.44, 36.335, 35.985, 35.628, 35.581, 35.719, 35.599, 35.117, 34.711, 34.631, 34.664, 34.552, 34.577, 34.615, 34.226, 33.552, 32.271, 29.853, 27.376, 24.396, 21.378, 19.246, 16.869, 10.768, 0.0, 9.545, 12.509, 15.02, 28.943, 41.969, 45.024, 43.057, 43.303, 44.271, 44.223, 43.503, 43.672, 44.778, 45.859, 46.511, 46.991, 47.292, 47.19, 47.058, 47.052, 47.233, 47.6, 47.692, 47.397, 46.911, 46.367, 46.67, 48.001, 48.113, 47.972, 50.133, 51.375, 47.225, 41.038, 37.889, 37.755, 38.578, 38.872, 38.358, 37.428, 37.184, 37.585, 37.889, 38.348, 38.651, 38.285, 37.836, 38.089, 37.647, 36.23, 35.425, 34.529, 33.668, 33.112, 32.749, 32.725, 32.818, 32.986, 33.121, 33.237, 33.425, 33.324, 33.232, 33.765, 34.479, 35.04, 35.99, 35.499, 41.028, 55.083, 59.467, 57.529, 58.376, 60.083, 58.804, 56.663, 55.275, 54.128, 52.58, 51.073, 49.902, 49.069, 48.819, 48.884, 48.865, 48.811, 48.866, 49.097, 49.642, 50.045, 49.484, 48.371, 48.268, 48.089, 44.233, 38.834, 37.623, 37.618, 38.079, 38.196, 38.154, 38.573, 38.76, 38.425, 37.602, 37.063, 37.359, 38.07, 38.529, 38.822, 38.634, 37.95, 37.885, 39.009, 40.415, 34.782], [36.639, 36.648, 36.722, 36.944, 37.489, 37.827, 37.71, 37.401, 37.112, 37.097, 37.218, 37.103, 36.718, 36.422, 36.352, 36.357, 36.23, 36.236, 36.284, 35.975, 35.408, 34.345, 32.427, 30.647, 28.449, 26.025, 24.266, 22.6, 18.284, 9.545, 0.0, 5.26, 9.9, 24.097, 38.033, 42.087, 40.868, 41.443, 42.49, 42.508, 41.895, 42.155, 43.326, 44.47, 45.174, 45.691, 46.034, 46.004, 45.937, 45.957, 46.136, 46.499, 46.609, 46.366, 46.039, 45.803, 46.387, 47.761, 47.863, 47.828, 49.976, 51.2, 47.338, 41.541, 38.769, 38.745, 39.53, 39.781, 39.296, 38.491, 38.329, 38.699, 39.004, 39.453, 39.676, 39.273, 38.887, 39.173, 38.795, 37.475, 36.719, 35.941, 35.257, 34.817, 34.504, 34.533, 34.643, 34.822, 34.957, 35.071, 35.245, 35.186, 35.185, 35.665, 36.2, 36.418, 37.076, 36.773, 41.603, 54.713, 58.876, 57.01, 57.79, 59.452, 58.233, 56.169, 54.834, 53.748, 52.276, 50.846, 49.745, 48.972, 48.761, 48.841, 48.821, 48.772, 48.839, 49.068, 49.599, 50.004, 49.498, 48.488, 48.439, 48.259, 44.68, 39.891, 38.878, 38.87, 39.246, 39.244, 39.174, 39.582, 39.733, 39.401, 38.705, 38.298, 38.584, 39.218, 39.625, 39.902, 39.749, 39.142, 39.082, 40.097, 41.384, 36.308], [36.523, 36.536, 36.615, 36.847, 37.408, 37.75, 37.627, 37.32, 37.046, 37.049, 37.175, 37.067, 36.71, 36.46, 36.422, 36.43, 36.291, 36.298, 36.371, 36.107, 35.591, 34.576, 32.749, 31.094, 29.093, 26.884, 25.268, 23.711, 19.823, 12.509, 5.26, 0.0, 8.276, 23.503, 37.296, 41.365, 40.319, 40.997, 42.022, 41.973, 41.335, 41.627, 42.869, 44.093, 44.856, 45.405, 45.753, 45.712, 45.636, 45.652, 45.815, 46.15, 46.246, 46.013, 45.701, 45.515, 46.199, 47.647, 47.754, 47.723, 49.92, 51.171, 47.286, 41.45, 38.699, 38.713, 39.53, 39.781, 39.262, 38.416, 38.243, 38.612, 38.914, 39.373, 39.597, 39.17, 38.737, 39.036, 38.722, 37.434, 36.671, 35.881, 35.193, 34.741, 34.423, 34.473, 34.599, 34.794, 34.939, 35.057, 35.235, 35.178, 35.185, 35.662, 36.178, 36.371, 37.026, 36.726, 41.569, 54.646, 58.815, 56.929, 57.684, 59.346, 58.135, 56.066, 54.73, 53.652, 52.183, 50.749, 49.645, 48.876, 48.665, 48.739, 48.715, 48.667, 48.736, 48.968, 49.508, 49.919, 49.412, 48.42, 48.392, 48.187, 44.566, 39.781, 38.778, 38.784, 39.174, 39.165, 39.091, 39.513, 39.677, 39.342, 38.639, 38.227, 38.516, 39.157, 39.575, 39.861, 39.705, 39.099, 39.057, 40.084, 41.358, 36.21], [37.114, 37.152, 37.241, 37.462, 37.988, 38.299, 38.147, 37.82, 37.533, 37.507, 37.614, 37.52, 37.202, 36.983, 36.958, 36.99, 36.872, 36.872, 36.938, 36.702, 36.207, 35.275, 33.657, 32.297, 30.657, 28.633, 27.254, 25.982, 22.228, 15.02, 9.9, 8.276, 0.0, 18.552, 34.672, 39.531, 38.48, 39.205, 40.362, 40.419, 39.848, 40.185, 41.439, 42.667, 43.458, 44.04, 44.413, 44.41, 44.369, 44.396, 44.585, 44.97, 45.091, 44.891, 44.715, 44.747, 45.584, 47.062, 47.21, 47.306, 49.54, 50.784, 47.023, 41.359, 38.645, 38.604, 39.384, 39.659, 39.225, 38.494, 38.418, 38.822, 39.151, 39.609, 39.817, 39.464, 39.183, 39.492, 39.12, 37.865, 37.158, 36.401, 35.737, 35.299, 34.936, 34.937, 35.046, 35.242, 35.381, 35.515, 35.715, 35.645, 35.666, 36.189, 36.693, 36.729, 37.222, 36.946, 41.511, 54.388, 58.531, 56.681, 57.422, 59.097, 57.923, 55.872, 54.538, 53.457, 51.989, 50.56, 49.459, 48.694, 48.493, 48.576, 48.551, 48.501, 48.579, 48.821, 49.367, 49.799, 49.338, 48.402, 48.399, 48.226, 44.738, 40.1, 39.081, 39.072, 39.471, 39.425, 39.348, 39.795, 39.944, 39.564, 38.879, 38.543, 38.881, 39.514, 39.897, 40.171, 40.048, 39.493, 39.444, 40.416, 41.648, 36.789], [42.969, 43.124, 43.204, 43.316, 43.587, 43.662, 43.439, 43.194, 43.032, 43.025, 43.073, 43.013, 42.858, 42.751, 42.666, 42.693, 42.687, 42.68, 42.614, 42.375, 41.964, 41.418, 40.802, 40.322, 39.515, 38.148, 37.231, 36.584, 34.297, 28.943, 24.097, 23.503, 18.552, 0.0, 20.406, 29.89, 32.335, 34.697, 36.354, 36.923, 37.007, 37.704, 38.984, 40.197, 40.996, 41.571, 42.0, 42.218, 42.381, 42.476, 42.668, 43.005, 43.107, 43.108, 43.518, 44.427, 45.805, 47.169, 47.36, 47.763, 49.627, 50.565, 48.01, 44.097, 42.376, 42.388, 42.916, 43.034, 42.714, 42.382, 42.612, 43.075, 43.485, 43.801, 43.729, 43.373, 43.296, 43.556, 43.348, 42.63, 42.379, 42.07, 41.9, 41.844, 41.704, 41.736, 41.768, 41.926, 42.035, 42.136, 42.262, 42.224, 42.417, 42.816, 42.868, 42.223, 41.931, 42.123, 44.501, 53.926, 57.373, 55.98, 56.492, 57.847, 56.858, 55.145, 54.042, 53.185, 52.026, 50.915, 50.063, 49.488, 49.377, 49.465, 49.423, 49.371, 49.448, 49.634, 50.088, 50.527, 50.259, 49.626, 49.75, 49.714, 47.309, 44.338, 43.782, 43.704, 43.908, 43.746, 43.688, 44.052, 44.126, 43.815, 43.521, 43.578, 43.91, 44.292, 44.504, 44.747, 44.756, 44.39, 44.152, 44.591, 45.421, 42.665], [50.288, 50.494, 50.537, 50.535, 50.54, 50.376, 50.163, 50.067, 50.067, 50.136, 50.159, 50.106, 50.035, 49.997, 49.918, 50.027, 50.174, 50.185, 49.985, 49.716, 49.418, 49.162, 49.166, 49.04, 48.62, 47.806, 47.223, 46.862, 45.526, 41.969, 38.033, 37.296, 34.672, 20.406, 0.0, 15.889, 26.302, 32.473, 34.974, 36.042, 36.892, 38.061, 39.492, 40.796, 41.6, 42.077, 42.476, 42.864, 43.232, 43.461, 43.659, 43.813, 43.801, 44.014, 44.911, 46.451, 48.159, 49.342, 49.507, 49.948, 51.254, 51.858, 50.693, 48.822, 48.269, 48.415, 48.731, 48.681, 48.45, 48.423, 48.79, 49.204, 49.502, 49.522, 49.19, 48.788, 48.738, 48.928, 49.02, 48.966, 49.184, 49.29, 49.562, 49.851, 50.046, 50.148, 50.062, 50.172, 50.265, 50.29, 50.307, 50.322, 50.611, 50.812, 50.517, 49.517, 48.724, 49.346, 50.079, 55.65, 58.368, 57.48, 57.581, 58.384, 57.548, 56.181, 55.343, 54.794, 54.056, 53.341, 52.783, 52.405, 52.33, 52.354, 52.283, 52.236, 52.273, 52.352, 52.666, 