[[0.0, 6.909, 14.016, 18.399, 20.676, 22.963, 25.802, 27.855, 28.979, 29.739, 30.525, 31.465, 32.675, 33.863, 35.17, 37.319, 39.871, 41.279, 41.357, 41.666, 43.123, 44.915, 46.233, 46.447, 45.8, 45.369, 45.273, 45.087, 44.62, 44.325, 44.436, 44.312, 43.813, 43.746, 44.262, 44.876, 44.89, 44.482, 44.359, 44.832, 44.97, 44.585, 44.513, 45.031, 44.763, 43.933, 43.207, 43.026, 43.208, 43.08, 43.174, 44.063, 44.843, 44.984, 44.936, 45.583, 47.649, 49.25, 49.499, 49.626, 50.295, 51.336, 52.17, 53.078, 53.46, 53.219, 52.404, 50.314, 48.119, 47.287, 47.277, 46.972, 46.868, 46.754, 46.089, 45.988, 46.304, 45.966, 44.891, 44.381, 44.122, 42.809, 41.728, 43.44, 46.188, 47.227, 46.954, 46.889, 47.464, 48.737, 50.533, 51.87, 52.122, 52.243, 52.576, 52.995, 53.957, 55.1, 55.476, 56.421, 58.456, 58.963, 58.544, 59.032, 60.488, 62.718, 65.2, 65.591, 63.862, 58.599, 50.511, 46.615, 46.448, 45.997, 44.526, 42.846, 42.008, 41.986, 41.991, 41.927, 41.946, 42.059, 42.125, 41.981, 41.791, 41.803, 42.067, 42.467, 43.208, 44.092, 44.081, 43.895, 44.151, 44.67, 45.365, 46.263, 46.9, 46.834, 46.735, 46.98, 47.602, 47.708, 47.232, 46.425, 45.989, 46.168, 46.145, 45.724, 45.325, 45.022, 44.884, 44.884, 44.653, 44.086, 43.397, 43.023, 43.038, 42.951, 42.629, 42.702, 43.317, 43.573, 43.215, 42.695, 42.6, 42.837, 42.743, 42.448, 42.628, 43.303, 45.113, 47.214, 48.42, 48.923, 49.234, 49.414, 49.568, 48.992, 47.51, 46.095, 45.073, 44.241, 43.782, 44.446, 45.208, 45.287, 44.937, 44.639, 44.694, 45.035, 45.226, 45.004, 45.028, 45.057, 44.321, 43.487, 43.192, 42.996, 42.816, 43.297, 43.764, 43.891, 43.949, 43.767, 5.149], [6.909, 0.0, 8.641, 14.332, 16.992, 19.417, 22.725, 25.135, 26.421, 27.268, 28.135, 29.238, 30.703, 32.07, 33.475, 35.815, 38.648, 40.225, 40.294, 40.578, 42.133, 44.06, 45.475, 45.73, 45.079, 44.628, 44.539, 44.396, 43.961, 43.669, 43.782, 43.663, 43.162, 43.121, 43.701, 44.375, 44.4, 43.955, 43.79, 44.23, 44.34, 43.999, 44.034, 44.623, 44.338, 43.426, 42.603, 42.402, 42.61, 42.433, 42.475, 43.42, 44.276, 44.431, 44.381, 45.084, 47.267, 48.938, 49.207, 49.351, 50.06, 51.153, 52.016, 52.949, 53.366, 53.136, 52.284, 50.099, 47.814, 46.962, 46.935, 46.586, 46.471, 46.331, 45.594, 45.474, 45.819, 45.475, 44.318, 43.747, 43.457, 42.051, 40.891, 42.797, 45.745, 46.823, 46.53, 46.469, 47.099, 48.476, 50.383, 51.766, 52.018, 52.141, 52.488, 52.923, 53.909, 55.084, 55.48, 56.454, 58.525, 59.03, 58.581, 59.058, 60.53, 62.825, 65.394, 65.787, 64.013, 58.636, 50.307, 46.276, 46.124, 45.613, 44.044, 42.298, 41.42, 41.35, 41.316, 41.231, 41.251, 41.371, 41.432, 41.248, 40.977, 40.934, 41.236, 41.693, 42.486, 43.414, 43.38, 43.16, 43.424, 43.981, 44.714, 45.644, 46.309, 46.263, 46.17, 46.431, 47.107, 47.237, 46.749, 45.916, 45.474, 45.671, 45.654, 45.22, 44.792, 44.46, 44.306, 44.321, 44.104, 43.502, 42.748, 42.325, 42.346, 42.298, 41.975, 42.048, 42.718, 43.011, 42.621, 42.045, 41.917, 42.146, 42.012, 41.637, 41.801, 42.591, 44.588, 46.815, 48.07, 48.611, 48.948, 49.15, 49.319, 48.708, 47.122, 45.566, 44.464, 43.628, 43.196, 43.931, 44.752, 44.841, 44.476, 44.163, 44.202, 44.53, 44.712, 44.471, 44.48, 44.509, 43.744, 42.858, 42.549, 42.348, 42.141, 42.631, 43.13, 43.288, 43.362, 43.173, 9.627], [14.016, 8.641, 0.0, 7.218, 11.407, 14.508, 18.429, 21.352, 22.89, 23.995, 25.098, 26.412, 28.204, 29.848, 31.462, 34.044, 37.11, 38.835, 38.932, 39.246, 40.979, 43.151, 44.704, 44.987, 44.385, 43.998, 43.934, 43.811, 43.422, 43.169, 43.282, 43.142, 42.64, 42.637, 43.267, 43.984, 44.032, 43.611, 43.483, 43.923, 43.995, 43.673, 43.818, 44.508, 44.231, 43.268, 42.345, 42.094, 42.313, 42.082, 42.038, 42.986, 43.905, 44.075, 44.019, 44.747, 47.005, 48.725, 49.013, 49.174, 49.907, 51.03, 51.902, 52.841, 53.274, 53.059, 52.181, 49.938, 47.615, 46.765, 46.733, 46.356, 46.24, 46.096, 45.316, 45.178, 45.522, 45.158, 43.936, 43.342, 43.068, 41.635, 40.466, 42.596, 45.747, 46.84, 46.516, 46.454, 47.135, 48.61, 50.629, 52.067, 52.306, 52.415, 52.758, 53.192, 54.183, 55.364, 55.754, 56.739, 58.855, 59.373, 58.892, 59.348, 60.825, 63.14, 65.747, 66.146, 64.344, 58.884, 50.448, 46.391, 46.273, 45.72, 44.063, 42.279, 41.367, 41.21, 41.101, 40.975, 40.98, 41.094, 41.148, 40.923, 40.559, 40.43, 40.745, 41.229, 42.017, 42.933, 42.917, 42.705, 42.973, 43.562, 44.334, 45.29, 45.975, 45.928, 45.815, 46.103, 46.844, 46.983, 46.466, 45.614, 45.175, 45.38, 45.385, 44.984, 44.563, 44.217, 44.053, 44.07, 43.853, 43.243, 42.465, 42.003, 42.019, 42.037, 41.78, 41.884, 42.601, 42.932, 42.511, 41.86, 41.659, 41.852, 41.687, 41.238, 41.358, 42.248, 44.457, 46.858, 48.219, 48.862, 49.249, 49.473, 49.658, 49.039, 47.363, 45.623, 44.384, 43.508, 43.082, 43.877, 44.756, 44.854, 44.471, 44.139, 44.16, 44.473, 44.644, 44.381, 44.364, 44.388, 43.59, 42.601, 42.265, 42.081, 41.839, 42.289, 42.769, 42.922, 43.003, 42.798, 15.204], [18.399, 14.332, 7.218, 0.0, 6.137, 11.248, 16.025, 19.244, 20.91, 22.206, 23.504, 25.01, 27.075, 28.914, 30.669, 33.379, 36.48, 38.193, 38.306, 38.675, 40.491, 42.781, 44.393, 44.676, 44.133, 43.819, 43.777, 43.667, 43.338, 43.155, 43.291, 43.144, 42.64, 42.646, 43.287, 44.023, 44.1, 43.716, 43.629, 44.079, 44.141, 43.792, 43.919, 44.61, 44.337, 43.393, 42.459, 42.19, 42.398, 42.147, 42.082, 43.001, 43.909, 44.074, 44.013, 44.749, 47.007, 48.719, 49.008, 49.183, 49.909, 50.998, 51.854, 52.801, 53.232, 53.014, 52.134, 49.904, 47.612, 46.784, 46.761, 46.383, 46.273, 46.149, 45.384, 45.245, 45.577, 45.202, 43.959, 43.354, 43.102, 41.696, 40.532, 42.704, 45.892, 46.971, 46.623, 46.542, 47.235, 48.738, 50.776, 52.222, 52.454, 52.553, 52.892, 53.316, 54.286, 55.448, 55.823, 56.8, 58.928, 59.457, 58.978, 59.437, 60.907, 63.172, 65.753, 66.154, 64.332, 58.846, 50.473, 46.506, 46.406, 45.851, 44.198, 42.413, 41.493, 41.317, 41.189, 41.038, 41.02, 41.12, 41.167, 40.943, 40.571, 40.427, 40.733, 41.201, 41.966, 42.859, 42.85, 42.644, 42.902, 43.49, 44.275, 45.246, 45.938, 45.886, 45.747, 46.027, 46.789, 46.941, 46.427, 45.581, 45.147, 45.358, 45.379, 44.998, 44.59, 44.253, 44.101, 44.123, 43.899, 43.292, 42.533, 42.077, 42.096, 42.14, 41.906, 42.005, 42.711, 43.04, 42.608, 41.915, 41.663, 41.832, 41.665, 41.195, 41.281, 42.175, 44.448, 46.917, 48.327, 49.023, 49.439, 49.667, 49.85, 49.242, 47.586, 45.834, 44.546, 43.637, 43.213, 44.011, 44.879, 44.965, 44.585, 44.263, 44.288, 44.597, 44.766, 44.507, 44.487, 44.518, 43.714, 42.666, 42.32, 42.153, 41.877, 42.272, 42.72, 42.844, 42.913, 42.712, 19.036], [20.676, 16.992, 11.407, 6.137, 0.0, 7.32, 13.827, 17.76, 19.633, 20.979, 22.347, 24.005, 26.289, 28.265, 30.102, 32.923, 36.131, 37.882, 38.0, 38.388, 40.203, 42.521, 44.167, 44.462, 43.939, 43.626, 43.591, 43.485, 43.16, 43.001, 43.165, 43.028, 42.51, 42.507, 43.158, 43.916, 44.001, 43.593, 43.482, 43.919, 43.983, 43.642, 43.763, 44.418, 44.132, 43.192, 42.269, 42.016, 42.226, 41.953, 41.87, 42.779, 43.686, 43.847, 43.773, 44.566, 46.89, 48.617, 48.897, 49.081, 49.81, 50.883, 51.738, 52.693, 53.135, 52.927, 52.053, 49.821, 47.55, 46.733, 46.696, 46.306, 46.199, 46.078, 45.303, 45.164, 45.506, 45.125, 43.842, 43.198, 42.928, 41.507, 40.317, 42.477, 45.662, 46.727, 46.364, 46.285, 47.02, 48.57, 50.64, 52.105, 52.331, 52.422, 52.761, 53.182, 54.14, 55.292, 55.669, 56.668, 58.829, 59.367, 58.88, 59.328, 60.779, 63.015, 65.589, 65.99, 64.128, 58.572, 50.201, 46.283, 46.19, 45.638, 44.02, 42.254, 41.353, 41.206, 41.076, 40.903, 40.87, 40.957, 40.99, 40.759, 40.383, 40.239, 40.541, 41.007, 41.782, 42.695, 42.702, 42.493, 42.746, 43.327, 44.105, 45.073, 45.76, 45.698, 45.553, 45.834, 46.604, 46.751, 46.251, 45.426, 44.997, 45.213, 45.237, 44.852, 44.445, 44.117, 43.975, 44.009, 43.8, 43.203, 42.439, 41.977, 42.01, 42.067, 41.808, 41.878, 42.584, 42.911, 42.464, 41.748, 41.469, 41.628, 41.458, 40.968, 41.049, 41.976, 44.278, 46.747, 48.145, 48.825, 49.218, 49.423, 49.58, 48.944, 47.282, 45.565, 44.306, 43.418, 43.04, 43.852, 44.702, 44.772, 44.397, 44.088, 44.112, 44.415, 44.585, 44.325, 44.314, 44.357, 43.559, 42.529, 42.22, 42.058, 41.742, 42.113, 42.559, 42.673, 42.739, 42.549, 21.222], [22.963, 19.417, 14.508, 11.248, 7.32, 0.0, 8.145, 13.657, 16.27, 17.782, 19.205, 21.061, 23.737, 25.997, 27.98, 31.013, 34.509, 36.447, 36.619, 37.063, 38.996, 41.474, 43.235, 43.579, 43.092, 42.797, 42.791, 42.72, 42.407, 42.256, 42.441, 42.333, 41.843, 41.862, 42.531, 43.319, 43.439, 43.047, 42.93, 43.343, 43.397, 43.112, 43.339, 44.084, 43.821, 42.837, 41.858, 41.592, 41.812, 41.489, 41.331, 42.235, 43.184, 43.36, 43.267, 44.088, 46.487, 48.235, 48.505, 48.696, 49.427, 50.51, 51.367, 52.301, 52.726, 52.524, 51.663, 49.418, 47.157, 46.35, 46.289, 45.882, 45.786, 45.663, 44.86, 44.721, 45.074, 44.681, 43.364, 42.709, 42.425, 40.962, 39.776, 42.046, 45.344, 46.421, 46.065, 46.037, 46.839, 48.462, 50.615, 52.147, 52.37, 52.43, 52.741, 53.148, 54.11, 55.263, 55.647, 56.695, 58.918, 59.465, 58.948, 59.366, 60.813, 63.078, 65.668, 66.065, 64.188, 58.555, 50.024, 46.02, 45.952, 45.363, 43.675, 41.896, 41.02, 40.864, 40.688, 40.476, 40.429, 40.503, 40.515, 40.264, 39.865, 39.695, 39.999, 40.471, 41.254, 42.193, 42.236, 42.029, 42.253, 42.815, 43.592, 44.535, 45.213, 45.181, 45.084, 45.4, 46.169, 46.283, 45.786, 44.978, 44.562, 44.771, 44.788, 44.409, 44.01, 43.689, 43.553, 43.596, 43.406, 42.826, 42.039, 41.532, 41.566, 41.672, 41.447, 41.556, 42.318, 42.648, 42.154, 41.404, 41.111, 41.272, 41.098, 40.566, 40.611, 41.631, 44.068, 46.612, 48.026, 48.675, 49.015, 49.192, 49.333, 48.66, 46.916, 45.111, 43.857, 43.025, 42.7, 43.532, 44.393, 44.463, 44.08, 43.756, 43.76, 44.052, 44.218, 43.947, 43.94, 43.981, 43.134, 42.072, 41.772, 41.606, 41.259, 41.627, 42.078, 42.189, 42.259, 42.064, 23.407], [25.802, 22.725, 18.429, 16.025, 13.827, 8.145, 0.0, 7.062, 11.221, 13.481, 14.914, 16.947, 20.314, 23.009, 25.116, 28.313, 32.066, 34.213, 34.493, 35.04, 37.168, 39.878, 41.75, 42.116, 41.699, 41.494, 41.552, 41.596, 41.42, 41.336, 41.541, 41.498, 41.125, 41.226, 41.9, 42.689, 42.885, 42.602, 42.562, 42.984, 43.037, 42.844, 43.274, 44.221, 44.041, 43.051, 42.032, 41.751, 41.975, 41.61, 41.381, 42.267, 43.226, 43.405, 43.322, 44.099, 46.44, 48.163, 48.439, 48.66, 49.392, 50.465, 51.306, 52.22, 52.605, 52.368, 51.519, 49.291, 47.049, 46.267, 46.206, 45.79, 45.701, 45.588, 44.785, 44.647, 44.997, 44.593, 43.288, 42.685, 42.44, 40.98, 39.822, 42.192, 45.614, 46.726, 46.38, 46.383, 47.205, 48.834, 51.008, 52.574, 52.796, 52.828, 53.103, 53.489, 54.443, 55.58, 55.941, 56.984, 59.216, 59.765, 59.242, 59.652, 61.102, 63.361, 65.925, 66.309, 64.434, 58.779, 50.136, 46.063, 46.032, 45.413, 43.655, 41.869, 40.965, 40.778, 40.602, 40.389, 40.335, 40.404, 40.417, 40.179, 39.787, 39.604, 39.9, 40.366, 41.114, 42.011, 42.034, 41.8, 41.965, 42.497, 43.27, 44.188, 44.879, 44.924, 44.893, 45.244, 46.015, 46.149, 45.685, 44.9, 44.491, 44.679, 44.699, 44.343, 43.956, 43.633, 43.492, 43.533, 43.357, 42.827, 42.074, 41.55, 41.569, 41.725, 41.569, 41.746, 42.567, 42.896, 42.344, 41.546, 41.233, 41.397, 41.235, 40.675, 40.632, 41.635, 44.146, 46.762, 48.202, 48.829, 49.131, 49.295, 49.439, 48.758, 46.962, 45.081, 43.826, 43.032, 42.726, 43.573, 44.451, 44.534, 44.148, 43.81, 43.802, 44.088, 44.244, 43.977, 43.979, 44.023, 43.123, 41.967, 41.629, 41.477, 41.112, 41.444, 41.853, 41.943, 42.004, 41.796, 26.08], [27.855, 25.135, 21.352, 19.244, 17.76, 13.657, 7.062, 0.0, 5.746, 9.618, 11.434, 13.575, 17.597, 20.705, 22.931, 26.231, 30.14, 32.475, 32.916, 33.604, 35.877, 38.696, 40.585, 40.964, 40.637, 40.518, 40.629, 40.795, 40.79, 40.801, 41.02, 41.013, 40.755, 40.978, 41.686, 42.459, 42.683, 42.453, 42.452, 42.889, 42.964, 42.857, 43.455, 44.542, 44.419, 43.442, 42.416, 42.145, 42.378, 41.989, 41.719, 42.583, 43.549, 43.722, 43.646, 44.408, 46.703, 48.395, 48.684, 48.925, 49.652, 50.716, 51.552, 52.481, 52.899, 52.66, 51.82, 49.62, 47.382, 46.607, 46.547, 46.134, 46.052, 45.937, 45.123, 44.969, 45.305, 44.894, 43.608, 43.068, 42.873, 41.443, 40.315, 42.7, 46.147, 47.257, 46.908, 46.91, 47.716, 49.317, 51.444, 52.961, 53.156, 53.17, 53.426, 53.796, 54.73, 55.841, 56.177, 57.183, 59.379, 59.925, 59.418, 59.84, 61.288, 63.507, 66.024, 66.388, 64.504, 58.857, 50.231, 46.208, 46.214, 45.574, 43.776, 41.991, 41.066, 40.902, 40.786, 40.601, 40.541, 40.599, 40.618, 40.411, 40.055, 39.867, 40.144, 40.61, 41.336, 42.185, 42.166, 41.911, 42.049, 42.555, 43.286, 44.16, 44.854, 44.97, 44.993, 45.354, 46.12, 46.295, 45.884, 45.119, 44.703, 44.876, 44.909, 44.571, 44.191, 43.865, 43.719, 43.755, 43.598, 43.123, 42.418, 41.893, 41.904, 42.084, 41.951, 42.146, 42.989, 43.332, 42.772, 41.959, 41.639, 41.8, 41.662, 41.13, 41.048, 41.983, 44.471, 47.102, 48.544, 49.144, 49.434, 49.603, 49.752, 49.082, 47.284, 45.39, 44.129, 43.329, 43.008, 43.858, 44.746, 44.838, 44.449, 44.098, 44.08, 44.358, 44.503, 44.246, 44.254, 44.296, 43.414, 42.248, 41.902, 41.773, 41.42, 41.708, 42.083, 42.174, 42.233, 42.017, 28.066], [28.979, 26.421, 22.89, 20.91, 19.633, 16.27, 11.221, 5.746, 0.0, 5.338, 8.314, 10.949, 15.284, 18.658, 21.13, 24.691, 28.824, 31.34, 31.893, 32.683, 35.113, 38.039, 39.942, 40.345, 40.105, 40.047, 40.174, 40.372, 40.433, 40.505, 40.749, 40.719, 40.454, 40.751, 41.569, 42.398, 42.636, 42.409, 42.387, 42.795, 42.852, 42.74, 43.339, 44.417, 44.291, 43.31, 42.26, 41.99, 42.231, 41.831, 41.553, 42.425, 43.416, 43.592, 43.492, 44.268, 46.612, 48.318, 48.609, 48.843, 49.548, 50.598, 51.436, 52.379, 52.843, 52.636, 51.799, 49.627, 47.398, 46.62, 46.56, 46.148, 46.073, 45.956, 45.112, 44.935, 45.268, 44.849, 43.539, 42.99, 42.797, 41.372, 40.237, 42.652, 46.124, 47.214, 46.865, 46.903, 47.753, 49.392, 51.537, 53.048, 53.232, 53.232, 53.478, 53.839, 54.759, 55.865, 56.209, 57.231, 59.433, 59.978, 59.471, 59.901, 61.352, 63.552, 66.052, 66.412, 64.499, 58.808, 50.144, 46.131, 46.156, 45.49, 43.631, 41.819, 40.9, 40.759, 40.66, 40.472, 40.388, 40.423, 40.442, 40.261, 39.936, 39.756, 40.011, 40.477, 41.235, 42.116, 42.109, 41.843, 41.969, 42.469, 43.185, 44.034, 44.717, 44.864, 44.919, 45.279, 46.03, 46.199, 45.795, 45.029, 44.611, 44.795, 44.839, 44.506, 44.119, 43.777, 43.609, 43.628, 43.461, 42.985, 42.276, 41.737, 41.748, 41.943, 41.806, 41.999, 42.86, 43.233, 42.692, 41.897, 41.596, 41.769, 41.657, 41.178, 41.137, 42.11, 44.646, 47.322, 48.781, 49.378, 49.678, 49.861, 50.014, 49.338, 47.503, 45.559, 44.267, 43.434, 43.064, 43.896, 44.783, 44.866, 44.464, 44.105, 44.081, 44.353, 44.485, 44.199, 44.172, 44.197, 43.326, 42.175, 41.845, 41.747, 41.41, 41.654, 42.004, 42.111, 42.179, 41.96, 29.2], [29.739, 27.268, 23.995, 22.206, 20.979, 17.782, 13.481, 9.618, 5.338, 0.0, 4.352, 8.673, 13.605, 16.948, 19.399, 23.193, 27.663, 30.37, 30.908, 31.658, 34.209, 37.287, 39.264, 39.7, 39.478, 39.427, 39.555, 39.744, 39.791, 39.873, 40.139, 40.098, 39.782, 40.083, 41.024, 42.013, 42.347, 42.121, 42.041, 42.385, 42.395, 42.254, 42.828, 43.898, 43.759, 42.746, 41.642, 41.35, 41.596, 41.174, 40.881, 41.775, 42.792, 42.978, 42.847, 43.664, 46.147, 47.937, 48.243, 48.473, 49.169, 50.231, 51.082, 52.028, 52.518, 52.331, 51.473, 49.26, 46.98, 46.17, 46.09, 45.665, 45.595, 45.458, 44.556, 44.363, 44.721, 44.289, 42.895, 42.275, 42.052, 40.567, 39.363, 41.889, 45.502, 46.616, 46.258, 46.341, 47.283, 49.038, 51.303, 52.891, 53.091, 53.09, 53.332, 53.689, 54.618, 55.746, 56.128, 57.224, 59.491, 60.044, 59.515, 59.93, 61.377, 63.601, 66.144, 66.51, 64.546, 58.726, 49.821, 45.674, 45.697, 44.977, 43.016, 41.16, 40.257, 40.1, 39.963, 39.744, 39.634, 39.658, 39.677, 39.499, 39.177, 39.011, 39.284, 39.785, 40.628, 41.602, 41.611, 41.319, 41.444, 41.972, 42.734, 43.624, 44.329, 44.479, 44.532, 44.905, 45.684, 45.842, 45.411, 44.621, 44.193, 44.395, 44.442, 44.099, 43.692, 43.321, 43.126, 43.131, 42.932, 42.386, 41.621, 41.055, 41.068, 41.264, 41.104, 41.307, 42.223, 42.625, 42.067, 41.269, 40.995, 41.192, 41.093, 40.646, 40.668, 41.761, 44.453, 47.246, 48.761, 49.364, 49.648, 49.828, 49.989, 49.28, 47.338, 45.254, 43.882, 43.0, 42.589, 43.437, 44.35, 44.423, 44.004, 43.637, 43.601, 43.858, 43.976, 43.656, 43.589, 43.599, 42.709, 41.543, 41.222, 41.139, 40.818, 41.084, 41.44, 41.545, 41.616, 41.393, 29.955], [30.525, 28.135, 25.098, 23.504, 22.347, 19.205, 14.914, 11.434, 8.314, 4.352, 0.0, 5.889, 12.047, 15.606, 17.791, 21.547, 26.273, 29.192, 29.778, 30.507, 33.126, 36.321, 38.367, 38.824, 38.608, 38.565, 38.7, 38.912, 38.997, 39.102, 39.384, 39.37, 39.092, 39.429, 40.418, 41.503, 41.956, 41.801, 41.727, 42.045, 42.043, 41.937, 42.584, 43.701, 43.57, 42.538, 41.401, 41.097, 41.342, 40.888, 40.557, 41.445, 42.468, 42.663, 42.522, 43.364, 45.94, 47.792, 48.107, 48.34, 49.048, 50.135, 51.002, 51.947, 52.446, 52.263, 51.397, 49.142, 46.803, 45.965, 45.875, 45.444, 45.375, 45.209, 44.255, 44.047, 44.415, 43.972, 42.538, 41.907, 41.687, 40.17, 38.937, 41.551, 45.275, 46.419, 46.057, 46.157, 47.135, 48.935, 51.251, 52.874, 53.083, 53.086, 53.33, 53.689, 54.626, 55.765, 56.159, 57.29, 59.591, 60.146, 59.602, 59.997, 61.428, 63.66, 66.232, 66.6, 64.602, 58.707, 49.687, 45.481, 45.504, 44.743, 42.724, 40.847, 39.956, 39.794, 39.634, 39.394, 39.273, 39.299, 39.319, 39.129, 38.788, 38.615, 38.906, 39.444, 40.344, 41.363, 41.356, 41.041, 41.177, 41.737, 42.521, 43.424, 44.154, 44.322, 44.374, 44.757, 45.565, 45.738, 45.294, 44.483, 44.04, 44.244, 44.296, 43.943, 43.517, 43.128, 42.922, 42.927, 42.728, 42.177, 41.394, 40.802, 40.803, 40.999, 40.817, 41.027, 41.985, 42.398, 41.806, 40.983, 40.708, 40.906, 40.798, 40.345, 40.376, 41.52, 44.318, 47.201, 48.772, 49.388, 49.653, 49.829, 49.997, 49.27, 47.253, 45.063, 43.625, 42.712, 42.294, 43.178, 44.128, 44.207, 43.78, 43.407, 43.362, 43.612, 43.728, 43.403, 43.325, 43.326, 42.417, 41.24, 40.924, 40.849, 40.538, 40.833, 41.214, 41.321, 41.394, 41.172, 30.699], [31.465, 29.238, 26.412, 25.01, 24.005, 21.061, 16.947, 13.575, 10.949, 8.673, 5.889, 0.0, 7.405, 12.039, 14.668, 18.59, 23.648, 26.905, 27.747, 28.682, 31.541, 34.95, 37.08, 37.528, 37.366, 37.401, 37.555, 37.774, 37.931, 38.122, 38.437, 38.444, 38.23, 38.643, 39.645, 40.722, 41.255, 41.296, 41.403, 41.763, 41.754, 41.685, 42.401, 43.543, 43.441, 42.419, 41.26, 40.929, 41.171, 40.693, 40.287, 41.125, 42.158, 42.371, 42.237, 43.118, 45.792, 47.691, 48.015, 48.262, 48.984, 50.081, 50.954, 51.904, 52.429, 52.273, 51.445, 49.232, 46.907, 46.061, 45.973, 45.552, 45.48, 45.293, 44.322, 44.1, 44.445, 43.98, 42.539, 41.902, 41.683, 40.182, 38.934, 41.531, 45.274, 46.418, 46.074, 46.23, 47.254, 49.065, 51.371, 52.985, 53.181, 53.175, 53.414, 53.77, 54.698, 55.823, 56.211, 57.352, 59.675, 60.231, 59.667, 60.043, 61.465, 63.669, 66.208, 66.573, 64.558, 58.665, 49.729, 45.606, 45.644, 44.862, 42.814, 40.942, 40.063, 39.91, 39.733, 39.464, 39.326, 39.345, 39.356, 39.146, 38.779, 38.581, 38.847, 39.375, 40.3, 41.359, 41.381, 41.067, 41.196, 41.762, 42.518, 43.358, 44.05, 44.228, 44.297, 44.676, 45.459, 45.62, 45.161, 44.335, 43.892, 44.103, 44.179, 43.844, 43.427, 43.046, 42.834, 42.823, 42.64, 42.166, 41.436, 40.828, 40.823, 41.057, 40.89, 41.098, 42.073, 42.505, 41.897, 41.045, 40.738, 40.915, 40.808, 40.362, 40.372, 41.494, 44.315, 47.256, 48.905, 49.584, 49.858, 50.028, 50.188, 49.449, 47.386, 45.14, 43.702, 42.787, 42.328, 43.188, 44.139, 44.229, 43.805, 43.429, 43.392, 43.655, 43.773, 43.438, 43.35, 43.344, 42.417, 41.213, 40.903, 40.86, 40.56, 40.818, 41.189, 41.309, 41.388, 41.162, 31.626], [32.675, 30.703, 28.204, 27.075, 26.289, 23.737, 20.314, 17.597, 15.284, 13.605, 12.047, 7.405, 0.0, 5.987, 10.371, 15.324, 20.918, 24.521, 25.614, 26.88, 30.163, 33.889, 36.142, 36.576, 36.468, 36.611, 36.795, 36.978, 37.169, 37.459, 37.829, 37.84, 37.627, 38.058, 39.079, 40.134, 40.652, 40.841, 41.196, 41.652, 41.639, 41.554, 42.261, 43.406, 43.353, 42.37, 41.185, 40.794, 41.046, 40.593, 40.11, 40.85, 41.875, 42.103, 41.97, 42.88, 45.648, 47.601, 47.94, 48.21, 48.962, 50.068, 50.933, 51.891, 52.453, 52.334, 51.553, 49.43, 47.162, 46.3, 46.196, 45.775, 45.692, 45.491, 44.517, 44.282, 44.6, 44.116, 42.676, 41.998, 41.743, 40.256, 38.967, 41.473, 45.167, 46.287, 45.971, 46.197, 47.267, 49.08, 51.388, 53.01, 53.19, 53.173, 53.406, 53.754, 54.66, 55.758, 56.129, 57.28, 59.637, 60.209, 59.634, 60.004, 61.421, 63.568, 66.04, 66.412, 64.389, 58.505, 49.685, 45.693, 45.746, 44.952, 42.913, 41.081, 40.224, 40.092, 39.916, 39.626, 39.461, 39.455, 39.444, 39.224, 38.868, 38.692, 38.934, 39.422, 40.382, 41.53, 41.617, 41.293, 41.41, 41.966, 42.67, 43.44, 44.07, 44.229, 44.313, 44.683, 45.41, 45.514, 45.012, 44.173, 43.747, 43.968, 44.055, 43.738, 43.339, 42.969, 42.744, 42.701, 42.516, 42.101, 41.425, 40.819, 40.822, 41.103, 41.006, 41.27, 42.281, 42.731, 42.108, 41.227, 40.895, 41.068, 40.978, 40.545, 40.535, 41.63, 44.433, 47.398, 49.101, 49.82, 50.092, 50.246, 50.408, 49.682, 47.602, 45.341, 43.944, 43.045, 42.513, 43.298, 44.207, 44.288, 43.872, 43.506, 43.484, 43.76, 43.873, 43.519, 43.417, 43.414, 42.475, 41.23, 40.922, 40.917, 40.64, 40.822, 41.121, 41.218, 41.291, 41.05, 32.839], [33.863, 32.07, 29.848, 28.914, 28.265, 25.997, 23.009, 20.705, 18.658, 16.948, 15.606, 12.039, 5.987, 0.0, 6.053, 12.744, 19.222, 23.107, 24.262, 25.667, 29.211, 33.179, 35.572, 36.061, 36.005, 36.203, 36.407, 36.569, 36.75, 37.086, 37.514, 37.544, 37.305, 37.717, 38.78, 39.883, 40.387, 40.563, 40.991, 41.493, 41.479, 41.381, 42.094, 43.287, 43.277, 42.299, 41.089, 40.685, 40.966, 40.535, 40.034, 40.739, 41.754, 41.975, 41.821, 42.728, 45.556, 47.559, 47.909, 48.192, 48.982, 50.105, 50.961, 51.924, 52.501, 52.391, 51.619, 49.521, 47.255, 46.352, 46.208, 45.768, 45.682, 45.461, 44.468, 44.226, 44.543, 44.046, 42.596, 41.897, 41.62, 40.124, 38.8, 41.285, 44.98, 46.088, 45.784, 46.034, 47.108, 48.92, 51.254, 52.911, 53.088, 53.066, 53.295, 53.636, 54.54, 55.624, 55.972, 57.131, 59.525, 60.109, 59.531, 59.903, 61.305, 63.414, 65.877, 66.271, 64.212, 58.248, 49.369, 45.395, 45.444, 44.625, 42.611, 40.83, 40.016, 39.928, 39.774, 39.49, 39.321, 39.309, 39.286, 39.052, 38.714, 38.589, 38.864, 39.362, 40.371, 41.588, 41.692, 41.337, 41.444, 41.984, 42.652, 43.411, 44.028, 44.169, 44.255, 44.634, 45.348, 45.421, 44.891, 44.05, 43.634, 43.851, 43.926, 43.6, 43.198, 42.824, 42.592, 42.534, 42.331, 41.914, 41.262, 40.674, 40.678, 40.965, 40.917, 41.244, 42.296, 42.755, 42.107, 41.2, 40.864, 41.052, 40.962, 40.512, 40.489, 41.61, 44.423, 47.38, 49.075, 49.767, 50.001, 50.132, 50.31, 49.607, 47.523, 45.263, 43.893, 42.997, 42.43, 43.2, 44.088, 44.15, 43.734, 43.384, 43.373, 43.645, 43.738, 43.362, 43.257, 43.267, 42.321, 41.044, 40.724, 40.729, 40.474, 40.636, 40.898, 40.964, 41.027, 40.775, 33.988], [35.17, 33.475, 31.462, 30.669, 30.102, 27.98, 25.116, 22.931, 21.13, 19.399, 17.791, 14.668, 10.371, 6.053, 0.0, 8.17, 16.144, 20.825, 22.116, 23.486, 27.294, 31.592, 34.153, 34.702, 34.693, 34.96, 35.207, 35.395, 35.612, 36.013, 36.5, 36.578, 36.383, 36.856, 37.992, 39.182, 39.776, 40.0, 40.423, 40.917, 40.953, 40.967, 41.819, 43.136, 43.154, 42.137, 40.887, 40.508, 40.832, 40.375, 39.852, 40.59, 41.616, 41.829, 41.668, 42.54, 45.387, 47.454, 47.835, 48.132, 48.963, 50.139, 51.013, 51.974, 52.557, 52.458, 51.683, 49.541, 47.216, 46.268, 46.077, 45.617, 45.531, 45.283, 44.24, 43.973, 44.295, 43.78, 42.274, 41.578, 41.355, 39.875, 38.545, 41.168, 45.012, 46.149, 45.844, 46.106, 47.201, 49.042, 51.41, 53.086, 53.255, 53.219, 53.435, 53.779, 54.707, 55.804, 56.145, 57.319, 59.745, 60.335, 59.745, 60.101, 61.494, 63.636, 66.15, 66.551, 64.449, 58.361, 49.291, 45.213, 45.261, 44.422, 42.372, 40.572, 39.746, 39.636, 39.459, 39.171, 39.013, 39.014, 38.983, 38.705, 38.319, 38.19, 38.517, 39.052, 40.072, 41.303, 41.391, 40.992, 41.068, 41.614, 42.301, 43.083, 43.707, 43.844, 43.925, 44.325, 45.067, 45.155, 44.619, 43.766, 43.339, 43.551, 43.635, 43.32, 42.918, 42.541, 42.307, 42.248, 42.045, 41.644, 41.01, 40.412, 40.41, 40.725, 40.688, 41.027, 42.127, 42.615, 41.931, 40.964, 40.594, 40.774, 40.675, 40.2, 40.19, 41.39, 44.292, 47.292, 49.013, 49.736, 49.99, 50.138, 50.341, 49.638, 47.483, 45.102, 43.664, 42.734, 42.159, 42.992, 43.925, 43.989, 43.558, 43.195, 43.178, 43.44, 43.512, 43.108, 42.996, 43.014, 42.061, 40.749, 40.413, 40.416, 40.143, 40.28, 40.536, 40.614, 40.689, 40.431, 35.236], [37.319, 35.815, 34.044, 33.379, 32.923, 31.013, 28.313, 26.231, 24.691, 23.193, 21.547, 18.59, 15.324, 12.744, 8.17, 0.0, 9.348, 15.46, 17.424, 19.158, 23.673, 28.526, 31.225, 31.759, 31.902, 32.408, 32.776, 33.085, 33.566, 34.195, 34.751, 34.908, 34.921, 35.594, 36.779, 37.999, 38.752, 39.214, 39.751, 40.254, 40.403, 40.716, 41.951, 43.517, 43.592, 42.596, 41.35, 40.985, 41.319, 40.853, 40.29, 40.977, 41.952, 42.153, 42.017, 42.754, 45.43, 47.455, 47.859, 48.153, 48.968, 50.145, 51.004, 51.943, 52.534, 52.471, 51.74, 49.617, 47.305, 46.359, 46.133, 45.678, 45.607, 45.358, 44.293, 43.98, 44.274, 43.771, 42.275, 41.629, 41.525, 40.218, 39.074, 41.828, 45.718, 46.848, 46.553, 46.832, 47.935, 49.762, 52.065, 53.671, 53.814, 53.762, 53.955, 54.287, 55.202, 56.275, 56.612, 57.785, 60.204, 60.805, 60.217, 60.543, 61.896, 64.011, 66.489, 66.878, 64.77, 58.713, 49.779, 45.831, 45.924, 45.092, 42.97, 41.131, 40.248, 40.045, 39.82, 39.523, 39.378, 39.393, 39.356, 39.055, 38.648, 38.51, 38.821, 39.298, 40.219, 41.378, 41.465, 41.043, 41.058, 41.603, 42.291, 43.014, 43.578, 43.727, 43.834, 44.234, 44.945, 45.041, 44.527, 43.679, 43.241, 43.437, 43.561, 43.32, 42.974, 42.631, 42.403, 42.321, 42.133, 41.834, 41.291, 40.688, 40.677, 41.059, 41.05, 41.367, 42.462, 42.97, 42.275, 41.265, 40.845, 40.981, 40.873, 40.398, 40.386, 41.582, 44.457, 47.447, 49.228, 50.08, 50.452, 50.675, 50.922, 50.261, 48.094, 45.586, 44.017, 43.028, 42.459, 43.315, 44.275, 44.372, 43.942, 43.558, 43.523, 43.771, 43.821, 43.396, 43.263, 43.277, 42.368, 41.069, 40.721, 40.739, 40.456, 40.513, 40.733, 40.847, 40.95, 40.694, 37.313], [39.871, 38.648, 37.11, 36.48, 36.131, 34.509, 32.066, 30.14, 28.824, 27.663, 26.273, 23.648, 20.918, 19.222, 16.144, 9.348, 0.0, 7.459, 11.235, 14.778, 20.366, 25.515, 28.107, 28.609, 29.187, 30.158, 30.657, 31.105, 32.053, 33.078, 33.731, 33.991, 34.291, 35.171, 36.296, 37.458, 38.369, 39.115, 39.844, 40.391, 40.588, 41.125, 42.819, 44.721, 44.919, 44.038, 42.885, 42.521, 42.808, 42.405, 41.89, 42.447, 43.266, 43.426, 43.306, 43.788, 46.051, 47.848, 48.187, 48.441, 49.181, 50.241, 51.01, 51.887, 52.446, 52.416, 51.761, 49.752, 47.566, 46.666, 46.432, 46.022, 45.979, 45.759, 44.778, 44.447, 44.673, 44.217, 42.885, 42.35, 42.353, 41.361, 40.626, 43.298, 46.899, 47.935, 47.666, 47.925, 48.937, 50.611, 52.713, 54.197, 54.322, 54.276, 54.46, 54.766, 55.61, 56.603, 56.913, 58.042, 60.409, 61.027, 60.493, 60.829, 62.109, 64.061, 66.399, 66.792, 64.688, 58.806, 50.393, 46.871, 47.03, 46.236, 44.128, 42.312, 41.419, 41.183, 40.988, 40.74, 40.629, 40.664, 40.653, 40.425, 40.152, 40.117, 40.376, 40.743, 41.516, 42.498, 42.551, 42.182, 42.181, 42.703, 43.327, 43.921, 44.385, 44.542, 44.68, 45.032, 45.638, 45.717, 45.252, 44.448, 44.008, 44.159, 44.302, 44.147, 43.88, 43.587, 43.373, 43.262, 43.065, 42.861, 42.465, 41.924, 41.886, 42.253, 42.262, 42.539, 43.518, 43.964, 43.287, 42.319, 41.91, 42.001, 41.879, 41.421, 41.383, 42.409, 44.97, 47.753, 49.508, 50.456, 50.953, 51.248, 51.529, 50.984, 49.029, 46.671, 45.057, 44.06, 43.552, 44.327, 45.221, 45.354, 44.967, 44.591, 44.539, 44.754, 44.775, 44.374, 44.255, 44.265, 43.431, 42.17, 41.8, 41.833, 41.575, 41.532, 41.681, 41.812, 41.93, 41.7, 39.804], [41.279, 40.225, 38.835, 38.193, 37.882, 36.447, 34.213, 32.475, 31.34, 30.37, 29.192, 26.905, 24.521, 23.107, 20.825, 15.46, 7.459, 0.0, 6.06, 12.657, 19.398, 24.363, 26.594, 27.035, 27.982, 29.282, 29.827, 30.327, 31.599, 32.924, 33.665, 33.996, 34.456, 35.418, 36.446, 37.541, 38.544, 39.44, 40.29, 40.889, 41.059, 41.58, 43.461, 45.573, 45.878, 45.091, 44.014, 43.654, 43.905, 43.558, 43.111, 43.586, 44.285, 44.404, 44.288, 44.618, 46.594, 48.206, 48.464, 48.671, 49.365, 50.352, 51.075, 51.921, 52.439, 52.404, 51.786, 49.861, 47.766, 46.888, 46.674, 46.314, 46.287, 46.091, 45.2, 44.883, 45.06, 44.639, 43.462, 43.004, 43.033, 42.234, 41.758, 44.192, 47.449, 48.406, 48.158, 48.368, 49.259, 50.764, 52.688, 54.101, 54.238, 54.217, 54.411, 54.705, 55.497, 56.43, 56.717, 57.812, 60.14, 60.765, 60.28, 60.647, 61.879, 63.698, 65.969, 66.384, 64.254, 58.467, 50.474, 47.289, 47.463, 46.692, 44.657, 42.891, 42.034, 41.845, 41.724, 41.542, 41.465, 41.518, 41.543, 41.407, 41.29, 41.378, 41.62, 41.955, 42.672, 43.514, 43.532, 43.254, 43.306, 43.816, 44.383, 44.92, 45.356, 45.478, 45.575, 45.872, 46.423, 46.492, 46.041, 45.259, 44.821, 44.943, 45.069, 44.931, 44.694, 44.426, 44.234, 44.129, 43.909, 43.678, 43.326, 42.851, 42.8, 43.096, 43.097, 43.364, 44.242, 44.602, 43.931, 43.018, 42.655, 42.74, 42.586, 42.123, 42.087, 42.981, 45.235, 47.799, 49.489, 50.437, 50.975, 51.288, 51.559, 51.06, 49.291, 47.162, 45.581, 44.617, 44.204, 44.923, 45.755, 45.911, 45.576, 45.226, 45.16, 45.332, 45.327, 44.979, 44.918, 44.933, 44.124, 42.867, 42.482, 42.528, 42.308, 42.223, 42.311, 42.413, 42.516, 42.306, 41.203], [41.357, 40.294, 38.932, 38.306, 38.0, 36.619, 34.493, 32.916, 31.893, 30.908, 29.778, 27.747, 25.614, 24.262, 22.116, 17.424, 11.235, 6.06, 0.0, 8.741, 17.47, 23.212, 25.501, 25.909, 26.945, 28.322, 28.912, 29.493, 30.865, 32.247, 33.012, 33.374, 33.881, 34.888, 35.943, 37.086, 38.161, 39.086, 39.954, 40.604, 40.809, 41.321, 43.187, 45.297, 45.624, 44.824, 43.711, 43.348, 43.618, 43.256, 42.806, 43.316, 44.032, 44.149, 44.045, 44.396, 46.403, 48.066, 48.339, 48.558, 49.307, 50.366, 51.129, 52.0, 52.525, 52.479, 51.835, 49.849, 47.678, 46.765, 46.56, 46.203, 46.176, 45.968, 45.041, 44.723, 44.928, 44.508, 43.311, 42.86, 42.88, 42.016, 41.464, 43.857, 47.123, 48.103, 47.855, 48.041, 48.896, 50.373, 52.303, 53.749, 53.901, 53.899, 54.119, 54.429, 55.228, 56.156, 56.435, 57.534, 59.881, 60.51, 60.021, 60.382, 61.598, 63.417, 65.755, 66.19, 64.035, 58.207, 50.104, 46.84, 46.985, 46.206, 44.192, 42.419, 41.51, 41.297, 41.213, 41.068, 41.012, 41.085, 41.124, 40.989, 40.875, 40.987, 41.272, 41.677, 42.453, 43.307, 43.337, 43.065, 43.149, 43.7, 44.3, 44.894, 45.378, 45.444, 45.445, 45.725, 46.321, 46.41, 45.935, 45.127, 44.682, 44.818, 44.934, 44.771, 44.512, 44.224, 44.023, 43.939, 43.732, 43.448, 43.019, 42.521, 42.484, 42.769, 42.778, 43.097, 44.033, 44.404, 43.7, 42.75, 42.383, 42.487, 42.316, 41.817, 41.817, 42.794, 45.123, 47.745, 49.477, 50.43, 50.966, 51.277, 51.54, 50.987, 49.131, 46.902, 45.228, 44.223, 43.833, 44.607, 45.472, 45.629, 45.285, 44.93, 44.86, 45.016, 44.993, 44.651, 44.613, 44.629, 43.773, 42.476, 42.082, 42.108, 41.882, 41.846, 41.942, 41.995, 42.072, 41.854, 41.277], [41.666, 40.578, 39.246, 38.675, 38.388, 37.063, 35.04, 33.604, 32.683, 31.658, 30.507, 28.682, 26.88, 25.667, 23.486, 19.158, 14.778, 12.657, 8.741, 0.0, 10.88, 18.714, 21.946, 22.636, 24.025, 25.702, 26.486, 27.305, 28.837, 30.202, 30.949, 31.382, 31.995, 33.126, 34.307, 35.593, 36.784, 37.753, 38.663, 39.4, 39.701, 40.398, 42.473, 44.606, 44.914, 44.068, 42.903, 42.536, 42.828, 42.425, 41.962, 42.553, 43.328, 43.468, 43.378, 43.748, 45.818, 47.578, 47.905, 48.186, 49.007, 50.128, 50.897, 51.761, 52.307, 52.267, 51.604, 49.526, 47.251, 46.311, 46.071, 45.675, 45.647, 45.423, 44.4, 44.05, 44.295, 43.854, 42.53, 42.077, 42.137, 41.183, 40.586, 43.221, 46.704, 47.737, 47.469, 47.641, 48.508, 50.052, 52.084, 53.583, 53.729, 53.727, 53.96, 54.282, 55.089, 56.017, 56.304, 57.43, 59.804, 60.437, 59.917, 60.235, 61.422, 63.262, 65.671, 66.104, 63.942, 58.065, 49.688, 46.22, 46.352, 45.552, 43.503, 41.741, 40.797, 40.522, 40.433, 40.295, 40.248, 40.335, 40.357, 40.147, 39.942, 40.029, 40.379, 40.848, 41.675, 42.599, 42.667, 42.351, 42.435, 43.034, 43.687, 44.312, 44.819, 44.881, 44.85, 45.137, 45.791, 45.931, 45.482, 44.665, 44.215, 44.39, 44.53, 44.361, 44.083, 43.758, 43.516, 43.435, 43.289, 43.041, 42.555, 41.994, 41.971, 42.264, 42.248, 42.598, 43.637, 44.068, 43.323, 42.283, 41.869, 42.007, 41.857, 41.303, 41.31, 42.445, 45.037, 47.845, 49.655, 50.611, 51.119, 51.446, 51.752, 51.162, 49.136, 46.65, 44.824, 43.745, 43.318, 44.186, 45.125, 45.28, 44.9, 44.516, 44.433, 44.591, 44.561, 44.159, 44.057, 44.051, 43.178, 41.906, 41.535, 41.541, 41.308, 41.367, 41.504, 41.508, 41.569, 41.331, 41.543], [43.123, 42.133, 40.979, 40.491, 40.203, 38.996, 37.168, 35.877, 35.113, 34.209, 33.126, 31.541, 30.163, 29.211, 27.294, 23.673, 20.366, 19.398, 17.47, 10.88, 0.0, 9.925, 14.925, 16.565, 19.029, 21.546, 22.738, 23.992, 26.013, 27.528, 28.237, 28.84, 29.835, 31.25, 32.472, 33.804, 35.122, 36.203, 37.29, 38.235, 38.664, 39.615, 42.163, 44.526, 44.85, 44.092, 43.11, 42.823, 43.083, 42.719, 42.346, 42.932, 43.652, 43.804, 43.727, 43.92, 45.628, 47.144, 47.41, 47.709, 48.488, 49.51, 50.186, 50.975, 51.521, 51.507, 50.889, 48.841, 46.627, 45.741, 45.464, 45.047, 45.049, 44.86, 43.86, 43.495, 43.713, 43.288, 42.006, 41.638, 41.791, 41.024, 40.784, 43.51, 46.884, 47.855, 47.568, 47.706, 48.555, 50.096, 52.099, 53.556, 53.671, 53.633, 53.83, 54.12, 54.873, 55.751, 56.045, 57.173, 59.505, 60.127, 59.586, 59.842, 60.95, 62.678, 64.997, 65.399, 63.245, 57.465, 49.424, 46.238, 46.412, 45.61, 43.594, 41.991, 41.218, 41.008, 40.957, 40.845, 40.807, 40.877, 40.864, 40.634, 40.427, 40.48, 40.774, 41.195, 41.957, 42.804, 42.879, 42.601, 42.674, 43.247, 43.863, 44.396, 44.856, 44.99, 45.028, 45.296, 45.937, 46.154, 45.822, 45.051, 44.601, 44.794, 44.986, 44.888, 44.664, 44.359, 44.103, 43.998, 43.867, 43.678, 43.248, 42.728, 42.706, 42.943, 42.814, 43.029, 43.946, 44.347, 43.667, 42.705, 42.333, 42.497, 42.369, 41.786, 41.734, 42.779, 45.247, 47.946, 49.671, 50.52, 50.954, 51.3, 51.659, 51.14, 49.205, 46.812, 45.057, 44.018, 43.625, 44.483, 45.407, 45.568, 45.2, 44.826, 44.736, 44.877, 44.831, 44.38, 44.21, 44.189, 43.415, 42.312, 42.059, 42.144, 41.992, 42.125, 42.28, 42.28, 42.342, 42.125, 42.967], [44.915, 44.06, 43.151, 42.781, 42.521, 41.474, 39.878, 38.696, 38.039, 37.287, 36.321, 34.95, 33.889, 33.179, 31.592, 28.526, 25.515, 24.363, 23.212, 18.714, 9.925, 0.0, 6.653, 10.417, 14.911, 18.35, 19.865, 21.619, 24.394, 26.304, 27.026, 27.808, 29.339, 31.11, 32.196, 33.33, 34.714, 35.926, 37.159, 38.294, 38.87, 40.006, 42.914, 45.52, 45.904, 45.265, 44.513, 44.387, 44.652, 44.355, 44.093, 44.636, 45.251, 45.389, 45.314, 45.233, 46.359, 47.429, 47.559, 47.787, 48.406, 49.251, 49.845, 50.581, 51.131, 51.156, 50.624, 48.715, 46.689, 45.906, 45.638, 45.256, 45.293, 45.147, 44.262, 43.91, 44.065, 43.723, 42.706, 42.479, 42.691, 42.251, 42.421, 44.78, 47.624, 48.429, 48.147, 48.218, 48.953, 50.346, 52.159, 53.488, 53.573, 53.508, 53.668, 53.913, 54.581, 55.383, 55.665, 56.725, 58.934, 59.525, 58.992, 59.21, 60.224, 61.762, 63.931, 64.314, 62.185, 56.721, 49.494, 46.841, 47.043, 46.298, 44.448, 43.126, 42.597, 42.489, 42.503, 42.457, 42.456, 42.527, 42.521, 42.364, 42.258, 42.303, 42.461, 42.756, 43.364, 43.995, 44.019, 43.868, 43.98, 44.506, 45.041, 45.456, 45.848, 46.003, 46.067, 46.26, 46.833, 47.118, 46.901, 46.192, 45.763, 45.958, 46.195, 46.179, 46.025, 45.774, 45.562, 45.464, 45.323, 45.152, 44.818, 44.403, 44.373, 44.53, 44.302, 44.324, 44.976, 45.302, 44.786, 44.039, 43.758, 43.893, 43.748, 43.173, 43.044, 43.82, 45.848, 48.18, 49.695, 50.411, 50.83, 51.23, 51.642, 51.268, 49.648, 47.638, 46.078, 45.154, 44.887, 45.685, 46.539, 46.721, 46.413, 46.082, 45.992, 46.089, 46.0, 45.547, 45.353, 45.32, 44.665, 43.714, 43.542, 43.706, 43.654, 43.804, 43.968, 44.014, 44.079, 43.902, 44.778], [46.233, 45.475, 44.704, 44.393, 44.167, 43.235, 41.75, 40.585, 39.942, 39.264, 38.367, 37.08, 36.142, 35.572, 34.153, 31.225, 28.107, 26.594, 25.501, 21.946, 14.925, 6.653, 0.0, 6.09, 12.922, 17.188, 18.776, 20.653, 23.883, 26.12, 26.879, 27.758, 29.63, 31.595, 32.52, 33.444, 34.865, 36.191, 37.466, 38.63, 39.298, 40.585, 43.704, 46.479, 46.966, 46.407, 45.717, 45.656, 45.96, 45.708, 45.461, 45.946, 46.495, 46.617, 46.538, 46.261, 47.033, 47.868, 47.942, 48.113, 48.617, 49.366, 49.939, 50.668, 51.226, 51.268, 50.787, 48.982, 47.088, 46.368, 46.118, 45.791, 45.859, 45.71, 44.887, 44.554, 44.672, 44.401, 43.587, 43.452, 43.702, 43.485, 43.875, 45.973, 48.44, 49.133, 48.876, 48.916, 49.554, 50.805, 52.457, 53.692, 53.772, 53.72, 53.874, 54.092, 54.706, 55.458, 55.724, 56.728, 58.857, 59.437, 58.919, 59.119, 60.087, 61.516, 63.602, 63.98, 61.846, 56.6, 49.893, 47.563, 47.774, 47.089, 45.382, 44.227, 43.812, 43.737, 43.775, 43.756, 43.771, 43.849, 43.863, 43.761, 43.723, 43.782, 43.856, 44.062, 44.582, 45.088, 45.067, 44.98, 45.108, 45.605, 46.11, 46.478, 46.823, 46.961, 47.02, 47.168, 47.694, 48.01, 47.852, 47.173, 46.756, 46.956, 47.222, 47.26, 47.146, 46.926, 46.745, 46.657, 46.503, 46.336, 46.065, 45.708, 45.665, 45.787, 45.554, 45.519, 46.037, 46.323, 45.908, 45.275, 45.022, 45.125, 44.974, 44.421, 44.257, 44.877, 46.675, 48.831, 50.264, 50.952, 51.387, 51.808, 52.223, 51.899, 50.426, 48.591, 47.1, 46.222, 46.003, 46.752, 47.567, 47.773, 47.503, 47.198, 47.108, 47.172, 47.058, 46.627, 46.439, 46.398, 45.79, 44.875, 44.72, 44.916, 44.898, 45.015, 45.173, 45.245, 45.304, 45.135, 46.11], [46.447, 45.73, 44.987, 44.676, 44.462, 43.579, 42.116, 40.964, 40.345, 39.7, 38.824, 37.528, 36.576, 36.061, 34.702, 31.759, 28.609, 27.035, 25.909, 22.636, 16.565, 10.417, 6.09, 0.0, 8.359, 13.949, 16.022, 17.872, 21.319, 23.853, 24.71, 25.687, 27.767, 29.855, 30.733, 31.619, 33.134, 34.639, 36.086, 37.329, 38.069, 39.518, 42.907, 45.982, 46.633, 46.161, 45.528, 45.5, 45.85, 45.652, 45.418, 45.879, 46.419, 46.541, 46.436, 46.076, 46.782, 47.621, 47.714, 47.887, 48.377, 49.129, 49.719, 50.457, 51.021, 51.071, 50.609, 48.825, 46.964, 46.269, 46.043, 45.755, 45.844, 45.689, 44.88, 44.564, 44.682, 44.416, 43.565, 43.363, 43.619, 43.451, 43.883, 46.026, 48.454, 49.116, 48.871, 48.944, 49.608, 50.868, 52.508, 53.717, 53.795, 53.751, 53.901, 54.115, 54.727, 55.476, 55.738, 56.726, 58.842, 59.427, 58.907, 59.101, 60.095, 61.584, 63.703, 64.084, 61.964, 56.737, 50.07, 47.79, 48.009, 47.335, 45.623, 44.446, 44.023, 43.928, 43.929, 43.869, 43.865, 43.939, 43.954, 43.851, 43.812, 43.873, 43.933, 44.113, 44.624, 45.142, 45.133, 45.052, 45.168, 45.66, 46.176, 46.554, 46.873, 46.973, 47.022, 47.183, 47.709, 48.024, 47.872, 47.2, 46.791, 46.999, 47.271, 47.317, 47.212, 46.996, 46.81, 46.707, 46.531, 46.356, 46.098, 45.747, 45.695, 45.806, 45.607, 45.609, 46.126, 46.402, 45.989, 45.35, 45.084, 45.193, 45.051, 44.511, 44.356, 44.987, 46.828, 49.04, 50.5, 51.203, 51.644, 52.071, 52.482, 52.128, 50.601, 48.717, 47.203, 46.301, 46.065, 46.834, 47.672, 47.882, 47.607, 47.298, 47.214, 47.294, 47.194, 46.777, 46.599, 46.553, 45.923, 44.994, 44.858, 45.056, 45.001, 45.077, 45.232, 45.295, 45.342, 45.173, 46.312], [45.8, 45.079, 44.385, 44.133, 43.939, 43.092, 41.699, 40.637, 40.105, 39.478, 38.608, 37.366, 36.468, 36.005, 34.693, 31.902, 29.187, 27.982, 26.945, 24.025, 19.029, 14.911, 12.922, 8.359, 0.0, 6.835, 10.062, 12.5, 16.478, 19.497, 20.619, 21.757, 24.041, 26.34, 27.321, 28.32, 29.96, 31.587, 33.198, 34.562, 35.391, 36.995, 40.673, 44.145, 44.972, 44.542, 44.0, 44.076, 44.496, 44.358, 44.228, 44.846, 45.481, 45.609, 45.477, 45.155, 45.977, 46.931, 47.071, 47.257, 47.781, 48.617, 49.262, 50.016, 50.576, 50.625, 50.152, 48.308, 46.39, 45.693, 45.486, 45.196, 45.268, 45.086, 44.258, 43.961, 44.104, 43.811, 42.797, 42.424, 42.619, 42.354, 42.658, 44.986, 47.597, 48.278, 48.029, 48.171, 48.958, 50.355, 52.102, 53.334, 53.406, 53.357, 53.495, 53.711, 54.356, 55.151, 55.425, 56.419, 58.55, 59.131, 58.597, 58.792, 59.854, 61.521, 63.755, 64.136, 62.077, 56.811, 49.873, 47.396, 47.591, 46.896, 45.106, 43.864, 43.452, 43.361, 43.289, 43.143, 43.083, 43.13, 43.123, 42.982, 42.88, 42.908, 43.007, 43.236, 43.809, 44.418, 44.437, 44.327, 44.431, 44.925, 45.472, 45.91, 46.262, 46.339, 46.365, 46.551, 47.107, 47.412, 47.224, 46.529, 46.12, 46.337, 46.603, 46.635, 46.512, 46.271, 46.056, 45.942, 45.755, 45.532, 45.206, 44.822, 44.77, 44.87, 44.673, 44.712, 45.2