[[0.0, 5.382, 11.31, 15.419, 16.83, 19.542, 25.131, 30.469, 33.062, 33.8, 34.488, 35.865, 37.25, 37.71, 37.717, 38.566, 39.979, 40.583, 40.558, 40.665, 40.855, 40.875, 40.832, 40.93, 41.274, 41.866, 42.484, 42.882, 43.057, 43.066, 43.105, 42.543, 41.135, 40.021, 40.059, 40.62, 40.901, 40.933, 41.252, 41.795, 42.45, 43.169, 43.46, 43.442, 43.246, 42.895, 42.573, 42.357, 42.213, 42.34, 42.195, 41.744, 41.569, 41.833, 42.092, 41.819, 41.587, 42.093, 42.409, 42.143, 42.108, 42.633, 43.244, 43.545, 43.178, 42.264, 41.623, 41.502, 41.559, 41.55, 41.701, 41.982, 41.966, 41.804, 41.821, 41.949, 42.13, 41.97, 41.245, 40.739, 40.512, 40.331, 40.427, 40.646, 40.789, 40.895, 41.01, 41.766, 43.696, 45.409, 44.295, 41.677, 40.42, 41.553, 43.859, 45.217, 45.868, 46.933, 47.904, 47.51, 46.616, 46.078, 45.682, 45.468, 45.388, 45.064, 44.743, 44.866, 45.338, 45.621, 45.707, 45.794, 45.816, 45.223, 43.993, 42.622, 41.176, 40.477, 40.516, 40.425, 39.976, 39.795, 40.299, 40.773, 40.576, 40.63, 40.986, 40.938, 40.91, 41.496, 42.549, 43.837, 44.857, 45.09, 44.968, 44.601, 44.048, 44.041, 44.065, 43.599, 43.357, 43.555, 43.398, 42.995, 42.822, 42.747, 42.715, 43.069, 43.569, 43.418, 42.65, 41.804, 41.544, 41.549, 41.488, 41.226, 40.974, 40.973, 40.961, 40.789, 40.918, 40.893, 40.574, 40.468, 40.659, 40.88, 40.804, 40.706, 40.789, 40.925, 41.003, 41.14, 41.145, 41.072, 41.069, 41.094, 41.004, 40.783, 40.812, 40.885, 40.719, 40.691, 40.93, 41.289, 41.391, 40.947, 40.914, 41.327, 41.416, 41.343, 41.509, 41.994, 42.456, 42.655, 42.254, 41.573, 41.491, 41.968, 42.276, 42.226, 42.334, 42.378, 42.537, 43.69, 45.088, 6.364], [5.382, 0.0, 7.082, 12.084, 13.704, 16.491, 22.682, 28.596, 31.43, 32.231, 32.97, 34.466, 35.981, 36.477, 36.464, 37.326, 38.821, 39.495, 39.437, 39.506, 39.727, 39.802, 39.797, 39.914, 40.296, 41.01, 41.784, 42.29, 42.487, 42.457, 42.474, 41.844, 40.277, 38.99, 38.958, 39.58, 39.898, 39.882, 40.185, 40.797, 41.544, 42.315, 42.61, 42.588, 42.393, 42.049, 41.71, 41.43, 41.227, 41.358, 41.2, 40.681, 40.479, 40.777, 41.078, 40.781, 40.514, 41.045, 41.402, 41.146, 41.106, 41.667, 42.328, 42.645, 42.232, 41.221, 40.525, 40.421, 40.482, 40.481, 40.689, 41.03, 41.032, 40.884, 40.917, 41.031, 41.192, 41.022, 40.255, 39.684, 39.419, 39.19, 39.226, 39.431, 39.57, 39.677, 39.864, 40.788, 42.939, 44.806, 43.641, 40.856, 39.585, 40.992, 43.57, 45.047, 45.734, 46.822, 47.792, 47.351, 46.415, 45.878, 45.493, 45.301, 45.238, 44.9, 44.566, 44.713, 45.209, 45.469, 45.53, 45.624, 45.628, 44.897, 43.417, 41.82, 40.219, 39.454, 39.492, 39.4, 38.914, 38.655, 39.115, 39.643, 39.483, 39.554, 39.923, 39.848, 39.822, 40.47, 41.651, 43.077, 44.207, 44.476, 44.347, 43.97, 43.405, 43.408, 43.449, 42.954, 42.676, 42.88, 42.72, 42.289, 42.079, 41.974, 41.93, 42.305, 42.828, 42.643, 41.708, 40.706, 40.442, 40.449, 40.37, 40.081, 39.77, 39.71, 39.718, 39.537, 39.697, 39.703, 39.348, 39.211, 39.43, 39.664, 39.555, 39.407, 39.494, 39.655, 39.726, 39.89, 39.932, 39.886, 39.888, 39.908, 39.81, 39.575, 39.608, 39.681, 39.498, 39.492, 39.785, 40.18, 40.284, 39.845, 39.861, 40.331, 40.435, 40.354, 40.555, 41.131, 41.663, 41.889, 41.494, 40.822, 40.767, 41.292, 41.624, 41.573, 41.687, 41.73, 41.92, 43.158, 44.601, 10.086], [11.31, 7.082, 0.0, 5.945, 8.705, 12.647, 19.959, 26.589, 29.738, 30.669, 31.57, 33.296, 34.98, 35.521, 35.524, 36.457, 38.067, 38.839, 38.783, 38.832, 39.085, 39.209, 39.239, 39.39, 39.825, 40.603, 41.432, 42.001, 42.251, 42.217, 42.184, 41.459, 39.78, 38.412, 38.353, 39.009, 39.327, 39.248, 39.522, 40.18, 40.999, 41.804, 42.098, 42.083, 41.896, 41.561, 41.231, 40.902, 40.634, 40.759, 40.61, 40.057, 39.824, 40.135, 40.467, 40.158, 39.855, 40.381, 40.777, 40.543, 40.492, 41.06, 41.738, 42.062, 41.648, 40.636, 39.969, 39.887, 39.941, 39.964, 40.239, 40.617, 40.62, 40.472, 40.49, 40.559, 40.681, 40.493, 39.724, 39.145, 38.874, 38.621, 38.62, 38.801, 38.923, 39.026, 39.257, 40.31, 42.638, 44.626, 43.416, 40.502, 39.262, 40.921, 43.725, 45.249, 45.906, 46.971, 47.921, 47.455, 46.495, 45.962, 45.607, 45.45, 45.41, 45.071, 44.736, 44.898, 45.4, 45.624, 45.641, 45.716, 45.7, 44.848, 43.11, 41.315, 39.638, 38.877, 38.915, 38.828, 38.355, 38.048, 38.427, 38.973, 38.872, 39.005, 39.377, 39.271, 39.249, 39.935, 41.179, 42.649, 43.817, 44.106, 43.986, 43.635, 43.1, 43.127, 43.174, 42.652, 42.352, 42.556, 42.382, 41.92, 41.672, 41.534, 41.473, 41.853, 42.394, 42.192, 41.128, 40.012, 39.765, 39.777, 39.684, 39.364, 38.974, 38.824, 38.838, 38.664, 38.842, 38.868, 38.5, 38.365, 38.615, 38.857, 38.749, 38.59, 38.676, 38.84, 38.925, 39.129, 39.206, 39.208, 39.236, 39.253, 39.147, 38.907, 38.943, 39.009, 38.823, 38.857, 39.212, 39.645, 39.738, 39.3, 39.363, 39.866, 39.978, 39.901, 40.138, 40.774, 41.337, 41.573, 41.196, 40.57, 40.554, 41.115, 41.489, 41.47, 41.6, 41.637, 41.845, 43.118, 44.543, 14.329], [15.419, 12.084, 5.945, 0.0, 4.455, 10.477, 18.698, 25.583, 28.813, 29.815, 30.864, 32.782, 34.601, 35.19, 35.209, 36.208, 37.917, 38.783, 38.775, 38.845, 39.12, 39.274, 39.33, 39.507, 39.986, 40.801, 41.633, 42.207, 42.487, 42.48, 42.427, 41.659, 39.962, 38.603, 38.555, 39.214, 39.512, 39.398, 39.644, 40.29, 41.119, 41.924, 42.214, 42.2, 42.009, 41.681, 41.373, 41.036, 40.742, 40.865, 40.732, 40.181, 39.924, 40.217, 40.55, 40.245, 39.935, 40.453, 40.863, 40.645, 40.581, 41.116, 41.769, 42.092, 41.698, 40.738, 40.123, 40.043, 40.089, 40.125, 40.414, 40.785, 40.789, 40.648, 40.654, 40.693, 40.786, 40.596, 39.877, 39.339, 39.081, 38.834, 38.84, 39.017, 39.129, 39.215, 39.422, 40.461, 42.784, 44.774, 43.564, 40.668, 39.491, 41.224, 44.078, 45.595, 46.227, 47.271, 48.204, 47.733, 46.765, 46.23, 45.898, 45.774, 45.753, 45.422, 45.093, 45.257, 45.747, 45.935, 45.911, 45.969, 45.959, 45.085, 43.258, 41.415, 39.774, 39.071, 39.111, 39.034, 38.595, 38.278, 38.587, 39.11, 39.046, 39.223, 39.578, 39.461, 39.438, 40.107, 41.339, 42.774, 43.896, 44.175, 44.072, 43.743, 43.235, 43.275, 43.316, 42.786, 42.492, 42.704, 42.527, 42.057, 41.798, 41.65, 41.583, 41.949, 42.485, 42.294, 41.21, 40.055, 39.789, 39.796, 39.705, 39.383, 38.967, 38.778, 38.809, 38.674, 38.855, 38.879, 38.528, 38.4, 38.643, 38.884, 38.799, 38.665, 38.749, 38.903, 39.011, 39.244, 39.334, 39.364, 39.412, 39.427, 39.317, 39.078, 39.111, 39.173, 38.994, 39.042, 39.42, 39.868, 39.958, 39.544, 39.631, 40.118, 40.223, 40.154, 40.398, 41.025, 41.569, 41.804, 41.448, 40.861, 40.862, 41.431, 41.822, 41.827, 41.968, 42.004, 42.205, 43.453, 44.838, 17.833], [16.83, 13.704, 8.705, 4.455, 0.0, 7.451, 16.966, 24.411, 27.741, 28.767, 29.916, 31.957, 33.873, 34.51, 34.535, 35.557, 37.311, 38.226, 38.243, 38.323, 38.611, 38.783, 38.861, 39.058, 39.576, 40.467, 41.379, 41.986, 42.273, 42.292, 42.278, 41.508, 39.772, 38.341, 38.25, 38.928, 39.246, 39.121, 39.354, 40.019, 40.899, 41.746, 42.042, 42.026, 41.839, 41.52, 41.213, 40.856, 40.539, 40.659, 40.517, 39.932, 39.657, 39.953, 40.294, 39.984, 39.665, 40.193, 40.624, 40.422, 40.36, 40.888, 41.539, 41.863, 41.452, 40.474, 39.837, 39.738, 39.767, 39.787, 40.071, 40.437, 40.44, 40.315, 40.351, 40.397, 40.478, 40.285, 39.576, 39.034, 38.76, 38.498, 38.498, 38.686, 38.799, 38.862, 39.033, 40.05, 42.401, 44.445, 43.247, 40.314, 39.13, 40.939, 43.873, 45.44, 46.106, 47.17, 48.099, 47.598, 46.607, 46.069, 45.733, 45.621, 45.617, 45.281, 44.943, 45.108, 45.598, 45.774, 45.746, 45.821, 45.822, 44.923, 43.048, 41.161, 39.488, 38.77, 38.804, 38.719, 38.27, 37.941, 38.249, 38.788, 38.715, 38.893, 39.245, 39.118, 39.098, 39.788, 41.075, 42.554, 43.706, 43.999, 43.897, 43.565, 43.063, 43.104, 43.144, 42.606, 42.306, 42.529, 42.357, 41.872, 41.6, 41.448, 41.381, 41.753, 42.302, 42.117, 40.998, 39.786, 39.483, 39.481, 39.39, 39.069, 38.641, 38.443, 38.514, 38.401, 38.585, 38.603, 38.233, 38.08, 38.318, 38.567, 38.467, 38.311, 38.407, 38.581, 38.693, 38.934, 39.051, 39.105, 39.156, 39.162, 39.041, 38.787, 38.813, 38.871, 38.682, 38.731, 39.119, 39.582, 39.672, 39.251, 39.369, 39.878, 39.977, 39.903, 40.175, 40.851, 41.431, 41.673, 41.31, 40.717, 40.729, 41.32, 41.722, 41.728, 41.877, 41.917, 42.127, 43.414, 44.841, 19.249], [19.542, 16.491, 12.647, 10.477, 7.451, 0.0, 11.206, 20.375, 24.445, 25.604, 26.913, 29.343, 31.604, 32.383, 32.479, 33.626, 35.515, 36.506, 36.505, 36.602, 36.962, 37.162, 37.232, 37.46, 38.065, 39.128, 40.251, 40.979, 41.287, 41.303, 41.343, 40.593, 38.764, 37.13, 36.87, 37.579, 37.959, 37.799, 38.0, 38.744, 39.776, 40.73, 41.054, 41.049, 40.878, 40.574, 40.253, 39.844, 39.487, 39.614, 39.43, 38.76, 38.485, 38.833, 39.21, 38.888, 38.56, 39.124, 39.602, 39.433, 39.4, 39.971, 40.649, 40.968, 40.513, 39.453, 38.71, 38.549, 38.521, 38.461, 38.719, 39.097, 39.08, 38.963, 39.062, 39.144, 39.208, 38.991, 38.273, 37.696, 37.378, 37.071, 37.042, 37.248, 37.365, 37.384, 37.526, 38.597, 41.138, 43.401, 42.203, 39.116, 37.946, 40.026, 43.193, 44.873, 45.592, 46.67, 47.572, 46.986, 45.943, 45.416, 45.06, 44.935, 44.959, 44.617, 44.255, 44.436, 44.935, 45.09, 45.075, 45.226, 45.263, 44.259, 42.186, 40.108, 38.298, 37.5, 37.499, 37.38, 36.902, 36.554, 36.889, 37.504, 37.395, 37.52, 37.872, 37.721, 37.704, 38.474, 39.935, 41.58, 42.877, 43.239, 43.135, 42.784, 42.278, 42.328, 42.369, 41.806, 41.498, 41.746, 41.56, 41.024, 40.719, 40.554, 40.492, 40.901, 41.488, 41.306, 40.079, 38.75, 38.398, 38.382, 38.293, 37.976, 37.503, 37.259, 37.386, 37.281, 37.472, 37.473, 37.0, 36.782, 37.049, 37.309, 37.122, 36.882, 37.002, 37.212, 37.292, 37.541, 37.719, 37.833, 37.889, 37.882, 37.755, 37.483, 37.495, 37.522, 37.292, 37.348, 37.762, 38.234, 38.281, 37.802, 38.05, 38.687, 38.793, 38.721, 39.116, 39.991, 40.726, 41.013, 40.623, 40.028, 40.1, 40.759, 41.191, 41.217, 41.388, 41.432, 41.695, 43.132, 44.69, 21.728], [25.131, 22.682, 19.959, 18.698, 16.966, 11.206, 0.0, 11.039, 16.794, 18.586, 20.078, 23.269, 26.499, 27.781, 28.157, 29.702, 31.96, 33.096, 33.133, 33.498, 34.098, 34.246, 34.182, 34.447, 35.209, 36.479, 37.86, 38.805, 39.222, 39.233, 39.325, 38.757, 37.133, 35.531, 35.135, 35.82, 36.255, 36.07, 36.182, 36.936, 38.118, 39.181, 39.515, 39.497, 39.307, 39.006, 38.696, 38.282, 37.907, 38.011, 37.784, 37.127, 36.962, 37.368, 37.738, 37.384, 37.01, 37.544, 38.005, 37.845, 37.87, 38.525, 39.235, 39.549, 39.12, 38.088, 37.263, 37.026, 36.941, 36.692, 36.79, 37.144, 37.106, 36.995, 37.165, 37.298, 37.341, 37.114, 36.455, 35.949, 35.639, 35.291, 35.265, 35.501, 35.607, 35.573, 35.689, 36.796, 39.435, 41.825, 40.603, 37.503, 36.636, 39.052, 42.351, 44.066, 44.751, 45.723, 46.502, 45.784, 44.662, 44.143, 43.777, 43.65, 43.716, 43.379, 43.012, 43.223, 43.714, 43.812, 43.804, 44.051, 44.147, 43.062, 40.849, 38.654, 36.781, 35.926, 35.868, 35.717, 35.277, 34.989, 35.361, 36.057, 35.95, 35.975, 36.281, 36.106, 36.1, 36.883, 38.438, 40.224, 41.685, 42.114, 41.979, 41.615, 41.17, 41.246, 41.264, 40.654, 40.34, 40.629, 40.428, 39.796, 39.435, 39.283, 39.217, 39.615, 40.236, 40.117, 38.892, 37.587, 37.291, 37.282, 37.183, 36.859, 36.292, 35.889, 36.016, 35.983, 36.212, 36.193, 35.639, 35.438, 35.777, 35.993, 35.628, 35.301, 35.485, 35.669, 35.597, 35.798, 36.047, 36.244, 36.294, 36.256, 36.128, 35.837, 35.811, 35.781, 35.489, 35.501, 35.838, 36.2, 36.183, 35.777, 36.336, 37.205, 37.326, 37.282, 37.91, 39.125, 40.148, 40.574, 40.212, 39.66, 39.824, 40.555, 41.035, 41.12, 41.326, 41.367, 41.675, 43.253, 44.913, 26.592], [30.469, 28.596, 26.589, 25.583, 24.411, 20.375, 11.039, 0.0, 7.396, 10.786, 12.804, 16.595, 20.987, 23.112, 23.962, 25.921, 28.48, 29.75, 30.009, 30.869, 31.702, 31.716, 31.517, 31.842, 32.707, 34.028, 35.493, 36.581, 37.129, 37.189, 37.32, 36.998, 35.919, 34.866, 34.68, 35.283, 35.679, 35.546, 35.606, 36.235, 37.379, 38.415, 38.713, 38.659, 38.392, 38.032, 37.753, 37.419, 37.078, 37.151, 36.944, 36.482, 36.539, 36.967, 37.269, 36.906, 36.487, 36.909, 37.279, 37.086, 37.148, 37.856, 38.572, 38.877, 38.544, 37.709, 36.924, 36.664, 36.577, 36.186, 36.039, 36.269, 36.221, 36.12, 36.29, 36.413, 36.432, 36.215, 35.695, 35.409, 35.234, 34.929, 34.94, 35.181, 35.268, 35.217, 35.322, 36.351, 38.735, 40.885, 39.659, 36.917, 36.597, 39.093, 42.134, 43.635, 44.173, 44.964, 45.576, 44.758, 43.587, 43.06, 42.708, 42.613, 42.729, 42.426, 42.067, 42.268, 42.705, 42.739, 42.709, 42.968, 43.079, 42.0, 39.92, 37.981, 36.361, 35.563, 35.453, 35.327, 35.016, 34.862, 35.284, 36.001, 35.925, 35.888, 36.128, 35.955, 35.952, 36.625, 38.06, 39.814, 41.322, 41.753, 41.563, 41.218, 40.921, 41.038, 41.01, 40.366, 40.042, 40.343, 40.134, 39.416, 39.002, 38.888, 38.802, 39.113, 39.724, 39.722, 38.709, 37.676, 37.542, 37.56, 37.424, 37.069, 36.43, 35.86, 35.914, 35.983, 36.245, 36.222, 35.73, 35.67, 36.051, 36.179, 35.715, 35.411, 35.654, 35.754, 35.523, 35.65, 35.964, 36.225, 36.254, 36.197, 36.077, 35.772, 35.691, 35.623, 35.317, 35.271, 35.462, 35.636, 35.557, 35.334, 36.14, 37.123, 37.255, 37.215, 37.931, 39.284, 40.449, 40.967, 40.679, 40.197, 40.395, 41.113, 41.595, 41.725, 41.949, 41.976, 42.243, 43.775, 45.39, 31.364], [33.062, 31.43, 29.738, 28.813, 27.741, 24.445, 16.794, 7.396, 0.0, 5.091, 8.778, 13.35, 18.258, 20.87, 22.048, 24.196, 26.846, 28.219, 28.699, 29.819, 30.722, 30.721, 30.581, 30.986, 31.867, 33.154, 34.608, 35.727, 36.338, 36.464, 36.622, 36.348, 35.497, 34.87, 35.013, 35.62, 35.945, 35.852, 35.929, 36.471, 37.519, 38.489, 38.76, 38.693, 38.372, 37.954, 37.688, 37.397, 37.059, 37.121, 36.948, 36.624, 36.811, 37.235, 37.488, 37.136, 36.722, 37.086, 37.392, 37.181, 37.278, 38.02, 38.737, 39.039, 38.741, 38.016, 37.297, 37.054, 36.983, 36.573, 36.337, 36.484, 36.424, 36.311, 36.432, 36.517, 36.523, 36.313, 35.871, 35.726, 35.665, 35.43, 35.468, 35.702, 35.795, 35.753, 35.85, 36.792, 38.937, 40.842, 39.636, 37.19, 37.145, 39.57, 42.35, 43.619, 44.034, 44.737, 45.275, 44.421, 43.227, 42.711, 42.415, 42.371, 42.513, 42.234, 41.875, 42.043, 42.439, 42.437, 42.367, 42.579, 42.669, 41.614, 39.644, 37.95, 36.557, 35.806, 35.671, 35.583, 35.382, 35.349, 35.836, 36.547, 36.494, 36.445, 36.645, 36.474, 36.457, 37.049, 38.368, 40.057, 41.566, 41.999, 41.787, 41.465, 41.271, 41.414, 41.347, 40.69, 40.364, 40.652, 40.439, 39.694, 39.246, 39.146, 39.057, 39.308, 39.873, 39.911, 39.052, 38.21, 38.154, 38.184, 38.023, 37.649, 37.008, 36.397, 36.424, 36.531, 36.775, 36.747, 36.332, 36.356, 36.733, 36.821, 36.363, 36.118, 36.382, 36.442, 36.186, 36.307, 36.634, 36.898, 36.917, 36.865, 36.764, 36.471, 36.377, 36.303, 36.003, 35.948, 36.089, 36.182, 36.045, 35.863, 36.694, 37.658, 37.798, 37.75, 38.415, 39.701, 40.831, 41.339, 41.09, 40.652, 40.846, 41.528, 41.989, 42.123, 42.347, 42.369, 42.595, 44.041, 45.59, 33.801], [33.8, 32.231, 30.669, 29.815, 28.767, 25.604, 18.586, 10.786, 5.091, 0.0, 5.507, 11.714, 17.174, 19.889, 21.107, 23.379, 26.183, 27.689, 28.307, 29.519, 30.457, 30.519, 30.475, 30.921, 31.807, 33.113, 34.587, 35.706, 36.325, 36.487, 36.695, 36.44, 35.565, 34.976, 35.235, 35.893, 36.216, 36.132, 36.213, 36.73, 37.739, 38.691, 38.968, 38.915, 38.6, 38.187, 37.929, 37.642, 37.295, 37.343, 37.166, 36.871, 37.084, 37.492, 37.722, 37.371, 36.965, 37.305, 37.57, 37.351, 37.462, 38.197, 38.895, 39.199, 38.902, 38.173, 37.472, 37.262, 37.218, 36.83, 36.602, 36.741, 36.671, 36.552, 36.662, 36.74, 36.746, 36.529, 36.081, 35.949, 35.91, 35.706, 35.757, 35.987, 36.086, 36.054, 36.155, 37.08, 39.175, 41.019, 39.822, 37.454, 37.456, 39.847, 42.55, 43.735, 44.093, 44.767, 45.298, 44.438, 43.232, 42.732, 42.481, 42.473, 42.631, 42.363, 42.004, 42.156, 42.538, 42.519, 42.422, 42.609, 42.695, 41.646, 39.685, 38.044, 36.693, 35.941, 35.811, 35.747, 35.583, 35.598, 36.115, 36.832, 36.803, 36.742, 36.92, 36.755, 36.732, 37.294, 38.565, 40.232, 41.755, 42.199, 41.98, 41.672, 41.527, 41.686, 41.61, 40.958, 40.635, 40.912, 40.704, 39.965, 39.499, 39.392, 39.312, 39.542, 40.058, 40.071, 39.23, 38.416, 38.355, 38.378, 38.216, 37.849, 37.23, 36.645, 36.697, 36.81, 37.03, 36.998, 36.622, 36.66, 37.019, 37.088, 36.617, 36.378, 36.644, 36.702, 36.463, 36.608, 36.933, 37.188, 37.215, 37.174, 37.085, 36.816, 36.739, 36.667, 36.355, 36.295, 36.437, 36.527, 36.355, 36.125, 36.919, 37.857, 37.995, 37.964, 38.633, 39.893, 40.988, 41.468, 41.222, 40.794, 40.971, 41.628, 42.076, 42.199, 42.41, 42.436, 42.669, 44.101, 45.627, 34.583], [34.488, 32.97, 31.57, 30.864, 29.916, 26.913, 20.078, 12.804, 8.778, 5.507, 0.0, 7.592, 14.378, 17.617, 18.858, 21.266, 24.414, 26.165, 26.947, 28.358, 29.401, 29.488, 29.471, 29.947, 30.877, 32.247, 33.768, 34.906, 35.538, 35.731, 36.013, 35.865, 35.106, 34.583, 34.864, 35.555, 35.945, 35.927, 36.037, 36.555, 37.568, 38.527, 38.811, 38.767, 38.46, 38.064, 37.814, 37.523, 37.174, 37.208, 37.017, 36.713, 36.928, 37.334, 37.558, 37.195, 36.761, 37.066, 37.316, 37.095, 37.185, 37.874, 38.545, 38.848, 38.551, 37.827, 37.154, 37.008, 36.992, 36.61, 36.388, 36.554, 36.499, 36.408, 36.541, 36.618, 36.625, 36.402, 35.932, 35.787, 35.745, 35.55, 35.616, 35.854, 35.962, 35.942, 36.06, 37.012, 39.135, 40.97, 39.741, 37.357, 37.39, 39.819, 42.541, 43.745, 44.098, 44.755, 45.268, 44.37, 43.131, 42.623, 42.371, 42.37, 42.547, 42.287, 41.929, 42.08, 42.449, 42.421, 42.318, 42.498, 42.57, 41.492, 39.548, 37.937, 36.574, 35.829, 35.7, 35.625, 35.457, 35.479, 36.004, 36.738, 36.722, 36.634, 36.8, 36.645, 36.626, 37.183, 38.467, 40.171, 41.725, 42.18, 41.95, 41.629, 41.481, 41.638, 41.566, 40.915, 40.595, 40.883, 40.687, 39.949, 39.477, 39.365, 39.285, 39.512, 40.018, 40.023, 39.156, 38.302, 38.216, 38.226, 38.068, 37.701, 37.061, 36.464, 36.535, 36.659, 36.878, 36.834, 36.458, 36.502, 36.866, 36.924, 36.409, 36.145, 36.419, 36.479, 36.233, 36.397, 36.761, 37.037, 37.058, 37.013, 36.922, 36.645, 36.571, 36.503, 36.173, 36.091, 36.217, 36.286, 36.087, 35.859, 36.695, 37.658, 37.789, 37.78, 38.52, 39.852, 40.99, 41.494, 41.246, 40.785, 40.932, 41.579, 42.029, 42.154, 42.366, 42.394, 42.638, 44.104, 45.648, 35.299], [35.865, 34.466, 33.296, 32.782, 31.957, 29.343, 23.269, 16.595, 13.35, 11.714, 7.592, 0.0, 8.145, 12.706, 14.464, 16.821, 20.234, 22.419, 23.545, 25.367, 26.576, 26.635, 26.685, 27.323, 28.384, 29.863, 31.466, 32.634, 33.292, 33.568, 33.998, 34.04, 33.606, 33.475, 33.93, 34.607, 35.1, 35.3, 35.577, 36.127, 37.107, 38.073, 38.385, 38.337, 37.992, 37.584, 37.37, 37.081, 36.677, 36.673, 36.491, 36.204, 36.432, 36.857, 37.084, 36.673, 36.156, 36.399, 36.646, 36.425, 36.491, 37.148, 37.811, 38.103, 37.803, 37.205, 36.681, 36.631, 36.635, 36.248, 35.98, 36.119, 36.058, 35.982, 36.114, 36.147, 36.128, 35.912, 35.472, 35.368, 35.35, 35.166, 35.248, 35.491, 35.618, 35.63, 35.76, 36.691, 38.75, 40.514, 39.301, 36.993, 37.12, 39.597, 42.346, 43.616, 44.016, 44.682, 45.176, 44.222, 42.914, 42.357, 42.067, 42.021, 42.179, 41.913, 41.551, 41.708, 42.086, 42.059, 41.949, 42.106, 42.167, 41.115, 39.282, 37.766, 36.414, 35.683, 35.531, 35.414, 35.222, 35.262, 35.81, 36.544, 36.517, 36.38, 36.537, 36.397, 36.371, 36.912, 38.216, 39.962, 41.534, 41.996, 41.747, 41.386, 41.227, 41.393, 41.335, 40.684, 40.361, 40.665, 40.483, 39.743, 39.269, 39.155, 39.073, 39.31, 39.849, 39.9, 39.066, 38.2, 38.087, 38.096, 37.939, 37.569, 36.897, 36.263, 36.329, 36.451, 36.661, 36.575, 36.159, 36.212, 36.603, 36.644, 36.106, 35.855, 36.15, 36.205, 35.946, 36.095, 36.482, 36.754, 36.747, 36.702, 36.621, 36.332, 36.255, 36.209, 35.879, 35.769, 35.871, 35.914, 35.721, 35.559, 36.485, 37.508, 37.634, 37.614, 38.41, 39.835, 41.049, 41.594, 41.315, 40.749, 40.843, 41.485, 41.924, 42.039, 42.258, 42.288, 42.531, 44.012, 45.57, 36.568], [37.25, 35.981, 34.98, 34.601, 33.873, 31.604, 26.499, 20.987, 18.258, 17.174, 14.378, 8.145, 0.0, 6.049, 9.416, 11.928, 15.291, 18.031, 19.739, 22.032, 23.36, 23.409, 23.7, 24.647, 25.868, 27.465, 29.152, 30.303, 30.97, 31.375, 31.999, 32.222, 32.112, 32.534, 33.297, 33.93, 34.476, 34.943, 35.493, 36.143, 37.046, 37.988, 38.345, 38.291, 37.872, 37.445, 37.32, 37.048, 36.552, 36.496, 36.358, 36.126, 36.357, 36.769, 36.983, 36.493, 35.832, 35.985, 36.225, 36.024, 36.107, 36.774, 37.44, 37.702, 37.392, 36.967, 36.656, 36.696, 36.726, 36.369, 36.045, 36.087, 35.955, 35.84, 35.943, 35.938, 35.893, 35.687, 35.332, 35.317, 35.329, 35.16, 35.264, 35.49, 35.609, 35.65, 35.784, 36.613, 38.469, 40.11, 39.009, 36.889, 37.106, 39.559, 42.288, 43.608, 44.064, 44.758, 45.256, 44.302, 42.974, 42.366, 42.007, 41.871, 41.964, 41.68, 41.318, 41.487, 41.895, 41.892, 41.769, 41.874, 41.929, 41.012, 39.401, 38.046, 36.778, 36.073, 35.899, 35.747, 35.517, 35.547, 36.085, 36.769, 36.714, 36.549, 36.711, 36.584, 36.537, 37.037, 38.305, 40.033, 41.589, 42.05, 41.796, 41.428, 41.288, 41.482, 41.451, 40.826, 40.506, 40.809, 40.636, 39.9, 39.427, 39.312, 39.226, 39.463, 40.031, 40.14, 39.388, 38.566, 38.464, 38.488, 38.34, 37.985, 37.325, 36.667, 36.671, 36.752, 36.936, 36.814, 36.366, 36.403, 36.775, 36.786, 36.274, 36.074, 36.371, 36.442, 36.222, 36.323, 36.639, 36.825, 36.788, 36.774, 36.713, 36.43, 36.367, 36.349, 36.04, 35.943, 36.06, 36.116, 35.963, 35.874, 36.847, 37.892, 38.016, 37.99, 38.793, 40.245, 41.487, 42.032, 41.69, 41.024, 41.078, 41.695, 42.097, 42.199, 42.429, 42.466, 42.71, 44.168, 45.691, 37.813], [37.71, 36.477, 35.521, 35.19, 34.51, 32.383, 27.781, 23.112, 20.87, 19.889, 17.617, 12.706, 6.049, 0.0, 5.054, 9.008, 13.096, 16.244, 18.327, 20.852, 22.211, 22.337, 22.848, 23.912, 25.179, 26.891, 28.636, 29.733, 30.394, 30.904, 31.644, 31.931, 31.925, 32.571, 33.472, 34.103, 34.653, 35.176, 35.823, 36.563, 37.453, 38.363, 38.733, 38.672, 38.199, 37.755, 37.687, 37.423, 36.884, 36.825, 36.728, 36.515, 36.706, 37.067, 37.256, 36.72, 35.967, 36.052, 36.293, 36.128, 36.241, 36.928, 37.598, 37.842, 37.507, 37.13, 36.924, 37.022, 37.075, 36.743, 36.434, 36.442, 36.259, 36.131, 36.255, 36.276, 36.241, 36.049, 35.763, 35.807, 35.824, 35.661, 35.794, 36.012, 36.104, 36.136, 36.258, 37.01, 38.733, 40.304, 39.285, 37.256, 37.457, 39.875, 42.59, 43.941, 44.438, 45.16, 45.673, 44.758, 43.459, 42.837, 42.424, 42.225, 42.275, 41.989, 41.632, 41.801, 42.225, 42.244, 42.114, 42.181, 42.22, 41.394, 39.9, 38.64, 37.442, 36.739, 36.554, 36.387, 36.119, 36.102, 36.587, 37.222, 37.149, 37.005, 37.187, 37.059, 37.005, 37.49, 38.7, 40.353, 41.849, 42.299, 42.06, 41.699, 41.552, 41.762, 41.757, 41.146, 40.838, 41.144, 40.977, 40.267, 39.82, 39.709, 39.619, 39.863, 40.455, 40.588, 39.843, 38.999, 38.886, 38.904, 38.763, 38.429, 37.811, 37.195, 37.193, 37.259, 37.423, 37.305, 36.87, 36.875, 37.188, 37.181, 36.707, 36.537, 36.821, 36.906, 36.73, 36.815, 37.065, 37.164, 37.111, 37.122, 37.061, 36.774, 36.73, 36.724, 36.421, 36.345, 36.484, 36.553, 36.427, 36.38, 37.364, 38.396, 38.522, 38.509, 39.304, 40.73, 41.952, 42.48, 42.107, 41.411, 41.453, 42.058, 42.444, 42.549, 42.788, 42.831, 43.085, 44.538, 46.039, 38.248], [37.717, 36.464, 35.524, 35.209, 34.535, 32.479, 28.157, 23.962, 22.048, 21.107, 18.858, 14.464, 9.416, 5.054, 0.0, 5.764, 11.867, 15.796, 18.036, 20.596, 21.972, 22.219, 22.899, 23.966, 25.253, 27.146, 29.015, 30.089, 30.725, 31.314, 32.132, 32.452, 32.458, 33.082, 33.959, 34.595, 35.16, 35.667, 36.275, 37.022, 37.938, 38.842, 39.203, 39.141, 38.684, 38.268, 38.218, 37.955, 37.428, 37.399, 37.314, 37.071, 37.214, 37.535, 37.7, 37.174, 36.439, 36.52, 36.762, 36.633, 36.768, 37.434, 38.088, 38.322, 37.966, 37.554, 37.324, 37.414, 37.463, 37.145, 36.876, 36.91, 36.728, 36.615, 36.769, 36.819, 36.793, 36.599, 36.323, 36.39, 36.404, 36.231, 36.37, 36.604, 36.696, 36.72, 36.839, 37.557, 39.198, 40.705, 39.743, 37.803, 37.977, 40.319, 42.983, 44.33, 44.838, 45.571, 46.105, 45.235, 43.963, 43.344, 42.926, 42.726, 42.78, 42.504, 42.157, 42.32, 42.741, 42.764, 42.63, 42.668, 42.669, 41.853, 40.382, 39.168, 38.021, 37.324, 37.131, 36.974, 36.703, 36.646, 37.085, 37.688, 37.614, 37.499, 37.698, 37.587, 37.541, 38.007, 39.151, 40.693, 42.073, 42.485, 42.278, 41.909, 41.688, 41.884, 41.907, 41.305, 41.003, 41.311, 41.15, 40.479, 40.076, 39.974, 39.887, 40.14, 40.743, 40.882, 40.12, 39.238, 39.083, 39.069, 38.939, 38.65, 38.13, 37.669, 37.742, 37.81, 37.943, 37.834, 37.438, 37.419, 37.668, 37.653, 37.219, 37.064, 37.336, 37.428, 37.267, 37.335, 37.541, 37.592, 37.533, 37.551, 37.491, 37.207, 37.174, 37.166, 36.848, 36.756, 36.888, 36.961, 36.851, 36.824, 37.788, 38.791, 38.919, 38.911, 39.668, 41.035, 42.211, 42.718, 42.349, 41.658, 41.693, 42.304, 42.697, 42.795, 43.024, 43.072, 43.322, 44.746, 46.221, 38.356], [38.566, 37.326, 36.457, 36.208, 35.557, 33.626, 29.702, 25.921, 24.196, 23.379, 21.266, 16.821, 11.928, 9.008, 5.764, 0.0, 7.648, 12.939, 15.874, 18.809, 20.334, 20.694, 21.597, 22.816, 24.199, 26.291, 28.367, 29.521, 30.159, 30.836, 31.794, 32.23, 32.344, 33.064, 33.963, 34.575, 35.191, 35.82, 36.498, 37.243, 38.176, 39.117, 39.491, 39.424, 39.004, 38.645, 38.615, 38.363, 37.856, 37.831, 37.743, 37.485, 37.617, 37.934, 38.084, 37.564, 36.869, 37.006, 37.29, 37.183, 37.317, 37.953, 38.595, 38.828, 38.453, 37.983, 37.674, 37.737, 37.797, 37.514, 37.242, 37.271, 37.085, 36.961, 37.101, 37.129, 37.083, 36.88, 36.621, 36.715, 36.728, 36.534, 36.652, 36.889, 36.993, 37.034, 37.169, 37.837, 39.366, 40.817, 39.965, 38.195, 38.391, 40.626, 43.208, 44.537, 45.043, 45.762, 46.294, 45.453, 44.207, 43.595, 43.177, 42.984, 43.043, 42.774, 42.437, 42.62, 43.062, 43.092, 42.943, 42.947, 42.916, 42.125, 40.718, 39.547, 38.427, 37.749, 37.563, 37.426, 37.171, 37.1, 37.513, 38.085, 37.998, 37.84, 38.017, 37.938, 37.889, 38.291, 39.373, 40.878, 42.206, 42.586, 42.383, 42.008, 41.766, 41.971, 42.015, 41.427, 41.127, 41.429, 41.269, 40.607, 40.213, 40.116, 40.031, 40.277, 40.874, 41.038, 40.33, 39.504, 39.356, 39.335, 39.21, 38.943, 38.463, 38.058, 38.154, 38.208, 38.313, 38.202, 37.823, 37.801, 38.023, 37.997, 37.58, 37.44, 37.714, 37.827, 37.684, 37.734, 37.925, 37.976, 37.914, 37.931, 37.884, 37.616, 37.579, 37.566, 37.238, 37.126, 37.249, 37.33, 37.251, 37.25, 38.196, 39.174, 39.3, 39.277, 39.995, 41.332, 42.495, 42.987, 42.613, 41.915, 41.946, 42.558, 42.94, 43.013, 43.236, 43.296, 43.523, 44.876, 46.306, 39.214], [39.979, 38.821, 38.067, 37.917, 37.311, 35.515, 31.96, 28.48, 26.846, 26.183, 24.414, 20.234, 15.291, 13.096, 11.867, 7.648, 0.0, 6.886, 11.899, 16.088, 17.919, 18.315, 19.43, 20.902, 22.403, 24.588, 26.797, 28.077, 28.809, 29.626, 30.755, 31.34, 31.619, 32.561, 33.561, 34.147, 34.805, 35.575, 36.374, 37.148, 38.083, 39.068, 39.48, 39.411, 38.989, 38.649, 38.626, 38.388, 37.876, 37.826, 37.745, 37.544, 37.712, 38.026, 38.165, 37.633, 36.934, 37.108, 37.441, 37.335, 37.446, 38.07, 38.723, 38.958, 38.571, 38.095, 37.8, 37.9, 38.033, 37.828, 37.534, 37.518, 37.31, 37.159, 37.266, 37.251, 37.19, 37.032, 36.833, 36.929, 36.941, 36.736, 36.813, 37.002, 37.1, 37.179, 37.328, 37.927, 39.346, 40.77, 40.024, 38.393, 38.638, 40.804, 43.278, 44.553, 45.053, 45.763, 46.288, 45.458, 44.256, 43.657, 43.21, 43.0, 43.055, 42.784, 42.447, 42.656, 43.132, 43.164, 42.983, 42.958, 42.933, 42.203, 40.906, 39.798, 38.713, 38.069, 37.898, 37.775, 37.548, 37.493, 37.862, 38.367, 38.272, 38.064, 38.178, 38.099, 38.037, 38.351, 39.317, 40.801, 42.17, 42.56, 42.312, 41.941, 41.787, 42.041, 42.079, 41.5, 41.209, 41.504, 41.32, 40.615, 40.199, 40.112, 40.014, 40.233, 40.831, 41.03, 40.408, 39.705, 39.617, 39.623, 39.487, 39.19, 38.645, 38.15, 38.235, 38.306, 38.415, 38.309, 37.94, 37.917, 38.135, 38.104, 37.692, 37.564, 37.823, 37.953, 37.847, 37.914, 38.12, 38.193, 38.13, 38.131, 38.08, 37.816, 37.766, 37.745, 37.416, 37.292, 37.408, 37.484, 37.426, 37.459, 38.443, 39.434, 39.563, 39.532, 40.249, 41.614, 42.804, 43.304, 42.921, 42.231, 42.287, 42.893, 43.241, 43.291, 43.529, 43.603, 43.805, 45.104, 46.504, 40.471], [40.583, 39.495, 38.839, 38.783, 38.226, 36.506, 33.096, 29.75, 28.219, 27.689, 26.165, 22.419, 18.031, 16.244, 15.796, 12.939, 6.886, 0.0, 7.224, 12.996, 15.286, 15.681, 16.974, 18.693, 20.318, 22.585, 24.869, 26.248, 27.124, 28.103, 29.377, 30.094, 30.557, 31.733, 32.858, 33.444, 34.112, 34.94, 35.795, 36.593, 37.554, 38.576, 39.019, 38.971, 38.555, 38.225, 38.216, 37.998, 37.503, 37.452, 37.374, 37.226, 37.446, 37.763, 37.889, 37.367, 36.695, 36.887, 37.224, 37.097, 37.184, 37.818, 38.493, 38.734, 38.35, 37.861, 37.583, 37.738, 37.93, 37.771, 37.471, 37.44, 37.215, 37.041, 37.132, 37.107, 37.071, 36.98, 36.805, 36.869, 36.877, 36.667, 36.702, 36.841, 36.935, 37.045, 37.195, 37.764, 39.173, 40.633, 39.9, 38.258, 38.526, 40.684, 43.112, 44.374, 44.894, 45.622, 46.141, 45.309, 44.144, 43.554, 43.066, 42.819, 42.863, 42.584, 42.239, 42.452, 42.924, 42.943, 42.754, 42.726, 42.72, 42.063, 40.884, 39.835, 38.75, 38.113, 37.94, 37.792, 37.551, 37.48, 37.783, 38.223, 38.131, 37.942, 38.042, 37.937, 37.869, 38.172, 39.077, 40.539, 41.959, 42.361, 42.054, 41.646, 41.522, 41.802, 41.838, 41.258, 40.966, 41.254, 41.042, 40.288, 39.857, 39.781, 39.659, 39.847, 40.46, 40.686, 40.11, 39.485, 39.452, 39.475, 39.327, 39.008, 38.405, 37.832, 37.927, 38.042, 38.177, 38.086, 37.712, 37.666, 37.882, 37.865, 37.45, 37.318, 37.565, 37.696, 37.605, 37.697, 37.93, 38.014, 37.936, 37.908, 37.833, 37.551, 37.487, 37.462, 37.129, 36.986, 37.089, 37.158, 37.094, 37.151, 38.198, 39.229, 39.366, 39.329, 40.048, 41.445, 42.672, 43.194, 42.812, 42.135, 42.223, 42.848, 43.195, 43.25, 43.506, 43.587, 43.791, 45.101, 46.512, 40.93], [40.558, 39.437, 38.783, 38.775, 38.243, 36.505, 33.133, 30.009, 28.699, 28.307, 26.947, 23.545, 19.739, 18.327, 18.036, 15.874, 11.899, 7.224, 0.0, 6.881, 10.166, 11.014, 12.752, 14.889, 16.864, 19.641, 22.373, 24.011, 24.992, 26.021, 27.381, 28.171, 28.685, 29.97, 31.238, 31.921, 32.661, 33.579, 34.531, 35.414, 36.488, 37.602, 38.08, 38.084, 37.812, 37.653, 37.685, 37.462, 37.011, 36.992, 36.878, 36.679, 36.905, 37.268, 37.435, 36.957, 36.374, 36.669, 37.048, 36.907, 36.974, 37.635, 38.343, 38.606, 38.213, 37.595, 37.159, 37.248, 37.395, 37.205, 36.897, 36.869, 36.615, 36.409, 36.502, 36.517, 36.532, 36.458, 36.239, 36.239, 36.207, 35.955, 35.949, 36.085, 36.204, 36.338, 36.482, 37.08, 38.634, 40.28, 39.528, 37.715, 37.913, 40.179, 42.765, 44.146, 44.737, 45.514, 46.044, 45.18, 44.005, 43.428, 42.924, 42.644, 42.663, 42.354, 41.994, 42.211, 42.674, 42.671, 42.484, 42.48, 42.502, 41.863, 40.645, 39.498, 38.277, 37.576, 37.39, 37.21, 36.913, 36.782, 37.046, 37.488, 37.382, 37.197, 37.337, 37.226, 37.157, 37.532, 38.568, 40.135, 41.631, 42.054, 41.722, 41.278, 41.123, 41.4, 41.45, 40.866, 40.562, 40.85, 40.62, 39.828, 39.378, 39.298, 39.163, 39.345, 39.959, 40.173, 39.563, 38.908, 38.882, 38.909, 38.758, 38.435, 37.813, 37.199, 37.271, 37.381, 37.561, 37.485, 37.032, 36.924, 37.178, 37.213, 36.778, 36.603, 36.843, 36.989, 36.908, 37.034, 37.31, 37.407, 37.313, 37.262, 37.17, 36.888, 36.838, 36.802, 36.445, 36.3, 36.439, 36.553, 36.458, 36.45, 37.528, 38.627, 38.775, 38.725, 39.47, 40.933, 42.209, 42.744, 42.345, 41.654, 41.76, 42.433, 42.826, 42.9, 43.166, 43.252, 43.491, 44.879, 46.351, 40.873], [40.665, 39.506, 38.832, 38.845, 38.323, 36.602, 33.498, 30.869, 29.819, 29.519, 28.358, 25.367, 22.032, 20.852, 20.596, 18.809, 16.088, 12.996, 6.881, 0.0, 4.411, 6.825, 9.893, 12.399, 14.574, 17.896, 21.136, 23.014, 24.008, 25.014, 26.427, 27.21, 27.582, 28.812, 30.211, 31.044, 31.859, 32.849, 33.92, 34.902, 36.048, 37.219, 37.715, 37.764, 37.686, 37.781, 37.893, 37.656, 37.235, 37.259, 37.125, 36.842, 37.014, 37.405, 37.626, 37.198, 36.693, 37.074, 37.505, 37.378, 37.418, 38.062, 38.772, 39.038, 38.637, 37.929, 37.346, 37.323, 37.397, 37.192, 36.894, 36.87, 36.596, 36.362, 36.444, 36.488, 36.564, 36.525, 36.257, 36.176, 36.09, 35.805, 35.765, 35.902, 36.038, 36.181, 36.322, 36.921, 38.521, 40.266, 39.563, 37.672, 37.746, 40.022, 42.676, 44.12, 44.765, 45.595, 46.163, 45.295, 44.115, 43.56, 43.074, 42.777, 42.77, 42.446, 42.079, 42.295, 42.752, 42.737, 42.544, 42.55, 42.588, 41.944, 40.684, 39.483, 38.2, 37.453, 37.255, 37.085, 36.788, 36.654, 36.939, 37.382, 37.241, 37.031, 37.169, 37.061, 36.988, 37.411, 38.526, 40.133, 41.633, 42.059, 41.763, 41.36, 41.207, 41.465, 41.519, 40.947, 40.646, 40.926, 40.682, 39.874, 39.404, 39.313, 39.182, 39.365, 39.955, 40.126, 39.473, 38.774, 38.73, 38.76, 38.62, 38.316, 37.739, 37.179, 37.255, 37.331, 37.536, 37.478, 36.982, 36.82, 37.088, 37.159, 36.726, 36.517, 36.747, 36.923, 36.864, 36.998, 37.283, 37.377, 37.282, 37.231, 37.134, 36.872, 36.849, 36.814, 36.459, 36.334, 36.522, 36.689, 36.564, 36.451, 37.465, 38.568, 38.726, 38.659, 39.37, 40.811, 42.051, 42.547, 42.129, 41.456, 41.583, 42.28, 42.704, 42.788, 43.049, 43.134, 43.386, 44.803, 46.295, 41.008], [40.855, 39.727, 39.085, 39.12, 38.611, 36.962, 34.098, 31.702, 30.722, 30.457, 29.401, 26.576, 23.36, 22.211, 21.972, 20.334, 17.919, 15.286, 10.166, 4.411, 0.0, 4.158, 8.877, 11.703, 13.729, 17.096, 20.465, 22.375, 23.356, 24.449, 26.013, 26.891, 27.307, 28.649, 30.182, 31.078, 31.916, 32.93, 34.034, 35.019, 36.146, 37.312, 37.821, 37.888, 37.851, 38.023, 38.203, 37.997, 37.572, 37.595, 37.487, 37.23, 37.401, 37.788, 38.015, 37.6, 37.09, 37.443, 37.871, 37.755, 37.779, 38.381, 39.064, 39.315, 38.917, 38.235, 37.693, 37.68, 37.752, 37.574, 37.298, 37.27, 36.982, 36.729, 36.784, 36.82, 36.922, 36.92, 36.652, 36.549, 36.454, 36.171, 36.128, 36.257, 36.387, 36.534, 36.686, 37.254, 38.741, 40.37, 39.69, 37.874, 37.925, 40.106, 42.662, 44.072, 44.73, 45.586, 46.179, 45.331, 44.155, 43.591, 43.103, 42.796, 42.773, 42.45, 42.089, 42.292, 42.729, 42.703, 42.494, 42.473, 42.484, 41.843, 40.692, 39.677, 38.511, 37.787, 37.576, 37.424, 37.158, 37.06, 37.374, 37.796, 37.621, 37.386, 37.496, 37.391, 37.316, 37.73, 38.796, 40.337, 41.783, 42.196, 41.934, 41.581, 41.464, 41.722, 41.774, 41.226, 40.937, 41.212, 40.967, 40.155, 39.68, 39.592, 39.459, 39.63, 40.207, 40.375, 39.745, 39.078, 39.052, 39.091, 38.961, 38.668, 38.109, 37.573, 37.65, 37.72, 37.921, 37.849, 37.356, 37.19, 37.429, 37.494, 37.095, 36.917, 37.142, 37.327, 37.283, 37.365, 37.593, 37.654, 37.559, 37.52, 37.423, 37.166, 37.147, 37.114, 36.773, 36.668, 36.875, 37.054, 36.93, 36.809, 37.794, 38.874, 39.037, 38.962, 39.637, 41.043, 42.259, 42.745, 42.328, 41.678, 41.83, 42.532, 42.951, 43.021, 43.258, 43.339, 43.59, 44.985, 46.451, 41.189], [40.875, 39.802, 39.209, 39.274, 38.783, 37.162, 34.246, 31.716, 30.721, 30.519, 29.488, 26.635, 23.409, 22.337, 22.219, 20.694, 18.315, 15.681, 11.014, 6.825, 4.158, 0.0, 5.666, 9.261, 11.629, 15.036, 18.44, 20.411, 21.469, 22.716, 24.501, 25.612, 26.352, 28.024, 29.688, 30.581, 31.464, 32.529, 33.627, 34.585, 35.717, 36.911, 37.45, 37.535, 37.481, 37.638, 37.865, 37.733, 37.335, 37.34, 37.249, 37.072, 37.307, 37.692, 37.89, 37.471, 36.94, 37.235, 37.614, 37.485, 37.508, 38.095, 38.765, 39.007, 38.601, 37.93, 37.441, 37.482, 37.572, 37.401, 37.134, 37.12, 36.83, 36.565, 36.619, 36.663, 36.784, 36.813, 36.581, 36.521, 36.448, 36.166, 36.139, 36.289, 36.433, 36.596, 36.753, 37.32, 38.781, 40.346, 39.613, 37.771, 37.802, 39.949, 42.475, 43.874, 44.517, 45.333, 45.895, 45.035, 43.851, 43.266, 42.757, 42.439, 42.414, 42.097, 41.735, 41.926, 42.354, 42.323, 42.105, 42.074, 42.07, 41.417, 40.346, 39.471, 38.365, 37.653, 37.435, 37.271, 37.017, 36.96, 37.311, 37.742, 37.543, 37.278, 37.392, 37.287, 37.212, 37.611, 38.627, 40.132, 41.578, 41.998, 41.737, 41.403, 41.342, 41.623, 41.672, 41.136, 40.855, 41.125, 40.88, 40.063, 39.587, 39.508, 39.373, 39.541, 40.141, 40.336, 39.739, 39.111, 39.129, 39.191, 39.063, 38.763, 38.178, 37.588, 37.631, 37.715, 37.912, 37.81, 37.306, 37.159, 37.415, 37.483, 37.098, 36.943, 37.165, 37.334, 37.255, 37.258, 37.424, 37.452, 37.348, 37.317, 37.223, 36.95, 36.918, 36.885, 36.561, 36.463, 36.654, 36.813, 36.711, 36.645, 37.66, 38.761, 38.932, 38.859, 39.548, 40.992, 42.248, 42.751, 42.32, 41.652, 41.812, 42.523, 42.93, 42.989, 43.215, 43.295, 43.555, 44.963, 46.425, 41.135], [40.832, 39.797, 39.239, 39.33, 38.861, 37.232, 34.182, 31.517, 30.581, 30.475, 29.471, 26.685, 23.7, 22.848, 22.899, 21.597, 19.43, 16.974, 12.752, 9.893, 8.877, 5.666, 0.0, 4.555, 8.308, 12.365, 15.938, 18.088, 19.301, 20.645, 22.566, 23.862, 24.857, 26.714, 28.407, 29.314, 30.283, 31.399, 32.515, 33.516, 34.725, 35.984, 36.548, 36.664, 36.68, 36.908, 37.155, 37.077, 36.804, 36.868, 36.755, 36.585, 36.874, 37.283, 37.464, 37.049, 36.549, 36.856, 37.204, 37.054, 37.098, 37.711, 38.392, 38.641, 38.212, 37.455, 36.871, 36.893, 36.976, 36.774, 36.506, 36.536, 36.271, 36.025, 36.119, 36.198, 36.341, 36.402, 36.206, 36.189, 36.134, 35.839, 35.822, 36.007, 36.186, 36.365, 36.52, 37.148, 38.774, 40.46, 39.634, 37.589, 37.49, 39.688, 42.317, 43.761, 44.385, 45.147, 45.656, 44.754, 43.55, 42.959, 42.448, 42.141, 42.134, 41.82, 41.448, 41.634, 42.071, 42.047, 41.841, 41.84, 41.852, 41.146, 39.999, 39.035, 37.844, 37.124, 36.913, 36.717, 36.44, 36.403, 36.793, 37.262, 37.03, 36.718, 36.852, 36.742, 36.669, 37.08, 38.107, 39.653, 41.157, 41.591, 41.309, 40.982, 40.975, 41.275, 41.315, 40.768, 40.476, 40.739, 40.49, 39.666, 39.191, 39.113, 38.981, 39.179, 39.819, 40.025, 39.395, 38.73, 38.755, 38.835, 38.705, 38.396, 37.779, 37.128, 37.144, 37.259, 37.491, 37.396, 36.888, 36.764, 37.084, 37.184, 36.769, 36.579, 36.8, 36.947, 36.81, 36.786, 36.959, 36.996, 36.885, 36.848, 36.752, 36.463, 36.43, 36.415, 36.098, 35.974, 36.123, 36.25, 36.171, 36.142, 37.177, 38.306, 38.483, 38.412, 39.132, 40.627, 41.919, 42.424, 41.969, 41.27, 41.418, 42.125, 42.528, 42.594, 42.841, 42.924, 43.192, 44.639, 46.129, 41.012], [40.93, 39.914, 39.39, 39.507, 39.058, 37.46, 34.447, 31.842, 30.986, 30.921, 29.947, 27.323, 24.647, 23.912, 23.966, 22.816, 20.902, 18.693, 14.889, 12.399, 11.703, 9.261, 4.555, 0.0, 5.051, 10.287, 14.399, 16.694, 17.939, 19.397, 21.464, 22.874, 23.957, 25.85, 27.567, 28.525, 29.543, 30.67, 31.816, 32.884, 34.163, 35.453, 36.017, 36.154, 36.266, 36.615, 36.872, 36.781, 36.596, 36.757, 36.654, 36.45, 36.729, 37.146, 37.325, 36.92, 36.471, 36.829, 37.19, 37.044, 37.117, 37.762, 38.46, 38.718, 38.266, 37.434, 36.773, 36.767, 36.836, 36.612, 36.332, 36.372, 36.122, 35.893, 36.012, 36.105, 36.256, 36.328, 36.142, 36.135, 36.086, 35.797, 35.785, 35.972, 36.152, 36.327, 36.478, 37.144, 38.869, 40.623, 39.746, 37.595, 37.416, 39.623, 42.287, 43.751, 44.378, 45.129, 45.615, 44.685, 43.468, 42.88, 42.383, 42.098, 42.114, 41.805, 41.425, 41.606, 42.043, 42.009, 41.796, 41.809, 41.839, 41.125, 39.945, 38.925, 37.706, 37.001, 36.797, 36.592, 36.295, 36.244, 36.643, 37.137, 36.886, 36.54, 36.661, 36.54, 36.464, 36.89, 37.941, 39.52, 41.043, 41.463, 41.163, 40.837, 40.839, 41.144, 41.181, 40.622, 40.32, 40.582, 40.337, 39.52, 39.049, 38.969, 38.84, 39.058, 39.719, 39.925, 39.264, 38.546, 38.544, 38.63, 38.506, 38.198, 37.582, 36.916, 36.931, 37.093, 37.377, 37.299, 36.786, 36.674, 37.031, 37.149, 36.715, 36.507, 36.736, 36.867, 36.711, 36.708, 36.905, 36.957, 36.845, 36.801, 36.706, 36.422, 36.402, 36.401, 36.079, 35.941, 36.073, 36.181, 36.103, 36.077, 37.092, 38.207, 38.386, 38.321, 39.036, 40.523, 41.805, 42.297, 41.838, 41.141, 41.283, 41.97, 42.361, 42.434, 42.699, 42.784, 43.051, 44.509, 46.014, 41.079], [41.274, 40.296, 39.825, 39.986, 39.576, 38.065, 35.209, 32.707, 31.867, 31.807, 30.877, 28.384, 25.868, 25.179, 25.253, 24.199, 22.403, 20.318, 16.864, 14.574, 13.729, 11.629, 8.308, 5.051, 0.0, 6.395, 11.728, 14.497, 15.712, 17.329, 19.722, 21.394, 22.828, 25.171, 27.217, 28.265, 29.266, 30.433, 31.644, 32.74, 34.037, 35.339, 35.906, 36.055, 36.213, 36.642, 36.943, 36.834, 36.633, 36.839, 36.816, 36.679, 36.954, 37.332, 37.486, 37.111, 36.719, 37.118, 37.497, 37.356, 37.439, 38.098, 38.809, 39.061, 38.575, 37.7, 37.05, 37.074, 37.148, 36.914, 36.598, 36.619, 36.375, 36.14, 36.233, 36.31, 36.461, 36.524, 36.332, 36.356, 36.336, 36.072, 36.075, 36.25, 36.415, 36.592, 36.745, 37.374, 38.995, 40.629, 39.746, 37.712, 37.619, 39.749, 42.271, 43.652, 44.26, 44.991, 45.448, 44.507, 43.29, 42.699, 42.208, 41.932, 41.958, 41.658, 41.275, 41.45, 41.885, 41.822, 41.557, 41.528, 41.565, 40.928, 39.9, 39.041, 37.929, 37.25, 37.024, 36.837, 36.585, 36.574, 37.011, 37.51, 37.261, 36.894, 36.989, 36.863, 36.769, 37.172, 38.202, 39.779, 41.29, 41.682, 41.368, 41.069, 4