[[0.0, 7.957, 17.779, 25.661, 29.258, 29.951, 29.552, 29.63, 30.689, 31.789, 32.839, 33.903, 34.147, 33.941, 34.505, 35.491, 35.885, 35.781, 35.722, 36.126, 36.648, 36.603, 36.522, 37.312, 38.635, 39.288, 39.408, 39.405, 39.589, 39.917, 39.831, 39.249, 38.86, 38.958, 39.06, 38.923, 39.075, 39.213, 39.143, 38.946, 38.877, 39.055, 39.144, 39.046, 38.966, 38.953, 38.932, 38.921, 39.054, 39.137, 39.106, 39.215, 39.643, 39.945, 39.827, 39.897, 40.111, 40.104, 40.015, 40.076, 40.169, 40.32, 40.537, 40.619, 40.727, 40.961, 41.165, 40.98, 40.344, 39.891, 39.952, 40.149, 39.932, 39.515, 39.278, 39.206, 39.243, 39.106, 38.852, 38.744, 38.691, 38.631, 38.5, 38.228, 38.04, 38.075, 37.922, 37.646, 37.755, 37.972, 38.06, 38.21, 38.275, 38.194, 38.13, 38.038, 37.898, 37.897, 38.001, 38.213, 38.485, 38.439, 38.299, 38.222, 38.238, 38.18, 38.108, 38.465, 38.66, 38.446, 38.247, 38.325, 38.374, 38.498, 38.601, 38.642, 38.721, 38.789, 38.647, 38.908, 39.419, 39.41, 39.254, 39.689, 40.389, 40.746, 40.959, 41.307, 41.391, 41.193, 41.172, 41.214, 41.191, 41.194, 41.307, 41.454, 41.422, 41.307, 41.397, 41.515, 41.507, 41.484, 40.838, 40.003, 39.391, 38.975, 39.203, 39.403, 39.376, 39.209, 39.26, 39.444, 39.718, 39.769, 39.535, 39.6, 39.76, 39.867, 39.772, 39.612, 39.824, 40.166, 40.048, 39.578, 39.742, 40.51, 40.958, 40.805, 40.584, 40.279, 39.978, 40.027, 40.175, 40.15, 40.159, 40.148, 40.004, 39.817, 39.784, 39.89, 39.943, 39.982, 40.03, 40.264, 40.333, 40.12, 39.987, 40.112, 40.118, 39.592, 38.994, 39.233, 39.866, 39.817, 39.68, 39.833, 39.338, 38.744, 38.574, 38.763, 39.081, 39.361, 39.545, 39.755, 39.926, 5.123], [7.957, 0.0, 11.811, 21.5, 26.04, 26.994, 26.652, 26.874, 28.127, 29.46, 30.756, 31.944, 32.22, 32.091, 32.827, 33.949, 34.358, 34.204, 34.147, 34.63, 35.231, 35.227, 35.362, 36.637, 38.355, 39.112, 39.277, 39.452, 39.854, 40.267, 40.196, 39.633, 39.274, 39.42, 39.576, 39.465, 39.585, 39.684, 39.591, 39.385, 39.333, 39.489, 39.516, 39.404, 39.33, 39.322, 39.311, 39.297, 39.412, 39.467, 39.41, 39.493, 39.863, 40.095, 39.952, 40.023, 40.213, 40.209, 40.167, 40.271, 40.413, 40.576, 40.769, 40.821, 40.928, 41.158, 41.35, 41.181, 40.579, 40.128, 40.163, 40.372, 40.143, 39.689, 39.432, 39.372, 39.411, 39.259, 39.016, 38.947, 38.947, 38.915, 38.779, 38.521, 38.361, 38.404, 38.271, 38.023, 38.114, 38.333, 38.45, 38.61, 38.671, 38.61, 38.587, 38.501, 38.353, 38.365, 38.474, 38.669, 38.914, 38.851, 38.718, 38.637, 38.67, 38.631, 38.547, 38.877, 39.056, 38.828, 38.609, 38.654, 38.652, 38.746, 38.856, 38.874, 38.901, 38.932, 38.789, 39.093, 39.656, 39.662, 39.517, 39.98, 40.679, 41.005, 41.207, 41.583, 41.715, 41.546, 41.521, 41.553, 41.524, 41.534, 41.678, 41.828, 41.775, 41.658, 41.772, 41.913, 41.913, 41.913, 41.281, 40.412, 39.744, 39.262, 39.459, 39.642, 39.607, 39.443, 39.495, 39.669, 39.942, 40.003, 39.801, 39.893, 40.072, 40.2, 40.124, 39.981, 40.184, 40.503, 40.374, 39.877, 39.994, 40.719, 41.153, 41.02, 40.825, 40.556, 40.292, 40.346, 40.488, 40.476, 40.504, 40.492, 40.334, 40.134, 40.075, 40.177, 40.256, 40.306, 40.316, 40.531, 40.619, 40.411, 40.282, 40.397, 40.377, 39.853, 39.264, 39.47, 40.049, 39.977, 39.84, 40.03, 39.626, 39.107, 38.925, 39.102, 39.458, 39.771, 39.96, 40.17, 40.338, 9.818], [17.779, 11.811, 0.0, 12.1, 18.935, 21.292, 21.939, 22.947, 24.796, 26.77, 28.758, 30.321, 30.716, 30.813, 31.942, 33.311, 33.751, 33.577, 33.655, 34.463, 35.327, 35.451, 35.96, 38.095, 40.61, 41.586, 41.768, 42.114, 42.724, 43.171, 43.149, 42.72, 42.437, 42.561, 42.718, 42.668, 42.764, 42.822, 42.769, 42.597, 42.537, 42.62, 42.517, 42.337, 42.243, 42.231, 42.256, 42.292, 42.405, 42.424, 42.351, 42.39, 42.581, 42.651, 42.476, 42.485, 42.569, 42.589, 42.738, 43.074, 43.351, 43.458, 43.531, 43.482, 43.474, 43.628, 43.814, 43.702, 43.25, 42.96, 43.026, 43.223, 43.003, 42.608, 42.401, 42.397, 42.45, 42.272, 42.075, 42.015, 42.035, 42.071, 41.989, 41.752, 41.544, 41.532, 41.447, 41.236, 41.221, 41.398, 41.573, 41.753, 41.818, 41.84, 41.889, 41.81, 41.673, 41.732, 41.912, 42.144, 42.385, 42.254, 42.072, 41.96, 41.985, 41.965, 41.945, 42.193, 42.255, 41.964, 41.695, 41.651, 41.589, 41.634, 41.625, 41.471, 41.337, 41.24, 41.134, 41.616, 42.247, 42.298, 42.265, 42.709, 43.225, 43.394, 43.516, 43.866, 44.068, 43.996, 44.0, 44.023, 43.986, 43.978, 44.102, 44.272, 44.244, 44.143, 44.238, 44.373, 44.386, 44.436, 43.867, 43.048, 42.518, 42.234, 42.514, 42.684, 42.602, 42.419, 42.456, 42.588, 42.789, 42.834, 42.72, 42.879, 43.031, 43.099, 43.049, 42.96, 43.126, 43.385, 43.262, 42.792, 42.794, 43.342, 43.691, 43.607, 43.491, 43.317, 43.142, 43.166, 43.249, 43.249, 43.266, 43.141, 42.857, 42.585, 42.46, 42.522, 42.625, 42.704, 42.674, 42.786, 42.854, 42.676, 42.555, 42.615, 42.551, 42.116, 41.639, 41.72, 42.134, 42.094, 42.083, 42.352, 42.288, 42.187, 42.08, 42.207, 42.561, 42.876, 43.058, 43.243, 43.366, 18.596], [25.661, 21.5, 12.1, 0.0, 9.693, 15.031, 17.968, 19.962, 22.25, 24.939, 27.759, 29.725, 30.223, 30.533, 32.018, 33.633, 34.159, 34.041, 34.265, 35.34, 36.457, 36.765, 37.591, 40.299, 43.416, 44.646, 44.851, 45.243, 45.931, 46.307, 46.279, 46.016, 45.818, 45.858, 45.939, 45.889, 45.957, 45.981, 45.968, 45.864, 45.817, 45.84, 45.639, 45.392, 45.274, 45.264, 45.294, 45.342, 45.446, 45.453, 45.394, 45.392, 45.393, 45.31, 45.119, 45.069, 45.054, 45.1, 45.442, 46.03, 46.471, 46.567, 46.563, 46.444, 46.289, 46.315, 46.455, 46.356, 46.038, 45.938, 46.035, 46.202, 46.021, 45.724, 45.597, 45.668, 45.748, 45.559, 45.427, 45.383, 45.397, 45.48, 45.449, 45.256, 45.016, 44.927, 44.852, 44.681, 44.575, 44.697, 44.895, 45.089, 45.168, 45.247, 45.319, 45.259, 45.174, 45.263, 45.495, 45.764, 46.007, 45.849, 45.671, 45.57, 45.599, 45.607, 45.632, 45.758, 45.694, 45.344, 45.03, 44.905, 44.794, 44.813, 44.711, 44.441, 44.235, 44.071, 43.997, 44.596, 45.226, 45.29, 45.339, 45.724, 46.05, 46.09, 46.138, 46.409, 46.632, 46.661, 46.708, 46.719, 46.651, 46.604, 46.629, 46.763, 46.765, 46.704, 46.816, 46.949, 46.956, 47.048, 46.575, 45.814, 45.418, 45.355, 45.742, 45.911, 45.797, 45.587, 45.588, 45.691, 45.831, 45.845, 45.785, 45.986, 46.111, 46.134, 46.111, 46.084, 46.272, 46.52, 46.406, 46.01, 45.93, 46.313, 46.57, 46.52, 46.464, 46.338, 46.224, 46.224, 46.228, 46.212, 46.228, 46.027, 45.654, 45.343, 45.185, 45.21, 45.321, 45.42, 45.349, 45.351, 45.389, 45.257, 45.165, 45.189, 45.082, 44.703, 44.315, 44.285, 44.55, 44.537, 44.63, 44.935, 45.17, 45.494, 45.481, 45.543, 45.856, 46.166, 46.351, 46.5, 46.575, 26.086], [29.258, 26.04, 18.935, 9.693, 0.0, 8.331, 14.31, 17.286, 19.656, 22.813, 26.282, 28.49, 29.003, 29.448, 31.194, 33.011, 33.63, 33.573, 33.873, 35.034, 36.265, 36.712, 37.715, 40.685, 44.126, 45.567, 45.829, 46.203, 46.894, 47.259, 47.234, 47.025, 46.841, 46.835, 46.862, 46.769, 46.81, 46.829, 46.816, 46.753, 46.732, 46.731, 46.502, 46.238, 46.117, 46.11, 46.108, 46.109, 46.195, 46.206, 46.153, 46.132, 46.064, 45.947, 45.78, 45.743, 45.706, 45.762, 46.172, 46.84, 47.343, 47.438, 47.411, 47.318, 47.135, 47.076, 47.188, 47.127, 46.883, 46.822, 46.879, 47.02, 46.854, 46.581, 46.484, 46.574, 46.655, 46.467, 46.361, 46.333, 46.35, 46.43, 46.416, 46.269, 46.044, 45.94, 45.863, 45.71, 45.593, 45.704, 45.889, 46.075, 46.168, 46.25, 46.303, 46.266, 46.212, 46.309, 46.551, 46.817, 47.018, 46.841, 46.687, 46.611, 46.658, 46.672, 46.73, 46.882, 46.858, 46.538, 46.165, 45.963, 45.836, 45.868, 45.752, 45.462, 45.265, 45.119, 45.058, 45.657, 46.26, 46.332, 46.402, 46.718, 46.946, 46.948, 46.987, 47.224, 47.42, 47.434, 47.464, 47.467, 47.376, 47.284, 47.244, 47.365, 47.405, 47.418, 47.58, 47.713, 47.686, 47.789, 47.374, 46.645, 46.334, 46.367, 46.791, 46.97, 46.861, 46.648, 46.623, 46.709, 46.825, 46.83, 46.762, 46.94, 47.044, 47.07, 47.07, 47.069, 47.278, 47.529, 47.41, 47.027, 46.89, 47.233, 47.479, 47.425, 47.374, 47.244, 47.165, 47.192, 47.165, 47.133, 47.162, 46.96, 46.568, 46.25, 46.088, 46.108, 46.224, 46.322, 46.229, 46.202, 46.224, 46.102, 46.031, 46.066, 45.973, 45.625, 45.232, 45.117, 45.339, 45.358, 45.474, 45.777, 46.115, 46.598, 46.62, 46.659, 46.938, 47.215, 47.374, 47.498, 47.553, 29.413], [29.951, 26.994, 21.292, 15.031, 8.331, 0.0, 7.928, 12.482, 15.553, 18.976, 22.866, 25.314, 25.833, 26.39, 28.428, 30.499, 31.223, 31.182, 31.5, 32.732, 34.074, 34.61, 35.714, 38.866, 42.55, 44.164, 44.49, 44.9, 45.666, 46.114, 46.13, 45.898, 45.697, 45.713, 45.73, 45.59, 45.624, 45.682, 45.669, 45.608, 45.598, 45.602, 45.397, 45.156, 45.051, 45.046, 45.005, 44.954, 45.029, 45.038, 44.975, 44.976, 44.972, 44.915, 44.77, 44.763, 44.754, 44.789, 45.137, 45.748, 46.239, 46.374, 46.385, 46.329, 46.182, 46.129, 46.236, 46.194, 45.948, 45.843, 45.877, 46.025, 45.856, 45.566, 45.474, 45.564, 45.638, 45.458, 45.337, 45.263, 45.253, 45.321, 45.298, 45.152, 44.942, 44.848, 44.768, 44.615, 44.502, 44.615, 44.776, 44.943, 45.04, 45.089, 45.081, 45.033, 44.985, 45.095, 45.338, 45.603, 45.802, 45.657, 45.531, 45.467, 45.533, 45.532, 45.551, 45.74, 45.785, 45.524, 45.157, 44.945, 44.806, 44.839, 44.737, 44.446, 44.256, 44.134, 44.06, 44.627, 45.238, 45.321, 45.386, 45.695, 45.935, 45.961, 46.021, 46.286, 46.491, 46.478, 46.476, 46.468, 46.384, 46.302, 46.272, 46.38, 46.44, 46.54, 46.763, 46.898, 46.852, 46.938, 46.489, 45.714, 45.374, 45.369, 45.787, 45.978, 45.888, 45.691, 45.656, 45.738, 45.895, 45.939, 45.852, 46.001, 46.108, 46.168, 46.172, 46.145, 46.353, 46.639, 46.534, 46.121, 46.005, 46.439, 46.74, 46.651, 46.559, 46.39, 46.261, 46.27, 46.242, 46.209, 46.249, 46.079, 45.713, 45.402, 45.243, 45.274, 45.391, 45.457, 45.323, 45.306, 45.332, 45.201, 45.151, 45.239, 45.182, 44.801, 44.341, 44.222, 44.49, 44.492, 44.553, 44.831, 45.125, 45.551, 45.561, 45.623, 45.922, 46.18, 46.3, 46.422, 46.494, 30.058], [29.552, 26.652, 21.939, 17.968, 14.31, 7.928, 0.0, 6.248, 11.111, 15.202, 19.38, 22.032, 22.567, 23.198, 25.484, 27.779, 28.598, 28.559, 28.858, 30.121, 31.533, 32.11, 33.247, 36.459, 40.253, 41.991, 42.384, 42.887, 43.827, 44.435, 44.512, 44.257, 44.067, 44.146, 44.173, 43.996, 44.035, 44.134, 44.125, 44.044, 44.029, 44.048, 43.893, 43.68, 43.585, 43.59, 43.549, 43.483, 43.537, 43.529, 43.459, 43.489, 43.577, 43.601, 43.478, 43.503, 43.539, 43.553, 43.811, 44.316, 44.741, 44.893, 44.944, 44.911, 44.805, 44.792, 44.905, 44.853, 44.563, 44.411, 44.447, 44.62, 44.458, 44.162, 44.076, 44.172, 44.243, 44.053, 43.902, 43.782, 43.75, 43.811, 43.772, 43.6, 43.394, 43.322, 43.232, 43.045, 42.931, 43.054, 43.203, 43.355, 43.444, 43.467, 43.415, 43.33, 43.261, 43.376, 43.621, 43.901, 44.138, 44.025, 43.916, 43.866, 43.943, 43.919, 43.888, 44.098, 44.178, 43.937, 43.592, 43.4, 43.258, 43.289, 43.202, 42.916, 42.733, 42.626, 42.526, 43.06, 43.699, 43.794, 43.847, 44.21, 44.53, 44.583, 44.652, 44.96, 45.195, 45.17, 45.149, 45.141, 45.084, 45.042, 45.051, 45.135, 45.184, 45.352, 45.634, 45.783, 45.754, 45.849, 45.356, 44.501, 44.046, 43.914, 44.291, 44.488, 44.406, 44.211, 44.173, 44.26, 44.468, 44.56, 44.472, 44.609, 44.723, 44.805, 44.798, 44.734, 44.933, 45.247, 45.146, 44.691, 44.647, 45.212, 45.556, 45.415, 45.286, 45.106, 44.919, 44.9, 44.891, 44.861, 44.904, 44.765, 44.427, 44.113, 43.948, 43.989, 44.103, 44.124, 43.933, 43.93, 43.978, 43.842, 43.789, 43.912, 43.891, 43.47, 42.969, 42.92, 43.265, 43.237, 43.251, 43.521, 43.7, 43.963, 43.946, 44.056, 44.399, 44.659, 44.753, 44.888, 44.978, 29.702], [29.63, 26.874, 22.947, 19.962, 17.286, 12.482, 6.248, 0.0, 6.372, 12.125, 17.289, 20.242, 20.75, 21.413, 23.885, 26.333, 27.218, 27.188, 27.46, 28.698, 30.124, 30.719, 31.848, 35.009, 38.786, 40.592, 41.042, 41.628, 42.715, 43.446, 43.548, 43.268, 43.108, 43.26, 43.332, 43.151, 43.18, 43.281, 43.273, 43.193, 43.179, 43.205, 43.089, 42.899, 42.798, 42.798, 42.752, 42.673, 42.708, 42.691, 42.624, 42.664, 42.798, 42.881, 42.786, 42.835, 42.902, 42.905, 43.103, 43.541, 43.91, 44.041, 44.101, 44.084, 43.998, 44.004, 44.12, 44.052, 43.733, 43.554, 43.576, 43.765, 43.626, 43.341, 43.265, 43.353, 43.409, 43.214, 43.042, 42.904, 42.866, 42.913, 42.861, 42.678, 42.476, 42.412, 42.304, 42.096, 42.004, 42.139, 42.285, 42.436, 42.528, 42.553, 42.491, 42.381, 42.304, 42.42, 42.657, 42.92, 43.159, 43.061, 42.967, 42.922, 42.992, 42.961, 42.925, 43.158, 43.253, 43.012, 42.67, 42.486, 42.35, 42.391, 42.313, 42.035, 41.872, 41.78, 41.668, 42.201, 42.868, 42.972, 43.013, 43.418, 43.81, 43.892, 43.972, 44.302, 44.529, 44.478, 44.446, 44.436, 44.384, 44.361, 44.386, 44.456, 44.497, 44.679, 44.976, 45.124, 45.115, 45.236, 44.723, 43.824, 43.3, 43.081, 43.424, 43.623, 43.554, 43.368, 43.333, 43.433, 43.673, 43.79, 43.687, 43.792, 43.899, 43.99, 43.976, 43.898, 44.096, 44.42, 44.327, 43.855, 43.82, 44.428, 44.779, 44.605, 44.453, 44.265, 44.05, 44.028, 44.03, 44.001, 44.048, 43.929, 43.618, 43.314, 43.148, 43.19, 43.308, 43.321, 43.113, 43.119, 43.179, 43.036, 42.96, 43.081, 43.079, 42.641, 42.122, 42.125, 42.508, 42.461, 42.459, 42.721, 42.81, 42.977, 42.95, 43.08, 43.439, 43.701, 43.793, 43.939, 44.036, 29.808], [30.689, 28.127, 24.796, 22.25, 19.656, 15.553, 11.111, 6.372, 0.0, 7.563, 14.528, 18.214, 18.74, 19.483, 22.393, 25.152, 26.124, 26.102, 26.377, 27.658, 29.163, 29.79, 30.879, 34.027, 37.901, 39.82, 40.327, 40.98, 42.174, 42.987, 43.111, 42.827, 42.676, 42.874, 43.01, 42.869, 42.898, 42.995, 42.994, 42.914, 42.891, 42.916, 42.828, 42.656, 42.539, 42.514, 42.441, 42.35, 42.399, 42.399, 42.339, 42.388, 42.564, 42.698, 42.62, 42.666, 42.737, 42.734, 42.913, 43.336, 43.67, 43.78, 43.847, 43.849, 43.792, 43.831, 43.953, 43.868, 43.536, 43.347, 43.346, 43.534, 43.423, 43.165, 43.084, 43.136, 43.16, 42.971, 42.788, 42.626, 42.576, 42.605, 42.543, 42.356, 42.16, 42.09, 41.961, 41.754, 41.699, 41.848, 41.987, 42.137, 42.239, 42.268, 42.187, 42.072, 42.025, 42.157, 42.373, 42.589, 42.789, 42.702, 42.625, 42.567, 42.619, 42.581, 42.556, 42.794, 42.886, 42.657, 42.331, 42.168, 42.044, 42.091, 42.02, 41.752, 41.598, 41.519, 41.421, 41.965, 42.629, 42.732, 42.775, 43.2, 43.637, 43.748, 43.835, 44.161, 44.361, 44.277, 44.233, 44.214, 44.15, 44.143, 44.182, 44.245, 44.275, 44.448, 44.754, 44.914, 44.923, 45.044, 44.491, 43.578, 43.045, 42.795, 43.128, 43.337, 43.288, 43.127, 43.093, 43.188, 43.449, 43.594, 43.475, 43.55, 43.649, 43.747, 43.727, 43.635, 43.817, 44.141, 44.06, 43.588, 43.539, 44.151, 44.523, 44.343, 44.169, 43.961, 43.72, 43.698, 43.698, 43.671, 43.726, 43.631, 43.368, 43.106, 42.951, 42.994, 43.112, 43.129, 42.944, 42.968, 43.028, 42.873, 42.78, 42.894, 42.907, 42.455, 41.908, 41.923, 42.3, 42.219, 42.197, 42.442, 42.458, 42.573, 42.547, 42.691, 43.055, 43.315, 43.407, 43.56, 43.673, 30.87], [31.789, 29.46, 26.77, 24.939, 22.813, 18.976, 15.202, 12.125, 7.563, 0.0, 8.457, 13.271, 14.041, 14.991, 18.759, 22.148, 23.317, 23.339, 23.691, 25.159, 26.893, 27.602, 28.632, 31.875, 36.077, 38.245, 38.856, 39.603, 40.983, 41.977, 42.184, 41.933, 41.808, 42.035, 42.23, 42.164, 42.256, 42.399, 42.423, 42.336, 42.29, 42.308, 42.24, 42.084, 41.96, 41.921, 41.83, 41.725, 41.785, 41.802, 41.745, 41.813, 42.06, 42.273, 42.216, 42.264, 42.347, 42.333, 42.477, 42.844, 43.1, 43.194, 43.299, 43.344, 43.335, 43.426, 43.583, 43.505, 43.151, 42.94, 42.938, 43.132, 43.046, 42.81, 42.712, 42.731, 42.737, 42.555, 42.355, 42.153, 42.077, 42.09, 42.014, 41.816, 41.625, 41.562, 41.421, 41.197, 41.154, 41.321, 41.453, 41.592, 41.689, 41.699, 41.588, 41.481, 41.479, 41.622, 41.813, 41.996, 42.173, 42.089, 41.999, 41.92, 41.968, 41.915, 41.871, 42.12, 42.23, 42.041, 41.762, 41.632, 41.514, 41.561, 41.515, 41.265, 41.107, 41.043, 40.945, 41.451, 42.092, 42.186, 42.24, 42.705, 43.206, 43.358, 43.444, 43.749, 43.911, 43.78, 43.712, 43.685, 43.628, 43.652, 43.716, 43.777, 43.786, 43.959, 44.313, 44.517, 44.547, 44.646, 44.022, 43.075, 42.509, 42.188, 42.489, 42.715, 42.679, 42.537, 42.504, 42.579, 42.859, 43.054, 42.958, 43.041, 43.155, 43.262, 43.224, 43.104, 43.269, 43.606, 43.535, 43.04, 43.022, 43.696, 44.125, 43.95, 43.748, 43.516, 43.264, 43.242, 43.234, 43.2, 43.253, 43.187, 42.979, 42.76, 42.616, 42.651, 42.762, 42.777, 42.61, 42.659, 42.721, 42.552, 42.459, 42.602, 42.652, 42.188, 41.6, 41.632, 42.026, 41.907, 41.839, 42.061, 41.978, 41.973, 41.929, 42.118, 42.513, 42.779, 42.861, 43.019, 43.154, 31.967], [32.839, 30.756, 28.758, 27.759, 26.282, 22.866, 19.38, 17.289, 14.528, 8.457, 0.0, 5.692, 7.197, 8.66, 13.358, 17.441, 18.955, 19.144, 19.696, 21.459, 23.521, 24.407, 25.439, 28.833, 33.452, 35.959, 36.715, 37.557, 39.136, 40.372, 40.718, 40.555, 40.519, 40.791, 41.061, 41.167, 41.46, 41.699, 41.756, 41.683, 41.627, 41.643, 41.597, 41.468, 41.365, 41.338, 41.249, 41.114, 41.143, 41.157, 41.098, 41.163, 41.456, 41.746, 41.728, 41.794, 41.902, 41.882, 41.973, 42.237, 42.367, 42.444, 42.592, 42.654, 42.661, 42.772, 42.945, 42.864, 42.48, 42.25, 42.272, 42.483, 42.403, 42.177, 42.092, 42.106, 42.11, 41.93, 41.716, 41.501, 41.427, 41.439, 41.354, 41.147, 40.972, 40.933, 40.786, 40.529, 40.482, 40.667, 40.79, 40.903, 40.971, 40.951, 40.839, 40.755, 40.768, 40.892, 41.057, 41.226, 41.404, 41.327, 41.23, 41.145, 41.209, 41.147, 41.055, 41.301, 41.456, 41.309, 41.051, 40.927, 40.817, 40.877, 40.862, 40.64, 40.495, 40.445, 40.333, 40.791, 41.425, 41.507, 41.555, 42.068, 42.638, 42.83, 42.93, 43.235, 43.367, 43.168, 43.052, 43.019, 42.972, 43.008, 43.086, 43.139, 43.139, 43.349, 43.782, 44.044, 44.101, 44.171, 43.487, 42.49, 41.837, 41.385, 41.618, 41.838, 41.807, 41.678, 41.654, 41.699, 41.964, 42.183, 42.113, 42.222, 42.369, 42.509, 42.475, 42.332, 42.479, 42.829, 42.764, 42.244, 42.298, 43.06, 43.522, 43.336, 43.129, 42.918, 42.703, 42.713, 42.707, 42.654, 42.7, 42.664, 42.491, 42.291, 42.155, 42.188, 42.289, 42.294, 42.136, 42.2, 42.254, 42.073, 41.998, 42.185, 42.253, 41.759, 41.16, 41.238, 41.657, 41.517, 41.389, 41.563, 41.387, 41.259, 41.197, 41.44, 41.887, 42.159, 42.219, 42.38, 42.522, 33.046], [33.903, 31.944, 30.321, 29.725, 28.49, 25.314, 22.032, 20.242, 18.214, 13.271, 5.692, 0.0, 2.722, 5.538, 10.538, 14.674, 16.366, 16.724, 17.401, 19.3, 21.547, 22.613, 23.752, 27.247, 32.057, 34.754, 35.609, 36.5, 38.161, 39.527, 39.963, 39.878, 39.934, 40.246, 40.554, 40.768, 41.211, 41.521, 41.604, 41.547, 41.498, 41.526, 41.5, 41.395, 41.316, 41.308, 41.229, 41.072, 41.059, 41.06, 41.003, 41.052, 41.342, 41.666, 41.684, 41.765, 41.89, 41.869, 41.925, 42.125, 42.186, 42.249, 42.398, 42.444, 42.439, 42.542, 42.712, 42.621, 42.228, 42.006, 42.045, 42.263, 42.177, 41.952, 41.882, 41.903, 41.906, 41.725, 41.506, 41.306, 41.251, 41.269, 41.184, 40.984, 40.827, 40.801, 40.65, 40.382, 40.335, 40.522, 40.634, 40.727, 40.777, 40.745, 40.651, 40.594, 40.614, 40.715, 40.854, 41.006, 41.179, 41.116, 41.04, 40.969, 41.049, 40.986, 40.861, 41.095, 41.278, 41.15, 40.889, 40.749, 40.631, 40.694, 40.696, 40.497, 40.365, 40.322, 40.205, 40.647, 41.275, 41.35, 41.388, 41.91, 42.5, 42.706, 42.813, 43.118, 43.239, 43.007, 42.86, 42.822, 42.779, 42.809, 42.872, 42.904, 42.904, 43.146, 43.618, 43.9, 43.963, 44.017, 43.325, 42.324, 41.631, 41.111, 41.301, 41.503, 41.479, 41.371, 41.36, 41.382, 41.623, 41.842, 41.781, 41.894, 42.059, 42.23, 42.216, 42.059, 42.181, 42.526, 42.464, 41.941, 42.016, 42.802, 43.266, 43.071, 42.868, 42.689, 42.527, 42.574, 42.574, 42.514, 42.565, 42.552, 42.397, 42.205, 42.073, 42.104, 42.2, 42.199, 42.045, 42.122, 42.175, 41.992, 41.925, 42.12, 42.176, 41.669, 41.08, 41.173, 41.587, 41.437, 41.283, 41.427, 41.226, 41.077, 41.014, 41.276, 41.747, 42.016, 42.062, 42.225, 42.365, 34.141], [34.147, 32.22, 30.716, 30.223, 29.003, 25.833, 22.567, 20.75, 18.74, 14.041, 7.197, 2.722, 0.0, 4.205, 9.929, 14.166, 15.834, 16.169, 16.796, 18.673, 20.951, 22.052, 23.211, 26.747, 31.612, 34.346, 35.219, 36.123, 37.805, 39.205, 39.661, 39.593, 39.67, 39.99, 40.292, 40.498, 40.952, 41.282, 41.38, 41.332, 41.29, 41.32, 41.305, 41.213, 41.141, 41.137, 41.059, 40.901, 40.882, 40.878, 40.815, 40.858, 41.15, 41.494, 41.533, 41.634, 41.775, 41.75, 41.788, 41.972, 42.03, 42.103, 42.256, 42.305, 42.303, 42.411, 42.592, 42.501, 42.102, 41.875, 41.913, 42.127, 42.037, 41.811, 41.737, 41.751, 41.754, 41.578, 41.355, 41.15, 41.101, 41.118, 41.033, 40.834, 40.674, 40.641, 40.483, 40.214, 40.168, 40.346, 40.443, 40.529, 40.578, 40.544, 40.451, 40.403, 40.427, 40.523, 40.655, 40.802, 40.969, 40.907, 40.842, 40.779, 40.863, 40.799, 40.669, 40.908, 41.099, 40.978, 40.718, 40.578, 40.46, 40.52, 40.528, 40.342, 40.221, 40.186, 40.067, 40.494, 41.113, 41.181, 41.214, 41.733, 42.321, 42.526, 42.632, 42.937, 43.053, 42.815, 42.666, 42.63, 42.592, 42.625, 42.678, 42.703, 42.711, 42.959, 43.439, 43.724, 43.78, 43.822, 43.121, 42.112, 41.423, 40.904, 41.093, 41.29, 41.266, 41.163, 41.159, 41.179, 41.42, 41.645, 41.585, 41.688, 41.844, 42.018, 42.005, 41.845, 41.962, 42.307, 42.24, 41.708, 41.786, 42.594, 43.072, 42.875, 42.669, 42.492, 42.339, 42.398, 42.401, 42.341, 42.396, 42.393, 42.248, 42.062, 41.932, 41.962, 42.055, 42.051, 41.899, 41.985, 42.045, 41.867, 41.799, 41.986, 42.032, 41.514, 40.922, 41.021, 41.44, 41.284, 41.125, 41.265, 41.055, 40.901, 40.837, 41.102, 41.572, 41.839, 41.886, 42.055, 42.199, 34.387], [33.941, 32.091, 30.813, 30.533, 29.448, 26.39, 23.198, 21.413, 19.483, 14.991, 8.66, 5.538, 4.205, 0.0, 6.677, 11.819, 13.871, 14.19, 14.796, 16.869, 19.38, 20.532, 21.613, 25.19, 30.224, 33.084, 34.011, 34.947, 36.679, 38.133, 38.609, 38.54, 38.623, 38.956, 39.276, 39.519, 40.02, 40.37, 40.473, 40.469, 40.472, 40.532, 40.543, 40.47, 40.415, 40.421, 40.331, 40.149, 40.128, 40.128, 40.056, 40.097, 40.419, 40.792, 40.845, 40.975, 41.146, 41.114, 41.112, 41.248, 41.272, 41.36, 41.55, 41.621, 41.633, 41.757, 41.948, 41.837, 41.394, 41.142, 41.179, 41.384, 41.279, 41.05, 40.995, 41.013, 41.019, 40.846, 40.611, 40.392, 40.339, 40.351, 40.253, 40.039, 39.882, 39.851, 39.683, 39.409, 39.377, 39.552, 39.625, 39.7, 39.744, 39.694, 39.586, 39.541, 39.568, 39.665, 39.796, 39.948, 40.121, 40.067, 39.994, 39.923, 40.015, 39.952, 39.809, 40.069, 40.294, 40.191, 39.934, 39.807, 39.702, 39.76, 39.771, 39.605, 39.501, 39.478, 39.356, 39.761, 40.38, 40.442, 40.454, 40.979, 41.595, 41.817, 41.942, 42.266, 42.377, 42.126, 41.978, 41.945, 41.914, 41.962, 42.027, 42.057, 42.071, 42.338, 42.846, 43.144, 43.203, 43.231, 42.482, 41.398, 40.649, 40.101, 40.301, 40.503, 40.481, 40.392, 40.41, 40.441, 40.689, 40.913, 40.832, 40.912, 41.064, 41.252, 41.233, 41.044, 41.154, 41.517, 41.449, 40.906, 41.054, 41.945, 42.444, 42.223, 42.009, 41.827, 41.66, 41.718, 41.72, 41.652, 41.707, 41.711, 41.573, 41.393, 41.275, 41.32, 41.418, 41.41, 41.241, 41.32, 41.378, 41.199, 41.145, 41.368, 41.442, 40.911, 40.293, 40.407, 40.849, 40.682, 40.499, 40.634, 40.381, 40.158, 40.077, 40.355, 40.841, 41.114, 41.164, 41.336, 41.487, 34.197], [34.505, 32.827, 31.942, 32.018, 31.194, 28.428, 25.484, 23.885, 22.393, 18.759, 13.358, 10.538, 9.929, 6.677, 0.0, 6.166, 9.356, 10.127, 10.879, 13.496, 16.584, 17.965, 19.029, 22.683, 27.982, 31.106, 32.172, 33.174, 34.996, 36.558, 37.085, 37.036, 37.166, 37.56, 37.952, 38.337, 39.025, 39.441, 39.542, 39.61, 39.728, 39.865, 39.919, 39.874, 39.863, 39.904, 39.819, 39.61, 39.561, 39.562, 39.498, 39.54, 39.894, 40.311, 40.378, 40.527, 40.73, 40.682, 40.601, 40.632, 40.563, 40.638, 40.856, 40.936, 40.949, 41.088, 41.277, 41.118, 40.612, 40.343, 40.396, 40.595, 40.466, 40.236, 40.228, 40.273, 40.276, 40.093, 39.844, 39.615, 39.551, 39.559, 39.448, 39.221, 39.088, 39.074, 38.902, 38.639, 38.634, 38.806, 38.851, 38.908, 38.941, 38.875, 38.765, 38.742, 38.78, 38.871, 38.977, 39.092, 39.245, 39.205, 39.144, 39.075, 39.183, 39.131, 38.968, 39.227, 39.482, 39.404, 39.148, 39.02, 38.908, 38.958, 38.974, 38.832, 38.751, 38.738, 38.622, 39.023, 39.644, 39.693, 39.681, 40.224, 40.886, 41.137, 41.285, 41.627, 41.736, 41.472, 41.313, 41.275, 41.252, 41.315, 41.397, 41.417, 41.426, 41.725, 42.275, 42.589, 42.657, 42.677, 41.895, 40.741, 39.899, 39.289, 39.477, 39.672, 39.669, 39.615, 39.677, 39.726, 39.974, 40.185, 40.079, 40.139, 40.317, 40.543, 40.52, 40.288, 40.371, 40.752, 40.699, 40.142, 40.324, 41.262, 41.76, 41.51, 41.285, 41.114, 40.952, 41.02, 41.032, 40.961, 41.016, 41.029, 40.901, 40.734, 40.635, 40.696, 40.802, 40.792, 40.598, 40.67, 40.733, 40.567, 40.542, 40.818, 40.926, 40.396, 39.778, 39.903, 40.351, 40.184, 39.969, 40.071, 39.756, 39.464, 39.375, 39.662, 40.157, 40.416, 40.453, 40.621, 40.774, 34.808], [35.491, 33.949, 33.311, 33.633, 33.011, 30.499, 27.779, 26.333, 25.152, 22.148, 17.441, 14.674, 14.166, 11.819, 6.166, 0.0, 4.385, 6.416, 7.872, 10.985, 14.507, 16.125, 17.297, 21.05, 26.52, 29.873, 31.084, 32.162, 34.084, 35.75, 36.32, 36.283, 36.461, 36.924, 37.38, 37.87, 38.711, 39.193, 39.297, 39.404, 39.597, 39.791, 39.878, 39.85, 39.866, 39.938, 39.875, 39.665, 39.598, 39.603, 39.547, 39.581, 39.935, 40.359, 40.423, 40.579, 40.791, 40.717, 40.57, 40.532, 40.411, 40.479, 40.721, 40.82, 40.832, 40.974, 41.164, 40.989, 40.453, 40.17, 40.229, 40.433, 40.302, 40.072, 40.081, 40.133, 40.119, 39.924, 39.667, 39.426, 39.351, 39.363, 39.257, 39.038, 38.923, 38.912, 38.74, 38.505, 38.53, 38.702, 38.736, 38.781, 38.813, 38.758, 38.66, 38.654, 38.709, 38.803, 38.867, 38.91, 39.002, 38.957, 38.923, 38.877, 38.995, 38.949, 38.784, 39.022, 39.264, 39.19, 38.944, 38.812, 38.686, 38.728, 38.74, 38.608, 38.545, 38.547, 38.451, 38.87, 39.493, 39.539, 39.529, 40.088, 40.764, 41.014, 41.157, 41.497, 41.615, 41.36, 41.198, 41.16, 41.158, 41.236, 41.313, 41.295, 41.288, 41.61, 42.18, 42.495, 42.575, 42.604, 41.835, 40.706, 39.842, 39.178, 39.316, 39.5, 39.518, 39.481, 39.558, 39.614, 39.857, 40.067, 39.966, 40.029, 40.228, 40.465, 40.429, 40.186, 40.259, 40.639, 40.599, 40.023, 40.124, 41.011, 41.495, 41.253, 41.024, 40.861, 40.71, 40.808, 40.847, 40.784, 40.832, 40.836, 40.702, 40.539, 40.44, 40.494, 40.601, 40.594, 40.389, 40.454, 40.537, 40.398, 40.401, 40.703, 40.828, 40.317, 39.737, 39.877, 40.327, 40.176, 39.947, 39.997, 39.629, 39.32, 39.235, 39.513, 40.001, 40.241, 40.263, 40.427, 40.575, 35.82], [35.885, 34.358, 33.751, 34.159, 33.63, 31.223, 28.598, 27.218, 26.124, 23.317, 18.955, 16.366, 15.834, 13.871, 9.356, 4.385, 0.0, 3.363, 6.3, 9.893, 13.464, 15.163, 16.511, 20.422, 26.008, 29.491, 30.793, 31.942, 33.955, 35.686, 36.266, 36.218, 36.403, 36.9, 37.386, 37.886, 38.74, 39.24, 39.359, 39.479, 39.677, 39.872, 39.965, 39.944, 39.961, 40.044, 39.991, 39.779, 39.708, 39.712, 39.655, 39.685, 40.034, 40.448, 40.508, 40.67, 40.883, 40.791, 40.619, 40.56, 40.43, 40.502, 40.773, 40.901, 40.918, 41.056, 41.249, 41.084, 40.55, 40.258, 40.309, 40.518, 40.391, 40.157, 40.155, 40.196, 40.165, 39.968, 39.721, 39.479, 39.397, 39.405, 39.302, 39.095, 38.987, 38.973, 38.797, 38.578, 38.624, 38.8, 38.834, 38.871, 38.907, 38.872, 38.776, 38.753, 38.813, 38.919, 38.976, 38.993, 39.059, 38.996, 38.958, 38.922, 39.043, 38.989, 38.823, 39.055, 39.287, 39.215, 38.983, 38.856, 38.736, 38.781, 38.785, 38.646, 38.588, 38.604, 38.534, 38.979, 39.617, 39.673, 39.67, 40.227, 40.895, 41.132, 41.262, 41.602, 41.744, 41.51, 41.356, 41.326, 41.34, 41.424, 41.486, 41.438, 41.419, 41.748, 42.325, 42.635, 42.717, 42.751, 41.992, 40.902, 40.054, 39.345, 39.425, 39.603, 39.62, 39.556, 39.607, 39.659, 39.906, 40.124, 40.035, 40.106, 40.302, 40.524, 40.479, 40.251, 40.335, 40.706, 40.666, 40.098, 40.161, 41.015, 41.499, 41.277, 41.053, 40.879, 40.714, 40.843, 40.901, 40.844, 40.885, 40.873, 40.729, 40.562, 40.46, 40.508, 40.617, 40.615, 40.4, 40.435, 40.516, 40.39, 40.401, 40.717, 40.854, 40.353, 39.806, 39.977, 40.449, 40.301, 40.053, 40.069, 39.667, 39.335, 39.233, 39.503, 39.996, 40.236, 40.256, 40.419, 40.557, 36.208], [35.781, 34.204, 33.577, 34.041, 33.573, 31.182, 28.559, 27.188, 26.102, 23.339, 19.144, 16.724, 16.169, 14.19, 10.127, 6.416, 3.363, 0.0, 4.166, 8.816, 12.751, 14.478, 15.908, 19.987, 25.681, 29.215, 30.553, 31.743, 33.798, 35.548, 36.119, 36.051, 36.22, 36.724, 37.222, 37.704, 38.536, 39.05, 39.182, 39.316, 39.531, 39.726, 39.817, 39.8, 39.818, 39.901, 39.847, 39.629, 39.553, 39.557, 39.506, 39.548, 39.919, 40.347, 40.405, 40.57, 40.789, 40.695, 40.515, 40.446, 40.304, 40.37, 40.641, 40.765, 40.781, 40.924, 41.113, 40.94, 40.396, 40.104, 40.166, 40.381, 40.246, 40.005, 40.01, 40.057, 40.026, 39.83, 39.584, 39.348, 39.27, 39.267, 39.152, 38.932, 38.823, 38.813, 38.626, 38.391, 38.446, 38.628, 38.657, 38.69, 38.731, 38.704, 38.608, 38.572, 38.626, 38.729, 38.794, 38.832, 38.921, 38.857, 38.807, 38.768, 38.89, 38.827, 38.645, 38.895, 39.149, 39.095, 38.873, 38.75, 38.639, 38.693, 38.701, 38.559, 38.489, 38.507, 38.455, 38.917, 39.566, 39.624, 39.609, 40.162, 40.845, 41.094, 41.223, 41.574, 41.731, 41.491, 41.332, 41.307, 41.319, 41.391, 41.452, 41.408, 41.386, 41.709, 42.284, 42.588, 42.663, 42.695, 41.925, 40.817, 39.953, 39.233, 39.311, 39.489, 39.493, 39.412, 39.451, 39.507, 39.763, 39.981, 39.884, 39.949, 40.133, 40.346, 40.304, 40.086, 40.175, 40.544, 40.5, 39.938, 40.036, 40.934, 41.443, 41.222, 40.994, 40.806, 40.626, 40.759, 40.817, 40.758, 40.805, 40.806, 40.677, 40.523, 40.429, 40.482, 40.591, 40.59, 40.369, 40.381, 40.453, 40.322, 40.331, 40.654, 40.797, 40.288, 39.731, 39.907, 40.386, 40.222, 39.962, 39.985, 39.568, 39.192, 39.063, 39.336, 39.841, 40.088, 40.107, 40.276, 40.415, 36.079], [35.722, 34.147, 33.655, 34.265, 33.873, 31.5, 28.858, 27.46, 26.377, 23.691, 19.696, 17.401, 16.796, 14.796, 10.879, 7.872, 6.3, 4.166, 0.0, 5.717, 10.605, 12.714, 14.152, 18.392, 24.338, 27.99, 29.366, 30.611, 32.776, 34.607, 35.183, 35.101, 35.274, 35.781, 36.278, 36.754, 37.596, 38.14, 38.282, 38.441, 38.721, 38.96, 39.066, 39.061, 39.096, 39.196, 39.148, 38.913, 38.82, 38.82, 38.772, 38.834, 39.261, 39.736, 39.798, 39.976, 40.226, 40.131, 39.909, 39.787, 39.615, 39.686, 39.952, 40.063, 40.092, 40.259, 40.458, 40.271, 39.687, 39.372, 39.447, 39.676, 39.526, 39.279, 39.298, 39.342, 39.314, 39.122, 38.853, 38.601, 38.541, 38.54, 38.407, 38.169, 38.07, 38.071, 37.865, 37.614, 37.693, 37.887, 37.903, 37.939, 37.986, 37.944, 37.84, 37.807, 37.844, 37.929, 37.982, 38.018, 38.119, 38.075, 38.05, 38.03, 38.154, 38.084, 37.889, 38.182, 38.487, 38.464, 38.243, 38.111, 38.005, 38.083, 38.118, 37.994, 37.92, 37.934, 37.871, 38.322, 38.982, 39.031, 39.004, 39.583, 40.316, 40.595, 40.738, 41.114, 41.272, 41.0, 40.818, 40.792, 40.805, 40.873, 40.931, 40.889, 40.877, 41.207, 41.788, 42.089, 42.157, 42.199, 41.419, 40.256, 39.324, 38.55, 38.63, 38.816, 38.822, 38.755, 38.813, 38.879, 39.152, 39.375, 39.263, 39.318, 39.507, 39.732, 39.689, 39.466, 39.571, 39.963, 39.907, 39.29, 39.417, 40.402, 40.945, 40.689, 40.44, 40.244, 40.047, 40.176, 40.24, 40.178, 40.232, 40.268, 40.178, 40.049, 39.973, 40.032, 40.128, 40.109, 39.878, 39.901, 39.98, 39.847, 39.853, 40.18, 40.316, 39.772, 39.174, 39.351, 39.822, 39.622, 39.351, 39.398, 38.944, 38.507, 38.372, 38.658, 39.175, 39.43, 39.455, 39.631, 39.787, 36.001], [36.126, 34.63, 34.463, 35.34, 35.034, 32.732, 30.121, 28.698, 27.658, 25.159, 21.459, 19.3, 18.673, 16.869, 13.496, 10.985, 9.893, 8.816, 5.717, 0.0, 5.767, 8.905, 10.796, 15.302, 21.635, 25.597, 27.128, 28.533, 30.97, 33.036, 33.672, 33.595, 33.828, 34.37, 34.87, 35.365, 36.259, 36.829, 36.976, 37.181, 37.536, 37.828, 37.963, 37.977, 38.038, 38.17, 38.129, 37.869, 37.744, 37.735, 37.677, 37.737, 38.216, 38.744, 38.822, 39.033, 39.324, 39.223, 38.93, 38.705, 38.49, 38.591, 38.888, 39.013, 39.073, 39.269, 39.486, 39.292, 38.661, 38.311, 38.383, 38.622, 38.457, 38.194, 38.223, 38.254, 38.2, 38.008, 37.729, 37.469, 37.434, 37.442, 37.301, 37.076, 37.026, 37.06, 36.833, 36.577, 36.713, 36.935, 36.934, 36.967, 37.019, 36.947, 36.832, 36.808, 36.834, 36.896, 36.903, 36.894, 36.983, 36.959, 36.975, 36.995, 37.124, 37.048, 36.841, 37.17, 37.536, 37.56, 37.333, 37.182, 37.083, 37.194, 37.272, 37.183, 37.134, 37.164, 37.063, 37.469, 38.153, 38.204, 38.163, 38.769, 39.555, 39.868, 40.041, 40.441, 40.59, 40.291, 40.095, 40.076, 40.115, 40.209, 40.246, 40.158, 40.145, 40.515, 41.131, 41.431, 41.478, 41.522, 40.762, 39.57, 38.525, 37.591, 37.587, 37.769, 37.789, 37.735, 37.806, 37.892, 38.191, 38.429, 38.308, 38.369, 38.601, 38.873, 38.827, 38.599, 38.748, 39.18, 39.105, 38.412, 38.55, 39.641, 40.22, 39.913, 39.641, 39.44, 39.208, 39.333, 39.423, 39.351, 39.396, 39.457, 39.394, 39.281, 39.223, 39.291, 39.372, 39.31, 39.036, 39.078, 39.182, 39.041, 39.034, 39.368, 39.499, 38.907, 38.276, 38.497, 38.984, 38.745, 38.442, 38.483, 37.941, 37.44, 37.332, 37.637, 38.174, 38.449, 38.484, 38.667, 38.848, 36.404], [36.648, 35.231, 35.327, 36.457, 36.265, 34.074, 31.533, 30.124, 29.163, 26.893, 23.521, 21.547, 20.951, 19.38, 16.584, 14.507, 13.464, 12.751, 10.605, 5.767, 0.0, 4.341, 7.696, 12.877, 19.359, 23.552, 25.306, 26.932, 29.642, 31.955, 32.671, 32.615, 32.918, 33.504, 34.01, 34.537, 35.496, 36.082, 36.22, 36.473, 36.881, 37.195, 37.339, 37.367, 37.442, 37.592, 37.564, 37.308, 37.175, 37.166, 37.103, 37.156, 37.649, 38.192, 38.282, 38.523, 38.837, 38.723, 38.379, 38.079, 37.832, 37.954, 38.29, 38.436, 38.52, 38.743, 38.972, 38.773, 38.123, 37.762, 37.828, 38.06, 37.881, 37.607, 37.65, 37.68, 37.591, 37.392, 37.138, 36.893, 36.867, 36.882, 36.75, 36.548, 36.541, 36.603, 36.367, 36.109, 36.284, 36.53, 36.518, 36.541, 36.602, 36.529, 36.417, 36.388, 36.402, 36.448, 36.425, 36.39, 36.478, 36.462, 36.485, 36.532, 36.661, 36.584, 36.37, 36.702, 37.101, 37.154, 36.923, 36.775, 36.695, 36.825, 36.924, 36.856, 36.827, 36.877, 36.754, 37.124, 37.822, 37.879, 37.825, 38.427, 39.225, 39.554, 39.749, 40.153, 40.29, 39.998, 39.81, 39.801, 39.867, 39.985, 40.005, 39.873, 39.85, 40.246, 40.883, 41.167, 41.183, 41.212, 40.491, 39.322, 38.204, 37.126, 37.016, 37.175, 37.2, 37.137, 37.204, 37.307, 37.618, 37.862, 37.75, 37.826, 38.094, 38.403, 38.359, 38.142, 38.33, 38.78, 38.693, 37.971, 38.102, 39.243, 39.846, 39.515, 39.238, 39.048, 38.791, 38.912, 39.018, 38.941, 38.968, 39.023, 38.957, 38.839, 38.784, 38.86, 38.934, 38.83, 38.5, 38.551, 38.681, 38.529, 38.508, 38.846, 38.973, 38.357, 37.73, 38.005, 38.532, 38.294, 37.97, 37.991, 37.393, 36.861, 36.775, 37.09, 37.65, 37.946, 37.996, 38.186, 38.388, 36.916], [36.603, 35.227, 35.451, 36.765, 36.712, 34.61, 32.11, 30.719, 29.79, 27.602, 24.407, 22.613, 22.052, 20.532, 17.965, 16.125, 15.163, 14.478, 12.714, 8.905, 4.341, 0.0, 4.877, 11.349, 18.212, 22.491, 24.321, 26.075, 28.961, 31.4, 32.147, 32.098, 32.423, 33.021, 33.541, 34.102, 35.113, 35.711, 35.835, 36.105, 36.547, 36.869, 37.005, 37.037, 37.111, 37.259, 37.247, 37.037, 36.944, 36.947, 36.886, 36.95, 37.469, 38.009, 38.082, 38.341, 38.677, 38.556, 38.185, 37.848, 37.573, 37.693, 38.055, 38.215, 38.311, 38.553, 38.794, 38.594, 37.938, 37.574, 37.645, 37.876, 37.688, 37.406, 37.469, 37.512, 37.409, 37.202, 36.952, 36.709, 36.682, 36.699, 36.57, 36.37, 36.369, 36.437, 36.197, 35.936, 36.116, 36.364, 36.343, 36.357, 36.424, 36.357, 36.228, 36.18, 36.194, 36.249, 36.234, 36.207, 36.303, 36.282, 36.287, 36.334, 36.457, 36.38, 36.166, 36.5, 36.908, 36.962, 36.734, 36.607, 36.541, 36.672, 36.776, 36.714, 36.684, 36.738, 36.609, 36.969, 37.679, 37.734, 37.674, 38.289, 39.094, 39.423, 39.632, 40.044, 40.179, 39.897, 39.717, 39.709, 39.783, 39.914, 39.939, 39.794, 39.76, 40.152, 40.787, 41.06, 41.063, 41.084, 40.376, 39.218, 38.078, 36.949, 36.807, 36.956, 36.975, 36.903, 36.962, 37.067, 37.384, 37.629, 37.519, 37.601, 37.873, 38.185, 38.139, 37.934, 38.132, 38.579, 38.484, 37.752, 37.879, 39.037, 39.649, 39.307, 39.03, 38.857, 38.6, 38.724, 38.835, 38.757, 38.772, 38.808, 38.727, 38.6, 38.538, 38.61, 38.683, 38.566, 38.209, 38.279, 38.431, 38.264, 38.226, 38.57, 38.7, 38.081, 37.463, 37.764, 38.326, 38.114, 37.795, 37.808, 37.185, 36.62, 36.526, 36.843, 37.425, 37.734, 37.793, 37.992, 38.206, 36.843], [36.522, 35.362, 35.96, 37.591, 37.715, 35.714, 33.247, 31.848, 30.879, 28.632, 25.439, 23.752, 23.211, 21.613, 19.029, 17.297, 16.511, 15.908, 14.152, 10.796, 7.696, 4.877, 0.0, 7.592, 15.647, 20.553, 22.503, 24.342, 27.481, 30.088, 30.864, 30.861, 31.252, 31.877, 32.439, 33.094, 34.211, 34.838, 34.949, 35.23, 35.712, 36.063, 36.232, 36.283, 36.359, 36.5, 36.482, 36.287, 36.232, 36.257, 36.195, 36.286, 36.895, 37.482, 37.549, 37.834, 38.218, 38.102, 37.682, 37.26, 36.891, 36.998, 37.391, 37.571, 37.684, 37.941, 38.186, 37.968, 37.265, 36.863, 36.949, 37.198, 37.003, 36.695, 36.751, 36.792, 36.689, 36.487, 36.213, 35.978, 35.972, 35.977, 35.833, 35.63, 35.661, 35.756, 35.512, 35.25, 35.454, 35.707, 35.677, 35.688, 35.751, 35.643, 35.465, 35.398, 35.416, 35.475, 35.448, 35.395, 35.469, 35.447, 35.455, 35.496, 35.617, 35.537, 35.301, 35.649, 36.087, 36.171, 35.975, 35.885, 35.828, 35.958, 36.095, 36.072, 36.056, 36.133, 35.988, 36.294, 36.995, 37.037, 36.954, 37.612, 38.498, 38.879, 39.132, 39.581, 39.713, 39.409, 39.216, 39.189, 39.263, 39.429, 39.477, 39.305, 39.242, 39.635, 40.298, 40.579, 40.577, 40.598, 39.875, 38.692, 37.49, 36.266, 36.083, 36.242, 36.282, 36.218, 36.27, 36.374, 36.707, 36.952, 36.808, 36.878, 37.17, 37.502, 37.447, 37.235, 37.447, 37.908, 37.805, 37.049, 37.217, 38.432, 39.063, 38.703, 38.412, 38.236, 37.976, 38.119, 38.255, 38.173, 38.174, 38.224, 38.171, 38.066, 38.016, 38.095, 38.17, 38.053, 37.688, 37.771, 37.929, 37.752, 37.709, 38.079, 38.232, 37.605, 36.99, 37.34, 37.938, 37.712, 37.356, 37.329, 36.576, 35.861, 35.728, 36.057, 36.653, 36.968, 37.023, 37.233, 37.468, 36.774], [37.312, 36.637, 38.095, 40.299, 40.685, 38.866, 36.459, 35.009, 34.027, 31.875, 28.833, 27.247, 26.747, 25.19, 22.683, 21.05, 20.422, 19.987, 18.392, 15.302, 12.877, 11.349, 7.592, 0.0, 9.391, 15.821, 18.426, 20.568, 24.231, 27.287, 28.212, 28.356, 28.962, 29.72, 30.392, 31.232, 32.582, 33.284, 33.369, 33.669, 34.208, 34.614, 34.87, 34.978, 35.078, 35.238, 35.212, 34.973, 34.903, 34.959, 34.908, 35.019, 35.751, 36.432, 36.512, 36.85, 37.321, 37.209, 36.67, 36.038, 35.456, 35.548, 36.026, 36.254, 36.415, 36.702, 36.941, 36.682, 35.871, 35.372, 35.449, 35.719, 35.536, 35.207, 35.23, 35.231, 35.116, 34.927, 34.626, 34.432, 34.471, 34.447, 34.281, 34.096, 34.212, 34.374, 34.124, 33.866, 34.131, 34.393, 34.333, 34.34, 34.387, 34.201, 33.977, 33.911, 33.925, 33.961, 33.881, 33.746, 33.76, 33.773, 33.826, 33.872, 33.992, 33.918, 33.637, 34.0, 34.514, 34.677, 34.574, 34.583, 34.562, 34.703, 34.925, 34.999, 35.043, 35.195, 35.022, 35.16, 35.803, 35.823, 35.672, 36.37, 37.435, 37.973, 38.322, 38.819, 38.914, 38.559, 38.344, 38.286, 38.363, 38.604, 38.677, 38.414, 38.254, 38.632, 39.352, 39.647, 39.631, 39.639, 38.913, 37.737, 36.416, 34.942, 34.609, 34.77, 34.873, 34.844, 34.889, 35.002, 35.368, 35.614, 35.401, 35.434, 35.769, 36.142, 36.065, 35.834, 36.081, 36.572, 36.451, 35.654, 35.898, 37.231, 37.92, 37.537, 37.201, 36.99, 36.7, 36.885, 37.073, 36.98, 36.977, 37.116, 37.177, 37.154, 37.164, 37.285, 37.374, 37.241, 36.836, 36.895, 37.048, 36.875, 36.867, 37.321, 37.525, 36.873, 36.272, 36.748, 37.404, 37.119, 36.651, 36.507, 35.455, 34.418, 34.22, 34.577, 35.201, 35.526, 35.572, 35.791, 36.078, 37.678], [38.635, 38.355, 40.61, 43.416, 44.126, 42.55, 40.253, 38.786, 37.901, 36.077, 33.452, 32.057, 31.612, 30.224, 27.982, 26.52, 26.008, 25.681, 24.338, 21.635, 19.359, 18.212, 15.647, 9.391, 0.0, 8.065, 12.223, 15.358, 19.923, 23.721, 24.977, 25.381, 26.383, 27.428, 28.277, 29.303, 30.889, 31.671, 31.725, 32.065, 32.675, 33.133, 33.475, 33.668, 33.829, 34.056, 34.07, 33.802, 33.688, 33.75, 33.713, 33.848, 34.679, 35.416, 35.499, 35.9, 36.466, 36.348, 35.672, 34.801, 34.007, 34.131, 34.743, 35.04, 35.26, 35.601, 35.855, 35.581, 34.678, 34.078, 34.136, 34.416, 34.25, 33.957, 33.996, 33.941, 33.795, 33.621, 33.302, 33.127, 33.167, 33.107, 32.919, 32.745, 32.94, 33.164, 32.903, 32.646, 32.965, 33.214, 33.103, 33.083, 33.099, 32.845, 32.61, 32.575, 32.593, 32.6, 32.467, 32.285, 32.267, 32.326, 32.411, 32.466, 32.594, 32.535, 32.216, 32.593, 33.173, 33.409, 33.413, 33.551, 33.587, 33.752, 34.069, 34.24, 34.346, 34.585, 34.392, 34.36, 34.942, 34.952, 34.73, 35.435, 36.654, 37.358, 37.807, 38.322, 38.341, 37.929, 37.707, 37.632, 37.712, 38.016, 38.103, 37.747, 37.457, 37.765, 38.51, 38.