[[0.0, 4.23, 9.651, 14.003, 16.411, 18.081, 20.876, 23.984, 25.74, 26.421, 27.652, 30.085, 32.699, 34.823, 36.103, 36.496, 36.167, 36.155, 37.259, 37.881, 38.219, 39.098, 40.173, 40.778, 40.828, 41.215, 41.865, 42.042, 42.136, 42.229, 42.071, 41.991, 41.917, 41.802, 41.921, 41.844, 41.723, 41.759, 41.668, 41.618, 42.014, 42.203, 41.657, 41.112, 41.132, 41.146, 41.048, 40.98, 41.022, 40.914, 40.751, 40.937, 41.185, 40.923, 40.27, 40.096, 40.496, 40.78, 40.759, 40.769, 40.669, 40.621, 41.084, 41.418, 41.452, 41.826, 42.252, 42.418, 42.44, 42.598, 42.842, 42.64, 42.198, 42.124, 42.289, 42.26, 42.083, 42.026, 41.867, 41.785, 41.712, 41.584, 41.422, 41.324, 41.272, 41.492, 42.057, 42.365, 42.487, 42.601, 42.687, 42.166, 40.551, 39.288, 39.472, 39.486, 39.008, 39.308, 40.646, 41.781, 41.954, 41.984, 42.133, 41.889, 41.557, 41.609, 41.602, 41.433, 41.473, 41.248, 40.843, 41.121, 41.917, 42.352, 42.281, 42.06, 41.913, 41.471, 40.474, 40.146, 40.395, 40.344, 40.641, 41.127, 41.534, 41.868, 42.055, 42.154, 42.005, 41.862, 41.859, 41.355, 41.066, 41.858, 42.313, 42.267, 42.375, 42.518, 42.46, 42.404, 42.293, 41.844, 41.789, 41.842, 42.057, 5.823], [4.23, 0.0, 6.277, 11.392, 14.355, 16.396, 19.509, 22.876, 24.776, 25.496, 26.749, 29.286, 32.098, 34.428, 35.83, 36.24, 35.869, 35.85, 37.022, 37.687, 38.085, 39.149, 40.354, 40.957, 40.991, 41.401, 42.078, 42.278, 42.38, 42.477, 42.329, 42.245, 42.172, 42.091, 42.219, 42.131, 41.992, 42.017, 41.918, 41.867, 42.265, 42.459, 41.942, 41.445, 41.488, 41.501, 41.402, 41.32, 41.323, 41.18, 40.978, 41.124, 41.38, 41.141, 40.494, 40.305, 40.674, 40.955, 40.939, 40.936, 40.852, 40.863, 41.381, 41.72, 41.751, 42.107, 42.492, 42.632, 42.664, 42.836, 43.084, 42.889, 42.47, 42.428, 42.616, 42.591, 42.413, 42.352, 42.185, 42.094, 42.015, 41.872, 41.698, 41.605, 41.566, 41.805, 42.383, 42.709, 42.856, 42.98, 43.065, 42.573, 40.925, 39.568, 39.696, 39.723, 39.249, 39.491, 40.767, 41.884, 42.048, 42.053, 42.174, 41.918, 41.581, 41.627, 41.623, 41.457, 41.48, 41.246, 40.851, 41.114, 41.881, 42.323, 42.28, 42.067, 41.915, 41.49, 40.554, 40.335, 40.645, 40.575, 40.879, 41.464, 41.919, 42.246, 42.417, 42.491, 42.329, 42.186, 42.182, 41.737, 41.469, 42.202, 42.615, 42.565, 42.678, 42.826, 42.775, 42.725, 42.628, 42.21, 42.134, 42.168, 42.38, 8.97], [9.651, 6.277, 0.0, 5.962, 10.044, 13.207, 17.338, 21.325, 23.472, 24.285, 25.645, 28.344, 31.361, 33.928, 35.497, 35.944, 35.538, 35.537, 36.79, 37.479, 37.881, 39.07, 40.413, 41.034, 41.063, 41.5, 42.203, 42.436, 42.565, 42.697, 42.589, 42.51, 42.434, 42.393, 42.546, 42.459, 42.319, 42.356, 42.275, 42.247, 42.663, 42.874, 42.389, 41.888, 41.861, 41.838, 41.731, 41.61, 41.556, 41.38, 41.15, 41.286, 41.561, 41.335, 40.688, 40.487, 40.835, 41.116, 41.092, 41.069, 41.014, 41.101, 41.681, 42.017, 42.031, 42.36, 42.712, 42.837, 42.884, 43.074, 43.331, 43.143, 42.745, 42.737, 42.942, 42.917, 42.751, 42.693, 42.51, 42.396, 42.3, 42.147, 41.98, 41.902, 41.879, 42.121, 42.688, 43.028, 43.195, 43.322, 43.402, 42.925, 41.305, 39.961, 40.082, 40.109, 39.639, 39.829, 41.011, 42.056, 42.162, 42.124, 42.22, 41.94, 41.574, 41.605, 41.596, 41.421, 41.43, 41.191, 40.808, 41.073, 41.82, 42.268, 42.251, 42.052, 41.895, 41.459, 40.562, 40.467, 40.846, 40.767, 41.069, 41.692, 42.17, 42.508, 42.674, 42.736, 42.577, 42.451, 42.453, 42.035, 41.738, 42.434, 42.815, 42.753, 42.861, 43.01, 42.972, 42.938, 42.867, 42.446, 42.304, 42.316, 42.559, 12.835], [14.003, 11.392, 5.962, 0.0, 5.031, 9.679, 15.028, 19.525, 21.827, 22.71, 24.176, 27.023, 30.184, 32.909, 34.606, 35.105, 34.705, 34.737, 36.035, 36.704, 37.051, 38.286, 39.755, 40.432, 40.469, 40.931, 41.656, 41.912, 42.069, 42.252, 42.201, 42.145, 42.076, 42.059, 42.243, 42.193, 42.103, 42.176, 42.115, 42.105, 42.536, 42.767, 42.293, 41.736, 41.6, 41.527, 41.41, 41.253, 41.154, 40.96, 40.736, 40.913, 41.21, 40.963, 40.302, 40.107, 40.455, 40.737, 40.71, 40.684, 40.631, 40.712, 41.299, 41.645, 41.652, 41.976, 42.334, 42.47, 42.528, 42.724, 42.988, 42.796, 42.385, 42.377, 42.584, 42.557, 42.389, 42.334, 42.145, 42.024, 41.92, 41.765, 41.601, 41.529, 41.53, 41.797, 42.362, 42.698, 42.855, 42.978, 43.048, 42.534, 40.935, 39.65, 39.803, 39.816, 39.339, 39.536, 40.696, 41.694, 41.754, 41.697, 41.791, 41.487, 41.082, 41.093, 41.074, 40.898, 40.926, 40.691, 40.31, 40.602, 41.376, 41.845, 41.846, 41.655, 41.492, 41.006, 40.064, 39.989, 40.366, 40.277, 40.571, 41.171, 41.63, 41.974, 42.154, 42.225, 42.082, 41.989, 42.016, 41.615, 41.374, 42.139, 42.514, 42.432, 42.533, 42.665, 42.628, 42.62, 42.556, 42.062, 41.851, 41.852, 42.119, 16.163], [16.411, 14.355, 10.044, 5.031, 0.0, 5.711, 12.262, 17.38, 19.862, 20.758, 22.311, 25.341, 28.652, 31.505, 33.307, 33.865, 33.5, 33.615, 35.003, 35.658, 35.927, 37.166, 38.747, 39.484, 39.521, 40.007, 40.768, 41.027, 41.179, 41.393, 41.396, 41.391, 41.347, 41.335, 41.553, 41.577, 41.573, 41.701, 41.672, 41.678, 42.113, 42.353, 41.849, 41.178, 40.923, 40.805, 40.681, 40.505, 40.396, 40.217, 40.018, 40.241, 40.542, 40.262, 39.586, 39.418, 39.778, 40.056, 40.036, 40.021, 39.944, 39.968, 40.528, 40.888, 40.891, 41.217, 41.593, 41.746, 41.805, 42.003, 42.277, 42.07, 41.623, 41.597, 41.797, 41.764, 41.587, 41.536, 41.359, 41.242, 41.138, 40.99, 40.821, 40.739, 40.764, 41.073, 41.644, 41.952, 42.072, 42.187, 42.251, 41.655, 40.046, 38.875, 39.122, 39.132, 38.653, 38.945, 40.199, 41.214, 41.258, 41.208, 41.323, 41.008, 40.574, 40.576, 40.557, 40.399, 40.47, 40.242, 39.853, 40.173, 40.991, 41.485, 41.505, 41.324, 41.164, 40.604, 39.504, 39.287, 39.575, 39.487, 39.77, 40.284, 40.66, 41.003, 41.202, 41.272, 41.136, 41.069, 41.123, 40.776, 40.728, 41.649, 42.029, 41.932, 42.046, 42.16, 42.112, 42.131, 42.053, 41.431, 41.143, 41.132, 41.386, 18.023], [18.081, 16.396, 13.207, 9.679, 5.711, 0.0, 7.439, 13.633, 16.764, 17.77, 19.351, 22.663, 26.29, 29.38, 31.331, 31.947, 31.652, 31.983, 33.597, 34.297, 34.515, 35.793, 37.511, 38.309, 38.349, 38.899, 39.736, 40.0, 40.123, 40.347, 40.399, 40.468, 40.484, 40.494, 40.741, 40.825, 40.896, 41.089, 41.106, 41.126, 41.568, 41.825, 41.27, 40.45, 40.067, 39.91, 39.778, 39.597, 39.515, 39.36, 39.171, 39.425, 39.724, 39.42, 38.749, 38.613, 38.97, 39.232, 39.239, 39.253, 39.135, 39.057, 39.566, 39.938, 39.934, 40.261, 40.643, 40.806, 40.873, 41.084, 41.371, 41.137, 40.648, 40.605, 40.807, 40.775, 40.594, 40.553, 40.402, 40.3, 40.194, 40.047, 39.865, 39.765, 39.814, 40.171, 40.743, 41.006, 41.078, 41.188, 41.252, 40.558, 38.95, 37.985, 38.414, 38.417, 37.923, 38.392, 39.851, 40.952, 41.008, 40.98, 41.131, 40.821, 40.372, 40.37, 40.367, 40.258, 40.394, 40.172, 39.758, 40.096, 40.953, 41.459, 41.47, 41.29, 41.152, 40.493, 39.129, 38.627, 38.757, 38.681, 38.962, 39.33, 39.542, 39.86, 40.078, 40.133, 39.98, 39.918, 39.984, 39.733, 40.031, 41.162, 41.528, 41.419, 41.566, 41.66, 41.592, 41.639, 41.545, 40.784, 40.421, 40.388, 40.597, 19.465], [20.876, 19.509, 17.338, 15.028, 12.262, 7.439, 0.0, 7.411, 11.919, 13.493, 15.045, 18.631, 22.756, 26.306, 28.545, 29.235, 29.062, 29.809, 31.814, 32.643, 32.874, 34.29, 36.214, 37.091, 37.149, 37.793, 38.743, 39.052, 39.173, 39.422, 39.526, 39.663, 39.763, 39.842, 40.125, 40.237, 40.367, 40.628, 40.692, 40.729, 41.186, 41.464, 40.854, 39.874, 39.376, 39.193, 39.054, 38.888, 38.861, 38.725, 38.524, 38.793, 39.095, 38.791, 38.152, 38.052, 38.392, 38.64, 38.714, 38.782, 38.61, 38.367, 38.747, 39.104, 39.087, 39.413, 39.798, 39.98, 40.065, 40.292, 40.596, 40.339, 39.81, 39.745, 39.948, 39.924, 39.742, 39.712, 39.602, 39.523, 39.412, 39.258, 39.069, 38.951, 39.03, 39.446, 40.03, 40.251, 40.278, 40.386, 40.448, 39.66, 38.071, 37.315, 37.931, 37.912, 37.389, 38.059, 39.771, 41.001, 41.097, 41.102, 41.294, 40.997, 40.539, 40.528, 40.545, 40.513, 40.748, 40.538, 40.079, 40.401, 41.252, 41.744, 41.722, 41.524, 41.404, 40.658, 39.034, 38.222, 38.145, 38.063, 38.382, 38.629, 38.631, 38.886, 39.124, 39.173, 38.99, 38.918, 38.98, 38.842, 39.565, 40.905, 41.23, 41.106, 41.279, 41.345, 41.255, 41.338, 41.236, 40.347, 39.935, 39.884, 40.029, 22.149], [23.984, 22.876, 21.325, 19.525, 17.38, 13.633, 7.411, 0.0, 5.828, 8.769, 10.832, 14.53, 18.898, 22.954, 25.628, 26.475, 26.483, 27.733, 30.159, 31.112, 31.381, 32.99, 35.144, 36.105, 36.167, 36.878, 37.933, 38.331, 38.522, 38.836, 38.988, 39.148, 39.301, 39.476, 39.833, 39.98, 40.167, 40.488, 40.583, 40.645, 41.111, 41.386, 40.735, 39.649, 39.083, 38.892, 38.751, 38.585, 38.589, 38.481, 38.277, 38.551, 38.854, 38.566, 37.967, 37.904, 38.256, 38.496, 38.589, 38.669, 38.456, 38.079, 38.31, 38.625, 38.596, 38.938, 39.372, 39.604, 39.695, 39.91, 40.222, 39.956, 39.402, 39.291, 39.458, 39.428, 39.241, 39.224, 39.152, 39.09, 38.972, 38.825, 38.662, 38.541, 38.632, 39.116, 39.737, 39.928, 39.92, 40.024, 40.078, 39.248, 37.703, 37.042, 37.705, 37.674, 37.165, 37.935, 39.779, 41.088, 41.23, 41.278, 41.499, 41.209, 40.734, 40.7, 40.723, 40.746, 41.053, 40.874, 40.392, 40.646, 41.419, 41.891, 41.85, 41.623, 41.516, 40.744, 39.011, 38.04, 37.807, 37.701, 38.059, 38.247, 38.117, 38.315, 38.555, 38.615, 38.452, 38.388, 38.439, 38.394, 39.351, 40.749, 41.009, 40.87, 41.049, 41.093, 41.006, 41.127, 41.024, 40.078, 39.678, 39.618, 39.708, 25.088], [25.74, 24.776, 23.472, 21.827, 19.862, 16.764, 11.919, 5.828, 0.0, 4.471, 8.44, 12.781, 16.971, 21.094, 24.061, 25.083, 25.185, 26.661, 29.317, 30.328, 30.608, 32.348, 34.654, 35.661, 35.706, 36.454, 37.572, 38.04, 38.309, 38.68, 38.867, 39.035, 39.195, 39.424, 39.857, 40.066, 40.302, 40.646, 40.75, 40.82, 41.281, 41.542, 40.869, 39.728, 39.121, 38.922, 38.786, 38.616, 38.628, 38.56, 38.395, 38.692, 38.99, 38.704, 38.128, 38.098, 38.486, 38.724, 38.784, 38.835, 38.61, 38.191, 38.335, 38.603, 38.574, 38.935, 39.414, 39.688, 39.776, 39.964, 40.256, 39.976, 39.408, 39.262, 39.385, 39.34, 39.146, 39.135, 39.082, 39.029, 38.915, 38.781, 38.647, 38.525, 38.614, 39.141, 39.797, 39.975, 39.945, 40.046, 40.1, 39.273, 37.759, 37.064, 37.654, 37.641, 37.181, 37.946, 39.775, 41.085, 41.258, 41.334, 41.563, 41.274, 40.785, 40.726, 40.744, 40.765, 41.064, 40.905, 40.427, 40.607, 41.304, 41.788, 41.772, 41.541, 41.444, 40.654, 38.886, 37.94, 37.718, 37.607, 37.956, 38.15, 38.045, 38.251, 38.482, 38.551, 38.43, 38.385, 38.426, 38.433, 39.411, 40.743, 40.962, 40.823, 40.997, 41.034, 40.96, 41.099, 40.995, 40.056, 39.695, 39.639, 39.709, 26.706], [26.421, 25.496, 24.285, 22.71, 20.758, 17.77, 13.493, 8.769, 4.471, 0.0, 5.666, 11.406, 16.056, 20.286, 23.38, 24.484, 24.585, 26.114, 28.9, 29.968, 30.271, 32.086, 34.457, 35.477, 35.522, 36.303, 37.448, 37.941, 38.233, 38.617, 38.831, 39.025, 39.192, 39.425, 39.883, 40.134, 40.406, 40.767, 40.875, 40.936, 41.39, 41.649, 40.972, 39.818, 39.208, 39.017, 38.886, 38.72, 38.733, 38.678, 38.541, 38.864, 39.16, 38.871, 38.314, 38.291, 38.659, 38.888, 38.952, 39.005, 38.771, 38.336, 38.455, 38.702, 38.671, 39.022, 39.492, 39.767, 39.854, 40.03, 40.308, 40.017, 39.439, 39.285, 39.398, 39.35, 39.147, 39.134, 39.096, 39.066, 38.969, 38.841, 38.71, 38.59, 38.683, 39.218, 39.878, 40.053, 40.016, 40.116, 40.177, 39.34, 37.813, 37.069, 37.61, 37.615, 37.181, 37.949, 39.784, 41.102, 41.282, 41.352, 41.575, 41.292, 40.803, 40.734, 40.749, 40.763, 41.04, 40.875, 40.403, 40.564, 41.253, 41.754, 41.758, 41.539, 41.45, 40.637, 38.828, 37.922, 37.757, 37.653, 37.994, 38.22, 38.149, 38.366, 38.601, 38.671, 38.559, 38.508, 38.552, 38.588, 39.574, 40.894, 41.108, 40.97, 41.136, 41.162, 41.09, 41.233, 41.112, 40.159, 39.812, 39.763, 39.832, 27.371], [27.652, 26.749, 25.645, 24.176, 22.311, 19.351, 15.045, 10.832, 8.44, 5.666, 0.0, 6.976, 13.156, 18.508, 22.073, 23.232, 23.326, 25.074, 28.116, 29.286, 29.633, 31.581, 34.058, 35.097, 35.164, 35.999, 37.163, 37.67, 37.97, 38.364, 38.614, 38.836, 39.032, 39.298, 39.751, 39.988, 40.294, 40.715, 40.871, 40.96, 41.422, 41.689, 41.031, 39.92, 39.365, 39.199, 39.061, 38.889, 38.882, 38.796, 38.632, 38.93, 39.199, 38.914, 38.4, 38.371, 38.677, 38.881, 38.974, 39.048, 38.808, 38.38, 38.52, 38.762, 38.713, 39.043, 39.487, 39.746, 39.833, 40.017, 40.294, 40.0, 39.426, 39.283, 39.421, 39.379, 39.165, 39.154, 39.14, 39.136, 39.05, 38.914, 38.777, 38.663, 38.761, 39.264, 39.885, 40.067, 40.048, 40.155, 40.224, 39.36, 37.76, 36.964, 37.491, 37.492, 37.063, 37.879, 39.798, 41.156, 41.337, 41.4, 41.625, 41.353, 40.871, 40.793, 40.809, 40.86, 41.184, 41.031, 40.574, 40.783, 41.506, 41.999, 41.978, 41.741, 41.658, 40.882, 39.114, 38.194, 37.987, 37.863, 38.235, 38.474, 38.342, 38.515, 38.756, 38.82, 38.67, 38.574, 38.625, 38.703, 39.694, 40.996, 41.193, 41.055, 41.206, 41.212, 41.141, 41.293, 41.155, 40.188, 39.861, 39.81, 39.847, 28.589], [30.085, 29.286, 28.344, 27.023, 25.341, 22.663, 18.631, 14.53, 12.781, 11.406, 6.976, 0.0, 7.699, 14.841, 19.368, 20.717, 20.836, 23.062, 26.627, 27.971, 28.315, 30.459, 33.214, 34.341, 34.396, 35.27, 36.485, 37.032, 37.369, 37.804, 38.1, 38.34, 38.566, 38.913, 39.403, 39.612, 39.952, 40.476, 40.752, 40.946, 41.445, 41.714, 41.055, 39.923, 39.356, 39.197, 39.053, 38.861, 38.836, 38.728, 38.536, 38.81, 39.044, 38.746, 38.28, 38.288, 38.572, 38.752, 38.845, 38.917, 38.665, 38.232, 38.38, 38.618, 38.573, 38.927, 39.39, 39.644, 39.71, 39.871, 40.139, 39.84, 39.264, 39.105, 39.236, 39.184, 38.934, 38.896, 38.894, 38.911, 38.826, 38.683, 38.554, 38.439, 38.536, 39.031, 39.641, 39.833, 39.837, 39.961, 40.04, 39.136, 37.501, 36.772, 37.347, 37.346, 36.983, 37.973, 40.055, 41.448, 41.628, 41.713, 41.955, 41.681, 41.197, 41.106, 41.112, 41.204, 41.591, 41.453, 41.016, 41.278, 42.028, 42.524, 42.477, 42.194, 42.125, 41.4, 39.599, 38.504, 38.162, 38.042, 38.419, 38.543, 38.27, 38.394, 38.644, 38.684, 38.497, 38.37, 38.423, 38.575, 39.659, 40.965, 41.116, 40.967, 41.107, 41.103, 41.051, 41.223, 41.066, 40.087, 39.812, 39.751, 39.72, 30.806], [32.699, 32.098, 31.361, 30.184, 28.652, 26.29, 22.756, 18.898, 16.971, 16.056, 13.156, 7.699, 0.0, 8.382, 14.132, 16.028, 16.382, 19.562, 24.054, 25.685, 25.978, 28.237, 31.422, 32.809, 32.862, 33.733, 35.045, 35.656, 36.042, 36.533, 36.872, 37.158, 37.421, 37.837, 38.424, 38.682, 39.115, 39.78, 40.227, 40.583, 41.142, 41.391, 40.639, 39.274, 38.505, 38.306, 38.174, 38.014, 38.075, 38.038, 37.892, 38.227, 38.446, 38.105, 37.678, 37.794, 38.127, 38.262, 38.304, 38.357, 38.041, 37.433, 37.44, 37.653, 37.646, 38.078, 38.633, 38.926, 38.957, 39.062, 39.315, 39.009, 38.4, 38.178, 38.244, 38.15, 37.825, 37.725, 37.732, 37.789, 37.713, 37.584, 37.474, 37.34, 37.457, 38.048, 38.714, 38.877, 38.843, 38.989, 39.081, 38.118, 36.653, 36.3, 37.102, 37.137, 36.901, 38.197, 40.491, 41.91, 42.066, 42.179, 42.469, 42.204, 41.715, 41.614, 41.597, 41.695, 42.114, 41.981, 41.537, 41.801, 42.576, 43.13, 43.077, 42.742, 42.696, 41.909, 39.76, 38.15, 37.55, 37.49, 37.775, 37.552, 37.069, 37.205, 37.487, 37.519, 37.38, 37.325, 37.382, 37.602, 39.025, 40.569, 40.705, 40.516, 40.673, 40.677, 40.626, 40.825, 40.639, 39.566, 39.309, 39.252, 39.153, 33.044], [34.823, 34.428, 33.928, 32.909, 31.505, 29.38, 26.306, 22.954, 21.094, 20.286, 18.508, 14.841, 8.382, 0.0, 6.763, 9.769, 11.091, 15.804, 21.328, 23.355, 23.731, 25.931, 29.401, 31.135, 31.295, 32.13, 33.486, 34.119, 34.525, 35.063, 35.438, 35.802, 36.123, 36.569, 37.255, 37.624, 38.191, 38.968, 39.528, 39.983, 40.572, 40.791, 39.917, 38.278, 37.278, 37.02, 36.907, 36.834, 37.068, 37.166, 37.128, 37.569, 37.78, 37.391, 36.994, 37.241, 37.66, 37.744, 37.71, 37.759, 37.365, 36.452, 36.199, 36.372, 36.397, 36.898, 37.56, 37.928, 37.945, 37.999, 38.235, 37.919, 37.264, 36.964, 36.94, 36.793, 36.382, 36.221, 36.245, 36.358, 36.311, 36.214, 36.112, 35.95, 36.129, 36.888, 37.621, 37.695, 37.574, 37.739, 37.845, 36.836, 35.694, 35.904, 37.072, 37.165, 37.003, 38.572, 41.065, 42.511, 42.619, 42.731, 43.073, 42.835, 42.337, 42.225, 42.191, 42.298, 42.758, 42.627, 42.138, 42.376, 43.187, 43.798, 43.709, 43.309, 43.285, 42.386, 39.786, 37.515, 36.575, 36.574, 36.718, 36.053, 35.346, 35.522, 35.844, 35.897, 35.878, 35.966, 36.032, 36.269, 38.189, 40.16, 40.314, 40.053, 40.225, 40.234, 40.159, 40.371, 40.157, 38.944, 38.66, 38.63, 38.485, 34.865], [36.103, 35.83, 35.497, 34.606, 33.307, 31.331, 28.545, 25.628, 24.061, 23.38, 22.073, 19.368, 14.132, 6.763, 0.0, 4.273, 7.773, 13.986, 19.866, 22.145, 22.785, 24.918, 28.368, 30.296, 30.662, 31.563, 32.912, 33.496, 33.858, 34.389, 34.783, 35.217, 35.59, 36.038, 36.75, 37.175, 37.806, 38.61, 39.184, 39.646, 40.235, 40.446, 39.538, 37.804, 36.717, 36.437, 36.344, 36.332, 36.653, 36.815, 36.834, 37.315, 37.522, 37.133, 36.762, 37.057, 37.507, 37.573, 37.512, 37.573, 37.14, 36.055, 35.662, 35.818, 35.859, 36.384, 37.087, 37.5, 37.531, 37.581, 37.812, 37.489, 36.812, 36.484, 36.419, 36.247, 35.8, 35.62, 35.657, 35.803, 35.788, 35.721, 35.618, 35.448, 35.683, 36.544, 37.297, 37.298, 37.132, 37.313, 37.419, 36.4, 35.443, 35.949, 37.342, 37.47, 37.287, 38.944, 41.55, 43.026, 43.103, 43.199, 43.565, 43.343, 42.834, 42.712, 42.68, 42.806, 43.3, 43.175, 42.657, 42.882, 43.716, 44.319, 44.16, 43.707, 43.692, 42.761, 39.998, 37.404, 36.239, 36.256, 36.33, 35.427, 34.599, 34.769, 35.101, 35.183, 35.24, 35.411, 35.488, 35.717, 37.905, 40.12, 40.289, 39.985, 40.149, 40.146, 40.048, 40.256, 40.041, 38.784, 38.48, 38.465, 38.293, 36.009], [36.496, 36.24, 35.944, 35.105, 33.865, 31.947, 29.235, 26.475, 25.083, 24.484, 23.232, 20.717, 16.028, 9.769, 4.273, 0.0, 5.398, 13.002, 19.196, 21.583, 22.397, 24.657, 28.129, 30.102, 30.599, 31.626, 32.997, 33.539, 33.854, 34.358, 34.753, 35.209, 35.598, 36.051, 36.748, 37.159, 37.784, 38.586, 39.165, 39.639, 40.242, 40.467, 39.578, 37.861, 36.787, 36.512, 36.428, 36.439, 36.78, 36.949, 36.962, 37.426, 37.631, 37.263, 36.906, 37.188, 37.63, 37.712, 37.676, 37.75, 37.32, 36.234, 35.835, 35.991, 36.05, 36.577, 37.264, 37.669, 37.71, 37.778, 38.016, 37.698, 37.021, 36.695, 36.633, 36.462, 36.021, 35.84, 35.872, 36.031, 36.038, 35.981, 35.88, 35.712, 35.954, 36.812, 37.546, 37.528, 37.371, 37.566, 37.67, 36.658, 35.696, 36.19, 37.612, 37.747, 37.512, 39.129, 41.731, 43.217, 43.287, 43.367, 43.733, 43.521, 43.013, 42.89, 42.864, 42.994, 43.487, 43.357, 42.832, 43.062, 43.896, 44.462, 44.261, 43.793, 43.768, 42.851, 40.145, 37.574, 36.357, 36.357, 36.467, 35.607, 34.78, 34.916, 35.247, 35.331, 35.358, 35.51, 35.587, 35.83, 38.031, 40.249, 40.415, 40.112, 40.278, 40.278, 40.18, 40.391, 40.199, 38.965, 38.652, 38.637, 38.456, 36.393], [36.167, 35.869, 35.538, 34.705, 33.5, 31.652, 29.062, 26.483, 25.185, 24.585, 23.326, 20.836, 16.382, 11.091, 7.773, 5.398, 0.0, 8.945, 16.36, 19.365, 20.509, 23.257, 27.111, 29.209, 29.821, 31.051, 32.541, 33.11, 33.438, 33.971, 34.372, 34.803, 35.198, 35.718, 36.45, 36.801, 37.362, 38.163, 38.791, 39.33, 39.987, 40.244, 39.383, 37.752, 36.789, 36.559, 36.483, 36.533, 36.934, 37.118, 37.104, 37.546, 37.758, 37.408, 37.053, 37.316, 37.787, 37.936, 37.937, 38.026, 37.635, 36.608, 36.223, 36.379, 36.463, 36.974, 37.611, 37.986, 38.027, 38.096, 38.327, 38.015, 37.36, 37.05, 37.0, 36.828, 36.394, 36.205, 36.216, 36.377, 36.395, 36.321, 36.204, 36.037, 36.249, 37.053, 37.782, 37.795, 37.675, 37.878, 37.979, 36.98, 35.847, 36.134, 37.501, 37.625, 37.29, 38.774, 41.292, 42.758, 42.825, 42.886, 43.226, 42.997, 42.489, 42.367, 42.335, 42.448, 42.921, 42.775, 42.237, 42.457, 43.275, 43.824, 43.633, 43.167, 43.115, 42.231, 39.707, 37.41, 36.296, 36.241, 36.458, 35.902, 35.212, 35.339, 35.682, 35.762, 35.713, 35.794, 35.866, 36.053, 38.069, 40.136, 40.293, 40.011, 40.188, 40.232, 40.156, 40.356, 40.163, 38.964, 38.665, 38.662, 38.511, 36.147], [36.155, 35.85, 35.537, 34.737, 33.615, 31.983, 29.809, 27.733, 26.661, 26.114, 25.074, 23.062, 19.562, 15.804, 13.986, 13.002, 8.945, 0.0, 8.951, 13.693, 16.123, 19.755, 24.188, 26.621, 27.605, 29.313, 31.08, 31.755, 32.227, 32.913, 33.361, 33.757, 34.167, 34.827, 35.659, 35.919, 36.331, 37.071, 37.741, 38.378, 39.135, 39.454, 38.691, 37.345, 36.695, 36.578, 36.526, 36.676, 37.202, 37.411, 37.371, 37.812, 38.054, 37.734, 37.365, 37.571, 38.117, 38.368, 38.355, 38.44, 38.112, 37.192, 36.867, 37.028, 37.142, 37.636, 38.223, 38.573, 38.619, 38.681, 38.867, 38.537, 37.927, 37.662, 37.611, 37.403, 36.937, 36.717, 36.696, 36.852, 36.878, 36.776, 36.636, 36.482, 36.673, 37.434, 38.182, 38.24, 38.162, 38.366, 38.457, 37.475, 36.015, 35.966, 37.275, 37.417, 36.944, 38.223, 40.638, 42.079, 42.142, 42.181, 42.478, 42.21, 41.674, 41.528, 41.473, 41.549, 41.992, 41.844, 41.303, 41.488, 42.258, 42.765, 42.572, 42.083, 41.989, 41.201, 39.027, 37.206, 36.275, 36.108, 36.442, 36.326, 35.864, 35.999, 36.36, 36.466, 36.37, 36.389, 36.461, 36.453, 37.988, 39.752, 39.939, 39.694, 39.837, 39.923, 39.876, 40.018, 39.779, 38.707, 38.539, 38.592, 38.52, 36.257], [37.259, 37.022, 36.79, 36.035, 35.003, 33.597, 31.814, 30.159, 29.317, 28.9, 28.116, 26.627, 24.054, 21.328, 19.866, 19.196, 16.36, 8.951, 0.0, 6.736, 11.482, 16.118, 20.844, 23.606, 25.13, 27.474, 29.598, 30.412, 31.078, 31.953, 32.483, 32.884, 33.303, 34.068, 34.993, 35.23, 35.561, 36.242, 36.931, 37.673, 38.558, 38.953, 38.304, 37.286, 36.985, 36.978, 36.939, 37.182, 37.797, 38.0, 37.945, 38.398, 38.668, 38.372, 37.996, 38.15, 38.71, 38.991, 38.961, 39.052, 38.751, 37.904, 37.662, 37.829, 37.951, 38.445, 39.021, 39.362, 39.421, 39.476, 39.611, 39.254, 38.677, 38.458, 38.407, 38.17, 37.69, 37.474, 37.447, 37.594, 37.625, 37.512, 37.369, 37.228, 37.411, 38.153, 38.903, 38.977, 38.919, 39.114, 39.194, 38.214, 36.546, 36.259, 37.514, 37.701, 37.177, 38.319, 40.642, 42.05, 42.107, 42.123, 42.393, 42.113, 41.566, 41.396, 41.325, 41.379, 41.794, 41.65, 41.132, 41.297, 42.008, 42.459, 42.249, 41.742, 41.621, 40.914, 38.999, 37.502, 36.719, 36.493, 36.85, 36.945, 36.588, 36.724, 37.117, 37.241, 37.112, 37.079, 37.144, 37.022, 38.222, 39.81, 40.058, 39.835, 39.926, 40.007, 39.961, 40.045, 39.781, 38.878, 38.864, 38.959, 38.936, 37.383], [37.881, 37.687, 37.479, 36.704, 35.658, 34.297, 32.643, 31.112, 30.328, 29.968, 29.286, 27.971, 25.685, 23.355, 22.145, 21.583, 19.365, 13.693, 6.736, 0.0, 6.562, 13.04, 18.647, 21.617, 23.283, 26.01, 28.426, 29.283, 29.992, 30.95, 31.546, 31.983, 32.428, 33.292, 34.33, 34.607, 34.988, 35.756, 36.527, 37.372, 38.37, 38.817, 38.149, 37.117, 36.818, 36.811, 36.763, 36.994, 37.59, 37.766, 37.693, 38.17, 38.464, 38.176, 37.808, 37.956, 38.487, 38.758, 38.75, 38.852, 38.532, 37.643, 37.381, 37.548, 37.67, 38.173, 38.764, 39.093, 39.139, 39.198, 39.339, 38.985, 38.408, 38.198, 38.165, 37.96, 37.518, 37.337, 37.339, 37.496, 37.522, 37.401, 37.262, 37.123, 37.302, 38.06, 38.822, 38.89, 38.827, 39.031, 39.127, 38.127, 36.49, 36.182, 37.403, 37.612, 37.132, 38.291, 40.582, 41.967, 42.018, 42.023, 42.292, 42.026, 41.5, 41.34, 41.258, 41.295, 41.707, 41.563, 41.055, 41.249, 41.987, 42.451, 42.261, 41.778, 41.642, 40.861, 38.867, 37.394, 36.7, 36.502, 36.768, 36.737, 36.319, 36.458, 36.882, 37.009, 36.868, 36.801, 36.848, 36.74, 38.004, 39.667, 39.942, 39.709, 39.817, 39.904, 39.838, 39.92, 39.673, 38.783, 38.769, 38.852, 38.812, 37.924], [38.219, 38.085, 37.881, 37.051, 35.927, 34.515, 32.874, 31.381, 30.608, 30.271, 29.633, 28.315, 25.978, 23.731, 22.785, 22.397, 20.509, 16.123, 11.482, 6.562, 0.0, 8.511, 16.154, 19.769, 21.162, 23.824, 26.447, 27.352, 28.092, 29.173, 29.862, 30.343, 30.855, 31.868, 33.052, 33.348, 33.811, 34.769, 35.708, 36.696, 37.798, 38.266, 37.529, 36.323, 35.863, 35.806, 35.759, 35.972, 36.555, 36.713, 36.603, 37.12, 37.44, 37.123, 36.741, 36.902, 37.427, 37.692, 37.724, 37.85, 37.481, 36.452, 36.111, 36.312, 36.455, 36.949, 37.529, 37.839, 37.873, 37.971, 38.162, 37.813, 37.2, 36.964, 36.942, 36.806, 36.417, 36.262, 36.308, 36.5, 36.534, 36.433, 36.32, 36.182, 36.352, 37.133, 37.889, 37.894, 37.776, 37.996, 38.128, 37.082, 35.636, 35.638, 36.986, 37.195, 36.839, 38.217, 40.61, 42.001, 42.037, 42.054, 42.351, 42.103, 41.591, 41.448, 41.343, 41.351, 41.766, 41.626, 41.14, 41.424, 42.276, 42.78, 42.59, 42.132, 42.006, 41.077, 38.742, 36.911, 36.119, 35.963, 36.06, 35.63, 35.039, 35.224, 35.683, 35.83, 35.725, 35.673, 35.724, 35.647, 37.17, 39.052, 39.347, 39.092, 39.265, 39.396, 39.325, 39.438, 39.194, 38.173, 38.084, 38.146, 38.059, 38.047], [39.098, 39.149, 39.07, 38.286, 37.166, 35.793, 34.29, 32.99, 32.348, 32.086, 31.581, 30.459, 28.237, 25.931, 24.918, 24.657, 23.257, 19.755, 16.118, 13.04, 8.511, 0.0, 9.556, 14.779, 16.695, 19.606, 22.637, 23.786, 24.814, 26.248, 27.108, 27.675, 28.328, 29.48, 30.822, 31.228, 31.861, 32.981, 34.089, 35.269, 36.49, 36.986, 36.25, 35.048, 34.678, 34.665, 34.636, 34.976, 35.718, 35.92, 35.807, 36.391, 36.734, 36.361, 35.918, 36.083, 36.658, 36.935, 37.004, 37.18, 36.76, 35.584, 35.188, 35.453, 35.628, 36.123, 36.72, 37.043, 37.082, 37.222, 37.446, 37.08, 36.413, 36.115, 36.033, 35.881, 35.493, 35.342, 35.428, 35.651, 35.706, 35.674, 35.633, 35.517, 35.672, 36.431, 37.108, 36.982, 36.774, 36.991, 37.131, 36.041, 34.868, 35.425, 37.091, 37.318, 37.043, 38.648, 41.223, 42.671, 42.687, 42.707, 43.04, 42.812, 42.297, 42.155, 42.039, 42.027, 42.424, 42.289, 41.847, 42.244, 43.213, 43.703, 43.43, 42.954, 42.872, 41.93, 39.333, 36.936, 35.803, 35.65, 35.635, 34.699, 33.773, 33.962, 34.466, 34.646, 34.58, 34.564, 34.64, 34.563, 36.357, 38.506, 38.829, 38.55, 38.786, 38.983, 38.913, 39.032, 38.747, 37.625, 37.561, 37.62, 37.495, 38.611], [40.173, 40.354, 40.413, 39.755, 38.747, 37.511, 36.214, 35.144, 34.654, 34.457, 34.058, 33.214, 31.422, 29.401, 28.368, 28.129, 27.111, 24.188, 20.844, 18.647, 16.154, 9.556, 0.0, 7.22, 11.697, 16.137, 19.695, 21.168, 22.657, 24.476, 25.487, 26.166, 27.009, 28.234, 29.652, 30.26, 31.04, 32.101, 33.178, 34.414, 35.666, 36.182, 35.568, 34.681, 34.732, 34.875, 34.862, 35.349, 36.249, 36.511, 36.417, 36.976, 37.309, 36.933, 36.453, 36.583, 37.197, 37.519, 37.619, 37.822, 37.411, 36.307, 35.99, 36.274, 36.445, 36.937, 37.569, 37.935, 37.998, 38.154, 38.373, 38.005, 37.353, 37.05, 36.905, 36.686, 36.293, 36.145, 36.217, 36.423, 36.486, 36.491, 36.504, 36.439, 36.573, 37.25, 37.824, 37.626, 37.395, 37.582, 37.696, 36.672, 35.628, 36.285, 37.976, 38.21, 37.885, 39.366, 41.899, 43.345, 43.344, 43.346, 43.676, 43.455, 42.938, 42.792, 42.691, 42.692, 43.074, 42.948, 42.547, 42.984, 43.972, 44.404, 44.045, 43.536, 43.493, 42.7, 40.258, 37.803, 36.516, 36.335, 36.439, 35.509, 34.41, 34.486, 34.973, 35.155, 35.087, 35.059, 35.117, 35.03, 36.706, 38.789, 39.082, 38.782, 39.019, 39.236, 39.154, 39.234, 38.936, 37.957, 38.024, 38.078, 37.976, 39.588], [40.778, 40.957, 41.034, 40.432, 39.484, 38.309, 37.091, 36.105, 35.661, 35.477, 35.097, 34.341, 32.809, 31.135, 30.296, 30.102, 29.209, 26.621, 23.606, 21.617, 19.769, 14.779, 7.22, 0.0, 7.163, 14.033, 18.531, 20.275, 21.968, 23.958, 25.086, 25.849, 26.791, 28.105, 29.602, 30.262, 31.002, 31.932, 32.889, 34.041, 35.261, 35.799, 35.27, 34.596, 34.939, 35.216, 35.218, 35.745, 36.695, 36.993, 36.918, 37.465, 37.784, 37.409, 36.933, 37.064, 37.682, 38.041, 38.166, 38.359, 37.966, 36.981, 36.786, 37.092, 37.256, 37.741, 38.368, 38.731, 38.81, 38.982, 39.198, 38.825, 38.198, 37.929, 37.795, 37.569, 37.176, 37.018, 37.066, 37.252, 37.313, 37.304, 37.303, 37.25, 37.365, 37.997, 38.539, 38.352, 38.149, 38.329, 38.432, 37.439, 36.33, 36.786, 38.333, 38.588, 38.273, 39.632, 42.056, 43.466, 43.471, 43.469, 43.79, 43.571, 43.057, 42.905, 42.818, 42.839, 43.215, 43.098, 42.726, 43.172, 44.152, 44.567, 44.197, 43.695, 43.656, 42.915, 40.644, 38.42, 37.231, 37.041, 37.212, 36.429, 35.363, 35.366, 35.807, 35.977, 35.911, 35.85, 35.864, 35.806, 37.325, 39.222, 39.456, 39.143, 39.348, 39.548, 39.469, 39.551, 39.276, 38.397, 38.512, 38.555, 38.486, 40.221], [40.828, 40.991, 41.063, 40.469, 39.521, 38.349, 37.149, 36.167, 35.706, 35.522, 35.164, 34.396, 32.862, 31.295, 30.662, 30.599, 29.821, 27.605, 25.13, 23.283, 21.162, 16.695, 11.697, 7.163, 0.0, 8.722, 14.832, 17.214, 19.252, 21.654, 23.114, 24.098, 25.177, 26.641, 28.303, 29.025, 29.806, 30.783, 31.733, 32.882, 34.15, 34.738, 34.215, 33.555, 33.985, 34.317, 34.326, 34.87, 35.851, 36.195, 36.199, 36.86, 37.208, 36.795, 36.319, 36.531, 37.191, 37.526, 37.606, 37.769, 37.372, 36.398, 36.231, 36.568, 36.743, 37.239, 37.881, 38.246, 38.313, 38.476, 38.697, 38.308, 37.659, 37.382, 37.258, 37.052, 36.645, 36.453, 36.474, 36.648, 36.711, 36.695, 36.665, 36.581, 36.675, 37.325, 37.901, 37.728, 37.534, 37.731, 37.852, 36.829, 35.697, 36.131, 37.668, 37.979, 37.777, 39.211, 41.66, 43.099, 43.134, 43.15, 43.479, 43.265, 42.742, 42.575, 42.482, 42.504, 42.871, 42.738, 42.372, 42.836, 43.859, 44.351, 44.04, 43.562, 43.524, 42.712, 40.306, 38.017, 36.866, 36.694, 36.775, 35.874, 34.823, 34.886, 35.338, 35.509, 35.453, 35.405, 35.423, 35.358, 36.959, 38.896, 39.117, 38.797, 39.003, 39.202, 39.133, 39.257, 38.993, 38.018, 38.085, 38.129, 38.059, 40.217], [41.215, 41.401, 41.5, 40.931, 40.007, 38.899, 37.793, 36.878, 36.454, 36.303, 35.999, 35.27, 33.733, 32.13, 31.563, 31.626, 31.051, 29.313, 27.474, 26.01, 23.824, 19.606, 16.137, 14.033, 8.722, 0.0, 7.58, 11.529, 15.001, 18.406, 20.422, 21.772, 23.114, 24.698, 26.475, 27.42, 28.491, 29.633, 30.664, 31.96, 33.379, 34.022, 33.487, 32.804, 33.268, 33.613, 33.611, 34.196, 35.226, 35.597, 35.691, 36.487, 36.904, 36.478, 36.003, 36.32, 37.033, 37.287, 37.275, 37.424, 37.022, 36.004, 35.798, 36.164, 36.339, 36.821, 37.487, 37.842, 37.838, 37.931, 38.142, 37.771, 37.113, 36.795, 36.649, 36.448, 36.038, 35.835, 35.837, 35.999, 36.06, 36.059, 36.043, 35.947, 36.039, 36.738, 37.368, 37.192, 36.964, 37.162, 37.302, 36.278, 35.316, 35.928, 37.475, 37.809, 37.767, 39.323, 41.793, 43.246, 43.308, 43.353, 43.692, 43.467, 42.924, 42.737, 42.629, 42.635, 42.982, 42.838, 42.474, 42.947, 44.013, 44.592, 44.352, 43.892, 43.869, 42.999, 40.33, 37.694, 36.477, 36.369, 36.317, 35.159, 34.127, 34.344, 34.833, 35.01, 34.995, 35.034, 35.105, 34.983, 36.678, 38.738, 38.973, 38.641, 38.874, 39.108, 39.074, 39.24, 38.957, 37.872, 37.872, 37.915, 37.837, 40.494], [41.865, 42.078, 42.203, 41.656, 40.768, 39.736, 38.743, 37.933, 37.572, 37.448, 37.163, 36.485, 35.045, 33.486, 32.912, 32.997, 32.541, 31.08, 29.598, 28.426, 26.447, 22.637, 19.695, 18.531, 14.832, 7.58, 0.0, 5.897, 11.872, 16.506, 18.949, 20.51, 22.02, 23.637, 25.43, 26.615, 28.005, 29.313, 30.503, 32.041, 33.619, 34.307, 33.808, 33.16, 33.651, 34.003, 33.985, 34.581, 35.647, 36.008, 36.073, 36.881, 37.37, 37.004, 36.548, 36.897, 37.612, 37.806, 37.733, 37.872, 37.48, 36.449, 36.194, 36.524, 36.648, 37.073, 37.752, 38.122, 38.094, 38.142, 38.336, 37.998, 37.364, 37.036, 36.892, 36.713, 36.342, 36.185, 36.192, 36.341, 36.392, 36.398, 36.406, 36.329, 36.435, 37.151, 37.8, 37.631, 37.379, 37.554, 37.705, 36.751, 35.949, 36.582, 38.009, 38.332, 38.384, 39.939, 42.34, 43.771, 43.859, 43.931, 44.271, 44.039, 43.495, 43.308, 43.205, 43.212, 43.549, 43.41, 43.059, 43.522, 44.564, 45.147, 44.923, 44.471, 44.463, 43.609, 40.902, 38.155, 36.912, 36.84, 36.742, 35.532, 34.539, 34.822, 35.304, 35.476, 35.486, 35.579, 35.683, 35.543, 37.184, 39.203, 39.419, 39.082, 39.325, 39.596, 39.613, 39.797, 39.501, 38.434, 38.415, 38.434, 38.359, 41.11], [42.042, 42.278, 42.436, 41.912, 41.027, 40.0, 39.052, 38.331, 38.04, 37.941, 37.67, 37.032, 35.656, 34.119, 33.496, 33.539, 33.11, 31.755, 30.412, 29.283, 27.352, 23.786, 21.168, 20.275, 17.214, 11.529, 5.897, 0.0, 7.498, 13.356, 16.395, 18.159, 19.763, 21.48, 23.457, 24.959, 26.709, 28.278, 29.74, 31.566, 33.32, 34.076, 33.604, 32.957, 33.45, 33.82, 33.804, 34.396, 35.47, 35.822, 35.853, 36.657, 37.171, 36.877, 36.52, 36.923, 37.625, 37.8, 37.718, 37.857, 37.456, 36.367, 36.028, 36.306, 36.379, 36.738, 37.39, 37.783, 37.807, 37.896, 38.109, 37.79, 37.166, 36.863, 36.78, 36.656, 36.306, 36.183, 36.219, 36.379, 36.438, 36.463, 36.493, 36.427, 36.549, 37.274, 37.925, 37.758, 37.489, 37.647, 37.8, 36.87, 36.118, 36.747, 38.131, 38.443, 38.514, 40.081, 42.489, 43.949, 44.062, 44.145, 44.49, 44.27, 43.744, 43.574, 43.487, 43.513, 43.875, 43.751, 43.393, 43.847, 44.872, 45.436, 45.2, 44.744, 44.727, 43.861, 41.169, 38.446, 37.2, 37.117, 37.005, 35.791, 34.76, 35.003, 35.456, 35.621, 35.618, 35.697, 35.788, 35.672, 37.389, 39.424, 39.613, 39.266, 39.526, 39.813, 39.841, 40.026, 39.712, 38.635, 38.609, 38.614, 38.495, 41.281], [42.136, 42.38, 42.565, 42.069, 41.179, 40.123, 39.173, 38.522, 38.309, 38.233, 37.97, 37.369, 36.042, 34.525, 33.858, 33.854, 33.438, 32.227, 31.078, 29.992, 28.092, 24.814, 22.657, 21.968, 19.252, 15.001, 11.872, 7.498, 0.0, 6.987, 11.331, 13.838, 15.704, 17.677, 20.093, 22.156, 24.525, 26.541, 28.328, 30.433, 32.387, 33.248, 32.784, 32.079, 32.554, 32.96, 32.983, 33.571, 34.618, 34.983, 35.093, 35.931, 36.378, 36.132, 36.047, 36.665, 37.358, 37.511, 37.458, 37.607, 37.17, 35.967, 35.511, 35.777, 35.858, 36.144, 36.675, 37.013, 37.067, 37.216, 37.474, 37.197, 36.61, 36.354, 36.353, 36.298, 35.956, 35.844, 35.915, 36.115, 36.222, 36.31, 36.387, 36.323, 36.431, 37.147, 37.777, 37.594, 37.307, 37.454, 37.593, 36.627, 35.91, 36.643, 38.088, 38.36, 38.401, 40.023, 42.5, 44.008, 44.134, 44.219, 44.583, 44.391, 43.886, 43.737, 43.67, 43.727, 44.139, 44.034, 43.658, 44.115, 45.146, 45.696, 45.447, 44.998, 44.972, 44.075, 41.358, 38.622, 37.389, 37.307, 37.18, 35.934, 34.865, 35.033, 35.42, 35.579, 35.566, 35.62, 35.68, 35.597, 37.483, 39.607, 39.787, 39.443, 39.727, 39.993, 39.987, 40.17, 39.842, 38.689, 38.622, 38.648, 38.416, 41.37], [42.229, 42.477, 42.697, 42.252, 41.393, 40.347, 39.422, 38.836, 38.68, 38.617, 38.364, 37.804, 36.533, 35.063, 34.389, 34.358, 33.971, 32.913, 31.953, 30.95, 29.173, 26.248, 24.476, 23.958, 21.654, 18.406, 16.506, 13.356, 6.987, 0.0, 5.677, 9.693, 12.232, 14.356, 17.063, 19.638, 22.642, 25.129, 27.219, 29.537, 31.621, 32.55, 32.082, 31.305, 31.749, 32.213, 32.286, 32.86, 33.889, 34.295, 34.503, 35.399, 35.793, 35.555, 35.721, 36.608, 37.336, 37.462, 37.416, 37.566, 37.114, 35.854, 35.32, 35.579, 35.694, 35.953, 36.392, 36.673, 36.729, 36.887, 37.151, 36.908, 36.363, 36.121, 36.138, 36.13, 35.821, 35.722, 35.807, 36.026, 36.167, 36.301, 36.419, 36.362, 36.448, 37.148, 37.76, 37.585, 37.321, 37.475, 37.602, 36.61, 35.937, 36.757, 38.242, 38.496, 38.527, 40.156, 42.637, 44.146, 44.267, 44.346, 44.721, 44.55, 44.071, 43.942, 43.888, 43.954, 44.384, 44.288, 43.91, 44.371, 45.383, 45.906, 45.648, 45.209, 45.183, 44.268, 41.519, 38.779, 37.606, 37.545, 37.379, 36.138, 35.096, 35.186, 35.503, 35.673, 35.677, 35.721, 35.757, 35.697, 37.615, 39.787, 39.99, 39.658, 39.964, 40.226, 40.189, 40.363, 40.06, 38.886, 38.772, 38.803, 38.49, 41.459], [42.071, 42.329, 42.589, 42.201, 41.396, 40.399, 39.526, 38.988, 38.867, 38.831, 38.614, 38.1, 36.872, 35.438, 34.783, 34.753, 34.372, 33.361, 32.483, 31.546, 29.862, 27.108, 25.487, 25.086, 23.114, 20.422, 18.949, 16.395, 11.331, 5.677, 0.0, 5.365, 9.138, 11.733, 14.542, 17.38, 20.888, 23.771, 26.133, 28.638, 30.805, 31.76, 31.304, 30.546, 31.068, 31.616, 31.714, 32.295, 33.36, 33.794, 34.002, 34.923, 35.353, 35.138, 35.367, 36.378, 37.215, 37.398, 37.358, 37.495, 37.054, 35.793, 35.236, 35.477, 35.604, 35.87, 36.3, 36.584, 36.647, 36.788, 37.035, 36.793, 36.251, 35.99, 35.996, 36.011, 35.726, 35.635, 35.703, 35.906, 36.042, 36.186, 36.325, 36.281, 36.371, 37.098, 37.735, 37.589, 37.358, 37.532, 37.661, 36.651, 35.958, 36.76, 38.227, 38.489, 38.533, 40.139, 42.587, 44.083, 44.208, 44.29, 44.662, 44.495, 44.042, 43.942, 43.884, 43.929, 44.349, 44.252, 43.878, 44.343, 45.331, 45.826, 45.564, 45.134, 45.103, 44.172, 41.4, 38.676, 37.556, 37.497, 37.292, 36.102, 35.107, 35.157, 35.451, 35.653, 35.677, 35.715, 35.741, 35.644, 37.442, 39.603, 39.839, 39.51, 39.827, 40.112, 40.078, 40.247, 39.961, 38.802, 38.691, 38.71, 38.386, 41.3], [41.991, 42.245, 42.51, 42.145, 41.391, 40.468, 39.663, 39.148, 39.035, 39.025, 38.836, 38.34, 37.158, 35.802, 35.217, 35.209, 34.803, 33.757, 32.884, 31.983, 30.343, 27.675, 26.166, 25.849, 24.098, 21.772, 20.51, 18.159, 13.838, 9.693, 5.365, 0.0, 5.044, 9.208, 12.678, 15.615, 19.364, 22.459, 25.005, 27.699, 30.003, 31.047, 30.688, 30.09, 30.791, 31.424, 31.533, 32.118, 33.191, 33.592, 33.728, 34.644, 35.147, 35.001, 35.244, 36.255, 37.181, 37.498, 37.521, 37.65, 37.217, 36.0, 35.475, 35.699, 35.805, 36.044, 36.437, 36.686, 36.729, 36.862, 37.108, 36.883, 36.369, 36.133, 36.175, 36.227, 35.967, 35.882, 35.931, 36.109, 36.23, 36.373, 36.527, 36.497, 36.589, 37.316, 37.953, 37.809, 37.593, 37.78, 37.919, 36.903, 36.124, 36.829, 38.241, 38.492, 38.513, 40.071, 42.47, 43.944, 44.081, 44.169, 44.53, 44.36, 43.919, 43.827, 43.752, 43.772, 44.184, 44.092, 43.72, 44.179, 45.139, 45.599, 45.331, 44.913, 44.872, 43.955, 41.272, 38.674, 37.619, 37.543, 37.365, 36.307, 35.396, 35.445, 35.734, 35.94, 35.936, 35.941, 35.962, 35.786, 37.385, 39.425, 39.639, 39.316, 39.625, 39.909, 39.891, 40.068, 39.779, 38.647, 38.591, 38.619, 38.325, 41.23], [41.917, 42.172, 42.434, 42.076, 41.347, 40.484, 39.763, 39.301, 39.195, 39.192, 39.032, 38.566, 37.421, 36.123, 35.59, 35.598, 35.198, 34.167, 33.303, 32.428, 30.855, 28.328, 27.009, 26.791, 25.177, 23.114, 22.02, 19.763, 15.704, 12.232, 9.138, 5.044, 0.0, 5.771, 10.649, 14.222, 18.186, 21.275, 23.881, 26.757, 29.233, 30.398, 30.141, 29.68, 30.52, 31.202, 31.337, 31.963, 33.05, 33.438, 33.567, 34.505, 35.065, 34.983, 35.286, 36.319, 37.259, 37.636, 37.708, 37.838, 37.402, 36.208, 35.691, 35.9, 36.0, 36.229, 36.609, 36.841, 36.886, 37.024, 37.288, 37.096, 36.609, 36.394, 36.451, 36.505, 36.237, 36.136, 36.166, 36.344, 36.471, 36.615, 36.771, 36.74, 36.835, 37.573, 38.212, 38.065, 37.845, 38.024, 38.164, 37.143, 36.27, 36.894, 38.286, 38.529, 38.518, 40.047, 42.423, 43.898, 44.044, 44.13, 44.489, 44.329, 43.892, 43.792, 43.703, 43.712, 44.114, 44.02, 43.644, 44.084, 45.02, 45.457, 45.175, 44.755, 44.711, 43.815, 41.202, 38.697, 37.701, 37.632, 37.493, 36.528, 35.682, 35.744, 36.029, 36.23, 36.203, 36.193, 36.217, 36.014, 37.537, 39.508, 39.698, 39.377, 39.672, 39.94, 39.933, 40.121, 39.842, 38.73, 38.688, 38.73, 38.47, 41.152], [41.802, 42.091, 42.393, 42.059, 41.335, 40.494, 39.842, 39.476, 39.424, 39.425, 39.298, 38.913, 37.837, 36.569, 36.038, 36.051, 35.718, 34.827, 34.068, 33.292, 31.868, 29.48, 28.234, 28.105, 26.641, 24.698, 23.637, 21.48, 17.677, 14.356, 11.733, 9.208, 5.771, 0.0, 6.334, 11.786, 16.793, 20.044, 22.725, 25.768, 28.344, 29.533, 29.284, 28.897, 29.887, 30.628, 30.784, 31.535, 32.788, 33.294, 33.54, 34.535, 35.097, 35.035, 35.397, 36.488, 37.423, 37.763, 37.813, 37.946, 37.523, 36.31, 35.723, 35.903, 36.023, 36.297, 36.745, 37.06, 37.169, 37.315, 37.583, 37.396, 36.89, 36.635, 36.63, 36.626, 36.312, 36.176, 36.198, 36.404, 36.551, 36.691, 36.839, 36.813, 36.931, 37.7, 38.349, 38.208, 37.981, 38.136, 38.258, 37.211, 36.285, 36.884, 38.295, 38.542, 38.547, 40.118, 42.522, 44.02, 44.168, 44.249, 44.617, 44.484, 44.075, 43.985, 43.896, 43.897, 44.278, 44.171, 43.795, 44.22, 45.154, 45.603, 45.307, 44.869, 44.826, 43.93, 41.269, 38.709, 37.745, 37.704, 37.551, 36.594, 35.749, 35.792, 36.068, 36.282, 36.276, 36.302, 36.355, 36.186, 37.709, 39.731, 39.961, 39.636, 39.904, 40.158, 40.143, 40.323, 40.057, 38.943, 38.868, 38.917, 38.65, 41.024], [41.921, 42.219, 42.546, 42.243, 41.553, 40.741, 40.125, 39.833, 39.857, 39.883, 39.751, 39.403, 38.424, 37.255, 36.75, 36.748, 36.45, 35.659, 34.993, 34.33, 33.052, 30.822, 29.652, 29.602, 28.303, 26.475, 25.43, 23.457, 20.093, 17.063, 14.542, 12.678, 10.649, 6.334, 0.0, 7.53, 14.262, 18.145, 21.083, 24.337, 27.036, 28.255, 28.06, 27.903, 29.221, 30.096, 30.257, 31.114, 32.537, 33.138, 33.453, 34.482, 35.052, 35.033, 35.458, 36.594, 37.555, 37.896, 37.925, 38.061, 37.703, 36.599, 36.086, 36.271, 36.384, 36.668, 37.135, 37.496, 37.647, 37.807, 38.084, 37.913, 37.405, 37.124, 37.099, 37.08, 36.754, 36.581, 36.566, 36.773, 36.927, 37.056, 37.209, 37.209, 37.318, 38.024, 38.618, 38.478, 38.266, 38.41, 38.534, 37.509, 36.545, 37.087, 38.479, 38.733, 38.771, 40.351, 42.762, 44.271, 44.418, 44.488, 44.865, 44.757, 44.379, 44.312, 44.231, 44.218, 44.575, 44.466, 44.092, 44.501, 45.415, 45.855, 45.547, 45.095, 45.044, 44.18, 4