[[0.0, 10.596, 17.572, 21.052, 27.677, 31.705, 32.604, 33.129, 34.378, 36.162, 36.993, 37.575, 37.469, 37.481, 38.069, 37.454, 37.048, 36.91, 36.599, 36.582, 36.507, 36.785, 37.486, 37.23, 36.366, 35.818, 36.203, 37.5, 37.677, 37.213, 37.934, 38.432, 38.291, 38.607, 39.484, 40.148, 40.894, 41.11, 40.421, 40.782, 41.02, 40.436, 39.768, 39.093, 38.983, 39.709, 39.868, 39.825, 40.123, 40.117, 39.869, 38.767, 9.11], [10.596, 0.0, 9.34, 16.533, 25.441, 30.251, 31.569, 32.5, 34.054, 35.911, 36.797, 37.443, 37.706, 38.152, 38.828, 38.25, 37.912, 37.965, 37.929, 38.015, 37.961, 38.453, 39.328, 39.188, 38.501, 38.035, 38.254, 39.28, 39.328, 38.94, 39.501, 39.848, 39.736, 40.057, 40.862, 41.465, 42.048, 42.295, 41.689, 41.911, 42.134, 41.618, 40.992, 40.378, 40.171, 40.715, 40.837, 40.769, 41.064, 41.05, 40.804, 39.647, 17.533], [17.572, 9.34, 0.0, 11.521, 23.044, 28.62, 30.517, 31.868, 33.572, 35.361, 36.26, 37.008, 37.631, 38.449, 39.143, 38.547, 38.207, 38.341, 38.467, 38.638, 38.605, 39.138, 40.089, 40.113, 39.665, 39.33, 39.392, 40.167, 40.118, 39.863, 40.503, 40.846, 40.733, 41.032, 41.805, 42.395, 42.925, 43.176, 42.635, 42.832, 43.053, 42.596, 42.087, 41.596, 41.397, 41.837, 41.931, 41.852, 42.164, 42.137, 41.888, 40.827, 22.27], [21.052, 16.533, 11.521, 0.0, 14.82, 22.907, 25.833, 27.356, 29.407, 31.695, 32.839, 33.765, 34.76, 35.959, 36.746, 36.055, 35.642, 35.788, 36.062, 36.366, 36.362, 36.973, 38.164, 38.403, 38.139, 38.003, 38.122, 38.857, 38.83, 38.737, 39.563, 39.921, 39.774, 40.055, 40.816, 41.38, 41.938, 42.179, 41.605, 41.891, 42.166, 41.655, 41.143, 40.771, 40.722, 41.192, 41.277, 41.228, 41.574, 41.542, 41.279, 40.43, 23.967], [27.677, 25.441, 23.044, 14.82, 0.0, 12.212, 18.349, 20.293, 22.997, 26.644, 28.214, 29.215, 30.708, 32.45, 33.462, 32.879, 32.604, 32.872, 33.418, 34.014, 34.157, 35.057, 36.653, 37.089, 37.138, 37.589, 38.104, 38.812, 38.762, 38.742, 39.569, 39.931, 39.79, 40.041, 40.755, 41.324, 41.883, 42.032, 41.497, 41.895, 42.169, 41.651, 41.196, 40.897, 40.894, 41.376, 41.481, 41.486, 41.868, 41.824, 41.564, 41.059, 29.101], [31.705, 30.251, 28.62, 22.907, 12.212, 0.0, 9.662, 13.78, 17.954, 22.971, 24.796, 25.943, 27.811, 29.856, 31.259, 31.052, 31.001, 31.43, 32.264, 33.158, 33.456, 34.42, 36.127, 36.59, 36.714, 37.682, 38.841, 39.779, 39.734, 39.736, 40.51, 40.857, 40.742, 41.044, 41.765, 42.33, 42.861, 42.928, 42.403, 42.808, 43.026, 42.477, 42.06, 41.701, 41.554, 41.992, 42.083, 42.103, 42.522, 42.46, 42.23, 41.894, 32.514], [32.604, 31.569, 30.517, 25.833, 18.349, 9.662, 0.0, 7.754, 15.025, 20.838, 22.681, 23.953, 26.082, 28.575, 30.364, 30.349, 30.403, 30.937, 32.042, 33.137, 33.461, 34.376, 36.022, 36.428, 36.485, 37.468, 38.961, 40.22, 40.283, 40.29, 40.943, 41.155, 41.055, 41.422, 42.114, 42.62, 43.137, 43.189, 42.613, 42.995, 43.2, 42.587, 42.116, 41.695, 41.41, 41.789, 41.864, 41.893, 42.322, 42.236, 42.02, 41.63, 33.273], [33.129, 32.5, 31.868, 27.356, 20.293, 13.78, 7.754, 0.0, 10.714, 18.442, 20.353, 21.353, 23.644, 26.609, 28.63, 28.764, 28.996, 29.583, 30.792, 31.969, 32.32, 33.332, 35.073, 35.569, 35.826, 36.969, 38.479, 39.823, 40.058, 40.131, 40.74, 40.911, 40.836, 41.214, 41.914, 42.426, 42.916, 42.91, 42.28, 42.656, 42.859, 42.255, 41.782, 41.367, 41.119, 41.516, 41.574, 41.675, 42.175, 42.082, 41.851, 41.394, 33.655], [34.378, 34.054, 33.572, 29.407, 22.997, 17.954, 15.025, 10.714, 0.0, 10.584, 13.905, 14.583, 17.42, 21.663, 24.311, 25.16, 26.054, 26.716, 28.141, 29.55, 30.002, 31.169, 33.187, 34.0, 34.647, 36.125, 37.719, 38.998, 39.361, 39.741, 40.571, 40.845, 40.839, 41.226, 41.934, 42.486, 42.961, 42.913, 42.31, 42.73, 42.912, 42.266, 41.811, 41.449, 41.25, 41.699, 41.813, 41.987, 42.503, 42.394, 42.191, 41.83, 34.695], [36.162, 35.911, 35.361, 31.695, 26.644, 22.971, 20.838, 18.442, 10.584, 0.0, 5.36, 7.251, 11.361, 17.664, 21.174, 22.974, 24.609, 25.328, 26.957, 28.525, 29.021, 30.245, 32.441, 33.479, 34.208, 35.645, 37.225, 38.496, 38.911, 39.703, 40.848, 41.244, 41.309, 41.694, 42.397, 42.973, 43.426, 43.362, 42.832, 43.278, 43.431, 42.793, 42.401, 42.122, 41.989, 42.45, 42.575, 42.74, 43.192, 43.054, 42.853, 42.576, 36.277], [36.993, 36.797, 36.26, 32.839, 28.214, 24.796, 22.681, 20.353, 13.905, 5.36, 0.0, 4.339, 9.706, 16.436, 20.04, 22.134, 23.994, 24.744, 26.461, 28.091, 28.597, 29.824, 32.063, 33.155, 33.884, 35.358, 37.006, 38.324, 38.748, 39.64, 40.915, 41.397, 41.493, 41.871, 42.594, 43.193, 43.631, 43.551, 43.055, 43.522, 43.673, 43.073, 42.718, 42.458, 42.368, 42.837, 42.947, 43.105, 43.524, 43.358, 43.131, 42.841, 37.015], [37.575, 37.443, 37.008, 33.765, 29.215, 25.943, 23.953, 21.353, 14.583, 7.251, 4.339, 0.0, 7.225, 15.116, 18.853, 21.15, 23.233, 24.038, 25.831, 27.532, 28.081, 29.393, 31.735, 32.907, 33.772, 35.426, 37.136, 38.474, 38.96, 39.856, 41.082, 41.546, 41.637, 42.023, 42.745, 43.34, 43.76, 43.686, 43.21, 43.675, 43.827, 43.22, 42.865, 42.62, 42.518, 42.952, 43.056, 43.226, 43.651, 43.481, 43.244, 42.962, 37.575], [37.469, 37.706, 37.631, 34.76, 30.708, 27.811, 26.082, 23.644, 17.42, 11.361, 9.706, 7.225, 0.0, 9.778, 15.002, 18.302, 21.04, 21.855, 23.502, 25.228, 25.855, 27.393, 29.972, 31.208, 32.161, 33.975, 35.878, 37.487, 38.126, 39.034, 40.339, 40.88, 40.956, 41.369, 42.164, 42.816, 43.315, 43.261, 42.765, 43.248, 43.388, 42.741, 42.325, 42.024, 41.954, 42.461, 42.577, 42.76, 43.195, 43.027, 42.801, 42.478, 37.348], [37.481, 38.152, 38.449, 35.959, 32.45, 29.856, 28.575, 26.609, 21.663, 17.664, 16.436, 15.116, 9.778, 0.0, 7.851, 13.795, 17.523, 18.426, 20.019, 21.888, 22.681, 24.492, 27.4, 28.661, 29.53, 31.668, 34.082, 36.059, 36.866, 37.722, 39.171, 39.925, 40.058, 40.503, 41.42, 42.189, 42.831, 42.763, 42.237, 42.779, 42.9, 42.209, 41.704, 41.282, 41.24, 41.918, 42.091, 42.297, 42.745, 42.568, 42.356, 42.086, 37.21], [38.069, 38.828, 39.143, 36.746, 33.462, 31.259, 30.364, 28.63, 24.311, 21.174, 20.04, 18.853, 15.002, 7.851, 0.0, 8.938, 14.312, 15.624, 17.632, 19.84, 20.769, 22.796, 25.99, 27.38, 28.257, 30.653, 33.331, 35.372, 36.24, 37.116, 38.711, 39.649, 39.864, 40.327, 41.336, 42.211, 42.911, 42.831, 42.306, 42.868, 42.982, 42.282, 41.76, 41.295, 41.245, 41.967, 42.161, 42.362, 42.815, 42.658, 42.444, 42.232, 37.726], [37.454, 38.25, 38.547, 36.055, 32.879, 31.052, 30.349, 28.764, 25.16, 22.974, 22.134, 21.15, 18.302, 13.795, 8.938, 0.0, 7.389, 10.331, 13.289, 15.884, 16.973, 19.56, 23.426, 25.098, 26.025, 28.595, 31.457, 33.65, 34.621, 35.585, 37.427, 38.564, 38.854, 39.362, 40.47, 41.467, 42.271, 42.243, 41.667, 42.22, 42.369, 41.629, 41.059, 40.569, 40.527, 41.298, 41.497, 41.695, 42.181, 42.059, 41.818, 41.604, 37.078], [37.048, 37.912, 38.207, 35.642, 32.604, 31.001, 30.403, 28.996, 26.054, 24.609, 23.994, 23.233, 21.04, 17.523, 14.312, 7.389, 0.0, 5.346, 10.254, 13.057, 13.927, 16.767, 21.142, 23.081, 24.06, 26.792, 29.858, 32.182, 33.213, 34.224, 36.174, 37.441, 37.811, 38.371, 39.557, 40.622, 41.555, 41.666, 41.096, 41.65, 41.829, 41.049, 40.433, 39.944, 39.945, 40.778, 40.979, 41.188, 41.714, 41.616, 41.373, 41.204, 36.603], [36.91, 37.965, 38.341, 35.788, 32.872, 31.43, 30.937, 29.583, 26.716, 25.328, 24.744, 24.038, 21.855, 18.426, 15.624, 10.331, 5.346, 0.0, 6.728, 10.401, 11.057, 13.843, 18.603, 20.828, 22.169, 25.278, 28.496, 30.943, 32.078, 33.2, 35.315, 36.679, 37.11, 37.725, 38.983, 40.09, 41.096, 41.265, 40.728, 41.329, 41.509, 40.713, 40.075, 39.599, 39.671, 40.547, 40.745, 40.966, 41.501, 41.408, 41.178, 41.002, 36.304], [36.599, 37.929, 38.467, 36.062, 33.418, 32.264, 32.042, 30.792, 28.141, 26.957, 26.461, 25.831, 23.502, 20.019, 17.632, 13.289, 10.254, 6.728, 0.0, 4.756, 6.257, 9.856, 15.484, 17.992, 19.614, 23.239, 26.669, 29.268, 30.546, 31.875, 34.311, 35.813, 36.299, 36.98, 38.327, 39.519, 40.631, 40.786, 40.262, 40.961, 41.158, 40.401, 39.771, 39.281, 39.434, 40.382, 40.587, 40.805, 41.322, 41.228, 40.986, 40.79, 35.798], [36.582, 38.015, 38.638, 36.366, 34.014, 33.158, 33.137, 31.969, 29.55, 28.525, 28.091, 27.532, 25.228, 21.888, 19.84, 15.884, 13.057, 10.401, 4.756, 0.0, 3.278, 8.338, 14.371, 17.018, 18.665, 22.386, 25.847, 28.45, 29.768, 31.2, 33.781, 35.374, 35.904, 36.624, 38.025, 39.261, 40.442, 40.634, 40.114, 40.834, 41.056, 40.35, 39.725, 39.226, 39.426, 40.416, 40.623, 40.82, 41.317, 41.223, 40.96, 40.77, 35.725], [36.507, 37.961, 38.605, 36.362, 34.157, 33.456, 33.461, 32.32, 30.002, 29.021, 28.597, 28.081, 25.855, 22.681, 20.769, 16.973, 13.927, 11.057, 6.257, 3.278, 0.0, 6.387, 13.178, 16.091, 17.829, 21.612, 25.114, 27.737, 29.112, 30.614, 33.238, 34.869, 35.446, 36.213, 37.65, 38.905, 40.146, 40.416, 39.909, 40.635, 40.883, 40.197, 39.573, 39.088, 39.32, 40.322, 40.528, 40.728, 41.231, 41.149, 40.883, 40.69, 35.629], [36.785, 38.453, 39.138, 36.973, 35.057, 34.42, 34.376, 33.332, 31.169, 30.245, 29.824, 29.393, 27.393, 24.492, 22.796, 19.56, 16.767, 13.843, 9.856, 8.338, 6.387, 0.0, 8.024, 12.11, 14.499, 19.018, 23.096, 25.849, 27.407, 29.305, 32.238, 33.959, 34.633, 35.499, 36.989, 38.294, 39.619, 39.971, 39.501, 40.3, 40.587, 39.954, 39.453, 39.057, 39.364, 40.434, 40.674, 40.908, 41.431, 41.371, 41.147, 40.97, 35.713], [37.486, 39.328, 40.089, 38.164, 36.653, 36.127, 36.022, 35.073, 33.187, 32.441, 32.063, 31.735, 29.972, 27.4, 25.99, 23.426, 21.142, 18.603, 15.484, 14.371, 13.178, 8.024, 0.0, 6.028, 10.614, 16.1, 20.685, 23.592, 25.39, 27.804, 31.179, 33.052, 33.847, 34.859, 36.442, 37.836, 39.21, 39.625, 39.239, 40.106, 40.418, 39.891, 39.585, 39.282, 39.663, 40.805, 41.057, 41.313, 41.856, 41.799, 41.599, 41.43, 36.266], [37.23, 39.188, 40.113, 38.403, 37.089, 36.59, 36.428, 35.569, 34.0, 33.479, 33.155, 32.907, 31.208, 28.661, 27.38, 25.098, 23.081, 20.828, 17.992, 17.018, 16.091, 12.11, 6.028, 0.0, 6.859, 13.592, 18.644, 21.928, 23.859, 26.366, 30.016, 32.042, 32.89, 34.012, 35.702, 37.187, 38.64, 39.092, 38.746, 39.657, 39.978, 39.487, 39.194, 38.849, 39.272, 40.477, 40.711, 40.979, 41.574, 41.512, 41.285, 41.102, 35.946], [36.366, 38.501, 39.665, 38.139, 37.138, 36.714, 36.485, 35.826, 34.647, 34.208, 33.884, 33.772, 32.161, 29.53, 28.257, 26.025, 24.06, 22.169, 19.614, 18.665, 17.829, 14.499, 10.614, 6.859, 0.0, 8.801, 16.03, 20.258, 22.173, 24.77, 28.879, 31.085, 31.947, 33.133, 34.934, 36.497, 38.087, 38.57, 38.174, 39.125, 39.468, 38.944, 38.584, 38.159, 38.596, 39.879, 40.125, 40.387, 41.007, 40.933, 40.653, 40.446, 35.046], [35.818, 38.035, 39.33, 38.003, 37.589, 37.682, 37.468, 36.969, 36.125, 35.645, 35.358, 35.426, 33.975, 31.668, 30.653, 28.595, 26.792, 25.278, 23.239, 22.386, 21.612, 19.018, 16.1, 13.592, 8.801, 0.0, 10.11, 16.582, 18.858, 22.086, 27.355, 29.893, 30.76, 32.098, 34.057, 35.709, 37.443, 37.977, 37.555, 38.544, 38.91, 38.413, 38.109, 37.739, 38.255, 39.606, 39.875, 40.161, 40.797, 40.741, 40.408, 40.155, 34.508], [36.203, 38.254, 39.392, 38.122, 38.104, 38.841, 38.961, 38.479, 37.719, 37.225, 37.006, 37.136, 35.878, 34.082, 33.331, 31.457, 29.858, 28.496, 26.669, 25.847, 25.114, 23.096, 20.685, 18.644, 16.03, 10.11, 0.0, 9.305, 13.452, 18.022, 24.973, 28.067, 29.072, 30.667, 32.781, 34.578, 36.384, 36.998, 36.792, 37.859, 38.278, 37.989, 37.925, 37.84, 38.633, 40.03, 40.275, 40.636, 41.253, 41.2, 40.824, 40.599, 34.977], [37.5, 39.28, 40.167, 38.857, 38.812, 39.779, 40.22, 39.823, 38.998, 38.496, 38.324, 38.474, 37.487, 36.059, 35.372, 33.65, 32.182, 30.943, 29.268, 28.45, 27.737, 25.849, 23.592, 21.928, 20.258, 16.582, 9.305, 0.0, 7.252, 14.671, 23.074, 26.702, 27.967, 29.709, 31.863, 33.773, 35.598, 36.358, 36.469, 37.636, 38.138, 38.182, 38.438, 38.632, 39.6, 40.998, 41.233, 41.605, 42.17, 42.109, 41.743, 41.577, 36.381], [37.677, 39.328, 40.118, 38.83, 38.762, 39.734, 40.283, 40.058, 39.361, 38.911, 38.748, 38.96, 38.126, 36.866, 36.24, 34.621, 33.213, 32.078, 30.546, 29.768, 29.112, 27.407, 25.39, 23.859, 22.173, 18.858, 13.452, 7.252, 0.0, 10.546, 21.07, 25.378, 26.657, 28.353, 30.624, 32.664, 34.511, 35.368, 35.628, 36.859, 37.403, 37.568, 38.026, 38.444, 39.549, 41.022, 41.278, 41.636, 42.22, 42.214, 41.883, 41.722, 36.599], [37.213, 38.94, 39.863, 38.737, 38.742, 39.736, 40.29, 40.131, 39.741, 39.703, 39.64, 39.856, 39.034, 37.722, 37.116, 35.585, 34.224, 33.2, 31.875, 31.2, 30.614, 29.305, 27.804, 26.366, 24.77, 22.086, 18.022, 14.671, 10.546, 0.0, 13.651, 20.123, 21.798, 23.552, 26.335, 28.899, 31.05, 32.181, 32.67, 34.095, 34.763, 35.084, 35.849, 36.682, 38.195, 39.964, 40.31, 40.77, 41.463, 41.495, 41.28, 41.285, 36.064], [37.934, 39.501, 40.503, 39.563, 39.569, 40.51, 40.943, 40.74, 40.571, 40.848, 40.915, 41.082, 40.339, 39.171, 38.711, 37.427, 36.174, 35.315, 34.311, 33.781, 33.238, 32.238, 31.179, 30.016, 28.879, 27.355, 24.973, 23.074, 21.07, 13.651, 0.0, 10.025, 14.058, 16.305, 19.69, 23.149, 26.002, 27.858, 28.868, 30.636, 31.499, 32.279, 33.631, 35.005, 36.872, 38.846, 39.33, 40.011, 40.893, 40.876, 40.896, 41.235, 36.897], [38.432, 39.848, 40.846, 39.921, 39.931, 40.857, 41.155, 40.911, 40.845, 41.244, 41.397, 41.546, 40.88, 39.925, 39.649, 38.564, 37.441, 36.679, 35.813, 35.374, 34.869, 33.959, 33.052, 32.042, 31.085, 29.893, 28.067, 26.702, 25.378, 20.123, 10.025, 0.0, 7.096, 11.143, 14.486, 18.195, 21.723, 24.352, 25.85, 27.861, 28.859, 30.079, 31.799, 33.372, 35.456, 37.6, 38.207, 39.129, 40.31, 40.39, 40.555, 41.098, 37.516], [38.291, 39.736, 40.733, 39.774, 39.79, 40.742, 41.055, 40.836, 40.839, 41.309, 41.493, 41.637, 40.956, 40.058, 39.864, 38.854, 37.811, 37.11, 36.299, 35.904, 35.446, 34.633, 33.847, 32.89, 31.947, 30.76, 29.072, 27.967, 26.657, 21.798, 14.058, 7.096, 0.0, 6.199, 10.764, 14.798, 18.777, 21.785, 23.485, 25.651, 26.696, 28.197, 30.093, 31.747, 34.113, 36.533, 37.209, 38.2, 39.574, 39.854, 40.124, 40.747, 37.337], [38.607, 40.057, 41.032, 40.055, 40.041, 41.044, 41.422, 41.214, 41.226, 41.694, 41.871, 42.023, 41.369, 40.503, 40.327, 39.362, 38.371, 37.725, 36.98, 36.624, 36.213, 35.499, 34.859, 34.012, 33.133, 32.098, 30.667, 29.709, 28.353, 23.552, 16.305, 11.143, 6.199, 0.0, 6.585, 12.059, 16.623, 19.921, 21.75, 24.029, 25.047, 26.732, 28.846, 30.691, 33.366, 36.039, 36.788, 37.816, 39.266, 39.64, 40.067, 40.828, 37.615], [39.484, 40.862, 41.805, 40.816, 40.755, 41.765, 42.114, 41.914, 41.934, 42.397, 42.594, 42.745, 42.164, 41.42, 41.336, 40.47, 39.557, 38.983, 38.327, 38.025, 37.65, 36.989, 36.442, 35.702, 34.934, 34.057, 32.781, 31.863, 30.624, 26.335, 19.69, 14.486, 10.764, 6.585, 0.0, 7.147, 13.642, 17.951, 20.117, 22.513, 23.562, 25.469, 27.874, 29.952, 32.865, 35.726, 36.555, 37.66, 39.21, 39.674, 40.214, 41.152, 38.557], [40.148, 41.465, 42.395, 41.38, 41.324, 42.33, 42.62, 42.426, 42.486, 42.973, 43.193, 43.34, 42.816, 42.189, 42.211, 41.467, 40.622, 40.09, 39.519, 39.261, 38.905, 38.294, 37.836, 37.187, 36.497, 35.709, 34.578, 33.773, 32.664, 28.899, 23.149, 18.195, 14.798, 12.059, 7.147, 0.0, 8.918, 15.141, 18.058, 20.575, 21.699, 23.888, 26.653, 29.063, 32.326, 35.405, 36.261, 37.454, 39.119, 39.678, 40.241, 41.307, 39.311], [40.894, 42.048, 42.925, 41.938, 41.883, 42.861, 43.137, 42.916, 42.961, 43.426, 43.631, 43.76, 43.315, 42.831, 42.911, 42.271, 41.555, 41.096, 40.631, 40.442, 40.146, 39.619, 39.21, 38.64, 38.087, 37.443, 36.384, 35.598, 34.511, 31.05, 26.002, 21.723, 18.777, 16.623, 13.642, 8.918, 0.0, 8.662, 14.448, 17.723, 18.675, 21.345, 24.952, 28.032, 31.896, 35.261, 36.105, 37.417, 39.24, 39.897, 40.5, 41.731, 40.177], [41.11, 42.295, 43.176, 42.179, 42.032, 42.928, 43.189, 42.91, 42.913, 43.362, 43.551, 43.686, 43.261, 42.763, 42.831, 42.243, 41.666, 41.265, 40.786, 40.634, 40.416, 39.971, 39.625, 39.092, 38.57, 37.977, 36.998, 36.358, 35.368, 32.181, 27.858, 24.352, 21.785, 19.921, 17.951, 15.141, 8.662, 0.0, 9.306, 14.559, 15.28, 18.203, 22.661, 26.351, 30.762, 34.37, 35.27, 36.743, 38.705, 39.437, 40.143, 41.512, 40.329], [40.421, 41.689, 42.635, 41.605, 41.497, 42.403, 42.613, 42.28, 42.31, 42.832, 43.055, 43.21, 42.765, 42.237, 42.306, 41.667, 41.096, 40.728, 40.262, 40.114, 39.909, 39.501, 39.239, 38.746, 38.174, 37.555, 36.792, 36.469, 35.628, 32.67, 28.868, 25.85, 23.485, 21.75, 20.117, 18.058, 14.448, 9.306, 0.0, 7.524, 9.653, 13.161, 18.553, 23.053, 28.108, 32.102, 33.209, 34.882, 37.031, 37.867, 38.707, 40.229, 39.596], [40.782, 41.911, 42.832, 41.891, 41.895, 42.808, 42.995, 42.656, 42.73, 43.278, 43.522, 43.675, 43.248, 42.779, 42.868, 42.22, 41.65, 41.329, 40.961, 40.834, 40.635, 40.3, 40.106, 39.657, 39.125, 38.544, 37.859, 37.636, 36.859, 34.095, 30.636, 27.861, 25.651, 24.029, 22.513, 20.575, 17.723, 14.559, 7.524, 0.0, 5.157, 10.573, 16.377, 21.378, 27.017, 31.345, 32.581, 34.349, 36.631, 37.532, 38.406, 40.066, 40.042], [41.02, 42.134, 43.053, 42.166, 42.169, 43.026, 43.2, 42.859, 42.912, 43.431, 43.673, 43.827, 43.388, 42.9, 42.982, 42.369, 41.829, 41.509, 41.158, 41.056, 40.883, 40.587, 40.418, 39.978, 39.468, 38.91, 38.278, 38.138, 37.403, 34.763, 31.499, 28.859, 26.696, 25.047, 23.562, 21.699, 18.675, 15.28, 9.653, 5.157, 0.0, 7.968, 15.093, 20.22, 25.978, 30.502, 31.791, 33.625, 36.013, 37.02, 37.994, 39.761, 40.278], [40.436, 41.618, 42.596, 41.655, 41.651, 42.477, 42.587, 42.255, 42.266, 42.793, 43.073, 43.22, 42.741, 42.209, 42.282, 41.629, 41.049, 40.713, 40.401, 40.35, 40.197, 39.954, 39.891, 39.487, 38.944, 38.413, 37.989, 38.182, 37.568, 35.084, 32.279, 30.079, 28.197, 26.732, 25.469, 23.888, 21.345, 18.203, 13.161, 10.573, 7.968, 0.0, 9.273, 16.244, 22.462, 27.133, 28.496, 30.539, 33.179, 34.404, 35.648, 37.741, 39.711], [39.768, 40.992, 42.087, 41.143, 41.196, 42.06, 42.116, 41.782, 41.811, 42.401, 42.718, 42.865, 42.325, 41.704, 41.76, 41.059, 40.433, 40.075, 39.771, 39.725, 39.573, 39.453, 39.585, 39.194, 38.584, 38.109, 37.925, 38.438, 38.026, 35.849, 33.631, 31.799, 30.093, 28.846, 27.874, 26.653, 24.952, 22.661, 18.553, 16.377, 15.093, 9.273, 0.0, 9.577, 17.948, 23.309, 24.739, 27.043, 29.974, 31.396, 32.904, 35.347, 39.127], [39.093, 40.378, 41.596, 40.771, 40.897, 41.701, 41.695, 41.367, 41.449, 42.122, 42.458, 42.62, 42.024, 41.282, 41.295, 40.569, 39.944, 39.599, 39.281, 39.226, 39.088, 39.057, 39.282, 38.849, 38.159, 37.739, 37.84, 38.632, 38.444, 36.682, 35.005, 33.372, 31.747, 30.691, 29.952, 29.063, 28.032, 26.351, 23.053, 21.378, 20.22, 16.244, 9.577, 0.0, 11.412, 19.115, 21.076, 23.585, 26.971, 28.609, 30.334, 33.277, 38.505], [38.983, 40.171, 41.397, 40.722, 40.894, 41.554, 41.41, 41.119, 41.25, 41.989, 42.368, 42.518, 41.954, 41.24, 41.245, 40.527, 39.945, 39.671, 39.434, 39.426, 39.32, 39.364, 39.663, 39.272, 38.596, 38.255, 38.633, 39.6, 39.549, 38.195, 36.872, 35.456, 34.113, 33.366, 32.865, 32.326, 31.896, 30.762, 28.108, 27.017, 25.978, 22.462, 17.948, 11.412, 0.0, 10.296, 14.104, 16.818, 20.746, 22.859, 25.111, 29.186, 38.495], [39.709, 40.715, 41.837, 41.192, 41.376, 41.992, 41.789, 41.516, 41.699, 42.45, 42.837, 42.952, 42.461, 41.918, 41.967, 41.298, 40.778, 40.547, 40.382, 40.416, 40.322, 40.434, 40.805, 40.477, 39.879, 39.606, 40.03, 40.998, 41.022, 39.964, 38.846, 37.6, 36.533, 36.039, 35.726, 35.405, 35.261, 34.37, 32.102, 31.345, 30.502, 27.133, 23.309, 19.115, 10.296, 0.0, 6.415, 10.55, 15.158, 17.724, 20.396, 24.998, 39.347], [39.868, 40.837, 41.931, 41.277, 41.481, 42.083, 41.864, 41.574, 41.813, 42.575, 42.947, 43.056, 42.577, 42.091, 42.161, 41.497, 40.979, 40.745, 40.587, 40.623, 40.528, 40.674, 41.057, 40.711, 40.125, 39.875, 40.275, 41.233, 41.278, 40.31, 39.33, 38.207, 37.209, 36.788, 36.555, 36.261, 36.105, 35.27, 33.209, 32.581, 31.791, 28.496, 24.739, 21.076, 14.104, 6.415, 0.0, 7.026, 13.24, 15.986, 18.596, 23.245, 39.552], [39.825, 40.769, 41.852, 41.228, 41.486, 42.103, 41.893, 41.675, 41.987, 42.74, 43.105, 43.226, 42.76, 42.297, 42.362, 41.695, 41.188, 40.966, 40.805, 40.82, 40.728, 40.908, 41.313, 40.979, 40.387, 40.161, 40.636, 41.605, 41.636, 40.77, 40.011, 39.129, 38.2, 37.816, 37.66, 37.454, 37.417, 36.743, 34.882, 34.349, 33.625, 30.539, 27.043, 23.585, 16.818, 10.55, 7.026, 0.0, 7.967, 12.124, 15.464, 21.328, 39.552], [40.123, 41.064, 42.164, 41.574, 41.868, 42.522, 42.322, 42.175, 42.503, 43.192, 43.524, 43.651, 43.195, 42.745, 42.815, 42.181, 41.714, 41.501, 41.322, 41.317, 41.231, 41.431, 41.856, 41.574, 41.007, 40.797, 41.253, 42.17, 42.22, 41.463, 40.893, 40.31, 39.574, 39.266, 39.21, 39.119, 39.24, 38.705, 37.031, 36.631, 36.013, 33.179, 29.974, 26.971, 20.746, 15.158, 13.24, 7.967, 0.0, 6.752, 12.178, 19.469, 39.9], [40.117, 41.05, 42.137, 41.542, 41.824, 42.46, 42.236, 42.082, 42.394, 43.054, 43.358, 43.481, 43.027, 42.568, 42.658, 42.059, 41.616, 41.408, 41.228, 41.223, 41.149, 41.371, 41.799, 41.512, 40.933, 40.741, 41.2, 42.109, 42.214, 41.495, 40.876, 40.39, 39.854, 39.64, 39.674, 39.678, 39.897, 39.437, 37.867, 37.532, 37.02, 34.404, 31.396, 28.609, 22.859, 17.724, 15.986, 12.124, 6.752, 0.0, 8.21, 17.577, 39.896], [39.869, 40.804, 41.888, 41.279, 41.564, 42.23, 42.02, 41.851, 42.191, 42.853, 43.131, 43.244, 42.801, 42.356, 42.444, 41.818, 41.373, 41.178, 40.986, 40.96, 40.883, 41.147, 41.599, 41.285, 40.653, 40.408, 40.824, 41.743, 41.883, 41.28, 40.896, 40.555, 40.124, 40.067, 40.214, 40.241, 40.5, 40.143, 38.707, 38.406, 37.994, 35.648, 32.904, 30.334, 25.111, 20.396, 18.596, 15.464, 12.178, 8.21, 0.0, 13.458, 39.65], [38.767, 39.647, 40.827, 40.43, 41.059, 41.894, 41.63, 41.394, 41.83, 42.576, 42.841, 42.962, 42.478, 42.086, 42.232, 41.604, 41.204, 41.002, 40.79, 40.77, 40.69, 40.97, 41.43, 41.102, 40.446, 40.155, 40.599, 41.577, 41.722, 41.285, 41.235, 41.098, 40.747, 40.828, 41.152, 41.307, 41.731, 41.512, 40.229, 40.066, 39.761, 37.741, 35.347, 33.277, 29.186, 24.998, 23.245, 21.328, 19.469, 17.577, 13.458, 0.0, 38.755], [9.11, 17.533, 22.27, 23.967, 29.101, 32.514, 33.273, 33.655, 34.695, 36.277, 37.015, 37.575, 37.348, 37.21, 37.726, 37.078, 36.603, 36.304, 35.798, 35.725, 35.629, 35.713, 36.266, 35.946, 35.046, 34.508, 34.977, 36.381, 36.599, 36.064, 36.897, 37.516, 37.337, 37.615, 38.557, 39.311, 40.177, 40.329, 39.596, 40.042, 40.278, 39.711, 39.127, 38.505, 38.495, 39.347, 39.552, 39.552, 39.9, 39.896, 39.65, 38.755, 0.0]]