[[0.0, 4.294, 8.543, 11.544, 14.197, 17.722, 21.317, 24.564, 26.43, 27.354, 28.762, 30.758, 31.885, 32.698, 34.456, 36.275, 37.324, 38.461, 40.479, 42.503, 43.822, 44.615, 45.219, 45.92, 46.758, 47.359, 47.48, 47.113, 46.76, 46.479, 46.455, 46.621, 45.937, 45.9, 50.197, 54.645, 54.519, 53.19, 52.925, 53.167, 53.104, 52.58, 52.041, 51.786, 51.622, 51.49, 51.705, 51.979, 51.709, 50.975, 50.418, 49.995, 49.678, 49.253, 48.395, 47.611, 46.792, 45.936, 45.293, 45.159, 44.873, 44.642, 45.102, 45.972, 46.374, 46.403, 46.373, 46.531, 46.823, 46.999, 46.991, 46.971, 47.024, 47.015, 46.896, 46.799, 46.19, 45.552, 45.573, 45.689, 45.8, 46.056, 46.27, 46.098, 45.218, 45.248, 45.724, 46.088, 46.495, 47.049, 47.322, 47.318, 47.332, 47.376, 47.291, 47.008, 46.679, 46.487, 46.524, 46.609, 46.661, 47.012, 47.257, 46.859, 45.44, 44.062, 43.175, 43.252, 43.583, 43.398, 43.454, 44.129, 44.427, 44.336, 44.394, 44.602, 44.643, 44.581, 44.507, 44.37, 44.328, 44.342, 44.189, 43.809, 43.482, 43.629, 44.048, 44.306, 44.154, 43.622, 43.314, 43.348, 43.254, 43.183, 43.472, 43.86, 44.074, 44.06, 43.913, 43.776, 43.757, 43.647, 43.434, 43.354, 43.402, 42.901, 43.612, 45.023, 46.678, 48.813, 49.097, 48.599, 48.54, 48.458, 48.226, 48.012, 47.878, 47.863, 47.616, 47.35, 47.926, 48.737, 47.471, 46.873, 48.245, 48.888, 48.217, 47.532, 47.4, 47.404, 47.331, 47.363, 47.362, 47.027, 46.802, 46.851, 46.57, 46.131, 45.762, 45.581, 45.219, 44.915, 44.885, 44.894, 44.814, 44.872, 44.979, 44.839, 44.64, 44.667, 44.359, 44.062, 44.001, 43.936, 43.979, 44.116, 44.236, 44.265, 44.205, 44.224, 44.403, 44.759, 45.282, 45.616, 45.389, 45.04, 44.943, 45.021, 44.717, 44.216, 44.197, 43.921, 43.673, 43.777, 43.843, 43.588, 43.384, 43.273, 43.08, 43.091, 43.223, 43.331, 43.471, 43.567, 43.506, 43.547, 43.722, 43.832, 43.903, 4.376], [4.294, 0.0, 5.01, 8.849, 12.23, 16.29, 20.273, 23.794, 25.778, 26.705, 28.076, 30.078, 31.234, 32.067, 33.865, 35.722, 36.754, 37.854, 39.88, 41.955, 43.313, 44.121, 44.733, 45.463, 46.351, 47.009, 47.153, 46.79, 46.437, 46.152, 46.099, 46.25, 45.542, 45.531, 49.966, 54.489, 54.379, 53.012, 52.728, 52.979, 52.925, 52.4, 51.851, 51.59, 51.422, 51.286, 51.5, 51.775, 51.5, 50.76, 50.207, 49.783, 49.456, 49.024, 48.157, 47.361, 46.529, 45.644, 44.963, 44.812, 44.498, 44.217, 44.679, 45.587, 46.019, 46.053, 46.02, 46.187, 46.494, 46.679, 46.671, 46.651, 46.705, 46.694, 46.574, 46.477, 45.861, 45.182, 45.181, 45.302, 45.425, 45.676, 45.883, 45.695, 44.764, 44.777, 45.279, 45.664, 46.09, 46.667, 46.959, 46.962, 46.987, 47.037, 46.946, 46.648, 46.307, 46.11, 46.153, 46.249, 46.299, 46.641, 46.881, 46.46, 45.01, 43.56, 42.636, 42.771, 43.126, 42.905, 42.947, 43.627, 43.927, 43.833, 43.892, 44.107, 44.15, 44.083, 44.003, 43.868, 43.83, 43.843, 43.691, 43.324, 43.018, 43.176, 43.592, 43.833, 43.659, 43.095, 42.733, 42.738, 42.646, 42.578, 42.865, 43.272, 43.492, 43.473, 43.329, 43.207, 43.205, 43.097, 42.898, 42.823, 42.865, 42.366, 43.159, 44.649, 46.366, 48.5, 48.768, 48.255, 48.195, 48.102, 47.84, 47.601, 47.452, 47.432, 47.182, 46.912, 47.504, 48.306, 46.988, 46.411, 47.854, 48.509, 47.823, 47.132, 47.0, 47.002, 46.924, 46.951, 46.948, 46.626, 46.421, 46.48, 46.198, 45.749, 45.336, 45.132, 44.758, 44.439, 44.408, 44.424, 44.347, 44.401, 44.503, 44.352, 44.142, 44.172, 43.876, 43.611, 43.551, 43.488, 43.546, 43.687, 43.803, 43.831, 43.77, 43.788, 43.978, 44.345, 44.863, 45.194, 44.953, 44.556, 44.436, 44.517, 44.229, 43.738, 43.713, 43.418, 43.158, 43.255, 43.309, 43.048, 42.835, 42.711, 42.524, 42.551, 42.678, 42.779, 42.927, 43.031, 42.971, 43.018, 43.212, 43.34, 43.428, 7.558], [8.543, 5.01, 0.0, 4.805, 9.713, 14.815, 19.375, 23.232, 25.355, 26.323, 27.738, 29.813, 31.032, 31.894, 33.719, 35.606, 36.649, 37.758, 39.785, 41.856, 43.206, 43.997, 44.607, 45.372, 46.301, 46.983, 47.133, 46.774, 46.435, 46.182, 46.126, 46.256, 45.577, 45.603, 49.934, 54.42, 54.318, 52.966, 52.684, 52.931, 52.877, 52.358, 51.817, 51.559, 51.389, 51.248, 51.455, 51.73, 51.461, 50.73, 50.189, 49.775, 49.45, 49.016, 48.154, 47.372, 46.557, 45.675, 44.983, 44.829, 44.519, 44.251, 44.709, 45.588, 46.012, 46.048, 46.02, 46.19, 46.5, 46.687, 46.68, 46.659, 46.711, 46.698, 46.572, 46.474, 45.87, 45.189, 45.186, 45.31, 45.438, 45.682, 45.873, 45.69, 44.769, 44.772, 45.275, 45.655, 46.079, 46.654, 46.942, 46.941, 46.963, 47.02, 46.937, 46.642, 46.306, 46.115, 46.162, 46.267, 46.323, 46.655, 46.881, 46.453, 45.015, 43.549, 42.576, 42.706, 43.081, 42.9, 42.979, 43.651, 43.942, 43.847, 43.892, 44.091, 44.132, 44.064, 43.981, 43.866, 43.862, 43.896, 43.753, 43.389, 43.078, 43.226, 43.638, 43.886, 43.737, 43.204, 42.837, 42.816, 42.713, 42.642, 42.922, 43.328, 43.541, 43.516, 43.377, 43.27, 43.286, 43.193, 43.018, 42.945, 42.988, 42.494, 43.196, 44.67, 46.339, 48.415, 48.658, 48.152, 48.103, 48.004, 47.721, 47.464, 47.307, 47.286, 47.045, 46.788, 47.381, 48.188, 46.875, 46.301, 47.75, 48.403, 47.718, 47.03, 46.899, 46.907, 46.834, 46.857, 46.856, 46.554, 46.367, 46.444, 46.176, 45.724, 45.295, 45.087, 44.716, 44.4, 44.375, 44.395, 44.32, 44.371, 44.479, 44.357, 44.167, 44.189, 43.904, 43.674, 43.623, 43.565, 43.635, 43.78, 43.886, 43.906, 43.841, 43.853, 44.033, 44.391, 44.889, 45.192, 44.95, 44.58, 44.456, 44.52, 44.251, 43.791, 43.761, 43.465, 43.218, 43.321, 43.368, 43.101, 42.889, 42.777, 42.596, 42.628, 42.748, 42.831, 42.966, 43.061, 42.992, 43.032, 43.229, 43.364, 43.461, 10.792], [11.544, 8.849, 4.805, 0.0, 6.19, 12.534, 17.901, 22.164, 24.415, 25.45, 26.975, 29.178, 30.508, 31.445, 33.311, 35.248, 36.365, 37.546, 39.643, 41.757, 43.118, 43.893, 44.48, 45.24, 46.18, 46.888, 47.06, 46.706, 46.377, 46.126, 46.06, 46.194, 45.531, 45.589, 49.877, 54.349, 54.241, 52.895, 52.624, 52.874, 52.821, 52.303, 51.762, 51.504, 51.331, 51.183, 51.388, 51.666, 51.4, 50.673, 50.133, 49.722, 49.399, 48.959, 48.078, 47.284, 46.469, 45.572, 44.864, 44.708, 44.39, 44.13, 44.608, 45.507, 45.934, 45.969, 45.941, 46.113, 46.427, 46.618, 46.612, 46.591, 46.644, 46.629, 46.495, 46.393, 45.785, 45.082, 45.074, 45.209, 45.338, 45.575, 45.754, 45.587, 44.693, 44.693, 45.199, 45.58, 46.011, 46.596, 46.888, 46.887, 46.906, 46.962, 46.878, 46.581, 46.242, 46.049, 46.09, 46.192, 46.25, 46.585, 46.812, 46.376, 44.928, 43.43, 42.387, 42.496, 42.885, 42.743, 42.875, 43.584, 43.889, 43.796, 43.829, 44.014, 44.05, 43.98, 43.9, 43.801, 43.832, 43.9, 43.781, 43.416, 43.086, 43.221, 43.632, 43.886, 43.742, 43.216, 42.852, 42.839, 42.747, 42.674, 42.949, 43.348, 43.552, 43.52, 43.378, 43.266, 43.28, 43.204, 43.048, 42.97, 43.006, 42.515, 43.141, 44.597, 46.202, 48.259, 48.498, 47.993, 47.945, 47.838, 47.539, 47.27, 47.109, 47.09, 46.858, 46.607, 47.213, 48.057, 46.771, 46.177, 47.653, 48.341, 47.661, 46.959, 46.821, 46.837, 46.771, 46.792, 46.787, 46.491, 46.31, 46.402, 46.157, 45.707, 45.264, 45.043, 44.663, 44.349, 44.327, 44.348, 44.27, 44.317, 44.424, 44.306, 44.11, 44.126, 43.849, 43.624, 43.577, 43.532, 43.618, 43.765, 43.858, 43.869, 43.802, 43.81, 43.984, 44.336, 44.816, 45.11, 44.901, 44.574, 44.434, 44.494, 44.243, 43.781, 43.723, 43.424, 43.186, 43.3, 43.34, 43.064, 42.859, 42.776, 42.598, 42.623, 42.739, 42.811, 42.933, 43.02, 42.937, 42.96, 43.147, 43.281, 43.383, 13.259], [14.197, 12.23, 9.713, 6.19, 0.0, 7.414, 14.141, 19.367, 21.984, 23.181, 24.914, 27.359, 28.898, 30.008, 31.974, 33.999, 35.221, 36.506, 38.763, 41.023, 42.46, 43.26, 43.834, 44.56, 45.497, 46.269, 46.501, 46.159, 45.829, 45.563, 45.494, 45.675, 44.95, 45.054, 49.723, 54.367, 54.244, 52.844, 52.571, 52.844, 52.8, 52.271, 51.707, 51.437, 51.259, 51.104, 51.313, 51.591, 51.312, 50.566, 50.016, 49.591, 49.251, 48.789, 47.851, 46.991, 46.104, 45.111, 44.336, 44.161, 43.771, 43.426, 43.955, 44.989, 45.473, 45.509, 45.476, 45.659, 45.996, 46.203, 46.197, 46.174, 46.232, 46.222, 46.09, 45.987, 45.34, 44.56, 44.53, 44.688, 44.821, 45.042, 45.204, 45.009, 44.043, 43.996, 44.525, 44.947, 45.427, 46.066, 46.393, 46.407, 46.435, 46.489, 46.384, 46.059, 45.694, 45.479, 45.509, 45.603, 45.663, 46.032, 46.279, 45.781, 44.242, 42.671, 41.596, 41.762, 42.156, 41.951, 42.051, 42.822, 43.172, 43.073, 43.111, 43.308, 43.333, 43.246, 43.168, 43.08, 43.139, 43.26, 43.2, 42.852, 42.486, 42.594, 43.005, 43.245, 43.046, 42.431, 42.012, 42.056, 42.008, 41.916, 42.182, 42.586, 42.793, 42.761, 42.611, 42.474, 42.462, 42.404, 42.267, 42.194, 42.187, 41.705, 42.446, 43.943, 45.611, 47.774, 48.031, 47.489, 47.42, 47.278, 46.932, 46.64, 46.471, 46.448, 46.204, 45.945, 46.629, 47.508, 46.217, 45.652, 47.28, 48.046, 47.353, 46.611, 46.447, 46.449, 46.376, 46.392, 46.377, 46.083, 45.915, 46.019, 45.784, 45.328, 44.821, 44.532, 44.11, 43.768, 43.731, 43.751, 43.667, 43.703, 43.79, 43.61, 43.357, 43.379, 43.1, 42.878, 42.836, 42.808, 42.924, 43.073, 43.145, 43.146, 43.079, 43.094, 43.284, 43.649, 44.134, 44.455, 44.309, 43.971, 43.782, 43.859, 43.641, 43.133, 43.005, 42.681, 42.451, 42.563, 42.566, 42.236, 42.014, 41.954, 41.786, 41.812, 41.932, 42.013, 42.144, 42.229, 42.137, 42.159, 42.344, 42.48, 42.591, 15.537], [17.722, 16.29, 14.815, 12.534, 7.414, 0.0, 7.985, 14.774, 18.35, 19.987, 21.956, 24.631, 26.424, 27.787, 29.887, 32.018, 33.341, 34.744, 37.241, 39.747, 41.348, 42.244, 42.854, 43.572, 44.533, 45.387, 45.671, 45.316, 44.973, 44.703, 44.592, 44.778, 43.937, 44.139, 49.548, 54.523, 54.385, 52.889, 52.61, 52.922, 52.899, 52.355, 51.758, 51.465, 51.274, 51.113, 51.326, 51.586, 51.269, 50.491, 49.931, 49.487, 49.105, 48.588, 47.554, 46.592, 45.594, 44.451, 43.569, 43.363, 42.843, 42.31, 42.894, 44.111, 44.679, 44.72, 44.678, 44.877, 45.253, 45.487, 45.485, 45.464, 45.536, 45.543, 45.431, 45.334, 44.606, 43.682, 43.599, 43.782, 43.93, 44.135, 44.303, 44.101, 43.039, 42.932, 43.494, 43.988, 44.542, 45.253, 45.631, 45.671, 45.723, 45.777, 45.638, 45.272, 44.878, 44.636, 44.649, 44.737, 44.81, 45.226, 45.476, 44.901, 43.291, 41.563, 40.402, 40.698, 41.122, 40.79, 40.787, 41.594, 41.998, 41.897, 41.963, 42.211, 42.237, 42.126, 42.035, 41.933, 41.984, 42.134, 42.14, 41.824, 41.413, 41.463, 41.848, 42.046, 41.768, 41.033, 40.527, 40.637, 40.643, 40.518, 40.775, 41.196, 41.412, 41.378, 41.211, 41.034, 40.99, 40.965, 40.863, 40.811, 40.73, 40.329, 41.4, 43.067, 44.918, 47.206, 47.45, 46.827, 46.719, 46.548, 46.165, 45.844, 45.654, 45.62, 45.344, 45.056, 45.854, 46.814, 45.437, 44.891, 46.784, 47.693, 46.974, 46.167, 45.967, 45.937, 45.844, 45.852, 45.82, 45.514, 45.364, 45.486, 45.25, 44.78, 44.191, 43.804, 43.308, 42.899, 42.831, 42.858, 42.768, 42.788, 42.823, 42.501, 42.13, 42.153, 41.877, 41.643, 41.597, 41.586, 41.751, 41.915, 41.97, 41.962, 41.893, 41.917, 42.133, 42.523, 43.05, 43.446, 43.349, 42.904, 42.629, 42.733, 42.514, 41.912, 41.717, 41.354, 41.118, 41.227, 41.165, 40.753, 40.529, 40.495, 40.342, 40.396, 40.526, 40.62, 40.769, 40.86, 40.774, 40.818, 41.016, 41.172, 41.307, 18.646], [21.317, 20.273, 19.375, 17.901, 14.141, 7.985, 0.0, 8.101, 13.242, 15.917, 18.267, 21.07, 23.089, 24.765, 27.086, 29.44, 30.964, 32.588, 35.451, 38.297, 40.139, 41.212, 41.939, 42.736, 43.794, 44.736, 45.024, 44.619, 44.262, 43.966, 43.783, 43.942, 42.999, 43.345, 49.457, 54.7, 54.527, 52.961, 52.688, 53.032, 53.032, 52.483, 51.856, 51.539, 51.341, 51.185, 51.407, 51.644, 51.28, 50.467, 49.9, 49.444, 49.02, 48.436, 47.307, 46.246, 45.152, 43.886, 42.911, 42.674, 42.03, 41.284, 41.875, 43.23, 43.862, 43.908, 43.858, 44.064, 44.463, 44.719, 44.728, 44.719, 44.811, 44.839, 44.756, 44.665, 43.847, 42.774, 42.625, 42.83, 43.011, 43.227, 43.44, 43.297, 42.194, 42.079, 42.669, 43.231, 43.849, 44.618, 45.038, 45.107, 45.184, 45.233, 45.058, 44.661, 44.245, 43.976, 43.957, 44.035, 44.137, 44.577, 44.8, 44.208, 42.618, 40.7, 39.413, 39.837, 40.288, 39.83, 39.739, 40.558, 41.007, 40.901, 41.002, 41.324, 41.381, 41.26, 41.149, 41.009, 41.025, 41.188, 41.245, 40.933, 40.471, 40.463, 40.808, 40.952, 40.591, 39.755, 39.17, 39.303, 39.358, 39.228, 39.507, 39.966, 40.185, 40.148, 39.96, 39.734, 39.662, 39.693, 39.64, 39.613, 39.445, 39.182, 40.688, 42.588, 44.621, 46.97, 47.171, 46.457, 46.309, 46.119, 45.709, 45.36, 45.144, 45.091, 44.792, 44.466, 45.314, 46.35, 44.894, 44.313, 46.447, 47.506, 46.767, 45.913, 45.7, 45.649, 45.537, 45.54, 45.476, 45.128, 44.993, 45.145, 44.903, 44.424, 43.785, 43.33, 42.759, 42.273, 42.179, 42.217, 42.123, 42.127, 42.099, 41.623, 41.131, 41.163, 40.886, 40.591, 40.523, 40.53, 40.749, 40.939, 40.987, 40.975, 40.904, 40.936, 41.188, 41.627, 42.231, 42.725, 42.643, 41.995, 41.579, 41.725, 41.457, 40.734, 40.5, 40.097, 39.842, 39.948, 39.814, 39.336, 39.163, 39.181, 39.042, 39.131, 39.273, 39.371, 39.537, 39.64, 39.568, 39.638, 39.858, 40.043, 40.202, 21.899], [24.564, 23.794, 23.232, 22.164, 19.367, 14.774, 8.101, 0.0, 6.69, 11.159, 14.506, 17.537, 19.713, 21.692, 24.328, 27.067, 28.969, 30.931, 34.186, 37.327, 39.36, 40.597, 41.476, 42.422, 43.627, 44.636, 44.906, 44.47, 44.107, 43.757, 43.549, 43.713, 42.732, 43.185, 49.618, 54.927, 54.71, 53.143, 52.882, 53.23, 53.239, 52.692, 52.055, 51.729, 51.534, 51.394, 51.628, 51.859, 51.47, 50.627, 50.044, 49.58, 49.138, 48.523, 47.366, 46.267, 45.135, 43.824, 42.809, 42.553, 41.855, 41.009, 41.572, 42.955, 43.594, 43.641, 43.595, 43.801, 44.196, 44.453, 44.47, 44.476, 44.58, 44.62, 44.558, 44.476, 43.619, 42.489, 42.316, 42.535, 42.737, 42.973, 43.228, 43.12, 42.015, 41.948, 42.555, 43.15, 43.79, 44.562, 44.985, 45.069, 45.159, 45.206, 45.02, 44.615, 44.194, 43.907, 43.86, 43.929, 44.053, 44.507, 44.719, 44.128, 42.544, 40.509, 39.162, 39.613, 40.06, 39.567, 39.497, 40.34, 40.816, 40.701, 40.805, 41.169, 41.259, 41.139, 41.012, 40.851, 40.866, 41.066, 41.161, 40.831, 40.323, 40.278, 40.606, 40.726, 40.316, 39.448, 38.847, 38.974, 39.07, 38.955, 39.259, 39.752, 39.96, 39.917, 39.718, 39.453, 39.341, 39.402, 39.382, 39.378, 39.18, 38.997, 40.774, 42.837, 44.921, 47.221, 47.371, 46.619, 46.452, 46.255, 45.831, 45.462, 45.232, 45.169, 44.874, 44.557, 45.397, 46.449, 44.964, 44.319, 46.506, 47.614, 46.88, 46.023, 45.816, 45.767, 45.656, 45.659, 45.565, 45.177, 45.064, 45.259, 45.018, 44.542, 43.882, 43.385, 42.778, 42.252, 42.14, 42.181, 42.086, 42.084, 42.024, 41.47, 40.933, 41.004, 40.723, 40.35, 40.263, 40.28, 40.521, 40.725, 40.761, 40.74, 40.674, 40.713, 40.988, 41.48, 42.166, 42.727, 42.659, 41.903, 41.373, 41.54, 41.236, 40.459, 40.227, 39.815, 39.54, 39.632, 39.441, 38.917, 38.779, 38.832, 38.697, 38.789, 38.935, 39.039, 39.209, 39.321, 39.262, 39.356, 39.607, 39.811, 39.972, 24.906], [26.43, 25.778, 25.355, 24.415, 21.984, 18.35, 13.242, 6.69, 0.0, 5.917, 10.951, 14.86, 17.221, 19.323, 22.264, 25.388, 27.665, 29.917, 33.427, 36.737, 38.876, 40.194, 41.174, 42.252, 43.576, 44.626, 44.908, 44.482, 44.112, 43.753, 43.604, 43.8, 42.822, 43.291, 49.692, 54.929, 54.671, 53.13, 52.88, 53.22, 53.225, 52.678, 52.042, 51.718, 51.528, 51.4, 51.646, 51.882, 51.49, 50.635, 50.038, 49.567, 49.125, 48.516, 47.378, 46.297, 45.187, 43.903, 42.895, 42.641, 41.978, 41.173, 41.724, 43.079, 43.703, 43.744, 43.704, 43.919, 44.313, 44.567, 44.588, 44.598, 44.703, 44.741, 44.688, 44.616, 43.771, 42.661, 42.506, 42.727, 42.924, 43.154, 43.391, 43.248, 42.152, 42.102, 42.713, 43.311, 43.945, 44.688, 45.085, 45.164, 45.253, 45.304, 45.128, 44.73, 44.309, 44.02, 43.972, 44.049, 44.186, 44.652, 44.866, 44.245, 42.638, 40.621, 39.316, 39.731, 40.153, 39.672, 39.637, 40.491, 40.969, 40.851, 40.95, 41.312, 41.402, 41.274, 41.145, 40.991, 41.021, 41.249, 41.367, 41.047, 40.543, 40.501, 40.825, 40.939, 40.519, 39.65, 39.045, 39.145, 39.244, 39.143, 39.465, 39.985, 40.19, 40.142, 39.941, 39.668, 39.532, 39.578, 39.55, 39.558, 39.397, 39.205, 41.043, 43.136, 45.131, 47.336, 47.461, 46.723, 46.557, 46.358, 45.934, 45.56, 45.331, 45.271, 44.992, 44.719, 45.576, 46.63, 45.144, 44.475, 46.594, 47.676, 46.972, 46.135, 45.932, 45.892, 45.794, 45.801, 45.697, 45.298, 45.212, 45.439, 45.194, 44.719, 44.06, 43.559, 42.954, 42.43, 42.313, 42.353, 42.262, 42.263, 42.212, 41.669, 41.143, 41.24, 40.965, 40.551, 40.445, 40.467, 40.7, 40.894, 40.925, 40.904, 40.846, 40.888, 41.159, 41.677, 42.424, 43.018, 42.959, 42.196, 41.643, 41.808, 41.493, 40.702, 40.486, 40.085, 39.79, 39.846, 39.643, 39.126, 38.972, 39.001, 38.869, 38.935, 39.063, 39.171, 39.347, 39.461, 39.41, 39.516, 39.777, 39.977, 40.124, 26.679], [27.354, 26.705, 26.323, 25.45, 23.181, 19.987, 15.917, 11.159, 5.917, 0.0, 6.603, 12.063, 15.069, 17.249, 20.403, 23.888, 26.462, 28.912, 32.581, 36.013, 38.248, 39.622, 40.639, 41.766, 43.138, 44.239, 44.567, 44.161, 43.794, 43.452, 43.392, 43.636, 42.632, 43.106, 49.592, 54.832, 54.556, 52.995, 52.739, 53.089, 53.1, 52.548, 51.905, 51.575, 51.383, 51.262, 51.519, 51.75, 51.351, 50.497, 49.905, 49.432, 48.986, 48.376, 47.225, 46.149, 45.05, 43.758, 42.735, 42.484, 41.834, 41.045, 41.607, 42.994, 43.644, 43.681, 43.633, 43.854, 44.258, 44.519, 44.543, 44.557, 44.664, 44.698, 44.641, 44.572, 43.733, 42.61, 42.441, 42.665, 42.866, 43.077, 43.287, 43.143, 42.033, 41.942, 42.565, 43.175, 43.817, 44.559, 44.953, 45.026, 45.111, 45.161, 44.981, 44.569, 44.133, 43.839, 43.793, 43.876, 44.027, 44.494, 44.68, 44.051, 42.536, 40.609, 39.343, 39.803, 40.227, 39.675, 39.535, 40.357, 40.826, 40.71, 40.819, 41.18, 41.251, 41.112, 40.984, 40.828, 40.853, 41.082, 41.208, 40.914, 40.455, 40.436, 40.738, 40.805, 40.354, 39.457, 38.796, 38.82, 38.888, 38.807, 39.163, 39.705, 39.907, 39.848, 39.648, 39.381, 39.251, 39.299, 39.271, 39.291, 39.142, 38.93, 40.891, 43.044, 44.92, 47.065, 47.22, 46.5, 46.329, 46.127, 45.708, 45.335, 45.11, 45.06, 44.782, 44.525, 45.452, 46.542, 45.035, 44.363, 46.495, 47.605, 46.932, 46.086, 45.868, 45.825, 45.726, 45.737, 45.636, 45.242, 45.168, 45.388, 45.128, 44.654, 43.984, 43.496, 42.888, 42.35, 42.219, 42.256, 42.167, 42.17, 42.125, 41.585, 41.038, 41.123, 40.872, 40.47, 40.345, 40.37, 40.609, 40.805, 40.853, 40.852, 40.791, 40.823, 41.093, 41.625, 42.417, 43.062, 42.97, 42.116, 41.554, 41.727, 41.378, 40.533, 40.312, 39.915, 39.599, 39.626, 39.427, 38.945, 38.793, 38.795, 38.667, 38.718, 38.818, 38.926, 39.108, 39.222, 39.174, 39.291, 39.557, 39.746, 39.885, 27.628], [28.762, 28.076, 27.738, 26.975, 24.914, 21.956, 18.267, 14.506, 10.951, 6.603, 0.0, 6.768, 11.253, 14.31, 17.773, 21.604, 24.512, 27.231, 31.19, 34.835, 37.207, 38.672, 39.722, 40.863, 42.292, 43.501, 43.891, 43.475, 43.107, 42.715, 42.64, 42.945, 41.844, 42.361, 49.394, 54.808, 54.5, 52.839, 52.561, 52.938, 52.967, 52.404, 51.73, 51.387, 51.203, 51.1, 51.373, 51.585, 51.149, 50.27, 49.665, 49.18, 48.717, 48.071, 46.851, 45.723, 44.558, 43.143, 42.032, 41.761, 41.032, 40.154, 40.796, 42.336, 43.065, 43.1, 43.034, 43.257, 43.687, 43.965, 43.99, 44.004, 44.118, 44.153, 44.09, 44.025, 43.171, 41.958, 41.701, 41.927, 42.159, 42.375, 42.622, 42.549, 41.382, 41.182, 41.816, 42.474, 43.153, 43.941, 44.378, 44.465, 44.562, 44.612, 44.402, 43.942, 43.472, 43.16, 43.107, 43.193, 43.363, 43.832, 43.966, 43.361, 42.042, 40.189, 38.923, 39.552, 39.984, 39.232, 38.853, 39.644, 40.126, 40.007, 40.146, 40.54, 40.599, 40.443, 40.299, 40.097, 40.071, 40.285, 40.416, 40.143, 39.736, 39.745, 39.978, 39.932, 39.388, 38.397, 37.638, 37.61, 37.679, 37.647, 38.077, 38.65, 38.829, 38.743, 38.538, 38.26, 38.117, 38.186, 38.184, 38.211, 37.974, 37.876, 40.179, 42.442, 44.412, 46.681, 46.917, 46.167, 45.971, 45.773, 45.362, 44.987, 44.759, 44.711, 44.406, 44.128, 45.167, 46.322, 44.713, 44.013, 46.375, 47.656, 46.97, 46.051, 45.81, 45.75, 45.632, 45.646, 45.546, 45.158, 45.11, 45.29, 44.974, 44.478, 43.748, 43.237, 42.564, 41.93, 41.76, 41.802, 41.705, 41.696, 41.605, 40.928, 40.251, 40.322, 40.087, 39.68, 39.537, 39.563, 39.841, 40.066, 40.139, 40.155, 40.071, 40.087, 40.389, 40.958, 41.797, 42.518, 42.366, 41.309, 40.729, 40.928, 40.461, 39.501, 39.267, 38.86, 38.532, 38.553, 38.325, 37.846, 37.713, 37.714, 37.596, 37.667, 37.745, 37.841, 38.04, 38.17, 38.138, 38.288, 38.577, 38.777, 38.925, 29.079], [30.758, 30.078, 29.813, 29.178, 27.359, 24.631, 21.07, 17.537, 14.86, 12.063, 6.768, 0.0, 6.143, 11.242, 15.464, 19.51, 22.704, 25.793, 30.157, 34.032, 36.496, 38.032, 39.142, 40.339, 41.864, 43.162, 43.588, 43.168, 42.835, 42.426, 42.31, 42.658, 41.489, 41.995, 49.424, 54.974, 54.635, 52.909, 52.612, 52.994, 53.034, 52.467, 51.772, 51.42, 51.242, 51.145, 51.418, 51.612, 51.155, 50.263, 49.658, 49.177, 48.706, 48.028, 46.776, 45.613, 44.384, 42.874, 41.705, 41.412, 40.62, 39.663, 40.329, 41.944, 42.711, 42.752, 42.686, 42.91, 43.348, 43.634, 43.657, 43.669, 43.784, 43.82, 43.757, 43.708, 42.856, 41.589, 41.27, 41.489, 41.748, 41.988, 42.282, 42.279, 41.09, 40.81, 41.43, 42.113, 42.809, 43.615, 44.077, 44.18, 44.29, 44.347, 44.127, 43.652, 43.174, 42.858, 42.802, 42.889, 43.076, 43.555, 43.669, 43.096, 41.878, 40.059, 38.787, 39.513, 39.95, 39.094, 38.554, 39.308, 39.805, 39.682, 39.837, 40.252, 40.314, 40.154, 39.991, 39.736, 39.658, 39.867, 40.019, 39.763, 39.383, 39.414, 39.606, 39.484, 38.883, 37.861, 37.102, 37.088, 37.177, 37.167, 37.617, 38.186, 38.341, 38.241, 38.036, 37.738, 37.563, 37.65, 37.684, 37.715, 37.373, 37.453, 39.982, 42.23, 44.38, 46.825, 47.11, 46.313, 46.098, 45.911, 45.51, 45.141, 44.914, 44.861, 44.538, 44.255, 45.344, 46.518, 44.835, 44.104, 46.607, 48.003, 47.301, 46.326, 46.068, 45.997, 45.866, 45.88, 45.768, 45.383, 45.367, 45.511, 45.142, 44.645, 43.902, 43.368, 42.631, 41.904, 41.695, 41.742, 41.64, 41.618, 41.475, 40.666, 39.884, 39.959, 39.717, 39.27, 39.114, 39.141, 39.448, 39.694, 39.771, 39.785, 39.685, 39.693, 40.027, 40.619, 41.456, 42.217, 42.055, 40.896, 40.314, 40.522, 39.968, 38.97, 38.748, 38.333, 38.015, 38.069, 37.818, 37.309, 37.17, 37.17, 37.041, 37.113, 37.182, 37.272, 37.481, 37.622, 37.609, 37.79, 38.098, 38.313, 38.466, 31.086], [31.885, 31.234, 31.032, 30.508, 28.898, 26.424, 23.089, 19.713, 17.221, 15.069, 11.253, 6.143, 0.0, 6.921, 12.759, 17.542, 21.038, 24.55, 29.37, 33.495, 36.063, 37.652, 38.843, 40.182, 41.85, 43.217, 43.669, 43.287, 43.017, 42.629, 42.531, 42.888, 41.727, 42.189, 49.485, 55.005, 54.655, 52.949, 52.656, 53.033, 53.076, 52.507, 51.805, 51.451, 51.281, 51.201, 51.49, 51.697, 51.239, 50.34, 49.732, 49.268, 48.81, 48.139, 46.927, 45.793, 44.576, 43.098, 41.95, 41.659, 40.899, 39.992, 40.635, 42.187, 42.928, 42.978, 42.926, 43.153, 43.584, 43.865, 43.89, 43.904, 44.015, 44.048, 43.997, 43.979, 43.154, 41.923, 41.617, 41.813, 42.068, 42.326, 42.631, 42.613, 41.427, 41.145, 41.735, 42.396, 43.083, 43.871, 44.323, 44.432, 44.543, 44.592, 44.372, 43.906, 43.437, 43.13, 43.079, 43.172, 43.369, 43.852, 43.977, 43.431, 42.203, 40.36, 39.125, 39.85, 40.271, 39.418, 38.871, 39.607, 40.1, 39.973, 40.115, 40.52, 40.589, 40.44, 40.274, 40.0, 39.903, 40.116, 40.296, 40.076, 39.721, 39.766, 39.947, 39.789, 39.178, 38.2, 37.505, 37.487, 37.561, 37.553, 37.983, 38.539, 38.685, 38.577, 38.37, 38.077, 37.905, 38.0, 38.058, 38.109, 37.757, 37.864, 40.385, 42.584, 44.731, 47.192, 47.473, 46.671, 46.452, 46.272, 45.885, 45.523, 45.297, 45.235, 44.912, 44.643, 45.697, 46.851, 45.182, 44.439, 46.9, 48.295, 47.617, 46.657, 46.411, 46.349, 46.224, 46.234, 46.106, 45.708, 45.703, 45.848, 45.467, 44.981, 44.281, 43.76, 43.014, 42.281, 42.07, 42.118, 42.02, 41.996, 41.848, 41.039, 40.272, 40.366, 40.118, 39.635, 39.468, 39.495, 39.799, 40.039, 40.1, 40.107, 40.012, 40.026, 40.369, 40.97, 41.791, 42.535, 42.405, 41.282, 40.694, 40.888, 40.335, 39.329, 39.101, 38.686, 38.387, 38.477, 38.232, 37.68, 37.506, 37.501, 37.362, 37.405, 37.472, 37.574, 37.771, 37.887, 37.864, 38.056, 38.377, 38.587, 38.723, 32.206], [32.698, 32.067, 31.894, 31.445, 30.008, 27.787, 24.765, 21.692, 19.323, 17.249, 14.31, 11.242, 6.921, 0.0, 7.601, 14.122, 18.37, 22.32, 27.639, 32.158, 34.96, 36.683, 37.987, 39.506, 41.361, 42.845, 43.343, 43.014, 42.815, 42.442, 42.453, 42.853, 41.688, 42.257, 49.439, 54.886, 54.522, 52.848, 52.564, 52.941, 52.985, 52.405, 51.686, 51.316, 51.141, 51.074, 51.394, 51.628, 51.179, 50.27, 49.645, 49.178, 48.727, 48.064, 46.87, 45.768, 44.593, 43.158, 42.018, 41.748, 41.056, 40.225, 40.863, 42.354, 43.069, 43.122, 43.078, 43.307, 43.735, 44.015, 44.05, 44.073, 44.182, 44.217, 44.2, 44.217, 43.402, 42.175, 41.88, 42.061, 42.304, 42.556, 42.86, 42.793, 41.621, 41.39, 41.965, 42.61, 43.296, 44.078, 44.53, 44.648, 44.76, 44.794, 44.558, 44.084, 43.615, 43.312, 43.268, 43.374, 43.582, 44.054, 44.166, 43.647, 42.491, 40.632, 39.442, 40.205, 40.582, 39.679, 39.118, 39.831, 40.3, 40.161, 40.294, 40.695, 40.776, 40.647, 40.491, 40.213, 40.091, 40.293, 40.506, 40.334, 40.015, 40.066, 40.242, 40.04, 39.377, 38.396, 37.707, 37.656, 37.722, 37.711, 38.117, 38.671, 38.796, 38.668, 38.456, 38.17, 38.02, 38.126, 38.209, 38.319, 38.013, 38.048, 40.654, 42.925, 44.951, 47.311, 47.58, 46.789, 46.556, 46.373, 46.002, 45.644, 45.412, 45.343, 45.025, 44.777, 45.838, 47.012, 45.37, 44.628, 47.097, 48.522, 47.885, 46.942, 46.708, 46.661, 46.537, 46.544, 46.41, 45.991, 45.976, 46.124, 45.733, 45.242, 44.555, 44.049, 43.308, 42.574, 42.347, 42.385, 42.292, 42.266, 42.108, 41.305, 40.566, 40.673, 40.417, 39.911, 39.73, 39.762, 40.06, 40.295, 40.349, 40.355, 40.268, 40.291, 40.641, 41.263, 42.11, 42.838, 42.717, 41.583, 40.951, 41.159, 40.623, 39.541, 39.282, 38.877, 38.571, 38.656, 38.411, 37.842, 37.667, 37.667, 37.545, 37.567, 37.615, 37.729, 37.921, 38.016, 37.989, 38.214, 38.571, 38.781, 38.914, 33.013], [34.456, 33.865, 33.719, 33.311, 31.974, 29.887, 27.086, 24.328, 22.264, 20.403, 17.773, 15.464, 12.759, 7.601, 0.0, 8.128, 14.076, 19.047, 24.99, 29.928, 32.995, 34.904, 36.36, 38.031, 40.082, 41.746, 42.329, 42.052, 41.956, 41.686, 41.886, 42.38, 41.172, 41.925, 49.393, 54.881, 54.5, 52.804, 52.507, 52.873, 52.909, 52.315, 51.569, 51.17, 50.975, 50.903, 51.225, 51.444, 50.984, 50.096, 49.49, 49.017, 48.547, 47.866, 46.632, 45.501, 44.314, 42.838, 41.642, 41.382, 40.728, 39.9, 40.543, 42.045, 42.767, 42.819, 42.775, 43.005, 43.437, 43.724, 43.768, 43.797, 43.904, 43.944, 43.961, 44.015, 43.194, 41.905, 41.566, 41.759, 42.013, 42.245, 42.53, 42.448, 41.34, 41.167, 41.748, 42.407, 43.105, 43.903, 44.379, 44.51, 44.622, 44.639, 44.382, 43.895, 43.418, 43.118, 43.081, 43.198, 43.424, 43.895, 43.976, 43.484, 42.453, 40.597, 39.404, 40.276, 40.647, 39.613, 38.931, 39.586, 40.033, 39.889, 40.04, 40.469, 40.567, 40.452, 40.295, 39.979, 39.798, 39.984, 40.234, 40.099, 39.815, 39.883, 40.038, 39.765, 39.018, 37.98, 37.265, 37.208, 37.281, 37.269, 37.678, 38.21, 38.292, 38.159, 37.958, 37.666, 37.514, 37.638, 37.755, 37.915, 37.621, 37.666, 40.434, 42.834, 44.909, 47.224, 47.506, 46.708, 46.446, 46.253, 45.897, 45.547, 45.313, 45.248, 44.939, 44.708, 45.804, 47.022, 45.382, 44.664, 47.259, 48.772, 48.148, 47.176, 46.945, 46.903, 46.768, 46.775, 46.649, 46.233, 46.224, 46.343, 45.883, 45.367, 44.654, 44.139, 43.37, 42.571, 42.289, 42.312, 42.221, 42.181, 41.975, 41.09, 40.3, 40.395, 40.11, 39.577, 39.383, 39.416, 39.729, 39.984, 40.049, 40.059, 39.966, 39.988, 40.353, 41.008, 41.902, 42.66, 42.5, 41.275, 40.641, 40.891, 40.348, 39.232, 38.991, 38.589, 38.248, 38.313, 38.058, 37.47, 37.304, 37.328, 37.229, 37.253, 37.283, 37.399, 37.605, 37.713, 37.718, 37.989, 38.376, 38.602, 38.753, 34.745], [36.275, 35.722, 35.606, 35.248, 33.999, 32.018, 29.44, 27.067, 25.388, 23.888, 21.604, 19.51, 17.542, 14.122, 8.128, 0.0, 8.083, 15.58, 22.887, 28.32, 31.597, 33.652, 35.226, 36.967, 39.142, 40.954, 41.638, 41.419, 41.384, 41.152, 41.433, 41.995, 40.768, 41.664, 49.359, 54.874, 54.459, 52.737, 52.431, 52.796, 52.843, 52.253, 51.489, 51.073, 50.875, 50.813, 51.138, 51.341, 50.864, 49.981, 49.384, 48.9, 48.405, 47.713, 46.472, 45.322, 44.105, 42.581, 41.335, 41.078, 40.43, 39.588, 40.259, 41.796, 42.529, 42.582, 42.543, 42.777, 43.212, 43.504, 43.551, 43.586, 43.695, 43.74, 43.772, 43.844, 43.017, 41.677, 41.29, 41.502, 41.786, 42.012, 42.28, 42.205, 41.178, 41.018, 41.594, 42.27, 42.991, 43.824, 44.332, 44.472, 44.571, 44.555, 44.263, 43.756, 43.271, 42.964, 42.91, 43.012, 43.249, 43.734, 43.782, 43.264, 42.289, 40.46, 39.33, 40.298, 40.673, 39.559, 38.781, 39.389, 39.823, 39.685, 39.855, 40.304, 40.41, 40.304, 40.141, 39.781, 39.539, 39.693, 39.946, 39.831, 39.586, 39.69, 39.842, 39.524, 38.744, 37.668, 36.912, 36.825, 36.864, 36.866, 37.283, 37.779, 37.838, 37.74, 37.566, 37.262, 37.108, 37.279, 37.425, 37.595, 37.291, 37.343, 40.172, 42.652, 44.84, 47.131, 47.399, 46.592, 46.315, 46.113, 45.759, 45.414, 45.177, 45.111, 44.807, 44.557, 45.63, 46.917, 45.284, 44.556, 47.242, 48.826, 48.189, 47.19, 46.967, 46.925, 46.774, 46.78, 46.664, 46.263, 46.279, 46.358, 45.826, 45.31, 44.598, 44.053, 43.26, 42.435, 42.129, 42.149, 42.059, 42.005, 41.765, 40.819, 39.974, 40.043, 39.742, 39.199, 38.986, 39.018, 39.35, 39.621, 39.696, 39.709, 39.609, 39.627, 40.004, 40.68, 41.566, 42.336, 42.156, 40.942, 40.412, 40.682, 40.136, 39.074, 38.865, 38.457, 38.094, 38.132, 37.857, 37.23, 37.05, 37.089, 37.012, 37.048, 37.065, 37.172, 37.381, 37.484, 37.474, 37.732, 38.122, 38.375, 38.555, 36.536], [37.324, 36.754, 36.649, 36.365, 35.221, 33.341, 30.964, 28.969, 27.665, 26.462, 24.512, 22.704, 21.038, 18.37, 14.076, 8.083, 0.0, 10.034, 19.507, 26.055, 29.825, 32.12, 33.826, 35.683, 38.007, 39.964, 40.739, 40.583, 40.563, 40.316, 40.703, 41.348, 40.079, 41.087, 49.099, 54.707, 54.289, 52.534, 52.234, 52.623, 52.692, 52.103, 51.314, 50.881, 50.696, 50.662, 51.016, 51.227, 50.728, 49.812, 49.195, 48.7, 48.188, 47.481, 46.235, 45.076, 43.831, 42.265, 40.967, 40.702, 40.032, 39.138, 39.864, 41.467, 42.226, 42.284, 42.248, 42.49, 42.938, 43.236, 43.285, 43.325, 43.443, 43.499, 43.546, 43.643, 42.83, 41.458, 41.026, 41.24, 41.561, 41.787, 42.029, 41.919, 40.854, 40.668, 41.231, 41.93, 42.692, 43.587, 44.141, 44.291, 44.382, 44.343, 44.014, 43.473, 42.972, 42.658, 42.597, 42.692, 42.933, 43.432, 43.466, 42.907, 41.9, 40.022, 39.058, 40.156, 40.521, 39.326, 38.481, 39.084, 39.502, 39.34, 39.512, 39.977, 40.093, 39.996, 39.832, 39.451, 39.17, 39.308, 39.589, 39.505, 39.261, 39.341, 39.497, 39.176, 38.375, 37.226, 36.336, 36.153, 36.145, 36.119, 36.493, 36.978, 37.042, 36.967, 36.797, 36.47, 36.308, 36.528, 36.731, 36.921, 36.587, 36.666, 39.758, 42.395, 44.619, 46.877, 47.104, 46.269, 45.981, 45.769, 45.393, 45.033, 44.784, 44.706, 44.388, 44.099, 45.181, 46.545, 44.85, 44.102, 46.893, 48.53, 47.865, 46.849, 46.643, 46.605, 46.445, 46.453, 46.343, 45.967, 46.012, 46.078, 45.561, 45.068, 44.309, 43.701, 42.873, 42.03, 41.721, 41.745, 41.651, 41.581, 41.315, 40.335, 39.471, 39.541, 39.228, 38.687, 38.454, 38.492, 38.847, 39.123, 39.206, 39.236, 39.141, 39.167, 39.58, 40.271, 41.108, 41.847, 41.671, 40.439, 39.962, 40.253, 39.712, 38.651, 38.428, 38.024, 37.66, 37.656, 37.352, 36.73, 36.513, 36.489, 36.418, 36.478, 36.48, 36.574, 36.779, 36.87, 36.847, 37.118, 37.529, 37.809, 38.021, 37.592], [38.461, 37.854, 37.758, 37.546, 36.506, 34.744, 32.588, 30.931, 29.917, 28.912, 27.231, 25.793, 24.55, 22.32, 19.047, 15.58, 10.034, 0.0, 11.439, 20.051, 25.039, 27.912, 29.943, 32.174, 34.908, 37.205, 38.182, 38.161, 38.243, 38.286, 39.163, 40.008, 38.689, 39.921, 48.512, 54.38, 54.075, 52.267, 51.93, 52.335, 52.419, 51.826, 51.011, 50.556, 50.368, 50.344, 50.715, 50.927, 50.414, 49.493, 48.901, 48.422, 47.898, 47.169, 45.879, 44.69, 43.411, 41.804, 40.452, 40.176, 39.486, 38.511, 39.262, 40.938, 41.737, 41.802, 41.763, 42.018, 42.481, 42.779, 42.818, 42.852, 42.971, 43.031, 43.091, 43.219, 42.428, 41.042, 40.595, 40.835, 41.189, 41.391, 41.56, 41.316, 40.151, 39.976, 40.558, 41.28, 42.077, 43.032, 43.635, 43.802, 43.909, 43.88, 43.531, 42.954, 42.429, 42.121, 42.098, 42.238, 42.49, 42.973, 43.007, 42.469, 41.404, 39.385, 38.448, 39.654, 40.035, 38.751, 37.839, 38.433, 38.829, 38.641, 38.832, 39.343, 39.477, 39.387, 39.235, 38.852, 38.535, 38.634, 38.939, 38.914, 38.678, 38.713, 38.86, 38.522, 37.676, 36.475, 35.512, 35.267, 35.208, 35.059, 35.311, 35.782, 35.875, 35.825, 35.652, 35.313, 35.15, 35.379, 35.622, 35.871, 35.532, 35.672, 39.158, 41.934, 44.196, 46.539, 46.82, 45.969, 45.673, 45.469, 45.091, 44.728, 44.48, 44.407, 44.076, 43.748, 44.897, 46.302, 44.437, 43.724, 46.715, 48.419, 47.709, 46.657, 46.456, 46.422, 46.264, 46.278, 46.179, 45.831, 45.895, 45.94, 45.437, 44.924, 44.058, 43.394, 42.527, 41.64, 41.306, 41.322, 41.224, 41.139, 40.834, 39.798, 38.912, 39.022, 38.727, 38.181, 37.927, 37.982, 38.366, 38.642, 38.741, 38.803, 38.711, 38.739, 39.168, 39.844, 40.636, 41.349, 41.139, 39.754, 39.216, 39.537, 39.016, 37.903, 37.682, 37.313, 36.933, 36.865, 36.52, 35.926, 35.674, 35.544, 35.447, 35.534, 35.522, 35.615, 35.844, 35.965, 36.003, 36.357, 36.802, 37.101, 37.34, 38.762], [40.479, 39.88, 39.785, 39.643, 38.763, 37.241, 35.451, 34.186, 33.427, 32.581, 31.19, 30.157, 29.37, 27.639, 24.99, 22.887, 19.507, 11.439, 0.0, 10.426, 17.209, 21.285, 24.036, 26.869, 30.238, 33.132, 34.522, 34.768, 35.138, 35.841, 37.584, 38.787, 37.579, 39.384, 48.334, 54.408, 54.3, 52.483, 52.084, 52.483, 52.601, 52.052, 51.256, 50.782, 50.583, 50.57, 50.944, 51.148, 50.639, 49.757, 49.248, 48.842, 48.33, 47.597, 46.322, 45.154, 43.908, 42.335, 40.99, 40.705, 39.996, 38.891, 39.431, 40.964, 41.727, 41.788, 41.755, 42.012, 42.459, 42.734, 42.761, 42.785, 42.896, 42.955, 43.027, 43.222, 42.614, 41.43, 41.049, 41.316, 41.658, 41.801, 41.928, 41.604, 40.419, 40.186, 40.772, 41.449, 42.179, 43.089, 43.667, 43.827, 43.95, 43.952, 43.625, 43.053, 42.532, 42.245, 42.27, 42.476, 42.766, 43.185, 43.147, 42.705, 41.819, 39.921, 38.902, 40.047, 40.46, 39.145, 38.167, 38.656, 39.027, 38.862, 39.06, 39.572, 39.71, 39.636, 39.513, 39.167, 38.846, 38.879, 39.127, 39.128, 38.945, 38.975, 39.077, 38.73, 37.938, 36.882, 36.086, 35.866, 35.777, 35.548, 35.595, 35.909, 36.017, 36.059, 35.946, 35.658, 35.506, 35.685, 35.922, 36.223, 35.978, 36.166, 39.458, 42.169, 44.324, 46.712, 47.111, 46.329, 46.062, 45.903, 45.575, 45.255, 45.04, 44.992, 44.664, 44.308, 45.431, 46.759, 44.789, 44.237, 47.327, 49.039, 48.321, 47.252, 47.023, 46.977, 46.827, 46.844, 46.75, 46.449, 46.534, 46.533, 45.997, 45.475, 44.598, 43.969, 43.141, 42.269, 41.912, 41.912, 41.82, 41.719, 41.39, 40.37, 39.518, 39.66, 39.411, 38.889, 38.643, 38.713, 39.093, 39.366, 39.488, 39.576, 39.486, 39.498, 39.88, 40.456, 41.118, 41.749, 41.498, 40.082, 39.536, 39.82, 39.359, 38.316, 38.122, 37.835, 37.474, 37.368, 37.07, 36.554, 36.299, 36.109, 35.996, 36.08, 36.058, 36.14, 36.351, 36.502, 36.637, 37.057, 37.474, 37.745, 37.977, 40.785], [42.503, 41.955, 41.856, 41.757, 41.023, 39.747, 38.297, 37.327, 36.737, 36.013, 34.835, 34.032, 33.495, 32.158, 29.928, 28.32, 26.055, 20.051, 10.426, 0.0, 8.341, 14.306, 18.327, 21.827, 25.841, 29.409, 31.305, 31.86, 32.563, 34.004, 36.655, 38.259, 37.3, 39.856, 48.86, 54.904, 54.907, 53.144, 52.729, 53.112, 53.25, 52.755, 52.014, 51.55, 51.351, 51.354, 51.713, 51.896, 51.406, 50.573, 50.135, 49.796, 49.306, 48.589, 47.378, 46.283, 45.138, 43.665, 42.38, 42.091, 41.363, 40.154, 40.354, 41.567, 42.229, 42.289, 42.27, 42.514, 42.919, 43.163, 43.184, 43.207, 43.31, 43.366, 43.458, 43.755, 43.433, 42.566, 42.274, 42.533, 42.839, 42.923, 43.044, 42.812, 41.656, 41.244, 41.806, 42.405, 42.998, 43.785, 44.296, 44.434, 44.565, 44.617, 44.361, 43.852, 43.372, 43.113, 43.151, 43.376, 43.682, 44.047, 43.95, 43.609, 43.009, 41.483, 40.481, 41.458, 41.861, 40.552, 39.469, 39.788, 40.133, 40.004, 40.173, 40.616, 40.719, 40.642, 40.542, 40.247, 39.975, 39.998, 40.177, 40.163, 40.026, 40.043, 40.066, 39.746, 39.112, 38.337, 37.883, 37.781, 37.687, 37.468, 37.354, 37.407, 37.465, 37.598, 37.562, 37.32, 37.147, 37.27, 37.513, 37.857, 37.724, 37.949, 40.751, 43.143, 45.033, 47.346, 47.813, 47.12, 46.883, 46.76, 46.493, 46.232, 46.063, 46.043, 45.724, 45.359, 46.411, 47.638, 45.7, 45.303, 48.228, 49.832, 49.155, 48.1, 47.816, 47.744, 47.609, 47.631, 47.544, 47.285, 47.375, 47.331, 46.765, 46.292, 45.494, 44.935, 44.202, 43.401, 43.027, 43.004, 42.922, 42.816, 42.489, 41.57, 40.845, 41.007, 40.759, 40.282, 40.107, 40.195, 40.537, 40.805, 40.94, 41.035, 40.952, 40.948, 41.258, 41.7, 42.191, 42.741, 42.484, 41.198, 40.711, 40.918, 40.542, 39.694, 39.544, 39.355, 39.069, 38.971, 38.753, 38.313, 38.088, 37.935, 37.85, 37.918, 37.906, 37.978, 38.147, 38.309, 38.507, 38.911, 39.252, 39.475, 39.686, 42.771], [43.822, 43.313, 43.206, 43.118, 42.46, 41.348, 40.139, 39.36, 38.876, 38.248, 37.207, 36.496, 36.063, 34.96, 32.995, 31.597, 29.825, 25.039, 17.209, 8.341, 0.0, 7.571, 13.385, 18.077, 22.932, 27.106, 29.428, 30.23, 31.093, 33.037, 36.371, 38.235, 37.484, 40.456, 49.3, 55.23, 55.278, 53.588, 53.192, 53.562, 53.7, 53.238, 52.549, 52.117, 51.927, 51.929, 52.262, 52.424, 51.958, 51.179, 50.787, 50.481, 50.01, 49.318, 48.151, 47.131, 46.097, 44.701, 43.456, 43.181, 42.473, 41.27, 41.281, 42.247, 42.834, 42.907, 42.898, 43.12, 43.487, 43.708, 43.729, 43.757, 43.86, 43.915, 44.027, 44.398, 44.243, 43.562, 43.337, 43.584, 43.864, 43.916, 44.016, 43.859, 42.701, 42.161, 42.712, 43.256, 43.742, 44.436, 44.917, 45.056, 45.193, 45.274, 45.067, 44.605, 44.158, 43.915, 43.949, 44.159, 44.447, 44.791, 44.694, 44.44, 44.007, 42.752, 41.787, 42.638, 42.981, 41.702, 40.6, 40.815, 41.127, 41.002, 41.139, 41.531, 41.612, 41.531, 41.443, 41.175, 40.942, 40.964, 41.092, 41.057, 40.941, 40.955, 40.937, 40.655, 40.162, 39.637, 39.486, 39.514, 39.428, 39.226, 39.035, 38.878, 38.863, 39.035, 39.033, 38.806, 38.615, 38.702, 38.927, 39.283, 39.217, 39.43, 41.897, 44.015, 45.656, 47.894, 48.38, 47.735, 47.503, 47.389, 47.158, 46.936, 46.803, 46.804, 46.492, 46.143, 47.159, 48.308, 46.418, 46.137, 48.895, 50.396, 49.748, 48.719, 48.397, 48.303, 48.177, 48.202, 48.124, 47.888, 47.966, 47.879, 47.314, 46.914, 46.179, 45.65, 44.993, 44.265, 43.884, 43.84, 43.767, 43.66, 43.331, 42.496, 41.903, 42.083, 41.802, 41.354, 41.273, 41.383, 41.682, 41.941, 42.088, 42.19, 42.115, 42.105, 42.368, 42.707, 43.068, 43.572, 43.344, 42.185, 41.74, 41.916, 41.634, 40.935, 40.807, 40.667, 40.437, 40.351, 40.149, 39.705, 39.486, 39.397, 39.354, 39.418, 39.427, 39.494, 39.635, 39.808, 40.035, 40.397, 40.672, 40.868, 41.067, 44.048], [44.615, 44.121, 43.997, 43.893, 43.26, 42.244, 41.212, 40.597, 40.194, 39.622, 38.672, 38.032, 37.652, 36.683, 34.904, 33.652, 32.12, 27.912, 21.285, 14.306, 7.571, 0.0, 7.466, 14.346, 20.649, 25.504, 28.201, 29.197, 30.099, 32.337, 36.187, 38.229, 37.622, 40.713, 49.337, 55.215, 55.307, 53.665, 53.283, 53.648, 53.78, 53.328, 52.666, 52.259, 52.083, 52.087, 52.406, 52.551, 52.093, 51.355, 51.0, 50.704, 50.24, 49.568, 48.404, 47.418, 46.464, 45.123, 43.911, 43.666, 43.01, 41.869, 41.823, 42.671, 43.227, 43.312, 43.303, 43.508, 43.855, 44.067, 44.088, 44.116, 44.212, 44.259, 44.371, 44.764, 44.659, 44.039, 43.839, 44.084, 44.348, 44.365, 44.436, 44.356, 43.216, 42.611, 43.161, 43.675, 44.101, 44.755, 45.249, 45.399, 45.534, 45.62, 45.42, 44.967, 44.533, 44.303, 44.343, 44.55, 44.832, 45.17, 45.073, 44.862, 44.475, 43.287, 42.277, 43.043, 43.329, 42.093, 41.053, 41.268, 41.554, 41.409, 41.519, 41.891, 41.968, 41.893, 41.818, 41.567, 41.354, 41.364, 41.458, 41.409, 41.319, 41.372, 41.358, 41.089, 40.654, 40.27, 40.306, 40.427, 40.331, 40.119, 39.915, 39.672, 39.618, 39.806, 39.818, 39.607, 39.423, 39.484, 39.657, 39.989, 39.972, 40.144, 42.435, 44.393, 45.817, 47.998, 48.476, 47.859, 47.627, 47.512, 47.304, 47.108, 47.0, 47.014, 46.705, 46.376, 47.407, 48.56, 46.741, 46.54, 49.266, 50.747, 50.113, 49.099, 48.767, 48.663, 48.537, 48.56, 48.492, 48.274, 48.336, 48.202, 47.622, 47.248, 46.531, 46.008, 45.385, 44.697, 44.307, 44.248, 44.182, 44.074, 43.731, 42.919, 42.395, 42.587, 42.283, 41.853, 41.834, 41.958, 42.232, 42.476, 42.622, 42.726, 42.653, 42.642, 42.882, 43.156, 43.432, 43.922, 43.724, 42.616, 42.201, 42.401, 42.19, 41.591, 41.502, 41.374, 41.162, 41.083, 40.88, 40.41, 40.178, 40.112, 40.094, 40.174, 40.193, 40.248, 40.387, 40.581, 40.805, 41.111, 41.336, 41.517, 41.711, 44.817], [45.219, 44.733, 44.607, 44.48, 43.834, 42.854, 41.939, 41.476, 41.174, 40.639, 39.722, 39.142, 38.843, 37.987, 36.36, 35.226, 33.826, 29.943, 24.036, 18.327, 1