[[0.0, 7.372, 20.609, 27.51, 28.797, 29.758, 31.388, 32.039, 33.338, 33.632, 34.11, 35.752, 36.929, 37.477, 37.387, 37.245, 37.993, 38.796, 39.188, 39.475, 39.811, 40.266, 39.952, 39.695, 39.106, 39.353, 40.252, 40.547, 40.351, 39.039, 36.892, 37.228, 38.529, 38.821, 38.993, 38.48, 38.09, 38.053, 39.357, 39.15, 37.831, 41.497, 43.115, 42.155, 44.261, 47.491, 47.9, 47.216, 47.131, 46.705, 46.808, 7.151], [7.372, 0.0, 16.151, 24.94, 26.496, 27.713, 29.8, 30.63, 32.323, 32.76, 33.287, 35.168, 36.445, 36.933, 36.797, 36.682, 37.523, 38.372, 38.755, 39.047, 39.405, 39.91, 39.689, 39.518, 38.926, 39.138, 40.03, 40.33, 40.148, 38.779, 36.551, 36.92, 38.216, 38.544, 38.765, 38.202, 37.774, 37.714, 39.018, 38.796, 37.494, 41.397, 43.073, 42.109, 44.32, 47.652, 48.062, 47.36, 47.261, 46.817, 46.905, 10.921], [20.609, 16.151, 0.0, 14.141, 18.449, 20.082, 23.653, 25.083, 28.137, 29.228, 29.875, 32.513, 34.203, 34.674, 34.439, 34.365, 35.358, 36.249, 36.537, 36.786, 37.381, 38.016, 37.905, 38.058, 37.465, 37.704, 38.639, 38.942, 38.679, 37.247, 35.048, 35.39, 36.529, 36.94, 37.388, 36.816, 36.324, 36.246, 37.59, 37.364, 35.873, 39.647, 41.397, 40.43, 42.543, 45.874, 46.345, 45.594, 45.447, 45.034, 45.105, 22.508], [27.51, 24.94, 14.141, 0.0, 8.866, 13.198, 18.013, 20.199, 24.8, 26.856, 27.813, 30.749, 32.679, 33.339, 33.126, 33.094, 34.16, 35.094, 35.41, 35.524, 36.251, 36.997, 36.778, 37.349, 37.004, 37.274, 38.2, 38.495, 38.171, 36.872, 34.823, 35.082, 36.154, 36.613, 37.195, 36.703, 36.23, 36.082, 37.191, 36.978, 35.43, 38.732, 40.489, 39.576, 41.39, 44.568, 45.088, 44.257, 44.1, 43.756, 43.793, 29.256], [28.797, 26.496, 18.449, 8.866, 0.0, 10.424, 17.013, 18.808, 23.68, 25.871, 26.99, 30.057, 32.048, 32.822, 32.651, 32.605, 33.691, 34.682, 35.031, 35.132, 35.918, 36.724, 36.485, 37.126, 36.848, 37.083, 38.037, 38.347, 38.066, 36.793, 34.547, 34.759, 35.919, 36.295, 36.787, 36.268, 35.806, 35.607, 36.638, 36.411, 34.984, 38.672, 40.484, 39.575, 41.52, 44.748, 45.257, 44.465, 44.314, 43.984, 44.068, 30.586], [29.758, 27.713, 20.082, 13.198, 10.424, 0.0, 9.282, 12.61, 18.747, 22.01, 23.287, 27.008, 29.708, 30.837, 30.727, 30.744, 31.992, 33.076, 33.576, 33.76, 34.557, 35.429, 35.249, 36.266, 36.176, 36.593, 37.846, 38.277, 37.932, 36.589, 34.385, 34.731, 35.946, 36.261, 36.73, 36.214, 35.672, 35.473, 36.529, 36.278, 34.784, 38.408, 40.246, 39.346, 41.43, 44.818, 45.332, 44.49, 44.317, 43.999, 44.085, 31.322], [31.388, 29.8, 23.653, 18.013, 17.013, 9.282, 0.0, 7.88, 16.314, 20.399, 22.117, 25.976, 28.91, 30.193, 30.117, 30.189, 31.444, 32.541, 33.182, 33.474, 34.267, 35.111, 34.984, 36.24, 36.375, 36.93, 38.362, 38.941, 38.586, 37.234, 35.219, 35.624, 36.751, 36.99, 37.464, 37.024, 36.475, 36.27, 37.277, 37.094, 35.622, 38.771, 40.57, 39.734, 41.689, 45.031, 45.514, 44.659, 44.529, 44.222, 44.27, 32.712], [32.039, 30.63, 25.083, 20.199, 18.808, 12.61, 7.88, 0.0, 11.535, 17.242, 19.09, 23.587, 27.082, 28.659, 28.651, 28.758, 30.139, 31.308, 31.904, 32.221, 33.258, 34.186, 34.073, 35.469, 35.661, 36.221, 37.749, 38.416, 38.153, 36.793, 34.617, 35.07, 36.283, 36.469, 36.932, 36.471, 35.909, 35.643, 36.626, 36.422, 34.903, 38.226, 40.02, 39.165, 41.278, 44.737, 45.259, 44.428, 44.297, 43.996, 44.058, 33.361], [33.338, 32.323, 28.137, 24.8, 23.68, 18.747, 16.314, 11.535, 0.0, 8.935, 12.326, 17.361, 21.788, 24.345, 24.722, 25.143, 26.945, 28.209, 28.686, 28.903, 30.207, 31.339, 31.318, 33.188, 33.912, 34.737, 36.686, 37.509, 37.317, 36.298, 34.13, 34.558, 36.054, 36.282, 36.658, 36.182, 35.659, 35.344, 36.393, 36.183, 34.601, 38.185, 40.03, 39.123, 41.424, 45.011, 45.56, 44.78, 44.649, 44.334, 44.437, 34.579], [33.632, 32.76, 29.228, 26.856, 25.871, 22.01, 20.399, 17.242, 8.935, 0.0, 7.777, 14.646, 18.901, 21.717, 22.445, 23.024, 25.021, 26.346, 26.739, 26.683, 27.797, 29.055, 29.215, 31.195, 32.19, 33.318, 35.6, 36.589, 36.391, 35.538, 33.578, 34.024, 35.576, 35.952, 36.403, 35.924, 35.428, 35.141, 36.377, 36.181, 34.597, 38.549, 40.475, 39.518, 41.906, 45.549, 46.087, 45.321, 45.184, 44.842, 44.943, 34.854], [34.11, 33.287, 29.875, 27.813, 26.99, 23.287, 22.117, 19.09, 12.326, 7.777, 0.0, 10.252, 16.842, 20.407, 21.312, 22.216, 24.516, 25.819, 26.259, 26.189, 27.147, 28.436, 28.862, 31.191, 32.345, 33.511, 35.781, 36.763, 36.686, 35.831, 33.867, 34.519, 36.111, 36.512, 36.983, 36.51, 35.982, 35.733, 37.06, 36.855, 35.213, 39.02, 40.902, 39.898, 42.232, 45.868, 46.376, 45.591, 45.431, 45.084, 45.17, 35.284], [35.752, 35.168, 32.513, 30.749, 30.057, 27.008, 25.976, 23.587, 17.361, 14.646, 10.252, 0.0, 9.967, 15.746, 17.328, 18.815, 21.533, 22.762, 23.55, 23.957, 24.929, 26.302, 27.147, 29.893, 31.55, 32.776, 35.05, 36.092, 36.248, 36.077, 34.447, 35.107, 37.043, 37.784, 38.279, 37.893, 37.414, 37.213, 38.567, 38.386, 36.878, 40.279, 42.127, 41.165, 43.218, 46.635, 47.076, 46.3, 46.141, 45.765, 45.832, 36.774], [36.929, 36.445, 34.203, 32.679, 32.048, 29.708, 28.91, 27.082, 21.788, 18.901, 16.842, 9.967, 0.0, 7.722, 10.798, 13.122, 16.413, 17.757, 19.108, 20.336, 21.499, 22.957, 24.384, 27.271, 29.334, 30.732, 32.97, 34.124, 34.454, 35.148, 34.238, 34.88, 37.219, 38.629, 39.389, 39.09, 38.681, 38.495, 39.855, 39.714, 38.259, 41.451, 43.25, 42.293, 44.129, 47.317, 47.693, 46.943, 46.798, 46.392, 46.436, 37.859], [37.477, 36.933, 34.674, 33.339, 32.822, 30.837, 30.193, 28.659, 24.345, 21.717, 20.407, 15.746, 7.722, 0.0, 4.809, 9.069, 13.114, 14.519, 16.296, 18.341, 19.837, 21.289, 23.126, 26.085, 28.334, 29.831, 31.98, 33.151, 33.538, 34.564, 34.186, 34.97, 37.323, 39.107, 40.146, 39.912, 39.52, 39.307, 40.653, 40.559, 39.125, 42.17, 43.859, 42.905, 44.671, 47.693, 48.011, 47.306, 47.183, 46.78, 46.811, 38.349], [37.387, 36.797, 34.439, 33.126, 32.651, 30.727, 30.117, 28.651, 24.722, 22.445, 21.312, 17.328, 10.798, 4.809, 0.0, 6.233, 11.392, 12.942, 14.835, 17.432, 19.453, 21.04, 22.866, 25.826, 28.09, 29.573, 31.713, 32.864, 33.259, 34.316, 33.958, 34.761, 37.09, 38.927, 40.08, 39.874, 39.486, 39.256, 40.581, 40.501, 39.054, 42.046, 43.697, 42.753, 44.54, 47.556, 47.868, 47.182, 47.077, 46.691, 46.726, 38.281], [37.245, 36.682, 34.365, 33.094, 32.605, 30.744, 30.189, 28.758, 25.143, 23.024, 22.216, 18.815, 13.122, 9.069, 6.233, 0.0, 6.5, 9.07, 11.401, 14.822, 17.825, 19.85, 21.657, 24.627, 26.942, 28.456, 30.719, 31.982, 32.382, 33.527, 33.222, 34.025, 36.479, 38.496, 39.775, 39.56, 39.188, 38.976, 40.268, 40.19, 38.775, 41.839, 43.484, 42.559, 44.361, 47.394, 47.73, 47.039, 46.943, 46.567, 46.601, 38.197], [37.993, 37.523, 35.358, 34.16, 33.691, 31.992, 31.444, 30.139, 26.945, 25.021, 24.516, 21.533, 16.413, 13.114, 11.392, 6.5, 0.0, 4.287, 8.209, 12.696, 16.638, 18.935, 20.846, 23.918, 26.339, 27.913, 30.286, 31.702, 32.146, 33.424, 33.308, 34.139, 36.677, 38.866, 40.244, 40.045, 39.698, 39.519, 40.751, 40.673, 39.354, 42.316, 43.926, 43.037, 44.712, 47.625, 47.969, 47.292, 47.214, 46.847, 46.868, 38.889], [38.796, 38.372, 36.249, 35.094, 34.682, 33.076, 32.541, 31.308, 28.209, 26.346, 25.819, 22.762, 17.757, 14.519, 12.942, 9.07, 4.287, 0.0, 5.797, 11.581, 15.858, 18.232, 20.465, 23.731, 26.284, 27.894, 30.271, 31.75, 32.256, 33.677, 33.679, 34.52, 37.039, 39.252, 40.666, 40.507, 40.184, 40.016, 41.263, 41.198, 39.925, 42.798, 44.369, 43.485, 45.102, 47.944, 48.264, 47.608, 47.537, 47.166, 47.184, 39.589], [39.188, 38.755, 36.537, 35.41, 35.031, 33.576, 33.182, 31.904, 28.686, 26.739, 26.259, 23.55, 19.108, 16.296, 14.835, 11.401, 8.209, 5.797, 0.0, 7.789, 13.89, 16.588, 19.104, 22.769, 25.468, 27.245, 29.733, 31.26, 31.777, 33.283, 33.396, 34.266, 36.745, 38.94, 40.389, 40.26, 39.966, 39.766, 40.999, 40.984, 39.768, 42.644, 44.187, 43.331, 44.978, 47.808, 48.136, 47.504, 47.426, 47.054, 47.084, 39.933], [39.475, 39.047, 36.786, 35.524, 35.132, 33.76, 33.474, 32.221, 28.903, 26.683, 26.189, 23.957, 20.336, 18.341, 17.432, 14.822, 12.696, 11.581, 7.789, 0.0, 8.812, 12.69, 15.388, 20.222, 23.981, 26.376, 29.05, 30.598, 31.121, 32.586, 32.837, 33.856, 36.297, 38.426, 39.888, 39.797, 39.552, 39.303, 40.439, 40.497, 39.362, 42.332, 43.881, 43.079, 44.8, 47.656, 48.015, 47.379, 47.294, 46.94, 46.976, 40.192], [39.811, 39.405, 37.381, 36.251, 35.918, 34.557, 34.267, 33.258, 30.207, 27.797, 27.147, 24.929, 21.499, 19.837, 19.453, 17.825, 16.638, 15.858, 13.89, 8.812, 0.0, 6.375, 11.393, 16.944, 21.766, 24.857, 27.745, 29.447, 30.048, 31.668, 32.35, 33.668, 36.134, 38.338, 39.839, 39.756, 39.511, 39.29, 40.433, 40.501, 39.489, 42.61, 44.148, 43.305, 45.092, 47.986, 48.359, 47.724, 47.615, 47.258, 47.287, 40.406], [40.266, 39.91, 38.016, 36.997, 36.724, 35.429, 35.111, 34.186, 31.339, 29.055, 28.436, 26.302, 22.957, 21.289, 21.04, 19.85, 18.935, 18.232, 16.588, 12.69, 6.375, 0.0, 8.54, 15.331, 20.241, 23.512, 26.693, 28.629, 29.275, 31.004, 32.044, 33.598, 36.089, 38.409, 40.001, 39.961, 39.709, 39.474, 40.565, 40.66, 39.697, 42.704, 44.278, 43.481, 45.196, 48.05, 48.445, 47.824, 47.709, 47.359, 47.382, 40.737], [39.952, 39.689, 37.905, 36.778, 36.485, 35.249, 34.984, 34.073, 31.318, 29.215, 28.862, 27.147, 24.384, 23.126, 22.866, 21.657, 20.846, 20.465, 19.104, 15.388, 11.393, 8.54, 0.0, 10.3, 17.403, 21.018, 24.547, 26.758, 27.5, 29.381, 30.451, 32.13, 34.878, 37.244, 38.852, 38.804, 38.556, 38.333, 39.382, 39.489, 38.738, 41.91, 43.524, 42.897, 44.704, 47.595, 48.029, 47.403, 47.313, 46.972, 46.998, 40.441], [39.695, 39.518, 38.058, 37.349, 37.126, 36.266, 36.24, 35.469, 33.188, 31.195, 31.191, 29.893, 27.271, 26.085, 25.826, 24.627, 23.918, 23.731, 22.769, 20.222, 16.944, 15.331, 10.3, 0.0, 10.74, 16.447, 20.348, 23.15, 24.422, 27.19, 28.689, 30.38, 33.49, 36.252, 37.991, 37.874, 37.598, 37.522, 38.822, 38.847, 38.243, 41.882, 43.49, 42.818, 44.796, 47.727, 48.129, 47.539, 47.455, 47.04, 47.056, 40.176], [39.106, 38.926, 37.465, 37.004, 36.848, 36.176, 36.375, 35.661, 33.912, 32.19, 32.345, 31.55, 29.334, 28.334, 28.09, 26.942, 26.339, 26.284, 25.468, 23.981, 21.766, 20.241, 17.403, 10.74, 0.0, 9.029, 15.068, 18.496, 20.179, 23.668, 25.547, 27.307, 30.731, 34.009, 36.164, 36.12, 35.852, 36.015, 37.811, 37.828, 37.263, 41.497, 43.306, 42.582, 44.708, 47.872, 48.319, 47.7, 47.595, 47.134, 47.155, 39.606], [39.353, 39.138, 37.704, 37.274, 37.083, 36.593, 36.93, 36.221, 34.737, 33.318, 33.511, 32.776, 30.732, 29.831, 29.573, 28.456, 27.913, 27.894, 27.245, 26.376, 24.857, 23.512, 21.018, 16.447, 9.029, 0.0, 9.164, 14.083, 15.924, 19.963, 22.244, 24.145, 28.043, 31.764, 34.295, 34.469, 34.365, 34.711, 36.729, 36.853, 36.484, 41.036, 43.081, 42.48, 44.624, 47.853, 48.308, 47.693, 47.604, 47.17, 47.2, 39.861], [40.252, 40.03, 38.639, 38.2, 38.037, 37.846, 38.362, 37.749, 36.686, 35.6, 35.781, 35.05, 32.97, 31.98, 31.713, 30.719, 30.286, 30.271, 29.733, 29.05, 27.745, 26.693, 24.547, 20.348, 15.068, 9.164, 0.0, 7.315, 11.291, 16.646, 19.956, 22.147, 26.284, 30.702, 33.723, 34.117, 34.143, 34.534, 36.563, 36.747, 36.609, 41.141, 43.154, 42.656, 44.791, 47.852, 48.242, 47.685, 47.618, 47.24, 47.284, 40.724], [40.547, 40.33, 38.942, 38.495, 38.347, 38.277, 38.941, 38.416, 37.509, 36.589, 36.763, 36.092, 34.124, 33.151, 32.864, 31.982, 31.702, 31.75, 31.26, 30.598, 29.447, 28.629, 26.758, 23.15, 18.496, 14.083, 7.315, 0.0, 7.68, 14.732, 18.334, 20.872, 25.287, 29.986, 33.196, 33.654, 33.709, 34.144, 36.338, 36.578, 36.584, 41.171, 43.171, 42.713, 44.875, 47.895, 48.27, 47.741, 47.725, 47.379, 47.417, 41.036], [40.351, 40.148, 38.679, 38.171, 38.066, 37.932, 38.586, 38.153, 37.317, 36.391, 36.686, 36.248, 34.454, 33.538, 33.259, 32.382, 32.146, 32.256, 31.777, 31.121, 30.048, 29.275, 27.5, 24.422, 20.179, 15.924, 11.291, 7.68, 0.0, 9.653, 15.537, 18.146, 22.488, 27.707, 31.343, 31.94, 32.053, 32.436, 34.599, 34.986, 35.223, 39.914, 42.017, 41.649, 43.866, 46.932, 47.339, 46.887, 46.938, 46.666, 46.749, 40.864], [39.039, 38.779, 37.247, 36.872, 36.793, 36.589, 37.234, 36.793, 36.298, 35.538, 35.831, 36.077, 35.148, 34.564, 34.316, 33.527, 33.424, 33.677, 33.283, 32.586, 31.668, 31.004, 29.381, 27.19, 23.668, 19.963, 16.646, 14.732, 9.653, 0.0, 10.077, 14.746, 18.304, 23.363, 27.42, 28.15, 28.291, 28.631, 30.989, 31.638, 32.215, 37.484, 39.822, 39.529, 41.991, 45.301, 45.766, 45.376, 45.477, 45.263, 45.477, 39.603], [36.892, 36.551, 35.048, 34.823, 34.547, 34.385, 35.219, 34.617, 34.13, 33.578, 33.867, 34.447, 34.238, 34.186, 33.958, 33.222, 33.308, 33.679, 33.396, 32.837, 32.35, 32.044, 30.451, 28.689, 25.547, 22.244, 19.956, 18.334, 15.537, 10.077, 0.0, 9.049, 15.792, 20.076, 23.542, 24.069, 24.193, 24.769, 27.985, 28.728, 29.288, 35.688, 38.38, 38.019, 40.937, 44.788, 45.349, 44.909, 45.038, 44.758, 45.025, 37.614], [37.228, 36.92, 35.39, 35.082, 34.759, 34.731, 35.624, 35.07, 34.558, 34.024, 34.519, 35.107, 34.88, 34.97, 34.761, 34.025, 34.139, 34.52, 34.266, 33.856, 33.668, 33.598, 32.13, 30.38, 27.307, 24.145, 22.147, 20.872, 18.146, 14.746, 9.049, 0.0, 10.905, 17.524, 21.676, 22.651, 23.038, 23.618, 27.099, 27.903, 28.592, 35.253, 38.06, 37.729, 40.663, 44.53, 45.096, 44.696, 44.858, 44.608, 44.852, 37.993], [38.529, 38.216, 36.529, 36.154, 35.919, 35.946, 36.751, 36.283, 36.054, 35.576, 36.111, 37.043, 37.219, 37.323, 37.09, 36.479, 36.677, 37.039, 36.745, 36.297, 36.134, 36.089, 34.878, 33.49, 30.731, 28.043, 26.284, 25.287, 22.488, 18.304, 15.792, 10.905, 0.0, 10.744, 18.103, 20.285, 21.017, 21.426, 25.228, 26.374, 27.82, 34.595, 37.432, 37.279, 40.067, 43.738, 44.331, 44.005, 44.214, 44.068, 44.38, 39.241], [38.821, 38.544, 36.94, 36.613, 36.295, 36.261, 36.99, 36.469, 36.282, 35.952, 36.512, 37.784, 38.629, 39.107, 38.927, 38.496, 38.866, 39.252, 38.94, 38.426, 38.338, 38.409, 37.244, 36.252, 34.009, 31.764, 30.702, 29.986, 27.707, 23.363, 20.076, 17.524, 10.744, 0.0, 9.957, 14.031, 15.482, 16.056, 21.219, 23.075, 25.583, 33.167, 36.294, 36.34, 39.202, 42.967, 43.658, 43.37, 43.632, 43.532, 43.934, 39.526], [38.993, 38.765, 37.388, 37.195, 36.787, 36.73, 37.464, 36.932, 36.658, 36.403, 36.983, 38.279, 39.389, 40.146, 40.08, 39.775, 40.244, 40.666, 40.389, 39.888, 39.839, 40.001, 38.852, 37.991, 36.164, 34.295, 33.723, 33.196, 31.343, 27.42, 23.542, 21.676, 18.103, 9.957, 0.0, 6.898, 10.269, 11.741, 18.606, 20.964, 24.354, 32.764, 36.126, 36.217, 39.197, 43.16, 43.935, 43.626, 43.919, 43.829, 44.264, 39.673], [38.48, 38.202, 36.816, 36.703, 36.268, 36.214, 37.024, 36.471, 36.182, 35.924, 36.51, 37.893, 39.09, 39.912, 39.874, 39.56, 40.045, 40.507, 40.26, 39.797, 39.756, 39.961, 38.804, 37.874, 36.12, 34.469, 34.117, 33.654, 31.94, 28.15, 24.069, 22.651, 20.285, 14.031, 6.898, 0.0, 5.318, 9.161, 17.356, 19.523, 23.604, 32.743, 36.094, 36.092, 39.288, 43.452, 44.285, 43.943, 44.203, 44.074, 44.496, 39.194], [38.09, 37.774, 36.324, 36.23, 35.806, 35.672, 36.475, 35.909, 35.659, 35.428, 35.982, 37.414, 38.681, 39.52, 39.486, 39.188, 39.698, 40.184, 39.966, 39.552, 39.511, 39.709, 38.556, 37.598, 35.852, 34.365, 34.143, 33.709, 32.053, 28.291, 24.193, 23.038, 21.017, 15.482, 10.269, 5.318, 0.0, 7.493, 17.229, 18.943, 23.305, 32.887, 36.151, 36.056, 39.354, 43.612, 44.453, 44.082, 44.323, 44.172, 44.592, 38.819], [38.053, 37.714, 36.246, 36.082, 35.607, 35.473, 36.27, 35.643, 35.344, 35.141, 35.733, 37.213, 38.495, 39.307, 39.256, 38.976, 39.519, 40.016, 39.766, 39.303, 39.29, 39.474, 38.333, 37.522, 36.015, 34.711, 34.534, 34.144, 32.436, 28.631, 24.769, 23.618, 21.426, 16.056, 11.741, 9.161, 7.493, 0.0, 11.982, 14.918, 19.411, 30.09, 33.867, 33.987, 37.488, 41.981, 43.051, 42.774, 43.07, 43.024, 43.558, 38.777], [39.357, 39.018, 37.59, 37.191, 36.638, 36.529, 37.277, 36.626, 36.393, 36.377, 37.06, 38.567, 39.855, 40.653, 40.581, 40.268, 40.751, 41.263, 40.999, 40.439, 40.433, 40.565, 39.382, 38.822, 37.811, 36.729, 36.563, 36.338, 34.599, 30.989, 27.985, 27.099, 25.228, 21.219, 18.606, 17.356, 17.229, 11.982, 0.0, 7.26, 14.676, 25.298, 29.394, 30.254, 33.993, 38.705, 40.183, 40.071, 40.434, 40.612, 41.257, 40.062], [39.15, 38.796, 37.364, 36.978, 36.411, 36.278, 37.094, 36.422, 36.183, 36.181, 36.855, 38.386, 39.714, 40.559, 40.501, 40.19, 40.673, 41.198, 40.984, 40.497, 40.501, 40.66, 39.489, 38.847, 37.828, 36.853, 36.747, 36.578, 34.986, 31.638, 28.728, 27.903, 26.374, 23.075, 20.964, 19.523, 18.943, 14.918, 7.26, 0.0, 12.848, 25.263, 28.962, 29.578, 33.671, 38.487, 39.939, 39.758, 40.077, 40.222, 40.809, 39.871], [37.831, 37.494, 35.873, 35.43, 34.984, 34.784, 35.622, 34.903, 34.601, 34.597, 35.213, 36.878, 38.259, 39.125, 39.054, 38.775, 39.354, 39.925, 39.768, 39.362, 39.489, 39.697, 38.738, 38.243, 37.263, 36.484, 36.609, 36.584, 35.223, 32.215, 29.288, 28.592, 27.82, 25.583, 24.354, 23.604, 23.305, 19.411, 14.676, 12.848, 0.0, 17.543, 23.505, 23.753, 28.221, 34.121, 36.195, 36.198, 36.606, 36.905, 37.65, 38.606], [41.497, 41.397, 39.647, 38.732, 38.672, 38.408, 38.771, 38.226, 38.185, 38.549, 39.02, 40.279, 41.451, 42.17, 42.046, 41.839, 42.316, 42.798, 42.644, 42.332, 42.61, 42.704, 41.91, 41.882, 41.497, 41.036, 41.141, 41.171, 39.914, 37.484, 35.688, 35.253, 34.595, 33.167, 32.764, 32.743, 32.887, 30.09, 25.298, 25.263, 17.543, 0.0, 10.218, 13.286, 16.281, 22.887, 26.597, 27.404, 28.44, 29.502, 30.574, 41.992], [43.115, 43.073, 41.397, 40.489, 40.484, 40.246, 40.57, 40.02, 40.03, 40.475, 40.902, 42.127, 43.25, 43.859, 43.697, 43.484, 43.926, 44.369, 44.187, 43.881, 44.148, 44.278, 43.524, 43.49, 43.306, 43.081, 43.154, 43.171, 42.017, 39.822, 38.38, 38.06, 37.432, 36.294, 36.126, 36.094, 36.151, 33.867, 29.394, 28.962, 23.505, 10.218, 0.0, 7.635, 12.376, 18.189, 22.124, 23.455, 24.886, 26.402, 27.635, 43.49], [42.155, 42.109, 40.43, 39.576, 39.575, 39.346, 39.734, 39.165, 39.123, 39.518, 39.898, 41.165, 42.293, 42.905, 42.753, 42.559, 43.037, 43.485, 43.331, 43.079, 43.305, 43.481, 42.897, 42.818, 42.582, 42.48, 42.656, 42.713, 41.649, 39.529, 38.019, 37.729, 37.279, 36.34, 36.217, 36.092, 36.056, 33.987, 30.254, 29.578, 23.753, 13.286, 7.635, 0.0, 9.152, 16.667, 20.1, 21.155, 22.672, 24.257, 25.497, 42.558], [44.261, 44.32, 42.543, 41.39, 41.52, 41.43, 41.689, 41.278, 41.424, 41.906, 42.232, 43.218, 44.129, 44.671, 44.54, 44.361, 44.712, 45.102, 44.978, 44.8, 45.092, 45.196, 44.704, 44.796, 44.708, 44.624, 44.791, 44.875, 43.866, 41.991, 40.937, 40.663, 40.067, 39.202, 39.197, 39.288, 39.354, 37.488, 33.993, 33.671, 28.221, 16.281, 12.376, 9.152, 0.0, 10.187, 15.287, 16.369, 18.265, 20.352, 21.875, 44.609], [47.491, 47.652, 45.874, 44.568, 44.748, 44.818, 45.031, 44.737, 45.011, 45.549, 45.868, 46.635, 47.317, 47.693, 47.556, 47.394, 47.625, 47.944, 47.808, 47.656, 47.986, 48.05, 47.595, 47.727, 47.872, 47.853, 47.852, 47.895, 46.932, 45.301, 44.788, 44.53, 43.738, 42.967, 43.16, 43.452, 43.612, 41.981, 38.705, 38.487, 34.121, 22.887, 18.189, 16.667, 10.187, 0.0, 7.956, 11.364, 13.832, 16.388, 18.318, 47.719], [47.9, 48.062, 46.345, 45.088, 45.257, 45.332, 45.514, 45.259, 45.56, 46.087, 46.376, 47.076, 47.693, 48.011, 47.868, 47.73, 47.969, 48.264, 48.136, 48.015, 48.359, 48.445, 48.029, 48.129, 48.319, 48.308, 48.242, 48.27, 47.339, 45.766, 45.349, 45.096, 44.331, 43.658, 43.935, 44.285, 44.453, 43.051, 40.183, 39.939, 36.195, 26.597, 22.124, 20.1, 15.287, 7.956, 0.0, 6.582, 10.598, 13.193, 15.242, 48.086], [47.216, 47.36, 45.594, 44.257, 44.465, 44.49, 44.659, 44.428, 44.78, 45.321, 45.591, 46.3, 46.943, 47.306, 47.182, 47.039, 47.292, 47.608, 47.504, 47.379, 47.724, 47.824, 47.403, 47.539, 47.7, 47.693, 47.685, 47.741, 46.887, 45.376, 44.909, 44.696, 44.005, 43.37, 43.626, 43.943, 44.082, 42.774, 40.071, 39.758, 36.198, 27.404, 23.455, 21.155, 16.369, 11.364, 6.582, 0.0, 6.532, 10.36, 12.506, 47.436], [47.131, 47.261, 45.447, 44.1, 44.314, 44.317, 44.529, 44.297, 44.649, 45.184, 45.431, 46.141, 46.798, 47.183, 47.077, 46.943, 47.214, 47.537, 47.426, 47.294, 47.615, 47.709, 47.313, 47.455, 47.595, 47.604, 47.618, 47.725, 46.938, 45.477, 45.038, 44.858, 44.214, 43.632, 43.919, 44.203, 44.323, 43.07, 40.434, 40.077, 36.606, 28.44, 24.886, 22.672, 18.265, 13.832, 10.598, 6.532, 0.0, 5.702, 8.871, 47.389], [46.705, 46.817, 45.034, 43.756, 43.984, 43.999, 44.222, 43.996, 44.334, 44.842, 45.084, 45.765, 46.392, 46.78, 46.691, 46.567, 46.847, 47.166, 47.054, 46.94, 47.258, 47.359, 46.972, 47.04, 47.134, 47.17, 47.24, 47.379, 46.666, 45.263, 44.758, 44.608, 44.068, 43.532, 43.829, 44.074, 44.172, 43.024, 40.612, 40.222, 36.905, 29.502, 26.402, 24.257, 20.352, 16.388, 13.193, 10.36, 5.702, 0.0, 5.298, 46.971], [46.808, 46.905, 45.105, 43.793, 44.068, 44.085, 44.27, 44.058, 44.437, 44.943, 45.17, 45.832, 46.436, 46.811, 46.726, 46.601, 46.868, 47.184, 47.084, 46.976, 47.287, 47.382, 46.998, 47.056, 47.155, 47.2, 47.284, 47.417, 46.749, 45.477, 45.025, 44.852, 44.38, 43.934, 44.264, 44.496, 44.592, 43.558, 41.257, 40.809, 37.65, 30.574, 27.635, 25.497, 21.875, 18.318, 15.242, 12.506, 8.871, 5.298, 0.0, 47.068], [7.151, 10.921, 22.508, 29.256, 30.586, 31.322, 32.712, 33.361, 34.579, 34.854, 35.284, 36.774, 37.859, 38.349, 38.281, 38.197, 38.889, 39.589, 39.933, 40.192, 40.406, 40.737, 40.441, 40.176, 39.606, 39.861, 40.724, 41.036, 40.864, 39.603, 37.614, 37.993, 39.241, 39.526, 39.673, 39.194, 38.819, 38.777, 40.062, 39.871, 38.606, 41.992, 43.49, 42.558, 44.609, 47.719, 48.086, 47.436, 47.389, 46.971, 47.068, 0.0]]