[[0.0, 8.893, 15.579, 18.256, 18.972, 19.364, 20.161, 21.816, 24.672, 27.768, 30.226, 31.683, 32.141, 32.263, 33.164, 36.003, 38.852, 39.883, 39.544, 38.885, 38.52, 39.331, 40.674, 40.942, 40.845, 41.887, 42.821, 43.248, 44.02, 44.872, 45.084, 44.856, 44.578, 44.211, 43.964, 43.631, 42.547, 40.857, 40.561, 41.424, 41.692, 41.431, 41.631, 42.12, 42.482, 43.415, 44.517, 44.863, 44.549, 44.446, 44.924, 45.46, 45.518, 45.245, 44.871, 45.191, 46.07, 46.688, 46.339, 45.669, 45.129, 44.935, 44.876, 44.475, 44.202, 44.328, 44.41, 44.453, 44.31, 44.209, 44.625, 45.442, 46.116, 45.723, 44.72, 43.688, 43.441, 43.785, 43.974, 43.492, 42.802, 41.838, 40.556, 39.91, 40.045, 39.775, 39.717, 41.413, 43.004, 43.244, 43.129, 44.098, 46.21, 47.229, 46.9, 47.045, 48.628, 50.795, 50.565, 48.941, 48.136, 48.043, 48.222, 47.646, 46.93, 46.843, 46.775, 46.514, 46.906, 48.015, 49.363, 50.255, 50.356, 49.535, 48.577, 48.636, 49.023, 48.392, 47.167, 46.661, 47.006, 47.551, 47.119, 46.329, 46.304, 46.987, 47.578, 47.065, 45.639, 44.001, 42.846, 42.808, 42.759, 42.848, 43.212, 42.4, 40.776, 40.102, 39.836, 39.575, 39.457, 39.626, 39.648, 39.236, 9.475], [8.893, 0.0, 8.474, 12.711, 14.158, 14.72, 15.999, 18.611, 22.382, 26.029, 28.727, 30.295, 30.818, 31.079, 32.196, 35.324, 38.415, 39.536, 39.218, 38.553, 38.186, 39.111, 40.671, 41.031, 40.911, 41.969, 42.99, 43.504, 44.313, 45.159, 45.353, 45.118, 44.85, 44.521, 44.323, 43.995, 42.889, 41.24, 40.937, 41.759, 42.032, 41.786, 41.976, 42.442, 42.773, 43.663, 44.742, 45.097, 44.772, 44.615, 45.041, 45.52, 45.557, 45.349, 45.057, 45.354, 46.151, 46.736, 46.427, 45.818, 45.327, 45.16, 45.106, 44.719, 44.458, 44.568, 44.647, 44.71, 44.585, 44.463, 44.823, 45.551, 46.153, 45.798, 44.958, 44.047, 43.811, 44.106, 44.256, 43.776, 43.128, 42.277, 41.06, 40.346, 40.442, 40.253, 40.229, 41.722, 43.2, 43.42, 43.316, 44.275, 46.363, 47.358, 47.04, 47.211, 48.778, 50.908, 50.678, 49.062, 48.242, 48.096, 48.241, 47.645, 46.874, 46.731, 46.662, 46.429, 46.815, 47.853, 49.095, 49.932, 50.048, 49.303, 48.441, 48.489, 48.832, 48.245, 47.115, 46.629, 46.93, 47.447, 47.046, 46.282, 46.212, 46.821, 47.379, 46.921, 45.576, 43.902, 42.652, 42.473, 42.383, 42.504, 42.862, 42.089, 40.669, 40.198, 39.998, 39.724, 39.571, 39.778, 39.888, 39.536, 15.109], [15.579, 8.474, 0.0, 5.774, 8.589, 9.608, 11.469, 15.327, 20.108, 24.19, 27.005, 28.714, 29.434, 29.84, 31.004, 34.294, 37.61, 38.819, 38.53, 37.863, 37.478, 38.444, 40.183, 40.68, 40.577, 41.628, 42.751, 43.403, 44.293, 45.162, 45.361, 45.14, 44.894, 44.58, 44.381, 44.042, 42.951, 41.381, 41.155, 41.978, 42.243, 42.011, 42.2, 42.648, 42.974, 43.866, 44.936, 45.279, 44.926, 44.714, 45.129, 45.629, 45.686, 45.52, 45.261, 45.514, 46.288, 46.892, 46.597, 45.99, 45.508, 45.355, 45.307, 44.94, 44.717, 44.833, 44.904, 44.978, 44.861, 44.726, 45.072, 45.8, 46.402, 46.07, 45.258, 44.355, 44.092, 44.376, 44.523, 44.01, 43.327, 42.502, 41.333, 40.613, 40.705, 40.518, 40.357, 41.684, 43.146, 43.384, 43.288, 44.268, 46.379, 47.377, 47.069, 47.261, 48.823, 50.952, 50.75, 49.153, 48.334, 48.169, 48.29, 47.708, 46.942, 46.787, 46.718, 46.5, 46.886, 47.885, 49.057, 49.865, 50.01, 49.301, 48.432, 48.447, 48.783, 48.211, 47.116, 46.645, 46.926, 47.435, 47.064, 46.322, 46.238, 46.828, 47.386, 46.934, 45.603, 43.956, 42.719, 42.504, 42.398, 42.474, 42.777, 41.986, 40.614, 40.2, 40.036, 39.757, 39.57, 39.771, 39.915, 39.601, 19.324], [18.256, 12.711, 5.774, 0.0, 3.839, 6.069, 8.818, 13.329, 18.561, 22.829, 25.642, 27.416, 28.301, 28.751, 29.787, 33.09, 36.556, 37.839, 37.562, 36.912, 36.545, 37.497, 39.292, 39.89, 39.853, 40.945, 42.136, 42.875, 43.875, 44.835, 45.079, 44.865, 44.625, 44.307, 44.076, 43.715, 42.649, 41.121, 40.935, 41.776, 42.034, 41.781, 41.95, 42.392, 42.732, 43.638, 44.703, 45.047, 44.707, 44.492, 44.908, 45.425, 45.491, 45.313, 45.036, 45.276, 46.082, 46.742, 46.447, 45.812, 45.324, 45.174, 45.126, 44.775, 44.593, 44.734, 44.809, 44.887, 44.776, 44.647, 45.003, 45.762, 46.405, 46.106, 45.252, 44.26, 43.949, 44.249, 44.425, 43.894, 43.151, 42.262, 41.072, 40.357, 40.466, 40.245, 39.97, 41.318, 42.893, 43.182, 43.079, 44.085, 46.249, 47.266, 46.951, 47.149, 48.729, 50.889, 50.698, 49.089, 48.273, 48.142, 48.28, 47.685, 46.919, 46.782, 46.721, 46.499, 46.889, 47.911, 49.1, 49.913, 50.052, 49.306, 48.377, 48.378, 48.73, 48.136, 46.995, 46.506, 46.784, 47.295, 46.926, 46.184, 46.09, 46.681, 47.247, 46.767, 45.402, 43.78, 42.593, 42.432, 42.337, 42.359, 42.628, 41.794, 40.355, 39.905, 39.729, 39.449, 39.229, 39.373, 39.501, 39.198, 21.07], [18.972, 14.158, 8.589, 3.839, 0.0, 3.64, 7.575, 12.433, 17.752, 22.089, 24.932, 26.759, 27.737, 28.203, 29.19, 32.525, 36.062, 37.385, 37.12, 36.49, 36.138, 37.066, 38.855, 39.488, 39.486, 40.609, 41.823, 42.577, 43.613, 44.622, 44.901, 44.695, 44.45, 44.135, 43.901, 43.535, 42.487, 40.98, 40.779, 41.61, 41.868, 41.597, 41.754, 42.195, 42.54, 43.446, 44.5, 44.849, 44.539, 44.353, 44.772, 45.276, 45.336, 45.145, 44.856, 45.099, 45.929, 46.621, 46.329, 45.685, 45.2, 45.053, 45.002, 44.662, 44.507, 44.661, 44.733, 44.807, 44.699, 44.578, 44.938, 45.715, 46.389, 46.118, 45.25, 44.208, 43.873, 44.184, 44.375, 43.838, 43.06, 42.122, 40.9, 40.179, 40.301, 40.054, 39.722, 41.108, 42.734, 43.038, 42.928, 43.926, 46.089, 47.107, 46.779, 46.956, 48.525, 50.686, 50.495, 48.882, 48.075, 47.979, 48.156, 47.563, 46.797, 46.671, 46.613, 46.386, 46.78, 47.824, 49.037, 49.859, 49.999, 49.242, 48.289, 48.29, 48.657, 48.072, 46.925, 46.436, 46.718, 47.233, 46.866, 46.117, 46.001, 46.583, 47.158, 46.668, 45.28, 43.65, 42.466, 42.324, 42.253, 42.272, 42.542, 41.687, 40.203, 39.731, 39.547, 39.268, 39.045, 39.174, 39.294, 38.984, 21.581], [19.364, 14.72, 9.608, 6.069, 3.64, 0.0, 4.932, 10.879, 16.738, 21.296, 24.252, 26.158, 27.188, 27.643, 28.59, 31.994, 35.639, 36.996, 36.734, 36.106, 35.743, 36.664, 38.486, 39.151, 39.148, 40.286, 41.552, 42.339, 43.381, 44.388, 44.676, 44.487, 44.248, 43.922, 43.68, 43.315, 42.247, 40.686, 40.475, 41.32, 41.579, 41.315, 41.491, 41.951, 42.303, 43.205, 44.255, 44.598, 44.277, 44.092, 44.535, 45.067, 45.136, 44.945, 44.635, 44.862, 45.699, 46.407, 46.115, 45.463, 44.974, 44.828, 44.779, 44.435, 44.285, 44.452, 44.525, 44.596, 44.483, 44.35, 44.709, 45.508, 46.2, 45.915, 45.014, 43.944, 43.601, 43.918, 44.112, 43.564, 42.761, 41.79, 40.553, 39.839, 39.969, 39.707, 39.399, 40.883, 42.564, 42.868, 42.753, 43.77, 45.951, 46.968, 46.628, 46.796, 48.362, 50.521, 50.318, 48.696, 47.892, 47.813, 48.018, 47.45, 46.695, 46.576, 46.518, 46.279, 46.663, 47.706, 48.918, 49.734, 49.869, 49.081, 48.087, 48.082, 48.457, 47.855, 46.704, 46.233, 46.523, 47.038, 46.665, 45.902, 45.776, 46.354, 46.925, 46.43, 45.056, 43.424, 42.225, 42.064, 41.985, 42.004, 42.269, 41.39, 39.875, 39.396, 39.221, 38.953, 38.743, 38.873, 38.984, 38.651, 21.831], [20.161, 15.999, 11.469, 8.818, 7.575, 4.932, 0.0, 7.056, 14.035, 19.278, 22.58, 24.664, 25.759, 26.182, 27.131, 30.81, 34.753, 36.196, 35.917, 35.263, 34.877, 35.777, 37.626, 38.321, 38.322, 39.504, 40.864, 41.749, 42.874, 43.937, 44.239, 44.063, 43.848, 43.515, 43.246, 42.865, 41.75, 40.082, 39.867, 40.756, 41.003, 40.724, 40.928, 41.429, 41.8, 42.71, 43.763, 44.111, 43.786, 43.622, 44.116, 44.7, 44.783, 44.56, 44.157, 44.346, 45.241, 46.009, 45.714, 45.026, 44.508, 44.358, 44.31, 43.947, 43.784, 43.976, 44.065, 44.139, 44.013, 43.868, 44.251, 45.111, 45.843, 45.514, 44.525, 43.397, 43.043, 43.379, 43.594, 43.043, 42.218, 41.198, 39.927, 39.23, 39.369, 39.077, 38.897, 40.643, 42.47, 42.774, 42.65, 43.749, 46.018, 47.046, 46.688, 46.869, 48.485, 50.674, 50.434, 48.766, 47.964, 47.911, 48.113, 47.539, 46.785, 46.669, 46.603, 46.34, 46.699, 47.736, 48.943, 49.745, 49.842, 48.962, 47.874, 47.867, 48.251, 47.579, 46.378, 45.903, 46.197, 46.723, 46.332, 45.546, 45.438, 46.047, 46.616, 46.09, 44.697, 43.036, 41.78, 41.597, 41.502, 41.509, 41.764, 40.825, 39.21, 38.698, 38.526, 38.253, 38.03, 38.125, 38.204, 37.841, 22.18], [21.816, 18.611, 15.327, 13.329, 12.433, 10.879, 7.056, 0.0, 8.104, 14.672, 18.911, 21.485, 22.714, 23.112, 24.365, 28.948, 33.536, 35.144, 34.855, 34.155, 33.721, 34.592, 36.463, 37.155, 37.114, 38.314, 39.75, 40.74, 42.009, 43.208, 43.562, 43.38, 43.198, 42.942, 42.743, 42.386, 41.242, 39.484, 39.198, 40.09, 40.309, 39.971, 40.183, 40.726, 41.096, 42.002, 43.048, 43.409, 43.136, 43.077, 43.685, 44.334, 44.431, 44.13, 43.57, 43.717, 44.737, 45.624, 45.328, 44.596, 44.061, 43.912, 43.856, 43.475, 43.322, 43.561, 43.685, 43.767, 43.63, 43.492, 43.94, 44.909, 45.717, 45.38, 44.3, 43.088, 42.721, 43.1, 43.353, 42.802, 41.949, 40.864, 39.529, 38.827, 38.955, 38.565, 38.429, 40.371, 42.308, 42.602, 42.463, 43.621, 45.955, 46.993, 46.62, 46.805, 48.482, 50.715, 50.432, 48.714, 47.931, 47.913, 48.117, 47.546, 46.794, 46.667, 46.582, 46.283, 46.619, 47.682, 48.922, 49.724, 49.781, 48.822, 47.655, 47.651, 48.056, 47.353, 46.15, 45.682, 45.978, 46.521, 46.114, 45.284, 45.159, 45.811, 46.426, 45.889, 44.449, 42.737, 41.371, 41.156, 41.07, 41.073, 41.33, 40.327, 38.556, 37.963, 37.781, 37.495, 37.263, 37.334, 37.373, 36.975, 23.312], [24.672, 22.382, 20.108, 18.561, 17.752, 16.738, 14.035, 8.104, 0.0, 7.784, 13.672, 17.469, 19.08, 19.494, 21.449, 27.529, 32.931, 34.711, 34.439, 33.72, 33.223, 34.09, 36.036, 36.727, 36.582, 37.722, 39.168, 40.176, 41.5, 42.789, 43.189, 42.984, 42.809, 42.676, 42.635, 42.362, 41.241, 39.479, 39.089, 39.915, 40.103, 39.713, 39.906, 40.448, 40.756, 41.595, 42.61, 42.974, 42.757, 42.836, 43.6, 44.32, 44.442, 44.092, 43.418, 43.563, 44.726, 45.72, 45.436, 44.686, 44.173, 44.056, 44.0, 43.633, 43.534, 43.817, 43.963, 44.05, 43.915, 43.797, 44.298, 45.34, 46.188, 45.855, 44.722, 43.487, 43.14, 43.54, 43.802, 43.235, 42.347, 41.244, 39.92, 39.231, 39.341, 38.785, 38.401, 40.138, 42.022, 42.303, 42.154, 43.285, 45.59, 46.621, 46.247, 46.397, 48.045, 50.276, 49.987, 48.291, 47.565, 47.597, 47.85, 47.327, 46.604, 46.463, 46.358, 46.043, 46.38, 47.49, 48.782, 49.601, 49.655, 48.698, 47.529, 47.531, 47.954, 47.303, 46.181, 45.738, 46.036, 46.595, 46.187, 45.302, 45.103, 45.764, 46.469, 46.022, 44.625, 42.917, 41.464, 41.2, 41.139, 41.157, 41.436, 40.42, 38.569, 37.915, 37.745, 37.486, 37.281, 37.37, 37.377, 36.937, 25.683], [27.768, 26.029, 24.19, 22.829, 22.089, 21.296, 19.278, 14.672, 7.784, 0.0, 7.486, 13.223, 15.748, 16.333, 19.099, 26.663, 32.767, 34.69, 34.445, 33.768, 33.254, 34.129, 36.198, 36.97, 36.789, 37.874, 39.299, 40.257, 41.51, 42.771, 43.156, 42.926, 42.743, 42.678, 42.765, 42.607, 41.59, 39.913, 39.457, 40.213, 40.385, 39.959, 40.105, 40.607, 40.836, 41.589, 42.581, 42.946, 42.72, 42.866, 43.759, 44.535, 44.677, 44.333, 43.656, 43.852, 45.106, 46.137, 45.863, 45.113, 44.63, 44.55, 44.506, 44.176, 44.143, 44.454, 44.606, 44.695, 44.573, 44.471, 44.982, 46.025, 46.832, 46.448, 45.294, 44.118, 43.813, 44.199, 44.445, 43.86, 42.951, 41.901, 40.658, 39.997, 40.108, 39.434, 38.658, 39.878, 41.577, 41.84, 41.695, 42.773, 45.039, 46.071, 45.706, 45.823, 47.428, 49.658, 49.403, 47.77, 47.116, 47.198, 47.491, 47.005, 46.312, 46.169, 46.053, 45.739, 46.092, 47.231, 48.535, 49.359, 49.448, 48.561, 47.45, 47.468, 47.891, 47.29, 46.235, 45.796, 46.084, 46.645, 46.236, 45.32, 45.059, 45.695, 46.443, 46.114, 44.864, 43.239, 41.732, 41.392, 41.347, 41.393, 41.712, 40.751, 38.938, 38.278, 38.139, 37.921, 37.743, 37.86, 37.847, 37.349, 28.331], [30.226, 28.727, 27.005, 25.642, 24.932, 24.252, 22.58, 18.911, 13.672, 7.486, 0.0, 7.299, 11.365, 12.587, 16.11, 25.055, 31.91, 34.034, 33.815, 33.209, 32.717, 33.599, 35.848, 36.798, 36.643, 37.713, 39.154, 40.089, 41.27, 42.479, 42.829, 42.578, 42.404, 42.39, 42.581, 42.571, 41.725, 40.162, 39.68, 40.392, 40.562, 40.104, 40.183, 40.641, 40.833, 41.557, 42.554, 42.917, 42.648, 42.796, 43.779, 44.602, 44.737, 44.406, 43.816, 44.093, 45.371, 46.394, 46.124, 45.374, 44.908, 44.848, 44.815, 44.523, 44.538, 44.862, 45.012, 45.101, 44.991, 44.912, 45.429, 46.457, 47.204, 46.748, 45.597, 44.492, 44.207, 44.566, 44.807, 44.208, 43.279, 42.284, 41.114, 40.476, 40.598, 39.88, 38.736, 39.434, 40.927, 41.159, 41.023, 42.056, 44.322, 45.389, 45.031, 45.154, 46.787, 49.052, 48.828, 47.236, 46.635, 46.737, 47.027, 46.534, 45.848, 45.72, 45.609, 45.291, 45.648, 46.777, 48.051, 48.876, 49.032, 48.238, 47.195, 47.219, 47.633, 47.08, 46.094, 45.667, 45.935, 46.473, 46.051, 45.131, 44.851, 45.458, 46.193, 45.922, 44.813, 43.276, 41.691, 41.242, 41.205, 41.292, 41.657, 40.793, 39.11, 38.494, 38.377, 38.18, 37.996, 38.097, 38.054, 37.502, 30.589], [31.683, 30.295, 28.714, 27.416, 26.759, 26.158, 24.664, 21.485, 17.469, 13.223, 7.299, 0.0, 5.541, 8.286, 13.202, 23.217, 30.655, 32.974, 32.783, 32.243, 31.77, 32.647, 35.075, 36.197, 36.059, 37.136, 38.627, 39.575, 40.733, 41.93, 42.267, 42.003, 41.851, 41.905, 42.18, 42.259, 41.525, 40.046, 39.594, 40.307, 40.471, 39.997, 40.052, 40.497, 40.69, 41.423, 42.416, 42.776, 42.504, 42.655, 43.691, 44.549, 44.658, 44.296, 43.758, 44.083, 45.368, 46.392, 46.12, 45.37, 44.915, 44.859, 44.83, 44.563, 44.612, 44.923, 45.045, 45.121, 45.017, 44.953, 45.478, 46.502, 47.215, 46.721, 45.575, 44.491, 44.194, 44.535, 44.778, 44.166, 43.219, 42.257, 41.134, 40.49, 40.605, 39.914, 38.661, 39.131, 40.477, 40.655, 40.522, 41.552, 43.85, 44.963, 44.61, 44.77, 46.472, 48.781, 48.562, 46.954, 46.367, 46.488, 46.746, 46.186, 45.445, 45.308, 45.199, 44.859, 45.167, 46.224, 47.438, 48.258, 48.444, 47.692, 46.697, 46.724, 47.114, 46.602, 45.718, 45.35, 45.609, 46.107, 45.648, 44.725, 44.452, 45.051, 45.768, 45.528, 44.531, 43.052, 41.391, 40.875, 40.847, 40.943, 41.334, 40.565, 39.031, 38.493, 38.395, 38.21, 38.005, 38.042, 37.951, 37.383, 32.091], [32.141, 30.818, 29.434, 28.301, 27.737, 27.188, 25.759, 22.714, 19.08, 15.748, 11.365, 5.541, 0.0, 4.682, 12.125, 22.834, 30.318, 32.63, 32.449, 31.92, 31.426, 32.285, 34.747, 35.879, 35.715, 36.819, 38.352, 39.321, 40.495, 41.697, 42.017, 41.734, 41.599, 41.714, 42.031, 42.094, 41.329, 39.864, 39.456, 40.201, 40.36, 39.9, 39.994, 40.458, 40.653, 41.371, 42.326, 42.688, 42.461, 42.631, 43.666, 44.528, 44.619, 44.201, 43.626, 43.951, 45.269, 46.346, 46.097, 45.351, 44.91, 44.863, 44.835, 44.605, 44.703, 45.01, 45.105, 45.167, 45.066, 45.004, 45.521, 46.534, 47.228, 46.705, 45.522, 44.407, 44.092, 44.432, 44.671, 44.051, 43.106, 42.169, 41.068, 40.395, 40.495, 39.861, 38.727, 39.264, 40.573, 40.705, 40.57, 41.641, 43.975, 45.098, 44.752, 44.947, 46.7, 49.021, 48.782, 47.139, 46.537, 46.669, 46.912, 46.309, 45.523, 45.363, 45.248, 44.891, 45.143, 46.124, 47.293, 48.093, 48.236, 47.438, 46.444, 46.479, 46.84, 46.322, 45.49, 45.171, 45.43, 45.904, 45.424, 44.497, 44.238, 44.841, 45.549, 45.341, 44.42, 42.958, 41.297, 40.836, 40.835, 40.912, 41.297, 40.557, 39.06, 38.539, 38.453, 38.287, 38.087, 38.1, 37.994, 37.447, 32.629], [32.263, 31.079, 29.84, 28.751, 28.203, 27.643, 26.182, 23.112, 19.494, 16.333, 12.587, 8.286, 4.682, 0.0, 9.215, 21.216, 29.244, 31.654, 31.438, 30.874, 30.381, 31.267, 33.763, 34.894, 34.758, 36.017, 37.657, 38.663, 39.901, 41.165, 41.489, 41.186, 41.059, 41.222, 41.586, 41.648, 40.83, 39.315, 38.942, 39.759, 39.927, 39.444, 39.551, 40.047, 40.274, 41.025, 41.98, 42.34, 42.113, 42.279, 43.296, 44.161, 44.246, 43.783, 43.172, 43.531, 44.926, 46.082, 45.837, 45.049, 44.576, 44.52, 44.488, 44.246, 44.355, 44.691, 44.791, 44.834, 44.725, 44.677, 45.216, 46.257, 46.985, 46.44, 45.124, 43.896, 43.555, 43.908, 44.161, 43.531, 42.554, 41.551, 40.436, 39.818, 39.925, 39.311, 38.322, 39.185, 40.732, 40.919, 40.766, 41.945, 44.438, 45.596, 45.231, 45.447, 47.254, 49.604, 49.328, 47.616, 46.989, 47.158, 47.421, 46.808, 45.998, 45.829, 45.716, 45.364, 45.613, 46.598, 47.787, 48.597, 48.685, 47.751, 46.631, 46.646, 47.007, 46.366, 45.365, 44.984, 45.247, 45.734, 45.237, 44.291, 44.049, 44.677, 45.39, 45.147, 44.19, 42.717, 41.132, 40.808, 40.867, 40.92, 41.286, 40.482, 38.8, 38.126, 37.971, 37.79, 37.58, 37.564, 37.456, 36.907, 32.736], [33.164, 32.196, 31.004, 29.787, 29.19, 28.59, 27.131, 24.365, 21.449, 19.099, 16.11, 13.202, 12.125, 9.215, 0.0, 13.581, 23.552, 26.734, 26.421, 25.849, 25.608, 26.649, 29.383, 30.807, 31.018, 32.805, 34.815, 35.999, 37.457, 38.939, 39.36, 39.049, 38.941, 39.167, 39.601, 39.737, 38.996, 37.625, 37.577, 38.614, 38.827, 38.308, 38.392, 38.935, 39.299, 40.224, 41.217, 41.511, 41.131, 41.126, 42.03, 42.895, 42.993, 42.58, 42.106, 42.604, 44.021, 45.163, 44.82, 43.891, 43.29, 43.182, 43.119, 42.707, 42.67, 43.0, 43.098, 43.109, 42.979, 42.941, 43.496, 44.57, 45.368, 44.772, 43.203, 41.791, 41.422, 41.803, 42.089, 41.451, 40.427, 39.274, 38.133, 37.736, 37.896, 37.281, 36.6, 38.292, 40.518, 40.911, 40.726, 42.145, 45.087, 46.376, 45.937, 46.193, 48.139, 50.594, 50.276, 48.41, 47.704, 47.895, 48.099, 47.359, 46.436, 46.25, 46.152, 45.807, 46.038, 47.039, 48.314, 49.212, 49.281, 48.129, 46.696, 46.642, 47.029, 46.049, 44.51, 43.923, 44.214, 44.724, 44.14, 43.167, 43.011, 43.7, 44.38, 43.953, 42.819, 41.349, 40.019, 39.967, 40.074, 40.064, 40.43, 39.534, 37.567, 36.684, 36.34, 36.043, 35.691, 35.459, 35.297, 34.728, 33.461], [36.003, 35.324, 34.294, 33.09, 32.525, 31.994, 30.81, 28.948, 27.529, 26.663, 25.055, 23.217, 22.834, 21.216, 13.581, 0.0, 12.463, 17.257, 16.973, 16.74, 17.597, 19.095, 22.125, 24.352, 25.692, 28.49, 31.095, 32.6, 34.379, 36.134, 36.693, 36.409, 36.353, 36.65, 37.137, 37.442, 37.094, 36.372, 37.103, 38.459, 38.749, 38.337, 38.511, 39.116, 39.677, 40.825, 41.791, 41.927, 41.349, 41.044, 41.634, 42.392, 42.508, 42.277, 42.135, 42.779, 43.972, 44.883, 44.388, 43.345, 42.618, 42.43, 42.306, 41.637, 41.307, 41.49, 41.505, 41.457, 41.325, 41.251, 41.65, 42.552, 43.322, 42.746, 41.096, 39.605, 39.221, 39.588, 39.867, 39.281, 38.372, 37.257, 36.198, 36.068, 36.281, 35.794, 35.793, 38.478, 41.306, 41.891, 41.691, 43.283, 46.551, 47.917, 47.411, 47.702, 49.722, 52.186, 51.838, 49.894, 49.105, 49.225, 49.278, 48.358, 47.301, 47.096, 47.025, 46.707, 46.874, 47.774, 49.046, 49.997, 50.023, 48.636, 46.88, 46.759, 47.156, 45.764, 43.568, 42.771, 43.106, 43.581, 42.891, 42.029, 42.095, 42.804, 43.329, 42.625, 41.339, 40.099, 39.344, 39.713, 39.852, 39.741, 40.098, 39.268, 37.366, 36.512, 35.953, 35.475, 34.873, 34.244, 33.98, 33.501, 36.026], [38.852, 38.415, 37.61, 36.556, 36.062, 35.639, 34.753, 33.536, 32.931, 32.767, 31.91, 30.655, 30.318, 29.244, 23.552, 12.463, 0.0, 6.211, 7.017, 8.741, 11.982, 14.337, 17.373, 20.465, 23.163, 26.618, 29.483, 31.169, 32.995, 34.727, 35.301, 35.039, 35.016, 35.33, 35.796, 36.264, 36.51, 36.697, 38.06, 39.511, 39.822, 39.579, 39.931, 40.603, 41.213, 42.354, 43.245, 43.307, 42.728, 42.369, 42.774, 43.39, 43.525, 43.452, 43.448, 44.004, 44.913, 45.626, 45.095, 44.08, 43.341, 43.099, 42.923, 42.171, 41.685, 41.704, 41.64, 41.574, 41.478, 41.389, 41.593, 42.188, 42.815, 42.407, 40.996, 39.608, 39.233, 39.548, 39.802, 39.364, 38.714, 37.844, 37.003, 36.994, 37.201, 36.923, 37.412, 40.308, 43.086, 43.672, 43.483, 44.931, 47.915, 49.135, 48.629, 48.867, 50.73, 53.067, 52.771, 50.947, 50.159, 50.176, 50.167, 49.271, 48.241, 48.021, 47.96, 47.695, 47.865, 48.649, 49.767, 50.608, 50.537, 49.045, 47.206, 47.079, 47.457, 45.959, 43.583, 42.777, 43.134, 43.533, 42.876, 42.228, 42.458, 43.121, 43.504, 42.593, 41.272, 40.382, 40.104, 40.755, 40.968, 40.819, 41.144, 40.514, 38.989, 38.326, 37.722, 37.197, 36.51, 35.728, 35.431, 35.148, 38.751], [39.883, 39.536, 38.819, 37.839, 37.385, 36.996, 36.196, 35.144, 34.711, 34.69, 34.034, 32.974, 32.63, 31.654, 26.734, 17.257, 6.211, 0.0, 3.334, 7.579, 11.673, 14.177, 17.03, 20.234, 23.191, 26.629, 29.446, 31.137, 32.897, 34.548, 35.098, 34.827, 34.787, 35.079, 35.504, 35.997, 36.455, 36.979, 38.504, 39.961, 40.265, 40.062, 40.5, 41.232, 41.853, 42.941, 43.794, 43.861, 43.324, 43.006, 43.403, 43.983, 44.139, 44.126, 44.12, 44.594, 45.433, 46.124, 45.612, 44.623, 43.899, 43.651, 43.469, 42.73, 42.235, 42.213, 42.137, 42.073, 41.988, 41.918, 42.115, 42.659, 43.259, 42.913, 41.582, 40.221, 39.855, 40.167, 40.412, 40.022, 39.451, 38.654, 37.87, 37.865, 38.05, 37.831, 38.413, 41.243, 43.916, 44.48, 44.294, 45.636, 48.412, 49.536, 49.04, 49.242, 51.013, 53.301, 53.05, 51.309, 50.537, 50.506, 50.489, 49.639, 48.653, 48.433, 48.379, 48.14, 48.321, 49.07, 50.105, 50.875, 50.767, 49.265, 47.431, 47.299, 47.659, 46.188, 43.86, 43.097, 43.454, 43.824, 43.215, 42.65, 42.903, 43.534, 43.875, 42.921, 41.623, 40.836, 40.666, 41.382, 41.621, 41.475, 41.787, 41.23, 39.832, 39.231, 38.656, 38.147, 37.462, 36.7, 36.43, 36.224, 39.741], [39.544, 39.218, 38.53, 37.562, 37.12, 36.734, 35.917, 34.855, 34.439, 34.445, 33.815, 32.783, 32.449, 31.438, 26.421, 16.973, 7.017, 3.334, 0.0, 5.202, 9.99, 12.701, 15.645, 18.902, 21.973, 25.63, 28.581, 30.335, 32.206, 33.963, 34.538, 34.253, 34.219, 34.514, 34.929, 35.398, 35.796, 36.286, 37.888, 39.434, 39.763, 39.541, 39.983, 40.762, 41.449, 42.605, 43.482, 43.553, 43.006, 42.675, 43.075, 43.672, 43.825, 43.802, 43.815, 44.333, 45.204, 45.909, 45.385, 44.378, 43.646, 43.402, 43.22, 42.464, 41.962, 41.949, 41.867, 41.794, 41.696, 41.621, 41.842, 42.424, 43.034, 42.643, 41.238, 39.842, 39.483, 39.814, 40.061, 39.649, 39.056, 38.208, 37.369, 37.374, 37.563, 37.298, 37.892, 40.875, 43.681, 44.284, 44.091, 45.495, 48.384, 49.554, 49.051, 49.269, 51.093, 53.43, 53.174, 51.402, 50.615, 50.581, 50.545, 49.678, 48.69, 48.482, 48.432, 48.18, 48.352, 49.117, 50.181, 50.965, 50.833, 49.279, 47.407, 47.269, 47.624, 46.122, 43.761, 42.973, 43.333, 43.711, 43.08, 42.499, 42.761, 43.392, 43.714, 42.728, 41.379, 40.542, 40.352, 41.071, 41.309, 41.176, 41.489, 40.875, 39.387, 38.741, 38.142, 37.61, 36.894, 36.098, 35.833, 35.611, 39.361], [38.885, 38.553, 37.863, 36.912, 36.49, 36.106, 35.263, 34.155, 33.72, 33.768, 33.209, 32.243, 31.92, 30.874, 25.849, 16.74, 8.741, 7.579, 5.202, 0.0, 5.599, 9.353, 13.167, 16.46, 19.575, 23.653, 26.869, 28.75, 30.842, 32.798, 33.436, 33.16, 33.142, 33.428, 33.834, 34.288, 34.627, 35.153, 36.93, 38.574, 38.931, 38.776, 39.313, 40.13, 40.856, 42.107, 43.015, 43.067, 42.535, 42.249, 42.679, 43.287, 43.422, 43.343, 43.338, 43.903, 44.825, 45.555, 45.033, 44.02, 43.278, 43.023, 42.821, 42.035, 41.54, 41.559, 41.461, 41.365, 41.252, 41.175, 41.46, 42.154, 42.84, 42.427, 40.907, 39.43, 39.077, 39.449, 39.701, 39.255, 38.637, 37.721, 36.795, 36.81, 37.008, 36.643, 37.173, 40.316, 43.265, 43.903, 43.705, 45.197, 48.248, 49.486, 48.967, 49.198, 51.098, 53.508, 53.249, 51.433, 50.624, 50.588, 50.53, 49.648, 48.643, 48.431, 48.377, 48.103, 48.267, 49.062, 50.171, 50.991, 50.873, 49.307, 47.414, 47.268, 47.625, 46.112, 43.725, 42.906, 43.283, 43.687, 43.003, 42.348, 42.627, 43.325, 43.681, 42.664, 41.22, 40.299, 40.08, 40.795, 41.028, 40.914, 41.244, 40.573, 38.939, 38.187, 37.573, 37.044, 36.337, 35.562, 35.309, 35.052, 38.672], [38.52, 38.186, 37.478, 36.545, 36.138, 35.743, 34.877, 33.721, 33.223, 33.254, 32.717, 31.77, 31.426, 30.381, 25.608, 17.597, 11.982, 11.673, 9.99, 5.599, 0.0, 5.383, 11.158, 14.742, 17.532, 21.774, 25.212, 27.217, 29.519, 31.666, 32.384, 32.129, 32.116, 32.389, 32.806, 33.267, 33.58, 34.178, 36.082, 37.763, 38.131, 38.08, 38.778, 39.645, 40.351, 41.629, 42.537, 42.557, 42.059, 41.859, 42.366, 43.008, 43.141, 43.011, 42.954, 43.529, 44.495, 45.261, 44.755, 43.748, 43.007, 42.747, 42.533, 41.76, 41.326, 41.397, 41.289, 41.172, 41.05, 40.987, 41.358, 42.195, 42.98, 42.576, 40.976, 39.406, 39.042, 39.454, 39.709, 39.232, 38.587, 37.603, 36.577, 36.557, 36.744, 36.28, 36.651, 39.789, 42.785, 43.444, 43.245, 44.807, 47.972, 49.25, 48.717, 48.948, 50.884, 53.341, 53.095, 51.276, 50.472, 50.442, 50.381, 49.502, 48.492, 48.271, 48.211, 47.923, 48.088, 48.911, 50.053, 50.904, 50.829, 49.316, 47.446, 47.285, 47.643, 46.173, 43.824, 42.981, 43.36, 43.797, 43.089, 42.34, 42.591, 43.356, 43.771, 42.737, 41.225, 40.243, 39.998, 40.7, 40.914, 40.802, 41.142, 40.441, 38.691, 37.861, 37.289, 36.807, 36.161, 35.461, 35.219, 34.935, 38.254], [39.331, 39.111, 38.444, 37.497, 37.066, 36.664, 35.777, 34.592, 34.09, 34.129, 33.599, 32.647, 32.285, 31.267, 26.649, 19.095, 14.337, 14.177, 12.701, 9.353, 5.383, 0.0, 7.156, 11.925, 15.193, 19.527, 23.185, 25.472, 28.09, 30.475, 31.288, 31.043, 31.053, 31.352, 31.757, 32.225, 32.699, 33.618, 35.704, 37.398, 37.756, 37.753, 38.523, 39.421, 40.145, 41.438, 42.316, 42.318, 41.851, 41.65, 42.148, 42.829, 42.991, 42.855, 42.767, 43.341, 44.327, 45.114, 44.597, 43.566, 42.813, 42.543, 42.32, 41.555, 41.15, 41.232, 41.108, 40.986, 40.866, 40.808, 41.171, 41.994, 42.78, 42.39, 40.778, 39.175, 38.799, 39.204, 39.445, 38.975, 38.371, 37.412, 36.4, 36.405, 36.588, 36.137, 36.593, 39.846, 42.9, 43.574, 43.368, 44.961, 48.149, 49.416, 48.868, 49.087, 51.002, 53.438, 53.196, 51.41, 50.643, 50.635, 50.579, 49.71, 48.724, 48.53, 48.475, 48.181, 48.33, 49.142, 50.291, 51.145, 51.047, 49.497, 47.591, 47.419, 47.771, 46.275, 43.877, 42.991, 43.359, 43.799, 43.084, 42.345, 42.616, 43.375, 43.725, 42.555, 40.98, 40.084, 39.939, 40.701, 40.917, 40.759, 41.062, 40.361, 38.607, 37.796, 37.252, 36.789, 36.138, 35.399, 35.14, 34.87, 38.914], [40.674, 40.671, 40.183, 39.292, 38.855, 38.486, 37.626, 36.463, 36.036, 36.198, 35.848, 35.075, 34.747, 33.763, 29.383, 22.125, 17.373, 17.03, 15.645, 13.167, 11.158, 7.156, 0.0, 6.551, 11.967, 17.013, 20.865, 23.534, 26.656, 29.375, 30.311, 30.059, 30.089, 30.424, 30.747, 31.154, 31.925, 33.458, 35.901, 37.621, 37.949, 38.01, 38.819, 39.7, 40.474, 41.802, 42.607, 42.583, 42.224, 42.06, 42.464, 43.086, 43.255, 43.12, 42.968, 43.49, 44.454, 45.235, 44.696, 43.636, 42.851, 42.548, 42.303, 41.492, 40.999, 41.005, 40.856, 40.74, 40.642, 40.576, 40.835, 41.517, 42.268, 41.95, 40.394, 38.822, 38.474, 38.863, 39.091, 38.71, 38.279, 37.484, 36.626, 36.739, 36.92, 36.542, 37.368, 40.895, 43.958, 44.602, 44.383, 45.895, 48.925, 50.116, 49.554, 49.732, 51.566, 53.932, 53.693, 51.957, 51.214, 51.198, 51.158, 50.344, 49.424, 49.272, 49.232, 48.939, 49.069, 49.853, 50.998, 51.84, 51.678, 50.031, 48.073, 47.921, 48.265, 46.696, 44.187, 43.26, 43.644, 44.047, 43.311, 42.681, 43.077, 43.815, 44.026, 42.642, 40.963, 40.234, 40.348, 41.297, 41.577, 41.377, 41.637, 40.984, 39.295, 38.506, 37.953, 37.481, 36.786, 35.963, 35.688, 35.486, 40.117], [40.942, 41.031, 40.68, 39.89, 39.488, 39.151, 38.321, 37.155, 36.727, 36.97, 36.798, 36.197, 35.879, 34.894, 30.807, 24.352, 20.465, 20.234, 18.902, 16.46, 14.742, 11.925, 6.551, 0.0, 7.351, 14.038, 18.444, 21.324, 24.895, 27.968, 28.995, 28.712, 28.761, 29.199, 29.578, 29.957, 30.797, 32.68, 35.451, 37.244, 37.568, 37.734, 38.654, 39.538, 40.328, 41.703, 42.476, 42.414, 42.176, 42.178, 42.627, 43.194, 43.341, 43.181, 42.962, 43.446, 44.418, 45.212, 44.683, 43.627, 42.832, 42.505, 42.24, 41.395, 40.84, 40.797, 40.631, 40.519, 40.437, 40.384, 40.661, 41.39, 42.219, 41.963, 40.4, 38.81, 38.478, 38.894, 39.125, 38.792, 38.453, 37.736, 36.957, 37.125, 37.3, 36.883, 37.781, 41.364, 44.363, 44.972, 44.753, 46.206, 49.138, 50.301, 49.737, 49.89, 51.698, 54.043, 53.806, 52.087, 51.344, 51.344, 51.359, 50.597, 49.709, 49.576, 49.544, 49.253, 49.38, 50.178, 51.372, 52.25, 52.092, 50.451, 48.521, 48.383, 48.73, 47.186, 44.659, 43.69, 44.098, 44.498, 43.727, 43.109, 43.587, 44.391, 44.611, 43.193, 41.428, 40.657, 40.874, 41.948, 42.307, 42.137, 42.378, 41.708, 39.964, 39.098, 38.536, 38.074, 37.409, 36.639, 36.393, 36.22, 40.358], [40.845, 40.911, 40.577, 39.853, 39.486, 39.148, 38.322, 37.114, 36.582, 36.789, 36.643, 36.059, 35.715, 34.758, 31.018, 25.692, 23.163, 23.191, 21.973, 19.575, 17.532, 15.193, 11.967, 7.351, 0.0, 8.337, 14.194, 17.683, 21.675, 25.161, 26.343, 26.072, 26.223, 26.899, 27.509, 27.968, 28.819, 30.986, 34.099, 36.01, 36.372, 36.651, 37.713, 38.624, 39.401, 40.839, 41.652, 41.572, 41.384, 41.573, 42.268, 42.953, 43.102, 42.909, 42.683, 43.163, 44.16, 44.981, 44.496, 43.499, 42.75, 42.438, 42.168, 41.349, 40.855, 40.86, 40.714, 40.61, 40.53, 40.507, 40.905, 41.786, 42.685, 42.429, 40.857, 39.239, 38.869, 39.29, 39.523, 39.173, 38.829, 38.135, 37.385, 37.546, 37.719, 37.192, 37.743, 40.997, 43.856, 44.455, 44.254, 45.674, 48.573, 49.745, 49.2, 49.357, 51.157, 53.482, 53.232, 51.52, 50.796, 50.837, 50.902, 50.149, 49.264, 49.134, 49.098, 48.821, 48.98, 49.821, 51.072, 51.996, 51.883, 50.345, 48.528, 48.386, 48.708, 47.248, 44.817, 43.833, 44.223, 44.63, 43.845, 43.161, 43.599, 44.43, 44.727, 43.442, 41.738, 40.852, 40.95, 41.993, 42.399, 42.278, 42.488, 41.767, 39.966, 39.034, 38.494, 38.067, 37.471, 36.819, 36.625, 36.448, 40.237], [41.887, 41.969, 41.628, 40.945, 40.609, 40.286, 39.504, 38.314, 37.722, 37.874, 37.713, 37.136, 36.819, 36.017, 32.805, 28.49, 26.618, 26.629, 25.63, 23.653, 21.774, 19.527, 17.013, 14.038, 8.337, 0.0, 7.541, 12.784, 17.878, 21.962, 23.466, 23.399, 23.794, 24.778, 25.63, 26.191, 27.232, 29.999, 33.523, 35.483, 35.854, 36.268, 37.46, 38.362, 39.097, 40.531, 41.345, 41.259, 41.12, 41.413, 42.268, 43.092, 43.308, 43.118, 42.908, 43.371, 44.332, 45.121, 44.679, 43.772, 43.096, 42.805, 42.526, 41.723, 41.26, 41.28, 41.16, 41.072, 41.004, 41.004, 41.429, 42.288, 43.128, 42.904, 41.496, 40.011, 39.638, 40.015, 40.224, 39.903, 39.646, 39.115, 38.501, 38.668, 38.829, 38.293, 38.535, 41.266, 43.872, 44.472, 44.293, 45.578, 48.295, 49.416, 48.902, 49.053, 50.748, 52.933, 52.672, 51.029, 50.367, 50.446, 50.559, 49.841, 48.98, 48.834, 48.774, 48.561, 48.798, 49.651, 50.889, 51.826, 51.796, 50.444, 48.787, 48.63, 48.916, 47.569, 45.291, 44.332, 44.694, 45.084, 44.316, 43.621, 43.988, 44.761, 45.071, 43.865, 42.232, 41.303, 41.282, 42.248, 42.669, 42.542, 42.682, 41.998, 40.314, 39.434, 38.963, 38.602, 38.069, 37.518, 37.382, 37.242, 41.19], [42.821, 42.99, 42.751, 42.136, 41.823, 41.552, 40.864, 39.75, 39.168, 39.299, 39.154, 38.627, 38.352, 37.657, 34.815, 31.095, 29.483, 29.446, 28.581, 26.869, 25.212, 23.185, 20.865, 18.444, 14.194, 7.541, 0.0, 7.262, 14.488, 19.563, 21.539, 21.77, 22.423, 23.725, 24.895, 25.612, 26.796, 29.952, 33.693, 35.643, 36.016, 36.566, 37.871, 38.761, 39.452, 40.839, 41.599, 41.485, 41.418, 41.781, 42.592, 43.377, 43.618, 43.458, 43.277, 43.749, 44.671, 45.395, 44.953, 44.091, 43.442, 43.152, 42.859, 42.041, 41.53, 41.503, 41.387, 41.3, 41.24, 41.269, 41.68, 42.479, 43.295, 43.157, 41.907, 40.574, 40.254, 40.601, 40.785, 40.52, 40.373, 40.006, 39.496, 39.621, 39.749, 39.253, 39.403, 41.817, 44.241, 44.846, 44.678, 45.851, 48.453, 49.558, 49.072, 49.227, 50.873, 52.999, 52.768, 51.183, 50.531, 50.598, 50.719, 50.02, 49.158, 48.965, 48.881, 48.745, 49.046, 49.873, 51.076, 52.026, 52.077, 50.855, 49.286, 49.121, 49.408, 48.145, 45.954, 45.012, 45.369, 45.748, 44.999, 44.305, 44.639, 45.383, 45.691, 44.517, 42.893, 41.917, 41.831, 42.757, 43.205, 43.077, 43.166, 42.542, 40.978, 40.147, 39.745, 39.46, 38.983, 38.502, 38.4, 38.305, 42.101], [43.248, 43.504, 43.403, 42.875, 42.577, 42.339, 41.749, 40.74, 40.176, 40.257, 40.089, 39.575, 39.321, 38.663, 35.999, 32.6, 31.169, 31.137, 30.335, 28.75, 27.217, 25.472, 23.534, 21.324, 17.683, 12.784, 7.262, 0.0, 8.8, 15.241, 18.066, 18.688, 19.624, 21.41, 23.198, 24.366, 25.881, 29.408, 33.341, 35.328, 35.756, 36.416, 37.805, 38.705, 39.369, 40.737, 41.466, 41.305, 41.226, 41.624, 42.428, 43.165, 43.383, 43.319, 43.34, 43.931, 44.849, 45.519, 45.068, 44.227, 43.6, 43.32, 43.021, 42.201, 41.692, 41.672, 41.553, 41.432, 41.365, 41.412, 41.817, 42.601, 43.407, 43.291, 42.128, 40.907, 40.631, 40.965, 41.157, 40.91, 40.749, 40.415, 39.944, 40.016, 40.127, 39.635, 39.639, 41.806, 44.115, 44.719, 44.566, 45.711, 48.312, 49.441, 48.99, 49.185, 50.848, 52.976, 52.781, 51.22, 50.552, 50.59, 50.687, 49.974, 49.09, 48.861, 48.764, 48.664, 48.983, 49.782, 50.971, 51.939, 52.03, 50.88, 49.377, 49.212, 49.497, 48.27, 46.095, 45.133, 45.476, 45.861, 45.132, 44.419, 44.725, 45.479, 45.809, 44.693, 43.146, 42.207, 42.082, 42.954, 43.436, 43.34, 43.437, 42.865, 41.386, 40.594, 40.247, 40.035, 39.632, 39.22, 39.13, 39.024, 42.51], [44.02, 44.313, 44.293, 43.875, 43.613, 43.381, 42.874, 42.009, 41.5, 41.51, 41.27, 40.733, 40.495, 39.901, 37.457, 34.379, 32.995, 32.897, 32.206, 30.842, 29.519, 28.09, 26.656, 24.895, 21.675, 17.878, 14.488, 8.8, 0.0, 7.729, 12.14, 13.702, 15.08, 17.462, 20.153, 22.11, 24.352, 28.627, 32.957, 35.063, 35.578, 36.334, 37.774, 38.657, 39.28, 40.663, 41.404, 41.178, 40.964, 41.311, 42.191, 43.0, 43.21, 43.28, 43.641, 44.416, 45.356, 45.985, 45.549, 44.765, 44.197, 43.95, 43.648, 42.836, 42.377, 42.411, 42.293, 42.127, 42.052, 42.092, 42.441, 43.134, 43.796, 43.6, 42.562, 41.523, 41.296, 41.593, 41.779, 41.507, 41.247, 40.918, 40.571, 40.662, 40.784, 40.333, 40.157, 41.952, 44.056, 44.645, 44.515, 45.592, 48.098, 49.193, 48.791, 49.049, 50.701, 52.774, 52.604, 51.099, 50.418, 50.39, 50.46, 49.773, 48.91, 48.679, 48.579, 48.485, 48.784, 49.533, 50.662, 51.586, 51.678, 50.635, 49.257, 49.1, 49.346, 48.14, 45.999, 45.023, 45.316, 45.677, 44.976, 44.258, 44.526, 45.282, 45.62, 44.585, 43.241, 42.484, 42.35, 43.121, 43.622, 43.578, 43.71, 43.203, 41.866, 41.175, 40.904, 40.761, 40.459, 40.159, 40.106, 39.968, 43.256], [44.872, 45.159, 45.162, 44.835, 44.622, 44.388, 43.937, 43.208, 42.789, 42.771, 42.479, 41.93, 41.697, 41.165, 38.939, 36.134, 34.727, 34.548, 33.963, 32.798, 31.666, 30.475, 29.375, 27.968, 25.161, 21.962, 19.563, 15.241, 7.729, 0.0, 5.895, 9.211, 11.599, 14.551, 18.117, 20.926, 23.827, 28.655, 33.256, 35.413, 35.961, 36.754, 38.184, 39.023, 39.602, 40.992, 41.769, 41.507, 41.143, 41.355, 42.212, 43.076, 43.328, 43.517, 44.105, 45.007, 46.013, 46.646, 46.246, 45.53, 45.016, 44.794, 44.49, 43.686, 43.274, 43.354, 43.234, 43.047, 42.975, 42.991, 43.268, 43.867, 44.371, 44.054, 43.122, 42.302, 42.169, 42.434, 42.568, 42.241, 41.898, 41.581, 41.359, 41.491, 41.631, 41.277, 41.067, 42.576, 44.498, 45.087, 44.978, 45.95, 48.284, 49.308, 48.943, 49.235, 50.829, 52.805, 52.655, 51.231, 50.557, 50.478, 50.547, 49.916, 49.103, 48.889, 48.79, 48.686, 48.953, 49.646, 50.706, 51.58, 51.688, 50.767, 49.504, 49.34, 49.543, 48.372, 46.288, 45.314, 45.554, 45.872, 45.211, 44.513, 44.742, 45.47, 45.792, 44.813, 43.632, 43.034, 42.894, 43.562, 44.066, 44.065, 44.216, 43.747, 42.528, 41.915, 41.685, 41.575, 41.357, 41.182, 41.174, 41.006, 44.113], [45.084, 45.353, 45.361, 45.079, 44.901, 44.676, 44.239, 43.562, 43.189, 43.156, 42.829, 42.267, 42.017, 41.489, 39.36, 36.693, 35.301, 35.098, 34.538, 33.436, 32.384, 31.288, 30.311, 28.995, 26.343, 23.466, 21.539, 18.066, 12.14, 5.895, 0.0, 4.959, 8.987, 12.906, 17.171, 20.477, 23.598, 28.56, 33.248, 35.424, 35.965, 36.725, 38.106, 38.919, 39.493, 40.895, 41.712, 41.472, 41.077, 41.238, 42.058, 42.917, 43.204, 43.444, 44.083, 45.043, 46.149, 46.84, 46.453, 45.754, 45.259, 45.048, 44.748, 43.951, 43.58, 43.698, 43.572, 43.377, 43.307, 43.307, 43.572, 44.177, 44.63, 44.194, 43.256, 42.57, 42.526, 42.769, 42.841, 42.465, 42.092, 41.778, 41.611, 41.775, 41.944, 41.704, 41.6, 43.048, 44.909, 45.493, 45.395, 46.321, 48.562, 49.545, 49.201, 49.52, 51.091, 53.014, 52.854, 51.466, 50.808, 50.717, 50.801, 50.214, 49.437, 49.24, 49.142, 49.016, 49.259, 49.937, 50.974, 51.833, 51.966, 51.095, 49.861, 49.681, 49.868, 48.72, 46.665, 45.695, 45.907, 46.197, 45.557, 44.874, 45.07, 45.762, 46.064, 45.086, 43.931, 43.351, 43.175, 43.788, 44.295, 44.326, 44.491, 44.001, 42.781, 42.167, 41.921, 41.791, 41.588, 41.465, 41.466, 41.26, 44.33], [44.856, 45.118, 45.14, 44.865, 44.695, 44.487, 44.063, 43.38, 42.984, 42.926, 42.578, 42.003, 41.734, 41.186, 39.049, 36.409, 35.039, 34.827, 34.253, 33.16, 32.129, 31.043, 30.059, 28.712, 26.072, 23.399, 21.77, 18.688, 13.702, 9.211, 4.959, 0.0, 5.269, 10.747, 15.981, 19.593, 22.721, 27.765, 32.604, 34.871, 35.403, 36.121, 37.519, 38.37, 38.953, 40.365, 41.201, 40.99, 40.65, 40.885, 41.764, 42.657, 42.961, 43.194, 43.803, 44.769, 45.923, 46.665, 46.285, 45.578, 45.084, 44.876, 44.576, 43.778, 43.417, 43.536, 43.394, 43.185, 43.107, 43.111, 43.406, 44.062, 44.545, 44.06, 43.067, 42.399, 42.393, 42.627, 42.668, 42.279, 41.905, 41.578, 41.413, 41.593, 41.777, 41.583, 41.575, 43.091, 44.976, 45.548, 45.452, 46.413, 48.692, 49.688, 49.348, 49.695, 51.312, 53.254, 53.072, 51.657, 50.989, 50.891, 50.956, 50.357, 49.574, 49.379, 49.279, 49.132, 49.371, 50.067, 51.117, 51.972, 52.101, 51.221, 49.978, 49.804, 49.997, 48.842, 46.789, 45.832, 46.047, 46.327, 45.67, 44.969, 45.161, 45.857, 46.157, 45.143, 43.922, 43.279, 43.083, 43.701, 44.213, 44.255, 44.439, 43.917, 42.623, 41.956, 41.681, 41.515, 41.286, 41.165, 41.165, 40.939, 44.117], [44.578, 44.85, 44.894, 44.625, 44.45, 44.248, 43.848, 43.198, 42.809, 42.743, 42.404, 41.851, 41.599, 41.059, 38.941, 36.353, 35.016, 34.787, 34.219, 33.142, 32.116, 31.053, 30.089, 28.761, 26.223, 23.794, 22.423, 19.624, 15.08, 11.599, 8.987, 5.269, 0.0, 6.747, 13.317, 17.591, 21.019, 26.481, 31.701, 34.159, 34.71, 35.475, 37.03, 37.973, 38.558, 39.989, 40.833, 40.603, 40.289, 40.616, 41.614, 42.619, 42.976, 43.204, 43.777, 44.699, 45.821, 46.569, 46.205, 45.505, 45.005, 44.789, 44.487, 43.675, 43.272, 43.35, 43.192, 42.972, 42.879, 42.884, 43.21, 43.925, 44.468, 44.007, 43.012, 42.321, 42.307, 42.548, 42.591, 42.196, 41.812, 41.462, 41.26, 41.422, 41.609, 41.418, 41.422, 42.964, 44.862, 45.424, 45.325, 46.317, 48.629, 49.633, 49.286, 49.647, 51.303, 53.28, 53.093, 51.661, 50.973, 50.835, 50.835, 50.202, 49.406, 49.209, 49.104, 48.93, 49.146, 49.846, 50.914, 51.765, 51.878, 50.988, 49.751, 49.593, 49.796, 48.635, 46.589, 45.653, 45.894, 46.19, 45.513, 44.781, 44.989, 45.743, 46.083, 45.072, 43.824, 43.151, 42.951, 43.585, 44.083, 44.116, 44.317, 43.794, 42.459, 41.754, 41.472, 41.294, 41.055, 40.938, 40.941, 40.707, 43.844], [44.211, 44.521, 44.58, 44.307, 44.135, 43.922, 43.515, 42.942, 42.676, 42.678, 42.39, 41.905, 41.714, 41.222, 39.167, 36.65, 35.33, 35.079, 34.514, 33.428, 32.389, 31.352, 30.424, 29.199, 26.899, 24.778, 23.725, 21.41, 17.462, 14.551, 12.906, 10.747, 6.747, 0.0, 7.688, 13.224, 17.841, 24.484, 30.473, 33.224, 33.823, 34.74, 36.56, 37.628, 38.252, 39.766, 40.633, 40.348, 40.012, 40.432, 41.596, 42.799, 43.25, 43.435, 43.886, 44.703, 45.763, 46.488, 46.134, 45.437, 44.909, 44.664, 44.361, 43.522, 43.033, 43.049, 42.888, 42.672, 42.565, 42.56, 42.9, 43.652, 44.242, 43.843, 42.885, 42.16, 42.116, 42.369, 42.427, 42.008, 41.604, 41.233, 40.979, 41.113, 41.311, 41.17, 41.287, 42.936, 44.863, 45.406, 45.298, 46.299, 48.56, 49.505, 49.143, 49.503, 51.169, 53.173, 52.995, 51.574, 50.866, 50.638, 50.543, 49.888, 49.108, 48.935, 48.831, 48.602, 48.752, 49.418, 50.475, 51.295, 51.349, 50.416, 49.164, 49.022, 49.245, 48.075, 46.012, 45.091, 45.376, 45.704, 45.009, 44.274, 44.544, 45.384, 45.759, 44.736, 43.473, 42.826, 42.68, 43.352, 43.817, 43.827, 44.054, 43.561, 42.242, 41.56, 41.297, 41.115, 40.862, 40.71, 40.681, 40.434, 43.439], [43.964, 44.323, 44.381, 44.076, 43.901, 43.68, 43.246, 42.743, 42.635, 42.765, 42.581, 42.18, 42.031, 41.586, 39.601, 37.137, 35.796, 35.504, 34.929, 33.834, 32.806, 31.757, 30.747, 29.578, 27.509, 25.63, 24.895, 23.198, 20.153, 18.117, 17.171, 15.981, 13.317, 7.688, 0.0, 6.883, 13.767, 22.318, 29.203, 32.225, 32.865, 33.949, 36.019, 37.209, 37.899, 39.497, 40.365, 40.029, 39.71, 40.246, 41.562, 42.963, 43.501, 43.605, 43.867, 44.563, 45.584, 46.28, 45.915, 45.212, 44.655, 44.384, 44.08, 43.212, 42.63, 42.581, 42.421, 42.218, 42.109, 42.099, 42.43, 43.168, 43.782, 43.476, 42.552, 41.763, 41.674, 41.938, 42.018, 41.607, 41.226, 40.866, 40.593, 40.729, 40.934, 40.853, 41.233, 43.151, 45.154, 45.669, 45.549, 46.561, 48.733, 49.58, 49.195, 49.529, 51.154, 53.16, 52.993, 51.592, 50.875, 50.583, 50.435, 49.8, 49.071, 48.936, 48.846, 48.576, 48.689, 49.352, 50.394, 51.153, 51.106, 50.077, 48.78, 48.658, 48.89, 47.688, 45.579, 44.659, 44.988, 45.346, 44.643, 43.965, 44.351, 45.26, 45.599, 44.458, 43.07, 42.449, 42.484, 43.281, 43.707, 43.686, 43.936, 43.45, 42.11, 41.438, 41.191, 41.001, 40.707, 40.469, 40.39, 40.151, 43.149], [43.631, 43.995, 44.042, 43.715, 43.535, 43.315, 42.865, 42.386, 42.362, 42.607,