[[0.0, 4.141, 9.889, 12.9, 14.142, 16.099, 18.775, 20.696, 21.498, 21.696, 22.032, 23.457, 26.085, 28.981, 32.21, 35.332, 36.578, 36.252, 36.775, 38.106, 39.032, 40.187, 41.721, 42.946, 43.207, 42.823, 42.89, 42.879, 42.45, 42.832, 44.02, 44.768, 44.611, 44.461, 44.558, 44.369, 44.045, 44.31, 44.982, 45.152, 45.008, 44.861, 44.185, 42.626, 41.628, 41.949, 42.463, 42.702, 42.54, 42.165, 41.927, 41.605, 41.02, 40.678, 40.529, 40.46, 40.66, 40.977, 41.169, 41.082, 41.014, 40.822, 40.409, 40.143, 39.929, 39.609, 39.636, 39.899, 39.913, 40.508, 41.869, 43.228, 44.084, 43.897, 43.314, 43.447, 44.326, 44.541, 44.458, 44.874, 45.167, 45.34, 45.453, 44.875, 44.13, 44.082, 44.675, 45.009, 44.878, 44.531, 43.517, 42.71, 42.637, 42.425, 41.572, 40.687, 40.562, 40.625, 40.549, 40.239, 40.141, 40.209, 39.984, 39.948, 40.1, 40.092, 39.965, 40.213, 40.842, 41.03, 41.377, 41.724, 41.904, 42.22, 42.458, 42.458, 42.248, 42.269, 42.96, 43.357, 42.948, 43.064, 43.81, 44.115, 44.01, 44.129, 44.169, 44.022, 43.912, 43.997, 44.23, 44.203, 43.769, 43.107, 42.62, 42.482, 42.565, 42.68, 42.617, 42.208, 41.85, 41.719, 41.718, 41.521, 40.96, 4.457], [4.141, 0.0, 6.435, 9.976, 11.548, 13.777, 16.94, 19.264, 20.158, 20.366, 20.877, 22.588, 25.37, 28.391, 31.887, 35.285, 36.589, 36.165, 36.588, 37.908, 38.896, 40.118, 41.677, 42.905, 43.206, 42.907, 43.039, 43.074, 42.677, 43.04, 44.18, 44.897, 44.736, 44.582, 44.676, 44.521, 44.235, 44.509, 45.182, 45.365, 45.233, 45.098, 44.463, 42.989, 42.062, 42.392, 42.894, 43.127, 42.973, 42.61, 42.375, 42.058, 41.473, 41.137, 41.0, 40.925, 41.098, 41.402, 41.595, 41.507, 41.434, 41.244, 40.841, 40.571, 40.344, 40.009, 40.017, 40.265, 40.301, 40.919, 42.256, 43.57, 44.388, 44.202, 43.653, 43.8, 44.658, 44.87, 44.788, 45.19, 45.479, 45.647, 45.756, 45.2, 44.496, 44.47, 45.055, 45.357, 45.207, 44.875, 43.909, 43.117, 43.031, 42.826, 42.011, 41.166, 41.047, 41.078, 40.994, 40.71, 40.621, 40.676, 40.466, 40.454, 40.62, 40.619, 40.505, 40.753, 41.336, 41.464, 41.763, 42.105, 42.295, 42.596, 42.815, 42.802, 42.579, 42.581, 43.253, 43.634, 43.229, 43.337, 44.049, 44.34, 44.246, 44.368, 44.406, 44.254, 44.134, 44.199, 44.407, 44.367, 43.947, 43.353, 42.962, 42.892, 42.993, 43.084, 43.012, 42.622, 42.278, 42.145, 42.141, 41.957, 41.438, 7.081], [9.889, 6.435, 0.0, 4.389, 7.164, 10.512, 14.908, 18.031, 19.12, 19.397, 20.294, 22.516, 25.46, 28.653, 32.574, 36.334, 37.674, 37.089, 37.295, 38.526, 39.581, 40.87, 42.393, 43.569, 43.929, 43.749, 43.931, 44.012, 43.683, 44.016, 45.031, 45.634, 45.413, 45.206, 45.26, 45.154, 44.954, 45.238, 45.869, 46.062, 45.968, 45.863, 45.318, 44.069, 43.39, 43.799, 44.28, 44.498, 44.376, 44.065, 43.825, 43.514, 42.998, 42.739, 42.639, 42.563, 42.712, 42.994, 43.18, 43.088, 43.014, 42.847, 42.458, 42.162, 41.909, 41.54, 41.464, 41.662, 41.751, 42.378, 43.611, 44.802, 45.524, 45.332, 44.849, 45.02, 45.805, 45.985, 45.9, 46.263, 46.522, 46.652, 46.727, 46.219, 45.617, 45.653, 46.237, 46.491, 46.313, 46.032, 45.225, 44.535, 44.456, 44.276, 43.57, 42.864, 42.773, 42.703, 42.551, 42.314, 42.258, 42.275, 42.093, 42.13, 42.323, 42.338, 42.254, 42.487, 42.966, 43.002, 43.242, 43.57, 43.757, 44.02, 44.201, 44.166, 43.928, 43.88, 44.471, 44.814, 44.443, 44.545, 45.181, 45.445, 45.378, 45.506, 45.545, 45.401, 45.287, 45.34, 45.511, 45.457, 45.087, 44.638, 44.402, 44.426, 44.536, 44.574, 44.494, 44.144, 43.829, 43.692, 43.696, 43.565, 43.157, 11.622], [12.9, 9.976, 4.389, 0.0, 4.024, 8.984, 14.547, 18.153, 19.347, 19.631, 20.637, 23.057, 26.043, 29.26, 33.296, 37.173, 38.541, 37.919, 38.032, 39.196, 40.247, 41.543, 43.041, 44.191, 44.571, 44.432, 44.632, 44.734, 44.432, 44.748, 45.698, 46.23, 45.961, 45.725, 45.751, 45.648, 45.477, 45.756, 46.351, 46.544, 46.471, 46.383, 45.884, 44.751, 44.205, 44.663, 45.14, 45.349, 45.239, 44.949, 44.694, 44.37, 43.901, 43.707, 43.632, 43.559, 43.718, 44.002, 44.187, 44.088, 44.01, 43.856, 43.477, 43.165, 42.891, 42.505, 42.378, 42.543, 42.662, 43.289, 44.456, 45.574, 46.236, 46.033, 45.579, 45.763, 46.506, 46.669, 46.586, 46.935, 47.183, 47.293, 47.347, 46.851, 46.283, 46.339, 46.929, 47.166, 46.968, 46.719, 46.016, 45.38, 45.303, 45.149, 44.516, 43.894, 43.827, 43.707, 43.511, 43.289, 43.247, 43.248, 43.085, 43.158, 43.367, 43.388, 43.312, 43.527, 43.938, 43.934, 44.165, 44.495, 44.676, 44.919, 45.086, 45.044, 44.81, 44.742, 45.272, 45.585, 45.241, 45.344, 45.938, 46.189, 46.139, 46.274, 46.316, 46.181, 46.082, 46.135, 46.285, 46.228, 45.891, 45.504, 45.32, 45.379, 45.491, 45.49, 45.391, 45.058, 44.76, 44.624, 44.638, 44.542, 44.202, 14.295], [14.142, 11.548, 7.164, 4.024, 0.0, 6.153, 12.971, 17.263, 18.704, 19.068, 20.176, 22.82, 25.974, 29.326, 33.551, 37.596, 39.029, 38.343, 38.35, 39.461, 40.51, 41.825, 43.333, 44.49, 44.895, 44.801, 45.002, 45.101, 44.82, 45.115, 46.006, 46.506, 46.239, 46.013, 46.052, 45.977, 45.828, 46.092, 46.666, 46.872, 46.817, 46.733, 46.252, 45.189, 44.73, 45.218, 45.683, 45.877, 45.769, 45.498, 45.236, 44.916, 44.495, 44.347, 44.284, 44.226, 44.41, 44.705, 44.892, 44.785, 44.702, 44.561, 44.192, 43.863, 43.56, 43.15, 42.986, 43.127, 43.263, 43.891, 45.005, 46.066, 46.685, 46.467, 46.022, 46.213, 46.94, 47.108, 47.041, 47.389, 47.623, 47.717, 47.766, 47.278, 46.717, 46.782, 47.373, 47.591, 47.389, 47.189, 46.557, 45.947, 45.868, 45.723, 45.131, 44.569, 44.534, 44.388, 44.165, 43.955, 43.918, 43.907, 43.755, 43.853, 44.075, 44.093, 43.997, 44.166, 44.511, 44.474, 44.71, 45.064, 45.251, 45.482, 45.64, 45.59, 45.355, 45.286, 45.795, 46.094, 45.767, 45.874, 46.44, 46.682, 46.653, 46.806, 46.853, 46.726, 46.639, 46.691, 46.821, 46.757, 46.439, 46.083, 45.923, 46.002, 46.121, 46.112, 46.001, 45.671, 45.38, 45.243, 45.262, 45.183, 44.878, 15.458], [16.099, 13.777, 10.512, 8.984, 6.153, 0.0, 8.022, 13.667, 15.82, 16.466, 17.981, 21.223, 24.829, 28.616, 33.356, 37.759, 39.284, 38.468, 38.356, 39.455, 40.547, 41.915, 43.482, 44.704, 45.181, 45.169, 45.372, 45.473, 45.232, 45.496, 46.296, 46.767, 46.555, 46.381, 46.455, 46.438, 46.339, 46.599, 47.158, 47.383, 47.349, 47.27, 46.822, 45.85, 45.473, 45.953, 46.388, 46.559, 46.457, 46.212, 45.951, 45.646, 45.287, 45.183, 45.134, 45.105, 45.309, 45.62, 45.815, 45.701, 45.617, 45.497, 45.134, 44.784, 44.451, 43.996, 43.782, 43.899, 44.031, 44.621, 45.652, 46.635, 47.214, 46.987, 46.558, 46.762, 47.484, 47.667, 47.626, 47.976, 48.19, 48.263, 48.31, 47.839, 47.296, 47.38, 47.972, 48.169, 47.981, 47.855, 47.302, 46.738, 46.665, 46.52, 45.964, 45.474, 45.48, 45.314, 45.083, 44.904, 44.874, 44.823, 44.662, 44.788, 45.016, 45.026, 44.904, 44.995, 45.25, 45.159, 45.387, 45.763, 45.953, 46.173, 46.324, 46.26, 46.007, 45.927, 46.429, 46.739, 46.436, 46.545, 47.083, 47.316, 47.313, 47.486, 47.542, 47.419, 47.336, 47.387, 47.503, 47.428, 47.133, 46.842, 46.742, 46.852, 46.975, 46.968, 46.854, 46.529, 46.247, 46.113, 46.134, 46.059, 45.753, 17.297], [18.775, 16.94, 14.908, 14.547, 12.971, 8.022, 0.0, 7.066, 10.718, 12.1, 14.067, 18.097, 22.468, 26.893, 32.189, 36.919, 38.535, 37.676, 37.648, 38.877, 40.021, 41.428, 43.101, 44.44, 44.986, 45.03, 45.25, 45.358, 45.14, 45.408, 46.196, 46.705, 46.639, 46.608, 46.742, 46.734, 46.642, 46.912, 47.482, 47.706, 47.663, 47.597, 47.172, 46.19, 45.733, 46.12, 46.521, 46.683, 46.579, 46.337, 46.081, 45.773, 45.398, 45.291, 45.249, 45.242, 45.47, 45.827, 46.043, 45.927, 45.849, 45.725, 45.341, 44.974, 44.628, 44.134, 43.903, 44.01, 44.078, 44.585, 45.541, 46.472, 47.059, 46.837, 46.413, 46.644, 47.4, 47.606, 47.588, 47.963, 48.182, 48.259, 48.318, 47.847, 47.289, 47.374, 47.97, 48.17, 48.004, 47.897, 47.375, 46.883, 46.844, 46.687, 46.13, 45.678, 45.741, 45.595, 45.389, 45.232, 45.199, 45.113, 44.929, 45.057, 45.286, 45.285, 45.129, 45.169, 45.404, 45.3, 45.526, 45.902, 46.077, 46.295, 46.452, 46.389, 46.132, 46.032, 46.518, 46.847, 46.565, 46.665, 47.196, 47.428, 47.43, 47.608, 47.664, 47.532, 47.446, 47.501, 47.617, 47.539, 47.251, 46.985, 46.91, 47.045, 47.172, 47.184, 47.076, 46.754, 46.481, 46.363, 46.393, 46.293, 45.927, 19.698], [20.696, 19.264, 18.031, 18.153, 17.263, 13.667, 7.066, 0.0, 5.218, 8.083, 10.739, 15.194, 20.054, 24.914, 30.509, 35.384, 37.022, 36.202, 36.426, 37.874, 39.064, 40.486, 42.227, 43.627, 44.198, 44.269, 44.488, 44.568, 44.349, 44.667, 45.513, 46.087, 46.174, 46.327, 46.558, 46.537, 46.414, 46.692, 47.289, 47.502, 47.432, 47.368, 46.939, 45.877, 45.268, 45.554, 45.936, 46.1, 45.983, 45.722, 45.473, 45.15, 44.721, 44.581, 44.531, 44.522, 44.774, 45.185, 45.428, 45.316, 45.234, 45.089, 44.691, 44.332, 43.99, 43.493, 43.289, 43.394, 43.365, 43.747, 44.635, 45.559, 46.192, 45.991, 45.568, 45.83, 46.642, 46.866, 46.842, 47.235, 47.475, 47.569, 47.635, 47.144, 46.557, 46.633, 47.222, 47.413, 47.23, 47.073, 46.546, 46.141, 46.154, 45.989, 45.436, 45.031, 45.142, 45.004, 44.8, 44.641, 44.61, 44.536, 44.34, 44.45, 44.672, 44.67, 44.522, 44.596, 44.858, 44.75, 44.961, 45.325, 45.493, 45.721, 45.89, 45.834, 45.577, 45.457, 45.918, 46.26, 45.99, 46.096, 46.65, 46.888, 46.878, 47.055, 47.102, 46.958, 46.877, 46.942, 47.066, 46.989, 46.685, 46.382, 46.285, 46.443, 46.598, 46.639, 46.533, 46.2, 45.929, 45.828, 45.859, 45.722, 45.297, 21.415], [21.498, 20.158, 19.12, 19.347, 18.704, 15.82, 10.718, 5.218, 0.0, 4.519, 9.001, 13.987, 18.802, 23.771, 29.57, 34.583, 36.215, 35.389, 35.743, 37.324, 38.563, 39.993, 41.746, 43.164, 43.755, 43.844, 44.042, 44.085, 43.872, 44.237, 45.121, 45.712, 45.847, 46.102, 46.419, 46.415, 46.279, 46.568, 47.193, 47.41, 47.327, 47.255, 46.81, 45.696, 45.018, 45.271, 45.642, 45.808, 45.682, 45.401, 45.147, 44.804, 44.342, 44.188, 44.13, 44.099, 44.353, 44.8, 45.073, 44.963, 44.864, 44.703, 44.309, 43.956, 43.618, 43.125, 42.939, 43.046, 42.984, 43.287, 44.136, 45.085, 45.756, 45.574, 45.168, 45.458, 46.308, 46.545, 46.516, 46.916, 47.171, 47.265, 47.316, 46.805, 46.213, 46.287, 46.858, 47.014, 46.785, 46.581, 46.052, 45.691, 45.728, 45.569, 45.055, 44.703, 44.812, 44.645, 44.411, 44.242, 44.231, 44.182, 43.987, 44.088, 44.309, 44.318, 44.218, 44.346, 44.624, 44.501, 44.686, 45.041, 45.218, 45.459, 45.63, 45.575, 45.314, 45.182, 45.638, 45.988, 45.724, 45.849, 46.437, 46.688, 46.67, 46.842, 46.886, 46.741, 46.666, 46.738, 46.869, 46.79, 46.47, 46.128, 46.014, 46.19, 46.362, 46.404, 46.283, 45.928, 45.649, 45.556, 45.584, 45.421, 44.96, 22.22], [21.696, 20.366, 19.397, 19.631, 19.068, 16.466, 12.1, 8.083, 4.519, 0.0, 6.138, 12.635, 17.902, 22.843, 28.692, 33.9, 35.654, 34.863, 35.275, 36.917, 38.188, 39.647, 41.447, 42.916, 43.532, 43.648, 43.871, 43.913, 43.696, 44.102, 45.052, 45.689, 45.832, 46.082, 46.409, 46.416, 46.27, 46.552, 47.19, 47.416, 47.326, 47.243, 46.775, 45.623, 44.909, 45.154, 45.528, 45.702, 45.574, 45.285, 45.042, 44.682, 44.164, 43.98, 43.91, 43.846, 44.086, 44.554, 44.841, 44.733, 44.626, 44.447, 44.033, 43.665, 43.319, 42.825, 42.636, 42.752, 42.718, 43.026, 43.891, 44.875, 45.567, 45.387, 44.981, 45.279, 46.136, 46.373, 46.354, 46.773, 47.045, 47.149, 47.193, 46.667, 46.067, 46.132, 46.685, 46.82, 46.576, 46.362, 45.83, 45.461, 45.471, 45.311, 44.828, 44.476, 44.545, 44.364, 44.124, 43.942, 43.943, 43.922, 43.729, 43.819, 44.037, 44.054, 43.977, 44.128, 44.426, 44.315, 44.51, 44.865, 45.047, 45.29, 45.459, 45.408, 45.149, 45.01, 45.464, 45.811, 45.538, 45.665, 46.265, 46.522, 46.506, 46.677, 46.718, 46.574, 46.502, 46.579, 46.714, 46.634, 46.303, 45.948, 45.836, 46.017, 46.179, 46.199, 46.066, 45.7, 45.418, 45.328, 45.355, 45.184, 44.707, 22.473], [22.032, 20.877, 20.294, 20.637, 20.176, 17.981, 14.067, 10.739, 9.001, 6.138, 0.0, 8.159, 14.959, 20.461, 26.433, 31.9, 33.932, 33.298, 33.91, 35.698, 37.018, 38.533, 40.445, 42.024, 42.68, 42.786, 43.025, 43.061, 42.803, 43.25, 44.324, 45.082, 45.296, 45.572, 45.888, 45.873, 45.733, 46.051, 46.727, 46.951, 46.841, 46.75, 46.252, 45.014, 44.188, 44.392, 44.779, 44.971, 44.839, 44.536, 44.317, 43.959, 43.362, 43.109, 43.002, 42.918, 43.167, 43.649, 43.921, 43.814, 43.725, 43.513, 43.052, 42.68, 42.348, 41.883, 41.744, 41.901, 41.845, 42.148, 43.051, 44.085, 44.838, 44.663, 44.21, 44.486, 45.36, 45.595, 45.573, 46.023, 46.339, 46.491, 46.562, 46.017, 45.387, 45.453, 46.027, 46.18, 45.943, 45.7, 45.105, 44.688, 44.658, 44.47, 43.931, 43.48, 43.516, 43.402, 43.21, 42.997, 42.98, 42.984, 42.778, 42.836, 43.041, 43.052, 42.979, 43.165, 43.495, 43.419, 43.641, 43.989, 44.164, 44.413, 44.589, 44.547, 44.297, 44.183, 44.67, 45.017, 44.704, 44.818, 45.444, 45.715, 45.702, 45.875, 45.903, 45.74, 45.661, 45.746, 45.898, 45.824, 45.474, 45.074, 44.92, 45.072, 45.212, 45.233, 45.107, 44.722, 44.431, 44.353, 44.378, 44.192, 43.681, 22.708], [23.457, 22.588, 22.516, 23.057, 22.82, 21.223, 18.097, 15.194, 13.987, 12.635, 8.159, 0.0, 8.585, 15.901, 22.934, 28.895, 31.197, 30.78, 31.77, 33.835, 35.238, 36.784, 38.778, 40.476, 41.215, 41.304, 41.477, 41.451, 41.153, 41.637, 42.825, 43.734, 44.111, 44.544, 44.918, 44.859, 44.743, 45.191, 45.998, 46.257, 46.134, 46.043, 45.513, 44.15, 43.146, 43.267, 43.654, 43.858, 43.709, 43.379, 43.185, 42.85, 42.223, 41.92, 41.774, 41.688, 41.971, 42.469, 42.725, 42.631, 42.57, 42.319, 41.828, 41.501, 41.221, 40.807, 40.765, 40.973, 40.824, 41.05, 41.948, 43.03, 43.874, 43.734, 43.25, 43.508, 44.415, 44.652, 44.606, 45.066, 45.414, 45.605, 45.702, 45.158, 44.532, 44.616, 45.206, 45.381, 45.15, 44.857, 44.181, 43.728, 43.689, 43.461, 42.833, 42.276, 42.316, 42.301, 42.17, 41.924, 41.876, 41.892, 41.663, 41.683, 41.868, 41.87, 41.819, 42.033, 42.38, 42.322, 42.549, 42.876, 43.04, 43.302, 43.491, 43.45, 43.205, 43.125, 43.654, 44.007, 43.657, 43.766, 44.44, 44.742, 44.722, 44.883, 44.888, 44.697, 44.608, 44.71, 44.892, 44.834, 44.461, 43.987, 43.755, 43.847, 43.939, 43.984, 43.889, 43.478, 43.165, 43.098, 43.123, 42.913, 42.369, 23.983], [26.085, 25.37, 25.46, 26.043, 25.974, 24.829, 22.468, 20.054, 18.802, 17.902, 14.959, 8.585, 0.0, 9.316, 18.605, 25.79, 28.476, 28.192, 29.49, 31.867, 33.393, 34.999, 37.081, 38.926, 39.827, 40.03, 40.233, 40.204, 39.923, 40.461, 41.749, 42.799, 43.355, 43.963, 44.43, 44.382, 44.284, 44.855, 45.825, 46.172, 46.061, 45.963, 45.412, 43.995, 42.918, 42.996, 43.374, 43.575, 43.397, 43.031, 42.851, 42.549, 41.902, 41.552, 41.389, 41.298, 41.543, 42.002, 42.239, 42.16, 42.111, 41.817, 41.321, 41.065, 40.852, 40.493, 40.51, 40.722, 40.512, 40.67, 41.538, 42.626, 43.505, 43.398, 42.934, 43.211, 44.149, 44.389, 44.328, 44.778, 45.13, 45.331, 45.436, 44.93, 44.362, 44.459, 45.028, 45.229, 45.026, 44.673, 43.9, 43.406, 43.362, 43.123, 42.486, 41.915, 41.949, 41.967, 41.867, 41.611, 41.545, 41.573, 41.34, 41.337, 41.504, 41.5, 41.482, 41.727, 42.095, 42.027, 42.201, 42.489, 42.657, 42.932, 43.109, 43.047, 42.793, 42.711, 43.231, 43.574, 43.221, 43.315, 43.988, 44.302, 44.278, 44.429, 44.424, 44.223, 44.137, 44.254, 44.454, 44.405, 44.015, 43.49, 43.215, 43.273, 43.32, 43.368, 43.296, 42.885, 42.563, 42.498, 42.519, 42.309, 41.826, 26.598], [28.981, 28.391, 28.653, 29.26, 29.326, 28.616, 26.893, 24.914, 23.771, 22.843, 20.461, 15.901, 9.316, 0.0, 11.246, 20.537, 24.428, 24.793, 26.784, 29.624, 31.257, 32.966, 35.347, 37.526, 38.604, 38.939, 39.367, 39.494, 39.223, 39.85, 41.347, 42.55, 43.175, 43.82, 44.316, 44.275, 44.145, 44.745, 45.799, 46.169, 46.031, 45.908, 45.303, 43.767, 42.539, 42.533, 42.914, 43.138, 42.915, 42.453, 42.276, 41.995, 41.209, 40.702, 40.507, 40.389, 40.519, 40.872, 41.058, 40.982, 40.934, 40.56, 40.022, 39.837, 39.717, 39.485, 39.614, 39.846, 39.607, 39.777, 40.737, 41.922, 42.858, 42.746, 42.258, 42.554, 43.541, 43.792, 43.728, 44.197, 44.594, 44.842, 44.971, 44.482, 43.935, 44.032, 44.612, 44.882, 44.696, 44.199, 43.193, 42.586, 42.511, 42.261, 41.577, 40.908, 40.873, 40.947, 40.931, 40.656, 40.537, 40.576, 40.341, 40.301, 40.431, 40.403, 40.392, 40.68, 41.105, 41.075, 41.226, 41.457, 41.612, 41.904, 42.074, 41.989, 41.729, 41.651, 42.173, 42.502, 42.116, 42.175, 42.852, 43.166, 43.131, 43.299, 43.312, 43.1, 42.992, 43.107, 43.331, 43.291, 42.865, 42.246, 41.902, 41.944, 41.968, 42.005, 41.955, 41.568, 41.269, 41.207, 41.207, 40.989, 40.571, 29.503], [32.21, 31.887, 32.574, 33.296, 33.551, 33.356, 32.189, 30.509, 29.57, 28.692, 26.433, 22.934, 18.605, 11.246, 0.0, 11.336, 17.735, 20.485, 24.5, 28.105, 29.728, 31.419, 34.181, 36.735, 37.815, 38.052, 38.69, 38.975, 38.612, 39.36, 41.24, 42.682, 43.331, 43.927, 44.363, 44.187, 43.939, 44.533, 45.592, 45.848, 45.604, 45.458, 44.763, 42.921, 41.229, 40.96, 41.341, 41.629, 41.361, 40.776, 40.641, 40.365, 39.29, 38.481, 38.214, 38.058, 38.065, 38.316, 38.456, 38.407, 38.373, 37.892, 37.302, 37.23, 37.253, 37.238, 37.642, 37.989, 37.697, 37.905, 39.028, 40.392, 41.475, 41.376, 40.786, 41.01, 42.063, 42.348, 42.28, 42.803, 43.296, 43.662, 43.851, 43.324, 42.724, 42.812, 43.427, 43.767, 43.544, 42.799, 41.437, 40.705, 40.602, 40.302, 39.454, 38.528, 38.363, 38.548, 38.663, 38.327, 38.11, 38.179, 37.908, 37.781, 37.855, 37.794, 37.753, 38.101, 38.69, 38.81, 39.004, 39.18, 39.303, 39.628, 39.823, 39.748, 39.513, 39.525, 40.158, 40.499, 40.016, 40.02, 40.762, 41.092, 41.017, 41.202, 41.239, 40.992, 40.814, 40.898, 41.162, 41.133, 40.614, 39.77, 39.249, 39.23, 39.195, 39.219, 39.231, 38.886, 38.617, 38.568, 38.538, 38.273, 37.793, 32.666], [35.332, 35.285, 36.334, 37.173, 37.596, 37.759, 36.919, 35.384, 34.583, 33.9, 31.9, 28.895, 25.79, 20.537, 11.336, 0.0, 9.242, 16.426, 23.6, 28.032, 29.523, 30.945, 33.768, 36.454, 37.39, 37.376, 38.034, 38.355, 37.873, 38.742, 40.977, 42.648, 43.376, 44.014, 44.441, 44.091, 43.695, 44.288, 45.351, 45.487, 45.143, 44.991, 44.234, 42.098, 39.909, 39.325, 39.666, 40.0, 39.728, 39.11, 39.063, 38.803, 37.515, 36.486, 36.164, 35.984, 35.935, 36.168, 36.33, 36.344, 36.357, 35.847, 35.291, 35.317, 35.433, 35.58, 36.252, 36.732, 36.343, 36.474, 37.619, 39.038, 40.228, 40.191, 39.515, 39.598, 40.689, 41.042, 40.96, 41.474, 41.995, 42.459, 42.716, 42.149, 41.499, 41.571, 42.169, 42.528, 42.267, 41.347, 39.787, 39.081, 38.996, 38.629, 37.633, 36.518, 36.302, 36.612, 36.816, 36.411, 36.134, 36.26, 35.938, 35.707, 35.737, 35.658, 35.568, 35.954, 36.704, 36.969, 37.2, 37.347, 37.436, 37.774, 38.003, 37.964, 37.769, 37.873, 38.633, 39.018, 38.451, 38.386, 39.184, 39.53, 39.401, 39.571, 39.61, 39.322, 39.066, 39.104, 39.392, 39.377, 38.78, 37.741, 37.071, 36.947, 36.821, 36.872, 36.956, 36.615, 36.349, 36.333, 36.289, 35.938, 35.276, 35.694], [36.578, 36.589, 37.674, 38.541, 39.029, 39.284, 38.535, 37.022, 36.215, 35.654, 33.932, 31.197, 28.476, 24.428, 17.735, 9.242, 0.0, 10.865, 21.064, 26.604, 28.251, 29.425, 32.098, 34.88, 35.927, 35.97, 36.718, 37.119, 36.655, 37.545, 39.803, 41.483, 42.283, 43.087, 43.655, 43.323, 42.919, 43.564, 44.703, 44.883, 44.55, 44.432, 43.74, 41.646, 39.447, 38.845, 39.179, 39.513, 39.253, 38.669, 38.664, 38.417, 37.153, 36.163, 35.841, 35.669, 35.671, 35.976, 36.191, 36.227, 36.276, 35.847, 35.365, 35.37, 35.462, 35.6, 36.298, 36.793, 36.353, 36.365, 37.408, 38.75, 39.901, 39.892, 39.211, 39.199, 40.269, 40.658, 40.55, 41.012, 41.488, 41.938, 42.201, 41.64, 40.998, 41.058, 41.6, 41.917, 41.647, 40.765, 39.352, 38.832, 38.779, 38.385, 37.423, 36.401, 36.271, 36.6, 36.778, 36.335, 36.072, 36.232, 35.905, 35.657, 35.688, 35.607, 35.504, 35.899, 36.663, 36.918, 37.131, 37.292, 37.386, 37.715, 37.948, 37.926, 37.725, 37.778, 38.507, 38.912, 38.349, 38.263, 39.053, 39.392, 39.233, 39.385, 39.414, 39.106, 38.83, 38.847, 39.117, 39.105, 38.515, 37.491, 36.861, 36.732, 36.597, 36.692, 36.757, 36.357, 36.069, 36.085, 36.05, 35.644, 34.877, 36.908], [36.252, 36.165, 37.089, 37.919, 38.343, 38.468, 37.676, 36.202, 35.389, 34.863, 33.298, 30.78, 28.192, 24.793, 20.485, 16.426, 10.865, 0.0, 12.448, 19.928, 22.713, 24.227, 26.843, 29.913, 31.618, 32.353, 33.639, 34.403, 34.152, 34.916, 36.808, 38.217, 39.007, 39.992, 40.765, 40.664, 40.491, 41.286, 42.536, 42.874, 42.682, 42.692, 42.321, 40.863, 39.411, 39.243, 39.658, 39.947, 39.729, 39.244, 39.206, 38.981, 37.995, 37.244, 36.954, 36.826, 36.972, 37.396, 37.639, 37.627, 37.656, 37.277, 36.794, 36.756, 36.755, 36.723, 37.239, 37.659, 37.21, 37.062, 37.906, 39.136, 40.204, 40.213, 39.639, 39.691, 40.744, 41.117, 40.966, 41.363, 41.778, 42.149, 42.365, 41.828, 41.227, 41.28, 41.764, 41.957, 41.665, 41.012, 40.009, 39.719, 39.693, 39.319, 38.517, 37.793, 37.836, 38.073, 38.144, 37.754, 37.578, 37.708, 37.413, 37.25, 37.302, 37.223, 37.135, 37.382, 37.95, 38.094, 38.281, 38.466, 38.577, 38.861, 39.053, 39.032, 38.844, 38.885, 39.576, 39.935, 39.371, 39.292, 40.027, 40.316, 40.153, 40.299, 40.32, 40.031, 39.796, 39.834, 40.078, 40.06, 39.568, 38.756, 38.29, 38.261, 38.21, 38.306, 38.282, 37.824, 37.52, 37.545, 37.538, 37.167, 36.458, 36.587], [36.775, 36.588, 37.295, 38.032, 38.35, 38.356, 37.648, 36.426, 35.743, 35.275, 33.91, 31.77, 29.49, 26.784, 24.5, 23.6, 21.064, 12.448, 0.0, 9.282, 14.447, 17.625, 20.68, 24.227, 26.857, 28.529, 30.684, 32.103, 32.193, 32.681, 33.97, 34.966, 35.677, 36.718, 37.595, 37.781, 37.958, 38.906, 40.208, 40.735, 40.765, 40.901, 40.904, 40.408, 40.193, 40.716, 41.259, 41.495, 41.3, 40.866, 40.72, 40.545, 39.972, 39.52, 39.271, 39.212, 39.489, 39.95, 40.172, 40.106, 40.109, 39.772, 39.306, 39.287, 39.232, 39.038, 39.296, 39.593, 39.236, 39.067, 39.703, 40.729, 41.649, 41.652, 41.192, 41.32, 42.299, 42.624, 42.452, 42.79, 43.159, 43.464, 43.639, 43.143, 42.579, 42.609, 43.025, 43.129, 42.844, 42.398, 41.736, 41.562, 41.52, 41.192, 40.62, 40.256, 40.459, 40.615, 40.625, 40.346, 40.262, 40.336, 40.084, 40.016, 40.08, 40.005, 39.932, 40.026, 40.385, 40.442, 40.64, 40.836, 40.942, 41.152, 41.265, 41.23, 41.065, 41.123, 41.759, 42.03, 41.479, 41.385, 41.989, 42.197, 42.048, 42.175, 42.17, 41.924, 41.778, 41.874, 42.083, 42.046, 41.699, 41.174, 40.868, 40.93, 40.968, 41.036, 40.933, 40.48, 40.205, 40.23, 40.248, 39.968, 39.43, 37.116], [38.106, 37.908, 38.526, 39.196, 39.461, 39.455, 38.877, 37.874, 37.324, 36.917, 35.698, 33.835, 31.867, 29.624, 28.105, 28.032, 26.604, 19.928, 9.282, 0.0, 7.312, 12.859, 17.247, 21.561, 24.793, 27.092, 29.889, 31.771, 32.14, 32.503, 33.384, 34.047, 34.616, 35.603, 36.453, 36.712, 37.017, 38.004, 39.315, 39.97, 40.149, 40.331, 40.457, 40.439, 41.006, 42.033, 42.705, 42.933, 42.738, 42.315, 42.095, 41.917, 41.548, 41.263, 41.039, 41.016, 41.348, 41.775, 41.955, 41.868, 41.878, 41.587, 41.173, 41.197, 41.144, 40.896, 41.005, 41.208, 40.934, 40.833, 41.37, 42.227, 43.015, 42.995, 42.555, 42.657, 43.527, 43.806, 43.635, 43.953, 44.312, 44.59, 44.749, 44.299, 43.779, 43.796, 44.168, 44.251, 44.002, 43.65, 43.106, 42.927, 42.852, 42.57, 42.153, 42.002, 42.286, 42.432, 42.449, 42.223, 42.168, 42.208, 41.979, 41.949, 42.022, 41.942, 41.842, 41.924, 42.223, 42.233, 42.438, 42.647, 42.752, 42.912, 42.966, 42.905, 42.74, 42.782, 43.343, 43.548, 43.027, 42.903, 43.376, 43.526, 43.402, 43.518, 43.487, 43.264, 43.174, 43.304, 43.489, 43.438, 43.185, 42.846, 42.671, 42.818, 42.907, 42.972, 42.86, 42.442, 42.199, 42.222, 42.259, 42.048, 41.614, 38.462], [39.032, 38.896, 39.581, 40.247, 40.51, 40.547, 40.021, 39.064, 38.563, 38.188, 37.018, 35.238, 33.393, 31.257, 29.728, 29.523, 28.251, 22.713, 14.447, 7.312, 0.0, 7.259, 14.033, 20.119, 23.915, 26.523, 29.657, 31.694, 32.185, 32.649, 33.513, 34.091, 34.591, 35.592, 36.447, 36.672, 36.952, 37.954, 39.297, 39.984, 40.176, 40.363, 40.464, 40.394, 41.01, 42.14, 42.874, 43.131, 42.949, 42.538, 42.298, 42.08, 41.709, 41.45, 41.225, 41.211, 41.542, 41.915, 42.053, 41.971, 42.005, 41.728, 41.335, 41.408, 41.388, 41.16, 41.275, 41.451, 41.149, 41.048, 41.571, 42.374, 43.131, 43.121, 42.685, 42.755, 43.573, 43.834, 43.672, 44.006, 44.373, 44.646, 44.795, 44.337, 43.811, 43.809, 44.156, 44.256, 44.056, 43.729, 43.149, 42.923, 42.839, 42.592, 42.21, 42.087, 42.395, 42.593, 42.657, 42.426, 42.332, 42.352, 42.124, 42.091, 42.17, 42.084, 41.967, 42.105, 42.401, 42.365, 42.553, 42.772, 42.889, 43.049, 43.087, 43.002, 42.817, 42.821, 43.323, 43.502, 43.003, 42.877, 43.311, 43.444, 43.331, 43.451, 43.413, 43.183, 43.096, 43.237, 43.427, 43.372, 43.121, 42.81, 42.704, 42.913, 43.02, 43.116, 43.037, 42.648, 42.428, 42.459, 42.51, 42.309, 41.875, 39.385], [40.187, 40.118, 40.87, 41.543, 41.825, 41.915, 41.428, 40.486, 39.993, 39.647, 38.533, 36.784, 34.999, 32.966, 31.419, 30.945, 29.425, 24.227, 17.625, 12.859, 7.259, 0.0, 8.854, 17.263, 22.034, 24.96, 28.464, 30.711, 31.27, 31.878, 32.911, 33.577, 34.135, 35.261, 36.208, 36.463, 36.777, 37.833, 39.22, 39.918, 40.107, 40.321, 40.453, 40.347, 40.865, 41.922, 42.652, 42.928, 42.761, 42.368, 42.156, 41.953, 41.579, 41.302, 41.07, 41.07, 41.383, 41.715, 41.838, 41.76, 41.819, 41.572, 41.195, 41.3, 41.329, 41.173, 41.358, 41.547, 41.175, 40.963, 41.412, 42.153, 42.892, 42.931, 42.539, 42.588, 43.376, 43.636, 43.484, 43.824, 44.19, 44.461, 44.592, 44.104, 43.558, 43.528, 43.828, 43.928, 43.773, 43.467, 42.838, 42.608, 42.557, 42.359, 41.985, 41.851, 42.184, 42.42, 42.512, 42.283, 42.159, 42.148, 41.914, 41.87, 41.956, 41.902, 41.841, 42.013, 42.238, 42.127, 42.294, 42.517, 42.62, 42.772, 42.806, 42.708, 42.502, 42.473, 42.94, 43.102, 42.617, 42.52, 42.969, 43.094, 42.964, 43.079, 43.043, 42.802, 42.701, 42.846, 43.06, 43.004, 42.721, 42.396, 42.333, 42.585, 42.696, 42.823, 42.768, 42.389, 42.191, 42.244, 42.302, 42.091, 41.673, 40.503], [41.721, 41.677, 42.393, 43.041, 43.333, 43.482, 43.101, 42.227, 41.746, 41.447, 40.445, 38.778, 37.081, 35.347, 34.181, 33.768, 32.098, 26.843, 20.68, 17.247, 14.033, 8.854, 0.0, 10.33, 16.899, 20.868, 25.194, 28.003, 28.809, 29.573, 30.766, 31.561, 32.224, 33.53, 34.645, 35.058, 35.545, 36.7, 38.106, 38.851, 39.123, 39.413, 39.707, 39.929, 40.768, 41.937, 42.667, 42.92, 42.779, 42.471, 42.299, 42.158, 41.958, 41.784, 41.566, 41.599, 41.949, 42.317, 42.478, 42.387, 42.453, 42.286, 41.948, 42.041, 42.086, 41.984, 42.184, 42.392, 41.981, 41.534, 41.743, 42.351, 43.046, 43.143, 42.835, 42.898, 43.669, 43.942, 43.789, 44.09, 44.414, 44.641, 44.737, 44.247, 43.714, 43.651, 43.864, 43.909, 43.782, 43.529, 42.97, 42.858, 42.875, 42.734, 42.462, 42.481, 42.906, 43.084, 43.118, 42.95, 42.88, 42.86, 42.627, 42.598, 42.695, 42.692, 42.727, 42.871, 42.956, 42.769, 42.924, 43.143, 43.203, 43.301, 43.315, 43.222, 43.021, 43.001, 43.47, 43.624, 43.14, 43.032, 43.437, 43.524, 43.38, 43.475, 43.428, 43.188, 43.077, 43.222, 43.446, 43.381, 43.107, 42.856, 42.872, 43.168, 43.276, 43.4, 43.34, 42.958, 42.776, 42.846, 42.893, 42.695, 42.361, 42.0], [42.946, 42.905, 43.569, 44.191, 44.49, 44.704, 44.44, 43.627, 43.164, 42.916, 42.024, 40.476, 38.926, 37.526, 36.735, 36.454, 34.88, 29.913, 24.227, 21.561, 20.119, 17.263, 10.33, 0.0, 8.445, 14.777, 20.647, 24.178, 25.465, 26.635, 28.091, 29.119, 30.047, 31.577, 32.87, 33.448, 34.097, 35.314, 36.683, 37.471, 37.857, 38.21, 38.64, 39.256, 40.599, 42.053, 42.835, 43.042, 42.951, 42.808, 42.684, 42.561, 42.554, 42.562, 42.397, 42.452, 42.86, 43.338, 43.579, 43.493, 43.554, 43.46, 43.176, 43.233, 43.21, 43.068, 43.214, 43.412, 42.973, 42.287, 42.189, 42.631, 43.288, 43.435, 43.198, 43.268, 44.027, 44.353, 44.222, 44.458, 44.708, 44.867, 44.935, 44.512, 44.063, 43.973, 44.047, 43.981, 43.868, 43.677, 43.31, 43.414, 43.481, 43.351, 43.251, 43.573, 44.117, 44.176, 44.126, 44.038, 44.065, 44.09, 43.889, 43.881, 43.965, 43.962, 44.014, 44.113, 44.126, 43.912, 44.036, 44.239, 44.255, 44.276, 44.262, 44.198, 44.037, 44.054, 44.505, 44.649, 44.17, 43.978, 44.249, 44.274, 44.127, 44.193, 44.119, 43.874, 43.743, 43.854, 44.042, 43.963, 43.745, 43.654, 43.82, 44.182, 44.278, 44.355, 44.296, 43.942, 43.777, 43.854, 43.89, 43.735, 43.499, 43.212], [43.207, 43.206, 43.929, 44.571, 44.895, 45.181, 44.986, 44.198, 43.755, 43.532, 42.68, 41.215, 39.827, 38.604, 37.815, 37.39, 35.927, 31.618, 26.857, 24.793, 23.915, 22.034, 16.899, 8.445, 0.0, 8.61, 16.57, 20.828, 22.385, 24.181, 26.344, 27.933, 29.376, 31.161, 32.505, 33.036, 33.63, 34.834, 36.19, 36.966, 37.349, 37.679, 38.055, 38.637, 40.036, 41.588, 42.412, 42.618, 42.553, 42.479, 42.399, 42.266, 42.234, 42.267, 42.14, 42.193, 42.585, 43.106, 43.399, 43.337, 43.396, 43.312, 43.059, 43.104, 43.046, 42.901, 43.075, 43.281, 42.815, 42.08, 41.922, 42.339, 43.023, 43.194, 42.947, 42.969, 43.724, 44.117, 44.03, 44.251, 44.467, 44.616, 44.706, 44.336, 43.924, 43.802, 43.793, 43.69, 43.617, 43.421, 43.058, 43.242, 43.329, 43.168, 43.079, 43.446, 43.984, 44.017, 43.973, 43.896, 43.939, 44.008, 43.836, 43.827, 43.893, 43.858, 43.86, 43.991, 44.096, 43.903, 43.978, 44.161, 44.162, 44.161, 44.152, 44.116, 43.996, 44.063, 44.515, 44.654, 44.171, 43.942, 44.172, 44.179, 44.025, 44.075, 43.987, 43.729, 43.572, 43.643, 43.788, 43.694, 43.469, 43.382, 43.567, 43.901, 43.955, 44.0, 43.953, 43.629, 43.48, 43.574, 43.615, 43.463, 43.236, 43.426], [42.823, 42.907, 43.749, 44.432, 44.801, 45.169, 45.03, 44.269, 43.844, 43.648, 42.786, 41.304, 40.03, 38.939, 38.052, 37.376, 35.97, 32.353, 28.529, 27.092, 26.523, 24.96, 20.868, 14.777, 8.61, 0.0, 9.788, 15.273, 16.941, 19.086, 22.484, 25.341, 27.605, 29.642, 31.017, 31.534, 32.086, 33.315, 34.734, 35.528, 35.901, 36.197, 36.469, 36.883, 38.186, 39.811, 40.689, 40.922, 40.907, 40.842, 40.788, 40.78, 40.849, 40.846, 40.704, 40.815, 41.224, 41.705, 41.989, 41.939, 42.008, 41.918, 41.657, 41.692, 41.67, 41.609, 41.859, 42.092, 41.622, 40.965, 40.922, 41.434, 42.201, 42.383, 42.058, 42.008, 42.804, 43.233, 43.141, 43.38, 43.627, 43.818, 43.955, 43.584, 43.121, 42.952, 42.907, 42.811, 42.767, 42.519, 41.998, 42.135, 42.223, 42.009, 41.814, 42.035, 42.518, 42.612, 42.634, 42.529, 42.549, 42.648, 42.478, 42.454, 42.513, 42.459, 42.432, 42.604, 42.828, 42.685, 42.736, 42.894, 42.866, 42.872, 42.905, 42.922, 42.855, 42.984, 43.5, 43.672, 43.176, 42.984, 43.304, 43.343, 43.18, 43.241, 43.163, 42.895, 42.723, 42.79, 42.929, 42.833, 42.553, 42.305, 42.301, 42.486, 42.477, 42.54, 42.486, 42.128, 41.982, 42.106, 42.161, 41.95, 41.642, 42.949], [42.89, 43.039, 43.931, 44.632, 45.002, 45.372, 45.25, 44.488, 44.042, 43.871, 43.025, 41.477, 40.233, 39.367, 38.69, 38.034, 36.718, 33.639, 30.684, 29.889, 29.657, 28.464, 25.194, 20.647, 16.57, 9.788, 0.0, 6.812, 9.572, 12.248, 16.971, 21.427, 24.727, 27.069, 28.516, 29.187, 29.892, 31.249, 32.744, 33.606, 34.061, 34.366, 34.576, 34.927, 36.263, 38.091, 39.054, 39.275, 39.374, 39.462, 39.42, 39.609, 40.166, 40.364, 40.208, 40.428, 40.996, 41.487, 41.746, 41.704, 41.771, 41.657, 41.369, 41.376, 41.337, 41.284, 41.525, 41.741, 41.293, 40.681, 40.609, 41.106, 41.918, 42.124, 41.76, 41.679, 42.513, 42.933, 42.774, 42.993, 43.252, 43.443, 43.589, 43.223, 42.74, 42.52, 42.392, 42.227, 42.203, 42.008, 41.524, 41.732, 41.848, 41.577, 41.367, 41.658, 42.19, 42.266, 42.283, 42.181, 42.227, 42.363, 42.207, 42.184, 42.232, 42.183, 42.175, 42.314, 42.534, 42.395, 42.44, 42.569, 42.466, 42.424, 42.479, 42.541, 42.508, 42.655, 43.178, 43.368, 42.896, 42.766, 43.161, 43.23, 43.073, 43.157, 43.113, 42.863, 42.711, 42.806, 42.957, 42.859, 42.558, 42.252, 42.137, 42.225, 42.19, 42.301, 42.251, 41.844, 41.678, 41.812, 41.878, 41.629, 41.262, 42.919], [42.879, 43.074, 44.012, 44.734, 45.101, 45.473, 45.358, 44.568, 44.085, 43.913, 43.061, 41.451, 40.204, 39.494, 38.975, 38.355, 37.119, 34.403, 32.103, 31.771, 31.694, 30.711, 28.003, 24.178, 20.828, 15.273, 6.812, 0.0, 4.786, 9.677, 15.384, 20.319, 23.975, 26.5, 27.944, 28.551, 29.255, 30.688, 32.221, 33.068, 33.516, 33.798, 33.906, 34.063, 35.21, 37.015, 37.987, 38.186, 38.37, 38.649, 38.674, 38.921, 39.753, 40.137, 39.989, 40.231, 40.891, 41.418, 41.67, 41.633, 41.692, 41.546, 41.236, 41.228, 41.158, 41.081, 41.328, 41.538, 41.086, 40.473, 40.346, 40.836, 41.706, 41.942, 41.584, 41.533, 42.417, 42.832, 42.629, 42.824, 43.081, 43.274, 43.427, 43.064, 42.571, 42.321, 42.149, 41.944, 41.919, 41.751, 41.318, 41.574, 41.716, 41.417, 41.204, 41.556, 42.114, 42.148, 42.123, 42.013, 42.07, 42.232, 42.09, 42.075, 42.131, 42.1, 42.123, 42.251, 42.45, 42.295, 42.341, 42.465, 42.315, 42.245, 42.318, 42.394, 42.359, 42.504, 43.022, 43.223, 42.77, 42.685, 43.121, 43.196, 43.034, 43.131, 43.115, 42.887, 42.747, 42.858, 43.04, 42.947, 42.619, 42.277, 42.116, 42.16, 42.128, 42.278, 42.254, 41.82, 41.615, 41.748, 41.825, 41.562, 41.175, 42.854], [42.45, 42.677, 43.683, 44.432, 44.82, 45.232, 45.14, 44.349, 43.872, 43.696, 42.803, 41.153, 39.923, 39.223, 38.612, 37.873, 36.655, 34.152, 32.193, 32.14, 32.185, 31.27, 28.809, 25.465, 22.385, 16.941, 9.572, 4.786, 0.0, 6.976, 14.41, 20.057, 23.89, 26.447, 27.85, 28.31, 28.858, 30.253, 31.814, 32.643, 33.046, 33.297, 33.343, 33.356, 34.314, 36.019, 36.969, 37.181, 37.406, 37.751, 37.886, 38.221, 39.033, 39.356, 39.202, 39.44, 40.059, 40.543, 40.777, 40.75, 40.822, 40.659, 40.328, 40.33, 40.292, 40.252, 40.546, 40.782, 40.328, 39.755, 39.693, 40.226, 41.138, 41.378, 40.985, 40.921, 41.849, 42.279, 42.07, 42.278, 42.563, 42.807, 43.005, 42.638, 42.118, 41.872, 41.744, 41.578, 41.535, 41.309, 40.764, 40.942, 41.063, 40.74, 40.452, 40.698, 41.216, 41.288, 41.281, 41.138, 41.188, 41.385, 41.243, 41.208, 41.263, 41.237, 41.262, 41.379, 41.572, 41.414, 41.47, 41.599, 41.451, 41.402, 41.501, 41.591, 41.558, 41.725, 42.302, 42.542, 42.085, 42.02, 42.501, 42.58, 42.406, 42.509, 42.497, 42.263, 42.116, 42.234, 42.446, 42.362, 41.992, 41.562, 41.323, 41.313, 41.271, 41.439, 41.409, 40.945, 40.714, 40.842, 40.917, 40.632, 40.211, 42.423], [42.832, 43.04, 44.016, 44.748, 45.115, 45.496, 45.408, 44.667, 44.237, 44.102, 43.25, 41.637, 40.461, 39.85, 39.36, 38.742, 37.545, 34.916, 32.681, 32.503, 32.649, 31.878, 29.573, 26.635, 24.181, 19.086, 12.248, 9.677, 6.976, 0.0, 9.017, 16.284, 21.088, 23.96, 25.516, 26.188, 26.863, 28.278, 29.911, 30.924, 31.482, 31.79, 31.972, 32.325, 33.683, 35.635, 36.619, 36.805, 37.06, 37.442, 37.633, 38.197, 39.299, 39.701, 39.55, 39.905, 40.651, 41.136, 41.336, 41.302, 41.388, 41.242, 40.914, 40.94, 40.941, 40.894, 41.133, 41.362, 40.946, 40.373, 40.249, 40.678, 41.51, 41.728, 41.317, 41.224, 42.128, 42.541, 42.309, 42.494, 42.773, 43.014, 43.223, 42.894, 42.422, 42.209, 42.105, 41.927, 41.883, 41.712, 41.208, 41.388, 41.484, 41.137, 40.857, 41.149, 41.7, 41.777, 41.762, 41.614, 41.709, 41.933, 41.808, 41.776, 41.815, 41.788, 41.829, 41.88, 42.018, 41.863, 41.923, 42.045, 41.908, 41.849, 41.929, 42.015, 41.986, 42.156, 42.738, 42.983, 42.537, 42.471, 42.941, 43.03, 42.878, 42.993, 42.978, 42.751, 42.625, 42.75, 42.936, 42.848, 42.515, 42.136, 41.907, 41.883, 41.836, 42.011, 41.963, 41.501, 41.276, 41.386, 41.453, 41.189, 40.761, 42.831], [44.02, 44.18, 45.031, 45.698, 46.006, 46.296, 46.196, 45.513, 45.121, 45.052, 44.324, 42.825, 41.749, 41.347, 41.24, 40.977, 39.803, 36.808, 33.97, 33.384, 33.513, 32.911, 30.766, 28.091, 26.344, 22.484, 16.971, 15.384, 14.41, 9.017, 0.0, 8.797, 15.452, 19.431, 21.53, 22.714, 23.895, 25.496, 27.208, 28.543, 29.432, 29.906, 30.393, 31.412, 33.598, 36.083, 37.187, 37.296, 37.502, 37.925, 38.085, 38.783, 40.405, 41.185, 41.086, 41.595, 42.662, 43.304, 43.515, 43.452, 43.525, 43.429, 43.127, 43.15, 43.13, 43.005, 43.12, 43.326, 42.981, 42.312, 41.955, 42.186, 42.895, 43.097, 42.737, 42.66, 43.5, 43.872, 43.604, 43.72, 43.931, 44.091, 44.249, 43.972, 43.595, 43.418, 43.3, 43.053, 43.012, 43.021, 42.781, 43.111, 43.226, 42.889, 42.739, 43.271, 43.911, 43.873, 43.745, 43.609, 43.762, 43.965, 43.855, 43.866, 43.912, 43.904, 44.013, 44.036, 44.099, 43.94, 44.01, 44.134, 44.0, 43.902, 43.932, 43.987, 43.943, 44.073, 44.566, 44.757, 44.34, 44.272, 44.679, 44.755, 44.641, 44.771, 44.769, 44.583, 44.499, 44.615, 44.742, 44.635, 44.392, 44.176, 44.043, 44.07, 44.051, 44.214, 44.17, 43.747, 43.529, 43.613, 43.69, 43.474, 43.077, 44.031], [44.768, 44.897, 45.634, 46.23, 46.506, 46.767, 46.705, 46.087, 45.712, 45.689, 45.082, 43.734, 42.799, 42.55, 42.682, 42.648, 41.483, 38.217, 34.966, 34.047, 34.091, 33.577, 31.561, 29.119, 27.933, 25.341, 21.427, 20.319, 20.057, 16.284, 8.797, 0.0, 8.298, 14.109, 17.286, 18.994, 20.742, 22.7, 24.533, 26.115, 27.296, 28.012, 28.827, 30.374, 33.245, 36.228, 37.517, 37.589, 37.695, 38.137, 38.261, 38.897, 40.87, 42.083, 42.07, 42.647, 44.024, 44.881, 45.133, 45.034, 45.087, 45.034, 44.743, 44.751, 44.704, 44.5, 44.53, 44.751, 44.487, 43.755, 43.27, 43.441, 44.111, 44.304, 43.994, 43.948, 44.729, 45.067, 44.784, 44.859, 45.016, 45.116, 45.236, 44.985, 44.652, 44.487, 44.384, 44.106, 44.024, 44.138, 44.089, 44.507, 44.641, 44.347, 44.319, 45.021, 45.728, 45.595, 45.352, 45.221, 45.385, 45.526, 45.414, 45.455, 45.507, 45.517, 45.692, 45.734, 45.74, 45.548, 45.62, 45.751, 45.62, 45.507, 45.516, 45.544, 45.48, 45.575, 46.011, 46.174, 45.772, 45.716, 46.106, 46.167, 46.056, 46.184, 46.199, 46.047, 45.99, 46.107, 46.207, 46.089, 45.894, 45.782, 45.717, 45.805, 45.84, 45.999, 45.964, 45.555, 45.309, 45.358, 45.439, 45.239, 44.827, 44.773], [44.611, 44.736, 45.413, 45.961, 46.239, 46.555, 46.639, 46.174, 45.847, 45.832, 45.296, 44.111, 43.355, 43.175, 43.331, 43.376, 42.283, 39.007, 35.677, 34.616, 34.591, 34.135, 32.224, 30.047, 29.376, 27.605, 24.727, 23.975, 23.89, 21.088, 15.452, 8.298, 0.0, 7.374, 12.176, 14.892, 17.203, 19.483, 21.518, 23.348, 24.783, 25.744, 26.836, 28.785, 32.228, 35.659, 37.163, 37.277, 37.328, 37.765, 37.873, 38.45, 40.594, 42.069, 42.12, 42.716, 44.233, 45.194, 45.466, 45.359, 45.409, 45.372, 45.088, 45.111, 45.062, 44.818, 44.809, 45.063, 44.884, 44.178, 43.723, 43.961, 44.647, 44.826, 44.523, 44.484, 45.228, 45.536, 45.256, 45.343, 45.499, 45.591, 45.702, 45.442, 45.091, 44.915, 44.849, 44.586, 44.432, 44.52, 44.517, 44.915, 45.03, 44.786, 44.825, 45.552, 46.28, 46.123, 45.813, 45.693, 45.869, 45.977, 45.867, 45.919, 45.969, 45.982, 46.18, 46.225, 46.208, 46.008, 46.087, 46.215, 46.082, 45.982, 46.003, 46.032, 45.966, 46.067, 46.508, 46.671, 46.249, 46.195, 46.622, 46.7, 46.572, 46.682, 46.698, 46.562, 46.517, 46.643, 46.756, 46.645, 46.463, 46.376, 46.31, 46.402, 46.475, 46.648, 46.618, 46.2, 45.92, 45.926, 45.99, 45.782, 45.325, 44.61], [44.461, 44.582, 45.206, 45.725, 46.013, 46.381, 46.608, 46.327, 46.102, 46.082, 45.572, 44.544, 43.963, 43.82, 43.927, 44.014, 43.087, 39.992, 36.718, 35.603, 35.592, 35.261, 33.53, 31.577, 31.161, 29.642, 27.069, 26.5, 26.447, 23.96, 19.431, 14.109, 7.374, 0.0, 6.321, 11.159, 14.509, 16.932, 19.055, 21.174, 22.879, 23.975, 25.224, 27.597, 31.655, 35.514, 37.21, 37.408, 37.477, 37.891, 37.967, 38.579, 40.804, 42.313, 42.38, 42.988, 44.463, 45.339, 45.598, 45.541, 45.623, 45.583, 45.314, 45.361, 45.325, 45.074, 45.027, 45.281, 45.18, 44.551, 44.126, 44.369, 45.025, 45.194, 44.879, 44.807, 45.498, 45.775, 45.509, 45.617, 45.795, 45.902, 46.002, 45.729, 45.371, 45.192, 45.144, 44.91, 44.723, 44.744, 44.731, 45.105, 45.193, 44.984, 45.083, 45.817, 46.52, 46.364, 46.042, 45.924, 46.11, 46.227, 46.134, 46.199, 46.25, 46.253, 46.437, 46.462, 46.44, 46.256, 46.349, 46.468, 46.328, 46.242, 46.274, 46.306, 46.25, 46.361, 46.8, 46.945, 46.508, 46.455, 46.902, 47.004, 46.876, 46.975, 46.991, 46.864, 46.822, 46.949, 47.069, 46.961, 46.793, 46.732, 46.662, 46.727, 46.806, 46.983, 46.958, 46.557, 46.281, 46.259, 46.295, 46.1, 45.664, 44.466], [44.558, 44.676, 45.26, 45.751, 46.052, 46.455, 46.742, 46.558, 46.419, 46.409, 45.888, 44.918, 44.43, 44.316, 44.363, 44.441, 43.655, 40.765, 37.595, 36.453, 36.447, 36.208, 34.645, 32.87, 32.505, 31.017, 28.516, 27.944, 27.85, 25.516, 21.53, 17.286, 12.176, 6.321, 0.0, 6.745, 11.777, 14.863, 17.101, 19.376, 21.313, 22.531, 23.884, 26.56, 31.086, 35.301, 37.159, 37.432, 37.549, 37.997, 38.09, 38.735, 40.98, 42.481, 42.552, 43.152, 44.582, 45.397, 45.644, 45.631, 45.761, 45.741, 45.491, 45.541, 45.511, 45.27, 45.213, 45.448, 45.373, 44.768, 44.327, 44.545, 45.183, 45.351, 45.021, 44.914, 45.57, 45.843, 45.583, 45.692, 45.894, 46.025, 46.115, 45.827, 45.467, 45.282, 45.258, 45.079, 44.908, 44.879, 44.815, 45.17, 45.263, 45.073, 45.19, 45.903, 46.583, 46.461, 46.168, 46.034, 46.201, 46.329, 46.258, 46.337, 46.387, 46.378, 46.54, 46.537, 46.505, 46.316, 46.403, 46.518, 46.38, 46.296, 46.325, 46.351, 46.301, 46.433, 46.876, 47.009, 46.57