[[0.0, 5.876, 17.678, 25.156, 27.64, 28.881, 29.106, 29.393, 30.157, 30.913, 32.1, 33.73, 34.675, 35.166, 36.213, 37.368, 38.241, 39.27, 40.415, 40.611, 40.911, 44.385, 46.058, 46.321, 47.335, 48.866, 50.074, 49.96, 49.508, 49.331, 49.363, 49.367, 49.524, 49.814, 49.927, 49.985, 50.049, 50.167, 50.22, 50.19, 50.155, 50.186, 50.166, 50.049, 50.022, 50.249, 50.49, 50.362, 50.346, 50.784, 50.841, 50.548, 50.401, 50.588, 50.771, 50.792, 50.919, 51.178, 51.217, 51.147, 51.066, 51.052, 51.094, 51.073, 51.105, 51.291, 51.403, 51.218, 50.986, 50.838, 50.499, 50.109, 50.172, 50.696, 50.839, 50.615, 50.448, 50.452, 50.544, 50.675, 50.754, 50.748, 50.745, 50.795, 50.82, 50.871, 50.81, 50.517, 50.433, 50.543, 50.551, 50.424, 50.468, 50.594, 50.429, 50.397, 50.561, 50.731, 50.647, 50.389, 50.407, 50.754, 50.895, 50.961, 51.077, 50.961, 50.814, 50.952, 51.057, 51.041, 50.888, 50.8, 50.867, 51.01, 51.023, 51.005, 51.084, 51.059, 50.949, 50.914, 50.814, 50.703, 50.79, 50.956, 51.051, 51.025, 50.987, 51.101, 51.142, 51.141, 51.178, 51.217, 51.225, 51.152, 51.124, 51.108, 51.054, 51.017, 51.045, 51.115, 51.011, 50.726, 50.523, 50.492, 50.476, 5.254], [5.876, 0.0, 13.037, 22.075, 25.44, 26.912, 27.155, 27.437, 28.276, 29.12, 30.258, 31.813, 32.822, 33.454, 34.59, 35.86, 36.946, 38.153, 39.37, 39.767, 40.554, 44.526, 46.343, 46.623, 47.72, 49.445, 50.809, 50.72, 50.258, 50.071, 50.082, 50.059, 50.202, 50.479, 50.575, 50.634, 50.704, 50.833, 50.891, 50.845, 50.791, 50.802, 50.769, 50.641, 50.592, 50.801, 51.022, 50.869, 50.846, 51.282, 51.342, 51.064, 50.967, 51.228, 51.451, 51.461, 51.574, 51.84, 51.89, 51.824, 51.739, 51.727, 51.777, 51.756, 51.783, 51.973, 52.096, 51.906, 51.674, 51.54, 51.201, 50.789, 50.846, 51.374, 51.507, 51.27, 51.102, 51.112, 51.207, 51.347, 51.42, 51.402, 51.399, 51.46, 51.507, 51.571, 51.511, 51.204, 51.095, 51.195, 51.201, 51.091, 51.167, 51.288, 51.083, 51.028, 51.187, 51.378, 51.335, 51.081, 51.077, 51.449, 51.618, 51.69, 51.797, 51.675, 51.538, 51.695, 51.818, 51.809, 51.636, 51.536, 51.621, 51.774, 51.766, 51.73, 51.803, 51.76, 51.634, 51.609, 51.509, 51.379, 51.457, 51.621, 51.697, 51.651, 51.619, 51.736, 51.765, 51.773, 51.842, 51.896, 51.904, 51.832, 51.816, 51.817, 51.766, 51.72, 51.747, 51.826, 51.728, 51.425, 51.187, 51.127, 51.106, 8.071], [17.678, 13.037, 0.0, 12.314, 18.721, 21.627, 22.388, 22.8, 23.896, 25.155, 26.445, 28.083, 29.549, 30.648, 31.795, 32.99, 34.365, 35.882, 37.149, 38.113, 40.612, 46.036, 48.098, 48.45, 49.856, 51.965, 53.575, 53.496, 52.956, 52.727, 52.693, 52.627, 52.734, 52.971, 53.027, 53.08, 53.153, 53.306, 53.378, 53.293, 53.183, 53.155, 53.12, 53.019, 52.97, 53.135, 53.267, 53.056, 53.038, 53.443, 53.49, 53.265, 53.267, 53.661, 53.979, 53.977, 54.01, 54.238, 54.328, 54.332, 54.281, 54.278, 54.335, 54.319, 54.352, 54.555, 54.666, 54.44, 54.204, 54.131, 53.838, 53.404, 53.453, 53.972, 54.09, 53.87, 53.709, 53.707, 53.819, 53.979, 54.016, 53.951, 53.94, 54.033, 54.129, 54.225, 54.181, 53.851, 53.694, 53.792, 53.815, 53.732, 53.845, 53.949, 53.675, 53.586, 53.754, 54.008, 54.076, 53.886, 53.864, 54.258, 54.438, 54.501, 54.599, 54.505, 54.396, 54.572, 54.733, 54.754, 54.551, 54.425, 54.536, 54.71, 54.688, 54.616, 54.665, 54.611, 54.472, 54.429, 54.314, 54.164, 54.226, 54.377, 54.426, 54.353, 54.292, 54.357, 54.376, 54.435, 54.555, 54.63, 54.632, 54.554, 54.552, 54.574, 54.513, 54.44, 54.481, 54.593, 54.476, 54.112, 53.784, 53.642, 53.603, 19.081], [25.156, 22.075, 12.314, 0.0, 9.314, 14.646, 16.566, 17.373, 18.894, 20.69, 22.482, 24.757, 27.014, 28.543, 29.459, 30.128, 31.293, 32.887, 34.213, 35.526, 39.285, 46.041, 48.425, 48.809, 50.453, 52.828, 54.551, 54.444, 53.851, 53.667, 53.712, 53.679, 53.797, 54.042, 54.094, 54.14, 54.188, 54.329, 54.41, 54.304, 54.157, 54.118, 54.116, 54.092, 54.091, 54.218, 54.29, 54.083, 54.035, 54.34, 54.373, 54.205, 54.201, 54.547, 54.846, 54.827, 54.778, 54.925, 55.027, 55.106, 55.104, 55.113, 55.18, 55.172, 55.213, 55.419, 55.514, 55.284, 55.073, 55.072, 54.883, 54.498, 54.545, 55.055, 55.185, 55.02, 54.856, 54.778, 54.889, 55.07, 55.081, 54.999, 54.986, 55.079, 55.177, 55.27, 55.239, 54.932, 54.773, 54.867, 54.907, 54.833, 54.92, 54.977, 54.675, 54.605, 54.832, 55.118, 55.199, 55.038, 55.018, 55.374, 55.52, 55.551, 55.608, 55.526, 55.481, 55.688, 55.874, 55.936, 55.75, 55.618, 55.738, 55.925, 55.917, 55.852, 55.912, 55.891, 55.774, 55.711, 55.586, 55.444, 55.495, 55.617, 55.636, 55.544, 55.448, 55.482, 55.542, 55.647, 55.741, 55.772, 55.749, 55.652, 55.639, 55.67, 55.615, 55.542, 55.606, 55.723, 55.576, 55.245, 54.964, 54.833, 54.817, 26.634], [27.64, 25.44, 18.721, 9.314, 0.0, 6.949, 10.243, 11.729, 13.696, 16.042, 18.742, 22.16, 25.18, 26.914, 27.745, 28.2, 29.19, 30.811, 32.255, 33.474, 37.261, 44.477, 47.095, 47.44, 49.045, 51.501, 53.257, 53.169, 52.617, 52.513, 52.655, 52.718, 52.927, 53.232, 53.305, 53.347, 53.372, 53.483, 53.572, 53.487, 53.351, 53.34, 53.387, 53.436, 53.437, 53.498, 53.57, 53.422, 53.319, 53.527, 53.551, 53.416, 53.362, 53.592, 53.794, 53.734, 53.67, 53.805, 53.89, 53.973, 53.987, 53.994, 54.061, 54.052, 54.092, 54.28, 54.366, 54.158, 53.972, 53.992, 53.852, 53.484, 53.495, 54.0, 54.152, 54.004, 53.832, 53.721, 53.83, 54.031, 54.057, 53.993, 53.976, 54.042, 54.118, 54.2, 54.175, 53.887, 53.737, 53.825, 53.855, 53.761, 53.806, 53.826, 53.536, 53.495, 53.757, 54.006, 53.99, 53.794, 53.766, 54.087, 54.231, 54.252, 54.261, 54.164, 54.167, 54.385, 54.568, 54.674, 54.54, 54.413, 54.524, 54.72, 54.742, 54.714, 54.792, 54.791, 54.703, 54.648, 54.527, 54.398, 54.448, 54.559, 54.593, 54.513, 54.411, 54.478, 54.598, 54.694, 54.728, 54.706, 54.658, 54.546, 54.507, 54.52, 54.46, 54.393, 54.473, 54.589, 54.452, 54.206, 54.027, 53.958, 53.978, 29.14], [28.881, 26.912, 21.627, 14.646, 6.949, 0.0, 4.401, 7.224, 9.901, 12.633, 16.153, 20.509, 23.949, 25.778, 26.776, 27.518, 28.779, 30.611, 32.179, 33.142, 36.233, 43.102, 45.751, 46.045, 47.447, 49.782, 51.488, 51.472, 51.075, 51.057, 51.233, 51.358, 51.647, 51.998, 52.087, 52.136, 52.159, 52.245, 52.329, 52.278, 52.177, 52.193, 52.251, 52.305, 52.273, 52.287, 52.39, 52.334, 52.242, 52.403, 52.411, 52.278, 52.184, 52.312, 52.398, 52.286, 52.243, 52.403, 52.455, 52.497, 52.503, 52.492, 52.536, 52.521, 52.56, 52.737, 52.82, 52.643, 52.478, 52.484, 52.323, 51.937, 51.911, 52.402, 52.555, 52.384, 52.195, 52.092, 52.213, 52.42, 52.459, 52.407, 52.374, 52.405, 52.466, 52.547, 52.529, 52.254, 52.107, 52.19, 52.208, 52.095, 52.124, 52.137, 51.873, 51.851, 52.125, 52.338, 52.256, 52.03, 51.977, 52.268, 52.414, 52.443, 52.43, 52.307, 52.314, 52.524, 52.703, 52.85, 52.773, 52.658, 52.758, 52.962, 53.011, 53.016, 53.09, 53.086, 53.021, 52.97, 52.834, 52.698, 52.747, 52.86, 52.927, 52.864, 52.764, 52.878, 53.044, 53.123, 53.123, 53.086, 53.036, 52.922, 52.851, 52.817, 52.745, 52.69, 52.774, 52.885, 52.764, 52.57, 52.47, 52.458, 52.493, 30.242], [29.106, 27.155, 22.388, 16.566, 10.243, 4.401, 0.0, 4.12, 7.858, 11.004, 14.805, 19.403, 22.931, 24.808, 25.972, 27.021, 28.57, 30.559, 32.18, 32.989, 35.647, 42.249, 44.896, 45.159, 46.402, 48.605, 50.252, 50.277, 49.987, 50.017, 50.197, 50.329, 50.649, 51.034, 51.133, 51.183, 51.214, 51.306, 51.398, 51.37, 51.286, 51.304, 51.34, 51.363, 51.311, 51.307, 51.423, 51.422, 51.361, 51.517, 51.517, 51.378, 51.261, 51.345, 51.382, 51.253, 51.239, 51.419, 51.444, 51.448, 51.443, 51.424, 51.454, 51.428, 51.467, 51.648, 51.737, 51.576, 51.417, 51.402, 51.21, 50.807, 50.762, 51.256, 51.427, 51.245, 51.039, 50.942, 51.068, 51.266, 51.297, 51.243, 51.202, 51.22, 51.279, 51.365, 51.351, 51.076, 50.921, 50.996, 51.01, 50.884, 50.911, 50.936, 50.695, 50.676, 50.96, 51.174, 51.083, 50.85, 50.78, 51.056, 51.207, 51.244, 51.219, 51.073, 51.065, 51.267, 51.442, 51.603, 51.545, 51.435, 51.535, 51.744, 51.8, 51.817, 51.885, 51.876, 51.828, 51.781, 51.631, 51.491, 51.54, 51.65, 51.731, 51.673, 51.571, 51.705, 51.89, 51.963, 51.949, 51.907, 51.859, 51.748, 51.659, 51.596, 51.525, 51.491, 51.574, 51.671, 51.549, 51.37, 51.303, 51.314, 51.357, 30.366], [29.393, 27.437, 22.8, 17.373, 11.729, 7.224, 4.12, 0.0, 4.758, 9.137, 13.502, 18.191, 21.817, 23.786, 25.001, 26.176, 27.914, 30.04, 31.691, 32.515, 35.33, 42.101, 44.809, 45.075, 46.31, 48.543, 50.215, 50.261, 49.979, 50.015, 50.199, 50.326, 50.661, 51.097, 51.219, 51.254, 51.28, 51.395, 51.511, 51.483, 51.388, 51.391, 51.414, 51.435, 51.384, 51.357, 51.452, 51.455, 51.375, 51.497, 51.492, 51.355, 51.225, 51.309, 51.376, 51.271, 51.265, 51.443, 51.47, 51.474, 51.475, 51.467, 51.502, 51.472, 51.507, 51.698, 51.794, 51.627, 51.459, 51.443, 51.267, 50.875, 50.821, 51.318, 51.506, 51.329, 51.119, 51.017, 51.134, 51.323, 51.347, 51.292, 51.257, 51.287, 51.356, 51.451, 51.453, 51.182, 51.015, 51.084, 51.102, 50.985, 51.018, 51.042, 50.798, 50.772, 51.058, 51.289, 51.221, 50.994, 50.913, 51.183, 51.346, 51.383, 51.356, 51.213, 51.196, 51.394, 51.572, 51.724, 51.642, 51.517, 51.617, 51.818, 51.857, 51.856, 51.913, 51.904, 51.874, 51.844, 51.702, 51.571, 51.622, 51.722, 51.796, 51.741, 51.639, 51.765, 51.953, 52.034, 52.021, 51.97, 51.914, 51.81, 51.733, 51.671, 51.611, 51.593, 51.674, 51.766, 51.643, 51.468, 51.397, 51.402, 51.457, 30.625], [30.157, 28.276, 23.896, 18.894, 13.696, 9.901, 7.858, 4.758, 0.0, 5.606, 11.289, 16.672, 20.507, 22.522, 23.756, 24.962, 26.81, 29.094, 30.827, 31.667, 34.626, 41.656, 44.458, 44.73, 46.011, 48.328, 50.074, 50.157, 49.881, 49.947, 50.152, 50.286, 50.647, 51.136, 51.296, 51.329, 51.343, 51.465, 51.59, 51.562, 51.461, 51.452, 51.475, 51.525, 51.498, 51.463, 51.547, 51.55, 51.443, 51.529, 51.522, 51.388, 51.24, 51.309, 51.389, 51.301, 51.297, 51.473, 51.51, 51.525, 51.535, 51.533, 51.569, 51.538, 51.569, 51.762, 51.858, 51.681, 51.503, 51.49, 51.328, 50.953, 50.903, 51.409, 51.596, 51.416, 51.207, 51.096, 51.207, 51.396, 51.427, 51.381, 51.348, 51.371, 51.441, 51.542, 51.559, 51.301, 51.131, 51.2, 51.223, 51.123, 51.161, 51.172, 50.913, 50.878, 51.161, 51.398, 51.339, 51.112, 51.02, 51.286, 51.461, 51.497, 51.47, 51.334, 51.313, 51.509, 51.686, 51.836, 51.739, 51.593, 51.685, 51.878, 51.9, 51.882, 51.924, 51.915, 51.899, 51.875, 51.744, 51.632, 51.688, 51.783, 51.858, 51.811, 51.709, 51.823, 52.008, 52.087, 52.066, 52.007, 51.949, 51.854, 51.792, 51.743, 51.691, 51.684, 51.771, 51.862, 51.738, 51.575, 51.512, 51.521, 51.588, 31.342], [30.913, 29.12, 25.155, 20.69, 16.042, 12.633, 11.004, 9.137, 5.606, 0.0, 6.911, 13.628, 18.117, 20.287, 21.633, 22.988, 24.987, 27.443, 29.321, 30.179, 33.191, 40.544, 43.489, 43.761, 45.064, 47.464, 49.309, 49.435, 49.193, 49.319, 49.562, 49.72, 50.117, 50.648, 50.846, 50.905, 50.931, 51.037, 51.148, 51.129, 51.037, 51.024, 51.046, 51.113, 51.107, 51.085, 51.183, 51.205, 51.107, 51.185, 51.177, 51.052, 50.896, 50.933, 50.967, 50.851, 50.847, 51.022, 51.035, 51.034, 51.047, 51.046, 51.076, 51.038, 51.063, 51.245, 51.333, 51.16, 50.986, 50.976, 50.825, 50.478, 50.439, 50.949, 51.139, 50.957, 50.745, 50.625, 50.731, 50.924, 50.964, 50.927, 50.881, 50.877, 50.94, 51.045, 51.067, 50.816, 50.646, 50.706, 50.73, 50.641, 50.692, 50.708, 50.444, 50.4, 50.678, 50.904, 50.82, 50.559, 50.442, 50.713, 50.897, 50.928, 50.894, 50.749, 50.725, 50.922, 51.095, 51.248, 51.151, 50.997, 51.098, 51.298, 51.314, 51.292, 51.336, 51.338, 51.333, 51.309, 51.18, 51.079, 51.141, 51.236, 51.315, 51.27, 51.164, 51.286, 51.487, 51.564, 51.531, 51.472, 51.429, 51.338, 51.272, 51.228, 51.168, 51.157, 51.248, 51.331, 51.187, 51.038, 51.007, 51.041, 51.122, 32.08], [32.1, 30.258, 26.445, 22.482, 18.742, 16.153, 14.805, 13.502, 11.289, 6.911, 0.0, 7.905, 13.851, 16.857, 18.54, 20.282, 22.814, 25.623, 27.627, 28.679, 32.313, 40.361, 43.499, 43.776, 45.17, 47.776, 49.782, 49.943, 49.69, 49.829, 50.092, 50.266, 50.688, 51.245, 51.46, 51.539, 51.589, 51.704, 51.815, 51.787, 51.671, 51.637, 51.655, 51.738, 51.747, 51.723, 51.804, 51.826, 51.732, 51.775, 51.762, 51.657, 51.502, 51.541, 51.574, 51.44, 51.416, 51.562, 51.54, 51.525, 51.554, 51.572, 51.61, 51.566, 51.582, 51.757, 51.837, 51.668, 51.502, 51.523, 51.433, 51.143, 51.116, 51.621, 51.821, 51.647, 51.435, 51.304, 51.401, 51.591, 51.626, 51.575, 51.512, 51.505, 51.584, 51.701, 51.736, 51.491, 51.298, 51.342, 51.361, 51.286, 51.384, 51.43, 51.157, 51.09, 51.356, 51.575, 51.469, 51.155, 51.006, 51.297, 51.486, 51.501, 51.469, 51.326, 51.299, 51.502, 51.687, 51.826, 51.692, 51.525, 51.661, 51.879, 51.867, 51.818, 51.869, 51.887, 51.891, 51.888, 51.782, 51.695, 51.763, 51.856, 51.91, 51.847, 51.741, 51.872, 52.087, 52.184, 52.164, 52.112, 52.078, 51.993, 51.942, 51.921, 51.853, 51.826, 51.919, 51.993, 51.822, 51.668, 51.636, 51.682, 51.775, 33.337], [33.73, 31.813, 28.083, 24.757, 22.16, 20.509, 19.403, 18.191, 16.672, 13.628, 7.905, 0.0, 7.468, 12.099, 14.587, 16.929, 20.419, 23.881, 25.949, 27.171, 31.803, 40.884, 44.292, 44.566, 46.09, 48.976, 51.185, 51.38, 51.08, 51.196, 51.456, 51.624, 52.051, 52.635, 52.858, 52.933, 53.001, 53.16, 53.303, 53.256, 53.098, 53.031, 53.044, 53.143, 53.161, 53.124, 53.175, 53.171, 53.045, 53.031, 53.011, 52.936, 52.796, 52.861, 52.955, 52.843, 52.794, 52.903, 52.872, 52.872, 52.926, 52.969, 53.018, 52.976, 52.992, 53.182, 53.27, 53.089, 52.917, 52.982, 52.971, 52.739, 52.717, 53.215, 53.42, 53.256, 53.05, 52.908, 52.989, 53.174, 53.197, 53.113, 53.041, 53.064, 53.168, 53.297, 53.354, 53.109, 52.89, 52.921, 52.929, 52.859, 53.009, 53.106, 52.818, 52.723, 52.974, 53.2, 53.113, 52.778, 52.615, 52.933, 53.116, 53.105, 53.084, 52.962, 52.923, 53.125, 53.33, 53.45, 53.251, 53.064, 53.233, 53.464, 53.417, 53.322, 53.354, 53.378, 53.397, 53.419, 53.34, 53.276, 53.35, 53.434, 53.453, 53.364, 53.258, 53.381, 53.595, 53.729, 53.739, 53.678, 53.625, 53.535, 53.517, 53.537, 53.484, 53.471, 53.572, 53.646, 53.475, 53.315, 53.233, 53.247, 53.345, 35.053], [34.675, 32.822, 29.549, 27.014, 25.18, 23.949, 22.931, 21.817, 20.507, 18.117, 13.851, 7.468, 0.0, 6.037, 10.035, 13.619, 18.106, 22.063, 24.115, 25.18, 30.213, 40.166, 43.9, 44.166, 45.745, 48.818, 51.205, 51.46, 51.175, 51.319, 51.6, 51.771, 52.223, 52.855, 53.104, 53.181, 53.26, 53.445, 53.616, 53.586, 53.429, 53.351, 53.357, 53.449, 53.457, 53.429, 53.492, 53.474, 53.305, 53.259, 53.247, 53.201, 53.074, 53.13, 53.232, 53.124, 53.079, 53.187, 53.153, 53.151, 53.21, 53.257, 53.303, 53.266, 53.291, 53.494, 53.595, 53.402, 53.217, 53.303, 53.325, 53.112, 53.092, 53.586, 53.789, 53.616, 53.409, 53.262, 53.332, 53.519, 53.545, 53.453, 53.381, 53.419, 53.525, 53.658, 53.725, 53.488, 53.266, 53.292, 53.289, 53.203, 53.371, 53.509, 53.231, 53.124, 53.361, 53.584, 53.515, 53.197, 53.042, 53.371, 53.544, 53.516, 53.511, 53.4, 53.333, 53.515, 53.722, 53.842, 53.627, 53.438, 53.623, 53.858, 53.812, 53.702, 53.7, 53.716, 53.758, 53.787, 53.707, 53.65, 53.726, 53.807, 53.817, 53.714, 53.606, 53.724, 53.939, 54.095, 54.103, 54.022, 53.947, 53.843, 53.825, 53.847, 53.812, 53.828, 53.928, 53.998, 53.854, 53.717, 53.604, 53.593, 53.694, 36.014], [35.166, 33.454, 30.648, 28.543, 26.914, 25.778, 24.808, 23.786, 22.522, 20.287, 16.857, 12.099, 6.037, 0.0, 5.451, 11.074, 16.627, 20.685, 22.566, 23.435, 28.592, 39.089, 43.052, 43.299, 44.871, 48.031, 50.528, 50.835, 50.598, 50.799, 51.114, 51.298, 51.778, 52.452, 52.729, 52.821, 52.91, 53.088, 53.271, 53.28, 53.153, 53.078, 53.075, 53.152, 53.148, 53.126, 53.203, 53.19, 53.005, 52.945, 52.939, 52.911, 52.784, 52.805, 52.871, 52.737, 52.7, 52.816, 52.765, 52.746, 52.804, 52.848, 52.886, 52.849, 52.872, 53.072, 53.183, 52.996, 52.814, 52.909, 52.946, 52.748, 52.73, 53.224, 53.421, 53.236, 53.019, 52.86, 52.926, 53.122, 53.162, 53.081, 53.016, 53.062, 53.173, 53.307, 53.377, 53.159, 52.954, 52.985, 52.979, 52.875, 53.026, 53.175, 52.922, 52.82, 53.046, 53.256, 53.175, 52.865, 52.719, 53.045, 53.216, 53.192, 53.202, 53.095, 53.004, 53.16, 53.349, 53.476, 53.28, 53.1, 53.291, 53.531, 53.5, 53.398, 53.374, 53.384, 53.442, 53.469, 53.379, 53.32, 53.395, 53.472, 53.477, 53.365, 53.251, 53.378, 53.608, 53.771, 53.76, 53.656, 53.574, 53.467, 53.438, 53.439, 53.406, 53.431, 53.515, 53.563, 53.432, 53.334, 53.234, 53.23, 53.333, 36.474], [36.213, 34.59, 31.795, 29.459, 27.745, 26.776, 25.972, 25.001, 23.756, 21.633, 18.54, 14.587, 10.035, 5.451, 0.0, 7.303, 14.396, 18.998, 20.772, 21.693, 27.703, 39.004, 43.154, 43.364, 44.993, 48.295, 50.883, 51.192, 50.952, 51.185, 51.517, 51.693, 52.173, 52.864, 53.161, 53.27, 53.368, 53.555, 53.755, 53.786, 53.671, 53.596, 53.588, 53.671, 53.678, 53.645, 53.692, 53.662, 53.472, 53.398, 53.39, 53.371, 53.256, 53.289, 53.372, 53.242, 53.19, 53.287, 53.236, 53.233, 53.306, 53.359, 53.399, 53.352, 53.361, 53.558, 53.675, 53.503, 53.337, 53.447, 53.506, 53.332, 53.319, 53.796, 53.976, 53.793, 53.58, 53.405, 53.463, 53.666, 53.706, 53.619, 53.564, 53.632, 53.755, 53.884, 53.955, 53.754, 53.567, 53.607, 53.606, 53.493, 53.617, 53.762, 53.525, 53.429, 53.666, 53.88, 53.782, 53.452, 53.313, 53.653, 53.819, 53.788, 53.806, 53.704, 53.605, 53.75, 53.933, 54.069, 53.883, 53.702, 53.899, 54.146, 54.119, 54.01, 53.983, 53.999, 54.057, 54.071, 53.971, 53.92, 53.998, 54.064, 54.049, 53.918, 53.795, 53.921, 54.159, 54.327, 54.303, 54.18, 54.094, 53.991, 53.971, 53.986, 53.961, 53.99, 54.071, 54.105, 53.971, 53.878, 53.771, 53.761, 53.86, 37.474], [37.368, 35.86, 32.99, 30.128, 28.2, 27.518, 27.021, 26.176, 24.962, 22.988, 20.282, 16.929, 13.619, 11.074, 7.303, 0.0, 8.648, 14.915, 17.188, 18.259, 25.932, 38.742, 43.224, 43.439, 45.256, 48.748, 51.418, 51.678, 51.357, 51.576, 51.922, 52.086, 52.555, 53.259, 53.586, 53.713, 53.821, 54.04, 54.275, 54.323, 54.22, 54.147, 54.144, 54.252, 54.275, 54.22, 54.217, 54.133, 53.934, 53.871, 53.865, 53.841, 53.747, 53.828, 53.958, 53.853, 53.785, 53.855, 53.825, 53.867, 53.968, 54.032, 54.077, 54.023, 54.019, 54.205, 54.317, 54.152, 53.996, 54.115, 54.19, 54.038, 54.03, 54.461, 54.607, 54.448, 54.266, 54.096, 54.143, 54.336, 54.369, 54.282, 54.241, 54.311, 54.427, 54.558, 54.638, 54.452, 54.285, 54.326, 54.327, 54.196, 54.275, 54.402, 54.173, 54.092, 54.363, 54.616, 54.517, 54.16, 54.035, 54.399, 54.543, 54.49, 54.518, 54.424, 54.328, 54.476, 54.659, 54.797, 54.628, 54.455, 54.646, 54.896, 54.868, 54.754, 54.74, 54.769, 54.821, 54.808, 54.695, 54.658, 54.737, 54.789, 54.761, 54.628, 54.506, 54.634, 54.872, 55.03, 54.989, 54.858, 54.775, 54.678, 54.667, 54.703, 54.691, 54.71, 54.792, 54.842, 54.704, 54.572, 54.441, 54.418, 54.5, 38.595], [38.241, 36.946, 34.365, 31.293, 29.19, 28.779, 28.57, 27.914, 26.81, 24.987, 22.814, 20.419, 18.106, 16.627, 14.396, 8.648, 0.0, 7.988, 11.711, 13.835, 23.636, 37.866, 42.615, 42.884, 44.892, 48.477, 51.154, 51.328, 50.888, 51.05, 51.416, 51.593, 52.075, 52.821, 53.198, 53.361, 53.495, 53.734, 53.981, 54.041, 53.954, 53.9, 53.923, 54.054, 54.081, 54.022, 54.003, 53.865, 53.643, 53.622, 53.652, 53.623, 53.54, 53.67, 53.822, 53.716, 53.656, 53.742, 53.732, 53.786, 53.881, 53.924, 53.962, 53.92, 53.922, 54.082, 54.156, 53.968, 53.806, 53.922, 53.996, 53.857, 53.853, 54.243, 54.38, 54.265, 54.115, 53.953, 53.985, 54.155, 54.185, 54.118, 54.082, 54.122, 54.216, 54.363, 54.471, 54.304, 54.148, 54.187, 54.195, 54.036, 54.042, 54.133, 53.915, 53.853, 54.145, 54.428, 54.342, 53.989, 53.89, 54.252, 54.372, 54.318, 54.364, 54.273, 54.188, 54.349, 54.524, 54.654, 54.531, 54.393, 54.557, 54.789, 54.78, 54.694, 54.714, 54.755, 54.793, 54.758, 54.634, 54.593, 54.659, 54.701, 54.683, 54.573, 54.468, 54.621, 54.878, 55.028, 54.967, 54.845, 54.785, 54.686, 54.649, 54.675, 54.655, 54.617, 54.667, 54.736, 54.597, 54.421, 54.298, 54.283, 54.332, 39.466], [39.27, 38.153, 35.882, 32.887, 30.811, 30.611, 30.559, 30.04, 29.094, 27.443, 25.623, 23.881, 22.063, 20.685, 18.998, 14.915, 7.988, 0.0, 5.613, 11.281, 23.327, 37.899, 42.59, 42.914, 45.055, 48.674, 51.326, 51.423, 50.892, 51.002, 51.377, 51.568, 52.053, 52.818, 53.227, 53.418, 53.578, 53.826, 54.058, 54.104, 54.018, 53.988, 54.049, 54.206, 54.25, 54.206, 54.2, 54.037, 53.788, 53.788, 53.861, 53.842, 53.764, 53.933, 54.104, 53.987, 53.931, 54.028, 54.018, 54.062, 54.13, 54.154, 54.194, 54.163, 54.17, 54.313, 54.349, 54.128, 53.951, 54.063, 54.143, 54.024, 54.031, 54.405, 54.544, 54.459, 54.315, 54.131, 54.138, 54.293, 54.319, 54.26, 54.224, 54.259, 54.362, 54.528, 54.667, 54.531, 54.381, 54.422, 54.447, 54.279, 54.232, 54.289, 54.077, 54.019, 54.309, 54.595, 54.5, 54.149, 54.087, 54.463, 54.578, 54.532, 54.594, 54.514, 54.447, 54.622, 54.785, 54.899, 54.793, 54.673, 54.816, 55.018, 55.016, 54.958, 55.003, 55.053, 55.084, 55.046, 54.93, 54.892, 54.953, 54.989, 54.974, 54.87, 54.774, 54.933, 55.198, 55.355, 55.293, 55.195, 55.171, 55.077, 55.02, 55.028, 54.991, 54.9, 54.914, 54.986, 54.846, 54.652, 54.534, 54.528, 54.552, 40.483], [40.415, 39.37, 37.149, 34.213, 32.255, 32.179, 32.18, 31.691, 30.827, 29.321, 27.627, 25.949, 24.115, 22.566, 20.772, 17.188, 11.711, 5.613, 0.0, 8.857, 23.465, 38.743, 43.432, 43.735, 45.942, 49.657, 52.375, 52.48, 51.914, 51.991, 52.346, 52.532, 53.015, 53.762, 54.158, 54.346, 54.498, 54.751, 54.99, 55.028, 54.929, 54.895, 54.971, 55.157, 55.207, 55.144, 55.121, 54.965, 54.71, 54.666, 54.723, 54.721, 54.648, 54.805, 54.975, 54.854, 54.772, 54.837, 54.817, 54.869, 54.948, 54.985, 55.034, 55.002, 54.998, 55.136, 55.169, 54.945, 54.769, 54.902, 55.028, 54.951, 54.962, 55.311, 55.439, 55.366, 55.233, 55.036, 55.023, 55.176, 55.202, 55.14, 55.116, 55.188, 55.327, 55.51, 55.665, 55.554, 55.423, 55.469, 55.494, 55.317, 55.252, 55.289, 55.069, 55.006, 55.294, 55.587, 55.484, 55.116, 55.073, 55.486, 55.622, 55.576, 55.649, 55.597, 55.544, 55.712, 55.867, 55.969, 55.835, 55.699, 55.846, 56.043, 56.032, 55.972, 56.017, 56.072, 56.104, 56.063, 55.949, 55.923, 55.987, 56.009, 55.969, 55.846, 55.734, 55.875, 56.133, 56.298, 56.239, 56.147, 56.135, 56.05, 56.007, 56.029, 55.997, 55.901, 55.912, 55.978, 55.835, 55.641, 55.511, 55.505, 55.546, 41.622], [40.611, 39.767, 38.113, 35.526, 33.474, 33.142, 32.989, 32.515, 31.667, 30.179, 28.679, 27.171, 25.18, 23.435, 21.693, 18.259, 13.835, 11.281, 8.857, 0.0, 17.12, 34.72, 40.153, 40.386, 42.622, 46.649, 49.66, 49.917, 49.453, 49.626, 50.063, 50.298, 50.869, 51.714, 52.142, 52.322, 52.477, 52.753, 53.048, 53.156, 53.093, 53.071, 53.149, 53.313, 53.32, 53.243, 53.219, 53.075, 52.851, 52.807, 52.829, 52.808, 52.703, 52.742, 52.804, 52.652, 52.595, 52.682, 52.671, 52.733, 52.83, 52.865, 52.907, 52.873, 52.853, 52.971, 53.019, 52.833, 52.685, 52.803, 52.872, 52.771, 52.799, 53.152, 53.275, 53.202, 53.077, 52.893, 52.873, 53.013, 53.053, 53.016, 52.994, 53.043, 53.16, 53.326, 53.443, 53.304, 53.207, 53.269, 53.277, 53.074, 53.008, 53.072, 52.888, 52.845, 53.133, 53.417, 53.276, 52.846, 52.778, 53.206, 53.37, 53.328, 53.399, 53.346, 53.278, 53.421, 53.577, 53.717, 53.616, 53.488, 53.636, 53.85, 53.867, 53.827, 53.875, 53.931, 53.957, 53.894, 53.768, 53.742, 53.807, 53.83, 53.804, 53.686, 53.567, 53.716, 53.978, 54.123, 54.039, 53.918, 53.881, 53.784, 53.723, 53.731, 53.699, 53.606, 53.621, 53.684, 53.552, 53.389, 53.307, 53.345, 53.433, 41.742], [40.911, 40.554, 40.612, 39.285, 37.261, 36.233, 35.647, 35.33, 34.626, 33.191, 32.313, 31.803, 30.213, 28.592, 27.703, 25.932, 23.636, 23.327, 23.465, 17.12, 0.0, 20.253, 27.585, 27.967, 30.398, 35.279, 39.038, 39.835, 39.938, 40.641, 41.484, 41.955, 42.851, 44.069, 44.666, 44.889, 45.122, 45.443, 45.803, 46.09, 46.181, 46.278, 46.374, 46.39, 46.317, 46.387, 46.555, 46.508, 46.455, 46.664, 46.723, 46.575, 46.332, 46.104, 45.838, 45.597, 45.728, 45.991, 45.971, 45.941, 45.944, 45.88, 45.891, 45.882, 45.859, 45.95, 46.035, 45.938, 45.799, 45.699, 45.39, 45.086, 45.202, 45.691, 45.875, 45.746, 45.565, 45.43, 45.418, 45.501, 45.563, 45.598, 45.526, 45.381, 45.316, 45.379, 45.352, 45.101, 45.066, 45.173, 45.17, 44.982, 44.965, 45.095, 45.017, 45.036, 45.27, 45.386, 45.088, 44.634, 44.543, 44.857, 44.983, 44.959, 44.993, 44.831, 44.696, 44.798, 44.929, 45.168, 45.293, 45.287, 45.387, 45.64, 45.791, 45.88, 45.973, 45.998, 45.99, 45.905, 45.768, 45.688, 45.747, 45.854, 45.962, 45.919, 45.863, 46.139, 46.398, 46.43, 46.294, 46.158, 46.112, 45.982, 45.799, 45.634, 45.488, 45.355, 45.344, 45.393, 45.299, 45.238, 45.362, 45.546, 45.656, 41.741], [44.385, 44.526, 46.036, 46.041, 44.477, 43.102, 42.249, 42.101, 41.656, 40.544, 40.361, 40.884, 40.166, 39.089, 39.004, 38.742, 37.866, 37.899, 38.743, 34.72, 20.253, 0.0, 9.991, 12.291, 16.576, 23.175, 28.112, 30.131, 31.421, 33.021, 34.397, 35.142, 36.337, 37.851, 38.613, 38.942, 39.3, 39.635, 39.987, 40.456, 40.75, 41.01, 41.11, 40.927, 40.823, 41.178, 41.684, 41.8, 41.989, 42.573, 42.688, 42.376, 42.003, 41.535, 40.942, 40.656, 41.031, 41.502, 41.449, 41.259, 41.092, 40.877, 40.829, 40.852, 40.852, 40.902, 40.981, 40.953, 40.768, 40.304, 39.466, 38.883, 39.048, 39.64, 39.901, 39.744, 39.534, 39.487, 39.473, 39.454, 39.53, 39.648, 39.54, 39.21, 38.937, 38.868, 38.69, 38.364, 38.428, 38.611, 38.621, 38.509, 38.611, 38.842, 38.887, 38.977, 39.088, 38.892, 38.36, 38.0, 37.939, 38.0, 38.0, 38.028, 38.042, 37.776, 37.586, 37.633, 37.677, 37.95, 38.361, 38.535, 38.503, 38.702, 39.007, 39.272, 39.405, 39.372, 39.32, 39.257, 39.161, 39.037, 39.102, 39.35, 39.662, 39.75, 39.819, 40.24, 40.407, 40.218, 40.019, 39.936, 39.936, 39.793, 39.459, 39.028, 38.7, 38.505, 38.44, 38.496, 38.475, 38.488, 38.818, 39.146, 39.23, 44.71], [46.058, 46.343, 48.098, 48.425, 47.095, 45.751, 44.896, 44.809, 44.458, 43.489, 43.499, 44.292, 43.9, 43.052, 43.154, 43.224, 42.615, 42.59, 43.432, 40.153, 27.585, 9.991, 0.0, 5.995, 13.067, 20.497, 25.794, 28.426, 30.214, 32.072, 33.518, 34.28, 35.465, 36.975, 37.808, 38.206, 38.588, 38.907, 39.245, 39.743, 40.083, 40.375, 40.467, 40.246, 40.173, 40.62, 41.21, 41.353, 41.579, 42.252, 42.392, 42.034, 41.63, 41.156, 40.558, 40.288, 40.72, 41.242, 41.188, 40.956, 40.752, 40.508, 40.437, 40.465, 40.486, 40.499, 40.503, 40.449, 40.256, 39.714, 38.758, 38.103, 38.243, 38.803, 39.073, 38.965, 38.778, 38.759, 38.745, 38.684, 38.741, 38.867, 38.772, 38.429, 38.12, 38.015, 37.811, 37.471, 37.523, 37.711, 37.718, 37.619, 37.764, 38.044, 38.125, 38.229, 38.304, 38.057, 37.527, 37.254, 37.221, 37.216, 37.21, 37.286, 37.336, 37.1, 36.898, 36.912, 36.919, 37.162, 37.604, 37.816, 37.733, 37.851, 38.142, 38.436, 38.576, 38.519, 38.434, 38.369, 38.28, 38.136, 38.187, 38.467, 38.824, 38.952, 39.083, 39.538, 39.659, 39.406, 39.208, 39.173, 39.209, 39.077, 38.73, 38.269, 37.914, 37.683, 37.594, 37.67, 37.651, 37.62, 37.985, 38.34, 38.399, 46.196], [46.321, 46.623, 48.45, 48.809, 47.44, 46.045, 45.159, 45.075, 44.73, 43.761, 43.776, 44.566, 44.166, 43.299, 43.364, 43.439, 42.884, 42.914, 43.735, 40.386, 27.967, 12.291, 5.995, 0.0, 8.965, 18.141, 24.223, 27.143, 29.18, 31.261, 32.83, 33.662, 34.937, 36.54, 37.421, 37.813, 38.186, 38.537, 38.925, 39.442, 39.775, 40.056, 40.149, 39.927, 39.822, 40.222, 40.791, 40.964, 41.229, 41.92, 42.082, 41.728, 41.294, 40.789, 40.19, 39.923, 40.368, 40.899, 40.839, 40.605, 40.414, 40.184, 40.121, 40.152, 40.167, 40.174, 40.182, 40.144, 39.966, 39.433, 38.504, 37.87, 37.996, 38.555, 38.838, 38.736, 38.53, 38.494, 38.483, 38.419, 38.462, 38.594, 38.513, 38.174, 37.862, 37.75, 37.536, 37.193, 37.236, 37.411, 37.41, 37.307, 37.439, 37.703, 37.773, 37.86, 37.917, 37.683, 37.211, 36.99, 36.975, 36.957, 36.946, 37.033, 37.073, 36.812, 36.589, 36.588, 36.572, 36.817, 37.277, 37.499, 37.432, 37.568, 37.874, 38.178, 38.319, 38.258, 38.173, 38.086, 37.961, 37.797, 37.839, 38.109, 38.462, 38.587, 38.709, 39.169, 39.3, 39.054, 38.865, 38.83, 38.858, 38.713, 38.372, 37.94, 37.607, 37.389, 37.305, 37.373, 37.351, 37.319, 37.69, 38.063, 38.14, 46.458], [47.335, 47.72, 49.856, 50.453, 49.045, 47.447, 46.402, 46.31, 46.011, 45.064, 45.17, 46.09, 45.745, 44.871, 44.993, 45.256, 44.892, 45.055, 45.942, 42.622, 30.398, 16.576, 13.067, 8.965, 0.0, 11.068, 18.874, 22.824, 25.564, 28.127, 30.083, 31.175, 32.667, 34.479, 35.503, 35.948, 36.354, 36.713, 37.131, 37.744, 38.173, 38.501, 38.566, 38.247, 38.086, 38.517, 39.181, 39.496, 39.958, 40.846, 41.079, 40.691, 40.169, 39.505, 38.751, 38.438, 38.96, 39.547, 39.459, 39.187, 38.981, 38.716, 38.616, 38.644, 38.659, 38.643, 38.663, 38.683, 38.523, 37.91, 36.877, 36.182, 36.255, 36.802, 37.121, 36.998, 36.731, 36.69, 36.702, 36.613, 36.621, 36.758, 36.673, 36.244, 35.836, 35.664, 35.393, 35.041, 35.109, 35.277, 35.267, 35.175, 35.307, 35.57, 35.701, 35.839, 35.896, 35.617, 35.146, 34.98, 34.972, 34.869, 34.814, 34.922, 34.926, 34.581, 34.319, 34.282, 34.223, 34.533, 35.14, 35.435, 35.367, 35.529, 35.897, 36.254, 36.407, 36.34, 36.226, 36.06, 35.847, 35.637, 35.678, 35.96, 36.364, 36.528, 36.653, 37.126, 37.251, 36.962, 36.734, 36.707, 36.756, 36.616, 36.234, 35.759, 35.45, 35.299, 35.213, 35.267, 35.289, 35.322, 35.818, 36.296, 36.401, 47.389], [48.866, 49.445, 51.965, 52.828, 51.501, 49.782, 48.605, 48.543, 48.328, 47.464, 47.776, 48.976, 48.818, 48.031, 48.295, 48.748, 48.477, 48.674, 49.657, 46.649, 35.279, 23.175, 20.497, 18.141, 11.068, 0.0, 10.009, 16.669, 20.832, 23.826, 26.247, 27.734, 29.43, 31.449, 32.732, 33.33, 33.802, 34.115, 34.511, 35.25, 35.833, 36.257, 36.269, 35.785, 35.624, 36.218, 37.072, 37.573, 38.329, 39.504, 39.774, 39.323, 38.725, 37.861, 36.871, 36.501, 37.147, 37.813, 37.686, 37.354, 37.095, 36.737, 36.555, 36.578, 36.6, 36.524, 36.516, 36.603, 36.439, 35.643, 34.378, 33.575, 33.577, 34.049, 34.423, 34.35, 34.056, 34.04, 34.091, 33.95, 33.909, 34.055, 33.962, 33.398, 32.846, 32.603, 32.278, 31.951, 32.103, 32.298, 32.285, 32.156, 32.243, 32.558, 32.851, 33.082, 33.143, 32.764, 32.239, 32.155, 32.162, 31.896, 31.781, 31.947, 31.943, 31.511, 31.192, 31.092, 30.971, 31.342, 32.142, 32.537, 32.431, 32.581, 33.011, 33.443, 33.618, 33.546, 33.394, 33.14, 32.838, 32.557, 32.572, 32.878, 33.373, 33.598, 33.755, 34.27, 34.398, 34.045, 33.758, 33.764, 33.885, 33.792, 33.361, 32.791, 32.498, 32.396, 32.285, 32.334, 32.435, 32.6, 33.317, 33.93, 34.022, 48.741], [50.074, 50.809, 53.575, 54.551, 53.257, 51.488, 50.252, 50.215, 50.074, 49.309, 49.782, 51.185, 51.205, 50.528, 50.883, 51.418, 51.154, 51.326, 52.375, 49.66, 39.038, 28.112, 25.794, 24.223, 18.874, 10.009, 0.0, 9.855, 16.404, 20.174, 22.954, 24.636, 26.416, 28.611, 30.2, 31.0, 31.546, 31.858, 32.272, 33.11, 33.805, 34.325, 34.335, 33.772, 33.7, 34.515, 35.552, 36.191, 37.169, 38.555, 38.851, 38.413, 37.903, 37.044, 35.945, 35.559, 36.306, 37.028, 36.86, 36.449, 36.111, 35.674, 35.446, 35.477, 35.513, 35.403, 35.376, 35.504, 35.323, 34.385, 32.938, 32.065, 32.06, 32.55, 33.044, 33.043, 32.723, 32.73, 32.824, 32.642, 32.556, 32.691, 32.567, 31.924, 31.297, 31.029, 30.683, 30.349, 30.542, 30.773, 30.751, 30.582, 30.65, 31.039, 31.452, 31.702, 31.747, 31.302, 30.713, 30.69, 30.747, 30.388, 30.238, 30.448, 30.448, 29.96, 29.607, 29.476, 29.312, 29.691, 30.593, 31.059, 30.92, 31.042, 31.498, 31.972, 32.151, 32.08, 31.934, 31.651, 31.297, 30.964, 30.96, 31.286, 31.829, 32.089, 32.288, 32.853, 33.006, 32.643, 32.333, 32.359, 32.525, 32.468, 32.008, 31.357, 31.019, 30.911, 30.784, 30.816, 30.929, 31.172, 32.052, 32.752, 32.819, 49.808], [49.96, 50.72, 53.496, 54.444, 53.169, 51.472, 50.277, 50.261, 50.157, 49.435, 49.943, 51.38, 51.46, 50.835, 51.192, 51.678, 51.328, 51.423, 52.48, 49.917, 39.835, 30.131, 28.426, 27.143, 22.824, 16.669, 9.855, 0.0, 8.902, 15.002, 18.97, 20.748, 22.497, 24.941, 26.882, 27.883, 28.573, 29.078, 29.63, 30.559, 31.344, 31.943, 32.014, 31.577, 31.76, 32.859, 34.043, 34.714, 35.864, 37.546, 37.989, 37.603, 37.327, 36.859, 35.935, 35.577, 36.32, 37.033, 36.851, 36.435, 36.093, 35.671, 35.463, 35.506, 35.544, 35.44, 35.434, 35.579, 35.402, 34.484, 33.05, 32.165, 32.165, 32.716, 33.282, 33.312, 32.963, 32.944, 33.042, 32.835, 32.707, 32.831, 32.731, 32.118, 31.503, 31.255, 30.909, 30.505, 30.609, 30.806, 30.772, 30.62, 30.742, 31.191, 31.625, 31.832, 31.857, 31.444, 30.842, 30.779, 30.934, 30.685, 30.534, 30.72, 30.745, 30.255, 29.904, 29.824, 29.688, 30.016, 30.843, 31.299, 31.156, 31.262, 31.697, 32.161, 32.329, 32.247, 32.107, 31.832, 31.49, 31.163, 31.182, 31.518, 32.037, 32.311, 32.539, 33.079, 33.213, 32.858, 32.528, 32.531, 32.713, 32.687, 32.292, 31.725, 31.395, 31.277, 31.165, 31.191, 31.245, 31.425, 32.297, 32.997, 33.019, 49.682], [49.508, 50.258, 52.956, 53.851, 52.617, 51.075, 49.987, 49.979, 49.881, 49.193, 49.69, 51.08, 51.175, 50.598, 50.952, 51.357, 50.888, 50.892, 51.914, 49.453, 39.938, 31.421, 30.214, 29.18, 25.564, 20.832, 16.404, 8.902, 0.0, 8.411, 14.692, 17.315, 19.13, 21.843, 24.21, 25.382, 26.161, 26.878, 27.602, 28.601, 29.459, 30.128, 30.275, 30.026, 30.48, 31.776, 32.997, 33.532, 34.665, 36.627, 37.313, 36.929, 36.701, 36.684, 36.23, 36.049, 36.75, 37.451, 37.329, 36.989, 36.699, 36.317, 36.113, 36.124, 36.142, 36.046, 36.035, 36.116, 35.867, 34.953, 33.557, 32.647, 32.637, 33.293, 33.984, 34.116, 33.82, 33.788, 33.86, 33.644, 33.505, 33.65, 33.624, 33.077, 32.48, 32.221, 31.855, 31.41, 31.476, 31.673, 31.66, 31.536, 31.689, 32.148, 32.558, 32.731, 32.744, 32.361, 31.768, 31.656, 31.864, 31.725, 31.582, 31.738, 31.834, 31.394, 31.019, 30.975, 30.87, 31.097, 31.781, 32.21, 32.082, 32.183, 32.563, 32.975, 33.13, 33.036, 32.883, 32.637, 32.356, 32.072, 32.105, 32.424, 32.899, 33.176, 33.422, 33.909, 33.999, 33.653, 33.31, 33.275, 33.444, 33.432, 33.132, 32.713, 32.447, 32.335, 32.246, 32.292, 32.315, 32.436, 33.242, 33.893, 33.892, 49.247], [49.331, 50.071, 52.727, 53.667, 52.513, 51.057, 50.017, 50.015, 49.947, 49.319, 49.829, 51.196, 51.319, 50.799, 51.185, 51.576, 51.05, 51.002, 51.991, 49.626, 40.641, 33.021, 32.072, 31.261, 28.127, 23.826, 20.174, 15.002, 8.411, 0.0, 8.423, 12.99, 15.736, 19.04, 22.014, 23.478, 24.344, 25.173, 26.031, 27.153, 28.109, 28.844, 29.062, 28.984, 29.669, 31.103, 32.374, 32.838, 33.919, 36.016, 36.885, 36.573, 36.302, 36.375, 36.202, 36.228, 36.973, 37.676, 37.597, 37.321, 37.069, 36.693, 36.461, 36.438, 36.441, 36.349, 36.324, 36.33, 35.966, 34.982, 33.538, 32.546, 32.539, 33.321, 34.145, 34.37, 34.128, 34.126, 34.188, 33.95, 33.794, 33.947, 33.956, 33.441, 32.865, 32.603, 32.223, 31.781, 31.881, 32.121, 32.133, 32.019, 32.169, 32.614, 32.995, 33.146, 33.148, 32.76, 32.163, 32.055, 32.281, 32.183, 32.052, 32.206, 32.356, 31.933, 31.51, 31.449, 31.339, 31.486, 32.096, 32.527, 32.415, 32.534, 32.883, 33.243, 33.389, 33.303, 33.144, 32.891, 32.616, 32.352, 32.394, 32.694, 33.153, 33.429, 33.675, 34.148, 34.222, 33.889, 33.551, 33.518, 33.692, 33.685, 33.424, 33.081, 32.881, 32.789, 32.705, 32.776, 32.811, 32.905, 33.664, 34.269, 34.24, 49.059], [49.363, 50.082, 52.693, 53.712, 52.655, 51.233, 50.197, 50.199, 50.152, 49.562, 50.092, 51.456, 51.6, 51.114, 51.517, 51.922, 51.416, 51.377, 52.346, 50.063, 41.484, 34.397, 33.518, 32.83, 30.083, 26.247, 22.954, 18.97, 14.692, 8.423, 0.0, 6.602, 11.485, 15.946, 19.582, 21.511, 22.668, 23.62, 24.544, 25.813, 26.882, 27.65, 27.913, 28.023, 28.914, 30.462, 31.814, 32.35, 33.479, 35.631, 36.6, 36.44, 36.302, 36.4, 36.258, 36.375, 37.177, 37.891, 37.836, 37.599, 37.375, 37.006, 36.757, 36.723, 36.741, 36.667, 36.651, 36.646, 36.264, 35.292, 33.884, 32.894, 32.904, 33.702, 34.51, 34.719, 34.458, 34.442, 34.482, 34.213, 34.011, 34.122, 34.123, 33.664, 33.157, 32.915, 32.559, 32.142, 32.241, 32.489, 32.521, 32.417, 32.552, 32.96, 33.304, 33.441, 33.456, 33.109, 32.549, 32.474, 32.701, 32.642, 32.561, 32.714, 32.855, 32.459, 32.052, 31.979, 31.852, 31.978, 32.551, 32.964, 32.861, 32.993, 33.335, 33.666, 33.792, 33.702, 33.536, 33.254, 32.95, 32.684, 32.733, 33.026, 33.477, 33.74, 33.968, 34.432, 34.51, 34.187, 33.853, 33.847, 34.053, 34.067, 33.826, 33.533, 33.389, 33.313, 33.221, 33.292, 33.324, 33.365, 34.04, 34.603, 34.528, 49.09], [49.367, 50.059, 52.627, 53.679, 52.718, 51.358, 50.329, 50.326, 50.286, 49.72, 50.266, 51.624, 51.771, 51.298, 51.693, 52.086, 51.593, 51.568, 52.532, 50.298, 41.955, 35.142, 34.28, 33.662, 31.175, 27.734, 24.636, 20.748, 17.315, 12.99, 6.602, 0.0, 6.485, 12.303, 16.718, 19.131, 20.718, 21.954, 22.938, 24.253, 25.401, 26.218, 26.502, 26.739, 27.837, 29.542, 30.928, 31.443, 32.652, 34.944, 35.991, 35.923, 36.037, 36.39, 36.328, 36.441, 37.257, 38.013, 38.012, 37.818, 37.622, 37.276, 37.032, 36.984, 37.007, 36.948, 36.927, 36.925, 36.592, 35.695, 34.35, 33.374, 33.371, 34.133, 34.907, 35.087, 34.783, 34.719, 34.729, 34.434, 34.192, 34.257, 34.247, 33.85, 33.404, 33.177, 32.851, 32.459, 32.528, 32.754, 32.802, 32.717, 32.842, 33.23, 33.561, 33.692, 33.73, 33.46, 32.997, 32.955, 33.177, 33.161, 33.118, 33.264, 33.391, 33.018, 32.646, 32.592, 32.469, 32.594, 33.14, 33.529, 33.43, 33.54, 33.858, 34.182, 34.3, 34.197, 34.026, 33.747, 33.435, 33.154, 33.196, 33.489, 33.923, 34.174, 34.406, 34.869, 34.934, 34.593, 34.24, 34.226, 34.434, 34.457, 34.243, 33.994, 33.876, 33.81, 33.719, 33.78, 33.779, 33.75, 34.349, 34.875, 34.764, 49.084], [49.524, 50.202, 52.734, 53.797, 52.927, 51.647, 50.649, 50.661, 50.647, 50.117, 50.688, 52.051, 52.223, 51.778, 52.173, 52.555, 52.075, 52.053, 53.015, 50.869, 42.851, 36.337, 35.465, 34.937, 32.667, 29.43, 26.416, 22.497, 19.13, 15.736, 11.485, 6.485, 0.0, 7.011, 12.811, 15.947, 17.914, 19.532, 20.774, 22.179, 23.44, 24.385, 24.725, 25.065, 26.433, 28.391, 29.801, 30.184, 31.45, 33.987, 35.16, 35.133, 35.475, 36.215, 36.402, 36.572, 37.385, 38.193, 38.293, 38.186, 38.032, 37.71, 37.472, 37.401, 37.409, 37.359, 37.33, 37.302, 36.975, 36.118, 34.782, 33.761, 33.705, 34.462, 35.281, 35.479, 35.153, 35.068, 35.063, 34.74, 34.467, 34.508, 34.504, 34.144, 33.728, 33.504, 33.183, 32.794, 32.845, 33.068, 33.128, 33.061, 33.209, 33.633, 33.979, 34.106, 34.157, 33.954, 33.599, 33.592, 33.802, 33.812, 33.777, 33.919, 34.056, 33.692, 33.327, 33.297, 33.199, 33.31, 33.796, 34.157, 34.068, 34.141, 34.405, 34.704, 34.821, 34.711, 34.54, 34.292, 34.024, 33.765, 33.804, 34.088, 34.504, 34.76, 35.01, 35.451, 35.477, 35.113, 34.754, 34.732, 34.92, 34.927, 34.733, 34.524, 34.419, 34.348, 34.251, 34.313, 34.284, 34.203, 34.762, 35.247, 35.111, 49.208], [49.814, 50.479, 52.971, 54.042, 53.232, 51.998, 51.034, 51.097, 51.136, 50.648, 51.245, 52.635, 52.855, 52.452, 52.864, 53.259, 52.821, 52.818, 53.762, 51.714, 44.069, 37.851, 36.975, 36.54, 34.479, 31.449, 28.611, 24.941, 21.843, 19.04, 15.946, 12.303, 7.011, 0.0, 7.156, 11.609, 14.215, 16.146, 17.774, 19.469, 20.895, 21.983, 22.449, 22.98, 24.669, 26.924, 28.438, 28.834, 30.3, 33.103, 34.409, 34.439, 34.967, 36.044, 36.502, 36.776, 37.589, 38.416, 38.617, 38.616, 38.514, 38.211, 37.977, 37.894, 37.887, 37.848, 37.847, 37.828, 37.497, 36.662, 35.356, 34.323, 34.207, 34.899, 35.694, 35.893, 35.567, 35.484, 35.486, 35.146, 34.849, 34.878, 34.886, 34.554, 34.17, 33.952, 33.628, 33.251, 33.296, 33.514, 33.587, 33.537, 33.697, 34.128, 34.473, 34.594, 34.667, 34.546, 34.289, 34.308, 34.511, 34.532, 34.498, 34.641, 34.787, 34.442, 34.094, 34.08, 34.002, 34.089, 34.502, 34.834, 34.76, 34.809, 35.024, 35.285, 35.388, 35.268, 35.098, 34.884, 34.691, 34.489, 34.534, 34.799, 35.195, 35.453, 35.698, 36.105, 36.105, 35.741, 35.405, 35.395, 35.566, 35.558, 35.379, 35.201, 35.095, 35.009, 34.915, 34.986, 34.927, 34.798, 35.317, 35.769, 35.613, 49.479], [49.927, 50.575, 53.027, 54.094, 53.305, 52.087, 51.133, 51.219, 51.296, 50.846, 51.46, 52.858, 53.104, 52.729, 53.161, 53.586, 53.198, 53.227, 54.158, 52.142, 44.666, 38.613, 37.808, 37.421, 35.503, 32.732, 30.2, 26.882, 24.21, 22.014, 19.582, 16.718, 12.811, 7.156, 0.0, 5.994, 10.191, 12.786, 14.712, 16.738, 18.34, 19.538, 20.164, 20.887, 22.747, 25.193, 26.85, 27.445, 29.241, 32.268, 33.683, 33.794, 34.473, 35.761, 36.36, 36.684, 37.517, 38.358, 38.608, 38.681, 38.639, 38.37, 38.157, 38.083, 38.063, 38.019, 38.053, 38.075, 37.772, 36.968, 35.725, 34.735, 34.572, 35.144, 35.815, 35.958, 35.623, 35.543, 35.569, 35.248, 34.947, 34.966, 34.98, 34.682, 34.355, 34.174, 33.869, 33.51, 33.556, 33.762, 33.841, 33.807, 33.972, 34.371, 34.7, 34.833, 34.944, 34.922, 34.758, 34.782, 34.975, 35.003, 34.959, 35.088, 35.224, 34.885, 34.56, 34.567, 34.506, 34.582, 34.944, 35.244, 35.177, 35.218, 35