[[0.0, 5.671, 11.666, 14.44, 15.908, 18.284, 19.988, 20.431, 20.885, 21.531, 21.893, 22.83, 24.89, 27.282, 29.051, 30.028, 31.13, 32.707, 33.782, 34.443, 35.571, 37.291, 38.443, 38.632, 38.473, 38.383, 38.109, 37.457, 36.646, 36.313, 36.5, 36.771, 36.749, 36.626, 36.568, 36.502, 36.446, 36.289, 36.169, 36.185, 36.181, 35.99, 35.436, 34.761, 34.929, 34.946, 34.452, 34.618, 35.245, 34.896, 34.746, 35.343, 35.701, 35.694, 35.487, 35.482, 35.555, 35.397, 35.108, 34.853, 34.728, 34.868, 35.027, 35.068, 35.054, 34.943, 34.883, 35.115, 35.158, 34.918, 34.737, 34.651, 34.633, 34.55, 34.707, 34.874, 34.726, 34.543, 34.739, 34.807, 34.579, 34.555, 34.5, 34.476, 34.909, 35.938, 36.616, 36.93, 37.277, 37.841, 38.402, 38.427, 38.089, 37.859, 37.609, 36.999, 36.901, 37.078, 36.898, 36.571, 36.399, 36.621, 37.092, 37.069, 36.567, 36.225, 36.081, 36.006, 36.163, 36.373, 36.148, 36.255, 36.993, 37.17, 37.053, 37.321, 37.189, 36.841, 36.868, 36.602, 36.089, 35.85, 35.755, 35.797, 35.792, 35.84, 36.055, 36.318, 36.476, 36.368, 36.378, 36.584, 36.485, 36.262, 36.124, 36.045, 36.225, 36.324, 35.992, 35.988, 36.576, 36.63, 35.93, 35.158, 34.9, 35.0, 34.9, 34.841, 35.591, 36.543, 36.595, 36.192, 35.679, 35.438, 35.456, 35.569, 35.446, 35.337, 35.312, 35.245, 35.273, 35.426, 35.535, 35.527, 36.01, 36.815, 37.145, 37.199, 37.292, 37.187, 36.909, 36.832, 36.871, 36.934, 37.077, 37.289, 37.638, 37.949, 37.857, 37.821, 38.182, 38.428, 38.329, 38.216, 38.145, 37.722, 37.164, 36.978, 36.787, 36.345, 35.824, 35.496, 35.621, 35.893, 35.814, 35.764, 35.924, 35.534, 35.225, 35.344, 35.145, 34.753, 34.775, 35.218, 4.278], [5.671, 0.0, 6.738, 10.419, 12.615, 15.474, 17.379, 17.862, 18.375, 19.207, 19.762, 20.836, 23.147, 25.838, 27.781, 28.848, 30.052, 31.762, 32.92, 33.619, 34.804, 36.608, 37.833, 38.062, 37.92, 37.833, 37.55, 36.871, 36.027, 35.675, 35.871, 36.146, 36.112, 35.982, 35.922, 35.844, 35.777, 35.597, 35.455, 35.469, 35.473, 35.263, 34.654, 33.94, 34.123, 34.126, 33.613, 33.839, 34.534, 34.191, 34.051, 34.666, 35.017, 34.994, 34.749, 34.718, 34.781, 34.609, 34.305, 34.041, 33.899, 34.035, 34.219, 34.285, 34.279, 34.154, 34.089, 34.341, 34.379, 34.108, 33.906, 33.814, 33.807, 33.735, 33.89, 34.054, 33.902, 33.717, 33.947, 34.021, 33.726, 33.65, 33.605, 33.597, 34.11, 35.248, 35.952, 36.255, 36.626, 37.231, 37.816, 37.827, 37.459, 37.211, 36.951, 36.323, 36.243, 36.441, 36.247, 35.901, 35.728, 35.959, 36.436, 36.404, 35.871, 35.496, 35.335, 35.256, 35.426, 35.651, 35.436, 35.569, 36.334, 36.515, 36.393, 36.648, 36.488, 36.141, 36.192, 35.916, 35.384, 35.158, 35.069, 35.121, 35.108, 35.139, 35.377, 35.681, 35.854, 35.722, 35.719, 35.952, 35.876, 35.651, 35.508, 35.423, 35.599, 35.699, 35.362, 35.374, 35.985, 36.028, 35.279, 34.427, 34.116, 34.236, 34.129, 33.987, 34.789, 35.829, 35.876, 35.421, 34.861, 34.616, 34.633, 34.748, 34.613, 34.505, 34.476, 34.382, 34.421, 34.643, 34.778, 34.76, 35.297, 36.178, 36.533, 36.583, 36.676, 36.557, 36.25, 36.148, 36.181, 36.252, 36.398, 36.61, 36.982, 37.327, 37.244, 37.195, 37.565, 37.816, 37.706, 37.583, 37.507, 37.063, 36.472, 36.266, 36.043, 35.561, 34.993, 34.624, 34.756, 35.054, 34.967, 34.918, 35.103, 34.685, 34.345, 34.485, 34.316, 33.941, 33.976, 34.489, 8.208], [11.666, 6.738, 0.0, 4.998, 8.846, 12.683, 14.914, 15.587, 16.364, 17.503, 18.307, 19.521, 21.994, 24.89, 26.993, 28.161, 29.444, 31.248, 32.486, 33.226, 34.416, 36.236, 37.497, 37.767, 37.672, 37.613, 37.334, 36.653, 35.808, 35.452, 35.652, 35.926, 35.883, 35.753, 35.7, 35.608, 35.519, 35.326, 35.175, 35.2, 35.201, 34.96, 34.303, 33.574, 33.761, 33.752, 33.237, 33.504, 34.245, 33.913, 33.777, 34.386, 34.72, 34.686, 34.421, 34.39, 34.464, 34.289, 33.968, 33.7, 33.565, 33.707, 33.908, 34.001, 34.008, 33.875, 33.796, 34.045, 34.072, 33.778, 33.569, 33.48, 33.478, 33.399, 33.538, 33.689, 33.538, 33.364, 33.632, 33.714, 33.369, 33.258, 33.232, 33.229, 33.788, 34.976, 35.674, 35.949, 36.325, 36.956, 37.56, 37.569, 37.197, 36.958, 36.701, 36.066, 36.007, 36.226, 36.026, 35.667, 35.502, 35.744, 36.215, 36.168, 35.613, 35.221, 35.056, 34.979, 35.156, 35.395, 35.211, 35.382, 36.159, 36.345, 36.234, 36.474, 36.278, 35.917, 35.98, 35.686, 35.142, 34.954, 34.867, 34.906, 34.888, 34.917, 35.173, 35.503, 35.681, 35.516, 35.479, 35.717, 35.657, 35.436, 35.288, 35.185, 35.342, 35.441, 35.117, 35.149, 35.771, 35.819, 35.067, 34.18, 33.83, 33.959, 33.86, 33.671, 34.513, 35.603, 35.635, 35.155, 34.546, 34.27, 34.277, 34.404, 34.281, 34.185, 34.139, 34.005, 34.037, 34.314, 34.482, 34.457, 35.015, 35.953, 36.331, 36.379, 36.475, 36.354, 36.029, 35.908, 35.936, 36.01, 36.152, 36.353, 36.73, 37.085, 37.002, 36.935, 37.289, 37.522, 37.392, 37.262, 37.196, 36.758, 36.159, 35.943, 35.7, 35.201, 34.618, 34.241, 34.382, 34.687, 34.6, 34.562, 34.764, 34.333, 33.987, 34.155, 34.025, 33.684, 33.736, 34.292, 13.142], [14.44, 10.419, 4.998, 0.0, 5.408, 10.68, 13.61, 14.736, 15.925, 17.252, 18.05, 19.272, 21.777, 24.622, 26.711, 27.915, 29.193, 30.99, 32.266, 33.014, 34.165, 35.953, 37.222, 37.518, 37.453, 37.417, 37.156, 36.487, 35.659, 35.329, 35.553, 35.831, 35.788, 35.663, 35.625, 35.544, 35.457, 35.275, 35.138, 35.175, 35.16, 34.893, 34.245, 33.555, 33.754, 33.753, 33.244, 33.495, 34.222, 33.893, 33.767, 34.38, 34.701, 34.657, 34.383, 34.357, 34.443, 34.268, 33.941, 33.673, 33.552, 33.702, 33.905, 34.004, 34.007, 33.858, 33.757, 34.0, 34.025, 33.719, 33.507, 33.428, 33.435, 33.355, 33.48, 33.615, 33.451, 33.277, 33.562, 33.661, 33.302, 33.178, 33.166, 33.187, 33.775, 34.993, 35.705, 35.969, 36.329, 36.952, 37.567, 37.581, 37.202, 36.964, 36.699, 36.053, 36.011, 36.248, 36.048, 35.682, 35.518, 35.765, 36.234, 36.184, 35.621, 35.221, 35.053, 34.977, 35.161, 35.411, 35.233, 35.417, 36.203, 36.393, 36.307, 36.559, 36.348, 35.953, 35.997, 35.695, 35.153, 34.99, 34.904, 34.93, 34.91, 34.951, 35.211, 35.54, 35.714, 35.531, 35.473, 35.702, 35.634, 35.41, 35.259, 35.149, 35.297, 35.395, 35.085, 35.126, 35.748, 35.804, 35.058, 34.157, 33.797, 33.934, 33.825, 33.602, 34.447, 35.544, 35.569, 35.091, 34.456, 34.148, 34.154, 34.297, 34.196, 34.113, 34.054, 33.89, 33.899, 34.186, 34.376, 34.344, 34.877, 35.816, 36.209, 36.265, 36.371, 36.259, 35.936, 35.806, 35.824, 35.896, 36.043, 36.248, 36.622, 36.966, 36.882, 36.808, 37.139, 37.357, 37.221, 37.093, 37.037, 36.62, 36.047, 35.84, 35.59, 35.09, 34.512, 34.14, 34.289, 34.586, 34.49, 34.441, 34.636, 34.216, 33.899, 34.094, 33.964, 33.634, 33.697, 34.274, 15.615], [15.908, 12.615, 8.846, 5.408, 0.0, 6.461, 10.779, 12.841, 14.435, 15.873, 16.69, 18.027, 20.761, 23.769, 25.956, 27.238, 28.595, 30.501, 31.846, 32.63, 33.84, 35.671, 36.971, 37.269, 37.201, 37.178, 36.931, 36.256, 35.422, 35.119, 35.373, 35.653, 35.605, 35.479, 35.432, 35.346, 35.262, 35.081, 34.953, 35.002, 34.992, 34.728, 34.079, 33.377, 33.576, 33.602, 33.09, 33.302, 34.014, 33.68, 33.573, 34.244, 34.58, 34.534, 34.254, 34.22, 34.312, 34.146, 33.827, 33.558, 33.428, 33.582, 33.79, 33.871, 33.847, 33.672, 33.558, 33.823, 33.853, 33.526, 33.3, 33.217, 33.224, 33.158, 33.297, 33.419, 33.215, 32.991, 33.261, 33.375, 33.015, 32.884, 32.888, 32.944, 33.594, 34.886, 35.652, 35.927, 36.269, 36.876, 37.5, 37.516, 37.122, 36.877, 36.602, 35.948, 35.913, 36.159, 35.962, 35.594, 35.416, 35.651, 36.128, 36.083, 35.509, 35.094, 34.921, 34.843, 35.027, 35.279, 35.092, 35.279, 36.094, 36.301, 36.23, 36.505, 36.278, 35.828, 35.825, 35.5, 34.954, 34.79, 34.711, 34.739, 34.713, 34.773, 35.051, 35.38, 35.55, 35.367, 35.304, 35.518, 35.43, 35.19, 35.036, 34.934, 35.095, 35.2, 34.883, 34.92, 35.556, 35.609, 34.832, 33.894, 33.52, 33.665, 33.528, 33.259, 34.112, 35.243, 35.277, 34.8, 34.154, 33.822, 33.827, 33.982, 33.894, 33.819, 33.755, 33.568, 33.547, 33.829, 34.04, 34.007, 34.551, 35.513, 35.935, 36.021, 36.154, 36.063, 35.751, 35.621, 35.637, 35.715, 35.869, 36.081, 36.464, 36.817, 36.734, 36.664, 36.989, 37.215, 37.092, 36.973, 36.922, 36.509, 35.956, 35.778, 35.526, 34.976, 34.343, 33.955, 34.117, 34.4, 34.269, 34.192, 34.372, 33.935, 33.628, 33.832, 33.705, 33.388, 33.456, 34.049, 16.782], [18.284, 15.474, 12.683, 10.68, 6.461, 0.0, 5.689, 9.212, 11.55, 13.265, 14.271, 15.845, 18.963, 22.384, 24.839, 26.249, 27.747, 29.821, 31.242, 32.064, 33.4, 35.353, 36.735, 37.03, 36.941, 36.921, 36.676, 35.972, 35.103, 34.8, 35.069, 35.349, 35.292, 35.151, 35.074, 34.985, 34.915, 34.724, 34.595, 34.665, 34.68, 34.429, 33.747, 32.973, 33.148, 33.188, 32.649, 32.822, 33.545, 33.214, 33.122, 33.858, 34.217, 34.176, 33.894, 33.837, 33.913, 33.755, 33.45, 33.175, 33.012, 33.17, 33.405, 33.473, 33.427, 33.234, 33.125, 33.425, 33.459, 33.104, 32.856, 32.75, 32.735, 32.678, 32.848, 32.977, 32.735, 32.444, 32.679, 32.791, 32.42, 32.288, 32.316, 32.399, 33.133, 34.548, 35.384, 35.684, 36.047, 36.673, 37.31, 37.323, 36.921, 36.677, 36.398, 35.721, 35.682, 35.934, 35.735, 35.363, 35.171, 35.387, 35.866, 35.818, 35.216, 34.776, 34.597, 34.517, 34.702, 34.959, 34.773, 34.973, 35.831, 36.054, 35.959, 36.234, 35.975, 35.467, 35.416, 35.05, 34.497, 34.339, 34.272, 34.309, 34.273, 34.336, 34.631, 34.972, 35.144, 34.972, 34.928, 35.143, 35.032, 34.766, 34.594, 34.49, 34.671, 34.792, 34.451, 34.478, 35.146, 35.175, 34.331, 33.347, 32.95, 33.089, 32.941, 32.672, 33.625, 34.836, 34.867, 34.371, 33.693, 33.321, 33.313, 33.461, 33.37, 33.298, 33.223, 33.009, 32.97, 33.269, 33.505, 33.496, 34.131, 35.171, 35.63, 35.754, 35.94, 35.878, 35.568, 35.437, 35.465, 35.549, 35.687, 35.894, 36.316, 36.699, 36.608, 36.547, 36.898, 37.142, 37.028, 36.916, 36.863, 36.419, 35.816, 35.628, 35.378, 34.749, 34.016, 33.611, 33.799, 34.078, 33.911, 33.816, 33.996, 33.513, 33.168, 33.358, 33.241, 32.93, 32.986, 33.576, 18.769], [19.988, 17.379, 14.914, 13.61, 10.779, 5.689, 0.0, 4.821, 8.629, 11.121, 12.387, 14.157, 17.633, 21.435, 24.144, 25.683, 27.296, 29.44, 30.872, 31.676, 33.067, 35.122, 36.569, 36.856, 36.748, 36.723, 36.47, 35.744, 34.852, 34.536, 34.81, 35.099, 35.038, 34.88, 34.789, 34.716, 34.664, 34.467, 34.345, 34.443, 34.473, 34.204, 33.485, 32.656, 32.81, 32.823, 32.256, 32.441, 33.189, 32.87, 32.79, 33.545, 33.906, 33.87, 33.587, 33.508, 33.549, 33.382, 33.085, 32.807, 32.608, 32.756, 33.021, 33.102, 33.065, 32.89, 32.809, 33.14, 33.183, 32.819, 32.563, 32.447, 32.421, 32.364, 32.551, 32.703, 32.458, 32.137, 32.345, 32.427, 32.017, 31.88, 31.927, 32.009, 32.781, 34.278, 35.145, 35.457, 35.848, 36.509, 37.158, 37.173, 36.773, 36.527, 36.244, 35.545, 35.506, 35.775, 35.572, 35.193, 34.996, 35.216, 35.702, 35.645, 35.021, 34.565, 34.384, 34.306, 34.503, 34.773, 34.584, 34.778, 35.659, 35.881, 35.753, 36.017, 35.723, 35.173, 35.107, 34.724, 34.168, 34.007, 33.925, 33.964, 33.926, 33.97, 34.256, 34.613, 34.807, 34.655, 34.638, 34.867, 34.757, 34.476, 34.281, 34.164, 34.353, 34.483, 34.12, 34.139, 34.824, 34.826, 33.937, 32.949, 32.549, 32.685, 32.554, 32.326, 33.386, 34.649, 34.662, 34.129, 33.429, 33.042, 33.011, 33.137, 33.023, 32.942, 32.863, 32.645, 32.63, 32.967, 33.212, 33.223, 33.937, 35.037, 35.511, 35.653, 35.873, 35.822, 35.501, 35.365, 35.4, 35.482, 35.598, 35.798, 36.258, 36.67, 36.563, 36.497, 36.873, 37.132, 37.018, 36.902, 36.839, 36.352, 35.662, 35.434, 35.189, 34.525, 33.751, 33.35, 33.558, 33.837, 33.644, 33.536, 33.731, 33.228, 32.859, 33.043, 32.931, 32.619, 32.659, 33.232, 20.319], [20.431, 17.862, 15.587, 14.736, 12.841, 9.212, 4.821, 0.0, 5.118, 8.845, 10.704, 12.596, 16.392, 20.633, 23.619, 25.284, 26.992, 29.207, 30.653, 31.465, 32.911, 35.02, 36.478, 36.761, 36.641, 36.602, 36.339, 35.608, 34.711, 34.385, 34.656, 34.949, 34.89, 34.736, 34.653, 34.582, 34.523, 34.325, 34.213, 34.321, 34.345, 34.058, 33.333, 32.485, 32.625, 32.615, 32.051, 32.282, 33.062, 32.741, 32.658, 33.411, 33.774, 33.743, 33.46, 33.375, 33.404, 33.234, 32.938, 32.664, 32.452, 32.591, 32.872, 32.973, 32.957, 32.804, 32.749, 33.099, 33.151, 32.79, 32.532, 32.413, 32.382, 32.312, 32.494, 32.656, 32.417, 32.092, 32.29, 32.351, 31.92, 31.782, 31.827, 31.882, 32.641, 34.133, 34.983, 35.285, 35.682, 36.361, 37.02, 37.036, 36.635, 36.39, 36.114, 35.426, 35.411, 35.698, 35.495, 35.114, 34.92, 35.15, 35.64, 35.58, 34.955, 34.501, 34.32, 34.245, 34.452, 34.735, 34.538, 34.696, 35.576, 35.801, 35.658, 35.901, 35.581, 35.009, 34.946, 34.568, 34.015, 33.833, 33.717, 33.753, 33.717, 33.736, 34.004, 34.372, 34.585, 34.447, 34.447, 34.698, 34.611, 34.344, 34.152, 34.034, 34.227, 34.357, 33.981, 33.992, 34.672, 34.659, 33.765, 32.801, 32.412, 32.542, 32.441, 32.259, 33.347, 34.611, 34.607, 34.047, 33.357, 32.993, 32.95, 33.055, 32.914, 32.817, 32.742, 32.547, 32.571, 32.921, 33.144, 33.168, 33.916, 35.027, 35.486, 35.621, 35.841, 35.782, 35.456, 35.321, 35.353, 35.426, 35.535, 35.731, 36.201, 36.637, 36.535, 36.468, 36.86, 37.127, 37.011, 36.894, 36.825, 36.302, 35.537, 35.283, 35.049, 34.38, 33.607, 33.224, 33.438, 33.704, 33.492, 33.384, 33.598, 33.102, 32.743, 32.934, 32.816, 32.492, 32.519, 33.065, 20.74], [20.885, 18.375, 16.364, 15.925, 14.435, 11.55, 8.629, 5.118, 0.0, 4.926, 8.212, 10.493, 14.373, 19.062, 22.445, 24.29, 26.127, 28.498, 30.021, 30.941, 32.589, 34.785, 36.25, 36.547, 36.445, 36.411, 36.157, 35.431, 34.523, 34.191, 34.464, 34.759, 34.702, 34.559, 34.484, 34.403, 34.333, 34.137, 34.03, 34.152, 34.186, 33.906, 33.189, 32.326, 32.454, 32.443, 31.888, 32.149, 32.961, 32.616, 32.508, 33.28, 33.657, 33.632, 33.341, 33.246, 33.269, 33.099, 32.804, 32.527, 32.309, 32.45, 32.748, 32.86, 32.843, 32.69, 32.638, 32.988, 33.035, 32.671, 32.409, 32.288, 32.246, 32.154, 32.324, 32.487, 32.249, 31.919, 32.112, 32.174, 31.755, 31.638, 31.67, 31.699, 32.43, 33.884, 34.717, 35.03, 35.442, 36.137, 36.814, 36.83, 36.43, 36.197, 35.931, 35.258, 35.263, 35.554, 35.348, 34.969, 34.778, 35.011, 35.507, 35.454, 34.83, 34.37, 34.181, 34.102, 34.309, 34.598, 34.405, 34.554, 35.443, 35.678, 35.531, 35.76, 35.416, 34.833, 34.771, 34.387, 33.834, 33.649, 33.53, 33.582, 33.553, 33.569, 33.838, 34.215, 34.437, 34.304, 34.314, 34.582, 34.499, 34.236, 34.057, 33.941, 34.124, 34.252, 33.879, 33.888, 34.559, 34.535, 33.628, 32.642, 32.222, 32.347, 32.262, 32.088, 33.19, 34.475, 34.46, 33.89, 33.224, 32.868, 32.812, 32.908, 32.755, 32.645, 32.566, 32.375, 32.41, 32.757, 32.972, 33.005, 33.762, 34.872, 35.313, 35.439, 35.663, 35.604, 35.284, 35.158, 35.188, 35.257, 35.373, 35.577, 36.061, 36.519, 36.427, 36.365, 36.764, 37.037, 36.922, 36.809, 36.738, 36.195, 35.391, 35.12, 34.886, 34.217, 33.455, 33.083, 33.302, 33.569, 33.361, 33.262, 33.487, 32.972, 32.59, 32.773, 32.645, 32.304, 32.318, 32.862, 21.148], [21.531, 19.207, 17.503, 17.252, 15.873, 13.265, 11.121, 8.845, 4.926, 0.0, 4.827, 8.647, 12.943, 17.528, 21.025, 23.067, 25.048, 27.567, 29.201, 30.228, 32.063, 34.369, 35.859, 36.175, 36.1, 36.094, 35.86, 35.136, 34.214, 33.879, 34.164, 34.471, 34.416, 34.266, 34.205, 34.168, 34.124, 33.921, 33.817, 33.973, 34.023, 33.745, 33.016, 32.133, 32.267, 32.266, 31.714, 31.978, 32.801, 32.437, 32.326, 33.126, 33.519, 33.505, 33.223, 33.12, 33.125, 32.945, 32.657, 32.383, 32.158, 32.29, 32.593, 32.706, 32.672, 32.497, 32.427, 32.759, 32.795, 32.426, 32.16, 32.031, 31.978, 31.882, 32.069, 32.238, 31.989, 31.64, 31.832, 31.916, 31.531, 31.443, 31.457, 31.455, 32.19, 33.672, 34.531, 34.86, 35.27, 35.978, 36.686, 36.713, 36.304, 36.074, 35.803, 35.117, 35.128, 35.425, 35.215, 34.835, 34.651, 34.896, 35.414, 35.37, 34.729, 34.245, 34.043, 33.963, 34.175, 34.472, 34.289, 34.456, 35.373, 35.623, 35.48, 35.714, 35.352, 34.742, 34.654, 34.246, 33.69, 33.505, 33.384, 33.447, 33.425, 33.448, 33.718, 34.091, 34.311, 34.174, 34.191, 34.471, 34.372, 34.1, 33.925, 33.804, 33.982, 34.112, 33.741, 33.746, 34.415, 34.383, 33.453, 32.429, 31.981, 32.111, 32.037, 31.872, 33.005, 34.326, 34.319, 33.757, 33.095, 32.727, 32.663, 32.757, 32.6, 32.482, 32.388, 32.175, 32.188, 32.535, 32.772, 32.81, 33.559, 34.669, 35.111, 35.235, 35.459, 35.414, 35.109, 34.987, 35.018, 35.094, 35.218, 35.424, 35.918, 36.388, 36.301, 36.24, 36.633, 36.909, 36.8, 36.692, 36.62, 36.07, 35.257, 34.979, 34.727, 34.036, 33.282, 32.921, 33.147, 33.425, 33.227, 33.112, 33.32, 32.79, 32.392, 32.571, 32.447, 32.114, 32.142, 32.714, 21.721], [21.893, 19.762, 18.307, 18.05, 16.69, 14.271, 12.387, 10.704, 8.212, 4.827, 0.0, 5.919, 12.102, 16.923, 20.199, 22.196, 24.244, 26.843, 28.583, 29.697, 31.56, 33.858, 35.349, 35.661, 35.593, 35.606, 35.384, 34.661, 33.735, 33.396, 33.683, 34.001, 33.951, 33.783, 33.722, 33.741, 33.746, 33.561, 33.475, 33.648, 33.706, 33.436, 32.714, 31.804, 31.922, 31.928, 31.385, 31.647, 32.465, 32.095, 32.017, 32.851, 33.256, 33.254, 32.985, 32.881, 32.877, 32.686, 32.395, 32.127, 31.898, 32.01, 32.301, 32.415, 32.372, 32.171, 32.069, 32.385, 32.413, 32.033, 31.759, 31.623, 31.568, 31.479, 31.685, 31.863, 31.599, 31.236, 31.447, 31.562, 31.191, 31.105, 31.098, 31.074, 31.845, 33.422, 34.336, 34.675, 35.088, 35.819, 36.55, 36.567, 36.135, 35.902, 35.619, 34.9, 34.916, 35.232, 35.013, 34.627, 34.465, 34.74, 35.279, 35.241, 34.581, 34.069, 33.852, 33.772, 34.002, 34.317, 34.114, 34.265, 35.199, 35.456, 35.318, 35.576, 35.216, 34.571, 34.442, 34.013, 33.461, 33.278, 33.145, 33.198, 33.179, 33.215, 33.486, 33.847, 34.063, 33.936, 33.974, 34.267, 34.159, 33.875, 33.69, 33.563, 33.746, 33.877, 33.496, 33.498, 34.173, 34.124, 33.16, 32.114, 31.667, 31.805, 31.738, 31.554, 32.682, 34.023, 34.028, 33.458, 32.781, 32.41, 32.355, 32.448, 32.284, 32.166, 32.071, 31.841, 31.817, 32.15, 32.411, 32.447, 33.162, 34.256, 34.716, 34.854, 35.076, 35.037, 34.738, 34.613, 34.64, 34.727, 34.869, 35.082, 35.579, 36.048, 35.966, 35.909, 36.299, 36.575, 36.467, 36.359, 36.291, 35.742, 34.929, 34.657, 34.388, 33.666, 32.903, 32.552, 32.8, 33.092, 32.876, 32.724, 32.913, 32.388, 32.003, 32.185, 32.051, 31.731, 31.784, 32.385, 22.067], [22.83, 20.836, 19.521, 19.272, 18.027, 15.845, 14.157, 12.596, 10.493, 8.647, 5.919, 0.0, 8.265, 14.9, 18.808, 20.742, 22.767, 25.564, 27.512, 28.836, 30.91, 33.278, 34.814, 35.162, 35.134, 35.171, 34.961, 34.259, 33.344, 33.003, 33.289, 33.608, 33.565, 33.413, 33.349, 33.351, 33.368, 33.248, 33.244, 33.443, 33.485, 33.221, 32.535, 31.614, 31.694, 31.684, 31.109, 31.345, 32.172, 31.781, 31.694, 32.56, 32.999, 33.001, 32.715, 32.604, 32.605, 32.403, 32.089, 31.819, 31.601, 31.713, 32.015, 32.149, 32.116, 31.901, 31.787, 32.113, 32.13, 31.709, 31.416, 31.283, 31.226, 31.137, 31.343, 31.521, 31.268, 30.932, 31.186, 31.312, 30.898, 30.778, 30.758, 30.729, 31.512, 33.131, 34.062, 34.423, 34.885, 35.65, 36.387, 36.384, 35.945, 35.711, 35.419, 34.678, 34.698, 35.021, 34.795, 34.407, 34.262, 34.556, 35.105, 35.067, 34.398, 33.874, 33.65, 33.568, 33.806, 34.137, 33.926, 34.047, 34.973, 35.238, 35.102, 35.362, 35.015, 34.38, 34.233, 33.783, 33.247, 33.103, 32.974, 33.016, 33.006, 33.058, 33.324, 33.67, 33.874, 33.741, 33.775, 34.063, 33.948, 33.649, 33.458, 33.331, 33.518, 33.657, 33.273, 33.27, 33.947, 33.899, 32.907, 31.823, 31.344, 31.475, 31.404, 31.196, 32.339, 33.726, 33.744, 33.15, 32.453, 32.088, 32.041, 32.127, 31.949, 31.828, 31.739, 31.509, 31.47, 31.809, 32.09, 32.105, 32.797, 33.906, 34.389, 34.546, 34.764, 34.702, 34.393, 34.266, 34.29, 34.374, 34.526, 34.76, 35.278, 35.756, 35.68, 35.634, 36.04, 36.324, 36.219, 36.113, 36.043, 35.484, 34.665, 34.414, 34.161, 33.422, 32.633, 32.278, 32.554, 32.87, 32.653, 32.491, 32.677, 32.14, 31.749, 31.927, 31.771, 31.425, 31.464, 32.093, 22.969], [24.89, 23.147, 21.994, 21.777, 20.761, 18.963, 17.633, 16.392, 14.373, 12.943, 12.102, 8.265, 0.0, 8.899, 14.856, 17.605, 19.821, 23.038, 25.397, 27.061, 29.679, 32.395, 34.077, 34.518, 34.593, 34.711, 34.541, 33.868, 33.005, 32.711, 33.011, 33.335, 33.305, 33.198, 33.203, 33.235, 33.247, 33.198, 33.379, 33.724, 33.75, 33.411, 32.746, 31.902, 31.977, 31.936, 31.31, 31.48, 32.29, 31.872, 31.728, 32.608, 33.09, 33.094, 32.795, 32.689, 32.696, 32.505, 32.192, 31.914, 31.703, 31.836, 32.162, 32.301, 32.264, 32.07, 31.983, 32.323, 32.331, 31.876, 31.583, 31.476, 31.427, 31.36, 31.568, 31.732, 31.5, 31.197, 31.468, 31.587, 31.145, 30.997, 30.968, 30.924, 31.662, 33.214, 34.109, 34.468, 34.93, 35.678, 36.426, 36.467, 36.065, 35.842, 35.564, 34.848, 34.876, 35.2, 34.99, 34.614, 34.456, 34.741, 35.284, 35.243, 34.576, 34.059, 33.842, 33.754, 33.967, 34.288, 34.1, 34.222, 35.146, 35.436, 35.296, 35.533, 35.204, 34.609, 34.465, 34.012, 33.497, 33.399, 33.271, 33.297, 33.284, 33.335, 33.572, 33.883, 34.067, 33.915, 33.916, 34.173, 34.039, 33.741, 33.567, 33.453, 33.631, 33.774, 33.411, 33.387, 34.012, 33.988, 33.045, 31.963, 31.445, 31.557, 31.51, 31.376, 32.547, 33.938, 33.967, 33.379, 32.703, 32.364, 32.318, 32.385, 32.193, 32.066, 31.983, 31.778, 31.752, 32.092, 32.362, 32.367, 33.057, 34.175, 34.653, 34.807, 35.031, 34.969, 34.66, 34.537, 34.558, 34.632, 34.773, 35.005, 35.524, 36.004, 35.923, 35.875, 36.28, 36.574, 36.483, 36.387, 36.308, 35.742, 34.927, 34.698, 34.488, 33.76, 32.96, 32.625, 32.916, 33.222, 33.025, 32.884, 33.058, 32.515, 32.128, 32.311, 32.165, 31.834, 31.867, 32.529, 24.93], [27.282, 25.838, 24.89, 24.622, 23.769, 22.384, 21.435, 20.633, 19.062, 17.528, 16.923, 14.9, 8.899, 0.0, 7.963, 12.773, 16.039, 19.89, 22.795, 24.844, 28.052, 31.255, 33.112, 33.649, 33.869, 34.1, 33.96, 33.326, 32.568, 32.363, 32.684, 33.023, 32.999, 32.908, 33.07, 33.332, 33.414, 33.339, 33.682, 34.253, 34.315, 33.897, 33.251, 32.576, 32.717, 32.661, 32.035, 32.14, 32.868, 32.463, 32.341, 33.194, 33.639, 33.62, 33.338, 33.247, 33.248, 33.069, 32.776, 32.502, 32.283, 32.408, 32.715, 32.832, 32.793, 32.632, 32.561, 32.875, 32.876, 32.44, 32.174, 32.084, 32.064, 32.077, 32.316, 32.461, 32.227, 31.923, 32.164, 32.274, 31.867, 31.734, 31.683, 31.601, 32.255, 33.724, 34.583, 34.92, 35.321, 36.006, 36.753, 36.836, 36.459, 36.248, 35.988, 35.315, 35.377, 35.729, 35.551, 35.195, 35.029, 35.287, 35.807, 35.769, 35.114, 34.611, 34.407, 34.312, 34.485, 34.782, 34.619, 34.729, 35.617, 35.937, 35.821, 36.045, 35.732, 35.167, 35.031, 34.6, 34.114, 34.057, 33.973, 34.014, 34.005, 34.023, 34.2, 34.472, 34.639, 34.462, 34.417, 34.636, 34.483, 34.205, 34.064, 33.972, 34.138, 34.268, 33.916, 33.861, 34.417, 34.413, 33.555, 32.54, 32.045, 32.15, 32.147, 32.115, 33.242, 34.539, 34.561, 34.0, 33.368, 33.091, 33.059, 33.106, 32.91, 32.79, 32.73, 32.569, 32.529, 32.799, 33.053, 33.086, 33.742, 34.789, 35.239, 35.394, 35.613, 35.562, 35.262, 35.133, 35.128, 35.184, 35.323, 35.54, 36.021, 36.465, 36.37, 36.305, 36.687, 36.964, 36.866, 36.775, 36.702, 36.155, 35.356, 35.133, 34.963, 34.269, 33.51, 33.208, 33.471, 33.719, 33.502, 33.363, 33.53, 33.047, 32.725, 32.914, 32.791, 32.51, 32.564, 33.214, 27.312], [29.051, 27.781, 26.993, 26.711, 25.956, 24.839, 24.144, 23.619, 22.445, 21.025, 20.199, 18.808, 14.856, 7.963, 0.0, 6.778, 12.087, 17.048, 20.43, 22.886, 26.656, 30.301, 32.351, 32.989, 33.308, 33.599, 33.469, 32.884, 32.223, 32.088, 32.42, 32.757, 32.729, 32.634, 32.907, 33.411, 33.639, 33.537, 33.886, 34.62, 34.845, 34.492, 33.855, 33.27, 33.454, 33.386, 32.787, 32.888, 33.576, 33.201, 33.092, 33.867, 34.265, 34.241, 33.967, 33.869, 33.874, 33.71, 33.416, 33.142, 32.93, 33.048, 33.318, 33.429, 33.407, 33.267, 33.186, 33.46, 33.46, 33.045, 32.791, 32.699, 32.686, 32.737, 32.995, 33.136, 32.898, 32.587, 32.801, 32.891, 32.501, 32.39, 32.325, 32.203, 32.804, 34.25, 35.106, 35.431, 35.8, 36.426, 37.124, 37.2, 36.832, 36.638, 36.393, 35.742, 35.834, 36.22, 36.062, 35.717, 35.563, 35.816, 36.307, 36.267, 35.625, 35.14, 34.958, 34.86, 35.0, 35.287, 35.159, 35.256, 36.096, 36.427, 36.342, 36.553, 36.26, 35.735, 35.587, 35.153, 34.695, 34.672, 34.638, 34.699, 34.699, 34.706, 34.864, 35.131, 35.288, 35.102, 35.052, 35.262, 35.116, 34.85, 34.72, 34.635, 34.788, 34.904, 34.563, 34.492, 35.003, 34.995, 34.166, 33.2, 32.751, 32.872, 32.878, 32.832, 33.875, 35.113, 35.136, 34.573, 33.955, 33.729, 33.715, 33.745, 33.538, 33.42, 33.387, 33.27, 33.236, 33.444, 33.67, 33.733, 34.376, 35.365, 35.8, 35.953, 36.143, 36.071, 35.765, 35.635, 35.61, 35.652, 35.797, 36.01, 36.469, 36.881, 36.762, 36.692, 37.095, 37.357, 37.246, 37.163, 37.102, 36.575, 35.784, 35.556, 35.396, 34.722, 33.989, 33.682, 33.913, 34.121, 33.862, 33.713, 33.88, 33.424, 33.133, 33.358, 33.294, 33.02, 33.056, 33.669, 29.119], [30.028, 28.848, 28.161, 27.915, 27.238, 26.249, 25.683, 25.284, 24.29, 23.067, 22.196, 20.742, 17.605, 12.773, 6.778, 0.0, 7.227, 14.155, 18.233, 20.867, 25.14, 29.241, 31.531, 32.296, 32.693, 33.019, 32.9, 32.339, 31.716, 31.608, 31.944, 32.271, 32.24, 32.151, 32.458, 33.076, 33.462, 33.442, 33.778, 34.561, 34.945, 34.73, 34.138, 33.555, 33.73, 33.661, 33.085, 33.203, 33.908, 33.553, 33.417, 34.131, 34.522, 34.518, 34.239, 34.126, 34.146, 34.002, 33.711, 33.433, 33.231, 33.36, 33.632, 33.752, 33.737, 33.585, 33.468, 33.708, 33.696, 33.263, 32.99, 32.879, 32.84, 32.864, 33.109, 33.255, 33.015, 32.7, 32.919, 33.001, 32.587, 32.467, 32.394, 32.271, 32.893, 34.363, 35.237, 35.573, 35.96, 36.575, 37.243, 37.297, 36.923, 36.74, 36.502, 35.849, 35.932, 36.323, 36.176, 35.835, 35.688, 35.946, 36.427, 36.375, 35.723, 35.243, 35.076, 34.986, 35.117, 35.409, 35.316, 35.44, 36.289, 36.614, 36.524, 36.734, 36.46, 35.969, 35.836, 35.397, 34.939, 34.94, 34.916, 34.966, 34.968, 34.978, 35.132, 35.394, 35.54, 35.36, 35.323, 35.527, 35.387, 35.126, 34.993, 34.908, 35.059, 35.172, 34.837, 34.769, 35.271, 35.249, 34.4, 33.432, 33.004, 33.138, 33.147, 33.08, 34.108, 35.363, 35.389, 34.798, 34.156, 33.93, 33.918, 33.939, 33.717, 33.587, 33.563, 33.463, 33.447, 33.633, 33.816, 33.874, 34.542, 35.547, 35.989, 36.127, 36.283, 36.183, 35.871, 35.739, 35.714, 35.767, 35.927, 36.151, 36.62, 37.03, 36.902, 36.857, 37.302, 37.575, 37.475, 37.404, 37.345, 36.816, 36.011, 35.756, 35.585, 34.922, 34.187, 33.848, 34.062, 34.273, 34.009, 33.86, 34.03, 33.559, 33.253, 33.493, 33.456, 33.163, 33.17, 33.768, 30.094], [31.13, 30.052, 29.444, 29.193, 28.595, 27.747, 27.296, 26.992, 26.127, 25.048, 24.244, 22.767, 19.821, 16.039, 12.087, 7.227, 0.0, 8.819, 14.616, 17.912, 22.589, 27.145, 29.721, 30.693, 31.274, 31.71, 31.641, 31.123, 30.574, 30.538, 30.906, 31.253, 31.235, 31.167, 31.542, 32.295, 32.849, 32.985, 33.411, 34.242, 34.714, 34.641, 34.189, 33.692, 33.868, 33.818, 33.286, 33.399, 34.102, 33.776, 33.612, 34.282, 34.67, 34.659, 34.365, 34.242, 34.271, 34.135, 33.851, 33.569, 33.349, 33.472, 33.756, 33.869, 33.844, 33.683, 33.536, 33.745, 33.709, 33.245, 32.947, 32.826, 32.777, 32.77, 32.989, 33.138, 32.905, 32.595, 32.843, 32.948, 32.535, 32.412, 32.326, 32.18, 32.811, 34.339, 35.261, 35.609, 36.012, 36.643, 37.32, 37.369, 36.971, 36.758, 36.505, 35.865, 35.96, 36.349, 36.2, 35.859, 35.71, 35.951, 36.411, 36.35, 35.69, 35.204, 35.034, 34.945, 35.089, 35.412, 35.344, 35.476, 36.334, 36.659, 36.56, 36.77, 36.509, 36.033, 35.936, 35.516, 35.038, 35.043, 35.036, 35.083, 35.087, 35.08, 35.194, 35.42, 35.555, 35.373, 35.327, 35.516, 35.38, 35.132, 34.999, 34.913, 35.072, 35.188, 34.85, 34.776, 35.276, 35.258, 34.418, 33.463, 33.037, 33.148, 33.16, 33.125, 34.141, 35.379, 35.409, 34.828, 34.156, 33.891, 33.866, 33.89, 33.695, 33.598, 33.597, 33.461, 33.367, 33.514, 33.687, 33.738, 34.424, 35.483, 35.965, 36.103, 36.246, 36.14, 35.822, 35.672, 35.644, 35.719, 35.903, 36.145, 36.618, 37.017, 36.883, 36.852, 37.308, 37.589, 37.501, 37.434, 37.376, 36.851, 36.044, 35.783, 35.614, 34.985, 34.284, 33.937, 34.123, 34.331, 34.11, 34.006, 34.184, 33.719, 33.432, 33.663, 33.595, 33.276, 33.291, 33.918, 31.208], [32.707, 31.762, 31.248, 30.99, 30.501, 29.821, 29.44, 29.207, 28.498, 27.567, 26.843, 25.564, 23.038, 19.89, 17.048, 14.155, 8.819, 0.0, 8.083, 13.987, 19.583, 24.169, 26.847, 28.122, 29.01, 29.622, 29.698, 29.346, 28.996, 29.132, 29.601, 30.005, 30.019, 29.976, 30.441, 31.38, 32.116, 32.394, 32.954, 33.899, 34.458, 34.534, 34.317, 34.044, 34.257, 34.221, 33.767, 33.899, 34.566, 34.283, 34.142, 34.757, 35.087, 35.036, 34.737, 34.611, 34.631, 34.494, 34.217, 33.942, 33.7, 33.774, 34.017, 34.104, 34.072, 33.906, 33.743, 33.926, 33.886, 33.431, 33.144, 33.05, 33.03, 33.029, 33.241, 33.396, 33.174, 32.877, 33.138, 33.27, 32.882, 32.769, 32.683, 32.503, 33.134, 34.73, 35.685, 36.034, 36.445, 37.086, 37.76, 37.805, 37.397, 37.143, 36.862, 36.254, 36.409, 36.802, 36.632, 36.285, 36.131, 36.323, 36.737, 36.686, 36.054, 35.566, 35.363, 35.252, 35.407, 35.74, 35.627, 35.674, 36.463, 36.775, 36.686, 36.89, 36.628, 36.146, 36.055, 35.669, 35.208, 35.224, 35.273, 35.371, 35.38, 35.344, 35.418, 35.613, 35.733, 35.548, 35.489, 35.669, 35.554, 35.329, 35.206, 35.129, 35.289, 35.403, 35.073, 35.004, 35.498, 35.489, 34.688, 33.773, 33.35, 33.434, 33.424, 33.371, 34.3, 35.458, 35.474, 34.925, 34.275, 34.013, 33.981, 34.004, 33.872, 33.855, 33.88, 33.69, 33.464, 33.534, 33.734, 33.785, 34.395, 35.4, 35.88, 36.04, 36.235, 36.184, 35.881, 35.712, 35.679, 35.779, 36.002, 36.264, 36.714, 37.076, 36.929, 36.87, 37.289, 37.548, 37.463, 37.397, 37.345, 36.857, 36.117, 35.905, 35.743, 35.147, 34.536, 34.232, 34.382, 34.543, 34.367, 34.338, 34.528, 34.109, 33.874, 34.097, 33.998, 33.676, 33.728, 34.38, 32.825], [33.782, 32.92, 32.486, 32.266, 31.846, 31.242, 30.872, 30.653, 30.021, 29.201, 28.583, 27.512, 25.397, 22.795, 20.43, 18.233, 14.616, 8.083, 0.0, 8.965, 16.955, 22.095, 24.717, 26.092, 27.191, 27.903, 28.077, 27.875, 27.672, 27.949, 28.536, 28.989, 29.014, 29.01, 29.562, 30.659, 31.543, 31.885, 32.509, 33.579, 34.253, 34.402, 34.279, 34.158, 34.469, 34.456, 34.016, 34.138, 34.791, 34.541, 34.428, 35.009, 35.281, 35.201, 34.902, 34.76, 34.755, 34.617, 34.348, 34.076, 33.811, 33.848, 34.06, 34.14, 34.116, 33.942, 33.757, 33.931, 33.907, 33.464, 33.198, 33.138, 33.145, 33.176, 33.427, 33.599, 33.363, 33.05, 33.301, 33.427, 33.002, 32.847, 32.766, 32.626, 33.336, 34.968, 35.897, 36.253, 36.683, 37.296, 37.931, 37.961, 37.562, 37.301, 37.01, 36.412, 36.59, 36.985, 36.805, 36.445, 36.282, 36.474, 36.899, 36.866, 36.241, 35.741, 35.513, 35.382, 35.529, 35.836, 35.688, 35.708, 36.447, 36.721, 36.641, 36.851, 36.582, 36.107, 36.012, 35.624, 35.193, 35.247, 35.354, 35.497, 35.512, 35.464, 35.551, 35.771, 35.886, 35.697, 35.648, 35.836, 35.72, 35.506, 35.412, 35.351, 35.484, 35.589, 35.281, 35.227, 35.702, 35.681, 34.864, 33.939, 33.512, 33.606, 33.581, 33.491, 34.395, 35.529, 35.525, 34.966, 34.345, 34.133, 34.123, 34.135, 34.001, 33.996, 34.021, 33.842, 33.636, 33.687, 33.88, 33.935, 34.499, 35.419, 35.843, 35.996, 36.221, 36.197, 35.903, 35.736, 35.702, 35.804, 36.027, 36.288, 36.744, 37.107, 36.958, 36.881, 37.287, 37.547, 37.477, 37.418, 37.362, 36.877, 36.16, 35.978, 35.808, 35.205, 34.627, 34.343, 34.482, 34.63, 34.466, 34.458, 34.638, 34.203, 33.972, 34.197, 34.117, 33.826, 33.895, 34.538, 33.887], [34.443, 33.619, 33.226, 33.014, 32.63, 32.064, 31.676, 31.465, 30.941, 30.228, 29.697, 28.836, 27.061, 24.844, 22.886, 20.867, 17.912, 13.987, 8.965, 0.0, 10.979, 18.783, 22.296, 23.732, 24.905, 25.675, 25.833, 25.65, 25.515, 25.912, 26.642, 27.164, 27.174, 27.215, 27.985, 29.363, 30.417, 30.856, 31.577, 32.776, 33.579, 33.816, 33.703, 33.573, 33.971, 34.017, 33.561, 33.63, 34.302, 34.072, 33.973, 34.604, 34.89, 34.791, 34.489, 34.353, 34.34, 34.188, 33.922, 33.618, 33.268, 33.28, 33.541, 33.654, 33.626, 33.4, 33.143, 33.297, 33.27, 32.806, 32.528, 32.483, 32.512, 32.579, 32.899, 33.097, 32.819, 32.466, 32.731, 32.859, 32.324, 32.049, 31.958, 31.922, 32.812, 34.521, 35.429, 35.807, 36.274, 36.865, 37.478, 37.496, 37.063, 36.765, 36.465, 35.871, 36.036, 36.411, 36.222, 35.836, 35.649, 35.872, 36.345, 36.317, 35.663, 35.147, 34.92, 34.792, 34.944, 35.26, 35.169, 35.268, 36.027, 36.305, 36.26, 36.513, 36.251, 35.779, 35.676, 35.235, 34.777, 34.88, 35.046, 35.201, 35.192, 35.094, 35.159, 35.4, 35.521, 35.307, 35.26, 35.482, 35.375, 35.147, 35.049, 34.968, 35.079, 35.189, 34.868, 34.795, 35.287, 35.255, 34.35, 33.347, 32.91, 33.02, 33.003, 33.0, 34.101, 35.362, 35.375, 34.733, 34.014, 33.786, 33.8, 33.812, 33.632, 33.591, 33.611, 33.486, 33.398, 33.507, 33.668, 33.745, 34.441, 35.434, 35.84, 35.964, 36.182, 36.142, 35.811, 35.627, 35.605, 35.7, 35.847, 36.032, 36.51, 36.94, 36.799, 36.693, 37.096, 37.395, 37.354, 37.297, 37.21, 36.638, 35.809, 35.587, 35.411, 34.758, 34.129, 33.84, 34.012, 34.216, 34.052, 34.013, 34.165, 33.665, 33.38, 33.576, 33.492, 33.188, 33.246, 33.911, 34.493], [35.571, 34.804, 34.416, 34.165, 33.84, 33.4, 33.067, 32.911, 32.589, 32.063, 31.56, 30.91, 29.679, 28.052, 26.656, 25.14, 22.589, 19.583, 16.955, 10.979, 0.0, 10.804, 16.406, 18.613, 20.034, 20.996, 21.326, 21.41, 21.721, 22.502, 23.439, 24.085, 24.127, 24.223, 25.33, 27.18, 28.53, 29.212, 30.167, 31.551, 32.599, 33.166, 33.385, 33.42, 33.821, 33.965, 33.739, 33.844, 34.462, 34.285, 34.252, 34.893, 35.154, 35.062, 34.834, 34.787, 34.821, 34.676, 34.418, 34.126, 33.744, 33.707, 33.973, 34.108, 34.077, 33.804, 33.492, 33.613, 33.566, 33.126, 32.869, 32.817, 32.861, 32.935, 33.236, 33.413, 33.118, 32.761, 33.035, 33.212, 32.7, 32.364, 32.276, 32.312, 33.292, 35.034, 35.906, 36.229, 36.664, 37.201, 37.759, 37.741, 37.265, 36.9, 36.594, 36.081, 36.231, 36.52, 36.308, 35.932, 35.746, 35.938, 36.373, 36.352, 35.758, 35.272, 35.011, 34.878, 35.063, 35.361, 35.214, 35.284, 35.985, 36.2, 36.145, 36.43, 36.207, 35.754, 35.665, 35.248, 34.795, 34.921, 35.146, 35.32, 35.27, 35.122, 35.17, 35.41, 35.526, 35.301, 35.23, 35.458, 35.388, 35.163, 35.042, 34.942, 35.048, 35.156, 34.836, 34.778, 35.291, 35.264, 34.368, 33.393, 32.972, 33.074, 33.049, 33.036, 34.12, 35.401, 35.451, 34.818, 34.064, 33.82, 33.818, 33.835, 33.71, 33.716, 33.736, 33.62, 33.587, 33.73, 33.901, 34.019, 34.731, 35.684, 36.075, 36.216, 36.445, 36.43, 36.115, 35.924, 35.91, 36.005, 36.077, 36.167, 36.601, 37.032, 36.9, 36.775, 37.151, 37.437, 37.406, 37.355, 37.264, 36.674, 35.857, 35.634, 35.436, 34.799, 34.234, 33.986, 34.188, 34.415, 34.251, 34.194, 34.332, 33.881, 33.604, 33.735, 33.605, 33.294, 33.356, 34.044, 35.603], [37.291, 36.608, 36.236, 35.953, 35.671, 35.353, 35.122, 35.02, 34.785, 34.369, 33.858, 33.278, 32.395, 31.255, 30.301, 29.241, 27.145, 24.169, 22.095, 18.783, 10.804, 0.0, 7.597, 11.834, 14.411, 15.894, 16.696, 17.505, 18.699, 20.039, 21.144, 21.884, 22.029, 22.202, 23.456, 25.6, 27.225, 28.127, 29.268, 30.767, 32.036, 32.992, 33.801, 34.352, 34.827, 35.011, 35.139, 35.432, 35.958, 35.813, 35.82, 36.367, 36.545, 36.473, 36.346, 36.362, 36.432, 36.321, 36.092, 35.866, 35.574, 35.554, 35.758, 35.863, 35.849, 35.606, 35.311, 35.397, 35.34, 34.957, 34.752, 34.729, 34.789, 34.82, 35.016, 35.152, 34.907, 34.607, 34.843, 35.061, 34.677, 34.378, 34.274, 34.294, 35.148, 36.697, 37.474, 37.73, 38.076, 38.496, 38.945, 38.912, 38.455, 38.057, 37.763, 37.361, 37.51, 37.709, 37.485, 37.167, 37.034, 37.166, 37.507, 37.519, 37.067, 36.649, 36.341, 36.177, 36.387, 36.64, 36.333, 36.283, 36.88, 36.989, 36.893, 37.159, 36.969, 36.573, 36.548, 36.24, 35.852, 35.993, 36.28, 36.486, 36.431, 36.307, 36.404, 36.647, 36.748, 36.538, 36.456, 36.661, 36.625, 36.44, 36.346, 36.275, 36.359, 36.444, 36.205, 36.2, 36.632, 36.595, 35.834, 34.963, 34.55, 34.654, 34.627, 34.47, 35.246, 36.333, 36.373, 35.852, 35.206, 34.987, 34.957, 34.965, 34.913, 34.977, 34.993, 34.868, 34.809, 34.922, 35.125, 35.249, 35.729, 36.435, 36.766, 36.945, 37.203, 37.248, 37.02, 36.875, 36.875, 36.992, 37.097, 37.2, 37.552, 37.857, 37.726, 37.637, 37.977, 38.198, 38.173, 38.149, 38.083, 37.595, 36.987, 36.853, 36.626, 36.095, 35.715, 35.541, 35.727, 35.915, 35.744, 35.683, 35.802, 35.447, 35.224, 35.308, 35.159, 34.89, 34.978, 35.636, 37.343], [38.443, 37.833, 37.497, 37.222, 36.971, 36.735, 36.569, 36.478, 36.25, 35.859, 35.349, 34.814, 34.077, 33.112, 32.351, 31.531, 29.721, 26.847, 24.717, 22.296, 16.406, 7.597, 0.0, 6.228, 10.807, 13.135, 14.266, 15.662, 17.491, 19.191, 20.462, 21.293, 21.524, 21.775, 23.057, 25.249, 26.975, 27.968, 29.138, 30.627, 31.932, 33.023, 34.166, 35.142, 35.801, 36.004, 36.264, 36.704, 37.213, 37.059, 37.033, 37.503, 37.652, 37.596, 37.51, 37.533, 37.609, 37.516, 37.304, 37.109, 36.887, 36.918, 37.08, 37.152, 37.145, 36.925, 36.634, 36.697, 36.649, 36.308, 36.143, 36.154, 36.233, 36.251, 36.392, 36.502, 36.296, 36.041, 36.244, 36.462, 36.125, 35.834, 35.722, 35.727, 36.484, 37.881, 38.584, 38.812, 39.104, 39.454, 39.856, 39.842, 39.421, 39.024, 38.745, 38.393, 38.536, 38.701, 38.48, 38.194, 38.101, 38.225, 38.524, 38.551, 38.172, 37.798, 37.476, 37.298, 37.509, 37.74, 37.385, 37.318, 37.869, 37.953, 37.88, 38.135, 37.935, 37.586, 37.624, 37.388, 37.028, 37.175, 37.497, 37.713, 37.668, 37.567, 37.689, 37.935, 38.025, 37.834, 37.751, 37.924, 37.891, 37.736, 37.675, 37.624, 37.675, 37.746, 37.572, 37.587, 37.943, 37.897, 37.211, 36.381, 35.975, 36.098, 36.063, 35.801, 36.373, 37.327, 37.349, 36.881, 36.301, 36.094, 36.054, 36.057, 36.021, 36.092, 36.103, 35.977, 35.898, 35.963, 36.156, 36.296, 36.659, 37.214, 37.503, 37.692, 37.944, 38.004, 37.829, 37.723, 37.734, 37.867, 38.031, 38.192, 38.508, 38.725, 38.597, 38.54, 38.862, 39.059, 39.041, 39.023, 38.966, 38.54, 38.046, 37.965, 37.729, 37.282, 37.021, 36.897, 37.067, 37.219, 37.041, 37.006, 37.125, 36.805, 36.588, 36.631, 36.468, 36.213, 36.291, 36.864, 38.509], [38.632, 38.062, 37.767, 37.518, 37.269, 37.03, 36.856, 36.761, 36.547, 36.175, 35.661, 35.162, 34.518, 33.649, 32.989, 32.296, 30.693, 28.122, 26.092, 23.732, 18.613, 11.834, 6.228, 0.0, 6.025, 9.579, 11.221, 12.906, 15.176, 17.262, 18.814, 19.839, 20.161, 20.456, 21.817, 24.163, 26.048, 27.144, 28.371, 29.904, 31.238, 32.377, 33.656, 34.843, 35.682, 35.967, 36.281, 36.771, 37.31, 37.14, 37.098, 37.573, 37.745, 37.71, 37.645, 37.679, 37.752, 37.655, 37.447, 37.254, 37.045, 37.094, 37.244, 37.297, 37.283, 37.068, 36.78, 36.843, 36.805, 36.475, 36.311, 36.331, 36.415, 36.428, 36.564, 36.674, 36.481, 36.242, 36.431, 36.639, 36.313, 36.025, 35.919, 35.918, 36.637, 37.97, 38.652, 38.883, 39.168, 39.534, 39.955, 39.955, 39.549, 39.171, 38.903, 38.544, 38.689, 38.862, 38.639, 38.354, 38.283, 38.43, 38.734, 38.761, 38.388, 38.023, 37.706, 37.524, 37.728, 37.957, 37.608, 37.571, 38.153, 38.259, 38.206, 38.491, 38.302, 37.943, 37.969, 37.737, 37.368, 37.472, 37.759, 37.959, 37.911, 37.815, 37.957, 38.22, 38.317, 38.149, 38.088, 38.253, 38.21, 38.056, 38.011, 37.969, 38.014, 38.083, 37.923, 37.933, 38.269, 38.223, 37.538, 36.697, 36.292, 36.427, 36.375, 36.049, 36.531, 37.435, 37.447, 37.009, 36.469, 36.265, 36.218, 36.227, 36.188, 36.251, 36.262, 36.13, 36.023, 36.04, 36.221, 36.392, 36.762, 37.285, 37.567, 37.771, 38.035, 38.109, 37.946, 37.851, 37.872, 38.022, 38.21, 38.387, 38.712, 38.937, 38.812, 38.748, 39.068, 39.266, 39.241, 39.214, 39.157, 38.734, 38.242, 38.164, 37.934, 37.504, 37.246, 37.119, 37.293, 37.441, 37.253, 37.219, 37.338, 37.027, 36.789, 36.799, 36.626, 36.371, 36.436, 36.967, 38.697], [38.473, 37.92, 37.672, 37.453, 37.201, 36.941, 36.748, 36.641, 36.445, 36.1, 35.593, 35.134, 34.593, 33.869, 33.308, 32.693, 31.274, 29.01, 27.191, 24.905, 20.034, 14.411, 10.807, 6.025, 0.0, 4.594, 7.349, 9.486, 12.103, 14.635, 16.551, 17.809, 18.222, 18.526, 19.95, 22.528, 24.649, 25.861, 27.164, 28.792, 30.209, 31.419, 32.786, 34.071, 35.028, 35.394, 35.775, 36.314, 36.884, 36.727, 36.762, 37.317, 37.502, 37.472, 37.426, 37.473, 37.533, 37.428, 37.228, 37.029, 36.809, 36.854, 36.999, 37.036, 37.015, 36.803, 36.532, 36.612, 36.581, 36.247, 36.071, 36.085, 36.178, 36.205, 36.364, 36.488, 36.292, 36.051, 36.242, 36.449, 36.126, 35.842, 35.74, 35.764, 36.48, 37.776, 38.455, 38.703, 39.008, 39.4, 39.835, 39.828, 39.41, 39.041, 38.78, 38.411, 38.556, 38.743, 38.52, 38.234, 38.169, 38.326, 38.638, 38.661, 38.273, 37.903, 37.591, 37.409, 37.604, 37.824, 37.472, 37.471, 38.101, 38.213, 38.155, 38.476, 38.296, 37.898, 37.894, 37.661, 37.291, 37.349, 37.587, 37.774, 37.713, 37.615, 37.771, 38.047, 38.148, 37.991, 37.95, 38.116, 38.06, 37.897, 37.854, 37.822, 37.88, 37.954, 37.791, 37.806, 38.165, 38.116, 37.398, 36.533, 36.124, 36.252, 36.174, 35.813, 36.26, 37.14, 37.154, 36.756, 36.248, 36.039, 35.995, 36.023, 35.992, 36.06, 36.07