[[0.0, 7.964, 15.78, 20.458, 22.159, 23.109, 24.206, 25.526, 26.887, 27.932, 28.553, 29.248, 30.222, 31.47, 32.696, 33.615, 33.929, 34.895, 35.757, 35.664, 35.081, 34.779, 34.942, 35.453, 36.175, 36.721, 36.91, 36.755, 37.033, 38.053, 38.661, 38.378, 38.213, 38.229, 38.136, 38.497, 38.514, 37.926, 37.503, 37.535, 37.792, 37.255, 35.967, 35.8, 36.228, 35.672, 34.976, 35.025, 35.419, 35.791, 35.662, 34.979, 34.561, 35.005, 35.771, 35.594, 35.146, 35.443, 35.314, 35.638, 36.55, 36.663, 36.61, 36.754, 35.873, 35.484, 36.052, 35.834, 34.838, 34.328, 34.004, 33.41, 33.401, 34.323, 34.84, 34.475, 34.395, 34.944, 35.453, 35.36, 35.363, 35.883, 36.159, 36.166, 36.734, 37.639, 38.023, 37.929, 37.703, 38.094, 38.686, 39.09, 39.995, 40.583, 39.619, 38.498, 38.139, 37.928, 37.822, 38.178, 38.486, 38.446, 38.28, 37.9, 37.627, 37.646, 37.854, 37.855, 37.318, 36.449, 37.025, 37.946, 37.798, 37.366, 38.087, 39.923, 41.412, 41.936, 41.859, 41.221, 41.502, 42.594, 42.838, 43.541, 45.086, 45.645, 44.82, 44.132, 44.184, 44.221, 43.905, 42.78, 40.965, 39.77, 38.383, 35.767, 33.694, 33.689, 33.953, 34.18, 34.906, 35.294, 35.186, 35.404, 35.949, 5.468], [7.964, 0.0, 9.259, 15.28, 17.567, 18.627, 20.019, 21.869, 23.602, 24.819, 25.579, 26.432, 27.585, 29.026, 30.374, 31.427, 31.982, 33.24, 34.256, 34.174, 33.6, 33.385, 33.701, 34.374, 35.188, 35.773, 36.069, 36.085, 36.493, 37.592, 38.181, 37.834, 37.644, 37.634, 37.514, 37.893, 37.907, 37.27, 36.81, 36.848, 37.134, 36.588, 35.21, 35.035, 35.506, 34.887, 34.102, 34.168, 34.64, 35.054, 34.926, 34.227, 33.781, 34.216, 35.018, 34.86, 34.419, 34.741, 34.624, 34.972, 35.928, 36.06, 36.003, 36.168, 35.283, 34.892, 35.474, 35.223, 34.178, 33.646, 33.293, 32.665, 32.707, 33.751, 34.326, 33.966, 33.9, 34.48, 35.02, 34.935, 34.953, 35.518, 35.809, 35.795, 36.391, 37.348, 37.732, 37.589, 37.318, 37.712, 38.329, 38.772, 39.729, 40.334, 39.338, 38.183, 37.828, 37.592, 37.431, 37.759, 38.072, 38.024, 37.847, 37.453, 37.167, 37.206, 37.494, 37.562, 36.991, 36.033, 36.606, 37.577, 37.434, 36.969, 37.707, 39.618, 41.17, 41.729, 41.641, 40.972, 41.269, 42.409, 42.659, 43.368, 44.946, 45.538, 44.713, 44.002, 44.048, 44.081, 43.759, 42.6, 40.702, 39.451, 38.01, 35.261, 33.078, 33.075, 33.34, 33.581, 34.341, 34.74, 34.622, 34.85, 35.43, 11.648], [15.78, 9.259, 0.0, 7.292, 10.783, 12.321, 14.315, 17.178, 19.57, 21.075, 22.098, 23.186, 24.588, 26.291, 27.732, 28.919, 29.868, 31.557, 32.785, 32.76, 32.235, 32.131, 32.649, 33.57, 34.524, 35.118, 35.499, 35.771, 36.385, 37.574, 38.155, 37.75, 37.529, 37.487, 37.345, 37.737, 37.768, 37.123, 36.643, 36.676, 36.961, 36.411, 34.986, 34.783, 35.243, 34.59, 33.783, 33.861, 34.342, 34.725, 34.582, 33.905, 33.479, 33.907, 34.719, 34.642, 34.31, 34.676, 34.581, 34.93, 35.881, 36.045, 35.997, 36.178, 35.346, 34.981, 35.527, 35.238, 34.232, 33.738, 33.377, 32.763, 32.86, 33.974, 34.579, 34.24, 34.186, 34.754, 35.291, 35.227, 35.279, 35.853, 36.122, 36.09, 36.712, 37.697, 38.051, 37.835, 37.501, 37.851, 38.421, 38.846, 39.803, 40.393, 39.375, 38.22, 37.898, 37.697, 37.511, 37.792, 38.076, 38.011, 37.838, 37.465, 37.181, 37.206, 37.512, 37.618, 37.048, 36.083, 36.682, 37.68, 37.544, 37.104, 37.9, 39.862, 41.423, 41.969, 41.864, 41.194, 41.494, 42.638, 42.906, 43.604, 45.142, 45.717, 44.899, 44.178, 44.205, 44.23, 43.919, 42.781, 40.894, 39.643, 38.22, 35.484, 33.298, 33.272, 33.529, 33.767, 34.511, 34.899, 34.79, 35.025, 35.614, 17.969], [20.458, 15.28, 7.292, 0.0, 4.683, 7.503, 10.693, 14.47, 17.366, 19.168, 20.451, 21.674, 23.189, 25.046, 26.515, 27.755, 28.981, 30.942, 32.282, 32.31, 31.848, 31.816, 32.433, 33.484, 34.51, 35.094, 35.482, 35.88, 36.619, 37.85, 38.43, 38.014, 37.793, 37.748, 37.599, 37.99, 38.038, 37.402, 36.913, 36.932, 37.203, 36.677, 35.31, 35.116, 35.545, 34.906, 34.13, 34.199, 34.637, 34.961, 34.803, 34.162, 33.768, 34.176, 34.973, 34.965, 34.71, 35.075, 34.998, 35.347, 36.264, 36.435, 36.408, 36.597, 35.808, 35.466, 35.991, 35.71, 34.77, 34.316, 33.97, 33.39, 33.49, 34.584, 35.188, 34.873, 34.819, 35.358, 35.871, 35.817, 35.884, 36.426, 36.66, 36.633, 37.273, 38.246, 38.567, 38.304, 37.916, 38.193, 38.684, 39.057, 39.983, 40.553, 39.545, 38.426, 38.131, 37.972, 37.812, 38.073, 38.323, 38.252, 38.087, 37.727, 37.448, 37.46, 37.746, 37.847, 37.31, 36.405, 37.041, 38.033, 37.902, 37.516, 38.367, 40.325, 41.848, 42.363, 42.258, 41.607, 41.87, 42.964, 43.243, 43.934, 45.412, 45.938, 45.132, 44.44, 44.476, 44.501, 44.205, 43.106, 41.287, 40.09, 38.722, 36.079, 33.983, 33.953, 34.19, 34.411, 35.123, 35.505, 35.417, 35.646, 36.208, 21.97], [22.159, 17.567, 10.783, 4.683, 0.0, 4.23, 9.178, 13.718, 16.827, 18.77, 20.195, 21.462, 22.967, 24.838, 26.314, 27.581, 28.905, 30.922, 32.279, 32.335, 31.917, 31.918, 32.563, 33.656, 34.707, 35.296, 35.68, 36.075, 36.819, 38.063, 38.665, 38.269, 38.059, 38.027, 37.889, 38.277, 38.328, 37.702, 37.216, 37.231, 37.497, 36.992, 35.68, 35.493, 35.895, 35.272, 34.528, 34.592, 34.987, 35.266, 35.105, 34.494, 34.126, 34.522, 35.29, 35.288, 35.048, 35.395, 35.321, 35.664, 36.548, 36.709, 36.695, 36.88, 36.111, 35.787, 36.316, 36.063, 35.165, 34.735, 34.406, 33.834, 33.891, 34.927, 35.523, 35.233, 35.183, 35.704, 36.199, 36.149, 36.22, 36.737, 36.947, 36.926, 37.568, 38.523, 38.831, 38.559, 38.154, 38.398, 38.857, 39.204, 40.11, 40.674, 39.7, 38.631, 38.351, 38.207, 38.074, 38.339, 38.584, 38.524, 38.363, 38.003, 37.731, 37.754, 38.043, 38.137, 37.615, 36.737, 37.375, 38.35, 38.223, 37.861, 38.71, 40.635, 42.131, 42.636, 42.541, 41.891, 42.104, 43.151, 43.425, 44.103, 45.541, 46.031, 45.227, 44.563, 44.607, 44.636, 44.35, 43.272, 41.496, 40.336, 38.998, 36.42, 34.398, 34.377, 34.607, 34.825, 35.525, 35.907, 35.829, 36.052, 36.594, 23.521], [23.109, 18.627, 12.321, 7.503, 4.23, 0.0, 6.29, 12.048, 15.716, 17.84, 19.377, 20.722, 22.298, 24.241, 25.75, 27.065, 28.512, 30.626, 32.025, 32.108, 31.73, 31.773, 32.453, 33.573, 34.635, 35.218, 35.617, 36.064, 36.85, 38.111, 38.736, 38.383, 38.194, 38.168, 38.055, 38.454, 38.505, 37.888, 37.411, 37.421, 37.677, 37.187, 35.907, 35.722, 36.114, 35.507, 34.785, 34.847, 35.202, 35.433, 35.265, 34.692, 34.367, 34.769, 35.515, 35.516, 35.315, 35.67, 35.589, 35.924, 36.79, 36.945, 36.913, 37.082, 36.342, 36.04, 36.557, 36.316, 35.461, 35.074, 34.771, 34.208, 34.238, 35.221, 35.789, 35.51, 35.469, 35.974, 36.452, 36.402, 36.475, 36.977, 37.168, 37.139, 37.767, 38.708, 39.012, 38.745, 38.348, 38.584, 39.031, 39.359, 40.239, 40.797, 39.862, 38.838, 38.57, 38.429, 38.307, 38.576, 38.829, 38.784, 38.633, 38.283, 38.026, 38.061, 38.356, 38.445, 37.918, 37.043, 37.666, 38.623, 38.498, 38.139, 38.958, 40.84, 42.316, 42.82, 42.734, 42.082, 42.253, 43.261, 43.53, 44.204, 45.621, 46.095, 45.292, 44.634, 44.668, 44.694, 44.419, 43.353, 41.594, 40.448, 39.132, 36.603, 34.646, 34.638, 34.871, 35.087, 35.774, 36.154, 36.086, 36.303, 36.819, 24.46], [24.206, 20.019, 14.315, 10.693, 9.178, 6.29, 0.0, 6.959, 11.893, 14.799, 16.659, 18.168, 20.022, 22.296, 23.965, 25.408, 27.112, 29.479, 30.975, 31.051, 30.681, 30.784, 31.539, 32.708, 33.788, 34.367, 34.802, 35.384, 36.337, 37.671, 38.297, 37.979, 37.862, 37.879, 37.776, 38.195, 38.245, 37.598, 37.105, 37.108, 37.36, 36.848, 35.531, 35.361, 35.803, 35.199, 34.459, 34.509, 34.867, 35.1, 34.943, 34.398, 34.105, 34.535, 35.298, 35.313, 35.146, 35.537, 35.462, 35.804, 36.688, 36.842, 36.792, 36.955, 36.207, 35.889, 36.388, 36.134, 35.273, 34.911, 34.618, 34.042, 34.096, 35.123, 35.688, 35.4, 35.367, 35.886, 36.371, 36.316, 36.384, 36.89, 37.076, 37.041, 37.676, 38.634, 38.943, 38.67, 38.278, 38.514, 38.956, 39.283, 40.163, 40.719, 39.787, 38.762, 38.496, 38.336, 38.19, 38.46, 38.738, 38.706, 38.554, 38.209, 37.961, 37.996, 38.279, 38.362, 37.819, 36.908, 37.513, 38.473, 38.348, 37.981, 38.802, 40.708, 42.204, 42.712, 42.638, 41.992, 42.149, 43.14, 43.41, 44.109, 45.554, 46.043, 45.23, 44.558, 44.587, 44.616, 44.34, 43.26, 41.464, 40.288, 38.953, 36.375, 34.38, 34.389, 34.639, 34.854, 35.54, 35.935, 35.882, 36.107, 36.62, 25.446], [25.526, 21.869, 17.178, 14.47, 13.718, 12.048, 6.959, 0.0, 6.137, 10.439, 13.096, 14.944, 17.199, 19.974, 21.943, 23.633, 25.628, 28.246, 29.821, 29.87, 29.487, 29.652, 30.515, 31.773, 32.9, 33.496, 33.971, 34.674, 35.811, 37.25, 37.855, 37.516, 37.474, 37.578, 37.484, 37.91, 37.961, 37.277, 36.752, 36.753, 37.003, 36.443, 35.045, 34.891, 35.393, 34.774, 33.99, 34.027, 34.424, 34.704, 34.569, 34.024, 33.731, 34.17, 34.947, 34.955, 34.778, 35.203, 35.149, 35.5, 36.406, 36.571, 36.529, 36.693, 35.901, 35.566, 36.078, 35.811, 34.91, 34.535, 34.219, 33.616, 33.745, 34.893, 35.495, 35.207, 35.183, 35.734, 36.243, 36.178, 36.237, 36.755, 36.947, 36.904, 37.545, 38.528, 38.847, 38.569, 38.162, 38.386, 38.83, 39.181, 40.089, 40.644, 39.666, 38.591, 38.305, 38.125, 37.947, 38.215, 38.525, 38.51, 38.348, 37.987, 37.73, 37.752, 38.018, 38.107, 37.558, 36.596, 37.19, 38.176, 38.049, 37.685, 38.57, 40.576, 42.117, 42.626, 42.555, 41.912, 42.089, 43.092, 43.362, 44.076, 45.546, 46.045, 45.216, 44.518, 44.544, 44.577, 44.292, 43.183, 41.33, 40.1, 38.723, 36.047, 33.949, 33.965, 34.233, 34.463, 35.175, 35.595, 35.554, 35.8, 36.344, 26.57], [26.887, 23.602, 19.57, 17.366, 16.827, 15.716, 11.893, 6.137, 0.0, 5.524, 9.657, 12.382, 15.17, 18.365, 20.599, 22.594, 24.9, 27.696, 29.318, 29.381, 29.028, 29.26, 30.232, 31.587, 32.761, 33.364, 33.852, 34.618, 35.839, 37.313, 37.9, 37.538, 37.51, 37.669, 37.624, 38.062, 38.115, 37.429, 36.893, 36.887, 37.129, 36.558, 35.153, 35.003, 35.502, 34.883, 34.104, 34.144, 34.537, 34.819, 34.695, 34.172, 33.894, 34.323, 35.065, 35.049, 34.863, 35.286, 35.236, 35.571, 36.463, 36.654, 36.64, 36.801, 36.015, 35.701, 36.218, 35.954, 35.064, 34.703, 34.381, 33.789, 33.978, 35.19, 35.82, 35.554, 35.539, 36.088, 36.592, 36.519, 36.57, 37.084, 37.268, 37.206, 37.814, 38.775, 39.093, 38.822, 38.415, 38.63, 39.065, 39.418, 40.324, 40.865, 39.865, 38.771, 38.482, 38.311, 38.117, 38.368, 38.691, 38.693, 38.529, 38.16, 37.903, 37.918, 38.165, 38.261, 37.736, 36.772, 37.34, 38.307, 38.178, 37.837, 38.757, 40.782, 42.315, 42.804, 42.72, 42.073, 42.241, 43.234, 43.502, 44.205, 45.648, 46.121, 45.283, 44.581, 44.608, 44.646, 44.364, 43.252, 41.397, 40.163, 38.797, 36.152, 34.104, 34.157, 34.43, 34.663, 35.375, 35.801, 35.763, 36.012, 36.561, 27.788], [27.932, 24.819, 21.075, 19.168, 18.77, 17.84, 14.799, 10.439, 5.524, 0.0, 5.501, 9.615, 13.378, 16.992, 19.354, 21.598, 24.255, 27.246, 28.919, 29.023, 28.74, 29.072, 30.174, 31.631, 32.837, 33.441, 33.935, 34.718, 35.943, 37.409, 38.0, 37.644, 37.599, 37.776, 37.801, 38.272, 38.334, 37.661, 37.123, 37.11, 37.354, 36.795, 35.395, 35.222, 35.694, 35.085, 34.334, 34.395, 34.782, 35.042, 34.916, 34.425, 34.173, 34.592, 35.302, 35.267, 35.091, 35.502, 35.441, 35.76, 36.629, 36.837, 36.84, 37.004, 36.257, 35.974, 36.48, 36.215, 35.338, 34.989, 34.673, 34.096, 34.329, 35.582, 36.233, 35.989, 35.977, 36.51, 37.002, 36.926, 36.97, 37.468, 37.636, 37.553, 38.125, 39.054, 39.357, 39.085, 38.691, 38.923, 39.349, 39.682, 40.576, 41.112, 40.116, 39.032, 38.769, 38.626, 38.416, 38.636, 38.962, 38.973, 38.808, 38.438, 38.186, 38.204, 38.449, 38.565, 38.07, 37.125, 37.677, 38.618, 38.483, 38.15, 39.06, 41.042, 42.531, 42.992, 42.885, 42.222, 42.379, 43.373, 43.654, 44.354, 45.766, 46.211, 45.366, 44.661, 44.69, 44.738, 44.467, 43.366, 41.521, 40.289, 38.953, 36.379, 34.402, 34.476, 34.741, 34.962, 35.666, 36.098, 36.07, 36.314, 36.844, 28.761], [28.553, 25.579, 22.098, 20.451, 20.195, 19.377, 16.659, 13.096, 9.657, 5.501, 0.0, 5.352, 10.793, 15.286, 17.828, 20.221, 23.245, 26.511, 28.251, 28.352, 28.094, 28.523, 29.758, 31.303, 32.54, 33.163, 33.67, 34.447, 35.665, 37.146, 37.75, 37.398, 37.363, 37.566, 37.618, 38.116, 38.199, 37.523, 36.968, 36.953, 37.216, 36.648, 35.192, 34.992, 35.455, 34.827, 34.06, 34.133, 34.558, 34.84, 34.71, 34.224, 33.99, 34.432, 35.154, 35.112, 34.951, 35.383, 35.334, 35.672, 36.557, 36.768, 36.765, 36.932, 36.197, 35.917, 36.405, 36.105, 35.181, 34.816, 34.486, 33.893, 34.179, 35.517, 36.211, 35.973, 35.96, 36.504, 37.014, 36.951, 37.004, 37.507, 37.671, 37.575, 38.149, 39.083, 39.378, 39.086, 38.675, 38.914, 39.338, 39.661, 40.56, 41.093, 40.07, 38.966, 38.721, 38.598, 38.368, 38.573, 38.919, 38.945, 38.773, 38.394, 38.142, 38.173, 38.434, 38.571, 38.078, 37.11, 37.656, 38.609, 38.466, 38.114, 39.026, 41.02, 42.498, 42.937, 42.802, 42.109, 42.275, 43.296, 43.589, 44.302, 45.731, 46.189, 45.342, 44.621, 44.656, 44.716, 44.445, 43.343, 41.482, 40.236, 38.901, 36.309, 34.274, 34.333, 34.598, 34.807, 35.511, 35.956, 35.932, 36.178, 36.704, 29.337], [29.248, 26.432, 23.186, 21.674, 21.462, 20.722, 18.168, 14.944, 12.382, 9.615, 5.352, 0.0, 6.796, 12.658, 15.811, 18.346, 21.746, 25.449, 27.354, 27.483, 27.257, 27.769, 29.107, 30.742, 32.039, 32.7, 33.243, 34.06, 35.326, 36.845, 37.481, 37.161, 37.184, 37.427, 37.481, 37.99, 38.088, 37.403, 36.846, 36.842, 37.119, 36.547, 35.062, 34.861, 35.33, 34.686, 33.906, 33.993, 34.477, 34.8, 34.66, 34.146, 33.915, 34.394, 35.15, 35.115, 34.941, 35.367, 35.341, 35.712, 36.608, 36.819, 36.81, 36.962, 36.2, 35.906, 36.39, 36.064, 35.095, 34.722, 34.384, 33.775, 34.049, 35.399, 36.096, 35.861, 35.866, 36.43, 36.96, 36.913, 36.991, 37.518, 37.688, 37.584, 38.165, 39.12, 39.425, 39.117, 38.681, 38.907, 39.325, 39.647, 40.543, 41.054, 39.997, 38.874, 38.63, 38.515, 38.295, 38.533, 38.924, 38.969, 38.794, 38.409, 38.161, 38.194, 38.443, 38.554, 38.043, 37.058, 37.585, 38.535, 38.39, 38.03, 38.954, 40.976, 42.451, 42.878, 42.734, 42.021, 42.17, 43.184, 43.477, 44.193, 45.635, 46.126, 45.289, 44.549, 44.577, 44.642, 44.373, 43.282, 41.443, 40.212, 38.88, 36.279, 34.223, 34.271, 34.525, 34.728, 35.432, 35.875, 35.84, 36.078, 36.597, 29.991], [30.222, 27.585, 24.588, 23.189, 22.967, 22.298, 20.022, 17.199, 15.17, 13.378, 10.793, 6.796, 0.0, 7.26, 11.864, 15.122, 18.975, 23.265, 25.492, 25.795, 25.729, 26.39, 27.887, 29.729, 31.192, 31.929, 32.54, 33.483, 34.906, 36.531, 37.258, 37.016, 37.118, 37.416, 37.498, 38.025, 38.12, 37.438, 36.921, 36.966, 37.275, 36.725, 35.234, 35.022, 35.5, 34.874, 34.141, 34.288, 34.831, 35.172, 35.004, 34.456, 34.215, 34.712, 35.49, 35.458, 35.228, 35.586, 35.558, 35.941, 36.804, 36.993, 36.996, 37.146, 36.345, 36.018, 36.504, 36.175, 35.191, 34.823, 34.496, 33.901, 34.125, 35.388, 36.03, 35.802, 35.844, 36.431, 36.969, 36.932, 37.022, 37.561, 37.741, 37.646, 38.233, 39.203, 39.523, 39.204, 38.747, 38.961, 39.38, 39.699, 40.566, 41.055, 40.015, 38.918, 38.677, 38.565, 38.388, 38.708, 39.152, 39.199, 39.015, 38.627, 38.381, 38.396, 38.592, 38.648, 38.117, 37.138, 37.64, 38.56, 38.42, 38.077, 39.021, 41.052, 42.519, 42.938, 42.802, 42.093, 42.215, 43.201, 43.498, 44.202, 45.619, 46.106, 45.265, 44.507, 44.524, 44.6, 44.352, 43.295, 41.519, 40.329, 39.015, 36.462, 34.457, 34.483, 34.7, 34.883, 35.573, 35.999, 35.949, 36.177, 36.684, 30.899], [31.47, 29.026, 26.291, 25.046, 24.838, 24.241, 22.296, 19.974, 18.365, 16.992, 15.286, 12.658, 7.26, 0.0, 6.222, 11.345, 16.067, 20.775, 23.229, 23.776, 23.98, 24.867, 26.586, 28.688, 30.35, 31.176, 31.873, 32.967, 34.58, 36.351, 37.197, 37.037, 37.18, 37.538, 37.7, 38.254, 38.333, 37.663, 37.207, 37.308, 37.639, 37.116, 35.645, 35.397, 35.852, 35.258, 34.601, 34.802, 35.349, 35.661, 35.488, 34.971, 34.744, 35.213, 35.957, 35.922, 35.687, 36.016, 35.973, 36.33, 37.124, 37.277, 37.3, 37.477, 36.691, 36.332, 36.775, 36.456, 35.512, 35.171, 34.871, 34.309, 34.52, 35.711, 36.308, 36.104, 36.177, 36.756, 37.276, 37.235, 37.315, 37.827, 38.001, 37.919, 38.505, 39.459, 39.77, 39.439, 38.973, 39.181, 39.596, 39.892, 40.687, 41.14, 40.175, 39.168, 38.959, 38.858, 38.743, 39.153, 39.632, 39.67, 39.479, 39.103, 38.867, 38.859, 38.993, 39.002, 38.448, 37.476, 37.966, 38.854, 38.712, 38.41, 39.388, 41.404, 42.852, 43.256, 43.122, 42.445, 42.574, 43.536, 43.842, 44.547, 45.91, 46.331, 45.462, 44.708, 44.742, 44.841, 44.615, 43.6, 41.908, 40.767, 39.482, 37.006, 35.058, 35.028, 35.203, 35.35, 35.986, 36.381, 36.335, 36.567, 37.058, 32.069], [32.696, 30.374, 27.732, 26.515, 26.314, 25.75, 23.965, 21.943, 20.599, 19.354, 17.828, 15.811, 11.864, 6.222, 0.0, 6.973, 13.74, 19.344, 21.966, 22.631, 23.051, 24.175, 26.109, 28.397, 30.162, 31.023, 31.77, 32.969, 34.69, 36.516, 37.391, 37.26, 37.408, 37.789, 38.015, 38.594, 38.677, 38.022, 37.586, 37.689, 38.006, 37.506, 36.093, 35.807, 36.204, 35.627, 35.015, 35.219, 35.755, 36.063, 35.926, 35.468, 35.27, 35.705, 36.405, 36.401, 36.23, 36.569, 36.525, 36.849, 37.567, 37.684, 37.714, 37.926, 37.191, 36.818, 37.205, 36.898, 36.012, 35.706, 35.434, 34.907, 35.143, 36.336, 36.933, 36.753, 36.833, 37.387, 37.887, 37.852, 37.935, 38.419, 38.568, 38.475, 39.035, 39.948, 40.245, 39.926, 39.463, 39.637, 40.017, 40.281, 41.014, 41.415, 40.479, 39.542, 39.375, 39.296, 39.193, 39.599, 40.077, 40.127, 39.944, 39.588, 39.372, 39.367, 39.492, 39.511, 38.972, 38.02, 38.513, 39.379, 39.237, 38.976, 39.969, 41.94, 43.342, 43.716, 43.566, 42.918, 43.069, 44.011, 44.327, 45.048, 46.368, 46.728, 45.843, 45.108, 45.165, 45.281, 45.061, 44.076, 42.452, 41.364, 40.121, 37.712, 35.805, 35.727, 35.874, 35.99, 36.564, 36.928, 36.892, 37.131, 37.607, 33.258], [33.615, 31.427, 28.919, 27.755, 27.581, 27.065, 25.408, 23.633, 22.594, 21.598, 20.221, 18.346, 15.122, 11.345, 6.973, 0.0, 9.196, 16.709, 19.998, 20.867, 21.486, 22.933, 25.194, 27.739, 29.642, 30.549, 31.342, 32.668, 34.542, 36.427, 37.31, 37.204, 37.377, 37.749, 37.969, 38.567, 38.666, 38.021, 37.603, 37.712, 38.02, 37.567, 36.262, 36.047, 36.431, 35.859, 35.271, 35.466, 36.018, 36.369, 36.27, 35.823, 35.629, 36.062, 36.765, 36.811, 36.681, 37.005, 36.959, 37.284, 37.974, 38.064, 38.104, 38.335, 37.588, 37.181, 37.542, 37.249, 36.381, 36.074, 35.814, 35.311, 35.543, 36.736, 37.343, 37.18, 37.265, 37.812, 38.308, 38.281, 38.375, 38.853, 38.992, 38.891, 39.424, 40.305, 40.599, 40.299, 39.836, 39.975, 40.315, 40.555, 41.268, 41.638, 40.66, 39.704, 39.537, 39.476, 39.368, 39.754, 40.236, 40.304, 40.138, 39.81, 39.618, 39.633, 39.773, 39.792, 39.27, 38.357, 38.852, 39.69, 39.545, 39.304, 40.304, 42.249, 43.613, 43.961, 43.799, 43.152, 43.295, 44.229, 44.572, 45.308, 46.615, 46.964, 46.068, 45.325, 45.386, 45.511, 45.291, 44.317, 42.719, 41.654, 40.442, 38.076, 36.201, 36.114, 36.244, 36.346, 36.899, 37.25, 37.208, 37.445, 37.923, 34.135], [33.929, 31.982, 29.868, 28.981, 28.905, 28.512, 27.112, 25.628, 24.9, 24.255, 23.245, 21.746, 18.975, 16.067, 13.74, 9.196, 0.0, 9.185, 13.856, 15.582, 16.583, 18.502, 21.32, 24.359, 26.62, 27.715, 28.646, 30.23, 32.474, 34.626, 35.699, 35.713, 35.966, 36.415, 36.712, 37.39, 37.533, 36.97, 36.731, 36.996, 37.359, 36.971, 35.865, 35.912, 36.39, 35.853, 35.327, 35.548, 36.023, 36.293, 36.174, 35.748, 35.58, 36.001, 36.669, 36.688, 36.544, 36.852, 36.756, 37.06, 37.809, 37.962, 38.055, 38.306, 37.531, 37.097, 37.459, 37.185, 36.339, 36.029, 35.779, 35.272, 35.421, 36.533, 37.15, 37.021, 37.112, 37.645, 38.109, 38.026, 38.058, 38.5, 38.639, 38.543, 39.062, 39.928, 40.215, 39.89, 39.425, 39.598, 39.953, 40.173, 40.866, 41.27, 40.329, 39.366, 39.185, 39.13, 39.046, 39.491, 40.02, 40.084, 39.927, 39.64, 39.498, 39.561, 39.748, 39.761, 39.233, 38.351, 38.858, 39.67, 39.508, 39.26, 40.243, 42.16, 43.51, 43.865, 43.73, 43.086, 43.186, 44.082, 44.422, 45.142, 46.436, 46.773, 45.854, 45.106, 45.167, 45.287, 45.059, 44.061, 42.425, 41.328, 40.121, 37.815, 36.027, 35.995, 36.132, 36.222, 36.777, 37.126, 37.073, 37.318, 37.825, 34.354], [34.895, 33.24, 31.557, 30.942, 30.922, 30.626, 29.479, 28.246, 27.696, 27.246, 26.511, 25.449, 23.265, 20.775, 19.344, 16.709, 9.185, 0.0, 6.034, 9.597, 11.61, 14.199, 17.594, 21.074, 23.644, 24.924, 25.971, 27.699, 30.204, 32.62, 33.953, 34.167, 34.535, 35.155, 35.638, 36.402, 36.567, 36.147, 36.195, 36.717, 37.149, 36.8, 36.008, 36.391, 36.922, 36.45, 36.043, 36.301, 36.634, 36.743, 36.587, 36.229, 36.117, 36.492, 37.061, 37.027, 36.901, 37.214, 37.048, 37.28, 38.074, 38.304, 38.44, 38.716, 37.991, 37.561, 37.915, 37.693, 36.911, 36.607, 36.379, 35.86, 35.853, 36.748, 37.303, 37.204, 37.285, 37.75, 38.119, 37.931, 37.858, 38.221, 38.326, 38.227, 38.732, 39.572, 39.829, 39.46, 39.036, 39.319, 39.737, 39.937, 40.569, 41.014, 40.269, 39.474, 39.324, 39.265, 39.248, 39.794, 40.364, 40.416, 40.27, 40.027, 39.939, 40.045, 40.253, 40.247, 39.733, 38.908, 39.377, 40.102, 39.905, 39.66, 40.54, 42.267, 43.513, 43.862, 43.763, 43.135, 43.18, 43.993, 44.297, 44.98, 46.228, 46.537, 45.641, 44.942, 45.013, 45.119, 44.886, 43.891, 42.292, 41.247, 40.118, 38.001, 36.451, 36.493, 36.63, 36.692, 37.222, 37.566, 37.53, 37.792, 38.31, 35.203], [35.757, 34.256, 32.785, 32.282, 32.279, 32.025, 30.975, 29.821, 29.318, 28.919, 28.251, 27.354, 25.492, 23.229, 21.966, 19.998, 13.856, 6.034, 0.0, 5.115, 8.771, 12.461, 16.312, 19.932, 22.554, 23.893, 24.97, 26.691, 29.285, 31.82, 33.241, 33.554, 34.0, 34.684, 35.213, 35.98, 36.134, 35.768, 35.944, 36.606, 37.077, 36.729, 36.13, 36.757, 37.33, 36.886, 36.523, 36.797, 37.096, 37.165, 37.004, 36.67, 36.572, 36.93, 37.463, 37.435, 37.352, 37.678, 37.494, 37.706, 38.511, 38.757, 38.897, 39.187, 38.495, 38.057, 38.388, 38.174, 37.398, 37.069, 36.849, 36.327, 36.223, 36.95, 37.428, 37.34, 37.42, 37.841, 38.143, 37.883, 37.743, 38.051, 38.121, 38.008, 38.5, 39.324, 39.566, 39.187, 38.812, 39.162, 39.622, 39.844, 40.466, 40.912, 40.281, 39.616, 39.491, 39.418, 39.449, 40.056, 40.63, 40.677, 40.544, 40.327, 40.26, 40.378, 40.576, 40.545, 40.057, 39.272, 39.699, 40.371, 40.153, 39.9, 40.698, 42.286, 43.454, 43.789, 43.708, 43.109, 43.157, 43.938, 44.222, 44.894, 46.13, 46.44, 45.566, 44.892, 44.965, 45.048, 44.796, 43.809, 42.268, 41.296, 40.24, 38.237, 36.824, 36.907, 37.038, 37.085, 37.597, 37.937, 37.917, 38.187, 38.707, 36.012], [35.664, 34.174, 32.76, 32.31, 32.335, 32.108, 31.051, 29.87, 29.381, 29.023, 28.352, 27.483, 25.795, 23.776, 22.631, 20.867, 15.582, 9.597, 5.115, 0.0, 5.261, 10.517, 15.083, 18.913, 21.606, 22.992, 24.101, 25.869, 28.597, 31.252, 32.68, 32.989, 33.463, 34.129, 34.593, 35.336, 35.483, 35.112, 35.316, 36.048, 36.566, 36.201, 35.63, 36.396, 37.051, 36.59, 36.169, 36.43, 36.779, 36.901, 36.736, 36.35, 36.223, 36.611, 37.194, 37.193, 37.129, 37.489, 37.337, 37.59, 38.436, 38.681, 38.804, 39.084, 38.355, 37.881, 38.214, 37.981, 37.136, 36.753, 36.519, 35.98, 35.857, 36.553, 36.994, 36.883, 36.969, 37.406, 37.712, 37.432, 37.269, 37.568, 37.632, 37.525, 38.045, 38.892, 39.138, 38.762, 38.383, 38.723, 39.187, 39.44, 40.108, 40.559, 39.901, 39.224, 39.09, 38.99, 39.017, 39.642, 40.219, 40.258, 40.127, 39.913, 39.845, 39.97, 40.173, 40.138, 39.66, 38.858, 39.288, 39.993, 39.768, 39.479, 40.276, 41.893, 43.086, 43.436, 43.367, 42.787, 42.881, 43.698, 43.976, 44.66, 45.947, 46.295, 45.405, 44.701, 44.755, 44.808, 44.521, 43.512, 41.962, 41.005, 39.941, 37.872, 36.425, 36.56, 36.714, 36.765, 37.278, 37.608, 37.575, 37.842, 38.382, 35.919], [35.081, 33.6, 32.235, 31.848, 31.917, 31.73, 30.681, 29.487, 29.028, 28.74, 28.094, 27.257, 25.729, 23.98, 23.051, 21.486, 16.583, 11.61, 8.771, 5.261, 0.0, 6.179, 11.637, 16.112, 19.198, 20.742, 21.985, 23.995, 27.017, 29.89, 31.449, 31.807, 32.316, 32.983, 33.403, 34.14, 34.294, 33.93, 34.195, 35.038, 35.638, 35.272, 34.714, 35.615, 36.381, 35.911, 35.457, 35.757, 36.187, 36.359, 36.173, 35.716, 35.544, 35.958, 36.601, 36.607, 36.519, 36.899, 36.766, 37.05, 37.956, 38.223, 38.339, 38.602, 37.807, 37.294, 37.645, 37.387, 36.468, 36.049, 35.796, 35.234, 35.136, 35.894, 36.356, 36.212, 36.286, 36.759, 37.104, 36.829, 36.668, 36.987, 37.071, 36.988, 37.558, 38.446, 38.7, 38.317, 37.907, 38.23, 38.703, 38.974, 39.682, 40.15, 39.428, 38.682, 38.526, 38.399, 38.399, 39.027, 39.616, 39.639, 39.489, 39.257, 39.182, 39.321, 39.546, 39.519, 39.026, 38.186, 38.636, 39.389, 39.163, 38.854, 39.689, 41.4, 42.66, 43.041, 42.979, 42.378, 42.478, 43.327, 43.606, 44.314, 45.682, 46.074, 45.168, 44.449, 44.501, 44.544, 44.237, 43.192, 41.58, 40.579, 39.464, 37.273, 35.716, 35.871, 36.06, 36.131, 36.657, 36.98, 36.92, 37.183, 37.749, 35.322], [34.779, 33.385, 32.131, 31.816, 31.918, 31.773, 30.784, 29.652, 29.26, 29.072, 28.523, 27.769, 26.39, 24.867, 24.175, 22.933, 18.502, 14.199, 12.461, 10.517, 6.179, 0.0, 6.191, 11.732, 15.648, 17.543, 19.02, 21.44, 24.89, 28.033, 29.824, 30.333, 30.92, 31.656, 32.115, 32.865, 33.023, 32.719, 33.094, 34.051, 34.734, 34.409, 33.966, 35.064, 35.937, 35.479, 35.048, 35.427, 35.919, 36.106, 35.902, 35.41, 35.211, 35.624, 36.298, 36.313, 36.193, 36.564, 36.42, 36.697, 37.633, 37.921, 38.036, 38.285, 37.44, 36.898, 37.256, 36.973, 36.013, 35.597, 35.342, 34.771, 34.705, 35.513, 36.003, 35.836, 35.892, 36.389, 36.768, 36.507, 36.353, 36.691, 36.802, 36.734, 37.329, 38.238, 38.496, 38.111, 37.7, 38.034, 38.524, 38.801, 39.515, 39.994, 39.237, 38.44, 38.266, 38.13, 38.117, 38.738, 39.326, 39.345, 39.19, 38.942, 38.859, 39.009, 39.257, 39.244, 38.727, 37.857, 38.309, 39.075, 38.848, 38.533, 39.378, 41.133, 42.436, 42.843, 42.793, 42.172, 42.244, 43.089, 43.366, 44.095, 45.525, 45.948, 45.049, 44.346, 44.413, 44.463, 44.158, 43.092, 41.433, 40.398, 39.257, 37.018, 35.4, 35.546, 35.761, 35.853, 36.385, 36.695, 36.617, 36.876, 37.455, 34.981], [34.942, 33.701, 32.649, 32.433, 32.563, 32.453, 31.539, 30.515, 30.232, 30.174, 29.758, 29.107, 27.887, 26.586, 26.109, 25.194, 21.32, 17.594, 16.312, 15.083, 11.637, 6.191, 0.0, 6.395, 11.348, 13.846, 15.666, 18.583, 22.594, 26.063, 28.104, 28.846, 29.599, 30.47, 31.028, 31.801, 31.972, 31.794, 32.318, 33.363, 34.104, 33.85, 33.612, 34.934, 35.89, 35.441, 35.038, 35.482, 35.993, 36.151, 35.933, 35.453, 35.258, 35.657, 36.346, 36.396, 36.27, 36.62, 36.46, 36.725, 37.683, 37.988, 38.091, 38.315, 37.43, 36.87, 37.232, 36.939, 35.973, 35.581, 35.338, 34.773, 34.721, 35.518, 36.001, 35.826, 35.872, 36.37, 36.758, 36.503, 36.344, 36.671, 36.79, 36.733, 37.329, 38.227, 38.476, 38.103, 37.72, 38.07, 38.573, 38.85, 39.558, 40.036, 39.272, 38.459, 38.268, 38.126, 38.115, 38.713, 39.29, 39.319, 39.179, 38.935, 38.85, 39.007, 39.279, 39.273, 38.73, 37.831, 38.259, 39.012, 38.78, 38.463, 39.295, 41.054, 42.382, 42.811, 42.788, 42.177, 42.224, 43.033, 43.297, 44.042, 45.52, 45.966, 45.078, 44.392, 44.466, 44.515, 44.214, 43.151, 41.487, 40.462, 39.336, 37.12, 35.522, 35.666, 35.887, 35.99, 36.51, 36.797, 36.703, 36.947, 37.516, 35.113], [35.453, 34.374, 33.57, 33.484, 33.656, 33.573, 32.708, 31.773, 31.587, 31.631, 31.303, 30.742, 29.729, 28.688, 28.397, 27.739, 24.359, 21.074, 19.932, 18.913, 16.112, 11.732, 6.395, 0.0, 5.752, 9.208, 11.781, 15.294, 19.902, 23.779, 26.147, 27.23, 28.245, 29.318, 30.027, 30.849, 31.05, 31.024, 31.716, 32.861, 33.662, 33.493, 33.493, 35.037, 36.032, 35.585, 35.221, 35.731, 36.239, 36.334, 36.096, 35.653, 35.484, 35.865, 36.55, 36.64, 36.527, 36.861, 36.689, 36.934, 37.915, 38.239, 38.32, 38.509, 37.612, 37.061, 37.425, 37.127, 36.173, 35.809, 35.593, 35.05, 34.986, 35.723, 36.183, 36.02, 36.063, 36.536, 36.905, 36.645, 36.475, 36.765, 36.868, 36.824, 37.417, 38.288, 38.525, 38.174, 37.826, 38.183, 38.685, 38.961, 39.669, 40.155, 39.416, 38.617, 38.403, 38.247, 38.238, 38.805, 39.362, 39.399, 39.282, 39.055, 38.981, 39.167, 39.478, 39.48, 38.927, 38.018, 38.403, 39.12, 38.889, 38.577, 39.37, 41.09, 42.413, 42.862, 42.867, 42.275, 42.3, 43.057, 43.308, 44.063, 45.558, 46.017, 45.14, 44.464, 44.531, 44.56, 44.255, 43.214, 41.593, 40.615, 39.535, 37.392, 35.875, 36.026, 36.244, 36.345, 36.836, 37.09, 36.978, 37.194, 37.731, 35.615], [36.175, 35.188, 34.524, 34.51, 34.707, 34.635, 33.788, 32.9, 32.761, 32.837, 32.54, 32.039, 31.192, 30.35, 30.162, 29.642, 26.62, 23.644, 22.554, 21.606, 19.198, 15.648, 11.348, 5.752, 0.0, 4.495, 8.503, 12.827, 17.733, 21.798, 24.461, 25.89, 27.158, 28.416, 29.277, 30.173, 30.407, 30.479, 31.288, 32.539, 33.42, 33.349, 33.574, 35.291, 36.283, 35.845, 35.559, 36.149, 36.645, 36.671, 36.418, 36.022, 35.889, 36.251, 36.911, 37.031, 36.947, 37.263, 37.074, 37.284, 38.26, 38.59, 38.644, 38.81, 37.943, 37.423, 37.781, 37.481, 36.558, 36.227, 36.047, 35.551, 35.468, 36.129, 36.558, 36.421, 36.462, 36.892, 37.224, 36.961, 36.79, 37.047, 37.127, 37.096, 37.676, 38.507, 38.733, 38.404, 38.084, 38.436, 38.917, 39.173, 39.873, 40.369, 39.681, 38.929, 38.712, 38.554, 38.557, 39.106, 39.627, 39.662, 39.57, 39.361, 39.304, 39.528, 39.887, 39.897, 39.358, 38.478, 38.816, 39.479, 39.255, 38.953, 39.673, 41.281, 42.547, 42.996, 43.021, 42.448, 42.454, 43.166, 43.419, 44.162, 45.615, 46.068, 45.216, 44.564, 44.621, 44.628, 44.323, 43.32, 41.765, 40.851, 39.835, 37.813, 36.42, 36.581, 36.791, 36.889, 37.354, 37.589, 37.468, 37.653, 38.147, 36.349], [36.721, 35.773, 35.118, 35.094, 35.296, 35.218, 34.367, 33.496, 33.364, 33.441, 33.163, 32.7, 31.929, 31.176, 31.023, 30.549, 27.715, 24.924, 23.893, 22.992, 20.742, 17.543, 13.846, 9.208, 4.495, 0.0, 5.227, 10.927, 16.436, 20.479, 23.162, 24.816, 26.28, 27.637, 28.578, 29.545, 29.823, 29.945, 30.822, 32.163, 33.121, 33.146, 33.55, 35.413, 36.433, 36.018, 35.792, 36.434, 36.928, 36.927, 36.689, 36.342, 36.247, 36.601, 37.23, 37.371, 37.319, 37.616, 37.407, 37.593, 38.554, 38.873, 38.908, 39.061, 38.216, 37.714, 38.075, 37.79, 36.904, 36.595, 36.432, 35.983, 35.905, 36.517, 36.916, 36.802, 36.855, 37.258, 37.561, 37.294, 37.125, 37.368, 37.437, 37.414, 37.974, 38.764, 38.979, 38.666, 38.36, 38.704, 39.165, 39.405, 40.096, 40.589, 39.929, 39.221, 39.021, 38.876, 38.894, 39.442, 39.937, 39.971, 39.894, 39.697, 39.652, 39.903, 40.286, 40.297, 39.774, 38.923, 39.228, 39.85, 39.64, 39.341, 39.982, 41.473, 42.679, 43.121, 43.154, 42.593, 42.584, 43.27, 43.525, 44.249, 45.652, 46.086, 45.255, 44.632, 44.693, 44.694, 44.402, 43.422, 41.893, 40.998, 40.019, 38.102, 36.83, 36.995, 37.194, 37.293, 37.755, 37.997, 37.88, 38.045, 38.511, 36.893], [36.91, 36.069, 35.499, 35.482, 35.68, 35.617, 34.802, 33.971, 33.852, 33.935, 33.67, 33.243, 32.54, 31.873, 31.77, 31.342, 28.646, 25.971, 24.97, 24.101, 21.985, 19.02, 15.666, 11.781, 8.503, 5.227, 0.0, 7.105, 14.064, 18.624, 21.327, 23.167, 24.89, 26.4, 27.448, 28.516, 28.865, 29.064, 30.027, 31.462, 32.485, 32.576, 33.147, 35.199, 36.313, 35.92, 35.701, 36.363, 36.886, 36.902, 36.685, 36.378, 36.333, 36.712, 37.323, 37.457, 37.425, 37.72, 37.506, 37.683, 38.63, 38.946, 38.987, 39.139, 38.295, 37.797, 38.17, 37.915, 37.062, 36.754, 36.583, 36.15, 36.07, 36.64, 36.988, 36.875, 36.946, 37.346, 37.627, 37.338, 37.154, 37.39, 37.454, 37.431, 37.981, 38.75, 38.96, 38.657, 38.37, 38.723, 39.186, 39.427, 40.119, 40.602, 39.956, 39.284, 39.106, 38.975, 38.996, 39.55, 40.059, 40.1, 40.024, 39.83, 39.797, 40.059, 40.435, 40.425, 39.912, 39.092, 39.391, 39.991, 39.798, 39.496, 40.078, 41.487, 42.651, 43.081, 43.103, 42.541, 42.53, 43.205, 43.454, 44.172, 45.56, 45.983, 45.154, 44.545, 44.622, 44.64, 44.367, 43.396, 41.857, 40.942, 39.965, 38.104, 36.9, 37.05, 37.229, 37.32, 37.791, 38.042, 37.921, 38.076, 38.538, 37.044], [36.755, 36.085, 35.771, 35.88, 36.075, 36.064, 35.384, 34.674, 34.618, 34.718, 34.447, 34.06, 33.483, 32.967, 32.969, 32.668, 30.23, 27.699, 26.691, 25.869, 23.995, 21.44, 18.583, 15.294, 12.827, 10.927, 7.105, 0.0, 8.439, 14.596, 18.167, 20.417, 22.479, 24.385, 25.801, 27.102, 27.563, 27.877, 28.97, 30.537, 31.639, 31.774, 32.499, 34.751, 35.951, 35.567, 35.358, 36.064, 36.636, 36.659, 36.426, 36.119, 36.102, 36.53, 37.163, 37.28, 37.249, 37.556, 37.341, 37.515, 38.472, 38.805, 38.878, 39.054, 38.21, 37.712, 38.089, 37.847, 37.002, 36.687, 36.497, 36.028, 35.892, 36.389, 36.677, 36.546, 36.621, 37.02, 37.284, 36.964, 36.759, 36.992, 37.047, 37.013, 37.56, 38.326, 38.535, 38.244, 38.001, 38.409, 38.913, 39.172, 39.875, 40.363, 39.755, 39.129, 38.976, 38.846, 38.872, 39.431, 39.953, 39.999, 39.92, 39.729, 39.706, 39.972, 40.329, 40.292, 39.79, 39.016, 39.342, 39.935, 39.74, 39.422, 39.934, 41.256, 42.375, 42.785, 42.791, 42.229, 42.24, 42.904, 43.132, 43.842, 45.239, 45.678, 44.854, 44.244, 44.327, 44.359, 44.098, 43.135, 41.589, 40.655, 39.671, 37.825, 36.629, 36.766, 36.931, 37.013, 37.499, 37.754, 37.627, 37.785, 38.263, 36.839], [37.033, 36.493, 36.385, 36.619, 36.819, 36.85, 36.337, 35.811, 35.839, 35.943, 35.665, 35.326, 34.906, 34.58, 34.69, 34.542, 32.474, 30.204, 29.285, 28.597, 27.017, 24.89, 22.594, 19.902, 17.733, 16.436, 14.064, 8.439, 0.0, 8.054, 13.763, 17.039, 19.447, 21.928, 24.068, 25.765, 26.382, 26.891, 28.187, 29.919, 31.111, 31.338, 32.302, 34.732, 35.961, 35.602, 35.491, 36.313, 36.909, 36.891, 36.658, 36.401, 36.398, 36.823, 37.477, 37.593, 37.528, 37.787, 37.55, 37.717, 38.678, 39.023, 39.096, 39.281, 38.472, 37.982, 38.331, 38.081, 37.258, 36.988, 36.823, 36.332, 36.126, 36.558, 36.856, 36.759, 36.824, 37.187, 37.428, 37.116, 36.934, 37.181, 37.217, 37.137, 37.627, 38.353, 38.561, 38.309, 38.162, 38.656, 39.193, 39.443, 40.129, 40.625, 40.057, 39.473, 39.337, 39.21, 39.252, 39.797, 40.277, 40.309, 40.248, 40.084, 40.071, 40.329, 40.667, 40.62, 40.144, 39.445, 39.789, 40.35, 40.144, 39.808, 40.216, 41.384, 42.423, 42.81, 42.809, 42.28, 42.317, 42.949, 43.158, 43.851, 45.219, 45.664, 44.873, 44.284, 44.362, 44.386, 44.132, 43.191, 41.69, 40.786, 39.832, 38.064, 36.933, 37.074, 37.232, 37.314, 37.8, 38.065, 37.963, 38.13, 38.597, 37.092], [38.053, 37.592, 37.574, 37.85, 38.063, 38.111, 37.671, 37.25, 37.313, 37.409, 37.146, 36.845, 36.531, 36.351, 36.516, 36.427, 34.626, 32.62, 31.82, 31.252, 29.89, 28.033, 26.063, 23.779, 21.798, 20.479, 18.624, 14.596, 8.054, 0.0, 7.716, 12.834, 16.001, 19.047, 21.994, 24.196, 25.039, 25.858, 27.483, 29.444, 30.751, 31.121, 32.394, 35.056, 36.366, 36.071, 36.074, 36.991, 37.576, 37.524, 37.357, 37.232, 37.3, 37.703, 38.351, 38.511, 38.451, 38.648, 38.374, 38.515, 39.454, 39.8, 39.861, 40.048, 39.297, 38.812, 39.108, 38.87, 38.119, 37.935, 37.843, 37.385, 37.177, 37.631, 38.01, 37.992, 38.06, 38.373, 38.585, 38.303, 38.149, 38.392, 38.409, 38.286, 38.69, 39.345, 39.545, 39.338, 39.259, 39.751, 40.241, 40.432, 41.061, 41.535, 40.968, 40.395, 40.273, 40.168, 40.231, 40.756, 41.173, 41.19, 41.168, 41.049, 41.041, 41.282, 41.613, 41.583, 41.179, 40.601, 40.956, 41.469, 41.263, 40.955, 41.293, 42.288, 43.226, 43.593, 43.603, 43.14, 43.221, 43.833, 44.048, 44.726, 46.015, 46.425, 45.685, 45.132, 45.188, 45.192, 44.945, 44.028, 42.568, 41.7, 40.791, 39.121, 38.081, 38.238, 38.389, 38.455, 38.898, 39.173, 39.121, 39.287, 39.701, 38.118], [38.661, 38.181, 38.155, 38.43, 38.665, 38.736, 38.297, 37.855, 37.9, 38.0, 37.75, 37.481, 37.258, 37.197, 37.391, 37.31, 35.699, 33.953, 33.241, 32.68, 31.449, 29.824, 28.104, 26.147, 24.461, 23.162, 21.327, 18.167, 13.763, 7.716, 0.0, 6.773, 11.514, 15.431, 18.914, 21.557, 22.712, 23.835, 25.746, 27.959, 29.427, 29.882, 31.317, 34.225, 35.712, 35.481, 35.51, 36.467, 37.125, 37.161, 37.121, 37.176, 37.399, 37.84, 38.477, 38.7, 38.75, 39.009, 38.735, 38.85, 39.785, 40.144, 40.222, 40.434, 39.733, 39.259, 39.523, 39.295, 38.581, 38.443, 38.393, 37.952, 37.772, 38.278, 38.705, 38.735, 38.824, 39.129, 39.331, 39.054, 38.904, 39.144, 39.164, 39.044, 39.439, 40.09, 40.301, 40.114, 40.018, 40.431, 40.847, 41.005, 41.619, 42.07, 41.468, 40.876, 40.76, 40.669, 40.737, 41.242, 41.63, 41.654, 41.652, 41.558, 41.547, 41.768, 42.108, 42.119, 41.793, 41.297, 41.676, 42.188, 41.991, 41.703, 42.036, 42.977, 43.876, 44.242, 44.256, 43.834, 43.982, 44.633, 44.86, 45.516, 46.754, 47.159, 46.458, 45.882, 45.883, 45.862, 45.617, 44.701, 43.216, 42.324, 41.417, 39.748, 38.695, 38.854, 39.01, 39.064, 39.481, 39.767, 39.736, 39.897, 40.287, 38.76], [38.378, 37.834, 37.75, 38.014, 38.269, 38.383, 37.979, 37.516, 37.538, 37.644, 37.398, 37.161, 37.016, 37.037, 37.26, 37.204, 35.713, 34.167, 33.554, 32.989, 31.807, 30.333, 28.846, 27.23, 25.89, 24.816, 23.167, 20.417, 17.039, 12.834, 6.773, 0.0, 6.247, 11.674, 15.866, 18.912, 20.327, 21.602, 23.62, 25.99, 27.59, 28.027, 29.447, 32.516, 34.161, 33.979, 34.0, 34.974, 35.749, 35.928, 36.005, 36.216, 36.601, 37.119, 37.765, 37.988, 38.123, 38.504, 38.289, 38.428, 39.379, 39.753, 39.843, 40.07, 39.393, 38.926, 39.167, 38.912, 38.17, 38.02, 37.968, 37.516, 37.367, 37.946, 38.417, 38.459, 38.548, 38.863, 39.082, 38.813, 38.675, 38.941, 38.978, 38.859, 39.278, 39.981, 40.221, 40.023, 39.873, 40.243, 40.633, 40.8, 41.462, 41.935, 41.289, 40.634, 40.503, 40.419, 40.476, 40.953, 41.347, 41.384, 41.374, 41.275, 41.253, 41.46, 41.804, 41.838, 41.534, 41.047, 41.449, 41.988, 41.782, 41.486, 41.868, 42.886, 43.822, 44.19, 44.191, 43.769, 43.959, 44.665, 44.905, 45.562, 46.817, 47.258, 46.565, 45.918, 45.858, 45.813, 45.553, 44.61, 43.074, 42.14, 41.202, 39.456, 38.295, 38.436, 38.605, 38.651, 39.055, 39.332, 39.298, 39.478, 39.889, 38.49], [38.213, 37.644, 37.529, 37.793, 38.059, 38.194, 37.862, 37.474, 37.51, 37.599, 37.363, 37.184, 37.118, 37.18, 37.408, 37.377, 35.966, 34.535, 34.0, 33.463, 32.316, 30.92, 29.599, 28.245, 27.158, 26.28, 24.89, 22.479, 19.447, 16.001, 11.514, 6.247, 0.0, 6.867, 12.727, 16.616, 18.233, 19.692, 21.909, 24.422, 26.125, 26.628, 28.159, 31.43, 33.236, 33.13, 33.194, 34.209, 35.06, 35.335, 35.486, 35.773, 36.229, 36.794, 37.477, 37.691, 37.838, 38.265, 38.099, 38.3, 39.272, 39.649, 39.735, 39.966, 39.314, 38.854, 39.06, 38.762, 37.97, 37.768, 37.697, 37.257, 37.146, 37.768, 38.267, 38.315, 38.394, 38.699, 38.917, 38.655, 38.532, 38.813, 38.854, 38.714, 39.115, 39.824, 40.069, 39.849, 39.677, 40.052, 40.439, 40.597, 41.292, 41.813, 41.175, 40.508, 40.39, 40.319, 40.358, 40.821, 41.218, 41.251, 41.229, 41.122, 41.102, 41.325, 41.688, 41.735, 41.426, 40.935, 41.348, 41.899, 41.687, 41.386, 41.785, 42.84, 43.802, 44.177, 44.179, 43.756, 43.939, 44.653, 44.904, 45.58, 46.863, 47.322, 46.635, 45.954, 45.857, 45.791, 45.518, 44.555, 42.993, 42.034, 41.07, 39.279, 38.049, 38.161, 38.326, 38.356, 38.728, 38.985, 38.953, 39.158, 39.577, 38.311], [38.229, 37.634, 37.487, 37.748, 38.027, 38.168, 37.879, 37.578, 37.669, 37.776, 37.566, 37.427, 37.416, 37.538, 37.789, 37.749, 36.415, 35.155, 34.684, 34.129, 32.983, 31.656, 30.47, 29.318, 28.416, 27.637, 26.4, 24.385, 21.928, 19.047, 15.431, 11.674, 6.867, 0.0, 7.565, 12.799, 14.993, 16.804, 19.35, 22.081, 23.937, 24.623, 26.445, 30.162, 32.327, 32.382, 32.543, 33.654, 34.643, 35.064, 35.304, 35.635, 36.126, 36.722, 37.459, 37.716, 37.862, 38.269, 38.121, 38.403, 39.424, 39.796, 39.874, 40.111, 39.468, 39.007, 39.193, 38.863, 38.017, 37.752, 37.662, 37.249, 37.152, 37.731, 38.189, 38.222, 38.293, 38.58, 38.773, 38.492, 38.362, 38.647, 38.702, 38.57, 38.958, 39.659, 39.901, 39.674, 39.506, 39.903, 40.3, 40.455, 41.177, 41.74, 41.127, 40.493, 40.402, 40.336, 40.38, 40.867, 41.267, 41.28, 41.233, 41.108, 41.095, 41.362, 41.766, 41.82, 41.5, 40.991, 41.416, 42.001, 41.804, 41.493, 41.878, 42.929, 43.896, 44.281, 44.298, 43.88, 44.045, 44.755, 45.02, 45.717, 47.02, 47.493, 46.815, 46.124, 46.011, 45.943, 45.671, 44.694, 43.086, 42.071, 41.062, 39.216, 37.916, 37.991, 38.144, 38.164, 38.532, 38.794, 38.766, 38.981, 39.402, 38.33], [38.136, 37.514, 37.345, 37.599, 37.889, 38.055, 37.776, 37.484, 37.624, 37.801, 37.618, 37.481, 37.498, 37.7, 38.015, 37.969, 36.712, 35.638, 35.213, 34.593, 33.403, 32.115, 31.028, 30.027, 29.277, 28.578, 27.448, 25.801, 24.068, 21.994, 18.914, 15.866, 12.727, 7.565, 0.0, 6.466, 10.12, 12.795, 15.675, 18.717, 20.868, 21.735, 23.866, 28.162, 30.79, 31.075, 31.411, 32.69, 33.878, 34.492, 34.828, 35.193, 35.721, 36.343, 37.123, 37.468, 37.672, 38.095, 37.961, 38.299, 39.361, 39.716, 39.791, 40.028, 39.373, 38.903, 39.1, 38.77, 37.888, 37.574, 37.473, 37.069, 36.947, 37.477, 37.892, 37.895, 37.961, 38.257, 38.448, 38.151, 38.005, 38.299, 38.393, 38.314, 38.749, 39.484, 39.744, 39.527, 39.358, 39.773, 40.201, 40.382, 41.133, 41.723, 41.102, 40.445, 40.329, 40.269, 40.341, 40.857, 41.261, 41.266, 41.191, 41.031, 41.013, 41.304, 41.714, 41.745, 41.395, 40.842, 41.261, 41.872, 41.681, 41.353, 41.745, 42.823, 43.801, 44.179, 44.188, 43.762, 43.938, 44.677, 44.956, 45.645, 46.932, 47.413, 46.744, 46.041, 45.9