[[0.0, 5.947, 13.439, 17.666, 19.758, 22.341, 23.806, 24.696, 26.396, 28.389, 29.7, 30.388, 30.817, 31.832, 33.816, 35.827, 36.419, 36.07, 36.819, 39.399, 41.88, 42.11, 41.234, 41.304, 42.15, 42.912, 43.389, 43.654, 43.347, 43.054, 43.549, 44.196, 44.076, 43.456, 43.154, 43.21, 42.761, 41.96, 41.539, 41.286, 40.799, 40.277, 39.92, 39.544, 39.471, 39.801, 39.291, 38.194, 37.995, 38.441, 38.724, 38.509, 38.177, 38.221, 38.013, 37.15, 36.417, 36.225, 36.192, 35.908, 35.538, 35.523, 35.684, 35.805, 36.073, 36.559, 37.029, 36.981, 36.414, 36.027, 36.248, 36.397, 36.437, 36.411, 36.229, 36.239, 36.71, 37.357, 37.52, 37.528, 37.766, 37.84, 37.546, 37.044, 36.83, 37.472, 38.384, 38.446, 38.165, 38.243, 37.892, 36.721, 36.173, 36.573, 36.694, 36.096, 35.9, 36.221, 36.636, 36.191, 34.735, 34.156, 34.502, 34.632, 34.447, 34.662, 35.255, 35.814, 36.216, 36.382, 35.913, 35.695, 36.461, 37.743, 38.289, 38.569, 38.986, 39.023, 38.913, 38.893, 38.913, 38.84, 38.662, 38.353, 38.174, 38.414, 38.578, 38.384, 38.084, 37.61, 37.209, 36.819, 36.322, 36.272, 36.501, 36.727, 37.142, 37.446, 37.238, 36.976, 36.545, 36.286, 36.67, 37.067, 5.632], [5.947, 0.0, 9.021, 14.24, 16.79, 19.728, 21.345, 22.361, 24.327, 26.556, 27.994, 28.819, 29.401, 30.581, 32.805, 35.01, 35.664, 35.311, 36.102, 38.842, 41.449, 41.689, 40.782, 40.855, 41.734, 42.533, 43.041, 43.319, 43.001, 42.706, 43.222, 43.889, 43.771, 43.152, 42.864, 42.926, 42.456, 41.624, 41.175, 40.901, 40.396, 39.875, 39.524, 39.11, 38.986, 39.298, 38.755, 37.605, 37.371, 37.834, 38.14, 37.922, 37.57, 37.605, 37.372, 36.46, 35.691, 35.513, 35.488, 35.165, 34.739, 34.71, 34.882, 35.013, 35.309, 35.834, 36.319, 36.271, 35.68, 35.294, 35.594, 35.78, 35.817, 35.789, 35.613, 35.643, 36.153, 36.835, 37.015, 37.039, 37.306, 37.381, 37.075, 36.572, 36.355, 37.019, 37.97, 38.025, 37.714, 37.797, 37.447, 36.228, 35.663, 36.106, 36.242, 35.617, 35.419, 35.764, 36.23, 35.773, 34.178, 33.477, 33.802, 33.946, 33.754, 33.967, 34.58, 35.159, 35.569, 35.71, 35.168, 34.917, 35.731, 37.082, 37.677, 37.99, 38.432, 38.482, 38.379, 38.364, 38.388, 38.33, 38.163, 37.846, 37.675, 37.943, 38.121, 37.921, 37.605, 37.103, 36.66, 36.239, 35.744, 35.718, 35.966, 36.211, 36.659, 36.98, 36.732, 36.454, 36.043, 35.802, 36.208, 36.616, 9.48], [13.439, 9.021, 0.0, 7.038, 12.113, 16.145, 18.042, 19.608, 22.365, 25.05, 26.76, 27.922, 28.84, 30.201, 32.487, 34.734, 35.433, 35.117, 35.909, 38.651, 41.272, 41.532, 40.637, 40.714, 41.609, 42.411, 42.881, 43.133, 42.836, 42.56, 43.048, 43.682, 43.571, 42.985, 42.73, 42.802, 42.336, 41.534, 41.115, 40.861, 40.381, 39.894, 39.559, 39.14, 38.981, 39.235, 38.687, 37.576, 37.335, 37.781, 38.093, 37.878, 37.518, 37.549, 37.309, 36.39, 35.668, 35.585, 35.602, 35.282, 34.868, 34.854, 35.033, 35.189, 35.512, 36.042, 36.497, 36.434, 35.87, 35.504, 35.822, 36.0, 36.009, 36.027, 35.915, 35.926, 36.375, 37.03, 37.219, 37.254, 37.528, 37.611, 37.313, 36.827, 36.634, 37.284, 38.201, 38.251, 37.941, 38.02, 37.677, 36.501, 35.978, 36.422, 36.538, 35.929, 35.758, 36.115, 36.593, 36.159, 34.553, 33.769, 34.055, 34.216, 34.04, 34.226, 34.781, 35.322, 35.724, 35.829, 35.24, 34.981, 35.786, 37.076, 37.627, 37.946, 38.4, 38.479, 38.413, 38.426, 38.47, 38.434, 38.292, 37.986, 37.796, 38.012, 38.149, 37.951, 37.66, 37.18, 36.738, 36.341, 35.907, 35.905, 36.153, 36.404, 36.854, 37.166, 36.891, 36.598, 36.236, 36.059, 36.481, 36.883, 15.355], [17.666, 14.24, 7.038, 0.0, 7.386, 12.596, 14.854, 16.892, 20.346, 23.465, 25.435, 26.862, 28.015, 29.524, 31.972, 34.337, 35.078, 34.791, 35.613, 38.384, 41.048, 41.358, 40.486, 40.574, 41.511, 42.367, 42.849, 43.096, 42.81, 42.547, 43.034, 43.66, 43.551, 42.969, 42.717, 42.802, 42.36, 41.581, 41.176, 40.935, 40.484, 40.036, 39.713, 39.283, 39.113, 39.354, 38.811, 37.711, 37.473, 37.909, 38.21, 37.992, 37.648, 37.702, 37.46, 36.519, 35.812, 35.775, 35.812, 35.478, 35.044, 35.021, 35.207, 35.371, 35.694, 36.199, 36.625, 36.546, 35.982, 35.638, 35.984, 36.166, 36.176, 36.213, 36.103, 36.097, 36.521, 37.159, 37.358, 37.405, 37.684, 37.776, 37.485, 36.999, 36.798, 37.434, 38.332, 38.373, 38.062, 38.143, 37.801, 36.635, 36.126, 36.584, 36.716, 36.125, 35.944, 36.287, 36.767, 36.355, 34.792, 34.033, 34.324, 34.494, 34.314, 34.477, 34.996, 35.524, 35.925, 36.014, 35.391, 35.103, 35.902, 37.176, 37.687, 37.972, 38.415, 38.503, 38.446, 38.478, 38.542, 38.517, 38.382, 38.086, 37.9, 38.087, 38.189, 37.988, 37.715, 37.245, 36.807, 36.433, 36.015, 36.004, 36.252, 36.513, 36.978, 37.297, 37.022, 36.741, 36.419, 36.265, 36.701, 37.112, 19.195], [19.758, 16.79, 12.113, 7.386, 0.0, 6.21, 9.403, 12.107, 16.302, 20.117, 22.465, 24.172, 25.597, 27.345, 30.211, 32.975, 33.902, 33.672, 34.569, 37.503, 40.338, 40.751, 39.882, 39.972, 40.982, 41.976, 42.593, 42.912, 42.625, 42.394, 42.986, 43.692, 43.591, 42.98, 42.692, 42.751, 42.283, 41.46, 41.003, 40.739, 40.27, 39.786, 39.43, 38.979, 38.822, 39.111, 38.584, 37.446, 37.22, 37.682, 37.958, 37.714, 37.379, 37.472, 37.24, 36.278, 35.542, 35.468, 35.474, 35.101, 34.601, 34.542, 34.747, 34.925, 35.25, 35.753, 36.169, 36.072, 35.47, 35.105, 35.452, 35.641, 35.668, 35.694, 35.531, 35.508, 35.963, 36.635, 36.854, 36.913, 37.207, 37.31, 37.024, 36.542, 36.327, 36.955, 37.871, 37.915, 37.587, 37.665, 37.331, 36.143, 35.611, 36.099, 36.288, 35.716, 35.498, 35.823, 36.339, 35.967, 34.423, 33.702, 34.005, 34.179, 34.009, 34.194, 34.761, 35.32, 35.717, 35.786, 35.109, 34.773, 35.609, 36.979, 37.515, 37.783, 38.232, 38.318, 38.241, 38.277, 38.35, 38.321, 38.183, 37.898, 37.743, 37.951, 38.052, 37.853, 37.577, 37.075, 36.598, 36.205, 35.769, 35.745, 35.986, 36.25, 36.747, 37.098, 36.837, 36.584, 36.299, 36.15, 36.595, 37.013, 21.221], [22.341, 19.728, 16.145, 12.596, 6.21, 0.0, 4.279, 8.368, 13.432, 17.742, 20.342, 22.287, 24.007, 25.974, 29.098, 32.123, 33.213, 33.072, 34.018, 36.993, 39.904, 40.41, 39.567, 39.65, 40.689, 41.775, 42.515, 42.912, 42.647, 42.472, 43.152, 43.899, 43.805, 43.198, 42.903, 42.942, 42.464, 41.638, 41.177, 40.925, 40.465, 39.955, 39.568, 39.119, 38.985, 39.306, 38.815, 37.685, 37.474, 37.946, 38.197, 37.934, 37.597, 37.696, 37.49, 36.566, 35.853, 35.773, 35.776, 35.418, 34.93, 34.867, 35.08, 35.262, 35.565, 36.029, 36.412, 36.295, 35.68, 35.284, 35.567, 35.731, 35.76, 35.79, 35.625, 35.604, 36.054, 36.72, 36.939, 36.991, 37.273, 37.381, 37.117, 36.671, 36.476, 37.07, 37.954, 38.01, 37.692, 37.76, 37.455, 36.325, 35.807, 36.271, 36.471, 35.947, 35.735, 36.042, 36.548, 36.221, 34.772, 34.116, 34.413, 34.589, 34.448, 34.641, 35.214, 35.763, 36.126, 36.171, 35.5, 35.161, 35.99, 37.352, 37.85, 38.088, 38.532, 38.622, 38.543, 38.579, 38.651, 38.62, 38.492, 38.225, 38.082, 38.28, 38.375, 38.192, 37.932, 37.428, 36.947, 36.56, 36.151, 36.136, 36.357, 36.593, 37.065, 37.408, 37.166, 36.947, 36.706, 36.58, 37.025, 37.438, 23.611], [23.806, 21.345, 18.042, 14.854, 9.403, 4.279, 0.0, 5.232, 11.389, 16.325, 19.156, 21.183, 22.996, 25.072, 28.37, 31.579, 32.75, 32.634, 33.624, 36.672, 39.648, 40.188, 39.337, 39.426, 40.508, 41.643, 42.416, 42.833, 42.574, 42.41, 43.125, 43.895, 43.807, 43.2, 42.908, 42.947, 42.458, 41.616, 41.147, 40.9, 40.446, 39.945, 39.556, 39.096, 38.956, 39.274, 38.773, 37.625, 37.424, 37.919, 38.177, 37.91, 37.572, 37.672, 37.462, 36.534, 35.817, 35.74, 35.758, 35.402, 34.912, 34.855, 35.087, 35.27, 35.555, 36.0, 36.372, 36.242, 35.596, 35.167, 35.414, 35.562, 35.599, 35.627, 35.451, 35.433, 35.901, 36.584, 36.807, 36.86, 37.149, 37.271, 37.014, 36.569, 36.372, 36.971, 37.876, 37.945, 37.623, 37.679, 37.372, 36.24, 35.704, 36.15, 36.348, 35.84, 35.635, 35.933, 36.436, 36.12, 34.686, 34.047, 34.378, 34.578, 34.419, 34.609, 35.209, 35.767, 36.119, 36.152, 35.471, 35.134, 35.983, 37.364, 37.852, 38.084, 38.533, 38.62, 38.534, 38.565, 38.632, 38.598, 38.47, 38.204, 38.062, 38.248, 38.327, 38.147, 37.899, 37.387, 36.883, 36.485, 36.084, 36.085, 36.315, 36.553, 37.022, 37.355, 37.114, 36.909, 36.683, 36.568, 37.029, 37.454, 24.954], [24.696, 22.361, 19.608, 16.892, 12.107, 8.368, 5.232, 0.0, 7.206, 13.469, 17.043, 19.189, 20.925, 23.075, 26.747, 30.34, 31.646, 31.531, 32.612, 35.885, 39.028, 39.589, 38.687, 38.789, 39.946, 41.136, 41.936, 42.372, 42.106, 41.942, 42.712, 43.537, 43.448, 42.814, 42.506, 42.543, 42.028, 41.117, 40.589, 40.311, 39.843, 39.352, 38.963, 38.466, 38.295, 38.61, 38.072, 36.885, 36.716, 37.259, 37.545, 37.285, 36.96, 37.078, 36.847, 35.868, 35.1, 34.981, 34.977, 34.582, 34.043, 33.983, 34.24, 34.416, 34.681, 35.132, 35.531, 35.411, 34.703, 34.25, 34.56, 34.745, 34.807, 34.812, 34.583, 34.561, 35.087, 35.821, 36.05, 36.102, 36.432, 36.588, 36.322, 35.838, 35.627, 36.285, 37.267, 37.337, 36.979, 37.018, 36.685, 35.459, 34.844, 35.304, 35.517, 34.97, 34.732, 35.021, 35.544, 35.229, 33.754, 33.131, 33.546, 33.804, 33.618, 33.826, 34.525, 35.143, 35.494, 35.504, 34.774, 34.423, 35.333, 36.804, 37.319, 37.561, 38.034, 38.107, 37.989, 38.014, 38.086, 38.046, 37.904, 37.633, 37.507, 37.713, 37.801, 37.62, 37.363, 36.804, 36.248, 35.805, 35.366, 35.366, 35.619, 35.886, 36.393, 36.735, 36.477, 36.282, 36.046, 35.916, 36.412, 36.867, 25.776], [26.396, 24.327, 22.365, 20.346, 16.302, 13.432, 11.389, 7.206, 0.0, 7.759, 13.047, 16.026, 17.939, 20.386, 24.716, 28.791, 30.283, 30.224, 31.442, 34.951, 38.276, 38.889, 37.972, 38.097, 39.294, 40.53, 41.401, 41.899, 41.65, 41.513, 42.347, 43.207, 43.103, 42.458, 42.15, 42.183, 41.66, 40.706, 40.126, 39.823, 39.346, 38.852, 38.451, 37.928, 37.742, 38.077, 37.534, 36.341, 36.198, 36.764, 37.07, 36.824, 36.511, 36.648, 36.411, 35.418, 34.64, 34.478, 34.443, 34.033, 33.474, 33.403, 33.651, 33.815, 34.063, 34.518, 34.955, 34.858, 34.084, 33.625, 34.06, 34.332, 34.434, 34.409, 34.124, 34.085, 34.632, 35.388, 35.615, 35.648, 35.994, 36.186, 35.926, 35.431, 35.232, 35.927, 36.938, 37.001, 36.615, 36.645, 36.305, 35.026, 34.348, 34.813, 35.036, 34.453, 34.18, 34.451, 34.965, 34.661, 33.231, 32.699, 33.2, 33.518, 33.334, 33.543, 34.29, 34.923, 35.234, 35.203, 34.444, 34.09, 35.016, 36.513, 37.007, 37.207, 37.674, 37.733, 37.592, 37.62, 37.699, 37.656, 37.519, 37.271, 37.177, 37.41, 37.518, 37.348, 37.088, 36.497, 35.924, 35.468, 35.001, 34.982, 35.229, 35.491, 36.007, 36.344, 36.081, 35.918, 35.698, 35.559, 36.071, 36.547, 27.398], [28.389, 26.556, 25.05, 23.465, 20.117, 17.742, 16.325, 13.469, 7.759, 0.0, 7.163, 12.121, 15.138, 18.184, 23.15, 27.603, 29.248, 29.305, 30.694, 34.332, 37.725, 38.396, 37.554, 37.715, 38.901, 40.181, 41.157, 41.721, 41.5, 41.41, 42.26, 43.087, 42.975, 42.362, 42.078, 42.115, 41.621, 40.702, 40.133, 39.827, 39.347, 38.863, 38.493, 37.996, 37.814, 38.166, 37.697, 36.574, 36.411, 36.931, 37.244, 37.028, 36.719, 36.841, 36.608, 35.677, 34.983, 34.844, 34.822, 34.465, 33.965, 33.901, 34.124, 34.289, 34.541, 34.991, 35.432, 35.333, 34.551, 34.122, 34.593, 34.904, 35.031, 34.984, 34.675, 34.619, 35.124, 35.849, 36.069, 36.081, 36.388, 36.574, 36.334, 35.871, 35.706, 36.372, 37.323, 37.382, 37.005, 37.022, 36.689, 35.477, 34.824, 35.255, 35.464, 34.912, 34.659, 34.923, 35.387, 35.081, 33.762, 33.329, 33.823, 34.128, 33.958, 34.134, 34.836, 35.421, 35.683, 35.628, 34.903, 34.567, 35.435, 36.857, 37.305, 37.445, 37.865, 37.918, 37.784, 37.812, 37.884, 37.845, 37.737, 37.531, 37.46, 37.695, 37.802, 37.644, 37.398, 36.846, 36.315, 35.893, 35.456, 35.438, 35.659, 35.872, 36.319, 36.628, 36.402, 36.298, 36.122, 35.979, 36.456, 36.917, 29.359], [29.7, 27.994, 26.76, 25.435, 22.465, 20.342, 19.156, 17.043, 13.047, 7.163, 0.0, 6.834, 11.79, 15.649, 20.976, 25.75, 27.583, 27.804, 29.415, 33.226, 36.73, 37.529, 36.824, 37.047, 38.258, 39.644, 40.765, 41.406, 41.205, 41.175, 42.088, 42.927, 42.82, 42.227, 41.961, 42.025, 41.584, 40.715, 40.154, 39.856, 39.422, 39.0, 38.693, 38.232, 38.052, 38.407, 38.04, 37.017, 36.831, 37.292, 37.61, 37.432, 37.129, 37.225, 36.974, 36.08, 35.437, 35.311, 35.281, 34.922, 34.434, 34.373, 34.606, 34.786, 35.045, 35.507, 35.95, 35.852, 35.119, 34.746, 35.184, 35.479, 35.597, 35.528, 35.211, 35.16, 35.657, 36.348, 36.535, 36.52, 36.783, 36.944, 36.716, 36.274, 36.111, 36.749, 37.666, 37.723, 37.357, 37.354, 37.009, 35.857, 35.244, 35.642, 35.843, 35.34, 35.088, 35.337, 35.763, 35.455, 34.231, 33.851, 34.264, 34.521, 34.387, 34.556, 35.215, 35.775, 36.026, 35.983, 35.312, 35.019, 35.87, 37.238, 37.686, 37.827, 38.224, 38.278, 38.144, 38.157, 38.224, 38.188, 38.091, 37.896, 37.821, 38.046, 38.158, 38.02, 37.788, 37.275, 36.784, 36.389, 35.977, 35.972, 36.191, 36.369, 36.749, 37.039, 36.868, 36.802, 36.634, 36.474, 36.909, 37.337, 30.655], [30.388, 28.819, 27.922, 26.862, 24.172, 22.287, 21.183, 19.189, 16.026, 12.121, 6.834, 0.0, 6.556, 11.891, 17.898, 22.899, 24.825, 25.197, 27.097, 31.253, 35.044, 36.044, 35.504, 35.826, 37.105, 38.612, 39.869, 40.586, 40.391, 40.418, 41.471, 42.402, 42.305, 41.711, 41.475, 41.591, 41.21, 40.408, 39.872, 39.594, 39.268, 38.972, 38.703, 38.226, 38.028, 38.355, 38.004, 37.018, 36.835, 37.295, 37.648, 37.487, 37.171, 37.26, 37.005, 36.078, 35.376, 35.194, 35.122, 34.723, 34.2, 34.124, 34.368, 34.554, 34.796, 35.253, 35.702, 35.617, 34.901, 34.569, 35.026, 35.315, 35.421, 35.338, 35.008, 35.001, 35.562, 36.249, 36.385, 36.342, 36.608, 36.765, 36.532, 36.064, 35.872, 36.542, 37.506, 37.561, 37.187, 37.174, 36.801, 35.626, 35.005, 35.397, 35.585, 35.074, 34.782, 34.992, 35.398, 35.099, 33.932, 33.611, 34.022, 34.28, 34.178, 34.35, 34.999, 35.562, 35.825, 35.798, 35.157, 34.913, 35.787, 37.146, 37.607, 37.784, 38.201, 38.256, 38.1, 38.079, 38.128, 38.084, 37.971, 37.747, 37.665, 37.921, 38.073, 37.96, 37.728, 37.202, 36.718, 36.339, 35.942, 35.953, 36.175, 36.337, 36.697, 36.995, 36.859, 36.802, 36.61, 36.436, 36.871, 37.291, 31.298], [30.817, 29.401, 28.84, 28.015, 25.597, 24.007, 22.996, 20.925, 17.939, 15.138, 11.79, 6.556, 0.0, 7.128, 14.895, 20.545, 22.486, 22.845, 25.019, 29.644, 33.791, 34.929, 34.452, 34.845, 36.201, 37.779, 39.09, 39.841, 39.635, 39.671, 40.822, 41.844, 41.754, 41.138, 40.918, 41.063, 40.704, 39.937, 39.43, 39.177, 38.943, 38.754, 38.499, 37.985, 37.776, 38.104, 37.701, 36.655, 36.469, 36.986, 37.409, 37.26, 36.933, 37.042, 36.819, 35.856, 35.051, 34.786, 34.693, 34.286, 33.743, 33.645, 33.872, 34.023, 34.22, 34.646, 35.084, 34.991, 34.224, 33.88, 34.407, 34.712, 34.816, 34.728, 34.372, 34.378, 35.008, 35.739, 35.869, 35.828, 36.137, 36.318, 36.072, 35.558, 35.344, 36.084, 37.13, 37.175, 36.763, 36.734, 36.316, 35.04, 34.369, 34.786, 34.968, 34.393, 34.026, 34.206, 34.618, 34.31, 33.139, 32.88, 33.375, 33.671, 33.576, 33.775, 34.462, 35.055, 35.335, 35.307, 34.642, 34.4, 35.308, 36.686, 37.139, 37.342, 37.802, 37.85, 37.66, 37.604, 37.633, 37.574, 37.427, 37.168, 37.095, 37.396, 37.578, 37.465, 37.22, 36.656, 36.145, 35.75, 35.354, 35.381, 35.614, 35.793, 36.189, 36.521, 36.408, 36.365, 36.161, 35.978, 36.429, 36.866, 31.644], [31.832, 30.581, 30.201, 29.524, 27.345, 25.974, 25.072, 23.075, 20.386, 18.184, 15.649, 11.891, 7.128, 0.0, 9.561, 16.884, 19.475, 19.834, 22.12, 27.192, 31.784, 33.183, 32.812, 33.282, 34.748, 36.477, 37.942, 38.787, 38.599, 38.677, 39.955, 41.082, 41.014, 40.382, 40.18, 40.376, 40.064, 39.316, 38.813, 38.616, 38.513, 38.441, 38.209, 37.673, 37.476, 37.836, 37.447, 36.417, 36.257, 36.812, 37.292, 37.185, 36.881, 37.008, 36.81, 35.839, 34.968, 34.664, 34.57, 34.161, 33.607, 33.488, 33.673, 33.758, 33.883, 34.285, 34.715, 34.614, 33.849, 33.522, 34.086, 34.383, 34.445, 34.334, 33.974, 33.98, 34.621, 35.341, 35.437, 35.393, 35.744, 35.951, 35.694, 35.152, 34.924, 35.686, 36.779, 36.825, 36.38, 36.294, 35.817, 34.494, 33.824, 34.262, 34.411, 33.742, 33.301, 33.477, 33.888, 33.611, 32.556, 32.368, 32.82, 33.119, 33.105, 33.367, 34.05, 34.643, 34.945, 34.922, 34.236, 33.992, 34.919, 36.263, 36.663, 36.913, 37.448, 37.502, 37.288, 37.218, 37.252, 37.183, 37.005, 36.733, 36.666, 36.964, 37.155, 37.057, 36.815, 36.222, 35.687, 35.293, 34.939, 35.012, 35.272, 35.484, 35.913, 36.272, 36.192, 36.172, 35.971, 35.792, 36.243, 36.682, 32.522], [33.816, 32.805, 32.487, 31.972, 30.211, 29.098, 28.37, 26.747, 24.716, 23.15, 20.976, 17.898, 14.895, 9.561, 0.0, 9.1, 13.346, 14.369, 16.638, 22.04, 27.364, 29.466, 29.578, 30.305, 31.926, 33.91, 35.73, 36.801, 36.666, 36.882, 38.416, 39.72, 39.71, 39.132, 39.041, 39.373, 39.241, 38.658, 38.193, 38.106, 38.327, 38.52, 38.349, 37.82, 37.671, 38.122, 37.927, 37.087, 36.962, 37.47, 37.95, 37.871, 37.578, 37.71, 37.546, 36.614, 35.76, 35.478, 35.381, 34.974, 34.461, 34.355, 34.527, 34.57, 34.606, 34.955, 35.353, 35.275, 34.645, 34.422, 34.928, 35.155, 35.159, 35.021, 34.659, 34.66, 35.222, 35.774, 35.704, 35.563, 35.894, 36.107, 35.843, 35.299, 35.07, 35.778, 36.831, 36.928, 36.52, 36.364, 35.896, 34.776, 34.238, 34.595, 34.64, 33.961, 33.541, 33.698, 34.047, 33.906, 33.257, 33.246, 33.568, 33.85, 33.944, 34.17, 34.685, 35.179, 35.469, 35.446, 34.829, 34.669, 35.507, 36.644, 36.947, 37.249, 37.841, 37.931, 37.742, 37.684, 37.738, 37.679, 37.492, 37.224, 37.133, 37.354, 37.539, 37.497, 37.316, 36.774, 36.283, 35.978, 35.766, 35.912, 36.173, 36.362, 36.723, 37.049, 37.018, 37.017, 36.825, 36.687, 37.122, 37.542, 34.359], [35.827, 35.01, 34.734, 34.337, 32.975, 32.123, 31.579, 30.34, 28.791, 27.603, 25.75, 22.899, 20.545, 16.884, 9.1, 0.0, 6.126, 9.283, 12.252, 17.562, 23.313, 26.137, 26.927, 28.013, 29.737, 31.867, 33.957, 35.24, 35.18, 35.492, 37.198, 38.628, 38.666, 38.174, 38.239, 38.723, 38.809, 38.489, 38.131, 38.136, 38.715, 39.263, 39.196, 38.666, 38.537, 39.082, 39.122, 38.502, 38.392, 38.804, 39.235, 39.145, 38.835, 38.97, 38.862, 38.006, 37.226, 36.989, 36.909, 36.571, 36.147, 36.06, 36.232, 36.271, 36.24, 36.496, 36.827, 36.76, 36.232, 36.121, 36.585, 36.766, 36.765, 36.647, 36.29, 36.285, 36.773, 37.196, 37.003, 36.751, 37.022, 37.231, 36.98, 36.461, 36.271, 36.963, 37.952, 38.09, 37.752, 37.597, 37.198, 36.322, 35.915, 36.173, 36.141, 35.501, 35.098, 35.203, 35.472, 35.428, 35.109, 35.271, 35.577, 35.842, 35.896, 35.992, 36.351, 36.738, 36.973, 36.924, 36.395, 36.32, 37.029, 37.926, 38.147, 38.44, 39.014, 39.122, 38.97, 38.938, 39.006, 38.961, 38.78, 38.513, 38.389, 38.529, 38.665, 38.64, 38.515, 38.06, 37.651, 37.445, 37.336, 37.491, 37.704, 37.827, 38.095, 38.375, 38.359, 38.368, 38.21, 38.121, 38.537, 38.941, 36.303], [36.419, 35.664, 35.433, 35.078, 33.902, 33.213, 32.75, 31.646, 30.283, 29.248, 27.583, 24.825, 22.486, 19.475, 13.346, 6.126, 0.0, 5.322, 10.415, 16.166, 21.722, 24.524, 25.546, 26.871, 28.7, 30.899, 33.064, 34.412, 34.385, 34.706, 36.433, 37.905, 37.96, 37.49, 37.617, 38.184, 38.374, 38.185, 37.907, 37.926, 38.602, 39.319, 39.345, 38.815, 38.629, 39.201, 39.379, 38.866, 38.757, 39.133, 39.556, 39.477, 39.157, 39.277, 39.198, 38.365, 37.593, 37.393, 37.368, 37.078, 36.654, 36.521, 36.668, 36.716, 36.687, 36.913, 37.216, 37.136, 36.605, 36.535, 37.023, 37.213, 37.232, 37.133, 36.786, 36.786, 37.271, 37.69, 37.492, 37.222, 37.476, 37.682, 37.445, 36.945, 36.776, 37.492, 38.488, 38.631, 38.311, 38.18, 37.809, 36.981, 36.613, 36.878, 36.849, 36.216, 35.803, 35.889, 36.137, 36.076, 35.785, 36.005, 36.367, 36.644, 36.642, 36.68, 37.004, 37.368, 37.582, 37.512, 36.979, 36.876, 37.517, 38.306, 38.463, 38.724, 39.288, 39.402, 39.247, 39.215, 39.293, 39.254, 39.061, 38.792, 38.678, 38.811, 38.917, 38.871, 38.745, 38.317, 37.929, 37.742, 37.662, 37.82, 38.017, 38.118, 38.37, 38.659, 38.661, 38.687, 38.557, 38.487, 38.892, 39.285, 36.878], [36.07, 35.311, 35.117, 34.791, 33.672, 33.072, 32.634, 31.531, 30.224, 29.305, 27.804, 25.197, 22.845, 19.834, 14.369, 9.283, 5.322, 0.0, 6.985, 14.526, 20.602, 23.216, 24.097, 25.494, 27.458, 29.78, 32.028, 33.417, 33.39, 33.718, 35.48, 36.991, 37.062, 36.597, 36.755, 37.368, 37.58, 37.399, 37.157, 37.219, 37.907, 38.654, 38.742, 38.258, 38.095, 38.702, 38.886, 38.342, 38.22, 38.609, 39.053, 38.989, 38.671, 38.785, 38.693, 37.823, 37.004, 36.806, 36.8, 36.499, 36.047, 35.893, 36.034, 36.094, 36.099, 36.357, 36.683, 36.59, 36.002, 35.904, 36.412, 36.612, 36.633, 36.555, 36.234, 36.242, 36.745, 37.202, 37.034, 36.787, 37.066, 37.277, 37.036, 36.527, 36.342, 37.057, 38.051, 38.166, 37.824, 37.694, 37.302, 36.409, 36.012, 36.305, 36.298, 35.668, 35.276, 35.378, 35.651, 35.572, 35.188, 35.357, 35.752, 36.079, 36.086, 36.132, 36.479, 36.866, 37.095, 37.02, 36.435, 36.285, 36.945, 37.758, 37.909, 38.18, 38.764, 38.878, 38.713, 38.677, 38.759, 38.719, 38.514, 38.236, 38.123, 38.271, 38.394, 38.349, 38.207, 37.764, 37.361, 37.148, 37.04, 37.196, 37.407, 37.532, 37.823, 38.145, 38.148, 38.169, 38.031, 37.954, 38.361, 38.763, 36.523], [36.819, 36.102, 35.909, 35.613, 34.569, 34.018, 33.624, 32.612, 31.442, 30.694, 29.415, 27.097, 25.019, 22.12, 16.638, 12.252, 10.415, 6.985, 0.0, 9.339, 17.131, 20.618, 21.81, 23.255, 25.307, 27.802, 30.264, 31.796, 31.79, 32.199, 34.16, 35.812, 35.939, 35.57, 35.87, 36.573, 36.832, 36.693, 36.498, 36.723, 37.68, 38.597, 38.754, 38.349, 38.362, 39.115, 39.329, 38.763, 38.614, 38.998, 39.438, 39.354, 39.015, 39.116, 39.02, 38.154, 37.316, 37.084, 37.053, 36.752, 36.347, 36.238, 36.384, 36.439, 36.437, 36.705, 37.046, 36.948, 36.348, 36.204, 36.64, 36.791, 36.775, 36.701, 36.381, 36.393, 36.909, 37.339, 37.125, 36.859, 37.142, 37.364, 37.128, 36.624, 36.419, 37.06, 37.973, 38.081, 37.742, 37.58, 37.19, 36.371, 35.985, 36.201, 36.162, 35.611, 35.307, 35.393, 35.648, 35.682, 35.419, 35.532, 35.834, 36.219, 36.334, 36.373, 36.646, 37.002, 37.231, 37.147, 36.57, 36.469, 37.16, 37.95, 38.087, 38.417, 39.029, 39.151, 39.034, 39.039, 39.132, 39.096, 38.9, 38.617, 38.463, 38.552, 38.685, 38.679, 38.554, 38.111, 37.729, 37.553, 37.462, 37.617, 37.821, 37.942, 38.222, 38.524, 38.517, 38.522, 38.368, 38.292, 38.712, 39.132, 37.226], [39.399, 38.842, 38.651, 38.384, 37.503, 36.993, 36.672, 35.885, 34.951, 34.332, 33.226, 31.253, 29.644, 27.192, 22.04, 17.562, 16.166, 14.526, 9.339, 0.0, 9.584, 15.499, 18.42, 20.236, 22.168, 24.798, 27.662, 29.499, 29.568, 30.167, 32.499, 34.378, 34.593, 34.424, 35.013, 35.92, 36.315, 36.285, 36.173, 36.654, 38.136, 39.498, 39.808, 39.444, 39.617, 40.585, 41.044, 40.673, 40.556, 40.857, 41.218, 41.109, 40.756, 40.825, 40.745, 39.963, 39.185, 38.953, 38.911, 38.652, 38.312, 38.203, 38.313, 38.358, 38.295, 38.478, 38.757, 38.658, 38.17, 38.11, 38.479, 38.561, 38.479, 38.401, 38.086, 38.119, 38.625, 38.948, 38.601, 38.23, 38.436, 38.65, 38.46, 38.014, 37.795, 38.298, 39.08, 39.233, 38.965, 38.771, 38.423, 37.866, 37.611, 37.697, 37.587, 37.143, 36.888, 36.884, 37.056, 37.332, 37.531, 37.728, 37.844, 38.237, 38.477, 38.422, 38.458, 38.682, 38.854, 38.747, 38.281, 38.276, 38.845, 39.391, 39.421, 39.796, 40.414, 40.558, 40.512, 40.561, 40.664, 40.637, 40.462, 40.204, 40.022, 40.018, 40.147, 40.218, 40.153, 39.778, 39.506, 39.485, 39.519, 39.673, 39.832, 39.911, 40.099, 40.33, 40.345, 40.372, 40.271, 40.249, 40.651, 41.061, 39.708], [41.88, 41.449, 41.272, 41.048, 40.338, 39.904, 39.648, 39.028, 38.276, 37.725, 36.73, 35.044, 33.791, 31.784, 27.364, 23.313, 21.722, 20.602, 17.131, 9.584, 0.0, 8.475, 14.176, 16.996, 18.694, 21.319, 24.676, 26.886, 27.049, 27.86, 30.537, 32.6, 32.882, 32.92, 33.843, 35.026, 35.598, 35.699, 35.712, 36.418, 38.319, 40.159, 40.735, 40.416, 40.587, 41.714, 42.532, 42.465, 42.455, 42.683, 42.968, 42.876, 42.56, 42.602, 42.531, 41.846, 41.164, 40.978, 40.958, 40.742, 40.436, 40.271, 40.321, 40.377, 40.278, 40.335, 40.499, 40.378, 39.986, 40.026, 40.397, 40.458, 40.338, 40.278, 40.018, 40.087, 40.596, 40.876, 40.464, 40.011, 40.135, 40.33, 40.178, 39.784, 39.551, 39.937, 40.615, 40.803, 40.602, 40.412, 40.092, 39.715, 39.578, 39.617, 39.469, 39.062, 38.764, 38.659, 38.758, 39.178, 39.748, 40.111, 40.163, 40.518, 40.768, 40.593, 40.436, 40.547, 40.668, 40.565, 40.205, 40.183, 40.513, 40.762, 40.672, 41.065, 41.699, 41.863, 41.836, 41.89, 41.998, 41.97, 41.808, 41.592, 41.438, 41.419, 41.579, 41.731, 41.731, 41.436, 41.267, 41.39, 41.549, 41.722, 41.865, 41.922, 42.036, 42.208, 42.244, 42.311, 42.286, 42.308, 42.656, 43.021, 42.121], [42.11, 41.689, 41.532, 41.358, 40.751, 40.41, 40.188, 39.589, 38.889, 38.396, 37.529, 36.044, 34.929, 33.183, 29.466, 26.137, 24.524, 23.216, 20.618, 15.499, 8.475, 0.0, 7.707, 12.229, 14.391, 17.13, 20.902, 23.443, 23.708, 24.698, 27.64, 29.86, 30.192, 30.362, 31.544, 32.952, 33.658, 33.87, 34.004, 34.81, 36.865, 39.024, 39.901, 39.673, 39.782, 41.027, 42.153, 42.288, 42.371, 42.619, 42.902, 42.835, 42.557, 42.588, 42.512, 41.867, 41.236, 41.103, 41.118, 40.92, 40.622, 40.412, 40.403, 40.458, 40.394, 40.442, 40.558, 40.425, 40.03, 40.043, 40.449, 40.569, 40.459, 40.416, 40.226, 40.34, 40.867, 41.175, 40.777, 40.308, 40.412, 40.603, 40.457, 40.065, 39.834, 40.217, 40.885, 41.064, 40.864, 40.693, 40.369, 39.947, 39.796, 39.874, 39.742, 39.303, 38.95, 38.827, 38.912, 39.275, 39.836, 40.262, 40.371, 40.712, 40.923, 40.725, 40.567, 40.693, 40.825, 40.75, 40.416, 40.3, 40.452, 40.574, 40.481, 40.912, 41.569, 41.733, 41.665, 41.68, 41.789, 41.759, 41.588, 41.387, 41.274, 41.31, 41.515, 41.695, 41.71, 41.445, 41.296, 41.428, 41.594, 41.772, 41.926, 42.001, 42.133, 42.307, 42.316, 42.373, 42.359, 42.373, 42.682, 43.02, 42.345], [41.234, 40.782, 40.637, 40.486, 39.882, 39.567, 39.337, 38.687, 37.972, 37.554, 36.824, 35.504, 34.452, 32.812, 29.578, 26.927, 25.546, 24.097, 21.81, 18.42, 14.176, 7.707, 0.0, 6.111, 9.946, 13.449, 17.397, 20.146, 20.567, 21.718, 24.924, 27.332, 27.727, 27.974, 29.314, 30.848, 31.583, 31.799, 31.967, 32.798, 34.886, 37.2, 38.275, 38.148, 38.298, 39.639, 40.876, 41.082, 41.285, 41.66, 41.981, 41.923, 41.666, 41.721, 41.64, 40.982, 40.35, 40.256, 40.306, 40.086, 39.742, 39.516, 39.488, 39.512, 39.493, 39.635, 39.802, 39.667, 39.203, 39.119, 39.544, 39.71, 39.621, 39.59, 39.429, 39.558, 40.082, 40.413, 40.047, 39.598, 39.718, 39.917, 39.772, 39.37, 39.146, 39.579, 40.295, 40.455, 40.221, 40.071, 39.746, 39.199, 38.976, 39.121, 39.032, 38.535, 38.139, 38.044, 38.172, 38.451, 38.851, 39.245, 39.413, 39.769, 39.957, 39.793, 39.723, 39.918, 40.083, 40.022, 39.66, 39.476, 39.593, 39.746, 39.692, 40.125, 40.787, 40.93, 40.807, 40.786, 40.901, 40.872, 40.684, 40.472, 40.381, 40.454, 40.682, 40.847, 40.844, 40.569, 40.395, 40.476, 40.595, 40.766, 40.938, 41.048, 41.243, 41.437, 41.391, 41.415, 41.392, 41.397, 41.711, 42.049, 41.469], [41.304, 40.855, 40.714, 40.574, 39.972, 39.65, 39.426, 38.789, 38.097, 37.715, 37.047, 35.826, 34.845, 33.282, 30.305, 28.013, 26.871, 25.494, 23.255, 20.236, 16.996, 12.229, 6.111, 0.0, 5.52, 10.665, 15.249, 18.267, 18.845, 20.162, 23.581, 26.107, 26.552, 26.88, 28.335, 29.963, 30.761, 31.007, 31.188, 32.051, 34.196, 36.595, 37.744, 37.685, 37.95, 39.389, 40.625, 40.803, 41.073, 41.553, 41.904, 41.837, 41.58, 41.641, 41.555, 40.903, 40.287, 40.2, 40.261, 40.044, 39.705, 39.514, 39.506, 39.506, 39.475, 39.627, 39.804, 39.659, 39.159, 38.999, 39.382, 39.546, 39.46, 39.438, 39.283, 39.417, 39.917, 40.226, 39.861, 39.419, 39.542, 39.748, 39.61, 39.226, 39.024, 39.462, 40.183, 40.335, 40.095, 39.967, 39.662, 39.103, 38.877, 39.039, 38.968, 38.479, 38.083, 37.992, 38.136, 38.414, 38.783, 39.145, 39.306, 39.673, 39.869, 39.728, 39.701, 39.918, 40.09, 40.027, 39.641, 39.439, 39.566, 39.744, 39.693, 40.082, 40.725, 40.868, 40.743, 40.718, 40.835, 40.81, 40.619, 40.398, 40.307, 40.392, 40.635, 40.792, 40.765, 40.47, 40.287, 40.367, 40.488, 40.656, 40.833, 40.956, 41.168, 41.357, 41.29, 41.314, 41.311, 41.325, 41.638, 41.972, 41.524], [42.15, 41.734, 41.609, 41.511, 40.982, 40.689, 40.508, 39.946, 39.294, 38.901, 38.258, 37.105, 36.201, 34.748, 31.926, 29.737, 28.7, 27.458, 25.307, 22.168, 18.694, 14.391, 9.946, 5.52, 0.0, 6.625, 12.809, 16.679, 17.517, 19.044, 22.73, 25.387, 25.894, 26.347, 27.947, 29.678, 30.608, 30.998, 31.256, 32.179, 34.419, 36.921, 38.125, 38.107, 38.443, 39.963, 41.25, 41.428, 41.685, 42.167, 42.515, 42.451, 42.199, 42.239, 42.132, 41.51, 40.937, 40.836, 40.879, 40.69, 40.408, 40.244, 40.238, 40.239, 40.18, 40.287, 40.445, 40.317, 39.844, 39.668, 40.004, 40.164, 40.08, 40.051, 39.907, 40.06, 40.534, 40.796, 40.4, 39.928, 40.018, 40.223, 40.098, 39.746, 39.567, 39.967, 40.638, 40.791, 40.583, 40.469, 40.176, 39.694, 39.539, 39.689, 39.598, 39.149, 38.782, 38.688, 38.809, 39.127, 39.596, 39.974, 40.092, 40.453, 40.674, 40.52, 40.447, 40.621, 40.766, 40.691, 40.317, 40.129, 40.224, 40.362, 40.311, 40.675, 41.29, 41.445, 41.353, 41.348, 41.469, 41.454, 41.278, 41.071, 40.985, 41.069, 41.321, 41.48, 41.439, 41.146, 40.988, 41.107, 41.258, 41.429, 41.595, 41.705, 41.893, 42.061, 41.997, 42.041, 42.07, 42.088, 42.369, 42.68, 42.341], [42.912, 42.533, 42.411, 42.367, 41.976, 41.775, 41.643, 41.136, 40.53, 40.181, 39.644, 38.612, 37.779, 36.477, 33.91, 31.867, 30.899, 29.78, 27.802, 24.798, 21.319, 17.13, 13.449, 10.665, 6.625, 0.0, 7.679, 12.977, 14.452, 16.21, 20.289, 23.301, 23.996, 24.682, 26.572, 28.476, 29.558, 30.146, 30.546, 31.596, 34.054, 36.789, 38.129, 38.169, 38.563, 40.191, 41.607, 41.875, 42.152, 42.625, 42.979, 42.953, 42.74, 42.775, 42.651, 42.063, 41.545, 41.441, 41.465, 41.295, 41.048, 40.881, 40.853, 40.843, 40.76, 40.837, 40.986, 40.882, 40.439, 40.269, 40.6, 40.76, 40.669, 40.646, 40.535, 40.719, 41.185, 41.423, 41.017, 40.537, 40.613, 40.821, 40.71, 40.377, 40.209, 40.584, 41.203, 41.343, 41.164, 41.071, 40.786, 40.34, 40.203, 40.329, 40.228, 39.807, 39.451, 39.351, 39.437, 39.758, 40.304, 40.736, 40.87, 41.234, 41.451, 41.268, 41.132, 41.242, 41.346, 41.252, 40.922, 40.765, 40.799, 40.846, 40.76, 41.108, 41.7, 41.85, 41.759, 41.756, 41.884, 41.874, 41.705, 41.529, 41.479, 41.57, 41.829, 41.991, 41.951, 41.69, 41.566, 41.713, 41.887, 42.068, 42.224, 42.316, 42.485, 42.641, 42.573, 42.621, 42.671, 42.694, 42.945, 43.236, 43.06], [43.389, 43.041, 42.881, 42.849, 42.593, 42.515, 42.416, 41.936, 41.401, 41.157, 40.765, 39.869, 39.09, 37.942, 35.73, 33.957, 33.064, 32.028, 30.264, 27.662, 24.676, 20.902, 17.397, 15.249, 12.809, 7.679, 0.0, 6.561, 9.391, 11.754, 16.19, 19.661, 20.699, 21.767, 24.127, 26.328, 27.588, 28.394, 28.986, 30.218, 32.952, 35.962, 37.458, 37.531, 37.966, 39.734, 41.336, 41.781, 42.162, 42.688, 43.086, 43.128, 42.993, 43.064, 42.937, 42.372, 41.909, 41.822, 41.852, 41.668, 41.401, 41.232, 41.198, 41.162, 41.048, 41.096, 41.224, 41.106, 40.659, 40.483, 40.832, 40.986, 40.875, 40.88, 40.836, 41.065, 41.531, 41.769, 41.398, 40.973, 41.08, 41.295, 41.202, 40.901, 40.765, 41.155, 41.756, 41.873, 41.689, 41.608, 41.312, 40.828, 40.645, 40.755, 40.67, 40.265, 39.906, 39.8, 39.861, 40.126, 40.639, 41.105, 41.3, 41.681, 41.868, 41.699, 41.578, 41.657, 41.734, 41.632, 41.321, 41.173, 41.157, 41.088, 40.899, 41.201, 41.781, 41.925, 41.806, 41.786, 41.92, 41.905, 41.722, 41.565, 41.562, 41.678, 41.946, 42.099, 42.06, 41.832, 41.724, 41.879, 42.081, 42.29, 42.457, 42.545, 42.709, 42.862, 42.786, 42.823, 42.878, 42.91, 43.161, 43.453, 43.492], [43.654, 43.319, 43.133, 43.096, 42.912, 42.912, 42.833, 42.372, 41.899, 41.721, 41.406, 40.586, 39.841, 38.787, 36.801, 35.24, 34.412, 33.417, 31.796, 29.499, 26.886, 23.443, 20.146, 18.267, 16.679, 12.977, 6.561, 0.0, 4.566, 8.852, 13.89, 17.487, 18.695, 20.082, 22.801, 25.198, 26.542, 27.475, 28.225, 29.579, 32.396, 35.467, 36.997, 37.074, 37.509, 39.321, 41.031, 41.61, 42.087, 42.668, 43.1, 43.169, 43.088, 43.217, 43.122, 42.567, 42.116, 42.045, 42.094, 41.895, 41.616, 41.475, 41.462, 41.414, 41.278, 41.29, 41.376, 41.228, 40.781, 40.601, 40.962, 41.108, 40.991, 41.023, 41.019, 41.263, 41.719, 41.969, 41.648, 41.291, 41.425, 41.635, 41.562, 41.298, 41.201, 41.625, 42.248, 42.359, 42.155, 42.063, 41.746, 41.224, 41.013, 41.127, 41.054, 40.657, 40.305, 40.198, 40.261, 40.477, 40.896, 41.319, 41.536, 41.929, 42.096, 41.953, 41.867, 41.941, 42.013, 41.911, 41.585, 41.417, 41.384, 41.269, 41.033, 41.297, 41.865, 42.007, 41.875, 41.844, 41.977, 41.951, 41.755, 41.6, 41.607, 41.718, 41.969, 42.114, 42.087, 41.875, 41.762, 41.911, 42.141, 42.39, 42.579, 42.673, 42.841, 43.013, 42.948, 42.973, 43.016, 43.054, 43.323, 43.63, 43.738], [43.347, 43.001, 42.836, 42.81, 42.625, 42.647, 42.574, 42.106, 41.65, 41.5, 41.205, 40.391, 39.635, 38.599, 36.666, 35.18, 34.385, 33.39, 31.79, 29.568, 27.049, 23.708, 20.567, 18.845, 17.517, 14.452, 9.391, 4.566, 0.0, 6.006, 12.363, 16.308, 17.418, 18.816, 21.727, 24.267, 25.65, 26.606, 27.41, 28.802, 31.635, 34.74, 36.277, 36.367, 36.852, 38.751, 40.528, 41.138, 41.649, 42.273, 42.729, 42.788, 42.702, 42.871, 42.817, 42.251, 41.758, 41.676, 41.74, 41.537, 41.24, 41.105, 41.108, 41.061, 40.926, 40.918, 40.981, 40.82, 40.376, 40.19, 40.557, 40.701, 40.588, 40.63, 40.613, 40.837, 41.303, 41.581, 41.278, 40.924, 41.061, 41.271, 41.205, 40.942, 40.846, 41.311, 41.997, 42.131, 41.91, 41.8, 41.471, 40.917, 40.682, 40.805, 40.736, 40.345, 39.998, 39.887, 39.964, 40.174, 40.541, 40.925, 41.151, 41.562, 41.717, 41.566, 41.501, 41.604, 41.693, 41.592, 41.246, 41.069, 41.066, 40.993, 40.777, 41.04, 41.607, 41.744, 41.615, 41.583, 41.706, 41.673, 41.473, 41.306, 41.291, 41.374, 41.602, 41.737, 41.71, 41.485, 41.355, 41.492, 41.722, 41.985, 42.179, 42.263, 42.433, 42.624, 42.572, 42.591, 42.612, 42.638, 42.92, 43.237, 43.446], [43.054, 42.706, 42.56, 42.547, 42.394, 42.472, 42.41, 41.942, 41.513, 41.41, 41.175, 40.418, 39.671, 38.677, 36.882, 35.492, 34.706, 33.718, 32.199, 30.167, 27.86, 24.698, 21.718, 20.162, 19.044, 16.21, 11.754, 8.852, 6.006, 0.0, 7.573, 12.537, 13.845, 15.149, 18.387, 21.342, 23.012, 24.187, 25.15, 26.69, 29.791, 33.243, 34.97, 35.127, 35.715, 37.8, 39.735, 40.44, 41.019, 41.706, 42.219, 42.325, 42.277, 42.478, 42.444, 41.881, 41.395, 41.326, 41.408, 41.193, 40.848, 40.677, 40.664, 40.612, 40.491, 40.49, 40.571, 40.423, 39.996, 39.799, 40.152, 40.3, 40.191, 40.229, 40.194, 40.414, 40.891, 41.186, 40.886, 40.524, 40.663, 40.88, 40.814, 40.545, 40.452, 40.947, 41.686, 41.85, 41.618, 41.492, 41.156, 40.561, 40.289, 40.412, 40.352, 39.97, 39.621, 39.5, 39.564, 39.742, 40.094, 40.495, 40.73, 41.144, 41.285, 41.13, 41.097, 41.237, 41.348, 41.251, 40.892, 40.72, 40.748, 40.7, 40.48, 40.748, 41.322, 41.456, 41.329, 41.299, 41.418, 41.382, 41.182, 41.008, 40.976, 41.043, 41.245, 41.348, 41.29, 41.052, 40.924, 41.054, 41.259, 41.506, 41.698, 41.788, 41.976, 42.184, 42.135, 42.152, 42.157, 42.173, 42.463, 42.79, 43.179], [43.549, 43.222, 43.048, 43.034, 42.986, 43.152, 43.125, 42.712, 42.347, 42.26, 42.088, 41.471, 40.822, 39.955, 38.416, 37.198, 36.433, 35.48, 34.16, 32.499, 30.537, 27.64, 24.924, 23.581, 22.73, 20.289, 16.19, 13.89, 12.363, 7.573, 0.0, 6.023, 8.366, 10.088, 13.871, 17.451, 19.683, 21.368, 22.734, 24.584, 28.063, 31.977, 34.013, 34.288, 34.926, 37.118, 39.25, 40.164, 40.838, 41.569, 42.16, 42.389, 42.468, 42.705, 42.663, 42.165, 41.808, 41.827, 41.943, 41.727, 41.368, 41.175, 41.135, 41.075, 40.977, 40.991, 41.077, 40.931, 40.538, 40.349, 40.675, 40.828, 40.721, 40.752, 40.753, 41.003, 41.442, 41.706, 41.427, 41.103, 41.247, 41.458, 41.393, 41.158, 41.129, 41.631, 42.336, 42.502, 42.275, 42.143, 41.794, 41.192, 40.912, 41.026, 40.968, 40.598, 40.26, 40.154, 40.184, 40.276, 40.599, 41.028, 41.237, 41.608, 41.759, 41.641, 41.628, 41.758, 41.865, 41.782, 41.443, 41.278, 41.274, 41.149, 40.851, 41.085, 41.656, 41.806, 41.686, 41.655, 41.775, 41.746, 41.562, 41.41, 41.381, 41.435, 41.618, 41.7, 41.628, 41.422, 41.335, 41.478, 41.667, 41.893, 42.086, 42.199, 42.413, 42.635, 42.596, 42.613, 42.628, 42.659, 42.943, 43.265, 43.683], [44.196, 43.889, 43.682, 43.66, 43.692, 43.899, 43.895, 43.537, 43.207, 43.087, 42.927, 42.402, 41.844, 41.082, 39.72, 38.628, 37.905, 36.991, 35.812, 34.378, 32.6, 29.86, 27.332, 26.107, 25.387, 23.301, 19.661, 17.487, 16.308, 12.537, 6.023, 0.0, 3.861, 7.311, 11.884, 15.734, 18.254, 20.271, 21.928, 23.968, 27.582, 31.678, 33.877, 34.224, 34.867, 37.073, 39.302, 40.355, 41.084, 41.844, 42.483, 42.786, 42.935, 43.176, 43.131, 42.684, 42.413, 42.502, 42.663, 42.467, 42.119, 41.924, 41.863, 41.789, 41.687, 41.688, 41.749, 41.571, 41.164, 40.989, 41.318, 41.483, 41.382, 41.413, 41.454, 41.721, 42.104, 42.325, 42.063, 41.775, 41.925, 42.132, 42.077, 41.89, 41.945, 42.466, 43.13, 43.282, 43.065, 42.932, 42.572, 41.983, 41.719, 41.829, 41.768, 41.413, 41.104, 41.027, 41.046, 41.077, 41.367, 41.801, 41.981, 42.308, 42.471, 42.396, 42.392, 42.494, 42.586, 42.521, 42.218, 42.047, 41.988, 41.785, 41.416, 41.595, 42.147, 42.317, 42.212, 42.175, 42.281, 42.258, 42.096, 41.966, 41.94, 41.989, 42.173, 42.26, 42.201, 42.033, 41.98, 42.135, 42.323, 42.535, 42.72, 42.833, 43.037, 43.255, 43.236, 43.265, 43.297, 43.342, 43.619, 43.936, 44.323], [44.076, 43.771, 43.571, 43.551, 43.591, 43.805, 43.807, 43.448, 43.103, 42.975, 42.82, 42.305, 41.754, 41.014, 39.71, 38.666, 37.96, 37.062, 35.939, 34.593, 32.882, 30.192, 27.727, 26.552, 25.894, 23.996, 20.699, 18.695, 17.418, 13.845, 8.366, 3.861, 0.0, 4.981, 10.649, 14.834, 17.427, 19.508, 21.208, 23.25, 26.919, 31.127, 33.393, 33.738, 34.384, 36.654, 38.948, 40.028, 40.772, 41.573, 42.255, 42.573, 42.723, 42.969, 42.948, 42.52, 42.253, 42.353, 42.541, 42.364, 42.013, 41.812, 41.75, 41.673, 41.554, 41.539, 41.598, 41.41, 40.972, 40.787, 41.132, 41.31, 41.215, 41.247, 41.294, 41.559, 41.926, 42.139, 41.884, 41.603, 41.754, 41.964, 41.914, 41.74, 41.828, 42.387, 43.062, 43.204, 42.975, 42.834, 42.464, 41.857, 41.586, 41.715, 41.672, 41.308, 40.99, 40.922, 40.947, 40.965, 41.247, 41.697, 41.888, 42.203, 42.358, 42.304, 42.34, 42.459, 42.556, 42.494, 42.183, 41.997, 41.953, 41.778, 41.399, 41.549, 42.086, 42.25, 42.143, 42.096, 42.188, 42.163, 42.002, 41.863, 41.823, 41.864, 42.036, 42.107, 42.041, 41.874, 41.814, 41.95, 42.125, 42.345, 42.534, 42.638, 42.833, 43.057, 43.062, 43.125, 43.18, 43.223, 43.502, 43.83, 44.196], [43.456, 43.152, 42.985, 42.969, 42.98, 43.198, 43.2, 42.814, 42.458, 42.362, 42.227, 41.711, 41.138, 40.382, 39.132, 38.174, 37.49, 36.597, 35.57, 34.424, 32.92, 30.362, 27.974, 26.88, 26.347, 24.682, 21.767, 20.082, 18.816, 15.149, 10.088, 7.311, 4.981, 0.0, 6.516, 11.632, 14.837, 17.157, 18.901, 20.937, 24.745, 29.252, 31.733, 32.143, 32.821, 35.23, 37.67, 38.807, 39.574, 40.445, 41.213, 41.585, 41.787, 42.088, 42.115, 41.75, 41.545, 41.66, 41.848, 41.694, 41.374, 41.195, 41.151, 41.078, 40.968, 40.983, 41.092, 40.946, 40.532, 40.312, 40.621, 40.801, 40.701, 40.707, 40.71, 40.954, 41.339, 41.591, 41.367, 41.097, 41.247, 41.457, 41.396, 41.197, 41.263, 41.828, 42.522, 42.661, 42.407, 42.25, 41.875, 41.222, 40.919, 41.07, 41.055, 40.678, 40.333, 40.262, 40.291, 40.292, 40.552, 41.03, 41.257, 41.571, 41.711, 41.661, 41.731, 41.889, 42.007, 41.937, 41.59, 41.414, 41.455, 41.373, 41.029, 41.19, 41.729, 41.879, 41.758, 41.707, 41.791, 41.759, 41.592, 41.441, 41.382, 41.413, 41.561, 41.594, 41.494, 41.303, 41.228, 41.331, 41.466, 41.674, 41.869, 41.975, 42.192, 42.437, 42.449, 42.532, 42.6, 42.626, 42.893, 43.223, 43.575], [43.154, 42.864, 42.73, 42.717, 42.692, 42.903, 42.908, 42.506, 42.15, 42.078, 41.961, 41.475, 40.918, 40.18, 39.041, 38.239, 37.617, 36.755, 35.87, 35.013, 33.843, 31.544, 29.314, 28.335, 27.947, 26.572, 24.127, 22.801, 21.727, 18.387, 13.871, 11.884, 10.649, 6.516, 0.0, 6.144, 10.684, 13.771, 15.674, 17.694, 21.684, 26.641, 29.528, 30.15, 30.919, 33.478, 36.123, 37.409, 38.242, 39.194, 40.062, 40.531, 40.843, 41.231, 41.323, 41.103, 41.089, 41.277, 41.453, 41.336, 41.109, 41.004, 40.989, 40.919, 40.815, 40.868, 41.034, 40.946, 40.601, 40.337, 40.543, 40.704, 40.598, 40.572, 40.522, 40.726, 41.11, 41.398, 41.224, 40.985, 41.134, 41.337, 41.258, 41.038, 41.082, 41.605, 42.269, 42.394, 42.123, 41.958, 41.593, 40.941, 40.64, 40.804, 40.827, 40.504, 40.178, 40.111, 40.144, 40.115, 40.301, 40.769, 41.021, 41.336, 41.465, 41.408, 41.48, 41.654, 41.788, 41.717, 41.357, 41.209, 41.31, 41.287, 41.001, 41.202, 41.746, 41.882, 41.755, 41.712, 41.795, 41.754, 41.593, 41.449, 41.374, 41.389, 41.513, 41.509, 41.377, 41.173, 41.095, 41.164, 41.234, 41.393, 41.566, 41.668, 41.9, 42.15, 42.143, 42.213, 42.281, 42.298, 42.541, 42.857, 43.268], [43.21, 42.926, 42.802, 42.802, 42.751, 42.942, 42.9