[[0.0, 4.204, 11.184, 19.206, 23.649, 25.408, 26.393, 27.178, 27.754, 28.195, 28.421, 28.694, 29.067, 29.335, 29.503, 29.933, 30.588, 31.469, 32.016, 32.253, 32.906, 33.772, 34.058, 33.828, 34.558, 35.745, 36.171, 35.689, 35.047, 34.823, 34.782, 34.658, 34.574, 34.866, 35.232, 35.257, 34.94, 34.52, 34.292, 33.954, 33.294, 33.212, 33.303, 33.116, 33.066, 33.365, 33.672, 33.946, 34.763, 35.678, 36.257, 36.738, 37.049, 37.288, 37.969, 38.729, 38.825, 38.711, 39.196, 39.918, 40.147, 40.091, 40.134, 40.656, 41.543, 42.082, 41.874, 41.029, 40.007, 39.462, 40.378, 42.7, 43.985, 43.35, 42.511, 42.552, 41.753, 40.979, 40.765, 39.677, 40.125, 41.123, 40.054, 38.594, 38.71, 39.826, 40.813, 41.497, 41.886, 41.88, 41.784, 41.883, 41.909, 41.745, 41.577, 41.698, 41.922, 42.103, 42.443, 43.002, 43.509, 43.85, 43.758, 43.311, 43.109, 42.851, 41.114, 37.229, 34.621, 34.198, 34.179, 33.884, 33.865, 34.315, 34.961, 35.398, 35.324, 34.98, 34.892, 34.937, 34.996, 35.244, 35.517, 35.629, 35.443, 34.853, 34.443, 34.229, 33.873, 33.561, 33.434, 33.276, 33.362, 33.634, 33.817, 33.776, 33.817, 34.008, 34.129, 34.164, 34.356, 34.651, 34.734, 35.055, 35.061, 34.575, 34.752, 35.53, 36.083, 36.128, 35.994, 35.965, 35.77, 35.575, 35.673, 35.659, 35.359, 35.3, 35.422, 35.054, 35.111, 35.708, 35.801, 35.679, 35.628, 35.315, 35.093, 35.373, 35.142, 33.788, 33.551, 34.103, 34.197, 33.695, 33.368, 33.148, 33.318, 33.804, 33.776, 33.576, 33.9, 34.264, 34.432, 34.733, 35.232, 35.299, 34.913, 34.738, 35.006, 35.095, 35.044, 34.901, 34.71, 34.432, 33.952, 33.77, 34.05, 34.379, 34.435, 34.393, 34.465, 34.182, 33.281, 32.697, 32.804, 32.743, 32.976, 33.906, 34.532, 35.444, 37.378, 38.437, 37.76, 37.156, 37.457, 37.733, 37.833, 37.956, 38.024, 38.148, 38.351, 38.405, 38.254, 38.086, 37.862, 37.714, 37.744, 38.132, 38.185, 7.597], [4.204, 0.0, 8.358, 17.45, 22.398, 24.36, 25.451, 26.311, 26.941, 27.404, 27.631, 27.914, 28.317, 28.622, 28.824, 29.306, 30.038, 31.005, 31.609, 31.875, 32.597, 33.544, 33.876, 33.652, 34.378, 35.575, 36.012, 35.555, 34.93, 34.707, 34.666, 34.543, 34.455, 34.743, 35.108, 35.131, 34.81, 34.385, 34.157, 33.816, 33.141, 33.069, 33.183, 32.989, 32.906, 33.185, 33.503, 33.794, 34.626, 35.541, 36.117, 36.607, 36.934, 37.18, 37.867, 38.633, 38.727, 38.61, 39.096, 39.82, 40.044, 39.972, 40.001, 40.531, 41.433, 41.98, 41.774, 40.922, 39.879, 39.331, 40.282, 42.648, 43.943, 43.301, 42.467, 42.513, 41.666, 40.847, 40.617, 39.535, 40.014, 41.019, 39.936, 38.467, 38.602, 39.728, 40.717, 41.41, 41.816, 41.824, 41.738, 41.848, 41.883, 41.724, 41.56, 41.683, 41.907, 42.091, 42.431, 42.989, 43.497, 43.84, 43.738, 43.278, 43.071, 42.808, 41.057, 37.142, 34.474, 34.048, 34.055, 33.741, 33.696, 34.14, 34.768, 35.19, 35.127, 34.806, 34.72, 34.76, 34.819, 35.071, 35.352, 35.473, 35.292, 34.704, 34.302, 34.087, 33.707, 33.369, 33.247, 33.088, 33.164, 33.428, 33.614, 33.58, 33.633, 33.833, 33.961, 34.0, 34.195, 34.5, 34.598, 34.939, 34.95, 34.462, 34.656, 35.46, 36.031, 36.086, 35.956, 35.925, 35.723, 35.523, 35.626, 35.618, 35.314, 35.252, 35.384, 35.016, 35.071, 35.665, 35.752, 35.623, 35.565, 35.246, 35.023, 35.301, 35.054, 33.66, 33.394, 33.952, 34.039, 33.507, 33.143, 32.917, 33.116, 33.627, 33.602, 33.397, 33.727, 34.104, 34.283, 34.592, 35.089, 35.155, 34.784, 34.631, 34.913, 34.999, 34.929, 34.777, 34.591, 34.308, 33.814, 33.635, 33.933, 34.278, 34.339, 34.29, 34.344, 34.05, 33.148, 32.565, 32.682, 32.641, 32.868, 33.744, 34.334, 35.266, 37.279, 38.387, 37.724, 37.121, 37.417, 37.687, 37.784, 37.912, 37.988, 38.113, 38.307, 38.35, 38.195, 38.025, 37.806, 37.659, 37.687, 38.082, 38.135, 9.28], [11.184, 8.358, 0.0, 10.719, 17.444, 20.293, 21.737, 22.858, 23.711, 24.342, 24.644, 24.992, 25.494, 25.885, 26.193, 26.887, 27.857, 29.051, 29.805, 30.153, 31.094, 32.225, 32.582, 32.377, 33.237, 34.528, 34.967, 34.48, 33.841, 33.632, 33.616, 33.484, 33.381, 33.704, 34.103, 34.122, 33.777, 33.306, 33.035, 32.64, 31.863, 31.779, 31.904, 31.684, 31.652, 32.022, 32.397, 32.749, 33.676, 34.646, 35.246, 35.777, 36.144, 36.395, 37.118, 37.92, 38.015, 37.889, 38.405, 39.169, 39.389, 39.286, 39.3, 39.891, 40.877, 41.466, 41.246, 40.308, 39.204, 38.666, 39.716, 42.289, 43.712, 43.047, 42.157, 42.177, 41.147, 40.174, 39.909, 38.811, 39.404, 40.456, 39.304, 37.777, 37.981, 39.19, 40.225, 40.955, 41.38, 41.402, 41.363, 41.532, 41.586, 41.424, 41.263, 41.391, 41.62, 41.824, 42.202, 42.791, 43.328, 43.682, 43.515, 42.954, 42.712, 42.448, 40.527, 36.242, 33.349, 32.94, 32.992, 32.601, 32.496, 32.995, 33.692, 34.142, 34.106, 33.787, 33.672, 33.699, 33.778, 34.08, 34.406, 34.555, 34.376, 33.746, 33.313, 33.074, 32.634, 32.28, 32.162, 31.951, 32.003, 32.304, 32.515, 32.471, 32.548, 32.791, 32.955, 33.024, 33.245, 33.558, 33.634, 34.033, 34.07, 33.564, 33.844, 34.808, 35.477, 35.541, 35.392, 35.376, 35.193, 34.995, 35.121, 35.136, 34.875, 34.928, 35.177, 34.852, 34.933, 35.551, 35.64, 35.514, 35.446, 35.084, 34.836, 35.134, 34.827, 33.177, 32.73, 33.34, 33.395, 32.662, 32.106, 31.808, 32.074, 32.657, 32.567, 32.274, 32.646, 33.106, 33.337, 33.693, 34.237, 34.28, 33.83, 33.648, 33.929, 33.995, 33.878, 33.686, 33.492, 33.18, 32.616, 32.4, 32.755, 33.171, 33.246, 33.169, 33.206, 32.901, 31.973, 31.37, 31.491, 31.459, 31.696, 32.625, 33.179, 34.194, 36.539, 37.813, 37.117, 36.478, 36.789, 37.062, 37.173, 37.325, 37.414, 37.544, 37.722, 37.731, 37.543, 37.363, 37.17, 37.035, 37.052, 37.465, 37.508, 14.732], [19.206, 17.45, 10.719, 0.0, 8.933, 13.786, 16.289, 18.003, 19.316, 20.328, 20.803, 21.267, 21.915, 22.436, 22.948, 24.026, 25.407, 26.961, 27.963, 28.481, 29.678, 30.95, 31.315, 31.17, 32.164, 33.533, 33.996, 33.497, 32.85, 32.673, 32.691, 32.532, 32.396, 32.738, 33.159, 33.187, 32.846, 32.357, 32.064, 31.626, 30.796, 30.771, 30.881, 30.613, 30.727, 31.274, 31.706, 32.07, 33.028, 34.017, 34.627, 35.176, 35.544, 35.766, 36.491, 37.308, 37.401, 37.273, 37.828, 38.633, 38.854, 38.747, 38.797, 39.501, 40.605, 41.234, 40.987, 39.971, 38.833, 38.289, 39.349, 42.032, 43.559, 42.889, 41.957, 41.932, 40.745, 39.699, 39.451, 38.318, 38.92, 39.97, 38.775, 37.197, 37.416, 38.668, 39.741, 40.5, 40.923, 40.941, 40.955, 41.196, 41.267, 41.097, 40.925, 41.038, 41.26, 41.484, 41.907, 42.529, 43.102, 43.478, 43.239, 42.557, 42.287, 42.039, 40.001, 35.437, 32.36, 31.935, 31.958, 31.479, 31.335, 31.937, 32.795, 33.311, 33.252, 32.894, 32.749, 32.762, 32.846, 33.169, 33.507, 33.658, 33.478, 32.834, 32.409, 32.162, 31.694, 31.456, 31.442, 31.172, 31.19, 31.555, 31.81, 31.776, 31.858, 32.122, 32.325, 32.422, 32.653, 32.939, 32.951, 33.335, 33.385, 32.876, 33.183, 34.263, 35.01, 35.07, 34.898, 34.898, 34.759, 34.586, 34.709, 34.717, 34.499, 34.669, 35.044, 34.804, 34.948, 35.59, 35.669, 35.553, 35.503, 35.122, 34.866, 35.192, 34.836, 32.977, 32.389, 33.039, 33.053, 32.164, 31.457, 31.035, 31.265, 31.898, 31.759, 31.382, 31.804, 32.379, 32.68, 33.087, 33.682, 33.699, 33.138, 32.893, 33.141, 33.182, 33.038, 32.819, 32.609, 32.274, 31.635, 31.34, 31.696, 32.159, 32.25, 32.145, 32.156, 31.852, 30.962, 30.389, 30.481, 30.407, 30.612, 31.608, 32.189, 33.322, 35.899, 37.276, 36.537, 35.868, 36.209, 36.487, 36.61, 36.784, 36.884, 37.019, 37.186, 37.174, 36.963, 36.773, 36.6, 36.473, 36.464, 36.878, 36.901, 22.168], [23.649, 22.398, 17.444, 8.933, 0.0, 6.907, 11.465, 14.222, 16.059, 17.481, 18.165, 18.739, 19.503, 20.158, 20.901, 22.369, 24.155, 26.046, 27.332, 28.075, 29.374, 30.622, 30.986, 30.897, 31.906, 33.286, 33.783, 33.324, 32.709, 32.566, 32.602, 32.426, 32.28, 32.633, 33.056, 33.087, 32.771, 32.293, 31.997, 31.564, 30.795, 30.87, 30.957, 30.659, 30.851, 31.495, 31.954, 32.309, 33.246, 34.213, 34.811, 35.36, 35.711, 35.898, 36.596, 37.405, 37.496, 37.373, 37.94, 38.75, 38.962, 38.866, 38.952, 39.7, 40.838, 41.464, 41.198, 40.138, 38.969, 38.403, 39.396, 41.996, 43.503, 42.842, 41.898, 41.85, 40.676, 39.694, 39.476, 38.353, 38.915, 39.923, 38.743, 37.155, 37.317, 38.524, 39.587, 40.345, 40.75, 40.751, 40.775, 41.042, 41.123, 40.951, 40.767, 40.867, 41.081, 41.309, 41.745, 42.381, 42.985, 43.394, 43.141, 42.418, 42.143, 41.909, 39.898, 35.402, 32.295, 31.784, 31.746, 31.245, 31.07, 31.668, 32.588, 33.141, 33.08, 32.729, 32.591, 32.593, 32.653, 32.941, 33.238, 33.368, 33.202, 32.606, 32.229, 31.979, 31.524, 31.427, 31.542, 31.289, 31.296, 31.675, 31.949, 31.93, 31.99, 32.233, 32.448, 32.551, 32.769, 33.019, 32.996, 33.336, 33.375, 32.884, 33.182, 34.266, 35.018, 35.07, 34.89, 34.886, 34.77, 34.638, 34.778, 34.777, 34.565, 34.754, 35.162, 34.968, 35.145, 35.791, 35.85, 35.726, 35.692, 35.326, 35.084, 35.433, 35.089, 33.243, 32.663, 33.317, 33.32, 32.388, 31.623, 31.111, 31.264, 31.889, 31.757, 31.389, 31.827, 32.425, 32.724, 33.126, 33.736, 33.751, 33.145, 32.868, 33.1, 33.149, 33.026, 32.819, 32.613, 32.273, 31.593, 31.244, 31.57, 32.023, 32.115, 32.023, 32.038, 31.734, 30.891, 30.339, 30.385, 30.276, 30.495, 31.531, 32.136, 33.292, 35.861, 37.235, 36.471, 35.777, 36.12, 36.39, 36.498, 36.671, 36.774, 36.915, 37.091, 37.094, 36.89, 36.684, 36.5, 36.374, 36.356, 36.762, 36.783, 26.238], [25.408, 24.36, 20.293, 13.786, 6.907, 0.0, 6.266, 10.468, 13.042, 14.753, 15.558, 16.236, 17.141, 17.924, 18.81, 20.578, 22.748, 24.986, 26.542, 27.464, 28.802, 30.023, 30.37, 30.307, 31.382, 32.831, 33.372, 32.943, 32.359, 32.251, 32.307, 32.162, 32.08, 32.508, 32.971, 33.017, 32.711, 32.225, 31.908, 31.471, 30.732, 30.824, 30.884, 30.569, 30.778, 31.446, 31.928, 32.306, 33.263, 34.239, 34.834, 35.386, 35.728, 35.898, 36.595, 37.419, 37.518, 37.399, 37.979, 38.798, 39.009, 38.914, 39.012, 39.77, 40.925, 41.557, 41.288, 40.203, 38.986, 38.388, 39.364, 41.952, 43.453, 42.789, 41.818, 41.748, 40.595, 39.657, 39.445, 38.322, 38.919, 39.947, 38.769, 37.172, 37.324, 38.523, 39.584, 40.341, 40.737, 40.719, 40.735, 41.008, 41.087, 40.911, 40.725, 40.824, 41.035, 41.26, 41.697, 42.343, 42.962, 43.378, 43.126, 42.417, 42.159, 41.919, 39.878, 35.351, 32.182, 31.59, 31.514, 31.017, 30.843, 31.438, 32.394, 32.979, 32.914, 32.531, 32.364, 32.347, 32.389, 32.659, 32.946, 33.081, 32.93, 32.351, 31.988, 31.738, 31.297, 31.236, 31.413, 31.208, 31.234, 31.613, 31.899, 31.905, 31.97, 32.199, 32.412, 32.52, 32.746, 32.989, 32.967, 33.328, 33.371, 32.889, 33.207, 34.32, 35.094, 35.158, 34.984, 34.977, 34.856, 34.73, 34.879, 34.888, 34.691, 34.887, 35.292, 35.103, 35.306, 35.973, 36.025, 35.889, 35.852, 35.485, 35.243, 35.607, 35.279, 33.428, 32.796, 33.439, 33.467, 32.504, 31.661, 31.109, 31.274, 31.909, 31.764, 31.403, 31.863, 32.457, 32.736, 33.133, 33.746, 33.75, 33.112, 32.81, 33.04, 33.111, 33.013, 32.804, 32.586, 32.238, 31.542, 31.176, 31.493, 31.928, 32.001, 31.914, 31.944, 31.634, 30.768, 30.196, 30.233, 30.119, 30.372, 31.452, 32.092, 33.28, 35.866, 37.232, 36.437, 35.727, 36.07, 36.336, 36.445, 36.626, 36.734, 36.88, 37.057, 37.06, 36.855, 36.639, 36.445, 36.319, 36.305, 36.719, 36.75, 27.752], [26.393, 25.451, 21.737, 16.289, 11.465, 6.266, 0.0, 5.481, 9.52, 11.776, 12.587, 13.339, 14.462, 15.403, 16.381, 18.399, 20.955, 23.572, 25.357, 26.38, 27.776, 29.041, 29.377, 29.35, 30.556, 32.097, 32.674, 32.275, 31.74, 31.687, 31.776, 31.674, 31.682, 32.214, 32.749, 32.803, 32.49, 32.0, 31.675, 31.226, 30.476, 30.548, 30.592, 30.272, 30.492, 31.164, 31.659, 32.042, 32.997, 33.987, 34.597, 35.148, 35.481, 35.647, 36.35, 37.184, 37.29, 37.173, 37.758, 38.593, 38.817, 38.73, 38.836, 39.606, 40.781, 41.423, 41.157, 40.07, 38.834, 38.22, 39.216, 41.85, 43.383, 42.729, 41.73, 41.616, 40.434, 39.507, 39.301, 38.174, 38.795, 39.837, 38.668, 37.088, 37.262, 38.468, 39.532, 40.298, 40.696, 40.675, 40.697, 40.979, 41.054, 40.869, 40.682, 40.782, 40.991, 41.214, 41.652, 42.3, 42.918, 43.331, 43.091, 42.411, 42.167, 41.916, 39.834, 35.197, 31.949, 31.351, 31.269, 30.774, 30.636, 31.302, 32.32, 32.911, 32.805, 32.364, 32.152, 32.115, 32.153, 32.442, 32.762, 32.923, 32.788, 32.218, 31.856, 31.621, 31.194, 31.113, 31.287, 31.091, 31.127, 31.515, 31.82, 31.852, 31.928, 32.147, 32.343, 32.446, 32.683, 32.936, 32.894, 33.235, 33.279, 32.8, 33.115, 34.239, 35.017, 35.088, 34.927, 34.932, 34.8, 34.652, 34.788, 34.806, 34.626, 34.84, 35.244, 35.055, 35.287, 35.986, 36.05, 35.914, 35.873, 35.5, 35.253, 35.624, 35.301, 33.418, 32.731, 33.369, 33.418, 32.459, 31.587, 31.03, 31.214, 31.847, 31.671, 31.286, 31.754, 32.357, 32.638, 33.039, 33.643, 33.624, 32.967, 32.666, 32.9, 32.965, 32.867, 32.653, 32.417, 32.055, 31.347, 30.964, 31.271, 31.686, 31.737, 31.63, 31.654, 31.348, 30.489, 29.952, 30.036, 29.931, 30.147, 31.246, 31.934, 33.171, 35.783, 37.137, 36.322, 35.609, 35.958, 36.23, 36.343, 36.523, 36.635, 36.785, 36.959, 36.946, 36.726, 36.509, 36.327, 36.206, 36.185, 36.606, 36.653, 28.574], [27.178, 26.311, 22.858, 18.003, 14.222, 10.468, 5.481, 0.0, 5.391, 8.658, 9.743, 10.552, 11.904, 13.061, 14.207, 16.523, 19.425, 22.343, 24.298, 25.422, 26.941, 28.311, 28.682, 28.703, 29.999, 31.588, 32.177, 31.794, 31.29, 31.276, 31.399, 31.329, 31.386, 31.985, 32.578, 32.65, 32.334, 31.842, 31.511, 31.05, 30.298, 30.373, 30.398, 30.056, 30.289, 30.978, 31.482, 31.854, 32.787, 33.78, 34.403, 34.953, 35.279, 35.454, 36.157, 36.987, 37.095, 36.976, 37.554, 38.386, 38.62, 38.54, 38.645, 39.409, 40.581, 41.227, 40.964, 39.877, 38.642, 38.036, 39.045, 41.698, 43.254, 42.612, 41.601, 41.461, 40.264, 39.345, 39.141, 38.021, 38.684, 39.735, 38.573, 37.017, 37.203, 38.4, 39.453, 40.217, 40.617, 40.602, 40.64, 40.93, 41.004, 40.817, 40.631, 40.734, 40.943, 41.164, 41.6, 42.243, 42.852, 43.264, 43.033, 42.376, 42.145, 41.89, 39.794, 35.129, 31.891, 31.334, 31.271, 30.772, 30.638, 31.329, 32.35, 32.931, 32.814, 32.354, 32.124, 32.08, 32.118, 32.427, 32.776, 32.955, 32.83, 32.267, 31.903, 31.673, 31.251, 31.146, 31.295, 31.094, 31.124, 31.508, 31.819, 31.86, 31.93, 32.136, 32.322, 32.418, 32.66, 32.929, 32.881, 33.184, 33.217, 32.747, 33.054, 34.155, 34.917, 34.989, 34.845, 34.858, 34.724, 34.57, 34.706, 34.73, 34.553, 34.769, 35.173, 34.999, 35.251, 35.964, 36.034, 35.901, 35.859, 35.483, 35.235, 35.603, 35.281, 33.398, 32.716, 33.356, 33.407, 32.463, 31.583, 31.032, 31.243, 31.881, 31.684, 31.268, 31.707, 32.29, 32.559, 32.951, 33.544, 33.516, 32.862, 32.574, 32.811, 32.856, 32.741, 32.526, 32.3, 31.939, 31.225, 30.827, 31.121, 31.519, 31.558, 31.429, 31.427, 31.12, 30.278, 29.782, 29.925, 29.834, 30.002, 31.112, 31.846, 33.128, 35.741, 37.087, 36.259, 35.534, 35.879, 36.151, 36.26, 36.431, 36.537, 36.687, 36.863, 36.846, 36.616, 36.403, 36.237, 36.129, 36.114, 36.538, 36.593, 29.252], [27.754, 26.941, 23.711, 19.316, 16.059, 13.042, 9.52, 5.391, 0.0, 4.293, 6.329, 7.54, 9.148, 10.639, 12.11, 14.841, 18.168, 21.37, 23.439, 24.699, 26.432, 27.936, 28.36, 28.435, 29.779, 31.388, 31.981, 31.588, 31.076, 31.07, 31.221, 31.189, 31.277, 31.897, 32.521, 32.636, 32.345, 31.853, 31.505, 31.031, 30.268, 30.342, 30.356, 29.987, 30.224, 30.947, 31.473, 31.834, 32.746, 33.732, 34.355, 34.905, 35.233, 35.419, 36.131, 36.965, 37.081, 36.965, 37.535, 38.355, 38.584, 38.509, 38.617, 39.368, 40.53, 41.184, 40.93, 39.838, 38.593, 37.994, 39.032, 41.696, 43.251, 42.613, 41.605, 41.462, 40.244, 39.326, 39.122, 38.011, 38.716, 39.776, 38.609, 37.052, 37.232, 38.415, 39.456, 40.215, 40.611, 40.601, 40.649, 40.943, 41.015, 40.828, 40.646, 40.75, 40.957, 41.177, 41.609, 42.246, 42.851, 43.261, 43.032, 42.379, 42.148, 41.896, 39.803, 35.15, 31.947, 31.399, 31.343, 30.836, 30.668, 31.312, 32.295, 32.889, 32.801, 32.351, 32.127, 32.088, 32.123, 32.434, 32.791, 32.977, 32.854, 32.281, 31.904, 31.676, 31.251, 31.127, 31.258, 31.061, 31.093, 31.475, 31.791, 31.831, 31.881, 32.061, 32.239, 32.346, 32.595, 32.878, 32.855, 33.167, 33.198, 32.725, 33.02, 34.095, 34.847, 34.924, 34.784, 34.786, 34.641, 34.493, 34.646, 34.68, 34.507, 34.724, 35.116, 34.942, 35.195, 35.907, 35.974, 35.833, 35.781, 35.403, 35.153, 35.511, 35.184, 33.308, 32.636, 33.272, 33.328, 32.425, 31.565, 31.012, 31.244, 31.901, 31.71, 31.301, 31.727, 32.272, 32.512, 32.891, 33.479, 33.457, 32.809, 32.53, 32.779, 32.822, 32.702, 32.495, 32.288, 31.938, 31.224, 30.827, 31.121, 31.515, 31.556, 31.43, 31.431, 31.123, 30.255, 29.727, 29.876, 29.791, 29.967, 31.09, 31.821, 33.103, 35.709, 37.056, 36.222, 35.493, 35.842, 36.112, 36.213, 36.376, 36.476, 36.623, 36.798, 36.775, 36.539, 36.33, 36.176, 36.081, 36.078, 36.503, 36.553, 29.761], [28.195, 27.404, 24.342, 20.328, 17.481, 14.753, 11.776, 8.658, 4.293, 0.0, 2.998, 5.136, 7.193, 9.018, 10.768, 13.807, 17.553, 21.038, 23.159, 24.504, 26.406, 27.999, 28.451, 28.573, 29.933, 31.537, 32.131, 31.747, 31.245, 31.247, 31.409, 31.41, 31.529, 32.146, 32.765, 32.903, 32.636, 32.153, 31.808, 31.345, 30.579, 30.63, 30.64, 30.258, 30.479, 31.208, 31.742, 32.083, 32.96, 33.925, 34.534, 35.071, 35.398, 35.591, 36.302, 37.131, 37.255, 37.142, 37.705, 38.513, 38.737, 38.667, 38.776, 39.514, 40.667, 41.326, 41.086, 40.018, 38.794, 38.207, 39.25, 41.89, 43.427, 42.8, 41.81, 41.662, 40.429, 39.506, 39.307, 38.214, 38.896, 39.923, 38.754, 37.201, 37.37, 38.532, 39.556, 40.307, 40.698, 40.685, 40.731, 41.02, 41.086, 40.895, 40.714, 40.817, 41.019, 41.229, 41.649, 42.275, 42.867, 43.271, 43.048, 42.395, 42.156, 41.906, 39.847, 35.267, 32.128, 31.582, 31.53, 31.026, 30.834, 31.444, 32.404, 33.002, 32.931, 32.502, 32.299, 32.266, 32.296, 32.605, 32.967, 33.162, 33.047, 32.479, 32.106, 31.888, 31.464, 31.335, 31.459, 31.27, 31.306, 31.685, 32.001, 32.041, 32.074, 32.231, 32.395, 32.506, 32.759, 33.039, 33.022, 33.345, 33.378, 32.898, 33.189, 34.254, 34.998, 35.077, 34.938, 34.929, 34.768, 34.619, 34.782, 34.822, 34.648, 34.853, 35.224, 35.035, 35.275, 35.975, 36.034, 35.879, 35.816, 35.441, 35.197, 35.55, 35.228, 33.382, 32.714, 33.335, 33.404, 32.563, 31.752, 31.197, 31.409, 32.053, 31.866, 31.484, 31.927, 32.467, 32.699, 33.071, 33.652, 33.635, 32.998, 32.722, 32.976, 33.024, 32.911, 32.717, 32.517, 32.171, 31.473, 31.098, 31.395, 31.783, 31.829, 31.711, 31.722, 31.423, 30.549, 29.995, 30.127, 30.054, 30.24, 31.31, 31.996, 33.236, 35.814, 37.154, 36.331, 35.615, 35.964, 36.234, 36.328, 36.48, 36.577, 36.724, 36.89, 36.856, 36.62, 36.415, 36.267, 36.177, 36.174, 36.587, 36.628, 30.156], [28.421, 27.631, 24.644, 20.803, 18.165, 15.558, 12.587, 9.743, 6.329, 2.998, 0.0, 2.905, 5.703, 7.889, 9.787, 13.034, 17.086, 20.795, 22.938, 24.267, 26.212, 27.867, 28.346, 28.478, 29.848, 31.467, 32.073, 31.71, 31.243, 31.268, 31.44, 31.46, 31.607, 32.238, 32.859, 33.0, 32.743, 32.275, 31.939, 31.479, 30.711, 30.749, 30.76, 30.373, 30.581, 31.307, 31.849, 32.19, 33.052, 34.004, 34.603, 35.127, 35.45, 35.65, 36.356, 37.179, 37.307, 37.194, 37.748, 38.551, 38.778, 38.709, 38.814, 39.55, 40.704, 41.37, 41.141, 40.093, 38.9, 38.33, 39.368, 41.994, 43.532, 42.913, 41.92, 41.771, 40.545, 39.624, 39.428, 38.352, 39.014, 40.011, 38.834, 37.279, 37.445, 38.6, 39.616, 40.361, 40.751, 40.73, 40.764, 41.043, 41.102, 40.91, 40.727, 40.828, 41.027, 41.231, 41.643, 42.259, 42.843, 43.24, 43.014, 42.355, 42.111, 41.861, 39.824, 35.281, 32.166, 31.639, 31.597, 31.089, 30.896, 31.515, 32.473, 33.06, 32.993, 32.576, 32.378, 32.344, 32.375, 32.69, 33.062, 33.263, 33.152, 32.591, 32.226, 32.018, 31.604, 31.486, 31.614, 31.426, 31.464, 31.841, 32.157, 32.195, 32.221, 32.373, 32.534, 32.646, 32.9, 33.179, 33.156, 33.468, 33.492, 33.009, 33.303, 34.37, 35.108, 35.188, 35.052, 35.042, 34.87, 34.714, 34.875, 34.912, 34.731, 34.93, 35.298, 35.11, 35.352, 36.042, 36.09, 35.93, 35.867, 35.496, 35.254, 35.611, 35.301, 33.479, 32.816, 33.428, 33.502, 32.683, 31.888, 31.328, 31.527, 32.161, 31.971, 31.589, 32.032, 32.585, 32.823, 33.196, 33.774, 33.757, 33.132, 32.865, 33.115, 33.158, 33.043, 32.852, 32.649, 32.294, 31.595, 31.227, 31.52, 31.904, 31.943, 31.812, 31.81, 31.506, 30.641, 30.115, 30.27, 30.204, 30.366, 31.41, 32.1, 33.335, 35.911, 37.253, 36.436, 35.717, 36.062, 36.339, 36.435, 36.578, 36.671, 36.819, 36.982, 36.945, 36.714, 36.514, 36.362, 36.267, 36.258, 36.665, 36.702, 30.347], [28.694, 27.914, 24.992, 21.267, 18.739, 16.236, 13.339, 10.552, 7.54, 5.136, 2.905, 0.0, 3.432, 6.29, 8.643, 12.222, 16.535, 20.417, 22.595, 23.888, 25.842, 27.561, 28.078, 28.199, 29.565, 31.202, 31.824, 31.482, 31.053, 31.111, 31.3, 31.338, 31.515, 32.172, 32.807, 32.957, 32.713, 32.27, 31.947, 31.491, 30.733, 30.768, 30.773, 30.393, 30.604, 31.322, 31.875, 32.237, 33.097, 34.043, 34.64, 35.15, 35.459, 35.663, 36.364, 37.176, 37.303, 37.189, 37.738, 38.535, 38.763, 38.689, 38.782, 39.508, 40.659, 41.332, 41.109, 40.065, 38.896, 38.358, 39.406, 42.024, 43.564, 42.949, 41.95, 41.799, 40.591, 39.679, 39.481, 38.419, 39.086, 40.079, 38.908, 37.363, 37.525, 38.67, 39.671, 40.406, 40.79, 40.765, 40.79, 41.056, 41.109, 40.917, 40.733, 40.832, 41.031, 41.234, 41.639, 42.25, 42.831, 43.229, 43.008, 42.353, 42.108, 41.856, 39.829, 35.309, 32.217, 31.719, 31.683, 31.176, 30.985, 31.596, 32.536, 33.113, 33.048, 32.636, 32.436, 32.398, 32.428, 32.744, 33.118, 33.318, 33.204, 32.644, 32.285, 32.088, 31.688, 31.569, 31.69, 31.5, 31.541, 31.919, 32.233, 32.268, 32.295, 32.449, 32.619, 32.739, 32.996, 33.276, 33.259, 33.558, 33.57, 33.086, 33.381, 34.441, 35.172, 35.247, 35.11, 35.095, 34.917, 34.755, 34.913, 34.947, 34.769, 34.977, 35.356, 35.184, 35.432, 36.109, 36.148, 35.989, 35.93, 35.565, 35.327, 35.685, 35.388, 33.591, 32.939, 33.542, 33.613, 32.796, 31.999, 31.437, 31.635, 32.274, 32.089, 31.693, 32.111, 32.652, 32.886, 33.251, 33.821, 33.802, 33.189, 32.935, 33.18, 33.217, 33.096, 32.9, 32.692, 32.33, 31.63, 31.268, 31.56, 31.935, 31.964, 31.816, 31.791, 31.469, 30.618, 30.149, 30.345, 30.278, 30.408, 31.438, 32.156, 33.406, 35.978, 37.323, 36.513, 35.791, 36.133, 36.419, 36.522, 36.662, 36.749, 36.897, 37.06, 37.024, 36.8, 36.605, 36.443, 36.336, 36.325, 36.73, 36.767, 30.565], [29.067, 28.317, 25.494, 21.915, 19.503, 17.141, 14.462, 11.904, 9.148, 7.193, 5.703, 3.432, 0.0, 3.631, 7.058, 11.373, 16.0, 20.015, 22.238, 23.534, 25.508, 27.267, 27.804, 27.916, 29.266, 30.903, 31.538, 31.211, 30.811, 30.897, 31.099, 31.147, 31.348, 32.027, 32.676, 32.846, 32.63, 32.213, 31.904, 31.461, 30.735, 30.784, 30.788, 30.423, 30.642, 31.348, 31.906, 32.291, 33.156, 34.102, 34.694, 35.188, 35.481, 35.69, 36.386, 37.179, 37.296, 37.183, 37.733, 38.527, 38.752, 38.673, 38.761, 39.487, 40.64, 41.32, 41.098, 40.05, 38.894, 38.387, 39.464, 42.077, 43.613, 43.009, 42.017, 41.867, 40.682, 39.778, 39.586, 38.531, 39.179, 40.16, 39.001, 37.461, 37.603, 38.722, 39.701, 40.424, 40.802, 40.774, 40.795, 41.051, 41.098, 40.907, 40.723, 40.818, 41.016, 41.221, 41.622, 42.227, 42.806, 43.213, 43.01, 42.373, 42.135, 41.877, 39.859, 35.382, 32.303, 31.793, 31.742, 31.239, 31.049, 31.647, 32.578, 33.154, 33.083, 32.666, 32.467, 32.427, 32.452, 32.76, 33.127, 33.321, 33.203, 32.644, 32.292, 32.111, 31.72, 31.585, 31.694, 31.504, 31.547, 31.927, 32.248, 32.29, 32.325, 32.488, 32.665, 32.793, 33.054, 33.335, 33.326, 33.625, 33.63, 33.145, 33.436, 34.484, 35.21, 35.282, 35.135, 35.107, 34.923, 34.762, 34.919, 34.954, 34.786, 35.009, 35.401, 35.236, 35.478, 36.146, 36.181, 36.024, 35.968, 35.607, 35.373, 35.734, 35.441, 33.663, 33.02, 33.617, 33.688, 32.874, 32.067, 31.486, 31.665, 32.306, 32.134, 31.733, 32.124, 32.646, 32.874, 33.238, 33.807, 33.789, 33.179, 32.93, 33.173, 33.207, 33.085, 32.886, 32.674, 32.309, 31.607, 31.243, 31.538, 31.915, 31.936, 31.773, 31.738, 31.416, 30.594, 30.179, 30.405, 30.333, 30.418, 31.421, 32.164, 33.421, 35.98, 37.325, 36.526, 35.808, 36.15, 36.441, 36.548, 36.687, 36.772, 36.918, 37.079, 37.045, 36.832, 36.646, 36.474, 36.352, 36.334, 36.736, 36.771, 30.868], [29.335, 28.622, 25.885, 22.436, 20.158, 17.924, 15.403, 13.061, 10.639, 9.018, 7.889, 6.29, 3.631, 0.0, 4.485, 9.949, 15.173, 19.384, 21.683, 23.032, 25.051, 26.835, 27.371, 27.5, 28.908, 30.597, 31.254, 30.925, 30.525, 30.619, 30.829, 30.88, 31.085, 31.772, 32.436, 32.63, 32.432, 32.014, 31.7, 31.259, 30.553, 30.628, 30.635, 30.254, 30.468, 31.176, 31.736, 32.125, 33.007, 33.968, 34.556, 35.034, 35.326, 35.536, 36.24, 37.031, 37.141, 37.026, 37.584, 38.388, 38.611, 38.53, 38.627, 39.377, 40.555, 41.249, 41.029, 39.979, 38.825, 38.335, 39.454, 42.094, 43.641, 43.041, 42.052, 41.913, 40.734, 39.822, 39.636, 38.567, 39.182, 40.135, 38.949, 37.381, 37.504, 38.615, 39.594, 40.322, 40.702, 40.668, 40.684, 40.941, 40.99, 40.803, 40.619, 40.707, 40.903, 41.111, 41.514, 42.119, 42.703, 43.119, 42.924, 42.303, 42.075, 41.812, 39.786, 35.311, 32.181, 31.61, 31.526, 31.019, 30.836, 31.465, 32.442, 33.036, 32.953, 32.517, 32.305, 32.252, 32.269, 32.578, 32.951, 33.151, 33.029, 32.447, 32.086, 31.91, 31.521, 31.382, 31.497, 31.304, 31.343, 31.726, 32.058, 32.106, 32.144, 32.319, 32.503, 32.629, 32.898, 33.185, 33.17, 33.481, 33.486, 32.992, 33.283, 34.347, 35.092, 35.17, 35.016, 34.98, 34.795, 34.635, 34.793, 34.83, 34.664, 34.902, 35.306, 35.127, 35.363, 36.042, 36.081, 35.925, 35.87, 35.5, 35.262, 35.63, 35.331, 33.526, 32.869, 33.469, 33.545, 32.728, 31.894, 31.276, 31.437, 32.085, 31.918, 31.506, 31.886, 32.411, 32.651, 33.03, 33.616, 33.596, 32.967, 32.72, 32.972, 33.006, 32.888, 32.694, 32.481, 32.109, 31.393, 31.011, 31.306, 31.699, 31.718, 31.538, 31.503, 31.19, 30.389, 30.011, 30.26, 30.171, 30.202, 31.211, 31.993, 33.274, 35.875, 37.232, 36.428, 35.705, 36.053, 36.35, 36.46, 36.598, 36.68, 36.831, 36.994, 36.962, 36.755, 36.571, 36.386, 36.251, 36.229, 36.631, 36.663, 31.087], [29.503, 28.824, 26.193, 22.948, 20.901, 18.81, 16.381, 14.207, 12.11, 10.768, 9.787, 8.643, 7.058, 4.485, 0.0, 6.44, 12.947, 17.996, 20.595, 22.086, 24.282, 26.191, 26.783, 27.012, 28.591, 30.403, 31.106, 30.772, 30.353, 30.439, 30.657, 30.722, 30.917, 31.586, 32.256, 32.457, 32.25, 31.81, 31.476, 31.021, 30.306, 30.394, 30.406, 30.0, 30.198, 30.896, 31.433, 31.813, 32.729, 33.718, 34.304, 34.773, 35.068, 35.267, 35.982, 36.793, 36.91, 36.793, 37.355, 38.171, 38.394, 38.305, 38.403, 39.17, 40.377, 41.092, 40.879, 39.831, 38.672, 38.172, 39.3, 41.976, 43.55, 42.954, 41.97, 41.844, 40.648, 39.729, 39.543, 38.446, 39.082, 40.033, 38.808, 37.214, 37.351, 38.49, 39.493, 40.236, 40.621, 40.58, 40.589, 40.854, 40.913, 40.731, 40.546, 40.629, 40.821, 41.032, 41.44, 42.045, 42.632, 43.054, 42.86, 42.227, 41.987, 41.721, 39.677, 35.143, 31.915, 31.293, 31.198, 30.695, 30.517, 31.179, 32.188, 32.786, 32.7, 32.253, 32.016, 31.941, 31.955, 32.275, 32.674, 32.894, 32.768, 32.156, 31.773, 31.596, 31.214, 31.074, 31.194, 31.008, 31.055, 31.431, 31.76, 31.807, 31.844, 32.025, 32.21, 32.327, 32.594, 32.887, 32.877, 33.231, 33.253, 32.744, 33.049, 34.156, 34.929, 35.016, 34.865, 34.835, 34.653, 34.486, 34.643, 34.678, 34.498, 34.728, 35.128, 34.93, 35.156, 35.848, 35.895, 35.741, 35.689, 35.312, 35.063, 35.439, 35.143, 33.298, 32.606, 33.212, 33.312, 32.489, 31.621, 30.997, 31.163, 31.81, 31.636, 31.214, 31.595, 32.135, 32.394, 32.791, 33.39, 33.368, 32.731, 32.493, 32.755, 32.783, 32.669, 32.486, 32.277, 31.897, 31.177, 30.797, 31.096, 31.498, 31.514, 31.325, 31.287, 30.969, 30.157, 29.79, 30.042, 29.938, 29.943, 30.95, 31.734, 33.048, 35.724, 37.105, 36.29, 35.56, 35.906, 36.203, 36.313, 36.447, 36.527, 36.69, 36.865, 36.832, 36.619, 36.426, 36.232, 36.096, 36.077, 36.484, 36.515, 31.205], [29.933, 29.306, 26.887, 24.026, 22.369, 20.578, 18.399, 16.523, 14.841, 13.807, 13.034, 12.222, 11.373, 9.949, 6.44, 0.0, 8.114, 14.988, 18.45, 20.265, 22.775, 24.961, 25.738, 26.226, 28.081, 30.076, 30.858, 30.544, 30.13, 30.219, 30.457, 30.556, 30.763, 31.427, 32.107, 32.317, 32.102, 31.655, 31.311, 30.848, 30.148, 30.26, 30.289, 29.888, 30.084, 30.739, 31.225, 31.596, 32.541, 33.55, 34.131, 34.586, 34.862, 35.036, 35.749, 36.577, 36.706, 36.585, 37.137, 37.953, 38.179, 38.079, 38.163, 38.931, 40.149, 40.874, 40.672, 39.644, 38.495, 37.962, 39.047, 41.728, 43.332, 42.755, 41.785, 41.66, 40.454, 39.551, 39.365, 38.246, 38.938, 39.938, 38.716, 37.133, 37.302, 38.477, 39.513, 40.268, 40.653, 40.616, 40.626, 40.894, 40.962, 40.785, 40.601, 40.683, 40.871, 41.08, 41.488, 42.089, 42.668, 43.091, 42.913, 42.278, 42.018, 41.75, 39.698, 35.065, 31.725, 31.089, 31.0, 30.523, 30.376, 31.043, 32.014, 32.575, 32.489, 32.064, 31.819, 31.732, 31.751, 32.084, 32.496, 32.723, 32.593, 31.972, 31.564, 31.379, 31.012, 30.859, 30.962, 30.789, 30.862, 31.232, 31.553, 31.608, 31.652, 31.83, 32.018, 32.127, 32.377, 32.672, 32.698, 33.122, 33.177, 32.659, 32.966, 34.087, 34.87, 34.967, 34.827, 34.809, 34.634, 34.474, 34.629, 34.647, 34.428, 34.628, 35.022, 34.812, 35.023, 35.715, 35.765, 35.612, 35.562, 35.183, 34.929, 35.308, 35.013, 33.143, 32.445, 33.074, 33.215, 32.389, 31.499, 30.894, 31.046, 31.657, 31.483, 31.079, 31.482, 32.046, 32.323, 32.726, 33.319, 33.298, 32.675, 32.456, 32.72, 32.727, 32.6, 32.419, 32.208, 31.829, 31.131, 30.776, 31.086, 31.481, 31.484, 31.276, 31.215, 30.869, 30.049, 29.712, 29.967, 29.865, 29.867, 30.835, 31.572, 32.877, 35.584, 36.981, 36.171, 35.422, 35.725, 36.004, 36.119, 36.247, 36.316, 36.497, 36.692, 36.652, 36.422, 36.224, 36.032, 35.897, 35.873, 36.274, 36.304, 31.534], [30.588, 30.038, 27.857, 25.407, 24.155, 22.748, 20.955, 19.425, 18.168, 17.553, 17.086, 16.535, 16.0, 15.173, 12.947, 8.114, 0.0, 8.654, 13.831, 16.677, 19.686, 22.259, 23.422, 24.384, 26.698, 28.992, 29.919, 29.661, 29.281, 29.401, 29.667, 29.815, 30.102, 30.847, 31.57, 31.813, 31.636, 31.219, 30.889, 30.446, 29.805, 29.966, 30.024, 29.68, 29.927, 30.565, 31.024, 31.425, 32.388, 33.388, 33.967, 34.426, 34.669, 34.816, 35.521, 36.345, 36.466, 36.347, 36.893, 37.709, 37.946, 37.847, 37.94, 38.73, 39.941, 40.658, 40.455, 39.428, 38.297, 37.789, 38.882, 41.57, 43.192, 42.634, 41.674, 41.543, 40.354, 39.474, 39.296, 38.147, 38.811, 39.828, 38.64, 37.057, 37.199, 38.362, 39.408, 40.173, 40.569, 40.551, 40.573, 40.838, 40.904, 40.732, 40.55, 40.621, 40.795, 40.996, 41.408, 42.024, 42.612, 43.038, 42.906, 42.329, 42.079, 41.809, 39.751, 35.022, 31.613, 31.007, 30.921, 30.487, 30.413, 31.109, 32.035, 32.539, 32.424, 32.007, 31.768, 31.691, 31.735, 32.078, 32.477, 32.691, 32.546, 31.903, 31.457, 31.256, 30.879, 30.694, 30.774, 30.598, 30.682, 31.072, 31.406, 31.454, 31.488, 31.675, 31.882, 32.0, 32.249, 32.553, 32.601, 33.057, 33.142, 32.625, 32.916, 34.027, 34.825, 34.937, 34.8, 34.78, 34.611, 34.471, 34.635, 34.643, 34.416, 34.635, 35.048, 34.839, 35.045, 35.732, 35.782, 35.631, 35.575, 35.186, 34.924, 35.296, 34.973, 33.072, 32.398, 33.063, 33.216, 32.378, 31.474, 30.864, 30.995, 31.593, 31.43, 31.035, 31.44, 32.012, 32.293, 32.686, 33.263, 33.234, 32.62, 32.431, 32.721, 32.712, 32.557, 32.367, 32.15, 31.773, 31.094, 30.75, 31.048, 31.417, 31.396, 31.165, 31.066, 30.674, 29.829, 29.551, 29.861, 29.787, 29.824, 30.823, 31.552, 32.794, 35.465, 36.864, 36.047, 35.229, 35.438, 35.689, 35.823, 35.959, 36.019, 36.204, 36.414, 36.366, 36.106, 35.897, 35.715, 35.573, 35.522, 35.902, 35.924, 32.097], [31.469, 31.005, 29.051, 26.961, 26.046, 24.986, 23.572, 22.343, 21.37, 21.038, 20.795, 20.417, 20.015, 19.384, 17.996, 14.988, 8.654, 0.0, 7.12, 12.343, 16.582, 19.616, 21.256, 22.809, 25.606, 28.165, 29.22, 29.037, 28.719, 28.879, 29.16, 29.331, 29.673, 30.478, 31.231, 31.518, 31.392, 31.018, 30.723, 30.338, 29.789, 29.989, 30.096, 29.88, 30.224, 30.829, 31.259, 31.714, 32.689, 33.652, 34.211, 34.671, 34.902, 35.055, 35.747, 36.54, 36.647, 36.542, 37.09, 37.893, 38.132, 38.041, 38.147, 38.938, 40.101, 40.779, 40.565, 39.545, 38.451, 38.02, 39.153, 41.831, 43.438, 42.887, 41.936, 41.817, 40.718, 39.876, 39.697, 38.538, 39.098, 40.041, 38.865, 37.277, 37.344, 38.426, 39.424, 40.177, 40.585, 40.58, 40.597, 40.837, 40.888, 40.715, 40.533, 40.589, 40.74, 40.923, 41.332, 41.966, 42.573, 43.013, 42.917, 42.404, 42.173, 41.898, 39.876, 35.283, 32.031, 31.473, 31.393, 30.995, 30.944, 31.652, 32.597, 33.116, 32.989, 32.535, 32.287, 32.231, 32.3, 32.625, 32.988, 33.192, 33.036, 32.367, 31.907, 31.711, 31.306, 31.06, 31.095, 30.911, 30.991, 31.394, 31.745, 31.789, 31.81, 31.988, 32.191, 32.311, 32.567, 32.863, 32.878, 33.294, 33.386, 32.876, 33.145, 34.247, 35.071, 35.204, 35.068, 35.037, 34.848, 34.704, 34.875, 34.891, 34.704, 34.986, 35.42, 35.207, 35.404, 36.074, 36.127, 35.99, 35.934, 35.541, 35.273, 35.626, 35.31, 33.471, 32.843, 33.518, 33.656, 32.817, 31.908, 31.311, 31.476, 32.098, 31.944, 31.552, 31.904, 32.423, 32.693, 33.062, 33.601, 33.553, 32.941, 32.786, 33.123, 33.124, 32.953, 32.761, 32.559, 32.204, 31.542, 31.2, 31.474, 31.798, 31.755, 31.53, 31.421, 31.004, 30.14, 29.884, 30.222, 30.182, 30.297, 31.371, 32.086, 33.221, 35.788, 37.172, 36.357, 35.47, 35.585, 35.807, 35.955, 36.098, 36.147, 36.324, 36.534, 36.473, 36.184, 35.953, 35.769, 35.619, 35.548, 35.903, 35.907, 32.857], [32.016, 31.609, 29.805, 27.963, 27.332, 26.542, 25.357, 24.298, 23.439, 23.159, 22.938, 22.595, 22.238, 21.683, 20.595, 18.45, 13.831, 7.12, 0.0, 7.401, 13.702, 17.697, 19.811, 21.883, 25.032, 27.706, 28.81, 28.686, 28.433, 28.626, 28.919, 29.095, 29.451, 30.286, 31.072, 31.394, 31.289, 30.931, 30.657, 30.307, 29.822, 30.059, 30.204, 30.093, 30.543, 31.145, 31.552, 32.021, 32.987, 33.919, 34.455, 34.896, 35.137, 35.318, 36.002, 36.769, 36.866, 36.767, 37.314, 38.111, 38.352, 38.265, 38.366, 39.14, 40.284, 40.956, 40.743, 39.745, 38.693, 38.305, 39.462, 42.126, 43.711, 43.15, 42.192, 42.108, 41.081, 40.247, 40.056, 38.906, 39.42, 40.324, 39.139, 37.537, 37.583, 38.635, 39.604, 40.346, 40.762, 40.766, 40.779, 41.003, 41.04, 40.857, 40.671, 40.723, 40.865, 41.037, 41.437, 42.063, 42.662, 43.097, 42.995, 42.483, 42.249, 41.967, 39.976, 35.504, 32.339, 31.809, 31.761, 31.379, 31.316, 32.058, 33.045, 33.587, 33.46, 32.969, 32.698, 32.643, 32.724, 33.043, 33.386, 33.574, 33.406, 32.73, 32.276, 32.101, 31.706, 31.435, 31.42, 31.203, 31.268, 31.673, 32.027, 32.069, 32.089, 32.256, 32.443, 32.561, 32.823, 33.126, 33.121, 33.496, 33.582, 33.068, 33.315, 34.409, 35.244, 35.383, 35.243, 35.204, 34.999, 34.838, 34.998, 35.012, 34.853, 35.186, 35.629, 35.41, 35.604, 36.271, 36.332, 36.208, 36.152, 35.756, 35.485, 35.829, 35.539, 33.757, 33.163, 33.843, 33.967, 33.105, 32.187, 31.623, 31.826, 32.446, 32.273, 31.863, 32.162, 32.64, 32.91, 33.267, 33.778, 33.728, 33.132, 32.982, 33.324, 33.337, 33.184, 33.012, 32.828, 32.48, 31.828, 31.503, 31.771, 32.062, 32.0, 31.782, 31.67, 31.248, 30.408, 30.147, 30.47, 30.449, 30.65, 31.785, 32.454, 33.504, 36.007, 37.398, 36.601, 35.693, 35.787, 36.016, 36.171, 36.311, 36.355, 36.529, 36.737, 36.677, 36.388, 36.153, 35.962, 35.805, 35.732, 36.08, 36.076, 33.266], [32.253, 31.875, 30.153, 28.481, 28.075, 27.464, 26.38, 25.422, 24.699, 24.504, 24.267, 23.888, 23.534, 23.032, 22.086, 20.265, 16.677, 12.343, 7.401, 0.0, 8.159, 14.01, 17.083, 19.693, 23.341, 26.297, 27.53, 27.48, 27.314, 27.574, 27.898, 28.115, 28.581, 29.563, 30.434, 30.792, 30.725, 30.415, 30.171, 29.829, 29.357, 29.627, 29.792, 29.729, 30.267, 30.923, 31.359, 31.843, 32.812, 33.747, 34.296, 34.762, 35.051, 35.274, 35.957, 36.692, 36.771, 36.665, 37.222, 38.034, 38.275, 38.174, 38.261, 39.038, 40.227, 40.942, 40.72, 39.691, 38.642, 38.293, 39.494, 42.188, 43.79, 43.232, 42.271, 42.242, 41.239, 40.372, 40.163, 38.986, 39.474, 40.393, 39.19, 37.554, 37.606, 38.667, 39.628, 40.366, 40.79, 40.798, 40.817, 41.042, 41.07, 40.88, 40.698, 40.76, 40.906, 41.082, 41.487, 42.111, 42.699, 43.125, 43.016, 42.494, 42.256, 41.969, 39.954, 35.435, 32.2, 31.673, 31.635, 31.247, 31.221, 32.1, 33.181, 33.734, 33.582, 33.026, 32.696, 32.624, 32.709, 33.036, 33.377, 33.546, 33.361, 32.672, 32.223, 32.072, 31.704, 31.434, 31.383, 31.108, 31.147, 31.54, 31.878, 31.89, 31.896, 32.064, 32.254, 32.371, 32.647, 32.988, 33.023, 33.404, 33.479, 32.95, 33.195, 34.294, 35.128, 35.252, 35.082, 35.029, 34.837, 34.685, 34.834, 34.842, 34.676, 35.037, 35.508, 35.302, 35.504, 36.18, 36.245, 36.126, 36.072, 35.669, 35.388, 35.731, 35.45, 33.684, 33.113, 33.798, 33.917, 33.012, 32.042, 31.479, 31.705, 32.321, 32.126, 31.67, 31.918, 32.374, 32.643, 33.003, 33.513, 33.479, 32.91, 32.77, 33.098, 33.091, 32.938, 32.779, 32.599, 32.233, 31.562, 31.23, 31.489, 31.762, 31.668, 31.413, 31.266, 30.815, 29.984, 29.766, 30.155, 30.153, 30.402, 31.653, 32.374, 33.445, 35.98, 37.383, 36.585, 35.689, 35.825, 36.096, 36.274, 36.413, 36.452, 36.626, 36.843, 36.797, 36.538, 36.336, 36.154, 35.982, 35.902, 36.246, 36.237, 33.441], [32.906, 32.597, 31.094, 29.678, 29.374, 28.802, 27.776, 26.941, 26.432, 26.406, 26.212, 25.842, 25.508, 25.051, 24.282, 22.775, 19.686, 16.582, 13.702, 8.159, 0.0, 7.682, 12.617, 16.434, 20.894, 24.318, 25.781, 25.834, 25.743, 26.068, 26.424, 26.734, 27.436, 28.656, 29.625, 30.027, 30.055, 29.854, 29.658, 29.337, 28.9, 29.189, 29.391, 29.411, 30.027, 30.724, 31.206, 31.756, 32.758, 33.705, 34.278, 34.802, 35.14, 35.4, 36.072, 36.766, 36.828, 36.719, 37.272, 38.079, 38.309, 38.186, 38.257, 39.039, 40.246, 40.968, 40.72, 39.655, 38.626, 38.351, 39.566, 42.228, 43.842, 43.318, 42.368, 42.386, 41.45, 40.598, 40.39, 39.176, 39.56, 40.441, 39.25, 37.619, 37.65, 38.683, 39.627, 40.36, 40.783, 40.781, 40.783, 40.997, 41.018, 40.832, 40.656, 40.725, 40.879, 41.06, 41.478, 42.121, 42.709, 43.128, 43.05, 42.589, 42.385, 42.112, 40.121, 35.606, 32.377, 31.844, 31.769, 31.397, 31.481, 32.507, 33.681, 34.234, 34.031, 33.434, 33.087, 33.001, 33.081, 33.415, 33.758, 33.914, 33.709, 33.001, 32.54, 32.376, 32.003, 31.713, 31.631, 31.334, 31.349, 31.703, 32.004, 31.966, 31.932, 32.101, 32.3, 32.412, 32.698, 33.053, 33.101, 33.468, 33.528, 33.01, 33.268, 34.363, 35.186, 35.306, 35.123, 35.058, 34.88, 34.753, 34.907, 34.925, 34.763, 35.135, 35.616, 35.429, 35.643, 36.309, 36.367, 36.249, 36.199, 35.801, 35.518, 35.85, 35.583, 33.889, 33.354, 34.024, 34.121, 33.158, 32.142, 31.61, 31.874, 32.478, 32.276, 31.804, 32.014, 32.434, 32.674, 33.019, 33.516, 33.476, 32.903, 32.744, 33.043, 33.011, 32.847, 32.684, 32.505, 32.149, 31.482, 31.134, 31.367, 31.627, 31.517, 31.22, 31.025, 30.554, 29.742, 29.612, 30.121, 30.127, 30.394, 31.848, 32.715, 33.76, 36.228, 37.585, 36.777, 35.884, 36.028, 36.324, 36.524, 36.663, 36.686, 36.845, 37.073, 37.048, 36.812, 36.636, 36.457, 36.27, 36.18, 36.515, 36.504, 34.044], [33.772, 33.544, 32.225, 30.95, 30.622, 30.023, 29.041, 28.311, 27.936, 27.999, 27.867, 27.561, 27.267, 26.835, 26.191, 24.961, 22.259, 19.616, 17.697, 14.01, 7.682, 0.0, 6.907, 13.363, 19.144, 22.933, 24.531, 24.657, 24.567, 24.897, 25.262, 25.641, 26.545, 27.951, 28.993, 29.439, 29.543, 29.392, 29.207, 28.928, 28.562, 28.905, 29.17, 29.303, 30.032, 30.783, 31.284, 31.869, 32.899, 33.868, 34.464, 35.011, 35.366, 35.642, 36.302, 36.98, 37.042, 36.935, 37.472, 38.255, 38.477, 38.36, 38.447, 39.247, 40.454, 41.157, 40.886, 39.816, 38.792, 38.518, 39.69, 42.315, 43.949, 43.475, 42.538, 42.546, 41.649, 40.833, 40.641, 39.429, 39.772, 40.602, 39.408, 37.798, 37.832, 38.858, 39.794, 40.512, 40.922, 40.909, 40.897, 41.098, 41.115, 40.935, 40.768, 40.848, 41.009, 41.189, 41.607, 42.264, 42.855, 43.269, 43.211, 42.799, 42.623, 42.364, 40.387, 35.853, 32.627, 32.057, 31.943, 31.605, 31.77, 32.833, 34.06, 34.643, 34.415, 33.833, 33.533, 33.459, 33.528, 33.864, 34.214, 34.371, 34.166, 33.44, 32.96, 32.779, 32.394, 32.097, 32.012, 31.724, 31.727, 32.059, 32.35, 32.295, 32.231, 32.396, 32.61, 32.731, 33.028, 33.374, 33.348, 33.624, 33.673, 33.17, 33.379, 34.414, 35.207, 35.347, 35.2, 35.145, 34.973, 34.876, 35.066, 35.091, 34.911, 35.294, 35.811, 35.641, 35.861, 36.522, 36.585, 36.476, 36.423, 36.02, 35.732, 36.058, 35.823, 34.213, 33.708, 34.369, 34.441, 33.423, 32.373, 31.869, 32.167, 32.758, 32.532, 32.063, 32.277, 32.669, 32.879, 33.211, 33.69, 33.632, 33.033, 32.846, 33.126, 33.093, 32.94, 32.774, 32.592, 32.261, 31.614, 31.257, 31.476, 31.743, 31.643, 31.325, 31.109, 30.658, 29.889, 29.798, 30.358, 30.355, 30.601, 32.199, 33.181, 34.186, 36.553, 37.866, 37.054, 36.115, 36.215, 36.516, 36.733, 36.866, 36.866, 37.005, 37.228, 37.198, 36.949, 36.766, 36.588, 36.401, 36.299, 36.63, 36.626, 34.9], [34.058, 33.876, 32.582, 31.315, 30.986, 30.37, 29.377, 28.682, 28.36, 28.451, 28.346, 28.078, 27.804, 27.371, 26.783, 25.738, 23.