[[0.0, 6.326, 11.028, 13.801, 15.809, 19.592, 24.3, 27.368, 28.832, 29.419, 29.528, 29.951, 31.545, 33.623, 34.979, 36.227, 38.402, 40.674, 41.651, 41.979, 42.46, 42.978, 43.344, 44.031, 45.013, 45.603, 45.844, 45.991, 45.908, 46.029, 46.197, 45.461, 44.224, 43.967, 44.957, 46.986, 48.425, 48.727, 48.938, 48.698, 47.058, 43.739, 40.181, 39.117, 39.0, 39.349, 39.834, 39.964, 40.004, 39.986, 39.853, 39.726, 39.612, 39.249, 38.842, 38.942, 39.046, 39.042, 38.972, 38.709, 38.206, 37.94, 37.909, 37.571, 37.141, 36.983, 37.064, 37.043, 37.093, 37.578, 37.903, 37.782, 37.785, 38.182, 38.669, 39.055, 39.205, 39.124, 38.949, 38.848, 38.682, 38.577, 38.566, 39.061, 40.059, 40.919, 41.115, 40.959, 41.471, 43.046, 44.837, 45.659, 45.62, 44.741, 43.907, 43.253, 42.712, 42.199, 41.595, 41.038, 40.634, 40.454, 40.511, 40.69, 40.722, 40.668, 40.959, 41.593, 41.776, 41.029, 40.194, 40.117, 40.366, 40.52, 39.965, 39.253, 39.253, 39.599, 39.486, 39.043, 38.868, 38.812, 38.471, 38.803, 40.355, 42.043, 43.917, 44.891, 45.138, 45.658, 45.986, 45.233, 44.292, 43.998, 43.975, 43.78, 43.66, 43.887, 44.108, 43.687, 42.911, 42.274, 41.882, 41.846, 41.668, 6.939], [6.326, 0.0, 6.369, 10.535, 13.245, 17.399, 22.385, 25.63, 27.189, 27.838, 27.955, 28.359, 30.015, 32.229, 33.655, 34.909, 37.158, 39.597, 40.722, 41.17, 41.733, 42.292, 42.705, 43.488, 44.555, 45.17, 45.446, 45.658, 45.609, 45.742, 45.904, 45.133, 43.852, 43.568, 44.583, 46.671, 48.139, 48.431, 48.626, 48.354, 46.662, 43.269, 39.629, 38.533, 38.394, 38.748, 39.241, 39.385, 39.46, 39.443, 39.295, 39.162, 39.032, 38.633, 38.164, 38.221, 38.349, 38.388, 38.339, 38.065, 37.56, 37.343, 37.349, 37.0, 36.56, 36.413, 36.507, 36.475, 36.5, 36.975, 37.298, 37.179, 37.173, 37.557, 38.046, 38.448, 38.616, 38.52, 38.278, 38.134, 37.972, 37.869, 37.894, 38.477, 39.604, 40.583, 40.818, 40.626, 41.119, 42.753, 44.63, 45.496, 45.452, 44.519, 43.628, 42.942, 42.394, 41.865, 41.245, 40.675, 40.243, 40.034, 40.081, 40.269, 40.314, 40.284, 40.624, 41.313, 41.514, 40.736, 39.861, 39.76, 39.997, 40.131, 39.522, 38.739, 38.698, 39.059, 38.946, 38.481, 38.303, 38.253, 37.92, 38.317, 39.946, 41.663, 43.562, 44.555, 44.805, 45.329, 45.67, 44.931, 43.985, 43.706, 43.709, 43.5, 43.354, 43.596, 43.84, 43.41, 42.609, 41.948, 41.538, 41.507, 41.333, 11.011], [11.028, 6.369, 0.0, 5.743, 10.581, 15.586, 20.658, 24.025, 25.709, 26.426, 26.578, 27.039, 28.851, 31.243, 32.752, 34.052, 36.399, 38.98, 40.224, 40.763, 41.377, 41.962, 42.427, 43.304, 44.448, 45.067, 45.315, 45.523, 45.511, 45.686, 45.844, 45.038, 43.732, 43.45, 44.477, 46.582, 48.055, 48.341, 48.536, 48.263, 46.56, 43.16, 39.504, 38.397, 38.239, 38.589, 39.082, 39.213, 39.266, 39.227, 39.068, 38.937, 38.805, 38.404, 37.915, 37.943, 38.08, 38.129, 38.078, 37.81, 37.312, 37.09, 37.093, 36.742, 36.319, 36.207, 36.339, 36.319, 36.341, 36.805, 37.122, 36.997, 36.985, 37.353, 37.834, 38.243, 38.42, 38.312, 38.031, 37.841, 37.641, 37.529, 37.595, 38.228, 39.412, 40.429, 40.668, 40.465, 40.962, 42.63, 44.542, 45.425, 45.388, 44.436, 43.506, 42.8, 42.249, 41.712, 41.077, 40.493, 40.038, 39.812, 39.856, 40.059, 40.134, 40.143, 40.524, 41.248, 41.465, 40.667, 39.755, 39.636, 39.866, 39.987, 39.363, 38.563, 38.512, 38.894, 38.778, 38.315, 38.168, 38.118, 37.757, 38.151, 39.77, 41.467, 43.373, 44.399, 44.667, 45.191, 45.531, 44.76, 43.728, 43.39, 43.368, 43.137, 42.989, 43.263, 43.531, 43.102, 42.319, 41.691, 41.307, 41.284, 41.09, 14.138], [13.801, 10.535, 5.743, 0.0, 6.791, 13.471, 19.177, 22.737, 24.548, 25.366, 25.615, 26.198, 28.211, 30.798, 32.412, 33.797, 36.216, 38.814, 40.06, 40.627, 41.271, 41.866, 42.356, 43.261, 44.437, 45.086, 45.336, 45.534, 45.547, 45.763, 45.929, 45.107, 43.803, 43.534, 44.544, 46.583, 48.011, 48.295, 48.496, 48.234, 46.558, 43.226, 39.692, 38.669, 38.535, 38.882, 39.361, 39.459, 39.451, 39.395, 39.24, 39.112, 38.998, 38.64, 38.19, 38.227, 38.361, 38.405, 38.347, 38.085, 37.616, 37.418, 37.418, 37.067, 36.668, 36.585, 36.753, 36.749, 36.772, 37.225, 37.54, 37.425, 37.415, 37.762, 38.206, 38.596, 38.771, 38.669, 38.407, 38.236, 38.024, 37.907, 37.958, 38.52, 39.624, 40.579, 40.8, 40.619, 41.108, 42.72, 44.592, 45.452, 45.409, 44.476, 43.571, 42.888, 42.347, 41.826, 41.221, 40.66, 40.207, 39.984, 40.03, 40.229, 40.312, 40.327, 40.697, 41.408, 41.638, 40.882, 40.014, 39.914, 40.134, 40.244, 39.634, 38.849, 38.787, 39.15, 39.026, 38.568, 38.425, 38.365, 37.993, 38.36, 39.927, 41.604, 43.516, 44.546, 44.833, 45.368, 45.697, 44.886, 43.783, 43.379, 43.343, 43.134, 43.019, 43.313, 43.591, 43.172, 42.403, 41.797, 41.447, 41.436, 41.23, 16.357], [15.809, 13.245, 10.581, 6.791, 0.0, 8.387, 15.753, 20.138, 22.223, 23.236, 23.701, 24.458, 26.718, 29.572, 31.37, 32.977, 35.626, 38.3, 39.51, 40.054, 40.727, 41.361, 41.897, 42.84, 44.055, 44.776, 45.125, 45.372, 45.399, 45.635, 45.832, 45.029, 43.731, 43.462, 44.469, 46.494, 47.913, 48.202, 48.411, 48.151, 46.46, 43.128, 39.648, 38.652, 38.524, 38.869, 39.331, 39.403, 39.364, 39.345, 39.218, 39.083, 38.964, 38.621, 38.204, 38.273, 38.416, 38.457, 38.412, 38.177, 37.726, 37.531, 37.513, 37.15, 36.744, 36.65, 36.834, 36.844, 36.871, 37.316, 37.619, 37.496, 37.464, 37.784, 38.188, 38.553, 38.731, 38.636, 38.384, 38.235, 38.023, 37.905, 37.963, 38.49, 39.522, 40.417, 40.627, 40.447, 40.922, 42.53, 44.424, 45.305, 45.26, 44.329, 43.44, 42.761, 42.213, 41.699, 41.113, 40.554, 40.097, 39.878, 39.92, 40.11, 40.195, 40.214, 40.576, 41.286, 41.538, 40.822, 39.992, 39.907, 40.126, 40.237, 39.62, 38.79, 38.672, 39.007, 38.874, 38.397, 38.227, 38.156, 37.799, 38.156, 39.687, 41.375, 43.351, 44.413, 44.716, 45.283, 45.65, 44.867, 43.795, 43.399, 43.368, 43.183, 43.095, 43.396, 43.667, 43.245, 42.477, 41.867, 41.511, 41.509, 41.33, 18.274], [19.592, 17.399, 15.586, 13.471, 8.387, 0.0, 8.93, 14.959, 17.851, 19.254, 20.042, 21.139, 23.898, 27.212, 29.302, 31.319, 34.441, 37.36, 38.6, 39.116, 39.827, 40.558, 41.224, 42.288, 43.586, 44.38, 44.821, 45.112, 45.158, 45.416, 45.652, 44.892, 43.611, 43.327, 44.334, 46.412, 47.879, 48.179, 48.402, 48.152, 46.419, 43.024, 39.455, 38.35, 38.177, 38.509, 38.927, 38.977, 38.988, 39.051, 38.948, 38.807, 38.663, 38.299, 37.893, 37.984, 38.116, 38.152, 38.142, 37.946, 37.486, 37.228, 37.161, 36.791, 36.366, 36.213, 36.375, 36.406, 36.47, 36.915, 37.199, 37.045, 36.985, 37.27, 37.621, 37.942, 38.114, 38.008, 37.706, 37.495, 37.221, 37.074, 37.201, 37.827, 38.886, 39.79, 40.014, 39.805, 40.274, 41.979, 43.988, 44.934, 44.917, 43.976, 43.062, 42.348, 41.778, 41.26, 40.669, 40.093, 39.614, 39.367, 39.38, 39.572, 39.681, 39.722, 40.105, 40.851, 41.132, 40.417, 39.567, 39.46, 39.687, 39.813, 39.179, 38.266, 38.078, 38.428, 38.298, 37.801, 37.615, 37.531, 37.193, 37.578, 39.088, 40.787, 42.874, 44.034, 44.373, 44.981, 45.417, 44.684, 43.65, 43.273, 43.213, 42.982, 42.884, 43.202, 43.469, 43.012, 42.226, 41.628, 41.269, 41.262, 41.096, 21.557], [24.3, 22.385, 20.658, 19.177, 15.753, 8.93, 0.0, 7.58, 12.011, 14.31, 15.509, 17.169, 20.777, 24.733, 27.22, 29.755, 33.392, 36.561, 37.835, 38.318, 39.072, 39.937, 40.772, 41.984, 43.384, 44.232, 44.704, 45.008, 45.091, 45.393, 45.651, 44.908, 43.64, 43.36, 44.377, 46.482, 47.968, 48.27, 48.503, 48.262, 46.512, 43.051, 39.335, 38.108, 37.912, 38.235, 38.594, 38.643, 38.769, 38.907, 38.799, 38.666, 38.533, 38.171, 37.785, 37.876, 37.967, 37.99, 38.022, 37.871, 37.412, 37.101, 36.998, 36.643, 36.212, 35.985, 36.091, 36.121, 36.197, 36.618, 36.877, 36.697, 36.615, 36.853, 37.137, 37.406, 37.567, 37.447, 37.079, 36.759, 36.386, 36.202, 36.4, 37.141, 38.27, 39.229, 39.477, 39.241, 39.713, 41.492, 43.581, 44.585, 44.603, 43.667, 42.73, 41.98, 41.399, 40.886, 40.31, 39.753, 39.273, 38.998, 38.979, 39.177, 39.307, 39.364, 39.774, 40.555, 40.852, 40.122, 39.226, 39.063, 39.26, 39.389, 38.773, 37.841, 37.635, 38.034, 37.923, 37.441, 37.285, 37.196, 36.864, 37.297, 38.838, 40.589, 42.752, 43.971, 44.342, 44.976, 45.443, 44.716, 43.635, 43.21, 43.101, 42.812, 42.694, 43.043, 43.327, 42.83, 42.005, 41.411, 41.055, 41.012, 40.804, 25.626], [27.368, 25.63, 24.025, 22.737, 20.138, 14.959, 7.58, 0.0, 5.929, 9.832, 11.775, 13.975, 18.351, 22.877, 25.7, 28.581, 32.529, 35.853, 37.149, 37.618, 38.413, 39.377, 40.326, 41.625, 43.098, 43.991, 44.482, 44.797, 44.917, 45.269, 45.538, 44.776, 43.523, 43.287, 44.336, 46.439, 47.906, 48.192, 48.418, 48.179, 46.43, 42.921, 39.11, 37.867, 37.696, 38.017, 38.352, 38.444, 38.667, 38.839, 38.712, 38.594, 38.494, 38.147, 37.765, 37.84, 37.913, 37.948, 38.004, 37.879, 37.442, 37.127, 37.02, 36.7, 36.3, 36.054, 36.122, 36.128, 36.169, 36.534, 36.753, 36.548, 36.443, 36.627, 36.85, 37.088, 37.251, 37.123, 36.711, 36.318, 35.895, 35.724, 35.97, 36.738, 37.886, 38.874, 39.128, 38.88, 39.357, 41.131, 43.226, 44.258, 44.294, 43.37, 42.436, 41.676, 41.092, 40.588, 40.038, 39.515, 39.062, 38.802, 38.786, 38.993, 39.133, 39.2, 39.627, 40.424, 40.725, 39.987, 39.058, 38.838, 38.986, 39.101, 38.511, 37.609, 37.426, 37.848, 37.742, 37.276, 37.154, 37.073, 36.727, 37.152, 38.729, 40.553, 42.739, 43.956, 44.332, 44.969, 45.443, 44.718, 43.609, 43.151, 43.027, 42.723, 42.6, 42.965, 43.257, 42.743, 41.899, 41.297, 40.925, 40.838, 40.594, 28.365], [28.832, 27.189, 25.709, 24.548, 22.223, 17.851, 12.011, 5.929, 0.0, 5.314, 8.629, 11.612, 16.483, 21.382, 24.44, 27.497, 31.63, 35.097, 36.456, 36.946, 37.767, 38.767, 39.751, 41.083, 42.601, 43.534, 44.061, 44.407, 44.556, 44.945, 45.24, 44.473, 43.228, 43.024, 44.101, 46.23, 47.71, 47.985, 48.212, 47.991, 46.26, 42.751, 38.944, 37.741, 37.577, 37.883, 38.23, 38.36, 38.602, 38.765, 38.626, 38.518, 38.435, 38.089, 37.69, 37.737, 37.822, 37.888, 37.947, 37.824, 37.4, 37.089, 36.987, 36.691, 36.336, 36.107, 36.163, 36.161, 36.182, 36.513, 36.711, 36.483, 36.349, 36.492, 36.687, 36.925, 37.106, 36.974, 36.539, 36.125, 35.698, 35.534, 35.79, 36.554, 37.7, 38.702, 38.969, 38.718, 39.193, 40.965, 43.058, 44.094, 44.134, 43.215, 42.283, 41.519, 40.925, 40.425, 39.893, 39.389, 38.951, 38.701, 38.693, 38.905, 39.045, 39.122, 39.567, 40.383, 40.697, 39.962, 39.017, 38.769, 38.9, 39.005, 38.405, 37.512, 37.352, 37.774, 37.653, 37.179, 37.066, 36.992, 36.638, 37.032, 38.59, 40.413, 42.6, 43.834, 44.211, 44.839, 45.321, 44.616, 43.524, 43.057, 42.923, 42.623, 42.508, 42.875, 43.155, 42.639, 41.805, 41.203, 40.808, 40.699, 40.45, 29.715], [29.419, 27.838, 26.426, 25.366, 23.236, 19.254, 14.31, 9.832, 5.314, 0.0, 4.696, 9.328, 15.035, 20.207, 23.428, 26.622, 30.896, 34.466, 35.858, 36.322, 37.126, 38.142, 39.155, 40.527, 42.089, 43.054, 43.616, 44.018, 44.198, 44.601, 44.92, 44.161, 42.912, 42.722, 43.851, 46.079, 47.632, 47.915, 48.151, 47.961, 46.243, 42.73, 38.9, 37.661, 37.466, 37.763, 38.116, 38.233, 38.47, 38.631, 38.486, 38.378, 38.295, 37.952, 37.554, 37.593, 37.674, 37.732, 37.786, 37.667, 37.228, 36.898, 36.795, 36.507, 36.169, 35.958, 36.018, 36.017, 36.029, 36.336, 36.532, 36.295, 36.143, 36.281, 36.504, 36.771, 36.966, 36.843, 36.41, 35.993, 35.546, 35.352, 35.609, 36.381, 37.536, 38.564, 38.854, 38.606, 39.085, 40.883, 42.993, 44.032, 44.076, 43.142, 42.176, 41.398, 40.795, 40.29, 39.768, 39.274, 38.827, 38.557, 38.537, 38.744, 38.885, 38.974, 39.439, 40.277, 40.602, 39.86, 38.893, 38.635, 38.779, 38.89, 38.279, 37.363, 37.19, 37.621, 37.488, 36.999, 36.892, 36.824, 36.477, 36.906, 38.495, 40.336, 42.543, 43.797, 44.177, 44.798, 45.267, 44.55, 43.457, 42.966, 42.81, 42.511, 42.407, 42.781, 43.059, 42.546, 41.721, 41.112, 40.694, 40.567, 40.295, 30.211], [29.528, 27.955, 26.578, 25.615, 23.701, 20.042, 15.509, 11.775, 8.629, 4.696, 0.0, 6.087, 13.125, 18.921, 22.402, 25.787, 30.218, 33.875, 35.281, 35.718, 36.52, 37.579, 38.668, 40.128, 41.75, 42.732, 43.315, 43.761, 43.96, 44.37, 44.703, 43.946, 42.682, 42.499, 43.71, 46.078, 47.727, 48.026, 48.253, 48.061, 46.314, 42.716, 38.697, 37.297, 37.068, 37.394, 37.766, 37.878, 38.132, 38.297, 38.141, 38.025, 37.937, 37.588, 37.199, 37.258, 37.334, 37.377, 37.43, 37.31, 36.842, 36.476, 36.361, 36.063, 35.699, 35.477, 35.538, 35.519, 35.494, 35.782, 35.967, 35.722, 35.577, 35.747, 36.033, 36.344, 36.551, 36.427, 35.988, 35.562, 35.105, 34.909, 35.17, 35.932, 37.106, 38.182, 38.495, 38.241, 38.749, 40.63, 42.804, 43.861, 43.907, 42.949, 41.938, 41.127, 40.51, 39.997, 39.465, 38.943, 38.458, 38.172, 38.153, 38.368, 38.528, 38.647, 39.153, 40.034, 40.364, 39.574, 38.545, 38.27, 38.435, 38.561, 37.917, 36.922, 36.713, 37.181, 37.065, 36.578, 36.483, 36.411, 36.063, 36.552, 38.28, 40.258, 42.532, 43.786, 44.159, 44.789, 45.257, 44.523, 43.419, 42.928, 42.769, 42.454, 42.331, 42.712, 43.009, 42.493, 41.645, 41.007, 40.564, 40.424, 40.124, 30.203], [29.951, 28.359, 27.039, 26.198, 24.458, 21.139, 17.169, 13.975, 11.612, 9.328, 6.087, 0.0, 8.254, 15.395, 19.74, 23.771, 28.703, 32.64, 34.146, 34.635, 35.499, 36.631, 37.835, 39.445, 41.179, 42.228, 42.878, 43.377, 43.589, 44.017, 44.39, 43.644, 42.352, 42.189, 43.54, 46.07, 47.803, 48.118, 48.333, 48.105, 46.267, 42.466, 38.093, 36.448, 36.187, 36.59, 37.026, 37.136, 37.393, 37.578, 37.415, 37.274, 37.173, 36.802, 36.39, 36.484, 36.6, 36.652, 36.708, 36.584, 36.083, 35.678, 35.548, 35.229, 34.796, 34.535, 34.601, 34.554, 34.464, 34.741, 34.9, 34.642, 34.563, 34.815, 35.174, 35.536, 35.771, 35.638, 35.158, 34.71, 34.267, 34.108, 34.36, 35.073, 36.265, 37.398, 37.719, 37.447, 38.02, 40.063, 42.373, 43.471, 43.505, 42.507, 41.449, 40.588, 39.939, 39.404, 38.816, 38.2, 37.637, 37.341, 37.331, 37.584, 37.829, 38.043, 38.643, 39.609, 39.948, 39.075, 37.963, 37.681, 37.867, 37.974, 37.215, 36.039, 35.773, 36.311, 36.229, 35.751, 35.659, 35.571, 35.19, 35.676, 37.582, 39.772, 42.206, 43.517, 43.903, 44.567, 45.077, 44.372, 43.289, 42.82, 42.673, 42.332, 42.17, 42.557, 42.883, 42.354, 41.455, 40.776, 40.316, 40.195, 39.911, 30.452], [31.545, 30.015, 28.851, 28.211, 26.718, 23.898, 20.777, 18.351, 16.483, 15.035, 13.125, 8.254, 0.0, 8.448, 14.535, 20.195, 26.124, 30.476, 32.098, 32.678, 33.653, 34.883, 36.234, 38.049, 39.961, 41.157, 41.957, 42.549, 42.778, 43.233, 43.669, 42.965, 41.684, 41.603, 43.171, 45.898, 47.699, 48.03, 48.296, 48.081, 46.141, 42.113, 37.426, 35.618, 35.36, 35.859, 36.345, 36.41, 36.659, 36.896, 36.731, 36.526, 36.394, 36.02, 35.596, 35.743, 35.925, 35.978, 36.039, 35.949, 35.459, 35.027, 34.886, 34.56, 34.05, 33.708, 33.768, 33.708, 33.564, 33.829, 33.948, 33.688, 33.732, 34.085, 34.498, 34.898, 35.177, 35.061, 34.56, 34.113, 33.702, 33.579, 33.784, 34.379, 35.527, 36.687, 37.003, 36.698, 37.315, 39.5, 41.954, 43.094, 43.109, 42.08, 40.982, 40.079, 39.409, 38.844, 38.167, 37.431, 36.786, 36.471, 36.449, 36.726, 37.077, 37.421, 38.141, 39.194, 39.526, 38.568, 37.385, 37.086, 37.262, 37.322, 36.447, 35.137, 34.895, 35.533, 35.473, 35.007, 34.917, 34.82, 34.406, 34.798, 36.788, 39.151, 41.727, 43.111, 43.531, 44.24, 44.818, 44.183, 43.128, 42.64, 42.497, 42.167, 41.993, 42.383, 42.716, 42.164, 41.238, 40.548, 40.09, 40.022, 39.807, 31.786], [33.623, 32.229, 31.243, 30.798, 29.572, 27.212, 24.733, 22.877, 21.382, 20.207, 18.921, 15.395, 8.448, 0.0, 7.934, 15.896, 23.055, 27.757, 29.4, 30.066, 31.205, 32.549, 34.032, 36.038, 38.129, 39.475, 40.431, 41.142, 41.418, 41.891, 42.361, 41.707, 40.541, 40.658, 42.426, 45.306, 47.161, 47.496, 47.863, 47.776, 45.852, 41.783, 37.088, 35.369, 35.186, 35.734, 36.225, 36.263, 36.54, 36.831, 36.67, 36.41, 36.244, 35.884, 35.464, 35.646, 35.887, 35.941, 36.008, 35.988, 35.566, 35.133, 34.984, 34.687, 34.162, 33.741, 33.752, 33.676, 33.502, 33.749, 33.836, 33.56, 33.659, 34.039, 34.444, 34.842, 35.144, 35.076, 34.627, 34.234, 33.899, 33.817, 33.948, 34.379, 35.407, 36.534, 36.832, 36.496, 37.065, 39.223, 41.693, 42.839, 42.856, 41.823, 40.702, 39.8, 39.15, 38.568, 37.861, 37.12, 36.485, 36.174, 36.136, 36.395, 36.76, 37.142, 37.909, 38.99, 39.296, 38.293, 37.05, 36.695, 36.843, 36.891, 36.03, 34.833, 34.807, 35.537, 35.469, 35.019, 34.935, 34.837, 34.403, 34.67, 36.564, 38.895, 41.388, 42.732, 43.174, 43.918, 44.562, 44.008, 42.982, 42.464, 42.33, 42.046, 41.881, 42.25, 42.55, 41.975, 41.076, 40.415, 39.946, 39.921, 39.819, 33.628], [34.979, 33.655, 32.752, 32.412, 31.37, 29.302, 27.22, 25.7, 24.44, 23.428, 22.402, 19.74, 14.535, 7.934, 0.0, 9.588, 18.26, 23.807, 25.83, 26.792, 28.194, 29.64, 31.199, 33.358, 35.619, 37.109, 38.228, 39.102, 39.476, 39.98, 40.483, 39.928, 39.011, 39.413, 41.28, 44.164, 46.022, 46.345, 46.771, 46.839, 45.093, 41.256, 36.933, 35.594, 35.566, 36.113, 36.597, 36.666, 36.988, 37.29, 37.133, 36.862, 36.681, 36.301, 35.828, 35.971, 36.27, 36.378, 36.455, 36.465, 36.084, 35.658, 35.511, 35.251, 34.788, 34.366, 34.325, 34.208, 34.039, 34.32, 34.445, 34.14, 34.147, 34.41, 34.697, 35.023, 35.314, 35.305, 34.939, 34.6, 34.341, 34.288, 34.328, 34.645, 35.58, 36.659, 36.96, 36.631, 37.098, 39.072, 41.39, 42.48, 42.511, 41.488, 40.364, 39.483, 38.858, 38.295, 37.689, 37.125, 36.654, 36.434, 36.419, 36.655, 36.969, 37.287, 38.012, 39.065, 39.353, 38.35, 37.078, 36.689, 36.833, 36.888, 36.104, 35.143, 35.356, 36.097, 36.015, 35.581, 35.509, 35.416, 34.922, 34.955, 36.538, 38.559, 40.755, 41.96, 42.374, 43.117, 43.813, 43.355, 42.403, 41.92, 41.826, 41.594, 41.431, 41.747, 41.994, 41.427, 40.596, 39.965, 39.449, 39.448, 39.486, 34.912], [36.227, 34.909, 34.052, 33.797, 32.977, 31.319, 29.755, 28.581, 27.497, 26.622, 25.787, 23.771, 20.195, 15.896, 9.588, 0.0, 10.005, 17.212, 20.614, 22.466, 24.21, 25.62, 27.169, 29.466, 31.895, 33.552, 34.891, 35.993, 36.484, 37.021, 37.635, 37.355, 36.852, 37.533, 39.309, 41.973, 43.729, 44.017, 44.437, 44.631, 43.227, 40.048, 36.827, 36.421, 36.642, 37.084, 37.52, 37.66, 38.033, 38.32, 38.158, 37.898, 37.715, 37.31, 36.77, 36.83, 37.205, 37.426, 37.517, 37.529, 37.191, 36.816, 36.7, 36.479, 36.14, 35.804, 35.732, 35.578, 35.488, 35.883, 36.089, 35.754, 35.599, 35.62, 35.659, 35.827, 36.078, 36.137, 35.864, 35.567, 35.351, 35.244, 35.156, 35.353, 36.152, 37.147, 37.491, 37.22, 37.51, 39.071, 41.009, 41.985, 42.059, 41.09, 40.025, 39.222, 38.644, 38.163, 37.79, 37.56, 37.433, 37.431, 37.489, 37.703, 37.914, 38.052, 38.596, 39.549, 39.851, 38.975, 37.864, 37.575, 37.718, 37.75, 37.084, 36.414, 36.787, 37.441, 37.363, 36.947, 36.856, 36.791, 36.225, 35.772, 36.624, 37.968, 39.691, 40.672, 40.985, 41.659, 42.366, 42.038, 41.249, 40.87, 40.85, 40.701, 40.536, 40.737, 40.9, 40.391, 39.671, 39.073, 38.523, 38.547, 38.755, 36.225], [38.402, 37.158, 36.399, 36.216, 35.626, 34.441, 33.392, 32.529, 31.63, 30.896, 30.218, 28.703, 26.124, 23.055, 18.26, 10.005, 0.0, 8.805, 14.501, 17.993, 20.106, 21.264, 22.77, 25.226, 27.753, 29.504, 31.056, 32.42, 33.033, 33.57, 34.321, 34.474, 34.527, 35.458, 37.022, 39.327, 40.897, 41.131, 41.513, 41.789, 40.782, 38.563, 37.066, 38.012, 38.503, 38.759, 39.107, 39.297, 39.719, 40.011, 39.871, 39.643, 39.482, 39.103, 38.558, 38.557, 39.005, 39.331, 39.429, 39.459, 39.212, 38.934, 38.863, 38.694, 38.483, 38.228, 38.124, 37.959, 37.964, 38.426, 38.644, 38.311, 38.071, 37.872, 37.636, 37.621, 37.821, 37.949, 37.781, 37.548, 37.381, 37.221, 37.007, 37.03, 37.583, 38.402, 38.769, 38.588, 38.672, 39.683, 41.125, 41.987, 42.143, 41.298, 40.353, 39.68, 39.19, 38.818, 38.679, 38.761, 38.972, 39.203, 39.342, 39.522, 39.614, 39.552, 39.859, 40.662, 40.991, 40.336, 39.533, 39.407, 39.52, 39.524, 39.033, 38.663, 39.102, 39.617, 39.567, 39.188, 39.056, 39.001, 38.425, 37.52, 37.527, 38.096, 39.319, 40.001, 40.194, 40.774, 41.431, 41.231, 40.617, 40.332, 40.378, 40.325, 40.156, 40.207, 40.256, 39.828, 39.24, 38.689, 38.156, 38.195, 38.545, 38.447], [40.674, 39.597, 38.98, 38.814, 38.3, 37.36, 36.561, 35.853, 35.097, 34.466, 33.875, 32.64, 30.476, 27.757, 23.807, 17.212, 8.805, 0.0, 7.63, 13.233, 16.131, 17.193, 18.854, 21.692, 24.432, 26.307, 28.074, 29.717, 30.464, 30.967, 31.779, 32.288, 32.856, 34.04, 35.492, 37.592, 39.067, 39.282, 39.692, 40.098, 39.37, 37.812, 37.505, 39.374, 40.072, 40.218, 40.488, 40.709, 41.228, 41.596, 41.509, 41.319, 41.193, 40.87, 40.399, 40.415, 40.865, 41.206, 41.318, 41.375, 41.195, 40.983, 40.93, 40.797, 40.649, 40.394, 40.228, 40.039, 40.053, 40.475, 40.618, 40.293, 40.068, 39.769, 39.377, 39.254, 39.418, 39.592, 39.524, 39.387, 39.292, 39.136, 38.846, 38.752, 39.127, 39.801, 40.166, 40.037, 39.994, 40.651, 41.778, 42.584, 42.817, 42.08, 41.22, 40.641, 40.226, 39.923, 39.905, 40.106, 40.4, 40.693, 40.861, 41.003, 41.003, 40.835, 41.017, 41.706, 42.013, 41.478, 40.854, 40.79, 40.853, 40.857, 40.532, 40.4, 40.904, 41.337, 41.295, 40.943, 40.778, 40.718, 40.2, 39.24, 38.992, 39.282, 40.247, 40.726, 40.88, 41.408, 41.984, 41.817, 41.28, 41.034, 41.116, 41.114, 40.951, 40.932, 40.918, 40.529, 40.024, 39.509, 38.988, 39.017, 39.426, 40.673], [41.651, 40.722, 40.224, 40.06, 39.51, 38.6, 37.835, 37.149, 36.456, 35.858, 35.281, 34.146, 32.098, 29.4, 25.83, 20.614, 14.501, 7.63, 0.0, 7.073, 11.267, 12.985, 15.299, 18.849, 22.071, 24.204, 26.208, 28.111, 28.98, 29.467, 30.283, 30.917, 31.737, 33.201, 34.856, 37.082, 38.591, 38.814, 39.337, 39.892, 39.224, 37.671, 37.319, 39.26, 40.068, 40.259, 40.528, 40.797, 41.425, 41.879, 41.823, 41.637, 41.534, 41.246, 40.85, 40.949, 41.386, 41.702, 41.835, 41.907, 41.728, 41.52, 41.464, 41.352, 41.216, 40.919, 40.688, 40.446, 40.395, 40.74, 40.795, 40.441, 40.249, 39.974, 39.591, 39.471, 39.633, 39.828, 39.834, 39.778, 39.721, 39.577, 39.258, 39.127, 39.449, 40.066, 40.413, 40.278, 40.192, 40.775, 41.868, 42.704, 42.99, 42.289, 41.413, 40.837, 40.445, 40.15, 40.151, 40.336, 40.516, 40.721, 40.874, 40.997, 40.959, 40.782, 40.973, 41.632, 41.892, 41.332, 40.679, 40.578, 40.627, 40.651, 40.383, 40.36, 40.99, 41.452, 41.393, 41.042, 40.886, 40.832, 40.365, 39.656, 39.789, 40.377, 41.406, 41.871, 42.059, 42.598, 43.136, 42.926, 42.36, 42.108, 42.192, 42.182, 42.028, 42.049, 42.054, 41.65, 41.134, 40.626, 40.104, 40.118, 40.505, 41.553], [41.979, 41.17, 40.763, 40.627, 40.054, 39.116, 38.318, 37.618, 36.946, 36.322, 35.718, 34.635, 32.678, 30.066, 26.792, 22.466, 17.993, 13.233, 7.073, 0.0, 5.39, 8.813, 12.547, 16.849, 20.451, 22.756, 24.921, 27.006, 27.961, 28.478, 29.345, 30.029, 30.939, 32.669, 34.698, 37.203, 38.773, 38.988, 39.61, 40.256, 39.538, 37.758, 36.944, 38.595, 39.421, 39.722, 40.061, 40.389, 41.076, 41.551, 41.484, 41.283, 41.194, 40.925, 40.586, 40.772, 41.213, 41.503, 41.64, 41.718, 41.511, 41.264, 41.187, 41.096, 40.971, 40.637, 40.353, 40.047, 39.894, 40.16, 40.157, 39.759, 39.568, 39.33, 39.004, 38.918, 39.095, 39.311, 39.361, 39.349, 39.3, 39.149, 38.819, 38.687, 38.994, 39.572, 39.893, 39.744, 39.646, 40.248, 41.419, 42.326, 42.659, 41.963, 41.038, 40.423, 40.028, 39.719, 39.712, 39.872, 39.95, 40.071, 40.198, 40.312, 40.268, 40.108, 40.333, 41.0, 41.242, 40.632, 39.907, 39.793, 39.88, 39.93, 39.648, 39.629, 40.352, 40.878, 40.804, 40.448, 40.331, 40.304, 39.874, 39.41, 39.944, 40.912, 42.111, 42.621, 42.844, 43.422, 43.966, 43.703, 43.083, 42.802, 42.849, 42.801, 42.659, 42.741, 42.78, 42.348, 41.794, 41.292, 40.782, 40.775, 41.091, 41.768], [42.46, 41.733, 41.377, 41.271, 40.727, 39.827, 39.072, 38.413, 37.767, 37.126, 36.52, 35.499, 33.653, 31.205, 28.194, 24.21, 20.106, 16.131, 11.267, 5.39, 0.0, 5.054, 10.459, 15.488, 19.247, 21.564, 23.811, 26.01, 27.016, 27.57, 28.536, 29.351, 30.366, 32.222, 34.458, 37.131, 38.737, 38.919, 39.555, 40.234, 39.526, 37.769, 37.031, 38.729, 39.544, 39.865, 40.269, 40.65, 41.322, 41.753, 41.667, 41.461, 41.372, 41.113, 40.809, 41.025, 41.458, 41.73, 41.858, 41.941, 41.724, 41.447, 41.358, 41.286, 41.178, 40.838, 40.535, 40.198, 39.984, 40.204, 40.175, 39.763, 39.557, 39.307, 38.983, 38.894, 39.074, 39.316, 39.397, 39.404, 39.361, 39.194, 38.838, 38.692, 38.977, 39.51, 39.8, 39.651, 39.551, 40.131, 41.291, 42.22, 42.586, 41.913, 40.992, 40.379, 39.995, 39.697, 39.709, 39.885, 39.959, 40.073, 40.195, 40.299, 40.245, 40.083, 40.309, 40.977, 41.231, 40.64, 39.934, 39.864, 39.988, 40.043, 39.734, 39.681, 40.403, 40.941, 40.867, 40.507, 40.398, 40.387, 39.994, 39.587, 40.167, 41.228, 42.475, 42.979, 43.213, 43.806, 44.341, 44.049, 43.412, 43.105, 43.119, 43.055, 42.928, 43.026, 43.064, 42.633, 42.097, 41.623, 41.132, 41.113, 41.404, 42.172], [42.978, 42.292, 41.962, 41.866, 41.361, 40.558, 39.937, 39.377, 38.767, 38.142, 37.579, 36.631, 34.883, 32.549, 29.64, 25.62, 21.264, 17.193, 12.985, 8.813, 5.054, 0.0, 6.497, 12.585, 16.914, 19.505, 22.012, 24.455, 25.566, 26.118, 27.171, 28.22, 29.45, 31.402, 33.728, 36.495, 38.144, 38.29, 38.896, 39.622, 39.033, 37.541, 37.315, 39.389, 40.249, 40.516, 40.919, 41.336, 41.988, 42.387, 42.307, 42.106, 42.007, 41.758, 41.477, 41.683, 42.117, 42.405, 42.536, 42.624, 42.417, 42.148, 42.067, 42.007, 41.926, 41.601, 41.3, 40.97, 40.778, 41.005, 40.98, 40.57, 40.339, 40.047, 39.688, 39.574, 39.745, 40.011, 40.12, 40.135, 40.081, 39.893, 39.515, 39.346, 39.604, 40.107, 40.382, 40.234, 40.098, 40.568, 41.604, 42.492, 42.871, 42.242, 41.373, 40.793, 40.427, 40.17, 40.25, 40.501, 40.624, 40.765, 40.898, 40.988, 40.901, 40.706, 40.907, 41.557, 41.82, 41.287, 40.661, 40.638, 40.762, 40.804, 40.509, 40.481, 41.174, 41.655, 41.582, 41.23, 41.086, 41.073, 40.735, 40.266, 40.652, 41.533, 42.644, 43.076, 43.312, 43.894, 44.394, 44.12, 43.535, 43.231, 43.244, 43.199, 43.082, 43.147, 43.157, 42.756, 42.281, 41.838, 41.346, 41.322, 41.631, 42.688], [43.344, 42.705, 42.427, 42.356, 41.897, 41.224, 40.772, 40.326, 39.751, 39.155, 38.668, 37.835, 36.234, 34.032, 31.199, 27.169, 22.77, 18.854, 15.299, 12.547, 10.459, 6.497, 0.0, 7.03, 12.503, 15.937, 18.968, 21.781, 23.071, 23.596, 24.719, 26.066, 27.626, 29.834, 32.345, 35.269, 37.002, 37.158, 37.775, 38.584, 38.157, 36.995, 37.377, 39.917, 40.908, 41.168, 41.549, 41.981, 42.656, 43.076, 43.013, 42.812, 42.71, 42.48, 42.221, 42.406, 42.847, 43.16, 43.303, 43.391, 43.188, 42.94, 42.874, 42.825, 42.792, 42.496, 42.192, 41.876, 41.743, 41.998, 41.99, 41.572, 41.284, 40.928, 40.527, 40.393, 40.552, 40.827, 40.967, 41.003, 40.926, 40.712, 40.321, 40.132, 40.365, 40.857, 41.153, 41.006, 40.787, 41.105, 42.025, 42.872, 43.255, 42.69, 41.893, 41.339, 40.978, 40.776, 40.946, 41.295, 41.496, 41.666, 41.804, 41.87, 41.743, 41.503, 41.659, 42.271, 42.526, 42.035, 41.466, 41.448, 41.543, 41.58, 41.344, 41.392, 42.052, 42.445, 42.375, 42.049, 41.867, 41.869, 41.609, 41.053, 41.187, 41.772, 42.64, 42.964, 43.207, 43.773, 44.238, 44.011, 43.519, 43.258, 43.302, 43.292, 43.178, 43.19, 43.155, 42.774, 42.353, 41.936, 41.442, 41.417, 41.742, 43.083], [44.031, 43.488, 43.304, 43.261, 42.84, 42.288, 41.984, 41.625, 41.083, 40.527, 40.128, 39.445, 38.049, 36.038, 33.358, 29.466, 25.226, 21.692, 18.849, 16.849, 15.488, 12.585, 7.03, 0.0, 6.527, 11.378, 15.388, 18.654, 20.117, 20.62, 21.813, 23.482, 25.507, 28.146, 30.858, 33.85, 35.629, 35.832, 36.504, 37.41, 37.158, 36.381, 37.466, 40.55, 41.745, 42.051, 42.43, 42.867, 43.577, 44.037, 44.004, 43.803, 43.7, 43.502, 43.265, 43.413, 43.845, 44.175, 44.327, 44.425, 44.24, 44.022, 43.978, 43.949, 43.981, 43.732, 43.431, 43.133, 43.055, 43.331, 43.341, 42.927, 42.583, 42.156, 41.699, 41.534, 41.676, 41.957, 42.136, 42.221, 42.165, 41.934, 41.498, 41.249, 41.414, 41.858, 42.173, 42.057, 41.772, 41.918, 42.679, 43.457, 43.841, 43.362, 42.659, 42.142, 41.801, 41.67, 41.923, 42.354, 42.657, 42.9, 43.065, 43.109, 42.938, 42.637, 42.702, 43.238, 43.485, 43.054, 42.55, 42.537, 42.603, 42.645, 42.488, 42.625, 43.251, 43.565, 43.518, 43.238, 43.048, 43.079, 42.871, 42.161, 41.945, 42.17, 42.766, 42.969, 43.197, 43.74, 44.187, 44.017, 43.607, 43.394, 43.479, 43.503, 43.384, 43.339, 43.249, 42.878, 42.508, 42.121, 41.639, 41.628, 41.988, 43.793], [45.013, 44.555, 44.448, 44.437, 44.055, 43.586, 43.384, 43.098, 42.601, 42.089, 41.75, 41.179, 39.961, 38.129, 35.619, 31.895, 27.753, 24.432, 22.071, 20.451, 19.247, 16.914, 12.503, 6.527, 0.0, 6.187, 11.763, 15.893, 17.591, 18.102, 19.447, 21.511, 24.067, 27.118, 29.925, 32.843, 34.584, 34.788, 35.457, 36.401, 36.28, 35.912, 37.789, 41.436, 42.795, 43.115, 43.495, 43.935, 44.619, 45.078, 45.095, 44.926, 44.819, 44.63, 44.382, 44.478, 44.898, 45.236, 45.398, 45.505, 45.343, 45.162, 45.142, 45.135, 45.213, 44.999, 44.704, 44.423, 44.382, 44.667, 44.691, 44.321, 43.963, 43.482, 42.964, 42.755, 42.873, 43.167, 43.393, 43.542, 43.555, 43.347, 42.855, 42.53, 42.628, 43.001, 43.305, 43.225, 42.92, 42.923, 43.503, 44.197, 44.583, 44.165, 43.525, 43.059, 42.757, 42.675, 42.964, 43.437, 43.835, 44.172, 44.378, 44.417, 44.204, 43.823, 43.774, 44.218, 44.458, 44.105, 43.708, 43.744, 43.804, 43.847, 43.744, 43.955, 44.571, 44.841, 44.82, 44.569, 44.386, 44.444, 44.251, 43.376, 42.802, 42.742, 43.155, 43.279, 43.487, 44.012, 44.46, 44.339, 43.97, 43.787, 43.916, 43.961, 43.819, 43.713, 43.579, 43.233, 42.916, 42.546, 42.068, 42.084, 42.506, 44.78], [45.603, 45.17, 45.067, 45.086, 44.776, 44.38, 44.232, 43.991, 43.534, 43.054, 42.732, 42.228, 41.157, 39.475, 37.109, 33.552, 29.504, 26.307, 24.204, 22.756, 21.564, 19.505, 15.937, 11.378, 6.187, 0.0, 6.845, 12.31, 14.555, 15.178, 16.907, 19.57, 22.682, 26.146, 29.179, 32.159, 33.9, 34.043, 34.63, 35.564, 35.529, 35.479, 37.959, 41.992, 43.411, 43.702, 44.073, 44.508, 45.144, 45.568, 45.621, 45.52, 45.449, 45.247, 44.955, 45.009, 45.42, 45.763, 45.934, 46.038, 45.877, 45.719, 45.714, 45.712, 45.809, 45.62, 45.327, 45.046, 45.011, 45.278, 45.299, 44.968, 44.597, 44.058, 43.483, 43.236, 43.337, 43.651, 43.927, 44.127, 44.187, 44.005, 43.487, 43.117, 43.187, 43.538, 43.839, 43.769, 43.439, 43.343, 43.828, 44.495, 44.901, 44.506, 43.896, 43.477, 43.203, 43.12, 43.408, 43.904, 44.357, 44.74, 44.97, 45.011, 44.767, 44.317, 44.172, 44.549, 44.785, 44.488, 44.19, 44.286, 44.344, 44.39, 44.325, 44.593, 45.224, 45.48, 45.467, 45.214, 45.031, 45.105, 44.907, 43.981, 43.246, 43.091, 43.491, 43.624, 43.832, 44.366, 44.845, 44.742, 44.358, 44.182, 44.349, 44.397, 44.212, 44.054, 43.896, 43.558, 43.264, 42.899, 42.423, 42.462, 42.922, 45.355], [45.844, 45.446, 45.315, 45.336, 45.125, 44.821, 44.704, 44.482, 44.061, 43.616, 43.315, 42.878, 41.957, 40.431, 38.228, 34.891, 31.056, 28.074, 26.208, 24.921, 23.811, 22.012, 18.968, 15.388, 11.763, 6.845, 0.0, 6.58, 9.772, 10.825, 13.156, 16.609, 20.439, 24.513, 27.993, 31.217, 33.039, 33.136, 33.659, 34.627, 34.721, 34.952, 37.846, 42.106, 43.535, 43.797, 44.166, 44.604, 45.229, 45.646, 45.7, 45.648, 45.65, 45.461, 45.127, 45.158, 45.574, 45.921, 46.096, 46.193, 46.037, 45.897, 45.896, 45.894, 46.01, 45.853, 45.574, 45.29, 45.247, 45.484, 45.486, 45.158, 44.753, 44.159, 43.532, 43.254, 43.348, 43.674, 43.985, 44.206, 44.247, 44.044, 43.512, 43.128, 43.178, 43.534, 43.848, 43.768, 43.395, 43.23, 43.696, 44.384, 44.823, 44.468, 43.916, 43.54, 43.275, 43.182, 43.463, 43.962, 44.43, 44.833, 45.073, 45.115, 44.857, 44.363, 44.156, 44.498, 44.739, 44.481, 44.246, 44.379, 44.429, 44.475, 44.436, 44.75, 45.397, 45.641, 45.636, 45.39, 45.214, 45.291, 45.076, 44.139, 43.332, 43.145, 43.579, 43.754, 43.98, 44.543, 45.063, 44.958, 44.536, 44.357, 44.545, 44.586, 44.375, 44.19, 44.003, 43.639, 43.357, 43.031, 42.587, 42.641, 43.104, 45.55], [45.991, 45.658, 45.523, 45.534, 45.372, 45.112, 45.008, 44.797, 44.407, 44.018, 43.761, 43.377, 42.549, 41.142, 39.102, 35.993, 32.42, 29.717, 28.111, 27.006, 26.01, 24.455, 21.781, 18.654, 15.893, 12.31, 6.58, 0.0, 4.185, 6.521, 9.725, 13.673, 18.058, 22.698, 26.594, 30.102, 32.051, 32.156, 32.682, 33.732, 33.957, 34.392, 37.541, 41.943, 43.387, 43.642, 44.007, 44.443, 45.084, 45.532, 45.587, 45.542, 45.595, 45.438, 45.086, 45.104, 45.541, 45.901, 46.071, 46.167, 46.034, 45.913, 45.919, 45.92, 46.04, 45.905, 45.652, 45.379, 45.333, 45.555, 45.549, 45.201, 44.762, 44.143, 43.495, 43.203, 43.304, 43.632, 43.936, 44.148, 44.156, 43.906, 43.348, 42.946, 42.953, 43.276, 43.583, 43.499, 43.116, 42.929, 43.396, 44.094, 44.552, 44.248, 43.76, 43.408, 43.145, 43.055, 43.339, 43.837, 44.318, 44.743, 44.987, 45.039, 44.793, 44.297, 44.079, 44.421, 44.681, 44.462, 44.271, 44.43, 44.48, 44.518, 44.473, 44.791, 45.441, 45.667, 45.66, 45.427, 45.261, 45.338, 45.115, 44.152, 43.263, 43.017, 43.439, 43.642, 43.885, 44.465, 45.008, 44.905, 44.466, 44.29, 44.49, 44.529, 44.326, 44.146, 43.932, 43.538, 43.281, 43.017, 42.628, 42.693, 43.139, 45.633], [45.908, 45.609, 45.511, 45.547, 45.399, 45.158, 45.091, 44.917, 44.556, 44.198, 43.96, 43.589, 42.778, 41.418, 39.476, 36.484, 33.033, 30.464, 28.98, 27.961, 27.016, 25.566, 23.071, 20.117, 17.591, 14.555, 9.772, 4.185, 0.0, 3.792, 8.152, 12.382, 16.809, 21.56, 25.613, 29.329, 31.392, 31.506, 32.048, 33.166, 33.453, 33.94, 37.172, 41.657, 43.143, 43.41, 43.762, 44.201, 44.874, 45.358, 45.43, 45.381, 45.438, 45.301, 44.967, 44.99, 45.425, 45.778, 45.937, 46.032, 45.902, 45.783, 45.795, 45.799, 45.909, 45.777, 45.54, 45.274, 45.222, 45.442, 45.44, 45.087, 44.638, 44.017, 43.377, 43.092, 43.197, 43.525, 43.816, 44.023, 44.035, 43.775, 43.187, 42.742, 42.694, 42.974, 43.273, 43.2, 42.823, 42.625, 43.072, 43.754, 44.21, 43.919, 43.463, 43.138, 42.887, 42.805, 43.102, 43.62, 44.131, 44.569, 44.812, 44.871, 44.642, 44.165, 43.963, 44.316, 44.584, 44.391, 44.238, 44.424, 44.477, 44.504, 44.451, 44.763, 45.404, 45.61, 45.591, 45.353, 45.181, 45.256, 45.039, 44.054, 43.141, 42.892, 43.294, 43.496, 43.747, 44.326, 44.872, 44.775, 44.344, 44.179, 44.383, 44.427, 44.241, 44.071, 43.849, 43.447, 43.202, 42.96, 42.592, 42.663, 43.102, 45.528], [46.029, 45.742, 45.686, 45.763, 45.635, 45.416, 45.393, 45.269, 44.945, 44.601, 44.37, 44.017, 43.233, 41.891, 39.98, 37.021, 33.57, 30.967, 29.467, 28.478, 27.57, 26.118, 23.596, 20.62, 18.102, 15.178, 10.825, 6.521, 3.792, 0.0, 5.431, 10.825, 15.889, 20.774, 24.853, 28.625, 30.724, 30.81, 31.36, 32.555, 32.91, 33.504, 36.939, 41.602, 43.17, 43.447, 43.8, 44.278, 45.002, 45.519, 45.614, 45.568, 45.613, 45.484, 45.194, 45.255, 45.688, 46.029, 46.188, 46.291, 46.163, 46.047, 46.065, 46.075, 46.193, 46.057, 45.806, 45.532, 45.488, 45.722, 45.726, 45.38, 44.93, 44.312, 43.69, 43.41, 43.504, 43.831, 44.135, 44.355, 44.372, 44.118, 43.534, 43.086, 42.996, 43.232, 43.529, 43.465, 43.045, 42.75, 43.131, 43.812, 44.285, 44.006, 43.577, 43.293, 43.07, 43.004, 43.326, 43.876, 44.413, 44.862, 45.103, 45.153, 44.917, 44.433, 44.214, 44.54, 44.786, 44.599, 44.479, 44.683, 44.729, 44.753, 44.739, 45.104, 45.742, 45.902, 45.877, 45.646, 45.459, 45.521, 45.316, 44.31, 43.369, 43.068, 43.377, 43.523, 43.776, 44.363, 44.912, 44.842, 44.456, 44.319, 44.527, 44.578, 44.403, 44.23, 44.002, 43.614, 43.393, 43.167, 42.805, 42.88, 43.338, 45.664], [46.197, 45.904, 45.844, 45.929, 45.832, 45.652, 45.651, 45.538, 45.24, 44.92, 44.703, 44.39, 43.669, 42.361, 40.483, 37.635, 34.321, 31.779, 30.283, 29.345, 28.536, 27.171, 24.719, 21.813, 19.447, 16.907, 13.156, 9.725, 8.152, 5.431, 0.0, 6.761, 13.602, 19.347, 23.559, 27.317, 29.418, 29.483, 30.105, 31.454, 31.887, 32.586, 36.306, 41.247, 42.944, 43.258, 43.642, 44.192, 44.994, 45.561, 45.668, 45.611, 45.653, 45.538, 45.286, 45.4, 45.866, 46.217, 46.378, 46.483, 46.364, 46.27, 46.301, 46.321, 46.452, 46.306, 46.031, 45.748, 45.725, 45.978, 45.997, 45.661, 45.2, 44.597, 44.014, 43.755, 43.833, 44.145, 44.472, 44.723, 44.752, 44.498, 43.933, 43.494, 43.369, 43.567, 43.862, 43.789, 43.323, 42.95, 43.287, 43.979, 44.466, 44.186, 43.758, 43.493, 43.285, 43.227, 43.568, 44.118, 44.63, 45.076, 45.325, 45.365, 45.113, 44.624, 44.402, 44.711, 44.933, 44.742, 44.628, 44.814, 44.834, 44.854, 44.886, 45.327, 45.987, 46.122, 46.101, 45.894, 45.709, 45.761, 45.573, 44.579, 43.62, 43.236, 43.44, 43.522, 43.787, 44.398, 44.951, 44.884, 44.514, 44.405, 44.623, 44.662, 44.484, 44.32, 44.095, 43.718, 43.526, 43.334, 42.996, 43.076, 43.541, 45.842], [45.461, 45.133, 45.038, 45.107, 45.029, 44.892, 44.908, 44.776, 44.473, 44.161, 43.946, 43.644, 42.965, 41.707, 39.928, 37.355, 34.474, 32.288, 30.917, 30.029, 29.351, 28.22, 26.066, 23.482, 21.511, 19.57, 16.609, 13.673, 12.382, 10.825, 6.761, 0.0, 8.565, 15.969, 21.106, 25.32, 27.552, 27.651, 28.463, 30.013, 30.426, 30.934, 34.585, 39.664, 41.489, 41.889, 42.322, 42.942, 43.853, 44.485, 44.582, 44.494, 44.541, 44.441, 44.185, 44.334, 44.864, 45.249, 45.412, 45.506, 45.385, 45.307, 45.361, 45.367, 45.456, 45.306, 45.055, 44.777, 44.737, 44.98, 45.017, 44.707, 44.274, 43.741, 43.248, 43.049, 43.131, 43.42, 43.73, 43.992, 44.055, 43.837, 43.311, 42.863, 42.734, 42.942, 43.23, 43.126, 42.696, 42.458, 42.91, 43.597, 44.018, 43.639, 43.129, 42.832, 42.608, 42.523, 42.829, 43.312, 43.713, 44.097, 44.351, 44.407, 44.164, 43.71, 43.551, 43.903, 44.127, 43.925, 43.78, 43.924, 43.918, 43.932, 43.96, 44.405, 45.086, 45.24, 45.206, 45.003, 44.846, 44.914, 44.767, 43.882, 43.043, 42.739, 42.997, 43.134, 43.444, 44.076, 44.628, 44.505, 44.045, 43.885, 44.086, 44.097, 43.924, 43.832, 43.679, 43.314, 43.09, 42.885, 42.562, 42.638, 43.049, 45.112], [44.224, 43.852, 43.732, 43.803, 43.731, 43.611, 43.64, 43.523, 43.228, 42.912, 42.682, 42.352, 41.684, 40.541, 39.011, 36.852, 34.527, 32.856, 31.737, 30.939, 30.366, 29.45, 27.626, 25.507, 24.067, 22.682, 20.439, 18.058, 16.809, 15.889, 13.602, 8.565, 0.0, 9.249, 17.008, 22.866, 25.521, 25.777, 26.918, 28.665, 28.996, 29.178, 32.568, 37.682, 39.601, 40.096, 40.576, 41.226, 42.201, 42.859, 42.93, 42.818, 42.874, 42.794, 42.521, 42.691, 43.276, 43.69, 43.854, 43.945, 43.808, 43.711, 43.783, 43.758, 43.77, 43.655, 43.498, 43.255, 43.182, 43.406, 43.468, 43.211, 42.856, 42.409, 41.997, 41.833, 41.907, 42.178, 42.445, 42.684, 42.76, 42.586, 42.141, 41.735, 41.661, 41.905, 42.173, 42.053, 41.732, 41.758, 42.402, 43.057, 43.356, 42.827, 42.209, 41.878, 41.641, 41.51, 41.725, 42.108, 42.386, 42.65, 42.872, 42.952, 42.732, 42.324, 42.237, 42.643, 42.902, 42.73, 42.598, 42.746, 42.731, 42.719, 42.691, 43.051, 43.671, 43.822, 43.756, 43.548, 43.427, 43.527, 43.485, 42.829, 42.212, 42.065, 42.464, 42.731, 43.097, 43.707, 44.216, 44.018, 43.416, 43.122, 43.249, 43.238, 43.11, 43.114, 43.075, 42.748, 42.454, 42.179, 41.853, 41.892, 42.174, 43.895], [43.967, 43.568, 43.45, 43.534, 43.462, 43.327, 43.36, 43.287, 43.024, 42.722, 42.499, 42.189, 41.603, 40.658, 39.413, 37.533, 35.458, 34.04, 33.201, 32.669, 32.222, 31.402, 29.834, 28.146, 27.118, 26.146, 24.513, 22.698, 21.56, 20.774, 19.347, 15.969, 9.249, 0.0, 10.399, 18.625, 22.297, 22.984, 24.538, 26.615, 27.1, 27.451, 31.319, 36.905, 38.957, 39.432, 39.934, 40.681, 41.696, 42.334, 42.39, 42.26, 42.307, 42.233, 41.941, 42.117, 42.719, 43.129, 43.285, 43.41, 43.29, 43.179, 43.26, 43.214, 43.2, 43.167, 43.087, 42.865, 42.798, 43.037, 43.12, 42.915, 42.625, 42.175, 41.726, 41.543, 41.599, 41.864, 42.127, 42.367, 42.474, 42.326, 41.905, 41.442, 41.312, 41.543, 41.815, 41.704, 41.395, 41.48, 42.162, 42.777, 43.003, 42.39, 41.736, 41.453, 41.258, 41.109, 41.298, 41.683, 41.966, 42.183, 42.373, 42.454, 42.211, 41.769, 41.663, 42.051, 42.358, 42.336, 42.375, 42.599, 42.524, 42.438, 42.427, 42.851, 43.467, 43.566, 43.423, 43.171, 43.046, 43.166, 43.234, 42.728, 42.18, 41.954, 42.268, 42.53, 42.924, 43.497, 43.952, 43.747, 43.129, 42.774, 42.843, 42.837, 42.759, 42.806, 42.823, 42.539, 42.225, 41.917, 41.6, 41.644, 41.892, 43.698], [44.957, 44.583, 44.477, 44.544, 44.469, 44.334, 44.377, 44.336, 44.101, 43.851, 43.71, 43.54, 43.171, 42.426, 41.28, 39.309, 37.022, 35.492, 34.856, 34.698, 34.458, 33.728, 32.345, 30.858, 29.925, 29.179, 27.993, 26.594, 25.613, 24.853, 23.559, 21.106, 17.008, 10.399, 0.0, 10.146, 15.542, 17.133, 19.133, 21.816, 23.008, 24.537, 30.296, 37.121, 39.43, 39.757, 40.244, 41.219, 42.389, 43.092, 43.186, 43.056, 43.086, 42.99, 42.655, 42.824, 43.456, 43.894, 44.046, 44.242, 44.245, 44.2, 44.283, 44.236, 44.283, 44.319, 44.227, 43.996, 43.977, 44.239, 44.323, 44.138, 43.869, 43.335, 42.76, 42.545, 42.587, 42.867, 43.172, 43.423, 43.582, 43.479, 42.983, 42.273, 41.916, 42.07, 42.396, 42.296, 41.809, 41.622, 42.11, 42.673, 42.908, 42.325, 41.749, 41.617, 41.517, 41.405, 41.687, 42.211, 42.611, 42.873, 43.081, 43.151, 42.82, 42.246, 42.01, 42.268, 42.582, 42.803, 43.162, 43.494, 43.31, 43.15, 43.306, 44.042, 44.794, 44.83, 44.607, 44.296