[[0.0, 8.106, 18.787, 27.797, 32.664, 34.371, 35.436, 38.336, 40.516, 41.015, 41.79, 42.779, 43.167, 43.272, 43.459, 43.275, 42.977, 43.017, 43.197, 43.301, 43.401, 43.462, 43.455, 43.57, 43.967, 44.395, 44.894, 45.184, 45.576, 46.349, 47.114, 47.278, 47.245, 46.984, 46.813, 47.534, 48.619, 49.321, 50.047, 50.714, 50.464, 49.769, 49.105, 48.553, 48.243, 48.312, 48.64, 48.905, 48.356, 47.314, 47.319, 48.122, 48.21, 47.435, 46.499, 45.734, 45.349, 45.0, 44.705, 44.718, 44.826, 44.354, 43.435, 42.741, 42.503, 42.463, 42.392, 42.397, 42.606, 43.107, 43.589, 43.786, 43.856, 44.066, 43.701, 43.072, 42.563, 42.567, 43.115, 43.428, 43.259, 43.485, 43.985, 43.913, 43.271, 42.946, 43.121, 43.396, 43.751, 44.195, 44.459, 44.795, 45.205, 45.175, 44.82, 44.543, 44.401, 44.311, 44.331, 44.423, 44.43, 44.469, 44.545, 44.676, 45.566, 46.264, 45.135, 49.041, 57.923, 60.534, 58.977, 57.751, 56.533, 54.936, 54.459, 54.048, 53.336, 53.492, 53.374, 51.895, 50.92, 50.211, 48.648, 47.221, 46.734, 46.61, 46.648, 46.805, 46.584, 45.923, 45.288, 44.607, 44.63, 45.318, 46.7, 47.574, 47.852, 48.34, 48.946, 49.445, 49.66, 49.663, 49.816, 50.068, 50.3, 50.604, 51.253, 51.878, 51.911, 52.544, 53.823, 54.46, 54.877, 55.227, 55.164, 55.192, 55.984, 53.454, 46.437, 44.406, 44.194, 43.516, 43.148, 43.266, 43.14, 42.941, 43.027, 43.136, 43.136, 43.214, 43.161, 43.032, 43.0, 43.054, 43.1, 43.062, 43.097, 43.232, 43.568, 44.623, 45.172, 45.307, 46.015, 47.419, 48.822, 49.457, 49.237, 48.759, 48.566, 48.493, 48.217, 47.984, 48.008, 48.004, 47.692, 47.258, 47.044, 47.128, 47.248, 47.274, 47.281, 46.987, 46.98, 47.421, 47.132, 8.01], [8.106, 0.0, 12.738, 23.85, 29.902, 31.953, 33.073, 36.28, 38.805, 39.67, 40.807, 41.975, 42.418, 42.497, 42.683, 42.495, 42.182, 42.259, 42.482, 42.603, 42.726, 42.808, 42.773, 42.857, 43.32, 43.875, 44.477, 44.828, 45.224, 45.98, 46.739, 46.896, 46.858, 46.59, 46.422, 47.14, 48.214, 48.92, 49.642, 50.27, 49.993, 49.287, 48.587, 48.014, 47.725, 47.814, 48.129, 48.373, 47.805, 46.734, 46.709, 47.483, 47.536, 46.744, 45.847, 45.189, 44.917, 44.63, 44.354, 44.372, 44.479, 43.987, 43.046, 42.402, 42.212, 42.111, 41.968, 41.976, 42.16, 42.6, 43.092, 43.356, 43.509, 43.783, 43.441, 42.78, 42.183, 42.171, 42.838, 43.227, 42.952, 43.101, 43.594, 43.508, 42.872, 42.587, 42.821, 43.099, 43.42, 43.831, 44.107, 44.451, 44.875, 44.847, 44.504, 44.26, 44.134, 44.033, 44.05, 44.152, 44.155, 44.199, 44.338, 44.384, 45.077, 45.75, 44.566, 48.654, 57.675, 60.244, 58.655, 57.457, 56.265, 54.656, 54.167, 53.745, 53.033, 53.185, 53.05, 51.564, 50.636, 49.959, 48.356, 46.864, 46.345, 46.21, 46.241, 46.395, 46.188, 45.562, 44.96, 44.255, 44.254, 45.025, 46.542, 47.475, 47.779, 48.269, 48.882, 49.447, 49.671, 49.615, 49.762, 50.055, 50.312, 50.673, 51.44, 52.116, 52.093, 52.661, 53.916, 54.553, 54.968, 55.333, 55.309, 55.363, 56.182, 53.623, 46.306, 44.137, 43.967, 43.251, 42.83, 42.916, 42.767, 42.569, 42.708, 42.821, 42.778, 42.853, 42.85, 42.751, 42.745, 42.877, 43.015, 43.011, 43.023, 43.084, 43.316, 44.377, 44.992, 45.058, 45.775, 47.297, 48.785, 49.417, 49.142, 48.625, 48.423, 48.349, 48.055, 47.79, 47.783, 47.767, 47.474, 47.048, 46.825, 46.911, 47.051, 47.095, 47.116, 46.798, 46.75, 47.206, 46.878, 12.623], [18.787, 12.738, 0.0, 13.936, 22.967, 26.48, 27.866, 31.555, 34.489, 35.754, 37.621, 39.264, 39.835, 39.99, 40.241, 40.051, 39.771, 40.0, 40.334, 40.467, 40.573, 40.678, 40.623, 40.655, 41.234, 42.06, 42.906, 43.369, 43.825, 44.682, 45.5, 45.644, 45.593, 45.278, 45.061, 45.806, 46.917, 47.617, 48.344, 48.978, 48.689, 47.949, 47.181, 46.539, 46.253, 46.446, 46.847, 47.124, 46.511, 45.335, 45.297, 46.162, 46.191, 45.275, 44.365, 43.824, 43.684, 43.45, 43.16, 43.19, 43.322, 42.774, 41.762, 41.239, 41.182, 40.991, 40.799, 40.907, 41.073, 41.451, 42.01, 42.405, 42.677, 43.024, 42.712, 42.051, 41.267, 40.95, 41.538, 42.008, 41.629, 41.61, 42.034, 41.944, 41.28, 41.033, 41.491, 41.778, 41.957, 42.276, 42.472, 42.726, 43.117, 43.136, 42.869, 42.701, 42.616, 42.505, 42.51, 42.647, 42.693, 42.8, 43.045, 42.949, 43.608, 44.459, 43.115, 48.163, 57.964, 60.567, 58.878, 57.578, 56.225, 54.477, 54.01, 53.582, 52.807, 52.91, 52.725, 51.174, 50.26, 49.587, 47.885, 46.234, 45.59, 45.417, 45.455, 45.613, 45.418, 44.82, 44.201, 43.297, 43.06, 43.764, 45.398, 46.47, 46.869, 47.417, 48.08, 48.823, 49.144, 49.015, 49.108, 49.432, 49.742, 50.212, 51.215, 52.042, 52.016, 52.601, 53.883, 54.521, 54.934, 55.357, 55.451, 55.595, 56.492, 53.785, 45.456, 42.543, 42.415, 41.653, 41.262, 41.298, 41.148, 41.095, 41.438, 41.684, 41.591, 41.553, 41.484, 41.322, 41.284, 41.523, 41.845, 41.902, 41.861, 41.851, 42.088, 43.351, 44.124, 44.08, 44.853, 46.627, 48.241, 48.849, 48.498, 47.964, 47.818, 47.776, 47.456, 47.119, 47.05, 47.002, 46.671, 46.192, 45.938, 46.029, 46.191, 46.256, 46.288, 45.958, 45.924, 46.483, 46.134, 20.807], [27.797, 23.85, 13.936, 0.0, 12.5, 19.205, 21.411, 25.207, 28.28, 30.032, 33.165, 35.565, 36.302, 36.715, 37.111, 36.914, 36.754, 37.293, 37.817, 37.978, 38.033, 38.147, 38.113, 38.111, 38.732, 39.784, 40.91, 41.47, 41.977, 42.996, 43.912, 44.045, 43.974, 43.598, 43.332, 44.164, 45.362, 46.048, 46.804, 47.527, 47.266, 46.487, 45.683, 44.965, 44.626, 44.925, 45.459, 45.785, 45.125, 43.867, 43.858, 44.808, 44.734, 43.616, 42.636, 42.068, 41.92, 41.687, 41.337, 41.356, 41.537, 40.942, 39.828, 39.446, 39.56, 39.337, 39.176, 39.393, 39.541, 39.897, 40.516, 40.977, 41.318, 41.704, 41.371, 40.769, 39.947, 39.337, 39.678, 40.102, 39.735, 39.605, 39.909, 39.829, 39.209, 38.98, 39.583, 39.805, 39.796, 40.08, 40.215, 40.335, 40.675, 40.794, 40.634, 40.526, 40.485, 40.404, 40.434, 40.616, 40.719, 40.882, 41.174, 40.894, 41.581, 42.614, 41.161, 47.639, 58.579, 61.416, 59.679, 58.198, 56.551, 54.603, 54.184, 53.751, 52.868, 52.909, 52.647, 50.93, 49.913, 49.157, 47.36, 45.686, 44.971, 44.746, 44.795, 44.954, 44.739, 44.109, 43.41, 42.222, 41.643, 42.18, 43.908, 45.135, 45.628, 46.252, 46.993, 47.915, 48.338, 48.092, 48.093, 48.445, 48.802, 49.354, 50.562, 51.53, 51.491, 52.165, 53.605, 54.269, 54.691, 55.197, 55.366, 55.517, 56.502, 53.65, 44.137, 40.343, 40.201, 39.328, 38.973, 38.959, 38.871, 39.027, 39.515, 39.932, 39.913, 39.825, 39.638, 39.376, 39.253, 39.53, 40.011, 40.117, 40.034, 39.999, 40.285, 41.742, 42.668, 42.735, 43.822, 45.862, 47.534, 48.107, 47.743, 47.27, 47.241, 47.238, 46.858, 46.449, 46.352, 46.258, 45.824, 45.253, 44.966, 45.06, 45.232, 45.295, 45.324, 45.017, 45.086, 45.785, 45.452, 28.573], [32.664, 29.902, 22.967, 12.5, 0.0, 9.958, 14.83, 19.429, 22.395, 24.938, 30.009, 33.368, 34.286, 34.983, 35.5, 35.31, 35.345, 36.21, 36.933, 37.16, 37.202, 37.316, 37.296, 37.223, 37.717, 38.719, 39.914, 40.548, 41.13, 42.267, 43.241, 43.35, 43.248, 42.864, 42.605, 43.492, 44.738, 45.418, 46.214, 47.057, 46.852, 46.025, 45.198, 44.455, 44.073, 44.399, 45.001, 45.371, 44.725, 43.456, 43.445, 44.36, 44.159, 42.931, 41.851, 41.096, 40.791, 40.53, 40.154, 40.155, 40.356, 39.773, 38.648, 38.331, 38.529, 38.369, 38.304, 38.57, 38.748, 39.128, 39.709, 40.15, 40.554, 40.981, 40.642, 40.194, 39.582, 38.92, 38.965, 39.185, 38.868, 38.755, 38.975, 38.934, 38.401, 38.219, 38.823, 38.891, 38.765, 39.071, 39.232, 39.348, 39.699, 39.867, 39.772, 39.694, 39.694, 39.644, 39.696, 39.895, 40.013, 40.166, 40.424, 40.087, 40.874, 41.955, 40.482, 47.695, 59.149, 62.185, 60.471, 58.891, 57.105, 55.068, 54.662, 54.237, 53.306, 53.307, 52.989, 51.171, 50.057, 49.22, 47.436, 45.905, 45.22, 44.948, 44.983, 45.133, 44.879, 44.163, 43.372, 42.017, 41.194, 41.549, 43.237, 44.549, 45.088, 45.75, 46.554, 47.555, 48.019, 47.77, 47.769, 48.128, 48.513, 49.098, 50.347, 51.354, 51.356, 52.084, 53.581, 54.246, 54.682, 55.205, 55.323, 55.397, 56.427, 53.519, 43.427, 39.127, 38.903, 38.031, 37.697, 37.678, 37.667, 37.906, 38.382, 38.874, 38.984, 38.957, 38.769, 38.469, 38.265, 38.515, 39.06, 39.166, 39.054, 39.058, 39.363, 40.688, 41.592, 41.959, 43.381, 45.423, 46.99, 47.519, 47.196, 46.784, 46.822, 46.836, 46.417, 45.98, 45.877, 45.722, 45.174, 44.551, 44.279, 44.389, 44.555, 44.601, 44.614, 44.333, 44.475, 45.217, 44.951, 32.877], [34.371, 31.953, 26.48, 19.205, 9.958, 0.0, 8.359, 15.537, 19.032, 22.081, 28.365, 32.378, 33.423, 34.242, 34.829, 34.674, 34.868, 35.952, 36.819, 37.113, 37.206, 37.377, 37.354, 37.195, 37.6, 38.523, 39.642, 40.286, 40.899, 42.056, 43.054, 43.175, 43.072, 42.689, 42.422, 43.339, 44.646, 45.373, 46.198, 47.074, 46.877, 46.012, 45.156, 44.416, 44.033, 44.34, 44.933, 45.322, 44.721, 43.473, 43.425, 44.273, 44.049, 42.894, 41.832, 41.015, 40.661, 40.375, 39.972, 39.954, 40.163, 39.638, 38.554, 38.201, 38.391, 38.298, 38.304, 38.568, 38.766, 39.168, 39.694, 40.09, 40.503, 40.935, 40.614, 40.262, 39.766, 39.074, 38.936, 39.063, 38.789, 38.708, 38.903, 38.885, 38.308, 38.11, 38.715, 38.7, 38.523, 38.821, 39.037, 39.243, 39.669, 39.87, 39.804, 39.75, 39.781, 39.737, 39.783, 39.991, 40.112, 40.244, 40.486, 40.166, 40.98, 42.048, 40.526, 47.627, 59.12, 62.241, 60.531, 58.973, 57.241, 55.193, 54.744, 54.303, 53.366, 53.364, 53.057, 51.248, 50.099, 49.248, 47.546, 46.104, 45.429, 45.131, 45.156, 45.304, 45.026, 44.263, 43.436, 42.017, 41.104, 41.413, 43.046, 44.371, 44.929, 45.621, 46.473, 47.47, 47.917, 47.694, 47.719, 48.081, 48.491, 49.075, 50.238, 51.187, 51.258, 52.05, 53.544, 54.22, 54.678, 55.178, 55.198, 55.195, 56.232, 53.353, 43.221, 38.645, 38.489, 37.758, 37.422, 37.387, 37.382, 37.575, 37.968, 38.414, 38.546, 38.57, 38.44, 38.166, 37.972, 38.229, 38.799, 38.907, 38.79, 38.775, 39.016, 40.195, 41.09, 41.629, 43.133, 45.111, 46.637, 47.187, 46.898, 46.472, 46.496, 46.514, 46.093, 45.655, 45.55, 45.372, 44.799, 44.179, 43.925, 44.047, 44.208, 44.247, 44.27, 43.985, 44.101, 44.827, 44.566, 34.455], [35.436, 33.073, 27.866, 21.411, 14.83, 8.359, 0.0, 9.396, 15.125, 19.853, 26.996, 31.423, 32.604, 33.46, 34.099, 33.981, 34.288, 35.553, 36.549, 36.903, 37.057, 37.3, 37.316, 37.172, 37.558, 38.434, 39.445, 40.068, 40.671, 41.732, 42.692, 42.892, 42.882, 42.532, 42.265, 43.198, 44.533, 45.287, 46.098, 46.905, 46.657, 45.812, 44.973, 44.246, 43.875, 44.152, 44.693, 45.063, 44.5, 43.29, 43.189, 43.928, 43.722, 42.76, 41.848, 41.09, 40.747, 40.428, 39.986, 39.95, 40.177, 39.734, 38.736, 38.365, 38.522, 38.441, 38.435, 38.631, 38.761, 39.145, 39.677, 40.065, 40.436, 40.807, 40.469, 40.156, 39.718, 39.021, 38.892, 39.113, 38.84, 38.748, 38.968, 38.979, 38.361, 38.073, 38.655, 38.704, 38.562, 38.817, 39.024, 39.235, 39.695, 39.939, 39.912, 39.885, 39.94, 39.935, 40.005, 40.212, 40.318, 40.435, 40.659, 40.254, 40.831, 41.851, 40.309, 47.087, 58.489, 61.604, 59.895, 58.432, 56.844, 54.865, 54.417, 53.991, 53.072, 53.043, 52.733, 50.966, 49.85, 49.04, 47.4, 45.989, 45.309, 45.002, 45.022, 45.168, 44.893, 44.173, 43.418, 42.023, 41.115, 41.495, 43.134, 44.436, 45.012, 45.736, 46.614, 47.546, 47.933, 47.718, 47.744, 48.099, 48.536, 49.141, 50.263, 51.151, 51.246, 52.027, 53.444, 54.101, 54.569, 55.047, 55.021, 55.003, 56.049, 53.315, 43.527, 38.876, 38.801, 38.134, 37.743, 37.659, 37.652, 37.809, 38.091, 38.443, 38.542, 38.553, 38.434, 38.185, 38.043, 38.34, 38.912, 39.017, 38.937, 38.893, 38.976, 40.077, 41.077, 41.69, 43.08, 44.969, 46.51, 47.101, 46.822, 46.379, 46.386, 46.404, 45.986, 45.548, 45.435, 45.261, 44.72, 44.133, 43.891, 44.01, 44.171, 44.218, 44.251, 43.954, 44.053, 44.809, 44.527, 35.506], [38.336, 36.28, 31.555, 25.207, 19.429, 15.537, 9.396, 0.0, 8.66, 17.521, 26.805, 31.73, 33.044, 33.937, 34.558, 34.502, 34.974, 36.391, 37.459, 37.855, 38.027, 38.271, 38.303, 38.185, 38.523, 39.296, 40.17, 40.751, 41.338, 42.26, 43.071, 43.251, 43.292, 43.02, 42.791, 43.615, 44.819, 45.519, 46.263, 47.0, 46.746, 45.96, 45.207, 44.556, 44.192, 44.43, 44.935, 45.293, 44.804, 43.71, 43.585, 44.134, 43.864, 43.062, 42.334, 41.687, 41.379, 41.075, 40.672, 40.633, 40.843, 40.499, 39.706, 39.44, 39.578, 39.516, 39.51, 39.609, 39.629, 39.948, 40.442, 40.807, 41.114, 41.399, 41.054, 40.821, 40.499, 39.924, 39.957, 40.278, 39.943, 39.874, 40.146, 40.183, 39.564, 39.059, 39.401, 39.46, 39.396, 39.596, 39.773, 39.965, 40.406, 40.672, 40.704, 40.708, 40.774, 40.82, 40.93, 41.117, 41.204, 41.323, 41.481, 40.998, 41.442, 42.34, 40.906, 47.177, 58.129, 61.19, 59.563, 58.19, 56.665, 54.763, 54.357, 53.979, 53.106, 53.028, 52.677, 51.003, 50.013, 49.306, 47.826, 46.55, 45.913, 45.618, 45.631, 45.77, 45.532, 44.922, 44.307, 43.031, 42.191, 42.602, 44.161, 45.381, 45.907, 46.583, 47.402, 48.228, 48.572, 48.364, 48.343, 48.655, 49.09, 49.672, 50.717, 51.542, 51.652, 52.379, 53.694, 54.316, 54.761, 55.196, 55.133, 55.089, 56.103, 53.581, 44.567, 40.235, 40.085, 39.519, 39.138, 39.012, 39.041, 39.204, 39.361, 39.62, 39.794, 39.863, 39.729, 39.466, 39.329, 39.625, 40.139, 40.215, 40.218, 40.212, 40.088, 40.926, 41.911, 42.621, 43.873, 45.579, 47.015, 47.549, 47.275, 46.9, 46.944, 46.954, 46.527, 46.077, 45.932, 45.741, 45.231, 44.697, 44.48, 44.584, 44.719, 44.747, 44.768, 44.493, 44.602, 45.35, 45.146, 38.328], [40.516, 38.805, 34.489, 28.28, 22.395, 19.032, 15.125, 8.66, 0.0, 11.851, 23.795, 29.873, 31.625, 32.897, 33.638, 33.56, 34.097, 35.658, 36.82, 37.25, 37.388, 37.591, 37.611, 37.482, 37.868, 38.734, 39.663, 40.262, 40.96, 42.086, 42.978, 43.106, 43.1, 42.812, 42.564, 43.405, 44.669, 45.427, 46.232, 47.056, 46.805, 45.942, 45.156, 44.496, 44.096, 44.367, 44.979, 45.43, 44.935, 43.744, 43.588, 44.251, 44.015, 43.103, 42.251, 41.52, 41.171, 40.835, 40.382, 40.32, 40.547, 40.226, 39.476, 39.297, 39.523, 39.499, 39.552, 39.734, 39.786, 40.103, 40.586, 40.95, 41.256, 41.51, 41.145, 40.963, 40.642, 39.906, 39.709, 39.905, 39.585, 39.487, 39.739, 39.79, 39.098, 38.597, 38.999, 38.981, 38.802, 38.985, 39.16, 39.333, 39.751, 40.037, 40.097, 40.105, 40.173, 40.212, 40.319, 40.518, 40.651, 40.842, 41.041, 40.613, 41.361, 42.386, 40.872, 47.728, 58.995, 62.179, 60.567, 59.083, 57.352, 55.337, 54.926, 54.519, 53.577, 53.486, 53.13, 51.41, 50.351, 49.583, 48.074, 46.783, 46.122, 45.811, 45.826, 45.978, 45.735, 45.06, 44.355, 42.953, 41.997, 42.32, 43.924, 45.237, 45.768, 46.442, 47.268, 48.142, 48.549, 48.333, 48.257, 48.562, 49.028, 49.594, 50.609, 51.434, 51.595, 52.489, 53.986, 54.665, 55.146, 55.594, 55.508, 55.433, 56.422, 53.673, 44.063, 39.425, 39.25, 38.692, 38.417, 38.314, 38.377, 38.589, 38.732, 39.032, 39.328, 39.426, 39.241, 38.924, 38.757, 39.075, 39.641, 39.72, 39.675, 39.672, 39.626, 40.405, 41.325, 42.095, 43.469, 45.22, 46.641, 47.14, 46.866, 46.523, 46.604, 46.597, 46.121, 45.641, 45.481, 45.259, 44.703, 44.15, 43.941, 44.047, 44.174, 44.19, 44.204, 43.936, 44.066, 44.846, 44.757, 40.367], [41.015, 39.67, 35.754, 30.032, 24.938, 22.081, 19.853, 17.521, 11.851, 0.0, 14.335, 22.781, 25.774, 27.942, 29.097, 28.976, 29.517, 31.373, 32.762, 33.257, 33.368, 33.59, 33.65, 33.545, 34.245, 35.624, 36.941, 37.665, 38.649, 40.453, 41.889, 42.164, 42.129, 41.701, 41.374, 42.554, 44.284, 45.313, 46.358, 47.343, 46.988, 45.863, 44.868, 44.056, 43.588, 43.967, 44.787, 45.398, 44.746, 43.128, 42.902, 44.091, 44.145, 42.922, 41.584, 40.49, 39.955, 39.429, 38.725, 38.59, 38.897, 38.461, 37.376, 37.073, 37.452, 37.464, 37.587, 38.024, 38.31, 38.79, 39.366, 39.765, 40.124, 40.406, 39.989, 39.78, 39.267, 37.959, 36.946, 36.713, 36.586, 36.426, 36.6, 36.66, 35.865, 35.807, 36.911, 36.983, 36.59, 36.804, 36.954, 37.038, 37.463, 37.801, 37.842, 37.801, 37.84, 37.786, 37.784, 37.993, 38.206, 38.535, 38.988, 38.745, 39.985, 41.405, 39.476, 48.163, 60.885, 64.366, 62.577, 60.803, 58.739, 56.436, 55.941, 55.436, 54.314, 54.259, 53.962, 52.019, 50.61, 49.533, 47.646, 46.034, 45.212, 44.835, 44.859, 45.047, 44.746, 43.793, 42.734, 40.957, 39.685, 39.777, 41.608, 43.223, 43.879, 44.651, 45.566, 46.647, 47.18, 46.923, 46.833, 47.205, 47.763, 48.431, 49.591, 50.488, 50.672, 51.863, 53.744, 54.566, 55.17, 55.743, 55.692, 55.638, 56.682, 53.322, 41.593, 35.867, 35.952, 35.111, 34.802, 34.747, 34.811, 35.108, 35.402, 35.861, 36.127, 36.074, 35.769, 35.389, 35.236, 35.667, 36.461, 36.592, 36.272, 36.101, 36.546, 37.918, 38.98, 39.636, 41.226, 43.319, 45.011, 45.645, 45.359, 44.904, 44.96, 44.947, 44.416, 43.914, 43.811, 43.613, 42.965, 42.291, 42.059, 42.21, 42.368, 42.398, 42.418, 42.106, 42.274, 43.195, 43.163, 40.601], [41.79, 40.807, 37.621, 33.165, 30.009, 28.365, 26.996, 26.805, 23.795, 14.335, 0.0, 11.755, 17.686, 21.665, 23.585, 23.572, 24.316, 26.733, 28.48, 29.073, 29.236, 29.604, 29.829, 29.883, 31.167, 33.334, 35.181, 36.057, 37.29, 39.71, 41.661, 42.092, 42.032, 41.481, 41.108, 42.634, 44.813, 46.113, 47.35, 48.353, 47.774, 46.369, 45.181, 44.242, 43.778, 44.297, 45.286, 46.023, 45.22, 43.149, 42.724, 44.317, 44.69, 43.274, 41.535, 40.09, 39.358, 38.655, 37.723, 37.508, 37.894, 37.397, 36.018, 35.5, 35.935, 36.003, 36.209, 36.846, 37.318, 37.93, 38.601, 39.031, 39.422, 39.71, 39.23, 38.987, 38.344, 36.654, 34.781, 33.863, 33.951, 33.83, 33.996, 34.046, 33.211, 33.736, 35.655, 35.893, 35.346, 35.648, 35.789, 35.768, 36.245, 36.649, 36.636, 36.538, 36.537, 36.367, 36.236, 36.448, 36.677, 37.053, 37.846, 37.818, 39.166, 40.829, 38.544, 48.486, 62.403, 66.093, 64.08, 62.087, 59.864, 57.398, 56.842, 56.281, 55.053, 55.07, 54.859, 52.751, 51.038, 49.68, 47.42, 45.478, 44.497, 44.058, 44.089, 44.306, 43.95, 42.75, 41.38, 39.329, 37.875, 37.85, 39.907, 41.756, 42.56, 43.462, 44.495, 45.784, 46.398, 46.112, 46.12, 46.582, 47.174, 47.981, 49.352, 50.299, 50.436, 51.804, 53.954, 54.896, 55.611, 56.33, 56.36, 56.343, 57.449, 53.636, 40.11, 33.42, 34.009, 32.852, 32.272, 32.213, 32.253, 32.6, 33.067, 33.613, 33.602, 33.256, 32.826, 32.412, 32.359, 32.994, 34.072, 34.287, 33.687, 33.31, 34.327, 36.532, 37.894, 38.373, 40.008, 42.349, 44.37, 45.237, 44.932, 44.277, 44.223, 44.197, 43.658, 43.174, 43.157, 43.053, 42.387, 41.607, 41.326, 41.502, 41.705, 41.782, 41.831, 41.426, 41.54, 42.568, 42.485, 41.079], [42.779, 41.975, 39.264, 35.565, 33.368, 32.378, 31.423, 31.73, 29.873, 22.781, 11.755, 0.0, 9.303, 15.899, 18.743, 19.013, 20.379, 23.597, 25.713, 26.434, 26.791, 27.399, 27.834, 28.229, 30.053, 32.641, 34.725, 35.69, 37.027, 39.612, 41.672, 42.102, 42.018, 41.481, 41.123, 42.641, 44.824, 46.159, 47.412, 48.373, 47.724, 46.279, 45.074, 44.15, 43.765, 44.343, 45.341, 46.082, 45.251, 43.068, 42.503, 44.105, 44.579, 43.167, 41.395, 39.955, 39.259, 38.58, 37.643, 37.414, 37.83, 37.415, 36.086, 35.524, 35.917, 36.014, 36.237, 36.851, 37.306, 37.873, 38.5, 38.917, 39.347, 39.672, 39.191, 38.967, 38.386, 36.779, 34.767, 33.54, 33.592, 33.531, 33.74, 33.776, 33.051, 33.777, 35.835, 36.096, 35.492, 35.795, 35.986, 36.015, 36.551, 36.964, 36.917, 36.81, 36.788, 36.583, 36.437, 36.678, 36.907, 37.237, 38.108, 38.235, 39.421, 41.007, 38.662, 48.238, 62.146, 65.814, 63.756, 61.732, 59.525, 57.092, 56.532, 55.976, 54.767, 54.815, 54.625, 52.527, 50.797, 49.391, 47.105, 45.169, 44.188, 43.738, 43.767, 43.987, 43.628, 42.421, 41.041, 38.992, 37.542, 37.558, 39.651, 41.512, 42.355, 43.296, 44.385, 45.752, 46.378, 46.075, 46.12, 46.595, 47.152, 47.963, 49.345, 50.259, 50.339, 51.667, 53.835, 54.805, 55.538, 56.307, 56.375, 56.366, 57.471, 53.648, 40.036, 33.333, 34.083, 32.938, 32.274, 32.186, 32.218, 32.552, 33.015, 33.504, 33.313, 32.839, 32.388, 32.055, 32.181, 32.96, 34.102, 34.345, 33.747, 33.348, 34.478, 36.908, 38.409, 38.785, 40.249, 42.506, 44.574, 45.52, 45.2, 44.443, 44.309, 44.264, 43.746, 43.293, 43.307, 43.249, 42.639, 41.894, 41.611, 41.787, 42.014, 42.117, 42.17, 41.721, 41.771, 42.81, 42.66, 41.923], [43.167, 42.418, 39.835, 36.302, 34.286, 33.423, 32.604, 33.044, 31.625, 25.774, 17.686, 9.303, 0.0, 8.561, 12.652, 13.492, 15.833, 20.096, 22.624, 23.557, 24.315, 25.305, 26.017, 26.859, 29.131, 31.856, 33.993, 35.091, 36.63, 39.335, 41.464, 41.927, 41.847, 41.372, 41.104, 42.571, 44.648, 45.952, 47.179, 48.117, 47.534, 46.192, 45.045, 44.157, 43.817, 44.396, 45.357, 46.049, 45.208, 43.081, 42.564, 44.101, 44.512, 43.116, 41.447, 40.177, 39.615, 39.024, 38.165, 37.951, 38.331, 37.93, 36.662, 36.091, 36.428, 36.501, 36.67, 37.225, 37.672, 38.19, 38.77, 39.208, 39.678, 40.05, 39.63, 39.41, 38.843, 37.348, 35.473, 34.274, 34.203, 34.087, 34.285, 34.346, 33.769, 34.466, 36.399, 36.675, 36.106, 36.4, 36.643, 36.711, 37.192, 37.52, 37.431, 37.323, 37.3, 37.102, 36.963, 37.185, 37.357, 37.596, 38.385, 38.568, 39.809, 41.405, 39.081, 48.068, 61.599, 65.136, 63.088, 61.081, 58.911, 56.589, 56.095, 55.587, 54.414, 54.436, 54.233, 52.202, 50.539, 49.18, 47.019, 45.205, 44.279, 43.843, 43.875, 44.1, 43.76, 42.629, 41.361, 39.373, 37.884, 37.895, 39.899, 41.655, 42.462, 43.399, 44.5, 45.857, 46.473, 46.166, 46.184, 46.632, 47.179, 47.962, 49.282, 50.149, 50.184, 51.415, 53.53, 54.507, 55.226, 55.988, 56.042, 56.003, 57.066, 53.367, 40.306, 33.891, 34.539, 33.577, 33.09, 32.988, 32.971, 33.245, 33.703, 34.184, 33.936, 33.431, 32.971, 32.687, 32.878, 33.638, 34.694, 34.908, 34.373, 33.99, 34.968, 37.285, 38.777, 39.147, 40.529, 42.706, 44.701, 45.612, 45.304, 44.592, 44.487, 44.464, 43.982, 43.555, 43.569, 43.533, 42.978, 42.284, 42.015, 42.182, 42.405, 42.499, 42.543, 42.131, 42.207, 43.257, 43.101, 42.322], [43.272, 42.497, 39.99, 36.715, 34.983, 34.242, 33.46, 33.937, 32.897, 27.942, 21.665, 15.899, 8.561, 0.0, 5.257, 7.664, 11.463, 16.53, 19.359, 20.569, 21.862, 23.278, 24.225, 25.541, 28.314, 31.166, 33.283, 34.512, 36.316, 39.143, 41.292, 41.77, 41.698, 41.281, 41.115, 42.541, 44.514, 45.792, 46.991, 47.888, 47.381, 46.173, 45.12, 44.29, 43.985, 44.536, 45.432, 46.054, 45.219, 43.234, 42.851, 44.288, 44.558, 43.177, 41.67, 40.624, 40.196, 39.686, 38.936, 38.76, 39.069, 38.64, 37.454, 36.931, 37.219, 37.241, 37.348, 37.865, 38.322, 38.817, 39.378, 39.867, 40.367, 40.752, 40.375, 40.112, 39.513, 38.13, 36.431, 35.268, 35.063, 34.892, 35.05, 35.087, 34.602, 35.217, 37.047, 37.406, 36.949, 37.22, 37.441, 37.511, 37.911, 38.148, 38.03, 37.929, 37.895, 37.689, 37.534, 37.705, 37.812, 37.992, 38.724, 38.911, 40.187, 41.815, 39.528, 47.771, 60.769, 64.122, 62.068, 60.106, 58.022, 55.829, 55.371, 54.905, 53.795, 53.799, 53.592, 51.662, 50.115, 48.863, 46.846, 45.138, 44.272, 43.87, 43.907, 44.137, 43.823, 42.775, 41.642, 39.815, 38.443, 38.548, 40.481, 42.1, 42.83, 43.716, 44.756, 46.02, 46.606, 46.289, 46.245, 46.654, 47.189, 47.933, 49.203, 50.06, 50.06, 51.175, 53.218, 54.197, 54.902, 55.636, 55.65, 55.551, 56.553, 53.027, 40.767, 34.851, 35.411, 34.59, 34.251, 34.158, 34.103, 34.28, 34.732, 35.245, 34.988, 34.52, 34.078, 33.806, 33.981, 34.653, 35.585, 35.783, 35.3, 34.914, 35.757, 37.928, 39.344, 39.671, 40.977, 43.069, 44.977, 45.827, 45.51, 44.848, 44.773, 44.771, 44.335, 43.947, 43.954, 43.922, 43.411, 42.743, 42.47, 42.621, 42.82, 42.892, 42.921, 42.523, 42.595, 43.603, 43.406, 42.472], [43.459, 42.683, 40.241, 37.111, 35.5, 34.829, 34.099, 34.558, 33.638, 29.097, 23.585, 18.743, 12.652, 5.257, 0.0, 4.156, 9.557, 15.129, 18.052, 19.36, 20.891, 22.501, 23.539, 25.082, 28.086, 30.976, 33.043, 34.295, 36.201, 39.074, 41.198, 41.644, 41.565, 41.175, 41.036, 42.437, 44.391, 45.675, 46.868, 47.774, 47.339, 46.206, 45.202, 44.415, 44.131, 44.669, 45.538, 46.131, 45.304, 43.381, 43.042, 44.428, 44.642, 43.268, 41.836, 40.893, 40.52, 40.038, 39.337, 39.182, 39.466, 39.022, 37.868, 37.373, 37.654, 37.664, 37.757, 38.261, 38.721, 39.212, 39.759, 40.263, 40.777, 41.16, 40.793, 40.523, 39.917, 38.567, 36.952, 35.83, 35.579, 35.386, 35.521, 35.531, 35.053, 35.589, 37.353, 37.747, 37.346, 37.599, 37.802, 37.885, 38.259, 38.467, 38.343, 38.249, 38.212, 37.999, 37.838, 37.992, 38.084, 38.259, 38.965, 39.142, 40.412, 42.052, 39.795, 47.671, 60.411, 63.704, 61.668, 59.725, 57.672, 55.527, 55.071, 54.612, 53.529, 53.526, 53.322, 51.453, 49.967, 48.759, 46.813, 45.166, 44.326, 43.938, 43.975, 44.204, 43.901, 42.88, 41.788, 40.037, 38.763, 38.929, 40.837, 42.408, 43.094, 43.941, 44.938, 46.152, 46.723, 46.391, 46.303, 46.695, 47.228, 47.943, 49.179, 50.036, 50.036, 51.124, 53.153, 54.154, 54.859, 55.569, 55.538, 55.384, 56.349, 52.913, 41.041, 35.361, 35.854, 35.082, 34.832, 34.768, 34.73, 34.884, 35.329, 35.847, 35.591, 35.142, 34.709, 34.439, 34.603, 35.256, 36.152, 36.35, 35.889, 35.517, 36.328, 38.405, 39.748, 40.068, 41.345, 43.367, 45.204, 46.009, 45.685, 45.054, 45.0, 45.006, 44.587, 44.216, 44.216, 44.175, 43.673, 43.01, 42.73, 42.87, 43.054, 43.114, 43.133, 42.733, 42.787, 43.762, 43.564, 42.678], [43.275, 42.495, 40.051, 36.914, 35.31, 34.674, 33.981, 34.502, 33.56, 28.976, 23.572, 19.013, 13.492, 7.664, 4.156, 0.0, 6.546, 13.109, 16.508, 18.0, 19.656, 21.4, 22.534, 24.172, 27.323, 30.332, 32.433, 33.695, 35.663, 38.628, 40.807, 41.266, 41.191, 40.79, 40.637, 42.103, 44.156, 45.495, 46.719, 47.66, 47.247, 46.11, 45.09, 44.294, 44.014, 44.573, 45.461, 46.058, 45.197, 43.209, 42.854, 44.302, 44.553, 43.16, 41.688, 40.698, 40.294, 39.783, 39.042, 38.877, 39.175, 38.714, 37.496, 36.957, 37.256, 37.273, 37.377, 37.92, 38.409, 38.912, 39.468, 39.979, 40.491, 40.859, 40.479, 40.236, 39.627, 38.196, 36.509, 35.395, 35.172, 34.957, 35.088, 35.117, 34.574, 35.075, 36.913, 37.322, 36.886, 37.13, 37.353, 37.442, 37.821, 38.053, 37.939, 37.846, 37.821, 37.61, 37.448, 37.617, 37.742, 37.965, 38.695, 38.828, 40.118, 41.812, 39.509, 47.672, 60.618, 63.975, 61.932, 59.973, 57.897, 55.719, 55.244, 54.755, 53.641, 53.638, 53.439, 51.549, 50.018, 48.758, 46.765, 45.083, 44.211, 43.805, 43.842, 44.072, 43.755, 42.693, 41.543, 39.724, 38.417, 38.563, 40.495, 42.115, 42.823, 43.687, 44.698, 45.93, 46.5, 46.146, 46.055, 46.469, 47.017, 47.744, 49.007, 49.893, 49.905, 51.034, 53.109, 54.133, 54.858, 55.573, 55.53, 55.38, 56.369, 52.89, 40.766, 34.907, 35.411, 34.565, 34.291, 34.227, 34.202, 34.372, 34.833, 35.385, 35.126, 34.648, 34.2, 33.913, 34.067, 34.745, 35.682, 35.893, 35.41, 35.013, 35.86, 38.019, 39.412, 39.779, 41.093, 43.126, 44.978, 45.788, 45.453, 44.806, 44.754, 44.763, 44.332, 43.954, 43.958, 43.912, 43.394, 42.72, 42.437, 42.58, 42.772, 42.84, 42.868, 42.456, 42.5, 43.496, 43.328, 42.487], [42.977, 42.182, 39.771, 36.754, 35.345, 34.868, 34.288, 34.974, 34.097, 29.517, 24.316, 20.379, 15.833, 11.463, 9.557, 6.546, 0.0, 7.523, 12.004, 14.228, 16.376, 18.499, 19.874, 21.797, 25.437, 28.856, 31.172, 32.564, 34.721, 37.902, 40.234, 40.767, 40.722, 40.314, 40.192, 41.795, 43.994, 45.416, 46.723, 47.739, 47.338, 46.18, 45.137, 44.324, 44.026, 44.577, 45.469, 46.059, 45.149, 43.119, 42.826, 44.396, 44.695, 43.261, 41.708, 40.611, 40.12, 39.551, 38.755, 38.565, 38.853, 38.336, 37.024, 36.433, 36.737, 36.74, 36.859, 37.478, 37.999, 38.496, 39.081, 39.644, 40.17, 40.514, 40.107, 39.873, 39.257, 37.727, 35.909, 34.759, 34.563, 34.338, 34.479, 34.53, 33.89, 34.388, 36.374, 36.816, 36.331, 36.57, 36.825, 36.905, 37.279, 37.576, 37.511, 37.42, 37.4, 37.182, 36.997, 37.161, 37.327, 37.623, 38.387, 38.455, 39.794, 41.559, 39.169, 47.782, 61.044, 64.494, 62.431, 60.46, 58.374, 56.13, 55.585, 55.031, 53.882, 53.896, 53.704, 51.768, 50.167, 48.827, 46.713, 44.941, 44.036, 43.622, 43.659, 43.887, 43.543, 42.412, 41.188, 39.295, 37.953, 38.093, 40.075, 41.771, 42.519, 43.402, 44.407, 45.645, 46.218, 45.869, 45.821, 46.281, 46.845, 47.588, 48.915, 49.877, 49.91, 51.062, 53.177, 54.206, 54.949, 55.674, 55.657, 55.578, 56.636, 53.057, 40.491, 34.434, 34.994, 33.998, 33.615, 33.537, 33.504, 33.642, 34.101, 34.711, 34.459, 33.958, 33.498, 33.189, 33.327, 34.017, 34.977, 35.182, 34.63, 34.171, 35.092, 37.449, 38.9, 39.242, 40.577, 42.678, 44.597, 45.441, 45.105, 44.43, 44.357, 44.355, 43.906, 43.521, 43.544, 43.51, 42.982, 42.295, 42.009, 42.158, 42.361, 42.447, 42.495, 42.073, 42.125, 43.156, 42.999, 42.167], [43.017, 42.259, 40.0, 37.293, 36.21, 35.952, 35.553, 36.391, 35.658, 31.373, 26.733, 23.597, 20.096, 16.53, 15.129, 13.109, 7.523, 0.0, 5.634, 9.293, 12.544, 15.275, 17.001, 19.408, 23.691, 27.544, 30.093, 31.622, 33.969, 37.339, 39.784, 40.378, 40.369, 39.976, 39.895, 41.57, 43.843, 45.325, 46.715, 47.821, 47.481, 46.347, 45.318, 44.517, 44.194, 44.701, 45.569, 46.145, 45.226, 43.247, 43.055, 44.684, 45.005, 43.573, 42.019, 40.896, 40.35, 39.748, 38.952, 38.753, 39.0, 38.424, 37.086, 36.496, 36.788, 36.772, 36.904, 37.567, 38.084, 38.549, 39.148, 39.772, 40.336, 40.679, 40.246, 39.971, 39.338, 37.801, 35.966, 34.805, 34.6, 34.392, 34.547, 34.582, 33.89, 34.384, 36.393, 36.835, 36.336, 36.591, 36.867, 36.921, 37.251, 37.594, 37.592, 37.511, 37.485, 37.259, 37.046, 37.176, 37.342, 37.654, 38.409, 38.459, 39.875, 41.665, 39.264, 47.956, 61.246, 64.733, 62.684, 60.733, 58.673, 56.422, 55.823, 55.215, 54.055, 54.081, 53.888, 51.932, 50.319, 48.967, 46.796, 44.975, 44.082, 43.687, 43.726, 43.952, 43.589, 42.414, 41.16, 39.277, 37.967, 38.131, 40.134, 41.846, 42.584, 43.443, 44.397, 45.597, 46.174, 45.859, 45.842, 46.314, 46.883, 47.624, 48.957, 49.958, 50.03, 51.18, 53.285, 54.299, 55.039, 55.746, 55.735, 55.699, 56.79, 53.173, 40.541, 34.615, 35.181, 34.097, 33.657, 33.58, 33.537, 33.63, 34.09, 34.721, 34.486, 34.004, 33.552, 33.245, 33.373, 34.052, 34.999, 35.189, 34.559, 34.066, 35.087, 37.536, 38.904, 39.128, 40.448, 42.591, 44.524, 45.363, 45.03, 44.363, 44.28, 44.262, 43.812, 43.446, 43.495, 43.484, 42.962, 42.271, 41.975, 42.119, 42.318, 42.41, 42.47, 42.043, 42.091, 43.105, 42.942, 42.179], [43.197, 42.482, 40.334, 37.817, 36.933, 36.819, 36.549, 37.459, 36.82, 32.762, 28.48, 25.713, 22.624, 19.359, 18.052, 16.508, 12.004, 5.634, 0.0, 4.901, 9.574, 13.026, 15.18, 18.233, 23.029, 27.094, 29.727, 31.282, 33.701, 37.153, 39.627, 40.235, 40.244, 39.863, 39.789, 41.445, 43.709, 45.204, 46.61, 47.743, 47.456, 46.368, 45.37, 44.599, 44.293, 44.799, 45.665, 46.24, 45.326, 43.381, 43.213, 44.827, 45.143, 43.717, 42.189, 41.107, 40.582, 40.003, 39.238, 39.049, 39.271, 38.679, 37.359, 36.778, 37.051, 37.025, 37.16, 37.824, 38.325, 38.766, 39.362, 40.02, 40.623, 40.983, 40.543, 40.235, 39.58, 38.056, 36.256, 35.101, 34.89, 34.695, 34.85, 34.86, 34.167, 34.644, 36.591, 37.018, 36.537, 36.826, 37.109, 37.138, 37.427, 37.771, 37.792, 37.712, 37.675, 37.444, 37.216, 37.318, 37.47, 37.772, 38.513, 38.6, 40.094, 41.882, 39.486, 48.013, 61.181, 64.659, 62.634, 60.7, 58.666, 56.457, 55.858, 55.228, 54.067, 54.095, 53.899, 51.947, 50.354, 49.024, 46.858, 45.034, 44.16, 43.786, 43.825, 44.045, 43.682, 42.5, 41.238, 39.4, 38.181, 38.385, 40.381, 42.068, 42.775, 43.611, 44.537, 45.712, 46.286, 45.982, 45.955, 46.408, 46.971, 47.709, 49.011, 49.984, 50.055, 51.186, 53.264, 54.266, 54.998, 55.692, 55.667, 55.615, 56.692, 53.1, 40.642, 34.91, 35.456, 34.369, 33.927, 33.849, 33.792, 33.863, 34.338, 34.949, 34.701, 34.233, 33.805, 33.531, 33.669, 34.334, 35.263, 35.45, 34.78, 34.285, 35.382, 37.833, 39.147, 39.32, 40.642, 42.796, 44.71, 45.523, 45.184, 44.534, 44.457, 44.437, 43.996, 43.65, 43.714, 43.713, 43.2, 42.499, 42.189, 42.323, 42.514, 42.601, 42.659, 42.232, 42.265, 43.242, 43.083, 42.327], [43.301, 42.603, 40.467, 37.978, 37.16, 37.113, 36.903, 37.855, 37.25, 33.257, 29.073, 26.434, 23.557, 20.569, 19.36, 18.0, 14.228, 9.293, 4.901, 0.0, 5.69, 10.161, 13.111, 17.039, 22.477, 26.828, 29.547, 31.118, 33.605, 37.137, 39.626, 40.214, 40.214, 39.838, 39.754, 41.374, 43.619, 45.122, 46.53, 47.655, 47.37, 46.288, 45.299, 44.552, 44.283, 44.824, 45.722, 46.321, 45.412, 43.43, 43.202, 44.799, 45.12, 43.674, 42.13, 41.049, 40.537, 39.98, 39.239, 39.057, 39.283, 38.707, 37.408, 36.822, 37.077, 37.059, 37.215, 37.875, 38.361, 38.79, 39.371, 40.025, 40.652, 41.032, 40.594, 40.285, 39.62, 38.075, 36.26, 35.101, 34.916, 34.726, 34.873, 34.867, 34.178, 34.659, 36.596, 37.015, 36.531, 36.835, 37.131, 37.169, 37.465, 37.813, 37.829, 37.739, 37.691, 37.454, 37.216, 37.315, 37.476, 37.784, 38.536, 38.66, 40.173, 41.945, 39.517, 47.962, 61.122, 64.618, 62.609, 60.664, 58.614, 56.424, 55.829, 55.169, 53.992, 54.031, 53.844, 51.893, 50.305, 48.967, 46.777, 44.945, 44.08, 43.714, 43.749, 43.961, 43.594, 42.399, 41.113, 39.309, 38.208, 38.466, 40.47, 42.143, 42.837, 43.674, 44.614, 45.806, 46.378, 46.052, 46.002, 46.443, 47.001, 47.737, 49.019, 49.946, 49.988, 51.135, 53.234, 54.241, 54.973, 55.667, 55.627, 55.551, 56.618, 53.033, 40.582, 34.897, 35.445, 34.368, 33.913, 33.842, 33.773, 33.818, 34.27, 34.853, 34.586, 34.122, 33.721, 33.481, 33.644, 34.309, 35.221, 35.396, 34.719, 34.261, 35.438, 37.913, 39.288, 39.506, 40.857, 43.021, 44.94, 45.754, 45.407, 44.751, 44.667, 44.637, 44.192, 43.841, 43.902, 43.903, 43.386, 42.67, 42.347, 42.477, 42.667, 42.751, 42.803, 42.365, 42.379, 43.34, 43.173, 42.399], [43.401, 42.726, 40.573, 38.033, 37.202, 37.206, 37.057, 38.027, 37.388, 33.368, 29.236, 26.791, 24.315, 21.862, 20.891, 19.656, 16.376, 12.544, 9.574, 5.69, 0.0, 5.572, 10.056, 15.29, 21.442, 26.145, 28.991, 30.618, 33.259, 36.931, 39.454, 40.019, 40.01, 39.645, 39.558, 41.17, 43.433, 44.977, 46.433, 47.587, 47.292, 46.18, 45.174, 44.429, 44.168, 44.735, 45.68, 46.326, 45.417, 43.368, 43.076, 44.706, 45.056, 43.588, 42.002, 40.871, 40.33, 39.776, 39.043, 38.867, 39.106, 38.541, 37.234, 36.634, 36.884, 36.883, 37.073, 37.757, 38.245, 38.684, 39.258, 39.895, 40.534, 40.934, 40.497, 40.187, 39.513, 37.918, 36.053, 34.893, 34.747, 34.553, 34.686, 34.664, 33.975, 34.492, 36.471, 36.871, 36.342, 36.642, 36.96, 37.018, 37.34, 37.702, 37.715, 37.623, 37.567, 37.316, 37.069, 37.179, 37.37, 37.705, 38.48, 38.618, 40.142, 41.908, 39.456, 48.006, 61.286, 64.862, 62.877, 60.896, 58.783, 56.563, 55.961, 55.258, 54.035, 54.08, 53.899, 51.924, 50.322, 48.957, 46.716, 44.865, 44.003, 43.639, 43.673, 43.878, 43.496, 42.27, 40.954, 39.154, 38.108, 38.378, 40.404, 42.099, 42.8, 43.645, 44.609, 45.846, 46.429, 46.07, 45.993, 46.435, 46.995, 47.73, 49.001, 49.89, 49.921, 51.133, 53.291, 54.31, 55.055, 55.75, 55.692, 55.604, 56.683, 53.067, 40.412, 34.653, 35.246, 34.141, 33.65, 33.598, 33.529, 33.565, 33.976, 34.544, 34.306, 33.87, 33.496, 33.263, 33.433, 34.102, 34.994, 35.143, 34.466, 34.098, 35.417, 37.954, 39.389, 39.671, 41.077, 43.276, 45.216, 46.034, 45.678, 45.009, 44.908, 44.854, 44.38, 44.004, 44.059, 44.068, 43.537, 42.791, 42.453, 42.583, 42.778, 42.867, 42.917, 42.46, 42.451, 43.391, 43.199, 42.483], [43.462, 42.808, 40.678, 38.147, 37.316, 37.377, 37.3, 38.271, 37.591, 33.59, 29.604, 27.399, 25.305, 23.278, 22.501, 21.4, 18.499, 15.275, 13.026, 10.161, 5.572, 0.0, 6.183, 13.624, 20.683, 25.599, 28.449, 30.083, 32.845, 36.592, 39.122, 39.676, 39.684, 39.368, 39.311, 40.924, 43.191, 44.762, 46.26, 47.452, 47.174, 46.065, 45.057, 44.318, 44.059, 44.632, 45.598, 46.274, 45.379, 43.314, 42.989, 44.622, 45.009, 43.565, 41.977, 40.827, 40.283, 39.748, 39.033, 38.862, 39.102, 38.54, 37.232, 36.622, 36.86, 36.859, 37.058, 37.754, 38.263, 38.718, 39.283, 39.896, 40.533, 40.949, 40.525, 40.21, 39.531, 37.926, 36.079, 34.969, 34.833, 34.628, 34.74, 34.696, 34.038, 34.587, 36.529, 36.88, 36.322, 36.627, 36.966, 37.04, 37.381, 37.746, 37.753, 37.656, 37.597, 37.345, 37.103, 37.219, 37.414, 37.744, 38.516, 38.66, 40.159, 41.906, 39.508, 48.089, 61.373, 64.983, 63.021, 61.032, 58.888, 56.657, 56.069, 55.362, 54.121, 54.165, 53.983, 51.999, 50.403, 49.052, 46.812, 44.959, 44.103, 43.743, 43.774, 43.978, 43.598, 42.372, 41.059, 39.276, 38.231, 38.474, 40.473, 42.157, 42.854, 43.691, 44.651, 45.905, 46.492, 46.123, 46.031, 46.477, 47.043, 47.767, 48.994, 49.853, 49.908, 51.165, 53.33, 54.34, 55.079, 55.77, 55.714, 55.628, 56.711, 53.106, 40.453, 34.711, 35.319, 34.188, 33.675, 33.63, 33.564, 33.616, 34.016, 34.55, 34.33, 33.936, 33.587, 33.346, 33.494, 34.124, 34.969, 35.094, 34.433, 34.144, 35.561, 38.106, 39.531, 39.819, 41.225, 43.429, 45.374, 46.188, 45.832, 45.169, 45.068, 45.0, 44.504, 44.105, 44.16, 44.187, 43.66, 42.9, 42.552, 42.679, 42.878, 42.977, 43.027, 42.561, 42.548, 43.46, 43.232, 42.545], [43.455, 42.773, 40.623, 38.113, 37.296, 37.354, 37.316, 38.303, 37.611, 33.65, 29.829, 27.834, 26.017, 24.225, 23.539, 22.534, 19.874, 17.001, 15.18, 13.111, 10.056, 6.183, 0.0, 9.596, 18.514, 24.353, 27.486, 29.124, 31.883, 35.652, 38.199, 38.758, 38.797, 38.546, 38.538, 40.141, 42.38, 43.991, 45.615, 46.926, 46.695, 45.583, 44.568, 43.832, 43.585, 44.157, 45.119, 45.832, 45.003, 42.986, 42.636, 44.233, 44.662, 43.284, 41.734, 40.596, 40.07, 39.559, 38.853, 38.674, 38.911, 38.367, 37.091, 36.516, 36.759, 36.744, 36.928, 37.624, 38.14, 38.597, 39.145, 39.732, 40.359, 40.776, 40.369, 40.077, 39.434, 37.851, 36.037, 34.988, 34.841, 34.659, 34.769, 34.695, 34.081, 34.613, 36.457, 36.758, 36.201, 36.518, 36.861, 36.932, 37.273, 37.645, 37.66, 37.576, 37.529, 37.296, 37.076, 37.192, 37.353, 37.641, 38.393, 38.487, 39.924, 41.644, 39.324, 48.026, 61.307, 64.9, 62.937, 60.952, 58.809, 56.581, 56.004, 55.303, 54.067, 54.111, 53.93, 51.959, 50.373, 49.028, 46.796, 44.938, 44.08, 43.72, 43.746, 43.948, 43.573, 42.359, 41.059, 39.288, 38.245, 38.478, 40.435, 42.078, 42.761, 43.579, 44.516, 45.768, 46.361, 45.993, 45.909, 46.375, 46.947, 47.659, 48.87, 49.761, 49.879, 51.153, 53.292, 54.277, 54.997, 55.69, 55.661, 55.585, 56.664, 53.07, 40.473, 34.812, 35.391, 34.226, 33.718, 33.664, 33.583, 33.659, 34.075, 34.552, 34.267, 33.858, 33.491, 33.234, 33.358, 33.958, 34.774, 34.9, 34.257, 34.002, 35.447, 37.984, 39.372, 39.592, 40.939, 43.163, 45.139, 45.947, 45.568, 44.901, 44.812, 44.746, 44.241, 43.832, 43.895, 43.946, 43.435, 42.676, 42.328, 42.452, 42.65, 42.756, 42.805, 42.335, 42.349, 43.285, 43.042, 42.539], [43.57, 42.857, 40.655, 38.111, 37.223, 37.195, 37.172, 38.185, 37.482, 33.545, 29.883, 28.229, 26.859, 25.541, 25.082, 24.172, 21.797, 19.408, 18.233, 17.039, 15.29, 13.624, 9.596, 0.0, 11.233, 19.464, 23.949, 25.944, 28.686, 32.644, 35.404, 36.073, 36.194, 35.989, 36.064, 37.832, 40.172, 41.924, 43.947, 45.662, 45.559, 44.403, 43.357, 42.583, 42.282, 42.84, 43.816, 44.587, 43.865, 42.013, 41.837, 43.518, 43.996, 42.685, 41.193, 40.053, 39.502, 38.958, 38.193, 37.983, 38.24, 37.709, 36.466, 35.976, 36.275, 36.243, 36.427, 37.144, 37.629, 38.055, 38.604, 39.167, 39.755, 40.166, 39.775, 39.519, 38.916, 37.334, 35.515, 34.523, 34.366, 34.273, 34.437, 34.347, 33.705, 34.21, 36.03, 36.3, 35.742, 36.091, 36.407, 36.389, 36.654, 37.033, 37.098, 37.054, 37.028, 36.801, 36.58, 36.676, 36.779, 37.018, 37.742, 37.715, 39.143, 40.876, 38.595, 47.837, 61.367, 65.009, 63.044, 61.037, 58.864, 56.607, 56.008, 55.268, 54.0, 54.023, 53.833, 51.857, 50.247, 48.858, 46.581, 44.702, 43.829, 43.46, 43.494, 43.692, 43.29, 42.056, 40.778, 38.941, 37.786, 37.989, 40.017, 41.707, 42.388, 43.207, 44.154, 45.445, 46.064, 45.708, 45.665, 46.167, 46.738, 47.459, 48.781, 49.831, 50.024, 51.281, 53.407, 54.389, 55.099, 55.796, 55.793, 55.737, 56.825, 53.126, 40.152, 34.28, 34.889, 33.698, 33.219, 33.138, 33.012, 33.155, 33.689, 34.184, 33.802, 33.298, 32.865, 32.57, 32.674, 33.326, 34.224, 34.386, 33.733, 33.494, 34.972, 37.555, 38.833, 38.997, 40.379, 42.746, 44.799, 45.578, 45.141, 44.459, 44.395, 44.341, 43.825, 43.421, 43.511, 43.572, 43.034, 42.241, 41.889, 42.024, 42.217, 42.31, 42.356, 41.878, 41.902, 42.871, 42.625, 42.647], [43.967, 43.32, 41.234, 38.732, 37.717, 37.6, 37.558, 38.523, 37.868, 34.245, 31.167, 30.053, 29.131, 28.314, 28.086, 27.323, 25.437, 23.691, 23.029, 22.477, 21.442, 20.683, 18.514, 11.233, 0.0, 10.557, 17.444, 20.702, 23.631, 27.757, 30.862, 31.844, 32.149, 31.946, 32.213, 34.463, 37.062, 38.923, 41.374, 43.596, 43.739, 42.692, 41.749, 40.98, 40.572, 41.066, 42.028, 42.734, 42.02, 40.562, 41.035, 43.047, 43.594, 42.386, 41.021, 39.949, 39.409, 38.82, 37.991, 37.766, 38.038, 37.502, 36.296, 35.902, 36.257, 36.209, 36.366, 37.062, 37.488, 37.839, 38.37, 38.908, 39.423, 39.832, 39.458, 39.197, 38.657, 37.167, 35.464, 34.729, 34.599, 34.56, 34.793, 34.746, 34.053, 34.534, 36.259, 36.484, 35.985, 36.369, 36.617, 36.483, 36.687, 37.082, 37.198, 37.18, 37.175, 36.952, 36.716, 36.77, 36.812, 36.976, 37.602, 37.434, 38.808, 40.502, 38.261, 47.931, 61.567, 65.232, 63.307, 61.354, 59.2, 56.901, 56.28, 55.538, 54.228, 54.167, 53.951, 51.997, 50.38, 48.982, 46.719, 44.892, 44.042, 43.671, 43.711, 43.903, 43.478, 42.252, 41.022, 39.146, 37.74, 37.662, 39.679, 41.46,