[[0.0, 6.731, 12.514, 17.241, 20.589, 23.234, 25.615, 26.989, 28.297, 30.466, 32.74, 34.161, 34.862, 35.252, 35.662, 36.061, 36.33, 36.479, 36.352, 36.213, 36.72, 37.697, 38.097, 37.812, 37.509, 37.918, 38.577, 39.009, 39.542, 40.017, 39.78, 39.116, 38.862, 38.746, 38.204, 37.636, 37.587, 37.705, 37.818, 38.314, 39.26, 39.644, 39.523, 39.754, 40.308, 40.722, 40.88, 40.662, 40.339, 40.835, 41.605, 41.488, 41.21, 41.621, 42.294, 42.42, 42.172, 42.199, 42.069, 41.485, 41.485, 42.025, 42.688, 42.841, 42.047, 40.573, 39.571, 39.402, 39.435, 38.992, 38.906, 39.209, 39.254, 39.481, 39.958, 39.891, 39.311, 38.74, 38.763, 39.346, 39.701, 39.472, 39.238, 39.145, 39.106, 39.332, 39.845, 40.662, 41.434, 41.529, 40.901, 40.419, 40.64, 41.296, 41.727, 41.254, 40.287, 39.814, 39.451, 39.451, 39.656, 39.515, 39.442, 39.91, 40.717, 40.954, 40.715, 40.122, 39.38, 39.037, 39.012, 38.841, 38.7, 38.936, 38.954, 38.824, 38.8, 38.656, 38.533, 38.628, 38.653, 38.495, 38.387, 38.623, 38.988, 38.875, 38.601, 38.697, 38.902, 38.919, 38.906, 39.005, 39.114, 39.123, 39.127, 39.134, 39.045, 38.85, 38.751, 38.735, 38.893, 39.252, 39.437, 39.629, 39.375, 8.768], [6.731, 0.0, 7.87, 14.467, 18.346, 20.795, 23.154, 24.72, 26.388, 28.998, 31.521, 33.024, 33.77, 34.215, 34.673, 35.111, 35.423, 35.612, 35.494, 35.348, 35.879, 36.953, 37.484, 37.277, 36.998, 37.546, 38.489, 39.12, 39.731, 40.182, 39.923, 39.275, 39.04, 38.912, 38.339, 37.757, 37.693, 37.803, 37.857, 38.319, 39.275, 39.668, 39.533, 39.749, 40.305, 40.708, 40.839, 40.607, 40.267, 40.769, 41.586, 41.504, 41.221, 41.62, 42.287, 42.404, 42.159, 42.208, 42.108, 41.552, 41.57, 42.131, 42.798, 42.955, 42.196, 40.776, 39.799, 39.626, 39.669, 39.235, 39.113, 39.381, 39.437, 39.672, 40.138, 40.056, 39.454, 38.874, 38.921, 39.524, 39.88, 39.658, 39.433, 39.337, 39.27, 39.443, 39.938, 40.768, 41.533, 41.616, 40.982, 40.505, 40.742, 41.417, 41.834, 41.333, 40.344, 39.834, 39.436, 39.403, 39.575, 39.412, 39.306, 39.713, 40.466, 40.664, 40.398, 39.799, 39.08, 38.771, 38.768, 38.622, 38.52, 38.769, 38.781, 38.627, 38.571, 38.409, 38.289, 38.413, 38.497, 38.391, 38.313, 38.562, 38.938, 38.853, 38.6, 38.705, 38.922, 38.939, 38.917, 39.019, 39.132, 39.126, 39.117, 39.12, 39.023, 38.823, 38.744, 38.757, 38.915, 39.269, 39.463, 39.671, 39.424, 12.652], [12.514, 7.87, 0.0, 8.399, 13.802, 16.947, 19.573, 21.27, 23.218, 26.338, 29.252, 30.984, 31.891, 32.451, 32.994, 33.504, 33.879, 34.141, 34.102, 34.038, 34.671, 35.859, 36.468, 36.362, 36.256, 36.961, 38.045, 38.872, 39.67, 40.147, 39.826, 39.138, 38.91, 38.773, 38.176, 37.617, 37.591, 37.687, 37.692, 38.137, 39.131, 39.558, 39.418, 39.607, 40.179, 40.606, 40.726, 40.466, 40.116, 40.641, 41.495, 41.421, 41.128, 41.548, 42.247, 42.373, 42.125, 42.18, 42.087, 41.51, 41.505, 42.071, 42.753, 42.928, 42.19, 40.787, 39.805, 39.615, 39.664, 39.214, 39.054, 39.312, 39.379, 39.627, 40.097, 40.004, 39.367, 38.761, 38.841, 39.481, 39.838, 39.592, 39.353, 39.265, 39.202, 39.368, 39.86, 40.68, 41.428, 41.506, 40.874, 40.398, 40.668, 41.399, 41.855, 41.36, 40.339, 39.797, 39.374, 39.324, 39.501, 39.32, 39.178, 39.557, 40.306, 40.51, 40.252, 39.673, 38.982, 38.706, 38.718, 38.574, 38.469, 38.694, 38.685, 38.52, 38.431, 38.21, 38.018, 38.088, 38.149, 38.018, 37.932, 38.212, 38.619, 38.537, 38.283, 38.427, 38.675, 38.689, 38.657, 38.756, 38.861, 38.828, 38.801, 38.808, 38.726, 38.534, 38.457, 38.468, 38.643, 39.044, 39.267, 39.475, 39.233, 15.969], [17.241, 14.467, 8.399, 0.0, 6.919, 12.192, 16.162, 18.132, 20.138, 23.738, 27.185, 29.262, 30.416, 31.154, 31.827, 32.435, 32.835, 33.106, 33.15, 33.223, 34.011, 35.343, 36.041, 36.032, 36.178, 37.21, 38.433, 39.315, 40.214, 40.739, 40.425, 39.772, 39.575, 39.437, 38.882, 38.414, 38.456, 38.524, 38.538, 38.974, 39.898, 40.309, 40.194, 40.333, 40.832, 41.21, 41.321, 41.087, 40.784, 41.316, 42.118, 41.994, 41.692, 42.108, 42.796, 42.938, 42.732, 42.787, 42.682, 42.088, 42.01, 42.492, 43.13, 43.311, 42.616, 41.287, 40.384, 40.215, 40.271, 39.869, 39.76, 40.036, 40.098, 40.33, 40.766, 40.68, 40.095, 39.561, 39.682, 40.317, 40.658, 40.409, 40.17, 40.106, 40.088, 40.273, 40.703, 41.419, 42.099, 42.178, 41.585, 41.107, 41.327, 41.971, 42.366, 41.919, 40.992, 40.502, 40.098, 40.043, 40.232, 40.084, 39.936, 40.236, 40.896, 41.106, 40.902, 40.416, 39.819, 39.57, 39.573, 39.424, 39.314, 39.489, 39.442, 39.283, 39.213, 38.993, 38.784, 38.83, 38.83, 38.641, 38.545, 38.839, 39.231, 39.117, 38.851, 38.993, 39.231, 39.25, 39.238, 39.354, 39.444, 39.367, 39.315, 39.346, 39.328, 39.194, 39.125, 39.147, 39.403, 39.885, 40.117, 40.289, 40.063, 20.329], [20.589, 18.346, 13.802, 6.919, 0.0, 7.155, 12.965, 15.658, 17.878, 21.992, 25.919, 28.268, 29.601, 30.486, 31.286, 31.986, 32.376, 32.583, 32.622, 32.771, 33.686, 35.161, 35.962, 35.998, 36.288, 37.654, 39.102, 40.002, 40.878, 41.423, 41.162, 40.589, 40.426, 40.278, 39.768, 39.365, 39.415, 39.481, 39.508, 39.91, 40.745, 41.13, 41.046, 41.17, 41.606, 41.905, 41.983, 41.771, 41.501, 42.015, 42.735, 42.553, 42.237, 42.64, 43.311, 43.475, 43.326, 43.397, 43.278, 42.658, 42.505, 42.901, 43.479, 43.646, 42.988, 41.738, 40.926, 40.792, 40.85, 40.524, 40.525, 40.821, 40.872, 41.088, 41.481, 41.394, 40.874, 40.43, 40.573, 41.164, 41.47, 41.231, 41.012, 40.972, 40.993, 41.187, 41.57, 42.223, 42.862, 42.949, 42.411, 41.947, 42.1, 42.632, 42.952, 42.54, 41.706, 41.276, 40.915, 40.892, 41.117, 41.01, 40.867, 41.107, 41.666, 41.84, 41.663, 41.253, 40.74, 40.509, 40.488, 40.334, 40.241, 40.394, 40.316, 40.158, 40.114, 39.924, 39.734, 39.765, 39.712, 39.481, 39.38, 39.663, 40.015, 39.882, 39.623, 39.747, 39.966, 40.0, 40.007, 40.135, 40.214, 40.101, 40.028, 40.069, 40.083, 39.976, 39.931, 40.013, 40.345, 40.852, 41.056, 41.207, 40.998, 23.985], [23.234, 20.795, 16.947, 12.192, 7.155, 0.0, 7.178, 11.417, 15.034, 19.988, 24.277, 26.867, 28.377, 29.379, 30.278, 31.065, 31.476, 31.637, 31.619, 31.765, 32.75, 34.34, 35.229, 35.283, 35.63, 37.205, 38.859, 39.845, 40.743, 41.311, 41.08, 40.565, 40.453, 40.3, 39.751, 39.315, 39.336, 39.424, 39.425, 39.788, 40.609, 41.003, 40.918, 41.037, 41.46, 41.703, 41.728, 41.489, 41.211, 41.739, 42.451, 42.255, 41.933, 42.349, 43.047, 43.238, 43.123, 43.227, 43.095, 42.411, 42.2, 42.566, 43.131, 43.308, 42.674, 41.439, 40.633, 40.507, 40.58, 40.305, 40.371, 40.66, 40.701, 40.932, 41.328, 41.226, 40.711, 40.283, 40.392, 40.927, 41.215, 40.99, 40.78, 40.746, 40.785, 40.981, 41.385, 42.095, 42.771, 42.883, 42.387, 41.965, 42.126, 42.66, 42.992, 42.582, 41.734, 41.294, 40.944, 40.945, 41.195, 41.088, 40.935, 41.173, 41.685, 41.802, 41.6, 41.204, 40.733, 40.519, 40.476, 40.299, 40.215, 40.4, 40.327, 40.141, 40.072, 39.877, 39.673, 39.668, 39.593, 39.337, 39.215, 39.492, 39.83, 39.702, 39.465, 39.604, 39.84, 39.888, 39.893, 40.02, 40.116, 40.002, 39.913, 39.939, 39.929, 39.791, 39.749, 39.876, 40.231, 40.724, 40.899, 41.048, 40.835, 26.495], [25.615, 23.154, 19.573, 16.162, 12.965, 7.178, 0.0, 6.149, 12.396, 18.438, 22.844, 25.508, 27.17, 28.264, 29.21, 30.052, 30.52, 30.704, 30.665, 30.781, 31.75, 33.356, 34.277, 34.342, 34.699, 36.336, 38.124, 39.257, 40.248, 40.859, 40.633, 40.153, 40.116, 39.989, 39.387, 38.917, 38.96, 39.074, 39.031, 39.363, 40.182, 40.587, 40.484, 40.571, 40.97, 41.178, 41.165, 40.89, 40.589, 41.14, 41.895, 41.731, 41.428, 41.875, 42.611, 42.82, 42.725, 42.867, 42.722, 41.976, 41.734, 42.105, 42.688, 42.893, 42.277, 41.022, 40.166, 40.029, 40.138, 39.885, 39.937, 40.218, 40.263, 40.519, 40.94, 40.825, 40.293, 39.852, 39.918, 40.421, 40.727, 40.53, 40.32, 40.275, 40.312, 40.502, 40.936, 41.71, 42.424, 42.556, 42.083, 41.69, 41.879, 42.471, 42.858, 42.429, 41.509, 41.019, 40.669, 40.682, 40.927, 40.788, 40.616, 40.856, 41.339, 41.424, 41.196, 40.788, 40.34, 40.16, 40.119, 39.918, 39.833, 40.063, 40.014, 39.791, 39.67, 39.447, 39.225, 39.214, 39.179, 38.948, 38.816, 39.088, 39.436, 39.33, 39.105, 39.253, 39.515, 39.573, 39.566, 39.687, 39.803, 39.704, 39.608, 39.617, 39.578, 39.399, 39.338, 39.458, 39.796, 40.295, 40.48, 40.617, 40.372, 28.345], [26.989, 24.72, 21.27, 18.132, 15.658, 11.417, 6.149, 0.0, 8.172, 16.025, 21.218, 24.018, 25.677, 26.815, 27.826, 28.731, 29.248, 29.472, 29.465, 29.6, 30.575, 32.204, 33.159, 33.255, 33.681, 35.411, 37.348, 38.678, 39.827, 40.513, 40.291, 39.81, 39.83, 39.768, 39.177, 38.694, 38.739, 38.841, 38.779, 39.109, 39.933, 40.327, 40.211, 40.287, 40.707, 40.95, 40.944, 40.658, 40.321, 40.845, 41.609, 41.456, 41.161, 41.63, 42.391, 42.619, 42.546, 42.721, 42.584, 41.828, 41.594, 41.981, 42.573, 42.775, 42.152, 40.897, 40.032, 39.89, 40.007, 39.728, 39.745, 40.038, 40.1, 40.368, 40.804, 40.696, 40.165, 39.737, 39.838, 40.377, 40.7, 40.498, 40.279, 40.232, 40.272, 40.459, 40.881, 41.633, 42.329, 42.447, 41.949, 41.511, 41.676, 42.287, 42.694, 42.259, 41.308, 40.806, 40.471, 40.494, 40.727, 40.566, 40.373, 40.585, 41.068, 41.197, 40.995, 40.585, 40.133, 39.969, 39.937, 39.732, 39.653, 39.896, 39.857, 39.628, 39.492, 39.256, 39.019, 38.999, 38.984, 38.782, 38.662, 38.94, 39.307, 39.206, 38.958, 39.086, 39.347, 39.409, 39.404, 39.524, 39.642, 39.554, 39.464, 39.472, 39.423, 39.235, 39.164, 39.264, 39.586, 40.127, 40.349, 40.484, 40.229, 29.319], [28.297, 26.388, 23.218, 20.138, 17.878, 15.034, 12.396, 8.172, 0.0, 9.822, 17.063, 20.853, 22.586, 23.645, 24.774, 25.852, 26.424, 26.658, 26.702, 26.891, 27.909, 29.628, 30.672, 30.838, 31.431, 33.414, 35.648, 37.253, 38.655, 39.547, 39.42, 38.927, 38.977, 39.023, 38.544, 38.083, 38.113, 38.177, 38.094, 38.444, 39.314, 39.702, 39.594, 39.691, 40.15, 40.454, 40.48, 40.192, 39.826, 40.3, 41.039, 40.853, 40.548, 41.053, 41.864, 42.147, 42.128, 42.348, 42.202, 41.398, 41.162, 41.573, 42.176, 42.354, 41.694, 40.434, 39.58, 39.437, 39.532, 39.225, 39.261, 39.596, 39.682, 39.954, 40.381, 40.258, 39.722, 39.338, 39.539, 40.184, 40.558, 40.346, 40.105, 40.048, 40.086, 40.264, 40.631, 41.307, 41.978, 42.079, 41.513, 40.987, 41.127, 41.757, 42.198, 41.811, 40.923, 40.462, 40.122, 40.126, 40.345, 40.187, 39.987, 40.181, 40.729, 40.962, 40.814, 40.414, 39.946, 39.768, 39.73, 39.505, 39.37, 39.543, 39.485, 39.273, 39.148, 38.905, 38.639, 38.57, 38.512, 38.306, 38.194, 38.479, 38.859, 38.736, 38.449, 38.575, 38.839, 38.894, 38.879, 38.991, 39.107, 39.036, 38.964, 38.985, 38.943, 38.754, 38.662, 38.737, 39.07, 39.665, 39.929, 40.07, 39.82, 30.167], [30.466, 28.998, 26.338, 23.738, 21.992, 19.988, 18.438, 16.025, 9.822, 0.0, 9.279, 15.148, 17.757, 18.771, 19.9, 21.219, 21.927, 22.193, 22.297, 22.545, 23.607, 25.462, 26.644, 26.899, 27.724, 30.105, 32.772, 34.699, 36.409, 37.648, 37.795, 37.439, 37.558, 37.685, 37.377, 37.118, 37.31, 37.389, 37.25, 37.604, 38.534, 38.95, 38.852, 38.893, 39.257, 39.525, 39.57, 39.294, 38.934, 39.409, 40.136, 39.911, 39.588, 40.13, 40.993, 41.322, 41.346, 41.598, 41.387, 40.469, 40.222, 40.681, 41.319, 41.5, 40.828, 39.535, 38.631, 38.441, 38.505, 38.239, 38.383, 38.779, 38.877, 39.146, 39.544, 39.36, 38.801, 38.483, 38.768, 39.517, 39.99, 39.802, 39.511, 39.401, 39.43, 39.612, 39.949, 40.595, 41.294, 41.426, 40.847, 40.291, 40.453, 41.14, 41.679, 41.406, 40.648, 40.27, 39.928, 39.904, 40.118, 39.979, 39.783, 39.957, 40.51, 40.778, 40.651, 40.256, 39.77, 39.574, 39.538, 39.301, 39.102, 39.199, 39.12, 38.92, 38.792, 38.522, 38.221, 38.102, 37.994, 37.766, 37.644, 37.929, 38.311, 38.158, 37.851, 38.028, 38.327, 38.366, 38.324, 38.431, 38.558, 38.497, 38.434, 38.474, 38.433, 38.215, 38.075, 38.11, 38.474, 39.127, 39.427, 39.561, 39.284, 31.724], [32.74, 31.521, 29.252, 27.185, 25.919, 24.277, 22.844, 21.218, 17.063, 9.279, 0.0, 7.768, 12.252, 13.855, 14.847, 16.207, 17.143, 17.577, 17.789, 18.173, 19.416, 21.513, 22.875, 23.259, 24.392, 27.221, 30.309, 32.533, 34.479, 35.969, 36.359, 36.246, 36.522, 36.685, 36.502, 36.608, 37.122, 37.305, 37.167, 37.454, 38.339, 38.767, 38.679, 38.644, 38.901, 39.124, 39.186, 38.911, 38.524, 38.92, 39.554, 39.303, 38.978, 39.509, 40.371, 40.706, 40.732, 40.985, 40.737, 39.78, 39.562, 40.062, 40.715, 40.907, 40.267, 38.996, 38.078, 37.821, 37.819, 37.596, 37.845, 38.253, 38.336, 38.587, 38.938, 38.706, 38.186, 37.978, 38.335, 39.151, 39.691, 39.519, 39.18, 39.023, 39.061, 39.276, 39.642, 40.306, 41.021, 41.175, 40.64, 40.124, 40.288, 40.997, 41.627, 41.458, 40.803, 40.493, 40.177, 40.161, 40.385, 40.27, 40.084, 40.237, 40.726, 40.958, 40.826, 40.439, 39.943, 39.728, 39.697, 39.474, 39.282, 39.375, 39.294, 39.088, 38.946, 38.67, 38.373, 38.232, 38.089, 37.838, 37.711, 38.003, 38.386, 38.222, 37.902, 38.11, 38.44, 38.471, 38.416, 38.53, 38.669, 38.595, 38.512, 38.546, 38.503, 38.274, 38.123, 38.131, 38.488, 39.147, 39.459, 39.596, 39.284, 33.565], [34.161, 33.024, 30.984, 29.262, 28.268, 26.867, 25.508, 24.018, 20.853, 15.148, 7.768, 0.0, 6.057, 9.061, 10.477, 11.832, 12.98, 13.709, 14.112, 14.737, 16.377, 18.854, 20.391, 20.901, 22.373, 25.599, 29.026, 31.499, 33.557, 35.127, 35.624, 35.638, 36.031, 36.265, 36.134, 36.395, 37.075, 37.357, 37.318, 37.561, 38.369, 38.779, 38.705, 38.695, 38.998, 39.282, 39.378, 39.104, 38.684, 38.983, 39.513, 39.237, 38.904, 39.404, 40.247, 40.583, 40.601, 40.849, 40.616, 39.693, 39.506, 40.021, 40.68, 40.881, 40.261, 39.036, 38.156, 37.886, 37.825, 37.528, 37.701, 38.053, 38.112, 38.327, 38.62, 38.357, 37.871, 37.757, 38.198, 39.072, 39.629, 39.439, 39.08, 38.915, 38.962, 39.2, 39.605, 40.287, 41.001, 41.15, 40.623, 40.12, 40.26, 40.948, 41.615, 41.509, 40.889, 40.579, 40.287, 40.3, 40.534, 40.433, 40.268, 40.423, 40.885, 41.105, 40.967, 40.591, 40.106, 39.894, 39.851, 39.625, 39.451, 39.569, 39.508, 39.308, 39.166, 38.906, 38.617, 38.459, 38.308, 38.068, 37.963, 38.268, 38.648, 38.488, 38.161, 38.347, 38.671, 38.706, 38.65, 38.759, 38.891, 38.811, 38.724, 38.753, 38.706, 38.482, 38.337, 38.3, 38.572, 39.184, 39.511, 39.673, 39.359, 34.801], [34.862, 33.77, 31.891, 30.416, 29.601, 28.377, 27.17, 25.677, 22.586, 17.757, 12.252, 6.057, 0.0, 4.276, 6.923, 8.865, 10.281, 11.305, 11.942, 12.748, 14.623, 17.296, 18.88, 19.486, 21.264, 24.736, 28.343, 30.956, 33.063, 34.695, 35.292, 35.35, 35.77, 36.101, 36.059, 36.32, 36.994, 37.33, 37.361, 37.618, 38.433, 38.833, 38.763, 38.822, 39.199, 39.539, 39.658, 39.393, 38.98, 39.258, 39.75, 39.458, 39.107, 39.583, 40.414, 40.746, 40.755, 41.007, 40.788, 39.895, 39.726, 40.241, 40.905, 41.108, 40.487, 39.275, 38.408, 38.144, 38.064, 37.685, 37.736, 38.034, 38.094, 38.288, 38.546, 38.264, 37.773, 37.676, 38.179, 39.11, 39.67, 39.455, 39.089, 38.932, 38.981, 39.219, 39.628, 40.307, 41.014, 41.144, 40.576, 40.039, 40.156, 40.813, 41.468, 41.385, 40.796, 40.498, 40.215, 40.237, 40.471, 40.381, 40.236, 40.407, 40.908, 41.177, 41.057, 40.686, 40.21, 40.009, 39.953, 39.714, 39.534, 39.656, 39.608, 39.422, 39.281, 39.02, 38.73, 38.567, 38.43, 38.219, 38.143, 38.454, 38.823, 38.667, 38.354, 38.527, 38.824, 38.848, 38.781, 38.874, 38.99, 38.924, 38.866, 38.909, 38.855, 38.628, 38.488, 38.42, 38.625, 39.198, 39.531, 39.705, 39.398, 35.397], [35.252, 34.215, 32.451, 31.154, 30.486, 29.379, 28.264, 26.815, 23.645, 18.771, 13.855, 9.061, 4.276, 0.0, 3.655, 6.715, 8.708, 9.982, 10.781, 11.632, 13.446, 16.107, 17.711, 18.407, 20.412, 24.043, 27.739, 30.42, 32.565, 34.275, 34.971, 35.106, 35.563, 35.948, 36.019, 36.39, 37.111, 37.455, 37.492, 37.772, 38.618, 39.025, 38.956, 39.018, 39.376, 39.706, 39.828, 39.57, 39.17, 39.442, 39.909, 39.615, 39.265, 39.72, 40.53, 40.852, 40.851, 41.097, 40.872, 39.988, 39.831, 40.344, 41.007, 41.214, 40.608, 39.413, 38.542, 38.26, 38.175, 37.803, 37.839, 38.127, 38.195, 38.384, 38.621, 38.323, 37.821, 37.715, 38.225, 39.177, 39.75, 39.529, 39.15, 38.989, 39.043, 39.28, 39.663, 40.313, 41.007, 41.117, 40.502, 39.92, 40.015, 40.656, 41.302, 41.243, 40.719, 40.481, 40.222, 40.258, 40.502, 40.425, 40.295, 40.492, 41.048, 41.359, 41.258, 40.895, 40.424, 40.226, 40.172, 39.937, 39.751, 39.859, 39.804, 39.618, 39.468, 39.19, 38.892, 38.727, 38.588, 38.381, 38.31, 38.616, 38.967, 38.808, 38.521, 38.717, 39.002, 39.006, 38.925, 39.013, 39.129, 39.079, 39.038, 39.083, 39.02, 38.793, 38.661, 38.593, 38.794, 39.36, 39.69, 39.86, 39.56, 35.687], [35.662, 34.673, 32.994, 31.827, 31.286, 30.278, 29.21, 27.826, 24.774, 19.9, 14.847, 10.477, 6.923, 3.655, 0.0, 3.877, 6.746, 8.493, 9.412, 10.303, 12.204, 15.013, 16.724, 17.485, 19.655, 23.453, 27.235, 29.963, 32.138, 33.88, 34.622, 34.852, 35.385, 35.787, 35.923, 36.46, 37.308, 37.664, 37.698, 37.992, 38.846, 39.266, 39.204, 39.228, 39.527, 39.831, 39.955, 39.703, 39.315, 39.576, 40.016, 39.726, 39.387, 39.819, 40.602, 40.914, 40.906, 41.143, 40.914, 40.036, 39.879, 40.383, 41.043, 41.259, 40.679, 39.512, 38.645, 38.335, 38.236, 37.896, 37.966, 38.256, 38.323, 38.507, 38.728, 38.423, 37.931, 37.837, 38.339, 39.29, 39.877, 39.659, 39.266, 39.1, 39.176, 39.431, 39.791, 40.403, 41.079, 41.175, 40.531, 39.92, 39.999, 40.636, 41.297, 41.275, 40.807, 40.617, 40.38, 40.428, 40.67, 40.593, 40.467, 40.676, 41.251, 41.563, 41.466, 41.114, 40.647, 40.449, 40.401, 40.178, 39.998, 40.097, 40.033, 39.844, 39.688, 39.403, 39.107, 38.946, 38.804, 38.596, 38.53, 38.834, 39.17, 39.012, 38.75, 38.964, 39.247, 39.243, 39.16, 39.252, 39.371, 39.317, 39.263, 39.29, 39.22, 39.0, 38.871, 38.803, 39.008, 39.571, 39.895, 40.063, 39.767, 36.021], [36.061, 35.111, 33.504, 32.435, 31.986, 31.065, 30.052, 28.731, 25.852, 21.219, 16.207, 11.832, 8.865, 6.715, 3.877, 0.0, 3.681, 6.25, 7.515, 8.618, 10.932, 14.138, 15.988, 16.756, 19.052, 23.047, 26.925, 29.674, 31.859, 33.607, 34.362, 34.644, 35.24, 35.666, 35.834, 36.461, 37.407, 37.799, 37.842, 38.144, 39.011, 39.457, 39.403, 39.379, 39.627, 39.921, 40.052, 39.811, 39.437, 39.707, 40.145, 39.858, 39.521, 39.934, 40.69, 40.987, 40.976, 41.213, 40.99, 40.122, 39.96, 40.457, 41.117, 41.343, 40.775, 39.621, 38.755, 38.433, 38.327, 37.998, 38.08, 38.37, 38.432, 38.608, 38.818, 38.518, 38.046, 37.966, 38.463, 39.405, 39.993, 39.774, 39.373, 39.211, 39.313, 39.596, 39.965, 40.569, 41.236, 41.322, 40.666, 40.045, 40.117, 40.755, 41.435, 41.45, 41.015, 40.833, 40.593, 40.632, 40.856, 40.768, 40.634, 40.837, 41.406, 41.7, 41.597, 41.253, 40.788, 40.582, 40.532, 40.315, 40.139, 40.234, 40.168, 39.982, 39.831, 39.547, 39.251, 39.096, 38.961, 38.766, 38.717, 39.026, 39.358, 39.205, 38.952, 39.156, 39.432, 39.43, 39.354, 39.446, 39.556, 39.491, 39.426, 39.44, 39.364, 39.15, 39.026, 38.951, 39.145, 39.695, 40.006, 40.166, 39.864, 36.381], [36.33, 35.423, 33.879, 32.835, 32.376, 31.476, 30.52, 29.248, 26.424, 21.927, 17.143, 12.98, 10.281, 8.708, 6.746, 3.681, 0.0, 3.248, 5.341, 7.131, 9.927, 13.441, 15.387, 16.157, 18.596, 22.815, 26.794, 29.519, 31.674, 33.447, 34.239, 34.53, 35.131, 35.593, 35.812, 36.462, 37.434, 37.847, 37.895, 38.202, 39.095, 39.568, 39.529, 39.469, 39.665, 39.943, 40.078, 39.847, 39.486, 39.764, 40.196, 39.898, 39.559, 39.967, 40.711, 41.002, 40.995, 41.23, 41.002, 40.139, 39.982, 40.475, 41.131, 41.357, 40.79, 39.64, 38.785, 38.47, 38.377, 38.074, 38.175, 38.468, 38.528, 38.696, 38.895, 38.604, 38.155, 38.092, 38.584, 39.505, 40.076, 39.851, 39.451, 39.302, 39.419, 39.717, 40.1, 40.707, 41.368, 41.448, 40.797, 40.181, 40.25, 40.883, 41.564, 41.592, 41.184, 41.018, 40.768, 40.788, 41.002, 40.918, 40.792, 41.002, 41.576, 41.865, 41.76, 41.42, 40.956, 40.739, 40.681, 40.467, 40.288, 40.365, 40.289, 40.111, 39.97, 39.684, 39.377, 39.209, 39.058, 38.857, 38.817, 39.131, 39.456, 39.297, 39.036, 39.225, 39.498, 39.499, 39.428, 39.519, 39.619, 39.551, 39.486, 39.498, 39.42, 39.211, 39.094, 39.025, 39.221, 39.782, 40.088, 40.232, 39.926, 36.652], [36.479, 35.612, 34.141, 33.106, 32.583, 31.637, 30.704, 29.472, 26.658, 22.193, 17.577, 13.709, 11.305, 9.982, 8.493, 6.25, 3.248, 0.0, 2.948, 5.79, 9.162, 12.849, 14.81, 15.536, 18.059, 22.479, 26.595, 29.321, 31.422, 33.216, 34.079, 34.401, 34.992, 35.47, 35.734, 36.406, 37.375, 37.783, 37.841, 38.167, 39.078, 39.562, 39.547, 39.487, 39.626, 39.866, 40.001, 39.779, 39.428, 39.711, 40.131, 39.817, 39.479, 39.891, 40.634, 40.933, 40.938, 41.163, 40.919, 40.062, 39.916, 40.405, 41.049, 41.272, 40.706, 39.564, 38.729, 38.43, 38.351, 38.084, 38.214, 38.509, 38.566, 38.728, 38.92, 38.638, 38.209, 38.161, 38.643, 39.532, 40.076, 39.849, 39.46, 39.323, 39.447, 39.75, 40.134, 40.738, 41.396, 41.48, 40.846, 40.244, 40.307, 40.931, 41.607, 41.637, 41.245, 41.093, 40.845, 40.865, 41.085, 41.018, 40.914, 41.147, 41.733, 42.027, 41.925, 41.588, 41.125, 40.898, 40.835, 40.626, 40.445, 40.496, 40.402, 40.226, 40.091, 39.805, 39.493, 39.31, 39.13, 38.903, 38.859, 39.175, 39.491, 39.322, 39.053, 39.233, 39.502, 39.508, 39.442, 39.533, 39.632, 39.564, 39.495, 39.506, 39.43, 39.222, 39.108, 39.045, 39.253, 39.831, 40.145, 40.289, 39.992, 36.814], [36.352, 35.494, 34.102, 33.15, 32.622, 31.619, 30.665, 29.465, 26.702, 22.297, 17.789, 14.112, 11.942, 10.781, 9.412, 7.515, 5.341, 2.948, 0.0, 3.606, 7.857, 12.026, 14.086, 14.682, 17.128, 21.687, 26.007, 28.817, 30.882, 32.668, 33.586, 33.969, 34.586, 35.06, 35.313, 35.999, 36.988, 37.401, 37.463, 37.828, 38.779, 39.27, 39.265, 39.229, 39.362, 39.585, 39.723, 39.501, 39.149, 39.457, 39.903, 39.59, 39.254, 39.677, 40.43, 40.74, 40.748, 40.964, 40.708, 39.838, 39.686, 40.178, 40.826, 41.046, 40.464, 39.292, 38.434, 38.133, 38.049, 37.775, 37.921, 38.232, 38.29, 38.45, 38.65, 38.374, 37.939, 37.884, 38.361, 39.245, 39.786, 39.559, 39.17, 39.03, 39.154, 39.471, 39.884, 40.52, 41.199, 41.296, 40.673, 40.074, 40.141, 40.781, 41.479, 41.51, 41.086, 40.901, 40.643, 40.668, 40.896, 40.834, 40.735, 40.982, 41.574, 41.857, 41.741, 41.392, 40.92, 40.691, 40.631, 40.424, 40.244, 40.292, 40.186, 40.001, 39.862, 39.574, 39.27, 39.097, 38.919, 38.685, 38.639, 38.962, 39.285, 39.119, 38.844, 39.013, 39.281, 39.293, 39.232, 39.322, 39.419, 39.351, 39.282, 39.294, 39.214, 38.994, 38.869, 38.803, 39.018, 39.599, 39.931, 40.094, 39.791, 36.688], [36.213, 35.348, 34.038, 33.223, 32.771, 31.765, 30.781, 29.6, 26.891, 22.545, 18.173, 14.737, 12.748, 11.632, 10.303, 8.618, 7.131, 5.79, 3.606, 0.0, 4.996, 9.983, 12.49, 13.114, 15.527, 20.267, 24.879, 27.861, 29.975, 31.798, 32.763, 33.202, 33.877, 34.375, 34.618, 35.343, 36.393, 36.827, 36.88, 37.285, 38.292, 38.799, 38.782, 38.768, 38.945, 39.194, 39.344, 39.113, 38.742, 39.072, 39.566, 39.269, 38.924, 39.355, 40.128, 40.446, 40.445, 40.663, 40.408, 39.504, 39.326, 39.827, 40.499, 40.727, 40.124, 38.895, 37.98, 37.663, 37.572, 37.271, 37.426, 37.768, 37.836, 38.005, 38.223, 37.936, 37.455, 37.368, 37.877, 38.82, 39.387, 39.147, 38.737, 38.574, 38.688, 39.026, 39.479, 40.156, 40.864, 40.966, 40.325, 39.71, 39.796, 40.472, 41.2, 41.224, 40.743, 40.515, 40.234, 40.244, 40.469, 40.397, 40.283, 40.527, 41.131, 41.404, 41.266, 40.898, 40.418, 40.196, 40.144, 39.935, 39.755, 39.808, 39.696, 39.498, 39.344, 39.042, 38.745, 38.597, 38.45, 38.228, 38.18, 38.513, 38.861, 38.714, 38.444, 38.61, 38.881, 38.899, 38.837, 38.921, 39.019, 38.96, 38.901, 38.912, 38.818, 38.578, 38.441, 38.375, 38.59, 39.167, 39.515, 39.694, 39.369, 36.518], [36.72, 35.879, 34.671, 34.011, 33.686, 32.75, 31.75, 30.575, 27.909, 23.607, 19.416, 16.377, 14.623, 13.446, 12.204, 10.932, 9.927, 9.162, 7.857, 4.996, 0.0, 5.697, 9.162, 10.551, 13.44, 18.446, 23.43, 26.694, 28.968, 30.942, 32.021, 32.547, 33.297, 33.869, 34.214, 35.074, 36.205, 36.641, 36.663, 37.069, 38.083, 38.59, 38.552, 38.544, 38.751, 39.024, 39.186, 38.959, 38.579, 38.89, 39.385, 39.106, 38.761, 39.185, 39.968, 40.292, 40.284, 40.513, 40.267, 39.348, 39.156, 39.654, 40.341, 40.589, 40.004, 38.77, 37.83, 37.504, 37.43, 37.142, 37.301, 37.651, 37.728, 37.908, 38.126, 37.812, 37.279, 37.17, 37.744, 38.769, 39.358, 39.098, 38.675, 38.496, 38.593, 38.921, 39.368, 40.037, 40.732, 40.812, 40.137, 39.511, 39.622, 40.324, 41.061, 41.076, 40.565, 40.324, 40.035, 40.03, 40.251, 40.179, 40.062, 40.313, 40.939, 41.221, 41.077, 40.704, 40.226, 40.011, 39.962, 39.753, 39.555, 39.592, 39.479, 39.279, 39.106, 38.787, 38.496, 38.367, 38.247, 38.043, 37.995, 38.325, 38.692, 38.574, 38.322, 38.479, 38.744, 38.769, 38.701, 38.777, 38.883, 38.849, 38.807, 38.812, 38.704, 38.455, 38.318, 38.25, 38.443, 39.001, 39.361, 39.537, 39.195, 36.879], [37.697, 36.953, 35.859, 35.343, 35.161, 34.34, 33.356, 32.204, 29.628, 25.462, 21.513, 18.854, 17.296, 16.107, 15.013, 14.138, 13.441, 12.849, 12.026, 9.983, 5.697, 0.0, 4.628, 7.983, 11.982, 16.907, 22.038, 25.645, 28.141, 30.299, 31.541, 32.201, 33.031, 33.678, 34.184, 35.226, 36.416, 36.833, 36.816, 37.18, 38.161, 38.649, 38.584, 38.581, 38.796, 39.083, 39.249, 39.047, 38.702, 38.99, 39.455, 39.197, 38.878, 39.29, 40.061, 40.381, 40.357, 40.572, 40.329, 39.437, 39.271, 39.762, 40.438, 40.695, 40.147, 38.952, 38.024, 37.701, 37.652, 37.394, 37.527, 37.849, 37.928, 38.104, 38.31, 37.995, 37.452, 37.328, 37.949, 39.02, 39.606, 39.342, 38.933, 38.761, 38.843, 39.142, 39.553, 40.182, 40.839, 40.886, 40.189, 39.575, 39.716, 40.435, 41.169, 41.17, 40.631, 40.369, 40.081, 40.083, 40.31, 40.245, 40.142, 40.418, 41.071, 41.368, 41.234, 40.867, 40.393, 40.179, 40.131, 39.921, 39.694, 39.698, 39.593, 39.402, 39.213, 38.881, 38.594, 38.462, 38.343, 38.151, 38.106, 38.425, 38.794, 38.693, 38.451, 38.597, 38.857, 38.891, 38.831, 38.912, 39.027, 39.013, 38.975, 38.973, 38.862, 38.619, 38.488, 38.412, 38.561, 39.088, 39.467, 39.647, 39.309, 37.584], [38.097, 37.484, 36.468, 36.041, 35.962, 35.229, 34.277, 33.159, 30.672, 26.644, 22.875, 20.391, 18.88, 17.711, 16.724, 15.988, 15.387, 14.81, 14.086, 12.49, 9.162, 4.628, 0.0, 5.161, 10.403, 15.386, 20.498, 24.342, 27.036, 29.337, 30.702, 31.482, 32.399, 33.105, 33.722, 34.91, 36.185, 36.623, 36.595, 36.965, 37.978, 38.467, 38.381, 38.363, 38.559, 38.841, 39.005, 38.828, 38.54, 38.889, 39.391, 39.149, 38.85, 39.284, 40.057, 40.359, 40.292, 40.462, 40.196, 39.319, 39.179, 39.675, 40.347, 40.596, 40.036, 38.833, 37.895, 37.574, 37.54, 37.283, 37.402, 37.723, 37.806, 37.983, 38.2, 37.899, 37.339, 37.195, 37.846, 38.954, 39.548, 39.283, 38.884, 38.722, 38.807, 39.11, 39.512, 40.12, 40.755, 40.788, 40.084, 39.476, 39.622, 40.347, 41.077, 41.065, 40.507, 40.241, 39.959, 39.962, 40.186, 40.111, 40.004, 40.287, 40.972, 41.304, 41.189, 40.821, 40.339, 40.112, 40.061, 39.86, 39.632, 39.626, 39.517, 39.321, 39.115, 38.776, 38.487, 38.347, 38.21, 38.0, 37.946, 38.26, 38.628, 38.514, 38.256, 38.406, 38.673, 38.709, 38.654, 38.74, 38.857, 38.844, 38.798, 38.788, 38.676, 38.439, 38.322, 38.252, 38.39, 38.92, 39.321, 39.511, 39.174, 37.76], [37.812, 37.277, 36.362, 36.032, 35.998, 35.283, 34.342, 33.255, 30.838, 26.899, 23.259, 20.901, 19.486, 18.407, 17.485, 16.756, 16.157, 15.536, 14.682, 13.114, 10.551, 7.983, 5.161, 0.0, 6.339, 12.744, 18.642, 22.709, 25.489, 27.886, 29.314, 30.161, 31.18, 31.954, 32.598, 33.862, 35.275, 35.803, 35.803, 36.257, 37.373, 37.901, 37.813, 37.742, 37.867, 38.103, 38.254, 38.081, 37.843, 38.352, 39.004, 38.778, 38.468, 38.946, 39.743, 40.022, 39.925, 40.068, 39.77, 38.842, 38.666, 39.165, 39.858, 40.101, 39.482, 38.188, 37.187, 36.859, 36.835, 36.598, 36.81, 37.201, 37.299, 37.498, 37.76, 37.458, 36.84, 36.671, 37.344, 38.49, 39.11, 38.841, 38.433, 38.273, 38.38, 38.732, 39.174, 39.794, 40.433, 40.466, 39.756, 39.138, 39.267, 39.982, 40.726, 40.721, 40.162, 39.921, 39.646, 39.639, 39.851, 39.747, 39.603, 39.867, 40.594, 40.976, 40.878, 40.495, 39.982, 39.74, 39.691, 39.503, 39.297, 39.3, 39.17, 38.953, 38.748, 38.415, 38.13, 37.989, 37.855, 37.64, 37.566, 37.873, 38.245, 38.112, 37.829, 37.974, 38.243, 38.27, 38.204, 38.273, 38.369, 38.348, 38.3, 38.287, 38.168, 37.922, 37.824, 37.795, 37.971, 38.527, 38.931, 39.12, 38.764, 37.423], [37.509, 36.998, 36.256, 36.178, 36.288, 35.63, 34.699, 33.681, 31.431, 27.724, 24.392, 22.373, 21.264, 20.412, 19.655, 19.052, 18.596, 18.059, 17.128, 15.527, 13.44, 11.982, 10.403, 6.339, 0.0, 8.018, 15.606, 20.485, 23.373, 25.748, 27.234, 28.211, 29.394, 30.241, 30.871, 32.236, 33.841, 34.477, 34.509, 35.066, 36.304, 36.897, 36.814, 36.693, 36.79, 37.018, 37.167, 36.982, 36.771, 37.447, 38.302, 38.158, 37.864, 38.377, 39.199, 39.47, 39.351, 39.485, 39.169, 38.187, 37.978, 38.49, 39.212, 39.454, 38.764, 37.339, 36.232, 35.868, 35.841, 35.647, 35.987, 36.447, 36.547, 36.765, 37.09, 36.806, 36.125, 35.902, 36.585, 37.783, 38.447, 38.179, 37.759, 37.585, 37.688, 38.08, 38.594, 39.276, 39.951, 39.992, 39.269, 38.652, 38.809, 39.566, 40.35, 40.326, 39.697, 39.419, 39.129, 39.108, 39.305, 39.159, 38.964, 39.21, 39.982, 40.388, 40.27, 39.845, 39.297, 39.062, 39.039, 38.868, 38.67, 38.682, 38.534, 38.3, 38.097, 37.766, 37.483, 37.361, 37.273, 37.08, 36.987, 37.289, 37.684, 37.545, 37.24, 37.384, 37.668, 37.697, 37.628, 37.68, 37.752, 37.716, 37.665, 37.647, 37.511, 37.244, 37.164, 37.183, 37.374, 37.93, 38.352, 38.564, 38.19, 37.052], [37.918, 37.546, 36.961, 37.21, 37.654, 37.205, 36.336, 35.411, 33.414, 30.105, 27.221, 25.599, 24.736, 24.043, 23.453, 23.047, 22.815, 22.479, 21.687, 20.267, 18.446, 16.907, 15.386, 12.744, 8.018, 0.0, 9.363, 16.246, 19.962, 22.387, 23.996, 25.336, 26.854, 27.839, 28.605, 30.344, 32.278, 33.033, 33.122, 33.732, 35.049, 35.7, 35.599, 35.455, 35.661, 36.025, 36.218, 36.025, 35.81, 36.531, 37.484, 37.445, 37.212, 37.727, 38.557, 38.823, 38.643, 38.724, 38.391, 37.426, 37.273, 37.829, 38.571, 38.801, 38.069, 36.594, 35.425, 35.009, 34.955, 34.783, 35.168, 35.646, 35.727, 35.943, 36.323, 36.098, 35.404, 35.092, 35.809, 37.138, 37.871, 37.596, 37.155, 36.947, 37.0, 37.385, 37.974, 38.749, 39.471, 39.516, 38.772, 38.173, 38.424, 39.299, 40.128, 40.056, 39.317, 38.957, 38.628, 38.585, 38.767, 38.58, 38.34, 38.581, 39.39, 39.792, 39.638, 39.165, 38.591, 38.374, 38.385, 38.223, 37.995, 37.988, 37.838, 37.603, 37.384, 37.02, 36.703, 36.57, 36.509, 36.329, 36.212, 36.519, 36.956, 36.82, 36.505, 36.694, 37.03, 37.067, 36.993, 37.034, 37.096, 37.058, 37.002, 36.967, 36.803, 36.524, 36.454, 36.471, 36.606, 37.136, 37.616, 37.872, 37.501, 37.091], [38.577, 38.489, 38.045, 38.433, 39.102, 38.859, 38.124, 37.348, 35.648, 32.772, 30.309, 29.026, 28.343, 27.739, 27.235, 26.925, 26.794, 26.595, 26.007, 24.879, 23.43, 22.038, 20.498, 18.642, 15.606, 9.363, 0.0, 9.013, 14.805, 18.133, 20.002, 21.832, 23.865, 25.122, 26.273, 28.697, 31.126, 32.086, 32.351, 32.98, 34.291, 34.983, 34.877, 34.674, 34.983, 35.543, 35.81, 35.62, 35.401, 36.057, 36.948, 36.941, 36.731, 37.186, 37.978, 38.209, 37.926, 37.898, 37.509, 36.593, 36.531, 37.125, 37.874, 38.089, 37.362, 35.951, 34.844, 34.413, 34.336, 34.193, 34.617, 35.132, 35.204, 35.413, 35.806, 35.645, 35.03, 34.684, 35.411, 36.823, 37.605, 37.326, 36.869, 36.636, 36.653, 37.023, 37.65, 38.476, 39.226, 39.287, 38.538, 37.945, 38.271, 39.239, 40.076, 39.97, 39.222, 38.877, 38.534, 38.453, 38.629, 38.439, 38.199, 38.468, 39.308, 39.693, 39.515, 39.026, 38.44, 38.22, 38.228, 38.043, 37.762, 37.726, 37.583, 37.357, 37.113, 36.692, 36.292, 36.071, 35.935, 35.716, 35.585, 35.899, 36.357, 36.21, 35.903, 36.177, 36.582, 36.612, 36.515, 36.554, 36.632, 36.604, 36.553, 36.511, 36.332, 36.062, 36.013, 36.018, 36.119, 36.638, 37.131, 37.395, 37.063, 37.383], [39.009, 39.12, 38.872, 39.315, 40.002, 39.845, 39.257, 38.678, 37.253, 34.699, 32.533, 31.499, 30.956, 30.42, 29.963, 29.674, 29.519, 29.321, 28.817, 27.861, 26.694, 25.645, 24.342, 22.709, 20.485, 16.246, 9.013, 0.0, 8.026, 13.558, 16.265, 18.532, 21.036, 22.648, 24.366, 27.632, 30.648, 31.861, 32.304, 32.996, 34.275, 34.976, 34.905, 34.614, 34.854, 35.484, 35.798, 35.618, 35.431, 36.072, 36.89, 36.877, 36.695, 37.128, 37.871, 38.032, 37.661, 37.541, 37.088, 36.173, 36.108, 36.658, 37.37, 37.56, 36.838, 35.495, 34.486, 34.074, 34.007, 33.944, 34.464, 35.053, 35.162, 35.369, 35.738, 35.614, 35.107, 34.811, 35.518, 36.916, 37.716, 37.463, 37.018, 36.796, 36.83, 37.208, 37.816, 38.612, 39.354, 39.425, 38.67, 38.053, 38.362, 39.332, 40.155, 40.04, 39.333, 39.061, 38.768, 38.697, 38.882, 38.721, 38.515, 38.8, 39.634, 40.004, 39.827, 39.35, 38.77, 38.536, 38.535, 38.34, 38.037, 37.979, 37.824, 37.594, 37.34, 36.901, 36.482, 36.237, 36.044, 35.785, 35.661, 35.96, 36.386, 36.227, 35.94, 36.237, 36.635, 36.644, 36.532, 36.582, 36.688, 36.674, 36.619, 36.581, 36.409, 36.15, 36.116, 36.138, 36.272, 36.798, 37.23, 37.451, 37.139, 37.719], [39.542, 39.731, 39.67, 40.214, 40.878, 40.743, 40.248, 39.827, 38.655, 36.409, 34.479, 33.557, 33.063, 32.565, 32.138, 31.859, 31.674, 31.422, 30.882, 29.975, 28.968, 28.141, 27.036, 25.489, 23.373, 19.962, 14.805, 8.026, 0.0, 7.568, 12.256, 15.753, 18.735, 20.524, 22.818, 27.057, 30.684, 32.068, 32.631, 33.412, 34.648, 35.306, 35.3, 35.016, 35.126, 35.704, 36.041, 35.894, 35.77, 36.468, 37.281, 37.27, 37.132, 37.584, 38.287, 38.401, 38.005, 37.863, 37.433, 36.559, 36.477, 36.965, 37.621, 37.788, 37.069, 35.756, 34.797, 34.382, 34.3, 34.306, 34.861, 35.433, 35.566, 35.764, 36.097, 35.991, 35.558, 35.306, 35.975, 37.328, 38.129, 37.909, 37.492, 37.286, 37.316, 37.676, 38.254, 39.028, 39.761, 39.831, 39.091, 38.485, 38.766, 39.677, 40.465, 40.361, 39.679, 39.439, 39.211, 39.206, 39.418, 39.284, 39.118, 39.418, 40.231, 40.584, 40.413, 39.948, 39.382, 39.154, 39.164, 38.991, 38.701, 38.634, 38.456, 38.216, 37.963, 37.547, 37.171, 36.984, 36.829, 36.579, 36.462, 36.742, 37.128, 36.977, 36.719, 36.99, 37.344, 37.351, 37.268, 37.343, 37.47, 37.465, 37.396, 37.343, 37.163, 36.897, 36.861, 36.896, 37.02, 37.488, 37.863, 38.051, 37.735, 38.326], [40.017, 40.182, 40.147, 40.739, 41.423, 41.311, 40.859, 40.513, 39.547, 37.648, 35.969, 35.127, 34.695, 34.275, 33.88, 33.607, 33.447, 33.216, 32.668, 31.798, 30.942, 30.299, 29.337, 27.886, 25.748, 22.387, 18.133, 13.558, 7.568, 0.0, 6.95, 12.95, 16.998, 18.767, 21.149, 26.116, 30.333, 31.893, 32.601, 33.488, 34.701, 35.316, 35.35, 35.116, 35.203, 35.774, 36.135, 36.013, 35.923, 36.671, 37.517, 37.523, 37.407, 37.869, 38.562, 38.69, 38.329, 38.221, 37.862, 37.065, 37.008, 37.491, 38.134, 38.286, 37.54, 36.206, 35.251, 34.827, 34.729, 34.743, 35.273, 35.798, 35.935, 36.137, 36.464, 36.381, 35.961, 35.672, 36.294, 37.616, 38.399, 38.17, 37.756, 37.543, 37.531, 37.856, 38.457, 39.281, 40.036, 40.124, 39.435, 38.898, 39.224, 40.128, 40.905, 40.805, 40.105, 39.812, 39.568, 39.567, 39.778, 39.645, 39.489, 39.787, 40.577, 40.924, 40.756, 40.284, 39.71, 39.479, 39.487, 39.323, 39.046, 38.988, 38.812, 38.571, 38.326, 37.949, 37.627, 37.493, 37.386, 37.153, 37.039, 37.312, 37.692, 37.56, 37.304, 37.538, 37.882, 37.913, 37.854, 37.936, 38.069, 38.055, 37.961, 37.873, 37.671, 37.401, 37.367, 37.415, 37.511, 37.907, 38.262, 38.461, 38.159, 38.898], [39.78, 39.923, 39.826, 40.425, 41.162, 41.08, 40.633, 40.291, 39.42, 37.795, 36.359, 35.624, 35.292, 34.971, 34.622, 34.362, 34.239, 34.079, 33.586, 32.763, 32.021, 31.541, 30.702, 29.314, 27.234, 23.996, 20.002, 16.265, 12.256, 6.95, 0.0, 7.897, 13.67, 15.991, 18.222, 23.637, 28.531, 30.42, 31.27, 32.345, 33.752, 34.436, 34.441, 34.23, 34.477, 35.172, 35.545, 35.396, 35.279, 36.078, 37.014, 37.047, 36.946, 37.477, 38.241, 38.398, 38.087, 38.092, 37.788, 36.904, 36.788, 37.304, 37.993, 38.136, 37.325, 35.899, 34.856, 34.421, 34.322, 34.223, 34.658, 35.202, 35.361, 35.597, 35.97, 35.875, 35.369, 34.997, 35.648, 37.059, 37.879, 37.621, 37.185, 36.957, 36.909, 37.224, 37.89, 38.794, 39.595, 39.709, 39.028, 38.507, 38.894, 39.887, 40.719, 40.617, 39.893, 39.543, 39.203, 39.129, 39.323, 39.166, 38.965, 39.24, 40.044, 40.393, 40.21, 39.717, 39.128, 38.907, 38.913, 38.718, 38.42, 38.383, 38.223, 37.975, 37.729, 37.346, 36.99, 36.84, 36.766, 36.55, 36.419, 36.693, 37.095, 36.964, 36.683, 36.911, 37.277, 37.321, 37.257, 37.327, 37.465, 37.455, 37.358, 37.256, 37.037, 36.762, 36.719, 36.759, 36.852, 37.24, 37.576, 37.771, 37.45, 38.595], [39.116, 39.275, 39.138, 39.772, 40.589, 40.565, 40.153, 39.81, 38.927, 37.439, 36.246, 35.638, 35.35, 35.106, 34.852, 34.644, 34.53, 34.401, 33.969, 33.202, 32.547, 32.201, 31.482, 30.161, 28.211, 25.336, 21.832, 18.532, 15.753, 12.95, 7.897, 0.0, 7.308, 11.177, 14.044, 19.894, 25.398, 27.739, 28.83, 30.319, 32.149, 32.975, 32.941, 32.851, 33.434, 34.29, 34.644, 34.424, 34.276, 35.201, 36.292, 36.331, 36.26, 36.961, 37.873, 38.064, 37.818, 37.987, 37.73, 36.671, 36.443, 37.004, 37.766, 37.917, 37.041, 35.465, 34.276, 33.843, 33.727, 33.375, 33.604, 34.161, 34.345, 34.637, 35.092, 34.935, 34.234, 33.72, 34.409, 35.932, 36.814, 36.548, 36.105, 35.891, 35.85, 36.181, 36.909, 37.899, 38.753, 38.875, 38.155, 37.598, 38.039, 39.166, 40.07, 39.903, 39.074, 38.646, 38.21, 38.084, 38.284, 38.086, 37.814, 38.079, 38.954, 39.32, 39.119, 38.6, 37.978, 37.77, 37.795, 37.573, 37.251, 37.246, 37.098, 36.844, 36.588, 36.152, 35.718, 35.537, 35.515, 35.328, 35.159, 35.432, 35.872, 35.722, 35.411, 35.677, 36.063, 36.091, 36.018, 36.095, 36.248, 36.255, 36.175, 36.085, 35.864, 35.567, 35.505, 35.544, 35.678, 36.099, 36.408, 36.576, 36.187, 37.751], [38.862, 39.04, 38.91, 39.575, 40.426, 40.453, 40.116, 39.83, 38.977, 37.558, 36.522, 36.031, 35.77, 35.563, 35.385, 35.24, 35.131, 34.992, 34.586, 33.877, 33.297, 33.031, 32.399, 31.18, 29.394, 26.854, 23.865, 21.036, 18.735, 16.998, 13.67, 7.308, 0.0, 5.733, 11.063, 17.808, 23.318, 25.806, 27.188, 29.083, 31.187, 32.103, 32.095, 32.161, 32.997, 33.952, 34.293, 34.028, 33.883, 34.903, 36.07, 36.107, 36.074, 36.877, 37.846, 38.032, 37.8, 38.052, 37.854, 36.772, 36.531, 37.127, 37.916, 38.071, 37.174, 35.541, 34.309, 33.897, 33.757, 33.248, 33.338, 33.861, 34.033, 34.345, 34.862, 34.705, 33.926, 33.329, 33.994, 35.51, 36.385, 36.122, 35.703, 35.523, 35.509, 35.851, 36.586, 37.598, 38.454, 38.55, 37.8, 37.22, 37.673, 38.859, 39.778, 39.521, 38.559, 38.075, 37.642, 37.548, 37.779, 37.576, 37.289, 37.583, 38.52, 38.907, 38.704, 38.175, 37.522, 37.298, 37.335, 37.12, 36.8, 36.8, 36.654, 36.404, 36.138, 35.664, 35.204, 35.03, 35.039, 34.857, 34.659, 34.93, 35.387, 35.224, 34.903, 35.203, 35.597, 35.605, 35.531, 35.633, 35.81, 35.823, 35.738, 35.653, 35.44, 35.137, 35.072, 35.131, 35.31, 35.736, 36.014, 36.171, 35.743, 37.416], [38.746, 38.912, 38.773, 39.437, 40.278, 40.3, 39.989, 39.768, 39.023, 37.685, 36.685, 36.265, 36.101, 35.948, 35.787, 35.666, 35.593, 35.47, 35.06, 34.375, 33.869, 33.678, 33.105, 31.954, 30.241, 27.839, 25.122, 22.648, 20.524, 18.767, 15.991, 11.177, 5.733, 0.0, 7.747, 16.312, 22.256, 24.692, 26.139, 28.2, 30.405, 31.366, 31.402, 31.498, 32.371, 33.366, 33.725, 33.453, 33.325, 34.406, 35.634, 35.713, 35.733, 36.587, 37.575, 37.756, 37.503, 37.763, 37.594, 36.54, 36.335, 36.952, 37.741, 37.887, 36.982, 35.355, 34.138, 33.723, 33.57, 33.095, 33.228, 33.751, 33.901, 34.201, 34.736, 34.618, 33.889, 33.307, 33.949, 35.455, 36.328, 36.062, 35.642, 35.465, 35.457, 35.804, 36.533, 37.535, 38.366, 38.44, 37.689, 37.122, 37.579, 38.764, 39.679, 39.399, 38.398, 37.902, 37.495, 37.434, 37.676, 37.472, 37.194, 37.509, 38.459, 38.853, 38.65, 38.107, 37.426, 37.18, 37.214, 36.997, 36.682, 36.686, 36.535, 36.279, 36.009, 35.528, 35.078, 34.917, 34.922, 34.73, 34.52, 34.795, 35.264, 35.104, 34.781, 35.088, 35.49, 35.488, 35.406, 35.517, 35.702, 35.697, 35.586, 35.49, 35.275, 34.967, 34.899, 34.978, 35.185, 35.615, 35.889, 36.056, 35.632, 37.326], [38.204, 38.339, 38.176, 38.882, 39.768, 39.751, 39.387, 39.177, 38.544, 37.377, 36.502, 36.134, 36.059, 36.019, 35.923, 35.834, 35.812, 35.734, 35.313, 34.618, 34.214, 34.184, 33.722, 32.598, 30.871, 28.605, 26.273, 24.366, 22.818, 21.149, 18.222, 14.044, 11.063, 7.747, 0.0, 10.443, 18.264, 21.543, 23.198, 25.695, 28.464, 29.649, 29.718, 29.95, 31.039, 32.114, 32.467, 32.173, 32.042, 33.268, 34.714, 34.876, 34.937, 35.933, 37.083, 37.334, 37.086, 37.338, 37.118, 35.953, 35.72, 36.422, 37.305, 37.489, 36.536, 34.769, 33.432, 33.029, 32.915, 32.334, 32.386, 32.963, 33.124, 33.434, 34.037, 33.914, 33.08, 32.413, 33.072, 34.669, 35.625, 35.345, 34.867, 34.662, 34.671, 35.091, 35.938, 37.06, 37.984, 38.114, 37.374, 36.792, 37.268, 38.529, 39.519, 39.225, 38.136, 37.546, 37.032, 36.881, 37.062, 36.783, 36.442, 36.742, 37.711, 38.108, 37.859, 37.24, 36.503, 36.26, 36.292, 36.038, 35.722, 35.804, 35.689, 35.41, 35.133, 34.663, 34.225, 34.101, 3