[[0.0, 6.427, 11.627, 13.435, 14.098, 16.359, 19.173, 21.049, 21.975, 22.608, 23.466, 24.667, 25.881, 28.092, 30.045, 30.704, 30.867, 31.307, 31.858, 32.149, 32.484, 33.334, 34.046, 34.088, 33.895, 34.164, 34.32, 34.605, 35.274, 35.805, 36.093, 36.129, 36.298, 36.492, 36.208, 36.2, 36.655, 37.466, 37.674, 37.115, 36.902, 37.1, 37.783, 38.642, 39.117, 39.007, 38.677, 38.741, 38.977, 39.07, 39.302, 39.513, 39.192, 38.922, 39.278, 40.228, 40.62, 40.181, 39.611, 39.187, 39.02, 38.321, 36.502, 35.159, 35.483, 35.947, 35.918, 36.553, 37.209, 36.237, 35.072, 34.908, 35.547, 36.083, 36.668, 36.996, 36.441, 35.655, 35.535, 35.278, 34.93, 35.049, 35.185, 34.891, 34.86, 34.929, 34.735, 34.525, 34.952, 35.599, 35.624, 35.376, 35.745, 36.685, 37.116, 36.999, 37.095, 37.541, 37.554, 37.235, 37.357, 37.856, 37.85, 37.751, 38.095, 38.561, 39.962, 41.671, 43.214, 44.355, 44.745, 45.938, 49.45, 53.965, 57.482, 59.513, 60.117, 60.046, 59.78, 59.733, 60.398, 60.977, 59.978, 58.307, 57.374, 57.336, 57.623, 57.471, 57.264, 57.257, 56.539, 54.158, 50.457, 46.48, 42.503, 40.174, 40.086, 41.032, 40.826, 38.254, 36.828, 38.14, 39.524, 40.098, 40.139, 8.206], [6.427, 0.0, 6.625, 9.538, 10.848, 13.389, 16.508, 18.762, 20.019, 20.852, 21.777, 23.174, 24.823, 27.37, 29.415, 30.101, 30.299, 30.783, 31.363, 31.667, 32.064, 33.045, 33.861, 33.965, 33.778, 34.058, 34.237, 34.591, 35.353, 35.902, 36.168, 36.195, 36.374, 36.57, 36.28, 36.246, 36.647, 37.405, 37.612, 37.06, 36.819, 36.987, 37.66, 38.516, 38.994, 38.894, 38.563, 38.615, 38.841, 38.925, 39.124, 39.308, 38.972, 38.699, 39.075, 40.054, 40.462, 40.031, 39.464, 39.061, 38.958, 38.343, 36.619, 35.352, 35.692, 36.145, 36.106, 36.727, 37.385, 36.451, 35.331, 35.165, 35.77, 36.292, 36.879, 37.192, 36.603, 35.835, 35.747, 35.521, 35.204, 35.332, 35.437, 35.104, 35.059, 35.131, 34.946, 34.72, 35.115, 35.748, 35.778, 35.543, 35.914, 36.838, 37.259, 37.128, 37.198, 37.614, 37.624, 37.316, 37.438, 37.93, 37.934, 37.866, 38.236, 38.698, 40.06, 41.718, 43.216, 44.326, 44.7, 45.843, 49.282, 53.736, 57.217, 59.206, 59.784, 59.721, 59.451, 59.386, 60.05, 60.636, 59.643, 57.987, 57.074, 57.042, 57.321, 57.165, 56.961, 56.953, 56.23, 53.87, 50.226, 46.321, 42.431, 40.204, 40.153, 41.116, 40.933, 38.381, 36.893, 38.198, 39.575, 40.138, 40.189, 12.557], [11.627, 6.625, 0.0, 4.472, 7.75, 11.066, 14.46, 17.021, 18.596, 19.701, 20.797, 22.358, 24.288, 27.066, 29.176, 29.889, 30.108, 30.609, 31.199, 31.517, 31.974, 33.061, 33.975, 34.177, 34.052, 34.33, 34.503, 34.904, 35.719, 36.263, 36.492, 36.506, 36.695, 36.9, 36.608, 36.521, 36.82, 37.487, 37.672, 37.116, 36.823, 36.907, 37.53, 38.369, 38.848, 38.761, 38.429, 38.457, 38.67, 38.759, 38.96, 39.14, 38.806, 38.546, 38.962, 39.98, 40.421, 40.012, 39.445, 39.06, 39.014, 38.486, 36.868, 35.678, 36.032, 36.467, 36.429, 37.03, 37.666, 36.782, 35.725, 35.549, 36.095, 36.586, 37.157, 37.454, 36.876, 36.151, 36.084, 35.889, 35.605, 35.733, 35.835, 35.512, 35.479, 35.56, 35.387, 35.146, 35.509, 36.13, 36.171, 35.953, 36.327, 37.229, 37.637, 37.507, 37.572, 37.982, 38.015, 37.732, 37.851, 38.332, 38.333, 38.257, 38.616, 39.062, 40.381, 41.987, 43.445, 44.523, 44.87, 45.94, 49.279, 53.671, 57.163, 59.152, 59.702, 59.639, 59.375, 59.308, 59.968, 60.545, 59.547, 57.915, 57.035, 57.016, 57.289, 57.118, 56.907, 56.911, 56.208, 53.888, 50.314, 46.49, 42.688, 40.543, 40.508, 41.451, 41.269, 38.726, 37.192, 38.469, 39.818, 40.351, 40.399, 16.073], [13.435, 9.538, 4.472, 0.0, 4.802, 9.448, 13.376, 16.039, 17.729, 18.991, 20.162, 21.787, 23.854, 26.766, 28.939, 29.666, 29.88, 30.384, 30.987, 31.317, 31.795, 32.936, 33.914, 34.164, 34.082, 34.387, 34.563, 34.944, 35.756, 36.317, 36.562, 36.575, 36.769, 36.989, 36.718, 36.633, 36.908, 37.546, 37.715, 37.149, 36.841, 36.896, 37.5, 38.338, 38.822, 38.747, 38.424, 38.449, 38.661, 38.768, 38.993, 39.185, 38.859, 38.612, 39.035, 40.047, 40.491, 40.092, 39.524, 39.125, 39.067, 38.54, 36.922, 35.727, 36.075, 36.516, 36.503, 37.116, 37.732, 36.825, 35.759, 35.581, 36.119, 36.601, 37.157, 37.442, 36.884, 36.186, 36.111, 35.91, 35.633, 35.765, 35.868, 35.562, 35.55, 35.639, 35.46, 35.214, 35.58, 36.213, 36.266, 36.05, 36.433, 37.351, 37.776, 37.658, 37.729, 38.148, 38.2, 37.93, 38.052, 38.535, 38.527, 38.428, 38.763, 39.2, 40.517, 42.116, 43.57, 44.646, 44.996, 46.058, 49.378, 53.745, 57.254, 59.267, 59.817, 59.755, 59.488, 59.418, 60.074, 60.647, 59.648, 58.022, 57.149, 57.133, 57.408, 57.235, 57.019, 57.022, 56.324, 54.013, 50.446, 46.625, 42.828, 40.684, 40.645, 41.582, 41.404, 38.851, 37.318, 38.578, 39.897, 40.417, 40.467, 17.301], [14.098, 10.848, 7.75, 4.802, 0.0, 5.95, 11.084, 14.245, 16.064, 17.465, 18.708, 20.426, 22.743, 25.905, 28.195, 28.929, 29.128, 29.666, 30.318, 30.675, 31.19, 32.409, 33.464, 33.746, 33.685, 34.037, 34.243, 34.596, 35.383, 35.976, 36.277, 36.306, 36.499, 36.735, 36.495, 36.438, 36.736, 37.4, 37.59, 37.041, 36.769, 36.87, 37.497, 38.344, 38.826, 38.749, 38.436, 38.476, 38.689, 38.794, 39.025, 39.221, 38.893, 38.631, 39.012, 39.982, 40.408, 40.01, 39.44, 39.011, 38.908, 38.332, 36.664, 35.443, 35.813, 36.286, 36.294, 36.929, 37.539, 36.574, 35.466, 35.298, 35.873, 36.373, 36.933, 37.213, 36.641, 35.937, 35.86, 35.651, 35.376, 35.522, 35.634, 35.33, 35.31, 35.395, 35.205, 34.958, 35.342, 36.003, 36.065, 35.835, 36.222, 37.17, 37.615, 37.501, 37.568, 37.989, 38.041, 37.762, 37.88, 38.373, 38.367, 38.255, 38.566, 39.0, 40.348, 41.974, 43.439, 44.532, 44.901, 45.994, 49.363, 53.773, 57.309, 59.333, 59.892, 59.837, 59.565, 59.487, 60.144, 60.727, 59.733, 58.09, 57.196, 57.176, 57.456, 57.286, 57.067, 57.063, 56.357, 54.03, 50.44, 46.589, 42.754, 40.574, 40.524, 41.471, 41.296, 38.699, 37.126, 38.376, 39.695, 40.222, 40.288, 17.713], [16.359, 13.389, 11.066, 9.448, 5.95, 0.0, 6.357, 10.731, 13.098, 14.804, 16.281, 18.265, 21.086, 24.755, 27.263, 28.038, 28.267, 28.897, 29.632, 30.025, 30.603, 31.94, 33.088, 33.427, 33.406, 33.806, 34.054, 34.449, 35.258, 35.869, 36.198, 36.249, 36.444, 36.689, 36.489, 36.455, 36.761, 37.449, 37.675, 37.158, 36.915, 37.05, 37.692, 38.535, 39.003, 38.912, 38.604, 38.646, 38.837, 38.917, 39.137, 39.329, 38.975, 38.645, 38.935, 39.856, 40.266, 39.865, 39.3, 38.867, 38.75, 38.163, 36.507, 35.334, 35.769, 36.273, 36.294, 36.955, 37.572, 36.583, 35.47, 35.305, 35.875, 36.377, 36.947, 37.221, 36.626, 35.914, 35.854, 35.667, 35.412, 35.569, 35.691, 35.377, 35.312, 35.376, 35.191, 34.944, 35.322, 35.978, 36.032, 35.79, 36.167, 37.104, 37.544, 37.426, 37.478, 37.882, 37.937, 37.66, 37.775, 38.274, 38.282, 38.164, 38.448, 38.875, 40.255, 41.904, 43.371, 44.461, 44.836, 45.952, 49.37, 53.812, 57.361, 59.38, 59.929, 59.879, 59.606, 59.518, 60.169, 60.758, 59.764, 58.102, 57.196, 57.174, 57.456, 57.286, 57.059, 57.047, 56.342, 54.016, 50.427, 46.582, 42.742, 40.552, 40.501, 41.452, 41.266, 38.634, 37.02, 38.26, 39.584, 40.115, 40.2, 19.569], [19.173, 16.508, 14.46, 13.376, 11.084, 6.357, 0.0, 5.65, 9.429, 11.944, 13.69, 16.03, 19.548, 23.832, 26.615, 27.484, 27.787, 28.541, 29.37, 29.787, 30.416, 31.87, 33.096, 33.486, 33.508, 33.94, 34.228, 34.67, 35.497, 36.129, 36.471, 36.529, 36.724, 36.983, 36.823, 36.799, 37.106, 37.811, 38.05, 37.543, 37.311, 37.458, 38.079, 38.896, 39.346, 39.252, 38.963, 39.005, 39.159, 39.211, 39.436, 39.637, 39.252, 38.827, 39.013, 39.876, 40.269, 39.871, 39.318, 38.893, 38.77, 38.186, 36.596, 35.539, 36.038, 36.544, 36.567, 37.254, 37.889, 36.914, 35.838, 35.669, 36.192, 36.674, 37.249, 37.516, 36.916, 36.217, 36.166, 35.999, 35.766, 35.925, 36.045, 35.718, 35.627, 35.676, 35.502, 35.264, 35.628, 36.252, 36.278, 36.034, 36.431, 37.37, 37.807, 37.693, 37.725, 38.099, 38.156, 37.894, 38.008, 38.503, 38.521, 38.409, 38.682, 39.105, 40.485, 42.128, 43.575, 44.629, 44.985, 46.104, 49.484, 53.829, 57.315, 59.316, 59.853, 59.804, 59.535, 59.439, 60.073, 60.662, 59.684, 58.031, 57.126, 57.106, 57.388, 57.216, 56.971, 56.941, 56.235, 53.915, 50.332, 46.51, 42.702, 40.555, 40.544, 41.493, 41.294, 38.694, 37.161, 38.407, 39.699, 40.227, 40.319, 21.97], [21.049, 18.762, 17.021, 16.039, 14.245, 10.731, 5.65, 0.0, 5.374, 9.389, 11.534, 13.998, 18.14, 23.029, 26.071, 27.023, 27.393, 28.275, 29.204, 29.635, 30.278, 31.813, 33.128, 33.576, 33.643, 34.116, 34.444, 34.89, 35.699, 36.339, 36.689, 36.75, 36.954, 37.234, 37.104, 37.094, 37.397, 38.101, 38.344, 37.844, 37.62, 37.765, 38.358, 39.145, 39.577, 39.484, 39.22, 39.277, 39.411, 39.444, 39.681, 39.898, 39.511, 39.042, 39.165, 39.98, 40.366, 39.973, 39.42, 38.984, 38.836, 38.237, 36.687, 35.699, 36.204, 36.686, 36.717, 37.433, 38.062, 37.089, 36.031, 35.872, 36.372, 36.819, 37.369, 37.639, 37.068, 36.397, 36.351, 36.199, 35.975, 36.136, 36.272, 35.969, 35.897, 35.957, 35.791, 35.563, 35.927, 36.533, 36.545, 36.314, 36.738, 37.672, 38.105, 38.009, 38.044, 38.399, 38.454, 38.205, 38.319, 38.801, 38.824, 38.725, 38.991, 39.399, 40.737, 42.332, 43.745, 44.769, 45.113, 46.219, 49.527, 53.766, 57.191, 59.184, 59.725, 59.672, 59.412, 59.324, 59.949, 60.53, 59.56, 57.916, 57.006, 56.982, 57.266, 57.09, 56.834, 56.793, 56.082, 53.764, 50.19, 46.396, 42.638, 40.548, 40.573, 41.507, 41.3, 38.77, 37.344, 38.566, 39.808, 40.329, 40.419, 23.459], [21.975, 20.019, 18.596, 17.729, 16.064, 13.098, 9.429, 5.374, 0.0, 5.428, 8.824, 11.63, 16.113, 21.606, 24.964, 26.008, 26.439, 27.444, 28.478, 28.94, 29.594, 31.21, 32.659, 33.178, 33.278, 33.804, 34.182, 34.637, 35.445, 36.089, 36.45, 36.521, 36.739, 37.047, 36.968, 37.013, 37.324, 38.02, 38.292, 37.835, 37.617, 37.729, 38.29, 39.061, 39.482, 39.386, 39.133, 39.208, 39.344, 39.368, 39.606, 39.836, 39.457, 38.978, 39.078, 39.897, 40.299, 39.903, 39.331, 38.875, 38.717, 38.121, 36.58, 35.567, 36.033, 36.498, 36.541, 37.276, 37.895, 36.904, 35.823, 35.67, 36.181, 36.609, 37.134, 37.408, 36.863, 36.213, 36.17, 36.023, 35.795, 35.962, 36.127, 35.851, 35.801, 35.874, 35.713, 35.495, 35.868, 36.48, 36.496, 36.27, 36.698, 37.619, 38.04, 37.959, 38.02, 38.38, 38.428, 38.178, 38.288, 38.763, 38.793, 38.702, 38.949, 39.343, 40.661, 42.225, 43.633, 44.666, 45.017, 46.129, 49.441, 53.681, 57.098, 59.09, 59.636, 59.578, 59.32, 59.248, 59.884, 60.462, 59.481, 57.82, 56.896, 56.868, 57.151, 56.972, 56.717, 56.677, 55.965, 53.642, 50.071, 46.302, 42.589, 40.524, 40.551, 41.472, 41.25, 38.739, 37.33, 38.516, 39.735, 40.255, 40.338, 24.016], [22.608, 20.852, 19.701, 18.991, 17.465, 14.804, 11.944, 9.389, 5.428, 0.0, 4.924, 9.002, 13.916, 19.71, 23.263, 24.381, 24.883, 26.026, 27.188, 27.711, 28.414, 30.172, 31.794, 32.384, 32.502, 33.082, 33.515, 34.011, 34.86, 35.528, 35.909, 35.996, 36.23, 36.576, 36.563, 36.673, 37.02, 37.718, 38.014, 37.599, 37.387, 37.463, 37.988, 38.741, 39.154, 39.048, 38.786, 38.865, 39.01, 39.034, 39.283, 39.527, 39.138, 38.633, 38.721, 39.575, 39.998, 39.589, 38.996, 38.519, 38.357, 37.789, 36.298, 35.323, 35.807, 36.28, 36.331, 37.087, 37.71, 36.69, 35.578, 35.414, 35.931, 36.364, 36.888, 37.155, 36.596, 35.925, 35.87, 35.703, 35.456, 35.628, 35.812, 35.55, 35.516, 35.597, 35.431, 35.211, 35.597, 36.225, 36.241, 36.0, 36.431, 37.37, 37.785, 37.698, 37.777, 38.156, 38.196, 37.937, 38.053, 38.542, 38.576, 38.476, 38.706, 39.107, 40.453, 42.041, 43.478, 44.545, 44.91, 46.046, 49.423, 53.73, 57.194, 59.196, 59.736, 59.668, 59.406, 59.339, 59.988, 60.578, 59.587, 57.904, 56.968, 56.936, 57.217, 57.029, 56.764, 56.721, 56.006, 53.666, 50.064, 46.269, 42.528, 40.418, 40.423, 41.363, 41.13, 38.556, 37.072, 38.247, 39.475, 39.998, 40.08, 24.371], [23.466, 21.777, 20.797, 20.162, 18.708, 16.281, 13.69, 11.534, 8.824, 4.924, 0.0, 5.652, 12.306, 18.612, 22.159, 23.214, 23.745, 25.005, 26.255, 26.799, 27.537, 29.427, 31.182, 31.84, 31.988, 32.626, 33.123, 33.677, 34.576, 35.274, 35.672, 35.772, 36.032, 36.409, 36.408, 36.525, 36.902, 37.632, 37.936, 37.523, 37.321, 37.413, 37.944, 38.697, 39.098, 38.978, 38.717, 38.813, 38.978, 39.012, 39.258, 39.497, 39.102, 38.578, 38.647, 39.503, 39.931, 39.517, 38.915, 38.415, 38.224, 37.653, 36.204, 35.315, 35.844, 36.326, 36.382, 37.149, 37.768, 36.731, 35.607, 35.43, 35.936, 36.373, 36.906, 37.178, 36.607, 35.909, 35.844, 35.672, 35.417, 35.581, 35.763, 35.5, 35.475, 35.57, 35.399, 35.162, 35.545, 36.183, 36.197, 35.955, 36.405, 37.371, 37.792, 37.697, 37.781, 38.173, 38.209, 37.943, 38.074, 38.585, 38.621, 38.517, 38.751, 39.154, 40.494, 42.068, 43.5, 44.582, 44.958, 46.106, 49.496, 53.819, 57.319, 59.338, 59.879, 59.81, 59.545, 59.472, 60.119, 60.713, 59.717, 58.021, 57.077, 57.041, 57.318, 57.121, 56.845, 56.792, 56.067, 53.718, 50.103, 46.293, 42.534, 40.408, 40.404, 41.347, 41.108, 38.505, 36.988, 38.166, 39.393, 39.914, 40.005, 25.099], [24.667, 23.174, 22.358, 21.787, 20.426, 18.265, 16.03, 13.998, 11.63, 9.002, 5.652, 0.0, 8.915, 16.775, 20.858, 21.948, 22.453, 23.815, 25.144, 25.68, 26.42, 28.431, 30.33, 31.096, 31.333, 32.093, 32.7, 33.308, 34.226, 34.936, 35.345, 35.454, 35.739, 36.165, 36.203, 36.315, 36.684, 37.456, 37.83, 37.478, 37.289, 37.395, 37.962, 38.748, 39.153, 39.031, 38.79, 38.925, 39.123, 39.165, 39.381, 39.594, 39.207, 38.688, 38.732, 39.564, 39.992, 39.583, 38.985, 38.477, 38.262, 37.672, 36.241, 35.393, 35.925, 36.399, 36.45, 37.185, 37.762, 36.733, 35.623, 35.454, 35.955, 36.383, 36.907, 37.187, 36.644, 35.975, 35.927, 35.763, 35.512, 35.671, 35.862, 35.615, 35.583, 35.67, 35.501, 35.264, 35.652, 36.291, 36.308, 36.06, 36.491, 37.455, 37.883, 37.789, 37.877, 38.279, 38.324, 38.064, 38.201, 38.703, 38.723, 38.608, 38.844, 39.246, 40.543, 42.048, 43.442, 44.519, 44.897, 46.029, 49.386, 53.691, 57.16, 59.151, 59.701, 59.637, 59.37, 59.296, 59.94, 60.525, 59.51, 57.795, 56.846, 56.815, 57.09, 56.886, 56.616, 56.57, 55.843, 53.508, 49.942, 46.194, 42.49, 40.405, 40.386, 41.29, 41.037, 38.463, 36.972, 38.13, 39.344, 39.866, 39.968, 26.066], [25.881, 24.823, 24.288, 23.854, 22.743, 21.086, 19.548, 18.14, 16.113, 13.916, 12.306, 8.915, 0.0, 10.132, 16.06, 17.79, 18.327, 19.948, 21.64, 22.31, 23.162, 25.559, 27.872, 28.889, 29.314, 30.321, 31.174, 31.942, 32.942, 33.687, 34.107, 34.209, 34.529, 35.112, 35.384, 35.612, 35.976, 36.78, 37.313, 37.157, 37.035, 37.076, 37.602, 38.409, 38.845, 38.732, 38.502, 38.665, 38.903, 38.969, 39.199, 39.415, 39.009, 38.451, 38.444, 39.259, 39.688, 39.265, 38.656, 38.144, 37.929, 37.354, 35.976, 35.22, 35.81, 36.287, 36.345, 37.055, 37.582, 36.544, 35.419, 35.251, 35.766, 36.194, 36.709, 36.986, 36.471, 35.836, 35.804, 35.621, 35.358, 35.543, 35.787, 35.581, 35.544, 35.608, 35.417, 35.154, 35.519, 36.152, 36.178, 35.885, 36.232, 37.172, 37.595, 37.494, 37.606, 38.051, 38.123, 37.877, 38.003, 38.479, 38.462, 38.296, 38.521, 38.959, 40.307, 41.858, 43.29, 44.387, 44.754, 45.858, 49.246, 53.641, 57.077, 58.981, 59.528, 59.474, 59.213, 59.148, 59.802, 60.379, 59.343, 57.607, 56.644, 56.608, 56.884, 56.673, 56.414, 56.398, 55.687, 53.348, 49.8, 46.096, 42.403, 40.283, 40.203, 41.081, 40.792, 38.092, 36.452, 37.574, 38.847, 39.401, 39.519, 26.786], [28.092, 27.37, 27.066, 26.766, 25.905, 24.755, 23.832, 23.029, 21.606, 19.71, 18.612, 16.775, 10.132, 0.0, 7.652, 10.854, 12.004, 14.094, 16.423, 17.539, 18.841, 22.008, 24.972, 26.38, 27.108, 28.389, 29.488, 30.491, 31.683, 32.498, 32.896, 32.985, 33.38, 34.229, 34.939, 35.504, 35.906, 36.608, 37.274, 37.428, 37.45, 37.394, 37.755, 38.463, 38.88, 38.781, 38.554, 38.691, 38.924, 39.003, 39.259, 39.474, 39.028, 38.415, 38.371, 39.171, 39.594, 39.159, 38.526, 38.006, 37.815, 37.338, 36.214, 35.79, 36.51, 36.977, 37.037, 37.719, 38.206, 37.179, 36.043, 35.88, 36.393, 36.811, 37.331, 37.615, 37.108, 36.499, 36.51, 36.333, 36.032, 36.191, 36.455, 36.275, 36.218, 36.253, 36.049, 35.766, 36.073, 36.672, 36.716, 36.391, 36.599, 37.414, 37.768, 37.614, 37.721, 38.17, 38.207, 37.939, 38.055, 38.539, 38.544, 38.389, 38.654, 39.171, 40.59, 42.201, 43.658, 44.751, 45.1, 46.199, 49.626, 54.079, 57.516, 59.335, 59.846, 59.791, 59.537, 59.484, 60.145, 60.731, 59.721, 58.001, 57.017, 56.954, 57.214, 56.992, 56.727, 56.727, 56.05, 53.746, 50.256, 46.626, 42.968, 40.831, 40.724, 41.576, 41.222, 38.361, 36.489, 37.488, 38.694, 39.223, 39.355, 28.653], [30.045, 29.415, 29.176, 28.939, 28.195, 27.263, 26.615, 26.071, 24.964, 23.263, 22.159, 20.858, 16.06, 7.652, 0.0, 4.589, 7.275, 10.193, 12.902, 14.333, 16.101, 19.909, 23.31, 24.97, 25.897, 27.35, 28.592, 29.794, 31.155, 32.013, 32.384, 32.47, 32.927, 33.938, 34.905, 35.716, 36.173, 36.76, 37.458, 37.851, 38.031, 37.939, 38.157, 38.744, 39.107, 39.011, 38.779, 38.869, 39.06, 39.133, 39.401, 39.605, 39.14, 38.525, 38.502, 39.32, 39.756, 39.33, 38.681, 38.144, 37.973, 37.591, 36.682, 36.528, 37.338, 37.796, 37.861, 38.545, 39.022, 38.0, 36.865, 36.729, 37.249, 37.653, 38.161, 38.422, 37.886, 37.285, 37.337, 37.182, 36.858, 36.971, 37.219, 37.059, 37.002, 37.026, 36.833, 36.569, 36.85, 37.418, 37.478, 37.141, 37.24, 37.932, 38.222, 38.023, 38.109, 38.524, 38.516, 38.243, 38.367, 38.859, 38.895, 38.784, 39.101, 39.675, 41.116, 42.719, 44.151, 45.224, 45.56, 46.652, 50.078, 54.529, 58.0, 59.81, 60.296, 60.23, 59.974, 59.923, 60.586, 61.19, 60.223, 58.53, 57.545, 57.471, 57.716, 57.479, 57.192, 57.184, 56.527, 54.267, 50.841, 47.275, 43.666, 41.551, 41.438, 42.26, 41.884, 39.023, 37.089, 37.975, 39.047, 39.504, 39.633, 30.498], [30.704, 30.101, 29.889, 29.666, 28.929, 28.038, 27.484, 27.023, 26.008, 24.381, 23.214, 21.948, 17.79, 10.854, 4.589, 0.0, 4.081, 8.198, 11.279, 12.705, 14.637, 18.85, 22.501, 24.263, 25.254, 26.773, 28.078, 29.404, 30.858, 31.728, 32.095, 32.184, 32.654, 33.698, 34.701, 35.56, 36.038, 36.599, 37.286, 37.741, 38.004, 37.946, 38.153, 38.712, 39.053, 38.957, 38.727, 38.8, 38.967, 39.031, 39.307, 39.512, 39.044, 38.443, 38.454, 39.302, 39.754, 39.335, 38.68, 38.128, 37.958, 37.596, 36.722, 36.631, 37.479, 37.949, 38.023, 38.725, 39.203, 38.159, 36.995, 36.856, 37.387, 37.799, 38.296, 38.532, 37.976, 37.373, 37.434, 37.285, 36.962, 37.074, 37.327, 37.171, 37.115, 37.143, 36.958, 36.704, 36.981, 37.54, 37.603, 37.262, 37.325, 37.98, 38.25, 38.039, 38.113, 38.509, 38.488, 38.228, 38.368, 38.859, 38.894, 38.793, 39.119, 39.705, 41.16, 42.767, 44.199, 45.274, 45.612, 46.705, 50.146, 54.617, 58.114, 59.949, 60.444, 60.379, 60.124, 60.075, 60.743, 61.352, 60.386, 58.695, 57.718, 57.648, 57.889, 57.649, 57.358, 57.341, 56.68, 54.42, 50.995, 47.423, 43.801, 41.683, 41.575, 42.394, 42.015, 39.17, 37.244, 38.107, 39.144, 39.573, 39.707, 31.083], [30.867, 30.299, 30.108, 29.88, 29.128, 28.267, 27.787, 27.393, 26.439, 24.883, 23.745, 22.453, 18.327, 12.004, 7.275, 4.081, 0.0, 5.059, 8.991, 10.718, 12.805, 17.476, 21.486, 23.424, 24.498, 26.078, 27.446, 28.893, 30.454, 31.363, 31.752, 31.85, 32.323, 33.383, 34.392, 35.258, 35.76, 36.36, 37.085, 37.551, 37.83, 37.829, 38.114, 38.714, 39.058, 38.957, 38.733, 38.814, 38.976, 39.019, 39.276, 39.473, 39.004, 38.411, 38.431, 39.283, 39.731, 39.314, 38.67, 38.129, 37.958, 37.583, 36.673, 36.536, 37.378, 37.857, 37.93, 38.627, 39.107, 38.057, 36.87, 36.711, 37.25, 37.674, 38.171, 38.4, 37.843, 37.235, 37.279, 37.123, 36.801, 36.919, 37.18, 37.024, 36.97, 37.006, 36.825, 36.576, 36.866, 37.438, 37.508, 37.168, 37.232, 37.888, 38.156, 37.938, 38.004, 38.394, 38.37, 38.113, 38.264, 38.765, 38.793, 38.678, 38.993, 39.582, 41.059, 42.685, 44.128, 45.212, 45.559, 46.662, 50.118, 54.603, 58.09, 59.927, 60.432, 60.378, 60.122, 60.068, 60.735, 61.336, 60.353, 58.654, 57.677, 57.607, 57.851, 57.616, 57.332, 57.323, 56.659, 54.389, 50.946, 47.351, 43.709, 41.579, 41.473, 42.304, 41.928, 39.064, 37.136, 38.044, 39.122, 39.556, 39.697, 31.184], [31.307, 30.783, 30.609, 30.384, 29.666, 28.897, 28.541, 28.275, 27.444, 26.026, 25.005, 23.815, 19.948, 14.094, 10.193, 8.198, 5.059, 0.0, 4.76, 7.485, 10.302, 15.565, 19.975, 22.177, 23.453, 25.199, 26.676, 28.283, 29.989, 30.955, 31.367, 31.479, 31.966, 33.048, 34.079, 34.986, 35.545, 36.199, 36.991, 37.527, 37.836, 37.868, 38.227, 38.887, 39.258, 39.158, 38.928, 39.019, 39.194, 39.219, 39.426, 39.595, 39.141, 38.584, 38.624, 39.469, 39.912, 39.508, 38.884, 38.368, 38.21, 37.827, 36.877, 36.648, 37.43, 37.905, 37.979, 38.654, 39.139, 38.112, 36.925, 36.751, 37.291, 37.728, 38.222, 38.434, 37.867, 37.261, 37.288, 37.123, 36.802, 36.903, 37.144, 36.989, 36.944, 36.994, 36.826, 36.589, 36.885, 37.464, 37.542, 37.202, 37.247, 37.878, 38.135, 37.908, 37.97, 38.353, 38.317, 38.058, 38.217, 38.726, 38.751, 38.629, 38.943, 39.542, 41.034, 42.668, 44.112, 45.202, 45.561, 46.667, 50.11, 54.577, 58.029, 59.841, 60.345, 60.298, 60.033, 59.965, 60.627, 61.223, 60.23, 58.517, 57.525, 57.451, 57.695, 57.466, 57.196, 57.205, 56.552, 54.29, 50.859, 47.278, 43.665, 41.557, 41.441, 42.267, 41.906, 39.063, 37.159, 38.119, 39.242, 39.679, 39.813, 31.602], [31.858, 31.363, 31.199, 30.987, 30.318, 29.632, 29.37, 29.204, 28.478, 27.188, 26.255, 25.144, 21.64, 16.423, 12.902, 11.279, 8.991, 4.76, 0.0, 3.934, 8.328, 14.387, 18.999, 21.327, 22.791, 24.729, 26.303, 28.026, 29.824, 30.804, 31.207, 31.329, 31.824, 32.895, 33.911, 34.821, 35.404, 36.091, 36.922, 37.523, 37.877, 37.936, 38.338, 39.043, 39.452, 39.366, 39.131, 39.23, 39.43, 39.458, 39.63, 39.774, 39.346, 38.85, 38.935, 39.792, 40.242, 39.852, 39.239, 38.734, 38.583, 38.194, 37.2, 36.872, 37.585, 38.063, 38.146, 38.791, 39.261, 38.264, 37.095, 36.91, 37.44, 37.882, 38.373, 38.562, 37.976, 37.384, 37.408, 37.235, 36.919, 37.008, 37.226, 37.076, 37.052, 37.117, 36.965, 36.742, 37.045, 37.62, 37.697, 37.359, 37.386, 37.975, 38.217, 37.997, 38.055, 38.417, 38.367, 38.114, 38.28, 38.779, 38.792, 38.666, 38.976, 39.565, 41.054, 42.684, 44.113, 45.193, 45.554, 46.652, 50.059, 54.475, 57.887, 59.682, 60.181, 60.134, 59.861, 59.787, 60.451, 61.049, 60.055, 58.336, 57.339, 57.26, 57.504, 57.283, 57.026, 57.048, 56.403, 54.156, 50.751, 47.208, 43.66, 41.618, 41.516, 42.333, 41.993, 39.225, 37.398, 38.38, 39.507, 39.937, 40.06, 32.153], [32.149, 31.667, 31.517, 31.317, 30.675, 30.025, 29.787, 29.635, 28.94, 27.711, 26.799, 25.68, 22.31, 17.539, 14.333, 12.705, 10.718, 7.485, 3.934, 0.0, 5.799, 13.121, 18.194, 20.608, 22.141, 24.248, 25.977, 27.83, 29.692, 30.669, 31.044, 31.156, 31.664, 32.747, 33.761, 34.649, 35.214, 35.914, 36.765, 37.391, 37.772, 37.857, 38.286, 39.013, 39.44, 39.38, 39.173, 39.293, 39.501, 39.538, 39.718, 39.862, 39.442, 38.969, 39.078, 39.947, 40.399, 40.012, 39.397, 38.873, 38.699, 38.299, 37.294, 36.939, 37.643, 38.13, 38.216, 38.842, 39.298, 38.305, 37.137, 36.948, 37.474, 37.91, 38.397, 38.578, 37.992, 37.41, 37.438, 37.259, 36.943, 37.037, 37.263, 37.124, 37.116, 37.193, 37.037, 36.81, 37.123, 37.699, 37.772, 37.445, 37.48, 38.051, 38.29, 38.082, 38.136, 38.478, 38.42, 38.17, 38.337, 38.831, 38.84, 38.711, 39.011, 39.59, 41.084, 42.722, 44.141, 45.207, 45.565, 46.665, 50.061, 54.444, 57.824, 59.614, 60.111, 60.059, 59.783, 59.713, 60.381, 60.979, 59.983, 58.268, 57.277, 57.202, 57.449, 57.232, 56.98, 56.999, 56.349, 54.097, 50.688, 47.152, 43.625, 41.622, 41.556, 42.384, 42.051, 39.318, 37.532, 38.515, 39.631, 40.052, 40.176, 32.431], [32.484, 32.064, 31.974, 31.795, 31.19, 30.603, 30.416, 30.278, 29.594, 28.414, 27.537, 26.42, 23.162, 18.841, 16.101, 14.637, 12.805, 10.302, 8.328, 5.799, 0.0, 8.531, 14.927, 18.018, 19.728, 22.131, 24.358, 26.704, 28.819, 29.873, 30.255, 30.355, 30.906, 32.1, 33.211, 34.164, 34.759, 35.491, 36.383, 37.051, 37.497, 37.626, 38.09, 38.841, 39.273, 39.232, 39.085, 39.264, 39.486, 39.519, 39.709, 39.872, 39.463, 38.98, 39.057, 39.89, 40.324, 39.932, 39.31, 38.75, 38.526, 38.125, 37.142, 36.805, 37.534, 38.038, 38.121, 38.747, 39.208, 38.21, 37.017, 36.824, 37.368, 37.803, 38.292, 38.488, 37.902, 37.302, 37.337, 37.166, 36.834, 36.922, 37.163, 37.029, 37.025, 37.109, 36.933, 36.679, 36.995, 37.585, 37.669, 37.349, 37.391, 37.973, 38.219, 38.014, 38.064, 38.412, 38.37, 38.121, 38.278, 38.783, 38.806, 38.681, 38.982, 39.566, 41.069, 42.706, 44.117, 45.186, 45.55, 46.664, 50.081, 54.466, 57.817, 59.587, 60.082, 60.028, 59.741, 59.657, 60.318, 60.909, 59.896, 58.163, 57.165, 57.093, 57.344, 57.132, 56.887, 56.906, 56.248, 53.985, 50.581, 47.05, 43.502, 41.468, 41.397, 42.233, 41.9, 39.163, 37.383, 38.415, 39.569, 40.002, 40.128, 32.663], [33.334, 33.045, 33.061, 32.936, 32.409, 31.94, 31.87, 31.813, 31.21, 30.172, 29.427, 28.431, 25.559, 22.008, 19.909, 18.85, 17.476, 15.565, 14.387, 13.121, 8.531, 0.0, 8.077, 12.766, 15.213, 18.128, 21.164, 24.432, 27.072, 28.352, 28.834, 28.953, 29.56, 30.918, 32.257, 33.433, 34.156, 34.944, 35.885, 36.642, 37.218, 37.441, 37.981, 38.808, 39.273, 39.229, 39.142, 39.454, 39.777, 39.822, 39.972, 40.136, 39.774, 39.313, 39.337, 40.073, 40.453, 40.058, 39.452, 38.874, 38.6, 38.183, 37.194, 36.816, 37.508, 38.013, 38.071, 38.661, 39.128, 38.149, 36.967, 36.806, 37.389, 37.84, 38.35, 38.589, 38.025, 37.408, 37.454, 37.323, 37.01, 37.089, 37.326, 37.196, 37.183, 37.252, 37.063, 36.793, 37.097, 37.683, 37.775, 37.455, 37.483, 38.046, 38.269, 38.052, 38.107, 38.471, 38.465, 38.237, 38.383, 38.885, 38.914, 38.778, 39.063, 39.623, 41.061, 42.61, 43.993, 45.074, 45.441, 46.551, 49.954, 54.298, 57.547, 59.227, 59.711, 59.671, 59.37, 59.246, 59.88, 60.458, 59.419, 57.645, 56.62, 56.54, 56.797, 56.596, 56.38, 56.431, 55.784, 53.549, 50.222, 46.781, 43.288, 41.277, 41.182, 41.976, 41.634, 38.997, 37.4, 38.55, 39.742, 40.195, 40.316, 33.36], [34.046, 33.861, 33.975, 33.914, 33.464, 33.088, 33.096, 33.128, 32.659, 31.794, 31.182, 30.33, 27.872, 24.972, 23.31, 22.501, 21.486, 19.975, 18.999, 18.194, 14.927, 8.077, 0.0, 6.28, 10.559, 14.643, 18.236, 22.097, 25.165, 26.717, 27.38, 27.578, 28.213, 29.66, 31.227, 32.653, 33.524, 34.367, 35.332, 36.166, 36.861, 37.184, 37.826, 38.76, 39.29, 39.245, 39.175, 39.599, 40.051, 40.147, 40.249, 40.378, 40.065, 39.67, 39.701, 40.361, 40.678, 40.288, 39.728, 39.185, 38.907, 38.449, 37.411, 36.965, 37.603, 38.082, 38.098, 38.622, 39.096, 38.159, 37.013, 36.883, 37.49, 37.96, 38.477, 38.722, 38.169, 37.565, 37.626, 37.536, 37.281, 37.384, 37.612, 37.484, 37.454, 37.486, 37.298, 37.037, 37.324, 37.873, 37.949, 37.64, 37.665, 38.183, 38.346, 38.099, 38.155, 38.525, 38.545, 38.341, 38.482, 38.95, 38.948, 38.779, 39.04, 39.573, 40.91, 42.328, 43.669, 44.741, 45.092, 46.178, 49.52, 53.777, 56.894, 58.441, 58.894, 58.869, 58.565, 58.409, 59.02, 59.595, 58.538, 56.731, 55.694, 55.616, 55.87, 55.673, 55.504, 55.604, 54.983, 52.79, 49.563, 46.237, 42.849, 40.967, 40.92, 41.651, 41.277, 38.824, 37.587, 38.864, 40.029, 40.475, 40.587, 34.029], [34.088, 33.965, 34.177, 34.164, 33.746, 33.427, 33.486, 33.576, 33.178, 32.384, 31.84, 31.096, 28.889, 26.38, 24.97, 24.263, 23.424, 22.177, 21.327, 20.608, 18.018, 12.766, 6.28, 0.0, 6.173, 12.184, 16.441, 20.54, 23.825, 25.565, 26.378, 26.66, 27.338, 28.83, 30.484, 32.04, 33.038, 33.962, 34.929, 35.76, 36.513, 36.933, 37.671, 38.669, 39.233, 39.196, 39.112, 39.538, 40.033, 40.181, 40.301, 40.414, 40.103, 39.739, 39.804, 40.462, 40.751, 40.355, 39.813, 39.291, 39.022, 38.533, 37.419, 36.903, 37.52, 37.995, 37.985, 38.488, 38.983, 38.056, 36.902, 36.768, 37.396, 37.886, 38.402, 38.632, 38.068, 37.451, 37.504, 37.411, 37.165, 37.293, 37.529, 37.391, 37.353, 37.374, 37.182, 36.927, 37.215, 37.758, 37.821, 37.52, 37.576, 38.114, 38.269, 38.011, 38.065, 38.441, 38.472, 38.272, 38.406, 38.852, 38.823, 38.634, 38.895, 39.443, 40.773, 42.16, 43.487, 44.549, 44.885, 45.981, 49.335, 53.596, 56.697, 58.207, 58.648, 58.625, 58.317, 58.151, 58.764, 59.351, 58.285, 56.461, 55.425, 55.353, 55.602, 55.4, 55.255, 55.382, 54.763, 52.557, 49.332, 46.019, 42.636, 40.798, 40.803, 41.538, 41.16, 38.788, 37.731, 39.081, 40.228, 40.659, 40.746, 34.06], [33.895, 33.778, 34.052, 34.082, 33.685, 33.406, 33.508, 33.643, 33.278, 32.502, 31.988, 31.333, 29.314, 27.108, 25.897, 25.254, 24.498, 23.453, 22.791, 22.141, 19.728, 15.213, 10.559, 6.173, 0.0, 7.491, 13.344, 18.593, 22.376, 24.327, 25.257, 25.585, 26.297, 27.835, 29.54, 31.19, 32.326, 33.362, 34.332, 35.137, 35.934, 36.445, 37.261, 38.294, 38.862, 38.824, 38.752, 39.192, 39.687, 39.859, 40.039, 40.198, 39.895, 39.526, 39.586, 40.239, 40.522, 40.119, 39.565, 39.034, 38.761, 38.248, 37.07, 36.511, 37.125, 37.595, 37.583, 38.105, 38.636, 37.737, 36.608, 36.472, 37.105, 37.611, 38.139, 38.371, 37.79, 37.145, 37.189, 37.089, 36.841, 36.981, 37.21, 37.06, 37.04, 37.07, 36.869, 36.6, 36.887, 37.437, 37.493, 37.182, 37.264, 37.87, 38.078, 37.838, 37.892, 38.266, 38.281, 38.077, 38.215, 38.663, 38.635, 38.459, 38.726, 39.253, 40.566, 41.935, 43.241, 44.29, 44.622, 45.746, 49.139, 53.413, 56.513, 58.053, 58.52, 58.508, 58.205, 58.038, 58.657, 59.241, 58.151, 56.305, 55.265, 55.19, 55.437, 55.234, 55.086, 55.205, 54.564, 52.315, 49.039, 45.683, 42.261, 40.419, 40.461, 41.219, 40.872, 38.609, 37.739, 39.182, 40.33, 40.747, 40.818, 33.828], [34.164, 34.058, 34.33, 34.387, 34.037, 33.806, 33.94, 34.116, 33.804, 33.082, 32.626, 32.093, 30.321, 28.389, 27.35, 26.773, 26.078, 25.199, 24.729, 24.248, 22.131, 18.128, 14.643, 12.184, 7.491, 0.0, 7.912, 15.524, 20.384, 22.68, 23.726, 24.075, 24.793, 26.406, 28.281, 30.121, 31.385, 32.504, 33.514, 34.354, 35.209, 35.782, 36.649, 37.724, 38.312, 38.265, 38.227, 38.766, 39.311, 39.492, 39.706, 39.94, 39.69, 39.333, 39.368, 39.98, 40.251, 39.851, 39.292, 38.748, 38.46, 37.928, 36.735, 36.178, 36.788, 37.251, 37.243, 37.787, 38.356, 37.514, 36.452, 36.341, 36.969, 37.471, 37.998, 38.25, 37.692, 37.048, 37.085, 37.008, 36.798, 36.941, 37.138, 36.979, 36.98, 37.03, 36.829, 36.545, 36.808, 37.341, 37.385, 37.067, 37.165, 37.827, 38.081, 37.856, 37.918, 38.285, 38.272, 38.066, 38.226, 38.685, 38.667, 38.51, 38.753, 39.207, 40.423, 41.713, 42.983, 44.013, 44.343, 45.481, 48.855, 53.056, 56.093, 57.664, 58.168, 58.172, 57.884, 57.723, 58.341, 58.907, 57.803, 55.96, 54.931, 54.861, 55.109, 54.904, 54.727, 54.812, 54.154, 51.89, 48.579, 45.182, 41.743, 39.931, 40.003, 40.747, 40.395, 38.277, 37.703, 39.269, 40.409, 40.807, 40.871, 34.008], [34.32, 34.237, 34.503, 34.563, 34.243, 34.054, 34.228, 34.444, 34.182, 33.515, 33.123, 32.7, 31.174, 29.488, 28.592, 28.078, 27.446, 26.676, 26.303, 25.977, 24.358, 21.164, 18.236, 16.441, 13.344, 7.912, 0.0, 9.566, 16.165, 19.226, 20.534, 20.958, 21.755, 23.603, 25.91, 28.168, 29.629, 30.876, 32.036, 33.03, 34.025, 34.718, 35.696, 36.874, 37.524, 37.478, 37.489, 38.21, 38.916, 39.135, 39.334, 39.611, 39.464, 39.208, 39.307, 39.945, 40.21, 39.802, 39.253, 38.716, 38.414, 37.847, 36.588, 35.957, 36.549, 37.014, 37.012, 37.594, 38.201, 37.358, 36.303, 36.221, 36.874, 37.373, 37.852, 38.083, 37.565, 36.936, 36.944, 36.869, 36.706, 36.879, 37.047, 36.822, 36.808, 36.893, 36.719, 36.437, 36.683, 37.186, 37.203, 36.884, 37.001, 37.68, 37.931, 37.707, 37.795, 38.179, 38.147, 37.941, 38.152, 38.639, 38.618, 38.456, 38.651, 39.02, 40.134, 41.35, 42.609, 43.649, 43.99, 45.156, 48.532, 52.691, 55.763, 57.38, 57.87, 57.856, 57.573, 57.425, 58.047, 58.619, 57.513, 55.646, 54.605, 54.539, 54.783, 54.545, 54.317, 54.373, 53.71, 51.433, 48.074, 44.606, 41.143, 39.41, 39.537, 40.252, 39.857, 37.845, 37.54, 39.188, 40.299, 40.675, 40.736, 34.092], [34.605, 34.591, 34.904, 34.944, 34.596, 34.449, 34.67, 34.89, 34.637, 34.011, 33.677, 33.308, 31.942, 30.491, 29.794, 29.404, 28.893, 28.283, 28.026, 27.83, 26.704, 24.432, 22.097, 20.54, 18.593, 15.524, 9.566, 0.0, 8.336, 12.795, 14.935, 15.622, 16.567, 18.895, 22.027, 25.021, 26.904, 28.446, 29.888, 31.194, 32.508, 33.454, 34.616, 35.922, 36.647, 36.616, 36.661, 37.541, 38.443, 38.747, 38.917, 39.21, 39.234, 39.226, 39.528, 40.225, 40.474, 40.082, 39.578, 39.072, 38.766, 38.197, 36.937, 36.262, 36.828, 37.299, 37.335, 37.946, 38.534, 37.633, 36.531, 36.44, 37.125, 37.641, 38.045, 38.182, 37.68, 37.107, 37.074, 36.95, 36.793, 36.966, 37.077, 36.755, 36.697, 36.793, 36.644, 36.38, 36.639, 37.133, 37.112, 36.776, 36.933, 37.637, 37.875, 37.661, 37.773, 38.167, 38.127, 37.925, 38.185, 38.687, 38.66, 38.508, 38.683, 38.973, 39.982, 41.122, 42.336, 43.363, 43.724, 44.891, 48.198, 52.288, 55.431, 57.109, 57.583, 57.542, 57.263, 57.125, 57.731, 58.31, 57.198, 55.276, 54.194, 54.129, 54.361, 54.068, 53.792, 53.843, 53.217, 50.986, 47.661, 44.237, 40.875, 39.277, 39.442, 40.089, 39.689, 37.889, 37.841, 39.479, 40.521, 40.887, 40.957, 34.319], [35.274, 35.353, 35.719, 35.756, 35.383, 35.258, 35.497, 35.699, 35.445, 34.86, 34.576, 34.226, 32.942, 31.683, 31.155, 30.858, 30.454, 29.989, 29.824, 29.692, 28.819, 27.072, 25.165, 23.825, 22.376, 20.384, 16.165, 8.336, 0.0, 5.759, 9.421, 10.772, 11.82, 14.615, 18.602, 22.267, 24.551, 26.372, 28.054, 29.688, 31.373, 32.583, 33.889, 35.272, 36.048, 36.035, 36.084, 37.011, 38.016, 38.399, 38.572, 38.876, 39.047, 39.296, 39.799, 40.499, 40.722, 40.363, 39.907, 39.426, 39.123, 38.618, 37.527, 36.975, 37.531, 37.985, 38.075, 38.713, 39.28, 38.392, 37.281, 37.148, 37.806, 38.319, 38.68, 38.738, 38.228, 37.703, 37.62, 37.438, 37.257, 37.367, 37.396, 37.048, 36.978, 37.048, 36.898, 36.661, 36.942, 37.43, 37.382, 37.056, 37.269, 38.016, 38.276, 38.079, 38.183, 38.564, 38.543, 38.349, 38.603, 39.075, 39.043, 38.911, 39.089, 39.341, 40.264, 41.317, 42.439, 43.422, 43.801, 44.917, 48.051, 51.999, 55.08, 56.787, 57.326, 57.309, 57.025, 56.864, 57.422, 57.966, 56.842, 54.91, 53.833, 53.781, 54.002, 53.687, 53.419, 53.49, 52.913, 50.776, 47.564, 44.294, 41.145, 39.673, 39.811, 40.369, 39.987, 38.381, 38.472, 39.998, 40.933, 41.276, 41.353, 34.938], [35.805, 35.902, 36.263, 36.317, 35.976, 35.869, 36.129, 36.339, 36.089, 35.528, 35.274, 34.936, 33.687, 32.498, 32.013, 31.728, 31.363, 30.955, 30.804, 30.669, 29.873, 28.352, 26.717, 25.565, 24.327, 22.68, 19.226, 12.795, 5.759, 0.0, 4.756, 7.198, 8.711, 11.805, 16.33, 20.428, 22.889, 24.818, 26.669, 28.58, 30.534, 31.907, 33.303, 34.734, 35.532, 35.535, 35.593, 36.543, 37.609, 38.052, 38.252, 38.574, 38.804, 39.182, 39.817, 40.577, 40.832, 40.488, 40.036, 39.566, 39.278, 38.829, 37.892, 37.477, 38.05, 38.489, 38.617, 39.286, 39.851, 38.987, 37.877, 37.714, 38.327, 38.813, 39.159, 39.185, 38.663, 38.156, 38.053, 37.851, 37.653, 37.712, 37.705, 37.383, 37.324, 37.374, 37.219, 37.001, 37.282, 37.744, 37.684, 37.379, 37.605, 38.35, 38.621, 38.432, 38.523, 38.884, 38.868, 38.678, 38.919, 39.372, 39.348, 39.236, 39.412, 39.651, 40.559, 41.588, 42.667, 43.631, 44.025, 45.102, 48.128, 51.987, 55.004, 56.726, 57.317, 57.32, 57.024, 56.833, 57.351, 57.859, 56.732, 54.821, 53.768, 53.724, 53.942, 53.637, 53.397, 53.48, 52.925, 50.847, 47.712, 44.54, 41.536, 40.141, 40.235, 40.753, 40.4, 38.847, 38.884, 40.273, 41.144, 41.476, 41.558, 35.452], [36.093, 36.168, 36.492, 36.562, 36.277, 36.198, 36.471, 36.689, 36.45, 35.909, 35.672, 35.345, 34.107, 32.896, 32.384, 32.095, 31.752, 31.367, 31.207, 31.044, 30.255, 28.834, 27.38, 26.378, 25.257, 23.726, 20.534, 14.935, 9.421, 4.756, 0.0, 3.632, 6.524, 10.226, 15.047, 19.4, 21.923, 23.876, 25.865, 27.985, 30.078, 31.509, 32.94, 34.385, 35.192, 35.211, 35.285, 36.258, 37.366, 37.841, 38.054, 38.395, 38.646, 39.049, 39.733, 40.568, 40.88, 40.553, 40.092, 39.627, 39.365, 38.954, 38.095, 37.745, 38.324, 38.749, 38.897, 39.591, 40.156, 39.291, 38.17, 37.995, 38.582, 39.044, 39.381, 39.398, 38.876, 38.39, 38.301, 38.096, 37.889, 37.941, 37.941, 37.634, 37.576, 37.62, 37.467, 37.255, 37.523, 37.961, 37.895, 37.596, 37.803, 38.516, 38.782, 38.593, 38.669, 39.003, 38.966, 38.771, 39.008, 39.46, 39.446, 39.353, 39.537, 39.782, 40.699, 41.739, 42.821, 43.783, 44.18, 45.243, 48.235, 52.049, 55.031, 56.751, 57.343, 57.348, 57.049, 56.855, 57.362, 57.854, 56.728, 54.84, 53.807, 53.764, 53.981, 53.69, 53.461, 53.54, 52.99, 50.935, 47.826, 44.684, 41.728, 40.352, 40.427, 40.942, 40.609, 39.068, 39.055, 40.378, 41.226, 41.561, 41.654, 35.757], [36.129, 36.195, 36.506, 36.575, 36.306, 36.249, 36.529, 36.75, 36.521, 35.996, 35.772, 35.454, 34.209, 32.985, 32.47, 32.184, 31.85, 31.479, 31.329, 31.156, 30.355, 28.953, 27.578, 26.66, 25.585, 24.075, 20.958, 15.622, 10.772, 7.198, 3.632, 0.0, 4.165, 9.023, 14.329, 18.809, 21.379, 23.385, 25.446, 27.633, 29.768, 31.235, 32.684, 34.118, 34.914, 34.938, 35.022, 36.008, 37.132, 37.609, 37.817, 38.175, 38.464, 38.898, 39.608, 40.47, 40.817, 40.526, 40.085, 39.624, 39.365, 38.952, 38.076, 37.7, 38.275, 38.709, 38.86, 39.555, 40.117, 39.251, 38.145, 37.986, 38.576, 39.033, 39.367, 39.387, 38.872, 38.395, 38.308, 38.096, 37.895, 37.97, 37.985, 37.679, 37.628, 37.678, 37.53, 37.319, 37.582, 38.016, 37.948, 37.641, 37.84, 38.546, 38.806, 38.613, 38.683, 39.002, 38.942, 38.737, 38.973, 39.427, 39.418, 39.317, 39.49, 39.739, 40.667, 41.732, 42.84, 43.81, 44.201, 45.27, 48.265, 52.054, 55.011, 56.719, 57.3, 57.303, 57.011, 56.826, 57.343, 57.841, 56.721, 54.841, 53.81, 53.766, 53.98, 53.683, 53.444, 53.52, 52.97, 50.906, 47.78, 44.615, 41.622, 40.213, 40.282, 40.793, 40.469, 39.006, 39.071, 40.431, 41.294, 41.632, 41.727, 35.8], [36.298, 36.374, 36.695, 36.769, 36.499, 36.444, 36.724, 36.954, 36.739, 36.23, 36.032, 35.739, 34.529, 33.38, 32.927, 32.654, 32.323, 31.966, 31.824, 31.664, 30.906, 29.56, 28.213, 27.338, 26.297, 24.793, 21.755, 16.567, 11.82, 8.711, 6.524, 4.165, 0.0, 5.975, 12.584, 17.651, 20.404, 22.535, 24.697, 26.979, 29.22, 30.8, 32.326, 33.767, 34.541, 34.551, 34.642, 35.65, 36.799, 37.278, 37.469, 37.84, 38.196, 38.719, 39.475, 40.341, 40.696, 40.444, 40.06, 39.638, 39.384, 38.964, 38.073, 37.671, 38.234, 38.675, 38.812, 39.482, 40.042, 39.212, 38.172, 38.051, 38.642, 39.089, 39.417, 39.432, 38.904, 38.413, 38.306, 38.085, 37.901, 37.996, 38.013, 37.721, 37.682, 37.73, 37.593, 37.385, 37.64, 38.06, 37.986, 37.682, 37.892, 38.606, 38.865, 38.666, 38.722, 39.022, 38.954, 38.754, 38.989, 39.424, 39.4, 39.276, 39.415, 39.641, 40.559, 41.631, 42.738, 43.699, 44.096, 45.166, 48.138, 51.889, 54.808, 56.506, 57.096, 57.108, 56.813, 56.616, 57.118, 57.612, 56.499, 54.624, 53.59, 53.545, 53.757, 53.454, 53.218, 53.306, 52.764, 50.691, 47.556, 44.4, 41.414, 40.015, 40.1, 40.59, 40.289, 39.019, 39.267, 40.649, 41.508, 41.842, 41.931, 35.961], [36.492, 36.57, 36.9, 36.989, 36.735, 36.689, 36.983, 37.234, 37.047, 36.576, 36.409, 36.165, 35.112, 34.229, 33.938, 33.698, 33.383, 33.048, 32.895, 32.747, 32.1, 30.918, 29.66, 28.83, 27.835, 26.406, 23.603, 18.895, 14.615, 11.805, 10.226, 9.023, 5.975, 0.0, 8.056, 14.512, 18.1, 20.602, 22.953, 25.524, 28.091, 29.961, 31.72, 33.264, 34.056, 34.068, 34.182, 35.24, 36.44, 36.937, 37.102, 37.466, 37.889, 38.518, 39.337, 40.226, 40.596, 40.357, 40.03, 39.712, 39.543, 39.152, 38.263, 37.827, 38.346, 38.769, 38.877, 39.502, 40.048, 39.264, 38.295, 38.194, 38.758, 39.175, 39.495, 39.507, 38.952, 38.443, 38.311, 38.069, 37.889, 37.979, 37.973, 37.697, 37.674, 37.726, 37.607, 37.403, 37.635, 38.021, 37.938, 37.651, 37.886, 38.615, 38.884, 38.685, 38.716, 38.979, 38.903, 38.721, 38.955, 39.355, 39.294, 39.138, 39.248, 39.454, 40.359, 41.422, 42.505, 43.446, 43.867, 44.924, 47.813, 51.48, 54.316, 56.0, 56.609, 56.621, 56.311, 56.101, 56.584, 57.054, 55.936, 54.082, 53.071, 53.034, 53.247, 52.965, 52.788, 52.919, 52.393, 50.332, 47.232, 44.151, 41.284, 39.991, 40.118, 40.601, 40.357, 39.311, 39.708, 41.023, 41.838, 42.171, 42.262, 36.163], [36.208, 36.28, 36.608, 36.718, 36.495, 36.489, 36.823, 37.104, 36.968, 36.563, 36.408, 36.203, 35.384, 34.939, 34.905, 34.701, 34.392, 34.079, 33.911, 33.761, 33.211, 32.257, 31.227, 30.484, 29.54, 28.281, 25.91, 22.027, 18.602, 16.33, 15.047, 14.329, 12.584, 8.056, 0.0, 7.977, 13.542, 17.199, 19.81, 22.653, 25.746, 28.168, 30.375, 32.168, 33.062, 33.112, 33.261, 34.376, 35.637, 36.173, 36.331, 36.698, 37.19, 37.944, 38.884, 39.854, 40.274, 40.045, 39.746, 39.541, 39.51, 39.174, 38.239, 37.72, 38.192, 38.606, 38.693, 39.308, 39.852, 39.099, 38.136, 38.0, 38.542, 38.938, 39.253, 39.283, 38.712, 38.167, 38.015, 37.745, 37.548, 37.627, 37.606, 37.338, 37.345, 37.413, 37.301, 37.107, 37.351, 37.735, 37.652, 37.383, 37.654, 38.417, 38.702, 38.499, 38.514, 38.756, 38.672, 38.498, 38.729, 39.114, 39.018, 38.807, 38.887, 39.097, 40.026, 41.122, 42.235, 43.188, 43.631, 44.662, 47.463, 51.067, 53.838, 55.523, 56.162, 56.169, 55.842, 55.64, 56.1