[[0.0, 4.847, 8.752, 10.578, 12.14, 13.892, 14.937, 15.825, 18.036, 21.691, 25.241, 27.881, 29.479, 30.556, 31.649, 32.453, 32.853, 33.702, 35.18, 36.494, 37.043, 37.303, 37.798, 39.124, 41.319, 42.54, 42.491, 42.383, 42.626, 43.796, 44.835, 44.422, 43.572, 43.925, 44.35, 44.079, 43.86, 44.218, 44.452, 44.484, 44.859, 45.436, 45.612, 45.497, 45.204, 44.954, 44.823, 44.814, 44.897, 44.615, 43.51, 42.54, 42.753, 43.273, 43.201, 43.033, 43.301, 43.043, 41.995, 41.319, 41.482, 41.666, 41.144, 40.592, 40.604, 40.669, 40.262, 39.851, 39.66, 39.618, 39.568, 39.353, 39.098, 38.912, 38.61, 38.199, 38.041, 38.084, 38.035, 37.976, 38.027, 37.97, 38.004, 38.28, 38.615, 38.681, 38.717, 38.731, 38.738, 38.619, 38.541, 38.516, 38.522, 38.694, 38.763, 38.726, 38.887, 39.431, 40.172, 40.883, 41.604, 42.203, 42.312, 41.975, 42.208, 42.521, 42.456, 42.575, 42.727, 42.414, 42.58, 43.833, 44.571, 44.115, 43.482, 43.35, 43.179, 42.84, 42.666, 42.452, 42.23, 42.253, 42.196, 42.042, 41.754, 41.219, 40.952, 40.934, 40.536, 39.754, 39.432, 39.532, 39.431, 39.505, 39.722, 39.732, 39.768, 39.669, 39.244, 39.167, 39.505, 39.611, 39.487, 39.482, 39.38, 39.088, 38.678, 38.374, 38.351, 38.615, 38.879, 38.988, 39.457, 40.316, 41.026, 41.352, 41.709, 42.002, 42.12, 42.184, 42.316, 42.736, 43.11, 43.165, 42.805, 42.087, 41.824, 42.068, 42.062, 41.824, 41.757, 41.502, 41.063, 40.968, 41.893, 43.577, 44.999, 45.515, 44.972, 44.211, 44.398, 44.732, 44.459, 44.11, 44.217, 44.421, 44.13, 43.775, 43.558, 43.137, 43.067, 43.591, 43.748, 43.672, 43.699, 43.86, 44.015, 43.992, 43.676, 43.055, 42.185, 41.223, 40.919, 41.656, 41.701, 4.77], [4.847, 0.0, 4.826, 7.518, 9.652, 11.55, 12.694, 13.793, 16.175, 19.989, 23.855, 26.853, 28.592, 29.669, 30.785, 31.643, 32.09, 33.006, 34.573, 35.949, 36.577, 36.956, 37.537, 38.862, 41.054, 42.332, 42.363, 42.275, 42.482, 43.616, 44.636, 44.198, 43.328, 43.703, 44.15, 43.887, 43.684, 44.057, 44.295, 44.334, 44.726, 45.319, 45.5, 45.38, 45.08, 44.825, 44.69, 44.672, 44.766, 44.508, 43.409, 42.428, 42.639, 43.153, 43.069, 42.899, 43.172, 42.898, 41.798, 41.081, 41.266, 41.459, 40.933, 40.388, 40.417, 40.487, 40.067, 39.651, 39.477, 39.449, 39.406, 39.187, 38.921, 38.737, 38.428, 37.992, 37.818, 37.877, 37.841, 37.792, 37.86, 37.814, 37.854, 38.153, 38.496, 38.562, 38.595, 38.606, 38.612, 38.494, 38.411, 38.387, 38.405, 38.591, 38.662, 38.621, 38.782, 39.328, 40.081, 40.803, 41.534, 42.137, 42.238, 41.866, 42.081, 42.4, 42.343, 42.481, 42.646, 42.338, 42.526, 43.803, 44.541, 44.076, 43.436, 43.303, 43.127, 42.779, 42.599, 42.367, 42.133, 42.164, 42.11, 41.953, 41.653, 41.099, 40.814, 40.797, 40.409, 39.625, 39.282, 39.387, 39.294, 39.365, 39.573, 39.571, 39.612, 39.529, 39.105, 39.031, 39.384, 39.5, 39.375, 39.361, 39.241, 38.932, 38.526, 38.226, 38.198, 38.451, 38.717, 38.837, 39.317, 40.187, 40.905, 41.235, 41.592, 41.88, 41.988, 42.044, 42.173, 42.599, 42.974, 43.037, 42.677, 41.938, 41.667, 41.917, 41.918, 41.676, 41.606, 41.349, 40.915, 40.829, 41.766, 43.457, 44.869, 45.386, 44.856, 44.099, 44.283, 44.614, 44.34, 44.001, 44.127, 44.336, 44.021, 43.648, 43.425, 42.995, 42.91, 43.425, 43.577, 43.492, 43.51, 43.666, 43.823, 43.803, 43.486, 42.868, 42.018, 41.07, 40.77, 41.501, 41.544, 8.402], [8.752, 4.826, 0.0, 3.913, 7.493, 9.819, 11.11, 12.394, 14.887, 19.007, 23.46, 26.951, 28.865, 29.926, 30.995, 31.849, 32.334, 33.313, 34.945, 36.349, 37.004, 37.456, 38.11, 39.376, 41.462, 42.727, 42.786, 42.691, 42.883, 43.967, 44.939, 44.507, 43.674, 44.048, 44.478, 44.224, 44.042, 44.406, 44.623, 44.657, 45.048, 45.639, 45.827, 45.713, 45.413, 45.159, 45.025, 45.003, 45.098, 44.859, 43.815, 42.883, 43.081, 43.571, 43.52, 43.396, 43.665, 43.378, 42.299, 41.601, 41.763, 41.937, 41.434, 40.93, 40.97, 41.039, 40.641, 40.258, 40.114, 40.099, 40.065, 39.872, 39.639, 39.474, 39.182, 38.76, 38.573, 38.643, 38.631, 38.586, 38.655, 38.614, 38.655, 38.955, 39.296, 39.357, 39.376, 39.38, 39.39, 39.274, 39.179, 39.149, 39.166, 39.338, 39.395, 39.351, 39.503, 40.032, 40.764, 41.442, 42.129, 42.702, 42.79, 42.401, 42.591, 42.915, 42.874, 43.018, 43.166, 42.833, 42.989, 44.223, 44.934, 44.493, 43.887, 43.763, 43.597, 43.269, 43.101, 42.873, 42.649, 42.685, 42.634, 42.487, 42.205, 41.674, 41.393, 41.38, 41.026, 40.289, 39.945, 40.045, 39.986, 40.077, 40.275, 40.268, 40.307, 40.229, 39.818, 39.744, 40.086, 40.206, 40.096, 40.076, 39.941, 39.63, 39.236, 38.952, 38.919, 39.131, 39.379, 39.513, 39.953, 40.745, 41.417, 41.726, 42.069, 42.344, 42.435, 42.474, 42.595, 43.013, 43.393, 43.465, 43.113, 42.409, 42.152, 42.395, 42.404, 42.173, 42.101, 41.851, 41.446, 41.381, 42.287, 43.9, 45.26, 45.788, 45.303, 44.558, 44.698, 45.001, 44.74, 44.42, 44.545, 44.743, 44.424, 44.052, 43.84, 43.442, 43.368, 43.843, 43.977, 43.896, 43.894, 44.023, 44.171, 44.158, 43.858, 43.27, 42.469, 41.569, 41.275, 41.959, 42.016, 11.44], [10.578, 7.518, 3.913, 0.0, 4.503, 7.587, 9.225, 10.533, 13.292, 18.014, 22.916, 26.594, 28.557, 29.572, 30.571, 31.41, 31.918, 32.909, 34.53, 35.927, 36.604, 37.1, 37.798, 39.094, 41.217, 42.504, 42.571, 42.482, 42.702, 43.834, 44.845, 44.42, 43.568, 43.93, 44.353, 44.096, 43.913, 44.279, 44.491, 44.52, 44.918, 45.521, 45.72, 45.611, 45.306, 45.045, 44.909, 44.892, 44.994, 44.753, 43.689, 42.731, 42.926, 43.438, 43.409, 43.302, 43.584, 43.296, 42.201, 41.479, 41.626, 41.798, 41.295, 40.779, 40.813, 40.88, 40.481, 40.104, 39.975, 39.966, 39.928, 39.738, 39.507, 39.342, 39.049, 38.635, 38.46, 38.536, 38.521, 38.468, 38.531, 38.492, 38.542, 38.844, 39.188, 39.252, 39.264, 39.267, 39.283, 39.169, 39.077, 39.059, 39.084, 39.253, 39.308, 39.264, 39.421, 39.965, 40.718, 41.397, 42.082, 42.664, 42.757, 42.354, 42.537, 42.871, 42.839, 42.979, 43.094, 42.705, 42.837, 44.082, 44.794, 44.341, 43.731, 43.609, 43.437, 43.109, 42.95, 42.722, 42.488, 42.518, 42.464, 42.318, 42.048, 41.536, 41.269, 41.259, 40.895, 40.144, 39.793, 39.896, 39.851, 39.958, 40.162, 40.156, 40.201, 40.132, 39.725, 39.667, 40.033, 40.162, 40.04, 40.011, 39.862, 39.523, 39.108, 38.82, 38.795, 39.01, 39.254, 39.376, 39.798, 40.586, 41.262, 41.58, 41.935, 42.217, 42.301, 42.339, 42.466, 42.9, 43.294, 43.356, 42.982, 42.271, 42.01, 42.257, 42.264, 42.027, 41.955, 41.703, 41.292, 41.228, 42.173, 43.823, 45.203, 45.74, 45.259, 44.525, 44.678, 44.989, 44.727, 44.397, 44.508, 44.702, 44.382, 44.01, 43.803, 43.408, 43.324, 43.784, 43.914, 43.834, 43.828, 43.949, 44.095, 44.087, 43.787, 43.189, 42.375, 41.457, 41.151, 41.831, 41.879, 12.811], [12.14, 9.652, 7.493, 4.503, 0.0, 3.962, 6.46, 8.054, 11.247, 16.645, 21.868, 25.62, 27.602, 28.61, 29.595, 30.443, 30.974, 31.947, 33.51, 34.89, 35.64, 36.205, 36.925, 38.297, 40.554, 41.904, 41.997, 41.939, 42.188, 43.391, 44.486, 44.063, 43.145, 43.47, 43.891, 43.63, 43.439, 43.813, 44.031, 44.059, 44.471, 45.092, 45.296, 45.185, 44.87, 44.595, 44.454, 44.441, 44.554, 44.304, 43.18, 42.157, 42.358, 42.913, 42.886, 42.769, 43.07, 42.784, 41.653, 40.897, 41.053, 41.242, 40.721, 40.166, 40.191, 40.261, 39.838, 39.436, 39.304, 39.3, 39.253, 39.041, 38.785, 38.605, 38.29, 37.86, 37.702, 37.788, 37.752, 37.685, 37.744, 37.703, 37.761, 38.064, 38.403, 38.47, 38.491, 38.496, 38.515, 38.41, 38.34, 38.348, 38.39, 38.574, 38.643, 38.607, 38.772, 39.337, 40.119, 40.828, 41.539, 42.151, 42.251, 41.819, 41.998, 42.334, 42.305, 42.451, 42.551, 42.121, 42.25, 43.541, 44.272, 43.797, 43.163, 43.033, 42.843, 42.507, 42.36, 42.128, 41.879, 41.906, 41.847, 41.698, 41.437, 40.926, 40.652, 40.63, 40.225, 39.422, 39.058, 39.168, 39.116, 39.235, 39.457, 39.451, 39.504, 39.453, 39.046, 39.007, 39.421, 39.57, 39.423, 39.38, 39.221, 38.857, 38.414, 38.103, 38.082, 38.329, 38.583, 38.671, 39.102, 39.965, 40.689, 41.033, 41.42, 41.722, 41.805, 41.843, 41.982, 42.435, 42.836, 42.886, 42.49, 41.74, 41.452, 41.703, 41.711, 41.466, 41.395, 41.135, 40.692, 40.6, 41.609, 43.348, 44.776, 45.313, 44.814, 44.099, 44.318, 44.667, 44.392, 44.036, 44.147, 44.354, 44.026, 43.639, 43.426, 42.996, 42.87, 43.34, 43.483, 43.396, 43.398, 43.534, 43.691, 43.683, 43.363, 42.723, 41.855, 40.889, 40.578, 41.295, 41.312, 14.088], [13.892, 11.55, 9.819, 7.587, 3.962, 0.0, 3.444, 6.25, 9.97, 15.419, 20.77, 24.715, 26.8, 27.913, 29.002, 29.897, 30.444, 31.427, 33.001, 34.416, 35.261, 35.896, 36.622, 38.01, 40.319, 41.708, 41.83, 41.79, 42.037, 43.246, 44.368, 43.951, 43.004, 43.301, 43.718, 43.464, 43.276, 43.653, 43.873, 43.902, 44.32, 44.945, 45.147, 45.033, 44.721, 44.45, 44.304, 44.28, 44.397, 44.152, 43.008, 41.968, 42.185, 42.754, 42.704, 42.564, 42.867, 42.576, 41.428, 40.661, 40.818, 41.012, 40.49, 39.924, 39.951, 40.027, 39.595, 39.18, 39.045, 39.041, 38.992, 38.768, 38.498, 38.313, 37.994, 37.56, 37.409, 37.494, 37.442, 37.373, 37.439, 37.391, 37.449, 37.744, 38.067, 38.13, 38.157, 38.163, 38.186, 38.091, 38.031, 38.041, 38.089, 38.289, 38.373, 38.345, 38.51, 39.07, 39.843, 40.548, 41.262, 41.881, 41.985, 41.547, 41.723, 42.059, 42.034, 42.185, 42.296, 41.877, 42.014, 43.316, 44.052, 43.578, 42.941, 42.807, 42.608, 42.279, 42.151, 41.923, 41.671, 41.698, 41.639, 41.494, 41.237, 40.716, 40.418, 40.379, 39.955, 39.134, 38.764, 38.864, 38.801, 38.932, 39.168, 39.155, 39.207, 39.167, 38.762, 38.723, 39.156, 39.323, 39.175, 39.13, 38.973, 38.617, 38.182, 37.857, 37.823, 38.08, 38.335, 38.393, 38.82, 39.726, 40.469, 40.815, 41.213, 41.527, 41.612, 41.651, 41.789, 42.24, 42.633, 42.686, 42.302, 41.529, 41.217, 41.467, 41.485, 41.238, 41.165, 40.905, 40.455, 40.353, 41.374, 43.13, 44.563, 45.105, 44.612, 43.917, 44.176, 44.55, 44.268, 43.898, 44.014, 44.234, 43.895, 43.491, 43.266, 42.807, 42.655, 43.146, 43.309, 43.228, 43.248, 43.402, 43.568, 43.56, 43.23, 42.572, 41.675, 40.683, 40.371, 41.116, 41.124, 15.699], [14.937, 12.694, 11.11, 9.225, 6.46, 3.444, 0.0, 4.125, 9.019, 14.604, 19.764, 23.766, 25.995, 27.233, 28.427, 29.37, 29.926, 30.95, 32.605, 34.075, 34.944, 35.589, 36.331, 37.756, 40.106, 41.515, 41.644, 41.608, 41.862, 43.093, 44.234, 43.817, 42.86, 43.158, 43.581, 43.327, 43.135, 43.519, 43.75, 43.782, 44.206, 44.836, 45.037, 44.922, 44.613, 44.349, 44.205, 44.176, 44.293, 44.048, 42.881, 41.82, 42.06, 42.65, 42.573, 42.402, 42.704, 42.408, 41.236, 40.448, 40.598, 40.789, 40.267, 39.697, 39.722, 39.804, 39.37, 38.948, 38.808, 38.804, 38.755, 38.524, 38.245, 38.056, 37.737, 37.312, 37.175, 37.255, 37.196, 37.134, 37.216, 37.168, 37.23, 37.535, 37.856, 37.916, 37.943, 37.954, 37.979, 37.878, 37.81, 37.817, 37.869, 38.075, 38.161, 38.139, 38.313, 38.876, 39.644, 40.352, 41.071, 41.691, 41.801, 41.368, 41.545, 41.88, 41.86, 42.017, 42.137, 41.732, 41.886, 43.196, 43.923, 43.439, 42.796, 42.661, 42.455, 42.121, 41.999, 41.776, 41.518, 41.54, 41.481, 41.34, 41.082, 40.547, 40.231, 40.187, 39.753, 38.91, 38.527, 38.623, 38.549, 38.678, 38.92, 38.903, 38.956, 38.92, 38.511, 38.468, 38.911, 39.083, 38.934, 38.893, 38.738, 38.387, 37.956, 37.626, 37.588, 37.848, 38.108, 38.158, 38.6, 39.555, 40.326, 40.678, 41.081, 41.409, 41.507, 41.549, 41.686, 42.141, 42.534, 42.583, 42.199, 41.409, 41.087, 41.351, 41.37, 41.109, 41.03, 40.764, 40.304, 40.209, 41.258, 43.026, 44.454, 44.997, 44.511, 43.818, 44.091, 44.48, 44.194, 43.815, 43.927, 44.151, 43.811, 43.4, 43.164, 42.685, 42.525, 43.039, 43.219, 43.147, 43.189, 43.36, 43.531, 43.525, 43.199, 42.542, 41.628, 40.591, 40.245, 41.016, 41.045, 16.68], [15.825, 13.793, 12.394, 10.533, 8.054, 6.25, 4.125, 0.0, 6.266, 13.296, 19.001, 23.08, 25.378, 26.67, 27.91, 28.893, 29.481, 30.57, 32.321, 33.851, 34.735, 35.38, 36.152, 37.647, 40.057, 41.48, 41.59, 41.552, 41.842, 43.125, 44.278, 43.851, 42.914, 43.239, 43.661, 43.394, 43.2, 43.59, 43.82, 43.849, 44.275, 44.912, 45.115, 44.997, 44.678, 44.407, 44.266, 44.242, 44.352, 44.088, 42.886, 41.793, 42.038, 42.638, 42.546, 42.354, 42.65, 42.353, 41.18, 40.383, 40.53, 40.72, 40.197, 39.622, 39.638, 39.725, 39.305, 38.884, 38.738, 38.728, 38.679, 38.451, 38.179, 37.997, 37.685, 37.269, 37.138, 37.219, 37.172, 37.115, 37.192, 37.149, 37.225, 37.538, 37.858, 37.909, 37.921, 37.931, 37.959, 37.856, 37.79, 37.81, 37.871, 38.076, 38.156, 38.132, 38.314, 38.883, 39.648, 40.346, 41.062, 41.685, 41.792, 41.351, 41.517, 41.844, 41.826, 41.987, 42.099, 41.683, 41.842, 43.146, 43.858, 43.36, 42.712, 42.58, 42.371, 42.028, 41.9, 41.677, 41.421, 41.441, 41.384, 41.257, 41.015, 40.483, 40.164, 40.121, 39.684, 38.823, 38.424, 38.524, 38.454, 38.577, 38.812, 38.799, 38.86, 38.82, 38.407, 38.369, 38.816, 38.992, 38.844, 38.805, 38.655, 38.306, 37.878, 37.56, 37.537, 37.799, 38.062, 38.127, 38.582, 39.547, 40.331, 40.69, 41.093, 41.434, 41.546, 41.592, 41.733, 42.194, 42.586, 42.616, 42.212, 41.423, 41.111, 41.383, 41.387, 41.115, 41.043, 40.784, 40.316, 40.227, 41.302, 43.065, 44.473, 45.011, 44.517, 43.805, 44.064, 44.451, 44.167, 43.792, 43.9, 44.117, 43.778, 43.377, 43.153, 42.681, 42.519, 43.029, 43.207, 43.134, 43.172, 43.337, 43.506, 43.502, 43.183, 42.542, 41.634, 40.567, 40.174, 40.944, 41.0, 17.448], [18.036, 16.175, 14.887, 13.292, 11.247, 9.97, 9.019, 6.266, 0.0, 8.904, 16.904, 22.101, 24.625, 26.003, 27.41, 28.523, 29.214, 30.484, 32.472, 34.22, 35.26, 35.969, 36.752, 38.217, 40.569, 41.969, 42.078, 42.034, 42.339, 43.59, 44.679, 44.263, 43.398, 43.725, 44.115, 43.856, 43.687, 44.069, 44.271, 44.287, 44.699, 45.319, 45.517, 45.396, 45.08, 44.813, 44.67, 44.636, 44.734, 44.476, 43.319, 42.263, 42.478, 43.025, 42.941, 42.777, 43.058, 42.741, 41.598, 40.834, 40.96, 41.138, 40.646, 40.112, 40.134, 40.232, 39.857, 39.466, 39.324, 39.31, 39.255, 39.03, 38.782, 38.629, 38.347, 37.945, 37.784, 37.87, 37.861, 37.8, 37.848, 37.81, 37.898, 38.222, 38.541, 38.584, 38.578, 38.578, 38.611, 38.525, 38.462, 38.481, 38.541, 38.738, 38.807, 38.774, 38.935, 39.46, 40.162, 40.788, 41.451, 42.043, 42.138, 41.706, 41.861, 42.193, 42.189, 42.35, 42.467, 42.067, 42.209, 43.452, 44.137, 43.676, 43.066, 42.941, 42.743, 42.421, 42.293, 42.069, 41.824, 41.85, 41.809, 41.714, 41.505, 41.006, 40.69, 40.632, 40.226, 39.416, 39.006, 39.077, 39.013, 39.138, 39.364, 39.35, 39.406, 39.353, 38.945, 38.889, 39.285, 39.457, 39.358, 39.342, 39.212, 38.922, 38.564, 38.297, 38.283, 38.502, 38.746, 38.852, 39.277, 40.127, 40.832, 41.147, 41.524, 41.861, 41.978, 42.016, 42.145, 42.58, 42.949, 42.954, 42.54, 41.805, 41.526, 41.766, 41.74, 41.483, 41.433, 41.202, 40.762, 40.687, 41.719, 43.391, 44.745, 45.29, 44.807, 44.078, 44.282, 44.621, 44.343, 43.995, 44.1, 44.285, 43.931, 43.537, 43.333, 42.89, 42.731, 43.203, 43.373, 43.307, 43.321, 43.454, 43.61, 43.611, 43.31, 42.694, 41.824, 40.805, 40.417, 41.109, 41.191, 19.472], [21.691, 19.989, 19.007, 18.014, 16.645, 15.419, 14.604, 13.296, 8.904, 0.0, 10.692, 18.263, 21.719, 23.46, 25.286, 26.719, 27.595, 29.171, 31.647, 33.923, 35.284, 36.084, 36.879, 38.303, 40.556, 41.937, 42.103, 42.103, 42.413, 43.59, 44.604, 44.217, 43.412, 43.703, 44.064, 43.846, 43.715, 44.094, 44.296, 44.315, 44.716, 45.318, 45.503, 45.385, 45.095, 44.85, 44.696, 44.637, 44.74, 44.535, 43.44, 42.388, 42.539, 43.021, 42.935, 42.791, 43.043, 42.685, 41.557, 40.835, 40.955, 41.131, 40.692, 40.219, 40.255, 40.351, 40.001, 39.645, 39.531, 39.535, 39.466, 39.218, 38.958, 38.814, 38.563, 38.165, 37.963, 38.072, 38.11, 38.029, 38.076, 38.049, 38.134, 38.514, 38.867, 38.907, 38.909, 38.911, 38.944, 38.853, 38.771, 38.781, 38.833, 39.013, 39.075, 39.041, 39.186, 39.658, 40.292, 40.89, 41.532, 42.086, 42.183, 41.782, 41.926, 42.271, 42.294, 42.457, 42.6, 42.26, 42.395, 43.573, 44.247, 43.846, 43.279, 43.144, 42.944, 42.644, 42.524, 42.3, 42.057, 42.082, 42.054, 41.979, 41.776, 41.289, 40.965, 40.889, 40.511, 39.754, 39.333, 39.37, 39.294, 39.409, 39.625, 39.599, 39.652, 39.622, 39.231, 39.144, 39.492, 39.665, 39.609, 39.625, 39.528, 39.309, 39.023, 38.776, 38.739, 38.914, 39.142, 39.279, 39.712, 40.527, 41.178, 41.43, 41.777, 42.115, 42.239, 42.266, 42.372, 42.781, 43.113, 43.072, 42.659, 41.981, 41.717, 41.916, 41.855, 41.604, 41.575, 41.389, 40.991, 40.912, 41.873, 43.527, 44.907, 45.472, 45.007, 44.312, 44.485, 44.75, 44.46, 44.123, 44.209, 44.346, 43.956, 43.537, 43.304, 42.844, 42.679, 43.136, 43.299, 43.246, 43.262, 43.387, 43.53, 43.525, 43.232, 42.62, 41.74, 40.732, 40.349, 40.972, 41.084, 23.015], [25.241, 23.855, 23.46, 22.916, 21.868, 20.77, 19.764, 19.001, 16.904, 10.692, 0.0, 9.818, 15.358, 18.309, 20.929, 22.813, 23.83, 25.661, 28.731, 31.716, 33.495, 34.411, 35.292, 36.907, 39.34, 40.849, 41.111, 41.167, 41.486, 42.734, 43.836, 43.443, 42.608, 42.916, 43.317, 43.13, 43.009, 43.415, 43.669, 43.712, 44.132, 44.754, 44.94, 44.825, 44.547, 44.309, 44.159, 44.11, 44.243, 44.055, 42.85, 41.641, 41.769, 42.251, 42.05, 41.776, 41.991, 41.646, 40.527, 39.798, 39.96, 40.18, 39.733, 39.245, 39.288, 39.356, 38.947, 38.576, 38.5, 38.54, 38.468, 38.18, 37.864, 37.691, 37.417, 36.976, 36.783, 36.917, 36.925, 36.806, 36.901, 36.881, 36.928, 37.358, 37.767, 37.808, 37.833, 37.854, 37.878, 37.73, 37.627, 37.67, 37.727, 37.899, 37.979, 37.979, 38.178, 38.698, 39.385, 40.098, 40.85, 41.47, 41.615, 41.209, 41.289, 41.616, 41.66, 41.832, 41.973, 41.648, 41.811, 43.042, 43.741, 43.319, 42.719, 42.556, 42.312, 41.977, 41.849, 41.613, 41.352, 41.373, 41.351, 41.264, 40.995, 40.411, 40.03, 39.949, 39.557, 38.748, 38.313, 38.375, 38.267, 38.345, 38.56, 38.525, 38.595, 38.598, 38.196, 38.113, 38.543, 38.761, 38.661, 38.672, 38.601, 38.392, 38.091, 37.773, 37.701, 37.938, 38.182, 38.249, 38.718, 39.657, 40.364, 40.619, 40.98, 41.348, 41.515, 41.573, 41.699, 42.141, 42.482, 42.421, 42.008, 41.29, 40.985, 41.202, 41.159, 40.899, 40.895, 40.76, 40.384, 40.261, 41.2, 42.969, 44.467, 45.07, 44.616, 43.977, 44.214, 44.5, 44.188, 43.814, 43.866, 43.984, 43.567, 43.1, 42.825, 42.329, 42.167, 42.681, 42.842, 42.765, 42.807, 42.983, 43.143, 43.115, 42.801, 42.179, 41.249, 40.129, 39.669, 40.355, 40.491, 26.521], [27.881, 26.853, 26.951, 26.594, 25.62, 24.715, 23.766, 23.08, 22.101, 18.263, 9.818, 0.0, 7.566, 12.795, 16.861, 19.197, 20.154, 22.018, 25.557, 29.197, 31.401, 32.484, 33.543, 35.43, 38.077, 39.7, 40.009, 40.103, 40.472, 41.857, 43.076, 42.669, 41.818, 42.203, 42.658, 42.467, 42.342, 42.782, 43.081, 43.144, 43.584, 44.225, 44.415, 44.307, 44.044, 43.822, 43.693, 43.661, 43.816, 43.621, 42.288, 40.963, 41.126, 41.615, 41.269, 40.85, 41.056, 40.783, 39.686, 38.917, 39.118, 39.385, 38.869, 38.304, 38.332, 38.376, 37.904, 37.502, 37.441, 37.49, 37.421, 37.117, 36.765, 36.564, 36.269, 35.819, 35.694, 35.828, 35.752, 35.563, 35.675, 35.659, 35.659, 36.038, 36.452, 36.499, 36.537, 36.571, 36.602, 36.429, 36.332, 36.432, 36.532, 36.72, 36.821, 36.861, 37.131, 37.728, 38.48, 39.289, 40.149, 40.869, 41.073, 40.65, 40.663, 40.945, 40.973, 41.142, 41.268, 40.937, 41.157, 42.492, 43.218, 42.713, 42.029, 41.848, 41.575, 41.202, 41.073, 40.835, 40.559, 40.585, 40.572, 40.473, 40.132, 39.42, 38.959, 38.876, 38.455, 37.558, 37.116, 37.223, 37.06, 37.074, 37.274, 37.231, 37.31, 37.329, 36.912, 36.852, 37.38, 37.645, 37.504, 37.513, 37.458, 37.244, 36.917, 36.55, 36.471, 36.792, 37.036, 36.986, 37.428, 38.407, 39.132, 39.39, 39.768, 40.168, 40.386, 40.5, 40.655, 41.131, 41.502, 41.45, 41.046, 40.28, 39.928, 40.167, 40.173, 39.929, 39.967, 39.9, 39.548, 39.391, 40.349, 42.232, 43.825, 44.455, 43.989, 43.371, 43.689, 44.041, 43.717, 43.302, 43.342, 43.486, 43.091, 42.623, 42.349, 41.832, 41.661, 42.239, 42.394, 42.275, 42.343, 42.58, 42.766, 42.711, 42.37, 41.762, 40.835, 39.66, 39.175, 39.96, 40.076, 29.091], [29.479, 28.592, 28.865, 28.557, 27.602, 26.8, 25.995, 25.378, 24.625, 21.719, 15.358, 7.566, 0.0, 7.219, 13.26, 16.394, 17.318, 19.09, 23.019, 27.25, 29.866, 31.174, 32.451, 34.527, 37.228, 38.846, 39.188, 39.353, 39.794, 41.248, 42.496, 42.091, 41.267, 41.723, 42.207, 42.011, 41.892, 42.353, 42.666, 42.728, 43.169, 43.816, 44.009, 43.905, 43.656, 43.463, 43.346, 43.299, 43.456, 43.292, 41.965, 40.637, 40.83, 41.361, 41.03, 40.609, 40.838, 40.605, 39.49, 38.648, 38.836, 39.109, 38.526, 37.894, 37.908, 37.954, 37.456, 37.035, 36.962, 36.998, 36.918, 36.597, 36.237, 36.042, 35.754, 35.33, 35.259, 35.389, 35.282, 35.058, 35.162, 35.16, 35.132, 35.414, 35.774, 35.831, 35.868, 35.893, 35.937, 35.79, 35.714, 35.844, 35.965, 36.156, 36.275, 36.339, 36.614, 37.211, 37.978, 38.811, 39.707, 40.471, 40.698, 40.271, 40.283, 40.553, 40.549, 40.713, 40.86, 40.547, 40.793, 42.192, 42.968, 42.434, 41.697, 41.516, 41.246, 40.859, 40.737, 40.514, 40.242, 40.269, 40.265, 40.163, 39.794, 39.046, 38.549, 38.457, 38.009, 37.055, 36.589, 36.699, 36.498, 36.472, 36.646, 36.584, 36.656, 36.696, 36.298, 36.261, 36.816, 37.086, 36.941, 36.962, 36.903, 36.669, 36.323, 35.948, 35.876, 36.204, 36.398, 36.281, 36.711, 37.659, 38.341, 38.582, 38.971, 39.388, 39.633, 39.777, 39.929, 40.388, 40.74, 40.68, 40.317, 39.59, 39.209, 39.426, 39.447, 39.21, 39.281, 39.276, 38.969, 38.828, 39.8, 41.708, 43.315, 43.94, 43.45, 42.833, 43.169, 43.547, 43.231, 42.809, 42.859, 43.048, 42.705, 42.267, 42.01, 41.482, 41.306, 41.92, 42.076, 41.939, 42.037, 42.318, 42.518, 42.446, 42.092, 41.509, 40.625, 39.487, 39.046, 39.875, 39.962, 30.642], [30.556, 29.669, 29.926, 29.572, 28.61, 27.913, 27.233, 26.67, 26.003, 23.46, 18.309, 12.795, 7.219, 0.0, 7.508, 11.944, 13.321, 15.172, 19.617, 24.483, 27.53, 29.149, 30.732, 33.136, 36.113, 37.836, 38.242, 38.492, 39.007, 40.554, 41.855, 41.417, 40.551, 41.06, 41.578, 41.373, 41.27, 41.773, 42.1, 42.159, 42.617, 43.29, 43.493, 43.385, 43.135, 42.944, 42.812, 42.741, 42.907, 42.766, 41.403, 40.016, 40.235, 40.872, 40.655, 40.313, 40.597, 40.373, 39.171, 38.209, 38.409, 38.69, 38.038, 37.32, 37.331, 37.385, 36.847, 36.404, 36.321, 36.336, 36.214, 35.841, 35.454, 35.256, 34.941, 34.476, 34.433, 34.567, 34.443, 34.205, 34.321, 34.341, 34.306, 34.553, 34.885, 34.945, 34.995, 35.037, 35.102, 34.961, 34.895, 35.056, 35.204, 35.391, 35.516, 35.587, 35.84, 36.447, 37.294, 38.213, 39.18, 40.013, 40.26, 39.8, 39.822, 40.105, 40.09, 40.256, 40.39, 40.024, 40.261, 41.744, 42.581, 42.026, 41.247, 41.067, 40.796, 40.377, 40.241, 40.011, 39.73, 39.754, 39.739, 39.613, 39.236, 38.52, 38.05, 37.945, 37.43, 36.398, 35.91, 36.018, 35.8, 35.793, 35.99, 35.921, 36.015, 36.106, 35.728, 35.743, 36.359, 36.625, 36.451, 36.446, 36.291, 35.913, 35.466, 35.043, 34.972, 35.313, 35.469, 35.314, 35.845, 36.935, 37.674, 37.947, 38.378, 38.815, 39.06, 39.197, 39.343, 39.805, 40.156, 40.101, 39.783, 39.055, 38.625, 38.853, 38.856, 38.541, 38.596, 38.619, 38.319, 38.151, 39.187, 41.199, 42.84, 43.417, 42.859, 42.232, 42.64, 43.089, 42.788, 42.356, 42.436, 42.698, 42.404, 41.983, 41.731, 41.17, 40.972, 41.617, 41.781, 41.621, 41.726, 42.041, 42.267, 42.187, 41.798, 41.177, 40.269, 39.115, 38.688, 39.561, 39.614, 31.631], [31.649, 30.785, 30.995, 30.571, 29.595, 29.002, 28.427, 27.91, 27.41, 25.286, 20.929, 16.861, 13.26, 7.508, 0.0, 5.585, 8.177, 10.738, 15.771, 21.147, 24.563, 26.505, 28.472, 31.382, 34.885, 36.858, 37.32, 37.605, 38.179, 39.824, 41.198, 40.717, 39.785, 40.325, 40.87, 40.643, 40.547, 41.099, 41.435, 41.487, 41.978, 42.693, 42.912, 42.808, 42.553, 42.336, 42.167, 42.077, 42.247, 42.08, 40.605, 39.123, 39.372, 40.131, 40.045, 39.791, 40.119, 39.89, 38.626, 37.611, 37.868, 38.171, 37.46, 36.666, 36.687, 36.75, 36.152, 35.657, 35.551, 35.549, 35.396, 34.99, 34.573, 34.359, 33.995, 33.46, 33.434, 33.569, 33.411, 33.156, 33.309, 33.36, 33.342, 33.615, 33.959, 34.014, 34.085, 34.162, 34.253, 34.108, 34.035, 34.223, 34.406, 34.584, 34.688, 34.747, 34.988, 35.627, 36.559, 37.566, 38.605, 39.51, 39.771, 39.238, 39.234, 39.527, 39.512, 39.676, 39.752, 39.282, 39.496, 41.053, 41.932, 41.354, 40.549, 40.367, 40.085, 39.642, 39.507, 39.267, 38.977, 38.999, 38.956, 38.793, 38.439, 37.803, 37.401, 37.286, 36.697, 35.609, 35.157, 35.305, 35.086, 35.112, 35.357, 35.312, 35.448, 35.591, 35.223, 35.277, 35.964, 36.228, 35.995, 35.937, 35.658, 35.085, 34.496, 34.014, 33.952, 34.333, 34.472, 34.299, 35.014, 36.37, 37.249, 37.594, 38.079, 38.523, 38.739, 38.86, 39.014, 39.514, 39.901, 39.859, 39.531, 38.736, 38.264, 38.535, 38.51, 38.088, 38.09, 38.1, 37.759, 37.498, 38.602, 40.755, 42.45, 42.966, 42.315, 41.668, 42.197, 42.763, 42.471, 42.027, 42.154, 42.492, 42.228, 41.814, 41.557, 40.938, 40.69, 41.353, 41.52, 41.33, 41.424, 41.761, 42.021, 41.942, 41.509, 40.829, 39.868, 38.644, 38.174, 39.09, 39.117, 32.571], [32.453, 31.643, 31.849, 31.41, 30.443, 29.897, 29.37, 28.893, 28.523, 26.719, 22.813, 19.197, 16.394, 11.944, 5.585, 0.0, 3.955, 8.142, 13.915, 19.449, 22.988, 25.073, 27.273, 30.544, 34.396, 36.521, 36.994, 37.281, 37.872, 39.534, 40.927, 40.441, 39.496, 40.037, 40.584, 40.345, 40.241, 40.805, 41.144, 41.189, 41.692, 42.422, 42.653, 42.56, 42.307, 42.077, 41.89, 41.79, 41.962, 41.775, 40.244, 38.735, 38.995, 39.789, 39.754, 39.54, 39.875, 39.639, 38.377, 37.376, 37.661, 37.969, 37.246, 36.447, 36.486, 36.549, 35.925, 35.397, 35.267, 35.253, 35.09, 34.677, 34.257, 34.04, 33.656, 33.09, 33.078, 33.226, 33.072, 32.833, 33.017, 33.08, 33.076, 33.375, 33.731, 33.785, 33.87, 33.963, 34.07, 33.933, 33.86, 34.045, 34.232, 34.406, 34.496, 34.545, 34.772, 35.404, 36.338, 37.353, 38.404, 39.329, 39.582, 39.007, 38.978, 39.263, 39.245, 39.412, 39.478, 38.978, 39.181, 40.754, 41.642, 41.052, 40.242, 40.062, 39.779, 39.339, 39.226, 38.996, 38.711, 38.733, 38.677, 38.508, 38.191, 37.609, 37.234, 37.106, 36.488, 35.4, 35.003, 35.198, 34.98, 35.002, 35.261, 35.234, 35.387, 35.542, 35.174, 35.235, 35.941, 36.192, 35.931, 35.854, 35.536, 34.882, 34.22, 33.704, 33.652, 34.056, 34.189, 34.018, 34.86, 36.362, 37.309, 37.687, 38.191, 38.624, 38.817, 38.935, 39.095, 39.608, 40.013, 39.971, 39.618, 38.788, 38.304, 38.588, 38.545, 38.081, 38.052, 38.04, 37.66, 37.343, 38.452, 40.637, 42.343, 42.832, 42.132, 41.465, 42.052, 42.684, 42.403, 41.954, 42.098, 42.462, 42.2, 41.786, 41.523, 40.868, 40.592, 41.262, 41.427, 41.225, 41.319, 41.666, 41.941, 41.864, 41.42, 40.736, 39.774, 38.51, 37.981, 38.911, 38.954, 33.262], [32.853, 32.09, 32.334, 31.918, 30.974, 30.444, 29.926, 29.481, 29.214, 27.595, 23.83, 20.154, 17.318, 13.321, 8.177, 3.955, 0.0, 5.581, 12.618, 18.681, 22.362, 24.454, 26.735, 30.186, 34.181, 36.362, 36.854, 37.174, 37.802, 39.488, 40.897, 40.42, 39.478, 40.015, 40.564, 40.328, 40.224, 40.788, 41.131, 41.178, 41.681, 42.411, 42.646, 42.556, 42.303, 42.074, 41.888, 41.79, 41.968, 41.777, 40.229, 38.721, 38.985, 39.77, 39.728, 39.513, 39.854, 39.626, 38.374, 37.37, 37.652, 37.957, 37.241, 36.462, 36.505, 36.559, 35.931, 35.401, 35.269, 35.245, 35.068, 34.649, 34.231, 34.016, 33.628, 33.053, 33.05, 33.213, 33.069, 32.835, 33.015, 33.081, 33.074, 33.359, 33.711, 33.77, 33.86, 33.955, 34.066, 33.939, 33.873, 34.055, 34.24, 34.416, 34.505, 34.551, 34.776, 35.393, 36.306, 37.315, 38.372, 39.302, 39.553, 38.981, 38.95, 39.22, 39.197, 39.367, 39.446, 38.963, 39.164, 40.74, 41.643, 41.052, 40.24, 40.063, 39.782, 39.347, 39.248, 39.028, 38.747, 38.769, 38.717, 38.557, 38.252, 37.672, 37.289, 37.153, 36.523, 35.431, 35.065, 35.287, 35.059, 35.054, 35.304, 35.28, 35.432, 35.583, 35.214, 35.275, 35.979, 36.227, 35.965, 35.889, 35.572, 34.907, 34.225, 33.697, 33.648, 34.065, 34.196, 34.018, 34.89, 36.412, 37.354, 37.73, 38.233, 38.661, 38.856, 38.982, 39.141, 39.646, 40.051, 40.014, 39.665, 38.841, 38.355, 38.626, 38.576, 38.116, 38.095, 38.08, 37.679, 37.356, 38.473, 40.658, 42.361, 42.841, 42.131, 41.454, 42.037, 42.668, 42.386, 41.932, 42.071, 42.434, 42.172, 41.758, 41.494, 40.839, 40.568, 41.245, 41.408, 41.208, 41.315, 41.674, 41.949, 41.872, 41.432, 40.753, 39.801, 38.545, 38.011, 38.946, 38.997, 33.63], [33.702, 33.006, 33.313, 32.909, 31.947, 31.427, 30.95, 30.57, 30.484, 29.171, 25.661, 22.018, 19.09, 15.172, 10.738, 8.142, 5.581, 0.0, 8.281, 15.732, 20.224, 22.657, 25.128, 28.814, 33.039, 35.399, 35.997, 36.403, 37.13, 38.932, 40.434, 39.96, 39.0, 39.595, 40.197, 39.962, 39.868, 40.459, 40.813, 40.873, 41.402, 42.151, 42.393, 42.312, 42.076, 41.867, 41.69, 41.6, 41.8, 41.624, 40.048, 38.511, 38.806, 39.629, 39.588, 39.36, 39.724, 39.531, 38.26, 37.189, 37.468, 37.795, 37.044, 36.203, 36.226, 36.268, 35.599, 35.057, 34.943, 34.921, 34.737, 34.308, 33.869, 33.639, 33.242, 32.66, 32.671, 32.813, 32.634, 32.368, 32.526, 32.607, 32.587, 32.809, 33.131, 33.209, 33.318, 33.419, 33.536, 33.412, 33.357, 33.558, 33.761, 33.946, 34.037, 34.08, 34.31, 34.938, 35.869, 36.919, 38.014, 38.973, 39.238, 38.671, 38.659, 38.928, 38.887, 39.064, 39.143, 38.643, 38.846, 40.471, 41.416, 40.811, 39.976, 39.804, 39.511, 39.062, 38.974, 38.759, 38.467, 38.486, 38.437, 38.273, 37.953, 37.349, 36.96, 36.821, 36.161, 35.033, 34.689, 34.934, 34.673, 34.643, 34.895, 34.877, 35.036, 35.212, 34.856, 34.941, 35.673, 35.93, 35.644, 35.536, 35.183, 34.468, 33.745, 33.19, 33.138, 33.577, 33.694, 33.452, 34.325, 35.899, 36.853, 37.229, 37.749, 38.196, 38.4, 38.536, 38.707, 39.227, 39.655, 39.648, 39.33, 38.493, 37.98, 38.254, 38.211, 37.743, 37.733, 37.742, 37.346, 37.005, 38.159, 40.392, 42.12, 42.595, 41.864, 41.172, 41.757, 42.388, 42.096, 41.638, 41.806, 42.209, 41.96, 41.544, 41.272, 40.587, 40.295, 40.989, 41.148, 40.938, 41.065, 41.451, 41.746, 41.669, 41.209, 40.507, 39.558, 38.32, 37.811, 38.773, 38.774, 34.455], [35.18, 34.573, 34.945, 34.53, 33.51, 33.001, 32.605, 32.321, 32.472, 31.647, 28.731, 25.557, 23.019, 19.617, 15.771, 13.915, 12.618, 8.281, 0.0, 9.005, 15.402, 18.988, 21.724, 25.692, 30.534, 33.407, 34.251, 34.77, 35.63, 37.628, 39.278, 38.775, 37.807, 38.58, 39.294, 39.051, 38.987, 39.65, 40.026, 40.094, 40.667, 41.456, 41.716, 41.658, 41.456, 41.281, 41.12, 41.035, 41.273, 41.154, 39.562, 37.996, 38.356, 39.253, 39.235, 39.008, 39.404, 39.248, 37.911, 36.718, 36.993, 37.357, 36.536, 35.579, 35.594, 35.638, 34.91, 34.347, 34.272, 34.267, 34.086, 33.637, 33.138, 32.881, 32.457, 31.826, 31.827, 31.91, 31.664, 31.375, 31.525, 31.626, 31.621, 31.774, 32.034, 32.131, 32.285, 32.403, 32.516, 32.388, 32.352, 32.583, 32.816, 33.02, 33.111, 33.138, 33.354, 33.992, 34.968, 36.093, 37.24, 38.236, 38.51, 37.927, 37.961, 38.252, 38.183, 38.389, 38.477, 37.936, 38.176, 39.9, 40.874, 40.212, 39.324, 39.152, 38.84, 38.364, 38.299, 38.084, 37.765, 37.785, 37.721, 37.518, 37.18, 36.596, 36.232, 36.086, 35.383, 34.184, 33.816, 34.08, 33.806, 33.778, 34.049, 34.056, 34.256, 34.474, 34.137, 34.271, 35.072, 35.342, 34.991, 34.811, 34.36, 33.512, 32.69, 32.073, 32.004, 32.462, 32.561, 32.255, 33.215, 34.958, 36.008, 36.429, 36.979, 37.452, 37.661, 37.792, 37.979, 38.531, 39.0, 39.039, 38.729, 37.814, 37.264, 37.584, 37.55, 37.039, 37.018, 37.04, 36.651, 36.278, 37.486, 39.838, 41.637, 42.103, 41.328, 40.616, 41.26, 41.962, 41.664, 41.216, 41.475, 41.965, 41.714, 41.271, 40.969, 40.208, 39.864, 40.597, 40.759, 40.529, 40.659, 41.074, 41.403, 41.332, 40.827, 40.057, 39.057, 37.775, 37.271, 38.291, 38.24, 35.822], [36.494, 35.949, 36.349, 35.927, 34.89, 34.416, 34.075, 33.851, 34.22, 33.923, 31.716, 29.197, 27.25, 24.483, 21.147, 19.449, 18.681, 15.732, 9.005, 0.0, 8.468, 14.048, 17.457, 21.798, 27.617, 31.26, 32.424, 33.068, 34.039, 36.248, 38.054, 37.522, 36.608, 37.604, 38.436, 38.195, 38.182, 38.937, 39.344, 39.427, 40.044, 40.881, 41.172, 41.131, 40.942, 40.79, 40.65, 40.571, 40.84, 40.757, 39.142, 37.566, 37.978, 38.923, 38.916, 38.689, 39.095, 38.928, 37.51, 36.222, 36.488, 36.868, 36.018, 35.02, 35.057, 35.113, 34.362, 33.798, 33.754, 33.755, 33.574, 33.099, 32.548, 32.264, 31.816, 31.153, 31.149, 31.192, 30.9, 30.652, 30.85, 30.959, 30.965, 31.064, 31.253, 31.351, 31.552, 31.688, 31.776, 31.636, 31.639, 31.899, 32.149, 32.377, 32.478, 32.495, 32.674, 33.277, 34.263, 35.429, 36.597, 37.603, 37.869, 37.288, 37.406, 37.723, 37.632, 37.882, 38.009, 37.454, 37.715, 39.477, 40.452, 39.747, 38.822, 38.655, 38.35, 37.886, 37.863, 37.658, 37.329, 37.353, 37.26, 37.018, 36.704, 36.184, 35.855, 35.694, 34.936, 33.638, 33.206, 33.499, 33.258, 33.246, 33.532, 33.567, 33.795, 34.007, 33.676, 33.87, 34.719, 34.971, 34.563, 34.336, 33.801, 32.836, 31.947, 31.304, 31.219, 31.663, 31.766, 31.48, 32.532, 34.41, 35.565, 36.049, 36.623, 37.099, 37.298, 37.411, 37.61, 38.177, 38.656, 38.71, 38.382, 37.418, 36.886, 37.267, 37.226, 36.665, 36.62, 36.588, 36.126, 35.694, 36.977, 39.479, 41.357, 41.805, 41.003, 40.313, 41.066, 41.87, 41.579, 41.138, 41.476, 42.027, 41.751, 41.265, 40.928, 40.112, 39.745, 40.515, 40.701, 40.465, 40.582, 41.004, 41.354, 41.294, 40.763, 39.914, 38.803, 37.422, 36.899, 37.969, 37.9, 37.002], [37.043, 36.577, 37.004, 36.604, 35.64, 35.261, 34.944, 34.735, 35.26, 35.284, 33.495, 31.401, 29.866, 27.53, 24.563, 22.988, 22.362, 20.224, 15.402, 8.468, 0.0, 7.486, 13.079, 18.733, 25.315, 29.351, 30.71, 31.554, 32.682, 35.062, 36.983, 36.513, 35.725, 36.846, 37.721, 37.485, 37.502, 38.304, 38.747, 38.866, 39.525, 40.41, 40.73, 40.692, 40.506, 40.388, 40.301, 40.255, 40.539, 40.457, 38.819, 37.217, 37.621, 38.6, 38.6, 38.367, 38.763, 38.562, 37.136, 35.863, 36.119, 36.48, 35.637, 34.674, 34.726, 34.793, 34.078, 33.526, 33.476, 33.464, 33.274, 32.794, 32.237, 31.95, 31.533, 30.956, 31.0, 31.051, 30.762, 30.561, 30.796, 30.894, 30.855, 30.919, 31.078, 31.159, 31.37, 31.512, 31.575, 31.412, 31.438, 31.709, 31.939, 32.153, 32.248, 32.261, 32.418, 32.972, 33.915, 35.045, 36.167, 37.132, 37.381, 36.869, 37.073, 37.397, 37.306, 37.587, 37.745, 37.195, 37.416, 39.112, 40.05, 39.347, 38.435, 38.276, 38.005, 37.615, 37.676, 37.529, 37.226, 37.236, 37.126, 36.907, 36.652, 36.182, 35.873, 35.695, 34.893, 33.504, 33.009, 33.325, 33.122, 33.115, 33.4, 33.445, 33.664, 33.848, 33.518, 33.714, 34.549, 34.768, 34.343, 34.108, 33.558, 32.583, 31.724, 31.138, 31.073, 31.501, 31.647, 31.442, 32.482, 34.331, 35.493, 35.985, 36.561, 37.039, 37.237, 37.345, 37.548, 38.113, 38.574, 38.6, 38.256, 37.344, 36.882, 37.295, 37.226, 36.636, 36.56, 36.444, 35.885, 35.405, 36.747, 39.349, 41.283, 41.713, 40.898, 40.229, 41.03, 41.867, 41.582, 41.136, 41.483, 42.045, 41.764, 41.264, 40.911, 40.105, 39.763, 40.539, 40.724, 40.49, 40.6, 41.022, 41.376, 41.32, 40.79, 39.903, 38.702, 37.253, 36.717, 37.8, 37.73, 37.439], [37.303, 36.956, 37.456, 37.1, 36.205, 35.896, 35.589, 35.38, 35.969, 36.084, 34.411, 32.484, 31.174, 29.149, 26.505, 25.073, 24.454, 22.657, 18.988, 14.048, 7.486, 0.0, 8.174, 16.502, 24.008, 27.974, 29.249, 30.263, 31.58, 34.095, 36.106, 35.712, 35.008, 36.193, 37.1, 36.875, 36.894, 37.72, 38.217, 38.388, 39.081, 39.996, 40.339, 40.317, 40.153, 40.07, 40.02, 40.01, 40.336, 40.275, 38.583, 36.898, 37.268, 38.276, 38.289, 38.032, 38.402, 38.209, 36.848, 35.629, 35.885, 36.234, 35.387, 34.446, 34.507, 34.58, 33.88, 33.319, 33.239, 33.202, 32.992, 32.487, 31.918, 31.64, 31.251, 30.735, 30.829, 30.903, 30.636, 30.436, 30.662, 30.76, 30.715, 30.784, 30.932, 31.002, 31.219, 31.362, 31.428, 31.265, 31.284, 31.546, 31.767, 31.966, 32.051, 32.072, 32.232, 32.754, 33.641, 34.721, 35.798, 36.719, 36.95, 36.509, 36.76, 37.061, 36.975, 37.278, 37.47, 36.955, 37.151, 38.793, 39.708, 39.002, 38.089, 37.925, 37.676, 37.338, 37.456, 37.361, 37.076, 37.065, 36.949, 36.757, 36.521, 36.056, 35.74, 35.558, 34.746, 33.309, 32.774, 33.095, 32.911, 32.907, 33.194, 33.245, 33.454, 33.625, 33.288, 33.46, 34.281, 34.498, 34.072, 33.841, 33.296, 32.347, 31.526, 30.97, 30.906, 31.335, 31.517, 31.352, 32.394, 34.243, 35.405, 35.88, 36.439, 36.927, 37.14, 37.248, 37.458, 38.024, 38.456, 38.441, 38.094, 37.234, 36.803, 37.219, 37.147, 36.557, 36.471, 36.327, 35.725, 35.212, 36.562, 39.217, 41.187, 41.611, 40.795, 40.126, 40.901, 41.712, 41.422, 40.961, 41.295, 41.855, 41.58, 41.079, 40.715, 39.91, 39.586, 40.362, 40.526, 40.287, 40.408, 40.837, 41.187, 41.126, 40.604, 39.727, 38.513, 37.045, 36.505, 37.603, 37.522, 37.579], [37.798, 37.537, 38.11, 37.798, 36.925, 36.622, 36.331, 36.152, 36.752, 36.879, 35.292, 33.543, 32.451, 30.732, 28.472, 27.273, 26.735, 25.128, 21.724, 17.457, 13.079, 8.174, 0.0, 11.001, 20.825, 25.628, 26.972, 28.016, 29.545, 32.402, 34.687, 34.409, 33.778, 35.145, 36.186, 36.022, 36.13, 37.056, 37.617, 37.839, 38.575, 39.521, 39.879, 39.89, 39.794, 39.776, 39.75, 39.759, 40.175, 40.243, 38.592, 36.898, 37.289, 38.307, 38.297, 37.996, 38.325, 38.133, 36.751, 35.479, 35.724, 36.062, 35.188, 34.248, 34.343, 34.419, 33.696, 33.13, 33.044, 33.004, 32.796, 32.257, 31.658, 31.375, 30.972, 30.426, 30.518, 30.595, 30.322, 30.125, 30.349, 30.446, 30.424, 30.491, 30.61, 30.681, 30.918, 31.068, 31.147, 31.003, 31.042, 31.329, 31.588, 31.812, 31.911, 31.953, 32.125, 32.628, 33.47, 34.51, 35.565, 36.489, 36.728, 36.323, 36.615, 36.901, 36.794, 37.115, 37.367, 36.919, 37.16, 38.827, 39.757, 39.015, 38.064, 37.902, 37.648, 37.291, 37.414, 37.328, 37.057, 37.069, 36.96, 36.765, 36.546, 36.112, 35.811, 35.638, 34.817, 33.321, 32.741, 33.054, 32.859, 32.844, 33.129, 33.177, 33.388, 33.556, 33.198, 33.357, 34.186, 34.405, 33.965, 33.732, 33.173, 32.192, 31.361, 30.802, 30.714, 31.123, 31.307, 31.208, 32.393, 34.356, 35.566, 36.044, 36.591, 37.079, 37.289, 37.371, 37.564, 38.121, 38.539, 38.545, 38.239, 37.377, 36.932, 37.343, 37.292, 36.71, 36.616, 36.464, 35.828, 35.242, 36.533, 39.178, 41.13, 41.536, 40.731, 40.086, 40.827, 41.583, 41.255, 40.776, 41.131, 41.712, 41.428, 40.911, 40.529, 39.696, 39.341, 40.122, 40.289, 40.045, 40.174, 40.614, 40.968, 40.91, 40.393, 39.53, 38.349, 36.916, 36.382, 37.489, 37.399, 37.99], [39.124, 38.862, 39.376, 39.094, 38.297, 38.01, 37.756, 37.647, 38.217, 38.303, 36.907, 35.43, 34.527, 33.136, 31.382, 30.544, 30.186, 28.814, 25.692, 21.798, 18.733, 16.502, 11.001, 0.0, 12.489, 19.831, 22.312, 23.525, 25.448, 28.988, 31.814, 31.908, 31.662, 33.395, 34.599, 34.569, 34.911, 35.992, 36.584, 36.866, 37.68, 38.649, 39.0, 39.059, 39.137, 39.368, 39.495, 39.498, 39.967, 40.323, 39.082, 37.644, 38.03, 38.969, 39.018, 38.828, 39.146, 38.915, 37.553, 36.358, 36.561, 36.849, 36.016, 35.203, 35.365, 35.463, 34.814, 34.33, 34.286, 34.278, 34.146, 33.709, 33.191, 32.928, 32.565, 32.072, 32.106, 32.188, 31.972, 31.822, 32.04, 32.111, 32.044, 32.057, 32.164, 32.237, 32.446, 32.554, 32.592, 32.453, 32.512, 32.819, 33.064, 33.246, 33.333, 33.374, 33.506, 33.917, 34.622, 35.502, 36.418, 37.259, 37.501, 37.117, 37.359, 37.621, 37.499, 37.798, 38.084, 37.725, 38.011, 39.615, 40.487, 39.753, 38.86, 38.745, 38.513, 38.192, 38.361, 38.335, 38.134, 38.193, 38.11, 37.946, 37.81, 37.502, 37.264, 37.104, 36.337, 34.924, 34.297, 34.506, 34.3, 34.255, 34.474, 34.497, 34.673, 34.803, 34.469, 34.615, 35.333, 35.506, 35.122, 34.911, 34.397, 33.523, 32.812, 32.363, 32.275, 32.552, 32.675, 32.694, 33.866, 35.625, 36.713, 37.144, 37.635, 38.077, 38.267, 38.315, 38.449, 38.93, 39.329, 39.407, 39.178, 38.381, 37.983, 38.355, 38.312, 37.803, 37.738, 37.613, 37.075, 36.57, 37.698, 40.006, 41.711, 42.075, 41.339, 40.686, 41.263, 41.891, 41.543, 41.098, 41.485, 42.066, 41.802, 41.309, 40.944, 40.164, 39.805, 40.525, 40.695, 40.447, 40.517, 40.906, 41.243, 41.198, 40.729, 39.941, 38.877, 37.586, 37.073, 37.993, 37.922, 39.296], [41.319, 41.054, 41.462, 41.217, 40.554, 40.319, 40.106, 40.057, 40.569, 40.556, 39.34, 38.077, 37.228, 36.113, 34.885, 34.396, 34.181, 33.039, 30.534, 27.617, 25.315, 24.008, 20.825, 12.489, 0.0, 10.075, 15.196, 17.697, 20.4, 24.52, 27.833, 28.505, 28.982, 31.155, 32.449, 32.579, 33.19, 34.396, 35.043, 35.446, 36.339, 37.285, 37.592, 37.719, 38.126, 38.87, 39.333, 39.358, 39.828, 40.601, 40.088, 39.118, 39.444, 40.246, 40.453, 40.513, 40.851, 40.596, 39.399, 38.454, 38.664, 38.919, 38.196, 37.569, 37.778, 37.91, 37.39, 36.997, 36.988, 37.014, 36.959, 36.663, 36.287, 36.072, 35.825, 35.535, 35.554, 35.63, 35.561, 35.506, 35.685, 35.701, 35.527, 35.452, 35.573, 35.679, 35.848, 35.89, 35.855, 35.711, 35.779, 36.059, 36.196, 36.264, 36.317, 36.333, 36.391, 36.69, 37.237, 37.912, 38.616, 39.294, 39.503, 39.123, 39.243, 39.485, 39.399, 39.668, 39.959, 39.681, 39.927, 41.35, 42.135, 41.483, 40.725, 40.664, 40.475, 40.235, 40.448, 40.509, 40.395, 40.451, 40.393, 40.287, 40.21, 40.011, 39.853, 39.722, 39.077, 37.904, 37.303, 37.374, 37.168, 37.102, 37.224, 37.216, 37.346, 37.457, 37.205, 37.322, 37.876, 38.014, 37.7