[[0.0, 3.94, 7.808, 10.826, 13.354, 16.292, 18.627, 19.764, 21.105, 23.539, 27.752, 31.357, 32.82, 33.248, 34.225, 36.214, 38.4, 39.577, 39.747, 40.623, 42.614, 44.054, 43.729, 43.122, 43.38, 43.799, 44.085, 44.494, 44.644, 45.022, 45.859, 45.586, 44.583, 44.153, 44.286, 44.303, 44.891, 46.542, 47.767, 47.428, 46.524, 46.392, 46.834, 46.768, 45.779, 44.171, 43.048, 43.26, 43.685, 42.85, 41.295, 40.114, 39.45, 39.259, 38.852, 37.705, 37.061, 37.313, 37.533, 37.768, 38.344, 38.429, 37.687, 37.24, 37.658, 38.09, 38.179, 37.939, 37.647, 37.583, 37.819, 37.976, 37.757, 37.528, 37.682, 38.109, 38.154, 37.814, 37.815, 38.121, 38.022, 37.822, 38.039, 38.345, 38.409, 38.517, 38.961, 39.283, 39.148, 39.033, 38.949, 38.786, 38.531, 38.538, 38.862, 39.274, 39.389, 39.278, 39.15, 38.966, 38.514, 38.268, 38.01, 37.926, 38.465, 39.135, 39.131, 39.073, 39.254, 39.308, 39.387, 39.485, 39.116, 38.684, 38.911, 39.151, 39.123, 39.13, 39.436, 39.968, 40.692, 41.108, 41.234, 41.104, 40.994, 41.423, 42.204, 42.262, 41.742, 41.65, 41.672, 41.365, 41.311, 41.365, 41.03, 40.267, 40.047, 40.928, 41.95, 42.509, 42.882, 42.891, 42.98, 43.61, 44.183, 5.484], [3.94, 0.0, 5.072, 9.021, 11.883, 15.047, 17.645, 18.914, 20.313, 22.82, 27.128, 30.769, 32.228, 32.665, 33.691, 35.758, 38.031, 39.247, 39.418, 40.323, 42.366, 43.833, 43.512, 42.908, 43.16, 43.584, 43.917, 44.386, 44.563, 44.954, 45.816, 45.56, 44.542, 44.1, 44.241, 44.249, 44.822, 46.487, 47.723, 47.376, 46.45, 46.297, 46.734, 46.675, 45.679, 44.043, 42.902, 43.114, 43.527, 42.67, 41.113, 39.929, 39.262, 39.073, 38.651, 37.465, 36.791, 37.038, 37.267, 37.516, 38.107, 38.205, 37.474, 37.04, 37.465, 37.903, 37.989, 37.727, 37.394, 37.3, 37.53, 37.687, 37.469, 37.249, 37.412, 37.838, 37.874, 37.52, 37.519, 37.832, 37.725, 37.51, 37.721, 38.032, 38.098, 38.201, 38.662, 39.003, 38.867, 38.745, 38.659, 38.503, 38.258, 38.271, 38.603, 39.017, 39.12, 38.997, 38.869, 38.691, 38.249, 38.009, 37.748, 37.658, 38.19, 38.857, 38.855, 38.801, 38.984, 39.033, 39.115, 39.224, 38.859, 38.428, 38.659, 38.897, 38.858, 38.857, 39.173, 39.722, 40.453, 40.869, 40.986, 40.844, 40.73, 41.167, 41.966, 42.029, 41.509, 41.428, 41.456, 41.141, 41.09, 41.166, 40.847, 40.079, 39.854, 40.757, 41.809, 42.381, 42.746, 42.739, 42.815, 43.448, 44.026, 7.748], [7.808, 5.072, 0.0, 5.153, 9.357, 13.186, 16.167, 17.738, 19.378, 22.213, 26.881, 30.68, 32.222, 32.727, 33.775, 35.826, 38.081, 39.297, 39.49, 40.408, 42.454, 43.934, 43.64, 43.056, 43.316, 43.732, 44.055, 44.547, 44.754, 45.14, 45.974, 45.713, 44.709, 44.266, 44.395, 44.381, 44.938, 46.579, 47.776, 47.424, 46.51, 46.349, 46.774, 46.73, 45.754, 44.14, 43.017, 43.236, 43.658, 42.823, 41.297, 40.136, 39.485, 39.311, 38.91, 37.759, 37.098, 37.331, 37.552, 37.79, 38.38, 38.508, 37.814, 37.399, 37.826, 38.262, 38.352, 38.117, 37.811, 37.716, 37.926, 38.072, 37.864, 37.654, 37.813, 38.234, 38.262, 37.911, 37.91, 38.215, 38.104, 37.874, 38.06, 38.359, 38.413, 38.487, 38.937, 39.306, 39.19, 39.065, 38.977, 38.822, 38.558, 38.517, 38.799, 39.189, 39.291, 39.177, 39.053, 38.877, 38.452, 38.24, 37.993, 37.902, 38.43, 39.101, 39.102, 39.052, 39.232, 39.273, 39.364, 39.5, 39.16, 38.734, 38.945, 39.17, 39.124, 39.115, 39.431, 39.983, 40.706, 41.115, 41.22, 41.07, 40.96, 41.392, 42.193, 42.269, 41.751, 41.668, 41.686, 41.364, 41.304, 41.376, 41.072, 40.336, 40.125, 41.026, 42.074, 42.633, 42.977, 42.957, 43.028, 43.652, 44.224, 9.923], [10.826, 9.021, 5.153, 0.0, 5.561, 10.779, 14.483, 16.255, 18.07, 21.287, 26.31, 30.262, 31.895, 32.48, 33.574, 35.636, 37.903, 39.144, 39.361, 40.282, 42.325, 43.817, 43.544, 42.982, 43.287, 43.744, 44.07, 44.542, 44.74, 45.131, 45.968, 45.7, 44.687, 44.241, 44.359, 44.309, 44.831, 46.463, 47.647, 47.287, 46.376, 46.204, 46.624, 46.6, 45.647, 44.034, 42.902, 43.14, 43.586, 42.75, 41.228, 40.088, 39.453, 39.292, 38.927, 37.837, 37.204, 37.427, 37.643, 37.887, 38.484, 38.625, 37.953, 37.582, 38.05, 38.486, 38.57, 38.353, 38.07, 37.979, 38.167, 38.293, 38.085, 37.881, 38.033, 38.441, 38.452, 38.093, 38.094, 38.398, 38.276, 38.017, 38.171, 38.455, 38.507, 38.569, 39.02, 39.408, 39.3, 39.179, 39.1, 38.946, 38.663, 38.588, 38.852, 39.241, 39.354, 39.249, 39.121, 38.925, 38.489, 38.284, 38.034, 37.929, 38.461, 39.145, 39.139, 39.075, 39.253, 39.297, 39.399, 39.558, 39.233, 38.792, 38.98, 39.209, 39.17, 39.159, 39.474, 40.026, 40.741, 41.152, 41.269, 41.128, 41.016, 41.434, 42.226, 42.298, 41.772, 41.687, 41.695, 41.369, 41.308, 41.389, 41.109, 40.383, 40.165, 41.075, 42.147, 42.719, 43.058, 43.041, 43.125, 43.752, 44.322, 12.33], [13.354, 11.883, 9.357, 5.561, 0.0, 6.583, 11.6, 13.937, 15.942, 19.612, 25.163, 29.278, 30.922, 31.542, 32.729, 34.895, 37.247, 38.537, 38.782, 39.712, 41.762, 43.28, 43.035, 42.507, 42.872, 43.407, 43.792, 44.269, 44.432, 44.821, 45.722, 45.52, 44.509, 44.044, 44.171, 44.099, 44.544, 46.126, 47.295, 46.924, 46.001, 45.814, 46.256, 46.287, 45.358, 43.729, 42.592, 42.861, 43.331, 42.488, 40.976, 39.878, 39.275, 39.137, 38.813, 37.791, 37.198, 37.416, 37.633, 37.905, 38.501, 38.611, 37.934, 37.625, 38.155, 38.595, 38.667, 38.435, 38.126, 37.997, 38.161, 38.281, 38.064, 37.866, 38.036, 38.44, 38.413, 38.017, 38.013, 38.319, 38.188, 37.911, 38.037, 38.306, 38.363, 38.433, 38.883, 39.261, 39.152, 39.044, 38.983, 38.842, 38.558, 38.486, 38.769, 39.164, 39.274, 39.172, 39.04, 38.824, 38.385, 38.208, 37.991, 37.902, 38.417, 39.083, 39.056, 38.98, 39.164, 39.214, 39.312, 39.46, 39.135, 38.682, 38.836, 39.047, 39.006, 38.993, 39.309, 39.856, 40.565, 40.985, 41.118, 40.989, 40.875, 41.277, 42.045, 42.099, 41.584, 41.511, 41.514, 41.188, 41.135, 41.218, 40.943, 40.209, 39.986, 40.904, 42.0, 42.596, 42.935, 42.919, 43.001, 43.632, 44.204, 14.748], [16.292, 15.047, 13.186, 10.779, 6.583, 0.0, 6.288, 10.151, 12.843, 17.034, 23.581, 28.183, 29.886, 30.474, 31.706, 33.991, 36.453, 37.794, 38.071, 39.025, 41.097, 42.672, 42.501, 42.033, 42.45, 43.041, 43.483, 43.985, 44.102, 44.407, 45.31, 45.225, 44.33, 43.883, 44.002, 43.957, 44.405, 45.943, 47.07, 46.696, 45.803, 45.658, 46.172, 46.27, 45.385, 43.815, 42.739, 43.026, 43.509, 42.705, 41.261, 40.235, 39.679, 39.561, 39.265, 38.304, 37.743, 37.956, 38.176, 38.457, 39.026, 39.088, 38.392, 38.099, 38.64, 39.065, 39.13, 38.882, 38.539, 38.368, 38.508, 38.637, 38.409, 38.194, 38.352, 38.741, 38.694, 38.296, 38.304, 38.598, 38.477, 38.221, 38.335, 38.583, 38.649, 38.733, 39.158, 39.501, 39.392, 39.296, 39.25, 39.125, 38.84, 38.757, 39.06, 39.463, 39.561, 39.458, 39.332, 39.121, 38.728, 38.604, 38.432, 38.369, 38.85, 39.475, 39.415, 39.305, 39.478, 39.538, 39.629, 39.739, 39.413, 38.988, 39.089, 39.229, 39.171, 39.177, 39.49, 40.004, 40.692, 41.122, 41.26, 41.135, 41.036, 41.434, 42.175, 42.241, 41.806, 41.804, 41.841, 41.53, 41.482, 41.546, 41.255, 40.529, 40.313, 41.213, 42.28, 42.838, 43.128, 43.078, 43.129, 43.74, 44.307, 17.432], [18.627, 17.645, 16.167, 14.483, 11.6, 6.288, 0.0, 5.366, 9.143, 13.683, 20.924, 26.181, 28.18, 28.818, 30.076, 32.512, 35.206, 36.679, 36.994, 38.014, 40.206, 41.904, 41.808, 41.373, 41.818, 42.44, 42.896, 43.405, 43.502, 43.72, 44.577, 44.544, 43.768, 43.389, 43.501, 43.491, 44.067, 45.72, 46.881, 46.503, 45.634, 45.571, 46.171, 46.285, 45.41, 43.89, 42.841, 43.127, 43.626, 42.848, 41.424, 40.403, 39.848, 39.715, 39.373, 38.344, 37.723, 37.922, 38.155, 38.428, 38.987, 39.03, 38.297, 37.975, 38.503, 38.924, 38.982, 38.701, 38.315, 38.132, 38.29, 38.447, 38.197, 37.917, 38.012, 38.383, 38.358, 37.995, 38.041, 38.348, 38.234, 37.982, 38.092, 38.34, 38.423, 38.531, 38.968, 39.304, 39.185, 39.089, 39.052, 38.93, 38.648, 38.595, 38.974, 39.432, 39.533, 39.415, 39.29, 39.095, 38.731, 38.603, 38.38, 38.28, 38.765, 39.391, 39.282, 39.102, 39.252, 39.326, 39.415, 39.494, 39.145, 38.753, 38.859, 38.96, 38.888, 38.911, 39.215, 39.694, 40.365, 40.799, 40.934, 40.8, 40.717, 41.145, 41.894, 41.988, 41.65, 41.779, 41.898, 41.598, 41.549, 41.636, 41.358, 40.61, 40.359, 41.275, 42.353, 42.876, 43.118, 43.033, 43.055, 43.653, 44.226, 19.503], [19.764, 18.914, 17.738, 16.255, 13.937, 10.151, 5.366, 0.0, 4.817, 10.475, 18.163, 23.79, 26.107, 26.962, 28.404, 31.087, 34.077, 35.706, 36.054, 37.182, 39.568, 41.393, 41.307, 40.843, 41.291, 41.935, 42.392, 42.896, 43.004, 43.255, 44.13, 44.043, 43.242, 42.918, 43.059, 43.04, 43.688, 45.514, 46.805, 46.42, 45.498, 45.435, 46.064, 46.172, 45.284, 43.706, 42.578, 42.868, 43.395, 42.586, 41.082, 39.988, 39.39, 39.217, 38.765, 37.544, 36.775, 36.95, 37.205, 37.483, 38.067, 38.131, 37.377, 37.049, 37.613, 38.057, 38.097, 37.764, 37.338, 37.167, 37.366, 37.553, 37.3, 36.969, 37.006, 37.37, 37.368, 37.01, 37.086, 37.441, 37.311, 37.01, 37.097, 37.36, 37.464, 37.601, 38.109, 38.495, 38.369, 38.272, 38.244, 38.121, 37.849, 37.856, 38.33, 38.873, 38.997, 38.859, 38.728, 38.53, 38.119, 37.895, 37.548, 37.37, 37.876, 38.532, 38.385, 38.159, 38.304, 38.387, 38.481, 38.55, 38.156, 37.764, 37.952, 38.093, 37.999, 38.002, 38.306, 38.796, 39.482, 39.918, 40.051, 39.906, 39.829, 40.301, 41.08, 41.154, 40.83, 41.054, 41.243, 40.937, 40.889, 41.038, 40.806, 40.011, 39.719, 40.716, 41.888, 42.434, 42.673, 42.583, 42.597, 43.214, 43.817, 20.547], [21.105, 20.313, 19.378, 18.07, 15.942, 12.843, 9.143, 4.817, 0.0, 7.194, 16.141, 22.236, 24.696, 25.647, 27.244, 30.171, 33.406, 35.142, 35.504, 36.694, 39.198, 41.103, 41.026, 40.545, 40.995, 41.66, 42.136, 42.64, 42.748, 43.062, 44.009, 43.903, 43.033, 42.706, 42.887, 42.871, 43.496, 45.364, 46.737, 46.364, 45.399, 45.297, 45.911, 46.021, 45.141, 43.524, 42.338, 42.638, 43.188, 42.36, 40.816, 39.69, 39.069, 38.868, 38.331, 36.964, 36.089, 36.238, 36.502, 36.793, 37.41, 37.496, 36.749, 36.452, 37.066, 37.533, 37.555, 37.186, 36.727, 36.557, 36.785, 36.989, 36.735, 36.389, 36.405, 36.763, 36.765, 36.401, 36.493, 36.884, 36.742, 36.405, 36.474, 36.742, 36.866, 37.034, 37.592, 38.015, 37.9, 37.809, 37.787, 37.674, 37.438, 37.52, 38.066, 38.651, 38.78, 38.633, 38.514, 38.327, 37.878, 37.575, 37.139, 36.887, 37.356, 38.001, 37.837, 37.594, 37.738, 37.835, 37.935, 37.99, 37.554, 37.166, 37.431, 37.611, 37.492, 37.464, 37.757, 38.244, 38.924, 39.359, 39.498, 39.356, 39.275, 39.76, 40.554, 40.595, 40.256, 40.525, 40.763, 40.464, 40.418, 40.597, 40.382, 39.567, 39.269, 40.306, 41.537, 42.126, 42.379, 42.282, 42.286, 42.921, 43.541, 21.898], [23.539, 22.82, 22.213, 21.287, 19.612, 17.034, 13.683, 10.475, 7.194, 0.0, 10.741, 18.453, 21.666, 22.702, 24.246, 27.492, 31.235, 33.225, 33.654, 34.977, 37.673, 39.718, 39.696, 39.26, 39.794, 40.556, 41.104, 41.637, 41.734, 42.06, 43.108, 43.086, 42.222, 41.873, 42.06, 42.111, 42.824, 44.775, 46.205, 45.831, 44.858, 44.787, 45.423, 45.518, 44.641, 43.013, 41.82, 42.143, 42.704, 41.868, 40.335, 39.229, 38.608, 38.388, 37.785, 36.307, 35.371, 35.514, 35.787, 36.105, 36.751, 36.833, 36.073, 35.795, 36.459, 36.966, 36.985, 36.592, 36.076, 35.874, 36.143, 36.39, 36.12, 35.715, 35.684, 36.038, 36.071, 35.758, 35.906, 36.332, 36.176, 35.821, 35.897, 36.187, 36.339, 36.54, 37.121, 37.53, 37.387, 37.271, 37.235, 37.14, 36.976, 37.186, 37.858, 38.495, 38.61, 38.441, 38.339, 38.185, 37.728, 37.343, 36.795, 36.447, 36.845, 37.443, 37.238, 36.958, 37.08, 37.181, 37.284, 37.325, 36.857, 36.508, 36.862, 37.093, 36.965, 36.912, 37.176, 37.634, 38.306, 38.76, 38.927, 38.802, 38.731, 39.252, 40.094, 40.154, 39.822, 40.126, 40.427, 40.16, 40.138, 40.344, 40.133, 39.294, 38.968, 39.975, 41.194, 41.803, 42.053, 41.912, 41.871, 42.511, 43.134, 24.289], [27.752, 27.128, 26.881, 26.31, 25.163, 23.581, 20.924, 18.163, 16.141, 10.741, 0.0, 10.082, 15.662, 17.715, 19.135, 22.56, 27.092, 29.573, 30.216, 31.915, 35.025, 37.257, 37.26, 36.922, 37.672, 38.623, 39.257, 39.822, 39.99, 40.484, 41.735, 41.848, 41.085, 40.798, 40.986, 41.129, 42.104, 44.338, 45.879, 45.474, 44.474, 44.447, 45.114, 45.213, 44.359, 42.712, 41.484, 41.805, 42.38, 41.531, 39.987, 38.882, 38.261, 38.022, 37.373, 35.847, 34.851, 34.941, 35.218, 35.565, 36.231, 36.341, 35.602, 35.34, 36.034, 36.577, 36.59, 36.131, 35.518, 35.29, 35.607, 35.913, 35.673, 35.197, 35.061, 35.379, 35.446, 35.207, 35.426, 35.888, 35.711, 35.305, 35.356, 35.658, 35.801, 35.957, 36.521, 36.901, 36.685, 36.523, 36.495, 36.454, 36.358, 36.663, 37.449, 38.159, 38.269, 38.064, 37.969, 37.874, 37.46, 37.03, 36.361, 35.901, 36.214, 36.745, 36.5, 36.203, 36.309, 36.402, 36.507, 36.555, 36.102, 35.84, 36.294, 36.618, 36.543, 36.475, 36.686, 37.107, 37.774, 38.237, 38.427, 38.311, 38.243, 38.78, 39.659, 39.75, 39.396, 39.706, 40.095, 39.879, 39.88, 40.132, 39.972, 39.133, 38.77, 39.753, 40.964, 41.605, 41.88, 41.702, 41.595, 42.213, 42.834, 28.334], [31.357, 30.769, 30.68, 30.262, 29.278, 28.183, 26.181, 23.79, 22.236, 18.453, 10.082, 0.0, 8.064, 12.55, 14.924, 18.46, 23.327, 26.081, 26.887, 29.032, 32.636, 35.05, 35.042, 34.778, 35.736, 36.91, 37.682, 38.304, 38.596, 39.408, 40.928, 41.142, 40.504, 40.412, 40.656, 40.792, 41.951, 44.42, 46.06, 45.641, 44.576, 44.484, 45.124, 45.286, 44.537, 42.929, 41.664, 41.944, 42.522, 41.684, 40.145, 39.039, 38.426, 38.19, 37.529, 36.018, 35.029, 35.067, 35.325, 35.676, 36.349, 36.498, 35.818, 35.59, 36.277, 36.808, 36.806, 36.276, 35.565, 35.304, 35.639, 35.968, 35.752, 35.245, 35.003, 35.208, 35.214, 34.962, 35.172, 35.625, 35.442, 35.011, 35.026, 35.296, 35.383, 35.458, 35.999, 36.388, 36.152, 35.986, 36.012, 36.067, 36.041, 36.392, 37.242, 38.008, 38.126, 37.899, 37.825, 37.825, 37.535, 37.16, 36.452, 35.936, 36.194, 36.684, 36.441, 36.159, 36.285, 36.397, 36.485, 36.485, 36.018, 35.795, 36.286, 36.682, 36.683, 36.627, 36.808, 37.191, 37.828, 38.285, 38.485, 38.351, 38.246, 38.754, 39.651, 39.752, 39.291, 39.466, 39.87, 39.714, 39.714, 39.95, 39.839, 39.013, 38.589, 39.56, 40.816, 41.527, 41.863, 41.69, 41.531, 42.093, 42.684, 31.851], [32.82, 32.228, 32.222, 31.895, 30.922, 29.886, 28.18, 26.107, 24.696, 21.666, 15.662, 8.064, 0.0, 6.669, 11.627, 16.614, 21.697, 24.325, 25.015, 27.265, 31.078, 33.622, 33.669, 33.449, 34.473, 35.779, 36.704, 37.368, 37.635, 38.589, 40.357, 40.699, 40.108, 40.133, 40.486, 40.601, 41.734, 44.316, 46.081, 45.713, 44.612, 44.453, 45.104, 45.36, 44.702, 43.133, 41.868, 42.13, 42.686, 41.844, 40.32, 39.233, 38.626, 38.389, 37.713, 36.172, 35.179, 35.199, 35.429, 35.743, 36.395, 36.536, 35.878, 35.705, 36.416, 36.943, 36.935, 36.365, 35.584, 35.272, 35.601, 35.909, 35.669, 35.166, 34.885, 34.997, 34.922, 34.622, 34.792, 35.222, 35.032, 34.6, 34.61, 34.857, 34.917, 35.003, 35.598, 36.009, 35.767, 35.615, 35.699, 35.823, 35.85, 36.256, 37.175, 38.006, 38.16, 37.929, 37.855, 37.892, 37.649, 37.275, 36.546, 36.025, 36.291, 36.776, 36.523, 36.253, 36.404, 36.53, 36.592, 36.544, 36.049, 35.821, 36.321, 36.741, 36.755, 36.71, 36.912, 37.308, 37.936, 38.394, 38.597, 38.447, 38.325, 38.852, 39.8, 39.915, 39.37, 39.376, 39.692, 39.557, 39.564, 39.763, 39.644, 38.792, 38.274, 39.229, 40.538, 41.291, 41.647, 41.493, 41.333, 41.882, 42.459, 33.327], [33.248, 32.665, 32.727, 32.48, 31.542, 30.474, 28.818, 26.962, 25.647, 22.702, 17.715, 12.55, 6.669, 0.0, 7.188, 14.446, 20.409, 23.034, 23.478, 25.554, 29.298, 31.873, 32.034, 31.922, 32.996, 34.381, 35.424, 36.098, 36.245, 37.21, 39.22, 39.817, 39.337, 39.385, 39.828, 40.066, 41.22, 43.839, 45.704, 45.439, 44.422, 44.341, 45.081, 45.378, 44.726, 43.198, 41.988, 42.238, 42.772, 41.959, 40.495, 39.475, 38.907, 38.682, 38.031, 36.538, 35.597, 35.627, 35.813, 36.048, 36.633, 36.728, 36.081, 35.943, 36.657, 37.172, 37.15, 36.585, 35.82, 35.502, 35.8, 36.085, 35.831, 35.359, 35.136, 35.275, 35.213, 34.946, 35.115, 35.507, 35.317, 34.936, 34.974, 35.207, 35.27, 35.4, 35.996, 36.358, 36.089, 35.931, 36.025, 36.158, 36.214, 36.662, 37.589, 38.399, 38.547, 38.326, 38.245, 38.266, 38.007, 37.616, 36.909, 36.402, 36.656, 37.133, 36.889, 36.627, 36.763, 36.863, 36.904, 36.846, 36.367, 36.164, 36.663, 37.068, 37.071, 37.025, 37.223, 37.622, 38.252, 38.701, 38.904, 38.769, 38.659, 39.171, 40.092, 40.228, 39.718, 39.675, 39.921, 39.793, 39.825, 39.997, 39.848, 39.005, 38.456, 39.322, 40.564, 41.281, 41.602, 41.435, 41.278, 41.834, 42.406, 33.797], [34.225, 33.691, 33.775, 33.574, 32.729, 31.706, 30.076, 28.404, 27.244, 24.246, 19.135, 14.924, 11.627, 7.188, 0.0, 8.919, 16.436, 19.691, 20.11, 22.125, 26.015, 28.76, 29.107, 29.256, 30.621, 32.222, 33.376, 34.043, 34.151, 35.213, 37.456, 38.34, 38.097, 38.193, 38.673, 39.13, 40.531, 43.229, 45.093, 44.905, 44.078, 44.226, 45.074, 45.342, 44.684, 43.261, 42.175, 42.401, 42.901, 42.166, 40.836, 39.941, 39.453, 39.264, 38.681, 37.368, 36.604, 36.689, 36.842, 37.012, 37.548, 37.639, 37.025, 36.857, 37.499, 37.981, 37.945, 37.407, 36.733, 36.477, 36.76, 37.049, 36.834, 36.395, 36.193, 36.354, 36.372, 36.226, 36.441, 36.802, 36.626, 36.299, 36.335, 36.526, 36.563, 36.661, 37.163, 37.449, 37.176, 37.019, 37.095, 37.211, 37.284, 37.747, 38.622, 39.343, 39.445, 39.245, 39.19, 39.22, 38.966, 38.613, 38.0, 37.525, 37.684, 38.078, 37.852, 37.61, 37.716, 37.769, 37.765, 37.691, 37.267, 37.129, 37.602, 37.986, 38.022, 37.995, 38.141, 38.477, 39.082, 39.509, 39.701, 39.598, 39.505, 39.947, 40.76, 40.875, 40.425, 40.418, 40.682, 40.581, 40.627, 40.797, 40.67, 39.893, 39.375, 40.126, 41.195, 41.805, 42.088, 41.908, 41.741, 42.269, 42.817, 34.767], [36.214, 35.758, 35.826, 35.636, 34.895, 33.991, 32.512, 31.087, 30.171, 27.492, 22.56, 18.46, 16.614, 14.446, 8.919, 0.0, 8.844, 13.345, 14.24, 16.476, 20.9, 24.135, 24.843, 25.443, 27.382, 29.359, 30.644, 31.371, 31.652, 33.005, 35.457, 36.551, 36.579, 36.796, 37.295, 37.966, 39.755, 42.621, 44.433, 44.27, 43.641, 44.056, 44.989, 45.195, 44.559, 43.299, 42.383, 42.567, 43.007, 42.363, 41.221, 40.492, 40.104, 39.953, 39.444, 38.388, 37.91, 38.08, 38.219, 38.371, 38.881, 39.013, 38.47, 38.252, 38.785, 39.212, 39.17, 38.696, 38.152, 37.972, 38.239, 38.539, 38.374, 37.944, 37.69, 37.797, 37.881, 37.844, 38.092, 38.434, 38.292, 38.001, 37.993, 38.118, 38.114, 38.144, 38.547, 38.785, 38.529, 38.38, 38.435, 38.534, 38.602, 39.026, 39.818, 40.453, 40.518, 40.344, 40.332, 40.402, 40.187, 39.916, 39.435, 39.019, 39.052, 39.312, 39.11, 38.917, 38.995, 39.002, 38.947, 38.842, 38.51, 38.504, 38.956, 39.331, 39.446, 39.466, 39.571, 39.842, 40.418, 40.843, 41.043, 40.968, 40.885, 41.258, 41.972, 42.064, 41.606, 41.561, 41.817, 41.734, 41.759, 41.904, 41.812, 41.106, 40.638, 41.309, 42.202, 42.699, 42.968, 42.795, 42.601, 43.052, 43.541, 36.66], [38.4, 38.031, 38.081, 37.903, 37.247, 36.453, 35.206, 34.077, 33.406, 31.235, 27.092, 23.327, 21.697, 20.409, 16.436, 8.844, 0.0, 5.673, 7.982, 11.204, 16.143, 19.832, 21.089, 22.283, 24.807, 27.13, 28.547, 29.386, 29.924, 31.603, 34.195, 35.437, 35.713, 36.066, 36.578, 37.393, 39.479, 42.459, 44.208, 44.065, 43.578, 44.162, 45.136, 45.298, 44.697, 43.596, 42.835, 42.982, 43.352, 42.789, 41.834, 41.28, 40.991, 40.862, 40.431, 39.664, 39.483, 39.718, 39.844, 40.002, 40.482, 40.636, 40.164, 39.926, 40.361, 40.725, 40.687, 40.298, 39.888, 39.758, 39.982, 40.263, 40.12, 39.7, 39.416, 39.463, 39.568, 39.59, 39.836, 40.151, 40.05, 39.804, 39.763, 39.826, 39.795, 39.792, 40.122, 40.321, 40.074, 39.92, 39.948, 40.027, 40.071, 40.414, 41.096, 41.647, 41.695, 41.555, 41.582, 41.681, 41.488, 41.262, 40.888, 40.53, 40.457, 40.619, 40.474, 40.347, 40.407, 40.371, 40.268, 40.121, 39.888, 40.062, 40.513, 40.883, 41.074, 41.135, 41.222, 41.472, 42.049, 42.485, 42.702, 42.646, 42.564, 42.876, 43.511, 43.584, 43.085, 42.93, 43.111, 43.021, 43.009, 43.095, 43.008, 42.374, 41.964, 42.565, 43.313, 43.739, 44.016, 43.857, 43.645, 44.011, 44.435, 38.722], [39.577, 39.247, 39.297, 39.144, 38.537, 37.794, 36.679, 35.706, 35.142, 33.225, 29.573, 26.081, 24.325, 23.034, 19.691, 13.345, 5.673, 0.0, 4.202, 9.092, 14.273, 17.956, 19.48, 21.028, 23.834, 26.33, 27.825, 28.708, 29.358, 31.233, 33.932, 35.278, 35.679, 36.106, 36.633, 37.491, 39.668, 42.684, 44.409, 44.28, 43.835, 44.457, 45.446, 45.61, 45.032, 43.983, 43.257, 43.377, 43.719, 43.189, 42.312, 41.831, 41.583, 41.466, 41.093, 40.472, 40.4, 40.638, 40.747, 40.909, 41.379, 41.537, 41.099, 40.866, 41.252, 41.581, 41.543, 41.195, 40.859, 40.756, 40.941, 41.198, 41.055, 40.649, 40.365, 40.389, 40.493, 40.539, 40.783, 41.079, 40.996, 40.787, 40.749, 40.788, 40.75, 40.751, 41.042, 41.209, 40.97, 40.814, 40.819, 40.883, 40.922, 41.232, 41.853, 42.35, 42.389, 42.272, 42.315, 42.423, 42.224, 41.982, 41.639, 41.301, 41.188, 41.33, 41.238, 41.15, 41.197, 41.138, 41.01, 40.835, 40.646, 40.912, 41.358, 41.715, 41.936, 42.013, 42.098, 42.353, 42.932, 43.358, 43.573, 43.53, 43.446, 43.711, 44.285, 44.34, 43.821, 43.604, 43.739, 43.646, 43.617, 43.673, 43.586, 43.001, 42.628, 43.191, 43.872, 44.273, 44.562, 44.424, 44.227, 44.567, 44.961, 39.854], [39.747, 39.418, 39.49, 39.361, 38.782, 38.071, 36.994, 36.054, 35.504, 33.654, 30.216, 26.887, 25.015, 23.478, 20.11, 14.24, 7.982, 4.202, 0.0, 6.06, 12.307, 16.524, 18.184, 19.734, 22.612, 25.231, 26.809, 27.697, 28.337, 30.346, 33.243, 34.734, 35.207, 35.679, 36.267, 37.186, 39.416, 42.506, 44.286, 44.177, 43.744, 44.416, 45.494, 45.718, 45.162, 44.119, 43.388, 43.504, 43.85, 43.327, 42.443, 41.949, 41.693, 41.571, 41.191, 40.551, 40.454, 40.689, 40.799, 40.962, 41.439, 41.608, 41.173, 40.929, 41.291, 41.608, 41.572, 41.231, 40.902, 40.796, 40.968, 41.216, 41.061, 40.659, 40.398, 40.449, 40.568, 40.614, 40.846, 41.132, 41.045, 40.85, 40.822, 40.858, 40.828, 40.852, 41.147, 41.308, 41.071, 40.909, 40.9, 40.962, 41.019, 41.35, 41.973, 42.464, 42.506, 42.397, 42.445, 42.549, 42.329, 42.063, 41.716, 41.385, 41.28, 41.427, 41.337, 41.234, 41.265, 41.209, 41.094, 40.928, 40.755, 41.021, 41.443, 41.777, 41.982, 42.051, 42.14, 42.394, 42.958, 43.356, 43.557, 43.522, 43.446, 43.698, 44.246, 44.295, 43.788, 43.562, 43.685, 43.59, 43.56, 43.618, 43.544, 42.964, 42.598, 43.169, 43.855, 44.256, 44.549, 44.429, 44.26, 44.619, 45.016, 40.042], [40.623, 40.323, 40.408, 40.282, 39.712, 39.025, 38.014, 37.182, 36.694, 34.977, 31.915, 29.032, 27.265, 25.554, 22.125, 16.476, 11.204, 9.092, 6.06, 0.0, 7.397, 12.936, 15.329, 16.91, 19.815, 22.688, 24.475, 25.385, 26.01, 28.287, 31.585, 33.396, 34.047, 34.608, 35.333, 36.408, 38.713, 41.858, 43.691, 43.664, 43.368, 44.244, 45.519, 45.828, 45.334, 44.445, 43.867, 43.984, 44.292, 43.825, 43.034, 42.604, 42.374, 42.256, 41.909, 41.36, 41.34, 41.587, 41.687, 41.83, 42.266, 42.424, 42.01, 41.766, 42.093, 42.378, 42.341, 42.057, 41.788, 41.678, 41.819, 42.048, 41.884, 41.516, 41.329, 41.431, 41.586, 41.641, 41.845, 42.1, 42.025, 41.853, 41.817, 41.828, 41.794, 41.811, 42.061, 42.182, 41.946, 41.78, 41.756, 41.815, 41.891, 42.23, 42.825, 43.28, 43.323, 43.244, 43.304, 43.39, 43.158, 42.916, 42.634, 42.361, 42.241, 42.349, 42.26, 42.155, 42.167, 42.111, 42.005, 41.859, 41.751, 42.028, 42.379, 42.656, 42.835, 42.889, 42.955, 43.16, 43.664, 44.03, 44.23, 44.211, 44.152, 44.392, 44.899, 44.944, 44.475, 44.25, 44.344, 44.248, 44.204, 44.258, 44.212, 43.675, 43.353, 43.889, 44.503, 44.857, 45.131, 45.024, 44.874, 45.225, 45.602, 40.903], [42.614, 42.366, 42.454, 42.325, 41.762, 41.097, 40.206, 39.568, 39.198, 37.673, 35.025, 32.636, 31.078, 29.298, 26.015, 20.9, 16.143, 14.273, 12.307, 7.397, 0.0, 6.809, 10.877, 13.267, 16.443, 19.724, 21.867, 22.829, 23.528, 26.315, 30.198, 32.469, 33.421, 34.137, 35.013, 36.272, 38.659, 41.786, 43.585, 43.651, 43.568, 44.671, 46.076, 46.416, 45.991, 45.327, 44.985, 45.113, 45.365, 44.97, 44.329, 44.03, 43.861, 43.765, 43.538, 43.258, 43.416, 43.645, 43.684, 43.786, 44.123, 44.246, 43.894, 43.676, 43.953, 44.183, 44.139, 43.936, 43.774, 43.68, 43.758, 43.953, 43.794, 43.477, 43.371, 43.507, 43.708, 43.808, 43.985, 44.193, 44.152, 44.038, 44.0, 43.968, 43.907, 43.888, 44.038, 44.078, 43.853, 43.689, 43.644, 43.686, 43.77, 44.095, 44.621, 44.999, 45.038, 45.011, 45.09, 45.154, 44.916, 44.724, 44.577, 44.42, 44.251, 44.281, 44.222, 44.142, 44.133, 44.057, 43.935, 43.792, 43.781, 44.119, 44.373, 44.567, 44.729, 44.775, 44.802, 44.92, 45.319, 45.634, 45.83, 45.829, 45.789, 45.993, 46.41, 46.437, 46.037, 45.81, 45.854, 45.759, 45.697, 45.714, 45.689, 45.246, 45.017, 45.482, 45.948, 46.199, 46.42, 46.317, 46.192, 46.509, 46.848, 42.837], [44.054, 43.833, 43.934, 43.817, 43.28, 42.672, 41.904, 41.393, 41.103, 39.718, 37.257, 35.05, 33.622, 31.873, 28.76, 24.135, 19.832, 17.956, 16.524, 12.936, 6.809, 0.0, 5.783, 10.079, 14.29, 18.011, 20.41, 21.456, 22.352, 25.603, 29.832, 32.367, 33.556, 34.409, 35.349, 36.706, 39.177, 42.286, 44.019, 44.111, 44.115, 45.256, 46.603, 46.897, 46.51, 45.949, 45.733, 45.912, 46.174, 45.8, 45.218, 44.997, 44.863, 44.776, 44.65, 44.594, 44.883, 45.096, 45.096, 45.171, 45.427, 45.514, 45.213, 45.015, 45.248, 45.441, 45.396, 45.232, 45.129, 45.043, 45.077, 45.248, 45.104, 44.819, 44.752, 44.877, 45.092, 45.23, 45.398, 45.576, 45.56, 45.492, 45.459, 45.392, 45.295, 45.247, 45.342, 45.345, 45.133, 44.969, 44.915, 44.947, 45.02, 45.317, 45.798, 46.132, 46.161, 46.165, 46.264, 46.325, 46.101, 45.962, 45.939, 45.895, 45.716, 45.694, 45.656, 45.596, 45.569, 45.474, 45.336, 45.187, 45.225, 45.582, 45.755, 45.882, 46.03, 46.076, 46.084, 46.141, 46.451, 46.711, 46.893, 46.894, 46.864, 47.048, 47.407, 47.43, 47.088, 46.861, 46.869, 46.777, 46.701, 46.678, 46.651, 46.256, 46.084, 46.518, 46.883, 47.037, 47.189, 47.08, 46.985, 47.286, 47.607, 44.249], [43.729, 43.512, 43.64, 43.544, 43.035, 42.501, 41.808, 41.307, 41.026, 39.696, 37.26, 35.042, 33.669, 32.034, 29.107, 24.843, 21.089, 19.48, 18.184, 15.329, 10.877, 5.783, 0.0, 6.002, 11.911, 16.394, 18.992, 20.109, 21.227, 24.799, 29.126, 31.612, 32.785, 33.666, 34.643, 36.049, 38.601, 41.794, 43.569, 43.653, 43.616, 44.714, 46.021, 46.276, 45.869, 45.273, 45.059, 45.307, 45.65, 45.291, 44.704, 44.484, 44.332, 44.227, 44.129, 44.139, 44.465, 44.696, 44.723, 44.803, 45.03, 45.088, 44.774, 44.573, 44.801, 44.991, 44.948, 44.777, 44.653, 44.542, 44.575, 44.751, 44.607, 44.333, 44.288, 44.404, 44.582, 44.7, 44.875, 45.059, 45.043, 44.972, 44.944, 44.875, 44.759, 44.706, 44.833, 44.864, 44.656, 44.493, 44.453, 44.491, 44.546, 44.822, 45.298, 45.638, 45.656, 45.643, 45.741, 45.808, 45.613, 45.528, 45.547, 45.536, 45.396, 45.385, 45.332, 45.266, 45.24, 45.14, 45.002, 44.867, 44.894, 45.202, 45.337, 45.451, 45.593, 45.635, 45.652, 45.718, 46.021, 46.272, 46.448, 46.435, 46.398, 46.602, 47.001, 47.056, 46.73, 46.504, 46.502, 46.401, 46.312, 46.269, 46.215, 45.786, 45.605, 46.05, 46.404, 46.525, 46.653, 46.547, 46.46, 46.759, 47.079, 43.922], [43.122, 42.908, 43.056, 42.982, 42.507, 42.033, 41.373, 40.843, 40.545, 39.26, 36.922, 34.778, 33.449, 31.922, 29.256, 25.443, 22.283, 21.028, 19.734, 16.91, 13.267, 10.079, 6.002, 0.0, 7.121, 12.894, 16.215, 17.505, 18.787, 22.82, 27.398, 29.825, 30.913, 31.851, 32.951, 34.463, 37.166, 40.571, 42.483, 42.587, 42.533, 43.692, 45.119, 45.399, 44.964, 44.368, 44.169, 44.458, 44.857, 44.548, 43.98, 43.733, 43.549, 43.43, 43.333, 43.344, 43.667, 43.914, 43.993, 44.096, 44.325, 44.362, 44.012, 43.803, 44.049, 44.244, 44.2, 44.017, 43.849, 43.7, 43.743, 43.926, 43.76, 43.484, 43.467, 43.617, 43.787, 43.863, 44.031, 44.228, 44.203, 44.103, 44.065, 44.01, 43.893, 43.823, 43.966, 44.019, 43.811, 43.655, 43.633, 43.672, 43.711, 43.983, 44.463, 44.806, 44.813, 44.777, 44.865, 44.941, 44.778, 44.738, 44.752, 44.711, 44.593, 44.623, 44.551, 44.466, 44.452, 44.357, 44.233, 44.128, 44.139, 44.389, 44.507, 44.628, 44.769, 44.805, 44.836, 44.935, 45.271, 45.542, 45.721, 45.691, 45.644, 45.877, 46.328, 46.411, 46.083, 45.865, 45.87, 45.761, 45.668, 45.619, 45.533, 45.072, 44.898, 45.373, 45.765, 45.93, 46.096, 46.008, 45.919, 46.219, 46.541, 43.301], [43.38, 43.16, 43.316, 43.287, 42.872, 42.45, 41.818, 41.291, 40.995, 39.794, 37.672, 35.736, 34.473, 32.996, 30.621, 27.382, 24.807, 23.834, 22.612, 19.815, 16.443, 14.29, 11.911, 7.121, 0.0, 7.027, 11.761, 13.697, 15.143, 19.769, 24.855, 27.502, 28.74, 29.864, 31.169, 32.878, 35.824, 39.495, 41.561, 41.72, 41.721, 43.041, 44.682, 45.038, 44.617, 44.118, 44.038, 44.38, 44.772, 44.473, 43.943, 43.707, 43.516, 43.391, 43.304, 43.332, 43.65, 43.893, 44.005, 44.133, 44.369, 44.407, 44.055, 43.85, 44.104, 44.291, 44.238, 44.055, 43.874, 43.713, 43.748, 43.921, 43.737, 43.468, 43.47, 43.647, 43.841, 43.915, 44.086, 44.291, 44.259, 44.141, 44.091, 44.04, 43.92, 43.814, 43.913, 43.944, 43.741, 43.598, 43.58, 43.611, 43.648, 43.918, 44.371, 44.69, 44.707, 44.673, 44.755, 44.84, 44.722, 44.727, 44.745, 44.668, 44.52, 44.563, 44.504, 44.415, 44.403, 44.31, 44.206, 44.138, 44.159, 44.376, 44.473, 44.583, 44.709, 44.736, 44.769, 44.878, 45.23, 45.512, 45.693, 45.65, 45.598, 45.844, 46.301, 46.386, 46.067, 45.859, 45.872, 45.773, 45.695, 45.641, 45.541, 45.098, 44.972, 45.481, 45.916, 46.137, 46.327, 46.236, 46.147, 46.449, 46.777, 43.529], [43.799, 43.584, 43.732, 43.744, 43.407, 43.041, 42.44, 41.935, 41.66, 40.556, 38.623, 36.91, 35.779, 34.381, 32.222, 29.359, 27.13, 26.33, 25.231, 22.688, 19.724, 18.011, 16.394, 12.894, 7.027, 0.0, 5.986, 9.341, 11.617, 16.903, 22.433, 25.427, 26.969, 28.276, 29.726, 31.649, 34.854, 38.727, 40.894, 41.09, 41.148, 42.601, 44.396, 44.83, 44.436, 44.006, 44.04, 44.465, 44.85, 44.508, 43.976, 43.779, 43.613, 43.478, 43.393, 43.457, 43.803, 44.045, 44.173, 44.32, 44.556, 44.608, 44.282, 44.081, 44.323, 44.504, 44.457, 44.274, 44.084, 43.92, 43.945, 44.107, 43.924, 43.674, 43.692, 43.871, 44.08, 44.175, 44.369, 44.581, 44.552, 44.426, 44.367, 44.311, 44.184, 44.06, 44.127, 44.135, 43.937, 43.809, 43.791, 43.815, 43.855, 44.106, 44.505, 44.789, 44.831, 44.82, 44.885, 44.947, 44.848, 44.895, 44.938, 44.856, 44.687, 44.725, 44.684, 44.599, 44.578, 44.479, 44.396, 44.357, 44.397, 44.617, 44.703, 44.786, 44.894, 44.925, 44.959, 45.067, 45.432, 45.715, 45.89, 45.835, 45.778, 46.045, 46.509, 46.598, 46.281, 46.06, 46.069, 45.974, 45.914, 45.88, 45.797, 45.38, 45.304, 45.867, 46.331, 46.548, 46.706, 46.584, 46.491, 46.802, 47.143, 43.89], [44.085, 43.917, 44.055, 44.07, 43.792, 43.483, 42.896, 42.392, 42.136, 41.104, 39.257, 37.682, 36.704, 35.424, 33.376, 30.644, 28.547, 27.825, 26.809, 24.475, 21.867, 20.41, 18.992, 16.215, 11.761, 5.986, 0.0, 4.912, 9.274, 15.537, 21.156, 24.282, 26.075, 27.494, 28.972, 31.05, 34.452, 38.417, 40.606, 40.817, 40.919, 42.434, 44.296, 44.795, 44.42, 43.994, 44.061, 44.539, 44.949, 44.575, 43.997, 43.809, 43.674, 43.54, 43.458, 43.568, 43.945, 44.176, 44.313, 44.49, 44.729, 44.787, 44.482, 44.279, 44.497, 44.675, 44.649, 44.477, 44.286, 44.129, 44.154, 44.311, 44.132, 43.897, 43.932, 44.115, 44.321, 44.424, 44.628, 44.839, 44.815, 44.686, 44.618, 44.557, 44.426, 44.314, 44.375, 44.374, 44.178, 44.057, 44.033, 44.049, 44.075, 44.281, 44.625, 44.889, 44.962, 44.975, 45.024, 45.048, 44.946, 45.025, 45.098, 45.037, 44.873, 44.913, 44.882, 44.796, 44.766, 44.665, 44.592, 44.563, 44.621, 44.855, 44.924, 44.972, 45.071, 45.111, 45.147, 45.257, 45.627, 45.902, 46.062, 45.993, 45.934, 46.22, 46.698, 46.793, 46.48, 46.258, 46.267, 46.168, 46.109, 46.099, 46.045, 45.652, 45.614, 46.217, 46.673, 46.846, 46.965, 46.823, 46.725, 47.033, 47.373, 44.104], [44.494, 44.386, 44.547, 44.542, 44.269, 43.985, 43.405, 42.896, 42.64, 41.637, 39.822, 38.304, 37.368, 36.098, 34.043, 31.371, 29.386, 28.708, 27.697, 25.385, 22.829, 21.456, 20.109, 17.505, 13.697, 9.341, 4.912, 0.0, 6.321, 14.283, 20.344, 23.612, 25.626, 27.183, 28.709, 30.879, 34.367, 38.374, 40.589, 40.831, 40.983, 42.542, 44.44, 44.983, 44.639, 44.228, 44.3, 44.793, 45.238, 44.884, 44.289, 44.089, 43.97, 43.864, 43.812, 43.936, 44.29, 44.494, 44.631, 44.824, 45.071, 45.131, 44.836, 44.638, 44.845, 45.016, 44.996, 44.839, 44.673, 44.537, 44.549, 44.696, 44.516, 44.285, 44.34, 44.547, 44.757, 44.854, 45.049, 45.248, 45.223, 45.1, 45.033, 44.958, 44.819, 44.723, 44.781, 44.762, 44.565, 44.438, 44.41, 44.43, 44.459, 44.659, 44.991, 45.251, 45.336, 45.359, 45.404, 45.417, 45.309, 45.387, 45.454, 45.379, 45.195, 45.226, 45.196, 45.108, 45.083, 44.983, 44.903, 44.871, 44.939, 45.184, 45.247, 45.283, 45.376, 45.416, 45.445, 45.547, 45.908, 46.166, 46.316, 46.25, 46.187, 46.459, 46.912, 46.987, 46.691, 46.498, 46.524, 46.439, 46.394, 46.394, 46.346, 45.968, 45.948, 46.566, 47.011, 47.16, 47.273, 47.13, 47.027, 47.322, 47.651, 44.482], [44.644, 44.563, 44.754, 44.74, 44.432, 44.102, 43.502, 43.004, 42.748, 41.734, 39.99, 38.596, 37.635, 36.245, 34.151, 31.652, 29.924, 29.358, 28.337, 26.01, 23.528, 22.352, 21.227, 18.787, 15.143, 11.617, 9.274, 6.321, 0.0, 9.545, 16.888, 20.95, 23.384, 25.103, 26.76, 29.118, 32.799, 36.997, 39.373, 39.701, 39.936, 41.644, 43.705, 44.321, 44.035, 43.734, 43.951, 44.523, 44.993, 44.702, 44.205, 44.071, 43.973, 43.917, 43.944, 44.083, 44.415, 44.602, 44.729, 44.927, 45.193, 45.262, 44.977, 44.793, 45.008, 45.169, 45.133, 44.982, 44.841, 44.706, 44.69, 44.825, 44.634, 44.395, 44.461, 44.707, 44.916, 44.98, 45.165, 45.359, 45.324, 45.198, 45.121, 45.036, 44.895, 44.807, 44.87, 44.841, 44.626, 44.47, 44.424, 44.448, 44.502, 44.751, 45.131, 45.411, 45.49, 45.499, 45.543, 45.575, 45.501, 45.595, 45.645, 45.54, 45.329, 45.349, 45.304, 45.193, 45.163, 45.067, 44.99, 44.959, 45.009, 45.246, 45.331, 45.37, 45.445, 45.471, 45.484, 45.56, 45.907, 46.168, 46.322, 46.249, 46.171, 46.425, 46.843, 46.889, 46.612, 46.461, 46.502, 46.434, 46.422, 46.427, 46.356, 45.963, 45.923, 46.532, 46.993, 47.15, 47.259, 47.089, 46.96, 47.248, 47.568, 44.644], [45.022, 44.954, 45.14, 45.131, 44.821, 44.407, 43.72, 43.255, 43.062, 42.06, 40.484, 39.408, 38.589, 37.21, 35.213, 33.005, 31.603, 31.233, 30.346, 28.287, 26.315, 25.603, 24.799, 22.82, 19.769, 16.903, 15.537, 14.283, 9.545, 0.0, 8.801, 14.796, 18.5, 20.464, 22.158, 24.928, 29.196, 33.799, 36.404, 36.881, 37.312, 39.332, 41.761, 42.57, 42.377, 42.326, 42.946, 43.73, 44.187, 43.977, 43.738, 43.833, 43.822, 43.821, 44.007, 44.328, 44.784, 45.011, 45.139, 45.353, 45.635, 45.722, 45.459, 45.288, 45.496, 45.63, 45.577, 45.448, 45.337, 45.199, 45.159, 45.285, 45.086, 44.831, 44.882, 45.142, 45.329, 45.35, 45.529, 45.715, 45.677, 45.552, 45.46, 45.369, 45.243, 45.171, 45.241, 45.2, 44.978, 44.805, 44.722, 44.711, 44.742, 44.992, 45.393, 45.686, 45.76, 45.751, 45.777, 45.824, 45.848, 46.056, 46.147, 46.047, 45.833, 45.856, 45.784, 45.627, 45.584, 45.516, 45.488, 45.481, 45.502, 45.698, 45.772, 45.78, 45.815, 45.823, 45.81, 45.84, 46.164, 46.434, 46.581, 46.465, 46.347, 46.585, 46.996, 47.058, 46.83, 46.739, 46.791, 46.723, 46.735, 46.73, 46.605, 46.183, 46.099, 46.614, 47.007, 47.136, 47.214, 46.972, 46.776, 47.037, 47.327, 45.001], [45.859, 45.816, 45.974, 45.968, 45.722, 45.31, 44.577, 44.13, 44.009, 43.108, 41.735, 40.928, 40.357, 39.22, 37.456, 35.457, 34.195, 33.932, 33.243, 31.585, 30.198, 29.832, 29.126, 27.398, 24.855, 22.433, 21.156, 20.344, 16.888, 8.801, 0.0, 7.907, 13.646, 16.304, 17.846, 20.829, 25.769, 30.825, 33.61, 34.232, 34.899, 37.227, 39.944, 40.9, 40.82, 41.026, 41.968, 42.913, 43.359, 43.237, 43.291, 43.684, 43.818, 43.852, 44.176, 44.819, 45.543, 45.869, 46.039, 46.28, 46.573, 46.696, 46.455, 46.268, 46.449, 46.554, 46.501, 46.411, 46.33, 46.197, 46.159, 46.282, 46.092, 45.832, 45.851, 46.065, 46.199, 46.212, 46.409, 46.581, 46.542, 46.436, 46.354, 46.26, 46.133, 46.066, 46.134, 46.1, 45.919, 45.772, 45.659, 45.602, 45.578, 45.759, 46.109, 46.377, 46.447, 46.432, 46.433, 46.472, 46.588, 46.919, 47.046, 46.926, 46.695, 46.726, 46.65, 46.469, 46.419, 46.388, 46.411, 46.435, 46.448, 46.596, 46.601, 46.554, 46.567, 46.578, 46.56, 46.564, 46.868, 47.137, 47.264, 47.1, 46.94, 47.159, 47.587, 47.711, 47.57, 47.547, 47.597, 47.517, 47.538, 47.517, 47.352, 46.928, 46.808, 47.169, 47.412, 47.47, 47.525, 47.251, 47.017, 47.223, 47.458, 45.791], [45.586, 45.56, 45.713, 45.7, 45.52, 45.225, 44.544, 44.043, 43.903, 43.086, 41.848, 41.142, 40.699, 39.817, 38.34, 36.551, 35.437, 35.278, 34.734, 33.396, 32.469, 32.367, 31.612, 29.825, 27.502, 25.427, 24.282, 23.612, 20.95, 14.796, 7.907, 0.0, 7.342, 11.612, 13.668, 16.645, 22.11, 27.846, 30.996, 31.732, 32.514, 35.057, 37.947, 38.939, 38.902, 39.215, 40.229, 41.216, 41.688, 41.668, 41.94, 42.528, 42.759, 42.809, 43.137, 43.904, 44.82, 45.276, 45.521, 45.81, 46.163, 46.334, 46.079, 45.879, 46.087, 46.204, 46.152, 46.052, 45.938, 45.805, 45.814, 45.944, 45.757, 45.508, 45.526, 45.697, 45.764, 45.744, 45.953, 46.137, 46.079, 45.945, 45.867, 45.785, 45.65, 45.569, 45.661, 45.678, 45.543, 45.428, 45.315, 45.254, 45.213, 45.361, 45.698, 45.978, 46.038, 45.985, 45.963, 46.009, 46.167, 46.536, 46.626, 46.456, 46.24, 46.293, 46.195, 45.992, 45.95, 45.957, 46.025, 46.083, 46.073, 46.137, 46.09, 46.018, 46.009, 46.013, 46.017, 46.03, 46.31, 46.583, 46.704, 46.508, 46.306, 46.525, 47.018, 47.226, 47.158, 47.186, 47.242, 47.15, 47.183, 47.169, 46.991, 46.564, 46.395, 46.627, 46.789, 46.843, 46.941, 46.682, 46.423, 46.586, 46.778, 45.481], [44.583, 44.542, 44.709, 44.687, 44.509, 44.33, 43.768, 43.242, 43.033, 42.222, 41.085, 40.504, 40.108, 39.337, 38.097, 36.579, 35.713, 35.679, 35.207, 34.047, 33.421, 33.556, 32.785, 30.913, 28.74, 26.969, 26.075, 25.626, 23.384, 18.5, 13.646, 7.342, 0.0, 5.939, 9.547, 12.715, 18.121, 24.427, 28.106, 28.973, 29.774, 32.524, 35.675, 36.745, 36.704, 37.027, 38.064, 39.097, 39.63, 39.708, 40.128, 40.816, 41.079, 41.135, 41.448, 42.208, 43.19, 43.749, 44.057, 44.388, 44.814, 45.026, 44.75, 44.567, 44.838, 44.992, 44.932, 44.776, 44.593, 44.466, 44.543, 44.686, 44.493, 44.266, 44.332, 44.515, 44.529, 44.451, 44.667, 44.891, 44.808, 44.608, 44.509, 44.447, 44.324, 44.242, 44.389, 44.469, 44.352, 44.248, 44.144, 44.09, 44.044, 44.178, 44.52, 44.823, 44.861, 44.755, 44.723, 44.787, 44.949, 45.303, 45.358, 45.204, 45.072, 45.15, 45.0, 44.79, 44.781, 44.815, 44.909, 44.992, 44.944, 44.904, 44.811, 44.73, 44.682, 44.66, 44.686, 44.724, 44.992, 45.283, 45.42, 45.207, 44.976, 45.207, 45.777, 46.052, 46.018, 46.074, 46.151, 46.068, 46.117, 46.124, 45.947, 45.489, 45.256, 45.425, 45.602, 45.708, 45.868, 45.647, 45.389, 45.56, 45.751, 44.465], [44.153, 44.1, 44.266, 44.241, 44.044, 43.883, 43.389, 42.918, 42.706, 41.873, 40.798, 40.412, 40.133, 39.385, 38.193, 36.796, 36.066, 36.106, 35.679, 34.608, 34.137, 34.409, 33.666, 31.851, 29.864, 28.276, 27.494, 27.183, 25.103, 20.464, 16.304, 11.612, 5.939, 0.0, 5.107, 9.497, 15.203, 21.742, 25.72, 26.723, 27.61, 30.616, 34.064, 35.243, 35.194, 35.558, 36.717, 37.839, 38.426, 38.583, 39.113, 39.884, 40.176, 40.241, 40.589, 41.416, 42.47, 43.087, 43.426, 43.796, 44.267, 44.493, 44.203, 44.028, 44.328, 44.499, 44.435, 44.256, 44.053, 43.944, 44.05, 44.194, 43.993, 43.778, 43.888, 44.114, 44.117, 44.013, 44.24, 44.489, 44.404, 44.176, 44.06, 44.011, 43.91, 43.845, 44.026, 44.124, 43.993, 43.866, 43.734, 43.649, 43.571, 43.671, 44.003, 44.316, 44.345, 44.219, 44.179, 44.239, 44.403, 44.77, 44.847, 44.75, 44.701, 44.8, 44.626, 44.436, 44.456, 44.491, 44.588, 44.678, 44.61, 44.52, 44.405, 44.321, 44.252, 44.211, 44.239, 44.299, 44.588, 44.903, 45.05, 44.832, 44.599, 44.853, 45.456, 45.744, 45.723, 45.806, 45.907, 45.829, 45.881, 45.892, 45.698, 45.203, 44.941, 45.105, 45.3, 45.408, 45.565, 45.352, 45.104, 45.292, 45.495, 44.018], [44.286, 44.241, 44.395, 44.359, 44.171, 44.002, 43.501, 43.059, 42.887, 42.06, 40.986, 40.656, 40.486, 39.828, 38.673, 37.295, 36.578, 36.633, 36.267, 35.333, 35.013, 35.349, 34.643, 32.951, 31.169, 29.726, 28.972, 28.709, 26.76, 22.158, 17.846, 13.668, 9.547, 5.107, 0.0, 6.001, 13.468, 20.628, 24.588, 25.526, 26.482, 29.666, 33.259, 34.492, 34.456, 34.849, 36.075, 37.255, 37.87, 38.06, 38.668, 39.531, 39.88, 39.974, 40.394, 41.369, 42.541, 43.189, 43.531, 43.931, 44.426, 44.665, 44.372, 44.189, 44.486, 44.65, 44.589, 44.414, 44.195, 44.073, 44.175, 44.314, 44.114, 43.901, 44.009, 44.243, 44.241, 44.13, 44.359, 44.607, 44.53, 44.311, 44.2, 44.161, 44.067, 44.006, 44.201, 44.306, 44.164, 44.007, 43.83, 43.716, 43.627, 43.709, 44.04, 44.38, 44.427, 44.3, 44.242, 44.287, 44.478, 44.898, 44.994, 44.893, 44.865, 44.992, 44.829, 44.639, 44.652, 44.686, 44.796, 44.897, 44.815, 44.714, 44.608, 44.526, 44.456, 44.419, 44.456, 44.52, 44.