[[0.0, 6.515, 17.956, 28.296, 32.644, 33.511, 33.871, 35.065, 37.29, 38.371, 37.886, 38.219, 39.454, 40.247, 40.84, 42.211, 43.732, 44.779, 45.649, 46.154, 46.09, 46.147, 46.378, 46.371, 46.213, 46.049, 45.509, 45.132, 45.384, 45.809, 46.219, 46.572, 46.802, 46.604, 46.566, 46.947, 47.217, 47.27, 46.791, 46.583, 47.096, 47.29, 46.962, 46.317, 46.018, 46.192, 46.556, 46.89, 47.293, 47.229, 46.78, 46.428, 46.358, 46.452, 46.431, 46.554, 47.559, 49.064, 49.632, 49.325, 48.321, 47.084, 46.392, 46.615, 47.047, 46.833, 45.898, 45.33, 45.756, 46.16, 45.792, 45.509, 45.747, 46.889, 47.913, 48.045, 48.109, 48.088, 47.559, 46.86, 46.637, 46.813, 47.053, 46.997, 46.776, 46.59, 46.516, 46.388, 46.111, 45.763, 45.566, 45.818, 46.511, 46.798, 46.455, 46.188, 46.238, 45.972, 45.302, 45.375, 45.839, 45.621, 45.083, 44.295, 44.309, 44.863, 45.112, 45.15, 45.199, 45.422, 45.624, 45.945, 46.007, 45.61, 45.354, 45.36, 45.433, 45.453, 45.428, 45.459, 45.451, 45.328, 45.329, 45.279, 44.573, 43.93, 44.785, 46.421, 45.978, 45.687, 47.131, 48.785, 48.425, 47.493, 47.105, 46.878, 46.922, 47.038, 46.879, 46.734, 47.126, 47.284, 46.72, 46.766, 47.239, 3.941], [6.515, 0.0, 12.364, 23.956, 28.957, 29.99, 30.419, 32.029, 34.974, 36.429, 35.936, 36.337, 37.804, 38.727, 39.343, 40.76, 42.336, 43.433, 44.383, 44.979, 44.998, 45.085, 45.325, 45.336, 45.216, 45.048, 44.454, 44.085, 44.385, 44.79, 45.154, 45.523, 45.761, 45.427, 45.195, 45.532, 45.84, 45.892, 45.367, 45.196, 45.768, 45.959, 45.572, 44.87, 44.555, 44.764, 45.176, 45.517, 45.927, 45.876, 45.423, 45.065, 45.005, 45.112, 45.075, 45.226, 46.362, 48.087, 48.793, 48.496, 47.442, 46.101, 45.29, 45.485, 45.952, 45.748, 44.765, 44.145, 44.583, 45.025, 44.625, 44.247, 44.47, 45.709, 46.771, 46.882, 46.94, 46.911, 46.327, 45.584, 45.359, 45.553, 45.798, 45.745, 45.507, 45.28, 45.167, 45.022, 44.751, 44.41, 44.212, 44.475, 45.192, 45.47, 45.075, 44.747, 44.786, 44.51, 43.813, 44.006, 44.558, 44.31, 43.721, 43.116, 43.428, 44.08, 44.318, 44.345, 44.366, 44.543, 44.724, 45.062, 45.127, 44.705, 44.444, 44.483, 44.594, 44.626, 44.599, 44.637, 44.628, 44.481, 44.484, 44.448, 43.675, 42.944, 43.866, 45.669, 45.161, 44.737, 46.397, 48.269, 47.86, 46.791, 46.359, 46.111, 46.121, 46.223, 46.056, 45.917, 46.357, 46.529, 45.944, 46.027, 46.536, 9.121], [17.956, 12.364, 0.0, 13.672, 20.51, 22.401, 23.002, 25.174, 29.558, 31.971, 31.668, 32.344, 34.351, 35.633, 36.387, 37.971, 39.828, 41.194, 42.332, 43.109, 43.367, 43.582, 43.835, 43.914, 43.941, 43.863, 43.267, 42.933, 43.238, 43.515, 43.744, 44.087, 44.352, 43.956, 43.628, 43.982, 44.341, 44.392, 43.825, 43.688, 44.35, 44.549, 44.096, 43.339, 42.981, 43.192, 43.649, 43.981, 44.344, 44.269, 43.816, 43.452, 43.382, 43.515, 43.523, 43.715, 44.876, 46.711, 47.544, 47.279, 46.197, 44.797, 43.943, 44.13, 44.62, 44.476, 43.539, 42.911, 43.32, 43.755, 43.302, 42.737, 42.801, 44.091, 45.217, 45.34, 45.384, 45.292, 44.617, 43.851, 43.641, 43.817, 44.013, 43.967, 43.765, 43.525, 43.342, 43.149, 42.901, 42.623, 42.491, 42.789, 43.483, 43.69, 43.212, 42.814, 42.846, 42.57, 41.864, 42.29, 43.133, 43.037, 42.493, 42.117, 42.74, 43.451, 43.677, 43.801, 43.94, 44.116, 44.279, 44.639, 44.727, 44.291, 44.004, 44.045, 44.179, 44.218, 44.189, 44.232, 44.208, 44.041, 44.078, 44.08, 43.267, 42.476, 43.398, 45.29, 44.748, 44.266, 46.167, 48.154, 47.561, 46.271, 45.795, 45.52, 45.474, 45.548, 45.353, 45.198, 45.702, 45.946, 45.396, 45.53, 46.128, 19.492], [28.296, 23.956, 13.672, 0.0, 8.941, 12.911, 14.221, 17.13, 23.489, 27.383, 27.633, 28.541, 31.02, 32.8, 33.812, 35.465, 37.519, 39.194, 40.55, 41.507, 42.044, 42.467, 42.77, 42.915, 43.15, 43.263, 42.804, 42.617, 42.952, 43.11, 43.245, 43.547, 43.806, 43.413, 43.137, 43.594, 43.978, 44.007, 43.416, 43.264, 43.988, 44.243, 43.831, 43.141, 42.797, 42.964, 43.383, 43.702, 43.993, 43.862, 43.43, 43.072, 42.966, 43.129, 43.189, 43.312, 44.23, 45.862, 46.662, 46.422, 45.37, 44.069, 43.371, 43.599, 44.054, 43.983, 43.219, 42.726, 43.172, 43.607, 43.126, 42.387, 42.248, 43.539, 44.79, 45.098, 45.232, 45.123, 44.413, 43.673, 43.466, 43.575, 43.713, 43.691, 43.516, 43.243, 42.972, 42.697, 42.443, 42.231, 42.178, 42.456, 43.007, 43.031, 42.403, 41.89, 41.883, 41.613, 40.85, 41.283, 42.402, 42.607, 42.244, 42.082, 42.884, 43.585, 43.804, 44.094, 44.435, 44.646, 44.774, 45.118, 45.231, 44.861, 44.613, 44.666, 44.823, 44.881, 44.867, 44.924, 44.873, 44.656, 44.701, 44.74, 43.987, 43.237, 43.992, 45.749, 45.23, 44.732, 46.652, 48.577, 47.821, 46.409, 45.93, 45.669, 45.634, 45.729, 45.513, 45.298, 45.769, 46.058, 45.59, 45.766, 46.439, 29.321], [32.644, 28.957, 20.51, 8.941, 0.0, 5.908, 8.886, 13.72, 21.668, 26.397, 26.936, 27.746, 30.264, 32.279, 33.415, 34.955, 36.852, 38.489, 39.883, 40.865, 41.434, 41.889, 42.21, 42.351, 42.653, 42.839, 42.442, 42.336, 42.708, 42.842, 42.983, 43.333, 43.608, 43.115, 42.724, 43.192, 43.563, 43.559, 42.972, 42.816, 43.547, 43.868, 43.539, 42.936, 42.621, 42.771, 43.165, 43.467, 43.713, 43.583, 43.176, 42.806, 42.686, 42.881, 42.934, 43.003, 43.869, 45.484, 46.277, 46.024, 44.97, 43.72, 43.136, 43.406, 43.812, 43.721, 43.011, 42.623, 43.193, 43.709, 43.222, 42.412, 42.226, 43.544, 44.886, 45.364, 45.628, 45.594, 44.898, 44.142, 43.897, 43.988, 44.163, 44.177, 43.94, 43.58, 43.247, 42.906, 42.6, 42.385, 42.321, 42.535, 42.998, 42.899, 42.133, 41.504, 41.443, 41.149, 40.303, 40.594, 41.806, 42.117, 41.761, 41.655, 42.592, 43.351, 43.576, 43.904, 44.265, 44.446, 44.55, 44.884, 45.004, 44.694, 44.523, 44.637, 44.853, 44.965, 44.991, 45.071, 45.006, 44.732, 44.736, 44.769, 44.047, 43.305, 43.932, 45.648, 45.147, 44.58, 46.563, 48.617, 47.874, 46.41, 45.908, 45.678, 45.684, 45.804, 45.59, 45.348, 45.771, 46.022, 45.531, 45.703, 46.38, 33.51], [33.511, 29.99, 22.401, 12.911, 5.908, 0.0, 5.15, 13.238, 22.246, 27.057, 27.468, 28.153, 30.604, 32.613, 33.752, 35.203, 36.841, 38.238, 39.578, 40.544, 41.043, 41.435, 41.755, 41.878, 42.13, 42.244, 41.817, 41.804, 42.303, 42.494, 42.691, 43.155, 43.502, 42.906, 42.307, 42.684, 43.029, 43.004, 42.378, 42.188, 42.926, 43.29, 42.967, 42.327, 41.989, 42.148, 42.549, 42.835, 43.068, 42.951, 42.524, 42.127, 42.021, 42.221, 42.22, 42.278, 43.273, 45.059, 45.945, 45.703, 44.598, 43.286, 42.696, 43.001, 43.427, 43.3, 42.513, 42.072, 42.682, 43.27, 42.798, 42.024, 41.954, 43.343, 44.723, 45.273, 45.595, 45.594, 44.889, 44.108, 43.846, 43.96, 44.187, 44.209, 43.875, 43.42, 43.054, 42.671, 42.293, 42.039, 41.956, 42.168, 42.648, 42.528, 41.698, 41.022, 40.933, 40.588, 39.661, 39.856, 41.026, 41.274, 40.785, 40.656, 41.741, 42.578, 42.805, 43.101, 43.403, 43.54, 43.629, 43.965, 44.076, 43.766, 43.623, 43.771, 44.024, 44.18, 44.246, 44.346, 44.283, 43.991, 43.985, 44.004, 43.244, 42.46, 43.087, 44.863, 44.303, 43.58, 45.651, 47.914, 47.235, 45.753, 45.219, 44.993, 45.019, 45.145, 44.942, 44.728, 45.175, 45.41, 44.876, 45.035, 45.692, 34.335], [33.871, 30.419, 23.002, 14.221, 8.886, 5.15, 0.0, 9.959, 20.37, 25.732, 26.108, 26.758, 29.39, 31.528, 32.71, 34.282, 36.07, 37.545, 38.919, 39.903, 40.432, 40.863, 41.197, 41.317, 41.57, 41.687, 41.269, 41.303, 41.853, 42.052, 42.252, 42.761, 43.198, 42.699, 42.135, 42.485, 42.829, 42.813, 42.173, 41.995, 42.723, 43.047, 42.688, 42.02, 41.667, 41.835, 42.248, 42.527, 42.771, 42.675, 42.222, 41.781, 41.657, 41.849, 41.837, 41.856, 42.808, 44.588, 45.498, 45.271, 44.132, 42.785, 42.185, 42.476, 42.901, 42.789, 41.995, 41.518, 42.095, 42.686, 42.229, 41.459, 41.457, 42.959, 44.377, 44.922, 45.24, 45.229, 44.526, 43.749, 43.487, 43.625, 43.916, 43.989, 43.665, 43.192, 42.801, 42.389, 41.974, 41.702, 41.637, 41.887, 42.388, 42.272, 41.431, 40.717, 40.607, 40.248, 39.262, 39.433, 40.635, 40.915, 40.39, 40.209, 41.329, 42.171, 42.377, 42.668, 42.993, 43.146, 43.237, 43.577, 43.685, 43.353, 43.196, 43.347, 43.612, 43.787, 43.872, 43.978, 43.915, 43.629, 43.637, 43.664, 42.889, 42.108, 42.794, 44.602, 44.003, 43.241, 45.349, 47.637, 46.95, 45.449, 44.903, 44.672, 44.701, 44.834, 44.638, 44.424, 44.86, 45.078, 44.544, 44.71, 45.363, 34.639], [35.065, 32.029, 25.174, 17.13, 13.72, 13.238, 9.959, 0.0, 11.913, 18.81, 19.929, 20.842, 24.043, 26.837, 28.42, 30.396, 32.98, 35.235, 36.916, 38.043, 38.878, 39.59, 39.951, 40.094, 40.619, 41.071, 40.825, 40.803, 41.271, 41.511, 41.76, 42.175, 42.664, 42.723, 42.952, 43.607, 43.932, 43.96, 43.498, 43.334, 43.911, 44.115, 43.793, 43.256, 42.966, 43.106, 43.471, 43.708, 43.955, 43.909, 43.545, 43.104, 42.888, 43.081, 43.259, 43.241, 43.7, 44.898, 45.503, 45.244, 44.253, 43.159, 42.734, 42.949, 43.258, 43.223, 42.69, 42.425, 42.944, 43.41, 42.97, 42.138, 41.822, 43.05, 44.245, 44.607, 44.844, 44.786, 44.15, 43.479, 43.251, 43.339, 43.606, 43.734, 43.576, 43.239, 42.874, 42.485, 42.157, 42.0, 42.047, 42.303, 42.665, 42.48, 41.717, 41.029, 40.897, 40.627, 39.826, 40.296, 41.888, 42.548, 42.273, 41.785, 42.386, 42.999, 43.166, 43.516, 44.049, 44.414, 44.614, 44.965, 45.07, 44.734, 44.512, 44.569, 44.758, 44.913, 45.012, 45.096, 44.994, 44.75, 44.832, 44.896, 44.215, 43.582, 44.28, 45.937, 45.532, 45.217, 47.125, 48.847, 47.951, 46.466, 45.973, 45.755, 45.772, 45.902, 45.697, 45.43, 45.759, 45.971, 45.564, 45.748, 46.367, 35.66], [37.29, 34.974, 29.558, 23.489, 21.668, 22.246, 20.37, 11.913, 0.0, 8.44, 11.638, 14.083, 18.291, 22.101, 24.41, 26.685, 29.975, 33.147, 35.194, 36.46, 37.651, 38.69, 39.047, 39.235, 40.219, 41.185, 41.165, 41.02, 41.453, 41.957, 42.446, 42.74, 43.143, 43.868, 45.284, 46.514, 46.799, 46.835, 46.621, 46.357, 46.691, 46.833, 46.64, 46.294, 46.124, 46.238, 46.512, 46.691, 46.899, 46.887, 46.7, 46.327, 46.037, 46.265, 46.747, 46.791, 46.727, 47.143, 47.258, 46.929, 46.216, 45.52, 45.345, 45.52, 45.694, 45.713, 45.499, 45.522, 45.989, 46.289, 45.88, 45.052, 44.243, 44.742, 45.403, 45.433, 45.526, 45.39, 44.848, 44.342, 44.191, 44.174, 44.273, 44.345, 44.348, 44.227, 43.994, 43.721, 43.597, 43.67, 43.866, 44.049, 44.14, 43.841, 43.244, 42.715, 42.59, 42.472, 42.191, 43.276, 45.253, 46.242, 46.265, 45.363, 45.166, 45.474, 45.605, 45.943, 46.631, 47.242, 47.603, 47.954, 48.029, 47.683, 47.369, 47.256, 47.273, 47.336, 47.42, 47.455, 47.298, 47.121, 47.271, 47.338, 46.784, 46.305, 46.884, 48.314, 48.369, 48.846, 50.445, 51.321, 50.104, 48.641, 48.216, 48.028, 48.029, 48.133, 47.92, 47.626, 47.874, 48.154, 47.942, 48.121, 48.663, 37.673], [38.371, 36.429, 31.971, 27.383, 26.397, 27.057, 25.732, 18.81, 8.44, 0.0, 5.635, 11.045, 16.606, 20.965, 23.654, 25.991, 29.341, 32.744, 34.915, 36.219, 37.509, 38.64, 38.976, 39.217, 40.422, 41.576, 41.592, 41.358, 41.847, 42.592, 43.285, 43.567, 43.87, 44.788, 46.731, 48.299, 48.601, 48.614, 48.465, 48.119, 48.367, 48.528, 48.41, 48.127, 48.015, 48.142, 48.39, 48.562, 48.784, 48.8, 48.656, 48.296, 48.004, 48.259, 48.867, 49.0, 48.867, 49.07, 49.005, 48.642, 48.041, 47.433, 47.249, 47.406, 47.56, 47.577, 47.436, 47.536, 47.976, 48.211, 47.82, 47.032, 45.998, 46.043, 46.361, 46.162, 46.129, 45.933, 45.429, 44.987, 44.87, 44.811, 44.81, 44.82, 44.859, 44.84, 44.734, 44.606, 44.648, 44.839, 45.068, 45.193, 45.161, 44.832, 44.357, 43.972, 43.875, 43.835, 43.934, 45.437, 47.457, 48.413, 48.491, 47.444, 46.96, 47.191, 47.311, 47.57, 48.229, 48.907, 49.341, 49.694, 49.744, 49.37, 48.996, 48.786, 48.69, 48.68, 48.744, 48.763, 48.598, 48.451, 48.59, 48.627, 48.111, 47.652, 48.138, 49.498, 49.814, 50.678, 52.182, 52.719, 51.325, 49.839, 49.429, 49.25, 49.233, 49.308, 49.089, 48.807, 49.067, 49.419, 49.294, 49.475, 49.993, 38.658], [37.886, 35.936, 31.668, 27.633, 26.936, 27.468, 26.108, 19.929, 11.638, 5.635, 0.0, 7.646, 15.011, 19.971, 22.702, 25.088, 28.507, 31.922, 34.143, 35.498, 36.776, 37.882, 38.234, 38.51, 39.675, 40.742, 40.674, 40.443, 41.027, 41.85, 42.587, 42.932, 43.285, 44.139, 45.965, 47.53, 47.907, 47.966, 47.758, 47.372, 47.661, 47.845, 47.706, 47.376, 47.245, 47.399, 47.68, 47.879, 48.139, 48.174, 47.961, 47.557, 47.274, 47.517, 48.088, 48.261, 48.315, 48.768, 48.852, 48.501, 47.824, 47.069, 46.746, 46.869, 47.053, 47.054, 46.832, 46.847, 47.283, 47.559, 47.173, 46.407, 45.445, 45.532, 45.858, 45.624, 45.55, 45.344, 44.831, 44.351, 44.199, 44.143, 44.175, 44.201, 44.206, 44.142, 44.043, 43.96, 44.026, 44.199, 44.393, 44.528, 44.547, 44.249, 43.773, 43.399, 43.31, 43.238, 43.313, 44.831, 46.773, 47.61, 47.6, 46.607, 46.275, 46.58, 46.708, 46.937, 47.529, 48.144, 48.546, 48.902, 48.951, 48.561, 48.188, 47.997, 47.92, 47.912, 47.966, 47.989, 47.834, 47.668, 47.773, 47.793, 47.251, 46.76, 47.289, 48.729, 48.988, 49.735, 51.324, 52.015, 50.624, 49.095, 48.664, 48.482, 48.462, 48.537, 48.324, 48.052, 48.336, 48.69, 48.533, 48.729, 49.279, 38.167], [38.219, 36.337, 32.344, 28.541, 27.746, 28.153, 26.758, 20.842, 14.083, 11.045, 7.646, 0.0, 9.162, 15.765, 19.101, 21.588, 25.302, 29.058, 31.528, 33.1, 34.6, 35.857, 36.26, 36.561, 37.754, 38.825, 38.757, 38.645, 39.428, 40.36, 41.133, 41.54, 42.034, 42.972, 44.709, 46.178, 46.606, 46.813, 46.69, 46.333, 46.639, 46.801, 46.634, 46.284, 46.139, 46.307, 46.6, 46.777, 47.0, 47.007, 46.762, 46.339, 46.04, 46.24, 46.757, 46.907, 47.009, 47.62, 47.818, 47.456, 46.706, 45.899, 45.574, 45.703, 45.896, 45.904, 45.656, 45.599, 46.007, 46.326, 45.964, 45.259, 44.505, 44.805, 45.202, 44.969, 44.903, 44.723, 44.243, 43.774, 43.562, 43.428, 43.448, 43.5, 43.488, 43.363, 43.193, 43.027, 42.995, 43.108, 43.277, 43.418, 43.466, 43.17, 42.649, 42.211, 42.09, 41.969, 41.926, 43.361, 45.398, 46.329, 46.293, 45.33, 45.014, 45.26, 45.385, 45.698, 46.376, 47.003, 47.35, 47.673, 47.729, 47.362, 47.026, 46.881, 46.851, 46.877, 46.943, 46.97, 46.789, 46.59, 46.72, 46.76, 46.198, 45.706, 46.232, 47.677, 47.843, 48.503, 50.169, 50.951, 49.546, 47.961, 47.534, 47.367, 47.357, 47.442, 47.237, 46.958, 47.244, 47.597, 47.428, 47.632, 48.201, 38.484], [39.454, 37.804, 34.351, 31.02, 30.264, 30.604, 29.39, 24.043, 18.291, 16.606, 15.011, 9.162, 0.0, 8.22, 13.304, 16.711, 20.952, 25.168, 28.017, 29.983, 31.944, 33.466, 33.856, 34.137, 35.488, 36.691, 36.703, 36.81, 37.902, 39.069, 40.007, 40.517, 41.14, 42.304, 44.242, 45.706, 46.084, 46.461, 46.739, 46.566, 46.808, 46.934, 46.764, 46.394, 46.236, 46.38, 46.631, 46.743, 46.859, 46.766, 46.532, 46.172, 45.863, 46.024, 46.56, 46.687, 46.613, 47.083, 47.257, 46.933, 46.249, 45.55, 45.354, 45.524, 45.693, 45.74, 45.571, 45.521, 45.877, 46.17, 45.817, 45.164, 44.552, 44.973, 45.409, 45.157, 45.051, 44.87, 44.452, 44.068, 43.859, 43.649, 43.61, 43.681, 43.705, 43.592, 43.393, 43.131, 42.979, 43.043, 43.199, 43.304, 43.291, 42.966, 42.436, 41.963, 41.806, 41.691, 41.651, 43.057, 45.196, 46.351, 46.468, 45.435, 44.771, 44.775, 44.872, 45.301, 46.165, 46.919, 47.256, 47.52, 47.578, 47.256, 46.937, 46.79, 46.763, 46.802, 46.871, 46.875, 46.647, 46.466, 46.697, 46.797, 46.267, 45.824, 46.305, 47.615, 47.738, 48.499, 50.081, 50.635, 49.151, 47.577, 47.213, 47.081, 47.082, 47.167, 46.953, 46.665, 46.936, 47.301, 47.178, 47.369, 47.908, 39.682], [40.247, 38.727, 35.633, 32.8, 32.279, 32.613, 31.528, 26.837, 22.101, 20.965, 19.971, 15.765, 8.22, 0.0, 6.896, 12.568, 18.218, 22.876, 25.945, 28.184, 30.438, 32.099, 32.455, 32.713, 34.168, 35.408, 35.425, 35.724, 37.059, 38.34, 39.32, 39.867, 40.547, 41.834, 43.932, 45.435, 45.769, 46.198, 46.796, 46.901, 47.174, 47.285, 47.07, 46.632, 46.441, 46.569, 46.805, 46.897, 46.956, 46.748, 46.42, 46.071, 45.78, 45.9, 46.409, 46.522, 46.375, 46.822, 47.049, 46.805, 46.191, 45.564, 45.416, 45.559, 45.7, 45.788, 45.656, 45.581, 45.892, 46.157, 45.794, 45.158, 44.628, 45.153, 45.687, 45.443, 45.284, 45.095, 44.709, 44.37, 44.188, 43.977, 43.917, 43.981, 44.031, 43.944, 43.745, 43.426, 43.185, 43.208, 43.366, 43.469, 43.444, 43.127, 42.614, 42.156, 41.997, 41.857, 41.75, 43.093, 45.216, 46.454, 46.7, 45.731, 44.927, 44.784, 44.841, 45.327, 46.276, 47.081, 47.408, 47.631, 47.69, 47.399, 47.081, 46.92, 46.899, 46.956, 47.022, 47.007, 46.78, 46.647, 46.942, 47.079, 46.581, 46.172, 46.668, 47.923, 47.957, 48.656, 50.155, 50.614, 49.122, 47.566, 47.225, 47.111, 47.122, 47.201, 46.986, 46.715, 46.992, 47.344, 47.208, 47.369, 47.899, 40.455], [40.84, 39.343, 36.387, 33.812, 33.415, 33.752, 32.71, 28.42, 24.41, 23.654, 22.702, 19.101, 13.304, 6.896, 0.0, 7.854, 15.739, 21.321, 24.597, 26.937, 29.337, 31.108, 31.503, 31.787, 33.321, 34.603, 34.616, 34.982, 36.394, 37.661, 38.579, 39.087, 39.779, 41.115, 43.254, 44.795, 45.174, 45.615, 46.281, 46.561, 46.943, 47.066, 46.818, 46.355, 46.165, 46.309, 46.558, 46.658, 46.722, 46.472, 46.049, 45.658, 45.39, 45.499, 45.975, 46.073, 45.939, 46.465, 46.751, 46.518, 45.93, 45.348, 45.201, 45.3, 45.444, 45.565, 45.441, 45.346, 45.653, 45.93, 45.571, 44.935, 44.42, 44.966, 45.521, 45.277, 45.13, 44.96, 44.575, 44.22, 44.038, 43.845, 43.785, 43.819, 43.856, 43.765, 43.54, 43.172, 42.882, 42.879, 43.04, 43.145, 43.108, 42.798, 42.312, 41.879, 41.737, 41.567, 41.369, 42.711, 44.906, 46.173, 46.426, 45.598, 44.916, 44.758, 44.774, 45.266, 46.206, 46.973, 47.27, 47.475, 47.54, 47.273, 46.966, 46.812, 46.814, 46.894, 46.958, 46.94, 46.738, 46.642, 46.944, 47.077, 46.573, 46.167, 46.707, 47.997, 47.953, 48.515, 50.043, 50.62, 49.195, 47.631, 47.254, 47.134, 47.16, 47.245, 47.043, 46.801, 47.097, 47.41, 47.199, 47.327, 47.866, 41.061], [42.211, 40.76, 37.971, 35.465, 34.955, 35.203, 34.282, 30.396, 26.685, 25.991, 25.088, 21.588, 16.711, 12.568, 7.854, 0.0, 9.672, 16.953, 21.043, 23.693, 26.434, 28.51, 28.976, 29.323, 31.17, 32.765, 32.86, 33.272, 34.878, 36.431, 37.604, 38.211, 38.903, 40.274, 42.554, 44.234, 44.666, 45.169, 45.924, 46.23, 46.629, 46.833, 46.696, 46.327, 46.209, 46.373, 46.597, 46.663, 46.709, 46.494, 46.135, 45.766, 45.526, 45.703, 46.259, 46.381, 46.205, 46.647, 46.831, 46.52, 45.954, 45.45, 45.351, 45.458, 45.629, 45.782, 45.703, 45.655, 45.993, 46.291, 45.965, 45.312, 44.664, 45.025, 45.451, 45.149, 44.998, 44.822, 44.401, 44.03, 43.858, 43.684, 43.628, 43.681, 43.726, 43.646, 43.425, 43.045, 42.735, 42.709, 42.838, 42.87, 42.726, 42.368, 41.891, 41.465, 41.331, 41.211, 41.104, 42.642, 45.031, 46.355, 46.578, 45.719, 44.976, 44.783, 44.774, 45.22, 46.104, 46.852, 47.154, 47.349, 47.415, 47.16, 46.852, 46.695, 46.686, 46.724, 46.731, 46.671, 46.456, 46.365, 46.666, 46.791, 46.278, 45.837, 46.369, 47.757, 47.841, 48.576, 50.231, 50.817, 49.341, 47.72, 47.321, 47.217, 47.262, 47.347, 47.139, 46.914, 47.233, 47.546, 47.317, 47.423, 47.933, 42.471], [43.732, 42.336, 39.828, 37.519, 36.852, 36.841, 36.07, 32.98, 29.975, 29.341, 28.507, 25.302, 20.952, 18.218, 15.739, 9.672, 0.0, 8.932, 14.664, 18.344, 21.771, 24.272, 24.818, 25.229, 27.483, 29.456, 29.713, 30.431, 32.653, 34.9, 36.638, 37.52, 38.217, 39.518, 41.928, 43.764, 44.17, 44.715, 45.65, 45.986, 46.298, 46.574, 46.614, 46.367, 46.323, 46.502, 46.681, 46.682, 46.67, 46.499, 46.243, 45.926, 45.727, 45.97, 46.583, 46.766, 46.624, 46.989, 47.082, 46.731, 46.139, 45.637, 45.591, 45.782, 46.002, 46.155, 46.082, 46.044, 46.404, 46.741, 46.468, 45.829, 45.128, 45.385, 45.73, 45.385, 45.182, 44.959, 44.477, 44.1, 43.943, 43.756, 43.683, 43.802, 43.883, 43.811, 43.616, 43.229, 42.849, 42.755, 42.818, 42.784, 42.597, 42.196, 41.644, 41.154, 40.994, 40.945, 40.972, 42.687, 45.208, 46.54, 46.718, 45.732, 44.819, 44.586, 44.573, 44.938, 45.75, 46.499, 46.798, 46.974, 47.033, 46.764, 46.443, 46.281, 46.249, 46.233, 46.175, 46.073, 45.84, 45.744, 46.053, 46.178, 45.646, 45.127, 45.622, 47.151, 47.371, 48.344, 50.229, 50.83, 49.202, 47.485, 47.107, 47.048, 47.087, 47.136, 46.905, 46.702, 47.063, 47.412, 47.225, 47.351, 47.833, 44.036], [44.779, 43.433, 41.194, 39.194, 38.489, 38.238, 37.545, 35.235, 33.147, 32.744, 31.922, 29.058, 25.168, 22.876, 21.321, 16.953, 8.932, 0.0, 7.204, 12.649, 17.315, 20.321, 20.957, 21.371, 23.899, 26.195, 26.76, 28.012, 30.906, 33.764, 35.955, 37.089, 37.82, 39.029, 41.446, 43.339, 43.695, 44.229, 45.287, 45.691, 45.921, 46.205, 46.362, 46.204, 46.228, 46.453, 46.635, 46.606, 46.539, 46.383, 46.144, 45.821, 45.639, 45.878, 46.468, 46.708, 46.673, 47.091, 47.233, 46.944, 46.349, 45.79, 45.727, 45.996, 46.286, 46.43, 46.309, 46.223, 46.607, 47.007, 46.772, 46.172, 45.54, 45.845, 46.229, 45.917, 45.699, 45.456, 44.948, 44.573, 44.421, 44.211, 44.123, 44.268, 44.338, 44.237, 44.037, 43.609, 43.123, 42.941, 42.941, 42.894, 42.727, 42.264, 41.559, 40.967, 40.779, 40.755, 40.828, 42.549, 45.066, 46.398, 46.564, 45.537, 44.575, 44.345, 44.34, 44.656, 45.425, 46.174, 46.452, 46.596, 46.646, 46.379, 46.074, 45.932, 45.904, 45.872, 45.792, 45.689, 45.474, 45.387, 45.704, 45.824, 45.268, 44.671, 45.071, 46.592, 46.771, 47.775, 49.797, 50.47, 48.757, 46.994, 46.648, 46.607, 46.619, 46.627, 46.369, 46.169, 46.534, 46.893, 46.77, 46.939, 47.374, 45.08], [45.649, 44.383, 42.332, 40.55, 39.883, 39.578, 38.919, 36.916, 35.194, 34.915, 34.143, 31.528, 28.017, 25.945, 24.597, 21.043, 14.664, 7.204, 0.0, 6.927, 13.413, 17.322, 18.105, 18.569, 21.579, 24.386, 25.334, 26.919, 30.046, 33.11, 35.488, 36.731, 37.498, 38.732, 41.207, 43.163, 43.526, 44.067, 45.193, 45.66, 45.856, 46.114, 46.321, 46.26, 46.378, 46.663, 46.864, 46.822, 46.706, 46.548, 46.333, 46.02, 45.824, 46.051, 46.663, 46.957, 46.958, 47.352, 47.475, 47.227, 46.714, 46.191, 46.11, 46.388, 46.723, 46.894, 46.774, 46.69, 47.102, 47.541, 47.321, 46.731, 46.12, 46.406, 46.793, 46.52, 46.336, 46.104, 45.598, 45.229, 45.082, 44.874, 44.784, 44.911, 44.95, 44.836, 44.631, 44.173, 43.631, 43.399, 43.366, 43.299, 43.104, 42.579, 41.78, 41.11, 40.916, 40.924, 41.02, 42.713, 45.233, 46.61, 46.814, 45.751, 44.733, 44.493, 44.48, 44.76, 45.518, 46.302, 46.611, 46.75, 46.792, 46.533, 46.244, 46.111, 46.071, 46.02, 45.933, 45.834, 45.628, 45.548, 45.86, 45.974, 45.425, 44.792, 45.044, 46.456, 46.654, 47.765, 49.813, 50.442, 48.653, 46.856, 46.512, 46.466, 46.459, 46.445, 46.167, 45.955, 46.299, 46.669, 46.609, 46.793, 47.186, 45.92], [46.154, 44.979, 43.109, 41.507, 40.865, 40.544, 39.903, 38.043, 36.46, 36.219, 35.498, 33.1, 29.983, 28.184, 26.937, 23.693, 18.344, 12.649, 6.927, 0.0, 7.901, 13.042, 14.31, 15.017, 18.769, 22.193, 23.396, 25.137, 28.39, 31.552, 34.048, 35.376, 36.179, 37.508, 40.22, 42.393, 42.79, 43.348, 44.601, 45.22, 45.451, 45.671, 45.899, 45.931, 46.141, 46.482, 46.715, 46.689, 46.563, 46.403, 46.251, 45.996, 45.811, 46.06, 46.721, 47.062, 47.125, 47.503, 47.544, 47.274, 46.796, 46.271, 46.156, 46.443, 46.825, 47.003, 46.866, 46.789, 47.236, 47.695, 47.467, 46.869, 46.258, 46.511, 46.891, 46.657, 46.529, 46.332, 45.827, 45.436, 45.284, 45.111, 45.046, 45.148, 45.15, 45.019, 44.8, 44.323, 43.76, 43.493, 43.426, 43.326, 43.096, 42.54, 41.689, 40.977, 40.804, 40.835, 40.895, 42.542, 45.071, 46.453, 46.671, 45.575, 44.513, 44.266, 44.23, 44.467, 45.219, 46.049, 46.422, 46.595, 46.63, 46.346, 46.052, 45.923, 45.873, 45.809, 45.73, 45.646, 45.439, 45.351, 45.649, 45.757, 45.205, 44.529, 44.681, 46.07, 46.342, 47.602, 49.701, 50.319, 48.542, 46.772, 46.417, 46.353, 46.346, 46.319, 46.025, 45.82, 46.182, 46.578, 46.54, 46.707, 47.058, 46.394], [46.09, 44.998, 43.367, 42.044, 41.434, 41.043, 40.432, 38.878, 37.651, 37.509, 36.776, 34.6, 31.944, 30.438, 29.337, 26.434, 21.771, 17.315, 13.413, 7.901, 0.0, 6.283, 8.821, 10.295, 14.672, 18.515, 19.873, 21.843, 25.44, 28.864, 31.575, 33.04, 33.867, 35.233, 38.213, 40.668, 41.075, 41.65, 43.123, 43.993, 44.303, 44.486, 44.759, 44.91, 45.2, 45.576, 45.853, 45.865, 45.733, 45.545, 45.43, 45.24, 45.092, 45.365, 46.048, 46.442, 46.667, 47.143, 47.152, 46.839, 46.316, 45.726, 45.565, 45.871, 46.266, 46.381, 46.177, 46.102, 46.615, 47.101, 46.857, 46.282, 45.698, 45.971, 46.415, 46.266, 46.214, 46.071, 45.562, 45.127, 44.963, 44.842, 44.828, 44.919, 44.88, 44.718, 44.464, 43.959, 43.395, 43.117, 43.014, 42.886, 42.666, 42.102, 41.185, 40.442, 40.307, 40.328, 40.251, 41.742, 44.206, 45.515, 45.703, 44.611, 43.589, 43.358, 43.301, 43.494, 44.242, 45.11, 45.526, 45.733, 45.759, 45.457, 45.186, 45.101, 45.085, 45.04, 44.99, 44.943, 44.763, 44.68, 44.964, 45.066, 44.512, 43.818, 43.98, 45.379, 45.605, 46.842, 48.945, 49.62, 47.976, 46.362, 46.027, 45.94, 45.941, 45.912, 45.607, 45.43, 45.812, 46.179, 46.112, 46.269, 46.542, 46.299], [46.147, 45.085, 43.582, 42.467, 41.889, 41.435, 40.863, 39.59, 38.69, 38.64, 37.882, 35.857, 33.466, 32.099, 31.108, 28.51, 24.272, 20.321, 17.322, 13.042, 6.283, 0.0, 4.114, 7.694, 12.967, 16.7, 17.865, 19.932, 23.806, 27.425, 30.246, 31.772, 32.587, 33.901, 36.97, 39.571, 39.983, 40.555, 42.149, 43.154, 43.515, 43.696, 44.012, 44.234, 44.56, 44.954, 45.27, 45.332, 45.256, 45.103, 44.977, 44.787, 44.659, 44.93, 45.578, 45.99, 46.361, 46.989, 47.05, 46.736, 46.166, 45.49, 45.253, 45.533, 45.916, 45.979, 45.727, 45.652, 46.209, 46.72, 46.457, 45.864, 45.276, 45.553, 46.056, 45.97, 45.962, 45.845, 45.331, 44.872, 44.703, 44.625, 44.666, 44.759, 44.683, 44.499, 44.24, 43.747, 43.219, 42.96, 42.825, 42.652, 42.424, 41.843, 40.88, 40.123, 40.005, 40.009, 39.88, 41.302, 43.684, 44.911, 45.085, 44.065, 43.162, 42.973, 42.902, 43.062, 43.773, 44.63, 45.05, 45.27, 45.284, 44.97, 44.728, 44.683, 44.694, 44.67, 44.65, 44.64, 44.493, 44.424, 44.709, 44.824, 44.272, 43.567, 43.831, 45.299, 45.409, 46.466, 48.538, 49.268, 47.693, 46.149, 45.832, 45.731, 45.716, 45.681, 45.38, 45.207, 45.574, 45.892, 45.785, 45.946, 46.178, 46.336], [46.378, 45.325, 43.835, 42.77, 42.21, 41.755, 41.197, 39.951, 39.047, 38.976, 38.234, 36.26, 33.856, 32.455, 31.503, 28.976, 24.818, 20.957, 18.105, 14.31, 8.821, 4.114, 0.0, 5.629, 12.475, 16.532, 17.532, 19.49, 23.47, 27.195, 30.076, 31.621, 32.409, 33.699, 36.813, 39.47, 39.869, 40.418, 42.075, 43.127, 43.48, 43.662, 43.997, 44.235, 44.571, 44.966, 45.275, 45.325, 45.268, 45.174, 45.07, 44.877, 44.753, 45.037, 45.683, 46.095, 46.49, 47.15, 47.221, 46.912, 46.348, 45.654, 45.389, 45.65, 46.019, 46.081, 45.844, 45.775, 46.317, 46.824, 46.563, 45.956, 45.344, 45.575, 46.04, 45.917, 45.896, 45.786, 45.284, 44.831, 44.666, 44.605, 44.671, 44.78, 44.707, 44.529, 44.289, 43.823, 43.321, 43.074, 42.931, 42.739, 42.495, 41.914, 40.961, 40.213, 40.088, 40.087, 39.993, 41.462, 43.819, 45.043, 45.246, 44.242, 43.345, 43.16, 43.092, 43.24, 43.93, 44.777, 45.197, 45.417, 45.422, 45.1, 44.858, 44.807, 44.806, 44.775, 44.745, 44.72, 44.567, 44.501, 44.79, 44.908, 44.356, 43.646, 43.949, 45.454, 45.543, 46.574, 48.626, 49.308, 47.673, 46.093, 45.79, 45.694, 45.662, 45.611, 45.3, 45.11, 45.454, 45.765, 45.675, 45.845, 46.068, 46.557], [46.371, 45.336, 43.914, 42.915, 42.351, 41.878, 41.317, 40.094, 39.235, 39.217, 38.51, 36.561, 34.137, 32.713, 31.787, 29.323, 25.229, 21.371, 18.569, 15.017, 10.295, 7.694, 5.629, 0.0, 8.353, 13.797, 15.556, 17.772, 22.135, 26.271, 29.443, 31.12, 31.915, 33.163, 36.267, 38.918, 39.272, 39.851, 41.692, 42.891, 43.225, 43.338, 43.662, 43.927, 44.27, 44.648, 44.942, 44.936, 44.772, 44.675, 44.694, 44.589, 44.469, 44.8, 45.552, 46.019, 46.38, 46.971, 47.009, 46.696, 46.176, 45.562, 45.358, 45.639, 45.992, 46.038, 45.811, 45.757, 46.302, 46.802, 46.545, 45.986, 45.37, 45.508, 45.884, 45.719, 45.7, 45.627, 45.16, 44.725, 44.573, 44.521, 44.595, 44.721, 44.674, 44.512, 44.267, 43.783, 43.27, 43.037, 42.915, 42.743, 42.502, 41.922, 40.98, 40.237, 40.11, 40.099, 39.956, 41.413, 43.816, 45.107, 45.299, 44.168, 43.145, 42.931, 42.876, 43.028, 43.742, 44.629, 45.059, 45.271, 45.287, 44.978, 44.727, 44.667, 44.667, 44.632, 44.594, 44.563, 44.396, 44.317, 44.6, 44.694, 44.144, 43.476, 43.744, 45.178, 45.267, 46.402, 48.444, 49.036, 47.368, 45.815, 45.533, 45.448, 45.429, 45.365, 45.023, 44.815, 45.14, 45.459, 45.437, 45.63, 45.831, 46.552], [46.213, 45.216, 43.941, 43.15, 42.653, 42.13, 41.57, 40.619, 40.219, 40.422, 39.675, 37.754, 35.488, 34.168, 33.321, 31.17, 27.483, 23.899, 21.579, 18.769, 14.672, 12.967, 12.475, 8.353, 0.0, 7.169, 11.341, 15.091, 20.129, 24.766, 28.323, 30.202, 31.018, 32.106, 34.976, 37.456, 37.705, 38.415, 40.588, 42.071, 42.43, 42.418, 42.702, 43.021, 43.362, 43.694, 43.99, 43.956, 43.609, 43.403, 43.591, 43.732, 43.649, 44.021, 44.949, 45.524, 45.859, 46.406, 46.492, 46.232, 45.748, 45.192, 45.016, 45.293, 45.594, 45.551, 45.252, 45.177, 45.74, 46.238, 45.987, 45.561, 45.006, 44.982, 45.235, 45.046, 45.019, 44.965, 44.528, 44.12, 43.997, 43.984, 44.1, 44.262, 44.242, 44.096, 43.853, 43.358, 42.834, 42.628, 42.52, 42.358, 42.14, 41.566, 40.622, 39.883, 39.769, 39.751, 39.518, 40.836, 43.28, 44.653, 44.774, 43.447, 42.296, 42.052, 42.007, 42.17, 42.921, 43.852, 44.271, 44.447, 44.487, 44.254, 44.055, 44.034, 44.078, 44.084, 44.091, 44.111, 43.964, 43.883, 44.166, 44.243, 43.734, 43.197, 43.403, 44.587, 44.533, 45.667, 47.619, 48.118, 46.57, 45.29, 45.095, 45.015, 45.05, 44.999, 44.625, 44.415, 44.73, 45.041, 45.083, 45.314, 45.476, 46.387], [46.049, 45.048, 43.863, 43.263, 42.839, 42.244, 41.687, 41.071, 41.185, 41.576, 40.742, 38.825, 36.691, 35.408, 34.603, 32.765, 29.456, 26.195, 24.386, 22.193, 18.515, 16.7, 16.532, 13.797, 7.169, 0.0, 6.689, 13.142, 19.33, 24.154, 27.743, 29.72, 30.559, 31.407, 33.922, 36.229, 36.435, 37.251, 39.596, 41.236, 41.654, 41.595, 41.804, 42.05, 42.332, 42.642, 42.976, 43.014, 42.7, 42.427, 42.578, 42.829, 42.832, 43.175, 44.066, 44.67, 45.126, 45.877, 46.159, 45.974, 45.403, 44.701, 44.409, 44.667, 44.962, 44.844, 44.424, 44.25, 44.797, 45.315, 45.075, 44.744, 44.348, 44.328, 44.549, 44.375, 44.367, 44.334, 43.9, 43.465, 43.325, 43.357, 43.552, 43.737, 43.665, 43.471, 43.236, 42.762, 42.231, 42.009, 41.861, 41.663, 41.455, 40.876, 39.89, 39.125, 39.006, 38.954, 38.67, 39.865, 42.215, 43.536, 43.605, 42.344, 41.375, 41.2, 41.148, 41.297, 41.982, 42.839, 43.226, 43.393, 43.434, 43.249, 43.117, 43.153, 43.259, 43.34, 43.426, 43.519, 43.412, 43.335, 43.634, 43.742, 43.24, 42.787, 43.117, 44.246, 43.936, 44.767, 46.709, 47.347, 45.978, 44.86, 44.69, 44.593, 44.64, 44.599, 44.217, 44.009, 44.337, 44.625, 44.613, 44.846, 45.018, 46.213], [45.509, 44.454, 43.267, 42.804, 42.442, 41.817, 41.269, 40.825, 41.165, 41.592, 40.674, 38.757, 36.703, 35.425, 34.616, 32.86, 29.713, 26.76, 25.334, 23.396, 19.873, 17.865, 17.532, 15.556, 11.341, 6.689, 0.0, 8.61, 16.609, 22.141, 25.939, 28.058, 28.938, 29.62, 32.072, 34.546, 34.859, 35.672, 38.022, 39.747, 40.273, 40.288, 40.477, 40.627, 40.875, 41.244, 41.656, 41.794, 41.685, 41.54, 41.541, 41.665, 41.789, 42.223, 42.974, 43.567, 44.37, 45.56, 46.044, 45.824, 45.047, 44.071, 43.592, 43.809, 44.125, 43.986, 43.47, 43.191, 43.716, 44.269, 44.025, 43.668, 43.36, 43.55, 43.93, 43.843, 43.892, 43.901, 43.436, 42.916, 42.728, 42.798, 43.06, 43.246, 43.092, 42.817, 42.56, 42.116, 41.624, 41.399, 41.208, 40.989, 40.825, 40.262, 39.222, 38.415, 38.289, 38.178, 37.837, 38.948, 41.042, 42.135, 42.159, 41.165, 40.551, 40.5, 40.426, 40.504, 41.041, 41.755, 42.088, 42.28, 42.323, 42.106, 41.976, 42.047, 42.203, 42.329, 42.451, 42.577, 42.501, 42.43, 42.73, 42.855, 42.285, 41.791, 42.352, 43.766, 43.323, 43.807, 45.921, 46.968, 45.764, 44.584, 44.35, 44.227, 44.257, 44.227, 43.862, 43.65, 44.013, 44.283, 44.127, 44.307, 44.529, 45.668], [45.132, 44.085, 42.933, 42.617, 42.336, 41.804, 41.303, 40.803, 41.02, 41.358, 40.443, 38.645, 36.81, 35.724, 34.982, 33.272, 30.431, 28.012, 26.919, 25.137, 21.843, 19.932, 19.49, 17.772, 15.091, 13.142, 8.61, 0.0, 9.54, 16.759, 21.57, 23.965, 24.819, 25.628, 28.747, 31.81, 32.262, 33.026, 35.481, 37.429, 38.138, 38.321, 38.701, 39.001, 39.374, 39.828, 40.288, 40.463, 40.54, 40.738, 40.898, 40.992, 41.194, 42.005, 42.989, 43.629, 44.598, 45.944, 46.397, 46.061, 45.199, 44.125, 43.505, 43.576, 43.828, 43.689, 43.208, 42.996, 43.557, 44.105, 43.835, 43.34, 42.801, 42.982, 43.479, 43.469, 43.551, 43.578, 43.096, 42.542, 42.346, 42.435, 42.701, 42.859, 42.704, 42.453, 42.184, 41.769, 41.431, 41.326, 41.157, 40.948, 40.804, 40.251, 39.222, 38.446, 38.348, 38.254, 38.012, 39.22, 41.196, 42.142, 42.128, 41.199, 40.697, 40.726, 40.658, 40.653, 41.082, 41.717, 41.993, 42.169, 42.245, 42.042, 41.902, 41.969, 42.119, 42.235, 42.352, 42.483, 42.431, 42.369, 42.63, 42.734, 42.152, 41.623, 42.228, 43.797, 43.448, 43.897, 46.047, 47.249, 46.105, 44.883, 44.636, 44.514, 44.54, 44.527, 44.175, 43.926, 44.25, 44.505, 44.319, 44.482, 44.724, 45.268], [45.384, 44.385, 43.238, 42.952, 42.708, 42.303, 41.853, 41.271, 41.453, 41.847, 41.027, 39.428, 37.902, 37.059, 36.394, 34.878, 32.653, 30.906, 30.046, 28.39, 25.44, 23.806, 23.47, 22.135, 20.129, 19.33, 16.609, 9.54, 0.0, 8.666, 14.781, 17.593, 18.477, 19.808, 24.346, 28.315, 28.904, 29.617, 32.248, 34.531, 35.507, 35.924, 36.677, 37.364, 37.937, 38.388, 38.79, 38.935, 39.137, 39.718, 40.329, 40.663, 40.85, 42.012, 43.484, 44.241, 45.108, 46.289, 46.568, 46.165, 45.4, 44.433, 43.757, 43.66, 43.797, 43.658, 43.313, 43.301, 43.914, 44.424, 44.174, 43.567, 42.648, 42.606, 43.142, 43.222, 43.378, 43.468, 43.046, 42.525, 42.325, 42.404, 42.649, 42.761, 42.629, 42.453, 42.186, 41.774, 41.569, 41.593, 41.474, 41.276, 41.098, 40.535, 39.563, 38.839, 38.781, 38.769, 38.667, 39.955, 42.007, 43.046, 43.074, 42.074, 41.507, 41.548, 41.5, 41.518, 42.027, 42.73, 42.998, 43.133, 43.253, 43.132, 43.014, 43.05, 43.154, 43.229, 43.322, 43.437, 43.402, 43.369, 43.601, 43.692, 43.172, 42.693, 43.172, 44.593, 44.366, 44.9, 46.845, 47.891, 46.801, 45.674, 45.482, 45.386, 45.433, 45.444, 45.102, 44.811, 45.033, 45.25, 45.141, 45.32, 45.532, 45.5], [45.809, 44.79, 43.515, 43.11, 42.842, 42.494, 42.052, 41.511, 41.957, 42.592, 41.85, 40.36, 39.069, 38.34, 37.661, 36.431, 34.9, 33.764, 33.11, 31.552, 28.864, 27.425, 27.195, 26.271, 24.766, 24.154, 22.141, 16.759, 8.666, 0.0, 6.863, 10.363, 11.755, 13.896, 19.984, 24.875, 25.699, 26.361, 29.017, 31.622, 32.944, 33.575, 34.588, 35.569, 36.249, 36.654, 36.997, 37.123, 37.466, 38.368, 39.343, 39.914, 40.084, 41.357, 43.117, 43.979, 44.814, 45.968, 46.209, 45.805, 45.113, 44.201, 43.456, 43.25, 43.323, 43.182, 42.921, 43.013, 43.637, 44.131, 43.915, 43.244, 42.114, 41.962, 42.551, 42.749, 43.052, 43.29, 42.977, 42.474, 42.226, 42.304, 42.595, 42.696, 42.539, 42.368, 42.089, 41.669, 41.511, 41.59, 41.512, 41.331, 41.141, 40.58, 39.623, 38.879, 38.815, 38.835, 38.76, 39.986, 42.065, 43.191, 43.31, 42.474, 42.062, 42.137, 42.093, 42.209, 42.84, 43.59, 43.862, 43.993, 44.129, 44.04, 43.939, 43.959, 44.037, 44.091, 44.168, 44.273, 44.263, 44.263, 44.492, 44.596, 44.094, 43.644, 44.09, 45.432, 45.175, 45.559, 47.377, 48.426, 47.45, 46.377, 46.195, 46.111, 46.181, 46.217, 45.899, 45.594, 45.755, 45.928, 45.823, 45.996, 46.196, 45.922], [46.219, 45.154, 43.744, 43.245, 42.983, 42.691, 42.252, 41.76, 42.446, 43.285, 42.587, 41.133, 40.007, 39.32, 38.579, 37.604, 36.638, 35.955, 35.488, 34.048, 31.575, 30.246, 30.076, 29.443, 28.323, 27.743, 25.939, 21.57, 14.781, 6.863, 0.0, 4.318, 6.998, 10.397, 17.54, 22.922, 23.991, 24.613, 27.028, 29.724, 31.337, 32.144, 33.253, 34.318, 35.002, 35.389, 35.742, 35.909, 36.41, 37.529, 38.63, 39.264, 39.44, 40.7, 42.507, 43.422, 44.351, 45.65, 45.971, 45.58, 44.887, 43.946, 43.109, 42.82, 42.865, 42.732, 42.504, 42.623, 43.229, 43.71, 43.499, 42.77, 41.573, 41.446, 42.108, 42.41, 42.836, 43.195, 42.952, 42.433, 42.139, 42.227, 42.563, 42.656, 42.471, 42.276, 41.977, 41.569, 41.45, 41.563, 41.524, 41.382, 41.226, 40.697, 39.753, 38.973, 38.878, 38.879, 38.763, 39.9, 41.957, 43.088, 43.284, 42.731, 42.585, 42.71, 42.665, 42.854, 43.527, 44.235, 44.478, 44.622, 44.763, 44.669, 44.568, 44.59, 44.675, 44.726, 44.786, 44.894, 44.92, 44.947, 45.174, 45.29, 44.78, 44.326, 44.82, 46.205, 45.854, 45.992, 47.794, 49.0, 48.149, 47.062, 46.856, 46.772, 46.852, 46.913, 46.63, 46.33, 46.479, 46.618, 46.449, 46.598, 46.831, 46.329], [46.572, 45.523, 44.087, 43.547, 43.333, 43.155, 42.761, 42.175, 42.74, 43.567, 42.932, 41.54, 40.517, 39.867, 39.087, 38.211, 37.52, 37.089, 36.731, 35.376, 33.04, 31.772, 31.621, 31.12, 30.202, 29.72, 28.058, 23.965, 17.593, 10.363, 4.318, 0.0, 3.902, 9.191, 17.383, 22.944, 24.06, 24.642, 26.833, 29.405, 31.099, 31.995, 33.151, 34.253, 34.946, 35.331, 35.7, 35.895, 36.462, 37.655, 38.796, 39.45, 39.611, 40.846, 42.658, 43.581, 44.502, 45.779, 46.079, 45.687, 45.04, 44.145, 43.296, 42.957, 42.966, 42.839, 42.675, 42.865, 43.475, 43.928, 43.718, 42.958, 41.657, 41.439, 42.076, 42.4, 42.866, 43.262, 43.044, 42.525, 42.222, 42.304, 42.626, 42.713, 42.573, 42.415, 42.113, 41.721, 41.662, 41.825, 41.828, 41.719, 41.576, 41.076, 40.194, 39.451, 39.345, 39.335, 39.238, 40.409, 42.508, 43.659, 43.908, 43.45, 43.345, 43.47, 43.43, 43.64, 44.321, 45.003, 45.226, 45.366, 45.508, 45.408, 45.293, 45.297, 45.37, 45.409, 45.457, 45.56, 45.597, 45.646, 45.872, 45.986, 45.498, 45.071, 45.564, 46.928, 46.583, 46.694, 48.413, 49.577, 48.751, 47.662, 47.453, 47.372, 47.454, 47.523, 47.262, 46.974, 47.112, 47.242, 47.065, 47.201, 47.45, 46.668], [46.802, 45.761, 44.352, 43.806, 43.608, 43.502, 43.198, 42.664, 43.143, 43.87, 43.285, 42.034, 41.14, 40.547, 39.779, 38.903, 38.217, 37.82, 37.498, 36.179, 33.867, 32.587, 32.409, 31.915, 31.018, 30.559, 28.938, 24.819, 18.477, 11.755, 6.998, 3.902, 0.0, 6.854, 16.523, 22.704, 23.903, 24.401, 26.646, 29.36, 31.11, 31.991, 33.163, 34.347, 35.112, 35.526, 35.904, 36.12, 36.719, 37.957, 39.164, 39.874, 40.053, 41.303, 43.123, 44.061, 44.99, 46.202, 46.427, 46.028, 45.438, 44.584, 43.748, 43.416, 43.417, 43.287, 43.149, 43.379, 44.011, 44.46, 44.258, 43.53, 42.171, 41.792, 42.334, 42.637, 43.1, 43.496, 43.273, 42.743, 42.45, 42.545, 42.85, 42.92, 42.807, 42.69, 42.405, 42.033, 42.018, 42.208, 42.216, 42.101, 41.947, 41.459, 40.633, 39.963, 39.886, 39.882, 39.85, 41.107, 43.187, 44.269, 44.493, 44.038, 43.928, 44.074, 44.038, 44.21, 44.852, 45.521, 45.744, 45.886, 46.029, 45.929, 45.805, 45.788, 45.835, 45.862, 45.916, 46.021, 46.051, 46.1, 46.317, 46.423, 45.952, 45.541, 45.99, 47.309, 47.011, 47.176, 48.823, 49.904, 49.061, 47.975, 47.764, 47.688, 47.777, 47.844, 47.58, 47.289, 47.416, 47.551, 47.399, 47.535, 47.781, 46.912], [46.604, 45.427, 43.956, 43.413, 43.115, 42.906, 42.699, 42.723, 43.868, 44.788, 44.139, 42.972, 42.304, 41.834, 41.115, 40.274, 39.518, 39.029, 38.732, 37.508, 35.233, 33.901, 33.699, 33.163, 32.106, 31.407, 29.62, 25.628, 19.808, 13.896, 10.397, 9.191, 6.854, 0.0, 10.808, 18.316, 20.206, 20.776, 23.353, 26.925, 29.116, 30.023, 31.202, 32.493, 33.387, 33.917, 34.385, 34.694, 35.466, 36.888, 38.159, 38.888, 39.17, 40.504, 42.249, 43.197, 44.38, 45.867, 46.207, 45.798, 45.136, 44.152, 43.227, 42.944, 43.029, 42.884, 42.634, 42.767, 43.436, 43.956, 43.736, 43.038, 41.882, 41.697, 42.359, 42.734, 43.208, 43.603, 43.335, 42.734, 42.428, 42.602, 42.991, 43.053, 42.828, 42.619, 42.322, 41.953, 41.905, 42.036, 41.976, 41.837, 41.738, 41.287, 40.431, 39.747, 39.705, 39.669, 39.505, 40.549, 42.332, 43.141, 43.216, 43.005, 43.309, 43.628, 43.601, 43.727, 44.25, 44.796, 44.976, 45.147, 45.311, 45.228, 45.148, 45.18, 45.266, 45.31, 45.375, 45.51, 45.546, 45.534, 45.696, 45.791, 45.269, 44.776, 45.219, 46.614, 46.206, 46.141, 47.963, 49.363, 48.552, 47.369, 47.101, 47.016, 47.123, 47.211, 46.943, 46.628, 46.78, 46.919, 46.7, 46.833, 47.133, 46.794], [46.566, 45.195, 43.628, 43.137, 42.724, 42.307, 42.135, 42.952, 45.284, 46.731, 45.965, 44.709, 44.242, 43.932, 43.254, 42.554, 41.928, 41.446, 41.207, 40.22, 38.213, 36.97, 36.813, 36.267, 34.976, 33.922, 32.072, 28.747, 24.346, 19.984, 17.54, 17.383, 16.523, 10.808, 0.0, 9.15, 13.024, 14.741, 17.853, 22.715, 25.694, 26.73, 27.948, 29.386, 30.445, 31.164, 31.798, 32.229, 33.227, 34.897, 36.218, 36.924, 37.318, 38.7, 40.283, 41.215, 42.697, 44.636, 45.24, 44.837, 44.075, 42.986, 41.981, 41.723, 41.918, 41.764, 41.349, 41.345, 42.074, 42.712, 42.436, 41.705, 40.974, 41.441, 42.526, 43.057, 43.508, 43.874, 43.55, 42.874, 42.535, 42.801, 43.348, 43.457, 43.079, 42.682, 42.304, 41.877, 41.702, 41.724, 41.596, 41.491, 41.543, 41.186, 40.261, 39.464, 39.412, 39.303, 38.762, 39.192, 40.471, 40.984, 40.907, 41.204, 42.283, 42.862, 42.863, 43.03, 43.446, 43.779, 43.839, 44.017, 44.206, 44.176, 44.199, 44.352, 44.554, 44.651, 44.709, 44.864, 44.913, 44.805, 44.867, 44.941, 44.353, 43.749, 44.217, 45.702, 45.0