[[0.0, 7.31, 20.374, 31.891, 34.664, 36.178, 39.806, 41.356, 42.196, 43.204, 44.248, 44.449, 43.763, 43.666, 43.935, 43.706, 43.333, 43.549, 43.791, 43.753, 43.953, 44.216, 44.21, 44.338, 44.043, 43.454, 43.406, 42.855, 42.55, 42.906, 42.833, 43.478, 43.569, 43.783, 44.736, 44.781, 44.758, 45.759, 46.446, 45.273, 45.009, 46.464, 48.017, 48.299, 47.992, 47.3, 46.306, 45.784, 45.593, 45.081, 44.739, 44.757, 8.339], [7.31, 0.0, 15.413, 28.365, 31.437, 33.139, 37.503, 39.418, 40.524, 41.607, 42.756, 43.061, 42.327, 42.232, 42.537, 42.254, 41.787, 42.054, 42.35, 42.256, 42.493, 42.834, 42.786, 42.842, 42.528, 41.859, 41.792, 41.262, 41.0, 41.476, 41.439, 42.136, 42.203, 42.438, 43.526, 43.613, 43.584, 44.515, 45.098, 43.861, 43.634, 45.204, 46.798, 47.067, 46.72, 45.933, 44.853, 44.288, 44.106, 43.51, 43.106, 43.15, 13.005], [20.374, 15.413, 0.0, 15.939, 20.66, 22.866, 29.767, 33.187, 35.29, 36.818, 38.433, 39.039, 38.077, 37.939, 38.348, 37.978, 37.254, 37.612, 37.98, 37.76, 38.116, 38.62, 38.466, 38.437, 38.181, 37.344, 37.277, 36.767, 36.578, 37.515, 37.661, 38.398, 38.3, 38.622, 40.177, 40.403, 40.341, 41.028, 41.248, 39.788, 39.704, 41.769, 43.502, 43.71, 43.246, 42.21, 40.873, 40.209, 40.041, 39.193, 38.706, 38.875, 25.191], [31.891, 28.365, 15.939, 0.0, 7.857, 11.571, 20.94, 26.789, 30.337, 32.508, 34.881, 35.843, 34.532, 34.296, 34.813, 34.367, 33.487, 34.005, 34.396, 34.145, 34.709, 35.337, 35.067, 35.084, 35.014, 34.0, 33.944, 33.523, 33.46, 34.986, 35.451, 36.135, 35.703, 36.076, 38.14, 38.625, 38.57, 38.973, 38.853, 37.171, 37.236, 39.89, 41.816, 41.989, 41.397, 40.083, 38.46, 37.829, 37.74, 36.592, 36.086, 36.449, 36.455], [34.664, 31.437, 20.66, 7.857, 0.0, 7.425, 17.885, 24.002, 28.037, 30.498, 33.229, 34.387, 32.978, 32.691, 33.269, 32.87, 31.983, 32.603, 33.069, 32.85, 33.512, 34.196, 33.933, 34.024, 34.004, 32.974, 33.0, 32.599, 32.633, 34.416, 34.964, 35.687, 35.187, 35.614, 37.882, 38.438, 38.386, 38.767, 38.65, 36.863, 36.909, 39.716, 41.696, 41.882, 41.271, 39.9, 38.19, 37.548, 37.457, 36.233, 35.739, 36.157, 39.083], [36.178, 33.139, 22.866, 11.571, 7.425, 0.0, 13.723, 21.455, 25.486, 28.252, 31.395, 32.714, 31.315, 30.993, 31.736, 31.689, 31.058, 31.763, 32.248, 32.138, 32.911, 33.627, 33.559, 33.972, 34.021, 33.099, 33.305, 32.921, 32.974, 34.751, 35.288, 35.967, 35.448, 35.844, 38.082, 38.682, 38.622, 38.911, 38.773, 37.036, 37.019, 39.708, 41.614, 41.78, 41.187, 39.836, 38.217, 37.784, 37.787, 36.579, 36.114, 36.533, 40.334], [39.806, 37.503, 29.767, 20.94, 17.885, 13.723, 0.0, 13.603, 19.736, 22.725, 27.055, 29.127, 28.012, 27.973, 29.034, 29.64, 29.873, 30.876, 31.386, 31.517, 32.413, 33.109, 33.226, 34.057, 34.361, 33.555, 33.873, 33.746, 33.909, 35.462, 35.945, 36.564, 35.986, 36.224, 38.227, 38.826, 38.776, 38.933, 38.78, 37.141, 36.975, 39.384, 41.26, 41.467, 40.927, 39.73, 38.434, 38.324, 38.399, 37.277, 36.926, 37.371, 43.407], [41.356, 39.418, 33.187, 26.789, 24.002, 21.455, 13.603, 0.0, 10.005, 14.69, 19.516, 22.36, 21.72, 22.276, 23.943, 25.065, 26.064, 27.796, 28.621, 29.018, 30.122, 30.839, 31.021, 32.048, 32.725, 32.587, 33.206, 33.519, 34.752, 36.338, 36.813, 37.57, 37.067, 37.213, 39.016, 39.576, 39.481, 39.663, 39.647, 38.105, 37.87, 40.165, 41.989, 42.255, 41.729, 40.561, 39.324, 39.098, 39.145, 38.17, 37.852, 38.294, 44.571], [42.196, 40.524, 35.29, 30.337, 28.037, 25.486, 19.736, 10.005, 0.0, 8.385, 14.989, 18.506, 18.94, 20.132, 22.111, 23.637, 25.148, 27.215, 28.187, 28.776, 29.926, 30.624, 31.0, 32.255, 33.046, 33.44, 34.365, 34.708, 36.445, 37.933, 38.316, 39.052, 38.653, 38.81, 40.426, 40.943, 40.838, 41.009, 40.993, 39.586, 39.289, 41.276, 42.893, 43.164, 42.681, 41.57, 40.432, 40.183, 40.216, 39.362, 39.062, 39.476, 45.087], [43.204, 41.607, 36.818, 32.508, 30.498, 28.252, 22.725, 14.69, 8.385, 0.0, 9.651, 15.518, 17.122, 18.969, 21.147, 22.829, 24.727, 27.042, 28.07, 28.714, 29.839, 30.55, 31.041, 32.422, 33.296, 33.746, 34.716, 35.251, 37.125, 38.585, 38.987, 39.761, 39.405, 39.591, 41.118, 41.609, 41.481, 41.619, 41.659, 40.302, 39.959, 41.857, 43.414, 43.635, 43.155, 42.107, 41.077, 40.85, 40.864, 40.084, 39.816, 40.217, 45.92], [44.248, 42.756, 38.433, 34.881, 33.229, 31.395, 27.055, 19.516, 14.989, 9.651, 0.0, 8.644, 12.62, 15.65, 18.17, 20.191, 22.875, 25.727, 26.925, 27.666, 28.799, 29.574, 30.221, 31.666, 32.669, 33.424, 34.518, 35.452, 37.976, 39.494, 39.975, 40.872, 40.601, 40.807, 42.215, 42.66, 42.5, 42.613, 42.697, 41.446, 41.079, 42.802, 44.234, 44.412, 43.932, 42.917, 41.997, 41.79, 41.803, 41.13, 40.896, 41.285, 46.762], [44.449, 43.061, 39.039, 35.843, 34.387, 32.714, 29.127, 22.36, 18.506, 15.518, 8.644, 0.0, 7.475, 12.752, 15.44, 17.727, 21.279, 24.518, 25.724, 26.469, 27.675, 28.615, 29.502, 31.085, 32.137, 33.029, 34.262, 35.395, 38.281, 39.901, 40.367, 41.272, 41.028, 41.194, 42.544, 42.973, 42.805, 42.854, 42.875, 41.699, 41.311, 42.872, 44.262, 44.442, 43.968, 42.978, 42.107, 41.963, 42.018, 41.39, 41.181, 41.582, 46.848], [43.763, 42.327, 38.077, 34.532, 32.978, 31.315, 28.012, 21.72, 18.94, 17.122, 12.62, 7.475, 0.0, 7.173, 11.296, 14.161, 18.126, 21.789, 23.103, 23.849, 25.303, 26.412, 27.325, 29.051, 30.205, 31.112, 32.464, 33.658, 36.713, 38.61, 39.242, 40.224, 39.952, 40.194, 41.751, 42.257, 42.093, 42.087, 42.026, 40.772, 40.429, 42.096, 43.564, 43.742, 43.232, 42.172, 41.163, 41.002, 41.088, 40.362, 40.106, 40.522, 46.291], [43.666, 42.232, 37.939, 34.296, 32.691, 30.993, 27.973, 22.276, 20.132, 18.969, 15.65, 12.752, 7.173, 0.0, 6.31, 10.906, 15.474, 19.481, 21.058, 21.957, 23.624, 24.792, 25.649, 27.468, 28.756, 29.861, 31.426, 32.584, 35.772, 37.863, 38.647, 39.741, 39.475, 39.841, 41.579, 42.159, 42.01, 42.03, 41.961, 40.664, 40.362, 42.114, 43.592, 43.759, 43.238, 42.125, 41.051, 40.889, 40.964, 40.171, 39.878, 40.253, 46.215], [43.935, 42.537, 38.348, 34.813, 33.269, 31.736, 29.034, 23.943, 22.111, 21.147, 18.17, 15.44, 11.296, 6.31, 0.0, 6.762, 13.624, 18.147, 19.8, 20.861, 22.594, 23.818, 24.766, 26.578, 27.97, 29.249, 30.938, 32.155, 35.476, 37.683, 38.498, 39.617, 39.371, 39.758, 41.531, 42.161, 42.049, 42.076, 41.987, 40.715, 40.382, 42.05, 43.482, 43.643, 43.134, 42.025, 40.987, 40.9, 40.988, 40.178, 39.885, 40.264, 46.442], [43.706, 42.254, 37.978, 34.367, 32.87, 31.689, 29.64, 25.065, 23.637, 22.829, 20.191, 17.727, 14.161, 10.906, 6.762, 0.0, 9.437, 15.54, 17.507, 18.542, 20.357, 21.711, 22.738, 24.496, 26.011, 27.4, 29.124, 30.535, 34.264, 36.738, 37.637, 38.831, 38.604, 38.998, 40.85, 41.575, 41.534, 41.583, 41.495, 40.191, 39.87, 41.574, 43.013, 43.173, 42.653, 41.491, 40.344, 40.219, 40.333, 39.466, 39.139, 39.569, 46.312], [43.333, 41.787, 37.254, 33.487, 31.983, 31.058, 29.873, 26.064, 25.148, 24.727, 22.875, 21.279, 18.126, 15.474, 13.624, 9.437, 0.0, 8.349, 12.134, 13.277, 15.138, 16.929, 18.2, 20.351, 22.208, 23.838, 25.858, 27.484, 31.894, 34.843, 35.886, 37.305, 37.153, 37.63, 39.706, 40.525, 40.512, 40.681, 40.721, 39.338, 39.143, 41.186, 42.808, 42.973, 42.399, 41.142, 39.83, 39.571, 39.662, 38.709, 38.341, 38.8, 46.091], [43.549, 42.054, 37.612, 34.005, 32.603, 31.763, 30.876, 27.796, 27.215, 27.042, 25.727, 24.518, 21.789, 19.481, 18.147, 15.54, 8.349, 0.0, 6.18, 8.63, 10.314, 12.428, 14.525, 17.576, 19.76, 21.569, 24.008, 25.719, 30.368, 33.591, 34.712, 36.276, 36.191, 36.716, 38.923, 39.778, 39.795, 40.183, 40.455, 39.136, 38.976, 41.177, 42.955, 43.132, 42.546, 41.314, 40.026, 39.772, 39.831, 38.874, 38.53, 38.961, 46.221], [43.791, 42.35, 37.98, 34.396, 33.069, 32.248, 31.386, 28.621, 28.187, 28.07, 26.925, 25.724, 23.103, 21.058, 19.8, 17.507, 12.134, 6.18, 0.0, 4.821, 7.817, 9.738, 12.408, 16.252, 18.64, 20.501, 23.107, 24.828, 29.567, 32.956, 34.111, 35.753, 35.714, 36.249, 38.469, 39.368, 39.476, 39.968, 40.363, 39.166, 39.021, 41.232, 43.069, 43.274, 42.689, 41.484, 40.196, 39.912, 39.96, 39.008, 38.664, 39.074, 46.392], [43.753, 42.256, 37.76, 34.145, 32.85, 32.138, 31.517, 29.018, 28.776, 28.714, 27.666, 26.469, 23.849, 21.957, 20.861, 18.542, 13.277, 8.63, 4.821, 0.0, 5.018, 8.13, 10.737, 14.731, 17.324, 19.09, 21.7, 23.575, 28.513, 32.106, 33.335, 35.092, 35.141, 35.779, 38.077, 38.999, 39.179, 39.731, 40.121, 38.961, 38.942, 41.206, 43.014, 43.215, 42.621, 41.389, 40.037, 39.702, 39.752, 38.79, 38.432, 38.848, 46.392], [43.953, 42.493, 38.116, 34.709, 33.512, 32.911, 32.413, 30.122, 29.926, 29.839, 28.799, 27.675, 25.303, 23.624, 22.594, 20.357, 15.138, 10.314, 7.817, 5.018, 0.0, 5.213, 9.153, 13.253, 15.985, 17.798, 20.47, 22.601, 27.797, 31.528, 32.811, 34.715, 34.885, 35.533, 37.828, 38.762, 38.981, 39.658, 40.145, 39.057, 39.131, 41.428, 43.217, 43.415, 42.829, 41.622, 40.305, 39.962, 39.986, 39.059, 38.725, 39.124, 46.516], [44.216, 42.834, 38.62, 35.337, 34.196, 33.627, 33.109, 30.839, 30.624, 30.55, 29.574, 28.615, 26.412, 24.792, 23.818, 21.711, 16.929, 12.428, 9.738, 8.13, 5.213, 0.0, 5.993, 11.587, 14.729, 16.857, 19.765, 21.992, 27.439, 31.257, 32.575, 34.559, 34.765, 35.353, 37.565, 38.523, 38.798, 39.502, 40.057, 39.085, 39.208, 41.523, 43.385, 43.635, 43.056, 41.889, 40.599, 40.237, 40.26, 39.368, 39.047, 39.433, 46.696], [44.21, 42.786, 38.466, 35.067, 33.933, 33.559, 33.226, 31.021, 31.0, 31.041, 30.221, 29.502, 27.325, 25.649, 24.766, 22.738, 18.2, 14.525, 12.408, 10.737, 9.153, 5.993, 0.0, 7.57, 12.153, 14.656, 17.764, 20.389, 26.294, 30.333, 31.799, 33.876, 34.069, 34.713, 37.038, 38.018, 38.334, 39.123, 39.747, 38.752, 38.923, 41.35, 43.277, 43.578, 43.007, 41.832, 40.494, 40.06, 40.078, 39.164, 38.82, 39.22, 46.766], [44.338, 42.842, 38.437, 35.084, 34.024, 33.972, 34.057, 32.048, 32.255, 32.422, 31.666, 31.085, 29.051, 27.468, 26.578, 24.496, 20.351, 17.576, 16.252, 14.731, 13.253, 11.587, 7.57, 0.0, 6.652, 10.709, 13.789, 17.046, 24.319, 28.817, 30.517, 32.837, 33.143, 34.007, 36.625, 37.69, 38.012, 38.97, 39.72, 38.686, 38.878, 41.382, 43.313, 43.634, 43.11, 41.937, 40.605, 40.128, 40.106, 39.166, 38.798, 39.214, 46.958], [44.043, 42.528, 38.181, 35.014, 34.004, 34.021, 34.361, 32.725, 33.046, 33.296, 32.669, 32.137, 30.205, 28.756, 27.97, 26.011, 22.208, 19.76, 18.64, 17.324, 15.985, 14.729, 12.153, 6.652, 0.0, 6.593, 10.978, 13.78, 22.016, 27.041, 28.824, 31.429, 31.915, 33.083, 36.047, 37.216, 37.557, 38.69, 39.562, 38.524, 38.738, 41.289, 43.231, 43.538, 43.051, 41.926, 40.627, 40.17, 40.119, 39.166, 38.797, 39.201, 46.667], [43.454, 41.859, 37.344, 34.0, 32.974, 33.099, 33.555, 32.587, 33.44, 33.746, 33.424, 33.029, 31.112, 29.861, 29.249, 27.4, 23.838, 21.569, 20.501, 19.09, 17.798, 16.857, 14.656, 10.709, 6.593, 0.0, 6.816, 10.87, 18.781, 24.245, 26.371, 29.295, 29.888, 31.297, 34.641, 35.918, 36.371, 37.716, 38.719, 37.609, 37.877, 40.637, 42.677, 42.978, 42.505, 41.407, 40.08, 39.682, 39.627, 38.616, 38.266, 38.678, 46.186], [43.406, 41.792, 37.277, 33.944, 33.0, 33.305, 33.873, 33.206, 34.365, 34.716, 34.518, 34.262, 32.464, 31.426, 30.938, 29.124, 25.858, 24.008, 23.107, 21.7, 20.47, 19.765, 17.764, 13.789, 10.978, 6.816, 0.0, 8.28, 17.491, 22.69, 25.11, 28.247, 28.973, 30.622, 34.077, 35.375, 35.865, 37.256, 38.353, 37.25, 37.537, 40.368, 42.436, 42.763, 42.332, 41.276, 40.0, 39.655, 39.598, 38.572, 38.227, 38.645, 46.163], [42.855, 41.262, 36.767, 33.523, 32.599, 32.921, 33.746, 33.519, 34.708, 35.251, 35.452, 35.395, 33.658, 32.584, 32.155, 30.535, 27.484, 25.719, 24.828, 23.575, 22.601, 21.992, 20.389, 17.046, 13.78, 10.87, 8.28, 0.0, 12.668, 19.542, 22.024, 25.621, 26.727, 28.98, 32.915, 34.281, 34.862, 36.528, 37.819, 36.746, 37.096, 40.15, 42.334, 42.679, 42.261, 41.203, 39.856, 39.449, 39.378, 38.339, 37.993, 38.405, 45.627], [42.55, 41.0, 36.578, 33.46, 32.633, 32.974, 33.909, 34.752, 36.445, 37.125, 37.976, 38.281, 36.713, 35.772, 35.476, 34.264, 31.894, 30.368, 29.567, 28.513, 27.797, 27.439, 26.294, 24.319, 22.016, 18.781, 17.491, 12.668, 0.0, 10.51, 14.893, 19.223, 21.025, 24.642, 29.82, 31.515, 32.555, 35.012, 36.738, 35.861, 36.411, 39.81, 42.193, 42.58, 42.226, 41.286, 39.873, 39.395, 39.315, 38.307, 38.012, 38.389, 45.275], [42.906, 41.476, 37.515, 34.986, 34.416, 34.751, 35.462, 36.338, 37.933, 38.585, 39.494, 39.901, 38.61, 37.863, 37.683, 36.738, 34.843, 33.591, 32.956, 32.106, 31.528, 31.257, 30.333, 28.817, 27.041, 24.245, 22.69, 19.542, 10.51, 0.0, 8.47, 14.165, 16.468, 21.23, 27.214, 29.272, 30.66, 33.738, 35.955, 35.418, 36.214, 39.709, 42.13, 42.579, 42.37, 41.628, 40.423, 39.992, 39.888, 39.041, 38.852, 39.21, 45.397], [42.833, 41.439, 37.661, 35.451, 34.964, 35.288, 35.945, 36.813, 38.316, 38.987, 39.975, 40.367, 39.242, 38.647, 38.498, 37.637, 35.886, 34.712, 34.111, 33.335, 32.811, 32.575, 31.799, 30.517, 28.824, 26.371, 25.11, 22.024, 14.893, 8.47, 0.0, 8.351, 12.167, 17.562, 24.269, 26.637, 28.295, 32.061, 34.856, 34.521, 35.547, 39.321, 41.861, 42.389, 42.26, 41.623, 40.494, 40.07, 39.97, 39.167, 39.068, 39.495, 45.265], [43.478, 42.136, 38.398, 36.135, 35.687, 35.967, 36.564, 37.57, 39.052, 39.761, 40.872, 41.272, 40.224, 39.741, 39.617, 38.831, 37.305, 36.276, 35.753, 35.092, 34.715, 34.559, 33.876, 32.837, 31.429, 29.295, 28.247, 25.621, 19.223, 14.165, 8.351, 0.0, 6.784, 14.77, 22.113, 24.779, 26.71, 30.829, 33.908, 33.812, 35.09, 38.99, 41.552, 42.108, 42.014, 41.464, 40.396, 40.012, 39.968, 39.185, 39.132, 39.628, 45.845], [43.569, 42.203, 38.3, 35.703, 35.187, 35.448, 35.986, 37.067, 38.653, 39.405, 40.601, 41.028, 39.952, 39.475, 39.371, 38.604, 37.153, 36.191, 35.714, 35.141, 34.885, 34.765, 34.069, 33.143, 31.915, 29.888, 28.973, 26.727, 21.025, 16.468, 12.167, 6.784, 0.0, 10.97, 19.865, 22.835, 24.725, 29.079, 32.47, 32.441, 33.827, 38.006, 40.759, 41.341, 41.259, 40.725, 39.686, 39.438, 39.476, 38.702, 38.706, 39.25, 45.958], [43.783, 42.438, 38.622, 36.076, 35.614, 35.844, 36.224, 37.213, 38.81, 39.591, 40.807, 41.194, 40.194, 39.841, 39.758, 38.998, 37.63, 36.716, 36.249, 35.779, 35.533, 35.353, 34.713, 34.007, 33.083, 31.297, 30.622, 28.98, 24.642, 21.23, 17.562, 14.77, 10.97, 0.0, 11.636, 16.492, 18.848, 24.394, 29.114, 29.569, 31.402, 36.444, 39.725, 40.458, 40.489, 40.014, 39.107, 39.111, 39.275, 38.615, 38.788, 39.43, 46.094], [44.736, 43.526, 40.177, 38.14, 37.882, 38.082, 38.227, 39.016, 40.426, 41.118, 42.215, 42.544, 41.751, 41.579, 41.531, 40.85, 39.706, 38.923, 38.469, 38.077, 37.828, 37.565, 37.038, 36.625, 36.047, 34.641, 34.077, 32.915, 29.82, 27.214, 24.269, 22.113, 19.865, 11.636, 0.0, 8.087, 12.889, 19.988, 26.303, 27.59, 30.073, 35.887, 39.573, 40.447, 40.627, 40.34, 39.709, 39.871, 40.1, 39.634, 39.961, 40.66, 46.782], [44.781, 43.613, 40.403, 38.625, 38.438, 38.682, 38.826, 39.576, 40.943, 41.609, 42.66, 42.973, 42.257, 42.159, 42.161, 41.575, 40.525, 39.778, 39.368, 38.999, 38.762, 38.523, 38.018, 37.69, 37.216, 35.918, 35.375, 34.281, 31.515, 29.272, 26.637, 24.779, 22.835, 16.492, 8.087, 0.0, 8.619, 18.727, 25.771, 27.087, 29.691, 35.657, 39.435, 40.339, 40.578, 40.395, 39.888, 40.051, 40.247, 39.858, 40.252, 40.953, 46.735], [44.758, 43.584, 40.341, 38.57, 38.386, 38.622, 38.776, 39.481, 40.838, 41.481, 42.5, 42.805, 42.093, 42.01, 42.049, 41.534, 40.512, 39.795, 39.476, 39.179, 38.981, 38.798, 38.334, 38.012, 37.557, 36.371, 35.865, 34.862, 32.555, 30.66, 28.295, 26.71, 24.725, 18.848, 12.889, 8.619, 0.0, 13.672, 23.045, 24.669, 27.39, 33.868, 37.905, 38.885, 39.211, 39.147, 38.697, 38.99, 39.295, 38.991, 39.506, 40.298, 46.75], [45.759, 44.515, 41.028, 38.973, 38.767, 38.911, 38.933, 39.663, 41.009, 41.619, 42.613, 42.854, 42.087, 42.03, 42.076, 41.583, 40.681, 40.183, 39.968, 39.731, 39.658, 39.502, 39.123, 38.97, 38.69, 37.716, 37.256, 36.528, 35.012, 33.738, 32.061, 30.829, 29.079, 24.394, 19.988, 18.727, 13.672, 0.0, 13.231, 17.878, 21.642, 28.882, 33.501, 34.652, 35.135, 35.337, 35.095, 35.972, 36.753, 36.613, 37.339, 38.369, 47.784], [46.446, 45.098, 41.248, 38.853, 38.65, 38.773, 38.78, 39.647, 40.993, 41.659, 42.697, 42.875, 42.026, 41.961, 41.987, 41.495, 40.721, 40.455, 40.363, 40.121, 40.145, 40.057, 39.747, 39.72, 39.562, 38.719, 38.353, 37.819, 36.738, 35.955, 34.856, 33.908, 32.47, 29.114, 26.303, 25.771, 23.045, 13.231, 0.0, 10.196, 17.771, 25.153, 29.802, 31.087, 31.652, 31.859, 31.654, 33.034, 34.171, 34.101, 34.983, 36.189, 48.538], [45.273, 43.861, 39.788, 37.171, 36.863, 37.036, 37.141, 38.105, 39.586, 40.302, 41.446, 41.699, 40.772, 40.664, 40.715, 40.191, 39.338, 39.136, 39.166, 38.961, 39.057, 39.085, 38.752, 38.686, 38.524, 37.609, 37.25, 36.746, 35.861, 35.418, 34.521, 33.812, 32.441, 29.569, 27.59, 27.087, 24.669, 17.878, 10.196, 0.0, 12.137, 23.004, 28.173, 29.437, 30.023, 30.036, 29.879, 31.51, 32.583, 32.436, 33.409, 34.659, 47.552], [45.009, 43.634, 39.704, 37.236, 36.909, 37.019, 36.975, 37.87, 39.289, 39.959, 41.079, 41.311, 40.429, 40.362, 40.382, 39.87, 39.143, 38.976, 39.021, 38.942, 39.131, 39.208, 38.923, 38.878, 38.738, 37.877, 37.537, 37.096, 36.411, 36.214, 35.547, 35.09, 33.827, 31.402, 30.073, 29.691, 27.39, 21.642, 17.771, 12.137, 0.0, 15.718, 23.257, 24.901, 25.786, 26.219, 26.821, 29.62, 31.037, 30.918, 32.06, 33.448, 47.249], [46.464, 45.204, 41.769, 39.89, 39.716, 39.708, 39.384, 40.165, 41.276, 41.857, 42.802, 42.872, 42.096, 42.114, 42.05, 41.574, 41.186, 41.177, 41.232, 41.206, 41.428, 41.523, 41.35, 41.382, 41.289, 40.637, 40.368, 40.15, 39.81, 39.709, 39.321, 38.99, 38.006, 36.444, 35.887, 35.657, 33.868, 28.882, 25.153, 23.004, 15.718, 0.0, 11.16, 14.745, 16.311, 18.196, 20.417, 25.787, 28.314, 28.492, 30.011, 31.713, 48.468], [48.017, 46.798, 43.502, 41.816, 41.696, 41.614, 41.26, 41.989, 42.893, 43.414, 44.234, 44.262, 43.564, 43.592, 43.482, 43.013, 42.808, 42.955, 43.069, 43.014, 43.217, 43.385, 43.277, 43.313, 43.231, 42.677, 42.436, 42.334, 42.193, 42.13, 41.861, 41.552, 40.759, 39.725, 39.573, 39.435, 37.905, 33.501, 29.802, 28.173, 23.257, 11.16, 0.0, 6.301, 10.025, 13.583, 17.221, 24.064, 27.17, 27.625, 29.318, 31.126, 49.898], [48.299, 47.067, 43.71, 41.989, 41.882, 41.78, 41.467, 42.255, 43.164, 43.635, 44.412, 44.442, 43.742, 43.759, 43.643, 43.173, 42.973, 43.132, 43.274, 43.215, 43.415, 43.635, 43.578, 43.634, 43.538, 42.978, 42.763, 42.679, 42.58, 42.579, 42.389, 42.108, 41.341, 40.458, 40.447, 40.339, 38.885, 34.652, 31.087, 29.437, 24.901, 14.745, 6.301, 0.0, 6.29, 11.302, 16.008, 23.607, 26.862, 27.378, 29.095, 30.93, 50.191], [47.992, 46.72, 43.246, 41.397, 41.271, 41.187, 40.927, 41.729, 42.681, 43.155, 43.932, 43.968, 43.232, 43.238, 43.134, 42.653, 42.399, 42.546, 42.689, 42.621, 42.829, 43.056, 43.007, 43.11, 43.051, 42.505, 42.332, 42.261, 42.226, 42.37, 42.26, 42.014, 41.259, 40.489, 40.627, 40.578, 39.211, 35.135, 31.652, 30.023, 25.786, 16.311, 10.025, 6.29, 0.0, 6.76, 13.119, 21.878, 25.49, 26.046, 27.816, 29.743, 49.97], [47.3, 45.933, 42.21, 40.083, 39.9, 39.836, 39.73, 40.561, 41.57, 42.107, 42.917, 42.978, 42.172, 42.125, 42.025, 41.491, 41.142, 41.314, 41.484, 41.389, 41.622, 41.889, 41.832, 41.937, 41.926, 41.407, 41.276, 41.203, 41.286, 41.628, 41.623, 41.464, 40.725, 40.014, 40.34, 40.395, 39.147, 35.337, 31.859, 30.036, 26.219, 18.196, 13.583, 11.302, 6.76, 0.0, 9.193, 19.79, 23.69, 24.172, 25.978, 27.966, 49.404], [46.306, 44.853, 40.873, 38.46, 38.19, 38.217, 38.434, 39.324, 40.432, 41.077, 41.997, 42.107, 41.163, 41.051, 40.987, 40.344, 39.83, 40.026, 40.196, 40.037, 40.305, 40.599, 40.494, 40.605, 40.627, 40.08, 40.0, 39.856, 39.873, 40.423, 40.494, 40.396, 39.686, 39.107, 39.709, 39.888, 38.697, 35.095, 31.654, 29.879, 26.821, 20.417, 17.221, 16.008, 13.119, 9.193, 0.0, 12.8, 17.905, 18.518, 20.524, 22.823, 48.548], [45.784, 44.288, 40.209, 37.829, 37.548, 37.784, 38.324, 39.098, 40.183, 40.85, 41.79, 41.963, 41.002, 40.889, 40.9, 40.219, 39.571, 39.772, 39.912, 39.702, 39.962, 40.237, 40.06, 40.128, 40.17, 39.682, 39.655, 39.449, 39.395, 39.992, 40.07, 40.012, 39.438, 39.111, 39.871, 40.051, 38.99, 35.972, 33.034, 31.51, 29.62, 25.787, 24.064, 23.607, 21.878, 19.79, 12.8, 0.0, 7.125, 9.275, 12.001, 14.733, 48.105], [45.593, 44.106, 40.041, 37.74, 37.457, 37.787, 38.399, 39.145, 40.216, 40.864, 41.803, 42.018, 41.088, 40.964, 40.988, 40.333, 39.662, 39.831, 39.96, 39.752, 39.986, 40.26, 40.078, 40.106, 40.119, 39.627, 39.598, 39.378, 39.315, 39.888, 39.97, 39.968, 39.476, 39.275, 40.1, 40.247, 39.295, 36.753, 34.171, 32.583, 31.037, 28.314, 27.17, 26.862, 25.49, 23.69, 17.905, 7.125, 0.0, 5.02, 9.554, 11.946, 47.927], [45.081, 43.51, 39.193, 36.592, 36.233, 36.579, 37.277, 38.17, 39.362, 40.084, 41.13, 41.39, 40.362, 40.171, 40.178, 39.466, 38.709, 38.874, 39.008, 38.79, 39.059, 39.368, 39.164, 39.166, 39.166, 38.616, 38.572, 38.339, 38.307, 39.041, 39.167, 39.185, 38.702, 38.615, 39.634, 39.858, 38.991, 36.613, 34.101, 32.436, 30.918, 28.492, 27.625, 27.378, 26.046, 24.172, 18.518, 9.275, 5.02, 0.0, 5.887, 9.172, 47.55], [44.739, 43.106, 38.706, 36.086, 35.739, 36.114, 36.926, 37.852, 39.062, 39.816, 40.896, 41.181, 40.106, 39.878, 39.885, 39.139, 38.341, 38.53, 38.664, 38.432, 38.725, 39.047, 38.82, 38.798, 38.797, 38.266, 38.227, 37.993, 38.012, 38.852, 39.068, 39.132, 38.706, 38.788, 39.961, 40.252, 39.506, 37.339, 34.983, 33.409, 32.06, 30.011, 29.318, 29.095, 27.816, 25.978, 20.524, 12.001, 9.554, 5.887, 0.0, 5.301, 47.298], [44.757, 43.15, 38.875, 36.449, 36.157, 36.533, 37.371, 38.294, 39.476, 40.217, 41.285, 41.582, 40.522, 40.253, 40.264, 39.569, 38.8, 38.961, 39.074, 38.848, 39.124, 39.433, 39.22, 39.214, 39.201, 38.678, 38.645, 38.405, 38.389, 39.21, 39.495, 39.628, 39.25, 39.43, 40.66, 40.953, 40.298, 38.369, 36.189, 34.659, 33.448, 31.713, 31.126, 30.93, 29.743, 27.966, 22.823, 14.733, 11.946, 9.172, 5.301, 0.0, 47.257], [8.339, 13.005, 25.191, 36.455, 39.083, 40.334, 43.407, 44.571, 45.087, 45.92, 46.762, 46.848, 46.291, 46.215, 46.442, 46.312, 46.091, 46.221, 46.392, 46.392, 46.516, 46.696, 46.766, 46.958, 46.667, 46.186, 46.163, 45.627, 45.275, 45.397, 45.265, 45.845, 45.958, 46.094, 46.782, 46.735, 46.75, 47.784, 48.538, 47.552, 47.249, 48.468, 49.898, 50.191, 49.97, 49.404, 48.548, 48.105, 47.927, 47.55, 47.298, 47.257, 0.0]]