[[0.0, 3.994, 9.966, 14.677, 16.628, 19.771, 24.886, 28.559, 29.803, 30.412, 31.932, 34.123, 36.235, 37.643, 38.339, 39.077, 39.867, 39.796, 38.786, 38.894, 40.879, 42.999, 44.047, 44.879, 45.833, 45.824, 45.13, 44.615, 43.923, 43.046, 43.107, 44.117, 44.049, 43.119, 43.034, 43.528, 43.657, 42.711, 41.632, 41.221, 41.208, 40.798, 39.419, 38.571, 38.997, 39.261, 38.702, 38.017, 37.963, 38.531, 39.171, 39.209, 39.04, 39.504, 40.142, 40.255, 40.444, 40.853, 40.749, 39.536, 37.291, 35.644, 35.362, 35.603, 35.408, 34.864, 35.067, 35.695, 35.471, 34.695, 34.585, 35.584, 37.119, 38.307, 38.71, 38.61, 39.12, 39.986, 39.939, 39.635, 39.46, 39.046, 38.446, 38.04, 37.867, 37.944, 37.855, 37.445, 37.404, 37.75, 37.888, 37.637, 37.374, 37.246, 37.164, 37.274, 37.268, 36.636, 36.404, 36.976, 37.623, 37.74, 37.669, 37.593, 37.214, 36.749, 36.58, 36.393, 35.743, 35.019, 34.836, 35.485, 36.751, 37.862, 37.743, 36.983, 36.807, 37.153, 38.197, 40.042, 41.399, 41.349, 41.33, 42.126, 42.705, 42.436, 41.715, 41.462, 42.094, 42.983, 43.165, 42.955, 42.708, 42.258, 41.632, 41.124, 40.711, 40.492, 39.905, 38.808, 37.696, 37.033, 36.915, 36.835, 36.383, 35.53, 34.712, 34.327, 34.274, 34.332, 34.493, 34.406, 34.144, 34.141, 34.024, 33.911, 34.104, 34.246, 34.112, 33.844, 34.005, 34.528, 34.889, 34.664, 34.458, 34.456, 34.171, 33.376, 32.644, 32.38, 32.379, 32.276, 32.307, 32.383, 32.424, 32.847, 33.971, 34.842, 34.849, 34.546, 34.49, 35.175, 36.248, 37.022, 37.089, 36.386, 35.538, 35.324, 35.424, 35.635, 36.195, 36.932, 37.443, 37.75, 37.918, 37.784, 37.353, 36.878, 37.056, 37.526, 37.643, 37.719, 38.047, 38.076, 37.739, 37.649, 37.992, 37.782, 36.515, 35.561, 35.41, 35.033, 34.294, 33.438, 32.589, 31.771, 31.308, 31.295, 31.524, 31.59, 31.378, 31.527, 31.918, 32.009, 32.01, 32.143, 32.133, 32.116, 32.179, 5.127], [3.994, 0.0, 7.119, 12.63, 14.951, 18.499, 24.048, 27.924, 29.214, 29.856, 31.445, 33.703, 35.848, 37.271, 37.975, 38.727, 39.547, 39.494, 38.471, 38.588, 40.63, 42.814, 43.911, 44.793, 45.787, 45.782, 45.077, 44.568, 43.888, 43.016, 43.087, 44.106, 44.031, 43.078, 42.967, 43.446, 43.573, 42.621, 41.53, 41.114, 41.104, 40.689, 39.275, 38.398, 38.835, 39.113, 38.549, 37.843, 37.774, 38.348, 39.003, 39.053, 38.896, 39.386, 40.055, 40.182, 40.37, 40.781, 40.668, 39.42, 37.111, 35.405, 35.099, 35.336, 35.128, 34.557, 34.743, 35.358, 35.12, 34.318, 34.187, 35.199, 36.807, 38.065, 38.491, 38.38, 38.897, 39.786, 39.737, 39.423, 39.252, 38.841, 38.241, 37.845, 37.673, 37.746, 37.66, 37.264, 37.244, 37.606, 37.751, 37.493, 37.225, 37.102, 37.024, 37.139, 37.141, 36.51, 36.278, 36.849, 37.488, 37.595, 37.522, 37.449, 37.069, 36.585, 36.381, 36.149, 35.457, 34.703, 34.502, 35.149, 36.438, 37.564, 37.434, 36.655, 36.484, 36.844, 37.92, 39.812, 41.19, 41.135, 41.118, 41.927, 42.513, 42.243, 41.516, 41.255, 41.88, 42.766, 42.948, 42.739, 42.487, 42.023, 41.393, 40.885, 40.451, 40.209, 39.605, 38.49, 37.36, 36.692, 36.575, 36.485, 36.008, 35.126, 34.299, 33.916, 33.864, 33.937, 34.123, 34.048, 33.784, 33.784, 33.7, 33.64, 33.844, 33.939, 33.761, 33.474, 33.657, 34.224, 34.608, 34.383, 34.177, 34.184, 33.903, 33.087, 32.327, 32.06, 32.074, 31.977, 32.018, 32.109, 32.173, 32.631, 33.797, 34.692, 34.7, 34.387, 34.319, 34.985, 36.048, 36.826, 36.893, 36.164, 35.268, 35.028, 35.119, 35.332, 35.904, 36.654, 37.176, 37.496, 37.676, 37.545, 37.102, 36.613, 36.791, 37.275, 37.395, 37.465, 37.791, 37.823, 37.493, 37.406, 37.752, 37.536, 36.24, 35.25, 35.096, 34.721, 33.971, 33.098, 32.229, 31.381, 30.894, 30.882, 31.126, 31.193, 30.968, 31.128, 31.555, 31.663, 31.667, 31.804, 31.794, 31.782, 31.84, 7.089], [9.966, 7.119, 0.0, 6.691, 10.576, 15.561, 22.096, 26.502, 27.993, 28.704, 30.374, 32.753, 34.999, 36.493, 37.239, 38.021, 38.892, 38.894, 37.9, 38.029, 40.101, 42.353, 43.534, 44.484, 45.512, 45.524, 44.826, 44.328, 43.689, 42.884, 42.985, 43.966, 43.85, 42.87, 42.73, 43.176, 43.314, 42.435, 41.421, 41.065, 41.092, 40.71, 39.331, 38.471, 38.92, 39.221, 38.692, 38.006, 37.921, 38.461, 39.11, 39.19, 39.066, 39.575, 40.252, 40.38, 40.549, 40.945, 40.843, 39.617, 37.327, 35.639, 35.312, 35.512, 35.272, 34.653, 34.761, 35.298, 35.016, 34.18, 33.986, 34.959, 36.58, 37.865, 38.314, 38.228, 38.778, 39.693, 39.65, 39.353, 39.221, 38.854, 38.31, 37.972, 37.813, 37.865, 37.782, 37.412, 37.383, 37.719, 37.867, 37.612, 37.348, 37.263, 37.212, 37.327, 37.363, 36.804, 36.595, 37.132, 37.748, 37.868, 37.807, 37.725, 37.329, 36.819, 36.559, 36.264, 35.538, 34.771, 34.543, 35.165, 36.404, 37.467, 37.334, 36.597, 36.451, 36.802, 37.868, 39.736, 41.079, 41.024, 41.024, 41.817, 42.379, 42.117, 41.414, 41.136, 41.702, 42.564, 42.765, 42.542, 42.23, 41.733, 41.115, 40.629, 40.189, 39.922, 39.309, 38.222, 37.154, 36.542, 36.429, 36.318, 35.825, 34.967, 34.197, 33.833, 33.758, 33.826, 34.045, 34.015, 33.763, 33.771, 33.777, 33.807, 33.955, 33.929, 33.731, 33.455, 33.628, 34.185, 34.562, 34.36, 34.199, 34.242, 33.99, 33.205, 32.47, 32.225, 32.261, 32.175, 32.213, 32.309, 32.395, 32.871, 34.044, 34.944, 34.963, 34.65, 34.54, 35.154, 36.213, 37.029, 37.117, 36.367, 35.434, 35.191, 35.281, 35.487, 36.045, 36.784, 37.303, 37.612, 37.796, 37.692, 37.285, 36.822, 37.006, 37.481, 37.588, 37.653, 37.969, 37.999, 37.689, 37.618, 37.952, 37.73, 36.449, 35.456, 35.301, 34.959, 34.242, 33.405, 32.564, 31.727, 31.236, 31.224, 31.475, 31.534, 31.274, 31.411, 31.861, 32.001, 32.032, 32.188, 32.196, 32.189, 32.233, 11.572], [14.677, 12.63, 6.691, 0.0, 6.202, 13.828, 21.303, 25.979, 27.641, 28.444, 30.119, 32.501, 34.771, 36.286, 37.035, 37.803, 38.672, 38.695, 37.742, 37.885, 39.936, 42.175, 43.367, 44.323, 45.341, 45.378, 44.725, 44.244, 43.628, 42.892, 43.043, 43.989, 43.831, 42.848, 42.689, 43.101, 43.24, 42.435, 41.526, 41.26, 41.343, 41.004, 39.683, 38.846, 39.279, 39.583, 39.085, 38.431, 38.352, 38.879, 39.525, 39.626, 39.523, 40.042, 40.721, 40.845, 40.994, 41.368, 41.276, 40.09, 37.856, 36.227, 35.903, 36.074, 35.813, 35.177, 35.242, 35.713, 35.418, 34.587, 34.34, 35.262, 36.826, 38.07, 38.524, 38.476, 39.043, 39.936, 39.864, 39.562, 39.445, 39.112, 38.631, 38.352, 38.214, 38.247, 38.153, 37.814, 37.796, 38.105, 38.241, 37.999, 37.757, 37.71, 37.686, 37.801, 37.867, 37.409, 37.246, 37.737, 38.315, 38.445, 38.402, 38.314, 37.911, 37.384, 37.084, 36.76, 36.043, 35.288, 35.031, 35.601, 36.746, 37.72, 37.577, 36.877, 36.742, 37.075, 38.102, 39.901, 41.179, 41.117, 41.119, 41.889, 42.434, 42.183, 41.498, 41.206, 41.726, 42.566, 42.778, 42.541, 42.189, 41.695, 41.105, 40.644, 40.226, 39.972, 39.371, 38.325, 37.35, 36.82, 36.746, 36.65, 36.187, 35.378, 34.661, 34.314, 34.212, 34.249, 34.449, 34.434, 34.203, 34.219, 34.272, 34.336, 34.434, 34.337, 34.134, 33.87, 34.008, 34.519, 34.882, 34.726, 34.622, 34.693, 34.463, 33.721, 33.033, 32.812, 32.852, 32.78, 32.816, 32.902, 32.997, 33.487, 34.655, 35.552, 35.59, 35.281, 35.108, 35.646, 36.651, 37.447, 37.549, 36.831, 35.939, 35.733, 35.826, 36.007, 36.536, 37.253, 37.757, 38.051, 38.232, 38.147, 37.774, 37.35, 37.545, 38.009, 38.117, 38.2, 38.522, 38.55, 38.252, 38.19, 38.512, 38.296, 37.059, 36.086, 35.913, 35.572, 34.875, 34.072, 33.26, 32.457, 31.988, 31.97, 32.213, 32.279, 32.027, 32.147, 32.591, 32.749, 32.795, 32.954, 32.976, 32.961, 32.988, 15.738], [16.628, 14.951, 10.576, 6.202, 0.0, 9.972, 19.312, 24.861, 26.703, 27.483, 29.26, 31.866, 34.346, 35.991, 36.801, 37.592, 38.477, 38.504, 37.538, 37.659, 39.721, 41.986, 43.185, 44.141, 45.17, 45.221, 44.587, 44.123, 43.51, 42.759, 42.894, 43.84, 43.691, 42.72, 42.509, 42.875, 43.038, 42.29, 41.411, 41.16, 41.263, 40.948, 39.654, 38.823, 39.239, 39.544, 39.053, 38.397, 38.309, 38.838, 39.501, 39.626, 39.549, 40.085, 40.771, 40.887, 41.025, 41.401, 41.319, 40.135, 37.894, 36.282, 35.974, 36.145, 35.891, 35.274, 35.355, 35.836, 35.547, 34.694, 34.441, 35.393, 36.959, 38.207, 38.666, 38.619, 39.199, 40.062, 39.895, 39.506, 39.342, 39.004, 38.544, 38.282, 38.15, 38.17, 38.051, 37.686, 37.649, 37.946, 38.07, 37.817, 37.569, 37.528, 37.526, 37.664, 37.743, 37.297, 37.143, 37.648, 38.24, 38.384, 38.357, 38.284, 37.895, 37.364, 37.039, 36.703, 35.997, 35.256, 35.016, 35.594, 36.734, 37.708, 37.593, 36.926, 36.807, 37.143, 38.168, 39.96, 41.221, 41.158, 41.17, 41.941, 42.493, 42.258, 41.596, 41.315, 41.84, 42.691, 42.905, 42.651, 42.273, 41.77, 41.177, 40.716, 40.308, 40.066, 39.462, 38.412, 37.45, 36.94, 36.89, 36.818, 36.384, 35.595, 34.874, 34.513, 34.409, 34.447, 34.648, 34.632, 34.396, 34.411, 34.446, 34.458, 34.53, 34.466, 34.288, 34.015, 34.132, 34.598, 34.917, 34.765, 34.684, 34.756, 34.514, 33.787, 33.129, 32.896, 32.888, 32.793, 32.832, 32.908, 32.959, 33.402, 34.572, 35.482, 35.526, 35.219, 35.043, 35.597, 36.599, 37.373, 37.483, 36.809, 35.967, 35.785, 35.867, 36.027, 36.556, 37.282, 37.793, 38.094, 38.274, 38.193, 37.826, 37.417, 37.634, 38.109, 38.22, 38.301, 38.623, 38.652, 38.354, 38.292, 38.611, 38.396, 37.169, 36.194, 35.985, 35.601, 34.85, 34.029, 33.273, 32.553, 32.123, 32.095, 32.332, 32.403, 32.167, 32.298, 32.747, 32.917, 32.97, 33.108, 33.099, 33.065, 33.091, 17.404], [19.771, 18.499, 15.561, 13.828, 9.972, 0.0, 11.851, 19.78, 22.331, 22.956, 24.975, 28.345, 31.505, 33.569, 34.643, 35.615, 36.597, 36.704, 35.795, 35.857, 37.902, 40.322, 41.697, 42.788, 43.938, 44.047, 43.43, 43.0, 42.444, 41.707, 41.766, 42.697, 42.672, 41.855, 41.685, 41.98, 42.139, 41.508, 40.731, 40.527, 40.676, 40.455, 39.307, 38.575, 38.993, 39.287, 38.812, 38.158, 38.017, 38.483, 39.145, 39.328, 39.298, 39.812, 40.444, 40.536, 40.676, 41.065, 41.019, 39.893, 37.711, 36.136, 35.847, 36.036, 35.854, 35.31, 35.373, 35.837, 35.543, 34.646, 34.428, 35.482, 37.148, 38.53, 39.072, 39.04, 39.625, 40.493, 40.301, 39.88, 39.71, 39.386, 38.915, 38.593, 38.392, 38.363, 38.218, 37.796, 37.647, 37.866, 37.993, 37.745, 37.493, 37.457, 37.429, 37.536, 37.575, 37.042, 36.802, 37.326, 37.963, 38.124, 38.093, 38.018, 37.639, 37.119, 36.787, 36.429, 35.745, 35.107, 35.024, 35.718, 36.877, 37.837, 37.755, 37.117, 36.997, 37.306, 38.276, 40.034, 41.31, 41.284, 41.306, 42.062, 42.617, 42.394, 41.755, 41.497, 42.047, 42.953, 43.202, 42.941, 42.541, 42.034, 41.466, 41.011, 40.601, 40.37, 39.791, 38.749, 37.765, 37.245, 37.209, 37.169, 36.764, 36.029, 35.323, 34.946, 34.843, 34.893, 35.117, 35.117, 34.873, 34.867, 34.886, 34.815, 34.801, 34.81, 34.755, 34.491, 34.549, 34.883, 35.077, 34.877, 34.79, 34.848, 34.628, 34.005, 33.445, 33.197, 33.098, 32.925, 32.924, 32.971, 32.904, 33.106, 34.051, 34.845, 34.857, 34.576, 34.506, 35.257, 36.501, 37.426, 37.564, 36.895, 36.05, 35.847, 35.931, 36.124, 36.689, 37.429, 37.945, 38.235, 38.406, 38.342, 38.026, 37.696, 37.968, 38.432, 38.506, 38.536, 38.807, 38.825, 38.531, 38.469, 38.784, 38.56, 37.344, 36.409, 36.241, 35.883, 35.152, 34.342, 33.636, 32.991, 32.59, 32.555, 32.763, 32.805, 32.584, 32.747, 33.213, 33.409, 33.47, 33.523, 33.45, 33.427, 33.503, 20.089], [24.886, 24.048, 22.096, 21.303, 19.312, 11.851, 0.0, 10.211, 14.433, 15.533, 17.738, 21.861, 26.032, 28.82, 30.363, 31.71, 32.995, 33.454, 32.846, 32.839, 34.654, 37.139, 38.766, 40.094, 41.446, 41.704, 41.214, 40.87, 40.419, 39.811, 39.855, 40.771, 41.092, 40.816, 41.021, 41.319, 41.385, 40.839, 40.221, 40.096, 40.303, 40.234, 39.368, 38.862, 39.316, 39.581, 39.142, 38.569, 38.433, 38.828, 39.459, 39.685, 39.68, 40.11, 40.616, 40.661, 40.802, 41.192, 41.177, 40.178, 38.165, 36.716, 36.469, 36.662, 36.558, 36.125, 36.116, 36.474, 36.191, 35.343, 35.159, 36.294, 38.045, 39.504, 40.096, 40.087, 40.63, 41.469, 41.317, 40.928, 40.763, 40.432, 39.941, 39.58, 39.331, 39.267, 39.116, 38.714, 38.503, 38.618, 38.755, 38.587, 38.399, 38.385, 38.265, 38.235, 38.173, 37.589, 37.286, 37.779, 38.405, 38.568, 38.548, 38.471, 38.092, 37.59, 37.257, 36.903, 36.338, 35.931, 36.045, 36.795, 37.829, 38.649, 38.536, 37.9, 37.78, 38.081, 38.961, 40.586, 41.81, 41.804, 41.834, 42.594, 43.157, 42.923, 42.291, 42.049, 42.567, 43.435, 43.69, 43.471, 43.147, 42.733, 42.254, 41.85, 41.479, 41.296, 40.777, 39.786, 38.831, 38.353, 38.36, 38.355, 37.957, 37.259, 36.59, 36.224, 36.113, 36.142, 36.338, 36.338, 36.129, 36.126, 36.146, 36.033, 35.924, 35.937, 36.002, 35.818, 35.829, 35.999, 36.035, 35.754, 35.644, 35.7, 35.551, 35.109, 34.751, 34.606, 34.507, 34.291, 34.229, 34.265, 34.169, 34.114, 34.586, 35.074, 35.019, 34.752, 34.724, 35.614, 37.125, 38.241, 38.41, 37.725, 36.873, 36.659, 36.759, 36.977, 37.495, 38.145, 38.601, 38.848, 38.997, 38.983, 38.806, 38.643, 38.982, 39.406, 39.454, 39.438, 39.608, 39.586, 39.314, 39.257, 39.544, 39.316, 38.213, 37.447, 37.425, 37.185, 36.588, 35.859, 35.158, 34.523, 34.13, 34.089, 34.249, 34.274, 34.112, 34.296, 34.721, 34.884, 34.904, 34.869, 34.824, 34.903, 35.039, 24.817], [28.559, 27.924, 26.502, 25.979, 24.861, 19.78, 10.211, 0.0, 6.334, 9.964, 12.881, 16.836, 21.449, 24.828, 26.809, 28.53, 30.204, 31.109, 30.852, 30.822, 32.335, 34.692, 36.433, 37.944, 39.459, 39.869, 39.548, 39.308, 38.901, 38.377, 38.499, 39.476, 40.116, 40.409, 41.047, 41.452, 41.455, 40.878, 40.301, 40.203, 40.436, 40.47, 39.816, 39.498, 39.988, 40.22, 39.785, 39.289, 39.222, 39.609, 40.199, 40.412, 40.399, 40.756, 41.159, 41.156, 41.297, 41.682, 41.679, 40.778, 38.934, 37.605, 37.368, 37.549, 37.452, 37.057, 37.029, 37.362, 37.141, 36.384, 36.173, 37.332, 39.14, 40.58, 41.154, 41.152, 41.648, 42.439, 42.305, 41.926, 41.726, 41.348, 40.833, 40.474, 40.229, 40.174, 40.044, 39.693, 39.491, 39.578, 39.73, 39.609, 39.447, 39.399, 39.164, 39.018, 38.925, 38.369, 38.044, 38.468, 39.03, 39.174, 39.171, 39.106, 38.749, 38.298, 38.006, 37.692, 37.247, 37.006, 37.175, 37.878, 38.808, 39.54, 39.399, 38.754, 38.612, 38.899, 39.729, 41.263, 42.442, 42.447, 42.496, 43.278, 43.849, 43.596, 42.966, 42.749, 43.242, 44.047, 44.276, 44.083, 43.831, 43.498, 43.076, 42.705, 42.372, 42.231, 41.75, 40.786, 39.85, 39.4, 39.448, 39.49, 39.116, 38.423, 37.758, 37.412, 37.332, 37.372, 37.523, 37.511, 37.355, 37.374, 37.401, 37.287, 37.147, 37.115, 37.186, 37.039, 37.042, 37.156, 37.104, 36.727, 36.574, 36.638, 36.526, 36.171, 35.954, 35.916, 35.852, 35.638, 35.559, 35.616, 35.572, 35.449, 35.654, 35.956, 35.873, 35.608, 35.542, 36.427, 37.991, 39.113, 39.245, 38.536, 37.7, 37.526, 37.679, 37.916, 38.348, 38.867, 39.249, 39.482, 39.617, 39.592, 39.448, 39.356, 39.714, 40.121, 40.175, 40.127, 40.215, 40.162, 39.919, 39.868, 40.125, 39.908, 38.925, 38.324, 38.466, 38.364, 37.866, 37.156, 36.428, 35.815, 35.488, 35.463, 35.571, 35.606, 35.508, 35.668, 36.007, 36.096, 36.06, 35.999, 36.012, 36.149, 36.277, 28.384], [29.803, 29.214, 27.993, 27.641, 26.703, 22.331, 14.433, 6.334, 0.0, 5.842, 10.418, 14.934, 19.643, 23.137, 25.271, 27.212, 29.132, 30.247, 30.117, 30.108, 31.567, 33.878, 35.62, 37.163, 38.7, 39.133, 38.855, 38.649, 38.236, 37.69, 37.827, 38.875, 39.641, 40.138, 40.957, 41.461, 41.501, 40.906, 40.29, 40.148, 40.362, 40.421, 39.826, 39.554, 40.038, 40.246, 39.799, 39.312, 39.254, 39.64, 40.228, 40.427, 40.371, 40.662, 41.015, 41.002, 41.16, 41.556, 41.562, 40.706, 38.951, 37.706, 37.502, 37.688, 37.591, 37.225, 37.253, 37.629, 37.414, 36.643, 36.417, 37.602, 39.442, 40.888, 41.469, 41.472, 41.958, 42.746, 42.618, 42.237, 42.017, 41.618, 41.095, 40.73, 40.484, 40.442, 40.331, 39.984, 39.773, 39.864, 40.026, 39.901, 39.72, 39.633, 39.34, 39.155, 39.064, 38.52, 38.188, 38.587, 39.116, 39.238, 39.234, 39.166, 38.809, 38.376, 38.113, 37.836, 37.433, 37.231, 37.41, 38.099, 39.023, 39.759, 39.64, 39.02, 38.881, 39.159, 39.968, 41.482, 42.668, 42.677, 42.714, 43.479, 44.037, 43.778, 43.146, 42.932, 43.436, 44.246, 44.476, 44.285, 44.043, 43.722, 43.302, 42.92, 42.578, 42.436, 41.964, 41.0, 40.043, 39.56, 39.603, 39.671, 39.318, 38.615, 37.932, 37.585, 37.533, 37.599, 37.745, 37.732, 37.59, 37.62, 37.639, 37.507, 37.379, 37.367, 37.432, 37.271, 37.29, 37.437, 37.392, 36.966, 36.773, 36.841, 36.738, 36.388, 36.188, 36.164, 36.082, 35.855, 35.783, 35.867, 35.851, 35.715, 35.874, 36.144, 36.053, 35.8, 35.754, 36.646, 38.186, 39.25, 39.334, 38.604, 37.74, 37.553, 37.734, 37.99, 38.405, 38.898, 39.273, 39.518, 39.66, 39.626, 39.463, 39.351, 39.691, 40.092, 40.146, 40.083, 40.146, 40.093, 39.862, 39.809, 40.069, 39.878, 38.937, 38.387, 38.595, 38.535, 38.055, 37.351, 36.635, 36.05, 35.747, 35.704, 35.774, 35.8, 35.705, 35.846, 36.148, 36.197, 36.138, 36.088, 36.116, 36.256, 36.379, 29.664], [30.412, 29.856, 28.704, 28.444, 27.483, 22.956, 15.533, 9.964, 5.842, 0.0, 6.32, 12.931, 18.562, 22.172, 24.264, 26.311, 28.4, 29.61, 29.488, 29.486, 31.066, 33.528, 35.333, 36.859, 38.334, 38.709, 38.386, 38.171, 37.802, 37.287, 37.372, 38.398, 39.243, 39.831, 40.674, 41.203, 41.341, 40.885, 40.338, 40.196, 40.414, 40.506, 39.955, 39.698, 40.158, 40.347, 39.906, 39.416, 39.332, 39.707, 40.324, 40.559, 40.511, 40.801, 41.17, 41.183, 41.359, 41.768, 41.783, 40.923, 39.121, 37.853, 37.661, 37.849, 37.762, 37.403, 37.403, 37.727, 37.455, 36.626, 36.4, 37.581, 39.387, 40.839, 41.453, 41.49, 42.004, 42.802, 42.682, 42.309, 42.105, 41.724, 41.21, 40.83, 40.563, 40.514, 40.409, 40.051, 39.802, 39.867, 40.026, 39.902, 39.738, 39.677, 39.397, 39.206, 39.091, 38.534, 38.21, 38.623, 39.152, 39.273, 39.267, 39.19, 38.821, 38.383, 38.126, 37.851, 37.443, 37.251, 37.485, 38.207, 39.114, 39.827, 39.731, 39.158, 39.052, 39.343, 40.136, 41.622, 42.789, 42.784, 42.803, 43.546, 44.09, 43.827, 43.182, 42.94, 43.428, 44.245, 44.482, 44.281, 44.03, 43.712, 43.301, 42.918, 42.569, 42.418, 41.944, 40.986, 40.051, 39.599, 39.645, 39.698, 39.332, 38.637, 37.97, 37.639, 37.583, 37.626, 37.763, 37.749, 37.603, 37.63, 37.66, 37.534, 37.406, 37.425, 37.516, 37.355, 37.37, 37.519, 37.495, 37.102, 36.927, 37.005, 36.911, 36.57, 36.377, 36.354, 36.253, 35.994, 35.909, 35.991, 35.961, 35.798, 35.929, 36.175, 36.068, 35.818, 35.809, 36.739, 38.297, 39.379, 39.477, 38.753, 37.862, 37.638, 37.804, 38.041, 38.458, 38.972, 39.367, 39.614, 39.758, 39.753, 39.623, 39.52, 39.852, 40.237, 40.276, 40.205, 40.267, 40.22, 40.004, 39.973, 40.243, 40.059, 39.128, 38.57, 38.736, 38.631, 38.154, 37.506, 36.839, 36.269, 35.959, 35.9, 35.95, 35.965, 35.869, 36.007, 36.292, 36.323, 36.262, 36.218, 36.248, 36.394, 36.54, 30.273], [31.932, 31.445, 30.374, 30.119, 29.26, 24.975, 17.738, 12.881, 10.418, 6.32, 0.0, 8.155, 15.256, 19.567, 21.859, 24.049, 26.391, 27.869, 27.911, 27.951, 29.607, 32.244, 34.205, 35.826, 37.34, 37.721, 37.396, 37.212, 36.951, 36.553, 36.64, 37.636, 38.663, 39.553, 40.514, 41.018, 41.215, 40.973, 40.623, 40.57, 40.826, 40.967, 40.513, 40.316, 40.759, 40.931, 40.511, 40.057, 39.981, 40.328, 40.939, 41.212, 41.204, 41.523, 41.917, 41.95, 42.123, 42.523, 42.547, 41.71, 39.897, 38.577, 38.355, 38.535, 38.444, 38.043, 37.898, 38.087, 37.807, 37.023, 36.779, 37.944, 39.766, 41.233, 41.866, 41.934, 42.44, 43.193, 43.07, 42.72, 42.539, 42.191, 41.702, 41.321, 41.032, 40.96, 40.865, 40.55, 40.298, 40.319, 40.46, 40.36, 40.254, 40.262, 40.014, 39.804, 39.655, 39.109, 38.798, 39.185, 39.672, 39.778, 39.772, 39.695, 39.326, 38.881, 38.603, 38.296, 37.879, 37.719, 38.005, 38.73, 39.563, 40.192, 40.095, 39.568, 39.469, 39.745, 40.502, 41.925, 43.038, 43.021, 43.039, 43.772, 44.309, 44.039, 43.382, 43.106, 43.538, 44.323, 44.555, 44.346, 44.104, 43.818, 43.445, 43.09, 42.757, 42.614, 42.154, 41.217, 40.346, 39.976, 40.046, 40.092, 39.74, 39.116, 38.53, 38.24, 38.18, 38.194, 38.302, 38.29, 38.163, 38.201, 38.284, 38.214, 38.056, 38.014, 38.09, 37.961, 37.963, 38.095, 38.088, 37.76, 37.633, 37.729, 37.658, 37.353, 37.199, 37.203, 37.1, 36.814, 36.697, 36.762, 36.734, 36.567, 36.652, 36.845, 36.713, 36.454, 36.415, 37.3, 38.87, 40.018, 40.163, 39.452, 38.561, 38.33, 38.48, 38.689, 39.073, 39.558, 39.934, 40.152, 40.265, 40.269, 40.183, 40.117, 40.447, 40.807, 40.823, 40.739, 40.79, 40.744, 40.557, 40.555, 40.814, 40.617, 39.723, 39.202, 39.381, 39.316, 38.897, 38.301, 37.657, 37.103, 36.816, 36.76, 36.797, 36.805, 36.72, 36.844, 37.095, 37.103, 37.036, 36.984, 37.017, 37.163, 37.314, 31.702], [34.123, 33.703, 32.753, 32.501, 31.866, 28.345, 21.861, 16.836, 14.934, 12.931, 8.155, 0.0, 8.407, 14.129, 17.27, 19.777, 22.47, 24.479, 24.963, 25.192, 26.909, 29.684, 31.834, 33.661, 35.368, 35.875, 35.642, 35.557, 35.415, 35.159, 35.351, 36.372, 37.609, 38.998, 40.333, 40.911, 41.108, 40.997, 40.865, 40.973, 41.287, 41.466, 41.133, 41.058, 41.514, 41.667, 41.263, 40.884, 40.87, 41.194, 41.75, 42.01, 42.023, 42.367, 42.774, 42.804, 42.951, 43.325, 43.354, 42.558, 40.811, 39.498, 39.242, 39.419, 39.323, 38.862, 38.549, 38.589, 38.339, 37.642, 37.311, 38.448, 40.369, 41.882, 42.533, 42.616, 43.079, 43.75, 43.607, 43.265, 43.089, 42.775, 42.353, 42.037, 41.767, 41.674, 41.589, 41.355, 41.164, 41.177, 41.299, 41.213, 41.153, 41.214, 40.969, 40.704, 40.536, 40.06, 39.777, 40.08, 40.464, 40.517, 40.493, 40.42, 40.069, 39.637, 39.342, 39.007, 38.597, 38.458, 38.711, 39.382, 40.138, 40.681, 40.552, 40.055, 39.949, 40.18, 40.867, 42.21, 43.281, 43.268, 43.287, 43.999, 44.504, 44.208, 43.55, 43.268, 43.649, 44.385, 44.614, 44.425, 44.204, 43.954, 43.633, 43.317, 43.01, 42.89, 42.463, 41.562, 40.756, 40.455, 40.545, 40.612, 40.311, 39.786, 39.293, 39.034, 38.983, 38.998, 39.062, 39.039, 38.944, 39.004, 39.161, 39.181, 39.012, 38.84, 38.823, 38.712, 38.723, 38.859, 38.863, 38.575, 38.487, 38.609, 38.576, 38.321, 38.218, 38.253, 38.153, 37.858, 37.712, 37.77, 37.777, 37.639, 37.698, 37.848, 37.704, 37.432, 37.309, 38.067, 39.603, 40.788, 40.965, 40.27, 39.406, 39.207, 39.369, 39.549, 39.87, 40.289, 40.61, 40.768, 40.816, 40.783, 40.705, 40.67, 40.996, 41.333, 41.337, 41.24, 41.277, 41.23, 41.06, 41.06, 41.292, 41.086, 40.242, 39.8, 40.094, 40.165, 39.831, 39.266, 38.621, 38.098, 37.863, 37.817, 37.832, 37.842, 37.768, 37.855, 38.05, 38.027, 37.94, 37.877, 37.925, 38.061, 38.183, 33.792], [36.235, 35.848, 34.999, 34.771, 34.346, 31.505, 26.032, 21.449, 19.643, 18.562, 15.256, 8.407, 0.0, 7.042, 11.69, 14.944, 17.975, 20.494, 21.547, 22.144, 24.0, 26.878, 29.144, 31.152, 33.08, 33.746, 33.651, 33.705, 33.672, 33.563, 33.932, 35.013, 36.386, 38.241, 40.05, 40.8, 40.987, 40.907, 40.955, 41.273, 41.673, 41.873, 41.644, 41.7, 42.183, 42.309, 41.908, 41.601, 41.658, 41.969, 42.448, 42.659, 42.668, 43.03, 43.442, 43.461, 43.571, 43.906, 43.93, 43.165, 41.524, 40.294, 40.035, 40.212, 40.12, 39.636, 39.224, 39.146, 38.918, 38.321, 37.905, 38.995, 40.98, 42.514, 43.173, 43.274, 43.698, 44.304, 44.146, 43.804, 43.628, 43.366, 43.05, 42.832, 42.603, 42.503, 42.42, 42.241, 42.104, 42.125, 42.232, 42.149, 42.109, 42.181, 41.907, 41.57, 41.388, 40.986, 40.725, 40.935, 41.205, 41.191, 41.136, 41.063, 40.746, 40.341, 40.044, 39.699, 39.315, 39.193, 39.373, 39.943, 40.625, 41.109, 40.965, 40.501, 40.375, 40.537, 41.129, 42.383, 43.432, 43.443, 43.465, 44.136, 44.59, 44.271, 43.64, 43.391, 43.75, 44.458, 44.707, 44.564, 44.362, 44.13, 43.851, 43.562, 43.27, 43.168, 42.789, 41.953, 41.204, 40.936, 41.028, 41.123, 40.886, 40.445, 40.014, 39.762, 39.718, 39.741, 39.753, 39.707, 39.634, 39.702, 39.91, 39.999, 39.848, 39.6, 39.487, 39.36, 39.387, 39.546, 39.566, 39.301, 39.242, 39.391, 39.396, 39.198, 39.147, 39.201, 39.1, 38.801, 38.633, 38.681, 38.717, 38.604, 38.656, 38.794, 38.658, 38.397, 38.204, 38.804, 40.242, 41.404, 41.598, 40.944, 40.142, 39.989, 40.164, 40.305, 40.543, 40.892, 41.148, 41.239, 41.239, 41.176, 41.097, 41.079, 41.394, 41.706, 41.706, 41.608, 41.643, 41.602, 41.438, 41.425, 41.638, 41.443, 40.669, 40.331, 40.774, 40.972, 40.7, 40.148, 39.504, 39.029, 38.874, 38.854, 38.847, 38.853, 38.782, 38.826, 38.967, 38.915, 38.801, 38.725, 38.793, 38.917, 38.997, 35.865], [37.643, 37.271, 36.493, 36.286, 35.991, 33.569, 28.82, 24.828, 23.137, 22.172, 19.567, 14.129, 7.042, 0.0, 5.98, 10.636, 14.422, 17.298, 18.707, 19.736, 21.963, 25.033, 27.371, 29.475, 31.524, 32.263, 32.264, 32.453, 32.551, 32.616, 33.162, 34.303, 35.734, 37.826, 39.935, 40.844, 41.063, 40.981, 41.091, 41.528, 42.005, 42.226, 42.046, 42.168, 42.672, 42.788, 42.39, 42.117, 42.204, 42.5, 42.933, 43.112, 43.112, 43.478, 43.892, 43.908, 43.989, 44.28, 44.285, 43.54, 41.983, 40.834, 40.587, 40.761, 40.67, 40.168, 39.699, 39.542, 39.327, 38.814, 38.396, 39.457, 41.444, 42.961, 43.61, 43.725, 44.128, 44.701, 44.551, 44.223, 44.055, 43.831, 43.591, 43.437, 43.235, 43.142, 43.067, 42.906, 42.786, 42.81, 42.907, 42.823, 42.794, 42.868, 42.575, 42.199, 42.004, 41.63, 41.365, 41.521, 41.739, 41.704, 41.639, 41.57, 41.276, 40.891, 40.601, 40.261, 39.899, 39.803, 39.95, 40.443, 41.071, 41.533, 41.386, 40.926, 40.769, 40.879, 41.397, 42.568, 43.586, 43.625, 43.663, 44.301, 44.721, 44.405, 43.813, 43.588, 43.932, 44.63, 44.898, 44.796, 44.616, 44.397, 44.133, 43.845, 43.545, 43.449, 43.097, 42.306, 41.589, 41.325, 41.406, 41.516, 41.324, 40.935, 40.536, 40.29, 40.251, 40.286, 40.281, 40.227, 40.16, 40.221, 40.437, 40.549, 40.42, 40.176, 40.022, 39.879, 39.93, 40.116, 40.157, 39.917, 39.883, 40.046, 40.067, 39.895, 39.87, 39.937, 39.843, 39.557, 39.386, 39.431, 39.475, 39.368, 39.407, 39.525, 39.39, 39.138, 38.913, 39.403, 40.741, 41.87, 42.089, 41.47, 40.695, 40.556, 40.738, 40.861, 41.049, 41.358, 41.577, 41.637, 41.625, 41.557, 41.482, 41.468, 41.759, 42.042, 42.039, 41.946, 41.989, 41.952, 41.797, 41.789, 41.999, 41.82, 41.107, 40.83, 41.323, 41.566, 41.334, 40.802, 40.172, 39.738, 39.64, 39.642, 39.626, 39.626, 39.557, 39.581, 39.691, 39.616, 39.48, 39.399, 39.489, 39.607, 39.652, 37.308], [38.339, 37.975, 37.239, 37.035, 36.801, 34.643, 30.363, 26.809, 25.271, 24.264, 21.859, 17.27, 11.69, 5.98, 0.0, 5.961, 11.312, 15.028, 16.682, 17.995, 20.767, 24.189, 26.619, 28.742, 30.785, 31.48, 31.478, 31.725, 31.919, 32.129, 32.807, 34.0, 35.468, 37.653, 39.893, 40.906, 41.193, 41.128, 41.213, 41.661, 42.177, 42.426, 42.278, 42.429, 42.939, 43.057, 42.674, 42.413, 42.498, 42.791, 43.228, 43.408, 43.407, 43.77, 44.181, 44.19, 44.256, 44.528, 44.524, 43.779, 42.241, 41.118, 40.867, 41.028, 40.933, 40.407, 39.876, 39.653, 39.445, 38.983, 38.578, 39.593, 41.56, 43.063, 43.706, 43.828, 44.232, 44.81, 44.685, 44.389, 44.241, 44.043, 43.844, 43.726, 43.541, 43.45, 43.376, 43.226, 43.121, 43.154, 43.244, 43.152, 43.122, 43.198, 42.915, 42.542, 42.339, 41.959, 41.679, 41.82, 42.037, 42.015, 41.965, 41.903, 41.613, 41.227, 40.936, 40.598, 40.241, 40.154, 40.289, 40.741, 41.348, 41.821, 41.685, 41.218, 41.038, 41.143, 41.633, 42.745, 43.732, 43.79, 43.844, 44.462, 44.86, 44.563, 44.0, 43.777, 44.115, 44.82, 45.107, 45.032, 44.865, 44.636, 44.357, 44.043, 43.72, 43.619, 43.264, 42.469, 41.75, 41.479, 41.546, 41.661, 41.496, 41.134, 40.747, 40.511, 40.479, 40.533, 40.556, 40.52, 40.457, 40.516, 40.727, 40.829, 40.688, 40.453, 40.298, 40.151, 40.214, 40.405, 40.457, 40.24, 40.222, 40.391, 40.422, 40.258, 40.24, 40.32, 40.254, 40.012, 39.865, 39.916, 39.968, 39.889, 39.95, 40.059, 39.915, 39.66, 39.423, 39.86, 41.119, 42.214, 42.449, 41.837, 41.046, 40.885, 41.051, 41.168, 41.348, 41.653, 41.87, 41.938, 41.929, 41.853, 41.776, 41.76, 42.034, 42.301, 42.305, 42.226, 42.277, 42.24, 42.092, 42.092, 42.293, 42.114, 41.427, 41.162, 41.647, 41.888, 41.649, 41.117, 40.503, 40.088, 40.003, 40.001, 39.985, 39.989, 39.926, 39.951, 40.059, 39.986, 39.859, 39.797, 39.895, 40.006, 40.04, 38.047], [39.077, 38.727, 38.021, 37.803, 37.592, 35.615, 31.71, 28.53, 27.212, 26.311, 24.049, 19.777, 14.944, 10.636, 5.961, 0.0, 6.742, 11.928, 14.384, 15.977, 19.102, 22.917, 25.569, 27.773, 29.84, 30.521, 30.499, 30.769, 31.061, 31.409, 32.177, 33.385, 34.935, 37.322, 39.687, 40.76, 41.123, 41.157, 41.336, 41.848, 42.39, 42.659, 42.586, 42.802, 43.313, 43.416, 43.048, 42.808, 42.886, 43.166, 43.608, 43.807, 43.828, 44.198, 44.597, 44.589, 44.634, 44.895, 44.897, 44.151, 42.611, 41.486, 41.22, 41.361, 41.271, 40.744, 40.154, 39.856, 39.641, 39.195, 38.736, 39.673, 41.615, 43.112, 43.763, 43.897, 44.298, 44.875, 44.762, 44.496, 44.388, 44.231, 44.082, 44.015, 43.853, 43.752, 43.679, 43.57, 43.501, 43.55, 43.64, 43.537, 43.495, 43.581, 43.323, 42.957, 42.747, 42.386, 42.113, 42.238, 42.447, 42.432, 42.392, 42.339, 42.057, 41.669, 41.366, 41.006, 40.616, 40.51, 40.624, 41.037, 41.607, 42.057, 41.944, 41.516, 41.332, 41.43, 41.889, 42.935, 43.882, 43.961, 44.037, 44.641, 45.028, 44.756, 44.224, 44.006, 44.34, 45.06, 45.375, 45.322, 45.155, 44.911, 44.608, 44.269, 43.924, 43.816, 43.462, 42.667, 41.95, 41.671, 41.725, 41.836, 41.688, 41.361, 41.007, 40.798, 40.78, 40.838, 40.88, 40.869, 40.809, 40.869, 41.097, 41.202, 41.017, 40.76, 40.625, 40.488, 40.532, 40.683, 40.715, 40.519, 40.526, 40.708, 40.769, 40.662, 40.694, 40.799, 40.76, 40.557, 40.424, 40.468, 40.532, 40.496, 40.597, 40.707, 40.562, 40.31, 40.055, 40.424, 41.584, 42.616, 42.848, 42.265, 41.498, 41.324, 41.453, 41.546, 41.708, 41.991, 42.187, 42.245, 42.226, 42.144, 42.077, 42.077, 42.363, 42.648, 42.679, 42.613, 42.665, 42.638, 42.503, 42.497, 42.678, 42.506, 41.866, 41.62, 42.102, 42.35, 42.095, 41.549, 40.96, 40.571, 40.488, 40.467, 40.457, 40.479, 40.418, 40.441, 40.563, 40.501, 40.378, 40.326, 40.42, 40.521, 40.538, 38.8], [39.867, 39.547, 38.892, 38.672, 38.477, 36.597, 32.995, 30.204, 29.132, 28.4, 26.391, 22.47, 17.975, 14.422, 11.312, 6.742, 0.0, 6.486, 10.641, 13.086, 16.332, 20.458, 23.5, 25.951, 28.177, 28.993, 29.04, 29.379, 29.812, 30.321, 31.185, 32.418, 34.074, 36.699, 39.208, 40.299, 40.708, 40.922, 41.384, 42.094, 42.681, 42.947, 42.947, 43.244, 43.763, 43.842, 43.47, 43.251, 43.326, 43.572, 43.985, 44.182, 44.218, 44.608, 45.016, 45.007, 45.031, 45.265, 45.263, 44.522, 42.989, 41.851, 41.584, 41.727, 41.651, 41.134, 40.515, 40.163, 39.921, 39.461, 38.928, 39.791, 41.686, 43.178, 43.853, 44.004, 44.379, 44.928, 44.819, 44.586, 44.524, 44.411, 44.312, 44.303, 44.168, 44.046, 43.982, 43.93, 43.903, 43.967, 44.061, 43.959, 43.922, 44.038, 43.813, 43.444, 43.231, 42.914, 42.656, 42.753, 42.938, 42.912, 42.862, 42.811, 42.548, 42.176, 41.878, 41.491, 41.041, 40.893, 40.992, 41.383, 41.908, 42.298, 42.18, 41.783, 41.589, 41.646, 42.033, 42.998, 43.904, 44.006, 44.112, 44.721, 45.122, 44.881, 44.369, 44.154, 44.476, 45.211, 45.55, 45.502, 45.33, 45.094, 44.777, 44.437, 44.096, 43.989, 43.663, 42.911, 42.219, 41.923, 41.955, 42.06, 41.93, 41.636, 41.319, 41.15, 41.15, 41.189, 41.196, 41.175, 41.111, 41.164, 41.425, 41.576, 41.385, 41.109, 40.978, 40.853, 40.885, 40.998, 41.013, 40.847, 40.882, 41.079, 41.18, 41.156, 41.262, 41.386, 41.339, 41.137, 40.994, 41.018, 41.081, 41.069, 41.188, 41.288, 41.133, 40.888, 40.604, 40.876, 41.919, 42.881, 43.111, 42.586, 41.88, 41.705, 41.791, 41.845, 41.969, 42.212, 42.362, 42.377, 42.339, 42.273, 42.236, 42.269, 42.591, 42.917, 42.977, 42.913, 42.954, 42.937, 42.816, 42.806, 42.977, 42.832, 42.258, 42.034, 42.5, 42.759, 42.526, 42.022, 41.491, 41.133, 41.044, 41.014, 41.017, 41.048, 40.983, 40.995, 41.115, 41.052, 40.902, 40.826, 40.93, 41.027, 41.02, 39.58], [39.796, 39.494, 38.894, 38.695, 38.504, 36.704, 33.454, 31.109, 30.247, 29.61, 27.869, 24.479, 20.494, 17.298, 15.028, 11.928, 6.486, 0.0, 5.781, 9.832, 13.794, 18.239, 21.542, 24.226, 26.651, 27.618, 27.757, 28.175, 28.688, 29.257, 30.201, 31.559, 33.314, 35.983, 38.534, 39.631, 40.052, 40.365, 41.031, 41.917, 42.574, 42.827, 42.786, 43.089, 43.647, 43.739, 43.35, 43.112, 43.174, 43.413, 43.811, 43.989, 44.019, 44.442, 44.898, 44.915, 44.934, 45.148, 45.121, 44.352, 42.774, 41.572, 41.307, 41.477, 41.411, 40.881, 40.278, 39.942, 39.68, 39.193, 38.656, 39.526, 41.39, 42.876, 43.554, 43.695, 44.042, 44.584, 44.482, 44.262, 44.216, 44.113, 44.031, 44.055, 43.928, 43.783, 43.72, 43.684, 43.671, 43.75, 43.849, 43.746, 43.722, 43.88, 43.697, 43.341, 43.133, 42.834, 42.576, 42.663, 42.848, 42.818, 42.752, 42.687, 42.42, 42.051, 41.763, 41.369, 40.869, 40.66, 40.744, 41.16, 41.705, 42.093, 41.946, 41.505, 41.281, 41.307, 41.674, 42.657, 43.583, 43.686, 43.814, 44.461, 44.899, 44.679, 44.155, 43.922, 44.239, 44.991, 45.333, 45.269, 45.083, 44.846, 44.524, 44.194, 43.865, 43.752, 43.435, 42.702, 42.005, 41.673, 41.673, 41.78, 41.664, 41.36, 41.027, 40.864, 40.882, 40.918, 40.887, 40.832, 40.75, 40.789, 41.061, 41.267, 41.129, 40.85, 40.677, 40.55, 40.617, 40.759, 40.796, 40.647, 40.688, 40.889, 41.001, 40.987, 41.088, 41.193, 41.123, 40.907, 40.758, 40.769, 40.824, 40.828, 40.978, 41.083, 40.915, 40.668, 40.367, 40.571, 41.541, 42.494, 42.755, 42.25, 41.542, 41.356, 41.434, 41.475, 41.596, 41.831, 41.958, 41.949, 41.907, 41.858, 41.824, 41.858, 42.203, 42.565, 42.639, 42.576, 42.627, 42.623, 42.497, 42.479, 42.664, 42.534, 41.948, 41.687, 42.122, 42.368, 42.135, 41.668, 41.174, 40.805, 40.69, 40.675, 40.697, 40.726, 40.655, 40.66, 40.773, 40.716, 40.558, 40.456, 40.552, 40.642, 40.622, 39.499], [38.786, 38.471, 37.9, 37.742, 37.538, 35.795, 32.846, 30.852, 30.117, 29.488, 27.911, 24.963, 21.547, 18.707, 16.682, 14.384, 10.641, 5.781, 0.0, 5.533, 11.429, 16.79, 20.251, 22.949, 25.436, 26.452, 26.602, 27.024, 27.528, 28.082, 29.064, 30.568, 32.42, 35.065, 37.584, 38.697, 39.129, 39.414, 40.091, 41.061, 41.802, 42.074, 41.957, 42.235, 42.877, 43.033, 42.636, 42.351, 42.396, 42.672, 43.106, 43.275, 43.284, 43.726, 44.236, 44.281, 44.312, 44.533, 44.487, 43.653, 41.947, 40.618, 40.326, 40.521, 40.46, 39.901, 39.326, 39.047, 38.768, 38.236, 37.758, 38.734, 40.637, 42.126, 42.784, 42.905, 43.277, 43.872, 43.789, 43.56, 43.497, 43.367, 43.258, 43.279, 43.145, 42.986, 42.904, 42.836, 42.81, 42.906, 43.007, 42.876, 42.833, 43.004, 42.85, 42.526, 42.326, 42.0, 41.724, 41.831, 42.056, 42.055, 42.0, 41.925, 41.62, 41.214, 40.915, 40.521, 39.98, 39.689, 39.746, 40.218, 40.854, 41.307, 41.147, 40.648, 40.402, 40.444, 40.889, 42.011, 43.017, 43.099, 43.222, 43.916, 44.399, 44.178, 43.619, 43.363, 43.704, 44.479, 44.803, 44.698, 44.459, 44.165, 43.807, 43.461, 43.119, 42.983, 42.633, 41.862, 41.115, 40.74, 40.728, 40.842, 40.728, 40.398, 40.021, 39.826, 39.845, 39.911, 39.9, 39.839, 39.744, 39.77, 40.028, 40.262, 40.169, 39.874, 39.65, 39.519, 39.643, 39.849, 39.912, 39.746, 39.767, 39.957, 40.035, 39.949, 39.983, 40.075, 40.014, 39.794, 39.652, 39.669, 39.719, 39.74, 39.946, 40.086, 39.907, 39.646, 39.339, 39.533, 40.501, 41.496, 41.794, 41.272, 40.525, 40.337, 40.43, 40.482, 40.635, 40.905, 41.054, 41.067, 41.04, 40.984, 40.927, 40.94, 41.308, 41.716, 41.812, 41.765, 41.848, 41.854, 41.707, 41.674, 41.873, 41.73, 41.069, 40.749, 41.175, 41.397, 41.108, 40.583, 40.032, 39.603, 39.458, 39.465, 39.507, 39.546, 39.473, 39.486, 39.618, 39.59, 39.464, 39.36, 39.41, 39.472, 39.447, 38.491], [38.894, 38.588, 38.029, 37.885, 37.659, 35.857, 32.839, 30.822, 30.108, 29.486, 27.951, 25.192, 22.144, 19.736, 17.995, 15.977, 13.086, 9.832, 5.533, 0.0, 7.339, 13.961, 18.075, 21.018, 23.668, 24.882, 25.168, 25.623, 26.168, 26.831, 27.844, 29.342, 31.349, 34.284, 36.89, 37.988, 38.401, 38.675, 39.388, 40.43, 41.239, 41.582, 41.564, 41.94, 42.663, 42.876, 42.517, 42.249, 42.283, 42.547, 42.975, 43.14, 43.135, 43.549, 44.049, 44.104, 44.137, 44.36, 44.336, 43.551, 41.874, 40.562, 40.275, 40.468, 40.432, 39.91, 39.367, 39.117, 38.852, 38.307, 37.837, 38.837, 40.696, 42.131, 42.76, 42.885, 43.291, 43.929, 43.869, 43.655, 43.597, 43.454, 43.332, 43.36, 43.239, 43.075, 42.966, 42.869, 42.834, 42.94, 43.041, 42.884, 42.811, 42.961, 42.798, 42.475, 42.28, 41.954, 41.668, 41.77, 42.009, 42.039, 42.009, 41.944, 41.634, 41.21, 40.892, 40.487, 39.931, 39.615, 39.647, 40.122, 40.767, 41.212, 41.066, 40.611, 40.389, 40.433, 40.899, 42.062, 43.086, 43.154, 43.254, 43.946, 44.444, 44.23, 43.68, 43.431, 43.766, 44.525, 44.836, 44.699, 44.396, 44.055, 43.687, 43.344, 43.003, 42.867, 42.515, 41.735, 40.974, 40.592, 40.594, 40.713, 40.607, 40.314, 39.972, 39.779, 39.784, 39.849, 39.857, 39.823, 39.739, 39.766, 40.025, 40.265, 40.157, 39.846, 39.647, 39.549, 39.665, 39.813, 39.797, 39.582, 39.584, 39.757, 39.811, 39.729, 39.818, 39.982, 39.963, 39.747, 39.603, 39.616, 39.651, 39.654, 39.843, 39.976, 39.79, 39.519, 39.223, 39.455, 40.444, 41.43, 41.722, 41.224, 40.516, 40.354, 40.44, 40.48, 40.628, 40.892, 41.047, 41.077, 41.053, 40.989, 40.944, 40.989, 41.39, 41.815, 41.925, 41.885, 41.963, 41.962, 41.808, 41.77, 41.96, 41.803, 41.136, 40.823, 41.253, 41.479, 41.185, 40.635, 40.063, 39.649, 39.523, 39.534, 39.575, 39.622, 39.556, 39.582, 39.737, 39.731, 39.626, 39.527, 39.562, 39.62, 39.593, 38.598], [40.879, 40.63, 40.101, 39.936, 39.721, 37.902, 34.654, 32.335, 31.567, 31.066, 29.607, 26.909, 24.0, 21.963, 20.767, 19.102, 16.332, 13.794, 11.429, 7.339, 0.0, 7.759, 13.334, 17.379, 20.752, 22.619, 23.433, 24.103, 24.754, 25.636, 26.734, 28.132, 30.379, 33.964, 36.872, 37.964, 38.304, 38.602, 39.464, 40.619, 41.457, 41.87, 42.097, 42.718, 43.504, 43.722, 43.438, 43.287, 43.355, 43.535, 43.853, 43.98, 43.963, 44.315, 44.748, 44.797, 44.82, 45.006, 45.023, 44.446, 43.074, 42.018, 41.809, 41.987, 41.992, 41.587, 41.111, 40.883, 40.683, 40.2, 39.665, 40.53, 42.159, 43.422, 43.985, 44.11, 44.478, 45.073, 45.026, 44.854, 44.824, 44.701, 44.613, 44.696, 44.628, 44.474, 44.349, 44.25, 44.219, 44.327, 44.427, 44.272, 44.205, 44.346, 44.152, 43.797, 43.617, 43.373, 43.113, 43.157, 43.333, 43.346, 43.319, 43.275, 43.018, 42.649, 42.356, 41.959, 41.438, 41.172, 41.172, 41.55, 42.067, 42.393, 42.264, 41.93, 41.764, 41.764, 42.126, 43.166, 44.116, 44.176, 44.25, 44.896, 45.361, 45.153, 44.66, 44.443, 44.703, 45.373, 45.668, 45.528, 45.204, 44.893, 44.602, 44.337, 44.048, 43.951, 43.661, 42.951, 42.249, 41.911, 41.937, 42.072, 42.003, 41.8, 41.566, 41.43, 41.427, 41.439, 41.401, 41.394, 41.352, 41.388, 41.672, 41.917, 41.775, 41.439, 41.301, 41.277, 41.324, 41.302, 41.126, 40.851, 40.85, 41.013, 41.082, 41.121, 41.406, 41.696, 41.708, 41.494, 41.336, 41.328, 41.345, 41.303, 41.396, 41.458, 41.275, 41.027, 40.745, 40.983, 41.925, 42.813, 43.065, 42.647, 42.066, 41.951, 42.019, 42.022, 42.094, 42.263, 42.353, 42.36, 42.318, 42.257, 42.265, 42.395, 42.817, 43.204, 43.301, 43.243, 43.273, 43.251, 43.108, 43.065, 43.22, 43.075, 42.52, 42.308, 42.74, 42.989, 42.78, 42.327, 41.863, 41.583, 41.535, 41.545, 41.559, 41.594, 41.535, 41.547, 41.687, 41.677, 41.564, 41.459, 41.521, 41.599, 41.573, 40.584], [42.999, 42.814, 42.353, 42.175, 41.986, 40.322, 37.139, 34.692, 33.878, 33.528, 32.244, 29.684, 26.878, 25.033, 24.189, 22.917, 20.458, 18.239, 16.79, 13.961, 7.759, 0.0, 6.96, 12.782, 17.529, 20.435, 22.05, 23.08, 23.762, 24.712, 25.904, 27.276, 29.714, 33.842, 37.093, 38.3, 38.615, 38.865, 39.793, 41.033, 41.88, 42.319, 42.728, 43.586, 44.439, 44.644, 44.418, 44.392, 44.536, 44.67, 44.878, 44.955, 44.927, 45.229, 45.586, 45.616, 45.637, 45.782, 45.82, 45.428, 44.37, 43.597, 43.477, 43.64, 43.672, 43.373, 42.979, 42.777, 42.63, 42.223, 41.668, 42.417, 43.814, 44.885, 45.377, 45.502, 45.813, 46.336, 46.281, 46.124, 46.099, 45.993, 45.948, 46.096, 46.092, 45.966, 45.843, 45.762, 45.755, 45.861, 45.95, 45.806, 45.751, 45.88, 45.67, 45.318, 45.185, 45.028, 44.795, 44.771, 44.876, 44.865, 44.831, 44.799, 44.596, 44.306, 44.078, 43.73, 43.266, 43.044, 42.989, 43.253, 43.647, 43.872, 43.755, 43.524, 43.404, 43.362, 43.622, 44.506, 45.352, 45.398, 45.459, 46.066, 46.496, 46.298, 45.861, 45.673, 45.857, 46.415, 46.667, 46.533, 46.237, 45.994, 45.815, 45.644, 45.414, 45.363, 45.134, 44.49, 43.835, 43.533, 43.582, 43.749, 43.722, 43.574, 43.408, 43.317, 43.311, 43.273, 43.172, 43.172, 43.168, 43.205, 43.484, 43.709, 43.549, 43.203, 43.105, 43.147, 43.134, 42.973, 42.679, 42.365, 42.366, 42.516, 42.602, 42.74, 43.167, 43.53, 43.548, 43.338, 43.173, 43.151, 43.17, 43.126, 43.17, 43.188, 43.025, 42.816, 42.529, 42.719, 43.56, 44.325, 44.54, 44.2, 43.743, 43.687, 43.761, 43.74, 43.731, 43.797, 43.808, 43.788, 43.74, 43.684, 43.727, 43.912, 44.327, 44.666, 44.748, 44.673, 44.66, 44.622, 44.493, 44.445, 44.566, 44.439, 44.008, 43.923, 44.373, 44.626, 44.492, 44.151, 43.797, 43.625, 43.646, 43.658, 43.641, 43.655, 43.59, 43.569, 43.669, 43.65, 43.543, 43.442, 43.512, 43.583, 43.556, 42.721], [44.047, 43.911, 43.534, 43.367, 43.185, 41.697, 38.766, 36.433, 35.62, 35.333, 34.205, 31.834, 29.144, 27.371, 26.619, 2