[[0.0, 4.337, 9.386, 13.393, 15.561, 17.175, 18.757, 20.035, 21.05, 21.676, 23.472, 27.428, 30.025, 29.651, 29.343, 30.864, 33.631, 36.386, 39.82, 42.47, 42.863, 42.111, 42.194, 42.37, 41.615, 40.467, 40.397, 41.036, 41.409, 41.226, 40.813, 40.643, 40.843, 41.059, 40.902, 40.594, 40.619, 41.156, 41.48, 41.176, 40.773, 40.795, 41.089, 41.133, 41.633, 42.598, 42.216, 40.682, 39.969, 40.362, 40.552, 39.917, 39.227, 39.959, 41.691, 42.183, 41.42, 40.368, 39.587, 38.629, 38.892, 40.978, 42.517, 42.808, 43.179, 43.496, 43.342, 42.727, 42.105, 41.631, 41.127, 40.837, 40.997, 41.426, 41.783, 41.849, 41.777, 41.894, 42.293, 42.693, 42.793, 42.568, 42.051, 41.524, 41.31, 40.527, 38.529, 37.694, 38.458, 38.327, 38.144, 38.496, 39.091, 39.454, 39.485, 39.19, 38.745, 38.637, 38.593, 38.398, 38.176, 38.2, 38.376, 38.364, 38.279, 38.473, 39.084, 39.795, 40.169, 39.989, 39.734, 39.859, 40.188, 40.337, 40.517, 40.555, 40.489, 40.341, 39.8, 39.572, 40.216, 40.918, 40.672, 40.254, 40.361, 40.853, 41.392, 41.657, 41.479, 41.282, 41.126, 40.772, 40.359, 39.851, 39.211, 38.672, 38.67, 38.885, 38.775, 38.889, 39.268, 39.149, 38.839, 38.781, 38.732, 38.494, 38.504, 38.837, 39.379, 39.956, 40.311, 40.65, 40.906, 41.31, 41.591, 41.763, 42.155, 42.844, 43.611, 43.598, 42.953, 42.619, 42.829, 43.0, 42.919, 43.009, 42.985, 42.637, 42.297, 42.104, 41.858, 41.682, 41.587, 41.75, 42.371, 42.497, 41.701, 41.0, 40.853, 40.298, 39.505, 39.419, 39.482, 39.443, 39.789, 40.342, 40.527, 40.703, 41.588, 42.176, 41.197, 39.941, 39.71, 39.785, 39.524, 39.164, 38.93, 38.889, 38.944, 39.195, 39.694, 39.776, 39.858, 40.336, 40.412, 3.373], [4.337, 0.0, 5.899, 10.83, 13.479, 15.213, 16.893, 18.286, 19.403, 20.096, 22.002, 26.171, 28.92, 28.572, 28.275, 29.904, 32.856, 35.808, 39.41, 42.142, 42.534, 41.737, 41.807, 41.974, 41.15, 39.898, 39.791, 40.495, 40.935, 40.742, 40.277, 40.098, 40.325, 40.557, 40.39, 40.058, 40.061, 40.598, 40.928, 40.619, 40.209, 40.231, 40.53, 40.594, 41.166, 42.203, 41.797, 40.181, 39.444, 39.877, 40.086, 39.403, 38.631, 39.42, 41.255, 41.795, 41.016, 39.921, 39.12, 38.083, 38.319, 40.546, 42.17, 42.455, 42.845, 43.195, 43.036, 42.387, 41.745, 41.269, 40.75, 40.439, 40.596, 41.054, 41.446, 41.518, 41.431, 41.55, 41.977, 42.413, 42.531, 42.307, 41.77, 41.211, 40.987, 40.175, 38.057, 37.085, 37.83, 37.669, 37.462, 37.837, 38.456, 38.81, 38.805, 38.478, 38.018, 37.924, 37.883, 37.676, 37.455, 37.518, 37.741, 37.734, 37.642, 37.854, 38.494, 39.236, 39.623, 39.43, 39.165, 39.298, 39.626, 39.771, 39.967, 40.013, 39.945, 39.782, 39.205, 38.978, 39.699, 40.464, 40.218, 39.782, 39.895, 40.425, 40.997, 41.262, 41.06, 40.85, 40.692, 40.328, 39.896, 39.374, 38.711, 38.151, 38.157, 38.379, 38.257, 38.39, 38.794, 38.661, 38.316, 38.251, 38.2, 37.96, 37.963, 38.282, 38.831, 39.446, 39.831, 40.186, 40.452, 40.864, 41.147, 41.325, 41.742, 42.461, 43.25, 43.235, 42.552, 42.197, 42.407, 42.568, 42.461, 42.547, 42.538, 42.192, 41.837, 41.622, 41.358, 41.177, 41.081, 41.267, 41.934, 42.067, 41.225, 40.488, 40.333, 39.756, 38.958, 38.897, 38.968, 38.931, 39.303, 39.889, 40.084, 40.26, 41.185, 41.816, 40.805, 39.462, 39.182, 39.247, 38.975, 38.602, 38.365, 38.33, 38.387, 38.667, 39.208, 39.288, 39.342, 39.813, 39.889, 6.49], [9.386, 5.899, 0.0, 5.806, 9.576, 12.075, 14.145, 15.755, 17.034, 17.887, 20.122, 24.646, 27.577, 27.323, 27.16, 28.93, 32.015, 35.162, 39.013, 41.883, 42.319, 41.568, 41.734, 41.999, 41.213, 39.943, 39.799, 40.515, 40.993, 40.806, 40.332, 40.157, 40.384, 40.612, 40.446, 40.113, 40.101, 40.627, 40.969, 40.678, 40.278, 40.293, 40.572, 40.616, 41.182, 42.24, 41.884, 40.33, 39.608, 40.027, 40.246, 39.567, 38.702, 39.439, 41.286, 41.843, 41.084, 39.998, 39.182, 38.106, 38.336, 40.576, 42.183, 42.458, 42.85, 43.204, 43.045, 42.397, 41.781, 41.327, 40.798, 40.472, 40.628, 41.1, 41.502, 41.567, 41.467, 41.575, 41.999, 42.441, 42.568, 42.349, 41.808, 41.244, 41.032, 40.242, 38.14, 37.143, 37.883, 37.732, 37.511, 37.876, 38.458, 38.749, 38.721, 38.413, 37.992, 37.918, 37.88, 37.695, 37.496, 37.56, 37.79, 37.792, 37.695, 37.88, 38.486, 39.215, 39.595, 39.392, 39.124, 39.272, 39.615, 39.752, 39.949, 40.001, 39.933, 39.763, 39.205, 39.007, 39.756, 40.542, 40.31, 39.885, 40.004, 40.534, 41.099, 41.354, 41.143, 40.934, 40.784, 40.421, 39.967, 39.433, 38.784, 38.239, 38.237, 38.442, 38.312, 38.444, 38.847, 38.725, 38.389, 38.329, 38.275, 38.017, 37.988, 38.274, 38.813, 39.44, 39.853, 40.231, 40.505, 40.923, 41.214, 41.396, 41.826, 42.555, 43.343, 43.327, 42.634, 42.263, 42.459, 42.603, 42.472, 42.546, 42.555, 42.217, 41.851, 41.614, 41.327, 41.136, 41.036, 41.215, 41.871, 41.989, 41.129, 40.371, 40.2, 39.629, 38.856, 38.801, 38.863, 38.823, 39.199, 39.797, 39.995, 40.16, 41.083, 41.739, 40.742, 39.384, 39.068, 39.12, 38.86, 38.508, 38.293, 38.275, 38.347, 38.671, 39.262, 39.348, 39.38, 39.838, 39.925, 10.627], [13.393, 10.83, 5.806, 0.0, 5.016, 8.964, 11.818, 13.683, 15.068, 16.124, 18.826, 23.647, 26.663, 26.534, 26.552, 28.397, 31.495, 34.74, 38.75, 41.733, 42.244, 41.613, 41.922, 42.305, 41.629, 40.461, 40.331, 41.012, 41.479, 41.316, 40.883, 40.73, 40.946, 41.157, 41.0, 40.686, 40.673, 41.18, 41.521, 41.243, 40.855, 40.86, 41.108, 41.103, 41.584, 42.587, 42.311, 40.953, 40.325, 40.686, 40.898, 40.269, 39.379, 40.031, 41.805, 42.329, 41.614, 40.59, 39.781, 38.729, 38.935, 40.965, 42.429, 42.68, 43.033, 43.349, 43.193, 42.577, 42.01, 41.587, 41.072, 40.754, 40.901, 41.351, 41.73, 41.784, 41.682, 41.771, 42.159, 42.576, 42.704, 42.497, 41.976, 41.438, 41.242, 40.527, 38.634, 37.821, 38.587, 38.462, 38.231, 38.56, 39.081, 39.3, 39.271, 39.03, 38.678, 38.62, 38.599, 38.451, 38.273, 38.312, 38.518, 38.525, 38.421, 38.556, 39.102, 39.802, 40.174, 39.989, 39.741, 39.903, 40.267, 40.398, 40.575, 40.626, 40.565, 40.404, 39.886, 39.699, 40.391, 41.127, 40.891, 40.481, 40.606, 41.111, 41.639, 41.881, 41.682, 41.485, 41.355, 41.011, 40.561, 40.035, 39.42, 38.907, 38.885, 39.054, 38.914, 39.026, 39.411, 39.308, 39.005, 38.953, 38.903, 38.646, 38.609, 38.893, 39.407, 40.001, 40.409, 40.782, 41.051, 41.459, 41.756, 41.944, 42.38, 43.099, 43.866, 43.847, 43.181, 42.814, 42.988, 43.108, 42.967, 43.036, 43.051, 42.723, 42.36, 42.113, 41.81, 41.616, 41.518, 41.692, 42.312, 42.406, 41.564, 40.814, 40.641, 40.115, 39.379, 39.31, 39.365, 39.315, 39.636, 40.188, 40.366, 40.506, 41.374, 42.004, 41.051, 39.75, 39.436, 39.486, 39.262, 38.965, 38.795, 38.801, 38.896, 39.251, 39.857, 39.95, 39.985, 40.444, 40.55, 14.259], [15.561, 13.479, 9.576, 5.016, 0.0, 5.068, 8.941, 11.242, 12.795, 14.16, 17.536, 22.813, 25.99, 25.972, 26.059, 27.908, 31.043, 34.448, 38.595, 41.665, 42.236, 41.687, 42.071, 42.5, 41.884, 40.781, 40.659, 41.304, 41.753, 41.61, 41.223, 41.118, 41.35, 41.556, 41.398, 41.088, 41.07, 41.555, 41.867, 41.567, 41.182, 41.192, 41.427, 41.384, 41.81, 42.763, 42.512, 41.279, 40.739, 41.076, 41.279, 40.674, 39.823, 40.503, 42.25, 42.732, 42.048, 41.082, 40.285, 39.239, 39.413, 41.276, 42.635, 42.846, 43.154, 43.439, 43.28, 42.68, 42.128, 41.719, 41.23, 40.93, 41.067, 41.49, 41.85, 41.896, 41.792, 41.872, 42.238, 42.634, 42.759, 42.558, 42.053, 41.528, 41.315, 40.62, 38.892, 38.283, 39.082, 38.949, 38.7, 39.021, 39.535, 39.728, 39.683, 39.481, 39.177, 39.134, 39.127, 38.988, 38.816, 38.853, 39.052, 39.051, 38.937, 39.055, 39.582, 40.276, 40.656, 40.495, 40.261, 40.417, 40.782, 40.905, 41.067, 41.122, 41.069, 40.909, 40.393, 40.181, 40.831, 41.544, 41.3, 40.887, 41.018, 41.526, 42.041, 42.271, 42.076, 41.888, 41.78, 41.465, 41.033, 40.516, 39.915, 39.417, 39.378, 39.519, 39.365, 39.467, 39.844, 39.744, 39.447, 39.39, 39.338, 39.094, 39.084, 39.397, 39.901, 40.476, 40.867, 41.213, 41.47, 41.867, 42.165, 42.37, 42.82, 43.525, 44.27, 44.254, 43.616, 43.259, 43.41, 43.497, 43.332, 43.398, 43.418, 43.093, 42.733, 42.476, 42.17, 41.999, 41.928, 42.139, 42.765, 42.851, 42.019, 41.275, 41.104, 40.611, 39.903, 39.832, 39.891, 39.828, 40.104, 40.61, 40.766, 40.898, 41.735, 42.331, 41.381, 40.095, 39.795, 39.866, 39.668, 39.403, 39.263, 39.283, 39.382, 39.729, 40.314, 40.401, 40.443, 40.91, 41.03, 16.379], [17.175, 15.213, 12.075, 8.964, 5.068, 0.0, 4.579, 7.657, 9.826, 11.583, 15.624, 21.55, 25.066, 25.197, 25.311, 27.142, 30.337, 33.965, 38.31, 41.481, 42.08, 41.546, 41.953, 42.39, 41.772, 40.665, 40.533, 41.171, 41.619, 41.481, 41.12, 41.06, 41.325, 41.535, 41.364, 41.04, 41.017, 41.505, 41.807, 41.477, 41.08, 41.106, 41.357, 41.308, 41.728, 42.679, 42.404, 41.134, 40.587, 40.937, 41.136, 40.514, 39.691, 40.478, 42.283, 42.773, 42.116, 41.185, 40.401, 39.324, 39.456, 41.303, 42.694, 42.904, 43.183, 43.436, 43.253, 42.638, 42.072, 41.654, 41.165, 40.869, 41.007, 41.425, 41.785, 41.832, 41.727, 41.806, 42.17, 42.561, 42.68, 42.476, 41.972, 41.434, 41.183, 40.459, 38.749, 38.177, 38.987, 38.836, 38.584, 38.914, 39.451, 39.661, 39.598, 39.383, 39.069, 39.019, 39.014, 38.88, 38.717, 38.769, 38.97, 38.953, 38.834, 38.967, 39.52, 40.243, 40.631, 40.464, 40.232, 40.383, 40.742, 40.862, 41.026, 41.089, 41.037, 40.866, 40.329, 40.091, 40.748, 41.479, 41.237, 40.823, 40.96, 41.474, 41.986, 42.215, 42.024, 41.841, 41.739, 41.432, 41.004, 40.492, 39.906, 39.416, 39.361, 39.484, 39.32, 39.423, 39.797, 39.691, 39.396, 39.343, 39.273, 39.01, 39.007, 39.341, 39.845, 40.423, 40.814, 41.153, 41.409, 41.804, 42.1, 42.319, 42.786, 43.485, 44.214, 44.203, 43.569, 43.212, 43.356, 43.42, 43.221, 43.27, 43.293, 42.975, 42.613, 42.35, 42.051, 41.898, 41.84, 42.083, 42.748, 42.852, 42.016, 41.259, 41.073, 40.582, 39.891, 39.838, 39.905, 39.849, 40.146, 40.661, 40.817, 40.963, 41.823, 42.422, 41.446, 40.116, 39.798, 39.883, 39.693, 39.425, 39.282, 39.302, 39.391, 39.721, 40.293, 40.363, 40.389, 40.857, 40.99, 18.004], [18.757, 16.893, 14.145, 11.818, 8.941, 4.579, 0.0, 3.907, 7.114, 9.383, 13.878, 20.301, 24.136, 24.441, 24.655, 26.502, 29.707, 33.467, 37.984, 41.245, 41.859, 41.334, 41.772, 42.234, 41.615, 40.494, 40.355, 41.014, 41.488, 41.352, 40.995, 40.957, 41.241, 41.455, 41.277, 40.944, 40.925, 41.433, 41.749, 41.411, 40.999, 41.027, 41.285, 41.235, 41.655, 42.619, 42.33, 41.01, 40.428, 40.783, 40.982, 40.345, 39.503, 40.336, 42.191, 42.713, 42.077, 41.166, 40.394, 39.301, 39.403, 41.277, 42.725, 42.953, 43.229, 43.467, 43.269, 42.639, 42.059, 41.63, 41.117, 40.806, 40.946, 41.366, 41.729, 41.782, 41.68, 41.76, 42.125, 42.519, 42.638, 42.438, 41.936, 41.386, 41.113, 40.376, 38.626, 37.98, 38.777, 38.632, 38.389, 38.719, 39.269, 39.5, 39.435, 39.207, 38.863, 38.79, 38.782, 38.658, 38.506, 38.565, 38.766, 38.742, 38.625, 38.778, 39.363, 40.119, 40.514, 40.333, 40.09, 40.242, 40.608, 40.73, 40.898, 40.968, 40.915, 40.73, 40.171, 39.93, 40.602, 41.34, 41.099, 40.688, 40.833, 41.345, 41.849, 42.081, 41.898, 41.716, 41.61, 41.299, 40.866, 40.362, 39.801, 39.317, 39.246, 39.355, 39.187, 39.289, 39.656, 39.548, 39.269, 39.231, 39.144, 38.853, 38.837, 39.176, 39.679, 40.265, 40.673, 41.023, 41.285, 41.675, 41.963, 42.176, 42.639, 43.332, 44.056, 44.045, 43.405, 43.046, 43.189, 43.243, 43.018, 43.044, 43.058, 42.743, 42.381, 42.116, 41.824, 41.674, 41.613, 41.872, 42.573, 42.704, 41.865, 41.09, 40.883, 40.382, 39.699, 39.662, 39.736, 39.699, 40.034, 40.572, 40.74, 40.912, 41.813, 42.438, 41.456, 40.092, 39.741, 39.824, 39.632, 39.344, 39.182, 39.197, 39.279, 39.6, 40.168, 40.232, 40.247, 40.715, 40.855, 19.521], [20.035, 18.286, 15.755, 13.683, 11.242, 7.657, 3.907, 0.0, 3.953, 7.267, 12.721, 19.5, 23.509, 23.94, 24.278, 26.212, 29.45, 33.263, 37.858, 41.172, 41.807, 41.313, 41.78, 42.273, 41.681, 40.56, 40.407, 41.087, 41.592, 41.463, 41.105, 41.075, 41.369, 41.593, 41.422, 41.094, 41.082, 41.598, 41.924, 41.599, 41.19, 41.207, 41.452, 41.398, 41.815, 42.776, 42.496, 41.208, 40.647, 40.991, 41.188, 40.572, 39.732, 40.529, 42.353, 42.869, 42.232, 41.319, 40.555, 39.476, 39.56, 41.405, 42.841, 43.063, 43.333, 43.567, 43.37, 42.745, 42.175, 41.753, 41.233, 40.912, 41.043, 41.457, 41.82, 41.877, 41.776, 41.857, 42.223, 42.618, 42.741, 42.554, 42.072, 41.532, 41.26, 40.535, 38.784, 38.111, 38.906, 38.775, 38.539, 38.864, 39.412, 39.645, 39.577, 39.352, 39.0, 38.901, 38.89, 38.785, 38.651, 38.721, 38.928, 38.904, 38.795, 38.964, 39.559, 40.316, 40.71, 40.525, 40.273, 40.424, 40.797, 40.913, 41.077, 41.153, 41.1, 40.908, 40.35, 40.117, 40.786, 41.516, 41.274, 40.866, 41.017, 41.525, 42.008, 42.225, 42.043, 41.858, 41.749, 41.442, 41.015, 40.52, 39.971, 39.488, 39.41, 39.511, 39.342, 39.432, 39.786, 39.679, 39.418, 39.395, 39.31, 39.015, 38.996, 39.338, 39.838, 40.434, 40.861, 41.219, 41.477, 41.843, 42.111, 42.309, 42.757, 43.45, 44.185, 44.182, 43.548, 43.192, 43.338, 43.381, 43.132, 43.142, 43.152, 42.838, 42.474, 42.21, 41.925, 41.781, 41.726, 42.009, 42.731, 42.867, 42.024, 41.242, 41.028, 40.527, 39.848, 39.81, 39.885, 39.848, 40.172, 40.705, 40.883, 41.072, 41.983, 42.612, 41.642, 40.283, 39.92, 39.994, 39.799, 39.501, 39.332, 39.347, 39.43, 39.746, 40.309, 40.381, 40.408, 40.876, 41.012, 20.708], [21.05, 19.403, 17.034, 15.068, 12.795, 9.826, 7.114, 3.953, 0.0, 4.654, 11.767, 19.111, 23.255, 23.742, 24.154, 26.176, 29.491, 33.369, 37.996, 41.331, 41.987, 41.524, 41.992, 42.492, 41.929, 40.815, 40.65, 41.336, 41.855, 41.732, 41.379, 41.355, 41.65, 41.878, 41.715, 41.398, 41.393, 41.907, 42.232, 41.921, 41.523, 41.531, 41.762, 41.709, 42.121, 43.062, 42.795, 41.567, 41.04, 41.367, 41.559, 40.975, 40.178, 40.954, 42.716, 43.197, 42.542, 41.619, 40.869, 39.822, 39.889, 41.666, 43.043, 43.245, 43.5, 43.72, 43.522, 42.907, 42.35, 41.949, 41.452, 41.139, 41.262, 41.663, 42.023, 42.082, 41.982, 42.059, 42.421, 42.816, 42.946, 42.771, 42.313, 41.792, 41.528, 40.825, 39.128, 38.497, 39.302, 39.176, 38.946, 39.271, 39.807, 40.022, 39.938, 39.71, 39.353, 39.236, 39.226, 39.139, 39.03, 39.117, 39.326, 39.306, 39.207, 39.382, 39.971, 40.711, 41.099, 40.922, 40.678, 40.834, 41.209, 41.316, 41.475, 41.555, 41.503, 41.314, 40.77, 40.539, 41.187, 41.898, 41.659, 41.26, 41.41, 41.908, 42.37, 42.569, 42.388, 42.2, 42.085, 41.783, 41.37, 40.885, 40.341, 39.862, 39.79, 39.899, 39.736, 39.816, 40.156, 40.045, 39.788, 39.763, 39.682, 39.392, 39.369, 39.702, 40.196, 40.798, 41.233, 41.594, 41.848, 42.189, 42.437, 42.626, 43.067, 43.762, 44.507, 44.507, 43.879, 43.527, 43.674, 43.709, 43.451, 43.46, 43.465, 43.149, 42.787, 42.528, 42.254, 42.112, 42.053, 42.348, 43.076, 43.209, 42.363, 41.582, 41.373, 40.887, 40.213, 40.168, 40.245, 40.2, 40.491, 40.998, 41.177, 41.369, 42.263, 42.878, 41.933, 40.609, 40.252, 40.313, 40.113, 39.818, 39.654, 39.677, 39.765, 40.082, 40.646, 40.728, 40.764, 41.221, 41.349, 21.673], [21.676, 20.096, 17.887, 16.124, 14.16, 11.583, 9.383, 7.267, 4.654, 0.0, 8.457, 16.987, 21.689, 22.317, 22.819, 24.994, 28.544, 32.715, 37.588, 41.036, 41.713, 41.237, 41.731, 42.27, 41.717, 40.584, 40.414, 41.11, 41.636, 41.516, 41.165, 41.145, 41.438, 41.656, 41.486, 41.174, 41.191, 41.737, 42.077, 41.765, 41.358, 41.365, 41.597, 41.544, 41.966, 42.924, 42.67, 41.439, 40.892, 41.233, 41.442, 40.853, 40.046, 40.866, 42.649, 43.12, 42.432, 41.472, 40.713, 39.664, 39.749, 41.609, 43.043, 43.254, 43.521, 43.745, 43.521, 42.868, 42.29, 41.895, 41.397, 41.076, 41.202, 41.611, 41.973, 42.037, 41.94, 42.012, 42.368, 42.762, 42.888, 42.709, 42.24, 41.698, 41.428, 40.742, 39.029, 38.319, 39.091, 38.953, 38.721, 39.054, 39.584, 39.783, 39.687, 39.445, 39.069, 38.971, 38.974, 38.885, 38.791, 38.905, 39.13, 39.116, 39.023, 39.206, 39.809, 40.555, 40.938, 40.768, 40.54, 40.709, 41.092, 41.207, 41.375, 41.452, 41.4, 41.216, 40.644, 40.389, 41.045, 41.76, 41.516, 41.117, 41.268, 41.778, 42.26, 42.472, 42.299, 42.115, 41.989, 41.672, 41.257, 40.779, 40.236, 39.758, 39.702, 39.83, 39.661, 39.733, 40.079, 39.966, 39.688, 39.637, 39.521, 39.196, 39.146, 39.466, 39.965, 40.575, 41.024, 41.403, 41.667, 42.017, 42.274, 42.467, 42.918, 43.631, 44.387, 44.374, 43.726, 43.365, 43.513, 43.553, 43.308, 43.327, 43.318, 42.992, 42.629, 42.369, 42.087, 41.927, 41.845, 42.143, 42.899, 43.043, 42.178, 41.381, 41.171, 40.677, 39.985, 39.932, 40.008, 39.972, 40.278, 40.8, 40.989, 41.184, 42.089, 42.725, 41.783, 40.441, 40.066, 40.118, 39.906, 39.602, 39.433, 39.454, 39.549, 39.887, 40.476, 40.568, 40.608, 41.079, 41.217, 22.307], [23.472, 22.002, 20.122, 18.826, 17.536, 15.624, 13.878, 12.721, 11.767, 8.457, 0.0, 10.101, 16.3, 17.706, 18.623, 21.11, 25.203, 30.174, 35.799, 39.621, 40.362, 39.886, 40.558, 41.28, 40.804, 39.69, 39.54, 40.274, 40.811, 40.681, 40.335, 40.34, 40.646, 40.855, 40.669, 40.375, 40.482, 41.158, 41.555, 41.225, 40.79, 40.807, 41.044, 40.97, 41.396, 42.407, 42.189, 40.955, 40.399, 40.776, 41.025, 40.415, 39.517, 40.39, 42.254, 42.738, 42.009, 40.97, 40.162, 39.087, 39.212, 41.321, 42.939, 43.196, 43.493, 43.734, 43.461, 42.715, 42.097, 41.715, 41.195, 40.839, 40.97, 41.408, 41.787, 41.861, 41.768, 41.835, 42.183, 42.559, 42.644, 42.425, 41.917, 41.326, 41.039, 40.376, 38.601, 37.683, 38.353, 38.212, 37.966, 38.268, 38.797, 39.0, 38.882, 38.62, 38.25, 38.231, 38.274, 38.187, 38.094, 38.23, 38.493, 38.501, 38.41, 38.595, 39.23, 40.009, 40.388, 40.199, 39.964, 40.139, 40.555, 40.713, 40.885, 40.937, 40.889, 40.708, 40.084, 39.811, 40.518, 41.268, 41.025, 40.631, 40.791, 41.321, 41.841, 42.08, 41.913, 41.735, 41.604, 41.257, 40.817, 40.324, 39.769, 39.284, 39.251, 39.398, 39.202, 39.263, 39.616, 39.499, 39.199, 39.122, 38.957, 38.571, 38.48, 38.797, 39.312, 39.95, 40.437, 40.836, 41.091, 41.47, 41.754, 41.948, 42.418, 43.173, 43.968, 43.952, 43.273, 42.899, 43.058, 43.11, 42.871, 42.887, 42.865, 42.546, 42.188, 41.906, 41.581, 41.392, 41.318, 41.633, 42.439, 42.6, 41.701, 40.887, 40.663, 40.136, 39.422, 39.354, 39.42, 39.416, 39.799, 40.383, 40.593, 40.782, 41.717, 42.388, 41.396, 39.962, 39.553, 39.612, 39.387, 39.058, 38.872, 38.88, 38.975, 39.341, 39.968, 40.074, 40.12, 40.634, 40.794, 24.095], [27.428, 26.171, 24.646, 23.647, 22.813, 21.55, 20.301, 19.5, 19.111, 16.987, 10.101, 0.0, 7.894, 11.854, 14.453, 16.974, 21.228, 27.039, 33.552, 37.864, 38.713, 38.401, 39.447, 40.494, 40.244, 39.349, 39.364, 40.171, 40.715, 40.566, 40.237, 40.296, 40.635, 40.845, 40.666, 40.434, 40.689, 41.507, 41.951, 41.625, 41.192, 41.198, 41.403, 41.272, 41.616, 42.593, 42.456, 41.464, 41.097, 41.438, 41.659, 41.111, 40.208, 41.001, 42.75, 43.162, 42.462, 41.467, 40.675, 39.701, 39.895, 41.943, 43.492, 43.732, 44.043, 44.305, 43.99, 43.214, 42.647, 42.345, 41.858, 41.498, 41.6, 42.007, 42.374, 42.456, 42.373, 42.435, 42.765, 43.107, 43.14, 42.872, 42.356, 41.777, 41.486, 40.902, 39.333, 38.462, 39.005, 38.913, 38.684, 38.875, 39.263, 39.412, 39.308, 39.103, 38.815, 38.88, 38.971, 38.92, 38.85, 38.976, 39.233, 39.261, 39.183, 39.339, 39.951, 40.714, 41.071, 40.862, 40.632, 40.828, 41.279, 41.459, 41.603, 41.632, 41.599, 41.43, 40.823, 40.525, 41.117, 41.78, 41.553, 41.211, 41.363, 41.833, 42.319, 42.561, 42.412, 42.259, 42.153, 41.825, 41.39, 40.899, 40.365, 39.919, 39.918, 40.064, 39.841, 39.852, 40.168, 40.093, 39.847, 39.767, 39.605, 39.259, 39.206, 39.54, 40.035, 40.661, 41.104, 41.428, 41.63, 41.987, 42.263, 42.43, 42.881, 43.632, 44.429, 44.424, 43.787, 43.438, 43.601, 43.648, 43.396, 43.394, 43.379, 43.116, 42.803, 42.512, 42.155, 41.944, 41.87, 42.2, 42.988, 43.113, 42.239, 41.499, 41.3, 40.801, 40.165, 40.139, 40.219, 40.236, 40.628, 41.191, 41.378, 41.548, 42.449, 43.083, 42.086, 40.681, 40.284, 40.348, 40.135, 39.821, 39.64, 39.632, 39.705, 40.041, 40.617, 40.684, 40.722, 41.235, 41.399, 27.974], [30.025, 28.92, 27.577, 26.663, 25.99, 25.066, 24.136, 23.509, 23.255, 21.689, 16.3, 7.894, 0.0, 7.19, 12.493, 15.408, 19.31, 25.26, 32.231, 36.819, 37.715, 37.559, 38.896, 40.223, 40.2, 39.527, 39.696, 40.551, 41.101, 40.952, 40.642, 40.742, 41.104, 41.313, 41.143, 40.953, 41.281, 42.153, 42.6, 42.277, 41.855, 41.843, 42.012, 41.83, 42.084, 42.982, 42.918, 42.205, 42.056, 42.343, 42.525, 42.109, 41.294, 41.962, 43.552, 43.887, 43.237, 42.353, 41.638, 40.793, 41.072, 42.927, 44.29, 44.492, 44.803, 45.032, 44.675, 43.92, 43.428, 43.189, 42.735, 42.388, 42.461, 42.82, 43.161, 43.244, 43.173, 43.239, 43.566, 43.906, 43.925, 43.623, 43.103, 42.556, 42.278, 41.756, 40.403, 39.658, 40.115, 40.078, 39.881, 39.984, 40.225, 40.329, 40.294, 40.177, 39.951, 40.034, 40.125, 40.101, 40.061, 40.17, 40.394, 40.42, 40.347, 40.484, 41.065, 41.792, 42.123, 41.897, 41.693, 41.944, 42.429, 42.609, 42.739, 42.758, 42.724, 42.577, 42.019, 41.694, 42.145, 42.693, 42.459, 42.145, 42.274, 42.687, 43.126, 43.339, 43.196, 43.061, 42.964, 42.649, 42.241, 41.797, 41.311, 40.918, 40.963, 41.117, 40.878, 40.827, 41.102, 41.096, 40.931, 40.844, 40.68, 40.382, 40.385, 40.723, 41.178, 41.771, 42.149, 42.409, 42.589, 42.925, 43.184, 43.334, 43.775, 44.513, 45.287, 45.275, 44.679, 44.354, 44.518, 44.561, 44.313, 44.311, 44.301, 44.07, 43.778, 43.472, 43.093, 42.87, 42.787, 43.082, 43.762, 43.826, 43.007, 42.345, 42.169, 41.707, 41.151, 41.184, 41.284, 41.289, 41.656, 42.187, 42.348, 42.488, 43.334, 43.932, 42.989, 41.694, 41.342, 41.401, 41.195, 40.904, 40.741, 40.736, 40.816, 41.157, 41.685, 41.686, 41.693, 42.182, 42.33, 30.525], [29.651, 28.572, 27.323, 26.534, 25.972, 25.197, 24.441, 23.94, 23.742, 22.317, 17.706, 11.854, 7.19, 0.0, 7.453, 12.498, 17.412, 23.368, 30.505, 35.227, 36.111, 35.961, 37.378, 38.841, 38.924, 38.301, 38.509, 39.42, 40.007, 39.865, 39.554, 39.675, 40.072, 40.3, 40.127, 39.936, 40.302, 41.271, 41.799, 41.511, 41.098, 41.089, 41.273, 41.129, 41.423, 42.338, 42.269, 41.54, 41.378, 41.683, 41.898, 41.524, 40.723, 41.493, 43.221, 43.582, 42.884, 41.969, 41.244, 40.34, 40.652, 42.673, 44.13, 44.348, 44.684, 44.925, 44.555, 43.787, 43.275, 43.012, 42.542, 42.191, 42.268, 42.64, 42.993, 43.074, 42.996, 43.07, 43.427, 43.805, 43.842, 43.536, 42.989, 42.418, 42.143, 41.577, 40.044, 39.087, 39.506, 39.464, 39.27, 39.378, 39.613, 39.712, 39.711, 39.624, 39.377, 39.399, 39.422, 39.389, 39.369, 39.497, 39.727, 39.742, 39.663, 39.834, 40.454, 41.194, 41.517, 41.258, 41.054, 41.336, 41.84, 42.029, 42.184, 42.199, 42.145, 41.992, 41.442, 41.122, 41.599, 42.159, 41.91, 41.595, 41.749, 42.198, 42.653, 42.845, 42.675, 42.534, 42.418, 42.064, 41.656, 41.272, 40.818, 40.427, 40.486, 40.653, 40.407, 40.326, 40.59, 40.599, 40.439, 40.342, 40.165, 39.857, 39.848, 40.161, 40.604, 41.22, 41.624, 41.918, 42.138, 42.513, 42.782, 42.936, 43.406, 44.182, 44.981, 44.967, 44.335, 43.982, 44.148, 44.202, 43.964, 44.006, 44.029, 43.778, 43.434, 43.097, 42.715, 42.496, 42.399, 42.615, 43.216, 43.262, 42.421, 41.714, 41.509, 41.012, 40.44, 40.495, 40.589, 40.557, 40.916, 41.48, 41.655, 41.773, 42.642, 43.292, 42.36, 41.046, 40.696, 40.753, 40.526, 40.218, 40.058, 40.064, 40.167, 40.579, 41.188, 41.204, 41.184, 41.666, 41.809, 30.163], [29.343, 28.275, 27.16, 26.552, 26.059, 25.311, 24.655, 24.278, 24.154, 22.819, 18.623, 14.453, 12.493, 7.453, 0.0, 7.412, 14.632, 21.417, 28.752, 33.525, 34.426, 34.317, 35.707, 37.141, 37.265, 36.684, 36.919, 37.861, 38.481, 38.353, 38.049, 38.197, 38.64, 38.904, 38.733, 38.546, 38.985, 40.085, 40.708, 40.488, 40.159, 40.213, 40.422, 40.32, 40.712, 41.69, 41.562, 40.704, 40.509, 40.898, 41.128, 40.666, 39.908, 40.903, 42.778, 43.155, 42.409, 41.442, 40.688, 39.703, 39.97, 42.174, 43.802, 44.041, 44.403, 44.711, 44.36, 43.569, 43.006, 42.695, 42.208, 41.853, 41.938, 42.335, 42.711, 42.795, 42.711, 42.79, 43.164, 43.554, 43.6, 43.314, 42.767, 42.165, 41.875, 41.252, 39.5, 38.334, 38.765, 38.696, 38.472, 38.567, 38.815, 38.932, 38.916, 38.806, 38.517, 38.487, 38.477, 38.447, 38.438, 38.583, 38.81, 38.806, 38.729, 38.925, 39.556, 40.28, 40.575, 40.286, 40.054, 40.312, 40.809, 41.007, 41.179, 41.203, 41.151, 40.992, 40.435, 40.144, 40.703, 41.334, 41.104, 40.786, 40.944, 41.418, 41.909, 42.146, 42.013, 41.88, 41.749, 41.388, 41.022, 40.689, 40.241, 39.826, 39.861, 40.026, 39.79, 39.709, 39.975, 39.958, 39.76, 39.637, 39.436, 39.103, 39.07, 39.369, 39.821, 40.461, 40.882, 41.181, 41.401, 41.789, 42.064, 42.225, 42.712, 43.501, 44.316, 44.316, 43.667, 43.312, 43.505, 43.585, 43.341, 43.361, 43.382, 43.108, 42.723, 42.381, 42.034, 41.842, 41.719, 41.859, 42.415, 42.464, 41.609, 40.871, 40.666, 40.165, 39.586, 39.656, 39.758, 39.725, 40.08, 40.657, 40.837, 40.925, 41.776, 42.443, 41.516, 40.205, 39.882, 39.948, 39.703, 39.374, 39.2, 39.183, 39.261, 39.701, 40.408, 40.494, 40.482, 40.965, 41.109, 29.86], [30.864, 29.904, 28.93, 28.397, 27.908, 27.142, 26.502, 26.212, 26.176, 24.994, 21.11, 16.974, 15.408, 12.498, 7.412, 0.0, 9.144, 18.29, 27.013, 32.246, 33.288, 33.426, 35.074, 36.654, 36.907, 36.569, 37.059, 38.118, 38.766, 38.652, 38.384, 38.565, 39.006, 39.253, 39.082, 38.935, 39.462, 40.61, 41.208, 40.955, 40.636, 40.727, 40.953, 40.818, 41.124, 42.03, 41.91, 41.128, 40.97, 41.34, 41.536, 41.061, 40.389, 41.414, 43.193, 43.512, 42.798, 41.898, 41.179, 40.274, 40.543, 42.567, 44.099, 44.307, 44.661, 44.998, 44.678, 43.91, 43.357, 43.059, 42.594, 42.26, 42.338, 42.71, 43.068, 43.148, 43.068, 43.138, 43.482, 43.841, 43.877, 43.606, 43.083, 42.49, 42.184, 41.586, 39.971, 38.994, 39.472, 39.428, 39.204, 39.235, 39.412, 39.499, 39.474, 39.4, 39.159, 39.147, 39.159, 39.159, 39.15, 39.273, 39.482, 39.49, 39.438, 39.64, 40.26, 40.946, 41.208, 40.918, 40.684, 40.934, 41.452, 41.656, 41.805, 41.83, 41.8, 41.662, 41.139, 40.84, 41.29, 41.828, 41.576, 41.244, 41.369, 41.795, 42.229, 42.458, 42.376, 42.281, 42.17, 41.85, 41.532, 41.237, 40.837, 40.447, 40.462, 40.63, 40.419, 40.337, 40.584, 40.567, 40.371, 40.228, 40.043, 39.778, 39.801, 40.096, 40.517, 41.12, 41.5, 41.734, 41.879, 42.181, 42.39, 42.512, 42.965, 43.693, 44.461, 44.474, 43.878, 43.551, 43.753, 43.852, 43.621, 43.619, 43.644, 43.4, 43.035, 42.699, 42.367, 42.183, 42.046, 42.207, 42.788, 42.863, 42.076, 41.407, 41.25, 40.829, 40.325, 40.437, 40.573, 40.573, 40.915, 41.442, 41.592, 41.663, 42.444, 43.036, 42.122, 40.884, 40.596, 40.671, 40.451, 40.141, 39.955, 39.904, 39.942, 40.327, 40.981, 41.065, 41.068, 41.539, 41.698, 31.341], [33.631, 32.856, 32.015, 31.495, 31.043, 30.337, 29.707, 29.45, 29.491, 28.544, 25.203, 21.228, 19.31, 17.412, 14.632, 9.144, 0.0, 11.919, 23.344, 29.681, 31.01, 31.589, 33.872, 35.97, 36.641, 36.795, 37.69, 38.923, 39.605, 39.508, 39.328, 39.616, 40.1, 40.354, 40.21, 40.139, 40.762, 41.949, 42.553, 42.309, 41.973, 42.049, 42.296, 42.175, 42.352, 43.098, 43.008, 42.458, 42.425, 42.688, 42.828, 42.49, 41.969, 42.858, 44.382, 44.579, 43.919, 43.138, 42.441, 41.692, 42.028, 43.681, 44.93, 45.075, 45.378, 45.68, 45.413, 44.745, 44.28, 44.043, 43.634, 43.351, 43.418, 43.728, 44.029, 44.099, 44.028, 44.078, 44.371, 44.706, 44.764, 44.521, 44.032, 43.478, 43.198, 42.698, 41.38, 40.706, 41.207, 41.246, 41.082, 41.031, 41.069, 41.072, 41.052, 41.076, 40.942, 40.96, 41.013, 41.064, 41.041, 41.091, 41.257, 41.295, 41.271, 41.445, 42.01, 42.631, 42.868, 42.61, 42.415, 42.671, 43.203, 43.41, 43.528, 43.538, 43.5, 43.386, 42.964, 42.64, 42.824, 43.154, 42.886, 42.588, 42.697, 43.025, 43.317, 43.481, 43.432, 43.373, 43.277, 43.014, 42.767, 42.531, 42.236, 41.947, 41.963, 42.113, 41.921, 41.788, 41.963, 42.004, 41.895, 41.748, 41.596, 41.448, 41.603, 41.944, 42.323, 42.853, 43.174, 43.327, 43.359, 43.519, 43.612, 43.639, 44.002, 44.644, 45.344, 45.358, 44.839, 44.536, 44.713, 44.816, 44.628, 44.65, 44.712, 44.527, 44.187, 43.836, 43.505, 43.321, 43.177, 43.344, 43.89, 43.968, 43.291, 42.737, 42.639, 42.318, 41.923, 42.073, 42.238, 42.268, 42.565, 43.011, 43.122, 43.177, 43.893, 44.41, 43.537, 42.405, 42.167, 42.282, 42.123, 41.848, 41.637, 41.533, 41.538, 41.876, 42.456, 42.531, 42.542, 42.971, 43.139, 34.033], [36.386, 35.808, 35.162, 34.74, 34.448, 33.965, 33.467, 33.263, 33.369, 32.715, 30.174, 27.039, 25.26, 23.368, 21.417, 18.29, 11.919, 0.0, 14.028, 22.183, 24.245, 25.523, 28.886, 31.967, 33.512, 34.495, 35.989, 37.487, 38.254, 38.24, 38.274, 38.834, 39.526, 39.919, 39.868, 39.906, 40.713, 42.125, 42.921, 42.834, 42.586, 42.673, 42.989, 43.05, 43.278, 43.924, 43.772, 43.329, 43.443, 43.665, 43.752, 43.548, 43.183, 43.947, 45.288, 45.373, 44.699, 43.961, 43.217, 42.523, 42.777, 44.11, 45.215, 45.335, 45.638, 46.054, 45.944, 45.4, 45.046, 44.882, 44.531, 44.305, 44.363, 44.62, 44.874, 44.934, 44.875, 44.912, 45.168, 45.516, 45.655, 45.476, 45.026, 44.507, 44.287, 43.912, 42.739, 42.092, 42.563, 42.679, 42.564, 42.441, 42.377, 42.348, 42.334, 42.415, 42.363, 42.408, 42.512, 42.628, 42.586, 42.557, 42.676, 42.733, 42.712, 42.824, 43.277, 43.761, 43.932, 43.716, 43.57, 43.761, 44.221, 44.397, 44.489, 44.486, 44.424, 44.314, 43.977, 43.647, 43.621, 43.803, 43.575, 43.353, 43.47, 43.699, 43.86, 43.991, 43.989, 43.954, 43.856, 43.667, 43.561, 43.423, 43.236, 43.074, 43.079, 43.18, 43.004, 42.823, 42.922, 43.026, 43.008, 42.841, 42.69, 42.598, 42.842, 43.28, 43.686, 44.15, 44.385, 44.47, 44.438, 44.525, 44.521, 44.424, 44.632, 45.138, 45.757, 45.763, 45.309, 45.02, 45.159, 45.252, 45.119, 45.201, 45.294, 45.158, 44.84, 44.503, 44.232, 44.11, 44.009, 44.149, 44.59, 44.66, 44.088, 43.625, 43.581, 43.33, 43.002, 43.175, 43.384, 43.418, 43.582, 43.908, 43.974, 43.97, 44.611, 45.094, 44.259, 43.198, 43.027, 43.205, 43.106, 42.855, 42.619, 42.457, 42.416, 42.729, 43.295, 43.408, 43.451, 43.86, 44.026, 36.724], [39.82, 39.41, 39.013, 38.75, 38.595, 38.31, 37.984, 37.858, 37.996, 37.588, 35.799, 33.552, 32.231, 30.505, 28.752, 27.013, 23.344, 14.028, 0.0, 9.869, 13.711, 16.764, 21.673, 25.858, 28.691, 30.994, 33.364, 35.162, 36.034, 36.232, 36.621, 37.524, 38.462, 39.035, 39.117, 39.279, 40.261, 41.965, 43.074, 43.246, 43.185, 43.312, 43.687, 44.015, 44.414, 44.975, 44.739, 44.451, 44.774, 44.995, 45.05, 44.94, 44.68, 45.263, 46.414, 46.392, 45.695, 45.018, 44.293, 43.649, 43.658, 44.663, 45.671, 45.772, 46.084, 46.685, 46.769, 46.352, 46.121, 46.036, 45.732, 45.551, 45.6, 45.834, 46.07, 46.127, 46.083, 46.134, 46.39, 46.771, 46.994, 46.898, 46.515, 46.028, 45.83, 45.563, 44.491, 43.75, 44.105, 44.25, 44.155, 43.979, 43.893, 43.897, 43.855, 43.932, 43.995, 44.109, 44.244, 44.43, 44.431, 44.372, 44.436, 44.48, 44.43, 44.424, 44.684, 44.971, 45.046, 44.879, 44.752, 44.74, 44.99, 45.095, 45.167, 45.177, 45.117, 45.025, 44.778, 44.521, 44.416, 44.543, 44.42, 44.309, 44.433, 44.591, 44.674, 44.794, 44.826, 44.807, 44.743, 44.668, 44.697, 44.611, 44.476, 44.448, 44.472, 44.53, 44.393, 44.194, 44.233, 44.387, 44.471, 44.314, 44.162, 44.032, 44.214, 44.662, 45.055, 45.428, 45.548, 45.537, 45.463, 45.524, 45.495, 45.355, 45.441, 45.818, 46.379, 46.41, 46.053, 45.813, 45.928, 45.986, 45.847, 45.923, 46.01, 45.91, 45.649, 45.4, 45.225, 45.156, 45.103, 45.196, 45.506, 45.557, 45.104, 44.734, 44.73, 44.546, 44.267, 44.431, 44.674, 44.689, 44.685, 44.853, 44.842, 44.783, 45.33, 45.762, 44.995, 44.065, 43.997, 44.244, 44.214, 44.028, 43.822, 43.636, 43.554, 43.8, 44.294, 44.421, 44.491, 44.876, 45.031, 40.125], [42.47, 42.142, 41.883, 41.733, 41.665, 41.481, 41.245, 41.172, 41.331, 41.036, 39.621, 37.864, 36.819, 35.227, 33.525, 32.246, 29.681, 22.183, 9.869, 0.0, 5.963, 12.377, 18.407, 22.607, 26.012, 29.32, 32.389, 34.333, 35.211, 35.579, 36.215, 37.27, 38.289, 38.935, 39.093, 39.327, 40.391, 42.251, 43.558, 43.904, 43.979, 44.146, 44.547, 45.03, 45.548, 46.06, 45.792, 45.579, 45.952, 46.157, 46.206, 46.135, 45.934, 46.358, 47.353, 47.273, 46.587, 45.98, 45.298, 44.694, 44.57, 45.414, 46.372, 46.478, 46.759, 47.391, 47.556, 47.217, 47.058, 47.039, 46.779, 46.628, 46.678, 46.903, 47.134, 47.193, 47.166, 47.236, 47.509, 47.914, 48.173, 48.117, 47.78, 47.327, 47.145, 46.919, 45.892, 45.101, 45.368, 45.521, 45.429, 45.218, 45.144, 45.18, 45.099, 45.132, 45.225, 45.344, 45.48, 45.696, 45.728, 45.663, 45.688, 45.715, 45.66, 45.61, 45.789, 46.008, 46.058, 45.907, 45.761, 45.642, 45.781, 45.838, 45.894, 45.911, 45.85, 45.783, 45.605, 45.437, 45.347, 45.459, 45.392, 45.344, 45.479, 45.618, 45.691, 45.813, 45.861, 45.856, 45.808, 45.767, 45.813, 45.707, 45.564, 45.586, 45.638, 45.7, 45.602, 45.4, 45.417, 45.605, 45.766, 45.63, 45.461, 45.28, 45.393, 45.804, 46.168, 46.5, 46.574, 46.489, 46.359, 46.399, 46.384, 46.233, 46.26, 46.608, 47.18, 47.248, 46.944, 46.737, 46.87, 46.94, 46.779, 46.779, 46.831, 46.741, 46.511, 46.336, 46.251, 46.218, 46.15, 46.166, 46.372, 46.391, 46.011, 45.706, 45.72, 45.581, 45.358, 45.522, 45.766, 45.771, 45.721, 45.814, 45.744, 45.667, 46.171, 46.568, 45.877, 45.07, 45.055, 45.327, 45.328, 45.179, 44.993, 44.8, 44.693, 44.887, 45.314, 45.401, 45.459, 45.83, 45.963, 42.751], [42.863, 42.534, 42.319, 42.244, 42.236, 42.08, 41.859, 41.807, 41.987, 41.713, 40.362, 38.713, 37.715, 36.111, 34.426, 33.288, 31.01, 24.245, 13.711, 5.963, 0.0, 9.272, 16.66, 20.995, 24.233, 27.782, 31.243, 33.319, 34.217, 34.633, 35.275, 36.294, 37.291, 37.934, 38.098, 38.348, 39.452, 41.397, 42.803, 43.223, 43.342, 43.541, 43.99, 44.568, 45.213, 45.795, 45.491, 45.155, 45.455, 45.668, 45.721, 45.647, 45.475, 45.921, 46.947, 46.874, 46.186, 45.601, 44.945, 44.329, 44.191, 45.078, 46.101, 46.241, 46.541, 47.179, 47.351, 47.015, 46.842, 46.8, 46.514, 46.353, 46.409, 46.64, 46.872, 46.936, 46.918, 46.999, 47.285, 47.707, 47.98, 47.93, 47.593, 47.142, 46.974, 46.729, 45.629, 44.778, 45.056, 45.207, 45.108, 44.902, 44.845, 44.897, 44.796, 44.783, 44.832, 44.915, 45.036, 45.242, 45.275, 45.224, 45.253, 45.27, 45.215, 45.179, 45.385, 45.636, 45.701, 45.535, 45.372, 45.251, 45.386, 45.433, 45.491, 45.509, 45.438, 45.366, 45.186, 45.057, 45.036, 45.176, 45.116, 45.081, 45.239, 45.406, 45.507, 45.634, 45.677, 45.67, 45.604, 45.517, 45.514, 45.367, 45.186, 45.186, 45.248, 45.317, 45.214, 45.002, 45.018, 45.229, 45.429, 45.294, 45.092, 44.882, 44.987, 45.406, 45.793, 46.144, 46.229, 46.125, 45.96, 45.979, 45.963, 45.806, 45.84, 46.226, 46.823, 46.896, 46.585, 46.381, 46.553, 46.66, 46.508, 46.498, 46.549, 46.458, 46.228, 46.079, 46.042, 46.046, 45.975, 45.947, 46.124, 46.14, 45.76, 45.44, 45.42, 45.238, 45.001, 45.168, 45.398, 45.399, 45.394, 45.522, 45.44, 45.354, 45.894, 46.324, 45.646, 44.857, 44.851, 45.118, 45.103, 44.93, 44.728, 44.533, 44.42, 44.609, 45.036, 45.095, 45.131, 45.509, 45.638, 43.13], [42.111, 41.737, 41.568, 41.613, 41.687, 41.546, 41.334, 41.313, 41.524, 41.237, 39.886, 38.401, 37.559, 35.961, 34.317, 33.426, 31.589, 25.523, 16.764, 12.377, 9.272, 0.0, 9.39, 15.632, 19.509, 23.434, 27.661, 30.23, 31.3, 31.712, 32.226, 33.12, 34.086, 34.761, 34.955, 35.215, 36.373, 38.54, 40.207, 40.778, 40.948, 41.152, 41.694, 42.559, 43.634, 44.472, 44.052, 43.417, 43.588, 43.891, 43.96, 43.814, 43.734, 44.476, 45.702, 45.688, 44.958, 44.268, 43.556, 42.841, 42.833, 44.129, 45.402, 45.617, 45.972, 46.611, 46.746, 46.35, 46.084, 45.923, 45.528, 45.322, 45.415, 45.703, 45.965, 46.033, 46.016, 46.122, 46.465, 46.95, 47.258, 47.209, 46.831, 46.333, 46.137, 45.739, 44.309, 43.207, 43.522, 43.63, 43.563, 43.487, 43.549, 43.706, 43.605, 43.461, 43.338, 43.341, 43.45, 43.601, 43.585, 43.563, 43.642, 43.652, 43.567, 43.513, 43.702, 43.935, 43.986, 43.809, 43.66, 43.505, 43.586, 43.644, 43.721, 43.747, 43.69, 43.608, 43.374, 43.321, 43.536, 43.853, 43.842, 43.822, 44.016, 44.265, 44.488, 44.675, 44.688, 44.649, 44.575, 44.447, 44.359, 44.114, 43.84, 43.795, 43.899, 43.988, 43.839, 43.617, 43.635, 43.788, 43.939, 43.793, 43.544, 43.23, 43.263, 43.696, 44.154, 44.571, 44.687, 44.576, 44.392, 44.396, 44.379, 44.22, 44.28, 44.732, 45.377, 45.442, 45.077, 44.832, 44.996, 45.134, 45.015, 45.038, 45.077, 44.975, 44.741, 44.589, 44.566, 44.604, 44.533, 44.454, 44.656, 44.724, 44.321, 43.952, 43.878, 43.561, 43.205, 43.337, 43.531, 43.506, 43.551, 43.737, 43.658, 43.533, 44.087, 44.56, 43.883, 43.119, 43.177, 43.457, 43.399, 43.172, 42.946, 42.759, 42.659, 42.904, 43.438, 43.554, 43.617, 44.047, 44.178, 42.38], [42.194, 41.807, 41.734, 41.922, 42.071, 41.953, 41.772, 41.78, 41.992, 41.731, 40.558, 39.447, 38.896, 37.378, 35.707, 35.074, 33.872, 28.886, 21.673, 18.407, 16.66, 9.39, 0.0, 8.0, 13.544, 18.617, 23.768, 26.875, 28.145, 28.576, 29.025, 29.881, 30.906, 31.711, 32.012, 32.288, 33.442, 35.764, 37.666, 38.416, 38.685, 38.881, 39.464, 40.697, 42.342, 43.426, 42.89, 42.269, 42.743, 43.259, 43.343, 43.124, 43.097, 43.977, 45.263, 45.306, 44.557, 43.767, 43.01, 42.216, 42.294, 44.023, 45.542, 45.803, 46.168, 46.764, 46.819, 46.38, 46.06, 45.819, 45.381, 45.175, 45.306, 45.644, 45.937, 46.007, 45.982, 46.099, 46.476, 46.994, 47.308, 47.241, 46.828, 46.298, 46.063, 45.532, 43.875, 42.578, 42.886, 42.95, 42.924, 42.975, 43.15, 43.391, 43.261, 42.971, 42.711, 42.66, 42.746, 42.848, 42.814, 42.813, 42.898, 42.888, 42.772, 42.67, 42.765, 42.931, 42.987, 42.838, 42.691, 42.49, 42.497, 42.516, 42.576, 42.629, 42.626, 42.56, 42.289, 42.234, 42.606, 43.097, 43.164, 43.163, 43.357, 43.657, 44.001, 44.263, 44.272, 44.21, 44.124, 43.981, 43.863, 43.563, 43.257, 43.243, 43.388, 43.483, 43.341, 43.158, 43.193, 43.293, 43.415, 43.303, 43.069, 42.691, 42.631, 43.013, 43.488, 43.931, 44.036, 43.873, 43.635, 43.613, 43.62, 43.463, 43.493, 43.939, 44.603, 44.663, 44.269, 43.995, 44.104, 44.227, 44.111, 44.129, 44.141, 44.039, 43.843, 43.746, 43.77, 43.834, 43.743, 43.582, 43.738, 43.819, 43.442, 43.108, 43.039, 42.634, 42.183, 42.289, 42.491, 42.466, 42.497, 42.688, 42.614, 42.432, 42.904, 43.346, 42.705, 42.036, 42.196, 42.499, 42.409, 42.157, 41.93, 41.754, 41.669, 41.958, 42.584, 42.784, 42.874, 43.304, 43.405, 42.488], [42.37, 41.974, 41.999, 42.305, 42.5, 42.39, 42.234, 42.273, 42.492, 42.27, 41.28, 40.494, 40.223, 38.841, 37.141, 36.654, 35.97, 31.967, 25.858, 22.607, 20.995, 15.632, 8.0, 0.0, 7.307, 14.497, 20.747, 24.219, 25.584, 26.111, 26.64, 27.588, 28.775, 29.755, 30.152, 30.414, 31.535, 33.917, 35.946, 36.82, 37.172, 37.399, 38.044, 39.501, 41.465, 42.691, 42.076, 41.404, 42.071, 42.776, 42.905, 42.63, 42.609, 43.522, 44.844, 44.962, 44.213, 43.367, 42.618, 41.779, 41.808, 43.72, 45.387, 45.675, 46.044, 46.609, 46.598, 46.122, 45.757, 45.478, 45.039, 44.839, 44.979, 45.334, 45.645, 45.725, 45.696, 45.813, 46.198, 46.718, 47.021, 46.934, 46.505, 45.975, 45.736, 45.14, 43.392, 42.035, 42.324, 42.342, 42.318, 42.422, 42.665, 42.981, 42.815, 42.392, 42.027, 41.933, 41.99, 42.049, 42.015, 42.04, 42.135, 42.112, 41.982, 41.869, 41.941, 42.113, 42.207, 42.07, 41.9, 41.687, 41.657, 41.622, 41.659, 41.734, 41.757, 41.689, 41.363, 41.271, 41.761, 42.377, 42.485, 42.478, 42.657, 42.987, 43.418, 43.74, 43.753, 43.68, 43.576, 43.398, 43.251, 42.925, 42.59, 42.576, 42.729, 42.833, 42.714, 42.598, 42.681, 42.749, 42.869, 42.813, 42.604, 42.183, 42.043, 42.363, 42.827, 43.28, 43.38, 43.204, 42.947, 42.928, 42.986, 42.867, 42.913, 43.405, 44.114, 44.172, 43.739, 43.461, 43.572, 43.687, 43.524, 43.48, 43.466, 43.357, 43.185, 43.158, 43.249, 43.331, 43.233, 43.077, 43.246, 43.315, 42.921, 42.599, 42.533, 42.102, 41.61, 41.708, 41.931, 41.92, 41.951, 42.142, 42.071, 41.883, 42.339, 42.765, 42.103, 41.403, 41.541, 41.809, 41.685, 41.411, 41.182, 41.008, 40.91, 41.162, 41.796, 42.032, 42.12, 42.538, 42.613, 42.691], [41.615, 41.15, 41.213, 41.629, 41.884, 41.772, 41.615, 41.681, 41.929, 41.717, 40.804, 40.244, 40.2, 38.924, 37.265, 36.907, 36.641, 33.512, 28.691, 26.012, 24.233, 19.509, 13.544, 7.307, 0.0, 9.03, 17.126, 21.465, 23.068, 23.664, 24.184, 25.157, 26.481, 27.61, 28.051, 28.264, 29.328, 31.725, 33.832, 34.759, 35.107, 35.342, 36.075, 37.71, 39.953, 41.386, 40.743, 39.843, 40.447, 41.297, 41.501, 41.147, 41.053, 42.095, 43.602, 43.832, 43.06, 42.118, 41.36, 40.436, 40.477, 42.694, 44.577, 44.903, 45.316, 45.886, 45.813, 45.255, 44.795, 44.457, 43.971, 43.729, 43.873, 44.268, 44.616, 44.712, 44.678, 44.793, 45.204, 45.758, 46.068, 45.957, 45.485, 44.927, 44.682, 43.994, 42.029, 40.469, 40.716, 40.669, 40.628, 40.788, 41.114, 41.504, 41.325, 40.816, 40.362, 40.231, 40.247, 40.244, 40.193, 40.271, 40.415, 40.384, 40.248, 40.181, 40.331, 40.593, 40.743, 40.58, 40.382, 40.211, 40.213, 40.171, 40.225, 40.313, 40.334, 40.233, 39.8, 39.683, 40.342, 41.085, 41.172, 41.1, 41.264, 41.647, 42.167, 42.528, 42.522, 42.43, 42.3, 42.056, 41.833, 41.461, 41.063, 40.985, 41.144, 41.28, 41.158, 41.117, 41.27