[[0.0, 5.837, 14.205, 20.151, 23.186, 25.306, 26.924, 28.371, 29.407, 30.482, 32.169, 33.851, 34.968, 34.86, 34.848, 35.987, 37.033, 37.854, 38.858, 39.25, 39.303, 39.548, 39.589, 39.393, 39.202, 38.981, 38.849, 38.959, 39.141, 38.902, 38.502, 38.456, 38.669, 38.706, 38.365, 37.926, 38.102, 38.528, 38.202, 37.731, 38.048, 38.249, 37.575, 37.328, 38.105, 38.689, 38.776, 38.877, 39.168, 39.491, 39.939, 40.368, 40.525, 40.638, 41.053, 41.367, 41.528, 41.601, 41.287, 41.45, 42.323, 42.439, 42.081, 42.061, 41.901, 41.487, 41.813, 42.44, 42.48, 42.428, 42.011, 40.852, 39.8, 39.322, 39.204, 38.593, 37.708, 37.558, 38.101, 37.878, 37.187, 36.926, 36.841, 37.083, 37.666, 37.382, 36.635, 36.841, 37.141, 37.165, 37.087, 37.032, 37.005, 36.936, 36.76, 36.655, 36.874, 37.442, 37.837, 37.812, 37.896, 37.998, 38.307, 39.147, 39.075, 38.808, 39.515, 39.725, 39.614, 40.14, 41.043, 41.676, 42.239, 43.441, 44.801, 44.879, 44.561, 44.334, 44.16, 43.576, 42.766, 42.541, 42.455, 42.456, 42.633, 42.483, 42.055, 41.463, 41.149, 40.868, 39.872, 38.507, 37.675, 37.328, 37.195, 37.259, 37.573, 37.88, 37.906, 38.066, 38.398, 38.567, 38.784, 38.937, 38.571, 37.874, 37.346, 38.078, 39.446, 40.234, 40.295, 40.416, 40.548, 40.384, 40.523, 41.169, 41.667, 41.696, 41.627, 42.071, 42.379, 42.053, 41.935, 42.447, 42.893, 42.911, 42.789, 42.604, 42.573, 42.546, 42.83, 43.15, 42.626, 41.889, 41.675, 42.411, 43.004, 42.274, 41.345, 42.537, 45.236, 46.444, 46.254, 45.397, 44.896, 44.748, 44.42, 44.785, 46.042, 47.253, 47.135, 46.379, 46.315, 46.315, 45.757, 45.501, 45.334, 44.398, 43.313, 42.947, 43.545, 43.593, 42.586, 42.312, 42.426, 5.897], [5.837, 0.0, 9.779, 17.002, 20.965, 23.548, 25.281, 26.814, 27.936, 29.046, 30.789, 32.602, 33.818, 33.749, 33.859, 35.22, 36.421, 37.301, 38.337, 38.76, 38.825, 39.08, 39.143, 38.984, 38.809, 38.585, 38.449, 38.558, 38.739, 38.506, 38.108, 38.054, 38.253, 38.279, 37.929, 37.492, 37.665, 38.083, 37.77, 37.317, 37.653, 37.845, 37.11, 36.852, 37.694, 38.332, 38.415, 38.517, 38.848, 39.211, 39.67, 40.093, 40.256, 40.385, 40.798, 41.1, 41.261, 41.348, 41.045, 41.213, 42.093, 42.204, 41.848, 41.835, 41.672, 41.266, 41.651, 42.342, 42.338, 42.146, 41.65, 40.448, 39.363, 38.839, 38.697, 38.052, 37.122, 36.98, 37.584, 37.386, 36.709, 36.483, 36.421, 36.67, 37.297, 37.055, 36.258, 36.402, 36.703, 36.724, 36.636, 36.598, 36.583, 36.503, 36.318, 36.234, 36.507, 37.139, 37.558, 37.514, 37.575, 37.677, 38.017, 38.882, 38.764, 38.483, 39.214, 39.401, 39.288, 39.887, 40.862, 41.513, 42.057, 43.248, 44.611, 44.703, 44.411, 44.212, 44.053, 43.466, 42.631, 42.382, 42.283, 42.294, 42.467, 42.293, 41.84, 41.228, 40.907, 40.609, 39.556, 38.104, 37.21, 36.862, 36.734, 36.796, 37.119, 37.436, 37.468, 37.648, 38.017, 38.222, 38.472, 38.65, 38.295, 37.602, 37.04, 37.777, 39.172, 39.968, 40.012, 40.108, 40.239, 40.089, 40.257, 40.953, 41.491, 41.523, 41.451, 41.902, 42.206, 41.832, 41.645, 42.136, 42.583, 42.589, 42.479, 42.329, 42.327, 42.306, 42.6, 42.943, 42.386, 41.565, 41.329, 42.084, 42.668, 41.928, 41.03, 42.308, 45.082, 46.327, 46.143, 45.27, 44.755, 44.601, 44.287, 44.696, 45.997, 47.233, 47.104, 46.313, 46.239, 46.237, 45.644, 45.358, 45.188, 44.218, 43.09, 42.726, 43.338, 43.357, 42.332, 42.072, 42.191, 8.661], [14.205, 9.779, 0.0, 9.158, 15.749, 20.04, 22.464, 24.491, 25.984, 27.188, 29.037, 31.1, 32.475, 32.653, 33.279, 35.1, 36.592, 37.62, 38.667, 39.119, 39.235, 39.515, 39.622, 39.547, 39.429, 39.243, 39.133, 39.232, 39.399, 39.218, 38.863, 38.787, 38.926, 38.938, 38.596, 38.104, 38.166, 38.536, 38.329, 37.957, 38.251, 38.429, 37.721, 37.346, 38.078, 38.728, 38.804, 38.919, 39.318, 39.747, 40.195, 40.557, 40.688, 40.825, 41.219, 41.506, 41.706, 41.864, 41.622, 41.785, 42.641, 42.769, 42.437, 42.424, 42.277, 41.922, 42.35, 43.078, 43.081, 42.785, 42.178, 41.001, 39.973, 39.436, 39.293, 38.668, 37.81, 37.732, 38.317, 38.162, 37.614, 37.493, 37.475, 37.69, 38.262, 38.083, 37.316, 37.343, 37.597, 37.628, 37.557, 37.558, 37.558, 37.471, 37.311, 37.279, 37.603, 38.269, 38.711, 38.672, 38.697, 38.765, 39.105, 39.942, 39.755, 39.372, 39.994, 40.158, 40.061, 40.659, 41.632, 42.291, 42.815, 43.924, 45.204, 45.298, 45.047, 44.876, 44.737, 44.203, 43.406, 43.151, 43.078, 43.108, 43.194, 42.978, 42.546, 41.982, 41.699, 41.407, 40.392, 38.995, 38.102, 37.773, 37.669, 37.714, 37.988, 38.255, 38.268, 38.411, 38.751, 38.978, 39.241, 39.417, 39.125, 38.495, 37.877, 38.483, 39.763, 40.5, 40.51, 40.555, 40.652, 40.509, 40.693, 41.416, 41.986, 42.038, 41.96, 42.371, 42.644, 42.276, 42.032, 42.454, 42.867, 42.854, 42.757, 42.652, 42.712, 42.726, 43.023, 43.377, 42.805, 41.994, 41.79, 42.493, 42.992, 42.314, 41.573, 42.827, 45.436, 46.613, 46.441, 45.589, 45.082, 44.935, 44.674, 45.14, 46.407, 47.595, 47.461, 46.669, 46.578, 46.588, 46.027, 45.722, 45.563, 44.672, 43.609, 43.258, 43.827, 43.811, 42.86, 42.662, 42.755, 15.916], [20.151, 17.002, 9.158, 0.0, 9.044, 15.708, 19.549, 22.427, 24.334, 25.515, 27.32, 29.562, 31.028, 31.406, 32.513, 34.713, 36.477, 37.733, 38.829, 39.301, 39.482, 39.809, 39.947, 39.921, 39.85, 39.694, 39.599, 39.685, 39.863, 39.738, 39.421, 39.335, 39.443, 39.45, 39.125, 38.593, 38.568, 38.917, 38.818, 38.519, 38.751, 38.928, 38.3, 37.776, 38.274, 38.868, 38.969, 39.116, 39.553, 40.019, 40.467, 40.785, 40.877, 41.011, 41.404, 41.701, 41.95, 42.173, 41.988, 42.157, 43.011, 43.159, 42.844, 42.817, 42.674, 42.347, 42.767, 43.478, 43.538, 43.267, 42.587, 41.476, 40.529, 40.027, 39.929, 39.357, 38.603, 38.603, 39.146, 39.05, 38.702, 38.713, 38.71, 38.915, 39.5, 39.405, 38.705, 38.652, 38.849, 38.887, 38.841, 38.862, 38.865, 38.779, 38.658, 38.678, 39.034, 39.717, 40.185, 40.172, 40.16, 40.145, 40.458, 41.309, 41.122, 40.58, 40.932, 40.983, 40.914, 41.527, 42.459, 43.076, 43.576, 44.618, 45.804, 45.876, 45.642, 45.48, 45.351, 44.876, 44.132, 43.88, 43.839, 43.866, 43.837, 43.579, 43.178, 42.663, 42.404, 42.115, 41.162, 39.888, 39.057, 38.736, 38.639, 38.645, 38.845, 39.055, 39.038, 39.131, 39.406, 39.586, 39.805, 39.974, 39.742, 39.159, 38.557, 39.071, 40.22, 40.924, 40.933, 40.935, 40.979, 40.813, 40.972, 41.678, 42.265, 42.341, 42.259, 42.631, 42.893, 42.584, 42.349, 42.707, 43.067, 43.043, 42.93, 42.817, 42.909, 42.971, 43.28, 43.641, 43.131, 42.43, 42.281, 42.94, 43.369, 42.739, 42.12, 43.407, 45.871, 46.94, 46.746, 45.918, 45.417, 45.273, 45.089, 45.622, 46.839, 47.941, 47.768, 46.996, 46.911, 46.915, 46.412, 46.133, 45.968, 45.156, 44.195, 43.867, 44.367, 44.325, 43.456, 43.317, 43.389, 21.465], [23.186, 20.965, 15.749, 9.044, 0.0, 8.712, 14.949, 19.411, 21.881, 23.024, 24.733, 27.153, 28.766, 29.271, 30.663, 33.169, 35.248, 36.792, 38.005, 38.528, 38.806, 39.224, 39.379, 39.366, 39.343, 39.215, 39.111, 39.203, 39.446, 39.377, 39.078, 38.996, 39.095, 39.102, 38.802, 38.277, 38.242, 38.601, 38.516, 38.195, 38.396, 38.599, 38.023, 37.42, 37.778, 38.325, 38.449, 38.626, 39.091, 39.585, 40.065, 40.4, 40.479, 40.61, 41.029, 41.334, 41.582, 41.822, 41.645, 41.827, 42.726, 42.881, 42.548, 42.507, 42.349, 42.004, 42.409, 43.093, 43.207, 42.989, 42.275, 41.208, 40.282, 39.815, 39.776, 39.194, 38.405, 38.458, 39.021, 38.957, 38.747, 38.862, 38.871, 39.13, 39.846, 39.796, 39.062, 38.98, 39.161, 39.183, 39.128, 39.14, 39.137, 39.047, 38.93, 38.961, 39.332, 40.044, 40.526, 40.522, 40.499, 40.428, 40.722, 41.649, 41.529, 40.89, 41.023, 40.946, 40.891, 41.586, 42.549, 43.126, 43.59, 44.63, 45.815, 45.866, 45.616, 45.441, 45.309, 44.844, 44.091, 43.815, 43.773, 43.816, 43.764, 43.494, 43.09, 42.557, 42.268, 41.944, 40.966, 39.674, 38.825, 38.488, 38.387, 38.372, 38.546, 38.765, 38.776, 38.891, 39.156, 39.294, 39.512, 39.717, 39.483, 38.868, 38.332, 38.91, 40.06, 40.789, 40.822, 40.824, 40.841, 40.63, 40.734, 41.422, 42.04, 42.141, 42.058, 42.452, 42.764, 42.504, 42.339, 42.717, 43.057, 43.033, 42.906, 42.785, 42.876, 42.949, 43.264, 43.607, 43.109, 42.39, 42.22, 42.917, 43.369, 42.699, 42.075, 43.494, 46.007, 47.015, 46.755, 45.922, 45.437, 45.305, 45.178, 45.777, 46.998, 48.032, 47.773, 46.991, 46.925, 46.928, 46.447, 46.182, 45.97, 45.135, 44.21, 43.896, 44.36, 44.328, 43.501, 43.395, 43.476, 24.222], [25.306, 23.548, 20.04, 15.708, 8.712, 0.0, 8.437, 15.104, 18.678, 20.07, 21.791, 24.396, 26.166, 26.79, 28.424, 31.214, 33.629, 35.456, 36.796, 37.38, 37.772, 38.306, 38.495, 38.503, 38.545, 38.466, 38.381, 38.518, 38.855, 38.865, 38.629, 38.609, 38.753, 38.794, 38.526, 38.012, 37.979, 38.356, 38.249, 37.868, 38.036, 38.256, 37.701, 37.102, 37.458, 37.981, 38.083, 38.244, 38.701, 39.186, 39.678, 40.055, 40.163, 40.301, 40.731, 41.029, 41.267, 41.512, 41.319, 41.497, 42.425, 42.566, 42.197, 42.151, 41.992, 41.621, 41.994, 42.64, 42.784, 42.632, 41.925, 40.867, 39.965, 39.543, 39.503, 38.894, 38.099, 38.19, 38.761, 38.698, 38.49, 38.63, 38.671, 38.974, 39.779, 39.74, 38.94, 38.877, 39.072, 39.078, 39.004, 39.002, 39.0, 38.916, 38.784, 38.795, 39.15, 39.834, 40.271, 40.231, 40.199, 40.119, 40.396, 41.355, 41.286, 40.652, 40.726, 40.596, 40.555, 41.339, 42.372, 42.933, 43.328, 44.324, 45.511, 45.553, 45.298, 45.129, 45.007, 44.526, 43.741, 43.433, 43.372, 43.446, 43.442, 43.181, 42.782, 42.229, 41.912, 41.556, 40.529, 39.195, 38.365, 38.056, 37.971, 37.959, 38.132, 38.378, 38.437, 38.6, 38.879, 38.993, 39.221, 39.444, 39.184, 38.538, 38.057, 38.665, 39.822, 40.569, 40.62, 40.637, 40.659, 40.43, 40.496, 41.159, 41.768, 41.85, 41.769, 42.254, 42.667, 42.453, 42.378, 42.799, 43.13, 43.1, 42.972, 42.855, 42.916, 42.964, 43.275, 43.595, 43.059, 42.279, 42.078, 42.808, 43.297, 42.597, 41.922, 43.293, 45.805, 46.782, 46.486, 45.661, 45.186, 45.066, 44.983, 45.62, 46.862, 47.891, 47.605, 46.811, 46.763, 46.791, 46.318, 46.052, 45.812, 44.934, 44.002, 43.687, 44.145, 44.136, 43.328, 43.232, 43.316, 26.172], [26.924, 25.281, 22.464, 19.549, 14.949, 8.437, 0.0, 8.461, 13.884, 16.48, 18.909, 21.929, 23.861, 24.651, 26.632, 29.743, 32.486, 34.59, 36.07, 36.745, 37.251, 37.888, 38.138, 38.205, 38.315, 38.278, 38.227, 38.434, 38.861, 38.949, 38.77, 38.827, 39.118, 39.289, 39.067, 38.579, 38.573, 38.964, 38.849, 38.458, 38.599, 38.799, 38.275, 37.743, 38.151, 38.667, 38.744, 38.87, 39.268, 39.684, 40.113, 40.486, 40.62, 40.75, 41.144, 41.427, 41.663, 41.899, 41.695, 41.86, 42.752, 42.865, 42.497, 42.465, 42.315, 41.916, 42.241, 42.855, 42.959, 42.76, 42.084, 41.104, 40.309, 39.922, 39.826, 39.277, 38.632, 38.741, 39.276, 39.215, 38.896, 38.961, 39.031, 39.311, 40.039, 39.962, 39.204, 39.206, 39.409, 39.401, 39.32, 39.312, 39.321, 39.259, 39.12, 39.081, 39.36, 39.941, 40.287, 40.198, 40.15, 40.092, 40.365, 41.264, 41.193, 40.607, 40.727, 40.63, 40.592, 41.345, 42.331, 42.84, 43.137, 43.998, 45.112, 45.178, 44.986, 44.872, 44.779, 44.311, 43.538, 43.215, 43.15, 43.278, 43.367, 43.146, 42.77, 42.241, 41.943, 41.623, 40.673, 39.462, 38.783, 38.55, 38.48, 38.5, 38.709, 38.966, 39.039, 39.203, 39.453, 39.544, 39.755, 39.956, 39.705, 39.119, 38.669, 39.181, 40.213, 40.889, 40.941, 40.979, 41.008, 40.775, 40.816, 41.419, 41.95, 41.974, 41.883, 42.415, 42.895, 42.75, 42.779, 43.23, 43.54, 43.494, 43.362, 43.226, 43.258, 43.302, 43.595, 43.863, 43.278, 42.507, 42.292, 42.965, 43.432, 42.768, 42.088, 43.306, 45.676, 46.605, 46.334, 45.56, 45.109, 45.006, 44.939, 45.549, 46.734, 47.728, 47.452, 46.664, 46.612, 46.653, 46.198, 45.947, 45.726, 44.873, 43.995, 43.704, 44.152, 44.141, 43.355, 43.255, 43.326, 27.639], [28.371, 26.814, 24.491, 22.427, 19.411, 15.104, 8.461, 0.0, 7.183, 12.11, 16.399, 20.163, 22.214, 23.081, 25.25, 28.515, 31.457, 33.838, 35.541, 36.365, 36.994, 37.721, 38.039, 38.195, 38.388, 38.383, 38.351, 38.61, 39.116, 39.278, 39.126, 39.225, 39.661, 39.986, 39.849, 39.442, 39.484, 39.884, 39.759, 39.385, 39.524, 39.7, 39.199, 38.752, 39.214, 39.715, 39.767, 39.845, 40.155, 40.493, 40.851, 41.177, 41.298, 41.408, 41.76, 42.024, 42.24, 42.429, 42.221, 42.398, 43.244, 43.337, 43.008, 43.008, 42.852, 42.417, 42.712, 43.307, 43.34, 43.052, 42.419, 41.558, 40.896, 40.538, 40.384, 39.919, 39.434, 39.512, 39.993, 39.938, 39.514, 39.511, 39.592, 39.815, 40.419, 40.288, 39.611, 39.709, 39.939, 39.938, 39.86, 39.858, 39.894, 39.862, 39.719, 39.62, 39.809, 40.29, 40.556, 40.405, 40.332, 40.322, 40.639, 41.448, 41.281, 40.732, 40.985, 40.97, 40.922, 41.598, 42.466, 42.883, 43.078, 43.795, 44.832, 44.938, 44.831, 44.777, 44.709, 44.265, 43.527, 43.224, 43.199, 43.426, 43.605, 43.408, 43.04, 42.529, 42.257, 41.999, 41.161, 40.083, 39.512, 39.324, 39.261, 39.309, 39.555, 39.824, 39.905, 40.064, 40.301, 40.385, 40.574, 40.746, 40.501, 39.983, 39.592, 40.055, 40.957, 41.534, 41.577, 41.614, 41.611, 41.367, 41.404, 41.952, 42.392, 42.362, 42.252, 42.745, 43.197, 43.074, 43.155, 43.61, 43.892, 43.847, 43.721, 43.549, 43.543, 43.603, 43.884, 44.079, 43.46, 42.772, 42.575, 43.159, 43.61, 43.032, 42.399, 43.563, 45.822, 46.723, 46.523, 45.838, 45.421, 45.33, 45.244, 45.785, 46.884, 47.804, 47.506, 46.711, 46.65, 46.672, 46.217, 45.99, 45.785, 44.947, 44.133, 43.869, 44.285, 44.253, 43.499, 43.409, 43.496, 28.875], [29.407, 27.936, 25.984, 24.334, 21.881, 18.678, 13.884, 7.183, 0.0, 6.973, 13.642, 18.559, 20.876, 21.765, 23.961, 27.268, 30.265, 32.818, 34.722, 35.672, 36.395, 37.201, 37.571, 37.779, 38.026, 38.049, 38.034, 38.336, 38.914, 39.147, 39.042, 39.176, 39.664, 40.06, 40.045, 39.779, 39.858, 40.228, 40.086, 39.738, 39.889, 40.037, 39.522, 39.125, 39.627, 40.122, 40.153, 40.183, 40.442, 40.763, 41.103, 41.389, 41.482, 41.579, 41.914, 42.158, 42.334, 42.472, 42.265, 42.47, 43.289, 43.358, 43.051, 43.07, 42.904, 42.471, 42.801, 43.398, 43.388, 43.05, 42.431, 41.622, 41.007, 40.673, 40.509, 40.061, 39.599, 39.629, 40.09, 40.066, 39.642, 39.614, 39.678, 39.888, 40.462, 40.324, 39.709, 39.856, 40.092, 40.095, 40.018, 40.011, 40.058, 40.04, 39.888, 39.753, 39.903, 40.36, 40.608, 40.435, 40.355, 40.375, 40.739, 41.546, 41.32, 40.768, 41.106, 41.124, 41.071, 41.747, 42.591, 42.974, 43.125, 43.776, 44.775, 44.894, 44.803, 44.757, 44.695, 44.262, 43.548, 43.277, 43.281, 43.553, 43.745, 43.523, 43.14, 42.626, 42.36, 42.119, 41.29, 40.215, 39.646, 39.463, 39.397, 39.456, 39.72, 39.997, 40.088, 40.273, 40.544, 40.638, 40.817, 40.978, 40.72, 40.213, 39.882, 40.389, 41.281, 41.828, 41.853, 41.873, 41.848, 41.61, 41.673, 42.221, 42.64, 42.591, 42.469, 42.926, 43.304, 43.109, 43.148, 43.59, 43.858, 43.829, 43.723, 43.531, 43.5, 43.572, 43.883, 44.094, 43.48, 42.796, 42.602, 43.185, 43.676, 43.156, 42.565, 43.802, 46.087, 46.991, 46.818, 46.167, 45.763, 45.675, 45.579, 46.093, 47.162, 48.048, 47.72, 46.909, 46.846, 46.845, 46.353, 46.123, 45.9, 45.034, 44.225, 43.957, 44.34, 44.296, 43.558, 43.482, 43.594, 29.746], [30.482, 29.046, 27.188, 25.515, 23.024, 20.07, 16.48, 12.11, 6.973, 0.0, 8.336, 14.926, 18.025, 19.237, 21.898, 25.689, 28.951, 31.678, 33.714, 34.742, 35.548, 36.445, 36.876, 37.13, 37.426, 37.501, 37.52, 37.849, 38.475, 38.791, 38.787, 38.971, 39.421, 39.792, 39.88, 39.738, 39.815, 40.142, 40.022, 39.716, 39.86, 39.975, 39.435, 38.971, 39.415, 39.904, 39.942, 39.961, 40.216, 40.552, 40.91, 41.193, 41.268, 41.363, 41.701, 41.929, 42.069, 42.174, 41.966, 42.19, 42.995, 43.035, 42.718, 42.732, 42.57, 42.19, 42.594, 43.201, 43.228, 42.969, 42.335, 41.478, 40.844, 40.549, 40.424, 39.958, 39.454, 39.456, 39.903, 39.902, 39.574, 39.609, 39.66, 39.883, 40.503, 40.416, 39.815, 39.915, 40.127, 40.133, 40.053, 40.043, 40.089, 40.07, 39.936, 39.839, 40.032, 40.525, 40.809, 40.67, 40.603, 40.582, 40.9, 41.745, 41.573, 40.984, 41.243, 41.206, 41.149, 41.838, 42.71, 43.125, 43.3, 43.958, 44.943, 45.051, 44.942, 44.884, 44.819, 44.401, 43.709, 43.457, 43.441, 43.673, 43.828, 43.572, 43.169, 42.653, 42.383, 42.115, 41.259, 40.186, 39.605, 39.397, 39.309, 39.34, 39.565, 39.819, 39.904, 40.106, 40.405, 40.499, 40.652, 40.794, 40.53, 40.027, 39.759, 40.338, 41.284, 41.863, 41.867, 41.864, 41.847, 41.641, 41.731, 42.31, 42.766, 42.734, 42.619, 43.075, 43.413, 43.17, 43.185, 43.622, 43.88, 43.846, 43.747, 43.544, 43.474, 43.523, 43.885, 44.181, 43.59, 42.831, 42.597, 43.197, 43.69, 43.176, 42.598, 43.855, 46.148, 47.044, 46.848, 46.187, 45.789, 45.706, 45.61, 46.122, 47.188, 48.058, 47.716, 46.923, 46.869, 46.863, 46.379, 46.151, 45.902, 45.031, 44.238, 43.981, 44.346, 44.294, 43.575, 43.514, 43.629, 30.759], [32.169, 30.789, 29.037, 27.32, 24.733, 21.791, 18.909, 16.399, 13.642, 8.336, 0.0, 8.081, 12.561, 14.725, 18.486, 23.329, 27.239, 30.316, 32.507, 33.596, 34.492, 35.492, 35.991, 36.321, 36.726, 36.91, 36.976, 37.316, 37.984, 38.414, 38.559, 38.818, 39.238, 39.582, 39.729, 39.661, 39.765, 40.117, 40.041, 39.758, 39.88, 39.983, 39.427, 38.795, 39.067, 39.535, 39.614, 39.663, 39.931, 40.255, 40.596, 40.884, 40.965, 41.064, 41.4, 41.612, 41.738, 41.852, 41.665, 41.891, 42.674, 42.682, 42.332, 42.322, 42.184, 41.88, 42.33, 42.924, 43.037, 42.945, 42.301, 41.4, 40.767, 40.495, 40.382, 39.901, 39.421, 39.458, 39.869, 39.848, 39.636, 39.8, 39.864, 40.057, 40.689, 40.673, 40.059, 40.072, 40.267, 40.29, 40.21, 40.204, 40.251, 40.228, 40.116, 40.094, 40.37, 40.9, 41.207, 41.117, 41.065, 40.97, 41.175, 42.024, 41.945, 41.29, 41.382, 41.269, 41.214, 41.931, 42.859, 43.338, 43.553, 44.242, 45.225, 45.314, 45.201, 45.167, 45.121, 44.714, 44.027, 43.767, 43.719, 43.887, 43.994, 43.71, 43.286, 42.765, 42.482, 42.16, 41.265, 40.243, 39.721, 39.507, 39.4, 39.386, 39.539, 39.741, 39.792, 39.974, 40.271, 40.366, 40.508, 40.634, 40.369, 39.886, 39.696, 40.35, 41.351, 41.979, 41.994, 41.994, 41.996, 41.798, 41.877, 42.472, 42.964, 42.948, 42.848, 43.312, 43.654, 43.457, 43.517, 43.964, 44.213, 44.139, 44.012, 43.798, 43.69, 43.689, 44.073, 44.436, 43.853, 43.013, 42.706, 43.282, 43.728, 43.166, 42.55, 43.726, 45.963, 46.815, 46.586, 45.927, 45.54, 45.47, 45.396, 45.918, 46.964, 47.789, 47.416, 46.653, 46.621, 46.633, 46.21, 46.014, 45.751, 44.899, 44.155, 43.928, 44.292, 44.241, 43.56, 43.517, 43.615, 32.423], [33.851, 32.602, 31.1, 29.562, 27.153, 24.396, 21.929, 20.163, 18.559, 14.926, 8.081, 0.0, 5.802, 9.739, 15.124, 21.03, 25.638, 29.137, 31.504, 32.639, 33.581, 34.631, 35.154, 35.546, 36.078, 36.363, 36.457, 36.793, 37.495, 38.038, 38.333, 38.695, 39.174, 39.563, 39.729, 39.692, 39.884, 40.34, 40.311, 40.042, 40.165, 40.283, 39.739, 38.966, 39.049, 39.483, 39.613, 39.7, 39.963, 40.232, 40.518, 40.806, 40.91, 41.015, 41.345, 41.538, 41.64, 41.764, 41.612, 41.827, 42.563, 42.537, 42.155, 42.117, 42.013, 41.77, 42.204, 42.742, 42.923, 42.983, 42.381, 41.543, 40.96, 40.686, 40.548, 40.073, 39.691, 39.779, 40.092, 39.997, 39.849, 40.104, 40.177, 40.3, 40.862, 40.861, 40.277, 40.29, 40.496, 40.539, 40.463, 40.46, 40.517, 40.495, 40.384, 40.393, 40.714, 41.24, 41.522, 41.445, 41.413, 41.294, 41.427, 42.247, 42.22, 41.525, 41.514, 41.363, 41.317, 42.06, 42.994, 43.471, 43.672, 44.352, 45.331, 45.406, 45.284, 45.288, 45.274, 44.877, 44.196, 43.925, 43.851, 43.982, 44.068, 43.778, 43.353, 42.828, 42.538, 42.186, 41.297, 40.406, 40.051, 39.903, 39.805, 39.773, 39.876, 40.028, 40.047, 40.201, 40.471, 40.551, 40.692, 40.815, 40.558, 40.088, 39.924, 40.598, 41.608, 42.271, 42.33, 42.362, 42.366, 42.141, 42.178, 42.739, 43.217, 43.199, 43.1, 43.574, 43.969, 43.869, 43.995, 44.443, 44.685, 44.582, 44.421, 44.192, 44.047, 43.992, 44.352, 44.726, 44.177, 43.376, 43.062, 43.601, 43.999, 43.392, 42.712, 43.748, 45.887, 46.686, 46.448, 45.82, 45.458, 45.407, 45.368, 45.866, 46.825, 47.56, 47.154, 46.42, 46.397, 46.412, 46.065, 45.926, 45.669, 44.834, 44.129, 43.916, 44.286, 44.266, 43.637, 43.614, 43.699, 34.094], [34.968, 33.818, 32.475, 31.028, 28.766, 26.166, 23.861, 22.214, 20.876, 18.025, 12.561, 5.802, 0.0, 5.696, 13.01, 19.736, 24.7, 28.419, 30.881, 32.034, 32.973, 34.017, 34.548, 34.984, 35.584, 35.921, 36.034, 36.373, 37.098, 37.717, 38.109, 38.535, 39.065, 39.516, 39.709, 39.669, 39.892, 40.423, 40.448, 40.183, 40.283, 40.408, 39.88, 39.03, 39.008, 39.415, 39.566, 39.683, 39.947, 40.174, 40.407, 40.676, 40.786, 40.895, 41.224, 41.405, 41.48, 41.606, 41.476, 41.683, 42.398, 42.385, 42.021, 41.976, 41.876, 41.676, 42.137, 42.646, 42.814, 42.943, 42.442, 41.697, 41.14, 40.842, 40.687, 40.246, 39.946, 40.017, 40.235, 40.085, 39.945, 40.227, 40.308, 40.393, 40.896, 40.901, 40.386, 40.451, 40.668, 40.721, 40.644, 40.632, 40.695, 40.68, 40.567, 40.575, 40.901, 41.424, 41.707, 41.653, 41.639, 41.505, 41.611, 42.418, 42.407, 41.684, 41.597, 41.419, 41.384, 42.133, 43.025, 43.436, 43.582, 44.215, 45.178, 45.251, 45.128, 45.157, 45.164, 44.77, 44.115, 43.864, 43.781, 43.9, 43.985, 43.703, 43.291, 42.779, 42.493, 42.143, 41.285, 40.495, 40.287, 40.234, 40.161, 40.115, 40.185, 40.312, 40.319, 40.462, 40.714, 40.778, 40.917, 41.034, 40.777, 40.295, 40.107, 40.775, 41.777, 42.443, 42.536, 42.593, 42.588, 42.343, 42.353, 42.884, 43.346, 43.324, 43.206, 43.668, 44.099, 44.071, 44.252, 44.703, 44.943, 44.836, 44.671, 44.433, 44.255, 44.177, 44.518, 44.872, 44.321, 43.56, 43.269, 43.787, 44.162, 43.564, 42.886, 43.857, 45.931, 46.716, 46.489, 45.889, 45.555, 45.522, 45.495, 45.963, 46.857, 47.534, 47.104, 46.376, 46.35, 46.354, 46.029, 45.927, 45.679, 44.834, 44.136, 43.932, 44.309, 44.321, 43.736, 43.73, 43.812, 35.186], [34.86, 33.749, 32.653, 31.406, 29.271, 26.79, 24.651, 23.081, 21.765, 19.237, 14.725, 9.739, 5.696, 0.0, 8.611, 16.553, 22.101, 26.061, 28.774, 30.074, 31.078, 32.167, 32.742, 33.211, 33.837, 34.186, 34.316, 34.732, 35.541, 36.205, 36.651, 37.138, 37.706, 38.19, 38.405, 38.395, 38.684, 39.261, 39.253, 38.935, 39.081, 39.213, 38.606, 37.853, 38.037, 38.494, 38.624, 38.74, 39.028, 39.268, 39.497, 39.751, 39.858, 39.983, 40.331, 40.506, 40.553, 40.652, 40.506, 40.743, 41.525, 41.551, 41.226, 41.205, 41.058, 40.801, 41.322, 41.911, 42.02, 42.051, 41.561, 40.753, 40.085, 39.722, 39.559, 39.097, 38.719, 38.738, 39.001, 38.844, 38.682, 38.983, 39.079, 39.202, 39.826, 39.947, 39.475, 39.536, 39.729, 39.763, 39.652, 39.605, 39.667, 39.657, 39.531, 39.526, 39.873, 40.472, 40.83, 40.81, 40.787, 40.606, 40.72, 41.601, 41.583, 40.8, 40.672, 40.443, 40.412, 41.271, 42.258, 42.668, 42.806, 43.511, 44.554, 44.643, 44.528, 44.568, 44.571, 44.135, 43.449, 43.21, 43.103, 43.19, 43.273, 42.956, 42.501, 41.954, 41.65, 41.28, 40.316, 39.373, 39.102, 39.06, 39.001, 38.936, 38.982, 39.111, 39.116, 39.293, 39.597, 39.687, 39.882, 40.045, 39.743, 39.166, 38.943, 39.716, 40.837, 41.559, 41.664, 41.732, 41.741, 41.501, 41.53, 42.103, 42.604, 42.587, 42.448, 42.897, 43.313, 43.279, 43.495, 43.974, 44.226, 44.126, 43.967, 43.699, 43.474, 43.385, 43.745, 44.106, 43.498, 42.62, 42.294, 42.87, 43.308, 42.682, 41.972, 43.099, 45.396, 46.285, 46.047, 45.399, 45.047, 45.019, 44.992, 45.5, 46.488, 47.236, 46.777, 45.987, 45.961, 45.944, 45.529, 45.406, 45.147, 44.198, 43.406, 43.2, 43.61, 43.608, 42.965, 42.961, 43.057, 35.01], [34.848, 33.859, 33.279, 32.513, 30.663, 28.424, 26.632, 25.25, 23.961, 21.898, 18.486, 15.124, 13.01, 8.611, 0.0, 9.51, 16.7, 21.773, 25.229, 26.906, 28.152, 29.406, 30.037, 30.525, 31.217, 31.605, 31.762, 32.295, 33.229, 33.933, 34.452, 35.077, 35.758, 36.28, 36.485, 36.574, 37.069, 37.712, 37.56, 37.162, 37.487, 37.664, 36.919, 36.43, 37.062, 37.652, 37.744, 37.81, 38.098, 38.367, 38.63, 38.902, 39.029, 39.188, 39.567, 39.733, 39.738, 39.769, 39.572, 39.871, 40.761, 40.807, 40.506, 40.525, 40.302, 39.893, 40.384, 41.096, 41.19, 41.012, 40.374, 39.352, 38.471, 38.039, 37.896, 37.366, 36.798, 36.756, 37.145, 37.008, 36.833, 37.17, 37.276, 37.48, 38.35, 38.667, 38.225, 38.219, 38.334, 38.315, 38.147, 38.058, 38.122, 38.12, 37.977, 37.955, 38.336, 39.054, 39.504, 39.498, 39.45, 39.224, 39.371, 40.366, 40.329, 39.462, 39.353, 39.073, 39.024, 40.029, 41.173, 41.622, 41.783, 42.644, 43.853, 43.961, 43.825, 43.848, 43.827, 43.317, 42.565, 42.328, 42.184, 42.225, 42.312, 41.934, 41.395, 40.788, 40.461, 40.053, 38.905, 37.684, 37.224, 37.114, 37.063, 36.988, 37.011, 37.134, 37.148, 37.398, 37.805, 37.942, 38.234, 38.498, 38.16, 37.501, 37.287, 38.241, 39.557, 40.354, 40.429, 40.498, 40.554, 40.353, 40.454, 41.116, 41.657, 41.635, 41.476, 41.9, 42.229, 42.098, 42.308, 42.821, 43.095, 43.015, 42.864, 42.568, 42.297, 42.191, 42.572, 42.944, 42.272, 41.223, 40.827, 41.492, 42.03, 41.341, 40.565, 41.949, 44.607, 45.654, 45.398, 44.684, 44.302, 44.279, 44.257, 44.849, 46.008, 46.899, 46.458, 45.625, 45.613, 45.566, 44.989, 44.802, 44.532, 43.453, 42.495, 42.244, 42.692, 42.654, 41.875, 41.847, 41.973, 34.882], [35.987, 35.22, 35.1, 34.713, 33.169, 31.214, 29.743, 28.515, 27.268, 25.689, 23.329, 21.03, 19.736, 16.553, 9.51, 0.0, 9.357, 17.096, 21.885, 23.974, 25.546, 27.08, 27.83, 28.424, 29.293, 29.826, 30.074, 30.696, 31.698, 32.468, 33.138, 33.959, 34.775, 35.377, 35.645, 35.899, 36.602, 37.297, 37.038, 36.575, 37.001, 37.245, 36.502, 36.203, 37.095, 37.776, 37.851, 37.864, 38.117, 38.373, 38.63, 38.908, 39.067, 39.251, 39.632, 39.791, 39.78, 39.761, 39.516, 39.846, 40.78, 40.813, 40.513, 40.548, 40.273, 39.739, 40.125, 40.88, 40.992, 40.689, 39.933, 38.784, 37.783, 37.349, 37.265, 36.695, 36.038, 35.94, 36.335, 36.243, 36.109, 36.483, 36.575, 36.803, 37.805, 38.261, 37.895, 37.86, 37.898, 37.837, 37.637, 37.522, 37.583, 37.58, 37.441, 37.423, 37.825, 38.608, 39.109, 39.123, 39.075, 38.843, 39.027, 40.074, 40.036, 39.142, 39.051, 38.744, 38.674, 39.714, 40.91, 41.383, 41.588, 42.559, 43.851, 43.952, 43.753, 43.715, 43.656, 43.102, 42.316, 42.062, 41.863, 41.8, 41.8, 41.372, 40.794, 40.175, 39.853, 39.433, 38.212, 36.901, 36.398, 36.278, 36.235, 36.148, 36.151, 36.288, 36.338, 36.64, 37.11, 37.281, 37.619, 37.936, 37.615, 37.013, 36.948, 38.032, 39.4, 40.175, 40.187, 40.251, 40.338, 40.163, 40.32, 41.031, 41.571, 41.544, 41.373, 41.72, 41.884, 41.576, 41.699, 42.187, 42.45, 42.367, 42.221, 41.945, 41.682, 41.584, 41.95, 42.281, 41.598, 40.565, 40.188, 40.88, 41.465, 40.786, 40.051, 41.569, 44.36, 45.464, 45.22, 44.508, 44.141, 44.142, 44.128, 44.739, 45.975, 46.977, 46.63, 45.833, 45.837, 45.757, 45.041, 44.782, 44.515, 43.381, 42.328, 42.048, 42.512, 42.45, 41.584, 41.528, 41.678, 35.903], [37.033, 36.421, 36.592, 36.477, 35.248, 33.629, 32.486, 31.457, 30.265, 28.951, 27.239, 25.638, 24.7, 22.101, 16.7, 9.357, 0.0, 10.128, 16.682, 19.464, 21.351, 23.202, 24.279, 25.213, 26.423, 27.22, 27.619, 28.366, 29.509, 30.474, 31.417, 32.475, 33.445, 34.284, 34.839, 35.309, 36.127, 36.87, 36.6, 36.073, 36.483, 36.77, 36.101, 35.993, 37.082, 37.787, 37.814, 37.791, 38.031, 38.275, 38.495, 38.723, 38.863, 39.045, 39.413, 39.545, 39.505, 39.453, 39.183, 39.529, 40.453, 40.462, 40.171, 40.219, 39.918, 39.372, 39.771, 40.555, 40.623, 40.314, 39.656, 38.503, 37.428, 36.966, 36.926, 36.362, 35.641, 35.442, 35.779, 35.695, 35.613, 36.046, 36.137, 36.355, 37.427, 37.997, 37.741, 37.743, 37.763, 37.701, 37.494, 37.353, 37.396, 37.374, 37.225, 37.209, 37.633, 38.477, 39.058, 39.133, 39.11, 38.867, 39.074, 40.175, 40.166, 39.278, 39.184, 38.84, 38.729, 39.753, 40.958, 41.449, 41.71, 42.76, 44.068, 44.15, 43.894, 43.783, 43.684, 43.101, 42.29, 42.017, 41.76, 41.57, 41.445, 40.981, 40.415, 39.827, 39.523, 39.106, 37.849, 36.468, 35.954, 35.879, 35.865, 35.764, 35.767, 35.949, 36.013, 36.336, 36.845, 37.031, 37.345, 37.636, 37.314, 36.776, 36.879, 38.068, 39.445, 40.2, 40.173, 40.224, 40.315, 40.15, 40.331, 41.058, 41.626, 41.625, 41.449, 41.711, 41.722, 41.247, 41.246, 41.66, 41.897, 41.799, 41.662, 41.437, 41.225, 41.156, 41.506, 41.792, 41.079, 40.064, 39.716, 40.437, 41.072, 40.434, 39.759, 41.348, 44.225, 45.396, 45.181, 44.477, 44.124, 44.155, 44.15, 44.75, 46.024, 47.082, 46.748, 45.951, 45.969, 45.859, 45.06, 44.759, 44.481, 43.313, 42.24, 41.959, 42.42, 42.334, 41.427, 41.364, 41.535, 36.889], [37.854, 37.301, 37.62, 37.733, 36.792, 35.456, 34.59, 33.838, 32.818, 31.678, 30.316, 29.137, 28.419, 26.061, 21.773, 17.096, 10.128, 0.0, 8.119, 12.527, 15.194, 17.416, 19.091, 20.614, 22.249, 23.383, 24.023, 25.026, 26.49, 27.837, 29.173, 30.467, 31.576, 32.781, 33.833, 34.528, 35.323, 36.053, 35.839, 35.325, 35.721, 35.992, 35.427, 35.715, 37.124, 37.788, 37.655, 37.548, 37.791, 38.055, 38.249, 38.384, 38.448, 38.612, 38.961, 39.023, 38.893, 38.804, 38.566, 38.923, 39.778, 39.781, 39.57, 39.654, 39.352, 38.942, 39.528, 40.358, 40.356, 40.043, 39.507, 38.415, 37.361, 36.891, 36.842, 36.28, 35.478, 35.158, 35.487, 35.393, 35.389, 35.932, 36.045, 36.272, 37.401, 38.037, 37.821, 37.814, 37.819, 37.765, 37.571, 37.435, 37.469, 37.428, 37.257, 37.234, 37.677, 38.583, 39.242, 39.365, 39.35, 39.092, 39.323, 40.441, 40.439, 39.593, 39.537, 39.181, 39.005, 39.964, 41.136, 41.607, 41.882, 42.951, 44.243, 44.318, 44.047, 43.901, 43.776, 43.164, 42.357, 42.129, 41.868, 41.607, 41.424, 40.948, 40.394, 39.831, 39.543, 39.144, 37.886, 36.438, 35.879, 35.839, 35.867, 35.777, 35.791, 35.995, 36.053, 36.371, 36.893, 37.082, 37.36, 37.602, 37.254, 36.728, 36.879, 38.1, 39.488, 40.243, 40.199, 40.226, 40.327, 40.215, 40.432, 41.174, 41.773, 41.789, 41.598, 41.811, 41.755, 41.191, 41.122, 41.501, 41.742, 41.657, 41.563, 41.442, 41.345, 41.307, 41.641, 41.974, 41.316, 40.263, 39.866, 40.626, 41.35, 40.719, 39.981, 41.591, 44.601, 45.853, 45.644, 44.913, 44.552, 44.599, 44.598, 45.145, 46.38, 47.442, 47.116, 46.301, 46.311, 46.18, 45.311, 44.951, 44.642, 43.404, 42.246, 41.941, 42.44, 42.357, 41.436, 41.381, 41.568, 37.742], [38.858, 38.337, 38.667, 38.829, 38.005, 36.796, 36.07, 35.541, 34.722, 33.714, 32.507, 31.504, 30.881, 28.774, 25.229, 21.885, 16.682, 8.119, 0.0, 6.132, 10.494, 13.654, 16.0, 17.964, 19.867, 21.269, 22.147, 23.378, 25.093, 26.724, 28.327, 29.743, 30.881, 32.282, 33.683, 34.532, 35.24, 35.906, 35.778, 35.349, 35.726, 35.963, 35.504, 36.087, 37.673, 38.298, 38.048, 37.871, 38.107, 38.387, 38.566, 38.636, 38.654, 38.811, 39.137, 39.142, 38.949, 38.843, 38.638, 38.964, 39.728, 39.739, 39.6, 39.699, 39.413, 39.147, 39.879, 40.712, 40.674, 40.356, 39.853, 38.871, 37.95, 37.522, 37.432, 36.889, 36.104, 35.687, 35.978, 35.873, 35.875, 36.458, 36.6, 36.848, 37.97, 38.596, 38.363, 38.319, 38.307, 38.259, 38.094, 37.99, 38.027, 37.97, 37.8, 37.801, 38.254, 39.161, 39.839, 39.98, 39.949, 39.661, 39.902, 41.013, 41.023, 40.241, 40.205, 39.867, 39.666, 40.553, 41.69, 42.169, 42.463, 43.5, 44.737, 44.81, 44.557, 44.428, 44.313, 43.699, 42.913, 42.725, 42.484, 42.176, 41.926, 41.425, 40.868, 40.324, 40.054, 39.674, 38.473, 37.074, 36.539, 36.541, 36.6, 36.522, 36.543, 36.746, 36.796, 37.087, 37.573, 37.74, 37.986, 38.189, 37.84, 37.304, 37.401, 38.557, 39.915, 40.643, 40.589, 40.612, 40.733, 40.67, 40.91, 41.654, 42.259, 42.282, 42.097, 42.32, 42.277, 41.726, 41.687, 42.078, 42.321, 42.242, 42.173, 42.127, 42.111, 42.078, 42.385, 42.768, 42.185, 41.136, 40.711, 41.455, 42.194, 41.575, 40.811, 42.351, 45.327, 46.578, 46.371, 45.633, 45.254, 45.285, 45.278, 45.788, 46.951, 47.979, 47.694, 46.893, 46.892, 46.767, 45.877, 45.457, 45.133, 43.892, 42.691, 42.371, 42.91, 42.845, 41.938, 41.887, 42.067, 38.794], [39.25, 38.76, 39.119, 39.301, 38.528, 37.38, 36.745, 36.365, 35.672, 34.742, 33.596, 32.639, 32.034, 30.074, 26.906, 23.974, 19.464, 12.527, 6.132, 0.0, 5.938, 10.703, 13.874, 16.087, 18.092, 19.612, 20.625, 22.041, 23.929, 25.687, 27.413, 28.929, 30.118, 31.59, 33.159, 34.168, 34.963, 35.669, 35.597, 35.228, 35.619, 35.85, 35.395, 36.055, 37.719, 38.376, 38.133, 37.961, 38.205, 38.478, 38.637, 38.702, 38.741, 38.921, 39.245, 39.233, 39.031, 38.922, 38.703, 38.997, 39.744, 39.753, 39.601, 39.689, 39.398, 39.152, 39.909, 40.738, 40.677, 40.325, 39.806, 38.867, 37.995, 37.552, 37.422, 36.896, 36.155, 35.703, 35.952, 35.834, 35.809, 36.372, 36.52, 36.783, 37.91, 38.546, 38.298, 38.221, 38.202, 38.165, 38.015, 37.92, 37.952, 37.886, 37.72, 37.742, 38.207, 39.112, 39.811, 39.985, 39.945, 39.607, 39.854, 41.02, 41.066, 40.31, 40.273, 39.925, 39.708, 40.591, 41.755, 42.269, 42.589, 43.621, 44.832, 44.895, 44.648, 44.541, 44.446, 43.829, 43.025, 42.822, 42.567, 42.208, 41.883, 41.326, 40.749, 40.219, 39.962, 39.573, 38.369, 36.989, 36.509, 36.569, 36.653, 36.588, 36.626, 36.84, 36.889, 37.167, 37.638, 37.793, 38.029, 38.224, 37.863, 37.29, 37.319, 38.435, 39.817, 40.565, 40.511, 40.534, 40.67, 40.628, 40.886, 41.652, 42.274, 42.305, 42.135, 42.387, 42.376, 41.848, 41.835, 42.237, 42.48, 42.398, 42.328, 42.288, 42.272, 42.218, 42.504, 42.904, 42.339, 41.278, 40.839, 41.564, 42.292, 41.681, 40.948, 42.483, 45.439, 46.679, 46.462, 45.704, 45.294, 45.301, 45.302, 45.835, 47.016, 48.06, 47.787, 46.973, 46.966, 46.864, 45.974, 45.519, 45.192, 43.956, 42.735, 42.401, 42.967, 42.918, 42.003, 41.939, 42.101, 39.185], [39.303, 38.825, 39.235, 39.482, 38.806, 37.772, 37.251, 36.994, 36.395, 35.548, 34.492, 33.581, 32.973, 31.078, 28.152, 25.546, 21.351, 15.194, 10.494, 5.938, 0.0, 5.95, 10.24, 12.996, 15.208, 16.912, 18.157, 19.868, 22.001, 23.917, 25.8, 27.481, 28.788, 30.378, 32.114, 33.281, 34.22, 35.029, 35.02, 34.71, 35.137, 35.364, 34.904, 35.614, 37.344, 38.048, 37.857, 37.732, 38.001, 38.263, 38.406, 38.48, 38.539, 38.732, 39.058, 39.038, 38.83, 38.718, 38.479, 38.757, 39.521, 39.53, 39.354, 39.436, 39.141, 38.876, 39.634, 40.487, 40.412, 40.011, 39.453, 38.489, 37.606, 37.128, 36.967, 36.454, 35.727, 35.264, 35.515, 35.395, 35.393, 35.976, 36.12, 36.391, 37.548, 38.21, 37.959, 37.864, 37.849, 37.823, 37.676, 37.569, 37.589, 37.517, 37.351, 37.377, 37.848, 38.763, 39.492, 39.703, 39.663, 39.289, 39.538, 40.744, 40.801, 40.02, 39.942, 39.556, 39.324, 40.224, 41.414, 41.943, 42.275, 43.314, 44.525, 44.573, 44.311, 44.208, 44.126, 43.5, 42.681, 42.461, 42.169, 41.776, 41.427, 40.848, 40.275, 39.761, 39.51, 39.106, 37.867, 36.461, 36.01, 36.117, 36.226, 36.175, 36.223, 36.447, 36.501, 36.785, 37.262, 37.413, 37.649, 37.845, 37.475, 36.884, 36.875, 37.98, 39.408, 40.198, 40.146, 40.152, 40.285, 40.254, 40.531, 41.318, 41.956, 41.998, 41.841, 42.114, 42.132, 41.598, 41.565, 41.979, 42.243, 42.171, 42.104, 42.045, 42.001, 41.936, 42.225, 42.638, 42.092, 41.031, 40.586, 41.325, 42.047, 41.412, 40.713, 42.331, 45.34, 46.587, 46.35, 45.547, 45.095, 45.09, 45.092, 45.632, 46.836, 47.919, 47.668, 46.842, 46.825, 46.736, 45.846, 45.371, 45.041, 43.79, 42.526, 42.175, 42.772, 42.735, 41.795, 41.711, 41.858, 39.224], [39.548, 39.08, 39.515, 39.809, 39.224, 38.306, 37.888, 37.721, 37.201, 36.445, 35.492, 34.631, 34.017, 32.167, 29.406, 27.08, 23.202, 17.416, 13.654, 10.703, 5.95, 0.0, 5.25, 9.061, 12.005, 14.197, 15.813, 17.846, 20.257, 22.409, 24.504, 26.345, 27.779, 29.515, 31.394, 32.638, 33.657, 34.569, 34.63, 34.355, 34.813, 35.037, 34.581, 35.351, 37.133, 37.867, 37.731, 37.662, 37.952, 38.211, 38.352, 38.426, 38.484, 38.684, 39.005, 38.96, 38.726, 38.603, 38.354, 38.608, 39.361, 39.373, 39.201, 39.293, 39.002, 38.722, 39.487, 40.371, 40.302, 39.9, 39.34, 38.375, 37.5, 37.011, 36.836, 36.339, 35.606, 35.135, 35.402, 35.262, 35.303, 35.943, 36.097, 36.363, 37.543, 38.233, 37.992, 37.879, 37.853, 37.824, 37.674, 37.552, 37.56, 37.488, 37.324, 37.35, 37.822, 38.745, 39.49, 39.72, 39.692, 39.317, 39.555, 40.757, 40.802, 39.966, 39.818, 39.385, 39.141, 40.04, 41.22, 41.742, 42.074, 43.109, 44.316, 44.356, 44.087, 43.985, 43.908, 43.287, 42.482, 42.253, 41.918, 41.503, 41.166, 40.6, 40.038, 39.529, 39.281, 38.875, 37.628, 36.228, 35.795, 35.909, 36.028, 35.99, 36.038, 36.256, 36.316, 36.614, 37.094, 37.242, 37.484, 37.691, 37.331, 36.755, 36.758, 37.889, 39.342, 40.144, 40.091, 40.086, 40.216, 40.183, 40.461, 41.252, 41.893, 41.942, 41.786, 42.049, 42.069, 41.515, 41.439, 41.847, 42.136, 42.072, 42.006, 41.951, 41.913, 41.871, 42.19, 42.606, 42.066, 41.013, 40.569, 41.326, 42.034, 41.352, 40.652, 42.35, 45.411, 46.674, 46.433, 45.606, 45.138, 45.131, 45.125, 45.652, 46.86, 47.971, 47.747, 46.926, 46.902, 46.813, 45.922, 45.441, 45.101, 43.83, 42.543, 42.19, 42.805, 42.758, 41.788, 41.692, 41.841, 39.458], [39.589, 39.143, 39.622, 39.947, 39.379, 38.495, 38.138, 38.039, 37.571, 36.876, 35.991, 35.154, 34.548, 32.742, 30.037, 27.83, 24.279, 19.091, 16.0, 13.874, 10.24, 5.25, 0.0, 4.847, 9.053, 12.037, 14.018, 16.293, 18.915, 21.225, 23.453, 25.39, 26.913, 28.736, 30.671, 31.949, 33.051, 34.071, 34.166, 33.891, 34.395, 34.636, 34.167, 34.977, 36.811, 37.59, 37.514, 37.497, 37.806, 38.072, 38.228, 38.321, 38.399, 38.616, 38.943, 38.889, 38.638, 38.508, 38.242, 38.466, 39.211, 39.219, 39.031, 39.12, 38.828, 38.504, 39.23, 40.121, 40.072, 39.702, 39.161, 38.189, 37.29, 36.778, 36.589, 36.081, 35.324, 34.901, 35.2, 35.014, 35.083, 35.767, 35.929, 36.201, 37.417, 38.141, 37.901, 37.763, 37.723, 37.686, 37.521, 37.378, 37.376, 37.306, 37.146, 37.173, 37.647, 38.58, 39.334, 39.573, 39.561, 39.199, 39.417, 40.621, 40.662, 39.751, 39.53, 39.049, 38.795, 39.717, 40.914, 41.445, 41.772, 42.815, 44.043, 44.085, 43.821, 43.731, 43.66, 43.045, 42.23, 41.97, 41.576, 41.124, 40.803, 40.249, 39.678, 39.15, 38.899, 38.492, 37.231, 35.838, 35.401, 35.484, 35.592, 35.557, 35.6, 35.814, 35.885, 36.199, 36.686, 36.833, 37.094, 37.333, 36.985, 36.419, 36.47, 37.696, 39.21, 40.029, 39.978, 39.979, 40.12, 40.076, 40.346, 41.15, 41.803, 41.864, 41.718, 41.981, 41.987, 41.399, 41.28, 41.681, 41.994, 41.929, 41.86, 41.821, 41.789, 41.757, 42.114, 42.54, 41.942, 40.824, 40.356, 41.133, 41.831, 41.102, 40.385, 42.157, 45.27, 46.537, 46.289, 45.452, 44.982, 44.977, 44.961, 45.494, 46.739, 47.881, 47.658, 46.834, 46.815, 46.722, 45.827, 45.355, 45.005, 43.712, 42.416, 42.065, 42.68, 42.611, 41.598, 41.486, 41.648, 39.477], [39.393, 38.984, 39.547, 39.921, 39.366, 38.503, 38.205, 38.195, 37.779, 37.13, 36.321, 35.546, 34.984, 33.211, 30.525, 28.424, 25.213, 20.614, 17.964, 16.087, 12.996, 9.061, 4.847, 0.0, 5.17, 9.154, 11.788, 14.499, 17.342, 19.708, 22.012, 24.06, 25.693, 27.606, 29.63, 31.008, 32.217, 33.325, 33.446, 33.211, 33.787, 34.049, 33.572, 34.428, 36.309, 37.133, 37.113, 37.144, 37.473, 37.75, 37.93, 38.072, 38.19, 38.42, 38.761, 38.729, 38.499, 38.379, 38.092, 38.294, 39.067, 39.071, 38.837, 38.91, 38.612, 38.226, 38.887, 39.768, 39.728, 39.356, 38.803, 37.777, 36.816, 36.278, 36.096, 35.584, 34.8, 34.458, 34.824, 34.616, 34.694, 35.381, 35.526, 35.814, 37.079, 37.827, 37.577, 37.421, 37.385, 37.352, 37.171, 36.998, 36.981, 36.91, 36.749, 36.768, 37.239, 38.185, 38.964, 39.223, 39.222, 38.856, 39.062, 40.301, 40.356, 39.368, 39.064, 38.528, 38.277, 39.244, 40.473, 41.008, 41.326, 42.395, 43.668, 43.711, 43.45, 43.381, 43.326, 42.706, 41.862, 41.558, 41.101, 40.611, 40.324, 39.793, 39.218, 38.667, 38.407, 37.992, 36.705, 35.298, 34.841, 34.883, 34.97, 34.931, 34.974, 35.197, 35.282, 35.609, 36.104, 36.237, 36.506, 36.774, 36.424, 35.84, 35.949, 37.308, 38.911, 39.767, 39.734, 39.753, 39.916, 39.87, 40.138, 40.97, 41.651, 41.725, 41.597, 41.889, 41.89, 41.259, 41.116, 41.542, 41.874, 41.801, 41.726, 41.689, 41.634, 41.582, 41.961, 42.386, 41.704, 40.497, 40.009, 40.807, 41.501, 40.736, 40.006, 41.841, 44.999, 46.263, 45.996, 45.142, 44.67, 44.669, 44.652, 45.215, 46.509, 47.682, 47.45, 46.605, 46.583, 46.484, 45.576, 45.11, 44.761, 43.438, 42.107, 41.747, 42.373, 42.299, 41.24, 41.106, 41.282, 39.27], [39.202, 38.809, 39.429, 39.85, 39.343, 38.545, 38.315, 38.388, 38.026, 37.426, 36.726, 36.078, 35.584, 33.837, 31.217, 29.293, 26.423, 22.249, 19.867, 18.092, 15.208, 12.005, 9.053, 5.17, 0.0, 4.872, 8.799, 12.501, 15.655, 17.951, 20.238, 22.435, 24.255, 26.338, 28.535, 30.069, 31.38, 32.519, 32.655, 32.497, 33.145, 33.418, 32.968, 33.921, 35.857, 36.705, 36.722, 36.787, 37.125, 37.409, 37.632, 37.843, 38.004, 38.235, 38.58, 38.575, 38.387, 38.289, 37.977, 38.169, 38.982, 38.982, 38.701, 38.764, 38.46, 38.017, 38.632, 39.513, 39.467, 39.023, 38.404, 37.312, 36.296, 35.729, 35.572, 35.098, 34.296, 34.003, 34.452, 34.275, 34.36, 35.033, 35.149, 35.448, 36.756, 37.53, 37.273, 37.103, 37.076, 37.05, 36.861, 36.671, 36.643, 36.567, 36.399, 36.405, 36.867, 37.834, 38.652, 38.934, 38.931, 38.551, 38.756, 40.031, 40.099, 39.083, 38.739, 38.17, 37.926, 38.925, 40.169, 40.706, 41.027, 42.118, 43.427, 43.472, 43.209, 43.157, 43.117, 42.49, 41.616, 41.279, 40.79, 40.302, 40.068, 39.564, 38.988, 38.418, 38.147, 37.731, 36.409, 34.934, 34.395, 34.385, 3