[[0.0, 8.917, 18.158, 18.856, 20.754, 23.489, 24.827, 26.65, 27.977, 27.997, 28.417, 29.589, 30.523, 31.288, 32.941, 34.55, 36.41, 37.77, 38.344, 39.498, 39.501, 39.251, 39.495, 39.416, 39.49, 39.228, 38.86, 38.633, 38.603, 38.36, 37.608, 37.615, 38.42, 38.64, 38.772, 39.018, 38.667, 38.95, 38.986, 39.353, 39.585, 39.434, 39.865, 40.279, 39.928, 39.117, 38.855, 39.24, 39.635, 41.349, 43.337, 43.458, 11.117], [8.917, 0.0, 10.848, 12.426, 15.343, 18.926, 20.668, 22.925, 24.516, 24.766, 25.471, 26.872, 27.897, 28.822, 30.986, 32.971, 35.034, 36.524, 37.373, 38.703, 38.658, 38.482, 38.801, 38.699, 38.762, 38.503, 38.142, 37.94, 37.86, 37.49, 36.657, 36.633, 37.447, 37.725, 37.876, 38.166, 37.807, 37.972, 37.997, 38.29, 38.464, 38.314, 38.754, 39.174, 38.826, 38.164, 38.107, 38.475, 38.862, 40.771, 42.806, 42.801, 15.598], [18.158, 10.848, 0.0, 5.178, 11.414, 15.86, 18.052, 20.791, 22.604, 23.251, 24.507, 26.237, 27.375, 28.538, 31.149, 33.362, 35.511, 37.084, 38.078, 39.419, 39.35, 39.172, 39.485, 39.374, 39.466, 39.275, 38.966, 38.813, 38.7, 38.236, 37.385, 37.31, 37.991, 38.287, 38.438, 38.667, 38.226, 38.278, 38.257, 38.384, 38.485, 38.365, 38.737, 39.113, 38.81, 38.342, 38.475, 38.808, 39.128, 41.037, 42.943, 42.772, 22.518], [18.856, 12.426, 5.178, 0.0, 8.517, 13.934, 16.275, 19.051, 21.062, 21.945, 23.353, 25.184, 26.46, 27.685, 30.339, 32.632, 34.903, 36.579, 37.654, 39.042, 38.985, 38.862, 39.216, 39.111, 39.214, 39.025, 38.707, 38.561, 38.462, 37.988, 37.072, 36.963, 37.665, 37.972, 38.126, 38.356, 37.908, 37.979, 37.952, 38.036, 38.116, 37.975, 38.33, 38.702, 38.357, 37.795, 37.865, 38.215, 38.537, 40.435, 42.359, 42.167, 22.846], [20.754, 15.343, 11.414, 8.517, 0.0, 7.099, 11.248, 15.29, 17.901, 19.097, 20.716, 22.724, 24.209, 25.474, 28.379, 31.258, 33.952, 35.683, 36.687, 38.215, 38.085, 37.689, 37.915, 37.745, 37.921, 37.85, 37.607, 37.463, 37.402, 36.93, 35.828, 35.56, 36.256, 36.523, 36.723, 36.926, 36.383, 36.524, 36.506, 36.735, 36.945, 36.835, 37.325, 37.797, 37.4, 36.626, 36.427, 36.693, 37.053, 39.259, 41.506, 41.246, 23.331], [23.489, 18.926, 15.86, 13.934, 7.099, 0.0, 6.494, 12.581, 15.797, 17.241, 19.172, 21.34, 22.965, 24.3, 27.396, 30.613, 33.542, 35.324, 36.355, 37.991, 37.798, 37.222, 37.367, 37.161, 37.378, 37.388, 37.236, 37.131, 37.115, 36.686, 35.561, 35.226, 35.842, 36.052, 36.278, 36.451, 35.845, 36.024, 36.014, 36.298, 36.546, 36.426, 36.954, 37.472, 37.099, 36.284, 35.999, 36.212, 36.6, 38.966, 41.326, 41.029, 25.015], [24.827, 20.668, 18.052, 16.275, 11.248, 6.494, 0.0, 7.762, 12.254, 14.201, 16.547, 19.175, 21.137, 22.664, 26.068, 29.606, 32.807, 34.693, 35.83, 37.576, 37.373, 36.848, 37.021, 36.809, 37.025, 37.036, 36.958, 36.976, 37.044, 36.66, 35.524, 35.214, 35.836, 36.017, 36.25, 36.467, 35.871, 36.047, 36.035, 36.333, 36.57, 36.424, 36.951, 37.484, 37.119, 36.326, 36.081, 36.271, 36.651, 39.04, 41.419, 41.126, 25.917], [26.65, 22.925, 20.791, 19.051, 15.29, 12.581, 7.762, 0.0, 6.668, 10.595, 13.241, 16.282, 18.901, 20.828, 24.624, 28.605, 32.137, 34.189, 35.461, 37.282, 37.096, 36.717, 36.971, 36.772, 36.995, 36.999, 36.943, 37.073, 37.244, 36.939, 35.831, 35.546, 36.182, 36.333, 36.559, 36.876, 36.319, 36.431, 36.405, 36.699, 36.926, 36.76, 37.261, 37.795, 37.422, 36.667, 36.525, 36.745, 37.108, 39.471, 41.856, 41.561, 27.477], [27.977, 24.516, 22.604, 21.062, 17.901, 15.797, 12.254, 6.668, 0.0, 6.421, 10.409, 13.504, 16.405, 18.788, 23.085, 27.53, 31.342, 33.566, 35.05, 37.0, 36.812, 36.497, 36.809, 36.63, 36.913, 36.958, 36.895, 37.038, 37.254, 36.934, 35.745, 35.371, 35.986, 36.13, 36.363, 36.714, 36.169, 36.284, 36.248, 36.562, 36.859, 36.737, 37.26, 37.804, 37.449, 36.74, 36.655, 36.874, 37.25, 39.657, 42.073, 41.787, 28.544], [27.997, 24.766, 23.251, 21.945, 19.097, 17.241, 14.201, 10.595, 6.421, 0.0, 6.203, 10.731, 13.748, 16.401, 21.4, 26.172, 30.137, 32.475, 34.111, 36.207, 36.015, 35.784, 36.226, 36.102, 36.399, 36.425, 36.372, 36.557, 36.776, 36.398, 35.121, 34.717, 35.35, 35.503, 35.753, 36.123, 35.603, 35.814, 35.79, 36.162, 36.541, 36.469, 37.065, 37.609, 37.263, 36.551, 36.385, 36.496, 36.899, 39.45, 41.994, 41.726, 28.327], [28.417, 25.471, 24.507, 23.353, 20.716, 19.172, 16.547, 13.241, 10.409, 6.203, 0.0, 6.845, 11.223, 14.054, 19.486, 24.633, 28.845, 31.332, 33.079, 35.252, 35.073, 35.01, 35.638, 35.575, 35.861, 35.864, 35.838, 36.108, 36.382, 36.001, 34.755, 34.439, 35.113, 35.266, 35.514, 35.923, 35.491, 35.741, 35.718, 36.133, 36.538, 36.43, 37.019, 37.543, 37.194, 36.446, 36.182, 36.245, 36.675, 39.305, 41.919, 41.655, 28.617], [29.589, 26.872, 26.237, 25.184, 22.724, 21.34, 19.175, 16.282, 13.504, 10.731, 6.845, 0.0, 6.438, 11.275, 17.317, 22.762, 27.355, 30.116, 32.104, 34.404, 34.249, 34.393, 35.221, 35.191, 35.48, 35.512, 35.541, 35.91, 36.267, 35.881, 34.609, 34.306, 35.035, 35.224, 35.477, 35.859, 35.468, 35.721, 35.667, 36.083, 36.524, 36.389, 36.941, 37.474, 37.143, 36.394, 36.144, 36.243, 36.667, 39.247, 41.831, 41.582, 29.725], [30.523, 27.897, 27.375, 26.46, 24.209, 22.965, 21.137, 18.901, 16.405, 13.748, 11.223, 6.438, 0.0, 7.886, 15.765, 21.379, 26.193, 29.216, 31.411, 33.78, 33.633, 33.915, 34.84, 34.828, 35.124, 35.177, 35.25, 35.706, 36.115, 35.709, 34.381, 34.034, 34.768, 35.039, 35.366, 35.757, 35.43, 35.697, 35.629, 36.06, 36.538, 36.423, 36.961, 37.498, 37.166, 36.425, 36.222, 36.327, 36.701, 39.203, 41.77, 41.543, 30.608], [31.288, 28.822, 28.538, 27.685, 25.474, 24.3, 22.664, 20.828, 18.788, 16.401, 14.054, 11.275, 7.886, 0.0, 10.728, 18.316, 23.887, 27.201, 29.705, 32.263, 32.138, 32.637, 33.711, 33.749, 34.128, 34.276, 34.373, 34.868, 35.326, 34.914, 33.563, 33.249, 34.008, 34.348, 34.843, 35.4, 35.129, 35.405, 35.347, 35.856, 36.355, 36.231, 36.793, 37.323, 37.001, 36.251, 36.017, 36.069, 36.434, 38.982, 41.611, 41.407, 31.101], [32.941, 30.986, 31.149, 30.339, 28.379, 27.396, 26.068, 24.624, 23.085, 21.4, 19.486, 17.317, 15.765, 10.728, 0.0, 11.02, 19.098, 23.081, 26.295, 29.282, 29.281, 30.479, 31.986, 32.159, 32.592, 32.789, 32.94, 33.54, 34.177, 33.961, 32.833, 32.747, 33.627, 34.005, 34.646, 35.518, 35.435, 35.769, 35.709, 36.249, 36.705, 36.531, 37.09, 37.616, 37.333, 36.625, 36.401, 36.516, 36.858, 39.321, 41.912, 41.757, 32.539], [34.55, 32.971, 33.362, 32.632, 31.258, 30.613, 29.606, 28.605, 27.53, 26.172, 24.633, 22.762, 21.379, 18.316, 11.02, 0.0, 10.733, 16.518, 21.011, 24.697, 24.882, 27.354, 29.838, 30.417, 30.708, 30.562, 30.742, 31.632, 32.55, 32.692, 32.173, 32.636, 33.732, 34.158, 34.734, 36.099, 36.597, 36.983, 36.929, 37.289, 37.58, 37.321, 37.742, 38.221, 38.033, 37.542, 37.437, 37.568, 37.819, 39.896, 42.066, 41.946, 34.462], [36.41, 35.034, 35.511, 34.903, 33.952, 33.542, 32.807, 32.137, 31.342, 30.137, 28.845, 27.355, 26.193, 23.887, 19.098, 10.733, 0.0, 8.78, 16.333, 20.804, 21.213, 25.216, 28.803, 29.792, 29.822, 29.271, 29.37, 30.442, 31.536, 31.989, 32.149, 33.046, 34.244, 34.762, 35.293, 36.865, 37.913, 38.426, 38.408, 38.633, 38.782, 38.47, 38.774, 39.177, 39.078, 38.79, 38.722, 38.741, 38.937, 40.728, 42.464, 42.344, 36.514], [37.77, 36.524, 37.084, 36.579, 35.683, 35.324, 34.693, 34.189, 33.566, 32.475, 31.332, 30.116, 29.216, 27.201, 23.081, 16.518, 8.78, 0.0, 11.021, 17.143, 17.515, 22.696, 27.197, 28.444, 28.334, 27.604, 27.675, 28.851, 30.096, 30.778, 31.329, 32.478, 33.709, 34.2, 34.809, 36.657, 38.149, 38.817, 38.854, 39.172, 39.347, 39.029, 39.324, 39.715, 39.631, 39.377, 39.23, 39.07, 39.261, 41.167, 42.889, 42.759, 37.551], [38.344, 37.373, 38.078, 37.654, 36.687, 36.355, 35.83, 35.461, 35.05, 34.111, 33.079, 32.104, 31.411, 29.705, 26.295, 21.011, 16.333, 11.021, 0.0, 8.476, 9.701, 16.411, 22.418, 24.037, 23.988, 23.668, 24.436, 26.247, 27.954, 29.022, 30.042, 31.522, 32.894, 33.33, 34.021, 36.113, 37.615, 38.342, 38.418, 38.901, 39.254, 39.013, 39.351, 39.765, 39.693, 39.421, 39.275, 39.102, 39.279, 41.38, 43.31, 43.247, 37.565], [39.498, 38.703, 39.419, 39.042, 38.215, 37.991, 37.576, 37.282, 37.0, 36.207, 35.252, 34.404, 33.78, 32.263, 29.282, 24.697, 20.804, 17.143, 8.476, 0.0, 5.535, 14.416, 20.978, 22.778, 22.778, 22.977, 24.339, 26.548, 28.615, 30.058, 31.396, 32.969, 34.335, 34.817, 35.535, 37.509, 38.783, 39.428, 39.514, 40.023, 40.447, 40.267, 40.542, 40.91, 40.876, 40.639, 40.537, 40.474, 40.61, 42.505, 44.325, 44.324, 38.723], [39.501, 38.658, 39.35, 38.985, 38.085, 37.798, 37.373, 37.096, 36.812, 36.015, 35.073, 34.249, 33.633, 32.138, 29.281, 24.882, 21.213, 17.515, 9.701, 5.535, 0.0, 11.344, 19.154, 21.163, 21.072, 21.264, 22.745, 25.105, 27.298, 28.825, 30.316, 32.039, 33.48, 33.971, 34.71, 36.782, 38.167, 38.84, 38.924, 39.457, 39.908, 39.766, 40.132, 40.537, 40.504, 40.28, 40.204, 40.142, 40.277, 42.279, 44.169, 44.145, 38.569], [39.251, 38.482, 39.172, 38.862, 37.689, 37.222, 36.848, 36.717, 36.497, 35.784, 35.01, 34.393, 33.915, 32.637, 30.479, 27.354, 25.216, 22.696, 16.411, 14.416, 11.344, 0.0, 10.153, 13.962, 15.065, 16.492, 18.912, 21.674, 24.307, 26.242, 28.075, 30.044, 31.614, 32.083, 32.85, 35.029, 36.413, 37.154, 37.219, 37.954, 38.582, 38.577, 39.207, 39.736, 39.624, 39.31, 39.302, 39.343, 39.532, 41.828, 44.044, 44.017, 37.684], [39.495, 38.801, 39.485, 39.216, 37.915, 37.367, 37.021, 36.971, 36.809, 36.226, 35.638, 35.221, 34.84, 33.711, 31.986, 29.838, 28.803, 27.197, 22.418, 20.978, 19.154, 10.153, 0.0, 6.889, 10.967, 14.042, 17.198, 19.974, 22.89, 25.414, 27.503, 29.489, 31.06, 31.497, 32.276, 34.524, 35.921, 36.678, 36.746, 37.69, 38.459, 38.521, 39.273, 39.889, 39.718, 39.289, 39.303, 39.446, 39.677, 42.074, 44.468, 44.459, 37.613], [39.416, 38.699, 39.374, 39.111, 37.745, 37.161, 36.809, 36.772, 36.63, 36.102, 35.575, 35.191, 34.828, 33.749, 32.159, 30.417, 29.792, 28.444, 24.037, 22.778, 21.163, 13.962, 6.889, 0.0, 6.654, 12.142, 16.192, 19.249, 22.212, 24.906, 27.191, 29.105, 30.598, 31.022, 31.796, 34.035, 35.418, 36.208, 36.276, 37.283, 38.138, 38.268, 39.083, 39.764, 39.609, 39.161, 39.208, 39.367, 39.579, 42.046, 44.531, 44.522, 37.459], [39.49, 38.762, 39.466, 39.214, 37.921, 37.378, 37.025, 36.995, 36.913, 36.399, 35.861, 35.48, 35.124, 34.128, 32.592, 30.708, 29.822, 28.334, 23.988, 22.778, 21.072, 15.065, 10.967, 6.654, 0.0, 7.784, 13.524, 17.291, 20.565, 23.691, 26.606, 28.739, 30.259, 30.778, 31.554, 33.858, 35.497, 36.355, 36.435, 37.399, 38.192, 38.352, 39.197, 39.869, 39.763, 39.422, 39.483, 39.6, 39.792, 42.202, 44.575, 44.574, 37.674], [39.228, 38.503, 39.275, 39.025, 37.85, 37.388, 37.036, 36.999, 36.958, 36.425, 35.864, 35.512, 35.177, 34.276, 32.789, 30.562, 29.271, 27.604, 23.668, 22.977, 21.264, 16.492, 14.042, 12.142, 7.784, 0.0, 7.526, 12.828, 16.93, 20.781, 24.404, 26.983, 28.753, 29.451, 30.282, 32.946, 35.209, 36.204, 36.33, 37.323, 38.033, 38.148, 39.012, 39.682, 39.659, 39.467, 39.515, 39.542, 39.731, 42.091, 44.339, 44.321, 37.563], [38.86, 38.142, 38.966, 38.707, 37.607, 37.236, 36.958, 36.943, 36.895, 36.372, 35.838, 35.541, 35.25, 34.373, 32.94, 30.742, 29.37, 27.675, 24.436, 24.339, 22.745, 18.912, 17.198, 16.192, 13.524, 7.526, 0.0, 7.428, 13.323, 17.806, 21.927, 25.021, 27.04, 27.871, 28.787, 31.774, 34.561, 35.712, 35.872, 36.88, 37.559, 37.646, 38.519, 39.192, 39.246, 39.181, 39.272, 39.257, 39.48, 41.857, 44.072, 44.013, 37.276], [38.633, 37.94, 38.813, 38.561, 37.463, 37.131, 36.976, 37.073, 37.038, 36.557, 36.108, 35.91, 35.706, 34.868, 33.54, 31.632, 30.442, 28.851, 26.247, 26.548, 25.105, 21.674, 19.974, 19.249, 17.291, 12.828, 7.428, 0.0, 8.303, 14.835, 19.877, 23.434, 25.607, 26.503, 27.473, 30.698, 33.834, 35.093, 35.261, 36.296, 37.007, 37.122, 38.058, 38.75, 38.82, 38.815, 38.973, 39.019, 39.325, 41.8, 44.064, 44.005, 37.025], [38.603, 37.86, 38.7, 38.462, 37.402, 37.115, 37.044, 37.244, 37.254, 36.776, 36.382, 36.267, 36.115, 35.326, 34.177, 32.55, 31.536, 30.096, 27.954, 28.615, 27.298, 24.307, 22.89, 22.212, 20.565, 16.93, 13.323, 8.303, 0.0, 9.357, 16.809, 21.286, 23.735, 24.81, 25.811, 29.213, 32.769, 34.156, 34.347, 35.463, 36.241, 36.426, 37.476, 38.217, 38.313, 38.359, 38.604, 38.68, 39.027, 41.626, 43.944, 43.88, 37.027], [38.36, 37.49, 38.236, 37.988, 36.93, 36.686, 36.66, 36.939, 36.934, 36.398, 36.001, 35.881, 35.709, 34.914, 33.961, 32.692, 31.989, 30.778, 29.022, 30.058, 28.825, 26.242, 25.414, 24.906, 23.691, 20.781, 17.806, 14.835, 9.357, 0.0, 10.368, 16.956, 20.096, 21.511, 22.603, 26.274, 30.497, 32.19, 32.407, 33.7, 34.668, 35.014, 36.339, 37.2, 37.315, 37.382, 37.72, 37.724, 37.993, 40.789, 43.324, 43.198, 36.769], [37.608, 36.657, 37.385, 37.072, 35.828, 35.561, 35.524, 35.831, 35.745, 35.121, 34.755, 34.609, 34.381, 33.563, 32.833, 32.173, 32.149, 31.329, 30.042, 31.396, 30.316, 28.075, 27.503, 27.191, 26.606, 24.404, 21.927, 19.877, 16.809, 10.368, 0.0, 8.941, 13.933, 16.3, 17.851, 21.775, 26.479, 28.567, 28.812, 30.548, 31.905, 32.407, 34.157, 35.243, 35.341, 35.395, 35.971, 36.082, 36.34, 39.352, 42.301, 42.199, 35.893], [37.615, 36.633, 37.31, 36.963, 35.56, 35.226, 35.214, 35.546, 35.371, 34.717, 34.439, 34.306, 34.034, 33.249, 32.747, 32.636, 33.046, 32.478, 31.522, 32.969, 32.039, 30.044, 29.489, 29.105, 28.739, 26.983, 25.021, 23.434, 21.286, 16.956, 8.941, 0.0, 7.273, 11.657, 14.036, 18.194, 23.358, 25.863, 26.211, 28.289, 29.923, 30.542, 32.539, 33.795, 33.957, 34.034, 34.846, 35.249, 35.608, 38.598, 41.665, 41.678, 35.839], [38.42, 37.447, 37.991, 37.665, 36.256, 35.842, 35.836, 36.182, 35.986, 35.35, 35.113, 35.035, 34.768, 34.008, 33.627, 33.732, 34.244, 33.709, 32.894, 34.335, 33.48, 31.614, 31.06, 30.598, 30.259, 28.753, 27.04, 25.607, 23.735, 20.096, 13.933, 7.273, 0.0, 6.702, 10.661, 15.621, 21.884, 24.828, 25.3, 27.525, 29.252, 29.968, 32.089, 33.464, 33.743, 33.94, 34.877, 35.414, 35.819, 38.699, 41.69, 41.73, 36.598], [38.64, 37.725, 38.287, 37.972, 36.523, 36.052, 36.017, 36.333, 36.13, 35.503, 35.266, 35.224, 35.039, 34.348, 34.005, 34.158, 34.762, 34.2, 33.33, 34.817, 33.971, 32.083, 31.497, 31.022, 30.778, 29.451, 27.871, 26.503, 24.81, 21.511, 16.3, 11.657, 6.702, 0.0, 6.356, 13.847, 20.705, 23.733, 24.297, 26.699, 28.498, 29.274, 31.548, 33.056, 33.374, 33.665, 34.712, 35.255, 35.66, 38.538, 41.547, 41.596, 36.722], [38.772, 37.876, 38.438, 38.126, 36.723, 36.278, 36.25, 36.559, 36.363, 35.753, 35.514, 35.477, 35.366, 34.843, 34.646, 34.734, 35.293, 34.809, 34.021, 35.535, 34.71, 32.85, 32.276, 31.796, 31.554, 30.282, 28.787, 27.473, 25.811, 22.603, 17.851, 14.036, 10.661, 6.356, 0.0, 10.573, 19.324, 22.743, 23.327, 25.812, 27.69, 28.645, 31.182, 32.781, 33.118, 33.509, 34.739, 35.361, 35.729, 38.51, 41.483, 41.588, 36.916], [39.018, 38.166, 38.667, 38.356, 36.926, 36.451, 36.467, 36.876, 36.714, 36.123, 35.923, 35.859, 35.757, 35.4, 35.518, 36.099, 36.865, 36.657, 36.113, 37.509, 36.782, 35.029, 34.524, 34.035, 33.858, 32.946, 31.774, 30.698, 29.213, 26.274, 21.775, 18.194, 15.621, 13.847, 10.573, 0.0, 13.036, 18.973, 19.605, 22.473, 24.911, 26.316, 29.562, 31.458, 31.914, 32.535, 34.117, 35.125, 35.559, 38.153, 41.103, 41.32, 37.179], [38.667, 37.807, 38.226, 37.908, 36.383, 35.845, 35.871, 36.319, 36.169, 35.603, 35.491, 35.468, 35.43, 35.129, 35.435, 36.597, 37.913, 38.149, 37.615, 38.783, 38.167, 36.413, 35.921, 35.418, 35.497, 35.209, 34.561, 33.834, 32.769, 30.497, 26.479, 23.358, 21.884, 20.705, 19.324, 13.036, 0.0, 9.066, 10.558, 14.063, 17.833, 20.111, 24.454, 26.921, 27.596, 28.764, 31.232, 32.83, 33.355, 36.13, 39.431, 39.765, 36.826], [38.95, 37.972, 38.278, 37.979, 36.524, 36.024, 36.047, 36.431, 36.284, 35.814, 35.741, 35.721, 35.697, 35.405, 35.769, 36.983, 38.426, 38.817, 38.342, 39.428, 38.84, 37.154, 36.678, 36.208, 36.355, 36.204, 35.712, 35.093, 34.156, 32.19, 28.567, 25.863, 24.828, 23.733, 22.743, 18.973, 9.066, 0.0, 4.209, 9.413, 13.507, 16.106, 20.943, 23.708, 24.527, 26.191, 29.39, 31.266, 31.855, 34.831, 38.241, 38.564, 37.253], [38.986, 37.997, 38.257, 37.952, 36.506, 36.014, 36.035, 36.405, 36.248, 35.79, 35.718, 35.667, 35.629, 35.347, 35.709, 36.929, 38.408, 38.854, 38.418, 39.514, 38.924, 37.219, 36.746, 36.276, 36.435, 36.33, 35.872, 35.261, 34.347, 32.407, 28.812, 26.211, 25.3, 24.297, 23.327, 19.605, 10.558, 4.209, 0.0, 7.379, 12.191, 14.843, 19.837, 22.707, 23.561, 25.405, 28.865, 30.886, 31.496, 34.435, 37.833, 38.18, 37.303], [39.353, 38.29, 38.384, 38.036, 36.735, 36.298, 36.333, 36.699, 36.562, 36.162, 36.133, 36.083, 36.06, 35.856, 36.249, 37.289, 38.633, 39.172, 38.901, 40.023, 39.457, 37.954, 37.69, 37.283, 37.399, 37.323, 36.88, 36.296, 35.463, 33.7, 30.548, 28.289, 27.525, 26.699, 25.812, 22.473, 14.063, 9.413, 7.379, 0.0, 6.686, 11.252, 16.885, 19.854, 20.916, 23.493, 27.672, 29.978, 30.573, 33.409, 36.72, 37.09, 37.972], [39.585, 38.464, 38.485, 38.116, 36.945, 36.546, 36.57, 36.926, 36.859, 36.541, 36.538, 36.524, 36.538, 36.355, 36.705, 37.58, 38.782, 39.347, 39.254, 40.447, 39.908, 38.582, 38.459, 38.138, 38.192, 38.033, 37.559, 37.007, 36.241, 34.668, 31.905, 29.923, 29.252, 28.498, 27.69, 24.911, 17.833, 13.507, 12.191, 6.686, 0.0, 7.038, 14.04, 17.13, 18.331, 21.543, 26.291, 28.746, 29.364, 32.241, 35.524, 35.97, 38.479], [39.434, 38.314, 38.365, 37.975, 36.835, 36.426, 36.424, 36.76, 36.737, 36.469, 36.43, 36.389, 36.423, 36.231, 36.531, 37.321, 38.47, 39.029, 39.013, 40.267, 39.766, 38.577, 38.521, 38.268, 38.352, 38.148, 37.646, 37.122, 36.426, 35.014, 32.407, 30.542, 29.968, 29.274, 28.645, 26.316, 20.111, 16.106, 14.843, 11.252, 7.038, 0.0, 8.838, 13.332, 14.986, 18.727, 24.254, 27.108, 27.944, 31.017, 34.367, 34.929, 38.428], [39.865, 38.754, 38.737, 38.33, 37.325, 36.954, 36.951, 37.261, 37.26, 37.065, 37.019, 36.941, 36.961, 36.793, 37.09, 37.742, 38.774, 39.324, 39.351, 40.542, 40.132, 39.207, 39.273, 39.083, 39.197, 39.012, 38.519, 38.058, 37.476, 36.339, 34.157, 32.539, 32.089, 31.548, 31.182, 29.562, 24.454, 20.943, 19.837, 16.885, 14.04, 8.838, 0.0, 6.875, 10.445, 15.404, 22.215, 25.838, 27.012, 30.11, 33.31, 33.944, 39.032], [40.279, 39.174, 39.113, 38.702, 37.797, 37.472, 37.484, 37.795, 37.804, 37.609, 37.543, 37.474, 37.498, 37.323, 37.616, 38.221, 39.177, 39.715, 39.765, 40.91, 40.537, 39.736, 39.889, 39.764, 39.869, 39.682, 39.192, 38.75, 38.217, 37.2, 35.243, 33.795, 33.464, 33.056, 32.781, 31.458, 26.921, 23.708, 22.707, 19.854, 17.13, 13.332, 6.875, 0.0, 6.344, 13.398, 20.959, 25.072, 26.39, 29.405, 32.516, 33.158, 39.576], [39.928, 38.826, 38.81, 38.357, 37.4, 37.099, 37.119, 37.422, 37.449, 37.263, 37.194, 37.143, 37.166, 37.001, 37.333, 38.033, 39.078, 39.631, 39.693, 40.876, 40.504, 39.624, 39.718, 39.609, 39.763, 39.659, 39.246, 38.82, 38.313, 37.315, 35.341, 33.957, 33.743, 33.374, 33.118, 31.914, 27.596, 24.527, 23.561, 20.916, 18.331, 14.986, 10.445, 6.344, 0.0, 9.374, 18.954, 23.67, 25.096, 28.268, 31.545, 32.119, 39.239], [39.117, 38.164, 38.342, 37.795, 36.626, 36.284, 36.326, 36.667, 36.74, 36.551, 36.446, 36.394, 36.425, 36.251, 36.625, 37.542, 38.79, 39.377, 39.421, 40.639, 40.28, 39.31, 39.289, 39.161, 39.422, 39.467, 39.181, 38.815, 38.359, 37.382, 35.395, 34.034, 33.94, 33.665, 33.509, 32.535, 28.764, 26.191, 25.405, 23.493, 21.543, 18.727, 15.404, 13.398, 9.374, 0.0, 12.513, 19.305, 20.987, 24.381, 28.218, 28.837, 38.311], [38.855, 38.107, 38.475, 37.865, 36.427, 35.999, 36.081, 36.525, 36.655, 36.385, 36.182, 36.144, 36.222, 36.017, 36.401, 37.437, 38.722, 39.23, 39.275, 40.537, 40.204, 39.302, 39.303, 39.208, 39.483, 39.515, 39.272, 38.973, 38.604, 37.72, 35.971, 34.846, 34.877, 34.712, 34.739, 34.117, 31.232, 29.39, 28.865, 27.672, 26.291, 24.254, 22.215, 20.959, 18.954, 12.513, 0.0, 10.312, 13.292, 17.288, 22.228, 23.077, 37.883], [39.24, 38.475, 38.808, 38.215, 36.693, 36.212, 36.271, 36.745, 36.874, 36.496, 36.245, 36.243, 36.327, 36.069, 36.516, 37.568, 38.741, 39.07, 39.102, 40.474, 40.142, 39.343, 39.446, 39.367, 39.6, 39.542, 39.257, 39.019, 38.68, 37.724, 36.082, 35.249, 35.414, 35.255, 35.361, 35.125, 32.83, 31.266, 30.886, 29.978, 28.746, 27.108, 25.838, 25.072, 23.67, 19.305, 10.312, 0.0, 6.426, 14.807, 20.737, 21.385, 38.106], [39.635, 38.862, 39.128, 38.537, 37.053, 36.6, 36.651, 37.108, 37.25, 36.899, 36.675, 36.667, 36.701, 36.434, 36.858, 37.819, 38.937, 39.261, 39.279, 40.61, 40.277, 39.532, 39.677, 39.579, 39.792, 39.731, 39.48, 39.325, 39.027, 37.993, 36.34, 35.608, 35.819, 35.66, 35.729, 35.559, 33.355, 31.855, 31.496, 30.573, 29.364, 27.944, 27.012, 26.39, 25.096, 20.987, 13.292, 6.426, 0.0, 11.444, 18.761, 19.601, 38.496], [41.349, 40.771, 41.037, 40.435, 39.259, 38.966, 39.04, 39.471, 39.657, 39.45, 39.305, 39.247, 39.203, 38.982, 39.321, 39.896, 40.728, 41.167, 41.38, 42.505, 42.279, 41.828, 42.074, 42.046, 42.202, 42.091, 41.857, 41.8, 41.626, 40.789, 39.352, 38.598, 38.699, 38.538, 38.51, 38.153, 36.13, 34.831, 34.435, 33.409, 32.241, 31.017, 30.11, 29.405, 28.268, 24.381, 17.288, 14.807, 11.444, 0.0, 9.4, 12.464, 40.664], [43.337, 42.806, 42.943, 42.359, 41.506, 41.326, 41.419, 41.856, 42.073, 41.994, 41.919, 41.831, 41.77, 41.611, 41.912, 42.066, 42.464, 42.889, 43.31, 44.325, 44.169, 44.044, 44.468, 44.531, 44.575, 44.339, 44.072, 44.064, 43.944, 43.324, 42.301, 41.665, 41.69, 41.547, 41.483, 41.103, 39.431, 38.241, 37.833, 36.72, 35.524, 34.367, 33.31, 32.516, 31.545, 28.218, 22.228, 20.737, 18.761, 9.4, 0.0, 6.756, 43.058], [43.458, 42.801, 42.772, 42.167, 41.246, 41.029, 41.126, 41.561, 41.787, 41.726, 41.655, 41.582, 41.543, 41.407, 41.757, 41.946, 42.344, 42.759, 43.247, 44.324, 44.145, 44.017, 44.459, 44.522, 44.574, 44.321, 44.013, 44.005, 43.88, 43.198, 42.199, 41.678, 41.73, 41.596, 41.588, 41.32, 39.765, 38.564, 38.18, 37.09, 35.97, 34.929, 33.944, 33.158, 32.119, 28.837, 23.077, 21.385, 19.601, 12.464, 6.756, 0.0, 43.111], [11.117, 15.598, 22.518, 22.846, 23.331, 25.015, 25.917, 27.477, 28.544, 28.327, 28.617, 29.725, 30.608, 31.101, 32.539, 34.462, 36.514, 37.551, 37.565, 38.723, 38.569, 37.684, 37.613, 37.459, 37.674, 37.563, 37.276, 37.025, 37.027, 36.769, 35.893, 35.839, 36.598, 36.722, 36.916, 37.179, 36.826, 37.253, 37.303, 37.972, 38.479, 38.428, 39.032, 39.576, 39.239, 38.311, 37.883, 38.106, 38.496, 40.664, 43.058, 43.111, 0.0]]