[[0.0, 1.452, 2.345, 2.392, 1.674, 2.348, 2.696, 1.499, 1.258, 1.77, 3.655, 2.996, 3.115, 2.786, 2.745, 2.994, 2.319, 4.39, 3.438, 3.401, 4.469, 4.215, 2.288, 1.863, 2.272, 2.412, 3.272, 2.691, 1.948, 2.504, 3.103, 6.664, 9.899, 10.665, 14.224, 14.807, 15.156, 16.311, 17.493, 16.483, 15.28, 13.327, 11.89, 11.832, 11.039, 12.629, 14.089, 13.618, 13.669, 12.376, 10.39, 10.857, 10.785], [1.452, 0.0, 2.754, 3.404, 1.963, 2.688, 3.646, 1.915, 2.175, 3.018, 4.913, 4.127, 4.222, 3.688, 3.948, 4.148, 3.353, 5.544, 4.619, 4.358, 5.731, 5.41, 2.937, 2.604, 3.475, 3.379, 3.689, 3.221, 2.61, 1.723, 2.364, 5.395, 8.785, 9.573, 13.256, 14.016, 14.159, 15.47, 16.694, 15.684, 14.461, 12.518, 11.022, 10.764, 10.092, 11.529, 13.107, 12.751, 12.837, 11.541, 9.58, 10.081, 10.021], [2.345, 2.754, 0.0, 1.864, 2.507, 2.734, 1.934, 2.306, 2.488, 2.393, 3.3, 2.627, 4.232, 4.376, 3.387, 3.969, 3.504, 4.064, 4.518, 4.948, 5.07, 4.675, 3.904, 3.296, 3.318, 3.79, 4.851, 3.629, 2.797, 3.487, 4.38, 7.698, 11.039, 11.929, 15.53, 16.277, 16.515, 17.751, 18.957, 17.954, 16.684, 14.732, 13.339, 13.082, 12.358, 13.882, 15.578, 14.993, 15.069, 13.804, 11.802, 12.327, 12.096], [2.392, 3.404, 1.864, 0.0, 1.968, 2.474, 1.275, 2.348, 2.213, 1.568, 1.907, 1.314, 2.812, 2.97, 1.982, 2.564, 2.115, 2.854, 2.966, 3.386, 3.691, 3.253, 2.596, 2.441, 2.112, 2.567, 3.569, 2.444, 1.664, 3.994, 5.211, 8.542, 11.832, 12.665, 16.299, 17.074, 17.247, 18.547, 19.765, 18.751, 17.553, 15.605, 14.172, 13.804, 13.101, 14.686, 16.302, 15.79, 15.877, 14.599, 12.599, 13.124, 12.893], [1.674, 1.963, 2.507, 1.968, 0.0, 1.486, 2.163, 1.057, 1.444, 2.065, 3.535, 2.814, 3.151, 2.773, 2.662, 3.181, 2.399, 4.12, 3.404, 3.249, 4.726, 4.374, 2.051, 1.799, 2.554, 2.567, 2.766, 1.974, 1.233, 2.488, 3.67, 6.735, 10.091, 10.871, 14.705, 15.483, 15.515, 16.958, 18.174, 17.159, 15.98, 14.031, 12.523, 12.083, 11.487, 13.124, 14.74, 14.188, 14.288, 13.007, 11.007, 11.533, 11.301], [2.348, 2.688, 2.734, 2.474, 1.486, 0.0, 1.937, 1.735, 2.045, 2.703, 3.729, 2.928, 3.435, 3.144, 2.853, 3.663, 2.918, 4.041, 3.893, 3.783, 5.088, 4.652, 2.609, 2.689, 3.04, 3.107, 3.17, 2.075, 1.663, 3.446, 4.366, 7.519, 10.692, 11.698, 15.408, 16.12, 16.168, 17.701, 18.795, 17.847, 16.729, 14.736, 13.238, 12.72, 12.113, 13.891, 15.507, 14.829, 14.921, 13.677, 11.684, 12.23, 11.94], [2.696, 3.646, 1.934, 1.275, 2.163, 1.937, 0.0, 2.543, 2.669, 2.026, 2.481, 1.766, 3.299, 3.414, 2.475, 3.264, 2.674, 3.383, 3.664, 3.99, 4.354, 3.937, 3.0, 2.926, 2.84, 3.126, 4.107, 2.916, 2.168, 4.431, 5.579, 8.63, 11.908, 12.816, 16.619, 17.413, 17.413, 18.856, 20.075, 19.06, 17.884, 15.935, 14.432, 13.935, 13.392, 15.003, 16.619, 16.094, 16.189, 14.939, 12.977, 13.478, 13.233], [1.499, 1.915, 2.306, 2.348, 1.057, 1.735, 2.543, 0.0, 1.243, 2.142, 3.779, 3.037, 3.382, 3.006, 2.939, 3.356, 2.545, 4.295, 3.585, 3.283, 4.957, 4.562, 2.315, 1.681, 2.763, 2.798, 2.92, 2.172, 1.594, 2.377, 3.326, 6.655, 9.747, 10.735, 14.27, 14.955, 15.236, 16.533, 17.647, 16.679, 15.561, 13.576, 12.226, 11.769, 11.062, 12.772, 14.444, 13.714, 13.771, 12.516, 10.479, 11.04, 10.774], [1.258, 2.175, 2.488, 2.213, 1.444, 2.045, 2.669, 1.243, 0.0, 1.296, 2.966, 2.689, 2.774, 2.517, 2.334, 2.738, 1.987, 3.973, 2.927, 2.83, 4.244, 3.981, 2.166, 1.692, 2.03, 2.337, 2.71, 2.205, 1.54, 2.652, 3.437, 7.311, 10.448, 11.277, 14.642, 14.983, 15.666, 16.643, 17.648, 16.784, 15.686, 13.7, 12.515, 12.315, 11.461, 13.231, 14.751, 13.754, 13.779, 12.762, 10.459, 11.116, 10.742], [1.77, 3.018, 2.393, 1.568, 2.065, 2.703, 2.026, 2.142, 1.296, 0.0, 2.041, 1.97, 2.567, 2.264, 2.054, 2.194, 1.634, 3.51, 2.512, 2.756, 3.517, 3.245, 2.444, 2.119, 1.832, 2.34, 2.815, 2.558, 1.908, 3.413, 4.435, 8.329, 11.461, 12.301, 15.633, 15.937, 16.657, 17.546, 18.5, 17.641, 16.477, 14.674, 13.476, 13.339, 12.452, 14.232, 15.704, 14.739, 14.689, 13.726, 11.387, 11.913, 11.66], [3.655, 4.913, 3.3, 1.907, 3.535, 3.729, 2.481, 3.779, 2.966, 2.041, 0.0, 1.231, 2.415, 2.384, 1.828, 2.202, 2.079, 2.742, 2.543, 3.01, 3.038, 2.778, 3.2, 3.434, 2.156, 2.735, 3.252, 2.786, 2.704, 5.28, 6.359, 10.192, 13.331, 14.201, 17.576, 17.888, 18.601, 19.523, 20.481, 19.621, 18.48, 16.62, 15.43, 15.25, 14.396, 16.168, 17.658, 16.684, 16.633, 15.677, 13.336, 13.91, 13.519], [2.996, 4.127, 2.627, 1.314, 2.814, 2.928, 1.766, 3.037, 2.689, 1.97, 1.231, 0.0, 1.875, 2.192, 1.186, 1.965, 1.913, 2.102, 2.306, 2.798, 2.857, 2.37, 2.453, 2.785, 1.867, 2.13, 3.048, 2.156, 2.023, 4.617, 5.743, 9.366, 12.481, 13.426, 16.863, 17.487, 17.866, 19.057, 20.178, 19.203, 18.086, 16.092, 14.74, 14.456, 13.672, 15.41, 16.978, 16.234, 16.313, 15.046, 13.024, 13.556, 13.312], [3.115, 4.222, 4.232, 2.812, 3.151, 3.435, 3.299, 3.382, 2.774, 2.567, 2.415, 1.875, 0.0, 1.243, 1.349, 1.533, 1.63, 2.142, 1.335, 1.658, 2.053, 1.767, 2.071, 2.557, 1.7, 1.362, 2.035, 1.964, 2.34, 4.619, 5.637, 9.5, 12.63, 13.455, 16.612, 17.054, 17.617, 18.505, 19.626, 18.613, 17.505, 15.728, 14.509, 14.433, 13.46, 15.164, 16.596, 16.043, 15.924, 14.808, 12.616, 13.023, 13.215], [2.786, 3.688, 4.376, 2.97, 2.773, 3.144, 3.414, 3.006, 2.517, 2.264, 2.384, 2.192, 1.243, 0.0, 1.424, 1.593, 1.446, 2.774, 1.619, 1.613, 2.778, 2.579, 1.823, 2.412, 1.747, 1.696, 1.521, 1.746, 1.995, 4.052, 5.129, 9.003, 12.165, 12.958, 16.209, 16.605, 17.309, 18.1, 19.109, 18.198, 16.95, 15.236, 14.033, 13.979, 13.119, 14.804, 16.241, 15.508, 15.38, 14.387, 12.099, 12.481, 12.508], [2.745, 3.948, 3.387, 1.982, 2.662, 2.853, 2.475, 2.939, 2.334, 2.054, 1.828, 1.186, 1.349, 1.424, 0.0, 1.471, 1.376, 1.856, 1.848, 2.155, 2.689, 2.292, 2.03, 2.461, 1.516, 1.705, 2.563, 1.967, 1.865, 4.321, 5.392, 9.142, 12.408, 13.221, 16.604, 17.157, 17.698, 18.734, 19.834, 18.919, 17.714, 15.676, 14.452, 14.289, 13.508, 15.123, 16.74, 15.936, 15.942, 14.866, 12.649, 13.254, 12.941], [2.994, 4.148, 3.969, 2.564, 3.181, 3.663, 3.264, 3.356, 2.738, 2.194, 2.202, 1.965, 1.533, 1.593, 1.471, 0.0, 1.053, 2.142, 1.153, 1.429, 2.051, 1.923, 2.137, 2.405, 1.165, 1.406, 2.528, 2.659, 2.452, 4.431, 5.49, 9.368, 12.614, 13.37, 16.627, 17.032, 17.727, 18.568, 19.594, 18.682, 17.407, 15.568, 14.391, 14.415, 13.538, 15.135, 16.652, 15.929, 15.796, 14.808, 12.514, 12.966, 12.972], [2.319, 3.353, 3.504, 2.115, 2.399, 2.918, 2.674, 2.545, 1.987, 1.634, 2.079, 1.913, 1.63, 1.446, 1.376, 1.053, 0.0, 2.904, 1.562, 1.67, 2.949, 2.776, 1.63, 1.662, 1.022, 1.271, 2.201, 2.246, 1.724, 3.584, 4.766, 8.554, 11.72, 12.521, 15.856, 16.268, 16.956, 17.816, 18.847, 17.927, 16.674, 14.773, 13.611, 13.579, 12.767, 14.327, 15.89, 15.109, 15.028, 14.031, 11.764, 12.232, 12.135], [4.39, 5.544, 4.064, 2.854, 4.12, 4.041, 3.383, 4.295, 3.973, 3.51, 2.742, 2.102, 2.142, 2.774, 1.856, 2.142, 2.904, 0.0, 2.018, 3.005, 1.527, 1.576, 3.515, 4.088, 2.613, 3.016, 3.835, 2.856, 3.189, 5.937, 7.058, 10.659, 13.846, 14.817, 18.236, 18.818, 19.324, 20.388, 21.485, 20.555, 19.367, 17.362, 16.105, 15.884, 15.135, 16.768, 18.385, 17.584, 17.619, 16.511, 14.318, 14.892, 14.612], [3.438, 4.619, 4.518, 2.966, 3.404, 3.893, 3.664, 3.585, 2.927, 2.512, 2.543, 2.306, 1.335, 1.619, 1.848, 1.153, 1.562, 2.018, 0.0, 1.433, 1.834, 1.742, 2.346, 2.866, 1.579, 1.631, 2.525, 2.46, 2.696, 4.848, 5.926, 9.849, 12.977, 13.773, 17.048, 17.408, 18.107, 18.954, 19.961, 19.05, 17.883, 16.089, 14.892, 14.797, 13.917, 15.657, 17.102, 16.308, 16.175, 15.186, 12.875, 13.324, 13.243], [3.401, 4.358, 4.948, 3.386, 3.249, 3.783, 3.99, 3.283, 2.83, 2.756, 3.01, 2.798, 1.658, 1.613, 2.155, 1.429, 1.67, 3.005, 1.433, 0.0, 2.52, 2.365, 1.881, 2.161, 2.006, 1.435, 1.678, 2.402, 2.536, 4.11, 5.478, 9.217, 12.32, 12.987, 16.084, 16.452, 17.165, 17.872, 18.835, 17.915, 16.681, 15.174, 14.106, 14.016, 13.053, 14.677, 16.145, 15.585, 15.288, 14.37, 11.905, 12.206, 12.743], [4.469, 5.731, 5.07, 3.691, 4.726, 5.088, 4.354, 4.957, 4.244, 3.517, 3.038, 2.857, 2.053, 2.778, 2.689, 2.051, 2.949, 1.527, 1.834, 2.52, 0.0, 0.941, 3.498, 3.955, 2.673, 2.719, 3.346, 3.496, 3.897, 6.024, 7.137, 11.045, 14.249, 14.929, 18.071, 18.477, 19.163, 19.988, 21.043, 20.107, 18.938, 17.164, 16.024, 15.966, 14.998, 16.669, 18.098, 17.537, 17.351, 16.327, 13.977, 14.44, 14.775], [4.215, 5.41, 4.675, 3.253, 4.374, 4.652, 3.937, 4.562, 3.981, 3.245, 2.778, 2.37, 1.767, 2.579, 2.292, 1.923, 2.776, 1.576, 1.742, 2.365, 0.941, 0.0, 3.191, 3.658, 2.537, 2.588, 3.145, 3.138, 3.623, 5.717, 6.859, 10.729, 13.856, 14.598, 17.74, 18.204, 18.765, 19.796, 20.891, 19.949, 18.851, 16.927, 15.724, 15.603, 14.606, 16.344, 17.863, 17.211, 17.099, 15.983, 13.736, 14.294, 14.539], [2.288, 2.937, 3.904, 2.596, 2.051, 2.609, 3.0, 2.315, 2.166, 2.444, 3.2, 2.453, 2.071, 1.823, 2.03, 2.137, 1.63, 3.515, 2.346, 1.881, 3.498, 3.191, 0.0, 1.538, 2.035, 1.426, 2.021, 1.998, 1.504, 2.995, 4.376, 7.883, 11.091, 11.74, 15.335, 15.933, 16.32, 17.406, 18.617, 17.609, 16.368, 14.423, 13.05, 12.94, 12.163, 13.582, 15.072, 14.724, 14.781, 13.484, 11.481, 11.983, 12.102], [1.863, 2.604, 3.296, 2.441, 1.799, 2.689, 2.926, 1.681, 1.692, 2.119, 3.434, 2.785, 2.557, 2.412, 2.461, 2.405, 1.662, 4.088, 2.866, 2.161, 3.955, 3.658, 1.538, 0.0, 2.082, 1.838, 2.168, 2.487, 1.917, 2.417, 3.834, 7.36, 10.491, 11.129, 14.411, 15.055, 15.456, 16.561, 17.733, 16.735, 15.512, 13.494, 12.245, 12.186, 11.324, 12.901, 14.436, 13.995, 13.935, 12.674, 10.571, 11.097, 11.436], [2.272, 3.475, 3.318, 2.112, 2.554, 3.04, 2.84, 2.763, 2.03, 1.832, 2.156, 1.867, 1.7, 1.747, 1.516, 1.165, 1.022, 2.613, 1.579, 2.006, 2.673, 2.537, 2.035, 2.082, 0.0, 1.249, 2.337, 2.095, 1.788, 3.788, 4.794, 8.679, 11.926, 12.696, 15.989, 16.392, 17.089, 17.958, 18.998, 18.073, 16.831, 14.952, 13.761, 13.756, 12.9, 14.511, 16.018, 15.258, 15.165, 14.163, 11.882, 12.386, 12.221], [2.412, 3.379, 3.79, 2.567, 2.567, 3.107, 3.126, 2.798, 2.337, 2.34, 2.735, 2.13, 1.362, 1.696, 1.705, 1.406, 1.271, 3.016, 1.631, 1.435, 2.719, 2.588, 1.426, 1.838, 1.249, 0.0, 1.913, 2.006, 1.848, 3.661, 4.772, 8.521, 11.787, 12.438, 15.815, 16.29, 16.827, 17.662, 18.794, 17.798, 16.497, 14.854, 13.544, 13.584, 12.67, 14.193, 15.644, 15.257, 15.174, 13.966, 11.792, 12.148, 12.463], [3.272, 3.689, 4.851, 3.569, 2.766, 3.17, 4.107, 2.92, 2.71, 2.815, 3.252, 3.048, 2.035, 1.521, 2.563, 2.528, 2.201, 3.835, 2.525, 1.678, 3.346, 3.145, 2.021, 2.168, 2.337, 1.913, 0.0, 1.566, 2.247, 3.089, 4.468, 8.269, 11.204, 11.929, 15.057, 15.374, 16.075, 16.85, 17.821, 16.921, 15.765, 14.161, 13.043, 12.934, 11.93, 13.655, 15.113, 14.457, 14.236, 13.27, 10.86, 11.2, 11.697], [2.691, 3.221, 3.629, 2.444, 1.974, 2.075, 2.916, 2.172, 2.205, 2.558, 2.786, 2.156, 1.964, 1.746, 1.967, 2.659, 2.246, 2.856, 2.46, 2.402, 3.496, 3.138, 1.998, 2.487, 2.095, 2.006, 1.566, 0.0, 1.132, 3.355, 4.475, 8.077, 11.156, 12.168, 15.654, 16.195, 16.623, 17.778, 18.876, 17.917, 16.799, 14.825, 13.501, 13.219, 12.425, 14.165, 15.745, 14.962, 15.005, 13.784, 11.718, 12.27, 12.003], [1.948, 2.61, 2.797, 1.664, 1.233, 1.663, 2.168, 1.594, 1.54, 1.908, 2.704, 2.023, 2.34, 1.995, 1.865, 2.452, 1.724, 3.189, 2.696, 2.536, 3.897, 3.623, 1.504, 1.917, 1.788, 1.848, 2.247, 1.132, 0.0, 3.067, 4.138, 7.655, 10.887, 11.809, 15.376, 15.968, 16.391, 17.441, 18.658, 17.644, 16.447, 14.507, 13.159, 12.967, 12.225, 13.775, 15.286, 14.749, 14.823, 13.523, 11.518, 12.017, 11.787], [2.504, 1.723, 3.487, 3.994, 2.488, 3.446, 4.431, 2.377, 2.652, 3.413, 5.28, 4.617, 4.619, 4.052, 4.321, 4.431, 3.584, 5.937, 4.848, 4.11, 6.024, 5.717, 2.995, 2.417, 3.788, 3.661, 3.089, 3.355, 3.067, 0.0, 2.256, 5.428, 8.26, 8.984, 12.46, 13.142, 13.469, 14.694, 15.833, 14.859, 13.652, 11.655, 10.261, 10.063, 9.284, 10.973, 12.495, 11.913, 11.959, 10.718, 8.666, 9.213, 9.281], [3.103, 2.364, 4.38, 5.211, 3.67, 4.366, 5.579, 3.326, 3.437, 4.435, 6.359, 5.743, 5.637, 5.129, 5.392, 5.49, 4.766, 7.058, 5.926, 5.478, 7.137, 6.859, 4.376, 3.834, 4.794, 4.772, 4.468, 4.475, 4.138, 2.256, 0.0, 3.982, 7.197, 7.954, 11.383, 11.942, 12.392, 13.504, 14.633, 13.669, 12.444, 10.456, 9.087, 9.029, 8.219, 9.862, 11.377, 10.73, 10.787, 9.559, 7.481, 8.023, 7.961], [6.664, 5.395, 7.698, 8.542, 6.735, 7.519, 8.63, 6.655, 7.311, 8.329, 10.192, 9.366, 9.5, 9.003, 9.142, 9.368, 8.554, 10.659, 9.849, 9.217, 11.045, 10.729, 7.883, 7.36, 8.679, 8.521, 8.269, 8.077, 7.655, 5.428, 3.982, 0.0, 4.107, 4.916, 8.745, 9.528, 9.551, 10.977, 12.201, 11.193, 9.934, 7.941, 6.467, 6.137, 5.511, 6.825, 8.557, 8.219, 8.309, 7.052, 5.127, 5.599, 5.513], [9.899, 8.785, 11.039, 11.832, 10.091, 10.692, 11.908, 9.747, 10.448, 11.461, 13.331, 12.481, 12.63, 12.165, 12.408, 12.614, 11.72, 13.846, 12.977, 12.32, 14.249, 13.856, 11.091, 10.491, 11.926, 11.787, 11.204, 11.156, 10.887, 8.26, 7.197, 4.107, 0.0, 1.62, 4.826, 5.564, 5.677, 7.07, 8.209, 7.224, 6.112, 4.121, 2.831, 2.423, 2.122, 3.392, 4.846, 4.297, 4.333, 3.104, 2.406, 2.7, 2.824], [10.665, 9.573, 11.929, 12.665, 10.871, 11.698, 12.816, 10.735, 11.277, 12.301, 14.201, 13.426, 13.455, 12.958, 13.221, 13.37, 12.521, 14.817, 13.773, 12.987, 14.929, 14.598, 11.74, 11.129, 12.696, 12.438, 11.929, 12.168, 11.809, 8.984, 7.954, 4.916, 1.62, 0.0, 3.914, 4.698, 4.716, 6.171, 7.389, 6.374, 5.189, 3.294, 2.4, 1.741, 1.778, 2.502, 3.941, 4.023, 3.891, 2.396, 1.816, 2.107, 2.821], [14.224, 13.256, 15.53, 16.299, 14.705, 15.408, 16.619, 14.27, 14.642, 15.633, 17.576, 16.863, 16.612, 16.209, 16.604, 16.627, 15.856, 18.236, 17.048, 16.084, 18.071, 17.74, 15.335, 14.411, 15.989, 15.815, 15.057, 15.654, 15.376, 12.46, 11.383, 8.745, 4.826, 3.914, 0.0, 1.586, 1.407, 2.365, 3.479, 2.552, 1.739, 2.117, 3.136, 2.914, 3.547, 2.372, 1.337, 2.263, 2.497, 2.287, 4.32, 4.215, 4.431], [14.807, 14.016, 16.277, 17.074, 15.483, 16.12, 17.413, 14.955, 14.983, 15.937, 17.888, 17.487, 17.054, 16.605, 17.157, 17.032, 16.268, 18.818, 17.408, 16.452, 18.477, 18.204, 15.933, 15.055, 16.392, 16.29, 15.374, 16.195, 15.968, 13.142, 11.942, 9.528, 5.564, 4.698, 1.586, 0.0, 1.581, 2.42, 2.799, 2.129, 2.068, 2.417, 3.462, 3.559, 4.146, 2.947, 1.998, 2.265, 1.94, 2.644, 4.655, 4.523, 4.539], [15.156, 14.159, 16.515, 17.247, 15.515, 16.168, 17.413, 15.236, 15.666, 16.657, 18.601, 17.866, 17.617, 17.309, 17.698, 17.727, 16.956, 19.324, 18.107, 17.165, 19.163, 18.765, 16.32, 15.456, 17.089, 16.827, 16.075, 16.623, 16.391, 13.469, 12.392, 9.551, 5.677, 4.716, 1.407, 1.581, 0.0, 1.929, 2.787, 1.976, 1.739, 2.427, 3.501, 3.618, 4.305, 3.103, 1.621, 2.304, 2.492, 2.971, 5.342, 5.231, 5.128], [16.311, 15.47, 17.751, 18.547, 16.958, 17.701, 18.856, 16.533, 16.643, 17.546, 19.523, 19.057, 18.505, 18.1, 18.734, 18.568, 17.816, 20.388, 18.954, 17.872, 19.988, 19.796, 17.406, 16.561, 17.958, 17.662, 16.85, 17.778, 17.441, 14.694, 13.504, 10.977, 7.07, 6.171, 2.365, 2.42, 1.929, 0.0, 1.483, 1.396, 1.759, 3.161, 4.58, 5.009, 5.621, 4.258, 2.489, 3.354, 3.562, 4.052, 6.261, 5.724, 6.097], [17.493, 16.694, 18.957, 19.765, 18.174, 18.795, 20.075, 17.647, 17.648, 18.5, 20.481, 20.178, 19.626, 19.109, 19.834, 19.594, 18.847, 21.485, 19.961, 18.835, 21.043, 20.891, 18.617, 17.733, 18.998, 18.794, 17.821, 18.876, 18.658, 15.833, 14.633, 12.201, 8.209, 7.389, 3.479, 2.799, 2.787, 1.483, 0.0, 1.31, 2.422, 4.32, 5.739, 6.165, 6.719, 5.437, 3.681, 4.233, 4.149, 5.168, 7.257, 6.715, 7.055], [16.483, 15.684, 17.954, 18.751, 17.159, 17.847, 19.06, 16.679, 16.784, 17.641, 19.621, 19.203, 18.613, 18.198, 18.919, 18.682, 17.927, 20.555, 19.05, 17.915, 20.107, 19.949, 17.609, 16.735, 18.073, 17.798, 16.921, 17.917, 17.644, 14.859, 13.669, 11.193, 7.224, 6.374, 2.552, 2.129, 1.976, 1.396, 1.31, 0.0, 1.398, 3.427, 4.745, 5.179, 5.781, 4.431, 2.703, 3.357, 3.348, 4.196, 6.393, 5.728, 6.184], [15.28, 14.461, 16.684, 17.553, 15.98, 16.729, 17.884, 15.561, 15.686, 16.477, 18.48, 18.086, 17.505, 16.95, 17.714, 17.407, 16.674, 19.367, 17.883, 16.681, 18.938, 18.851, 16.368, 15.512, 16.831, 16.497, 15.765, 16.799, 16.447, 13.652, 12.444, 9.934, 6.112, 5.189, 1.739, 2.068, 1.739, 1.759, 2.422, 1.398, 0.0, 2.357, 3.581, 4.057, 4.688, 3.249, 1.745, 2.837, 3.053, 3.149, 5.293, 4.57, 5.061], [13.327, 12.518, 14.732, 15.605, 14.031, 14.736, 15.935, 13.576, 13.7, 14.674, 16.62, 16.092, 15.728, 15.236, 15.676, 15.568, 14.773, 17.362, 16.089, 15.174, 17.164, 16.927, 14.423, 13.494, 14.952, 14.854, 14.161, 14.825, 14.507, 11.655, 10.456, 7.941, 4.121, 3.294, 2.117, 2.417, 2.427, 3.161, 4.32, 3.427, 2.357, 0.0, 1.792, 2.26, 2.815, 1.996, 1.78, 2.398, 2.862, 2.012, 3.591, 3.45, 3.159], [11.89, 11.022, 13.339, 14.172, 12.523, 13.238, 14.432, 12.226, 12.515, 13.476, 15.43, 14.74, 14.509, 14.033, 14.452, 14.391, 13.611, 16.105, 14.892, 14.106, 16.024, 15.724, 13.05, 12.245, 13.761, 13.544, 13.043, 13.501, 13.159, 10.261, 9.087, 6.467, 2.831, 2.4, 3.136, 3.462, 3.501, 4.58, 5.739, 4.745, 3.581, 1.792, 0.0, 1.514, 1.526, 2.135, 2.716, 2.467, 3.206, 1.906, 3.069, 2.617, 1.992], [11.832, 10.764, 13.082, 13.804, 12.083, 12.72, 13.935, 11.769, 12.315, 13.339, 15.25, 14.456, 14.433, 13.979, 14.289, 14.415, 13.579, 15.884, 14.797, 14.016, 15.966, 15.603, 12.94, 12.186, 13.756, 13.584, 12.934, 13.219, 12.967, 10.063, 9.029, 6.137, 2.423, 1.741, 2.914, 3.559, 3.618, 5.009, 6.165, 5.179, 4.057, 2.26, 1.514, 0.0, 1.416, 1.5, 2.904, 2.975, 3.077, 1.852, 2.578, 2.297, 2.42], [11.039, 10.092, 12.358, 13.101, 11.487, 12.113, 13.392, 11.062, 11.461, 12.452, 14.396, 13.672, 13.46, 13.119, 13.508, 13.538, 12.767, 15.135, 13.917, 13.053, 14.998, 14.606, 12.163, 11.324, 12.9, 12.67, 11.93, 12.425, 12.225, 9.284, 8.219, 5.511, 2.122, 1.778, 3.547, 4.146, 4.305, 5.621, 6.719, 5.781, 4.688, 2.815, 1.526, 1.416, 0.0, 2.071, 3.492, 3.112, 3.468, 1.904, 2.331, 1.807, 1.893], [12.629, 11.529, 13.882, 14.686, 13.124, 13.891, 15.003, 12.772, 13.231, 14.232, 16.168, 15.41, 15.164, 14.804, 15.123, 15.135, 14.327, 16.768, 15.657, 14.677, 16.669, 16.344, 13.582, 12.901, 14.511, 14.193, 13.655, 14.165, 13.775, 10.973, 9.862, 6.825, 3.392, 2.502, 2.372, 2.947, 3.103, 4.258, 5.437, 4.431, 3.249, 1.996, 2.135, 1.5, 2.071, 0.0, 2.083, 2.674, 2.6, 1.557, 3.13, 2.863, 3.293], [14.089, 13.107, 15.578, 16.302, 14.74, 15.507, 16.619, 14.444, 14.751, 15.704, 17.658, 16.978, 16.596, 16.241, 16.74, 16.652, 15.89, 18.385, 17.102, 16.145, 18.098, 17.863, 15.072, 14.436, 16.018, 15.644, 15.113, 15.745, 15.286, 12.495, 11.377, 8.557, 4.846, 3.941, 1.337, 1.998, 1.621, 2.489, 3.681, 2.703, 1.745, 1.78, 2.716, 2.904, 3.492, 2.083, 0.0, 2.119, 2.547, 2.095, 4.512, 4.358, 4.331], [13.618, 12.751, 14.993, 15.79, 14.188, 14.829, 16.094, 13.714, 13.754, 14.739, 16.684, 16.234, 16.043, 15.508, 15.936, 15.929, 15.109, 17.584, 16.308, 15.585, 17.537, 17.211, 14.724, 13.995, 15.258, 15.257, 14.457, 14.962, 14.749, 11.913, 10.73, 8.219, 4.297, 4.023, 2.263, 2.265, 2.304, 3.354, 4.233, 3.357, 2.837, 2.398, 2.467, 2.975, 3.112, 2.674, 2.119, 0.0, 1.529, 1.841, 4.572, 4.315, 3.274], [13.669, 12.837, 15.069, 15.877, 14.288, 14.921, 16.189, 13.771, 13.779, 14.689, 16.633, 16.313, 15.924, 15.38, 15.942, 15.796, 15.028, 17.619, 16.175, 15.288, 17.351, 17.099, 14.781, 13.935, 15.165, 15.174, 14.236, 15.005, 14.823, 11.959, 10.787, 8.309, 4.333, 3.891, 2.497, 1.94, 2.492, 3.562, 4.149, 3.348, 3.053, 2.862, 3.206, 3.077, 3.468, 2.6, 2.547, 1.529, 0.0, 1.936, 4.201, 3.983, 3.921], [12.376, 11.541, 13.804, 14.599, 13.007, 13.677, 14.939, 12.516, 12.762, 13.726, 15.677, 15.046, 14.808, 14.387, 14.866, 14.808, 14.031, 16.511, 15.186, 14.37, 16.327, 15.983, 13.484, 12.674, 14.163, 13.966, 13.27, 13.784, 13.523, 10.718, 9.559, 7.052, 3.104, 2.396, 2.287, 2.644, 2.971, 4.052, 5.168, 4.196, 3.149, 2.012, 1.906, 1.852, 1.904, 1.557, 2.095, 1.841, 1.936, 0.0, 2.985, 2.642, 2.854], [10.39, 9.58, 11.802, 12.599, 11.007, 11.684, 12.977, 10.479, 10.459, 11.387, 13.336, 13.024, 12.616, 12.099, 12.649, 12.514, 11.764, 14.318, 12.875, 11.905, 13.977, 13.736, 11.481, 10.571, 11.882, 11.792, 10.86, 11.718, 11.518, 8.666, 7.481, 5.127, 2.406, 1.816, 4.32, 4.655, 5.342, 6.261, 7.257, 6.393, 5.293, 3.591, 3.069, 2.578, 2.331, 3.13, 4.512, 4.572, 4.201, 2.985, 0.0, 1.6, 2.831], [10.857, 10.081, 12.327, 13.124, 11.533, 12.23, 13.478, 11.04, 11.116, 11.913, 13.91, 13.556, 13.023, 12.481, 13.254, 12.966, 12.232, 14.892, 13.324, 12.206, 14.44, 14.294, 11.983, 11.097, 12.386, 12.148, 11.2, 12.27, 12.017, 9.213, 8.023, 5.599, 2.7, 2.107, 4.215, 4.523, 5.231, 5.724, 6.715, 5.728, 4.57, 3.45, 2.617, 2.297, 1.807, 2.863, 4.358, 4.315, 3.983, 2.642, 1.6, 0.0, 2.07], [10.785, 10.021, 12.096, 12.893, 11.301, 11.94, 13.233, 10.774, 10.742, 11.66, 13.519, 13.312, 13.215, 12.508, 12.941, 12.972, 12.135, 14.612, 13.243, 12.743, 14.775, 14.539, 12.102, 11.436, 12.221, 12.463, 11.697, 12.003, 11.787, 9.281, 7.961, 5.513, 2.824, 2.821, 4.431, 4.539, 5.128, 6.097, 7.055, 6.184, 5.061, 3.159, 1.992, 2.42, 1.893, 3.293, 4.331, 3.274, 3.921, 2.854, 2.831, 2.07, 0.0]]