[[0.0, 1.807, 1.759, 2.402, 3.867, 4.591, 5.991, 6.88, 6.601, 4.868, 3.476, 4.317, 4.082, 4.497, 4.183, 4.026, 4.121, 3.78, 2.946, 2.546, 2.819, 4.398, 3.945, 3.294, 3.152, 4.682, 6.579, 9.42, 11.06, 11.6, 12.641, 13.244, 13.898, 15.251, 17.222, 18.51, 18.819, 19.536, 21.364, 22.064, 21.838, 21.804, 21.925, 21.875, 21.088, 19.47, 19.227, 17.382, 15.202, 15.562, 17.521, 18.001, 18.286, 17.903, 17.031, 15.978, 14.812, 14.353, 14.324, 13.388, 12.06, 10.648, 9.287, 8.278, 7.201, 6.131, 7.223, 8.045, 7.891, 7.12, 6.0, 5.984, 7.084, 7.215, 7.283, 8.743, 9.469, 7.104, 5.269, 3.893, 3.51, 5.161, 7.092, 8.021, 7.796, 7.079, 5.968, 3.317, 2.442, 2.087, 2.302, 2.578, 2.009, 3.663, 4.377, 2.701, 2.72, 3.389, 5.271, 6.665, 6.703, 6.217, 5.674, 5.258, 6.017, 6.725, 5.13, 3.813, 3.004, 3.731, 5.533, 7.656, 9.036, 9.921, 11.183, 11.646, 11.839, 12.002, 11.476, 11.405, 10.951, 7.956, 7.769, 9.113, 8.617, 8.935, 8.889, 5.623, 5.566, 6.099, 2.596, 3.071, 3.49, 3.924, 5.174, 2.468, 1.721, 2.138, 2.437, 3.348, 3.15, 3.234, 3.05, 1.734, 2.243, 1.901, 2.035, 2.659, 3.349, 4.333, 3.641, 2.401, 2.165, 2.016, 2.267, 3.216, 3.439, 3.825, 3.921, 3.382, 2.306, 3.925, 5.793, 4.291, 1.904, 1.752, 2.055, 2.35, 3.593, 5.38, 7.077, 7.207, 5.198, 4.448, 4.547, 3.748, 3.491, 3.938, 4.354, 2.72, 1.215, 1.99, 2.526, 3.002, 2.453, 1.608, 2.583, 2.617, 2.018, 2.399, 3.244, 4.203, 5.63, 4.814, 4.135, 4.348, 5.457, 5.398, 4.782, 3.611, 3.198, 3.424, 3.035, 2.112, 2.565, 4.23, 4.379, 3.356, 2.107, 2.581, 3.388, 3.366, 3.253, 3.599, 2.885, 2.126, 2.808, 5.021, 5.665, 5.853, 6.525, 5.95, 5.812, 6.741, 5.648, 3.192, 3.895, 3.206, 3.423, 4.159], [1.807, 0.0, 1.238, 1.455, 2.53, 3.149, 4.539, 5.4, 5.112, 3.402, 2.075, 3.083, 3.649, 4.584, 4.654, 4.696, 4.917, 4.133, 2.999, 2.343, 2.043, 3.133, 2.554, 2.032, 1.857, 3.177, 5.104, 7.994, 9.846, 10.316, 11.308, 11.882, 12.442, 13.85, 15.764, 17.019, 17.335, 18.075, 19.897, 20.693, 20.538, 20.366, 20.466, 20.407, 19.628, 18.014, 17.742, 15.87, 13.731, 14.08, 16.028, 16.505, 16.774, 16.389, 15.517, 14.461, 13.29, 12.862, 12.859, 11.883, 10.537, 9.152, 7.841, 6.781, 5.694, 4.618, 5.698, 6.519, 6.364, 5.606, 4.498, 4.481, 5.595, 5.729, 5.791, 7.279, 7.946, 5.606, 3.817, 2.417, 2.384, 3.82, 5.6, 6.499, 6.304, 5.63, 4.538, 2.419, 2.666, 2.578, 1.596, 2.142, 2.637, 4.474, 5.319, 2.979, 2.679, 2.746, 3.829, 5.168, 5.181, 4.705, 4.178, 3.783, 4.54, 5.287, 3.757, 2.501, 1.891, 2.295, 4.047, 6.271, 7.607, 8.502, 9.675, 10.128, 10.356, 10.537, 10.128, 9.943, 9.571, 6.644, 6.279, 7.589, 7.096, 7.492, 7.382, 4.169, 4.079, 4.609, 2.108, 3.141, 3.953, 4.948, 6.336, 3.232, 2.511, 3.165, 2.937, 2.819, 2.46, 2.594, 2.355, 2.62, 3.291, 2.534, 2.457, 3.098, 4.216, 5.187, 4.482, 3.021, 1.787, 1.734, 1.263, 1.876, 2.119, 2.396, 2.679, 2.129, 2.052, 3.162, 4.328, 2.8, 2.069, 1.987, 2.477, 1.353, 2.277, 3.973, 5.559, 5.686, 4.037, 3.46, 3.417, 3.575, 3.491, 3.091, 2.959, 2.881, 2.023, 2.043, 3.236, 3.854, 3.406, 2.271, 3.273, 3.468, 2.982, 2.931, 3.862, 5.303, 6.709, 5.767, 5.028, 5.478, 6.7, 6.597, 5.875, 5.02, 4.525, 4.621, 4.229, 3.171, 3.618, 5.528, 5.905, 4.88, 2.623, 2.81, 3.112, 3.447, 3.196, 2.976, 2.73, 2.714, 2.405, 3.558, 4.174, 4.371, 5.1, 4.427, 4.295, 5.214, 4.141, 3.36, 4.696, 4.019, 4.34, 5.23], [1.759, 1.238, 0.0, 1.419, 2.753, 3.195, 4.567, 5.445, 5.231, 3.559, 2.094, 3.059, 3.217, 4.07, 4.014, 4.24, 4.692, 3.873, 2.862, 2.072, 2.099, 3.531, 2.855, 2.005, 2.239, 3.41, 5.443, 8.335, 10.269, 10.881, 11.734, 12.28, 12.726, 14.209, 16.061, 17.312, 17.632, 18.372, 20.175, 21.141, 20.912, 20.662, 20.657, 20.683, 19.909, 18.265, 17.964, 16.148, 14.011, 14.296, 16.228, 16.687, 16.953, 16.567, 15.684, 14.623, 13.451, 13.149, 13.144, 12.084, 10.699, 9.315, 8.081, 6.94, 5.837, 4.731, 5.844, 6.669, 6.512, 5.723, 4.609, 4.626, 5.714, 5.842, 6.06, 7.582, 8.103, 5.908, 3.961, 2.766, 2.295, 3.98, 5.613, 6.637, 6.394, 5.595, 4.435, 2.169, 2.05, 2.113, 1.623, 1.558, 2.133, 3.999, 4.683, 2.477, 2.151, 2.526, 4.012, 5.337, 5.356, 4.98, 4.441, 3.985, 4.658, 5.502, 3.807, 2.544, 2.172, 2.563, 4.304, 6.836, 8.054, 8.943, 9.891, 10.312, 10.684, 10.885, 10.492, 10.321, 9.994, 7.089, 6.441, 7.784, 7.228, 7.812, 7.579, 4.352, 4.228, 4.818, 1.953, 2.903, 3.423, 4.825, 6.445, 3.369, 2.463, 3.337, 2.528, 2.422, 2.293, 2.214, 2.4, 2.389, 2.942, 2.157, 2.081, 2.693, 3.618, 4.508, 3.869, 2.412, 1.511, 1.355, 1.292, 1.978, 2.246, 2.667, 2.863, 2.077, 2.017, 3.407, 4.491, 2.875, 1.754, 1.558, 1.882, 1.352, 2.358, 4.066, 5.83, 5.879, 4.257, 3.62, 3.408, 3.167, 3.143, 3.023, 3.155, 2.985, 2.177, 1.64, 2.923, 3.568, 3.37, 2.304, 3.099, 3.352, 2.841, 2.608, 3.486, 4.927, 6.482, 5.585, 4.818, 5.337, 6.389, 6.405, 5.644, 4.854, 4.371, 4.372, 4.015, 2.904, 3.284, 5.317, 5.757, 4.741, 2.544, 2.99, 2.957, 3.101, 2.856, 2.526, 2.164, 2.403, 2.593, 3.965, 4.482, 4.626, 5.371, 4.572, 4.433, 5.362, 4.286, 2.872, 4.109, 3.573, 3.797, 4.762], [2.402, 1.455, 1.419, 0.0, 1.87, 2.419, 3.851, 4.769, 4.398, 2.742, 1.921, 3.103, 3.809, 4.647, 5.111, 5.268, 5.48, 4.394, 3.142, 2.64, 2.134, 2.678, 1.949, 1.522, 1.421, 2.647, 4.516, 7.32, 9.181, 9.72, 10.628, 11.19, 11.726, 13.189, 15.084, 16.328, 16.658, 17.397, 19.179, 20.068, 19.873, 19.685, 19.741, 19.73, 18.963, 17.316, 17.01, 15.181, 13.035, 13.374, 15.309, 15.78, 16.052, 15.67, 14.793, 13.735, 12.564, 12.153, 12.175, 11.174, 9.812, 8.41, 7.122, 6.029, 4.965, 3.884, 4.987, 5.807, 5.655, 4.871, 3.76, 3.748, 4.857, 4.977, 5.09, 6.67, 7.321, 5.128, 3.203, 2.294, 2.5, 3.883, 4.796, 5.832, 5.556, 4.801, 3.752, 2.447, 3.062, 3.109, 2.177, 2.045, 2.783, 5.103, 5.778, 3.384, 2.902, 2.713, 3.417, 4.436, 4.519, 4.049, 3.519, 3.183, 3.898, 4.549, 3.097, 2.506, 1.959, 2.278, 3.311, 5.711, 6.948, 7.874, 8.965, 9.405, 9.677, 9.878, 9.466, 9.363, 9.302, 6.509, 5.798, 6.866, 6.37, 6.787, 6.662, 3.553, 3.363, 3.896, 1.75, 2.898, 3.732, 5.449, 7.049, 3.765, 2.664, 3.53, 2.671, 2.098, 2.198, 2.529, 2.405, 3.115, 3.884, 3.135, 2.976, 3.741, 4.805, 5.582, 4.945, 3.445, 1.972, 1.885, 1.472, 1.693, 1.796, 1.959, 2.489, 2.444, 2.113, 3.042, 3.784, 2.502, 2.507, 2.445, 2.801, 1.622, 2.071, 3.32, 4.93, 5.206, 3.79, 3.101, 3.171, 3.115, 3.083, 2.556, 2.485, 2.925, 2.523, 2.413, 3.791, 4.487, 4.115, 2.865, 3.678, 4.143, 3.46, 3.369, 4.554, 5.84, 7.385, 6.465, 5.748, 6.182, 7.227, 7.239, 6.493, 5.685, 5.185, 5.245, 4.844, 3.766, 4.205, 6.199, 6.614, 5.589, 3.003, 2.641, 2.727, 3.128, 2.78, 2.549, 2.35, 2.474, 2.405, 2.971, 3.63, 3.662, 4.412, 3.717, 3.578, 4.517, 3.522, 3.494, 5.063, 4.664, 4.761, 5.696], [3.867, 2.53, 2.753, 1.87, 0.0, 1.254, 2.802, 3.909, 3.333, 1.691, 1.778, 2.939, 4.254, 5.365, 6.03, 6.552, 6.501, 5.159, 3.708, 3.269, 2.318, 2.179, 1.192, 1.432, 1.646, 1.637, 3.168, 5.904, 7.688, 8.303, 9.203, 9.798, 10.271, 11.609, 13.527, 14.824, 15.165, 15.871, 17.672, 18.599, 18.197, 18.062, 18.372, 18.358, 17.542, 15.973, 15.475, 13.747, 11.92, 12.015, 13.886, 14.393, 14.503, 14.12, 13.253, 12.199, 11.077, 10.58, 10.496, 9.652, 8.402, 7.006, 5.604, 4.664, 3.631, 2.6, 3.666, 4.428, 4.299, 3.495, 2.396, 2.49, 3.705, 3.696, 3.599, 5.166, 6.07, 3.979, 2.306, 2.058, 2.728, 3.529, 4.075, 4.615, 4.332, 3.7, 2.749, 2.649, 3.892, 3.949, 2.78, 2.461, 3.708, 6.246, 6.729, 4.332, 3.363, 2.746, 2.387, 3.106, 3.224, 3.082, 2.285, 1.971, 2.774, 3.275, 2.163, 2.153, 1.954, 1.778, 2.706, 4.988, 5.986, 6.733, 7.566, 8.04, 8.23, 8.244, 7.772, 7.874, 7.921, 5.331, 4.899, 5.674, 5.15, 5.381, 5.307, 2.296, 2.364, 2.904, 2.041, 2.781, 4.052, 6.708, 8.369, 4.959, 3.664, 4.521, 3.773, 2.13, 2.307, 2.519, 2.623, 4.388, 5.541, 4.532, 3.94, 4.952, 6.024, 6.212, 5.527, 4.195, 2.919, 2.714, 2.379, 1.572, 1.578, 1.605, 2.284, 2.517, 2.719, 2.72, 2.545, 1.64, 3.139, 3.457, 3.687, 2.308, 1.801, 2.691, 4.034, 4.184, 3.634, 2.672, 2.467, 2.705, 2.858, 2.573, 2.078, 3.301, 3.62, 3.389, 4.57, 5.696, 5.278, 3.896, 4.119, 5.058, 4.956, 4.189, 5.624, 7.208, 8.64, 7.874, 7.218, 7.769, 8.859, 8.905, 8.117, 7.272, 6.837, 6.9, 6.522, 5.408, 5.813, 7.901, 8.186, 7.063, 4.262, 2.822, 2.471, 3.017, 2.664, 2.181, 2.831, 3.578, 2.645, 1.985, 2.332, 2.288, 2.918, 2.65, 2.27, 3.204, 2.306, 3.915, 5.74, 5.796, 6.24, 7.335], [4.591, 3.149, 3.195, 2.419, 1.254, 0.0, 1.926, 3.143, 2.721, 1.123, 1.499, 2.365, 3.933, 5.417, 6.306, 6.928, 7.042, 5.37, 3.953, 3.699, 2.638, 2.035, 1.376, 1.914, 2.072, 1.661, 2.88, 5.333, 7.299, 7.966, 8.748, 9.329, 9.86, 11.126, 12.929, 14.178, 14.51, 15.225, 17.11, 18.167, 17.83, 17.507, 17.537, 17.579, 16.771, 15.224, 14.86, 13.252, 11.529, 11.525, 13.119, 13.565, 13.83, 13.44, 12.571, 11.512, 10.374, 10.028, 10.03, 9.013, 7.625, 6.27, 5.004, 3.851, 2.856, 1.893, 2.871, 3.547, 3.481, 2.597, 1.718, 2.246, 3.356, 3.081, 3.031, 4.906, 5.779, 4.008, 2.147, 1.717, 2.474, 2.771, 3.266, 3.804, 3.416, 2.619, 1.717, 2.325, 4.167, 4.281, 3.214, 2.682, 4.143, 6.646, 7.091, 4.719, 3.248, 2.501, 1.952, 2.385, 2.66, 2.66, 1.935, 1.511, 2.228, 2.671, 2.021, 2.016, 2.135, 1.915, 2.605, 4.892, 5.813, 6.482, 6.999, 7.3, 7.673, 7.862, 7.498, 8.168, 8.267, 5.479, 4.82, 5.479, 4.624, 4.887, 4.49, 2.099, 2.372, 2.508, 2.589, 3.138, 4.534, 7.445, 9.246, 5.816, 4.56, 5.557, 4.478, 2.691, 2.63, 2.595, 2.825, 4.836, 6.029, 4.975, 4.312, 5.347, 6.39, 6.202, 5.453, 4.464, 3.368, 3.107, 2.748, 1.902, 1.673, 1.381, 2.254, 2.52, 3.228, 3.217, 2.263, 1.544, 3.592, 3.811, 4.014, 2.742, 2.008, 2.798, 4.026, 4.188, 3.714, 2.865, 2.558, 2.928, 3.177, 2.821, 2.573, 4.153, 4.597, 4.014, 5.081, 6.178, 6.185, 4.901, 4.879, 5.951, 5.727, 4.794, 6.073, 7.896, 9.401, 8.45, 7.693, 8.368, 9.501, 9.541, 8.77, 7.984, 7.501, 7.495, 7.077, 5.913, 6.375, 8.447, 8.914, 7.89, 5.09, 3.712, 3.092, 3.377, 3.015, 2.613, 3.18, 4.048, 3.091, 2.045, 2.267, 1.98, 2.322, 2.015, 1.572, 2.596, 1.891, 3.885, 5.801, 6.221, 6.662, 7.773], [5.991, 4.539, 4.567, 3.851, 2.802, 1.926, 0.0, 1.381, 1.469, 1.562, 2.67, 2.462, 4.511, 6.737, 7.369, 8.108, 8.436, 6.642, 5.134, 5.091, 3.949, 1.983, 2.527, 3.307, 3.402, 2.908, 3.681, 5.146, 6.641, 7.343, 8.084, 8.696, 9.246, 10.294, 12.08, 13.375, 13.621, 14.231, 16.322, 17.475, 17.019, 16.61, 16.611, 16.695, 15.98, 14.491, 14.171, 12.824, 11.313, 11.026, 12.07, 12.499, 12.721, 12.243, 11.364, 10.325, 9.305, 9.019, 9.07, 7.997, 6.665, 5.223, 4.026, 2.8, 1.941, 2.028, 1.629, 2.219, 2.186, 1.897, 2.189, 2.66, 3.36, 2.792, 2.72, 5.415, 5.965, 4.607, 2.363, 2.341, 3.288, 2.312, 1.637, 2.379, 2.046, 1.675, 1.283, 3.222, 5.286, 5.228, 4.357, 3.806, 5.398, 7.931, 8.383, 6.024, 4.128, 3.245, 1.623, 1.557, 1.807, 2.22, 2.343, 1.983, 2.243, 2.53, 2.54, 3.022, 3.44, 2.647, 3.275, 5.049, 5.867, 6.408, 6.464, 6.725, 7.169, 7.264, 7.651, 8.924, 9.063, 6.474, 5.458, 5.991, 4.871, 4.383, 3.745, 3.284, 3.267, 3.325, 3.975, 4.714, 5.804, 8.844, 10.644, 7.24, 6.024, 6.989, 5.884, 4.14, 4.048, 3.74, 3.821, 5.988, 7.282, 6.162, 5.379, 6.376, 7.617, 7.006, 6.134, 5.574, 4.756, 4.464, 4.124, 3.073, 2.983, 2.623, 2.974, 3.414, 4.547, 4.825, 3.277, 2.666, 4.782, 5.067, 5.042, 4.094, 3.255, 4.219, 5.328, 5.175, 4.95, 3.915, 3.867, 4.391, 4.734, 4.265, 4.145, 5.713, 6.004, 5.199, 6.203, 7.579, 7.578, 6.275, 6.221, 7.353, 7.133, 6.18, 7.426, 9.321, 10.833, 9.868, 9.069, 9.768, 10.888, 10.928, 10.157, 9.371, 8.889, 8.895, 8.479, 7.273, 7.771, 9.811, 10.309, 9.295, 6.44, 5.243, 4.738, 4.892, 4.687, 4.083, 4.648, 5.628, 4.807, 3.651, 3.246, 3.132, 2.905, 2.3, 2.025, 2.889, 2.61, 4.507, 6.521, 7.328, 7.893, 9.145], [6.88, 5.4, 5.445, 4.769, 3.909, 3.143, 1.381, 0.0, 1.098, 2.451, 3.591, 3.228, 5.072, 7.643, 8.258, 8.997, 9.325, 7.531, 6.041, 5.988, 4.825, 2.806, 3.319, 4.12, 4.259, 3.845, 4.55, 5.671, 6.451, 6.878, 7.548, 8.045, 8.723, 9.704, 11.405, 12.676, 12.919, 13.535, 15.688, 16.776, 16.32, 15.903, 15.919, 16.051, 15.35, 14.222, 13.765, 12.74, 11.4, 10.93, 11.385, 11.812, 11.955, 11.396, 10.51, 9.467, 8.522, 8.296, 8.41, 7.402, 6.007, 4.56, 3.41, 2.173, 1.936, 2.555, 1.894, 2.346, 2.239, 2.461, 3.012, 3.571, 3.92, 3.202, 3.477, 6.191, 6.714, 5.25, 2.834, 3.187, 4.122, 2.563, 1.063, 1.629, 1.53, 1.908, 1.863, 4.094, 6.179, 6.058, 5.151, 4.688, 6.273, 8.826, 9.29, 6.921, 4.933, 4.104, 2.195, 2.101, 2.042, 2.753, 3.148, 2.926, 2.878, 3.027, 3.494, 3.83, 4.297, 3.473, 4.162, 5.503, 6.381, 6.797, 6.756, 6.988, 7.33, 7.454, 8.387, 9.659, 9.82, 7.37, 6.349, 6.614, 5.538, 4.306, 3.939, 4.239, 4.221, 4.276, 4.87, 5.743, 6.766, 9.657, 11.373, 7.969, 6.754, 7.748, 6.681, 5.04, 4.788, 4.473, 4.577, 6.896, 8.195, 7.059, 6.31, 7.283, 8.506, 7.883, 7.013, 6.481, 5.663, 5.347, 5.005, 3.953, 3.833, 3.629, 3.758, 4.303, 5.536, 5.868, 4.211, 3.626, 5.614, 5.936, 5.92, 4.968, 4.07, 5.166, 6.262, 6.089, 5.823, 4.811, 4.896, 5.411, 5.752, 5.128, 5.086, 6.642, 6.727, 5.918, 6.978, 8.434, 8.416, 7.034, 6.996, 8.199, 8.008, 7.054, 8.305, 10.213, 11.73, 10.758, 9.966, 10.666, 11.795, 11.835, 11.064, 10.278, 9.796, 9.784, 9.375, 8.154, 8.67, 10.696, 11.198, 10.177, 7.192, 6.205, 5.78, 5.855, 5.723, 5.136, 5.745, 6.753, 5.919, 4.651, 4.213, 4.111, 3.782, 2.97, 2.799, 3.521, 3.354, 5.151, 7.245, 8.209, 8.769, 10.025], [6.601, 5.112, 5.231, 4.398, 3.333, 2.721, 1.469, 1.098, 0.0, 1.947, 3.416, 3.44, 4.971, 7.395, 8.321, 8.951, 9.116, 7.301, 5.767, 5.714, 4.448, 2.475, 2.882, 3.668, 3.722, 3.144, 3.838, 5.088, 6.015, 6.346, 6.951, 7.575, 8.065, 9.201, 10.948, 12.24, 12.54, 13.196, 15.202, 16.335, 15.909, 15.514, 15.58, 15.677, 14.865, 13.558, 13.03, 11.938, 10.755, 10.183, 11.101, 11.599, 11.769, 11.361, 10.478, 9.414, 8.28, 7.968, 7.952, 6.925, 5.606, 4.21, 2.944, 1.861, 1.836, 2.495, 2.1, 2.53, 2.158, 2.151, 2.925, 2.979, 3.438, 2.65, 2.807, 5.587, 6.26, 4.627, 2.509, 2.925, 3.91, 2.968, 1.58, 1.925, 1.772, 1.671, 1.737, 3.921, 6.077, 6.033, 4.975, 4.473, 6.073, 8.613, 9.084, 6.632, 4.822, 3.87, 2.023, 1.593, 1.49, 2.173, 2.568, 2.475, 2.556, 2.631, 3.029, 3.667, 4.032, 3.109, 3.544, 4.871, 5.745, 6.165, 6.152, 6.428, 6.676, 6.807, 7.764, 8.954, 9.123, 6.647, 5.791, 5.964, 5.016, 3.675, 3.512, 3.599, 3.569, 3.714, 4.515, 5.165, 6.45, 9.301, 10.968, 7.53, 6.32, 7.27, 6.206, 4.525, 4.432, 4.194, 4.472, 6.742, 8.005, 6.921, 6.259, 7.335, 8.397, 7.997, 7.15, 6.456, 5.388, 5.139, 4.78, 3.729, 3.613, 3.418, 3.506, 4.166, 5.274, 5.325, 3.585, 3.205, 5.427, 5.765, 5.98, 4.712, 3.701, 4.55, 5.6, 5.426, 5.156, 4.28, 4.388, 4.79, 5.115, 4.567, 4.44, 5.994, 6.281, 5.657, 6.78, 8.074, 8.058, 6.612, 6.619, 7.852, 7.678, 6.743, 8.096, 9.977, 11.483, 10.544, 9.72, 10.402, 11.53, 11.577, 10.803, 10.006, 9.521, 9.551, 9.124, 7.97, 8.419, 10.521, 10.965, 9.94, 6.793, 5.506, 5.148, 5.317, 5.144, 4.656, 5.355, 6.163, 5.379, 4.014, 3.542, 3.431, 3.182, 2.769, 2.836, 3.633, 3.316, 5.319, 7.484, 8.171, 8.572, 9.739], [4.868, 3.402, 3.559, 2.742, 1.691, 1.123, 1.562, 2.451, 1.947, 0.0, 1.734, 2.179, 3.615, 5.703, 6.653, 7.273, 7.344, 5.533, 3.992, 3.963, 2.833, 1.694, 1.398, 2.152, 2.248, 2.181, 3.158, 5.093, 6.946, 7.631, 8.404, 8.997, 9.501, 10.776, 12.568, 13.84, 14.142, 14.864, 16.761, 17.817, 17.465, 17.151, 17.257, 17.286, 16.453, 14.914, 14.586, 13.131, 11.707, 11.396, 12.798, 13.259, 13.511, 13.124, 12.253, 11.204, 10.066, 9.679, 9.67, 8.641, 7.329, 5.918, 4.647, 3.523, 2.456, 1.679, 2.474, 3.313, 3.137, 2.296, 2.171, 2.673, 3.743, 3.18, 2.829, 5.284, 6.226, 4.495, 2.273, 1.538, 2.307, 2.102, 2.531, 3.356, 3.103, 2.449, 1.594, 2.328, 4.506, 4.622, 3.487, 3.008, 4.46, 6.973, 7.428, 4.991, 3.338, 2.377, 1.276, 1.98, 2.2, 2.195, 1.98, 1.742, 2.481, 2.933, 2.321, 2.087, 2.41, 1.964, 3.05, 5.249, 5.95, 6.686, 6.869, 7.063, 7.391, 7.705, 7.704, 8.603, 8.725, 5.915, 5.34, 5.948, 5.04, 4.696, 4.382, 2.535, 2.872, 2.83, 2.974, 3.763, 5.061, 7.68, 9.394, 6.047, 4.78, 5.726, 4.667, 3.091, 2.915, 2.75, 3.053, 5.116, 6.327, 5.297, 4.645, 5.645, 6.728, 6.498, 5.697, 4.77, 3.672, 3.476, 3.065, 2.051, 1.866, 1.768, 2.299, 2.679, 3.622, 3.799, 2.749, 1.974, 3.939, 4.202, 4.358, 3.067, 2.19, 3.419, 4.573, 4.723, 4.278, 3.191, 3.022, 3.398, 3.601, 3.124, 3.006, 4.481, 4.762, 4.218, 5.363, 6.52, 6.456, 5.092, 5.099, 6.214, 5.978, 4.999, 6.41, 8.191, 9.723, 8.762, 8.032, 8.634, 9.751, 9.85, 9.072, 8.254, 7.752, 7.792, 7.415, 6.275, 6.699, 8.784, 9.178, 8.183, 5.277, 4.001, 3.623, 3.829, 3.74, 3.274, 3.935, 4.634, 3.871, 2.591, 2.464, 2.142, 2.064, 1.785, 1.709, 2.967, 2.246, 4.046, 6.152, 6.526, 7.006, 8.103], [3.476, 2.075, 2.094, 1.921, 1.778, 1.499, 2.67, 3.591, 3.416, 1.734, 0.0, 1.705, 2.975, 4.274, 5.073, 5.636, 5.853, 4.272, 2.758, 2.582, 1.622, 1.973, 1.455, 1.531, 1.916, 2.428, 3.93, 6.572, 8.495, 9.166, 9.963, 10.539, 10.984, 12.443, 14.23, 15.493, 15.81, 16.539, 18.384, 19.366, 19.116, 18.835, 18.821, 18.763, 18.07, 16.455, 16.169, 14.391, 12.571, 12.584, 14.417, 14.733, 15.104, 14.717, 13.847, 12.784, 11.669, 11.366, 11.35, 10.304, 8.896, 7.568, 6.327, 5.151, 4.061, 2.981, 3.942, 4.726, 4.586, 3.786, 2.844, 3.263, 4.289, 4.185, 4.271, 5.983, 6.729, 4.93, 2.558, 1.17, 1.462, 2.197, 3.809, 4.717, 4.514, 3.84, 2.806, 1.58, 3.032, 3.158, 2.133, 1.815, 3.102, 5.431, 5.959, 3.585, 2.383, 1.816, 2.267, 3.544, 3.581, 3.371, 2.813, 2.543, 3.159, 3.735, 2.622, 1.742, 1.388, 1.579, 3.507, 5.946, 6.865, 7.561, 8.125, 8.479, 8.884, 9.106, 8.743, 9.12, 9.191, 6.347, 5.66, 6.507, 5.549, 6.1, 5.803, 3.081, 3.257, 3.42, 2.616, 3.468, 4.695, 6.558, 8.256, 4.983, 3.861, 4.868, 3.935, 2.57, 2.321, 2.193, 2.113, 3.769, 4.696, 3.688, 3.151, 4.041, 5.151, 5.063, 4.356, 3.204, 2.17, 2.077, 1.742, 1.537, 1.396, 1.574, 1.776, 1.554, 2.905, 3.879, 3.286, 2.103, 2.654, 2.892, 3.016, 1.719, 1.787, 3.55, 4.873, 5.042, 4.53, 3.401, 3.01, 3.216, 3.232, 2.849, 2.648, 3.956, 3.705, 2.932, 4.064, 5.132, 5.078, 3.846, 4.085, 4.882, 4.698, 3.892, 4.986, 6.748, 8.245, 7.269, 6.5, 7.166, 8.266, 8.338, 7.564, 6.767, 6.273, 6.294, 5.914, 4.726, 5.194, 7.246, 7.713, 6.741, 4.218, 3.737, 3.353, 3.563, 3.329, 2.93, 3.398, 4.038, 3.57, 2.864, 3.142, 3.002, 3.588, 2.914, 2.55, 3.688, 2.8, 3.031, 4.772, 5.029, 5.494, 6.668], [4.317, 3.083, 3.059, 3.103, 2.939, 2.365, 2.462, 3.228, 3.44, 2.179, 1.705, 0.0, 2.415, 4.47, 5.112, 5.829, 6.157, 4.363, 2.996, 2.895, 2.013, 2.531, 2.397, 2.587, 3.363, 3.844, 4.862, 6.925, 8.904, 9.606, 10.349, 10.972, 11.486, 12.564, 14.365, 15.66, 15.923, 16.518, 18.615, 19.76, 19.315, 18.897, 18.919, 18.99, 18.249, 16.746, 16.422, 15.025, 13.424, 13.206, 14.354, 14.788, 14.937, 14.457, 13.587, 12.55, 11.537, 11.279, 11.274, 10.268, 8.934, 7.538, 6.248, 5.065, 3.85, 3.021, 3.608, 4.403, 4.325, 3.676, 3.018, 4.091, 5.165, 4.88, 4.503, 6.731, 7.482, 6.093, 3.525, 1.677, 1.401, 1.632, 3.398, 4.47, 4.232, 3.746, 2.549, 1.418, 3.046, 3.207, 2.661, 2.618, 3.618, 5.661, 6.113, 3.76, 2.206, 1.566, 2.298, 3.447, 3.82, 3.935, 3.528, 2.986, 3.64, 4.134, 3.438, 2.628, 2.122, 2.625, 4.562, 6.917, 7.752, 8.458, 8.633, 8.828, 9.265, 9.373, 9.266, 10.295, 10.441, 7.585, 6.788, 7.515, 6.43, 6.573, 5.904, 4.154, 4.418, 4.344, 3.824, 4.49, 5.578, 7.097, 8.746, 5.572, 4.861, 5.796, 5.061, 3.778, 3.463, 2.715, 2.44, 4.126, 5.159, 4.208, 3.42, 4.206, 5.337, 4.738, 3.866, 3.343, 2.635, 2.621, 2.48, 2.786, 2.722, 2.92, 2.714, 2.41, 4.24, 5.337, 4.292, 3.137, 3.489, 3.589, 3.531, 2.525, 3.011, 4.849, 6.147, 6.251, 5.899, 4.698, 3.958, 4.123, 4.309, 4.0, 3.866, 5.142, 4.551, 3.601, 4.252, 5.467, 5.56, 4.479, 4.665, 5.625, 5.246, 4.461, 5.396, 7.042, 8.548, 7.589, 6.784, 7.485, 8.618, 8.658, 7.887, 7.101, 6.618, 6.616, 6.193, 5.009, 5.559, 7.524, 8.03, 7.026, 5.241, 4.989, 4.579, 4.703, 4.525, 4.028, 4.515, 5.196, 4.778, 4.217, 4.135, 3.876, 3.899, 3.066, 2.642, 3.882, 3.216, 2.547, 4.361, 5.256, 5.764, 6.9], [4.082, 3.649, 3.217, 3.809, 4.254, 3.933, 4.511, 5.072, 4.971, 3.615, 2.975, 2.415, 0.0, 2.75, 3.496, 4.155, 4.288, 2.529, 1.801, 1.722, 2.365, 4.165, 3.831, 3.739, 4.077, 5.039, 6.204, 8.509, 10.218, 10.909, 11.675, 12.276, 12.848, 13.964, 15.777, 17.044, 17.347, 18.028, 20.009, 21.086, 20.727, 20.352, 20.419, 20.487, 19.691, 18.314, 17.794, 16.685, 15.245, 14.903, 15.939, 16.418, 16.623, 16.204, 15.321, 14.259, 13.117, 12.804, 12.782, 11.791, 10.396, 8.987, 7.724, 6.641, 5.476, 4.467, 5.52, 6.455, 6.283, 5.481, 5.27, 5.993, 7.071, 6.523, 6.221, 8.358, 9.43, 7.607, 5.181, 2.989, 1.83, 2.887, 5.196, 6.234, 6.001, 5.275, 4.342, 1.966, 2.202, 3.021, 2.874, 2.921, 3.561, 4.069, 4.316, 2.285, 2.19, 2.102, 3.833, 5.192, 5.391, 5.547, 4.983, 4.469, 5.253, 6.073, 4.961, 3.381, 3.095, 3.963, 6.311, 8.671, 9.488, 10.228, 10.398, 10.568, 10.871, 11.049, 11.056, 11.833, 11.8, 8.869, 8.289, 9.168, 8.255, 8.088, 7.636, 5.456, 5.977, 6.079, 4.216, 4.797, 5.829, 6.754, 7.924, 5.387, 4.772, 5.57, 5.066, 4.104, 3.908, 3.057, 3.168, 4.029, 4.529, 3.841, 3.575, 3.341, 3.668, 3.241, 2.543, 2.073, 2.25, 2.431, 3.034, 3.612, 3.437, 4.013, 3.829, 3.083, 4.504, 5.928, 5.404, 4.21, 3.682, 3.783, 3.867, 2.929, 3.557, 5.708, 7.184, 7.418, 6.642, 5.67, 4.739, 4.352, 4.479, 4.587, 4.743, 5.348, 4.477, 3.54, 3.496, 3.977, 4.3, 4.298, 4.384, 5.099, 4.848, 4.026, 4.463, 5.241, 6.692, 5.723, 5.203, 5.657, 6.744, 6.776, 6.04, 5.396, 4.793, 4.751, 4.417, 3.465, 3.924, 5.778, 6.173, 6.15, 5.359, 5.39, 4.813, 4.945, 4.838, 4.454, 4.815, 5.219, 5.067, 5.281, 5.471, 5.192, 5.329, 4.306, 4.596, 5.952, 4.779, 2.308, 3.357, 4.382, 5.153, 5.638], [4.497, 4.584, 4.07, 4.647, 5.365, 5.417, 6.737, 7.643, 7.395, 5.703, 4.274, 4.47, 2.75, 0.0, 1.726, 2.354, 2.045, 1.326, 2.288, 2.557, 3.504, 5.595, 5.028, 4.716, 5.0, 6.053, 7.674, 10.56, 12.381, 12.956, 13.858, 14.409, 14.832, 16.311, 18.138, 19.386, 19.751, 20.469, 22.273, 23.27, 23.008, 22.74, 22.854, 22.848, 22.069, 20.475, 20.047, 18.237, 16.302, 16.472, 18.376, 18.848, 19.045, 18.657, 17.775, 16.714, 15.542, 15.229, 15.215, 14.175, 12.805, 11.422, 10.164, 9.094, 8.008, 6.916, 8.029, 8.841, 8.697, 7.882, 6.982, 7.328, 8.244, 8.073, 8.131, 9.86, 10.836, 8.861, 6.522, 4.668, 3.763, 5.455, 7.785, 8.823, 8.554, 7.726, 6.582, 3.662, 2.988, 3.954, 4.127, 4.058, 3.6, 3.307, 2.628, 2.503, 3.535, 3.882, 6.094, 7.49, 7.483, 7.119, 6.667, 6.254, 6.982, 7.696, 6.359, 4.845, 4.183, 5.035, 7.245, 9.637, 10.52, 11.214, 12.033, 12.466, 12.863, 12.987, 12.599, 12.804, 12.958, 10.156, 9.355, 10.25, 9.448, 9.938, 9.742, 6.716, 6.927, 7.166, 5.02, 5.848, 6.57, 6.582, 7.108, 5.428, 5.045, 5.342, 5.161, 4.828, 4.991, 4.522, 4.61, 4.259, 4.545, 4.441, 4.45, 4.164, 2.906, 2.344, 2.482, 2.814, 2.939, 3.211, 3.904, 4.533, 4.583, 4.96, 4.613, 4.23, 5.194, 6.847, 6.934, 5.706, 4.529, 4.747, 4.823, 3.94, 4.811, 7.025, 8.539, 8.797, 7.886, 6.726, 6.306, 5.588, 5.277, 5.343, 5.992, 5.981, 4.93, 4.291, 3.611, 2.936, 3.722, 4.709, 4.457, 4.686, 4.27, 3.584, 3.685, 3.297, 4.616, 4.104, 3.951, 4.218, 4.915, 4.858, 4.234, 4.004, 3.549, 3.005, 2.838, 2.793, 3.368, 3.846, 4.225, 5.643, 5.94, 5.918, 5.498, 5.45, 5.493, 5.375, 5.395, 5.698, 5.86, 6.226, 6.763, 6.727, 7.523, 6.757, 6.619, 7.786, 6.446, 3.433, 3.153, 3.9, 4.976, 4.708], [4.183, 4.654, 4.014, 5.111, 6.03, 6.306, 7.369, 8.258, 8.321, 6.653, 5.073, 5.112, 3.496, 1.726, 0.0, 1.237, 1.513, 1.831, 3.31, 3.137, 4.567, 6.817, 6.093, 5.341, 5.7, 6.672, 8.598, 11.591, 13.568, 14.191, 15.031, 15.575, 16.018, 17.394, 19.206, 20.46, 20.745, 21.477, 23.383, 24.432, 24.113, 23.796, 23.81, 23.782, 23.025, 21.477, 21.103, 19.384, 17.209, 17.49, 19.306, 19.625, 19.964, 19.553, 18.672, 17.636, 16.526, 16.277, 16.255, 15.173, 13.724, 12.393, 11.155, 10.062, 8.885, 7.704, 8.661, 9.493, 9.369, 8.617, 7.42, 7.696, 8.822, 8.962, 9.16, 10.726, 11.163, 9.235, 7.077, 5.604, 4.661, 6.17, 8.471, 9.54, 9.211, 8.488, 7.388, 4.635, 2.492, 3.109, 3.825, 4.084, 2.964, 2.371, 1.783, 2.055, 3.791, 4.871, 7.024, 8.418, 8.431, 8.159, 7.616, 7.113, 7.736, 8.626, 6.922, 5.369, 4.933, 5.604, 7.786, 10.429, 11.554, 12.299, 13.081, 13.456, 13.901, 14.098, 13.714, 13.597, 13.283, 10.39, 9.454, 11.013, 10.282, 11.015, 10.631, 7.561, 7.506, 8.008, 4.907, 5.169, 5.588, 5.769, 6.272, 4.864, 4.711, 4.791, 4.494, 5.199, 5.013, 4.804, 4.457, 3.388, 3.883, 3.719, 3.477, 3.461, 1.93, 1.502, 1.841, 2.289, 3.509, 3.424, 4.072, 5.001, 5.142, 5.777, 5.55, 4.277, 4.763, 6.701, 7.593, 5.826, 3.958, 4.181, 3.917, 4.048, 5.508, 7.234, 9.083, 9.106, 7.57, 6.684, 6.239, 5.622, 5.367, 6.097, 6.404, 5.929, 4.66, 3.89, 2.725, 2.249, 3.195, 4.258, 3.755, 4.125, 3.687, 2.746, 2.668, 2.644, 3.789, 3.174, 3.078, 3.454, 4.114, 4.012, 3.645, 3.26, 2.697, 2.377, 2.307, 2.345, 3.003, 3.153, 3.506, 4.995, 5.692, 5.603, 5.771, 5.227, 5.256, 5.376, 4.987, 5.186, 5.526, 7.283, 7.651, 7.756, 8.48, 7.492, 7.25, 8.179, 7.26, 3.852, 2.233, 2.851, 3.989, 3.829], [4.026, 4.696, 4.24, 5.268, 6.552, 6.928, 8.108, 8.997, 8.951, 7.273, 5.636, 5.829, 4.155, 2.354, 1.237, 0.0, 1.193, 2.353, 3.842, 3.639, 5.12, 7.349, 6.652, 5.774, 5.96, 7.196, 9.212, 12.181, 14.122, 14.694, 15.598, 16.136, 16.574, 18.015, 19.827, 21.072, 21.38, 22.118, 23.981, 24.979, 24.718, 24.421, 24.428, 24.363, 23.636, 22.063, 21.728, 19.949, 17.725, 18.046, 19.983, 20.272, 20.655, 20.263, 19.38, 18.328, 17.189, 16.907, 16.885, 15.825, 14.387, 13.055, 11.803, 10.692, 9.577, 8.418, 9.4, 10.232, 10.077, 9.316, 8.155, 8.294, 9.355, 9.527, 9.8, 11.35, 11.766, 9.704, 7.627, 6.202, 5.253, 6.866, 9.185, 10.233, 9.925, 9.17, 8.08, 5.239, 2.949, 3.418, 4.261, 4.713, 3.174, 1.77, 1.301, 2.504, 4.491, 5.495, 7.716, 9.077, 9.096, 8.668, 8.212, 7.743, 8.376, 9.23, 7.538, 5.937, 5.479, 6.132, 8.013, 10.595, 11.792, 12.618, 13.688, 14.073, 14.49, 14.702, 14.314, 14.165, 13.845, 10.898, 9.95, 11.578, 10.854, 11.613, 11.29, 8.145, 7.957, 8.444, 5.047, 5.204, 5.261, 4.916, 5.316, 4.219, 4.517, 4.186, 3.841, 5.697, 5.565, 5.485, 5.105, 3.167, 3.33, 3.375, 3.533, 3.47, 1.653, 1.81, 2.384, 2.768, 3.814, 3.918, 4.479, 5.461, 5.732, 6.225, 6.029, 4.888, 4.532, 6.695, 8.223, 6.443, 4.106, 4.155, 3.984, 4.354, 6.064, 7.698, 9.552, 9.578, 7.679, 6.919, 6.925, 6.148, 5.734, 6.462, 6.903, 5.909, 4.498, 4.095, 2.925, 1.923, 2.866, 3.944, 3.521, 3.676, 3.127, 2.591, 2.047, 1.998, 2.882, 2.419, 2.271, 2.495, 3.187, 3.085, 2.739, 2.317, 2.029, 1.566, 1.643, 2.182, 2.822, 2.554, 2.608, 4.323, 5.388, 5.6, 6.162, 5.497, 5.534, 5.82, 5.158, 4.796, 5.576, 7.777, 8.218, 8.383, 9.112, 8.185, 7.989, 8.918, 7.974, 4.566, 2.311, 2.452, 3.266, 2.89], [4.121, 4.917, 4.692, 5.48, 6.501, 7.042, 8.436, 9.325, 9.116, 7.344, 5.853, 6.157, 4.288, 2.045, 1.513, 1.193, 0.0, 2.024, 3.569, 3.464, 4.928, 7.083, 6.508, 5.904, 5.96, 7.229, 9.131, 12.018, 13.891, 14.397, 15.365, 15.943, 16.495, 17.888, 19.804, 21.082, 21.376, 22.115, 23.961, 24.753, 24.582, 24.408, 24.505, 24.453, 23.658, 22.049, 21.811, 19.943, 17.829, 18.164, 20.089, 20.532, 20.837, 20.446, 19.581, 18.526, 17.358, 16.904, 16.9, 15.934, 14.606, 13.177, 11.818, 10.824, 9.744, 8.637, 9.728, 10.557, 10.396, 9.598, 8.478, 8.568, 9.629, 9.668, 9.829, 11.319, 12.069, 9.778, 7.846, 6.298, 5.362, 7.154, 9.484, 10.522, 10.259, 9.459, 8.266, 5.268, 3.563, 4.086, 4.877, 5.021, 3.484, 2.3, 1.518, 2.946, 4.603, 5.501, 7.817, 9.205, 9.249, 8.723, 8.183, 7.767, 8.504, 9.248, 7.487, 5.786, 5.274, 6.228, 8.332, 10.548, 11.775, 12.508, 13.749, 14.195, 14.426, 14.578, 14.17, 13.983, 13.753, 10.896, 10.342, 11.638, 11.105, 11.549, 11.367, 8.13, 8.088, 8.619, 5.296, 5.513, 5.929, 5.302, 5.575, 4.468, 4.493, 4.227, 4.26, 5.77, 5.775, 5.701, 5.396, 3.794, 3.83, 4.007, 4.164, 4.168, 2.255, 1.947, 2.647, 3.062, 3.958, 4.106, 4.576, 5.627, 5.691, 6.212, 6.037, 5.174, 4.797, 6.985, 8.297, 6.83, 4.694, 4.776, 4.68, 4.716, 6.035, 8.03, 9.73, 9.836, 8.315, 7.24, 7.184, 6.211, 5.711, 6.562, 7.034, 5.82, 4.606, 4.697, 3.41, 2.341, 3.053, 4.131, 3.743, 3.91, 3.395, 2.985, 2.663, 1.971, 3.116, 2.653, 2.649, 2.667, 3.359, 3.186, 2.806, 2.408, 2.254, 1.707, 1.821, 2.505, 3.178, 2.677, 2.608, 4.46, 5.737, 5.53, 5.929, 5.562, 5.64, 6.132, 5.912, 5.207, 5.809, 7.612, 8.217, 8.413, 9.109, 8.455, 8.318, 9.247, 8.193, 4.789, 2.59, 3.133, 4.018, 3.509], [3.78, 4.133, 3.873, 4.394, 5.159, 5.37, 6.642, 7.531, 7.301, 5.533, 4.272, 4.363, 2.529, 1.326, 1.831, 2.353, 2.024, 0.0, 1.845, 2.08, 3.286, 5.213, 4.822, 4.63, 4.618, 5.886, 7.375, 10.148, 12.021, 12.474, 13.469, 14.045, 14.653, 16.062, 17.988, 19.262, 19.565, 20.302, 22.116, 22.906, 22.733, 22.589, 22.669, 22.642, 21.864, 20.213, 19.976, 18.16, 16.318, 16.443, 18.272, 18.715, 19.009, 18.633, 17.766, 16.711, 15.543, 15.092, 15.086, 14.119, 12.791, 11.361, 10.004, 9.009, 7.929, 6.822, 7.934, 8.76, 8.602, 7.801, 6.939, 7.228, 8.24, 7.999, 8.014, 9.683, 10.782, 8.583, 6.453, 4.521, 3.577, 5.36, 7.69, 8.728, 8.459, 7.648, 6.484, 3.475, 2.732, 3.663, 3.92, 3.868, 3.33, 2.932, 2.786, 2.213, 3.229, 3.686, 6.004, 7.39, 7.434, 7.046, 6.424, 6.052, 6.875, 7.458, 6.092, 4.403, 3.749, 4.931, 7.156, 9.322, 10.398, 11.138, 11.978, 12.393, 12.583, 12.764, 12.383, 12.573, 12.601, 9.692, 9.258, 10.144, 9.432, 9.732, 9.62, 6.448, 6.865, 7.103, 4.725, 5.48, 6.266, 6.014, 6.446, 4.907, 4.526, 4.732, 4.751, 4.554, 4.698, 4.256, 4.305, 3.979, 4.142, 4.148, 4.17, 3.915, 2.64, 2.244, 2.22, 2.534, 2.731, 3.052, 3.634, 4.392, 4.201, 4.71, 4.522, 4.063, 4.778, 6.504, 6.78, 5.591, 4.238, 4.491, 4.498, 3.727, 4.451, 6.909, 8.341, 8.615, 7.632, 6.529, 6.051, 5.215, 4.823, 5.161, 5.755, 5.396, 4.305, 3.995, 3.311, 2.731, 3.222, 4.264, 4.122, 4.236, 3.73, 3.167, 3.403, 3.09, 4.527, 3.733, 3.641, 3.827, 4.769, 4.585, 3.918, 3.393, 2.806, 2.691, 2.493, 2.244, 2.99, 3.637, 3.85, 4.859, 5.564, 5.336, 4.919, 5.117, 5.212, 5.174, 5.153, 5.233, 5.312, 5.971, 6.546, 6.611, 7.297, 6.662, 6.549, 7.689, 6.453, 3.247, 2.912, 3.557, 4.606, 4.379], [2.946, 2.999, 2.862, 3.142, 3.708, 3.953, 5.134, 6.041, 5.767, 3.992, 2.758, 2.996, 1.801, 2.288, 3.31, 3.842, 3.569, 1.845, 0.0, 1.185, 1.697, 3.733, 3.333, 3.312, 3.539, 4.676, 6.039, 8.614, 10.379, 10.956, 11.885, 12.516, 13.148, 14.403, 16.396, 17.703, 17.969, 18.703, 20.574, 21.263, 21.077, 20.961, 21.124, 21.113, 20.339, 18.68, 18.463, 16.661, 14.87, 14.948, 16.691, 17.186, 17.423, 17.046, 16.187, 15.134, 13.971, 13.5, 13.462, 12.547, 11.22, 9.79, 8.395, 7.437, 6.363, 5.271, 6.385, 7.225, 7.053, 6.248, 5.498, 5.801, 6.807, 6.418, 6.46, 8.131, 9.296, 7.207, 5.035, 3.057, 2.174, 3.811, 6.166, 7.179, 6.91, 6.147, 5.009, 2.162, 1.909, 2.711, 2.702, 2.711, 2.817, 3.637, 4.141, 1.896, 2.194, 2.3, 4.428, 5.827, 5.875, 5.673, 4.987, 4.662, 5.46, 5.997, 4.638, 3.312, 2.444, 3.564, 5.872, 7.975, 8.894, 9.726, 10.454, 10.833, 11.027, 11.186, 10.748, 11.232, 11.189, 8.337, 8.063, 8.782, 8.034, 8.14, 8.023, 5.226, 5.551, 5.624, 3.813, 4.57, 5.452, 5.572, 6.602, 4.254, 3.648, 4.124, 4.209, 3.467, 3.64, 3.164, 3.296, 3.253, 3.567, 3.409, 3.447, 3.336, 3.393, 3.374, 2.689, 2.055, 1.647, 1.979, 2.665, 3.266, 3.079, 3.525, 3.275, 3.133, 3.986, 5.474, 5.477, 4.33, 3.329, 3.625, 3.703, 2.697, 3.33, 5.601, 6.96, 7.378, 6.589, 5.494, 4.876, 4.145, 3.904, 4.112, 4.492, 4.443, 3.48, 3.063, 2.866, 3.271, 3.062, 3.447, 3.482, 3.839, 3.47, 3.005, 3.61, 4.364, 5.956, 4.968, 4.396, 4.889, 6.047, 6.025, 5.259, 4.391, 3.896, 3.994, 3.611, 2.613, 3.189, 4.988, 5.216, 4.83, 4.649, 4.538, 3.98, 4.357, 4.329, 4.124, 4.268, 4.435, 4.42, 4.732, 5.303, 5.181, 5.699, 5.114, 4.99, 6.306, 5.074, 2.209, 3.13, 3.672, 4.367, 4.904], [2.546, 2.343, 2.072, 2.64, 3.269, 3.699, 5.091, 5.988, 5.714, 3.963, 2.582, 2.895, 1.722, 2.557, 3.137, 3.639, 3.464, 2.08, 1.185, 0.0, 1.574, 3.765, 3.113, 2.794, 3.042, 4.027, 5.716, 8.664, 10.498, 11.076, 11.984, 12.542, 13.066, 14.49, 16.408, 17.68, 17.959, 18.709, 20.556, 21.357, 21.156, 20.971, 21.144, 21.091, 20.316, 18.704, 18.394, 16.559, 14.568, 14.787, 16.671, 17.155, 17.413, 17.025, 16.156, 15.101, 13.939, 13.452, 13.449, 12.515, 11.187, 9.758, 8.374, 7.405, 6.328, 5.236, 6.35, 7.172, 7.018, 6.214, 5.175, 5.37, 6.45, 6.309, 6.415, 7.91, 8.918, 6.697, 4.631, 2.92, 2.039, 3.804, 6.112, 7.143, 6.888, 6.106, 4.945, 1.993, 1.506, 2.211, 2.106, 2.132, 2.405, 3.439, 3.978, 1.674, 1.989, 2.211, 4.358, 5.792, 5.831, 5.462, 4.786, 4.378, 5.134, 5.881, 4.295, 2.866, 2.137, 3.057, 5.381, 7.692, 8.707, 9.409, 10.353, 10.786, 11.037, 11.134, 10.742, 10.719, 10.71, 7.858, 7.369, 8.383, 7.739, 8.145, 7.988, 4.769, 5.002, 5.44, 3.024, 3.906, 4.918, 5.277, 6.547, 3.861, 3.27, 3.96, 3.725, 3.051, 3.031, 2.673, 2.572, 2.825, 3.223, 2.714, 2.69, 2.626, 3.206, 3.322, 2.629, 1.441, 1.263, 1.399, 1.915, 2.586, 2.597, 3.207, 2.898, 2.506, 3.206, 4.6, 4.979, 3.734, 2.741, 2.872, 3.043, 1.848, 2.715, 5.027, 6.554, 6.722, 5.685, 4.636, 4.196, 3.608, 3.511, 3.601, 3.879, 3.898, 3.008, 2.43, 2.632, 2.959, 2.902, 2.851, 3.101, 3.563, 3.323, 2.774, 3.486, 4.322, 5.832, 4.916, 4.369, 4.833, 5.933, 5.977, 5.19, 4.409, 3.879, 3.928, 3.552, 2.506, 2.908, 4.935, 5.263, 4.814, 3.914, 3.95, 3.47, 3.862, 3.666, 3.386, 3.681, 3.87, 3.745, 4.308, 4.836, 4.955, 5.691, 5.077, 4.939, 5.923, 4.774, 2.091, 3.064, 3.39, 4.049, 4.667], [2.819, 2.043, 2.099, 2.134, 2.318, 2.638, 3.949, 4.825, 4.448, 2.833, 1.622, 2.013, 2.365, 3.504, 4.567, 5.12, 4.928, 3.286, 1.697, 1.574, 0.0, 2.426, 1.994, 1.908, 2.444, 3.358, 4.716, 7.332, 9.023, 9.671, 10.555, 11.168, 11.761, 13.065, 15.049, 16.339, 16.627, 17.351, 19.224, 19.911, 19.668, 19.568, 19.85, 19.794, 19.024, 17.427, 17.052, 15.249, 13.447, 13.545, 15.353, 15.874, 16.088, 15.705, 14.833, 13.78, 12.624, 12.137, 12.092, 11.2, 9.872, 8.461, 7.072, 6.117, 5.054, 3.986, 5.077, 5.893, 5.744, 4.968, 4.096, 4.381, 5.323, 5.107, 5.097, 6.816, 7.948, 5.883, 3.673, 1.81, 1.308, 2.782, 4.93, 5.917, 5.659, 4.904, 3.882, 1.225, 2.483, 2.611, 2.065, 2.001, 2.851, 4.779, 5.36, 2.896, 1.953, 1.54, 3.124, 4.518, 4.517, 4.289, 3.723, 3.448, 4.182, 4.626, 3.542, 2.387, 1.317, 2.2, 4.459, 6.613, 7.529, 8.269, 9.073, 9.495, 9.708, 9.76, 9.288, 9.755, 9.787, 7.018, 6.735, 7.368, 6.642, 6.77, 6.743, 3.919, 4.198, 4.365, 2.961, 3.705, 4.963, 5.836, 7.397, 4.259, 3.439, 4.217, 3.926, 2.778, 2.724, 2.425, 2.271, 3.408, 4.084, 3.305, 2.835, 3.53, 4.617, 4.682, 3.977, 2.736, 1.637, 1.634, 1.748, 2.22, 2.162, 2.564, 2.295, 2.193, 3.233, 4.403, 4.291, 3.157, 2.711, 2.904, 3.23, 1.625, 2.114, 4.377, 5.591, 6.042, 5.378, 4.274, 3.75, 3.495, 3.351, 3.202, 3.169, 3.786, 3.004, 2.548, 3.464, 4.233, 3.876, 2.968, 3.602, 4.031, 4.042, 3.445, 4.54, 5.686, 7.224, 6.36, 5.711, 6.272, 7.338, 7.393, 6.591, 5.699, 5.306, 5.358, 4.977, 3.889, 4.315, 6.358, 6.565, 5.555, 3.936, 3.72, 3.385, 3.833, 3.548, 3.264, 3.671, 3.994, 3.656, 3.391, 3.92, 3.74, 4.353, 3.825, 3.684, 4.929, 3.779, 2.301, 4.183, 4.499, 5.018, 5.843], [4.398, 3.133, 3.531, 2.678, 2.179, 2.035, 1.983, 2.806, 2.475, 1.694, 1.973, 2.531, 4.165, 5.595, 6.817, 7.349, 7.083, 5.213, 3.733, 3.765, 2.426, 0.0, 1.436, 2.325, 2.413, 2.702, 3.589, 5.46, 6.899, 7.459, 8.403, 8.997, 9.609, 10.962, 12.904, 14.193, 14.573, 15.273, 17.039, 17.901, 17.579, 17.519, 17.725, 17.666, 16.91, 15.279, 14.89, 13.186, 11.685, 11.563, 13.282, 13.76, 13.925, 13.546, 12.678, 11.625, 10.457, 10.005, 9.985, 9.033, 7.77, 6.343, 5.002, 4.047, 3.085, 2.808, 3.031, 3.831, 3.672, 3.051, 2.956, 2.986, 3.692, 3.234, 3.076, 5.748, 6.66, 4.657, 2.546, 1.554, 2.606, 2.586, 3.057, 3.951, 3.654, 3.002, 2.326, 2.623, 4.717, 4.724, 3.598, 3.187, 4.555, 7.028, 7.622, 5.173, 3.689, 2.679, 1.893, 2.545, 2.531, 2.336, 2.344, 2.381, 2.95, 3.017, 2.656, 2.25, 2.04, 1.752, 3.133, 4.921, 5.761, 6.507, 7.071, 7.453, 7.675, 7.755, 7.66, 8.545, 8.68, 6.074, 5.614, 6.029, 5.142, 4.759, 4.755, 2.948, 3.053, 3.093, 3.357, 4.321, 5.623, 7.497, 9.113, 5.686, 4.519, 5.301, 4.83, 3.361, 3.195, 3.137, 3.282, 5.264, 6.246, 5.278, 4.816, 5.764, 6.872, 6.764, 6.037, 4.952, 3.602, 3.496, 3.01, 2.334, 2.178, 2.179, 2.151, 2.696, 3.814, 4.351, 3.455, 2.924, 3.992, 4.331, 4.585, 3.024, 2.394, 4.236, 5.292, 5.334, 4.97, 3.822, 3.869, 4.083, 4.104, 3.483, 3.458, 4.425, 4.232, 4.196, 5.349, 6.398, 5.954, 4.619, 5.017, 5.883, 5.645, 5.167, 6.468, 7.869, 9.399, 8.479, 7.83, 8.396, 9.448, 9.506, 8.755, 7.815, 7.393, 7.494, 7.066, 6.007, 6.502, 8.45, 8.719, 7.654, 5.026, 3.989, 3.805, 4.257, 4.156, 3.767, 4.322, 4.837, 4.025, 2.895, 2.914, 2.911, 3.096, 2.848, 2.738, 3.731, 3.097, 4.182, 6.376, 6.61, 6.984, 8.046], [3.945, 2.554, 2.855, 1.949, 1.192, 1.376, 2.527, 3.319, 2.882, 1.398, 1.455, 2.397, 3.831, 5.028, 6.093, 6.652, 6.508, 4.822, 3.333, 3.113, 1.994, 1.436, 0.0, 1.334, 1.506, 1.849, 2.988, 5.697, 7.477, 8.117, 8.966, 9.532, 10.111, 11.406, 13.339, 14.636, 14.902, 15.631, 17.524, 18.343, 18.102, 17.917, 18.117, 18.064, 17.277, 15.682, 15.349, 13.578, 11.784, 11.852, 13.623, 14.136, 14.368, 13.982, 13.11, 12.057, 10.893, 10.43, 10.393, 9.468, 8.141, 6.72, 5.358, 4.363, 3.29, 2.339, 3.337, 4.144, 3.98, 3.223, 2.348, 2.7, 3.682, 3.43, 3.376, 5.083, 6.219, 4.192, 2.266, 1.45, 2.228, 2.895, 3.565, 4.424, 4.118, 3.524, 2.562, 2.252, 4.014, 4.017, 2.809, 2.422, 3.786, 6.344, 6.883, 4.439, 3.055, 2.306, 2.1, 2.831, 2.902, 2.617, 1.928, 1.923, 2.583, 3.057, 2.396, 1.908, 1.667, 1.591, 2.796, 5.032, 5.988, 6.654, 7.359, 7.769, 7.989, 8.09, 7.694, 8.075, 8.269, 5.459, 5.012, 5.65, 4.853, 5.123, 4.985, 2.228, 2.467, 2.693, 2.27, 3.15, 4.393, 6.651, 8.388, 4.873, 3.625, 4.558, 3.741, 2.229, 2.117, 2.148, 2.305, 4.492, 5.634, 4.592, 4.091, 5.037, 6.148, 6.104, 5.393, 4.215, 2.947, 2.79, 2.361, 1.661, 1.428, 1.547, 2.029, 2.319, 3.054, 3.463, 2.715, 1.978, 3.232, 3.598, 3.856, 2.329, 1.629, 3.097, 4.397, 4.503, 4.039, 2.895, 2.683, 2.826, 2.854, 2.414, 2.244, 3.487, 3.597, 3.309, 4.514, 5.721, 5.379, 3.983, 4.211, 5.267, 5.146, 4.335, 5.767, 7.333, 8.889, 7.98, 7.308, 7.862, 8.965, 9.008, 8.2, 7.351, 6.927, 6.996, 6.613, 5.514, 5.919, 7.998, 8.289, 7.264, 4.254, 3.081, 2.715, 3.045, 2.918, 2.547, 3.25, 3.912, 3.096, 1.974, 2.152, 2.193, 2.742, 2.413, 2.049, 3.154, 2.17, 3.663, 5.699, 5.872, 6.296, 7.386], [3.294, 2.032, 2.005, 1.522, 1.432, 1.914, 3.307, 4.12, 3.668, 2.152, 1.531, 2.587, 3.739, 4.716, 5.341, 5.774, 5.904, 4.63, 3.312, 2.794, 1.908, 2.325, 1.334, 0.0, 1.473, 2.072, 3.742, 6.55, 8.371, 9.003, 9.845, 10.384, 10.826, 12.266, 14.114, 15.377, 15.679, 16.418, 18.246, 19.237, 18.97, 18.711, 18.801, 18.817, 17.994, 16.385, 16.064, 14.235, 12.128, 12.412, 14.33, 14.821, 15.052, 14.666, 13.783, 12.731, 11.559, 11.196, 11.191, 10.135, 8.807, 7.385, 6.139, 5.087, 3.954, 2.89, 4.016, 4.83, 4.644, 3.898, 2.772, 2.831, 3.882, 4.015, 4.106, 5.776, 6.492, 4.479, 2.717, 1.869, 2.207, 3.41, 4.402, 5.252, 4.894, 4.263, 3.367, 2.17, 3.3, 3.302, 2.154, 2.067, 2.949, 5.56, 6.106, 3.696, 2.846, 2.298, 3.002, 3.563, 3.653, 3.296, 2.757, 2.78, 3.37, 3.925, 3.022, 2.618, 1.811, 1.95, 2.804, 5.19, 6.284, 7.074, 7.99, 8.437, 8.771, 8.951, 8.557, 8.583, 8.732, 5.996, 5.168, 5.967, 5.386, 5.898, 5.679, 2.739, 2.583, 3.035, 1.852, 2.736, 3.678, 6.0, 7.578, 4.105, 2.807, 3.752, 2.859, 1.664, 1.782, 1.855, 1.955, 3.613, 4.814, 3.762, 3.258, 4.218, 5.274, 5.7, 5.016, 3.602, 2.216, 2.069, 1.776, 1.622, 1.905, 1.902, 2.421, 2.341, 3.034, 3.36, 3.163, 2.213, 2.558, 2.753, 3.168, 1.772, 1.996, 2.917, 4.36, 4.491, 3.805, 2.732, 2.644, 2.535, 2.53, 2.068, 1.854, 2.793, 2.861, 2.431, 3.651, 4.9, 4.721, 3.172, 3.452, 4.568, 4.353, 3.564, 4.949, 6.637, 8.157, 7.227, 6.482, 7.1, 8.239, 8.267, 7.485, 6.683, 6.193, 6.236, 5.852, 4.715, 5.155, 7.234, 7.625, 6.6, 3.38, 2.728, 2.428, 2.764, 2.465, 2.003, 2.569, 3.179, 2.632, 2.365, 2.8, 2.755, 3.47, 2.86, 2.605, 3.568, 2.636, 3.369, 5.159, 5.028, 5.376, 6.514], [3.152, 1.857, 2.239, 1.421, 1.646, 2.072, 3.402, 4.259, 3.722, 2.248, 1.916, 3.363, 4.077, 5.0, 5.7, 5.96, 5.96, 4.618, 3.539, 3.042, 2.444, 2.413, 1.506, 1.473, 0.0, 1.82, 3.69, 6.505, 8.335, 8.797, 9.791, 10.356, 10.846, 12.361, 14.242, 15.486, 15.816, 16.555, 18.322, 19.209, 19.04, 18.843, 18.836, 18.811, 18.056, 16.411, 16.137, 14.305, 12.173, 12.483, 14.441, 14.883, 15.178, 14.795, 13.916, 12.856, 11.684, 11.311, 11.331, 10.307, 8.932, 7.557, 6.291, 5.209, 4.073, 3.023, 4.095, 4.931, 4.743, 3.993, 2.942, 3.024, 4.015, 4.079, 4.279, 5.801, 6.641, 4.412, 2.679, 2.195, 2.683, 3.682, 4.418, 5.156, 4.971, 4.371, 3.477, 2.829, 3.741, 3.709, 2.514, 2.283, 3.258, 5.84, 6.492, 4.04, 3.145, 3.107, 2.915, 3.63, 3.643, 3.19, 2.715, 2.709, 3.242, 3.852, 2.987, 2.421, 2.155, 2.048, 2.698, 4.87, 6.044, 6.957, 8.1, 8.527, 8.826, 9.047, 8.633, 8.628, 8.637, 5.806, 5.101, 6.043, 5.473, 5.961, 5.788, 2.707, 2.605, 2.955, 1.627, 2.855, 3.848, 6.164, 7.461, 4.109, 2.844, 3.737, 2.921, 1.848, 1.973, 2.234, 2.287, 3.717, 4.754, 3.91, 3.572, 4.502, 5.606, 6.091, 5.398, 3.975, 2.427, 2