[[0.0, 1.702, 2.596, 2.118, 2.34, 3.703, 5.044, 6.201, 6.388, 5.655, 6.442, 9.829, 11.988, 13.086, 13.91, 13.077, 12.135, 12.916, 13.106, 13.546, 15.07, 15.743, 14.418, 12.78, 12.832, 12.03, 11.511, 10.711, 9.093, 9.74, 11.987, 11.896, 10.031, 10.164, 11.022, 11.484, 10.145, 7.736, 7.055, 6.695, 5.84, 4.538, 4.817, 6.266, 8.782, 10.443, 12.043, 13.451, 12.674, 12.172, 11.696, 10.977, 11.274, 11.89, 11.039, 9.464, 8.134, 7.78, 9.367, 12.376, 12.032, 11.313, 11.867, 10.918, 9.105, 8.206, 8.773, 8.834, 7.271, 6.332, 6.14, 5.252, 4.466, 6.17, 7.725, 9.508, 10.513, 9.353, 9.079, 8.367, 7.074, 6.079, 5.688, 4.231, 4.827, 7.396, 7.997, 5.756, 4.016, 4.007, 5.768, 5.623, 5.969, 6.181, 6.314, 7.209, 8.636, 8.995, 9.475, 9.38, 9.312, 8.04, 6.869, 7.381, 8.52, 8.697, 9.31, 11.945, 14.486, 12.937, 8.504, 6.978, 6.888, 6.51, 5.978, 6.187, 6.612, 7.533, 8.35, 9.066, 9.775, 9.393, 8.158, 6.62, 5.874, 4.083, 2.611, 2.028, 1.983, 2.762, 4.418, 7.04, 10.424, 11.554, 10.954, 11.276, 9.589, 8.438, 10.3, 13.684, 11.945, 10.172, 10.257, 9.882, 7.536, 5.819, 5.273, 4.738, 4.856, 5.962, 6.89, 7.215, 8.078, 8.532, 3.876, 2.165, 2.734, 2.659, 2.615, 3.49, 2.899, 2.399, 2.126, 2.957, 3.003, 2.216, 1.632, 1.944, 3.004, 5.491, 7.242, 7.735, 8.046, 8.171, 8.14, 8.142, 7.908, 7.211, 6.402, 5.306, 4.312, 4.676, 4.656, 4.552, 3.996, 3.22, 2.516, 2.388, 2.114, 2.543, 2.318, 2.929, 2.273, 2.081, 2.233, 2.114, 2.076, 2.086, 1.636, 1.572, 3.494, 4.941, 3.125, 1.75, 2.037], [1.702, 0.0, 1.767, 1.636, 1.674, 2.47, 3.752, 4.874, 5.078, 4.356, 5.272, 8.766, 10.875, 12.05, 12.87, 12.084, 11.113, 11.915, 12.059, 12.496, 14.052, 14.761, 13.183, 11.599, 11.638, 10.852, 10.44, 9.499, 7.998, 8.654, 10.988, 10.89, 9.087, 9.228, 10.062, 10.403, 8.989, 6.722, 6.031, 5.768, 4.782, 3.536, 3.768, 5.231, 7.663, 9.221, 10.802, 12.361, 11.449, 11.011, 10.608, 9.926, 10.297, 10.944, 10.046, 8.54, 7.152, 6.624, 8.159, 11.066, 10.843, 10.266, 10.696, 9.828, 7.937, 6.927, 7.544, 7.561, 5.928, 5.096, 4.988, 4.037, 3.221, 5.023, 6.591, 8.293, 9.267, 8.12, 7.948, 7.404, 6.202, 4.996, 4.751, 3.326, 3.775, 6.462, 6.882, 4.6, 2.881, 2.809, 4.654, 4.715, 5.125, 5.098, 5.083, 6.097, 7.471, 7.946, 8.386, 8.267, 8.404, 7.102, 5.862, 6.519, 7.611, 7.624, 8.31, 10.88, 13.327, 11.916, 7.53, 5.931, 5.839, 5.473, 4.96, 5.16, 5.307, 6.207, 7.257, 7.926, 8.625, 8.464, 7.205, 5.719, 4.811, 3.347, 2.154, 2.454, 2.405, 2.042, 3.489, 5.972, 9.261, 10.399, 9.921, 10.307, 8.649, 7.539, 9.296, 12.71, 10.938, 9.204, 9.077, 8.567, 6.498, 4.781, 4.216, 3.576, 3.738, 4.731, 5.751, 6.235, 7.158, 7.562, 2.824, 2.694, 3.108, 2.659, 3.106, 4.179, 3.559, 2.745, 2.243, 2.166, 1.894, 2.067, 1.929, 2.71, 3.685, 6.428, 8.233, 8.866, 9.002, 9.267, 9.102, 9.129, 8.833, 8.154, 7.33, 6.419, 5.442, 5.969, 5.846, 5.614, 5.049, 4.441, 3.623, 3.027, 2.415, 2.119, 1.547, 2.18, 1.674, 2.112, 2.813, 2.808, 2.633, 3.021, 2.778, 1.299, 2.452, 3.682, 2.125, 1.812, 1.931], [2.596, 1.767, 0.0, 1.431, 1.426, 1.778, 3.28, 4.326, 4.502, 3.786, 4.56, 7.808, 9.94, 11.091, 11.894, 11.13, 10.159, 11.067, 11.253, 11.605, 13.107, 13.797, 12.458, 10.759, 10.8, 9.986, 9.493, 8.691, 7.075, 7.718, 10.017, 9.918, 8.14, 8.273, 9.117, 9.477, 8.101, 5.793, 5.104, 4.893, 3.965, 3.108, 3.146, 4.431, 6.738, 8.431, 10.011, 11.401, 10.784, 10.152, 9.671, 8.957, 9.326, 9.967, 9.055, 7.554, 6.165, 5.736, 7.347, 10.333, 10.012, 9.405, 9.904, 8.892, 7.13, 6.227, 6.799, 6.97, 5.334, 4.353, 4.115, 3.28, 2.616, 4.251, 5.688, 7.475, 8.561, 7.522, 7.303, 6.469, 5.277, 4.241, 3.887, 2.721, 3.076, 5.519, 5.978, 3.755, 2.344, 2.311, 4.472, 4.401, 4.635, 4.868, 4.395, 5.305, 6.685, 7.047, 7.529, 7.342, 7.437, 6.186, 4.962, 5.546, 6.601, 6.675, 7.339, 9.965, 12.468, 10.976, 6.852, 5.26, 5.202, 4.771, 4.129, 4.721, 4.867, 5.59, 6.373, 7.047, 7.755, 7.487, 6.253, 4.922, 3.895, 2.874, 2.126, 2.54, 2.518, 2.129, 2.543, 5.013, 8.4, 9.511, 8.989, 9.336, 7.686, 6.562, 8.374, 11.787, 10.024, 8.306, 8.241, 7.84, 5.54, 3.818, 3.366, 2.798, 2.985, 4.053, 4.955, 5.457, 6.322, 6.628, 3.026, 3.325, 3.701, 3.149, 3.527, 5.012, 4.358, 3.46, 3.212, 2.841, 2.464, 2.407, 2.681, 3.506, 4.699, 7.383, 9.152, 9.595, 9.936, 10.06, 10.052, 10.046, 9.781, 9.091, 8.234, 7.157, 6.23, 6.472, 6.687, 6.393, 5.877, 5.232, 4.47, 3.661, 3.16, 2.966, 2.201, 1.598, 1.819, 2.784, 3.649, 3.66, 3.276, 3.66, 3.342, 2.157, 2.189, 2.899, 2.298, 2.443, 2.377], [2.118, 1.636, 1.431, 0.0, 1.016, 2.07, 3.789, 4.759, 4.861, 4.209, 4.89, 7.997, 10.125, 11.23, 12.039, 11.265, 10.352, 11.39, 11.602, 11.959, 13.277, 13.835, 12.696, 10.937, 11.045, 10.183, 9.662, 8.918, 7.339, 7.877, 10.074, 9.996, 8.13, 8.277, 9.144, 9.668, 8.279, 5.895, 5.197, 5.036, 4.227, 3.185, 3.453, 4.832, 7.028, 8.728, 10.259, 11.575, 11.115, 10.331, 9.85, 9.1, 9.361, 9.984, 9.176, 7.563, 6.323, 5.985, 7.551, 10.604, 10.194, 9.636, 10.213, 9.081, 7.447, 6.557, 7.167, 7.311, 5.735, 4.705, 4.356, 3.48, 2.946, 4.488, 6.007, 7.779, 8.882, 7.901, 7.492, 6.583, 5.395, 4.674, 4.106, 2.994, 3.476, 5.559, 6.154, 4.08, 2.606, 2.6, 4.834, 4.807, 4.87, 5.258, 4.717, 5.579, 6.978, 7.367, 7.747, 7.639, 7.505, 6.249, 5.067, 5.593, 6.686, 6.846, 7.397, 10.108, 12.753, 11.196, 7.229, 5.772, 5.654, 5.211, 4.509, 4.709, 5.203, 5.947, 6.575, 7.294, 7.943, 7.488, 6.268, 5.218, 3.995, 2.489, 1.582, 2.033, 2.04, 1.626, 2.732, 5.198, 8.639, 9.691, 9.19, 9.363, 7.698, 6.627, 8.444, 11.84, 10.138, 8.439, 8.562, 8.209, 5.739, 4.118, 3.679, 3.156, 3.405, 4.347, 5.324, 5.816, 6.555, 6.648, 2.585, 3.319, 3.482, 2.972, 3.589, 5.119, 4.43, 3.415, 2.854, 2.428, 2.227, 2.262, 2.528, 3.14, 4.645, 7.324, 9.121, 9.548, 9.881, 10.023, 10.044, 10.03, 9.75, 9.071, 8.234, 7.15, 6.21, 6.111, 6.311, 6.14, 5.817, 5.139, 4.333, 3.544, 3.114, 2.87, 2.081, 1.865, 1.583, 2.92, 3.657, 3.587, 3.291, 3.404, 3.038, 1.893, 2.327, 3.382, 2.117, 2.4, 2.365], [2.34, 1.674, 1.426, 1.016, 0.0, 1.693, 3.463, 4.458, 4.591, 3.903, 4.623, 7.822, 9.91, 11.057, 11.89, 11.149, 10.27, 11.295, 11.381, 11.809, 13.14, 13.736, 12.449, 10.686, 10.753, 9.944, 9.48, 8.634, 7.152, 7.661, 9.958, 9.868, 8.077, 8.21, 9.042, 9.45, 8.085, 5.697, 4.992, 4.939, 4.062, 3.128, 3.243, 4.683, 6.826, 8.426, 9.939, 11.401, 10.839, 10.098, 9.661, 8.954, 9.267, 9.954, 9.159, 7.634, 6.298, 5.9, 7.263, 10.267, 9.912, 9.386, 9.986, 8.932, 7.222, 6.256, 6.814, 7.037, 5.495, 4.476, 4.177, 3.244, 2.807, 4.487, 5.823, 7.468, 8.623, 7.625, 7.286, 6.498, 5.501, 4.495, 3.998, 2.871, 3.323, 5.458, 5.966, 3.943, 2.336, 2.376, 4.702, 4.638, 4.678, 4.992, 4.569, 5.478, 6.833, 7.355, 7.624, 7.514, 7.561, 6.288, 5.121, 5.758, 6.703, 6.741, 7.281, 9.895, 12.444, 11.097, 7.107, 5.549, 5.482, 5.12, 4.374, 4.493, 4.912, 5.675, 6.295, 6.995, 7.673, 7.453, 6.179, 5.103, 3.802, 2.379, 1.749, 2.371, 2.219, 1.965, 2.688, 5.108, 8.38, 9.478, 8.961, 9.278, 7.657, 6.678, 8.403, 11.84, 10.068, 8.337, 8.347, 7.924, 5.682, 4.071, 3.591, 3.067, 3.132, 4.186, 5.07, 5.697, 6.509, 6.623, 2.521, 3.361, 3.582, 2.957, 3.461, 4.941, 4.249, 3.334, 2.796, 2.644, 2.508, 2.313, 2.456, 3.147, 4.56, 7.406, 9.213, 9.692, 9.957, 10.146, 10.131, 10.123, 9.828, 9.161, 8.325, 7.295, 6.231, 6.27, 6.494, 6.18, 5.874, 5.217, 4.457, 3.685, 3.237, 3.118, 2.241, 2.02, 1.963, 3.138, 3.755, 3.636, 3.446, 3.5, 3.146, 2.003, 2.222, 3.124, 2.33, 2.655, 2.852], [3.703, 2.47, 1.778, 2.07, 1.693, 0.0, 1.975, 2.944, 3.082, 2.4, 3.198, 6.432, 8.495, 9.67, 10.5, 9.855, 8.946, 9.95, 9.98, 10.44, 11.76, 12.391, 10.994, 9.241, 9.316, 8.502, 8.061, 7.198, 5.786, 6.274, 8.615, 8.515, 6.737, 6.87, 7.701, 8.054, 6.69, 4.353, 3.651, 3.609, 2.748, 2.076, 2.115, 3.29, 5.404, 6.955, 8.503, 9.986, 9.361, 8.653, 8.297, 7.594, 7.943, 8.658, 7.863, 6.436, 5.074, 4.765, 5.815, 8.756, 8.466, 8.042, 8.523, 7.506, 5.861, 4.777, 5.372, 5.543, 4.035, 3.062, 2.78, 1.857, 1.563, 3.313, 4.433, 6.059, 7.197, 6.125, 5.93, 5.209, 4.213, 3.156, 2.716, 1.922, 2.12, 4.179, 4.577, 2.674, 1.64, 1.962, 4.459, 4.414, 4.416, 4.621, 3.835, 4.284, 5.49, 6.069, 6.397, 6.16, 6.259, 4.981, 3.833, 4.489, 5.404, 5.42, 5.961, 8.5, 11.021, 9.73, 5.699, 4.124, 4.109, 3.777, 3.003, 3.354, 3.504, 4.173, 4.943, 5.624, 6.278, 6.157, 4.839, 3.761, 2.444, 2.289, 2.593, 3.209, 3.392, 1.811, 1.62, 3.767, 6.939, 8.065, 7.637, 7.962, 6.369, 5.379, 7.11, 10.553, 8.781, 7.05, 6.958, 6.487, 4.384, 2.837, 2.383, 1.943, 2.023, 2.992, 3.672, 4.323, 5.178, 5.304, 2.108, 4.342, 4.427, 3.48, 4.332, 6.1, 5.428, 3.969, 3.128, 2.433, 2.375, 2.835, 3.427, 4.443, 5.783, 8.755, 10.567, 11.106, 11.311, 11.527, 11.479, 11.472, 11.205, 10.521, 9.694, 8.735, 7.625, 7.751, 7.848, 7.493, 7.272, 6.69, 5.911, 5.172, 4.623, 4.083, 3.109, 2.396, 2.845, 4.037, 5.13, 5.101, 4.865, 5.008, 4.661, 3.213, 1.522, 1.799, 1.746, 3.096, 3.079], [5.044, 3.752, 3.28, 3.789, 3.463, 1.975, 0.0, 1.389, 1.584, 1.28, 1.905, 5.286, 7.395, 8.574, 9.408, 8.649, 7.829, 8.488, 8.528, 9.099, 10.572, 11.29, 9.64, 8.086, 8.137, 7.337, 6.96, 6.142, 5.062, 5.288, 7.514, 7.415, 5.637, 5.775, 6.601, 6.966, 5.601, 3.345, 2.567, 2.332, 2.311, 2.275, 2.265, 3.164, 4.228, 5.741, 7.266, 8.88, 7.951, 7.527, 7.208, 6.505, 6.854, 7.601, 7.043, 5.75, 4.318, 4.21, 4.958, 7.593, 7.375, 6.786, 7.213, 6.367, 4.59, 3.74, 4.161, 3.994, 2.613, 1.83, 1.961, 1.645, 1.557, 2.828, 3.514, 4.952, 5.829, 4.587, 4.525, 4.025, 3.004, 1.887, 1.63, 2.136, 1.8, 3.398, 3.789, 2.177, 2.031, 2.491, 4.215, 4.16, 4.15, 3.982, 3.35, 3.438, 4.37, 4.983, 5.601, 5.172, 5.234, 4.0, 2.884, 3.502, 4.369, 4.346, 4.89, 7.399, 9.847, 8.436, 4.328, 3.277, 3.385, 2.739, 1.962, 2.613, 2.658, 3.164, 4.275, 4.664, 5.211, 5.084, 3.767, 2.829, 2.106, 3.444, 4.427, 4.957, 5.254, 3.476, 1.94, 3.217, 6.022, 6.976, 6.512, 6.892, 5.319, 4.393, 6.054, 9.484, 7.712, 6.042, 5.979, 5.394, 3.711, 2.842, 2.337, 2.397, 2.668, 2.948, 2.733, 3.199, 3.678, 4.214, 2.9, 5.583, 5.445, 4.449, 5.557, 7.3, 6.597, 5.135, 3.823, 2.814, 2.831, 4.155, 5.016, 6.004, 7.209, 9.997, 11.827, 12.47, 12.56, 12.827, 12.685, 12.713, 12.35, 11.71, 10.901, 10.037, 8.993, 9.457, 8.99, 9.125, 8.572, 7.942, 7.168, 6.522, 5.891, 5.237, 4.304, 3.564, 4.183, 5.235, 6.42, 6.354, 6.146, 6.706, 6.165, 4.498, 2.316, 1.873, 2.151, 4.295, 4.145], [6.201, 4.874, 4.326, 4.759, 4.458, 2.944, 1.389, 0.0, 0.942, 1.072, 1.2, 4.043, 6.15, 7.325, 8.144, 7.385, 6.652, 7.349, 7.314, 7.91, 9.321, 10.045, 8.395, 6.841, 6.891, 6.092, 5.717, 5.074, 4.062, 4.225, 6.269, 6.17, 4.404, 4.524, 5.357, 5.754, 4.44, 2.316, 1.683, 1.642, 1.984, 2.37, 2.438, 2.544, 3.118, 4.544, 6.02, 7.635, 6.796, 6.282, 5.965, 5.262, 5.593, 6.405, 6.113, 4.906, 3.599, 3.789, 4.1, 6.41, 6.182, 5.551, 6.046, 5.249, 3.505, 2.809, 3.125, 2.939, 1.514, 1.483, 1.96, 1.944, 2.373, 3.27, 3.127, 3.779, 4.583, 3.438, 3.388, 2.933, 2.091, 1.382, 1.393, 2.623, 2.155, 2.669, 3.032, 2.272, 2.78, 3.312, 4.687, 4.517, 4.138, 4.074, 3.344, 2.793, 3.508, 3.987, 4.711, 4.206, 4.106, 2.906, 2.126, 2.611, 3.265, 3.24, 3.758, 6.154, 8.602, 7.191, 3.334, 2.577, 2.686, 2.045, 1.665, 1.92, 1.913, 2.266, 3.297, 3.591, 4.027, 3.878, 2.577, 2.065, 1.748, 4.28, 5.404, 5.973, 6.24, 4.449, 2.564, 2.39, 4.953, 5.764, 5.275, 5.719, 4.217, 3.31, 4.885, 8.272, 6.5, 4.92, 4.939, 4.349, 2.974, 2.421, 2.164, 2.414, 2.488, 2.41, 2.02, 2.388, 2.651, 3.233, 3.108, 6.805, 6.668, 5.656, 6.759, 8.509, 7.784, 6.292, 4.991, 3.757, 3.866, 5.191, 6.082, 6.99, 8.27, 11.173, 13.018, 13.695, 13.778, 14.046, 13.903, 13.938, 13.574, 12.928, 12.103, 11.237, 10.184, 10.428, 10.018, 10.182, 9.736, 9.16, 8.387, 7.679, 7.106, 6.449, 5.509, 4.753, 5.361, 6.439, 7.575, 7.573, 7.361, 7.79, 7.18, 5.696, 2.916, 1.91, 3.281, 5.51, 5.325], [6.388, 5.078, 4.502, 4.861, 4.591, 3.082, 1.584, 0.942, 0.0, 1.079, 0.87, 3.844, 5.969, 7.15, 7.985, 7.228, 6.653, 7.377, 7.209, 7.913, 9.15, 9.848, 8.198, 6.644, 6.695, 5.895, 5.521, 4.833, 3.801, 3.95, 6.072, 5.973, 4.212, 4.352, 5.17, 5.574, 4.257, 2.065, 1.533, 1.41, 1.892, 2.508, 2.296, 2.457, 3.063, 4.39, 5.83, 7.438, 6.547, 6.085, 5.791, 5.088, 5.43, 6.221, 5.9, 4.708, 3.516, 3.576, 3.895, 6.204, 5.968, 5.346, 5.813, 5.023, 3.304, 2.617, 3.059, 2.718, 1.451, 1.476, 1.989, 1.962, 2.386, 3.097, 2.717, 3.58, 4.45, 3.266, 3.176, 2.715, 1.841, 1.238, 1.351, 2.667, 2.188, 2.491, 2.838, 2.262, 2.65, 3.13, 4.427, 4.376, 4.241, 4.12, 3.469, 2.723, 3.474, 3.756, 4.51, 3.962, 3.927, 2.717, 1.818, 2.408, 3.048, 3.03, 3.553, 5.962, 8.405, 7.044, 3.349, 2.516, 2.674, 2.057, 1.51, 1.921, 2.159, 2.193, 3.067, 3.325, 3.873, 3.692, 2.421, 2.036, 1.728, 4.328, 5.411, 6.087, 6.367, 4.523, 2.742, 2.264, 4.845, 5.607, 5.1, 5.521, 3.982, 3.039, 4.689, 8.091, 6.319, 4.683, 4.682, 4.09, 2.66, 2.223, 1.916, 2.123, 2.588, 2.127, 2.064, 2.35, 2.675, 2.909, 2.975, 6.986, 6.873, 5.856, 6.957, 8.71, 7.983, 6.482, 5.149, 3.892, 4.106, 5.375, 6.225, 7.102, 8.45, 11.372, 13.217, 13.878, 13.977, 14.233, 14.103, 14.12, 13.789, 13.127, 12.302, 11.436, 10.365, 10.562, 10.157, 10.352, 9.94, 9.359, 8.586, 7.873, 7.306, 6.653, 5.702, 4.953, 5.549, 6.63, 7.768, 7.772, 7.562, 7.97, 7.318, 5.884, 3.07, 1.83, 3.481, 5.711, 5.515], [5.655, 4.356, 3.786, 4.209, 3.903, 2.4, 1.28, 1.072, 1.079, 0.0, 1.391, 4.709, 6.818, 7.994, 8.829, 8.07, 7.327, 8.077, 7.995, 8.676, 9.989, 10.713, 9.063, 7.509, 7.56, 6.76, 6.383, 5.601, 4.305, 4.795, 6.938, 6.838, 5.06, 5.196, 6.024, 6.41, 5.078, 2.864, 2.217, 1.977, 2.147, 2.028, 2.046, 2.684, 3.773, 5.185, 6.689, 8.303, 7.324, 6.95, 6.638, 5.935, 6.274, 7.053, 6.603, 5.397, 3.99, 4.1, 4.593, 7.043, 6.816, 6.217, 6.648, 5.871, 4.126, 3.077, 3.565, 3.406, 2.111, 1.733, 2.234, 1.863, 2.077, 3.221, 3.21, 4.417, 5.255, 4.035, 3.964, 3.553, 2.533, 1.612, 1.507, 2.297, 1.946, 3.163, 3.559, 2.486, 2.32, 2.841, 4.63, 4.545, 4.568, 4.386, 3.712, 3.292, 4.017, 4.506, 5.205, 4.711, 4.794, 3.582, 2.432, 3.185, 3.914, 3.905, 4.405, 6.822, 9.27, 7.859, 3.974, 2.713, 2.816, 2.609, 1.859, 2.338, 2.441, 2.701, 3.714, 4.123, 4.691, 4.577, 3.246, 2.432, 1.951, 3.801, 4.836, 5.433, 5.69, 3.911, 2.104, 2.608, 5.491, 6.42, 5.947, 6.357, 4.797, 3.845, 5.51, 8.928, 7.155, 5.493, 5.448, 4.901, 3.136, 2.451, 2.006, 1.996, 2.352, 2.343, 2.152, 2.853, 3.314, 3.703, 2.619, 6.244, 6.089, 5.034, 6.17, 7.879, 7.122, 5.645, 4.39, 3.109, 3.372, 4.662, 5.536, 6.452, 7.686, 10.525, 12.437, 13.159, 13.128, 13.494, 13.254, 13.309, 12.962, 12.267, 11.466, 10.652, 9.647, 9.874, 9.47, 9.635, 9.16, 8.496, 7.723, 7.081, 6.51, 5.795, 4.94, 4.139, 4.806, 5.792, 7.034, 6.904, 6.725, 7.243, 6.632, 5.163, 2.459, 1.467, 2.687, 4.882, 4.775], [6.442, 5.272, 4.56, 4.89, 4.623, 3.198, 1.905, 1.2, 0.87, 1.391, 0.0, 3.563, 5.676, 6.844, 7.664, 6.893, 6.409, 7.134, 6.983, 7.66, 8.878, 9.564, 8.039, 6.452, 6.491, 5.705, 5.246, 4.579, 3.515, 3.677, 5.789, 5.689, 3.936, 4.047, 4.877, 5.216, 3.945, 1.822, 1.273, 1.327, 1.813, 2.459, 2.332, 2.434, 2.795, 4.096, 5.659, 7.168, 6.289, 5.864, 5.436, 4.733, 5.103, 5.82, 5.626, 4.414, 3.251, 3.45, 3.69, 6.023, 5.733, 5.126, 5.585, 4.737, 3.024, 2.461, 2.84, 2.532, 1.246, 1.434, 1.926, 1.911, 2.391, 2.991, 2.526, 3.234, 4.17, 3.145, 2.947, 2.409, 1.61, 1.142, 1.207, 2.671, 2.181, 2.342, 2.725, 2.177, 2.741, 3.153, 4.383, 4.313, 4.057, 4.03, 3.329, 2.504, 3.292, 3.494, 4.209, 3.691, 3.656, 2.493, 1.515, 2.188, 2.782, 2.781, 3.314, 5.682, 8.123, 6.809, 3.211, 2.372, 2.552, 1.886, 1.541, 1.707, 1.98, 2.183, 2.815, 3.112, 3.505, 3.327, 2.274, 1.889, 1.746, 4.328, 5.444, 6.101, 6.379, 4.52, 2.693, 2.057, 4.604, 5.273, 4.734, 5.174, 3.709, 2.795, 4.367, 7.69, 5.922, 4.436, 4.429, 3.912, 2.402, 2.092, 1.723, 2.177, 2.529, 2.093, 1.965, 2.209, 2.37, 2.718, 3.002, 7.172, 7.15, 6.039, 7.055, 8.906, 8.251, 6.766, 5.477, 4.248, 4.3, 5.57, 6.372, 7.144, 8.56, 11.579, 13.398, 13.982, 14.133, 14.355, 14.301, 14.303, 14.014, 13.346, 12.519, 11.506, 10.494, 10.585, 10.228, 10.428, 10.078, 9.473, 8.699, 7.95, 7.43, 6.882, 5.92, 5.051, 5.614, 6.851, 7.948, 7.892, 7.632, 7.999, 7.344, 6.033, 3.185, 1.918, 3.608, 5.825, 5.644], [9.829, 8.766, 7.808, 7.997, 7.822, 6.432, 5.286, 4.043, 3.844, 4.709, 3.563, 0.0, 2.251, 3.362, 4.24, 4.044, 4.037, 4.717, 4.516, 5.251, 6.015, 6.32, 5.213, 3.019, 3.21, 2.455, 2.106, 2.412, 1.931, 1.891, 2.552, 2.147, 1.812, 1.645, 1.852, 2.131, 1.824, 2.39, 3.077, 3.185, 4.151, 5.498, 5.287, 3.727, 1.807, 1.998, 2.848, 3.773, 3.866, 2.528, 2.088, 2.073, 2.466, 3.175, 4.68, 3.879, 3.79, 4.061, 3.411, 3.561, 3.222, 2.874, 3.343, 2.53, 1.871, 2.081, 1.785, 1.871, 2.921, 3.826, 3.956, 4.8, 5.627, 4.885, 3.866, 1.928, 2.02, 1.688, 1.61, 1.659, 3.083, 3.848, 4.257, 5.944, 5.29, 3.134, 3.409, 4.231, 6.053, 6.072, 5.63, 5.697, 5.144, 5.402, 4.576, 3.499, 3.692, 3.458, 3.418, 2.958, 2.531, 2.654, 3.327, 3.284, 1.891, 1.793, 2.112, 2.565, 4.834, 3.86, 1.89, 3.408, 3.79, 4.063, 3.952, 3.784, 3.62, 2.722, 1.858, 2.058, 1.622, 1.556, 2.305, 3.582, 4.316, 7.134, 8.307, 9.169, 9.452, 7.475, 5.778, 2.983, 2.608, 2.561, 2.492, 3.132, 2.935, 2.694, 2.259, 4.58, 3.404, 2.4, 2.388, 2.05, 2.675, 4.331, 4.762, 5.341, 5.382, 4.051, 3.023, 2.809, 2.144, 2.5, 6.205, 10.728, 10.704, 9.573, 10.491, 12.41, 11.791, 10.327, 8.964, 7.678, 7.801, 8.945, 9.67, 10.306, 12.008, 15.115, 16.911, 17.323, 17.661, 17.811, 17.839, 17.829, 17.548, 16.869, 16.021, 14.923, 13.907, 13.728, 13.469, 13.656, 13.51, 12.923, 12.226, 11.392, 10.884, 10.412, 9.429, 8.498, 9.036, 10.381, 11.438, 11.419, 11.063, 11.214, 10.664, 9.539, 6.687, 5.222, 7.112, 9.304, 9.075], [11.988, 10.875, 9.94, 10.125, 9.91, 8.495, 7.395, 6.15, 5.969, 6.818, 5.676, 2.251, 0.0, 1.333, 2.208, 2.471, 3.316, 3.454, 3.269, 3.954, 4.511, 4.577, 3.781, 1.318, 1.82, 1.581, 1.342, 2.087, 2.933, 2.433, 1.604, 1.143, 2.911, 2.544, 2.038, 1.627, 2.429, 4.336, 5.003, 5.332, 6.268, 7.632, 7.426, 5.824, 3.301, 2.165, 1.865, 2.14, 2.8, 1.197, 1.72, 2.787, 2.755, 3.686, 4.994, 4.554, 4.861, 5.055, 4.124, 3.436, 2.818, 2.91, 2.932, 2.468, 3.131, 3.978, 3.362, 3.616, 5.03, 5.85, 5.919, 6.852, 7.728, 6.376, 4.775, 3.029, 2.477, 3.054, 3.305, 3.766, 5.15, 5.968, 6.397, 8.12, 7.396, 4.779, 4.664, 6.332, 8.162, 8.164, 6.751, 6.873, 6.665, 6.651, 6.063, 4.936, 4.475, 4.449, 3.97, 3.829, 3.905, 4.399, 5.381, 5.29, 3.615, 3.371, 2.904, 1.451, 3.107, 2.301, 3.761, 5.583, 5.947, 6.218, 6.096, 5.872, 5.618, 4.797, 3.661, 2.986, 2.438, 2.958, 4.087, 5.675, 6.269, 9.067, 10.276, 11.178, 11.45, 9.471, 7.771, 5.052, 2.413, 1.793, 2.82, 3.447, 3.639, 4.086, 3.004, 3.532, 2.667, 2.642, 2.453, 2.572, 4.691, 6.387, 6.892, 7.463, 7.471, 6.181, 5.137, 4.963, 4.192, 4.009, 8.306, 12.837, 12.813, 11.682, 12.618, 14.518, 13.9, 12.435, 11.083, 9.813, 9.912, 11.054, 11.731, 12.384, 14.119, 17.226, 19.036, 19.436, 19.777, 19.942, 19.956, 19.945, 19.664, 18.98, 18.132, 17.062, 16.01, 15.854, 15.589, 15.697, 15.641, 15.081, 14.357, 13.553, 12.99, 12.523, 11.54, 10.659, 11.195, 12.501, 13.535, 13.546, 13.203, 13.301, 12.807, 11.67, 8.814, 7.331, 9.238, 11.441, 11.205], [13.086, 12.05, 11.091, 11.23, 11.057, 9.67, 8.574, 7.325, 7.15, 7.994, 6.844, 3.362, 1.333, 0.0, 1.481, 2.274, 3.883, 3.777, 3.305, 3.793, 4.055, 3.781, 3.229, 1.56, 1.858, 2.089, 2.083, 2.98, 4.09, 3.526, 2.215, 1.52, 3.297, 3.249, 2.626, 1.903, 3.234, 5.43, 6.102, 6.445, 7.366, 8.729, 8.565, 6.902, 4.46, 2.843, 2.034, 2.014, 3.259, 1.843, 1.815, 3.402, 3.225, 3.358, 4.459, 4.562, 5.341, 5.639, 4.266, 3.042, 2.428, 2.61, 2.534, 2.675, 4.155, 5.154, 4.543, 4.719, 6.205, 7.021, 7.062, 8.023, 8.903, 7.139, 5.53, 3.773, 2.884, 4.106, 4.431, 4.858, 6.237, 7.132, 7.491, 9.232, 8.538, 5.738, 5.311, 7.468, 9.337, 9.339, 7.665, 7.945, 7.545, 7.523, 7.084, 6.0, 4.76, 4.483, 4.079, 4.218, 4.56, 5.367, 6.419, 6.322, 4.627, 4.455, 3.908, 1.957, 2.895, 1.742, 4.877, 6.686, 7.044, 7.32, 7.2, 7.02, 6.778, 5.972, 4.804, 4.15, 3.434, 3.903, 5.037, 6.782, 7.296, 9.941, 11.169, 12.194, 12.498, 10.519, 8.821, 6.175, 3.058, 2.232, 2.571, 2.918, 4.176, 5.015, 3.606, 2.634, 2.3, 3.24, 3.227, 3.611, 5.701, 7.481, 8.027, 8.625, 8.646, 7.335, 6.306, 6.062, 5.289, 4.998, 9.481, 14.012, 13.988, 12.857, 13.765, 15.694, 15.075, 13.61, 12.26, 10.99, 11.083, 12.226, 12.876, 13.511, 15.287, 18.397, 20.198, 20.607, 20.94, 21.1, 21.122, 21.108, 20.828, 20.144, 19.303, 18.212, 17.176, 16.946, 16.692, 16.855, 16.791, 16.201, 15.497, 14.653, 14.169, 13.695, 12.711, 11.759, 12.292, 13.672, 14.706, 14.693, 14.354, 14.425, 13.928, 12.811, 9.961, 8.506, 10.388, 12.58, 12.365], [13.91, 12.87, 11.894, 12.039, 11.89, 10.5, 9.408, 8.144, 7.985, 8.829, 7.664, 4.24, 2.208, 1.481, 0.0, 2.132, 3.634, 3.231, 2.721, 3.167, 3.303, 2.958, 2.552, 1.945, 2.05, 2.425, 2.674, 3.593, 4.9, 4.401, 3.337, 2.566, 4.234, 4.425, 3.76, 2.603, 4.152, 6.313, 7.056, 7.27, 8.18, 9.557, 9.385, 7.762, 5.303, 3.676, 2.27, 1.652, 3.137, 2.382, 2.991, 4.659, 4.507, 4.299, 5.189, 5.565, 6.406, 6.669, 5.082, 3.468, 2.525, 2.776, 2.619, 3.128, 4.944, 5.987, 5.377, 5.539, 7.024, 7.84, 7.909, 8.858, 9.722, 7.973, 6.423, 4.613, 3.677, 4.926, 5.263, 5.681, 7.049, 7.952, 8.317, 10.025, 9.357, 6.613, 6.33, 8.287, 10.16, 10.159, 8.637, 8.828, 8.4, 8.342, 7.943, 6.819, 5.485, 5.211, 4.887, 5.119, 5.631, 6.377, 7.325, 7.218, 5.597, 5.373, 4.837, 2.58, 2.58, 1.467, 5.693, 7.515, 7.86, 8.127, 8.01, 7.844, 7.597, 6.791, 5.639, 4.974, 4.389, 4.808, 6.08, 7.599, 8.307, 11.017, 12.256, 13.149, 13.449, 11.433, 9.745, 7.018, 3.933, 2.623, 3.168, 3.93, 5.335, 6.043, 4.48, 2.737, 2.791, 4.077, 4.055, 4.44, 6.66, 8.372, 8.861, 9.444, 9.466, 8.155, 7.126, 6.891, 6.102, 5.92, 10.3, 14.831, 14.807, 13.677, 14.59, 16.513, 15.894, 14.43, 13.095, 11.825, 11.903, 13.051, 13.734, 14.381, 16.102, 19.218, 21.014, 21.427, 21.755, 21.913, 21.939, 21.923, 21.646, 20.963, 20.123, 19.024, 17.994, 17.767, 17.498, 17.727, 17.606, 17.021, 16.32, 15.462, 14.986, 14.515, 13.532, 12.568, 13.106, 14.48, 15.536, 15.518, 15.166, 15.293, 14.756, 13.633, 10.786, 9.328, 11.21, 13.403, 13.179], [13.077, 12.084, 11.13, 11.265, 11.149, 9.855, 8.649, 7.385, 7.228, 8.07, 6.893, 4.044, 2.471, 2.274, 2.132, 0.0, 1.805, 1.824, 2.214, 2.436, 2.77, 2.923, 2.326, 1.984, 1.796, 2.158, 2.458, 2.884, 4.179, 4.106, 3.597, 2.634, 4.208, 4.331, 3.446, 2.912, 3.845, 5.992, 6.456, 6.475, 7.386, 8.78, 8.633, 7.012, 4.508, 3.029, 2.407, 1.511, 1.654, 2.249, 3.395, 4.918, 4.649, 5.161, 6.396, 6.079, 6.657, 6.834, 5.751, 4.977, 3.792, 3.454, 3.929, 3.129, 4.169, 5.276, 4.647, 4.782, 6.246, 7.118, 7.329, 8.281, 8.976, 7.82, 6.602, 4.622, 3.295, 4.228, 4.701, 4.767, 6.176, 7.185, 7.503, 9.227, 8.578, 6.324, 6.506, 7.873, 9.418, 9.676, 8.697, 8.786, 8.214, 7.739, 7.242, 6.047, 4.996, 5.156, 5.515, 5.64, 5.389, 6.183, 6.627, 6.38, 5.108, 4.663, 4.105, 2.045, 2.046, 1.526, 4.89, 6.745, 7.057, 7.277, 7.22, 7.012, 6.819, 6.032, 5.067, 4.32, 3.871, 4.117, 5.442, 6.702, 7.721, 10.451, 11.601, 12.385, 12.666, 10.862, 9.061, 6.213, 3.253, 2.571, 3.626, 4.585, 5.696, 6.256, 4.449, 4.272, 3.628, 4.273, 3.985, 4.408, 6.275, 7.766, 8.145, 8.692, 8.728, 7.418, 6.366, 6.088, 5.215, 5.637, 9.581, 14.053, 14.029, 12.916, 13.817, 15.747, 15.127, 13.652, 12.328, 11.058, 11.117, 12.279, 13.049, 13.701, 15.346, 18.431, 20.226, 20.643, 20.972, 21.12, 21.154, 21.132, 20.856, 20.174, 19.334, 18.231, 17.23, 16.966, 16.67, 17.006, 16.83, 16.183, 15.487, 14.635, 14.178, 13.728, 12.745, 11.741, 12.291, 13.693, 14.739, 14.685, 14.388, 14.499, 13.951, 12.832, 9.95, 8.548, 10.432, 12.622, 12.379], [12.135, 11.113, 10.159, 10.352, 10.27, 8.946, 7.829, 6.652, 6.653, 7.327, 6.409, 4.037, 3.316, 3.883, 3.634, 1.805, 0.0, 1.49, 2.475, 2.515, 3.577, 3.963, 3.294, 2.905, 2.945, 2.649, 2.648, 2.867, 3.69, 3.912, 4.067, 3.835, 5.169, 4.72, 4.282, 3.939, 3.873, 5.84, 6.222, 5.978, 6.454, 7.786, 7.644, 6.024, 3.996, 3.949, 3.519, 2.625, 1.95, 3.156, 4.749, 5.445, 5.327, 6.609, 8.023, 7.39, 7.517, 7.781, 7.122, 6.589, 5.329, 5.015, 5.462, 4.416, 3.832, 4.574, 3.941, 4.407, 5.538, 6.62, 7.12, 7.857, 8.557, 8.384, 7.594, 5.516, 4.469, 4.701, 4.931, 4.549, 5.834, 6.546, 6.793, 8.263, 7.602, 6.706, 7.149, 7.677, 8.885, 9.451, 9.339, 9.344, 8.801, 8.607, 7.549, 6.422, 6.155, 6.626, 6.849, 6.679, 5.793, 6.261, 6.341, 6.28, 5.138, 4.665, 3.753, 2.304, 2.802, 2.836, 3.936, 5.766, 6.098, 6.347, 6.316, 6.459, 6.392, 5.73, 4.811, 3.807, 3.893, 4.482, 5.103, 6.313, 7.117, 9.789, 10.927, 11.486, 11.79, 10.018, 8.153, 5.539, 2.423, 3.436, 4.989, 6.232, 6.533, 6.458, 5.265, 5.762, 5.059, 5.134, 4.563, 4.731, 5.895, 7.378, 7.453, 7.967, 7.784, 6.714, 5.652, 5.163, 4.724, 5.898, 8.78, 13.075, 13.061, 11.95, 12.851, 14.781, 14.161, 12.673, 11.394, 10.19, 10.144, 11.33, 12.117, 12.841, 14.391, 17.458, 19.255, 19.664, 20.015, 20.157, 20.179, 20.165, 19.884, 19.201, 18.356, 17.259, 16.246, 16.085, 15.804, 16.04, 15.848, 15.247, 14.543, 13.669, 13.205, 12.755, 11.772, 10.775, 11.308, 12.718, 13.766, 13.743, 13.41, 13.559, 13.053, 11.856, 9.011, 7.589, 9.471, 11.643, 11.422], [12.916, 11.915, 11.067, 11.39, 11.295, 9.95, 8.488, 7.349, 7.377, 8.077, 7.134, 4.717, 3.454, 3.777, 3.231, 1.824, 1.49, 0.0, 1.693, 1.651, 2.68, 3.131, 2.49, 3.054, 2.724, 2.882, 3.127, 3.59, 4.564, 4.803, 4.513, 3.878, 5.545, 5.363, 4.664, 3.789, 4.512, 6.679, 6.985, 6.676, 7.398, 8.663, 8.497, 6.912, 4.742, 3.909, 3.11, 2.11, 1.983, 3.261, 4.863, 5.952, 5.754, 6.653, 7.906, 7.502, 7.898, 8.066, 7.219, 6.465, 5.068, 4.529, 4.951, 4.342, 4.54, 5.468, 4.771, 5.077, 6.327, 7.303, 7.873, 8.751, 9.288, 8.91, 7.781, 5.809, 4.446, 4.896, 5.302, 5.382, 6.609, 7.222, 7.503, 9.035, 8.449, 7.229, 7.685, 8.419, 9.739, 10.182, 9.6, 9.634, 9.303, 8.626, 7.789, 6.621, 5.93, 6.535, 6.988, 6.97, 6.402, 6.997, 7.156, 6.995, 5.898, 5.329, 4.609, 2.759, 2.164, 2.349, 4.683, 6.53, 6.847, 7.116, 7.041, 7.021, 6.875, 6.37, 5.63, 4.765, 4.523, 4.953, 5.931, 6.7, 8.104, 10.766, 12.016, 12.565, 12.866, 11.057, 9.136, 6.514, 3.415, 3.162, 4.793, 6.075, 6.789, 7.061, 5.253, 5.243, 4.875, 5.467, 4.974, 5.194, 6.816, 8.322, 8.415, 8.939, 8.71, 7.604, 6.442, 5.969, 5.299, 6.528, 9.745, 13.842, 13.831, 12.72, 13.622, 15.552, 14.931, 13.44, 12.144, 10.943, 10.926, 12.22, 13.089, 13.837, 15.255, 18.223, 20.035, 20.473, 20.772, 20.914, 20.94, 20.924, 20.651, 19.964, 19.124, 18.013, 17.052, 17.056, 16.602, 17.011, 16.678, 15.99, 15.297, 14.402, 13.969, 13.52, 12.537, 11.512, 12.057, 13.495, 14.558, 14.498, 14.167, 14.529, 13.905, 12.644, 9.767, 8.512, 10.238, 12.409, 12.191], [13.106, 12.059, 11.253, 11.602, 11.381, 9.98, 8.528, 7.314, 7.209, 7.995, 6.983, 4.516, 3.269, 3.305, 2.721, 2.214, 2.475, 1.693, 0.0, 1.217, 2.197, 2.819, 1.519, 2.94, 2.394, 2.548, 3.002, 3.402, 4.419, 4.678, 4.679, 3.708, 5.418, 5.273, 4.539, 3.206, 4.341, 6.499, 6.858, 6.675, 7.629, 8.847, 8.584, 7.101, 4.838, 3.344, 2.28, 2.06, 2.479, 3.331, 4.57, 5.857, 5.833, 6.568, 7.625, 7.495, 7.81, 7.838, 6.773, 5.67, 4.412, 3.791, 4.259, 4.006, 4.354, 5.387, 4.708, 4.87, 6.282, 7.301, 7.74, 8.63, 9.109, 8.777, 7.47, 5.551, 4.09, 4.563, 5.043, 5.392, 6.653, 7.201, 7.645, 9.249, 8.674, 7.049, 7.467, 8.2, 9.53, 9.938, 9.345, 9.333, 9.094, 8.316, 7.593, 6.449, 5.518, 6.118, 6.56, 6.744, 6.401, 6.889, 7.135, 7.084, 5.81, 5.211, 4.644, 2.781, 2.267, 1.946, 4.93, 6.665, 7.012, 7.375, 7.357, 7.069, 6.832, 6.113, 5.465, 4.611, 4.338, 4.996, 5.888, 6.835, 8.1, 11.101, 12.198, 12.828, 13.098, 11.292, 9.403, 6.651, 3.492, 2.797, 4.257, 5.707, 6.574, 7.016, 5.262, 4.738, 4.6, 5.275, 4.726, 4.948, 6.777, 8.206, 8.364, 8.863, 8.834, 7.548, 6.43, 6.152, 5.56, 6.569, 9.732, 13.952, 13.928, 12.797, 13.751, 15.633, 15.015, 13.55, 12.225, 10.928, 11.024, 12.339, 13.205, 13.899, 15.392, 18.346, 20.15, 20.639, 20.898, 21.057, 21.063, 21.067, 20.78, 20.111, 19.267, 18.207, 17.178, 17.284, 16.87, 17.175, 16.77, 16.154, 15.461, 14.628, 14.156, 13.654, 12.682, 11.732, 12.296, 13.626, 14.713, 14.64, 14.335, 14.737, 14.084, 12.772, 9.908, 8.639, 10.333, 12.525, 12.358], [13.546, 12.496, 11.605, 11.959, 11.809, 10.44, 9.099, 7.91, 7.913, 8.676, 7.66, 5.251, 3.954, 3.793, 3.167, 2.436, 2.515, 1.651, 1.217, 0.0, 1.834, 2.322, 1.469, 3.522, 2.924, 3.212, 3.733, 4.146, 5.064, 5.344, 5.352, 4.289, 5.967, 5.998, 5.115, 3.865, 4.989, 7.207, 7.471, 7.256, 7.986, 9.255, 9.092, 7.541, 5.349, 4.008, 2.927, 2.39, 2.985, 4.042, 5.019, 6.468, 6.445, 6.928, 7.977, 7.905, 8.337, 8.401, 7.3, 6.167, 4.91, 4.369, 4.78, 4.492, 4.988, 5.947, 5.314, 5.593, 6.844, 7.787, 8.355, 9.181, 9.746, 9.405, 8.101, 6.152, 4.6, 5.381, 5.814, 5.968, 7.28, 7.795, 8.184, 9.72, 9.144, 7.758, 8.139, 8.891, 10.212, 10.694, 10.033, 10.036, 9.7, 9.062, 8.212, 7.131, 5.995, 6.527, 6.997, 7.232, 7.026, 7.568, 7.726, 7.717, 6.456, 5.86, 5.195, 3.395, 2.095, 2.304, 5.447, 7.248, 7.575, 7.851, 7.799, 7.658, 7.529, 6.911, 6.1, 5.2, 4.994, 5.652, 6.537, 7.611, 8.576, 11.43, 12.556, 13.172, 13.429, 11.636, 9.777, 7.063, 3.912, 3.445, 4.664, 6.105, 7.203, 7.686, 5.757, 5.089, 5.021, 5.866, 5.36, 5.642, 7.291, 8.707, 8.835, 9.374, 9.231, 8.098, 6.963, 6.597, 6.134, 7.258, 10.188, 14.472, 14.461, 13.351, 14.254, 16.182, 15.562, 14.078, 12.761, 11.547, 11.525, 12.762, 13.617, 14.334, 15.847, 18.842, 20.651, 21.087, 21.411, 21.557, 21.563, 21.561, 21.29, 20.602, 19.744, 18.656, 17.671, 17.65, 17.34, 17.565, 17.248, 16.624, 15.92, 15.123, 14.618, 14.136, 13.153, 12.205, 12.738, 14.113, 15.167, 15.112, 14.795, 15.089, 14.514, 13.25, 10.388, 9.074, 10.867, 13.034, 12.805], [15.07, 14.052, 13.107, 13.277, 13.14, 11.76, 10.572, 9.321, 9.15, 9.989, 8.878, 6.015, 4.511, 4.055, 3.303, 2.77, 3.577, 2.68, 2.197, 1.834, 0.0, 1.382, 1.69, 3.894, 3.408, 3.884, 4.311, 4.855, 6.126, 6.038, 5.591, 4.664, 6.343, 6.478, 5.596, 4.618, 5.842, 7.979, 8.441, 8.417, 9.334, 10.774, 10.622, 9.005, 6.484, 4.922, 3.569, 2.824, 3.634, 4.437, 5.533, 7.034, 6.807, 7.12, 8.03, 8.236, 8.895, 9.023, 7.847, 6.4, 5.19, 4.905, 5.3, 4.986, 6.192, 7.197, 6.531, 6.759, 8.204, 9.095, 9.347, 10.303, 10.921, 10.035, 8.783, 6.811, 5.246, 6.258, 6.768, 6.92, 8.218, 9.15, 9.474, 11.178, 10.549, 8.407, 8.682, 9.897, 11.409, 11.718, 10.814, 10.858, 10.357, 9.906, 9.286, 8.03, 6.821, 7.085, 7.581, 7.83, 7.535, 8.226, 8.686, 8.481, 7.188, 6.73, 6.062, 3.967, 2.426, 2.705, 6.743, 8.601, 8.979, 9.253, 9.13, 9.005, 8.774, 7.989, 7.054, 6.323, 5.867, 6.164, 7.355, 8.613, 9.65, 12.499, 13.695, 14.393, 14.682, 12.814, 10.987, 8.264, 5.196, 4.021, 5.083, 6.307, 7.794, 8.269, 6.355, 5.251, 5.519, 6.505, 6.1, 6.473, 8.29, 9.811, 10.136, 10.728, 10.688, 9.412, 8.307, 7.996, 7.199, 7.746, 11.519, 16.008, 15.984, 14.854, 15.754, 17.69, 17.071, 15.607, 14.241, 12.955, 13.078, 14.284, 15.008, 15.674, 17.275, 20.392, 22.195, 22.617, 22.916, 23.088, 23.107, 23.084, 22.806, 22.119, 21.287, 20.182, 19.207, 18.924, 18.656, 18.999, 18.781, 18.168, 17.474, 16.568, 16.139, 15.689, 14.713, 13.689, 14.224, 15.648, 16.71, 16.678, 16.338, 16.516, 15.926, 14.805, 11.946, 10.535, 12.384, 14.577, 14.356], [15.743, 14.761, 13.797, 13.835, 13.736, 12.391, 11.29, 10.045, 9.848, 10.713, 9.564, 6.32, 4.577, 3.781, 2.958, 2.923, 3.963, 3.131, 2.819, 2.322, 1.382, 0.0, 1.684, 3.891, 3.553, 4.173, 4.565, 5.344, 6.773, 6.331, 5.534, 4.691, 6.071, 6.53, 5.716, 4.836, 6.164, 8.256, 8.84, 9.056, 9.996, 11.409, 11.242, 9.619, 7.113, 5.549, 4.071, 2.925, 3.871, 4.475, 5.386, 7.059, 6.675, 6.454, 7.36, 7.796, 8.696, 8.953, 7.464, 5.924, 4.718, 4.801, 5.031, 4.976, 6.835, 7.874, 7.242, 7.436, 8.925, 9.742, 9.817, 10.772, 11.623, 10.011, 8.778, 6.829, 5.548, 6.826, 7.216, 7.409, 8.734, 9.852, 10.068, 11.902, 11.221, 8.566, 8.59, 10.311, 12.057, 12.192, 10.994, 11.126, 10.476, 10.266, 9.829, 8.709, 7.363, 7.035, 7.295, 7.545, 7.509, 8.314, 9.084, 8.755, 7.396, 7.199, 6.552, 4.167, 2.174, 2.87, 7.415, 9.325, 9.652, 9.922, 9.841, 9.691, 9.498, 8.692, 7.544, 6.875, 6.268, 6.443, 7.791, 9.247, 10.139, 12.777, 14.022, 14.914, 15.204, 13.255, 11.487, 8.798, 5.73, 4.417, 5.31, 5.905, 7.727, 8.28, 6.406, 4.616, 5.057, 6.34, 6.177, 6.655, 8.61, 10.26, 10.696, 11.345, 11.371, 10.06, 9.026, 8.638, 7.698, 7.692, 12.193, 16.732, 16.708, 15.577, 16.478, 18.414, 17.795, 16.331, 14.957, 13.671, 13.794, 14.936, 15.619, 16.259, 17.99, 21.108, 22.886, 23.29, 23.627, 23.792, 23.819, 23.788, 23.515, 22.832, 21.993, 20.89, 19.869, 19.6, 19.308, 19.612, 19.487, 18.849, 18.142, 17.215, 16.855, 16.405, 15.413, 14.363, 14.892, 16.352, 17.402, 17.364, 17.053, 17.122, 16.586, 15.494, 12.618, 11.226, 13.108, 15.3, 15.056], [14.418, 13.183, 12.458, 12.696, 12.449, 10.994, 9.64, 8.395, 8.198, 9.063, 8.039, 5.213, 3.781, 3.229, 2.552, 2.326, 3.294, 2.49, 1.519, 1.469, 1.69, 1.684, 0.0, 3.063, 2.501, 3.045, 3.594, 4.015, 5.455, 5.37, 5.2, 3.98, 5.51, 5.793, 5.005, 3.774, 5.054, 7.265, 7.792, 7.778, 8.812, 10.113, 9.878, 8.353, 5.871, 4.067, 2.692, 2.16, 2.812, 3.64, 4.719, 6.326, 6.201, 6.317, 7.24, 7.506, 8.114, 7.956, 6.652, 5.156, 3.963, 3.875, 4.126, 3.997, 5.407, 6.434, 5.794, 5.789, 7.334, 8.23, 8.543, 9.436, 10.091, 9.078, 7.832, 5.778, 4.111, 5.34, 5.85, 6.37, 7.678, 8.368, 8.884, 10.579, 9.897, 7.65, 7.734, 9.077, 10.538, 10.641, 9.74, 9.854, 9.378, 8.844, 8.378, 7.266, 5.896, 6.069, 6.602, 6.844, 6.877, 7.536, 8.047, 7.909, 6.522, 6.032, 5.649, 3.248, 1.869, 2.004, 6.188, 7.949, 8.358, 8.703, 8.581, 8.304, 7.921, 7.053, 6.312, 5.596, 5.059, 5.623, 6.888, 8.153, 9.074, 12.086, 13.161, 13.904, 14.19, 12.302, 10.494, 7.675, 4.474, 3.267, 4.245, 5.516, 7.103, 7.641, 5.834, 4.42, 4.581, 5.619, 5.168, 5.471, 7.621, 9.105, 9.438, 9.862, 9.89, 8.592, 7.611, 7.409, 6.733, 7.163, 10.739, 15.127, 15.058, 13.987, 15.04, 16.849, 16.145, 14.681, 13.336, 12.051, 12.174, 13.381, 14.125, 14.982, 16.507, 19.515, 21.352, 21.875, 22.122, 22.337, 22.256, 22.289, 21.933, 21.267, 20.441, 19.52, 18.37, 18.429, 18.096, 18.213, 18.052, 17.499, 16.726, 15.971, 15.392, 14.798, 13.836, 13.077, 13.635, 14.803, 15.857, 15.92, 15.655, 15.812, 15.279, 14.034, 11.182, 9.723, 11.623, 13.852, 13.605], [12.78, 11.599, 10.759, 10.937, 10.686, 9.241, 8.086, 6.841, 6.644, 7.509, 6.452, 3.019, 1.318, 1.56, 1.945, 1.984, 2.905, 3.054, 2.94, 3.522, 3.894, 3.891, 3.063, 0.0, 1.009, 1.208, 1.493, 2.397, 3.74, 3.132, 2.256, 1.442, 3.347, 3.116, 2.55, 2.058, 2.824, 5.126, 5.743, 6.12, 7.071, 8.42, 8.205, 6.599, 4.119, 2.844, 2.067, 1.884, 2.49, 1.559, 2.287, 3.478, 3.387, 4.268, 5.578, 5.082, 5.428, 5.501, 4.565, 3.948, 2.991, 3.063, 3.144, 2.624, 3.751, 4.726, 4.111, 4.231, 5.745, 6.537, 6.658, 7.562, 8.419, 6.917, 5.394, 3.549, 2.921, 3.706, 4.097, 4.588, 5.973, 6.728, 7.194, 8.939, 8.211, 5.468, 5.117, 7.12, 8.928, 8.877, 7.4, 7.65, 7.189, 7.301, 6.685, 5.659, 4.82, 5.037, 4.574, 4.431, 4.445, 5.118, 6.145, 6.068, 4.363, 4.131, 3.691, 1.704, 2.494, 2.087, 4.514, 6.336, 6.739, 7.038, 6.916, 6.664, 6.342, 5.488, 4.433, 3.774, 3.08, 3.643, 4.759, 6.488, 6.981, 9.75, 10.935, 11.935, 12.218, 10.221, 8.518, 5.871, 2.518, 1.978, 3.046, 3.794, 4.445, 4.914, 3.547, 3.386, 2.554, 3.128, 2.779, 3.18, 5.426, 7.161, 7.688, 8.209, 8.212, 6.926, 5.939, 5.755, 5.006, 4.754, 9.046, 13.547, 13.504, 12.407, 13.404, 15.238, 14.591, 13.127, 11.779, 10.493, 10.616, 11.758, 12.419, 13.144, 14.887, 17.931, 19.764, 20.219, 20.534, 20.715, 20.671, 20.7, 20.37, 19.689, 18.84, 17.877, 16.738, 16.661, 16.406, 16.432, 16.423, 15.878, 15.136, 14.35, 13.749, 13.227, 12.245, 11.456, 11.995, 13.218, 14.238, 14.322, 14.015, 14.068, 13.602, 12.449, 9.59, 8.072, 10.014, 12.233, 11.965], [12.832, 11.638, 10.8, 11.045, 10.753, 9.316, 8.137, 6.891, 6.695, 7.56, 6.491, 3.21, 1.82, 1.858, 2.05, 1.796, 2.945, 2.724, 2.394, 2.924, 3.408, 3.553, 2.501, 1.009, 0.0, 1.114, 1.763, 2.629, 3.826, 3.367, 2.969, 1.734, 3.624, 3.506, 2.75, 1.793, 3.088, 5.22, 5.905, 6.162, 7.135, 8.473, 8.271, 6.766, 4.229, 2.563, 1.703, 1.648, 2.343, 1.948, 2.603, 4.016, 3.963, 4.546, 5.766, 5.457, 5.845, 5.774, 4.695, 3.913, 2.804, 2.766, 2.993, 2.525, 3.793, 4.771, 4.152, 4.282, 5.784, 6.588, 6.797, 7.638, 8.47, 7.097, 5.569, 3.716, 2.812, 3.743, 4.127, 4.695, 6.081, 6.78, 7.27, 8.981, 8.346, 5.548, 5.468, 7.189, 8.967, 8.93, 7.735, 7.843, 7.435, 7.162, 6.66, 5.689, 4.547, 4.847, 4.697, 4.677, 4.657, 5.43, 6.363, 6.262, 4.562, 4.316, 3.952, 1.969, 2.163, 1.784, 4.578, 6.373, 6.785, 7.104, 6.982, 6.706, 6.381, 5.538, 4.553, 3.91, 3.318, 3.835, 5.02, 6.554, 7.217, 9.952, 11.183, 12.149, 12.416, 10.417, 8.705, 6.017, 2.709, 1.916, 2.845, 3.889, 4.765, 5.36, 3.677, 3.396, 2.639, 3.438, 2.938, 3.282, 5.613, 7.224, 7.744, 8.265, 8.251, 6.971, 5.981, 5.801, 5.145, 5.027, 9.086, 13.586, 13.554, 12.446, 13.441, 15.276, 14.642, 13.177, 11.828, 10.542, 10.665, 11.807, 12.51, 13.22, 14.927, 17.982, 19.807, 20.278, 20.573, 20.76, 20.711, 20.74, 20.42, 19.742, 18.89, 17.922, 16.796, 16.753, 16.524, 16.526, 16.463, 15.922, 15.176, 14.394, 13.794, 13.276, 12.296, 11.5, 12.037, 13.257, 14.289, 14.361, 14.057, 14.18, 13.658, 12.489, 9.629, 8.111, 10.053, 12.278, 12.006], [12.03, 10.852, 9.986, 10.183, 9.944, 8.502, 7.337, 6.092, 5.895, 6.76, 5.705, 2.455, 1.581, 2.089, 2.425, 2.158, 2.649, 2.882, 2.548, 3.212, 3.884, 4.173, 3.045, 1.208, 1.114, 0.0, 1.354, 2.098, 3.091, 2.693, 2.77, 1.735, 3.445, 3.239, 2.648, 1.606, 2.299, 4.556, 5.156, 5.378, 6.311, 7.685, 7.469, 5.882, 3.337, 2.206, 1.571, 1.952, 2.331, 1.891, 2.649, 3.761, 3.807, 4.519, 5.846, 5.395, 5.717, 5.665, 4.725, 4.079, 2.925, 2.945, 3.132, 2.53, 3.003, 3.976, 3.364, 3.486, 4.999, 5.818, 5.972, 6.838, 7.677, 6.85, 5.472, 3.526, 2.662, 3.357, 3.422, 3.816, 5.207, 5.968, 6.445, 8.167, 7.456, 5.179, 5.353, 6.42, 8.181, 8.171, 7.456, 7.352, 7.11, 6.863, 6.054, 5.126, 4.434, 4.76, 4.603, 4.656, 4.403, 4.81, 5.472, 5.46, 3.83, 3.605, 3.114, 1.847, 2.791, 2.211, 3.79, 5.578, 5.989, 6.271, 6.149, 5.945, 5.739, 4.775, 3.719, 3.203, 2.79, 3.354, 4.217, 5.786, 6.392, 9.265, 10.415, 11.282, 11.56, 9.603, 7.881, 5.125, 2.093, 1.851, 2.825, 4.04, 4.507, 4.953, 3.279, 3.719, 2.88, 3.275, 2.785, 2.925, 4.819, 6.476, 6.945, 7.459, 7.471, 6.176, 5.179, 5.006, 4.26, 4.511, 8.299, 12.801, 12.755, 11.66, 12.647, 14.491, 13.842, 12.378, 11.03, 9.745, 9.867, 11.011, 11.704, 12.434, 14.14, 17.182, 19.013, 19.457, 19.783, 19.962, 19.924, 19.95, 19.621, 18.938, 18.087, 17.106, 15.992, 15.91, 15.643, 15.72, 15.673, 15.124, 14.389, 13.596, 12.983, 12.479, 11.496, 10.702, 11.237, 12.469, 13.489, 13.575, 13.246, 13.347, 12.853, 11.702, 8.843, 7.326, 9.268, 11.483, 11.197], [11.511, 10.44, 9.493, 9.662, 9.48, 8.061, 6.96, 5.717, 5.521, 6.383, 5.246, 2.106, 1.342, 2.083, 2.674, 2.458, 2.648, 3.127, 3.002, 3.733, 4.311, 4.565, 3.594, 1.493, 1.763, 1.354, 0.0, 1.555, 2.589, 2.181, 2.041, 1.513, 3.03, 2.571, 2.274, 1.681, 1.985, 3.956, 4.555, 4.844, 5.794, 7.153, 6.955, 5.344, 3.09, 2.299, 1.724, 2.083, 2.279, 1.571, 2.726, 3.307, 3.238, 4.485, 5.847, 5.291, 5.416, 5.522, 4.782, 4.261, 3.106, 3.039, 3.348, 2.417, 2.582, 3.544, 2.912, 3.115, 4.595, 5.471, 5.505, 6.424, 7.293, 6.345, 5.413, 3.387, 2.734, 3.072, 3.263, 3.361, 4.742, 5.525, 5.928, 7.663, 6.975, 4.619, 4.847, 5.937, 7.727, 7.816, 7.33, 7.378, 6.697, 6.823, 6.012, 4.963, 4.476, 4.802, 4.671, 4.488, 3.721, 4.182, 4.921, 4.842, 3.209, 2.987, 2.457, 1.115, 3.361, 2.327, 3.246, 5.059, 5.471, 5.773, 5.646, 5.443, 5.222, 4.363, 3.293, 2.715, 2.05, 2.781, 3.621, 5.237, 5.806, 8.676, 9.784, 10.708, 11.011, 8.989, 7.267, 4.632, 1.747, 1.595, 2.943, 3.989, 4.369, 4.361, 3.196, 3.846, 2.944, 2.916, 2.366, 2.61, 4.263, 5.956, 6.459, 7.015, 7.037, 5.725, 4.705, 4.487, 3.751, 3.902, 7.871, 12.402, 12.378, 11.247, 12.191, 14.084, 13.465, 12.001, 10.641, 9.355, 9.478, 10.621, 11.277, 11.911, 13.678, 16.792, 18.594, 19.008, 19.337, 19.491, 19.517, 19.504, 19.223, 18.544, 17.703, 16.633, 15.58, 15.395, 15.158, 15.261, 15.212, 14.625, 13.921, 13.08, 12.566, 12.09, 11.106, 10.186, 10.719, 12.067, 13.111, 13.116, 12.76, 12.867, 12.358, 11.234, 8.384, 6.896, 8.808, 11.001, 10.76], [10.711, 9.499, 8.691, 8.918, 8.634, 7.198, 6.142, 5.074, 4.833, 5.601, 4.579, 2.412, 2.087, 2.98, 3.593, 2.884, 2.867, 3.59, 3.402, 4.146, 4.855, 5.344, 4.015, 2.397, 2.629, 2.098, 1.555, 0.0, 1.741, 1.781, 2.638, 2.492, 3.392, 2.9, 2.708, 2.755, 2.75, 3.633, 4.39, 4.485, 5.136, 6.362, 6.144, 4.643, 3.061, 2.597, 2.248, 2.931, 2.415, 2.188, 3.422, 3.886, 3.706, 5.217, 6.661, 5.974, 5.886, 5.992, 5.282, 4.929, 4.086, 3.948, 4.292, 3.369, 2.719, 2.887, 2.533, 2.81, 3.964, 5.181, 5.289, 5.642, 6.392, 6.441, 5.815, 3.883, 3.008, 3.091, 3.202, 3.066, 4.666, 5.006, 5.413, 6.874, 6.371, 4.86, 5.177, 5.433, 6.832, 7.056, 7.596, 7.575, 6.82, 6.882, 6.0, 5.084, 5.063, 5.283, 5.193, 4.835, 3.997, 4.182, 4.446, 4.418, 3.328, 2.679,