[[0.0, 3.276, 5.173, 6.184, 7.129, 8.19, 8.884, 9.445, 9.869, 10.041, 10.396, 11.459, 13.088, 14.401, 15.229, 16.58, 18.381, 18.766, 19.555, 21.146, 22.222, 22.527, 22.638, 23.075, 23.647, 24.163, 24.933, 25.772, 26.263, 26.274, 26.063, 26.103, 26.391, 26.231, 26.167, 26.523, 26.745, 26.844, 27.097, 27.167, 27.082, 27.172, 27.27, 27.351, 27.365, 27.39, 27.794, 28.552, 29.018, 29.079, 28.802, 28.698, 28.762, 28.905, 29.0, 29.011, 29.186, 29.843, 30.62, 31.269, 31.265, 30.95, 30.754, 30.071, 29.318, 28.976, 28.805, 28.773, 28.778, 28.808, 28.776, 28.721, 28.634, 28.554, 28.521, 28.682, 29.078, 29.163, 28.904, 28.806, 28.658, 28.378, 28.083, 27.894, 27.783, 27.829], [3.276, 0.0, 2.417, 3.941, 5.257, 6.4, 7.186, 7.805, 8.314, 8.63, 9.071, 10.298, 12.068, 13.431, 14.227, 15.497, 17.357, 17.79, 18.597, 20.305, 21.511, 21.876, 22.017, 22.501, 23.115, 23.658, 24.475, 25.372, 25.887, 25.919, 25.721, 25.792, 26.125, 25.976, 25.936, 26.349, 26.593, 26.687, 26.93, 27.004, 26.923, 26.997, 27.09, 27.165, 27.178, 27.199, 27.553, 28.28, 28.735, 28.821, 28.574, 28.473, 28.529, 28.667, 28.761, 28.77, 28.949, 29.615, 30.395, 31.043, 31.044, 30.735, 30.537, 29.856, 29.116, 28.77, 28.582, 28.542, 28.556, 28.597, 28.573, 28.528, 28.449, 28.37, 28.327, 28.485, 28.873, 28.933, 28.653, 28.552, 28.433, 28.2, 27.925, 27.741, 27.659, 27.726], [5.173, 2.417, 0.0, 2.097, 3.921, 5.32, 6.298, 7.013, 7.572, 8.035, 8.521, 9.744, 11.458, 12.808, 13.612, 14.869, 16.736, 17.184, 17.987, 19.751, 21.026, 21.422, 21.575, 22.042, 22.629, 23.156, 23.951, 24.838, 25.352, 25.401, 25.212, 25.293, 25.648, 25.496, 25.432, 25.859, 26.132, 26.221, 26.448, 26.524, 26.441, 26.482, 26.555, 26.617, 26.629, 26.644, 26.993, 27.741, 28.203, 28.286, 28.053, 27.963, 28.013, 28.149, 28.242, 28.25, 28.444, 29.137, 29.938, 30.605, 30.615, 30.298, 30.091, 29.402, 28.657, 28.303, 28.099, 28.052, 28.08, 28.136, 28.114, 28.077, 28.005, 27.921, 27.871, 28.039, 28.435, 28.474, 28.166, 28.067, 27.962, 27.74, 27.455, 27.266, 27.202, 27.288], [6.184, 3.941, 2.097, 0.0, 2.228, 4.04, 5.239, 5.991, 6.535, 7.151, 7.764, 8.959, 10.685, 12.061, 12.905, 14.25, 16.12, 16.549, 17.424, 19.276, 20.591, 21.006, 21.161, 21.612, 22.174, 22.686, 23.493, 24.396, 24.904, 24.952, 24.773, 24.866, 25.234, 25.078, 24.985, 25.402, 25.687, 25.773, 25.985, 26.056, 25.971, 25.999, 26.063, 26.119, 26.132, 26.138, 26.469, 27.21, 27.675, 27.779, 27.584, 27.508, 27.552, 27.685, 27.777, 27.795, 28.009, 28.719, 29.516, 30.183, 30.195, 29.876, 29.675, 28.991, 28.246, 27.89, 27.683, 27.633, 27.667, 27.731, 27.708, 27.675, 27.608, 27.523, 27.471, 27.645, 28.048, 28.075, 27.755, 27.659, 27.572, 27.365, 27.068, 26.866, 26.806, 26.91], [7.129, 5.257, 3.921, 2.228, 0.0, 2.257, 3.82, 4.646, 5.201, 6.062, 6.853, 7.924, 9.681, 11.111, 12.001, 13.521, 15.429, 15.811, 16.812, 18.81, 20.173, 20.611, 20.765, 21.204, 21.768, 22.307, 23.204, 24.193, 24.712, 24.761, 24.6, 24.704, 25.073, 24.929, 24.829, 25.225, 25.499, 25.583, 25.793, 25.858, 25.768, 25.789, 25.848, 25.902, 25.915, 25.911, 26.197, 26.891, 27.34, 27.466, 27.316, 27.251, 27.28, 27.405, 27.5, 27.526, 27.751, 28.457, 29.235, 29.891, 29.91, 29.603, 29.416, 28.758, 28.024, 27.669, 27.467, 27.416, 27.447, 27.514, 27.496, 27.469, 27.405, 27.321, 27.268, 27.442, 27.833, 27.85, 27.536, 27.445, 27.37, 27.181, 26.897, 26.694, 26.639, 26.756], [8.19, 6.4, 5.32, 4.04, 2.257, 0.0, 1.963, 3.107, 3.88, 5.127, 6.119, 7.089, 8.823, 10.237, 11.125, 12.812, 14.827, 15.179, 16.295, 18.436, 19.849, 20.306, 20.474, 20.937, 21.54, 22.145, 23.155, 24.236, 24.782, 24.84, 24.693, 24.798, 25.163, 25.042, 24.959, 25.344, 25.607, 25.688, 25.904, 25.974, 25.883, 25.899, 25.958, 26.008, 26.021, 26.01, 26.262, 26.913, 27.34, 27.469, 27.323, 27.251, 27.26, 27.369, 27.459, 27.485, 27.703, 28.401, 29.171, 29.816, 29.838, 29.545, 29.367, 28.724, 28.0, 27.646, 27.448, 27.395, 27.42, 27.487, 27.477, 27.452, 27.387, 27.303, 27.252, 27.415, 27.782, 27.797, 27.503, 27.421, 27.347, 27.157, 26.887, 26.699, 26.653, 26.772], [8.884, 7.186, 6.298, 5.239, 3.82, 1.963, 0.0, 1.639, 2.854, 4.402, 5.556, 6.602, 8.431, 9.86, 10.801, 12.609, 14.685, 15.013, 16.235, 18.455, 19.876, 20.33, 20.494, 20.989, 21.64, 22.317, 23.425, 24.565, 25.128, 25.186, 25.043, 25.149, 25.513, 25.412, 25.344, 25.727, 25.977, 26.057, 26.275, 26.342, 26.255, 26.285, 26.355, 26.412, 26.428, 26.411, 26.634, 27.242, 27.651, 27.802, 27.654, 27.564, 27.561, 27.659, 27.745, 27.769, 27.964, 28.619, 29.355, 29.972, 29.99, 29.712, 29.546, 28.921, 28.217, 27.871, 27.673, 27.618, 27.635, 27.698, 27.692, 27.662, 27.592, 27.514, 27.469, 27.621, 27.971, 28.001, 27.731, 27.646, 27.561, 27.361, 27.104, 26.933, 26.891, 27.008], [9.445, 7.805, 7.013, 5.991, 4.646, 3.107, 1.639, 0.0, 1.759, 3.711, 5.076, 6.216, 8.238, 9.763, 10.747, 12.584, 14.624, 14.928, 16.25, 18.526, 19.924, 20.365, 20.51, 21.02, 21.72, 22.447, 23.621, 24.813, 25.38, 25.417, 25.27, 25.39, 25.768, 25.688, 25.651, 26.055, 26.3, 26.385, 26.611, 26.674, 26.592, 26.634, 26.706, 26.765, 26.79, 26.765, 26.942, 27.508, 27.915, 28.111, 27.998, 27.912, 27.91, 28.011, 28.1, 28.127, 28.317, 28.956, 29.669, 30.26, 30.276, 30.011, 29.859, 29.257, 28.568, 28.222, 28.023, 27.966, 27.976, 28.031, 28.03, 27.999, 27.925, 27.849, 27.804, 27.952, 28.293, 28.33, 28.073, 27.988, 27.904, 27.701, 27.443, 27.268, 27.207, 27.315], [9.869, 8.314, 7.572, 6.535, 5.201, 3.88, 2.854, 1.759, 0.0, 2.532, 4.361, 5.496, 7.651, 9.321, 10.386, 12.292, 14.333, 14.639, 16.022, 18.34, 19.733, 20.172, 20.308, 20.81, 21.527, 22.26, 23.44, 24.649, 25.211, 25.244, 25.105, 25.232, 25.63, 25.565, 25.529, 25.934, 26.174, 26.261, 26.489, 26.544, 26.463, 26.506, 26.577, 26.63, 26.653, 26.628, 26.788, 27.343, 27.748, 27.955, 27.862, 27.779, 27.78, 27.891, 27.98, 28.007, 28.205, 28.86, 29.584, 30.184, 30.204, 29.937, 29.783, 29.176, 28.474, 28.12, 27.918, 27.854, 27.859, 27.91, 27.907, 27.877, 27.805, 27.729, 27.68, 27.828, 28.174, 28.209, 27.945, 27.855, 27.776, 27.574, 27.314, 27.135, 27.064, 27.167], [10.041, 8.63, 8.035, 7.151, 6.062, 5.127, 4.402, 3.711, 2.532, 0.0, 2.548, 4.264, 6.933, 8.858, 10.067, 12.05, 14.123, 14.426, 15.865, 18.223, 19.638, 20.1, 20.24, 20.758, 21.521, 22.295, 23.49, 24.702, 25.285, 25.335, 25.198, 25.327, 25.745, 25.692, 25.657, 26.062, 26.288, 26.372, 26.609, 26.662, 26.575, 26.62, 26.695, 26.752, 26.772, 26.75, 26.911, 27.458, 27.87, 28.086, 27.995, 27.909, 27.915, 28.034, 28.127, 28.153, 28.344, 28.99, 29.712, 30.302, 30.316, 30.048, 29.891, 29.291, 28.594, 28.24, 28.041, 27.972, 27.97, 28.015, 28.01, 27.981, 27.909, 27.832, 27.78, 27.916, 28.261, 28.306, 28.045, 27.955, 27.872, 27.66, 27.387, 27.204, 27.126, 27.224], [10.396, 9.071, 8.521, 7.764, 6.853, 6.119, 5.556, 5.076, 4.361, 2.548, 0.0, 2.904, 6.236, 8.29, 9.565, 11.566, 13.694, 14.023, 15.461, 17.879, 19.367, 19.86, 20.017, 20.539, 21.302, 22.095, 23.315, 24.536, 25.117, 25.162, 25.02, 25.142, 25.563, 25.502, 25.438, 25.827, 26.055, 26.141, 26.383, 26.438, 26.353, 26.406, 26.486, 26.544, 26.568, 26.562, 26.758, 27.359, 27.793, 27.99, 27.881, 27.795, 27.808, 27.933, 28.029, 28.057, 28.258, 28.93, 29.687, 30.295, 30.308, 30.032, 29.874, 29.277, 28.57, 28.214, 28.012, 27.94, 27.938, 27.989, 27.984, 27.959, 27.891, 27.817, 27.765, 27.894, 28.242, 28.284, 28.004, 27.895, 27.768, 27.501, 27.201, 27.016, 26.945, 27.051], [11.459, 10.298, 9.744, 8.959, 7.924, 7.089, 6.602, 6.216, 5.496, 4.264, 2.904, 0.0, 3.799, 6.214, 7.712, 10.071, 12.437, 12.802, 14.368, 16.971, 18.543, 19.061, 19.25, 19.768, 20.5, 21.269, 22.516, 23.788, 24.358, 24.423, 24.307, 24.416, 24.845, 24.791, 24.676, 25.034, 25.259, 25.341, 25.588, 25.644, 25.553, 25.596, 25.666, 25.697, 25.728, 25.758, 25.972, 26.603, 27.044, 27.209, 27.125, 27.057, 27.066, 27.191, 27.285, 27.317, 27.567, 28.317, 29.128, 29.781, 29.813, 29.526, 29.363, 28.762, 28.018, 27.644, 27.436, 27.355, 27.353, 27.412, 27.406, 27.384, 27.316, 27.235, 27.176, 27.3, 27.668, 27.708, 27.412, 27.309, 27.181, 26.889, 26.574, 26.388, 26.313, 26.429], [13.088, 12.068, 11.458, 10.685, 9.681, 8.823, 8.431, 8.238, 7.651, 6.933, 6.236, 3.799, 0.0, 2.915, 4.933, 8.065, 10.924, 11.384, 13.0, 15.775, 17.471, 18.058, 18.32, 18.841, 19.531, 20.276, 21.552, 22.901, 23.497, 23.625, 23.547, 23.62, 24.039, 23.971, 23.773, 24.091, 24.322, 24.398, 24.647, 24.715, 24.62, 24.651, 24.698, 24.682, 24.71, 24.768, 25.026, 25.733, 26.192, 26.295, 26.215, 26.173, 26.179, 26.307, 26.403, 26.437, 26.74, 27.587, 28.492, 29.228, 29.282, 28.972, 28.789, 28.144, 27.333, 26.942, 26.729, 26.639, 26.644, 26.713, 26.7, 26.686, 26.619, 26.527, 26.459, 26.588, 27.001, 27.037, 26.707, 26.61, 26.481, 26.153, 25.79, 25.599, 25.54, 25.673], [14.401, 13.431, 12.808, 12.061, 11.111, 10.237, 9.86, 9.763, 9.321, 8.858, 8.29, 6.214, 2.915, 0.0, 2.668, 6.714, 9.963, 10.473, 12.008, 14.841, 16.638, 17.317, 17.653, 18.2, 18.906, 19.679, 21.013, 22.464, 23.118, 23.294, 23.234, 23.281, 23.683, 23.605, 23.388, 23.704, 23.936, 24.008, 24.268, 24.349, 24.258, 24.295, 24.338, 24.308, 24.333, 24.387, 24.674, 25.423, 25.894, 25.982, 25.903, 25.877, 25.886, 26.014, 26.109, 26.138, 26.449, 27.329, 28.275, 29.053, 29.115, 28.793, 28.604, 27.932, 27.082, 26.687, 26.476, 26.386, 26.397, 26.472, 26.453, 26.446, 26.38, 26.283, 26.208, 26.333, 26.758, 26.783, 26.427, 26.316, 26.169, 25.804, 25.393, 25.203, 25.188, 25.338], [15.229, 14.227, 13.612, 12.905, 12.001, 11.125, 10.801, 10.747, 10.386, 10.067, 9.565, 7.712, 4.933, 2.668, 0.0, 4.749, 8.428, 9.013, 10.492, 13.483, 15.417, 16.176, 16.583, 17.173, 17.912, 18.742, 20.205, 21.834, 22.586, 22.804, 22.754, 22.791, 23.195, 23.127, 22.936, 23.297, 23.54, 23.614, 23.892, 23.992, 23.916, 23.959, 24.0, 23.971, 24.008, 24.054, 24.315, 25.064, 25.557, 25.656, 25.599, 25.59, 25.613, 25.755, 25.853, 25.882, 26.215, 27.134, 28.111, 28.912, 28.976, 28.648, 28.464, 27.789, 26.919, 26.516, 26.305, 26.212, 26.224, 26.3, 26.276, 26.271, 26.206, 26.102, 26.014, 26.134, 26.563, 26.577, 26.204, 26.089, 25.954, 25.587, 25.163, 24.995, 25.033, 25.202], [16.58, 15.497, 14.869, 14.25, 13.521, 12.812, 12.609, 12.584, 12.292, 12.05, 11.566, 10.071, 8.065, 6.714, 4.749, 0.0, 4.293, 5.343, 6.834, 10.215, 12.43, 13.267, 13.717, 14.423, 15.308, 16.31, 18.05, 20.019, 21.007, 21.364, 21.364, 21.424, 21.899, 21.904, 21.778, 22.223, 22.478, 22.536, 22.814, 22.934, 22.885, 22.933, 22.97, 22.952, 23.003, 23.029, 23.19, 23.889, 24.416, 24.598, 24.632, 24.641, 24.677, 24.846, 24.949, 24.971, 25.343, 26.337, 27.346, 28.155, 28.221, 27.886, 27.708, 27.059, 26.185, 25.777, 25.568, 25.456, 25.456, 25.54, 25.518, 25.525, 25.473, 25.363, 25.25, 25.369, 25.808, 25.829, 25.468, 25.393, 25.349, 25.051, 24.648, 24.527, 24.633, 24.823], [18.381, 17.357, 16.736, 16.12, 15.429, 14.827, 14.685, 14.624, 14.333, 14.123, 13.694, 12.437, 10.924, 9.963, 8.428, 4.293, 0.0, 1.93, 4.217, 8.047, 10.37, 11.197, 11.562, 12.263, 13.298, 14.509, 16.504, 18.749, 19.933, 20.412, 20.48, 20.581, 21.12, 21.231, 21.166, 21.621, 21.852, 21.891, 22.153, 22.267, 22.227, 22.274, 22.317, 22.322, 22.382, 22.362, 22.37, 22.94, 23.466, 23.795, 24.003, 24.045, 24.061, 24.233, 24.328, 24.341, 24.735, 25.739, 26.695, 27.455, 27.524, 27.211, 27.067, 26.498, 25.676, 25.285, 25.098, 24.965, 24.942, 25.034, 25.028, 25.055, 25.024, 24.917, 24.79, 24.907, 25.317, 25.33, 25.027, 25.023, 25.09, 24.9, 24.553, 24.449, 24.552, 24.725], [18.766, 17.79, 17.184, 16.549, 15.811, 15.179, 15.013, 14.928, 14.639, 14.426, 14.023, 12.802, 11.384, 10.473, 9.013, 5.343, 1.93, 0.0, 3.618, 7.861, 10.26, 11.116, 11.428, 12.083, 13.176, 14.481, 16.597, 18.942, 20.169, 20.633, 20.683, 20.782, 21.31, 21.43, 21.37, 21.811, 22.025, 22.069, 22.338, 22.442, 22.391, 22.437, 22.487, 22.496, 22.56, 22.534, 22.503, 23.032, 23.556, 23.907, 24.132, 24.193, 24.211, 24.373, 24.461, 24.473, 24.862, 25.836, 26.749, 27.477, 27.543, 27.242, 27.121, 26.589, 25.798, 25.424, 25.248, 25.121, 25.096, 25.185, 25.181, 25.211, 25.184, 25.081, 24.959, 25.072, 25.459, 25.464, 25.173, 25.176, 25.248, 25.07, 24.737, 24.633, 24.724, 24.892], [19.555, 18.597, 17.987, 17.424, 16.812, 16.295, 16.235, 16.25, 16.022, 15.865, 15.461, 14.368, 13.0, 12.008, 10.492, 6.834, 4.217, 3.618, 0.0, 4.711, 7.675, 8.921, 9.454, 10.152, 11.332, 12.786, 15.069, 17.727, 19.224, 19.827, 19.88, 19.943, 20.472, 20.613, 20.617, 21.136, 21.377, 21.421, 21.696, 21.819, 21.766, 21.81, 21.857, 21.888, 21.95, 21.912, 21.987, 22.632, 23.193, 23.532, 23.728, 23.813, 23.9, 24.103, 24.197, 24.195, 24.565, 25.555, 26.509, 27.268, 27.333, 27.004, 26.847, 26.273, 25.45, 25.07, 24.897, 24.769, 24.752, 24.849, 24.836, 24.865, 24.849, 24.749, 24.63, 24.741, 25.132, 25.129, 24.827, 24.831, 24.904, 24.739, 24.432, 24.38, 24.547, 24.731], [21.146, 20.305, 19.751, 19.276, 18.81, 18.436, 18.455, 18.526, 18.34, 18.223, 17.879, 16.971, 15.775, 14.841, 13.483, 10.215, 8.047, 7.861, 4.711, 0.0, 3.595, 5.533, 6.556, 7.43, 8.892, 10.646, 13.096, 16.158, 18.096, 18.945, 19.025, 19.043, 19.596, 19.83, 19.976, 20.61, 20.884, 20.93, 21.21, 21.36, 21.318, 21.374, 21.41, 21.479, 21.537, 21.455, 21.61, 22.309, 22.884, 23.273, 23.489, 23.579, 23.721, 23.97, 24.07, 24.049, 24.404, 25.406, 26.376, 27.138, 27.205, 26.869, 26.687, 26.101, 25.271, 24.889, 24.736, 24.6, 24.574, 24.676, 24.662, 24.689, 24.688, 24.598, 24.484, 24.584, 24.95, 24.951, 24.695, 24.74, 24.867, 24.769, 24.515, 24.525, 24.756, 24.935], [22.222, 21.511, 21.026, 20.591, 20.173, 19.849, 19.876, 19.924, 19.733, 19.638, 19.367, 18.543, 17.471, 16.638, 15.417, 12.43, 10.37, 10.26, 7.675, 3.595, 0.0, 2.6, 4.275, 5.463, 7.358, 9.477, 12.146, 15.514, 17.699, 18.649, 18.733, 18.724, 19.315, 19.639, 19.884, 20.58, 20.867, 20.922, 21.22, 21.38, 21.34, 21.411, 21.442, 21.538, 21.596, 21.492, 21.668, 22.363, 22.944, 23.379, 23.617, 23.696, 23.83, 24.085, 24.186, 24.158, 24.516, 25.533, 26.493, 27.228, 27.294, 26.973, 26.798, 26.226, 25.397, 25.021, 24.894, 24.76, 24.73, 24.831, 24.821, 24.847, 24.851, 24.77, 24.668, 24.764, 25.103, 25.114, 24.908, 24.985, 25.151, 25.083, 24.858, 24.903, 25.14, 25.302], [22.527, 21.876, 21.422, 21.006, 20.611, 20.306, 20.33, 20.365, 20.172, 20.1, 19.86, 19.061, 18.058, 17.317, 16.176, 13.267, 11.197, 11.116, 8.921, 5.533, 2.6, 0.0, 2.285, 4.104, 6.384, 8.691, 11.551, 15.072, 17.301, 18.264, 18.356, 18.348, 18.976, 19.322, 19.583, 20.314, 20.616, 20.673, 20.977, 21.138, 21.107, 21.197, 21.24, 21.352, 21.419, 21.334, 21.541, 22.255, 22.85, 23.315, 23.584, 23.661, 23.779, 24.028, 24.125, 24.084, 24.437, 25.459, 26.419, 27.15, 27.215, 26.892, 26.721, 26.152, 25.312, 24.935, 24.815, 24.687, 24.66, 24.76, 24.755, 24.785, 24.794, 24.717, 24.62, 24.717, 25.053, 25.074, 24.894, 24.988, 25.17, 25.12, 24.919, 24.967, 25.173, 25.324], [22.638, 22.017, 21.575, 21.161, 20.765, 20.474, 20.494, 20.51, 20.308, 20.24, 20.017, 19.25, 18.32, 17.653, 16.583, 13.717, 11.562, 11.428, 9.454, 6.556, 4.275, 2.285, 0.0, 2.634, 5.626, 8.182, 11.239, 14.878, 17.15, 18.135, 18.242, 18.245, 18.885, 19.251, 19.527, 20.253, 20.544, 20.601, 20.897, 21.041, 21.009, 21.111, 21.162, 21.279, 21.357, 21.292, 21.506, 22.217, 22.825, 23.329, 23.644, 23.733, 23.843, 24.084, 24.17, 24.113, 24.443, 25.43, 26.351, 27.061, 27.127, 26.809, 26.645, 26.095, 25.264, 24.885, 24.765, 24.639, 24.609, 24.703, 24.703, 24.74, 24.752, 24.676, 24.575, 24.671, 25.006, 25.037, 24.874, 24.977, 25.165, 25.118, 24.92, 24.944, 25.113, 25.253], [23.075, 22.501, 22.042, 21.612, 21.204, 20.937, 20.989, 21.02, 20.81, 20.758, 20.539, 19.768, 18.841, 18.2, 17.173, 14.423, 12.263, 12.083, 10.152, 7.43, 5.463, 4.104, 2.634, 0.0, 3.59, 6.638, 10.115, 14.028, 16.415, 17.476, 17.656, 17.663, 18.284, 18.718, 19.058, 19.773, 20.058, 20.12, 20.412, 20.546, 20.514, 20.612, 20.658, 20.779, 20.864, 20.798, 21.035, 21.809, 22.447, 22.945, 23.285, 23.398, 23.524, 23.776, 23.861, 23.797, 24.137, 25.148, 26.094, 26.836, 26.924, 26.605, 26.432, 25.877, 25.034, 24.637, 24.513, 24.376, 24.33, 24.42, 24.416, 24.456, 24.477, 24.4, 24.294, 24.395, 24.739, 24.758, 24.593, 24.718, 24.925, 24.883, 24.681, 24.695, 24.848, 24.984], [23.647, 23.115, 22.629, 22.174, 21.768, 21.54, 21.64, 21.72, 21.527, 21.521, 21.302, 20.5, 19.531, 18.906, 17.912, 15.308, 13.298, 13.176, 11.332, 8.892, 7.358, 6.384, 5.626, 3.59, 0.0, 3.647, 7.956, 12.306, 14.842, 16.047, 16.363, 16.411, 17.034, 17.55, 17.968, 18.692, 18.994, 19.062, 19.344, 19.482, 19.473, 19.567, 19.599, 19.732, 19.819, 19.756, 20.09, 21.016, 21.71, 22.17, 22.519, 22.653, 22.816, 23.101, 23.199, 23.141, 23.512, 24.6, 25.645, 26.485, 26.609, 26.272, 26.067, 25.484, 24.611, 24.179, 24.042, 23.891, 23.828, 23.925, 23.911, 23.951, 23.981, 23.906, 23.794, 23.907, 24.276, 24.274, 24.091, 24.244, 24.481, 24.463, 24.267, 24.275, 24.415, 24.56], [24.163, 23.658, 23.156, 22.686, 22.307, 22.145, 22.317, 22.447, 22.26, 22.295, 22.095, 21.269, 20.276, 19.679, 18.742, 16.31, 14.509, 14.481, 12.786, 10.646, 9.477, 8.691, 8.182, 6.638, 3.647, 0.0, 4.978, 9.885, 12.69, 14.12, 14.574, 14.67, 15.357, 15.941, 16.448, 17.284, 17.651, 17.715, 17.977, 18.123, 18.13, 18.224, 18.243, 18.392, 18.49, 18.422, 18.873, 19.986, 20.754, 21.21, 21.619, 21.793, 22.009, 22.348, 22.462, 22.41, 22.816, 23.973, 25.11, 26.057, 26.222, 25.872, 25.634, 25.017, 24.123, 23.651, 23.486, 23.322, 23.259, 23.37, 23.345, 23.391, 23.439, 23.367, 23.248, 23.372, 23.769, 23.749, 23.547, 23.727, 24.003, 24.038, 23.862, 23.827, 23.91, 24.059], [24.933, 24.475, 23.951, 23.493, 23.204, 23.155, 23.425, 23.621, 23.44, 23.49, 23.315, 22.516, 21.552, 21.013, 20.205, 18.05, 16.504, 16.597, 15.069, 13.096, 12.146, 11.551, 11.239, 10.115, 7.956, 4.978, 0.0, 5.528, 9.082, 11.139, 11.84, 11.964, 12.81, 13.568, 14.255, 15.346, 15.866, 15.924, 16.163, 16.335, 16.369, 16.458, 16.441, 16.648, 16.784, 16.699, 17.293, 18.613, 19.472, 19.962, 20.479, 20.721, 21.02, 21.432, 21.556, 21.489, 21.925, 23.159, 24.393, 25.456, 25.664, 25.293, 25.006, 24.351, 23.459, 22.953, 22.748, 22.554, 22.509, 22.648, 22.612, 22.674, 22.751, 22.682, 22.551, 22.684, 23.097, 23.069, 22.883, 23.127, 23.477, 23.61, 23.482, 23.39, 23.381, 23.514], [25.772, 25.372, 24.838, 24.396, 24.193, 24.236, 24.565, 24.813, 24.649, 24.702, 24.536, 23.788, 22.901, 22.464, 21.834, 20.019, 18.749, 18.942, 17.727, 16.158, 15.514, 15.072, 14.878, 14.028, 12.306, 9.885, 5.528, 0.0, 4.596, 7.886, 9.144, 9.374, 10.395, 11.404, 12.334, 13.651, 14.325, 14.389, 14.584, 14.769, 14.852, 14.947, 14.912, 15.191, 15.385, 15.32, 16.013, 17.46, 18.387, 18.963, 19.623, 19.912, 20.263, 20.723, 20.842, 20.754, 21.215, 22.535, 23.881, 25.045, 25.292, 24.905, 24.572, 23.884, 23.018, 22.504, 22.271, 22.048, 22.013, 22.178, 22.137, 22.214, 22.308, 22.241, 22.1, 22.239, 22.663, 22.635, 22.478, 22.786, 23.202, 23.427, 23.362, 23.249, 23.18, 23.296], [26.263, 25.887, 25.352, 24.904, 24.712, 24.782, 25.128, 25.38, 25.211, 25.285, 25.117, 24.358, 23.497, 23.118, 22.586, 21.007, 19.933, 20.169, 19.224, 18.096, 17.699, 17.301, 17.15, 16.415, 14.842, 12.69, 9.082, 4.596, 0.0, 4.243, 6.291, 6.807, 7.981, 9.239, 10.515, 12.149, 12.975, 13.047, 13.224, 13.395, 13.511, 13.697, 13.799, 14.14, 14.373, 14.388, 15.084, 16.64, 17.646, 18.309, 19.112, 19.421, 19.774, 20.243, 20.359, 20.286, 20.812, 22.245, 23.697, 24.927, 25.194, 24.828, 24.51, 23.796, 22.915, 22.391, 22.147, 21.919, 21.885, 22.05, 22.004, 22.085, 22.178, 22.11, 21.965, 22.11, 22.553, 22.515, 22.337, 22.641, 23.057, 23.305, 23.271, 23.156, 23.06, 23.172], [26.274, 25.919, 25.401, 24.952, 24.761, 24.84, 25.186, 25.417, 25.244, 25.335, 25.162, 24.423, 23.625, 23.294, 22.804, 21.364, 20.412, 20.633, 19.827, 18.945, 18.649, 18.264, 18.135, 17.476, 16.047, 14.12, 11.139, 7.886, 4.243, 0.0, 2.754, 3.935, 5.633, 7.283, 8.98, 10.999, 11.972, 12.082, 12.361, 12.543, 12.652, 12.983, 13.361, 13.792, 14.062, 14.143, 14.687, 16.261, 17.35, 18.089, 18.976, 19.314, 19.679, 20.153, 20.28, 20.239, 20.819, 22.299, 23.745, 24.956, 25.223, 24.883, 24.623, 23.944, 23.078, 22.567, 22.325, 22.117, 22.104, 22.265, 22.214, 22.285, 22.366, 22.3, 22.167, 22.332, 22.78, 22.727, 22.524, 22.797, 23.168, 23.381, 23.34, 23.217, 23.099, 23.204], [26.063, 25.721, 25.212, 24.773, 24.6, 24.693, 25.043, 25.27, 25.105, 25.198, 25.02, 24.307, 23.547, 23.234, 22.754, 21.364, 20.48, 20.683, 19.88, 19.025, 18.733, 18.356, 18.242, 17.656, 16.363, 14.574, 11.84, 9.144, 6.291, 2.754, 0.0, 2.135, 4.776, 6.574, 8.279, 10.42, 11.451, 11.598, 11.955, 12.158, 12.254, 12.639, 13.141, 13.631, 13.924, 14.02, 14.527, 16.118, 17.242, 18.014, 18.929, 19.295, 19.686, 20.166, 20.299, 20.265, 20.854, 22.353, 23.801, 25.014, 25.282, 24.936, 24.683, 24.008, 23.156, 22.666, 22.423, 22.235, 22.257, 22.425, 22.37, 22.437, 22.516, 22.446, 22.327, 22.513, 22.964, 22.896, 22.665, 22.901, 23.228, 23.406, 23.352, 23.227, 23.107, 23.214], [26.103, 25.792, 25.293, 24.866, 24.704, 24.798, 25.149, 25.39, 25.232, 25.327, 25.142, 24.416, 23.62, 23.281, 22.791, 21.424, 20.581, 20.782, 19.943, 19.043, 18.724, 18.348, 18.245, 17.663, 16.411, 14.67, 11.964, 9.374, 6.807, 3.935, 2.135, 0.0, 3.268, 5.495, 7.313, 9.527, 10.633, 10.835, 11.243, 11.49, 11.62, 12.038, 12.583, 13.097, 13.394, 13.522, 14.164, 15.891, 17.046, 17.763, 18.643, 19.018, 19.424, 19.903, 20.031, 19.993, 20.602, 22.165, 23.688, 24.96, 25.244, 24.889, 24.622, 23.902, 23.011, 22.525, 22.287, 22.097, 22.128, 22.3, 22.239, 22.311, 22.395, 22.321, 22.205, 22.398, 22.858, 22.781, 22.53, 22.76, 23.07, 23.215, 23.136, 22.996, 22.87, 22.983], [26.391, 26.125, 25.648, 25.234, 25.073, 25.163, 25.513, 25.768, 25.63, 25.745, 25.563, 24.845, 24.039, 23.683, 23.195, 21.899, 21.12, 21.31, 20.472, 19.596, 19.315, 18.976, 18.885, 18.284, 17.034, 15.357, 12.81, 10.395, 7.981, 5.633, 4.776, 3.268, 0.0, 3.28, 6.072, 8.545, 9.706, 9.967, 10.441, 10.765, 11.026, 11.553, 12.158, 12.688, 13.008, 13.16, 13.861, 15.701, 16.919, 17.639, 18.532, 18.925, 19.347, 19.816, 19.941, 19.913, 20.542, 22.143, 23.724, 25.034, 25.337, 25.003, 24.756, 24.049, 23.166, 22.693, 22.487, 22.31, 22.329, 22.492, 22.429, 22.504, 22.59, 22.517, 22.402, 22.592, 23.055, 22.97, 22.705, 22.931, 23.226, 23.349, 23.242, 23.08, 22.946, 23.063], [26.231, 25.976, 25.496, 25.078, 24.929, 25.042, 25.412, 25.688, 25.565, 25.692, 25.502, 24.791, 23.971, 23.605, 23.127, 21.904, 21.231, 21.43, 20.613, 19.83, 19.639, 19.322, 19.251, 18.718, 17.55, 15.941, 13.568, 11.404, 9.239, 7.283, 6.574, 5.495, 3.28, 0.0, 3.926, 7.262, 8.671, 8.929, 9.401, 9.826, 10.224, 10.853, 11.504, 12.069, 12.411, 12.575, 13.439, 15.506, 16.771, 17.428, 18.304, 18.723, 19.186, 19.668, 19.807, 19.776, 20.343, 21.899, 23.511, 24.871, 25.184, 24.848, 24.628, 23.923, 23.049, 22.575, 22.352, 22.221, 22.282, 22.448, 22.384, 22.47, 22.562, 22.491, 22.381, 22.574, 23.049, 22.95, 22.634, 22.822, 23.088, 23.207, 23.098, 22.908, 22.758, 22.873], [26.167, 25.936, 25.432, 24.985, 24.829, 24.959, 25.344, 25.651, 25.529, 25.657, 25.438, 24.676, 23.773, 23.388, 22.936, 21.778, 21.166, 21.37, 20.617, 19.976, 19.884, 19.583, 19.527, 19.058, 17.968, 16.448, 14.255, 12.334, 10.515, 8.98, 8.279, 7.313, 6.072, 3.926, 0.0, 4.279, 6.289, 6.722, 7.347, 7.898, 8.412, 9.18, 10.005, 10.654, 11.035, 11.287, 12.4, 14.772, 16.081, 16.587, 17.439, 17.906, 18.41, 18.939, 19.102, 19.074, 19.663, 21.257, 22.906, 24.339, 24.678, 24.307, 24.078, 23.33, 22.431, 21.967, 21.71, 21.595, 21.746, 21.963, 21.898, 21.994, 22.091, 22.015, 21.917, 22.141, 22.659, 22.539, 22.16, 22.306, 22.523, 22.62, 22.503, 22.288, 22.12, 22.251], [26.523, 26.349, 25.859, 25.402, 25.225, 25.344, 25.727, 26.055, 25.934, 26.062, 25.827, 25.034, 24.091, 23.704, 23.297, 22.223, 21.621, 21.811, 21.136, 20.61, 20.58, 20.314, 20.253, 19.773, 18.692, 17.284, 15.346, 13.651, 12.149, 10.999, 10.42, 9.527, 8.545, 7.262, 4.279, 0.0, 2.696, 3.733, 4.922, 5.709, 6.463, 7.576, 8.687, 9.432, 9.839, 10.253, 11.637, 14.221, 15.56, 15.964, 16.841, 17.374, 17.899, 18.447, 18.612, 18.591, 19.255, 20.946, 22.622, 24.088, 24.462, 24.067, 23.809, 23.057, 22.159, 21.733, 21.503, 21.381, 21.575, 21.86, 21.799, 21.893, 21.988, 21.902, 21.82, 22.077, 22.619, 22.472, 22.056, 22.165, 22.314, 22.384, 22.279, 22.085, 21.932, 22.08], [26.745, 26.593, 26.132, 25.687, 25.499, 25.607, 25.977, 26.3, 26.174, 26.288, 26.055, 25.259, 24.322, 23.936, 23.54, 22.478, 21.852, 22.025, 21.377, 20.884, 20.867, 20.616, 20.544, 20.058, 18.994, 17.651, 15.866, 14.325, 12.975, 11.972, 11.451, 10.633, 9.706, 8.671, 6.289, 2.696, 0.0, 1.909, 3.821, 4.737, 5.649, 7.058, 8.343, 9.153, 9.584, 10.086, 11.481, 13.983, 15.322, 15.805, 16.787, 17.355, 17.877, 18.413, 18.566, 18.538, 19.208, 20.899, 22.54, 23.969, 24.349, 23.959, 23.71, 23.025, 22.195, 21.816, 21.624, 21.502, 21.687, 21.99, 21.942, 22.036, 22.126, 22.044, 21.978, 22.243, 22.764, 22.603, 22.197, 22.297, 22.452, 22.568, 22.496, 22.326, 22.192, 22.335], [26.844, 26.687, 26.221, 25.773, 25.583, 25.688, 26.057, 26.385, 26.261, 26.372, 26.141, 25.341, 24.398, 24.008, 23.614, 22.536, 21.891, 22.069, 21.421, 20.93, 20.922, 20.673, 20.601, 20.12, 19.062, 17.715, 15.924, 14.389, 13.047, 12.082, 11.598, 10.835, 9.967, 8.929, 6.722, 3.733, 1.909, 0.0, 2.327, 3.521, 4.684, 6.369, 7.82, 8.694, 9.117, 9.631, 11.042, 13.568, 14.894, 15.368, 16.427, 17.033, 17.557, 18.099, 18.256, 18.223, 18.879, 20.573, 22.23, 23.67, 24.061, 23.676, 23.433, 22.773, 21.962, 21.593, 21.41, 21.285, 21.459, 21.762, 21.725, 21.842, 21.946, 21.866, 21.803, 22.069, 22.578, 22.409, 22.018, 22.131, 22.327, 22.522, 22.502, 22.345, 22.219, 22.363], [27.097, 26.93, 26.448, 25.985, 25.793, 25.904, 26.275, 26.611, 26.489, 26.609, 26.383, 25.588, 24.647, 24.268, 23.892, 22.814, 22.153, 22.338, 21.696, 21.21, 21.22, 20.977, 20.897, 20.412, 19.344, 17.977, 16.163, 14.584, 13.224, 12.361, 11.955, 11.243, 10.441, 9.401, 7.347, 4.922, 3.821, 2.327, 0.0, 1.817, 3.741, 5.766, 7.297, 8.174, 8.558, 9.065, 10.569, 13.196, 14.499, 14.94, 16.064, 16.693, 17.216, 17.762, 17.918, 17.88, 18.508, 20.183, 21.878, 23.366, 23.781, 23.4, 23.144, 22.47, 21.661, 21.3, 21.116, 20.983, 21.144, 21.445, 21.416, 21.557, 21.696, 21.624, 21.561, 21.831, 22.341, 22.166, 21.778, 21.888, 22.106, 22.379, 22.424, 22.281, 22.151, 22.288], [27.167, 27.004, 26.524, 26.056, 25.858, 25.974, 26.342, 26.674, 26.544, 26.662, 26.438, 25.644, 24.715, 24.349, 23.992, 22.934, 22.267, 22.442, 21.819, 21.36, 21.38, 21.138, 21.041, 20.546, 19.482, 18.123, 16.335, 14.769, 13.395, 12.543, 12.158, 11.49, 10.765, 9.826, 7.898, 5.709, 4.737, 3.521, 1.817, 0.0, 2.61, 5.179, 6.944, 7.851, 8.244, 8.795, 10.271, 12.888, 14.199, 14.698, 15.908, 16.551, 17.081, 17.65, 17.824, 17.795, 18.415, 20.049, 21.705, 23.181, 23.6, 23.225, 22.976, 22.322, 21.54, 21.191, 21.007, 20.872, 21.031, 21.327, 21.298, 21.44, 21.586, 21.524, 21.467, 21.737, 22.242, 22.066, 21.679, 21.787, 22.02, 22.329, 22.398, 22.258, 22.122, 22.254], [27.082, 26.923, 26.441, 25.971, 25.768, 25.883, 26.255, 26.592, 26.463, 26.575, 26.353, 25.553, 24.62, 24.258, 23.916, 22.885, 22.227, 22.391, 21.766, 21.318, 21.34, 21.107, 21.009, 20.514, 19.473, 18.13, 16.369, 14.852, 13.511, 12.652, 12.254, 11.62, 11.026, 10.224, 8.412, 6.463, 5.649, 4.684, 3.741, 2.61, 0.0, 3.269, 5.677, 6.771, 7.155, 7.819, 9.446, 12.224, 13.599, 14.112, 15.401, 16.1, 16.675, 17.298, 17.511, 17.504, 18.143, 19.786, 21.427, 22.886, 23.298, 22.923, 22.678, 22.029, 21.253, 20.908, 20.734, 20.613, 20.775, 21.066, 21.038, 21.188, 21.331, 21.276, 21.27, 21.58, 22.095, 21.919, 21.541, 21.674, 21.937, 22.256, 22.309, 22.164, 22.037, 22.178], [27.172, 26.997, 26.482, 25.999, 25.789, 25.899, 26.285, 26.634, 26.506, 26.62, 26.406, 25.596, 24.651, 24.295, 23.959, 22.933, 22.274, 22.437, 21.81, 21.374, 21.411, 21.197, 21.111, 20.612, 19.567, 18.224, 16.458, 14.947, 13.697, 12.983, 12.639, 12.038, 11.553, 10.853, 9.18, 7.576, 7.058, 6.369, 5.766, 5.179, 3.269, 0.0, 3.048, 4.608, 5.111, 5.882, 7.952, 11.182, 12.725, 13.292, 14.709, 15.492, 16.12, 16.795, 17.023, 17.023, 17.704, 19.43, 21.127, 22.598, 23.011, 22.635, 22.369, 21.712, 20.933, 20.578, 20.41, 20.282, 20.431, 20.728, 20.712, 20.88, 21.032, 20.972, 21.013, 21.421, 21.992, 21.817, 21.443, 21.606, 21.893, 22.204, 22.232, 22.08, 21.951, 22.085], [27.27, 27.09, 26.555, 26.063, 25.848, 25.958, 26.355, 26.706, 26.577, 26.695, 26.486, 25.666, 24.698, 24.338, 24.0, 22.97, 22.317, 22.487, 21.857, 21.41, 21.442, 21.24, 21.162, 20.658, 19.599, 18.243, 16.441, 14.912, 13.799, 13.361, 13.141, 12.583, 12.158, 11.504, 10.005, 8.687, 8.343, 7.82, 7.297, 6.944, 5.677, 3.048, 0.0, 2.313, 3.334, 4.139, 6.939, 10.65, 12.316, 12.88, 14.328, 15.131, 15.781, 16.476, 16.695, 16.699, 17.437, 19.265, 21.041, 22.548, 22.974, 22.599, 22.313, 21.652, 20.866, 20.492, 20.322, 20.178, 20.309, 20.615, 20.611, 20.788, 20.95, 20.886, 20.938, 21.418, 22.061, 21.909, 21.542, 21.714, 21.993, 22.272, 22.276, 22.117, 21.977, 22.099], [27.351, 27.165, 26.617, 26.119, 25.902, 26.008, 26.412, 26.765, 26.63, 26.752, 26.544, 25.697, 24.682, 24.308, 23.971, 22.952, 22.322, 22.496, 21.888, 21.479, 21.538, 21.352, 21.279, 20.779, 19.732, 18.392, 16.648, 15.191, 14.14, 13.792, 13.631, 13.097, 12.688, 12.069, 10.654, 9.432, 9.153, 8.694, 8.174, 7.851, 6.771, 4.608, 2.313, 0.0, 1.763, 3.094, 6.116, 10.05, 11.732, 12.116, 13.504, 14.309, 14.98, 15.701, 15.928, 15.949, 16.767, 18.744, 20.659, 22.245, 22.69, 22.313, 22.027, 21.367, 20.591, 20.226, 20.064, 19.916, 20.035, 20.342, 20.341, 20.522, 20.69, 20.627, 20.689, 21.206, 21.913, 21.804, 21.439, 21.609, 21.898, 22.183, 22.194, 22.06, 21.943, 22.078], [27.365, 27.178, 26.629, 26.132, 25.915, 26.021, 26.428, 26.79, 26.653, 26.772, 26.568, 25.728, 24.71, 24.333, 24.008, 23.003, 22.382, 22.56, 21.95, 21.537, 21.596, 21.419, 21.357, 20.864, 19.819, 18.49, 16.784, 15.385, 14.373, 14.062, 13.924, 13.394, 13.008, 12.411, 11.035, 9.839, 9.584, 9.117, 8.558, 8.244, 7.155, 5.111, 3.334, 1.763, 0.0, 2.367, 6.031, 10.036, 11.66, 11.935, 13.261, 14.029, 14.693, 15.426, 15.667, 15.694, 16.521, 18.529, 20.493, 22.119, 22.58, 22.205, 21.906, 21.22, 20.424, 20.068, 19.92, 19.775, 19.897, 20.206, 20.203, 20.39, 20.568, 20.509, 20.578, 21.097, 21.808, 21.703, 21.342, 21.508, 21.802, 22.121, 22.163, 22.035, 21.926, 22.07], [27.39, 27.199, 26.644, 26.138, 25.911, 26.01, 26.411, 26.765, 26.628, 26.75, 26.562, 25.758, 24.768, 24.387, 24.054, 23.029, 22.362, 22.534, 21.912, 21.455, 21.492, 21.334, 21.292, 20.798, 19.756, 18.422, 16.699, 15.32, 14.388, 14.143, 14.02, 13.522, 13.16, 12.575, 11.287, 10.253, 10.086, 9.631, 9.065, 8.795, 7.819, 5.882, 4.139, 3.094, 2.367, 0.0, 4.797, 9.337, 11.07, 11.473, 12.973, 13.793, 14.493, 15.27, 15.527, 15.554, 16.353, 18.341, 20.307, 21.938, 22.402, 22.052, 21.77, 21.098, 20.341, 20.001, 19.875, 19.721, 19.827, 20.133, 20.136, 20.329, 20.514, 20.464, 20.543, 21.068, 21.767, 21.658, 21.315, 21.51, 21.846, 22.214, 22.273, 22.142, 22.032, 22.164], [27.794, 27.553, 26.993, 26.469, 26.197, 26.262, 26.634, 26.942, 26.788, 26.911, 26.758, 25.972, 25.026, 24.674, 24.315, 23.19, 22.37, 22.503, 21.987, 21.61, 21.668, 21.541, 21.506, 21.035, 20.09, 18.873, 17.293, 16.013, 15.084, 14.687, 14.527, 14.164, 13.861, 13.439, 12.4, 11.637, 11.481, 11.042, 10.569, 10.271, 9.446, 7.952, 6.939, 6.116, 6.031, 4.797, 0.0, 5.143, 7.266, 8.45, 11.038, 12.118, 12.918, 13.841, 14.158, 14.232, 15.122, 17.129, 19.031, 20.579, 21.038, 20.77, 20.608, 20.196, 19.754, 19.54, 19.473, 19.304, 19.369, 19.674, 19.723, 19.929, 20.102, 20.069, 20.174, 20.726, 21.395, 21.331, 21.107, 21.395, 22.003, 22.689, 22.87, 22.79, 22.714, 22.829], [28.552, 28.28, 27.741, 27.21, 26.891, 26.913, 27.242, 27.508, 27.343, 27.458, 27.359, 26.603, 25.733, 25.423, 25.064, 23.889, 22.94, 23.032, 22.632, 22.309, 22.363, 22.255, 22.217, 21.809, 21.016, 19.986, 18.613, 17.46, 16.64, 16.261, 16.118, 15.891, 15.701, 15.506, 14.772, 14.221, 13.983, 13.568, 13.196, 12.888, 12.224, 11.182, 10.65, 10.05, 10.036, 9.337, 5.143, 0.0, 2.798, 6.297, 10.363, 11.57, 12.284, 13.198, 13.504, 13.611, 14.609, 16.491, 18.058, 19.351, 19.794, 19.609, 19.554, 19.476, 19.455, 19.429, 19.448, 19.272, 19.298, 19.599, 19.715, 19.931, 20.088, 20.078, 20.21, 20.763, 21.346, 21.336, 21.304, 21.696, 22.615, 23.705, 24.06, 24.028, 23.977, 24.072], [29.018, 28.735, 28.203, 27.675, 27.34, 27.34, 27.651, 27.915, 27.748, 27.87, 27.793, 27.044, 26.192, 25.894, 25.557, 24.416, 23.466, 23.556, 23.193, 22.884, 22.944, 22.85, 22.825, 22.447, 21.71, 20.754, 19.472, 18.387, 17.646, 17.35, 17.242, 17.046, 16.919, 16.771, 16.081, 15.56, 15.322, 14.894, 14.499, 14.199, 13.599, 12.725, 12.316, 11.732, 11.66, 11.07, 7.266, 2.798, 0.0, 4.918, 9.602, 10.885, 11.533, 12.424, 12.73, 12.843, 13.906, 15.792, 17.284, 18.52, 18.976, 18.825, 18.806, 18.839, 18.97, 19.014, 19.065, 18.887, 18.907, 19.222, 19.371, 19.6, 19.763, 19.767, 19.923, 20.484, 21.044, 21.076, 21.148, 21.6, 22.66, 23.966, 24.448, 24.452, 24.418, 24.515], [29.079, 28.821, 28.286, 27.779, 27.466, 27.469, 27.802, 28.111, 27.955, 28.086, 27.99, 27.209, 26.295, 25.982, 25.656, 24.598, 23.795, 23.907, 23.532, 23.273, 23.379, 23.315, 23.329, 22.945, 22.17, 21.21, 19.962, 18.963, 18.309, 18.089, 18.014, 17.763, 17.639, 17.428, 16.587, 15.964, 15.805, 15.368, 14.94, 14.698, 14.112, 13.292, 12.88, 12.116, 11.935, 11.473, 8.45, 6.297, 4.918, 0.0, 5.29, 7.023, 7.956, 9.152, 9.686, 9.905, 11.179, 13.506, 15.525, 17.149, 17.686, 17.534, 17.528, 17.491, 17.544, 17.575, 17.625, 17.479, 17.552, 17.924, 18.065, 18.306, 18.489, 18.494, 18.705, 19.326, 19.981, 20.099, 20.202, 20.687, 21.774, 23.172, 23.791, 23.898, 23.933, 24.07], [28.802, 28.574, 28.053, 27.584, 27.316, 27.323, 27.654, 27.998, 27.862, 27.995, 27.881, 27.125, 26.215, 25.903, 25.599, 24.632, 24.003, 24.132, 23.728, 23.489, 23.617, 23.584, 23.644, 23.285, 22.519, 21.619, 20.479, 19.623, 19.112, 18.976, 18.929, 18.643, 18.532, 18.304, 17.439, 16.841, 16.787, 16.427, 16.064, 15.908, 15.401, 14.709, 14.328, 13.504, 13.261, 12.973, 11.038, 10.363, 9.602, 5.29, 0.0, 2.599, 4.548, 6.388, 7.363, 7.807, 9.139, 11.788, 14.336, 16.299, 16.865, 16.715, 16.727, 16.556, 16.48, 16.508, 16.558, 16.495, 16.666, 17.088, 17.178, 17.368, 17.541, 17.547, 17.822, 18.495, 19.258, 19.505, 19.624, 20.091, 21.08, 22.388, 23.084, 23.359, 23.552, 23.764], [28.698, 28.473, 27.963, 27.508, 27.251, 27.251, 27.564, 27.912, 27.779, 27.909, 27.795, 27.057, 26.173, 25.877, 25.59, 24.641, 24.045, 24.193, 23.813, 23.579, 23.696, 23.661, 23.733, 23.398, 22.653, 21.793, 20.721, 19.912, 19.421, 19.314, 19.295, 19.018, 18.925, 18.723, 17.906, 17.374, 17.355, 17.033, 16.693, 16.551, 16.1, 15.492, 15.131, 14.309, 14.029, 13.793, 12.118, 11.57, 10.885, 7.023, 2.599, 0.0, 2.709, 5.014, 6.241, 6.858, 8.342, 11.136, 13.834, 15.885, 16.473, 16.361, 16.386, 16.182, 16.1, 16.16, 16.235, 16.206, 16.414, 16.847, 16.911, 17.054, 17.202, 17.208, 17.502, 18.194, 19.004, 19.339, 19.524, 20.012, 20.981, 22.269, 22.993, 23.316, 23.564, 23.821], [28.762, 28.529, 28.013, 27.552, 27.28, 27.26, 27.561, 27.91, 27.78, 27.915, 27.808, 27.066, 26.179, 25.886, 25.613, 24.677, 24.061, 24.211, 23.9, 23.721, 23.83, 23.779, 23.843, 23.524, 22.816, 22.009, 21.02, 20.263, 19.774, 19.679, 19.686, 19.424, 19.347, 19.186, 18.41, 17.899, 17.877, 17.557, 17.216, 17.081, 16.675, 16.12, 15.781, 14.98, 14.693, 14.493, 12.918, 12.284, 11.533, 7.956, 4.548, 2.709, 0.0, 2.619, 4.134, 5.002, 6.96, 10.123, 12.972, 15.09, 15.715, 15.658, 15.719, 15.559, 15.539, 15.67, 15.821, 15.817, 16.032, 16.478, 16.548, 16.684, 16.829, 16.835, 17.138, 17.862, 18.706, 19.1, 19.367, 19.905, 20.906, 22.236, 22.995, 23.335, 23.583, 23.853], [28.905, 28.667, 28.149, 27.685, 27.405, 27.369, 27.659, 28.011, 27.891, 28.034, 27.933, 27.191, 26.307, 26.014, 25.755, 24.846, 24.233, 24.373, 24.103, 23.97, 24.085, 24.028, 24.084, 23.776, 23.101, 22.348, 21.432, 20.723, 20.243, 20.153, 20.166, 19.903, 19.816, 19.668, 18.939, 18.447, 18.413, 18.099, 17.762, 17.65, 17.298, 16.795, 16.476, 15.701, 15.426, 15.27, 13.841, 13.198, 12.424, 9.152, 6.388, 5.014, 2.619, 0.0, 1.857, 3.275, 5.896, 9.445, 12.495, 14.694, 15.33, 15.313, 15.42, 15.316, 15.354, 15.556, 15.787, 15.819, 16.034, 16.491, 16.572, 16.71, 16.862, 16.864, 17.162, 17.895, 18.746, 19.164, 19.47, 20.022, 21.019, 22.344, 23.106, 23.447, 23.685, 23.952], [29.0, 28.761, 28.242, 27.777, 27.5, 27.459, 27.745, 28.1, 27.98, 28.127, 28.029, 27.285, 26.403, 26.109, 25.853, 24.949, 24.328, 24.461, 24.197, 24.07, 24.186, 24.125, 24.17, 23.861, 23.199, 22.462, 21.556, 20.842, 20.359, 20.28, 20.299, 20.031, 19.941, 19.807, 19.102, 18.612, 18.566, 18.256, 17.918, 17.824, 17.511, 17.023, 16.695, 15.928, 15.667, 15.527, 14.158, 13.504, 12.73, 9.686, 7.363, 6.241, 4.134, 1.857, 0.0, 2.076, 5.358, 9.173, 12.342, 14.591, 15.233, 15.222, 15.329, 15.244, 15.317, 15.546, 15.815, 15.848, 16.046, 16.513, 16.612, 16.753, 16.908, 16.904, 17.189, 17.927, 18.782, 19.217, 19.552, 20.127, 21.139, 22.456, 23.189, 23.506, 23.723, 23.98], [29.011, 28.77, 28.25, 27.795, 27.526, 27.485, 27.769, 28.127, 28.007, 28.153, 28.057, 27.317, 26.437, 26.138, 25.882, 24.971, 24.341, 24.473, 24.195, 24.049, 24.158, 24.084, 24.113, 23.797, 23.141, 22.41, 21.489, 20.754, 20.286, 20.239, 20.265, 19.993, 19.913, 19.776, 19.074, 18.591, 18.538, 18.223, 17.88, 17.795, 17.504, 17.023, 16.699, 15.949, 15.694, 15.554, 14.232, 13.611, 12.843, 9.905, 7.807, 6.858, 5.002, 3.275, 2.076, 0.0, 3.864, 8.186, 11.65, 14.034, 14.724, 14.675, 14.673, 14.572, 14.722, 14.986, 15.253, 15.288, 15.485, 15.961, 16.086, 16.237, 16.385, 16.382, 16.678, 17.448, 18.324, 18.786, 19.157, 19.782, 20.863, 22.211, 22.954, 23.282, 23.51, 23.768], [29.186, 28.949, 28.444, 28.009, 27.751, 27.703, 27.964, 28.317, 28.205, 28.344, 28.258, 27.567, 26.74, 26.449, 26.215, 25.343, 24.735, 24.862, 24.565, 24.404, 24.516, 24.437, 24.443, 24.137, 23.512, 22.816, 21.925, 21.215, 20.812, 20.819, 20.854, 20.602, 20.542, 20.343, 19.663, 19.255, 19.208, 18.879, 18.508, 18.415, 18.143, 17.704, 17.437, 16.767, 16.521, 16.353, 15.122, 14.609, 13.906, 11.179, 9.139, 8.342, 6.96, 5.896, 5.358, 3.864, 0.0, 5.03, 9.385, 12.242, 13.049, 13.006, 12.903, 12.87, 13.345, 13.768, 14.06, 14.202, 14.456, 14.943, 15.116, 15.29, 15.439, 15.46, 15.823, 16.647, 17.525, 18.021, 18.427, 19.104, 20.322, 21.811, 22.691, 23.128, 23.44, 23.718], [29.843, 29.615, 29.137, 28.719, 28.457, 28.401, 28.619, 28.956, 28.86, 28.99, 28.93, 28.317, 27.587, 27.329, 27.134, 26.337, 25.739, 25.836, 25.555, 25.406, 25.533, 25.459, 25.43, 25.148, 24.6, 23.973, 23.159, 22.535, 22.245, 22.299, 22.353, 22.165, 22.143, 21.899, 21.257, 20.946, 20.899, 20.573, 20.183, 20.049, 19.786, 19.43, 19.265, 18.744, 18.529, 18.341, 17.129, 16.491, 15.792, 13.506, 11.788, 11.136, 10.123, 9.445, 9.173, 8.186, 5.03, 0.0, 5.244, 8.752, 9.788, 9.88, 9.906, 10.377, 11.736, 12.531, 12.896, 13.191, 13.534, 14.013, 14.262, 14.454, 14.631, 14.743, 15.212, 16.058, 16.836, 17.361, 17.888, 18.617, 20.017, 21.857, 23.037, 23.602, 23.985, 24.278], [30.62, 30.395, 29.938, 29.516, 29.235, 29.171, 29.355, 29.669, 29.584, 29.712, 29.687, 29.128, 28.492, 28.275, 28.111, 27.346, 26.695, 26.749, 26.509, 26.376, 26.493, 26.419, 26.351, 26.094, 25.645, 25.11, 24.393, 23.881, 23.697, 23.745, 23.801, 23.688, 23.724, 23.511, 22.906, 22.622, 22.54, 22.23, 21.878, 21.705, 21.427, 21.127, 21.041, 20.659, 20.493, 20.307, 19.031, 18.058, 17.284, 15.525, 14.336, 13.834, 12.972, 12.495, 12.342, 11.65, 9.385, 5.244, 0.0, 4.037, 5.598, 5.986, 6.43, 8.067, 10.67, 11.863, 12.301, 12.679, 13.108, 13.578, 13.895, 14.067, 14.244, 14.472, 15.047, 15.883, 16.5, 17.036, 17.754, 18.558, 20.073, 22.237, 23.68, 24.302, 24.7, 25.003], [31.269, 31.043, 30.605, 30.183, 29.891, 29.816, 29.972, 30.26, 30.184, 30.302, 30.295, 29.781, 29.228, 29.053, 28.912, 28.155, 27.455, 27.477, 27.268, 27.138, 27.228, 27.15, 27.061, 26.836, 26.485, 26.057, 25.456, 25.045, 24.927, 24.956, 25.014, 24.96, 25.034, 24.871, 24.339, 24.088, 23.969, 23.67, 23.366, 23.181, 22.886, 22.598, 22.548, 22.245, 22.119, 21.938, 20.579, 19.351, 18.52, 17.149, 16.299, 15.885, 15.09, 14.694, 14.591, 14.034, 12.242, 8.752, 4.037, 0.0, 2.268, 3.466, 4.653, 7.398, 10.69, 12.075, 12.602, 12.995, 13.42, 13.881, 14.255, 14.394, 14.524, 14.825,