[[0.0, 1.317, 2.76, 4.619, 7.155, 10.095, 11.531, 12.302, 13.166, 13.915, 14.042, 13.759, 13.746, 14.164, 15.328, 16.657, 16.768, 16.685, 17.233, 17.446, 17.353, 17.794, 18.94, 19.685, 19.761, 20.247, 20.893, 20.86, 20.772, 21.885, 22.033, 21.264, 21.067, 21.023, 20.822, 20.54, 20.536, 20.772, 21.286, 21.83, 22.153, 22.365, 22.402, 22.547, 22.315, 21.815, 21.514, 21.574, 22.13, 22.848, 23.092, 23.07, 22.983, 22.945, 23.107, 23.202, 23.255, 23.142, 22.886, 22.45, 22.081, 22.242, 22.592, 22.662, 22.964, 23.872, 24.291, 24.265, 24.382, 24.442, 24.457, 24.324, 24.223, 24.173, 23.772, 23.53, 23.49, 23.888, 24.755, 25.218, 25.07, 24.641, 24.513, 25.317, 26.16, 26.408], [1.317, 0.0, 1.962, 4.216, 7.016, 10.071, 11.516, 12.275, 13.111, 13.859, 13.995, 13.721, 13.7, 14.084, 15.193, 16.489, 16.578, 16.459, 16.999, 17.238, 17.171, 17.624, 18.798, 19.567, 19.642, 20.134, 20.78, 20.73, 20.61, 21.692, 21.82, 21.048, 20.857, 20.811, 20.619, 20.353, 20.356, 20.594, 21.11, 21.658, 21.986, 22.203, 22.243, 22.382, 22.144, 21.652, 21.361, 21.43, 22.013, 22.76, 23.031, 23.017, 22.932, 22.897, 23.056, 23.145, 23.192, 23.079, 22.819, 22.37, 21.985, 22.135, 22.486, 22.558, 22.854, 23.753, 24.172, 24.148, 24.277, 24.347, 24.365, 24.226, 24.118, 24.075, 23.691, 23.458, 23.424, 23.837, 24.726, 25.195, 25.045, 24.609, 24.464, 25.255, 26.103, 26.365], [2.76, 1.962, 0.0, 2.77, 6.185, 9.539, 11.09, 11.898, 12.777, 13.564, 13.716, 13.466, 13.474, 13.881, 14.986, 16.289, 16.377, 16.239, 16.787, 17.058, 17.02, 17.502, 18.761, 19.556, 19.629, 20.146, 20.813, 20.759, 20.611, 21.674, 21.767, 20.925, 20.689, 20.65, 20.482, 20.25, 20.3, 20.576, 21.125, 21.712, 22.083, 22.316, 22.357, 22.498, 22.258, 21.769, 21.464, 21.503, 22.066, 22.817, 23.082, 23.058, 22.993, 22.973, 23.143, 23.221, 23.24, 23.142, 22.905, 22.458, 22.066, 22.205, 22.556, 22.64, 22.957, 23.886, 24.322, 24.3, 24.442, 24.516, 24.518, 24.387, 24.304, 24.26, 23.851, 23.588, 23.531, 23.917, 24.796, 25.265, 25.122, 24.715, 24.595, 25.355, 26.178, 26.435], [4.619, 4.216, 2.77, 0.0, 4.195, 8.199, 10.066, 11.033, 12.076, 12.971, 13.148, 12.931, 13.023, 13.461, 14.561, 15.878, 15.944, 15.841, 16.492, 16.786, 16.739, 17.231, 18.52, 19.318, 19.414, 19.987, 20.713, 20.68, 20.524, 21.67, 21.81, 20.913, 20.621, 20.585, 20.453, 20.265, 20.365, 20.712, 21.339, 21.971, 22.368, 22.609, 22.642, 22.767, 22.525, 22.054, 21.746, 21.754, 22.281, 22.993, 23.211, 23.167, 23.114, 23.106, 23.278, 23.359, 23.401, 23.347, 23.144, 22.714, 22.33, 22.459, 22.81, 22.912, 23.246, 24.173, 24.602, 24.577, 24.709, 24.76, 24.742, 24.622, 24.571, 24.537, 24.129, 23.864, 23.79, 24.155, 25.019, 25.484, 25.352, 24.973, 24.878, 25.606, 26.388, 26.623], [7.155, 7.016, 6.185, 4.195, 0.0, 4.669, 7.377, 9.026, 10.578, 11.686, 11.862, 11.698, 12.011, 12.666, 14.096, 15.612, 15.663, 15.825, 16.749, 17.039, 16.914, 17.431, 18.739, 19.486, 19.611, 20.254, 21.08, 21.102, 21.029, 22.442, 22.7, 21.684, 21.228, 21.161, 21.089, 21.045, 21.235, 21.647, 22.425, 23.225, 23.738, 23.996, 24.014, 24.125, 23.906, 23.471, 23.136, 23.034, 23.362, 23.862, 23.906, 23.807, 23.799, 23.815, 23.981, 24.072, 24.174, 24.195, 24.041, 23.64, 23.258, 23.422, 23.838, 24.009, 24.417, 25.369, 25.78, 25.753, 25.841, 25.836, 25.803, 25.733, 25.736, 25.724, 25.284, 24.984, 24.904, 25.242, 25.996, 26.39, 26.298, 26.007, 25.99, 26.718, 27.451, 27.636], [10.095, 10.071, 9.539, 8.199, 4.669, 0.0, 3.737, 6.525, 8.826, 10.146, 10.276, 10.215, 10.725, 11.75, 13.783, 15.54, 15.607, 16.165, 17.422, 17.715, 17.494, 18.029, 19.393, 20.13, 20.291, 20.973, 21.87, 21.954, 22.004, 23.635, 23.929, 22.732, 22.039, 21.928, 21.926, 22.031, 22.309, 22.752, 23.666, 24.685, 25.377, 25.675, 25.685, 25.815, 25.619, 25.191, 24.821, 24.615, 24.742, 25.044, 24.936, 24.794, 24.839, 24.874, 25.031, 25.113, 25.229, 25.308, 25.202, 24.842, 24.483, 24.693, 25.171, 25.398, 25.875, 26.878, 27.299, 27.28, 27.343, 27.312, 27.274, 27.258, 27.321, 27.335, 26.852, 26.51, 26.433, 26.728, 27.342, 27.65, 27.608, 27.424, 27.481, 28.187, 28.86, 28.996], [11.531, 11.516, 11.09, 10.066, 7.377, 3.737, 0.0, 3.545, 6.677, 8.23, 8.381, 8.427, 8.897, 10.097, 12.556, 14.454, 14.582, 15.518, 17.113, 17.48, 17.191, 17.685, 19.06, 19.83, 20.049, 20.751, 21.695, 21.851, 22.032, 23.759, 24.025, 22.739, 21.937, 21.809, 21.837, 21.976, 22.261, 22.698, 23.664, 24.817, 25.608, 25.924, 25.941, 26.088, 25.894, 25.461, 25.122, 24.974, 25.136, 25.452, 25.36, 25.227, 25.271, 25.296, 25.439, 25.498, 25.589, 25.644, 25.513, 25.161, 24.833, 25.022, 25.446, 25.632, 26.086, 27.108, 27.543, 27.517, 27.579, 27.561, 27.525, 27.515, 27.599, 27.636, 27.179, 26.877, 26.838, 27.15, 27.753, 28.046, 28.007, 27.827, 27.851, 28.515, 29.163, 29.293], [12.302, 12.275, 11.898, 11.033, 9.026, 6.525, 3.545, 0.0, 3.795, 5.667, 5.926, 6.097, 6.547, 7.842, 10.572, 12.565, 12.795, 14.078, 16.01, 16.491, 16.165, 16.602, 17.959, 18.756, 19.026, 19.735, 20.715, 20.938, 21.232, 23.039, 23.322, 22.062, 21.307, 21.203, 21.244, 21.382, 21.663, 22.072, 23.024, 24.223, 25.025, 25.34, 25.38, 25.554, 25.375, 24.962, 24.682, 24.638, 24.929, 25.338, 25.327, 25.221, 25.215, 25.193, 25.306, 25.337, 25.393, 25.386, 25.199, 24.835, 24.505, 24.65, 25.004, 25.119, 25.513, 26.539, 26.981, 26.929, 26.984, 26.98, 26.939, 26.908, 26.985, 27.048, 26.656, 26.424, 26.431, 26.781, 27.436, 27.763, 27.712, 27.482, 27.45, 28.107, 28.771, 28.92], [13.166, 13.111, 12.777, 12.076, 10.578, 8.826, 6.677, 3.795, 0.0, 2.224, 2.785, 3.125, 3.921, 5.538, 8.714, 10.88, 11.166, 12.705, 14.91, 15.485, 15.17, 15.645, 17.043, 17.844, 18.131, 18.813, 19.777, 20.025, 20.4, 22.305, 22.668, 21.508, 20.876, 20.828, 20.906, 21.086, 21.392, 21.757, 22.664, 23.868, 24.656, 24.966, 25.037, 25.27, 25.141, 24.768, 24.525, 24.533, 24.893, 25.351, 25.401, 25.314, 25.246, 25.169, 25.242, 25.227, 25.241, 25.192, 24.974, 24.608, 24.26, 24.385, 24.708, 24.765, 25.099, 26.121, 26.565, 26.481, 26.526, 26.529, 26.476, 26.415, 26.467, 26.535, 26.179, 25.996, 26.037, 26.384, 27.047, 27.404, 27.349, 27.076, 27.011, 27.691, 28.392, 28.567], [13.915, 13.859, 13.564, 12.971, 11.686, 10.146, 8.23, 5.667, 2.224, 0.0, 1.177, 2.045, 3.075, 4.791, 8.171, 10.393, 10.677, 12.315, 14.61, 15.2, 14.894, 15.408, 16.814, 17.588, 17.875, 18.529, 19.478, 19.766, 20.228, 22.18, 22.575, 21.469, 20.885, 20.856, 20.947, 21.151, 21.461, 21.793, 22.676, 23.894, 24.698, 25.005, 25.089, 25.353, 25.25, 24.894, 24.665, 24.685, 25.052, 25.517, 25.584, 25.498, 25.411, 25.316, 25.376, 25.35, 25.355, 25.297, 25.076, 24.726, 24.382, 24.503, 24.808, 24.832, 25.11, 26.095, 26.523, 26.417, 26.459, 26.477, 26.43, 26.361, 26.395, 26.454, 26.121, 25.975, 26.039, 26.379, 27.021, 27.378, 27.316, 27.02, 26.921, 27.589, 28.309, 28.499], [14.042, 13.995, 13.716, 13.148, 11.862, 10.276, 8.381, 5.926, 2.785, 1.177, 0.0, 1.515, 2.853, 4.669, 8.166, 10.397, 10.669, 12.304, 14.572, 15.146, 14.83, 15.345, 16.774, 17.57, 17.866, 18.523, 19.471, 19.782, 20.285, 22.25, 22.647, 21.546, 20.955, 20.921, 21.012, 21.221, 21.539, 21.871, 22.739, 23.949, 24.762, 25.065, 25.149, 25.415, 25.321, 24.971, 24.739, 24.75, 25.109, 25.574, 25.64, 25.558, 25.478, 25.387, 25.449, 25.42, 25.42, 25.361, 25.141, 24.792, 24.45, 24.575, 24.882, 24.903, 25.173, 26.157, 26.587, 26.476, 26.513, 26.537, 26.494, 26.422, 26.454, 26.517, 26.193, 26.049, 26.109, 26.437, 27.065, 27.417, 27.353, 27.055, 26.949, 27.613, 28.329, 28.512], [13.759, 13.721, 13.466, 12.931, 11.698, 10.215, 8.427, 6.097, 3.125, 2.045, 1.515, 0.0, 1.912, 4.082, 7.818, 10.15, 10.382, 11.952, 14.186, 14.754, 14.475, 15.035, 16.483, 17.286, 17.585, 18.238, 19.175, 19.466, 19.929, 21.893, 22.3, 21.191, 20.611, 20.591, 20.687, 20.89, 21.21, 21.562, 22.45, 23.669, 24.488, 24.797, 24.881, 25.147, 25.053, 24.706, 24.481, 24.505, 24.887, 25.37, 25.445, 25.369, 25.295, 25.206, 25.263, 25.224, 25.216, 25.152, 24.923, 24.569, 24.235, 24.357, 24.655, 24.67, 24.946, 25.95, 26.396, 26.289, 26.329, 26.355, 26.313, 26.236, 26.271, 26.331, 25.99, 25.833, 25.887, 26.221, 26.866, 27.228, 27.161, 26.854, 26.749, 27.42, 28.133, 28.313], [13.746, 13.7, 13.474, 13.023, 12.011, 10.725, 8.897, 6.547, 3.921, 3.075, 2.853, 1.912, 0.0, 2.821, 7.018, 9.411, 9.649, 11.253, 13.532, 14.131, 13.875, 14.443, 15.91, 16.752, 17.07, 17.696, 18.622, 18.931, 19.373, 21.312, 21.703, 20.587, 20.009, 19.986, 20.08, 20.277, 20.593, 20.954, 21.879, 23.165, 24.027, 24.35, 24.436, 24.703, 24.599, 24.253, 24.068, 24.145, 24.583, 25.121, 25.234, 25.173, 25.1, 25.008, 25.06, 25.021, 25.017, 24.947, 24.712, 24.378, 24.089, 24.198, 24.461, 24.453, 24.686, 25.656, 26.102, 25.999, 26.054, 26.097, 26.06, 25.975, 26.001, 26.059, 25.742, 25.613, 25.675, 26.028, 26.708, 27.084, 26.997, 26.666, 26.514, 27.148, 27.858, 28.047], [14.164, 14.084, 13.881, 13.461, 12.666, 11.75, 10.097, 7.842, 5.538, 4.791, 4.669, 4.082, 2.821, 0.0, 4.672, 7.457, 7.765, 9.669, 12.363, 13.103, 12.875, 13.406, 14.852, 15.757, 16.091, 16.677, 17.585, 17.925, 18.421, 20.422, 20.858, 19.825, 19.324, 19.304, 19.374, 19.552, 19.864, 20.221, 21.132, 22.428, 23.308, 23.649, 23.745, 24.029, 23.935, 23.614, 23.496, 23.682, 24.237, 24.831, 24.989, 24.962, 24.872, 24.762, 24.802, 24.776, 24.795, 24.692, 24.424, 24.106, 23.876, 23.974, 24.181, 24.099, 24.221, 25.109, 25.536, 25.44, 25.528, 25.595, 25.556, 25.45, 25.448, 25.495, 25.239, 25.188, 25.29, 25.692, 26.433, 26.838, 26.72, 26.329, 26.101, 26.709, 27.438, 27.652], [15.328, 15.193, 14.986, 14.561, 14.096, 13.783, 12.556, 10.572, 8.714, 8.171, 8.166, 7.818, 7.018, 4.672, 0.0, 3.564, 4.399, 6.916, 10.455, 11.494, 11.328, 11.599, 12.847, 13.92, 14.312, 14.915, 15.905, 16.283, 16.865, 19.016, 19.548, 18.709, 18.395, 18.371, 18.363, 18.452, 18.743, 19.101, 19.951, 21.171, 21.989, 22.334, 22.461, 22.759, 22.688, 22.459, 22.49, 22.89, 23.726, 24.506, 24.786, 24.814, 24.667, 24.503, 24.508, 24.516, 24.572, 24.387, 24.053, 23.739, 23.546, 23.593, 23.707, 23.493, 23.375, 24.033, 24.376, 24.293, 24.444, 24.568, 24.547, 24.39, 24.305, 24.356, 24.298, 24.474, 24.695, 25.236, 26.15, 26.635, 26.461, 25.934, 25.541, 26.074, 26.841, 27.131], [16.657, 16.489, 16.289, 15.878, 15.612, 15.54, 14.454, 12.565, 10.88, 10.393, 10.397, 10.15, 9.411, 7.457, 3.564, 0.0, 2.159, 5.589, 9.451, 10.626, 10.428, 10.375, 11.361, 12.585, 13.096, 13.758, 14.868, 15.293, 15.984, 18.252, 18.873, 18.259, 18.079, 18.016, 17.946, 17.966, 18.232, 18.58, 19.383, 20.561, 21.318, 21.637, 21.787, 22.079, 22.02, 21.895, 22.077, 22.632, 23.67, 24.642, 25.058, 25.118, 24.914, 24.697, 24.673, 24.7, 24.791, 24.591, 24.246, 23.953, 23.763, 23.744, 23.802, 23.519, 23.181, 23.54, 23.749, 23.659, 23.849, 24.026, 24.05, 23.841, 23.669, 23.752, 23.92, 24.311, 24.627, 25.27, 26.326, 26.878, 26.663, 26.023, 25.473, 25.903, 26.678, 27.029], [16.768, 16.578, 16.377, 15.944, 15.663, 15.607, 14.582, 12.795, 11.166, 10.677, 10.669, 10.382, 9.649, 7.765, 4.399, 2.159, 0.0, 4.308, 8.576, 9.827, 9.678, 9.732, 10.85, 12.176, 12.717, 13.404, 14.541, 14.966, 15.626, 17.911, 18.566, 17.954, 17.764, 17.706, 17.673, 17.716, 17.981, 18.341, 19.184, 20.404, 21.195, 21.522, 21.668, 21.965, 21.919, 21.803, 21.988, 22.546, 23.586, 24.559, 25.0, 25.077, 24.877, 24.666, 24.648, 24.674, 24.781, 24.611, 24.275, 23.981, 23.793, 23.776, 23.839, 23.569, 23.227, 23.567, 23.773, 23.68, 23.861, 24.037, 24.068, 23.858, 23.687, 23.788, 23.98, 24.378, 24.692, 25.339, 26.402, 26.959, 26.742, 26.101, 25.562, 26.01, 26.79, 27.14], [16.685, 16.459, 16.239, 15.841, 15.825, 16.165, 15.518, 14.078, 12.705, 12.315, 12.304, 11.952, 11.253, 9.669, 6.916, 5.589, 4.308, 0.0, 4.932, 6.666, 7.01, 7.52, 9.213, 10.867, 11.353, 12.076, 13.336, 13.783, 14.283, 16.442, 17.117, 16.571, 16.458, 16.441, 16.464, 16.501, 16.725, 17.075, 17.974, 19.292, 20.114, 20.451, 20.592, 20.892, 20.854, 20.756, 20.976, 21.597, 22.767, 23.88, 24.454, 24.615, 24.433, 24.245, 24.26, 24.275, 24.369, 24.213, 23.883, 23.567, 23.364, 23.321, 23.351, 23.093, 22.755, 23.092, 23.318, 23.221, 23.408, 23.608, 23.635, 23.379, 23.167, 23.242, 23.445, 23.834, 24.105, 24.743, 25.861, 26.461, 26.229, 25.564, 25.012, 25.468, 26.278, 26.643], [17.233, 16.999, 16.787, 16.492, 16.749, 17.422, 17.113, 16.01, 14.91, 14.61, 14.572, 14.186, 13.532, 12.363, 10.455, 9.451, 8.576, 4.932, 0.0, 2.624, 4.506, 6.12, 8.519, 10.288, 10.605, 11.19, 12.393, 12.919, 13.404, 15.343, 16.058, 15.833, 15.9, 15.883, 15.953, 15.976, 16.127, 16.394, 17.247, 18.602, 19.464, 19.803, 19.945, 20.219, 20.167, 20.086, 20.317, 20.909, 22.09, 23.293, 23.973, 24.19, 24.055, 23.915, 23.985, 23.985, 24.044, 23.957, 23.707, 23.445, 23.261, 23.183, 23.189, 23.01, 22.722, 22.999, 23.198, 23.094, 23.293, 23.522, 23.562, 23.276, 23.017, 23.007, 23.118, 23.389, 23.535, 24.048, 25.121, 25.729, 25.495, 24.855, 24.346, 24.788, 25.592, 25.949], [17.446, 17.238, 17.058, 16.786, 17.039, 17.715, 17.48, 16.491, 15.485, 15.2, 15.146, 14.754, 14.131, 13.103, 11.494, 10.626, 9.827, 6.666, 2.624, 0.0, 2.954, 5.336, 8.128, 9.977, 10.29, 10.819, 11.981, 12.601, 13.175, 15.091, 15.873, 15.832, 15.978, 15.953, 16.041, 16.059, 16.202, 16.435, 17.235, 18.561, 19.438, 19.781, 19.928, 20.204, 20.147, 20.057, 20.271, 20.82, 21.943, 23.116, 23.793, 24.015, 23.889, 23.768, 23.86, 23.862, 23.924, 23.857, 23.635, 23.412, 23.25, 23.181, 23.205, 23.067, 22.806, 23.061, 23.238, 23.126, 23.33, 23.567, 23.615, 23.329, 23.055, 23.011, 23.078, 23.302, 23.402, 23.854, 24.88, 25.474, 25.243, 24.628, 24.149, 24.601, 25.403, 25.749], [17.353, 17.171, 17.02, 16.739, 16.914, 17.494, 17.191, 16.165, 15.17, 14.894, 14.83, 14.475, 13.875, 12.875, 11.328, 10.428, 9.678, 7.01, 4.506, 2.954, 0.0, 3.193, 7.048, 9.291, 9.794, 10.489, 11.828, 12.546, 13.21, 15.194, 15.97, 15.9, 16.02, 15.981, 16.062, 16.088, 16.256, 16.501, 17.29, 18.589, 19.461, 19.809, 19.972, 20.282, 20.231, 20.119, 20.325, 20.886, 22.024, 23.194, 23.859, 24.077, 23.917, 23.765, 23.852, 23.858, 23.923, 23.826, 23.578, 23.352, 23.19, 23.139, 23.175, 23.03, 22.764, 23.009, 23.169, 23.059, 23.263, 23.49, 23.524, 23.229, 22.942, 22.904, 22.995, 23.259, 23.388, 23.855, 24.886, 25.48, 25.249, 24.626, 24.131, 24.582, 25.383, 25.724], [17.794, 17.624, 17.502, 17.231, 17.431, 18.029, 17.685, 16.602, 15.645, 15.408, 15.345, 15.035, 14.443, 13.406, 11.599, 10.375, 9.732, 7.52, 6.12, 5.336, 3.193, 0.0, 4.863, 7.779, 8.57, 9.558, 11.281, 12.167, 12.948, 15.041, 15.853, 15.863, 16.055, 15.983, 15.961, 15.904, 16.082, 16.355, 17.073, 18.234, 18.997, 19.312, 19.497, 19.825, 19.802, 19.766, 20.089, 20.788, 22.075, 23.338, 24.053, 24.278, 24.05, 23.84, 23.896, 23.949, 24.078, 23.932, 23.63, 23.382, 23.201, 23.115, 23.103, 22.862, 22.431, 22.521, 22.615, 22.509, 22.734, 22.963, 22.997, 22.685, 22.375, 22.381, 22.649, 23.088, 23.306, 23.87, 25.008, 25.645, 25.384, 24.666, 24.054, 24.465, 25.279, 25.655], [18.94, 18.798, 18.761, 18.52, 18.739, 19.393, 19.06, 17.959, 17.043, 16.814, 16.774, 16.483, 15.91, 14.852, 12.847, 11.361, 10.85, 9.213, 8.519, 8.128, 7.048, 4.863, 0.0, 3.799, 5.337, 6.994, 9.471, 10.66, 11.713, 14.155, 15.343, 15.896, 16.406, 16.287, 16.081, 15.87, 16.01, 16.292, 16.917, 17.839, 18.289, 18.481, 18.685, 18.992, 19.007, 19.145, 19.722, 20.648, 22.143, 23.507, 24.288, 24.527, 24.212, 23.943, 23.957, 24.096, 24.427, 24.303, 23.961, 23.702, 23.492, 23.323, 23.213, 22.822, 22.078, 21.804, 21.716, 21.598, 21.868, 22.117, 22.169, 21.846, 21.49, 21.56, 22.152, 22.898, 23.251, 23.974, 25.303, 26.027, 25.714, 24.829, 24.018, 24.395, 25.283, 25.737], [19.685, 19.567, 19.556, 19.318, 19.486, 20.13, 19.83, 18.756, 17.844, 17.588, 17.57, 17.286, 16.752, 15.757, 13.92, 12.585, 12.176, 10.867, 10.288, 9.977, 9.291, 7.779, 3.799, 0.0, 2.514, 5.154, 8.216, 9.608, 10.864, 13.58, 15.082, 16.009, 16.71, 16.58, 16.335, 16.137, 16.279, 16.543, 17.155, 18.018, 18.384, 18.565, 18.784, 19.084, 19.118, 19.302, 19.917, 20.836, 22.28, 23.568, 24.304, 24.529, 24.204, 23.938, 23.948, 24.114, 24.555, 24.523, 24.219, 23.985, 23.803, 23.647, 23.527, 23.116, 22.304, 21.891, 21.717, 21.587, 21.869, 22.125, 22.176, 21.865, 21.513, 21.58, 22.219, 23.018, 23.391, 24.128, 25.472, 26.21, 25.895, 24.987, 24.161, 24.563, 25.477, 25.943], [19.761, 19.642, 19.629, 19.414, 19.611, 20.291, 20.049, 19.026, 18.131, 17.875, 17.866, 17.585, 17.07, 16.091, 14.312, 13.096, 12.717, 11.353, 10.605, 10.29, 9.794, 8.57, 5.337, 2.514, 0.0, 3.395, 6.954, 8.506, 9.892, 12.814, 14.476, 15.55, 16.331, 16.215, 15.993, 15.83, 15.98, 16.238, 16.875, 17.765, 18.16, 18.364, 18.591, 18.905, 18.961, 19.151, 19.737, 20.601, 21.998, 23.259, 23.993, 24.232, 23.927, 23.68, 23.703, 23.874, 24.33, 24.349, 24.103, 23.924, 23.796, 23.678, 23.577, 23.184, 22.382, 21.956, 21.766, 21.629, 21.906, 22.162, 22.211, 21.901, 21.546, 21.591, 22.189, 22.952, 23.296, 23.99, 25.298, 26.025, 25.714, 24.82, 24.016, 24.417, 25.32, 25.78], [20.247, 20.134, 20.146, 19.987, 20.254, 20.973, 20.751, 19.735, 18.813, 18.529, 18.523, 18.238, 17.696, 16.677, 14.915, 13.758, 13.404, 12.076, 11.19, 10.819, 10.489, 9.558, 6.994, 5.154, 3.395, 0.0, 4.11, 6.181, 8.139, 11.545, 13.465, 14.827, 15.757, 15.682, 15.51, 15.387, 15.514, 15.713, 16.359, 17.331, 17.808, 18.041, 18.274, 18.635, 18.733, 18.932, 19.51, 20.341, 21.7, 22.95, 23.706, 23.964, 23.669, 23.44, 23.475, 23.64, 24.083, 24.131, 23.965, 23.953, 23.986, 23.918, 23.826, 23.44, 22.605, 22.109, 21.881, 21.737, 22.008, 22.264, 22.328, 22.022, 21.654, 21.667, 22.24, 22.986, 23.309, 23.946, 25.199, 25.913, 25.602, 24.703, 23.886, 24.253, 25.133, 25.59], [20.893, 20.78, 20.813, 20.713, 21.08, 21.87, 21.695, 20.715, 19.777, 19.478, 19.471, 19.175, 18.622, 17.585, 15.905, 14.868, 14.541, 13.336, 12.393, 11.981, 11.828, 11.281, 9.471, 8.216, 6.954, 4.11, 0.0, 2.946, 6.087, 10.092, 12.446, 14.269, 15.414, 15.388, 15.266, 15.206, 15.333, 15.454, 16.042, 17.009, 17.534, 17.808, 18.055, 18.464, 18.611, 18.818, 19.383, 20.185, 21.485, 22.675, 23.404, 23.662, 23.375, 23.166, 23.213, 23.359, 23.78, 23.861, 23.772, 23.934, 24.2, 24.241, 24.168, 23.779, 22.9, 22.312, 22.043, 21.895, 22.171, 22.449, 22.527, 22.211, 21.832, 21.828, 22.367, 23.095, 23.413, 24.001, 25.184, 25.872, 25.564, 24.675, 23.868, 24.22, 25.074, 25.52], [20.86, 20.73, 20.759, 20.68, 21.102, 21.954, 21.851, 20.938, 20.025, 19.766, 19.782, 19.466, 18.931, 17.925, 16.283, 15.293, 14.966, 13.783, 12.919, 12.601, 12.546, 12.167, 10.66, 9.608, 8.506, 6.181, 2.946, 0.0, 4.181, 8.889, 11.611, 13.69, 15.002, 15.031, 14.922, 14.877, 15.015, 15.152, 15.776, 16.712, 17.169, 17.438, 17.693, 18.106, 18.27, 18.49, 19.05, 19.871, 21.202, 22.404, 23.131, 23.394, 23.11, 22.904, 22.95, 23.08, 23.49, 23.585, 23.509, 23.68, 24.011, 24.12, 24.078, 23.698, 22.821, 22.213, 21.926, 21.779, 22.061, 22.338, 22.397, 22.052, 21.653, 21.656, 22.196, 22.935, 23.267, 23.879, 25.082, 25.772, 25.469, 24.587, 23.806, 24.189, 25.065, 25.524], [20.772, 20.61, 20.611, 20.524, 21.029, 22.004, 22.032, 21.232, 20.4, 20.228, 20.285, 19.929, 19.373, 18.421, 16.865, 15.984, 15.626, 14.283, 13.404, 13.175, 13.21, 12.948, 11.713, 10.864, 9.892, 8.139, 6.087, 4.181, 0.0, 5.62, 9.224, 11.938, 13.615, 13.732, 13.665, 13.648, 13.81, 14.063, 14.819, 15.754, 16.145, 16.446, 16.715, 17.127, 17.308, 17.541, 18.071, 18.881, 20.264, 21.525, 22.319, 22.63, 22.367, 22.183, 22.243, 22.381, 22.837, 22.995, 22.945, 23.099, 23.437, 23.587, 23.601, 23.292, 22.502, 21.945, 21.673, 21.544, 21.824, 22.075, 22.111, 21.756, 21.388, 21.439, 21.974, 22.693, 23.008, 23.626, 24.859, 25.559, 25.267, 24.425, 23.726, 24.184, 25.073, 25.53], [21.885, 21.692, 21.674, 21.67, 22.442, 23.635, 23.759, 23.039, 22.305, 22.18, 22.25, 21.893, 21.312, 20.422, 19.016, 18.252, 17.911, 16.442, 15.343, 15.091, 15.194, 15.041, 14.155, 13.58, 12.814, 11.545, 10.092, 8.889, 5.62, 0.0, 5.172, 9.628, 12.079, 12.341, 12.348, 12.398, 12.612, 12.92, 13.551, 14.297, 14.63, 14.992, 15.289, 15.672, 15.895, 16.201, 16.741, 17.56, 18.988, 20.306, 21.224, 21.634, 21.417, 21.283, 21.374, 21.51, 22.012, 22.279, 22.308, 22.516, 22.955, 23.157, 23.217, 23.049, 22.395, 21.868, 21.587, 21.474, 21.762, 22.031, 22.083, 21.73, 21.401, 21.473, 21.987, 22.668, 22.949, 23.54, 24.761, 25.435, 25.125, 24.326, 23.693, 24.183, 25.051, 25.507], [22.033, 21.82, 21.767, 21.81, 22.7, 23.929, 24.025, 23.322, 22.668, 22.575, 22.647, 22.3, 21.703, 20.858, 19.548, 18.873, 18.566, 17.117, 16.058, 15.873, 15.97, 15.853, 15.343, 15.082, 14.476, 13.465, 12.446, 11.611, 9.224, 5.172, 0.0, 5.785, 9.186, 9.715, 9.83, 10.135, 10.545, 10.914, 11.473, 12.32, 13.109, 13.731, 14.034, 14.422, 14.639, 14.896, 15.343, 16.148, 17.566, 18.9, 19.874, 20.345, 20.205, 20.134, 20.249, 20.332, 20.744, 21.027, 21.106, 21.362, 21.89, 22.149, 22.278, 22.313, 21.997, 21.804, 21.676, 21.599, 21.892, 22.151, 22.187, 21.865, 21.581, 21.603, 21.964, 22.516, 22.77, 23.354, 24.535, 25.163, 24.854, 24.146, 23.611, 24.147, 25.026, 25.489], [21.264, 21.048, 20.925, 20.913, 21.684, 22.732, 22.739, 22.062, 21.508, 21.469, 21.546, 21.191, 20.587, 19.825, 18.709, 18.259, 17.954, 16.571, 15.833, 15.832, 15.9, 15.863, 15.896, 16.009, 15.55, 14.827, 14.269, 13.69, 11.938, 9.628, 5.785, 0.0, 4.268, 5.451, 5.993, 7.09, 8.038, 8.754, 9.795, 11.433, 13.13, 14.048, 14.268, 14.68, 14.831, 14.837, 15.03, 15.776, 17.116, 18.414, 19.323, 19.783, 19.734, 19.728, 19.854, 19.884, 20.153, 20.335, 20.35, 20.537, 21.043, 21.344, 21.521, 21.649, 21.753, 22.225, 22.461, 22.434, 22.672, 22.854, 22.849, 22.594, 22.428, 22.464, 22.631, 22.971, 23.163, 23.713, 24.812, 25.395, 25.149, 24.58, 24.192, 24.789, 25.649, 26.065], [21.067, 20.857, 20.689, 20.621, 21.228, 22.039, 21.937, 21.307, 20.876, 20.885, 20.955, 20.611, 20.009, 19.324, 18.395, 18.079, 17.764, 16.458, 15.9, 15.978, 16.02, 16.055, 16.406, 16.71, 16.331, 15.757, 15.414, 15.002, 13.615, 12.079, 9.186, 4.268, 0.0, 2.132, 3.804, 5.875, 7.235, 8.164, 9.646, 11.881, 14.042, 15.044, 15.182, 15.577, 15.671, 15.554, 15.656, 16.344, 17.599, 18.879, 19.748, 20.183, 20.192, 20.223, 20.359, 20.386, 20.603, 20.731, 20.69, 20.823, 21.284, 21.568, 21.724, 21.821, 22.041, 22.787, 23.211, 23.217, 23.42, 23.567, 23.547, 23.338, 23.258, 23.337, 23.448, 23.689, 23.828, 24.332, 25.367, 25.916, 25.705, 25.212, 24.883, 25.447, 26.249, 26.618], [21.023, 20.811, 20.65, 20.585, 21.161, 21.928, 21.809, 21.203, 20.828, 20.856, 20.921, 20.591, 19.986, 19.304, 18.371, 18.016, 17.706, 16.441, 15.883, 15.953, 15.981, 15.983, 16.287, 16.58, 16.215, 15.682, 15.388, 15.031, 13.732, 12.341, 9.715, 5.451, 2.132, 0.0, 2.485, 5.174, 6.728, 7.718, 9.307, 11.659, 13.895, 14.916, 15.045, 15.417, 15.491, 15.38, 15.513, 16.225, 17.516, 18.846, 19.732, 20.164, 20.19, 20.234, 20.384, 20.442, 20.697, 20.836, 20.789, 20.917, 21.372, 21.636, 21.772, 21.843, 22.012, 22.69, 23.101, 23.137, 23.359, 23.511, 23.499, 23.29, 23.202, 23.29, 23.442, 23.708, 23.852, 24.367, 25.414, 25.97, 25.755, 25.243, 24.88, 25.411, 26.206, 26.575], [20.822, 20.619, 20.482, 20.453, 21.089, 21.926, 21.837, 21.244, 20.906, 20.947, 21.012, 20.687, 20.08, 19.374, 18.363, 17.946, 17.673, 16.464, 15.953, 16.041, 16.062, 15.961, 16.081, 16.335, 15.993, 15.51, 15.266, 14.922, 13.665, 12.348, 9.83, 5.993, 3.804, 2.485, 0.0, 3.267, 5.273, 6.536, 8.251, 10.704, 13.002, 14.047, 14.186, 14.548, 14.632, 14.559, 14.767, 15.606, 17.042, 18.493, 19.418, 19.848, 19.863, 19.905, 20.072, 20.183, 20.498, 20.64, 20.577, 20.691, 21.131, 21.382, 21.5, 21.531, 21.637, 22.251, 22.619, 22.665, 22.932, 23.117, 23.135, 22.914, 22.78, 22.861, 23.082, 23.414, 23.594, 24.159, 25.267, 25.85, 25.62, 25.052, 24.623, 25.13, 25.939, 26.331], [20.54, 20.353, 20.25, 20.265, 21.045, 22.031, 21.976, 21.382, 21.086, 21.151, 21.221, 20.89, 20.277, 19.552, 18.452, 17.966, 17.716, 16.501, 15.976, 16.059, 16.088, 15.904, 15.87, 16.137, 15.83, 15.387, 15.206, 14.877, 13.648, 12.398, 10.135, 7.09, 5.875, 5.174, 3.267, 0.0, 2.686, 4.704, 6.709, 9.284, 11.647, 12.744, 12.893, 13.252, 13.314, 13.275, 13.597, 14.604, 16.25, 17.885, 18.908, 19.343, 19.325, 19.365, 19.574, 19.746, 20.099, 20.228, 20.15, 20.248, 20.658, 20.87, 20.961, 20.943, 20.964, 21.498, 21.833, 21.878, 22.195, 22.465, 22.54, 22.297, 22.12, 22.194, 22.485, 22.891, 23.1, 23.718, 24.918, 25.543, 25.29, 24.663, 24.179, 24.661, 25.472, 25.887], [20.536, 20.356, 20.3, 20.365, 21.235, 22.309, 22.261, 21.663, 21.392, 21.461, 21.539, 21.21, 20.593, 19.864, 18.743, 18.232, 17.981, 16.725, 16.127, 16.202, 16.256, 16.082, 16.01, 16.279, 15.98, 15.514, 15.333, 15.015, 13.81, 12.612, 10.545, 8.038, 7.235, 6.728, 5.273, 2.686, 0.0, 2.652, 5.209, 8.152, 10.701, 11.896, 12.041, 12.416, 12.45, 12.414, 12.789, 13.878, 15.618, 17.347, 18.47, 18.914, 18.861, 18.913, 19.161, 19.363, 19.714, 19.835, 19.776, 19.907, 20.328, 20.521, 20.605, 20.601, 20.603, 21.082, 21.393, 21.44, 21.768, 22.08, 22.213, 21.979, 21.783, 21.836, 22.138, 22.563, 22.771, 23.395, 24.632, 25.28, 25.022, 24.378, 23.892, 24.379, 25.181, 25.599], [20.772, 20.594, 20.576, 20.712, 21.647, 22.752, 22.698, 22.072, 21.757, 21.793, 21.871, 21.562, 20.954, 20.221, 19.101, 18.58, 18.341, 17.075, 16.394, 16.435, 16.501, 16.355, 16.292, 16.543, 16.238, 15.713, 15.454, 15.152, 14.063, 12.92, 10.914, 8.754, 8.164, 7.718, 6.536, 4.704, 2.652, 0.0, 3.246, 6.952, 9.968, 11.318, 11.463, 11.931, 12.016, 11.982, 12.355, 13.42, 15.101, 16.802, 17.988, 18.454, 18.365, 18.413, 18.678, 18.886, 19.204, 19.305, 19.277, 19.495, 19.999, 20.225, 20.32, 20.33, 20.331, 20.785, 21.106, 21.172, 21.507, 21.825, 21.995, 21.793, 21.588, 21.604, 21.864, 22.263, 22.451, 23.043, 24.263, 24.916, 24.662, 24.025, 23.576, 24.095, 24.889, 25.303], [21.286, 21.11, 21.125, 21.339, 22.425, 23.666, 23.664, 23.024, 22.664, 22.676, 22.739, 22.45, 21.879, 21.132, 19.951, 19.383, 19.184, 17.974, 17.247, 17.235, 17.29, 17.073, 16.917, 17.155, 16.875, 16.359, 16.042, 15.776, 14.819, 13.551, 11.473, 9.795, 9.646, 9.307, 8.251, 6.709, 5.209, 3.246, 0.0, 4.395, 8.312, 9.99, 10.164, 10.751, 10.931, 10.956, 11.407, 12.565, 14.272, 15.99, 17.282, 17.809, 17.675, 17.687, 17.953, 18.185, 18.487, 18.568, 18.569, 18.879, 19.499, 19.765, 19.847, 19.841, 19.801, 20.182, 20.497, 20.594, 20.966, 21.316, 21.52, 21.334, 21.106, 21.066, 21.304, 21.706, 21.886, 22.446, 23.659, 24.321, 24.052, 23.393, 22.945, 23.477, 24.258, 24.676], [21.83, 21.658, 21.712, 21.971, 23.225, 24.685, 24.817, 24.223, 23.868, 23.894, 23.949, 23.669, 23.165, 22.428, 21.171, 20.561, 20.404, 19.292, 18.602, 18.561, 18.589, 18.234, 17.839, 18.018, 17.765, 17.331, 17.009, 16.712, 15.754, 14.297, 12.32, 11.433, 11.881, 11.659, 10.704, 9.284, 8.152, 6.952, 4.395, 0.0, 5.032, 7.357, 7.633, 8.341, 8.642, 8.802, 9.422, 10.864, 12.878, 14.732, 16.207, 16.847, 16.619, 16.56, 16.812, 17.116, 17.514, 17.64, 17.679, 18.041, 18.777, 19.098, 19.204, 19.243, 19.173, 19.397, 19.638, 19.764, 20.193, 20.568, 20.778, 20.59, 20.354, 20.301, 20.59, 21.046, 21.227, 21.776, 23.023, 23.708, 23.408, 22.702, 22.237, 22.807, 23.595, 24.033], [22.153, 21.986, 22.083, 22.368, 23.738, 25.377, 25.608, 25.025, 24.656, 24.698, 24.762, 24.488, 24.027, 23.308, 21.989, 21.318, 21.195, 20.114, 19.464, 19.438, 19.461, 18.997, 18.289, 18.384, 18.16, 17.808, 17.534, 17.169, 16.145, 14.63, 13.109, 13.13, 14.042, 13.895, 13.002, 11.647, 10.701, 9.968, 8.312, 5.032, 0.0, 2.945, 3.537, 4.485, 5.229, 5.986, 7.26, 9.315, 12.082, 14.306, 15.996, 16.717, 16.312, 16.161, 16.381, 16.745, 17.306, 17.406, 17.333, 17.574, 18.324, 18.687, 18.79, 18.807, 18.621, 18.656, 18.789, 18.894, 19.338, 19.724, 19.929, 19.704, 19.485, 19.572, 20.163, 20.833, 21.081, 21.73, 23.112, 23.861, 23.528, 22.717, 22.167, 22.812, 23.685, 24.168], [22.365, 22.203, 22.316, 22.609, 23.996, 25.675, 25.924, 25.34, 24.966, 25.005, 25.065, 24.797, 24.35, 23.649, 22.334, 21.637, 21.522, 20.451, 19.803, 19.781, 19.809, 19.312, 18.481, 18.565, 18.364, 18.041, 17.808, 17.438, 16.446, 14.992, 13.731, 14.048, 15.044, 14.916, 14.047, 12.744, 11.896, 11.318, 9.99, 7.357, 2.945, 0.0, 1.236, 2.588, 3.955, 5.341, 7.029, 9.228, 12.237, 14.639, 16.392, 17.102, 16.635, 16.452, 16.649, 16.996, 17.583, 17.622, 17.453, 17.601, 18.311, 18.678, 18.739, 18.691, 18.399, 18.357, 18.444, 18.504, 18.908, 19.294, 19.515, 19.274, 19.061, 19.25, 20.065, 20.884, 21.176, 21.882, 23.319, 24.093, 23.745, 22.87, 22.246, 22.899, 23.825, 24.338], [22.402, 22.243, 22.357, 22.642, 24.014, 25.685, 25.941, 25.38, 25.037, 25.089, 25.149, 24.881, 24.436, 23.745, 22.461, 21.787, 21.668, 20.592, 19.945, 19.928, 19.972, 19.497, 18.685, 18.784, 18.591, 18.274, 18.055, 17.693, 16.715, 15.289, 14.034, 14.268, 15.182, 15.045, 14.186, 12.893, 12.041, 11.463, 10.164, 7.633, 3.537, 1.236, 0.0, 1.978, 3.668, 5.151, 6.879, 9.096, 12.112, 14.527, 16.294, 17.016, 16.559, 16.384, 16.578, 16.92, 17.51, 17.56, 17.403, 17.561, 18.274, 18.641, 18.697, 18.651, 18.378, 18.37, 18.481, 18.54, 18.932, 19.317, 19.545, 19.314, 19.119, 19.32, 20.128, 20.93, 21.21, 21.906, 23.326, 24.092, 23.747, 22.881, 22.267, 22.924, 23.849, 24.355], [22.547, 22.382, 22.498, 22.767, 24.125, 25.815, 26.088, 25.554, 25.27, 25.353, 25.415, 25.147, 24.703, 24.029, 22.759, 22.079, 21.965, 20.892, 20.219, 20.204, 20.282, 19.825, 18.992, 19.084, 18.905, 18.635, 18.464, 18.106, 17.127, 15.672, 14.422, 14.68, 15.577, 15.417, 14.548, 13.252, 12.416, 11.931, 10.751, 8.341, 4.485, 2.588, 1.978, 0.0, 2.209, 4.311, 6.357, 8.721, 11.847, 14.311, 16.074, 16.803, 16.392, 16.243, 16.416, 16.758, 17.403, 17.492, 17.339, 17.445, 18.134, 18.499, 18.546, 18.537, 18.295, 18.269, 18.371, 18.429, 18.799, 19.192, 19.453, 19.229, 19.038, 19.261, 20.115, 20.925, 21.208, 21.95, 23.396, 24.154, 23.803, 22.945, 22.316, 22.958, 23.898, 24.41], [22.315, 22.144, 22.258, 22.525, 23.906, 25.619, 25.894, 25.375, 25.141, 25.25, 25.321, 25.053, 24.599, 23.935, 22.688, 22.02, 21.919, 20.854, 20.167, 20.147, 20.231, 19.802, 19.007, 19.118, 18.961, 18.733, 18.611, 18.27, 17.308, 15.895, 14.639, 14.831, 15.671, 15.491, 14.632, 13.314, 12.45, 12.016, 10.931, 8.642, 5.229, 3.955, 3.668, 2.209, 0.0, 2.702, 5.253, 7.936, 11.267, 13.873, 15.671, 16.376, 15.974, 15.835, 16.001, 16.333, 16.983, 17.085, 16.94, 17.003, 17.653, 17.985, 18.013, 18.061, 17.92, 17.957, 18.092, 18.171, 18.55, 18.954, 19.229, 19.005, 18.801, 18.967, 19.757, 20.528, 20.79, 21.555, 23.057, 23.85, 23.515, 22.676, 22.033, 22.641, 23.587, 24.106], [21.815, 21.652, 21.769, 22.054, 23.471, 25.191, 25.461, 24.962, 24.768, 24.894, 24.971, 24.706, 24.253, 23.614, 22.459, 21.895, 21.803, 20.756, 20.086, 20.057, 20.119, 19.766, 19.145, 19.302, 19.151, 18.932, 18.818, 18.49, 17.541, 16.201, 14.896, 14.837, 15.554, 15.38, 14.559, 13.275, 12.414, 11.982, 10.956, 8.802, 5.986, 5.341, 5.151, 4.311, 2.702, 0.0, 3.042, 6.294, 9.962, 12.747, 14.615, 15.332, 14.907, 14.766, 14.968, 15.3, 15.929, 16.048, 15.92, 15.987, 16.695, 17.078, 17.161, 17.355, 17.485, 17.785, 18.036, 18.135, 18.517, 18.899, 19.143, 18.945, 18.781, 18.879, 19.471, 20.088, 20.276, 20.973, 22.451, 23.3, 23.053, 22.313, 21.754, 22.385, 23.302, 23.785], [21.514, 21.361, 21.464, 21.746, 23.136, 24.821, 25.122, 24.682, 24.525, 24.665, 24.739, 24.481, 24.068, 23.496, 22.49, 22.077, 21.988, 20.976, 20.317, 20.271, 20.325, 20.089, 19.722, 19.917, 19.737, 19.51, 19.383, 19.05, 18.071, 16.741, 15.343, 15.03, 15.656, 15.513, 14.767, 13.597, 12.789, 12.355, 11.407, 9.422, 7.26, 7.029, 6.879, 6.357, 5.253, 3.042, 0.0, 3.737, 7.734, 10.686, 12.65, 13.423, 13.015, 12.926, 13.22, 13.573, 14.219, 14.45, 14.424, 14.558, 15.428, 16.011, 16.321, 16.837, 17.375, 17.984, 18.347, 18.452, 18.808, 19.142, 19.352, 19.22, 19.147, 19.212, 19.548, 19.921, 20.001, 20.562, 21.882, 22.716, 22.596, 22.058, 21.722, 22.456, 23.336, 23.754], [21.574, 21.43, 21.503, 21.754, 23.034, 24.615, 24.974, 24.638, 24.533, 24.685, 24.75, 24.505, 24.145, 23.682, 22.89, 22.632, 22.546, 21.597, 20.909, 20.82, 20.886, 20.788, 20.648, 20.836, 20.601, 20.341, 20.185, 19.871, 18.881, 17.56, 16.148, 15.776, 16.344, 16.225, 15.606, 14.604, 13.878, 13.42, 12.565, 10.864, 9.315, 9.228, 9.096, 8.721, 7.936, 6.294, 3.737, 0.0, 4.301, 7.632, 9.825, 10.672, 10.348, 10.404, 10.877, 11.296, 12.02, 12.532, 12.789, 13.128, 14.244, 15.141, 15.814, 16.721, 17.611, 18.415, 18.854, 18.967, 19.287, 19.587, 19.792, 19.77, 19.824, 19.864, 19.936, 20.041, 19.999, 20.372, 21.431, 22.174, 22.167, 21.89, 21.833, 22.684, 23.542, 23.893], [22.13, 22.013, 22.066, 22.281, 23.362, 24.742, 25.136, 24.929, 24.893, 25.052, 25.109, 24.887, 24.583, 24.237, 23.726, 23.67, 23.586, 22.767, 22.09, 21.943, 22.024, 22.075, 22.143, 22.28, 21.998, 21.7, 21.485, 21.202, 20.264, 18.988, 17.566, 17.116, 17.599, 17.516, 17.042, 16.25, 15.618, 15.101, 14.272, 12.878, 12.082, 12.237, 12.112, 11.847, 11.267, 9.962, 7.734, 4.301, 0.0, 3.811, 6.358, 7.309, 7.197, 7.558, 8.336, 8.924, 9.822, 10.835, 11.604, 12.354, 13.788, 15.03, 16.066, 17.301, 18.487, 19.451, 19.957, 20.088, 20.363, 20.613, 20.82, 20.958, 21.151, 21.11, 20.816, 20.586, 20.4, 20.527, 21.208, 21.783, 21.884, 21.911, 22.212, 23.218, 24.036, 24.3], [22.848, 22.76, 22.817, 22.993, 23.862, 25.044, 25.452, 25.338, 25.351, 25.517, 25.574, 25.37, 25.121, 24.831, 24.506, 24.642, 24.559, 23.88, 23.293, 23.116, 23.194, 23.338, 23.507, 23.568, 23.259, 22.95, 22.675, 22.404, 21.525, 20.306, 18.9, 18.414, 18.879, 18.846, 18.493, 17.885, 17.347, 16.802, 15.99, 14.732, 14.306, 14.639, 14.527, 14.311, 13.873, 12.747, 10.686, 7.632, 3.811, 0.0, 3.006, 4.366, 4.616, 5.438, 6.53, 7.342, 8.56, 10.083, 11.261, 12.304, 13.984, 15.496, 16.76, 18.174, 19.548, 20.601, 21.118, 21.259, 21.505, 21.697, 21.875, 22.132, 22.436, 22.346, 21.77, 21.292, 21.028, 21.01, 21.39, 21.786, 21.943, 22.19, 22.801, 24.01, 24.819, 25.007], [23.092, 23.031, 23.082, 23.211, 23.906, 24.936, 25.36, 25.327, 25.401, 25.584, 25.64, 25.445, 25.234, 24.989, 24.786, 25.058, 25.0, 24.454, 23.973, 23.793, 23.859, 24.053, 24.288, 24.304, 23.993, 23.706, 23.404, 23.131, 22.319, 21.224, 19.874, 19.323, 19.748, 19.732, 19.418, 18.908, 18.47, 17.988, 17.282, 16.207, 15.996, 16.392, 16.294, 16.074, 15.671, 14.615, 12.65, 9.825, 6.358, 3.006, 0.0, 1.949, 3.134, 4.527, 5.769, 6.715, 8.174, 9.915, 11.251, 12.381, 14.155, 15.815, 17.171, 18.644, 20.128, 21.258, 21.793, 21.945, 22.176, 22.338, 22.485, 22.796, 23.161, 23.053, 22.33, 21.72, 21.436, 21.377, 21.588, 21.866, 22.055, 22.42, 23.169, 24.471, 25.291, 25.441], [23.07, 23.017, 23.058, 23.167, 23.807, 24.794, 25.227, 25.221, 25.314, 25.498, 25.558, 25.369, 25.173, 24.962, 24.814, 25.118, 25.077, 24.615, 24.19, 24.015, 24.077, 24.278, 24.527, 24.529, 24.232, 23.964, 23.662, 23.394, 22.63, 21.634, 20.345, 19.783, 20.183, 20.164, 19.848, 19.343, 18.914, 18.454, 17.809, 16.847, 16.717, 17.102, 17.016, 16.803, 16.376, 15.332, 13.423, 10.672, 7.309, 4.366, 1.949, 0.0, 2.161, 3.91, 5.209, 6.193, 7.694, 9.514, 10.941, 12.144, 13.95, 15.642, 17.021, 18.513, 20.024, 21.164, 21.711, 21.874, 22.105, 22.274, 22.43, 22.777, 23.175, 23.07, 22.321, 21.679, 21.386, 21.3, 21.461, 21.711, 21.917, 22.319, 23.11, 24.432, 25.256, 25.402], [22.983, 22.932, 22.993, 23.114, 23.799, 24.839, 25.271, 25.215, 25.246, 25.411, 25.478, 25.295, 25.1, 24.872, 24.667, 24.914, 24.877, 24.433, 24.055, 23.889, 23.917, 24.05, 24.212, 24.204, 23.927, 23.669, 23.375, 23.11, 22.367, 21.417, 20.205, 19.734, 20.192, 20.19, 19.863, 19.325, 18.861, 18.365, 17.675, 16.619, 16.312, 16.635, 16.559, 16.392, 15.974, 14.907, 13.015, 10.348, 7.197, 4.616, 3.134, 2.161, 0.0, 2.069, 3.71, 4.971, 6.785, 8.681, 10.123, 11.393, 13.265, 14.977, 16.357, 17.813, 19.262, 20.353, 20.882, 21.044, 21.294, 21.483, 21.647, 22.009, 22.439, 22.384, 21.712, 21.144, 20.884, 20.814, 21.039, 21.364, 21.59, 21.95, 22.727, 24.098, 24.951, 25.113], [22.945, 22.897, 22.973, 23.106, 23.815, 24.874, 25.296, 25.193, 25.169, 25.316, 25.387, 25.206, 25.008, 24.762, 24.503, 24.697, 24.666, 24.245, 23.915, 23.768, 23.765, 23.84, 23.943, 23.938, 23.68, 23.44, 23.166, 22.904, 22.183, 21.283, 20.134, 19.728, 20.223, 20.234, 19.905, 19.365, 18.913, 18.413, 17.687, 16.56, 16.161, 16.452, 16.384, 16.243, 15.835, 14.766, 12.926, 10.404, 7.558, 5.438, 4.527, 3.91, 2.069, 0.0, 1.979, 3.663, 5.88, 7.888, 9.352, 10.661, 12.544, 14.253, 15.643, 17.07, 18.469, 19.537, 20.071, 20.232, 20.492, 20.696, 20.862, 21.249, 21.718, 21.704, 21.087, 20.58, 20.359, 20.324, 20.614, 21.0, 21.244, 21.576, 22.34, 23.756, 24.646, 24.823], [23.107, 23.056, 23.143, 23.278, 23.981, 25.031, 25.439, 25.306, 25.242, 25.376, 25.449, 25.263, 25.06, 24.802, 24.508, 24.673, 24.648, 24.26, 23.985, 23.86, 23.852, 23.896, 23.957, 23.948, 23.703, 23.475, 23.213, 22.95, 22.243, 21.374, 20.249, 19.854, 20.359, 20.384, 20.072, 19.574, 19.161, 18.678, 17.953, 16.812, 16.381, 16.649, 16.578, 16.416, 16.001, 14.968, 13.22, 10.877, 8.336, 6.53, 5.769, 5.209, 3.71, 1.979, 0.0, 2.22, 5.012, 7.184, 8.703, 10.063, 11.966, 13.643, 15.017, 16.433, 17.822, 18.91, 19.48, 19.646, 19.9, 20.116, 20.296, 20.718, 21.228, 21.251, 20.679, 20.211, 20.027, 20.052, 20.402, 20.81, 21.051, 21.361, 22.108, 23.557, 24.485, 24.68], [23.202, 23.145, 23.221, 23.359, 24.072, 25.113, 25.498, 25.337, 25.227, 25.35, 25.42, 25.224, 25.021, 24.776, 24.516, 24.7, 24.674, 24.275, 23.985, 23.862, 23.858, 23.949, 24.096, 24.114, 23.874, 23.64, 23.359, 23.08, 22.381, 21.51, 20.332, 19.884, 20.386, 20.442, 20.183, 19.746, 19.363, 18.886, 18.185, 17.116, 16.745, 16.996, 16.92, 16.758, 16.333, 15.3, 13.573, 11.296, 8.924, 7.342, 6.715, 6.193, 4.971, 3.663, 2.22, 0.0, 3.295, 5.908, 7.685, 9.233, 11.272, 12.935, 14.3, 15.818, 17.347, 18.559, 19.195, 19.362, 19.611, 19.836, 19.993, 20.408, 20.94, 20.972, 20.381, 19.88, 19.685, 19.709, 20.064, 20.483, 20.741, 21.089, 21.876, 23.344, 24.278, 24.476], [23.255, 23.192, 23.24, 23.401, 24.174, 25.229, 25.589, 25.393, 25.241, 25.355, 25.42, 25.216, 25.017, 24.795, 24.572, 24.791, 24.781, 24.369, 24.044, 23.924, 23.923, 24.078, 24.427, 24.555, 24.33, 24.083, 23.78, 23.49, 22.837, 22.012, 20.744, 20.153, 20.603, 20.697, 20.498, 20.099, 19.714, 19.204, 18.487, 17.514, 17.306, 17.583, 17.51, 17.403, 16.983, 15.929, 14.219, 12.02, 9.822, 8.56, 8.174, 7.694, 6.785, 5.88, 5.012, 3.295, 0.0, 3.31, 5.72, 7.772, 10.117, 11.84, 13.266, 14.978, 16.824, 18.329, 19.137, 19.35, 19.606, 19.81, 19.908, 20.328, 20.881, 20.864, 20.143, 19.529, 19.294, 19.25, 19.57, 20.013, 20.322, 20.764, 21.661, 23.146, 24.052, 24.237], [23.142, 23.079, 23.142, 23.347, 24.195, 25.308, 25.644, 25.386, 25.192, 25.297, 25.361, 25.152, 24.947, 24.692, 24.387, 24.591, 24.611, 24.213, 23.957, 23.857, 23.826, 23.932, 24.303, 24.523, 24.349, 24.131, 23.861, 23.585, 22.995, 22.279, 21.027, 20.335, 20.731, 20.836, 20.64, 20.228, 19.835, 19.305, 18.568, 17.64, 17.406, 17.622, 17.56, 17.492, 17.085, 16.048, 14.45, 12.532, 10.835, 10.083, 9.915, 9.514, 8.681, 7.888, 7.184, 5.908, 3.31, 0.0, 2.848, 5.577, 8.409, 10.3, 11.713, 13.421, 15.467, 17.295, 18.33, 18.61, 18.861, 19.014, 19.076, 19.535, 20.123, 20.112, 19.417, 18.851, 18.68, 18.748, 19.217, 19.761, 20.086, 20.477, 21.332, 22.864, 23.839, 24.052], [22.886, 22.819, 22.905, 23.144, 24.041, 25.202, 25.513, 25.199, 24.974, 25.076, 25.141, 24.923, 24.712, 24.424, 24.053, 24.246, 24.275, 23.883, 23.707, 23.635, 23.578, 23.63, 23.961, 24.219, 24.103, 23.965, 23.772, 23.509, 22.945, 22.308, 21.106, 20.35, 20.69, 20.789, 20.577, 20.15, 19.776, 19.277, 18.569, 17.679, 17.333, 17.453, 17.403, 17.339, 16.94, 15.92, 14.424, 12.789, 11.604, 11.261, 11.251, 10.941, 10.123, 9.352, 8.703, 7.685, 5.72, 2.848, 0.0, 3.299, 6.719, 8.869, 10.226, 11.85, 14.028, 16.156, 17.395, 17.707, 17.929, 18.043, 18.093, 18.573, 19.206, 19.282, 18.717, 18.27, 18.191, 18.45, 19.134, 19.786, 20.11, 20.409, 21.17, 22.762, 23.832, 24.077], [22.45, 22.37, 22.458, 22.714, 23.64, 24.842, 25.161, 24.835, 24.608, 24.726, 24.792, 24.569, 24.378, 24.106, 23.739, 23.953, 23.981, 23.567, 23.445, 23.412, 23.352, 23.382, 23.702, 23.985, 23.924, 23.953, 23.934, 23.68, 23.099, 22.516, 21.362, 20.537, 20.823, 20.917, 20.691, 20.248, 19.907, 19.495, 18.879, 18.041, 17.574, 17.601, 17.561, 17.445, 17.003, 15.987, 14.558, 13.128, 12.354, 12.304, 12.381, 12.144, 11.393, 10.661, 10.063, 9.233, 7.772, 5.577, 3.299, 0.0, 4.073, 6.851, 8.458, 10.268, 12.801, 15.32,