[[0.0, 4.339, 6.979, 8.605, 9.311, 10.113, 10.767, 11.621, 13.01, 16.727, 22.546, 25.746, 26.046, 27.427, 28.666, 28.11, 27.196, 26.5, 26.079, 25.767, 25.552, 25.326, 25.051, 24.75, 24.097, 23.99, 24.558, 24.537, 24.606, 24.95, 25.494, 26.057, 26.308, 26.479, 26.48, 26.556, 26.872, 27.127, 27.176, 27.162, 27.287, 27.279, 27.072, 26.749, 26.42, 26.405, 26.339, 26.138, 26.246, 26.252, 26.158, 26.307, 26.512, 26.679, 26.725, 26.755, 27.013, 27.185, 27.224, 27.275, 27.134, 26.621, 26.429, 26.518, 26.472, 26.439, 26.47, 26.402, 26.318, 26.332, 26.306, 26.228, 26.039, 26.128, 26.404, 26.511, 26.399, 26.371, 26.487, 26.539, 26.477, 26.444, 26.429, 26.459, 26.451, 26.279], [4.339, 0.0, 3.965, 6.724, 7.593, 8.673, 9.795, 10.593, 11.52, 14.893, 20.948, 24.392, 24.841, 26.354, 27.659, 27.145, 26.207, 25.503, 25.187, 24.93, 24.732, 24.529, 24.324, 24.035, 23.337, 23.247, 23.891, 24.012, 24.266, 24.663, 25.219, 25.827, 26.095, 26.264, 26.32, 26.61, 27.016, 27.239, 27.27, 27.237, 27.349, 27.326, 27.125, 26.872, 26.698, 26.804, 26.708, 26.572, 26.779, 26.807, 26.7, 26.843, 27.013, 27.158, 27.187, 27.195, 27.417, 27.545, 27.586, 27.643, 27.495, 27.019, 26.902, 26.986, 26.914, 26.893, 26.95, 26.889, 26.767, 26.734, 26.719, 26.648, 26.447, 26.578, 26.885, 26.99, 26.894, 26.88, 26.987, 27.028, 26.98, 26.987, 27.007, 27.039, 27.017, 26.841], [6.979, 3.965, 0.0, 3.899, 5.266, 6.623, 8.054, 8.796, 9.467, 12.912, 19.554, 23.292, 23.817, 25.573, 26.993, 26.413, 25.451, 24.736, 24.411, 24.138, 23.937, 23.715, 23.493, 23.179, 22.438, 22.312, 22.968, 23.147, 23.466, 23.897, 24.487, 25.145, 25.432, 25.62, 25.666, 26.0, 26.48, 26.744, 26.773, 26.702, 26.818, 26.796, 26.578, 26.28, 26.065, 26.22, 26.12, 26.027, 26.277, 26.278, 26.194, 26.358, 26.551, 26.726, 26.752, 26.73, 26.931, 27.047, 27.108, 27.168, 27.014, 26.515, 26.362, 26.407, 26.312, 26.297, 26.375, 26.324, 26.186, 26.122, 26.097, 26.021, 25.818, 25.958, 26.271, 26.372, 26.27, 26.264, 26.377, 26.417, 26.375, 26.425, 26.55, 26.652, 26.628, 26.448], [8.605, 6.724, 3.899, 0.0, 2.228, 4.239, 5.806, 6.649, 7.509, 11.548, 18.774, 22.697, 23.193, 25.081, 26.618, 25.894, 24.861, 24.123, 23.7, 23.364, 23.146, 22.896, 22.624, 22.304, 21.54, 21.394, 22.064, 22.194, 22.459, 22.914, 23.559, 24.257, 24.555, 24.758, 24.809, 25.077, 25.572, 25.941, 26.002, 25.926, 26.071, 26.055, 25.801, 25.418, 25.13, 25.293, 25.201, 25.135, 25.365, 25.316, 25.248, 25.441, 25.692, 25.903, 25.917, 25.877, 26.105, 26.233, 26.283, 26.329, 26.179, 25.613, 25.343, 25.322, 25.214, 25.198, 25.281, 25.243, 25.098, 25.009, 24.967, 24.889, 24.694, 24.831, 25.145, 25.241, 25.121, 25.101, 25.215, 25.254, 25.21, 25.283, 25.495, 25.664, 25.64, 25.457], [9.311, 7.593, 5.266, 2.228, 0.0, 2.934, 4.843, 5.839, 6.903, 11.177, 18.517, 22.443, 22.942, 24.81, 26.358, 25.629, 24.577, 23.831, 23.412, 23.085, 22.871, 22.633, 22.392, 22.107, 21.359, 21.214, 21.88, 21.999, 22.272, 22.736, 23.382, 24.086, 24.388, 24.602, 24.684, 24.973, 25.464, 25.857, 25.933, 25.855, 26.0, 25.984, 25.726, 25.348, 25.106, 25.298, 25.206, 25.164, 25.388, 25.343, 25.274, 25.467, 25.708, 25.9, 25.9, 25.855, 26.084, 26.202, 26.239, 26.28, 26.126, 25.55, 25.271, 25.248, 25.147, 25.136, 25.216, 25.18, 25.027, 24.922, 24.876, 24.801, 24.607, 24.751, 25.065, 25.151, 25.031, 25.01, 25.121, 25.153, 25.103, 25.171, 25.375, 25.536, 25.506, 25.324], [10.113, 8.673, 6.623, 4.239, 2.934, 0.0, 2.784, 4.664, 6.386, 11.177, 18.688, 22.64, 23.065, 24.801, 26.315, 25.565, 24.504, 23.748, 23.315, 22.956, 22.722, 22.493, 22.269, 22.017, 21.268, 21.099, 21.736, 21.809, 22.078, 22.572, 23.238, 23.927, 24.231, 24.45, 24.538, 24.788, 25.235, 25.641, 25.729, 25.667, 25.833, 25.83, 25.549, 25.123, 24.84, 25.012, 24.931, 24.891, 25.054, 25.006, 24.937, 25.146, 25.415, 25.617, 25.606, 25.553, 25.801, 25.927, 25.949, 25.979, 25.835, 25.238, 24.896, 24.844, 24.759, 24.748, 24.828, 24.8, 24.657, 24.553, 24.485, 24.406, 24.228, 24.377, 24.681, 24.748, 24.611, 24.573, 24.669, 24.704, 24.656, 24.721, 24.935, 25.109, 25.086, 24.921], [10.767, 9.795, 8.054, 5.806, 4.843, 2.784, 0.0, 2.809, 5.589, 11.203, 18.98, 22.975, 23.282, 24.942, 26.453, 25.618, 24.509, 23.733, 23.22, 22.796, 22.545, 22.313, 22.054, 21.786, 21.007, 20.769, 21.337, 21.309, 21.517, 22.039, 22.744, 23.446, 23.767, 24.001, 24.066, 24.199, 24.592, 25.027, 25.12, 25.073, 25.288, 25.307, 24.986, 24.464, 24.068, 24.2, 24.131, 24.102, 24.215, 24.127, 24.069, 24.307, 24.623, 24.852, 24.846, 24.791, 25.07, 25.23, 25.255, 25.268, 25.124, 24.474, 24.043, 23.988, 23.912, 23.887, 23.956, 23.928, 23.799, 23.696, 23.598, 23.508, 23.341, 23.48, 23.779, 23.833, 23.665, 23.599, 23.686, 23.726, 23.679, 23.752, 24.009, 24.22, 24.205, 24.054], [11.621, 10.593, 8.796, 6.649, 5.839, 4.664, 2.809, 0.0, 3.632, 10.12, 18.376, 22.519, 22.81, 24.493, 26.049, 25.177, 24.035, 23.242, 22.705, 22.287, 22.068, 21.851, 21.595, 21.315, 20.513, 20.238, 20.739, 20.688, 20.925, 21.458, 22.172, 22.908, 23.264, 23.504, 23.56, 23.676, 24.065, 24.511, 24.605, 24.559, 24.796, 24.833, 24.514, 23.985, 23.602, 23.777, 23.7, 23.714, 23.873, 23.751, 23.701, 23.951, 24.256, 24.475, 24.468, 24.408, 24.674, 24.831, 24.883, 24.903, 24.741, 24.072, 23.684, 23.694, 23.62, 23.581, 23.643, 23.616, 23.469, 23.342, 23.238, 23.143, 22.969, 23.107, 23.411, 23.463, 23.281, 23.21, 23.299, 23.337, 23.291, 23.385, 23.678, 23.905, 23.881, 23.726], [13.01, 11.52, 9.467, 7.509, 6.903, 6.386, 5.589, 3.632, 0.0, 7.225, 16.336, 20.895, 21.268, 23.135, 24.815, 23.985, 22.903, 22.161, 21.707, 21.35, 21.179, 20.981, 20.751, 20.499, 19.766, 19.562, 20.064, 20.078, 20.434, 20.982, 21.683, 22.431, 22.814, 23.059, 23.12, 23.317, 23.739, 24.175, 24.269, 24.219, 24.46, 24.502, 24.219, 23.762, 23.47, 23.733, 23.642, 23.704, 23.947, 23.806, 23.758, 23.992, 24.256, 24.46, 24.457, 24.396, 24.633, 24.763, 24.838, 24.866, 24.696, 24.05, 23.76, 23.844, 23.767, 23.723, 23.805, 23.795, 23.61, 23.435, 23.335, 23.25, 23.068, 23.21, 23.52, 23.586, 23.42, 23.355, 23.436, 23.464, 23.424, 23.549, 23.882, 24.125, 24.091, 23.926], [16.727, 14.893, 12.912, 11.548, 11.177, 11.177, 11.203, 10.12, 7.225, 0.0, 10.338, 15.978, 16.602, 18.876, 20.821, 20.102, 19.328, 18.866, 18.766, 18.621, 18.556, 18.442, 18.355, 18.234, 17.835, 17.991, 18.591, 18.877, 19.616, 20.215, 20.855, 21.538, 21.925, 22.178, 22.361, 22.895, 23.37, 23.728, 23.809, 23.781, 24.038, 24.07, 23.892, 23.779, 23.984, 24.512, 24.393, 24.626, 25.045, 24.927, 24.877, 25.035, 25.153, 25.289, 25.298, 25.25, 25.382, 25.405, 25.501, 25.542, 25.358, 24.825, 24.821, 25.093, 25.034, 24.994, 25.098, 25.087, 24.817, 24.522, 24.416, 24.367, 24.187, 24.304, 24.58, 24.683, 24.596, 24.549, 24.573, 24.56, 24.536, 24.696, 25.011, 25.218, 25.163, 25.001], [22.546, 20.948, 19.554, 18.774, 18.517, 18.688, 18.98, 18.376, 16.336, 10.338, 0.0, 7.155, 8.551, 11.251, 13.608, 13.165, 13.261, 13.51, 14.125, 14.492, 14.68, 14.762, 14.987, 15.222, 15.619, 16.383, 16.998, 17.735, 19.113, 19.737, 20.107, 20.519, 20.872, 21.149, 21.628, 22.759, 23.274, 23.462, 23.517, 23.56, 23.82, 23.821, 23.839, 24.447, 25.847, 26.877, 26.716, 27.278, 27.899, 27.847, 27.786, 27.813, 27.66, 27.637, 27.655, 27.625, 27.567, 27.377, 27.422, 27.472, 27.303, 27.029, 27.481, 28.003, 28.001, 27.985, 28.07, 28.016, 27.663, 27.248, 27.139, 27.138, 26.969, 27.008, 27.179, 27.324, 27.396, 27.381, 27.314, 27.236, 27.217, 27.354, 27.53, 27.635, 27.57, 27.433], [25.746, 24.392, 23.292, 22.697, 22.443, 22.64, 22.975, 22.519, 20.895, 15.978, 7.155, 0.0, 3.369, 7.341, 9.911, 10.08, 11.196, 12.027, 13.155, 13.887, 14.193, 14.355, 14.747, 15.239, 16.13, 17.116, 17.66, 18.582, 20.192, 20.765, 20.841, 20.987, 21.265, 21.551, 22.179, 23.573, 24.137, 24.247, 24.255, 24.246, 24.423, 24.387, 24.505, 25.438, 27.443, 28.754, 28.554, 29.194, 29.924, 29.947, 29.864, 29.849, 29.598, 29.486, 29.464, 29.45, 29.382, 29.101, 29.074, 29.108, 28.934, 28.799, 29.437, 30.009, 30.025, 30.022, 30.088, 30.011, 29.634, 29.191, 29.105, 29.11, 28.922, 28.957, 29.108, 29.28, 29.445, 29.472, 29.392, 29.292, 29.272, 29.381, 29.454, 29.493, 29.425, 29.286], [26.046, 24.841, 23.817, 23.193, 22.942, 23.065, 23.282, 22.81, 21.268, 16.602, 8.551, 3.369, 0.0, 5.721, 8.654, 8.879, 10.427, 11.442, 12.567, 13.246, 13.557, 13.728, 14.102, 14.666, 15.754, 16.839, 17.39, 18.287, 19.892, 20.488, 20.549, 20.636, 20.901, 21.184, 21.795, 23.088, 23.587, 23.708, 23.726, 23.728, 23.924, 23.895, 24.0, 24.931, 26.93, 28.231, 28.061, 28.721, 29.432, 29.45, 29.369, 29.365, 29.133, 29.043, 29.001, 28.956, 28.908, 28.655, 28.624, 28.641, 28.484, 28.348, 28.919, 29.468, 29.492, 29.488, 29.54, 29.455, 29.09, 28.65, 28.548, 28.542, 28.361, 28.381, 28.522, 28.694, 28.854, 28.87, 28.777, 28.68, 28.666, 28.784, 28.877, 28.93, 28.867, 28.74], [27.427, 26.354, 25.573, 25.081, 24.81, 24.801, 24.942, 24.493, 23.135, 18.876, 11.251, 7.341, 5.721, 0.0, 3.801, 5.141, 7.809, 9.276, 10.874, 11.904, 12.361, 12.694, 13.261, 14.08, 15.474, 16.587, 17.052, 18.099, 19.9, 20.475, 20.409, 20.427, 20.675, 20.929, 21.708, 23.145, 23.526, 23.54, 23.58, 23.689, 23.949, 23.961, 24.146, 25.314, 27.683, 29.09, 28.966, 29.86, 30.589, 30.605, 30.51, 30.466, 30.105, 29.938, 29.907, 29.785, 29.575, 29.238, 29.213, 29.253, 29.126, 29.095, 29.793, 30.426, 30.484, 30.492, 30.536, 30.448, 30.095, 29.646, 29.534, 29.537, 29.373, 29.34, 29.397, 29.535, 29.706, 29.694, 29.562, 29.455, 29.444, 29.538, 29.561, 29.576, 29.52, 29.422], [28.666, 27.659, 26.993, 26.618, 26.358, 26.315, 26.453, 26.049, 24.815, 20.821, 13.608, 9.911, 8.654, 3.801, 0.0, 4.047, 7.721, 9.413, 11.326, 12.515, 13.005, 13.422, 14.086, 14.965, 16.477, 17.585, 17.998, 19.092, 20.914, 21.409, 21.206, 21.146, 21.36, 21.563, 22.389, 23.932, 24.283, 24.209, 24.235, 24.349, 24.595, 24.621, 24.857, 26.14, 28.653, 30.125, 30.001, 30.976, 31.759, 31.802, 31.701, 31.63, 31.189, 30.955, 30.919, 30.783, 30.512, 30.138, 30.123, 30.164, 30.037, 30.091, 30.892, 31.552, 31.615, 31.63, 31.676, 31.586, 31.228, 30.774, 30.67, 30.671, 30.5, 30.463, 30.495, 30.627, 30.825, 30.817, 30.67, 30.554, 30.55, 30.632, 30.593, 30.574, 30.521, 30.433], [28.11, 27.145, 26.413, 25.894, 25.629, 25.565, 25.618, 25.177, 23.985, 20.102, 13.165, 10.08, 8.879, 5.141, 4.047, 0.0, 4.472, 6.781, 8.972, 10.326, 10.916, 11.355, 12.053, 13.059, 14.651, 15.808, 16.262, 17.449, 19.411, 20.042, 20.028, 20.087, 20.316, 20.539, 21.386, 22.855, 23.183, 23.184, 23.231, 23.374, 23.666, 23.683, 23.845, 25.022, 27.514, 28.992, 28.872, 29.937, 30.744, 30.779, 30.71, 30.658, 30.267, 30.094, 30.053, 29.837, 29.512, 29.134, 29.127, 29.181, 29.064, 29.049, 29.732, 30.333, 30.385, 30.414, 30.475, 30.399, 30.039, 29.569, 29.467, 29.481, 29.323, 29.288, 29.326, 29.454, 29.646, 29.64, 29.519, 29.431, 29.438, 29.538, 29.554, 29.566, 29.509, 29.423], [27.196, 26.207, 25.451, 24.861, 24.577, 24.504, 24.509, 24.035, 22.903, 19.328, 13.261, 11.196, 10.427, 7.809, 7.721, 4.472, 0.0, 3.44, 6.757, 8.512, 9.176, 9.704, 10.612, 11.815, 13.303, 14.358, 14.877, 16.156, 18.232, 18.975, 19.177, 19.449, 19.705, 19.94, 20.805, 22.245, 22.554, 22.61, 22.685, 22.864, 23.204, 23.216, 23.295, 24.316, 26.706, 28.167, 28.05, 29.199, 30.0, 30.023, 29.996, 29.957, 29.594, 29.457, 29.411, 29.109, 28.698, 28.268, 28.269, 28.353, 28.237, 28.161, 28.759, 29.317, 29.358, 29.401, 29.475, 29.419, 29.074, 28.607, 28.523, 28.558, 28.405, 28.388, 28.43, 28.528, 28.708, 28.716, 28.638, 28.594, 28.608, 28.721, 28.777, 28.797, 28.724, 28.638], [26.5, 25.503, 24.736, 24.123, 23.831, 23.748, 23.733, 23.242, 22.161, 18.866, 13.51, 12.027, 11.442, 9.276, 9.413, 6.781, 3.44, 0.0, 4.229, 6.415, 7.164, 7.797, 8.91, 10.316, 11.96, 13.03, 13.536, 14.89, 17.072, 17.884, 18.179, 18.598, 18.889, 19.134, 20.002, 21.417, 21.739, 21.819, 21.922, 22.139, 22.536, 22.581, 22.644, 23.627, 26.01, 27.474, 27.357, 28.51, 29.272, 29.286, 29.265, 29.248, 28.923, 28.798, 28.736, 28.406, 27.985, 27.565, 27.589, 27.689, 27.548, 27.404, 27.958, 28.499, 28.524, 28.563, 28.645, 28.599, 28.268, 27.819, 27.749, 27.79, 27.64, 27.627, 27.671, 27.751, 27.91, 27.906, 27.827, 27.788, 27.807, 27.933, 28.017, 28.054, 27.978, 27.888], [26.079, 25.187, 24.411, 23.7, 23.412, 23.315, 23.22, 22.705, 21.707, 18.766, 14.125, 13.155, 12.567, 10.874, 11.326, 8.972, 6.757, 4.229, 0.0, 2.735, 3.968, 4.838, 6.254, 7.997, 9.92, 11.079, 11.541, 13.02, 15.352, 16.282, 16.652, 17.153, 17.5, 17.763, 18.589, 19.832, 20.141, 20.288, 20.435, 20.716, 21.181, 21.267, 21.32, 22.265, 24.666, 26.157, 26.045, 27.22, 27.952, 27.942, 27.93, 27.94, 27.698, 27.621, 27.543, 27.191, 26.786, 26.404, 26.423, 26.525, 26.362, 26.076, 26.543, 27.094, 27.11, 27.141, 27.229, 27.187, 26.854, 26.415, 26.348, 26.397, 26.259, 26.216, 26.255, 26.333, 26.466, 26.428, 26.329, 26.284, 26.307, 26.455, 26.614, 26.713, 26.639, 26.552], [25.767, 24.93, 24.138, 23.364, 23.085, 22.956, 22.796, 22.287, 21.35, 18.621, 14.492, 13.887, 13.246, 11.904, 12.515, 10.326, 8.512, 6.415, 2.735, 0.0, 1.759, 3.014, 4.849, 6.826, 8.819, 10.012, 10.515, 12.018, 14.367, 15.341, 15.754, 16.286, 16.664, 16.925, 17.683, 18.834, 19.149, 19.326, 19.478, 19.772, 20.278, 20.388, 20.423, 21.306, 23.649, 25.15, 25.038, 26.218, 26.942, 26.917, 26.916, 26.945, 26.79, 26.779, 26.69, 26.325, 25.949, 25.587, 25.588, 25.684, 25.517, 25.138, 25.513, 26.066, 26.088, 26.111, 26.203, 26.16, 25.818, 25.377, 25.304, 25.349, 25.22, 25.175, 25.228, 25.312, 25.432, 25.381, 25.28, 25.235, 25.265, 25.434, 25.649, 25.8, 25.733, 25.651], [25.552, 24.732, 23.937, 23.146, 22.871, 22.722, 22.545, 22.068, 21.179, 18.556, 14.68, 14.193, 13.557, 12.361, 13.005, 10.916, 9.176, 7.164, 3.968, 1.759, 0.0, 1.743, 4.134, 6.379, 8.418, 9.612, 10.192, 11.695, 14.012, 14.989, 15.409, 15.939, 16.295, 16.54, 17.282, 18.444, 18.774, 18.957, 19.097, 19.364, 19.879, 20.001, 20.033, 20.884, 23.189, 24.696, 24.584, 25.781, 26.515, 26.493, 26.495, 26.527, 26.403, 26.419, 26.328, 25.959, 25.593, 25.224, 25.208, 25.298, 25.124, 24.726, 25.066, 25.605, 25.629, 25.65, 25.742, 25.703, 25.357, 24.91, 24.832, 24.877, 24.753, 24.717, 24.775, 24.865, 24.985, 24.935, 24.839, 24.798, 24.832, 25.008, 25.231, 25.395, 25.331, 25.256], [25.326, 24.529, 23.715, 22.896, 22.633, 22.493, 22.313, 21.851, 20.981, 18.442, 14.762, 14.355, 13.728, 12.694, 13.422, 11.355, 9.704, 7.797, 4.838, 3.014, 1.743, 0.0, 2.807, 5.442, 7.67, 8.923, 9.565, 11.086, 13.443, 14.472, 14.905, 15.429, 15.772, 16.037, 16.778, 17.936, 18.311, 18.533, 18.671, 18.91, 19.426, 19.546, 19.568, 20.397, 22.696, 24.216, 24.102, 25.308, 26.061, 26.045, 26.054, 26.095, 25.99, 26.021, 25.934, 25.586, 25.262, 24.905, 24.874, 24.949, 24.775, 24.363, 24.668, 25.182, 25.199, 25.221, 25.317, 25.284, 24.941, 24.489, 24.398, 24.437, 24.313, 24.282, 24.349, 24.448, 24.568, 24.525, 24.439, 24.404, 24.445, 24.626, 24.86, 25.034, 24.973, 24.903], [25.051, 24.324, 23.493, 22.624, 22.392, 22.269, 22.054, 21.595, 20.751, 18.355, 14.987, 14.747, 14.102, 13.261, 14.086, 12.053, 10.612, 8.91, 6.254, 4.849, 4.134, 2.807, 0.0, 3.213, 6.014, 7.465, 8.178, 9.769, 12.267, 13.403, 13.877, 14.408, 14.764, 15.078, 15.839, 16.947, 17.381, 17.694, 17.86, 18.106, 18.645, 18.761, 18.763, 19.561, 21.87, 23.409, 23.29, 24.488, 25.265, 25.249, 25.269, 25.33, 25.273, 25.338, 25.255, 24.93, 24.685, 24.383, 24.343, 24.4, 24.234, 23.785, 24.012, 24.51, 24.532, 24.549, 24.65, 24.62, 24.283, 23.832, 23.727, 23.755, 23.634, 23.597, 23.678, 23.793, 23.898, 23.848, 23.767, 23.735, 23.785, 23.977, 24.238, 24.441, 24.389, 24.322], [24.75, 24.035, 23.179, 22.304, 22.107, 22.017, 21.786, 21.315, 20.499, 18.234, 15.222, 15.239, 14.666, 14.08, 14.965, 13.059, 11.815, 10.316, 7.997, 6.826, 6.379, 5.442, 3.213, 0.0, 3.513, 5.511, 6.47, 8.379, 11.226, 12.479, 12.97, 13.555, 13.965, 14.316, 15.105, 16.238, 16.752, 17.133, 17.327, 17.61, 18.174, 18.281, 18.251, 19.007, 21.329, 22.909, 22.784, 23.938, 24.742, 24.716, 24.733, 24.824, 24.831, 24.941, 24.874, 24.589, 24.432, 24.211, 24.175, 24.217, 24.053, 23.55, 23.702, 24.186, 24.206, 24.213, 24.318, 24.282, 23.947, 23.509, 23.399, 23.412, 23.285, 23.253, 23.362, 23.489, 23.565, 23.499, 23.41, 23.373, 23.432, 23.64, 23.928, 24.161, 24.116, 24.045], [24.097, 23.337, 22.438, 21.54, 21.359, 21.268, 21.007, 20.513, 19.766, 17.835, 15.619, 16.13, 15.754, 15.474, 16.477, 14.651, 13.303, 11.96, 9.92, 8.819, 8.418, 7.67, 6.014, 3.513, 0.0, 2.738, 4.461, 6.871, 10.1, 11.51, 12.088, 12.835, 13.325, 13.697, 14.478, 15.667, 16.275, 16.71, 16.921, 17.227, 17.811, 17.898, 17.769, 18.324, 20.507, 22.116, 21.997, 23.156, 23.986, 23.955, 23.984, 24.107, 24.203, 24.384, 24.326, 24.055, 23.96, 23.81, 23.79, 23.838, 23.691, 23.131, 23.159, 23.567, 23.559, 23.558, 23.682, 23.668, 23.334, 22.905, 22.795, 22.802, 22.68, 22.686, 22.84, 22.953, 22.988, 22.914, 22.835, 22.81, 22.875, 23.093, 23.417, 23.677, 23.633, 23.564], [23.99, 23.247, 22.312, 21.394, 21.214, 21.099, 20.769, 20.238, 19.562, 17.991, 16.383, 17.116, 16.839, 16.587, 17.585, 15.808, 14.358, 13.03, 11.079, 10.012, 9.612, 8.923, 7.465, 5.511, 2.738, 0.0, 2.643, 5.79, 9.265, 10.782, 11.437, 12.329, 12.895, 13.309, 14.07, 15.205, 15.844, 16.308, 16.524, 16.856, 17.485, 17.585, 17.391, 17.783, 19.864, 21.48, 21.378, 22.626, 23.455, 23.416, 23.465, 23.59, 23.713, 23.921, 23.868, 23.558, 23.441, 23.318, 23.349, 23.425, 23.291, 22.707, 22.658, 23.029, 23.016, 23.014, 23.146, 23.15, 22.825, 22.403, 22.291, 22.298, 22.196, 22.213, 22.373, 22.468, 22.478, 22.392, 22.317, 22.306, 22.367, 22.58, 22.925, 23.203, 23.166, 23.107], [24.558, 23.891, 22.968, 22.064, 21.88, 21.736, 21.337, 20.739, 20.064, 18.591, 16.998, 17.66, 17.39, 17.052, 17.998, 16.262, 14.877, 13.536, 11.541, 10.515, 10.192, 9.565, 8.178, 6.47, 4.461, 2.643, 0.0, 4.098, 8.155, 9.832, 10.476, 11.383, 12.058, 12.558, 13.38, 14.477, 15.08, 15.534, 15.751, 16.132, 16.821, 16.961, 16.778, 17.198, 19.431, 21.135, 21.036, 22.371, 23.198, 23.155, 23.217, 23.349, 23.473, 23.681, 23.632, 23.287, 23.124, 22.994, 23.063, 23.165, 23.041, 22.462, 22.456, 22.903, 22.911, 22.898, 23.022, 23.027, 22.708, 22.282, 22.156, 22.161, 22.067, 22.061, 22.193, 22.271, 22.275, 22.182, 22.099, 22.092, 22.152, 22.357, 22.703, 22.988, 22.959, 22.918], [24.537, 24.012, 23.147, 22.194, 21.999, 21.809, 21.309, 20.688, 20.078, 18.877, 17.735, 18.582, 18.287, 18.099, 19.092, 17.449, 16.156, 14.89, 13.02, 12.018, 11.695, 11.086, 9.769, 8.379, 6.871, 5.79, 4.098, 0.0, 4.639, 6.738, 7.639, 8.715, 9.568, 10.264, 11.153, 12.202, 12.782, 13.285, 13.539, 13.978, 14.781, 14.973, 14.772, 15.187, 17.653, 19.586, 19.493, 20.954, 21.843, 21.776, 21.848, 22.043, 22.267, 22.532, 22.489, 22.159, 22.061, 21.931, 21.975, 22.074, 21.988, 21.427, 21.476, 22.027, 22.059, 22.022, 22.136, 22.141, 21.815, 21.361, 21.191, 21.168, 21.067, 21.049, 21.162, 21.213, 21.207, 21.128, 21.057, 21.052, 21.12, 21.347, 21.734, 22.069, 22.055, 22.059], [24.606, 24.266, 23.466, 22.459, 22.272, 22.078, 21.517, 20.925, 20.434, 19.616, 19.113, 20.192, 19.892, 19.9, 20.914, 19.411, 18.232, 17.072, 15.352, 14.367, 14.012, 13.443, 12.267, 11.226, 10.1, 9.265, 8.155, 4.639, 0.0, 2.674, 4.326, 5.862, 6.915, 7.832, 8.641, 9.449, 10.034, 10.627, 10.91, 11.376, 12.315, 12.582, 12.377, 12.785, 15.495, 17.697, 17.616, 19.255, 20.265, 20.144, 20.214, 20.456, 20.766, 21.086, 21.062, 20.785, 20.788, 20.655, 20.669, 20.766, 20.708, 20.212, 20.438, 21.141, 21.193, 21.134, 21.234, 21.229, 20.884, 20.393, 20.175, 20.122, 20.013, 20.0, 20.114, 20.153, 20.137, 20.075, 20.018, 20.003, 20.082, 20.345, 20.785, 21.189, 21.19, 21.249], [24.95, 24.663, 23.897, 22.914, 22.736, 22.572, 22.039, 21.458, 20.982, 20.215, 19.737, 20.765, 20.488, 20.475, 21.409, 20.042, 18.975, 17.884, 16.282, 15.341, 14.989, 14.472, 13.403, 12.479, 11.51, 10.782, 9.832, 6.738, 2.674, 0.0, 2.271, 4.254, 5.431, 6.42, 7.234, 8.158, 8.821, 9.372, 9.634, 10.087, 11.067, 11.389, 11.307, 11.925, 14.92, 17.318, 17.22, 18.953, 20.085, 19.933, 19.987, 20.205, 20.458, 20.733, 20.718, 20.5, 20.534, 20.376, 20.384, 20.48, 20.423, 20.013, 20.467, 21.325, 21.409, 21.34, 21.426, 21.409, 21.04, 20.519, 20.288, 20.226, 20.102, 20.089, 20.205, 20.251, 20.251, 20.212, 20.159, 20.123, 20.205, 20.479, 20.908, 21.322, 21.326, 21.4], [25.494, 25.219, 24.487, 23.559, 23.382, 23.238, 22.744, 22.172, 21.683, 20.855, 20.107, 20.841, 20.549, 20.409, 21.206, 20.028, 19.177, 18.179, 16.652, 15.754, 15.409, 14.905, 13.877, 12.97, 12.088, 11.437, 10.476, 7.639, 4.326, 2.271, 0.0, 2.478, 4.03, 5.191, 6.183, 7.472, 8.267, 8.742, 8.975, 9.388, 10.347, 10.704, 10.779, 11.683, 14.985, 17.542, 17.423, 19.189, 20.425, 20.266, 20.288, 20.484, 20.675, 20.893, 20.875, 20.702, 20.749, 20.559, 20.546, 20.629, 20.563, 20.209, 20.786, 21.733, 21.848, 21.778, 21.848, 21.816, 21.426, 20.881, 20.649, 20.582, 20.433, 20.41, 20.526, 20.591, 20.623, 20.606, 20.553, 20.5, 20.584, 20.851, 21.23, 21.623, 21.63, 21.7], [26.057, 25.827, 25.145, 24.257, 24.086, 23.927, 23.446, 22.908, 22.431, 21.538, 20.519, 20.987, 20.636, 20.427, 21.146, 20.087, 19.449, 18.598, 17.153, 16.286, 15.939, 15.429, 14.408, 13.555, 12.835, 12.329, 11.383, 8.715, 5.862, 4.254, 2.478, 0.0, 2.225, 3.925, 5.276, 6.816, 7.667, 8.161, 8.381, 8.749, 9.631, 9.966, 10.141, 11.286, 14.884, 17.561, 17.433, 19.252, 20.559, 20.404, 20.401, 20.584, 20.754, 20.96, 20.94, 20.784, 20.823, 20.582, 20.543, 20.628, 20.566, 20.245, 20.901, 21.914, 22.051, 21.979, 22.03, 21.979, 21.567, 20.989, 20.744, 20.68, 20.527, 20.495, 20.604, 20.683, 20.751, 20.758, 20.714, 20.656, 20.747, 21.012, 21.35, 21.726, 21.734, 21.812], [26.308, 26.095, 25.432, 24.555, 24.388, 24.231, 23.767, 23.264, 22.814, 21.925, 20.872, 21.265, 20.901, 20.675, 21.36, 20.316, 19.705, 18.889, 17.5, 16.664, 16.295, 15.772, 14.764, 13.965, 13.325, 12.895, 12.058, 9.568, 6.915, 5.431, 4.03, 2.225, 0.0, 2.309, 4.278, 6.133, 7.069, 7.632, 7.924, 8.347, 9.217, 9.514, 9.66, 10.836, 14.596, 17.374, 17.243, 19.132, 20.505, 20.368, 20.365, 20.54, 20.7, 20.895, 20.882, 20.743, 20.772, 20.498, 20.444, 20.535, 20.481, 20.175, 20.854, 21.878, 22.015, 21.945, 21.998, 21.948, 21.527, 20.938, 20.701, 20.638, 20.484, 20.454, 20.557, 20.638, 20.73, 20.771, 20.759, 20.709, 20.807, 21.077, 21.416, 21.799, 21.81, 21.887], [26.479, 26.264, 25.62, 24.758, 24.602, 24.45, 24.001, 23.504, 23.059, 22.178, 21.149, 21.551, 21.184, 20.929, 21.563, 20.539, 19.94, 19.134, 17.763, 16.925, 16.54, 16.037, 15.078, 14.316, 13.697, 13.309, 12.558, 10.264, 7.832, 6.42, 5.191, 3.925, 2.309, 0.0, 2.727, 5.222, 6.256, 6.777, 7.149, 7.693, 8.662, 9.009, 9.186, 10.493, 14.405, 17.253, 17.118, 19.075, 20.523, 20.394, 20.397, 20.579, 20.723, 20.878, 20.86, 20.736, 20.76, 20.488, 20.434, 20.506, 20.451, 20.17, 20.876, 21.909, 22.058, 21.988, 22.041, 22.002, 21.59, 21.006, 20.786, 20.722, 20.557, 20.536, 20.651, 20.736, 20.834, 20.876, 20.859, 20.796, 20.891, 21.161, 21.494, 21.874, 21.88, 21.948], [26.48, 26.32, 25.666, 24.809, 24.684, 24.538, 24.066, 23.56, 23.12, 22.361, 21.628, 22.179, 21.795, 21.708, 22.389, 21.386, 20.805, 20.002, 18.589, 17.683, 17.282, 16.778, 15.839, 15.105, 14.478, 14.07, 13.38, 11.153, 8.641, 7.234, 6.183, 5.276, 4.278, 2.727, 0.0, 3.439, 4.997, 5.555, 5.939, 6.529, 7.665, 8.08, 8.267, 9.629, 13.55, 16.447, 16.313, 18.28, 19.832, 19.705, 19.721, 19.931, 20.122, 20.285, 20.261, 20.195, 20.31, 20.099, 20.052, 20.088, 20.035, 19.755, 20.426, 21.462, 21.623, 21.543, 21.598, 21.578, 21.196, 20.633, 20.409, 20.333, 20.151, 20.136, 20.286, 20.399, 20.492, 20.531, 20.505, 20.426, 20.523, 20.813, 21.18, 21.583, 21.585, 21.648], [26.556, 26.61, 26.0, 25.077, 24.973, 24.788, 24.199, 23.676, 23.317, 22.895, 22.759, 23.573, 23.088, 23.145, 23.932, 22.855, 22.245, 21.417, 19.832, 18.834, 18.444, 17.936, 16.947, 16.238, 15.667, 15.205, 14.477, 12.202, 9.449, 8.158, 7.472, 6.816, 6.133, 5.222, 3.439, 0.0, 2.491, 3.998, 4.69, 5.594, 6.981, 7.504, 7.491, 8.402, 12.025, 14.847, 14.77, 16.79, 18.285, 18.093, 18.142, 18.409, 18.726, 18.972, 18.968, 18.908, 19.104, 18.979, 18.938, 18.959, 18.942, 18.611, 19.208, 20.28, 20.462, 20.369, 20.427, 20.426, 20.09, 19.57, 19.315, 19.221, 19.063, 19.005, 19.14, 19.26, 19.311, 19.32, 19.298, 19.235, 19.333, 19.629, 20.074, 20.555, 20.578, 20.669], [26.872, 27.016, 26.48, 25.572, 25.464, 25.235, 24.592, 24.065, 23.739, 23.37, 23.274, 24.137, 23.587, 23.526, 24.283, 23.183, 22.554, 21.739, 20.141, 19.149, 18.774, 18.311, 17.381, 16.752, 16.275, 15.844, 15.08, 12.782, 10.034, 8.821, 8.267, 7.667, 7.069, 6.256, 4.997, 2.491, 0.0, 2.43, 3.693, 5.12, 6.815, 7.487, 7.482, 8.312, 11.923, 14.705, 14.698, 16.808, 18.169, 17.89, 17.939, 18.222, 18.553, 18.805, 18.844, 18.772, 18.896, 18.761, 18.742, 18.766, 18.78, 18.465, 19.077, 20.19, 20.403, 20.319, 20.372, 20.374, 20.065, 19.565, 19.303, 19.219, 19.09, 18.987, 19.069, 19.164, 19.19, 19.17, 19.126, 19.062, 19.147, 19.421, 19.879, 20.38, 20.416, 20.54], [27.127, 27.239, 26.744, 25.941, 25.857, 25.641, 25.027, 24.511, 24.175, 23.728, 23.462, 24.247, 23.708, 23.54, 24.209, 23.184, 22.61, 21.819, 20.288, 19.326, 18.957, 18.533, 17.694, 17.133, 16.71, 16.308, 15.534, 13.285, 10.627, 9.372, 8.742, 8.161, 7.632, 6.777, 5.555, 3.998, 2.43, 0.0, 1.902, 4.128, 6.194, 7.052, 7.275, 8.53, 12.473, 15.309, 15.316, 17.456, 18.84, 18.55, 18.573, 18.854, 19.138, 19.334, 19.401, 19.375, 19.451, 19.283, 19.276, 19.311, 19.31, 19.029, 19.714, 20.841, 21.048, 20.972, 21.03, 21.022, 20.719, 20.248, 20.015, 19.94, 19.799, 19.698, 19.784, 19.881, 19.911, 19.883, 19.817, 19.735, 19.816, 20.083, 20.504, 20.98, 21.018, 21.136], [27.176, 27.27, 26.773, 26.002, 25.933, 25.729, 25.12, 24.605, 24.269, 23.809, 23.517, 24.255, 23.726, 23.58, 24.235, 23.231, 22.685, 21.922, 20.435, 19.478, 19.097, 18.671, 17.86, 17.327, 16.921, 16.524, 15.751, 13.539, 10.91, 9.634, 8.975, 8.381, 7.924, 7.149, 5.939, 4.69, 3.693, 1.902, 0.0, 2.835, 5.202, 6.166, 6.536, 8.102, 12.303, 15.221, 15.214, 17.391, 18.875, 18.61, 18.623, 18.905, 19.17, 19.345, 19.409, 19.407, 19.499, 19.316, 19.299, 19.339, 19.322, 19.063, 19.826, 20.986, 21.189, 21.113, 21.171, 21.155, 20.841, 20.369, 20.141, 20.062, 19.917, 19.853, 19.973, 20.086, 20.122, 20.086, 20.004, 19.905, 19.984, 20.256, 20.662, 21.125, 21.159, 21.275], [27.162, 27.237, 26.702, 25.926, 25.855, 25.667, 25.073, 24.559, 24.219, 23.781, 23.56, 24.246, 23.728, 23.689, 24.349, 23.374, 22.864, 22.139, 20.716, 19.772, 19.364, 18.91, 18.106, 17.61, 17.227, 16.856, 16.132, 13.978, 11.376, 10.087, 9.388, 8.749, 8.347, 7.693, 6.529, 5.594, 5.12, 4.128, 2.835, 0.0, 2.734, 4.0, 4.77, 6.897, 11.504, 14.615, 14.568, 16.817, 18.525, 18.301, 18.286, 18.566, 18.804, 18.956, 19.012, 19.078, 19.244, 19.015, 18.939, 18.963, 18.934, 18.723, 19.608, 20.834, 21.051, 20.981, 21.045, 21.027, 20.676, 20.151, 19.912, 19.824, 19.666, 19.697, 19.9, 20.043, 20.099, 20.078, 19.995, 19.874, 19.951, 20.242, 20.647, 21.099, 21.116, 21.232], [27.287, 27.349, 26.818, 26.071, 26.0, 25.833, 25.288, 24.796, 24.46, 24.038, 23.82, 24.423, 23.924, 23.949, 24.595, 23.666, 23.204, 22.536, 21.181, 20.278, 19.879, 19.426, 18.645, 18.174, 17.811, 17.485, 16.821, 14.781, 12.315, 11.067, 10.347, 9.631, 9.217, 8.662, 7.665, 6.981, 6.815, 6.194, 5.202, 2.734, 0.0, 1.739, 3.333, 6.169, 11.148, 14.384, 14.283, 16.565, 18.482, 18.335, 18.293, 18.549, 18.758, 18.887, 18.94, 19.064, 19.277, 18.982, 18.829, 18.853, 18.822, 18.672, 19.664, 20.927, 21.15, 21.091, 21.161, 21.139, 20.747, 20.19, 19.966, 19.882, 19.704, 19.802, 20.076, 20.258, 20.351, 20.363, 20.305, 20.183, 20.259, 20.547, 20.913, 21.33, 21.331, 21.44], [27.279, 27.326, 26.796, 26.055, 25.984, 25.83, 25.307, 24.833, 24.502, 24.07, 23.821, 24.387, 23.895, 23.961, 24.621, 23.683, 23.216, 22.581, 21.267, 20.388, 20.001, 19.546, 18.761, 18.281, 17.898, 17.585, 16.961, 14.973, 12.582, 11.389, 10.704, 9.966, 9.514, 9.009, 8.08, 7.504, 7.487, 7.052, 6.166, 4.0, 1.739, 0.0, 2.266, 5.615, 10.864, 14.177, 14.046, 16.324, 18.339, 18.256, 18.222, 18.474, 18.704, 18.858, 18.906, 19.025, 19.256, 18.952, 18.787, 18.828, 18.814, 18.679, 19.65, 20.875, 21.077, 21.021, 21.097, 21.079, 20.68, 20.118, 19.899, 19.815, 19.633, 19.754, 20.05, 20.247, 20.363, 20.398, 20.359, 20.249, 20.327, 20.608, 20.957, 21.355, 21.352, 21.458], [27.072, 27.125, 26.578, 25.801, 25.726, 25.549, 24.986, 24.514, 24.219, 23.892, 23.839, 24.505, 24.0, 24.146, 24.857, 23.845, 23.295, 22.644, 21.32, 20.423, 20.033, 19.568, 18.763, 18.251, 17.769, 17.391, 16.778, 14.772, 12.377, 11.307, 10.779, 10.141, 9.66, 9.186, 8.267, 7.491, 7.482, 7.275, 6.536, 4.77, 3.333, 2.266, 0.0, 3.828, 9.664, 13.165, 13.048, 15.415, 17.452, 17.383, 17.392, 17.679, 18.013, 18.274, 18.337, 18.423, 18.695, 18.463, 18.343, 18.394, 18.412, 18.239, 19.052, 20.169, 20.331, 20.274, 20.373, 20.385, 20.014, 19.471, 19.245, 19.145, 18.976, 19.116, 19.421, 19.61, 19.738, 19.797, 19.787, 19.708, 19.791, 20.07, 20.447, 20.865, 20.872, 20.99], [26.749, 26.872, 26.28, 25.418, 25.348, 25.123, 24.464, 23.985, 23.762, 23.779, 24.447, 25.438, 24.931, 25.314, 26.14, 25.022, 24.316, 23.627, 22.265, 21.306, 20.884, 20.397, 19.561, 19.007, 18.324, 17.783, 17.198, 15.187, 12.785, 11.925, 11.683, 11.286, 10.836, 10.493, 9.629, 8.402, 8.312, 8.53, 8.102, 6.897, 6.169, 5.615, 3.828, 0.0, 6.488, 10.402, 10.355, 12.986, 15.109, 15.026, 15.155, 15.472, 15.979, 16.458, 16.552, 16.654, 17.132, 17.083, 17.038, 17.089, 17.157, 16.935, 17.547, 18.555, 18.691, 18.633, 18.789, 18.878, 18.554, 18.041, 17.797, 17.675, 17.551, 17.757, 18.109, 18.282, 18.383, 18.464, 18.515, 18.498, 18.587, 18.867, 19.322, 19.803, 19.828, 19.976], [26.42, 26.698, 26.065, 25.13, 25.106, 24.84, 24.068, 23.602, 23.47, 23.984, 25.847, 27.443, 26.93, 27.683, 28.653, 27.514, 26.706, 26.01, 24.666, 23.649, 23.189, 22.696, 21.87, 21.329, 20.507, 19.864, 19.431, 17.653, 15.495, 14.92, 14.985, 14.884, 14.596, 14.405, 13.55, 12.025, 11.923, 12.473, 12.303, 11.504, 11.148, 10.864, 9.664, 6.488, 0.0, 4.541, 4.789, 7.961, 10.57, 10.601, 11.065, 11.395, 12.165, 13.023, 13.124, 13.462, 14.612, 14.974, 15.025, 15.043, 15.169, 14.933, 15.442, 16.441, 16.598, 16.529, 16.768, 16.98, 16.754, 16.36, 16.095, 15.918, 15.867, 16.218, 16.7, 16.879, 16.87, 16.928, 17.057, 17.123, 17.212, 17.476, 18.013, 18.561, 18.597, 18.769], [26.405, 26.804, 26.22, 25.293, 25.298, 25.012, 24.2, 23.777, 23.733, 24.512, 26.877, 28.754, 28.231, 29.09, 30.125, 28.992, 28.167, 27.474, 26.157, 25.15, 24.696, 24.216, 23.409, 22.909, 22.116, 21.48, 21.135, 19.586, 17.697, 17.318, 17.542, 17.561, 17.374, 17.253, 16.447, 14.847, 14.705, 15.309, 15.221, 14.615, 14.384, 14.177, 13.165, 10.402, 4.541, 0.0, 1.73, 5.235, 7.97, 8.327, 9.13, 9.425, 10.288, 11.366, 11.439, 11.924, 13.544, 14.225, 14.354, 14.352, 14.523, 14.327, 14.824, 15.851, 16.046, 15.981, 16.257, 16.533, 16.409, 16.164, 15.913, 15.72, 15.728, 16.124, 16.647, 16.823, 16.743, 16.767, 16.925, 17.053, 17.136, 17.338, 17.852, 18.386, 18.428, 18.59], [26.339, 26.708, 26.12, 25.201, 25.206, 24.931, 24.131, 23.7, 23.642, 24.393, 26.716, 28.554, 28.061, 28.966, 30.001, 28.872, 28.05, 27.357, 26.045, 25.038, 24.584, 24.102, 23.29, 22.784, 21.997, 21.378, 21.036, 19.493, 17.616, 17.22, 17.423, 17.433, 17.243, 17.118, 16.313, 14.77, 14.698, 15.316, 15.214, 14.568, 14.283, 14.046, 13.048, 10.355, 4.789, 1.73, 0.0, 4.576, 7.786, 8.239, 8.99, 9.265, 10.171, 11.238, 11.247, 11.818, 13.526, 14.164, 14.259, 14.262, 14.396, 14.195, 14.773, 15.858, 16.054, 15.982, 16.259, 16.522, 16.359, 16.094, 15.863, 15.681, 15.673, 16.085, 16.639, 16.83, 16.766, 16.809, 16.981, 17.117, 17.221, 17.428, 17.917, 18.435, 18.471, 18.618], [26.138, 26.572, 26.027, 25.135, 25.164, 24.891, 24.102, 23.714, 23.704, 24.626, 27.278, 29.194, 28.721, 29.86, 30.976, 29.937, 29.199, 28.51, 27.22, 26.218, 25.781, 25.308, 24.488, 23.938, 23.156, 22.626, 22.371, 20.954, 19.255, 18.953, 19.189, 19.252, 19.132, 19.075, 18.28, 16.79, 16.808, 17.456, 17.391, 16.817, 16.565, 16.324, 15.415, 12.986, 7.961, 5.235, 4.576, 0.0, 4.473, 5.615, 6.462, 7.02, 8.663, 10.019, 10.068, 11.419, 13.882, 14.819, 14.907, 14.825, 14.892, 14.682, 15.232, 16.274, 16.432, 16.313, 16.602, 16.856, 16.757, 16.627, 16.424, 16.2, 16.169, 16.609, 17.226, 17.431, 17.315, 17.391, 17.601, 17.737, 17.843, 18.027, 18.457, 18.943, 18.995, 19.108], [26.246, 26.779, 26.277, 25.365, 25.388, 25.054, 24.215, 23.873, 23.947, 25.045, 27.899, 29.924, 29.432, 30.589, 31.759, 30.744, 30.0, 29.272, 27.952, 26.942, 26.515, 26.061, 25.265, 24.742, 23.986, 23.455, 23.198, 21.843, 20.265, 20.085, 20.425, 20.559, 20.505, 20.523, 19.832, 18.285, 18.169, 18.84, 18.875, 18.525, 18.482, 18.339, 17.452, 15.109, 10.57, 7.97, 7.786, 4.473, 0.0, 2.992, 4.69, 5.489, 7.922, 9.677, 9.773, 11.2, 13.858, 15.044, 15.241, 15.149, 15.267, 15.026, 15.409, 16.391, 16.533, 16.369, 16.652, 16.929, 16.953, 16.956, 16.745, 16.54, 16.589, 16.953, 17.474, 17.591, 17.379, 17.452, 17.687, 17.859, 17.936, 18.072, 18.541, 19.049, 19.131, 19.279], [26.252, 26.807, 26.278, 25.316, 25.343, 25.006, 24.127, 23.751, 23.806, 24.927, 27.847, 29.947, 29.45, 30.605, 31.802, 30.779, 30.023, 29.286, 27.942, 26.917, 26.493, 26.045, 25.249, 24.716, 23.955, 23.416, 23.155, 21.776, 20.144, 19.933, 20.266, 20.404, 20.368, 20.394, 19.705, 18.093, 17.89, 18.55, 18.61, 18.301, 18.335, 18.256, 17.383, 15.026, 10.601, 8.327, 8.239, 5.615, 2.992, 0.0, 2.63, 4.166, 7.059, 8.946, 9.257, 10.963, 13.647, 14.833, 15.025, 14.912, 15.019, 14.75, 15.173, 16.208, 16.37, 16.194, 16.434, 16.689, 16.725, 16.71, 16.452, 16.244, 16.321, 16.657, 17.153, 17.257, 17.003, 17.042, 17.268, 17.431, 17.494, 17.65, 18.227, 18.838, 18.944, 19.102], [26.158, 26.7, 26.194, 25.248, 25.274, 24.937, 24.069, 23.701, 23.758, 24.877, 27.786, 29.864, 29.369, 30.51, 31.701, 30.71, 29.996, 29.265, 27.93, 26.916, 26.495, 26.054, 25.269, 24.733, 23.984, 23.465, 23.217, 21.848, 20.214, 19.987, 20.288, 20.401, 20.365, 20.397, 19.721, 18.142, 17.939, 18.573, 18.623, 18.286, 18.293, 18.222, 17.392, 15.155, 11.065, 9.13, 8.99, 6.462, 4.69, 2.63, 0.0, 2.983, 6.579, 8.464, 8.966, 11.158, 13.976, 15.126, 15.215, 15.039, 15.128, 14.891, 15.369, 16.416, 16.591, 16.42, 16.65, 16.872, 16.881, 16.851, 16.589, 16.378, 16.441, 16.775, 17.279, 17.407, 17.162, 17.191, 17.397, 17.538, 17.606, 17.764, 18.328, 18.965, 19.098, 19.247], [26.307, 26.843, 26.358, 25.441, 25.467, 25.146, 24.307, 23.951, 23.992, 25.035, 27.813, 29.849, 29.365, 30.466, 31.63, 30.658, 29.957, 29.248, 27.94, 26.945, 26.527, 26.095, 25.33, 24.824, 24.107, 23.59, 23.349, 22.043, 20.456, 20.205, 20.484, 20.584, 20.54, 20.579, 19.931, 18.409, 18.222, 18.854, 18.905, 18.566, 18.549, 18.474, 17.679, 15.472, 11.395, 9.425, 9.265, 7.02, 5.489, 4.166, 2.983, 0.0, 4.403, 6.85, 7.521, 10.091, 13.207, 14.458, 14.578, 14.4, 14.517, 14.474, 15.281, 16.516, 16.741, 16.581, 16.837, 17.064, 17.036, 16.981, 16.731, 16.545, 16.617, 16.93, 17.408, 17.544, 17.328, 17.367, 17.565, 17.7, 17.769, 17.906, 18.403, 18.996, 19.136, 19.335], [26.512, 27.013, 26.551, 25.692, 25.708, 25.415, 24.623, 24.256, 24.256, 25.153, 27.66, 29.598, 29.133, 30.105, 31.189, 30.267, 29.594, 28.923, 27.698, 26.79, 26.403, 25.99, 25.273, 24.831, 24.203, 23.713, 23.473, 22.267, 20.766, 20.458, 20.675, 20.754, 20.7, 20.723, 20.122, 18.726, 18.553, 19.138, 19.17, 18.804, 18.758, 18.704, 18.013, 15.979, 12.165, 10.288, 10.171, 8.663, 7.922, 7.059, 6.579, 4.403, 0.0, 3.239, 4.564, 8.092, 11.774, 13.241, 13.447, 13.236, 13.363, 13.766, 15.401, 17.059, 17.383, 17.263, 17.527, 17.745, 17.669, 17.567, 17.315, 17.134, 17.193, 17.501, 17.967, 18.13, 17.96, 17.982, 18.128, 18.214, 18.264, 18.378, 18.77, 19.291, 19.421, 19.651], [26.679, 27.158, 26.726, 25.903, 25.9, 25.617, 24.852, 24.475, 24.46, 25.289, 27.637, 29.486, 29.043, 29.938, 30.955, 30.094, 29.457, 28.798, 27.621, 26.779, 26.419, 26.021, 25.338, 24.941, 24.384, 23.921, 23.681, 22.532, 21.086, 20.733, 20.893, 20.96, 20.895, 20.878, 20.285, 18.972, 18.805, 19.334, 19.345, 18.956, 18.887, 18.858, 18.274, 16.458, 13.023, 11.366, 11.238, 10.019, 9.677, 8.946, 8.464, 6.85, 3.239, 0.0, 2.828, 7.721, 11.662, 13.156, 13.315, 13.023, 13.122, 13.766, 15.849, 17.732, 18.121, 18.028, 18.282, 18.483, 18.386, 18.263, 18.024, 17.855, 17.892, 18.199, 18.669, 18.849, 18.691, 18.675, 18.762, 18.787, 18.813, 18.914, 19.253, 19.739, 19.863, 20.062], [26.725, 27.187, 26.752, 25.917, 25.9, 25.606, 24.846, 24.468, 24.457, 25.298, 27.655, 29.464, 29.001, 29.907, 30.919, 30.053, 29.411, 28.736, 27.543, 26.69, 26.328, 25.934, 25.255, 24.874, 24.326, 23.868, 23.632, 22.489, 21.062, 20.718, 20.875, 20.94, 20.882, 20.86, 20.261, 18.968, 18.844, 19.401, 19.409, 19.012, 18.94, 18.906, 18.337, 16.552, 13.124, 11.439, 11.247, 10.068, 9.773, 9.257, 8.966, 7.521, 4.564, 2.828, 0.0, 5.859, 10.391, 12.063, 12.265, 12.016, 12.145, 12.911, 15.227, 17.261, 17.684, 17.578, 17.83, 18.04, 17.931, 17.82, 17.606, 17.433, 17.464, 17.813, 18.328, 18.517, 18.357, 18.339, 18.416, 18.426, 18.449, 18.539, 18.827, 19.275, 19.392, 19.607], [26.755, 27.195, 26.73, 25.877, 25.855, 25.553, 24.791, 24.408, 24.396, 25.25, 27.625, 29.45, 28.956, 29.785, 30.783, 29.837, 29.109, 28.406, 27.191, 26.325, 25.959, 25.586, 24.93, 24.589, 24.055, 23.558, 23.287, 22.159, 20.785, 20.5, 20.702, 20.784, 20.743, 20.736, 20.195, 18.908, 18.772, 19.375, 19.407, 19.078, 19.064, 19.025, 18.423, 16.654, 13.462, 11.924, 11.818, 11.419, 11.2, 10.963, 11.158, 10.091, 8.092, 7.721, 5.859, 0.0, 5.36, 7.822, 8.535, 8.624, 9.065, 10.196, 12.92, 15.272, 15.748, 15.618, 15.863, 16.134, 16.039, 15.96, 15.809, 15.667, 15.76, 16.165, 16.671, 16.799, 16.662, 16.734, 16.907, 16.99, 17.016, 17.06, 17.226, 17.579, 17.68, 17.995], [27.013, 27.417, 26.931, 26.105, 26.084, 25.801, 25.07, 24.674, 24.633, 25.382, 27.567, 29.382, 28.908, 29.575, 30.512, 29.512, 28.698, 27.985, 26.786, 25.949, 25.593, 25.262, 24.685, 24.432, 23.96, 23.441, 23.124, 22.061, 20.788, 20.534, 20.749, 20.823, 20.772, 20.76, 20.31, 19.104, 18.896, 19.451, 19.499, 19.244, 19.277, 19.256, 18.695, 17.132, 14.612, 13.544, 13.526, 13.882, 13.858, 13.647, 13.976, 13.207, 11.774, 11.662, 10.391, 5.36, 0.0, 3.569, 5.535, 6.26, 7.08, 8.58, 11.664, 14.269, 14.794, 14.702, 14.949, 15.258, 15.168, 15.035, 14.924, 14.892, 15.088, 15.462, 15.808, 15.789, 15.701, 15.894, 16.171, 16.329, 16.348, 16.36, 16.464, 16.734, 16.81, 17.182], [27.185, 27.545, 27.047, 26.233, 26.202, 25.927, 25.23, 24.831, 24.763, 25.405, 27.377, 29.101, 28.655, 29.238, 30.138, 29.134, 28.268, 27.565, 26.404, 25.587, 25.224, 24.905, 24.383, 24.211, 23.81, 23.318, 22.994, 21.931, 20.655, 20.376, 20.559, 20.582, 20.498, 20.488, 20.099, 18.979, 18.761, 19.283, 19.316, 19.015, 18.982, 18.952, 18.463, 17.083, 14.974, 14.225, 14.164, 14.819, 15.044, 14.833, 15.126, 14.458, 13.241, 13.156, 12.063, 7.822, 3.569, 0.0, 3.027, 4.526, 5.544, 7.373, 11.033, 13.905, 14.507, 14.46, 14.712, 15.003, 14.839, 14.596, 14.483, 14.53, 14.751, 15.128, 15.401, 15.343, 15.353, 15.624, 15.946, 16.121, 16.16, 16.205, 16.312, 16.574, 16.63, 17.021], [27.224, 27.586, 27.108, 26.283, 26.239, 25.949, 25.255, 24.883, 24.838, 25.501, 27.422, 29.074, 28.624, 29.213, 30.123, 29.127, 28.269, 27.589, 26.423, 25.588, 25.208, 24.874, 24.343, 24.175, 23.79, 23.349, 23.063, 21.975, 20.669, 20.384, 20.546, 20.543, 20.444, 20.434, 20.052, 18.938, 18.742, 19.276, 19.299, 18.939, 18.829, 18.787, 18.343, 17.038, 15.025, 14.354, 14.259, 14.907, 15.241, 15.025, 15.215, 14.578, 13.447, 13.315, 12.265, 8.535, 5.535, 3.027, 0.0, 2.275, 3.865, 6.248, 10.462, 13.499, 14.16, 14.141, 14.383, 14.646, 14.431, 14.173, 14.08, 14.127, 14.317, 14.727, 15.037, 15.054, 15.154, 15.452, 15.786, 15.962, 16.014, 16.062, 16.159, 16.453, 16.528, 16.917], [27.275, 27.643, 27.168, 26.329, 26.28, 25.979, 25.268, 24.903, 24.866, 25.542, 27.472, 29.108, 28.641, 29.253, 30.164, 29.181, 28.353, 27.689, 26.525, 25.684, 25.298, 24.949, 24.4, 24.217, 23.838, 23.425, 23.165, 22.074, 20.766, 20.48, 20.629, 20.628, 20.535, 20.506, 20.088, 18.959, 18.766, 19.311, 19.339, 18.963, 18.853, 18.828, 18.394, 17.089, 15.043, 14.352, 14.262, 14.825, 15.149, 14.912, 15.039, 14.4, 13.236, 13.023, 12.016, 8.624, 6.26, 4.526, 2.275, 0.0, 2.513, 5.699, 10.234, 13.377, 14.091, 14.091, 14.3