[[0.0, 3.775, 7.778, 11.956, 13.93, 14.207, 14.703, 15.481, 16.168, 17.145, 18.045, 18.916, 19.15, 19.047, 18.926, 19.199, 19.457, 19.514, 19.607, 19.55, 19.608, 19.875, 20.005, 19.941, 20.314, 21.116, 22.321, 24.071, 25.425, 25.782, 25.809, 25.546, 25.735, 26.118, 26.174, 26.48, 27.088, 27.212, 26.588, 25.726, 25.263, 24.346, 23.43, 23.076, 22.864, 22.699, 22.341, 22.305, 22.452, 22.553, 23.12, 23.347, 23.48, 23.524, 23.735, 24.472, 25.357, 25.783, 25.891, 25.538, 24.375, 23.114, 22.539, 22.488, 22.274, 22.317, 22.321, 22.188, 22.422, 22.593, 22.698, 23.195, 23.717, 23.464, 23.527, 23.888, 24.133, 24.518, 24.349, 23.953, 23.171, 23.261, 23.912, 24.654, 24.937, 25.725], [3.775, 0.0, 4.92, 9.746, 12.076, 12.777, 13.696, 14.734, 15.698, 16.913, 17.865, 18.819, 19.085, 18.984, 18.827, 19.103, 19.399, 19.462, 19.555, 19.51, 19.613, 19.921, 20.045, 19.957, 20.243, 20.993, 22.21, 23.984, 25.314, 25.651, 25.703, 25.447, 25.615, 25.996, 26.097, 26.467, 27.131, 27.277, 26.682, 25.894, 25.483, 24.596, 23.663, 23.274, 23.064, 22.889, 22.558, 22.537, 22.697, 22.82, 23.417, 23.662, 23.786, 23.822, 24.02, 24.694, 25.513, 25.922, 26.037, 25.714, 24.569, 23.335, 22.789, 22.741, 22.543, 22.57, 22.561, 22.417, 22.62, 22.76, 22.856, 23.361, 23.892, 23.657, 23.735, 24.064, 24.273, 24.632, 24.455, 24.058, 23.306, 23.345, 24.002, 24.813, 25.09, 25.868], [7.778, 4.92, 0.0, 5.556, 8.931, 10.761, 12.523, 14.016, 15.363, 16.912, 18.006, 19.144, 19.512, 19.453, 19.293, 19.642, 20.049, 20.113, 20.137, 20.078, 20.244, 20.607, 20.735, 20.58, 20.661, 21.32, 22.542, 24.292, 25.506, 25.816, 25.938, 25.679, 25.792, 26.208, 26.375, 26.795, 27.487, 27.672, 27.159, 26.439, 26.031, 25.219, 24.389, 24.017, 23.785, 23.588, 23.289, 23.284, 23.442, 23.576, 24.164, 24.433, 24.627, 24.706, 24.892, 25.489, 26.201, 26.581, 26.694, 26.42, 25.361, 24.218, 23.737, 23.706, 23.562, 23.563, 23.503, 23.372, 23.55, 23.657, 23.737, 24.231, 24.773, 24.58, 24.63, 24.874, 25.011, 25.294, 25.08, 24.704, 24.029, 23.945, 24.348, 25.046, 25.275, 25.986], [11.956, 9.746, 5.556, 0.0, 4.774, 8.463, 11.468, 13.624, 15.525, 17.502, 18.796, 20.17, 20.717, 20.805, 20.776, 21.282, 21.803, 21.825, 21.748, 21.678, 21.892, 22.234, 22.351, 22.118, 21.899, 22.345, 23.473, 25.063, 26.043, 26.306, 26.526, 26.302, 26.359, 26.805, 27.036, 27.46, 28.115, 28.319, 27.922, 27.302, 26.899, 26.251, 25.628, 25.292, 25.04, 24.819, 24.561, 24.584, 24.726, 24.823, 25.367, 25.715, 26.053, 26.234, 26.461, 26.947, 27.474, 27.799, 27.91, 27.727, 26.853, 25.92, 25.569, 25.556, 25.476, 25.463, 25.354, 25.248, 25.369, 25.433, 25.505, 25.953, 26.457, 26.331, 26.315, 26.423, 26.489, 26.686, 26.433, 26.105, 25.577, 25.382, 25.455, 25.977, 26.138, 26.733], [13.93, 12.076, 8.931, 4.774, 0.0, 5.068, 9.192, 11.927, 14.204, 16.466, 17.901, 19.477, 20.216, 20.483, 20.724, 21.452, 22.056, 22.032, 21.908, 21.848, 22.079, 22.361, 22.46, 22.191, 21.776, 21.96, 22.904, 24.345, 25.186, 25.422, 25.712, 25.549, 25.614, 26.076, 26.337, 26.75, 27.397, 27.65, 27.369, 26.838, 26.445, 25.886, 25.37, 25.057, 24.797, 24.557, 24.291, 24.354, 24.502, 24.525, 25.061, 25.543, 26.024, 26.316, 26.659, 27.148, 27.581, 27.866, 27.994, 27.865, 27.11, 26.373, 26.128, 26.101, 26.035, 26.016, 25.912, 25.824, 25.907, 25.955, 26.052, 26.452, 26.899, 26.798, 26.716, 26.702, 26.704, 26.887, 26.663, 26.367, 25.936, 25.817, 25.925, 26.479, 26.63, 27.21], [14.207, 12.777, 10.761, 8.463, 5.068, 0.0, 4.98, 8.381, 11.197, 13.861, 15.432, 17.338, 18.273, 18.653, 19.159, 20.107, 20.774, 20.723, 20.591, 20.54, 20.759, 20.984, 21.074, 20.83, 20.398, 20.386, 21.068, 22.388, 23.248, 23.495, 23.822, 23.711, 23.822, 24.314, 24.592, 25.002, 25.723, 26.069, 25.859, 25.376, 24.996, 24.421, 23.876, 23.526, 23.248, 22.926, 22.578, 22.665, 22.819, 22.786, 23.371, 24.001, 24.61, 24.996, 25.482, 26.165, 26.677, 26.958, 27.104, 26.961, 26.222, 25.56, 25.346, 25.302, 25.202, 25.188, 25.117, 25.024, 25.107, 25.173, 25.285, 25.65, 26.062, 25.937, 25.776, 25.664, 25.626, 25.86, 25.698, 25.417, 25.008, 25.037, 25.324, 25.965, 26.142, 26.772], [14.703, 13.696, 12.523, 11.468, 9.192, 4.98, 0.0, 4.066, 7.748, 10.89, 12.564, 14.771, 15.92, 16.379, 17.059, 18.17, 18.918, 18.874, 18.754, 18.704, 18.91, 19.096, 19.185, 18.98, 18.624, 18.583, 19.142, 20.491, 21.532, 21.812, 22.121, 22.033, 22.203, 22.717, 22.974, 23.397, 24.25, 24.735, 24.564, 24.073, 23.756, 23.115, 22.422, 22.004, 21.696, 21.353, 20.945, 21.022, 21.177, 21.098, 21.728, 22.434, 23.08, 23.483, 24.052, 24.966, 25.67, 25.986, 26.133, 25.927, 25.123, 24.452, 24.208, 24.14, 24.01, 23.999, 23.96, 23.859, 23.97, 24.069, 24.187, 24.532, 24.944, 24.766, 24.543, 24.382, 24.333, 24.654, 24.574, 24.29, 23.834, 23.991, 24.48, 25.246, 25.454, 26.144], [15.481, 14.734, 14.016, 13.624, 11.927, 8.381, 4.066, 0.0, 4.641, 8.426, 10.211, 12.744, 14.033, 14.537, 15.309, 16.485, 17.299, 17.278, 17.211, 17.177, 17.358, 17.52, 17.612, 17.437, 17.168, 17.157, 17.67, 19.07, 20.29, 20.593, 20.859, 20.78, 21.012, 21.529, 21.764, 22.197, 23.184, 23.808, 23.676, 23.174, 22.935, 22.283, 21.431, 20.952, 20.672, 20.335, 19.9, 19.975, 20.132, 20.013, 20.657, 21.361, 21.944, 22.296, 22.889, 23.976, 24.853, 25.202, 25.335, 25.055, 24.187, 23.502, 23.248, 23.173, 23.017, 23.009, 22.986, 22.858, 22.97, 23.095, 23.218, 23.538, 23.96, 23.74, 23.474, 23.303, 23.277, 23.678, 23.672, 23.395, 22.921, 23.152, 23.835, 24.75, 24.985, 25.726], [16.168, 15.698, 15.363, 15.525, 14.204, 11.197, 7.748, 4.641, 0.0, 4.408, 6.657, 9.85, 11.524, 12.114, 13.048, 14.223, 15.06, 15.074, 15.033, 15.055, 15.263, 15.407, 15.499, 15.305, 15.083, 15.163, 15.809, 17.424, 18.844, 19.186, 19.415, 19.325, 19.598, 20.102, 20.328, 20.798, 21.88, 22.609, 22.517, 21.945, 21.672, 20.954, 20.102, 19.731, 19.473, 19.226, 18.758, 18.819, 18.983, 18.87, 19.566, 20.23, 20.757, 21.097, 21.731, 22.977, 24.002, 24.386, 24.505, 24.13, 23.189, 22.492, 22.208, 22.098, 21.928, 21.924, 21.927, 21.808, 21.943, 22.088, 22.225, 22.532, 22.955, 22.676, 22.358, 22.215, 22.229, 22.704, 22.767, 22.486, 21.978, 22.339, 23.182, 24.147, 24.407, 25.208], [17.145, 16.913, 16.912, 17.502, 16.466, 13.861, 10.89, 8.426, 4.408, 0.0, 3.086, 7.118, 9.282, 10.001, 11.119, 12.424, 13.319, 13.397, 13.37, 13.381, 13.592, 13.719, 13.8, 13.616, 13.493, 13.707, 14.579, 16.569, 18.258, 18.657, 18.849, 18.757, 19.07, 19.54, 19.705, 20.207, 21.351, 22.09, 21.988, 21.346, 21.041, 20.185, 19.321, 19.106, 18.85, 18.761, 18.306, 18.297, 18.476, 18.382, 19.121, 19.711, 20.138, 20.432, 21.073, 22.428, 23.577, 23.993, 24.105, 23.663, 22.642, 21.894, 21.529, 21.373, 21.205, 21.211, 21.255, 21.176, 21.362, 21.532, 21.676, 21.989, 22.412, 22.082, 21.763, 21.669, 21.702, 22.23, 22.343, 22.053, 21.477, 22.027, 23.08, 24.077, 24.359, 25.207], [18.045, 17.865, 18.006, 18.796, 17.901, 15.432, 12.564, 10.211, 6.657, 3.086, 0.0, 4.993, 7.638, 8.513, 9.896, 11.467, 12.465, 12.57, 12.62, 12.638, 12.84, 12.976, 13.044, 12.914, 12.906, 13.141, 14.017, 16.206, 18.125, 18.595, 18.779, 18.697, 19.062, 19.537, 19.676, 20.181, 21.373, 22.123, 22.045, 21.46, 21.192, 20.275, 19.317, 19.098, 18.892, 18.885, 18.446, 18.417, 18.61, 18.481, 19.192, 19.737, 20.039, 20.205, 20.783, 22.202, 23.444, 23.872, 23.985, 23.531, 22.481, 21.729, 21.335, 21.161, 20.976, 20.979, 21.06, 21.0, 21.208, 21.405, 21.558, 21.874, 22.294, 21.955, 21.692, 21.61, 21.621, 22.166, 22.322, 22.034, 21.405, 22.037, 23.3, 24.415, 24.716, 25.585], [18.916, 18.819, 19.144, 20.17, 19.477, 17.338, 14.771, 12.744, 9.85, 7.118, 4.993, 0.0, 3.657, 5.21, 7.165, 9.48, 10.804, 10.9, 11.02, 11.089, 11.33, 11.524, 11.568, 11.439, 11.635, 12.044, 13.054, 15.611, 17.881, 18.476, 18.66, 18.581, 18.985, 19.476, 19.58, 20.084, 21.274, 22.028, 21.982, 21.409, 21.19, 20.207, 19.218, 19.067, 18.891, 19.179, 18.846, 18.796, 19.046, 18.877, 19.498, 19.979, 20.13, 20.08, 20.488, 21.903, 23.2, 23.625, 23.717, 23.218, 22.165, 21.411, 20.982, 20.794, 20.592, 20.576, 20.702, 20.672, 20.919, 21.145, 21.302, 21.61, 22.017, 21.656, 21.422, 21.384, 21.419, 22.01, 22.233, 21.928, 21.241, 21.988, 23.473, 24.691, 25.007, 25.894], [19.15, 19.085, 19.512, 20.717, 20.216, 18.273, 15.92, 14.033, 11.524, 9.282, 7.638, 3.657, 0.0, 2.455, 5.181, 8.2, 9.787, 9.898, 10.143, 10.215, 10.393, 10.651, 10.726, 10.606, 11.037, 11.631, 12.706, 15.45, 17.943, 18.601, 18.764, 18.68, 19.115, 19.607, 19.678, 20.192, 21.416, 22.128, 22.011, 21.417, 21.249, 20.252, 19.18, 19.026, 18.906, 19.313, 19.086, 18.974, 19.208, 19.046, 19.624, 20.025, 20.029, 19.836, 20.129, 21.5, 22.804, 23.227, 23.301, 22.757, 21.682, 20.883, 20.448, 20.279, 20.063, 20.053, 20.207, 20.168, 20.417, 20.658, 20.809, 21.099, 21.484, 21.102, 20.906, 20.956, 21.059, 21.684, 21.914, 21.583, 20.843, 21.675, 23.353, 24.65, 24.994, 25.921], [19.047, 18.984, 19.453, 20.805, 20.483, 18.653, 16.379, 14.537, 12.114, 10.001, 8.513, 5.21, 2.455, 0.0, 3.566, 7.193, 8.978, 9.115, 9.45, 9.549, 9.705, 10.003, 10.109, 10.021, 10.605, 11.383, 12.614, 15.505, 18.097, 18.777, 18.946, 18.851, 19.273, 19.761, 19.832, 20.366, 21.609, 22.286, 22.079, 21.435, 21.266, 20.252, 19.126, 18.955, 18.876, 19.297, 19.078, 18.973, 19.217, 19.094, 19.69, 20.06, 20.01, 19.777, 20.029, 21.339, 22.627, 23.062, 23.146, 22.587, 21.445, 20.576, 20.122, 19.955, 19.731, 19.738, 19.903, 19.865, 20.132, 20.39, 20.547, 20.845, 21.229, 20.834, 20.698, 20.845, 20.995, 21.625, 21.824, 21.469, 20.67, 21.533, 23.324, 24.662, 25.017, 25.974], [18.926, 18.827, 19.293, 20.776, 20.724, 19.159, 17.059, 15.309, 13.048, 11.119, 9.896, 7.165, 5.181, 3.566, 0.0, 4.658, 7.054, 7.305, 7.818, 8.002, 8.259, 8.741, 8.869, 8.821, 9.701, 10.934, 12.654, 15.861, 18.489, 19.131, 19.306, 19.181, 19.563, 20.06, 20.149, 20.716, 21.971, 22.588, 22.264, 21.522, 21.339, 20.299, 19.091, 18.893, 18.834, 19.342, 19.162, 19.053, 19.385, 19.39, 20.019, 20.306, 20.179, 19.918, 20.122, 21.321, 22.573, 23.021, 23.098, 22.524, 21.32, 20.326, 19.812, 19.649, 19.417, 19.447, 19.618, 19.574, 19.863, 20.133, 20.271, 20.588, 20.997, 20.606, 20.562, 20.814, 21.0, 21.628, 21.799, 21.433, 20.6, 21.444, 23.275, 24.642, 24.986, 25.938], [19.199, 19.103, 19.642, 21.282, 21.452, 20.107, 18.17, 16.485, 14.223, 12.424, 11.467, 9.48, 8.2, 7.193, 4.658, 0.0, 3.084, 3.849, 4.712, 5.435, 6.172, 6.963, 7.146, 7.148, 8.548, 10.436, 12.617, 15.842, 18.335, 18.914, 19.058, 18.869, 19.209, 19.701, 19.841, 20.466, 21.705, 22.262, 21.826, 20.985, 20.767, 19.717, 18.538, 18.369, 18.309, 18.87, 18.78, 18.678, 19.072, 19.372, 20.096, 20.265, 20.103, 19.852, 20.001, 21.089, 22.321, 22.77, 22.834, 22.252, 21.026, 20.021, 19.505, 19.312, 19.096, 19.137, 19.277, 19.238, 19.557, 19.815, 19.923, 20.206, 20.622, 20.205, 20.117, 20.411, 20.637, 21.279, 21.435, 21.082, 20.293, 21.168, 22.968, 24.316, 24.647, 25.604], [19.457, 19.399, 20.049, 21.803, 22.056, 20.774, 18.918, 17.299, 15.06, 13.319, 12.465, 10.804, 9.787, 8.978, 7.054, 3.084, 0.0, 1.845, 3.303, 4.417, 5.422, 6.321, 6.505, 6.622, 8.39, 10.538, 12.844, 16.032, 18.457, 19.006, 19.118, 18.902, 19.215, 19.668, 19.826, 20.472, 21.677, 22.193, 21.703, 20.825, 20.583, 19.528, 18.409, 18.292, 18.233, 18.792, 18.719, 18.619, 19.016, 19.467, 20.267, 20.382, 20.192, 19.943, 20.053, 21.068, 22.276, 22.713, 22.77, 22.185, 20.96, 19.962, 19.453, 19.245, 19.05, 19.106, 19.223, 19.193, 19.535, 19.786, 19.877, 20.12, 20.521, 20.082, 19.933, 20.224, 20.461, 21.099, 21.249, 20.915, 20.169, 21.049, 22.763, 24.05, 24.376, 25.321], [19.514, 19.462, 20.113, 21.825, 22.032, 20.723, 18.874, 17.278, 15.074, 13.397, 12.57, 10.9, 9.898, 9.115, 7.305, 3.849, 1.845, 0.0, 2.172, 3.757, 5.016, 5.945, 6.101, 6.245, 8.118, 10.304, 12.603, 15.798, 18.228, 18.82, 18.978, 18.771, 19.064, 19.524, 19.7, 20.336, 21.518, 22.056, 21.608, 20.758, 20.523, 19.482, 18.388, 18.28, 18.212, 18.775, 18.696, 18.596, 18.984, 19.421, 20.239, 20.411, 20.276, 20.051, 20.182, 21.201, 22.386, 22.815, 22.874, 22.296, 21.091, 20.118, 19.628, 19.428, 19.236, 19.297, 19.415, 19.393, 19.732, 19.986, 20.081, 20.321, 20.708, 20.269, 20.102, 20.367, 20.592, 21.221, 21.375, 21.048, 20.327, 21.187, 22.855, 24.117, 24.436, 25.363], [19.607, 19.555, 20.137, 21.748, 21.908, 20.591, 18.754, 17.211, 15.033, 13.37, 12.62, 11.02, 10.143, 9.45, 7.818, 4.712, 3.303, 2.172, 0.0, 2.341, 4.21, 5.284, 5.457, 5.656, 7.579, 9.831, 12.174, 15.383, 17.788, 18.416, 18.641, 18.434, 18.703, 19.19, 19.398, 20.061, 21.245, 21.808, 21.395, 20.552, 20.303, 19.266, 18.239, 18.173, 18.058, 18.618, 18.535, 18.439, 18.816, 19.286, 20.138, 20.36, 20.348, 20.214, 20.389, 21.416, 22.575, 22.993, 23.051, 22.479, 21.314, 20.384, 19.925, 19.735, 19.553, 19.613, 19.714, 19.69, 20.022, 20.264, 20.351, 20.584, 20.963, 20.527, 20.307, 20.534, 20.752, 21.374, 21.529, 21.215, 20.54, 21.389, 22.961, 24.141, 24.446, 25.357], [19.55, 19.51, 20.078, 21.678, 21.848, 20.54, 18.704, 17.177, 15.055, 13.381, 12.638, 11.089, 10.215, 9.549, 8.002, 5.435, 4.417, 3.757, 2.341, 0.0, 2.396, 3.857, 4.139, 4.529, 6.829, 9.307, 11.795, 15.202, 17.729, 18.39, 18.639, 18.435, 18.714, 19.22, 19.433, 20.134, 21.388, 21.963, 21.547, 20.709, 20.454, 19.384, 18.273, 18.169, 18.052, 18.612, 18.522, 18.4, 18.774, 19.222, 20.085, 20.304, 20.287, 20.183, 20.394, 21.444, 22.613, 23.037, 23.094, 22.52, 21.362, 20.406, 19.931, 19.764, 19.566, 19.629, 19.73, 19.685, 20.015, 20.265, 20.344, 20.59, 20.977, 20.545, 20.346, 20.58, 20.795, 21.415, 21.563, 21.246, 20.555, 21.418, 23.027, 24.2, 24.511, 25.429], [19.608, 19.613, 20.244, 21.892, 22.079, 20.759, 18.91, 17.358, 15.263, 13.592, 12.84, 11.33, 10.393, 9.705, 8.259, 6.172, 5.422, 5.016, 4.21, 2.396, 0.0, 1.95, 2.527, 3.212, 5.995, 8.676, 11.284, 14.876, 17.539, 18.221, 18.462, 18.267, 18.555, 19.058, 19.271, 19.99, 21.295, 21.87, 21.422, 20.564, 20.311, 19.208, 17.998, 17.847, 17.761, 18.346, 18.274, 18.143, 18.514, 18.939, 19.816, 20.022, 19.949, 19.846, 20.115, 21.219, 22.41, 22.833, 22.888, 22.313, 21.147, 20.164, 19.687, 19.54, 19.321, 19.388, 19.497, 19.434, 19.763, 20.023, 20.1, 20.345, 20.735, 20.288, 20.098, 20.375, 20.616, 21.246, 21.389, 21.066, 20.366, 21.286, 22.983, 24.18, 24.514, 25.459], [19.875, 19.921, 20.607, 22.234, 22.361, 20.984, 19.096, 17.52, 15.407, 13.719, 12.976, 11.524, 10.651, 10.003, 8.741, 6.963, 6.321, 5.945, 5.284, 3.857, 1.95, 0.0, 1.014, 2.251, 5.167, 7.843, 10.507, 14.208, 16.931, 17.628, 17.877, 17.7, 17.991, 18.495, 18.725, 19.456, 20.788, 21.395, 20.959, 20.095, 19.865, 18.776, 17.565, 17.413, 17.33, 17.939, 17.886, 17.776, 18.149, 18.587, 19.498, 19.727, 19.672, 19.61, 19.969, 21.145, 22.336, 22.749, 22.799, 22.221, 21.06, 20.091, 19.644, 19.51, 19.293, 19.362, 19.476, 19.41, 19.733, 19.986, 20.057, 20.292, 20.683, 20.224, 19.99, 20.268, 20.53, 21.17, 21.314, 20.991, 20.319, 21.282, 22.99, 24.16, 24.497, 25.448], [20.005, 20.045, 20.735, 22.351, 22.46, 21.074, 19.185, 17.612, 15.499, 13.8, 13.044, 11.568, 10.726, 10.109, 8.869, 7.146, 6.505, 6.101, 5.457, 4.139, 2.527, 1.014, 0.0, 2.069, 5.088, 7.726, 10.402, 14.139, 16.877, 17.582, 17.833, 17.657, 17.959, 18.46, 18.687, 19.431, 20.773, 21.384, 20.955, 20.101, 19.886, 18.811, 17.623, 17.482, 17.398, 18.012, 17.955, 17.847, 18.22, 18.657, 19.564, 19.792, 19.734, 19.665, 20.02, 21.192, 22.383, 22.795, 22.844, 22.269, 21.117, 20.158, 19.714, 19.577, 19.367, 19.435, 19.554, 19.494, 19.818, 20.07, 20.14, 20.37, 20.756, 20.301, 20.063, 20.335, 20.596, 21.235, 21.38, 21.057, 20.383, 21.34, 23.041, 24.204, 24.537, 25.482], [19.941, 19.957, 20.58, 22.118, 22.191, 20.83, 18.98, 17.437, 15.305, 13.616, 12.914, 11.439, 10.606, 10.021, 8.821, 7.148, 6.622, 6.245, 5.656, 4.529, 3.212, 2.251, 2.069, 0.0, 3.559, 6.741, 9.754, 13.593, 16.309, 17.046, 17.379, 17.213, 17.471, 18.009, 18.291, 19.058, 20.398, 21.053, 20.667, 19.79, 19.528, 18.465, 17.348, 17.22, 17.088, 17.723, 17.687, 17.598, 17.976, 18.428, 19.37, 19.65, 19.658, 19.676, 20.113, 21.295, 22.448, 22.866, 22.92, 22.347, 21.216, 20.278, 19.835, 19.688, 19.493, 19.549, 19.653, 19.604, 19.925, 20.169, 20.249, 20.494, 20.897, 20.436, 20.131, 20.352, 20.586, 21.202, 21.335, 21.016, 20.367, 21.322, 22.945, 24.056, 24.371, 25.301], [20.314, 20.243, 20.661, 21.899, 21.776, 20.398, 18.624, 17.168, 15.083, 13.493, 12.906, 11.635, 11.037, 10.605, 9.701, 8.548, 8.39, 8.118, 7.579, 6.829, 5.995, 5.167, 5.088, 3.559, 0.0, 3.875, 7.757, 12.063, 14.775, 15.526, 16.04, 15.944, 16.146, 16.788, 17.234, 18.078, 19.475, 20.25, 20.008, 19.175, 18.871, 17.887, 16.9, 16.753, 16.56, 17.182, 17.179, 17.149, 17.53, 17.976, 18.973, 19.396, 19.584, 19.84, 20.539, 21.788, 22.832, 23.219, 23.278, 22.748, 21.704, 20.853, 20.469, 20.332, 20.164, 20.2, 20.27, 20.23, 20.507, 20.694, 20.773, 21.024, 21.443, 20.995, 20.578, 20.703, 20.896, 21.463, 21.586, 21.285, 20.75, 21.702, 23.149, 24.118, 24.39, 25.284], [21.116, 20.993, 21.32, 22.345, 21.96, 20.386, 18.583, 17.157, 15.163, 13.707, 13.141, 12.044, 11.631, 11.383, 10.934, 10.436, 10.538, 10.304, 9.831, 9.307, 8.676, 7.843, 7.726, 6.741, 3.875, 0.0, 4.717, 9.811, 12.779, 13.576, 14.24, 14.258, 14.521, 15.286, 15.861, 16.737, 18.218, 19.125, 19.08, 18.43, 18.206, 17.312, 16.366, 16.187, 15.994, 16.571, 16.591, 16.59, 16.949, 17.361, 18.433, 19.033, 19.386, 19.813, 20.732, 22.098, 23.094, 23.453, 23.503, 23.026, 22.102, 21.372, 21.076, 20.952, 20.79, 20.813, 20.872, 20.823, 21.03, 21.166, 21.242, 21.456, 21.857, 21.423, 20.937, 20.998, 21.197, 21.754, 21.902, 21.628, 21.216, 22.211, 23.568, 24.442, 24.684, 25.567], [22.321, 22.21, 22.542, 23.473, 22.904, 21.068, 19.142, 17.67, 15.809, 14.579, 14.017, 13.054, 12.706, 12.614, 12.654, 12.617, 12.844, 12.603, 12.174, 11.795, 11.284, 10.507, 10.402, 9.754, 7.757, 4.717, 0.0, 5.908, 9.508, 10.578, 11.466, 11.586, 11.993, 12.967, 13.678, 14.501, 16.046, 17.095, 17.322, 17.017, 17.012, 16.277, 15.347, 15.171, 15.046, 15.581, 15.697, 15.728, 16.037, 16.401, 17.548, 18.359, 18.89, 19.408, 20.442, 21.939, 22.929, 23.26, 23.282, 22.852, 22.162, 21.714, 21.586, 21.466, 21.298, 21.322, 21.378, 21.323, 21.44, 21.518, 21.583, 21.687, 22.004, 21.596, 21.001, 20.939, 21.151, 21.71, 21.901, 21.667, 21.412, 22.507, 23.833, 24.664, 24.882, 25.773], [24.071, 23.984, 24.292, 25.063, 24.345, 22.388, 20.491, 19.07, 17.424, 16.569, 16.206, 15.611, 15.45, 15.505, 15.861, 15.842, 16.032, 15.798, 15.383, 15.202, 14.876, 14.208, 14.139, 13.593, 12.063, 9.811, 5.908, 0.0, 4.395, 6.236, 7.63, 7.85, 8.315, 9.589, 10.598, 11.323, 12.831, 14.123, 14.747, 14.865, 15.056, 14.691, 14.073, 14.063, 14.097, 14.546, 14.925, 15.226, 15.517, 15.923, 17.107, 18.148, 18.972, 19.619, 20.642, 22.018, 22.851, 23.116, 23.092, 22.698, 22.326, 22.416, 22.589, 22.456, 22.298, 22.306, 22.314, 22.259, 22.272, 22.248, 22.295, 22.244, 22.458, 22.117, 21.316, 21.015, 21.174, 21.647, 21.842, 21.664, 21.707, 22.89, 24.115, 24.865, 25.026, 25.913], [25.425, 25.314, 25.506, 26.043, 25.186, 23.248, 21.532, 20.29, 18.844, 18.258, 18.125, 17.881, 17.943, 18.097, 18.489, 18.335, 18.457, 18.228, 17.788, 17.729, 17.539, 16.931, 16.877, 16.309, 14.775, 12.779, 9.508, 4.395, 0.0, 2.933, 5.364, 5.688, 6.048, 7.57, 8.881, 9.559, 10.967, 12.507, 13.45, 13.779, 14.007, 14.037, 13.891, 14.059, 14.135, 14.501, 15.103, 15.702, 16.011, 16.512, 17.718, 18.879, 19.954, 20.759, 21.77, 22.934, 23.558, 23.762, 23.705, 23.32, 23.096, 23.478, 23.856, 23.727, 23.594, 23.591, 23.531, 23.473, 23.434, 23.33, 23.35, 23.241, 23.427, 23.145, 22.238, 21.79, 21.879, 22.232, 22.379, 22.242, 22.523, 23.673, 24.648, 25.226, 25.315, 26.156], [25.782, 25.651, 25.816, 26.306, 25.422, 23.495, 21.812, 20.593, 19.186, 18.657, 18.595, 18.476, 18.601, 18.777, 19.131, 18.914, 19.006, 18.82, 18.416, 18.39, 18.221, 17.628, 17.582, 17.046, 15.526, 13.576, 10.578, 6.236, 2.933, 0.0, 3.137, 3.954, 4.58, 6.096, 7.475, 8.173, 9.754, 11.466, 12.482, 12.894, 13.281, 13.471, 13.378, 13.553, 13.649, 14.07, 14.796, 15.482, 15.82, 16.374, 17.588, 18.715, 19.815, 20.687, 21.757, 22.908, 23.482, 23.672, 23.592, 23.188, 22.979, 23.419, 23.864, 23.746, 23.621, 23.621, 23.536, 23.472, 23.422, 23.281, 23.284, 23.167, 23.357, 23.079, 22.146, 21.678, 21.755, 22.087, 22.213, 22.072, 22.432, 23.603, 24.519, 25.05, 25.117, 25.97], [25.809, 25.703, 25.938, 26.526, 25.712, 23.822, 22.121, 20.859, 19.415, 18.849, 18.779, 18.66, 18.764, 18.946, 19.306, 19.058, 19.118, 18.978, 18.641, 18.639, 18.462, 17.877, 17.833, 17.379, 16.04, 14.24, 11.466, 7.63, 5.364, 3.137, 0.0, 2.083, 3.617, 4.624, 5.725, 6.402, 8.273, 10.114, 11.169, 11.692, 12.328, 12.601, 12.493, 12.762, 12.951, 13.401, 14.143, 14.872, 15.242, 15.828, 17.002, 17.99, 18.997, 19.854, 20.962, 22.165, 22.77, 22.965, 22.846, 22.412, 22.238, 22.756, 23.236, 23.112, 23.005, 23.012, 22.932, 22.871, 22.827, 22.671, 22.664, 22.53, 22.709, 22.434, 21.493, 21.006, 21.076, 21.406, 21.524, 21.376, 21.792, 23.032, 23.977, 24.533, 24.607, 25.497], [25.546, 25.447, 25.679, 26.302, 25.549, 23.711, 22.033, 20.78, 19.325, 18.757, 18.697, 18.581, 18.68, 18.851, 19.181, 18.869, 18.902, 18.771, 18.434, 18.435, 18.267, 17.7, 17.657, 17.213, 15.944, 14.258, 11.586, 7.85, 5.688, 3.954, 2.083, 0.0, 2.411, 4.07, 5.324, 6.147, 8.143, 9.94, 10.823, 11.243, 11.89, 12.166, 12.072, 12.395, 12.604, 13.051, 13.782, 14.549, 14.967, 15.619, 16.83, 17.789, 18.778, 19.619, 20.688, 21.872, 22.502, 22.707, 22.569, 22.127, 21.956, 22.468, 22.947, 22.815, 22.713, 22.74, 22.673, 22.621, 22.588, 22.435, 22.421, 22.276, 22.448, 22.176, 21.257, 20.79, 20.86, 21.173, 21.279, 21.123, 21.541, 22.791, 23.726, 24.276, 24.349, 25.257], [25.735, 25.615, 25.792, 26.359, 25.614, 23.822, 22.203, 21.012, 19.598, 19.07, 19.062, 18.985, 19.115, 19.273, 19.563, 19.209, 19.215, 19.064, 18.703, 18.714, 18.555, 17.991, 17.959, 17.471, 16.146, 14.521, 11.993, 8.315, 6.048, 4.58, 3.617, 2.411, 0.0, 2.868, 5.008, 6.18, 8.241, 10.092, 10.928, 11.162, 11.681, 11.996, 12.078, 12.494, 12.687, 13.146, 13.875, 14.681, 15.167, 15.931, 17.234, 18.25, 19.288, 20.181, 21.261, 22.394, 22.993, 23.191, 23.056, 22.621, 22.417, 22.881, 23.335, 23.199, 23.116, 23.15, 23.093, 23.054, 23.017, 22.857, 22.837, 22.704, 22.881, 22.614, 21.687, 21.229, 21.293, 21.565, 21.664, 21.509, 21.927, 23.144, 23.965, 24.433, 24.493, 25.378], [26.118, 25.996, 26.208, 26.805, 26.076, 24.314, 22.717, 21.529, 20.102, 19.54, 19.537, 19.476, 19.607, 19.761, 20.06, 19.701, 19.668, 19.524, 19.19, 19.22, 19.058, 18.495, 18.46, 18.009, 16.788, 15.286, 12.967, 9.589, 7.57, 6.096, 4.624, 4.07, 2.868, 0.0, 2.825, 4.671, 7.207, 9.227, 10.209, 10.582, 11.205, 11.64, 11.912, 12.495, 12.746, 13.213, 13.931, 14.747, 15.224, 16.017, 17.333, 18.294, 19.301, 20.202, 21.315, 22.429, 23.002, 23.182, 23.027, 22.601, 22.425, 22.942, 23.421, 23.272, 23.205, 23.24, 23.179, 23.159, 23.135, 22.962, 22.93, 22.785, 22.943, 22.69, 21.766, 21.302, 21.358, 21.592, 21.667, 21.52, 21.983, 23.206, 23.967, 24.401, 24.463, 25.345], [26.174, 26.097, 26.375, 27.036, 26.337, 24.592, 22.974, 21.764, 20.328, 19.705, 19.676, 19.58, 19.678, 19.832, 20.149, 19.841, 19.826, 19.7, 19.398, 19.433, 19.271, 18.725, 18.687, 18.291, 17.234, 15.861, 13.678, 10.598, 8.881, 7.475, 5.725, 5.324, 5.008, 2.825, 0.0, 2.802, 6.072, 8.274, 9.41, 10.04, 10.862, 11.299, 11.574, 12.281, 12.561, 13.083, 13.803, 14.59, 15.018, 15.705, 16.958, 17.844, 18.829, 19.709, 20.832, 21.972, 22.551, 22.722, 22.54, 22.117, 22.003, 22.598, 23.121, 22.953, 22.88, 22.921, 22.857, 22.863, 22.885, 22.73, 22.695, 22.539, 22.686, 22.435, 21.509, 21.027, 21.064, 21.278, 21.343, 21.203, 21.674, 22.921, 23.711, 24.166, 24.236, 25.134], [26.48, 26.467, 26.795, 27.46, 26.75, 25.002, 23.397, 22.197, 20.798, 20.207, 20.181, 20.084, 20.192, 20.366, 20.716, 20.466, 20.472, 20.336, 20.061, 20.134, 19.99, 19.456, 19.431, 19.058, 18.078, 16.737, 14.501, 11.323, 9.559, 8.173, 6.402, 6.147, 6.18, 4.671, 2.802, 0.0, 3.798, 6.493, 8.101, 9.159, 10.231, 10.86, 11.233, 11.981, 12.29, 12.826, 13.601, 14.429, 14.824, 15.417, 16.608, 17.534, 18.584, 19.474, 20.606, 21.793, 22.375, 22.539, 22.333, 21.908, 21.877, 22.59, 23.174, 23.011, 22.924, 22.965, 22.903, 22.921, 22.949, 22.838, 22.844, 22.674, 22.802, 22.558, 21.599, 21.078, 21.107, 21.309, 21.385, 21.264, 21.796, 23.044, 23.85, 24.32, 24.38, 25.268], [27.088, 27.131, 27.487, 28.115, 27.397, 25.723, 24.25, 23.184, 21.88, 21.351, 21.373, 21.274, 21.416, 21.609, 21.971, 21.705, 21.677, 21.518, 21.245, 21.388, 21.295, 20.788, 20.773, 20.398, 19.475, 18.218, 16.046, 12.831, 10.967, 9.754, 8.273, 8.143, 8.241, 7.207, 6.072, 3.798, 0.0, 3.595, 6.24, 7.896, 9.206, 10.245, 11.2, 12.235, 12.561, 13.11, 13.925, 14.798, 15.166, 15.777, 16.923, 17.9, 19.052, 19.94, 20.989, 22.096, 22.634, 22.79, 22.592, 22.217, 22.296, 23.142, 23.784, 23.631, 23.562, 23.585, 23.522, 23.59, 23.617, 23.517, 23.574, 23.403, 23.503, 23.29, 22.309, 21.743, 21.761, 21.923, 21.989, 21.899, 22.504, 23.716, 24.425, 24.833, 24.851, 25.691], [27.212, 27.277, 27.672, 28.319, 27.65, 26.069, 24.735, 23.808, 22.609, 22.09, 22.123, 22.028, 22.128, 22.286, 22.588, 22.262, 22.193, 22.056, 21.808, 21.963, 21.87, 21.395, 21.384, 21.053, 20.25, 19.125, 17.095, 14.123, 12.507, 11.466, 10.114, 9.94, 10.092, 9.227, 8.274, 6.493, 3.595, 0.0, 3.697, 6.415, 8.219, 9.732, 11.162, 12.488, 12.94, 13.495, 14.324, 15.085, 15.43, 16.054, 17.126, 17.981, 19.035, 19.875, 20.831, 21.78, 22.237, 22.385, 22.194, 21.87, 22.031, 22.988, 23.687, 23.536, 23.484, 23.52, 23.471, 23.594, 23.641, 23.536, 23.61, 23.421, 23.465, 23.288, 22.348, 21.795, 21.822, 21.936, 21.941, 21.844, 22.484, 23.754, 24.528, 24.964, 24.997, 25.867], [26.588, 26.682, 27.159, 27.922, 27.369, 25.859, 24.564, 23.676, 22.517, 21.988, 22.045, 21.982, 22.011, 22.079, 22.264, 21.826, 21.703, 21.608, 21.395, 21.547, 21.422, 20.959, 20.955, 20.667, 20.008, 19.08, 17.322, 14.747, 13.45, 12.482, 11.169, 10.823, 10.928, 10.209, 9.41, 8.101, 6.24, 3.697, 0.0, 3.825, 6.604, 8.575, 10.098, 11.571, 12.162, 12.785, 13.695, 14.401, 14.777, 15.477, 16.544, 17.256, 18.173, 18.968, 19.864, 20.663, 21.045, 21.205, 21.006, 20.688, 20.836, 21.803, 22.54, 22.396, 22.363, 22.454, 22.432, 22.573, 22.646, 22.534, 22.596, 22.4, 22.447, 22.27, 21.36, 20.89, 20.966, 21.075, 21.017, 20.895, 21.562, 22.952, 23.902, 24.444, 24.522, 25.467], [25.726, 25.894, 26.439, 27.302, 26.838, 25.376, 24.073, 23.174, 21.945, 21.346, 21.46, 21.409, 21.417, 21.435, 21.522, 20.985, 20.825, 20.758, 20.552, 20.709, 20.564, 20.095, 20.101, 19.79, 19.175, 18.43, 17.017, 14.865, 13.779, 12.894, 11.692, 11.243, 11.162, 10.582, 10.04, 9.159, 7.896, 6.415, 3.825, 0.0, 3.787, 6.306, 8.299, 10.168, 10.818, 11.69, 12.73, 13.531, 14.059, 14.96, 16.097, 16.76, 17.672, 18.504, 19.396, 20.159, 20.531, 20.719, 20.551, 20.216, 20.203, 20.949, 21.568, 21.403, 21.366, 21.465, 21.45, 21.593, 21.694, 21.575, 21.612, 21.468, 21.614, 21.425, 20.501, 20.105, 20.236, 20.391, 20.316, 20.162, 20.776, 22.198, 23.125, 23.629, 23.709, 24.681], [25.263, 25.483, 26.031, 26.899, 26.445, 24.996, 23.756, 22.935, 21.672, 21.041, 21.192, 21.19, 21.249, 21.266, 21.339, 20.767, 20.583, 20.523, 20.303, 20.454, 20.311, 19.865, 19.886, 19.528, 18.871, 18.206, 17.012, 15.056, 14.007, 13.281, 12.328, 11.89, 11.681, 11.205, 10.862, 10.231, 9.206, 8.219, 6.604, 3.787, 0.0, 3.671, 7.143, 9.518, 10.229, 11.184, 12.287, 13.244, 13.921, 15.009, 16.22, 16.922, 17.902, 18.778, 19.664, 20.464, 20.883, 21.085, 20.977, 20.651, 20.523, 21.097, 21.568, 21.362, 21.3, 21.368, 21.342, 21.482, 21.614, 21.514, 21.539, 21.46, 21.668, 21.468, 20.547, 20.152, 20.252, 20.4, 20.3, 20.112, 20.659, 22.013, 22.784, 23.173, 23.236, 24.194], [24.346, 24.596, 25.219, 26.251, 25.886, 24.421, 23.115, 22.283, 20.954, 20.185, 20.275, 20.207, 20.252, 20.252, 20.299, 19.717, 19.528, 19.482, 19.266, 19.384, 19.208, 18.776, 18.811, 18.465, 17.887, 17.312, 16.277, 14.691, 14.037, 13.471, 12.601, 12.166, 11.996, 11.64, 11.299, 10.86, 10.245, 9.732, 8.575, 6.306, 3.671, 0.0, 4.765, 7.843, 8.683, 9.952, 11.074, 12.095, 12.909, 14.123, 15.501, 16.224, 17.194, 18.065, 18.992, 19.961, 20.571, 20.826, 20.742, 20.357, 20.057, 20.432, 20.771, 20.52, 20.441, 20.516, 20.505, 20.645, 20.854, 20.827, 20.863, 20.829, 21.108, 20.843, 19.93, 19.623, 19.768, 19.998, 19.931, 19.718, 20.101, 21.442, 22.241, 22.651, 22.734, 23.711], [23.43, 23.663, 24.389, 25.628, 25.37, 23.876, 22.422, 21.431, 20.102, 19.321, 19.317, 19.218, 19.18, 19.126, 19.091, 18.538, 18.409, 18.388, 18.239, 18.273, 17.998, 17.565, 17.623, 17.348, 16.9, 16.366, 15.347, 14.073, 13.891, 13.378, 12.493, 12.072, 12.078, 11.912, 11.574, 11.233, 11.2, 11.162, 10.098, 8.299, 7.143, 4.765, 0.0, 3.847, 5.459, 7.425, 8.979, 10.084, 11.104, 12.367, 13.912, 14.655, 15.499, 16.323, 17.354, 18.499, 19.299, 19.614, 19.517, 19.06, 18.682, 19.003, 19.338, 19.114, 18.977, 19.117, 19.17, 19.238, 19.466, 19.519, 19.565, 19.503, 19.808, 19.521, 18.741, 18.611, 18.909, 19.315, 19.32, 19.079, 19.341, 20.744, 21.948, 22.639, 22.778, 23.809], [23.076, 23.274, 24.017, 25.292, 25.057, 23.526, 22.004, 20.952, 19.731, 19.106, 19.098, 19.067, 19.026, 18.955, 18.893, 18.369, 18.292, 18.28, 18.173, 18.169, 17.847, 17.413, 17.482, 17.22, 16.753, 16.187, 15.171, 14.063, 14.059, 13.553, 12.762, 12.395, 12.494, 12.495, 12.281, 11.981, 12.235, 12.488, 11.571, 10.168, 9.518, 7.843, 3.847, 0.0, 2.754, 5.271, 7.405, 8.657, 9.833, 11.247, 12.944, 13.767, 14.628, 15.584, 16.807, 18.107, 19.0, 19.343, 19.27, 18.84, 18.445, 18.735, 19.077, 18.908, 18.74, 18.895, 18.955, 18.952, 19.156, 19.227, 19.268, 19.199, 19.525, 19.216, 18.49, 18.433, 18.806, 19.325, 19.372, 19.149, 19.422, 20.784, 22.099, 22.887, 23.042, 24.068], [22.864, 23.064, 23.785, 25.04, 24.797, 23.248, 21.696, 20.672, 19.473, 18.85, 18.892, 18.891, 18.906, 18.876, 18.834, 18.309, 18.233, 18.212, 18.058, 18.052, 17.761, 17.33, 17.398, 17.088, 16.56, 15.994, 15.046, 14.097, 14.135, 13.649, 12.951, 12.604, 12.687, 12.746, 12.561, 12.29, 12.561, 12.94, 12.162, 10.818, 10.229, 8.683, 5.459, 2.754, 0.0, 3.699, 6.155, 7.411, 8.707, 10.409, 12.323, 13.25, 14.354, 15.526, 16.887, 18.331, 19.275, 19.629, 19.579, 19.176, 18.747, 18.941, 19.235, 19.064, 18.95, 19.086, 19.111, 19.143, 19.395, 19.475, 19.512, 19.471, 19.836, 19.47, 18.615, 18.496, 18.854, 19.408, 19.493, 19.322, 19.628, 20.952, 22.062, 22.716, 22.844, 23.833], [22.699, 22.889, 23.588, 24.819, 24.557, 22.926, 21.353, 20.335, 19.226, 18.761, 18.885, 19.179, 19.313, 19.297, 19.342, 18.87, 18.792, 18.775, 18.618, 18.612, 18.346, 17.939, 18.012, 17.723, 17.182, 16.571, 15.581, 14.546, 14.501, 14.07, 13.401, 13.051, 13.146, 13.213, 13.083, 12.826, 13.11, 13.495, 12.785, 11.69, 11.184, 9.952, 7.425, 5.271, 3.699, 0.0, 3.333, 5.308, 6.804, 9.095, 11.4, 12.485, 13.818, 15.216, 16.757, 18.33, 19.301, 19.648, 19.612, 19.238, 18.819, 19.074, 19.435, 19.274, 19.192, 19.339, 19.336, 19.367, 19.614, 19.706, 19.747, 19.689, 20.064, 19.735, 18.85, 18.646, 18.955, 19.45, 19.495, 19.392, 19.796, 21.002, 21.926, 22.507, 22.622, 23.571], [22.341, 22.558, 23.289, 24.561, 24.291, 22.578, 20.945, 19.9, 18.758, 18.306, 18.446, 18.846, 19.086, 19.078, 19.162, 18.78, 18.719, 18.696, 18.535, 18.522, 18.274, 17.886, 17.955, 17.687, 17.179, 16.591, 15.697, 14.925, 15.103, 14.796, 14.143, 13.782, 13.875, 13.931, 13.803, 13.601, 13.925, 14.324, 13.695, 12.73, 12.287, 11.074, 8.979, 7.405, 6.155, 3.333, 0.0, 3.183, 5.069, 7.761, 10.463, 11.689, 13.174, 14.747, 16.53, 18.323, 19.395, 19.754, 19.705, 19.308, 18.85, 19.05, 19.378, 19.223, 19.165, 19.332, 19.349, 19.404, 19.681, 19.814, 19.881, 19.853, 20.23, 19.91, 19.051, 18.814, 19.073, 19.542, 19.576, 19.526, 19.963, 21.096, 21.914, 22.467, 22.586, 23.495], [22.305, 22.537, 23.284, 24.584, 24.354, 22.665, 21.022, 19.975, 18.819, 18.297, 18.417, 18.796, 18.974, 18.973, 19.053, 18.678, 18.619, 18.596, 18.439, 18.4, 18.143, 17.776, 17.847, 17.598, 17.149, 16.59, 15.728, 15.226, 15.702, 15.482, 14.872, 14.549, 14.681, 14.747, 14.59, 14.429, 14.798, 15.085, 14.401, 13.531, 13.244, 12.095, 10.084, 8.657, 7.411, 5.308, 3.183, 0.0, 2.781, 6.303, 9.425, 10.675, 12.149, 13.871, 15.872, 17.879, 19.069, 19.443, 19.408, 19.012, 18.579, 18.776, 19.106, 18.959, 18.906, 19.111, 19.189, 19.316, 19.63, 19.788, 19.865, 19.833, 20.178, 19.82, 18.942, 18.716, 19.001, 19.482, 19.5, 19.468, 19.959, 21.241, 22.192, 22.785, 22.929, 23.843], [22.452, 22.697, 23.442, 24.726, 24.502, 22.819, 21.177, 20.132, 18.983, 18.476, 18.61, 19.046, 19.208, 19.217, 19.385, 19.072, 19.016, 18.984, 18.816, 18.774, 18.514, 18.149, 18.22, 17.976, 17.53, 16.949, 16.037, 15.517, 16.011, 15.82, 15.242, 14.967, 15.167, 15.224, 15.018, 14.824, 15.166, 15.43, 14.777, 14.059, 13.921, 12.909, 11.104, 9.833, 8.707, 6.804, 5.069, 2.781, 0.0, 4.469, 8.051, 9.427, 11.087, 12.984, 15.193, 17.4, 18.657, 19.025, 18.998, 18.65, 18.333, 18.651, 19.065, 18.931, 18.884, 19.116, 19.199, 19.344, 19.65, 19.801, 19.909, 19.879, 20.198, 19.804, 18.88, 18.644, 18.914, 19.385, 19.404, 19.389, 19.923, 21.273, 22.301, 22.934, 23.108, 24.024], [22.553, 22.82, 23.576, 24.823, 24.525, 22.786, 21.098, 20.013, 18.87, 18.382, 18.481, 18.877, 19.046, 19.094, 19.39, 19.372, 19.467, 19.421, 19.286, 19.222, 18.939, 18.587, 18.657, 18.428, 17.976, 17.361, 16.401, 15.923, 16.512, 16.374, 15.828, 15.619, 15.931, 16.017, 15.705, 15.417, 15.777, 16.054, 15.477, 14.96, 15.009, 14.123, 12.367, 11.247, 10.409, 9.095, 7.761, 6.303, 4.469, 0.0, 4.198, 6.362, 8.56, 10.827, 13.632, 16.285, 17.665, 18.024, 18.003, 17.779, 17.723, 18.236, 18.703, 18.573, 18.521, 18.738, 18.863, 19.011, 19.285, 19.448, 19.637, 19.619, 19.888, 19.474, 18.53, 18.219, 18.417, 18.885, 19.005, 18.985, 19.512, 20.932, 22.168, 23.059, 23.366, 24.323], [23.12, 23.417, 24.164, 25.367, 25.061, 23.371, 21.728, 20.657, 19.566, 19.121, 19.192, 19.498, 19.624, 19.69, 20.019, 20.096, 20.267, 20.239, 20.138, 20.085, 19.816, 19.498, 19.564, 19.37, 18.973, 18.433, 17.548, 17.107, 17.718, 17.588, 17.002, 16.83, 17.234, 17.333, 16.958, 16.608, 16.923, 17.126, 16.544, 16.097, 16.22, 15.501, 13.912, 12.944, 12.323, 11.4, 10.463, 9.425, 8.051, 4.198, 0.0, 3.409, 6.468, 9.109, 12.452, 15.509, 17.0, 17.378, 17.446, 17.414, 17.613, 18.319, 18.819, 18.671, 18.624, 18.782, 18.93, 19.071, 19.28, 19.407, 19.621, 19.565, 19.767, 19.368, 18.39, 17.975, 18.111, 18.581, 18.801, 18.759, 19.279, 20.759, 22.138, 23.246, 23.705, 24.707], [23.347, 23.662, 24.433, 25.715, 25.543, 24.001, 22.434, 21.361, 20.23, 19.711, 19.737, 19.979, 20.025, 20.06, 20.306, 20.265, 20.382, 20.411, 20.36, 20.304, 20.022, 19.727, 19.792, 19.65, 19.396, 19.033, 18.359, 18.148, 18.879, 18.715, 17.99, 17.789, 18.25, 18.294, 17.844, 17.534, 17.9, 17.981, 17.256, 16.76, 16.922, 16.224, 14.655, 13.767, 13.25, 12.485, 11.689, 10.675, 9.427, 6.362, 3.409, 0.0, 3.788, 7.145, 11.036, 14.419, 16.073, 16.491, 16.624, 16.693, 16.967, 17.742, 18.267, 18.105, 18.067, 18.229, 18.403, 18.565, 18.802, 18.935, 19.138, 19.03, 19.168, 18.778, 17.845, 17.418, 17.529, 18.0, 18.236, 18.159, 18.684, 20.273, 21.781, 22.99, 23.536, 24.586], [23.48, 23.786, 24.627, 26.053, 26.024, 24.61, 23.08, 21.944, 20.757, 20.138, 20.039, 20.13, 20.029, 20.01, 20.179, 20.103, 20.192, 20.276, 20.348, 20.287, 19.949, 19.672, 19.734, 19.658, 19.584, 19.386, 18.89, 18.972, 19.954, 19.815, 18.997, 18.778, 19.288, 19.301, 18.829, 18.584, 19.052, 19.035, 18.173, 17.672, 17.902, 17.194, 15.499, 14.628, 14.354, 13.818, 13.174, 12.149, 11.087, 8.56, 6.468, 3.788, 0.0, 4.248, 8.942, 12.765, 14.684, 15.152, 15.312, 15.427, 15.768, 16.602, 17.11, 16.956, 16.912, 17.116, 17.407, 17.592, 17.831, 18.013, 18.247, 18.082, 18.131, 17.774, 17.075, 16.745, 16.868, 17.368, 17.623, 17.505, 17.971, 19.706, 21.566, 23.002, 23.603, 24.693], [23.524, 23.822, 24.706, 26.234, 26.316, 24.996, 23.483, 22.296, 21.097, 20.432, 20.205, 20.08, 19.836, 19.777, 19.918, 19.852, 19.943, 20.051, 20.214, 20.183, 19.846, 19.61, 19.665, 19.676, 19.84, 19.813, 19.408, 19.619, 20.759, 20.687, 19.854, 19.619, 20.181, 20.202, 19.709, 19.474, 19.94, 19.875, 18.968, 18.504, 18.778, 18.065, 16.323, 15.584, 15.526, 15.216, 14.747, 13.871, 12.984, 10.827, 9.109, 7.145, 4.248, 0.0, 5.365, 10.097, 12.591, 13.17, 13.372, 13.585, 14.208, 15.311, 15.866, 15.719, 15.66, 15.92, 16.367, 16.552, 16.752, 16.99, 17.287, 17.046, 16.979, 16.677, 16.266, 16.059, 16.224, 16.815, 17.188, 17.047, 17.359, 19.173, 21.496, 23.251, 23.897, 25.028], [23.735, 24.02, 24.892, 26.461, 26.659, 25.482, 24.052, 22.889, 21.731, 21.073, 20.783, 20.488, 20.129, 20.029, 20.122, 20.001, 20.053, 20.182, 20.389, 20.394, 20.115, 19.969, 20.02, 20.113, 20.539, 20.732, 20.442, 20.642, 21.77, 21.757, 20.962, 20.688, 21.261, 21.315, 20.832, 20.606, 20.989, 20.831, 19.864, 19.396, 19.664, 18.992, 17.354, 16.807, 16.887, 16.757, 16.53, 15.872, 15.193, 13.632, 12.452, 11.036, 8.942, 5.365, 0.0, 5.995, 9.574, 10.412, 10.752, 11.294, 12.446, 14.006, 14.682, 14.515, 14.447, 14.786, 15.354, 15.545, 15.735, 16.041, 16.395, 16.071, 15.911, 15.673, 15.505, 15.41, 15.644, 16.323, 16.791, 16.651, 16.837, 18.652, 21.344, 23.377, 24.053, 25.221], [24.472, 24.694, 25.489, 26.947, 27.148, 26.165, 24.966, 23.976, 22.977, 22.428, 22.202, 21.903, 21.5, 21.339, 21.321, 21.089, 21.068, 21.201, 21.416, 21.444, 21.219, 21.145, 21.192, 21.295, 21.788, 22.098, 21.939, 22.018, 22.934, 22.908, 22.165, 21.872, 22.394, 22.429, 21.972, 21.793, 22.096, 21.78, 20.663, 20.159, 20.464, 19.961, 18.499, 18.107, 18.331, 18.33, 18.323, 17.879, 17.4, 16.285, 15.509, 14.419, 12.765, 10.097, 5.995, 0.0, 4.623, 6.043, 6.727, 8.286, 10.41, 12.776, 13.783, 13.59, 13.541, 13.932, 14.504, 14.748, 14.933, 15.214, 15.577, 15.095, 14.796, 14.701, 14.832, 14.923, 15.253, 15.881, 16.274, 16.177, 16.548, 18.503, 21.45, 23.666, 24.361, 25.539], [25.357, 25.513, 26.201, 27.474, 27.581, 26.677, 25.67, 24.853, 24.002, 23.577, 23.444, 23.2, 22.804, 22.627, 22.573, 22.321, 22.276, 22.386, 22.575, 22.613, 22.41, 22.336, 22.383, 22.448, 22.832, 23.094, 22.929, 22.851, 23.558, 23.482, 22.77, 22.502, 22.993, 23.002, 22.551, 22.375, 22.634, 22.237, 21.045, 20.531, 20.883, 20.571, 19.299, 19.0, 19.275, 19.301, 19.395, 19.069, 18.657, 17.665, 17.0, 16.073, 14.684, 12.591, 9.574, 4.623, 0.0, 2.244, 4.087, 6.974, 9.845, 12.741, 14.079, 13.913, 13.873, 14.261, 14.76, 15.123, 15.365, 15.556, 15.869, 15.294, 14.903, 14.929, 15.11, 15.167, 15.448, 15.93, 16.218, 16.192, 16.847, 18.995, 22.001, 24.235, 24.931, 26.088], [25.783, 25.922, 26.581, 27.799, 27.866, 26.958, 25.986, 25.202, 24.386, 23.993, 23.872, 23.625, 23.227, 23.062, 23.021, 22.77, 22.713, 22.815, 22.993, 23.037, 22.833, 22.749, 22.795, 22.866, 23.219, 23.453, 23.26, 23.116, 23.762, 23.672, 22.965, 22.707, 23.191, 23.182, 22.722, 22.539, 22.79, 22.385, 21.205, 20.719, 21.085, 20.826, 19.614, 19.343, 19.629, 19.648, 19.754, 19.443, 19.025, 18.024, 17.378, 16.491, 15.152, 13.17, 10.412, 6.043, 2.244, 0.0, 3.033, 6.585, 9.761, 12.856, 14.338, 14.196, 14.166, 14.551, 15.021, 15.459, 15.77, 15.964, 16.251, 15.618, 15.166, 15.214, 15.341, 15.303, 15.505, 15.908, 16.189, 16.232, 17.077, 19.3, 22.304, 24.537, 25.226, 26.368], [25.891, 26.037, 26.694, 27.91, 27.994, 27.104, 26.133, 25.335, 24.505, 24.105, 23.985, 23.717, 23.301, 23.146, 23.098, 22.834, 22.77, 22.874, 23.051, 23.094, 22.888, 22.799, 22.844, 22.92, 23.278, 23.503, 23.282, 23.092, 23.705, 23.592, 22.846, 22.569, 23.056, 23.027, 22.54, 22.333, 22.592, 22.194, 21.006, 20.551, 20.977, 20.742, 19.517, 19.27, 19.579, 19.612, 19.705, 19.408, 18.998, 18.003, 17.446, 16.624, 15.312, 13.372, 10.752, 6.727, 4.087, 3.033, 0.0, 4.434, 8.524, 12.054, 13.708, 13.59, 13.621, 14.049, 14.56, 15.042, 15.387, 15.673, 15.997, 15.324, 14.867, 14.913, 15.038, 15.031, 15.246, 15.611, 15.899, 16.016, 17.041, 19.255, 22.245, 24.469, 25.128, 26.263], [25.538, 25.714, 26.42, 27.727, 27.865, 26.961, 25.927, 25.055, 24.13, 23.663, 23.531, 23.218, 22.757, 22.587, 22.524, 22.252, 22.185, 22.296, 22.479, 22.52, 22.313, 22.221, 22.269, 22.347, 22.748, 23.026, 22.852, 22.698, 23.32, 23.188, 22.412, 22.127, 22.621, 22.601, 22.117, 21.908, 22.217, 21.87, 20.688, 20.216, 20.651, 20.357, 19.06, 18.84, 19.176, 19.238, 19.308, 19.012, 18.65, 17.779, 17.414, 16.693, 15.427, 13.585, 11.294, 8.286, 6.974, 6.585, 4.434