[[0.0, 2.163, 4.202, 6.048, 7.102, 8.056, 9.03, 10.106, 11.263, 12.25, 12.962, 13.514, 14.096, 14.529, 14.781, 15.041, 15.188, 15.319, 15.724, 16.254, 16.838, 17.561, 17.85, 17.995, 18.138, 18.397, 18.913, 18.964, 18.91, 19.023, 18.983, 18.797, 18.743, 18.926, 19.021, 19.047, 19.201, 19.47, 19.979, 20.163, 20.056, 20.075, 19.95, 19.89, 20.184, 20.382, 20.439, 20.5, 20.589, 20.392, 20.168, 20.132, 20.506, 20.791, 20.75, 20.842, 20.962, 21.089, 20.866, 20.848, 20.934, 20.926, 20.744, 20.625, 20.741, 20.624, 20.385, 20.626, 20.717, 20.118, 19.254, 18.606, 18.638, 18.802, 18.791, 18.971, 19.11, 19.392, 19.064, 18.925, 19.311, 19.505, 19.522, 19.556, 19.763, 19.907], [2.163, 0.0, 2.59, 4.844, 6.045, 7.184, 8.316, 9.488, 10.686, 11.68, 12.384, 12.945, 13.543, 13.976, 14.222, 14.488, 14.638, 14.764, 15.181, 15.709, 16.31, 17.067, 17.378, 17.527, 17.679, 17.961, 18.517, 18.581, 18.532, 18.652, 18.609, 18.425, 18.391, 18.564, 18.64, 18.7, 18.89, 19.184, 19.72, 19.912, 19.799, 19.819, 19.696, 19.639, 19.937, 20.144, 20.203, 20.267, 20.359, 20.152, 19.92, 19.883, 20.262, 20.559, 20.519, 20.604, 20.725, 20.853, 20.622, 20.598, 20.679, 20.671, 20.483, 20.358, 20.479, 20.363, 20.114, 20.372, 20.479, 19.873, 18.994, 18.341, 18.372, 18.537, 18.521, 18.695, 18.83, 19.122, 18.789, 18.654, 19.061, 19.27, 19.296, 19.336, 19.547, 19.7], [4.202, 2.59, 0.0, 2.979, 4.597, 5.992, 7.338, 8.6, 9.849, 10.854, 11.541, 12.143, 12.796, 13.242, 13.463, 13.705, 13.842, 13.968, 14.369, 14.854, 15.477, 16.314, 16.675, 16.841, 17.017, 17.356, 17.992, 18.074, 18.027, 18.165, 18.122, 17.94, 17.915, 18.049, 18.074, 18.148, 18.388, 18.726, 19.309, 19.513, 19.388, 19.42, 19.3, 19.248, 19.561, 19.773, 19.836, 19.905, 20.004, 19.786, 19.548, 19.522, 19.941, 20.304, 20.307, 20.41, 20.554, 20.684, 20.434, 20.412, 20.5, 20.486, 20.283, 20.133, 20.256, 20.128, 19.866, 20.146, 20.262, 19.629, 18.707, 18.007, 18.02, 18.183, 18.17, 18.349, 18.478, 18.793, 18.448, 18.292, 18.703, 18.923, 18.944, 18.98, 19.194, 19.347], [6.048, 4.844, 2.979, 0.0, 2.521, 4.611, 6.296, 7.711, 9.081, 10.183, 10.881, 11.485, 12.145, 12.629, 12.859, 13.094, 13.235, 13.378, 13.772, 14.232, 14.853, 15.729, 16.133, 16.317, 16.515, 16.917, 17.652, 17.762, 17.704, 17.858, 17.812, 17.628, 17.613, 17.718, 17.722, 17.804, 18.079, 18.444, 19.049, 19.262, 19.12, 19.143, 19.01, 18.943, 19.258, 19.473, 19.55, 19.627, 19.725, 19.492, 19.254, 19.246, 19.718, 20.144, 20.189, 20.316, 20.491, 20.633, 20.375, 20.364, 20.469, 20.455, 20.229, 20.065, 20.211, 20.087, 19.816, 20.118, 20.238, 19.587, 18.621, 17.83, 17.778, 17.924, 17.907, 18.095, 18.242, 18.576, 18.21, 18.044, 18.452, 18.681, 18.7, 18.734, 18.948, 19.092], [7.102, 6.045, 4.597, 2.521, 0.0, 2.848, 4.961, 6.635, 8.275, 9.561, 10.344, 10.948, 11.565, 12.055, 12.332, 12.628, 12.807, 12.955, 13.363, 13.881, 14.588, 15.527, 15.952, 16.138, 16.339, 16.763, 17.521, 17.643, 17.593, 17.749, 17.695, 17.513, 17.504, 17.61, 17.623, 17.717, 18.008, 18.383, 18.984, 19.202, 19.07, 19.085, 18.938, 18.857, 19.168, 19.382, 19.457, 19.537, 19.629, 19.388, 19.141, 19.124, 19.603, 20.051, 20.107, 20.238, 20.419, 20.583, 20.352, 20.352, 20.465, 20.447, 20.21, 20.048, 20.204, 20.07, 19.795, 20.108, 20.232, 19.588, 18.633, 17.861, 17.837, 17.992, 17.972, 18.152, 18.298, 18.632, 18.24, 18.062, 18.475, 18.707, 18.727, 18.757, 18.973, 19.119], [8.056, 7.184, 5.992, 4.611, 2.848, 0.0, 2.771, 5.325, 7.393, 8.923, 9.864, 10.512, 11.127, 11.644, 12.027, 12.42, 12.638, 12.807, 13.24, 13.776, 14.53, 15.502, 15.926, 16.099, 16.309, 16.735, 17.483, 17.613, 17.571, 17.721, 17.67, 17.488, 17.475, 17.583, 17.613, 17.735, 18.04, 18.409, 19.013, 19.25, 19.14, 19.145, 18.979, 18.881, 19.18, 19.393, 19.469, 19.557, 19.646, 19.4, 19.153, 19.138, 19.625, 20.073, 20.114, 20.227, 20.405, 20.589, 20.386, 20.394, 20.51, 20.486, 20.236, 20.067, 20.213, 20.072, 19.812, 20.129, 20.249, 19.631, 18.726, 18.016, 18.028, 18.185, 18.155, 18.323, 18.451, 18.751, 18.357, 18.193, 18.607, 18.828, 18.84, 18.868, 19.088, 19.241], [9.03, 8.316, 7.338, 6.296, 4.961, 2.771, 0.0, 3.567, 6.428, 8.345, 9.464, 10.147, 10.774, 11.32, 11.748, 12.202, 12.444, 12.62, 13.094, 13.687, 14.521, 15.539, 15.971, 16.142, 16.348, 16.752, 17.478, 17.624, 17.603, 17.755, 17.711, 17.531, 17.515, 17.619, 17.669, 17.823, 18.122, 18.475, 19.067, 19.313, 19.234, 19.229, 19.033, 18.886, 19.15, 19.37, 19.458, 19.56, 19.653, 19.413, 19.174, 19.161, 19.635, 20.071, 20.119, 20.235, 20.406, 20.599, 20.414, 20.436, 20.572, 20.56, 20.307, 20.13, 20.267, 20.133, 19.884, 20.189, 20.299, 19.708, 18.854, 18.188, 18.22, 18.381, 18.345, 18.507, 18.64, 18.916, 18.535, 18.391, 18.798, 19.006, 19.022, 19.047, 19.252, 19.395], [10.106, 9.488, 8.6, 7.711, 6.635, 5.325, 3.567, 0.0, 4.058, 7.074, 8.6, 9.4, 10.118, 10.683, 11.033, 11.472, 11.749, 11.917, 12.427, 13.144, 14.186, 15.362, 15.858, 16.032, 16.221, 16.644, 17.394, 17.569, 17.601, 17.771, 17.748, 17.592, 17.573, 17.641, 17.672, 17.838, 18.128, 18.496, 19.122, 19.381, 19.322, 19.349, 19.161, 18.991, 19.232, 19.458, 19.554, 19.66, 19.757, 19.521, 19.285, 19.286, 19.775, 20.205, 20.245, 20.356, 20.531, 20.72, 20.527, 20.546, 20.677, 20.66, 20.403, 20.212, 20.334, 20.205, 19.956, 20.25, 20.349, 19.764, 18.933, 18.256, 18.261, 18.423, 18.4, 18.578, 18.738, 19.031, 18.668, 18.517, 18.897, 19.097, 19.121, 19.148, 19.336, 19.451], [11.263, 10.686, 9.849, 9.081, 8.275, 7.393, 6.428, 4.058, 0.0, 4.132, 6.542, 7.77, 8.749, 9.459, 10.002, 10.586, 10.898, 11.044, 11.566, 12.403, 13.688, 15.113, 15.724, 15.923, 16.121, 16.596, 17.397, 17.599, 17.685, 17.857, 17.859, 17.746, 17.713, 17.713, 17.693, 17.885, 18.213, 18.606, 19.253, 19.519, 19.456, 19.525, 19.406, 19.303, 19.559, 19.752, 19.818, 19.912, 20.017, 19.8, 19.579, 19.581, 20.08, 20.502, 20.491, 20.551, 20.716, 20.909, 20.722, 20.748, 20.849, 20.795, 20.532, 20.346, 20.46, 20.318, 20.072, 20.386, 20.485, 19.872, 19.021, 18.319, 18.286, 18.448, 18.446, 18.64, 18.777, 19.067, 18.725, 18.541, 18.895, 19.096, 19.11, 19.127, 19.325, 19.432], [12.25, 11.68, 10.854, 10.183, 9.561, 8.923, 8.345, 7.074, 4.132, 0.0, 3.301, 5.291, 6.745, 7.733, 8.633, 9.465, 9.746, 9.898, 10.485, 11.364, 12.795, 14.454, 15.174, 15.418, 15.655, 16.172, 17.031, 17.259, 17.378, 17.559, 17.561, 17.485, 17.457, 17.418, 17.345, 17.544, 17.896, 18.31, 18.978, 19.257, 19.207, 19.309, 19.214, 19.159, 19.463, 19.652, 19.706, 19.794, 19.897, 19.684, 19.47, 19.469, 19.979, 20.409, 20.385, 20.433, 20.596, 20.796, 20.604, 20.633, 20.718, 20.636, 20.355, 20.17, 20.305, 20.156, 19.908, 20.262, 20.378, 19.742, 18.856, 18.128, 18.09, 18.266, 18.272, 18.468, 18.555, 18.832, 18.499, 18.276, 18.608, 18.815, 18.818, 18.835, 19.061, 19.186], [12.962, 12.384, 11.541, 10.881, 10.344, 9.864, 9.464, 8.6, 6.542, 3.301, 0.0, 2.651, 4.758, 6.052, 7.144, 8.093, 8.344, 8.553, 9.241, 10.125, 11.671, 13.516, 14.34, 14.635, 14.898, 15.439, 16.367, 16.616, 16.739, 16.935, 16.941, 16.889, 16.882, 16.856, 16.785, 17.018, 17.405, 17.868, 18.59, 18.894, 18.871, 19.018, 18.938, 18.913, 19.285, 19.511, 19.566, 19.649, 19.748, 19.519, 19.296, 19.309, 19.859, 20.323, 20.303, 20.358, 20.534, 20.728, 20.502, 20.512, 20.587, 20.488, 20.182, 19.974, 20.112, 19.964, 19.71, 20.078, 20.201, 19.554, 18.642, 17.886, 17.845, 18.027, 18.033, 18.215, 18.256, 18.53, 18.196, 17.939, 18.251, 18.468, 18.474, 18.497, 18.737, 18.874], [13.514, 12.945, 12.143, 11.485, 10.948, 10.512, 10.147, 9.4, 7.77, 5.291, 2.651, 0.0, 2.571, 4.244, 5.644, 6.779, 7.123, 7.434, 8.24, 9.279, 11.048, 13.048, 13.956, 14.294, 14.561, 15.113, 16.073, 16.32, 16.42, 16.62, 16.632, 16.61, 16.624, 16.621, 16.618, 16.919, 17.338, 17.828, 18.572, 18.887, 18.873, 19.032, 18.957, 18.924, 19.315, 19.578, 19.642, 19.723, 19.831, 19.607, 19.384, 19.414, 20.001, 20.484, 20.454, 20.503, 20.682, 20.87, 20.638, 20.653, 20.735, 20.634, 20.317, 20.091, 20.224, 20.08, 19.824, 20.183, 20.297, 19.656, 18.762, 18.013, 17.962, 18.136, 18.145, 18.323, 18.35, 18.618, 18.29, 18.029, 18.324, 18.538, 18.54, 18.552, 18.78, 18.913], [14.096, 13.543, 12.796, 12.145, 11.565, 11.127, 10.774, 10.118, 8.749, 6.745, 4.758, 2.571, 0.0, 2.196, 4.308, 5.807, 6.291, 6.697, 7.599, 8.877, 10.909, 13.005, 13.949, 14.3, 14.571, 15.13, 16.077, 16.312, 16.399, 16.592, 16.617, 16.639, 16.668, 16.651, 16.681, 17.027, 17.466, 17.983, 18.736, 19.052, 19.045, 19.19, 19.102, 19.038, 19.407, 19.689, 19.765, 19.849, 19.964, 19.755, 19.544, 19.587, 20.191, 20.686, 20.655, 20.695, 20.872, 21.062, 20.853, 20.888, 20.986, 20.89, 20.572, 20.338, 20.468, 20.329, 20.074, 20.419, 20.52, 19.893, 19.029, 18.298, 18.231, 18.396, 18.412, 18.595, 18.632, 18.899, 18.579, 18.332, 18.611, 18.805, 18.801, 18.804, 19.014, 19.14], [14.529, 13.976, 13.242, 12.629, 12.055, 11.644, 11.32, 10.683, 9.459, 7.733, 6.052, 4.244, 2.196, 0.0, 2.801, 4.829, 5.525, 6.002, 6.998, 8.446, 10.66, 12.846, 13.828, 14.186, 14.454, 15.017, 15.967, 16.215, 16.31, 16.499, 16.525, 16.584, 16.626, 16.559, 16.587, 16.961, 17.416, 17.975, 18.763, 19.093, 19.109, 19.265, 19.178, 19.103, 19.463, 19.751, 19.829, 19.92, 20.04, 19.837, 19.631, 19.678, 20.287, 20.789, 20.765, 20.801, 20.974, 21.167, 20.966, 20.999, 21.096, 20.999, 20.685, 20.447, 20.557, 20.414, 20.16, 20.5, 20.596, 19.977, 19.122, 18.389, 18.308, 18.469, 18.487, 18.662, 18.703, 18.973, 18.66, 18.429, 18.698, 18.875, 18.87, 18.875, 19.073, 19.184], [14.781, 14.222, 13.463, 12.859, 12.332, 12.027, 11.748, 11.033, 10.002, 8.633, 7.144, 5.644, 4.308, 2.801, 0.0, 2.566, 3.783, 4.576, 5.833, 7.517, 9.905, 12.181, 13.247, 13.632, 13.889, 14.491, 15.503, 15.767, 15.857, 16.043, 16.067, 16.157, 16.264, 16.233, 16.295, 16.67, 17.118, 17.705, 18.535, 18.878, 18.907, 19.093, 19.023, 18.966, 19.347, 19.645, 19.719, 19.808, 19.936, 19.73, 19.514, 19.563, 20.194, 20.724, 20.72, 20.764, 20.936, 21.124, 20.899, 20.912, 21.009, 20.912, 20.595, 20.347, 20.439, 20.284, 20.029, 20.372, 20.469, 19.845, 18.972, 18.21, 18.108, 18.26, 18.269, 18.421, 18.448, 18.742, 18.43, 18.197, 18.462, 18.627, 18.618, 18.625, 18.812, 18.914], [15.041, 14.488, 13.705, 13.094, 12.628, 12.42, 12.202, 11.472, 10.586, 9.465, 8.093, 6.779, 5.807, 4.829, 2.566, 0.0, 1.891, 3.385, 4.93, 6.776, 9.329, 11.695, 12.832, 13.237, 13.488, 14.131, 15.191, 15.443, 15.525, 15.715, 15.748, 15.849, 16.024, 16.087, 16.185, 16.538, 16.976, 17.558, 18.389, 18.723, 18.734, 18.936, 18.881, 18.834, 19.233, 19.538, 19.606, 19.685, 19.811, 19.601, 19.371, 19.416, 20.07, 20.632, 20.647, 20.707, 20.886, 21.07, 20.829, 20.828, 20.918, 20.827, 20.517, 20.267, 20.36, 20.198, 19.935, 20.278, 20.378, 19.749, 18.855, 18.077, 17.975, 18.128, 18.128, 18.256, 18.274, 18.599, 18.285, 18.031, 18.292, 18.454, 18.427, 18.427, 18.613, 18.723], [15.188, 14.638, 13.842, 13.235, 12.807, 12.638, 12.444, 11.749, 10.898, 9.746, 8.344, 7.123, 6.291, 5.525, 3.783, 1.891, 0.0, 2.125, 4.147, 6.201, 8.925, 11.369, 12.532, 12.953, 13.194, 13.843, 14.926, 15.18, 15.272, 15.472, 15.523, 15.643, 15.835, 15.89, 15.962, 16.298, 16.737, 17.335, 18.177, 18.512, 18.523, 18.73, 18.684, 18.659, 19.083, 19.398, 19.471, 19.56, 19.691, 19.475, 19.24, 19.282, 19.939, 20.517, 20.546, 20.618, 20.805, 20.994, 20.752, 20.741, 20.828, 20.751, 20.454, 20.203, 20.293, 20.127, 19.865, 20.205, 20.308, 19.677, 18.758, 17.951, 17.845, 18.001, 17.998, 18.118, 18.136, 18.473, 18.16, 17.884, 18.129, 18.292, 18.256, 18.254, 18.446, 18.561], [15.319, 14.764, 13.968, 13.378, 12.955, 12.807, 12.62, 11.917, 11.044, 9.898, 8.553, 7.434, 6.697, 6.002, 4.576, 3.385, 2.125, 0.0, 2.624, 5.307, 8.426, 11.012, 12.196, 12.623, 12.833, 13.468, 14.551, 14.809, 14.94, 15.151, 15.218, 15.377, 15.588, 15.639, 15.691, 16.038, 16.51, 17.149, 18.006, 18.34, 18.367, 18.599, 18.573, 18.571, 19.023, 19.352, 19.415, 19.508, 19.647, 19.428, 19.19, 19.229, 19.888, 20.481, 20.526, 20.609, 20.8, 20.992, 20.759, 20.754, 20.844, 20.775, 20.488, 20.242, 20.332, 20.156, 19.891, 20.232, 20.332, 19.69, 18.746, 17.903, 17.787, 17.956, 17.953, 18.063, 18.093, 18.45, 18.138, 17.864, 18.108, 18.269, 18.235, 18.239, 18.438, 18.561], [15.724, 15.181, 14.369, 13.772, 13.363, 13.24, 13.094, 12.427, 11.566, 10.485, 9.241, 8.24, 7.599, 6.998, 5.833, 4.93, 4.147, 2.624, 0.0, 3.555, 7.496, 10.397, 11.666, 12.084, 12.267, 12.928, 14.046, 14.3, 14.459, 14.683, 14.764, 14.962, 15.206, 15.294, 15.37, 15.759, 16.308, 17.003, 17.884, 18.224, 18.248, 18.489, 18.481, 18.498, 18.973, 19.316, 19.364, 19.437, 19.567, 19.341, 19.09, 19.132, 19.831, 20.474, 20.551, 20.649, 20.858, 21.06, 20.832, 20.838, 20.927, 20.848, 20.556, 20.324, 20.425, 20.234, 19.956, 20.298, 20.398, 19.755, 18.799, 17.934, 17.819, 17.992, 17.989, 18.083, 18.102, 18.47, 18.171, 17.91, 18.162, 18.329, 18.297, 18.307, 18.508, 18.635], [16.254, 15.709, 14.854, 14.232, 13.881, 13.776, 13.687, 13.144, 12.403, 11.364, 10.125, 9.279, 8.877, 8.446, 7.517, 6.776, 6.201, 5.307, 3.555, 0.0, 4.856, 8.5, 10.061, 10.514, 10.696, 11.485, 12.809, 13.13, 13.332, 13.596, 13.689, 13.927, 14.231, 14.387, 14.515, 15.008, 15.692, 16.481, 17.427, 17.795, 17.827, 18.107, 18.13, 18.19, 18.705, 19.068, 19.127, 19.191, 19.32, 19.087, 18.82, 18.865, 19.613, 20.329, 20.454, 20.569, 20.795, 21.003, 20.756, 20.752, 20.805, 20.691, 20.385, 20.162, 20.272, 20.064, 19.772, 20.12, 20.23, 19.594, 18.643, 17.8, 17.732, 17.914, 17.906, 18.003, 17.996, 18.354, 18.078, 17.83, 18.096, 18.282, 18.246, 18.257, 18.457, 18.578], [16.838, 16.31, 15.477, 14.853, 14.588, 14.53, 14.521, 14.186, 13.688, 12.795, 11.671, 11.048, 10.909, 10.66, 9.905, 9.329, 8.925, 8.426, 7.496, 4.856, 0.0, 4.507, 6.685, 7.395, 7.669, 8.779, 10.569, 11.063, 11.49, 11.891, 11.979, 12.227, 12.626, 12.978, 13.213, 13.851, 14.712, 15.612, 16.635, 17.031, 17.082, 17.441, 17.528, 17.656, 18.214, 18.598, 18.691, 18.772, 18.936, 18.715, 18.438, 18.484, 19.259, 20.027, 20.211, 20.36, 20.592, 20.785, 20.508, 20.497, 20.53, 20.4, 20.093, 19.878, 19.996, 19.785, 19.476, 19.831, 19.943, 19.291, 18.327, 17.521, 17.513, 17.705, 17.695, 17.811, 17.798, 18.137, 17.867, 17.606, 17.871, 18.071, 18.025, 18.036, 18.239, 18.355], [17.561, 17.067, 16.314, 15.729, 15.527, 15.502, 15.539, 15.362, 15.113, 14.454, 13.516, 13.048, 13.005, 12.846, 12.181, 11.695, 11.369, 11.012, 10.397, 8.5, 4.507, 0.0, 2.869, 4.193, 4.693, 6.271, 8.558, 9.205, 9.803, 10.344, 10.429, 10.658, 11.154, 11.738, 12.126, 12.864, 13.831, 14.849, 15.993, 16.418, 16.487, 16.914, 17.069, 17.262, 17.854, 18.288, 18.436, 18.537, 18.742, 18.542, 18.25, 18.303, 19.101, 19.911, 20.189, 20.394, 20.633, 20.809, 20.509, 20.483, 20.519, 20.396, 20.091, 19.88, 19.983, 19.77, 19.465, 19.808, 19.917, 19.283, 18.328, 17.554, 17.555, 17.721, 17.704, 17.809, 17.784, 18.07, 17.808, 17.567, 17.822, 18.015, 17.97, 17.992, 18.198, 18.305], [17.85, 17.378, 16.675, 16.133, 15.952, 15.926, 15.971, 15.858, 15.724, 15.174, 14.34, 13.956, 13.949, 13.828, 13.247, 12.832, 12.532, 12.196, 11.666, 10.061, 6.685, 2.869, 0.0, 2.108, 3.217, 4.982, 7.354, 8.06, 8.788, 9.427, 9.528, 9.747, 10.295, 10.995, 11.408, 12.187, 13.246, 14.369, 15.604, 16.048, 16.14, 16.637, 16.838, 17.059, 17.671, 18.133, 18.306, 18.422, 18.652, 18.475, 18.185, 18.242, 19.054, 19.899, 20.228, 20.459, 20.7, 20.873, 20.573, 20.553, 20.594, 20.476, 20.178, 19.973, 20.069, 19.851, 19.546, 19.876, 19.984, 19.376, 18.447, 17.709, 17.73, 17.888, 17.866, 17.959, 17.926, 18.173, 17.919, 17.696, 17.947, 18.138, 18.09, 18.107, 18.317, 18.437], [17.995, 17.527, 16.841, 16.317, 16.138, 16.099, 16.142, 16.032, 15.923, 15.418, 14.635, 14.294, 14.3, 14.186, 13.632, 13.237, 12.953, 12.623, 12.084, 10.514, 7.395, 4.193, 2.108, 0.0, 2.163, 4.467, 6.806, 7.545, 8.331, 8.989, 9.1, 9.324, 9.913, 10.677, 11.07, 11.88, 13.039, 14.234, 15.515, 15.972, 16.077, 16.6, 16.809, 17.023, 17.62, 18.074, 18.244, 18.358, 18.586, 18.419, 18.139, 18.203, 19.014, 19.854, 20.183, 20.408, 20.649, 20.824, 20.53, 20.521, 20.56, 20.431, 20.133, 19.939, 20.042, 19.824, 19.515, 19.843, 19.958, 19.372, 18.48, 17.793, 17.85, 18.019, 17.997, 18.077, 18.038, 18.272, 18.026, 17.809, 18.058, 18.247, 18.196, 18.204, 18.407, 18.537], [18.138, 17.679, 17.017, 16.515, 16.339, 16.309, 16.348, 16.221, 16.121, 15.655, 14.898, 14.561, 14.571, 14.454, 13.889, 13.488, 13.194, 12.833, 12.267, 10.696, 7.669, 4.693, 3.217, 2.163, 0.0, 3.061, 5.929, 6.795, 7.727, 8.421, 8.538, 8.81, 9.501, 10.468, 11.066, 11.982, 13.167, 14.347, 15.575, 16.018, 16.141, 16.679, 16.903, 17.14, 17.741, 18.189, 18.351, 18.458, 18.683, 18.505, 18.214, 18.265, 19.064, 19.891, 20.206, 20.428, 20.662, 20.833, 20.544, 20.532, 20.563, 20.439, 20.145, 19.948, 20.047, 19.827, 19.518, 19.844, 19.953, 19.362, 18.473, 17.792, 17.856, 18.041, 18.024, 18.107, 18.066, 18.29, 18.052, 17.849, 18.096, 18.274, 18.222, 18.237, 18.446, 18.574], [18.397, 17.961, 17.356, 16.917, 16.763, 16.735, 16.752, 16.644, 16.596, 16.172, 15.439, 15.113, 15.13, 15.017, 14.491, 14.131, 13.843, 13.468, 12.928, 11.485, 8.779, 6.271, 4.982, 4.467, 3.061, 0.0, 3.482, 4.767, 6.243, 7.114, 7.25, 7.664, 8.565, 9.818, 10.687, 11.759, 13.004, 14.222, 15.442, 15.868, 16.052, 16.65, 16.873, 17.112, 17.722, 18.196, 18.379, 18.505, 18.758, 18.595, 18.307, 18.341, 19.127, 19.958, 20.285, 20.529, 20.763, 20.923, 20.651, 20.653, 20.685, 20.577, 20.297, 20.095, 20.179, 19.957, 19.641, 19.944, 20.034, 19.438, 18.563, 17.912, 17.989, 18.183, 18.168, 18.254, 18.213, 18.411, 18.182, 17.98, 18.221, 18.386, 18.327, 18.334, 18.542, 18.685], [18.913, 18.517, 17.992, 17.652, 17.521, 17.483, 17.478, 17.394, 17.397, 17.031, 16.367, 16.073, 16.077, 15.967, 15.503, 15.191, 14.926, 14.551, 14.046, 12.809, 10.569, 8.558, 7.354, 6.806, 5.929, 3.482, 0.0, 2.199, 4.705, 5.717, 5.928, 6.595, 7.776, 9.284, 10.344, 11.489, 12.799, 14.16, 15.459, 15.864, 16.102, 16.759, 16.968, 17.184, 17.798, 18.315, 18.514, 18.657, 18.929, 18.795, 18.535, 18.557, 19.3, 20.113, 20.456, 20.726, 20.969, 21.128, 20.887, 20.911, 20.948, 20.864, 20.612, 20.407, 20.462, 20.242, 19.925, 20.194, 20.27, 19.695, 18.853, 18.235, 18.293, 18.472, 18.451, 18.517, 18.489, 18.674, 18.456, 18.281, 18.528, 18.679, 18.63, 18.645, 18.837, 18.984], [18.964, 18.581, 18.074, 17.762, 17.643, 17.613, 17.624, 17.569, 17.599, 17.259, 16.616, 16.32, 16.312, 16.215, 15.767, 15.443, 15.18, 14.809, 14.3, 13.13, 11.063, 9.205, 8.06, 7.545, 6.795, 4.767, 2.199, 0.0, 3.203, 4.479, 4.848, 5.853, 7.257, 8.984, 10.178, 11.37, 12.749, 14.16, 15.467, 15.854, 16.054, 16.698, 16.934, 17.184, 17.825, 18.341, 18.526, 18.675, 18.949, 18.812, 18.553, 18.568, 19.308, 20.13, 20.472, 20.737, 20.979, 21.138, 20.899, 20.919, 20.958, 20.888, 20.641, 20.422, 20.455, 20.229, 19.915, 20.164, 20.232, 19.661, 18.811, 18.165, 18.196, 18.368, 18.34, 18.396, 18.378, 18.574, 18.342, 18.196, 18.475, 18.631, 18.601, 18.64, 18.831, 18.983], [18.91, 18.532, 18.027, 17.704, 17.593, 17.571, 17.603, 17.601, 17.685, 17.378, 16.739, 16.42, 16.399, 16.31, 15.857, 15.525, 15.272, 14.94, 14.459, 13.332, 11.49, 9.803, 8.788, 8.331, 7.727, 6.243, 4.705, 3.203, 0.0, 1.746, 2.652, 4.424, 6.263, 8.301, 9.86, 11.171, 12.576, 13.967, 15.289, 15.679, 15.831, 16.44, 16.728, 17.064, 17.735, 18.224, 18.375, 18.523, 18.807, 18.675, 18.437, 18.468, 19.214, 20.062, 20.407, 20.659, 20.9, 21.06, 20.823, 20.836, 20.878, 20.813, 20.559, 20.329, 20.355, 20.131, 19.811, 20.047, 20.103, 19.534, 18.69, 18.04, 18.049, 18.198, 18.166, 18.213, 18.204, 18.398, 18.138, 18.001, 18.305, 18.476, 18.454, 18.494, 18.665, 18.805], [19.023, 18.652, 18.165, 17.858, 17.749, 17.721, 17.755, 17.771, 17.857, 17.559, 16.935, 16.62, 16.592, 16.499, 16.043, 15.715, 15.472, 15.151, 14.683, 13.596, 11.891, 10.344, 9.427, 8.989, 8.421, 7.114, 5.717, 4.479, 1.746, 0.0, 1.759, 3.957, 5.998, 8.184, 9.908, 11.269, 12.653, 14.035, 15.365, 15.754, 15.903, 16.505, 16.81, 17.177, 17.85, 18.322, 18.441, 18.574, 18.851, 18.72, 18.498, 18.539, 19.279, 20.123, 20.455, 20.693, 20.93, 21.094, 20.864, 20.876, 20.918, 20.858, 20.609, 20.388, 20.421, 20.204, 19.884, 20.112, 20.164, 19.599, 18.759, 18.109, 18.106, 18.238, 18.206, 18.246, 18.241, 18.433, 18.174, 18.044, 18.352, 18.526, 18.509, 18.552, 18.713, 18.839], [18.983, 18.609, 18.122, 17.812, 17.695, 17.67, 17.711, 17.748, 17.859, 17.561, 16.941, 16.632, 16.617, 16.525, 16.067, 15.748, 15.523, 15.218, 14.764, 13.689, 11.979, 10.429, 9.528, 9.1, 8.538, 7.25, 5.928, 4.848, 2.652, 1.759, 0.0, 2.731, 5.346, 7.809, 9.695, 11.126, 12.516, 13.906, 15.254, 15.646, 15.795, 16.382, 16.675, 17.041, 17.719, 18.203, 18.322, 18.441, 18.714, 18.59, 18.375, 18.424, 19.168, 20.017, 20.358, 20.606, 20.852, 21.022, 20.787, 20.793, 20.834, 20.776, 20.529, 20.313, 20.368, 20.168, 19.844, 20.075, 20.125, 19.56, 18.716, 18.063, 18.055, 18.182, 18.147, 18.187, 18.178, 18.366, 18.12, 17.984, 18.282, 18.452, 18.43, 18.476, 18.639, 18.76], [18.797, 18.425, 17.94, 17.628, 17.513, 17.488, 17.531, 17.592, 17.746, 17.485, 16.889, 16.61, 16.639, 16.584, 16.157, 15.849, 15.643, 15.377, 14.962, 13.927, 12.227, 10.658, 9.747, 9.324, 8.81, 7.664, 6.595, 5.853, 4.424, 3.957, 2.731, 0.0, 3.608, 6.849, 9.048, 10.605, 12.016, 13.429, 14.841, 15.247, 15.382, 15.979, 16.278, 16.652, 17.331, 17.845, 17.987, 18.1, 18.37, 18.25, 18.049, 18.126, 18.899, 19.759, 20.117, 20.384, 20.645, 20.812, 20.557, 20.561, 20.612, 20.552, 20.295, 20.084, 20.17, 20.004, 19.691, 19.923, 19.975, 19.413, 18.569, 17.909, 17.892, 18.011, 17.976, 18.02, 18.004, 18.181, 17.946, 17.812, 18.109, 18.277, 18.252, 18.304, 18.477, 18.601], [18.743, 18.391, 17.915, 17.613, 17.504, 17.475, 17.515, 17.573, 17.713, 17.457, 16.882, 16.624, 16.668, 16.626, 16.264, 16.024, 15.835, 15.588, 15.206, 14.231, 12.626, 11.154, 10.295, 9.913, 9.501, 8.565, 7.776, 7.257, 6.263, 5.998, 5.346, 3.608, 0.0, 4.28, 7.291, 9.207, 10.858, 12.482, 14.088, 14.564, 14.634, 15.264, 15.679, 16.148, 16.891, 17.453, 17.637, 17.787, 18.065, 17.932, 17.735, 17.845, 18.675, 19.567, 19.929, 20.205, 20.48, 20.663, 20.399, 20.415, 20.484, 20.409, 20.142, 19.935, 20.016, 19.878, 19.599, 19.839, 19.893, 19.335, 18.478, 17.768, 17.722, 17.824, 17.81, 17.92, 17.92, 18.069, 17.834, 17.691, 17.965, 18.145, 18.164, 18.257, 18.446, 18.56], [18.926, 18.564, 18.049, 17.718, 17.61, 17.583, 17.619, 17.641, 17.713, 17.418, 16.856, 16.621, 16.651, 16.559, 16.233, 16.087, 15.89, 15.639, 15.294, 14.387, 12.978, 11.738, 10.995, 10.677, 10.468, 9.818, 9.284, 8.984, 8.301, 8.184, 7.809, 6.849, 4.28, 0.0, 4.121, 6.918, 9.147, 11.306, 13.328, 13.949, 14.035, 14.679, 15.17, 15.769, 16.601, 17.241, 17.498, 17.716, 18.018, 17.876, 17.698, 17.834, 18.7, 19.635, 20.018, 20.296, 20.588, 20.795, 20.548, 20.593, 20.693, 20.619, 20.352, 20.141, 20.201, 20.076, 19.821, 20.079, 20.145, 19.59, 18.713, 17.941, 17.824, 17.9, 17.913, 18.068, 18.096, 18.244, 18.022, 17.864, 18.086, 18.262, 18.304, 18.407, 18.585, 18.661], [19.021, 18.64, 18.074, 17.722, 17.623, 17.613, 17.669, 17.672, 17.693, 17.345, 16.785, 16.618, 16.681, 16.587, 16.295, 16.185, 15.962, 15.691, 15.37, 14.515, 13.213, 12.126, 11.408, 11.07, 11.066, 10.687, 10.344, 10.178, 9.86, 9.908, 9.695, 9.048, 7.291, 4.121, 0.0, 3.949, 7.325, 10.217, 12.624, 13.329, 13.454, 14.153, 14.708, 15.408, 16.327, 17.036, 17.331, 17.573, 17.869, 17.714, 17.529, 17.659, 18.553, 19.553, 19.986, 20.283, 20.579, 20.792, 20.548, 20.619, 20.75, 20.67, 20.39, 20.182, 20.246, 20.12, 19.867, 20.14, 20.235, 19.687, 18.791, 18.018, 17.934, 18.03, 18.045, 18.194, 18.239, 18.433, 18.209, 18.03, 18.225, 18.388, 18.419, 18.504, 18.684, 18.752], [19.047, 18.7, 18.148, 17.804, 17.717, 17.735, 17.823, 17.838, 17.885, 17.544, 17.018, 16.919, 17.027, 16.961, 16.67, 16.538, 16.298, 16.038, 15.759, 15.008, 13.851, 12.864, 12.187, 11.88, 11.982, 11.759, 11.489, 11.37, 11.171, 11.269, 11.126, 10.605, 9.207, 6.918, 3.949, 0.0, 4.398, 8.294, 11.215, 12.011, 12.142, 12.925, 13.581, 14.431, 15.518, 16.347, 16.697, 16.963, 17.26, 17.105, 16.911, 17.015, 17.929, 19.028, 19.565, 19.931, 20.267, 20.522, 20.276, 20.338, 20.515, 20.444, 20.153, 19.939, 20.004, 19.861, 19.609, 19.905, 20.04, 19.519, 18.601, 17.836, 17.812, 17.919, 17.918, 18.052, 18.11, 18.333, 18.092, 17.911, 18.097, 18.252, 18.284, 18.36, 18.544, 18.628], [19.201, 18.89, 18.388, 18.079, 18.008, 18.04, 18.122, 18.128, 18.213, 17.896, 17.405, 17.338, 17.466, 17.416, 17.118, 16.976, 16.737, 16.51, 16.308, 15.692, 14.712, 13.831, 13.246, 13.039, 13.167, 13.004, 12.799, 12.749, 12.576, 12.653, 12.516, 12.016, 10.858, 9.147, 7.325, 4.398, 0.0, 4.978, 8.759, 9.848, 10.217, 11.236, 11.936, 12.85, 14.07, 15.06, 15.503, 15.798, 16.121, 16.015, 15.883, 16.004, 16.876, 17.993, 18.611, 19.058, 19.472, 19.814, 19.605, 19.685, 19.922, 19.87, 19.574, 19.373, 19.464, 19.332, 19.108, 19.435, 19.604, 19.146, 18.345, 17.746, 17.843, 17.965, 17.937, 18.048, 18.118, 18.35, 18.116, 17.958, 18.143, 18.3, 18.334, 18.389, 18.546, 18.628], [19.47, 19.184, 18.726, 18.444, 18.383, 18.409, 18.475, 18.496, 18.606, 18.31, 17.868, 17.828, 17.983, 17.975, 17.705, 17.558, 17.335, 17.149, 17.003, 16.481, 15.612, 14.849, 14.369, 14.234, 14.347, 14.222, 14.16, 14.16, 13.967, 14.035, 13.906, 13.429, 12.482, 11.306, 10.217, 8.294, 4.978, 0.0, 4.617, 6.293, 7.094, 8.627, 9.572, 10.688, 11.97, 13.022, 13.538, 13.827, 14.223, 14.233, 14.212, 14.353, 15.048, 16.051, 16.733, 17.276, 17.763, 18.172, 18.053, 18.227, 18.556, 18.553, 18.286, 18.159, 18.354, 18.264, 18.055, 18.416, 18.592, 18.2, 17.732, 17.678, 18.144, 18.367, 18.309, 18.374, 18.416, 18.636, 18.42, 18.276, 18.472, 18.653, 18.676, 18.69, 18.83, 18.958], [19.979, 19.72, 19.309, 19.049, 18.984, 19.013, 19.067, 19.122, 19.253, 18.978, 18.59, 18.572, 18.736, 18.763, 18.535, 18.389, 18.177, 18.006, 17.884, 17.427, 16.635, 15.993, 15.604, 15.515, 15.575, 15.442, 15.459, 15.467, 15.289, 15.365, 15.254, 14.841, 14.088, 13.328, 12.624, 11.215, 8.759, 4.617, 0.0, 2.356, 3.973, 6.222, 7.604, 9.108, 10.474, 11.399, 11.861, 12.114, 12.594, 12.745, 12.831, 12.943, 13.423, 14.345, 15.124, 15.767, 16.303, 16.771, 16.787, 17.073, 17.504, 17.562, 17.353, 17.321, 17.64, 17.564, 17.352, 17.748, 17.943, 17.604, 17.397, 17.854, 18.713, 19.064, 18.99, 19.012, 19.013, 19.215, 19.013, 18.853, 19.033, 19.219, 19.22, 19.199, 19.347, 19.523], [20.163, 19.912, 19.513, 19.262, 19.202, 19.25, 19.313, 19.381, 19.519, 19.257, 18.894, 18.887, 19.052, 19.093, 18.878, 18.723, 18.512, 18.34, 18.224, 17.795, 17.031, 16.418, 16.048, 15.972, 16.018, 15.868, 15.864, 15.854, 15.679, 15.754, 15.646, 15.247, 14.564, 13.949, 13.329, 12.011, 9.848, 6.293, 2.356, 0.0, 2.651, 5.479, 7.114, 8.815, 10.266, 11.155, 11.571, 11.786, 12.265, 12.462, 12.57, 12.663, 13.105, 14.055, 14.894, 15.565, 16.102, 16.581, 16.634, 16.952, 17.405, 17.472, 17.28, 17.284, 17.644, 17.558, 17.326, 17.724, 17.932, 17.597, 17.387, 17.915, 18.879, 19.28, 19.214, 19.228, 19.228, 19.438, 19.242, 19.072, 19.242, 19.423, 19.414, 19.387, 19.535, 19.716], [20.056, 19.799, 19.388, 19.12, 19.07, 19.14, 19.234, 19.322, 19.456, 19.207, 18.871, 18.873, 19.045, 19.109, 18.907, 18.734, 18.523, 18.367, 18.248, 17.827, 17.082, 16.487, 16.14, 16.077, 16.141, 16.052, 16.102, 16.054, 15.831, 15.903, 15.795, 15.382, 14.634, 14.035, 13.454, 12.142, 10.217, 7.094, 3.973, 2.651, 0.0, 3.538, 6.033, 8.338, 10.038, 10.971, 11.394, 11.612, 12.067, 12.231, 12.314, 12.425, 12.985, 14.067, 14.945, 15.617, 16.149, 16.632, 16.639, 16.925, 17.392, 17.465, 17.275, 17.29, 17.643, 17.545, 17.316, 17.704, 17.93, 17.59, 17.287, 17.726, 18.659, 19.056, 19.011, 19.059, 19.079, 19.287, 19.094, 18.946, 19.134, 19.333, 19.345, 19.34, 19.499, 19.681], [20.075, 19.819, 19.42, 19.143, 19.085, 19.145, 19.229, 19.349, 19.525, 19.309, 19.018, 19.032, 19.19, 19.265, 19.093, 18.936, 18.73, 18.599, 18.489, 18.107, 17.441, 16.914, 16.637, 16.6, 16.679, 16.65, 16.759, 16.698, 16.44, 16.505, 16.382, 15.979, 15.264, 14.679, 14.153, 12.925, 11.236, 8.627, 6.222, 5.479, 3.538, 0.0, 3.603, 6.88, 9.01, 10.149, 10.672, 10.934, 11.331, 11.428, 11.527, 11.724, 12.474, 13.79, 14.796, 15.49, 16.011, 16.523, 16.533, 16.792, 17.319, 17.429, 17.243, 17.268, 17.624, 17.513, 17.296, 17.674, 17.91, 17.613, 17.286, 17.668, 18.581, 18.963, 18.929, 19.015, 19.067, 19.273, 19.088, 18.981, 19.181, 19.394, 19.438, 19.461, 19.635, 19.803], [19.95, 19.696, 19.3, 19.01, 18.938, 18.979, 19.033, 19.161, 19.406, 19.214, 18.938, 18.957, 19.102, 19.178, 19.023, 18.881, 18.684, 18.573, 18.481, 18.13, 17.528, 17.069, 16.838, 16.809, 16.903, 16.873, 16.968, 16.934, 16.728, 16.81, 16.675, 16.278, 15.679, 15.17, 14.708, 13.581, 11.936, 9.572, 7.604, 7.114, 6.033, 3.603, 0.0, 3.912, 6.617, 8.204, 9.01, 9.401, 9.805, 9.965, 10.198, 10.527, 11.418, 12.972, 14.192, 14.981, 15.534, 16.095, 16.174, 16.472, 17.086, 17.239, 17.06, 17.073, 17.442, 17.323, 17.09, 17.447, 17.66, 17.405, 17.14, 17.551, 18.486, 18.85, 18.8, 18.886, 18.984, 19.231, 19.046, 18.933, 19.136, 19.361, 19.426, 19.459, 19.628, 19.771], [19.89, 19.639, 19.248, 18.943, 18.857, 18.881, 18.886, 18.991, 19.303, 19.159, 18.913, 18.924, 19.038, 19.103, 18.966, 18.834, 18.659, 18.571, 18.498, 18.19, 17.656, 17.262, 17.059, 17.023, 17.14, 17.112, 17.184, 17.184, 17.064, 17.177, 17.041, 16.652, 16.148, 15.769, 15.408, 14.431, 12.85, 10.688, 9.108, 8.815, 8.338, 6.88, 3.912, 0.0, 3.376, 5.772, 7.099, 7.733, 8.224, 8.576, 8.951, 9.418, 10.406, 12.075, 13.482, 14.385, 15.001, 15.605, 15.743, 16.112, 16.83, 17.026, 16.881, 16.897, 17.28, 17.164, 16.928, 17.266, 17.444, 17.239, 17.108, 17.622, 18.578, 18.907, 18.83, 18.9, 19.057, 19.371, 19.195, 19.072, 19.272, 19.497, 19.563, 19.582, 19.734, 19.858], [20.184, 19.937, 19.561, 19.258, 19.168, 19.18, 19.15, 19.232, 19.559, 19.463, 19.285, 19.315, 19.407, 19.463, 19.347, 19.233, 19.083, 19.023, 18.973, 18.705, 18.214, 17.854, 17.671, 17.62, 17.741, 17.722, 17.798, 17.825, 17.735, 17.85, 17.719, 17.331, 16.891, 16.601, 16.327, 15.518, 14.07, 11.97, 10.474, 10.266, 10.038, 9.01, 6.617, 3.376, 0.0, 3.292, 5.36, 6.358, 7.135, 7.772, 8.294, 8.919, 9.909, 11.531, 13.03, 13.96, 14.607, 15.202, 15.386, 15.855, 16.68, 16.922, 16.825, 16.874, 17.302, 17.219, 16.993, 17.326, 17.468, 17.283, 17.311, 18.018, 19.028, 19.341, 19.261, 19.322, 19.486, 19.805, 19.651, 19.532, 19.712, 19.918, 19.954, 19.93, 20.06, 20.174], [20.382, 20.144, 19.773, 19.473, 19.382, 19.393, 19.37, 19.458, 19.752, 19.652, 19.511, 19.578, 19.689, 19.751, 19.645, 19.538, 19.398, 19.352, 19.316, 19.068, 18.598, 18.288, 18.133, 18.074, 18.189, 18.196, 18.315, 18.341, 18.224, 18.322, 18.203, 17.845, 17.453, 17.241, 17.036, 16.347, 15.06, 13.022, 11.399, 11.155, 10.971, 10.149, 8.204, 5.772, 3.292, 0.0, 2.716, 4.356, 5.632, 6.631, 7.355, 8.087, 9.104, 10.769, 12.304, 13.222, 13.904, 14.512, 14.732, 15.309, 16.242, 16.541, 16.475, 16.567, 17.062, 17.001, 16.77, 17.108, 17.226, 17.015, 17.119, 18.045, 19.213, 19.564, 19.495, 19.558, 19.711, 20.02, 19.877, 19.764, 19.941, 20.138, 20.148, 20.091, 20.209, 20.33], [20.439, 20.203, 19.836, 19.55, 19.457, 19.469, 19.458, 19.554, 19.818, 19.706, 19.566, 19.642, 19.765, 19.829, 19.719, 19.606, 19.471, 19.415, 19.364, 19.127, 18.691, 18.436, 18.306, 18.244, 18.351, 18.379, 18.514, 18.526, 18.375, 18.441, 18.322, 17.987, 17.637, 17.498, 17.331, 16.697, 15.503, 13.538, 11.861, 11.571, 11.394, 10.672, 9.01, 7.099, 5.36, 2.716, 0.0, 2.284, 4.17, 5.522, 6.48, 7.305, 8.396, 10.156, 11.674, 12.579, 13.295, 13.942, 14.2, 14.837, 15.825, 16.151, 16.075, 16.195, 16.755, 16.719, 16.488, 16.827, 16.94, 16.719, 16.834, 17.87, 19.149, 19.538, 19.476, 19.531, 19.68, 20.006, 19.863, 19.777, 19.998, 20.21, 20.218, 20.16, 20.276, 20.401], [20.5, 20.267, 19.905, 19.627, 19.537, 19.557, 19.56, 19.66, 19.912, 19.794, 19.649, 19.723, 19.849, 19.92, 19.808, 19.685, 19.56, 19.508, 19.437, 19.191, 18.772, 18.537, 18.422, 18.358, 18.458, 18.505, 18.657, 18.675, 18.523, 18.574, 18.441, 18.1, 17.787, 17.716, 17.573, 16.963, 15.798, 13.827, 12.114, 11.786, 11.612, 10.934, 9.401, 7.733, 6.358, 4.356, 2.284, 0.0, 2.452, 4.267, 5.512, 6.495, 7.673, 9.519, 11.091, 12.051, 12.799, 13.486, 13.781, 14.446, 15.456, 15.772, 15.667, 15.814, 16.431, 16.413, 16.174, 16.505, 16.631, 16.446, 16.603, 17.742, 19.112, 19.527, 19.466, 19.498, 19.631, 19.974, 19.837, 19.768, 20.03, 20.273, 20.3, 20.263, 20.391, 20.525], [20.589, 20.359, 20.004, 19.725, 19.629, 19.646, 19.653, 19.757, 20.017, 19.897, 19.748, 19.831, 19.964, 20.04, 19.936, 19.811, 19.691, 19.647, 19.567, 19.32, 18.936, 18.742, 18.652, 18.586, 18.683, 18.758, 18.929, 18.949, 18.807, 18.851, 18.714, 18.37, 18.065, 18.018, 17.869, 17.26, 16.121, 14.223, 12.594, 12.265, 12.067, 11.331, 9.805, 8.224, 7.135, 5.632, 4.17, 2.452, 0.0, 2.318, 4.114, 5.445, 6.864, 8.926, 10.595, 11.618, 12.397, 13.13, 13.405, 14.021, 15.035, 15.358, 15.251, 15.427, 16.081, 16.096, 15.85, 16.143, 16.292, 16.184, 16.375, 17.55, 18.987, 19.421, 19.35, 19.358, 19.489, 19.847, 19.722, 19.698, 19.989, 20.259, 20.335, 20.348, 20.501, 20.644], [20.392, 20.152, 19.786, 19.492, 19.388, 19.4, 19.413, 19.521, 19.8, 19.684, 19.519, 19.607, 19.755, 19.837, 19.73, 19.601, 19.475, 19.428, 19.341, 19.087, 18.715, 18.542, 18.475, 18.419, 18.505, 18.595, 18.795, 18.812, 18.675, 18.72, 18.59, 18.25, 17.932, 17.876, 17.714, 17.105, 16.015, 14.233, 12.745, 12.462, 12.231, 11.428, 9.965, 8.576, 7.772, 6.631, 5.522, 4.267, 2.318, 0.0, 2.297, 4.184, 6.139, 8.488, 10.183, 11.214, 11.991, 12.713, 12.889, 13.41, 14.418, 14.754, 14.634, 14.812, 15.48, 15.523, 15.287, 15.565, 15.739, 15.676, 15.832, 16.946, 18.426, 18.887, 18.806, 18.807, 18.951, 19.328, 19.212, 19.247, 19.57, 19.859, 19.988, 20.063, 20.252, 20.402], [20.168, 19.92, 19.548, 19.254, 19.141, 19.153, 19.174, 19.285, 19.579, 19.47, 19.296, 19.384, 19.544, 19.631, 19.514, 19.371, 19.24, 19.19, 19.09, 18.82, 18.438, 18.25, 18.185, 18.139, 18.214, 18.307, 18.535, 18.553, 18.437, 18.498, 18.375, 18.049, 17.735, 17.698, 17.529, 16.911, 15.883, 14.212, 12.831, 12.57, 12.314, 11.527, 10.198, 8.951, 8.294, 7.355, 6.48, 5.512, 4.114, 2.297, 0.0, 2.544, 5.334, 7.975, 9.722, 10.804, 11.581, 12.296, 12.374, 12.836, 13.864, 14.21, 14.079, 14.255, 14.905, 14.923, 14.693, 14.981, 15.183, 15.142, 15.258, 16.347, 17.901, 18.408, 18.328, 18.336, 18.495, 18.909, 18.801, 18.862, 19.206, 19.502, 19.652, 19.771, 20.011, 20.184], [20.132, 19.883, 19.522, 19.246, 19.124, 19.138, 19.161, 19.286, 19.581, 19.469, 19.309, 19.414, 19.587, 19.678, 19.563, 19.416, 19.282, 19.229, 19.132, 18.865, 18.484, 18.303, 18.242, 18.203, 18.265, 18.341, 18.557, 18.568, 18.468, 18.539, 18.424, 18.126, 17.845, 17.834, 17.659, 17.015, 16.004, 14.353, 12.943, 12.663, 12.425, 11.724, 10.527, 9.418, 8.919, 8.087, 7.305, 6.495, 5.445, 4.184, 2.544, 0.0, 3.567, 6.795, 8.791, 10.056, 10.861, 11.632, 11.764, 12.225, 13.299, 13.723, 13.649, 13.845, 14.482, 14.449, 14.203, 14.488, 14.699, 14.667, 14.786, 15.972, 17.677, 18.254, 18.188, 18.215, 18.419, 18.866, 18.749, 18.813, 19.172, 19.468, 19.609, 19.73, 19.998, 20.204], [20.506, 20.262, 19.941, 19.718, 19.603, 19.625, 19.635, 19.775, 20.08, 19.979, 19.859, 20.001, 20.191, 20.287, 20.194, 20.07, 19.939, 19.888, 19.831, 19.613, 19.259, 19.101, 19.054, 19.014, 19.064, 19.127, 19.3, 19.308, 19.214, 19.279, 19.168, 18.899, 18.675, 18.7, 18.553, 17.929, 16.876, 15.048, 13.423, 13.105, 12.985, 12.474, 11.418, 10.406, 9.909, 9.104, 8.396, 7.673, 6.864, 6.139, 5.334, 3.567, 0.0, 3.994, 6.722, 8.392, 9.302, 10.069, 10.4, 10.974, 12.137, 12.689, 12.747, 13.006, 13.748, 13.778, 13.538, 13.791, 13.984, 14.03, 14.415, 16.035, 17.99, 18.642, 18.589, 18.616, 18.861, 19.322, 19.206, 19.285, 19.634, 19.916, 20.038, 20.127, 20.363, 20.59], [20.791, 20.559, 20.304, 20.144, 20.051, 20.073, 20.071, 20.205, 20.502, 20.409, 20.323, 20.484, 20.686, 20.789, 20.724, 20.632, 20.517, 20.481, 20.474, 20.329, 20.027, 19.911, 19.899, 19.854, 19.891, 19.958, 20.113, 20.13, 20.062, 20.123, 20.017, 19.759, 19.567, 19.635, 19.553, 19.028, 17.993, 16.051, 14.345, 14.055, 14.067, 13.79, 12.972, 12.075, 11.531, 10.769, 10.156, 9.519, 8.926, 8.488, 7.975, 6.795, 3.994, 0.0, 3.595, 5.889, 7.012, 7.81, 8.368, 9.151, 10.382, 11.032, 11.215, 11.612, 12.512, 12.691, 12.52, 12.773, 12.97, 13.161, 13.984, 16.096, 18.256, 18.97, 18.931, 18.962, 19.22, 19.703, 19.609, 19.72, 20.07, 20.341, 20.457, 20.529, 20.746, 20.983], [20.75, 20.519, 20.307, 20.189, 20.107, 20.114, 20.119, 20.245, 20.491, 20.385, 20.303, 20.454, 20.655, 20.765, 20.72, 20.647, 20.546, 20.526, 20.551, 20.454, 20.211, 20.189, 20.228, 20.183, 20.206, 20.285, 20.456, 20.472, 20.407, 20.455, 20.358, 20.117, 19.929, 20.018, 19.986, 19.565, 18.611, 16.733, 15.124, 14.894, 14.945, 14.796, 14.192, 13.482, 13.03, 12.304, 11.674, 11.091, 10.595, 10.183, 9.722, 8.791, 6.722, 3.595, 0.0, 2.848, 4.378, 5.587, 6.545, 7.601, 8.92, 9.689, 9.962, 10.523, 11.628, 11.938, 11.837, 12.146, 12.394, 12.668, 13.687, 15.98, 18.215, 18.957, 18.926, 18.966, 19.227, 19.736, 19.631, 19.768, 20.151, 20.414, 20.532, 20.614, 20.843, 21.108], [20.842, 20.604, 20.41, 20.316, 20.238, 20.227, 20.235, 20.356, 20.551, 20.433, 20.358, 20.503, 20.695, 20.801, 20.764, 20.707, 20.618, 20.609, 20.649, 20.569, 20.36, 20.394, 20.459, 20.408, 20.428, 20.529, 20.726, 20.737, 20.659, 20.693, 20.606, 20.384, 20.205, 20.296, 20.283, 19.931, 19.058, 17.276, 15.767, 15.565, 15.617, 15.49, 14.981, 14.385, 13.96, 13.222, 12.579, 12.051, 11.618, 11.214, 10.804, 10.056, 8.392, 5.889, 2.848, 0.0, 2.078, 3.952, 5.362, 6.662, 8.071, 8.929, 9.285, 9.978, 11.254, 11.639, 11.567, 11.963, 12.274, 12.596, 13.693, 16.049, 18.315, 19.075, 19.047, 19.083, 19.336, 19.855, 19.751, 19.884, 20.265, 20.512, 20.623, 20.696, 20.922, 21.204], [20.962, 20.725, 20.554, 20.491, 20.419, 20.405, 20.406, 20.531, 20.716, 20.596, 20.534, 20.682, 20.872, 20.974, 20.936, 20.886, 20.805, 20.8, 20.858, 20.795, 20.592, 20.633, 20.7, 20.649, 20.662, 20.763, 20.969, 20.979, 20.9, 20.93, 20.852, 20.645, 20.48, 20.588, 20.579, 20.267, 19.472, 17.763, 16.303, 16.102, 16.149, 16.011, 15.534, 15.001, 14.607, 13.904, 13.295, 12.799, 12.397, 11.991, 11.581, 10.861, 9.302, 7.012, 4.378, 2.078, 0.0, 2.55, 4.49, 5.983, 7.438, 8.371, 8.824, 9.623, 10.973, 11.366, 11.279, 11.669, 11.986, 12.354, 13.547, 16.031, 18.392, 19.18, 19.153, 19.203, 19.464, 19.989, 19.892, 20.024, 20.408, 20.652, 20.762, 20.825, 21.045, 21.338], [21.089, 20.853, 20.684, 20.633, 20.583, 20.589, 20.599, 20.72, 20.909, 20.796, 20.728, 20.87, 21.062, 21.167, 21.124, 21.07, 20.994, 20.992, 21.06, 21.003, 20.785, 20.809, 20.873, 20.824, 20.833, 20.923, 21.128, 21.138, 21.06, 21.094, 21.022, 20.812, 20.663, 20.795, 20.792, 20.522, 19.814, 18.172, 16.771, 16.581, 16.632, 16.523, 16.095, 15.605, 15.202, 14.512, 13.942, 13.486, 13.13, 12.713, 12.296, 11.632, 10.069, 7.81, 5.587, 3.952, 2.55, 0.0, 2.826, 4.972, 6.572, 7.616, 8.181, 8.973, 10.445, 11.004, 10.932, 11.275, 11.533, 11.864, 13.126, 15.753, 18.215, 19.046, 19.037, 19.093, 19.352, 19.897, 19.804, 19.938, 20.318, 20.55, 20.659, 20.724, 20.943, 21.254], [20.866, 20.622, 20.434, 20.375, 20.352, 20.386, 20.414, 20.527, 20.722, 20.604, 20.502, 20.638, 20.853, 20.966, 20.899, 20.829, 20.752, 20.759, 20.832, 20.756, 20.508, 20.509, 20.573, 20.53, 20.544, 20.651, 20.887, 20.899, 20.823, 20.864, 20.787, 20.557, 20.399, 20.548, 20.548, 20.276, 19.605, 18.053, 16.787, 16.634, 16.639, 16.533, 16.174, 15.743, 15.386, 14.732, 14.2, 13.781, 13.405, 12.889, 12.374, 11.764, 10.4, 8.368, 6.545, 5.362, 4.49, 2.826, 0.0, 2.837, 5.064, 6.402, 7.041, 7.737, 9.191, 9.968, 10.03, 10.344, 10.619, 10.938, 12.172, 14.851, 17.39, 18.255, 18.246, 18.314, 18.578, 19.142, 19.069, 19.258, 19.667, 19.902, 20.046, 20.16, 20.414, 20.745], [20.848, 20.598, 20.412, 20.364, 20.352, 20.394, 20.436, 20.546, 20.748, 20.633, 20.512, 20.653, 20.888, 20.999, 20.912, 20.828, 20.741, 20.754, 20.838, 20.752, 20.497, 20.483, 20.553, 20.521, 20.532, 20.653, 20.911, 20.919, 20.836, 20.876, 20.793, 20.561, 20.415, 20.593, 20.619, 20.338, 19.685, 18.227, 17.073, 16.952, 16.925, 16.792, 16.472, 16.112, 15.855, 15.309, 14.837, 14.446, 14.021, 13.41, 12.836, 12.225, 10.974, 9.151, 7.601, 6.662, 5.983, 4.972, 2.837, 0.0, 2.998, 4.849, 5.679, 6.429, 7.993, 8.964, 9.157, 9.456, 9.787, 10.219, 11.535, 14.292, 16.899, 17.778, 17.751, 17.824, 18