[[0.0, 3.216, 7.785, 10.035, 10.386, 10.644, 10.423, 10.439, 10.971, 11.535, 13.371, 15.805, 16.853, 16.924, 17.591, 19.496, 22.185, 24.339, 25.171, 25.12, 25.147, 25.186, 25.165, 25.13, 25.017, 25.019, 24.975, 24.925, 25.09, 25.439, 25.648, 25.791, 25.59, 25.538, 25.652, 25.483, 25.556, 25.549, 25.355, 25.388, 25.629, 25.942, 25.744, 25.12, 24.513, 23.868, 23.676, 23.474, 23.127, 22.959, 22.734, 22.775, 22.823, 22.878, 22.816, 22.749, 22.508, 22.035, 22.007, 22.246, 22.349, 22.424, 22.391, 22.321, 22.323, 22.404, 23.398, 24.187, 24.433, 24.754, 24.968, 24.869, 25.649, 26.408, 26.451, 26.281, 26.127, 26.311, 27.069, 27.237, 27.194, 27.156, 27.209, 27.414, 27.426, 27.418], [3.216, 0.0, 5.069, 7.666, 8.159, 8.493, 8.425, 8.783, 9.669, 10.498, 12.405, 14.843, 15.936, 16.087, 16.9, 18.902, 21.62, 23.821, 24.712, 24.666, 24.702, 24.762, 24.727, 24.678, 24.565, 24.578, 24.537, 24.478, 24.629, 24.962, 25.165, 25.349, 25.174, 25.119, 25.225, 25.093, 25.225, 25.231, 25.081, 25.167, 25.408, 25.693, 25.463, 24.847, 24.252, 23.551, 23.366, 23.171, 22.788, 22.621, 22.376, 22.428, 22.504, 22.587, 22.533, 22.464, 22.197, 21.722, 21.725, 22.002, 22.135, 22.239, 22.224, 22.124, 22.074, 22.028, 22.935, 23.745, 24.006, 24.303, 24.487, 24.381, 25.112, 25.855, 25.916, 25.785, 25.649, 25.819, 26.628, 26.85, 26.786, 26.718, 26.769, 26.989, 27.022, 27.02], [7.785, 5.069, 0.0, 3.265, 4.392, 4.979, 5.302, 6.357, 7.954, 9.27, 11.092, 13.536, 14.773, 15.016, 16.008, 18.199, 21.027, 23.257, 24.212, 24.194, 24.243, 24.328, 24.27, 24.197, 24.075, 24.1, 24.07, 24.0, 24.126, 24.429, 24.62, 24.856, 24.73, 24.706, 24.804, 24.711, 24.919, 24.95, 24.859, 24.997, 25.229, 25.477, 25.225, 24.666, 24.132, 23.371, 23.194, 23.038, 22.607, 22.418, 22.171, 22.254, 22.361, 22.507, 22.485, 22.43, 22.141, 21.686, 21.744, 22.059, 22.221, 22.374, 22.399, 22.242, 22.062, 21.749, 22.39, 23.161, 23.402, 23.661, 23.826, 23.722, 24.331, 25.03, 25.157, 25.139, 25.059, 25.157, 25.944, 26.261, 26.199, 26.088, 26.131, 26.354, 26.395, 26.381], [10.035, 7.666, 3.265, 0.0, 1.991, 3.06, 3.738, 5.271, 7.154, 8.751, 10.466, 12.77, 14.11, 14.357, 15.337, 17.569, 20.498, 22.79, 23.796, 23.802, 23.849, 23.961, 23.945, 23.914, 23.817, 23.848, 23.839, 23.778, 23.914, 24.244, 24.468, 24.744, 24.695, 24.723, 24.797, 24.698, 24.923, 25.003, 24.909, 25.0, 25.212, 25.444, 25.192, 24.674, 24.161, 23.407, 23.243, 23.145, 22.734, 22.522, 22.278, 22.35, 22.454, 22.64, 22.651, 22.613, 22.33, 21.889, 21.945, 22.245, 22.433, 22.63, 22.663, 22.481, 22.24, 21.818, 22.336, 23.08, 23.306, 23.58, 23.784, 23.668, 24.248, 24.97, 25.155, 25.209, 25.151, 25.19, 25.907, 26.236, 26.176, 26.053, 26.093, 26.302, 26.338, 26.325], [10.386, 8.159, 4.392, 1.991, 0.0, 1.537, 2.67, 4.706, 6.707, 8.336, 9.979, 12.138, 13.481, 13.743, 14.707, 16.946, 19.94, 22.299, 23.333, 23.343, 23.381, 23.505, 23.528, 23.533, 23.452, 23.493, 23.496, 23.447, 23.596, 23.959, 24.234, 24.557, 24.542, 24.584, 24.636, 24.53, 24.772, 24.883, 24.782, 24.853, 25.06, 25.287, 25.025, 24.502, 24.008, 23.295, 23.125, 22.999, 22.6, 22.389, 22.13, 22.185, 22.278, 22.47, 22.49, 22.449, 22.168, 21.724, 21.761, 22.041, 22.231, 22.452, 22.489, 22.307, 22.083, 21.699, 22.275, 23.062, 23.305, 23.559, 23.736, 23.58, 24.191, 24.961, 25.17, 25.231, 25.159, 25.182, 25.899, 26.216, 26.154, 26.037, 26.088, 26.301, 26.336, 26.327], [10.644, 8.493, 4.979, 3.06, 1.537, 0.0, 1.802, 4.369, 6.515, 8.123, 9.679, 11.76, 13.075, 13.362, 14.368, 16.667, 19.709, 22.081, 23.115, 23.121, 23.156, 23.279, 23.301, 23.307, 23.226, 23.272, 23.278, 23.228, 23.373, 23.741, 24.033, 24.379, 24.382, 24.444, 24.491, 24.381, 24.632, 24.745, 24.651, 24.737, 24.952, 25.183, 24.922, 24.412, 23.957, 23.28, 23.122, 22.976, 22.566, 22.362, 22.095, 22.146, 22.234, 22.431, 22.452, 22.409, 22.133, 21.697, 21.734, 22.011, 22.199, 22.434, 22.481, 22.303, 22.087, 21.711, 22.279, 23.075, 23.321, 23.545, 23.684, 23.509, 24.108, 24.871, 25.081, 25.14, 25.058, 25.062, 25.766, 26.083, 26.023, 25.909, 25.966, 26.184, 26.218, 26.209], [10.423, 8.425, 5.302, 3.738, 2.67, 1.802, 0.0, 2.926, 5.399, 7.173, 8.922, 11.271, 12.692, 12.98, 14.026, 16.488, 19.71, 22.166, 23.202, 23.202, 23.229, 23.33, 23.339, 23.342, 23.257, 23.299, 23.304, 23.253, 23.419, 23.812, 24.107, 24.424, 24.41, 24.481, 24.528, 24.39, 24.611, 24.723, 24.607, 24.675, 24.908, 25.17, 24.926, 24.414, 23.957, 23.299, 23.136, 22.988, 22.589, 22.389, 22.131, 22.172, 22.247, 22.446, 22.474, 22.431, 22.154, 21.711, 21.744, 21.999, 22.179, 22.411, 22.452, 22.28, 22.077, 21.759, 22.396, 23.211, 23.462, 23.695, 23.839, 23.656, 24.277, 25.057, 25.267, 25.318, 25.226, 25.228, 25.934, 26.247, 26.207, 26.109, 26.17, 26.388, 26.414, 26.399], [10.439, 8.783, 6.357, 5.271, 4.706, 4.369, 2.926, 0.0, 3.025, 5.297, 7.541, 10.492, 12.121, 12.373, 13.467, 16.174, 19.698, 22.284, 23.326, 23.333, 23.365, 23.455, 23.446, 23.441, 23.342, 23.376, 23.388, 23.344, 23.546, 23.963, 24.238, 24.494, 24.441, 24.504, 24.533, 24.346, 24.522, 24.638, 24.492, 24.524, 24.772, 25.09, 24.894, 24.386, 23.908, 23.269, 23.124, 22.988, 22.596, 22.388, 22.163, 22.202, 22.263, 22.46, 22.49, 22.44, 22.155, 21.708, 21.737, 21.953, 22.115, 22.338, 22.375, 22.228, 22.051, 21.843, 22.617, 23.472, 23.721, 23.965, 24.129, 23.94, 24.587, 25.398, 25.613, 25.655, 25.553, 25.554, 26.261, 26.577, 26.552, 26.464, 26.528, 26.748, 26.762, 26.732], [10.971, 9.669, 7.954, 7.154, 6.707, 6.515, 5.399, 3.025, 0.0, 2.859, 5.911, 9.517, 11.311, 11.521, 12.682, 15.535, 19.275, 21.977, 23.032, 23.042, 23.08, 23.182, 23.174, 23.154, 23.033, 23.061, 23.097, 23.069, 23.307, 23.758, 24.033, 24.273, 24.202, 24.226, 24.228, 24.002, 24.149, 24.271, 24.107, 24.125, 24.39, 24.779, 24.663, 24.192, 23.71, 23.086, 22.998, 22.894, 22.475, 22.221, 21.992, 22.031, 22.095, 22.295, 22.319, 22.259, 21.965, 21.508, 21.537, 21.733, 21.878, 22.092, 22.129, 22.015, 21.87, 21.725, 22.635, 23.572, 23.827, 24.059, 24.229, 24.038, 24.693, 25.515, 25.727, 25.757, 25.64, 25.642, 26.365, 26.682, 26.649, 26.557, 26.623, 26.847, 26.858, 26.825], [11.535, 10.498, 9.27, 8.751, 8.336, 8.123, 7.173, 5.297, 2.859, 0.0, 3.992, 8.329, 10.29, 10.534, 11.844, 14.885, 18.803, 21.577, 22.628, 22.632, 22.66, 22.751, 22.731, 22.693, 22.548, 22.577, 22.633, 22.61, 22.86, 23.342, 23.632, 23.862, 23.758, 23.751, 23.741, 23.497, 23.641, 23.762, 23.597, 23.637, 23.929, 24.363, 24.303, 23.877, 23.437, 22.843, 22.795, 22.685, 22.222, 21.943, 21.72, 21.78, 21.849, 22.055, 22.071, 22.004, 21.713, 21.261, 21.309, 21.514, 21.648, 21.848, 21.885, 21.78, 21.656, 21.555, 22.555, 23.553, 23.819, 24.027, 24.178, 23.988, 24.635, 25.447, 25.649, 25.663, 25.531, 25.537, 26.285, 26.611, 26.578, 26.481, 26.55, 26.782, 26.793, 26.758], [13.371, 12.405, 11.092, 10.466, 9.979, 9.679, 8.922, 7.541, 5.911, 3.992, 0.0, 5.087, 7.557, 8.029, 9.711, 13.256, 17.671, 20.619, 21.714, 21.738, 21.761, 21.847, 21.805, 21.747, 21.577, 21.605, 21.677, 21.64, 21.836, 22.308, 22.652, 22.99, 22.957, 22.955, 22.915, 22.665, 22.841, 22.98, 22.872, 22.993, 23.324, 23.792, 23.775, 23.464, 23.172, 22.654, 22.728, 22.587, 22.014, 21.721, 21.516, 21.634, 21.685, 21.874, 21.883, 21.797, 21.483, 21.058, 21.171, 21.424, 21.566, 21.792, 21.854, 21.696, 21.488, 21.226, 22.092, 23.078, 23.324, 23.467, 23.55, 23.328, 23.911, 24.704, 24.941, 24.996, 24.857, 24.81, 25.623, 26.031, 26.012, 25.896, 25.975, 26.238, 26.259, 26.221], [15.805, 14.843, 13.536, 12.77, 12.138, 11.76, 11.271, 10.492, 9.517, 8.329, 5.087, 0.0, 3.226, 4.364, 6.58, 10.585, 15.452, 18.643, 19.854, 19.938, 19.998, 20.115, 20.062, 20.044, 19.919, 19.962, 20.098, 20.084, 20.233, 20.731, 21.191, 21.729, 21.862, 21.888, 21.774, 21.513, 21.745, 21.928, 21.881, 22.089, 22.474, 22.99, 23.031, 22.855, 22.764, 22.46, 22.78, 22.621, 21.947, 21.659, 21.429, 21.577, 21.607, 21.74, 21.712, 21.595, 21.252, 20.828, 20.957, 21.265, 21.467, 21.756, 21.819, 21.583, 21.282, 20.782, 21.454, 22.461, 22.727, 22.822, 22.846, 22.604, 23.133, 23.907, 24.194, 24.305, 24.161, 24.061, 24.929, 25.398, 25.371, 25.225, 25.324, 25.628, 25.679, 25.662], [16.853, 15.936, 14.773, 14.11, 13.481, 13.075, 12.692, 12.121, 11.311, 10.29, 7.557, 3.226, 0.0, 2.147, 4.999, 9.095, 14.19, 17.554, 18.827, 18.918, 19.013, 19.148, 19.037, 18.994, 18.874, 18.901, 19.07, 19.08, 19.206, 19.713, 20.241, 20.911, 21.118, 21.144, 20.981, 20.694, 20.961, 21.137, 21.142, 21.464, 21.908, 22.485, 22.583, 22.46, 22.455, 22.272, 22.786, 22.626, 21.856, 21.547, 21.279, 21.448, 21.498, 21.611, 21.555, 21.419, 21.055, 20.62, 20.765, 21.134, 21.374, 21.685, 21.742, 21.465, 21.144, 20.524, 21.103, 22.15, 22.46, 22.509, 22.472, 22.24, 22.724, 23.455, 23.74, 23.853, 23.707, 23.622, 24.542, 25.036, 24.997, 24.835, 24.952, 25.283, 25.359, 25.351], [16.924, 16.087, 15.016, 14.357, 13.743, 13.362, 12.98, 12.373, 11.521, 10.534, 8.029, 4.364, 2.147, 0.0, 3.471, 8.145, 13.678, 17.228, 18.545, 18.637, 18.74, 18.868, 18.73, 18.658, 18.52, 18.54, 18.714, 18.726, 18.871, 19.393, 19.929, 20.606, 20.8, 20.808, 20.633, 20.304, 20.556, 20.737, 20.73, 21.05, 21.506, 22.132, 22.273, 22.153, 22.138, 21.956, 22.516, 22.406, 21.637, 21.303, 21.014, 21.178, 21.231, 21.357, 21.304, 21.166, 20.793, 20.347, 20.492, 20.871, 21.124, 21.439, 21.497, 21.214, 20.886, 20.25, 20.861, 21.941, 22.267, 22.324, 22.283, 22.051, 22.545, 23.289, 23.576, 23.686, 23.541, 23.477, 24.425, 24.926, 24.886, 24.725, 24.849, 25.177, 25.254, 25.253], [17.591, 16.9, 16.008, 15.337, 14.707, 14.368, 14.026, 13.467, 12.682, 11.844, 9.711, 6.58, 4.999, 3.471, 0.0, 5.622, 12.104, 16.099, 17.543, 17.671, 17.792, 17.916, 17.781, 17.745, 17.657, 17.734, 17.949, 17.976, 18.152, 18.713, 19.285, 19.965, 20.184, 20.246, 20.074, 19.698, 19.942, 20.144, 20.108, 20.404, 20.878, 21.558, 21.738, 21.62, 21.641, 21.567, 22.187, 22.099, 21.415, 21.136, 20.852, 21.004, 21.057, 21.206, 21.157, 21.013, 20.642, 20.179, 20.287, 20.635, 20.887, 21.212, 21.258, 20.981, 20.678, 20.096, 20.772, 21.859, 22.192, 22.275, 22.236, 21.984, 22.516, 23.302, 23.605, 23.719, 23.576, 23.547, 24.518, 24.999, 24.959, 24.799, 24.93, 25.248, 25.324, 25.334], [19.496, 18.902, 18.199, 17.569, 16.946, 16.667, 16.488, 16.174, 15.535, 14.885, 13.256, 10.585, 9.095, 8.145, 5.622, 0.0, 7.632, 12.592, 14.363, 14.577, 14.749, 14.963, 14.89, 14.955, 14.99, 15.153, 15.493, 15.583, 15.78, 16.424, 17.13, 17.954, 18.365, 18.618, 18.498, 18.117, 18.376, 18.62, 18.562, 18.853, 19.365, 20.127, 20.415, 20.437, 20.648, 20.831, 21.67, 21.61, 20.997, 20.852, 20.635, 20.823, 20.898, 21.04, 20.984, 20.847, 20.526, 20.059, 20.1, 20.425, 20.656, 20.996, 21.047, 20.841, 20.634, 20.139, 20.876, 22.032, 22.412, 22.479, 22.414, 22.147, 22.644, 23.415, 23.722, 23.834, 23.699, 23.71, 24.622, 25.054, 25.004, 24.825, 24.966, 25.286, 25.382, 25.406], [22.185, 21.62, 21.027, 20.498, 19.94, 19.709, 19.71, 19.698, 19.275, 18.803, 17.671, 15.452, 14.19, 13.678, 12.104, 7.632, 0.0, 5.971, 8.428, 8.986, 9.278, 9.767, 10.063, 10.587, 11.034, 11.445, 12.01, 12.248, 12.621, 13.556, 14.588, 15.519, 16.267, 16.974, 17.08, 16.891, 17.182, 17.518, 17.32, 17.382, 17.801, 18.438, 18.799, 19.063, 19.547, 20.152, 21.186, 21.164, 20.721, 20.812, 20.905, 21.248, 21.346, 21.4, 21.307, 21.2, 21.063, 20.732, 20.636, 20.856, 21.064, 21.4, 21.461, 21.424, 21.388, 21.182, 22.046, 23.283, 23.754, 23.844, 23.836, 23.619, 24.066, 24.771, 25.027, 25.094, 24.965, 24.968, 25.563, 25.878, 25.868, 25.692, 25.809, 26.105, 26.214, 26.271], [24.339, 23.821, 23.257, 22.79, 22.299, 22.081, 22.166, 22.284, 21.977, 21.577, 20.619, 18.643, 17.554, 17.228, 16.099, 12.592, 5.971, 0.0, 3.213, 4.586, 5.275, 6.309, 7.145, 8.227, 9.122, 9.744, 10.433, 10.76, 11.199, 12.245, 13.465, 14.43, 15.498, 16.604, 16.963, 17.052, 17.419, 17.809, 17.512, 17.384, 17.662, 18.048, 18.378, 18.792, 19.418, 20.293, 21.427, 21.422, 21.045, 21.241, 21.654, 22.217, 22.371, 22.348, 22.22, 22.15, 22.174, 21.999, 21.846, 21.992, 22.18, 22.493, 22.559, 22.635, 22.671, 22.653, 23.513, 24.676, 25.146, 25.241, 25.301, 25.145, 25.548, 26.18, 26.396, 26.437, 26.3, 26.236, 26.544, 26.792, 26.84, 26.689, 26.777, 27.04, 27.144, 27.219], [25.171, 24.712, 24.212, 23.796, 23.333, 23.115, 23.202, 23.326, 23.032, 22.628, 21.714, 19.854, 18.827, 18.545, 17.543, 14.363, 8.428, 3.213, 0.0, 2.115, 3.336, 4.689, 5.809, 7.174, 8.257, 8.931, 9.665, 10.057, 10.528, 11.594, 12.863, 13.845, 15.065, 16.361, 16.853, 17.057, 17.467, 17.889, 17.57, 17.378, 17.608, 17.913, 18.234, 18.683, 19.35, 20.338, 21.53, 21.541, 21.169, 21.369, 21.898, 22.579, 22.826, 22.806, 22.658, 22.589, 22.644, 22.499, 22.331, 22.448, 22.614, 22.91, 22.972, 23.099, 23.171, 23.237, 24.109, 25.204, 25.629, 25.713, 25.803, 25.659, 26.051, 26.673, 26.887, 26.924, 26.784, 26.697, 26.925, 27.158, 27.235, 27.107, 27.186, 27.432, 27.521, 27.586], [25.12, 24.666, 24.194, 23.802, 23.343, 23.121, 23.202, 23.333, 23.042, 22.632, 21.738, 19.938, 18.918, 18.637, 17.671, 14.577, 8.986, 4.586, 2.115, 0.0, 1.844, 3.637, 4.961, 6.385, 7.479, 8.166, 8.89, 9.334, 9.886, 11.031, 12.362, 13.408, 14.703, 16.103, 16.669, 16.887, 17.306, 17.736, 17.41, 17.197, 17.406, 17.702, 18.022, 18.469, 19.13, 20.096, 21.312, 21.35, 20.981, 21.167, 21.681, 22.373, 22.675, 22.705, 22.557, 22.474, 22.511, 22.358, 22.201, 22.317, 22.464, 22.742, 22.803, 22.939, 23.027, 23.107, 24.008, 25.099, 25.502, 25.57, 25.647, 25.485, 25.88, 26.513, 26.729, 26.761, 26.619, 26.531, 26.781, 27.031, 27.108, 26.978, 27.056, 27.302, 27.391, 27.451], [25.147, 24.702, 24.243, 23.849, 23.381, 23.156, 23.229, 23.365, 23.08, 22.66, 21.761, 19.998, 19.013, 18.74, 17.792, 14.749, 9.278, 5.275, 3.336, 1.844, 0.0, 2.328, 4.216, 5.873, 7.038, 7.799, 8.506, 8.985, 9.676, 10.935, 12.333, 13.385, 14.703, 16.196, 16.81, 17.013, 17.405, 17.837, 17.476, 17.2, 17.385, 17.662, 17.959, 18.386, 19.05, 20.002, 21.179, 21.227, 20.915, 21.13, 21.639, 22.308, 22.595, 22.639, 22.502, 22.42, 22.461, 22.321, 22.168, 22.265, 22.393, 22.653, 22.709, 22.849, 22.953, 23.075, 24.016, 25.107, 25.496, 25.564, 25.649, 25.47, 25.889, 26.559, 26.785, 26.814, 26.667, 26.57, 26.809, 27.062, 27.146, 27.016, 27.093, 27.342, 27.429, 27.487], [25.186, 24.762, 24.328, 23.961, 23.505, 23.279, 23.33, 23.455, 23.182, 22.751, 21.847, 20.115, 19.148, 18.868, 17.916, 14.963, 9.767, 6.309, 4.689, 3.637, 2.328, 0.0, 2.615, 4.852, 6.285, 7.25, 8.033, 8.53, 9.377, 10.793, 12.252, 13.309, 14.575, 16.049, 16.678, 16.862, 17.254, 17.693, 17.315, 17.028, 17.23, 17.528, 17.79, 18.175, 18.862, 19.824, 20.968, 21.011, 20.737, 20.97, 21.465, 22.12, 22.412, 22.466, 22.332, 22.253, 22.294, 22.14, 21.97, 22.056, 22.187, 22.453, 22.514, 22.655, 22.767, 22.916, 23.922, 25.049, 25.44, 25.496, 25.57, 25.375, 25.806, 26.502, 26.743, 26.779, 26.634, 26.54, 26.792, 27.047, 27.131, 27.001, 27.083, 27.338, 27.423, 27.478], [25.165, 24.727, 24.27, 23.945, 23.528, 23.301, 23.339, 23.446, 23.174, 22.731, 21.805, 20.062, 19.037, 18.73, 17.781, 14.89, 10.063, 7.145, 5.809, 4.961, 4.216, 2.615, 0.0, 2.756, 4.657, 5.947, 6.986, 7.512, 8.402, 9.901, 11.383, 12.551, 13.822, 15.209, 15.867, 16.067, 16.511, 16.942, 16.626, 16.498, 16.793, 17.19, 17.502, 17.945, 18.695, 19.634, 20.826, 20.874, 20.532, 20.732, 21.174, 21.824, 22.138, 22.214, 22.081, 22.009, 22.042, 21.863, 21.698, 21.816, 21.983, 22.279, 22.369, 22.504, 22.59, 22.649, 23.644, 24.822, 25.226, 25.208, 25.194, 24.991, 25.362, 25.999, 26.238, 26.287, 26.159, 26.078, 26.378, 26.664, 26.733, 26.589, 26.679, 26.943, 27.041, 27.096], [25.13, 24.678, 24.197, 23.914, 23.533, 23.307, 23.342, 23.441, 23.154, 22.693, 21.747, 20.044, 18.994, 18.658, 17.745, 14.955, 10.587, 8.227, 7.174, 6.385, 5.873, 4.852, 2.756, 0.0, 2.371, 4.221, 5.576, 6.159, 7.108, 8.627, 10.081, 11.386, 12.688, 14.058, 14.827, 15.074, 15.569, 15.981, 15.728, 15.74, 16.082, 16.562, 16.977, 17.528, 18.338, 19.196, 20.453, 20.549, 20.152, 20.312, 20.697, 21.346, 21.67, 21.768, 21.636, 21.555, 21.583, 21.439, 21.347, 21.502, 21.673, 21.979, 22.087, 22.223, 22.29, 22.283, 23.304, 24.55, 24.959, 24.87, 24.783, 24.58, 24.888, 25.466, 25.693, 25.749, 25.634, 25.555, 25.9, 26.227, 26.269, 26.105, 26.198, 26.469, 26.583, 26.64], [25.017, 24.565, 24.075, 23.817, 23.452, 23.226, 23.257, 23.342, 23.033, 22.548, 21.577, 19.919, 18.874, 18.52, 17.657, 14.99, 11.034, 9.122, 8.257, 7.479, 7.038, 6.285, 4.657, 2.371, 0.0, 2.489, 4.258, 4.969, 6.063, 7.658, 9.156, 10.653, 11.994, 13.338, 14.181, 14.441, 14.94, 15.331, 15.108, 15.181, 15.531, 16.064, 16.561, 17.157, 17.967, 18.747, 20.048, 20.192, 19.762, 19.873, 20.217, 20.878, 21.202, 21.311, 21.18, 21.085, 21.095, 21.006, 21.028, 21.237, 21.396, 21.695, 21.795, 21.909, 21.952, 21.901, 22.959, 24.255, 24.667, 24.553, 24.454, 24.26, 24.551, 25.115, 25.335, 25.388, 25.28, 25.196, 25.571, 25.921, 25.946, 25.775, 25.871, 26.145, 26.264, 26.318], [25.019, 24.578, 24.1, 23.848, 23.493, 23.272, 23.299, 23.376, 23.061, 22.577, 21.605, 19.962, 18.901, 18.54, 17.734, 15.153, 11.445, 9.744, 8.931, 8.166, 7.799, 7.25, 5.947, 4.221, 2.489, 0.0, 2.356, 3.595, 4.874, 6.577, 8.234, 9.989, 11.504, 12.873, 13.716, 13.972, 14.432, 14.815, 14.63, 14.745, 15.108, 15.673, 16.232, 16.86, 17.686, 18.494, 19.9, 20.082, 19.591, 19.656, 19.994, 20.684, 21.025, 21.13, 21.002, 20.905, 20.91, 20.835, 20.912, 21.177, 21.348, 21.649, 21.739, 21.829, 21.855, 21.765, 22.78, 24.068, 24.479, 24.329, 24.206, 24.018, 24.292, 24.835, 25.05, 25.1, 24.992, 24.903, 25.285, 25.633, 25.651, 25.479, 25.573, 25.851, 25.975, 26.029], [24.975, 24.537, 24.07, 23.839, 23.496, 23.278, 23.304, 23.388, 23.097, 22.633, 21.677, 20.098, 19.07, 18.714, 17.949, 15.493, 12.01, 10.433, 9.665, 8.89, 8.506, 8.033, 6.986, 5.576, 4.258, 2.356, 0.0, 2.027, 3.91, 5.728, 7.493, 9.373, 10.991, 12.501, 13.384, 13.616, 14.012, 14.369, 14.197, 14.315, 14.651, 15.183, 15.736, 16.372, 17.231, 18.055, 19.512, 19.709, 19.201, 19.267, 19.626, 20.337, 20.684, 20.8, 20.689, 20.599, 20.622, 20.583, 20.678, 20.946, 21.13, 21.452, 21.547, 21.642, 21.684, 21.631, 22.666, 23.956, 24.357, 24.158, 23.989, 23.792, 24.06, 24.6, 24.811, 24.855, 24.742, 24.643, 25.037, 25.406, 25.41, 25.231, 25.33, 25.616, 25.744, 25.799], [24.925, 24.478, 24.0, 23.778, 23.447, 23.228, 23.253, 23.344, 23.069, 22.61, 21.64, 20.084, 19.08, 18.726, 17.976, 15.583, 12.248, 10.76, 10.057, 9.334, 8.985, 8.53, 7.512, 6.159, 4.969, 3.595, 2.027, 0.0, 2.6, 4.839, 6.795, 8.835, 10.539, 12.119, 13.072, 13.291, 13.658, 14.005, 13.846, 14.0, 14.338, 14.857, 15.386, 16.038, 16.946, 17.744, 19.205, 19.399, 18.859, 18.924, 19.29, 20.021, 20.363, 20.481, 20.387, 20.309, 20.341, 20.331, 20.465, 20.742, 20.944, 21.326, 21.458, 21.547, 21.582, 21.525, 22.577, 23.903, 24.32, 24.106, 23.91, 23.707, 23.954, 24.469, 24.674, 24.718, 24.606, 24.496, 24.888, 25.277, 25.266, 25.077, 25.178, 25.466, 25.597, 25.655], [25.09, 24.629, 24.126, 23.914, 23.596, 23.373, 23.419, 23.546, 23.307, 22.86, 21.836, 20.233, 19.206, 18.871, 18.152, 15.78, 12.621, 11.199, 10.528, 9.886, 9.676, 9.377, 8.402, 7.108, 6.063, 4.874, 3.91, 2.6, 0.0, 2.731, 5.344, 8.022, 10.017, 11.635, 12.604, 12.912, 13.347, 13.671, 13.652, 13.976, 14.322, 14.774, 15.26, 15.975, 16.984, 17.79, 19.294, 19.458, 18.815, 18.858, 19.23, 20.01, 20.375, 20.496, 20.414, 20.348, 20.382, 20.379, 20.556, 20.881, 21.082, 21.501, 21.695, 21.782, 21.79, 21.65, 22.586, 23.875, 24.292, 24.011, 23.728, 23.497, 23.654, 24.097, 24.294, 24.348, 24.241, 24.121, 24.518, 24.921, 24.892, 24.687, 24.787, 25.085, 25.227, 25.287], [25.439, 24.962, 24.429, 24.244, 23.959, 23.741, 23.812, 23.963, 23.758, 23.342, 22.308, 20.731, 19.713, 19.393, 18.713, 16.424, 13.556, 12.245, 11.594, 11.031, 10.935, 10.793, 9.901, 8.627, 7.658, 6.577, 5.728, 4.839, 2.731, 0.0, 3.291, 6.902, 9.311, 11.001, 12.012, 12.445, 12.964, 13.252, 13.416, 13.927, 14.247, 14.609, 15.088, 15.911, 17.024, 17.827, 19.41, 19.585, 18.868, 18.889, 19.275, 20.114, 20.518, 20.653, 20.584, 20.533, 20.571, 20.57, 20.781, 21.145, 21.332, 21.751, 21.977, 22.089, 22.095, 21.879, 22.673, 23.898, 24.295, 23.924, 23.55, 23.308, 23.363, 23.705, 23.884, 23.95, 23.856, 23.72, 24.108, 24.534, 24.482, 24.261, 24.361, 24.663, 24.814, 24.873], [25.648, 25.165, 24.62, 24.468, 24.234, 24.033, 24.107, 24.238, 24.033, 23.632, 22.652, 21.191, 20.241, 19.929, 19.285, 17.13, 14.588, 13.465, 12.863, 12.362, 12.333, 12.252, 11.383, 10.081, 9.156, 8.234, 7.493, 6.795, 5.344, 3.291, 0.0, 4.488, 7.549, 9.544, 10.763, 11.364, 11.999, 12.33, 12.574, 13.157, 13.446, 13.775, 14.286, 15.235, 16.452, 17.251, 18.964, 19.232, 18.506, 18.528, 18.945, 19.832, 20.268, 20.42, 20.352, 20.307, 20.349, 20.356, 20.589, 20.982, 21.192, 21.619, 21.845, 22.009, 22.062, 21.872, 22.644, 23.854, 24.242, 23.863, 23.516, 23.316, 23.334, 23.624, 23.791, 23.871, 23.791, 23.604, 23.91, 24.345, 24.276, 24.043, 24.134, 24.424, 24.574, 24.624], [25.791, 25.349, 24.856, 24.744, 24.557, 24.379, 24.424, 24.494, 24.273, 23.862, 22.99, 21.729, 20.911, 20.606, 19.965, 17.954, 15.519, 14.43, 13.845, 13.408, 13.385, 13.309, 12.551, 11.386, 10.653, 9.989, 9.373, 8.835, 8.022, 6.902, 4.488, 0.0, 4.162, 7.501, 9.234, 10.051, 10.814, 11.31, 11.354, 11.677, 11.859, 12.04, 12.475, 13.476, 14.877, 15.856, 17.63, 17.999, 17.435, 17.621, 18.209, 19.12, 19.522, 19.654, 19.574, 19.521, 19.608, 19.699, 19.941, 20.31, 20.596, 21.04, 21.21, 21.441, 21.628, 21.82, 22.858, 24.067, 24.472, 24.239, 24.099, 23.97, 24.103, 24.506, 24.704, 24.792, 24.707, 24.469, 24.622, 25.013, 25.005, 24.792, 24.861, 25.139, 25.267, 25.299], [25.59, 25.174, 24.73, 24.695, 24.542, 24.382, 24.41, 24.441, 24.202, 23.758, 22.957, 21.862, 21.118, 20.8, 20.184, 18.365, 16.267, 15.498, 15.065, 14.703, 14.703, 14.575, 13.822, 12.688, 11.994, 11.504, 10.991, 10.539, 10.017, 9.311, 7.549, 4.162, 0.0, 4.591, 7.084, 8.191, 9.232, 9.798, 9.833, 10.223, 10.424, 10.587, 10.958, 11.964, 13.577, 14.532, 16.203, 16.611, 16.135, 16.445, 17.128, 18.054, 18.436, 18.573, 18.48, 18.413, 18.519, 18.662, 18.941, 19.321, 19.708, 20.195, 20.331, 20.563, 20.796, 21.251, 22.69, 24.033, 24.466, 24.292, 24.22, 24.124, 24.326, 24.795, 24.992, 25.06, 24.973, 24.759, 24.925, 25.314, 25.34, 25.147, 25.221, 25.505, 25.62, 25.637], [25.538, 25.119, 24.706, 24.723, 24.584, 24.444, 24.481, 24.504, 24.226, 23.751, 22.955, 21.888, 21.144, 20.808, 20.246, 18.618, 16.974, 16.604, 16.361, 16.103, 16.196, 16.049, 15.209, 14.058, 13.338, 12.873, 12.501, 12.119, 11.635, 11.001, 9.544, 7.501, 4.591, 0.0, 3.46, 5.288, 6.934, 7.629, 8.015, 8.942, 9.318, 9.7, 10.247, 11.474, 13.285, 14.083, 15.782, 16.244, 15.625, 15.836, 16.453, 17.406, 17.834, 18.004, 17.908, 17.854, 17.967, 18.075, 18.369, 18.814, 19.291, 19.876, 20.077, 20.313, 20.52, 20.853, 22.426, 23.988, 24.482, 24.254, 24.098, 24.006, 24.165, 24.56, 24.72, 24.768, 24.679, 24.495, 24.732, 25.136, 25.137, 24.944, 25.04, 25.343, 25.465, 25.491], [25.652, 25.225, 24.804, 24.797, 24.636, 24.491, 24.528, 24.533, 24.228, 23.741, 22.915, 21.774, 20.981, 20.633, 20.074, 18.498, 17.08, 16.963, 16.853, 16.669, 16.81, 16.678, 15.867, 14.827, 14.181, 13.716, 13.384, 13.072, 12.604, 12.012, 10.763, 9.234, 7.084, 3.46, 0.0, 2.74, 5.189, 6.116, 6.817, 8.097, 8.609, 9.203, 9.976, 11.397, 13.348, 14.219, 15.941, 16.356, 15.637, 15.774, 16.339, 17.285, 17.721, 17.918, 17.843, 17.803, 17.925, 18.01, 18.28, 18.728, 19.208, 19.836, 20.083, 20.346, 20.567, 20.84, 22.364, 23.986, 24.527, 24.273, 24.087, 23.997, 24.138, 24.511, 24.671, 24.722, 24.622, 24.44, 24.682, 25.068, 25.061, 24.87, 24.979, 25.306, 25.437, 25.468], [25.483, 25.093, 24.711, 24.698, 24.53, 24.381, 24.39, 24.346, 24.002, 23.497, 22.665, 21.513, 20.694, 20.304, 19.698, 18.117, 16.891, 17.052, 17.057, 16.887, 17.013, 16.862, 16.067, 15.074, 14.441, 13.972, 13.616, 13.291, 12.912, 12.445, 11.364, 10.051, 8.191, 5.288, 2.74, 0.0, 2.97, 4.218, 5.108, 6.716, 7.447, 8.467, 9.558, 11.047, 13.024, 13.988, 15.795, 16.251, 15.561, 15.67, 16.183, 17.096, 17.519, 17.759, 17.724, 17.69, 17.797, 17.87, 18.141, 18.572, 19.02, 19.63, 19.878, 20.154, 20.386, 20.673, 22.213, 23.848, 24.404, 24.185, 24.032, 23.96, 24.127, 24.514, 24.675, 24.724, 24.626, 24.464, 24.72, 25.094, 25.092, 24.906, 25.022, 25.35, 25.477, 25.504], [25.556, 25.225, 24.919, 24.923, 24.772, 24.632, 24.611, 24.522, 24.149, 23.641, 22.841, 21.745, 20.961, 20.556, 19.942, 18.376, 17.182, 17.419, 17.467, 17.306, 17.405, 17.254, 16.511, 15.569, 14.94, 14.432, 14.012, 13.658, 13.347, 12.964, 11.999, 10.814, 9.232, 6.934, 5.189, 2.97, 0.0, 2.085, 3.219, 5.166, 6.158, 7.675, 9.143, 10.695, 12.655, 13.798, 15.763, 16.294, 15.685, 15.793, 16.291, 17.16, 17.541, 17.773, 17.772, 17.755, 17.88, 17.963, 18.221, 18.606, 19.008, 19.587, 19.816, 20.129, 20.402, 20.776, 22.349, 23.982, 24.548, 24.372, 24.267, 24.225, 24.417, 24.811, 24.964, 25.006, 24.919, 24.787, 25.028, 25.375, 25.39, 25.222, 25.333, 25.641, 25.753, 25.775], [25.549, 25.231, 24.95, 25.003, 24.883, 24.745, 24.723, 24.638, 24.271, 23.762, 22.98, 21.928, 21.137, 20.737, 20.144, 18.62, 17.518, 17.809, 17.889, 17.736, 17.837, 17.693, 16.942, 15.981, 15.331, 14.815, 14.369, 14.005, 13.671, 13.252, 12.33, 11.31, 9.798, 7.629, 6.116, 4.218, 2.085, 0.0, 2.658, 5.498, 6.723, 8.337, 9.801, 11.253, 13.148, 14.238, 16.158, 16.634, 15.981, 16.042, 16.471, 17.325, 17.693, 17.912, 17.913, 17.895, 18.0, 18.063, 18.332, 18.733, 19.1, 19.626, 19.838, 20.132, 20.398, 20.724, 22.261, 23.895, 24.459, 24.254, 24.124, 24.111, 24.29, 24.643, 24.773, 24.801, 24.725, 24.643, 24.941, 25.295, 25.304, 25.141, 25.254, 25.566, 25.682, 25.702], [25.355, 25.081, 24.859, 24.909, 24.782, 24.651, 24.607, 24.492, 24.107, 23.597, 22.872, 21.881, 21.142, 20.73, 20.108, 18.562, 17.32, 17.512, 17.57, 17.41, 17.476, 17.315, 16.626, 15.728, 15.108, 14.63, 14.197, 13.846, 13.652, 13.416, 12.574, 11.354, 9.833, 8.015, 6.817, 5.108, 3.219, 2.658, 0.0, 3.263, 4.831, 6.8, 8.475, 9.985, 11.909, 13.187, 15.192, 15.735, 15.215, 15.352, 15.87, 16.728, 17.058, 17.26, 17.26, 17.243, 17.403, 17.511, 17.751, 18.106, 18.463, 18.991, 19.195, 19.554, 19.902, 20.45, 22.185, 23.867, 24.454, 24.319, 24.276, 24.297, 24.59, 25.036, 25.187, 25.213, 25.129, 25.021, 25.257, 25.603, 25.652, 25.502, 25.597, 25.887, 25.996, 26.021], [25.388, 25.167, 24.997, 25.0, 24.853, 24.737, 24.675, 24.524, 24.125, 23.637, 22.993, 22.089, 21.464, 21.05, 20.404, 18.853, 17.382, 17.384, 17.378, 17.197, 17.2, 17.028, 16.498, 15.74, 15.181, 14.745, 14.315, 14.0, 13.976, 13.927, 13.157, 11.677, 10.223, 8.942, 8.097, 6.716, 5.166, 5.498, 3.263, 0.0, 2.019, 4.585, 6.64, 8.31, 10.295, 11.888, 14.013, 14.719, 14.464, 14.728, 15.408, 16.253, 16.53, 16.712, 16.715, 16.707, 16.956, 17.167, 17.357, 17.593, 17.922, 18.461, 18.649, 19.099, 19.547, 20.421, 22.385, 24.074, 24.676, 24.652, 24.764, 24.802, 25.232, 25.829, 26.027, 26.066, 25.97, 25.795, 25.889, 26.205, 26.289, 26.151, 26.222, 26.472, 26.561, 26.595], [25.629, 25.408, 25.229, 25.212, 25.06, 24.952, 24.908, 24.772, 24.39, 23.929, 23.324, 22.474, 21.908, 21.506, 20.878, 19.365, 17.801, 17.662, 17.608, 17.406, 17.385, 17.23, 16.793, 16.082, 15.531, 15.108, 14.651, 14.338, 14.322, 14.247, 13.446, 11.859, 10.424, 9.318, 8.609, 7.447, 6.158, 6.723, 4.831, 2.019, 0.0, 2.897, 5.333, 7.302, 9.422, 11.166, 13.421, 14.257, 14.138, 14.474, 15.251, 16.109, 16.386, 16.561, 16.563, 16.557, 16.853, 17.154, 17.355, 17.542, 17.851, 18.405, 18.594, 19.074, 19.548, 20.552, 22.584, 24.247, 24.845, 24.859, 25.035, 25.074, 25.525, 26.168, 26.388, 26.437, 26.333, 26.111, 26.132, 26.445, 26.539, 26.403, 26.464, 26.69, 26.766, 26.806], [25.942, 25.693, 25.477, 25.444, 25.287, 25.183, 25.17, 25.09, 24.779, 24.363, 23.792, 22.99, 22.485, 22.132, 21.558, 20.127, 18.438, 18.048, 17.913, 17.702, 17.662, 17.528, 17.19, 16.562, 16.064, 15.673, 15.183, 14.857, 14.774, 14.609, 13.775, 12.04, 10.587, 9.7, 9.203, 8.467, 7.675, 8.337, 6.8, 4.585, 2.897, 0.0, 2.942, 5.591, 8.119, 10.111, 12.471, 13.383, 13.401, 13.893, 14.846, 15.765, 16.054, 16.2, 16.194, 16.198, 16.554, 16.969, 17.2, 17.364, 17.687, 18.281, 18.474, 18.989, 19.492, 20.666, 22.775, 24.4, 24.998, 25.047, 25.285, 25.315, 25.776, 26.472, 26.725, 26.792, 26.684, 26.421, 26.378, 26.691, 26.801, 26.67, 26.72, 26.925, 26.991, 27.035], [25.744, 25.463, 25.225, 25.192, 25.025, 24.922, 24.926, 24.894, 24.663, 24.303, 23.775, 23.031, 22.583, 22.273, 21.738, 20.415, 18.799, 18.378, 18.234, 18.022, 17.959, 17.79, 17.502, 16.977, 16.561, 16.232, 15.736, 15.386, 15.26, 15.088, 14.286, 12.475, 10.958, 10.247, 9.976, 9.558, 9.143, 9.801, 8.475, 6.64, 5.333, 2.942, 0.0, 3.301, 6.499, 8.805, 11.145, 12.023, 12.153, 12.814, 13.901, 14.885, 15.208, 15.348, 15.336, 15.343, 15.714, 16.178, 16.435, 16.601, 16.982, 17.639, 17.834, 18.365, 18.909, 20.253, 22.492, 24.117, 24.711, 24.79, 25.077, 25.083, 25.588, 26.37, 26.661, 26.745, 26.646, 26.377, 26.325, 26.64, 26.756, 26.634, 26.683, 26.885, 26.947, 26.989], [25.12, 24.847, 24.666, 24.674, 24.502, 24.412, 24.414, 24.386, 24.192, 23.877, 23.464, 22.855, 22.46, 22.153, 21.62, 20.437, 19.063, 18.792, 18.683, 18.469, 18.386, 18.175, 17.945, 17.528, 17.157, 16.86, 16.372, 16.038, 15.975, 15.911, 15.235, 13.476, 11.964, 11.474, 11.397, 11.047, 10.695, 11.253, 9.985, 8.31, 7.302, 5.591, 3.301, 0.0, 3.917, 6.99, 9.478, 10.322, 10.634, 11.477, 12.647, 13.668, 14.026, 14.16, 14.145, 14.138, 14.493, 14.982, 15.268, 15.438, 15.879, 16.559, 16.718, 17.245, 17.85, 19.444, 21.891, 23.529, 24.132, 24.292, 24.68, 24.679, 25.296, 26.215, 26.552, 26.645, 26.556, 26.333, 26.365, 26.692, 26.816, 26.718, 26.771, 26.967, 27.021, 27.058], [24.513, 24.252, 24.132, 24.161, 24.008, 23.957, 23.957, 23.908, 23.71, 23.437, 23.172, 22.764, 22.455, 22.138, 21.641, 20.648, 19.547, 19.418, 19.35, 19.13, 19.05, 18.862, 18.695, 18.338, 17.967, 17.686, 17.231, 16.946, 16.984, 17.024, 16.452, 14.877, 13.577, 13.285, 13.348, 13.024, 12.655, 13.148, 11.909, 10.295, 9.422, 8.119, 6.499, 3.917, 0.0, 4.312, 7.58, 8.654, 9.161, 10.134, 11.359, 12.338, 12.71, 12.811, 12.782, 12.777, 13.146, 13.687, 14.005, 14.164, 14.657, 15.358, 15.479, 16.054, 16.736, 18.559, 21.209, 22.863, 23.492, 23.78, 24.313, 24.335, 25.063, 26.101, 26.478, 26.585, 26.506, 26.332, 26.517, 26.911, 27.03, 26.94, 26.982, 27.151, 27.195, 27.241], [23.868, 23.551, 23.371, 23.407, 23.295, 23.28, 23.299, 23.269, 23.086, 22.843, 22.654, 22.46, 22.272, 21.956, 21.567, 20.831, 20.152, 20.293, 20.338, 20.096, 20.002, 19.824, 19.634, 19.196, 18.747, 18.494, 18.055, 17.744, 17.79, 17.827, 17.251, 15.856, 14.532, 14.083, 14.219, 13.988, 13.798, 14.238, 13.187, 11.888, 11.166, 10.111, 8.805, 6.99, 4.312, 0.0, 4.416, 6.279, 6.866, 7.849, 9.033, 10.044, 10.549, 10.815, 10.856, 10.945, 11.406, 12.074, 12.554, 12.787, 13.303, 14.081, 14.294, 14.898, 15.583, 17.378, 20.235, 22.039, 22.664, 22.94, 23.501, 23.549, 24.27, 25.308, 25.687, 25.799, 25.747, 25.589, 25.891, 26.389, 26.494, 26.381, 26.411, 26.563, 26.618, 26.685], [23.676, 23.366, 23.194, 23.243, 23.125, 23.122, 23.136, 23.124, 22.998, 22.795, 22.728, 22.78, 22.786, 22.516, 22.187, 21.67, 21.186, 21.427, 21.53, 21.312, 21.179, 20.968, 20.826, 20.453, 20.048, 19.9, 19.512, 19.205, 19.294, 19.41, 18.964, 17.63, 16.203, 15.782, 15.941, 15.795, 15.763, 16.158, 15.192, 14.013, 13.421, 12.471, 11.145, 9.478, 7.58, 4.416, 0.0, 2.939, 4.838, 6.331, 7.679, 8.669, 9.226, 9.667, 9.882, 10.116, 10.726, 11.526, 12.019, 12.122, 12.552, 13.334, 13.613, 14.251, 14.976, 17.069, 20.257, 22.126, 22.726, 23.029, 23.676, 23.706, 24.511, 25.668, 26.092, 26.217, 26.184, 26.056, 26.345, 26.827, 26.974, 26.891, 26.909, 27.039, 27.086, 27.159], [23.474, 23.171, 23.038, 23.145, 22.999, 22.976, 22.988, 22.988, 22.894, 22.685, 22.587, 22.621, 22.626, 22.406, 22.099, 21.61, 21.164, 21.422, 21.541, 21.35, 21.227, 21.011, 20.874, 20.549, 20.192, 20.082, 19.709, 19.399, 19.458, 19.585, 19.232, 17.999, 16.611, 16.244, 16.356, 16.251, 16.294, 16.634, 15.735, 14.719, 14.257, 13.383, 12.023, 10.322, 8.654, 6.279, 2.939, 0.0, 3.274, 5.493, 7.095, 8.181, 8.757, 9.201, 9.49, 9.759, 10.389, 11.168, 11.598, 11.65, 12.017, 12.787, 13.097, 13.722, 14.449, 16.653, 19.937, 21.84, 22.467, 22.729, 23.343, 23.331, 24.197, 25.438, 25.898, 26.033, 25.998, 25.924, 26.303, 26.779, 26.948, 26.892, 26.922, 27.072, 27.124, 27.194], [23.127, 22.788, 22.607, 22.734, 22.6, 22.566, 22.589, 22.596, 22.475, 22.222, 22.014, 21.947, 21.856, 21.637, 21.415, 20.997, 20.721, 21.045, 21.169, 20.981, 20.915, 20.737, 20.532, 20.152, 19.762, 19.591, 19.201, 18.859, 18.815, 18.868, 18.506, 17.435, 16.135, 15.625, 15.637, 15.561, 15.685, 15.981, 15.215, 14.464, 14.138, 13.401, 12.153, 10.634, 9.161, 6.866, 4.838, 3.274, 0.0, 2.826, 5.124, 6.828, 7.679, 8.22, 8.577, 8.893, 9.505, 10.271, 10.828, 11.09, 11.611, 12.452, 12.86, 13.423, 14.002, 15.813, 18.943, 20.95, 21.619, 21.758, 22.257, 22.261, 23.07, 24.25, 24.703, 24.845, 24.814, 24.765, 25.257, 25.769, 25.906, 25.837, 25.89, 26.08, 26.155, 26.216], [22.959, 22.621, 22.418, 22.522, 22.389, 22.362, 22.389, 22.388, 22.221, 21.943, 21.721, 21.659, 21.547, 21.303, 21.136, 20.852, 20.812, 21.241, 21.369, 21.167, 21.13, 20.97, 20.732, 20.312, 19.873, 19.656, 19.267, 18.924, 18.858, 18.889, 18.528, 17.621, 16.445, 15.836, 15.774, 15.67, 15.793, 16.042, 15.352, 14.728, 14.474, 13.893, 12.814, 11.477, 10.134, 7.849, 6.331, 5.493, 2.826, 0.0, 3.169, 5.563, 6.72, 7.401, 7.838, 8.221, 8.834, 9.623, 10.29, 10.643, 11.227, 12.089, 12.559, 13.114, 13.621, 15.177, 18.275, 20.408, 21.102, 21.185, 21.676, 21.726, 22.505, 23.646, 24.093, 24.244, 24.226, 24.193, 24.743, 25.275, 25.367, 25.282, 25.351, 25.559, 25.651, 25.71], [22.734, 22.376, 22.171, 22.278, 22.13, 22.095, 22.131, 22.163, 21.992, 21.72, 21.516, 21.429, 21.279, 21.014, 20.852, 20.635, 20.905, 21.654, 21.898, 21.681, 21.639, 21.465, 21.174, 20.697, 20.217, 19.994, 19.626, 19.29, 19.23, 19.275, 18.945, 18.209, 17.128, 16.453, 16.339, 16.183, 16.291, 16.471, 15.87, 15.408, 15.251, 14.846, 13.901, 12.647, 11.359, 9.033, 7.679, 7.095, 5.124, 3.169, 0.0, 2.981, 4.645, 5.644, 6.269, 6.795, 7.422, 8.258, 9.065, 9.511, 10.106, 11.014, 11.544, 12.084, 12.622, 14.124, 17.404, 19.724, 20.452, 20.47, 20.941, 21.017, 21.791, 22.93, 23.387, 23.549, 23.556, 23.591, 24.284, 24.841, 24.866, 24.762, 24.842, 25.064, 25.198, 25.286], [22.775, 22.428, 22.254, 22.35, 22.185, 22.146, 22.172, 22.202, 22.031, 21.78, 21.634, 21.577, 21.448, 21.178, 21.004, 20.823, 21.248, 22.217, 22.579, 22.373, 22.308, 22.12, 21.824, 21.346, 20.878, 20.684, 20.337, 20.021, 20.01, 20.114, 19.832, 19.12, 18.054, 17.406, 17.285, 17.096, 17.16, 17.325, 16.728, 16.253, 16.109, 15.765, 14.885, 13.668, 12.338, 10.044, 8.669, 8.181, 6.828, 5.563, 2.981, 0.0, 2.344, 4.013, 5.0, 5.738, 6.526, 7.491, 8.308, 8.665, 9.278, 10.247, 10.794, 11.377, 12.009, 13.726, 17.259, 19.671, 20.432, 20.467, 20.954, 21.015, 21.831, 23.033, 23.523, 23.696, 23.71, 23.783, 24.532, 25.076, 25.074, 24.969, 25.045, 25.257, 25.411, 25.531], [22.823, 22.504, 22.361, 22.454, 22.278, 22.234, 22.247, 22.263, 22.095, 21.849, 21.685, 21.607, 21.498, 21.231, 21.057, 20.898, 21.346, 22.371, 22.826, 22.675, 22.595, 22.412, 22.138, 21.67, 21.202, 21.025, 20.684, 20.363, 20.375, 20.518, 20.268, 19.522, 18.436, 17.834, 17.721, 17.519, 17.541, 17.693, 17.058, 16.53, 16.386, 16.054, 15.208, 14.026, 12.71, 10.549, 9.226, 8.757, 7.679, 6.72, 4.645, 2.344, 0.0, 2.352, 3.841, 4.791, 5.814, 7.067, 7.966, 8.27, 8.956, 9.973, 10.472, 11.023, 11.694, 13.619, 17.29, 19.745, 20.555, 20.654, 21.18, 21.223, 22.086, 23.341, 23.851, 24.024, 24.024, 24.095, 24.844, 25.39, 25.401, 25.297, 25.372, 25.587, 25.748, 25.885], [22.878, 22.587, 22.507, 22.64, 22.47, 22.431, 22.446, 22.46, 22.295, 22.055, 21.874, 21.74, 21.611, 21.357, 21.206, 21.04, 21.4, 22.348, 22.806, 22.705, 22.639, 22.466, 22.214, 21.768, 21.311, 21.13, 20.8, 20.481, 20.496, 20.653, 20.42, 19.654, 18.573, 18.004, 17.918, 17.759, 17.773, 17.912, 17.26, 16.712, 16.561, 16.2, 15.348, 14.16, 12.811, 10.815, 9.667, 9.201, 8.22, 7.401, 5.644, 4.013, 2.352, 0.0, 1.938, 3.223, 4.589, 6.133, 7.111, 7.447, 8.313, 9.467, 9.937, 10.441, 11.143, 13.265, 17.087, 19.592, 20.452, 20.623, 21.224, 21.27, 22.157, 23.451, 23.978, 24.153, 24.145, 24.209, 24.968, 25.524, 25.543, 25.445, 25.517, 25.731, 25.9, 26.054], [22.816, 22.533, 22.485, 22.651, 22.49, 22.452, 22.474, 22.49, 22.319, 22.071, 21.883, 21.712, 21.555, 21.304, 21.157, 20.984, 21.307, 22.22, 22.658, 22.557, 22.502, 22.332, 22.081, 21.636, 21.18, 21.002, 20.689, 20.387, 20.414, 20.584, 20.352, 19.574, 18.48, 17.908, 17.843, 17.724, 17.772, 17.913, 17.26, 16.715, 16.563, 16.194, 15.336, 14.145, 12.782, 10.856, 9.882, 9.49, 8.577, 7.838, 6.269, 5.0, 3.841, 1.938, 0.0, 1.585, 3.385, 5.186, 6.244, 6.66, 7.655, 8.906, 9.356, 9.851, 10.602, 12.847, 16.78, 19.315, 20.192, 20.414, 21.057, 21.109, 22.0, 23.31, 23.848, 24.028, 24.014, 24.056, 24.826, 25.403, 25.42, 25.318, 25.389, 25.601, 25.774, 25.936], [22.749, 22.464, 22.43, 22.613, 22.449, 22.409, 22.431, 22.44, 22.259, 22.004, 21.797, 21.595, 21.419, 21.166, 21.013, 20.847, 21.2, 22.15, 22.589, 22.474, 22.42, 22.253, 22.009, 21.555, 21.085, 20.905, 20.599, 20.309, 20.348, 20.533, 20.307, 19.521, 18.413, 17.854, 17.803, 17.69, 17.755, 17.895, 17.243, 16.707, 16.557, 16.198, 15.343, 14.138, 12.777, 10.945, 10.116, 9.759, 8.893, 8.221, 6.795, 5.738, 4.791, 3.223, 1.585, 0.0, 2.192, 4.374, 5.682, 6.191, 7.261, 8.536, 8.915, 9.357, 10.145, 12.492, 16.494, 19.02, 19.89, 20.142, 20.812, 20.851, 21.756, 23.097, 23.653, 23.836, 23.819, 23.857, 24.666, 25.26, 25.276, 25.176, 25.252, 25.47, 25.641, 25.799], [22.508, 22.197, 22.141, 22.33, 22.168, 22.133, 22.154, 22.155, 21.965, 21.713, 21.483, 21.252, 21.055, 20.793, 20.642, 20.526, 21.063, 22.174, 22.644, 22.511, 22.461, 22.294, 22.042, 21.583, 21.095, 20.91, 20.622, 20.341, 20.382, 20.571, 20.349, 19.608, 18.519, 17.967, 17.925, 17.797, 17.88, 18.0, 17.403, 16.956, 16.853, 16.554, 15.714, 14.493, 13.146, 11.406, 10.726, 10.389, 9.505, 8.834, 7.422, 6.526, 5.814, 4.589, 3.385, 2.192, 0.0, 2.692, 4.676, 5.561, 6.903, 8.233, 8.516, 8.755, 9.477, 11.758, 15.779, 18.28, 19.122, 19.415, 20.125, 20.138, 21.053, 22.444, 23.032, 23.235, 23.233, 23.309, 24.252, 24.882, 24.89, 24.8, 24.889, 25.121, 25.291, 25.43], [22.035, 21.722, 21.686, 21.889, 21.724, 21.697, 21.711, 21.708, 21.508, 21.261, 21.058, 20.828, 20.62, 20.347, 20.179, 20.059, 20.732, 21.999, 22.499, 22.358, 22.321, 22.14, 21.863, 21.439, 21.006, 20.835, 20.583, 20.331, 20.379, 20.57, 20.356, 19.699, 18.662, 18.075, 18.01, 17.87, 17.963, 18.063, 17.511, 17.167, 17.154, 16.969, 16.178, 14.982, 13.687, 12.074, 11.526, 11.168, 10.271, 9.623, 8.258, 7.491, 7.067, 6.133, 5.186, 4.374, 2.692, 0.0, 2.689, 4.252, 6.176, 7.695, 7.989, 8.159, 8.9, 11.078, 15.134, 17.662, 18.491, 18.816, 19.485, 19.439, 20.363, 21.776, 22.374, 22.582, 22.589, 22.712, 23.784, 24.432, 24.436, 24.356, 24.455, 24.704, 24.869, 24.991], [22.007, 21.725, 21.744, 21.945, 21.761, 21.734, 21.744, 21.737, 21.537, 21.309, 21.171, 20.957, 20.765, 20.492, 20.287, 20.1, 20.636, 21.846, 22.331, 22.201, 22.168, 21.97, 21.698, 21.347, 21.028, 20.912, 20.678, 20.465, 20.556, 20.781, 20.589, 19.941, 18.941, 18.369, 18.28, 18.141, 18.221, 18.332, 17.751, 17.357, 17.355, 17.2, 16.435, 15.268, 14.005, 12.554, 12.019, 11.598, 10.828, 10.29, 9.065, 8.308, 7.966, 7.111, 6.244, 5.682, 4.676, 2.689, 0.0, 2.357, 5.174, 6.971, 7.412, 7.788, 8.706, 11.094, 15.284, 17.904, 18.78, 19.145, 19.798, 19.73, 20.684, 22.107, 22.693, 22.889, 22.885, 22.997, 24.013, 24.625, 24.638, 24.56, 24.65, 24.894, 25.062, 25.199], [22.246, 22.002, 22.059, 22.245, 22.041, 22.011, 21.999, 21.953, 21.733, 21.514, 21.424, 21.265, 21.134, 20.871, 20.635, 20.425, 20.856, 21.992, 22.448, 22.317, 22.265, 22.056, 21.816, 21.502, 21.237, 21.177, 20.946, 20.742, 20.881, 21.145, 20.982, 20.31, 19.321, 18.814, 18.728, 18.572, 18.606, 18.733, 18.106, 17.593, 17.542, 17.364, 16.601, 15.438, 14.164, 12.787, 12.122, 11.65, 11.09, 10.643, 9.511, 8.665, 8.27, 7.447, 6.66, 6.191, 5.561, 4.252, 2.357, 0.0, 3.519, 5.692, 6.348, 7.098, 8.366, 11.335, 15.826, 18.484, 19.351, 19.706, 20.364, 20.278, 21.274, 22.742, 23.337, 23.529, 23.512, 23.592, 24.529, 25.119, 2