[[0.0, 1.859, 4.005, 5.248, 5.92, 6.557, 7.543, 8.174, 8.554, 8.7, 9.082, 9.57, 10.108, 11.881, 13.739, 15.621, 18.695, 20.458, 21.796, 22.703, 23.054, 23.004, 23.073, 23.749, 24.262, 24.773, 25.515, 26.186, 26.408, 26.732, 27.04, 27.111, 27.451, 27.738, 28.013, 28.219, 28.122, 27.887, 27.908, 27.974, 27.728, 27.54, 27.58, 27.666, 27.644, 27.627, 27.502, 27.251, 26.778, 27.173, 28.445, 29.382, 29.647, 29.681, 29.803, 29.747, 29.713, 29.628, 29.774, 29.979, 29.896, 30.0, 30.056, 29.965, 29.918, 29.718, 29.702, 29.689, 29.485, 29.161, 28.677, 27.974, 27.246, 27.107, 27.548, 27.436, 27.1, 27.218, 27.231, 26.724, 26.608, 26.497, 26.613, 26.843, 26.834, 26.836], [1.859, 0.0, 2.669, 4.201, 5.029, 5.746, 6.828, 7.53, 7.971, 8.148, 8.59, 9.2, 9.825, 11.645, 13.556, 15.549, 18.747, 20.534, 21.885, 22.812, 23.163, 23.107, 23.179, 23.875, 24.389, 24.887, 25.623, 26.285, 26.513, 26.847, 27.153, 27.218, 27.544, 27.813, 28.099, 28.33, 28.248, 27.999, 28.008, 28.064, 27.798, 27.601, 27.64, 27.728, 27.706, 27.686, 27.547, 27.282, 26.809, 27.192, 28.452, 29.394, 29.667, 29.705, 29.828, 29.78, 29.769, 29.683, 29.831, 30.039, 29.956, 30.062, 30.117, 30.03, 29.983, 29.786, 29.769, 29.755, 29.556, 29.238, 28.757, 28.083, 27.396, 27.287, 27.743, 27.633, 27.292, 27.406, 27.399, 26.862, 26.738, 26.634, 26.742, 26.963, 26.96, 26.965], [4.005, 2.669, 0.0, 2.301, 3.844, 4.831, 6.049, 6.97, 7.749, 7.953, 8.458, 9.295, 9.934, 11.634, 13.564, 15.885, 19.298, 21.085, 22.432, 23.366, 23.71, 23.651, 23.758, 24.489, 24.982, 25.423, 26.13, 26.774, 26.995, 27.323, 27.617, 27.688, 28.03, 28.305, 28.582, 28.814, 28.753, 28.547, 28.552, 28.599, 28.346, 28.165, 28.208, 28.298, 28.272, 28.254, 28.131, 27.874, 27.411, 27.768, 29.017, 29.977, 30.257, 30.296, 30.405, 30.366, 30.403, 30.339, 30.498, 30.705, 30.627, 30.736, 30.796, 30.721, 30.664, 30.471, 30.458, 30.444, 30.269, 29.977, 29.489, 28.804, 28.163, 28.101, 28.545, 28.424, 28.055, 28.135, 28.106, 27.541, 27.407, 27.332, 27.443, 27.652, 27.649, 27.663], [5.248, 4.201, 2.301, 0.0, 2.214, 3.79, 5.371, 6.493, 7.476, 7.753, 8.219, 9.177, 9.896, 11.562, 13.392, 15.734, 19.262, 20.984, 22.262, 23.195, 23.543, 23.484, 23.612, 24.392, 24.859, 25.234, 25.926, 26.542, 26.75, 27.08, 27.37, 27.448, 27.79, 28.067, 28.339, 28.566, 28.512, 28.315, 28.308, 28.338, 28.098, 27.941, 27.992, 28.078, 28.052, 28.035, 27.916, 27.673, 27.252, 27.616, 28.857, 29.816, 30.096, 30.136, 30.229, 30.18, 30.219, 30.175, 30.336, 30.553, 30.488, 30.6, 30.67, 30.604, 30.538, 30.335, 30.318, 30.304, 30.151, 29.87, 29.362, 28.665, 28.114, 28.116, 28.527, 28.405, 28.051, 28.119, 28.061, 27.515, 27.397, 27.304, 27.417, 27.628, 27.62, 27.649], [5.92, 5.029, 3.844, 2.214, 0.0, 2.183, 4.342, 5.821, 7.061, 7.411, 7.756, 8.777, 9.652, 11.395, 13.191, 15.402, 18.89, 20.546, 21.773, 22.688, 23.03, 22.974, 23.11, 23.914, 24.369, 24.736, 25.435, 26.048, 26.253, 26.582, 26.89, 26.973, 27.32, 27.603, 27.863, 28.081, 28.021, 27.794, 27.755, 27.772, 27.554, 27.423, 27.489, 27.58, 27.553, 27.536, 27.422, 27.195, 26.816, 27.194, 28.409, 29.346, 29.625, 29.666, 29.757, 29.7, 29.732, 29.694, 29.853, 30.076, 30.016, 30.13, 30.206, 30.139, 30.089, 29.892, 29.869, 29.854, 29.698, 29.395, 28.865, 28.146, 27.614, 27.629, 28.038, 27.926, 27.585, 27.655, 27.59, 27.053, 26.939, 26.836, 26.952, 27.161, 27.153, 27.188], [6.557, 5.746, 4.831, 3.79, 2.183, 0.0, 2.696, 4.757, 6.412, 6.838, 7.198, 8.372, 9.382, 11.198, 13.099, 15.404, 18.895, 20.557, 21.787, 22.697, 23.024, 22.952, 23.096, 23.908, 24.356, 24.727, 25.438, 26.091, 26.315, 26.64, 26.958, 27.044, 27.415, 27.709, 27.949, 28.15, 28.082, 27.827, 27.758, 27.77, 27.56, 27.436, 27.52, 27.627, 27.592, 27.571, 27.475, 27.255, 26.883, 27.261, 28.461, 29.374, 29.643, 29.682, 29.779, 29.731, 29.762, 29.718, 29.882, 30.1, 30.033, 30.148, 30.223, 30.152, 30.119, 29.938, 29.92, 29.906, 29.743, 29.422, 28.875, 28.124, 27.537, 27.515, 27.941, 27.841, 27.482, 27.548, 27.489, 26.931, 26.807, 26.724, 26.852, 27.063, 27.067, 27.101], [7.543, 6.828, 6.049, 5.371, 4.342, 2.696, 0.0, 2.945, 5.403, 6.013, 6.578, 7.966, 9.055, 11.005, 13.184, 15.832, 19.413, 21.13, 22.385, 23.293, 23.606, 23.516, 23.67, 24.48, 24.902, 25.256, 25.975, 26.686, 26.937, 27.246, 27.553, 27.638, 28.036, 28.343, 28.567, 28.753, 28.68, 28.425, 28.346, 28.37, 28.185, 28.082, 28.197, 28.321, 28.281, 28.261, 28.185, 27.968, 27.572, 27.902, 29.07, 29.953, 30.205, 30.233, 30.334, 30.306, 30.352, 30.298, 30.464, 30.665, 30.582, 30.708, 30.784, 30.701, 30.663, 30.491, 30.483, 30.464, 30.298, 29.962, 29.4, 28.619, 27.965, 27.877, 28.303, 28.211, 27.821, 27.871, 27.806, 27.203, 27.063, 27.031, 27.196, 27.412, 27.429, 27.462], [8.174, 7.53, 6.97, 6.493, 5.821, 4.757, 2.945, 0.0, 3.189, 4.327, 5.066, 6.631, 8.003, 10.299, 12.73, 15.657, 19.465, 21.279, 22.54, 23.442, 23.754, 23.659, 23.803, 24.612, 25.028, 25.378, 26.12, 26.85, 27.11, 27.401, 27.683, 27.776, 28.158, 28.444, 28.685, 28.882, 28.807, 28.585, 28.553, 28.604, 28.41, 28.313, 28.445, 28.568, 28.534, 28.516, 28.439, 28.215, 27.794, 28.064, 29.133, 29.92, 30.132, 30.154, 30.264, 30.235, 30.277, 30.216, 30.375, 30.565, 30.473, 30.607, 30.681, 30.584, 30.533, 30.369, 30.372, 30.345, 30.179, 29.844, 29.297, 28.525, 27.861, 27.767, 28.182, 28.086, 27.71, 27.768, 27.702, 27.094, 26.96, 26.943, 27.106, 27.315, 27.331, 27.368], [8.554, 7.971, 7.749, 7.476, 7.061, 6.412, 5.403, 3.189, 0.0, 2.133, 3.626, 5.234, 7.1, 9.829, 12.308, 15.008, 18.867, 20.821, 22.142, 23.061, 23.389, 23.298, 23.433, 24.267, 24.728, 25.107, 25.881, 26.616, 26.876, 27.18, 27.455, 27.542, 27.894, 28.143, 28.403, 28.617, 28.547, 28.341, 28.341, 28.402, 28.157, 28.037, 28.182, 28.296, 28.252, 28.231, 28.134, 27.895, 27.473, 27.756, 28.761, 29.478, 29.653, 29.675, 29.8, 29.76, 29.772, 29.695, 29.835, 30.017, 29.923, 30.053, 30.121, 30.018, 29.969, 29.815, 29.821, 29.788, 29.616, 29.287, 28.763, 28.008, 27.345, 27.259, 27.67, 27.572, 27.23, 27.315, 27.266, 26.671, 26.533, 26.498, 26.649, 26.857, 26.866, 26.907], [8.7, 8.148, 7.953, 7.753, 7.411, 6.838, 6.013, 4.327, 2.133, 0.0, 2.562, 4.614, 6.766, 9.698, 12.206, 14.704, 18.468, 20.502, 21.876, 22.797, 23.119, 23.023, 23.177, 24.037, 24.517, 24.909, 25.7, 26.448, 26.706, 27.03, 27.318, 27.405, 27.773, 28.021, 28.278, 28.495, 28.424, 28.22, 28.226, 28.291, 28.04, 27.921, 28.099, 28.262, 28.234, 28.214, 28.114, 27.871, 27.459, 27.77, 28.766, 29.496, 29.681, 29.699, 29.824, 29.783, 29.787, 29.706, 29.843, 30.023, 29.927, 30.047, 30.113, 30.014, 29.974, 29.817, 29.821, 29.789, 29.603, 29.274, 28.756, 27.99, 27.287, 27.18, 27.594, 27.48, 27.109, 27.184, 27.146, 26.537, 26.39, 26.364, 26.522, 26.738, 26.75, 26.785], [9.082, 8.59, 8.458, 8.219, 7.756, 7.198, 6.578, 5.066, 3.626, 2.562, 0.0, 3.006, 6.096, 9.397, 11.937, 14.332, 18.089, 20.138, 21.487, 22.41, 22.745, 22.657, 22.813, 23.665, 24.131, 24.531, 25.362, 26.106, 26.352, 26.688, 26.991, 27.084, 27.439, 27.667, 27.924, 28.144, 28.063, 27.826, 27.827, 27.896, 27.642, 27.523, 27.714, 27.921, 27.94, 27.929, 27.803, 27.536, 27.124, 27.438, 28.423, 29.153, 29.351, 29.376, 29.499, 29.449, 29.444, 29.36, 29.499, 29.687, 29.593, 29.702, 29.769, 29.67, 29.635, 29.473, 29.469, 29.443, 29.242, 28.885, 28.341, 27.534, 26.818, 26.722, 27.129, 26.998, 26.612, 26.682, 26.65, 26.056, 25.922, 25.88, 26.032, 26.259, 26.262, 26.299], [9.57, 9.2, 9.295, 9.177, 8.777, 8.372, 7.966, 6.631, 5.234, 4.614, 3.006, 0.0, 4.294, 8.32, 10.988, 13.39, 17.31, 19.559, 21.024, 21.993, 22.34, 22.243, 22.357, 23.178, 23.675, 24.109, 24.972, 25.723, 25.977, 26.338, 26.66, 26.756, 27.115, 27.348, 27.625, 27.856, 27.78, 27.582, 27.605, 27.683, 27.455, 27.348, 27.541, 27.749, 27.787, 27.798, 27.665, 27.389, 26.988, 27.344, 28.376, 29.142, 29.35, 29.379, 29.513, 29.455, 29.42, 29.327, 29.448, 29.616, 29.52, 29.63, 29.689, 29.6, 29.594, 29.447, 29.437, 29.407, 29.192, 28.833, 28.315, 27.49, 26.738, 26.619, 26.996, 26.855, 26.491, 26.581, 26.558, 25.985, 25.839, 25.749, 25.895, 26.122, 26.111, 26.124], [10.108, 9.825, 9.934, 9.896, 9.652, 9.382, 9.055, 8.003, 7.1, 6.766, 6.096, 4.294, 0.0, 4.885, 8.178, 11.525, 16.347, 18.831, 20.428, 21.43, 21.766, 21.615, 21.71, 22.539, 23.058, 23.46, 24.248, 24.998, 25.281, 25.64, 25.978, 26.118, 26.552, 26.831, 27.117, 27.352, 27.281, 27.177, 27.262, 27.358, 27.225, 27.202, 27.422, 27.632, 27.659, 27.7, 27.697, 27.542, 27.203, 27.602, 28.772, 29.674, 29.929, 29.951, 30.072, 30.003, 29.951, 29.864, 30.023, 30.213, 30.137, 30.267, 30.316, 30.249, 30.203, 29.993, 29.953, 29.918, 29.732, 29.392, 28.84, 27.914, 27.119, 26.985, 27.339, 27.183, 26.836, 26.95, 26.944, 26.374, 26.197, 26.079, 26.21, 26.424, 26.408, 26.411], [11.881, 11.645, 11.634, 11.562, 11.395, 11.198, 11.005, 10.299, 9.829, 9.698, 9.397, 8.32, 4.885, 0.0, 4.315, 9.394, 15.234, 17.851, 19.482, 20.53, 20.88, 20.698, 20.828, 21.686, 22.148, 22.458, 23.13, 23.884, 24.218, 24.544, 24.872, 25.06, 25.568, 25.893, 26.158, 26.395, 26.326, 26.334, 26.492, 26.601, 26.568, 26.663, 26.945, 27.172, 27.193, 27.251, 27.395, 27.436, 27.229, 27.71, 29.047, 30.11, 30.445, 30.457, 30.546, 30.467, 30.406, 30.331, 30.543, 30.762, 30.72, 30.881, 30.926, 30.876, 30.766, 30.481, 30.409, 30.383, 30.233, 29.888, 29.247, 28.225, 27.43, 27.299, 27.642, 27.474, 27.129, 27.249, 27.257, 26.694, 26.484, 26.365, 26.493, 26.682, 26.67, 26.661], [13.739, 13.556, 13.564, 13.392, 13.191, 13.099, 13.184, 12.73, 12.308, 12.206, 11.937, 10.988, 8.178, 4.315, 0.0, 6.772, 13.674, 16.485, 18.13, 19.232, 19.624, 19.445, 19.62, 20.537, 20.999, 21.297, 21.942, 22.697, 23.059, 23.43, 23.799, 24.023, 24.577, 24.914, 25.158, 25.414, 25.358, 25.493, 25.71, 25.834, 25.909, 26.121, 26.49, 26.756, 26.797, 26.861, 27.043, 27.221, 27.202, 27.828, 29.218, 30.378, 30.793, 30.807, 30.874, 30.776, 30.711, 30.649, 30.863, 31.075, 31.041, 31.21, 31.267, 31.225, 31.113, 30.812, 30.722, 30.703, 30.573, 30.224, 29.55, 28.492, 27.708, 27.559, 27.857, 27.657, 27.302, 27.439, 27.439, 26.872, 26.653, 26.488, 26.594, 26.756, 26.744, 26.735], [15.621, 15.549, 15.885, 15.734, 15.402, 15.404, 15.832, 15.657, 15.008, 14.704, 14.332, 13.39, 11.525, 9.394, 6.772, 0.0, 8.049, 11.859, 14.02, 15.221, 15.688, 15.611, 15.93, 17.0, 17.786, 18.502, 19.376, 20.214, 20.615, 21.053, 21.517, 21.731, 22.32, 22.654, 22.905, 23.197, 23.145, 23.356, 23.657, 23.764, 23.871, 24.189, 24.674, 25.047, 25.157, 25.23, 25.425, 25.679, 25.83, 26.662, 27.907, 29.04, 29.547, 29.578, 29.634, 29.508, 29.434, 29.405, 29.594, 29.825, 29.807, 29.927, 29.983, 29.952, 29.891, 29.63, 29.529, 29.521, 29.367, 28.997, 28.331, 27.315, 26.538, 26.422, 26.729, 26.503, 26.179, 26.312, 26.296, 25.771, 25.497, 25.269, 25.391, 25.566, 25.532, 25.454], [18.695, 18.747, 19.298, 19.262, 18.89, 18.895, 19.413, 19.465, 18.867, 18.468, 18.089, 17.31, 16.347, 15.234, 13.674, 8.049, 0.0, 5.693, 9.199, 10.708, 11.279, 11.442, 12.053, 13.193, 14.374, 15.732, 16.911, 17.882, 18.334, 18.794, 19.352, 19.531, 20.216, 20.66, 20.958, 21.29, 21.239, 21.553, 22.0, 22.117, 22.307, 22.749, 23.359, 23.884, 24.076, 24.161, 24.394, 24.721, 24.969, 25.907, 27.024, 28.148, 28.756, 28.784, 28.832, 28.705, 28.675, 28.708, 28.88, 29.128, 29.116, 29.192, 29.264, 29.222, 29.192, 28.973, 28.871, 28.877, 28.71, 28.33, 27.724, 26.837, 26.02, 25.841, 26.139, 25.92, 25.627, 25.716, 25.669, 25.123, 24.756, 24.563, 24.74, 24.927, 24.87, 24.672], [20.458, 20.534, 21.085, 20.984, 20.546, 20.557, 21.13, 21.279, 20.821, 20.502, 20.138, 19.559, 18.831, 17.851, 16.485, 11.859, 5.693, 0.0, 4.393, 6.582, 7.555, 8.034, 8.999, 10.359, 11.614, 13.293, 14.683, 15.647, 16.116, 16.613, 17.273, 17.472, 18.071, 18.49, 18.831, 19.216, 19.187, 19.639, 20.266, 20.4, 20.699, 21.302, 21.995, 22.616, 22.883, 22.989, 23.309, 23.759, 24.123, 25.07, 26.225, 27.379, 28.011, 28.035, 28.039, 27.888, 27.853, 27.922, 28.098, 28.363, 28.372, 28.442, 28.541, 28.5, 28.435, 28.153, 28.006, 28.023, 27.895, 27.511, 26.882, 26.042, 25.377, 25.262, 25.53, 25.357, 25.154, 25.256, 25.144, 24.613, 24.299, 24.113, 24.268, 24.434, 24.367, 24.192], [21.796, 21.885, 22.432, 22.262, 21.773, 21.787, 22.385, 22.54, 22.142, 21.876, 21.487, 21.024, 20.428, 19.482, 18.13, 14.02, 9.199, 4.393, 0.0, 3.039, 4.794, 5.814, 7.265, 8.837, 9.9, 11.635, 13.176, 14.091, 14.576, 15.118, 15.884, 16.104, 16.52, 16.797, 17.131, 17.551, 17.512, 17.995, 18.734, 18.848, 19.193, 19.928, 20.699, 21.374, 21.7, 21.833, 22.189, 22.731, 23.257, 24.258, 25.435, 26.588, 27.236, 27.262, 27.224, 27.041, 26.987, 27.064, 27.236, 27.514, 27.54, 27.604, 27.714, 27.667, 27.554, 27.219, 27.046, 27.07, 26.967, 26.58, 25.926, 25.151, 24.679, 24.661, 24.936, 24.818, 24.719, 24.85, 24.693, 24.227, 23.971, 23.756, 23.883, 24.038, 23.963, 23.826], [22.703, 22.812, 23.366, 23.195, 22.688, 22.697, 23.293, 23.442, 23.061, 22.797, 22.41, 21.993, 21.43, 20.53, 19.232, 15.221, 10.708, 6.582, 3.039, 0.0, 2.373, 4.308, 6.417, 8.133, 9.17, 11.006, 12.541, 13.407, 13.916, 14.463, 15.294, 15.498, 15.861, 16.119, 16.457, 16.884, 16.817, 17.282, 18.051, 18.134, 18.528, 19.337, 20.125, 20.802, 21.149, 21.305, 21.71, 22.324, 22.94, 23.953, 25.059, 26.164, 26.826, 26.863, 26.807, 26.609, 26.555, 26.648, 26.813, 27.103, 27.132, 27.179, 27.298, 27.241, 27.106, 26.766, 26.596, 26.622, 26.526, 26.139, 25.476, 24.736, 24.364, 24.401, 24.67, 24.572, 24.528, 24.667, 24.496, 24.072, 23.827, 23.601, 23.734, 23.89, 23.808, 23.675], [23.054, 23.163, 23.71, 23.543, 23.03, 23.024, 23.606, 23.754, 23.389, 23.119, 22.745, 22.34, 21.766, 20.88, 19.624, 15.688, 11.279, 7.555, 4.794, 2.373, 0.0, 2.705, 5.422, 7.332, 8.417, 10.365, 11.909, 12.82, 13.364, 13.961, 14.859, 15.057, 15.47, 15.778, 16.138, 16.579, 16.508, 16.998, 17.79, 17.92, 18.406, 19.254, 20.051, 20.741, 21.099, 21.27, 21.716, 22.369, 23.004, 24.027, 25.127, 26.233, 26.909, 26.95, 26.898, 26.703, 26.653, 26.751, 26.918, 27.209, 27.233, 27.282, 27.405, 27.343, 27.206, 26.867, 26.698, 26.725, 26.633, 26.242, 25.564, 24.804, 24.416, 24.413, 24.648, 24.546, 24.503, 24.644, 24.475, 24.046, 23.793, 23.568, 23.717, 23.878, 23.794, 23.649], [23.004, 23.107, 23.651, 23.484, 22.974, 22.952, 23.516, 23.659, 23.298, 23.023, 22.657, 22.243, 21.615, 20.698, 19.445, 15.611, 11.442, 8.034, 5.814, 4.308, 2.705, 0.0, 3.308, 5.753, 7.022, 9.148, 10.816, 11.91, 12.492, 13.17, 14.184, 14.445, 14.91, 15.204, 15.567, 16.024, 15.987, 16.585, 17.463, 17.723, 18.328, 19.216, 20.074, 20.826, 21.196, 21.377, 21.856, 22.514, 23.142, 24.228, 25.416, 26.576, 27.25, 27.288, 27.246, 27.061, 26.997, 27.081, 27.252, 27.531, 27.549, 27.612, 27.729, 27.669, 27.515, 27.149, 26.974, 27.003, 26.916, 26.529, 25.841, 25.021, 24.537, 24.45, 24.668, 24.553, 24.495, 24.648, 24.487, 24.013, 23.728, 23.509, 23.669, 23.83, 23.754, 23.598], [23.073, 23.179, 23.758, 23.612, 23.11, 23.096, 23.67, 23.803, 23.433, 23.177, 22.813, 22.357, 21.71, 20.828, 19.62, 15.93, 12.053, 8.999, 7.265, 6.417, 5.422, 3.308, 0.0, 3.166, 5.09, 7.836, 9.796, 11.124, 11.736, 12.444, 13.566, 13.877, 14.289, 14.575, 14.982, 15.454, 15.471, 16.164, 17.153, 17.528, 18.196, 19.089, 19.976, 20.785, 21.188, 21.402, 21.912, 22.581, 23.211, 24.402, 25.756, 26.954, 27.6, 27.632, 27.605, 27.413, 27.308, 27.374, 27.535, 27.784, 27.799, 27.877, 27.986, 27.928, 27.751, 27.358, 27.176, 27.205, 27.117, 26.735, 26.075, 25.296, 24.82, 24.706, 24.919, 24.811, 24.763, 24.94, 24.782, 24.274, 23.968, 23.724, 23.874, 24.033, 23.967, 23.795], [23.749, 23.875, 24.489, 24.392, 23.914, 23.908, 24.48, 24.612, 24.267, 24.037, 23.665, 23.178, 22.539, 21.686, 20.537, 17.0, 13.193, 10.359, 8.837, 8.133, 7.332, 5.753, 3.166, 0.0, 3.158, 7.103, 9.236, 10.545, 11.182, 11.854, 13.025, 13.376, 13.738, 14.074, 14.501, 14.972, 15.003, 15.731, 16.787, 17.198, 17.94, 18.866, 19.754, 20.59, 21.032, 21.31, 21.902, 22.629, 23.299, 24.549, 26.012, 27.248, 27.887, 27.914, 27.891, 27.691, 27.561, 27.624, 27.779, 28.007, 28.024, 28.104, 28.211, 28.148, 27.947, 27.535, 27.341, 27.368, 27.293, 26.915, 26.29, 25.588, 25.18, 25.06, 25.236, 25.152, 25.159, 25.347, 25.191, 24.697, 24.385, 24.136, 24.276, 24.428, 24.34, 24.11], [24.262, 24.389, 24.982, 24.859, 24.369, 24.356, 24.902, 25.028, 24.728, 24.517, 24.131, 23.675, 23.058, 22.148, 20.999, 17.786, 14.374, 11.614, 9.9, 9.17, 8.417, 7.022, 5.09, 3.158, 0.0, 4.543, 6.971, 8.542, 9.262, 10.021, 11.383, 11.782, 12.15, 12.552, 13.015, 13.525, 13.564, 14.376, 15.525, 16.003, 16.939, 17.994, 18.976, 19.906, 20.391, 20.685, 21.272, 22.044, 22.787, 24.143, 25.829, 27.207, 27.88, 27.899, 27.868, 27.658, 27.489, 27.541, 27.73, 27.987, 28.01, 28.103, 28.21, 28.158, 27.949, 27.491, 27.274, 27.305, 27.24, 26.854, 26.191, 25.478, 25.144, 25.032, 25.16, 25.091, 25.15, 25.344, 25.199, 24.77, 24.494, 24.242, 24.382, 24.525, 24.429, 24.198], [24.773, 24.887, 25.423, 25.234, 24.736, 24.727, 25.256, 25.378, 25.107, 24.909, 24.531, 24.109, 23.46, 22.458, 21.297, 18.502, 15.732, 13.293, 11.635, 11.006, 10.365, 9.148, 7.836, 7.103, 4.543, 0.0, 3.261, 5.822, 6.676, 7.626, 9.304, 9.759, 10.257, 10.808, 11.344, 11.916, 12.004, 13.104, 14.445, 15.004, 16.124, 17.293, 18.397, 19.457, 19.976, 20.23, 20.731, 21.508, 22.283, 23.745, 25.693, 27.271, 28.002, 28.013, 27.972, 27.753, 27.544, 27.581, 27.825, 28.134, 28.167, 28.292, 28.397, 28.371, 28.17, 27.672, 27.438, 27.468, 27.417, 27.038, 26.312, 25.488, 25.179, 25.096, 25.186, 25.118, 25.225, 25.434, 25.314, 24.995, 24.807, 24.539, 24.667, 24.796, 24.711, 24.551], [25.515, 25.623, 26.13, 25.926, 25.435, 25.438, 25.975, 26.12, 25.881, 25.7, 25.362, 24.972, 24.248, 23.13, 21.942, 19.376, 16.911, 14.683, 13.176, 12.541, 11.909, 10.816, 9.796, 9.236, 6.971, 3.261, 0.0, 3.435, 4.708, 5.703, 7.614, 8.195, 8.885, 9.636, 10.203, 10.787, 10.939, 12.322, 13.788, 14.367, 15.694, 16.992, 18.116, 19.201, 19.716, 19.951, 20.55, 21.457, 22.293, 23.773, 25.804, 27.459, 28.214, 28.225, 28.175, 27.969, 27.763, 27.812, 28.085, 28.423, 28.466, 28.605, 28.713, 28.701, 28.481, 27.944, 27.693, 27.717, 27.682, 27.33, 26.581, 25.699, 25.43, 25.38, 25.414, 25.349, 25.514, 25.734, 25.619, 25.388, 25.264, 24.991, 25.111, 25.234, 25.144, 25.006], [26.186, 26.285, 26.774, 26.542, 26.048, 26.091, 26.686, 26.85, 26.616, 26.448, 26.106, 25.723, 24.998, 23.884, 22.697, 20.214, 17.882, 15.647, 14.091, 13.407, 12.82, 11.91, 11.124, 10.545, 8.542, 5.822, 3.435, 0.0, 2.131, 3.623, 5.724, 6.478, 7.226, 8.124, 8.753, 9.38, 9.546, 11.176, 12.739, 13.272, 14.741, 16.137, 17.224, 18.301, 18.869, 19.119, 19.807, 20.847, 21.773, 23.212, 25.229, 26.941, 27.72, 27.735, 27.679, 27.476, 27.27, 27.337, 27.615, 27.969, 28.027, 28.17, 28.282, 28.286, 28.071, 27.512, 27.236, 27.25, 27.232, 26.915, 26.181, 25.306, 25.156, 25.186, 25.166, 25.094, 25.319, 25.552, 25.421, 25.289, 25.243, 24.941, 25.028, 25.134, 25.021, 24.899], [26.408, 26.513, 26.995, 26.75, 26.253, 26.315, 26.937, 27.11, 26.876, 26.706, 26.352, 25.977, 25.281, 24.218, 23.059, 20.615, 18.334, 16.116, 14.576, 13.916, 13.364, 12.492, 11.736, 11.182, 9.262, 6.676, 4.708, 2.131, 0.0, 2.632, 5.127, 5.995, 6.826, 7.737, 8.327, 8.933, 9.09, 10.84, 12.463, 13.023, 14.582, 15.996, 17.066, 18.154, 18.734, 18.978, 19.665, 20.719, 21.657, 23.071, 25.065, 26.798, 27.587, 27.603, 27.547, 27.342, 27.135, 27.201, 27.475, 27.823, 27.878, 28.028, 28.149, 28.158, 27.965, 27.408, 27.122, 27.134, 27.117, 26.808, 26.068, 25.159, 25.015, 25.055, 24.999, 24.916, 25.163, 25.397, 25.26, 25.149, 25.117, 24.812, 24.887, 24.987, 24.867, 24.771], [26.732, 26.847, 27.323, 27.08, 26.582, 26.64, 27.246, 27.401, 27.18, 27.03, 26.688, 26.338, 25.64, 24.544, 23.43, 21.053, 18.794, 16.613, 15.118, 14.463, 13.961, 13.17, 12.444, 11.854, 10.021, 7.626, 5.703, 3.623, 2.632, 0.0, 3.282, 4.705, 5.691, 6.804, 7.377, 7.934, 8.11, 10.141, 12.009, 12.576, 14.202, 15.733, 16.836, 17.952, 18.55, 18.809, 19.611, 20.747, 21.658, 23.032, 25.039, 26.776, 27.55, 27.565, 27.494, 27.282, 27.073, 27.149, 27.433, 27.787, 27.843, 28.001, 28.125, 28.137, 27.932, 27.359, 27.073, 27.082, 27.082, 26.794, 26.05, 25.147, 25.049, 25.154, 25.113, 25.022, 25.284, 25.514, 25.377, 25.294, 25.273, 24.996, 25.074, 25.166, 25.046, 24.951], [27.04, 27.153, 27.617, 27.37, 26.89, 26.958, 27.553, 27.683, 27.455, 27.318, 26.991, 26.66, 25.978, 24.872, 23.799, 21.517, 19.352, 17.273, 15.884, 15.294, 14.859, 14.184, 13.566, 13.025, 11.383, 9.304, 7.614, 5.724, 5.127, 3.282, 0.0, 2.414, 4.089, 5.523, 6.21, 6.764, 6.987, 9.376, 11.465, 12.107, 13.819, 15.416, 16.544, 17.668, 18.288, 18.582, 19.46, 20.674, 21.559, 22.862, 24.868, 26.647, 27.425, 27.431, 27.352, 27.132, 26.936, 27.027, 27.328, 27.696, 27.76, 27.929, 28.054, 28.07, 27.877, 27.313, 27.031, 27.031, 27.05, 26.807, 26.104, 25.247, 25.19, 25.351, 25.335, 25.236, 25.495, 25.716, 25.569, 25.493, 25.473, 25.217, 25.294, 25.371, 25.242, 25.145], [27.111, 27.218, 27.688, 27.448, 26.973, 27.044, 27.638, 27.776, 27.542, 27.405, 27.084, 26.756, 26.118, 25.06, 24.023, 21.731, 19.531, 17.472, 16.104, 15.498, 15.057, 14.445, 13.877, 13.376, 11.782, 9.759, 8.195, 6.478, 5.995, 4.705, 2.414, 0.0, 2.819, 4.749, 5.485, 6.08, 6.362, 8.923, 11.021, 11.638, 13.415, 15.069, 16.244, 17.407, 18.071, 18.385, 19.215, 20.421, 21.309, 22.616, 24.628, 26.419, 27.209, 27.208, 27.127, 26.913, 26.74, 26.837, 27.14, 27.513, 27.58, 27.751, 27.873, 27.885, 27.709, 27.182, 26.921, 26.924, 26.936, 26.688, 26.003, 25.194, 25.158, 25.318, 25.315, 25.227, 25.489, 25.706, 25.558, 25.479, 25.45, 25.19, 25.267, 25.336, 25.201, 25.098], [27.451, 27.544, 28.03, 27.79, 27.32, 27.415, 28.036, 28.158, 27.894, 27.773, 27.439, 27.115, 26.552, 25.568, 24.577, 22.32, 20.216, 18.071, 16.52, 15.861, 15.47, 14.91, 14.289, 13.738, 12.15, 10.257, 8.885, 7.226, 6.826, 5.691, 4.089, 2.819, 0.0, 2.719, 4.089, 4.929, 5.235, 7.94, 10.314, 10.982, 12.736, 14.435, 15.655, 16.879, 17.618, 17.941, 18.748, 19.955, 20.877, 22.203, 24.245, 26.035, 26.804, 26.805, 26.712, 26.487, 26.289, 26.378, 26.67, 27.026, 27.105, 27.277, 27.385, 27.408, 27.239, 26.704, 26.447, 26.455, 26.472, 26.232, 25.573, 24.863, 24.932, 25.14, 25.154, 25.087, 25.394, 25.614, 25.453, 25.422, 25.426, 25.158, 25.218, 25.282, 25.136, 25.019], [27.738, 27.813, 28.305, 28.067, 27.603, 27.709, 28.343, 28.444, 28.143, 28.021, 27.667, 27.348, 26.831, 25.893, 24.914, 22.654, 20.66, 18.49, 16.797, 16.119, 15.778, 15.204, 14.575, 14.074, 12.552, 10.808, 9.636, 8.124, 7.737, 6.804, 5.523, 4.749, 2.719, 0.0, 2.426, 3.797, 4.219, 7.119, 9.764, 10.512, 12.149, 13.874, 15.162, 16.451, 17.238, 17.598, 18.44, 19.634, 20.573, 21.9, 23.907, 25.718, 26.502, 26.507, 26.403, 26.157, 25.942, 26.027, 26.325, 26.698, 26.784, 26.942, 27.042, 27.065, 26.875, 26.303, 26.031, 26.056, 26.079, 25.848, 25.208, 24.54, 24.608, 24.827, 24.892, 24.828, 25.143, 25.369, 25.189, 25.15, 25.154, 24.891, 24.934, 24.992, 24.846, 24.723], [28.013, 28.099, 28.582, 28.339, 27.863, 27.949, 28.567, 28.685, 28.403, 28.278, 27.924, 27.625, 27.117, 26.158, 25.158, 22.905, 20.958, 18.831, 17.131, 16.457, 16.138, 15.567, 14.982, 14.501, 13.015, 11.344, 10.203, 8.753, 8.327, 7.377, 6.21, 5.485, 4.089, 2.426, 0.0, 1.893, 2.741, 6.49, 9.278, 10.008, 11.826, 13.721, 15.102, 16.441, 17.247, 17.64, 18.553, 19.789, 20.764, 22.105, 24.08, 25.882, 26.672, 26.68, 26.57, 26.332, 26.135, 26.226, 26.522, 26.887, 26.965, 27.125, 27.228, 27.243, 27.051, 26.481, 26.209, 26.238, 26.274, 26.041, 25.391, 24.696, 24.715, 24.899, 24.95, 24.878, 25.198, 25.423, 25.24, 25.205, 25.209, 24.957, 25.006, 25.059, 24.908, 24.789], [28.219, 28.33, 28.814, 28.566, 28.081, 28.15, 28.753, 28.882, 28.617, 28.495, 28.144, 27.856, 27.352, 26.395, 25.414, 23.197, 21.29, 19.216, 17.551, 16.884, 16.579, 16.024, 15.454, 14.972, 13.525, 11.916, 10.787, 9.38, 8.933, 7.934, 6.764, 6.08, 4.929, 3.797, 1.893, 0.0, 1.807, 6.251, 9.078, 9.827, 11.783, 13.745, 15.132, 16.477, 17.284, 17.68, 18.641, 19.924, 20.923, 22.261, 24.226, 26.013, 26.791, 26.798, 26.685, 26.458, 26.268, 26.364, 26.659, 27.011, 27.083, 27.246, 27.349, 27.364, 27.18, 26.62, 26.355, 26.382, 26.426, 26.205, 25.547, 24.824, 24.834, 25.021, 25.063, 24.995, 25.335, 25.559, 25.379, 25.358, 25.366, 25.122, 25.172, 25.219, 25.061, 24.941], [28.122, 28.248, 28.753, 28.512, 28.021, 28.082, 28.68, 28.807, 28.547, 28.424, 28.063, 27.78, 27.281, 26.326, 25.358, 23.145, 21.239, 19.187, 17.512, 16.817, 16.508, 15.987, 15.471, 15.003, 13.564, 12.004, 10.939, 9.546, 9.09, 8.11, 6.987, 6.362, 5.235, 4.219, 2.741, 1.807, 0.0, 5.181, 8.325, 9.113, 11.081, 13.056, 14.453, 15.824, 16.666, 17.049, 17.985, 19.31, 20.361, 21.721, 23.714, 25.538, 26.336, 26.339, 26.224, 25.989, 25.782, 25.876, 26.184, 26.558, 26.642, 26.797, 26.899, 26.914, 26.723, 26.155, 25.884, 25.912, 25.953, 25.724, 25.076, 24.388, 24.409, 24.596, 24.651, 24.6, 24.95, 25.172, 25.005, 25.018, 25.033, 24.783, 24.836, 24.886, 24.72, 24.592], [27.887, 27.999, 28.547, 28.315, 27.794, 27.827, 28.425, 28.585, 28.341, 28.22, 27.826, 27.582, 27.177, 26.334, 25.493, 23.356, 21.553, 19.639, 17.995, 17.282, 16.998, 16.585, 16.164, 15.731, 14.376, 13.104, 12.322, 11.176, 10.84, 10.141, 9.376, 8.923, 7.94, 7.119, 6.49, 6.251, 5.181, 0.0, 4.079, 5.419, 7.539, 9.693, 11.247, 12.763, 13.727, 14.149, 15.145, 16.628, 17.822, 19.325, 21.67, 23.777, 24.671, 24.673, 24.564, 24.311, 24.06, 24.142, 24.5, 24.994, 25.117, 25.213, 25.304, 25.297, 25.01, 24.368, 24.088, 24.133, 24.195, 23.954, 23.309, 22.978, 23.248, 23.45, 23.632, 23.659, 24.04, 24.316, 24.215, 24.306, 24.338, 24.061, 24.106, 24.158, 23.984, 23.823], [27.908, 28.008, 28.552, 28.308, 27.755, 27.758, 28.346, 28.553, 28.341, 28.226, 27.827, 27.605, 27.262, 26.492, 25.71, 23.657, 22.0, 20.266, 18.734, 18.051, 17.79, 17.463, 17.153, 16.787, 15.525, 14.445, 13.788, 12.739, 12.463, 12.009, 11.465, 11.021, 10.314, 9.764, 9.278, 9.078, 8.325, 4.079, 0.0, 2.796, 6.241, 8.66, 10.182, 11.628, 12.592, 13.058, 14.067, 15.607, 16.881, 18.408, 20.894, 23.138, 24.089, 24.099, 24.012, 23.763, 23.512, 23.586, 23.974, 24.545, 24.702, 24.767, 24.867, 24.852, 24.551, 23.907, 23.629, 23.676, 23.751, 23.509, 22.845, 22.676, 23.129, 23.307, 23.468, 23.537, 23.925, 24.216, 24.17, 24.324, 24.371, 24.076, 24.125, 24.179, 23.998, 23.82], [27.974, 28.064, 28.599, 28.338, 27.772, 27.77, 28.37, 28.604, 28.402, 28.291, 27.896, 27.683, 27.358, 26.601, 25.834, 23.764, 22.117, 20.4, 18.848, 18.134, 17.92, 17.723, 17.528, 17.198, 16.003, 15.004, 14.367, 13.272, 13.023, 12.576, 12.107, 11.638, 10.982, 10.512, 10.008, 9.827, 9.113, 5.419, 2.796, 0.0, 4.584, 7.609, 9.298, 10.811, 11.872, 12.429, 13.474, 15.073, 16.426, 17.924, 20.314, 22.527, 23.484, 23.499, 23.401, 23.137, 22.877, 22.968, 23.354, 23.946, 24.12, 24.177, 24.277, 24.285, 24.022, 23.403, 23.128, 23.19, 23.272, 23.03, 22.363, 22.247, 22.811, 23.13, 23.35, 23.424, 23.827, 24.109, 24.066, 24.274, 24.347, 24.016, 24.03, 24.083, 23.893, 23.707], [27.728, 27.798, 28.346, 28.098, 27.554, 27.56, 28.185, 28.41, 28.157, 28.04, 27.642, 27.455, 27.225, 26.568, 25.909, 23.871, 22.307, 20.699, 19.193, 18.528, 18.406, 18.328, 18.196, 17.94, 16.939, 16.124, 15.694, 14.741, 14.582, 14.202, 13.819, 13.415, 12.736, 12.149, 11.826, 11.783, 11.081, 7.539, 6.241, 4.584, 0.0, 3.781, 6.275, 8.382, 9.775, 10.445, 11.457, 13.077, 14.454, 16.029, 18.529, 20.936, 21.959, 21.983, 21.913, 21.628, 21.36, 21.486, 21.88, 22.534, 22.728, 22.763, 22.831, 22.866, 22.593, 21.97, 21.709, 21.813, 21.887, 21.635, 21.036, 21.227, 21.916, 22.413, 22.981, 23.097, 23.445, 23.749, 23.72, 23.904, 23.988, 23.622, 23.557, 23.578, 23.414, 23.249], [27.54, 27.601, 28.165, 27.941, 27.423, 27.436, 28.082, 28.313, 28.037, 27.921, 27.523, 27.348, 27.202, 26.663, 26.121, 24.189, 22.749, 21.302, 19.928, 19.337, 19.254, 19.216, 19.089, 18.866, 17.994, 17.293, 16.992, 16.137, 15.996, 15.733, 15.416, 15.069, 14.435, 13.874, 13.721, 13.745, 13.056, 9.693, 8.66, 7.609, 3.781, 0.0, 3.262, 6.085, 7.814, 8.537, 9.479, 11.151, 12.57, 14.294, 17.039, 19.699, 20.791, 20.821, 20.796, 20.492, 20.24, 20.386, 20.791, 21.508, 21.73, 21.759, 21.799, 21.856, 21.615, 21.022, 20.764, 20.87, 20.918, 20.675, 20.202, 20.66, 21.451, 22.004, 22.777, 22.969, 23.311, 23.637, 23.636, 23.819, 23.907, 23.508, 23.402, 23.413, 23.266, 23.123], [27.58, 27.64, 28.208, 27.992, 27.489, 27.52, 28.197, 28.445, 28.182, 28.099, 27.714, 27.541, 27.422, 26.945, 26.49, 24.674, 23.359, 21.995, 20.699, 20.125, 20.051, 20.074, 19.976, 19.754, 18.976, 18.397, 18.116, 17.224, 17.066, 16.836, 16.544, 16.244, 15.655, 15.162, 15.102, 15.132, 14.453, 11.247, 10.182, 9.298, 6.275, 3.262, 0.0, 3.404, 5.633, 6.47, 7.568, 9.526, 11.051, 12.769, 15.68, 18.518, 19.665, 19.704, 19.689, 19.359, 19.117, 19.287, 19.711, 20.511, 20.791, 20.831, 20.865, 20.943, 20.728, 20.158, 19.876, 19.969, 20.012, 19.811, 19.456, 20.126, 21.121, 21.792, 22.597, 22.848, 23.283, 23.644, 23.662, 23.909, 24.024, 23.584, 23.453, 23.475, 23.318, 23.174], [27.666, 27.728, 28.298, 28.078, 27.58, 27.627, 28.321, 28.568, 28.296, 28.262, 27.921, 27.749, 27.632, 27.172, 26.756, 25.047, 23.884, 22.616, 21.374, 20.802, 20.741, 20.826, 20.785, 20.59, 19.906, 19.457, 19.201, 18.301, 18.154, 17.952, 17.668, 17.407, 16.879, 16.451, 16.441, 16.477, 15.824, 12.763, 11.628, 10.811, 8.382, 6.085, 3.404, 0.0, 2.755, 4.05, 5.686, 8.2, 10.011, 11.649, 14.554, 17.506, 18.711, 18.767, 18.756, 18.399, 18.153, 18.335, 18.777, 19.638, 19.967, 20.03, 20.068, 20.161, 19.937, 19.36, 19.06, 19.139, 19.228, 19.127, 18.9, 19.785, 20.96, 21.71, 22.497, 22.782, 23.314, 23.728, 23.773, 24.077, 24.2, 23.734, 23.593, 23.624, 23.449, 23.3], [27.644, 27.706, 28.272, 28.052, 27.553, 27.592, 28.281, 28.534, 28.252, 28.234, 27.94, 27.787, 27.659, 27.193, 26.797, 25.157, 24.076, 22.883, 21.7, 21.149, 21.099, 21.196, 21.188, 21.032, 20.391, 19.976, 19.716, 18.869, 18.734, 18.55, 18.288, 18.071, 17.618, 17.238, 17.247, 17.284, 16.666, 13.727, 12.592, 11.872, 9.775, 7.814, 5.633, 2.755, 0.0, 2.088, 4.717, 7.654, 9.698, 11.377, 14.287, 17.262, 18.476, 18.537, 18.531, 18.169, 17.922, 18.103, 18.558, 19.419, 19.766, 19.848, 19.886, 19.987, 19.752, 19.158, 18.857, 18.926, 19.037, 19.012, 18.857, 19.813, 20.987, 21.703, 22.484, 22.783, 23.337, 23.79, 23.885, 24.205, 24.311, 23.854, 23.72, 23.753, 23.572, 23.431], [27.627, 27.686, 28.254, 28.035, 27.536, 27.571, 28.261, 28.516, 28.231, 28.214, 27.929, 27.798, 27.7, 27.251, 26.861, 25.23, 24.161, 22.989, 21.833, 21.305, 21.27, 21.377, 21.402, 21.31, 20.685, 20.23, 19.951, 19.119, 18.978, 18.809, 18.582, 18.385, 17.941, 17.598, 17.64, 17.68, 17.049, 14.149, 13.058, 12.429, 10.445, 8.537, 6.47, 4.05, 2.088, 0.0, 3.51, 6.92, 9.132, 10.837, 13.811, 16.877, 18.119, 18.181, 18.181, 17.835, 17.623, 17.82, 18.297, 19.185, 19.556, 19.642, 19.67, 19.771, 19.52, 18.929, 18.646, 18.711, 18.801, 18.765, 18.621, 19.625, 20.814, 21.515, 22.313, 22.623, 23.183, 23.653, 23.779, 24.133, 24.255, 23.801, 23.671, 23.709, 23.53, 23.402], [27.502, 27.547, 28.131, 27.916, 27.422, 27.475, 28.185, 28.439, 28.134, 28.114, 27.803, 27.665, 27.697, 27.395, 27.043, 25.425, 24.394, 23.309, 22.189, 21.71, 21.716, 21.856, 21.912, 21.902, 21.272, 20.731, 20.55, 19.807, 19.665, 19.611, 19.46, 19.215, 18.748, 18.44, 18.553, 18.641, 17.985, 15.145, 14.067, 13.474, 11.457, 9.479, 7.568, 5.686, 4.717, 3.51, 0.0, 4.059, 6.862, 9.007, 12.445, 15.798, 17.146, 17.22, 17.256, 16.897, 16.72, 16.896, 17.361, 18.308, 18.709, 18.81, 18.84, 18.919, 18.715, 18.241, 18.021, 18.098, 18.15, 18.105, 18.066, 19.285, 20.561, 21.279, 22.149, 22.483, 23.03, 23.505, 23.643, 24.005, 24.138, 23.659, 23.516, 23.549, 23.376, 23.258], [27.251, 27.282, 27.874, 27.673, 27.195, 27.255, 27.968, 28.215, 27.895, 27.871, 27.536, 27.389, 27.542, 27.436, 27.221, 25.679, 24.721, 23.759, 22.731, 22.324, 22.369, 22.514, 22.581, 22.629, 22.044, 21.508, 21.457, 20.847, 20.719, 20.747, 20.674, 20.421, 19.955, 19.634, 19.789, 19.924, 19.31, 16.628, 15.607, 15.073, 13.077, 11.151, 9.526, 8.2, 7.654, 6.92, 4.059, 0.0, 3.733, 6.901, 11.159, 14.77, 16.163, 16.28, 16.336, 15.962, 15.836, 15.989, 16.422, 17.418, 17.826, 17.99, 18.066, 18.107, 17.949, 17.582, 17.425, 17.522, 17.53, 17.517, 17.643, 19.074, 20.381, 21.127, 22.117, 22.471, 22.977, 23.443, 23.585, 23.904, 24.019, 23.55, 23.388, 23.402, 23.241, 23.133], [26.778, 26.809, 27.411, 27.252, 26.816, 26.883, 27.572, 27.794, 27.473, 27.459, 27.124, 26.988, 27.203, 27.229, 27.202, 25.83, 24.969, 24.123, 23.257, 22.94, 23.004, 23.142, 23.211, 23.299, 22.787, 22.283, 22.293, 21.773, 21.657, 21.658, 21.559, 21.309, 20.877, 20.573, 20.764, 20.923, 20.361, 17.822, 16.881, 16.426, 14.454, 12.57, 11.051, 10.011, 9.698, 9.132, 6.862, 3.733, 0.0, 4.416, 9.796, 13.753, 15.197, 15.332, 15.444, 15.108, 15.07, 15.244, 15.712, 16.791, 17.209, 17.419, 17.499, 17.522, 17.396, 17.097, 16.98, 17.082, 17.016, 16.987, 17.222, 18.84, 20.186, 20.961, 22.073, 22.427, 22.881, 23.348, 23.509, 23.821, 23.974, 23.547, 23.383, 23.366, 23.218, 23.134], [27.173, 27.192, 27.768, 27.616, 27.194, 27.261, 27.902, 28.064, 27.756, 27.77, 27.438, 27.344, 27.602, 27.71, 27.828, 26.662, 25.907, 25.07, 24.258, 23.953, 24.027, 24.228, 24.402, 24.549, 24.143, 23.745, 23.773, 23.212, 23.071, 23.032, 22.862, 22.616, 22.203, 21.9, 22.105, 22.261, 21.721, 19.325, 18.408, 17.924, 16.029, 14.294, 12.769, 11.649, 11.377, 10.837, 9.007, 6.901, 4.416, 0.0, 6.503, 11.445, 13.247, 13.419, 13.612, 13.346, 13.531, 13.823, 14.411, 15.686, 16.176, 16.412, 16.481, 16.47, 16.333, 16.082, 16.013, 16.103, 16.058, 16.109, 16.507, 18.394, 19.883, 20.768, 21.938, 22.312, 22.796, 23.26, 23.421, 23.804, 24.05, 23.679, 23.491, 23.456, 23.307, 23.243], [28.445, 28.452, 29.017, 28.857, 28.409, 28.461, 29.07, 29.133, 28.761, 28.766, 28.423, 28.376, 28.772, 29.047, 29.218, 27.907, 27.024, 26.225, 25.435, 25.059, 25.127, 25.416, 25.756, 26.012, 25.829, 25.693, 25.804, 25.229, 25.065, 25.039, 24.868, 24.628, 24.245, 23.907, 24.08, 24.226, 23.714, 21.67, 20.894, 20.314, 18.529, 17.039, 15.68, 14.554, 14.287, 13.811, 12.445, 11.159, 9.796, 6.503, 0.0, 6.65, 9.409, 9.702, 10.079, 10.083, 10.955, 11.563, 12.204, 13.723, 14.327, 14.566, 14.582, 14.573, 14.599, 14.613, 14.655, 14.727, 14.728, 14.972, 15.741, 17.972, 19.612, 20.672, 21.866, 22.279, 22.86, 23.293, 23.414, 23.881, 24.18, 23.843, 23.604, 23.531, 23.386, 23.343], [29.382, 29.394, 29.977, 29.816, 29.346, 29.374, 29.953, 29.92, 29.478, 29.496, 29.153, 29.142, 29.674, 30.11, 30.378, 29.04, 28.148, 27.379, 26.588, 26.164, 26.233, 26.576, 26.954, 27.248, 27.207, 27.271, 27.459, 26.941, 26.798, 26.776, 26.647, 26.419, 26.035, 25.718, 25.882, 26.013, 25.538, 23.777, 23.138, 22.527, 20.936, 19.699, 18.518, 17.506, 17.262, 16.877, 15.798, 14.77, 13.753, 11.445, 6.65, 0.0, 3.73, 4.467, 5.132, 5.831, 7.846, 8.814, 9.262, 10.959, 11.684, 12.005, 12.021, 12.099, 12.565, 13.0, 13.183, 13.221, 13.186, 13.561, 14.731, 17.326, 19.312, 20.613, 21.761, 22.275, 23.052, 23.483, 23.577, 24.157, 24.507, 24.17, 23.895, 23.784, 23.641, 23.683], [29.647, 29.667, 30.257, 30.096, 29.625, 29.643, 30.205, 30.132, 29.653, 29.681, 29.351, 29.35, 29.929, 30.445, 30.793, 29.547, 28.756, 28.011, 27.236, 26.826, 26.909, 27.25, 27.6, 27.887, 27.88, 28.002, 28.214, 27.72, 27.587, 27.55, 27.425, 27.209, 26.804, 26.502, 26.672, 26.791, 26.336, 24.671, 24.089, 23.484, 21.959, 20.791, 19.665, 18.711, 18.476, 18.119, 17.146, 16.163, 15.197, 13.247, 9.409, 3.73, 0.0, 1.743, 2.908, 4.282, 6.793, 7.862, 8.087, 9.682, 10.479, 10.875, 10.883, 11.076, 11.827, 12.467, 12.71, 12.722, 12.676, 13.132, 14.448, 17.082, 19.205, 20.626, 21.741, 22.305, 23.17, 23.604, 23.703, 24.354, 24.734, 24.395, 24.117, 24.007, 23.859, 23.959], [29.681, 29.705, 30.296, 30.136, 29.666, 29.682, 30.233, 30.154, 29.675, 29.699, 29.376, 29.379, 29.951, 30.457, 30.807, 29.578, 28.784, 28.035, 27.262, 26.863, 26.95, 27.288, 27.632, 27.914, 27.899, 28.013, 28.225, 27.735, 27.603, 27.565, 27.431, 27.208, 26.805, 26.507, 26.68, 26.798, 26.339, 24.673, 24.099, 23.499, 21.983, 20.821, 19.704, 18.767, 18.537, 18.181, 17.22, 16.28, 15.332, 13.419, 9.702, 4.467, 1.743, 0.0, 1.948, 3.833, 6.636, 7.738, 8.022, 9.657, 10.487, 10.864, 10.817, 11.022, 11.784, 12.453, 12.71, 12.719, 12.671, 13.118, 14.425, 17.049, 19.168, 20.584, 21.698, 22.267, 23.138, 23.578, 23.685, 24.337, 24.718, 24.377, 24.097, 23.986, 23.836, 23.937], [29.803, 29.828, 30.405, 30.229, 29.757, 29.779, 30.334, 30.264, 29.8, 29.824, 29.499, 29.513, 30.072, 30.546, 30.874, 29.634, 28.832, 28.039, 27.224, 26.807, 26.898, 27.246, 27.605, 27.891, 27.868, 27.972, 28.175, 27.679, 27.547, 27.494, 27.352, 27.127, 26.712, 26.403, 26.57, 26.685, 26.224, 24.564, 24.012, 23.401, 21.913, 20.796, 19.689, 18.756, 18.531, 18.181, 17.256, 16.336, 15.444, 13.612, 10.079, 5.132, 2.908, 1.948, 0.0, 2.709, 6.094, 7.319, 7.648, 9.363, 10.234, 10.632, 10.624, 10.848, 11.56, 12.215, 12.484, 12.51, 12.492, 12.982, 14.276, 16.887, 19.06, 20.533, 21.639, 22.211, 23.104, 23.545, 23.655, 24.324, 24.704, 24.361, 24.081, 23.97, 23.82, 23.94], [29.747, 29.78, 30.366, 30.18, 29.7, 29.731, 30.306, 30.235, 29.76, 29.783, 29.449, 29.455, 30.003, 30.467, 30.776, 29.508, 28.705, 27.888, 27.041, 26.609, 26.703, 27.061, 27.413, 27.691, 27.658, 27.753, 27.969, 27.476, 27.342, 27.282, 27.132, 26.913, 26.487, 26.157, 26.332, 26.458, 25.989, 24.311, 23.763, 23.137, 21.628, 20.492, 19.359, 18.399, 18.169, 17.835, 16.897, 15.962, 15.108, 13.346, 10.083, 5.831, 4.282, 3.833, 2.709, 0.0, 4.094, 5.69, 6.17, 8.213, 9.18, 9.688, 9.792, 10.065, 10.906, 11.562, 11.787, 11.835, 11.853, 12.412, 13.797, 16.512, 18.768, 20.274, 21.394, 21.971, 22.875, 23.329, 23.449, 24.124, 24.502, 24.148, 23.864, 23.755, 23.604, 23.718], [29.713, 29.769, 30.403, 30.219, 29.732, 29.762, 30.352, 30.277, 29.772, 29.787, 29.444, 29.42, 29.951, 30.406, 30.711, 29.434, 28.675, 27.853, 26.987, 26.555, 26.653, 26.997, 27.308, 27.561, 27.489, 27.544, 27.763, 27.27, 27.135, 27.073, 26.936, 26.74, 26.289, 25.942, 26.135, 26.268, 25.782, 24.06, 23.512, 22.877, 21.36, 20.24, 19.117, 18.153, 17.922, 17.623, 16.72, 15.836, 15.07, 13.531, 10.955, 7.846, 6.793, 6.636, 6.094, 4.094, 0.0, 2.293, 3.386, 6.113, 7.335, 8.078, 8.418, 8.879, 9.984, 10.526, 10.616, 10.75, 10.853, 11.507, 12.966, 15.748, 18.116, 19.672, 20.789, 21.381, 22.342, 22.82, 22.969, 23.727, 24.145, 23.757, 23.47, 23.381, 23.226, 23.319], [29.628, 29.683, 30.339, 30.175, 29.694, 29.718, 30.298, 30.216, 29.695, 29.706, 29.36, 29.327, 29.864, 30.331, 30.649, 29.405, 28.708, 27.922, 27.064, 26.648, 26.751, 27.081, 27.374, 27.624, 27.541, 27.581, 27.812, 27.337, 27.201, 27.149, 27.027, 26.837, 26.378, 26.027, 26.226, 26.364, 25.876, 24.142, 23.586, 22.968, 21.486, 20.386, 19.287, 18.335, 18.103, 17.82, 16.896, 15.989, 15.244, 13.823, 11.563, 8.814, 7.862, 7.738, 7.319, 5.69, 2.293, 0.0, 2.363, 5.448, 6.754, 7.612, 8.033, 8.504, 9.669, 10.207, 10.268, 10.419, 10.534, 11.228, 12.714, 15.495, 17.855, 19.381, 20.487, 21.087, 22.068, 22.563, 22.737, 23.528, 23.961, 23.564, 23.278, 23.192, 23.044, 23.134], [29.774, 29.831, 30.498, 30.336, 29.853, 29.882, 30.464, 30.375, 29.835, 29.843, 29.499, 29.448, 30.023, 30.543, 30.863, 29.594, 28.88, 28.098, 27.236, 26.813, 26.918, 27.252, 27.535, 27.779, 27.73, 27.825, 28.085, 27.615, 27.475, 27.433, 27.328, 27.14, 26.67, 26.325, 26.522, 26.659, 26.184, 24.5, 23.974, 23.354, 21.88, 20.791, 19.711, 18.777, 18.558, 18.297, 17.361, 16.422, 15.712, 14.411, 12.204, 9.262, 8.087, 8.022, 7.648, 6.17, 3.386, 2.363, 0.0, 3.505, 4.977, 6.031, 6.658, 7.199, 8.854, 9.73, 9.908, 10.069, 10.176, 10.937, 12.573, 15.475, 17.886, 19.453, 20.556, 21.164, 22.163, 22.661, 22.817, 23.585, 24.008, 23.607, 23.312, 23.218, 23.071, 23.175], [29.979, 30.039, 30.705, 30.553, 30.076, 30.1, 30.665, 30.565, 30.017, 30.023, 29.687, 29.616, 30.213, 30.762, 31.075, 29.825, 29.128, 28.363, 27.514, 27.103, 27.209, 27.531, 27.784, 28.007, 27.987, 28.134, 28.423, 27.969, 27.823, 27.787, 27.696, 27.513, 27.026, 26.698, 26.887, 27.011, 26.558, 24.994, 24.545, 23.946, 22.534, 21.508, 20.511, 19.638, 19.419, 19.185, 18.308, 17.418, 16.791, 15.686, 13.723, 10.959, 9.682, 9.657, 9.363, 8.213, 6.113, 5.448, 3.505, 0.0, 2.251, 4.121, 4.98, 5.805, 8.33, 9.697, 10.044, 10.216, 10.339, 11.2, 12.939, 15.788, 18.129, 19.68