[[0.0, 2.28, 5.087, 8.094, 9.941, 11.667, 13.504, 14.18, 14.101, 14.275, 14.726, 14.988, 14.943, 14.77, 14.737, 14.997, 15.612, 15.912, 16.001, 16.345, 16.869, 16.826, 16.731, 16.958, 17.27, 17.398, 17.52, 17.481, 17.122, 17.02, 17.234, 17.42, 17.016, 18.307, 19.141, 19.243, 19.364, 19.495, 19.604, 19.97, 20.495, 20.633, 20.638, 20.577, 20.593, 20.542, 20.612, 20.74, 20.91, 21.495, 22.218, 22.683, 22.847, 22.913, 22.772, 22.6, 22.673, 22.985, 23.161, 23.605, 24.051, 23.902, 24.149, 23.84, 23.668, 24.084, 24.394, 24.391, 24.34, 24.179, 23.996, 24.14, 23.865, 23.579, 23.312, 22.656, 22.012, 21.822, 21.796, 21.964, 21.752, 20.887, 20.026, 19.441, 19.212, 19.141], [2.28, 0.0, 3.362, 6.924, 9.066, 11.025, 13.027, 13.763, 13.699, 13.832, 14.237, 14.522, 14.53, 14.424, 14.451, 14.754, 15.479, 15.856, 15.968, 16.304, 16.825, 16.773, 16.634, 16.867, 17.193, 17.313, 17.437, 17.378, 17.028, 16.935, 17.128, 17.304, 16.797, 17.982, 18.842, 19.023, 19.219, 19.371, 19.463, 19.802, 20.304, 20.419, 20.422, 20.368, 20.387, 20.326, 20.393, 20.503, 20.646, 21.248, 21.997, 22.475, 22.642, 22.709, 22.565, 22.392, 22.486, 22.813, 23.002, 23.47, 23.91, 23.746, 24.005, 23.67, 23.456, 23.872, 24.193, 24.186, 24.141, 23.979, 23.79, 23.939, 23.662, 23.382, 23.124, 22.444, 21.756, 21.548, 21.532, 21.711, 21.48, 20.601, 19.742, 19.162, 18.945, 18.89], [5.087, 3.362, 0.0, 4.235, 7.021, 9.634, 12.072, 12.934, 12.867, 12.913, 13.269, 13.589, 13.608, 13.535, 13.601, 13.991, 14.87, 15.323, 15.456, 15.795, 16.332, 16.307, 16.17, 16.429, 16.802, 16.909, 17.02, 16.945, 16.648, 16.604, 16.801, 16.984, 16.42, 17.505, 18.336, 18.578, 18.891, 19.119, 19.201, 19.468, 19.925, 20.043, 20.055, 20.009, 20.033, 19.96, 20.023, 20.134, 20.291, 20.944, 21.735, 22.225, 22.393, 22.45, 22.295, 22.116, 22.227, 22.578, 22.795, 23.307, 23.76, 23.592, 23.859, 23.47, 23.19, 23.618, 23.952, 23.928, 23.887, 23.727, 23.526, 23.662, 23.347, 23.025, 22.723, 22.01, 21.325, 21.137, 21.176, 21.386, 21.146, 20.21, 19.308, 18.74, 18.555, 18.515], [8.094, 6.924, 4.235, 0.0, 3.741, 7.361, 10.36, 11.41, 11.354, 11.363, 11.744, 12.152, 12.261, 12.342, 12.543, 13.063, 14.087, 14.601, 14.742, 15.092, 15.651, 15.68, 15.607, 15.931, 16.392, 16.519, 16.649, 16.587, 16.369, 16.392, 16.648, 16.911, 16.489, 17.641, 18.466, 18.722, 19.069, 19.336, 19.446, 19.717, 20.161, 20.292, 20.336, 20.324, 20.356, 20.287, 20.338, 20.422, 20.532, 21.123, 21.869, 22.326, 22.477, 22.513, 22.339, 22.135, 22.245, 22.592, 22.833, 23.379, 23.818, 23.651, 23.9, 23.484, 23.16, 23.561, 23.883, 23.848, 23.803, 23.655, 23.463, 23.572, 23.226, 22.886, 22.58, 21.887, 21.266, 21.112, 21.187, 21.398, 21.174, 20.255, 19.365, 18.823, 18.657, 18.631], [9.941, 9.066, 7.021, 3.741, 0.0, 4.589, 8.347, 9.676, 9.619, 9.584, 10.057, 10.588, 10.81, 11.043, 11.371, 11.971, 13.075, 13.626, 13.758, 14.113, 14.677, 14.71, 14.683, 15.109, 15.682, 15.9, 16.136, 16.117, 15.857, 15.872, 16.211, 16.601, 16.435, 17.845, 18.732, 18.996, 19.319, 19.568, 19.734, 20.115, 20.606, 20.754, 20.834, 20.844, 20.873, 20.817, 20.871, 20.914, 20.941, 21.435, 22.12, 22.545, 22.676, 22.697, 22.518, 22.286, 22.366, 22.69, 22.951, 23.519, 23.937, 23.772, 23.996, 23.583, 23.249, 23.62, 23.914, 23.879, 23.831, 23.689, 23.529, 23.629, 23.278, 22.943, 22.658, 21.998, 21.408, 21.262, 21.342, 21.544, 21.351, 20.503, 19.647, 19.117, 18.941, 18.913], [11.667, 11.025, 9.634, 7.361, 4.589, 0.0, 4.32, 6.044, 6.183, 6.546, 7.404, 8.1, 8.508, 9.09, 9.798, 10.506, 11.641, 12.221, 12.314, 12.569, 13.044, 13.108, 13.27, 13.843, 14.568, 15.094, 15.55, 15.626, 15.428, 15.506, 16.016, 16.593, 17.037, 19.148, 20.231, 20.509, 20.764, 20.935, 21.164, 21.814, 22.43, 22.544, 22.615, 22.589, 22.58, 22.548, 22.646, 22.669, 22.562, 22.841, 23.374, 23.733, 23.85, 23.869, 23.714, 23.516, 23.589, 23.857, 24.101, 24.568, 24.854, 24.671, 24.844, 24.432, 24.025, 24.256, 24.477, 24.442, 24.385, 24.248, 24.124, 24.191, 23.861, 23.591, 23.41, 22.859, 22.336, 22.2, 22.273, 22.466, 22.351, 21.71, 20.972, 20.427, 20.194, 20.145], [13.504, 13.027, 12.072, 10.36, 8.347, 4.32, 0.0, 2.173, 3.062, 4.575, 5.971, 6.756, 7.318, 8.295, 9.402, 10.135, 11.176, 11.741, 11.814, 11.905, 12.224, 12.361, 12.718, 13.37, 14.178, 15.016, 15.645, 15.815, 15.821, 16.02, 16.633, 17.321, 18.266, 20.91, 22.145, 22.422, 22.599, 22.693, 22.929, 23.776, 24.517, 24.608, 24.653, 24.594, 24.552, 24.537, 24.68, 24.724, 24.548, 24.648, 25.037, 25.332, 25.438, 25.463, 25.33, 25.174, 25.234, 25.441, 25.652, 25.99, 26.156, 25.965, 26.092, 25.693, 25.235, 25.331, 25.481, 25.443, 25.377, 25.257, 25.15, 25.185, 24.886, 24.678, 24.574, 24.119, 23.679, 23.558, 23.608, 23.779, 23.729, 23.284, 22.686, 22.135, 21.851, 21.785], [14.18, 13.763, 12.934, 11.41, 9.676, 6.044, 2.173, 0.0, 1.822, 4.145, 5.704, 6.442, 6.995, 8.067, 9.258, 9.961, 10.96, 11.526, 11.616, 11.675, 11.964, 12.141, 12.559, 13.213, 14.04, 14.993, 15.697, 15.922, 16.014, 16.239, 16.823, 17.52, 18.628, 21.429, 22.698, 22.966, 23.11, 23.172, 23.387, 24.275, 25.069, 25.172, 25.216, 25.154, 25.107, 25.098, 25.247, 25.295, 25.122, 25.201, 25.565, 25.848, 25.953, 25.98, 25.852, 25.705, 25.748, 25.938, 26.141, 26.441, 26.592, 26.41, 26.529, 26.135, 25.689, 25.772, 25.908, 25.877, 25.812, 25.695, 25.589, 25.618, 25.328, 25.129, 25.023, 24.566, 24.127, 23.998, 24.041, 24.198, 24.159, 23.76, 23.198, 22.647, 22.35, 22.282], [14.101, 13.699, 12.867, 11.354, 9.619, 6.183, 3.062, 1.822, 0.0, 2.807, 4.843, 5.825, 6.429, 7.48, 8.674, 9.534, 10.644, 11.224, 11.321, 11.425, 11.754, 11.924, 12.283, 12.85, 13.677, 14.659, 15.397, 15.665, 15.745, 15.929, 16.468, 17.141, 18.271, 21.075, 22.342, 22.608, 22.748, 22.809, 23.014, 23.889, 24.696, 24.816, 24.888, 24.85, 24.812, 24.803, 24.937, 24.972, 24.815, 24.926, 25.314, 25.612, 25.718, 25.744, 25.619, 25.468, 25.491, 25.685, 25.893, 26.209, 26.38, 26.2, 26.327, 25.931, 25.51, 25.618, 25.757, 25.735, 25.679, 25.56, 25.457, 25.494, 25.197, 24.989, 24.868, 24.377, 23.898, 23.754, 23.806, 23.968, 23.916, 23.482, 22.901, 22.352, 22.055, 21.987], [14.275, 13.832, 12.913, 11.363, 9.584, 6.546, 4.575, 4.145, 2.807, 0.0, 2.705, 4.255, 5.095, 6.331, 7.701, 8.909, 10.296, 10.927, 11.043, 11.222, 11.625, 11.766, 11.989, 12.418, 13.246, 14.238, 14.987, 15.269, 15.329, 15.483, 15.977, 16.634, 17.742, 20.507, 21.772, 22.061, 22.235, 22.326, 22.536, 23.393, 24.216, 24.359, 24.47, 24.47, 24.445, 24.435, 24.539, 24.537, 24.394, 24.547, 24.968, 25.277, 25.379, 25.399, 25.275, 25.112, 25.112, 25.307, 25.527, 25.88, 26.077, 25.895, 26.029, 25.624, 25.223, 25.364, 25.502, 25.481, 25.43, 25.311, 25.211, 25.253, 24.944, 24.713, 24.574, 24.073, 23.582, 23.438, 23.501, 23.671, 23.616, 23.143, 22.537, 21.987, 21.678, 21.596], [14.726, 14.237, 13.269, 11.744, 10.057, 7.404, 5.971, 5.704, 4.843, 2.705, 0.0, 2.051, 3.411, 5.259, 6.996, 8.386, 9.963, 10.647, 10.792, 11.004, 11.453, 11.559, 11.708, 12.122, 13.007, 14.045, 14.827, 15.12, 15.174, 15.31, 15.753, 16.414, 17.576, 20.387, 21.655, 21.96, 22.168, 22.28, 22.49, 23.338, 24.169, 24.33, 24.464, 24.477, 24.461, 24.453, 24.524, 24.469, 24.303, 24.475, 24.93, 25.25, 25.344, 25.356, 25.222, 25.038, 25.018, 25.212, 25.438, 25.812, 26.021, 25.841, 25.969, 25.537, 25.123, 25.272, 25.403, 25.372, 25.311, 25.186, 25.082, 25.13, 24.824, 24.592, 24.449, 23.954, 23.472, 23.336, 23.416, 23.596, 23.562, 23.096, 22.477, 21.911, 21.59, 21.506], [14.988, 14.522, 13.589, 12.152, 10.588, 8.1, 6.756, 6.442, 5.825, 4.255, 2.051, 0.0, 2.044, 4.53, 6.508, 7.885, 9.506, 10.24, 10.431, 10.686, 11.18, 11.269, 11.451, 11.917, 12.849, 13.938, 14.769, 15.067, 15.087, 15.205, 15.615, 16.28, 17.537, 20.463, 21.739, 22.039, 22.255, 22.368, 22.577, 23.432, 24.268, 24.436, 24.572, 24.581, 24.568, 24.565, 24.623, 24.544, 24.363, 24.534, 25.0, 25.324, 25.413, 25.42, 25.282, 25.09, 25.063, 25.254, 25.484, 25.866, 26.079, 25.908, 26.032, 25.585, 25.161, 25.303, 25.426, 25.391, 25.317, 25.183, 25.079, 25.135, 24.839, 24.616, 24.465, 23.959, 23.474, 23.331, 23.419, 23.608, 23.603, 23.168, 22.547, 21.961, 21.626, 21.543], [14.943, 14.53, 13.608, 12.261, 10.81, 8.508, 7.318, 6.995, 6.429, 5.095, 3.411, 2.044, 0.0, 2.945, 5.27, 6.816, 8.542, 9.299, 9.536, 9.824, 10.358, 10.509, 10.77, 11.199, 12.129, 13.282, 14.151, 14.488, 14.574, 14.738, 15.178, 15.868, 17.163, 20.162, 21.433, 21.722, 21.95, 22.073, 22.281, 23.125, 23.97, 24.168, 24.302, 24.294, 24.274, 24.265, 24.32, 24.257, 24.123, 24.332, 24.818, 25.151, 25.244, 25.25, 25.114, 24.93, 24.9, 25.095, 25.323, 25.686, 25.917, 25.758, 25.885, 25.443, 25.046, 25.208, 25.338, 25.307, 25.233, 25.095, 24.981, 25.029, 24.726, 24.488, 24.308, 23.796, 23.33, 23.203, 23.318, 23.532, 23.542, 23.081, 22.435, 21.85, 21.517, 21.427], [14.77, 14.424, 13.535, 12.342, 11.043, 9.09, 8.295, 8.067, 7.48, 6.331, 5.259, 4.53, 2.945, 0.0, 2.847, 5.063, 7.129, 7.931, 8.24, 8.665, 9.313, 9.549, 9.875, 10.179, 11.005, 12.214, 13.128, 13.477, 13.551, 13.75, 14.29, 15.03, 16.316, 19.387, 20.68, 20.956, 21.184, 21.323, 21.543, 22.39, 23.28, 23.53, 23.672, 23.655, 23.629, 23.609, 23.671, 23.652, 23.588, 23.867, 24.397, 24.753, 24.856, 24.865, 24.731, 24.555, 24.514, 24.716, 24.944, 25.302, 25.567, 25.417, 25.562, 25.13, 24.766, 24.979, 25.129, 25.105, 25.035, 24.895, 24.771, 24.815, 24.498, 24.233, 24.019, 23.5, 23.043, 22.923, 23.062, 23.297, 23.296, 22.764, 22.066, 21.492, 21.186, 21.088], [14.737, 14.451, 13.601, 12.543, 11.371, 9.798, 9.402, 9.258, 8.674, 7.701, 6.996, 6.508, 5.27, 2.847, 0.0, 3.018, 5.596, 6.558, 6.937, 7.583, 8.427, 8.701, 9.136, 9.469, 10.248, 11.384, 12.296, 12.622, 12.607, 12.794, 13.455, 14.247, 15.509, 18.618, 19.92, 20.182, 20.4, 20.539, 20.762, 21.613, 22.559, 22.858, 23.022, 23.014, 22.993, 22.973, 23.041, 23.057, 23.067, 23.424, 23.997, 24.37, 24.479, 24.489, 24.358, 24.181, 24.136, 24.351, 24.595, 24.972, 25.273, 25.138, 25.299, 24.877, 24.549, 24.804, 24.978, 24.957, 24.888, 24.744, 24.613, 24.663, 24.334, 24.046, 23.794, 23.24, 22.75, 22.61, 22.756, 22.985, 22.953, 22.352, 21.599, 21.023, 20.722, 20.612], [14.997, 14.754, 13.991, 13.063, 11.971, 10.506, 10.135, 9.961, 9.534, 8.909, 8.386, 7.885, 6.816, 5.063, 3.018, 0.0, 3.165, 4.571, 5.104, 5.939, 7.009, 7.429, 8.112, 8.738, 9.69, 10.761, 11.634, 11.936, 11.927, 12.175, 12.966, 13.832, 15.182, 18.436, 19.764, 20.003, 20.209, 20.329, 20.544, 21.409, 22.384, 22.714, 22.884, 22.87, 22.85, 22.836, 22.916, 22.95, 23.005, 23.391, 23.962, 24.324, 24.43, 24.443, 24.317, 24.134, 24.095, 24.305, 24.555, 24.928, 25.221, 25.105, 25.263, 24.846, 24.54, 24.78, 24.946, 24.912, 24.834, 24.692, 24.548, 24.595, 24.266, 23.982, 23.732, 23.181, 22.706, 22.577, 22.728, 22.929, 22.874, 22.27, 21.496, 20.904, 20.588, 20.46], [15.612, 15.479, 14.87, 14.087, 13.075, 11.641, 11.176, 10.96, 10.644, 10.296, 9.963, 9.506, 8.542, 7.129, 5.596, 3.165, 0.0, 2.054, 3.092, 4.147, 5.49, 6.23, 7.351, 8.349, 9.511, 10.587, 11.429, 11.77, 11.779, 12.084, 13.039, 13.959, 15.365, 18.731, 20.089, 20.295, 20.481, 20.588, 20.808, 21.698, 22.697, 23.041, 23.201, 23.175, 23.154, 23.149, 23.242, 23.304, 23.358, 23.685, 24.195, 24.527, 24.629, 24.65, 24.539, 24.365, 24.349, 24.546, 24.773, 25.124, 25.39, 25.283, 25.425, 25.027, 24.748, 24.964, 25.113, 25.069, 24.987, 24.853, 24.7, 24.724, 24.401, 24.137, 23.917, 23.428, 23.023, 22.941, 23.099, 23.273, 23.218, 22.648, 21.889, 21.285, 20.947, 20.795], [15.912, 15.856, 15.323, 14.601, 13.626, 12.221, 11.741, 11.526, 11.224, 10.927, 10.647, 10.24, 9.299, 7.931, 6.558, 4.571, 2.054, 0.0, 1.622, 3.12, 4.688, 5.706, 7.105, 8.195, 9.383, 10.487, 11.342, 11.738, 11.778, 12.091, 13.085, 14.021, 15.476, 18.893, 20.249, 20.428, 20.592, 20.698, 20.933, 21.839, 22.849, 23.198, 23.353, 23.32, 23.297, 23.292, 23.396, 23.475, 23.529, 23.818, 24.289, 24.604, 24.707, 24.731, 24.625, 24.459, 24.46, 24.652, 24.862, 25.19, 25.444, 25.338, 25.472, 25.093, 24.841, 25.06, 25.208, 25.171, 25.096, 24.969, 24.809, 24.821, 24.5, 24.241, 24.033, 23.58, 23.21, 23.157, 23.326, 23.499, 23.46, 22.906, 22.156, 21.556, 21.217, 21.061], [16.001, 15.968, 15.456, 14.742, 13.758, 12.314, 11.814, 11.616, 11.321, 11.043, 10.792, 10.431, 9.536, 8.24, 6.937, 5.104, 3.092, 1.622, 0.0, 2.096, 4.005, 5.222, 6.819, 8.01, 9.243, 10.382, 11.239, 11.676, 11.789, 12.12, 13.14, 14.079, 15.555, 18.99, 20.343, 20.514, 20.668, 20.767, 21.004, 21.928, 22.949, 23.298, 23.448, 23.409, 23.381, 23.374, 23.481, 23.569, 23.623, 23.905, 24.364, 24.671, 24.776, 24.801, 24.697, 24.535, 24.536, 24.725, 24.926, 25.229, 25.474, 25.366, 25.488, 25.109, 24.863, 25.086, 25.234, 25.202, 25.137, 25.016, 24.857, 24.87, 24.551, 24.288, 24.079, 23.627, 23.264, 23.234, 23.422, 23.605, 23.569, 23.019, 22.266, 21.661, 21.322, 21.164], [16.345, 16.304, 15.795, 15.092, 14.113, 12.569, 11.905, 11.675, 11.425, 11.222, 11.004, 10.686, 9.824, 8.665, 7.583, 5.939, 4.147, 3.12, 2.096, 0.0, 2.293, 4.138, 6.172, 7.597, 9.022, 10.258, 11.13, 11.653, 11.953, 12.323, 13.358, 14.319, 15.857, 19.338, 20.698, 20.872, 21.034, 21.132, 21.377, 22.315, 23.339, 23.684, 23.807, 23.749, 23.718, 23.704, 23.819, 23.897, 23.898, 24.119, 24.544, 24.839, 24.944, 24.972, 24.877, 24.727, 24.73, 24.91, 25.098, 25.371, 25.594, 25.481, 25.579, 25.195, 24.944, 25.156, 25.296, 25.268, 25.208, 25.095, 24.94, 24.946, 24.628, 24.366, 24.168, 23.751, 23.435, 23.439, 23.644, 23.836, 23.816, 23.302, 22.574, 21.982, 21.653, 21.497], [16.869, 16.825, 16.332, 15.651, 14.677, 13.044, 12.224, 11.964, 11.754, 11.625, 11.453, 11.18, 10.358, 9.313, 8.427, 7.009, 5.49, 4.688, 4.005, 2.293, 0.0, 2.907, 5.587, 7.201, 8.802, 10.155, 11.051, 11.644, 12.079, 12.485, 13.526, 14.487, 16.136, 19.682, 21.043, 21.22, 21.379, 21.481, 21.742, 22.689, 23.712, 24.051, 24.153, 24.079, 24.048, 24.028, 24.145, 24.219, 24.187, 24.362, 24.751, 25.034, 25.14, 25.17, 25.084, 24.951, 24.955, 25.126, 25.304, 25.543, 25.742, 25.627, 25.709, 25.314, 25.044, 25.24, 25.38, 25.368, 25.32, 25.211, 25.059, 25.06, 24.741, 24.479, 24.291, 23.896, 23.604, 23.629, 23.85, 24.055, 24.059, 23.581, 22.871, 22.281, 21.955, 21.804], [16.826, 16.773, 16.307, 15.68, 14.71, 13.108, 12.361, 12.141, 11.924, 11.766, 11.559, 11.269, 10.509, 9.549, 8.701, 7.429, 6.23, 5.706, 5.222, 4.138, 2.907, 0.0, 3.47, 5.762, 7.689, 9.245, 10.242, 10.832, 11.174, 11.605, 12.722, 13.722, 15.312, 18.905, 20.314, 20.498, 20.663, 20.78, 21.061, 22.065, 23.155, 23.518, 23.617, 23.544, 23.52, 23.501, 23.62, 23.71, 23.712, 23.925, 24.346, 24.647, 24.755, 24.774, 24.685, 24.572, 24.593, 24.767, 24.95, 25.199, 25.403, 25.285, 25.379, 24.954, 24.634, 24.812, 24.97, 24.985, 24.949, 24.843, 24.686, 24.691, 24.369, 24.102, 23.898, 23.461, 23.145, 23.17, 23.403, 23.622, 23.615, 23.1, 22.329, 21.674, 21.32, 21.174], [16.731, 16.634, 16.17, 15.607, 14.683, 13.27, 12.718, 12.559, 12.283, 11.989, 11.708, 11.451, 10.77, 9.875, 9.136, 8.112, 7.351, 7.105, 6.819, 6.172, 5.587, 3.47, 0.0, 3.427, 6.19, 8.035, 9.187, 9.813, 10.048, 10.448, 11.531, 12.565, 14.065, 17.665, 19.143, 19.331, 19.527, 19.676, 19.97, 21.036, 22.204, 22.609, 22.737, 22.676, 22.676, 22.666, 22.793, 22.898, 22.946, 23.249, 23.754, 24.09, 24.191, 24.2, 24.092, 23.976, 24.035, 24.23, 24.43, 24.725, 24.946, 24.814, 24.926, 24.483, 24.128, 24.31, 24.487, 24.519, 24.5, 24.399, 24.227, 24.235, 23.906, 23.632, 23.413, 22.946, 22.607, 22.62, 22.851, 23.081, 23.05, 22.461, 21.627, 20.944, 20.58, 20.424], [16.958, 16.867, 16.429, 15.931, 15.109, 13.843, 13.37, 13.213, 12.85, 12.418, 12.122, 11.917, 11.199, 10.179, 9.469, 8.738, 8.349, 8.195, 8.01, 7.597, 7.201, 5.762, 3.427, 0.0, 3.722, 6.276, 7.731, 8.548, 9.025, 9.494, 10.623, 11.721, 13.299, 17.051, 18.574, 18.75, 18.93, 19.108, 19.453, 20.587, 21.828, 22.267, 22.413, 22.355, 22.368, 22.361, 22.5, 22.616, 22.682, 23.027, 23.56, 23.902, 24.001, 24.018, 23.929, 23.812, 23.85, 24.058, 24.267, 24.565, 24.792, 24.652, 24.77, 24.333, 23.996, 24.213, 24.394, 24.441, 24.431, 24.335, 24.168, 24.187, 23.864, 23.589, 23.37, 22.903, 22.555, 22.57, 22.798, 23.028, 23.001, 22.395, 21.579, 20.926, 20.568, 20.404], [17.27, 17.193, 16.802, 16.392, 15.682, 14.568, 14.178, 14.04, 13.677, 13.246, 13.007, 12.849, 12.129, 11.005, 10.248, 9.69, 9.511, 9.383, 9.243, 9.022, 8.802, 7.689, 6.19, 3.722, 0.0, 3.469, 5.501, 6.591, 7.537, 8.33, 9.683, 10.983, 12.623, 16.548, 18.146, 18.313, 18.452, 18.669, 19.103, 20.331, 21.674, 22.145, 22.27, 22.191, 22.187, 22.177, 22.34, 22.495, 22.588, 22.924, 23.442, 23.782, 23.89, 23.913, 23.837, 23.737, 23.762, 23.963, 24.173, 24.454, 24.691, 24.559, 24.677, 24.244, 23.948, 24.233, 24.442, 24.496, 24.486, 24.399, 24.239, 24.237, 23.897, 23.608, 23.39, 22.957, 22.652, 22.693, 22.934, 23.164, 23.125, 22.511, 21.712, 21.096, 20.76, 20.592], [17.398, 17.313, 16.909, 16.519, 15.9, 15.094, 15.016, 14.993, 14.659, 14.238, 14.045, 13.938, 13.282, 12.214, 11.384, 10.761, 10.587, 10.487, 10.382, 10.258, 10.155, 9.245, 8.035, 6.276, 3.469, 0.0, 2.589, 4.146, 5.708, 6.871, 8.567, 10.092, 11.768, 15.72, 17.303, 17.456, 17.6, 17.846, 18.313, 19.537, 20.919, 21.422, 21.541, 21.462, 21.468, 21.457, 21.616, 21.786, 21.952, 22.368, 22.919, 23.268, 23.381, 23.4, 23.303, 23.171, 23.197, 23.406, 23.654, 23.992, 24.264, 24.143, 24.28, 23.862, 23.611, 23.967, 24.217, 24.242, 24.202, 24.12, 23.942, 23.929, 23.565, 23.255, 23.018, 22.603, 22.335, 22.372, 22.602, 22.826, 22.748, 22.08, 21.27, 20.697, 20.385, 20.197], [17.52, 17.437, 17.02, 16.649, 16.136, 15.55, 15.645, 15.697, 15.397, 14.987, 14.827, 14.769, 14.151, 13.128, 12.296, 11.634, 11.429, 11.342, 11.239, 11.13, 11.051, 10.242, 9.187, 7.731, 5.501, 2.589, 0.0, 2.323, 4.899, 6.457, 8.399, 9.981, 11.606, 15.494, 17.016, 17.146, 17.301, 17.554, 18.007, 19.187, 20.554, 21.067, 21.163, 21.066, 21.075, 21.068, 21.229, 21.424, 21.658, 22.15, 22.723, 23.072, 23.186, 23.202, 23.097, 22.951, 22.977, 23.201, 23.46, 23.815, 24.116, 23.999, 24.145, 23.738, 23.504, 23.883, 24.155, 24.168, 24.125, 24.056, 23.867, 23.857, 23.486, 23.162, 22.918, 22.529, 22.298, 22.344, 22.55, 22.763, 22.661, 21.956, 21.142, 20.599, 20.311, 20.118], [17.481, 17.378, 16.945, 16.587, 16.117, 15.626, 15.815, 15.922, 15.665, 15.269, 15.12, 15.067, 14.488, 13.477, 12.622, 11.936, 11.77, 11.738, 11.676, 11.653, 11.644, 10.832, 9.813, 8.548, 6.591, 4.146, 2.323, 0.0, 3.554, 5.716, 7.994, 9.702, 11.256, 15.191, 16.738, 16.881, 17.052, 17.319, 17.788, 18.985, 20.368, 20.866, 20.929, 20.809, 20.81, 20.804, 20.977, 21.193, 21.46, 21.993, 22.587, 22.939, 23.053, 23.064, 22.96, 22.827, 22.878, 23.119, 23.385, 23.757, 24.067, 23.951, 24.118, 23.72, 23.487, 23.868, 24.143, 24.14, 24.084, 24.012, 23.817, 23.806, 23.43, 23.098, 22.854, 22.475, 22.254, 22.3, 22.485, 22.69, 22.575, 21.84, 21.01, 20.47, 20.186, 19.991], [17.122, 17.028, 16.648, 16.369, 15.857, 15.428, 15.821, 16.014, 15.745, 15.329, 15.174, 15.087, 14.574, 13.551, 12.607, 11.927, 11.779, 11.778, 11.789, 11.953, 12.079, 11.174, 10.048, 9.025, 7.537, 5.708, 4.899, 3.554, 0.0, 3.02, 6.26, 8.293, 9.782, 13.947, 15.63, 15.789, 15.951, 16.213, 16.735, 18.051, 19.547, 20.078, 20.178, 20.099, 20.126, 20.131, 20.3, 20.518, 20.818, 21.421, 22.079, 22.464, 22.587, 22.605, 22.504, 22.373, 22.439, 22.699, 22.997, 23.474, 23.817, 23.697, 23.921, 23.545, 23.319, 23.707, 23.993, 23.985, 23.908, 23.802, 23.615, 23.639, 23.284, 22.968, 22.715, 22.267, 21.929, 21.871, 21.986, 22.154, 22.006, 21.217, 20.314, 19.718, 19.404, 19.201], [17.02, 16.935, 16.604, 16.392, 15.872, 15.506, 16.02, 16.239, 15.929, 15.483, 15.31, 15.205, 14.738, 13.75, 12.794, 12.175, 12.084, 12.091, 12.12, 12.323, 12.485, 11.605, 10.448, 9.494, 8.33, 6.871, 6.457, 5.716, 3.02, 0.0, 4.126, 6.475, 8.223, 12.822, 14.61, 14.749, 14.899, 15.166, 15.722, 17.119, 18.717, 19.325, 19.511, 19.508, 19.571, 19.573, 19.706, 19.877, 20.173, 20.829, 21.555, 21.976, 22.107, 22.132, 22.03, 21.875, 21.924, 22.197, 22.536, 23.112, 23.509, 23.392, 23.649, 23.32, 23.159, 23.577, 23.867, 23.859, 23.769, 23.647, 23.467, 23.532, 23.205, 22.894, 22.63, 22.131, 21.667, 21.486, 21.556, 21.713, 21.555, 20.739, 19.812, 19.206, 18.899, 18.701], [17.234, 17.128, 16.801, 16.648, 16.211, 16.016, 16.633, 16.823, 16.468, 15.977, 15.753, 15.615, 15.178, 14.29, 13.455, 12.966, 13.039, 13.085, 13.14, 13.358, 13.526, 12.722, 11.531, 10.623, 9.683, 8.567, 8.399, 7.994, 6.26, 4.126, 0.0, 2.914, 6.072, 11.621, 13.563, 13.694, 13.835, 14.087, 14.652, 16.14, 17.877, 18.604, 18.902, 18.969, 19.056, 19.051, 19.142, 19.236, 19.494, 20.192, 21.002, 21.469, 21.599, 21.608, 21.48, 21.289, 21.342, 21.646, 22.024, 22.688, 23.141, 23.029, 23.299, 23.014, 22.991, 23.514, 23.809, 23.826, 23.76, 23.637, 23.462, 23.568, 23.267, 22.944, 22.657, 22.132, 21.591, 21.339, 21.393, 21.52, 21.325, 20.464, 19.549, 18.985, 18.708, 18.52], [17.42, 17.304, 16.984, 16.911, 16.601, 16.593, 17.321, 17.52, 17.141, 16.634, 16.414, 16.28, 15.868, 15.03, 14.247, 13.832, 13.959, 14.021, 14.079, 14.319, 14.487, 13.722, 12.565, 11.721, 10.983, 10.092, 9.981, 9.702, 8.293, 6.475, 2.914, 0.0, 4.769, 10.921, 12.952, 13.111, 13.259, 13.492, 14.006, 15.475, 17.264, 18.066, 18.47, 18.621, 18.737, 18.729, 18.798, 18.887, 19.163, 19.903, 20.761, 21.258, 21.392, 21.395, 21.257, 21.058, 21.142, 21.475, 21.862, 22.57, 23.055, 22.936, 23.215, 22.947, 22.986, 23.568, 23.874, 23.908, 23.875, 23.756, 23.579, 23.718, 23.432, 23.103, 22.801, 22.242, 21.648, 21.369, 21.419, 21.524, 21.279, 20.358, 19.433, 18.883, 18.612, 18.425], [17.016, 16.797, 16.42, 16.489, 16.435, 17.037, 18.266, 18.628, 18.271, 17.742, 17.576, 17.537, 17.163, 16.316, 15.509, 15.182, 15.365, 15.476, 15.555, 15.857, 16.136, 15.312, 14.065, 13.299, 12.623, 11.768, 11.606, 11.256, 9.782, 8.223, 6.072, 4.769, 0.0, 6.855, 9.359, 9.693, 10.013, 10.386, 10.919, 12.444, 14.516, 15.51, 16.031, 16.346, 16.546, 16.514, 16.568, 16.778, 17.296, 18.324, 19.386, 19.997, 20.175, 20.183, 20.045, 19.92, 20.123, 20.528, 20.908, 21.688, 22.274, 22.142, 22.466, 22.202, 22.311, 23.007, 23.434, 23.519, 23.507, 23.385, 23.165, 23.33, 23.044, 22.693, 22.358, 21.712, 20.998, 20.689, 20.73, 20.81, 20.419, 19.248, 18.146, 17.529, 17.267, 17.089], [18.307, 17.982, 17.505, 17.641, 17.845, 19.148, 20.91, 21.429, 21.075, 20.507, 20.387, 20.463, 20.162, 19.387, 18.618, 18.436, 18.731, 18.893, 18.99, 19.338, 19.682, 18.905, 17.665, 17.051, 16.548, 15.72, 15.494, 15.191, 13.947, 12.822, 11.621, 10.921, 6.855, 0.0, 3.361, 4.453, 5.366, 6.154, 6.728, 8.131, 10.614, 11.989, 12.77, 13.367, 13.762, 13.722, 13.729, 14.129, 15.119, 16.66, 18.016, 18.77, 19.012, 19.025, 18.892, 18.894, 19.253, 19.755, 20.122, 20.95, 21.675, 21.551, 21.927, 21.689, 21.964, 22.849, 23.425, 23.597, 23.617, 23.504, 23.247, 23.421, 23.12, 22.724, 22.334, 21.615, 20.806, 20.496, 20.539, 20.597, 20.046, 18.595, 17.306, 16.679, 16.486, 16.346], [19.141, 18.842, 18.336, 18.466, 18.732, 20.231, 22.145, 22.698, 22.342, 21.772, 21.655, 21.739, 21.433, 20.68, 19.92, 19.764, 20.089, 20.249, 20.343, 20.698, 21.043, 20.314, 19.143, 18.574, 18.146, 17.303, 17.016, 16.738, 15.63, 14.61, 13.563, 12.952, 9.359, 3.361, 0.0, 2.121, 3.753, 4.91, 5.506, 6.559, 9.029, 10.604, 11.521, 12.255, 12.77, 12.749, 12.737, 13.235, 14.447, 16.198, 17.646, 18.431, 18.683, 18.696, 18.567, 18.593, 18.97, 19.506, 19.882, 20.714, 21.512, 21.408, 21.798, 21.582, 21.936, 22.899, 23.507, 23.7, 23.742, 23.64, 23.38, 23.554, 23.241, 22.817, 22.382, 21.632, 20.815, 20.52, 20.57, 20.638, 20.09, 18.595, 17.291, 16.727, 16.592, 16.474], [19.243, 19.023, 18.578, 18.722, 18.996, 20.509, 22.422, 22.966, 22.608, 22.061, 21.96, 22.039, 21.722, 20.956, 20.182, 20.003, 20.295, 20.428, 20.514, 20.872, 21.22, 20.498, 19.331, 18.75, 18.313, 17.456, 17.146, 16.881, 15.789, 14.749, 13.694, 13.111, 9.693, 4.453, 2.121, 0.0, 2.187, 3.81, 4.606, 5.788, 8.473, 10.212, 11.134, 11.852, 12.405, 12.389, 12.393, 12.975, 14.284, 16.079, 17.542, 18.329, 18.579, 18.591, 18.466, 18.483, 18.842, 19.384, 19.758, 20.583, 21.401, 21.307, 21.695, 21.491, 21.891, 22.894, 23.508, 23.702, 23.751, 23.655, 23.401, 23.577, 23.264, 22.832, 22.382, 21.63, 20.834, 20.565, 20.617, 20.679, 20.139, 18.634, 17.331, 16.785, 16.66, 16.542], [19.364, 19.219, 18.891, 19.069, 19.319, 20.764, 22.599, 23.11, 22.748, 22.235, 22.168, 22.255, 21.95, 21.184, 20.4, 20.209, 20.481, 20.592, 20.668, 21.034, 21.379, 20.663, 19.527, 18.93, 18.452, 17.6, 17.301, 17.052, 15.951, 14.899, 13.835, 13.259, 10.013, 5.366, 3.753, 2.187, 0.0, 2.157, 3.49, 5.345, 8.46, 10.374, 11.338, 11.994, 12.535, 12.542, 12.561, 13.209, 14.547, 16.28, 17.68, 18.437, 18.683, 18.692, 18.575, 18.607, 18.964, 19.493, 19.851, 20.64, 21.437, 21.343, 21.722, 21.548, 21.987, 22.989, 23.6, 23.797, 23.837, 23.739, 23.491, 23.669, 23.374, 22.966, 22.534, 21.789, 20.983, 20.712, 20.747, 20.776, 20.23, 18.753, 17.471, 16.915, 16.776, 16.657], [19.495, 19.371, 19.119, 19.336, 19.568, 20.935, 22.693, 23.172, 22.809, 22.326, 22.28, 22.368, 22.073, 21.323, 20.539, 20.329, 20.588, 20.698, 20.767, 21.132, 21.481, 20.78, 19.676, 19.108, 18.669, 17.846, 17.554, 17.319, 16.213, 15.166, 14.087, 13.492, 10.386, 6.154, 4.91, 3.81, 2.157, 0.0, 2.009, 4.928, 8.473, 10.496, 11.533, 12.203, 12.748, 12.764, 12.776, 13.423, 14.737, 16.437, 17.804, 18.541, 18.781, 18.787, 18.673, 18.713, 19.083, 19.609, 19.957, 20.716, 21.475, 21.37, 21.741, 21.587, 22.038, 23.022, 23.623, 23.819, 23.854, 23.756, 23.511, 23.7, 23.428, 23.051, 22.648, 21.908, 21.071, 20.782, 20.799, 20.8, 20.237, 18.78, 17.519, 16.942, 16.782, 16.661], [19.604, 19.463, 19.201, 19.446, 19.734, 21.164, 22.929, 23.387, 23.014, 22.536, 22.49, 22.577, 22.281, 21.543, 20.762, 20.544, 20.808, 20.933, 21.004, 21.377, 21.742, 21.061, 19.97, 19.453, 19.103, 18.313, 18.007, 17.788, 16.735, 15.722, 14.652, 14.006, 10.919, 6.728, 5.506, 4.606, 3.49, 2.009, 0.0, 3.614, 7.571, 9.797, 11.005, 11.797, 12.402, 12.431, 12.42, 13.091, 14.522, 16.361, 17.788, 18.537, 18.78, 18.786, 18.67, 18.724, 19.126, 19.674, 20.026, 20.78, 21.536, 21.43, 21.808, 21.66, 22.106, 23.069, 23.669, 23.86, 23.898, 23.8, 23.541, 23.744, 23.488, 23.118, 22.704, 21.923, 21.028, 20.705, 20.73, 20.734, 20.148, 18.666, 17.389, 16.794, 16.623, 16.508], [19.97, 19.802, 19.468, 19.717, 20.115, 21.814, 23.776, 24.275, 23.889, 23.393, 23.338, 23.432, 23.125, 22.39, 21.613, 21.409, 21.698, 21.839, 21.928, 22.315, 22.689, 22.065, 21.036, 20.587, 20.331, 19.537, 19.187, 18.985, 18.051, 17.119, 16.14, 15.475, 12.444, 8.131, 6.559, 5.788, 5.345, 4.928, 3.614, 0.0, 4.496, 7.403, 9.151, 10.321, 11.109, 11.172, 11.104, 11.895, 13.706, 15.881, 17.457, 18.252, 18.508, 18.518, 18.405, 18.503, 18.981, 19.6, 19.974, 20.737, 21.557, 21.478, 21.871, 21.731, 22.199, 23.187, 23.807, 23.987, 24.035, 23.94, 23.662, 23.878, 23.618, 23.208, 22.723, 21.87, 20.913, 20.557, 20.615, 20.648, 20.054, 18.494, 17.163, 16.603, 16.47, 16.368], [20.495, 20.304, 19.925, 20.161, 20.606, 22.43, 24.517, 25.069, 24.696, 24.216, 24.169, 24.268, 23.97, 23.28, 22.559, 22.384, 22.697, 22.849, 22.949, 23.339, 23.712, 23.155, 22.204, 21.828, 21.674, 20.919, 20.554, 20.368, 19.547, 18.717, 17.877, 17.264, 14.516, 10.614, 9.029, 8.473, 8.46, 8.473, 7.571, 4.496, 0.0, 3.952, 6.815, 8.727, 9.792, 9.938, 9.899, 10.797, 12.933, 15.397, 17.09, 17.914, 18.18, 18.203, 18.107, 18.269, 18.839, 19.531, 19.933, 20.672, 21.534, 21.482, 21.883, 21.77, 22.254, 23.237, 23.858, 24.045, 24.1, 24.01, 23.735, 23.959, 23.696, 23.267, 22.751, 21.869, 20.902, 20.549, 20.627, 20.685, 20.102, 18.531, 17.211, 16.726, 16.649, 16.578], [20.633, 20.419, 20.043, 20.292, 20.754, 22.544, 24.608, 25.172, 24.816, 24.359, 24.33, 24.436, 24.168, 23.53, 22.858, 22.714, 23.041, 23.198, 23.298, 23.684, 24.051, 23.518, 22.609, 22.267, 22.145, 21.422, 21.067, 20.866, 20.078, 19.325, 18.604, 18.066, 15.51, 11.989, 10.604, 10.212, 10.374, 10.496, 9.797, 7.403, 3.952, 0.0, 3.907, 6.768, 8.215, 8.47, 8.52, 9.55, 11.949, 14.704, 16.546, 17.421, 17.705, 17.738, 17.662, 17.931, 18.652, 19.39, 19.813, 20.547, 21.414, 21.366, 21.787, 21.696, 22.175, 23.129, 23.769, 23.994, 24.034, 23.955, 23.662, 23.866, 23.613, 23.202, 22.719, 21.89, 20.948, 20.59, 20.661, 20.744, 20.189, 18.646, 17.343, 16.869, 16.788, 16.728], [20.638, 20.422, 20.055, 20.336, 20.834, 22.615, 24.653, 25.216, 24.888, 24.47, 24.464, 24.572, 24.302, 23.672, 23.022, 22.884, 23.201, 23.353, 23.448, 23.807, 24.153, 23.617, 22.737, 22.413, 22.27, 21.541, 21.163, 20.929, 20.178, 19.511, 18.902, 18.47, 16.031, 12.77, 11.521, 11.134, 11.338, 11.533, 11.005, 9.151, 6.815, 3.907, 0.0, 3.728, 5.77, 6.181, 6.39, 7.811, 10.715, 13.864, 15.903, 16.844, 17.139, 17.154, 17.088, 17.475, 18.302, 19.065, 19.479, 20.18, 21.06, 21.029, 21.458, 21.382, 21.893, 22.865, 23.536, 23.794, 23.829, 23.782, 23.467, 23.629, 23.371, 22.951, 22.476, 21.758, 20.958, 20.682, 20.777, 20.89, 20.383, 18.867, 17.585, 17.138, 17.075, 17.03], [20.577, 20.368, 20.009, 20.324, 20.844, 22.589, 24.594, 25.154, 24.85, 24.47, 24.477, 24.581, 24.294, 23.655, 23.014, 22.87, 23.175, 23.32, 23.409, 23.749, 24.079, 23.544, 22.676, 22.355, 22.191, 21.462, 21.066, 20.809, 20.099, 19.508, 18.969, 18.621, 16.346, 13.367, 12.255, 11.852, 11.994, 12.203, 11.797, 10.321, 8.727, 6.768, 3.728, 0.0, 2.667, 3.543, 4.261, 6.445, 9.942, 13.367, 15.483, 16.426, 16.698, 16.661, 16.596, 17.077, 17.966, 18.753, 19.143, 19.777, 20.654, 20.636, 21.065, 20.986, 21.55, 22.568, 23.249, 23.511, 23.549, 23.533, 23.22, 23.364, 23.12, 22.712, 22.246, 21.593, 20.946, 20.822, 20.97, 21.087, 20.624, 19.141, 17.871, 17.448, 17.42, 17.384], [20.593, 20.387, 20.033, 20.356, 20.873, 22.58, 24.552, 25.107, 24.812, 24.445, 24.461, 24.568, 24.274, 23.629, 22.993, 22.85, 23.154, 23.297, 23.381, 23.718, 24.048, 23.52, 22.676, 22.368, 22.187, 21.468, 21.075, 20.81, 20.126, 19.571, 19.056, 18.737, 16.546, 13.762, 12.77, 12.405, 12.535, 12.748, 12.402, 11.109, 9.792, 8.215, 5.77, 2.667, 0.0, 1.687, 3.436, 6.196, 9.887, 13.324, 15.395, 16.301, 16.558, 16.494, 16.442, 16.956, 17.821, 18.6, 18.97, 19.562, 20.453, 20.443, 20.875, 20.795, 21.396, 22.441, 23.124, 23.377, 23.413, 23.41, 23.101, 23.24, 23.005, 22.613, 22.157, 21.52, 20.947, 20.914, 21.11, 21.231, 20.787, 19.335, 18.064, 17.643, 17.634, 17.605], [20.542, 20.326, 19.96, 20.287, 20.817, 22.548, 24.537, 25.098, 24.803, 24.435, 24.453, 24.565, 24.265, 23.609, 22.973, 22.836, 23.149, 23.292, 23.374, 23.704, 24.028, 23.501, 22.666, 22.361, 22.177, 21.457, 21.068, 20.804, 20.131, 19.573, 19.051, 18.729, 16.514, 13.722, 12.749, 12.389, 12.542, 12.764, 12.431, 11.172, 9.938, 8.47, 6.181, 3.543, 1.687, 0.0, 2.6, 5.803, 9.651, 13.148, 15.245, 16.16, 16.424, 16.353, 16.299, 16.817, 17.68, 18.461, 18.827, 19.427, 20.339, 20.331, 20.768, 20.685, 21.294, 22.361, 23.056, 23.308, 23.347, 23.343, 23.032, 23.169, 22.924, 22.52, 22.055, 21.418, 20.849, 20.82, 21.035, 21.189, 20.751, 19.287, 18.001, 17.571, 17.564, 17.531], [20.612, 20.393, 20.023, 20.338, 20.871, 22.646, 24.68, 25.247, 24.937, 24.539, 24.524, 24.623, 24.32, 23.671, 23.041, 22.916, 23.242, 23.396, 23.481, 23.819, 24.145, 23.62, 22.793, 22.5, 22.34, 21.616, 21.229, 20.977, 20.3, 19.706, 19.142, 18.798, 16.568, 13.729, 12.737, 12.393, 12.561, 12.776, 12.42, 11.104, 9.899, 8.52, 6.39, 4.261, 3.436, 2.6, 0.0, 4.005, 8.601, 12.438, 14.671, 15.627, 15.896, 15.828, 15.793, 16.32, 17.198, 17.993, 18.353, 18.984, 19.94, 19.942, 20.397, 20.315, 20.947, 22.036, 22.75, 23.008, 23.042, 23.044, 22.722, 22.868, 22.632, 22.225, 21.745, 21.092, 20.523, 20.501, 20.717, 20.897, 20.488, 18.997, 17.665, 17.223, 17.228, 17.198], [20.74, 20.503, 20.134, 20.422, 20.914, 22.669, 24.724, 25.295, 24.972, 24.537, 24.469, 24.544, 24.257, 23.652, 23.057, 22.95, 23.304, 23.475, 23.569, 23.897, 24.219, 23.71, 22.898, 22.616, 22.495, 21.786, 21.424, 21.193, 20.518, 19.877, 19.236, 18.887, 16.778, 14.129, 13.235, 12.975, 13.209, 13.423, 13.091, 11.895, 10.797, 9.55, 7.811, 6.445, 6.196, 5.803, 4.005, 0.0, 5.444, 9.952, 12.485, 13.522, 13.808, 13.774, 13.824, 14.447, 15.427, 16.251, 16.605, 17.263, 18.219, 18.234, 18.722, 18.627, 19.331, 20.489, 21.218, 21.53, 21.572, 21.577, 21.296, 21.499, 21.312, 20.955, 20.546, 19.968, 19.475, 19.533, 19.778, 19.958, 19.567, 18.183, 17.074, 16.842, 16.973, 17.023], [20.91, 20.646, 20.291, 20.532, 20.941, 22.562, 24.548, 25.122, 24.815, 24.394, 24.303, 24.363, 24.123, 23.588, 23.067, 23.005, 23.358, 23.529, 23.623, 23.898, 24.187, 23.712, 22.946, 22.682, 22.588, 21.952, 21.658, 21.46, 20.818, 20.173, 19.494, 19.163, 17.296, 15.119, 14.447, 14.284, 14.547, 14.737, 14.522, 13.706, 12.933, 11.949, 10.715, 9.942, 9.887, 9.651, 8.601, 5.444, 0.0, 5.182, 8.308, 9.601, 9.959, 10.01, 10.279, 11.207, 12.51, 13.416, 13.739, 14.42, 15.299, 15.275, 15.764, 15.695, 16.605, 17.957, 18.728, 19.135, 19.237, 19.255, 19.064, 19.345, 19.238, 18.977, 18.778, 18.467, 18.158, 18.366, 18.664, 18.85, 18.46, 17.38, 16.871, 17.068, 17.396, 17.538], [21.495, 21.248, 20.944, 21.123, 21.435, 22.841, 24.648, 25.201, 24.926, 24.547, 24.475, 24.534, 24.332, 23.867, 23.424, 23.391, 23.685, 23.818, 23.905, 24.119, 24.362, 23.925, 23.249, 23.027, 22.924, 22.368, 22.15, 21.993, 21.421, 20.829, 20.192, 19.903, 18.324, 16.66, 16.198, 16.079, 16.28, 16.437, 16.361, 15.881, 15.397, 14.704, 13.864, 13.367, 13.324, 13.148, 12.438, 9.952, 5.182, 0.0, 3.708, 5.467, 6.007, 6.246, 6.979, 8.507, 10.254, 11.197, 11.387, 11.941, 12.699, 12.656, 13.117, 13.156, 14.436, 16.069, 16.893, 17.413, 17.615, 17.659, 17.582, 17.852, 17.744, 17.532, 17.523, 17.525, 17.543, 18.023, 18.391, 18.562, 18.234, 17.5, 17.536, 18.074, 18.523, 18.703], [22.218, 21.997, 21.735, 21.869, 22.12, 23.374, 25.037, 25.565, 25.314, 24.968, 24.93, 25.0, 24.818, 24.397, 23.997, 23.962, 24.195, 24.289, 24.364, 24.544, 24.751, 24.346, 23.754, 23.56, 23.442, 22.919, 22.723, 22.587, 22.079, 21.555, 21.002, 20.761, 19.386, 18.016, 17.646, 17.542, 17.68, 17.804, 17.788, 17.457, 17.09, 16.546, 15.903, 15.483, 15.395, 15.245, 14.671, 12.485, 8.308, 3.708, 0.0, 2.214, 3.151, 3.7, 5.077, 7.315, 9.399, 10.276, 10.269, 10.573, 11.184, 11.168, 11.666, 11.845, 13.4, 15.236, 16.102, 16.735, 17.028, 17.095, 17.127, 17.353, 17.196, 16.994, 17.093, 17.257, 17.494, 18.193, 18.636, 18.8, 18.539, 18.024, 18.325, 19.03, 19.545, 19.745], [22.683, 22.475, 22.225, 22.326, 22.545, 23.733, 25.332, 25.848, 25.612, 25.277, 25.25, 25.324, 25.151, 24.753, 24.37, 24.324, 24.527, 24.604, 24.671, 24.839, 25.034, 24.647, 24.09, 23.902, 23.782, 23.268, 23.072, 22.939, 22.464, 21.976, 21.469, 21.258, 19.997, 18.77, 18.431, 18.329, 18.437, 18.541, 18.537, 18.252, 17.914, 17.421, 16.844, 16.426, 16.301, 16.16, 15.627, 13.522, 9.601, 5.467, 2.214, 0.0, 1.403, 2.531, 4.522, 7.09, 9.297, 10.11, 10.0, 10.164, 10.64, 10.652, 11.171, 11.425, 13.081, 14.983, 15.863, 16.547, 16.882, 16.968, 17.059, 17.282, 17.123, 16.937, 17.084, 17.314, 17.652, 18.448, 18.929, 19.078, 18.837, 18.411, 18.788, 19.533, 20.076, 20.3], [22.847, 22.642, 22.393, 22.477, 22.676, 23.85, 25.438, 25.953, 25.718, 25.379, 25.344, 25.413, 25.244, 24.856, 24.479, 24.43, 24.629, 24.707, 24.776, 24.944, 25.14, 24.755, 24.191, 24.001, 23.89, 23.381, 23.186, 23.053, 22.587, 22.107, 21.599, 21.392, 20.175, 19.012, 18.683, 18.579, 18.683, 18.781, 18.78, 18.508, 18.18, 17.705, 17.139, 16.698, 16.558, 16.424, 15.896, 13.808, 9.959, 6.007, 3.151, 1.403, 0.0, 1.737, 4.169, 6.854, 9.136, 9.945, 9.823, 10.0, 10.443, 10.47, 10.974, 11.253, 12.972, 14.905, 15.783, 16.472, 16.824, 16.927, 17.037, 17.261, 17.118, 16.964, 17.148, 17.414, 17.794, 18.633, 19.135, 19.266, 19.015, 18.603, 18.981, 19.715, 20.255, 20.486], [22.913, 22.709, 22.45, 22.513, 22.697, 23.869, 25.463, 25.98, 25.744, 25.399, 25.356, 25.42, 25.25, 24.865, 24.489, 24.443, 24.65, 24.731, 24.801, 24.972, 25.17, 24.774, 24.2, 24.018, 23.913, 23.4, 23.202, 23.064, 22.605, 22.132, 21.608, 21.395, 20.183, 19.025, 18.696, 18.591, 18.692, 18.787, 18.786, 18.518, 18.203, 17.738, 17.154, 16.661, 16.494, 16.353, 15.828, 13.774, 10.01, 6.246, 3.7, 2.531, 1.737, 0.0, 2.886, 6.074, 8.65, 9.535, 9.47, 9.716, 10.175, 10.216, 10.727, 11.045, 12.849, 14.828, 15.716, 16.399, 16.744, 16.869, 16.977, 17.187, 17.054, 16.923, 17.135, 17.414, 17.812, 18.681, 19.207, 19.352, 19.106, 18.669, 19.002, 19.705, 20.23, 20.456], [22.772, 22.565, 22.295, 22.339, 22.518, 23.714, 25.33, 25.852, 25.619, 25.275, 25.222, 25.282, 25.114, 24.731, 24.358, 24.317, 24.539, 24.625, 24.697, 24.877, 25.084, 24.685, 24.092, 23.929, 23.837, 23.303, 23.097, 22.96, 22.504, 22.03, 21.48, 21.257, 20.045, 18.892, 18.567, 18.466, 18.575, 18.673, 18.67, 18.405, 18.107, 17.662, 17.088, 16.596, 16.442, 16.299, 15.793, 13.824, 10.279, 6.979, 5.077, 4.522, 4.169, 2.886, 0.0, 4.056, 7.429, 8.52, 8.701, 9.342, 9.906, 9.943, 10.455, 10.807, 12.694, 14.771, 15.654, 16.268, 16.591, 16.733, 16.807, 16.98, 16.84, 16.714, 16.921, 17.193, 17.587, 18.451, 18.984, 19.159, 18.925, 18.452, 18.733, 19.417, 19.945, 20.17], [22.6, 22.392, 22.116, 22.135, 22.286, 23.516, 25.174, 25.705, 25.468, 25.112, 25.038, 25.09, 24.93, 24.555, 24.181, 24.134, 24.365, 24.459, 24.535, 24.727, 24.951, 24.572, 23.976, 23.812, 23.737, 23.171, 22.951, 22.827, 22.373, 21.875, 21.289, 21.058, 19.92, 18.894, 18.593, 18.483, 18.607, 18.713, 18.724, 18.503, 18.269, 17.931, 17.475, 17.077, 16.956, 16.817, 16.32, 14.447, 11.207, 8.507, 7.315, 7.09, 6.854, 6.074, 4.056, 0.0, 4.395, 6.072, 6.763, 8.474, 9.323, 9.344, 9.781, 10.146, 12.166, 14.391, 15.129, 15.543, 15.826, 15.993, 16.111, 16.292, 16.155, 16.047, 16.237, 16.51, 16.954, 17.866, 18.386, 18.584, 18.413, 17.974, 18.288, 19.031, 19.595, 19.828], [22.673, 22.486, 22.227, 22.245, 22.366, 23.589, 25.234, 25.748, 25.491, 25.112, 25.018, 25.063, 24.9, 24.514, 24.136, 24.095, 24.349, 24.46, 24.536, 24.73, 24.955, 24.593, 24.035, 23.85, 23.762, 23.197, 22.977, 22.878, 22.439, 21.924, 21.342, 21.142, 20.123, 19.253, 18.97, 18.842, 18.964, 19.083, 19.126, 18.981, 18.839, 18.652, 18.302, 17.966, 17.821, 17.68, 17.198, 15.427, 12.51, 10.254, 9.399, 9.297, 9.136, 8.65, 7.429, 4.395, 0.0, 2.623, 4.137, 6.93, 8.302, 8.38, 8.753, 9.175, 11.389, 13.703, 14.277, 14.578, 14.876, 15.081, 15.349, 15.593, 15.481, 15.375, 15.537, 15.789, 16.308, 17.317, 17.867, 18.102, 18.027, 17.685, 18.09, 18.941, 19.574, 19.842], [22.985, 22.813, 22.578, 22.592, 22.69, 23.857, 25.441, 25.938, 25.685, 25.307, 25.212, 25.254, 25.095, 24.716, 24.351, 24.305, 24.546, 24.652, 24.725, 24.91, 25.126, 24.767, 24.23, 24.058, 23.963, 23.406, 23.201, 23.119, 22.699, 22.197, 21.646, 21.475, 20.528, 19.755, 19.506, 19.384, 19.493, 19.609, 19.674, 19.6, 19.531, 19.39, 19.065, 18.753, 18.6, 18.461, 17.993, 16.251, 13.416, 11.197, 10.276, 10.11, 9.945, 9.535, 8.52, 6.072, 2.623, 0.0, 2.774, 6.116, 7.6, 7.726, 8.094, 8.642, 11.041, 13.371, 13.892, 14.223, 14.539, 14.775, 15.095, 15.308, 15.199, 15.133, 15.375, 15.726, 16.349, 17.424, 18.005, 18.244, 18.19, 17.934, 18.43, 19.342, 20.002, 20.276], [23.161, 23.002, 22.795, 22.833, 22.951, 24.101, 25.652, 26.141, 25.893, 25.527, 25.438, 25.484, 25.323, 24.944, 24.595, 24.555, 24.773, 24.862, 24.926, 25.098, 25.304, 24.95, 24.43, 24.267, 24.173, 23.654, 23.46, 23.385, 22.997, 22.536, 22.024, 21.862, 20.908, 20.122, 19.882, 19.758, 19.851, 19.957, 20.026, 19.974, 19.933, 19.813, 19.479, 19.143, 18.97, 18.827, 18.353, 16.605, 13.739, 11.387, 10.269, 10.0, 9.823, 9.47, 8.701, 6.763, 4.137, 2.774, 0.0, 4.083, 6.027, 6.205, 6.655, 7.4, 10.191, 12.685, 13.315, 13.792, 14.199, 14.46, 14.797, 15.026, 14.95, 14.936, 15.251, 15.664, 16.37, 17.528, 18.164, 18.417, 18.375, 18.123, 18.608, 19.527, 20.213, 20.503], [23.605, 23.47, 23.307, 23.379, 23.519, 24.568, 25.99, 26.441, 26.209, 25.88, 25.812, 25.866, 25.686, 25.302, 24.972, 24.928, 25.124, 25.19, 25.229, 25.371, 25.543, 25.199, 24.725, 24.565, 24.454, 23.992, 23.815, 23.757, 23.474, 23.112, 22.688, 22.57, 21.688, 20.95, 20.714, 20.583, 20.64, 20.716, 20.78, 20.737, 20.672, 20.547, 20.18, 19.777, 19.562, 19.427, 18.984, 17.263, 14.42, 11.941, 10.573, 10.164, 10.0, 9.716, 9.342, 8.474, 6.93, 6.116, 4.083, 0.0, 3.021, 3.574, 4.208, 5.415, 8.806, 11.378, 12.172, 12.973, 13.539, 13.824, 14.15, 14.393, 14.401, 14.481, 14.894, 15.369, 16.202, 17.536, 18.307, 18.612, 18.602, 18.441, 19.004, 19.96, 20.6