[[0.0, 2.831, 3.135, 4.274, 6.88, 9.096, 10.3, 12.094, 13.87, 14.455, 14.839, 15.336, 15.725, 15.963, 15.933, 16.159, 16.211, 15.992, 16.135, 16.46, 16.292, 15.908, 16.405, 17.23, 17.884, 18.852, 19.777, 20.411, 20.035, 19.783, 20.48, 21.565, 22.559, 23.619, 25.735, 27.509, 27.915, 28.002, 28.145, 28.602, 28.723, 29.013, 29.469, 29.07, 29.107, 29.279, 29.017, 28.684, 28.418, 28.595, 28.816, 28.803, 28.959, 28.944, 28.439, 28.567, 29.566, 29.867, 29.715, 29.613, 29.417, 29.502, 29.253, 28.623, 28.302, 28.549, 28.945, 28.746, 28.368, 28.113, 28.149, 27.905, 27.253, 26.599, 26.391, 25.746, 24.878, 24.427, 23.826, 23.688, 23.828, 24.08, 24.158, 23.889, 23.846, 23.86], [2.831, 0.0, 1.095, 2.92, 5.819, 8.178, 9.531, 11.454, 13.1, 13.613, 14.008, 14.518, 14.948, 15.207, 15.169, 15.384, 15.467, 15.242, 15.397, 15.742, 15.596, 15.438, 16.198, 17.118, 17.856, 18.962, 19.959, 20.607, 20.213, 19.961, 20.686, 21.809, 22.837, 23.995, 26.288, 28.124, 28.534, 28.63, 28.78, 29.228, 29.337, 29.617, 30.046, 29.65, 29.695, 29.863, 29.606, 29.285, 29.037, 29.221, 29.446, 29.428, 29.577, 29.553, 29.048, 29.163, 30.114, 30.393, 30.239, 30.144, 29.96, 30.055, 29.807, 29.174, 28.851, 29.091, 29.449, 29.222, 28.85, 28.596, 28.621, 28.384, 27.744, 27.144, 27.015, 26.38, 25.478, 25.025, 24.425, 24.303, 24.471, 24.748, 24.838, 24.553, 24.497, 24.529], [3.135, 1.095, 0.0, 2.282, 5.394, 7.862, 9.247, 11.213, 12.866, 13.376, 13.785, 14.307, 14.749, 15.005, 14.961, 15.202, 15.3, 15.083, 15.25, 15.591, 15.44, 15.287, 16.075, 17.009, 17.751, 18.871, 19.884, 20.544, 20.168, 19.93, 20.658, 21.805, 22.862, 24.035, 26.328, 28.17, 28.59, 28.688, 28.835, 29.281, 29.387, 29.663, 30.086, 29.683, 29.726, 29.894, 29.637, 29.315, 29.063, 29.244, 29.469, 29.452, 29.601, 29.575, 29.069, 29.188, 30.143, 30.429, 30.278, 30.183, 29.999, 30.096, 29.847, 29.211, 28.885, 29.122, 29.475, 29.243, 28.871, 28.62, 28.644, 28.412, 27.783, 27.185, 27.048, 26.409, 25.507, 25.05, 24.447, 24.332, 24.5, 24.769, 24.855, 24.565, 24.507, 24.54], [4.274, 2.92, 2.282, 0.0, 3.592, 6.638, 8.273, 10.497, 12.174, 12.632, 13.084, 13.611, 14.071, 14.354, 14.332, 14.598, 14.709, 14.49, 14.684, 15.082, 14.962, 14.923, 15.886, 16.841, 17.569, 18.771, 19.918, 20.64, 20.318, 20.145, 20.891, 22.059, 23.141, 24.378, 26.735, 28.573, 29.0, 29.115, 29.261, 29.692, 29.787, 30.034, 30.401, 29.985, 30.036, 30.205, 29.952, 29.634, 29.393, 29.59, 29.825, 29.81, 29.961, 29.932, 29.429, 29.551, 30.496, 30.778, 30.628, 30.533, 30.353, 30.457, 30.201, 29.554, 29.222, 29.458, 29.8, 29.558, 29.193, 28.935, 28.946, 28.716, 28.081, 27.477, 27.358, 26.706, 25.783, 25.316, 24.703, 24.59, 24.788, 25.088, 25.17, 24.834, 24.758, 24.786], [6.88, 5.819, 5.394, 3.592, 0.0, 3.804, 5.953, 8.655, 10.393, 10.822, 11.378, 11.944, 12.442, 12.79, 12.801, 13.123, 13.279, 13.049, 13.284, 13.775, 13.757, 14.02, 15.348, 16.389, 17.18, 18.546, 19.849, 20.648, 20.372, 20.244, 21.034, 22.285, 23.439, 24.797, 27.288, 29.143, 29.58, 29.714, 29.873, 30.282, 30.332, 30.542, 30.856, 30.44, 30.505, 30.665, 30.407, 30.096, 29.876, 30.098, 30.351, 30.34, 30.489, 30.459, 29.967, 30.087, 30.989, 31.246, 31.087, 30.992, 30.819, 30.934, 30.668, 30.013, 29.678, 29.902, 30.221, 29.979, 29.646, 29.408, 29.404, 29.15, 28.496, 27.918, 27.885, 27.272, 26.313, 25.81, 25.175, 25.08, 25.329, 25.664, 25.741, 25.35, 25.252, 25.276], [9.096, 8.178, 7.862, 6.638, 3.804, 0.0, 3.007, 6.639, 8.507, 8.974, 9.646, 10.306, 10.879, 11.308, 11.318, 11.687, 11.907, 11.668, 11.933, 12.448, 12.545, 13.193, 14.882, 16.045, 16.968, 18.47, 19.825, 20.665, 20.413, 20.281, 21.099, 22.4, 23.599, 25.015, 27.563, 29.413, 29.847, 29.984, 30.15, 30.56, 30.587, 30.787, 31.092, 30.691, 30.769, 30.916, 30.654, 30.35, 30.144, 30.373, 30.636, 30.631, 30.775, 30.755, 30.284, 30.392, 31.244, 31.472, 31.304, 31.212, 31.049, 31.17, 30.914, 30.277, 29.948, 30.161, 30.462, 30.232, 29.933, 29.709, 29.704, 29.401, 28.713, 28.19, 28.259, 27.706, 26.726, 26.175, 25.509, 25.435, 25.719, 26.071, 26.135, 25.698, 25.597, 25.618], [10.3, 9.531, 9.247, 8.273, 5.953, 3.007, 0.0, 4.327, 6.673, 7.451, 8.317, 9.144, 9.754, 10.24, 10.366, 10.832, 11.082, 10.861, 11.117, 11.689, 11.972, 13.014, 14.998, 16.233, 17.226, 18.773, 20.105, 20.964, 20.687, 20.477, 21.292, 22.665, 23.907, 25.285, 27.761, 29.573, 30.0, 30.133, 30.287, 30.646, 30.626, 30.832, 31.146, 30.778, 30.861, 30.989, 30.719, 30.423, 30.234, 30.459, 30.724, 30.722, 30.859, 30.838, 30.356, 30.419, 31.206, 31.409, 31.226, 31.132, 30.98, 31.112, 30.855, 30.223, 29.888, 30.074, 30.358, 30.143, 29.874, 29.677, 29.682, 29.35, 28.682, 28.279, 28.504, 28.082, 27.114, 26.531, 25.887, 25.859, 26.171, 26.516, 26.588, 26.175, 26.075, 26.105], [12.094, 11.454, 11.213, 10.497, 8.655, 6.639, 4.327, 0.0, 3.534, 5.457, 6.728, 7.842, 8.449, 8.953, 9.295, 9.983, 10.322, 10.164, 10.376, 11.015, 11.621, 13.153, 15.499, 16.829, 17.971, 19.61, 20.893, 21.749, 21.418, 21.098, 21.937, 23.46, 24.758, 26.076, 28.469, 30.242, 30.665, 30.809, 30.964, 31.236, 31.105, 31.315, 31.643, 31.337, 31.422, 31.507, 31.234, 30.974, 30.822, 31.029, 31.289, 31.286, 31.41, 31.377, 30.88, 30.866, 31.501, 31.63, 31.42, 31.329, 31.206, 31.361, 31.103, 30.489, 30.147, 30.277, 30.516, 30.327, 30.122, 29.991, 30.008, 29.623, 28.996, 28.845, 29.404, 29.208, 28.272, 27.673, 27.065, 27.114, 27.451, 27.772, 27.876, 27.518, 27.407, 27.452], [13.87, 13.1, 12.866, 12.174, 10.393, 8.507, 6.673, 3.534, 0.0, 2.727, 4.378, 5.597, 6.32, 6.942, 7.487, 8.359, 8.898, 9.0, 9.297, 9.916, 10.765, 12.89, 15.528, 16.832, 18.005, 19.824, 21.334, 22.33, 22.127, 21.932, 22.837, 24.499, 25.922, 27.345, 29.809, 31.566, 32.005, 32.183, 32.354, 32.601, 32.427, 32.589, 32.86, 32.588, 32.71, 32.793, 32.54, 32.324, 32.211, 32.429, 32.684, 32.676, 32.795, 32.754, 32.259, 32.245, 32.822, 32.918, 32.71, 32.633, 32.535, 32.704, 32.463, 31.88, 31.553, 31.671, 31.867, 31.674, 31.495, 31.357, 31.366, 30.945, 30.301, 30.259, 30.938, 30.754, 29.815, 29.233, 28.63, 28.679, 29.008, 29.317, 29.378, 28.951, 28.825, 28.862], [14.455, 13.613, 13.376, 12.632, 10.822, 8.974, 7.451, 5.457, 2.727, 0.0, 2.042, 3.501, 4.677, 5.619, 6.325, 7.292, 8.002, 8.371, 8.795, 9.397, 10.282, 12.712, 15.363, 16.524, 17.564, 19.429, 21.119, 22.226, 22.144, 22.086, 23.033, 24.75, 26.268, 27.814, 30.377, 32.141, 32.588, 32.784, 32.97, 33.241, 33.107, 33.233, 33.428, 33.135, 33.289, 33.402, 33.168, 32.965, 32.863, 33.103, 33.359, 33.351, 33.477, 33.439, 32.962, 32.985, 33.606, 33.729, 33.538, 33.468, 33.365, 33.529, 33.301, 32.729, 32.414, 32.553, 32.744, 32.538, 32.347, 32.172, 32.179, 31.773, 31.109, 30.993, 31.531, 31.226, 30.277, 29.712, 29.093, 29.103, 29.409, 29.711, 29.719, 29.208, 29.068, 29.099], [14.839, 14.008, 13.785, 13.084, 11.378, 9.646, 8.317, 6.728, 4.378, 2.042, 0.0, 1.968, 3.803, 5.066, 5.907, 6.924, 7.748, 8.258, 8.754, 9.374, 10.271, 12.786, 15.365, 16.432, 17.393, 19.253, 20.992, 22.133, 22.097, 22.077, 23.036, 24.793, 26.37, 27.97, 30.57, 32.334, 32.78, 32.978, 33.169, 33.456, 33.352, 33.46, 33.611, 33.304, 33.472, 33.603, 33.384, 33.189, 33.083, 33.326, 33.581, 33.574, 33.705, 33.669, 33.205, 33.243, 33.88, 34.024, 33.847, 33.778, 33.669, 33.826, 33.609, 33.046, 32.737, 32.887, 33.079, 32.869, 32.673, 32.482, 32.487, 32.086, 31.415, 31.263, 31.726, 31.373, 30.431, 29.875, 29.24, 29.227, 29.514, 29.805, 29.787, 29.251, 29.109, 29.139], [15.336, 14.518, 14.307, 13.611, 11.944, 10.306, 9.144, 7.842, 5.597, 3.501, 1.968, 0.0, 2.47, 4.165, 5.265, 6.432, 7.348, 7.951, 8.486, 9.086, 10.014, 12.668, 15.271, 16.292, 17.234, 19.146, 20.971, 22.166, 22.185, 22.208, 23.186, 24.987, 26.603, 28.24, 30.869, 32.626, 33.074, 33.281, 33.476, 33.764, 33.675, 33.779, 33.903, 33.602, 33.785, 33.925, 33.717, 33.53, 33.427, 33.675, 33.928, 33.919, 34.051, 34.016, 33.556, 33.601, 34.241, 34.393, 34.224, 34.158, 34.049, 34.208, 33.996, 33.436, 33.13, 33.287, 33.487, 33.279, 33.074, 32.862, 32.861, 32.46, 31.767, 31.6, 32.045, 31.656, 30.702, 30.149, 29.499, 29.479, 29.769, 30.066, 30.042, 29.495, 29.362, 29.387], [15.725, 14.948, 14.749, 14.071, 12.442, 10.879, 9.754, 8.449, 6.32, 4.677, 3.803, 2.47, 0.0, 2.316, 4.233, 5.806, 6.803, 7.423, 7.979, 8.595, 9.578, 12.301, 14.955, 16.001, 17.005, 18.982, 20.867, 22.103, 22.132, 22.171, 23.199, 25.056, 26.699, 28.355, 31.0, 32.759, 33.207, 33.42, 33.621, 33.901, 33.803, 33.91, 34.042, 33.753, 33.938, 34.073, 33.864, 33.682, 33.59, 33.848, 34.104, 34.099, 34.232, 34.197, 33.734, 33.782, 34.419, 34.557, 34.381, 34.317, 34.213, 34.376, 34.161, 33.602, 33.295, 33.452, 33.659, 33.463, 33.268, 33.053, 33.04, 32.619, 31.904, 31.747, 32.223, 31.843, 30.875, 30.321, 29.678, 29.661, 29.955, 30.257, 30.229, 29.677, 29.548, 29.572], [15.963, 15.207, 15.005, 14.354, 12.79, 11.308, 10.24, 8.953, 6.942, 5.619, 5.066, 4.165, 2.316, 0.0, 2.687, 4.959, 6.189, 6.874, 7.447, 7.985, 8.836, 11.439, 14.127, 15.189, 16.234, 18.22, 20.082, 21.324, 21.375, 21.459, 22.53, 24.479, 26.199, 27.898, 30.591, 32.387, 32.851, 33.074, 33.285, 33.573, 33.465, 33.564, 33.702, 33.406, 33.591, 33.727, 33.515, 33.336, 33.256, 33.523, 33.781, 33.782, 33.92, 33.886, 33.437, 33.507, 34.155, 34.295, 34.115, 34.045, 33.94, 34.09, 33.859, 33.297, 32.991, 33.15, 33.368, 33.181, 32.991, 32.784, 32.761, 32.332, 31.635, 31.476, 31.922, 31.537, 30.572, 30.02, 29.395, 29.394, 29.684, 29.97, 29.934, 29.391, 29.258, 29.28], [15.933, 15.169, 14.961, 14.332, 12.801, 11.318, 10.366, 9.295, 7.487, 6.325, 5.907, 5.265, 4.233, 2.687, 0.0, 3.111, 4.845, 5.658, 6.315, 6.826, 7.465, 9.956, 12.806, 13.919, 14.999, 17.0, 18.812, 20.041, 20.103, 20.239, 21.334, 23.331, 25.123, 26.898, 29.716, 31.605, 32.105, 32.342, 32.572, 32.889, 32.784, 32.873, 33.007, 32.7, 32.896, 33.05, 32.846, 32.673, 32.601, 32.876, 33.132, 33.134, 33.278, 33.252, 32.819, 32.92, 33.602, 33.764, 33.588, 33.506, 33.397, 33.527, 33.278, 32.712, 32.41, 32.584, 32.818, 32.627, 32.43, 32.239, 32.218, 31.789, 31.115, 30.91, 31.259, 30.825, 29.858, 29.29, 28.651, 28.657, 28.957, 29.246, 29.224, 28.694, 28.55, 28.571], [16.159, 15.384, 15.202, 14.598, 13.123, 11.687, 10.832, 9.983, 8.359, 7.292, 6.924, 6.432, 5.806, 4.959, 3.111, 0.0, 2.369, 3.758, 4.662, 5.415, 6.151, 9.006, 12.13, 13.338, 14.501, 16.586, 18.427, 19.648, 19.673, 19.805, 20.876, 22.804, 24.583, 26.429, 29.362, 31.317, 31.832, 32.073, 32.318, 32.657, 32.567, 32.644, 32.767, 32.467, 32.679, 32.846, 32.657, 32.502, 32.446, 32.745, 33.013, 33.012, 33.15, 33.129, 32.7, 32.806, 33.495, 33.665, 33.491, 33.405, 33.305, 33.434, 33.183, 32.625, 32.327, 32.498, 32.713, 32.499, 32.305, 32.141, 32.13, 31.701, 31.043, 30.854, 31.213, 30.754, 29.776, 29.196, 28.533, 28.515, 28.814, 29.113, 29.105, 28.574, 28.426, 28.454], [16.211, 15.467, 15.3, 14.709, 13.279, 11.907, 11.082, 10.322, 8.898, 8.002, 7.748, 7.348, 6.803, 6.189, 4.845, 2.369, 0.0, 2.167, 3.537, 4.562, 5.528, 8.775, 12.104, 13.405, 14.638, 16.735, 18.538, 19.726, 19.681, 19.756, 20.796, 22.675, 24.445, 26.305, 29.251, 31.217, 31.731, 31.976, 32.232, 32.577, 32.49, 32.571, 32.692, 32.394, 32.607, 32.777, 32.599, 32.451, 32.405, 32.72, 33.006, 33.007, 33.136, 33.118, 32.695, 32.785, 33.468, 33.649, 33.474, 33.388, 33.296, 33.428, 33.177, 32.614, 32.308, 32.47, 32.673, 32.439, 32.233, 32.08, 32.074, 31.643, 30.998, 30.84, 31.238, 30.801, 29.83, 29.269, 28.615, 28.593, 28.896, 29.195, 29.18, 28.645, 28.498, 28.524], [15.992, 15.242, 15.083, 14.49, 13.049, 11.668, 10.861, 10.164, 9.0, 8.371, 8.258, 7.951, 7.423, 6.874, 5.658, 3.758, 2.167, 0.0, 2.038, 3.684, 4.925, 8.463, 12.06, 13.533, 14.891, 16.999, 18.7, 19.81, 19.643, 19.613, 20.654, 22.523, 24.274, 26.101, 29.052, 31.044, 31.561, 31.808, 32.068, 32.412, 32.319, 32.425, 32.577, 32.28, 32.481, 32.654, 32.48, 32.329, 32.275, 32.583, 32.873, 32.885, 33.015, 33.0, 32.582, 32.663, 33.339, 33.521, 33.344, 33.257, 33.167, 33.295, 33.035, 32.463, 32.147, 32.306, 32.517, 32.278, 32.059, 31.915, 31.901, 31.465, 30.827, 30.666, 31.07, 30.65, 29.685, 29.121, 28.462, 28.45, 28.793, 29.121, 29.138, 28.631, 28.483, 28.507], [16.135, 15.397, 15.25, 14.684, 13.284, 11.933, 11.117, 10.376, 9.297, 8.795, 8.754, 8.486, 7.979, 7.447, 6.315, 4.662, 3.537, 2.038, 0.0, 2.396, 4.233, 8.238, 11.975, 13.466, 14.806, 16.933, 18.674, 19.808, 19.629, 19.57, 20.615, 22.454, 24.161, 25.999, 28.967, 30.962, 31.472, 31.717, 31.978, 32.314, 32.215, 32.325, 32.481, 32.19, 32.392, 32.566, 32.396, 32.248, 32.191, 32.491, 32.771, 32.783, 32.918, 32.903, 32.484, 32.562, 33.223, 33.389, 33.208, 33.122, 33.036, 33.163, 32.902, 32.338, 32.027, 32.176, 32.394, 32.18, 31.975, 31.842, 31.827, 31.391, 30.766, 30.616, 31.034, 30.641, 29.672, 29.093, 28.445, 28.447, 28.798, 29.129, 29.168, 28.684, 28.542, 28.572], [16.46, 15.742, 15.591, 15.082, 13.775, 12.448, 11.689, 11.015, 9.916, 9.397, 9.374, 9.086, 8.595, 7.985, 6.826, 5.415, 4.562, 3.684, 2.396, 0.0, 2.82, 7.513, 11.29, 12.754, 14.097, 16.251, 18.023, 19.231, 19.158, 19.161, 20.227, 22.13, 23.889, 25.785, 28.797, 30.807, 31.326, 31.583, 31.847, 32.185, 32.085, 32.198, 32.353, 32.068, 32.281, 32.457, 32.284, 32.123, 32.053, 32.351, 32.632, 32.643, 32.777, 32.769, 32.364, 32.449, 33.11, 33.281, 33.107, 33.025, 32.939, 33.063, 32.813, 32.269, 31.971, 32.123, 32.359, 32.171, 31.971, 31.838, 31.828, 31.39, 30.784, 30.623, 30.953, 30.523, 29.562, 28.99, 28.366, 28.381, 28.719, 29.028, 29.049, 28.565, 28.433, 28.461], [16.292, 15.596, 15.44, 14.962, 13.757, 12.545, 11.972, 11.621, 10.765, 10.282, 10.271, 10.014, 9.578, 8.836, 7.465, 6.151, 5.528, 4.925, 4.233, 2.82, 0.0, 5.363, 9.559, 11.161, 12.586, 14.799, 16.542, 17.733, 17.671, 17.739, 18.796, 20.722, 22.558, 24.537, 27.695, 29.811, 30.364, 30.639, 30.916, 31.284, 31.227, 31.365, 31.536, 31.237, 31.46, 31.655, 31.474, 31.3, 31.237, 31.562, 31.861, 31.885, 32.03, 32.032, 31.663, 31.81, 32.538, 32.75, 32.583, 32.493, 32.397, 32.502, 32.237, 31.685, 31.393, 31.573, 31.845, 31.671, 31.451, 31.296, 31.276, 30.842, 30.254, 30.021, 30.177, 29.656, 28.707, 28.154, 27.523, 27.513, 27.838, 28.148, 28.163, 27.678, 27.53, 27.558], [15.908, 15.438, 15.287, 14.923, 14.02, 13.193, 13.014, 13.153, 12.89, 12.712, 12.786, 12.668, 12.301, 11.439, 9.956, 9.006, 8.775, 8.463, 8.238, 7.513, 5.363, 0.0, 5.002, 7.193, 9.17, 11.667, 13.389, 14.528, 14.359, 14.544, 15.708, 17.852, 19.937, 22.054, 25.465, 27.826, 28.449, 28.737, 29.023, 29.418, 29.379, 29.596, 29.886, 29.566, 29.79, 30.003, 29.791, 29.599, 29.571, 29.958, 30.282, 30.327, 30.503, 30.521, 30.179, 30.465, 31.368, 31.655, 31.495, 31.38, 31.263, 31.324, 31.023, 30.462, 30.192, 30.429, 30.775, 30.629, 30.39, 30.209, 30.149, 29.704, 29.149, 28.767, 28.641, 28.015, 27.098, 26.558, 25.928, 25.897, 26.177, 26.458, 26.475, 26.002, 25.829, 25.848], [16.405, 16.198, 16.075, 15.886, 15.348, 14.882, 14.998, 15.499, 15.528, 15.363, 15.365, 15.271, 14.955, 14.127, 12.806, 12.13, 12.104, 12.06, 11.975, 11.29, 9.559, 5.002, 0.0, 2.891, 5.78, 8.616, 10.467, 11.642, 11.575, 12.086, 13.364, 15.717, 18.049, 20.286, 23.785, 26.271, 26.928, 27.213, 27.504, 27.929, 27.935, 28.225, 28.631, 28.318, 28.574, 28.82, 28.598, 28.421, 28.44, 28.894, 29.229, 29.277, 29.479, 29.516, 29.199, 29.615, 30.689, 31.036, 30.886, 30.758, 30.621, 30.642, 30.328, 29.779, 29.549, 29.842, 30.234, 30.104, 29.866, 29.676, 29.592, 29.162, 28.63, 28.098, 27.702, 26.981, 26.12, 25.611, 24.975, 24.883, 25.045, 25.249, 25.202, 24.683, 24.528, 24.536], [17.23, 17.118, 17.009, 16.841, 16.389, 16.045, 16.233, 16.829, 16.832, 16.524, 16.432, 16.292, 16.001, 15.189, 13.919, 13.338, 13.405, 13.533, 13.466, 12.754, 11.161, 7.193, 2.891, 0.0, 3.454, 6.702, 9.007, 10.45, 10.708, 11.623, 12.963, 15.348, 17.754, 20.077, 23.582, 26.049, 26.702, 26.984, 27.283, 27.726, 27.756, 28.023, 28.401, 28.075, 28.356, 28.625, 28.405, 28.234, 28.273, 28.765, 29.097, 29.132, 29.344, 29.385, 29.074, 29.539, 30.694, 31.082, 30.946, 30.815, 30.669, 30.674, 30.359, 29.815, 29.603, 29.92, 30.329, 30.21, 29.969, 29.768, 29.68, 29.277, 28.747, 28.134, 27.615, 26.834, 25.99, 25.503, 24.861, 24.721, 24.811, 24.971, 24.869, 24.281, 24.129, 24.136], [17.884, 17.856, 17.751, 17.569, 17.18, 16.968, 17.226, 17.971, 18.005, 17.564, 17.393, 17.234, 17.005, 16.234, 14.999, 14.501, 14.638, 14.891, 14.806, 14.097, 12.586, 9.17, 5.78, 3.454, 0.0, 3.86, 7.287, 9.348, 10.195, 11.567, 12.906, 15.142, 17.477, 19.903, 23.432, 25.85, 26.496, 26.777, 27.094, 27.579, 27.683, 27.906, 28.193, 27.82, 28.132, 28.444, 28.24, 28.079, 28.133, 28.672, 28.999, 29.008, 29.228, 29.273, 28.967, 29.489, 30.749, 31.191, 31.078, 30.948, 30.783, 30.778, 30.466, 29.917, 29.711, 30.057, 30.508, 30.414, 30.138, 29.888, 29.794, 29.453, 28.927, 28.203, 27.528, 26.695, 25.871, 25.417, 24.803, 24.631, 24.643, 24.745, 24.577, 23.899, 23.739, 23.745], [18.852, 18.962, 18.871, 18.771, 18.546, 18.47, 18.773, 19.61, 19.824, 19.429, 19.253, 19.146, 18.982, 18.22, 17.0, 16.586, 16.735, 16.999, 16.933, 16.251, 14.799, 11.667, 8.616, 6.702, 3.86, 0.0, 4.465, 7.177, 8.656, 10.425, 11.705, 13.912, 16.264, 18.72, 22.245, 24.681, 25.351, 25.642, 25.99, 26.525, 26.712, 26.91, 27.135, 26.712, 27.049, 27.408, 27.219, 27.075, 27.153, 27.753, 28.086, 28.072, 28.309, 28.376, 28.112, 28.732, 30.128, 30.656, 30.569, 30.426, 30.235, 30.194, 29.869, 29.316, 29.121, 29.504, 30.001, 29.918, 29.601, 29.323, 29.214, 28.938, 28.467, 27.599, 26.672, 25.804, 25.057, 24.657, 24.12, 23.965, 23.897, 23.9, 23.667, 22.955, 22.787, 22.793], [19.777, 19.959, 19.884, 19.918, 19.849, 19.825, 20.105, 20.893, 21.334, 21.119, 20.992, 20.971, 20.867, 20.082, 18.812, 18.427, 18.538, 18.7, 18.674, 18.023, 16.542, 13.389, 10.467, 9.007, 7.287, 4.465, 0.0, 3.24, 5.446, 7.559, 8.837, 11.53, 14.246, 16.65, 20.163, 22.747, 23.487, 23.797, 24.159, 24.689, 24.845, 25.029, 25.3, 24.845, 25.156, 25.536, 25.345, 25.199, 25.298, 25.93, 26.291, 26.295, 26.554, 26.66, 26.494, 27.197, 28.653, 29.243, 29.163, 28.992, 28.77, 28.669, 28.302, 27.747, 27.559, 27.96, 28.476, 28.391, 28.062, 27.835, 27.715, 27.441, 27.067, 26.09, 24.908, 24.045, 23.417, 23.076, 22.609, 22.503, 22.398, 22.321, 22.089, 21.501, 21.327, 21.336], [20.411, 20.607, 20.544, 20.64, 20.648, 20.665, 20.964, 21.749, 22.33, 22.226, 22.133, 22.166, 22.103, 21.324, 20.041, 19.648, 19.726, 19.81, 19.808, 19.231, 17.733, 14.528, 11.642, 10.45, 9.348, 7.177, 3.24, 0.0, 3.367, 6.078, 7.119, 9.868, 12.89, 15.317, 18.84, 21.536, 22.317, 22.637, 23.011, 23.563, 23.723, 23.905, 24.213, 23.752, 24.064, 24.481, 24.305, 24.162, 24.281, 24.914, 25.281, 25.325, 25.606, 25.742, 25.684, 26.437, 27.876, 28.474, 28.385, 28.19, 27.946, 27.796, 27.394, 26.835, 26.65, 27.04, 27.533, 27.43, 27.086, 26.904, 26.785, 26.495, 26.178, 25.143, 23.808, 22.957, 22.43, 22.134, 21.666, 21.546, 21.42, 21.311, 21.085, 20.579, 20.404, 20.402], [20.035, 20.213, 20.168, 20.318, 20.372, 20.413, 20.687, 21.418, 22.127, 22.144, 22.097, 22.185, 22.132, 21.375, 20.103, 19.673, 19.681, 19.643, 19.629, 19.158, 17.671, 14.359, 11.575, 10.708, 10.195, 8.656, 5.446, 3.367, 0.0, 3.347, 4.87, 8.059, 11.497, 14.051, 17.747, 20.63, 21.441, 21.75, 22.122, 22.68, 22.851, 23.13, 23.559, 23.131, 23.462, 23.917, 23.796, 23.716, 23.879, 24.494, 24.847, 24.908, 25.201, 25.352, 25.325, 26.085, 27.517, 28.115, 28.007, 27.801, 27.557, 27.385, 26.962, 26.392, 26.2, 26.574, 27.054, 26.941, 26.597, 26.449, 26.328, 25.999, 25.714, 24.678, 23.299, 22.445, 21.907, 21.591, 21.064, 20.943, 20.833, 20.725, 20.567, 20.166, 19.977, 20.002], [19.783, 19.961, 19.93, 20.145, 20.244, 20.281, 20.477, 21.098, 21.932, 22.086, 22.077, 22.208, 22.171, 21.459, 20.239, 19.805, 19.756, 19.613, 19.57, 19.161, 17.739, 14.544, 12.086, 11.623, 11.567, 10.425, 7.559, 6.078, 3.347, 0.0, 3.034, 7.493, 11.133, 13.539, 17.208, 20.183, 21.011, 21.31, 21.663, 22.155, 22.274, 22.672, 23.24, 22.868, 23.192, 23.629, 23.516, 23.471, 23.648, 24.238, 24.598, 24.671, 24.963, 25.116, 25.06, 25.784, 27.197, 27.789, 27.664, 27.459, 27.229, 27.066, 26.638, 26.072, 25.878, 26.244, 26.749, 26.658, 26.336, 26.216, 26.095, 25.737, 25.463, 24.482, 23.194, 22.404, 21.833, 21.476, 20.927, 20.846, 20.768, 20.672, 20.612, 20.372, 20.202, 20.255], [20.48, 20.686, 20.658, 20.891, 21.034, 21.099, 21.292, 21.937, 22.837, 23.033, 23.036, 23.186, 23.199, 22.53, 21.334, 20.876, 20.796, 20.654, 20.615, 20.227, 18.796, 15.708, 13.364, 12.963, 12.906, 11.705, 8.837, 7.119, 4.87, 3.034, 0.0, 5.422, 9.629, 12.23, 16.048, 19.109, 19.965, 20.279, 20.66, 21.213, 21.494, 21.947, 22.508, 22.204, 22.584, 23.065, 22.987, 22.996, 23.218, 23.817, 24.176, 24.25, 24.557, 24.733, 24.731, 25.495, 26.94, 27.568, 27.455, 27.244, 27.004, 26.829, 26.398, 25.833, 25.649, 26.019, 26.517, 26.411, 26.065, 25.948, 25.838, 25.518, 25.284, 24.28, 22.919, 22.158, 21.664, 21.321, 20.762, 20.668, 20.565, 20.451, 20.375, 20.144, 19.981, 20.047], [21.565, 21.809, 21.805, 22.059, 22.285, 22.4, 22.665, 23.46, 24.499, 24.75, 24.793, 24.987, 25.056, 24.479, 23.331, 22.804, 22.675, 22.523, 22.454, 22.13, 20.722, 17.852, 15.717, 15.348, 15.142, 13.912, 11.53, 9.868, 8.059, 7.493, 5.422, 0.0, 5.131, 8.84, 13.525, 16.913, 17.815, 18.167, 18.662, 19.512, 20.299, 20.872, 21.383, 21.105, 21.619, 22.274, 22.353, 22.515, 22.854, 23.486, 23.809, 23.873, 24.204, 24.436, 24.566, 25.409, 26.91, 27.589, 27.499, 27.272, 27.004, 26.787, 26.351, 25.776, 25.59, 25.963, 26.448, 26.306, 25.885, 25.769, 25.676, 25.438, 25.262, 24.156, 22.58, 21.761, 21.357, 21.056, 20.492, 20.32, 20.141, 19.997, 19.864, 19.542, 19.365, 19.454], [22.559, 22.837, 22.862, 23.141, 23.439, 23.599, 23.907, 24.758, 25.922, 26.268, 26.37, 26.603, 26.699, 26.199, 25.123, 24.583, 24.445, 24.274, 24.161, 23.889, 22.558, 19.937, 18.049, 17.754, 17.477, 16.264, 14.246, 12.89, 11.497, 11.133, 9.629, 5.131, 0.0, 5.061, 11.038, 14.916, 15.868, 16.28, 16.921, 18.058, 19.253, 20.002, 20.531, 20.269, 20.885, 21.644, 21.806, 22.054, 22.458, 23.123, 23.461, 23.523, 23.86, 24.122, 24.307, 25.176, 26.7, 27.399, 27.318, 27.084, 26.807, 26.571, 26.139, 25.574, 25.39, 25.782, 26.318, 26.197, 25.741, 25.606, 25.519, 25.339, 25.184, 24.052, 22.43, 21.607, 21.256, 20.99, 20.452, 20.26, 20.076, 19.953, 19.856, 19.532, 19.311, 19.418], [23.619, 23.995, 24.035, 24.378, 24.797, 25.015, 25.285, 26.076, 27.345, 27.814, 27.97, 28.24, 28.355, 27.898, 26.898, 26.429, 26.305, 26.101, 25.999, 25.785, 24.537, 22.054, 20.286, 20.077, 19.903, 18.72, 16.65, 15.317, 14.051, 13.539, 12.23, 8.84, 5.061, 0.0, 6.92, 11.576, 12.738, 13.242, 14.041, 15.385, 16.814, 17.867, 18.692, 18.486, 19.138, 19.94, 20.132, 20.447, 20.94, 21.638, 22.012, 22.109, 22.461, 22.744, 22.978, 23.897, 25.475, 26.207, 26.11, 25.856, 25.572, 25.291, 24.831, 24.287, 24.127, 24.544, 25.123, 25.017, 24.585, 24.475, 24.369, 24.196, 24.108, 22.969, 21.341, 20.693, 20.516, 20.31, 19.79, 19.626, 19.452, 19.334, 19.346, 19.192, 18.968, 19.076], [25.735, 26.288, 26.328, 26.735, 27.288, 27.563, 27.761, 28.469, 29.809, 30.377, 30.57, 30.869, 31.0, 30.591, 29.716, 29.362, 29.251, 29.052, 28.967, 28.797, 27.695, 25.465, 23.785, 23.582, 23.432, 22.245, 20.163, 18.84, 17.747, 17.208, 16.048, 13.525, 11.038, 6.92, 0.0, 5.48, 7.17, 7.979, 9.232, 10.882, 12.83, 14.39, 15.68, 15.753, 16.591, 17.483, 17.761, 18.237, 18.938, 19.69, 20.054, 20.212, 20.582, 20.898, 21.253, 22.269, 23.878, 24.6, 24.489, 24.233, 23.969, 23.617, 23.195, 22.833, 22.789, 23.199, 23.728, 23.668, 23.442, 23.502, 23.386, 23.22, 23.293, 22.244, 20.713, 20.486, 20.615, 20.492, 20.049, 19.917, 19.649, 19.442, 19.552, 19.649, 19.515, 19.605], [27.509, 28.124, 28.17, 28.573, 29.143, 29.413, 29.573, 30.242, 31.566, 32.141, 32.334, 32.626, 32.759, 32.387, 31.605, 31.317, 31.217, 31.044, 30.962, 30.807, 29.811, 27.826, 26.271, 26.049, 25.85, 24.681, 22.747, 21.536, 20.63, 20.183, 19.109, 16.913, 14.916, 11.576, 5.48, 0.0, 2.448, 4.151, 6.18, 8.172, 10.996, 12.855, 14.042, 14.52, 15.693, 16.676, 17.07, 17.669, 18.495, 19.237, 19.534, 19.717, 20.086, 20.427, 20.896, 21.962, 23.509, 24.191, 24.105, 23.883, 23.663, 23.293, 22.996, 22.864, 22.932, 23.32, 23.759, 23.762, 23.782, 24.001, 23.908, 23.765, 23.923, 23.004, 21.608, 21.613, 21.868, 21.778, 21.408, 21.288, 20.953, 20.714, 20.841, 21.012, 20.954, 21.033], [27.915, 28.534, 28.59, 29.0, 29.58, 29.847, 30.0, 30.665, 32.005, 32.588, 32.78, 33.074, 33.207, 32.851, 32.105, 31.832, 31.731, 31.561, 31.472, 31.326, 30.364, 28.449, 26.928, 26.702, 26.496, 25.351, 23.487, 22.317, 21.441, 21.011, 19.965, 17.815, 15.868, 12.738, 7.17, 2.448, 0.0, 2.483, 5.041, 7.482, 10.854, 12.768, 13.826, 14.415, 15.678, 16.672, 17.092, 17.711, 18.54, 19.273, 19.552, 19.731, 20.098, 20.446, 20.946, 22.031, 23.562, 24.234, 24.156, 23.945, 23.735, 23.359, 23.101, 23.037, 23.136, 23.517, 23.925, 23.939, 24.029, 24.293, 24.223, 24.092, 24.269, 23.377, 21.985, 22.015, 22.278, 22.182, 21.814, 21.685, 21.342, 21.104, 21.233, 21.416, 21.383, 21.463], [28.002, 28.63, 28.688, 29.115, 29.714, 29.984, 30.133, 30.809, 32.183, 32.784, 32.978, 33.281, 33.42, 33.074, 32.342, 32.073, 31.976, 31.808, 31.717, 31.583, 30.639, 28.737, 27.213, 26.984, 26.777, 25.642, 23.797, 22.637, 21.75, 21.31, 20.279, 18.167, 16.28, 13.242, 7.979, 4.151, 2.483, 0.0, 3.089, 6.268, 10.208, 12.205, 13.282, 13.893, 15.161, 16.186, 16.668, 17.342, 18.183, 18.912, 19.169, 19.324, 19.693, 20.054, 20.567, 21.682, 23.242, 23.93, 23.855, 23.638, 23.425, 23.04, 22.794, 22.76, 22.881, 23.264, 23.659, 23.671, 23.786, 24.082, 24.029, 23.915, 24.116, 23.207, 21.778, 21.838, 22.129, 22.03, 21.682, 21.555, 21.181, 20.918, 21.061, 21.285, 21.272, 21.358], [28.145, 28.78, 28.835, 29.261, 29.873, 30.15, 30.287, 30.964, 32.354, 32.97, 33.169, 33.476, 33.621, 33.285, 32.572, 32.318, 32.232, 32.068, 31.978, 31.847, 30.916, 29.023, 27.504, 27.283, 27.094, 25.99, 24.159, 23.011, 22.122, 21.663, 20.66, 18.662, 16.921, 14.041, 9.232, 6.18, 5.041, 3.089, 0.0, 4.226, 9.091, 11.275, 12.493, 13.203, 14.45, 15.487, 16.041, 16.803, 17.696, 18.428, 18.675, 18.82, 19.196, 19.564, 20.086, 21.238, 22.818, 23.505, 23.426, 23.204, 22.992, 22.601, 22.371, 22.371, 22.522, 22.913, 23.302, 23.329, 23.51, 23.87, 23.826, 23.714, 23.959, 23.074, 21.654, 21.782, 22.122, 22.026, 21.74, 21.633, 21.217, 20.927, 21.081, 21.331, 21.333, 21.428], [28.602, 29.228, 29.281, 29.692, 30.282, 30.56, 30.646, 31.236, 32.601, 33.241, 33.456, 33.764, 33.901, 33.573, 32.889, 32.657, 32.577, 32.412, 32.314, 32.185, 31.284, 29.418, 27.929, 27.726, 27.579, 26.525, 24.689, 23.563, 22.68, 22.155, 21.213, 19.512, 18.058, 15.385, 10.882, 8.172, 7.482, 6.268, 4.226, 0.0, 5.798, 8.685, 10.639, 11.677, 12.945, 13.94, 14.541, 15.518, 16.628, 17.42, 17.666, 17.798, 18.153, 18.515, 19.027, 20.223, 21.796, 22.427, 22.325, 22.114, 21.949, 21.558, 21.369, 21.481, 21.711, 22.119, 22.489, 22.531, 22.847, 23.301, 23.202, 23.035, 23.37, 22.641, 21.527, 22.002, 22.429, 22.343, 22.2, 22.194, 21.784, 21.492, 21.702, 21.997, 21.991, 22.099], [28.723, 29.337, 29.387, 29.787, 30.332, 30.587, 30.626, 31.105, 32.427, 33.107, 33.352, 33.675, 33.803, 33.465, 32.784, 32.567, 32.49, 32.319, 32.215, 32.085, 31.227, 29.379, 27.935, 27.756, 27.683, 26.712, 24.845, 23.723, 22.851, 22.274, 21.494, 20.299, 19.253, 16.814, 12.83, 10.996, 10.854, 10.208, 9.091, 5.798, 0.0, 4.61, 8.809, 10.098, 11.122, 11.938, 12.393, 13.551, 14.964, 15.84, 16.098, 16.204, 16.496, 16.853, 17.299, 18.462, 19.993, 20.479, 20.286, 20.069, 19.966, 19.564, 19.374, 19.606, 19.944, 20.363, 20.691, 20.715, 21.228, 21.89, 21.726, 21.428, 21.819, 21.28, 20.796, 21.894, 22.401, 22.32, 22.344, 22.478, 22.11, 21.813, 22.106, 22.495, 22.47, 22.577], [29.013, 29.617, 29.663, 30.034, 30.542, 30.787, 30.832, 31.315, 32.589, 33.233, 33.46, 33.779, 33.91, 33.564, 32.873, 32.644, 32.571, 32.425, 32.325, 32.198, 31.365, 29.596, 28.225, 28.023, 27.906, 26.91, 25.029, 23.905, 23.13, 22.672, 21.947, 20.872, 20.002, 17.867, 14.39, 12.855, 12.768, 12.205, 11.275, 8.685, 4.61, 0.0, 5.826, 7.941, 9.263, 10.219, 10.782, 12.12, 13.711, 14.625, 14.837, 14.944, 15.252, 15.642, 16.206, 17.48, 19.07, 19.586, 19.407, 19.17, 19.072, 18.646, 18.512, 18.894, 19.336, 19.779, 20.058, 20.069, 20.72, 21.524, 21.365, 21.051, 21.439, 20.815, 20.38, 21.743, 22.353, 22.26, 22.336, 22.485, 22.1, 21.781, 22.076, 22.475, 22.441, 22.542], [29.469, 30.046, 30.086, 30.401, 30.856, 31.092, 31.146, 31.643, 32.86, 33.428, 33.611, 33.903, 34.042, 33.702, 33.007, 32.767, 32.692, 32.577, 32.481, 32.353, 31.536, 29.886, 28.631, 28.401, 28.193, 27.135, 25.3, 24.213, 23.559, 23.24, 22.508, 21.383, 20.531, 18.692, 15.68, 14.042, 13.826, 13.282, 12.493, 10.639, 8.809, 5.826, 0.0, 4.342, 7.248, 8.754, 10.026, 11.739, 13.405, 14.291, 14.373, 14.467, 14.818, 15.287, 16.118, 17.553, 19.199, 19.952, 19.932, 19.694, 19.58, 19.175, 19.182, 19.678, 20.165, 20.628, 20.927, 20.982, 21.576, 22.295, 22.163, 21.925, 22.315, 21.55, 20.721, 21.879, 22.527, 22.467, 22.53, 22.64, 22.236, 21.919, 22.17, 22.498, 22.457, 22.547], [29.07, 29.65, 29.683, 29.985, 30.44, 30.691, 30.778, 31.337, 32.588, 33.135, 33.304, 33.602, 33.753, 33.406, 32.7, 32.467, 32.394, 32.28, 32.19, 32.068, 31.237, 29.566, 28.318, 28.075, 27.82, 26.712, 24.845, 23.752, 23.131, 22.868, 22.204, 21.105, 20.269, 18.486, 15.753, 14.52, 14.415, 13.893, 13.203, 11.677, 10.098, 7.941, 4.342, 0.0, 3.983, 6.377, 8.206, 10.231, 12.049, 13.037, 13.12, 13.193, 13.572, 14.12, 15.097, 16.632, 18.443, 19.32, 19.327, 19.07, 18.924, 18.511, 18.452, 18.834, 19.292, 19.777, 20.133, 20.169, 20.644, 21.318, 21.168, 20.952, 21.403, 20.58, 19.688, 20.817, 21.464, 21.546, 21.712, 21.83, 21.427, 21.094, 21.348, 21.69, 21.639, 21.726], [29.107, 29.695, 29.726, 30.036, 30.505, 30.769, 30.861, 31.422, 32.71, 33.289, 33.472, 33.785, 33.938, 33.591, 32.896, 32.679, 32.607, 32.481, 32.392, 32.281, 31.46, 29.79, 28.574, 28.356, 28.132, 27.049, 25.156, 24.064, 23.462, 23.192, 22.584, 21.619, 20.885, 19.138, 16.591, 15.693, 15.678, 15.161, 14.45, 12.945, 11.122, 9.263, 7.248, 3.983, 0.0, 3.168, 5.714, 8.28, 10.353, 11.397, 11.511, 11.507, 11.821, 12.382, 13.418, 14.996, 16.934, 17.93, 17.949, 17.668, 17.526, 17.114, 16.998, 17.311, 17.767, 18.269, 18.679, 18.711, 19.16, 19.896, 19.741, 19.589, 20.177, 19.427, 18.828, 20.261, 20.945, 21.132, 21.491, 21.718, 21.345, 21.003, 21.299, 21.733, 21.697, 21.79], [29.279, 29.863, 29.894, 30.205, 30.665, 30.916, 30.989, 31.507, 32.793, 33.402, 33.603, 33.925, 34.073, 33.727, 33.05, 32.846, 32.777, 32.654, 32.566, 32.457, 31.655, 30.003, 28.82, 28.625, 28.444, 27.408, 25.536, 24.481, 23.917, 23.629, 23.065, 22.274, 21.644, 19.94, 17.483, 16.676, 16.672, 16.186, 15.487, 13.94, 11.938, 10.219, 8.754, 6.377, 3.168, 0.0, 3.329, 6.569, 8.992, 10.173, 10.397, 10.347, 10.575, 11.09, 12.09, 13.715, 15.717, 16.812, 16.851, 16.55, 16.458, 16.084, 15.996, 16.381, 16.889, 17.406, 17.853, 17.922, 18.449, 19.273, 19.138, 19.058, 19.713, 19.107, 18.878, 20.572, 21.267, 21.442, 21.884, 22.209, 21.89, 21.568, 21.881, 22.34, 22.311, 22.409], [29.017, 29.606, 29.637, 29.952, 30.407, 30.654, 30.719, 31.234, 32.54, 33.168, 33.384, 33.717, 33.864, 33.515, 32.846, 32.657, 32.599, 32.48, 32.396, 32.284, 31.474, 29.791, 28.598, 28.405, 28.24, 27.219, 25.345, 24.305, 23.796, 23.516, 22.987, 22.353, 21.806, 20.132, 17.761, 17.07, 17.092, 16.668, 16.041, 14.541, 12.393, 10.782, 10.026, 8.206, 5.714, 3.329, 0.0, 3.803, 6.857, 8.506, 9.099, 9.21, 9.505, 9.942, 10.839, 12.543, 14.643, 15.765, 15.8, 15.483, 15.418, 15.084, 14.975, 15.369, 15.893, 16.454, 17.007, 17.182, 17.8, 18.676, 18.583, 18.59, 19.264, 18.76, 18.764, 20.561, 21.261, 21.413, 21.844, 22.191, 21.924, 21.658, 21.985, 22.43, 22.389, 22.49], [28.684, 29.285, 29.315, 29.634, 30.096, 30.35, 30.423, 30.974, 32.324, 32.965, 33.189, 33.53, 33.682, 33.336, 32.673, 32.502, 32.451, 32.329, 32.248, 32.123, 31.3, 29.599, 28.421, 28.234, 28.079, 27.075, 25.199, 24.162, 23.716, 23.471, 22.996, 22.515, 22.054, 20.447, 18.237, 17.669, 17.711, 17.342, 16.803, 15.518, 13.551, 12.12, 11.739, 10.231, 8.28, 6.569, 3.803, 0.0, 3.735, 6.111, 7.311, 7.764, 8.181, 8.534, 9.386, 11.126, 13.319, 14.538, 14.625, 14.303, 14.241, 13.956, 13.878, 14.307, 14.838, 15.463, 16.172, 16.502, 17.173, 18.058, 18.037, 18.124, 18.78, 18.316, 18.376, 20.183, 20.898, 21.051, 21.474, 21.807, 21.588, 21.422, 21.791, 22.263, 22.224, 22.315], [28.418, 29.037, 29.063, 29.393, 29.876, 30.144, 30.234, 30.822, 32.211, 32.863, 33.083, 33.427, 33.59, 33.256, 32.601, 32.446, 32.405, 32.275, 32.191, 32.053, 31.237, 29.571, 28.44, 28.273, 28.133, 27.153, 25.298, 24.281, 23.879, 23.648, 23.218, 22.854, 22.458, 20.94, 18.938, 18.495, 18.54, 18.183, 17.696, 16.628, 14.964, 13.711, 13.405, 12.049, 10.353, 8.992, 6.857, 3.735, 0.0, 3.29, 5.392, 6.232, 6.782, 7.071, 7.923, 9.638, 11.832, 13.221, 13.457, 13.166, 13.081, 12.853, 12.931, 13.492, 14.039, 14.703, 15.53, 15.963, 16.672, 17.563, 17.625, 17.798, 18.444, 17.977, 18.034, 19.862, 20.586, 20.738, 21.196, 21.534, 21.335, 21.229, 21.672, 22.229, 22.217, 22.293], [28.595, 29.221, 29.244, 29.59, 30.098, 30.373, 30.459, 31.029, 32.429, 33.103, 33.326, 33.675, 33.848, 33.523, 32.876, 32.745, 32.72, 32.583, 32.491, 32.351, 31.562, 29.958, 28.894, 28.765, 28.672, 27.753, 25.93, 24.914, 24.494, 24.238, 23.817, 23.486, 23.123, 21.638, 19.69, 19.237, 19.273, 18.912, 18.428, 17.42, 15.84, 14.625, 14.291, 13.037, 11.397, 10.173, 8.506, 6.111, 3.29, 0.0, 2.816, 4.29, 5.046, 5.386, 6.49, 8.141, 10.162, 11.699, 12.095, 11.829, 11.751, 11.538, 11.786, 12.605, 13.255, 13.893, 14.717, 15.212, 16.026, 17.015, 17.14, 17.365, 18.065, 17.678, 17.84, 19.787, 20.546, 20.708, 21.248, 21.619, 21.414, 21.3, 21.789, 22.47, 22.501, 22.566], [28.816, 29.446, 29.469, 29.825, 30.351, 30.636, 30.724, 31.289, 32.684, 33.359, 33.581, 33.928, 34.104, 33.781, 33.132, 33.013, 33.006, 32.873, 32.771, 32.632, 31.861, 30.282, 29.229, 29.097, 28.999, 28.086, 26.291, 25.281, 24.847, 24.598, 24.176, 23.809, 23.461, 22.012, 20.054, 19.534, 19.552, 19.169, 18.675, 17.666, 16.098, 14.837, 14.373, 13.12, 11.511, 10.397, 9.099, 7.311, 5.392, 2.816, 0.0, 2.21, 3.385, 3.911, 5.425, 7.193, 9.299, 10.939, 11.402, 11.147, 11.077, 10.848, 11.162, 12.14, 12.915, 13.539, 14.303, 14.802, 15.657, 16.699, 16.827, 17.073, 17.79, 17.413, 17.62, 19.642, 20.431, 20.607, 21.2, 21.586, 21.358, 21.224, 21.716, 22.461, 22.554, 22.628], [28.803, 29.428, 29.452, 29.81, 30.34, 30.631, 30.722, 31.286, 32.676, 33.351, 33.574, 33.919, 34.099, 33.782, 33.134, 33.012, 33.007, 32.885, 32.783, 32.643, 31.885, 30.327, 29.277, 29.132, 29.008, 28.072, 26.295, 25.325, 24.908, 24.671, 24.25, 23.873, 23.523, 22.109, 20.212, 19.717, 19.731, 19.324, 18.82, 17.798, 16.204, 14.944, 14.467, 13.193, 11.507, 10.347, 9.21, 7.764, 6.232, 4.29, 2.21, 0.0, 1.621, 2.466, 4.228, 6.267, 8.744, 10.561, 11.054, 10.808, 10.743, 10.552, 10.909, 11.905, 12.721, 13.365, 14.122, 14.605, 15.445, 16.496, 16.612, 16.879, 17.611, 17.231, 17.514, 19.612, 20.399, 20.584, 21.224, 21.644, 21.404, 21.24, 21.715, 22.453, 22.561, 22.655], [28.959, 29.577, 29.601, 29.961, 30.489, 30.775, 30.859, 31.41, 32.795, 33.477, 33.705, 34.051, 34.232, 33.92, 33.278, 33.15, 33.136, 33.015, 32.918, 32.777, 32.03, 30.503, 29.479, 29.344, 29.228, 28.309, 26.554, 25.606, 25.201, 24.963, 24.557, 24.204, 23.86, 22.461, 20.582, 20.086, 20.098, 19.693, 19.196, 18.153, 16.496, 15.252, 14.818, 13.572, 11.821, 10.575, 9.505, 8.181, 6.782, 5.046, 3.385, 1.621, 0.0, 1.549, 3.635, 5.655, 8.209, 10.131, 10.67, 10.432, 10.413, 10.292, 10.738, 11.812, 12.656, 13.281, 14.016, 14.5, 15.366, 16.455, 16.594, 16.864, 17.608, 17.307, 17.739, 19.912, 20.7, 20.896, 21.576, 22.02, 21.786, 21.608, 22.064, 22.793, 22.901, 22.997], [28.944, 29.553, 29.575, 29.932, 30.459, 30.755, 30.838, 31.377, 32.754, 33.439, 33.669, 34.016, 34.197, 33.886, 33.252, 33.129, 33.118, 33.0, 32.903, 32.769, 32.032, 30.521, 29.516, 29.385, 29.273, 28.376, 26.66, 25.742, 25.352, 25.116, 24.733, 24.436, 24.122, 22.744, 20.898, 20.427, 20.446, 20.054, 19.564, 18.515, 16.853, 15.642, 15.287, 14.12, 12.382, 11.09, 9.942, 8.534, 7.071, 5.386, 3.911, 2.466, 1.549, 0.0, 2.641, 5.018, 7.745, 9.797, 10.384, 10.164, 10.188, 10.122, 10.563, 11.628, 12.464, 13.076, 13.806, 14.311, 15.205, 16.289, 16.441, 16.798, 17.56, 17.32, 17.899, 20.118, 20.888, 21.08, 21.773, 22.227, 22.005, 21.841, 22.303, 23.019, 23.124, 23.225], [28.439, 29.048, 29.069, 29.429, 29.967, 30.284, 30.356, 30.88, 32.259, 32.962, 33.205, 33.556, 33.734, 33.437, 32.819, 32.7, 32.695, 32.582, 32.484, 32.364, 31.663, 30.179, 29.199, 29.074, 28.967, 28.112, 26.494, 25.684, 25.325, 25.06, 24.731, 24.566, 24.307, 22.978, 21.253, 20.896, 20.946, 20.567, 20.086, 19.027, 17.299, 16.206, 16.118, 15.097, 13.418, 12.09, 10.839, 9.386, 7.923, 6.49, 5.425, 4.228, 3.635, 2.641, 0.0, 3.265, 6.797, 9.062, 9.681, 9.479, 9.562, 9.626, 10.086, 11.129, 11.957, 12.621, 13.462, 14.002, 14.988, 16.1, 16.256, 16.67, 17.399, 17.229, 18.094, 20.393, 21.078, 21.215, 21.911, 22.392, 22.197, 22.062, 22.562, 23.277, 23.385, 23.499], [28.567, 29.163, 29.188, 29.551, 30.087, 30.392, 30.419, 30.866, 32.245, 32.985, 33.243, 33.601, 33.782, 33.507, 32.92, 32.806, 32.785, 32.663, 32.562, 32.449, 31.81, 30.465, 29.615, 29.539, 29.489, 28.732, 27.197, 26.437, 26.085, 25.784, 25.495, 25.409, 25.176, 23.897, 22.269, 21.962, 22.031, 21.682, 21.238, 20.223, 18.462, 17.48, 17.553, 16.632, 14.996, 13.715, 12.543, 11.126, 9.638, 8.141, 7.193, 6.267, 5.655, 5.018, 3.265, 0.0, 4.25, 7.027, 7.783, 7.634, 7.831, 8.082, 8.715, 9.913, 10.816, 11.471, 12.421, 13.088, 14.238, 15.566, 15.862, 16.339, 17.116, 17.161, 18.423, 20.894, 21.576, 21.732, 22.47, 22.983, 22.825, 22.718, 23.272, 24.075, 24.225, 24.33], [29.566, 30.114, 30.143, 30.496, 30.989, 31.244, 31.206, 31.501, 32.822, 33.606, 33.88, 34.241, 34.419, 34.155, 33.602, 33.495, 33.468, 33.339, 33.223, 33.11, 32.538, 31.368, 30.689, 30.694, 30.749, 30.128, 28.653, 27.876, 27.517, 27.197, 26.94, 26.91, 26.7, 25.475, 23.878, 23.509, 23.562, 23.242, 22.818, 21.796, 19.993, 19.07, 19.199, 18.443, 16.934, 15.717, 14.643, 13.319, 11.832, 10.162, 9.299, 8.744, 8.209, 7.745, 6.797, 4.25, 0.0, 3.631, 4.886, 4.949, 5.47, 6.004, 7.17, 9.009, 10.12, 10.568, 11.346, 12.196, 13.714, 15.369, 15.845, 16.348, 17.236, 17.624, 19.302, 21.994, 22.734, 22.94, 23.731, 24.273, 24.154, 24.076, 24.7, 25.607, 25.776, 25.872], [29.867, 30.393, 30.429, 30.778, 31.246, 31.472, 31.409, 31.63, 32.918, 33.729, 34.024, 34.393, 34.557, 34.295, 33.764, 33.665, 33.649, 33.521, 33.389, 33.281, 32.75, 31.655, 31.036, 31.082, 31.191, 30.656, 29.243, 28.474, 28.115, 27.789, 27.568, 27.589, 27.399, 26.207, 24.6, 24.191, 24.234, 23.93, 23.505, 22.427, 20.479, 19.586, 19.952, 19.32, 17.93, 16.812, 15.765, 14.538, 13.221, 11.699, 10.939, 10.561, 10.131, 9.797, 9.062, 7.027, 3.631, 0.0, 1.862, 2.579, 3.499, 4.298, 5.916, 8.246, 9.552, 9.88, 10.465, 11.443, 13.344, 15.189, 15.694, 16.095, 16.992, 17.586, 19.607, 22.464, 23.213, 23.45, 24.244, 24.776, 24.676, 24.636, 25.318, 26.26, 26.441, 26.538], [29.715, 30.239, 30.278, 30.628, 31.087, 31.304, 31.226, 31.42, 32.71, 33.538, 33.847, 34.224, 34.381, 34.115, 33.588, 33.491, 33.474, 33.344, 33.208, 33.107, 32.583, 31.495, 30.886, 30.946, 31.078, 30.569, 29.163, 28.385, 28.007, 27.664, 27.455, 27.499, 27.318, 26.11, 24.489, 24.105, 24.156, 23.855, 23.426, 22.325, 20.286, 19.407, 19.932, 19.327, 17.949, 16.851, 15.8, 14.625, 13.457, 12.095, 11.402, 11.054, 10.67, 10.384, 9.681, 7.783, 4.886, 1.862, 0.0, 1.441, 2.672, 3.468, 4.968, 7.344, 8.732, 9.024, 9.548, 10.596, 12.637, 14.581, 15.088, 15.426, 16.344, 17.045, 19.277, 22.236, 22.988, 23.234, 24.026, 24.555, 24.464, 24.438, 25.141, 26.1, 26.286, 26.384], [29.613, 30.144, 30.183, 30.533, 30.992, 31.212, 31.132, 31.329, 32.633, 33.468, 33.778, 34.158, 34.317, 34.045, 33.506, 33.405, 33.388, 33.257, 33.122, 33.025, 32.493, 31.38, 30.758, 30.815, 30.948, 30.426, 28.992, 28.19, 27.801, 27.459, 27.244, 27.272, 27.084, 25.856, 24.233, 23.883, 23.945, 23.638, 23.204, 22.114, 20.069, 19.17, 19.694, 19.07, 17.668, 16.55, 15.483, 14.303, 13.166, 11.829, 11.147, 10.808, 10.432, 10.164, 9.479, 7.634, 4.949, 2.579, 1.441, 0.0, 1.696, 2.708, 4.184, 6.648, 8.096, 8.404, 8.982, 10.068, 12.1