[[0.0, 2.244, 5.321, 7.571, 9.128, 11.459, 15.896, 19.28, 19.95, 19.703, 20.512, 21.145, 20.893, 23.068, 24.182, 23.256, 23.065, 23.392, 23.457, 23.136, 23.171, 23.322, 23.475, 23.9, 23.229, 22.477, 22.061, 21.852, 21.733, 21.766, 22.421, 22.705, 22.853, 23.623, 24.146, 24.203, 24.061, 24.284, 24.522, 24.456, 23.715, 23.25, 23.072, 23.021, 23.002, 23.09, 22.97, 23.235, 23.635, 23.26, 23.016, 22.934, 22.942, 23.007, 22.914, 22.813, 23.19, 23.326, 22.861, 22.439, 21.95, 21.126, 20.708, 20.999, 21.663, 22.329, 22.638, 22.698, 22.873, 22.937, 22.633, 22.163, 21.758, 21.541, 21.455, 21.698, 21.878, 22.009, 22.166, 22.044, 21.928, 22.394, 23.31, 23.932, 24.472, 24.68], [2.244, 0.0, 3.707, 6.633, 8.427, 10.841, 15.333, 18.807, 19.503, 19.224, 20.024, 20.699, 20.408, 22.617, 23.85, 22.932, 22.745, 23.034, 23.048, 22.725, 22.752, 22.897, 23.078, 23.506, 22.84, 22.117, 21.736, 21.539, 21.407, 21.421, 22.049, 22.352, 22.533, 23.318, 23.834, 23.897, 23.757, 23.953, 24.188, 24.117, 23.398, 22.976, 22.834, 22.797, 22.793, 22.882, 22.754, 22.974, 23.3, 22.918, 22.667, 22.58, 22.605, 22.664, 22.565, 22.47, 22.84, 22.978, 22.52, 22.107, 21.627, 20.825, 20.467, 20.844, 21.552, 22.213, 22.514, 22.57, 22.732, 22.775, 22.472, 22.023, 21.636, 21.448, 21.419, 21.7, 21.871, 22.003, 22.151, 22.031, 21.928, 22.451, 23.382, 23.984, 24.521, 24.728], [5.321, 3.707, 0.0, 3.996, 6.288, 8.83, 13.585, 17.245, 17.98, 17.699, 18.497, 19.197, 18.851, 21.062, 22.457, 21.606, 21.511, 21.904, 21.943, 21.644, 21.668, 21.789, 21.972, 22.416, 21.821, 21.225, 20.97, 20.874, 20.792, 20.846, 21.54, 21.97, 22.296, 23.173, 23.724, 23.787, 23.709, 23.919, 24.142, 24.061, 23.409, 23.173, 23.159, 23.163, 23.2, 23.281, 23.14, 23.279, 23.419, 22.991, 22.75, 22.646, 22.67, 22.697, 22.605, 22.54, 22.907, 23.071, 22.656, 22.268, 21.83, 21.049, 20.667, 21.113, 21.891, 22.529, 22.82, 22.863, 22.987, 23.016, 22.717, 22.285, 21.932, 21.824, 21.918, 22.247, 22.387, 22.496, 22.623, 22.503, 22.415, 22.966, 23.899, 24.464, 24.977, 25.186], [7.571, 6.633, 3.996, 0.0, 3.088, 6.945, 12.739, 16.686, 17.404, 17.132, 17.966, 18.671, 18.325, 20.575, 21.907, 21.042, 21.034, 21.544, 21.665, 21.385, 21.438, 21.576, 21.739, 22.192, 21.572, 20.959, 20.736, 20.695, 20.659, 20.77, 21.556, 22.051, 22.419, 23.296, 23.862, 23.924, 23.877, 24.151, 24.382, 24.285, 23.604, 23.407, 23.447, 23.47, 23.514, 23.584, 23.438, 23.579, 23.685, 23.192, 22.951, 22.839, 22.835, 22.843, 22.757, 22.706, 23.1, 23.274, 22.86, 22.464, 22.018, 21.22, 20.786, 21.222, 22.013, 22.654, 22.956, 22.987, 23.098, 23.134, 22.83, 22.386, 22.049, 21.977, 22.111, 22.469, 22.613, 22.715, 22.834, 22.699, 22.61, 23.181, 24.16, 24.69, 25.146, 25.341], [9.128, 8.427, 6.288, 3.088, 0.0, 5.071, 11.671, 15.851, 16.613, 16.379, 17.249, 17.98, 17.651, 19.924, 21.127, 20.244, 20.276, 20.827, 21.03, 20.786, 20.834, 20.956, 21.1, 21.579, 20.991, 20.408, 20.221, 20.233, 20.244, 20.389, 21.221, 21.775, 22.212, 23.117, 23.695, 23.759, 23.733, 24.086, 24.354, 24.261, 23.615, 23.491, 23.59, 23.638, 23.688, 23.749, 23.609, 23.761, 23.831, 23.313, 23.098, 23.005, 23.003, 23.008, 22.93, 22.878, 23.26, 23.434, 23.024, 22.63, 22.196, 21.391, 20.938, 21.41, 22.217, 22.841, 23.137, 23.162, 23.269, 23.305, 22.988, 22.519, 22.178, 22.124, 22.294, 22.677, 22.82, 22.928, 23.043, 22.907, 22.825, 23.426, 24.413, 24.912, 25.336, 25.516], [11.459, 10.841, 8.83, 6.945, 5.071, 0.0, 7.631, 12.409, 13.5, 13.499, 14.541, 15.412, 15.087, 17.214, 18.231, 17.451, 17.542, 18.275, 18.759, 18.637, 18.641, 18.701, 18.846, 19.415, 19.043, 18.737, 18.763, 18.972, 19.118, 19.389, 20.381, 21.205, 21.984, 23.077, 23.71, 23.787, 23.836, 24.234, 24.522, 24.485, 24.106, 24.33, 24.622, 24.737, 24.86, 24.919, 24.796, 24.899, 24.72, 24.194, 24.053, 23.968, 23.97, 23.961, 23.915, 23.897, 24.214, 24.402, 24.052, 23.708, 23.394, 22.68, 22.215, 22.762, 23.564, 24.063, 24.313, 24.356, 24.453, 24.477, 24.182, 23.76, 23.464, 23.489, 23.798, 24.238, 24.331, 24.422, 24.514, 24.407, 24.343, 24.922, 25.802, 26.237, 26.621, 26.774], [15.896, 15.333, 13.585, 12.739, 11.671, 7.631, 0.0, 5.809, 7.926, 8.491, 9.729, 10.876, 10.573, 12.245, 13.426, 13.183, 13.399, 14.432, 15.329, 15.441, 15.333, 15.291, 15.487, 16.065, 16.046, 16.329, 16.806, 17.366, 17.762, 18.238, 19.397, 20.649, 21.927, 23.245, 23.917, 24.015, 24.193, 24.624, 24.922, 24.975, 25.106, 25.921, 26.522, 26.767, 27.069, 27.15, 27.041, 27.093, 26.493, 25.956, 25.946, 25.857, 25.847, 25.806, 25.828, 25.905, 26.148, 26.348, 26.133, 25.87, 25.701, 25.106, 24.598, 25.19, 25.951, 26.268, 26.491, 26.604, 26.704, 26.738, 26.535, 26.289, 26.098, 26.216, 26.674, 27.163, 27.185, 27.224, 27.284, 27.204, 27.141, 27.658, 28.409, 28.779, 29.107, 29.24], [19.28, 18.807, 17.245, 16.686, 15.851, 12.409, 5.809, 0.0, 3.23, 4.791, 6.196, 7.385, 7.591, 8.859, 10.053, 10.649, 11.103, 12.434, 13.59, 13.86, 13.647, 13.577, 13.783, 14.32, 14.669, 15.559, 16.47, 17.353, 18.016, 18.73, 20.129, 21.69, 23.235, 24.701, 25.474, 25.589, 25.835, 26.27, 26.511, 26.558, 26.971, 28.149, 28.9, 29.204, 29.586, 29.688, 29.595, 29.646, 28.876, 28.335, 28.404, 28.312, 28.271, 28.192, 28.24, 28.343, 28.55, 28.779, 28.685, 28.491, 28.38, 27.745, 26.998, 27.448, 28.177, 28.471, 28.707, 28.861, 28.982, 29.041, 28.897, 28.719, 28.586, 28.75, 29.214, 29.663, 29.655, 29.666, 29.699, 29.624, 29.557, 29.954, 30.596, 30.96, 31.267, 31.401], [19.95, 19.503, 17.98, 17.404, 16.613, 13.5, 7.926, 3.23, 0.0, 2.403, 4.434, 5.807, 6.51, 8.244, 9.587, 10.351, 10.825, 12.138, 13.242, 13.513, 13.34, 13.316, 13.495, 14.006, 14.412, 15.41, 16.389, 17.361, 18.166, 18.978, 20.453, 22.06, 23.627, 25.146, 25.976, 26.091, 26.325, 26.76, 26.97, 26.984, 27.407, 28.662, 29.464, 29.793, 30.179, 30.289, 30.212, 30.293, 29.561, 29.016, 29.086, 28.989, 28.931, 28.836, 28.879, 28.978, 29.193, 29.443, 29.377, 29.2, 29.071, 28.338, 27.442, 27.836, 28.598, 28.943, 29.196, 29.356, 29.495, 29.565, 29.413, 29.21, 29.085, 29.253, 29.672, 30.093, 30.097, 30.116, 30.144, 30.058, 29.976, 30.323, 30.972, 31.345, 31.638, 31.768], [19.703, 19.224, 17.699, 17.132, 16.379, 13.499, 8.491, 4.791, 2.403, 0.0, 2.795, 4.708, 5.708, 8.042, 9.824, 10.501, 10.883, 12.064, 13.01, 13.227, 13.088, 13.083, 13.278, 13.754, 14.141, 15.146, 16.099, 17.057, 17.879, 18.672, 20.095, 21.658, 23.187, 24.706, 25.542, 25.65, 25.866, 26.3, 26.507, 26.504, 26.893, 28.142, 28.969, 29.332, 29.721, 29.831, 29.756, 29.856, 29.157, 28.611, 28.676, 28.582, 28.528, 28.432, 28.468, 28.56, 28.779, 29.034, 28.964, 28.797, 28.658, 27.88, 26.969, 27.405, 28.219, 28.603, 28.857, 29.009, 29.152, 29.216, 29.051, 28.837, 28.713, 28.877, 29.268, 29.676, 29.689, 29.719, 29.752, 29.658, 29.563, 29.902, 30.564, 30.944, 31.243, 31.374], [20.512, 20.024, 18.497, 17.966, 17.249, 14.541, 9.729, 6.196, 4.434, 2.795, 0.0, 2.615, 4.406, 6.979, 9.24, 10.138, 10.64, 11.906, 12.809, 13.026, 12.873, 12.848, 13.041, 13.437, 13.94, 15.158, 16.199, 17.191, 18.021, 18.814, 20.22, 21.804, 23.365, 24.878, 25.714, 25.818, 26.069, 26.514, 26.701, 26.682, 27.092, 28.38, 29.235, 29.635, 30.07, 30.196, 30.106, 30.171, 29.412, 28.861, 28.945, 28.849, 28.79, 28.685, 28.722, 28.813, 29.009, 29.266, 29.223, 29.085, 28.973, 28.2, 27.285, 27.737, 28.549, 28.929, 29.174, 29.324, 29.47, 29.536, 29.387, 29.198, 29.094, 29.272, 29.661, 30.037, 30.041, 30.068, 30.099, 30.009, 29.921, 30.231, 30.845, 31.231, 31.546, 31.682], [21.145, 20.699, 19.197, 18.671, 17.98, 15.412, 10.876, 7.385, 5.807, 4.708, 2.615, 0.0, 3.279, 6.177, 8.61, 9.768, 10.422, 11.935, 12.92, 13.133, 12.939, 12.911, 13.032, 13.37, 13.974, 15.328, 16.431, 17.457, 18.312, 19.14, 20.603, 22.224, 23.823, 25.34, 26.182, 26.298, 26.596, 27.069, 27.24, 27.21, 27.625, 28.928, 29.768, 30.162, 30.607, 30.765, 30.684, 30.751, 29.983, 29.432, 29.538, 29.446, 29.387, 29.283, 29.321, 29.403, 29.589, 29.841, 29.801, 29.678, 29.571, 28.793, 27.849, 28.236, 29.005, 29.397, 29.641, 29.788, 29.941, 30.02, 29.882, 29.688, 29.591, 29.772, 30.126, 30.454, 30.46, 30.49, 30.52, 30.432, 30.345, 30.595, 31.153, 31.551, 31.876, 32.023], [20.893, 20.408, 18.851, 18.325, 17.651, 15.087, 10.573, 7.591, 6.51, 5.708, 4.406, 3.279, 0.0, 4.372, 7.956, 9.098, 9.702, 11.185, 12.133, 12.334, 12.151, 12.172, 12.317, 12.652, 13.211, 14.562, 15.69, 16.724, 17.566, 18.396, 19.822, 21.438, 23.095, 24.667, 25.523, 25.654, 26.027, 26.559, 26.773, 26.775, 27.202, 28.467, 29.283, 29.664, 30.101, 30.259, 30.214, 30.299, 29.487, 28.922, 29.036, 28.947, 28.897, 28.797, 28.828, 28.915, 29.114, 29.36, 29.297, 29.174, 29.076, 28.332, 27.472, 27.911, 28.686, 29.065, 29.301, 29.434, 29.562, 29.63, 29.481, 29.287, 29.197, 29.389, 29.769, 30.119, 30.133, 30.176, 30.216, 30.13, 30.045, 30.328, 30.902, 31.294, 31.61, 31.756], [23.068, 22.617, 21.062, 20.575, 19.924, 17.214, 12.245, 8.859, 8.244, 8.042, 6.979, 6.177, 4.372, 0.0, 5.83, 8.217, 9.179, 11.079, 12.288, 12.618, 12.338, 12.223, 12.358, 12.6, 13.419, 15.149, 16.488, 17.62, 18.525, 19.441, 20.852, 22.554, 24.316, 25.882, 26.733, 26.874, 27.35, 27.888, 28.081, 28.118, 28.718, 30.126, 31.002, 31.39, 31.867, 31.998, 31.957, 32.017, 31.053, 30.467, 30.585, 30.453, 30.379, 30.25, 30.297, 30.413, 30.587, 30.859, 30.874, 30.778, 30.718, 30.001, 29.085, 29.49, 30.214, 30.506, 30.743, 30.905, 31.026, 31.101, 31.002, 30.894, 30.865, 31.108, 31.569, 31.937, 31.923, 31.944, 31.961, 31.9, 31.843, 32.104, 32.597, 32.998, 33.308, 33.449], [24.182, 23.85, 22.457, 21.907, 21.127, 18.231, 13.426, 10.053, 9.587, 9.824, 9.24, 8.61, 7.956, 5.83, 0.0, 4.506, 6.379, 9.034, 11.041, 11.54, 11.138, 10.919, 10.959, 11.318, 12.32, 14.35, 15.945, 17.293, 18.416, 19.601, 21.451, 23.474, 25.344, 26.936, 27.851, 28.002, 28.487, 29.106, 29.305, 29.343, 30.014, 31.557, 32.47, 32.859, 33.324, 33.449, 33.407, 33.552, 32.687, 32.078, 32.165, 32.034, 31.945, 31.82, 31.897, 32.0, 32.159, 32.444, 32.477, 32.361, 32.295, 31.498, 30.4, 30.696, 31.388, 31.684, 31.933, 32.101, 32.245, 32.351, 32.273, 32.158, 32.114, 32.342, 32.772, 33.119, 33.096, 33.107, 33.117, 33.069, 33.021, 33.273, 33.779, 34.214, 34.525, 34.654], [23.256, 22.932, 21.606, 21.042, 20.244, 17.451, 13.183, 10.649, 10.351, 10.501, 10.138, 9.768, 9.098, 8.217, 4.506, 0.0, 2.987, 6.463, 8.889, 9.509, 9.147, 8.953, 8.985, 9.44, 10.17, 11.972, 13.521, 14.893, 16.051, 17.311, 19.398, 21.562, 23.494, 25.186, 26.186, 26.337, 26.835, 27.54, 27.79, 27.839, 28.488, 30.048, 30.982, 31.377, 31.835, 31.968, 31.919, 32.121, 31.412, 30.849, 30.902, 30.783, 30.702, 30.598, 30.674, 30.771, 30.954, 31.243, 31.249, 31.12, 31.032, 30.186, 29.066, 29.4, 30.146, 30.47, 30.714, 30.864, 30.986, 31.084, 30.979, 30.812, 30.731, 30.944, 31.364, 31.718, 31.698, 31.705, 31.72, 31.669, 31.618, 31.943, 32.565, 32.994, 33.295, 33.414], [23.065, 22.745, 21.511, 21.034, 20.276, 17.542, 13.399, 11.103, 10.825, 10.883, 10.64, 10.422, 9.702, 9.179, 6.379, 2.987, 0.0, 4.225, 7.128, 7.931, 7.658, 7.48, 7.511, 7.98, 8.694, 10.558, 12.172, 13.643, 14.9, 16.198, 18.309, 20.512, 22.473, 24.226, 25.264, 25.422, 25.923, 26.643, 26.897, 26.955, 27.654, 29.268, 30.22, 30.621, 31.064, 31.199, 31.18, 31.454, 30.795, 30.26, 30.352, 30.271, 30.202, 30.117, 30.193, 30.295, 30.486, 30.767, 30.746, 30.61, 30.525, 29.689, 28.629, 29.015, 29.782, 30.105, 30.334, 30.472, 30.581, 30.668, 30.546, 30.352, 30.251, 30.454, 30.847, 31.173, 31.146, 31.156, 31.18, 31.129, 31.068, 31.384, 32.033, 32.444, 32.721, 32.833], [23.392, 23.034, 21.904, 21.544, 20.827, 18.275, 14.432, 12.434, 12.138, 12.064, 11.906, 11.935, 11.185, 11.079, 9.034, 6.463, 4.225, 0.0, 3.607, 4.857, 4.864, 4.923, 5.087, 5.554, 6.307, 8.557, 10.45, 12.209, 13.698, 15.056, 17.207, 19.466, 21.457, 23.25, 24.29, 24.459, 24.971, 25.725, 26.007, 26.087, 26.855, 28.523, 29.494, 29.897, 30.316, 30.435, 30.453, 30.786, 30.176, 29.659, 29.775, 29.775, 29.744, 29.678, 29.75, 29.846, 30.017, 30.28, 30.242, 30.108, 30.041, 29.23, 28.268, 28.735, 29.502, 29.811, 30.013, 30.126, 30.213, 30.284, 30.157, 29.951, 29.835, 30.029, 30.418, 30.734, 30.694, 30.715, 30.76, 30.726, 30.676, 31.022, 31.728, 32.125, 32.373, 32.475], [23.457, 23.048, 21.943, 21.665, 21.03, 18.759, 15.329, 13.59, 13.242, 13.01, 12.809, 12.92, 12.133, 12.288, 11.041, 8.889, 7.128, 3.607, 0.0, 1.816, 2.675, 3.471, 3.958, 4.277, 4.911, 7.398, 9.407, 11.227, 12.74, 14.047, 16.139, 18.375, 20.349, 22.145, 23.192, 23.369, 23.892, 24.676, 24.991, 25.093, 25.898, 27.596, 28.579, 28.983, 29.396, 29.511, 29.536, 29.865, 29.263, 28.769, 28.881, 28.936, 28.965, 28.917, 28.978, 29.054, 29.19, 29.445, 29.414, 29.294, 29.236, 28.436, 27.545, 28.088, 28.884, 29.191, 29.374, 29.477, 29.552, 29.602, 29.462, 29.249, 29.136, 29.346, 29.762, 30.086, 30.045, 30.072, 30.124, 30.1, 30.066, 30.447, 31.185, 31.59, 31.858, 31.967], [23.136, 22.725, 21.644, 21.385, 20.786, 18.637, 15.441, 13.86, 13.513, 13.227, 13.026, 13.133, 12.334, 12.618, 11.54, 9.509, 7.931, 4.857, 1.816, 0.0, 1.797, 3.273, 3.938, 4.286, 4.675, 7.051, 9.021, 10.788, 12.27, 13.595, 15.732, 17.965, 19.9, 21.671, 22.73, 22.911, 23.419, 24.208, 24.531, 24.635, 25.427, 27.109, 28.076, 28.475, 28.879, 28.993, 29.021, 29.356, 28.765, 28.263, 28.368, 28.434, 28.481, 28.447, 28.51, 28.575, 28.707, 28.956, 28.914, 28.79, 28.726, 27.927, 27.065, 27.627, 28.427, 28.743, 28.918, 29.019, 29.1, 29.146, 28.997, 28.775, 28.661, 28.873, 29.284, 29.6, 29.562, 29.594, 29.647, 29.624, 29.593, 29.974, 30.71, 31.122, 31.406, 31.518], [23.171, 22.752, 21.668, 21.438, 20.834, 18.641, 15.333, 13.647, 13.34, 13.088, 12.873, 12.939, 12.151, 12.338, 11.138, 9.147, 7.658, 4.864, 2.675, 1.797, 0.0, 1.969, 2.945, 3.501, 4.148, 6.875, 8.985, 10.788, 12.245, 13.57, 15.775, 18.083, 20.083, 21.888, 22.957, 23.14, 23.647, 24.442, 24.77, 24.875, 25.675, 27.357, 28.316, 28.713, 29.111, 29.221, 29.244, 29.584, 28.983, 28.459, 28.561, 28.622, 28.664, 28.63, 28.712, 28.794, 28.942, 29.192, 29.139, 28.993, 28.917, 28.109, 27.214, 27.75, 28.543, 28.87, 29.055, 29.165, 29.256, 29.307, 29.162, 28.938, 28.821, 29.029, 29.431, 29.74, 29.703, 29.735, 29.785, 29.764, 29.734, 30.113, 30.828, 31.253, 31.551, 31.661], [23.322, 22.897, 21.789, 21.576, 20.956, 18.701, 15.291, 13.577, 13.316, 13.083, 12.848, 12.911, 12.172, 12.223, 10.919, 8.953, 7.48, 4.923, 3.471, 3.273, 1.969, 0.0, 1.5, 2.455, 3.803, 7.058, 9.279, 11.132, 12.581, 13.803, 15.924, 18.267, 20.325, 22.161, 23.228, 23.401, 23.914, 24.722, 25.058, 25.169, 25.975, 27.67, 28.648, 29.06, 29.461, 29.571, 29.589, 29.936, 29.344, 28.819, 28.927, 28.982, 29.021, 28.984, 29.08, 29.182, 29.341, 29.588, 29.516, 29.35, 29.258, 28.417, 27.46, 27.977, 28.791, 29.136, 29.341, 29.466, 29.561, 29.615, 29.465, 29.233, 29.113, 29.316, 29.71, 30.013, 29.974, 30.003, 30.052, 30.026, 29.99, 30.369, 31.082, 31.521, 31.827, 31.936], [23.475, 23.078, 21.972, 21.739, 21.1, 18.846, 15.487, 13.783, 13.495, 13.278, 13.041, 13.032, 12.317, 12.358, 10.959, 8.985, 7.511, 5.087, 3.958, 3.938, 2.945, 1.5, 0.0, 1.679, 3.773, 7.268, 9.503, 11.375, 12.848, 14.052, 16.185, 18.54, 20.618, 22.467, 23.542, 23.709, 24.237, 25.07, 25.396, 25.496, 26.283, 27.972, 28.951, 29.367, 29.758, 29.874, 29.896, 30.256, 29.675, 29.156, 29.274, 29.328, 29.364, 29.326, 29.424, 29.527, 29.696, 29.946, 29.855, 29.681, 29.588, 28.726, 27.733, 28.216, 29.033, 29.408, 29.625, 29.746, 29.833, 29.893, 29.73, 29.469, 29.339, 29.537, 29.909, 30.194, 30.157, 30.187, 30.24, 30.208, 30.162, 30.524, 31.241, 31.686, 31.983, 32.091], [23.9, 23.506, 22.416, 22.192, 21.579, 19.415, 16.065, 14.32, 14.006, 13.754, 13.437, 13.37, 12.652, 12.6, 11.318, 9.44, 7.98, 5.554, 4.277, 4.286, 3.501, 2.455, 1.679, 0.0, 3.118, 7.007, 9.309, 11.197, 12.704, 13.898, 15.95, 18.336, 20.474, 22.317, 23.375, 23.545, 24.113, 24.958, 25.273, 25.372, 26.204, 27.949, 28.965, 29.403, 29.819, 29.942, 29.96, 30.314, 29.691, 29.174, 29.307, 29.361, 29.396, 29.355, 29.459, 29.565, 29.724, 29.979, 29.906, 29.75, 29.661, 28.807, 27.833, 28.339, 29.156, 29.503, 29.708, 29.83, 29.913, 29.973, 29.82, 29.58, 29.471, 29.687, 30.077, 30.368, 30.325, 30.35, 30.403, 30.373, 30.329, 30.69, 31.402, 31.847, 32.136, 32.241], [23.229, 22.84, 21.821, 21.572, 20.991, 19.043, 16.046, 14.669, 14.412, 14.141, 13.94, 13.974, 13.211, 13.419, 12.32, 10.17, 8.694, 6.307, 4.911, 4.675, 4.148, 3.803, 3.773, 3.118, 0.0, 4.144, 6.678, 8.746, 10.424, 11.803, 13.999, 16.507, 18.753, 20.676, 21.784, 21.982, 22.567, 23.437, 23.794, 23.916, 24.75, 26.535, 27.566, 28.011, 28.471, 28.621, 28.613, 28.989, 28.411, 27.861, 27.964, 28.021, 28.06, 28.025, 28.14, 28.259, 28.439, 28.697, 28.635, 28.467, 28.334, 27.474, 26.547, 27.08, 27.872, 28.181, 28.378, 28.496, 28.576, 28.638, 28.497, 28.299, 28.207, 28.418, 28.828, 29.156, 29.117, 29.147, 29.195, 29.162, 29.113, 29.544, 30.353, 30.807, 31.09, 31.186], [22.477, 22.117, 21.225, 20.959, 20.408, 18.737, 16.329, 15.559, 15.41, 15.146, 15.158, 15.328, 14.562, 15.149, 14.35, 11.972, 10.558, 8.557, 7.398, 7.051, 6.875, 7.058, 7.268, 7.007, 4.144, 0.0, 2.904, 5.369, 7.374, 9.127, 11.625, 14.215, 16.522, 18.558, 19.753, 19.992, 20.585, 21.503, 21.932, 22.096, 22.887, 24.675, 25.703, 26.14, 26.637, 26.826, 26.793, 27.224, 26.771, 26.201, 26.264, 26.324, 26.375, 26.355, 26.475, 26.607, 26.831, 27.093, 27.04, 26.872, 26.682, 25.833, 25.004, 25.572, 26.317, 26.563, 26.735, 26.834, 26.905, 26.967, 26.836, 26.671, 26.581, 26.772, 27.192, 27.568, 27.542, 27.574, 27.613, 27.571, 27.514, 28.029, 28.959, 29.408, 29.677, 29.758], [22.061, 21.736, 20.97, 20.736, 20.221, 18.763, 16.806, 16.47, 16.389, 16.099, 16.199, 16.431, 15.69, 16.488, 15.945, 13.521, 12.172, 10.45, 9.407, 9.021, 8.985, 9.279, 9.503, 9.309, 6.678, 2.904, 0.0, 2.787, 5.202, 7.276, 9.948, 12.561, 14.883, 16.993, 18.266, 18.525, 19.117, 20.111, 20.598, 20.779, 21.517, 23.278, 24.305, 24.752, 25.274, 25.492, 25.446, 25.926, 25.587, 25.041, 25.097, 25.161, 25.221, 25.221, 25.34, 25.462, 25.704, 25.966, 25.907, 25.75, 25.541, 24.718, 23.989, 24.619, 25.372, 25.573, 25.706, 25.799, 25.869, 25.923, 25.776, 25.604, 25.515, 25.694, 26.117, 26.534, 26.521, 26.552, 26.584, 26.531, 26.468, 27.037, 28.035, 28.471, 28.729, 28.798], [21.852, 21.539, 20.874, 20.695, 20.233, 18.972, 17.366, 17.353, 17.361, 17.057, 17.191, 17.457, 16.724, 17.62, 17.293, 14.893, 13.643, 12.209, 11.227, 10.788, 10.788, 11.132, 11.375, 11.197, 8.746, 5.369, 2.787, 0.0, 2.891, 5.482, 8.41, 11.083, 13.419, 15.565, 16.905, 17.186, 17.789, 18.853, 19.395, 19.59, 20.286, 22.036, 23.075, 23.534, 24.08, 24.318, 24.252, 24.752, 24.476, 23.945, 23.997, 24.068, 24.142, 24.156, 24.274, 24.377, 24.62, 24.887, 24.833, 24.684, 24.479, 23.742, 23.164, 23.877, 24.656, 24.797, 24.885, 24.985, 25.064, 25.105, 24.937, 24.765, 24.693, 24.88, 25.329, 25.793, 25.795, 25.832, 25.854, 25.789, 25.727, 26.342, 27.381, 27.811, 28.067, 28.128], [21.733, 21.407, 20.792, 20.659, 20.244, 19.118, 17.762, 18.016, 18.166, 17.879, 18.021, 18.312, 17.566, 18.525, 18.416, 16.051, 14.9, 13.698, 12.74, 12.27, 12.245, 12.581, 12.848, 12.704, 10.424, 7.374, 5.202, 2.891, 0.0, 3.27, 6.96, 9.798, 12.216, 14.406, 15.774, 16.069, 16.701, 17.824, 18.425, 18.635, 19.285, 20.999, 22.033, 22.489, 23.045, 23.296, 23.208, 23.696, 23.438, 22.941, 22.999, 23.08, 23.177, 23.199, 23.313, 23.413, 23.663, 23.921, 23.854, 23.702, 23.496, 22.837, 22.42, 23.216, 24.001, 24.108, 24.174, 24.283, 24.367, 24.403, 24.235, 24.075, 24.007, 24.204, 24.686, 25.186, 25.198, 25.237, 25.248, 25.166, 25.106, 25.761, 26.833, 27.276, 27.549, 27.606], [21.766, 21.421, 20.846, 20.77, 20.389, 19.389, 18.238, 18.73, 18.978, 18.672, 18.814, 19.14, 18.396, 19.441, 19.601, 17.311, 16.198, 15.056, 14.047, 13.595, 13.57, 13.803, 14.052, 13.898, 11.803, 9.127, 7.276, 5.482, 3.27, 0.0, 4.564, 7.893, 10.685, 13.087, 14.487, 14.79, 15.468, 16.698, 17.374, 17.596, 18.241, 19.963, 21.026, 21.505, 22.058, 22.308, 22.229, 22.776, 22.619, 22.2, 22.268, 22.366, 22.493, 22.528, 22.644, 22.746, 23.002, 23.244, 23.136, 22.976, 22.73, 22.03, 21.696, 22.631, 23.484, 23.6, 23.662, 23.786, 23.876, 23.9, 23.721, 23.555, 23.481, 23.676, 24.157, 24.662, 24.677, 24.717, 24.727, 24.624, 24.555, 25.231, 26.336, 26.795, 27.094, 27.154], [22.421, 22.049, 21.54, 21.556, 21.221, 20.381, 19.397, 20.129, 20.453, 20.095, 20.22, 20.603, 19.822, 20.852, 21.451, 19.398, 18.309, 17.207, 16.139, 15.732, 15.775, 15.924, 16.185, 15.95, 13.999, 11.625, 9.948, 8.41, 6.96, 4.564, 0.0, 4.177, 7.945, 10.742, 12.216, 12.572, 13.418, 14.783, 15.564, 15.846, 16.604, 18.463, 19.656, 20.217, 20.813, 21.052, 21.003, 21.663, 21.608, 21.259, 21.339, 21.453, 21.623, 21.676, 21.811, 21.914, 22.128, 22.366, 22.272, 22.146, 21.893, 21.234, 21.067, 22.24, 23.229, 23.289, 23.295, 23.44, 23.535, 23.523, 23.326, 23.202, 23.171, 23.39, 23.899, 24.42, 24.432, 24.476, 24.477, 24.356, 24.278, 24.994, 26.122, 26.568, 26.882, 26.948], [22.705, 22.352, 21.97, 22.051, 21.775, 21.205, 20.649, 21.69, 22.06, 21.658, 21.804, 22.224, 21.438, 22.554, 23.474, 21.562, 20.512, 19.466, 18.375, 17.965, 18.083, 18.267, 18.54, 18.336, 16.507, 14.215, 12.561, 11.083, 9.798, 7.893, 4.177, 0.0, 4.579, 7.877, 9.548, 9.964, 11.027, 12.628, 13.531, 13.869, 14.603, 16.451, 17.685, 18.261, 18.863, 19.121, 19.132, 19.888, 19.991, 19.737, 19.823, 19.972, 20.198, 20.292, 20.433, 20.525, 20.703, 20.925, 20.851, 20.798, 20.595, 20.095, 20.213, 21.533, 22.576, 22.621, 22.564, 22.702, 22.793, 22.75, 22.522, 22.399, 22.388, 22.604, 23.087, 23.592, 23.61, 23.669, 23.666, 23.506, 23.402, 24.147, 25.29, 25.701, 26.02, 26.092], [22.853, 22.533, 22.296, 22.419, 22.212, 21.984, 21.927, 23.235, 23.627, 23.187, 23.365, 23.823, 23.095, 24.316, 25.344, 23.494, 22.473, 21.457, 20.349, 19.9, 20.083, 20.325, 20.618, 20.474, 18.753, 16.522, 14.883, 13.419, 12.216, 10.685, 7.945, 4.579, 0.0, 3.924, 6.141, 6.602, 7.758, 9.72, 10.819, 11.257, 11.969, 13.842, 15.142, 15.77, 16.427, 16.771, 16.84, 17.74, 18.074, 17.942, 18.077, 18.293, 18.601, 18.781, 18.946, 19.051, 19.214, 19.401, 19.31, 19.298, 19.139, 18.817, 19.28, 20.759, 21.81, 21.807, 21.681, 21.809, 21.903, 21.832, 21.571, 21.443, 21.44, 21.636, 22.066, 22.571, 22.605, 22.678, 22.694, 22.505, 22.371, 23.126, 24.271, 24.645, 24.985, 25.063], [23.623, 23.318, 23.173, 23.296, 23.117, 23.077, 23.245, 24.701, 25.146, 24.706, 24.878, 25.34, 24.667, 25.882, 26.936, 25.186, 24.226, 23.25, 22.145, 21.671, 21.888, 22.161, 22.467, 22.317, 20.676, 18.558, 16.993, 15.565, 14.406, 13.087, 10.742, 7.877, 3.924, 0.0, 2.707, 3.367, 4.874, 7.286, 8.634, 9.228, 10.034, 11.993, 13.394, 14.105, 14.873, 15.3, 15.385, 16.356, 16.832, 16.841, 17.059, 17.343, 17.732, 17.999, 18.201, 18.335, 18.466, 18.61, 18.546, 18.598, 18.486, 18.365, 19.138, 20.72, 21.697, 21.537, 21.329, 21.466, 21.555, 21.452, 21.18, 21.095, 21.131, 21.34, 21.779, 22.312, 22.353, 22.425, 22.45, 22.263, 22.12, 22.868, 23.957, 24.287, 24.629, 24.701], [24.146, 23.834, 23.724, 23.862, 23.695, 23.71, 23.917, 25.474, 25.976, 25.542, 25.714, 26.182, 25.523, 26.733, 27.851, 26.186, 25.264, 24.29, 23.192, 22.73, 22.957, 23.228, 23.542, 23.375, 21.784, 19.753, 18.266, 16.905, 15.774, 14.487, 12.216, 9.548, 6.141, 2.707, 0.0, 1.462, 3.73, 6.323, 7.828, 8.51, 9.361, 11.282, 12.699, 13.43, 14.234, 14.673, 14.782, 15.768, 16.336, 16.474, 16.744, 17.071, 17.508, 17.813, 18.029, 18.18, 18.283, 18.396, 18.36, 18.464, 18.381, 18.359, 19.289, 20.911, 21.82, 21.56, 21.313, 21.454, 21.53, 21.405, 21.128, 21.072, 21.124, 21.339, 21.798, 22.34, 22.378, 22.452, 22.482, 22.297, 22.151, 22.898, 23.955, 24.257, 24.587, 24.654], [24.203, 23.897, 23.787, 23.924, 23.759, 23.787, 24.015, 25.589, 26.091, 25.65, 25.818, 26.298, 25.654, 26.874, 28.002, 26.337, 25.422, 24.459, 23.369, 22.911, 23.14, 23.401, 23.709, 23.545, 21.982, 19.992, 18.525, 17.186, 16.069, 14.79, 12.572, 9.964, 6.602, 3.367, 1.462, 0.0, 2.896, 5.844, 7.439, 8.145, 9.034, 11.019, 12.511, 13.293, 14.112, 14.544, 14.636, 15.609, 16.157, 16.325, 16.617, 16.944, 17.376, 17.679, 17.899, 18.068, 18.178, 18.297, 18.253, 18.364, 18.299, 18.288, 19.254, 20.918, 21.852, 21.594, 21.339, 21.476, 21.553, 21.426, 21.137, 21.067, 21.115, 21.334, 21.801, 22.345, 22.38, 22.458, 22.495, 22.303, 22.151, 22.906, 23.973, 24.281, 24.613, 24.678], [24.061, 23.757, 23.709, 23.877, 23.733, 23.836, 24.193, 25.835, 26.325, 25.866, 26.069, 26.596, 26.027, 27.35, 28.487, 26.835, 25.923, 24.971, 23.892, 23.419, 23.647, 23.914, 24.237, 24.113, 22.567, 20.585, 19.117, 17.789, 16.701, 15.468, 13.418, 11.027, 7.758, 4.874, 3.73, 2.896, 0.0, 3.7, 5.778, 6.678, 7.652, 9.798, 11.438, 12.351, 13.261, 13.726, 13.781, 14.842, 15.559, 15.752, 16.054, 16.382, 16.8, 17.117, 17.355, 17.549, 17.706, 17.836, 17.758, 17.844, 17.788, 17.829, 18.91, 20.65, 21.591, 21.308, 21.039, 21.187, 21.283, 21.148, 20.858, 20.809, 20.845, 21.036, 21.469, 22.026, 22.076, 22.154, 22.205, 22.009, 21.836, 22.579, 23.667, 23.984, 24.324, 24.389], [24.284, 23.953, 23.919, 24.151, 24.086, 24.234, 24.624, 26.27, 26.76, 26.3, 26.514, 27.069, 26.559, 27.888, 29.106, 27.54, 26.643, 25.725, 24.676, 24.208, 24.442, 24.722, 25.07, 24.958, 23.437, 21.503, 20.111, 18.853, 17.824, 16.698, 14.783, 12.628, 9.72, 7.286, 6.323, 5.844, 3.7, 0.0, 2.74, 4.216, 5.743, 8.453, 10.358, 11.457, 12.603, 13.142, 13.188, 14.243, 14.997, 15.248, 15.573, 15.897, 16.319, 16.629, 16.894, 17.142, 17.319, 17.467, 17.436, 17.542, 17.505, 17.64, 18.856, 20.636, 21.49, 21.069, 20.782, 20.97, 21.083, 20.934, 20.674, 20.767, 20.869, 21.067, 21.501, 22.06, 22.102, 22.161, 22.201, 22.02, 21.84, 22.549, 23.616, 23.931, 24.269, 24.336], [24.522, 24.188, 24.142, 24.382, 24.354, 24.522, 24.922, 26.511, 26.97, 26.507, 26.701, 27.24, 26.773, 28.081, 29.305, 27.79, 26.897, 26.007, 24.991, 24.531, 24.77, 25.058, 25.396, 25.273, 23.794, 21.932, 20.598, 19.395, 18.425, 17.374, 15.564, 13.531, 10.819, 8.634, 7.828, 7.439, 5.778, 2.74, 0.0, 2.087, 4.563, 7.998, 10.133, 11.331, 12.587, 13.192, 13.251, 14.244, 14.944, 15.217, 15.585, 15.902, 16.311, 16.602, 16.883, 17.161, 17.339, 17.509, 17.522, 17.656, 17.636, 17.795, 19.052, 20.833, 21.644, 21.178, 20.885, 21.093, 21.224, 21.087, 20.841, 20.988, 21.156, 21.381, 21.808, 22.338, 22.368, 22.421, 22.447, 22.27, 22.097, 22.766, 23.792, 24.103, 24.428, 24.492], [24.456, 24.117, 24.061, 24.285, 24.261, 24.485, 24.975, 26.558, 26.984, 26.504, 26.682, 27.21, 26.775, 28.118, 29.343, 27.839, 26.955, 26.087, 25.093, 24.635, 24.875, 25.169, 25.496, 25.372, 23.916, 22.096, 20.779, 19.59, 18.635, 17.596, 15.846, 13.869, 11.257, 9.228, 8.51, 8.145, 6.678, 4.216, 2.087, 0.0, 3.383, 7.452, 9.781, 11.047, 12.358, 13.023, 13.082, 14.061, 14.769, 15.05, 15.448, 15.764, 16.168, 16.449, 16.725, 16.999, 17.182, 17.362, 17.371, 17.507, 17.475, 17.606, 18.871, 20.69, 21.531, 21.08, 20.788, 20.998, 21.136, 21.007, 20.761, 20.894, 21.083, 21.334, 21.754, 22.273, 22.304, 22.362, 22.39, 22.204, 22.022, 22.675, 23.699, 24.018, 24.345, 24.408], [23.715, 23.398, 23.409, 23.604, 23.615, 24.106, 25.106, 26.971, 27.407, 26.893, 27.092, 27.625, 27.202, 28.718, 30.014, 28.488, 27.654, 26.855, 25.898, 25.427, 25.675, 25.975, 26.283, 26.204, 24.75, 22.887, 21.517, 20.286, 19.285, 18.241, 16.604, 14.603, 11.969, 10.034, 9.361, 9.034, 7.652, 5.743, 4.563, 3.383, 0.0, 4.622, 7.359, 8.897, 10.412, 11.215, 11.21, 12.233, 13.296, 13.658, 14.067, 14.447, 14.915, 15.239, 15.465, 15.69, 15.915, 16.089, 16.058, 16.189, 16.099, 16.26, 17.695, 19.564, 20.433, 20.031, 19.745, 19.944, 20.078, 19.942, 19.661, 19.768, 19.953, 20.186, 20.591, 21.141, 21.208, 21.283, 21.323, 21.109, 20.903, 21.581, 22.633, 22.956, 23.299, 23.368], [23.25, 22.976, 23.173, 23.407, 23.491, 24.33, 25.921, 28.149, 28.662, 28.142, 28.38, 28.928, 28.467, 30.126, 31.557, 30.048, 29.268, 28.523, 27.596, 27.109, 27.357, 27.67, 27.972, 27.949, 26.535, 24.675, 23.278, 22.036, 20.999, 19.963, 18.463, 16.451, 13.842, 11.993, 11.282, 11.019, 9.798, 8.453, 7.998, 7.452, 4.622, 0.0, 3.379, 5.652, 7.691, 8.71, 8.679, 9.676, 11.296, 11.991, 12.455, 12.937, 13.489, 13.916, 14.059, 14.227, 14.493, 14.605, 14.505, 14.646, 14.551, 14.945, 16.772, 18.657, 19.465, 19.085, 18.776, 18.955, 19.086, 18.932, 18.61, 18.689, 18.843, 19.004, 19.349, 19.942, 20.065, 20.161, 20.221, 19.987, 19.776, 20.506, 21.546, 21.818, 22.16, 22.234], [23.072, 22.834, 23.159, 23.447, 23.59, 24.622, 26.522, 28.9, 29.464, 28.969, 29.235, 29.768, 29.283, 31.002, 32.47, 30.982, 30.22, 29.494, 28.579, 28.076, 28.316, 28.648, 28.951, 28.965, 27.566, 25.703, 24.305, 23.075, 22.033, 21.026, 19.656, 17.685, 15.142, 13.394, 12.699, 12.511, 11.438, 10.358, 10.133, 9.781, 7.359, 3.379, 0.0, 2.911, 5.584, 7.062, 7.222, 8.425, 10.56, 11.476, 11.95, 12.495, 13.077, 13.579, 13.688, 13.8, 14.106, 14.183, 14.059, 14.217, 14.155, 14.723, 16.749, 18.552, 19.257, 18.905, 18.582, 18.736, 18.864, 18.7, 18.357, 18.392, 18.497, 18.589, 18.84, 19.395, 19.557, 19.677, 19.748, 19.503, 19.281, 19.989, 20.975, 21.209, 21.559, 21.635], [23.021, 22.797, 23.163, 23.47, 23.638, 24.737, 26.767, 29.204, 29.793, 29.332, 29.635, 30.162, 29.664, 31.39, 32.859, 31.377, 30.621, 29.897, 28.983, 28.475, 28.713, 29.06, 29.367, 29.403, 28.011, 26.14, 24.752, 23.534, 22.489, 21.505, 20.217, 18.261, 15.77, 14.105, 13.43, 13.293, 12.351, 11.457, 11.331, 11.047, 8.897, 5.652, 2.911, 0.0, 3.228, 5.309, 5.901, 7.589, 10.329, 11.344, 11.709, 12.298, 12.903, 13.435, 13.535, 13.603, 13.932, 14.028, 13.95, 14.167, 14.124, 14.756, 16.87, 18.622, 19.253, 18.945, 18.629, 18.757, 18.875, 18.703, 18.358, 18.368, 18.44, 18.507, 18.71, 19.199, 19.364, 19.531, 19.615, 19.364, 19.136, 19.825, 20.756, 20.983, 21.349, 21.425], [23.002, 22.793, 23.2, 23.514, 23.688, 24.86, 27.069, 29.586, 30.179, 29.721, 30.07, 30.607, 30.101, 31.867, 33.324, 31.835, 31.064, 30.316, 29.396, 28.879, 29.111, 29.461, 29.758, 29.819, 28.471, 26.637, 25.274, 24.08, 23.045, 22.058, 20.813, 18.863, 16.427, 14.873, 14.234, 14.112, 13.261, 12.603, 12.587, 12.358, 10.412, 7.691, 5.584, 3.228, 0.0, 2.86, 4.466, 7.092, 10.403, 11.426, 11.686, 12.338, 12.973, 13.535, 13.61, 13.622, 13.957, 14.068, 13.978, 14.213, 14.184, 14.832, 16.987, 18.706, 19.332, 19.135, 18.834, 18.907, 18.995, 18.81, 18.456, 18.385, 18.397, 18.442, 18.587, 18.988, 19.144, 19.363, 19.483, 19.229, 19.003, 19.687, 20.601, 20.83, 21.212, 21.294], [23.09, 22.882, 23.281, 23.584, 23.749, 24.919, 27.15, 29.688, 30.289, 29.831, 30.196, 30.765, 30.259, 31.998, 33.449, 31.968, 31.199, 30.435, 29.511, 28.993, 29.221, 29.571, 29.874, 29.942, 28.621, 26.826, 25.492, 24.318, 23.296, 22.308, 21.052, 19.121, 16.771, 15.3, 14.673, 14.544, 13.726, 13.142, 13.192, 13.023, 11.215, 8.71, 7.062, 5.309, 2.86, 0.0, 2.911, 6.461, 10.131, 11.224, 11.398, 12.092, 12.788, 13.366, 13.416, 13.415, 13.749, 13.901, 13.88, 14.133, 14.126, 14.82, 17.008, 18.718, 19.335, 19.159, 18.852, 18.886, 18.943, 18.745, 18.419, 18.359, 18.365, 18.424, 18.581, 18.943, 19.077, 19.306, 19.442, 19.205, 19.005, 19.716, 20.626, 20.847, 21.218, 21.301], [22.97, 22.754, 23.14, 23.438, 23.609, 24.796, 27.041, 29.595, 30.212, 29.756, 30.106, 30.684, 30.214, 31.957, 33.407, 31.919, 31.18, 30.453, 29.536, 29.021, 29.244, 29.589, 29.896, 29.96, 28.613, 26.793, 25.446, 24.252, 23.208, 22.229, 21.003, 19.132, 16.84, 15.385, 14.782, 14.636, 13.781, 13.188, 13.251, 13.082, 11.21, 8.679, 7.222, 5.901, 4.466, 2.911, 0.0, 4.504, 8.911, 10.163, 10.288, 10.988, 11.75, 12.353, 12.389, 12.39, 12.779, 12.994, 13.053, 13.362, 13.385, 14.184, 16.515, 18.322, 18.971, 18.771, 18.459, 18.482, 18.524, 18.322, 18.004, 17.993, 18.04, 18.146, 18.385, 18.8, 18.931, 19.149, 19.285, 19.068, 18.909, 19.715, 20.656, 20.888, 21.273, 21.36], [23.235, 22.974, 23.279, 23.579, 23.761, 24.899, 27.093, 29.646, 30.293, 29.856, 30.171, 30.751, 30.299, 32.017, 33.552, 32.121, 31.454, 30.786, 29.865, 29.356, 29.584, 29.936, 30.256, 30.314, 28.989, 27.224, 25.926, 24.752, 23.696, 22.776, 21.663, 19.888, 17.74, 16.356, 15.768, 15.609, 14.842, 14.243, 14.244, 14.061, 12.233, 9.676, 8.425, 7.589, 7.092, 6.461, 4.504, 0.0, 5.824, 8.014, 8.278, 9.094, 9.975, 10.579, 10.529, 10.581, 11.009, 11.281, 11.568, 12.158, 12.453, 13.714, 16.391, 18.279, 18.881, 18.621, 18.312, 18.328, 18.347, 18.128, 17.786, 17.809, 17.912, 18.095, 18.514, 19.057, 19.19, 19.385, 19.486, 19.289, 19.204, 20.157, 21.044, 21.242, 21.64, 21.727], [23.635, 23.3, 23.419, 23.685, 23.831, 24.72, 26.493, 28.876, 29.561, 29.157, 29.412, 29.983, 29.487, 31.053, 32.687, 31.412, 30.795, 30.176, 29.263, 28.765, 28.983, 29.344, 29.675, 29.691, 28.411, 26.771, 25.587, 24.476, 23.438, 22.619, 21.608, 19.991, 18.074, 16.832, 16.336, 16.157, 15.559, 14.997, 14.944, 14.769, 13.296, 11.296, 10.56, 10.329, 10.403, 10.131, 8.911, 5.824, 0.0, 4.0, 5.509, 6.644, 7.801, 8.358, 8.366, 8.707, 9.147, 9.512, 10.002, 10.868, 11.753, 13.617, 16.538, 18.571, 19.247, 18.952, 18.647, 18.634, 18.608, 18.388, 18.051, 18.153, 18.352, 18.657, 19.313, 20.03, 20.155, 20.32, 20.394, 20.216, 20.175, 21.268, 22.165, 22.322, 22.691, 22.757], [23.26, 22.918, 22.991, 23.192, 23.313, 24.194, 25.956, 28.335, 29.016, 28.611, 28.861, 29.432, 28.922, 30.467, 32.078, 30.849, 30.26, 29.659, 28.769, 28.263, 28.459, 28.819, 29.156, 29.174, 27.861, 26.201, 25.041, 23.945, 22.941, 22.2, 21.259, 19.737, 17.942, 16.841, 16.474, 16.325, 15.752, 15.248, 15.217, 15.05, 13.658, 11.991, 11.476, 11.344, 11.426, 11.224, 10.163, 8.014, 4.0, 0.0, 2.906, 4.617, 6.075, 6.703, 6.899, 7.468, 8.203, 8.753, 9.193, 10.011, 11.021, 13.023, 15.996, 18.115, 18.908, 18.655, 18.342, 18.304, 18.291, 18.109, 17.818, 17.996, 18.259, 18.603, 19.297, 20.041, 20.176, 20.347, 20.443, 20.297, 20.263, 21.375, 22.323, 22.517, 22.864, 22.91], [23.016, 22.667, 22.75, 22.951, 23.098, 24.053, 25.946, 28.404, 29.086, 28.676, 28.945, 29.538, 29.036, 30.585, 32.165, 30.902, 30.352, 29.775, 28.881, 28.368, 28.561, 28.927, 29.274, 29.307, 27.964, 26.264, 25.097, 23.997, 22.999, 22.268, 21.339, 19.823, 18.077, 17.059, 16.744, 16.617, 16.054, 15.573, 15.585, 15.448, 14.067, 12.455, 11.95, 11.709, 11.686, 11.398, 10.288, 8.278, 5.509, 2.906, 0.0, 2.544, 4.525, 5.288, 5.529, 6.16, 7.135, 7.87, 8.369, 9.262, 10.267, 12.264, 15.329, 17.52, 18.364, 18.146, 17.837, 17.808, 17.809, 17.629, 17.375, 17.603, 17.869, 18.217, 18.934, 19.677, 19.801, 19.988, 20.085, 19.958, 19.959, 21.142, 22.122, 22.348, 22.722, 22.774], [22.934, 22.58, 22.646, 22.839, 23.005, 23.968, 25.857, 28.312, 28.989, 28.582, 28.849, 29.446, 28.947, 30.453, 32.034, 30.783, 30.271, 29.775, 28.936, 28.434, 28.622, 28.982, 29.328, 29.361, 28.021, 26.324, 25.161, 24.068, 23.08, 22.366, 21.453, 19.972, 18.293, 17.343, 17.071, 16.944, 16.382, 15.897, 15.902, 15.764, 14.447, 12.937, 12.495, 12.298, 12.338, 12.092, 10.988, 9.094, 6.644, 4.617, 2.544, 0.0, 2.497, 3.524, 4.012, 5.0, 6.265, 7.128, 7.688, 8.739, 9.87, 11.917, 14.991, 17.201, 18.068, 17.854, 17.566, 17.559, 17.579, 17.423, 17.21, 17.481, 17.765, 18.135, 18.89, 19.664, 19.775, 19.943, 20.019, 19.896, 19.92, 21.149, 22.136, 22.369, 22.764, 22.829], [22.942, 22.605, 22.67, 22.835, 23.003, 23.97, 25.847, 28.271, 28.931, 28.528, 28.79, 29.387, 28.897, 30.379, 31.945, 30.702, 30.202, 29.744, 28.965, 28.481, 28.664, 29.021, 29.364, 29.396, 28.06, 26.375, 25.221, 24.142, 23.177, 22.493, 21.623, 20.198, 18.601, 17.732, 17.508, 17.376, 16.8, 16.319, 16.311, 16.168, 14.915, 13.489, 13.077, 12.903, 12.973, 12.788, 11.75, 9.975, 7.801, 6.075, 4.525, 2.497, 0.0, 1.63, 2.765, 4.253, 5.855, 6.81, 7.437, 8.73, 10.062, 12.142, 15.152, 17.356, 18.23, 18.025, 17.756, 17.767, 17.803, 17.676, 17.494, 17.776, 18.064, 18.43, 19.175, 19.95, 20.052, 20.196, 20.259, 20.136, 20.169, 21.377, 22.35, 22.568, 22.939, 23.003], [23.007, 22.664, 22.697, 22.843, 23.008, 23.961, 25.806, 28.192, 28.836, 28.432, 28.685, 29.283, 28.797, 30.25, 31.82, 30.598, 30.117, 29.678, 28.917, 28.447, 28.63, 28.984, 29.326, 29.355, 28.025, 26.355, 25.221, 24.156, 23.199, 22.528, 21.676, 20.292, 18.781, 17.999, 17.813, 17.679, 17.117, 16.629, 16.602, 16.449, 15.239, 13.916, 13.579, 13.435, 13.535, 13.366, 12.353, 10.579, 8.358, 6.703, 5.288, 3.524, 1.63, 0.0, 1.763, 3.692, 5.552, 6.661, 7.397, 8.797, 10.206, 12.28, 15.259, 17.462, 18.347, 18.161, 17.901, 17.888, 17.902, 17.779, 17.614, 17.912, 18.215, 18.602, 19.375, 20.157, 20.253, 20.387, 20.437, 20.319, 20.376, 21.598, 22.573, 22.794, 23.154, 23.218], [22.914, 22.565, 22.605, 22.757, 22.93, 23.915, 25.828, 28.24, 28.879, 28.468, 28.722, 29.321, 28.828, 30.297, 31.897, 30.674, 30.193, 29.75, 28.978, 28.51, 28.712, 29.08, 29.424, 29.459, 28.14, 26.475, 25.34, 24.274, 23.313, 22.644, 21.811, 20.433, 18.946, 18.201, 18.029, 17.899, 17.355, 16.894, 16.883, 16.725, 15.465, 14.059, 13.688, 13.535, 13.61, 13.416, 12.389, 10.529, 8.366, 6.899, 5.529, 4.012, 2.765, 1.763, 0.0, 2.405, 4.72, 6.024, 6.926, 8.468, 9.932, 12.074, 15.136, 17.344, 18.242, 18.098, 17.83, 17.776, 17.762, 17.618, 17.438, 17.712, 17.997, 18.397, 19.199, 19.993, 20.093, 20.232, 20.278, 20.163, 20.244, 21.492, 22.483, 22.714, 23.083, 23.156], [22.813, 22.47, 22.54, 22.706, 22.878, 23.897, 25.905, 28.343, 28.978, 28.56, 28.813, 29.403, 28.915, 30.413, 32.0, 30.771, 30.295, 29.846, 29.054, 28.575, 28.794, 29.182, 29.527, 29.565, 28.259, 26.607, 25.462, 24.377, 23.413, 22.746, 21.914, 20.525, 19.051, 18.335, 18.18, 18.068, 17.549, 17.142, 17.161, 16.999, 15.69, 14.227, 13.8, 13.603, 13.622, 13.415, 12.39, 10.581, 8.707, 7.468, 6.16, 5.0, 4.253, 3.692, 2.405, 0.0, 2.913, 4.632, 5.877, 7.748, 9.392, 11.677, 14.86, 17.105, 18.07, 18.016, 17.759, 17.684, 17.649, 17.477, 17.259, 17.504, 17.789, 18.2, 19.004, 19.793, 19.905, 20.058, 20.099, 19.97, 20.057, 21.305, 22.319, 22.588, 22.983, 23.067], [23.19, 22.84, 22.907, 23.1, 23.26, 24.214, 26.148, 28.55, 29.193, 28.779, 29.009, 29.589, 29.114, 30.587, 32.159, 30.954, 30.486, 30.017, 29.19, 28.707, 28.942, 29.341, 29.696, 29.724, 28.439, 26.831, 25.704, 24.62, 23.663, 23.002, 22.128, 20.703, 19.214, 18.466, 18.283, 18.178, 17.706, 17.319, 17.339, 17.182, 15.915, 14.493, 14.106, 13.932, 13.957, 13.749, 12.779, 11.009, 9.147, 8.203, 7.135, 6.265, 5.855, 5.552, 4.72, 2.913, 0.0, 2.358, 4.476, 6.899, 8.939, 11.523, 14.868, 17.175, 18.186, 18.162, 17.912, 17.844, 17.788, 17.579, 17.338, 17.592, 17.901, 18.337, 19.179, 19.971, 20.08, 20.237, 20.261, 20.108, 20.187, 21.432, 22.447, 22.748, 23.184, 23.285], [23.326, 22.978, 23.071, 23.274, 23.434, 24.402, 26.348, 28.779, 29.443, 29.034, 29.266, 29.841, 29.36, 30.859, 32.444, 31.243, 30.767, 30.28, 29.445, 28.956, 29.192, 29.588, 29.946, 29.979, 28.697, 27.093, 25.966, 24.887, 23.921, 23.244, 22.366, 20.925, 19.401, 18.61, 18.396, 18.297, 17.836, 17.467, 17.509, 17.362, 16.089, 14.605, 14.183, 14.028, 14.068, 13.901, 12.994, 11.281, 9.512, 8.753, 7.87, 7.128, 6.81, 6.661, 6.024, 4.632, 2.358, 0.0, 2.965, 5.851, 8.212, 11.156, 14.744, 17.063, 18.02, 18.0, 17.759, 17.696, 17.634, 17.414, 17.164, 17.421, 17.725, 18.137, 18.968, 19.756, 19.872, 20.042, 20.059, 19.88, 19.943, 21.196, 22.216, 22.527, 23.003, 23.123], [22.861, 22.52, 22.656, 22.86, 23.024, 24.052, 26.133, 28.685, 29.377, 28.964, 29.223, 29.801, 29.297, 30.874, 32.477, 31.249, 30.746, 30.242, 29.414, 28.914, 29.139, 29.516, 29.855, 29.906, 28.635, 27.04, 25.907, 24.833, 23.854, 23.136, 22.272, 20.851, 19.31, 18.546, 18.36, 18.253, 17.758, 17.436, 17.522, 17.371, 16.058, 14.505, 14.059, 13.95, 13.978, 13.88, 13.053, 11.568, 10.002, 9.193, 8.369, 7.688, 7.437, 7.397, 6.926, 5.877, 4.476, 2.965, 0.0, 3.537, 6.478, 9.882, 13.892, 16.391, 17.401, 17.457, 17.24, 17.164, 17.102, 16.898, 16.626, 16.831, 17.102, 17.476, 18.252, 19.046, 19.182, 19.369, 19.419, 19.227, 19.274, 20.575, 21.665, 21.995, 22.491, 22.616], [22.439, 22.107, 22.268, 22.464, 22.63, 23.708, 25.87, 28.491, 29.2, 28.797, 29.085, 29.678, 29.174, 30.778, 32.361, 31.12, 30.61, 30.108, 29.294, 28.79, 28.993, 29.35, 29.681, 29.75, 28.467, 26.872, 25.75, 24.684, 23.702, 22.976, 22.146, 20.798, 19.298, 18.598, 18.464, 18.364, 17.844, 17.542, 17.656, 17.507, 16.189, 14.646, 14.217, 14.167, 14.213, 14.133, 13.362, 12.158, 10.868, 10.011, 9.262, 8.739, 8.73, 8.797, 8.468, 7.748, 6.899, 5.851, 3.537, 0.0, 3.785, 8.131, 12.642, 15.272, 16.318, 16.389, 16.17, 16.068, 16.006, 15.826, 15.574, 15.