[[0.0, 1.461, 2.585, 6.109, 8.918, 10.434, 11.569, 12.553, 13.871, 15.161, 16.079, 16.725, 18.185, 19.271, 20.03, 21.418, 22.556, 22.964, 23.332, 23.513, 23.64, 24.226, 24.899, 25.104, 25.422, 25.902, 26.362, 26.342, 26.341, 26.463, 26.509, 26.768, 27.185, 27.465, 27.523, 27.603, 27.578, 27.883, 27.928, 27.887, 27.977, 27.779, 27.697, 28.024, 28.172, 28.154, 28.181, 28.299, 28.462, 28.695, 28.731, 28.573, 28.513, 28.519, 28.574, 28.6, 28.632, 28.812, 28.927, 28.905, 28.878, 28.546, 28.402, 28.366, 28.477, 28.457, 27.889, 26.516, 25.731, 25.431, 25.336, 25.332, 25.197, 25.113, 25.007, 25.067, 25.395, 25.651, 25.822, 25.792, 25.819, 26.235, 26.393, 26.26, 26.292, 26.314], [1.461, 0.0, 2.332, 6.158, 9.016, 10.588, 11.75, 12.784, 14.151, 15.479, 16.386, 17.044, 18.518, 19.589, 20.305, 21.628, 22.718, 23.116, 23.497, 23.68, 23.798, 24.369, 25.013, 25.156, 25.415, 25.893, 26.357, 26.33, 26.327, 26.459, 26.51, 26.751, 27.136, 27.398, 27.459, 27.553, 27.52, 27.812, 27.847, 27.801, 27.892, 27.704, 27.614, 27.913, 28.049, 28.031, 28.052, 28.169, 28.347, 28.585, 28.62, 28.462, 28.401, 28.406, 28.461, 28.488, 28.517, 28.705, 28.826, 28.808, 28.781, 28.454, 28.321, 28.294, 28.413, 28.394, 27.838, 26.513, 25.785, 25.498, 25.396, 25.399, 25.276, 25.184, 25.051, 25.089, 25.408, 25.667, 25.841, 25.811, 25.829, 26.235, 26.391, 26.259, 26.292, 26.318], [2.585, 2.332, 0.0, 4.576, 7.848, 9.62, 10.907, 11.976, 13.433, 14.694, 15.533, 16.156, 17.587, 18.614, 19.304, 20.694, 21.878, 22.306, 22.67, 22.84, 22.962, 23.556, 24.274, 24.541, 24.88, 25.354, 25.828, 25.812, 25.805, 25.934, 25.992, 26.277, 26.739, 27.06, 27.136, 27.233, 27.24, 27.56, 27.584, 27.524, 27.637, 27.478, 27.411, 27.775, 27.946, 27.923, 27.951, 28.079, 28.267, 28.525, 28.57, 28.408, 28.348, 28.355, 28.404, 28.431, 28.482, 28.68, 28.803, 28.787, 28.763, 28.425, 28.27, 28.239, 28.362, 28.353, 27.796, 26.441, 25.683, 25.383, 25.282, 25.287, 25.167, 25.088, 24.968, 24.98, 25.259, 25.492, 25.647, 25.622, 25.671, 26.092, 26.241, 26.096, 26.126, 26.147], [6.109, 6.158, 4.576, 0.0, 4.016, 7.003, 8.916, 10.153, 11.948, 12.936, 13.301, 13.939, 15.334, 16.274, 16.837, 18.153, 19.37, 19.79, 20.09, 20.253, 20.387, 21.004, 21.894, 22.526, 23.065, 23.551, 24.083, 24.078, 24.013, 24.182, 24.256, 24.606, 25.318, 25.932, 26.133, 26.243, 26.323, 26.826, 26.907, 26.766, 26.83, 26.716, 26.734, 27.399, 27.706, 27.666, 27.697, 27.814, 28.027, 28.301, 28.353, 28.184, 28.126, 28.13, 28.163, 28.185, 28.27, 28.496, 28.628, 28.61, 28.576, 28.191, 27.977, 27.916, 28.056, 28.079, 27.52, 26.023, 25.061, 24.683, 24.58, 24.561, 24.404, 24.31, 24.154, 24.046, 24.198, 24.349, 24.432, 24.397, 24.511, 24.988, 25.158, 25.016, 25.032, 25.03], [8.918, 9.016, 7.848, 4.016, 0.0, 4.225, 6.738, 8.205, 10.27, 11.113, 11.231, 11.947, 13.477, 14.412, 14.9, 16.156, 17.402, 17.858, 18.158, 18.333, 18.502, 19.199, 20.268, 21.236, 22.017, 22.537, 23.074, 23.077, 23.002, 23.204, 23.29, 23.691, 24.619, 25.465, 25.766, 25.872, 26.003, 26.712, 26.949, 26.815, 26.868, 26.779, 26.862, 27.691, 28.056, 28.007, 28.032, 28.127, 28.314, 28.554, 28.58, 28.4, 28.352, 28.361, 28.385, 28.415, 28.51, 28.735, 28.867, 28.848, 28.804, 28.387, 28.125, 28.03, 28.171, 28.221, 27.617, 25.906, 24.728, 24.323, 24.229, 24.184, 24.02, 23.946, 23.774, 23.623, 23.74, 23.838, 23.866, 23.818, 23.956, 24.444, 24.631, 24.53, 24.55, 24.525], [10.434, 10.588, 9.62, 7.003, 4.225, 0.0, 3.126, 5.125, 7.251, 8.491, 9.037, 9.864, 11.726, 12.795, 13.311, 14.617, 15.9, 16.442, 16.897, 17.094, 17.285, 18.157, 19.339, 20.452, 21.483, 22.079, 22.539, 22.581, 22.605, 22.758, 22.844, 23.295, 24.311, 25.22, 25.503, 25.581, 25.716, 26.446, 26.789, 26.799, 26.95, 26.837, 26.933, 27.711, 28.062, 28.018, 28.044, 28.121, 28.224, 28.389, 28.388, 28.205, 28.164, 28.179, 28.209, 28.261, 28.366, 28.569, 28.689, 28.67, 28.615, 28.176, 27.936, 27.865, 27.989, 28.018, 27.289, 25.41, 24.186, 23.822, 23.725, 23.677, 23.571, 23.591, 23.51, 23.547, 23.835, 23.981, 24.024, 23.981, 24.063, 24.476, 24.653, 24.579, 24.628, 24.608], [11.569, 11.75, 10.907, 8.916, 6.738, 3.126, 0.0, 2.702, 4.973, 6.556, 7.613, 8.505, 10.543, 11.738, 12.409, 13.964, 15.388, 16.021, 16.617, 16.852, 17.011, 17.994, 19.311, 20.543, 21.697, 22.296, 22.673, 22.741, 22.822, 22.919, 23.018, 23.506, 24.545, 25.454, 25.719, 25.778, 25.917, 26.643, 27.01, 27.062, 27.256, 27.137, 27.231, 27.978, 28.315, 28.279, 28.312, 28.374, 28.4, 28.486, 28.456, 28.276, 28.236, 28.253, 28.288, 28.346, 28.443, 28.626, 28.743, 28.724, 28.667, 28.222, 27.998, 27.941, 28.035, 28.04, 27.214, 25.198, 23.909, 23.536, 23.448, 23.421, 23.361, 23.423, 23.368, 23.518, 23.923, 24.112, 24.187, 24.148, 24.182, 24.566, 24.753, 24.709, 24.776, 24.757], [12.553, 12.784, 11.976, 10.153, 8.205, 5.125, 2.702, 0.0, 2.967, 4.955, 6.306, 7.243, 9.345, 10.675, 11.596, 13.466, 15.078, 15.775, 16.386, 16.64, 16.799, 17.801, 19.21, 20.596, 21.823, 22.375, 22.673, 22.745, 22.834, 22.889, 22.991, 23.498, 24.544, 25.446, 25.696, 25.736, 25.889, 26.631, 27.026, 27.076, 27.272, 27.184, 27.272, 28.031, 28.379, 28.343, 28.397, 28.437, 28.398, 28.439, 28.389, 28.203, 28.168, 28.186, 28.217, 28.281, 28.373, 28.526, 28.637, 28.613, 28.555, 28.113, 27.899, 27.838, 27.903, 27.903, 27.053, 24.98, 23.648, 23.257, 23.171, 23.161, 23.092, 23.14, 23.096, 23.302, 23.76, 23.983, 24.106, 24.077, 24.083, 24.475, 24.673, 24.629, 24.693, 24.681], [13.871, 14.151, 13.433, 11.948, 10.27, 7.251, 4.973, 2.967, 0.0, 3.529, 5.878, 6.844, 9.007, 10.424, 11.506, 13.515, 15.16, 15.872, 16.507, 16.752, 16.895, 17.941, 19.37, 20.824, 22.146, 22.703, 22.952, 23.052, 23.179, 23.183, 23.268, 23.793, 24.85, 25.751, 25.971, 25.988, 26.143, 26.851, 27.266, 27.329, 27.522, 27.413, 27.5, 28.254, 28.601, 28.566, 28.625, 28.634, 28.513, 28.5, 28.433, 28.249, 28.225, 28.241, 28.271, 28.346, 28.421, 28.53, 28.628, 28.607, 28.551, 28.114, 27.912, 27.848, 27.89, 27.886, 27.0, 24.849, 23.485, 23.119, 23.04, 23.03, 22.987, 23.076, 23.108, 23.454, 24.024, 24.278, 24.416, 24.403, 24.371, 24.719, 24.917, 24.879, 24.947, 24.934], [15.161, 15.479, 14.694, 12.936, 11.113, 8.491, 6.556, 4.955, 3.529, 0.0, 3.232, 4.521, 6.923, 8.558, 9.751, 12.062, 14.055, 14.88, 15.448, 15.669, 15.847, 17.018, 18.778, 20.627, 22.112, 22.672, 22.989, 23.115, 23.203, 23.212, 23.297, 23.884, 25.138, 26.248, 26.553, 26.565, 26.795, 27.647, 28.091, 28.087, 28.226, 28.139, 28.299, 29.295, 29.726, 29.684, 29.752, 29.749, 29.607, 29.583, 29.5, 29.301, 29.287, 29.305, 29.323, 29.365, 29.414, 29.508, 29.602, 29.588, 29.548, 29.104, 28.852, 28.736, 28.755, 28.772, 27.904, 25.584, 23.913, 23.436, 23.402, 23.384, 23.329, 23.402, 23.333, 23.543, 24.017, 24.201, 24.252, 24.241, 24.27, 24.654, 24.88, 24.893, 24.965, 24.928], [16.079, 16.386, 15.533, 13.301, 11.231, 9.037, 7.613, 6.306, 5.878, 3.232, 0.0, 2.372, 5.122, 6.855, 8.051, 10.436, 12.624, 13.529, 14.051, 14.292, 14.533, 15.759, 17.74, 19.919, 21.523, 22.098, 22.473, 22.608, 22.639, 22.69, 22.792, 23.392, 24.786, 26.073, 26.462, 26.481, 26.773, 27.767, 28.221, 28.153, 28.262, 28.241, 28.472, 29.676, 30.201, 30.154, 30.249, 30.255, 30.133, 30.127, 30.052, 29.849, 29.841, 29.864, 29.876, 29.898, 29.948, 30.052, 30.144, 30.129, 30.088, 29.632, 29.341, 29.187, 29.205, 29.238, 28.407, 26.04, 24.19, 23.628, 23.613, 23.579, 23.493, 23.527, 23.364, 23.418, 23.767, 23.886, 23.871, 23.852, 23.932, 24.34, 24.576, 24.609, 24.677, 24.629], [16.725, 17.044, 16.156, 13.939, 11.947, 9.864, 8.505, 7.243, 6.844, 4.521, 2.372, 0.0, 3.258, 5.297, 6.838, 9.677, 12.18, 13.171, 13.696, 13.954, 14.199, 15.469, 17.631, 20.038, 21.746, 22.295, 22.649, 22.799, 22.819, 22.86, 22.966, 23.599, 25.049, 26.386, 26.8, 26.812, 27.125, 28.162, 28.624, 28.53, 28.612, 28.585, 28.857, 30.153, 30.715, 30.671, 30.78, 30.799, 30.663, 30.632, 30.549, 30.351, 30.354, 30.385, 30.4, 30.422, 30.482, 30.586, 30.673, 30.666, 30.63, 30.168, 29.869, 29.704, 29.718, 29.759, 28.932, 26.507, 24.55, 23.941, 23.95, 23.907, 23.762, 23.751, 23.585, 23.607, 23.896, 23.951, 23.886, 23.857, 23.949, 24.351, 24.589, 24.648, 24.723, 24.664], [18.185, 18.518, 17.587, 15.334, 13.477, 11.726, 10.543, 9.345, 9.007, 6.923, 5.122, 3.258, 0.0, 2.548, 4.958, 8.608, 11.575, 12.655, 13.121, 13.403, 13.653, 14.976, 17.376, 20.1, 21.912, 22.402, 22.696, 22.849, 22.838, 22.856, 22.971, 23.654, 25.205, 26.637, 27.084, 27.079, 27.431, 28.542, 29.031, 28.9, 28.94, 28.914, 29.22, 30.679, 31.332, 31.286, 31.429, 31.456, 31.288, 31.236, 31.151, 30.953, 30.963, 31.0, 31.014, 31.03, 31.103, 31.207, 31.293, 31.292, 31.259, 30.788, 30.47, 30.295, 30.294, 30.336, 29.529, 27.073, 25.013, 24.349, 24.389, 24.36, 24.183, 24.138, 23.966, 23.969, 24.221, 24.246, 24.161, 24.135, 24.246, 24.65, 24.888, 24.949, 25.006, 24.929], [19.271, 19.589, 18.614, 16.274, 14.412, 12.795, 11.738, 10.675, 10.424, 8.558, 6.855, 5.297, 2.548, 0.0, 3.195, 7.514, 10.794, 11.946, 12.414, 12.728, 12.996, 14.365, 16.887, 19.784, 21.684, 22.17, 22.465, 22.655, 22.662, 22.683, 22.804, 23.517, 25.149, 26.664, 27.146, 27.142, 27.51, 28.632, 29.119, 28.983, 29.029, 29.024, 29.366, 30.913, 31.616, 31.57, 31.733, 31.786, 31.629, 31.576, 31.488, 31.284, 31.294, 31.335, 31.35, 31.368, 31.457, 31.573, 31.661, 31.664, 31.631, 31.154, 30.831, 30.663, 30.661, 30.701, 29.921, 27.489, 25.422, 24.751, 24.79, 24.769, 24.593, 24.533, 24.335, 24.286, 24.489, 24.498, 24.401, 24.376, 24.5, 24.901, 25.139, 25.19, 25.234, 25.153], [20.03, 20.305, 19.304, 16.837, 14.9, 13.311, 12.409, 11.596, 11.506, 9.751, 8.051, 6.838, 4.958, 3.195, 0.0, 4.813, 8.555, 9.944, 10.544, 10.952, 11.246, 12.681, 15.318, 18.392, 20.456, 21.012, 21.368, 21.63, 21.683, 21.725, 21.848, 22.582, 24.313, 25.98, 26.551, 26.571, 26.942, 28.086, 28.597, 28.477, 28.538, 28.594, 29.019, 30.648, 31.382, 31.328, 31.492, 31.582, 31.495, 31.489, 31.418, 31.209, 31.213, 31.252, 31.264, 31.279, 31.387, 31.535, 31.632, 31.634, 31.605, 31.125, 30.798, 30.658, 30.683, 30.721, 29.982, 27.663, 25.686, 25.032, 25.038, 25.019, 24.882, 24.828, 24.574, 24.375, 24.406, 24.324, 24.163, 24.133, 24.287, 24.673, 24.904, 24.956, 25.004, 24.915], [21.418, 21.628, 20.694, 18.153, 16.156, 14.617, 13.964, 13.466, 13.515, 12.062, 10.436, 9.677, 8.608, 7.514, 4.813, 0.0, 4.305, 6.273, 7.269, 7.921, 8.359, 9.934, 12.544, 15.777, 18.089, 18.787, 19.218, 19.569, 19.667, 19.728, 19.857, 20.564, 22.399, 24.282, 24.975, 25.024, 25.401, 26.618, 27.216, 27.128, 27.195, 27.333, 27.862, 29.606, 30.405, 30.337, 30.509, 30.628, 30.631, 30.706, 30.682, 30.478, 30.482, 30.52, 30.525, 30.54, 30.674, 30.865, 30.97, 30.964, 30.934, 30.443, 30.109, 30.007, 30.08, 30.118, 29.434, 27.291, 25.483, 24.895, 24.847, 24.828, 24.775, 24.757, 24.478, 24.139, 23.976, 23.773, 23.515, 23.479, 23.658, 23.991, 24.19, 24.246, 24.313, 24.221], [22.556, 22.718, 21.878, 19.37, 17.402, 15.9, 15.388, 15.078, 15.16, 14.055, 12.624, 12.18, 11.575, 10.794, 8.555, 4.305, 0.0, 2.709, 4.554, 5.627, 6.209, 7.774, 10.002, 13.187, 15.664, 16.478, 16.927, 17.338, 17.499, 17.577, 17.715, 18.36, 20.247, 22.308, 23.094, 23.169, 23.531, 24.787, 25.47, 25.455, 25.566, 25.762, 26.343, 28.16, 29.019, 28.938, 29.123, 29.272, 29.355, 29.502, 29.532, 29.337, 29.341, 29.383, 29.384, 29.408, 29.57, 29.805, 29.921, 29.902, 29.859, 29.345, 29.005, 28.94, 29.052, 29.081, 28.424, 26.436, 24.824, 24.311, 24.204, 24.195, 24.23, 24.263, 24.026, 23.689, 23.502, 23.331, 23.1, 23.085, 23.251, 23.543, 23.734, 23.787, 23.876, 23.803], [22.964, 23.116, 22.306, 19.79, 17.858, 16.442, 16.021, 15.775, 15.872, 14.88, 13.529, 13.171, 12.655, 11.946, 9.944, 6.273, 2.709, 0.0, 2.661, 4.345, 4.928, 6.353, 8.519, 11.817, 14.358, 15.119, 15.488, 15.898, 16.082, 16.197, 16.355, 17.003, 18.999, 21.225, 22.097, 22.188, 22.544, 23.838, 24.582, 24.587, 24.685, 24.88, 25.491, 27.403, 28.32, 28.233, 28.435, 28.608, 28.731, 28.903, 28.952, 28.762, 28.772, 28.818, 28.824, 28.854, 29.037, 29.305, 29.425, 29.4, 29.357, 28.82, 28.465, 28.417, 28.546, 28.572, 27.936, 26.015, 24.479, 23.986, 23.86, 23.862, 23.926, 23.986, 23.808, 23.51, 23.344, 23.241, 23.072, 23.074, 23.231, 23.535, 23.746, 23.788, 23.882, 23.82], [23.332, 23.497, 22.67, 20.09, 18.158, 16.897, 16.617, 16.386, 16.507, 15.448, 14.051, 13.696, 13.121, 12.414, 10.544, 7.269, 4.554, 2.661, 0.0, 2.288, 3.248, 4.912, 7.571, 11.38, 14.017, 14.652, 14.99, 15.413, 15.574, 15.724, 15.893, 16.59, 18.725, 21.079, 22.008, 22.099, 22.487, 23.846, 24.6, 24.565, 24.631, 24.833, 25.465, 27.472, 28.423, 28.334, 28.552, 28.732, 28.863, 29.054, 29.109, 28.915, 28.934, 28.982, 28.986, 29.006, 29.197, 29.473, 29.59, 29.568, 29.528, 28.988, 28.618, 28.563, 28.691, 28.729, 28.122, 26.19, 24.61, 24.096, 23.97, 23.969, 24.025, 24.089, 23.909, 23.583, 23.397, 23.31, 23.155, 23.164, 23.344, 23.674, 23.877, 23.898, 23.989, 23.927], [23.513, 23.68, 22.84, 20.253, 18.333, 17.094, 16.852, 16.64, 16.752, 15.669, 14.292, 13.954, 13.403, 12.728, 10.952, 7.921, 5.627, 4.345, 2.288, 0.0, 1.868, 4.342, 7.424, 11.49, 14.167, 14.791, 15.205, 15.667, 15.829, 15.989, 16.148, 16.88, 19.037, 21.393, 22.316, 22.401, 22.806, 24.156, 24.871, 24.831, 24.896, 25.087, 25.712, 27.735, 28.677, 28.586, 28.788, 28.943, 29.053, 29.251, 29.324, 29.136, 29.156, 29.205, 29.201, 29.209, 29.391, 29.654, 29.768, 29.752, 29.705, 29.17, 28.813, 28.759, 28.878, 28.916, 28.308, 26.338, 24.713, 24.181, 24.052, 24.036, 24.073, 24.131, 23.95, 23.636, 23.456, 23.375, 23.213, 23.223, 23.421, 23.755, 23.936, 23.949, 24.044, 23.98], [23.64, 23.798, 22.962, 20.387, 18.502, 17.285, 17.011, 16.799, 16.895, 15.847, 14.533, 14.199, 13.653, 12.996, 11.246, 8.359, 6.209, 4.928, 3.248, 1.868, 0.0, 3.062, 6.664, 11.076, 13.848, 14.454, 14.869, 15.366, 15.562, 15.733, 15.9, 16.666, 18.846, 21.246, 22.209, 22.307, 22.728, 24.121, 24.814, 24.73, 24.765, 24.963, 25.621, 27.704, 28.667, 28.572, 28.761, 28.89, 28.995, 29.209, 29.3, 29.117, 29.13, 29.175, 29.17, 29.172, 29.341, 29.602, 29.724, 29.707, 29.648, 29.106, 28.739, 28.685, 28.8, 28.83, 28.221, 26.274, 24.67, 24.121, 23.997, 23.986, 24.009, 24.055, 23.879, 23.567, 23.38, 23.291, 23.132, 23.139, 23.316, 23.643, 23.839, 23.871, 23.971, 23.899], [24.226, 24.369, 23.556, 21.004, 19.199, 18.157, 17.994, 17.801, 17.941, 17.018, 15.759, 15.469, 14.976, 14.365, 12.681, 9.934, 7.774, 6.353, 4.912, 4.342, 3.062, 0.0, 4.438, 9.729, 12.758, 13.298, 13.666, 14.234, 14.544, 14.769, 14.928, 15.69, 17.911, 20.42, 21.482, 21.612, 22.066, 23.55, 24.241, 24.081, 24.056, 24.302, 25.03, 27.243, 28.282, 28.175, 28.376, 28.509, 28.654, 28.913, 29.024, 28.838, 28.847, 28.889, 28.884, 28.897, 29.083, 29.373, 29.506, 29.478, 29.414, 28.868, 28.467, 28.401, 28.528, 28.553, 27.995, 26.22, 24.754, 24.2, 24.064, 24.064, 24.082, 24.106, 23.914, 23.569, 23.358, 23.279, 23.157, 23.171, 23.309, 23.618, 23.839, 23.89, 23.993, 23.919], [24.899, 25.013, 24.274, 21.894, 20.268, 19.339, 19.311, 19.21, 19.37, 18.778, 17.74, 17.631, 17.376, 16.887, 15.318, 12.544, 10.002, 8.519, 7.571, 7.424, 6.664, 4.438, 0.0, 6.045, 9.597, 10.333, 10.822, 11.7, 12.368, 12.7, 12.861, 13.537, 15.701, 18.317, 19.467, 19.656, 20.107, 21.583, 22.296, 22.181, 22.193, 22.524, 23.319, 25.569, 26.685, 26.56, 26.789, 26.978, 27.244, 27.6, 27.754, 27.557, 27.556, 27.599, 27.589, 27.617, 27.861, 28.233, 28.395, 28.35, 28.276, 27.728, 27.318, 27.278, 27.443, 27.446, 26.953, 25.495, 24.377, 23.937, 23.751, 23.771, 23.861, 23.924, 23.793, 23.511, 23.37, 23.41, 23.429, 23.47, 23.522, 23.771, 23.985, 23.99, 24.091, 24.042], [25.104, 25.156, 24.541, 22.526, 21.236, 20.452, 20.543, 20.596, 20.824, 20.627, 19.919, 20.038, 20.1, 19.784, 18.392, 15.777, 13.187, 11.817, 11.38, 11.49, 11.076, 9.729, 6.045, 0.0, 4.29, 5.806, 7.051, 8.628, 9.884, 10.393, 10.58, 11.053, 12.88, 15.468, 16.703, 17.012, 17.379, 18.724, 19.502, 19.528, 19.665, 20.106, 20.963, 23.104, 24.26, 24.126, 24.408, 24.711, 25.153, 25.632, 25.838, 25.631, 25.617, 25.665, 25.657, 25.692, 25.989, 26.469, 26.677, 26.628, 26.548, 26.006, 25.626, 25.66, 25.871, 25.843, 25.432, 24.393, 23.774, 23.514, 23.266, 23.311, 23.473, 23.572, 23.538, 23.367, 23.321, 23.506, 23.682, 23.74, 23.678, 23.848, 24.016, 23.936, 24.029, 24.021], [25.422, 25.415, 24.88, 23.065, 22.017, 21.483, 21.697, 21.823, 22.146, 22.112, 21.523, 21.746, 21.912, 21.684, 20.456, 18.089, 15.664, 14.358, 14.017, 14.167, 13.848, 12.758, 9.597, 4.29, 0.0, 2.762, 5.325, 7.305, 8.799, 9.502, 9.702, 9.953, 11.451, 13.958, 15.27, 15.688, 16.015, 17.343, 18.138, 18.136, 18.355, 18.988, 19.844, 21.887, 23.053, 22.914, 23.263, 23.669, 24.234, 24.795, 25.04, 24.837, 24.816, 24.865, 24.854, 24.878, 25.177, 25.704, 25.948, 25.914, 25.839, 25.299, 24.929, 24.992, 25.216, 25.181, 24.876, 24.118, 23.758, 23.551, 23.281, 23.35, 23.518, 23.589, 23.559, 23.395, 23.379, 23.66, 23.939, 24.012, 23.894, 24.032, 24.158, 24.02, 24.095, 24.105], [25.902, 25.893, 25.354, 23.551, 22.537, 22.079, 22.296, 22.375, 22.703, 22.672, 22.098, 22.295, 22.402, 22.17, 21.012, 18.787, 16.478, 15.119, 14.652, 14.791, 14.454, 13.298, 10.333, 5.806, 2.762, 0.0, 3.444, 6.018, 7.753, 8.513, 8.707, 8.967, 10.595, 13.319, 14.767, 15.228, 15.622, 17.12, 17.969, 17.835, 18.021, 18.758, 19.664, 21.802, 23.03, 22.887, 23.297, 23.766, 24.347, 24.903, 25.143, 24.942, 24.927, 24.982, 24.974, 24.991, 25.288, 25.82, 26.072, 26.061, 26.013, 25.469, 25.069, 25.129, 25.346, 25.324, 25.066, 24.369, 24.03, 23.806, 23.543, 23.628, 23.795, 23.862, 23.82, 23.633, 23.621, 23.923, 24.217, 24.289, 24.167, 24.31, 24.429, 24.289, 24.361, 24.371], [26.362, 26.357, 25.828, 24.083, 23.074, 22.539, 22.673, 22.673, 22.952, 22.989, 22.473, 22.649, 22.696, 22.465, 21.368, 19.218, 16.927, 15.488, 14.99, 15.205, 14.869, 13.666, 10.822, 7.051, 5.325, 3.444, 0.0, 3.528, 5.855, 6.557, 6.829, 7.125, 8.911, 11.875, 13.408, 13.886, 14.321, 16.038, 17.068, 16.945, 17.149, 17.945, 18.898, 21.107, 22.415, 22.259, 22.733, 23.237, 23.823, 24.375, 24.605, 24.39, 24.378, 24.439, 24.439, 24.467, 24.787, 25.35, 25.609, 25.593, 25.591, 25.058, 24.645, 24.734, 24.959, 24.932, 24.685, 24.099, 23.884, 23.684, 23.407, 23.529, 23.761, 23.88, 23.878, 23.731, 23.761, 24.101, 24.442, 24.51, 24.369, 24.509, 24.629, 24.499, 24.585, 24.608], [26.342, 26.33, 25.812, 24.078, 23.077, 22.581, 22.741, 22.745, 23.052, 23.115, 22.608, 22.799, 22.849, 22.655, 21.63, 19.569, 17.338, 15.898, 15.413, 15.667, 15.366, 14.234, 11.7, 8.628, 7.305, 6.018, 3.528, 0.0, 2.949, 4.095, 4.57, 5.078, 7.496, 10.812, 12.366, 12.856, 13.244, 15.055, 16.237, 16.087, 16.295, 17.134, 18.082, 20.348, 21.707, 21.54, 22.015, 22.499, 23.084, 23.646, 23.879, 23.641, 23.62, 23.682, 23.687, 23.737, 24.076, 24.667, 24.939, 24.905, 24.929, 24.435, 24.032, 24.122, 24.366, 24.36, 24.123, 23.56, 23.389, 23.188, 22.898, 23.028, 23.273, 23.409, 23.42, 23.258, 23.293, 23.671, 24.056, 24.121, 23.99, 24.148, 24.264, 24.142, 24.245, 24.281], [26.341, 26.327, 25.805, 24.013, 23.002, 22.605, 22.822, 22.834, 23.179, 23.203, 22.639, 22.819, 22.838, 22.662, 21.683, 19.667, 17.499, 16.082, 15.574, 15.829, 15.562, 14.544, 12.368, 9.884, 8.799, 7.753, 5.855, 2.949, 0.0, 2.138, 3.07, 3.885, 7.014, 10.63, 12.232, 12.693, 13.069, 14.971, 16.182, 15.907, 16.014, 16.883, 17.837, 20.265, 21.701, 21.528, 21.992, 22.44, 23.033, 23.609, 23.852, 23.607, 23.581, 23.642, 23.647, 23.705, 24.041, 24.633, 24.909, 24.862, 24.88, 24.391, 23.992, 24.058, 24.315, 24.347, 24.122, 23.469, 23.195, 22.962, 22.68, 22.787, 22.975, 23.059, 23.013, 22.751, 22.736, 23.121, 23.51, 23.568, 23.462, 23.643, 23.752, 23.637, 23.748, 23.771], [26.463, 26.459, 25.934, 24.182, 23.204, 22.758, 22.919, 22.889, 23.183, 23.212, 22.69, 22.86, 22.856, 22.683, 21.725, 19.728, 17.577, 16.197, 15.724, 15.989, 15.733, 14.769, 12.7, 10.393, 9.502, 8.513, 6.557, 4.095, 2.138, 0.0, 1.568, 2.969, 6.389, 10.087, 11.651, 12.061, 12.458, 14.395, 15.648, 15.415, 15.59, 16.496, 17.466, 19.913, 21.375, 21.198, 21.681, 22.144, 22.753, 23.352, 23.608, 23.361, 23.335, 23.395, 23.402, 23.468, 23.821, 24.413, 24.685, 24.638, 24.656, 24.161, 23.787, 23.898, 24.16, 24.183, 23.936, 23.304, 23.088, 22.878, 22.588, 22.705, 22.898, 22.967, 22.898, 22.615, 22.6, 22.999, 23.412, 23.477, 23.356, 23.521, 23.618, 23.499, 23.615, 23.642], [26.509, 26.51, 25.992, 24.256, 23.29, 22.844, 23.018, 22.991, 23.268, 23.297, 22.792, 22.966, 22.971, 22.804, 21.848, 19.857, 17.715, 16.355, 15.893, 16.148, 15.9, 14.928, 12.861, 10.58, 9.702, 8.707, 6.829, 4.57, 3.07, 1.568, 0.0, 2.187, 6.034, 9.838, 11.421, 11.825, 12.223, 14.154, 15.416, 15.183, 15.365, 16.289, 17.296, 19.765, 21.232, 21.055, 21.538, 22.012, 22.631, 23.244, 23.506, 23.259, 23.229, 23.286, 23.294, 23.36, 23.705, 24.281, 24.547, 24.506, 24.532, 24.043, 23.671, 23.794, 24.081, 24.108, 23.867, 23.269, 23.088, 22.89, 22.596, 22.709, 22.892, 22.945, 22.868, 22.586, 22.577, 22.983, 23.401, 23.462, 23.328, 23.481, 23.582, 23.473, 23.592, 23.619], [26.768, 26.751, 26.277, 24.606, 23.691, 23.295, 23.506, 23.498, 23.793, 23.884, 23.392, 23.599, 23.654, 23.517, 22.582, 20.564, 18.36, 17.003, 16.59, 16.88, 16.666, 15.69, 13.537, 11.053, 9.953, 8.967, 7.125, 5.078, 3.885, 2.969, 2.187, 0.0, 4.385, 8.562, 10.369, 10.842, 11.245, 13.34, 14.671, 14.414, 14.613, 15.684, 16.752, 19.196, 20.675, 20.488, 21.021, 21.558, 22.24, 22.889, 23.162, 22.908, 22.872, 22.929, 22.936, 22.997, 23.334, 23.924, 24.196, 24.151, 24.182, 23.697, 23.32, 23.447, 23.765, 23.808, 23.624, 23.183, 23.128, 22.973, 22.662, 22.788, 23.008, 23.076, 22.995, 22.7, 22.704, 23.143, 23.586, 23.643, 23.487, 23.624, 23.72, 23.601, 23.72, 23.758], [27.185, 27.136, 26.739, 25.318, 24.619, 24.311, 24.545, 24.544, 24.85, 25.138, 24.786, 25.049, 25.205, 25.149, 24.313, 22.399, 20.247, 18.999, 18.725, 19.037, 18.846, 17.911, 15.701, 12.88, 11.451, 10.595, 8.911, 7.496, 7.014, 6.389, 6.034, 4.385, 0.0, 4.732, 7.318, 8.034, 8.466, 11.094, 12.64, 12.399, 12.762, 14.235, 15.343, 17.626, 19.145, 18.948, 19.626, 20.325, 21.149, 21.884, 22.183, 21.925, 21.872, 21.928, 21.934, 21.986, 22.346, 22.998, 23.291, 23.25, 23.308, 22.851, 22.509, 22.688, 23.023, 23.056, 23.001, 22.969, 23.274, 23.22, 22.877, 23.052, 23.355, 23.468, 23.412, 23.155, 23.216, 23.733, 24.258, 24.327, 24.123, 24.221, 24.289, 24.138, 24.251, 24.331], [27.465, 27.398, 27.06, 25.932, 25.465, 25.22, 25.454, 25.446, 25.751, 26.248, 26.073, 26.386, 26.637, 26.664, 25.98, 24.282, 22.308, 21.225, 21.079, 21.393, 21.246, 20.42, 18.317, 15.468, 13.958, 13.319, 11.875, 10.812, 10.63, 10.087, 9.838, 8.562, 4.732, 0.0, 3.632, 4.827, 5.408, 8.841, 10.662, 10.504, 11.185, 13.071, 14.013, 15.865, 17.389, 17.181, 18.027, 18.89, 19.838, 20.671, 21.016, 20.76, 20.699, 20.762, 20.763, 20.797, 21.189, 21.899, 22.22, 22.184, 22.294, 21.895, 21.604, 21.849, 22.188, 22.197, 22.302, 22.746, 23.448, 23.489, 23.117, 23.346, 23.726, 23.866, 23.814, 23.599, 23.739, 24.345, 24.977, 25.071, 24.83, 24.894, 24.92, 24.724, 24.821, 24.943], [27.523, 27.459, 27.136, 26.133, 25.766, 25.503, 25.719, 25.696, 25.971, 26.553, 26.462, 26.8, 27.084, 27.146, 26.551, 24.975, 23.094, 22.097, 22.008, 22.316, 22.209, 21.482, 19.467, 16.703, 15.27, 14.767, 13.408, 12.366, 12.232, 11.651, 11.421, 10.369, 7.318, 3.632, 0.0, 1.774, 3.013, 7.051, 9.153, 9.348, 10.391, 12.348, 13.106, 14.544, 16.039, 15.82, 16.754, 17.72, 18.739, 19.657, 20.053, 19.792, 19.728, 19.801, 19.801, 19.831, 20.257, 20.988, 21.317, 21.284, 21.421, 21.07, 20.831, 21.133, 21.482, 21.471, 21.648, 22.374, 23.347, 23.459, 23.063, 23.32, 23.755, 23.911, 23.843, 23.634, 23.806, 24.441, 25.127, 25.232, 24.98, 25.028, 25.013, 24.77, 24.854, 25.002], [27.603, 27.553, 27.233, 26.243, 25.872, 25.581, 25.778, 25.736, 25.988, 26.565, 26.481, 26.812, 27.079, 27.142, 26.571, 25.024, 23.169, 22.188, 22.099, 22.401, 22.307, 21.612, 19.656, 17.012, 15.688, 15.228, 13.886, 12.856, 12.693, 12.061, 11.825, 10.842, 8.034, 4.827, 1.774, 0.0, 2.355, 6.792, 9.037, 9.408, 10.475, 12.344, 13.059, 14.446, 15.941, 15.72, 16.671, 17.639, 18.641, 19.565, 19.97, 19.71, 19.646, 19.719, 19.721, 19.758, 20.193, 20.916, 21.236, 21.197, 21.331, 20.978, 20.746, 21.048, 21.399, 21.391, 21.563, 22.29, 23.286, 23.413, 23.017, 23.277, 23.719, 23.876, 23.799, 23.583, 23.749, 24.382, 25.077, 25.184, 24.927, 24.968, 24.949, 24.703, 24.786, 24.938], [27.578, 27.52, 27.24, 26.323, 26.003, 25.716, 25.917, 25.889, 26.143, 26.795, 26.773, 27.125, 27.431, 27.51, 26.942, 25.401, 23.531, 22.544, 22.487, 22.806, 22.728, 22.066, 20.107, 17.379, 16.015, 15.622, 14.321, 13.244, 13.069, 12.458, 12.223, 11.245, 8.466, 5.408, 3.013, 2.355, 0.0, 5.066, 7.776, 8.524, 9.816, 11.751, 12.442, 13.66, 15.119, 14.914, 15.908, 16.907, 17.945, 18.891, 19.307, 19.04, 18.968, 19.042, 19.063, 19.132, 19.581, 20.326, 20.648, 20.605, 20.748, 20.418, 20.249, 20.62, 20.996, 20.975, 21.157, 22.027, 23.173, 23.337, 22.925, 23.213, 23.679, 23.832, 23.76, 23.571, 23.76, 24.416, 25.141, 25.256, 24.987, 25.023, 24.999, 24.735, 24.816, 24.983], [27.883, 27.812, 27.56, 26.826, 26.712, 26.446, 26.643, 26.631, 26.851, 27.647, 27.767, 28.162, 28.542, 28.632, 28.086, 26.618, 24.787, 23.838, 23.846, 24.156, 24.121, 23.55, 21.583, 18.724, 17.343, 17.12, 16.038, 15.055, 14.971, 14.395, 14.154, 13.34, 11.094, 8.841, 7.051, 6.792, 5.066, 0.0, 3.795, 6.409, 8.696, 10.62, 11.215, 11.826, 13.138, 12.993, 13.965, 15.071, 16.251, 17.308, 17.779, 17.511, 17.429, 17.515, 17.572, 17.717, 18.244, 19.03, 19.353, 19.315, 19.474, 19.243, 19.273, 19.819, 20.252, 20.2, 20.409, 21.695, 23.259, 23.531, 23.068, 23.417, 23.968, 24.139, 24.091, 23.988, 24.241, 24.915, 25.664, 25.796, 25.509, 25.519, 25.463, 25.121, 25.191, 25.392], [27.928, 27.847, 27.584, 26.907, 26.949, 26.789, 27.01, 27.026, 27.266, 28.091, 28.221, 28.624, 29.031, 29.119, 28.597, 27.216, 25.47, 24.582, 24.6, 24.871, 24.814, 24.241, 22.296, 19.502, 18.138, 17.969, 17.068, 16.237, 16.182, 15.648, 15.416, 14.671, 12.64, 10.662, 9.153, 9.037, 7.776, 3.795, 0.0, 4.411, 7.757, 9.978, 10.542, 11.013, 12.344, 12.223, 13.165, 14.313, 15.59, 16.735, 17.262, 17.031, 16.963, 17.056, 17.118, 17.252, 17.793, 18.591, 18.927, 18.91, 19.083, 18.908, 19.024, 19.624, 20.085, 20.028, 20.289, 21.712, 23.345, 23.607, 23.135, 23.505, 24.07, 24.222, 24.111, 23.965, 24.238, 24.934, 25.693, 25.842, 25.546, 25.532, 25.456, 25.092, 25.158, 25.368], [27.887, 27.801, 27.524, 26.766, 26.815, 26.799, 27.062, 27.076, 27.329, 28.087, 28.153, 28.53, 28.9, 28.983, 28.477, 27.128, 25.455, 24.587, 24.565, 24.831, 24.73, 24.081, 22.181, 19.528, 18.136, 17.835, 16.945, 16.087, 15.907, 15.415, 15.183, 14.414, 12.399, 10.504, 9.348, 9.408, 8.524, 6.409, 4.411, 0.0, 4.694, 8.282, 9.285, 10.766, 12.613, 12.467, 13.496, 14.662, 15.931, 16.994, 17.472, 17.287, 17.274, 17.373, 17.423, 17.516, 18.021, 18.819, 19.172, 19.186, 19.424, 19.23, 19.238, 19.727, 20.185, 20.193, 20.525, 21.779, 23.189, 23.36, 22.921, 23.275, 23.763, 23.873, 23.748, 23.554, 23.801, 24.505, 25.247, 25.389, 25.1, 25.087, 25.013, 24.695, 24.774, 24.952], [27.977, 27.892, 27.637, 26.83, 26.868, 26.95, 27.256, 27.272, 27.522, 28.226, 28.262, 28.612, 28.94, 29.029, 28.538, 27.195, 25.566, 24.685, 24.631, 24.896, 24.765, 24.056, 22.193, 19.665, 18.355, 18.021, 17.149, 16.295, 16.014, 15.59, 15.365, 14.613, 12.762, 11.185, 10.391, 10.475, 9.816, 8.696, 7.757, 4.694, 0.0, 4.955, 6.996, 10.101, 12.666, 12.523, 13.519, 14.679, 15.931, 16.838, 17.209, 17.063, 17.127, 17.25, 17.303, 17.387, 17.87, 18.712, 19.073, 19.088, 19.371, 19.132, 19.003, 19.362, 19.833, 19.896, 20.309, 21.531, 22.864, 23.0, 22.587, 22.912, 23.306, 23.377, 23.372, 23.26, 23.458, 24.1, 24.798, 24.92, 24.639, 24.656, 24.638, 24.406, 24.515, 24.656], [27.779, 27.704, 27.478, 26.716, 26.779, 26.837, 27.137, 27.184, 27.413, 28.139, 28.241, 28.585, 28.914, 29.024, 28.594, 27.333, 25.762, 24.88, 24.833, 25.087, 24.963, 24.302, 22.524, 20.106, 18.988, 18.758, 17.945, 17.134, 16.883, 16.496, 16.289, 15.684, 14.235, 13.071, 12.348, 12.344, 11.751, 10.62, 9.978, 8.282, 4.955, 0.0, 3.542, 8.414, 11.649, 11.585, 12.367, 13.391, 14.536, 15.242, 15.522, 15.474, 15.679, 15.877, 15.986, 16.107, 16.645, 17.557, 17.893, 17.929, 18.265, 17.989, 17.822, 18.156, 18.685, 18.758, 19.154, 20.448, 21.942, 22.148, 21.74, 22.043, 22.427, 22.538, 22.743, 22.939, 23.307, 23.974, 24.655, 24.771, 24.464, 24.48, 24.523, 24.347, 24.484, 24.609], [27.697, 27.614, 27.411, 26.734, 26.862, 26.933, 27.231, 27.272, 27.5, 28.299, 28.472, 28.857, 29.22, 29.366, 29.019, 27.862, 26.343, 25.491, 25.465, 25.712, 25.621, 25.03, 23.319, 20.963, 19.844, 19.664, 18.898, 18.082, 17.837, 17.466, 17.296, 16.752, 15.343, 14.013, 13.106, 13.059, 12.442, 11.215, 10.542, 9.285, 6.996, 3.542, 0.0, 6.179, 9.998, 9.972, 10.78, 11.76, 12.865, 13.562, 13.888, 13.925, 14.222, 14.454, 14.571, 14.683, 15.255, 16.207, 16.549, 16.616, 17.025, 16.765, 16.647, 17.055, 17.594, 17.683, 18.205, 19.682, 21.36, 21.636, 21.221, 21.552, 21.984, 22.12, 22.373, 22.769, 23.383, 24.217, 24.993, 25.129, 24.795, 24.798, 24.811, 24.591, 24.706, 24.846], [28.024, 27.913, 27.775, 27.399, 27.691, 27.711, 27.978, 28.031, 28.254, 29.295, 29.676, 30.153, 30.679, 30.913, 30.648, 29.606, 28.16, 27.403, 27.472, 27.735, 27.704, 27.243, 25.569, 23.104, 21.887, 21.802, 21.107, 20.348, 20.265, 19.913, 19.765, 19.196, 17.626, 15.865, 14.544, 14.446, 13.66, 11.826, 11.013, 10.766, 10.101, 8.414, 6.179, 0.0, 4.492, 4.624, 6.038, 7.996, 9.804, 10.95, 11.516, 11.62, 11.838, 12.04, 12.161, 12.309, 13.037, 14.132, 14.548, 14.628, 15.133, 15.182, 15.397, 16.128, 16.684, 16.683, 17.497, 19.882, 22.236, 22.681, 22.19, 22.57, 23.174, 23.451, 23.721, 24.129, 24.806, 25.715, 26.584, 26.749, 26.369, 26.307, 26.218, 25.866, 25.932, 26.126], [28.172, 28.049, 27.946, 27.706, 28.056, 28.062, 28.315, 28.379, 28.601, 29.726, 30.201, 30.715, 31.332, 31.616, 31.382, 30.405, 29.019, 28.32, 28.423, 28.677, 28.667, 28.282, 26.685, 24.26, 23.053, 23.03, 22.415, 21.707, 21.701, 21.375, 21.232, 20.675, 19.145, 17.389, 16.039, 15.941, 15.119, 13.138, 12.344, 12.613, 12.666, 11.649, 9.998, 4.492, 0.0, 1.273, 3.704, 6.569, 8.897, 10.359, 11.089, 11.2, 11.249, 11.371, 11.463, 11.638, 12.46, 13.614, 14.071, 14.119, 14.603, 14.895, 15.328, 16.244, 16.796, 16.726, 17.627, 20.424, 23.063, 23.562, 23.032, 23.417, 24.079, 24.386, 24.594, 24.897, 25.487, 26.371, 27.26, 27.439, 27.064, 27.005, 26.882, 26.484, 26.534, 26.754], [28.154, 28.031, 27.923, 27.666, 28.007, 28.018, 28.279, 28.343, 28.566, 29.684, 30.154, 30.671, 31.286, 31.57, 31.328, 30.337, 28.938, 28.233, 28.334, 28.586, 28.572, 28.175, 26.56, 24.126, 22.914, 22.887, 22.259, 21.54, 21.528, 21.198, 21.055, 20.488, 18.948, 17.181, 15.82, 15.72, 14.914, 12.993, 12.223, 12.467, 12.523, 11.585, 9.972, 4.624, 1.273, 0.0, 3.175, 6.248, 8.686, 10.246, 11.028, 11.115, 11.145, 11.255, 11.315, 11.46, 12.282, 13.447, 13.914, 13.962, 14.444, 14.727, 15.151, 16.073, 16.632, 16.573, 17.502, 20.32, 22.964, 23.457, 22.92, 23.302, 23.955, 24.255, 24.455, 24.74, 25.326, 26.223, 27.136, 27.322, 26.949, 26.895, 26.771, 26.372, 26.424, 26.643], [28.181, 28.052, 27.951, 27.697, 28.032, 28.044, 28.312, 28.397, 28.625, 29.752, 30.249, 30.78, 31.429, 31.733, 31.492, 30.509, 29.123, 28.435, 28.552, 28.788, 28.761, 28.376, 26.789, 24.408, 23.263, 23.297, 22.733, 22.015, 21.992, 21.681, 21.538, 21.021, 19.626, 18.027, 16.754, 16.671, 15.908, 13.965, 13.165, 13.496, 13.519, 12.367, 10.78, 6.038, 3.704, 3.175, 0.0, 4.008, 7.216, 9.093, 10.008, 10.133, 10.128, 10.252, 10.325, 10.517, 11.44, 12.724, 13.238, 13.268, 13.736, 14.14, 14.678, 15.65, 16.272, 16.236, 17.17, 20.06, 22.782, 23.301, 22.75, 23.132, 23.795, 24.097, 24.316, 24.646, 25.264, 26.155, 27.056, 27.235, 26.846, 26.779, 26.657, 26.262, 26.319, 26.539], [28.299, 28.169, 28.079, 27.814, 28.127, 28.121, 28.374, 28.437, 28.634, 29.749, 30.255, 30.799, 31.456, 31.786, 31.582, 30.628, 29.272, 28.608, 28.732, 28.943, 28.89, 28.509, 26.978, 24.711, 23.669, 23.766, 23.237, 22.499, 22.44, 22.144, 22.012, 21.558, 20.325, 18.89, 17.72, 17.639, 16.907, 15.071, 14.313, 14.662, 14.679, 13.391, 11.76, 7.996, 6.569, 6.248, 4.008, 0.0, 3.989, 6.528, 7.823, 8.022, 8.0, 8.132, 8.208, 8.444, 9.438, 10.839, 11.442, 11.463, 11.932, 12.456, 13.164, 14.222, 14.916, 14.958, 15.958, 19.024, 21.916, 22.482, 21.939, 22.331, 23.029, 23.389, 23.72, 24.251, 25.026, 25.966, 26.878, 27.043, 26.606, 26.508, 26.386, 26.008, 26.077, 26.293], [28.462, 28.347, 28.267, 28.027, 28.314, 28.224, 28.4, 28.398, 28.513, 29.607, 30.133, 30.663, 31.288, 31.629, 31.495, 30.631, 29.355, 28.731, 28.863, 29.053, 28.995, 28.654, 27.244, 25.153, 24.234, 24.347, 23.823, 23.084, 23.033, 22.753, 22.631, 22.24, 21.149, 19.838, 18.739, 18.641, 17.945, 16.251, 15.59, 15.931, 15.931, 14.536, 12.865, 9.804, 8.897, 8.686, 7.216, 3.989, 0.0, 3.376, 5.422, 5.911, 6.061, 6.271, 6.388, 6.653, 7.565, 8.843, 9.446, 9.533, 10.11, 10.725, 11.608, 12.754, 13.423, 13.523, 14.557, 17.78, 20.85, 21.466, 20.964, 21.373, 22.116, 22.596, 23.12, 23.969, 24.969, 25.949, 26.835, 26.984, 26.498, 26.362, 26.252, 25.921, 26.005, 26.211], [28.695, 28.585, 28.525, 28.301, 28.554, 28.389, 28.486, 28.439, 28.5, 29.583, 30.127, 30.632, 31.236, 31.576, 31.489, 30.706, 29.502, 28.903, 29.054, 29.251, 29.209, 28.913, 27.6, 25.632, 24.795, 24.903, 24.375, 23.646, 23.609, 23.352, 23.244, 22.889, 21.884, 20.671, 19.657, 19.565, 18.891, 17.308, 16.735, 16.994, 16.838, 15.242, 13.562, 10.95, 10.359, 10.246, 9.093, 6.528, 3.376, 0.0, 2.729, 4.04, 4.716, 5.15, 5.451, 5.97, 6.932, 8.202, 8.801, 9.008, 9.817, 10.467, 11.324, 12.407, 13.001, 13.127, 14.127, 17.335, 20.466, 21.1, 20.641, 21.052, 21.798, 22.346, 23.004, 24.061, 25.221, 26.234, 27.076, 27.208, 26.7, 26.538, 26.466, 26.212, 26.321, 26.517], [28.731, 28.62, 28.57, 28.353, 28.58, 28.388, 28.456, 28.389, 28.433, 29.5, 30.052, 30.549, 31.151, 31.488, 31.418, 30.682, 29.532, 28.952, 29.109, 29.324, 29.3, 29.024, 27.754, 25.838, 25.04, 25.143, 24.605, 23.879, 23.852, 23.608, 23.506, 23.162, 22.183, 21.016, 20.053, 19.97, 19.307, 17.779, 17.262, 17.472, 17.209, 15.522, 13.888, 11.516, 11.089, 11.028, 10.008, 7.823, 5.422, 2.729, 0.0, 2.178, 3.558, 4.236, 4.733, 5.562, 6.771, 8.243, 8.895, 9.141, 10.089, 10.752, 11.526, 12.513, 13.087, 13.25, 14.222, 17.358, 20.463, 21.094, 20.656, 21.067, 21.806, 22.378, 23.084, 24.19, 25.393, 26.431, 27.262, 27.38, 26.863, 26.705, 26.663, 26.446, 26.572, 26.767], [28.573, 28.462, 28.408, 28.184, 28.4, 28.205, 28.276, 28.203, 28.249, 29.301, 29.849, 30.351, 30.953, 31.284, 31.209, 30.478, 29.337, 28.762, 28.915, 29.136, 29.117, 28.838, 27.557, 25.631, 24.837, 24.942, 24.39, 23.641, 23.607, 23.361, 23.259, 22.908, 21.925, 20.76, 19.792, 19.71, 19.04, 17.511, 17.031, 17.287, 17.063, 15.474, 13.925, 11.62, 11.2, 11.115, 10.133, 8.022, 5.911, 4.04, 2.178, 0.0, 1.976, 2.988, 3.618, 4.631, 6.073, 7.793, 8.563, 8.728, 9.637, 10.338, 11.128, 12.134, 12.75, 12.959, 13.994, 17.182, 20.279, 20.892, 20.455, 20.876, 21.638, 22.242, 22.945, 24.013, 25.208, 26.274, 27.134, 27.251, 26.737, 26.595, 26.556, 26.326, 26.453, 26.66], [28.513, 28.401, 28.348, 28.126, 28.352, 28.164, 28.236, 28.168, 28.225, 29.287, 29.841, 30.354, 30.963, 31.294, 31.213, 30.482, 29.341, 28.772, 28.934, 29.156, 29.13, 28.847, 27.556, 25.617, 24.816, 24.927, 24.378, 23.62, 23.581, 23.335, 23.229, 22.872, 21.872, 20.699, 19.728, 19.646, 18.968, 17.429, 16.963, 17.274, 17.127, 15.679, 14.222, 11.838, 11.249, 11.145, 10.128, 8.0, 6.061, 4.716, 3.558, 1.976, 0.0, 1.385, 2.374, 3.681, 5.39, 7.366, 8.27, 8.363, 9.188, 9.964, 10.833, 11.893, 12.544, 12.778, 13.862, 17.127, 20.24, 20.837, 20.384, 20.809, 21.601, 22.235, 22.916, 23.925, 25.098, 26.184, 27.074, 27.197, 26.692, 26.567, 26.526, 26.281, 26.401, 26.615], [28.519, 28.406, 28.355, 28.13, 28.361, 28.179, 28.253, 28.186, 28.241, 29.305, 29.864, 30.385, 31.0, 31.335, 31.252, 30.52, 29.383, 28.818, 28.982, 29.205, 29.175, 28.889, 27.599, 25.665, 24.865, 24.982, 24.439, 23.682, 23.642, 23.395, 23.286, 22.929, 21.928, 20.762, 19.801, 19.719, 19.042, 17.515, 17.056, 17.373, 17.25, 15.877, 14.454, 12.04, 11.371, 11.255, 10.252, 8.132, 6.271, 5.15, 4.236, 2.988, 1.385, 0.0, 1.467, 3.14, 4.995, 7.08, 8.061, 8.145, 8.958, 9.782, 10.7, 11.781, 12.431, 12.681, 13.785, 17.082, 20.211, 20.8, 20.339, 20.763, 21.564, 22.215, 22.898, 23.893, 25.067, 26.17, 27.075, 27.202, 26.696, 26.571, 26.525, 26.276, 26.394, 26.611], [28.574, 28.461, 28.404, 28.163, 28.385, 28.209, 28.288, 28.217, 28.271, 29.323, 29.876, 30.4, 31.014, 31.35, 31.264, 30.525, 29.384, 28.824, 28.986, 29.201, 29.17, 28.884, 27.589, 25.657, 24.854, 24.974, 24.439, 23.687, 23.647, 23.402, 23.294, 22.936, 21.934, 20.763, 19.801, 19.721, 19.063, 17.572, 17.118, 17.423, 17.303, 15.986, 14.571, 12.161, 11.463, 11.315, 10.325, 8.208, 6.388, 5.451, 4.733, 3.618, 2.374, 1.467, 0.0, 2.126, 4.404, 6.625, 7.652, 7.737, 8.581, 9.434, 10.375, 11.49, 12.139, 12.413, 13.613, 16.995, 20.143, 20.729, 20.267, 20.7, 21.519, 22.183, 22.859, 23.835, 24.992, 26.094, 27.008, 27.141, 26.635, 26.509, 26.454, 26.201, 26.319, 26.534], [28.6, 28.488, 28.431, 28.185, 28.415, 28.261, 28.346, 28.281, 28.346, 29.365, 29.898, 30.422, 31.03, 31.368, 31.279, 30.54, 29.408, 28.854, 29.006, 29.209, 29.172, 28.897, 27.617, 25.692, 24.878, 24.991, 24.467, 23.737, 23.705, 23.468, 23.36, 22.997, 21.986, 20.797, 19.831, 19.758, 19.132, 17.717, 17.252, 17.516, 17.387, 16.107, 14.683, 12.309, 11.638, 11.46, 10.517, 8.444, 6.653, 5.97, 5.562, 4.631, 3.681, 3.14, 2.126, 0.0, 2.961, 5.63, 6.821, 6.951, 7.902, 8.809, 9.773, 10.97, 11.628, 11.894, 13.249, 16.808, 20.0, 20.595, 20.145, 20.596, 21.453, 22.146, 22.803, 23.755, 24.893, 25.985, 26.897, 27.036, 26.546, 26.436, 26.383, 26.13, 26.243, 26.457], [28.632, 28.517, 28.482, 28.27, 28.51, 28.366, 28.443, 28.373, 28.421, 29.414, 29.948, 30.482, 31.103, 31.457, 31.387, 30.674, 29.57, 29.037, 29.197, 29.391, 29.341, 29.083, 27.861, 25.989, 25.177, 25.288, 24.787, 24.076, 24.041, 23.821, 23.705, 23.334, 22.346, 21.189, 20.257, 20.193, 19.581, 18.244, 17.793, 18.021, 17.87, 16.645, 15.255, 13.037, 12.46, 12.282, 11.44, 9.438, 7.565, 6.932, 6.771, 6.073, 5.39, 4.995, 4.404, 2.961, 0.0, 3.26, 4.946, 5.243, 6.473, 7.588, 8.684, 9.99, 10.676, 10.954, 12.421, 16.231, 19.56, 20.19, 19.77, 20.227, 21.121, 21.882, 22.579, 23.598, 24.808, 25.908, 26.807, 26.946, 26.441, 26.322, 26.271, 26.041, 26.163, 26.372], [28.812, 28.705, 28.68, 28.496, 28.735, 28.569, 28.626, 28.526, 28.53, 29.508, 30.052, 30.586, 31.207, 31.573, 31.535, 30.865, 29.805, 29.305, 29.473, 29.654, 29.602, 29.373, 28.233, 26.469, 25.704, 25.82, 25.35, 24.667, 24.633, 24.413, 24.281, 23.924, 22.998, 21.899, 20.988, 20.916, 20.326, 19.03, 18.591, 18.819, 18.712, 17.557, 16.207, 14.132, 13.614, 13.447, 12.724, 10.839, 8.843, 8.202, 8.243, 7.793, 7.366, 7.08, 6.625, 5.63, 3.26, 0.0, 2.183, 3.076, 4.924, 6.364, 7.695, 9.104, 9.749, 10.04, 11.569, 15.599, 19.078, 19.754, 19.353, 19.803, 20.732, 21.567, 22.312, 23.437, 24.756, 25.864, 26.742, 26.884, 26.361, 26.214, 26.144, 25.931, 26.062, 26.266], [28.927, 28.826, 28.803, 28.628, 28.867, 28.689, 28.743, 28.637, 28.628, 29.602, 30.144, 30.673, 31.293, 31.661, 31.632, 30.97, 29.921, 29.425, 29.59, 29.768, 29.724, 29.506, 28.395, 26.677, 25.948, 26.072, 25.609, 24.939, 24.909, 24.685, 24.547, 24.196, 23.291, 22.22, 21.317, 21.236, 20.648, 19.353, 18.927, 19.172, 19.073, 17.893, 16.549, 14.548, 14.071, 13.914, 13.238, 11.442, 9.446, 8.801, 8.895, 8.563, 8.27, 8.061, 7.652, 6.821, 4.946, 2.183, 0.0, 1.914, 4.389, 5.989, 7.433, 8.871, 9.44, 9.685, 11.225, 15.367, 18.923, 19.623, 19.221, 19.662, 20.603, 21.454, 22.211, 23.379, 24.728, 25.822, 26.683, 26.828, 26.304, 26.149, 26.074, 25.871, 26.013, 26.216], [28.905, 28.808, 28.787, 28.61, 28.848, 28.67, 28.724, 28.613, 28.607, 29.588, 30.129, 30.666, 31.292, 31.664, 31.634, 30.964, 29.902, 29.4, 29.568, 29.752, 29.707, 29.478, 28.35, 26.628, 25.914, 26.061, 25.593, 24.905, 24.862, 24.638, 24.506, 24.151, 23.25, 22.184, 21.284, 21.197, 20.605, 19.315, 18.91, 19.186, 19.088, 17.929, 16.616, 14.628, 14.119, 13.962, 13.268, 11.463, 9.533, 9.008, 9.141, 8.728, 8.363, 8.145, 7.737, 6.951, 5.243, 3.076, 1.914, 0.0, 3.026, 5.124, 6.827, 8.317, 8.94, 9.211, 10.80