[[0.0, 3.094, 5.621, 8.904, 11.803, 12.729, 13.079, 12.988, 13.406, 13.876, 14.824, 15.509, 15.027, 14.641, 14.994, 15.313, 15.386, 15.479, 15.404, 15.523, 15.717, 15.511, 15.413, 15.713, 15.84, 16.514, 17.45, 17.865, 17.917, 19.065, 20.277, 19.944, 21.237, 22.893, 23.222, 23.122, 22.831, 23.254, 23.806, 23.088, 22.883, 23.357, 23.843, 24.284, 24.75, 25.079, 25.128, 25.06, 24.999, 25.186, 24.731, 24.054, 23.943, 24.246, 25.599, 26.815, 27.275, 28.603, 30.335, 31.001, 31.054, 31.065, 30.399, 28.707, 27.384, 27.124, 26.262, 24.705, 24.264, 24.801, 25.321, 25.346, 24.732, 23.958, 23.488, 23.272, 22.828, 22.439, 22.095, 21.752, 21.324, 22.41, 27.033, 30.579, 31.315, 31.524], [3.094, 0.0, 3.321, 7.338, 10.565, 11.553, 11.937, 11.926, 12.433, 12.912, 13.827, 14.537, 14.09, 13.816, 14.293, 14.653, 14.734, 14.867, 14.83, 14.965, 15.16, 14.97, 14.908, 15.234, 15.369, 15.992, 16.931, 17.432, 17.52, 18.703, 19.94, 19.591, 20.914, 22.658, 23.099, 23.094, 22.873, 23.353, 23.941, 23.237, 23.032, 23.5, 23.983, 24.424, 24.888, 25.201, 25.219, 25.125, 25.05, 25.235, 24.789, 24.121, 24.006, 24.333, 25.725, 26.927, 27.37, 28.676, 30.392, 31.061, 31.12, 31.129, 30.456, 28.761, 27.444, 27.175, 26.32, 24.798, 24.383, 24.92, 25.467, 25.503, 24.88, 24.104, 23.613, 23.376, 22.914, 22.489, 22.102, 21.745, 21.323, 22.425, 27.073, 30.613, 31.332, 31.526], [5.621, 3.321, 0.0, 4.787, 8.911, 10.042, 10.515, 10.893, 11.598, 12.142, 12.994, 13.756, 13.384, 13.219, 13.799, 14.188, 14.291, 14.473, 14.474, 14.554, 14.736, 14.496, 14.344, 14.633, 14.751, 15.402, 16.457, 17.098, 17.241, 18.427, 19.686, 19.306, 20.576, 22.325, 22.812, 22.889, 22.772, 23.331, 23.919, 23.197, 23.001, 23.465, 23.927, 24.344, 24.797, 25.107, 25.127, 25.029, 24.938, 25.125, 24.699, 24.053, 23.937, 24.271, 25.658, 26.821, 27.249, 28.537, 30.232, 30.887, 30.945, 30.949, 30.255, 28.551, 27.243, 26.972, 26.144, 24.699, 24.326, 24.843, 25.385, 25.424, 24.801, 24.041, 23.564, 23.325, 22.867, 22.46, 22.074, 21.713, 21.29, 22.368, 26.988, 30.509, 31.21, 31.418], [8.904, 7.338, 4.787, 0.0, 5.496, 7.17, 7.692, 8.884, 9.968, 10.827, 11.666, 12.513, 12.548, 12.794, 13.539, 13.915, 14.027, 14.307, 14.455, 14.513, 14.627, 14.338, 14.168, 14.419, 14.566, 15.322, 16.594, 17.52, 17.748, 18.854, 20.122, 19.711, 20.927, 22.566, 22.967, 23.088, 23.116, 23.797, 24.358, 23.615, 23.403, 23.834, 24.242, 24.575, 24.965, 25.241, 25.239, 25.12, 25.011, 25.19, 24.792, 24.176, 24.064, 24.38, 25.698, 26.803, 27.253, 28.561, 30.233, 30.842, 30.866, 30.826, 30.066, 28.338, 27.023, 26.752, 25.955, 24.618, 24.317, 24.79, 25.293, 25.367, 24.862, 24.19, 23.697, 23.391, 22.937, 22.577, 22.223, 21.909, 21.522, 22.407, 26.699, 30.109, 30.811, 31.074], [11.803, 10.565, 8.911, 5.496, 0.0, 2.669, 3.903, 6.077, 7.706, 8.719, 9.617, 10.668, 11.393, 12.324, 13.247, 13.623, 13.72, 14.08, 14.403, 14.597, 14.602, 14.399, 14.608, 15.018, 15.294, 16.074, 17.333, 18.385, 18.646, 19.647, 20.859, 20.477, 21.73, 23.363, 23.76, 23.874, 23.917, 24.662, 25.284, 24.597, 24.354, 24.754, 25.139, 25.439, 25.779, 25.997, 25.945, 25.794, 25.674, 25.841, 25.447, 24.845, 24.747, 25.072, 26.357, 27.44, 27.891, 29.161, 30.759, 31.316, 31.295, 31.222, 30.48, 28.799, 27.471, 27.2, 26.396, 25.064, 24.784, 25.232, 25.719, 25.824, 25.406, 24.781, 24.201, 23.77, 23.251, 22.845, 22.474, 22.214, 21.899, 22.569, 26.444, 29.704, 30.397, 30.659], [12.729, 11.553, 10.042, 7.17, 2.669, 0.0, 2.665, 5.484, 7.351, 8.339, 9.196, 10.426, 11.346, 12.386, 13.296, 13.66, 13.761, 14.123, 14.472, 14.679, 14.621, 14.419, 14.721, 15.174, 15.47, 16.236, 17.469, 18.529, 18.8, 19.791, 20.992, 20.629, 21.879, 23.515, 23.928, 24.046, 24.095, 24.851, 25.493, 24.833, 24.593, 24.985, 25.362, 25.662, 26.0, 26.207, 26.139, 25.979, 25.859, 26.027, 25.639, 25.058, 24.98, 25.312, 26.578, 27.636, 28.064, 29.301, 30.872, 31.428, 31.409, 31.345, 30.64, 28.989, 27.678, 27.417, 26.609, 25.272, 24.989, 25.424, 25.926, 26.044, 25.599, 24.964, 24.381, 23.939, 23.4, 22.977, 22.6, 22.346, 22.051, 22.728, 26.557, 29.786, 30.464, 30.704], [13.079, 11.937, 10.515, 7.692, 3.903, 2.665, 0.0, 3.841, 6.249, 7.613, 8.767, 10.085, 11.161, 12.325, 13.276, 13.636, 13.714, 14.093, 14.489, 14.783, 14.727, 14.51, 14.843, 15.295, 15.591, 16.328, 17.539, 18.633, 18.907, 19.887, 21.084, 20.716, 21.993, 23.617, 24.042, 24.19, 24.26, 25.006, 25.625, 24.963, 24.736, 25.137, 25.509, 25.797, 26.133, 26.337, 26.255, 26.089, 25.979, 26.146, 25.741, 25.155, 25.074, 25.387, 26.616, 27.666, 28.112, 29.351, 30.903, 31.449, 31.43, 31.364, 30.647, 29.0, 27.703, 27.451, 26.65, 25.329, 25.045, 25.458, 25.938, 26.03, 25.593, 24.982, 24.39, 23.934, 23.416, 23.055, 22.737, 22.511, 22.224, 22.89, 26.676, 29.884, 30.569, 30.814], [12.988, 11.926, 10.893, 8.884, 6.077, 5.484, 3.841, 0.0, 3.195, 5.276, 7.107, 8.669, 9.773, 11.084, 12.214, 12.656, 12.706, 13.107, 13.532, 14.03, 14.07, 13.894, 14.296, 14.793, 15.121, 15.788, 16.922, 18.013, 18.274, 19.324, 20.6, 20.224, 21.607, 23.343, 23.819, 23.978, 24.028, 24.802, 25.476, 24.809, 24.592, 25.057, 25.475, 25.802, 26.165, 26.389, 26.312, 26.156, 26.064, 26.232, 25.791, 25.146, 25.055, 25.368, 26.643, 27.769, 28.249, 29.514, 31.092, 31.66, 31.653, 31.596, 30.876, 29.2, 27.871, 27.609, 26.789, 25.425, 25.106, 25.534, 26.039, 26.116, 25.666, 25.037, 24.402, 23.919, 23.406, 23.069, 22.781, 22.564, 22.277, 22.996, 26.855, 30.083, 30.78, 31.022], [13.406, 12.433, 11.598, 9.968, 7.706, 7.351, 6.249, 3.195, 0.0, 3.139, 5.659, 7.448, 8.555, 9.955, 11.243, 11.779, 11.838, 12.273, 12.738, 13.402, 13.551, 13.395, 13.834, 14.357, 14.721, 15.384, 16.543, 17.68, 17.955, 19.031, 20.346, 19.976, 21.395, 23.178, 23.685, 23.856, 23.905, 24.703, 25.407, 24.759, 24.555, 25.06, 25.515, 25.87, 26.255, 26.501, 26.445, 26.307, 26.243, 26.411, 25.974, 25.323, 25.238, 25.546, 26.807, 27.938, 28.411, 29.655, 31.226, 31.805, 31.807, 31.765, 31.063, 29.401, 28.081, 27.819, 27.009, 25.654, 25.325, 25.75, 26.251, 26.33, 25.884, 25.249, 24.607, 24.135, 23.658, 23.363, 23.103, 22.896, 22.619, 23.337, 27.114, 30.281, 30.979, 31.231], [13.876, 12.912, 12.142, 10.827, 8.719, 8.339, 7.613, 5.276, 3.139, 0.0, 3.447, 5.947, 7.227, 8.792, 10.214, 10.847, 10.899, 11.332, 11.784, 12.579, 12.801, 12.746, 13.421, 14.091, 14.518, 15.131, 16.197, 17.336, 17.628, 18.747, 20.083, 19.693, 21.17, 23.05, 23.628, 23.823, 23.866, 24.674, 25.404, 24.751, 24.545, 25.049, 25.517, 25.907, 26.318, 26.58, 26.545, 26.423, 26.374, 26.544, 26.103, 25.449, 25.365, 25.687, 26.962, 28.101, 28.566, 29.788, 31.347, 31.929, 31.943, 31.915, 31.231, 29.583, 28.27, 28.002, 27.201, 25.848, 25.503, 25.929, 26.427, 26.497, 26.016, 25.352, 24.715, 24.26, 23.775, 23.467, 23.191, 22.979, 22.713, 23.472, 27.286, 30.467, 31.164, 31.405], [14.824, 13.827, 12.994, 11.666, 9.617, 9.196, 8.767, 7.107, 5.659, 3.447, 0.0, 3.397, 5.469, 7.659, 9.359, 10.05, 10.098, 10.61, 11.135, 12.046, 12.299, 12.289, 13.042, 13.736, 14.222, 14.792, 15.852, 17.11, 17.435, 18.59, 19.971, 19.575, 21.096, 23.012, 23.603, 23.834, 23.921, 24.783, 25.543, 24.879, 24.66, 25.156, 25.611, 25.998, 26.41, 26.671, 26.64, 26.516, 26.455, 26.623, 26.179, 25.514, 25.426, 25.776, 27.097, 28.272, 28.782, 30.029, 31.578, 32.146, 32.154, 32.117, 31.419, 29.759, 28.429, 28.15, 27.354, 26.018, 25.69, 26.115, 26.627, 26.724, 26.253, 25.585, 24.938, 24.467, 23.96, 23.607, 23.29, 23.079, 22.831, 23.592, 27.377, 30.533, 31.206, 31.431], [15.509, 14.537, 13.756, 12.513, 10.668, 10.426, 10.085, 8.669, 7.448, 5.947, 3.397, 0.0, 3.314, 6.494, 8.533, 9.275, 9.318, 9.958, 10.628, 11.744, 12.059, 12.062, 12.817, 13.481, 14.023, 14.663, 15.856, 17.201, 17.532, 18.681, 20.048, 19.686, 21.24, 23.175, 23.8, 24.066, 24.195, 25.091, 25.856, 25.183, 24.951, 25.449, 25.895, 26.261, 26.655, 26.905, 26.873, 26.748, 26.671, 26.827, 26.387, 25.716, 25.628, 25.986, 27.298, 28.477, 29.004, 30.254, 31.784, 32.333, 32.325, 32.274, 31.571, 29.925, 28.604, 28.33, 27.543, 26.241, 25.946, 26.359, 26.853, 26.947, 26.512, 25.869, 25.198, 24.696, 24.197, 23.853, 23.545, 23.36, 23.133, 23.809, 27.425, 30.517, 31.191, 31.409], [15.027, 14.09, 13.384, 12.548, 11.393, 11.346, 11.161, 9.773, 8.555, 7.227, 5.469, 3.314, 0.0, 3.828, 6.48, 7.467, 7.55, 8.278, 8.946, 10.222, 10.677, 10.68, 11.47, 12.244, 12.855, 13.562, 14.789, 16.109, 16.445, 17.751, 19.245, 18.885, 20.568, 22.662, 23.351, 23.618, 23.72, 24.631, 25.42, 24.69, 24.448, 24.993, 25.484, 25.884, 26.309, 26.594, 26.603, 26.506, 26.425, 26.584, 26.127, 25.437, 25.351, 25.735, 27.1, 28.302, 28.8, 30.044, 31.613, 32.199, 32.213, 32.178, 31.484, 29.816, 28.486, 28.216, 27.423, 26.109, 25.814, 26.257, 26.767, 26.842, 26.358, 25.681, 25.028, 24.568, 24.084, 23.74, 23.42, 23.202, 22.939, 23.71, 27.547, 30.751, 31.445, 31.66], [14.641, 13.816, 13.219, 12.794, 12.324, 12.386, 12.325, 11.084, 9.955, 8.792, 7.659, 6.494, 3.828, 0.0, 3.456, 4.958, 5.096, 5.865, 6.525, 8.11, 8.84, 8.789, 9.619, 10.6, 11.298, 12.115, 13.372, 14.642, 15.026, 16.522, 18.208, 17.846, 19.677, 21.945, 22.664, 22.92, 22.991, 23.913, 24.728, 23.973, 23.739, 24.331, 24.871, 25.319, 25.79, 26.115, 26.173, 26.132, 26.071, 26.236, 25.768, 25.069, 25.002, 25.421, 26.851, 28.076, 28.546, 29.782, 31.405, 32.044, 32.085, 32.079, 31.402, 29.709, 28.38, 28.115, 27.313, 25.974, 25.661, 26.14, 26.678, 26.749, 26.2, 25.475, 24.885, 24.506, 24.041, 23.688, 23.341, 23.074, 22.77, 23.694, 27.793, 31.112, 31.832, 32.047], [14.994, 14.293, 13.799, 13.539, 13.247, 13.296, 13.276, 12.214, 11.243, 10.214, 9.359, 8.533, 6.48, 3.456, 0.0, 2.059, 2.369, 3.272, 4.348, 6.579, 7.54, 7.457, 8.587, 9.809, 10.561, 11.481, 12.82, 14.053, 14.48, 16.02, 17.761, 17.428, 19.376, 21.754, 22.506, 22.762, 22.818, 23.741, 24.572, 23.857, 23.649, 24.259, 24.817, 25.279, 25.757, 26.077, 26.137, 26.127, 26.101, 26.269, 25.809, 25.14, 25.092, 25.526, 26.959, 28.165, 28.606, 29.798, 31.408, 32.051, 32.093, 32.097, 31.442, 29.775, 28.485, 28.238, 27.45, 26.125, 25.812, 26.301, 26.842, 26.899, 26.322, 25.596, 25.056, 24.712, 24.252, 23.881, 23.508, 23.225, 22.911, 23.851, 27.992, 31.349, 32.092, 32.313], [15.313, 14.653, 14.188, 13.915, 13.623, 13.66, 13.636, 12.656, 11.779, 10.847, 10.05, 9.275, 7.467, 4.958, 2.059, 0.0, 1.078, 2.463, 4.004, 6.378, 7.328, 7.256, 8.525, 9.825, 10.573, 11.487, 12.805, 14.008, 14.432, 15.968, 17.701, 17.375, 19.395, 21.818, 22.589, 22.846, 22.893, 23.802, 24.624, 23.921, 23.72, 24.327, 24.884, 25.337, 25.803, 26.109, 26.151, 26.136, 26.113, 26.279, 25.823, 25.172, 25.132, 25.583, 27.026, 28.224, 28.651, 29.82, 31.418, 32.067, 32.11, 32.113, 31.456, 29.796, 28.524, 28.284, 27.511, 26.212, 25.91, 26.401, 26.946, 27.003, 26.428, 25.719, 25.2, 24.863, 24.405, 24.034, 23.654, 23.366, 23.04, 23.979, 28.156, 31.54, 32.29, 32.517], [15.386, 14.734, 14.291, 14.027, 13.72, 13.761, 13.714, 12.706, 11.838, 10.899, 10.098, 9.318, 7.55, 5.096, 2.369, 1.078, 0.0, 1.835, 3.833, 6.426, 7.406, 7.359, 8.596, 9.882, 10.631, 11.534, 12.831, 14.031, 14.459, 16.001, 17.733, 17.4, 19.435, 21.869, 22.641, 22.902, 22.953, 23.863, 24.687, 23.983, 23.78, 24.384, 24.932, 25.38, 25.846, 26.152, 26.196, 26.184, 26.167, 26.331, 25.876, 25.226, 25.188, 25.634, 27.069, 28.27, 28.703, 29.875, 31.474, 32.121, 32.163, 32.165, 31.508, 29.85, 28.574, 28.333, 27.56, 26.255, 25.95, 26.441, 26.981, 27.028, 26.453, 25.744, 25.224, 24.886, 24.425, 24.052, 23.67, 23.381, 23.057, 23.986, 28.154, 31.539, 32.293, 32.525], [15.479, 14.867, 14.473, 14.307, 14.08, 14.123, 14.093, 13.107, 12.273, 11.332, 10.61, 9.958, 8.278, 5.865, 3.272, 2.463, 1.835, 0.0, 2.785, 5.926, 7.069, 7.098, 8.437, 9.818, 10.573, 11.481, 12.749, 13.927, 14.355, 15.918, 17.673, 17.326, 19.408, 21.885, 22.662, 22.914, 22.949, 23.853, 24.675, 23.965, 23.769, 24.377, 24.925, 25.373, 25.843, 26.156, 26.211, 26.219, 26.228, 26.394, 25.944, 25.316, 25.287, 25.741, 27.166, 28.366, 28.797, 29.952, 31.536, 32.179, 32.225, 32.229, 31.577, 29.93, 28.662, 28.424, 27.66, 26.356, 26.05, 26.543, 27.081, 27.126, 26.536, 25.816, 25.312, 24.992, 24.529, 24.148, 23.763, 23.467, 23.134, 24.081, 28.287, 31.685, 32.44, 32.669], [15.404, 14.83, 14.474, 14.455, 14.403, 14.472, 14.489, 13.532, 12.738, 11.784, 11.135, 10.628, 8.946, 6.525, 4.348, 4.004, 3.833, 2.785, 0.0, 3.863, 5.461, 5.812, 7.673, 9.342, 10.159, 11.009, 12.223, 13.395, 13.818, 15.39, 17.248, 16.914, 19.093, 21.709, 22.534, 22.785, 22.794, 23.694, 24.536, 23.821, 23.628, 24.249, 24.822, 25.295, 25.785, 26.116, 26.199, 26.229, 26.242, 26.415, 25.962, 25.316, 25.292, 25.769, 27.206, 28.397, 28.801, 29.924, 31.5, 32.148, 32.201, 32.222, 31.585, 29.953, 28.707, 28.469, 27.712, 26.409, 26.089, 26.573, 27.097, 27.13, 26.517, 25.781, 25.295, 24.993, 24.516, 24.104, 23.709, 23.404, 23.061, 24.056, 28.338, 31.752, 32.487, 32.703], [15.523, 14.965, 14.554, 14.513, 14.597, 14.679, 14.783, 14.03, 13.402, 12.579, 12.046, 11.744, 10.222, 8.11, 6.579, 6.378, 6.426, 5.926, 3.863, 0.0, 2.368, 3.468, 6.096, 8.173, 9.086, 9.95, 11.216, 12.377, 12.758, 14.268, 16.25, 15.987, 18.321, 21.098, 21.997, 22.281, 22.303, 23.219, 24.089, 23.373, 23.174, 23.798, 24.421, 24.943, 25.454, 25.787, 25.887, 25.923, 25.9, 26.072, 25.619, 24.967, 24.951, 25.462, 26.899, 28.058, 28.42, 29.477, 31.049, 31.71, 31.768, 31.803, 31.184, 29.585, 28.398, 28.165, 27.417, 26.124, 25.79, 26.257, 26.771, 26.792, 26.14, 25.388, 24.931, 24.661, 24.166, 23.702, 23.272, 22.941, 22.588, 23.662, 28.092, 31.542, 32.248, 32.451], [15.717, 15.16, 14.736, 14.627, 14.602, 14.621, 14.727, 14.07, 13.551, 12.801, 12.299, 12.059, 10.677, 8.84, 7.54, 7.328, 7.406, 7.069, 5.461, 2.368, 0.0, 2.258, 5.801, 8.035, 8.983, 9.82, 11.077, 12.266, 12.633, 14.169, 16.187, 15.949, 18.339, 21.127, 22.038, 22.33, 22.354, 23.269, 24.155, 23.451, 23.24, 23.855, 24.488, 25.021, 25.533, 25.861, 25.953, 25.967, 25.905, 26.067, 25.611, 24.957, 24.939, 25.456, 26.905, 28.061, 28.416, 29.471, 31.049, 31.715, 31.773, 31.809, 31.195, 29.595, 28.41, 28.177, 27.41, 26.099, 25.764, 26.228, 26.759, 26.802, 26.146, 25.388, 24.929, 24.655, 24.135, 23.633, 23.176, 22.836, 22.492, 23.59, 28.071, 31.556, 32.268, 32.463], [15.511, 14.97, 14.496, 14.338, 14.399, 14.419, 14.51, 13.894, 13.395, 12.746, 12.289, 12.062, 10.68, 8.789, 7.457, 7.256, 7.359, 7.098, 5.812, 3.468, 2.258, 0.0, 4.133, 6.578, 7.651, 8.755, 10.288, 11.58, 11.986, 13.566, 15.641, 15.419, 17.8, 20.569, 21.457, 21.77, 21.837, 22.804, 23.706, 22.998, 22.806, 23.459, 24.11, 24.653, 25.178, 25.52, 25.625, 25.648, 25.6, 25.774, 25.305, 24.632, 24.619, 25.144, 26.616, 27.799, 28.184, 29.285, 30.878, 31.531, 31.58, 31.607, 30.988, 29.382, 28.185, 27.957, 27.18, 25.856, 25.526, 26.002, 26.538, 26.578, 25.934, 25.181, 24.702, 24.406, 23.884, 23.403, 22.957, 22.612, 22.257, 23.357, 27.874, 31.389, 32.118, 32.338], [15.413, 14.908, 14.344, 14.168, 14.608, 14.721, 14.843, 14.296, 13.834, 13.421, 13.042, 12.817, 11.47, 9.619, 8.587, 8.525, 8.596, 8.437, 7.673, 6.096, 5.801, 4.133, 0.0, 2.865, 4.286, 6.101, 8.396, 9.823, 10.282, 11.791, 13.909, 13.725, 15.961, 18.687, 19.579, 19.99, 20.211, 21.349, 22.305, 21.577, 21.432, 22.163, 22.867, 23.444, 23.992, 24.357, 24.499, 24.562, 24.556, 24.765, 24.288, 23.623, 23.644, 24.195, 25.696, 26.947, 27.426, 28.58, 30.16, 30.779, 30.816, 30.826, 30.188, 28.608, 27.437, 27.213, 26.455, 25.13, 24.773, 25.256, 25.751, 25.718, 25.088, 24.36, 23.846, 23.534, 23.043, 22.643, 22.245, 21.882, 21.497, 22.592, 27.137, 30.639, 31.349, 31.596], [15.713, 15.234, 14.633, 14.419, 15.018, 15.174, 15.295, 14.793, 14.357, 14.091, 13.736, 13.481, 12.244, 10.6, 9.809, 9.825, 9.882, 9.818, 9.342, 8.173, 8.035, 6.578, 2.865, 0.0, 2.008, 4.763, 7.682, 9.22, 9.734, 11.112, 13.174, 13.037, 14.978, 17.49, 18.35, 18.837, 19.193, 20.492, 21.495, 20.751, 20.632, 21.416, 22.151, 22.736, 23.284, 23.646, 23.804, 23.886, 23.895, 24.117, 23.639, 22.99, 23.035, 23.582, 25.07, 26.355, 26.91, 28.114, 29.671, 30.25, 30.269, 30.252, 29.596, 28.047, 26.902, 26.679, 25.932, 24.613, 24.237, 24.707, 25.149, 25.06, 24.463, 23.782, 23.247, 22.93, 22.493, 22.184, 21.85, 21.498, 21.103, 22.119, 26.542, 29.966, 30.657, 30.935], [15.84, 15.369, 14.751, 14.566, 15.294, 15.47, 15.591, 15.121, 14.721, 14.518, 14.222, 14.023, 12.855, 11.298, 10.561, 10.573, 10.631, 10.573, 10.159, 9.086, 8.983, 7.651, 4.286, 2.008, 0.0, 3.563, 6.972, 8.59, 9.139, 10.482, 12.554, 12.426, 14.285, 16.805, 17.722, 18.266, 18.692, 20.062, 21.097, 20.37, 20.282, 21.108, 21.881, 22.494, 23.051, 23.411, 23.576, 23.677, 23.703, 23.935, 23.46, 22.813, 22.862, 23.39, 24.85, 26.14, 26.717, 27.946, 29.511, 30.085, 30.103, 30.085, 29.432, 27.901, 26.773, 26.548, 25.808, 24.48, 24.079, 24.539, 24.955, 24.83, 24.226, 23.548, 23.003, 22.686, 22.261, 21.969, 21.642, 21.285, 20.886, 21.91, 26.35, 29.761, 30.444, 30.737], [16.514, 15.992, 15.402, 15.322, 16.074, 16.236, 16.328, 15.788, 15.384, 15.131, 14.792, 14.663, 13.562, 12.115, 11.481, 11.487, 11.534, 11.481, 11.009, 9.95, 9.82, 8.755, 6.101, 4.763, 3.563, 0.0, 4.234, 6.593, 7.288, 8.823, 11.25, 11.142, 13.22, 16.186, 17.403, 18.06, 18.535, 19.951, 21.086, 20.396, 20.331, 21.21, 22.048, 22.74, 23.34, 23.706, 23.869, 23.983, 23.998, 24.222, 23.737, 23.079, 23.114, 23.649, 25.122, 26.403, 26.966, 28.167, 29.729, 30.347, 30.396, 30.4, 29.758, 28.223, 27.104, 26.87, 26.154, 24.827, 24.387, 24.833, 25.254, 25.116, 24.46, 23.748, 23.208, 22.908, 22.449, 22.079, 21.695, 21.305, 20.91, 22.053, 26.611, 30.032, 30.703, 30.982], [17.45, 16.931, 16.457, 16.594, 17.333, 17.469, 17.539, 16.922, 16.543, 16.197, 15.852, 15.856, 14.789, 13.372, 12.82, 12.805, 12.831, 12.749, 12.223, 11.216, 11.077, 10.288, 8.396, 7.682, 6.972, 4.234, 0.0, 3.584, 4.787, 6.719, 9.691, 9.595, 12.217, 15.827, 17.349, 18.091, 18.589, 20.032, 21.287, 20.645, 20.596, 21.522, 22.406, 23.166, 23.805, 24.183, 24.335, 24.43, 24.402, 24.607, 24.111, 23.435, 23.457, 24.003, 25.484, 26.718, 27.22, 28.376, 29.96, 30.649, 30.74, 30.767, 30.161, 28.633, 27.506, 27.262, 26.556, 25.238, 24.77, 25.211, 25.653, 25.517, 24.793, 24.019, 23.499, 23.234, 22.743, 22.294, 21.862, 21.438, 21.043, 22.322, 27.035, 30.51, 31.181, 31.433], [17.865, 17.432, 17.098, 17.52, 18.385, 18.529, 18.633, 18.013, 17.68, 17.336, 17.11, 17.201, 16.109, 14.642, 14.053, 14.008, 14.031, 13.927, 13.395, 12.377, 12.266, 11.58, 9.823, 9.22, 8.59, 6.593, 3.584, 0.0, 2.058, 4.827, 8.231, 8.376, 11.301, 15.253, 16.933, 17.686, 18.147, 19.514, 20.818, 20.28, 20.274, 21.236, 22.171, 22.993, 23.663, 24.053, 24.216, 24.319, 24.286, 24.487, 24.007, 23.364, 23.394, 23.932, 25.393, 26.607, 27.078, 28.179, 29.763, 30.486, 30.595, 30.652, 30.127, 28.701, 27.629, 27.389, 26.704, 25.381, 24.87, 25.321, 25.763, 25.591, 24.805, 23.974, 23.444, 23.195, 22.701, 22.236, 21.792, 21.353, 20.959, 22.29, 27.058, 30.523, 31.166, 31.371], [17.917, 17.52, 17.241, 17.748, 18.646, 18.8, 18.907, 18.274, 17.955, 17.628, 17.435, 17.532, 16.445, 15.026, 14.48, 14.432, 14.459, 14.355, 13.818, 12.758, 12.633, 11.986, 10.282, 9.734, 9.139, 7.288, 4.787, 2.058, 0.0, 3.911, 7.642, 7.93, 11.001, 15.042, 16.756, 17.506, 17.949, 19.3, 20.617, 20.096, 20.103, 21.075, 22.034, 22.888, 23.57, 23.962, 24.131, 24.24, 24.206, 24.409, 23.927, 23.283, 23.312, 23.858, 25.331, 26.554, 27.029, 28.119, 29.703, 30.441, 30.557, 30.619, 30.111, 28.702, 27.638, 27.399, 26.718, 25.387, 24.861, 25.311, 25.752, 25.574, 24.778, 23.937, 23.398, 23.144, 22.648, 22.185, 21.741, 21.297, 20.899, 22.25, 27.036, 30.489, 31.111, 31.297], [19.065, 18.703, 18.427, 18.854, 19.647, 19.791, 19.887, 19.324, 19.031, 18.747, 18.59, 18.681, 17.751, 16.522, 16.02, 15.968, 16.001, 15.918, 15.39, 14.268, 14.169, 13.566, 11.791, 11.112, 10.482, 8.823, 6.719, 4.827, 3.911, 0.0, 4.414, 5.266, 8.641, 13.21, 15.273, 16.23, 16.905, 18.463, 19.945, 19.614, 19.703, 20.69, 21.712, 22.642, 23.337, 23.722, 23.932, 24.093, 24.081, 24.295, 23.847, 23.27, 23.324, 23.853, 25.195, 26.329, 26.783, 27.755, 29.223, 29.915, 30.026, 30.098, 29.65, 28.405, 27.483, 27.271, 26.673, 25.43, 24.88, 25.282, 25.64, 25.385, 24.597, 23.788, 23.239, 22.986, 22.518, 22.069, 21.658, 21.246, 20.881, 22.085, 26.508, 29.72, 30.259, 30.427], [20.277, 19.94, 19.686, 20.122, 20.859, 20.992, 21.084, 20.6, 20.346, 20.083, 19.971, 20.048, 19.245, 18.208, 17.761, 17.701, 17.733, 17.673, 17.248, 16.25, 16.187, 15.641, 13.909, 13.174, 12.554, 11.25, 9.691, 8.231, 7.642, 4.414, 0.0, 2.443, 6.374, 11.477, 14.047, 15.226, 16.106, 17.829, 19.464, 19.361, 19.517, 20.477, 21.545, 22.54, 23.232, 23.602, 23.857, 24.079, 24.119, 24.353, 23.954, 23.479, 23.538, 24.033, 25.228, 26.259, 26.681, 27.514, 28.844, 29.484, 29.594, 29.685, 29.328, 28.28, 27.522, 27.342, 26.815, 25.653, 25.07, 25.429, 25.694, 25.338, 24.543, 23.769, 23.202, 22.942, 22.489, 22.048, 21.67, 21.308, 20.989, 22.019, 26.049, 29.024, 29.492, 29.616], [19.944, 19.591, 19.306, 19.711, 20.477, 20.629, 20.716, 20.224, 19.976, 19.693, 19.575, 19.686, 18.885, 17.846, 17.428, 17.375, 17.4, 17.326, 16.914, 15.987, 15.949, 15.419, 13.725, 13.037, 12.426, 11.142, 9.595, 8.376, 7.93, 5.266, 2.443, 0.0, 5.519, 10.984, 13.585, 14.777, 15.682, 17.468, 19.138, 18.994, 19.115, 20.059, 21.124, 22.131, 22.837, 23.215, 23.483, 23.733, 23.807, 24.061, 23.651, 23.162, 23.203, 23.698, 24.957, 26.053, 26.522, 27.419, 28.773, 29.405, 29.524, 29.619, 29.249, 28.16, 27.368, 27.188, 26.656, 25.473, 24.877, 25.245, 25.524, 25.174, 24.37, 23.585, 23.011, 22.743, 22.275, 21.839, 21.475, 21.118, 20.802, 21.886, 26.043, 29.09, 29.566, 29.679], [21.237, 20.914, 20.576, 20.927, 21.73, 21.879, 21.993, 21.607, 21.395, 21.17, 21.096, 21.24, 20.568, 19.677, 19.376, 19.395, 19.435, 19.408, 19.093, 18.321, 18.339, 17.8, 15.961, 14.978, 14.285, 13.22, 12.217, 11.301, 11.001, 8.641, 6.374, 5.519, 0.0, 6.29, 9.774, 11.464, 12.835, 14.978, 16.96, 17.181, 17.413, 18.287, 19.384, 20.486, 21.201, 21.567, 21.935, 22.337, 22.528, 22.816, 22.494, 22.229, 22.3, 22.729, 23.909, 25.009, 25.591, 26.49, 27.707, 28.281, 28.436, 28.594, 28.347, 27.524, 26.954, 26.814, 26.438, 25.416, 24.806, 25.126, 25.377, 25.033, 24.229, 23.483, 22.973, 22.77, 22.44, 22.204, 22.016, 21.742, 21.468, 22.427, 26.185, 28.909, 29.273, 29.34], [22.893, 22.658, 22.325, 22.566, 23.363, 23.515, 23.617, 23.343, 23.178, 23.05, 23.012, 23.175, 22.662, 21.945, 21.754, 21.818, 21.869, 21.885, 21.709, 21.098, 21.127, 20.569, 18.687, 17.49, 16.805, 16.186, 15.827, 15.253, 15.042, 13.21, 11.477, 10.984, 6.29, 0.0, 4.653, 7.171, 9.271, 11.927, 14.171, 14.833, 15.23, 15.978, 16.986, 18.097, 18.772, 19.126, 19.619, 20.165, 20.543, 20.883, 20.687, 20.718, 20.84, 21.201, 22.301, 23.432, 24.232, 25.278, 26.401, 26.882, 27.049, 27.223, 27.035, 26.462, 26.134, 26.05, 25.865, 25.094, 24.547, 24.828, 25.035, 24.738, 24.018, 23.359, 22.961, 22.886, 22.82, 22.906, 22.944, 22.766, 22.52, 23.274, 26.525, 28.911, 29.215, 29.292], [23.222, 23.099, 22.812, 22.967, 23.76, 23.928, 24.042, 23.819, 23.685, 23.628, 23.603, 23.8, 23.351, 22.664, 22.506, 22.589, 22.641, 22.662, 22.534, 21.997, 22.038, 21.457, 19.579, 18.35, 17.722, 17.403, 17.349, 16.933, 16.756, 15.273, 14.047, 13.585, 9.774, 4.653, 0.0, 3.307, 6.416, 9.687, 12.101, 13.016, 13.542, 14.299, 15.185, 16.192, 16.845, 17.241, 17.817, 18.417, 18.874, 19.262, 19.138, 19.278, 19.456, 19.889, 21.136, 22.438, 23.447, 24.719, 25.917, 26.37, 26.527, 26.676, 26.446, 25.889, 25.569, 25.495, 25.368, 24.69, 24.248, 24.574, 24.804, 24.59, 23.949, 23.34, 23.032, 23.031, 23.082, 23.296, 23.406, 23.242, 22.971, 23.685, 26.875, 29.226, 29.548, 29.662], [23.122, 23.094, 22.889, 23.088, 23.874, 24.046, 24.19, 23.978, 23.856, 23.823, 23.834, 24.066, 23.618, 22.92, 22.762, 22.846, 22.902, 22.914, 22.785, 22.281, 22.33, 21.77, 19.99, 18.837, 18.266, 18.06, 18.091, 17.686, 17.506, 16.23, 15.226, 14.777, 11.464, 7.171, 3.307, 0.0, 3.763, 7.644, 10.465, 11.651, 12.29, 13.165, 14.054, 15.008, 15.655, 16.078, 16.684, 17.34, 17.892, 18.327, 18.216, 18.399, 18.609, 19.104, 20.483, 21.874, 22.956, 24.328, 25.591, 26.064, 26.23, 26.385, 26.15, 25.586, 25.262, 25.197, 25.096, 24.431, 24.033, 24.427, 24.696, 24.515, 23.848, 23.185, 22.912, 22.955, 23.032, 23.264, 23.409, 23.251, 22.97, 23.715, 26.934, 29.3, 29.619, 29.73], [22.831, 22.873, 22.772, 23.116, 23.917, 24.095, 24.26, 24.028, 23.905, 23.866, 23.921, 24.195, 23.72, 22.991, 22.818, 22.893, 22.953, 22.949, 22.794, 22.303, 22.354, 21.837, 20.211, 19.193, 18.692, 18.535, 18.589, 18.147, 17.949, 16.905, 16.106, 15.682, 12.835, 9.271, 6.416, 3.763, 0.0, 4.589, 8.243, 9.889, 10.643, 11.703, 12.729, 13.735, 14.421, 14.905, 15.578, 16.327, 16.989, 17.464, 17.333, 17.531, 17.751, 18.272, 19.779, 21.218, 22.314, 23.752, 25.088, 25.602, 25.782, 25.966, 25.749, 25.184, 24.888, 24.852, 24.802, 24.159, 23.786, 24.239, 24.557, 24.421, 23.689, 22.917, 22.692, 22.813, 22.929, 23.18, 23.368, 23.215, 22.932, 23.77, 27.119, 29.541, 29.857, 29.953], [23.254, 23.353, 23.331, 23.797, 24.662, 24.851, 25.006, 24.802, 24.703, 24.674, 24.783, 25.091, 24.631, 23.913, 23.741, 23.802, 23.863, 23.853, 23.694, 23.219, 23.269, 22.804, 21.349, 20.492, 20.062, 19.951, 20.032, 19.514, 19.3, 18.463, 17.829, 17.468, 14.978, 11.927, 9.687, 7.644, 4.589, 0.0, 4.72, 7.631, 8.646, 9.783, 10.986, 12.13, 12.918, 13.532, 14.353, 15.245, 16.033, 16.537, 16.485, 16.858, 17.112, 17.642, 19.15, 20.582, 21.681, 23.078, 24.415, 24.977, 25.204, 25.433, 25.253, 24.77, 24.579, 24.572, 24.629, 24.112, 23.803, 24.275, 24.628, 24.564, 23.784, 22.953, 22.873, 23.178, 23.423, 23.744, 23.969, 23.823, 23.539, 24.453, 27.841, 30.23, 30.519, 30.576], [23.806, 23.941, 23.919, 24.358, 25.284, 25.493, 25.625, 25.476, 25.407, 25.404, 25.543, 25.856, 25.42, 24.728, 24.572, 24.624, 24.687, 24.675, 24.536, 24.089, 24.155, 23.706, 22.305, 21.495, 21.097, 21.086, 21.287, 20.818, 20.617, 19.945, 19.464, 19.138, 16.96, 14.171, 12.101, 10.465, 8.243, 4.72, 0.0, 4.368, 5.967, 7.222, 8.673, 9.963, 10.847, 11.613, 12.647, 13.721, 14.655, 15.2, 15.214, 15.722, 16.053, 16.586, 17.996, 19.471, 20.666, 22.057, 23.371, 23.968, 24.238, 24.447, 24.212, 23.76, 23.619, 23.614, 23.79, 23.48, 23.286, 23.758, 24.148, 24.167, 23.429, 22.677, 22.775, 23.282, 23.702, 24.173, 24.465, 24.328, 24.025, 24.904, 28.238, 30.578, 30.85, 30.918], [23.088, 23.237, 23.197, 23.615, 24.597, 24.833, 24.963, 24.809, 24.759, 24.751, 24.879, 25.183, 24.69, 23.973, 23.857, 23.921, 23.983, 23.965, 23.821, 23.373, 23.451, 22.998, 21.577, 20.751, 20.37, 20.396, 20.645, 20.28, 20.096, 19.614, 19.361, 18.994, 17.181, 14.833, 13.016, 11.651, 9.889, 7.631, 4.368, 0.0, 2.487, 4.747, 6.73, 8.313, 9.343, 10.195, 11.378, 12.583, 13.558, 14.118, 13.957, 14.248, 14.582, 15.195, 16.779, 18.448, 19.765, 21.269, 22.651, 23.286, 23.551, 23.685, 23.317, 22.666, 22.36, 22.297, 22.435, 22.081, 21.866, 22.356, 22.769, 22.789, 22.076, 21.441, 21.616, 22.189, 22.66, 23.206, 23.55, 23.408, 23.066, 23.93, 27.441, 29.949, 30.274, 30.408], [22.883, 23.032, 23.001, 23.403, 24.354, 24.593, 24.736, 24.592, 24.555, 24.545, 24.66, 24.951, 24.448, 23.739, 23.649, 23.72, 23.78, 23.769, 23.628, 23.174, 23.24, 22.806, 21.432, 20.632, 20.282, 20.331, 20.596, 20.274, 20.103, 19.703, 19.517, 19.115, 17.413, 15.23, 13.542, 12.29, 10.643, 8.646, 5.967, 2.487, 0.0, 3.125, 5.635, 7.521, 8.665, 9.549, 10.875, 12.219, 13.257, 13.809, 13.579, 13.825, 14.148, 14.808, 16.528, 18.282, 19.643, 21.207, 22.637, 23.291, 23.549, 23.653, 23.229, 22.477, 22.086, 21.994, 22.085, 21.639, 21.364, 21.861, 22.276, 22.285, 21.562, 20.938, 21.13, 21.715, 22.184, 22.723, 23.073, 22.935, 22.595, 23.462, 27.033, 29.615, 29.977, 30.131], [23.357, 23.5, 23.465, 23.834, 24.754, 24.985, 25.137, 25.057, 25.06, 25.049, 25.156, 25.449, 24.993, 24.331, 24.259, 24.327, 24.384, 24.377, 24.249, 23.798, 23.855, 23.459, 22.163, 21.416, 21.108, 21.21, 21.522, 21.236, 21.075, 20.69, 20.477, 20.059, 18.287, 15.978, 14.299, 13.165, 11.703, 9.783, 7.222, 4.747, 3.125, 0.0, 3.206, 5.802, 7.207, 8.17, 9.727, 11.323, 12.584, 13.182, 13.019, 13.399, 13.733, 14.422, 16.182, 17.91, 19.271, 20.853, 22.305, 23.004, 23.302, 23.428, 23.046, 22.357, 22.015, 21.93, 22.066, 21.688, 21.431, 21.913, 22.337, 22.374, 21.639, 21.007, 21.25, 21.88, 22.374, 22.928, 23.28, 23.151, 22.836, 23.72, 27.234, 29.764, 30.121, 30.259], [23.843, 23.983, 23.927, 24.242, 25.139, 25.362, 25.509, 25.475, 25.515, 25.517, 25.611, 25.895, 25.484, 24.871, 24.817, 24.884, 24.932, 24.925, 24.822, 24.421, 24.488, 24.11, 22.867, 22.151, 21.881, 22.048, 22.406, 22.171, 22.034, 21.712, 21.545, 21.124, 19.384, 16.986, 15.185, 14.054, 12.729, 10.986, 8.673, 6.73, 5.635, 3.206, 0.0, 3.184, 4.931, 6.146, 8.001, 9.833, 11.384, 12.079, 12.033, 12.634, 13.047, 13.811, 15.66, 17.414, 18.869, 20.57, 22.101, 22.849, 23.169, 23.284, 22.904, 22.256, 21.933, 21.857, 22.045, 21.756, 21.562, 22.056, 22.472, 22.523, 21.79, 21.153, 21.429, 22.098, 22.668, 23.291, 23.655, 23.529, 23.23, 24.098, 27.491, 29.949, 30.306, 30.44], [24.284, 24.424, 24.344, 24.575, 25.439, 25.662, 25.797, 25.802, 25.87, 25.907, 25.998, 26.261, 25.884, 25.319, 25.279, 25.337, 25.38, 25.373, 25.295, 24.943, 25.021, 24.653, 23.444, 22.736, 22.494, 22.74, 23.166, 22.993, 22.888, 22.642, 22.54, 22.131, 20.486, 18.097, 16.192, 15.008, 13.735, 12.13, 9.963, 8.313, 7.521, 5.802, 3.184, 0.0, 2.122, 3.992, 6.388, 8.455, 10.238, 11.031, 11.171, 12.106, 12.643, 13.507, 15.42, 17.143, 18.659, 20.437, 22.005, 22.761, 23.074, 23.167, 22.758, 22.109, 21.778, 21.709, 21.939, 21.736, 21.641, 22.161, 22.59, 22.678, 21.994, 21.384, 21.686, 22.386, 23.047, 23.768, 24.152, 24.029, 23.726, 24.534, 27.788, 30.179, 30.532, 30.668], [24.75, 24.888, 24.797, 24.965, 25.779, 26.0, 26.133, 26.165, 26.255, 26.318, 26.41, 26.655, 26.309, 25.79, 25.757, 25.803, 25.846, 25.843, 25.785, 25.454, 25.533, 25.178, 23.992, 23.284, 23.051, 23.34, 23.805, 23.663, 23.57, 23.337, 23.232, 22.837, 21.201, 18.772, 16.845, 15.655, 14.421, 12.918, 10.847, 9.343, 8.665, 7.207, 4.931, 2.122, 0.0, 2.429, 5.307, 7.597, 9.535, 10.392, 10.67, 11.864, 12.479, 13.351, 15.219, 16.905, 18.479, 20.298, 21.853, 22.59, 22.895, 22.98, 22.566, 21.946, 21.642, 21.583, 21.86, 21.737, 21.696, 22.218, 22.649, 22.769, 22.131, 21.553, 21.867, 22.574, 23.291, 24.084, 24.507, 24.403, 24.109, 24.85, 27.963, 30.283, 30.621, 30.741], [25.079, 25.201, 25.107, 25.241, 25.997, 26.207, 26.337, 26.389, 26.501, 26.58, 26.671, 26.905, 26.594, 26.115, 26.077, 26.109, 26.152, 26.156, 26.116, 25.787, 25.861, 25.52, 24.357, 23.646, 23.411, 23.706, 24.183, 24.053, 23.962, 23.722, 23.602, 23.215, 21.567, 19.126, 17.241, 16.078, 14.905, 13.532, 11.613, 10.195, 9.549, 8.17, 6.146, 3.992, 2.429, 0.0, 3.371, 6.159, 8.416, 9.365, 9.7, 11.116, 11.799, 12.691, 14.597, 16.357, 18.045, 19.907, 21.431, 22.16, 22.472, 22.547, 22.13, 21.562, 21.303, 21.25, 21.576, 21.522, 21.51, 22.043, 22.481, 22.619, 22.003, 21.435, 21.729, 22.415, 23.159, 24.011, 24.481, 24.406, 24.133, 24.826, 27.851, 30.146, 30.482, 30.585], [25.128, 25.219, 25.127, 25.239, 25.945, 26.139, 26.255, 26.312, 26.445, 26.545, 26.64, 26.873, 26.603, 26.173, 26.137, 26.151, 26.196, 26.211, 26.199, 25.887, 25.953, 25.625, 24.499, 23.804, 23.576, 23.869, 24.335, 24.216, 24.131, 23.932, 23.857, 23.483, 21.935, 19.619, 17.817, 16.684, 15.578, 14.353, 12.647, 11.378, 10.875, 9.727, 8.001, 6.388, 5.307, 3.371, 0.0, 3.465, 6.52, 7.677, 8.059, 9.812, 10.593, 11.568, 13.623, 15.526, 17.39, 19.377, 20.94, 21.698, 22.011, 22.042, 21.544, 20.956, 20.731, 20.701, 21.074, 21.113, 21.183, 21.762, 22.239, 22.403, 21.797, 21.198, 21.42, 22.063, 22.823, 23.727, 24.24, 24.189, 23.94, 24.616, 27.637, 29.971, 30.326, 30.417], [25.06, 25.125, 25.029, 25.12, 25.794, 25.979, 26.089, 26.156, 26.307, 26.423, 26.516, 26.748, 26.506, 26.132, 26.127, 26.136, 26.184, 26.219, 26.229, 25.923, 25.967, 25.648, 24.562, 23.886, 23.677, 23.983, 24.43, 24.319, 24.24, 24.093, 24.079, 23.733, 22.337, 20.165, 18.417, 17.34, 16.327, 15.245, 13.721, 12.583, 12.219, 11.323, 9.833, 8.455, 7.597, 6.159, 3.465, 0.0, 3.928, 5.42, 5.991, 8.22, 9.092, 10.264, 12.599, 14.658, 16.682, 18.822, 20.481, 21.267, 21.561, 21.55, 20.977, 20.341, 20.131, 20.121, 20.506, 20.63, 20.808, 21.426, 21.931, 22.123, 21.552, 20.931, 21.074, 21.689, 22.477, 23.413, 23.931, 23.887, 23.656, 24.365, 27.462, 29.859, 30.239, 30.342], [24.999, 25.05, 24.938, 25.011, 25.674, 25.859, 25.979, 26.064, 26.243, 26.374, 26.455, 26.671, 26.425, 26.071, 26.101, 26.113, 26.167, 26.228, 26.242, 25.9, 25.905, 25.6, 24.556, 23.895, 23.703, 23.998, 24.402, 24.286, 24.206, 24.081, 24.119, 23.807, 22.528, 20.543, 18.874, 17.892, 16.989, 16.033, 14.655, 13.558, 13.257, 12.584, 11.384, 10.238, 9.535, 8.416, 6.52, 3.928, 0.0, 2.111, 3.382, 6.333, 7.371, 8.814, 11.64, 13.944, 16.04, 18.201, 19.916, 20.749, 21.055, 21.042, 20.483, 19.877, 19.683, 19.669, 20.048, 20.196, 20.421, 21.042, 21.538, 21.757, 21.21, 20.617, 20.793, 21.433, 22.236, 23.172, 23.664, 23.612, 23.382, 24.17, 27.425, 29.891, 30.293, 30.409], [25.186, 25.235, 25.125, 25.19, 25.841, 26.027, 26.146, 26.232, 26.411, 26.544, 26.623, 26.827, 26.584, 26.236, 26.269, 26.279, 26.331, 26.394, 26.415, 26.072, 26.067, 25.774, 24.765, 24.117, 23.935, 24.222, 24.607, 24.487, 24.409, 24.295, 24.353, 24.061, 22.816, 20.883, 19.262, 18.327, 17.464, 16.537, 15.2, 14.118, 13.809, 13.182, 12.079, 11.031, 10.392, 9.365, 7.677, 5.42, 2.111, 0.0, 2.526, 6.038, 7.151, 8.705, 11.627, 13.911, 15.988, 18.101, 19.79, 20.632, 20.939, 20.927, 20.391, 19.838, 19.681, 19.661, 20.029, 20.188, 20.421, 21.023, 21.512, 21.752, 21.208, 20.624, 20.823, 21.474, 22.277, 23.22, 23.716, 23.668, 23.442, 24.241, 27.499, 29.961, 30.375, 30.503], [24.731, 24.789, 24.699, 24.792, 25.447, 25.639, 25.741, 25.791, 25.974, 26.103, 26.179, 26.387, 26.127, 25.768, 25.809, 25.823, 25.876, 25.944, 25.962, 25.619, 25.611, 25.305, 24.288, 23.639, 23.46, 23.737, 24.111, 24.007, 23.927, 23.847, 23.954, 23.651, 22.494, 20.687, 19.138, 18.216, 17.333, 16.485, 15.214, 13.957, 13.579, 13.019, 12.033, 11.171, 10.67, 9.7, 8.059, 5.991, 3.382, 2.526, 0.0, 4.113, 5.529, 7.274, 10.593, 13.192, 15.473, 17.755, 19.516, 20.363, 20.656, 20.598, 19.971, 19.313, 19.075, 19.024, 19.347, 19.449, 19.657, 20.28, 20.769, 20.989, 20.445, 19.846, 20.014, 20.672, 21.495, 22.474, 23.014, 22.967, 22.731, 23.538, 26.883, 29.452, 29.937, 30.137], [24.054, 24.121, 24.053, 24.176, 24.845, 25.058, 25.155, 25.146, 25.323, 25.449, 25.514, 25.716, 25.437, 25.069, 25.14, 25.172, 25.226, 25.316, 25.316, 24.967, 24.957, 24.632, 23.623, 22.99, 22.813, 23.079, 23.435, 23.364, 23.283, 23.27, 23.479, 23.162, 22.229, 20.718, 19.278, 18.399, 17.531, 16.858, 15.722, 14.248, 13.825, 13.399, 12.634, 12.106, 11.864, 11.116, 9.812, 8.22, 6.333, 6.038, 4.113, 0.0, 2.399, 5.156, 9.283, 12.372, 14.787, 17.366, 19.365, 20.262, 20.54, 20.415, 19.648, 18.756, 18.318, 18.212, 18.438, 18.47, 18.72, 19.379, 19.855, 20.086, 19.596, 19.028, 19.217, 19.896, 20.729, 21.714, 22.278, 22.21, 21.937, 22.782, 26.299, 28.996, 29.583, 29.926], [23.943, 24.006, 23.937, 24.064, 24.747, 24.98, 25.074, 25.055, 25.238, 25.365, 25.426, 25.628, 25.351, 25.002, 25.092, 25.132, 25.188, 25.287, 25.292, 24.951, 24.939, 24.619, 23.644, 23.035, 22.862, 23.114, 23.457, 23.394, 23.312, 23.324, 23.538, 23.203, 22.3, 20.84, 19.456, 18.609, 17.751, 17.112, 16.053, 14.582, 14.148, 13.733, 13.047, 12.643, 12.479, 11.799, 10.593, 9.092, 7.371, 7.151, 5.529, 2.399, 0.0, 3.847, 8.584, 11.855, 14.354, 17.012, 19.036, 19.93, 20.21, 20.069, 19.235, 18.25, 17.776, 17.645, 17.852, 17.887, 18.155, 18.84, 19.356, 19.632, 19.132, 18.558, 18.769, 19.479, 20.342, 21.371, 21.966, 21.902, 21.618, 22.488, 26.104, 28.853, 29.452, 29.816], [24.246, 24.333, 24.271, 24.38, 25.072, 25.312, 25.387, 25.368, 25.546, 25.687, 25.776, 25.986, 25.735, 25.421, 25.526, 25.583, 25.634, 25.741, 25.769, 25.462, 25.456, 25.144, 24.195, 23.582, 23.39, 23.649, 24.003, 23.932, 23.858, 23.853, 24.033, 23.698, 22.729, 21.201, 19.889, 19.104, 18.272, 17.642, 16.586, 15.195, 14.808, 14.422, 13.811, 13.507, 13.351, 12.691, 11.568, 10.264, 8.814, 8.705, 7.274, 5.156, 3.847, 0.0, 5.596, 9.644, 12.663, 15.669, 17.823, 18.748, 19.044, 18.884, 18.01, 17.052, 16.661, 16.561, 16.899, 17.125, 17.432, 18.083, 18.615, 18.951, 18.473, 17.93, 18.229, 19.055, 20.063, 21.216, 21.934, 21.94, 21.68, 22.449, 25.858, 28.516, 29.136, 29.537], [25.599, 25.725, 25.658, 25.698, 26.357, 26.578, 26.616, 26.643, 26.807, 26.962, 27.097, 27.298, 27.1, 26.851, 26.959, 27.026, 27.069, 27.166, 27.206, 26.899, 26.905, 26.616, 25.696, 25.07, 24.85, 25.122, 25.484, 25.393, 25.331, 25.195, 25.228, 24.957, 23.909, 22.301, 21.136, 20.483, 19.779, 19.15, 17.996, 16.779, 16.528, 16.182, 15.66, 15.42, 15.219, 14.597, 13.623, 12.599, 11.64, 11.627, 10.593, 9.283, 8.584, 5.596, 0.0, 5.193, 9.245, 12.775, 15.109, 16.092, 16.439, 16.237, 15.316, 14.614, 14.578, 14.623, 15.328, 16.194, 16.749, 17.25, 17.767, 18.282, 17.879, 17.461, 18.025, 19.09, 20.344, 21.687, 22.559, 22.626, 22.384, 22.936, 25.82, 28.199, 28.807, 29.273], [26.815, 26.927, 26.821, 26.803, 27.44, 27.636, 27.666, 27.769, 27.938, 28.101, 28.272, 28.477, 28.302, 28.076, 28.165, 28.224, 28.27, 28.366, 28.397, 28.058, 28.061, 27.799, 26.947, 26.355, 26.14, 26.403, 26.718, 26.607, 26.554, 26.329, 26.259, 26.053, 25.009, 23.432, 22.438, 21.874, 21.218, 20.582, 19.471, 18.448, 18.282, 17.91, 17.414, 17.143, 16.905, 16.357, 15.526, 14.658, 13.944, 13.911, 13.192, 12.372, 11.855, 9.644, 5.193, 0.0, 4.915, 9.232, 12.093, 13.293, 13.693, 13.539, 12.816, 12.475, 12.934, 13.251, 14.317, 15.797, 16.608, 16.985, 17.517, 18.232, 17.875, 17.505, 18.262, 19.476, 20.857, 22.289, 23.222, 23.313, 23.085, 23.54, 26.063, 28.218, 28.778, 29.229], [27.275, 27.37, 27.249, 27.253, 27.891, 28.064, 28.112, 28.249, 28.411, 28.566, 28.782, 29.004, 28.8, 28.546, 28.606, 28.651, 28.703, 28.797, 28.801, 28.42, 28.416, 28.184, 27.426, 26.91, 26.717, 26.966, 27.22, 27.078, 27.029, 26.783, 26.681, 26.522, 25.591, 24.232, 23.447, 22.956, 22.314, 21.681, 20.666, 19.765, 19.643, 19.271, 18.869, 18.659, 18.479, 18.045, 17.39, 16.682, 16.04, 15.988, 15.473, 14.787, 14.354, 12.663, 9.245, 4.915, 0.0, 5.365, 9.379, 11.194, 11.791, 11.905, 11.758, 11.805, 12.649, 13.216, 14.373, 16.065, 16.986, 17.301, 17.857, 18.662, 18.316, 17.965, 18.796, 20.048, 21.417, 22.801, 23.687, 23.777, 23.562, 24.014, 26.474, 28.575, 29.107, 29.532], [28.603, 28.676, 28.537, 28.561, 29.161, 29.301, 29.351, 29.514, 29.655, 29.788, 30.029, 30.254, 30.044, 29.782, 29.798, 29.82, 29.875, 29.952, 29.924, 29.477, 29.471, 29.285, 28.58, 28.114, 27.946, 28.167, 28.376, 28.179, 28.119, 27.755, 27.514, 27.419, 26.49, 25.278, 24.719, 24.328, 23.752, 23.078, 22.057, 21.269, 21.207, 20.853, 20.57, 20.437, 20.298, 19.907, 19.377, 18.822, 18.201, 18.101, 17.755, 17.366, 17.012, 15.669, 12.775, 9.232, 5.365, 0.0, 4.957, 7.788, 8.902, 9.508, 10.34, 11.502, 13.096, 13.882, 15.224, 17.097, 18.008, 18.209, 18.736, 19.52, 19.107, 18.835, 19.767, 21.066, 22.383, 23.691, 24.504, 24.585, 24.395, 24.804, 27.159, 29.126, 29.558, 29.907], [30.335, 30.392, 30.232, 30.233, 30.759, 30.872, 30.903, 31.092, 31.226, 31.347, 31.578, 31.784, 31.613, 31.405, 31.408, 31.418, 31.474, 31.536, 31.5, 31.049, 31.049, 30.878, 30.16, 29.671, 29.511, 29.729, 29.96, 29.763, 29.703, 29.223, 28.844, 28.773, 27.707, 26.401, 25.917, 25.591, 25.088, 24.415, 23.371, 22.651, 22.637, 22.305, 22.101, 22.005, 21.853, 21.431, 20.94, 20.481, 19.916, 19.79, 19.516, 19.365, 19.036, 17.823, 15.109, 12.093, 9.379, 4.957, 0.0, 3.702, 5.512, 6.696, 8.63, 11.159, 13.452, 14.376, 15.977, 18.048, 18.932, 19.011, 19.443, 20.182, 19.784, 19.67, 20.68, 21.983, 23.285, 24.621, 25.489, 25.612, 25.444, 25.697, 27.749, 29.519, 29.877, 30.179], [31.001, 31.061, 30.887, 30.842, 31.316, 31.428, 31.449, 31.66, 31.805, 31.929, 32.146, 32.333, 32.199, 32.044, 32.051, 32.067, 32.121, 32.179, 32.148, 31.71, 31.715, 31.531, 30.779, 30.25, 30.085, 30.347, 30.649, 30.486, 30.441, 29.915, 29.484, 29.405, 28.281, 26.882, 26.37, 26.064, 25.602, 24.977, 23.968, 23.286, 23.291, 23.004, 22.849, 22.761, 22.59, 22.16, 21.698, 21.267, 20.749, 20.632, 20.363, 20.262, 19.93, 18.748, 16.092, 13.293, 11.194, 7.788, 3.702, 0.0, 2.284, 4