[[0.0, 3.827, 6.287, 7.44, 10.548, 11.248, 11.816, 12.411, 12.43, 12.459, 12.899, 13.778, 15.659, 17.061, 17.48, 17.908, 18.187, 18.188, 18.474, 19.159, 20.027, 20.764, 21.523, 22.801, 23.804, 24.085, 24.219, 23.949, 23.545, 23.458, 23.505, 23.295, 23.233, 23.434, 23.258, 22.814, 22.891, 23.2, 22.843, 22.789, 23.355, 23.704, 23.873, 23.844, 23.862, 24.08, 24.529, 24.693, 24.303, 24.205, 24.013, 23.685, 23.518, 23.439, 23.496, 23.628, 23.676, 23.95, 24.26, 24.262, 24.248, 24.413, 24.711, 25.125, 25.63, 25.89, 25.757, 25.439, 24.901, 24.198, 23.834, 23.994, 24.253, 23.855, 23.075, 22.509, 22.166, 22.022, 22.121, 22.267, 22.354, 22.198, 22.148, 22.021, 21.939, 22.068], [3.827, 0.0, 3.119, 5.679, 9.396, 10.096, 10.719, 11.344, 11.351, 11.386, 11.847, 12.797, 14.777, 16.439, 16.976, 17.371, 17.574, 17.497, 17.782, 18.509, 19.458, 20.256, 21.035, 22.356, 23.449, 23.793, 23.951, 23.694, 23.284, 23.198, 23.264, 23.064, 22.985, 23.163, 22.979, 22.584, 22.722, 23.026, 22.593, 22.53, 23.175, 23.589, 23.785, 23.753, 23.772, 24.0, 24.492, 24.691, 24.312, 24.207, 24.0, 23.667, 23.485, 23.387, 23.445, 23.572, 23.628, 23.944, 24.278, 24.289, 24.279, 24.449, 24.772, 25.226, 25.75, 25.99, 25.819, 25.484, 24.937, 24.217, 23.85, 24.032, 24.29, 23.82, 22.929, 22.294, 21.929, 21.772, 21.869, 22.01, 22.101, 21.955, 21.92, 21.792, 21.712, 21.855], [6.287, 3.119, 0.0, 4.686, 9.283, 10.092, 10.718, 11.314, 11.271, 11.287, 11.689, 12.704, 14.83, 16.618, 17.181, 17.545, 17.707, 17.557, 17.784, 18.452, 19.386, 20.238, 21.084, 22.409, 23.509, 23.881, 24.053, 23.811, 23.411, 23.334, 23.417, 23.238, 23.16, 23.312, 23.121, 22.791, 22.992, 23.274, 22.79, 22.712, 23.341, 23.734, 23.916, 23.878, 23.897, 24.101, 24.569, 24.761, 24.402, 24.31, 24.112, 23.8, 23.629, 23.531, 23.593, 23.703, 23.745, 24.066, 24.398, 24.407, 24.396, 24.563, 24.896, 25.368, 25.883, 26.106, 25.936, 25.606, 25.06, 24.348, 23.992, 24.184, 24.443, 23.981, 23.093, 22.46, 22.098, 21.933, 22.025, 22.167, 22.255, 22.13, 22.115, 21.984, 21.898, 22.037], [7.44, 5.679, 4.686, 0.0, 5.956, 7.751, 8.47, 9.16, 9.313, 9.434, 9.74, 10.98, 14.01, 16.486, 17.289, 17.665, 17.806, 17.579, 17.702, 18.346, 19.455, 20.475, 21.297, 22.597, 23.731, 24.109, 24.245, 23.967, 23.537, 23.433, 23.499, 23.293, 23.198, 23.367, 23.197, 22.835, 23.015, 23.334, 22.866, 22.78, 23.469, 23.933, 24.145, 24.118, 24.153, 24.382, 24.829, 24.913, 24.457, 24.338, 24.167, 23.884, 23.739, 23.653, 23.7, 23.797, 23.834, 24.133, 24.422, 24.411, 24.4, 24.568, 24.909, 25.414, 25.946, 26.165, 26.013, 25.689, 25.095, 24.354, 23.989, 24.203, 24.516, 24.085, 23.173, 22.469, 22.071, 21.929, 22.058, 22.247, 22.367, 22.236, 22.209, 22.092, 22.01, 22.141], [10.548, 9.396, 9.283, 5.956, 0.0, 3.375, 4.769, 5.755, 6.353, 6.804, 7.234, 8.808, 12.295, 15.311, 16.489, 16.836, 16.975, 16.839, 17.065, 17.771, 19.099, 20.282, 20.915, 21.983, 23.057, 23.397, 23.501, 23.216, 22.81, 22.727, 22.786, 22.588, 22.561, 22.863, 22.787, 22.414, 22.551, 22.919, 22.595, 22.679, 23.562, 24.176, 24.457, 24.476, 24.54, 24.82, 25.367, 25.515, 25.038, 24.845, 24.68, 24.424, 24.287, 24.239, 24.313, 24.393, 24.471, 24.792, 25.052, 25.028, 25.012, 25.169, 25.476, 25.933, 26.429, 26.638, 26.499, 26.177, 25.587, 24.878, 24.5, 24.678, 25.028, 24.685, 23.821, 23.087, 22.684, 22.585, 22.733, 22.94, 23.071, 22.898, 22.835, 22.748, 22.677, 22.782], [11.248, 10.096, 10.092, 7.751, 3.375, 0.0, 2.459, 4.024, 4.896, 5.546, 6.168, 7.78, 11.164, 14.254, 15.591, 15.945, 16.128, 16.124, 16.479, 17.276, 18.681, 19.864, 20.374, 21.272, 22.243, 22.558, 22.686, 22.428, 22.053, 21.996, 22.069, 21.899, 21.928, 22.298, 22.256, 21.911, 22.081, 22.472, 22.21, 22.419, 23.429, 24.121, 24.442, 24.479, 24.557, 24.879, 25.526, 25.742, 25.257, 25.023, 24.837, 24.579, 24.429, 24.381, 24.465, 24.543, 24.673, 25.046, 25.323, 25.301, 25.279, 25.434, 25.734, 26.17, 26.645, 26.854, 26.723, 26.403, 25.829, 25.141, 24.784, 24.941, 25.266, 24.935, 24.073, 23.327, 22.913, 22.805, 22.939, 23.131, 23.246, 23.05, 22.975, 22.89, 22.819, 22.901], [11.816, 10.719, 10.718, 8.47, 4.769, 2.459, 0.0, 2.171, 3.683, 4.514, 5.235, 6.858, 10.581, 14.026, 15.467, 15.832, 16.037, 16.044, 16.39, 17.251, 18.75, 19.911, 20.372, 21.237, 22.197, 22.521, 22.646, 22.382, 21.979, 21.903, 21.975, 21.796, 21.814, 22.171, 22.126, 21.801, 21.997, 22.369, 22.049, 22.238, 23.287, 24.022, 24.359, 24.39, 24.469, 24.815, 25.489, 25.668, 25.116, 24.853, 24.66, 24.397, 24.24, 24.186, 24.259, 24.33, 24.493, 24.903, 25.192, 25.167, 25.147, 25.312, 25.635, 26.098, 26.579, 26.783, 26.646, 26.312, 25.707, 24.993, 24.644, 24.824, 25.168, 24.838, 23.948, 23.175, 22.752, 22.644, 22.783, 22.986, 23.117, 22.945, 22.891, 22.813, 22.741, 22.825], [12.411, 11.344, 11.314, 9.16, 5.755, 4.024, 2.171, 0.0, 2.238, 3.379, 4.274, 6.096, 9.979, 13.607, 15.108, 15.465, 15.681, 15.711, 16.083, 16.983, 18.52, 19.693, 20.163, 21.037, 22.028, 22.37, 22.487, 22.208, 21.791, 21.722, 21.798, 21.617, 21.653, 22.031, 22.002, 21.701, 21.926, 22.29, 21.938, 22.124, 23.196, 23.955, 24.305, 24.341, 24.426, 24.78, 25.466, 25.622, 25.024, 24.741, 24.545, 24.285, 24.127, 24.073, 24.145, 24.215, 24.404, 24.85, 25.148, 25.117, 25.098, 25.269, 25.601, 26.073, 26.557, 26.759, 26.616, 26.268, 25.651, 24.93, 24.583, 24.782, 25.142, 24.818, 23.923, 23.156, 22.741, 22.626, 22.754, 22.953, 23.089, 22.935, 22.912, 22.852, 22.786, 22.872], [12.43, 11.351, 11.271, 9.313, 6.353, 4.896, 3.683, 2.238, 0.0, 1.719, 3.194, 5.348, 9.257, 12.943, 14.526, 14.893, 15.122, 15.188, 15.609, 16.542, 18.086, 19.274, 19.776, 20.666, 21.67, 22.019, 22.129, 21.843, 21.432, 21.377, 21.457, 21.268, 21.315, 21.718, 21.696, 21.411, 21.662, 22.021, 21.662, 21.88, 22.988, 23.769, 24.144, 24.186, 24.268, 24.622, 25.318, 25.457, 24.819, 24.527, 24.327, 24.061, 23.901, 23.844, 23.918, 23.99, 24.186, 24.662, 24.976, 24.944, 24.925, 25.098, 25.437, 25.923, 26.417, 26.624, 26.471, 26.108, 25.489, 24.76, 24.412, 24.628, 24.991, 24.653, 23.746, 22.983, 22.576, 22.451, 22.565, 22.757, 22.89, 22.741, 22.732, 22.678, 22.615, 22.698], [12.459, 11.386, 11.287, 9.434, 6.804, 5.546, 4.514, 3.379, 1.719, 0.0, 2.193, 4.862, 9.013, 12.727, 14.303, 14.688, 14.929, 14.983, 15.395, 16.306, 17.84, 19.058, 19.623, 20.572, 21.598, 21.955, 22.063, 21.778, 21.37, 21.327, 21.417, 21.221, 21.248, 21.627, 21.585, 21.289, 21.538, 21.899, 21.535, 21.747, 22.846, 23.624, 24.006, 24.057, 24.142, 24.497, 25.202, 25.355, 24.71, 24.415, 24.216, 23.95, 23.793, 23.738, 23.812, 23.878, 24.063, 24.543, 24.859, 24.825, 24.809, 24.985, 25.327, 25.819, 26.312, 26.512, 26.351, 25.984, 25.37, 24.636, 24.282, 24.504, 24.866, 24.516, 23.604, 22.86, 22.472, 22.341, 22.444, 22.632, 22.767, 22.622, 22.606, 22.542, 22.477, 22.557], [12.899, 11.847, 11.689, 9.74, 7.234, 6.168, 5.235, 4.274, 3.194, 2.193, 0.0, 3.68, 8.693, 12.668, 14.28, 14.692, 14.931, 14.922, 15.28, 16.164, 17.692, 18.919, 19.526, 20.555, 21.631, 22.0, 22.101, 21.816, 21.411, 21.369, 21.468, 21.28, 21.297, 21.649, 21.584, 21.28, 21.539, 21.916, 21.538, 21.727, 22.815, 23.583, 23.958, 24.012, 24.114, 24.481, 25.177, 25.318, 24.671, 24.378, 24.185, 23.926, 23.773, 23.719, 23.783, 23.84, 24.02, 24.486, 24.781, 24.74, 24.726, 24.902, 25.243, 25.735, 26.22, 26.408, 26.247, 25.893, 25.286, 24.552, 24.2, 24.426, 24.787, 24.419, 23.483, 22.736, 22.358, 22.236, 22.346, 22.538, 22.673, 22.526, 22.504, 22.437, 22.369, 22.446], [13.778, 12.797, 12.704, 10.98, 8.808, 7.78, 6.858, 6.096, 5.348, 4.862, 3.68, 0.0, 6.329, 11.402, 13.29, 13.674, 13.888, 13.857, 14.248, 15.382, 17.068, 18.18, 18.61, 19.694, 20.898, 21.279, 21.356, 21.08, 20.682, 20.623, 20.722, 20.562, 20.623, 21.019, 20.995, 20.725, 20.99, 21.342, 20.982, 21.306, 22.569, 23.443, 23.841, 23.882, 24.006, 24.471, 25.244, 25.342, 24.594, 24.249, 24.035, 23.755, 23.59, 23.499, 23.51, 23.558, 23.792, 24.294, 24.575, 24.529, 24.522, 24.698, 25.061, 25.599, 26.11, 26.304, 26.148, 25.796, 25.148, 24.362, 24.018, 24.285, 24.658, 24.211, 23.1, 22.187, 21.746, 21.635, 21.762, 21.963, 22.101, 21.944, 21.971, 21.954, 21.889, 21.97], [15.659, 14.777, 14.83, 14.01, 12.295, 11.164, 10.581, 9.979, 9.257, 9.013, 8.693, 6.329, 0.0, 6.691, 9.616, 9.972, 10.177, 10.462, 11.314, 13.0, 14.973, 15.941, 16.005, 16.963, 18.339, 18.754, 18.795, 18.558, 18.261, 18.274, 18.391, 18.36, 18.677, 19.338, 19.543, 19.448, 19.705, 19.989, 19.842, 20.627, 22.23, 23.281, 23.77, 23.834, 23.974, 24.533, 25.517, 25.735, 25.007, 24.634, 24.394, 24.094, 23.901, 23.79, 23.794, 23.854, 24.168, 24.737, 25.031, 25.002, 24.994, 25.14, 25.502, 26.088, 26.633, 26.865, 26.713, 26.355, 25.724, 24.961, 24.687, 24.978, 25.323, 24.842, 23.641, 22.595, 22.091, 21.972, 22.049, 22.176, 22.248, 22.033, 22.12, 22.218, 22.188, 22.274], [17.061, 16.439, 16.618, 16.486, 15.311, 14.254, 14.026, 13.607, 12.943, 12.727, 12.668, 11.402, 6.691, 0.0, 4.224, 5.425, 6.429, 7.587, 9.191, 11.024, 12.856, 13.884, 14.05, 15.063, 16.44, 16.816, 16.817, 16.627, 16.507, 16.679, 16.846, 16.946, 17.507, 18.41, 18.823, 18.82, 18.997, 19.257, 19.367, 20.388, 21.959, 22.979, 23.511, 23.628, 23.779, 24.347, 25.487, 26.014, 25.557, 25.264, 25.036, 24.74, 24.543, 24.488, 24.576, 24.663, 24.922, 25.428, 25.717, 25.708, 25.685, 25.793, 26.118, 26.678, 27.2, 27.443, 27.295, 26.965, 26.475, 25.827, 25.591, 25.818, 26.093, 25.712, 24.734, 23.884, 23.483, 23.372, 23.387, 23.414, 23.39, 23.098, 23.092, 23.193, 23.185, 23.246], [17.48, 16.976, 17.181, 17.289, 16.489, 15.591, 15.467, 15.108, 14.526, 14.303, 14.28, 13.29, 9.616, 4.224, 0.0, 2.882, 5.1, 6.766, 8.646, 10.383, 11.907, 13.002, 13.446, 14.712, 16.157, 16.507, 16.484, 16.28, 16.184, 16.406, 16.621, 16.781, 17.378, 18.258, 18.662, 18.623, 18.78, 19.069, 19.214, 20.182, 21.634, 22.589, 23.1, 23.225, 23.388, 23.978, 25.169, 25.85, 25.546, 25.306, 25.08, 24.776, 24.579, 24.555, 24.688, 24.783, 24.998, 25.473, 25.77, 25.772, 25.744, 25.848, 26.173, 26.715, 27.212, 27.43, 27.277, 26.979, 26.561, 25.939, 25.673, 25.85, 26.096, 25.755, 24.868, 24.118, 23.779, 23.686, 23.694, 23.699, 23.646, 23.34, 23.294, 23.367, 23.359, 23.417], [17.908, 17.371, 17.545, 17.665, 16.836, 15.945, 15.832, 15.465, 14.893, 14.688, 14.692, 13.674, 9.972, 5.425, 2.882, 0.0, 2.809, 5.158, 7.506, 9.516, 11.21, 12.36, 12.777, 14.015, 15.502, 15.865, 15.822, 15.595, 15.467, 15.666, 15.895, 16.127, 16.85, 17.831, 18.296, 18.301, 18.465, 18.747, 18.927, 20.009, 21.587, 22.607, 23.14, 23.268, 23.431, 24.023, 25.218, 25.92, 25.658, 25.437, 25.207, 24.897, 24.696, 24.668, 24.805, 24.903, 25.131, 25.62, 25.918, 25.929, 25.907, 26.012, 26.335, 26.873, 27.37, 27.6, 27.459, 27.15, 26.711, 26.099, 25.85, 26.032, 26.281, 25.934, 25.024, 24.23, 23.866, 23.773, 23.782, 23.792, 23.742, 23.447, 23.426, 23.508, 23.507, 23.582], [18.187, 17.574, 17.707, 17.806, 16.975, 16.128, 16.037, 15.681, 15.122, 14.929, 14.931, 13.888, 10.177, 6.429, 5.1, 2.809, 0.0, 3.066, 6.028, 8.478, 10.486, 11.728, 12.082, 13.318, 14.908, 15.342, 15.304, 15.037, 14.862, 15.036, 15.271, 15.515, 16.268, 17.3, 17.818, 17.887, 18.084, 18.371, 18.553, 19.719, 21.435, 22.537, 23.098, 23.227, 23.388, 23.972, 25.16, 25.859, 25.605, 25.399, 25.179, 24.88, 24.672, 24.63, 24.758, 24.855, 25.107, 25.628, 25.938, 25.946, 25.929, 26.039, 26.369, 26.926, 27.438, 27.682, 27.551, 27.227, 26.756, 26.135, 25.904, 26.109, 26.364, 25.982, 25.011, 24.153, 23.749, 23.638, 23.642, 23.659, 23.616, 23.327, 23.313, 23.401, 23.407, 23.498], [18.188, 17.497, 17.557, 17.579, 16.839, 16.124, 16.044, 15.711, 15.188, 14.983, 14.922, 13.857, 10.462, 7.587, 6.766, 5.158, 3.066, 0.0, 3.501, 6.599, 9.054, 10.491, 11.025, 12.601, 14.429, 14.963, 14.936, 14.617, 14.381, 14.553, 14.822, 15.031, 15.72, 16.725, 17.228, 17.314, 17.564, 17.883, 18.028, 19.194, 20.997, 22.164, 22.741, 22.867, 23.047, 23.648, 24.815, 25.456, 25.162, 24.962, 24.757, 24.481, 24.277, 24.198, 24.295, 24.39, 24.65, 25.186, 25.51, 25.517, 25.503, 25.621, 25.967, 26.548, 27.076, 27.324, 27.196, 26.872, 26.376, 25.727, 25.499, 25.731, 26.005, 25.595, 24.556, 23.641, 23.208, 23.079, 23.078, 23.103, 23.074, 22.793, 22.788, 22.868, 22.873, 22.986], [18.474, 17.782, 17.784, 17.702, 17.065, 16.479, 16.39, 16.083, 15.609, 15.395, 15.28, 14.248, 11.314, 9.191, 8.646, 7.506, 6.028, 3.501, 0.0, 3.883, 7.273, 9.192, 10.126, 12.179, 14.226, 14.811, 14.782, 14.45, 14.19, 14.385, 14.693, 14.848, 15.479, 16.47, 16.955, 17.041, 17.312, 17.647, 17.761, 18.875, 20.685, 21.886, 22.48, 22.616, 22.822, 23.44, 24.561, 25.108, 24.777, 24.581, 24.378, 24.118, 23.936, 23.844, 23.914, 23.992, 24.242, 24.767, 25.091, 25.105, 25.094, 25.214, 25.568, 26.165, 26.699, 26.953, 26.845, 26.54, 26.041, 25.384, 25.171, 25.419, 25.703, 25.304, 24.251, 23.311, 22.866, 22.721, 22.706, 22.724, 22.698, 22.445, 22.499, 22.598, 22.605, 22.74], [19.159, 18.509, 18.452, 18.346, 17.771, 17.276, 17.251, 16.983, 16.542, 16.306, 16.164, 15.382, 13.0, 11.024, 10.383, 9.516, 8.478, 6.599, 3.883, 0.0, 4.554, 7.673, 9.547, 12.117, 14.258, 14.839, 14.804, 14.493, 14.31, 14.609, 14.966, 15.087, 15.647, 16.556, 16.984, 17.067, 17.379, 17.761, 17.879, 18.896, 20.593, 21.778, 22.395, 22.552, 22.766, 23.352, 24.423, 24.975, 24.735, 24.581, 24.393, 24.155, 24.007, 23.977, 24.1, 24.164, 24.361, 24.841, 25.145, 25.155, 25.127, 25.23, 25.567, 26.134, 26.629, 26.869, 26.788, 26.542, 26.128, 25.531, 25.339, 25.562, 25.824, 25.478, 24.527, 23.674, 23.277, 23.136, 23.099, 23.089, 23.04, 22.789, 22.851, 22.964, 22.972, 23.096], [20.027, 19.458, 19.386, 19.455, 19.099, 18.681, 18.75, 18.52, 18.086, 17.84, 17.692, 17.068, 14.973, 12.856, 11.907, 11.21, 10.486, 9.054, 7.273, 4.554, 0.0, 4.574, 8.11, 11.469, 13.811, 14.441, 14.381, 14.03, 13.945, 14.414, 14.848, 15.027, 15.633, 16.424, 16.746, 16.82, 17.215, 17.646, 17.771, 18.811, 20.497, 21.666, 22.288, 22.469, 22.702, 23.268, 24.322, 24.943, 24.83, 24.743, 24.574, 24.345, 24.22, 24.245, 24.43, 24.508, 24.652, 25.072, 25.351, 25.358, 25.314, 25.41, 25.736, 26.259, 26.724, 26.967, 26.917, 26.743, 26.433, 25.896, 25.699, 25.894, 26.121, 25.78, 24.891, 24.101, 23.741, 23.588, 23.518, 23.467, 23.378, 23.105, 23.155, 23.27, 23.282, 23.399], [20.764, 20.256, 20.238, 20.475, 20.282, 19.864, 19.911, 19.693, 19.274, 19.058, 18.919, 18.18, 15.941, 13.884, 13.002, 12.36, 11.728, 10.491, 9.192, 7.673, 4.574, 0.0, 4.999, 9.507, 12.298, 13.087, 13.064, 12.776, 12.807, 13.372, 13.822, 14.05, 14.727, 15.561, 15.925, 16.043, 16.453, 16.873, 17.064, 18.301, 20.18, 21.44, 22.093, 22.292, 22.555, 23.162, 24.269, 24.942, 24.846, 24.76, 24.57, 24.333, 24.203, 24.204, 24.361, 24.477, 24.65, 25.039, 25.322, 25.351, 25.309, 25.4, 25.716, 26.229, 26.721, 27.008, 26.999, 26.886, 26.618, 26.083, 25.893, 26.096, 26.311, 25.926, 24.968, 24.121, 23.744, 23.58, 23.486, 23.409, 23.295, 23.013, 23.104, 23.267, 23.298, 23.426], [21.523, 21.035, 21.084, 21.297, 20.915, 20.374, 20.372, 20.163, 19.776, 19.623, 19.526, 18.61, 16.005, 14.05, 13.446, 12.777, 12.082, 11.025, 10.126, 9.547, 8.11, 4.999, 0.0, 5.634, 9.271, 10.402, 10.551, 10.496, 10.764, 11.425, 11.89, 12.205, 12.926, 13.922, 14.559, 14.895, 15.294, 15.635, 16.014, 17.609, 19.803, 21.258, 22.0, 22.227, 22.506, 23.206, 24.507, 25.273, 25.127, 24.953, 24.72, 24.482, 24.322, 24.299, 24.441, 24.593, 24.895, 25.36, 25.659, 25.704, 25.668, 25.741, 26.038, 26.568, 27.092, 27.405, 27.42, 27.322, 27.04, 26.504, 26.342, 26.537, 26.739, 26.341, 25.313, 24.379, 23.96, 23.801, 23.716, 23.655, 23.555, 23.251, 23.369, 23.601, 23.654, 23.769], [22.801, 22.356, 22.409, 22.597, 21.983, 21.272, 21.237, 21.037, 20.666, 20.572, 20.555, 19.694, 16.963, 15.063, 14.712, 14.015, 13.318, 12.601, 12.179, 12.117, 11.469, 9.507, 5.634, 0.0, 4.588, 6.585, 7.092, 7.339, 7.967, 8.82, 9.407, 10.002, 10.975, 12.165, 13.141, 13.941, 14.482, 14.655, 15.212, 17.295, 19.868, 21.534, 22.382, 22.646, 22.914, 23.631, 25.122, 26.022, 25.875, 25.631, 25.393, 25.181, 24.98, 24.947, 25.141, 25.322, 25.749, 26.361, 26.691, 26.737, 26.711, 26.776, 27.056, 27.588, 28.099, 28.409, 28.443, 28.331, 28.01, 27.495, 27.35, 27.507, 27.697, 27.355, 26.381, 25.449, 25.004, 24.846, 24.787, 24.768, 24.701, 24.414, 24.504, 24.718, 24.765, 24.854], [23.804, 23.449, 23.509, 23.731, 23.057, 22.243, 22.197, 22.028, 21.67, 21.598, 21.631, 20.898, 18.339, 16.44, 16.157, 15.502, 14.908, 14.429, 14.226, 14.258, 13.811, 12.298, 9.271, 4.588, 0.0, 2.924, 4.057, 4.872, 6.017, 7.076, 7.75, 8.612, 9.921, 11.332, 12.529, 13.593, 14.22, 14.269, 14.959, 17.419, 20.203, 21.949, 22.842, 23.13, 23.384, 24.058, 25.6, 26.641, 26.576, 26.328, 26.1, 25.918, 25.693, 25.643, 25.871, 26.065, 26.517, 27.202, 27.589, 27.652, 27.635, 27.691, 27.956, 28.476, 28.964, 29.265, 29.318, 29.196, 28.867, 28.381, 28.243, 28.378, 28.554, 28.25, 27.352, 26.479, 26.031, 25.864, 25.825, 25.822, 25.765, 25.501, 25.536, 25.684, 25.703, 25.765], [24.085, 23.793, 23.881, 24.109, 23.397, 22.558, 22.521, 22.37, 22.019, 21.955, 22.0, 21.279, 18.754, 16.816, 16.507, 15.865, 15.342, 14.963, 14.811, 14.839, 14.441, 13.087, 10.402, 6.585, 2.924, 0.0, 1.881, 3.577, 5.19, 6.389, 7.072, 8.043, 9.555, 11.134, 12.418, 13.452, 14.011, 14.024, 14.826, 17.467, 20.312, 22.065, 22.966, 23.267, 23.523, 24.185, 25.734, 26.821, 26.796, 26.547, 26.323, 26.145, 25.913, 25.852, 26.082, 26.269, 26.719, 27.418, 27.833, 27.924, 27.916, 27.965, 28.233, 28.756, 29.228, 29.52, 29.583, 29.457, 29.128, 28.652, 28.514, 28.647, 28.82, 28.512, 27.619, 26.763, 26.314, 26.145, 26.115, 26.112, 26.049, 25.799, 25.838, 25.967, 25.969, 26.026], [24.219, 23.951, 24.053, 24.245, 23.501, 22.686, 22.646, 22.487, 22.129, 22.063, 22.101, 21.356, 18.795, 16.817, 16.484, 15.822, 15.304, 14.936, 14.782, 14.804, 14.381, 13.064, 10.551, 7.092, 4.057, 1.881, 0.0, 2.297, 4.355, 5.757, 6.504, 7.546, 9.163, 10.805, 12.155, 13.22, 13.76, 13.759, 14.633, 17.384, 20.295, 22.092, 23.016, 23.321, 23.575, 24.235, 25.787, 26.872, 26.847, 26.597, 26.374, 26.193, 25.956, 25.888, 26.117, 26.298, 26.745, 27.448, 27.863, 27.96, 27.961, 28.016, 28.296, 28.823, 29.277, 29.553, 29.612, 29.479, 29.14, 28.653, 28.501, 28.64, 28.824, 28.522, 27.63, 26.77, 26.319, 26.148, 26.123, 26.122, 26.061, 25.822, 25.876, 26.007, 26.005, 26.066], [23.949, 23.694, 23.811, 23.967, 23.216, 22.428, 22.382, 22.208, 21.843, 21.778, 21.816, 21.08, 18.558, 16.627, 16.28, 15.595, 15.037, 14.617, 14.45, 14.493, 14.03, 12.776, 10.496, 7.339, 4.872, 3.577, 2.297, 0.0, 2.442, 4.259, 5.253, 6.492, 8.344, 10.129, 11.552, 12.661, 13.26, 13.317, 14.196, 17.006, 20.002, 21.851, 22.796, 23.096, 23.34, 23.989, 25.508, 26.55, 26.507, 26.272, 26.05, 25.865, 25.626, 25.543, 25.768, 25.95, 26.38, 27.089, 27.527, 27.629, 27.64, 27.726, 28.039, 28.574, 29.024, 29.288, 29.332, 29.18, 28.818, 28.309, 28.137, 28.279, 28.477, 28.18, 27.287, 26.421, 25.957, 25.772, 25.744, 25.746, 25.688, 25.452, 25.519, 25.652, 25.652, 25.721], [23.545, 23.284, 23.411, 23.537, 22.81, 22.053, 21.979, 21.791, 21.432, 21.37, 21.411, 20.682, 18.261, 16.507, 16.184, 15.467, 14.862, 14.381, 14.19, 14.31, 13.945, 12.807, 10.764, 7.967, 6.017, 5.19, 4.355, 2.442, 0.0, 2.208, 3.666, 5.278, 7.494, 9.527, 11.038, 12.17, 12.833, 12.95, 13.777, 16.62, 19.711, 21.6, 22.552, 22.842, 23.077, 23.715, 25.198, 26.188, 26.12, 25.902, 25.678, 25.48, 25.23, 25.127, 25.341, 25.524, 25.954, 26.688, 27.152, 27.257, 27.277, 27.399, 27.755, 28.313, 28.77, 29.024, 29.048, 28.87, 28.473, 27.935, 27.748, 27.896, 28.108, 27.795, 26.866, 25.967, 25.481, 25.283, 25.258, 25.271, 25.224, 24.999, 25.08, 25.209, 25.209, 25.288], [23.458, 23.198, 23.334, 23.433, 22.727, 21.996, 21.903, 21.722, 21.377, 21.327, 21.369, 20.623, 18.274, 16.679, 16.406, 15.666, 15.036, 14.553, 14.385, 14.609, 14.414, 13.372, 11.425, 8.82, 7.076, 6.389, 5.757, 4.259, 2.208, 0.0, 1.987, 4.162, 6.747, 9.035, 10.673, 11.857, 12.549, 12.673, 13.482, 16.386, 19.56, 21.484, 22.445, 22.727, 22.956, 23.593, 25.081, 26.079, 26.018, 25.805, 25.575, 25.367, 25.103, 24.987, 25.193, 25.383, 25.835, 26.6, 27.076, 27.18, 27.206, 27.338, 27.719, 28.296, 28.758, 29.003, 29.014, 28.823, 28.403, 27.844, 27.649, 27.805, 28.025, 27.687, 26.711, 25.775, 25.269, 25.07, 25.055, 25.08, 25.045, 24.826, 24.898, 25.019, 25.016, 25.099], [23.505, 23.264, 23.417, 23.499, 22.786, 22.069, 21.975, 21.798, 21.457, 21.417, 21.468, 20.722, 18.391, 16.846, 16.621, 15.895, 15.271, 14.822, 14.693, 14.966, 14.848, 13.822, 11.89, 9.407, 7.75, 7.072, 6.504, 5.253, 3.666, 1.987, 0.0, 2.664, 5.718, 8.31, 10.107, 11.353, 12.063, 12.184, 13.044, 16.046, 19.29, 21.257, 22.241, 22.525, 22.752, 23.402, 24.93, 25.989, 25.953, 25.729, 25.492, 25.281, 25.008, 24.894, 25.106, 25.303, 25.772, 26.552, 27.039, 27.146, 27.173, 27.306, 27.689, 28.27, 28.734, 28.974, 28.975, 28.78, 28.359, 27.791, 27.588, 27.747, 27.963, 27.595, 26.596, 25.659, 25.157, 24.961, 24.948, 24.972, 24.935, 24.708, 24.767, 24.888, 24.888, 24.968], [23.295, 23.064, 23.238, 23.293, 22.588, 21.899, 21.796, 21.617, 21.268, 21.221, 21.28, 20.562, 18.36, 16.946, 16.781, 16.127, 15.515, 15.031, 14.848, 15.087, 15.027, 14.05, 12.205, 10.002, 8.612, 8.043, 7.546, 6.492, 5.278, 4.162, 2.664, 0.0, 3.554, 6.667, 8.746, 10.078, 10.824, 10.977, 11.925, 15.06, 18.41, 20.465, 21.508, 21.805, 22.029, 22.685, 24.267, 25.409, 25.398, 25.159, 24.906, 24.687, 24.397, 24.289, 24.52, 24.738, 25.228, 26.043, 26.562, 26.676, 26.708, 26.846, 27.241, 27.836, 28.32, 28.571, 28.562, 28.366, 27.945, 27.357, 27.139, 27.313, 27.526, 27.11, 26.081, 25.154, 24.666, 24.468, 24.449, 24.466, 24.429, 24.194, 24.232, 24.351, 24.365, 24.453], [23.233, 22.985, 23.16, 23.198, 22.561, 21.928, 21.814, 21.653, 21.315, 21.248, 21.297, 20.623, 18.677, 17.507, 17.378, 16.85, 16.268, 15.72, 15.479, 15.647, 15.633, 14.727, 12.926, 10.975, 9.921, 9.555, 9.163, 8.344, 7.494, 6.747, 5.718, 3.554, 0.0, 3.697, 6.339, 7.979, 8.888, 9.124, 10.197, 13.49, 17.021, 19.252, 20.4, 20.717, 20.935, 21.592, 23.265, 24.553, 24.584, 24.317, 24.043, 23.824, 23.508, 23.4, 23.669, 23.925, 24.465, 25.372, 25.955, 26.077, 26.115, 26.255, 26.663, 27.289, 27.809, 28.081, 28.078, 27.912, 27.516, 26.903, 26.666, 26.86, 27.069, 26.595, 25.512, 24.579, 24.095, 23.886, 23.853, 23.857, 23.83, 23.6, 23.587, 23.683, 23.707, 23.804], [23.434, 23.163, 23.312, 23.367, 22.863, 22.298, 22.171, 22.031, 21.718, 21.627, 21.649, 21.019, 19.338, 18.41, 18.258, 17.831, 17.3, 16.725, 16.47, 16.556, 16.424, 15.561, 13.922, 12.165, 11.332, 11.134, 10.805, 10.129, 9.527, 9.035, 8.31, 6.667, 3.697, 0.0, 3.206, 5.585, 7.078, 7.442, 8.427, 11.847, 15.647, 18.09, 19.321, 19.637, 19.851, 20.522, 22.325, 23.771, 23.849, 23.567, 23.278, 23.075, 22.75, 22.639, 22.954, 23.246, 23.823, 24.833, 25.497, 25.628, 25.666, 25.808, 26.233, 26.89, 27.441, 27.725, 27.729, 27.609, 27.259, 26.64, 26.387, 26.592, 26.792, 26.269, 25.156, 24.241, 23.774, 23.551, 23.502, 23.487, 23.467, 23.246, 23.176, 23.23, 23.252, 23.344], [23.258, 22.979, 23.121, 23.197, 22.787, 22.256, 22.126, 22.002, 21.696, 21.585, 21.584, 20.995, 19.543, 18.823, 18.662, 18.296, 17.818, 17.228, 16.955, 16.984, 16.746, 15.925, 14.559, 13.141, 12.529, 12.418, 12.155, 11.552, 11.038, 10.673, 10.107, 8.746, 6.339, 3.206, 0.0, 3.156, 5.541, 6.203, 6.861, 10.296, 14.352, 16.947, 18.223, 18.537, 18.764, 19.466, 21.386, 22.948, 23.062, 22.784, 22.483, 22.282, 21.962, 21.858, 22.193, 22.519, 23.124, 24.195, 24.91, 25.048, 25.083, 25.231, 25.677, 26.367, 26.954, 27.254, 27.262, 27.176, 26.859, 26.233, 25.967, 26.181, 26.371, 25.8, 24.658, 23.764, 23.319, 23.094, 23.035, 23.004, 22.978, 22.746, 22.626, 22.65, 22.677, 22.77], [22.814, 22.584, 22.791, 22.835, 22.414, 21.911, 21.801, 21.701, 21.411, 21.289, 21.28, 20.725, 19.448, 18.82, 18.623, 18.301, 17.887, 17.314, 17.041, 17.067, 16.82, 16.043, 14.895, 13.941, 13.593, 13.452, 13.22, 12.661, 12.17, 11.857, 11.353, 10.078, 7.979, 5.585, 3.156, 0.0, 3.076, 4.501, 5.449, 9.023, 13.2, 15.836, 17.124, 17.457, 17.71, 18.463, 20.472, 22.173, 22.37, 22.118, 21.796, 21.574, 21.252, 21.174, 21.502, 21.851, 22.482, 23.561, 24.297, 24.455, 24.497, 24.655, 25.12, 25.828, 26.453, 26.78, 26.796, 26.73, 26.434, 25.806, 25.535, 25.752, 25.923, 25.307, 24.132, 23.241, 22.82, 22.604, 22.528, 22.469, 22.431, 22.179, 22.022, 22.037, 22.078, 22.178], [22.891, 22.722, 22.992, 23.015, 22.551, 22.081, 21.997, 21.926, 21.662, 21.538, 21.539, 20.99, 19.705, 18.997, 18.78, 18.465, 18.084, 17.564, 17.312, 17.379, 17.215, 16.453, 15.294, 14.482, 14.22, 14.011, 13.76, 13.26, 12.833, 12.549, 12.063, 10.824, 8.888, 7.078, 5.541, 3.076, 0.0, 2.399, 4.719, 8.673, 12.78, 15.384, 16.68, 17.048, 17.314, 18.095, 20.159, 21.981, 22.253, 22.018, 21.682, 21.431, 21.101, 21.051, 21.367, 21.717, 22.351, 23.382, 24.1, 24.286, 24.346, 24.503, 24.964, 25.665, 26.301, 26.655, 26.682, 26.615, 26.329, 25.723, 25.488, 25.716, 25.867, 25.252, 24.095, 23.203, 22.789, 22.579, 22.475, 22.382, 22.337, 22.102, 21.957, 21.981, 22.031, 22.145], [23.2, 23.026, 23.274, 23.334, 22.919, 22.472, 22.369, 22.29, 22.021, 21.899, 21.916, 21.342, 19.989, 19.257, 19.069, 18.747, 18.371, 17.883, 17.647, 17.761, 17.646, 16.873, 15.635, 14.655, 14.269, 14.024, 13.759, 13.317, 12.95, 12.673, 12.184, 10.977, 9.124, 7.442, 6.203, 4.501, 2.399, 0.0, 3.56, 8.32, 12.626, 15.304, 16.649, 17.035, 17.289, 18.063, 20.168, 22.004, 22.247, 22.003, 21.665, 21.403, 21.06, 21.008, 21.331, 21.685, 22.333, 23.373, 24.087, 24.286, 24.36, 24.508, 24.963, 25.676, 26.317, 26.678, 26.703, 26.618, 26.312, 25.706, 25.508, 25.782, 25.945, 25.34, 24.193, 23.284, 22.849, 22.631, 22.518, 22.419, 22.384, 22.195, 22.093, 22.113, 22.153, 22.28], [22.843, 22.593, 22.79, 22.866, 22.595, 22.21, 22.049, 21.938, 21.662, 21.535, 21.538, 20.982, 19.842, 19.367, 19.214, 18.927, 18.553, 18.028, 17.761, 17.879, 17.771, 17.064, 16.014, 15.212, 14.959, 14.826, 14.633, 14.196, 13.777, 13.482, 13.044, 11.925, 10.197, 8.427, 6.861, 5.449, 4.719, 3.56, 0.0, 5.589, 10.643, 13.741, 15.291, 15.722, 15.991, 16.813, 19.011, 20.843, 21.029, 20.76, 20.406, 20.146, 19.793, 19.733, 20.086, 20.476, 21.177, 22.318, 23.09, 23.294, 23.372, 23.535, 24.023, 24.795, 25.485, 25.858, 25.876, 25.79, 25.466, 24.821, 24.613, 24.94, 25.154, 24.556, 23.418, 22.533, 22.1, 21.871, 21.769, 21.687, 21.664, 21.487, 21.392, 21.396, 21.429, 21.572], [22.789, 22.53, 22.712, 22.78, 22.679, 22.419, 22.238, 22.124, 21.88, 21.747, 21.727, 21.306, 20.627, 20.388, 20.182, 20.009, 19.719, 19.194, 18.875, 18.896, 18.811, 18.301, 17.609, 17.295, 17.419, 17.467, 17.384, 17.006, 16.62, 16.386, 16.046, 15.06, 13.49, 11.847, 10.296, 9.023, 8.673, 8.32, 5.589, 0.0, 5.819, 9.715, 11.746, 12.338, 12.694, 13.676, 16.154, 18.242, 18.566, 18.309, 17.938, 17.711, 17.373, 17.397, 17.857, 18.332, 19.106, 20.365, 21.22, 21.427, 21.494, 21.67, 22.183, 22.997, 23.747, 24.155, 24.204, 24.216, 24.017, 23.41, 23.218, 23.542, 23.786, 23.358, 22.5, 21.86, 21.552, 21.352, 21.242, 21.15, 21.125, 20.917, 20.728, 20.7, 20.745, 20.897], [23.355, 23.175, 23.341, 23.469, 23.562, 23.429, 23.287, 23.196, 22.988, 22.846, 22.815, 22.569, 22.23, 21.959, 21.634, 21.587, 21.435, 20.997, 20.685, 20.593, 20.497, 20.18, 19.803, 19.868, 20.203, 20.312, 20.295, 20.002, 19.711, 19.56, 19.29, 18.41, 17.021, 15.647, 14.352, 13.2, 12.78, 12.626, 10.643, 5.819, 0.0, 4.563, 7.24, 8.155, 8.646, 9.788, 12.591, 15.188, 15.946, 15.828, 15.462, 15.278, 15.018, 15.297, 15.977, 16.534, 17.303, 18.575, 19.456, 19.673, 19.708, 19.861, 20.351, 21.136, 21.892, 22.342, 22.463, 22.638, 22.694, 22.241, 22.135, 22.405, 22.593, 22.453, 22.175, 22.022, 21.938, 21.784, 21.646, 21.518, 21.486, 21.266, 20.958, 20.878, 20.938, 21.085], [23.704, 23.589, 23.734, 23.933, 24.176, 24.121, 24.022, 23.955, 23.769, 23.624, 23.583, 23.443, 23.281, 22.979, 22.589, 22.607, 22.537, 22.164, 21.886, 21.778, 21.666, 21.44, 21.258, 21.534, 21.949, 22.065, 22.092, 21.851, 21.6, 21.484, 21.257, 20.465, 19.252, 18.09, 16.947, 15.836, 15.384, 15.304, 13.741, 9.715, 4.563, 0.0, 3.177, 4.588, 5.342, 6.67, 9.684, 12.738, 13.956, 14.045, 13.706, 13.56, 13.405, 13.938, 14.817, 15.414, 16.134, 17.379, 18.257, 18.493, 18.504, 18.632, 19.119, 19.899, 20.652, 21.125, 21.302, 21.576, 21.804, 21.49, 21.448, 21.668, 21.781, 21.813, 22.008, 22.284, 22.376, 22.252, 22.112, 21.977, 21.949, 21.734, 21.37, 21.251, 21.313, 21.446], [23.873, 23.785, 23.916, 24.145, 24.457, 24.442, 24.359, 24.305, 24.144, 24.006, 23.958, 23.841, 23.77, 23.511, 23.1, 23.14, 23.098, 22.741, 22.48, 22.395, 22.288, 22.093, 22.0, 22.382, 22.842, 22.966, 23.016, 22.796, 22.552, 22.445, 22.241, 21.508, 20.4, 19.321, 18.223, 17.124, 16.68, 16.649, 15.291, 11.746, 7.24, 3.177, 0.0, 1.884, 3.111, 4.827, 8.007, 11.267, 12.748, 12.999, 12.719, 12.619, 12.541, 13.189, 14.173, 14.797, 15.442, 16.646, 17.533, 17.792, 17.798, 17.917, 18.425, 19.238, 19.996, 20.451, 20.625, 20.94, 21.25, 21.034, 21.043, 21.226, 21.286, 21.369, 21.768, 22.255, 22.46, 22.382, 22.265, 22.144, 22.123, 21.908, 21.52, 21.386, 21.444, 21.561], [23.844, 23.753, 23.878, 24.118, 24.476, 24.479, 24.39, 24.341, 24.186, 24.057, 24.012, 23.882, 23.834, 23.628, 23.225, 23.268, 23.227, 22.867, 22.616, 22.552, 22.469, 22.292, 22.227, 22.646, 23.13, 23.267, 23.321, 23.096, 22.842, 22.727, 22.525, 21.805, 20.717, 19.637, 18.537, 17.457, 17.048, 17.035, 15.722, 12.338, 8.155, 4.588, 1.884, 0.0, 1.604, 3.771, 7.192, 10.513, 12.065, 12.388, 12.14, 12.059, 11.987, 12.628, 13.66, 14.316, 14.906, 16.103, 17.025, 17.301, 17.302, 17.417, 17.951, 18.816, 19.597, 20.031, 20.177, 20.502, 20.832, 20.643, 20.681, 20.868, 20.914, 20.984, 21.394, 21.91, 22.161, 22.134, 22.047, 21.938, 21.92, 21.698, 21.286, 21.144, 21.197, 21.305], [23.862, 23.772, 23.897, 24.153, 24.54, 24.557, 24.469, 24.426, 24.268, 24.142, 24.114, 24.006, 23.974, 23.779, 23.388, 23.431, 23.388, 23.047, 22.822, 22.766, 22.702, 22.555, 22.506, 22.914, 23.384, 23.523, 23.575, 23.34, 23.077, 22.956, 22.752, 22.029, 20.935, 19.851, 18.764, 17.71, 17.314, 17.289, 15.991, 12.694, 8.646, 5.342, 3.111, 1.604, 0.0, 2.582, 6.4, 9.973, 11.687, 12.094, 11.859, 11.779, 11.702, 12.351, 13.429, 14.114, 14.669, 15.866, 16.812, 17.097, 17.091, 17.198, 17.74, 18.63, 19.434, 19.879, 20.028, 20.361, 20.702, 20.513, 20.55, 20.749, 20.795, 20.855, 21.271, 21.796, 22.058, 22.057, 21.996, 21.893, 21.876, 21.649, 21.211, 21.049, 21.098, 21.204], [24.08, 24.0, 24.101, 24.382, 24.82, 24.879, 24.815, 24.78, 24.622, 24.497, 24.481, 24.471, 24.533, 24.347, 23.978, 24.023, 23.972, 23.648, 23.44, 23.352, 23.268, 23.162, 23.206, 23.631, 24.058, 24.185, 24.235, 23.989, 23.715, 23.593, 23.402, 22.685, 21.592, 20.522, 19.466, 18.463, 18.095, 18.063, 16.813, 13.676, 9.788, 6.67, 4.827, 3.771, 2.582, 0.0, 4.437, 8.794, 11.203, 11.939, 11.766, 11.737, 11.671, 12.354, 13.531, 14.28, 14.742, 15.88, 16.841, 17.126, 17.099, 17.19, 17.711, 18.597, 19.421, 19.89, 20.085, 20.465, 20.857, 20.7, 20.736, 20.93, 20.98, 21.086, 21.598, 22.196, 22.481, 22.486, 22.435, 22.335, 22.332, 22.131, 21.648, 21.426, 21.463, 21.57], [24.529, 24.492, 24.569, 24.829, 25.367, 25.526, 25.489, 25.466, 25.318, 25.202, 25.177, 25.244, 25.517, 25.487, 25.169, 25.218, 25.16, 24.815, 24.561, 24.423, 24.322, 24.269, 24.507, 25.122, 25.6, 25.734, 25.787, 25.508, 25.198, 25.081, 24.93, 24.267, 23.265, 22.325, 21.386, 20.472, 20.159, 20.168, 19.011, 16.154, 12.591, 9.684, 8.007, 7.192, 6.4, 4.437, 0.0, 5.503, 9.517, 11.111, 11.117, 11.176, 11.239, 11.971, 13.227, 14.036, 14.234, 15.11, 16.053, 16.366, 16.317, 16.412, 16.945, 17.86, 18.71, 19.192, 19.446, 19.905, 20.404, 20.361, 20.451, 20.634, 20.678, 20.954, 21.776, 22.606, 22.979, 22.997, 22.954, 22.869, 22.908, 22.764, 22.246, 21.949, 21.973, 22.094], [24.693, 24.691, 24.761, 24.913, 25.515, 25.742, 25.668, 25.622, 25.457, 25.355, 25.318, 25.342, 25.735, 26.014, 25.85, 25.92, 25.859, 25.456, 25.108, 24.975, 24.943, 24.942, 25.273, 26.022, 26.641, 26.821, 26.872, 26.55, 26.188, 26.079, 25.989, 25.409, 24.553, 23.771, 22.948, 22.173, 21.981, 22.004, 20.843, 18.242, 15.188, 12.738, 11.267, 10.513, 9.973, 8.794, 5.503, 0.0, 5.522, 8.231, 8.58, 8.846, 9.193, 9.988, 11.276, 12.133, 12.157, 12.927, 13.931, 14.309, 14.261, 14.419, 15.085, 16.166, 17.071, 17.544, 17.857, 18.392, 18.933, 19.004, 19.219, 19.452, 19.542, 20.029, 21.151, 22.168, 22.604, 22.63, 22.598, 22.561, 22.672, 22.629, 22.232, 21.958, 21.971, 22.116], [24.303, 24.312, 24.402, 24.457, 25.038, 25.257, 25.116, 25.024, 24.819, 24.71, 24.671, 24.594, 25.007, 25.557, 25.546, 25.658, 25.605, 25.162, 24.777, 24.735, 24.83, 24.846, 25.127, 25.875, 26.576, 26.796, 26.847, 26.507, 26.12, 26.018, 25.953, 25.398, 24.584, 23.849, 23.062, 22.37, 22.253, 22.247, 21.029, 18.566, 15.946, 13.956, 12.748, 12.065, 11.687, 11.203, 9.517, 5.522, 0.0, 3.459, 4.371, 5.141, 5.988, 6.937, 8.144, 8.925, 9.223, 10.541, 11.841, 12.265, 12.222, 12.459, 13.276, 14.536, 15.516, 16.022, 16.384, 16.893, 17.308, 17.35, 17.659, 18.021, 18.208, 18.733, 19.89, 20.951, 21.407, 21.433, 21.39, 21.381, 21.525, 21.567, 21.431, 21.323, 21.334, 21.486], [24.205, 24.207, 24.31, 24.338, 24.845, 25.023, 24.853, 24.741, 24.527, 24.415, 24.378, 24.249, 24.634, 25.264, 25.306, 25.437, 25.399, 24.962, 24.581, 24.581, 24.743, 24.76, 24.953, 25.631, 26.328, 26.547, 26.597, 26.272, 25.902, 25.805, 25.729, 25.159, 24.317, 23.567, 22.784, 22.118, 22.018, 22.003, 20.76, 18.309, 15.828, 14.045, 12.999, 12.388, 12.094, 11.939, 11.111, 8.231, 3.459, 0.0, 1.78, 3.465, 4.747, 5.914, 7.055, 7.71, 8.378, 10.136, 11.558, 11.958, 11.9, 12.117, 12.932, 14.223, 15.21, 15.729, 16.098, 16.545, 16.854, 16.833, 17.158, 17.58, 17.82, 18.306, 19.403, 20.46, 20.928, 20.96, 20.905, 20.893, 21.024, 21.053, 21.054, 21.096, 21.117, 21.25], [24.013, 24.0, 24.112, 24.167, 24.68, 24.837, 24.66, 24.545, 24.327, 24.216, 24.185, 24.035, 24.394, 25.036, 25.08, 25.207, 25.179, 24.757, 24.378, 24.393, 24.574, 24.57, 24.72, 25.393, 26.1, 26.323, 26.374, 26.05, 25.678, 25.575, 25.492, 24.906, 24.043, 23.278, 22.483, 21.796, 21.682, 21.665, 20.406, 17.938, 15.462, 13.706, 12.719, 12.14, 11.859, 11.766, 11.117, 8.58, 4.371, 1.78, 0.0, 2.133, 3.721, 5.179, 6.502, 7.289, 8.054, 9.86, 11.317, 11.731, 11.677, 11.885, 12.705, 14.031, 15.055, 15.594, 15.953, 16.386, 16.686, 16.622, 16.93, 17.365, 17.601, 18.038, 19.111, 20.182, 20.66, 20.691, 20.63, 20.609, 20.732, 20.749, 20.76, 20.83, 20.869, 21.01], [23.685, 23.667, 23.8, 23.884, 24.424, 24.579, 24.397, 24.285, 24.061, 23.95, 23.926, 23.755, 24.094, 24.74, 24.776, 24.897, 24.88, 24.481, 24.118, 24.155, 24.345, 24.333, 24.482, 25.181, 25.918, 26.145, 26.193, 25.865, 25.48, 25.367, 25.281, 24.687, 23.824, 23.075, 22.282, 21.574, 21.431, 21.403, 20.146, 17.711, 15.278, 13.56, 12.619, 12.059, 11.779, 11.737, 11.176, 8.846, 5.141, 3.465, 2.133, 0.0, 2.127, 4.251, 5.892, 6.787, 7.553, 9.352, 10.803, 11.227, 11.2, 11.43, 12.28, 13.65, 14.728, 15.296, 15.627, 16.026, 16.316, 16.212, 16.501, 16.953, 17.182, 17.574, 18.624, 19.7, 20.189, 20.231, 20.173, 20.146, 20.267, 20.296, 20.332, 20.409, 20.462, 20.649], [23.518, 23.485, 23.629, 23.739, 24.287, 24.429, 24.24, 24.127, 23.901, 23.793, 23.773, 23.59, 23.901, 24.543, 24.579, 24.696, 24.672, 24.277, 23.936, 24.007, 24.22, 24.203, 24.322, 24.98, 25.693, 25.913, 25.956, 25.626, 25.23, 25.103, 25.008, 24.397, 23.508, 22.75, 21.962, 21.252, 21.101, 21.06, 19.793, 17.373, 15.018, 13.405, 12.541, 11.987, 11.702, 11.671, 11.239, 9.193, 5.988, 4.747, 3.721, 2.127, 0.0, 2.799, 4.963, 6.07, 7.035, 9.066, 10.641, 11.114, 11.132, 11.382, 12.253, 13.647, 14.745, 15.293, 15.56, 15.893, 16.151, 16.005, 16.267, 16.726, 16.952, 17.273, 18.252, 19.314, 19.816, 19.879, 19.841, 19.822, 19.953, 19.992, 20.019, 20.073, 20.126, 20.357], [23.439, 23.387, 23.531, 23.653, 24.239, 24.381, 24.186, 24.073, 23.844, 23.738, 23.719, 23.499, 23.79, 24.488, 24.555, 24.668, 24.63, 24.198, 23.844, 23.977, 24.245, 24.204, 24.299, 24.947, 25.643, 25.852, 25.888, 25.543, 25.127, 24.987, 24.894, 24.289, 23.4, 22.639, 21.858, 21.174, 21.051, 21.008, 19.733, 17.397, 15.297, 13.938, 13.189, 12.628, 12.351, 12.354, 11.971, 9.988, 6.937, 5.914, 5.179, 4.251, 2.799, 0.0, 2.735, 4.383, 5.646, 8.104, 10.031, 10.69, 10.786, 11.078, 12.021, 13.51, 14.65, 15.165, 15.379, 15.665, 15.857, 15.679, 15.943, 16.43, 16.658, 16.89, 17.757, 18.801, 19.32, 19.397, 19.393, 19.401, 19.558, 19.643, 19.689, 19.714, 19.747, 20.001], [23.496, 23.445, 23.593, 23.7, 24.313, 24.465, 24.259, 24.145, 23.918, 23.812, 23.783, 23.51, 23.794, 24.576, 24.688, 24.805, 24.758, 24.295, 23.914, 24.1, 24.43, 24.361, 24.441, 25.141, 25.871, 26.082, 26.117, 25.768, 25.341, 25.193, 25.106, 24.52, 23.669, 22.954, 22.193, 21.502, 21.367, 21.331, 20.086, 17.857, 15.977, 14.817, 14.173, 13.66, 13.429, 13.531, 13.227, 11.276, 8.144, 7.055, 6.502, 5.892, 4.963, 2.735, 0.0, 2.38, 4.363, 7.207, 9.362, 10.15, 10.3, 10.638, 11.667, 13.247, 14.425, 14.95, 15.175, 15.421, 15.508, 15.284, 15.569, 16.088, 16.324, 16.524, 17.348, 18.39, 18.922, 19.008, 19.025, 19.06, 19.248, 19.402, 19.539, 19.592, 19.618, 19.871], [23.628, 23.572, 23.703, 23.797, 24.393, 24.543, 24.33, 24.215, 23.99, 23.878, 23.84, 23.558, 23.854, 24.663, 24.783, 24.903, 24.855, 24.39, 23.992, 24.164, 24.508, 24.477, 24.593, 25.322, 26.065, 26.269, 26.298, 25.95, 25.524, 25.383, 25.303, 24.738, 23.925, 23.246, 22.519, 21.851, 21.717, 21.685, 20.476, 18.332, 16.534, 15.414, 14.797, 14.316, 14.114, 14.28, 14.036, 12.133, 8.925, 7.71, 7.289, 6.787, 6.07, 4.383, 2.38, 0.0, 3.117, 6.571, 8.863, 9.687, 9.846, 10.206, 11.258, 12.826, 13.968, 14.486, 14.742, 14.936, 14.951, 14.711, 15.004, 15.547, 15.813, 16.072, 16.974, 18.063, 18.61, 18.703, 18.728, 18.773, 18.972, 19.172, 19.403, 19.505, 19.521, 19.764], [23.676, 23.628, 23.745, 23.834, 24.471, 24.673, 24.493, 24.404, 24.186, 24.063, 24.02, 23.792, 24.168, 24.922, 24.998, 25.131, 25.107, 24.65, 24.242, 24.361, 24.652, 24.65, 24.895, 25.749, 26.517, 26.719, 26.745, 26.38, 25.954, 25.835, 25.772, 25.228, 24.465, 23.823, 23.124, 22.482, 22.351, 22.333, 21.177, 19.106, 17.303, 16.134, 15.442, 14.906, 14.669, 14.742, 14.234, 12.157, 9.223, 8.378, 8.054, 7.553, 7.035, 5.646, 4.363, 3.117, 0.0, 4.054, 6.95, 8.039, 8.239, 8.629, 9.653, 11.232, 12.459, 13.046, 13.336, 13.612, 13.78, 13.659, 14.021, 14.578, 14.833, 15.204, 16.363, 17.648, 18.281, 18.41, 18.438, 18.445, 18.622, 18.832, 19.034, 19.116, 19.124, 19.362], [23.95, 23.944, 24.066, 24.133, 24.792, 25.046, 24.903, 24.85, 24.662, 24.543, 24.486, 24.294, 24.737, 25.428, 25.473, 25.62, 25.628, 25.186, 24.767, 24.841, 25.072, 25.039, 25.36, 26.361, 27.202, 27.418, 27.448, 27.089, 26.688, 26.6, 26.552, 26.043, 25.372, 24.833, 24.195, 23.561, 23.382, 23.373, 22.318, 20.365, 18.575, 17.379, 16.646, 16.103, 15.866, 15.88, 15.11, 12.927, 10.541, 10.136, 9.86, 9.352, 9.066, 8.104, 7.207, 6.571, 4.054, 0.0, 3.656, 5.354, 5.756, 6.182, 7.16, 8.817, 10.219, 10.949, 11.326, 11.774, 12.191, 12.322, 12.888, 13.443, 13.623, 14.148, 15.701, 17.294, 18.087, 18.28, 18.302, 18.27, 18.43, 18.645, 18.815, 18.896, 18.915, 19.151], [24.26, 24.278, 24.398, 24.422, 25.052, 25.323, 25.192, 25.148, 24.976, 24.859, 24.781, 24.575, 25.031, 25.717, 25.77, 25.918, 25.938, 25.51, 25.091, 25.145, 25.351, 25.322, 25.659, 26.691, 27.589, 27.833, 27.863, 27.527, 27.152, 27.076, 27.039, 26.562, 25.955, 25.497, 24.91, 24.297, 24.1, 24.087, 23.09, 21.22, 19.456, 18.257, 17.533, 17.025, 16.812, 16.841, 16.053, 13.931, 11.841, 11.558, 11.317, 10.803, 10.641, 10.031, 9.362, 8.863, 6.95, 3.656, 0.0, 2.276, 3.174, 3.788, 5.013, 7.118, 8.705, 9.504, 9.997, 10.594, 11.122, 11.394, 12.129, 12.669, 12.817, 13.49, 15.3, 17.062, 17.955, 18.201, 18.222, 18.201, 18.382, 18.607, 18.786, 18.896, 18.936, 19.169], [24.262, 24.289, 24.407, 24.411, 25.028, 25.301, 25.167, 25.117, 24.944, 24.825, 24.74, 24.529, 25.002, 25.708, 25.772, 25.929, 25.946, 25.517, 25.105, 25.155, 25.358, 25.351, 25.704, 26.737, 27.652, 27.924, 27.96, 27.629, 27.257, 27.18, 27.146, 26.676, 26.077, 25.628, 25.048, 24.455, 24.286, 24.286, 23.294, 21.427, 19.673, 18.493, 17.792, 17.301, 17.097, 17.126, 16.366, 14.309, 12.265, 11.958, 11.731, 11.227, 11.114, 10.69, 10.15, 9.687, 8.039, 5.354, 2.276, 0.0, 1.429, 2.52, 4.12, 6.543, 8.2, 8.988, 9.52, 10.154, 10.683, 10.952