[[0.0, 3.931, 7.923, 10.474, 11.499, 11.483, 12.757, 14.749, 14.068, 13.176, 13.112, 13.337, 13.362, 13.253, 13.658, 14.272, 14.812, 15.097, 15.7, 17.063, 18.067, 18.397, 18.589, 18.824, 18.789, 19.019, 19.477, 19.835, 19.77, 19.667, 19.718, 20.38, 21.103, 21.381, 22.539, 25.363, 28.48, 31.168, 32.713, 33.133, 33.307, 33.29, 33.147, 33.265, 33.221, 33.086, 33.025, 32.969, 32.885, 32.814, 32.816, 32.783, 32.768, 32.674, 32.611, 32.211, 32.056, 31.868, 31.838, 31.823, 31.79, 32.227, 32.203, 32.202, 32.042, 31.694, 31.671, 32.183, 32.307, 32.14, 32.151, 32.224, 32.189, 32.221, 31.998, 31.952, 32.301, 32.339, 31.889, 31.215, 31.213, 31.468, 31.539, 31.406, 31.489, 31.473], [3.931, 0.0, 4.355, 6.942, 8.111, 8.229, 9.868, 12.396, 12.238, 11.641, 11.729, 12.194, 12.509, 12.832, 13.688, 14.315, 14.756, 14.915, 15.486, 16.89, 18.069, 18.492, 18.798, 19.252, 19.155, 19.349, 19.956, 20.462, 20.532, 20.49, 20.513, 20.987, 21.557, 21.998, 23.704, 27.125, 30.556, 33.336, 34.871, 35.308, 35.511, 35.475, 35.281, 35.355, 35.283, 35.123, 35.053, 34.984, 34.893, 34.833, 34.837, 34.81, 34.791, 34.683, 34.611, 34.221, 34.097, 33.909, 33.818, 33.779, 33.764, 34.183, 34.1, 34.1, 33.961, 33.623, 33.632, 34.209, 34.395, 34.271, 34.268, 34.308, 34.275, 34.318, 34.078, 34.008, 34.357, 34.392, 33.951, 33.263, 33.237, 33.49, 33.525, 33.325, 33.378, 33.361], [7.923, 4.355, 0.0, 3.495, 5.499, 5.955, 8.239, 11.512, 12.052, 11.765, 11.984, 12.562, 12.979, 13.54, 14.568, 15.025, 15.274, 15.279, 15.827, 17.339, 18.723, 19.231, 19.609, 20.214, 20.046, 20.201, 20.881, 21.444, 21.63, 21.644, 21.631, 21.896, 22.365, 22.927, 25.007, 28.968, 32.795, 35.698, 37.242, 37.711, 37.945, 37.898, 37.66, 37.688, 37.581, 37.393, 37.311, 37.238, 37.155, 37.116, 37.138, 37.119, 37.095, 36.978, 36.901, 36.541, 36.449, 36.258, 36.127, 36.073, 36.074, 36.485, 36.364, 36.359, 36.235, 35.906, 35.933, 36.54, 36.756, 36.669, 36.673, 36.691, 36.651, 36.703, 36.455, 36.363, 36.7, 36.737, 36.318, 35.63, 35.58, 35.827, 35.844, 35.607, 35.626, 35.598], [10.474, 6.942, 3.495, 0.0, 2.598, 3.528, 6.231, 9.97, 11.29, 11.496, 11.792, 12.447, 12.972, 13.822, 15.177, 15.688, 15.919, 15.835, 16.346, 17.84, 19.314, 19.848, 20.312, 21.063, 20.824, 20.929, 21.698, 22.373, 22.66, 22.716, 22.698, 22.83, 23.132, 23.785, 26.23, 30.524, 34.518, 37.56, 39.174, 39.677, 39.941, 39.885, 39.614, 39.61, 39.48, 39.268, 39.18, 39.103, 39.018, 38.983, 39.004, 38.985, 38.958, 38.836, 38.757, 38.395, 38.315, 38.121, 37.926, 37.841, 37.847, 38.237, 38.071, 38.066, 37.96, 37.638, 37.699, 38.361, 38.607, 38.543, 38.543, 38.542, 38.499, 38.555, 38.293, 38.18, 38.506, 38.536, 38.119, 37.434, 37.364, 37.609, 37.602, 37.29, 37.273, 37.257], [11.499, 8.111, 5.499, 2.598, 0.0, 1.83, 4.804, 8.588, 10.371, 10.956, 11.268, 11.982, 12.593, 13.654, 15.286, 15.968, 16.26, 16.144, 16.636, 18.087, 19.542, 20.045, 20.536, 21.338, 21.076, 21.184, 22.029, 22.785, 23.105, 23.193, 23.203, 23.321, 23.527, 24.21, 26.823, 31.165, 35.111, 38.178, 39.821, 40.339, 40.614, 40.552, 40.267, 40.249, 40.112, 39.893, 39.802, 39.723, 39.636, 39.597, 39.61, 39.588, 39.564, 39.445, 39.366, 38.996, 38.917, 38.726, 38.488, 38.381, 38.388, 38.771, 38.594, 38.601, 38.51, 38.194, 38.269, 38.96, 39.23, 39.178, 39.177, 39.17, 39.12, 39.172, 38.905, 38.784, 39.104, 39.132, 38.713, 38.036, 37.964, 38.208, 38.191, 37.845, 37.813, 37.801], [11.483, 8.229, 5.955, 3.528, 1.83, 0.0, 3.578, 7.907, 9.859, 10.489, 10.832, 11.493, 11.989, 13.037, 14.709, 15.408, 15.694, 15.563, 16.098, 17.628, 19.117, 19.622, 20.129, 20.953, 20.715, 20.832, 21.675, 22.444, 22.772, 22.867, 22.887, 22.994, 23.201, 23.892, 26.513, 30.879, 34.853, 37.968, 39.65, 40.181, 40.455, 40.396, 40.116, 40.098, 39.95, 39.721, 39.631, 39.557, 39.473, 39.436, 39.454, 39.435, 39.409, 39.286, 39.207, 38.842, 38.765, 38.569, 38.334, 38.234, 38.245, 38.638, 38.468, 38.471, 38.374, 38.06, 38.135, 38.821, 39.087, 39.028, 39.02, 39.006, 38.954, 39.012, 38.758, 38.645, 38.97, 39.008, 38.6, 37.941, 37.878, 38.127, 38.112, 37.757, 37.716, 37.711], [12.757, 9.868, 8.239, 6.231, 4.804, 3.578, 0.0, 5.139, 8.01, 9.097, 9.502, 10.164, 10.654, 11.979, 13.951, 14.733, 15.039, 14.878, 15.421, 17.05, 18.654, 19.181, 19.762, 20.771, 20.628, 20.719, 21.591, 22.449, 22.795, 22.899, 22.945, 22.974, 23.063, 23.829, 26.615, 31.01, 34.955, 38.121, 39.855, 40.405, 40.683, 40.626, 40.339, 40.307, 40.148, 39.918, 39.832, 39.759, 39.682, 39.654, 39.685, 39.671, 39.64, 39.507, 39.427, 39.061, 38.996, 38.791, 38.504, 38.395, 38.409, 38.793, 38.628, 38.632, 38.542, 38.241, 38.34, 39.063, 39.345, 39.294, 39.282, 39.258, 39.2, 39.268, 39.036, 38.933, 39.261, 39.308, 38.918, 38.302, 38.241, 38.496, 38.481, 38.058, 37.987, 38.007], [14.749, 12.396, 11.512, 9.97, 8.588, 7.907, 5.139, 0.0, 4.483, 6.74, 7.212, 8.043, 8.929, 10.843, 13.383, 14.556, 15.101, 14.99, 15.409, 16.804, 18.311, 18.783, 19.428, 20.608, 20.547, 20.602, 21.544, 22.531, 22.843, 22.943, 23.032, 23.0, 22.912, 23.78, 26.729, 30.952, 34.653, 37.695, 39.387, 39.934, 40.225, 40.181, 39.894, 39.834, 39.669, 39.463, 39.38, 39.3, 39.222, 39.2, 39.247, 39.24, 39.211, 39.075, 38.991, 38.617, 38.558, 38.357, 37.967, 37.812, 37.811, 38.149, 37.988, 38.018, 37.952, 37.654, 37.78, 38.559, 38.881, 38.859, 38.859, 38.836, 38.775, 38.846, 38.63, 38.519, 38.831, 38.878, 38.504, 37.952, 37.897, 38.153, 38.138, 37.643, 37.549, 37.602], [14.068, 12.238, 12.052, 11.29, 10.371, 9.859, 8.01, 4.483, 0.0, 2.931, 3.667, 4.907, 6.492, 8.594, 11.226, 12.666, 13.438, 13.451, 13.772, 14.84, 16.076, 16.458, 17.095, 18.284, 18.323, 18.437, 19.379, 20.403, 20.637, 20.692, 20.822, 20.963, 20.973, 21.821, 24.608, 28.533, 32.036, 34.97, 36.619, 37.146, 37.422, 37.399, 37.152, 37.102, 36.953, 36.777, 36.701, 36.614, 36.528, 36.509, 36.567, 36.561, 36.538, 36.405, 36.316, 35.928, 35.856, 35.657, 35.262, 35.103, 35.082, 35.395, 35.27, 35.321, 35.25, 34.934, 35.047, 35.809, 36.107, 36.063, 36.07, 36.076, 36.027, 36.098, 35.89, 35.797, 36.124, 36.179, 35.811, 35.311, 35.299, 35.562, 35.559, 35.096, 35.038, 35.097], [13.176, 11.641, 11.765, 11.496, 10.956, 10.489, 9.097, 6.74, 2.931, 0.0, 1.628, 3.381, 5.309, 7.184, 9.575, 11.069, 11.903, 11.995, 12.327, 13.321, 14.432, 14.779, 15.382, 16.531, 16.66, 16.853, 17.755, 18.768, 18.978, 19.014, 19.149, 19.398, 19.552, 20.365, 23.009, 26.833, 30.323, 33.262, 34.926, 35.442, 35.692, 35.672, 35.448, 35.419, 35.284, 35.118, 35.046, 34.96, 34.871, 34.854, 34.915, 34.908, 34.884, 34.754, 34.665, 34.286, 34.219, 34.017, 33.671, 33.544, 33.517, 33.833, 33.743, 33.798, 33.715, 33.39, 33.479, 34.193, 34.451, 34.387, 34.415, 34.452, 34.411, 34.481, 34.282, 34.213, 34.557, 34.62, 34.265, 33.795, 33.821, 34.088, 34.096, 33.673, 33.64, 33.696], [13.112, 11.729, 11.984, 11.792, 11.268, 10.832, 9.502, 7.212, 3.667, 1.628, 0.0, 2.211, 4.529, 6.516, 8.982, 10.561, 11.44, 11.545, 11.914, 12.965, 14.104, 14.432, 14.984, 16.102, 16.282, 16.506, 17.386, 18.402, 18.614, 18.65, 18.791, 19.08, 19.21, 19.984, 22.638, 26.471, 29.968, 32.939, 34.636, 35.157, 35.406, 35.384, 35.151, 35.124, 34.999, 34.84, 34.765, 34.676, 34.581, 34.569, 34.632, 34.621, 34.598, 34.471, 34.387, 34.013, 33.953, 33.753, 33.405, 33.285, 33.248, 33.556, 33.487, 33.556, 33.478, 33.151, 33.243, 33.946, 34.183, 34.116, 34.17, 34.22, 34.169, 34.233, 34.035, 33.965, 34.299, 34.359, 34.013, 33.559, 33.589, 33.856, 33.876, 33.458, 33.428, 33.493], [13.337, 12.194, 12.562, 12.447, 11.982, 11.493, 10.164, 8.043, 4.907, 3.381, 2.211, 0.0, 2.792, 5.11, 7.861, 9.598, 10.582, 10.709, 11.119, 12.282, 13.528, 13.854, 14.381, 15.526, 15.766, 15.995, 16.841, 17.872, 18.084, 18.105, 18.243, 18.554, 18.648, 19.355, 22.002, 25.881, 29.441, 32.511, 34.287, 34.827, 35.068, 35.047, 34.823, 34.801, 34.675, 34.522, 34.448, 34.364, 34.27, 34.262, 34.333, 34.322, 34.292, 34.158, 34.078, 33.718, 33.67, 33.463, 33.113, 33.007, 32.963, 33.266, 33.214, 33.291, 33.208, 32.874, 32.965, 33.656, 33.857, 33.759, 33.82, 33.882, 33.831, 33.899, 33.712, 33.643, 33.97, 34.037, 33.706, 33.28, 33.317, 33.586, 33.624, 33.215, 33.187, 33.25], [13.362, 12.509, 12.979, 12.972, 12.593, 11.989, 10.654, 8.929, 6.492, 5.309, 4.529, 2.792, 0.0, 2.987, 6.354, 8.419, 9.599, 9.766, 10.31, 11.761, 13.162, 13.506, 14.032, 15.168, 15.417, 15.628, 16.415, 17.412, 17.598, 17.588, 17.712, 17.955, 17.988, 18.635, 21.227, 25.186, 28.889, 32.123, 34.01, 34.587, 34.831, 34.818, 34.611, 34.606, 34.464, 34.294, 34.231, 34.174, 34.091, 34.082, 34.157, 34.145, 34.106, 33.958, 33.885, 33.534, 33.49, 33.269, 32.931, 32.844, 32.793, 33.122, 33.107, 33.189, 33.101, 32.764, 32.843, 33.51, 33.671, 33.524, 33.575, 33.652, 33.603, 33.674, 33.497, 33.428, 33.75, 33.828, 33.512, 33.112, 33.161, 33.427, 33.49, 33.108, 33.075, 33.127], [13.253, 12.832, 13.54, 13.822, 13.654, 13.037, 11.979, 10.843, 8.594, 7.184, 6.516, 5.11, 2.987, 0.0, 3.786, 6.49, 8.062, 8.356, 8.975, 10.504, 11.822, 12.149, 12.62, 13.622, 13.906, 14.156, 14.864, 15.835, 16.009, 16.0, 16.135, 16.383, 16.436, 17.027, 19.536, 23.537, 27.412, 30.833, 32.833, 33.452, 33.714, 33.721, 33.532, 33.553, 33.42, 33.243, 33.185, 33.161, 33.099, 33.097, 33.169, 33.154, 33.108, 32.959, 32.896, 32.554, 32.51, 32.285, 31.987, 31.928, 31.867, 32.205, 32.231, 32.317, 32.215, 31.881, 31.95, 32.568, 32.678, 32.488, 32.542, 32.646, 32.603, 32.67, 32.502, 32.443, 32.764, 32.848, 32.552, 32.19, 32.271, 32.535, 32.627, 32.301, 32.278, 32.32], [13.658, 13.688, 14.568, 15.177, 15.286, 14.709, 13.951, 13.383, 11.226, 9.575, 8.982, 7.861, 6.354, 3.786, 0.0, 3.493, 5.601, 6.146, 6.837, 8.454, 9.691, 10.008, 10.416, 11.286, 11.692, 12.052, 12.622, 13.538, 13.709, 13.718, 13.883, 14.187, 14.407, 14.952, 17.298, 21.362, 25.532, 29.208, 31.359, 32.029, 32.305, 32.327, 32.148, 32.205, 32.109, 31.954, 31.895, 31.891, 31.848, 31.881, 31.971, 31.951, 31.905, 31.763, 31.714, 31.377, 31.328, 31.095, 30.858, 30.842, 30.772, 31.119, 31.185, 31.267, 31.142, 30.801, 30.858, 31.413, 31.46, 31.235, 31.315, 31.461, 31.429, 31.501, 31.351, 31.331, 31.676, 31.772, 31.5, 31.182, 31.309, 31.578, 31.685, 31.417, 31.414, 31.461], [14.272, 14.315, 15.025, 15.688, 15.968, 15.408, 14.733, 14.556, 12.666, 11.069, 10.561, 9.598, 8.419, 6.49, 3.493, 0.0, 2.55, 3.507, 4.412, 6.534, 8.225, 8.745, 9.225, 10.327, 10.844, 11.222, 11.752, 12.674, 12.857, 12.836, 12.967, 13.304, 13.697, 14.236, 16.562, 20.854, 25.356, 29.251, 31.517, 32.215, 32.486, 32.498, 32.308, 32.382, 32.314, 32.188, 32.132, 32.121, 32.068, 32.138, 32.268, 32.248, 32.207, 32.073, 32.024, 31.67, 31.609, 31.355, 31.156, 31.163, 31.093, 31.454, 31.523, 31.585, 31.437, 31.079, 31.129, 31.665, 31.69, 31.477, 31.593, 31.76, 31.736, 31.813, 31.667, 31.676, 32.041, 32.137, 31.882, 31.575, 31.706, 31.975, 32.076, 31.806, 31.806, 31.863], [14.812, 14.756, 15.274, 15.919, 16.26, 15.694, 15.039, 15.101, 13.438, 11.903, 11.44, 10.582, 9.599, 8.062, 5.601, 2.55, 0.0, 1.494, 2.838, 5.447, 7.527, 8.203, 8.723, 10.05, 10.653, 11.037, 11.583, 12.513, 12.721, 12.705, 12.8, 13.14, 13.631, 14.171, 16.54, 21.023, 25.712, 29.684, 31.973, 32.673, 32.944, 32.944, 32.74, 32.812, 32.75, 32.636, 32.583, 32.557, 32.492, 32.585, 32.749, 32.732, 32.697, 32.575, 32.522, 32.165, 32.1, 31.839, 31.663, 31.683, 31.618, 31.983, 32.045, 32.085, 31.926, 31.572, 31.624, 32.158, 32.186, 31.997, 32.139, 32.31, 32.287, 32.362, 32.211, 32.225, 32.588, 32.677, 32.433, 32.125, 32.246, 32.512, 32.604, 32.323, 32.322, 32.383], [15.097, 14.915, 15.279, 15.835, 16.144, 15.563, 14.878, 14.99, 13.451, 11.995, 11.545, 10.709, 9.766, 8.356, 6.146, 3.507, 1.494, 0.0, 2.136, 5.166, 7.414, 8.132, 8.642, 10.029, 10.648, 11.041, 11.601, 12.532, 12.765, 12.762, 12.871, 13.18, 13.652, 14.218, 16.688, 21.304, 26.073, 30.06, 32.352, 33.065, 33.351, 33.35, 33.136, 33.197, 33.133, 33.017, 32.96, 32.931, 32.863, 32.954, 33.117, 33.103, 33.065, 32.944, 32.889, 32.536, 32.478, 32.22, 32.042, 32.065, 32.004, 32.358, 32.408, 32.441, 32.282, 31.938, 32.003, 32.55, 32.59, 32.405, 32.539, 32.702, 32.681, 32.752, 32.596, 32.602, 32.959, 33.043, 32.796, 32.48, 32.592, 32.855, 32.939, 32.653, 32.651, 32.711], [15.7, 15.486, 15.827, 16.346, 16.636, 16.098, 15.421, 15.409, 13.772, 12.327, 11.914, 11.119, 10.31, 8.975, 6.837, 4.412, 2.838, 2.136, 0.0, 3.524, 6.206, 7.078, 7.664, 9.205, 9.855, 10.232, 10.868, 11.907, 12.251, 12.362, 12.521, 12.916, 13.446, 14.017, 16.545, 21.15, 25.912, 29.918, 32.226, 32.953, 33.257, 33.256, 33.038, 33.104, 33.054, 32.951, 32.896, 32.865, 32.801, 32.908, 33.072, 33.052, 33.02, 32.901, 32.847, 32.487, 32.426, 32.172, 31.998, 32.023, 31.962, 32.283, 32.297, 32.32, 32.165, 31.822, 31.891, 32.443, 32.491, 32.317, 32.459, 32.631, 32.628, 32.696, 32.529, 32.532, 32.887, 32.961, 32.72, 32.427, 32.551, 32.808, 32.878, 32.589, 32.593, 32.656], [17.063, 16.89, 17.339, 17.84, 18.087, 17.628, 17.05, 16.804, 14.84, 13.321, 12.965, 12.282, 11.761, 10.504, 8.454, 6.534, 5.447, 5.166, 3.524, 0.0, 3.299, 4.587, 5.319, 7.184, 7.882, 8.21, 9.017, 10.37, 10.924, 11.184, 11.365, 11.95, 12.599, 13.182, 15.856, 20.507, 25.245, 29.258, 31.568, 32.291, 32.604, 32.604, 32.391, 32.471, 32.458, 32.39, 32.345, 32.303, 32.238, 32.379, 32.557, 32.536, 32.513, 32.411, 32.366, 32.003, 31.943, 31.694, 31.529, 31.568, 31.498, 31.742, 31.708, 31.711, 31.549, 31.207, 31.283, 31.816, 31.861, 31.702, 31.87, 32.07, 32.089, 32.157, 31.976, 31.974, 32.319, 32.379, 32.154, 31.902, 32.045, 32.295, 32.343, 32.037, 32.048, 32.121], [18.067, 18.069, 18.723, 19.314, 19.542, 19.117, 18.654, 18.311, 16.076, 14.432, 14.104, 13.528, 13.162, 11.822, 9.691, 8.225, 7.527, 7.414, 6.206, 3.299, 0.0, 1.959, 2.946, 4.969, 5.849, 6.278, 7.129, 8.679, 9.378, 9.79, 10.007, 10.692, 11.503, 12.128, 14.783, 19.321, 23.996, 27.989, 30.292, 31.019, 31.34, 31.346, 31.145, 31.245, 31.265, 31.224, 31.188, 31.154, 31.108, 31.268, 31.445, 31.426, 31.409, 31.318, 31.297, 30.955, 30.9, 30.662, 30.514, 30.573, 30.504, 30.71, 30.673, 30.664, 30.495, 30.174, 30.253, 30.741, 30.766, 30.6, 30.757, 30.97, 30.998, 31.063, 30.879, 30.882, 31.227, 31.284, 31.071, 30.855, 31.026, 31.273, 31.315, 31.021, 31.046, 31.129], [18.397, 18.492, 19.231, 19.848, 20.045, 19.622, 19.181, 18.783, 16.458, 14.779, 14.432, 13.854, 13.506, 12.149, 10.008, 8.745, 8.203, 8.132, 7.078, 4.587, 1.959, 0.0, 1.732, 4.155, 5.155, 5.709, 6.577, 8.171, 8.848, 9.284, 9.537, 10.269, 11.059, 11.658, 14.31, 18.796, 23.448, 27.445, 29.761, 30.498, 30.823, 30.831, 30.629, 30.726, 30.749, 30.71, 30.67, 30.637, 30.595, 30.746, 30.911, 30.892, 30.877, 30.783, 30.774, 30.453, 30.399, 30.163, 30.012, 30.076, 30.003, 30.211, 30.202, 30.201, 30.038, 29.732, 29.829, 30.303, 30.318, 30.139, 30.29, 30.504, 30.532, 30.597, 30.416, 30.426, 30.778, 30.842, 30.63, 30.438, 30.634, 30.887, 30.929, 30.651, 30.69, 30.777], [18.589, 18.798, 19.609, 20.312, 20.536, 20.129, 19.762, 19.428, 17.095, 15.382, 14.984, 14.381, 14.032, 12.62, 10.416, 9.225, 8.723, 8.642, 7.664, 5.319, 2.946, 1.732, 0.0, 2.924, 4.578, 5.446, 6.171, 7.684, 8.328, 8.767, 9.069, 10.047, 10.917, 11.345, 13.805, 18.233, 22.903, 26.895, 29.208, 29.94, 30.27, 30.289, 30.093, 30.199, 30.228, 30.19, 30.146, 30.118, 30.082, 30.241, 30.401, 30.378, 30.365, 30.281, 30.278, 29.97, 29.921, 29.685, 29.549, 29.622, 29.535, 29.726, 29.742, 29.755, 29.588, 29.284, 29.384, 29.844, 29.84, 29.654, 29.807, 30.024, 30.048, 30.102, 29.921, 29.935, 30.283, 30.347, 30.138, 29.96, 30.161, 30.414, 30.462, 30.208, 30.262, 30.347], [18.824, 19.252, 20.214, 21.063, 21.338, 20.953, 20.771, 20.608, 18.284, 16.531, 16.102, 15.526, 15.168, 13.622, 11.286, 10.327, 10.05, 10.029, 9.205, 7.184, 4.969, 4.155, 2.924, 0.0, 2.884, 4.515, 5.082, 6.463, 7.225, 7.832, 8.212, 9.47, 10.516, 10.72, 12.808, 17.095, 21.765, 25.752, 28.073, 28.816, 29.164, 29.206, 29.032, 29.166, 29.218, 29.184, 29.135, 29.115, 29.099, 29.271, 29.416, 29.386, 29.371, 29.3, 29.316, 29.024, 28.977, 28.759, 28.685, 28.78, 28.684, 28.859, 28.89, 28.904, 28.738, 28.441, 28.524, 28.929, 28.899, 28.7, 28.864, 29.102, 29.134, 29.179, 28.994, 29.016, 29.365, 29.427, 29.212, 29.048, 29.279, 29.536, 29.587, 29.391, 29.466, 29.541], [18.789, 19.155, 20.046, 20.824, 21.076, 20.715, 20.628, 20.547, 18.323, 16.66, 16.282, 15.766, 15.417, 13.906, 11.692, 10.844, 10.653, 10.648, 9.855, 7.882, 5.849, 5.155, 4.578, 2.884, 0.0, 2.249, 3.624, 5.616, 6.65, 7.405, 7.672, 8.757, 9.877, 10.319, 12.82, 17.371, 22.118, 26.16, 28.504, 29.266, 29.637, 29.687, 29.508, 29.638, 29.699, 29.67, 29.617, 29.587, 29.564, 29.726, 29.849, 29.818, 29.799, 29.725, 29.747, 29.451, 29.414, 29.207, 29.157, 29.257, 29.167, 29.324, 29.308, 29.289, 29.126, 28.847, 28.935, 29.331, 29.322, 29.144, 29.328, 29.582, 29.619, 29.665, 29.465, 29.473, 29.829, 29.889, 29.655, 29.458, 29.698, 29.959, 29.988, 29.768, 29.833, 29.894], [19.019, 19.349, 20.201, 20.929, 21.184, 20.832, 20.719, 20.602, 18.437, 16.853, 16.506, 15.995, 15.628, 14.156, 12.052, 11.222, 11.037, 11.041, 10.232, 8.21, 6.278, 5.709, 5.446, 4.515, 2.249, 0.0, 2.475, 5.131, 6.345, 7.14, 7.306, 8.224, 9.412, 10.138, 12.976, 17.684, 22.476, 26.562, 28.925, 29.692, 30.062, 30.101, 29.914, 30.042, 30.108, 30.091, 30.043, 30.007, 29.978, 30.144, 30.268, 30.238, 30.216, 30.14, 30.167, 29.865, 29.832, 29.624, 29.567, 29.683, 29.59, 29.71, 29.653, 29.61, 29.443, 29.176, 29.278, 29.685, 29.694, 29.526, 29.724, 29.988, 30.021, 30.067, 29.861, 29.863, 30.216, 30.275, 30.046, 29.84, 30.069, 30.325, 30.338, 30.085, 30.138, 30.202], [19.477, 19.956, 20.881, 21.698, 22.029, 21.675, 21.591, 21.544, 19.379, 17.755, 17.386, 16.841, 16.415, 14.864, 12.622, 11.752, 11.583, 11.601, 10.868, 9.017, 7.129, 6.577, 6.171, 5.082, 3.624, 2.475, 0.0, 3.082, 4.669, 5.696, 5.973, 7.067, 8.615, 9.328, 11.926, 16.602, 21.519, 25.695, 28.118, 28.907, 29.267, 29.298, 29.109, 29.241, 29.31, 29.293, 29.244, 29.218, 29.203, 29.384, 29.513, 29.484, 29.453, 29.378, 29.421, 29.133, 29.109, 28.892, 28.846, 29.006, 28.943, 29.077, 29.039, 28.993, 28.82, 28.562, 28.661, 29.033, 29.01, 28.803, 28.961, 29.216, 29.249, 29.297, 29.105, 29.131, 29.494, 29.56, 29.351, 29.175, 29.417, 29.67, 29.681, 29.459, 29.531, 29.606], [19.835, 20.462, 21.444, 22.373, 22.785, 22.444, 22.449, 22.531, 20.403, 18.768, 18.402, 17.872, 17.412, 15.835, 13.538, 12.674, 12.513, 12.532, 11.907, 10.37, 8.679, 8.171, 7.684, 6.463, 5.616, 5.131, 3.082, 0.0, 2.424, 4.134, 4.741, 6.174, 8.231, 8.826, 10.83, 15.317, 20.348, 24.56, 27.013, 27.822, 28.174, 28.2, 28.006, 28.134, 28.194, 28.167, 28.119, 28.108, 28.115, 28.315, 28.453, 28.427, 28.387, 28.314, 28.372, 28.112, 28.1, 27.872, 27.851, 28.044, 28.031, 28.263, 28.295, 28.254, 28.075, 27.821, 27.893, 28.203, 28.155, 27.929, 28.023, 28.242, 28.278, 28.329, 28.147, 28.192, 28.575, 28.654, 28.459, 28.312, 28.578, 28.829, 28.845, 28.689, 28.789, 28.862], [19.77, 20.532, 21.63, 22.66, 23.105, 22.772, 22.795, 22.843, 20.637, 18.978, 18.614, 18.084, 17.598, 16.009, 13.709, 12.857, 12.721, 12.765, 12.251, 10.924, 9.378, 8.848, 8.328, 7.225, 6.65, 6.345, 4.669, 2.424, 0.0, 2.324, 3.384, 5.374, 7.699, 8.33, 10.155, 14.436, 19.442, 23.651, 26.112, 26.907, 27.234, 27.256, 27.075, 27.206, 27.263, 27.244, 27.207, 27.204, 27.209, 27.403, 27.546, 27.522, 27.476, 27.403, 27.457, 27.194, 27.177, 26.937, 26.92, 27.118, 27.101, 27.398, 27.544, 27.533, 27.348, 27.089, 27.137, 27.418, 27.359, 27.123, 27.185, 27.388, 27.412, 27.463, 27.297, 27.357, 27.754, 27.84, 27.634, 27.489, 27.762, 28.017, 28.047, 27.925, 28.036, 28.101], [19.667, 20.49, 21.644, 22.716, 23.193, 22.867, 22.899, 22.943, 20.692, 19.014, 18.65, 18.105, 17.588, 16.0, 13.718, 12.836, 12.705, 12.762, 12.362, 11.184, 9.79, 9.284, 8.767, 7.832, 7.405, 7.14, 5.696, 4.134, 2.324, 0.0, 1.78, 4.639, 7.195, 7.962, 9.84, 14.274, 19.344, 23.556, 26.023, 26.796, 27.091, 27.109, 26.957, 27.1, 27.147, 27.119, 27.092, 27.096, 27.089, 27.261, 27.401, 27.383, 27.334, 27.255, 27.305, 27.033, 27.009, 26.766, 26.744, 26.932, 26.899, 27.195, 27.386, 27.4, 27.209, 26.947, 26.984, 27.248, 27.171, 26.918, 26.98, 27.191, 27.204, 27.254, 27.109, 27.181, 27.575, 27.661, 27.449, 27.292, 27.556, 27.815, 27.856, 27.735, 27.847, 27.91], [19.718, 20.513, 21.631, 22.698, 23.203, 22.887, 22.945, 23.032, 20.822, 19.149, 18.791, 18.243, 17.712, 16.135, 13.883, 12.967, 12.8, 12.871, 12.521, 11.365, 10.007, 9.537, 9.069, 8.212, 7.672, 7.306, 5.973, 4.741, 3.384, 1.78, 0.0, 3.644, 6.585, 7.528, 9.624, 14.34, 19.546, 23.791, 26.266, 27.039, 27.333, 27.351, 27.208, 27.351, 27.391, 27.359, 27.34, 27.345, 27.331, 27.499, 27.643, 27.628, 27.583, 27.506, 27.555, 27.283, 27.262, 27.025, 27.0, 27.18, 27.14, 27.43, 27.613, 27.627, 27.433, 27.169, 27.197, 27.444, 27.352, 27.092, 27.167, 27.387, 27.395, 27.441, 27.299, 27.372, 27.759, 27.845, 27.647, 27.49, 27.751, 28.012, 28.055, 27.923, 28.03, 28.093], [20.38, 20.987, 21.896, 22.83, 23.321, 22.994, 22.974, 23.0, 20.963, 19.398, 19.08, 18.554, 17.955, 16.383, 14.187, 13.304, 13.14, 13.18, 12.916, 11.95, 10.692, 10.269, 10.047, 9.47, 8.757, 8.224, 7.067, 6.174, 5.374, 4.639, 3.644, 0.0, 4.156, 6.317, 9.354, 14.566, 20.032, 24.426, 26.973, 27.827, 28.183, 28.214, 28.049, 28.168, 28.191, 28.152, 28.129, 28.136, 28.124, 28.281, 28.432, 28.432, 28.378, 28.275, 28.326, 28.074, 28.078, 27.843, 27.771, 27.942, 27.921, 28.214, 28.371, 28.36, 28.175, 27.947, 28.01, 28.286, 28.208, 27.942, 27.996, 28.196, 28.191, 28.236, 28.088, 28.158, 28.554, 28.654, 28.475, 28.325, 28.589, 28.859, 28.892, 28.696, 28.769, 28.858], [21.103, 21.557, 22.365, 23.132, 23.527, 23.201, 23.063, 22.912, 20.973, 19.552, 19.21, 18.648, 17.988, 16.436, 14.407, 13.697, 13.631, 13.652, 13.446, 12.599, 11.503, 11.059, 10.917, 10.516, 9.877, 9.412, 8.615, 8.231, 7.699, 7.195, 6.585, 4.156, 0.0, 3.889, 8.843, 14.691, 20.232, 24.786, 27.433, 28.341, 28.794, 28.868, 28.7, 28.807, 28.823, 28.775, 28.74, 28.74, 28.717, 28.873, 29.023, 29.02, 28.946, 28.805, 28.851, 28.576, 28.572, 28.334, 28.198, 28.347, 28.306, 28.589, 28.768, 28.785, 28.632, 28.432, 28.577, 28.936, 28.867, 28.58, 28.608, 28.793, 28.792, 28.821, 28.627, 28.661, 29.053, 29.151, 28.99, 28.871, 29.144, 29.415, 29.463, 29.255, 29.315, 29.429], [21.381, 21.998, 22.927, 23.785, 24.21, 23.892, 23.829, 23.78, 21.821, 20.365, 19.984, 19.355, 18.635, 17.027, 14.952, 14.236, 14.171, 14.218, 14.017, 13.182, 12.128, 11.658, 11.345, 10.72, 10.319, 10.138, 9.328, 8.826, 8.33, 7.962, 7.528, 6.317, 3.889, 0.0, 6.037, 12.73, 18.708, 23.487, 26.267, 27.232, 27.743, 27.879, 27.74, 27.87, 27.884, 27.837, 27.815, 27.831, 27.821, 27.994, 28.149, 28.131, 28.047, 27.896, 27.95, 27.646, 27.617, 27.372, 27.258, 27.432, 27.393, 27.721, 27.948, 27.993, 27.846, 27.629, 27.797, 28.2, 28.111, 27.741, 27.71, 27.905, 27.937, 27.966, 27.754, 27.793, 28.203, 28.315, 28.165, 28.087, 28.385, 28.654, 28.727, 28.619, 28.726, 28.829], [22.539, 23.704, 25.007, 26.23, 26.823, 26.513, 26.615, 26.729, 24.608, 23.009, 22.638, 22.002, 21.227, 19.536, 17.298, 16.562, 16.54, 16.688, 16.545, 15.856, 14.783, 14.31, 13.805, 12.808, 12.82, 12.976, 11.926, 10.83, 10.155, 9.84, 9.624, 9.354, 8.843, 6.037, 0.0, 7.772, 14.736, 19.844, 22.837, 23.928, 24.472, 24.671, 24.599, 24.791, 24.819, 24.804, 24.82, 24.9, 24.946, 25.152, 25.346, 25.329, 25.238, 25.089, 25.181, 24.895, 24.852, 24.605, 24.597, 24.843, 24.832, 25.274, 25.612, 25.658, 25.472, 25.231, 25.349, 25.69, 25.548, 25.08, 24.96, 25.165, 25.231, 25.269, 25.11, 25.228, 25.699, 25.862, 25.727, 25.725, 26.097, 26.379, 26.504, 26.578, 26.765, 26.852], [25.363, 27.125, 28.968, 30.524, 31.165, 30.879, 31.01, 30.952, 28.533, 26.833, 26.471, 25.881, 25.186, 23.537, 21.362, 20.854, 21.023, 21.304, 21.15, 20.507, 19.321, 18.796, 18.233, 17.095, 17.371, 17.684, 16.602, 15.317, 14.436, 14.274, 14.34, 14.566, 14.691, 12.73, 7.772, 0.0, 7.802, 13.52, 17.023, 18.387, 19.084, 19.446, 19.495, 19.796, 19.948, 20.053, 20.112, 20.293, 20.451, 20.724, 20.949, 20.921, 20.825, 20.689, 20.838, 20.578, 20.52, 20.3, 20.414, 20.778, 20.814, 21.444, 22.063, 22.159, 21.954, 21.72, 21.774, 21.986, 21.781, 21.229, 20.963, 21.166, 21.276, 21.288, 21.171, 21.413, 22.0, 22.214, 22.073, 22.219, 22.722, 23.004, 23.208, 23.557, 23.858, 23.918], [28.48, 30.556, 32.795, 34.518, 35.111, 34.853, 34.955, 34.653, 32.036, 30.323, 29.968, 29.441, 28.889, 27.412, 25.532, 25.356, 25.712, 26.073, 25.912, 25.245, 23.996, 23.448, 22.903, 21.765, 22.118, 22.476, 21.519, 20.348, 19.442, 19.344, 19.546, 20.032, 20.232, 18.708, 14.736, 7.802, 0.0, 6.613, 11.054, 12.835, 13.868, 14.627, 14.899, 15.292, 15.603, 15.825, 15.91, 16.198, 16.538, 16.927, 17.145, 17.09, 17.008, 16.92, 17.137, 16.934, 16.873, 16.724, 16.938, 17.415, 17.514, 18.25, 19.105, 19.267, 19.088, 18.906, 18.897, 18.962, 18.735, 18.176, 17.888, 18.195, 18.375, 18.331, 18.226, 18.559, 19.219, 19.478, 19.366, 19.708, 20.336, 20.574, 20.845, 21.468, 21.854, 21.854], [31.168, 33.336, 35.698, 37.56, 38.178, 37.968, 38.121, 37.695, 34.97, 33.262, 32.939, 32.511, 32.123, 30.833, 29.208, 29.251, 29.684, 30.06, 29.918, 29.258, 27.989, 27.445, 26.895, 25.752, 26.16, 26.562, 25.695, 24.56, 23.651, 23.556, 23.791, 24.426, 24.786, 23.487, 19.844, 13.52, 6.613, 0.0, 5.193, 7.67, 9.378, 10.825, 11.474, 11.893, 12.274, 12.579, 12.687, 13.117, 13.693, 14.238, 14.529, 14.49, 14.477, 14.566, 14.863, 14.886, 14.82, 14.822, 15.226, 15.731, 15.88, 16.6, 17.566, 17.807, 17.699, 17.588, 17.46, 17.34, 17.154, 16.618, 16.356, 16.812, 17.061, 16.969, 16.914, 17.287, 17.907, 18.194, 18.153, 18.648, 19.325, 19.49, 19.799, 20.663, 21.112, 21.055], [32.713, 34.871, 37.242, 39.174, 39.821, 39.65, 39.855, 39.387, 36.619, 34.926, 34.636, 34.287, 34.01, 32.833, 31.359, 31.517, 31.973, 32.352, 32.226, 31.568, 30.292, 29.761, 29.208, 28.073, 28.504, 28.925, 28.118, 27.013, 26.112, 26.023, 26.266, 26.973, 27.433, 26.267, 22.837, 17.023, 11.054, 5.193, 0.0, 3.436, 6.422, 8.749, 9.79, 10.231, 10.57, 10.853, 10.995, 11.583, 12.367, 13.029, 13.418, 13.411, 13.483, 13.79, 14.12, 14.357, 14.256, 14.392, 14.99, 15.454, 15.616, 16.3, 17.299, 17.572, 17.498, 17.416, 17.181, 16.937, 16.847, 16.388, 16.13, 16.628, 16.91, 16.784, 16.753, 17.121, 17.678, 17.957, 17.954, 18.499, 19.165, 19.274, 19.61, 20.627, 21.108, 21.026], [33.133, 35.308, 37.711, 39.677, 40.339, 40.181, 40.405, 39.934, 37.146, 35.442, 35.157, 34.827, 34.587, 33.452, 32.029, 32.215, 32.673, 33.065, 32.953, 32.291, 31.019, 30.498, 29.94, 28.816, 29.266, 29.692, 28.907, 27.822, 26.907, 26.796, 27.039, 27.827, 28.341, 27.232, 23.928, 18.387, 12.835, 7.67, 3.436, 0.0, 3.876, 6.905, 8.342, 8.954, 9.392, 9.764, 9.969, 10.57, 11.401, 12.07, 12.454, 12.454, 12.567, 12.964, 13.298, 13.564, 13.445, 13.647, 14.354, 14.816, 14.99, 15.72, 16.789, 17.059, 16.958, 16.855, 16.543, 16.222, 16.19, 15.812, 15.611, 16.127, 16.401, 16.284, 16.326, 16.743, 17.285, 17.557, 17.568, 18.124, 18.79, 18.89, 19.252, 20.339, 20.84, 20.762], [33.307, 35.511, 37.945, 39.941, 40.614, 40.455, 40.683, 40.225, 37.422, 35.692, 35.406, 35.068, 34.831, 33.714, 32.305, 32.486, 32.944, 33.351, 33.257, 32.604, 31.34, 30.823, 30.27, 29.164, 29.637, 30.062, 29.267, 28.174, 27.234, 27.091, 27.333, 28.183, 28.794, 27.743, 24.472, 19.084, 13.868, 9.378, 6.422, 3.876, 0.0, 3.618, 5.734, 6.74, 7.517, 8.293, 8.661, 9.152, 9.898, 10.525, 10.914, 10.943, 11.079, 11.523, 11.876, 12.19, 12.108, 12.347, 13.182, 13.742, 13.982, 14.794, 15.928, 16.179, 16.056, 15.924, 15.528, 15.163, 15.211, 14.888, 14.747, 15.293, 15.551, 15.518, 15.809, 16.41, 16.983, 17.258, 17.263, 17.82, 18.505, 18.631, 18.989, 20.101, 20.639, 20.589], [33.29, 35.475, 37.898, 39.885, 40.552, 40.396, 40.626, 40.181, 37.399, 35.672, 35.384, 35.047, 34.818, 33.721, 32.327, 32.498, 32.944, 33.35, 33.256, 32.604, 31.346, 30.831, 30.289, 29.206, 29.687, 30.101, 29.298, 28.2, 27.256, 27.109, 27.351, 28.214, 28.868, 27.879, 24.671, 19.446, 14.627, 10.825, 8.749, 6.905, 3.618, 0.0, 2.81, 4.548, 6.011, 7.338, 7.866, 8.166, 8.696, 9.371, 9.847, 9.906, 10.068, 10.516, 10.856, 11.194, 11.191, 11.439, 12.325, 12.967, 13.253, 14.118, 15.271, 15.51, 15.415, 15.293, 14.914, 14.667, 14.878, 14.665, 14.611, 15.183, 15.427, 15.453, 15.918, 16.658, 17.252, 17.518, 17.508, 18.021, 18.691, 18.841, 19.175, 20.243, 20.797, 20.778], [33.147, 35.281, 37.66, 39.614, 40.267, 40.116, 40.339, 39.894, 37.152, 35.448, 35.151, 34.823, 34.611, 33.532, 32.148, 32.308, 32.74, 33.136, 33.038, 32.391, 31.145, 30.629, 30.093, 29.032, 29.508, 29.914, 29.109, 28.006, 27.075, 26.957, 27.208, 28.049, 28.7, 27.74, 24.599, 19.495, 14.899, 11.474, 9.79, 8.342, 5.734, 2.81, 0.0, 2.479, 4.815, 6.678, 7.282, 7.413, 7.839, 8.717, 9.323, 9.399, 9.599, 10.049, 10.373, 10.743, 10.837, 11.084, 11.966, 12.648, 12.952, 13.819, 14.959, 15.211, 15.164, 15.076, 14.793, 14.729, 15.093, 14.996, 15.054, 15.656, 15.886, 15.919, 16.392, 17.15, 17.767, 18.052, 18.039, 18.504, 19.151, 19.312, 19.637, 20.648, 21.189, 21.177], [33.265, 35.355, 37.688, 39.61, 40.249, 40.098, 40.307, 39.834, 37.102, 35.419, 35.124, 34.801, 34.606, 33.553, 32.205, 32.382, 32.812, 33.197, 33.104, 32.471, 31.245, 30.726, 30.199, 29.166, 29.638, 30.042, 29.241, 28.134, 27.206, 27.1, 27.351, 28.168, 28.807, 27.87, 24.791, 19.796, 15.292, 11.893, 10.231, 8.954, 6.74, 4.548, 2.479, 0.0, 3.018, 5.466, 6.185, 6.267, 6.805, 7.921, 8.691, 8.82, 9.047, 9.572, 9.91, 10.429, 10.59, 10.874, 11.786, 12.474, 12.778, 13.59, 14.73, 15.025, 15.027, 14.982, 14.737, 14.736, 15.199, 15.205, 15.361, 16.003, 16.234, 16.261, 16.714, 17.449, 18.075, 18.403, 18.43, 18.914, 19.559, 19.721, 20.043, 21.035, 21.558, 21.541], [33.221, 35.283, 37.581, 39.48, 40.112, 39.95, 40.148, 39.669, 36.953, 35.284, 34.999, 34.675, 34.464, 33.42, 32.109, 32.314, 32.75, 33.133, 33.054, 32.458, 31.265, 30.749, 30.228, 29.218, 29.699, 30.108, 29.31, 28.194, 27.263, 27.147, 27.391, 28.191, 28.823, 27.884, 24.819, 19.948, 15.603, 12.274, 10.57, 9.392, 7.517, 6.011, 4.815, 3.018, 0.0, 2.995, 4.134, 4.465, 5.381, 6.805, 7.834, 8.026, 8.246, 8.897, 9.277, 9.997, 10.171, 10.491, 11.473, 12.165, 12.493, 13.326, 14.48, 14.816, 14.825, 14.807, 14.541, 14.499, 14.984, 15.06, 15.292, 15.972, 16.225, 16.261, 16.711, 17.43, 18.055, 18.424, 18.54, 19.093, 19.737, 19.897, 20.211, 21.182, 21.678, 21.656], [33.086, 35.123, 37.393, 39.268, 39.893, 39.721, 39.918, 39.463, 36.777, 35.118, 34.84, 34.522, 34.294, 33.243, 31.954, 32.188, 32.636, 33.017, 32.951, 32.39, 31.224, 30.71, 30.19, 29.184, 29.67, 30.091, 29.293, 28.167, 27.244, 27.119, 27.359, 28.152, 28.775, 27.837, 24.804, 20.053, 15.825, 12.579, 10.853, 9.764, 8.293, 7.338, 6.678, 5.466, 2.995, 0.0, 1.906, 3.196, 4.785, 6.458, 7.568, 7.754, 7.941, 8.649, 9.053, 9.892, 10.077, 10.433, 11.41, 12.075, 12.415, 13.271, 14.398, 14.761, 14.77, 14.788, 14.543, 14.454, 14.897, 15.003, 15.291, 15.997, 16.258, 16.289, 16.728, 17.435, 18.048, 18.427, 18.613, 19.251, 19.907, 20.057, 20.365, 21.309, 21.768, 21.736], [33.025, 35.053, 37.311, 39.18, 39.802, 39.631, 39.832, 39.38, 36.701, 35.046, 34.765, 34.448, 34.231, 33.185, 31.895, 32.132, 32.583, 32.96, 32.896, 32.345, 31.188, 30.67, 30.146, 29.135, 29.617, 30.043, 29.244, 28.119, 27.207, 27.092, 27.34, 28.129, 28.74, 27.815, 24.82, 20.112, 15.91, 12.687, 10.995, 9.969, 8.661, 7.866, 7.282, 6.185, 4.134, 1.906, 0.0, 2.101, 4.201, 6.085, 7.277, 7.475, 7.675, 8.411, 8.836, 9.779, 10.01, 10.415, 11.405, 12.065, 12.386, 13.198, 14.311, 14.695, 14.725, 14.769, 14.563, 14.465, 14.891, 15.028, 15.379, 16.107, 16.369, 16.398, 16.825, 17.528, 18.138, 18.512, 18.69, 19.351, 20.033, 20.187, 20.491, 21.427, 21.877, 21.839], [32.969, 34.984, 37.238, 39.103, 39.723, 39.557, 39.759, 39.3, 36.614, 34.96, 34.676, 34.364, 34.174, 33.161, 31.891, 32.121, 32.557, 32.931, 32.865, 32.303, 31.154, 30.637, 30.118, 29.115, 29.587, 30.007, 29.218, 28.108, 27.204, 27.096, 27.345, 28.136, 28.74, 27.831, 24.9, 20.293, 16.198, 13.117, 11.583, 10.57, 9.152, 8.166, 7.413, 6.267, 4.465, 3.196, 2.101, 0.0, 2.574, 4.975, 6.418, 6.662, 6.928, 7.745, 8.156, 9.163, 9.459, 9.88, 10.925, 11.634, 11.988, 12.824, 13.943, 14.315, 14.366, 14.415, 14.227, 14.186, 14.682, 14.91, 15.351, 16.103, 16.371, 16.415, 16.849, 17.554, 18.167, 18.538, 18.703, 19.34, 20.019, 20.185, 20.472, 21.395, 21.855, 21.82], [32.885, 34.893, 37.155, 39.018, 39.636, 39.473, 39.682, 39.222, 36.528, 34.871, 34.581, 34.27, 34.091, 33.099, 31.848, 32.068, 32.492, 32.863, 32.801, 32.238, 31.108, 30.595, 30.082, 29.099, 29.564, 29.978, 29.203, 28.115, 27.209, 27.089, 27.331, 28.124, 28.717, 27.821, 24.946, 20.451, 16.538, 13.693, 12.367, 11.401, 9.898, 8.696, 7.839, 6.805, 5.381, 4.785, 4.201, 2.574, 0.0, 3.086, 5.025, 5.342, 5.682, 6.603, 6.957, 8.019, 8.394, 8.821, 9.982, 10.762, 11.169, 12.153, 13.381, 13.789, 13.875, 13.914, 13.713, 13.747, 14.336, 14.653, 15.188, 15.986, 16.272, 16.344, 16.806, 17.519, 18.139, 18.513, 18.69, 19.324, 19.997, 20.167, 20.466, 21.386, 21.849, 21.815], [32.814, 34.833, 37.116, 38.983, 39.597, 39.436, 39.654, 39.2, 36.509, 34.854, 34.569, 34.262, 34.082, 33.097, 31.881, 32.138, 32.585, 32.954, 32.908, 32.379, 31.268, 30.746, 30.241, 29.271, 29.726, 30.144, 29.384, 28.315, 27.403, 27.261, 27.499, 28.281, 28.873, 27.994, 25.152, 20.724, 16.927, 14.238, 13.029, 12.07, 10.525, 9.371, 8.717, 7.921, 6.805, 6.458, 6.085, 4.975, 3.086, 0.0, 2.62, 3.181, 3.65, 4.853, 5.216, 6.521, 7.024, 7.62, 9.002, 9.864, 10.378, 11.589, 12.964, 13.42, 13.528, 13.572, 13.324, 13.361, 14.008, 14.377, 14.925, 15.723, 16.002, 16.081, 16.571, 17.304, 17.951, 18.333, 18.517, 19.158, 19.834, 20.003, 20.315, 21.275, 21.753, 21.708], [32.816, 34.837, 37.138, 39.004, 39.61, 39.454, 39.685, 39.247, 36.567, 34.915, 34.632, 34.333, 34.157, 33.169, 31.971, 32.268, 32.749, 33.117, 33.072, 32.557, 31.445, 30.911, 30.401, 29.416, 29.849, 30.268, 29.513, 28.453, 27.546, 27.401, 27.643, 28.432, 29.023, 28.149, 25.346, 20.949, 17.145, 14.529, 13.418, 12.454, 10.914, 9.847, 9.323, 8.691, 7.834, 7.568, 7.277, 6.418, 5.025, 2.62, 0.0, 0.947, 1.641, 3.087, 3.539, 5.071, 5.825, 6.676, 8.186, 9.138, 9.718, 10.977, 12.439, 12.985, 13.166, 13.265, 13.093, 13.219, 13.906, 14.259, 14.757, 15.534, 15.81, 15.875, 16.363, 17.125, 17.808, 18.188, 18.351, 18.987, 19.673, 19.835, 20.138, 21.155, 21.672, 21.617], [32.783, 34.81, 37.119, 38.985, 39.588, 39.435, 39.671, 39.24, 36.561, 34.908, 34.621, 34.322, 34.145, 33.154, 31.951, 32.248, 32.732, 33.103, 33.052, 32.536, 31.426, 30.892, 30.378, 29.386, 29.818, 30.238, 29.484, 28.427, 27.522, 27.383, 27.628, 28.432, 29.02, 28.131, 25.329, 20.921, 17.09, 14.49, 13.411, 12.454, 10.943, 9.906, 9.399, 8.82, 8.026, 7.754, 7.475, 6.662, 5.342, 3.181, 0.947, 0.0, 1.296, 2.812, 3.259, 4.709, 5.456, 6.367, 7.898, 8.866, 9.454, 10.741, 12.238, 12.837, 13.054, 13.168, 13.05, 13.233, 13.917, 14.245, 14.734, 15.514, 15.797, 15.857, 16.335, 17.1, 17.785, 18.154, 18.301, 18.932, 19.619, 19.776, 20.073, 21.101, 21.633, 21.582], [32.768, 34.791, 37.095, 38.958, 39.564, 39.409, 39.64, 39.211, 36.538, 34.884, 34.598, 34.292, 34.106, 33.108, 31.905, 32.207, 32.697, 33.065, 33.02, 32.513, 31.409, 30.877, 30.365, 29.371, 29.799, 30.216, 29.453, 28.387, 27.476, 27.334, 27.583, 28.378, 28.946, 28.047, 25.238, 20.825, 17.008, 14.477, 13.483, 12.567, 11.079, 10.068, 9.599, 9.047, 8.246, 7.941, 7.675, 6.928, 5.682, 3.65, 1.641, 1.296, 0.0, 1.861, 2.495, 4.201, 5.086, 6.005, 7.62, 8.692, 9.316, 10.586, 12.12, 12.717, 12.91, 13.025, 12.932, 13.136, 13.808, 14.123, 14.594, 15.362, 15.647, 15.721, 16.217, 17.005, 17.706, 18.081, 18.24, 18.888, 19.584, 19.744, 20.043, 21.07, 21.602, 21.557], [32.674, 34.683, 36.978, 38.836, 39.445, 39.286, 39.507, 39.075, 36.405, 34.754, 34.471, 34.158, 33.958, 32.959, 31.763, 32.073, 32.575, 32.944, 32.901, 32.411, 31.318, 30.783, 30.281, 29.3, 29.725, 30.14, 29.378, 28.314, 27.403, 27.255, 27.506, 28.275, 28.805, 27.896, 25.089, 20.689, 16.92, 14.566, 13.79, 12.964, 11.523, 10.516, 10.049, 9.572, 8.897, 8.649, 8.411, 7.745, 6.603, 4.853, 3.087, 2.812, 1.861, 0.0, 1.304, 3.334, 4.482, 5.407, 7.001, 8.189, 8.906, 10.291, 11.9, 12.533, 12.731, 12.847, 12.819, 13.105, 13.758, 14.009, 14.426, 15.178, 15.472, 15.566, 16.081, 16.905, 17.648, 18.035, 18.206, 18.876, 19.595, 19.765, 20.067, 21.086, 21.621, 21.588], [32.611, 34.611, 36.901, 38.757, 39.366, 39.207, 39.427, 38.991, 36.316, 34.665, 34.387, 34.078, 33.885, 32.896, 31.714, 32.024, 32.522, 32.889, 32.847, 32.366, 31.297, 30.774, 30.278, 29.316, 29.747, 30.167, 29.421, 28.372, 27.457, 27.305, 27.555, 28.326, 28.851, 27.95, 25.181, 20.838, 17.137, 14.863, 14.12, 13.298, 11.876, 10.856, 10.373, 9.91, 9.277, 9.053, 8.836, 8.156, 6.957, 5.216, 3.539, 3.259, 2.495, 1.304, 0.0, 2.614, 3.984, 4.915, 6.576, 7.802, 8.574, 10.092, 11.791, 12.465, 12.689, 12.785, 12.76, 13.098, 13.782, 14.051, 14.481, 15.239, 15.534, 15.631, 16.145, 16.975, 17.726, 18.106, 18.271, 18.934, 19.652, 19.822, 20.125, 21.147, 21.685, 21.647], [32.211, 34.221, 36.541, 38.395, 38.996, 38.842, 39.061, 38.617, 35.928, 34.286, 34.013, 33.718, 33.534, 32.554, 31.377, 31.67, 32.165, 32.536, 32.487, 32.003, 30.955, 30.453, 29.97, 29.024, 29.451, 29.865, 29.133, 28.112, 27.194, 27.033, 27.283, 28.074, 28.576, 27.646, 24.895, 20.578, 16.934, 14.886, 14.357, 13.564, 12.19, 11.194, 10.743, 10.429, 9.997, 9.892, 9.779, 9.163, 8.019, 6.521, 5.071, 4.709, 4.201, 3.334, 2.614, 0.0, 2.178, 3.454, 4.906, 6.185, 7.13, 9.049, 10.977, 11.79, 12.119, 12.218, 12.25, 12.821, 13.556, 13.735, 14.115, 14.894, 15.225, 15.327, 15.828, 16.693, 17.509, 17.895, 18.057, 18.718, 19.444, 19.619, 19.916, 20.938, 21.502, 21.477], [32.056, 34.097, 36.449, 38.315, 38.917, 38.765, 38.996, 38.558, 35.856, 34.219, 33.953, 33.67, 33.49, 32.51, 31.328, 31.609, 32.1, 32.478, 32.426, 31.943, 30.9, 30.399, 29.921, 28.977, 29.414, 29.832, 29.109, 28.1, 27.177, 27.009, 27.262, 28.078, 28.572, 27.617, 24.852, 20.52, 16.873, 14.82, 14.256, 13.445, 12.108, 11.191, 10.837, 10.59, 10.171, 10.077, 10.01, 9.459, 8.394, 7.024, 5.825, 5.456, 5.086, 4.482, 3.984, 2.178, 0.0, 2.172, 4.15, 5.424, 6.406, 8.527, 10.54, 11.355, 11.688, 11.811, 11.857, 12.469, 13.217, 13.338, 13.68, 14.475, 14.843, 14.953, 15.447, 16.33, 17.17, 17.555, 17.711, 18.378, 19.113, 19.294, 19.601, 20.654, 21.235, 21.225], [31.868, 33.909, 36.258, 38.121, 38.726, 38.569, 38.791, 38.357, 35.657, 34.017, 33.753, 33.463, 33.269, 32.285, 31.095, 31.355, 31.839, 32.22, 32.172, 31.694, 30.662, 30.163, 29.685, 28.759, 29.207, 29.624, 28.892, 27.872, 26.937, 26.766, 27.025, 27.843, 28.334, 27.372, 24.605, 20.3, 16.724, 14.822, 14.392, 13.647, 12.347, 11.439, 11.084, 10.874, 10.491, 10.433, 10.415, 9.88, 8.821, 7.62, 6.676, 6.367, 6.005, 5.407, 4.915, 3.454, 2.172, 0.0, 3.132, 4.803, 5.825, 8.104, 10.172, 10.923, 11.155, 11.213, 11.26, 11.929, 12.681, 12.827, 13.233, 14.084, 14.465, 14.608, 15.134, 16.057, 16.939, 17.33, 17.469, 18.127, 18.862, 19.052, 19.347, 20.373, 20.951, 20.94], [31.838, 33.818, 36.127, 37.926, 38.488, 38.334, 38.504, 37.967, 35.262, 33.671, 33.405, 33.113, 32.931, 31.987, 30.858, 31.156, 31.663, 32.042, 31.998, 31.529, 30.514, 30.012, 29.549, 28.685, 29.157, 29.567, 28.846, 27.851, 26.92, 26.744, 27.0, 27.771, 28.198, 27.258, 24.597, 20.414, 16.938, 15.226, 14.99, 14.354, 13.182, 12.325, 11.966, 11.786, 11.473, 11.41, 11.405, 10.925, 9.982, 9.002, 8.186, 7.898, 7.62, 7.001, 6.576, 4.906, 4.15, 3.132, 0.0, 2.342, 4.009, 6.949, 9.315, 10.336, 10.797, 10.953, 11.153, 12.093, 12.898, 13.031, 13.455, 14.309, 14.678, 14.829, 15.359, 16.259, 17.126, 17.532, 17.723, 18.396, 19.07, 19.262, 19.544, 20.449, 21.009, 21.03], [31.823, 33.779, 36.073, 37.841, 38.381, 38.234, 38.395, 37.812, 35.103, 33.544, 33.285, 33.007, 32.844, 31.928, 30.842, 31.163, 31.683, 32.065, 32.023, 31.568, 30.573, 30.076, 29.622, 28.78, 29.257, 29.683, 29.006, 28.044, 27.118, 26.932, 27.18, 27.942, 28.347, 27.432, 24.843, 20.778, 17.415, 15.731, 15.454, 14.816, 13.742, 12.967, 12.648, 12.474, 12.165, 12.075, 12.065, 11.634, 10.762, 9.864, 9.138, 8.866, 8.692, 8.189, 7.802, 6.185, 5.424, 4.803, 2.342, 0.0, 2.495, 6.234, 8.878, 10.166, 10.799, 10.981, 11.215, 12.257, 13.123, 13.326, 13.84, 14.738, 15.113, 15.246, 15.746, 16.597, 17.424, 17.831, 18.048, 18.719, 19.371, 19.561, 19.86, 20