[[0.0, 3.092, 5.876, 8.602, 11.086, 11.354, 12.556, 13.899, 14.46, 14.271, 14.486, 15.221, 15.609, 15.767, 16.258, 16.079, 14.488, 14.098, 14.291, 14.211, 14.24, 14.178, 14.037, 14.224, 14.804, 15.94, 16.779, 17.453, 17.668, 18.183, 19.468, 19.92, 20.864, 22.845, 23.936, 23.94, 23.832, 24.015, 24.309, 24.268, 24.146, 24.53, 24.855, 24.823, 24.877, 24.864, 25.012, 25.011, 25.462, 26.053, 26.409, 27.207, 27.846, 28.392, 29.068, 30.558, 30.908, 30.157, 29.76, 30.144, 31.321, 32.098, 32.077, 31.197, 30.392, 30.128, 29.669, 29.206, 28.801, 28.175, 27.249, 27.147, 27.298, 27.217, 27.147, 27.009, 27.067, 27.073, 26.831, 26.422, 26.466, 26.682, 26.535, 26.564, 26.562, 26.012], [3.092, 0.0, 3.454, 6.613, 9.341, 9.889, 11.29, 12.61, 13.18, 13.052, 13.308, 14.132, 14.595, 14.749, 15.227, 15.184, 14.061, 13.992, 14.364, 14.491, 14.692, 14.732, 14.347, 14.496, 15.245, 16.386, 17.059, 17.649, 17.872, 18.32, 19.513, 20.024, 20.944, 22.825, 23.962, 24.097, 24.104, 24.306, 24.594, 24.633, 24.662, 25.101, 25.366, 25.307, 25.34, 25.319, 25.418, 25.396, 25.745, 26.286, 26.608, 27.336, 27.841, 28.283, 28.852, 30.172, 30.534, 29.936, 29.64, 30.035, 31.151, 31.848, 31.798, 30.991, 30.253, 29.986, 29.483, 28.989, 28.606, 27.991, 27.041, 26.893, 27.024, 26.934, 26.894, 26.797, 26.852, 26.845, 26.608, 26.22, 26.284, 26.566, 26.468, 26.488, 26.471, 25.924], [5.876, 3.454, 0.0, 3.498, 6.572, 7.729, 9.609, 10.973, 11.529, 11.439, 11.56, 12.311, 12.864, 13.172, 13.734, 13.87, 13.446, 13.874, 14.462, 14.821, 15.086, 15.139, 14.534, 14.653, 15.467, 16.457, 16.971, 17.525, 17.763, 18.151, 19.248, 19.907, 20.886, 22.626, 23.808, 24.112, 24.239, 24.444, 24.755, 24.911, 25.048, 25.499, 25.679, 25.579, 25.595, 25.583, 25.603, 25.528, 25.741, 26.216, 26.504, 27.173, 27.509, 27.793, 28.238, 29.354, 29.734, 29.355, 29.271, 29.814, 30.951, 31.586, 31.565, 30.943, 30.343, 30.075, 29.551, 29.055, 28.705, 28.127, 27.189, 26.994, 27.087, 26.999, 27.001, 26.896, 26.886, 26.847, 26.607, 26.244, 26.35, 26.736, 26.727, 26.769, 26.745, 26.217], [8.602, 6.613, 3.498, 0.0, 3.406, 5.547, 8.177, 9.671, 10.228, 10.16, 10.053, 10.628, 11.235, 11.69, 12.287, 12.559, 12.846, 13.789, 14.577, 15.111, 15.418, 15.49, 14.719, 14.799, 15.647, 16.551, 17.008, 17.563, 17.836, 18.185, 19.214, 19.982, 20.937, 22.513, 23.731, 24.183, 24.402, 24.595, 24.927, 25.169, 25.364, 25.788, 25.895, 25.767, 25.77, 25.769, 25.737, 25.64, 25.757, 26.15, 26.381, 26.995, 27.195, 27.351, 27.683, 28.615, 29.009, 28.81, 28.895, 29.561, 30.715, 31.297, 31.314, 30.875, 30.415, 30.161, 29.632, 29.137, 28.816, 28.278, 27.365, 27.14, 27.195, 27.102, 27.147, 27.057, 27.008, 26.957, 26.722, 26.374, 26.504, 26.948, 27.0, 27.065, 27.024, 26.51], [11.086, 9.341, 6.572, 3.406, 0.0, 3.447, 6.78, 8.41, 9.006, 9.021, 8.821, 9.267, 9.904, 10.472, 11.037, 11.374, 12.326, 13.748, 14.711, 15.375, 15.73, 15.852, 14.968, 15.002, 15.892, 16.782, 17.231, 17.788, 18.08, 18.35, 19.274, 20.112, 20.991, 22.345, 23.543, 24.116, 24.428, 24.6, 24.932, 25.277, 25.557, 25.951, 25.99, 25.84, 25.827, 25.839, 25.778, 25.663, 25.685, 25.998, 26.162, 26.703, 26.779, 26.84, 27.081, 27.852, 28.247, 28.177, 28.379, 29.121, 30.264, 30.799, 30.859, 30.58, 30.244, 30.004, 29.47, 28.978, 28.681, 28.179, 27.304, 27.063, 27.084, 26.979, 27.056, 26.986, 26.903, 26.833, 26.607, 26.272, 26.412, 26.896, 27.003, 27.086, 27.027, 26.521], [11.354, 9.889, 7.729, 5.547, 3.447, 0.0, 3.803, 6.062, 7.065, 7.293, 7.559, 8.355, 9.057, 9.642, 10.178, 10.368, 11.144, 12.618, 13.596, 14.215, 14.571, 14.686, 13.81, 13.804, 14.677, 15.665, 16.196, 16.818, 17.122, 17.357, 18.27, 19.056, 19.876, 21.21, 22.379, 22.931, 23.278, 23.445, 23.723, 24.184, 24.659, 25.098, 25.133, 24.985, 24.964, 24.974, 24.939, 24.803, 24.781, 25.087, 25.204, 25.646, 25.701, 25.821, 26.131, 27.023, 27.436, 27.26, 27.374, 28.061, 29.179, 29.728, 29.786, 29.471, 29.128, 28.887, 28.328, 27.817, 27.515, 27.001, 26.129, 25.895, 25.927, 25.802, 25.871, 25.849, 25.796, 25.72, 25.491, 25.15, 25.252, 25.686, 25.801, 25.894, 25.831, 25.344], [12.556, 11.29, 9.609, 8.177, 6.78, 3.803, 0.0, 2.977, 4.72, 5.468, 6.534, 7.777, 8.526, 9.19, 9.797, 9.964, 10.641, 12.081, 13.06, 13.723, 14.137, 14.237, 13.309, 13.19, 14.013, 15.043, 15.568, 16.198, 16.494, 16.614, 17.396, 18.153, 18.949, 20.202, 21.305, 21.852, 22.275, 22.439, 22.634, 23.312, 24.202, 24.843, 24.881, 24.718, 24.68, 24.702, 24.696, 24.471, 24.279, 24.562, 24.602, 24.845, 24.742, 24.803, 25.102, 26.027, 26.453, 26.253, 26.321, 26.931, 28.004, 28.608, 28.735, 28.469, 28.165, 27.923, 27.312, 26.76, 26.459, 25.946, 25.079, 24.821, 24.832, 24.684, 24.77, 24.816, 24.804, 24.713, 24.475, 24.146, 24.241, 24.744, 24.973, 25.075, 25.0, 24.567], [13.899, 12.61, 10.973, 9.671, 8.41, 6.062, 2.977, 0.0, 2.329, 3.82, 5.556, 7.042, 7.774, 8.561, 9.361, 9.759, 10.719, 12.19, 13.194, 14.018, 14.552, 14.708, 13.741, 13.582, 14.458, 15.475, 15.901, 16.462, 16.736, 16.749, 17.401, 18.226, 18.98, 20.01, 21.027, 21.627, 22.12, 22.263, 22.441, 23.271, 24.436, 25.31, 25.385, 25.193, 25.142, 25.188, 25.192, 24.867, 24.495, 24.743, 24.722, 24.825, 24.522, 24.419, 24.59, 25.353, 25.746, 25.645, 25.766, 26.357, 27.407, 28.085, 28.345, 28.216, 27.986, 27.742, 27.109, 26.533, 26.23, 25.728, 24.869, 24.58, 24.524, 24.358, 24.505, 24.601, 24.612, 24.507, 24.27, 23.965, 24.119, 24.793, 25.162, 25.26, 25.168, 24.77], [14.46, 13.18, 11.529, 10.228, 9.006, 7.065, 4.72, 2.329, 0.0, 2.107, 4.341, 5.995, 6.71, 7.575, 8.582, 9.216, 10.4, 11.942, 12.963, 13.889, 14.489, 14.678, 13.701, 13.573, 14.555, 15.578, 15.943, 16.452, 16.713, 16.686, 17.296, 18.192, 18.915, 19.789, 20.758, 21.387, 21.899, 22.027, 22.254, 23.142, 24.342, 25.332, 25.492, 25.313, 25.263, 25.325, 25.326, 24.949, 24.513, 24.746, 24.722, 24.82, 24.457, 24.259, 24.35, 25.019, 25.384, 25.337, 25.504, 26.126, 27.188, 27.893, 28.221, 28.161, 27.964, 27.72, 27.105, 26.54, 26.231, 25.737, 24.894, 24.599, 24.496, 24.319, 24.484, 24.575, 24.598, 24.493, 24.26, 23.967, 24.173, 24.938, 25.343, 25.43, 25.327, 24.925], [14.271, 13.052, 11.439, 10.16, 9.021, 7.293, 5.468, 3.82, 2.107, 0.0, 2.648, 4.578, 5.398, 6.331, 7.479, 8.223, 9.454, 11.082, 12.139, 13.105, 13.723, 13.918, 12.898, 12.771, 13.885, 15.017, 15.406, 15.895, 16.138, 16.113, 16.754, 17.658, 18.38, 19.258, 20.233, 20.846, 21.34, 21.487, 21.767, 22.638, 23.76, 24.748, 24.98, 24.86, 24.835, 24.906, 24.905, 24.536, 24.135, 24.374, 24.376, 24.533, 24.221, 24.029, 24.141, 24.868, 25.236, 25.153, 25.301, 25.939, 27.024, 27.72, 28.033, 27.955, 27.744, 27.505, 26.923, 26.384, 26.074, 25.594, 24.773, 24.491, 24.383, 24.217, 24.363, 24.402, 24.424, 24.334, 24.107, 23.809, 24.031, 24.79, 25.161, 25.244, 25.141, 24.731], [14.486, 13.308, 11.56, 10.053, 8.821, 7.559, 6.534, 5.556, 4.341, 2.648, 0.0, 2.197, 3.466, 4.92, 6.377, 7.331, 8.954, 10.798, 11.933, 12.977, 13.59, 13.78, 12.69, 12.581, 13.798, 14.981, 15.404, 15.876, 16.097, 16.084, 16.733, 17.682, 18.455, 19.334, 20.322, 20.951, 21.443, 21.612, 21.953, 22.786, 23.773, 24.686, 24.923, 24.832, 24.834, 24.923, 24.9, 24.542, 24.17, 24.401, 24.437, 24.686, 24.405, 24.173, 24.267, 24.981, 25.365, 25.336, 25.537, 26.236, 27.347, 28.009, 28.323, 28.3, 28.128, 27.913, 27.377, 26.873, 26.575, 26.114, 25.307, 25.029, 24.922, 24.78, 24.923, 24.905, 24.895, 24.815, 24.595, 24.299, 24.541, 25.3, 25.642, 25.732, 25.631, 25.199], [15.221, 14.132, 12.311, 10.628, 9.267, 8.355, 7.777, 7.042, 5.995, 4.578, 2.197, 0.0, 1.877, 4.056, 5.834, 6.978, 9.006, 11.03, 12.226, 13.332, 13.922, 14.095, 12.97, 12.871, 14.099, 15.247, 15.677, 16.144, 16.355, 16.335, 16.948, 17.951, 18.768, 19.587, 20.567, 21.229, 21.726, 21.893, 22.278, 23.11, 24.026, 24.888, 25.107, 25.016, 25.026, 25.142, 25.121, 24.763, 24.374, 24.583, 24.635, 24.935, 24.639, 24.34, 24.389, 25.059, 25.467, 25.517, 25.779, 26.524, 27.632, 28.257, 28.601, 28.675, 28.573, 28.385, 27.873, 27.386, 27.101, 26.659, 25.868, 25.596, 25.482, 25.352, 25.502, 25.457, 25.423, 25.342, 25.127, 24.837, 25.103, 25.889, 26.237, 26.341, 26.239, 25.797], [15.609, 14.595, 12.864, 11.235, 9.904, 9.057, 8.526, 7.774, 6.71, 5.398, 3.466, 1.877, 0.0, 2.605, 4.733, 6.142, 8.444, 10.596, 11.835, 13.002, 13.615, 13.773, 12.6, 12.509, 13.799, 14.986, 15.417, 15.899, 16.129, 16.08, 16.661, 17.665, 18.469, 19.258, 20.242, 20.913, 21.395, 21.548, 21.953, 22.807, 23.742, 24.622, 24.838, 24.738, 24.744, 24.885, 24.924, 24.601, 24.203, 24.405, 24.45, 24.751, 24.443, 24.118, 24.149, 24.833, 25.256, 25.308, 25.548, 26.265, 27.347, 27.941, 28.279, 28.378, 28.305, 28.129, 27.609, 27.101, 26.812, 26.377, 25.597, 25.341, 25.213, 25.079, 25.233, 25.195, 25.181, 25.109, 24.9, 24.616, 24.904, 25.729, 26.103, 26.208, 26.103, 25.659], [15.767, 14.749, 13.172, 11.69, 10.472, 9.642, 9.19, 8.561, 7.575, 6.331, 4.92, 4.056, 2.605, 0.0, 2.528, 4.462, 7.158, 9.496, 10.796, 12.013, 12.707, 12.883, 11.616, 11.545, 13.001, 14.33, 14.769, 15.285, 15.576, 15.508, 16.079, 17.03, 17.76, 18.563, 19.584, 20.247, 20.693, 20.847, 21.262, 22.09, 23.036, 23.922, 24.137, 24.042, 24.044, 24.185, 24.288, 24.1, 23.81, 24.022, 24.062, 24.374, 24.103, 23.809, 23.848, 24.582, 25.011, 25.001, 25.156, 25.796, 26.824, 27.354, 27.606, 27.654, 27.573, 27.405, 26.876, 26.358, 26.065, 25.621, 24.853, 24.628, 24.506, 24.381, 24.517, 24.489, 24.529, 24.481, 24.286, 24.011, 24.31, 25.132, 25.497, 25.585, 25.473, 25.032], [16.258, 15.227, 13.734, 12.287, 11.037, 10.178, 9.797, 9.361, 8.582, 7.479, 6.377, 5.834, 4.733, 2.528, 0.0, 2.587, 6.195, 8.875, 10.265, 11.526, 12.275, 12.492, 11.165, 11.079, 12.636, 14.054, 14.499, 15.077, 15.448, 15.337, 15.841, 16.739, 17.403, 18.183, 19.217, 19.883, 20.314, 20.48, 20.888, 21.677, 22.623, 23.461, 23.637, 23.548, 23.552, 23.681, 23.796, 23.738, 23.589, 23.826, 23.852, 24.155, 23.911, 23.652, 23.699, 24.439, 24.868, 24.82, 24.927, 25.512, 26.477, 26.939, 27.112, 27.135, 27.067, 26.901, 26.365, 25.844, 25.552, 25.107, 24.368, 24.167, 24.065, 23.965, 24.088, 24.048, 24.098, 24.063, 23.884, 23.629, 23.924, 24.714, 25.068, 25.151, 25.046, 24.631], [16.079, 15.184, 13.87, 12.559, 11.374, 10.368, 9.964, 9.759, 9.216, 8.223, 7.331, 6.978, 6.142, 4.462, 2.587, 0.0, 4.451, 7.608, 9.15, 10.404, 11.128, 11.366, 10.067, 10.002, 11.667, 13.236, 13.761, 14.405, 14.814, 14.666, 15.176, 16.072, 16.778, 17.674, 18.736, 19.355, 19.74, 19.92, 20.326, 21.071, 21.979, 22.767, 22.936, 22.859, 22.873, 23.001, 23.134, 23.138, 23.128, 23.467, 23.503, 23.806, 23.655, 23.492, 23.623, 24.488, 24.922, 24.758, 24.773, 25.308, 26.267, 26.754, 26.901, 26.852, 26.734, 26.556, 26.006, 25.474, 25.174, 24.73, 24.014, 23.827, 23.755, 23.681, 23.774, 23.688, 23.718, 23.684, 23.504, 23.251, 23.534, 24.273, 24.594, 24.681, 24.604, 24.21], [14.488, 14.061, 13.446, 12.846, 12.326, 11.144, 10.641, 10.719, 10.4, 9.454, 8.954, 9.006, 8.444, 7.158, 6.195, 4.451, 0.0, 3.576, 5.347, 6.532, 7.262, 7.591, 6.567, 6.7, 8.788, 10.944, 11.784, 12.55, 13.013, 13.025, 13.899, 14.718, 15.445, 16.74, 17.845, 18.22, 18.412, 18.611, 19.045, 19.646, 20.392, 21.193, 21.501, 21.477, 21.528, 21.653, 21.878, 21.94, 22.169, 22.682, 22.827, 23.257, 23.423, 23.54, 23.928, 25.212, 25.623, 25.075, 24.794, 25.209, 26.269, 26.948, 27.07, 26.706, 26.335, 26.135, 25.639, 25.149, 24.811, 24.334, 23.612, 23.464, 23.44, 23.375, 23.394, 23.266, 23.352, 23.352, 23.158, 22.859, 23.09, 23.668, 23.841, 23.907, 23.88, 23.504], [14.098, 13.992, 13.874, 13.789, 13.748, 12.618, 12.081, 12.19, 11.942, 11.082, 10.798, 11.03, 10.596, 9.496, 8.875, 7.608, 3.576, 0.0, 2.064, 3.556, 4.551, 5.214, 4.715, 5.153, 7.601, 10.17, 11.22, 12.035, 12.558, 12.743, 13.884, 14.607, 15.255, 16.711, 17.78, 17.976, 18.056, 18.271, 18.725, 19.261, 19.905, 20.742, 21.162, 21.169, 21.25, 21.38, 21.669, 21.754, 22.109, 22.705, 22.927, 23.443, 23.794, 24.048, 24.56, 26.024, 26.373, 25.598, 25.152, 25.509, 26.66, 27.501, 27.621, 27.052, 26.506, 26.29, 25.885, 25.478, 25.117, 24.611, 23.876, 23.743, 23.745, 23.669, 23.652, 23.513, 23.625, 23.641, 23.445, 23.12, 23.321, 23.8, 23.883, 23.933, 23.942, 23.598], [14.291, 14.364, 14.462, 14.577, 14.711, 13.596, 13.06, 13.194, 12.963, 12.139, 11.933, 12.226, 11.835, 10.796, 10.265, 9.15, 5.347, 2.064, 0.0, 1.952, 3.258, 4.246, 4.329, 4.997, 7.503, 10.191, 11.325, 12.135, 12.655, 12.944, 14.226, 14.873, 15.447, 16.952, 17.99, 18.087, 18.103, 18.315, 18.762, 19.251, 19.822, 20.658, 21.135, 21.163, 21.263, 21.396, 21.72, 21.823, 22.244, 22.88, 23.117, 23.641, 24.073, 24.387, 24.962, 26.499, 26.801, 25.914, 25.388, 25.723, 26.924, 27.842, 27.946, 27.275, 26.642, 26.41, 26.066, 25.723, 25.352, 24.824, 24.078, 23.95, 23.964, 23.882, 23.846, 23.689, 23.812, 23.841, 23.648, 23.312, 23.493, 23.928, 23.97, 24.013, 24.034, 23.704], [14.211, 14.491, 14.821, 15.111, 15.375, 14.215, 13.723, 14.018, 13.889, 13.105, 12.977, 13.332, 13.002, 12.013, 11.526, 10.404, 6.532, 3.556, 1.952, 0.0, 1.721, 3.19, 3.992, 4.727, 7.109, 9.927, 11.214, 12.097, 12.605, 12.965, 14.37, 14.913, 15.441, 17.09, 18.149, 18.149, 18.066, 18.256, 18.688, 19.069, 19.497, 20.263, 20.769, 20.823, 20.935, 21.052, 21.4, 21.551, 22.073, 22.745, 23.009, 23.563, 24.121, 24.557, 25.233, 26.901, 27.192, 26.187, 25.572, 25.871, 27.083, 28.011, 28.083, 27.308, 26.596, 26.347, 26.009, 25.675, 25.287, 24.744, 23.995, 23.888, 23.921, 23.834, 23.766, 23.611, 23.778, 23.832, 23.64, 23.29, 23.433, 23.78, 23.762, 23.801, 23.83, 23.511], [14.24, 14.692, 15.086, 15.418, 15.73, 14.571, 14.137, 14.552, 14.489, 13.723, 13.59, 13.922, 13.615, 12.707, 12.275, 11.128, 7.262, 4.551, 3.258, 1.721, 0.0, 2.059, 3.688, 4.428, 6.588, 9.427, 10.864, 11.876, 12.403, 12.766, 14.213, 14.739, 15.301, 17.055, 18.13, 18.082, 17.941, 18.121, 18.569, 18.904, 19.221, 19.926, 20.454, 20.526, 20.643, 20.759, 21.122, 21.301, 21.887, 22.586, 22.881, 23.483, 24.124, 24.627, 25.379, 27.142, 27.44, 26.387, 25.764, 26.094, 27.336, 28.269, 28.337, 27.537, 26.804, 26.555, 26.215, 25.871, 25.473, 24.933, 24.206, 24.132, 24.177, 24.095, 24.0, 23.813, 23.973, 24.032, 23.835, 23.478, 23.611, 23.915, 23.874, 23.927, 23.967, 23.654], [14.178, 14.732, 15.139, 15.49, 15.852, 14.686, 14.237, 14.708, 14.678, 13.918, 13.78, 14.095, 13.773, 12.883, 12.492, 11.366, 7.591, 5.214, 4.246, 3.19, 2.059, 0.0, 2.539, 3.744, 5.888, 8.716, 10.229, 11.308, 11.816, 12.183, 13.658, 14.138, 14.789, 16.743, 17.891, 17.815, 17.63, 17.818, 18.267, 18.589, 18.895, 19.599, 20.147, 20.225, 20.342, 20.466, 20.861, 21.081, 21.705, 22.416, 22.717, 23.344, 24.022, 24.558, 25.362, 27.253, 27.614, 26.542, 25.918, 26.28, 27.533, 28.426, 28.455, 27.646, 26.924, 26.692, 26.318, 25.939, 25.544, 24.999, 24.28, 24.247, 24.312, 24.245, 24.127, 23.904, 24.057, 24.116, 23.911, 23.54, 23.666, 23.949, 23.897, 23.959, 24.008, 23.677], [14.037, 14.347, 14.534, 14.719, 14.968, 13.81, 13.309, 13.741, 13.701, 12.898, 12.69, 12.97, 12.6, 11.616, 11.165, 10.067, 6.567, 4.715, 4.329, 3.992, 3.688, 2.539, 0.0, 2.172, 5.199, 8.164, 9.626, 10.688, 11.166, 11.402, 12.733, 13.207, 13.94, 15.985, 17.238, 17.259, 17.147, 17.364, 17.797, 18.179, 18.639, 19.388, 19.887, 19.953, 20.056, 20.189, 20.568, 20.787, 21.32, 21.975, 22.227, 22.814, 23.389, 23.853, 24.588, 26.439, 26.883, 25.935, 25.387, 25.759, 26.955, 27.738, 27.718, 26.992, 26.364, 26.148, 25.704, 25.288, 24.921, 24.375, 23.632, 23.591, 23.66, 23.595, 23.488, 23.264, 23.401, 23.445, 23.234, 22.863, 22.999, 23.341, 23.338, 23.41, 23.452, 23.104], [14.224, 14.496, 14.653, 14.799, 15.002, 13.804, 13.19, 13.582, 13.573, 12.771, 12.581, 12.871, 12.509, 11.545, 11.079, 10.002, 6.7, 5.153, 4.997, 4.727, 4.428, 3.744, 2.172, 0.0, 3.604, 6.912, 8.553, 9.8, 10.32, 10.446, 11.757, 12.24, 12.96, 15.046, 16.347, 16.391, 16.306, 16.528, 16.953, 17.37, 17.891, 18.645, 19.138, 19.221, 19.315, 19.439, 19.809, 20.006, 20.484, 21.107, 21.355, 21.929, 22.497, 22.973, 23.716, 25.585, 26.051, 25.13, 24.611, 24.981, 26.154, 26.914, 26.909, 26.236, 25.66, 25.46, 24.987, 24.55, 24.173, 23.648, 22.928, 22.893, 22.951, 22.866, 22.754, 22.552, 22.7, 22.745, 22.533, 22.167, 22.3, 22.639, 22.67, 22.761, 22.8, 22.496], [14.804, 15.245, 15.467, 15.647, 15.892, 14.677, 14.013, 14.458, 14.555, 13.885, 13.798, 14.099, 13.799, 13.001, 12.636, 11.667, 8.788, 7.601, 7.503, 7.109, 6.588, 5.888, 5.199, 3.604, 0.0, 3.803, 6.221, 8.152, 8.806, 8.97, 10.521, 11.046, 11.754, 13.996, 15.403, 15.439, 15.328, 15.526, 15.948, 16.372, 16.85, 17.527, 18.002, 18.09, 18.162, 18.26, 18.627, 18.821, 19.318, 19.939, 20.262, 20.913, 21.593, 22.184, 23.032, 25.046, 25.533, 24.558, 24.089, 24.561, 25.769, 26.517, 26.533, 25.89, 25.37, 25.217, 24.723, 24.241, 23.836, 23.318, 22.616, 22.623, 22.682, 22.569, 22.439, 22.292, 22.475, 22.53, 22.319, 21.957, 22.085, 22.326, 22.326, 22.453, 22.498, 22.26], [15.94, 16.386, 16.457, 16.551, 16.782, 15.665, 15.043, 15.475, 15.578, 15.017, 14.981, 15.247, 14.986, 14.33, 14.054, 13.236, 10.944, 10.17, 10.191, 9.927, 9.427, 8.716, 8.164, 6.912, 3.803, 0.0, 3.412, 6.314, 7.192, 7.505, 9.326, 10.043, 10.842, 13.122, 14.642, 14.754, 14.68, 14.864, 15.305, 15.788, 16.258, 16.862, 17.262, 17.309, 17.342, 17.423, 17.728, 17.869, 18.334, 18.922, 19.303, 20.037, 20.761, 21.401, 22.304, 24.378, 24.908, 23.978, 23.666, 24.378, 25.69, 26.4, 26.426, 25.879, 25.465, 25.357, 24.819, 24.294, 23.877, 23.363, 22.691, 22.731, 22.802, 22.685, 22.559, 22.459, 22.651, 22.703, 22.498, 22.159, 22.307, 22.505, 22.492, 22.654, 22.703, 22.51], [16.779, 17.059, 16.971, 17.008, 17.231, 16.196, 15.568, 15.901, 15.943, 15.406, 15.404, 15.677, 15.417, 14.769, 14.499, 13.761, 11.784, 11.22, 11.325, 11.214, 10.864, 10.229, 9.626, 8.553, 6.221, 3.412, 0.0, 3.457, 4.699, 5.372, 7.622, 8.569, 9.619, 12.084, 13.758, 14.009, 14.052, 14.295, 14.721, 15.209, 15.736, 16.38, 16.733, 16.747, 16.768, 16.838, 17.094, 17.183, 17.579, 18.152, 18.535, 19.299, 19.996, 20.606, 21.504, 23.578, 24.136, 23.255, 23.018, 23.874, 25.333, 26.069, 26.091, 25.596, 25.211, 25.099, 24.548, 24.015, 23.571, 23.032, 22.385, 22.42, 22.503, 22.421, 22.31, 22.222, 22.404, 22.445, 22.251, 21.937, 22.096, 22.306, 22.313, 22.482, 22.528, 22.346], [17.453, 17.649, 17.525, 17.563, 17.788, 16.818, 16.198, 16.462, 16.452, 15.895, 15.876, 16.144, 15.899, 15.285, 15.077, 14.405, 12.55, 12.035, 12.135, 12.097, 11.876, 11.308, 10.688, 9.8, 8.152, 6.314, 3.457, 0.0, 1.875, 3.738, 6.549, 7.591, 8.956, 11.759, 13.556, 13.892, 14.021, 14.329, 14.673, 15.044, 15.55, 16.228, 16.577, 16.599, 16.639, 16.709, 16.945, 16.978, 17.302, 17.879, 18.243, 19.023, 19.724, 20.299, 21.171, 23.241, 23.802, 22.921, 22.672, 23.568, 25.169, 25.993, 26.021, 25.541, 25.133, 25.015, 24.515, 24.038, 23.575, 22.998, 22.35, 22.355, 22.441, 22.401, 22.292, 22.157, 22.297, 22.318, 22.125, 21.806, 21.964, 22.198, 22.211, 22.368, 22.414, 22.211], [17.668, 17.872, 17.763, 17.836, 18.08, 17.122, 16.494, 16.736, 16.713, 16.138, 16.097, 16.355, 16.129, 15.576, 15.448, 14.814, 13.013, 12.558, 12.655, 12.605, 12.403, 11.816, 11.166, 10.32, 8.806, 7.192, 4.699, 1.875, 0.0, 2.907, 6.097, 7.186, 8.733, 11.716, 13.567, 13.927, 14.07, 14.386, 14.694, 15.019, 15.523, 16.216, 16.573, 16.608, 16.655, 16.73, 16.969, 16.962, 17.214, 17.791, 18.153, 18.923, 19.625, 20.197, 21.079, 23.19, 23.767, 22.877, 22.617, 23.503, 25.124, 25.97, 26.009, 25.548, 25.146, 25.032, 24.539, 24.078, 23.62, 23.028, 22.366, 22.359, 22.433, 22.41, 22.299, 22.136, 22.263, 22.276, 22.079, 21.755, 21.917, 22.166, 22.185, 22.343, 22.393, 22.178], [18.183, 18.32, 18.151, 18.185, 18.35, 17.357, 16.614, 16.749, 16.686, 16.113, 16.084, 16.335, 16.08, 15.508, 15.337, 14.666, 13.025, 12.743, 12.944, 12.965, 12.766, 12.183, 11.402, 10.446, 8.97, 7.505, 5.372, 3.738, 2.907, 0.0, 3.612, 5.218, 7.211, 10.359, 12.318, 12.773, 12.993, 13.328, 13.656, 14.135, 14.858, 15.682, 16.06, 16.089, 16.127, 16.227, 16.488, 16.467, 16.614, 17.211, 17.617, 18.369, 18.984, 19.478, 20.329, 22.452, 23.052, 22.201, 22.003, 22.877, 24.426, 25.213, 25.256, 24.871, 24.543, 24.447, 23.934, 23.452, 22.988, 22.409, 21.784, 21.798, 21.857, 21.841, 21.714, 21.505, 21.602, 21.599, 21.407, 21.122, 21.314, 21.635, 21.732, 21.9, 21.949, 21.735], [19.468, 19.513, 19.248, 19.214, 19.274, 18.27, 17.396, 17.401, 17.296, 16.754, 16.733, 16.948, 16.661, 16.079, 15.841, 15.176, 13.899, 13.884, 14.226, 14.37, 14.213, 13.658, 12.733, 11.757, 10.521, 9.326, 7.622, 6.549, 6.097, 3.612, 0.0, 3.026, 6.069, 9.181, 11.137, 11.713, 12.072, 12.445, 12.757, 13.447, 14.483, 15.44, 15.817, 15.845, 15.873, 16.0, 16.255, 16.201, 16.208, 16.816, 17.256, 17.984, 18.46, 18.813, 19.57, 21.644, 22.298, 21.551, 21.454, 22.341, 23.788, 24.443, 24.479, 24.242, 24.059, 24.016, 23.473, 22.943, 22.467, 21.903, 21.351, 21.418, 21.483, 21.488, 21.343, 21.059, 21.083, 21.042, 20.854, 20.613, 20.844, 21.27, 21.473, 21.642, 21.681, 21.47], [19.92, 20.024, 19.907, 19.982, 20.112, 19.056, 18.153, 18.226, 18.192, 17.658, 17.682, 17.951, 17.665, 17.03, 16.739, 16.072, 14.718, 14.607, 14.873, 14.913, 14.739, 14.138, 13.207, 12.24, 11.046, 10.043, 8.569, 7.591, 7.186, 5.218, 3.026, 0.0, 4.09, 8.218, 10.383, 10.891, 11.21, 11.609, 11.828, 12.413, 13.495, 14.49, 14.943, 15.043, 15.094, 15.218, 15.529, 15.568, 15.672, 16.276, 16.662, 17.394, 18.016, 18.526, 19.386, 21.64, 22.343, 21.476, 21.257, 22.038, 23.386, 23.919, 23.851, 23.551, 23.37, 23.422, 22.966, 22.463, 21.979, 21.365, 20.779, 20.898, 21.008, 21.026, 20.87, 20.597, 20.648, 20.64, 20.464, 20.219, 20.394, 20.692, 20.822, 20.974, 21.028, 20.845], [20.864, 20.944, 20.886, 20.937, 20.991, 19.876, 18.949, 18.98, 18.915, 18.38, 18.455, 18.768, 18.469, 17.76, 17.403, 16.778, 15.445, 15.255, 15.447, 15.441, 15.301, 14.789, 13.94, 12.96, 11.754, 10.842, 9.619, 8.956, 8.733, 7.211, 6.069, 4.09, 0.0, 5.174, 7.842, 8.54, 9.019, 9.468, 9.668, 10.338, 11.631, 12.792, 13.356, 13.538, 13.629, 13.783, 14.122, 14.231, 14.357, 14.865, 15.163, 15.936, 16.689, 17.325, 18.257, 20.614, 21.318, 20.319, 20.025, 20.779, 22.117, 22.672, 22.638, 22.367, 22.208, 22.343, 22.087, 21.712, 21.248, 20.61, 19.987, 20.083, 20.179, 20.193, 20.105, 19.968, 20.098, 20.142, 19.999, 19.761, 19.868, 20.018, 20.09, 20.241, 20.298, 20.186], [22.845, 22.825, 22.626, 22.513, 22.345, 21.21, 20.202, 20.01, 19.789, 19.258, 19.334, 19.587, 19.258, 18.563, 18.183, 17.674, 16.74, 16.711, 16.952, 17.09, 17.055, 16.743, 15.985, 15.046, 13.996, 13.122, 12.084, 11.759, 11.716, 10.359, 9.181, 8.218, 5.174, 0.0, 3.289, 4.986, 6.404, 7.032, 7.392, 8.814, 10.747, 12.189, 12.796, 13.019, 13.135, 13.368, 13.591, 13.499, 13.321, 13.675, 13.892, 14.631, 15.17, 15.551, 16.307, 18.493, 19.168, 18.252, 18.147, 19.087, 20.536, 21.248, 21.458, 21.497, 21.529, 21.707, 21.602, 21.36, 20.953, 20.406, 19.856, 19.876, 19.899, 19.903, 19.918, 19.868, 19.961, 19.976, 19.863, 19.681, 19.832, 20.069, 20.234, 20.404, 20.434, 20.398], [23.936, 23.962, 23.808, 23.731, 23.543, 22.379, 21.305, 21.027, 20.758, 20.233, 20.322, 20.567, 20.242, 19.584, 19.217, 18.736, 17.845, 17.78, 17.99, 18.149, 18.13, 17.891, 17.238, 16.347, 15.403, 14.642, 13.758, 13.556, 13.567, 12.318, 11.137, 10.383, 7.842, 3.289, 0.0, 2.609, 4.925, 5.79, 6.221, 8.14, 10.449, 12.035, 12.696, 12.954, 13.091, 13.368, 13.53, 13.261, 12.956, 13.276, 13.475, 14.219, 14.688, 14.938, 15.632, 17.802, 18.46, 17.558, 17.517, 18.504, 20.034, 20.867, 21.171, 21.293, 21.366, 21.565, 21.528, 21.38, 21.031, 20.575, 20.113, 20.104, 20.09, 20.082, 20.096, 20.015, 20.067, 20.066, 19.962, 19.809, 19.994, 20.287, 20.474, 20.636, 20.657, 20.634], [23.94, 24.097, 24.112, 24.183, 24.116, 22.931, 21.852, 21.627, 21.387, 20.846, 20.951, 21.229, 20.913, 20.247, 19.883, 19.355, 18.22, 17.976, 18.087, 18.149, 18.082, 17.815, 17.259, 16.391, 15.439, 14.754, 14.009, 13.892, 13.927, 12.773, 11.713, 10.891, 8.54, 4.986, 2.609, 0.0, 2.746, 3.969, 4.556, 6.766, 9.28, 10.99, 11.793, 12.119, 12.293, 12.605, 12.805, 12.479, 12.287, 12.698, 12.978, 13.86, 14.502, 14.868, 15.722, 18.151, 18.845, 17.828, 17.671, 18.576, 20.133, 20.994, 21.219, 21.193, 21.166, 21.337, 21.282, 21.157, 20.842, 20.442, 20.055, 20.068, 20.047, 20.046, 20.014, 19.882, 19.974, 20.008, 19.901, 19.736, 19.909, 20.181, 20.338, 20.494, 20.525, 20.493], [23.832, 24.104, 24.239, 24.402, 24.428, 23.278, 22.275, 22.12, 21.899, 21.34, 21.443, 21.726, 21.395, 20.693, 20.314, 19.74, 18.412, 18.056, 18.103, 18.066, 17.941, 17.63, 17.147, 16.306, 15.328, 14.68, 14.052, 14.021, 14.07, 12.993, 12.072, 11.21, 9.019, 6.404, 4.925, 2.746, 0.0, 1.814, 3.093, 5.338, 7.86, 9.698, 10.659, 11.059, 11.265, 11.612, 11.911, 11.648, 11.643, 12.151, 12.508, 13.533, 14.342, 14.831, 15.841, 18.53, 19.288, 18.18, 17.903, 18.716, 20.24, 21.056, 21.199, 21.064, 20.968, 21.092, 20.947, 20.771, 20.477, 20.143, 19.9, 19.996, 19.967, 20.007, 19.932, 19.749, 19.915, 19.997, 19.887, 19.701, 19.874, 20.138, 20.272, 20.426, 20.468, 20.431], [24.015, 24.306, 24.444, 24.595, 24.6, 23.445, 22.439, 22.263, 22.027, 21.487, 21.612, 21.893, 21.548, 20.847, 20.48, 19.92, 18.611, 18.271, 18.315, 18.256, 18.121, 17.818, 17.364, 16.528, 15.526, 14.864, 14.295, 14.329, 14.386, 13.328, 12.445, 11.609, 9.468, 7.032, 5.79, 3.969, 1.814, 0.0, 2.317, 5.103, 7.713, 9.612, 10.566, 10.927, 11.118, 11.477, 11.815, 11.526, 11.441, 11.932, 12.273, 13.254, 14.025, 14.503, 15.529, 18.256, 19.026, 17.903, 17.626, 18.436, 19.945, 20.763, 20.953, 20.883, 20.824, 20.931, 20.759, 20.564, 20.267, 19.95, 19.768, 19.905, 19.852, 19.883, 19.824, 19.663, 19.865, 19.964, 19.852, 19.666, 19.839, 20.121, 20.291, 20.455, 20.494, 20.474], [24.309, 24.594, 24.755, 24.927, 24.932, 23.723, 22.634, 22.441, 22.254, 21.767, 21.953, 22.278, 21.953, 21.262, 20.888, 20.326, 19.045, 18.725, 18.762, 18.688, 18.569, 18.267, 17.797, 16.953, 15.948, 15.305, 14.721, 14.673, 14.694, 13.656, 12.757, 11.828, 9.668, 7.392, 6.221, 4.556, 3.093, 2.317, 0.0, 3.768, 7.182, 9.26, 10.157, 10.476, 10.651, 10.991, 11.321, 10.98, 10.802, 11.307, 11.614, 12.519, 13.314, 13.875, 14.975, 17.796, 18.566, 17.339, 16.989, 17.791, 19.352, 20.189, 20.338, 20.271, 20.232, 20.391, 20.31, 20.193, 19.895, 19.541, 19.347, 19.473, 19.482, 19.562, 19.488, 19.319, 19.488, 19.572, 19.465, 19.282, 19.401, 19.599, 19.759, 19.934, 19.972, 19.963], [24.268, 24.633, 24.911, 25.169, 25.277, 24.184, 23.312, 23.271, 23.142, 22.638, 22.786, 23.11, 22.807, 22.09, 21.677, 21.071, 19.646, 19.261, 19.251, 19.069, 18.904, 18.589, 18.179, 17.37, 16.372, 15.788, 15.209, 15.044, 15.019, 14.135, 13.447, 12.413, 10.338, 8.814, 8.14, 6.766, 5.338, 5.103, 3.768, 0.0, 4.148, 6.694, 7.84, 8.307, 8.543, 8.878, 9.332, 9.286, 9.604, 10.265, 10.621, 11.785, 13.052, 13.98, 15.316, 18.369, 19.151, 17.721, 17.171, 17.93, 19.542, 20.318, 20.295, 20.014, 19.838, 20.033, 20.063, 20.067, 19.777, 19.373, 19.231, 19.432, 19.551, 19.8, 19.684, 19.416, 19.578, 19.684, 19.59, 19.372, 19.427, 19.425, 19.409, 19.568, 19.642, 19.622], [24.146, 24.662, 25.048, 25.364, 25.557, 24.659, 24.202, 24.436, 24.342, 23.76, 23.773, 24.026, 23.742, 23.036, 22.623, 21.979, 20.392, 19.905, 19.822, 19.497, 19.221, 18.895, 18.639, 17.891, 16.85, 16.258, 15.736, 15.55, 15.523, 14.858, 14.483, 13.495, 11.631, 10.747, 10.449, 9.28, 7.86, 7.713, 7.182, 4.148, 0.0, 3.297, 5.286, 6.107, 6.517, 6.883, 7.513, 7.988, 9.138, 9.916, 10.484, 12.184, 13.999, 15.249, 16.766, 19.897, 20.648, 19.148, 18.565, 19.4, 21.082, 21.825, 21.73, 21.249, 20.902, 21.078, 21.173, 21.234, 20.93, 20.526, 20.44, 20.732, 20.883, 21.181, 21.041, 20.679, 20.829, 20.972, 20.881, 20.616, 20.625, 20.439, 20.205, 20.344, 20.452, 20.396], [24.53, 25.101, 25.499, 25.788, 25.951, 25.098, 24.843, 25.31, 25.332, 24.748, 24.686, 24.888, 24.622, 23.922, 23.461, 22.767, 21.193, 20.742, 20.658, 20.263, 19.926, 19.599, 19.388, 18.645, 17.527, 16.862, 16.38, 16.228, 16.216, 15.682, 15.44, 14.49, 12.792, 12.189, 12.035, 10.99, 9.698, 9.612, 9.26, 6.694, 3.297, 0.0, 2.741, 4.17, 4.822, 5.205, 5.903, 6.964, 8.767, 9.552, 10.275, 12.259, 14.378, 15.872, 17.547, 20.737, 21.495, 20.006, 19.448, 20.326, 22.017, 22.674, 22.474, 21.921, 21.546, 21.743, 21.832, 21.875, 21.593, 21.241, 21.234, 21.554, 21.725, 22.03, 21.854, 21.487, 21.636, 21.792, 21.706, 21.427, 21.4, 21.07, 20.706, 20.854, 20.983, 20.924], [24.855, 25.366, 25.679, 25.895, 25.99, 25.133, 24.881, 25.385, 25.492, 24.98, 24.923, 25.107, 24.838, 24.137, 23.637, 22.936, 21.501, 21.162, 21.135, 20.769, 20.454, 20.147, 19.887, 19.138, 18.002, 17.262, 16.733, 16.577, 16.573, 16.06, 15.817, 14.943, 13.356, 12.796, 12.696, 11.793, 10.659, 10.566, 10.157, 7.84, 5.286, 2.741, 0.0, 1.982, 2.899, 3.408, 4.207, 5.781, 7.899, 8.699, 9.476, 11.523, 13.698, 15.309, 17.084, 20.305, 21.096, 19.672, 19.175, 20.107, 21.842, 22.479, 22.273, 21.801, 21.498, 21.704, 21.731, 21.738, 21.469, 21.125, 21.143, 21.441, 21.604, 21.944, 21.784, 21.467, 21.629, 21.777, 21.695, 21.42, 21.386, 21.051, 20.716, 20.887, 21.024, 20.976], [24.823, 25.307, 25.579, 25.767, 25.84, 24.985, 24.718, 25.193, 25.313, 24.86, 24.832, 25.016, 24.738, 24.042, 23.548, 22.859, 21.477, 21.169, 21.163, 20.823, 20.526, 20.225, 19.953, 19.221, 18.09, 17.309, 16.747, 16.599, 16.608, 16.089, 15.845, 15.043, 13.538, 13.019, 12.954, 12.119, 11.059, 10.927, 10.476, 8.307, 6.107, 4.17, 1.982, 0.0, 1.24, 2.098, 3.241, 5.105, 7.318, 8.179, 9.019, 11.136, 13.297, 14.931, 16.746, 19.993, 20.812, 19.438, 18.986, 19.961, 21.755, 22.446, 22.337, 21.956, 21.696, 21.903, 21.895, 21.865, 21.572, 21.186, 21.155, 21.423, 21.574, 21.919, 21.776, 21.487, 21.656, 21.804, 21.718, 21.441, 21.396, 21.088, 20.799, 20.98, 21.108, 21.032], [24.877, 25.34, 25.595, 25.77, 25.827, 24.964, 24.68, 25.142, 25.263, 24.835, 24.834, 25.026, 24.744, 24.044, 23.552, 22.873, 21.528, 21.25, 21.263, 20.935, 20.643, 20.342, 20.056, 19.315, 18.162, 17.342, 16.768, 16.639, 16.655, 16.127, 15.873, 15.094, 13.629, 13.135, 13.091, 12.293, 11.265, 11.118, 10.651, 8.543, 6.517, 4.822, 2.899, 1.24, 0.0, 1.211, 2.724, 4.814, 7.055, 7.906, 8.782, 10.945, 13.107, 14.75, 16.57, 19.836, 20.685, 19.345, 18.914, 19.891, 21.666, 22.339, 22.263, 21.935, 21.714, 21.925, 21.873, 21.806, 21.514, 21.129, 21.102, 21.368, 21.515, 21.86, 21.709, 21.434, 21.619, 21.767, 21.68, 21.4, 21.349, 21.045, 20.769, 20.951, 21.066, 20.976], [24.864, 25.319, 25.583, 25.769, 25.839, 24.974, 24.702, 25.188, 25.325, 24.906, 24.923, 25.142, 24.885, 24.185, 23.681, 23.001, 21.653, 21.38, 21.396, 21.052, 20.759, 20.466, 20.189, 19.439, 18.26, 17.423, 16.838, 16.709, 16.73, 16.227, 16.0, 15.218, 13.783, 13.368, 13.368, 12.605, 11.612, 11.477, 10.991, 8.878, 6.883, 5.205, 3.408, 2.098, 1.211, 0.0, 2.036, 4.593, 7.03, 7.891, 8.813, 11.001, 13.204, 14.897, 16.714, 19.963, 20.803, 19.444, 18.988, 19.939, 21.694, 22.356, 22.257, 21.896, 21.668, 21.884, 21.808, 21.72, 21.42, 21.036, 21.017, 21.294, 21.462, 21.807, 21.642, 21.386, 21.587, 21.741, 21.655, 21.37, 21.294, 20.936, 20.626, 20.802, 20.913, 20.825], [25.012, 25.418, 25.603, 25.737, 25.778, 24.939, 24.696, 25.192, 25.326, 24.905, 24.9, 25.121, 24.924, 24.288, 23.796, 23.134, 21.878, 21.669, 21.72, 21.4, 21.122, 20.861, 20.568, 19.809, 18.627, 17.728, 17.094, 16.945, 16.969, 16.488, 16.255, 15.529, 14.122, 13.591, 13.53, 12.805, 11.911, 11.815, 11.321, 9.332, 7.513, 5.903, 4.207, 3.241, 2.724, 2.036, 0.0, 3.229, 6.102, 7.018, 8.133, 10.541, 12.772, 14.47, 16.285, 19.494, 20.349, 19.052, 18.708, 19.776, 21.608, 22.29, 22.199, 21.905, 21.726, 21.943, 21.889, 21.848, 21.567, 21.197, 21.181, 21.423, 21.587, 21.932, 21.763, 21.511, 21.694, 21.839, 21.75, 21.47, 21.398, 21.031, 20.707, 20.89, 20.989, 20.899], [25.011, 25.396, 25.528, 25.64, 25.663, 24.803, 24.471, 24.867, 24.949, 24.536, 24.542, 24.763, 24.601, 24.1, 23.738, 23.138, 21.94, 21.754, 21.823, 21.551, 21.301, 21.081, 20.787, 20.006, 18.821, 17.869, 17.183, 16.978, 16.962, 16.467, 16.201, 15.568, 14.231, 13.499, 13.261, 12.479, 11.648, 11.526, 10.98, 9.286, 7.988, 6.964, 5.781, 5.105, 4.814, 4.593, 3.229, 0.0, 3.406, 4.744, 6.242, 9.032, 11.291, 12.953, 14.841, 18.179, 19.073, 17.804, 17.578, 18.823, 20.874, 21.727, 21.771, 21.605, 21.473, 21.665, 21.665, 21.686, 21.39, 21.031, 20.996, 21.168, 21.285, 21.584, 21.414, 21.146, 21.299, 21.422, 21.318, 21.038, 21.018, 20.82, 20.616, 20.82, 20.917, 20.835], [25.462, 25.745, 25.741, 25.757, 25.685, 24.781, 24.279, 24.495, 24.513, 24.135, 24.17, 24.374, 24.203, 23.81, 23.589, 23.128, 22.169, 22.109, 22.244, 22.073, 21.887, 21.705, 21.32, 20.484, 19.318, 18.334, 17.579, 17.302, 17.214, 16.614, 16.208, 15.672, 14.357, 13.321, 12.956, 12.287, 11.643, 11.441, 10.802, 9.604, 9.138, 8.767, 7.899, 7.318, 7.055, 7.03, 6.102, 3.406, 0.0, 2.201, 4.451, 7.426, 9.409, 10.891, 12.781, 16.216, 17.193, 16.036, 15.994, 17.406, 19.607, 20.59, 20.845, 20.956, 20.978, 21.153, 21.168, 21.205, 20.887, 20.541, 20.495, 20.591, 20.639, 20.892, 20.762, 20.517, 20.632, 20.722, 20.609, 20.345, 20.356, 20.37, 20.408, 20.66, 20.729, 20.677], [26.053, 26.286, 26.216, 26.15, 25.998, 25.087, 24.562, 24.743, 24.746, 24.374, 24.401, 24.583, 24.405, 24.022, 23.826, 23.467, 22.682, 22.705, 22.88, 22.745, 22.586, 22.416, 21.975, 21.107, 19.939, 18.922, 18.152, 17.879, 17.791, 17.211, 16.816, 16.276, 14.865, 13.675, 13.276, 12.698, 12.151, 11.932, 11.307, 10.265, 9.916, 9.552, 8.699, 8.179, 7.906, 7.891, 7.018, 4.744, 2.201, 0.0, 3.246, 6.742, 8.753, 10.262, 12.12, 15.537, 16.58, 15.508, 15.56, 17.041, 19.25, 20.205, 20.547, 20.831, 20.986, 21.196, 21.202, 21.241, 20.943, 20.635, 20.624, 20.719, 20.737, 20.965, 20.868, 20.712, 20.875, 20.982, 20.88, 20.626, 20.609, 20.588, 20.647, 20.921, 20.958, 20.912], [26.409, 26.608, 26.504, 26.381, 26.162, 25.204, 24.602, 24.722, 24.722, 24.376, 24.437, 24.635, 24.45, 24.062, 23.852, 23.503, 22.827, 22.927, 23.117, 23.009, 22.881, 22.717, 22.227, 21.355, 20.262, 19.303, 18.535, 18.243, 18.153, 17.617, 17.256, 16.662, 15.163, 13.892, 13.475, 12.978, 12.508, 12.273, 11.614, 10.621, 10.484, 10.275, 9.476, 9.019, 8.782, 8.813, 8.133, 6.242, 4.451, 3.246, 0.0, 4.109, 6.667, 8.568, 10.611, 14.217, 15.324, 14.146, 14.127, 15.672, 18.05, 19.098, 19.508, 19.892, 20.123, 20.362, 20.38, 20.449, 20.162, 19.862, 19.889, 20.001, 20.035, 20.271, 20.223, 20.146, 20.335, 20.447, 20.348, 20.089, 20.085, 20.113, 20.202, 20.468, 20.573, 20.633], [27.207, 27.336, 27.173, 26.995, 26.703, 25.646, 24.845, 24.825, 24.82, 24.533, 24.686, 24.935, 24.751, 24.374, 24.155, 23.806, 23.257, 23.443, 23.641, 23.563, 23.483, 23.344, 22.814, 21.929, 20.913, 20.037, 19.299, 19.023, 18.923, 18.369, 17.984, 17.394, 15.936, 14.631, 14.219, 13.86, 13.533, 13.254, 12.519, 11.785, 12.184, 12.259, 11.523, 11.136, 10.945, 11.001, 10.541, 9.032, 7.426, 6.742, 4.109, 0.0, 3.444, 6.148, 8.616, 12.528, 13.628, 12.239, 12.099, 13.674, 16.196, 17.407, 17.915, 18.399, 18.706, 18.926, 18.962, 19.091, 18.807, 18.511, 18.597, 18.693, 18.728, 18.99, 18.991, 18.972, 19.148, 19.233, 19.134, 18.897, 18.935, 19.142, 19.443, 19.724, 19.924, 20.23], [27.846, 27.841, 27.509, 27.195, 26.779, 25.701, 24.742, 24.522, 24.457, 24.221, 24.405, 24.639, 24.443, 24.103, 23.911, 23.655, 23.423, 23.794, 24.073, 24.121, 24.124, 24.022, 23.389, 22.497, 21.593, 20.761, 19.996, 19.724, 19.625, 18.984, 18.46, 18.016, 16.689, 15.17, 14.688, 14.502, 14.342, 14.025, 13.314, 13.052, 13.999, 14.378, 13.698, 13.297, 13.107, 13.204, 12.772, 11.291, 9.409, 8.753, 6.667, 3.444, 0.0, 3.167, 6.019, 10.201, 11.45, 10.307, 10.478, 12.286, 14.961, 16.353, 17.137, 17.977, 18.456, 18.603, 18.552, 18.645, 18.369, 18.091, 18.186, 18.192, 18.151, 18.413, 18.476, 18.478, 18.604, 18.638, 18.538, 18.346, 18.484, 19.027, 19.619, 19.918, 20.071, 20.42], [28.392, 28.283, 27.793, 27.351, 26.84, 25.821, 24.803, 24.419, 24.259, 24.029, 24.173, 24.34, 24.118, 23.809, 23.652, 23.492, 23.54, 24.048, 24.387, 24.557, 24.627, 24.558, 23.853, 22.973, 22.184, 21.401, 20.606, 20.299, 20.197, 19.478, 18.813, 18.526, 17.325, 15.551, 14.938, 14.868, 14.831, 14.503, 13.875, 13.98, 15.249, 15.872, 15.309, 14.931, 14.75, 14.897, 14.47, 12.953, 10.891, 10.262, 8.568, 6.148, 3.167, 0.0, 3.273, 7.85, 9.316, 8.599, 9.296, 11.429, 14.273, 15.823, 16.884, 18.107, 18.747, 18.842, 18.777, 18.878, 18.607, 18.366, 18.469, 18.379, 18.253, 18.496, 18.599, 18.548, 18.581, 18.562, 18.463, 18.314, 18.568, 19.418, 20.199, 20.491, 20.583, 20.878], [29.068, 28.852, 28.238, 27.683, 27.081, 26.131, 25.102, 24.59, 24.35, 24.141, 24.267, 24.389, 24.149, 23.848, 23.699, 23.623, 23.928, 24.56, 24.962, 25.233, 25.379, 25.362, 24.588, 23.716, 23.032, 22.304, 21.504, 21.171, 21.079, 20.329, 19.57, 19.386, 18.257, 16.307, 15.632, 15.722, 15.841, 15.529, 14.975, 15.316, 16.766, 17.547, 17.084, 16.746, 16.57, 16.714, 16.285, 14.841, 12.781, 12.12, 10.611, 8.616, 6.019, 3.273, 0.0, 4.965, 6.767, 6.656, 7.982, 10.354, 13.21, 14.865, 16.248, 17.909, 18.762, 18.805, 18.727, 18.884, 18.639, 18.452, 18.583, 18.444, 18.279, 18.49, 18.681, 18.68, 18.651, 18.584, 18.489, 18.385, 18.704, 19.725, 20.623, 20.908, 20.96, 21.237], [30.558, 30.172, 29.354, 28.615, 27.852, 27.023, 26.027, 25.353, 25.019, 24.868, 24.981, 25.059, 24.833, 24.582, 24.439, 24.488, 25.212, 26.024, 26.499, 26.901, 27.142, 27.253, 26.439, 25.585, 25.046, 24.378, 23.578, 23.241, 23.19, 22.452, 21.644, 21.64, 20.614, 18.493, 17.802, 18.151, 18.53, 18.256, 17.796, 18.369, 19.897, 20.737, 20.305, 19.993, 19.836, 19.963, 19.494, 18.179, 16.216, 15.537, 14.217, 12.528, 10.201, 7.85, 4.965, 0.0, 2.683, 5.016, 7.647, 10.241, 12.97, 14.775, 16.567, 18.731, 19.829, 19.777, 19.698, 19.961, 19.765, 19.661, 19.802, 19.577, 19.353, 19.503, 19.876, 19.999, 19.866, 19.722, 19.635, 19.6, 19.957, 21.101, 22.111, 22.395, 22.39, 22.653], [30.908, 30.534, 29.734, 29.009, 28.247, 27.436, 26.453, 25.746, 25.384, 25.236, 25.365, 25.467, 25.256, 25.011, 24.868, 24.922, 25.623, 26.373, 26.801, 27.192, 27.44, 27.614, 26.883, 26.051, 25.533, 24.908, 24.136, 23.802, 23.767, 23.052, 22.298, 22.343, 21.318, 19.168, 18.46, 18.845, 19.288, 19.026, 18.566, 19.151, 20.648, 21.495, 21.096, 20.812, 20.685, 20.803, 20.349, 19.073, 17.193, 16.58, 15.324, 13.628, 11.45, 9.316, 6.767, 2.683, 0.0, 3.697, 6.864, 9.7, 12.672, 14.803, 16.722, 18.843, 19.881, 19.8, 19.893, 20.292, 20.073, 19.974, 20.111, 19.859, 19.614, 19.731, 20.137, 20.26, 20.067, 19.901, 19.827, 19.815, 20.169, 21.291, 22.306, 22.581, 22.579, 22.87], [30.157, 29.936, 29.355, 28.81, 28.177, 27.26, 26.253, 25.645, 25.337, 25.153, 25.336, 25.517, 25.308, 25.001, 24.82, 24.758, 25.075, 25.598, 25.914, 26.187, 26.387, 26.542, 25.935, 25.13, 24.558, 23.978, 23.255, 22.921, 22.877, 22.201, 21.551, 21.476, 20.319, 18.252, 17.558, 17.828, 18.18, 17.903, 17.339, 17.721, 19.148, 20.006, 19.672, 19.438, 19.345, 19.444, 19.052, 17.804, 16.036, 15.508, 14.146, 12.239, 10.307, 8.599, 6.656, 5.016, 3.697, 0.0, 3.607, 7.191, 10.91, 13.541, 15.489, 17.315, 18.177, 18.151, 18.533, 19.108, 18.808, 18.612, 18.73, 18.552, 18.396, 18.547, 18.9, 19.003, 18.826, 18.692, 18.635, 18.606, 18.898, 19.849, 20.796, 21.074, 21.133, 21.531], [29.76, 29.64, 29.271, 28.895, 28.379, 27.374, 26.321, 25.766, 25.504, 25.301, 25.537, 25.779, 25.548, 25.156, 24.927, 24.773, 24.794, 25.152, 25.388, 25.572, 25.764, 25.918, 25.387, 24.611, 24.089, 23.666, 23.018, 22.672, 22.617, 22.003, 21.454, 21.257, 20.025, 18.147, 17.517, 17.671, 17.903, 17.626, 16.989, 17.171, 18.565, 19.448, 19.175, 18.986, 18.914, 18.988, 18.708, 17.578, 15.994, 15.56, 14.127, 12.099, 10.478, 9.296, 7.982, 7.647, 6.864, 3.607, 0.0, 4.272, 8.746, 11.92, 13.997, 15.652, 16.43, 16.486, 17.09, 17.803, 17.449, 17.188, 17.32, 17.205, 17.144, 17.343, 17.664, 17.801, 17.692, 17.604, 17.563, 17.515, 17.748, 18.596, 19.529, 19.8, 19.901, 20.4], [30.144, 30.035, 29.814, 29.561, 29.121, 28.061, 26.931, 26.357, 26.126, 25.939, 26.236, 26.524, 26.265, 25.796, 25.512, 25.308, 25.209, 25.509, 25.723, 25.871, 26.094, 26.28, 25.759, 24.981, 24.561, 24.378, 23.874, 23.568, 23.503, 22.877, 22.341, 22.038, 20.779, 19.087, 18.504, 18.576, 18.716, 18.436, 17.791, 17.93, 19.4, 20.326, 20.107, 19.961, 19.891, 19.939, 19.776, 18.823, 17.406, 17.041, 15.672, 13.674, 12.286, 11.429, 10.354, 10.241, 9.7, 7.191, 4.272, 0.0, 5.177, 9.289, 11.844, 13.633, 14.526, 14.685, 15.472, 16.373, 16.09, 15