[[0.0, 1.474, 2.34, 3.561, 5.191, 7.223, 8.978, 9.614, 9.599, 10.308, 11.047, 11.53, 11.662, 11.455, 12.251, 12.974, 13.147, 13.815, 14.755, 15.367, 16.293, 17.917, 19.236, 19.517, 18.433, 18.72, 20.189, 20.336, 19.406, 18.247, 18.417, 19.191, 19.435, 19.607, 19.845, 20.211, 20.367, 20.392, 20.508, 20.959, 21.472, 21.63, 21.671, 21.546, 21.387, 21.46, 21.621, 21.981, 23.165, 23.918, 24.614, 25.201, 25.298, 25.248, 25.133, 24.617, 24.96, 25.632, 25.167, 24.902, 24.732, 24.728, 25.251, 25.106, 24.012, 23.928, 25.459, 26.934, 27.604, 27.569, 27.239, 26.967, 26.516, 26.482, 26.465, 25.558, 24.462, 23.77, 23.454, 23.109, 22.73, 22.634, 22.559, 22.537, 22.53, 22.183], [1.474, 0.0, 1.614, 3.182, 4.987, 7.142, 8.928, 9.56, 9.541, 10.236, 10.973, 11.496, 11.672, 11.493, 12.293, 13.008, 13.179, 13.84, 14.772, 15.383, 16.303, 17.92, 19.236, 19.522, 18.428, 18.668, 20.113, 20.262, 19.328, 18.157, 18.319, 19.083, 19.32, 19.487, 19.745, 20.168, 20.351, 20.378, 20.507, 20.967, 21.481, 21.656, 21.707, 21.583, 21.428, 21.508, 21.671, 22.02, 23.184, 23.918, 24.595, 25.175, 25.27, 25.225, 25.113, 24.6, 24.94, 25.609, 25.143, 24.871, 24.696, 24.702, 25.239, 25.096, 24.003, 23.913, 25.438, 26.909, 27.58, 27.547, 27.217, 26.948, 26.498, 26.456, 26.431, 25.512, 24.401, 23.698, 23.377, 23.035, 22.661, 22.57, 22.496, 22.478, 22.488, 22.156], [2.34, 1.614, 0.0, 2.11, 4.403, 6.707, 8.608, 9.251, 9.089, 9.683, 10.417, 10.924, 11.055, 10.916, 11.845, 12.625, 12.815, 13.513, 14.464, 15.054, 15.994, 17.61, 18.883, 19.159, 18.025, 18.272, 19.777, 19.931, 18.978, 17.769, 17.907, 18.675, 18.935, 19.151, 19.442, 19.863, 20.06, 20.111, 20.271, 20.759, 21.288, 21.505, 21.6, 21.491, 21.333, 21.418, 21.593, 21.948, 23.12, 23.868, 24.557, 25.132, 25.206, 25.158, 25.058, 24.537, 24.884, 25.565, 25.093, 24.822, 24.652, 24.66, 25.202, 25.066, 23.996, 23.932, 25.469, 26.931, 27.587, 27.549, 27.22, 26.959, 26.511, 26.464, 26.436, 25.5, 24.37, 23.655, 23.323, 22.981, 22.616, 22.532, 22.46, 22.43, 22.439, 22.117], [3.561, 3.182, 2.11, 0.0, 2.989, 5.856, 8.102, 8.804, 8.449, 8.833, 9.551, 10.101, 10.22, 10.161, 11.262, 12.109, 12.308, 13.026, 14.013, 14.595, 15.595, 17.284, 18.548, 18.803, 17.614, 17.901, 19.468, 19.613, 18.621, 17.324, 17.415, 18.193, 18.471, 18.729, 19.091, 19.522, 19.705, 19.811, 20.05, 20.579, 21.111, 21.356, 21.487, 21.417, 21.276, 21.36, 21.535, 21.894, 23.093, 23.869, 24.575, 25.141, 25.18, 25.114, 25.021, 24.476, 24.823, 25.507, 25.021, 24.759, 24.599, 24.61, 25.158, 25.024, 23.978, 23.952, 25.509, 26.971, 27.618, 27.575, 27.246, 26.983, 26.523, 26.459, 26.409, 25.44, 24.279, 23.547, 23.209, 22.869, 22.514, 22.441, 22.376, 22.333, 22.331, 22.022], [5.191, 4.987, 4.403, 2.989, 0.0, 3.625, 6.544, 7.396, 6.947, 7.347, 8.249, 9.033, 9.241, 9.177, 10.423, 11.354, 11.563, 12.281, 13.272, 13.87, 15.0, 16.864, 18.169, 18.42, 17.243, 17.541, 19.108, 19.276, 18.359, 17.186, 17.43, 18.266, 18.537, 18.764, 19.083, 19.502, 19.701, 19.838, 20.136, 20.733, 21.275, 21.48, 21.596, 21.535, 21.394, 21.467, 21.651, 21.989, 23.14, 23.909, 24.606, 25.151, 25.159, 25.063, 24.964, 24.396, 24.714, 25.394, 24.92, 24.68, 24.538, 24.531, 25.066, 24.931, 23.914, 23.928, 25.495, 26.942, 27.574, 27.531, 27.208, 26.954, 26.521, 26.487, 26.443, 25.482, 24.324, 23.591, 23.259, 22.917, 22.554, 22.479, 22.426, 22.387, 22.354, 22.041], [7.223, 7.142, 6.707, 5.856, 3.625, 0.0, 3.587, 4.812, 4.538, 5.528, 7.024, 8.285, 8.661, 8.437, 9.65, 10.638, 10.873, 11.542, 12.399, 12.954, 14.206, 16.237, 17.492, 17.698, 16.663, 17.054, 18.619, 18.879, 18.22, 17.479, 18.042, 18.95, 19.243, 19.485, 19.781, 20.184, 20.447, 20.613, 20.9, 21.571, 22.161, 22.303, 22.355, 22.27, 22.103, 22.141, 22.331, 22.612, 23.597, 24.271, 24.911, 25.423, 25.425, 25.337, 25.242, 24.706, 24.949, 25.586, 25.171, 24.957, 24.835, 24.794, 25.242, 25.107, 24.173, 24.225, 25.726, 27.107, 27.687, 27.629, 27.329, 27.123, 26.784, 26.834, 26.825, 25.935, 24.872, 24.19, 23.904, 23.589, 23.217, 23.12, 23.067, 23.044, 22.979, 22.591], [8.978, 8.928, 8.608, 8.102, 6.544, 3.587, 0.0, 1.776, 3.017, 5.589, 7.801, 9.351, 9.706, 8.898, 9.237, 9.958, 10.164, 10.68, 11.33, 11.809, 13.023, 15.072, 16.238, 16.422, 15.66, 16.217, 17.763, 18.162, 17.86, 17.742, 18.772, 19.83, 20.224, 20.564, 20.916, 21.328, 21.688, 21.951, 22.223, 22.897, 23.565, 23.705, 23.681, 23.566, 23.384, 23.394, 23.595, 23.864, 24.663, 25.183, 25.731, 26.21, 26.215, 26.149, 26.061, 25.582, 25.726, 26.27, 25.937, 25.746, 25.656, 25.585, 25.898, 25.734, 24.9, 24.992, 26.348, 27.628, 28.178, 28.119, 27.839, 27.667, 27.41, 27.538, 27.55, 26.763, 25.855, 25.269, 25.056, 24.786, 24.409, 24.271, 24.208, 24.21, 24.095, 23.573], [9.614, 9.56, 9.251, 8.804, 7.396, 4.812, 1.776, 0.0, 2.478, 5.675, 8.107, 9.699, 10.068, 9.16, 9.155, 9.699, 9.863, 10.323, 10.923, 11.351, 12.493, 14.48, 15.625, 15.837, 15.128, 15.759, 17.365, 17.829, 17.617, 17.661, 18.857, 19.996, 20.43, 20.797, 21.175, 21.599, 22.005, 22.318, 22.585, 23.253, 23.951, 24.119, 24.089, 23.966, 23.777, 23.771, 23.976, 24.249, 24.988, 25.454, 25.976, 26.446, 26.433, 26.365, 26.286, 25.813, 25.914, 26.418, 26.104, 25.924, 25.845, 25.765, 26.027, 25.833, 25.032, 25.168, 26.494, 27.741, 28.276, 28.214, 27.937, 27.773, 27.536, 27.677, 27.692, 26.945, 26.084, 25.522, 25.335, 25.088, 24.728, 24.584, 24.513, 24.52, 24.396, 23.85], [9.599, 9.541, 9.089, 8.449, 6.947, 4.538, 3.017, 2.478, 0.0, 3.482, 6.164, 7.862, 8.307, 7.726, 8.376, 9.175, 9.369, 9.96, 10.683, 11.099, 12.327, 14.378, 15.529, 15.762, 14.87, 15.468, 17.183, 17.586, 17.194, 16.942, 17.966, 19.085, 19.496, 19.844, 20.235, 20.671, 21.06, 21.368, 21.671, 22.404, 23.11, 23.295, 23.333, 23.256, 23.072, 23.072, 23.269, 23.53, 24.326, 24.856, 25.423, 25.892, 25.841, 25.755, 25.688, 25.168, 25.305, 25.858, 25.494, 25.288, 25.19, 25.112, 25.412, 25.21, 24.381, 24.548, 25.961, 27.241, 27.76, 27.682, 27.393, 27.221, 26.954, 27.059, 27.06, 26.271, 25.334, 24.704, 24.485, 24.234, 23.883, 23.748, 23.675, 23.671, 23.572, 23.07], [10.308, 10.236, 9.683, 8.833, 7.347, 5.528, 5.589, 5.675, 3.482, 0.0, 3.081, 5.179, 5.912, 6.387, 8.468, 9.667, 9.898, 10.599, 11.408, 11.795, 13.118, 15.203, 16.314, 16.531, 15.465, 15.972, 17.674, 17.966, 17.348, 16.627, 17.273, 18.26, 18.581, 18.841, 19.214, 19.661, 20.006, 20.3, 20.658, 21.456, 22.14, 22.294, 22.372, 22.367, 22.217, 22.236, 22.413, 22.611, 23.456, 24.071, 24.682, 25.131, 25.04, 24.949, 24.899, 24.344, 24.545, 25.169, 24.734, 24.483, 24.357, 24.284, 24.651, 24.457, 23.577, 23.756, 25.287, 26.609, 27.101, 26.999, 26.695, 26.511, 26.199, 26.244, 26.232, 25.393, 24.357, 23.648, 23.377, 23.107, 22.767, 22.655, 22.582, 22.569, 22.524, 22.113], [11.047, 10.973, 10.417, 9.551, 8.249, 7.024, 7.801, 8.107, 6.164, 3.081, 0.0, 2.594, 4.102, 6.239, 9.48, 10.921, 11.143, 11.852, 12.699, 13.093, 14.437, 16.487, 17.617, 17.832, 16.638, 17.098, 18.801, 19.006, 18.168, 16.981, 17.217, 18.033, 18.23, 18.351, 18.639, 19.07, 19.338, 19.57, 19.931, 20.724, 21.353, 21.456, 21.52, 21.523, 21.405, 21.46, 21.614, 21.759, 22.681, 23.401, 24.067, 24.511, 24.403, 24.312, 24.272, 23.708, 23.977, 24.664, 24.173, 23.89, 23.744, 23.673, 24.086, 23.89, 22.966, 23.161, 24.814, 26.182, 26.649, 26.53, 26.222, 26.039, 25.697, 25.7, 25.696, 24.83, 23.729, 22.973, 22.642, 22.345, 22.035, 21.956, 21.879, 21.847, 21.858, 21.571], [11.53, 11.496, 10.924, 10.101, 9.033, 8.285, 9.351, 9.699, 7.862, 5.179, 2.594, 0.0, 2.438, 5.907, 9.788, 11.392, 11.623, 12.352, 13.24, 13.643, 14.983, 17.017, 18.204, 18.435, 17.147, 17.594, 19.332, 19.477, 18.491, 17.001, 16.968, 17.689, 17.829, 17.893, 18.115, 18.496, 18.681, 18.857, 19.214, 19.989, 20.586, 20.677, 20.751, 20.759, 20.662, 20.766, 20.928, 21.095, 22.141, 22.983, 23.724, 24.187, 24.062, 23.961, 23.928, 23.35, 23.685, 24.428, 23.892, 23.585, 23.425, 23.349, 23.777, 23.563, 22.596, 22.803, 24.539, 25.943, 26.415, 26.297, 25.991, 25.804, 25.436, 25.41, 25.409, 24.519, 23.376, 22.58, 22.194, 21.868, 21.582, 21.521, 21.432, 21.373, 21.402, 21.189], [11.662, 11.672, 11.055, 10.22, 9.241, 8.661, 9.706, 10.068, 8.307, 5.912, 4.102, 2.438, 0.0, 4.189, 8.646, 10.464, 10.748, 11.555, 12.506, 12.932, 14.31, 16.365, 17.551, 17.796, 16.472, 16.885, 18.637, 18.775, 17.81, 16.339, 16.327, 17.127, 17.362, 17.521, 17.753, 18.081, 18.207, 18.364, 18.776, 19.578, 20.214, 20.368, 20.482, 20.531, 20.445, 20.584, 20.821, 21.115, 22.28, 23.191, 23.974, 24.456, 24.33, 24.227, 24.196, 23.594, 23.961, 24.737, 24.183, 23.865, 23.706, 23.639, 24.085, 23.865, 22.855, 23.01, 24.709, 26.111, 26.613, 26.524, 26.213, 25.996, 25.569, 25.497, 25.464, 24.528, 23.343, 22.525, 22.131, 21.781, 21.462, 21.388, 21.289, 21.208, 21.18, 20.897], [11.455, 11.493, 10.916, 10.161, 9.177, 8.437, 8.898, 9.16, 7.726, 6.387, 6.239, 5.907, 4.189, 0.0, 4.933, 7.079, 7.493, 8.516, 9.632, 10.15, 11.635, 13.86, 15.136, 15.449, 14.231, 14.706, 16.49, 16.666, 15.889, 14.921, 15.444, 16.547, 17.024, 17.428, 17.727, 17.999, 18.136, 18.358, 18.856, 19.695, 20.47, 20.775, 20.934, 21.008, 20.914, 21.063, 21.421, 22.002, 23.339, 24.256, 25.045, 25.545, 25.429, 25.324, 25.254, 24.589, 24.903, 25.666, 25.132, 24.819, 24.679, 24.619, 25.043, 24.799, 23.749, 23.783, 25.313, 26.696, 27.296, 27.279, 26.963, 26.688, 26.21, 26.143, 26.052, 25.05, 23.862, 23.065, 22.73, 22.354, 21.908, 21.759, 21.655, 21.576, 21.39, 20.813], [12.251, 12.293, 11.845, 11.262, 10.423, 9.65, 9.237, 9.155, 8.376, 8.468, 9.48, 9.788, 8.646, 4.933, 0.0, 2.498, 3.306, 4.847, 6.331, 6.986, 8.441, 10.774, 12.247, 12.727, 11.797, 12.574, 14.508, 14.786, 14.282, 14.067, 15.303, 16.706, 17.385, 17.994, 18.379, 18.618, 18.853, 19.215, 19.753, 20.581, 21.481, 21.946, 22.146, 22.213, 22.091, 22.212, 22.629, 23.442, 24.87, 25.721, 26.478, 26.993, 26.881, 26.763, 26.65, 25.944, 26.165, 26.855, 26.366, 26.064, 25.954, 25.894, 26.246, 25.964, 24.944, 24.912, 26.256, 27.601, 28.29, 28.332, 28.014, 27.704, 27.241, 27.243, 27.11, 26.101, 24.986, 24.254, 24.007, 23.637, 23.094, 22.866, 22.762, 22.704, 22.374, 21.525], [12.974, 13.008, 12.625, 12.109, 11.354, 10.638, 9.958, 9.699, 9.175, 9.667, 10.921, 11.392, 10.464, 7.079, 2.498, 0.0, 1.451, 3.516, 5.237, 5.969, 7.322, 9.621, 11.161, 11.733, 10.984, 11.966, 13.982, 14.338, 13.972, 14.077, 15.586, 17.081, 17.804, 18.453, 18.888, 19.145, 19.435, 19.854, 20.399, 21.224, 22.151, 22.669, 22.876, 22.936, 22.8, 22.888, 23.3, 24.149, 25.564, 26.381, 27.107, 27.617, 27.507, 27.385, 27.264, 26.559, 26.739, 27.377, 26.907, 26.618, 26.526, 26.464, 26.771, 26.467, 25.486, 25.454, 26.712, 28.016, 28.712, 28.761, 28.44, 28.122, 27.676, 27.704, 27.555, 26.557, 25.492, 24.804, 24.609, 24.265, 23.705, 23.449, 23.345, 23.297, 22.93, 22.002], [13.147, 13.179, 12.815, 12.308, 11.563, 10.873, 10.164, 9.863, 9.369, 9.898, 11.143, 11.623, 10.748, 7.493, 3.306, 1.451, 0.0, 2.481, 4.52, 5.391, 6.797, 9.18, 10.794, 11.404, 10.674, 11.708, 13.774, 14.175, 13.849, 14.032, 15.63, 17.168, 17.897, 18.536, 18.98, 19.247, 19.546, 19.975, 20.52, 21.342, 22.276, 22.801, 23.0, 23.052, 22.913, 22.999, 23.411, 24.26, 25.679, 26.508, 27.242, 27.755, 27.645, 27.529, 27.412, 26.706, 26.873, 27.496, 27.035, 26.753, 26.657, 26.586, 26.869, 26.549, 25.576, 25.551, 26.795, 28.08, 28.76, 28.804, 28.482, 28.163, 27.719, 27.755, 27.605, 26.614, 25.565, 24.897, 24.72, 24.383, 23.819, 23.555, 23.45, 23.394, 23.013, 22.072], [13.815, 13.84, 13.513, 13.026, 12.281, 11.542, 10.68, 10.323, 9.96, 10.599, 11.852, 12.352, 11.555, 8.516, 4.847, 3.516, 2.481, 0.0, 2.476, 3.773, 5.506, 8.241, 9.925, 10.527, 9.991, 11.284, 13.386, 13.868, 13.721, 14.135, 15.878, 17.48, 18.254, 18.896, 19.367, 19.662, 19.982, 20.441, 21.021, 21.863, 22.796, 23.306, 23.48, 23.52, 23.389, 23.484, 23.897, 24.73, 26.108, 26.914, 27.648, 28.176, 28.075, 27.961, 27.853, 27.182, 27.331, 27.926, 27.497, 27.216, 27.108, 27.027, 27.28, 26.963, 26.017, 25.991, 27.196, 28.456, 29.127, 29.168, 28.857, 28.552, 28.134, 28.183, 28.035, 27.075, 26.053, 25.414, 25.252, 24.915, 24.349, 24.084, 23.982, 23.911, 23.505, 22.547], [14.755, 14.772, 14.464, 14.013, 13.272, 12.399, 11.33, 10.923, 10.683, 11.408, 12.699, 13.24, 12.506, 9.632, 6.331, 5.237, 4.52, 2.476, 0.0, 1.934, 4.39, 7.542, 9.139, 9.64, 9.481, 11.039, 13.041, 13.595, 13.727, 14.448, 16.315, 17.948, 18.767, 19.428, 19.913, 20.223, 20.592, 21.098, 21.717, 22.588, 23.512, 23.993, 24.129, 24.155, 24.027, 24.122, 24.536, 25.327, 26.602, 27.358, 28.062, 28.582, 28.499, 28.396, 28.302, 27.678, 27.811, 28.382, 27.984, 27.702, 27.587, 27.497, 27.722, 27.408, 26.492, 26.47, 27.633, 28.853, 29.506, 29.55, 29.255, 28.968, 28.575, 28.636, 28.501, 27.575, 26.587, 25.981, 25.829, 25.5, 24.94, 24.667, 24.564, 24.494, 24.082, 23.104], [15.367, 15.383, 15.054, 14.595, 13.87, 12.954, 11.809, 11.351, 11.099, 11.795, 13.093, 13.643, 12.932, 10.15, 6.986, 5.969, 5.391, 3.773, 1.934, 0.0, 3.126, 6.69, 8.278, 8.765, 8.781, 10.61, 12.714, 13.34, 13.573, 14.387, 16.281, 17.909, 18.755, 19.459, 19.988, 20.315, 20.736, 21.296, 21.931, 22.811, 23.745, 24.23, 24.358, 24.386, 24.251, 24.326, 24.743, 25.515, 26.723, 27.43, 28.102, 28.61, 28.525, 28.44, 28.374, 27.77, 27.867, 28.418, 28.046, 27.767, 27.651, 27.553, 27.745, 27.416, 26.548, 26.58, 27.748, 28.94, 29.562, 29.597, 29.311, 29.045, 28.678, 28.748, 28.616, 27.714, 26.76, 26.178, 26.042, 25.73, 25.182, 24.902, 24.791, 24.729, 24.329, 23.336], [16.293, 16.303, 15.994, 15.595, 15.0, 14.206, 13.023, 12.493, 12.327, 13.118, 14.437, 14.983, 14.31, 11.635, 8.441, 7.322, 6.797, 5.506, 4.39, 3.126, 0.0, 4.086, 6.224, 6.942, 7.152, 9.588, 12.036, 12.807, 13.076, 14.012, 16.07, 17.768, 18.664, 19.44, 20.051, 20.441, 20.953, 21.576, 22.182, 23.023, 23.984, 24.516, 24.648, 24.661, 24.502, 24.541, 24.974, 25.78, 26.937, 27.556, 28.183, 28.696, 28.615, 28.545, 28.507, 27.922, 27.958, 28.476, 28.145, 27.883, 27.78, 27.677, 27.821, 27.467, 26.667, 26.766, 27.917, 29.073, 29.661, 29.682, 29.407, 29.161, 28.838, 28.941, 28.809, 27.954, 27.079, 26.562, 26.463, 26.175, 25.653, 25.375, 25.259, 25.219, 24.846, 23.815], [17.917, 17.92, 17.61, 17.284, 16.864, 16.237, 15.072, 14.48, 14.378, 15.203, 16.487, 17.017, 16.365, 13.86, 10.774, 9.621, 9.18, 8.241, 7.542, 6.69, 4.086, 0.0, 3.277, 4.818, 5.367, 8.575, 11.418, 12.321, 12.609, 13.708, 15.998, 17.816, 18.778, 19.613, 20.255, 20.671, 21.326, 22.032, 22.552, 23.319, 24.311, 24.925, 25.094, 25.098, 24.909, 24.899, 25.355, 26.189, 27.21, 27.678, 28.237, 28.743, 28.679, 28.628, 28.598, 28.039, 27.999, 28.473, 28.197, 27.955, 27.877, 27.79, 27.907, 27.538, 26.816, 26.975, 28.055, 29.147, 29.685, 29.692, 29.437, 29.212, 28.926, 29.049, 28.928, 28.145, 27.378, 26.966, 26.925, 26.676, 26.19, 25.915, 25.803, 25.802, 25.467, 24.407], [19.236, 19.236, 18.883, 18.548, 18.169, 17.492, 16.238, 15.625, 15.529, 16.314, 17.617, 18.204, 17.551, 15.136, 12.247, 11.161, 10.794, 9.925, 9.139, 8.278, 6.224, 3.277, 0.0, 2.467, 4.594, 8.412, 11.212, 12.154, 12.684, 14.045, 16.359, 18.138, 19.137, 20.051, 20.752, 21.161, 21.9, 22.689, 23.234, 24.039, 25.042, 25.674, 25.876, 25.913, 25.729, 25.701, 26.145, 26.88, 27.694, 28.064, 28.577, 29.042, 28.963, 28.925, 28.916, 28.401, 28.351, 28.82, 28.577, 28.338, 28.268, 28.201, 28.305, 27.935, 27.268, 27.446, 28.42, 29.421, 29.913, 29.914, 29.675, 29.465, 29.198, 29.311, 29.185, 28.437, 27.73, 27.375, 27.377, 27.168, 26.702, 26.418, 26.309, 26.327, 25.992, 24.909], [19.517, 19.522, 19.159, 18.803, 18.42, 17.698, 16.422, 15.837, 15.762, 16.531, 17.832, 18.435, 17.796, 15.449, 12.727, 11.733, 11.404, 10.527, 9.64, 8.765, 6.942, 4.818, 2.467, 0.0, 4.071, 8.534, 11.218, 12.141, 12.807, 14.246, 16.486, 18.17, 19.172, 20.14, 20.896, 21.306, 22.052, 22.859, 23.44, 24.278, 25.262, 25.861, 26.059, 26.115, 25.943, 25.922, 26.35, 27.032, 27.805, 28.194, 28.717, 29.169, 29.08, 29.045, 29.055, 28.57, 28.567, 29.061, 28.817, 28.584, 28.516, 28.456, 28.571, 28.213, 27.537, 27.676, 28.594, 29.561, 30.051, 30.064, 29.831, 29.618, 29.36, 29.466, 29.327, 28.589, 27.892, 27.53, 27.526, 27.324, 26.874, 26.598, 26.487, 26.499, 26.165, 25.097], [18.433, 18.428, 18.025, 17.614, 17.243, 16.663, 15.66, 15.128, 14.87, 15.465, 16.638, 17.147, 16.472, 14.231, 11.797, 10.984, 10.674, 9.991, 9.481, 8.781, 7.152, 5.367, 4.594, 4.071, 0.0, 5.552, 9.25, 10.204, 10.562, 11.847, 14.357, 16.293, 17.387, 18.416, 19.222, 19.678, 20.407, 21.143, 21.687, 22.553, 23.558, 24.226, 24.522, 24.617, 24.438, 24.403, 24.829, 25.602, 26.572, 27.028, 27.597, 28.102, 28.013, 27.968, 27.957, 27.386, 27.408, 27.944, 27.674, 27.454, 27.364, 27.324, 27.517, 27.182, 26.43, 26.545, 27.585, 28.646, 29.161, 29.165, 28.911, 28.684, 28.382, 28.436, 28.276, 27.476, 26.692, 26.29, 26.273, 26.032, 25.563, 25.312, 25.201, 25.201, 24.904, 23.876], [18.72, 18.668, 18.272, 17.901, 17.541, 17.054, 16.217, 15.759, 15.468, 15.972, 17.098, 17.594, 16.885, 14.706, 12.574, 11.966, 11.708, 11.284, 11.039, 10.61, 9.588, 8.575, 8.412, 8.534, 5.552, 0.0, 4.904, 6.376, 7.092, 9.519, 13.158, 15.672, 16.94, 17.994, 18.766, 19.257, 19.97, 20.641, 21.191, 22.086, 23.122, 23.874, 24.252, 24.369, 24.174, 24.13, 24.558, 25.374, 26.415, 26.882, 27.461, 27.994, 27.946, 27.905, 27.853, 27.222, 27.294, 27.872, 27.598, 27.413, 27.286, 27.289, 27.577, 27.254, 26.373, 26.394, 27.468, 28.565, 29.107, 29.111, 28.828, 28.586, 28.224, 28.19, 28.004, 27.111, 26.217, 25.804, 25.807, 25.544, 25.017, 24.757, 24.65, 24.642, 24.342, 23.305], [20.189, 20.113, 19.777, 19.468, 19.108, 18.619, 17.763, 17.365, 17.183, 17.674, 18.801, 19.332, 18.637, 16.49, 14.508, 13.982, 13.774, 13.386, 13.041, 12.714, 12.036, 11.418, 11.212, 11.218, 9.25, 4.904, 0.0, 2.756, 5.357, 9.456, 13.842, 16.595, 17.952, 18.975, 19.668, 20.15, 20.86, 21.548, 22.165, 23.057, 24.066, 24.789, 25.149, 25.279, 25.099, 25.074, 25.515, 26.312, 27.287, 27.751, 28.33, 28.855, 28.849, 28.825, 28.754, 28.13, 28.253, 28.85, 28.576, 28.405, 28.268, 28.282, 28.591, 28.278, 27.333, 27.233, 28.192, 29.248, 29.812, 29.837, 29.542, 29.277, 28.886, 28.814, 28.605, 27.688, 26.778, 26.376, 26.402, 26.153, 25.603, 25.325, 25.223, 25.216, 24.881, 23.808], [20.336, 20.262, 19.931, 19.613, 19.276, 18.879, 18.162, 17.829, 17.586, 17.966, 19.006, 19.477, 18.775, 16.666, 14.786, 14.338, 14.175, 13.868, 13.595, 13.34, 12.807, 12.321, 12.154, 12.141, 10.204, 6.376, 2.756, 0.0, 3.595, 8.406, 13.13, 16.018, 17.447, 18.527, 19.213, 19.669, 20.362, 21.055, 21.697, 22.62, 23.63, 24.368, 24.785, 24.961, 24.792, 24.772, 25.221, 26.053, 27.065, 27.56, 28.165, 28.693, 28.692, 28.667, 28.582, 27.914, 28.062, 28.693, 28.395, 28.222, 28.079, 28.101, 28.44, 28.132, 27.151, 26.995, 27.951, 29.048, 29.654, 29.694, 29.395, 29.111, 28.689, 28.6, 28.385, 27.447, 26.505, 26.087, 26.103, 25.838, 25.284, 25.008, 24.905, 24.899, 24.562, 23.498], [19.406, 19.328, 18.978, 18.621, 18.359, 18.22, 17.86, 17.617, 17.194, 17.348, 18.168, 18.491, 17.81, 15.889, 14.282, 13.972, 13.849, 13.721, 13.727, 13.573, 13.076, 12.609, 12.684, 12.807, 10.562, 7.092, 5.357, 3.595, 0.0, 5.398, 10.722, 13.905, 15.425, 16.57, 17.29, 17.752, 18.43, 19.119, 19.74, 20.677, 21.711, 22.515, 23.03, 23.253, 23.076, 23.036, 23.493, 24.407, 25.571, 26.137, 26.788, 27.337, 27.329, 27.298, 27.2, 26.461, 26.634, 27.321, 26.984, 26.826, 26.682, 26.71, 27.13, 26.85, 25.845, 25.68, 26.735, 27.926, 28.56, 28.592, 28.285, 27.998, 27.553, 27.449, 27.246, 26.273, 25.257, 24.8, 24.785, 24.498, 23.959, 23.702, 23.596, 23.582, 23.294, 22.304], [18.247, 18.157, 17.769, 17.324, 17.186, 17.479, 17.742, 17.661, 16.942, 16.627, 16.981, 17.001, 16.339, 14.921, 14.067, 14.077, 14.032, 14.135, 14.448, 14.387, 14.012, 13.708, 14.045, 14.246, 11.847, 9.519, 9.456, 8.406, 5.398, 0.0, 5.941, 9.673, 11.457, 12.763, 13.594, 14.117, 14.755, 15.455, 16.158, 17.152, 18.19, 19.136, 19.866, 20.225, 20.071, 20.003, 20.452, 21.489, 22.97, 23.727, 24.492, 25.088, 25.048, 25.004, 24.918, 24.095, 24.369, 25.155, 24.722, 24.555, 24.415, 24.461, 25.01, 24.825, 23.845, 23.701, 24.904, 26.23, 26.887, 26.903, 26.592, 26.302, 25.788, 25.616, 25.41, 24.373, 23.237, 22.692, 22.608, 22.304, 21.85, 21.667, 21.564, 21.525, 21.339, 20.549], [18.417, 18.319, 17.907, 17.415, 17.43, 18.042, 18.772, 18.857, 17.966, 17.273, 17.217, 16.968, 16.327, 15.444, 15.303, 15.586, 15.63, 15.878, 16.315, 16.281, 16.07, 15.998, 16.359, 16.486, 14.357, 13.158, 13.842, 13.13, 10.722, 5.941, 0.0, 4.309, 6.767, 8.709, 9.96, 10.583, 11.134, 11.959, 13.056, 14.25, 15.289, 16.459, 17.538, 18.144, 18.067, 17.974, 18.383, 19.506, 21.247, 22.224, 23.12, 23.736, 23.619, 23.569, 23.551, 22.703, 23.107, 23.966, 23.433, 23.242, 23.132, 23.247, 23.917, 23.851, 23.011, 22.961, 24.24, 25.625, 26.306, 26.327, 26.015, 25.728, 25.127, 24.824, 24.567, 23.486, 22.251, 21.6, 21.453, 21.167, 20.84, 20.751, 20.664, 20.596, 20.475, 19.919], [19.191, 19.083, 18.675, 18.193, 18.266, 18.95, 19.83, 19.996, 19.085, 18.26, 18.033, 17.689, 17.127, 16.547, 16.706, 17.081, 17.168, 17.48, 17.948, 17.909, 17.768, 17.816, 18.138, 18.17, 16.293, 15.672, 16.595, 16.018, 13.905, 9.673, 4.309, 0.0, 3.237, 6.097, 7.849, 8.587, 9.152, 10.181, 11.638, 12.993, 14.03, 15.324, 16.618, 17.376, 17.367, 17.252, 17.614, 18.734, 20.555, 21.663, 22.64, 23.243, 23.038, 22.992, 23.041, 22.197, 22.643, 23.504, 22.931, 22.771, 22.736, 22.907, 23.615, 23.583, 22.856, 22.947, 24.272, 25.649, 26.334, 26.368, 26.053, 25.772, 25.159, 24.799, 24.498, 23.423, 22.18, 21.487, 21.322, 21.064, 20.813, 20.764, 20.688, 20.605, 20.493, 20.073], [19.435, 19.32, 18.935, 18.471, 18.537, 19.243, 20.224, 20.43, 19.496, 18.581, 18.23, 17.829, 17.362, 17.024, 17.385, 17.804, 17.897, 18.254, 18.767, 18.755, 18.664, 18.778, 19.137, 19.172, 17.387, 16.94, 17.952, 17.447, 15.425, 11.457, 6.767, 3.237, 0.0, 3.397, 5.657, 6.699, 7.427, 8.666, 10.341, 11.782, 12.818, 14.202, 15.635, 16.456, 16.465, 16.348, 16.679, 17.768, 19.656, 20.871, 21.924, 22.544, 22.299, 22.255, 22.34, 21.481, 21.958, 22.846, 22.246, 22.108, 22.128, 22.342, 23.096, 23.058, 22.318, 22.5, 23.967, 25.4, 26.091, 26.122, 25.797, 25.505, 24.901, 24.546, 24.237, 23.154, 21.89, 21.159, 20.959, 20.695, 20.465, 20.434, 20.364, 20.269, 20.18, 19.868], [19.607, 19.487, 19.151, 18.729, 18.764, 19.485, 20.564, 20.797, 19.844, 18.841, 18.351, 17.893, 17.521, 17.428, 17.994, 18.453, 18.536, 18.896, 19.428, 19.459, 19.44, 19.613, 20.051, 20.14, 18.416, 17.994, 18.975, 18.527, 16.57, 12.763, 8.709, 6.097, 3.397, 0.0, 3.015, 4.852, 5.897, 7.294, 9.055, 10.539, 11.528, 12.986, 14.548, 15.399, 15.393, 15.27, 15.579, 16.625, 18.576, 19.879, 20.994, 21.661, 21.425, 21.384, 21.478, 20.598, 21.11, 22.033, 21.401, 21.242, 21.275, 21.545, 22.389, 22.368, 21.584, 21.81, 23.46, 25.01, 25.715, 25.729, 25.394, 25.101, 24.51, 24.173, 23.873, 22.777, 21.471, 20.69, 20.436, 20.144, 19.928, 19.921, 19.859, 19.758, 19.721, 19.539], [19.845, 19.745, 19.442, 19.091, 19.083, 19.781, 20.916, 21.175, 20.235, 19.214, 18.639, 18.115, 17.753, 17.727, 18.379, 18.888, 18.98, 19.367, 19.913, 19.988, 20.051, 20.255, 20.752, 20.896, 19.222, 18.766, 19.668, 19.213, 17.29, 13.594, 9.96, 7.849, 5.657, 3.015, 0.0, 2.682, 4.364, 5.851, 7.528, 9.027, 10.054, 11.624, 13.35, 14.232, 14.195, 14.075, 14.443, 15.613, 17.739, 19.148, 20.314, 20.983, 20.763, 20.717, 20.757, 19.802, 20.352, 21.325, 20.652, 20.48, 20.512, 20.799, 21.716, 21.719, 20.881, 21.065, 22.786, 24.417, 25.163, 25.193, 24.854, 24.556, 23.982, 23.68, 23.411, 22.309, 20.963, 20.151, 19.866, 19.547, 19.322, 19.324, 19.268, 19.157, 19.127, 19.024], [20.211, 20.168, 19.863, 19.522, 19.502, 20.184, 21.328, 21.599, 20.671, 19.661, 19.07, 18.496, 18.081, 17.999, 18.618, 19.145, 19.247, 19.662, 20.223, 20.315, 20.441, 20.671, 21.161, 21.306, 19.678, 19.257, 20.15, 19.669, 17.752, 14.117, 10.583, 8.587, 6.699, 4.852, 2.682, 0.0, 2.542, 4.575, 6.451, 8.005, 9.097, 10.856, 12.796, 13.78, 13.751, 13.668, 14.122, 15.513, 17.87, 19.412, 20.656, 21.323, 21.093, 21.041, 21.037, 20.0, 20.565, 21.571, 20.86, 20.703, 20.762, 21.029, 21.939, 21.946, 21.075, 21.202, 22.901, 24.529, 25.303, 25.367, 25.02, 24.704, 24.113, 23.805, 23.539, 22.418, 21.046, 20.211, 19.911, 19.575, 19.329, 19.327, 19.273, 19.145, 19.051, 18.951], [20.367, 20.351, 20.06, 19.705, 19.701, 20.447, 21.688, 22.005, 21.06, 20.006, 19.338, 18.681, 18.207, 18.136, 18.853, 19.435, 19.546, 19.982, 20.592, 20.736, 20.953, 21.326, 21.9, 22.052, 20.407, 19.97, 20.86, 20.362, 18.43, 14.755, 11.134, 9.152, 7.427, 5.897, 4.364, 2.542, 0.0, 2.888, 5.618, 7.353, 8.493, 10.364, 12.395, 13.443, 13.477, 13.509, 14.03, 15.603, 18.282, 20.052, 21.423, 22.141, 21.914, 21.844, 21.832, 20.762, 21.388, 22.425, 21.663, 21.489, 21.526, 21.771, 22.686, 22.703, 21.762, 21.832, 23.572, 25.233, 26.032, 26.106, 25.746, 25.394, 24.748, 24.392, 24.088, 22.888, 21.426, 20.522, 20.171, 19.775, 19.498, 19.507, 19.452, 19.259, 19.093, 18.998], [20.392, 20.378, 20.111, 19.811, 19.838, 20.613, 21.951, 22.318, 21.368, 20.3, 19.57, 18.857, 18.364, 18.358, 19.215, 19.854, 19.975, 20.441, 21.098, 21.296, 21.576, 22.032, 22.689, 22.859, 21.143, 20.641, 21.548, 21.055, 19.119, 15.455, 11.959, 10.181, 8.666, 7.294, 5.851, 4.575, 2.888, 0.0, 3.668, 5.983, 7.274, 9.301, 11.524, 12.628, 12.663, 12.773, 13.368, 15.11, 18.11, 20.055, 21.499, 22.259, 22.059, 21.981, 21.929, 20.817, 21.524, 22.608, 21.82, 21.661, 21.684, 21.943, 22.896, 22.94, 21.933, 21.905, 23.683, 25.417, 26.264, 26.354, 25.989, 25.624, 24.974, 24.613, 24.282, 23.031, 21.518, 20.559, 20.162, 19.692, 19.362, 19.382, 19.325, 19.092, 18.892, 18.795], [20.508, 20.507, 20.271, 20.05, 20.136, 20.9, 22.223, 22.585, 21.671, 20.658, 19.931, 19.214, 18.776, 18.856, 19.753, 20.399, 20.52, 21.021, 21.717, 21.931, 22.182, 22.552, 23.234, 23.44, 21.687, 21.191, 22.165, 21.697, 19.74, 16.158, 13.056, 11.638, 10.341, 9.055, 7.528, 6.451, 5.618, 3.668, 0.0, 3.204, 4.961, 6.987, 9.58, 10.829, 10.769, 10.817, 11.54, 13.503, 16.762, 18.802, 20.292, 21.069, 20.909, 20.857, 20.755, 19.604, 20.325, 21.453, 20.689, 20.621, 20.701, 20.964, 21.911, 21.972, 20.964, 20.865, 22.667, 24.51, 25.422, 25.513, 25.151, 24.819, 24.304, 24.048, 23.766, 22.622, 21.216, 20.306, 19.921, 19.446, 19.119, 19.149, 19.084, 18.859, 18.708, 18.667], [20.959, 20.967, 20.759, 20.579, 20.733, 21.571, 22.897, 23.253, 22.404, 21.456, 20.724, 19.989, 19.578, 19.695, 20.581, 21.224, 21.342, 21.863, 22.588, 22.811, 23.023, 23.319, 24.039, 24.278, 22.553, 22.086, 23.057, 22.62, 20.677, 17.152, 14.25, 12.993, 11.782, 10.539, 9.027, 8.005, 7.353, 5.983, 3.204, 0.0, 2.522, 5.121, 8.019, 9.365, 9.29, 9.371, 10.249, 12.527, 16.083, 18.215, 19.742, 20.531, 20.404, 20.386, 20.27, 19.144, 19.893, 21.047, 20.311, 20.31, 20.434, 20.681, 21.615, 21.704, 20.715, 20.579, 22.357, 24.228, 25.175, 25.274, 24.921, 24.599, 24.135, 23.945, 23.71, 22.645, 21.345, 20.512, 20.132, 19.673, 19.406, 19.467, 19.399, 19.173, 19.074, 19.125], [21.472, 21.481, 21.288, 21.111, 21.275, 22.161, 23.565, 23.951, 23.11, 22.14, 21.353, 20.586, 20.214, 20.47, 21.481, 22.151, 22.276, 22.796, 23.512, 23.745, 23.984, 24.311, 25.042, 25.262, 23.558, 23.122, 24.066, 23.63, 21.711, 18.19, 15.289, 14.03, 12.818, 11.528, 10.054, 9.097, 8.493, 7.274, 4.961, 2.522, 0.0, 3.815, 7.276, 8.773, 8.754, 8.823, 9.622, 11.897, 15.575, 17.794, 19.364, 20.178, 20.062, 20.043, 19.94, 18.868, 19.709, 20.906, 20.168, 20.195, 20.342, 20.614, 21.584, 21.726, 20.772, 20.619, 22.392, 24.284, 25.237, 25.335, 24.998, 24.704, 24.262, 24.068, 23.855, 22.82, 21.532, 20.712, 20.311, 19.858, 19.667, 19.775, 19.717, 19.481, 19.425, 19.606], [21.63, 21.656, 21.505, 21.356, 21.48, 22.303, 23.705, 24.119, 23.295, 22.294, 21.456, 20.677, 20.368, 20.775, 21.946, 22.669, 22.801, 23.306, 23.993, 24.23, 24.516, 24.925, 25.674, 25.861, 24.226, 23.874, 24.789, 24.368, 22.515, 19.136, 16.459, 15.324, 14.202, 12.986, 11.624, 10.856, 10.364, 9.301, 6.987, 5.121, 3.815, 0.0, 4.222, 6.392, 6.571, 6.738, 7.682, 9.951, 13.788, 16.223, 17.935, 18.771, 18.672, 18.681, 18.588, 17.581, 18.518, 19.839, 19.114, 19.21, 19.426, 19.641, 20.574, 20.745, 19.806, 19.59, 21.342, 23.303, 24.308, 24.412, 24.092, 23.827, 23.513, 23.447, 23.313, 22.435, 21.277, 20.507, 20.104, 19.66, 19.531, 19.675, 19.621, 19.411, 19.433, 19.742], [21.671, 21.707, 21.6, 21.487, 21.596, 22.355, 23.681, 24.089, 23.333, 22.372, 21.52, 20.751, 20.482, 20.934, 22.146, 22.876, 23.0, 23.48, 24.129, 24.358, 24.648, 25.094, 25.876, 26.059, 24.522, 24.252, 25.149, 24.785, 23.03, 19.866, 17.538, 16.618, 15.635, 14.548, 13.35, 12.796, 12.395, 11.524, 9.58, 8.019, 7.276, 4.222, 0.0, 3.069, 3.956, 4.578, 5.848, 8.29, 12.356, 14.962, 16.778, 17.657, 17.617, 17.681, 17.584, 16.668, 17.606, 18.987, 18.331, 18.468, 18.73, 18.83, 19.629, 19.782, 18.842, 18.609, 20.343, 22.272, 23.273, 23.396, 23.103, 22.859, 22.697, 22.85, 22.814, 22.094, 21.182, 20.56, 20.171, 19.722, 19.607, 19.749, 19.687, 19.495, 19.562, 19.891], [21.546, 21.583, 21.491, 21.417, 21.535, 22.27, 23.566, 23.966, 23.256, 22.367, 21.523, 20.759, 20.531, 21.008, 22.213, 22.936, 23.052, 23.52, 24.155, 24.386, 24.661, 25.098, 25.913, 26.115, 24.617, 24.369, 25.279, 24.961, 23.253, 20.225, 18.144, 17.376, 16.456, 15.399, 14.232, 13.78, 13.443, 12.628, 10.829, 9.365, 8.773, 6.392, 3.069, 0.0, 1.749, 3.09, 4.524, 7.205, 11.589, 14.291, 16.157, 17.11, 17.18, 17.28, 17.174, 16.339, 17.23, 18.592, 18.02, 18.211, 18.474, 18.542, 19.278, 19.382, 18.438, 18.278, 20.144, 22.081, 23.032, 23.128, 22.856, 22.664, 22.614, 22.911, 22.967, 22.285, 21.455, 20.927, 20.551, 20.108, 19.993, 20.117, 20.044, 19.86, 19.954, 20.253], [21.387, 21.428, 21.333, 21.276, 21.394, 22.103, 23.384, 23.777, 23.072, 22.217, 21.405, 20.662, 20.445, 20.914, 22.091, 22.8, 22.913, 23.389, 24.027, 24.251, 24.502, 24.909, 25.729, 25.943, 24.438, 24.174, 25.099, 24.792, 23.076, 20.071, 18.067, 17.367, 16.465, 15.393, 14.195, 13.751, 13.477, 12.663, 10.769, 9.29, 8.754, 6.571, 3.956, 1.749, 0.0, 2.045, 3.928, 6.794, 11.292, 13.983, 15.844, 16.813, 16.941, 17.055, 16.939, 16.112, 16.97, 18.326, 17.783, 18.018, 18.277, 18.364, 19.135, 19.226, 18.28, 18.148, 20.106, 22.106, 23.052, 23.114, 22.842, 22.678, 22.662, 22.983, 23.068, 22.385, 21.524, 20.998, 20.645, 20.224, 20.103, 20.215, 20.135, 19.953, 20.064, 20.348], [21.46, 21.508, 21.418, 21.36, 21.467, 22.141, 23.394, 23.771, 23.072, 22.236, 21.46, 20.766, 20.584, 21.063, 22.212, 22.888, 22.999, 23.484, 24.122, 24.326, 24.541, 24.899, 25.701, 25.922, 24.403, 24.13, 25.074, 24.772, 23.036, 20.003, 17.974, 17.252, 16.348, 15.27, 14.075, 13.668, 13.509, 12.773, 10.817, 9.371, 8.823, 6.738, 4.578, 3.09, 2.045, 0.0, 2.545, 5.879, 10.528, 13.234, 15.087, 16.043, 16.193, 16.334, 16.227, 15.406, 16.221, 17.564, 17.036, 17.335, 17.624, 17.717, 18.521, 18.64, 17.76, 17.681, 19.667, 21.688, 22.618, 22.656, 22.39, 22.25, 22.259, 22.607, 22.724, 22.078, 21.259, 20.785, 20.483, 20.121, 20.028, 20.136, 20.059, 19.902, 20.047, 20.342], [21.621, 21.671, 21.593, 21.535, 21.651, 22.331, 23.595, 23.976, 23.269, 22.413, 21.614, 20.928, 20.821, 21.421, 22.629, 23.3, 23.411, 23.897, 24.536, 24.743, 24.974, 25.355, 26.145, 26.35, 24.829, 24.558, 25.515, 25.221, 23.493, 20.452, 18.383, 17.614, 16.679, 15.579, 14.443, 14.122, 14.03, 13.368, 11.54, 10.249, 9.622, 7.682, 5.848, 4.524, 3.928, 2.545, 0.0, 4.067, 9.324, 12.261, 14.206, 15.217, 15.431, 15.6, 15.519, 14.783, 15.651, 16.987, 16.468, 16.81, 17.11, 17.215, 18.042, 18.2, 17.38, 17.35, 19.384, 21.409, 22.311, 22.325, 22.073, 21.968, 22.017, 22.417, 22.586, 21.975, 21.189, 20.766, 20.48, 20.148, 20.105, 20.223, 20.15, 20.019, 20.209, 20.546], [21.981, 22.02, 21.948, 21.894, 21.989, 22.612, 23.864, 24.249, 23.53, 22.611, 21.759, 21.095, 21.115, 22.002, 23.442, 24.149, 24.26, 24.73, 25.327, 25.515, 25.78, 26.189, 26.88, 27.032, 25.602, 25.374, 26.312, 26.053, 24.407, 21.489, 19.506, 18.734, 17.768, 16.625, 15.613, 15.513, 15.603, 15.11, 13.503, 12.527, 11.897, 9.951, 8.29, 7.205, 6.794, 5.879, 4.067, 0.0, 5.938, 9.507, 11.764, 12.898, 13.274, 13.557, 13.593, 13.2, 14.171, 15.511, 15.092, 15.552, 15.931, 16.053, 16.867, 17.1, 16.433, 16.554, 18.744, 20.788, 21.592, 21.523, 21.295, 21.292, 21.5, 22.013, 22.313, 21.867, 21.185, 20.839, 20.571, 20.302, 20.368, 20.512, 20.448, 20.384, 20.711, 21.187], [23.165, 23.184, 23.12, 23.093, 23.14, 23.597, 24.663, 24.988, 24.326, 23.456, 22.681, 22.141, 22.28, 23.339, 24.87, 25.564, 25.679, 26.108, 26.602, 26.723, 26.937, 27.21, 27.694, 27.805, 26.572, 26.415, 27.287, 27.065, 25.571, 22.97, 21.247, 20.555, 19.656, 18.576, 17.739, 17.87, 18.282, 18.11, 16.762, 16.083, 15.575, 13.788, 12.356, 11.589, 11.292, 10.528, 9.324, 5.938, 0.0, 4.598, 7.536, 8.909, 9.572, 10.129, 10.415, 10.686, 11.618, 12.889, 12.781, 13.464, 14.031, 14.189, 14.928, 15.335, 15.12, 15.613, 17.88, 19.818, 20.423, 20.223, 20.041, 20.227, 20.727, 21.418, 21.908, 21.816, 21.448, 21.292, 21.111, 21.003, 21.241, 21.403, 21.378, 21.49, 22.006, 22.595], [23.918, 23.918, 23.868, 23.869, 23.909, 24.271, 25.183, 25.454, 24.856, 24.071, 23.401, 22.983, 23.191, 24.256, 25.721, 26.381, 26.508, 26.914, 27.358, 27.43, 27.556, 27.678, 28.064, 28.194, 27.028, 26.882, 27.751, 27.56, 26.137, 23.727, 22.224, 21.663, 20.871, 19.879, 19.148, 19.412, 20.052, 20.055, 18.802, 18.215, 17.794, 16.223, 14.962, 14.291, 13.983, 13.234, 12.261, 9.507, 4.598, 0.0, 3.473, 5.363, 6.562, 7.48, 7.89, 8.683, 9.377, 10.554, 10.797, 11.615, 12.302, 12.582, 13.334, 13.866, 14.028, 14.822, 17.078, 18.905, 19.392, 19.12, 18.988, 19.353, 20.11, 20.98, 21.601, 21.758, 21.655, 21.664, 21.566, 21.555, 21.883, 22.056, 22.071, 22.356, 23.015, 23.631], [24.614, 24.595, 24.557, 24.575, 24.606, 24.911, 25.731, 25.976, 25.423, 24.682, 24.067, 23.724, 23.974, 25.045, 26.478, 27.107, 27.242, 27.648, 28.062, 28.102, 28.183, 28.237, 28.577, 28.717, 27.597, 27.461, 28.33, 28.165, 26.788, 24.492, 23.12, 22.64, 21.924, 20.994, 20.314, 20.656, 21.423, 21.499, 20.292, 19.742, 19.364, 17.935, 16.778, 16.157, 15.844, 15.087, 14.206, 11.764, 7.536, 3.473, 0.0, 2.595, 4.845, 6.228, 6.694, 7.932, 8.48, 9.535, 9.982, 10.87, 11.576, 11.937, 12.755, 13.344, 13.71, 14.603, 16.723, 18.398, 18.789, 18.492, 18.411, 18.899, 19.819, 20.805, 21.509, 21.811, 21.874, 21.989, 21.938, 21.986, 22.366, 22.55, 22.573, 22.949, 23.718, 24.37], [25.201, 25.175, 25.132, 25.141, 25.151, 25.423, 26.21, 26.446, 25.892, 25.131, 24.511, 24.187, 24.456, 25.545, 26.993, 27.617, 27.755, 28.176, 28.582, 28.61, 28.696, 28.743, 29.042, 29.169, 28.102, 27.994, 28.855, 28.693, 27.337, 25.088, 23.736, 23.243, 22.544, 21.661, 20.983, 21.323, 22.141, 22.259, 21.069, 20.531, 20.178, 18.771, 17.657, 17.11, 16.813, 16.043, 15.217, 12.898, 8.909, 5.363, 2.595, 0.0, 3.166, 5.008, 5.553, 7.089, 7.727, 8.873, 9.343, 10.309, 11.079, 11.456, 12.307, 12.951, 13.477, 14.38, 16.306, 17.829, 18.164, 17.868, 17.816, 18.36, 19.387, 20.448, 21.187, 21.59, 21.77, 21.946, 21.925, 22.024, 22.448, 22.639, 22.667, 23.085, 23.916, 24.629], [25.298, 25.27, 25.206, 25.18, 25.159, 25.425, 26.215, 26.433, 25.841, 25.04, 24.403, 24.062, 24.33, 25.429, 26.881, 27.507, 27.645, 28.075, 28.499, 28.525, 28.615, 28.679, 28.963, 29.08, 28.013, 27.946, 28.849, 28.692, 27.329, 25.048, 23.619, 23.038, 22.299, 21.425, 20.763, 21.093, 21.914, 22.059, 20.909, 20.404, 20.062, 18.672, 17.617, 17.18, 16.941, 16.193, 15.431, 13.274, 9.572, 6.562, 4.845, 3.166, 0.0, 2.453, 3.776, 5.629, 6.479, 7.832, 8.281, 9.298, 10.167, 10.554, 11.395, 12.129, 12.941, 14.05, 15.911, 17.352, 17.69, 17.391, 17.336, 17.907, 18.962, 19.994, 20.669, 21.108, 21.345, 21.528, 21.521, 21.65, 22.118, 22.319, 22.36, 22.809, 23.653, 24.393], [25.248, 25.225, 25.158, 25.114, 25.063, 25.337, 26.149, 26.365, 25.755, 24.949, 24.312, 23.961, 24.227, 25.324, 26.763, 27.385, 27.529, 27.961, 28.396, 28.44, 28.545, 28.628, 28.925, 29.045, 27.968, 27.905, 28.825, 28.667, 27.298, 25.004, 23.569, 22.992, 22.255, 21.384, 20.717, 21.041, 21.844, 21.981, 20.857, 20.386, 20.043, 18.681, 17.681, 17.28, 17.055, 16.334, 15.6, 13.557, 10.129, 7.48, 6.228, 5.008, 2.453, 0.0, 2.475, 4.798, 5.877, 7.395, 7.814, 8.825, 9.69, 10.059, 10.907, 11.696, 12.61, 13.83, 15.753, 17.233, 17.621, 17.335, 17.289, 17.865, 18.929, 19.941, 20.578, 20.994, 21.214, 21.388, 21.38, 21.508, 21.99, 22.202, 22.252, 22.696, 23.522, 24.269], [25.133, 25.113, 25.058, 25.021, 24.964, 25.242, 26.061, 26.286, 25.688, 24.899, 24.272, 23.928, 24.196, 25.254, 26.65, 27.264, 27.412, 27.853, 28.302, 28.374, 28.507, 28.598, 28.916, 29.055, 27.957, 27.853, 28.754, 28.582, 27.2, 24.918, 23.551, 23.041, 22.34, 21.478, 20.757, 21.037, 21.832, 21.929, 20.755, 20.27, 19.94, 18.588, 17.584, 17.174, 16.939, 16.227, 15.519, 13.593, 10.415, 7.89, 6.694, 5.553, 3.776, 2.475, 0.0, 3.129, 4.636, 6.332, 6.687, 7.832, 8.807, 9.211, 10.151, 11.0, 11.759, 12.83, 14.855, 16.497, 17.013, 16.774, 16.705, 17.261, 18.418, 19.55, 20.224, 20.627, 20.851, 21.051, 21.056, 21.161, 21.62, 21.828, 21.889, 22.358, 23.195, 23.947], [24.617, 24.6, 24.537, 24.476, 24.396, 24.706, 25.582, 25.813, 25.168, 24.344, 23.708, 23.35, 23.594, 24.589, 25.944, 26.559, 26.706, 27.182, 27.678, 27.77, 27.922, 28.039, 28.401, 28.57, 27.386, 27.222, 28.13, 27.914, 26.461, 24.095, 22.703, 22.197, 21.481, 20.598, 19.802, 20.0, 20.762, 20.817, 19.604, 19.144, 18.868, 17.581, 16.668, 16.339, 16.112, 15.406, 14.783, 13.2, 10.686, 8.683, 7.932, 7.089, 5.629, 4.798, 3.129, 0.0, 3.13, 5.565, 5.505, 6.788, 7.861, 8.294, 9.406, 10.218, 10.7, 11.682, 13.857, 15.637, 16.296, 16.135, 15.994, 16.453, 17.563, 18.71, 19.313, 19.597, 19.781, 19.964, 19.974, 20.036, 20.441, 20.641, 20.712, 21.205, 22.036, 22.781], [24.96, 24.94, 24.884, 24.823, 24.714, 24.949, 25.726, 25.914, 25.305, 24.545, 23.977, 23.685, 23.961, 24.903, 26.165, 26.739, 26.873, 27.331, 27.811, 27.867, 27.958, 27.999, 28.351, 28.567, 27.408, 27.294, 28.253, 28.062, 26.634, 24.369, 23.107, 22.643, 21.958, 21.11, 20.352, 20.565, 21.388, 21.524, 20.325, 19.893, 19.709, 18.518, 17.606, 17.23, 16.97, 16.221, 15.651, 14.171, 11.618, 9.377, 8.48, 7.727, 6.479, 5.877, 4.636, 3.13, 0.0, 3.142, 3.738, 5.378, 6.88, 7.298, 8.23, 9.079, 9.938, 11.48, 13.955, 15.737, 16.291, 16.072, 15.954, 16.515, 17.737, 18.951, 19.615, 19.994, 20.285, 20.562, 20.63, 20.73, 21.11, 21.274, 21.362, 21.906, 22.713, 23.361], [25.632, 25.609, 25.565, 25.507, 25.394, 25.586, 26.27, 26.418, 25.858, 25.169, 24.664, 24.428, 24.737, 25.666, 26.855, 27.377, 27.496, 27.926, 28.382, 28.418, 28.476, 28.473, 28.82, 29.061, 27.944, 27.872, 28.85, 28.693, 27.321, 25.155, 23.966, 23.504, 22.846, 22.033, 21.325, 21.571, 22.425, 22.608, 21.453, 21.047, 20.906, 19.839, 18.987, 18.592, 18.326, 17.564, 16.987, 15.511, 12.889, 10.554, 9.535, 8.873, 7.832, 7.395, 6.332, 5.565, 3.142, 0.0, 2.294, 4.661, 6.388, 6.849, 7.603, 8.536, 9.787, 11.681, 14.254, 16.006, 16.479, 16.192, 16.065, 16.738, 18.108, 19.397, 20.103, 20.581, 20.952, 21.281, 21.402, 21.543, 21.945, 22.097, 22.195, 22.774, 23.58, 24.183], [25.167, 25.143, 25.093, 25.021, 24.92, 25.171, 25.937, 26.104, 25.494, 24.734, 24.173, 23.892, 24.183, 25.132, 26.366, 26.907, 27.035, 27.497, 27.984, 28.046, 28.145, 28.197, 28.577, 28.817, 27.674, 27.598, 28.576, 28.395, 26.984, 24.722, 23.433, 22.931, 22.246, 21.401, 20.652, 20.86, 21.663, 21.82, 20.689, 20.311, 20.168, 19.114, 18.331, 18.02, 17.783, 17.036, 16.468, 15.092, 12.781, 10.797, 9.982, 9.343, 8.281, 7.814, 6.687, 5.505, 3.738, 2.294, 0.0, 3.227, 5.219, 5.822, 7.005, 8.004, 8.993, 10.837, 13.529, 15.354, 15.906, 15.658, 15.472, 16.064, 17.38, 18.654, 19.313, 19.703, 20.002, 20.278, 20.371, 20.497, 20.907, 21.075, 21.182, 21.758, 22.584, 23.244], [24.902, 24.871, 24.822, 24.759, 24.68, 24.957, 25.746, 25.924, 25.288, 24.483, 23.89, 23.585, 23.865, 24.819, 26.064, 26.618, 26.753, 27.216, 27.702, 27.767, 27.883, 27.955, 28.338, 28.584, 27.454, 27.413, 28.405, 28.222, 26.826, 24.555, 23.242, 22.771, 22.108, 21.242, 20.48, 20.703, 21.489, 21.661, 20.621, 20.31, 20.195, 19.21, 18.468, 18.211, 18.018, 17.335, 16.81, 15.552, 13.464, 11.615, 10.87, 10.309, 9.298, 8.825, 7.832, 6.788, 5.378, 4.661, 3.227, 0.0, 2.766, 4.032, 5.778, 6.954, 7.988, 10.181, 13.144, 15.028, 15.589, 15.345, 15.162, 15.749, 16.982, 18.197, 18.846, 19.22