[[0.0, 2.293, 4.433, 6.495, 7.3, 8.234, 10.491, 10.827, 12.208, 15.633, 17.518, 18.484, 18.946, 20.046, 20.494, 21.053, 21.891, 22.725, 23.12, 23.275, 24.441, 25.033, 24.496, 23.676, 23.797, 24.745, 25.243, 25.38, 25.686, 25.623, 25.651, 25.996, 26.056, 25.827, 25.614, 25.63, 26.053, 25.442, 24.724, 24.736, 24.342, 24.333, 24.27, 23.939, 22.899, 22.343, 22.004, 21.42, 21.141, 20.513, 19.769, 19.712, 20.076, 20.34, 20.356, 20.164, 20.039, 19.888, 19.159, 18.645, 18.954, 19.365, 19.401, 19.459, 19.44, 19.149, 18.785, 18.782, 18.659, 19.153, 20.021, 20.723, 21.562, 21.978, 22.391, 22.632, 22.726, 23.032, 24.045, 24.895, 24.808, 23.897, 23.026, 22.941, 23.462, 23.61], [2.293, 0.0, 2.8, 5.404, 6.467, 7.58, 9.959, 10.342, 11.763, 15.246, 17.161, 18.202, 18.666, 19.694, 20.089, 20.626, 21.453, 22.304, 22.686, 22.755, 23.873, 24.462, 23.9, 23.044, 23.159, 24.139, 24.672, 24.795, 25.059, 24.991, 25.033, 25.415, 25.504, 25.281, 25.088, 25.168, 25.652, 25.053, 24.341, 24.344, 23.957, 23.981, 23.914, 23.573, 22.508, 21.886, 21.561, 21.02, 20.769, 20.156, 19.444, 19.417, 19.812, 20.088, 20.114, 19.955, 19.862, 19.719, 19.04, 18.516, 18.728, 19.107, 19.168, 19.222, 19.196, 18.859, 18.487, 18.469, 18.325, 18.811, 19.647, 20.331, 21.179, 21.604, 21.984, 22.194, 22.262, 22.522, 23.505, 24.361, 24.282, 23.413, 22.6, 22.53, 23.07, 23.241], [4.433, 2.8, 0.0, 3.12, 4.837, 5.978, 8.369, 8.916, 10.296, 13.914, 15.997, 17.147, 17.586, 18.578, 18.989, 19.541, 20.395, 21.309, 21.724, 21.756, 22.924, 23.617, 23.143, 22.374, 22.529, 23.495, 24.034, 24.185, 24.493, 24.427, 24.462, 24.84, 24.939, 24.689, 24.492, 24.638, 25.214, 24.659, 23.996, 24.028, 23.651, 23.699, 23.649, 23.304, 22.275, 21.681, 21.334, 20.75, 20.486, 19.944, 19.308, 19.278, 19.653, 19.925, 19.956, 19.815, 19.724, 19.557, 18.898, 18.432, 18.692, 19.09, 19.107, 19.123, 19.09, 18.786, 18.441, 18.377, 18.229, 18.692, 19.501, 20.134, 20.911, 21.334, 21.709, 21.892, 21.928, 22.129, 23.008, 23.804, 23.719, 22.895, 22.147, 22.076, 22.604, 22.788], [6.495, 5.404, 3.12, 0.0, 2.868, 4.556, 6.602, 7.309, 8.39, 11.904, 14.21, 15.485, 15.865, 16.804, 17.274, 17.892, 18.844, 19.892, 20.406, 20.45, 21.705, 22.533, 22.187, 21.568, 21.793, 22.731, 23.262, 23.493, 23.952, 23.906, 23.92, 24.258, 24.343, 24.07, 23.874, 24.063, 24.702, 24.175, 23.564, 23.657, 23.267, 23.3, 23.302, 22.953, 21.992, 21.54, 21.158, 20.422, 20.043, 19.576, 19.069, 19.037, 19.337, 19.591, 19.644, 19.529, 19.453, 19.233, 18.501, 18.091, 18.493, 18.944, 18.865, 18.811, 18.767, 18.575, 18.317, 18.211, 18.041, 18.474, 19.299, 19.886, 20.559, 20.95, 21.356, 21.541, 21.566, 21.755, 22.569, 23.263, 23.094, 22.265, 21.581, 21.509, 21.995, 22.187], [7.3, 6.467, 4.837, 2.868, 0.0, 3.209, 5.84, 6.455, 7.53, 11.009, 13.438, 14.757, 15.121, 16.075, 16.578, 17.299, 18.351, 19.442, 19.992, 20.084, 21.41, 22.298, 21.975, 21.341, 21.574, 22.562, 23.101, 23.347, 23.878, 23.871, 23.904, 24.236, 24.315, 23.994, 23.777, 23.981, 24.633, 24.085, 23.454, 23.558, 23.161, 23.17, 23.191, 22.838, 21.89, 21.549, 21.216, 20.499, 20.117, 19.637, 19.185, 19.282, 19.601, 19.811, 19.83, 19.663, 19.595, 19.411, 18.622, 18.129, 18.543, 19.029, 18.932, 18.862, 18.827, 18.688, 18.438, 18.342, 18.233, 18.717, 19.566, 20.166, 20.84, 21.215, 21.644, 21.849, 21.896, 22.132, 22.986, 23.658, 23.425, 22.497, 21.716, 21.616, 22.1, 22.274], [8.234, 7.58, 5.978, 4.556, 3.209, 0.0, 3.901, 5.082, 6.359, 10.733, 13.596, 14.96, 15.355, 16.355, 16.914, 17.66, 18.704, 19.764, 20.335, 20.434, 21.717, 22.622, 22.364, 21.739, 21.958, 22.955, 23.489, 23.717, 24.193, 24.198, 24.246, 24.567, 24.657, 24.234, 23.938, 24.116, 24.775, 24.272, 23.679, 23.791, 23.429, 23.447, 23.448, 23.102, 22.164, 21.773, 21.457, 20.926, 20.769, 20.389, 19.948, 20.094, 20.449, 20.586, 20.541, 20.276, 20.068, 19.905, 19.319, 19.0, 19.477, 19.929, 19.79, 19.719, 19.722, 19.568, 19.261, 19.184, 19.193, 19.695, 20.463, 21.045, 21.704, 22.089, 22.485, 22.648, 22.66, 22.819, 23.569, 24.256, 24.16, 23.342, 22.511, 22.347, 22.856, 23.01], [10.491, 9.959, 8.369, 6.602, 5.84, 3.901, 0.0, 2.329, 3.665, 8.736, 12.208, 13.671, 13.995, 14.792, 15.386, 16.128, 17.204, 18.381, 19.132, 19.301, 20.505, 21.522, 21.572, 21.253, 21.511, 22.364, 22.834, 23.158, 23.749, 23.747, 23.76, 24.003, 24.069, 23.553, 23.193, 23.358, 24.016, 23.579, 23.142, 23.369, 23.058, 23.097, 23.145, 22.801, 21.983, 21.706, 21.311, 20.648, 20.47, 20.299, 20.026, 20.102, 20.323, 20.366, 20.316, 20.047, 19.736, 19.436, 19.009, 19.116, 19.864, 20.271, 19.973, 19.799, 19.829, 19.824, 19.557, 19.409, 19.397, 19.801, 20.477, 20.955, 21.454, 21.763, 22.151, 22.293, 22.268, 22.347, 22.939, 23.516, 23.456, 22.813, 22.143, 21.964, 22.399, 22.548], [10.827, 10.342, 8.916, 7.309, 6.455, 5.082, 2.329, 0.0, 3.213, 8.535, 11.995, 13.445, 13.695, 14.41, 15.021, 15.766, 16.855, 18.086, 18.902, 19.14, 20.323, 21.334, 21.464, 21.241, 21.514, 22.341, 22.794, 23.151, 23.789, 23.804, 23.817, 24.016, 24.048, 23.517, 23.149, 23.306, 23.936, 23.492, 23.09, 23.353, 23.05, 23.104, 23.186, 22.835, 22.043, 21.808, 21.407, 20.66, 20.391, 20.235, 19.939, 19.888, 20.002, 19.993, 19.931, 19.666, 19.352, 19.001, 18.542, 18.733, 19.555, 19.959, 19.659, 19.46, 19.493, 19.555, 19.276, 19.094, 19.078, 19.467, 20.156, 20.629, 21.106, 21.398, 21.802, 21.958, 21.932, 21.994, 22.57, 23.127, 23.04, 22.403, 21.771, 21.603, 22.024, 22.175], [12.208, 11.763, 10.296, 8.39, 7.53, 6.359, 3.665, 3.213, 0.0, 6.053, 10.106, 11.69, 11.966, 12.729, 13.532, 14.458, 15.727, 17.069, 17.956, 18.234, 19.462, 20.57, 20.836, 20.749, 21.054, 21.815, 22.231, 22.637, 23.361, 23.395, 23.415, 23.594, 23.619, 23.079, 22.732, 22.913, 23.56, 23.148, 22.812, 23.099, 22.771, 22.816, 22.966, 22.639, 21.947, 21.865, 21.445, 20.631, 20.321, 20.224, 20.08, 20.166, 20.319, 20.355, 20.342, 20.111, 19.836, 19.497, 19.084, 19.331, 20.201, 20.605, 20.187, 19.88, 19.898, 20.036, 19.803, 19.597, 19.561, 19.933, 20.585, 21.002, 21.37, 21.587, 21.977, 22.116, 22.075, 22.171, 22.719, 23.145, 22.993, 22.385, 21.79, 21.588, 21.925, 22.067], [15.633, 15.246, 13.914, 11.904, 11.009, 10.733, 8.736, 8.535, 6.053, 0.0, 4.958, 7.018, 7.393, 8.354, 9.614, 10.875, 12.683, 14.417, 15.4, 15.842, 17.33, 18.682, 19.251, 19.594, 19.988, 20.501, 20.796, 21.285, 22.267, 22.349, 22.334, 22.444, 22.417, 22.05, 21.968, 22.286, 22.934, 22.545, 22.353, 22.754, 22.436, 22.481, 22.771, 22.504, 21.964, 22.248, 21.836, 20.802, 20.273, 20.3, 20.631, 21.041, 21.284, 21.533, 21.733, 21.679, 21.579, 21.208, 20.785, 21.119, 21.984, 22.348, 21.767, 21.23, 21.192, 21.481, 21.383, 21.048, 20.797, 21.001, 21.522, 21.774, 21.844, 21.782, 22.084, 22.2, 22.175, 22.406, 23.028, 23.179, 22.673, 21.93, 21.488, 21.314, 21.385, 21.483], [17.518, 17.161, 15.997, 14.21, 13.438, 13.596, 12.208, 11.995, 10.106, 4.958, 0.0, 3.045, 3.872, 5.666, 7.473, 8.914, 11.101, 13.119, 14.052, 14.623, 16.464, 17.948, 18.588, 19.175, 19.652, 20.042, 20.295, 20.78, 21.845, 21.991, 21.954, 22.023, 21.937, 21.863, 22.119, 22.562, 23.187, 22.771, 22.591, 23.035, 22.76, 22.834, 23.186, 22.94, 22.418, 22.838, 22.482, 21.429, 20.769, 20.791, 21.355, 21.895, 22.166, 22.588, 22.965, 23.048, 23.063, 22.71, 22.27, 22.517, 23.219, 23.502, 22.854, 22.181, 22.081, 22.369, 22.3, 21.876, 21.466, 21.534, 21.943, 22.131, 22.081, 21.836, 22.046, 22.146, 22.134, 22.446, 23.177, 23.254, 22.528, 21.572, 21.148, 21.014, 20.934, 21.003], [18.484, 18.202, 17.147, 15.485, 14.757, 14.96, 13.671, 13.445, 11.69, 7.018, 3.045, 0.0, 1.836, 4.594, 6.76, 8.314, 10.535, 12.48, 13.415, 14.209, 16.234, 17.896, 18.781, 19.567, 20.086, 20.41, 20.605, 21.109, 22.232, 22.375, 22.312, 22.306, 22.165, 22.117, 22.414, 22.863, 23.45, 23.044, 22.888, 23.357, 23.131, 23.187, 23.563, 23.327, 22.893, 23.526, 23.198, 22.115, 21.402, 21.403, 21.993, 22.594, 22.835, 23.216, 23.579, 23.64, 23.638, 23.298, 22.918, 23.201, 23.904, 24.187, 23.514, 22.809, 22.705, 23.031, 22.971, 22.526, 22.084, 22.126, 22.51, 22.691, 22.62, 22.342, 22.552, 22.681, 22.697, 23.036, 23.716, 23.744, 23.025, 22.094, 21.659, 21.515, 21.401, 21.459], [18.946, 18.666, 17.586, 15.865, 15.121, 15.355, 13.995, 13.695, 11.966, 7.393, 3.872, 1.836, 0.0, 3.474, 6.091, 7.793, 10.119, 12.157, 13.135, 13.997, 16.126, 17.884, 18.884, 19.789, 20.37, 20.681, 20.851, 21.388, 22.553, 22.699, 22.629, 22.603, 22.45, 22.383, 22.654, 23.099, 23.69, 23.306, 23.19, 23.681, 23.469, 23.529, 23.906, 23.659, 23.246, 23.901, 23.575, 22.428, 21.653, 21.684, 22.29, 22.828, 22.993, 23.338, 23.685, 23.744, 23.735, 23.347, 22.925, 23.231, 23.957, 24.25, 23.588, 22.889, 22.785, 23.143, 23.098, 22.637, 22.193, 22.224, 22.617, 22.778, 22.648, 22.367, 22.61, 22.755, 22.785, 23.137, 23.795, 23.785, 23.053, 22.162, 21.776, 21.638, 21.507, 21.56], [20.046, 19.694, 18.578, 16.804, 16.075, 16.355, 14.792, 14.41, 12.729, 8.354, 5.666, 4.594, 3.474, 0.0, 3.302, 5.662, 8.454, 10.778, 11.948, 12.784, 14.91, 16.835, 18.066, 19.202, 19.887, 20.176, 20.312, 20.899, 22.163, 22.351, 22.276, 22.225, 22.078, 21.991, 22.281, 22.766, 23.37, 23.006, 22.943, 23.477, 23.281, 23.357, 23.766, 23.495, 23.12, 23.807, 23.458, 22.282, 21.494, 21.609, 22.32, 22.856, 22.956, 23.286, 23.664, 23.759, 23.771, 23.353, 22.914, 23.281, 24.035, 24.3, 23.62, 22.901, 22.803, 23.204, 23.179, 22.705, 22.243, 22.23, 22.579, 22.681, 22.492, 22.209, 22.442, 22.557, 22.562, 22.868, 23.492, 23.458, 22.688, 21.842, 21.58, 21.5, 21.365, 21.428], [20.494, 20.089, 18.989, 17.274, 16.578, 16.914, 15.386, 15.021, 13.532, 9.614, 7.473, 6.76, 6.091, 3.302, 0.0, 3.158, 6.43, 8.909, 10.177, 10.93, 13.137, 15.268, 16.667, 17.937, 18.692, 19.012, 19.155, 19.778, 21.148, 21.379, 21.295, 21.247, 21.111, 20.989, 21.318, 21.859, 22.485, 22.103, 22.035, 22.598, 22.416, 22.508, 22.945, 22.655, 22.281, 23.038, 22.69, 21.546, 20.837, 21.021, 21.866, 22.521, 22.662, 23.003, 23.416, 23.548, 23.6, 23.22, 22.805, 23.211, 23.979, 24.238, 23.563, 22.828, 22.727, 23.111, 23.097, 22.632, 22.133, 22.093, 22.421, 22.5, 22.338, 22.08, 22.287, 22.376, 22.367, 22.613, 23.19, 23.183, 22.427, 21.603, 21.433, 21.439, 21.338, 21.417], [21.053, 20.626, 19.541, 17.892, 17.299, 17.66, 16.128, 15.766, 14.458, 10.875, 8.914, 8.314, 7.793, 5.662, 3.158, 0.0, 3.706, 6.663, 8.191, 9.057, 11.498, 13.883, 15.581, 17.133, 17.985, 18.283, 18.427, 19.129, 20.576, 20.779, 20.643, 20.572, 20.423, 20.312, 20.738, 21.347, 21.981, 21.614, 21.615, 22.254, 22.092, 22.2, 22.649, 22.334, 21.952, 22.73, 22.368, 21.162, 20.455, 20.819, 21.917, 22.641, 22.773, 23.128, 23.583, 23.764, 23.832, 23.425, 23.027, 23.514, 24.303, 24.548, 23.865, 23.086, 22.968, 23.345, 23.336, 22.831, 22.264, 22.166, 22.455, 22.506, 22.302, 22.01, 22.198, 22.278, 22.278, 22.511, 23.058, 23.045, 22.302, 21.528, 21.466, 21.514, 21.369, 21.453], [21.891, 21.453, 20.395, 18.844, 18.351, 18.704, 17.204, 16.855, 15.727, 12.683, 11.101, 10.535, 10.119, 8.454, 6.43, 3.706, 0.0, 3.726, 5.917, 6.935, 9.528, 12.223, 14.346, 16.273, 17.266, 17.536, 17.656, 18.462, 20.045, 20.225, 20.024, 19.903, 19.747, 19.65, 20.18, 20.882, 21.535, 21.208, 21.295, 22.006, 21.889, 22.003, 22.462, 22.13, 21.779, 22.62, 22.259, 21.007, 20.312, 20.837, 22.179, 23.029, 23.163, 23.48, 23.937, 24.144, 24.229, 23.814, 23.42, 23.95, 24.756, 25.003, 24.309, 23.504, 23.378, 23.748, 23.724, 23.209, 22.63, 22.51, 22.787, 22.825, 22.623, 22.36, 22.551, 22.632, 22.636, 22.827, 23.297, 23.279, 22.595, 21.89, 21.874, 21.948, 21.808, 21.901], [22.725, 22.304, 21.309, 19.892, 19.442, 19.764, 18.381, 18.086, 17.069, 14.417, 13.119, 12.48, 12.157, 10.778, 8.909, 6.663, 3.726, 0.0, 2.897, 4.484, 7.524, 10.701, 13.285, 15.499, 16.538, 16.74, 16.789, 17.649, 19.391, 19.591, 19.331, 19.118, 18.965, 18.872, 19.469, 20.258, 20.924, 20.615, 20.771, 21.54, 21.506, 21.618, 22.09, 21.78, 21.503, 22.516, 22.193, 21.01, 20.412, 20.973, 22.473, 23.561, 23.775, 24.048, 24.471, 24.666, 24.761, 24.386, 24.005, 24.5, 25.295, 25.574, 24.907, 24.122, 24.005, 24.366, 24.325, 23.84, 23.312, 23.262, 23.574, 23.644, 23.514, 23.3, 23.483, 23.569, 23.577, 23.733, 24.121, 24.102, 23.505, 22.859, 22.81, 22.88, 22.773, 22.876], [23.12, 22.686, 21.724, 20.406, 19.992, 20.335, 19.132, 18.902, 17.956, 15.4, 14.052, 13.415, 13.135, 11.948, 10.177, 8.191, 5.917, 2.897, 0.0, 2.962, 6.93, 10.262, 12.834, 15.087, 16.123, 16.301, 16.337, 17.151, 18.907, 19.128, 18.853, 18.618, 18.46, 18.497, 19.208, 20.062, 20.75, 20.412, 20.543, 21.307, 21.311, 21.438, 21.912, 21.64, 21.341, 22.408, 22.128, 21.035, 20.497, 21.0, 22.528, 23.753, 24.084, 24.403, 24.826, 25.028, 25.142, 24.797, 24.418, 24.834, 25.553, 25.847, 25.246, 24.5, 24.375, 24.697, 24.66, 24.191, 23.678, 23.676, 24.011, 24.1, 24.007, 23.803, 23.966, 24.049, 24.058, 24.214, 24.595, 24.586, 24.014, 23.372, 23.311, 23.38, 23.276, 23.393], [23.275, 22.755, 21.756, 20.45, 20.084, 20.434, 19.301, 19.14, 18.234, 15.842, 14.623, 14.209, 13.997, 12.784, 10.93, 9.057, 6.935, 4.484, 2.962, 0.0, 4.834, 8.524, 11.192, 13.588, 14.738, 15.0, 15.119, 15.967, 17.784, 18.055, 17.768, 17.585, 17.485, 17.597, 18.393, 19.329, 20.09, 19.781, 19.917, 20.684, 20.718, 20.888, 21.373, 21.106, 20.778, 21.798, 21.523, 20.497, 20.041, 20.562, 22.137, 23.418, 23.808, 24.157, 24.611, 24.852, 25.02, 24.728, 24.387, 24.794, 25.446, 25.713, 25.133, 24.394, 24.259, 24.519, 24.472, 24.028, 23.532, 23.519, 23.812, 23.884, 23.837, 23.67, 23.791, 23.827, 23.8, 23.89, 24.255, 24.257, 23.676, 23.04, 23.023, 23.136, 23.08, 23.22], [24.441, 23.873, 22.924, 21.705, 21.41, 21.717, 20.505, 20.323, 19.462, 17.33, 16.464, 16.234, 16.126, 14.91, 13.137, 11.498, 9.528, 7.524, 6.93, 4.834, 0.0, 4.447, 8.295, 11.417, 12.658, 12.797, 12.923, 13.98, 15.994, 16.316, 16.059, 15.884, 15.856, 15.937, 16.793, 17.835, 18.634, 18.485, 18.789, 19.553, 19.673, 19.877, 20.371, 20.127, 19.988, 21.135, 20.858, 19.958, 19.719, 20.376, 22.094, 23.498, 23.933, 24.247, 24.712, 24.991, 25.22, 24.999, 24.817, 25.341, 25.949, 26.145, 25.555, 24.816, 24.697, 24.946, 24.892, 24.483, 24.036, 23.989, 24.219, 24.225, 24.191, 24.07, 24.134, 24.121, 24.044, 24.019, 24.252, 24.167, 23.624, 23.148, 23.246, 23.397, 23.388, 23.548], [25.033, 24.462, 23.617, 22.533, 22.298, 22.622, 21.522, 21.334, 20.57, 18.682, 17.948, 17.896, 17.884, 16.835, 15.268, 13.883, 12.223, 10.701, 10.262, 8.524, 4.447, 0.0, 4.892, 8.824, 10.341, 10.577, 10.763, 11.981, 14.098, 14.484, 14.31, 14.206, 14.229, 14.394, 15.396, 16.523, 17.321, 17.257, 17.632, 18.331, 18.496, 18.76, 19.207, 18.97, 18.914, 20.088, 19.852, 19.139, 19.137, 19.897, 21.761, 23.325, 23.887, 24.235, 24.725, 25.068, 25.374, 25.191, 25.018, 25.498, 26.008, 26.133, 25.555, 24.842, 24.728, 24.933, 24.879, 24.505, 24.081, 24.005, 24.211, 24.171, 24.129, 24.045, 24.067, 24.021, 23.919, 23.849, 24.077, 23.962, 23.409, 22.987, 23.135, 23.321, 23.355, 23.525], [24.496, 23.9, 23.143, 22.187, 21.975, 22.364, 21.572, 21.464, 20.836, 19.251, 18.588, 18.781, 18.884, 18.066, 16.667, 15.581, 14.346, 13.285, 12.834, 11.192, 8.295, 4.892, 0.0, 4.594, 6.894, 7.997, 8.611, 9.769, 11.908, 12.474, 12.435, 12.6, 12.716, 13.088, 14.26, 15.463, 16.298, 16.149, 16.36, 16.904, 16.997, 17.323, 17.723, 17.521, 17.313, 18.305, 18.173, 17.706, 17.935, 18.667, 20.616, 22.422, 23.239, 23.69, 24.206, 24.616, 25.051, 24.972, 24.714, 24.966, 25.297, 25.367, 24.846, 24.214, 24.097, 24.192, 24.138, 23.828, 23.438, 23.375, 23.589, 23.572, 23.615, 23.608, 23.607, 23.522, 23.394, 23.31, 23.662, 23.665, 23.081, 22.51, 22.557, 22.798, 22.952, 23.142], [23.676, 23.044, 22.374, 21.568, 21.341, 21.739, 21.253, 21.241, 20.749, 19.594, 19.175, 19.567, 19.789, 19.202, 17.937, 17.133, 16.273, 15.499, 15.087, 13.588, 11.417, 8.824, 4.594, 0.0, 3.446, 6.115, 7.328, 8.16, 10.016, 10.828, 11.05, 11.611, 11.841, 12.038, 13.072, 14.278, 15.181, 14.96, 14.969, 15.321, 15.313, 15.663, 16.078, 16.016, 15.698, 16.485, 16.462, 16.354, 16.92, 17.592, 19.521, 21.574, 22.649, 23.145, 23.629, 24.033, 24.553, 24.661, 24.454, 24.531, 24.707, 24.761, 24.344, 23.833, 23.726, 23.724, 23.672, 23.45, 23.137, 23.156, 23.401, 23.437, 23.622, 23.705, 23.703, 23.593, 23.441, 23.333, 23.728, 23.864, 23.353, 22.695, 22.588, 22.848, 23.152, 23.354], [23.797, 23.159, 22.529, 21.793, 21.574, 21.958, 21.511, 21.514, 21.054, 19.988, 19.652, 20.086, 20.37, 19.887, 18.692, 17.985, 17.266, 16.538, 16.123, 14.738, 12.658, 10.341, 6.894, 3.446, 0.0, 3.603, 5.502, 6.343, 8.214, 9.15, 9.63, 10.563, 10.964, 10.971, 11.827, 13.029, 13.995, 13.812, 13.807, 14.058, 14.017, 14.37, 14.859, 14.968, 14.75, 15.579, 15.588, 15.782, 16.65, 17.368, 19.291, 21.471, 22.657, 23.156, 23.606, 23.98, 24.507, 24.735, 24.716, 24.865, 25.032, 25.096, 24.714, 24.231, 24.134, 24.139, 24.101, 23.903, 23.624, 23.682, 23.935, 23.983, 24.218, 24.319, 24.309, 24.188, 24.014, 23.853, 24.136, 24.216, 23.76, 23.173, 23.071, 23.326, 23.67, 23.88], [24.745, 24.139, 23.495, 22.731, 22.562, 22.955, 22.364, 22.341, 21.815, 20.501, 20.042, 20.41, 20.681, 20.176, 19.012, 18.283, 17.536, 16.74, 16.301, 15.0, 12.797, 10.577, 7.997, 6.115, 3.603, 0.0, 2.713, 4.327, 6.975, 7.983, 8.454, 9.507, 10.04, 10.087, 11.003, 12.248, 13.269, 13.311, 13.572, 13.879, 13.915, 14.283, 14.858, 15.078, 15.035, 16.063, 16.032, 16.248, 17.191, 18.031, 20.018, 22.189, 23.335, 23.829, 24.273, 24.629, 25.11, 25.3, 25.397, 25.737, 25.999, 26.075, 25.66, 25.132, 25.038, 25.104, 25.068, 24.83, 24.528, 24.573, 24.806, 24.804, 24.955, 25.009, 24.995, 24.879, 24.709, 24.528, 24.671, 24.599, 24.142, 23.696, 23.71, 23.947, 24.214, 24.419], [25.243, 24.672, 24.034, 23.262, 23.101, 23.489, 22.834, 22.794, 22.231, 20.796, 20.295, 20.605, 20.851, 20.312, 19.155, 18.427, 17.656, 16.789, 16.337, 15.119, 12.923, 10.763, 8.611, 7.328, 5.502, 2.713, 0.0, 2.777, 6.405, 7.547, 7.895, 8.823, 9.331, 9.281, 10.276, 11.537, 12.607, 12.933, 13.49, 13.902, 14.036, 14.406, 15.026, 15.285, 15.273, 16.434, 16.401, 16.572, 17.524, 18.438, 20.498, 22.712, 23.846, 24.323, 24.756, 25.096, 25.524, 25.633, 25.722, 26.143, 26.46, 26.527, 26.092, 25.552, 25.472, 25.57, 25.522, 25.261, 24.958, 25.0, 25.214, 25.155, 25.222, 25.257, 25.248, 25.145, 24.995, 24.826, 24.93, 24.817, 24.358, 23.972, 24.022, 24.227, 24.437, 24.616], [25.38, 24.795, 24.185, 23.493, 23.347, 23.717, 23.158, 23.151, 22.637, 21.285, 20.78, 21.109, 21.388, 20.899, 19.778, 19.129, 18.462, 17.649, 17.151, 15.967, 13.98, 11.981, 9.769, 8.16, 6.343, 4.327, 2.777, 0.0, 4.302, 5.875, 6.407, 7.519, 8.136, 8.343, 9.577, 10.893, 11.989, 12.332, 12.857, 13.215, 13.37, 13.793, 14.423, 14.755, 14.723, 15.868, 15.91, 16.298, 17.401, 18.277, 20.328, 22.633, 23.855, 24.382, 24.833, 25.191, 25.643, 25.807, 25.944, 26.326, 26.562, 26.592, 26.183, 25.685, 25.615, 25.694, 25.66, 25.415, 25.119, 25.138, 25.313, 25.249, 25.328, 25.362, 25.336, 25.229, 25.072, 24.888, 25.013, 24.938, 24.483, 24.074, 24.105, 24.326, 24.563, 24.729], [25.686, 25.059, 24.493, 23.952, 23.878, 24.193, 23.749, 23.789, 23.361, 22.267, 21.845, 22.232, 22.553, 22.163, 21.148, 20.576, 20.045, 19.391, 18.907, 17.784, 15.994, 14.098, 11.908, 10.016, 8.214, 6.975, 6.405, 4.302, 0.0, 2.653, 4.093, 5.969, 6.981, 7.589, 9.024, 10.464, 11.617, 11.942, 12.396, 12.583, 12.78, 13.353, 13.872, 14.278, 14.308, 15.195, 15.33, 16.126, 17.501, 18.38, 20.347, 22.619, 23.893, 24.473, 24.96, 25.348, 25.825, 26.076, 26.341, 26.71, 26.837, 26.794, 26.428, 25.997, 25.937, 25.962, 25.937, 25.718, 25.419, 25.393, 25.508, 25.448, 25.552, 25.579, 25.524, 25.397, 25.221, 25.034, 25.198, 25.18, 24.791, 24.434, 24.473, 24.709, 24.983, 25.151], [25.623, 24.991, 24.427, 23.906, 23.871, 24.198, 23.747, 23.804, 23.395, 22.349, 21.991, 22.375, 22.699, 22.351, 21.379, 20.779, 20.225, 19.591, 19.128, 18.055, 16.316, 14.484, 12.474, 10.828, 9.15, 7.983, 7.547, 5.875, 2.653, 0.0, 2.435, 5.134, 6.449, 7.156, 8.591, 10.153, 11.355, 11.685, 12.203, 12.363, 12.577, 13.188, 13.604, 13.999, 14.109, 15.014, 15.12, 15.811, 17.176, 18.094, 20.096, 22.375, 23.669, 24.252, 24.75, 25.163, 25.643, 25.877, 26.172, 26.584, 26.72, 26.669, 26.315, 25.907, 25.855, 25.891, 25.888, 25.669, 25.35, 25.305, 25.409, 25.341, 25.435, 25.459, 25.406, 25.28, 25.107, 24.946, 25.134, 25.106, 24.715, 24.398, 24.484, 24.729, 24.997, 25.172], [25.651, 25.033, 24.462, 23.92, 23.904, 24.246, 23.76, 23.817, 23.415, 22.334, 21.954, 22.312, 22.629, 22.276, 21.295, 20.643, 20.024, 19.331, 18.853, 17.768, 16.059, 14.31, 12.435, 11.05, 9.63, 8.454, 7.895, 6.407, 4.093, 2.435, 0.0, 3.3, 4.96, 6.121, 8.108, 9.927, 11.155, 11.457, 12.029, 12.323, 12.599, 13.195, 13.62, 14.003, 14.104, 15.094, 15.162, 15.721, 17.021, 17.968, 20.046, 22.348, 23.624, 24.208, 24.717, 25.15, 25.642, 25.858, 26.148, 26.587, 26.742, 26.697, 26.343, 25.931, 25.888, 25.929, 25.921, 25.691, 25.342, 25.278, 25.363, 25.286, 25.364, 25.363, 25.303, 25.175, 25.0, 24.844, 25.045, 25.013, 24.591, 24.26, 24.364, 24.613, 24.859, 25.037], [25.996, 25.415, 24.84, 24.258, 24.236, 24.567, 24.003, 24.016, 23.594, 22.444, 22.023, 22.306, 22.603, 22.225, 21.247, 20.572, 19.903, 19.118, 18.618, 17.585, 15.884, 14.206, 12.6, 11.611, 10.563, 9.507, 8.823, 7.519, 5.969, 5.134, 3.3, 0.0, 2.341, 4.799, 7.613, 9.675, 10.912, 11.151, 11.772, 12.29, 12.674, 13.222, 13.714, 14.092, 14.266, 15.451, 15.491, 15.97, 17.176, 18.135, 20.267, 22.559, 23.775, 24.351, 24.871, 25.304, 25.778, 25.96, 26.226, 26.676, 26.851, 26.817, 26.437, 25.994, 25.956, 26.042, 26.035, 25.785, 25.408, 25.308, 25.369, 25.279, 25.335, 25.29, 25.219, 25.098, 24.929, 24.783, 24.992, 24.962, 24.534, 24.191, 24.298, 24.539, 24.744, 24.912], [26.056, 25.504, 24.939, 24.343, 24.315, 24.657, 24.069, 24.048, 23.619, 22.417, 21.937, 22.165, 22.45, 22.078, 21.111, 20.423, 19.747, 18.965, 18.46, 17.485, 15.856, 14.229, 12.716, 11.841, 10.964, 10.04, 9.331, 8.136, 6.981, 6.449, 4.96, 2.341, 0.0, 4.005, 7.323, 9.429, 10.643, 10.818, 11.412, 12.013, 12.427, 12.961, 13.487, 13.865, 14.056, 15.367, 15.41, 15.835, 16.987, 17.973, 20.165, 22.478, 23.683, 24.266, 24.796, 25.228, 25.687, 25.837, 26.085, 26.556, 26.755, 26.726, 26.339, 25.886, 25.845, 25.965, 25.985, 25.721, 25.323, 25.214, 25.286, 25.191, 25.221, 25.146, 25.072, 24.959, 24.795, 24.654, 24.869, 24.837, 24.392, 24.037, 24.157, 24.397, 24.578, 24.738], [25.827, 25.281, 24.689, 24.07, 23.994, 24.234, 23.553, 23.517, 23.079, 22.05, 21.863, 22.117, 22.383, 21.991, 20.989, 20.312, 19.65, 18.872, 18.497, 17.597, 15.937, 14.394, 13.088, 12.038, 10.971, 10.087, 9.281, 8.343, 7.589, 7.156, 6.121, 4.799, 4.005, 0.0, 3.904, 6.675, 8.291, 8.938, 9.959, 10.61, 11.179, 11.743, 12.274, 12.722, 13.214, 14.765, 14.803, 15.266, 16.644, 17.75, 19.937, 22.326, 23.578, 24.03, 24.455, 24.829, 25.266, 25.454, 25.787, 26.36, 26.676, 26.704, 26.352, 25.952, 25.943, 26.096, 26.111, 25.871, 25.548, 25.53, 25.664, 25.564, 25.583, 25.546, 25.497, 25.395, 25.237, 25.094, 25.225, 25.171, 24.813, 24.552, 24.642, 24.84, 25.049, 25.192], [25.614, 25.088, 24.492, 23.874, 23.777, 23.938, 23.193, 23.149, 22.732, 21.968, 22.119, 22.414, 22.654, 22.281, 21.318, 20.738, 20.18, 19.469, 19.208, 18.393, 16.793, 15.396, 14.26, 13.072, 11.827, 11.003, 10.276, 9.577, 9.024, 8.591, 8.108, 7.613, 7.323, 3.904, 0.0, 3.558, 5.892, 7.157, 8.634, 9.275, 9.975, 10.57, 11.043, 11.541, 12.344, 14.072, 14.09, 14.537, 16.084, 17.256, 19.335, 21.75, 23.067, 23.396, 23.703, 23.994, 24.388, 24.625, 25.093, 25.803, 26.252, 26.36, 26.056, 25.723, 25.745, 25.949, 26.015, 25.835, 25.609, 25.682, 25.873, 25.783, 25.825, 25.858, 25.85, 25.766, 25.609, 25.436, 25.461, 25.374, 25.116, 24.985, 25.084, 25.253, 25.508, 25.651], [25.63, 25.168, 24.638, 24.063, 23.981, 24.116, 23.358, 23.306, 22.913, 22.286, 22.562, 22.863, 23.099, 22.766, 21.859, 21.347, 20.882, 20.258, 20.062, 19.329, 17.835, 16.523, 15.463, 14.278, 13.029, 12.248, 11.537, 10.893, 10.464, 10.153, 9.927, 9.675, 9.429, 6.675, 3.558, 0.0, 3.007, 5.07, 7.132, 7.891, 8.747, 9.4, 9.899, 10.452, 11.393, 13.256, 13.221, 13.649, 15.317, 16.553, 18.591, 21.064, 22.457, 22.737, 22.998, 23.261, 23.637, 23.906, 24.474, 25.305, 25.86, 26.019, 25.733, 25.427, 25.463, 25.703, 25.85, 25.725, 25.534, 25.64, 25.842, 25.738, 25.778, 25.855, 25.88, 25.818, 25.664, 25.448, 25.396, 25.273, 25.066, 25.039, 25.201, 25.372, 25.647, 25.788], [26.053, 25.652, 25.214, 24.702, 24.633, 24.775, 24.016, 23.936, 23.56, 22.934, 23.187, 23.45, 23.69, 23.37, 22.485, 21.981, 21.535, 20.924, 20.75, 20.09, 18.634, 17.321, 16.298, 15.181, 13.995, 13.269, 12.607, 11.989, 11.617, 11.355, 11.155, 10.912, 10.643, 8.291, 5.892, 3.007, 0.0, 3.169, 5.983, 6.904, 7.902, 8.579, 9.159, 9.805, 10.907, 12.895, 12.805, 13.214, 14.948, 16.247, 18.337, 20.867, 22.284, 22.54, 22.793, 23.067, 23.466, 23.768, 24.41, 25.328, 25.938, 26.107, 25.821, 25.523, 25.571, 25.853, 26.066, 25.977, 25.778, 25.845, 26.024, 25.902, 25.934, 26.011, 26.04, 25.993, 25.845, 25.615, 25.54, 25.395, 25.178, 25.188, 25.403, 25.601, 25.874, 26.003], [25.442, 25.053, 24.659, 24.175, 24.085, 24.272, 23.579, 23.492, 23.148, 22.545, 22.771, 23.044, 23.306, 23.006, 22.103, 21.614, 21.208, 20.615, 20.412, 19.781, 18.485, 17.257, 16.149, 14.96, 13.812, 13.311, 12.933, 12.332, 11.942, 11.685, 11.457, 11.151, 10.818, 8.938, 7.157, 5.07, 3.169, 0.0, 3.266, 4.584, 5.704, 6.518, 7.155, 7.84, 9.011, 11.332, 11.259, 11.775, 13.624, 14.88, 17.047, 19.778, 21.325, 21.647, 21.933, 22.212, 22.642, 22.987, 23.614, 24.505, 25.125, 25.303, 25.018, 24.729, 24.774, 25.079, 25.356, 25.298, 25.086, 25.132, 25.321, 25.279, 25.405, 25.471, 25.5, 25.459, 25.305, 25.078, 25.077, 24.98, 24.699, 24.592, 24.776, 25.021, 25.347, 25.499], [24.724, 24.341, 23.996, 23.564, 23.454, 23.679, 23.142, 23.09, 22.812, 22.353, 22.591, 22.888, 23.19, 22.943, 22.035, 21.615, 21.295, 20.771, 20.543, 19.917, 18.789, 17.632, 16.36, 14.969, 13.807, 13.572, 13.49, 12.857, 12.396, 12.203, 12.029, 11.772, 11.412, 9.959, 8.634, 7.132, 5.983, 3.266, 0.0, 2.039, 3.471, 4.543, 5.177, 5.929, 7.129, 9.827, 9.876, 10.786, 12.815, 13.808, 15.822, 18.734, 20.457, 20.853, 21.152, 21.409, 21.868, 22.315, 22.944, 23.742, 24.328, 24.509, 24.247, 23.998, 24.036, 24.334, 24.664, 24.663, 24.464, 24.52, 24.74, 24.799, 25.064, 25.151, 25.173, 25.135, 24.97, 24.729, 24.773, 24.729, 24.421, 24.202, 24.32, 24.602, 25.008, 25.19], [24.736, 24.344, 24.028, 23.657, 23.558, 23.791, 23.369, 23.353, 23.099, 22.754, 23.035, 23.357, 23.681, 23.477, 22.598, 22.254, 22.006, 21.54, 21.307, 20.684, 19.553, 18.331, 16.904, 15.321, 14.058, 13.879, 13.902, 13.215, 12.583, 12.363, 12.323, 12.29, 12.013, 10.61, 9.275, 7.891, 6.904, 4.584, 2.039, 0.0, 2.41, 3.903, 4.232, 5.142, 6.628, 9.383, 9.548, 10.792, 13.007, 13.843, 15.667, 18.631, 20.454, 20.862, 21.127, 21.36, 21.833, 22.343, 23.004, 23.743, 24.27, 24.431, 24.199, 23.999, 24.043, 24.315, 24.662, 24.709, 24.549, 24.631, 24.871, 24.958, 25.28, 25.405, 25.422, 25.382, 25.211, 24.952, 24.967, 24.922, 24.65, 24.449, 24.534, 24.819, 25.277, 25.467], [24.342, 23.957, 23.651, 23.267, 23.161, 23.429, 23.058, 23.05, 22.771, 22.436, 22.76, 23.131, 23.469, 23.281, 22.416, 22.092, 21.889, 21.506, 21.311, 20.718, 19.673, 18.496, 16.997, 15.313, 14.017, 13.915, 14.036, 13.37, 12.78, 12.577, 12.599, 12.674, 12.427, 11.179, 9.975, 8.747, 7.902, 5.704, 3.471, 2.41, 0.0, 1.995, 2.814, 3.985, 5.505, 8.358, 8.536, 9.76, 12.067, 12.957, 14.836, 17.879, 19.783, 20.249, 20.535, 20.774, 21.286, 21.862, 22.557, 23.316, 23.835, 23.982, 23.754, 23.552, 23.586, 23.854, 24.228, 24.296, 24.135, 24.207, 24.464, 24.577, 24.934, 25.074, 25.109, 25.072, 24.894, 24.63, 24.665, 24.646, 24.344, 24.089, 24.166, 24.484, 24.977, 25.174], [24.333, 23.981, 23.699, 23.3, 23.17, 23.447, 23.097, 23.104, 22.816, 22.481, 22.834, 23.187, 23.529, 23.357, 22.508, 22.2, 22.003, 21.618, 21.438, 20.888, 19.877, 18.76, 17.323, 15.663, 14.37, 14.283, 14.406, 13.793, 13.353, 13.188, 13.195, 13.222, 12.961, 11.743, 10.57, 9.4, 8.579, 6.518, 4.543, 3.903, 1.995, 0.0, 2.227, 3.741, 5.414, 8.401, 8.535, 9.636, 11.879, 12.779, 14.696, 17.784, 19.689, 20.149, 20.427, 20.65, 21.167, 21.782, 22.525, 23.332, 23.876, 24.034, 23.813, 23.615, 23.646, 23.942, 24.339, 24.418, 24.263, 24.326, 24.588, 24.712, 25.081, 25.226, 25.28, 25.263, 25.092, 24.835, 24.852, 24.826, 24.521, 24.25, 24.305, 24.626, 25.123, 25.315], [24.27, 23.914, 23.649, 23.302, 23.191, 23.448, 23.145, 23.186, 22.966, 22.771, 23.186, 23.563, 23.906, 23.766, 22.945, 22.649, 22.462, 22.09, 21.912, 21.373, 20.371, 19.207, 17.723, 16.078, 14.859, 14.858, 15.026, 14.423, 13.872, 13.604, 13.62, 13.714, 13.487, 12.274, 11.043, 9.899, 9.159, 7.155, 5.177, 4.232, 2.814, 2.227, 0.0, 2.091, 4.549, 7.77, 8.031, 9.34, 11.794, 12.687, 14.56, 17.699, 19.668, 20.12, 20.366, 20.57, 21.065, 21.655, 22.395, 23.193, 23.725, 23.873, 23.673, 23.515, 23.56, 23.846, 24.257, 24.364, 24.24, 24.323, 24.603, 24.756, 25.145, 25.307, 25.364, 25.351, 25.184, 24.928, 24.932, 24.896, 24.612, 24.362, 24.392, 24.7, 25.228, 25.423], [23.939, 23.573, 23.304, 22.953, 22.838, 23.102, 22.801, 22.835, 22.639, 22.504, 22.94, 23.327, 23.659, 23.495, 22.655, 22.334, 22.13, 21.78, 21.64, 21.106, 20.127, 18.97, 17.521, 16.016, 14.968, 15.078, 15.285, 14.755, 14.278, 13.999, 14.003, 14.092, 13.865, 12.722, 11.541, 10.452, 9.805, 7.84, 5.929, 5.142, 3.985, 3.741, 2.091, 0.0, 3.605, 7.207, 7.488, 8.718, 11.206, 12.148, 14.098, 17.257, 19.191, 19.628, 19.885, 20.094, 20.58, 21.137, 21.842, 22.64, 23.187, 23.328, 23.103, 22.935, 22.986, 23.27, 23.699, 23.815, 23.693, 23.785, 24.082, 24.26, 24.67, 24.844, 24.904, 24.893, 24.729, 24.484, 24.532, 24.512, 24.194, 23.915, 23.954, 24.275, 24.823, 25.024], [22.899, 22.508, 22.275, 21.992, 21.89, 22.164, 21.983, 22.043, 21.947, 21.964, 22.418, 22.893, 23.246, 23.12, 22.281, 21.952, 21.779, 21.503, 21.341, 20.778, 19.988, 18.914, 17.313, 15.698, 14.75, 15.035, 15.273, 14.723, 14.308, 14.109, 14.104, 14.266, 14.056, 13.214, 12.344, 11.393, 10.907, 9.011, 7.129, 6.628, 5.505, 5.414, 4.549, 3.605, 0.0, 4.487, 5.18, 7.139, 10.034, 10.927, 12.957, 16.31, 18.414, 18.964, 19.263, 19.471, 19.917, 20.401, 20.997, 21.71, 22.21, 22.346, 22.183, 22.053, 22.096, 22.27, 22.634, 22.751, 22.638, 22.79, 23.132, 23.349, 23.814, 24.027, 24.09, 24.068, 23.898, 23.678, 23.932, 24.113, 23.771, 23.308, 23.26, 23.571, 24.147, 24.364], [22.343, 21.886, 21.681, 21.54, 21.549, 21.773, 21.706, 21.808, 21.865, 22.248, 22.838, 23.526, 23.901, 23.807, 23.038, 22.73, 22.62, 22.516, 22.408, 21.798, 21.135, 20.088, 18.305, 16.485, 15.579, 16.063, 16.434, 15.868, 15.195, 15.014, 15.094, 15.451, 15.367, 14.765, 14.072, 13.256, 12.895, 11.332, 9.827, 9.383, 8.358, 8.401, 7.77, 7.207, 4.487, 0.0, 2.247, 6.205, 9.612, 10.581, 12.483, 15.531, 17.639, 18.303, 18.654, 18.906, 19.352, 19.867, 20.502, 21.191, 21.588, 21.632, 21.576, 21.538, 21.575, 21.583, 21.864, 21.994, 21.888, 22.033, 22.36, 22.591, 23.118, 23.385, 23.419, 23.344, 23.131, 22.871, 23.267, 23.697, 23.472, 22.944, 22.85, 23.171, 23.793, 24.021], [22.004, 21.561, 21.334, 21.158, 21.216, 21.457, 21.311, 21.407, 21.445, 21.836, 22.482, 23.198, 23.575, 23.458, 22.69, 22.368, 22.259, 22.193, 22.128, 21.523, 20.858, 19.852, 18.173, 16.462, 15.588, 16.032, 16.401, 15.91, 15.33, 15.12, 15.162, 15.491, 15.41, 14.803, 14.09, 13.221, 12.805, 11.259, 9.876, 9.548, 8.536, 8.535, 8.031, 7.488, 5.18, 2.247, 0.0, 4.662, 8.343, 9.527, 11.611, 14.676, 16.75, 17.413, 17.841, 18.187, 18.693, 19.23, 19.925, 20.724, 21.201, 21.252, 21.169, 21.12, 21.16, 21.2, 21.523, 21.638, 21.458, 21.515, 21.789, 21.994, 22.516, 22.788, 22.822, 22.742, 22.516, 22.228, 22.606, 23.043, 22.857, 22.412, 22.404, 22.75, 23.356, 23.587], [21.42, 21.02, 20.75, 20.422, 20.499, 20.926, 20.648, 20.66, 20.631, 20.802, 21.429, 22.115, 22.428, 22.282, 21.546, 21.162, 21.007, 21.01, 21.035, 20.497, 19.958, 19.139, 17.706, 16.354, 15.782, 16.248, 16.572, 16.298, 16.126, 15.811, 15.721, 15.97, 15.835, 15.266, 14.537, 13.649, 13.214, 11.775, 10.786, 10.792, 9.76, 9.636, 9.34, 8.718, 7.139, 6.205, 4.662, 0.0, 4.125, 6.195, 9.192, 12.457, 14.508, 15.195, 15.764, 16.31, 17.005, 17.538, 18.193, 19.208, 19.899, 20.015, 19.905, 19.824, 19.871, 20.075, 20.58, 20.671, 20.352, 20.26, 20.494, 20.639, 21.096, 21.376, 21.48, 21.45, 21.248, 20.986, 21.385, 21.738, 21.405, 21.036, 21.26, 21.704, 22.259, 22.491], [21.141, 20.769, 20.486, 20.043, 20.117, 20.769, 20.47, 20.391, 20.321, 20.273, 20.769, 21.402, 21.653, 21.494, 20.837, 20.455, 20.312, 20.412, 20.497, 20.041, 19.719, 19.137, 17.935, 16.92, 16.65, 17.191, 17.524, 17.401, 17.501, 17.176, 17.021, 17.176, 16.987, 16.644, 16.084, 15.317, 14.948, 13.624, 12.815, 13.007, 12.067, 11.879, 11.794, 11.206, 10.034, 9.612, 8.343, 4.125, 0.0, 3.435, 7.401, 10.62, 12.576, 13.394, 14.166, 14.962, 15.903, 16.455, 16.959, 17.995, 18.805, 18.992, 18.886, 18.786, 18.82, 19.166, 19.837, 19.887, 19.419, 19.198, 19.418, 19.533, 19.959, 20.228, 20.386, 20.412, 20.242, 20.023, 20.492, 20.802, 20.284, 19.884, 20.307, 20.868, 21.373, 21.614], [20.513, 20.156, 19.944, 19.576, 19.637, 20.389, 20.299, 20.235, 20.224, 20.3, 20.791, 21.403, 21.684, 21.609, 21.021, 20.819, 20.837, 20.973, 21.0, 20.562, 20.376, 19.897, 18.667, 17.592, 17.368, 18.031, 18.438, 18.277, 18.38, 18.094, 17.968, 18.135, 17.973, 17.75, 17.256, 16.553, 16.247, 14.88, 13.808, 13.843, 12.957, 12.779, 12.687, 12.148, 10.927, 10.581, 9.527, 6.195, 3.435, 0.0, 4.6, 8.618, 11.14, 12.197, 13.06, 13.96, 15.096, 15.842, 16.289, 17.085, 17.84, 18.111, 18.114, 18.129, 18.168, 18.507, 19.234, 19.341, 18.88, 18.743, 19.05, 19.254, 19.854, 20.197, 20.363, 20.421, 20.256, 20.032, 20.542, 20.901, 20.334, 19.794, 20.143, 20.764, 21.347, 21.607], [19.769, 19.444, 19.308, 19.069, 19.185, 19.948, 20.026, 19.939, 20.08, 20.631, 21.355, 21.993, 22.29, 22.32, 21.866, 21.917, 22.179, 22.473, 22.528, 22.137, 22.094, 21.761, 20.616, 19.521, 19.291, 20.018, 20.498, 20.328, 20.347, 20.096, 20.046, 20.267, 20.165, 19.937, 19.335, 18.591, 18.337, 17.047, 15.822, 15.667, 14.836, 14.696, 14.56, 14.098, 12.957, 12.483, 11.611, 9.192, 7.401, 4.6, 0.0, 5.195, 8.754, 10.032, 10.882, 11.825, 13.143, 14.25, 14.911, 15.683, 16.504, 16.866, 17.044, 17.265, 17.333, 17.655, 18.435, 18.677, 18.332, 18.369, 18.818, 19.163, 20.007, 20.484, 20.681, 20.758, 20.549, 20.228, 20.664, 21.057, 20.551, 20.021, 20.31, 20.971, 21.71, 22.002], [19.712, 19.417, 19.278, 19.037, 19.282, 20.094, 20.102, 19.888, 20.166, 21.041, 21.895, 22.594, 22.828, 22.856, 22.521, 22.641, 23.029, 23.561, 23.753, 23.418, 23.498, 23.325, 22.422, 21.574, 21.471, 22.189, 22.712, 22.633, 22.619, 22.375, 22.348, 22.559, 22.478, 22.326, 21.75, 21.064, 20.867, 19.778, 18.734, 18.631, 17.879, 17.784, 17.699, 17.257, 16.31, 15.531, 14.676, 12.457, 10.62, 8.618, 5.195, 0.0, 4.419, 6.332, 7.514, 8.81, 10.488, 11.95, 12.966, 14.108, 15.17, 15.577, 15.874, 16.204, 16.276, 16.666, 17.576, 17.885, 17.548, 17.557, 18.074, 18.467, 19.41, 19.954, 20.182, 20.263, 20.015, 19.613, 20.017, 20.436, 19.952, 19.56, 20.067, 20.834, 21.622, 21.949], [20.076, 19.812, 19.653, 19.337, 19.601, 20.449, 20.323, 20.002, 20.319, 21.284, 22.166, 22.835, 22.993, 22.956, 22.662, 22.773, 23.163, 23.775, 24.084, 23.808, 23.933, 23.887, 23.239, 22.649, 22.657, 23.335, 23.846, 23.855, 23.893, 23.669, 23.624, 23.775, 23.683, 23.578, 23.067, 22.457, 22.284, 21.325, 20.457, 20.454, 19.783, 19.689, 19.668, 19.191, 18.414, 17.639, 16.75, 14.508, 12.576, 11.14, 8.754, 4.419, 0.0, 2.922, 4.921, 6.792, 8.871, 10.508, 11.785, 13.39, 14.696, 15.085, 15.364, 15.702, 15.799, 16.322, 17.324, 17.628, 17.255, 17.133, 17.63, 18.01, 18.938, 19.501, 19.765, 19.875, 19.646, 19.226, 19.587, 19.996, 19.532, 19.319, 20.051, 20.88, 21.642, 21.978], [20.34, 20.088, 19.925, 19.591, 19.811, 20.586, 20.366, 19.993, 20.355, 21.533, 22.588, 23.216, 23.338, 23.286, 23.003, 23.128, 23.48, 24.048, 24.403, 24.157, 24.247, 24.235, 23.69, 23.145, 23.156, 23.829, 24.323, 24.382, 24.473, 24.252, 24.208, 24.351, 24.266, 24.03, 23.396, 22.737, 22.54, 21.647, 20.853, 20.862, 20.249, 20.149, 20.12, 19.628, 18.964, 18.303, 17.413, 15.195, 13.394, 12.197, 10.032, 6.332, 2.922, 0.0, 2.555, 5.002, 7.448, 9.315, 10.96, 12.999, 14.554, 14.964, 15.231, 15.628, 15.78, 16.389, 17.41, 17.757, 17.477, 17.371, 17.877, 18.26, 19.197, 19.825, 20.124, 20.256, 20.038, 19.562, 19.721, 20.068, 19.734, 19.722, 20.491, 21.288, 22.087, 22.426], [20.356, 20.114, 19.956, 19.644, 19.83, 20.541, 20.316, 19.931, 20.342, 21.733, 22.965, 23.579, 23.685, 23.664, 23.416, 23.583, 23.937, 24.471, 24.826, 24.611, 24.712, 24.725, 24.206, 23.629, 23.606, 24.273, 24.756, 24.833, 24.96, 24.75, 24.717, 24.871, 24.796, 24.455, 23.703, 22.998, 22.793, 21.933, 21.152, 21.127, 20.535, 20.427, 20.366, 19.885, 19.263, 18.654, 17.841, 15.764, 14.166, 13.06, 10.882, 7.514, 4.921, 2.555, 0.0, 2.937, 5.862, 8.111, 10.139, 12.482, 14.221, 14.708, 15.03, 15.514, 15.704, 16.372, 17.427, 17.859, 17.741, 17.744, 18.329, 18.76, 19.729, 20.417, 20.757, 20.914, 20.71, 20.194, 20.185, 20.483, 20.262, 20.33, 21.015, 21.759, 22.609, 22.951], [20.164, 19.955, 19.815, 19.529, 19.663, 20.276, 20.047, 19.666, 20.111, 21.679, 23.048, 23.64, 23.744, 23.759, 23.548, 23.764, 24.144, 24.666, 25.028, 24.852, 24.991, 25.068, 24.616, 24.033, 23.98, 24.629, 25.096, 25.191, 25.348, 25.163, 25.15, 25.304, 25.228, 24.829, 23.994, 23.261, 23.067, 22.212, 21.409, 21.36, 20.774, 20.65, 20.57, 20.094, 19.471, 18.906, 18.187, 16.31, 14.962, 13.96, 11.825, 8.81, 6.792, 5.002, 2.937, 0.0, 3.389, 6.398, 9.104, 11.865, 13.774, 14.295, 14.624, 15.157, 15.381, 16.115, 17.225, 17.772, 17.842, 17.964, 18.628, 19.138, 20.172, 20.91, 21.294, 21.476, 21.282, 20.761, 20.71, 21.028, 20.895, 20.935, 21.442, 22.093, 22.98, 23.331], [20.039, 19.862, 19.724, 19.453, 19.595, 20.068, 19.736, 19.352, 19.836, 21.579, 23.063, 23.638, 23.735, 23.771, 23.6, 23.832, 24.229, 24.761, 25.142, 25.02, 25.22, 25.374, 25.051, 24.553, 24.507, 25.11, 25.524, 25.643, 25.825, 25.643, 25.642, 25.778, 25.687, 25.266, 24.388, 23.637, 23.466, 22.642, 21.868, 21.833, 21.286, 21.167, 21.065, 20.58, 19.917, 19.352, 18.693, 17.005, 15.903, 15.096, 13.143, 10.488, 8.871, 7.448, 5.862, 3.389, 0.0, 3.928, 7.839, 11.391, 13.51, 13.991, 14.263, 14.798, 15.042, 15.817, 16.941, 17.556, 17.74, 17.926, 18.635, 19.197, 20.254, 21.024, 21.446, 21.645, 21.452, 20.934, 20.88, 21.257, 21.273, 21.361, 21.728, 22.256, 23.141, 23.504], [19.888, 19.719, 19.557, 19.233, 19.411, 19.905, 19.436, 19.001, 19.497, 21.208, 22.71, 23.298, 23.347, 23.353, 23.22, 23.425, 23.814, 24.386, 24.797, 24.728, 24.999, 25.191, 24.972, 24.661, 24.735, 25.3, 25.633, 25.807, 26.076, 25.877, 25.858, 25.96, 25.837, 25.454, 24.625, 23.906, 23.768, 22.987, 22.315, 22.343, 21.862, 21.782, 21.655, 21.137, 20.401, 19.867, 19.23, 17.538, 16.455, 15.842, 14.25, 11.95, 10.508, 9.315, 8.111, 6.398, 3.928, 0.0, 5.188, 10.012, 12.56, 13.075, 13.335, 13.873, 14.138, 15.05, 16.198, 16.768, 16.935, 17.162, 17.958, 18.516, 19.471, 20.219, 20.699, 20.944, 20.795, 20.35, 20.354, 20.753, 20.823, 20.966, 21.318, 21.758, 22.578, 22.952], [19.159, 19.04, 18.898, 18.501, 18.622, 19.319, 19.009, 18.542, 19.084, 20.785, 22.27, 22.918, 22.925, 22.914, 22.805, 23.027, 23.42, 24.005, 24.418, 24.387, 24.817, 25.018, 24.714, 24.454, 24.716, 25.397, 25.722, 25.944, 26.341, 26.172, 26.148, 26.226, 26.085, 25.787, 25.093, 24.474, 24.41, 23.614, 22.944, 23.004, 22.557, 22.525, 22.395, 21.842, 20.997, 20.502, 19.925, 18.193, 16.959, 16.289, 14.911, 12.966, 11.785, 10.96, 10.139, 9.104, 7.839, 5.188, 0.0, 5.947, 9.355, 10.231, 10.603, 11.312, 11.59, 12.722, 14.053, 14.663, 14.838, 15.3, 16.404, 17.091, 18.067, 18.843, 19.447, 19.793, 19.756, 19.528, 19.847, 20.344, 20.237, 20.121, 20.359, 20.796, 21.603, 21.992], [18.645, 18.516, 18.432, 18.091, 18.129, 19.0, 19.116, 18.733, 19.331, 21.119, 22.517, 23.201, 23.231, 23.281, 23.211, 23.514, 23.95, 24.5, 24.834, 24.794, 25.341, 25.498, 24.966, 24.531, 24.865, 25.737, 26.143, 26.326, 26.71, 26.584, 26.587, 26.676, 26.556, 26.36, 25.803, 25.305, 25.328, 24.505, 23.742, 23.743, 23.316, 23.332, 23.193, 22.64, 21.71, 21.191, 20.724, 19.208, 17.995, 17.085, 15.683, 14.108, 13.39, 12.999, 12.482, 11.865, 11.391, 10.012, 5.947, 0.0, 4.42, 6.342, 7.044, 8.1