[[0.0, 5.175, 6.668, 7.406, 8.09, 9.006, 10.014, 10.511, 10.889, 11.418, 11.639, 12.124, 12.454, 12.555, 13.632, 15.089, 15.776, 16.05, 16.454, 16.546, 16.691, 17.092, 17.378, 17.645, 17.895, 18.199, 18.602, 19.472, 20.277, 20.071, 19.724, 19.668, 19.84, 20.275, 20.728, 20.938, 21.054, 21.022, 20.825, 20.836, 21.556, 22.389, 22.684, 22.749, 22.894, 22.978, 22.922, 22.653, 23.073, 23.413, 23.2, 22.811, 22.552, 22.345, 22.308, 22.436, 22.684, 22.874, 22.906, 22.757, 22.642, 22.666, 22.44, 22.444, 22.506, 22.524, 22.492, 22.629, 23.177, 23.904, 23.934, 24.553, 25.738, 26.06, 26.05, 26.117, 26.164, 26.715, 27.3, 27.318, 27.18, 27.048, 27.446, 28.104, 28.491, 28.476], [5.175, 0.0, 2.984, 5.45, 7.382, 8.919, 10.311, 11.031, 11.318, 11.541, 11.687, 12.528, 13.302, 13.503, 14.491, 15.925, 16.71, 16.957, 17.181, 17.255, 17.451, 17.825, 18.132, 18.176, 18.178, 18.324, 18.707, 19.708, 20.681, 20.625, 20.424, 20.518, 20.824, 21.499, 22.252, 22.5, 22.612, 22.582, 22.444, 22.634, 23.405, 24.175, 24.428, 24.525, 24.666, 24.735, 24.626, 24.437, 24.862, 25.156, 24.955, 24.66, 24.568, 24.423, 24.39, 24.501, 24.688, 24.843, 24.797, 24.621, 24.588, 24.641, 24.432, 24.43, 24.402, 24.212, 24.036, 24.144, 24.919, 25.933, 26.043, 26.543, 27.379, 27.61, 27.595, 27.62, 27.693, 28.056, 28.312, 28.153, 28.048, 27.867, 28.033, 28.539, 28.845, 28.842], [6.668, 2.984, 0.0, 3.214, 5.84, 7.872, 9.547, 10.423, 10.766, 10.963, 11.124, 12.032, 12.875, 13.1, 14.113, 15.567, 16.345, 16.54, 16.744, 16.832, 17.151, 17.682, 18.018, 18.028, 17.871, 17.887, 18.207, 19.121, 20.061, 19.972, 19.755, 19.857, 20.19, 20.908, 21.734, 22.106, 22.293, 22.27, 22.138, 22.352, 23.14, 23.92, 24.173, 24.279, 24.421, 24.489, 24.369, 24.176, 24.632, 24.938, 24.711, 24.414, 24.342, 24.21, 24.199, 24.339, 24.539, 24.706, 24.67, 24.496, 24.476, 24.546, 24.34, 24.345, 24.327, 24.128, 23.93, 24.037, 24.851, 25.887, 26.009, 26.511, 27.336, 27.57, 27.547, 27.553, 27.622, 27.971, 28.244, 28.139, 28.052, 27.848, 27.978, 28.481, 28.802, 28.801], [7.406, 5.45, 3.214, 0.0, 3.214, 6.027, 8.188, 9.255, 9.677, 9.953, 10.181, 11.119, 11.933, 12.136, 13.188, 14.669, 15.392, 15.558, 15.852, 15.992, 16.469, 17.192, 17.546, 17.567, 17.31, 17.211, 17.454, 18.197, 19.024, 18.812, 18.523, 18.59, 18.911, 19.641, 20.564, 21.14, 21.405, 21.399, 21.248, 21.442, 22.252, 23.069, 23.335, 23.439, 23.591, 23.661, 23.534, 23.313, 23.796, 24.134, 23.904, 23.591, 23.475, 23.314, 23.311, 23.509, 23.766, 23.959, 23.944, 23.769, 23.739, 23.822, 23.628, 23.65, 23.659, 23.502, 23.328, 23.453, 24.224, 25.172, 25.271, 25.795, 26.694, 26.951, 26.92, 26.918, 26.965, 27.325, 27.67, 27.637, 27.552, 27.325, 27.498, 28.056, 28.413, 28.412], [8.09, 7.382, 5.84, 3.214, 0.0, 3.691, 6.584, 7.925, 8.501, 8.916, 9.184, 10.046, 10.809, 11.041, 12.185, 13.699, 14.405, 14.641, 15.087, 15.318, 15.95, 16.826, 17.204, 17.249, 16.931, 16.717, 16.826, 17.385, 18.109, 17.807, 17.452, 17.466, 17.751, 18.473, 19.486, 20.218, 20.499, 20.487, 20.342, 20.569, 21.441, 22.298, 22.583, 22.701, 22.875, 22.955, 22.829, 22.585, 23.094, 23.465, 23.259, 22.935, 22.774, 22.585, 22.58, 22.815, 23.115, 23.328, 23.335, 23.154, 23.103, 23.206, 23.03, 23.069, 23.1, 22.991, 22.86, 23.008, 23.723, 24.589, 24.672, 25.212, 26.189, 26.482, 26.444, 26.44, 26.47, 26.844, 27.241, 27.241, 27.144, 26.922, 27.154, 27.753, 28.135, 28.132], [9.006, 8.919, 7.872, 6.027, 3.691, 0.0, 3.627, 5.498, 6.421, 7.056, 7.325, 8.125, 9.015, 9.545, 10.815, 12.355, 13.196, 13.773, 14.512, 14.962, 15.812, 16.892, 17.31, 17.361, 16.96, 16.53, 16.437, 16.838, 17.529, 17.26, 16.903, 16.889, 17.152, 17.847, 18.872, 19.626, 19.879, 19.804, 19.674, 20.132, 21.258, 22.198, 22.506, 22.643, 22.828, 22.91, 22.779, 22.541, 23.089, 23.473, 23.284, 22.979, 22.843, 22.667, 22.655, 22.872, 23.16, 23.365, 23.39, 23.206, 23.139, 23.26, 23.095, 23.127, 23.142, 23.042, 22.942, 23.099, 23.781, 24.601, 24.679, 25.215, 26.227, 26.538, 26.481, 26.473, 26.497, 26.888, 27.341, 27.356, 27.247, 27.05, 27.305, 27.918, 28.306, 28.296], [10.014, 10.311, 9.547, 8.188, 6.584, 3.627, 0.0, 2.57, 4.248, 5.258, 5.594, 6.435, 7.384, 8.177, 9.461, 10.991, 11.978, 12.919, 13.98, 14.648, 15.675, 16.953, 17.403, 17.466, 17.07, 16.529, 16.324, 16.675, 17.365, 17.129, 16.782, 16.766, 17.018, 17.638, 18.58, 19.307, 19.541, 19.403, 19.231, 19.863, 21.255, 22.285, 22.619, 22.761, 22.933, 23.014, 22.891, 22.672, 23.239, 23.61, 23.418, 23.123, 23.015, 22.868, 22.855, 23.034, 23.291, 23.48, 23.519, 23.342, 23.256, 23.379, 23.218, 23.233, 23.22, 23.119, 23.045, 23.2, 23.835, 24.593, 24.658, 25.216, 26.279, 26.605, 26.535, 26.513, 26.529, 26.965, 27.523, 27.593, 27.487, 27.313, 27.597, 28.229, 28.623, 28.605], [10.511, 11.031, 10.423, 9.255, 7.925, 5.498, 2.57, 0.0, 2.432, 3.916, 4.469, 5.499, 6.413, 7.191, 8.437, 9.981, 11.043, 12.168, 13.442, 14.242, 15.368, 16.763, 17.238, 17.315, 16.975, 16.44, 16.254, 16.701, 17.454, 17.21, 16.847, 16.826, 17.061, 17.639, 18.537, 19.266, 19.502, 19.331, 19.098, 19.723, 21.211, 22.302, 22.658, 22.795, 22.956, 23.043, 22.942, 22.728, 23.299, 23.679, 23.508, 23.207, 23.086, 22.943, 22.921, 23.068, 23.304, 23.484, 23.527, 23.359, 23.271, 23.388, 23.223, 23.227, 23.197, 23.101, 23.051, 23.2, 23.792, 24.492, 24.538, 25.098, 26.179, 26.523, 26.456, 26.429, 26.44, 26.899, 27.515, 27.633, 27.537, 27.373, 27.707, 28.361, 28.757, 28.733], [10.889, 11.318, 10.766, 9.677, 8.501, 6.421, 4.248, 2.432, 0.0, 1.958, 3.126, 4.759, 5.928, 6.682, 7.896, 9.48, 10.613, 11.78, 13.048, 13.852, 15.006, 16.429, 16.906, 16.964, 16.607, 16.017, 15.861, 16.46, 17.335, 17.11, 16.746, 16.756, 17.025, 17.673, 18.683, 19.454, 19.692, 19.525, 19.265, 19.861, 21.358, 22.473, 22.845, 22.979, 23.135, 23.225, 23.133, 22.933, 23.492, 23.864, 23.703, 23.407, 23.289, 23.156, 23.14, 23.277, 23.496, 23.675, 23.725, 23.562, 23.476, 23.59, 23.418, 23.417, 23.387, 23.305, 23.263, 23.402, 23.978, 24.677, 24.733, 25.266, 26.295, 26.624, 26.565, 26.542, 26.556, 26.998, 27.574, 27.676, 27.589, 27.411, 27.756, 28.419, 28.811, 28.783], [11.418, 11.541, 10.963, 9.953, 8.916, 7.056, 5.258, 3.916, 1.958, 0.0, 1.96, 4.397, 5.912, 6.745, 7.947, 9.536, 10.726, 11.916, 13.146, 13.94, 15.065, 16.445, 16.918, 16.943, 16.533, 15.866, 15.711, 16.387, 17.319, 17.121, 16.776, 16.821, 17.143, 17.891, 19.037, 19.865, 20.118, 19.972, 19.742, 20.346, 21.819, 22.912, 23.289, 23.431, 23.591, 23.689, 23.594, 23.421, 23.968, 24.312, 24.155, 23.885, 23.793, 23.673, 23.667, 23.811, 24.024, 24.194, 24.233, 24.069, 24.0, 24.119, 23.961, 23.962, 23.92, 23.819, 23.759, 23.891, 24.483, 25.208, 25.287, 25.785, 26.723, 27.02, 26.96, 26.936, 26.958, 27.356, 27.845, 27.887, 27.801, 27.603, 27.914, 28.561, 28.945, 28.917], [11.639, 11.687, 11.124, 10.181, 9.184, 7.325, 5.594, 4.469, 3.126, 1.96, 0.0, 3.025, 5.014, 6.071, 7.419, 9.151, 10.452, 11.741, 13.023, 13.881, 15.043, 16.432, 16.938, 16.947, 16.525, 15.775, 15.552, 16.254, 17.252, 17.116, 16.792, 16.843, 17.185, 17.979, 19.156, 20.001, 20.254, 20.109, 19.921, 20.582, 22.085, 23.182, 23.561, 23.718, 23.898, 24.007, 23.906, 23.747, 24.308, 24.654, 24.501, 24.223, 24.118, 23.996, 23.985, 24.118, 24.318, 24.491, 24.515, 24.345, 24.299, 24.422, 24.249, 24.249, 24.202, 24.077, 24.0, 24.124, 24.738, 25.488, 25.58, 26.078, 27.006, 27.293, 27.218, 27.187, 27.214, 27.594, 28.051, 28.05, 27.954, 27.753, 28.045, 28.679, 29.061, 29.037], [12.124, 12.528, 12.032, 11.119, 10.046, 8.125, 6.435, 5.499, 4.759, 4.397, 3.025, 0.0, 2.667, 4.399, 6.174, 8.151, 9.632, 11.128, 12.526, 13.549, 14.874, 16.353, 16.911, 16.965, 16.537, 15.682, 15.316, 15.967, 17.001, 16.932, 16.613, 16.636, 16.946, 17.686, 18.789, 19.626, 19.856, 19.661, 19.479, 20.222, 21.831, 22.996, 23.413, 23.589, 23.783, 23.911, 23.821, 23.656, 24.243, 24.608, 24.455, 24.144, 23.993, 23.86, 23.845, 23.961, 24.149, 24.338, 24.372, 24.201, 24.164, 24.287, 24.078, 24.075, 24.047, 23.937, 23.871, 23.99, 24.606, 25.35, 25.442, 25.976, 27.002, 27.335, 27.268, 27.24, 27.255, 27.661, 28.196, 28.228, 28.112, 27.94, 28.238, 28.862, 29.253, 29.232], [12.454, 13.302, 12.875, 11.933, 10.809, 9.015, 7.384, 6.413, 5.928, 5.912, 5.014, 2.667, 0.0, 2.485, 4.88, 7.067, 8.527, 10.132, 11.743, 12.917, 14.341, 15.895, 16.488, 16.626, 16.253, 15.473, 15.133, 15.688, 16.628, 16.534, 16.207, 16.213, 16.465, 17.074, 18.053, 18.916, 19.142, 18.898, 18.663, 19.411, 21.086, 22.307, 22.768, 22.947, 23.133, 23.281, 23.24, 23.051, 23.654, 24.051, 23.868, 23.49, 23.282, 23.128, 23.111, 23.225, 23.427, 23.628, 23.679, 23.504, 23.441, 23.56, 23.342, 23.34, 23.331, 23.265, 23.233, 23.354, 23.932, 24.63, 24.713, 25.293, 26.43, 26.809, 26.75, 26.725, 26.724, 27.194, 27.873, 28.023, 27.908, 27.785, 28.173, 28.831, 29.246, 29.221], [12.555, 13.503, 13.1, 12.136, 11.041, 9.545, 8.177, 7.191, 6.682, 6.745, 6.071, 4.399, 2.485, 0.0, 3.016, 5.636, 7.07, 8.606, 10.354, 11.695, 13.305, 15.008, 15.643, 15.816, 15.567, 14.877, 14.565, 15.173, 16.193, 16.147, 15.856, 15.883, 16.109, 16.657, 17.593, 18.504, 18.737, 18.489, 18.207, 18.864, 20.483, 21.71, 22.192, 22.367, 22.546, 22.702, 22.7, 22.496, 23.104, 23.533, 23.313, 22.851, 22.586, 22.415, 22.387, 22.475, 22.679, 22.897, 22.949, 22.78, 22.721, 22.846, 22.621, 22.616, 22.628, 22.598, 22.589, 22.713, 23.279, 23.954, 24.033, 24.635, 25.815, 26.203, 26.145, 26.127, 26.123, 26.614, 27.34, 27.562, 27.461, 27.344, 27.795, 28.482, 28.914, 28.892], [13.632, 14.491, 14.113, 13.188, 12.185, 10.815, 9.461, 8.437, 7.896, 7.947, 7.419, 6.174, 4.88, 3.016, 0.0, 3.024, 4.874, 6.974, 9.062, 10.649, 12.589, 14.595, 15.252, 15.435, 15.262, 14.437, 13.986, 14.688, 15.922, 16.043, 15.814, 15.855, 16.081, 16.62, 17.555, 18.464, 18.668, 18.391, 18.053, 18.668, 20.276, 21.526, 22.04, 22.225, 22.397, 22.538, 22.55, 22.357, 22.978, 23.415, 23.159, 22.645, 22.369, 22.205, 22.161, 22.209, 22.397, 22.623, 22.667, 22.505, 22.475, 22.623, 22.4, 22.38, 22.384, 22.352, 22.34, 22.446, 23.017, 23.697, 23.782, 24.378, 25.556, 25.956, 25.911, 25.903, 25.89, 26.37, 27.116, 27.39, 27.301, 27.173, 27.669, 28.363, 28.791, 28.764], [15.089, 15.925, 15.567, 14.669, 13.699, 12.355, 10.991, 9.981, 9.48, 9.536, 9.151, 8.151, 7.067, 5.636, 3.024, 0.0, 2.698, 5.95, 8.518, 10.295, 12.45, 14.666, 15.309, 15.478, 15.247, 14.205, 13.565, 14.224, 15.548, 15.787, 15.612, 15.664, 15.885, 16.416, 17.379, 18.298, 18.452, 18.112, 17.726, 18.38, 20.058, 21.35, 21.902, 22.107, 22.279, 22.406, 22.421, 22.245, 22.899, 23.349, 23.078, 22.533, 22.256, 22.094, 22.037, 22.072, 22.258, 22.49, 22.53, 22.369, 22.361, 22.531, 22.315, 22.285, 22.269, 22.221, 22.195, 22.266, 22.842, 23.535, 23.625, 24.216, 25.402, 25.836, 25.808, 25.81, 25.775, 26.247, 27.041, 27.355, 27.256, 27.116, 27.652, 28.351, 28.776, 28.738], [15.776, 16.71, 16.345, 15.392, 14.405, 13.196, 11.978, 11.043, 10.613, 10.726, 10.452, 9.632, 8.527, 7.07, 4.874, 2.698, 0.0, 4.101, 7.299, 9.293, 11.644, 14.042, 14.72, 14.873, 14.64, 13.611, 12.976, 13.455, 14.695, 14.969, 14.83, 14.894, 15.079, 15.573, 16.58, 17.571, 17.708, 17.358, 16.972, 17.643, 19.366, 20.697, 21.271, 21.484, 21.665, 21.804, 21.835, 21.645, 22.349, 22.864, 22.597, 22.014, 21.697, 21.516, 21.431, 21.448, 21.654, 21.911, 21.948, 21.785, 21.801, 22.002, 21.789, 21.754, 21.748, 21.718, 21.697, 21.757, 22.312, 22.996, 23.088, 23.706, 24.952, 25.399, 25.366, 25.373, 25.333, 25.83, 26.666, 27.003, 26.892, 26.75, 27.344, 28.085, 28.538, 28.497], [16.05, 16.957, 16.54, 15.558, 14.641, 13.773, 12.919, 12.168, 11.78, 11.916, 11.741, 11.128, 10.132, 8.606, 6.974, 5.95, 4.101, 0.0, 3.891, 6.519, 9.385, 12.037, 12.804, 12.951, 12.917, 12.346, 12.061, 12.548, 13.679, 14.001, 13.918, 13.995, 14.141, 14.64, 15.793, 16.911, 17.052, 16.765, 16.401, 16.947, 18.522, 19.842, 20.433, 20.667, 20.86, 20.994, 21.036, 20.816, 21.555, 22.127, 21.874, 21.336, 21.013, 20.822, 20.724, 20.731, 20.947, 21.231, 21.283, 21.127, 21.16, 21.379, 21.156, 21.115, 21.156, 21.195, 21.185, 21.253, 21.782, 22.432, 22.524, 23.162, 24.455, 24.892, 24.857, 24.887, 24.851, 25.363, 26.186, 26.519, 26.411, 26.28, 26.947, 27.737, 28.221, 28.187], [16.454, 17.181, 16.744, 15.852, 15.087, 14.512, 13.98, 13.442, 13.048, 13.146, 13.023, 12.526, 11.743, 10.354, 9.062, 8.518, 7.299, 3.891, 0.0, 3.645, 7.312, 10.276, 11.139, 11.271, 11.448, 11.346, 11.423, 12.159, 13.35, 13.782, 13.754, 13.837, 14.016, 14.612, 15.911, 17.07, 17.218, 16.986, 16.614, 16.993, 18.32, 19.541, 20.128, 20.381, 20.58, 20.681, 20.711, 20.495, 21.227, 21.801, 21.554, 21.087, 20.825, 20.66, 20.589, 20.612, 20.805, 21.087, 21.168, 21.032, 21.069, 21.286, 21.049, 21.008, 21.089, 21.185, 21.176, 21.238, 21.776, 22.43, 22.537, 23.162, 24.437, 24.891, 24.894, 24.949, 24.914, 25.39, 26.139, 26.453, 26.362, 26.239, 26.924, 27.705, 28.182, 28.155], [16.546, 17.255, 16.832, 15.992, 15.318, 14.962, 14.648, 14.242, 13.852, 13.94, 13.881, 13.549, 12.917, 11.695, 10.649, 10.295, 9.293, 6.519, 3.645, 0.0, 4.294, 7.941, 8.986, 9.142, 9.609, 10.037, 10.686, 11.916, 13.234, 13.633, 13.542, 13.571, 13.749, 14.448, 15.837, 16.968, 17.135, 16.973, 16.565, 16.703, 17.811, 18.938, 19.501, 19.733, 19.908, 19.989, 20.02, 19.813, 20.539, 21.124, 20.895, 20.444, 20.196, 20.067, 20.028, 20.084, 20.294, 20.585, 20.716, 20.579, 20.533, 20.701, 20.435, 20.401, 20.543, 20.725, 20.742, 20.774, 21.236, 21.872, 21.997, 22.66, 24.001, 24.479, 24.508, 24.59, 24.553, 25.057, 25.849, 26.242, 26.161, 26.072, 26.846, 27.654, 28.147, 28.124], [16.691, 17.451, 17.151, 16.469, 15.95, 15.812, 15.675, 15.368, 15.006, 15.065, 15.043, 14.874, 14.341, 13.305, 12.589, 12.45, 11.644, 9.385, 7.312, 4.294, 0.0, 4.45, 5.931, 6.166, 7.468, 9.064, 10.623, 12.446, 13.798, 14.122, 13.982, 13.96, 14.117, 14.866, 16.228, 17.184, 17.321, 17.222, 16.82, 16.718, 17.56, 18.569, 19.084, 19.266, 19.405, 19.485, 19.544, 19.367, 20.043, 20.604, 20.413, 19.985, 19.761, 19.695, 19.734, 19.87, 20.124, 20.408, 20.579, 20.429, 20.257, 20.343, 20.057, 20.021, 20.224, 20.497, 20.542, 20.549, 20.879, 21.437, 21.565, 22.268, 23.681, 24.181, 24.229, 24.332, 24.294, 24.847, 25.693, 26.152, 26.074, 26.002, 26.854, 27.7, 28.192, 28.165], [17.092, 17.825, 17.682, 17.192, 16.826, 16.892, 16.953, 16.763, 16.429, 16.445, 16.432, 16.353, 15.895, 15.008, 14.595, 14.666, 14.042, 12.037, 10.276, 7.941, 4.45, 0.0, 2.243, 3.177, 6.298, 9.402, 11.509, 13.575, 14.798, 15.063, 14.949, 14.906, 15.046, 15.772, 17.057, 17.851, 17.965, 17.913, 17.587, 17.39, 17.976, 18.841, 19.296, 19.453, 19.581, 19.67, 19.742, 19.589, 20.174, 20.683, 20.556, 20.178, 19.996, 19.984, 20.114, 20.384, 20.705, 20.97, 21.139, 20.994, 20.771, 20.789, 20.48, 20.439, 20.672, 20.977, 21.027, 21.041, 21.316, 21.823, 21.949, 22.629, 23.998, 24.488, 24.549, 24.659, 24.618, 25.135, 25.863, 26.226, 26.13, 26.043, 26.866, 27.691, 28.145, 28.11], [17.378, 18.132, 18.018, 17.546, 17.204, 17.31, 17.403, 17.238, 16.906, 16.918, 16.938, 16.911, 16.488, 15.643, 15.252, 15.309, 14.72, 12.804, 11.139, 8.986, 5.931, 2.243, 0.0, 2.511, 6.462, 9.845, 11.954, 14.025, 15.212, 15.411, 15.274, 15.217, 15.337, 16.01, 17.246, 17.994, 18.099, 18.051, 17.721, 17.486, 18.023, 18.861, 19.306, 19.462, 19.589, 19.665, 19.727, 19.571, 20.15, 20.664, 20.536, 20.152, 19.974, 19.976, 20.128, 20.46, 20.839, 21.101, 21.261, 21.115, 20.868, 20.848, 20.532, 20.495, 20.739, 21.056, 21.113, 21.129, 21.363, 21.824, 21.95, 22.606, 23.946, 24.438, 24.51, 24.63, 24.579, 25.09, 25.812, 26.171, 26.071, 25.981, 26.813, 27.641, 28.085, 28.043], [17.645, 18.176, 18.028, 17.567, 17.249, 17.361, 17.466, 17.315, 16.964, 16.943, 16.947, 16.965, 16.626, 15.816, 15.435, 15.478, 14.873, 12.951, 11.271, 9.142, 6.166, 3.177, 2.511, 0.0, 4.72, 8.616, 11.042, 13.307, 14.622, 14.915, 14.858, 14.895, 15.099, 15.919, 17.326, 18.111, 18.21, 18.164, 17.841, 17.664, 18.282, 19.143, 19.571, 19.729, 19.87, 19.954, 19.96, 19.866, 20.475, 20.986, 20.914, 20.582, 20.456, 20.469, 20.618, 20.935, 21.296, 21.562, 21.724, 21.594, 21.386, 21.389, 21.082, 21.041, 21.265, 21.539, 21.568, 21.585, 21.871, 22.392, 22.532, 23.171, 24.459, 24.942, 25.0, 25.097, 25.06, 25.541, 26.199, 26.495, 26.386, 26.276, 27.077, 27.891, 28.322, 28.281], [17.895, 18.178, 17.871, 17.31, 16.931, 16.96, 17.07, 16.975, 16.607, 16.533, 16.525, 16.537, 16.253, 15.567, 15.262, 15.247, 14.64, 12.917, 11.448, 9.609, 7.468, 6.298, 6.462, 4.72, 0.0, 5.039, 8.576, 11.148, 12.637, 13.066, 13.118, 13.306, 13.653, 14.757, 16.538, 17.509, 17.62, 17.543, 17.201, 17.166, 17.991, 18.93, 19.382, 19.572, 19.717, 19.861, 19.811, 19.82, 20.543, 21.059, 21.013, 20.735, 20.667, 20.675, 20.829, 21.172, 21.531, 21.803, 21.987, 21.876, 21.691, 21.738, 21.474, 21.443, 21.634, 21.837, 21.813, 21.825, 22.202, 22.86, 23.043, 23.644, 24.86, 25.367, 25.42, 25.475, 25.471, 25.928, 26.536, 26.788, 26.682, 26.529, 27.246, 28.025, 28.441, 28.403], [18.199, 18.324, 17.887, 17.211, 16.717, 16.53, 16.529, 16.44, 16.017, 15.866, 15.775, 15.682, 15.473, 14.877, 14.437, 14.205, 13.611, 12.346, 11.346, 10.037, 9.064, 9.402, 9.845, 8.616, 5.039, 0.0, 4.712, 8.05, 10.378, 11.27, 11.422, 11.738, 12.232, 13.672, 15.885, 17.042, 17.104, 16.94, 16.598, 16.806, 17.93, 19.003, 19.507, 19.735, 19.902, 20.095, 20.03, 20.099, 20.955, 21.506, 21.375, 20.993, 20.894, 20.867, 20.97, 21.246, 21.574, 21.868, 22.042, 21.947, 21.866, 22.013, 21.769, 21.736, 21.89, 22.016, 21.947, 21.945, 22.419, 23.201, 23.406, 23.981, 25.156, 25.686, 25.75, 25.788, 25.809, 26.221, 26.743, 26.912, 26.801, 26.595, 27.229, 27.98, 28.395, 28.361], [18.602, 18.707, 18.207, 17.454, 16.826, 16.437, 16.324, 16.254, 15.861, 15.711, 15.552, 15.316, 15.133, 14.565, 13.986, 13.565, 12.976, 12.061, 11.423, 10.686, 10.623, 11.509, 11.954, 11.042, 8.576, 4.712, 0.0, 4.763, 8.49, 9.976, 10.303, 10.691, 11.262, 12.841, 15.342, 16.701, 16.731, 16.474, 16.157, 16.6, 17.906, 19.022, 19.529, 19.791, 20.006, 20.21, 20.136, 20.24, 21.145, 21.745, 21.617, 21.163, 21.004, 20.939, 20.998, 21.205, 21.508, 21.812, 21.948, 21.89, 21.976, 22.237, 21.999, 21.959, 22.08, 22.16, 22.08, 22.088, 22.644, 23.469, 23.657, 24.224, 25.403, 25.945, 26.003, 26.022, 26.031, 26.398, 26.827, 26.868, 26.73, 26.509, 27.069, 27.792, 28.224, 28.195], [19.472, 19.708, 19.121, 18.197, 17.385, 16.838, 16.675, 16.701, 16.46, 16.387, 16.254, 15.967, 15.688, 15.173, 14.688, 14.224, 13.455, 12.548, 12.159, 11.916, 12.446, 13.575, 14.025, 13.307, 11.148, 8.05, 4.763, 0.0, 4.831, 7.281, 7.914, 8.467, 9.122, 10.824, 13.761, 15.554, 15.63, 15.319, 15.102, 15.902, 17.382, 18.49, 18.97, 19.278, 19.536, 19.718, 19.619, 19.756, 20.733, 21.404, 21.34, 20.936, 20.81, 20.73, 20.786, 21.016, 21.358, 21.663, 21.787, 21.756, 21.956, 22.39, 22.284, 22.261, 22.36, 22.44, 22.368, 22.399, 22.964, 23.761, 23.947, 24.483, 25.641, 26.165, 26.171, 26.164, 26.15, 26.473, 26.848, 26.818, 26.665, 26.446, 26.963, 27.672, 28.134, 28.114], [20.277, 20.681, 20.061, 19.024, 18.109, 17.529, 17.365, 17.454, 17.335, 17.319, 17.252, 17.001, 16.628, 16.193, 15.922, 15.548, 14.695, 13.679, 13.35, 13.234, 13.798, 14.798, 15.212, 14.622, 12.637, 10.378, 8.49, 4.831, 0.0, 3.659, 4.915, 5.742, 6.587, 8.413, 11.759, 13.98, 14.192, 13.965, 13.931, 14.955, 16.457, 17.505, 17.941, 18.264, 18.54, 18.704, 18.582, 18.741, 19.743, 20.433, 20.453, 20.225, 20.232, 20.204, 20.333, 20.738, 21.198, 21.472, 21.614, 21.591, 21.754, 22.296, 22.387, 22.407, 22.466, 22.554, 22.499, 22.554, 23.071, 23.764, 23.939, 24.422, 25.493, 25.95, 25.909, 25.899, 25.885, 26.198, 26.536, 26.456, 26.294, 26.042, 26.505, 27.224, 27.71, 27.698], [20.071, 20.625, 19.972, 18.812, 17.807, 17.26, 17.129, 17.21, 17.11, 17.121, 17.116, 16.932, 16.534, 16.147, 16.043, 15.787, 14.969, 14.001, 13.782, 13.633, 14.122, 15.063, 15.411, 14.915, 13.066, 11.27, 9.976, 7.281, 3.659, 0.0, 2.15, 3.62, 4.774, 6.851, 10.443, 12.876, 13.253, 13.172, 13.189, 14.107, 15.573, 16.648, 17.075, 17.408, 17.689, 17.866, 17.748, 17.894, 18.863, 19.534, 19.591, 19.441, 19.484, 19.482, 19.687, 20.277, 20.86, 21.113, 21.271, 21.238, 21.308, 21.804, 21.96, 22.024, 22.069, 22.163, 22.127, 22.2, 22.654, 23.237, 23.395, 23.851, 24.868, 25.269, 25.221, 25.223, 25.215, 25.574, 25.99, 25.953, 25.795, 25.485, 25.927, 26.695, 27.202, 27.187], [19.724, 20.424, 19.755, 18.523, 17.452, 16.903, 16.782, 16.847, 16.746, 16.776, 16.792, 16.613, 16.207, 15.856, 15.814, 15.612, 14.83, 13.918, 13.754, 13.542, 13.982, 14.949, 15.274, 14.858, 13.118, 11.422, 10.303, 7.914, 4.915, 2.15, 0.0, 1.958, 3.459, 5.796, 9.558, 12.113, 12.554, 12.517, 12.498, 13.363, 14.868, 16.008, 16.492, 16.828, 17.109, 17.316, 17.216, 17.345, 18.345, 19.04, 19.084, 18.903, 18.903, 18.88, 19.091, 19.719, 20.343, 20.613, 20.782, 20.734, 20.778, 21.27, 21.415, 21.487, 21.582, 21.722, 21.712, 21.786, 22.186, 22.72, 22.875, 23.356, 24.428, 24.836, 24.792, 24.805, 24.784, 25.171, 25.668, 25.696, 25.54, 25.222, 25.705, 26.51, 27.035, 27.015], [19.668, 20.518, 19.857, 18.59, 17.466, 16.889, 16.766, 16.826, 16.756, 16.821, 16.843, 16.636, 16.213, 15.883, 15.855, 15.664, 14.894, 13.995, 13.837, 13.571, 13.96, 14.906, 15.217, 14.895, 13.306, 11.738, 10.691, 8.467, 5.742, 3.62, 1.958, 0.0, 1.924, 4.599, 8.577, 11.3, 11.807, 11.778, 11.779, 12.687, 14.181, 15.325, 15.859, 16.187, 16.48, 16.718, 16.641, 16.757, 17.798, 18.556, 18.619, 18.412, 18.374, 18.341, 18.552, 19.194, 19.839, 20.117, 20.297, 20.247, 20.28, 20.774, 20.919, 20.993, 21.126, 21.336, 21.365, 21.442, 21.795, 22.289, 22.437, 22.948, 24.09, 24.513, 24.47, 24.498, 24.473, 24.892, 25.445, 25.506, 25.342, 25.03, 25.572, 26.414, 26.952, 26.93], [19.84, 20.824, 20.19, 18.911, 17.751, 17.152, 17.018, 17.061, 17.025, 17.143, 17.185, 16.946, 16.465, 16.109, 16.081, 15.885, 15.079, 14.141, 14.016, 13.749, 14.117, 15.046, 15.337, 15.099, 13.653, 12.232, 11.262, 9.122, 6.587, 4.774, 3.459, 1.924, 0.0, 3.038, 7.399, 10.391, 10.97, 10.957, 11.027, 12.037, 13.557, 14.713, 15.278, 15.612, 15.901, 16.154, 16.099, 16.199, 17.293, 18.123, 18.22, 18.008, 17.947, 17.913, 18.111, 18.752, 19.422, 19.708, 19.891, 19.843, 19.87, 20.368, 20.513, 20.586, 20.727, 20.974, 21.045, 21.136, 21.443, 21.892, 22.033, 22.565, 23.761, 24.191, 24.132, 24.162, 24.144, 24.614, 25.239, 25.343, 25.177, 24.886, 25.492, 26.374, 26.929, 26.908], [20.275, 21.499, 20.908, 19.641, 18.473, 17.847, 17.638, 17.639, 17.673, 17.891, 17.979, 17.686, 17.074, 16.657, 16.62, 16.416, 15.573, 14.64, 14.612, 14.448, 14.866, 15.772, 16.01, 15.919, 14.757, 13.672, 12.841, 10.824, 8.413, 6.851, 5.796, 4.599, 3.038, 0.0, 4.852, 8.489, 9.331, 9.418, 9.664, 10.875, 12.512, 13.763, 14.406, 14.729, 14.961, 15.214, 15.209, 15.274, 16.424, 17.302, 17.415, 17.214, 17.15, 17.141, 17.341, 18.011, 18.744, 19.033, 19.237, 19.205, 19.213, 19.742, 19.918, 19.987, 20.138, 20.424, 20.545, 20.671, 20.91, 21.256, 21.378, 21.931, 23.192, 23.626, 23.544, 23.584, 23.565, 24.105, 24.849, 25.036, 24.878, 24.622, 25.324, 26.269, 26.852, 26.83], [20.728, 22.252, 21.734, 20.564, 19.486, 18.872, 18.58, 18.537, 18.683, 19.037, 19.156, 18.789, 18.053, 17.593, 17.555, 17.379, 16.58, 15.793, 15.911, 15.837, 16.228, 17.057, 17.246, 17.326, 16.538, 15.885, 15.342, 13.761, 11.759, 10.443, 9.558, 8.577, 7.399, 4.852, 0.0, 4.586, 6.272, 6.904, 7.734, 9.107, 10.859, 12.37, 13.164, 13.45, 13.592, 13.822, 13.907, 13.923, 15.122, 15.982, 16.052, 15.889, 15.902, 15.986, 16.228, 17.001, 17.821, 18.081, 18.331, 18.345, 18.339, 18.917, 19.15, 19.215, 19.368, 19.709, 19.893, 20.039, 20.18, 20.378, 20.469, 21.048, 22.348, 22.769, 22.68, 22.753, 22.729, 23.351, 24.269, 24.59, 24.453, 24.242, 25.113, 26.146, 26.753, 26.73], [20.938, 22.5, 22.106, 21.14, 20.218, 19.626, 19.307, 19.266, 19.454, 19.865, 20.001, 19.626, 18.916, 18.504, 18.464, 18.298, 17.571, 16.911, 17.07, 16.968, 17.184, 17.851, 17.994, 18.111, 17.509, 17.042, 16.701, 15.554, 13.98, 12.876, 12.113, 11.3, 10.391, 8.489, 4.586, 0.0, 2.827, 4.62, 6.325, 7.768, 9.66, 11.506, 12.383, 12.63, 12.744, 12.929, 13.047, 13.108, 14.316, 15.051, 15.079, 15.008, 15.164, 15.351, 15.618, 16.481, 17.356, 17.598, 17.866, 17.888, 17.878, 18.507, 18.796, 18.862, 19.024, 19.408, 19.635, 19.768, 19.869, 20.074, 20.17, 20.755, 22.027, 22.402, 22.326, 22.436, 22.443, 23.127, 24.133, 24.508, 24.388, 24.202, 25.155, 26.22, 26.82, 26.794], [21.054, 22.612, 22.293, 21.405, 20.499, 19.879, 19.541, 19.502, 19.692, 20.118, 20.254, 19.856, 19.142, 18.737, 18.668, 18.452, 17.708, 17.052, 17.218, 17.135, 17.321, 17.965, 18.099, 18.21, 17.62, 17.104, 16.731, 15.63, 14.192, 13.253, 12.554, 11.807, 10.97, 9.331, 6.272, 2.827, 0.0, 2.594, 4.931, 6.82, 9.096, 11.118, 12.044, 12.329, 12.504, 12.714, 12.824, 12.925, 14.188, 14.956, 15.001, 14.893, 15.018, 15.193, 15.447, 16.278, 17.129, 17.403, 17.66, 17.634, 17.59, 18.225, 18.502, 18.563, 18.762, 19.183, 19.436, 19.558, 19.646, 19.937, 20.092, 20.709, 22.046, 22.431, 22.366, 22.48, 22.52, 23.265, 24.329, 24.732, 24.621, 24.463, 25.451, 26.522, 27.124, 27.095], [21.022, 22.582, 22.27, 21.399, 20.487, 19.804, 19.403, 19.331, 19.525, 19.972, 20.109, 19.661, 18.898, 18.489, 18.391, 18.112, 17.358, 16.765, 16.986, 16.973, 17.222, 17.913, 18.051, 18.164, 17.543, 16.94, 16.474, 15.319, 13.965, 13.172, 12.517, 11.778, 10.957, 9.418, 6.904, 4.62, 2.594, 0.0, 3.055, 5.948, 8.806, 11.005, 11.989, 12.33, 12.568, 12.825, 12.929, 13.015, 14.348, 15.224, 15.243, 14.983, 15.031, 15.168, 15.426, 16.206, 16.995, 17.284, 17.544, 17.491, 17.418, 18.031, 18.281, 18.344, 18.561, 18.992, 19.251, 19.371, 19.492, 19.868, 20.055, 20.712, 22.141, 22.58, 22.521, 22.622, 22.677, 23.467, 24.577, 25.015, 24.908, 24.78, 25.784, 26.842, 27.431, 27.393], [20.825, 22.444, 22.138, 21.248, 20.342, 19.674, 19.231, 19.098, 19.265, 19.742, 19.921, 19.479, 18.663, 18.207, 18.053, 17.726, 16.972, 16.401, 16.614, 16.565, 16.82, 17.587, 17.721, 17.841, 17.201, 16.598, 16.157, 15.102, 13.931, 13.189, 12.498, 11.779, 11.027, 9.664, 7.734, 6.325, 4.931, 3.055, 0.0, 4.029, 7.82, 10.378, 11.482, 11.883, 12.131, 12.421, 12.548, 12.621, 14.04, 15.044, 15.02, 14.591, 14.541, 14.618, 14.879, 15.668, 16.461, 16.777, 17.057, 16.975, 16.83, 17.416, 17.666, 17.741, 18.002, 18.493, 18.777, 18.895, 19.02, 19.446, 19.652, 20.354, 21.92, 22.427, 22.378, 22.47, 22.517, 23.367, 24.599, 25.144, 25.044, 24.967, 26.04, 27.109, 27.692, 27.639], [20.836, 22.634, 22.352, 21.442, 20.569, 20.132, 19.863, 19.723, 19.861, 20.346, 20.582, 20.222, 19.411, 18.864, 18.668, 18.38, 17.643, 16.947, 16.993, 16.703, 16.718, 17.39, 17.486, 17.664, 17.166, 16.806, 16.6, 15.902, 14.955, 14.107, 13.363, 12.687, 12.037, 10.875, 9.107, 7.768, 6.82, 5.948, 4.029, 0.0, 4.869, 8.353, 9.769, 10.247, 10.475, 10.804, 11.007, 11.142, 12.619, 13.665, 13.611, 13.114, 13.006, 13.105, 13.447, 14.385, 15.293, 15.645, 16.016, 15.972, 15.758, 16.34, 16.646, 16.752, 17.117, 17.767, 18.1, 18.2, 18.196, 18.51, 18.7, 19.452, 21.161, 21.748, 21.756, 21.875, 21.904, 22.819, 24.204, 24.894, 24.805, 24.757, 25.945, 27.07, 27.663, 27.605], [21.556, 23.405, 23.14, 22.252, 21.441, 21.258, 21.255, 21.211, 21.358, 21.819, 22.085, 21.831, 21.086, 20.483, 20.276, 20.058, 19.366, 18.522, 18.32, 17.811, 17.56, 17.976, 18.023, 18.282, 17.991, 17.93, 17.906, 17.382, 16.457, 15.573, 14.868, 14.181, 13.557, 12.512, 10.859, 9.66, 9.096, 8.806, 7.82, 4.869, 0.0, 4.499, 6.572, 7.326, 7.687, 8.192, 8.676, 8.938, 10.339, 11.464, 11.568, 11.328, 11.413, 11.636, 12.167, 13.384, 14.386, 14.699, 15.201, 15.278, 15.106, 15.768, 16.253, 16.425, 16.87, 17.666, 18.036, 18.112, 17.996, 18.192, 18.359, 19.069, 20.791, 21.475, 21.586, 21.743, 21.743, 22.609, 24.028, 24.822, 24.756, 24.701, 25.88, 26.983, 27.573, 27.514], [22.389, 24.175, 23.92, 23.069, 22.298, 22.198, 22.285, 22.302, 22.473, 22.912, 23.182, 22.996, 22.307, 21.71, 21.526, 21.35, 20.697, 19.842, 19.541, 18.938, 18.569, 18.841, 18.861, 19.143, 18.93, 19.003, 19.022, 18.49, 17.505, 16.648, 16.008, 15.325, 14.713, 13.763, 12.37, 11.506, 11.118, 11.005, 10.378, 8.353, 4.499, 0.0, 2.934, 4.4, 5.173, 6.178, 7.072, 7.539, 8.842, 10.197, 10.653, 10.749, 11.092, 11.417, 12.036, 13.313, 14.267, 14.538, 15.14, 15.304, 15.177, 15.892, 16.491, 16.692, 17.183, 18.053, 18.44, 18.492, 18.283, 18.424, 18.628, 19.247, 20.879, 21.607, 21.765, 21.93, 21.913, 22.717, 24.127, 24.975, 24.928, 24.894, 26.012, 27.058, 27.642, 27.58], [22.684, 24.428, 24.173, 23.335, 22.583, 22.506, 22.619, 22.658, 22.845, 23.289, 23.561, 23.413, 22.768, 22.192, 22.04, 21.902, 21.271, 20.433, 20.128, 19.501, 19.084, 19.296, 19.306, 19.571, 19.382, 19.507, 19.529, 18.97, 17.941, 17.075, 16.492, 15.859, 15.278, 14.406, 13.164, 12.383, 12.044, 11.989, 11.482, 9.769, 6.572, 2.934, 0.0, 2.362, 3.752, 5.086, 6.164, 6.842, 8.129, 9.614, 10.34, 10.647, 11.106, 11.471, 12.125, 13.382, 14.295, 14.553, 15.183, 15.378, 15.284, 16.048, 16.697, 16.889, 17.358, 18.217, 18.6, 18.647, 18.419, 18.568, 18.791, 19.353, 20.882, 21.579, 21.731, 21.889, 21.877, 22.657, 24.023, 24.843, 24.806, 24.777, 25.894, 26.946, 27.535, 27.476], [22.749, 24.525, 24.279, 23.439, 22.701, 22.643, 22.761, 22.795, 22.979, 23.431, 23.718, 23.589, 22.947, 22.367, 22.225, 22.107, 21.484, 20.667, 20.381, 19.733, 19.266, 19.453, 19.462, 19.729, 19.572, 19.735, 19.791, 19.278, 18.264, 17.408, 16.828, 16.187, 15.612, 14.729, 13.45, 12.63, 12.329, 12.33, 11.883, 10.247, 7.326, 4.4, 2.362, 0.0, 2.232, 4.139, 5.324, 6.212, 7.535, 9.054, 9.872, 10.209, 10.689, 11.075, 11.745, 13.014, 13.942, 14.198, 14.842, 15.052, 14.974, 15.811, 16.524, 16.707, 17.183, 18.051, 18.438, 18.508, 18.272, 18.399, 18.615, 19.189, 20.727, 21.42, 21.564, 21.718, 21.709, 22.523, 23.899, 24.712, 24.68, 24.654, 25.813, 26.904, 27.504, 27.449], [22.894, 24.666, 24.421, 23.591, 22.875, 22.828, 22.933, 22.956, 23.135, 23.591, 23.898, 23.783, 23.133, 22.546, 22.397, 22.279, 21.665, 20.86, 20.58, 19.908, 19.405, 19.581, 19.589, 19.87, 19.717, 19.902, 20.006, 19.536, 18.54, 17.689, 17.109, 16.48, 15.901, 14.961, 13.592, 12.744, 12.504, 12.568, 12.131, 10.475, 7.687, 5.173, 3.752, 2.232, 0.0, 2.713, 4.262, 5.231, 6.682, 8.308, 9.201, 9.611, 10.223, 10.705, 11.4, 12.701, 13.672, 13.93, 14.595, 14.819, 14.744, 15.609, 16.339, 16.517, 17.0, 17.872, 18.252, 18.331, 18.098, 18.215, 18.434, 19.026, 20.591, 21.299, 21.443, 21.606, 21.586, 22.424, 23.853, 24.692, 24.666, 24.648, 25.81, 26.904, 27.506, 27.449], [22.978, 24.735, 24.489, 23.661, 22.955, 22.91, 23.014, 23.043, 23.225, 23.689, 24.007, 23.911, 23.281, 22.702, 22.538, 22.406, 21.804, 20.994, 20.681, 19.989, 19.485, 19.67, 19.665, 19.954, 19.861, 20.095, 20.21, 19.718, 18.704, 17.866, 17.316, 16.718, 16.154, 15.214, 13.822, 12.929, 12.714, 12.825, 12.421, 10.804, 8.192, 6.178, 5.086, 4.139, 2.713, 0.0, 2.302, 3.412, 5.14, 6.942, 8.038, 8.849, 9.778, 10.411, 11.151, 12.538, 13.557, 13.8, 14.492, 14.724, 14.666, 15.548, 16.28, 16.456, 16.932, 17.783, 18.14, 18.219, 18.019, 18.151, 18.383, 18.992, 20.562, 21.274, 21.422, 21.595, 21.56, 22.376, 23.824, 24.703, 24.689, 24.663, 25.806, 26.89, 27.489, 27.428], [22.922, 24.626, 24.369, 23.534, 22.829, 22.779, 22.891, 22.942, 23.133, 23.594, 23.906, 23.821, 23.24, 22.7, 22.55, 22.421, 21.835, 21.036, 20.711, 20.02, 19.544, 19.742, 19.727, 19.96, 19.811, 20.03, 20.136, 19.619, 18.582, 17.748, 17.216, 16.641, 16.099, 15.209, 13.907, 13.047, 12.824, 12.929, 12.548, 11.007, 8.676, 7.072, 6.164, 5.324, 4.262, 2.302, 0.0, 2.66, 4.984, 6.775, 7.993, 9.009, 10.061, 10.741, 11.497, 12.916, 13.958, 14.212, 14.873, 15.082, 15.023, 15.883, 16.563, 16.732, 17.194, 17.989, 18.306, 18.387, 18.239, 18.403, 18.637, 19.242, 20.755, 21.435, 21.55, 21.696, 21.65, 22.438, 23.831, 24.642, 24.622, 24.601, 25.718, 26.78, 27.373, 27.316], [22.653, 24.437, 24.176, 23.313, 22.585, 22.541, 22.672, 22.728, 22.933, 23.421, 23.747, 23.656, 23.051, 22.496, 22.357, 22.245, 21.645, 20.816, 20.495, 19.813, 19.367, 19.589, 19.571, 19.866, 19.82, 20.099, 20.24, 19.756, 18.741, 17.894, 17.345, 16.757, 16.199, 15.274, 13.923, 13.108, 12.925, 13.015, 12.621, 11.142, 8.938, 7.539, 6.842, 6.212, 5.231, 3.412, 2.66, 0.0, 3.271, 5.78, 7.061, 8.118, 9.208, 9.887, 10.662, 12.202, 13.303, 13.543, 14.215, 14.408, 14.302, 15.146, 15.848, 16.02, 16.489, 17.317, 17.655, 17.759, 17.62, 17.793, 18.053, 18.701, 20.308, 21.013, 21.167, 21.357, 21.296, 22.09, 23.518, 24.361, 24.341, 24.337, 25.443, 26.495, 27.102, 27.049], [23.073, 24.862, 24.632, 23.796, 23.094, 23.089, 23.239, 23.299, 23.492, 23.968, 24.308, 24.243, 23.654, 23.104, 22.978, 22.899, 22.349, 21.555, 21.227, 20.539, 20.043, 20.174, 20.15, 20.475, 20.543, 20.955, 21.145, 20.733, 19.743, 18.863, 18.345, 17.798, 17.293, 16.424, 15.122, 14.316, 14.188, 14.348, 14.04, 12.619, 10.339, 8.842, 8.129, 7.535, 6.682, 5.14, 4.984, 3.271, 0.0, 3.454, 5.818, 7.723, 9.143, 9.887, 10.696, 12.297, 13.342, 13.466, 14.195, 14.433, 14.318, 15.172, 15.968, 16.125, 16.539, 17.366, 17.717, 17.845, 17.719, 17.878, 18.167, 18.79, 20.364, 21.087, 21.296, 21.516, 21.434, 22.169, 23.576, 24.433, 24.416, 24.41, 25.5, 26.54, 27.14, 27.087], [23.413, 25.156, 24.938, 24.134, 23.465, 23.473, 23.61, 23.679, 23.864, 24.312, 24.654, 24.608, 24.051, 23.533, 23.415, 23.349, 22.864, 22.127, 21.801, 21.124, 20.604, 20.683, 20.664, 20.986, 21.059, 21.506, 21.745, 21.404, 20.433, 19.534, 19.04, 18.556, 18.123, 17.302, 15.982, 15.051, 14.956, 15.224, 15.044, 13.665, 11.464, 10.197, 9.614, 9.054, 8.308, 6.942, 6.775, 5.78, 3.454, 0.0, 3.928, 7.304, 9.219, 10.115, 10.93, 12.528, 13.555, 13.624, 14.39, 14.667, 14.57, 15.459, 16.303, 16.447, 16.814, 17.59, 17.893, 18.008, 17.934, 18.155, 18.479, 19.071, 20.538, 21.221, 21.436, 21.653, 21.571, 22.238, 23.58, 24.431, 24.429, 24.404, 25.472, 26.511, 27.111, 27.061], [23.2, 24.955, 24.711, 23.904, 23.259, 23.284, 23.418, 23.508, 23.703, 24.155, 24.501, 24.455, 23.868, 23.313, 23.159, 23.078, 22.597, 21.874, 21.554, 20.895, 20.413, 20.556, 20.536, 20.914, 21.013, 21.375, 21.617, 21.34, 20.453, 19.591, 19.084, 18.619, 18.22, 17.415, 16.052, 15.079, 15.001, 15.243, 15.02, 13.611, 11.568, 10.653, 10.34, 9.872, 9.201, 8.038, 7.993, 7.061, 5.818, 3.928, 0.0, 4.557, 7.138, 8.305, 9.286, 11.066, 12.253, 12.348, 13.184, 13.488, 13.407, 14.432, 15.338, 15.504, 15.912, 16.732, 17.021, 17.122, 17.079, 17.377, 17.75, 18.432, 19.99, 20.684, 20.912, 21.17, 21.117, 21.845, 23.266, 24.242, 24.274, 24.254, 25.344, 26.391, 27.023, 26.985], [22.811, 24.66, 24.414, 23.591, 22.935, 22.979, 23.123, 23.207, 23.407, 23.885, 24.223, 24.144, 23.49, 22.851, 22.645, 22.533, 22.014, 21.336, 21.087, 20.444, 19.985, 20.178, 20.152, 20.582, 20.735, 20.993, 21.163, 20.936, 20.225, 19.441, 18.903, 18.412, 18.008, 17.214, 15.889, 15.008, 14.893, 14.983, 14.591, 13.114, 11.328, 10.749, 10.647, 10.209, 9.611, 8.849, 9.009, 8.118, 7.723, 7.304, 4.557, 0.0, 3.449, 5.259, 6.68, 8.834, 10.34, 10.547, 11.404, 11.704, 11.603, 12.727, 13.654, 13.891, 14.433, 15.431, 15.81, 15.925, 15.849, 16.172, 16.547, 17.402, 19.22, 19.975, 20.225, 20.536, 20.528, 21.425, 22.999, 24.084, 24.125, 24.128, 25.298, 26.394, 27.044, 27.009], [22.552, 24.568, 24.342, 23.475, 22.774, 22.843, 23.015, 23.086, 23.289, 23.793, 24.118, 23.993, 23.282, 22.586, 22.369, 22.256, 21.697, 21.013, 20.825, 20.196, 19.761, 19.996, 19.974, 20.456, 20.667, 20.894, 21.004, 20.81, 20.232, 19.484, 18.903, 18.374, 17.947, 17.15, 15.902, 15.164, 15.018, 15.031, 14.541, 13.006, 11.413, 11.092, 11.106, 10.689, 10.223, 9.778, 10.061, 9.208, 9.143, 9.219, 7.138, 3.449, 0.0, 2.459, 4.543, 7.17, 8.979, 9.306, 10.129, 10.367, 10.194, 11.335, 12.27, 12.566, 13.228, 14.405, 14.903, 15.063, 14.901, 15.151, 15.466, 16.458, 18.568, 19.392, 19.646, 19.981, 19.996, 21.023, 22.718, 23.876, 23.912, 23.926, 25.164, 26.316, 26.985, 26.952], [22.345, 24.423, 24.21, 23.314, 22.585, 22.667, 22.868, 22.943, 23.156, 23.673, 23.996, 23.86, 23.128, 22.415, 22.205, 22.094, 21.516, 20.822, 20.66, 20.067, 19.695, 19.984, 19.976, 20.469, 20.675, 20.867, 20.939, 20.73, 20.204, 19.482, 18.88, 18.341, 17.913, 17.141, 15.986, 15.351, 15.193, 15.168, 14.618, 13.105, 11.636, 11.417, 11.471, 11.075, 10.705, 10.411, 10.741, 9.887, 9.887, 10.115, 8.305, 5.259, 2.459, 0.0, 2.768, 6.018, 8.057, 8.406, 9.188, 9.375, 9.22, 10.485, 11.53, 11.86, 12.549, 13.768, 14.281, 14.471, 14.339, 14.635, 14.938, 15.993, 18.265, 19.145, 19.403, 19.747, 19.78, 20.865, 22.604, 23.783, 23.812, 23.829, 25.095, 26.269, 26.947, 26.914], [22.308, 24.39, 24.199, 23.311, 22.58, 22.655, 22.855, 22.921, 23.14, 23.667, 23.985, 23.845, 23.111, 22.387, 22.161, 22.037, 21.431, 20.724, 20.589, 20.028, 19.734, 20.114, 20.128, 20.618, 20.829, 20.97, 20.998, 20.786, 20.333, 19.687, 19.091, 18.552, 18.111, 17.341, 16.228, 15.618, 15.447, 15.426, 14.879, 13.447, 12.167, 12.036, 12.125, 11.745, 11.4, 11.151, 11.497, 10.662, 10.696, 10.93, 9.286, 6.68, 4.543, 2.768, 0.0, 3.96, 6.475, 6.854, 7.599, 7.835, 7.878, 9.412, 10.608, 10.962, 11.639, 12.849, 13.355, 13.545, 13.456, 13.898, 14.231, 15.344, 17.757, 18.683, 18.96, 19.327, 19.39, 20.553, 22.35, 23.579, 23.617, 23.661, 24.981, 26.186, 26.874, 26.844], [22.436, 24.501, 24.339, 23.509, 22.815, 22.872, 23.034, 23.068, 23.277, 23.811, 24.118, 23.961, 23.225, 22.475, 22.209, 22.072, 21.448, 20.731, 20.612, 20.084, 19.87, 20.384, 20.46, 20.935, 21.172, 21.246, 21.205, 21.016, 20.738, 20.277, 19.719, 19.194, 18.752, 18.011, 17.001, 16.481, 16.278, 16.206, 15.668, 14.385, 13.384, 13.313, 13.382, 13.014, 12.701, 12.538, 12.916, 12.202, 12.297, 12.528, 11.066, 8.834, 7.17, 6.018, 3.96, 0.0, 3.095, 3.991, 5.013, 5.587, 6.363, 8.46, 9.689, 10.0, 10.756, 12.021, 12.571, 12.764, 12.769, 13.459, 13.848, 15.03, 17.585, 18.563, 18.866, 19.256, 19.372, 20.627, 22.508, 23.817, 23.868, 23.965, 25.296, 26.488, 27.169, 27.137], [22.684, 24.688, 24.539, 23.766, 23.115, 23.16, 23.291, 23.304, 23.496, 24.024, 24.318, 24.149, 23.427, 22.679, 22.397, 22.258, 21.654, 20.947, 20.805, 20.294, 20.124, 20.705, 20.839, 21.296, 21.531, 21.574, 21.508, 21.358, 21.198, 20.86, 20.343, 19.839, 19.422, 18.744, 17.821, 17.356, 17.129, 16.995, 16.461, 15.293, 14.386, 14.267, 14.295, 13.942, 13.672, 13.557, 13.958, 13.303, 13.342, 13.555, 12.253, 10.34, 8.979, 8.057, 6.475, 3.095, 0.0, 2.102, 3.888, 4.812, 6.222, 8.599, 9.782, 9.995, 10.776, 12.048, 12.606, 12.815, 12.992, 13.891, 14.308, 15.509, 18.102, 19.125, 19.467, 19.86, 19.995, 21.227, 23.083, 24.371, 24.422, 24.522, 25.773, 26.911, 27.568, 27.533], [22.874, 24.843, 24.706, 23.959, 23.328, 23.365, 23.48, 23.484, 23.675, 24.194, 24.491, 24.338, 23.628, 22.897, 22.623, 22.49, 21.911, 21.231, 21.087, 20.585, 20.408, 20.97, 21.101, 21.562, 21.803, 21.868, 21.812, 21.663, 21.472, 21.113, 20.613, 20.117, 19.708, 19.033, 18.081, 17.598, 17.403, 17.284, 16.777, 15.645, 14.699, 14.538, 14.553, 14.198, 13.93, 13.8, 14.212, 13.543, 13.466, 13.624, 12.348, 10.547, 9.306, 8.406, 6.854, 3.991, 2.102, 0.0, 2.58, 3.924, 5.614, 8.196, 9.606, 9.806, 10.385, 11.626, 12.242, 12.504, 12.702, 13.576, 13.963, 15.164, 17.788, 18.875, 19.279, 19.704, 19.841, 21.069, 22.923, 24.243, 24.319, 24.409, 25.657, 26.803, 27.46, 27.433], [22.906, 24.797, 24.67, 23.944, 23.335, 23.39, 23.519, 23.527, 23.725, 24.233, 24.515, 24.372, 23.679, 22.949, 22.667, 22.53, 21.948, 21.283, 21.168, 20.716, 20.579, 21.139, 21.261, 21.724, 21.987, 22.042, 21.948, 21.787, 21.614, 21.271, 20.782, 20.297, 19.891, 19.237, 18.331, 17.866, 17.66, 17.544, 17.057, 16.016, 15.201, 15.14, 15.183, 14.842, 14.595, 14.492, 14.873, 14.215, 14.195, 14.39, 13.184, 11.404, 10.129, 9.188, 7.599, 5.013, 3.888, 2.58, 0.0, 2.026, 4.853, 7.691, 9.245, 9.424, 9.756, 10.787, 11.405, 11.744, 12.019, 12.994, 13.398, 14.599, 17.25, 18.371, 18.796, 19.241, 19.399, 20.658, 22.506, 23.846, 23.948, 24.02, 25.24, 26.393, 27.06, 27.044], [22.757, 24.621, 24.496, 23.769, 23.154, 23.206, 23.342, 23.359, 23.562, 24.069, 24.345, 24.201, 23.504, 22.78, 22.505, 22.369, 21.785, 21.127, 21.032, 20.579, 20.429, 20.994, 21.115, 21.594, 21.876, 21.947, 21.89, 21.756, 21.591, 21.238, 20.734, 20.247, 19.843, 19.205, 18.345, 17.888, 17.634, 17.491, 16.975, 15.972, 15.278, 15.304, 15.378, 15.052, 14.819, 14.724, 15.082, 14.408, 14.433, 14.667, 13.488, 11.704, 10.367, 9.375, 7.835, 5.587, 4.812, 3.924, 2.026, 0.0, 3.763, 6.971, 8.623, 8.812, 9.128, 10.101, 