[[0.0, 2.333, 5.627, 7.517, 8.088, 9.989, 11.702, 12.829, 13.469, 13.835, 14.332, 15.449, 15.841, 15.664, 16.011, 18.832, 22.076, 22.428, 22.224, 22.183, 22.356, 22.335, 22.417, 22.698, 22.974, 23.008, 22.817, 23.005, 23.18, 23.243, 23.255, 23.216, 23.371, 23.493, 23.588, 23.303, 22.634, 22.375, 22.586, 23.084, 24.422, 25.358, 25.588, 25.728, 25.723, 25.765, 25.733, 25.613, 25.44, 25.248, 25.078, 25.138, 25.009, 24.879, 24.907, 24.938, 24.909, 24.744, 24.499, 24.169, 23.863, 24.406, 25.239, 25.665, 25.672, 25.842, 26.241, 26.3, 25.951, 25.851, 25.796, 25.599, 25.638, 25.358, 24.928, 24.929, 24.935, 24.92, 25.014, 25.18, 25.033, 24.931, 24.901, 25.126, 25.577, 25.483], [2.333, 0.0, 4.065, 6.35, 6.984, 9.001, 10.762, 11.934, 12.597, 12.978, 13.542, 14.804, 15.242, 15.041, 15.324, 18.101, 21.432, 21.798, 21.586, 21.558, 21.756, 21.739, 21.83, 22.139, 22.435, 22.459, 22.251, 22.457, 22.632, 22.67, 22.671, 22.627, 22.788, 22.92, 23.025, 22.729, 22.075, 21.838, 22.061, 22.636, 24.088, 25.072, 25.31, 25.474, 25.473, 25.517, 25.48, 25.347, 25.16, 24.958, 24.783, 24.849, 24.711, 24.566, 24.587, 24.615, 24.57, 24.388, 24.145, 23.807, 23.505, 24.064, 24.902, 25.334, 25.343, 25.523, 25.953, 26.029, 25.653, 25.517, 25.442, 25.249, 25.301, 24.989, 24.514, 24.492, 24.482, 24.458, 24.56, 24.755, 24.622, 24.524, 24.497, 24.73, 25.199, 25.101], [5.627, 4.065, 0.0, 2.909, 3.977, 6.047, 8.089, 9.641, 10.474, 10.917, 11.545, 13.018, 13.572, 13.368, 13.69, 16.667, 20.239, 20.633, 20.425, 20.425, 20.651, 20.632, 20.747, 21.104, 21.445, 21.482, 21.268, 21.527, 21.722, 21.713, 21.703, 21.643, 21.791, 21.935, 22.037, 21.737, 21.197, 21.067, 21.321, 22.041, 23.643, 24.662, 24.897, 25.094, 25.122, 25.189, 25.142, 24.981, 24.77, 24.558, 24.385, 24.462, 24.31, 24.124, 24.136, 24.202, 24.173, 23.993, 23.759, 23.429, 23.158, 23.773, 24.655, 25.107, 25.108, 25.303, 25.779, 25.871, 25.459, 25.286, 25.196, 25.017, 25.073, 24.711, 24.214, 24.184, 24.146, 24.097, 24.198, 24.422, 24.334, 24.28, 24.287, 24.547, 25.041, 24.925], [7.517, 6.35, 2.909, 0.0, 2.166, 4.3, 6.445, 8.409, 9.429, 9.933, 10.575, 12.148, 12.809, 12.64, 13.0, 16.014, 19.637, 20.023, 19.814, 19.826, 20.064, 20.046, 20.18, 20.556, 20.922, 20.975, 20.785, 21.092, 21.281, 21.227, 21.215, 21.156, 21.296, 21.458, 21.589, 21.329, 20.91, 20.883, 21.174, 21.993, 23.668, 24.691, 24.913, 25.112, 25.147, 25.218, 25.169, 25.0, 24.778, 24.565, 24.397, 24.485, 24.329, 24.125, 24.131, 24.209, 24.185, 23.998, 23.758, 23.436, 23.189, 23.823, 24.714, 25.163, 25.153, 25.357, 25.86, 25.964, 25.541, 25.347, 25.239, 25.066, 25.115, 24.732, 24.242, 24.217, 24.166, 24.103, 24.193, 24.413, 24.345, 24.326, 24.365, 24.641, 25.143, 25.018], [8.088, 6.984, 3.977, 2.166, 0.0, 2.988, 5.966, 8.298, 9.495, 10.054, 10.726, 12.29, 13.044, 12.924, 13.374, 16.385, 19.936, 20.335, 20.16, 20.195, 20.444, 20.418, 20.547, 20.907, 21.228, 21.278, 21.121, 21.456, 21.639, 21.585, 21.565, 21.504, 21.647, 21.821, 21.968, 21.77, 21.39, 21.354, 21.651, 22.482, 24.162, 25.182, 25.391, 25.576, 25.604, 25.679, 25.645, 25.476, 25.239, 25.013, 24.836, 24.927, 24.77, 24.565, 24.564, 24.619, 24.58, 24.373, 24.103, 23.781, 23.536, 24.148, 25.006, 25.425, 25.405, 25.604, 26.111, 26.218, 25.796, 25.603, 25.473, 25.262, 25.285, 24.918, 24.474, 24.466, 24.422, 24.365, 24.449, 24.659, 24.599, 24.581, 24.606, 24.879, 25.378, 25.255], [9.989, 9.001, 6.047, 4.3, 2.988, 0.0, 3.959, 6.984, 8.57, 9.252, 9.932, 11.454, 12.307, 12.227, 12.794, 15.999, 19.707, 20.14, 19.993, 20.052, 20.287, 20.247, 20.409, 20.803, 21.132, 21.181, 21.037, 21.435, 21.617, 21.531, 21.514, 21.446, 21.564, 21.727, 21.855, 21.729, 21.527, 21.572, 21.882, 22.767, 24.471, 25.455, 25.629, 25.805, 25.837, 25.92, 25.902, 25.744, 25.502, 25.262, 25.075, 25.154, 24.994, 24.785, 24.78, 24.829, 24.783, 24.571, 24.301, 24.01, 23.809, 24.427, 25.265, 25.671, 25.649, 25.847, 26.36, 26.475, 26.057, 25.859, 25.734, 25.542, 25.572, 25.208, 24.775, 24.775, 24.726, 24.647, 24.699, 24.894, 24.858, 24.863, 24.898, 25.165, 25.64, 25.509], [11.702, 10.762, 8.089, 6.445, 5.966, 3.959, 0.0, 3.797, 6.041, 7.08, 7.862, 9.517, 10.478, 10.424, 10.841, 14.188, 18.342, 18.82, 18.682, 18.787, 19.036, 18.997, 19.219, 19.699, 20.145, 20.198, 20.039, 20.504, 20.692, 20.548, 20.532, 20.474, 20.571, 20.715, 20.856, 20.791, 20.773, 20.96, 21.332, 22.369, 24.243, 25.29, 25.487, 25.686, 25.729, 25.807, 25.785, 25.617, 25.353, 25.106, 24.914, 25.008, 24.863, 24.655, 24.64, 24.686, 24.611, 24.355, 24.083, 23.789, 23.587, 24.213, 25.075, 25.522, 25.517, 25.733, 26.269, 26.395, 25.949, 25.709, 25.572, 25.408, 25.474, 25.071, 24.567, 24.55, 24.496, 24.397, 24.431, 24.638, 24.628, 24.66, 24.698, 24.948, 25.411, 25.273], [12.829, 11.934, 9.641, 8.409, 8.298, 6.984, 3.797, 0.0, 3.006, 4.775, 5.728, 7.536, 8.616, 8.615, 9.035, 12.899, 17.546, 18.067, 17.887, 17.955, 18.145, 18.081, 18.372, 18.953, 19.518, 19.571, 19.427, 19.918, 20.12, 19.992, 19.999, 19.967, 20.065, 20.216, 20.41, 20.353, 20.328, 20.56, 20.989, 22.069, 24.012, 25.13, 25.368, 25.574, 25.617, 25.7, 25.667, 25.483, 25.212, 24.976, 24.781, 24.888, 24.771, 24.583, 24.576, 24.632, 24.555, 24.271, 23.97, 23.625, 23.315, 23.859, 24.716, 25.178, 25.179, 25.41, 25.977, 26.108, 25.654, 25.413, 25.242, 25.051, 25.111, 24.701, 24.189, 24.177, 24.146, 24.072, 24.114, 24.319, 24.321, 24.361, 24.369, 24.591, 25.054, 24.922], [13.469, 12.597, 10.474, 9.429, 9.495, 8.57, 6.041, 3.006, 0.0, 2.373, 3.735, 6.009, 7.193, 7.208, 7.712, 12.072, 17.032, 17.617, 17.421, 17.425, 17.559, 17.485, 17.814, 18.461, 19.12, 19.187, 19.048, 19.537, 19.737, 19.631, 19.67, 19.664, 19.771, 19.916, 20.128, 20.059, 19.968, 20.181, 20.652, 21.754, 23.697, 24.851, 25.139, 25.368, 25.414, 25.51, 25.475, 25.292, 25.041, 24.833, 24.662, 24.779, 24.67, 24.491, 24.491, 24.554, 24.489, 24.221, 23.931, 23.576, 23.222, 23.74, 24.605, 25.073, 25.069, 25.299, 25.875, 26.012, 25.562, 25.338, 25.174, 24.975, 25.027, 24.634, 24.152, 24.151, 24.134, 24.078, 24.128, 24.331, 24.324, 24.353, 24.337, 24.538, 24.994, 24.862], [13.835, 12.978, 10.917, 9.933, 10.054, 9.252, 7.08, 4.775, 2.373, 0.0, 2.176, 5.11, 6.336, 6.344, 6.918, 11.509, 16.601, 17.238, 17.043, 17.025, 17.156, 17.094, 17.424, 18.084, 18.782, 18.866, 18.726, 19.218, 19.412, 19.3, 19.349, 19.35, 19.462, 19.596, 19.797, 19.728, 19.604, 19.787, 20.272, 21.407, 23.367, 24.523, 24.827, 25.081, 25.129, 25.234, 25.206, 25.021, 24.778, 24.577, 24.421, 24.54, 24.413, 24.223, 24.219, 24.28, 24.219, 23.975, 23.717, 23.394, 23.075, 23.649, 24.555, 25.04, 25.033, 25.257, 25.824, 25.955, 25.501, 25.286, 25.138, 24.947, 25.007, 24.621, 24.149, 24.158, 24.14, 24.072, 24.114, 24.326, 24.313, 24.331, 24.309, 24.509, 24.963, 24.828], [14.332, 13.542, 11.545, 10.575, 10.726, 9.932, 7.862, 5.728, 3.735, 2.176, 0.0, 3.346, 4.837, 4.993, 6.038, 11.414, 16.655, 17.24, 17.02, 17.018, 17.148, 17.095, 17.447, 18.1, 18.807, 18.908, 18.825, 19.301, 19.47, 19.334, 19.384, 19.39, 19.499, 19.623, 19.804, 19.753, 19.64, 19.805, 20.285, 21.37, 23.257, 24.375, 24.664, 24.904, 24.95, 25.067, 25.046, 24.868, 24.628, 24.422, 24.265, 24.39, 24.269, 24.074, 24.066, 24.127, 24.072, 23.836, 23.576, 23.242, 22.884, 23.436, 24.371, 24.877, 24.875, 25.094, 25.652, 25.77, 25.324, 25.138, 25.0, 24.818, 24.886, 24.514, 24.062, 24.076, 24.064, 24.002, 24.043, 24.26, 24.267, 24.298, 24.282, 24.477, 24.927, 24.795], [15.449, 14.804, 13.018, 12.148, 12.29, 11.454, 9.517, 7.536, 6.009, 5.11, 3.346, 0.0, 2.128, 2.862, 5.147, 11.76, 17.171, 17.7, 17.444, 17.437, 17.506, 17.428, 17.828, 18.469, 19.159, 19.271, 19.248, 19.687, 19.849, 19.719, 19.791, 19.805, 19.898, 20.0, 20.143, 20.119, 20.048, 20.188, 20.653, 21.627, 23.342, 24.376, 24.632, 24.835, 24.879, 25.022, 25.024, 24.863, 24.631, 24.432, 24.278, 24.406, 24.293, 24.099, 24.093, 24.156, 24.119, 23.899, 23.623, 23.283, 22.887, 23.395, 24.339, 24.853, 24.852, 25.062, 25.594, 25.682, 25.256, 25.124, 25.019, 24.846, 24.915, 24.57, 24.156, 24.182, 24.188, 24.144, 24.178, 24.391, 24.43, 24.478, 24.453, 24.622, 25.055, 24.934], [15.841, 15.242, 13.572, 12.809, 13.044, 12.307, 10.478, 8.616, 7.193, 6.336, 4.837, 2.128, 0.0, 1.386, 4.496, 11.569, 17.073, 17.617, 17.357, 17.328, 17.363, 17.282, 17.697, 18.337, 19.043, 19.152, 19.116, 19.522, 19.681, 19.568, 19.66, 19.676, 19.762, 19.852, 19.975, 19.921, 19.842, 19.969, 20.437, 21.426, 23.134, 24.163, 24.42, 24.625, 24.667, 24.815, 24.822, 24.667, 24.435, 24.236, 24.091, 24.229, 24.108, 23.903, 23.893, 23.959, 23.934, 23.727, 23.465, 23.139, 22.772, 23.313, 24.283, 24.81, 24.812, 25.023, 25.551, 25.63, 25.206, 25.082, 25.001, 24.855, 24.934, 24.578, 24.143, 24.166, 24.175, 24.126, 24.156, 24.377, 24.42, 24.467, 24.441, 24.612, 25.049, 24.932], [15.664, 15.041, 13.368, 12.64, 12.924, 12.227, 10.424, 8.615, 7.208, 6.344, 4.993, 2.862, 1.386, 0.0, 3.7, 11.064, 16.673, 17.229, 16.969, 16.935, 16.972, 16.902, 17.323, 17.965, 18.692, 18.804, 18.763, 19.182, 19.349, 19.242, 19.337, 19.346, 19.427, 19.516, 19.63, 19.54, 19.434, 19.574, 20.057, 21.084, 22.845, 23.897, 24.167, 24.389, 24.434, 24.575, 24.577, 24.424, 24.194, 23.99, 23.842, 23.988, 23.868, 23.66, 23.651, 23.725, 23.704, 23.505, 23.26, 22.938, 22.585, 23.148, 24.127, 24.655, 24.657, 24.87, 25.402, 25.483, 25.049, 24.915, 24.832, 24.69, 24.773, 24.407, 23.957, 23.977, 23.983, 23.929, 23.958, 24.187, 24.231, 24.271, 24.247, 24.429, 24.873, 24.754], [16.011, 15.324, 13.69, 13.0, 13.374, 12.794, 10.841, 9.035, 7.712, 6.918, 6.038, 5.147, 4.496, 3.7, 0.0, 7.94, 14.169, 14.878, 14.727, 14.806, 14.936, 14.93, 15.359, 16.022, 16.963, 17.172, 17.117, 17.614, 17.799, 17.635, 17.735, 17.733, 17.784, 17.867, 17.993, 17.837, 17.721, 17.932, 18.447, 19.684, 21.798, 23.023, 23.373, 23.685, 23.761, 23.88, 23.859, 23.679, 23.425, 23.216, 23.067, 23.253, 23.144, 22.916, 22.879, 22.962, 22.93, 22.707, 22.48, 22.151, 21.879, 22.597, 23.667, 24.247, 24.269, 24.497, 25.084, 25.225, 24.749, 24.521, 24.394, 24.276, 24.402, 23.971, 23.423, 23.427, 23.422, 23.346, 23.39, 23.675, 23.726, 23.763, 23.763, 23.983, 24.454, 24.315], [18.832, 18.101, 16.667, 16.014, 16.385, 15.999, 14.188, 12.899, 12.072, 11.509, 11.414, 11.76, 11.569, 11.064, 7.94, 0.0, 7.47, 9.234, 9.938, 10.634, 11.298, 11.505, 11.677, 12.334, 13.797, 14.259, 14.173, 14.929, 15.227, 14.962, 15.032, 15.037, 15.036, 15.12, 15.342, 15.25, 15.407, 15.849, 16.358, 18.153, 21.007, 22.466, 22.903, 23.385, 23.523, 23.575, 23.549, 23.318, 22.961, 22.702, 22.573, 22.799, 22.655, 22.371, 22.232, 22.234, 22.112, 21.845, 21.739, 21.582, 21.755, 22.943, 24.171, 24.8, 24.851, 25.106, 25.801, 26.102, 25.577, 25.132, 24.91, 24.882, 25.091, 24.516, 23.774, 23.749, 23.695, 23.526, 23.571, 23.969, 24.021, 24.04, 24.115, 24.433, 24.945, 24.765], [22.076, 21.432, 20.239, 19.637, 19.936, 19.707, 18.342, 17.546, 17.032, 16.601, 16.655, 17.171, 17.073, 16.673, 14.169, 7.47, 0.0, 4.576, 7.424, 9.083, 10.519, 11.077, 10.812, 11.11, 12.772, 13.481, 13.606, 14.503, 14.819, 14.561, 14.569, 14.623, 14.622, 14.71, 15.038, 15.178, 15.713, 16.362, 16.775, 18.649, 21.618, 23.056, 23.498, 24.04, 24.215, 24.218, 24.206, 23.954, 23.497, 23.168, 23.09, 23.347, 23.176, 22.848, 22.592, 22.453, 22.243, 22.001, 22.031, 22.066, 22.566, 23.99, 25.253, 25.857, 25.916, 26.169, 26.901, 27.288, 26.784, 26.267, 26.02, 26.071, 26.29, 25.659, 24.882, 24.85, 24.763, 24.544, 24.582, 25.04, 25.121, 25.136, 25.269, 25.644, 26.158, 25.973], [22.428, 21.798, 20.633, 20.023, 20.335, 20.14, 18.82, 18.067, 17.617, 17.238, 17.24, 17.7, 17.617, 17.229, 14.878, 9.234, 4.576, 0.0, 4.116, 6.85, 8.917, 9.776, 9.611, 9.74, 11.455, 12.231, 12.643, 13.721, 14.047, 13.782, 13.781, 13.798, 13.826, 14.013, 14.383, 14.57, 15.196, 15.887, 16.312, 18.182, 21.177, 22.667, 23.143, 23.693, 23.883, 23.903, 23.89, 23.627, 23.153, 22.822, 22.763, 23.111, 23.004, 22.677, 22.401, 22.253, 22.036, 21.812, 21.848, 21.8, 22.141, 23.464, 24.734, 25.35, 25.411, 25.678, 26.434, 26.839, 26.346, 25.824, 25.617, 25.739, 25.986, 25.349, 24.551, 24.477, 24.376, 24.151, 24.179, 24.639, 24.748, 24.798, 24.984, 25.368, 25.868, 25.688], [22.224, 21.586, 20.425, 19.814, 20.16, 19.993, 18.682, 17.887, 17.421, 17.043, 17.02, 17.444, 17.357, 16.969, 14.727, 9.938, 7.424, 4.116, 0.0, 3.644, 6.428, 7.618, 7.655, 7.886, 9.703, 10.496, 11.177, 12.553, 12.985, 12.804, 12.854, 12.816, 12.9, 13.143, 13.516, 13.717, 14.357, 15.072, 15.555, 17.51, 20.619, 22.194, 22.7, 23.24, 23.442, 23.502, 23.495, 23.227, 22.777, 22.475, 22.412, 22.809, 22.779, 22.487, 22.241, 22.117, 21.895, 21.664, 21.673, 21.526, 21.658, 22.787, 24.013, 24.634, 24.699, 24.993, 25.78, 26.226, 25.755, 25.227, 25.042, 25.207, 25.488, 24.842, 24.012, 23.901, 23.789, 23.556, 23.57, 24.026, 24.154, 24.217, 24.432, 24.804, 25.276, 25.107], [22.183, 21.558, 20.425, 19.826, 20.195, 20.052, 18.787, 17.955, 17.425, 17.025, 17.018, 17.437, 17.328, 16.935, 14.806, 10.634, 9.083, 6.85, 3.644, 0.0, 3.407, 5.025, 5.365, 6.024, 8.276, 9.137, 10.002, 11.658, 12.217, 12.221, 12.393, 12.343, 12.434, 12.679, 13.077, 13.291, 13.928, 14.665, 15.186, 17.214, 20.375, 22.007, 22.542, 23.069, 23.283, 23.367, 23.361, 23.096, 22.672, 22.397, 22.326, 22.716, 22.719, 22.462, 22.26, 22.18, 21.981, 21.75, 21.726, 21.526, 21.551, 22.557, 23.727, 24.33, 24.391, 24.699, 25.497, 25.976, 25.548, 25.05, 24.876, 25.034, 25.307, 24.654, 23.821, 23.71, 23.613, 23.398, 23.414, 23.865, 23.998, 24.056, 24.257, 24.619, 25.091, 24.936], [22.356, 21.756, 20.651, 20.064, 20.444, 20.287, 19.036, 18.145, 17.559, 17.156, 17.148, 17.506, 17.363, 16.972, 14.936, 11.298, 10.519, 8.917, 6.428, 3.407, 0.0, 2.247, 3.528, 4.803, 7.475, 8.399, 9.368, 11.187, 11.833, 12.01, 12.33, 12.29, 12.349, 12.579, 12.992, 13.229, 13.899, 14.652, 15.185, 17.248, 20.389, 22.031, 22.582, 23.1, 23.333, 23.433, 23.423, 23.167, 22.774, 22.53, 22.46, 22.834, 22.854, 22.625, 22.466, 22.429, 22.266, 22.049, 21.999, 21.768, 21.726, 22.636, 23.747, 24.323, 24.376, 24.687, 25.482, 25.977, 25.584, 25.114, 24.938, 25.065, 25.315, 24.673, 23.87, 23.769, 23.685, 23.488, 23.495, 23.919, 24.052, 24.107, 24.293, 24.645, 25.116, 24.971], [22.335, 21.739, 20.632, 20.046, 20.418, 20.247, 18.997, 18.081, 17.485, 17.094, 17.095, 17.428, 17.282, 16.902, 14.93, 11.505, 11.077, 9.776, 7.618, 5.025, 2.247, 0.0, 2.385, 4.512, 7.295, 8.139, 9.109, 11.083, 11.847, 12.105, 12.448, 12.392, 12.451, 12.7, 13.163, 13.449, 14.144, 14.876, 15.406, 17.496, 20.606, 22.218, 22.753, 23.258, 23.493, 23.592, 23.572, 23.315, 22.938, 22.709, 22.635, 22.981, 22.989, 22.767, 22.623, 22.608, 22.468, 22.257, 22.195, 21.958, 21.912, 22.795, 23.87, 24.425, 24.476, 24.792, 25.598, 26.105, 25.727, 25.275, 25.089, 25.18, 25.419, 24.784, 23.986, 23.885, 23.801, 23.605, 23.606, 24.021, 24.151, 24.202, 24.376, 24.718, 25.188, 25.052], [22.417, 21.83, 20.747, 20.18, 20.547, 20.409, 19.219, 18.372, 17.814, 17.424, 17.447, 17.828, 17.697, 17.323, 15.359, 11.677, 10.812, 9.611, 7.655, 5.365, 3.528, 2.385, 0.0, 3.317, 6.766, 7.688, 8.541, 10.59, 11.472, 11.753, 12.06, 12.001, 12.099, 12.361, 12.901, 13.303, 14.042, 14.766, 15.274, 17.397, 20.569, 22.192, 22.717, 23.216, 23.451, 23.54, 23.512, 23.249, 22.864, 22.64, 22.57, 22.9, 22.882, 22.641, 22.479, 22.458, 22.325, 22.138, 22.106, 21.905, 21.952, 22.934, 24.041, 24.599, 24.655, 24.976, 25.786, 26.296, 25.913, 25.465, 25.283, 25.364, 25.6, 24.942, 24.106, 23.987, 23.885, 23.67, 23.674, 24.116, 24.24, 24.281, 24.461, 24.804, 25.275, 25.139], [22.698, 22.139, 21.104, 20.556, 20.907, 20.803, 19.699, 18.953, 18.461, 18.084, 18.1, 18.469, 18.337, 17.965, 16.022, 12.334, 11.11, 9.74, 7.886, 6.024, 4.803, 4.512, 3.317, 0.0, 4.314, 5.771, 6.893, 9.187, 10.198, 10.611, 10.955, 10.875, 10.963, 11.255, 11.817, 12.376, 13.346, 14.204, 14.752, 17.043, 20.345, 21.994, 22.528, 23.038, 23.273, 23.342, 23.308, 23.052, 22.667, 22.446, 22.39, 22.758, 22.749, 22.497, 22.316, 22.28, 22.155, 22.02, 22.056, 21.89, 22.017, 23.093, 24.242, 24.801, 24.846, 25.159, 25.956, 26.433, 26.018, 25.542, 25.364, 25.454, 25.68, 25.013, 24.182, 24.069, 23.954, 23.719, 23.72, 24.177, 24.306, 24.345, 24.536, 24.889, 25.36, 25.211], [22.974, 22.435, 21.445, 20.922, 21.228, 21.132, 20.145, 19.518, 19.12, 18.782, 18.807, 19.159, 19.043, 18.692, 16.963, 13.797, 12.772, 11.455, 9.703, 8.276, 7.475, 7.295, 6.766, 4.314, 0.0, 2.416, 4.851, 7.867, 9.298, 10.06, 10.388, 10.278, 10.476, 10.859, 11.427, 12.141, 13.28, 14.211, 14.781, 17.232, 20.518, 22.09, 22.581, 23.077, 23.305, 23.349, 23.317, 23.084, 22.705, 22.483, 22.433, 22.837, 22.859, 22.626, 22.45, 22.404, 22.284, 22.195, 22.29, 22.16, 22.328, 23.414, 24.536, 25.051, 25.082, 25.391, 26.17, 26.621, 26.201, 25.714, 25.543, 25.641, 25.855, 25.23, 24.464, 24.37, 24.258, 24.01, 23.994, 24.44, 24.588, 24.634, 24.823, 25.173, 25.632, 25.488], [23.008, 22.459, 21.482, 20.975, 21.278, 21.181, 20.198, 19.571, 19.187, 18.866, 18.908, 19.271, 19.152, 18.804, 17.172, 14.259, 13.481, 12.231, 10.496, 9.137, 8.399, 8.139, 7.688, 5.771, 2.416, 0.0, 3.755, 7.389, 9.126, 10.07, 10.403, 10.304, 10.597, 11.081, 11.744, 12.421, 13.444, 14.342, 14.929, 17.4, 20.657, 22.192, 22.648, 23.129, 23.36, 23.406, 23.376, 23.151, 22.789, 22.579, 22.516, 22.904, 22.926, 22.705, 22.546, 22.512, 22.393, 22.296, 22.384, 22.261, 22.44, 23.514, 24.598, 25.077, 25.099, 25.417, 26.201, 26.654, 26.244, 25.767, 25.6, 25.687, 25.887, 25.254, 24.493, 24.404, 24.292, 24.039, 24.012, 24.45, 24.605, 24.65, 24.833, 25.182, 25.643, 25.512], [22.817, 22.251, 21.268, 20.785, 21.121, 21.037, 20.039, 19.427, 19.048, 18.726, 18.825, 19.248, 19.116, 18.763, 17.117, 14.173, 13.606, 12.643, 11.177, 10.002, 9.368, 9.109, 8.541, 6.893, 4.851, 3.755, 0.0, 4.552, 7.049, 8.216, 8.641, 8.578, 8.937, 9.505, 10.433, 11.405, 12.714, 13.642, 14.225, 16.94, 20.344, 21.872, 22.314, 22.815, 23.055, 23.1, 23.071, 22.838, 22.497, 22.32, 22.254, 22.597, 22.564, 22.319, 22.163, 22.151, 22.053, 21.973, 22.093, 22.038, 22.388, 23.645, 24.791, 25.274, 25.285, 25.605, 26.399, 26.83, 26.398, 25.924, 25.739, 25.789, 25.976, 25.324, 24.544, 24.47, 24.355, 24.071, 24.023, 24.465, 24.597, 24.617, 24.771, 25.126, 25.612, 25.471], [23.005, 22.457, 21.527, 21.092, 21.456, 21.435, 20.504, 19.918, 19.537, 19.218, 19.301, 19.687, 19.522, 19.182, 17.614, 14.929, 14.503, 13.721, 12.553, 11.658, 11.187, 11.083, 10.59, 9.187, 7.867, 7.389, 4.552, 0.0, 3.556, 5.57, 6.307, 6.483, 7.024, 7.611, 8.883, 10.314, 12.034, 13.145, 13.739, 16.594, 20.01, 21.472, 21.918, 22.442, 22.672, 22.693, 22.659, 22.447, 22.123, 21.962, 21.916, 22.247, 22.182, 21.915, 21.758, 21.764, 21.7, 21.647, 21.803, 21.775, 22.241, 23.669, 24.887, 25.368, 25.367, 25.671, 26.447, 26.844, 26.408, 25.956, 25.781, 25.818, 25.979, 25.328, 24.577, 24.525, 24.409, 24.118, 24.078, 24.538, 24.667, 24.676, 24.814, 25.171, 25.675, 25.531], [23.18, 22.632, 21.722, 21.281, 21.639, 21.617, 20.692, 20.12, 19.737, 19.412, 19.47, 19.849, 19.681, 19.349, 17.799, 15.227, 14.819, 14.047, 12.985, 12.217, 11.833, 11.847, 11.472, 10.198, 9.298, 9.126, 7.049, 3.556, 0.0, 3.068, 4.367, 4.864, 5.531, 6.11, 7.689, 9.558, 11.657, 13.034, 13.658, 16.443, 19.845, 21.304, 21.783, 22.353, 22.597, 22.617, 22.584, 22.39, 22.074, 21.91, 21.88, 22.23, 22.167, 21.9, 21.738, 21.742, 21.673, 21.599, 21.736, 21.674, 22.118, 23.561, 24.799, 25.295, 25.301, 25.593, 26.36, 26.761, 26.331, 25.868, 25.699, 25.755, 25.919, 25.254, 24.474, 24.398, 24.265, 23.966, 23.931, 24.41, 24.55, 24.576, 24.737, 25.094, 25.595, 25.454], [23.243, 22.67, 21.713, 21.227, 21.585, 21.531, 20.548, 19.992, 19.631, 19.3, 19.334, 19.719, 19.568, 19.242, 17.635, 14.962, 14.561, 13.782, 12.804, 12.221, 12.01, 12.105, 11.753, 10.611, 10.06, 10.07, 8.216, 5.57, 3.068, 0.0, 1.907, 2.871, 3.696, 4.476, 6.579, 8.967, 11.426, 12.856, 13.464, 16.222, 19.652, 21.161, 21.674, 22.279, 22.545, 22.588, 22.561, 22.346, 21.999, 21.816, 21.787, 22.142, 22.084, 21.81, 21.638, 21.635, 21.539, 21.434, 21.563, 21.503, 21.962, 23.423, 24.7, 25.253, 25.278, 25.568, 26.335, 26.74, 26.289, 25.787, 25.592, 25.662, 25.865, 25.196, 24.365, 24.246, 24.076, 23.74, 23.69, 24.182, 24.331, 24.386, 24.591, 24.964, 25.464, 25.322], [23.255, 22.671, 21.703, 21.215, 21.565, 21.514, 20.532, 19.999, 19.67, 19.349, 19.384, 19.791, 19.66, 19.337, 17.735, 15.032, 14.569, 13.781, 12.854, 12.393, 12.33, 12.448, 12.06, 10.955, 10.388, 10.403, 8.641, 6.307, 4.367, 1.907, 0.0, 1.629, 2.918, 4.018, 6.397, 8.975, 11.461, 12.857, 13.455, 16.195, 19.615, 21.123, 21.63, 22.231, 22.491, 22.532, 22.512, 22.298, 21.93, 21.721, 21.682, 22.042, 21.99, 21.722, 21.548, 21.532, 21.42, 21.308, 21.446, 21.399, 21.884, 23.368, 24.659, 25.233, 25.279, 25.577, 26.343, 26.745, 26.284, 25.762, 25.551, 25.621, 25.84, 25.178, 24.332, 24.196, 24.008, 23.657, 23.602, 24.103, 24.258, 24.322, 24.545, 24.933, 25.439, 25.3], [23.216, 22.627, 21.643, 21.156, 21.504, 21.446, 20.474, 19.967, 19.664, 19.35, 19.39, 19.805, 19.676, 19.346, 17.733, 15.037, 14.623, 13.798, 12.816, 12.343, 12.29, 12.392, 12.001, 10.875, 10.278, 10.304, 8.578, 6.483, 4.864, 2.871, 1.629, 0.0, 1.817, 3.517, 6.182, 8.878, 11.406, 12.781, 13.377, 16.135, 19.566, 21.089, 21.591, 22.191, 22.455, 22.491, 22.462, 22.248, 21.87, 21.651, 21.605, 21.976, 21.937, 21.675, 21.511, 21.506, 21.399, 21.291, 21.432, 21.377, 21.852, 23.325, 24.614, 25.193, 25.245, 25.559, 26.341, 26.748, 26.28, 25.747, 25.53, 25.606, 25.831, 25.163, 24.305, 24.16, 23.972, 23.619, 23.559, 24.058, 24.214, 24.275, 24.505, 24.903, 25.414, 25.276], [23.371, 22.788, 21.791, 21.296, 21.647, 21.564, 20.571, 20.065, 19.771, 19.462, 19.499, 19.898, 19.762, 19.427, 17.784, 15.036, 14.622, 13.826, 12.9, 12.434, 12.349, 12.451, 12.099, 10.963, 10.476, 10.597, 8.937, 7.024, 5.531, 3.696, 2.918, 1.817, 0.0, 2.34, 5.454, 8.448, 11.226, 12.691, 13.303, 16.101, 19.555, 21.095, 21.609, 22.22, 22.495, 22.528, 22.493, 22.287, 21.911, 21.695, 21.653, 22.023, 21.991, 21.728, 21.568, 21.576, 21.475, 21.373, 21.52, 21.468, 21.946, 23.405, 24.689, 25.282, 25.339, 25.653, 26.439, 26.847, 26.378, 25.842, 25.623, 25.705, 25.936, 25.274, 24.419, 24.275, 24.089, 23.739, 23.677, 24.16, 24.308, 24.367, 24.593, 24.991, 25.499, 25.355], [23.493, 22.92, 21.935, 21.458, 21.821, 21.727, 20.715, 20.216, 19.916, 19.596, 19.623, 20.0, 19.852, 19.516, 17.867, 15.12, 14.71, 14.013, 13.143, 12.679, 12.579, 12.7, 12.361, 11.255, 10.859, 11.081, 9.505, 7.611, 6.11, 4.476, 4.018, 3.517, 2.34, 0.0, 3.677, 7.348, 10.614, 12.25, 12.919, 15.847, 19.41, 20.983, 21.514, 22.137, 22.419, 22.452, 22.432, 22.235, 21.861, 21.651, 21.618, 21.988, 21.962, 21.702, 21.534, 21.529, 21.427, 21.327, 21.471, 21.415, 21.901, 23.357, 24.647, 25.262, 25.339, 25.65, 26.424, 26.836, 26.37, 25.823, 25.604, 25.699, 25.933, 25.28, 24.432, 24.3, 24.118, 23.774, 23.721, 24.206, 24.346, 24.4, 24.62, 25.015, 25.518, 25.37], [23.588, 23.025, 22.037, 21.589, 21.968, 21.855, 20.856, 20.41, 20.128, 19.797, 19.804, 20.143, 19.975, 19.63, 17.993, 15.342, 15.038, 14.383, 13.516, 13.077, 12.992, 13.163, 12.901, 11.817, 11.427, 11.744, 10.433, 8.883, 7.689, 6.579, 6.397, 6.182, 5.454, 3.677, 0.0, 4.782, 9.223, 11.233, 11.931, 15.071, 18.884, 20.533, 21.085, 21.714, 22.007, 22.047, 22.048, 21.866, 21.486, 21.285, 21.27, 21.689, 21.722, 21.476, 21.293, 21.282, 21.187, 21.102, 21.234, 21.144, 21.624, 23.08, 24.378, 25.021, 25.119, 25.425, 26.191, 26.627, 26.181, 25.637, 25.433, 25.56, 25.812, 25.179, 24.362, 24.266, 24.108, 23.781, 23.749, 24.236, 24.374, 24.426, 24.641, 25.035, 25.536, 25.382], [23.303, 22.729, 21.737, 21.329, 21.77, 21.729, 20.791, 20.353, 20.059, 19.728, 19.753, 20.119, 19.921, 19.54, 17.837, 15.25, 15.178, 14.57, 13.717, 13.291, 13.229, 13.449, 13.303, 12.376, 12.141, 12.421, 11.405, 10.314, 9.558, 8.967, 8.975, 8.878, 8.448, 7.348, 4.782, 0.0, 5.853, 8.702, 9.399, 12.818, 17.203, 19.092, 19.701, 20.347, 20.667, 20.707, 20.69, 20.479, 20.079, 19.898, 19.895, 20.38, 20.496, 20.255, 20.093, 20.18, 20.146, 20.08, 20.211, 20.059, 20.543, 22.103, 23.487, 24.185, 24.285, 24.561, 25.306, 25.78, 25.373, 24.893, 24.763, 24.914, 25.185, 24.58, 23.824, 23.808, 23.714, 23.456, 23.476, 23.965, 24.096, 24.148, 24.366, 24.782, 25.312, 25.154], [22.634, 22.075, 21.197, 20.91, 21.39, 21.527, 20.773, 20.328, 19.968, 19.604, 19.64, 20.048, 19.842, 19.434, 17.721, 15.407, 15.713, 15.196, 14.357, 13.928, 13.899, 14.144, 14.042, 13.346, 13.28, 13.444, 12.714, 12.034, 11.657, 11.426, 11.461, 11.406, 11.226, 10.614, 9.223, 5.853, 0.0, 3.86, 5.336, 9.268, 14.327, 16.522, 17.164, 17.807, 18.156, 18.29, 18.349, 18.143, 17.768, 17.607, 17.576, 18.112, 18.258, 18.022, 17.914, 18.112, 18.192, 18.191, 18.337, 18.132, 18.608, 20.384, 21.946, 22.703, 22.797, 23.036, 23.719, 24.164, 23.8, 23.498, 23.541, 23.711, 23.982, 23.44, 22.815, 22.92, 22.911, 22.755, 22.864, 23.382, 23.495, 23.52, 23.725, 24.159, 24.714, 24.54], [22.375, 21.838, 21.067, 20.883, 21.354, 21.572, 20.96, 20.56, 20.181, 19.787, 19.805, 20.188, 19.969, 19.574, 17.932, 15.849, 16.362, 15.887, 15.072, 14.665, 14.652, 14.876, 14.766, 14.204, 14.211, 14.342, 13.642, 13.145, 13.034, 12.856, 12.857, 12.781, 12.691, 12.25, 11.233, 8.702, 3.86, 0.0, 3.091, 7.859, 13.169, 15.498, 16.154, 16.792, 17.121, 17.311, 17.455, 17.263, 16.91, 16.759, 16.704, 17.268, 17.411, 17.175, 17.066, 17.265, 17.393, 17.435, 17.578, 17.355, 17.834, 19.701, 21.36, 22.153, 22.243, 22.48, 23.155, 23.59, 23.243, 23.023, 23.132, 23.308, 23.592, 23.076, 22.484, 22.625, 22.644, 22.529, 22.687, 23.222, 23.315, 23.318, 23.499, 23.93, 24.494, 24.308], [22.586, 22.061, 21.321, 21.174, 21.651, 21.882, 21.332, 20.989, 20.652, 20.272, 20.285, 20.653, 20.437, 20.057, 18.447, 16.358, 16.775, 16.312, 15.555, 15.186, 15.185, 15.406, 15.274, 14.752, 14.781, 14.929, 14.225, 13.739, 13.658, 13.464, 13.455, 13.377, 13.303, 12.919, 11.931, 9.399, 5.336, 3.091, 0.0, 6.069, 12.166, 14.768, 15.531, 16.208, 16.546, 16.715, 16.853, 16.624, 16.243, 16.122, 16.108, 16.699, 16.853, 16.619, 16.499, 16.727, 16.902, 16.99, 17.171, 16.968, 17.566, 19.561, 21.271, 22.103, 22.202, 22.407, 23.06, 23.539, 23.226, 23.015, 23.153, 23.359, 23.704, 23.251, 22.665, 22.785, 22.797, 22.685, 22.848, 23.387, 23.48, 23.49, 23.684, 24.121, 24.679, 24.494], [23.084, 22.636, 22.041, 21.993, 22.482, 22.767, 22.369, 22.069, 21.754, 21.407, 21.37, 21.627, 21.426, 21.084, 19.684, 18.153, 18.649, 18.182, 17.51, 17.214, 17.248, 17.496, 17.397, 17.043, 17.232, 17.4, 16.94, 16.594, 16.443, 16.222, 16.195, 16.135, 16.101, 15.847, 15.071, 12.818, 9.268, 7.859, 6.069, 0.0, 7.054, 10.387, 11.54, 12.358, 12.865, 13.176, 13.388, 13.169, 12.801, 12.835, 12.94, 13.654, 14.056, 13.983, 13.971, 14.387, 14.76, 15.079, 15.388, 15.183, 15.955, 18.349, 20.292, 21.19, 21.27, 21.288, 21.583, 21.902, 21.724, 21.731, 22.058, 22.341, 22.766, 22.639, 22.424, 22.665, 22.72, 22.683, 22.912, 23.465, 23.576, 23.586, 23.789, 24.205, 24.722, 24.523], [24.422, 24.088, 23.643, 23.668, 24.162, 24.471, 24.243, 24.012, 23.697, 23.367, 23.257, 23.342, 23.134, 22.845, 21.798, 21.007, 21.618, 21.177, 20.619, 20.375, 20.389, 20.606, 20.569, 20.345, 20.518, 20.657, 20.344, 20.01, 19.845, 19.652, 19.615, 19.566, 19.555, 19.41, 18.884, 17.203, 14.327, 13.169, 12.166, 7.054, 0.0, 4.301, 6.411, 7.635, 8.468, 9.023, 9.315, 9.241, 9.154, 9.573, 9.891, 10.705, 11.547, 11.802, 11.997, 12.689, 13.37, 14.105, 14.677, 14.596, 15.6, 18.33, 20.439, 21.321, 21.34, 21.137, 20.893, 20.801, 20.757, 21.077, 21.599, 21.947, 22.389, 22.637, 22.951, 23.386, 23.495, 23.516, 23.774, 24.301, 24.442, 24.443, 24.616, 24.956, 25.376, 25.158], [25.358, 25.072, 24.662, 24.691, 25.182, 25.455, 25.29, 25.13, 24.851, 24.523, 24.375, 24.376, 24.163, 23.897, 23.023, 22.466, 23.056, 22.667, 22.194, 22.007, 22.031, 22.218, 22.192, 21.994, 22.09, 22.192, 21.872, 21.472, 21.304, 21.161, 21.123, 21.089, 21.095, 20.983, 20.533, 19.092, 16.522, 15.498, 14.768, 10.387, 4.301, 0.0, 2.978, 4.919, 6.108, 6.885, 7.383, 7.511, 7.838, 8.518, 8.945, 9.64, 10.495, 10.886, 11.189, 12.001, 12.88, 13.874, 14.646, 14.802, 16.084, 19.003, 21.142, 21.972, 21.968, 21.723, 21.301, 20.967, 20.927, 21.414, 22.044, 22.443, 22.852, 23.148, 23.61, 24.158, 24.312, 24.327, 24.566, 25.081, 25.234, 25.219, 25.362, 25.657, 26.024, 25.809], [25.588, 25.31, 24.897, 24.913, 25.391, 25.629, 25.487, 25.368, 25.139, 24.827, 24.664, 24.632, 24.42, 24.167, 23.373, 22.903, 23.498, 23.143, 22.7, 22.542, 22.582, 22.753, 22.717, 22.528, 22.581, 22.648, 22.314, 21.918, 21.783, 21.674, 21.63, 21.591, 21.609, 21.514, 21.085, 19.701, 17.164, 16.154, 15.531, 11.54, 6.411, 2.978, 0.0, 2.609, 4.318, 5.504, 6.325, 6.61, 7.193, 7.983, 8.405, 9.013, 9.723, 10.132, 10.504, 11.366, 12.355, 13.451, 14.282, 14.556, 15.937, 18.943, 21.111, 21.92, 21.909, 21.669, 21.214, 20.804, 20.774, 21.372, 22.096, 22.539, 22.936, 23.209, 23.683, 24.283, 24.484, 24.507, 24.737, 25.24, 25.385, 25.361, 25.485, 25.766, 26.123, 25.912], [25.728, 25.474, 25.094, 25.112, 25.576, 25.805, 25.686, 25.574, 25.368, 25.081, 24.904, 24.835, 24.625, 24.389, 23.685, 23.385, 24.04, 23.693, 23.24, 23.069, 23.1, 23.258, 23.216, 23.038, 23.077, 23.129, 22.815, 22.442, 22.353, 22.279, 22.231, 22.191, 22.22, 22.137, 21.714, 20.347, 17.807, 16.792, 16.208, 12.358, 7.635, 4.919, 2.609, 0.0, 2.311, 4.082, 5.234, 5.682, 6.513, 7.452, 7.867, 8.402, 9.147, 9.694, 10.165, 11.04, 12.091, 13.237, 14.055, 14.347, 15.702, 18.689, 20.884, 21.71, 21.703, 21.432, 20.896, 20.439, 20.472, 21.206, 22.031, 22.497, 22.884, 23.173, 23.684, 24.314, 24.55, 24.616, 24.87, 25.349, 25.482, 25.46, 25.575, 25.834, 26.171, 25.963], [25.723, 25.473, 25.122, 25.147, 25.604, 25.837, 25.729, 25.617, 25.414, 25.129, 24.95, 24.879, 24.667, 24.434, 23.761, 23.523, 24.215, 23.883, 23.442, 23.283, 23.333, 23.493, 23.451, 23.273, 23.305, 23.36, 23.055, 22.672, 22.597, 22.545, 22.491, 22.455, 22.495, 22.419, 22.007, 20.667, 18.156, 17.121, 16.546, 12.865, 8.468, 6.108, 4.318, 2.311, 0.0, 2.34, 4.051, 4.755, 5.819, 6.883, 7.344, 7.847, 8.616, 9.283, 9.802, 10.619, 11.724, 12.951, 13.804, 14.116, 15.51, 18.55, 20.771, 21.613, 21.609, 21.318, 20.742, 20.264, 20.325, 21.127, 22.008, 22.495, 22.867, 23.142, 23.652, 24.299, 24.556, 24.654, 24.945, 25.424, 25.537, 25.504, 25.61, 25.855, 26.178, 25.966], [25.765, 25.517, 25.189, 25.218, 25.679, 25.92, 25.807, 25.7, 25.51, 25.234, 25.067, 25.022, 24.815, 24.575, 23.88, 23.575, 24.218, 23.903, 23.502, 23.367, 23.433, 23.592, 23.54, 23.342, 23.349, 23.406, 23.1, 22.693, 22.617, 22.588, 22.532, 22.491, 22.528, 22.452, 22.047, 20.707, 18.29, 17.311, 16.715, 13.176, 9.023, 6.885, 5.504, 4.082, 2.34, 0.0, 2.304, 3.569, 4.931, 6.162, 6.738, 7.324, 8.191, 8.946, 9.51, 10.358, 11.55, 12.846, 13.785, 14.112, 15.591, 18.694, 20.913, 21.741, 21.74, 21.455, 20.891, 20.421, 20.47, 21.229, 22.063, 22.552, 22.929, 23.2, 23.705, 24.356, 24.617, 24.719, 25.019, 25.493, 25.595, 25.548, 25.647, 25.893, 26.219, 26.009], [25.733, 25.48, 25.142, 25.169, 25.645, 25.902, 25.785, 25.667, 25.475, 25.206, 25.046, 25.024, 24.822, 24.577, 23.859, 23.549, 24.206, 23.89, 23.495, 23.361, 23.423, 23.572, 23.512, 23.308, 23.317, 23.376, 23.071, 22.659, 22.584, 22.561, 22.512, 22.462, 22.493, 22.432, 22.048, 20.69, 18.349, 17.455, 16.853, 13.388, 9.315, 7.383, 6.325, 5.234, 4.051, 2.304, 0.0, 2.082, 4.081, 5.61, 6.263, 6.897, 7.848, 8.609, 9.243, 10.28, 11.578, 12.898, 13.888, 14.165, 15.589, 18.666, 20.878, 21.711, 21.7, 21.413, 20.872, 20.39, 20.395, 21.107, 21.882, 22.343, 22.728, 23.006, 23.53, 24.181, 24.435, 24.541, 24.843, 25.319, 25.433, 25.395, 25.495, 25.739, 26.071, 25.863], [25.613, 25.347, 24.981, 25.0, 25.476, 25.744, 25.617, 25.483, 25.292, 25.021, 24.868, 24.863, 24.667, 24.424, 23.679, 23.318, 23.954, 23.627, 23.227, 23.096, 23.167, 23.315, 23.249, 23.052, 23.084, 23.151, 22.838, 22.447, 22.39, 22.346, 22.298, 22.248, 22.287, 22.235, 21.866, 20.479, 18.143, 17.263, 16.624, 13.169, 9.241, 7.511, 6.61, 5.682, 4.755, 3.569, 2.082, 0.0, 2.625, 4.627, 5.485, 6.235, 7.251, 7.984, 8.549, 9.652, 11.043, 12.405, 13.42, 13.722, 15.21, 18.374, 20.654, 21.538, 21.528, 21.236, 20.714, 20.244, 20.208, 20.906, 21.672, 22.11, 22.5, 22.772, 23.294, 23.95, 24.205, 24.311, 24.617, 25.108, 25.24, 25.225, 25.338, 25.587, 25.928, 25.721], [25.44, 25.16, 24.77, 24.778, 25.239, 25.502, 25.353, 25.212, 25.041, 24.778, 24.628, 24.631, 24.435, 24.194, 23.425, 22.961, 23.497, 23.153, 22.777, 22.672, 22.774, 22.938, 22.864, 22.667, 22.705, 22.789, 22.497, 22.123, 22.074, 21.999, 21.93, 21.87, 21.911, 21.861, 21.486, 20.079, 17.768, 16.91, 16.243, 12.801, 9.154, 7.838, 7.193, 6.513, 5.819, 4.931, 4.081, 2.625, 0.0, 2.504, 3.898, 5.202, 6.555, 7.29, 7.67, 8.686, 10.113, 11.492, 12.521, 12.855, 14.513, 17.841, 20.193, 21.112, 21.117, 20.826, 20.318, 19.911, 19.868, 20.504, 21.261, 21.718, 22.123, 22.405, 22.94, 23.608, 23.857, 23.962, 24.277, 24.791, 24.939, 24.946, 25.102, 25.402, 25.775, 25.565], [25.248, 24.958, 24.558, 24.565, 25.013, 25.262, 25.106, 24.976, 24.833, 24.577, 24.422, 24.432, 24.236, 23.99, 23.216, 22.702, 23.168, 22.822, 22.475, 22.397, 22.53, 22.709, 22.64, 22.446, 22.483, 22.579, 22.32, 21.962, 21.91, 21.816, 21.721, 21.651, 21.695, 21.651, 21.285, 19.898, 17.607, 16.759, 16.122, 12.835, 9.573, 8.518, 7.983, 7.452, 6.883, 6.162, 5.61, 4.627, 2.504, 0.0, 2.03, 4.012, 5.631, 6.4, 6.682, 7.622, 9.026, 10.404, 11.489, 11.898, 13.775, 17.319, 19.754, 20.7, 20.727, 20.435, 19.926, 19.539, 19.504, 20.099, 20.827, 21.313, 21.734, 22.002, 22.53, 23.223, 23.48, 23.58, 23.905, 24.444, 24.609, 24.618, 24.809, 25.177, 25.594, 25.383], [25.078, 24.783, 24.385, 24.397, 24.836, 25.075, 24.914, 24.781, 24.662, 24.421, 24.265, 24.278, 24.091, 23.842, 23.067, 22.573, 23.09, 22.763, 22.412, 22.326, 22.46, 22.635, 22.57, 22.39, 22.433, 22.516, 22.254, 21.916, 21.88, 21.787, 21.682, 21.605, 21.653, 21.618, 21.27, 19.895, 17.576, 16.704, 16.108, 12.94, 9.891, 8.945, 8.405, 7.867, 7.344, 6.738, 6.263, 5.485, 3.898, 2.03, 0.0, 2.638, 4.703, 5.658, 6.089, 7.114, 8.401, 9.65, 10.708, 11.142, 13.124, 16.816, 19.324, 20.288, 20.323, 20.029, 19.508, 19.096, 19.064, 19.665, 20.357, 20.834, 21.255, 21.495, 22.019, 22.75, 23.036, 23.146, 23.484, 24.043, 24.225, 24.229, 24.425, 24.831, 25.285, 25.076], [25.138, 24.849, 24.462, 24.485, 24.927, 25.154, 25.008, 24.888, 24.779, 24.54, 24.39, 24.406, 24.229, 23.988, 23.253, 22.799, 23.347, 23.111, 22.809, 22.716, 22.834, 22.981, 22.9, 22.758, 22.837, 22.904, 22.597, 22.247, 22.23, 22.142, 22.042, 21.976, 22.023, 21.988, 21.689, 20.38, 18.112, 17.268, 16.699, 13.654, 10.705, 9.64, 9.013, 8.402, 7.847, 7.324, 6.897, 6.235, 5.202, 4.012, 2.638, 0.0, 2.803, 4.314, 5.138, 6.443, 7.813, 9.114, 10.234, 10.875, 13.155, 17.042, 19.591, 20.546, 20.581, 20.303, 19.783, 19.319, 19.306, 19.975, 20.657, 21.101, 21.495, 21.7, 22.189, 22.93, 23.219, 23.319, 23.644, 24.196, 24.372, 24.367, 24.554, 24.961, 25.419, 25.212], [25.009, 24.711, 24.31, 24.329, 24.77, 24.994, 24.863, 24.771, 24.67, 24.413, 24.269, 24.293, 24.108, 23.868, 23.144, 22.655, 23.176, 23.004, 22.779, 22.719, 22.854, 22.989, 22.882, 22.749, 22.859, 22.926, 22.564, 22.182, 22.167, 22.084, 21.99, 21.937, 21.991, 21.962, 21.722, 20.496, 18.258, 17.411, 16.853, 14.056, 11.547, 10.495, 9.723, 9.147, 8.616, 8.191, 7.848, 7.251, 6.555, 5.631, 4.703, 2.803, 0.0, 2.028, 3.498, 5.322, 7.052, 8.546, 9.793, 10.657, 13.219, 17.324, 19.924, 20.863, 20.888, 20.654, 20.233, 19.756, 19.696, 20.404, 21.121, 21.568, 21.935, 22.072, 22.472, 23.188, 23.476, 23.561, 23.872, 24.429, 24.591, 24.579, 24.755, 25.164, 25.638, 25.429], [24.879, 24.566, 24.124, 24.125, 24.565, 24.785, 24.655, 24.583, 24.491, 24.223, 24.074, 24.099, 23.903, 23.66, 22.916, 22.371, 22.848, 22.677, 22.487, 22.462, 22.625, 22.767, 22.641, 22.497, 22.626, 22.705, 22.319, 21.915, 21.9, 21.81, 21.722, 21.675, 21.728, 21.702, 21.476, 20.255, 18.022, 17.175, 16.619, 13.983, 11.802, 10.886, 10.132, 9.694, 9.283, 8.946, 8.609, 7.984, 7.29, 6.4, 5.658, 4.314, 2.028, 0.0, 2.061, 4.486, 6.527, 8.135, 9.497, 10.455, 13.133, 17.334, 19.958, 20.897, 20.915, 20.706, 20.374, 19.927, 19.82, 20.507, 21.237, 21.689, 22.045, 22.136, 22.481, 23.17, 23.45, 23.518, 23.819, 24.395, 24.564, 24.56, 24.742, 25.167, 25.666, 25.455], [24.907, 24.587, 24.136, 24.131, 24.564, 24.78, 24.64, 24.576, 24.491, 24.219, 24.066, 24.093, 23.893, 23.651, 22.879, 22.232, 22.592, 22.401, 22.241, 22.26, 22.466, 22.623, 22.479, 22.316, 22.45, 22.546, 22.163, 21.758, 21.738, 21.638, 21.548, 21.511, 21.568, 21.534, 21.293, 20.093, 17.914, 17.066, 16.499, 13.971, 11.997, 11.189, 10.504, 10.165, 9.802, 9.51, 9.243, 8.549, 7.67, 6.682, 6.089, 5.138, 3.498, 2.061, 0.0, 2.842, 5.303, 7.2, 8.808, 9.955, 12.867, 17.199, 19.87, 20.852, 20.894, 20.69, 20.394, 19.995, 19.867, 20.52, 21.271, 21.75, 22.119, 22.188, 22.487, 23.162, 23.433, 23.485, 23.783, 24.378, 24.555, 24.565, 24.759, 25.19, 25.697, 25.491], [24.938, 24.615, 24.202, 24.209, 24.619, 24.829, 24.686, 24.632, 24.554, 24.28, 24.127, 24.156, 23.959, 23.725, 22.962, 22.234, 22.453, 22.253, 22.117, 22.18, 22.429, 22.608, 22.458, 22.28, 22.404, 22.512, 22.151, 21.764, 21.742, 21.635, 21.532, 21.506, 21.576, 21.529, 21.282, 20.18, 18.112, 17.265, 16.727, 14.387, 12.689, 12.001, 11.366, 11.04, 10.619, 10.358, 10.28, 9.652, 8.686, 7.622, 7.114, 6.443, 5.322, 4.486, 2.842, 0.0, 2.998, 5.536, 7.634, 9.124, 12.35, 16.843, 19.578, 20.617, 20.705, 20.496, 20.201, 19.856, 19.721, 20.341, 21.141, 21.693, 22.086, 22.147, 22.415, 23.106, 23.391, 23.446, 23.758, 24.363, 24.533, 24.541, 24.739, 25.16, 25.655, 25.454], [24.909, 24.57, 24.173, 24.185, 24.58, 24.783, 24.611, 24.555, 24.489, 24.219, 24.072, 24.119, 23.934, 23.704, 22.93, 22.112, 22.243, 22.036, 21.895, 21.981, 22.266, 22.468, 22.325, 22.155, 22.284, 22.393, 22.053, 21.7, 21.673, 21.539, 21.42, 21.399, 21.475, 21.427, 21.187, 20.146, 18.192, 17.393, 16.902, 14.76, 13.37, 12.88, 12.355, 12.091, 11.724, 11.55, 11.578, 11.043, 10.113, 9.026, 8.401, 7.813, 7.052, 6.527, 5.303, 2.998, 0.0, 3.225, 5.998, 7.929, 11.513, 16.222, 19.045, 20.137, 20.267, 20.058, 19.771, 19.472, 19.322, 19.863, 20.629, 21.221, 21.637, 21.681, 21.935, 22.66, 22.971, 23.039, 23.37, 23.995, 24.168, 24.171, 24.377, 24.808, 25.309, 25.11], [24.744, 24.388, 23.993, 23.998, 24.373, 24.571, 24.355, 24.271, 24.221, 23.975, 23.836, 23.899, 23.727, 23.505, 22.707, 21.845, 22.001, 21.812, 21.664, 21.75, 22.049, 22.257, 22.138, 22.02, 22.195, 22.296, 21.973, 21.647, 21.599, 21.434, 21.308, 21.291, 21.373, 21.327, 21.102, 20.08, 18.191, 17.435, 16.99, 15.079, 14.105, 13.874, 13.451, 13.237, 12.951, 12.846, 12.898, 12.405, 11.492, 10.404, 9.65, 9.114, 8.546, 8.135, 7.2, 5.536, 3.225, 0.0, 3.331, 5.922, 10.113, 15.198, 18.166, 19.303, 19.479, 19.294, 19.074, 18.857, 18.68, 19.135, 19.832, 20.413, 20.829, 20.839, 21.083, 21.862, 22.228, 22.344, 22.716, 23.367, 23.553, 23.569, 23.783, 24.256, 24.813, 24.632], [24.499, 24.145, 23.759, 23.758, 24.103, 24.301, 24.083, 23.97, 23.931, 23.717, 23.576, 23.623, 23.465, 23.26, 22.48, 21.739, 22.031, 21.848, 21.673, 21.726, 21.999, 22.195, 22.106, 22.056, 22.29, 22.384, 22.093, 21.803, 21.736, 21.563, 21.446, 21.432, 21.52, 21.471, 21.234, 20.211, 18.337, 17.578, 17.171, 15.388, 14.677, 14.646, 14.282, 14.055, 13.804, 13.785, 13.888, 13.42, 12.521, 11.489, 10.708, 10.234, 9.793, 9.497, 8.808, 7.634, 5.998, 3.331, 0.0, 3.381, 8.343, 13.831, 16.942, 18.112, 18.33, 18.178, 18.028, 17.904, 17.743, 18.197, 18.874, 19.412, 19.785, 19.77, 20.046, 20.894, 21.338, 21.553, 22.007, 22.676, 22.86, 22.886, 23.105, 23.606, 24.209, 24.049], [24.169, 23.807, 23.429, 23.436, 23.781, 24.01, 23.789, 23.625, 23.576, 23.394, 23.242, 23.283, 23.139, 22.938, 22.151, 21.582, 22.066, 21.8, 21.526, 21.526, 21.768, 21.958, 21.905, 21.89, 22.16, 22.261, 22.038, 21.775, 21.674, 21.503, 21.399, 21.377, 21.468, 21.415, 21.144, 20.059, 18.132, 17.355, 16.968, 15.183, 14.596, 14.802, 14.556, 14.347, 14.116, 14.112, 14.165, 13.722, 12.855, 11.898, 11.142, 10.875, 10.657, 10.455, 9.955, 9.124, 7.929, 5.922, 3.381, 0.0, 5.578, 11.58, 14.916, 16.167, 16.42, 16.28, 16.204, 16.19, 16.078, 16.544, 17.272, 17.865, 18.245, 18.25, 18.599, 19.498, 20.006