[[0.0, 3.393, 6.064, 9.964, 10.901, 11.013, 10.982, 11.936, 12.508, 13.0, 13.478, 14.353, 15.109, 15.137, 15.253, 15.381, 15.641, 15.476, 15.072, 14.879, 14.802, 14.912, 15.023, 15.711, 16.36, 16.352, 16.01, 15.76, 15.836, 16.392, 16.601, 16.85, 17.216, 17.102, 17.367, 17.254, 17.585, 17.921, 17.834, 18.123, 19.152, 20.593, 21.663, 22.261, 22.933, 23.688, 23.873, 23.535, 23.652, 24.177, 24.811, 24.541, 23.93, 23.79, 24.175, 23.98, 23.556, 23.64, 23.682, 23.593, 23.162, 22.757, 22.556, 22.497, 22.596, 23.065, 23.038, 22.899, 22.996, 21.527, 18.927, 18.228, 20.068, 20.974, 20.779, 20.027, 19.866, 20.588, 20.34, 19.791, 19.247, 19.406, 19.533, 19.041, 18.347, 17.944], [3.393, 0.0, 3.935, 8.796, 9.905, 10.043, 10.06, 11.161, 11.885, 12.418, 12.884, 13.69, 14.365, 14.324, 14.413, 14.542, 14.846, 14.733, 14.379, 14.228, 14.141, 14.212, 14.315, 15.053, 15.783, 15.808, 15.492, 15.363, 15.632, 16.294, 16.545, 16.8, 17.173, 17.097, 17.448, 17.498, 17.884, 18.199, 18.101, 18.364, 19.351, 20.762, 21.808, 22.368, 23.001, 23.742, 23.925, 23.591, 23.7, 24.203, 24.833, 24.585, 24.0, 23.868, 24.251, 24.056, 23.651, 23.749, 23.812, 23.735, 23.31, 22.925, 22.726, 22.657, 22.749, 23.213, 23.193, 23.05, 23.115, 21.61, 19.043, 18.378, 20.209, 21.096, 20.913, 20.164, 20.017, 20.732, 20.489, 19.96, 19.441, 19.593, 19.711, 19.236, 18.566, 18.218], [6.064, 3.935, 0.0, 5.872, 7.449, 7.676, 7.907, 9.249, 10.272, 10.872, 11.291, 12.004, 12.656, 12.61, 12.819, 13.055, 13.437, 13.392, 13.179, 13.146, 13.168, 13.309, 13.44, 14.14, 14.87, 14.921, 14.647, 14.681, 15.343, 16.161, 16.401, 16.762, 17.171, 17.06, 17.373, 17.464, 17.83, 18.11, 18.022, 18.244, 19.132, 20.465, 21.441, 21.957, 22.556, 23.271, 23.459, 23.122, 23.227, 23.707, 24.334, 24.093, 23.527, 23.42, 23.807, 23.61, 23.225, 23.35, 23.452, 23.392, 22.975, 22.603, 22.396, 22.308, 22.373, 22.827, 22.814, 22.692, 22.738, 21.22, 18.708, 18.086, 19.882, 20.676, 20.476, 19.741, 19.678, 20.43, 20.208, 19.72, 19.201, 19.33, 19.453, 18.996, 18.382, 18.046], [9.964, 8.796, 5.872, 0.0, 2.915, 3.997, 4.919, 6.164, 7.54, 8.239, 8.616, 9.312, 10.187, 10.699, 11.466, 11.954, 12.406, 12.445, 12.384, 12.498, 12.671, 12.907, 13.07, 13.834, 14.564, 14.634, 14.455, 14.669, 15.636, 16.514, 16.706, 17.145, 17.55, 17.423, 17.723, 17.815, 18.089, 18.3, 18.239, 18.392, 19.081, 20.191, 21.018, 21.482, 22.031, 22.692, 22.871, 22.547, 22.653, 23.073, 23.646, 23.41, 22.896, 22.843, 23.239, 23.048, 22.686, 22.831, 22.964, 22.935, 22.558, 22.213, 22.005, 21.874, 21.875, 22.299, 22.294, 22.187, 22.23, 20.799, 18.571, 18.069, 19.59, 20.205, 20.053, 19.475, 19.519, 20.204, 19.984, 19.55, 19.075, 19.181, 19.323, 18.932, 18.491, 18.199], [10.901, 9.905, 7.449, 2.915, 0.0, 2.363, 3.765, 4.996, 6.391, 7.19, 7.537, 8.395, 9.421, 10.182, 11.203, 11.781, 12.268, 12.346, 12.329, 12.464, 12.67, 12.932, 13.101, 13.885, 14.604, 14.672, 14.524, 14.764, 15.761, 16.683, 16.878, 17.307, 17.732, 17.646, 17.968, 18.098, 18.381, 18.565, 18.514, 18.671, 19.298, 20.312, 21.09, 21.561, 22.104, 22.729, 22.878, 22.559, 22.651, 23.029, 23.561, 23.328, 22.858, 22.83, 23.226, 23.047, 22.698, 22.852, 23.001, 22.99, 22.644, 22.312, 22.103, 21.957, 21.937, 22.345, 22.339, 22.22, 22.257, 20.899, 18.824, 18.407, 19.813, 20.375, 20.267, 19.772, 19.819, 20.429, 20.176, 19.739, 19.306, 19.431, 19.567, 19.201, 18.848, 18.628], [11.013, 10.043, 7.676, 3.997, 2.363, 0.0, 1.99, 4.009, 5.675, 6.52, 7.027, 7.977, 9.152, 9.769, 10.661, 11.29, 11.824, 11.93, 11.918, 12.088, 12.384, 12.702, 12.886, 13.665, 14.401, 14.496, 14.356, 14.626, 15.654, 16.569, 16.749, 17.173, 17.619, 17.543, 17.85, 17.979, 18.298, 18.502, 18.439, 18.631, 19.34, 20.446, 21.29, 21.78, 22.34, 22.977, 23.124, 22.799, 22.879, 23.253, 23.79, 23.567, 23.11, 23.079, 23.465, 23.284, 22.915, 23.048, 23.193, 23.173, 22.833, 22.518, 22.32, 22.191, 22.186, 22.589, 22.573, 22.46, 22.496, 21.088, 18.96, 18.569, 20.137, 20.732, 20.566, 19.993, 19.998, 20.646, 20.371, 19.897, 19.424, 19.558, 19.684, 19.292, 18.904, 18.683], [10.982, 10.06, 7.907, 4.919, 3.765, 1.99, 0.0, 2.953, 4.902, 5.895, 6.605, 7.76, 9.047, 9.608, 10.395, 11.043, 11.613, 11.731, 11.709, 11.878, 12.203, 12.52, 12.719, 13.569, 14.356, 14.475, 14.322, 14.571, 15.575, 16.482, 16.662, 17.055, 17.507, 17.457, 17.789, 17.938, 18.283, 18.507, 18.438, 18.648, 19.432, 20.628, 21.517, 22.015, 22.591, 23.261, 23.436, 23.121, 23.202, 23.585, 24.126, 23.906, 23.442, 23.398, 23.771, 23.581, 23.186, 23.294, 23.427, 23.398, 23.056, 22.744, 22.544, 22.417, 22.416, 22.82, 22.798, 22.686, 22.724, 21.29, 19.112, 18.697, 20.365, 21.016, 20.828, 20.206, 20.177, 20.852, 20.564, 20.059, 19.548, 19.695, 19.835, 19.428, 19.001, 18.752], [11.936, 11.161, 9.249, 6.164, 4.996, 4.009, 2.953, 0.0, 2.699, 4.258, 5.279, 6.83, 8.405, 9.191, 10.136, 10.831, 11.428, 11.597, 11.628, 11.832, 12.25, 12.63, 12.861, 13.768, 14.55, 14.668, 14.536, 14.753, 15.768, 16.714, 16.896, 17.247, 17.688, 17.684, 18.017, 18.202, 18.56, 18.765, 18.701, 18.915, 19.693, 20.885, 21.773, 22.266, 22.839, 23.515, 23.695, 23.388, 23.469, 23.824, 24.333, 24.114, 23.667, 23.638, 24.008, 23.812, 23.41, 23.517, 23.65, 23.618, 23.28, 22.964, 22.758, 22.614, 22.594, 22.981, 22.962, 22.859, 22.903, 21.5, 19.392, 18.981, 20.584, 21.249, 21.091, 20.489, 20.438, 21.096, 20.809, 20.294, 19.787, 19.976, 20.16, 19.77, 19.367, 19.122], [12.508, 11.885, 10.272, 7.54, 6.391, 5.675, 4.902, 2.699, 0.0, 2.305, 4.074, 6.219, 7.877, 8.812, 9.879, 10.59, 11.181, 11.367, 11.429, 11.671, 12.164, 12.628, 12.895, 13.817, 14.592, 14.708, 14.587, 14.797, 15.806, 16.775, 16.958, 17.318, 17.77, 17.779, 18.093, 18.268, 18.643, 18.83, 18.769, 19.012, 19.813, 21.021, 21.951, 22.469, 23.055, 23.73, 23.901, 23.587, 23.665, 24.005, 24.496, 24.267, 23.828, 23.801, 24.165, 23.967, 23.558, 23.657, 23.783, 23.743, 23.41, 23.107, 22.908, 22.769, 22.745, 23.13, 23.11, 23.01, 23.06, 21.669, 19.586, 19.193, 20.752, 21.438, 21.299, 20.695, 20.596, 21.208, 20.923, 20.415, 19.935, 20.157, 20.356, 19.978, 19.569, 19.319], [13.0, 12.418, 10.872, 8.239, 7.19, 6.52, 5.895, 4.258, 2.305, 0.0, 2.65, 5.286, 7.062, 8.286, 9.619, 10.418, 11.004, 11.191, 11.279, 11.572, 12.063, 12.52, 12.784, 13.737, 14.532, 14.65, 14.56, 14.802, 15.834, 16.809, 17.011, 17.438, 17.911, 17.916, 18.225, 18.408, 18.767, 18.925, 18.867, 19.117, 19.894, 21.049, 21.944, 22.45, 23.024, 23.677, 23.838, 23.529, 23.606, 23.927, 24.397, 24.169, 23.754, 23.749, 24.112, 23.916, 23.511, 23.607, 23.727, 23.688, 23.373, 23.091, 22.906, 22.766, 22.729, 23.116, 23.095, 22.995, 23.05, 21.7, 19.702, 19.361, 20.823, 21.487, 21.368, 20.786, 20.683, 21.255, 20.981, 20.503, 20.07, 20.298, 20.5, 20.137, 19.733, 19.476], [13.478, 12.884, 11.291, 8.616, 7.537, 7.027, 6.605, 5.279, 4.074, 2.65, 0.0, 3.376, 5.783, 7.526, 9.351, 10.332, 10.923, 11.131, 11.281, 11.62, 12.136, 12.575, 12.825, 13.79, 14.572, 14.669, 14.615, 14.931, 16.014, 16.987, 17.221, 17.674, 18.142, 18.16, 18.481, 18.684, 19.019, 19.154, 19.097, 19.335, 20.041, 21.108, 21.929, 22.422, 22.986, 23.611, 23.744, 23.428, 23.5, 23.798, 24.251, 24.034, 23.644, 23.665, 24.036, 23.851, 23.468, 23.583, 23.716, 23.696, 23.411, 23.139, 22.955, 22.809, 22.761, 23.147, 23.138, 23.044, 23.098, 21.803, 19.89, 19.554, 20.884, 21.463, 21.343, 20.81, 20.751, 21.268, 20.983, 20.543, 20.175, 20.411, 20.613, 20.27, 19.905, 19.666], [14.353, 13.69, 12.004, 9.312, 8.395, 7.977, 7.76, 6.83, 6.219, 5.286, 3.376, 0.0, 3.446, 6.177, 8.65, 9.681, 10.229, 10.549, 10.77, 11.177, 11.773, 12.257, 12.539, 13.5, 14.226, 14.291, 14.275, 14.687, 15.932, 16.953, 17.232, 17.762, 18.226, 18.243, 18.558, 18.763, 19.07, 19.19, 19.126, 19.346, 19.999, 20.998, 21.755, 22.224, 22.788, 23.418, 23.537, 23.215, 23.284, 23.557, 24.008, 23.805, 23.443, 23.494, 23.869, 23.694, 23.342, 23.484, 23.629, 23.616, 23.354, 23.104, 22.94, 22.796, 22.728, 23.11, 23.111, 23.031, 23.092, 21.847, 20.028, 19.688, 20.877, 21.356, 21.219, 20.73, 20.719, 21.186, 20.889, 20.466, 20.158, 20.401, 20.602, 20.286, 19.956, 19.729], [15.109, 14.365, 12.656, 10.187, 9.421, 9.152, 9.047, 8.405, 7.877, 7.062, 5.783, 3.446, 0.0, 4.078, 7.297, 8.348, 8.924, 9.428, 9.826, 10.334, 10.977, 11.492, 11.813, 12.726, 13.396, 13.455, 13.494, 14.015, 15.47, 16.605, 16.919, 17.621, 18.158, 18.179, 18.496, 18.649, 18.921, 19.012, 18.958, 19.171, 19.778, 20.723, 21.467, 21.949, 22.515, 23.149, 23.283, 22.971, 23.038, 23.302, 23.767, 23.56, 23.198, 23.248, 23.612, 23.431, 23.082, 23.216, 23.348, 23.323, 23.064, 22.825, 22.678, 22.545, 22.463, 22.85, 22.863, 22.802, 22.88, 21.667, 19.927, 19.611, 20.692, 21.16, 21.049, 20.591, 20.59, 21.046, 20.784, 20.382, 20.148, 20.412, 20.62, 20.318, 19.977, 19.735], [15.137, 14.324, 12.61, 10.699, 10.182, 9.769, 9.608, 9.191, 8.812, 8.286, 7.526, 6.177, 4.078, 0.0, 3.886, 5.463, 6.424, 7.106, 7.724, 8.413, 9.319, 10.06, 10.434, 11.153, 11.861, 12.067, 12.205, 12.934, 14.714, 15.974, 16.279, 17.101, 17.783, 17.823, 18.078, 18.159, 18.495, 18.654, 18.585, 18.839, 19.604, 20.752, 21.649, 22.178, 22.795, 23.481, 23.646, 23.33, 23.379, 23.678, 24.214, 24.015, 23.6, 23.595, 23.955, 23.766, 23.381, 23.482, 23.591, 23.538, 23.242, 23.002, 22.854, 22.756, 22.728, 23.121, 23.118, 23.07, 23.135, 21.773, 19.773, 19.317, 20.717, 21.344, 21.142, 20.519, 20.467, 21.096, 20.855, 20.362, 20.032, 20.336, 20.558, 20.186, 19.702, 19.399], [15.253, 14.413, 12.819, 11.466, 11.203, 10.661, 10.395, 10.136, 9.879, 9.619, 9.351, 8.65, 7.297, 3.886, 0.0, 2.862, 4.696, 5.477, 6.285, 7.232, 8.502, 9.526, 9.977, 10.538, 11.296, 11.651, 11.827, 12.672, 14.593, 15.901, 16.188, 17.017, 17.744, 17.778, 17.982, 18.017, 18.393, 18.612, 18.52, 18.783, 19.683, 21.006, 22.02, 22.58, 23.239, 23.983, 24.182, 23.88, 23.944, 24.296, 24.877, 24.686, 24.233, 24.182, 24.529, 24.328, 23.91, 23.969, 24.059, 23.987, 23.657, 23.403, 23.255, 23.189, 23.198, 23.575, 23.547, 23.496, 23.517, 22.027, 19.83, 19.274, 20.937, 21.703, 21.455, 20.719, 20.631, 21.397, 21.154, 20.572, 20.117, 20.423, 20.642, 20.212, 19.619, 19.262], [15.381, 14.542, 13.055, 11.954, 11.781, 11.29, 11.043, 10.831, 10.59, 10.418, 10.332, 9.681, 8.348, 5.463, 2.862, 0.0, 2.708, 4.075, 4.994, 6.046, 7.574, 8.762, 9.268, 9.832, 10.582, 10.95, 11.157, 12.114, 14.183, 15.576, 15.912, 16.722, 17.435, 17.472, 17.676, 17.738, 18.159, 18.374, 18.28, 18.553, 19.465, 20.801, 21.838, 22.41, 23.081, 23.857, 24.073, 23.769, 23.838, 24.22, 24.837, 24.662, 24.208, 24.148, 24.483, 24.279, 23.866, 23.929, 24.024, 23.943, 23.596, 23.339, 23.21, 23.153, 23.173, 23.572, 23.544, 23.483, 23.488, 22.0, 19.808, 19.233, 20.862, 21.663, 21.454, 20.729, 20.63, 21.391, 21.156, 20.566, 20.104, 20.421, 20.636, 20.199, 19.592, 19.238], [15.641, 14.846, 13.437, 12.406, 12.268, 11.824, 11.613, 11.428, 11.181, 11.004, 10.923, 10.229, 8.924, 6.424, 4.696, 2.708, 0.0, 2.24, 3.597, 4.835, 6.71, 8.112, 8.701, 9.16, 9.816, 10.191, 10.424, 11.494, 13.776, 15.281, 15.651, 16.461, 17.171, 17.214, 17.405, 17.513, 18.008, 18.237, 18.147, 18.45, 19.386, 20.723, 21.774, 22.356, 23.029, 23.816, 24.027, 23.717, 23.781, 24.169, 24.804, 24.637, 24.193, 24.141, 24.467, 24.266, 23.864, 23.942, 24.045, 23.961, 23.607, 23.353, 23.236, 23.176, 23.201, 23.609, 23.581, 23.522, 23.532, 22.062, 19.896, 19.332, 20.932, 21.721, 21.5, 20.776, 20.661, 21.4, 21.152, 20.552, 20.092, 20.422, 20.644, 20.214, 19.618, 19.279], [15.476, 14.733, 13.392, 12.445, 12.346, 11.93, 11.731, 11.597, 11.367, 11.191, 11.131, 10.549, 9.428, 7.106, 5.477, 4.075, 2.24, 0.0, 2.184, 3.965, 6.129, 7.684, 8.335, 8.78, 9.496, 9.909, 10.088, 11.108, 13.412, 14.911, 15.273, 16.109, 16.828, 16.875, 17.093, 17.197, 17.722, 17.995, 17.903, 18.214, 19.203, 20.591, 21.683, 22.288, 22.982, 23.791, 24.018, 23.713, 23.788, 24.193, 24.835, 24.657, 24.202, 24.145, 24.47, 24.267, 23.858, 23.931, 24.035, 23.947, 23.579, 23.323, 23.204, 23.144, 23.175, 23.583, 23.551, 23.495, 23.513, 22.026, 19.791, 19.185, 20.864, 21.685, 21.454, 20.703, 20.57, 21.326, 21.059, 20.425, 19.928, 20.268, 20.501, 20.048, 19.424, 19.068], [15.072, 14.379, 13.179, 12.384, 12.329, 11.918, 11.709, 11.628, 11.429, 11.279, 11.281, 10.77, 9.826, 7.724, 6.285, 4.994, 3.597, 2.184, 0.0, 2.421, 5.029, 6.743, 7.394, 7.868, 8.7, 9.147, 9.296, 10.324, 12.654, 14.163, 14.531, 15.373, 16.128, 16.206, 16.457, 16.575, 17.164, 17.489, 17.395, 17.742, 18.827, 20.302, 21.441, 22.059, 22.78, 23.636, 23.886, 23.573, 23.649, 24.075, 24.734, 24.547, 24.081, 24.021, 24.353, 24.146, 23.727, 23.817, 23.933, 23.844, 23.46, 23.197, 23.08, 23.027, 23.076, 23.506, 23.479, 23.428, 23.457, 21.943, 19.6, 18.931, 20.707, 21.561, 21.321, 20.54, 20.405, 21.201, 20.911, 20.231, 19.688, 20.04, 20.285, 19.804, 19.133, 18.753], [14.879, 14.228, 13.146, 12.498, 12.464, 12.088, 11.878, 11.832, 11.671, 11.572, 11.62, 11.177, 10.334, 8.413, 7.232, 6.046, 4.835, 3.965, 2.421, 0.0, 3.133, 5.241, 5.998, 6.599, 7.52, 7.983, 8.178, 9.38, 11.876, 13.429, 13.847, 14.765, 15.581, 15.689, 15.987, 16.147, 16.8, 17.146, 17.07, 17.46, 18.612, 20.133, 21.294, 21.919, 22.659, 23.543, 23.805, 23.483, 23.551, 23.99, 24.663, 24.472, 24.005, 23.955, 24.301, 24.095, 23.674, 23.774, 23.898, 23.809, 23.421, 23.151, 23.029, 22.972, 23.031, 23.473, 23.459, 23.411, 23.45, 21.923, 19.534, 18.847, 20.668, 21.531, 21.298, 20.515, 20.385, 21.199, 20.915, 20.232, 19.676, 20.037, 20.281, 19.8, 19.118, 18.717], [14.802, 14.141, 13.168, 12.671, 12.67, 12.384, 12.203, 12.25, 12.164, 12.063, 12.136, 11.773, 10.977, 9.319, 8.502, 7.574, 6.71, 6.129, 5.029, 3.133, 0.0, 2.72, 3.907, 5.092, 6.352, 6.787, 6.976, 8.335, 10.997, 12.559, 13.02, 14.063, 14.964, 15.108, 15.51, 15.747, 16.452, 16.836, 16.786, 17.208, 18.42, 19.972, 21.15, 21.789, 22.546, 23.449, 23.721, 23.389, 23.452, 23.899, 24.576, 24.378, 23.905, 23.864, 24.227, 24.027, 23.61, 23.714, 23.831, 23.737, 23.351, 23.08, 22.946, 22.872, 22.93, 23.379, 23.366, 23.31, 23.354, 21.814, 19.384, 18.694, 20.56, 21.434, 21.21, 20.418, 20.297, 21.119, 20.834, 20.155, 19.588, 19.928, 20.163, 19.698, 19.023, 18.609], [14.912, 14.212, 13.309, 12.907, 12.932, 12.702, 12.52, 12.63, 12.628, 12.52, 12.575, 12.257, 11.492, 10.06, 9.526, 8.762, 8.112, 7.684, 6.743, 5.241, 2.72, 0.0, 1.94, 4.368, 6.083, 6.522, 6.673, 7.994, 10.58, 12.075, 12.549, 13.623, 14.542, 14.744, 15.292, 15.641, 16.363, 16.76, 16.722, 17.143, 18.352, 19.886, 21.057, 21.706, 22.476, 23.391, 23.667, 23.322, 23.375, 23.823, 24.503, 24.308, 23.835, 23.799, 24.162, 23.964, 23.557, 23.67, 23.787, 23.693, 23.314, 23.047, 22.909, 22.818, 22.885, 23.364, 23.36, 23.299, 23.347, 21.813, 19.385, 18.68, 20.536, 21.412, 21.201, 20.415, 20.289, 21.091, 20.793, 20.112, 19.544, 19.867, 20.107, 19.669, 19.0, 18.593], [15.023, 14.315, 13.44, 13.07, 13.101, 12.886, 12.719, 12.861, 12.895, 12.784, 12.825, 12.539, 11.813, 10.434, 9.977, 9.268, 8.701, 8.335, 7.394, 5.998, 3.907, 1.94, 0.0, 3.372, 5.565, 6.187, 6.396, 7.818, 10.441, 11.875, 12.328, 13.471, 14.415, 14.637, 15.264, 15.666, 16.381, 16.771, 16.745, 17.175, 18.372, 19.872, 21.021, 21.666, 22.437, 23.352, 23.622, 23.261, 23.298, 23.739, 24.422, 24.229, 23.77, 23.743, 24.105, 23.911, 23.521, 23.652, 23.772, 23.678, 23.301, 23.033, 22.89, 22.801, 22.883, 23.373, 23.373, 23.313, 23.352, 21.819, 19.417, 18.739, 20.601, 21.473, 21.275, 20.504, 20.373, 21.155, 20.839, 20.14, 19.564, 19.884, 20.132, 19.7, 19.029, 18.628], [15.711, 15.053, 14.14, 13.834, 13.885, 13.665, 13.569, 13.768, 13.817, 13.737, 13.79, 13.5, 12.726, 11.153, 10.538, 9.832, 9.16, 8.78, 7.868, 6.599, 5.092, 4.368, 3.372, 0.0, 2.871, 4.227, 4.796, 6.877, 10.123, 11.765, 12.182, 13.468, 14.511, 14.701, 15.225, 15.651, 16.437, 16.823, 16.803, 17.254, 18.457, 19.945, 21.07, 21.697, 22.467, 23.384, 23.646, 23.267, 23.277, 23.704, 24.399, 24.205, 23.763, 23.737, 24.087, 23.893, 23.528, 23.699, 23.84, 23.748, 23.372, 23.108, 22.964, 22.898, 22.995, 23.443, 23.433, 23.39, 23.421, 21.875, 19.51, 18.872, 20.758, 21.638, 21.418, 20.624, 20.492, 21.295, 20.969, 20.253, 19.681, 20.017, 20.271, 19.839, 19.164, 18.782], [16.36, 15.783, 14.87, 14.564, 14.604, 14.401, 14.356, 14.55, 14.592, 14.532, 14.572, 14.226, 13.396, 11.861, 11.296, 10.582, 9.816, 9.496, 8.7, 7.52, 6.352, 6.083, 5.565, 2.871, 0.0, 2.069, 3.254, 6.116, 9.89, 11.728, 12.172, 13.524, 14.606, 14.755, 15.124, 15.569, 16.438, 16.826, 16.818, 17.283, 18.468, 19.927, 21.021, 21.636, 22.403, 23.328, 23.58, 23.19, 23.183, 23.591, 24.286, 24.092, 23.669, 23.654, 24.002, 23.808, 23.458, 23.665, 23.847, 23.77, 23.394, 23.134, 22.992, 22.934, 23.03, 23.457, 23.455, 23.436, 23.478, 21.956, 19.654, 19.055, 20.868, 21.731, 21.5, 20.716, 20.602, 21.403, 21.087, 20.382, 19.845, 20.21, 20.476, 20.06, 19.409, 19.051], [16.352, 15.808, 14.921, 14.634, 14.672, 14.496, 14.475, 14.668, 14.708, 14.65, 14.669, 14.291, 13.455, 12.067, 11.651, 10.95, 10.191, 9.909, 9.147, 7.983, 6.787, 6.522, 6.187, 4.227, 2.069, 0.0, 1.884, 5.443, 9.468, 11.384, 11.875, 13.258, 14.347, 14.496, 14.816, 15.282, 16.222, 16.639, 16.643, 17.139, 18.355, 19.825, 20.926, 21.553, 22.336, 23.28, 23.522, 23.115, 23.106, 23.509, 24.193, 23.99, 23.569, 23.567, 23.929, 23.733, 23.384, 23.609, 23.814, 23.752, 23.375, 23.115, 22.976, 22.911, 23.004, 23.447, 23.455, 23.445, 23.495, 21.979, 19.656, 19.037, 20.81, 21.657, 21.411, 20.629, 20.526, 21.327, 21.011, 20.3, 19.776, 20.17, 20.457, 20.044, 19.404, 19.051], [16.01, 15.492, 14.647, 14.455, 14.524, 14.356, 14.322, 14.536, 14.587, 14.56, 14.615, 14.275, 13.494, 12.205, 11.827, 11.157, 10.424, 10.088, 9.296, 8.178, 6.976, 6.673, 6.396, 4.796, 3.254, 1.884, 0.0, 4.078, 8.448, 10.499, 11.026, 12.457, 13.583, 13.761, 14.141, 14.638, 15.649, 16.125, 16.133, 16.661, 17.965, 19.526, 20.691, 21.35, 22.161, 23.14, 23.396, 22.98, 22.978, 23.403, 24.096, 23.879, 23.439, 23.431, 23.806, 23.606, 23.245, 23.472, 23.673, 23.605, 23.212, 22.943, 22.802, 22.729, 22.825, 23.295, 23.306, 23.289, 23.341, 21.796, 19.362, 18.669, 20.507, 21.386, 21.126, 20.315, 20.204, 21.03, 20.701, 19.963, 19.413, 19.821, 20.129, 19.699, 19.032, 18.667], [15.76, 15.363, 14.681, 14.669, 14.764, 14.626, 14.571, 14.753, 14.797, 14.802, 14.931, 14.687, 14.015, 12.934, 12.672, 12.114, 11.494, 11.108, 10.324, 9.38, 8.335, 7.994, 7.818, 6.877, 6.116, 5.443, 4.078, 0.0, 5.18, 7.908, 8.64, 10.318, 11.671, 11.955, 12.472, 13.128, 14.351, 14.953, 14.991, 15.616, 17.146, 18.901, 20.172, 20.874, 21.729, 22.773, 23.071, 22.661, 22.678, 23.146, 23.855, 23.62, 23.149, 23.144, 23.564, 23.367, 22.986, 23.226, 23.434, 23.346, 22.912, 22.627, 22.508, 22.42, 22.5, 23.014, 23.036, 23.008, 23.073, 21.477, 18.846, 18.016, 19.938, 20.911, 20.68, 19.841, 19.733, 20.624, 20.299, 19.51, 18.92, 19.354, 19.706, 19.259, 18.533, 18.148], [15.836, 15.632, 15.343, 15.636, 15.761, 15.654, 15.575, 15.768, 15.806, 15.834, 16.014, 15.932, 15.47, 14.714, 14.593, 14.183, 13.776, 13.412, 12.654, 11.876, 10.997, 10.58, 10.441, 10.123, 9.89, 9.468, 8.448, 5.18, 0.0, 3.837, 5.289, 7.264, 8.98, 9.529, 10.278, 11.188, 12.842, 13.546, 13.599, 14.388, 16.247, 18.249, 19.647, 20.393, 21.302, 22.448, 22.816, 22.424, 22.453, 22.964, 23.691, 23.444, 22.943, 22.93, 23.407, 23.224, 22.816, 23.072, 23.307, 23.214, 22.758, 22.488, 22.415, 22.331, 22.41, 22.983, 23.025, 22.968, 23.046, 21.37, 18.497, 17.515, 19.503, 20.559, 20.372, 19.52, 19.391, 20.353, 20.069, 19.221, 18.597, 19.077, 19.485, 19.014, 18.211, 17.801], [16.392, 16.294, 16.161, 16.514, 16.683, 16.569, 16.482, 16.714, 16.775, 16.809, 16.987, 16.953, 16.605, 15.974, 15.901, 15.576, 15.281, 14.911, 14.163, 13.429, 12.559, 12.075, 11.875, 11.765, 11.728, 11.384, 10.499, 7.908, 3.837, 0.0, 2.692, 5.706, 7.595, 8.377, 9.404, 10.437, 12.266, 13.014, 13.049, 13.891, 15.851, 17.938, 19.399, 20.177, 21.11, 22.318, 22.737, 22.346, 22.358, 22.869, 23.593, 23.35, 22.837, 22.809, 23.295, 23.117, 22.702, 22.959, 23.212, 23.118, 22.677, 22.452, 22.417, 22.343, 22.44, 23.047, 23.1, 23.021, 23.1, 21.396, 18.462, 17.438, 19.456, 20.517, 20.34, 19.49, 19.308, 20.27, 20.003, 19.125, 18.502, 19.006, 19.426, 18.948, 18.113, 17.705], [16.601, 16.545, 16.401, 16.706, 16.878, 16.749, 16.662, 16.896, 16.958, 17.011, 17.221, 17.232, 16.919, 16.279, 16.188, 15.912, 15.651, 15.273, 14.531, 13.847, 13.02, 12.549, 12.328, 12.182, 12.172, 11.875, 11.026, 8.64, 5.289, 2.692, 0.0, 4.232, 6.61, 7.585, 8.802, 10.04, 12.029, 12.853, 12.915, 13.793, 15.81, 17.935, 19.42, 20.215, 21.159, 22.378, 22.811, 22.394, 22.377, 22.873, 23.585, 23.338, 22.805, 22.759, 23.254, 23.08, 22.662, 22.912, 23.161, 23.061, 22.619, 22.392, 22.343, 22.27, 22.41, 23.046, 23.099, 23.013, 23.08, 21.349, 18.366, 17.311, 19.393, 20.469, 20.287, 19.417, 19.231, 20.211, 19.941, 19.062, 18.424, 18.933, 19.363, 18.868, 18.028, 17.624], [16.85, 16.8, 16.762, 17.145, 17.307, 17.173, 17.055, 17.247, 17.318, 17.438, 17.674, 17.762, 17.621, 17.101, 17.017, 16.722, 16.461, 16.109, 15.373, 14.765, 14.063, 13.623, 13.471, 13.468, 13.524, 13.258, 12.457, 10.318, 7.264, 5.706, 4.232, 0.0, 3.475, 5.44, 7.174, 9.192, 11.749, 12.673, 12.749, 13.701, 15.835, 18.087, 19.655, 20.465, 21.406, 22.669, 23.124, 22.672, 22.622, 23.12, 23.852, 23.624, 23.059, 22.969, 23.483, 23.336, 22.912, 23.187, 23.456, 23.36, 22.911, 22.682, 22.621, 22.523, 22.724, 23.444, 23.508, 23.406, 23.448, 21.627, 18.494, 17.352, 19.529, 20.623, 20.434, 19.519, 19.314, 20.331, 20.066, 19.185, 18.493, 19.039, 19.518, 19.007, 18.169, 17.811], [17.216, 17.173, 17.171, 17.55, 17.732, 17.619, 17.507, 17.688, 17.77, 17.911, 18.142, 18.226, 18.158, 17.783, 17.744, 17.435, 17.171, 16.828, 16.128, 15.581, 14.964, 14.542, 14.415, 14.511, 14.606, 14.347, 13.583, 11.671, 8.98, 7.595, 6.61, 3.475, 0.0, 3.327, 6.013, 8.386, 11.074, 12.003, 12.117, 13.051, 15.097, 17.347, 18.955, 19.791, 20.758, 22.088, 22.579, 22.113, 22.043, 22.559, 23.337, 23.126, 22.548, 22.446, 22.945, 22.807, 22.394, 22.685, 22.983, 22.891, 22.441, 22.242, 22.229, 22.143, 22.376, 23.144, 23.237, 23.145, 23.191, 21.422, 18.392, 17.294, 19.351, 20.4, 20.28, 19.457, 19.268, 20.218, 19.964, 19.114, 18.425, 18.944, 19.437, 18.955, 18.146, 17.814], [17.102, 17.097, 17.06, 17.423, 17.646, 17.543, 17.457, 17.684, 17.779, 17.916, 18.16, 18.243, 18.179, 17.823, 17.778, 17.472, 17.214, 16.875, 16.206, 15.689, 15.108, 14.744, 14.637, 14.701, 14.755, 14.496, 13.761, 11.955, 9.529, 8.377, 7.585, 5.44, 3.327, 0.0, 3.656, 6.512, 9.354, 10.392, 10.57, 11.574, 13.757, 16.106, 17.772, 18.653, 19.679, 21.072, 21.578, 21.104, 21.063, 21.662, 22.505, 22.294, 21.705, 21.602, 22.117, 21.981, 21.56, 21.851, 22.162, 22.049, 21.565, 21.374, 21.388, 21.33, 21.596, 22.403, 22.507, 22.455, 22.508, 20.741, 17.76, 16.756, 18.838, 19.877, 19.798, 19.042, 18.912, 19.839, 19.578, 18.762, 18.08, 18.565, 19.042, 18.567, 17.747, 17.377], [17.367, 17.448, 17.373, 17.723, 17.968, 17.85, 17.789, 18.017, 18.093, 18.225, 18.481, 18.558, 18.496, 18.078, 17.982, 17.676, 17.405, 17.093, 16.457, 15.987, 15.51, 15.292, 15.264, 15.225, 15.124, 14.816, 14.141, 12.472, 10.278, 9.404, 8.802, 7.174, 6.013, 3.656, 0.0, 4.52, 8.259, 9.441, 9.688, 10.841, 13.214, 15.69, 17.409, 18.315, 19.361, 20.754, 21.242, 20.763, 20.737, 21.349, 22.197, 21.997, 21.401, 21.309, 21.873, 21.742, 21.309, 21.616, 21.954, 21.849, 21.357, 21.182, 21.226, 21.212, 21.506, 22.309, 22.4, 22.372, 22.46, 20.677, 17.634, 16.685, 18.816, 19.829, 19.704, 18.916, 18.829, 19.784, 19.498, 18.682, 17.993, 18.476, 18.95, 18.488, 17.67, 17.283], [17.254, 17.498, 17.464, 17.815, 18.098, 17.979, 17.938, 18.202, 18.268, 18.408, 18.684, 18.763, 18.649, 18.159, 18.017, 17.738, 17.513, 17.197, 16.575, 16.147, 15.747, 15.641, 15.666, 15.651, 15.569, 15.282, 14.638, 13.128, 11.188, 10.437, 10.04, 9.192, 8.386, 6.512, 4.52, 0.0, 4.862, 6.767, 7.057, 8.359, 11.196, 14.027, 15.983, 17.071, 18.25, 19.716, 20.283, 19.819, 19.824, 20.539, 21.441, 21.19, 20.532, 20.455, 21.035, 20.873, 20.395, 20.666, 20.995, 20.857, 20.291, 20.078, 20.172, 20.249, 20.585, 21.397, 21.466, 21.48, 21.622, 19.965, 16.908, 15.877, 18.079, 19.152, 19.069, 18.373, 18.345, 19.336, 19.071, 18.256, 17.559, 18.028, 18.529, 18.056, 17.169, 16.711], [17.585, 17.884, 17.83, 18.089, 18.381, 18.298, 18.283, 18.56, 18.643, 18.767, 19.019, 19.07, 18.921, 18.495, 18.393, 18.159, 18.008, 17.722, 17.164, 16.8, 16.452, 16.363, 16.381, 16.437, 16.438, 16.222, 15.649, 14.351, 12.842, 12.266, 12.029, 11.749, 11.074, 9.354, 8.259, 4.862, 0.0, 3.138, 3.901, 5.061, 8.208, 11.375, 13.6, 14.929, 16.281, 17.863, 18.558, 18.164, 18.253, 19.134, 20.116, 19.832, 19.169, 19.155, 19.752, 19.564, 19.033, 19.195, 19.478, 19.273, 18.61, 18.359, 18.471, 18.585, 18.932, 19.754, 19.819, 19.951, 20.134, 18.668, 16.083, 15.432, 17.535, 18.62, 18.728, 18.344, 18.478, 19.369, 19.149, 18.455, 17.86, 18.23, 18.66, 18.217, 17.372, 16.881], [17.921, 18.199, 18.11, 18.3, 18.565, 18.502, 18.507, 18.765, 18.83, 18.925, 19.154, 19.19, 19.012, 18.654, 18.612, 18.374, 18.237, 17.995, 17.489, 17.146, 16.836, 16.76, 16.771, 16.823, 16.826, 16.639, 16.125, 14.953, 13.546, 13.014, 12.853, 12.673, 12.003, 10.392, 9.441, 6.767, 3.138, 0.0, 1.964, 3.59, 6.743, 10.059, 12.428, 13.832, 15.219, 16.858, 17.594, 17.243, 17.379, 18.287, 19.317, 19.051, 18.442, 18.501, 19.105, 18.913, 18.352, 18.449, 18.716, 18.52, 17.876, 17.662, 17.831, 17.954, 18.266, 19.059, 19.136, 19.308, 19.52, 18.072, 15.789, 15.635, 17.662, 18.676, 18.889, 18.624, 18.797, 19.601, 19.408, 18.817, 18.328, 18.659, 19.023, 18.599, 17.814, 17.319], [17.834, 18.101, 18.022, 18.239, 18.514, 18.439, 18.438, 18.701, 18.769, 18.867, 19.097, 19.126, 18.958, 18.585, 18.52, 18.28, 18.147, 17.903, 17.395, 17.07, 16.786, 16.722, 16.745, 16.803, 16.818, 16.643, 16.133, 14.991, 13.599, 13.049, 12.915, 12.749, 12.117, 10.57, 9.688, 7.057, 3.901, 1.964, 0.0, 2.494, 6.335, 9.929, 12.396, 13.82, 15.221, 16.899, 17.641, 17.273, 17.414, 18.338, 19.379, 19.11, 18.487, 18.545, 19.131, 18.932, 18.364, 18.448, 18.713, 18.516, 17.861, 17.649, 17.843, 17.988, 18.286, 19.085, 19.149, 19.291, 19.497, 18.052, 15.68, 15.475, 17.62, 18.688, 18.872, 18.558, 18.688, 19.518, 19.321, 18.713, 18.212, 18.556, 18.934, 18.497, 17.681, 17.192], [18.123, 18.364, 18.244, 18.392, 18.671, 18.631, 18.648, 18.915, 19.012, 19.117, 19.335, 19.346, 19.171, 18.839, 18.783, 18.553, 18.45, 18.214, 17.742, 17.46, 17.208, 17.143, 17.175, 17.254, 17.283, 17.139, 16.661, 15.616, 14.388, 13.891, 13.793, 13.701, 13.051, 11.574, 10.841, 8.359, 5.061, 3.59, 2.494, 0.0, 4.417, 8.412, 11.126, 12.714, 14.198, 15.958, 16.793, 16.431, 16.596, 17.599, 18.683, 18.411, 17.744, 17.789, 18.379, 18.181, 17.587, 17.634, 17.886, 17.657, 16.961, 16.763, 16.989, 17.147, 17.431, 18.252, 18.327, 18.477, 18.696, 17.419, 15.342, 15.265, 17.315, 18.417, 18.739, 18.558, 18.736, 19.519, 19.342, 18.778, 18.3, 18.612, 18.974, 18.569, 17.804, 17.333], [19.152, 19.351, 19.132, 19.081, 19.298, 19.34, 19.432, 19.693, 19.813, 19.894, 20.041, 19.999, 19.778, 19.604, 19.683, 19.465, 19.386, 19.203, 18.827, 18.612, 18.42, 18.352, 18.372, 18.457, 18.468, 18.355, 17.965, 17.146, 16.247, 15.851, 15.81, 15.835, 15.097, 13.757, 13.214, 11.196, 8.208, 6.743, 6.335, 4.417, 0.0, 4.487, 7.808, 9.82, 11.434, 13.254, 14.244, 13.924, 14.139, 15.252, 16.443, 16.2, 15.521, 15.583, 16.198, 16.06, 15.439, 15.395, 15.623, 15.372, 14.691, 14.572, 14.891, 15.072, 15.297, 16.106, 16.254, 16.453, 16.732, 15.932, 14.841, 15.419, 16.951, 17.906, 18.611, 18.84, 19.176, 19.741, 19.596, 19.214, 18.885, 19.128, 19.415, 19.107, 18.562, 18.162], [20.593, 20.762, 20.465, 20.191, 20.312, 20.446, 20.628, 20.885, 21.021, 21.049, 21.108, 20.998, 20.723, 20.752, 21.006, 20.801, 20.723, 20.591, 20.302, 20.133, 19.972, 19.886, 19.872, 19.945, 19.927, 19.825, 19.526, 18.901, 18.249, 17.938, 17.935, 18.087, 17.347, 16.106, 15.69, 14.027, 11.375, 10.059, 9.929, 8.412, 4.487, 0.0, 4.014, 6.616, 8.373, 10.218, 11.302, 11.067, 11.365, 12.561, 13.808, 13.619, 13.031, 13.176, 13.816, 13.777, 13.21, 13.117, 13.363, 13.189, 12.639, 12.619, 13.015, 13.172, 13.325, 14.089, 14.318, 14.571, 14.942, 14.799, 14.928, 16.15, 16.953, 17.565, 18.625, 19.334, 19.858, 20.146, 20.005, 19.798, 19.657, 19.832, 20.061, 19.881, 19.628, 19.331], [21.663, 21.808, 21.441, 21.018, 21.09, 21.29, 21.517, 21.773, 21.951, 21.944, 21.929, 21.755, 21.467, 21.649, 22.02, 21.838, 21.774, 21.683, 21.441, 21.294, 21.15, 21.057, 21.021, 21.07, 21.021, 20.926, 20.691, 20.172, 19.647, 19.399, 19.42, 19.655, 18.955, 17.772, 17.409, 15.983, 13.6, 12.428, 12.396, 11.126, 7.808, 4.014, 0.0, 3.138, 5.316, 7.522, 8.806, 8.756, 9.21, 10.53, 11.857, 11.732, 11.27, 11.518, 12.169, 12.183, 11.789, 11.843, 12.179, 12.128, 11.758, 11.846, 12.308, 12.404, 12.46, 13.2, 13.464, 13.71, 14.126, 14.46, 15.322, 16.799, 17.078, 17.387, 18.605, 19.622, 20.364, 20.532, 20.395, 20.292, 20.278, 20.395, 20.593, 20.508, 20.434, 20.202], [22.261, 22.368, 21.957, 21.482, 21.561, 21.78, 22.015, 22.266, 22.469, 22.45, 22.422, 22.224, 21.949, 22.178, 22.58, 22.41, 22.356, 22.288, 22.059, 21.919, 21.789, 21.706, 21.666, 21.697, 21.636, 21.553, 21.35, 20.874, 20.393, 20.177, 20.215, 20.465, 19.791, 18.653, 18.315, 17.071, 14.929, 13.832, 13.82, 12.714, 9.82, 6.616, 3.138, 0.0, 2.723, 5.604, 7.287, 7.557, 8.162, 9.514, 10.881, 10.838, 10.499, 10.773, 11.384, 11.41, 11.153, 11.338, 11.727, 11.737, 11.481, 11.717, 12.281, 12.332, 12.31, 13.007, 13.277, 13.507, 13.928, 14.398, 15.581, 17.206, 17.312, 17.47, 18.706, 19.81, 20.659, 20.844, 20.726, 20.671, 20.683, 20.735, 20.911, 20.873, 20.876, 20.682], [22.933, 23.001, 22.556, 22.031, 22.104, 22.34, 22.591, 22.839, 23.055, 23.024, 22.986, 22.788, 22.515, 22.795, 23.239, 23.081, 23.029, 22.982, 22.78, 22.659, 22.546, 22.476, 22.437, 22.467, 22.403, 22.336, 22.161, 21.729, 21.302, 21.11, 21.159, 21.406, 20.758, 19.679, 19.361, 18.25, 16.281, 15.219, 15.221, 14.198, 11.434, 8.373, 5.316, 2.723, 0.0, 3.491, 5.797, 6.535, 7.303, 8.64, 9.999, 10.055, 9.824, 10.116, 10.697, 10.778, 10.616, 10.826, 11.233, 11.302, 11.145, 11.486, 12.115, 12.11, 12.021, 12.673, 12.932, 13.147, 13.583, 14.223, 15.809, 17.665, 17.597, 17.613, 18.902, 20.109, 20.977, 21.095, 21.036, 21.103, 21.156, 21.1, 21.225, 21.245, 21.34, 21.189], [23.688, 23.742, 23.271, 22.692, 22.729, 22.977, 23.261, 23.515, 23.73, 23.677, 23.611, 23.418, 23.149, 23.481, 23.983, 23.857, 23.816, 23.791, 23.636, 23.543, 23.449, 23.391, 23.352, 23.384, 23.328, 23.28, 23.14, 22.773, 22.448, 22.318, 22.378, 22.669, 22.088, 21.072, 20.754, 19.716, 17.863, 16.858, 16.899, 15.958, 13.254, 10.218, 7.522, 5.604, 3.491, 0.0, 3.14, 4.795, 5.903, 7.323, 8.705, 8.865, 8.761, 9.142, 9.715, 9.892, 9.815, 10.013, 10.391, 10.553, 10.549, 10.976, 11.628, 11.588, 11.418, 11.945, 12.18, 12.404, 12.892, 13.871, 15.987, 18.17, 17.864, 17.699, 19.08, 20.424, 21.321, 21.288, 21.302, 21.63, 21.802, 21.609, 21.636, 21.718, 21.949, 21.857], [23.873, 23.925, 23.459, 22.871, 22.878, 23.124, 23.436, 23.695, 23.901, 23.838, 23.744, 23.537, 23.283, 23.646, 24.182, 24.073, 24.027, 24.018, 23.886, 23.805, 23.721, 23.667, 23.622, 23.646, 23.58, 23.522, 23.396, 23.071, 22.816, 22.737, 22.811, 23.124, 22.579, 21.578, 21.242, 20.283, 18.558, 17.594, 17.641, 16.793, 14.244, 11.302, 8.806, 7.287, 5.797, 3.14, 0.0, 2.692, 4.375, 5.955, 7.473, 7.717, 7.759, 8.307, 8.889, 9.113, 9.133, 9.431, 9.885, 10.192, 10.343, 10.811, 11.487, 11.515, 11.405, 11.903, 12.143, 12.399, 12.917, 13.901, 16.101, 18.433, 18.044, 17.724, 19.081, 20.453, 21.359, 21.223, 21.197, 21.64, 21.944, 21.743, 21.716, 21.827, 22.146, 22.102], [23.535, 23.591, 23.122, 22.547, 22.559, 22.799, 23.121, 23.388, 23.587, 23.529, 23.428, 23.215, 22.971, 23.33, 23.88, 23.769, 23.717, 23.713, 23.573, 23.483, 23.389, 23.322, 23.261, 23.267, 23.19, 23.115, 22.98, 22.661, 22.424, 22.346, 22.394, 22.672, 22.113, 21.104, 20.763, 19.819, 18.164, 17.243, 17.273, 16.431, 13.924, 11.067, 8.756, 7.557, 6.535, 4.795, 2.692, 0.0, 2.289, 4.502, 6.473, 6.733, 6.649, 7.277, 7.917, 8.138, 8.221, 8.716, 9.297, 9.651, 9.806, 10.263, 10.984, 11.147, 11.25, 11.96, 12.251, 12.477, 12.964, 13.758, 15.72, 18.034, 17.779, 17.492, 18.812, 20.147, 21.023, 20.881, 20.798, 21.202, 21.531, 21.433, 21.452, 21.549, 21.834, 21.786], [23.652, 23.7, 23.227, 22.653, 22.651, 22.879, 23.202, 23.469, 23.665, 23.606, 23.5, 23.284, 23.038, 23.379, 23.944, 23.838, 23.781, 23.788, 23.649, 23.551, 23.452, 23.375, 23.298, 23.277, 23.183, 23.106, 22.978, 22.678, 22.453, 22.358, 22.377, 22.622, 22.043, 21.063, 20.737, 19.824, 18.253, 17.379, 17.414, 16.596, 14.139, 11.365, 9.21, 8.162, 7.303, 5.903, 4.375, 2.289, 0.0, 2.981, 5.508, 5.89, 5.699, 6.332, 7.03, 7.314, 7.534, 8.254, 8.966, 9.373, 9.614, 10.124, 10.87, 11.135, 11.38, 12.17, 12.496, 12.669, 13.11, 13.857, 15.753, 18.061, 17.845, 17.563, 18.85, 20.175, 21.046, 20.884, 20.789, 21.199, 21.537, 21.488, 21.566, 21.667, 21.939, 21.896], [24.177, 24.203, 23.707, 23.073, 23.029, 23.253, 23.585, 23.824, 24.005, 23.927, 23.798, 23.557, 23.302, 23.678, 24.296, 24.22, 24.169, 24.193, 24.075, 23.99, 23.899, 23.823, 23.739, 23.704, 23.591, 23.509, 23.403, 23.146, 22.964, 22.869, 22.873, 23.12, 22.559, 21.662, 21.349, 20.539, 19.134, 18.287, 18.338, 17.599, 15.252, 12.561, 10.53, 9.514, 8.64, 7.323, 5.955, 4.502, 2.981, 0.0, 3.106, 3.874, 4.109, 5.267, 6.219, 6.675, 7.071, 8.082, 9.05, 9.601, 10.057, 10.742, 11.495, 11.747, 11.978, 12.657, 12.999, 13.162, 13.643, 14.372, 16.318, 18.681, 18.376, 17.928, 19.136, 20.465, 21.335, 21.121, 20.993, 21.413, 21.784, 21.758, 21.891, 22.054, 22.418, 22.42], [24.811, 24.833, 24.334, 23.646, 23.561, 23.79, 24.126, 24.333, 24.496, 24.397, 24.251, 24.008, 23.767, 24.214, 24.877, 24.837, 24.804, 24.835, 24.734, 24.663, 24.576, 24.503, 24.422, 24.399, 24.286, 24.193, 24.096, 23.855, 23.691, 23.593, 23.585, 23.852, 23.337, 22.505, 22.197, 21.441, 20.116, 19.317, 19.379, 18.683, 16.443, 13.808, 11.857, 10.881, 9.999, 8.705, 7.473, 6.473, 5.508, 3.106, 0.0, 1.574, 3.064, 4.996, 6.301, 6.858, 7.287, 8.325, 9.436, 10.094, 10.628, 11.369, 12.064, 12.233, 12.434, 12.989, 13.323, 13.536, 14.113, 14.898, 16.933, 19.313, 18.896, 18.264, 19.403, 20.757, 21.641, 21.387, 21.238, 21.664, 22.065, 22.056, 22.229, 22.468, 22.976, 23.027], [24.541, 24.585, 24.093, 23.41, 23.328, 23.567, 23.906, 24.114, 24.267, 24.169, 24.034, 23.805, 23.56, 24.015, 24.686, 24.662, 24.637, 24.657, 24.547, 24.472, 24.378, 24.308, 24.229, 24.205, 24.092, 23.99, 23.879, 23.62, 23.444, 23.35, 23.338, 23.624, 23.126, 22.294, 21.997, 21.19, 19.832, 19.051, 19.11, 18.411, 16.2, 13.619, 11.732, 10.838, 10.055, 8.865, 7.717, 6.733, 5.89, 3.874, 1.574, 0.0, 2.361, 4.772, 6.271, 6.786, 7.155, 8.21, 9.346, 9.997, 10.452, 11.142, 11.801, 11.96, 12.165, 12.732, 13.077, 13.335, 13.952, 14.734, 16.692, 19.028, 18.657, 18.053, 19.172, 20.509, 21.386, 21.168, 21.032, 21.431, 21.814, 21.835, 22.035, 22.268, 22.764, 22.803], [23.93, 24.0, 23.527, 22.896, 22.858, 23.11, 23.442, 23.667, 23.828, 23.754, 23.644, 23.443, 23.198, 23.6, 24.233, 24.208, 24.193, 24.202, 24.081, 24.005, 23.905, 23.835, 23.77, 23.763, 23.669, 23.569, 23.439, 23.149, 22.943, 22.837, 22.805, 23.059, 22.548, 21.705, 21.401, 20.532, 19.169, 18.442, 18.487, 17.744, 15.521, 13.031, 11.27, 10.499, 9.824, 8.761, 7.759, 6.649, 5.699, 4.109, 3.064, 2.361, 0.0, 3.01, 5.012, 5.582, 5.921, 7.025, 8.23, 8.909, 9.303, 9.967, 10.736, 11.047, 11.381, 12.119, 12.494, 12.721, 13.353, 14.108, 15.887, 18.112, 17.789, 17.298, 18.448, 19.781, 20.677, 20.511, 20.422, 20.848, 21.216, 21.256, 21.497, 21.692, 22.122, 22.135], [23.79, 23.868, 23.42, 22.843, 22.83, 23.079, 23.398, 23.638, 23.801, 23.749, 23.665, 23.494, 23.248, 23.595, 24.182, 24.148, 24.141, 24.145, 24.021, 23.955, 23.864, 23.799, 23.743, 23.737, 23.654, 23.567, 23.431, 23.144, 22.93, 22.809, 22.759, 22.969, 22.446, 21.602, 21.309, 20.455, 19.155, 18.501, 18.545, 17.789, 15.583, 13.176, 11.518, 10.773, 10.116, 9.142, 8.307, 7.277, 6.332, 5.267, 4.996, 4.772, 3.01, 0.0, 2.692, 3.621, 4.193, 5.486, 6.822, 7.632, 8.133, 8.951, 9.869, 10.378, 10.903, 11.798, 12.206, 12.368, 12.981, 13.758, 15.526, 17.759, 17.446, 17.007, 18.173, 19.495, 20.401, 20.232, 20.168, 20.637, 21.011, 21.047, 21.282, 21.442, 21.835, 21.836], [24.175, 24.251, 23.807, 23.239, 23.226, 23.465, 23.771, 24.008, 24.165, 24.112, 24.036, 23.869, 23.612, 23.955, 24.529, 24.483, 24.467, 24.47, 24.353, 24.301, 24.227, 24.162, 24.105, 24.087, 24.002, 23.929, 23.806, 23.564, 23.407, 23.295, 23.254, 23.483, 22.945, 22.117, 21.873, 21.035, 19.752, 19.105, 19.131, 18.379, 16.198, 13.816, 12.169, 11.384, 10.697, 9.715, 8.889, 7.917, 7.03, 6.219, 6.301, 6.271, 5.012, 2.692, 0.0, 1.658, 2.948, 4.554, 6.11, 7.072, 7.745, 8.706, 9.748, 10.402, 10.978, 11.872, 12.312, 12.431, 13.048, 13.977, 15.907, 18.177, 17.765, 17.303, 18.494, 19.834, 20.71, 20.478, 20.423, 20.916, 21.32, 21.331, 21.545, 21.701, 22.091, 22.092], [23.98, 24.056, 23.61, 23.048, 23.047, 23.284, 23.581, 23.812, 23.967, 23.916, 23.851, 23.694, 23.431, 23.766, 24.328, 24.279, 24.266, 24.267, 24.146, 24.095, 24.027, 23.964, 23.911, 23.893, 23.808, 23.733, 23.606, 23.367, 23.224, 23.117, 23.08, 23.336, 22.807, 21.981, 21.742, 20.873, 19.564, 18.913, 18.932, 18.181, 16.06, 13.777, 12.183, 11.41, 10.778, 9.892, 9.113, 8.138, 7.314, 6.675, 6.858, 6.786, 5.582, 3.621, 1.658, 0.0, 1.989, 4.022, 5.73, 6.716, 7.354, 8.29, 9.357, 10.059, 10.68, 11.638, 12.08, 12.185, 12.779, 13.674, 15.574, 17.845, 17.455, 17.026, 18.231, 19.57, 20.451, 20.24, 20.204, 20.702, 21.115, 21.135, 21.366, 21.515, 21.879, 21.872], [23.556, 23.651, 23.225, 22.686, 22.698, 22.915, 23.186, 23.41, 23.558, 23.511, 23.468, 23.342, 23.082, 23.381, 23.91, 23.866, 23.864, 23.858, 23.727, 23.674, 23.61, 23.557, 23.521, 23.528, 23.458, 23.384, 23.245, 22.986, 22.816, 22.702, 22.662, 22.912, 22.394, 21.56, 21.309, 20.395, 19.033, 18.352, 18.364, 17.587, 15.439, 13.21, 11.789, 11.153, 10.616, 9.815, 9.133, 8.221, 7.534, 7.071, 7.287, 7.155, 5.921, 4.193, 2.948, 1.989, 0.0, 2.644, 4.682, 5.709, 6.328, 7.337, 8.468, 9.208, 9.862, 10.907, 11.385, 11.532, 12.208, 13.059, 14.935, 17.316, 17.066, 16.728, 17.972, 19.28, 20.137, 19.979, 19.953, 20.427, 20.809, 20.863, 21.109, 21.226, 21.546, 21.495], [23.64, 23.749, 23.35, 22.831, 22.852, 23.048, 23.294, 23.517, 23.657, 23.607, 23.583, 23.484, 23.216, 23.482, 23.969, 23.929, 23.942, 23.931, 23.817, 23.774, 23.714, 23.67, 23.652, 23.699, 23.665, 23.609, 23.472, 23.226, 23.072, 22.959, 22.912, 23.187, 22.685, 21.851, 21.616, 20.666, 19.195, 18.449, 18.448, 17.634, 15.395, 13.117, 11.843, 11.338, 10.826, 10.013, 9.431, 8.716, 8.254, 8.082, 8.325, 8.21, 7.025, 5.486, 4.554, 4.022, 2.644, 0.0, 2.578, 3.936, 4.804, 6.133, 7.529, 8.401, 9.053, 10.056, 10.541, 10.75, 11.555, 12.499, 14.669, 17.359, 17.22, 16.963, 18.248, 19.559, 20.406, 20.247, 20.221, 20.687, 21.051, 21.1, 21.325, 21.41, 21.69, 21.595], [23.682, 23.812, 23.452, 22.964, 23.001, 23.193, 23.427, 23.65, 23.783, 23.727, 23.716, 23.629, 23.348, 23.591, 24.059, 24.024, 24.045, 24.035, 23.933, 23.898, 23.831, 23.787, 23.772, 23.84, 23.847, 23.814, 23.673, 23.434, 23.307, 23.212, 23.161, 23.456, 22.983, 22.162, 21.954, 20.995, 19.478, 18.716, 18.713, 17.886, 15.623, 13.363, 12.179, 11.727, 11.233, 10.391, 9.885, 9.297, 8.966, 9.05, 9.436, 9.346, 8.23, 6.822, 6.11, 5.73, 4.682, 2.578, 0.0, 1.933, 3.422, 5.132, 6.764, 7.758, 8.409, 9.381, 9.826, 10.004, 10.813, 11.911, 14.408, 17.315, 17.261, 17.123, 18.457, 19.776, 20.626, 20.489, 20.471, 20.946, 21.3, 21.351, 21.558, 21.602, 21.812, 21.683], [23.593, 23.735, 23.392, 22.935, 22.99, 23.173, 23.398, 23.618, 23.743, 23.688, 23.696, 23.616, 23.323, 23.538, 23.987, 23.943, 23.961, 23.947, 23.844, 23.809, 23.737, 23.693, 23.678, 23.748, 23.77, 23.752, 23.605, 23.346, 23.214, 23.118, 23.061, 23.36, 22.891, 22.049, 21.849, 20.857, 19.273, 18.52, 18.516, 17.657, 15.372, 13.189, 12.128, 11.737, 11.302, 10.553, 10.192, 9.651, 9.373, 9.601, 10.094, 9.997, 8.909, 7.632, 7.072, 6.716, 5.709, 3.936, 1.933, 0.0, 2.169, 4.423, 6.257, 7.363, 8.039, 9.025, 9.449, 9.674, 10.456, 11.587, 14.183, 17.143, 17.204, 17.21, 18.582, 19.874, 20.704, 20.635, 20.648, 21.091, 21.4, 21.467, 21.683, 21.692, 21.826, 21.675], [23.162, 23.31,