[[0.0, 3.643, 5.716, 7.411, 9.976, 11.468, 11.746, 12.101, 13.643, 14.182, 13.82, 13.734, 14.172, 14.523, 14.164, 14.024, 14.465, 15.053, 15.325, 14.855, 14.547, 14.472, 14.948, 15.813, 16.742, 17.978, 19.544, 20.441, 20.387, 20.208, 20.379, 20.556, 20.39, 20.385, 20.717, 20.861, 21.134, 21.349, 21.403, 21.586, 21.47, 21.371, 20.944, 20.654, 20.711, 20.461, 20.068, 20.243, 20.193, 19.723, 19.265, 19.094, 19.108, 19.23, 19.555, 19.561, 19.462, 19.276, 19.033, 18.856, 19.109, 19.763, 20.143, 20.187, 20.195, 20.283, 20.337, 20.251, 20.223, 20.563, 20.802, 20.995, 21.291, 21.9, 22.74, 22.782, 22.983, 22.788, 22.243, 21.733, 22.029, 22.48, 22.864, 23.176, 23.312, 23.262], [3.643, 0.0, 2.832, 5.292, 8.747, 10.802, 11.258, 11.672, 13.244, 13.831, 13.556, 13.508, 13.923, 14.264, 13.893, 13.78, 14.228, 14.82, 15.055, 14.525, 14.194, 14.066, 14.467, 15.296, 16.264, 17.602, 19.223, 20.128, 20.07, 19.872, 20.025, 20.21, 20.046, 20.077, 20.587, 21.006, 21.428, 21.675, 21.678, 21.792, 21.627, 21.507, 21.077, 20.766, 20.805, 20.6, 20.303, 20.51, 20.452, 19.993, 19.564, 19.423, 19.421, 19.489, 19.776, 19.784, 19.683, 19.476, 19.207, 18.999, 19.231, 19.859, 20.205, 20.249, 20.267, 20.354, 20.393, 20.297, 20.278, 20.637, 20.896, 21.062, 21.343, 21.968, 22.835, 22.896, 23.106, 22.909, 22.392, 21.958, 22.305, 22.774, 23.17, 23.478, 23.605, 23.554], [5.716, 2.832, 0.0, 3.237, 7.657, 10.268, 10.994, 11.517, 13.146, 13.782, 13.6, 13.642, 14.046, 14.383, 14.074, 14.057, 14.517, 15.075, 15.232, 14.607, 14.206, 14.043, 14.396, 15.224, 16.282, 17.716, 19.323, 20.215, 20.166, 19.931, 20.048, 20.24, 20.093, 20.13, 20.681, 21.225, 21.767, 22.054, 22.017, 22.092, 21.941, 21.849, 21.447, 21.135, 21.161, 20.971, 20.701, 20.883, 20.806, 20.361, 19.966, 19.837, 19.831, 19.881, 20.15, 20.167, 20.06, 19.829, 19.545, 19.336, 19.549, 20.116, 20.413, 20.466, 20.495, 20.58, 20.615, 20.512, 20.484, 20.835, 21.088, 21.242, 21.524, 22.167, 23.059, 23.143, 23.358, 23.178, 22.68, 22.285, 22.646, 23.136, 23.552, 23.862, 23.983, 23.929], [7.411, 5.292, 3.237, 0.0, 5.163, 8.428, 9.488, 10.203, 12.1, 12.873, 12.738, 12.842, 13.34, 13.733, 13.558, 13.852, 14.398, 14.905, 15.033, 14.59, 14.392, 14.233, 14.659, 15.561, 16.654, 18.088, 19.719, 20.666, 20.597, 20.268, 20.362, 20.606, 20.504, 20.523, 21.055, 21.622, 22.208, 22.501, 22.387, 22.484, 22.426, 22.337, 21.907, 21.571, 21.591, 21.399, 21.091, 21.256, 21.17, 20.727, 20.365, 20.265, 20.273, 20.27, 20.49, 20.495, 20.337, 20.048, 19.677, 19.412, 19.581, 20.093, 20.359, 20.417, 20.459, 20.545, 20.572, 20.467, 20.439, 20.794, 21.056, 21.219, 21.526, 22.25, 23.236, 23.354, 23.58, 23.432, 22.978, 22.648, 23.062, 23.587, 24.028, 24.348, 24.461, 24.409], [9.976, 8.747, 7.657, 5.163, 0.0, 4.093, 5.806, 7.168, 9.743, 10.785, 10.821, 11.064, 11.703, 12.234, 12.384, 13.139, 13.811, 14.284, 14.547, 14.742, 15.082, 14.992, 15.522, 16.444, 17.401, 18.604, 20.214, 21.254, 21.188, 20.788, 20.877, 21.173, 21.114, 21.088, 21.528, 22.03, 22.568, 22.8, 22.597, 22.78, 22.845, 22.716, 22.185, 21.813, 21.854, 21.635, 21.231, 21.385, 21.313, 20.89, 20.552, 20.477, 20.493, 20.38, 20.507, 20.487, 20.263, 19.912, 19.45, 19.134, 19.262, 19.716, 19.974, 20.04, 20.105, 20.203, 20.222, 20.124, 20.097, 20.433, 20.691, 20.889, 21.224, 22.015, 23.105, 23.267, 23.5, 23.367, 22.971, 22.739, 23.26, 23.821, 24.281, 24.619, 24.737, 24.699], [11.468, 10.802, 10.268, 8.428, 4.093, 0.0, 2.492, 4.903, 8.167, 9.428, 9.606, 10.025, 10.767, 11.455, 11.966, 12.922, 13.643, 14.104, 14.549, 15.226, 15.857, 15.822, 16.37, 17.234, 18.044, 19.011, 20.52, 21.574, 21.523, 21.124, 21.203, 21.484, 21.421, 21.355, 21.705, 22.097, 22.552, 22.725, 22.502, 22.742, 22.839, 22.677, 22.095, 21.719, 21.784, 21.551, 21.093, 21.241, 21.185, 20.781, 20.439, 20.363, 20.371, 20.198, 20.274, 20.241, 19.995, 19.637, 19.165, 18.845, 18.953, 19.391, 19.683, 19.763, 19.837, 19.939, 19.952, 19.852, 19.819, 20.123, 20.352, 20.576, 20.93, 21.682, 22.767, 22.956, 23.181, 23.038, 22.665, 22.469, 23.033, 23.612, 24.079, 24.428, 24.552, 24.525], [11.746, 11.258, 10.994, 9.488, 5.806, 2.492, 0.0, 3.392, 7.299, 8.711, 8.968, 9.492, 10.361, 11.15, 11.766, 12.744, 13.473, 13.959, 14.535, 15.415, 16.145, 16.127, 16.663, 17.491, 18.221, 19.073, 20.527, 21.577, 21.539, 21.163, 21.248, 21.512, 21.441, 21.365, 21.689, 22.025, 22.429, 22.561, 22.31, 22.554, 22.658, 22.483, 21.893, 21.528, 21.605, 21.369, 20.893, 21.038, 20.987, 20.596, 20.258, 20.189, 20.195, 20.005, 20.065, 20.028, 19.782, 19.434, 18.97, 18.647, 18.74, 19.186, 19.509, 19.604, 19.682, 19.788, 19.799, 19.695, 19.66, 19.95, 20.155, 20.392, 20.776, 21.519, 22.584, 22.774, 22.993, 22.844, 22.481, 22.299, 22.865, 23.434, 23.895, 24.246, 24.374, 24.35], [12.101, 11.672, 11.517, 10.203, 7.168, 4.903, 3.392, 0.0, 4.632, 6.443, 6.92, 7.724, 8.807, 9.804, 10.532, 11.662, 12.513, 13.153, 13.922, 14.977, 15.816, 15.829, 16.404, 17.242, 17.933, 18.765, 20.264, 21.348, 21.322, 20.992, 21.105, 21.356, 21.277, 21.203, 21.547, 21.866, 22.233, 22.354, 22.079, 22.305, 22.407, 22.271, 21.744, 21.399, 21.49, 21.242, 20.705, 20.823, 20.745, 20.33, 19.994, 19.927, 19.93, 19.732, 19.792, 19.762, 19.528, 19.191, 18.734, 18.401, 18.478, 18.922, 19.244, 19.34, 19.423, 19.524, 19.536, 19.435, 19.405, 19.708, 19.906, 20.14, 20.57, 21.353, 22.438, 22.631, 22.845, 22.69, 22.347, 22.197, 22.781, 23.338, 23.795, 24.152, 24.285, 24.266], [13.643, 13.244, 13.146, 12.1, 9.743, 8.167, 7.299, 4.632, 0.0, 2.584, 4.078, 5.639, 6.855, 8.053, 9.086, 10.492, 11.543, 12.377, 13.387, 14.664, 15.641, 15.713, 16.309, 17.124, 17.74, 18.521, 20.028, 21.108, 21.091, 20.836, 20.991, 21.239, 21.168, 21.11, 21.488, 21.829, 22.182, 22.31, 22.057, 22.27, 22.362, 22.262, 21.829, 21.521, 21.627, 21.388, 20.837, 20.919, 20.824, 20.412, 20.1, 20.045, 20.049, 19.854, 19.907, 19.891, 19.681, 19.383, 18.982, 18.667, 18.691, 19.054, 19.341, 19.438, 19.525, 19.617, 19.635, 19.547, 19.522, 19.784, 19.936, 20.148, 20.595, 21.367, 22.4, 22.572, 22.785, 22.659, 22.423, 22.379, 22.973, 23.501, 23.939, 24.288, 24.42, 24.407], [14.182, 13.831, 13.782, 12.873, 10.785, 9.428, 8.711, 6.443, 2.584, 0.0, 2.66, 4.702, 5.903, 7.168, 8.377, 9.885, 10.985, 11.877, 12.984, 14.41, 15.491, 15.599, 16.195, 16.998, 17.578, 18.323, 19.808, 20.88, 20.871, 20.64, 20.818, 21.078, 21.016, 20.976, 21.375, 21.73, 22.088, 22.239, 22.033, 22.277, 22.361, 22.254, 21.836, 21.543, 21.653, 21.414, 20.872, 20.957, 20.858, 20.429, 20.1, 20.04, 20.053, 19.864, 19.912, 19.892, 19.691, 19.413, 19.041, 18.746, 18.771, 19.122, 19.41, 19.506, 19.585, 19.674, 19.7, 19.619, 19.604, 19.856, 19.996, 20.197, 20.621, 21.361, 22.358, 22.506, 22.712, 22.599, 22.407, 22.406, 22.996, 23.501, 23.921, 24.265, 24.402, 24.39], [13.82, 13.556, 13.6, 12.738, 10.821, 9.606, 8.968, 6.92, 4.078, 2.66, 0.0, 2.596, 4.486, 5.976, 7.431, 9.16, 10.331, 11.241, 12.374, 13.862, 15.023, 15.148, 15.784, 16.645, 17.246, 17.991, 19.51, 20.622, 20.592, 20.298, 20.457, 20.722, 20.65, 20.609, 21.017, 21.355, 21.709, 21.886, 21.697, 21.974, 22.066, 21.939, 21.485, 21.181, 21.315, 21.069, 20.522, 20.651, 20.549, 20.07, 19.689, 19.612, 19.626, 19.431, 19.481, 19.436, 19.21, 18.901, 18.484, 18.168, 18.237, 18.679, 19.021, 19.109, 19.157, 19.244, 19.281, 19.197, 19.208, 19.524, 19.706, 19.911, 20.303, 21.061, 22.112, 22.259, 22.466, 22.341, 22.121, 22.1, 22.705, 23.223, 23.66, 24.016, 24.153, 24.142], [13.734, 13.508, 13.642, 12.842, 11.064, 10.025, 9.492, 7.724, 5.639, 4.702, 2.596, 0.0, 2.911, 4.802, 6.46, 8.504, 9.804, 10.729, 11.89, 13.448, 14.688, 14.835, 15.511, 16.417, 17.014, 17.757, 19.325, 20.475, 20.418, 20.062, 20.208, 20.478, 20.399, 20.362, 20.785, 21.112, 21.438, 21.623, 21.47, 21.783, 21.862, 21.697, 21.191, 20.867, 21.029, 20.795, 20.244, 20.415, 20.318, 19.799, 19.37, 19.285, 19.311, 19.109, 19.152, 19.081, 18.83, 18.493, 18.051, 17.718, 17.81, 18.325, 18.699, 18.769, 18.796, 18.888, 18.929, 18.837, 18.884, 19.27, 19.489, 19.686, 20.035, 20.815, 21.907, 22.052, 22.26, 22.123, 21.883, 21.852, 22.464, 22.993, 23.451, 23.823, 23.962, 23.95], [14.172, 13.923, 14.046, 13.34, 11.703, 10.767, 10.361, 8.807, 6.855, 5.903, 4.486, 2.911, 0.0, 2.765, 5.056, 7.291, 8.761, 9.773, 11.071, 12.857, 14.236, 14.42, 15.117, 16.067, 16.685, 17.455, 19.058, 20.24, 20.216, 19.886, 20.062, 20.346, 20.265, 20.243, 20.684, 21.028, 21.352, 21.561, 21.504, 21.858, 21.902, 21.713, 21.211, 20.901, 21.071, 20.838, 20.3, 20.489, 20.404, 19.868, 19.379, 19.266, 19.302, 19.109, 19.154, 19.085, 18.844, 18.522, 18.122, 17.827, 17.933, 18.461, 18.828, 18.883, 18.903, 18.984, 19.018, 18.928, 19.002, 19.417, 19.65, 19.825, 20.104, 20.827, 21.877, 22.006, 22.203, 22.058, 21.832, 21.822, 22.432, 22.956, 23.419, 23.795, 23.938, 23.927], [14.523, 14.264, 14.383, 13.733, 12.234, 11.455, 11.15, 9.804, 8.053, 7.168, 5.976, 4.802, 2.765, 0.0, 3.334, 6.076, 7.649, 8.716, 10.122, 12.134, 13.69, 13.909, 14.641, 15.647, 16.313, 17.154, 18.828, 20.035, 20.025, 19.719, 19.918, 20.213, 20.131, 20.124, 20.594, 20.945, 21.269, 21.519, 21.549, 21.934, 21.966, 21.76, 21.265, 20.958, 21.13, 20.897, 20.373, 20.601, 20.547, 20.003, 19.477, 19.336, 19.377, 19.192, 19.242, 19.172, 18.927, 18.604, 18.215, 17.935, 18.04, 18.572, 18.937, 18.983, 18.992, 19.057, 19.085, 19.0, 19.084, 19.51, 19.758, 19.934, 20.191, 20.881, 21.88, 21.974, 22.16, 22.017, 21.828, 21.85, 22.47, 22.993, 23.461, 23.838, 23.977, 23.965], [14.164, 13.893, 14.074, 13.558, 12.384, 11.966, 11.766, 10.532, 9.086, 8.377, 7.431, 6.46, 5.056, 3.334, 0.0, 3.513, 5.584, 7.04, 8.6, 10.728, 12.528, 12.812, 13.592, 14.678, 15.43, 16.429, 18.256, 19.488, 19.491, 19.278, 19.551, 19.865, 19.78, 19.8, 20.318, 20.675, 21.002, 21.287, 21.391, 21.819, 21.859, 21.65, 21.159, 20.849, 21.018, 20.786, 20.259, 20.512, 20.522, 20.007, 19.47, 19.321, 19.371, 19.234, 19.314, 19.231, 18.997, 18.683, 18.302, 18.026, 18.14, 18.676, 19.034, 19.075, 19.097, 19.163, 19.185, 19.102, 19.182, 19.591, 19.818, 19.988, 20.235, 20.929, 21.902, 21.938, 22.118, 21.965, 21.791, 21.833, 22.456, 22.947, 23.39, 23.763, 23.901, 23.884], [14.024, 13.78, 14.057, 13.852, 13.139, 12.922, 12.744, 11.662, 10.492, 9.885, 9.16, 8.504, 7.291, 6.076, 3.513, 0.0, 2.788, 5.078, 7.016, 9.277, 11.331, 11.695, 12.456, 13.534, 14.298, 15.353, 17.26, 18.503, 18.568, 18.545, 18.934, 19.246, 19.144, 19.187, 19.728, 20.092, 20.44, 20.765, 20.984, 21.504, 21.547, 21.336, 20.847, 20.55, 20.725, 20.478, 19.93, 20.188, 20.257, 19.806, 19.265, 19.098, 19.157, 19.077, 19.202, 19.125, 18.936, 18.675, 18.355, 18.13, 18.278, 18.814, 19.162, 19.193, 19.222, 19.295, 19.323, 19.244, 19.326, 19.707, 19.888, 20.037, 20.246, 20.869, 21.766, 21.741, 21.898, 21.726, 21.568, 21.616, 22.2, 22.628, 23.021, 23.382, 23.525, 23.507], [14.465, 14.228, 14.517, 14.398, 13.811, 13.643, 13.473, 12.513, 11.543, 10.985, 10.331, 9.804, 8.761, 7.649, 5.584, 2.788, 0.0, 2.911, 5.277, 8.001, 10.43, 10.87, 11.654, 12.686, 13.38, 14.415, 16.39, 17.677, 17.779, 17.89, 18.408, 18.774, 18.697, 18.745, 19.285, 19.67, 20.047, 20.413, 20.698, 21.283, 21.367, 21.145, 20.657, 20.385, 20.568, 20.313, 19.77, 20.046, 20.144, 19.744, 19.254, 19.121, 19.198, 19.132, 19.264, 19.189, 19.02, 18.783, 18.489, 18.287, 18.436, 18.956, 19.285, 19.311, 19.348, 19.427, 19.456, 19.378, 19.467, 19.828, 19.976, 20.104, 20.277, 20.848, 21.708, 21.656, 21.792, 21.608, 21.461, 21.518, 22.086, 22.486, 22.845, 23.186, 23.326, 23.307], [15.053, 14.82, 15.075, 14.905, 14.284, 14.104, 13.959, 13.153, 12.377, 11.877, 11.241, 10.729, 9.773, 8.716, 7.04, 5.078, 2.911, 0.0, 2.951, 6.711, 9.649, 10.159, 11.045, 12.124, 12.772, 13.804, 15.845, 17.181, 17.294, 17.442, 18.069, 18.534, 18.503, 18.549, 19.069, 19.466, 19.871, 20.278, 20.591, 21.184, 21.294, 21.057, 20.557, 20.298, 20.484, 20.241, 19.742, 20.053, 20.169, 19.795, 19.36, 19.298, 19.413, 19.34, 19.452, 19.374, 19.192, 18.944, 18.642, 18.435, 18.563, 19.061, 19.367, 19.389, 19.435, 19.524, 19.547, 19.466, 19.568, 19.924, 20.041, 20.125, 20.243, 20.789, 21.662, 21.612, 21.74, 21.554, 21.412, 21.477, 22.052, 22.453, 22.796, 23.118, 23.253, 23.234], [15.325, 15.055, 15.232, 15.033, 14.547, 14.549, 14.535, 13.922, 13.387, 12.984, 12.374, 11.89, 11.071, 10.122, 8.6, 7.016, 5.277, 2.951, 0.0, 4.679, 8.253, 8.853, 9.844, 11.036, 11.743, 12.914, 15.047, 16.368, 16.476, 16.704, 17.451, 18.007, 18.024, 18.082, 18.596, 19.035, 19.504, 19.986, 20.38, 21.053, 21.243, 21.016, 20.513, 20.279, 20.465, 20.244, 19.792, 20.105, 20.237, 19.901, 19.508, 19.489, 19.665, 19.635, 19.75, 19.677, 19.497, 19.265, 18.994, 18.795, 18.911, 19.382, 19.651, 19.657, 19.709, 19.809, 19.834, 19.755, 19.857, 20.195, 20.299, 20.362, 20.433, 20.94, 21.796, 21.739, 21.865, 21.692, 21.541, 21.57, 22.107, 22.492, 22.815, 23.116, 23.248, 23.229], [14.855, 14.525, 14.607, 14.59, 14.742, 15.226, 15.415, 14.977, 14.664, 14.41, 13.862, 13.448, 12.857, 12.134, 10.728, 9.277, 8.001, 6.711, 4.679, 0.0, 4.245, 5.117, 6.299, 7.74, 8.879, 10.832, 13.363, 14.595, 14.621, 15.021, 15.932, 16.519, 16.571, 16.669, 17.184, 17.726, 18.354, 19.013, 19.622, 20.41, 20.671, 20.564, 20.193, 20.019, 20.203, 20.016, 19.627, 19.928, 20.065, 19.743, 19.34, 19.291, 19.521, 19.679, 19.893, 19.838, 19.698, 19.531, 19.341, 19.169, 19.304, 19.765, 20.008, 20.006, 20.049, 20.147, 20.178, 20.093, 20.173, 20.496, 20.609, 20.681, 20.743, 21.18, 21.956, 21.878, 21.997, 21.809, 21.553, 21.445, 21.881, 22.236, 22.557, 22.846, 22.975, 22.956], [14.547, 14.194, 14.206, 14.392, 15.082, 15.857, 16.145, 15.816, 15.641, 15.491, 15.023, 14.688, 14.236, 13.69, 12.528, 11.331, 10.43, 9.649, 8.253, 4.245, 0.0, 1.57, 3.414, 5.218, 7.051, 9.917, 12.748, 13.858, 13.765, 14.196, 15.125, 15.675, 15.735, 15.862, 16.342, 16.933, 17.691, 18.49, 19.208, 19.946, 20.141, 20.15, 19.942, 19.831, 20.001, 19.847, 19.547, 19.848, 19.953, 19.608, 19.191, 19.107, 19.329, 19.663, 20.006, 19.981, 19.879, 19.762, 19.625, 19.483, 19.629, 20.073, 20.309, 20.314, 20.343, 20.426, 20.457, 20.368, 20.424, 20.742, 20.876, 20.944, 21.015, 21.404, 22.122, 22.061, 22.173, 21.954, 21.583, 21.375, 21.777, 22.159, 22.524, 22.815, 22.939, 22.922], [14.472, 14.066, 14.043, 14.233, 14.992, 15.822, 16.127, 15.829, 15.713, 15.599, 15.148, 14.835, 14.42, 13.909, 12.812, 11.695, 10.87, 10.159, 8.853, 5.117, 1.57, 0.0, 2.49, 4.691, 6.788, 9.797, 12.628, 13.715, 13.606, 13.995, 14.89, 15.436, 15.497, 15.627, 16.122, 16.76, 17.555, 18.358, 19.066, 19.805, 20.005, 20.022, 19.818, 19.711, 19.873, 19.719, 19.435, 19.729, 19.826, 19.485, 19.079, 18.992, 19.214, 19.576, 19.959, 19.948, 19.848, 19.733, 19.593, 19.445, 19.59, 20.033, 20.268, 20.279, 20.312, 20.402, 20.437, 20.346, 20.392, 20.706, 20.849, 20.931, 21.023, 21.426, 22.153, 22.105, 22.228, 22.007, 21.614, 21.393, 21.801, 22.204, 22.586, 22.881, 23.007, 22.99], [14.948, 14.467, 14.396, 14.659, 15.522, 16.37, 16.663, 16.404, 16.309, 16.195, 15.784, 15.511, 15.117, 14.641, 13.592, 12.456, 11.654, 11.045, 9.844, 6.299, 3.414, 2.49, 0.0, 2.873, 5.747, 9.172, 12.011, 13.003, 12.898, 13.34, 14.246, 14.771, 14.83, 14.992, 15.526, 16.315, 17.223, 18.038, 18.801, 19.609, 19.838, 19.874, 19.69, 19.594, 19.752, 19.616, 19.382, 19.652, 19.755, 19.457, 19.067, 18.968, 19.194, 19.6, 20.002, 19.997, 19.922, 19.842, 19.744, 19.627, 19.779, 20.2, 20.427, 20.44, 20.472, 20.56, 20.6, 20.515, 20.55, 20.832, 20.953, 21.046, 21.152, 21.522, 22.219, 22.166, 22.293, 22.069, 21.669, 21.432, 21.8, 22.195, 22.574, 22.86, 22.986, 22.969], [15.813, 15.296, 15.224, 15.561, 16.444, 17.234, 17.491, 17.242, 17.124, 16.998, 16.645, 16.417, 16.067, 15.647, 14.678, 13.534, 12.686, 12.124, 11.036, 7.74, 5.218, 4.691, 2.873, 0.0, 3.626, 7.71, 10.809, 11.781, 11.656, 12.279, 13.33, 13.884, 13.994, 14.184, 14.759, 15.722, 16.752, 17.596, 18.385, 19.264, 19.58, 19.629, 19.452, 19.378, 19.539, 19.429, 19.249, 19.522, 19.64, 19.393, 19.043, 18.957, 19.184, 19.636, 20.066, 20.072, 20.033, 20.017, 19.988, 19.918, 20.068, 20.458, 20.678, 20.694, 20.728, 20.814, 20.851, 20.763, 20.788, 21.046, 21.146, 21.224, 21.31, 21.628, 22.283, 22.215, 22.337, 22.101, 21.688, 21.42, 21.717, 22.069, 22.431, 22.707, 22.829, 22.817], [16.742, 16.264, 16.282, 16.654, 17.401, 18.044, 18.221, 17.933, 17.74, 17.578, 17.246, 17.014, 16.685, 16.313, 15.43, 14.298, 13.38, 12.772, 11.743, 8.879, 7.051, 6.788, 5.747, 3.626, 0.0, 4.74, 8.446, 9.649, 9.547, 10.444, 11.776, 12.434, 12.639, 12.88, 13.546, 14.624, 15.721, 16.601, 17.423, 18.432, 18.902, 18.951, 18.738, 18.659, 18.841, 18.76, 18.61, 18.911, 19.068, 18.873, 18.562, 18.522, 18.784, 19.289, 19.765, 19.788, 19.776, 19.837, 19.927, 19.943, 20.111, 20.493, 20.723, 20.749, 20.8, 20.901, 20.937, 20.837, 20.857, 21.103, 21.194, 21.252, 21.289, 21.543, 22.147, 22.043, 22.153, 21.904, 21.472, 21.153, 21.361, 21.645, 21.97, 22.245, 22.373, 22.367], [17.978, 17.602, 17.716, 18.088, 18.604, 19.011, 19.073, 18.765, 18.521, 18.323, 17.991, 17.757, 17.455, 17.154, 16.429, 15.353, 14.415, 13.804, 12.914, 10.832, 9.917, 9.797, 9.172, 7.71, 4.74, 0.0, 4.476, 6.386, 6.547, 7.822, 9.534, 10.387, 10.754, 11.007, 11.678, 12.833, 13.972, 14.845, 15.736, 17.083, 17.882, 17.9, 17.609, 17.527, 17.753, 17.708, 17.574, 17.879, 18.058, 17.971, 17.739, 17.762, 18.071, 18.611, 19.156, 19.219, 19.236, 19.404, 19.699, 19.916, 20.144, 20.519, 20.775, 20.826, 20.913, 21.052, 21.093, 20.982, 20.991, 21.194, 21.249, 21.277, 21.236, 21.382, 21.911, 21.753, 21.844, 21.573, 21.125, 20.736, 20.806, 20.988, 21.256, 21.521, 21.662, 21.669], [19.544, 19.223, 19.323, 19.719, 20.214, 20.52, 20.527, 20.264, 20.028, 19.808, 19.51, 19.325, 19.058, 18.828, 18.256, 17.26, 16.39, 15.845, 15.047, 13.363, 12.748, 12.628, 12.011, 10.809, 8.446, 4.476, 0.0, 2.83, 3.83, 5.541, 7.606, 8.692, 9.25, 9.481, 10.079, 11.382, 12.615, 13.5, 14.553, 16.288, 17.46, 17.453, 17.165, 17.169, 17.415, 17.386, 17.272, 17.517, 17.711, 17.782, 17.678, 17.76, 18.12, 18.707, 19.325, 19.461, 19.525, 19.801, 20.294, 20.709, 20.995, 21.316, 21.549, 21.607, 21.722, 21.894, 21.953, 21.851, 21.835, 21.956, 21.953, 21.968, 21.851, 21.795, 22.154, 21.951, 22.023, 21.762, 21.32, 20.843, 20.745, 20.828, 21.025, 21.243, 21.39, 21.409], [20.441, 20.128, 20.215, 20.666, 21.254, 21.574, 21.577, 21.348, 21.108, 20.88, 20.622, 20.475, 20.24, 20.035, 19.488, 18.503, 17.677, 17.181, 16.368, 14.595, 13.858, 13.715, 13.003, 11.781, 9.649, 6.386, 2.83, 0.0, 2.079, 4.943, 7.274, 8.326, 8.913, 9.153, 9.717, 11.124, 12.421, 13.361, 14.542, 16.365, 17.625, 17.622, 17.39, 17.469, 17.713, 17.707, 17.652, 17.873, 18.09, 18.232, 18.187, 18.293, 18.686, 19.336, 19.98, 20.14, 20.235, 20.558, 21.11, 21.554, 21.836, 22.124, 22.337, 22.394, 22.523, 22.705, 22.77, 22.677, 22.642, 22.708, 22.677, 22.706, 22.579, 22.397, 22.611, 22.379, 22.448, 22.221, 21.814, 21.321, 21.157, 21.193, 21.345, 21.523, 21.66, 21.676], [20.387, 20.07, 20.166, 20.597, 21.188, 21.523, 21.539, 21.322, 21.091, 20.871, 20.592, 20.418, 20.216, 20.025, 19.491, 18.568, 17.779, 17.294, 16.476, 14.621, 13.765, 13.606, 12.898, 11.656, 9.547, 6.547, 3.83, 2.079, 0.0, 3.833, 6.63, 7.845, 8.491, 8.737, 9.37, 10.829, 12.168, 13.208, 14.399, 16.195, 17.473, 17.468, 17.235, 17.298, 17.528, 17.559, 17.55, 17.812, 18.024, 18.122, 18.076, 18.203, 18.617, 19.294, 19.947, 20.101, 20.186, 20.497, 21.025, 21.454, 21.735, 22.037, 22.27, 22.334, 22.458, 22.639, 22.703, 22.612, 22.573, 22.643, 22.621, 22.665, 22.556, 22.396, 22.625, 22.396, 22.477, 22.262, 21.852, 21.387, 21.282, 21.353, 21.52, 21.7, 21.828, 21.846], [20.208, 19.872, 19.931, 20.268, 20.788, 21.124, 21.163, 20.992, 20.836, 20.64, 20.298, 20.062, 19.886, 19.719, 19.278, 18.545, 17.89, 17.442, 16.704, 15.021, 14.196, 13.995, 13.34, 12.279, 10.444, 7.822, 5.541, 4.943, 3.833, 0.0, 3.411, 5.439, 6.516, 6.86, 7.869, 9.684, 11.227, 12.454, 13.713, 15.549, 16.891, 16.884, 16.625, 16.615, 16.813, 16.867, 16.861, 17.152, 17.34, 17.339, 17.252, 17.417, 17.882, 18.616, 19.334, 19.496, 19.535, 19.801, 20.29, 20.724, 21.058, 21.409, 21.675, 21.752, 21.877, 22.064, 22.126, 22.025, 21.996, 22.112, 22.12, 22.162, 22.047, 22.017, 22.421, 22.24, 22.333, 22.091, 21.601, 21.12, 21.115, 21.313, 21.572, 21.776, 21.9, 21.924], [20.379, 20.025, 20.048, 20.362, 20.877, 21.203, 21.248, 21.105, 20.991, 20.818, 20.457, 20.208, 20.062, 19.918, 19.551, 18.934, 18.408, 18.069, 17.451, 15.932, 15.125, 14.89, 14.246, 13.33, 11.776, 9.534, 7.606, 7.274, 6.63, 3.411, 0.0, 2.764, 4.407, 4.99, 6.458, 8.753, 10.52, 11.86, 13.257, 15.163, 16.492, 16.508, 16.252, 16.205, 16.384, 16.438, 16.43, 16.688, 16.867, 16.859, 16.736, 16.883, 17.367, 18.178, 18.966, 19.14, 19.171, 19.446, 19.962, 20.418, 20.791, 21.166, 21.442, 21.531, 21.659, 21.852, 21.912, 21.798, 21.777, 21.927, 21.951, 21.978, 21.867, 21.938, 22.453, 22.307, 22.401, 22.133, 21.568, 21.049, 21.1, 21.391, 21.727, 21.956, 22.075, 22.096], [20.556, 20.21, 20.24, 20.606, 21.173, 21.484, 21.512, 21.356, 21.239, 21.078, 20.722, 20.478, 20.346, 20.213, 19.865, 19.246, 18.774, 18.534, 18.007, 16.519, 15.675, 15.436, 14.771, 13.884, 12.434, 10.387, 8.692, 8.326, 7.845, 5.439, 2.764, 0.0, 2.15, 3.209, 5.167, 7.851, 9.758, 11.203, 12.817, 14.797, 16.066, 16.098, 15.882, 15.86, 16.054, 16.096, 16.094, 16.335, 16.522, 16.551, 16.399, 16.494, 16.96, 17.834, 18.662, 18.844, 18.91, 19.251, 19.856, 20.363, 20.758, 21.138, 21.406, 21.493, 21.613, 21.803, 21.864, 21.748, 21.738, 21.91, 21.949, 21.99, 21.906, 21.991, 22.508, 22.371, 22.46, 22.187, 21.593, 21.036, 21.084, 21.392, 21.747, 21.99, 22.106, 22.117], [20.39, 20.046, 20.093, 20.504, 21.114, 21.421, 21.441, 21.277, 21.168, 21.016, 20.65, 20.399, 20.265, 20.131, 19.78, 19.144, 18.697, 18.503, 18.024, 16.571, 15.735, 15.497, 14.83, 13.994, 12.639, 10.754, 9.25, 8.913, 8.491, 6.516, 4.407, 2.15, 0.0, 1.782, 4.393, 7.169, 9.101, 10.628, 12.36, 14.334, 15.521, 15.514, 15.318, 15.328, 15.534, 15.549, 15.553, 15.824, 16.022, 16.038, 15.849, 15.918, 16.385, 17.299, 18.162, 18.35, 18.437, 18.823, 19.481, 20.027, 20.452, 20.859, 21.146, 21.232, 21.342, 21.534, 21.607, 21.491, 21.488, 21.684, 21.732, 21.794, 21.739, 21.825, 22.352, 22.221, 22.301, 22.029, 21.453, 20.892, 20.932, 21.237, 21.592, 21.838, 21.956, 21.96], [20.385, 20.077, 20.13, 20.523, 21.088, 21.355, 21.365, 21.203, 21.11, 20.976, 20.609, 20.362, 20.243, 20.124, 19.8, 19.187, 18.745, 18.549, 18.082, 16.669, 15.862, 15.627, 14.992, 14.184, 12.88, 11.007, 9.481, 9.153, 8.737, 6.86, 4.99, 3.209, 1.782, 0.0, 3.163, 6.201, 8.273, 9.897, 11.725, 13.854, 15.156, 15.123, 14.948, 15.036, 15.279, 15.276, 15.235, 15.512, 15.718, 15.749, 15.564, 15.625, 16.098, 17.036, 17.937, 18.139, 18.233, 18.661, 19.341, 19.9, 20.33, 20.745, 21.046, 21.133, 21.241, 21.435, 21.513, 21.398, 21.387, 21.576, 21.616, 21.693, 21.651, 21.713, 22.234, 22.104, 22.184, 21.91, 21.35, 20.78, 20.801, 21.092, 21.432, 21.672, 21.795, 21.805], [20.717, 20.587, 20.681, 21.055, 21.528, 21.705, 21.689, 21.547, 21.488, 21.375, 21.017, 20.785, 20.684, 20.594, 20.318, 19.728, 19.285, 19.069, 18.596, 17.184, 16.342, 16.122, 15.526, 14.759, 13.546, 11.678, 10.079, 9.717, 9.37, 7.869, 6.458, 5.167, 4.393, 3.163, 0.0, 3.764, 6.479, 8.381, 10.564, 13.098, 14.684, 14.707, 14.604, 14.868, 15.198, 15.148, 15.031, 15.285, 15.52, 15.627, 15.489, 15.547, 16.055, 17.08, 18.048, 18.275, 18.386, 18.863, 19.585, 20.163, 20.569, 20.952, 21.255, 21.331, 21.424, 21.615, 21.705, 21.605, 21.588, 21.745, 21.773, 21.901, 21.892, 21.885, 22.331, 22.175, 22.237, 21.959, 21.41, 20.81, 20.775, 21.02, 21.329, 21.562, 21.689, 21.714], [20.861, 21.006, 21.225, 21.622, 22.03, 22.097, 22.025, 21.866, 21.829, 21.73, 21.355, 21.112, 21.028, 20.945, 20.675, 20.092, 19.67, 19.466, 19.035, 17.726, 16.933, 16.76, 16.315, 15.722, 14.624, 12.833, 11.382, 11.124, 10.829, 9.684, 8.753, 7.851, 7.169, 6.201, 3.764, 0.0, 3.448, 6.087, 9.059, 12.076, 13.909, 14.011, 14.009, 14.431, 14.845, 14.695, 14.393, 14.634, 14.924, 15.064, 14.935, 14.996, 15.581, 16.758, 17.826, 18.079, 18.212, 18.739, 19.511, 20.136, 20.548, 20.945, 21.295, 21.384, 21.474, 21.671, 21.782, 21.699, 21.678, 21.813, 21.827, 22.004, 22.036, 21.979, 22.341, 22.151, 22.191, 21.913, 21.386, 20.762, 20.687, 20.889, 21.165, 21.389, 21.508, 21.541], [21.134, 21.428, 21.767, 22.208, 22.568, 22.552, 22.429, 22.233, 22.182, 22.088, 21.709, 21.438, 21.352, 21.269, 21.002, 20.44, 20.047, 19.871, 19.504, 18.354, 17.691, 17.555, 17.223, 16.752, 15.721, 13.972, 12.615, 12.421, 12.168, 11.227, 10.52, 9.758, 9.101, 8.273, 6.479, 3.448, 0.0, 3.649, 7.8, 11.439, 13.472, 13.623, 13.691, 14.173, 14.623, 14.403, 13.867, 14.035, 14.352, 14.523, 14.407, 14.458, 15.067, 16.32, 17.463, 17.75, 17.908, 18.489, 19.352, 20.071, 20.507, 20.928, 21.312, 21.414, 21.529, 21.749, 21.876, 21.804, 21.771, 21.875, 21.873, 22.077, 22.127, 22.014, 22.297, 22.099, 22.142, 21.877, 21.362, 20.718, 20.638, 20.831, 21.073, 21.273, 21.387, 21.427], [21.349, 21.675, 22.054, 22.501, 22.8, 22.725, 22.561, 22.354, 22.31, 22.239, 21.886, 21.623, 21.561, 21.519, 21.287, 20.765, 20.413, 20.278, 19.986, 19.013, 18.49, 18.358, 18.038, 17.596, 16.601, 14.845, 13.5, 13.361, 13.208, 12.454, 11.86, 11.203, 10.628, 9.897, 8.381, 6.087, 3.649, 0.0, 5.254, 10.01, 12.617, 12.882, 12.936, 13.493, 14.018, 13.767, 13.062, 13.029, 13.342, 13.7, 13.754, 13.848, 14.427, 15.655, 16.84, 17.172, 17.346, 17.991, 19.005, 19.851, 20.302, 20.697, 21.077, 21.199, 21.363, 21.63, 21.781, 21.716, 21.665, 21.712, 21.658, 21.893, 21.998, 21.845, 22.078, 21.904, 21.971, 21.724, 21.228, 20.559, 20.463, 20.656, 20.875, 21.067, 21.183, 21.225], [21.403, 21.678, 22.017, 22.387, 22.597, 22.502, 22.31, 22.079, 22.057, 22.033, 21.697, 21.47, 21.504, 21.549, 21.391, 20.984, 20.698, 20.591, 20.38, 19.622, 19.208, 19.066, 18.801, 18.385, 17.423, 15.736, 14.553, 14.542, 14.399, 13.713, 13.257, 12.817, 12.36, 11.725, 10.564, 9.059, 7.8, 5.254, 0.0, 6.115, 10.063, 10.717, 11.009, 11.768, 12.413, 12.247, 11.61, 11.557, 11.834, 12.409, 12.941, 13.328, 13.851, 14.93, 16.103, 16.457, 16.598, 17.237, 18.304, 19.226, 19.712, 20.055, 20.4, 20.566, 20.797, 21.119, 21.304, 21.242, 21.185, 21.198, 21.052, 21.193, 21.373, 21.359, 21.742, 21.662, 21.745, 21.521, 21.077, 20.475, 20.434, 20.67, 20.906, 21.101, 21.223, 21.266], [21.586, 21.792, 22.092, 22.484, 22.78, 22.742, 22.554, 22.305, 22.27, 22.277, 21.974, 21.783, 21.858, 21.934, 21.819, 21.504, 21.283, 21.184, 21.053, 20.41, 19.946, 19.805, 19.609, 19.264, 18.432, 17.083, 16.288, 16.365, 16.195, 15.549, 15.163, 14.797, 14.334, 13.854, 13.098, 12.076, 11.439, 10.01, 6.115, 0.0, 5.259, 6.96, 8.469, 9.636, 10.364, 10.491, 10.508, 10.866, 11.123, 11.634, 12.592, 13.429, 13.928, 14.945, 16.086, 16.399, 16.552, 17.125, 18.071, 18.896, 19.405, 19.735, 20.013, 20.223, 20.493, 20.822, 21.015, 20.956, 20.944, 20.989, 20.74, 20.623, 20.805, 21.169, 21.866, 21.879, 21.955, 21.725, 21.326, 20.869, 20.906, 21.192, 21.474, 21.678, 21.788, 21.811], [21.47, 21.627, 21.941, 22.426, 22.845, 22.839, 22.658, 22.407, 22.362, 22.361, 22.066, 21.862, 21.902, 21.966, 21.859, 21.547, 21.367, 21.294, 21.243, 20.671, 20.141, 20.005, 19.838, 19.58, 18.902, 17.882, 17.46, 17.625, 17.473, 16.891, 16.492, 16.066, 15.521, 15.156, 14.684, 13.909, 13.472, 12.617, 10.063, 5.259, 0.0, 3.526, 6.675, 8.106, 8.86, 9.23, 9.993, 10.791, 11.029, 11.337, 12.228, 13.244, 13.743, 14.75, 15.852, 16.11, 16.337, 16.908, 17.783, 18.507, 19.024, 19.405, 19.694, 19.937, 20.206, 20.512, 20.677, 20.604, 20.662, 20.807, 20.548, 20.242, 20.341, 21.007, 21.937, 21.969, 22.054, 21.809, 21.388, 21.018, 21.121, 21.432, 21.752, 21.976, 22.082, 22.09], [21.371, 21.507, 21.849, 22.337, 22.716, 22.677, 22.483, 22.271, 22.262, 22.254, 21.939, 21.697, 21.713, 21.76, 21.65, 21.336, 21.145, 21.057, 21.016, 20.564, 20.15, 20.022, 19.874, 19.629, 18.951, 17.9, 17.453, 17.622, 17.468, 16.884, 16.508, 16.098, 15.514, 15.123, 14.707, 14.011, 13.623, 12.882, 10.717, 6.96, 3.526, 0.0, 4.09, 6.148, 7.146, 7.68, 8.919, 10.075, 10.508, 10.942, 11.835, 12.895, 13.456, 14.381, 15.422, 15.682, 15.942, 16.58, 17.528, 18.299, 18.827, 19.277, 19.644, 19.892, 20.135, 20.414, 20.555, 20.463, 20.539, 20.741, 20.505, 20.146, 20.173, 20.841, 21.793, 21.819, 21.928, 21.701, 21.289, 20.913, 20.981, 21.268, 21.585, 21.812, 21.919, 21.926], [20.944, 21.077, 21.447, 21.907, 22.185, 22.095, 21.893, 21.744, 21.829, 21.836, 21.485, 21.191, 21.211, 21.265, 21.159, 20.847, 20.657, 20.557, 20.513, 20.193, 19.942, 19.818, 19.69, 19.452, 18.738, 17.609, 17.165, 17.39, 17.235, 16.625, 16.252, 15.882, 15.318, 14.948, 14.604, 14.009, 13.691, 12.936, 11.009, 8.469, 6.675, 4.09, 0.0, 2.889, 4.506, 5.307, 7.045, 8.574, 9.339, 10.013, 10.886, 11.915, 12.554, 13.372, 14.342, 14.622, 14.885, 15.561, 16.604, 17.451, 18.007, 18.536, 18.978, 19.221, 19.463, 19.749, 19.874, 19.766, 19.844, 20.08, 19.871, 19.539, 19.564, 20.237, 21.203, 21.226, 21.408, 21.219, 20.788, 20.362, 20.419, 20.695, 21.021, 21.27, 21.383, 21.397], [20.654, 20.766, 21.135, 21.571, 21.813, 21.719, 21.528, 21.399, 21.521, 21.543, 21.181, 20.867, 20.901, 20.958, 20.849, 20.55, 20.385, 20.298, 20.279, 20.019, 19.831, 19.711, 19.594, 19.378, 18.659, 17.527, 17.169, 17.469, 17.298, 16.615, 16.205, 15.86, 15.328, 15.036, 14.868, 14.431, 14.173, 13.493, 11.768, 9.636, 8.106, 6.148, 2.889, 0.0, 2.283, 3.679, 6.023, 7.865, 8.773, 9.404, 10.188, 11.224, 11.89, 12.69, 13.664, 13.953, 14.209, 14.817, 15.842, 16.73, 17.315, 17.895, 18.369, 18.617, 18.868, 19.171, 19.297, 19.18, 19.269, 19.537, 19.344, 19.004, 19.033, 19.791, 20.817, 20.844, 21.073, 20.913, 20.436, 19.957, 20.027, 20.317, 20.661, 20.931, 21.048, 21.061], [20.711, 20.805, 21.161, 21.591, 21.854, 21.784, 21.605, 21.49, 21.627, 21.653, 21.315, 21.029, 21.071, 21.13, 21.018, 20.725, 20.568, 20.484, 20.465, 20.203, 20.001, 19.873, 19.752, 19.539, 18.841, 17.753, 17.415, 17.713, 17.528, 16.813, 16.384, 16.054, 15.534, 15.279, 15.198, 14.845, 14.623, 14.018, 12.413, 10.364, 8.86, 7.146, 4.506, 2.283, 0.0, 2.319, 5.516, 7.572, 8.549, 9.153, 9.945, 11.024, 11.725, 12.606, 13.666, 14.02, 14.317, 14.893, 15.859, 16.728, 17.308, 17.882, 18.355, 18.608, 18.863, 19.174, 19.307, 19.194, 19.276, 19.535, 19.343, 18.992, 19.019, 19.822, 20.859, 20.867, 21.107, 20.965, 20.472, 19.956, 20.009, 20.294, 20.639, 20.908, 21.025, 21.041], [20.461, 20.6, 20.971, 21.399, 21.635, 21.551, 21.369, 21.242, 21.388, 21.414, 21.069, 20.795, 20.838, 20.897, 20.786, 20.478, 20.313, 20.241, 20.244, 20.016, 19.847, 19.719, 19.616, 19.429, 18.76, 17.708, 17.386, 17.707, 17.559, 16.867, 16.438, 16.096, 15.549, 15.276, 15.148, 14.695, 14.403, 13.767, 12.247, 10.491, 9.23, 7.68, 5.307, 3.679, 2.319, 0.0, 3.824, 6.255, 7.431, 8.113, 8.903, 10.006, 10.792, 11.791, 13.0, 13.453, 13.813, 14.436, 15.427, 16.316, 16.925, 17.511, 17.999, 18.256, 18.515, 18.835, 18.987, 18.881, 18.945, 19.206, 19.034, 18.74, 18.817, 19.613, 20.634, 20.622, 20.863, 20.736, 20.245, 19.716, 19.793, 20.088, 20.429, 20.701, 20.825, 20.841], [20.068, 20.303, 20.701, 21.091, 21.231, 21.093, 20.893, 20.705, 20.837, 20.872, 20.522, 20.244, 20.3, 20.373, 20.259, 19.93, 19.77, 19.742, 19.792, 19.627, 19.547, 19.435, 19.382, 19.249, 18.61, 17.574, 17.272, 17.652, 17.55, 16.861, 16.43, 16.094, 15.553, 15.235, 15.031, 14.393, 13.867, 13.062, 11.61, 10.508, 9.993, 8.919, 7.045, 6.023, 5.516, 3.824, 0.0, 3.142, 4.916, 5.907, 6.795, 7.941, 8.857, 9.998, 11.441, 12.028, 12.454, 13.232, 14.38, 15.391, 16.052, 16.61, 17.111, 17.39, 17.7, 18.076, 18.264, 18.165, 18.173, 18.387, 18.211, 18.06, 18.27, 19.044, 20.065, 20.055, 20.304, 20.188, 19.703, 19.171, 19.367, 19.727, 20.065, 20.34, 20.474, 20.5], [20.243, 20.51, 20.883, 21.256, 21.385, 21.241, 21.038, 20.823, 20.919, 20.957, 20.651, 20.415, 20.489, 20.601, 20.512, 20.188, 20.046, 20.053, 20.105, 19.928, 19.848, 19.729, 19.652, 19.522, 18.911, 17.879, 17.517, 17.873, 17.812, 17.152, 16.688, 16.335, 15.824, 15.512, 15.285, 14.634, 14.035, 13.029, 11.557, 10.866, 10.791, 10.075, 8.574, 7.865, 7.572, 6.255, 3.142, 0.0, 2.556, 4.356, 5.658, 6.87, 7.814, 9.035, 10.631, 11.359, 11.89, 12.861, 14.27, 15.427, 16.073, 16.511, 16.971, 17.269, 17.624, 18.045, 18.259, 18.172, 18.112, 18.204, 17.988, 17.967, 18.294, 19.022, 20.016, 20.033, 20.285, 20.188, 19.727, 19.209, 19.473, 19.882, 20.213, 20.475, 20.606, 20.636], [20.193, 20.452, 20.806, 21.17, 21.313, 21.185, 20.987, 20.745, 20.824, 20.858, 20.549, 20.318, 20.404, 20.547, 20.522, 20.257, 20.144, 20.169, 20.237, 20.065, 19.953, 19.826, 19.755, 19.64, 19.068, 18.058, 17.711, 18.09, 18.024, 17.34, 16.867, 16.522, 16.022, 15.718, 15.52, 14.924, 14.352, 13.342, 11.834, 11.123, 11.029, 10.508, 9.339, 8.773, 8.549, 7.431, 4.916, 2.556, 0.0, 2.559, 4.487, 5.976, 6.959, 8.248, 9.991, 10.8, 11.387, 12.443, 13.955, 15.201, 15.889, 16.328, 16.806, 17.122, 17.483, 17.919, 18.143, 18.057, 17.968, 18.032, 17.805, 17.782, 18.168, 18.963, 20.015, 20.071, 20.311, 20.2, 19.724, 19.222, 19.531, 19.98, 20.339, 20.606, 20.738, 20.774], [19.723, 19.993, 20.361, 20.727, 20.89, 20.781, 20.596, 20.33, 20.412, 20.429, 20.07, 19.799, 19.868, 20.003, 20.007, 19.806, 19.744, 19.795, 19.901, 19.743, 19.608, 19.485, 19.457, 19.393, 18.873, 17.971, 17.782, 18.232, 18.122, 17.339, 16.859, 16.551, 16.038, 15.749, 15.627, 15.064, 14.523, 13.7, 12.409, 11.634, 11.337, 10.942, 10.013, 9.404, 9.153, 8.113, 5.907, 4.356, 2.559, 0.0, 2.69, 4.714, 5.883, 7.434, 9.419, 10.238, 10.811, 11.845, 13.311, 14.551, 15.324, 15.88, 16.415, 16.74, 17.084, 17.501, 17.719, 17.624, 17.555, 17.7, 17.549, 17.541, 17.942, 18.85, 20.002, 20.067, 20.29, 20.154, 19.63, 19.09, 19.424, 19.917, 20.32, 20.612, 20.741, 20.772], [19.265, 19.564, 19.966, 20.365, 20.552, 20.439, 20.258, 19.994, 20.1, 20.1, 19.689, 19.37, 19.379, 19.477, 19.47, 19.265, 19.254, 19.36, 19.508, 19.34, 19.191, 19.079, 19.067, 19.043, 18.562, 17.739, 17.678, 18.187, 18.076, 17.252, 16.736, 16.399, 15.849, 15.564, 15.489, 14.935, 14.407, 13.754, 12.941, 12.592, 12.228, 11.835, 10.886, 10.188, 9.945, 8.903, 6.795, 5.658, 4.487, 2.69, 0.0, 2.499, 4.187, 6.306, 8.631, 9.482, 10.082, 11.162, 12.656, 13.911, 14.753, 15.447, 16.081, 16.403, 16.717, 17.112, 17.32, 17.218, 17.167, 17.403, 17.376, 17.462, 17.856, 18.747, 19.891, 19.925, 20.158, 20.015, 19.461, 18.883, 19.218, 19.715, 20.144, 20.461, 20.611, 20.653], [19.094, 19.423, 19.837, 20.265, 20.477, 20.363, 20.189, 19.927, 20.045, 20.04, 19.612, 19.285, 19.266, 19.336, 19.321, 19.098, 19.121, 19.298, 19.489, 19.291, 19.107, 18.992, 18.968, 18.957, 18.522, 17.762, 17.76, 18.293, 18.203, 17.417, 16.883, 16.494, 15.918, 15.625, 15.547, 14.996, 14.458, 13.848, 13.328, 13.429, 13.244, 12.895, 11.915, 11.224, 11.024, 10.006, 7.941, 6.87, 5.976, 4.714, 2.499, 0.0, 2.445, 5.394, 8.077, 8.984, 9.635, 10.812, 12.383, 13.683, 14.573, 15.317, 15.991, 16.295, 16.589, 16.973, 17.186, 17.096, 17.028, 17.272, 17.346, 17.585, 18.016, 18.81, 19.873, 19.885, 20.13, 19.985, 19.42, 18.811, 19.13, 19.609, 20.042, 20.366, 20.526, 20.584], [19.108, 19.421, 19.831, 20.273, 20.493, 20.371, 20.195, 19.93, 20.049, 20.053, 19.626, 19.311, 19.302, 19.377, 19.371, 19.157, 19.198, 19.413, 19.665, 19.521, 19.329, 19.214, 19.194, 19.184, 18.784, 18.071, 18.12, 18.686, 18.617, 17.882, 17.367, 16.96, 16.385, 16.098, 16.055, 15.581, 15.067, 14.427, 13.851, 13.928, 13.743, 13.456, 12.554, 11.89, 11.725, 10.792, 8.857, 7.814, 6.959, 5.883, 4.187, 2.445, 0.0, 3.766, 6.986, 8.028, 8.765, 10.083, 11.849, 13.336, 14.322, 15.083, 15.746, 16.038, 16.33, 16.721, 16.943, 16.853, 16.779, 17.028, 17.16, 17.478, 17.948, 18.756, 19.842, 19.888, 20.151, 20.015, 19.443, 18.816, 19.128, 19.611, 20.046, 20.371, 20.527, 20.583], [19.23, 19.489, 19.881, 20.27, 20.38, 20.198, 20.005, 19.732, 19.854, 19.864, 19.431, 19.109, 19.109, 19.192, 19.234, 19.077, 19.132, 19.34, 19.635, 19.679, 19.663, 19.576, 19.6, 19.636, 19.289, 18.611, 18.707, 19.336, 19.294, 18.616, 18.178, 17.834, 17.299, 17.036, 17.08, 16.758, 16.32, 15.655, 14.93, 14.945, 14.75, 14.381, 13.372, 12.69, 12.606, 11.791, 9.998, 9.035, 8.248, 7.434, 6.306, 5.394, 3.766, 0.0, 3.757, 5.247, 6.232, 7.922, 10.282, 12.293, 13.437, 14.184, 14.857, 15.173, 15.511, 15.948, 16.182, 16.079, 16.0, 16.242, 16.365, 16.724, 17.293, 18.188, 19.357, 19.477, 19.785, 19.695, 19.133, 18.563, 18.98, 19.516, 19.961, 20.299, 20.464, 20.516], [19.555, 19.776, 20.15, 20.49, 20.507, 20.274, 20.065, 19.792, 19.907, 19.912, 19.481, 19.152, 19.154, 19.242, 19.314, 19.202, 19.264, 19.452, 19.75, 19.893, 20.006, 19.959, 20.002, 20.066, 19.765, 19.156, 19.325, 19.98, 19.947, 19.334, 18.966, 18.662, 18.162, 17.937, 18.048, 17.826, 17.463, 16.84, 16.103, 16.086, 15.852, 15.422, 14.342, 13.664, 13.666, 13.0, 11.441, 10.631, 9.991, 9.419, 8.631, 8.077, 6.986, 3.757, 0.0, 2.166, 3.72, 5.995, 9.043, 11.54, 12.799, 13.506, 14.176, 14.539, 14.953, 15.437, 15.667, 15.553, 15.449, 15.647, 15.722, 16.104, 16.759, 17.699, 18.905, 19.088, 19.442, 19.386, 18.832, 18.343, 18.893, 19.494, 19.971, 20.333, 20.5, 20.547], [19.561, 19.784, 20.167, 20.495, 20.487, 20.241, 20.028, 19.762, 19.891, 19.892, 19.436, 19.081, 19.085, 19.172, 19.231, 19.125, 19.189, 19.374, 19.677, 19.838, 19.981, 19.948, 19.997, 20.072, 19.788, 19.219, 19.461, 20.14, 20.101, 19.496, 19.14, 18.844, 18.35, 18.139, 18.275, 18.079, 17.75, 17.172, 16.457, 16.399, 16.11, 15.682, 14.622, 13.953, 14.02, 13.453, 12.028, 11.359, 10.8, 10.238, 9.482, 8.984, 8.028, 5.247, 2.166, 0.0, 2.144, 4.955, 8.279, 10.896, 12.26, 13.054, 13.762, 14.143, 14.577, 15.086, 15.317, 15.187, 15.083, 15.296, 15.371, 15.751, 16.401, 17.378, 18.647, 18.849, 19.227, 19.163, 18.591, 18.106, 18.687, 19.321, 19.842, 20.228, 20.389, 20.43], [19.462, 19.683, 20.06, 20.337, 20.263, 19.995, 19.782, 19.528, 19.681, 19.691, 19.21, 18.83, 18.844, 18.927, 18.997, 18.936, 19.02, 19.192, 19.497, 19.698, 19.879, 19.848, 19.922, 20.033, 19.776, 19.236, 19.525, 20.235, 20.186, 19.535, 19.171, 18.91, 18.437, 18.233, 18.386, 18.212, 17.908, 17.346, 16.598, 16.552, 16.337, 15.942, 14.885, 14.209, 14.317, 13.813, 12.454, 11.89, 11.387, 10.811, 10.082, 9.635, 8.765, 6.232, 3.72, 2.144, 0.0, 3.364, 7.13, 9.964, 11.439, 12.313, 13.08, 13.473, 13.909, 14.445, 14.685, 14.535, 14.436, 14.688, 14.794, 15.208, 15.881, 16.882, 18.206, 18.439, 18.838, 18.792, 18.254, 17.814, 18.444, 19.122, 19.674, 20.074, 20.232, 20.271], [19.276, 19.476, 19.829, 20.048, 19.912, 19.637, 19.434, 19.191, 19.383, 19.413, 18.901, 18.493, 18.522, 18.604, 18.683, 18.675, 18.783, 18.944, 19.265, 19.531, 19.762, 19.733, 19.842, 20.017, 19.837, 19.404, 19.801, 20.558, 20.497, 19.801, 19.446, 19.251, 18.823, 18.661, 18.863, 18.739, 18.489, 17.991, 17.237, 17.125, 16.908, 16.58, 15.561, 14.817, 14.893, 14.436, 13.232, 12.861, 12.443, 11.845, 11.162, 10.812, 10.083, 7.922, 5.995, 4.955, 3.364, 0.0, 4.413, 7.883, 9.611, 10.657, 11.583, 12.022, 12.43, 12.978, 13.256, 13.085, 12.974, 13.322, 13.568, 14.126, 14.94, 16.078, 17.524, 17.797, 18.255, 18.296, 17.816, 17.496, 18.248, 18.969, 19.535, 19.939, 20.089, 20.118], [19.033, 19.207, 19.545, 19.677, 19.45, 19.165, 18.97, 18.734, 18.982, 19.041, 18.484, 18.051, 18.122, 18.215, 18.302, 18.355, 18.489, 18.642, 18.994, 19.341, 19.625, 19.593, 19.744, 19.988, 19.927, 19.699, 20.294, 21.11, 21.025, 20.29, 19.962, 19.856, 19.481, 19.341, 19.585, 19.511, 19.352, 19.005, 18.304, 18.071, 17.783, 17.528, 16.604, 15.842, 15.859, 15.427, 14.38, 14.27, 13.955, 13.311, 12.656, 12.383, 11.849, 10.282, 9.043, 8.279, 7.13, 4.413, 0.0, 4.29, 6.717, 8.234, 9.505, 10.038, 10.394, 10.899, 11.19, 11.01, 10.882, 11.416, 11.932, 12.726, 13.766, 15.192, 16.881, 17.172, 17.658, 17.778, 17.343, 17.137, 18.045, 18.824, 19.419, 19.835, 19.971, 19.995], [18.856, 18.999, 19.336, 19.412, 19.134, 18.845, 18.647, 18.401, 18.667, 18.746, 18.168, 17.718, 17.827, 17.935, 18.026, 18.13, 18.287, 18.435, 18.795, 19.169, 19.483, 19.445, 19.627, 19.918, 19.943, 19.916, 20.709, 21.554, 21.454, 20.724, 20.418, 20.363, 20.027, 19.9, 20.163, 20.136, 20.071, 19.851, 19.226, 18.896, 18.507, 18.299, 17.451, 16.73, 16.728, 16.316, 15.391, 15.427, 15.201, 14.551, 13.911, 13.683, 13.336, 12.293, 11.54, 10.896, 9.964, 7.883, 4.29, 0.0, 3.466, 6.101, 7.843, 8.413, 8.6