[[0.0, 0.976, 0.972, 1.68, 1.542, 3.423, 4.819, 5.89, 5.875, 5.172, 3.981, 3.776, 5.488, 6.906, 4.482, 3.01, 4.624, 7.718, 6.45, 3.207, 3.162, 6.483, 7.773, 8.528, 10.065, 11.549, 12.414, 12.767, 12.286, 11.678, 12.14, 12.87, 12.961, 12.188, 8.631, 5.745, 5.238, 5.726, 4.222, 3.261, 2.693, 3.209, 2.141, 1.461, 1.851, 3.467, 3.75, 2.811, 1.786, 1.82, 1.578, 2.254, 2.578, 2.708, 8.159, 12.505, 13.633, 13.84, 14.682, 14.023, 13.476, 14.793, 16.818, 17.547, 16.978, 16.123, 16.602, 17.187, 16.97, 17.196, 18.708, 19.439, 17.563, 16.505, 17.605, 17.752, 16.31, 16.04, 17.39, 16.971, 15.12, 14.932, 16.199, 15.947, 14.786, 14.299, 14.174, 13.848, 13.15, 12.937, 12.017, 10.886, 11.249, 11.307, 11.956, 12.314, 10.11, 8.292, 10.757, 14.778, 17.143, 18.644, 19.341, 20.228, 22.585, 24.277, 23.63, 21.723, 20.493, 20.36, 19.794, 18.794, 21.819, 28.188, 31.958, 33.127, 33.291, 34.399, 35.153, 33.391, 30.894, 29.43, 29.493, 30.178, 30.023, 29.278, 29.059, 29.995, 29.948, 28.576, 26.614, 23.66, 20.516, 19.254, 20.092, 19.536, 17.426, 18.144, 20.046, 19.897, 21.283, 24.38, 23.441, 20.576, 20.096, 20.343, 20.971, 20.284, 17.968, 16.034, 17.413, 21.629, 23.669, 23.574, 22.98, 22.404, 22.786, 23.543, 24.462, 25.354, 27.013, 27.686, 26.373, 26.144, 25.2, 21.364, 19.925, 20.171, 18.981, 18.067, 17.341, 16.067, 13.789, 12.619, 13.489, 12.684, 7.876, 5.505, 4.842, 6.444, 8.66, 9.883, 11.425, 12.583, 12.277, 11.699, 10.906, 10.83, 11.373, 11.345, 10.573, 11.323, 12.064, 11.122, 10.248, 10.034, 8.136, 7.995, 8.456, 9.594, 9.891, 9.652, 8.82, 7.042, 6.922, 7.23], [0.976, 0.0, 1.182, 1.607, 1.613, 3.824, 5.202, 6.252, 6.244, 5.555, 4.383, 4.168, 5.87, 7.293, 4.88, 3.339, 5.01, 8.09, 6.837, 3.577, 2.867, 6.182, 7.403, 8.156, 9.698, 11.155, 12.046, 12.414, 11.935, 11.328, 11.768, 12.485, 12.586, 11.836, 8.289, 5.42, 4.885, 5.431, 4.03, 3.087, 2.88, 3.64, 2.57, 1.134, 1.517, 3.184, 3.474, 2.534, 1.864, 2.039, 1.792, 2.685, 2.795, 2.427, 7.835, 12.121, 13.239, 13.454, 14.293, 13.696, 13.096, 14.411, 16.439, 17.165, 16.633, 15.789, 16.256, 16.835, 16.657, 16.884, 18.396, 19.106, 17.199, 16.172, 17.245, 17.368, 15.928, 15.653, 17.009, 16.585, 14.735, 14.578, 15.881, 15.609, 14.382, 13.917, 13.782, 13.463, 12.757, 12.618, 11.656, 10.555, 10.891, 10.923, 11.596, 11.98, 9.852, 7.979, 10.365, 14.392, 16.768, 18.254, 18.954, 19.841, 22.218, 23.916, 23.246, 21.34, 20.1, 19.985, 19.417, 18.473, 21.442, 27.808, 31.587, 32.813, 32.968, 34.06, 34.765, 32.98, 30.487, 29.005, 29.118, 29.798, 29.685, 28.927, 28.669, 29.648, 29.628, 28.201, 26.257, 23.306, 20.127, 18.879, 19.765, 19.165, 17.051, 17.761, 19.677, 19.552, 20.905, 24.003, 23.065, 20.259, 19.705, 19.997, 20.595, 19.966, 17.587, 15.675, 17.091, 21.27, 23.337, 23.189, 22.585, 22.04, 22.42, 23.183, 24.094, 24.956, 26.623, 27.315, 25.987, 25.757, 24.811, 20.984, 19.545, 19.784, 18.601, 17.704, 16.982, 15.69, 13.378, 12.203, 13.102, 12.301, 7.557, 5.153, 4.649, 6.214, 8.415, 9.575, 11.088, 12.25, 11.977, 11.41, 10.585, 10.509, 11.044, 10.965, 10.246, 11.008, 11.711, 10.859, 9.866, 9.647, 7.787, 7.624, 8.112, 9.237, 9.519, 9.272, 8.495, 6.728, 6.614, 6.87], [0.972, 1.182, 0.0, 1.258, 1.168, 2.908, 4.15, 5.253, 5.192, 4.73, 3.449, 3.206, 4.795, 6.219, 3.897, 2.63, 4.104, 7.024, 5.756, 2.739, 3.045, 6.514, 8.136, 8.912, 10.482, 12.042, 13.011, 13.433, 12.933, 12.26, 12.764, 13.516, 13.584, 12.767, 9.127, 5.953, 5.373, 5.593, 4.195, 3.297, 2.214, 2.847, 1.941, 1.437, 2.355, 4.011, 4.339, 3.284, 2.24, 2.004, 1.949, 2.485, 2.691, 3.307, 8.643, 13.032, 14.108, 14.316, 15.192, 14.482, 13.916, 15.242, 17.419, 18.017, 17.418, 16.625, 17.089, 17.704, 17.605, 17.857, 19.369, 20.1, 18.256, 17.198, 18.299, 18.446, 17.003, 16.734, 18.078, 17.654, 15.809, 15.521, 16.86, 16.608, 15.392, 14.745, 14.658, 14.347, 13.627, 13.344, 12.5, 11.321, 11.542, 11.784, 12.517, 12.821, 10.49, 8.769, 11.199, 15.151, 17.577, 19.306, 20.001, 20.891, 23.24, 24.928, 24.268, 22.308, 20.968, 20.856, 20.216, 19.207, 22.245, 28.664, 32.468, 33.723, 33.869, 35.03, 35.773, 33.969, 31.506, 30.007, 30.014, 30.681, 30.651, 29.879, 29.676, 30.614, 30.533, 29.091, 27.157, 24.222, 21.143, 19.794, 20.696, 20.106, 17.888, 18.625, 20.62, 20.488, 21.798, 24.909, 23.881, 21.172, 20.693, 20.979, 21.485, 20.91, 18.43, 16.52, 17.824, 22.177, 24.332, 24.239, 23.644, 23.015, 23.447, 24.109, 24.94, 25.84, 27.658, 28.354, 27.029, 26.808, 25.87, 22.046, 20.607, 20.845, 19.67, 18.753, 17.972, 16.632, 14.357, 13.25, 14.096, 13.377, 8.562, 6.155, 5.57, 7.17, 9.342, 10.407, 11.948, 13.138, 12.896, 12.288, 11.476, 11.447, 11.993, 11.929, 11.267, 11.985, 12.72, 11.759, 10.923, 10.724, 8.813, 8.673, 9.024, 10.155, 10.58, 10.341, 9.513, 7.727, 7.622, 7.924], [1.68, 1.607, 1.258, 0.0, 1.414, 3.112, 4.049, 5.294, 5.006, 4.986, 3.607, 3.241, 4.527, 5.897, 3.807, 2.974, 4.101, 6.688, 5.42, 2.16, 2.509, 6.128, 8.373, 9.122, 10.707, 12.349, 13.343, 13.759, 13.277, 12.606, 13.059, 13.842, 13.913, 13.112, 9.424, 6.251, 5.405, 4.846, 4.148, 2.615, 2.04, 3.277, 2.619, 1.81, 2.73, 4.296, 4.659, 3.586, 2.813, 2.969, 2.556, 3.074, 3.665, 3.57, 8.826, 13.273, 14.323, 14.505, 15.388, 14.709, 14.111, 15.513, 17.752, 18.265, 17.574, 16.818, 17.311, 17.917, 17.944, 18.2, 19.712, 20.443, 18.593, 17.535, 18.635, 18.782, 17.34, 17.07, 18.416, 17.991, 16.146, 15.85, 17.203, 16.952, 15.729, 14.892, 14.941, 14.573, 13.825, 13.457, 12.669, 11.453, 11.48, 11.991, 12.863, 13.1, 10.505, 8.935, 11.364, 15.248, 17.66, 19.614, 20.316, 21.2, 23.528, 25.205, 24.533, 22.574, 21.219, 21.064, 20.33, 19.215, 22.36, 28.844, 32.635, 33.995, 34.143, 35.297, 36.011, 34.206, 31.766, 30.272, 30.267, 30.952, 30.891, 30.152, 29.937, 30.889, 30.812, 29.317, 27.395, 24.458, 21.41, 20.062, 21.007, 20.42, 18.149, 18.855, 20.903, 20.781, 22.028, 25.116, 24.013, 21.477, 21.019, 21.306, 21.791, 21.242, 18.741, 16.717, 18.002, 22.404, 24.635, 24.557, 23.981, 23.337, 23.777, 24.418, 25.205, 26.068, 27.955, 28.665, 27.335, 27.119, 26.192, 22.374, 20.937, 21.183, 20.008, 19.09, 18.309, 16.969, 14.682, 13.582, 14.418, 13.714, 8.899, 6.491, 5.86, 7.455, 9.645, 10.688, 12.201, 13.47, 13.206, 12.592, 11.817, 11.792, 12.339, 12.245, 11.597, 12.328, 13.056, 12.104, 11.261, 11.062, 9.15, 9.009, 9.335, 10.485, 10.908, 10.678, 9.85, 8.056, 7.949, 8.26], [1.542, 1.613, 1.168, 1.414, 0.0, 2.815, 3.865, 4.998, 4.836, 4.698, 3.413, 3.226, 4.382, 5.795, 3.682, 2.543, 3.936, 6.624, 5.364, 2.543, 2.957, 6.765, 8.634, 9.398, 11.004, 12.532, 13.47, 13.881, 13.364, 12.735, 13.245, 13.952, 14.041, 13.242, 9.626, 6.37, 5.55, 5.739, 4.815, 3.738, 2.526, 3.044, 2.298, 1.936, 2.822, 4.466, 4.82, 3.79, 2.751, 2.305, 1.96, 2.491, 2.64, 3.525, 9.137, 13.521, 14.618, 14.824, 15.69, 15.004, 14.453, 15.777, 17.864, 18.531, 17.96, 17.126, 17.593, 18.203, 18.08, 18.281, 19.793, 20.524, 18.682, 17.625, 18.725, 18.872, 17.43, 17.16, 18.504, 18.091, 16.235, 16.002, 17.301, 17.032, 15.847, 15.284, 15.169, 14.85, 14.136, 13.878, 13.004, 11.865, 12.085, 12.291, 12.999, 13.319, 11.027, 9.274, 11.737, 15.685, 18.119, 19.743, 20.438, 21.328, 23.685, 25.373, 24.71, 22.757, 21.466, 21.355, 20.757, 19.745, 22.787, 29.175, 32.972, 34.208, 34.353, 35.502, 36.195, 34.397, 31.955, 30.461, 30.51, 31.179, 31.109, 30.321, 30.119, 31.055, 31.018, 29.586, 27.645, 24.682, 21.583, 20.285, 21.179, 20.587, 18.408, 19.132, 21.114, 20.964, 22.297, 25.405, 24.421, 21.609, 21.123, 21.418, 21.974, 21.347, 18.919, 17.019, 18.366, 22.671, 24.787, 24.677, 24.077, 23.459, 23.887, 24.574, 25.436, 26.366, 28.112, 28.792, 27.473, 27.256, 26.305, 22.485, 21.05, 21.279, 20.096, 19.196, 18.404, 17.083, 14.833, 13.688, 14.549, 13.803, 8.988, 6.575, 5.93, 7.527, 9.722, 10.904, 12.446, 13.62, 13.379, 12.77, 11.958, 11.922, 12.468, 12.396, 11.709, 12.412, 13.146, 12.234, 11.349, 11.15, 9.239, 9.099, 9.515, 10.644, 11.022, 10.767, 9.948, 8.146, 8.038, 8.35], [3.423, 3.824, 2.908, 3.112, 2.815, 0.0, 1.596, 2.707, 2.869, 2.892, 1.493, 2.194, 3.057, 4.464, 2.451, 1.411, 1.813, 4.686, 3.674, 3.399, 5.046, 8.984, 10.774, 11.505, 13.119, 14.739, 15.744, 16.148, 15.678, 14.991, 15.451, 16.231, 16.298, 15.497, 11.808, 8.72, 7.923, 7.504, 6.376, 4.986, 3.093, 1.674, 2.241, 3.583, 5.057, 6.678, 7.043, 5.97, 4.747, 3.917, 3.83, 3.135, 3.382, 5.674, 11.217, 15.658, 16.713, 16.905, 17.767, 17.114, 16.499, 17.898, 20.154, 20.655, 19.984, 19.198, 19.697, 20.303, 20.328, 20.605, 22.117, 22.847, 20.985, 19.927, 21.027, 21.174, 19.732, 19.462, 20.806, 20.385, 18.54, 18.234, 19.608, 19.356, 18.12, 17.311, 17.326, 16.963, 16.212, 15.875, 15.065, 13.862, 14.075, 14.384, 15.247, 15.5, 12.985, 11.327, 13.756, 17.653, 20.09, 22.014, 22.709, 23.595, 25.926, 27.612, 26.98, 25.01, 23.643, 23.483, 22.766, 21.679, 24.773, 31.241, 35.028, 36.419, 36.578, 37.723, 38.479, 36.671, 34.207, 32.721, 32.708, 33.386, 33.35, 32.609, 32.386, 33.317, 33.242, 31.734, 29.818, 26.922, 23.821, 22.478, 23.395, 22.824, 20.563, 21.253, 23.304, 23.193, 24.414, 27.507, 26.428, 23.938, 23.425, 23.708, 24.185, 23.649, 21.177, 19.108, 20.412, 24.801, 27.029, 26.949, 26.372, 25.739, 26.173, 26.823, 27.65, 28.486, 30.355, 31.051, 29.733, 29.511, 28.583, 24.765, 23.328, 23.574, 22.401, 21.484, 20.71, 19.37, 17.067, 15.973, 16.826, 16.106, 11.291, 8.853, 8.149, 9.778, 12.032, 13.072, 14.597, 15.855, 15.578, 14.984, 14.212, 14.195, 14.723, 14.636, 13.986, 14.732, 15.448, 14.496, 13.655, 13.456, 11.542, 11.401, 11.712, 12.879, 13.302, 13.072, 12.242, 10.448, 10.34, 10.652], [4.819, 5.202, 4.15, 4.049, 3.865, 1.596, 0.0, 1.597, 1.684, 2.309, 1.479, 2.367, 2.604, 3.745, 2.273, 2.206, 1.549, 3.467, 2.808, 3.552, 6.202, 10.066, 12.193, 12.964, 14.515, 16.144, 17.11, 17.549, 17.025, 16.376, 16.898, 17.631, 17.704, 16.883, 13.198, 9.999, 9.152, 8.604, 7.791, 6.132, 3.086, 2.252, 3.372, 4.947, 6.466, 8.03, 8.442, 7.368, 6.195, 5.304, 5.247, 4.612, 4.75, 7.002, 12.659, 17.105, 18.159, 18.345, 19.244, 18.522, 17.944, 19.294, 21.502, 22.061, 21.39, 20.674, 21.162, 21.753, 21.719, 21.945, 23.473, 24.219, 22.378, 21.321, 22.421, 22.567, 21.126, 20.852, 22.196, 21.781, 19.926, 19.642, 20.948, 20.697, 19.515, 18.754, 18.751, 18.399, 17.67, 17.32, 16.526, 15.283, 15.463, 15.825, 16.633, 16.881, 14.428, 12.791, 15.227, 19.111, 21.545, 23.411, 24.11, 24.997, 27.339, 29.022, 28.347, 26.395, 25.063, 24.891, 24.208, 23.119, 26.223, 32.689, 36.498, 37.797, 37.946, 39.129, 39.823, 38.027, 35.595, 34.099, 34.115, 34.755, 34.726, 33.933, 33.75, 34.706, 34.613, 33.141, 31.219, 28.257, 25.23, 23.897, 24.791, 24.198, 21.908, 22.668, 24.725, 24.587, 25.851, 28.964, 27.88, 25.241, 24.776, 25.06, 25.574, 24.995, 22.517, 20.573, 21.817, 26.232, 28.439, 28.352, 27.765, 27.135, 27.566, 28.183, 29.032, 29.899, 31.77, 32.467, 31.143, 30.92, 29.984, 26.16, 24.722, 24.966, 23.787, 22.877, 22.062, 20.717, 18.483, 17.365, 18.214, 17.499, 12.684, 10.247, 9.476, 11.13, 13.372, 14.481, 16.006, 17.241, 17.033, 16.398, 15.587, 15.563, 16.109, 16.04, 15.388, 16.107, 16.842, 15.875, 15.04, 14.842, 12.935, 12.795, 13.147, 14.286, 14.702, 14.458, 13.636, 11.842, 11.734, 12.046], [5.89, 6.252, 5.253, 5.294, 4.998, 2.707, 1.597, 0.0, 1.168, 1.924, 2.13, 2.843, 2.91, 4.11, 2.497, 3.157, 2.025, 2.894, 2.918, 4.472, 7.169, 11.233, 13.161, 13.964, 15.554, 17.127, 18.167, 18.582, 18.087, 17.287, 17.917, 18.665, 18.737, 17.845, 14.065, 10.934, 10.178, 9.739, 8.735, 7.205, 3.806, 3.125, 4.217, 5.958, 7.525, 9.056, 9.339, 8.372, 7.014, 6.24, 6.163, 5.644, 5.789, 8.013, 13.584, 17.935, 19.029, 19.175, 20.094, 19.409, 18.763, 20.155, 22.532, 23.069, 22.376, 21.611, 22.148, 22.625, 22.607, 22.998, 24.548, 25.294, 23.448, 22.395, 23.492, 23.619, 22.179, 21.905, 23.244, 22.824, 20.978, 20.658, 21.885, 21.667, 20.558, 19.645, 19.716, 19.234, 18.487, 18.232, 17.406, 16.183, 16.531, 16.802, 17.598, 17.866, 15.456, 13.767, 16.206, 19.945, 22.451, 24.452, 25.148, 26.037, 28.372, 30.057, 29.411, 27.455, 26.082, 25.811, 25.139, 24.034, 27.165, 33.56, 37.323, 38.684, 38.837, 40.166, 40.893, 39.091, 36.655, 35.152, 35.159, 35.774, 35.777, 34.867, 34.816, 35.772, 35.637, 34.119, 32.172, 29.323, 26.267, 24.939, 25.738, 25.175, 22.977, 23.605, 25.748, 25.646, 26.709, 29.939, 28.77, 26.231, 25.72, 26.004, 26.484, 25.95, 23.433, 21.474, 22.782, 27.132, 29.481, 29.388, 28.806, 28.19, 28.603, 29.246, 30.076, 30.954, 32.803, 33.494, 32.173, 31.958, 31.021, 27.205, 25.766, 26.008, 24.84, 23.923, 23.033, 21.635, 19.505, 18.41, 19.25, 18.552, 13.759, 11.321, 10.55, 12.204, 14.445, 15.415, 16.873, 18.112, 18.036, 17.389, 16.504, 16.606, 17.127, 17.088, 16.423, 17.182, 17.916, 16.88, 16.093, 15.894, 14.01, 13.869, 14.167, 15.324, 15.74, 15.511, 14.71, 12.916, 12.808, 13.118], [5.875, 6.244, 5.192, 5.006, 4.836, 2.869, 1.684, 1.168, 0.0, 1.621, 2.413, 2.769, 2.173, 3.159, 1.989, 3.104, 1.608, 2.123, 2.177, 3.893, 6.92, 10.899, 13.11, 13.92, 15.497, 17.04, 18.127, 18.575, 18.048, 17.285, 17.875, 18.658, 18.729, 17.764, 13.984, 10.962, 10.129, 9.518, 8.616, 6.991, 3.618, 2.962, 4.11, 5.943, 7.51, 9.041, 9.318, 8.352, 6.935, 6.193, 6.109, 5.677, 5.981, 8.027, 13.46, 17.928, 18.891, 19.039, 19.919, 19.251, 18.648, 20.135, 22.493, 23.031, 22.301, 21.504, 22.086, 22.545, 22.566, 22.983, 24.533, 25.272, 23.438, 22.38, 23.48, 23.612, 22.171, 21.897, 23.219, 22.805, 20.971, 20.634, 21.906, 21.655, 20.542, 19.452, 19.645, 19.186, 18.355, 18.004, 17.186, 16.085, 16.292, 16.687, 17.484, 17.851, 15.263, 13.652, 16.043, 19.755, 22.227, 24.41, 25.111, 25.994, 28.328, 30.013, 29.356, 27.395, 26.024, 25.696, 24.91, 23.753, 26.967, 33.389, 37.176, 38.567, 38.76, 40.108, 40.824, 39.031, 36.594, 35.095, 35.093, 35.634, 35.712, 34.847, 34.752, 35.711, 35.578, 33.977, 32.058, 29.239, 26.216, 24.886, 25.615, 25.127, 22.902, 23.509, 25.704, 25.586, 26.594, 29.829, 28.53, 26.178, 25.702, 25.99, 26.464, 25.928, 23.299, 21.346, 22.678, 27.062, 29.442, 29.357, 28.782, 28.149, 28.579, 29.185, 30.02, 30.858, 32.756, 33.455, 32.125, 31.917, 30.991, 27.175, 25.738, 25.984, 24.82, 23.915, 23.002, 21.655, 19.498, 18.385, 19.243, 18.544, 13.744, 11.306, 10.535, 12.189, 14.43, 15.379, 16.889, 18.052, 18.016, 17.374, 16.516, 16.584, 17.109, 17.061, 16.413, 17.167, 17.901, 16.865, 16.086, 15.887, 13.995, 13.854, 14.152, 15.303, 15.733, 15.503, 14.695, 12.901, 12.793, 13.105], [5.172, 5.555, 4.73, 4.986, 4.698, 2.892, 2.309, 1.924, 1.621, 0.0, 2.057, 2.663, 2.46, 3.202, 1.753, 2.966, 2.059, 2.896, 3.082, 4.364, 7.011, 10.979, 12.499, 13.19, 14.822, 16.373, 17.386, 17.838, 17.306, 16.576, 17.134, 17.905, 17.993, 17.083, 13.394, 10.423, 9.743, 9.522, 8.19, 6.613, 3.376, 2.725, 3.534, 5.175, 6.742, 8.273, 8.629, 7.637, 6.354, 5.507, 5.41, 5.311, 5.248, 7.23, 12.818, 17.265, 18.328, 18.501, 19.394, 18.739, 18.133, 19.499, 21.751, 22.308, 21.664, 20.863, 21.377, 21.903, 21.913, 22.215, 23.765, 24.511, 22.67, 21.612, 22.712, 22.851, 21.41, 21.136, 22.477, 22.055, 20.21, 19.888, 21.19, 20.938, 19.799, 18.945, 18.975, 18.56, 17.83, 17.615, 16.688, 15.56, 16.02, 16.035, 16.833, 17.083, 14.877, 12.991, 15.457, 19.388, 21.788, 23.684, 24.381, 25.27, 27.623, 29.319, 28.689, 26.722, 25.356, 25.098, 24.442, 23.469, 26.471, 32.868, 36.676, 38.046, 38.197, 39.437, 40.194, 38.377, 35.938, 34.445, 34.437, 35.044, 35.066, 34.219, 34.106, 35.034, 34.906, 33.377, 31.461, 28.582, 25.549, 24.221, 25.0, 24.424, 22.236, 22.85, 25.0, 24.895, 26.032, 29.201, 28.088, 25.568, 25.009, 25.291, 25.803, 25.272, 22.824, 20.755, 22.161, 26.415, 28.733, 28.633, 28.041, 27.432, 27.871, 28.49, 29.36, 30.217, 32.056, 32.726, 31.405, 31.188, 30.256, 26.437, 24.999, 25.243, 24.071, 23.154, 22.291, 20.953, 18.739, 17.651, 18.546, 17.783, 12.976, 10.538, 9.768, 11.421, 13.662, 14.669, 16.173, 17.44, 17.267, 16.612, 15.794, 15.823, 16.353, 16.32, 15.668, 16.399, 17.133, 16.097, 15.325, 15.126, 13.227, 13.086, 13.396, 14.541, 14.972, 14.742, 13.927, 12.133, 12.026, 12.337], [3.981, 4.383, 3.449, 3.607, 3.413, 1.493, 1.479, 2.13, 2.413, 2.057, 0.0, 1.479, 2.424, 3.856, 1.837, 1.745, 1.551, 4.341, 3.339, 3.366, 5.669, 9.541, 11.229, 12.013, 13.598, 15.21, 16.237, 16.677, 16.165, 15.481, 15.985, 16.76, 16.832, 15.965, 12.277, 9.227, 8.497, 8.164, 6.845, 5.257, 2.733, 1.512, 2.345, 4.059, 5.597, 7.168, 7.512, 6.454, 5.2, 4.394, 4.277, 3.826, 3.874, 6.086, 11.663, 16.127, 17.159, 17.342, 18.213, 17.581, 16.955, 18.366, 20.641, 21.127, 20.452, 19.643, 20.177, 20.752, 20.794, 21.095, 22.62, 23.367, 21.526, 20.468, 21.568, 21.714, 20.273, 20.0, 21.337, 20.919, 19.073, 18.725, 20.098, 19.846, 18.653, 17.723, 17.778, 17.409, 16.657, 16.324, 15.485, 14.337, 14.586, 14.829, 15.716, 15.99, 13.494, 11.759, 14.161, 18.085, 20.512, 22.527, 23.229, 24.113, 26.455, 28.15, 27.519, 25.536, 24.168, 23.936, 23.199, 22.152, 25.212, 31.697, 35.484, 36.893, 37.044, 38.255, 39.009, 37.201, 34.768, 33.271, 33.243, 33.865, 33.882, 33.089, 32.93, 33.849, 33.721, 32.21, 30.288, 27.396, 24.378, 23.028, 23.859, 23.312, 21.067, 21.711, 23.826, 23.729, 24.868, 27.971, 26.84, 24.428, 23.909, 24.192, 24.681, 24.153, 21.659, 19.559, 20.911, 25.247, 27.546, 27.476, 26.9, 26.275, 26.713, 27.32, 28.158, 29.025, 30.896, 31.571, 30.247, 30.03, 29.11, 25.293, 23.855, 24.102, 22.935, 22.018, 21.195, 19.857, 17.6, 16.503, 17.37, 16.646, 11.832, 9.394, 8.623, 10.277, 12.522, 13.547, 15.076, 16.323, 16.104, 15.461, 14.702, 14.685, 15.209, 15.171, 14.516, 15.255, 15.989, 14.987, 14.188, 13.989, 12.083, 11.942, 12.24, 13.397, 13.835, 13.606, 12.783, 10.989, 10.881, 11.193], [3.776, 4.168, 3.206, 3.241, 3.226, 2.194, 2.367, 2.843, 2.769, 2.663, 1.479, 0.0, 2.206, 3.972, 1.752, 2.085, 1.889, 4.407, 3.426, 2.595, 5.315, 8.955, 10.975, 11.806, 13.383, 14.931, 16.025, 16.473, 15.949, 15.256, 15.773, 16.556, 16.627, 15.696, 12.01, 8.959, 8.228, 7.746, 6.567, 4.928, 2.195, 1.969, 2.478, 3.843, 5.395, 6.952, 7.289, 6.237, 4.851, 4.207, 4.131, 3.748, 4.063, 5.884, 11.322, 15.884, 16.745, 17.007, 17.743, 17.263, 16.64, 18.086, 20.418, 20.904, 20.192, 19.295, 19.957, 20.499, 20.525, 20.879, 22.418, 23.164, 21.323, 20.266, 21.366, 21.51, 20.069, 19.796, 21.125, 20.711, 18.869, 18.508, 19.882, 19.631, 18.444, 17.383, 17.479, 17.126, 16.283, 15.817, 15.082, 14.045, 14.116, 14.544, 15.449, 15.774, 13.099, 11.532, 13.704, 17.707, 20.049, 22.281, 22.985, 23.864, 26.186, 27.873, 27.231, 25.257, 23.867, 23.542, 22.776, 21.526, 24.891, 31.349, 35.119, 36.553, 36.707, 37.979, 38.728, 36.917, 34.47, 32.972, 32.972, 33.517, 33.606, 32.797, 32.647, 33.561, 33.431, 31.865, 29.943, 27.12, 24.087, 22.743, 23.548, 23.047, 20.788, 21.403, 23.556, 23.44, 24.494, 27.618, 26.511, 24.157, 23.662, 23.953, 24.402, 23.894, 21.371, 19.206, 20.517, 24.938, 27.303, 27.245, 26.667, 26.023, 26.464, 27.051, 27.867, 28.759, 30.624, 31.327, 29.996, 29.788, 28.869, 25.071, 23.634, 23.88, 22.726, 21.813, 20.961, 19.634, 17.396, 16.291, 17.141, 16.443, 11.629, 9.192, 8.434, 10.08, 12.316, 13.332, 14.86, 16.056, 15.902, 15.259, 14.487, 14.476, 14.997, 14.958, 14.312, 15.052, 15.787, 14.771, 13.984, 13.785, 11.88, 11.74, 12.038, 13.194, 13.631, 13.401, 12.581, 10.787, 10.679, 10.991], [5.488, 5.87, 4.795, 4.527, 4.382, 3.057, 2.604, 2.91, 2.173, 2.46, 2.424, 2.206, 0.0, 2.03, 1.654, 3.255, 2.101, 2.652, 1.994, 3.003, 6.596, 10.287, 12.694, 13.534, 15.099, 16.652, 17.752, 18.2, 17.673, 16.979, 17.501, 18.284, 18.355, 17.422, 13.717, 10.656, 9.745, 9.027, 8.25, 6.531, 3.272, 2.913, 3.789, 5.568, 7.123, 8.678, 9.015, 7.965, 6.562, 5.877, 5.719, 5.294, 5.557, 7.648, 13.075, 17.607, 18.509, 18.719, 19.545, 18.963, 18.352, 19.821, 22.141, 22.634, 21.915, 21.048, 21.685, 22.231, 22.257, 22.605, 24.146, 24.892, 23.051, 21.993, 23.094, 23.238, 21.797, 21.523, 22.85, 22.436, 20.597, 20.236, 21.608, 21.356, 20.169, 19.098, 19.217, 18.865, 18.035, 17.588, 16.823, 15.773, 15.743, 16.28, 17.156, 17.5, 14.83, 13.258, 15.509, 19.405, 21.805, 24.02, 24.724, 25.595, 27.919, 29.596, 28.925, 26.97, 25.595, 25.286, 24.512, 23.321, 26.605, 33.061, 36.844, 38.247, 38.406, 39.686, 40.406, 38.609, 36.157, 34.675, 34.657, 35.202, 35.286, 34.503, 34.337, 35.291, 35.141, 33.568, 31.635, 28.809, 25.803, 24.457, 25.262, 24.783, 22.523, 23.14, 25.293, 25.169, 26.233, 29.352, 28.218, 25.851, 25.393, 25.683, 26.145, 25.618, 23.027, 20.96, 22.244, 26.672, 29.035, 28.977, 28.403, 27.762, 28.196, 28.789, 29.586, 30.469, 32.349, 33.058, 31.728, 31.522, 30.608, 26.801, 25.364, 25.61, 24.451, 23.541, 22.69, 21.357, 19.124, 18.016, 18.868, 18.17, 13.357, 10.92, 10.167, 11.813, 14.044, 15.057, 16.586, 17.764, 17.63, 16.987, 16.212, 16.204, 16.721, 16.686, 16.039, 16.78, 17.515, 16.497, 15.711, 15.512, 13.608, 13.468, 13.765, 14.922, 15.359, 15.129, 14.308, 12.514, 12.407, 12.719], [6.906, 7.293, 6.219, 5.897, 5.795, 4.464, 3.745, 4.11, 3.159, 3.202, 3.856, 3.972, 2.03, 0.0, 2.799, 4.669, 3.187, 2.305, 2.08, 4.104, 8.004, 11.622, 14.112, 14.951, 16.517, 18.066, 19.171, 19.619, 19.093, 18.404, 18.919, 19.702, 19.773, 18.842, 15.151, 12.08, 11.168, 10.37, 9.675, 7.898, 4.756, 4.282, 5.19, 6.992, 8.541, 10.101, 10.439, 9.383, 7.991, 7.318, 7.164, 7.017, 7.194, 9.202, 14.454, 19.032, 19.862, 20.147, 20.867, 20.38, 19.769, 21.232, 23.566, 24.045, 23.34, 22.45, 23.103, 23.647, 23.673, 24.029, 25.564, 26.31, 24.469, 23.411, 24.511, 24.656, 23.215, 22.942, 24.27, 23.856, 22.015, 21.654, 23.032, 22.78, 21.589, 20.52, 20.62, 20.272, 19.411, 18.934, 18.224, 17.193, 17.141, 17.687, 18.59, 18.924, 16.242, 14.681, 16.842, 20.807, 23.158, 25.423, 26.127, 26.998, 29.305, 30.979, 30.326, 28.355, 26.959, 26.637, 25.869, 24.607, 27.999, 34.461, 38.22, 39.646, 39.792, 41.069, 41.779, 39.985, 37.551, 36.057, 36.046, 36.603, 36.67, 35.894, 35.727, 36.669, 36.527, 34.964, 33.031, 30.193, 27.182, 25.839, 26.679, 26.192, 23.92, 24.54, 26.689, 26.571, 27.624, 30.75, 29.618, 27.265, 26.807, 27.097, 27.545, 27.032, 24.454, 22.354, 23.653, 28.077, 30.437, 30.382, 29.809, 29.16, 29.605, 30.183, 30.957, 31.85, 33.752, 34.459, 33.132, 32.925, 32.011, 28.214, 26.777, 27.023, 25.871, 24.959, 24.108, 22.782, 20.542, 19.436, 20.287, 19.589, 14.775, 12.345, 11.611, 13.24, 15.461, 16.481, 18.009, 19.198, 19.047, 18.405, 17.636, 17.622, 18.141, 18.103, 17.458, 18.198, 18.932, 17.92, 17.13, 16.931, 15.026, 14.885, 15.183, 16.34, 16.777, 16.547, 15.726, 13.932, 13.824, 14.136], [4.482, 4.88, 3.897, 3.807, 3.682, 2.451, 2.273, 2.497, 1.989, 1.753, 1.837, 1.752, 1.654, 2.799, 0.0, 2.501, 1.714, 3.394, 3.078, 3.218, 5.951, 9.807, 11.803, 12.565, 14.154, 15.793, 16.802, 17.208, 16.736, 16.051, 16.504, 17.291, 17.358, 16.557, 12.869, 9.723, 8.886, 8.244, 7.368, 5.609, 2.629, 2.23, 3.067, 4.626, 6.117, 7.735, 8.104, 7.031, 5.785, 4.993, 4.938, 4.609, 4.798, 6.684, 12.25, 16.697, 17.746, 17.929, 18.815, 18.143, 17.539, 18.958, 21.212, 21.708, 21.012, 20.245, 20.751, 21.351, 21.386, 21.662, 23.174, 23.905, 22.045, 20.987, 22.087, 22.234, 20.792, 20.522, 21.866, 21.445, 19.6, 19.294, 20.665, 20.413, 19.179, 18.327, 18.366, 18.005, 17.248, 16.891, 16.098, 14.879, 14.993, 15.414, 16.308, 16.557, 13.922, 12.368, 14.791, 18.675, 21.089, 23.062, 23.763, 24.649, 26.974, 28.657, 28.005, 26.038, 24.673, 24.501, 23.77, 22.663, 25.79, 32.27, 36.065, 37.454, 37.613, 38.766, 39.504, 37.687, 35.247, 33.747, 33.74, 34.416, 34.376, 33.636, 33.423, 34.358, 34.274, 32.773, 30.847, 27.945, 24.861, 23.526, 24.45, 23.876, 21.606, 22.288, 24.348, 24.242, 25.451, 28.54, 27.445, 24.969, 24.475, 24.763, 25.233, 24.698, 22.228, 20.144, 21.424, 25.831, 28.086, 28.006, 27.429, 26.79, 27.224, 27.872, 28.668, 29.526, 31.405, 32.107, 30.781, 30.568, 29.639, 25.822, 24.385, 24.631, 23.461, 22.544, 21.765, 20.428, 18.127, 17.033, 17.871, 17.165, 12.351, 9.913, 9.209, 10.839, 13.096, 14.133, 15.643, 16.915, 16.641, 16.025, 15.269, 15.252, 15.783, 15.695, 15.047, 15.789, 16.508, 15.554, 14.714, 14.515, 12.602, 12.461, 12.773, 13.936, 14.361, 14.132, 13.302, 11.508, 11.4, 11.712], [3.01, 3.339, 2.63, 2.974, 2.543, 1.411, 2.206, 3.157, 3.104, 2.966, 1.745, 2.085, 3.255, 4.669, 2.501, 0.0, 1.972, 5.017, 3.891, 3.14, 4.972, 8.841, 10.357, 11.078, 12.755, 14.174, 15.168, 15.629, 15.064, 14.396, 14.901, 15.7, 15.849, 14.852, 11.219, 8.315, 7.575, 7.537, 6.192, 4.823, 2.534, 1.617, 1.968, 3.003, 4.61, 6.133, 6.4, 5.519, 4.099, 3.353, 3.211, 3.315, 3.288, 5.254, 10.64, 15.11, 16.132, 16.387, 17.215, 16.704, 16.068, 17.425, 19.56, 20.232, 19.638, 18.674, 19.26, 19.768, 19.64, 19.99, 21.532, 22.278, 20.437, 19.379, 20.479, 20.623, 19.183, 18.909, 20.24, 19.826, 17.982, 17.637, 18.993, 18.741, 17.609, 16.868, 16.719, 16.406, 15.652, 15.557, 14.599, 13.574, 13.937, 13.888, 14.577, 15.002, 12.878, 10.936, 13.319, 17.288, 19.71, 21.468, 22.173, 23.046, 25.413, 27.116, 26.488, 24.54, 23.182, 22.872, 22.325, 21.417, 24.438, 30.735, 34.474, 35.808, 35.961, 37.239, 37.965, 36.208, 33.744, 32.272, 32.259, 32.801, 32.855, 32.052, 31.909, 32.829, 32.675, 31.157, 29.192, 26.373, 23.358, 22.036, 22.755, 22.254, 20.186, 20.717, 22.831, 22.703, 23.784, 26.954, 26.032, 23.455, 22.843, 23.1, 23.666, 23.149, 20.608, 18.545, 20.052, 24.223, 26.516, 26.41, 25.821, 25.261, 25.708, 26.309, 27.238, 28.211, 29.864, 30.512, 29.201, 28.978, 28.03, 24.201, 22.762, 23.007, 21.844, 20.927, 20.102, 18.804, 16.581, 15.466, 16.433, 15.556, 10.743, 8.315, 7.637, 9.257, 11.449, 12.519, 14.058, 15.192, 15.016, 14.373, 13.608, 13.59, 14.112, 14.127, 13.425, 14.166, 14.901, 13.882, 13.097, 12.898, 10.994, 10.854, 11.171, 12.329, 12.744, 12.515, 11.694, 9.9, 9.793, 10.105], [4.624, 5.01, 4.104, 4.101, 3.936, 1.813, 1.549, 2.025, 1.608, 2.059, 1.551, 1.889, 2.101, 3.187, 1.714, 1.972, 0.0, 3.241, 2.522, 3.277, 6.032, 9.881, 11.86, 12.658, 14.239, 15.777, 16.871, 17.329, 16.792, 16.054, 16.619, 17.402, 17.473, 16.491, 12.754, 9.83, 8.994, 8.566, 7.415, 5.826, 2.974, 1.843, 2.839, 4.682, 6.257, 7.779, 8.096, 7.09, 5.657, 4.975, 4.88, 4.515, 4.823, 6.959, 12.116, 16.682, 17.551, 17.757, 18.525, 18.04, 17.388, 18.895, 21.229, 21.753, 21.063, 20.171, 20.803, 21.296, 21.322, 21.721, 23.271, 24.016, 22.176, 21.118, 22.218, 22.356, 20.915, 20.64, 21.962, 21.548, 19.715, 19.354, 20.683, 20.431, 19.281, 18.196, 18.341, 17.929, 16.984, 16.681, 15.88, 14.871, 15.11, 15.393, 16.223, 16.589, 14.07, 12.381, 14.63, 18.47, 20.936, 23.132, 23.826, 24.707, 27.04, 28.736, 28.103, 26.153, 24.751, 24.378, 23.559, 22.358, 25.725, 32.133, 35.884, 37.33, 37.546, 38.842, 39.6, 37.793, 35.336, 33.861, 33.852, 34.374, 34.479, 33.644, 33.511, 34.437, 34.323, 32.708, 30.78, 28.005, 24.954, 23.623, 24.332, 23.849, 21.651, 22.23, 24.431, 24.305, 25.309, 28.513, 27.31, 25.028, 24.458, 24.748, 25.217, 24.711, 22.14, 20.037, 21.421, 25.78, 28.17, 28.087, 27.507, 26.879, 27.324, 27.929, 28.795, 29.648, 31.496, 32.167, 30.842, 30.628, 29.71, 25.9, 24.463, 24.709, 23.563, 22.659, 21.751, 20.43, 18.242, 17.129, 18.018, 17.287, 12.482, 10.045, 9.336, 10.973, 13.177, 14.138, 15.667, 16.829, 16.755, 16.112, 15.293, 15.328, 15.84, 15.795, 15.157, 15.905, 16.64, 15.603, 14.83, 14.631, 12.733, 12.593, 12.89, 14.047, 14.477, 14.247, 13.433, 11.639, 11.532, 11.844], [7.718, 8.09, 7.024, 6.688, 6.624, 4.686, 3.467, 2.894, 2.123, 2.896, 4.341, 4.407, 2.652, 2.305, 3.394, 5.017, 3.241, 0.0, 2.116, 4.707, 8.716, 12.391, 14.919, 15.756, 17.315, 18.853, 19.969, 20.416, 19.889, 19.109, 19.717, 20.5, 20.571, 19.588, 15.805, 12.794, 11.969, 11.175, 10.431, 8.693, 5.434, 4.717, 5.896, 7.786, 9.353, 10.884, 11.153, 10.195, 8.698, 8.036, 7.944, 7.495, 7.857, 10.011, 15.22, 19.737, 20.56, 20.802, 21.496, 21.032, 20.414, 21.938, 24.334, 24.833, 24.123, 23.219, 23.901, 24.352, 24.378, 24.826, 26.375, 27.113, 25.281, 24.223, 25.323, 25.454, 24.013, 23.736, 25.057, 24.644, 22.813, 22.452, 23.738, 23.487, 22.377, 21.224, 21.418, 20.978, 20.044, 19.625, 18.872, 17.911, 17.922, 18.484, 19.327, 19.693, 17.054, 15.486, 17.646, 21.458, 23.907, 26.207, 26.911, 27.781, 30.085, 31.751, 31.073, 29.114, 27.745, 27.386, 26.541, 25.211, 28.742, 35.102, 38.858, 40.265, 40.471, 41.832, 42.53, 40.735, 38.294, 36.803, 36.8, 37.354, 37.42, 36.569, 36.482, 37.431, 37.299, 35.714, 33.764, 30.951, 27.959, 26.603, 27.403, 26.923, 24.706, 25.287, 27.473, 27.355, 28.325, 31.547, 30.305, 27.974, 27.51, 27.8, 28.248, 27.736, 25.103, 23.111, 24.44, 28.806, 31.223, 31.168, 30.594, 29.944, 30.391, 30.968, 31.743, 32.64, 34.531, 35.24, 33.914, 33.709, 32.795, 29.0, 27.562, 27.809, 26.659, 25.755, 24.827, 23.487, 21.34, 20.224, 21.084, 20.383, 15.587, 13.149, 12.385, 14.032, 16.273, 17.222, 18.724, 19.887, 19.859, 19.216, 18.351, 18.426, 18.938, 18.89, 18.253, 19.01, 19.744, 18.708, 17.927, 17.729, 15.838, 15.697, 15.995, 17.145, 17.575, 17.345, 16.538, 14.744, 14.636, 14.948], [6.45, 6.837, 5.756, 5.42, 5.364, 3.674, 2.808, 2.918, 2.177, 3.082, 3.339, 3.426, 1.994, 2.08, 3.078, 3.891, 2.522, 2.116, 0.0, 3.492, 7.494, 11.123, 13.656, 14.494, 16.054, 17.591, 18.707, 19.155, 18.628, 17.893, 18.455, 19.238, 19.31, 18.332, 14.624, 11.571, 10.701, 9.907, 9.175, 7.431, 4.279, 3.676, 4.68, 6.525, 8.084, 9.616, 9.931, 8.927, 7.475, 6.793, 6.704, 6.426, 6.738, 8.764, 13.952, 18.522, 19.335, 19.618, 20.341, 19.851, 19.241, 20.722, 23.078, 23.579, 22.863, 21.974, 22.64, 23.136, 23.162, 23.557, 25.107, 25.852, 24.013, 22.955, 24.055, 24.192, 22.752, 22.478, 23.803, 23.39, 21.551, 21.191, 22.522, 22.271, 21.123, 20.0, 20.157, 19.762, 18.866, 18.41, 17.699, 16.682, 16.653, 17.223, 18.067, 18.425, 15.786, 14.218, 16.372, 20.268, 22.643, 24.953, 25.655, 26.515, 28.812, 30.48, 29.795, 27.85, 26.472, 26.111, 25.289, 24.025, 27.46, 33.914, 37.668, 39.073, 39.237, 40.554, 41.257, 39.453, 37.011, 35.522, 35.529, 36.065, 36.143, 35.336, 35.212, 36.159, 36.028, 34.426, 32.481, 29.676, 26.691, 25.339, 26.137, 25.675, 23.454, 24.022, 26.217, 26.094, 27.094, 30.282, 29.079, 26.751, 26.294, 26.584, 27.03, 26.52, 23.924, 21.846, 23.181, 27.554, 29.971, 29.916, 29.343, 28.691, 29.137, 29.714, 30.485, 31.362, 33.263, 33.974, 32.654, 32.447, 31.541, 27.745, 26.308, 26.554, 25.404, 24.496, 23.595, 22.271, 20.078, 18.97, 19.823, 19.125, 14.319, 11.881, 11.144, 12.771, 15.005, 15.973, 17.501, 18.67, 18.591, 17.948, 17.128, 17.164, 17.676, 17.636, 16.994, 17.742, 18.476, 17.44, 16.666, 16.467, 14.57, 14.429, 14.727, 15.883, 16.313, 16.084, 15.27, 13.476, 13.368, 13.68], [3.207, 3.577, 2.739, 2.16, 2.543, 3.399, 3.552, 4.472, 3.893, 4.364, 3.366, 2.595, 3.003, 4.104, 3.218, 3.14, 3.277, 4.707, 3.492, 0.0, 4.072, 7.723, 10.245, 11.082, 12.641, 14.184, 15.295, 15.743, 15.216, 14.465, 15.043, 15.826, 15.897, 14.923, 11.202, 8.142, 7.292, 6.504, 5.767, 4.04, 1.933, 3.306, 3.014, 3.502, 4.675, 6.206, 6.502, 5.517, 4.099, 4.157, 3.635, 3.94, 4.632, 5.442, 10.543, 15.094, 15.895, 16.196, 16.878, 16.428, 15.818, 17.291, 19.67, 20.166, 19.458, 18.552, 19.227, 19.708, 19.734, 20.148, 21.698, 22.439, 20.603, 19.545, 20.646, 20.78, 19.339, 19.066, 20.392, 19.978, 18.139, 17.778, 19.094, 18.843, 17.711, 16.571, 16.744, 16.332, 15.438, 14.983, 14.265, 13.254, 13.26, 13.811, 14.665, 15.016, 12.377, 10.808, 12.967, 16.86, 19.236, 21.537, 22.242, 23.117, 25.425, 27.096, 26.423, 24.468, 23.093, 22.715, 21.916, 20.602, 24.083, 30.519, 34.274, 35.688, 35.844, 37.189, 37.889, 36.094, 33.651, 32.162, 32.159, 32.703, 32.784, 31.942, 31.828, 32.781, 32.647, 31.062, 29.112, 26.314, 23.303, 21.954, 22.736, 22.258, 20.037, 20.622, 22.811, 22.691, 23.674, 26.877, 25.685, 23.317, 22.865, 23.156, 23.598, 23.091, 20.503, 18.434, 19.765, 24.146, 26.555, 26.499, 25.925, 25.275, 25.725, 26.305, 27.079, 27.974, 29.869, 30.575, 29.251, 29.046, 28.126, 24.334, 22.897, 23.143, 21.993, 21.083, 20.167, 18.843, 16.666, 15.558, 16.411, 15.712, 10.909, 8.494, 7.774, 9.383, 11.596, 12.544, 14.072, 15.249, 15.182, 14.539, 13.699, 13.752, 14.264, 14.225, 13.581, 14.332, 15.067, 14.03, 13.254, 13.055, 11.16, 11.02, 11.317, 12.471, 12.901, 12.671, 11.86, 10.066, 9.959, 10.271], [3.162, 2.867, 3.045, 2.509, 2.957, 5.046, 6.202, 7.169, 6.92, 7.011, 5.669, 5.315, 6.596, 8.004, 5.951, 4.972, 6.032, 8.716, 7.494, 4.072, 0.0, 4.249, 6.288, 7.072, 8.675, 10.241, 11.292, 11.713, 11.213, 10.414, 11.022, 11.797, 11.868, 10.964, 7.214, 4.113, 3.279, 3.219, 2.461, 1.886, 3.977, 5.281, 4.361, 2.849, 2.317, 2.772, 2.977, 2.483, 3.49, 4.155, 3.629, 4.271, 5.306, 2.934, 6.698, 11.073, 12.136, 12.311, 13.17, 12.552, 11.909, 13.303, 15.658, 16.19, 15.513, 14.694, 15.246, 15.72, 15.734, 16.125, 17.675, 18.421, 16.579, 15.522, 16.622, 16.751, 15.31, 15.036, 16.374, 15.955, 14.11, 13.779, 15.03, 14.794, 13.69, 12.741, 12.856, 12.368, 11.618, 11.339, 10.482, 9.319, 9.635, 9.911, 10.717, 10.993, 8.579, 6.838, 9.281, 13.064, 15.552, 17.58, 18.276, 19.161, 21.499, 23.191, 22.539, 20.579, 19.195, 18.944, 18.219, 17.136, 20.259, 26.67, 30.443, 31.823, 31.974, 33.289, 34.014, 32.22, 29.766, 28.277, 28.264, 28.889, 28.889, 28.023, 27.942, 28.898, 28.754, 27.236, 25.296, 22.427, 19.396, 18.048, 18.855, 18.295, 16.105, 16.729, 18.878, 18.756, 19.83, 23.046, 21.841, 19.372, 18.849, 19.128, 19.62, 19.082, 16.559, 14.566, 15.945, 20.252, 22.595, 22.516, 21.939, 21.318, 21.743, 22.373, 23.195, 24.09, 25.922, 26.62, 25.302, 25.076, 24.15, 20.332, 18.895, 19.141, 17.971, 17.054, 16.162, 14.79, 12.637, 11.54, 12.399, 11.683, 6.886, 4.48, 3.904, 5.508, 7.601, 8.521, 10.019, 11.26, 11.158, 10.531, 9.634, 9.733, 10.254, 10.212, 9.552, 10.309, 11.043, 10.007, 9.224, 9.025, 7.137, 6.996, 7.294, 8.451, 8.872, 8.642, 7.837, 6.043, 5.935, 6.247], [6.483, 6.182, 6.514, 6.128, 6.765, 8.984, 10.066, 11.233, 10.899, 10.979, 9.541, 8.955, 10.287, 11.622, 9.807, 8.841, 9.881, 12.391, 11.123, 7.723, 4.249, 0.0, 2.844, 4.013, 5.18, 6.542, 7.63, 8.083, 7.543, 6.856, 7.359, 8.122, 8.193, 7.302, 3.623, 2.455, 2.487, 2.587, 3.028, 4.637, 7.875, 8.897, 7.93, 6.351, 5.141, 4.311, 4.084, 4.37, 6.03, 6.905, 6.463, 6.472, 8.031, 5.371, 3.545, 7.461, 8.407, 8.614, 9.441, 8.858, 8.254, 9.685, 11.987, 12.481, 11.777, 10.898, 11.532, 12.08, 12.139, 12.443, 13.984, 14.73, 12.889, 11.832, 12.932, 13.076, 11.635, 11.361, 12.696, 12.28, 10.435, 10.083, 11.446, 11.194, 10.015, 9.007, 9.088, 8.733, 7.93, 7.488, 6.726, 5.624, 5.6, 6.146, 7.058, 7.36, 4.769, 3.259, 5.414, 9.315, 11.713, 13.872, 14.573, 15.454, 17.781, 19.452, 18.785, 16.817, 15.441, 15.182, 14.418, 13.235, 16.514, 22.975, 26.75, 28.149, 28.298, 29.54, 30.255, 28.466, 26.014, 24.517, 24.522, 25.11, 25.138, 24.357, 24.181, 25.135, 24.993, 23.469, 21.528, 18.668, 15.649, 14.303, 15.17, 14.633, 12.376, 13.012, 15.155, 15.028, 16.144, 19.22, 18.134, 15.697, 15.239, 15.53, 15.991, 15.465, 12.922, 10.828, 12.127, 16.526, 18.887, 18.824, 18.25, 17.604, 18.043, 18.643, 19.422, 20.321, 22.218, 22.916, 21.591, 21.379, 20.456, 16.647, 15.21, 15.456, 14.296, 13.379, 12.536, 11.204, 8.962, 7.863, 8.706, 8.068, 4.183, 3.333, 3.058, 3.687, 4.47, 5.042, 6.424, 7.659, 7.468, 6.828, 6.05, 6.042, 6.572, 6.525, 5.877, 6.618, 7.353, 6.335, 5.757, 5.453, 3.68, 3.363, 3.607, 4.76, 5.217, 5.024, 4.254, 3.477, 3.485, 3.672], [7.773, 7.403, 8.136, 8.373, 8.634, 10.774, 12.193, 13.161, 13.11, 12.499, 11.229, 10.975, 12.694, 14.112, 11.803, 10.357, 11.86, 14.919, 13.656, 10.245, 6.288, 2.844, 0.0, 1.566, 2.665, 4.041, 5.143, 5.681, 5.119, 4.449, 4.935, 5.655, 5.7, 4.79, 1.646, 2.513, 3.269, 3.967, 4.561, 6.409, 9.677, 10.484, 9.353, 7.669, 6.353, 5.585, 5.356, 5.601, 7.313, 8.152, 7.719, 8.016, 9.342, 6.634, 2.784, 4.999, 5.989, 6.198, 7.063, 6.436, 5.858, 7.24, 9.466, 10.009, 9.435, 8.574, 9.107, 9.659, 9.672, 9.976, 11.481, 12.203, 10.385, 9.365, 10.43, 10.565, 9.108, 8.83, 10.175, 9.749, 7.907, 7.556, 8.925, 8.673, 7.493, 6.653, 6.599, 6.255, 5.532, 5.346, 4.451, 3.387, 3.762, 3.743, 4.613, 4.97, 3.037, 2.35, 3.165, 7.088, 9.493, 11.374, 12.073, 12.959, 15.309, 17.002, 16.359, 14.403, 13.026, 12.76, 12.145, 11.15, 14.193, 20.556, 24.347, 25.736, 25.892, 27.121, 27.871, 26.07, 23.611, 22.127, 22.099, 22.7, 22.743, 21.942, 21.769, 22.707, 22.568, 21.055, 19.128, 16.26, 13.228, 11.878, 12.698, 12.153, 9.96, 10.562, 12.694, 12.568, 13.689, 16.802, 15.819, 13.263, 12.743, 13.014, 13.538, 12.975, 10.474, 8.402, 9.789, 14.062, 16.399, 16.31, 15.725, 15.115, 15.545, 16.174, 17.013, 17.929, 19.738, 20.418, 19.099, 18.874, 17.943, 14.118, 12.688, 12.927, 11.778, 10.848, 10.016, 8.692, 6.458, 5.367, 6.214, 5.752, 3.925, 3.745, 4.074, 3.954, 2.703, 2.978, 4.021, 5.192, 5.007, 4.371, 3.588, 3.559, 4.131, 4.033, 3.47, 4.102, 4.892, 3.898, 3.538, 3.595, 2.736, 2.557, 2.211, 2.428, 3.057, 2.868, 2.44, 2.527, 2.961, 2.796], [8.528, 8.156, 8.912, 9.122, 9.398, 11.505, 12.964, 13.964, 13.92, 13.19, 12.013, 11.806, 13.534, 14.951, 12.565, 11.078, 12.658, 15.756, 14.494, 11.082, 7.072, 4.013, 1.566, 0.0, 2.032, 3.54, 4.453, 5.07, 4.536, 3.855, 4.399, 5.013, 5.083, 4.198, 1.748, 3.335, 3.944, 4.66, 5.342, 7.117, 10.474, 11.252, 9.968, 8.241, 7.081, 6.25, 6.107, 6.267, 7.941, 8.713, 8.261, 8.865, 9.993, 7.335, 3.647, 4.356, 5.25, 5.491, 6.404, 5.898, 5.262, 6.474, 8.672, 9.217, 8.714, 8.004, 8.31, 8.897, 8.993, 9.298, 10.681, 11.385, 9.559, 8.573, 9.604, 9.736, 8.28, 7.996, 9.369, 8.946, 7.1, 6.746, 8.13, 7.878, 6.674, 6.022, 5.868, 5.488, 4.857, 4.815, 3.851, 2.922, 3.637, 3.252, 3.957, 4.408, 3.45, 3.108, 2.757, 6.651, 8.88, 10.594, 11.26, 12.14, 14.49, 16.206, 15.611, 13.646, 12.268, 12.081, 11.457, 10.59, 13.552, 19.822, 23.635, 24.991, 25.152, 26.337, 27.12, 25.292, 22.844, 21.385, 21.355, 21.96, 21.993, 21.216, 21.038, 21.926, 21.852, 20.31, 18.432, 15.565, 12.461, 11.107, 11.931, 11.375, 9.19, 9.78, 11.886, 11.801, 12.978, 16.095, 15.113, 12.712, 11.987, 12.247, 12.779, 12.344, 10.006, 7.929, 9.331, 13.409, 15.626, 15.544, 14.909, 14.35, 14.813, 15.433, 16.34, 17.194, 18.967, 19.618, 18.274, 18.077, 17.115, 13.293, 11.856, 12.101, 10.956, 10.016, 9.234, 7.907, 5.654, 4.561, 5.59, 5.491, 4.812, 4.274, 4.658, 4.684, 3.332, 2.826, 3.378, 4.494, 4.359, 3.789, 2.976, 3.32, 3.759, 3.625, 2.992, 3.452, 4.143, 3.791, 3.585, 4.211, 3.254, 3.258, 2.839, 2.469, 3.397, 3.083, 2.526, 2.678, 3.499, 3.292], [10.065, 9.698, 10.482, 10.707, 11.004, 13.119, 14.515, 15.554, 15.497, 14.822, 13.598, 13.383, 15.099, 16.517, 14.154, 12.755, 14.239, 17.315, 16.054, 12.641, 8.675, 5.18, 2.665, 2.032, 0.0, 1.804, 2.887, 3.503, 3.018, 2.45, 3.246, 3.946, 3.759, 2.893, 2.646, 4.915, 5.538, 6.252, 6.921, 8.702, 12.08, 12.819, 11.678, 9.931, 8.615, 7.856, 7.639, 7.855, 9.695, 10.414, 10.043, 10.303, 11.592, 8.883, 4.778, 3.235, 3.851, 3.877, 4.798, 4.242, 3.576, 4.827, 7.111, 7.603, 7.021, 6.377, 6.791, 7.359, 7.45, 7.765, 9.097, 9.83, 8.068, 7.062, 8.049, 8.154, 6.7, 6.431, 7.784, 7.366, 5.824, 5.179, 6.553, 6.302, 5.078, 4.326, 4.294, 3.977, 3.909, 3.722, 3.04, 2.413, 3.196, 3.354, 3.034, 3.426, 3.815, 4.286, 2.028, 4.819, 7.143, 8.972, 9.667, 10.554, 12.901, 14.602, 13.975, 12.002, 10.635, 10.473, 9.783, 8.852, 11.831, 18.242, 22.054, 23.384, 23.53, 24.734, 25.49, 23.659, 21.229, 19.734, 19.727, 20.349, 20.369, 19.579, 19.389, 20.31, 20.209, 18.719, 16.818, 13.926, 10.843, 9.492, 10.322, 9.783, 7.527, 8.213, 10.275, 10.18, 11.401, 14.521, 13.429, 10.956, 10.359, 10.643, 11.147, 10.637, 8.173, 6.183, 7.529, 11.804, 14.008, 13.921, 13.322, 12.708, 13.167, 13.801, 14.636, 15.514, 17.356, 18.017, 16.697, 16.484, 15.542, 11.716, 10.277, 10.523, 9.366, 8.458, 7.652, 6.314, 4.154, 3.157, 4.016, 4.554, 5.829, 5.992, 6.297, 6.155, 4.309, 3.331, 2.833, 3.56, 3.783, 3.276, 3.115, 3.849, 3.726, 3.669, 3.591, 3.335, 3.727, 4.235, 4.18, 5.2, 4.756, 4.663, 4.025, 3.49, 4.269, 4.006, 3.364, 4.216, 5.101, 4.918], [11.549, 11.155, 12.042, 12.349, 12.532, 14.739, 16.144, 17.127, 17.04, 16.373, 15.21, 14.931, 16.652, 18.066, 15.793, 14.174, 15.777, 18.853, 17.591, 14.184, 10.241, 6.542, 4.041, 3.54, 1.804, 0.0, 1.504, 1.982, 1.809, 1.385, 2.15, 2.88, 2.548, 1.89, 3.504, 6.375, 7.04, 7.898, 8.496, 10.344, 13.542, 14.327, 13.171, 11.395, 9.939, 9.006, 8.746, 9.199, 10.895, 11.674, 11.424, 11.785, 12.737, 10.044, 5.479, 3.12, 3.196, 2.961, 3.453, 3.043, 2.763, 3.384, 5.514, 6.109, 5.597, 4.83, 5.315, 5.822, 5.843, 6.22, 7.601, 8.327, 6.686, 5.72, 6.564, 6.677, 5.235, 4.911, 6.251, 5.917, 5.395, 4.321, 5.202, 5.008, 3.969, 3.813, 3.578, 3.433, 3.76, 3.879, 3.412, 3.042, 3.729, 3.891, 2.956, 2.82, 4.583, 5.064, 2.57, 3.377, 5.633, 7.424, 8.123, 9.004, 11.369, 13.067, 12.418, 10.48