[[0.0, 2.676, 3.095, 5.941, 7.051, 5.416, 6.214, 7.243, 6.991, 7.254, 6.988, 4.825, 4.448, 3.949, 3.843, 3.727, 3.059, 4.913, 4.093, 3.344, 3.765, 4.665, 4.598, 5.038, 6.036, 5.878, 5.203, 4.537, 3.579, 3.537, 4.545, 5.492, 4.354, 5.553, 3.57, 3.656, 5.212, 4.088, 4.339, 4.322, 4.114, 4.872, 5.273, 7.341, 7.016, 5.776, 8.331, 7.1, 5.737, 6.542, 5.269, 4.474, 6.205, 8.977, 10.193, 8.346, 7.352, 8.475, 8.773, 9.345, 10.605, 10.806, 9.995, 6.464, 8.644, 9.726, 8.727, 8.636, 7.667, 10.634, 13.004, 12.716, 14.062, 14.856, 13.05, 12.95, 10.289, 7.313, 7.314, 4.737, 4.79, 6.636, 6.547, 10.036, 12.447, 10.965, 9.075, 10.408, 12.506, 11.717, 12.773, 13.443, 12.372, 10.54, 10.139, 7.515, 5.447, 6.085, 5.874], [2.676, 0.0, 2.359, 6.865, 8.321, 6.055, 6.854, 7.968, 7.622, 8.325, 8.24, 5.178, 3.11, 2.695, 3.009, 3.089, 2.59, 4.152, 3.514, 3.02, 2.97, 2.993, 3.075, 3.861, 5.229, 5.31, 4.407, 3.6, 2.397, 2.555, 3.559, 4.726, 3.762, 4.893, 2.557, 2.816, 4.607, 2.82, 2.622, 2.73, 2.99, 3.997, 4.615, 6.314, 5.892, 4.927, 7.398, 6.328, 4.839, 5.561, 4.359, 3.447, 5.112, 7.656, 8.861, 7.083, 6.049, 7.284, 7.61, 8.175, 9.54, 9.702, 8.833, 5.436, 7.651, 8.886, 7.679, 7.728, 6.428, 9.416, 11.862, 11.411, 12.691, 13.652, 11.699, 11.611, 9.039, 7.143, 6.997, 4.494, 4.238, 5.675, 5.414, 8.987, 11.457, 10.06, 8.178, 9.522, 11.604, 10.742, 11.838, 12.512, 11.489, 9.585, 9.244, 6.696, 4.765, 5.378, 5.029], [3.095, 2.359, 0.0, 4.872, 6.163, 3.853, 4.659, 5.748, 5.458, 6.099, 6.045, 3.025, 2.882, 2.793, 3.864, 4.016, 2.98, 5.053, 4.26, 3.507, 3.469, 3.434, 3.14, 4.089, 6.055, 6.278, 5.58, 4.425, 2.271, 2.516, 4.644, 6.17, 4.928, 5.79, 3.428, 3.964, 5.688, 3.257, 2.65, 2.239, 3.96, 5.486, 6.123, 8.184, 7.871, 6.684, 9.23, 7.743, 6.268, 7.231, 6.101, 5.237, 6.901, 9.748, 11.011, 9.05, 7.978, 9.166, 9.372, 10.024, 11.197, 11.499, 10.755, 7.302, 9.446, 10.685, 9.429, 9.504, 8.453, 11.486, 13.863, 13.561, 14.907, 15.71, 13.876, 13.8, 11.141, 8.829, 8.834, 6.142, 5.812, 7.527, 7.411, 10.976, 13.387, 11.99, 10.084, 11.431, 13.517, 12.692, 13.792, 14.453, 13.365, 11.441, 11.083, 8.348, 6.192, 6.794, 6.734], [5.941, 6.865, 4.872, 0.0, 1.762, 1.957, 2.09, 2.609, 2.474, 2.428, 2.354, 3.546, 7.187, 6.857, 8.185, 8.285, 7.099, 9.377, 8.484, 7.698, 7.577, 7.857, 6.934, 7.75, 10.431, 10.662, 10.232, 8.949, 6.23, 6.333, 9.117, 10.767, 9.502, 10.074, 7.927, 8.514, 10.31, 7.665, 6.732, 6.198, 8.53, 10.112, 10.774, 12.848, 12.535, 11.359, 13.929, 12.455, 10.915, 11.868, 10.826, 9.795, 11.492, 14.253, 15.52, 13.595, 12.41, 13.728, 13.969, 14.665, 15.725, 16.105, 15.319, 11.983, 14.064, 15.348, 14.105, 14.191, 13.089, 16.051, 18.486, 18.023, 19.391, 20.335, 18.402, 18.302, 15.691, 12.706, 12.629, 10.012, 10.326, 12.162, 12.019, 15.627, 18.077, 16.681, 14.775, 16.122, 18.208, 17.369, 18.46, 19.138, 18.048, 16.099, 15.774, 12.974, 10.785, 11.375, 11.414], [7.051, 8.321, 6.163, 1.762, 0.0, 2.644, 2.797, 2.628, 2.428, 2.404, 2.136, 4.347, 7.975, 7.644, 9.04, 9.23, 8.041, 10.165, 9.272, 8.65, 8.365, 8.644, 7.721, 8.664, 11.218, 11.45, 11.098, 9.984, 7.199, 7.519, 10.246, 11.754, 10.29, 10.89, 8.761, 9.535, 11.146, 8.648, 7.664, 7.163, 9.344, 11.039, 11.694, 13.897, 13.631, 12.442, 14.887, 13.392, 11.952, 13.124, 12.103, 11.272, 13.044, 15.771, 17.042, 15.122, 13.931, 14.934, 15.259, 15.846, 16.957, 17.27, 16.554, 13.196, 15.237, 16.236, 15.507, 15.111, 14.397, 17.355, 19.782, 19.529, 20.882, 21.622, 19.91, 19.726, 17.047, 14.248, 14.087, 11.402, 11.741, 13.385, 13.282, 16.722, 18.996, 17.484, 15.639, 16.922, 19.017, 18.265, 19.352, 19.978, 18.882, 17.079, 16.647, 13.784, 11.667, 12.203, 12.505], [5.416, 6.055, 3.853, 1.957, 2.644, 0.0, 1.256, 2.157, 1.88, 2.652, 3.29, 2.241, 5.875, 5.544, 6.872, 7.014, 5.904, 8.065, 7.172, 6.406, 6.265, 6.544, 5.621, 6.456, 9.118, 9.35, 8.941, 7.706, 4.969, 5.136, 7.956, 9.46, 8.19, 8.762, 6.621, 7.21, 8.998, 6.367, 5.427, 4.924, 7.225, 8.85, 9.481, 11.611, 11.343, 10.134, 12.667, 11.193, 9.698, 10.749, 9.728, 9.039, 10.66, 13.364, 14.638, 12.719, 11.53, 12.613, 12.895, 13.503, 14.624, 14.95, 14.222, 10.828, 12.888, 14.067, 13.119, 12.924, 12.007, 14.998, 17.39, 17.127, 18.479, 19.236, 17.504, 17.324, 14.655, 12.366, 12.435, 9.819, 9.469, 11.019, 10.894, 14.384, 16.828, 15.376, 13.47, 14.817, 16.903, 16.098, 17.168, 17.838, 16.751, 14.862, 14.476, 11.669, 9.484, 10.062, 10.179], [6.214, 6.854, 4.659, 2.09, 2.797, 1.256, 0.0, 1.653, 1.486, 2.301, 2.731, 2.442, 6.04, 5.732, 7.298, 7.323, 6.63, 8.512, 7.414, 6.712, 6.434, 6.709, 5.796, 6.636, 9.284, 9.515, 9.084, 7.856, 5.176, 5.638, 8.086, 9.691, 8.355, 8.927, 7.037, 7.71, 9.214, 6.722, 5.856, 5.082, 7.451, 9.016, 9.755, 11.754, 11.503, 10.41, 12.799, 11.327, 9.929, 11.125, 10.484, 9.848, 11.298, 13.847, 15.075, 13.293, 11.941, 12.915, 13.201, 13.71, 14.819, 15.129, 14.412, 11.416, 13.373, 14.576, 13.673, 13.118, 12.542, 15.265, 17.794, 17.524, 18.806, 19.518, 17.877, 17.648, 15.117, 13.179, 13.251, 10.635, 10.287, 11.436, 11.242, 14.682, 16.958, 15.536, 13.63, 14.977, 17.063, 16.269, 17.348, 18.015, 16.94, 15.019, 14.634, 11.829, 9.675, 10.271, 10.498], [7.243, 7.968, 5.748, 2.609, 2.628, 2.157, 1.653, 0.0, 0.907, 1.062, 1.706, 3.567, 7.208, 6.878, 8.294, 8.447, 7.551, 9.487, 8.51, 7.87, 7.599, 7.878, 6.954, 7.873, 10.452, 10.684, 10.286, 9.2, 6.409, 6.762, 9.455, 10.971, 9.524, 10.096, 8.076, 8.818, 10.408, 7.875, 6.916, 6.366, 8.604, 10.249, 10.929, 13.107, 12.841, 11.663, 14.096, 12.597, 11.163, 12.353, 11.587, 10.934, 12.489, 15.061, 16.326, 14.449, 13.189, 14.168, 14.476, 15.063, 16.176, 16.487, 15.772, 12.545, 14.531, 15.585, 14.854, 14.328, 13.722, 16.587, 19.035, 18.79, 20.115, 20.845, 19.157, 18.954, 16.334, 14.349, 14.418, 11.785, 11.394, 12.642, 12.521, 15.953, 18.185, 16.712, 14.861, 16.152, 18.253, 17.458, 18.572, 19.196, 18.125, 16.285, 15.843, 13.03, 10.883, 11.424, 11.727], [6.991, 7.622, 5.458, 2.474, 2.428, 1.88, 1.486, 0.907, 0.0, 1.636, 2.294, 3.213, 6.842, 6.511, 7.948, 8.094, 7.251, 9.184, 8.159, 7.546, 7.232, 7.511, 6.587, 7.526, 10.085, 10.317, 9.959, 8.838, 6.08, 6.375, 9.108, 10.614, 9.157, 9.751, 7.675, 8.488, 10.004, 7.57, 6.58, 6.032, 8.212, 9.905, 10.51, 12.758, 12.496, 11.313, 13.749, 12.261, 10.853, 11.954, 11.182, 10.624, 12.094, 14.66, 15.897, 14.056, 12.759, 13.87, 14.092, 14.672, 15.803, 16.126, 15.399, 12.143, 14.177, 15.215, 14.427, 13.964, 13.341, 16.176, 18.627, 18.348, 19.662, 20.419, 18.707, 18.505, 15.939, 14.079, 14.144, 11.509, 11.117, 12.279, 12.067, 15.547, 17.858, 16.35, 14.507, 15.789, 17.878, 17.141, 18.219, 18.836, 17.747, 15.952, 15.509, 12.656, 10.522, 11.053, 11.322], [7.254, 8.325, 6.099, 2.428, 2.404, 2.652, 2.301, 1.062, 1.636, 0.0, 1.303, 4.255, 7.895, 7.564, 8.973, 9.086, 8.007, 10.085, 9.192, 8.474, 8.285, 8.564, 7.641, 8.489, 11.139, 11.37, 10.939, 9.826, 7.043, 7.419, 10.064, 11.6, 10.21, 10.782, 8.754, 9.432, 11.072, 8.541, 7.568, 7.005, 9.267, 10.87, 11.617, 13.721, 13.455, 12.294, 14.706, 13.224, 11.78, 13.004, 12.059, 11.221, 12.978, 15.663, 16.938, 15.016, 13.825, 14.776, 15.112, 15.695, 16.796, 17.095, 16.392, 13.089, 15.128, 16.189, 15.415, 14.966, 14.298, 17.235, 19.663, 19.419, 20.763, 21.492, 19.79, 19.606, 16.933, 14.39, 14.438, 11.827, 11.689, 13.238, 13.165, 16.613, 18.832, 17.392, 15.521, 16.833, 18.919, 18.102, 19.238, 19.88, 18.791, 16.914, 16.503, 13.696, 11.548, 12.122, 12.38], [6.988, 8.24, 6.045, 2.354, 2.136, 3.29, 2.731, 1.706, 2.294, 1.303, 0.0, 4.061, 7.599, 7.268, 8.905, 9.005, 7.975, 9.829, 9.019, 8.475, 8.057, 8.268, 7.421, 8.434, 10.852, 11.096, 10.705, 9.718, 7.051, 7.449, 9.926, 11.485, 9.914, 10.512, 8.626, 9.367, 10.926, 8.441, 7.478, 6.859, 9.114, 10.744, 11.492, 13.599, 13.335, 12.228, 14.569, 13.095, 11.684, 12.952, 11.984, 11.154, 12.94, 15.632, 16.903, 14.972, 13.783, 14.7, 15.04, 15.622, 16.699, 17.0, 16.291, 13.063, 15.098, 16.066, 15.385, 14.881, 14.268, 17.183, 19.617, 19.383, 20.713, 21.43, 19.75, 19.553, 16.891, 14.212, 14.194, 11.55, 11.633, 13.167, 13.119, 16.552, 18.608, 17.13, 15.288, 16.546, 18.67, 17.919, 19.049, 19.655, 18.577, 16.749, 16.291, 13.449, 11.418, 11.963, 12.315], [4.825, 5.178, 3.025, 3.546, 4.347, 2.241, 2.442, 3.567, 3.213, 4.255, 4.061, 0.0, 3.642, 3.442, 5.383, 5.311, 4.789, 6.453, 5.318, 4.832, 4.056, 4.311, 3.665, 4.649, 6.917, 7.135, 6.752, 5.839, 3.385, 3.98, 6.137, 7.839, 6.081, 6.554, 5.109, 5.961, 7.228, 4.941, 4.021, 3.126, 5.386, 7.026, 7.776, 9.703, 9.526, 8.642, 10.663, 9.244, 8.143, 9.404, 8.7, 8.168, 9.592, 12.149, 13.378, 11.589, 10.238, 11.202, 11.465, 11.819, 12.922, 13.163, 12.425, 9.656, 11.636, 12.658, 11.954, 11.215, 10.83, 13.501, 16.082, 15.796, 17.066, 17.675, 16.178, 15.909, 13.418, 11.691, 11.744, 9.1, 8.683, 9.704, 9.522, 12.853, 14.652, 13.181, 11.314, 12.667, 14.697, 14.199, 15.258, 15.729, 14.645, 12.989, 12.316, 9.476, 7.738, 8.296, 8.703], [4.448, 3.11, 2.882, 7.187, 7.975, 5.875, 6.04, 7.208, 6.842, 7.895, 7.599, 3.642, 0.0, 1.222, 3.037, 3.125, 2.874, 3.726, 2.905, 2.93, 1.502, 1.121, 1.225, 2.079, 3.762, 4.017, 3.575, 2.845, 1.587, 2.28, 3.211, 5.238, 3.106, 3.396, 2.381, 3.164, 4.148, 2.311, 1.775, 1.699, 2.505, 3.966, 4.618, 6.476, 6.469, 6.314, 7.366, 6.177, 5.203, 6.408, 5.782, 5.571, 6.679, 9.1, 10.253, 8.795, 7.524, 8.221, 8.478, 8.545, 9.7, 9.869, 9.271, 6.844, 8.699, 9.698, 9.053, 8.111, 8.079, 10.327, 13.018, 12.771, 13.935, 14.499, 13.106, 12.745, 10.483, 9.794, 9.576, 6.875, 6.636, 7.35, 6.717, 9.615, 11.058, 9.783, 7.8, 9.341, 11.246, 11.083, 12.029, 12.349, 11.342, 9.784, 8.747, 6.119, 4.616, 5.159, 5.978], [3.949, 2.695, 2.793, 6.857, 7.644, 5.544, 5.732, 6.878, 6.511, 7.564, 7.268, 3.442, 1.222, 0.0, 2.32, 2.419, 2.091, 3.274, 2.297, 2.289, 1.292, 1.519, 1.09, 1.761, 3.66, 3.945, 3.489, 2.65, 1.084, 1.619, 2.901, 4.629, 2.75, 3.367, 1.882, 2.759, 3.95, 1.923, 1.657, 1.62, 2.16, 3.753, 4.543, 6.479, 6.226, 5.65, 7.427, 6.036, 4.875, 6.12, 5.433, 5.048, 6.322, 8.855, 10.088, 8.405, 7.02, 7.907, 8.169, 8.603, 9.703, 9.945, 9.175, 6.442, 8.378, 9.375, 8.714, 7.933, 7.594, 10.243, 12.794, 12.517, 13.791, 14.435, 12.889, 12.627, 10.167, 9.12, 8.925, 6.246, 5.969, 6.703, 6.323, 9.607, 11.37, 9.918, 8.062, 9.339, 11.422, 10.918, 12.02, 12.499, 11.387, 9.726, 9.068, 6.238, 4.52, 5.014, 5.52], [3.843, 3.009, 3.864, 8.185, 9.04, 6.872, 7.298, 8.294, 7.948, 8.973, 8.905, 5.383, 3.037, 2.32, 0.0, 1.259, 1.183, 1.47, 1.15, 1.402, 2.133, 2.7, 2.849, 2.225, 2.479, 2.578, 2.128, 1.434, 2.296, 1.938, 1.469, 2.76, 1.595, 2.141, 1.026, 1.311, 2.238, 1.621, 2.3, 3.136, 1.657, 2.068, 2.695, 4.871, 4.62, 3.715, 5.864, 4.39, 2.96, 4.113, 3.392, 3.359, 4.26, 6.82, 8.076, 6.301, 4.959, 5.944, 6.241, 6.815, 7.925, 8.233, 7.521, 4.342, 6.304, 7.364, 6.663, 6.087, 5.51, 8.332, 10.792, 10.534, 11.856, 12.595, 10.894, 10.699, 8.091, 7.112, 6.817, 4.42, 3.959, 4.666, 4.311, 7.698, 9.992, 8.507, 6.637, 7.948, 10.034, 9.262, 10.351, 10.978, 9.899, 8.07, 7.64, 4.809, 2.654, 3.245, 3.524], [3.727, 3.089, 4.016, 8.285, 9.23, 7.014, 7.323, 8.447, 8.094, 9.086, 9.005, 5.311, 3.125, 2.419, 1.259, 0.0, 1.538, 1.844, 1.578, 1.351, 2.073, 2.558, 2.75, 2.072, 2.555, 2.48, 2.143, 1.457, 2.403, 2.042, 1.756, 2.897, 1.605, 2.054, 1.427, 1.291, 2.289, 1.753, 2.57, 3.208, 1.672, 2.107, 2.702, 4.729, 4.532, 3.757, 5.709, 4.228, 3.059, 4.202, 3.529, 3.374, 4.39, 6.947, 8.175, 6.35, 5.035, 6.04, 6.256, 6.67, 7.776, 8.095, 7.368, 4.439, 6.431, 7.518, 6.708, 6.077, 5.698, 8.307, 10.88, 10.595, 11.869, 12.496, 10.976, 10.709, 8.216, 7.34, 6.802, 4.642, 4.176, 4.754, 4.332, 7.716, 9.836, 8.399, 6.534, 7.858, 9.926, 9.218, 10.29, 10.877, 9.801, 7.976, 7.509, 4.706, 2.671, 3.226, 3.68], [3.059, 2.59, 2.98, 7.099, 8.041, 5.904, 6.63, 7.551, 7.251, 8.007, 7.975, 4.789, 2.874, 2.091, 1.183, 1.538, 0.0, 2.361, 1.529, 1.14, 1.815, 2.879, 2.725, 2.416, 3.369, 3.584, 3.199, 2.159, 1.847, 1.293, 2.338, 3.808, 2.438, 3.044, 1.276, 1.62, 3.238, 1.878, 2.422, 2.9, 2.148, 3.126, 3.719, 5.952, 5.686, 4.484, 6.954, 5.477, 4.013, 5.111, 4.166, 3.651, 5.131, 7.762, 9.013, 7.091, 5.91, 6.992, 7.266, 7.865, 8.999, 9.321, 8.594, 5.2, 7.262, 8.324, 7.484, 7.194, 6.41, 9.37, 11.76, 11.509, 12.856, 13.62, 11.875, 11.699, 9.043, 7.23, 7.094, 4.447, 4.108, 5.42, 5.266, 8.74, 11.093, 9.604, 7.72, 9.045, 11.131, 10.363, 11.431, 12.074, 10.993, 9.16, 8.741, 5.897, 3.741, 4.291, 4.505], [4.913, 4.152, 5.053, 9.377, 10.165, 8.065, 8.512, 9.487, 9.184, 10.085, 9.829, 6.453, 3.726, 3.274, 1.47, 1.844, 2.361, 0.0, 1.461, 2.172, 3.008, 3.04, 3.231, 2.63, 1.404, 1.427, 1.439, 1.806, 3.421, 3.2, 1.542, 2.35, 1.68, 1.296, 1.931, 1.727, 1.763, 2.266, 3.224, 4.2, 2.032, 1.462, 1.976, 3.894, 3.796, 3.643, 4.865, 3.423, 2.0, 3.257, 2.65, 3.325, 3.312, 5.926, 7.193, 5.389, 4.229, 5.013, 5.332, 5.914, 6.996, 7.302, 6.592, 3.486, 5.537, 6.345, 5.799, 5.168, 5.039, 7.472, 9.905, 9.672, 11.001, 11.72, 10.039, 9.841, 7.214, 7.21, 6.471, 4.664, 3.929, 4.52, 3.74, 6.84, 8.89, 7.362, 5.584, 6.758, 8.915, 8.214, 9.347, 9.952, 8.824, 7.041, 6.587, 3.713, 2.056, 2.283, 3.28], [4.093, 3.514, 4.26, 8.484, 9.272, 7.172, 7.414, 8.51, 8.159, 9.192, 9.019, 5.318, 2.905, 2.297, 1.15, 1.578, 1.529, 1.461, 0.0, 1.222, 1.998, 2.876, 2.798, 2.467, 2.232, 2.261, 2.143, 1.431, 2.338, 2.223, 1.416, 2.699, 1.41, 1.765, 1.459, 1.654, 2.41, 2.115, 2.782, 3.158, 2.125, 2.015, 2.66, 4.677, 4.421, 3.69, 5.665, 4.182, 2.916, 4.167, 3.617, 3.775, 4.343, 6.904, 8.145, 6.345, 5.044, 5.956, 6.217, 6.717, 7.792, 8.098, 7.379, 4.419, 6.373, 7.357, 6.681, 6.011, 5.588, 8.328, 10.86, 10.596, 11.871, 12.538, 10.947, 10.696, 8.173, 7.127, 6.946, 4.237, 3.97, 4.729, 4.365, 7.698, 9.746, 8.215, 6.405, 7.651, 9.75, 9.066, 10.163, 10.737, 9.63, 7.883, 7.406, 4.539, 2.565, 3.091, 3.553], [3.344, 3.02, 3.507, 7.698, 8.65, 6.406, 6.712, 7.87, 7.546, 8.474, 8.475, 4.832, 2.93, 2.289, 1.402, 1.351, 1.14, 2.172, 1.222, 0.0, 1.817, 3.015, 2.872, 2.626, 3.047, 3.13, 2.657, 1.733, 1.942, 1.681, 1.797, 3.205, 1.897, 2.586, 1.513, 1.638, 2.936, 2.201, 2.758, 2.96, 2.356, 2.673, 3.271, 5.272, 5.01, 3.95, 6.28, 4.81, 3.45, 4.659, 4.074, 4.1, 4.819, 7.393, 8.641, 6.794, 5.531, 6.446, 6.713, 7.281, 8.356, 8.665, 7.955, 4.867, 6.868, 7.984, 7.179, 6.599, 6.052, 8.853, 11.357, 11.093, 12.395, 13.091, 11.455, 11.224, 8.662, 7.165, 7.135, 4.409, 4.044, 5.001, 4.81, 8.23, 10.428, 8.987, 7.095, 8.428, 10.514, 9.725, 10.824, 11.476, 10.386, 8.516, 8.09, 5.305, 3.18, 3.768, 4.005], [3.765, 2.97, 3.469, 7.577, 8.365, 6.265, 6.434, 7.599, 7.232, 8.285, 8.057, 4.056, 1.502, 1.292, 2.133, 2.073, 1.815, 3.008, 1.998, 1.817, 0.0, 1.56, 1.75, 2.022, 3.262, 3.306, 3.015, 2.384, 1.521, 1.854, 2.639, 4.409, 2.399, 2.814, 1.779, 2.639, 3.67, 2.37, 2.474, 2.289, 2.357, 3.516, 4.162, 6.029, 5.998, 5.383, 6.958, 5.674, 4.717, 5.913, 5.278, 4.884, 6.154, 8.627, 9.8, 8.23, 6.822, 7.699, 7.975, 8.131, 9.253, 9.46, 8.813, 6.267, 8.216, 9.208, 8.555, 7.628, 7.422, 9.879, 12.548, 12.296, 13.477, 14.056, 12.64, 12.303, 9.985, 8.751, 8.657, 5.93, 5.624, 6.459, 6.138, 9.187, 10.736, 9.37, 7.469, 8.847, 10.827, 10.625, 11.609, 11.945, 10.904, 9.355, 8.452, 5.678, 4.102, 4.69, 5.262], [4.665, 2.993, 3.434, 7.857, 8.644, 6.544, 6.709, 7.878, 7.511, 8.564, 8.268, 4.311, 1.121, 1.519, 2.7, 2.558, 2.879, 3.04, 2.876, 3.015, 1.56, 0.0, 1.117, 1.63, 2.997, 3.152, 3.014, 2.481, 1.93, 2.57, 2.841, 4.774, 2.668, 2.783, 2.018, 2.711, 3.342, 1.957, 1.781, 2.084, 1.971, 3.334, 3.803, 5.679, 5.72, 5.961, 6.617, 5.508, 4.525, 5.617, 5.002, 4.983, 5.991, 8.335, 9.441, 8.101, 6.919, 7.436, 7.723, 7.794, 8.947, 9.131, 8.456, 6.228, 7.977, 8.941, 8.404, 7.315, 7.58, 9.587, 12.22, 11.997, 13.118, 13.695, 12.291, 11.94, 9.821, 9.537, 9.103, 6.775, 6.388, 6.921, 6.146, 8.837, 10.441, 9.048, 7.163, 8.495, 10.503, 10.267, 11.253, 11.648, 10.549, 8.994, 8.163, 5.361, 4.017, 4.421, 5.539], [4.598, 3.075, 3.14, 6.934, 7.721, 5.621, 5.796, 6.954, 6.587, 7.641, 7.421, 3.665, 1.225, 1.09, 2.849, 2.75, 2.725, 3.231, 2.798, 2.872, 1.75, 1.117, 0.0, 1.508, 3.569, 3.789, 3.562, 2.838, 1.478, 2.11, 3.095, 5.035, 2.995, 3.335, 2.262, 2.957, 3.853, 2.032, 1.643, 1.654, 2.301, 3.694, 4.403, 6.361, 6.271, 6.286, 7.332, 5.952, 4.869, 6.059, 5.421, 5.306, 6.331, 8.781, 9.979, 8.434, 7.146, 7.847, 8.127, 8.484, 9.548, 9.828, 9.076, 6.537, 8.407, 9.358, 8.727, 7.805, 7.907, 10.116, 12.7, 12.442, 13.658, 14.316, 12.799, 12.5, 10.16, 9.838, 9.431, 6.988, 6.695, 7.248, 6.469, 9.476, 11.309, 9.825, 8.005, 9.225, 11.346, 10.796, 11.896, 12.407, 11.276, 9.595, 9.009, 6.141, 4.526, 4.902, 5.858], [5.038, 3.861, 4.089, 7.75, 8.664, 6.456, 6.636, 7.873, 7.526, 8.489, 8.434, 4.649, 2.079, 1.761, 2.225, 2.072, 2.416, 2.63, 2.467, 2.626, 2.022, 1.63, 1.508, 0.0, 2.735, 3.032, 2.858, 2.034, 2.182, 2.094, 2.456, 4.312, 2.659, 2.482, 2.047, 2.307, 3.022, 1.441, 1.926, 2.481, 1.865, 2.926, 3.504, 5.328, 5.337, 5.592, 6.239, 5.121, 4.105, 5.219, 4.627, 4.564, 5.556, 7.931, 9.058, 7.693, 6.374, 6.994, 7.295, 7.429, 8.505, 8.763, 8.079, 5.78, 7.583, 8.673, 7.982, 6.966, 7.184, 9.162, 11.828, 11.604, 12.738, 13.303, 11.912, 11.547, 9.403, 9.23, 8.706, 6.472, 6.08, 6.56, 5.727, 8.44, 10.377, 8.975, 7.05, 8.449, 10.463, 9.979, 10.923, 11.444, 10.384, 8.636, 8.039, 5.295, 3.638, 4.069, 5.172], [6.036, 5.229, 6.055, 10.431, 11.218, 9.118, 9.284, 10.452, 10.085, 11.139, 10.852, 6.917, 3.762, 3.66, 2.479, 2.555, 3.369, 1.404, 2.232, 3.047, 3.262, 2.997, 3.569, 2.735, 0.0, 0.901, 1.353, 1.996, 4.217, 4.125, 1.959, 2.669, 2.118, 1.157, 2.787, 2.58, 1.357, 3.067, 4.026, 4.699, 2.617, 1.677, 1.806, 2.984, 3.402, 4.179, 4.037, 2.963, 2.091, 3.137, 2.598, 4.002, 3.482, 5.571, 6.657, 5.478, 4.554, 4.864, 5.165, 5.03, 6.116, 6.38, 5.806, 3.8, 5.679, 6.379, 6.002, 4.807, 5.635, 7.122, 9.514, 9.302, 10.337, 10.912, 9.507, 9.176, 7.326, 8.066, 7.028, 5.583, 4.78, 5.175, 4.092, 6.096, 7.817, 6.333, 4.542, 5.809, 7.829, 7.487, 8.469, 8.945, 7.827, 6.206, 5.495, 2.703, 2.215, 2.025, 3.729], [5.878, 5.31, 6.278, 10.662, 11.45, 9.35, 9.515, 10.684, 10.317, 11.37, 11.096, 7.135, 4.017, 3.945, 2.578, 2.48, 3.584, 1.427, 2.261, 3.13, 3.306, 3.152, 3.789, 3.032, 0.901, 0.0, 1.529, 2.193, 4.439, 4.355, 2.002, 2.315, 1.852, 1.15, 2.94, 2.661, 1.525, 3.319, 4.32, 4.996, 2.848, 1.851, 1.618, 2.891, 3.25, 3.784, 3.966, 2.813, 2.02, 2.97, 2.587, 4.011, 3.397, 5.445, 6.607, 5.357, 4.328, 4.699, 5.032, 4.975, 6.089, 6.336, 5.711, 3.637, 5.507, 6.25, 5.842, 4.669, 5.326, 7.031, 9.41, 9.152, 10.283, 10.872, 9.442, 9.121, 7.175, 7.628, 6.836, 5.194, 4.386, 4.771, 3.758, 6.054, 7.679, 6.278, 4.474, 5.701, 7.768, 7.425, 8.437, 8.9, 7.784, 6.178, 5.419, 2.603, 1.943, 1.944, 3.3], [5.203, 4.407, 5.58, 10.232, 11.098, 8.941, 9.084, 10.286, 9.959, 10.939, 10.705, 6.752, 3.575, 3.489, 2.128, 2.143, 3.199, 1.439, 2.143, 2.657, 3.015, 3.014, 3.562, 2.858, 1.353, 1.529, 0.0, 1.705, 4.01, 3.921, 1.663, 2.395, 1.754, 1.24, 2.505, 2.068, 1.387, 2.699, 3.769, 4.324, 2.234, 1.245, 1.842, 3.233, 3.287, 3.731, 4.122, 2.881, 1.93, 3.049, 2.485, 3.19, 3.267, 5.711, 6.91, 5.298, 4.231, 4.86, 5.117, 5.312, 6.529, 6.666, 5.935, 3.38, 5.437, 6.341, 5.646, 4.736, 5.148, 7.013, 9.632, 9.358, 10.586, 11.179, 9.723, 9.428, 7.031, 7.528, 6.488, 4.985, 4.255, 4.745, 3.686, 6.343, 7.905, 6.636, 4.663, 6.161, 8.097, 7.728, 8.802, 9.165, 8.153, 6.489, 5.621, 2.982, 2.174, 2.224, 3.257], [4.537, 3.6, 4.425, 8.949, 9.984, 7.706, 7.856, 9.2, 8.838, 9.826, 9.718, 5.839, 2.845, 2.65, 1.434, 1.457, 2.159, 1.806, 1.431, 1.733, 2.384, 2.481, 2.838, 2.034, 1.996, 2.193, 1.705, 0.0, 2.877, 2.726, 1.045, 2.725, 1.323, 1.53, 1.669, 1.425, 2.095, 1.918, 2.68, 3.249, 1.839, 1.701, 2.233, 4.053, 3.892, 3.688, 5.021, 3.668, 2.652, 3.775, 3.387, 3.671, 4.031, 6.46, 7.627, 6.128, 4.848, 5.591, 5.838, 6.025, 7.176, 7.422, 6.65, 4.231, 6.119, 7.334, 6.405, 5.633, 5.358, 7.72, 10.387, 10.114, 11.303, 11.885, 10.462, 10.131, 7.839, 7.215, 6.844, 4.566, 4.074, 4.648, 4.083, 7.158, 9.179, 7.814, 5.881, 7.289, 9.307, 8.778, 9.717, 10.273, 9.232, 7.422, 6.894, 4.156, 2.223, 2.839, 3.421], [3.579, 2.397, 2.271, 6.23, 7.199, 4.969, 5.176, 6.409, 6.08, 7.043, 7.051, 3.385, 1.587, 1.084, 2.296, 2.403, 1.847, 3.421, 2.338, 1.942, 1.521, 1.93, 1.478, 2.182, 4.217, 4.439, 4.01, 2.877, 0.0, 1.142, 3.058, 4.679, 3.279, 3.857, 1.999, 2.711, 4.184, 1.992, 1.781, 1.536, 2.44, 3.942, 4.726, 6.713, 6.44, 5.512, 7.72, 6.225, 4.893, 6.125, 5.466, 4.939, 6.282, 8.849, 10.089, 8.294, 6.961, 7.9, 8.151, 8.696, 9.782, 10.085, 9.376, 6.38, 8.353, 9.517, 8.649, 8.062, 7.517, 10.277, 12.802, 12.539, 13.819, 14.508, 12.89, 12.643, 10.121, 8.881, 8.755, 6.058, 5.748, 6.557, 6.273, 9.703, 11.86, 10.456, 8.574, 9.897, 11.993, 11.196, 12.279, 12.935, 11.872, 9.937, 9.574, 6.772, 4.635, 5.21, 5.525], [3.537, 2.555, 2.516, 6.333, 7.519, 5.136, 5.638, 6.762, 6.375, 7.419, 7.449, 3.98, 2.28, 1.619, 1.938, 2.042, 1.293, 3.2, 2.223, 1.681, 1.854, 2.57, 2.11, 2.094, 4.125, 4.355, 3.921, 2.726, 1.142, 0.0, 2.914, 4.47, 3.192, 3.771, 1.749, 2.364, 4.021, 1.685, 1.857, 2.158, 2.318, 3.812, 4.479, 6.56, 6.307, 5.103, 7.621, 6.147, 4.694, 5.68, 4.952, 4.371, 5.799, 8.371, 9.619, 7.772, 6.488, 7.607, 7.792, 8.447, 9.531, 9.884, 9.156, 5.893, 7.949, 9.197, 8.164, 7.881, 7.058, 9.92, 12.395, 12.074, 13.406, 14.145, 12.438, 12.252, 9.665, 8.073, 7.933, 5.277, 4.967, 6.001, 5.87, 9.38, 11.784, 10.371, 8.465, 9.812, 11.898, 11.078, 12.156, 12.833, 11.748, 9.817, 9.474, 6.664, 4.488, 5.064, 5.12], [4.545, 3.559, 4.644, 9.117, 10.246, 7.956, 8.086, 9.455, 9.108, 10.064, 9.926, 6.137, 3.211, 2.901, 1.469, 1.756, 2.338, 1.542, 1.416, 1.797, 2.639, 2.841, 3.095, 2.456, 1.959, 2.002, 1.663, 1.045, 3.058, 2.914, 0.0, 2.423, 1.187, 1.719, 1.803, 1.647, 1.926, 2.174, 3.088, 3.623, 2.087, 1.573, 2.064, 3.849, 3.574, 3.456, 4.882, 3.544, 2.275, 3.414, 3.073, 3.469, 3.579, 6.017, 7.241, 5.685, 4.429, 5.076, 5.39, 5.798, 6.882, 7.237, 6.395, 3.961, 5.763, 6.988, 6.041, 5.372, 5.121, 7.433, 9.972, 9.677, 10.939, 11.621, 10.042, 9.775, 7.465, 6.841, 6.606, 4.285, 3.75, 4.447, 3.717, 6.958, 9.005, 7.629, 5.712, 7.077, 9.144, 8.424, 9.514, 10.138, 9.057, 7.173, 6.71, 3.945, 2.093, 2.682, 3.233], [5.492, 4.726, 6.17, 10.767, 11.754, 9.46, 9.691, 10.971, 10.614, 11.6, 11.485, 7.839, 5.238, 4.629, 2.76, 2.897, 3.808, 2.35, 2.699, 3.205, 4.409, 4.774, 5.035, 4.312, 2.669, 2.315, 2.395, 2.725, 4.679, 4.47, 2.423, 0.0, 2.274, 2.226, 3.254, 2.859, 2.636, 3.613, 4.524, 5.235, 3.367, 2.288, 2.015, 2.465, 1.996, 1.78, 3.23, 2.414, 1.63, 1.971, 2.321, 3.188, 2.338, 4.317, 5.539, 3.945, 3.006, 3.389, 3.674, 4.196, 5.314, 5.578, 4.837, 1.927, 3.843, 5.006, 4.169, 3.562, 3.51, 5.746, 8.255, 7.981, 9.262, 9.98, 8.34, 8.104, 5.604, 5.593, 4.823, 3.221, 2.372, 2.619, 1.907, 5.112, 7.381, 5.922, 4.018, 5.363, 7.449, 6.687, 7.739, 8.406, 7.32, 5.463, 5.029, 2.467, 1.307, 1.416, 1.289], [4.354, 3.762, 4.928, 9.502, 10.29, 8.19, 8.355, 9.524, 9.157, 10.21, 9.914, 6.081, 3.106, 2.75, 1.595, 1.605, 2.438, 1.68, 1.41, 1.897, 2.399, 2.668, 2.995, 2.659, 2.118, 1.852, 1.754, 1.323, 3.279, 3.192, 1.187, 2.274, 0.0, 1.562, 1.745, 1.785, 1.925, 2.455, 3.147, 3.739, 2.156, 1.724, 2.066, 3.931, 3.675, 3.473, 4.853, 3.537, 2.644, 3.569, 3.034, 3.456, 3.79, 6.238, 7.457, 5.916, 4.556, 5.307, 5.584, 5.983, 7.062, 7.352, 6.589, 3.976, 5.832, 6.83, 6.195, 5.299, 5.178, 7.598, 10.167, 9.905, 11.15, 11.799, 10.257, 9.986, 7.63, 7.02, 6.653, 4.239, 3.871, 4.445, 3.85, 6.966, 8.788, 7.3, 5.49, 6.655, 8.826, 8.281, 9.384, 9.923, 8.791, 7.09, 6.495, 3.641, 1.951, 2.657, 3.083], [5.553, 4.893, 5.79, 10.074, 10.89, 8.762, 8.927, 10.096, 9.751, 10.782, 10.512, 6.554, 3.396, 3.367, 2.141, 2.054, 3.044, 1.296, 1.765, 2.586, 2.814, 2.783, 3.335, 2.482, 1.157, 1.15, 1.24, 1.53, 3.857, 3.771, 1.719, 2.226, 1.562, 0.0, 2.531, 2.277, 1.737, 2.852, 3.73, 4.376, 2.431, 1.509, 1.666, 3.325, 3.337, 3.636, 4.222, 3.057, 2.194, 3.232, 3.013, 3.874, 3.606, 5.944, 7.083, 5.662, 4.341, 5.01, 5.287, 5.409, 6.517, 6.74, 6.105, 3.724, 5.584, 6.603, 5.94, 4.939, 5.153, 7.163, 9.851, 9.617, 10.766, 11.332, 9.935, 9.578, 7.367, 7.431, 6.616, 4.88, 4.182, 4.66, 3.676, 6.458, 8.116, 6.741, 4.828, 6.21, 8.233, 7.914, 8.862, 9.292, 8.248, 6.62, 5.832, 3.083, 1.637, 1.985, 3.198], [3.57, 2.557, 3.428, 7.927, 8.761, 6.621, 7.037, 8.076, 7.675, 8.754, 8.626, 5.109, 2.381, 1.882, 1.026, 1.427, 1.276, 1.931, 1.459, 1.513, 1.779, 2.018, 2.262, 2.047, 2.787, 2.94, 2.505, 1.669, 1.999, 1.749, 1.803, 3.254, 1.745, 2.531, 0.0, 1.278, 2.545, 1.338, 1.83, 2.605, 1.322, 2.392, 3.001, 5.23, 4.994, 4.268, 6.221, 4.741, 3.341, 4.434, 3.71, 3.594, 4.576, 7.102, 8.343, 6.668, 5.379, 6.315, 6.6, 7.147, 8.282, 8.6, 7.887, 4.704, 6.634, 7.689, 6.983, 6.435, 5.859, 8.658, 11.085, 10.829, 12.177, 12.913, 11.207, 11.02, 8.414, 7.634, 7.286, 4.859, 4.488, 5.217, 4.677, 8.039, 10.322, 8.776, 6.976, 8.208, 10.308, 9.592, 10.687, 11.301, 10.18, 8.427, 7.987, 5.113, 2.998, 3.522, 3.898], [3.656, 2.816, 3.964, 8.514, 9.535, 7.21, 7.71, 8.818, 8.488, 9.432, 9.367, 5.961, 3.164, 2.759, 1.311, 1.291, 1.62, 1.727, 1.654, 1.638, 2.639, 2.711, 2.957, 2.307, 2.58, 2.661, 2.068, 1.425, 2.711, 2.364, 1.647, 2.859, 1.785, 2.277, 1.278, 0.0, 2.048, 1.388, 2.195, 3.128, 1.489, 1.87, 2.37, 4.455, 4.142, 3.68, 5.486, 4.103, 2.676, 3.751, 2.926, 3.057, 3.891, 6.344, 7.552, 5.801, 4.771, 5.659, 5.98, 6.485, 7.709, 7.94, 7.14, 3.868, 5.853, 7.019, 6.192, 5.799, 5.143, 7.851, 10.257, 10.016, 11.352, 12.098, 10.384, 10.196, 7.533, 7.043, 6.528, 4.312, 3.894, 4.502, 3.847, 7.228, 9.618, 8.173, 6.267, 7.621, 9.728, 8.887, 9.968, 10.639, 9.59, 7.7, 7.304, 4.692, 2.607, 3.073, 3.387], [5.212, 4.607, 5.688, 10.31, 11.146, 8.998, 9.214, 10.408, 10.004, 11.072, 10.926, 7.228, 4.148, 3.95, 2.238, 2.289, 3.238, 1.763, 2.41, 2.936, 3.67, 3.342, 3.853, 3.022, 1.357, 1.525, 1.387, 2.095, 4.184, 4.021, 1.926, 2.636, 1.925, 1.737, 2.545, 2.048, 0.0, 2.756, 3.741, 4.581, 2.319, 1.463, 1.628, 3.131, 3.365, 3.979, 3.892, 2.654, 1.861, 2.677, 2.041, 3.062, 3.083, 5.026, 6.153, 4.898, 4.369, 4.493, 4.655, 4.797, 5.963, 6.197, 5.53, 3.438, 5.248, 5.853, 5.436, 4.448, 5.317, 6.745, 8.94, 8.729, 9.86, 10.545, 8.973, 8.692, 6.919, 7.727, 6.668, 5.201, 4.442, 4.988, 3.856, 5.802, 7.886, 6.385, 4.618, 5.842, 7.912, 7.237, 8.253, 8.879, 7.8, 5.993, 5.545, 2.902, 2.146, 2.088, 3.47], [4.088, 2.82, 3.257, 7.665, 8.648, 6.367, 6.722, 7.875, 7.57, 8.541, 8.441, 4.941, 2.311, 1.923, 1.621, 1.753, 1.878, 2.266, 2.115, 2.201, 2.37, 1.957, 2.032, 1.441, 3.067, 3.319, 2.699, 1.918, 1.992, 1.685, 2.174, 3.613, 2.455, 2.852, 1.338, 1.388, 2.756, 0.0, 1.309, 2.243, 1.153, 2.559, 3.204, 5.264, 5.088, 4.592, 6.325, 4.875, 3.436, 4.553, 3.854, 3.538, 4.767, 7.279, 8.493, 6.74, 5.599, 6.456, 6.766, 7.244, 8.439, 8.698, 7.929, 4.825, 6.774, 7.929, 7.062, 6.609, 6.129, 8.746, 11.207, 10.958, 12.283, 12.989, 11.326, 11.117, 8.523, 8.077, 7.573, 5.407, 4.914, 5.499, 4.796, 8.141, 10.486, 9.025, 7.119, 8.466, 10.563, 9.756, 10.81, 11.487, 10.427, 8.545, 8.159, 5.421, 3.367, 3.795, 4.26], [4.339, 2.622, 2.65, 6.732, 7.664, 5.427, 5.856, 6.916, 6.58, 7.568, 7.478, 4.021, 1.775, 1.657, 2.3, 2.57, 2.422, 3.224, 2.782, 2.758, 2.474, 1.781, 1.643, 1.926, 4.026, 4.32, 3.769, 2.68, 1.781, 1.857, 3.088, 4.524, 3.147, 3.73, 1.83, 2.195, 3.741, 1.309, 0.0, 1.426, 1.901, 3.497, 4.123, 6.285, 6.016, 5.438, 7.311, 5.902, 4.464, 5.583, 4.813, 4.518, 5.778, 8.275, 9.485, 7.852, 6.686, 7.498, 7.786, 8.284, 9.467, 9.718, 8.955, 5.843, 7.714, 8.81, 8.137, 7.582, 6.996, 9.724, 12.185, 11.919, 13.242, 13.971, 12.28, 12.085, 9.505, 8.856, 8.457, 6.135, 5.708, 6.308, 5.812, 9.089, 11.435, 9.959, 8.077, 9.403, 11.511, 10.705, 11.779, 12.428, 11.376, 9.532, 9.106, 6.386, 4.227, 4.747, 5.116], [4.322, 2.73, 2.239, 6.198, 7.163, 4.924, 5.082, 6.366, 6.032, 7.005, 6.859, 3.126, 1.699, 1.62, 3.136, 3.208, 2.9, 4.2, 3.158, 2.96, 2.289, 2.084, 1.654, 2.481, 4.699, 4.996, 4.324, 3.249, 1.536, 2.158, 3.623, 5.235, 3.739, 4.376, 2.605, 3.128, 4.581, 2.243, 1.426, 0.0, 2.557, 4.014, 4.816, 6.792, 6.581, 5.875, 7.913, 6.472, 5.357, 6.583, 5.977, 5.54, 6.835, 9.283, 10.417, 8.888, 7.616, 8.484, 8.765, 9.049, 10.144, 10.412, 9.613, 6.834, 8.77, 9.901, 9.141, 8.375, 7.963, 10.445, 12.997, 12.733, 13.977, 14.63, 13.092, 12.815, 10.382, 9.502, 9.269, 6.756, 6.323, 7.01, 6.566, 9.787, 11.92, 10.509, 8.578, 9.943, 12.035, 11.25, 12.305, 12.967, 11.933, 10.023, 9.661, 7.01, 5.016, 5.593, 5.894], [4.114, 2.99, 3.96, 8.53, 9.344, 7.225, 7.451, 8.604, 8.212, 9.267, 9.114, 5.386, 2.505, 2.16, 1.657, 1.672, 2.148, 2.032, 2.125, 2.356, 2.357, 1.971, 2.301, 1.865, 2.617, 2.848, 2.234, 1.839, 2.44, 2.318, 2.087, 3.367, 2.156, 2.431, 1.322, 1.489, 2.319, 1.153, 1.901, 2.557, 0.0, 1.873, 2.625, 4.65, 4.426, 4.22, 5.747, 4.342, 3.19, 4.379, 3.67, 3.508, 4.639, 7.001, 8.108, 6.61, 5.44, 6.275, 6.566, 6.879, 8.039, 8.239, 7.456, 4.547, 6.513, 7.461, 6.925, 6.128, 5.941, 8.179, 10.727, 10.451, 11.718, 12.372, 10.822, 10.552, 8.096, 8.04, 7.314, 5.478, 4.864, 5.295, 4.296, 7.506, 9.68, 8.217, 6.34, 7.608, 9.685, 9.022, 10.04, 10.658, 9.583, 7.843, 7.427, 4.782, 2.91, 3.327, 4.041], [4.872, 3.997, 5.486, 10.112, 11.039, 8.85, 9.016, 10.249, 9.905, 10.87, 10.744, 7.026, 3.966, 3.753, 2.068, 2.107, 3.126, 1.462, 2.015, 2.673, 3.516, 3.334, 3.694, 2.926, 1.677, 1.851, 1.245, 1.701, 3.942, 3.812, 1.573, 2.288, 1.724, 1.509, 2.392, 1.87, 1.463, 2.559, 3.497, 4.014, 1.873, 0.0, 1.22, 2.941, 2.766, 3.082, 4.14, 2.906, 1.838, 2.907, 2.47, 3.011, 3.23, 5.538, 6.663, 5.28, 4.119, 4.742, 5.067, 5.344, 6.478, 6.676, 5.866, 3.233, 5.144, 6.175, 5.54, 4.59, 4.832, 6.69, 9.123, 8.905, 10.07, 10.735, 9.226, 8.959, 6.672, 7.148, 6.242, 4.665, 3.905, 4.296, 3.114, 5.974, 8.045, 6.647, 4.772, 6.154, 8.222, 7.341, 8.445, 9.109, 8.097, 6.225, 5.899, 3.307, 1.772, 1.952, 2.961], [5.273, 4.615, 6.123, 10.774, 11.694, 9.481, 9.755, 10.929, 10.51, 11.617, 11.492, 7.776, 4.618, 4.543, 2.695, 2.702, 3.719, 1.976, 2.66, 3.271, 4.162, 3.803, 4.403, 3.504, 1.806, 1.618, 1.842, 2.233, 4.726, 4.479, 2.064, 2.015, 2.066, 1.666, 3.001, 2.37, 1.628, 3.204, 4.123, 4.816, 2.625, 1.22, 0.0, 2.281, 2.458, 2.706, 3.558, 2.671, 1.87, 2.439, 2.11, 3.431, 2.953, 4.956, 5.962, 4.88, 3.793, 4.272, 4.587, 4.586, 5.761, 6.0, 5.29, 2.914, 4.723, 5.632, 5.165, 4.081, 4.453, 6.144, 8.539, 8.344, 9.377, 9.977, 8.562, 8.232, 6.31, 6.747, 5.97, 4.3, 3.511, 3.876, 2.76, 5.18, 7.427, 5.95, 4.113, 5.485, 7.55, 6.807, 7.762, 8.442, 7.411, 5.627, 5.265, 2.645, 1.27, 1.531, 2.515], [7.341, 6.314, 8.184, 12.848, 13.897, 11.611, 11.754, 13.107, 12.758, 13.721, 13.599, 9.703, 6.476, 6.479, 4.871, 4.729, 5.952, 3.894, 4.677, 5.272, 6.029, 5.679, 6.361, 5.328, 2.984, 2.891, 3.233, 4.053, 6.713, 6.56, 3.849, 2.465, 3.931, 3.325, 5.23, 4.455, 3.131, 5.264, 6.285, 6.792, 4.65, 2.941, 2.281, 0.0, 1.395, 2.533, 2.118, 1.848, 2.393, 1.99, 2.643, 4.266, 3.192, 3.335, 4.121, 3.807, 3.791, 3.035, 3.322, 2.831, 4.027, 4.05, 3.541, 1.994, 3.645, 4.48, 4.176, 2.864, 4.24, 4.754, 6.877, 6.684, 7.589, 8.061, 6.713, 6.427, 4.953, 6.445, 5.426, 4.425, 3.719, 3.166, 2.132, 3.407, 5.263, 3.873, 2.394, 3.655, 5.463, 4.898, 5.791, 6.361, 5.356, 3.695, 3.245, 1.785, 2.41, 1.83, 2.564], [7.016, 5.892, 7.871, 12.535, 13.631, 11.343, 11.503, 12.841, 12.496, 13.455, 13.335, 9.526, 6.469, 6.226, 4.62, 4.532, 5.686, 3.796, 4.421, 5.01, 5.998, 5.72, 6.271, 5.337, 3.402, 3.25, 3.287, 3.892, 6.44, 6.307, 3.574, 1.996, 3.675, 3.337, 4.994, 4.142, 3.365, 5.088, 6.016, 6.581, 4.426, 2.766, 2.458, 1.395, 0.0, 2.067, 2.587, 2.465, 2.318, 2.247, 2.725, 3.557, 2.733, 3.201, 4.233, 3.22, 2.885, 2.56, 3.188, 3.445, 4.648, 4.73, 3.776, 1.935, 3.482, 4.498, 4.065, 2.88, 3.542, 4.495, 6.704, 6.505, 7.631, 8.298, 6.75, 6.5, 4.549, 5.528, 4.593, 4.019, 2.926, 2.625, 1.776, 3.731, 5.662, 4.339, 2.789, 3.888, 5.883, 5.095, 6.148, 6.748, 5.727, 4.233, 3.96, 2.089, 2.268, 1.977, 2.177], [5.776, 4.927, 6.684, 11.359, 12.442, 10.134, 10.41, 11.663, 11.313, 12.294, 12.228, 8.642, 6.314, 5.65, 3.715, 3.757, 4.484, 3.643, 3.69, 3.95, 5.383, 5.961, 6.286, 5.592, 4.179, 3.784, 3.731, 3.688, 5.512, 5.103, 3.456, 1.78, 3.473, 3.636, 4.268, 3.68, 3.979, 4.592, 5.438, 5.875, 4.22, 3.082, 2.706, 2.533, 2.067, 0.0, 3.074, 2.919, 2.856, 2.634, 3.301, 3.758, 3.372, 4.04, 5.084, 3.751, 3.165, 3.357, 3.615, 4.014, 5.281, 5.412, 4.597, 1.882, 3.58, 4.662, 4.013, 3.412, 3.07, 5.177, 7.579, 7.342, 8.534, 9.214, 7.678, 7.439, 4.954, 4.457, 4.042, 2.354, 1.867, 1.566, 1.223, 4.545, 6.859, 5.504, 3.657, 4.954, 7.068, 6.16, 7.215, 7.94, 6.891, 4.974, 4.782, 2.754, 2.154, 2.36, 1.189], [8.331, 7.398, 9.23, 13.929, 14.887, 12.667, 12.799, 14.096, 13.749, 14.706, 14.569, 10.663, 7.366, 7.427, 5.864, 5.709, 6.954, 4.865, 5.665, 6.28, 6.958, 6.617, 7.332, 6.239, 4.037, 3.966, 4.122, 5.021, 7.72, 7.621, 4.882, 3.23, 4.853, 4.222, 6.221, 5.486, 3.892, 6.325, 7.311, 7.913, 5.747, 4.14, 3.558, 2.118, 2.587, 3.074, 0.0, 1.934, 3.251, 2.223, 3.786, 5.003, 3.589, 3.023, 3.348, 3.408, 4.122, 2.832, 1.835, 1.696, 2.668, 2.748, 2.148, 2.211, 2.211, 2.872, 2.401, 1.906, 3.88, 4.188, 5.799, 5.666, 6.808, 7.189, 5.819, 5.433, 4.527, 6.257, 5.213, 4.565, 4.179, 2.847, 2.633, 2.766, 4.165, 2.947, 1.815, 2.359, 4.352, 3.944, 4.794, 5.285, 4.282, 2.543, 2.083, 1.983, 3.281, 2.738, 2.688], [7.1, 6.328, 7.743, 12.455, 13.392, 11.193, 11.327, 12.597, 12.261, 13.224, 13.095, 9.244, 6.177, 6.036, 4.39, 4.228, 5.477, 3.423, 4.182, 4.81, 5.674, 5.508, 5.952, 5.121, 2.963, 2.813, 2.881, 3.668, 6.225, 6.147, 3.544, 2.414, 3.537, 3.057, 4.741, 4.103, 2.654, 4.875, 5.902, 6.472, 4.342, 2.906, 2.671, 1.848, 2.465, 2.919, 1.934, 0.0, 1.876, 1.414, 3.012, 4.55, 2.996, 3.417, 4.249, 3.469, 4.15, 3.31, 2.686, 2.783, 3.976, 4.096, 3.326, 1.845, 3.45, 3.954, 3.374, 2.993, 4.587, 5.314, 6.978, 6.753, 7.881, 8.478, 7.0, 6.693, 5.404, 6.892, 6.004, 4.678, 4.09, 3.571, 2.643, 4.272, 5.733, 4.337, 3.01, 3.852, 5.914, 5.246, 6.222, 6.835, 5.789, 3.929, 3.503, 2.439, 2.389, 1.897, 2.704], [5.737, 4.839, 6.268, 10.915, 11.952, 9.698, 9.929, 11.163, 10.853, 11.78, 11.684, 8.143, 5.203, 4.875, 2.96, 3.059, 4.013, 2.0, 2.916, 3.45, 4.717, 4.525, 4.869, 4.105, 2.091, 2.02, 1.93, 2.652, 4.893, 4.694, 2.275, 1.63, 2.644, 2.194, 3.341, 2.676, 1.861, 3.436, 4.464, 5.357, 3.19, 1.838, 1.87, 2.393, 2.318, 2.856, 3.251, 1.876, 0.0, 1.61, 2.129, 3.363, 2.198, 4.079, 5.331, 3.934, 3.462, 3.328, 3.613, 3.986, 5.378, 5.617, 4.822, 2.067, 4.02, 5.025, 4.225, 3.657, 4.306, 5.804, 8.172, 7.888, 9.122, 9.916, 8.141, 7.993, 5.691, 6.513, 5.773, 4.398, 3.521, 3.735, 2.628, 5.208, 7.381, 5.966, 4.122, 5.432, 7.536, 6.681, 7.837, 8.479, 7.4, 5.468, 5.121, 2.695, 1.827, 1.401, 2.511], [6.542, 5.561, 7.231, 11.868, 13.124, 10.749, 11.125, 12.353, 11.954, 13.004, 12.952, 9.404, 6.408, 6.12, 4.113, 4.202, 5.111, 3.257, 4.167, 4.659, 5.913, 5.617, 6.059, 5.219, 3.137, 2.97, 3.049, 3.775, 6.125, 5.68, 3.414, 1.971, 3.569, 3.232, 4.434, 3.751, 2.677, 4.553, 5.583, 6.583, 4.379, 2.907, 2.439, 1.99, 2.247, 2.634, 2.223, 1.414, 1.61, 0.0, 2.268, 3.805, 2.409, 2.837, 3.985, 3.144, 3.495, 2.783, 2.437, 2.998, 4.221, 4.455, 3.641, 1.296, 2.997, 3.944, 3.022, 2.975, 4.104, 5.136, 6.851, 6.591, 7.822, 8.602, 6.815, 6.643, 5.191, 6.324, 5.421, 4.006, 3.355, 3.36, 2.348, 4.287, 6.314, 4.917, 3.409, 4.335, 6.421, 5.611, 6.679, 7.356, 6.297, 4.385, 4.035, 2.622, 2.257, 1.617, 2.262], [5.269, 4.359, 6.101, 10.826, 12.103, 9.728, 10.484, 11.587, 11.182, 12.059, 11.984, 8.7, 5.782, 5.433, 3.392, 3.529, 4.166, 2.65, 3.617, 4.074, 5.278, 5.002, 5.421, 4.627, 2.598, 2.587, 2.485, 3.387, 5.466, 4.952, 3.073, 2.321, 3.034, 3.013, 3.71, 2.926, 2.041, 3.854, 4.813, 5.977, 3.67, 2.47, 2.11, 2.643, 2.725, 3.301, 3.786, 3.012, 2.129, 2.268, 0.0, 2.103, 1.798, 3.858, 5.105, 3.435, 3.245, 3.689, 3.998, 4.437, 5.685, 5.836, 5.053, 2.296, 4.323, 5.045, 4.422, 4.063, 4.242, 6.043, 8.068, 7.688, 9.012, 9.875, 7.954, 7.919, 5.671, 6.157, 5.071, 3.889, 3.027, 3.891, 2.939, 5.211, 7.539, 6.077, 4.337, 5.533, 7.6, 6.808, 7.862, 8.535, 7.474, 5.621, 5.247, 2.809, 2.516, 2.407, 2.906], [4.474, 3.447, 5.237, 9.795, 11.272, 9.039, 9.848, 10.934, 10.624, 11.221, 11.154, 8.168, 5.571, 5.048, 3.359, 3.374, 3.651, 3.325, 3.775, 4.1, 4.884, 4.983, 5.306, 4.564, 4.002, 4.011, 3.19, 3.671, 4.939, 4.371, 3.469, 3.188, 3.456, 3.874, 3.594, 3.057, 3.062, 3.538, 4.518, 5.54, 3.508, 3.011, 3.431, 4.266, 3.557, 3.758, 5.003, 4.55, 3.363, 3.805, 2.103, 0.0, 2.552, 4.761, 5.997, 4.085, 3.317, 4.341, 4.731, 5.399, 6.638, 6.806, 5.886, 3.181, 5.103, 6.047, 5.003, 4.879, 4.205, 6.567, 8.912, 8.521, 9.867, 10.76, 8.855, 8.777, 6.2, 5.451, 4.517, 3.678, 2.805, 4.055, 3.542, 6.137, 8.536, 7.148, 5.381, 6.591, 8.675, 7.833, 8.931, 9.61, 8.526, 6.681, 6.468, 4.102, 3.524, 3.889, 3.39], [6.205, 5.112, 6.901, 11.492, 13.044, 10.66, 11.298, 12.489, 12.094, 12.978, 12.94, 9.592, 6.679, 6.322, 4.26, 4.39, 5.131, 3.312, 4.343, 4.819, 6.154, 5.991, 6.331, 5.556, 3.482, 3.397, 3.267, 4.031, 6.282, 5.799, 3.579, 2.338, 3.79, 3.606, 4.576, 3.891, 3.083, 4.767, 5.778, 6.835, 4.639, 3.23, 2.953, 3.192, 2.733, 3.372, 3.589, 2.996, 2.198, 2.409, 1.798, 2.552, 0.0, 3.251, 4.515, 2.877, 2.854, 3.429, 3.529, 4.118, 5.411, 5.656, 4.81, 2.145, 4.093, 5.062, 3.89, 3.91, 4.109, 5.793, 7.963, 7.297, 8.66, 9.749, 7.61, 7.602, 5.444, 5.453, 4.781, 3.66, 2.872, 3.862, 2.888, 5.238, 7.599, 6.227, 4.347, 5.668, 7.754, 6.905, 7.999, 8.677, 7.596, 5.659, 5.341, 2.97, 2.896, 2.715, 2.726], [8.977, 7.656, 9.748, 14.253, 15.771, 13.364, 13.847, 15.061, 14.66, 15.663, 15.632, 12.149, 9.1, 8.855, 6.82, 6.947, 7.762, 5.926, 6.904, 7.393, 8.627, 8.335, 8.781, 7.931, 5.571, 5.445, 5.711, 6.46, 8.849, 8.371, 6.017, 4.317, 6.238, 5.944, 7.102, 6.344, 5.026, 7.279, 8.275, 9.283, 7.001, 5.538, 4.956, 3.335, 3.201, 4.04, 3.023, 3.417, 4.079, 2.837, 3.858, 4.761, 3.251, 0.0, 1.629, 1.613, 2.94, 2.417, 2.142, 2.303, 3.164, 3.39, 2.634, 2.879, 3.355, 3.667, 3.171, 3.162, 4.006, 4.776, 5.53, 5.348, 5.97, 7.001, 4.683, 4.741, 4.725, 5.494, 4.986, 4.915, 4.232, 3.682, 3.29, 3.722, 4.984, 3.698, 3.217, 3.433, 5.004, 4.151, 5.121, 5.815, 4.723, 3.142, 3.044, 3.167, 4.638, 4.123, 3.573], [10.193, 8.861, 11.011, 15.52, 17.042, 14.638, 15.075, 16.326, 15.897, 16.938, 16.903, 13.378, 10.253, 10.088, 8.076, 8.175, 9.013, 7.193, 8.145, 8.641, 9.8, 9.441, 9.979, 9.058, 6.657, 6.607, 6.91, 7.627, 10.089, 9.619, 7.241, 5.539, 7.457, 7.083, 8.343, 7.552, 6.153, 8.493, 9.485, 10.417, 8.108, 6.663, 5.962, 4.121, 4.233, 5.084, 3.348, 4.249, 5.331, 3.985, 5.105, 5.997, 4.515, 1.629, 0.0, 2.26, 3.721, 2.75, 2.365, 2.059, 2.513, 2.7, 2.649, 3.927, 3.265, 3.274, 3.082, 2.944, 3.956, 4.071, 4.649, 4.59, 4.986, 5.94, 3.642, 3.714, 4.161, 5.213, 4.731, 6.025, 5.432, 4.185, 4.07, 3.002, 3.796, 2.827, 3.042, 2.653, 3.862, 3.192, 3.918, 4.483, 3.553, 2.165, 2.523, 4.224, 5.764, 5.186, 4.714], [8.346, 7.083, 9.05, 13.595, 15.122, 12.719, 13.293, 14.449, 14.056, 15.016, 14.972, 11.589, 8.795, 8.405, 6.301, 6.35, 7.091, 5.389, 6.345, 6.794, 8.23, 8.101, 8.434, 7.693, 5.478, 5.357, 5.298, 6.128, 8.294, 7.772, 5.685, 3.945, 5.916, 5.662, 6.668, 5.801, 4.898, 6.74, 7.852, 8.888, 6.61, 5.28, 4.88, 3.807, 3.22, 3.751, 3.408, 3.469, 3.934, 3.144, 3.435, 4.085, 2.877, 1.613, 2.26, 0.0, 2.264, 2.278, 2.212, 2.737, 3.758, 3.916, 3.134, 2.81, 3.282, 3.587, 2.941, 3.037, 3.172, 4.331, 5.583, 5.182, 6.172, 7.342, 5.126, 5.069, 4.076, 4.494, 3.78, 4.344, 3.667, 3.304, 3.066, 3.854, 5.26, 4.074, 3.3, 3.575, 5.313, 4.497, 5.544, 6.25, 5.216, 3.775, 3.651, 3.344, 4.478, 4.036, 3.291], [7.352, 6.049, 7.978, 12.41, 13.931, 11.53, 11.941, 13.189, 12.759, 13.825, 13.783, 10.238, 7.524, 7.02, 4.959, 5.035, 5.91, 4.229, 5.044, 5.531, 6.822, 6.919, 7.146, 6.374, 4.554, 4.328, 4.231, 4.848, 6.961, 6.488, 4.429, 3.006, 4.556, 4.341, 5.379, 4.771, 4.369, 5.599, 6.686, 7.616, 5.44, 4.119, 3.793, 3.791, 2.885, 3.165, 4.122, 4.15, 3.462, 3.495, 3.245, 3.317, 2.854, 2.94, 3.721, 2.264, 0.0, 2.04, 3.096, 3.636, 4.909, 4.955, 4.464, 2.843, 3.755, 4.637, 3.826, 3.235, 2.182, 4.154, 6.658, 5.97, 7.236, 8.378, 6.146, 6.174, 3.905, 3.737, 3.317, 3.852, 2.946, 3.025, 2.691, 3.966, 6.189, 4.901, 3.604, 4.625, 6.347, 5.516, 6.577, 7.255, 6.212, 4.94, 5.111, 3.213, 3.34, 3.372, 2.602], [8.475, 7.284, 9.166, 13.728, 14.934, 12.613, 12.915, 14.168, 13.87, 14.776, 14.7, 11.202, 8.221, 7.907, 5.944, 6.04, 6.992, 5.013, 5.956, 6.446, 7.