[[0.0, 2.01, 3.455, 2.596, 2.303, 2.34, 3.114, 3.905, 3.784, 4.737, 7.957, 8.405, 5.931, 2.634, 2.142, 1.033, 1.265, 2.351, 3.588, 2.904, 2.273, 2.016, 2.462, 3.328, 4.087, 3.052, 3.72, 3.585, 3.133, 4.93, 7.371, 7.071, 5.553, 4.902, 3.228, 2.639, 3.856, 4.255, 4.507, 4.961, 4.644, 4.324, 3.527, 2.943, 3.435, 3.617, 3.067, 5.647, 9.454, 9.653, 10.031, 12.241, 12.617, 9.65, 7.218, 6.698, 5.543, 7.835, 8.139, 4.124, 5.299, 5.817, 5.927, 6.739, 6.766, 7.569, 6.478, 5.323, 7.525, 8.635, 8.241, 7.331, 6.687, 4.631, 4.474, 4.056, 3.406, 5.095, 5.055, 6.558, 10.414, 7.345, 5.561, 5.654, 4.402, 2.906, 5.202, 5.507, 4.338, 5.726, 6.359, 5.291, 5.97, 4.953, 3.523, 3.893, 4.193, 3.755, 5.015, 8.104, 7.036, 7.965, 8.244, 5.706, 3.464, 3.127, 2.685, 3.555], [2.01, 0.0, 2.008, 1.856, 2.538, 1.858, 2.131, 3.095, 2.244, 3.157, 6.417, 6.839, 4.401, 2.178, 2.782, 2.172, 2.337, 2.185, 2.276, 1.734, 1.519, 1.613, 2.712, 2.478, 2.657, 2.107, 3.383, 3.374, 2.804, 3.679, 5.865, 5.539, 4.141, 3.483, 1.994, 1.747, 3.597, 4.429, 4.362, 4.403, 4.247, 3.818, 3.089, 2.73, 3.006, 3.371, 2.924, 4.27, 7.926, 8.124, 8.51, 10.736, 11.113, 8.103, 5.644, 5.163, 3.982, 6.292, 6.58, 2.743, 4.323, 4.86, 5.061, 5.86, 5.958, 6.428, 5.322, 4.137, 5.944, 6.992, 6.655, 6.014, 5.151, 3.437, 3.221, 2.992, 2.437, 3.874, 3.686, 4.956, 8.91, 5.796, 3.995, 4.214, 2.801, 1.731, 3.595, 3.963, 3.098, 4.356, 4.875, 3.829, 4.391, 3.265, 1.784, 2.273, 2.583, 2.362, 3.476, 6.6, 6.051, 7.085, 7.421, 5.177, 3.094, 2.436, 2.504, 2.909], [3.455, 2.008, 0.0, 2.248, 3.532, 2.113, 2.832, 3.676, 2.553, 2.453, 4.815, 5.249, 3.636, 2.81, 4.084, 3.616, 3.833, 3.585, 2.778, 2.635, 2.371, 2.672, 3.853, 2.684, 2.007, 2.009, 3.131, 4.44, 3.327, 2.101, 4.339, 4.105, 3.19, 2.445, 1.738, 2.375, 4.52, 5.764, 5.559, 5.243, 5.416, 4.08, 3.172, 3.411, 2.982, 3.95, 3.473, 2.982, 6.315, 6.5, 6.87, 9.094, 9.452, 6.497, 4.209, 3.805, 2.464, 4.649, 4.987, 1.909, 2.998, 3.351, 3.687, 4.511, 4.684, 5.034, 4.115, 2.875, 4.566, 5.513, 5.133, 4.303, 3.553, 2.361, 1.89, 1.854, 1.803, 2.48, 2.599, 3.524, 7.586, 4.565, 3.27, 3.522, 1.525, 1.52, 2.178, 2.683, 2.244, 2.953, 3.493, 2.771, 3.115, 2.517, 2.071, 2.24, 2.038, 2.016, 2.954, 5.06, 5.978, 6.842, 6.852, 5.149, 3.099, 2.532, 3.565, 3.528], [2.596, 1.856, 2.248, 0.0, 2.072, 1.499, 3.121, 3.636, 3.321, 3.972, 6.662, 6.932, 4.361, 2.792, 2.602, 2.509, 3.178, 3.278, 3.045, 2.832, 1.96, 1.558, 2.171, 1.814, 2.52, 1.307, 2.865, 3.145, 2.14, 3.615, 6.403, 6.146, 5.052, 4.275, 2.387, 1.514, 2.787, 3.746, 3.847, 4.094, 4.099, 2.974, 2.293, 2.111, 1.7, 2.349, 2.169, 3.904, 7.829, 8.019, 8.428, 10.653, 11.012, 7.996, 5.617, 5.167, 4.291, 6.311, 6.881, 2.616, 3.823, 4.059, 4.16, 4.872, 4.875, 5.532, 4.465, 3.354, 5.533, 6.731, 6.311, 5.474, 4.877, 2.742, 2.724, 2.318, 1.866, 3.369, 3.385, 4.894, 9.134, 6.352, 4.78, 5.128, 3.186, 1.619, 3.832, 4.348, 3.558, 4.41, 4.987, 3.87, 4.25, 3.685, 2.821, 3.208, 3.499, 2.693, 4.154, 6.948, 6.9, 8.278, 8.602, 6.352, 4.194, 3.079, 2.827, 2.72], [2.303, 2.538, 3.532, 2.072, 0.0, 2.07, 3.659, 4.335, 4.297, 5.208, 8.003, 8.423, 6.004, 3.442, 2.283, 2.277, 2.914, 3.135, 3.826, 3.348, 2.521, 2.05, 1.193, 2.948, 4.117, 2.768, 2.73, 2.61, 1.869, 4.942, 7.553, 7.406, 6.257, 5.51, 3.597, 2.414, 2.176, 3.064, 3.067, 3.379, 3.381, 2.365, 1.98, 1.837, 1.879, 1.846, 2.616, 5.615, 9.34, 9.568, 9.953, 12.153, 12.53, 9.583, 7.173, 6.854, 5.634, 7.762, 8.124, 4.247, 4.454, 4.973, 4.851, 5.56, 5.665, 7.006, 5.938, 4.982, 7.36, 8.61, 8.203, 7.289, 6.625, 4.443, 4.395, 3.932, 3.291, 5.008, 4.948, 6.611, 10.629, 7.492, 5.897, 6.246, 4.52, 2.908, 5.248, 5.806, 4.934, 6.092, 6.598, 5.347, 5.965, 5.103, 3.976, 4.379, 4.798, 4.303, 5.347, 8.151, 7.786, 9.181, 9.501, 7.179, 5.096, 4.155, 2.756, 2.913], [2.34, 1.858, 2.113, 1.499, 2.07, 0.0, 2.53, 2.989, 3.017, 3.672, 6.25, 6.771, 4.266, 2.375, 3.058, 2.576, 3.182, 3.249, 2.65, 2.574, 2.216, 1.836, 2.235, 2.24, 2.264, 1.777, 2.702, 3.28, 2.136, 3.244, 5.925, 5.737, 4.566, 3.728, 2.184, 2.14, 2.901, 4.25, 4.177, 4.313, 4.361, 3.252, 2.559, 2.146, 2.15, 2.693, 2.27, 3.88, 7.645, 7.85, 8.236, 10.507, 10.853, 7.783, 5.491, 5.022, 3.98, 6.156, 6.566, 2.79, 3.425, 3.853, 3.934, 4.726, 4.82, 5.59, 4.568, 3.455, 5.61, 6.767, 6.395, 5.526, 4.795, 3.138, 2.827, 2.294, 1.736, 3.302, 3.377, 4.679, 8.957, 6.012, 4.502, 4.834, 2.887, 1.311, 3.526, 3.961, 3.212, 4.216, 4.646, 3.69, 4.112, 3.41, 2.449, 2.845, 3.195, 2.595, 3.769, 6.338, 6.509, 7.957, 8.29, 6.022, 3.9, 2.988, 2.399, 2.591], [3.114, 2.131, 2.832, 3.121, 3.659, 2.53, 0.0, 2.431, 2.08, 2.697, 5.262, 5.961, 3.318, 2.122, 3.924, 3.434, 3.274, 3.056, 2.51, 2.338, 2.503, 3.047, 3.939, 3.359, 2.596, 3.056, 4.186, 4.511, 3.908, 3.615, 4.948, 4.651, 3.191, 2.483, 2.404, 3.241, 4.784, 5.777, 5.717, 5.836, 5.708, 4.937, 4.04, 3.854, 3.951, 4.72, 3.945, 3.563, 6.799, 6.927, 7.271, 9.539, 9.86, 6.951, 4.728, 4.221, 3.353, 5.303, 5.626, 3.118, 4.592, 4.632, 5.481, 6.412, 6.674, 6.09, 5.28, 4.599, 5.326, 6.221, 6.115, 6.055, 5.24, 4.322, 3.755, 3.548, 2.85, 4.136, 4.151, 3.851, 7.83, 4.67, 3.264, 3.345, 2.73, 2.356, 2.863, 3.583, 2.616, 3.555, 3.948, 2.892, 3.463, 2.515, 1.904, 2.184, 2.679, 2.376, 2.62, 5.236, 5.315, 6.062, 6.297, 4.083, 2.397, 2.485, 3.681, 4.005], [3.905, 3.095, 3.676, 3.636, 4.335, 2.989, 2.431, 0.0, 1.79, 2.219, 4.518, 5.026, 2.21, 2.08, 4.4, 4.096, 4.121, 3.581, 2.541, 2.701, 3.213, 4.053, 4.326, 3.927, 3.117, 3.748, 5.067, 5.776, 4.479, 4.245, 4.507, 4.046, 3.265, 3.031, 2.9, 4.133, 5.372, 6.307, 6.476, 6.907, 6.906, 6.01, 5.181, 4.594, 4.723, 5.389, 4.547, 3.701, 6.617, 6.121, 6.544, 8.715, 9.054, 6.048, 3.708, 3.182, 2.781, 4.509, 4.823, 3.918, 5.489, 5.36, 6.089, 6.958, 7.196, 6.624, 5.852, 5.172, 5.438, 5.992, 6.461, 6.435, 5.435, 4.912, 4.34, 4.188, 3.577, 4.65, 4.664, 3.098, 7.064, 4.207, 2.587, 2.812, 2.791, 3.2, 3.156, 3.454, 3.506, 3.964, 3.633, 2.889, 2.885, 2.068, 2.216, 2.554, 2.636, 2.303, 2.35, 4.542, 4.263, 5.914, 6.266, 4.143, 3.481, 3.732, 4.53, 4.941], [3.784, 2.244, 2.553, 3.321, 4.297, 3.017, 2.08, 1.79, 0.0, 1.325, 4.386, 4.828, 2.443, 2.365, 4.427, 4.011, 4.018, 3.253, 2.118, 2.15, 2.802, 3.374, 4.512, 3.892, 2.813, 3.373, 4.302, 5.085, 4.003, 3.643, 3.946, 3.56, 2.479, 2.309, 2.185, 3.376, 5.461, 6.25, 6.118, 6.253, 6.102, 5.32, 4.389, 4.252, 4.284, 5.303, 4.769, 3.36, 6.433, 6.114, 6.488, 8.718, 9.097, 6.046, 3.619, 3.173, 2.242, 4.279, 4.542, 3.189, 4.778, 5.002, 5.605, 6.519, 6.766, 6.315, 5.407, 4.657, 5.395, 6.003, 6.312, 5.956, 5.061, 4.227, 3.652, 3.725, 3.269, 4.147, 4.297, 3.077, 6.895, 3.712, 2.056, 2.159, 1.891, 2.703, 2.847, 2.904, 2.962, 3.73, 3.526, 2.845, 2.886, 1.592, 1.442, 1.387, 1.441, 1.548, 1.782, 4.535, 4.219, 5.143, 5.344, 3.276, 2.497, 2.52, 3.822, 3.995], [4.737, 3.157, 2.453, 3.972, 5.208, 3.672, 2.697, 2.219, 1.325, 0.0, 3.509, 3.897, 1.918, 3.093, 5.447, 4.958, 4.978, 4.266, 2.699, 2.865, 3.488, 4.032, 5.385, 4.432, 3.198, 3.794, 4.624, 5.774, 4.855, 3.214, 3.033, 2.692, 1.745, 1.56, 2.486, 4.037, 6.276, 7.356, 7.143, 6.904, 6.759, 5.859, 4.792, 4.956, 4.912, 5.848, 5.313, 2.841, 5.575, 5.239, 5.615, 7.838, 8.218, 5.215, 2.766, 2.309, 1.665, 3.445, 3.595, 2.866, 4.133, 4.263, 5.1, 6.139, 6.556, 5.815, 5.299, 4.552, 4.664, 5.271, 5.76, 5.482, 4.691, 4.169, 3.376, 3.68, 3.635, 4.177, 4.419, 2.446, 6.072, 2.895, 1.278, 1.662, 1.722, 3.174, 2.169, 2.221, 2.498, 3.042, 2.763, 2.301, 2.25, 1.184, 1.924, 1.722, 1.279, 1.815, 1.277, 3.684, 3.834, 4.641, 4.904, 2.892, 2.263, 2.674, 4.564, 4.775], [7.957, 6.417, 4.815, 6.662, 8.003, 6.25, 5.262, 4.518, 4.386, 3.509, 0.0, 1.43, 2.968, 5.905, 8.54, 8.187, 8.208, 7.283, 5.272, 5.627, 6.591, 7.227, 8.242, 6.625, 5.09, 6.267, 7.392, 8.925, 7.733, 4.027, 2.131, 1.55, 2.674, 3.597, 5.079, 6.853, 8.97, 10.215, 10.0, 9.898, 10.108, 8.529, 7.436, 7.693, 7.255, 8.207, 7.448, 4.554, 3.745, 2.744, 2.407, 4.454, 4.797, 1.998, 2.004, 1.911, 2.584, 2.252, 1.108, 4.732, 5.006, 4.443, 6.156, 7.215, 7.453, 6.944, 6.603, 6.12, 4.383, 4.966, 6.032, 5.554, 5.278, 6.081, 5.157, 5.591, 5.547, 5.377, 5.811, 2.912, 3.064, 1.402, 2.673, 2.465, 3.857, 5.6, 3.222, 3.288, 4.258, 3.015, 2.473, 3.626, 3.446, 3.317, 4.79, 4.842, 4.231, 4.545, 3.13, 1.756, 3.277, 3.305, 3.162, 3.539, 4.963, 6.073, 8.026, 7.797], [8.405, 6.839, 5.249, 6.932, 8.423, 6.771, 5.961, 5.026, 4.828, 3.897, 1.43, 0.0, 3.289, 6.251, 8.828, 8.711, 8.796, 7.863, 5.728, 6.177, 6.948, 7.665, 8.683, 6.659, 5.164, 6.638, 7.914, 9.443, 8.224, 4.246, 2.493, 2.278, 3.308, 4.177, 5.494, 7.233, 9.426, 10.539, 10.476, 10.334, 10.539, 8.824, 7.663, 8.182, 7.5, 8.275, 7.508, 4.403, 3.882, 3.102, 2.452, 3.98, 4.381, 2.03, 1.842, 2.175, 2.987, 2.192, 1.403, 4.98, 5.247, 4.54, 6.13, 7.305, 7.267, 6.78, 6.421, 5.939, 4.305, 4.845, 5.903, 5.419, 5.14, 5.854, 5.092, 5.659, 5.779, 5.296, 5.809, 3.092, 3.036, 2.093, 3.087, 3.049, 4.142, 6.074, 3.72, 3.676, 4.799, 3.484, 3.063, 4.063, 3.732, 3.809, 5.217, 5.217, 4.628, 4.968, 3.742, 2.098, 3.442, 3.413, 3.433, 4.403, 5.391, 6.434, 8.4, 8.112], [5.931, 4.401, 3.636, 4.361, 6.004, 4.266, 3.318, 2.21, 2.443, 1.918, 2.968, 3.289, 0.0, 3.729, 6.399, 6.164, 6.149, 5.188, 3.456, 3.732, 4.625, 5.275, 6.085, 4.454, 3.551, 4.127, 5.405, 6.828, 5.522, 3.83, 3.38, 2.792, 2.282, 2.543, 3.614, 5.022, 6.674, 7.693, 7.72, 8.046, 8.071, 6.67, 5.745, 5.765, 5.0, 6.328, 5.282, 3.15, 4.916, 4.222, 4.508, 6.651, 6.996, 3.997, 1.652, 1.466, 2.118, 2.868, 3.231, 3.381, 4.77, 4.488, 5.332, 6.14, 6.63, 5.779, 5.433, 4.695, 4.26, 4.713, 5.599, 5.454, 4.635, 4.34, 3.687, 3.888, 3.925, 4.204, 4.4, 1.732, 5.365, 2.786, 1.556, 1.872, 2.836, 3.833, 2.486, 2.96, 3.035, 3.035, 2.504, 2.113, 2.138, 1.663, 2.889, 3.022, 2.625, 2.51, 1.807, 3.012, 3.637, 4.678, 4.927, 3.271, 3.319, 4.1, 5.968, 5.742], [2.634, 2.178, 2.81, 2.792, 3.442, 2.375, 2.122, 2.08, 2.365, 3.093, 5.905, 6.251, 3.729, 0.0, 2.805, 2.811, 2.96, 3.08, 2.881, 2.742, 2.544, 3.134, 3.488, 3.386, 2.645, 3.115, 4.294, 4.932, 3.543, 3.733, 5.589, 5.298, 3.999, 3.32, 2.662, 3.262, 4.767, 5.035, 5.465, 6.139, 6.023, 5.206, 4.324, 3.852, 4.0, 4.545, 3.9, 3.705, 7.244, 7.426, 7.805, 10.065, 10.426, 7.416, 5.044, 4.518, 3.51, 5.673, 6.135, 2.812, 4.665, 4.796, 5.212, 6.061, 6.362, 6.027, 5.144, 4.328, 5.47, 6.409, 6.133, 5.701, 4.826, 3.969, 3.402, 3.498, 3.118, 4.195, 4.336, 4.348, 8.321, 5.467, 3.834, 4.007, 2.657, 2.544, 3.239, 3.77, 3.09, 3.827, 4.323, 3.19, 3.762, 3.002, 1.939, 2.617, 2.854, 2.069, 3.202, 6.084, 5.385, 6.864, 7.182, 4.826, 2.789, 2.662, 3.516, 3.844], [2.142, 2.782, 4.084, 2.602, 2.283, 3.058, 3.924, 4.4, 4.427, 5.447, 8.54, 8.828, 6.399, 2.805, 0.0, 1.846, 2.312, 2.776, 4.254, 3.598, 2.253, 2.205, 2.145, 3.442, 4.459, 3.163, 4.145, 3.889, 3.055, 5.516, 8.148, 7.8, 6.504, 5.762, 3.943, 2.52, 3.281, 3.56, 3.856, 4.364, 4.453, 3.915, 3.366, 3.232, 3.305, 2.994, 3.246, 6.002, 10.002, 10.193, 10.572, 12.801, 13.181, 10.133, 7.664, 7.236, 6.048, 8.346, 8.644, 4.341, 5.173, 5.514, 5.786, 6.561, 6.673, 7.198, 6.111, 5.257, 7.603, 8.846, 8.443, 7.578, 7.051, 4.928, 4.705, 4.422, 3.826, 5.571, 5.75, 7.027, 10.985, 7.997, 6.299, 6.498, 4.83, 3.314, 5.699, 6.121, 5.153, 6.249, 6.918, 5.728, 6.334, 5.509, 4.059, 4.575, 4.878, 4.424, 5.71, 8.763, 7.815, 9.21, 9.581, 7.112, 4.928, 3.887, 3.117, 3.657], [1.033, 2.172, 3.616, 2.509, 2.277, 2.576, 3.434, 4.096, 4.011, 4.958, 8.187, 8.711, 6.164, 2.811, 1.846, 0.0, 1.105, 2.011, 3.659, 3.017, 2.204, 1.859, 2.298, 3.253, 4.353, 3.201, 3.778, 3.558, 3.177, 5.215, 7.672, 7.307, 5.791, 5.12, 3.513, 2.485, 3.672, 4.116, 4.302, 4.746, 4.466, 4.303, 3.516, 2.855, 3.368, 3.421, 3.02, 5.927, 9.709, 9.9, 10.326, 12.596, 12.946, 9.864, 7.545, 7.033, 5.819, 8.151, 8.427, 4.308, 5.571, 6.109, 6.221, 7.029, 7.02, 7.817, 6.764, 5.61, 7.766, 8.851, 8.445, 7.539, 6.897, 4.94, 4.786, 4.31, 3.597, 5.333, 5.268, 6.785, 10.761, 7.597, 5.8, 5.894, 4.633, 3.133, 5.397, 5.769, 4.587, 5.952, 6.647, 5.581, 6.208, 5.166, 3.73, 4.094, 4.454, 4.009, 5.19, 8.326, 7.262, 8.238, 8.611, 6.137, 3.991, 3.362, 2.859, 3.894], [1.265, 2.337, 3.833, 3.178, 2.914, 3.182, 3.274, 4.121, 4.018, 4.978, 8.208, 8.796, 6.149, 2.96, 2.312, 1.105, 0.0, 1.553, 3.271, 2.806, 2.293, 2.472, 3.021, 3.526, 4.564, 3.734, 4.41, 4.067, 3.912, 5.387, 7.605, 7.316, 5.722, 4.94, 3.75, 2.946, 4.321, 4.842, 4.989, 5.451, 4.977, 4.968, 4.226, 3.561, 4.124, 4.216, 3.542, 6.095, 9.727, 9.932, 10.354, 12.624, 12.959, 9.887, 7.596, 7.084, 5.884, 8.179, 8.476, 4.694, 6.226, 6.789, 6.921, 7.729, 7.723, 8.351, 7.283, 6.026, 8.085, 9.105, 8.673, 7.841, 7.141, 5.303, 5.172, 4.714, 3.976, 5.471, 5.323, 6.743, 10.777, 7.554, 5.73, 5.826, 4.779, 3.512, 5.554, 6.015, 4.723, 6.159, 6.732, 5.679, 6.322, 5.235, 3.717, 3.889, 4.401, 4.169, 5.125, 8.304, 7.264, 7.919, 8.299, 5.681, 3.719, 3.415, 3.362, 4.597], [2.351, 2.185, 3.585, 3.278, 3.135, 3.249, 3.056, 3.581, 3.253, 4.266, 7.283, 7.863, 5.188, 3.08, 2.776, 2.011, 1.553, 0.0, 2.288, 1.901, 1.912, 2.505, 3.15, 3.375, 4.179, 3.704, 4.71, 4.359, 4.116, 5.135, 6.703, 6.351, 5.093, 4.439, 3.402, 3.012, 4.44, 5.313, 5.181, 5.525, 5.06, 5.145, 4.491, 3.784, 4.29, 4.147, 3.595, 5.749, 9.097, 9.034, 9.435, 11.69, 12.049, 8.912, 6.583, 6.171, 5.017, 7.271, 7.583, 4.565, 6.238, 6.737, 6.979, 7.752, 7.814, 8.165, 7.098, 5.952, 7.709, 8.525, 8.191, 7.426, 6.584, 5.157, 4.98, 4.602, 3.833, 5.243, 5.065, 5.761, 9.874, 6.733, 4.984, 4.983, 4.199, 3.465, 5.075, 5.554, 4.444, 5.72, 6.233, 5.152, 5.692, 4.514, 2.907, 3.009, 3.668, 3.611, 4.474, 7.381, 6.532, 7.376, 7.835, 5.416, 4.159, 3.592, 3.786, 4.8], [3.588, 2.276, 2.778, 3.045, 3.826, 2.65, 2.51, 2.541, 2.118, 2.699, 5.272, 5.728, 3.456, 2.881, 4.254, 3.659, 3.271, 2.288, 0.0, 1.121, 2.388, 3.076, 4.014, 3.145, 2.979, 3.265, 4.677, 4.651, 4.259, 4.163, 4.764, 4.289, 3.768, 3.257, 2.179, 3.233, 4.777, 6.172, 5.946, 5.87, 5.651, 4.977, 4.212, 3.918, 4.13, 4.518, 3.759, 4.175, 7.447, 7.042, 7.241, 9.467, 9.826, 6.707, 4.451, 4.256, 3.034, 5.165, 5.599, 3.93, 5.33, 5.681, 6.143, 6.991, 7.1, 6.91, 5.956, 5.034, 6.164, 6.841, 6.872, 6.346, 5.419, 4.495, 3.986, 3.826, 2.977, 4.308, 4.283, 3.788, 7.839, 4.894, 3.273, 3.7, 2.634, 2.61, 3.553, 3.823, 3.719, 4.495, 4.598, 3.755, 3.961, 2.796, 1.989, 1.699, 2.185, 2.431, 2.864, 5.312, 5.035, 6.312, 6.696, 4.561, 3.719, 3.432, 4.03, 4.691], [2.904, 1.734, 2.635, 2.832, 3.348, 2.574, 2.338, 2.701, 2.15, 2.865, 5.627, 6.177, 3.732, 2.742, 3.598, 3.017, 2.806, 1.901, 1.121, 0.0, 1.714, 2.514, 3.416, 2.968, 3.125, 3.042, 4.301, 4.324, 3.841, 4.234, 5.156, 4.698, 3.956, 3.542, 2.327, 2.794, 4.489, 5.683, 5.411, 5.272, 5.104, 4.683, 3.787, 3.501, 3.774, 4.204, 3.534, 4.62, 7.755, 7.4, 7.723, 9.992, 10.353, 7.293, 4.971, 4.56, 3.341, 5.578, 5.938, 3.773, 5.37, 5.835, 6.182, 6.946, 7.037, 7.177, 6.134, 5.111, 6.505, 7.214, 7.129, 6.457, 5.507, 4.349, 4.022, 3.845, 2.962, 4.264, 4.272, 4.312, 8.194, 5.096, 3.427, 3.758, 2.893, 2.574, 3.932, 4.158, 3.807, 4.67, 4.962, 4.069, 4.362, 3.071, 1.821, 1.703, 2.3, 2.454, 2.943, 5.782, 5.371, 6.519, 6.928, 4.515, 3.631, 3.229, 3.726, 4.288], [2.273, 1.519, 2.371, 1.96, 2.521, 2.216, 2.503, 3.213, 2.802, 3.488, 6.591, 6.948, 4.625, 2.544, 2.253, 2.204, 2.293, 1.912, 2.388, 1.714, 0.0, 1.495, 2.302, 2.205, 2.978, 2.425, 3.915, 3.828, 3.269, 3.888, 6.178, 5.826, 4.77, 4.133, 2.341, 1.914, 3.442, 4.424, 4.256, 4.34, 4.447, 3.736, 3.019, 2.785, 2.968, 3.022, 2.8, 4.606, 8.124, 8.316, 8.694, 10.914, 11.294, 8.294, 5.848, 5.376, 4.117, 6.459, 6.695, 3.151, 4.711, 5.2, 5.57, 6.353, 6.47, 6.829, 5.719, 4.583, 6.476, 7.399, 7.045, 6.25, 5.511, 3.788, 3.553, 3.365, 2.656, 3.996, 4.065, 5.24, 9.138, 6.007, 4.244, 4.73, 3.009, 2.124, 3.972, 4.578, 3.787, 4.684, 5.258, 4.202, 4.768, 3.65, 2.286, 2.641, 2.956, 2.868, 3.717, 6.807, 6.246, 7.653, 8.065, 5.586, 3.694, 3.025, 3.219, 3.69], [2.016, 1.613, 2.672, 1.558, 2.05, 1.836, 3.047, 4.053, 3.374, 4.032, 7.227, 7.665, 5.275, 3.134, 2.205, 1.859, 2.472, 2.505, 3.076, 2.514, 1.495, 0.0, 1.613, 2.188, 3.259, 2.133, 2.826, 2.796, 2.467, 4.198, 6.696, 6.342, 5.034, 4.308, 2.461, 1.272, 2.665, 3.657, 3.38, 3.465, 3.339, 2.979, 2.235, 1.811, 2.24, 2.251, 2.426, 4.791, 8.751, 8.941, 9.32, 11.571, 11.932, 8.908, 6.479, 5.981, 4.802, 7.126, 7.411, 3.322, 4.4, 4.949, 5.05, 5.853, 5.875, 6.704, 5.629, 4.441, 6.628, 7.776, 7.382, 6.459, 5.854, 3.748, 3.644, 3.234, 2.655, 4.332, 4.272, 5.796, 9.748, 6.626, 4.955, 5.209, 3.626, 2.132, 4.401, 4.728, 3.723, 4.94, 5.597, 4.574, 5.153, 4.198, 2.892, 3.191, 3.475, 3.109, 4.334, 7.415, 6.988, 8.221, 8.545, 6.292, 4.121, 3.15, 2.684, 2.955], [2.462, 2.712, 3.853, 2.171, 1.193, 2.235, 3.939, 4.326, 4.512, 5.385, 8.242, 8.683, 6.085, 3.488, 2.145, 2.298, 3.021, 3.15, 4.014, 3.416, 2.302, 1.613, 0.0, 2.982, 4.214, 2.822, 2.601, 2.502, 1.788, 5.162, 7.894, 7.586, 6.347, 5.594, 3.691, 2.203, 1.705, 2.582, 2.483, 2.88, 2.952, 2.375, 1.96, 1.478, 1.969, 1.653, 2.637, 5.734, 9.701, 9.891, 10.303, 12.572, 12.933, 9.816, 7.432, 6.971, 5.899, 8.151, 8.503, 4.258, 4.647, 5.153, 5.054, 5.817, 5.838, 7.189, 6.145, 5.181, 7.503, 8.682, 8.284, 7.368, 6.769, 4.66, 4.574, 4.059, 3.483, 5.244, 5.175, 6.707, 10.802, 7.826, 6.184, 6.366, 4.705, 3.031, 5.406, 5.874, 4.925, 5.994, 6.584, 5.445, 6.049, 5.214, 4.062, 4.496, 4.873, 4.23, 5.498, 8.428, 7.858, 9.448, 9.804, 7.483, 5.307, 4.307, 2.778, 2.938], [3.328, 2.478, 2.684, 1.814, 2.948, 2.24, 3.359, 3.927, 3.892, 4.432, 6.625, 6.659, 4.454, 3.386, 3.442, 3.253, 3.526, 3.375, 3.145, 2.968, 2.205, 2.188, 2.982, 0.0, 2.12, 2.226, 3.78, 4.192, 3.437, 3.479, 6.249, 6.413, 5.347, 4.416, 2.437, 2.053, 3.58, 4.676, 4.77, 4.855, 4.941, 3.664, 2.822, 2.789, 2.121, 2.492, 1.368, 3.424, 6.943, 7.239, 7.733, 9.741, 10.077, 7.178, 5.114, 5.018, 4.461, 5.859, 6.693, 3.522, 4.451, 4.66, 4.695, 4.979, 4.685, 5.181, 4.301, 2.956, 4.985, 5.958, 5.528, 4.814, 3.996, 2.276, 2.522, 2.134, 1.776, 2.461, 2.452, 4.478, 9.289, 6.781, 5.315, 5.714, 3.305, 1.995, 3.927, 4.416, 3.883, 4.516, 4.993, 4.15, 3.977, 3.966, 3.304, 3.584, 3.872, 3.08, 4.61, 6.754, 7.554, 8.925, 9.197, 7.017, 4.891, 4.16, 4.136, 3.999], [4.087, 2.657, 2.007, 2.52, 4.117, 2.264, 2.596, 3.117, 2.813, 3.198, 5.09, 5.164, 3.551, 2.645, 4.459, 4.353, 4.564, 4.179, 2.979, 3.125, 2.978, 3.259, 4.214, 2.12, 0.0, 2.201, 3.546, 4.851, 3.804, 2.362, 4.608, 4.983, 3.95, 2.931, 1.608, 2.748, 4.611, 5.802, 5.81, 5.837, 5.985, 4.415, 3.558, 3.64, 2.933, 3.892, 2.753, 2.201, 5.813, 6.104, 6.565, 8.65, 8.988, 6.125, 4.162, 3.795, 3.046, 4.533, 5.394, 2.815, 3.686, 3.482, 3.704, 4.613, 4.383, 4.216, 3.285, 2.419, 3.727, 4.653, 4.348, 4.001, 3.034, 2.033, 2.036, 1.67, 1.284, 2.161, 2.266, 3.031, 7.886, 5.483, 4.092, 4.389, 1.787, 1.515, 2.543, 2.637, 2.577, 2.992, 3.399, 2.623, 2.426, 2.687, 2.281, 2.48, 2.593, 1.884, 3.507, 5.213, 6.624, 7.751, 7.842, 5.935, 3.842, 3.094, 4.087, 3.747], [3.052, 2.107, 2.009, 1.307, 2.768, 1.777, 3.056, 3.748, 3.373, 3.794, 6.267, 6.638, 4.127, 3.115, 3.163, 3.201, 3.734, 3.704, 3.265, 3.042, 2.425, 2.133, 2.822, 2.226, 2.201, 0.0, 2.833, 3.438, 2.512, 3.114, 5.98, 5.771, 4.621, 3.798, 2.073, 1.594, 2.989, 4.062, 4.007, 4.242, 4.317, 2.998, 2.642, 2.636, 1.843, 2.817, 2.429, 3.655, 7.424, 7.701, 8.169, 10.313, 10.671, 7.638, 5.258, 4.815, 3.976, 6.039, 6.544, 2.185, 3.24, 3.411, 3.47, 4.147, 4.212, 4.781, 3.751, 2.581, 4.759, 6.047, 5.608, 4.955, 4.404, 2.534, 2.263, 1.802, 1.6, 3.02, 2.966, 4.469, 8.805, 6.056, 4.626, 4.773, 2.868, 1.291, 3.283, 3.726, 3.03, 3.805, 4.447, 3.281, 3.695, 3.31, 2.809, 3.208, 3.304, 2.455, 4.143, 6.375, 7.182, 8.111, 8.245, 6.433, 4.217, 2.892, 2.9, 2.569], [3.72, 3.383, 3.131, 2.865, 2.73, 2.702, 4.186, 5.067, 4.302, 4.624, 7.392, 7.914, 5.405, 4.294, 4.145, 3.778, 4.41, 4.71, 4.677, 4.301, 3.915, 2.826, 2.601, 3.78, 3.546, 2.833, 0.0, 2.243, 1.54, 4.457, 7.009, 6.727, 5.207, 4.305, 3.39, 2.744, 2.724, 3.713, 3.63, 3.745, 3.515, 2.788, 2.134, 1.802, 2.056, 3.124, 3.58, 4.924, 8.626, 8.942, 9.4, 11.442, 11.784, 9.0, 6.697, 6.038, 5.113, 7.271, 7.705, 3.914, 3.946, 4.348, 4.027, 4.535, 4.702, 6.098, 5.266, 4.287, 6.451, 7.563, 7.246, 6.498, 5.765, 3.823, 3.804, 3.035, 3.089, 4.324, 4.228, 5.549, 9.856, 7.048, 5.478, 5.552, 4.148, 3.139, 4.597, 4.825, 3.55, 4.862, 5.467, 4.313, 4.766, 4.649, 3.979, 4.144, 4.022, 3.533, 4.864, 7.344, 7.772, 8.758, 8.88, 6.888, 4.699, 3.713, 2.958, 2.522], [3.585, 3.374, 4.44, 3.145, 2.61, 3.28, 4.511, 5.776, 5.085, 5.774, 8.925, 9.443, 6.828, 4.932, 3.889, 3.558, 4.067, 4.359, 4.651, 4.324, 3.828, 2.796, 2.502, 4.192, 4.851, 3.438, 2.243, 0.0, 2.014, 5.912, 8.326, 8.065, 6.475, 5.649, 4.124, 2.954, 2.26, 2.474, 2.297, 2.234, 2.006, 1.833, 2.288, 1.807, 2.7, 3.061, 3.862, 6.351, 10.373, 10.592, 11.012, 13.277, 13.636, 10.575, 8.233, 7.682, 6.624, 8.908, 9.197, 4.996, 5.113, 5.663, 4.968, 5.485, 5.768, 7.596, 6.406, 5.568, 8.055, 9.29, 8.857, 8.013, 7.489, 5.391, 5.318, 4.684, 4.163, 5.988, 5.861, 7.336, 11.487, 8.39, 6.655, 6.727, 5.416, 3.673, 5.991, 6.181, 5.042, 6.536, 7.128, 6.103, 6.685, 5.832, 4.7, 4.872, 5.24, 4.712, 6.054, 8.991, 8.806, 9.658, 9.962, 7.738, 5.589, 4.367, 2.722, 2.744], [3.133, 2.804, 3.327, 2.14, 1.869, 2.136, 3.908, 4.479, 4.003, 4.855, 7.733, 8.224, 5.522, 3.543, 3.055, 3.177, 3.912, 4.116, 4.259, 3.841, 3.269, 2.467, 1.788, 3.437, 3.804, 2.512, 1.54, 2.014, 0.0, 4.62, 7.383, 7.091, 5.688, 4.85, 3.575, 2.507, 1.958, 2.821, 2.73, 3.169, 3.046, 2.274, 1.95, 1.638, 1.937, 2.355, 3.22, 5.233, 9.151, 9.357, 9.765, 12.041, 12.384, 9.275, 6.956, 6.462, 5.413, 7.682, 8.009, 3.639, 3.864, 4.362, 4.071, 4.719, 4.793, 6.221, 5.136, 4.267, 6.68, 7.918, 7.566, 6.722, 6.105, 4.072, 3.983, 3.347, 3.176, 4.698, 4.662, 6.073, 10.305, 7.331, 5.674, 5.809, 4.221, 2.858, 4.815, 5.219, 4.208, 5.426, 5.982, 4.839, 5.424, 4.74, 3.773, 4.146, 4.368, 3.693, 4.968, 7.792, 7.649, 8.886, 9.209, 6.966, 4.803, 3.591, 2.288, 2.088], [4.93, 3.679, 2.101, 3.615, 4.942, 3.244, 3.615, 4.245, 3.643, 3.214, 4.027, 4.246, 3.83, 3.733, 5.516, 5.215, 5.387, 5.135, 4.163, 4.234, 3.888, 4.198, 5.162, 3.479, 2.362, 3.114, 4.457, 5.912, 4.62, 0.0, 3.17, 3.679, 3.204, 2.717, 2.856, 3.748, 5.756, 6.952, 6.797, 6.677, 6.866, 5.27, 4.407, 4.708, 4.085, 4.967, 4.159, 2.787, 4.746, 4.969, 5.366, 7.575, 7.934, 4.923, 3.854, 3.521, 2.293, 3.252, 4.403, 2.012, 2.702, 2.398, 2.551, 3.742, 3.726, 3.731, 3.001, 2.484, 2.993, 3.987, 3.745, 2.991, 2.458, 2.7, 2.082, 2.203, 2.364, 2.215, 2.779, 2.69, 6.782, 4.725, 3.803, 3.636, 2.074, 2.545, 2.158, 1.976, 2.197, 2.362, 3.23, 2.799, 2.924, 2.92, 2.864, 3.333, 2.995, 2.886, 3.466, 4.737, 6.493, 7.066, 6.976, 5.685, 3.685, 3.556, 4.921, 4.702], [7.371, 5.865, 4.339, 6.403, 7.553, 5.925, 4.948, 4.507, 3.946, 3.033, 2.131, 2.493, 3.38, 5.589, 8.148, 7.672, 7.605, 6.703, 4.764, 5.156, 6.178, 6.696, 7.894, 6.249, 4.608, 5.98, 7.009, 8.326, 7.383, 3.17, 0.0, 1.584, 2.382, 2.937, 4.433, 6.45, 8.597, 9.842, 9.629, 9.393, 9.313, 7.935, 7.157, 7.34, 7.008, 7.827, 7.079, 3.922, 3.34, 2.71, 2.929, 5.103, 5.475, 2.643, 3.026, 2.554, 2.561, 1.871, 2.639, 4.383, 4.605, 3.935, 5.349, 6.605, 6.401, 6.061, 5.689, 5.419, 3.383, 3.798, 4.752, 4.518, 4.426, 5.503, 4.713, 5.154, 5.123, 4.788, 5.287, 2.516, 4.273, 2.931, 2.911, 2.552, 3.391, 5.257, 2.822, 2.463, 3.706, 2.559, 2.466, 3.383, 3.264, 2.962, 4.321, 4.121, 3.631, 4.235, 2.878, 3.351, 4.895, 4.639, 4.335, 4.149, 4.381, 5.319, 7.28, 7.386], [7.071, 5.539, 4.105, 6.146, 7.406, 5.737, 4.651, 4.046, 3.56, 2.692, 1.55, 2.278, 2.792, 5.298, 7.8, 7.307, 7.316, 6.351, 4.289, 4.698, 5.826, 6.342, 7.586, 6.413, 4.983, 5.771, 6.727, 8.065, 7.091, 3.679, 1.584, 0.0, 1.96, 2.871, 4.295, 6.097, 8.382, 9.586, 9.361, 9.041, 9.097, 7.975, 6.872, 7.075, 6.839, 7.881, 7.292, 4.495, 4.177, 3.053, 3.194, 5.376, 5.746, 2.81, 2.54, 2.277, 2.188, 2.353, 2.019, 4.046, 4.534, 4.147, 5.848, 6.797, 7.087, 6.699, 6.331, 5.936, 4.085, 4.652, 5.752, 5.281, 5.066, 5.869, 4.812, 5.4, 5.396, 5.218, 5.652, 2.751, 3.758, 1.99, 2.309, 1.978, 3.426, 5.19, 2.732, 2.86, 3.441, 2.384, 2.456, 3.209, 3.346, 2.76, 3.941, 3.79, 3.287, 3.943, 2.478, 2.538, 3.516, 3.548, 3.395, 3.231, 4.039, 5.049, 7.011, 7.091], [5.553, 4.141, 3.19, 5.052, 6.257, 4.566, 3.191, 3.265, 2.479, 1.745, 2.674, 3.308, 2.282, 3.999, 6.504, 5.791, 5.722, 5.093, 3.768, 3.956, 4.77, 5.034, 6.347, 5.347, 3.95, 4.621, 5.207, 6.475, 5.688, 3.204, 2.382, 1.96, 0.0, 1.365, 3.264, 4.868, 7.151, 8.204, 8.034, 7.89, 7.584, 6.864, 5.882, 5.705, 5.706, 6.907, 6.225, 3.575, 4.446, 4.35, 4.705, 6.992, 7.339, 4.281, 2.495, 2.115, 2.126, 3.294, 3.057, 3.12, 4.187, 3.842, 5.21, 6.139, 6.588, 5.953, 5.612, 5.047, 4.037, 4.629, 5.576, 5.436, 4.646, 4.978, 3.943, 4.363, 4.358, 4.329, 4.716, 2.48, 5.202, 2.515, 1.865, 1.298, 2.619, 4.108, 1.947, 2.04, 2.281, 2.252, 2.107, 2.319, 2.431, 1.739, 2.94, 2.798, 2.333, 2.59, 1.661, 3.106, 3.919, 4.125, 4.051, 2.777, 2.659, 3.525, 5.484, 5.692], [4.902, 3.483, 2.445, 4.275, 5.51, 3.728, 2.483, 3.031, 2.309, 1.56, 3.597, 4.177, 2.543, 3.32, 5.762, 5.12, 4.94, 4.439, 3.257, 3.542, 4.133, 4.308, 5.594, 4.416, 2.931, 3.798, 4.305, 5.649, 4.85, 2.717, 2.937, 2.871, 1.365, 0.0, 2.313, 4.098, 6.183, 7.479, 7.236, 7.08, 6.785, 6.071, 4.988, 4.914, 4.933, 6.006, 5.163, 2.55, 5.086, 5.261, 5.662, 7.949, 8.296, 5.221, 3.2, 2.604, 2.174, 3.687, 3.904, 2.723, 3.84, 3.658, 4.555, 5.488, 5.96, 5.226, 4.808, 4.187, 3.849, 4.629, 4.995, 4.955, 4.088, 4.045, 3.11, 3.266, 3.349, 3.712, 3.934, 2.314, 6.183, 3.411, 2.192, 1.913, 1.974, 3.232, 1.671, 1.738, 1.687, 2.287, 2.24, 1.946, 2.07, 1.732, 2.393, 2.287, 1.944, 2.189, 1.935, 3.756, 4.765, 5.08, 5.089, 3.621, 2.268, 2.78, 4.783, 5.002], [3.228, 1.994, 1.738, 2.387, 3.597, 2.184, 2.404, 2.9, 2.185, 2.486, 5.079, 5.494, 3.614, 2.662, 3.943, 3.513, 3.75, 3.402, 2.179, 2.327, 2.341, 2.461, 3.691, 2.437, 1.608, 2.073, 3.39, 4.124, 3.575, 2.856, 4.433, 4.295, 3.264, 2.313, 0.0, 2.2, 4.34, 5.556, 5.378, 5.198, 5.193, 4.118, 3.155, 3.138, 2.944, 3.911, 3.217, 2.758, 6.441, 6.691, 7.072, 9.23, 9.585, 6.649, 4.453, 3.814, 2.896, 4.924, 5.284, 2.928, 4.06, 4.044, 4.481, 5.208, 5.351, 5.155, 4.215, 3.346, 4.54, 5.542, 5.379, 5.117, 4.078, 2.823, 2.53, 2.327, 1.652, 2.909, 3.031, 3.493, 7.597, 4.999, 3.505, 3.726, 1.682, 1.634, 2.372, 2.554, 2.365, 3.023, 3.524, 2.833, 2.912, 2.354, 2.045, 1.913, 1.934, 1.668, 3.056, 5.219, 5.967, 6.978, 7.065, 5.242, 3.191, 2.661, 3.714, 3.64], [2.639, 1.747, 2.375, 1.514, 2.414, 2.14, 3.241, 4.133, 3.376, 4.037, 6.853, 7.233, 5.022, 3.262, 2.52, 2.485, 2.946, 3.012, 3.233, 2.794, 1.914, 1.272, 2.203, 2.053, 2.748, 1.594, 2.744, 2.954, 2.507, 3.748, 6.45, 6.097, 4.868, 4.098, 2.2, 0.0, 2.705, 3.635, 3.473, 3.429, 3.515, 3.022, 2.212, 2.073, 1.926, 2.347, 2.323, 4.311, 8.293, 8.485, 8.86, 11.11, 11.468, 8.395, 6.026, 5.561, 4.449, 6.681, 7.062, 2.849, 3.775, 4.109, 4.21, 5.009, 5.023, 5.722, 4.595, 3.424, 5.701, 6.987, 6.582, 5.826, 5.253, 3.022, 3.0, 2.64, 2.177, 3.907, 3.76, 5.246, 9.297, 6.515, 4.97, 5.174, 3.279, 1.725, 3.958, 4.312, 3.312, 4.487, 5.185, 4.262, 4.567, 3.783, 2.746, 3.103, 3.302, 2.821, 4.374, 7.104, 7.238, 8.416, 8.536, 6.552, 4.356, 3.073, 2.832, 2.666], [3.856, 3.597, 4.52, 2.787, 2.176, 2.901, 4.784, 5.372, 5.461, 6.276, 8.97, 9.426, 6.674, 4.767, 3.281, 3.672, 4.321, 4.44, 4.777, 4.489, 3.442, 2.665, 1.705, 3.58, 4.611, 2.989, 2.724, 2.26, 1.958, 5.756, 8.597, 8.382, 7.151, 6.183, 4.34, 2.705, 0.0, 1.71, 1.607, 2.007, 2.112, 1.672, 2.307, 1.994, 2.501, 1.991, 3.309, 6.3, 10.283, 10.525, 10.954, 13.171, 13.517, 10.456, 8.085, 7.643, 6.684, 8.855, 9.263, 4.804, 4.786, 5.237, 4.464, 5.01, 5.058, 6.771, 5.53, 4.804, 7.443, 8.745, 8.403, 7.742, 7.223, 5.097, 5.023, 4.334, 3.913, 5.78, 5.538, 7.079, 11.567, 8.685, 7.105, 7.32, 5.487, 3.446, 5.925, 6.277, 5.358, 6.601, 7.043, 5.925, 6.359, 5.874, 4.884, 5.362, 5.714, 5.052, 6.355, 8.915, 8.903, 10.385, 10.76, 8.464, 6.281, 5.076, 2.76, 2.608], [4.255, 4.429, 5.764, 3.746, 3.064, 4.25, 5.777, 6.307, 6.25, 7.356, 10.215, 10.539, 7.693, 5.035, 3.56, 4.116, 4.842, 5.313, 6.172, 5.683, 4.424, 3.657, 2.582, 4.676, 5.802, 4.062, 3.713, 2.474, 2.821, 6.952, 9.842, 9.586, 8.204, 7.479, 5.556, 3.635, 1.71, 0.0, 0.988, 1.77, 1.824, 2.199, 3.242, 2.749, 3.363, 3.023, 4.532, 7.523, 11.355, 11.584, 12.033, 14.147, 14.5, 11.523, 9.07, 8.593, 7.837, 9.912, 10.423, 5.699, 5.821, 6.191, 4.977, 5.045, 5.53, 7.656, 6.31, 5.678, 8.491, 9.877, 9.452, 8.79, 8.254, 6.034, 5.993, 5.586, 5.139, 6.797, 6.693, 8.284, 12.557, 9.807, 8.171, 8.245, 6.66, 4.742, 7.206, 7.659, 6.623, 7.666, 8.324, 7.134, 7.602, 7.088, 5.871, 6.479, 6.788, 5.938, 7.542, 10.36, 9.715, 11.102, 11.434, 9.075, 6.876, 5.781, 3.457, 3.088], [4.507, 4.362, 5.559, 3.847, 3.067, 4.177, 5.717, 6.476, 6.118, 7.143, 10.0, 10.476, 7.72, 5.465, 3.856, 4.302, 4.989, 5.181, 5.946, 5.411, 4.256, 3.38, 2.483, 4.77, 5.81, 4.007, 3.63, 2.297, 2.73, 6.797, 9.629, 9.361, 8.034, 7.236, 5.378, 3.473, 1.607, 0.988, 0.0, 1.296, 1.494, 2.059, 3.097, 2.601, 3.456, 2.991, 4.585, 7.397, 11.38, 11.618, 12.076, 14.272, 14.629, 11.538, 9.147, 8.711, 7.699, 9.906, 10.287, 5.634, 5.633, 6.138, 5.027, 5.03, 5.611, 7.765, 6.431, 5.776, 8.534, 9.933, 9.486, 8.797, 8.346, 6.153, 6.039, 5.557, 5.069, 6.9, 6.743, 8.308, 12.553, 9.6, 7.944, 8.023, 6.484, 4.496, 7.0, 7.405, 6.427, 7.601, 8.27, 7.066, 7.614, 6.85, 5.71, 6.242, 6.562, 5.845, 7.223, 10.104, 9.702, 11.036, 11.371, 9.074, 6.854, 5.698, 3.5, 3.078], [4.961, 4.403, 5.243, 4.094, 3.379, 4.313, 5.836, 6.907, 6.253, 6.904, 9.898, 10.334, 8.046, 6.139, 4.364, 4.746, 5.451, 5.525, 5.87, 5.272, 4.34, 3.465, 2.88, 4.855, 5.837, 4.242, 3.745, 2.234, 3.169, 6.677, 9.393, 9.041, 7.89, 7.08, 5.198, 3.429, 2.007, 1.77, 1.296, 0.0, 1.128, 1.979, 2.91, 2.786, 3.613, 2.851, 4.549, 7.41, 11.399, 11.594, 11.969, 14.22, 14.577, 11.498, 9.121, 8.653, 7.484, 9.792, 10.078, 5.717, 5.367, 6.003, 4.954, 4.841, 5.505, 7.703, 6.34, 5.755, 8.547, 9.943, 9.538, 8.836, 8.368, 6.108, 5.986, 5.6, 5.109, 6.909, 6.817, 8.351, 12.439, 9.386, 7.847, 8.163, 6.233, 4.58, 6.904, 7.31, 6.442, 7.632, 8.291, 7.373, 7.653, 6.699, 5.551, 5.947, 6.26, 6.028, 7.142, 10.044, 10.105, 11.294, 11.554, 9.412, 7.221, 5.887, 3.771, 3.156], [4.644, 4.247, 5.416, 4.099, 3.381, 4.361, 5.708, 6.906, 6.102, 6.759, 10.108, 10.539, 8.071, 6.023, 4.453, 4.466, 4.977, 5.06, 5.651, 5.104, 4.447, 3.339, 2.952, 4.941, 5.985, 4.317, 3.515, 2.006, 3.046, 6.866, 9.313, 9.097, 7.584, 6.785, 5.193, 3.515, 2.112, 1.824, 1.494, 1.128, 0.0, 1.939, 3.078, 2.723, 3.694, 3.178, 4.806, 7.616, 11.593, 11.787, 12.166, 14.412, 14.771, 11.694, 9.268, 8.827, 7.715, 10.007, 10.296, 5.811, 5.741, 6.321, 5.326, 5.286, 5.855, 8.096, 6.721, 6.123, 8.763, 10.152, 9.747, 9.032, 8.582, 6.312, 6.219, 5.811, 5.33, 7.121, 7.035, 8.565, 12.586, 9.428, 7.639, 7.867, 6.436, 4.673, 7.083, 7.326, 6.26, 7.721, 8.409, 7.397, 7.848, 6.833, 5.545, 5.593, 6.162, 5.891, 7.096, 10.192, 9.857, 10.595, 10.992, 8.642, 6.715, 5.269, 3.147, 2.96], [4.324, 3.818, 4.08, 2.974, 2.365, 3.252, 4.937, 6.01, 5.32, 5.859, 8.529, 8.824, 6.67, 5.206, 3.915, 4.303, 4.968, 5.145, 4.977, 4.683, 3.736, 2.979, 2.375, 3.664, 4.415, 2.998, 2.788, 1.833, 2.274, 5.27, 7.935, 7.975, 6.864, 6.071, 4.118, 3.022, 1.672, 2.199, 2.059, 1.979, 1.939, 0.0, 1.871, 1.995, 2.346, 2.27, 3.63, 5.895, 9.842, 10.032, 10.424, 12.655, 13.02, 10.012, 7.582, 7.34, 6.188, 8.268, 8.59, 4.695, 4.271, 4.846, 4.06, 4.705, 4.88, 6.707, 5.495, 4.663, 7.252, 8.573, 8.152, 7.35, 6.899, 4.694, 4.609, 4.197, 3.716, 5.421, 5.363, 7.101, 11.336, 8.165, 6.622, 7.02, 4.991, 3.301, 5.634, 5.978, 5.507, 6.522, 7.016, 5.944, 6.324, 5.64, 4.829, 5.123, 5.365, 4.983, 6.181, 8.633, 9.112, 10.138, 10.448, 8.317, 6.147, 4.741, 3.042, 2.931], [3.527, 3.089, 3.172, 2.293, 1.98, 2.559, 4.04, 5.181, 4.389, 4.792, 7.436, 7.663, 5.745, 4.324, 3.366, 3.516, 4.226, 4.491, 4.212, 3.787, 3.019, 2.235, 1.96, 2.822, 3.558, 2.642, 2.134, 2.288, 1.95, 4.407, 7.157, 6.872, 5.882, 4.988, 3.155, 2.212, 2.307, 3.242, 3.097, 2.91, 3.078, 1.871, 0.0, 1.524, 1.543, 1.983, 2.771, 4.813, 8.706, 8.905, 9.282, 11.497, 11.877, 8.887, 6.562, 6.206, 5.052, 7.05, 7.464, 3.967, 3.866, 4.325, 4.254, 4.883, 4.966, 6.263, 5.182, 4.268, 6.646, 7.871, 7.477, 6.536, 5.927, 3.764, 3.713, 3.359, 2.818, 4.339, 4.274, 5.986, 10.005, 7.169, 5.715, 6.16, 3.908, 2.781, 4.851, 5.363, 4.562, 5.475, 6.065, 5.136, 5.352, 4.767, 3.81, 4.041, 4.191, 3.881, 5.244, 7.825, 8.226, 9.343, 9.541, 7.44, 5.278, 4.159, 3.074, 2.79], [2.943, 2.73, 3.411, 2.111, 1.837, 2.146, 3.854, 4.594, 4.252, 4.956, 7.693, 8.182, 5.765, 3.852, 3.232, 2.855, 3.561, 3.784, 3.918, 3.501, 2.785, 1.811, 1.478, 2.789, 3.64, 2.636, 1.802, 1.807, 1.638, 4.708, 7.34, 7.075, 5.705, 4.914, 3.138, 2.073, 1.994, 2.749, 2.601, 2.786, 2.723, 1.995, 1.524, 0.0, 1.824, 2.042, 2.887, 5.235, 9.107, 9.31, 9.755, 12.015, 12.375, 9.29, 6.992, 6.418, 5.426, 7.64, 7.981, 4.132, 4.442, 4.835, 4.636, 5.305, 5.426, 6.898, 5.89, 4.844, 7.051, 8.189, 7.771, 6.877, 6.303, 4.241, 4.165, 3.536, 2.936, 4.738, 4.627, 6.149, 10.221, 7.432, 5.871, 6.029, 4.253, 2.677, 4.883, 5.271, 4.22, 5.353, 5.993, 5.147, 5.512, 4.732, 3.745, 4.043, 4.291, 3.694, 5.059, 7.842, 7.844, 9.122, 9.44, 7.21, 5.024, 4.052, 2.846, 2.653], [3.435, 3.006, 2.982, 1.7, 1.879, 2.15, 3.951, 4.723, 4.284, 4.912, 7.255, 7.5, 5.0, 4.0, 3.305, 3.368, 4.124, 4.29, 4.13, 3.774, 2.968, 2.24, 1.969, 2.121, 2.933, 1.843, 2.056, 2.7, 1.937, 4.085, 7.008, 6.839, 5.706, 4.933, 2.944, 1.926, 2.501, 3.363, 3.456, 3.613, 3.694, 2.346, 1.543, 1.824, 0.0, 1.905, 2.106, 4.341, 8.076, 8.322, 8.815, 10.855, 11.209, 8.293, 5.986, 5.664, 4.973, 6.769, 7.437, 3.637, 3.703, 3.957, 3.702, 4.137, 4.116, 5.368, 4.461, 3.43, 5.748, 6.972, 6.553, 5.735, 5.027, 2.99, 3.16, 2.698, 2.267, 3.531, 3.473, 5.245, 9.778, 7.166, 5.701, 5.947, 3.839, 2.387, 4.487, 4.97, 4.172, 4.902, 5.533, 4.439, 4.638, 4.53, 3.775, 4.109, 4.352, 3.455, 5.147, 7.425, 8.162, 9.323, 9.382, 7.51, 5.314, 4.068, 3.123, 2.634], [3.617, 3.371, 3.95, 2.349, 1.846, 2.693, 4.72, 5.389, 5.303, 5.848, 8.207, 8.275, 6.328, 4.545, 2.994, 3.421, 4.216, 4.147, 4.518, 4.204, 3.022, 2.251, 1.653, 2.492, 3.892, 2.817, 3.124, 3.061, 2.355, 4.967, 7.827, 7.881, 6.907, 6.006, 3.911, 2.347, 1.991, 3.023, 2.991, 2.851, 3.178, 2.27, 1.983, 2.042, 1.905, 0.0, 2.066, 5.216, 9.175, 9.394, 9.774, 11.987, 12.364, 9.302, 6.981, 6.866, 5.926, 7.609, 8.281, 4.4, 4.073, 4.39, 4.111, 4.738, 4.696, 6.093, 5.041, 4.056, 6.463, 7.819, 7.405, 6.648, 6.195, 3.925, 3.923, 3.639, 3.236, 4.716, 4.652, 6.523, 10.853, 8.208, 6.734, 7.213, 4.689, 3.02, 5.432, 5.825, 5.424, 6.211, 6.684, 5.838, 5.808, 5.459, 4.589, 5.0, 5.303, 4.682, 6.111, 8.484, 8.889, 10.319, 10.613, 8.404, 6.252, 4.989, 3.256, 2.959], [3.067, 2.924, 3.473, 2.169, 2.616, 2.27, 3.945, 4.547, 4.769, 5.313, 7.448, 7.508, 5.282, 3.9, 3.246, 3.02, 3.542, 3.595, 3.759, 3.534, 2.8, 2.426, 2.637, 1.368, 2.753, 2.429, 3.58, 3.862, 3.22, 4.159, 7.079, 7.292, 6.225, 5.163, 3.217, 2.323, 3.309, 4.532, 4.585, 4.549, 4.806, 3.63, 2.771, 2.887, 2.106, 2.066, 0.0, 3.809, 7.702, 8.082, 8.516, 10.49, 10.872, 7.948, 5.987, 5.869, 5.331, 6.699, 7.55, 4.076, 4.359, 4.652, 4.495, 4.814, 4.464, 5.274, 4.408, 3.222, 5.456, 6.565, 6.066, 5.364, 4.672, 2.703, 3.026, 2.424, 2.273, 3.154, 3.127, 5.231, 10.141, 7.66, 6.193, 6.598, 4.081, 2.478, 4.735, 5.004, 4.518, 5.177, 5.599, 4.771, 4.557, 4.816, 4.07, 4.453, 4.752, 3.921, 5.468, 7.579, 8.388, 9.786, 10.082, 7.87, 5.703, 4.636, 3.924, 3.758], [5.647, 4.27, 2.982, 3.904, 5.615, 3.88, 3.563, 3.701, 3.36, 2.841, 4.554, 4.403, 3.15, 3.705, 6.002, 5.927, 6.095, 5.749, 4.175, 4.62, 4.606, 4.791, 5.734, 3.424, 2.201, 3.655, 4.924, 6.351, 5.233, 2.787, 3.922, 4.495, 3.575, 2.55, 2.758, 4.311, 6.3, 7.523, 7.397, 7.41, 7.616, 5.895, 4.813, 5.235, 4.341, 5.216, 3.809, 0.0, 4.178, 4.785, 5.166, 7.208, 7.573, 4.622, 3.447, 3.324, 2.938, 3.555, 4.681, 3.417, 4.085, 3.672, 4.041, 4.926, 4.465, 3.415, 3.251, 2.547, 2.889, 3.569, 3.493, 3.535, 2.686, 2.302, 2.477, 2.404, 2.847, 2.541, 3.109, 2.52, 7.246, 5.025, 3.677, 3.935, 2.148, 3.1, 2.552, 2.463, 3.068, 3.158, 3.179, 2.736, 2.375, 2.678, 3.339, 3.452, 3.126, 2.595, 3.22, 4.914, 6.358, 7.337, 7.383, 5.591, 3.824, 3.768, 5.57, 5.253], [9.454, 7.926, 6.315, 7.829, 9.34, 7.645, 6.799, 6.617, 6.433, 5.575, 3.745, 3.882, 4.916, 7.244, 10.002, 9.709, 9.727, 9.097, 7.447, 7.755, 8.124, 8.751, 9.701, 6.943, 5.813, 7.424, 8.626, 10.373, 9.151, 4.746, 3.34, 4.177, 4.446, 5.086, 6.441, 8.293, 10.283, 11.355, 11.38, 11.399, 11.593, 9.842, 8.706, 9.107, 8.076, 9.175, 7.702, 4.178, 0.0, 1.799, 2.49, 4.227, 4.539, 2.766, 4.135, 4.015, 4.933, 3.185, 4.181, 6.049, 6.289, 5.504, 6.629, 7.388, 6.584, 5.14, 5.344, 5.914, 3.055, 2.346, 2.816, 3.011, 3.654, 5.629, 5.549, 6.049, 6.462, 5.12, 5.97, 4.212, 5.964, 4.835, 5.289, 4.997, 5.401, 6.978, 4.566, 4.569, 5.611, 4.001, 3.861, 4.841, 4.712, 5.169, 6.611, 6.686, 6.199, 5.972, 5.102, 4.995, 6.9, 6.878, 6.68, 6.235, 6.52, 7.609, 9.573, 9.206], [9.653, 8.124, 6.5, 8.019, 9.568, 7.85, 6.927, 6.121, 6.114, 5.239, 2.744, 3.102, 4.222, 7.426, 10.193, 9.9, 9.932, 9.034, 7.042, 7.4, 8.316, 8.941, 9.891, 7.239, 6.104, 7.701, 8.942, 10.592, 9.357, 4.969, 2.71, 3.053, 4.35, 5.261, 6.691, 8.485, 10.525, 11.584, 11.618, 11.594, 11.787, 10.032, 8.905, 9.31, 8.322, 9.394, 8.082, 4.785, 1.799, 0.0, 1.412, 3.268, 3.59, 1.847, 3.492, 3.512, 4.323, 2.432, 3.059, 6.248, 6.397, 5.699, 6.848, 7.707, 6.953, 5.876, 5.62, 6.222, 3.345, 3.016, 3.862, 3.624, 4.329, 6.043, 5.799, 6.349, 6.725, 5.529, 6.322, 3.747, 4.509, 3.869, 4.716, 4.37, 5.483, 7.201, 4.742, 4.564, 5.876, 4.243, 3.699, 5.086, 4.658, 4.972, 6.536, 6.562, 5.954, 5.998, 4.886, 4.009, 5.69, 5.568, 5.261, 5.413, 6.708, 7.799, 9.765, 9.396], [10.031, 8.51, 6.87, 8.428, 9.953, 8.236, 7.271, 6.544, 6.488, 5.615, 2.407, 2.452, 4.508, 7.805, 10.572, 10.326, 10.354, 9.435, 7.241, 7.723, 8.694, 9.32, 10.303, 7.733, 6.565, 8.169, 9.4, 11.012, 9.765, 5.366, 2.929, 3.194, 4.705, 5.662, 7.072, 8.86, 10.954, 12.033, 12.076, 11.969, 12.166, 10.424, 9.282, 9.755, 8.815, 9.774, 8.516, 5.166, 2.49, 1.412, 0.0, 2.414, 2.693, 1.161, 3.148, 3.533, 4.603, 2.308, 2.593, 6.619, 6.785, 6.111, 7.278, 8.136, 7.357, 6.442, 6.131, 6.688, 3.875, 3.73, 4.783, 4.651, 4.951, 6.539, 6.259, 6.794, 7.169, 5.958, 6.781, 4.132, 3.643, 3.377, 4.758, 4.611, 5.862, 7.655, 5.201, 5.002, 6.318, 4.739, 4.169, 5.544, 5.165, 5.393, 6.877, 6.923, 6.333, 6.461, 5.319, 3.447, 4.973, 4.841, 4.461, 5.471, 7.085, 8.178, 10.144, 9.783], [12.241, 10.736, 9.094, 10.653, 12.153, 10.507, 9.539, 8.715, 8.718, 7.838, 4.454, 3.98, 6.651, 10.065, 12.801, 12.596, 12.624, 11.69, 9.467, 9.992, 10.914, 11.571, 12.572, 9.741, 8.65, 10.313, 11.442, 13.277, 12.041, 7.575, 5.103, 5.376, 6.992, 7.949, 9.23, 11.11, 13.171, 14.147, 14.272, 14.22, 14.412, 12.655, 11.497, 12.015, 10.855, 11.987, 10.49, 7.208, 4.227, 3.268, 2.414, 0.0, 1.128, 2.853, 5.164, 5.606, 6.813, 4.478, 4.276, 8.859, 9.014, 8.311, 9.412, 10.065, 9.256, 8.121, 8.299, 8.71, 5.847, 5.184, 6.223, 6.436, 6.657, 8.362, 8.295, 8.896, 9.315, 7.733, 8.595, 6.141, 3.256, 5.109, 6.969, 6.864, 8.091, 9.885, 7.425, 7.233, 8.515, 6.815, 6.253, 7.572, 7.112, 7.646, 9.096, 9.152, 8.562, 8.676, 7.57, 4.505, 5.504, 4.993, 4.715, 7.398, 9.296, 10.408, 12.373, 12.004], [12.617, 11.113, 9.452, 11.012, 12.53, 10.853, 9.86, 9.054, 9.097, 8.218, 4.797, 4.381, 6.996, 10.426, 13.181, 12.946, 12.959, 12.049, 9.826, 10.353, 11.294, 11.932, 12.933, 10.077, 8.988, 10.671, 11.784, 13.636, 12.384, 7.934, 5.475, 5.746, 7.339, 8.296, 9.585, 11.468, 13.517, 14.5, 14.629, 14.577, 14.771, 13.02, 11.877, 12.375, 11.209, 12.364, 10.872, 7.573, 4.539, 3.59, 2.693, 1.128, 0.0, 3.241, 5.543, 5.97, 7.179, 4.835, 4.623, 9.23, 9.389, 8.688, 9.781, 10.426, 9.674, 8.51, 8.59, 9.053, 6.188, 5.398, 6.506, 6.792, 7.096, 8.733, 8.681, 9.249, 9.651, 8.136, 8.998, 6.497, 3.908, 5.437, 7.349, 7.225, 8.471, 10.244, 7.783, 7.58, 8.862, 7.176, 6.6, 7.89, 7.431, 8.005, 9.467, 9.532, 8.942, 9.037, 7.911, 4.854, 5.923, 5.593, 5.28, 7.714, 9.645, 10.788, 12.75, 12.384], [9.65, 8.103, 6.497, 7.996, 9.583, 7.783, 6.951, 6.048, 6.046, 5.215, 1.998, 2.03, 3.997, 7.416, 10.133, 9.864, 9.887, 8.912, 6.707, 7.293, 8.294, 8.908, 9.816, 7.178, 6.125, 7.638, 9.0, 10.575, 9.275, 4.923, 2.643, 2.81, 4.281, 5.221, 6.649, 8.395, 10.456, 11.523, 11.538, 11.498, 11.694, 10.012, 8.887, 9.29, 8.293, 9.