[[0.0, 2.752, 5.153, 6.514, 8.255, 8.775, 7.61, 5.558, 4.053, 4.25, 5.722, 5.315, 2.584, 4.143, 10.086, 14.663, 16.705, 17.002, 17.542, 18.429, 19.001, 19.046, 18.666, 18.065, 17.658, 17.718, 17.863, 18.385, 18.928, 20.393, 22.619, 24.048, 24.43, 23.807, 21.459, 20.352, 21.089, 22.541, 22.622, 20.113, 19.586, 21.296, 22.697, 22.909, 23.027, 22.442, 21.315, 19.79, 17.825, 16.813, 16.006, 14.781, 12.665, 11.703, 12.391, 13.324, 12.911, 11.335, 9.794, 9.598, 11.101, 12.286, 12.573, 12.858, 12.992, 13.419, 13.902, 14.158, 14.452, 15.273, 16.256, 17.102, 17.223, 15.568, 11.993, 6.437, 3.928, 4.368, 5.659, 6.096, 6.327, 7.961, 9.969, 10.539, 9.227, 7.231, 7.147, 7.617, 6.891, 4.751, 7.637, 13.046, 16.135, 16.968, 17.621, 19.546, 21.5, 24.103, 26.52, 27.915, 27.754, 26.451, 25.146, 24.001, 23.241, 23.256, 23.79, 24.268, 24.061, 22.845, 22.139, 22.978, 24.323, 25.152, 25.314, 24.903, 24.945, 25.483, 25.744, 26.017, 26.027, 25.668, 24.811, 23.788, 21.256, 16.029, 10.284, 7.159, 8.942, 10.909, 9.927, 7.779, 7.681, 9.253, 9.18, 8.85, 9.484, 9.074, 7.436, 4.631, 4.042, 4.441, 4.569, 3.829, 2.998, 2.656, 2.365, 2.453, 2.357, 2.384, 2.917, 3.091, 2.249, 2.303, 3.048, 3.209, 3.438, 4.118], [2.752, 0.0, 2.593, 4.586, 5.989, 6.321, 5.097, 3.36, 2.154, 2.211, 3.247, 2.837, 1.619, 2.156, 7.726, 12.372, 14.088, 14.325, 14.845, 15.725, 16.54, 16.878, 16.592, 16.001, 15.275, 15.334, 15.557, 16.106, 16.542, 17.762, 20.127, 21.482, 21.987, 21.445, 19.132, 17.839, 18.574, 19.912, 20.014, 17.616, 16.994, 18.619, 19.993, 20.205, 20.323, 19.739, 18.615, 17.09, 15.124, 14.117, 13.314, 12.086, 10.033, 9.312, 9.853, 10.887, 10.481, 8.82, 7.671, 7.137, 8.43, 9.798, 10.237, 10.453, 10.353, 10.72, 11.205, 11.463, 11.856, 12.659, 13.636, 14.429, 14.557, 12.902, 9.336, 4.012, 2.006, 2.514, 3.359, 3.566, 3.697, 5.424, 7.546, 8.203, 6.902, 5.366, 4.942, 5.401, 4.901, 3.502, 5.453, 10.96, 14.172, 15.052, 15.541, 17.205, 18.936, 21.46, 23.894, 25.295, 25.112, 23.805, 22.506, 21.354, 20.577, 20.578, 21.11, 21.612, 21.392, 20.199, 19.544, 20.539, 22.009, 22.745, 22.829, 22.354, 22.435, 22.887, 23.092, 23.374, 23.363, 23.005, 22.217, 21.177, 18.63, 13.352, 7.589, 4.653, 6.408, 8.208, 7.228, 5.577, 5.611, 6.952, 6.993, 6.588, 7.317, 6.612, 5.224, 3.325, 2.883, 2.624, 2.37, 1.989, 1.509, 1.427, 1.912, 2.989, 3.52, 3.939, 4.671, 4.969, 3.794, 4.052, 4.969, 4.643, 4.768, 5.036], [5.153, 2.593, 0.0, 2.299, 3.657, 3.953, 2.792, 2.042, 1.921, 2.073, 1.46, 1.366, 2.951, 1.529, 5.266, 9.869, 11.666, 11.87, 12.462, 13.335, 14.111, 14.443, 14.115, 13.504, 12.772, 12.832, 13.059, 13.608, 14.091, 15.353, 17.652, 19.075, 19.544, 18.943, 16.629, 15.419, 16.154, 17.499, 17.607, 15.124, 14.593, 16.164, 17.603, 17.815, 17.928, 17.342, 16.215, 14.69, 12.725, 11.745, 10.939, 9.715, 7.615, 6.837, 7.433, 8.385, 7.983, 6.565, 6.209, 5.85, 6.048, 7.331, 7.734, 8.045, 7.977, 8.344, 8.818, 9.073, 9.497, 10.231, 11.236, 12.019, 12.128, 10.501, 6.995, 2.019, 3.012, 2.682, 1.964, 1.931, 1.487, 2.985, 5.09, 5.726, 4.448, 3.762, 3.341, 3.207, 2.675, 2.644, 3.148, 8.468, 11.687, 12.597, 13.091, 14.703, 16.509, 19.042, 21.479, 22.88, 22.691, 21.352, 20.07, 18.924, 18.22, 18.208, 18.732, 19.218, 19.024, 17.824, 17.132, 18.069, 19.511, 20.258, 20.4, 19.94, 19.994, 20.477, 20.641, 20.956, 20.913, 20.555, 19.809, 18.778, 16.23, 10.927, 5.211, 2.25, 3.962, 5.812, 4.838, 3.163, 3.169, 4.49, 4.503, 4.096, 4.823, 4.222, 2.936, 2.405, 2.461, 2.008, 1.723, 1.991, 2.664, 3.148, 3.827, 5.167, 5.933, 6.307, 7.05, 7.319, 6.077, 6.466, 7.338, 6.854, 6.529, 6.386], [6.514, 4.586, 2.299, 0.0, 1.953, 2.441, 1.532, 2.67, 3.727, 3.85, 2.876, 2.722, 4.432, 3.139, 3.671, 8.274, 10.239, 10.536, 11.121, 12.009, 12.615, 12.733, 12.439, 11.788, 11.225, 11.294, 11.438, 11.992, 12.56, 13.972, 16.174, 17.603, 18.029, 17.41, 15.067, 13.941, 14.656, 16.096, 16.177, 13.669, 13.15, 14.83, 16.277, 16.489, 16.601, 16.015, 14.888, 13.363, 11.397, 10.385, 9.578, 8.354, 6.22, 5.323, 5.961, 6.862, 6.467, 5.137, 4.732, 4.586, 4.708, 5.853, 6.153, 6.575, 6.602, 7.004, 7.478, 7.734, 8.061, 8.828, 9.81, 10.654, 10.76, 9.128, 5.566, 2.704, 4.773, 4.491, 3.495, 3.454, 2.593, 2.983, 3.554, 4.127, 2.943, 1.997, 1.939, 1.629, 1.439, 2.506, 1.844, 6.75, 9.84, 10.791, 11.357, 13.113, 15.08, 17.648, 20.077, 21.476, 21.303, 19.996, 18.687, 17.543, 16.819, 16.832, 17.366, 17.848, 17.641, 16.421, 15.698, 16.554, 17.926, 18.744, 18.909, 18.48, 18.529, 19.044, 19.286, 19.563, 19.566, 19.207, 18.371, 17.346, 14.811, 9.563, 4.121, 2.826, 2.885, 4.526, 3.623, 2.072, 2.298, 3.039, 2.894, 2.465, 3.156, 2.752, 1.952, 2.555, 3.162, 2.744, 2.943, 3.499, 4.531, 5.04, 5.67, 6.573, 7.477, 7.976, 8.815, 9.056, 7.856, 8.133, 8.665, 8.239, 7.911, 7.546], [8.255, 5.989, 3.657, 1.953, 0.0, 0.968, 1.519, 3.669, 5.004, 4.878, 3.666, 3.785, 6.114, 4.626, 1.937, 6.532, 8.523, 8.817, 9.331, 10.219, 10.844, 11.181, 10.751, 10.254, 9.569, 9.677, 9.843, 10.319, 10.873, 12.246, 14.459, 15.873, 16.269, 15.646, 13.345, 12.191, 12.926, 14.375, 14.456, 11.968, 11.42, 13.111, 14.487, 14.699, 14.816, 14.232, 13.108, 11.583, 9.618, 8.606, 7.799, 6.575, 4.501, 4.285, 4.73, 5.212, 4.93, 4.622, 4.488, 4.371, 3.669, 4.2, 4.432, 4.893, 4.888, 5.234, 5.702, 5.951, 6.283, 7.107, 8.089, 8.917, 9.041, 7.386, 4.242, 3.61, 5.734, 5.31, 4.098, 4.05, 3.317, 2.795, 2.431, 2.474, 1.637, 2.448, 2.204, 1.892, 2.23, 4.295, 1.93, 5.218, 8.549, 9.41, 9.896, 11.415, 13.301, 15.926, 18.354, 19.748, 19.576, 18.276, 16.964, 15.819, 15.036, 15.051, 15.586, 16.066, 15.858, 14.663, 13.973, 14.859, 16.24, 16.996, 17.155, 16.741, 16.794, 17.316, 17.562, 17.835, 17.845, 17.486, 16.646, 15.622, 13.089, 7.843, 2.829, 2.884, 2.412, 3.17, 2.509, 2.313, 2.763, 3.006, 2.16, 1.742, 1.777, 1.684, 2.063, 4.104, 4.935, 4.215, 4.185, 4.87, 5.934, 6.233, 7.131, 8.308, 9.196, 9.718, 10.455, 10.584, 9.319, 9.814, 10.463, 10.075, 9.77, 9.389], [8.775, 6.321, 3.953, 2.441, 0.968, 0.0, 1.541, 3.843, 5.342, 4.983, 3.68, 3.848, 6.556, 4.977, 1.667, 6.223, 8.014, 8.296, 8.827, 9.712, 10.417, 10.958, 10.473, 9.969, 9.218, 9.329, 9.522, 9.991, 10.468, 11.773, 13.977, 15.356, 15.803, 15.255, 12.958, 11.69, 12.407, 13.834, 13.919, 11.493, 10.88, 12.582, 13.98, 14.192, 14.309, 13.725, 12.598, 11.073, 9.108, 8.096, 7.289, 6.065, 4.004, 4.062, 4.532, 4.96, 4.764, 4.753, 4.65, 4.421, 3.623, 3.955, 4.299, 4.832, 4.775, 4.861, 5.265, 5.442, 5.746, 6.566, 7.549, 8.388, 8.51, 6.856, 3.773, 3.525, 5.68, 5.204, 3.914, 3.896, 3.191, 2.635, 1.957, 2.084, 1.74, 2.815, 2.455, 2.019, 2.624, 4.763, 2.321, 5.021, 8.476, 9.275, 9.716, 11.064, 12.82, 15.389, 17.813, 19.214, 19.06, 17.753, 16.463, 15.294, 14.54, 14.546, 15.074, 15.568, 15.363, 14.141, 13.474, 14.364, 15.884, 16.577, 16.656, 16.235, 16.275, 16.79, 17.035, 17.317, 17.313, 16.974, 16.118, 15.085, 12.549, 7.314, 2.438, 2.726, 2.228, 2.633, 2.13, 2.676, 3.054, 3.038, 2.228, 1.677, 1.747, 1.573, 2.332, 4.581, 5.312, 4.578, 4.413, 5.175, 6.204, 6.47, 7.446, 8.792, 9.603, 10.052, 10.787, 10.952, 9.722, 10.135, 10.961, 10.562, 10.24, 9.862], [7.61, 5.097, 2.792, 1.532, 1.519, 1.541, 0.0, 2.566, 4.088, 3.671, 2.474, 2.674, 5.413, 3.78, 2.908, 7.521, 9.211, 9.5, 10.056, 10.94, 11.771, 12.269, 11.784, 11.269, 10.525, 10.573, 10.807, 11.282, 11.785, 13.016, 15.248, 16.589, 17.063, 16.541, 14.266, 12.947, 13.648, 15.022, 15.109, 12.738, 12.094, 13.786, 15.209, 15.421, 15.536, 14.95, 13.823, 12.298, 10.333, 9.321, 8.514, 7.29, 5.169, 4.671, 5.178, 6.132, 5.928, 5.278, 5.039, 4.625, 4.133, 5.029, 5.533, 5.977, 5.887, 5.977, 6.446, 6.667, 6.986, 7.762, 8.743, 9.592, 9.714, 8.067, 4.611, 2.518, 4.504, 4.121, 2.85, 2.805, 2.115, 2.225, 2.624, 3.33, 2.58, 2.773, 2.369, 2.002, 1.996, 3.744, 1.793, 6.299, 9.741, 10.541, 11.044, 12.338, 14.094, 16.593, 19.006, 20.417, 20.275, 18.964, 17.677, 16.508, 15.781, 15.774, 16.311, 16.807, 16.59, 15.361, 14.669, 15.664, 17.171, 17.836, 17.903, 17.458, 17.515, 18.003, 18.247, 18.533, 18.52, 18.176, 17.311, 16.278, 13.737, 8.518, 2.985, 1.98, 2.215, 3.446, 2.499, 2.155, 2.712, 2.831, 2.45, 2.019, 2.53, 1.827, 1.616, 3.579, 4.169, 3.471, 3.261, 3.939, 4.909, 5.235, 6.168, 7.579, 8.395, 8.781, 9.487, 9.703, 8.47, 8.875, 9.751, 9.39, 9.118, 8.743], [5.558, 3.36, 2.042, 2.67, 3.669, 3.843, 2.566, 0.0, 1.88, 2.321, 1.73, 1.629, 3.332, 1.652, 5.296, 9.917, 11.68, 11.957, 12.548, 13.414, 14.169, 14.713, 14.139, 13.53, 12.857, 12.999, 13.173, 13.601, 14.183, 15.524, 17.672, 18.975, 19.37, 18.81, 16.54, 15.204, 16.037, 17.478, 17.53, 15.187, 14.524, 16.222, 17.682, 17.894, 18.004, 17.419, 16.291, 14.766, 12.801, 11.789, 10.982, 9.752, 7.594, 6.731, 7.255, 8.489, 8.263, 6.883, 6.167, 5.598, 6.194, 7.308, 7.761, 7.991, 8.107, 8.396, 8.878, 9.134, 9.42, 10.225, 11.179, 12.06, 12.147, 10.521, 7.002, 2.625, 3.491, 3.134, 2.02, 2.044, 2.099, 3.228, 4.952, 5.633, 4.497, 3.742, 3.021, 3.229, 2.777, 3.196, 3.005, 8.524, 11.961, 12.838, 13.439, 14.789, 16.612, 19.019, 21.416, 22.823, 22.679, 21.387, 20.132, 18.943, 18.239, 18.251, 18.797, 19.296, 19.042, 17.812, 17.095, 17.981, 19.423, 20.109, 20.146, 19.78, 19.858, 20.428, 20.67, 20.938, 20.938, 20.611, 19.735, 18.674, 16.14, 10.954, 5.268, 2.647, 4.167, 5.885, 4.954, 3.246, 3.755, 4.485, 4.549, 4.255, 4.889, 4.061, 2.515, 2.578, 3.03, 2.463, 1.992, 2.445, 2.995, 3.188, 4.143, 5.456, 6.307, 6.756, 7.316, 7.459, 6.255, 6.702, 7.476, 7.452, 7.291, 7.102], [4.053, 2.154, 1.921, 3.727, 5.004, 5.342, 4.088, 1.88, 0.0, 1.436, 2.159, 2.002, 2.1, 1.286, 6.736, 11.416, 13.245, 13.517, 14.064, 14.951, 15.66, 16.016, 15.646, 15.08, 14.33, 14.393, 14.619, 15.149, 15.633, 16.93, 19.229, 20.655, 21.124, 20.517, 18.17, 16.999, 17.72, 19.1, 19.187, 16.705, 16.172, 17.811, 19.219, 19.431, 19.549, 18.963, 17.836, 16.311, 14.345, 13.334, 12.535, 11.303, 9.224, 8.407, 9.012, 9.941, 9.591, 8.052, 7.169, 6.676, 7.622, 8.904, 9.28, 9.558, 9.528, 9.946, 10.425, 10.687, 11.045, 11.832, 12.815, 13.618, 13.747, 12.093, 8.541, 3.126, 2.615, 2.414, 2.214, 2.589, 2.894, 4.5, 6.633, 7.246, 6.019, 4.822, 4.226, 4.611, 4.101, 3.584, 4.501, 10.051, 13.38, 14.26, 14.752, 16.259, 18.061, 20.651, 23.083, 24.484, 24.3, 22.989, 21.679, 20.54, 19.791, 19.798, 20.325, 20.818, 20.605, 19.38, 18.715, 19.649, 21.056, 21.824, 21.978, 21.519, 21.571, 22.067, 22.278, 22.561, 22.554, 22.194, 21.391, 20.356, 17.814, 12.544, 6.806, 3.805, 5.51, 7.429, 6.45, 4.638, 4.739, 6.035, 6.067, 5.704, 6.36, 5.732, 4.115, 3.008, 3.15, 2.712, 2.336, 2.091, 2.272, 2.162, 2.979, 4.172, 4.842, 5.296, 5.77, 5.71, 4.514, 5.119, 6.301, 6.214, 6.459, 6.734], [4.25, 2.211, 2.073, 3.85, 4.878, 4.983, 3.671, 2.321, 1.436, 0.0, 1.785, 1.979, 2.393, 1.863, 6.403, 11.038, 12.818, 13.067, 13.628, 14.515, 15.275, 15.78, 15.294, 14.782, 14.033, 14.116, 14.334, 14.805, 15.295, 16.536, 18.796, 20.183, 20.669, 20.118, 17.801, 16.53, 17.265, 18.621, 18.725, 16.306, 15.686, 17.361, 18.783, 18.995, 19.111, 18.525, 17.398, 15.873, 13.907, 12.895, 12.088, 10.864, 8.779, 8.024, 8.609, 9.615, 9.39, 8.31, 7.796, 7.2, 7.317, 8.561, 8.998, 9.402, 9.284, 9.514, 10.004, 10.24, 10.57, 11.375, 12.34, 13.167, 13.3, 11.649, 8.125, 2.705, 1.624, 1.255, 1.747, 2.155, 2.422, 4.096, 6.194, 6.846, 5.979, 5.538, 4.93, 4.567, 4.216, 4.362, 4.685, 9.798, 13.21, 14.04, 14.535, 15.901, 17.681, 20.172, 22.602, 24.003, 23.85, 22.535, 21.233, 20.095, 19.36, 19.352, 19.889, 20.402, 20.168, 18.939, 18.244, 19.223, 20.716, 21.425, 21.52, 21.053, 21.125, 21.595, 21.831, 22.111, 22.097, 21.74, 20.93, 19.87, 17.335, 12.093, 6.37, 3.347, 5.207, 6.997, 6.025, 4.621, 4.681, 5.755, 5.86, 5.46, 6.003, 5.333, 4.01, 3.866, 3.896, 3.48, 2.897, 2.748, 2.724, 2.31, 3.22, 4.385, 4.949, 5.432, 5.966, 6.123, 4.954, 5.326, 6.472, 6.339, 6.513, 6.868], [5.722, 3.247, 1.46, 2.876, 3.666, 3.68, 2.474, 1.73, 2.159, 1.785, 0.0, 0.948, 3.493, 1.911, 5.04, 9.555, 11.345, 11.459, 11.944, 12.83, 13.942, 14.352, 13.88, 13.382, 12.681, 12.713, 12.898, 13.283, 13.747, 14.945, 17.216, 18.623, 19.087, 18.514, 16.229, 14.95, 15.683, 17.054, 17.145, 14.7, 14.137, 15.753, 17.098, 17.31, 17.428, 16.844, 15.721, 14.199, 12.234, 11.229, 10.432, 9.194, 7.35, 6.567, 7.117, 8.279, 8.136, 7.227, 6.834, 6.243, 5.897, 7.241, 7.74, 8.187, 8.017, 7.936, 8.323, 8.598, 8.999, 9.795, 10.78, 11.561, 11.692, 10.046, 6.421, 1.503, 2.505, 2.0, 1.115, 1.164, 1.085, 2.491, 4.658, 5.349, 4.769, 4.575, 3.931, 3.579, 3.227, 3.642, 3.57, 8.551, 12.049, 12.828, 13.232, 14.274, 16.025, 18.605, 21.039, 22.44, 22.25, 20.935, 19.639, 18.483, 17.685, 17.7, 18.21, 18.709, 18.493, 17.338, 16.682, 17.692, 19.175, 19.837, 19.937, 19.489, 19.554, 20.023, 20.227, 20.515, 20.498, 20.139, 19.351, 18.321, 15.774, 10.49, 4.722, 1.823, 3.661, 5.316, 4.357, 3.522, 3.564, 4.386, 4.584, 4.209, 4.62, 3.908, 2.691, 3.056, 3.235, 2.722, 2.183, 2.337, 3.063, 3.29, 4.171, 5.618, 6.394, 6.893, 7.53, 7.769, 6.518, 6.933, 7.853, 7.517, 7.305, 7.19], [5.315, 2.837, 1.366, 2.722, 3.785, 3.848, 2.674, 1.629, 2.002, 1.979, 0.948, 0.0, 3.053, 1.774, 5.266, 9.792, 11.609, 11.802, 12.341, 13.228, 14.171, 14.602, 14.111, 13.624, 12.912, 12.972, 13.142, 13.543, 14.003, 15.282, 17.482, 18.904, 19.354, 18.772, 16.478, 15.222, 15.965, 17.378, 17.459, 14.993, 14.432, 16.096, 17.496, 17.708, 17.825, 17.241, 16.114, 14.589, 12.623, 11.612, 10.807, 9.581, 7.642, 6.8, 7.251, 8.455, 8.349, 7.053, 6.297, 5.668, 6.058, 7.34, 7.865, 8.15, 8.13, 8.266, 8.701, 8.963, 9.296, 10.11, 11.092, 11.902, 12.029, 10.374, 6.823, 1.542, 2.576, 2.362, 1.686, 1.87, 1.352, 2.79, 4.919, 5.599, 4.743, 4.121, 3.46, 3.364, 3.047, 2.914, 3.462, 8.745, 12.199, 13.005, 13.454, 14.535, 16.338, 18.929, 21.359, 22.758, 22.577, 21.27, 19.956, 18.818, 18.054, 18.064, 18.594, 19.097, 18.873, 17.655, 16.998, 17.955, 19.438, 20.103, 20.205, 19.781, 19.836, 20.34, 20.554, 20.837, 20.835, 20.476, 19.667, 18.628, 16.093, 10.829, 5.083, 2.09, 3.975, 5.708, 4.732, 3.49, 3.503, 4.528, 4.799, 4.409, 4.814, 4.094, 2.546, 2.47, 2.532, 2.026, 1.56, 1.734, 2.723, 2.973, 3.91, 5.243, 6.056, 6.551, 7.218, 7.408, 6.174, 6.573, 7.453, 7.066, 6.838, 6.586], [2.584, 1.619, 2.951, 4.432, 6.114, 6.556, 5.413, 3.332, 2.1, 2.393, 3.493, 3.053, 0.0, 2.114, 7.957, 12.519, 14.511, 14.808, 15.356, 16.243, 16.827, 16.951, 16.634, 16.046, 15.493, 15.552, 15.698, 16.232, 16.774, 18.206, 20.447, 21.868, 22.272, 21.653, 19.304, 18.191, 18.942, 20.369, 20.45, 17.942, 17.417, 19.102, 20.511, 20.723, 20.841, 20.255, 19.128, 17.603, 15.637, 14.625, 13.818, 12.594, 10.494, 9.555, 10.226, 11.13, 10.742, 9.167, 7.65, 7.414, 8.914, 10.114, 10.406, 10.702, 10.806, 11.232, 11.715, 11.975, 12.29, 13.101, 14.084, 14.908, 15.032, 13.378, 9.828, 4.258, 2.805, 3.01, 3.642, 3.933, 4.149, 5.77, 7.804, 8.377, 7.079, 5.169, 5.003, 5.511, 4.881, 2.994, 5.552, 11.002, 14.125, 15.091, 15.592, 17.375, 19.314, 21.921, 24.349, 25.745, 25.571, 24.263, 22.956, 21.812, 21.056, 21.071, 21.606, 22.085, 21.878, 20.655, 19.968, 20.814, 22.166, 22.993, 23.158, 22.744, 22.786, 23.313, 23.555, 23.83, 23.838, 23.479, 22.641, 21.617, 19.084, 13.835, 8.098, 4.997, 6.76, 8.728, 7.74, 5.639, 5.646, 7.118, 7.072, 6.711, 7.375, 6.936, 5.23, 2.659, 2.027, 2.361, 2.478, 1.802, 1.579, 1.629, 1.952, 2.52, 3.369, 3.921, 4.618, 4.788, 3.984, 3.87, 4.541, 4.322, 4.439, 4.753], [4.143, 2.156, 1.529, 3.139, 4.626, 4.977, 3.78, 1.652, 1.286, 1.863, 1.911, 1.774, 2.114, 0.0, 6.369, 10.943, 12.868, 13.174, 13.762, 14.649, 15.248, 15.592, 15.123, 14.499, 13.818, 13.959, 14.141, 14.618, 15.224, 16.617, 18.771, 20.21, 20.5, 19.893, 17.614, 16.385, 17.211, 18.688, 18.736, 16.282, 15.738, 17.457, 18.917, 19.129, 19.239, 18.654, 17.526, 16.001, 14.036, 13.024, 12.216, 10.986, 8.78, 7.739, 8.449, 9.561, 9.174, 7.656, 6.802, 6.478, 7.32, 8.425, 8.805, 9.028, 9.218, 9.631, 10.113, 10.369, 10.655, 11.432, 12.415, 13.295, 13.378, 11.756, 8.205, 2.832, 3.005, 2.517, 2.046, 2.413, 2.588, 4.168, 6.058, 6.66, 5.338, 4.031, 3.706, 4.0, 3.368, 2.786, 3.89, 9.395, 12.55, 13.561, 14.164, 15.869, 17.746, 20.254, 22.651, 24.059, 23.9, 22.596, 21.3, 20.147, 19.445, 19.457, 19.993, 20.489, 20.257, 19.032, 18.264, 19.072, 20.493, 21.231, 21.37, 20.974, 21.037, 21.642, 21.886, 22.16, 22.173, 21.814, 20.948, 19.893, 17.37, 12.19, 6.503, 3.323, 5.224, 7.12, 6.14, 4.147, 4.158, 5.398, 5.432, 5.145, 5.884, 5.22, 3.601, 2.414, 2.478, 2.194, 2.032, 1.87, 2.052, 2.375, 3.094, 4.195, 4.994, 5.393, 6.146, 6.431, 5.237, 5.486, 6.126, 6.038, 6.008, 5.908], [10.086, 7.726, 5.266, 3.671, 1.937, 1.667, 2.908, 5.296, 6.736, 6.403, 5.04, 5.266, 7.957, 6.369, 0.0, 4.734, 6.662, 6.934, 7.493, 8.381, 9.076, 9.503, 8.982, 8.479, 7.759, 7.835, 8.026, 8.497, 9.058, 10.396, 12.544, 14.002, 14.411, 13.796, 11.474, 10.316, 11.029, 12.458, 12.536, 10.047, 9.529, 11.228, 12.649, 12.861, 12.976, 12.391, 11.264, 9.739, 7.773, 6.761, 5.954, 4.74, 2.67, 3.95, 4.368, 4.037, 3.828, 4.411, 4.447, 4.427, 3.403, 3.08, 2.989, 3.669, 3.69, 3.678, 3.948, 4.178, 4.42, 5.202, 6.185, 7.034, 7.152, 5.506, 3.637, 4.757, 7.031, 6.441, 5.248, 5.234, 4.475, 3.635, 2.321, 1.549, 1.955, 3.505, 3.495, 3.095, 3.8, 5.812, 3.208, 3.628, 7.085, 7.864, 8.29, 9.59, 11.452, 14.035, 16.438, 17.857, 17.702, 16.391, 15.086, 13.935, 13.197, 13.21, 13.736, 14.22, 14.014, 12.796, 12.06, 12.97, 14.392, 15.15, 15.288, 14.859, 14.904, 15.428, 15.68, 15.966, 15.96, 15.601, 14.733, 13.706, 11.17, 5.96, 3.051, 3.8, 3.004, 2.629, 2.558, 3.449, 3.747, 3.637, 2.898, 2.554, 1.757, 1.778, 3.425, 5.897, 6.649, 5.873, 5.701, 6.64, 7.674, 7.956, 8.916, 10.146, 10.999, 11.404, 12.194, 12.334, 11.08, 11.56, 12.297, 11.863, 11.512, 11.018], [14.663, 12.372, 9.869, 8.274, 6.532, 6.223, 7.521, 9.917, 11.416, 11.038, 9.555, 9.792, 12.519, 10.943, 4.734, 0.0, 2.201, 2.377, 2.945, 3.832, 4.647, 4.941, 4.363, 3.879, 3.442, 3.462, 3.658, 3.815, 4.465, 5.833, 7.964, 9.405, 9.771, 9.15, 6.904, 5.765, 6.521, 7.888, 7.968, 5.492, 4.986, 6.684, 8.1, 8.312, 8.429, 7.845, 6.717, 5.26, 3.94, 3.284, 2.58, 2.441, 3.087, 4.384, 4.45, 3.421, 3.409, 4.618, 5.438, 6.013, 4.461, 3.462, 3.2, 3.181, 3.452, 3.422, 3.307, 2.841, 2.318, 1.866, 2.322, 3.081, 3.042, 3.17, 5.032, 8.888, 11.315, 10.714, 9.613, 9.561, 8.948, 7.46, 5.487, 4.708, 5.912, 7.816, 7.965, 7.455, 8.194, 10.234, 7.576, 2.854, 3.011, 4.091, 3.747, 4.962, 6.903, 9.46, 11.865, 13.273, 13.111, 11.806, 10.5, 9.356, 8.635, 8.647, 9.183, 9.664, 9.454, 8.233, 7.484, 8.349, 9.747, 10.521, 10.658, 10.243, 10.295, 10.84, 11.099, 11.373, 11.382, 11.022, 10.156, 9.133, 6.602, 1.948, 6.665, 7.927, 6.224, 5.4, 5.595, 7.008, 7.172, 6.089, 5.845, 6.04, 5.447, 6.124, 7.81, 10.384, 11.201, 10.42, 10.341, 11.321, 12.36, 12.656, 13.603, 14.793, 15.678, 16.069, 16.855, 16.991, 15.739, 16.207, 16.841, 16.43, 16.044, 15.473], [16.705, 14.088, 11.666, 10.239, 8.523, 8.014, 9.211, 11.68, 13.245, 12.818, 11.345, 11.609, 14.511, 12.868, 6.662, 2.201, 0.0, 1.309, 1.911, 2.64, 3.059, 3.627, 3.517, 3.46, 3.091, 3.041, 3.338, 3.289, 2.919, 3.932, 6.154, 7.442, 7.982, 7.5, 5.325, 4.012, 4.701, 5.97, 5.992, 4.202, 3.379, 4.753, 6.136, 6.358, 6.42, 5.829, 4.711, 3.996, 3.67, 3.497, 3.177, 3.737, 4.421, 5.774, 5.224, 4.271, 4.407, 5.671, 7.007, 7.337, 5.939, 4.786, 4.45, 4.302, 4.313, 4.249, 4.185, 3.887, 3.491, 2.746, 2.689, 3.05, 2.902, 3.954, 6.606, 10.761, 13.119, 12.567, 11.291, 11.197, 10.592, 9.23, 7.324, 6.688, 7.888, 9.849, 9.969, 9.459, 10.201, 12.27, 9.628, 4.281, 2.331, 2.984, 2.337, 3.217, 4.959, 7.419, 9.849, 11.25, 11.078, 9.774, 8.487, 7.32, 6.664, 6.66, 7.154, 7.65, 7.427, 6.203, 5.519, 6.556, 8.057, 8.707, 8.742, 8.297, 8.356, 8.841, 9.055, 9.338, 9.33, 8.99, 8.162, 7.118, 4.585, 2.361, 8.274, 9.718, 7.985, 6.98, 7.213, 9.017, 9.172, 8.019, 7.813, 7.999, 7.451, 7.904, 9.886, 12.434, 13.155, 12.352, 12.162, 13.056, 14.059, 14.374, 15.319, 16.742, 17.523, 17.872, 18.621, 18.853, 17.616, 17.978, 18.892, 18.408, 18.058, 17.523], [17.002, 14.325, 11.87, 10.536, 8.817, 8.296, 9.5, 11.957, 13.517, 13.067, 11.459, 11.802, 14.808, 13.174, 6.934, 2.377, 1.309, 0.0, 1.381, 2.248, 3.443, 3.931, 3.855, 3.704, 3.461, 3.136, 3.23, 3.115, 3.135, 4.023, 6.151, 7.566, 7.838, 7.411, 5.319, 4.06, 4.535, 5.711, 5.827, 3.705, 3.078, 4.381, 5.759, 5.989, 6.073, 5.489, 4.37, 3.363, 3.08, 2.955, 2.568, 3.189, 4.681, 6.001, 5.206, 4.384, 4.539, 5.891, 7.375, 7.613, 5.994, 4.914, 4.543, 4.329, 4.318, 4.105, 3.75, 3.454, 3.149, 2.333, 2.17, 2.408, 2.225, 3.035, 6.051, 10.595, 13.313, 12.752, 11.495, 11.196, 10.724, 9.144, 7.287, 6.921, 8.194, 10.155, 10.275, 9.771, 10.52, 12.582, 9.932, 4.534, 2.544, 3.359, 2.692, 3.085, 4.808, 7.19, 9.629, 11.03, 10.845, 9.551, 8.316, 7.123, 6.416, 6.381, 6.903, 7.408, 7.19, 6.009, 5.466, 6.631, 8.155, 8.738, 8.628, 8.156, 8.247, 8.676, 8.787, 9.11, 9.046, 8.704, 7.996, 6.941, 4.394, 1.656, 7.657, 9.946, 8.152, 6.552, 7.172, 9.327, 9.479, 8.228, 8.119, 8.318, 7.713, 8.111, 10.11, 12.74, 13.461, 12.658, 12.456, 13.328, 14.244, 14.602, 15.457, 17.037, 17.799, 18.136, 18.814, 19.133, 17.876, 18.271, 19.198, 18.714, 18.364, 17.829], [17.542, 14.845, 12.462, 11.121, 9.331, 8.827, 10.056, 12.548, 14.064, 13.628, 11.944, 12.341, 15.356, 13.762, 7.493, 2.945, 1.911, 1.381, 0.0, 1.686, 3.091, 3.366, 3.169, 2.908, 2.79, 2.528, 2.599, 2.558, 2.712, 3.744, 5.836, 7.224, 7.571, 7.175, 5.125, 3.821, 4.282, 5.417, 5.415, 3.263, 2.905, 4.174, 5.385, 5.602, 5.639, 5.029, 3.984, 2.845, 2.559, 2.671, 2.538, 3.393, 5.166, 6.574, 5.759, 4.997, 5.165, 6.425, 7.834, 8.047, 6.495, 5.613, 5.313, 5.132, 4.947, 4.717, 4.31, 3.843, 3.503, 2.841, 2.436, 2.372, 2.379, 3.564, 6.282, 11.139, 13.849, 13.298, 11.997, 11.675, 11.241, 9.67, 7.845, 7.492, 8.782, 10.741, 10.864, 10.353, 11.092, 13.165, 10.517, 4.869, 3.018, 3.936, 3.057, 2.886, 4.295, 6.698, 9.127, 10.517, 10.34, 9.09, 7.9, 6.641, 5.947, 5.926, 6.313, 6.803, 6.569, 5.455, 5.045, 6.212, 7.732, 8.322, 8.1, 7.664, 7.709, 8.192, 8.319, 8.597, 8.56, 8.233, 7.501, 6.465, 3.935, 2.133, 8.049, 10.481, 8.639, 6.914, 7.672, 9.876, 10.036, 8.811, 8.707, 8.889, 8.295, 8.689, 10.698, 13.328, 14.049, 13.247, 13.016, 13.85, 14.813, 15.13, 15.975, 17.552, 18.311, 18.724, 19.409, 19.712, 18.456, 18.86, 19.786, 19.302, 18.953, 18.418], [18.429, 15.725, 13.335, 12.009, 10.219, 9.712, 10.94, 13.414, 14.951, 14.515, 12.83, 13.228, 16.243, 14.649, 8.381, 3.832, 2.64, 2.248, 1.686, 0.0, 2.05, 2.501, 2.405, 2.479, 2.241, 2.337, 2.551, 2.279, 2.329, 3.125, 5.24, 6.607, 7.019, 6.599, 4.554, 3.25, 3.829, 4.922, 5.032, 3.56, 3.607, 4.076, 4.631, 4.847, 4.957, 4.703, 4.241, 3.535, 3.645, 3.838, 3.568, 4.262, 5.981, 7.409, 6.555, 5.797, 5.967, 7.225, 8.695, 8.855, 7.35, 6.425, 6.179, 5.963, 5.78, 5.388, 4.933, 4.576, 4.132, 3.692, 3.339, 3.557, 3.59, 4.589, 7.244, 12.077, 14.736, 14.185, 12.865, 12.397, 12.114, 10.557, 8.745, 8.346, 9.651, 11.61, 11.741, 11.229, 11.945, 14.052, 11.386, 5.749, 3.301, 4.302, 3.451, 3.129, 3.899, 5.875, 8.282, 9.673, 9.538, 8.268, 7.097, 5.787, 5.012, 4.98, 5.478, 5.969, 5.73, 4.655, 4.381, 5.557, 7.068, 7.676, 7.468, 6.996, 6.995, 7.336, 7.515, 7.763, 7.751, 7.48, 6.672, 5.675, 3.926, 3.136, 8.874, 11.346, 9.506, 7.647, 8.519, 10.741, 10.923, 9.69, 9.593, 9.769, 9.168, 9.561, 11.568, 14.201, 14.924, 14.134, 13.903, 14.737, 15.686, 16.014, 16.806, 18.439, 19.198, 19.612, 20.287, 20.599, 19.343, 19.736, 20.656, 20.189, 19.84, 19.299], [19.001, 16.54, 14.111, 12.615, 10.844, 10.417, 11.771, 14.169, 15.66, 15.275, 13.942, 14.171, 16.827, 15.248, 9.076, 4.647, 3.059, 3.443, 3.091, 2.05, 0.0, 0.976, 1.458, 1.886, 1.853, 1.947, 2.103, 1.852, 1.428, 1.866, 3.9, 5.288, 5.776, 5.255, 3.116, 2.301, 3.112, 4.252, 4.357, 3.181, 3.192, 4.003, 4.226, 4.422, 4.567, 4.396, 4.288, 4.406, 5.327, 5.51, 5.48, 6.198, 7.033, 8.168, 7.557, 6.275, 6.438, 7.883, 9.312, 9.841, 8.447, 7.193, 6.63, 6.386, 6.466, 6.575, 6.565, 6.208, 5.757, 5.118, 4.543, 4.674, 4.777, 6.033, 9.076, 13.319, 15.606, 15.111, 13.932, 13.797, 13.201, 11.836, 9.844, 9.197, 10.277, 12.186, 12.318, 11.842, 12.512, 14.619, 11.972, 6.347, 3.385, 3.989, 3.115, 2.7, 3.383, 5.13, 7.548, 8.942, 8.775, 7.465, 6.194, 5.345, 5.205, 4.979, 5.19, 5.458, 5.185, 4.117, 3.738, 4.237, 5.549, 6.279, 6.387, 6.029, 6.043, 6.571, 6.822, 7.082, 7.071, 6.717, 5.862, 4.883, 4.296, 4.851, 10.807, 12.279, 10.443, 9.531, 9.881, 11.307, 11.491, 10.523, 10.164, 10.356, 9.897, 10.492, 12.387, 14.767, 15.525, 14.718, 14.577, 15.487, 16.546, 16.824, 17.769, 19.075, 19.907, 20.341, 21.107, 21.257, 20.029, 20.455, 21.222, 20.78, 20.407, 19.865], [19.046, 16.878, 14.443, 12.733, 11.181, 10.958, 12.269, 14.713, 16.016, 15.78, 14.352, 14.602, 16.951, 15.592, 9.503, 4.941, 3.627, 3.931, 3.366, 2.501, 0.976, 0.0, 1.17, 1.667, 2.007, 2.022, 2.175, 1.912, 1.573, 1.935, 3.884, 5.281, 5.749, 5.192, 2.981, 2.377, 3.217, 4.401, 4.495, 3.169, 3.395, 4.146, 4.333, 4.499, 4.667, 4.567, 4.44, 4.408, 5.496, 5.694, 5.767, 6.522, 7.476, 8.533, 8.032, 6.772, 6.757, 8.217, 9.62, 10.378, 8.894, 7.703, 7.087, 6.999, 7.057, 7.059, 7.019, 6.672, 6.244, 5.592, 5.061, 5.053, 5.188, 6.48, 9.408, 13.676, 16.024, 15.561, 14.423, 14.304, 13.642, 12.27, 10.258, 9.537, 10.542, 12.339, 12.684, 12.005, 12.591, 14.645, 12.234, 6.423, 3.553, 4.206, 3.314, 2.972, 3.654, 5.153, 7.55, 8.943, 8.766, 7.506, 6.313, 5.633, 5.547, 5.302, 5.41, 5.566, 5.253, 4.419, 4.073, 4.302, 5.412, 6.224, 6.398, 6.032, 6.044, 6.605, 6.819, 7.081, 7.068, 6.714, 5.932, 5.056, 4.711, 5.181, 11.186, 12.742, 10.784, 9.933, 10.313, 11.522, 11.597, 10.72, 10.349, 10.544, 10.065, 10.978, 12.685, 14.863, 15.7, 15.037, 15.024, 15.904, 16.99, 17.35, 18.19, 19.187, 20.117, 20.623, 21.473, 21.569, 20.265, 20.793, 21.284, 20.818, 20.432, 19.893], [18.666, 16.592, 14.115, 12.439, 10.751, 10.473, 11.784, 14.139, 15.646, 15.294, 13.88, 14.111, 16.634, 15.123, 8.982, 4.363, 3.517, 3.855, 3.169, 2.405, 1.458, 1.17, 0.0, 1.112, 1.552, 1.59, 1.731, 1.388, 1.532, 2.344, 4.297, 5.751, 6.131, 5.563, 3.362, 2.382, 3.247, 4.435, 4.456, 2.898, 3.338, 4.253, 4.658, 4.91, 5.037, 4.786, 4.532, 4.262, 5.024, 5.221, 5.352, 6.029, 6.965, 8.059, 7.839, 6.688, 6.743, 8.022, 9.238, 9.921, 8.437, 7.304, 6.894, 6.815, 6.993, 6.963, 6.858, 6.427, 5.891, 5.348, 4.88, 5.037, 5.196, 6.368, 8.883, 13.069, 15.534, 15.032, 13.917, 13.837, 13.175, 11.677, 9.591, 8.923, 10.047, 11.911, 12.145, 11.516, 12.09, 14.103, 11.658, 5.912, 3.557, 4.397, 3.641, 3.229, 4.177, 5.685, 8.052, 9.457, 9.296, 8.059, 6.85, 6.315, 6.302, 6.048, 6.159, 6.306, 5.897, 5.014, 4.612, 4.864, 5.862, 6.64, 6.854, 6.503, 6.551, 7.152, 7.384, 7.612, 7.651, 7.244, 6.435, 5.637, 5.028, 4.8, 10.634, 12.143, 10.325, 9.394, 9.822, 11.035, 11.055, 10.136, 9.837, 10.129, 9.514, 10.429, 12.045, 14.417, 15.312, 14.661, 14.593, 15.555, 16.6, 16.913, 17.843, 18.899, 19.847, 20.28, 21.123, 21.221, 19.886, 20.448, 20.792, 20.434, 19.981, 19.302], [18.065, 16.001, 13.504, 11.788, 10.254, 9.969, 11.269, 13.53, 15.08, 14.782, 13.382, 13.624, 16.046, 14.499, 8.479, 3.879, 3.46, 3.704, 2.908, 2.479, 1.886, 1.667, 1.112, 0.0, 1.203, 1.374, 1.517, 1.3, 1.603, 2.686, 4.795, 6.24, 6.596, 5.952, 3.722, 2.638, 3.515, 4.856, 4.832, 3.003, 3.352, 4.346, 5.03, 5.254, 5.338, 4.99, 4.69, 4.268, 4.716, 4.785, 4.841, 5.456, 6.503, 7.716, 7.706, 6.66, 6.567, 7.825, 8.779, 9.529, 8.104, 7.042, 6.702, 6.694, 6.895, 6.918, 6.747, 6.279, 5.7, 5.192, 4.688, 4.765, 4.919, 6.101, 8.276, 12.534, 15.028, 14.544, 13.438, 13.361, 12.665, 11.173, 8.989, 8.387, 9.398, 11.273, 11.518, 10.876, 11.458, 13.541, 11.049, 5.259, 3.363, 4.386, 3.67, 3.171, 4.179, 6.22, 8.603, 10.01, 9.857, 8.627, 7.397, 6.511, 6.419, 6.238, 6.387, 6.655, 6.345, 5.225, 4.708, 5.16, 6.296, 7.105, 7.291, 6.978, 6.999, 7.614, 7.896, 8.139, 8.174, 7.785, 6.907, 5.946, 4.892, 4.425, 10.063, 11.651, 9.8, 8.883, 9.328, 10.471, 10.505, 9.511, 9.214, 9.495, 9.038, 9.929, 11.494, 13.819, 14.634, 14.057, 14.048, 14.991, 16.04, 16.393, 17.28, 18.287, 19.24, 19.663, 20.533, 20.611, 19.282, 19.851, 20.104, 19.816, 19.417, 18.739], [17.658, 15.275, 12.772, 11.225, 9.569, 9.218, 10.525, 12.857, 14.33, 14.033, 12.681, 12.912, 15.493, 13.818, 7.759, 3.442, 3.091, 3.461, 2.79, 2.241, 1.853, 2.007, 1.552, 1.203, 0.0, 0.999, 1.284, 1.548, 1.909, 2.982, 5.085, 6.544, 6.965, 6.359, 4.133, 2.999, 3.898, 5.239, 5.218, 3.275, 3.489, 4.42, 5.348, 5.537, 5.589, 5.225, 4.787, 4.114, 4.211, 4.324, 4.461, 4.995, 5.702, 7.069, 7.212, 6.134, 6.003, 7.149, 8.09, 8.709, 7.288, 6.242, 5.941, 5.935, 6.098, 6.149, 6.012, 5.51, 4.951, 4.48, 4.258, 4.564, 4.727, 5.708, 7.79, 11.938, 14.31, 13.828, 12.715, 12.63, 11.944, 10.491, 8.384, 7.728, 8.787, 10.72, 10.866, 10.32, 11.024, 13.134, 10.508, 4.836, 3.199, 4.42, 3.618, 3.207, 4.235, 6.542, 8.934, 10.347, 10.198, 8.914, 7.713, 6.668, 6.517, 6.384, 6.583, 6.923, 6.607, 5.449, 4.764, 5.346, 6.756, 7.539, 7.691, 7.273, 7.32, 7.963, 8.186, 8.461, 8.458, 8.094, 7.256, 6.256, 4.853, 4.009, 9.517, 10.966, 9.102, 8.27, 8.62, 9.896, 10.079, 8.998, 8.684, 8.915, 8.516, 9.201, 10.915, 13.345, 14.061, 13.318, 13.317, 14.224, 15.27, 15.633, 16.512, 17.739, 18.583, 18.959, 19.762, 19.904, 18.65, 19.092, 19.746, 19.39, 19.015, 18.377], [17.718, 15.334, 12.832, 11.294, 9.677, 9.329, 10.573, 12.999, 14.393, 14.116, 12.713, 12.972, 15.552, 13.959, 7.835, 3.462, 3.041, 3.136, 2.528, 2.337, 1.947, 2.022, 1.59, 1.374, 0.999, 0.0, 0.797, 1.156, 1.867, 2.899, 5.004, 6.46, 6.948, 6.342, 4.079, 3.063, 3.748, 5.036, 4.946, 2.847, 3.051, 4.205, 5.258, 5.461, 5.556, 5.168, 4.501, 3.796, 3.992, 4.104, 4.125, 4.873, 5.711, 6.868, 6.94, 5.833, 5.678, 6.946, 8.037, 8.763, 7.272, 5.991, 5.673, 5.719, 5.817, 5.809, 5.652, 5.186, 4.672, 4.105, 3.767, 4.137, 4.286, 5.25, 7.689, 11.875, 14.375, 13.889, 12.77, 12.682, 11.987, 10.478, 8.373, 7.824, 8.916, 10.808, 10.987, 10.445, 11.109, 13.217, 10.62, 4.918, 3.187, 4.444, 3.593, 3.04, 4.297, 6.444, 8.845, 10.267, 10.109, 8.797, 7.542, 6.623, 6.54, 6.369, 6.562, 6.86, 6.521, 5.4, 4.811, 5.384, 6.715, 7.505, 7.664, 7.246, 7.286, 7.869, 8.136, 8.377, 8.365, 8.009, 7.148, 6.116, 4.91, 3.632, 9.424, 11.038, 9.084, 8.194, 8.637, 10.012, 10.161, 9.008, 8.785, 9.013, 8.568, 9.276, 10.991, 13.42, 14.112, 13.425, 13.406, 14.285, 15.332, 15.723, 16.576, 17.789, 18.635, 19.018, 19.822, 19.96, 18.684, 19.15, 19.832, 19.439, 19.071, 18.465], [17.863, 15.557, 13.059, 11.438, 9.843, 9.522, 10.807, 13.173, 14.619, 14.334, 12.898, 13.142, 15.698, 14.141, 8.026, 3.658, 3.338, 3.23, 2.599, 2.551, 2.103, 2.175, 1.731, 1.517, 1.284, 0.797, 0.0, 0.966, 1.921, 2.89, 4.887, 6.283, 6.71, 6.155, 3.994, 3.083, 3.64, 4.913, 4.817, 2.727, 2.979, 4.274, 5.171, 5.369, 5.479, 5.1, 4.583, 3.993, 4.037, 4.144, 4.196, 4.908, 5.916, 7.037, 7.088, 6.012, 5.864, 7.224, 8.333, 8.986, 7.491, 6.209, 5.86, 5.83, 5.988, 6.0, 5.754, 5.247, 4.702, 4.128, 3.837, 4.085, 4.245, 5.278, 7.723, 11.983, 14.578, 14.066, 12.963, 12.898, 12.21, 10.653, 8.411, 7.92, 9.014, 10.911, 11.137, 10.531, 11.239, 13.37, 10.725, 5.042, 3.402, 4.564, 3.714, 2.956, 4.385, 6.297, 8.68, 10.1, 9.969, 8.644, 7.428, 6.599, 6.59, 6.384, 6.516, 6.857, 6.524, 5.404, 4.748, 5.345, 6.544, 7.316, 7.508, 7.152, 7.16, 7.77, 8.028, 8.246, 8.268, 7.902, 7.026, 6.069, 4.843, 3.69, 9.467, 11.199, 9.288, 8.342, 8.837, 10.155, 10.304, 9.077, 8.881, 9.101, 8.664, 9.405, 11.109, 13.522, 14.259, 13.576, 13.591, 14.531, 15.575, 15.956, 16.827, 17.956, 18.827, 19.221, 20.07, 20.165, 18.889, 19.329, 19.953, 19.558, 19.188, 18.585], [18.385, 16.106, 13.608, 11.992, 10.319, 9.991, 11.282, 13.601, 15.149, 14.805, 13.283, 13.543, 16.232, 14.618, 8.497, 3.815, 3.289, 3.115, 2.558, 2.279, 1.852, 1.912, 1.388, 1.3, 1.548, 1.156, 0.966, 0.0, 1.407, 2.407, 4.414, 5.796, 6.118, 5.509, 3.364, 2.419, 3.121, 4.371, 4.336, 2.561, 2.777, 3.987, 4.706, 4.998, 5.181, 4.877, 4.415, 3.909, 4.369, 4.463, 4.514, 5.257, 6.429, 7.355, 7.156, 6.161, 6.196, 7.68, 8.825, 9.486, 7.922, 6.609, 6.334, 6.284, 6.495, 6.456, 6.193, 5.776, 5.217, 4.468, 4.053, 4.199, 4.313, 5.477, 8.065, 12.348, 15.046, 14.454, 13.38, 13.335, 12.675, 11.044, 8.819, 8.274, 9.455, 11.381, 11.548, 10.976, 11.713, 13.863, 11.158, 5.528, 3.353, 4.622, 3.804, 2.857, 4.082, 5.87, 8.196, 9.601, 9.518, 8.177, 6.907, 6.203, 6.256, 5.987, 6.129, 6.44, 6.109, 5.095, 4.52, 5.0, 6.055, 6.801, 6.989, 6.669, 6.682, 7.322, 7.601, 7.812, 7.86, 7.474, 6.579, 5.61, 4.728, 3.808, 9.835, 11.587, 9.81, 8.733, 9.243, 10.648, 10.774, 9.484, 9.374, 9.573, 9.053, 9.789, 11.427, 13.961, 14.785, 14.117, 14.09, 15.064, 16.106, 16.429, 17.344, 18.489, 19.38, 19.777, 20.597, 20.715, 19.432, 19.826, 20.395, 20.089, 19.701, 19.043], [18.928, 16.542, 14.091, 12.56, 10.873, 10.468, 11.785, 14.183, 15.633, 15.295, 13.747, 14.003, 16.774, 15.224, 9.058, 4.465, 2.919, 3.135, 2.712, 2.329, 1.428, 1.573, 1.532, 1.603, 1.909, 1.867, 1.921, 1.407, 0.0, 1.577, 3.764, 5.216, 5.622, 5.05, 2.82, 1.794, 2.687, 3.914, 3.99, 2.806, 2.588, 3.479, 4.047, 4.351, 4.52, 4.315, 3.835, 3.721, 4.527, 4.753, 4.892, 5.639, 7.085, 8.134, 7.702, 6.683, 6.771, 8.039, 9.337, 9.946, 8.44, 7.272, 6.862, 6.734, 6.859, 6.833, 6.623, 6.333, 5.824, 5.154, 4.486, 4.331, 4.364, 5.694, 8.452, 12.847, 15.504, 14.978, 13.857, 13.789, 13.137, 11.528, 9.473, 8.947, 10.167, 12.106, 12.297, 11.715, 12.451, 14.52, 11.876, 6.217, 3.319, 4.248, 3.387, 2.407, 3.325, 5.225, 7.628, 9.024, 8.873, 7.624, 6.4, 5.433, 5.28, 5.053, 5.166, 5.494, 5.275, 4.247, 3.932, 4.355, 5.544, 6.275, 6.422, 6.072, 6.073, 6.635, 6.867, 7.133, 7.134, 6.775, 5.94, 4.976, 4.114, 4.328, 10.259, 12.086, 10.299, 9.199, 9.703, 11.252, 11.406, 10.235, 10.068, 10.249, 9.773, 10.457, 12.18, 14.685, 15.446, 14.675, 14.596, 15.514, 16.584, 16.889, 17.806, 19.016, 19.832, 20.276, 21.109, 21.227, 19.969, 20.44, 21.141, 20.724, 20.338, 19.773], [20.393, 17.762, 15.353, 13.972, 12.246, 11.773, 13.016, 15.524, 16.93, 16.536, 14.945, 15.282, 18.206, 16.617, 10.396, 5.833, 3.932, 4.023, 3.744, 3.125, 1.866, 1.935, 2.344, 2.686, 2.982, 2.899, 2.89, 2.407, 1.577, 0.0, 2.449, 3.884, 4.339, 3.806, 1.725, 1.461, 2.045, 2.909, 3.279, 2.811, 2.437, 2.763, 2.682, 2.865, 3.075, 2.945, 3.09, 4.193, 5.489, 5.716, 5.853, 6.681, 8.229, 9.405, 8.76, 7.595, 7.885, 9.236, 10.704, 11.125, 9.531, 8.457, 8.038, 7.837, 7.757, 7.64, 7.471, 7.239, 6.849, 6.06, 5.234, 4.779, 4.747, 6.171, 9.525, 14.164, 16.787, 16.259, 15.098, 14.942, 14.301, 12.729, 10.776, 10.339, 11.61, 13.568, 13.729, 13.19, 13.914, 16.015, 13.356, 7.707, 4.442, 4.306, 3.449, 2.145, 2.514, 3.793, 6.18, 7.581, 7.407, 6.192, 5.01, 4.585, 4.577, 4.319, 4.37, 4.457, 3.954, 3.274, 3.217, 3.341, 4.374, 5.03, 5.163, 4.709, 4.835, 5.24, 5.558, 5.744, 5.746, 5.336, 4.618, 3.973, 3.527, 5.271, 11.345, 13.395, 11.539, 10.305, 10.818, 12.702, 12.886, 11.673, 11.551, 11.736, 11.191, 11.746, 13.615, 16.159, 16.882, 16.097, 15.905, 16.741, 17.77, 18.087, 18.986, 20.417, 21.193, 21.577, 22.321, 22.562, 21.321, 21.725, 22.614, 22.152, 21.803, 21.257], [22.619, 20.127, 17.652, 16.174, 14.459, 13.977, 15.248, 17.672, 19.229, 18.796, 17.216, 17.482, 20.447, 18.771, 12.544, 7.964, 6.154, 6.151, 5.836, 5.24, 3.9, 3.884, 4.297, 4.795, 5.085, 5.004, 4.887, 4.414, 3.764, 2.449, 0.0, 1.72, 2.035, 1.724, 1.821, 2.955, 3.02, 3.14, 3.469, 3.896, 4.252, 3.764, 2.94, 2.781, 3.325, 3.498, 4.433, 5.882, 7.597, 7.886, 8.107, 8.951, 10.42, 11.513, 10.754, 9.684, 9.99, 11.505, 12.907, 13.384, 11.846, 10.543, 10.081, 9.85, 9.93, 9.851, 9.641, 9.338, 8.873, 8.024, 7.143, 6.6, 6.545, 8.316, 11.756, 16.263, 18.993, 18.41, 17.282, 17.217, 16.61, 14.886, 12.881, 12.472, 13.768, 15.729, 15.86, 15.338, 16.055, 18.151, 15.484, 9.847, 6.6, 5.928, 5.079, 3.425, 3.098, 3.396, 4.367, 5.583, 5.507, 4.906, 4.882, 4.926, 5.089, 4.874, 4.764, 4.765, 4.223, 3.872, 3.76, 3.667, 3.803, 3.992, 4.288, 4.109, 4.117, 4.713, 4.817, 5.112, 5.072, 4.648, 4.217, 3.983, 4.289, 7.445, 13.583, 15.572, 13.808, 12.548, 13.07, 14.891, 15.062, 13.797, 13.693, 13.887, 13.318, 13.812, 15.684, 18.326, 19.035, 18.265, 18.132, 19.078, 20.116, 20.374, 21.359, 22.687, 23.482, 23.837, 24.627, 24.812, 23.582, 23.957, 24.765, 24.345, 23.977, 23.396], [24.048, 21.482, 19.075, 17.603, 15.873, 15.356, 16.589, 18.975, 20.655, 20.183, 18.623, 18.904, 21.868, 20.21, 14.002, 9.405, 7.442, 7.566, 7.224, 6.607, 5.288, 5.281, 5.751, 6.24, 6.544, 6.46, 6.283, 5.796, 5.216, 3.884, 1.72, 0.0, 1.16, 1.36, 3.081, 4.328, 4.299, 4.078, 4.278, 5.138, 5.609, 4.78, 3.899, 3.893, 4.134, 4.645, 5.725, 7.215, 9.013, 9.291, 9.479, 10.317, 11.665, 12.872, 12.061, 11.015, 11.361, 12.93, 14.349, 14.661, 13.232, 11.902, 11.541, 11.25, 11.292, 11.145, 10.983, 10.683, 10.231, 9.314, 8.416, 7.904, 7.899, 9.715, 13.155, 17.823, 20.42, 19.854, 18.626, 18.51, 17.96, 16.41, 14.237, 13.856, 15.14, 17.101, 17.222, 16.711, 17.447, 19.599, 16.878, 11.271, 8.058, 7.361, 6.513, 4.892, 3.899, 3.308, 3.754, 4.436, 4.61, 4.314, 4.491, 4.627, 4.984, 4.96, 4.826, 4.772, 4.385, 4.165, 4.098, 3.939, 3.687, 3.438, 3.594, 3.67, 3.539, 4.229, 4.292, 4.643, 4.437, 4.317, 4.307, 4.22, 5.136, 8.793, 14.993, 16.966, 15.252, 13.92, 14.485, 16.354, 16.512, 15.168, 15.106, 15.272, 14.671, 15.097, 17.085, 19.686, 20.407, 19.672, 19.523, 20.448, 21.464, 21.729, 22.706, 24.106, 24.91, 25.261, 26.02, 26.242, 25.011, 25.287, 26.144, 25.734, 25.367, 24.786], [24.43, 21.987, 19.544, 18.029, 16.269, 15.803, 17.063, 19.37, 21.124, 20.669, 19.087, 19.354, 22.272, 20.5, 14.411, 9.771, 7.982, 7.838, 7.571, 7.019, 5.776, 5.749, 6.131, 6.596, 6.965, 6.948, 6.71, 6.118, 5.622, 4.339, 2.035, 1.16, 0.0, 1.174, 3.305, 4.451, 4.355, 4.376, 4.644, 5.351, 5.693, 5.072, 4.235, 4.082, 4.417, 4.915, 6.009, 7.454, 9.178, 9.475, 9.738, 10.605, 12.219, 13.223, 12.45, 11.555, 11.875, 13.479, 14.848, 15.225, 13.735, 12.302, 11.924, 11.583, 11.763, 11.653, 11.414, 11.083, 10.617, 9.657, 8.782, 8.168, 8.135, 9.915, 13.367, 18.114, 20.871, 20.243, 19.028, 18.964, 18.452, 16.723, 14.576, 14.184, 15.431, 17.42, 17.512, 17.014, 17.771, 19.882, 17.169, 11.549, 8.362, 7.665, 6.917, 5.098, 3.947, 3.174, 3.488, 3.929, 4.002, 3.793, 4.104, 4.221, 4.681, 4.822, 4.71, 4.503, 4.139, 3.983, 4.175, 3.722, 3.258, 2.875, 2.997, 3.263, 3.058, 3.687, 3.728, 4.269, 4.13, 4.035, 3.928, 3.982, 5.199, 9.017, 15.222, 17.408, 15.744, 14.289, 14.893, 16.703, 16.823, 15.459, 15.384, 15.631, 15.05, 15.486, 17.35, 20.02, 20.812, 20.078, 19.966, 20.929, 21.96, 22.215, 23.216, 24.534, 25.377, 25.729, 26.51, 26.696, 25.469, 25.773, 26.435, 26.135, 25.747, 25.066], [23.807, 21.445, 18.943, 17.41, 15.646, 15.255, 16.541, 18.81, 20.517, 20.118, 18.514, 18.772, 21.653, 19.893, 13.796, 9.15, 7.5, 7.411, 7.175, 6.599, 5.255, 5.192, 5.563, 5.952, 6.359, 6.342, 6.155, 5.509, 5.05, 3.806, 1.724, 1.36, 1.174, 0.0, 2.444, 3.696, 3.916, 4.131, 4.378, 4.812, 5.195, 4.551, 3.881, 3.73, 4.12, 4.49, 5.484, 6.899, 8.696, 9.017, 9.337, 10.205, 11.677, 12.488, 11.878, 10.945, 11.271, 12.929, 14.252, 14.747, 13.161, 11.654, 11.28, 11.028, 11.262, 11.205, 10.974, 10.698, 10.218, 9.267, 8.443, 7.785, 7.713, 9.493, 12.957, 17.565, 20.289, 19.665, 18.542, 18.472, 17.909, 16.154, 14.013, 13.445, 14.714, 16.665, 16.736, 16.26, 17.032, 19.236, 16.317, 10.814, 7.699, 7.04, 6.334, 4.592, 3.498, 3.028, 3.657, 4.627, 4.635, 4.108, 4.185, 4.348, 4.688, 4.684, 4.506, 4.366, 3.985, 3.841, 3.863, 3.368, 2.83, 2.708, 3.046, 2.992, 3.03, 3.905, 3.999, 4.295, 4.251, 4.047, 3.878, 3.793, 4.835, 8.64, 14.824, 16.869, 15.128, 13.805, 14.375, 16.063, 16.204, 14.651, 14.701, 14.994, 14.382, 14.923, 16.555, 19.347, 20.107, 19.47, 19.402, 20.388, 21.429, 21.68, 22.671, 23.915, 24.775, 25.146, 25.936, 26.083, 24.85, 25.167, 25.691, 25.516, 25.128, 24.33], [21.459, 19.132, 16.629, 15.067, 13.345, 12.958, 14.266, 16.54, 18.17, 17.801, 16.229, 16.478, 19.304, 17.614, 11.474, 6.904, 5.325, 5.319, 5.125, 4.554, 3.116, 2.981, 3.362, 3.722, 4.133, 4.079, 3.994, 3.364, 2.82, 1.725, 1.821, 3.081, 3.305, 2.444, 0.0, 1.637, 2.234, 3.088, 3.503, 3.231, 3.15, 2.933, 2.735, 2.822, 3.058, 3.059, 3.67, 4.963, 6.683, 7.001, 7.279, 8.147, 9.497, 10.306, 9.773, 8.725, 9.079, 10.721, 12.016, 12.573, 10.969, 9.469, 9.03, 8.94, 9.152, 9.102, 8.909, 8.664, 8.177, 7.24, 6.419, 5.956, 5.931, 7.48, 10.871, 15.302, 17.986, 17.391, 16.286, 16.228, 15.674, 13.967, 11.819, 11.184, 12.406, 14.322, 14.49, 14.008, 14.713, 16.939, 14.018, 8.508, 5.412, 5.084, 4.199, 2.741, 2.785, 3.363, 5.224, 6.687, 6.621, 5.653, 4.746, 4.611, 4.851, 4.669, 4.509, 4.5, 3.96, 