[[0.0, 1.751, 3.034, 4.633, 4.037, 3.279, 3.557, 4.463, 5.474, 6.497, 8.624, 11.263, 12.563, 13.664, 16.035, 17.671, 18.619, 20.938, 21.872, 20.799, 21.047, 20.211, 17.974, 15.721, 13.943, 14.169, 14.073, 12.69, 12.087, 11.47, 11.788, 12.961, 10.532, 6.182, 6.866, 7.531, 8.388, 10.054, 12.454, 13.87, 13.671, 14.173, 16.257, 17.732, 18.888, 19.738, 18.052, 17.028, 18.523, 19.019, 17.751, 16.949, 18.618, 20.269, 19.262, 17.428, 16.758, 17.19, 16.16, 13.586, 12.731, 14.323, 11.723, 9.076, 9.649, 11.419, 12.02, 10.792, 8.1, 6.7, 7.28, 7.596, 5.594, 2.923, 1.736, 1.512, 2.22, 1.951, 3.071, 4.986, 7.775, 9.361, 8.679, 10.951, 13.704, 14.379, 14.463, 15.228, 15.059, 15.128, 15.89, 15.963, 14.956, 15.327, 15.612, 14.749, 14.831, 15.82, 15.807, 15.443, 15.525, 15.148, 14.427, 14.309, 15.206, 16.264, 16.921, 16.717, 16.337, 14.691, 11.73, 11.219, 13.306, 12.632, 11.571, 12.288, 12.328, 11.443, 10.828, 10.52, 10.581, 9.556, 9.051, 9.766, 9.772, 9.368, 8.94, 8.769, 8.692, 6.877, 4.677, 2.532, 5.987, 8.739, 9.52, 10.011, 10.114, 10.513, 10.729, 10.686, 9.577, 10.52, 12.864, 13.431, 13.598, 12.425, 11.904, 12.117, 11.611, 10.395, 10.835, 10.879, 12.805, 15.233, 13.341, 10.576, 11.595, 12.911, 14.742, 15.548, 15.912, 16.189, 15.29, 13.987, 12.892, 12.173, 11.985, 11.347, 11.739, 12.797, 12.711, 12.378, 14.703, 17.365, 16.869, 15.751, 15.996, 15.426, 13.928, 14.022, 16.198, 15.988, 14.87, 12.844, 10.375, 6.465, 3.383, 5.073, 7.609, 9.089, 9.277, 7.961, 8.456, 7.146, 5.69, 6.019, 7.333, 9.704, 10.494, 9.993, 9.207, 7.857, 6.171, 3.974, 4.792, 6.32], [1.751, 0.0, 1.859, 3.303, 2.739, 2.077, 2.363, 3.291, 4.275, 5.408, 7.431, 10.026, 11.383, 12.446, 14.909, 16.59, 17.527, 19.859, 20.789, 19.609, 19.657, 18.998, 16.823, 14.32, 12.804, 12.998, 12.994, 11.577, 10.916, 10.389, 10.704, 11.882, 9.366, 4.955, 5.635, 6.408, 7.071, 8.851, 11.279, 12.712, 12.479, 13.002, 15.092, 16.588, 17.722, 18.572, 16.824, 15.786, 17.209, 17.848, 16.569, 15.765, 17.437, 19.073, 18.03, 16.175, 15.576, 15.953, 14.98, 12.42, 11.601, 13.15, 10.515, 7.995, 8.596, 10.242, 10.817, 9.553, 6.884, 5.419, 6.061, 6.311, 4.343, 1.995, 1.509, 1.465, 1.975, 2.02, 2.563, 3.557, 6.427, 8.055, 7.452, 9.865, 12.602, 13.193, 13.324, 14.071, 13.862, 13.875, 14.787, 14.84, 13.717, 14.243, 14.443, 13.579, 13.617, 14.544, 14.529, 14.204, 14.182, 13.719, 13.026, 12.965, 14.119, 15.039, 15.724, 15.621, 15.154, 13.552, 10.647, 10.09, 12.14, 11.424, 10.209, 11.139, 11.2, 10.297, 9.608, 9.336, 9.469, 8.472, 7.937, 8.593, 8.473, 8.102, 7.612, 7.391, 7.365, 5.575, 3.415, 2.561, 4.817, 7.494, 8.349, 8.848, 9.003, 9.394, 9.645, 9.594, 8.485, 9.429, 11.773, 12.339, 12.506, 11.341, 10.813, 11.038, 10.485, 9.261, 9.652, 9.801, 11.711, 14.135, 12.206, 9.428, 10.472, 11.73, 13.552, 14.377, 14.726, 14.904, 14.194, 12.904, 11.713, 11.088, 10.624, 9.949, 10.395, 11.54, 11.443, 10.939, 13.462, 16.123, 15.676, 14.583, 14.839, 14.196, 12.489, 12.584, 15.006, 14.815, 13.633, 11.672, 9.208, 5.488, 2.878, 4.188, 6.53, 7.997, 8.135, 7.023, 7.382, 6.389, 5.386, 4.989, 6.246, 8.604, 9.411, 8.915, 8.128, 6.866, 5.148, 3.792, 3.799, 5.239], [3.034, 1.859, 0.0, 1.988, 1.764, 1.444, 1.448, 2.277, 3.439, 4.413, 6.311, 8.933, 10.303, 11.361, 13.799, 15.473, 16.41, 18.741, 19.678, 18.534, 18.547, 17.885, 15.712, 13.177, 11.667, 11.906, 11.841, 10.424, 9.843, 9.276, 9.594, 10.755, 8.23, 3.888, 4.571, 5.297, 5.937, 7.768, 10.169, 11.589, 11.309, 11.908, 14.013, 15.468, 16.618, 17.49, 15.714, 14.721, 16.138, 16.775, 15.492, 14.668, 16.365, 17.981, 16.956, 15.078, 14.471, 14.845, 13.856, 11.301, 10.46, 12.009, 9.427, 6.841, 7.396, 9.106, 9.656, 8.417, 5.735, 4.347, 5.27, 5.334, 3.67, 1.525, 2.041, 2.61, 2.466, 2.454, 2.36, 2.453, 5.369, 6.988, 6.392, 8.755, 11.496, 12.072, 12.184, 12.924, 12.784, 12.807, 13.68, 13.729, 12.649, 13.133, 13.352, 12.406, 12.461, 13.468, 13.462, 13.109, 13.015, 12.598, 11.893, 11.887, 12.988, 13.95, 14.645, 14.515, 14.045, 12.437, 9.536, 8.96, 11.048, 10.286, 9.112, 9.992, 10.065, 9.181, 8.516, 8.263, 8.349, 7.353, 6.826, 7.477, 7.345, 7.033, 6.541, 6.281, 6.223, 4.687, 2.484, 2.544, 4.031, 6.429, 7.276, 7.754, 7.89, 8.284, 8.527, 8.459, 7.38, 8.273, 10.631, 11.199, 11.38, 10.231, 9.685, 9.914, 9.374, 8.118, 8.516, 8.67, 10.6, 13.025, 11.097, 8.331, 9.352, 10.576, 12.441, 13.303, 13.614, 13.831, 13.084, 11.793, 10.596, 9.978, 9.523, 8.789, 9.307, 10.419, 10.368, 9.747, 12.396, 15.058, 14.601, 13.506, 13.744, 13.099, 11.288, 11.296, 13.896, 13.709, 12.532, 10.585, 8.131, 4.346, 2.125, 3.218, 5.381, 6.842, 6.98, 6.191, 6.577, 5.945, 5.216, 4.945, 5.504, 7.499, 8.3, 7.76, 6.974, 5.884, 4.328, 3.519, 3.305, 4.182], [4.633, 3.303, 1.988, 0.0, 1.022, 1.687, 1.466, 1.261, 2.132, 3.294, 4.723, 7.124, 8.514, 9.579, 12.06, 13.735, 14.672, 17.002, 17.939, 16.76, 16.759, 16.124, 13.974, 11.386, 9.921, 10.125, 10.102, 8.686, 8.057, 7.537, 7.855, 9.016, 6.44, 2.406, 2.863, 3.624, 4.192, 6.001, 8.409, 9.851, 9.57, 10.119, 12.243, 13.715, 14.84, 15.704, 13.975, 12.912, 14.356, 14.989, 13.703, 12.878, 14.575, 16.191, 15.17, 13.27, 12.681, 13.05, 12.07, 9.515, 8.721, 10.27, 7.665, 5.103, 5.648, 7.304, 7.918, 6.631, 4.023, 2.71, 3.98, 3.744, 2.858, 2.176, 3.428, 4.113, 3.789, 3.213, 2.45, 1.343, 3.645, 5.178, 4.563, 7.016, 9.751, 10.327, 10.439, 11.179, 10.994, 11.018, 11.934, 11.991, 10.874, 11.394, 11.568, 10.647, 10.688, 11.659, 11.652, 11.323, 11.258, 10.819, 10.091, 10.078, 11.243, 12.17, 12.857, 12.766, 12.298, 10.691, 7.805, 7.221, 9.265, 8.544, 7.311, 8.253, 8.327, 7.425, 6.73, 6.477, 6.604, 5.676, 5.101, 5.738, 5.601, 5.242, 4.732, 4.471, 4.427, 3.396, 1.489, 2.861, 2.536, 4.62, 5.49, 5.993, 6.151, 6.545, 6.793, 6.763, 5.837, 6.579, 8.886, 9.454, 9.635, 8.492, 7.939, 8.175, 7.636, 6.374, 6.778, 6.931, 8.862, 11.286, 9.356, 6.58, 7.613, 8.83, 10.703, 11.515, 11.875, 12.058, 11.535, 10.303, 8.857, 8.239, 7.714, 6.963, 7.521, 8.68, 8.588, 7.948, 10.587, 13.249, 12.813, 11.83, 12.006, 11.332, 9.536, 9.612, 12.136, 11.964, 10.773, 8.821, 6.345, 2.941, 2.552, 2.063, 3.666, 5.13, 5.247, 4.787, 5.313, 5.318, 5.372, 5.17, 5.181, 5.866, 6.562, 6.022, 5.28, 4.316, 2.97, 3.178, 2.57, 2.803], [4.037, 2.739, 1.764, 1.022, 0.0, 1.272, 1.193, 1.491, 2.581, 3.743, 5.273, 7.658, 9.024, 10.082, 12.548, 14.222, 15.159, 17.49, 18.427, 17.254, 17.272, 16.621, 14.461, 11.906, 10.411, 10.627, 10.59, 9.173, 8.563, 8.025, 8.343, 9.504, 6.946, 2.757, 3.309, 4.048, 4.68, 6.489, 8.897, 10.339, 10.058, 10.629, 12.733, 14.203, 15.338, 16.211, 14.463, 13.446, 14.863, 15.495, 14.213, 13.389, 15.086, 16.702, 15.68, 13.804, 13.192, 13.569, 12.576, 10.021, 9.209, 10.758, 8.152, 5.59, 6.165, 7.811, 8.406, 7.138, 4.484, 3.14, 4.196, 4.092, 2.972, 2.023, 2.845, 3.475, 3.164, 2.608, 2.42, 1.549, 4.163, 5.705, 5.097, 7.504, 10.249, 10.817, 10.929, 11.669, 11.505, 11.533, 12.425, 12.478, 11.374, 11.882, 12.072, 11.134, 11.177, 12.193, 12.186, 11.841, 11.762, 11.347, 10.626, 10.608, 11.733, 12.671, 13.373, 13.261, 12.795, 11.184, 8.285, 7.709, 9.768, 9.032, 7.847, 8.741, 8.814, 7.912, 7.236, 6.983, 7.094, 6.212, 5.575, 6.226, 6.088, 5.758, 5.266, 5.016, 4.956, 3.862, 1.683, 2.492, 2.906, 5.154, 5.996, 6.481, 6.639, 7.033, 7.271, 7.3, 6.314, 7.063, 9.376, 9.944, 10.125, 8.98, 8.429, 8.663, 8.123, 6.862, 7.269, 7.419, 9.349, 11.774, 9.844, 7.067, 8.101, 9.317, 11.19, 12.024, 12.363, 12.596, 12.006, 10.798, 9.345, 8.727, 8.248, 7.533, 8.027, 9.168, 9.088, 8.526, 11.121, 13.783, 13.323, 12.384, 12.489, 11.82, 10.09, 10.176, 12.633, 12.456, 11.268, 9.313, 6.852, 3.075, 1.962, 1.916, 4.185, 5.596, 5.732, 5.064, 5.451, 5.388, 5.401, 5.194, 5.276, 6.267, 7.049, 6.509, 5.733, 4.663, 3.344, 3.246, 2.679, 3.116], [3.279, 2.077, 1.444, 1.687, 1.272, 0.0, 1.033, 1.93, 3.347, 4.434, 5.891, 8.434, 9.809, 10.898, 13.374, 15.049, 15.986, 18.316, 19.253, 18.074, 18.087, 17.454, 15.288, 12.746, 11.236, 11.443, 11.416, 10.0, 9.362, 8.852, 9.169, 10.33, 7.722, 3.515, 4.118, 4.872, 5.514, 7.315, 9.723, 11.165, 10.884, 11.405, 13.557, 15.029, 16.154, 16.986, 15.289, 14.222, 15.677, 16.292, 14.989, 14.175, 15.861, 17.477, 16.456, 14.581, 13.967, 14.371, 13.361, 10.826, 10.035, 11.584, 8.979, 6.417, 6.95, 8.614, 9.232, 7.945, 5.319, 3.889, 4.541, 4.765, 2.921, 1.431, 2.106, 2.59, 2.268, 1.921, 2.004, 1.998, 4.884, 6.491, 5.873, 8.326, 11.06, 11.636, 11.748, 12.488, 12.28, 12.312, 13.244, 13.305, 12.166, 12.708, 12.861, 11.966, 12.011, 12.969, 12.982, 12.614, 12.571, 12.152, 11.439, 11.417, 12.552, 13.497, 14.163, 14.08, 13.625, 12.003, 9.131, 8.541, 10.579, 9.859, 8.625, 9.567, 9.641, 8.739, 8.012, 7.759, 7.913, 6.971, 6.401, 7.052, 6.915, 6.534, 6.042, 5.792, 5.771, 4.387, 2.149, 2.121, 3.282, 5.93, 6.787, 7.307, 7.465, 7.859, 8.09, 8.026, 6.937, 7.848, 10.195, 10.763, 10.944, 9.806, 9.248, 9.489, 8.95, 7.688, 8.096, 8.245, 10.176, 12.6, 10.671, 7.892, 8.927, 10.144, 12.017, 12.799, 13.192, 13.362, 12.846, 11.582, 10.171, 9.55, 9.024, 8.364, 8.809, 9.994, 9.904, 9.405, 11.897, 14.559, 14.108, 13.121, 13.325, 12.662, 10.941, 11.065, 13.459, 13.275, 12.094, 10.139, 7.627, 4.018, 1.873, 2.702, 4.957, 6.418, 6.559, 5.407, 5.839, 5.164, 4.824, 4.649, 5.081, 7.062, 7.876, 7.336, 6.548, 5.37, 3.654, 2.77, 2.531, 3.769], [3.557, 2.363, 1.448, 1.466, 1.193, 1.033, 0.0, 1.442, 2.415, 3.576, 5.288, 7.897, 9.239, 10.33, 12.789, 14.464, 15.401, 17.731, 18.668, 17.489, 17.634, 16.881, 14.703, 12.289, 10.676, 10.862, 10.831, 9.415, 8.777, 8.267, 8.584, 9.745, 7.157, 2.866, 3.557, 4.287, 5.009, 6.743, 9.138, 10.595, 10.302, 10.844, 12.972, 14.444, 15.569, 16.421, 14.721, 13.685, 15.138, 15.707, 14.428, 13.603, 15.3, 16.916, 15.919, 14.049, 13.406, 13.814, 12.787, 10.241, 9.45, 10.999, 8.406, 5.832, 6.415, 8.038, 8.647, 7.371, 4.777, 3.357, 4.124, 4.218, 2.561, 1.363, 2.419, 3.02, 2.859, 2.295, 1.678, 1.606, 4.401, 5.965, 5.336, 7.745, 10.479, 11.078, 11.178, 11.926, 11.723, 11.778, 12.662, 12.72, 11.613, 12.123, 12.293, 11.414, 11.418, 12.432, 12.426, 12.059, 12.092, 11.718, 10.995, 10.921, 11.97, 12.924, 13.588, 13.498, 13.052, 11.441, 8.527, 7.951, 9.994, 9.28, 8.122, 8.982, 9.056, 8.154, 7.447, 7.194, 7.341, 6.331, 5.816, 6.479, 6.394, 5.997, 5.543, 5.316, 5.238, 3.885, 1.698, 1.959, 2.829, 5.393, 6.207, 6.722, 6.88, 7.274, 7.508, 7.441, 6.394, 7.255, 9.613, 10.181, 10.362, 9.221, 8.666, 8.904, 8.365, 7.103, 7.539, 7.667, 9.591, 12.015, 10.086, 7.307, 8.342, 9.559, 11.45, 12.234, 12.606, 12.807, 12.087, 10.816, 9.587, 8.974, 8.554, 7.916, 8.318, 9.43, 9.336, 8.947, 11.36, 14.022, 13.539, 12.495, 12.725, 12.07, 10.496, 10.594, 12.891, 12.719, 11.532, 9.56, 7.062, 3.515, 2.09, 2.532, 4.372, 5.833, 5.971, 5.026, 5.436, 4.97, 4.557, 4.426, 4.776, 6.48, 7.291, 6.751, 5.963, 4.828, 3.23, 2.62, 2.211, 3.129], [4.463, 3.291, 2.277, 1.261, 1.491, 1.93, 1.442, 0.0, 1.773, 2.696, 4.365, 6.957, 8.324, 9.384, 11.829, 13.504, 14.444, 16.771, 17.709, 16.548, 16.723, 15.937, 13.743, 11.395, 9.736, 9.922, 9.872, 8.455, 7.857, 7.324, 7.624, 8.785, 6.263, 2.149, 2.677, 3.43, 4.077, 5.782, 8.21, 9.661, 9.405, 9.943, 12.027, 13.484, 14.644, 15.505, 13.764, 12.744, 14.196, 14.789, 13.508, 12.683, 14.38, 16.01, 14.979, 13.119, 12.503, 12.868, 11.87, 9.322, 8.49, 10.062, 7.468, 4.872, 5.507, 7.169, 7.712, 6.468, 3.881, 2.439, 3.689, 3.535, 2.5, 2.061, 3.319, 4.029, 3.809, 3.295, 2.096, 1.342, 3.476, 5.075, 4.447, 6.785, 9.525, 10.12, 10.234, 10.977, 10.813, 10.839, 11.708, 11.76, 10.673, 11.163, 11.37, 10.508, 10.523, 11.504, 11.487, 11.128, 11.226, 10.824, 10.101, 9.985, 11.017, 12.006, 12.679, 12.544, 12.09, 10.477, 7.567, 6.991, 9.062, 8.337, 7.216, 8.031, 8.096, 7.195, 6.539, 6.277, 6.396, 5.43, 4.857, 5.507, 5.457, 5.056, 4.615, 4.421, 4.34, 2.972, 1.211, 2.591, 2.12, 4.455, 5.29, 5.768, 5.921, 6.314, 6.555, 6.508, 5.444, 6.317, 8.66, 9.228, 9.409, 8.261, 7.713, 7.944, 7.405, 6.143, 6.555, 6.702, 8.631, 11.055, 9.126, 6.348, 7.382, 8.599, 10.472, 11.318, 11.669, 11.869, 11.194, 9.896, 8.651, 8.01, 7.661, 7.022, 7.423, 8.488, 8.423, 8.067, 10.419, 13.081, 12.627, 11.582, 11.761, 11.152, 9.617, 9.715, 11.931, 11.762, 10.581, 8.606, 6.145, 2.849, 2.769, 2.26, 3.412, 4.881, 5.011, 4.4, 4.973, 4.864, 4.63, 4.479, 4.861, 5.675, 6.331, 5.791, 5.004, 3.946, 2.436, 2.567, 2.044, 2.504], [5.474, 4.275, 3.439, 2.132, 2.581, 3.347, 2.415, 1.773, 0.0, 1.809, 3.421, 5.933, 7.262, 8.358, 10.791, 12.466, 13.404, 15.734, 16.671, 15.498, 15.691, 14.951, 12.714, 10.34, 8.682, 8.866, 8.834, 7.417, 6.795, 6.283, 6.586, 7.748, 5.185, 2.23, 2.253, 2.599, 3.151, 4.759, 7.173, 8.644, 8.33, 8.885, 10.974, 12.446, 13.58, 14.443, 12.743, 11.721, 13.173, 13.727, 12.452, 11.641, 13.324, 14.941, 13.955, 12.091, 11.43, 11.845, 10.808, 8.257, 7.462, 9.014, 6.428, 3.834, 4.491, 6.091, 6.664, 5.417, 2.908, 1.835, 3.317, 3.017, 2.765, 3.225, 4.268, 4.922, 4.86, 4.171, 2.931, 2.165, 2.554, 4.039, 3.46, 5.748, 8.493, 9.095, 9.199, 9.933, 9.757, 9.815, 10.671, 10.723, 9.65, 10.125, 10.362, 9.513, 9.44, 10.468, 10.481, 10.206, 10.198, 9.816, 9.046, 8.973, 9.975, 10.946, 11.639, 11.503, 11.069, 9.446, 6.529, 5.961, 8.0, 7.338, 6.162, 6.986, 7.058, 6.161, 5.468, 5.215, 5.361, 4.341, 3.867, 4.496, 4.447, 4.042, 3.677, 3.406, 3.305, 2.205, 2.146, 3.479, 1.686, 3.493, 4.244, 4.726, 4.883, 5.276, 5.542, 5.456, 4.632, 5.342, 7.618, 8.186, 8.367, 7.223, 6.671, 6.907, 6.367, 5.106, 5.556, 5.662, 7.593, 10.017, 8.088, 5.311, 6.344, 7.563, 9.467, 10.256, 10.647, 10.86, 10.094, 8.792, 7.622, 7.04, 6.629, 5.999, 6.449, 7.464, 7.458, 7.102, 9.399, 12.058, 11.577, 10.518, 10.729, 10.122, 8.651, 8.75, 10.897, 10.731, 9.621, 7.569, 5.102, 2.322, 3.802, 2.841, 2.394, 3.94, 4.019, 4.322, 5.189, 5.273, 5.148, 5.038, 5.183, 5.27, 5.312, 4.792, 4.114, 3.487, 2.922, 3.728, 2.487, 2.27], [6.497, 5.408, 4.413, 3.294, 3.743, 4.434, 3.576, 2.696, 1.809, 0.0, 2.252, 4.835, 6.163, 7.269, 9.644, 11.319, 12.277, 14.586, 15.523, 14.394, 14.639, 13.801, 11.569, 9.307, 7.602, 7.765, 7.686, 6.27, 5.738, 5.237, 5.475, 6.604, 4.587, 3.039, 2.581, 2.562, 3.097, 3.705, 6.061, 7.499, 7.248, 7.797, 9.905, 11.32, 12.48, 13.342, 11.626, 10.623, 12.103, 12.626, 11.351, 10.537, 12.226, 13.852, 12.857, 10.998, 10.333, 10.747, 9.709, 7.164, 6.318, 7.914, 5.326, 3.051, 3.675, 5.047, 5.573, 4.386, 2.497, 1.685, 3.304, 3.035, 3.286, 4.122, 5.442, 6.228, 6.113, 5.432, 4.024, 3.012, 1.957, 3.362, 3.183, 4.613, 7.346, 7.961, 8.064, 8.807, 8.655, 8.722, 9.53, 9.575, 8.551, 8.978, 9.214, 8.344, 8.365, 9.401, 9.378, 9.013, 9.12, 8.74, 8.013, 7.895, 8.835, 9.864, 10.521, 10.362, 9.932, 8.305, 5.382, 4.817, 6.899, 6.195, 5.125, 5.864, 5.916, 5.033, 4.388, 4.116, 4.218, 3.286, 3.049, 3.381, 3.578, 3.734, 3.296, 2.618, 2.422, 1.928, 2.968, 4.605, 2.142, 3.429, 3.811, 4.359, 4.313, 4.505, 4.386, 4.394, 3.782, 4.602, 6.478, 7.046, 7.227, 6.101, 5.549, 5.759, 5.23, 4.163, 4.615, 4.686, 6.446, 8.87, 6.949, 4.183, 5.197, 6.436, 8.322, 9.155, 9.514, 9.76, 8.939, 7.639, 6.501, 5.841, 5.577, 4.942, 5.332, 6.377, 6.305, 5.979, 8.298, 10.96, 10.468, 9.368, 9.603, 9.022, 7.528, 7.623, 9.791, 9.596, 8.459, 6.445, 3.983, 3.078, 5.066, 4.078, 2.311, 3.68, 3.232, 4.262, 5.447, 5.235, 5.034, 5.008, 5.434, 5.568, 4.872, 4.613, 3.997, 3.524, 3.261, 3.998, 2.872, 2.688], [8.624, 7.431, 6.311, 4.723, 5.273, 5.891, 5.288, 4.365, 3.421, 2.252, 0.0, 2.74, 4.19, 5.256, 7.749, 9.375, 10.332, 12.601, 13.538, 12.358, 12.683, 11.943, 9.572, 7.334, 5.813, 5.841, 5.716, 4.324, 4.578, 4.13, 4.049, 4.834, 3.552, 3.525, 2.901, 2.494, 2.705, 2.467, 4.199, 5.736, 5.433, 5.913, 8.032, 9.485, 10.646, 11.235, 9.737, 8.499, 10.104, 10.576, 9.237, 8.489, 10.072, 11.709, 10.691, 8.907, 8.247, 8.686, 7.742, 5.384, 4.381, 5.969, 3.424, 2.387, 3.295, 3.577, 3.711, 3.009, 2.428, 2.568, 3.054, 2.66, 3.649, 6.043, 7.463, 8.03, 7.633, 7.165, 5.997, 4.237, 2.046, 2.802, 2.938, 3.295, 5.36, 6.02, 6.18, 6.862, 6.551, 6.641, 7.565, 7.599, 6.506, 6.992, 7.332, 6.687, 6.556, 7.339, 7.438, 7.178, 7.103, 6.756, 5.969, 5.904, 6.837, 7.909, 8.598, 8.355, 7.933, 6.324, 3.399, 2.914, 4.863, 4.372, 3.03, 4.012, 3.945, 3.117, 2.431, 2.232, 2.392, 1.694, 2.178, 1.776, 2.364, 2.429, 2.066, 1.604, 1.176, 2.187, 4.464, 6.261, 3.113, 2.707, 2.61, 3.212, 3.287, 3.053, 2.745, 2.628, 2.621, 3.198, 4.468, 5.036, 5.216, 4.162, 3.778, 3.843, 3.442, 3.112, 3.628, 3.696, 4.486, 6.884, 4.971, 2.388, 3.286, 4.492, 6.351, 7.055, 7.728, 7.874, 7.23, 5.977, 4.571, 4.009, 3.56, 3.041, 3.485, 4.442, 4.452, 4.2, 6.18, 8.791, 8.415, 7.432, 7.64, 7.255, 5.638, 5.815, 7.821, 7.688, 6.611, 4.477, 2.06, 3.391, 6.103, 4.924, 2.011, 2.777, 1.997, 3.85, 4.943, 4.801, 4.923, 4.939, 4.926, 4.607, 3.6, 3.412, 3.403, 3.303, 3.368, 4.907, 3.94, 2.783], [11.263, 10.026, 8.933, 7.124, 7.658, 8.434, 7.897, 6.957, 5.933, 4.835, 2.74, 0.0, 1.688, 2.779, 5.173, 6.843, 7.871, 9.981, 10.907, 9.748, 10.179, 9.417, 6.941, 4.759, 3.418, 3.241, 3.134, 2.467, 3.15, 3.217, 2.862, 3.125, 3.123, 5.396, 4.556, 3.86, 3.338, 1.98, 2.187, 3.353, 3.117, 3.568, 5.48, 6.899, 8.061, 8.681, 7.124, 5.789, 7.625, 7.99, 6.644, 5.921, 7.528, 9.16, 8.087, 6.317, 5.643, 6.046, 5.181, 3.34, 2.27, 3.41, 1.431, 2.901, 2.934, 2.048, 1.673, 1.989, 3.423, 4.652, 4.289, 4.139, 5.838, 8.699, 10.052, 10.6, 10.196, 9.799, 8.686, 6.709, 3.718, 2.494, 3.113, 2.418, 3.096, 3.645, 3.733, 4.433, 4.087, 4.234, 5.125, 5.12, 4.59, 4.668, 5.155, 4.478, 4.322, 4.869, 4.905, 4.978, 4.753, 4.138, 3.356, 3.312, 4.405, 5.515, 6.175, 5.755, 5.363, 3.813, 2.389, 2.571, 2.562, 2.277, 1.669, 1.996, 1.878, 1.813, 1.263, 1.437, 1.57, 2.588, 3.081, 2.258, 2.798, 2.669, 2.764, 2.797, 2.748, 4.747, 7.022, 8.911, 5.385, 3.132, 2.861, 3.017, 3.169, 3.088, 3.098, 2.998, 3.919, 4.224, 2.954, 2.897, 3.071, 3.321, 2.83, 2.063, 1.706, 2.662, 3.042, 3.091, 2.162, 4.254, 2.448, 1.954, 1.883, 2.66, 3.841, 4.761, 5.706, 6.176, 5.891, 4.692, 2.96, 2.334, 1.789, 2.351, 2.347, 2.573, 2.555, 2.753, 3.789, 6.168, 5.968, 5.869, 5.904, 5.507, 3.845, 4.105, 5.403, 5.262, 4.283, 2.385, 1.618, 4.965, 8.309, 6.892, 3.874, 3.524, 3.051, 4.974, 5.591, 6.008, 6.811, 6.88, 6.015, 4.789, 3.587, 3.658, 4.047, 4.322, 5.397, 7.339, 6.516, 5.075], [12.563, 11.383, 10.303, 8.514, 9.024, 9.809, 9.239, 8.324, 7.262, 6.163, 4.19, 1.688, 0.0, 1.451, 3.67, 5.441, 6.596, 8.589, 9.475, 8.346, 8.879, 8.065, 5.583, 3.445, 2.048, 1.808, 1.813, 2.042, 2.605, 3.414, 2.912, 2.702, 3.513, 6.612, 5.927, 5.098, 4.444, 2.71, 1.562, 2.266, 2.163, 2.212, 4.003, 5.521, 6.684, 7.357, 5.799, 4.529, 6.342, 6.626, 5.265, 4.583, 6.128, 7.772, 6.786, 4.985, 4.301, 4.825, 3.816, 2.383, 2.012, 2.17, 1.664, 3.87, 3.378, 1.576, 1.35, 2.162, 4.62, 6.013, 5.512, 5.34, 7.223, 10.042, 11.485, 12.026, 11.641, 11.234, 10.083, 8.149, 5.085, 3.432, 4.026, 2.284, 2.119, 2.422, 2.336, 3.125, 2.868, 3.051, 3.884, 3.937, 3.709, 3.83, 4.224, 3.543, 3.182, 3.717, 3.772, 3.843, 3.507, 3.013, 2.101, 2.195, 3.071, 4.237, 4.82, 4.358, 3.975, 2.847, 3.175, 3.58, 2.757, 2.452, 2.477, 2.316, 1.858, 2.085, 2.086, 2.306, 2.422, 3.648, 4.048, 3.49, 3.882, 3.922, 3.978, 4.208, 4.183, 6.18, 8.443, 10.241, 6.612, 4.284, 3.863, 4.069, 3.963, 4.019, 4.043, 3.903, 4.87, 5.204, 3.606, 2.8, 3.079, 3.871, 3.206, 2.418, 2.06, 3.273, 3.283, 3.487, 2.19, 3.079, 2.078, 2.872, 2.756, 2.874, 3.25, 3.731, 4.764, 5.171, 5.087, 4.272, 3.152, 2.783, 2.061, 2.91, 2.958, 2.884, 3.159, 3.304, 3.062, 4.867, 4.7, 5.102, 5.367, 4.57, 4.018, 3.875, 4.094, 4.33, 3.175, 2.173, 2.428, 6.177, 9.61, 8.101, 5.198, 4.596, 4.146, 6.079, 6.597, 7.085, 7.839, 8.057, 7.092, 5.499, 4.342, 4.678, 5.09, 5.467, 6.73, 8.715, 7.857, 6.43], [13.664, 12.446, 11.361, 9.579, 10.082, 10.898, 10.33, 9.384, 8.358, 7.269, 5.256, 2.779, 1.451, 0.0, 2.668, 4.42, 5.515, 7.474, 8.389, 7.289, 7.768, 6.919, 4.507, 2.474, 1.762, 1.577, 1.556, 2.252, 3.508, 4.395, 3.825, 3.258, 4.465, 7.742, 6.98, 6.179, 5.522, 3.659, 1.903, 1.709, 2.154, 2.05, 2.998, 4.554, 5.722, 6.387, 4.766, 3.433, 5.231, 5.53, 4.185, 3.598, 5.041, 6.674, 5.728, 3.964, 3.266, 3.724, 3.454, 2.398, 2.707, 2.152, 2.627, 5.067, 4.462, 2.469, 2.045, 3.137, 5.731, 7.057, 6.598, 6.327, 8.314, 11.112, 12.581, 13.111, 12.727, 12.325, 11.171, 9.237, 6.207, 4.595, 5.125, 2.952, 2.125, 1.95, 1.691, 2.315, 2.183, 1.994, 2.694, 2.96, 3.118, 3.329, 3.43, 2.88, 2.167, 2.704, 2.789, 2.785, 2.604, 2.242, 1.503, 1.698, 2.174, 3.089, 3.756, 3.49, 3.063, 2.576, 3.649, 3.917, 2.823, 2.487, 2.966, 2.729, 2.44, 2.956, 3.244, 3.418, 3.554, 4.678, 4.983, 4.45, 4.729, 4.908, 5.026, 5.226, 5.26, 7.256, 9.519, 11.324, 7.753, 5.418, 4.962, 5.054, 4.812, 4.631, 4.822, 4.591, 5.748, 5.889, 4.177, 2.967, 3.553, 4.347, 4.023, 3.352, 3.168, 4.359, 4.205, 4.457, 2.88, 2.919, 2.29, 3.836, 3.227, 3.109, 2.768, 3.314, 4.187, 4.48, 4.542, 4.015, 3.163, 3.126, 2.616, 3.678, 3.695, 3.248, 3.412, 3.651, 2.578, 3.769, 3.616, 4.831, 5.196, 4.106, 4.004, 3.929, 3.169, 3.839, 2.743, 2.35, 3.545, 7.291, 10.74, 9.234, 6.339, 5.41, 4.923, 6.989, 7.336, 7.849, 8.618, 8.785, 7.711, 6.047, 5.159, 5.711, 6.095, 6.554, 7.737, 9.798, 8.965, 7.508], [16.035, 14.909, 13.799, 12.06, 12.548, 13.374, 12.789, 11.829, 10.791, 9.644, 7.749, 5.173, 3.67, 2.668, 0.0, 2.192, 3.583, 5.045, 5.961, 5.085, 5.703, 4.93, 2.755, 1.494, 2.257, 2.193, 2.459, 3.719, 4.994, 5.83, 5.346, 4.276, 6.007, 10.166, 9.453, 8.548, 7.92, 6.162, 3.721, 2.619, 3.016, 2.908, 2.249, 2.546, 3.222, 3.874, 2.233, 1.695, 3.086, 3.205, 2.47, 2.05, 2.816, 4.288, 3.352, 2.067, 2.125, 2.232, 2.383, 3.154, 3.963, 2.575, 4.594, 7.081, 6.531, 4.772, 4.173, 5.446, 8.077, 9.534, 8.939, 8.776, 10.8, 13.582, 15.049, 15.601, 15.224, 14.806, 13.645, 11.736, 8.658, 7.004, 7.582, 5.168, 2.972, 2.256, 1.914, 1.75, 2.149, 1.971, 1.7, 2.0, 3.098, 3.299, 3.24, 2.795, 1.999, 1.158, 1.431, 1.789, 2.434, 2.581, 2.576, 2.66, 2.093, 1.922, 2.422, 2.604, 2.473, 3.208, 5.201, 5.605, 4.009, 4.234, 5.083, 4.147, 4.101, 4.858, 5.421, 5.718, 5.625, 6.818, 7.042, 6.505, 6.705, 7.145, 7.514, 7.787, 7.69, 9.745, 12.006, 13.741, 10.153, 7.539, 6.901, 6.653, 6.414, 6.357, 6.502, 6.441, 7.551, 7.505, 5.474, 4.541, 4.588, 5.537, 5.266, 4.772, 4.891, 6.152, 5.866, 5.913, 4.026, 2.661, 3.312, 5.671, 4.744, 4.115, 3.038, 3.853, 4.303, 4.413, 4.432, 4.164, 4.305, 4.5, 4.661, 5.629, 5.301, 4.53, 4.723, 5.35, 3.32, 2.511, 3.55, 5.142, 5.239, 4.679, 5.325, 5.328, 3.159, 3.698, 3.429, 4.12, 5.873, 9.648, 13.097, 11.486, 8.638, 7.582, 7.031, 8.749, 8.528, 9.535, 10.659, 10.694, 9.504, 7.553, 6.782, 7.33, 7.769, 8.512, 10.098, 12.175, 11.307, 9.83], [17.671, 16.59, 15.473, 13.735, 14.222, 15.049, 14.464, 13.504, 12.466, 11.319, 9.375, 6.843, 5.441, 4.42, 2.192, 0.0, 1.535, 3.347, 4.277, 3.455, 3.766, 3.274, 2.157, 2.668, 4.045, 3.988, 4.127, 5.642, 7.064, 7.808, 7.356, 6.133, 7.917, 11.928, 11.084, 10.217, 9.588, 7.796, 5.487, 4.125, 4.382, 4.452, 3.51, 3.297, 2.764, 2.576, 1.4, 2.187, 1.86, 2.437, 3.011, 2.691, 2.481, 2.704, 1.892, 2.237, 2.441, 2.626, 3.241, 5.08, 5.774, 4.189, 6.26, 8.889, 8.225, 6.469, 5.821, 7.103, 9.757, 11.191, 10.608, 10.439, 12.47, 15.257, 16.723, 17.275, 16.898, 16.48, 15.322, 13.411, 10.378, 8.779, 9.302, 6.772, 4.475, 3.777, 3.446, 3.127, 3.441, 3.529, 2.597, 2.781, 3.897, 3.639, 3.284, 3.246, 3.228, 2.319, 2.205, 2.776, 3.778, 4.083, 4.171, 4.253, 3.432, 2.473, 2.618, 3.278, 3.393, 4.453, 6.584, 7.068, 5.407, 5.72, 6.673, 5.596, 5.606, 6.384, 7.111, 7.36, 7.353, 8.426, 8.71, 8.076, 8.361, 8.782, 9.185, 9.426, 9.346, 11.426, 13.681, 15.426, 11.911, 9.381, 8.606, 8.473, 8.03, 7.873, 7.984, 7.946, 9.029, 8.821, 6.899, 5.894, 6.182, 7.361, 7.107, 6.601, 6.886, 8.176, 7.95, 7.954, 5.928, 4.237, 5.118, 7.277, 6.337, 5.506, 4.204, 4.744, 4.725, 4.599, 4.673, 5.052, 5.707, 5.876, 6.244, 7.195, 6.77, 5.888, 6.069, 6.795, 4.561, 3.26, 4.478, 5.802, 6.015, 5.615, 6.626, 6.52, 4.064, 4.123, 4.568, 5.615, 7.603, 11.355, 14.691, 13.184, 10.225, 9.149, 8.651, 10.516, 10.24, 11.087, 12.188, 12.19, 10.957, 9.293, 8.55, 9.065, 9.475, 10.209, 11.681, 13.735, 12.928, 11.375], [18.619, 17.527, 16.41, 14.672, 15.159, 15.986, 15.401, 14.444, 13.404, 12.277, 10.332, 7.871, 6.596, 5.515, 3.583, 1.535, 0.0, 2.381, 3.327, 2.52, 2.594, 2.089, 2.214, 3.826, 5.226, 5.279, 5.314, 6.962, 8.495, 9.287, 8.829, 7.587, 9.323, 13.078, 12.191, 11.345, 10.658, 8.832, 6.623, 5.287, 5.552, 5.712, 4.85, 4.562, 3.835, 3.168, 2.481, 3.365, 2.326, 2.918, 4.029, 3.79, 3.163, 2.321, 2.196, 3.482, 3.569, 3.743, 4.481, 6.495, 7.104, 5.42, 7.245, 10.156, 9.509, 7.587, 6.925, 8.096, 10.691, 12.124, 11.653, 11.48, 13.495, 16.194, 17.66, 18.213, 17.867, 17.417, 16.259, 14.348, 11.486, 9.933, 10.31, 7.856, 5.59, 4.89, 4.508, 4.097, 4.303, 4.399, 3.465, 3.514, 4.579, 4.408, 3.623, 4.057, 4.065, 3.507, 3.202, 3.484, 4.457, 4.851, 5.266, 5.396, 4.249, 3.14, 3.313, 4.148, 4.111, 5.194, 7.491, 7.851, 6.222, 6.435, 7.706, 6.506, 6.568, 7.429, 8.278, 8.509, 8.458, 9.49, 9.827, 9.111, 9.29, 9.75, 10.073, 10.32, 10.293, 12.363, 14.618, 16.417, 13.018, 10.57, 9.762, 9.641, 9.245, 8.766, 8.791, 8.885, 9.961, 9.656, 7.751, 6.699, 7.256, 8.624, 8.485, 7.948, 8.19, 9.542, 9.352, 9.389, 7.275, 5.262, 6.251, 8.464, 7.371, 6.548, 4.929, 5.213, 5.07, 4.85, 4.992, 5.571, 6.355, 6.676, 7.123, 8.089, 7.479, 6.623, 6.8, 7.389, 5.209, 4.051, 4.89, 6.113, 6.265, 5.917, 7.157, 7.0, 4.644, 4.476, 5.016, 6.369, 8.695, 12.44, 15.79, 14.413, 11.297, 10.209, 9.687, 11.639, 11.468, 12.085, 13.05, 12.917, 11.746, 10.288, 9.603, 10.194, 10.634, 11.369, 12.855, 14.669, 13.879, 12.37], [20.938, 19.859, 18.741, 17.002, 17.49, 18.316, 17.731, 16.771, 15.734, 14.586, 12.601, 9.981, 8.589, 7.474, 5.045, 3.347, 2.381, 0.0, 1.394, 1.473, 1.83, 1.802, 3.301, 5.702, 7.14, 7.023, 7.066, 8.39, 9.679, 10.49, 10.088, 8.656, 10.744, 15.108, 14.257, 13.464, 12.822, 11.021, 8.614, 7.189, 7.433, 7.077, 5.822, 5.245, 4.412, 3.781, 3.674, 4.453, 3.227, 3.062, 4.413, 4.678, 3.336, 1.947, 2.67, 4.459, 4.791, 4.537, 5.529, 7.729, 8.447, 6.814, 9.364, 11.963, 11.406, 9.704, 9.084, 10.371, 13.006, 14.44, 13.828, 13.605, 15.707, 18.525, 19.991, 20.543, 20.166, 19.748, 18.59, 16.679, 13.625, 11.992, 12.547, 10.056, 7.44, 6.782, 6.616, 5.876, 6.151, 6.109, 5.151, 5.142, 6.255, 5.905, 5.497, 6.358, 6.314, 5.472, 5.386, 5.759, 5.973, 6.506, 7.212, 6.991, 5.931, 4.933, 4.499, 5.0, 5.211, 6.492, 9.36, 9.782, 7.792, 8.458, 9.8, 8.749, 8.687, 9.578, 10.32, 10.62, 10.516, 11.611, 11.939, 11.266, 11.425, 11.846, 12.378, 12.602, 12.614, 14.694, 16.949, 18.683, 15.083, 12.519, 11.594, 11.134, 10.856, 10.518, 10.353, 10.512, 11.607, 10.982, 8.766, 8.044, 8.187, 9.614, 9.891, 9.255, 9.767, 10.907, 10.751, 10.57, 8.646, 6.217, 7.833, 10.458, 9.399, 8.193, 6.339, 6.264, 6.373, 6.061, 6.361, 7.165, 8.181, 8.843, 9.439, 10.378, 9.576, 8.372, 8.479, 9.22, 6.864, 4.85, 5.668, 7.158, 7.25, 7.095, 8.644, 8.393, 5.798, 5.74, 6.681, 8.288, 10.722, 14.589, 17.924, 16.318, 13.449, 11.946, 11.763, 13.363, 12.854, 13.901, 15.354, 15.189, 13.655, 11.684, 10.903, 11.489, 12.262, 13.221, 14.849, 16.973, 16.202, 14.662], [21.872, 20.789, 19.678, 17.939, 18.427, 19.253, 18.668, 17.709, 16.671, 15.523, 13.538, 10.907, 9.475, 8.389, 5.961, 4.277, 3.327, 1.394, 0.0, 1.412, 1.625, 1.941, 4.005, 6.639, 8.066, 7.851, 7.856, 9.346, 10.538, 11.396, 10.954, 9.613, 11.74, 16.006, 15.172, 14.381, 13.747, 11.938, 9.53, 8.125, 8.38, 8.065, 6.917, 6.275, 5.444, 4.77, 4.649, 5.469, 4.184, 4.031, 5.398, 5.758, 4.346, 2.898, 3.741, 5.459, 5.612, 5.614, 6.439, 8.6, 9.328, 7.862, 10.279, 12.876, 12.318, 10.639, 10.022, 11.308, 13.943, 15.374, 14.743, 14.519, 16.626, 19.462, 20.928, 21.48, 21.103, 20.685, 19.526, 17.616, 14.54, 12.885, 13.462, 10.956, 8.263, 7.642, 7.531, 6.791, 7.068, 7.0, 6.055, 6.021, 7.123, 6.704, 6.427, 7.293, 7.251, 6.41, 6.318, 6.696, 6.876, 7.427, 8.134, 7.932, 6.816, 5.796, 5.216, 5.393, 5.79, 7.329, 10.266, 10.718, 8.675, 9.395, 10.73, 9.686, 9.613, 10.515, 11.242, 11.537, 11.379, 12.468, 12.854, 12.201, 12.339, 12.76, 13.314, 13.539, 13.551, 15.627, 17.886, 19.62, 16.008, 13.403, 12.591, 12.142, 11.797, 11.418, 11.202, 11.362, 12.434, 11.579, 9.262, 8.631, 8.804, 10.47, 10.708, 10.149, 10.568, 11.814, 11.684, 11.485, 9.51, 7.115, 8.666, 11.376, 10.326, 9.11, 7.237, 6.656, 6.528, 6.232, 6.719, 7.919, 9.082, 9.743, 10.366, 11.311, 10.501, 9.278, 9.362, 10.102, 7.577, 5.168, 5.717, 7.226, 7.29, 7.234, 8.949, 8.775, 6.049, 6.255, 7.375, 9.205, 11.638, 15.525, 18.848, 17.124, 14.368, 12.862, 12.698, 14.146, 13.758, 14.81, 16.269, 16.105, 14.558, 12.427, 11.673, 12.288, 13.021, 14.09, 15.771, 17.91, 17.132, 15.578], [20.799, 19.609, 18.534, 16.76, 17.254, 18.074, 17.489, 16.548, 15.498, 14.394, 12.358, 9.748, 8.346, 7.289, 5.085, 3.455, 2.52, 1.473, 1.412, 0.0, 1.273, 1.186, 3.097, 5.586, 7.107, 6.961, 7.141, 8.504, 9.799, 10.757, 10.314, 8.997, 10.759, 14.892, 14.014, 13.301, 12.63, 10.776, 8.423, 7.23, 7.444, 7.277, 6.402, 6.129, 5.34, 4.614, 4.049, 4.654, 3.503, 3.587, 4.835, 5.144, 4.052, 2.724, 3.292, 4.928, 5.007, 5.205, 5.97, 7.835, 8.517, 7.082, 9.162, 11.985, 11.427, 9.48, 8.899, 10.129, 12.83, 14.203, 13.567, 13.336, 15.446, 18.282, 19.749, 20.3, 19.923, 19.498, 18.347, 16.426, 13.344, 11.743, 12.268, 9.919, 7.351, 6.689, 6.472, 5.678, 5.905, 5.836, 5.081, 4.885, 5.937, 5.744, 5.294, 6.219, 6.097, 5.251, 5.145, 5.517, 5.663, 6.247, 6.985, 6.84, 5.835, 4.63, 4.017, 4.444, 4.801, 6.272, 9.252, 9.615, 7.529, 8.269, 9.633, 8.596, 8.523, 9.425, 10.134, 10.418, 10.369, 11.476, 11.81, 11.074, 11.259, 11.637, 12.133, 12.359, 12.371, 14.436, 16.706, 18.465, 14.872, 12.35, 11.533, 11.139, 10.754, 10.319, 10.175, 10.409, 11.482, 10.654, 8.496, 7.682, 8.17, 9.818, 10.062, 9.5, 9.846, 11.032, 10.897, 10.826, 8.826, 6.353, 7.873, 10.39, 9.264, 7.999, 6.176, 5.533, 5.533, 5.193, 5.774, 6.898, 7.972, 8.714, 9.174, 10.111, 9.323, 8.245, 8.173, 8.905, 6.386, 4.176, 4.822, 6.291, 6.346, 6.259, 7.877, 7.615, 5.043, 5.151, 6.166, 8.026, 10.561, 14.403, 17.846, 16.347, 13.366, 11.927, 11.57, 13.427, 13.068, 13.824, 15.152, 14.925, 13.515, 11.706, 10.994, 11.625, 12.366, 13.283, 14.877, 16.845, 16.067, 14.563], [21.047, 19.657, 18.547, 16.759, 17.272, 18.087, 17.634, 16.723, 15.691, 14.639, 12.683, 10.179, 8.879, 7.768, 5.703, 3.766, 2.594, 1.83, 1.625, 1.273, 0.0, 1.265, 3.771, 5.829, 7.583, 7.549, 7.721, 9.043, 10.504, 11.396, 10.946, 9.71, 11.381, 15.369, 14.451, 13.75, 12.829, 11.147, 8.97, 7.546, 7.768, 7.668, 6.806, 6.419, 5.591, 4.882, 4.327, 5.03, 3.438, 3.754, 5.242, 5.427, 4.172, 2.825, 3.511, 5.232, 5.468, 5.381, 6.307, 8.532, 9.139, 7.422, 9.499, 12.575, 11.893, 9.924, 9.259, 10.343, 12.97, 14.347, 13.919, 13.662, 15.744, 18.328, 19.832, 20.4, 19.973, 19.524, 18.388, 16.436, 13.649, 12.121, 12.594, 10.298, 7.963, 7.184, 6.827, 6.046, 6.317, 6.286, 5.577, 5.308, 6.336, 6.299, 5.552, 6.386, 6.312, 5.48, 5.394, 5.712, 5.784, 6.395, 7.202, 7.084, 6.309, 4.846, 4.368, 5.085, 5.37, 6.827, 9.701, 9.96, 8.002, 8.494, 9.884, 8.911, 8.985, 9.845, 10.568, 10.866, 10.866, 11.958, 12.233, 11.454, 11.443, 11.971, 12.243, 12.395, 12.441, 14.458, 16.705, 18.792, 15.333, 12.835, 11.975, 11.614, 11.26, 10.789, 10.706, 10.963, 11.972, 11.203, 9.157, 8.281, 8.798, 10.468, 10.677, 10.121, 10.516, 11.647, 11.42, 11.503, 9.451, 7.061, 8.512, 10.891, 9.765, 8.479, 6.62, 6.084, 5.846, 5.459, 6.116, 7.248, 8.209, 8.965, 9.224, 10.149, 9.467, 8.557, 8.403, 8.925, 6.716, 4.776, 5.392, 6.703, 6.835, 6.51, 7.96, 7.689, 5.452, 5.52, 6.43, 8.437, 11.086, 14.821, 18.273, 16.913, 13.789, 12.501, 12.04, 14.065, 13.64, 14.353, 15.401, 15.063, 13.889, 12.374, 11.656, 12.275, 13.013, 13.88, 15.363, 17.108, 16.286, 14.857], [20.211, 18.998, 17.885, 16.124, 16.621, 17.454, 16.881, 15.937, 14.951, 13.801, 11.943, 9.417, 8.065, 6.919, 4.93, 3.274, 2.089, 1.802, 1.941, 1.186, 1.265, 0.0, 2.873, 5.193, 6.661, 6.705, 6.821, 8.264, 9.85, 10.727, 10.232, 9.058, 10.719, 14.632, 13.74, 12.915, 12.134, 10.398, 8.157, 6.822, 7.166, 7.123, 6.501, 6.263, 5.449, 4.756, 4.06, 4.639, 3.491, 3.634, 4.927, 5.161, 3.974, 2.639, 3.409, 5.076, 5.058, 5.311, 6.131, 7.888, 8.53, 6.85, 8.651, 11.701, 11.008, 9.142, 8.481, 9.586, 12.211, 13.629, 13.199, 12.983, 15.038, 17.666, 19.155, 19.767, 19.408, 18.916, 17.725, 15.813, 13.001, 11.41, 11.893, 9.535, 7.093, 6.311, 5.994, 5.368, 5.468, 5.531, 4.651, 4.517, 5.626, 5.503, 4.784, 5.594, 5.558, 4.915, 4.651, 4.94, 5.12, 5.709, 6.567, 6.478, 5.521, 4.069, 3.666, 4.341, 4.505, 5.982, 8.903, 9.187, 7.251, 7.645, 9.171, 8.131, 8.202, 9.076, 9.818, 10.061, 10.076, 11.162, 11.445, 10.665, 10.639, 11.132, 11.551, 11.767, 11.79, 13.874, 16.089, 18.035, 14.616, 12.057, 11.17, 10.829, 10.486, 9.946, 9.869, 10.062, 11.188, 10.414, 8.275, 7.446, 7.983, 9.695, 9.864, 9.346, 9.62, 10.88, 10.715, 10.83, 8.67, 6.304, 7.605, 10.051, 8.874, 7.666, 5.792, 5.399, 5.207, 4.88, 5.384, 6.451, 7.432, 8.128, 8.628, 9.541, 8.767, 7.72, 7.574, 8.325, 6.092, 4.071, 4.762, 6.068, 6.236, 5.892, 7.358, 7.105, 4.71, 4.745, 5.63, 7.553, 10.291, 14.074, 17.486, 16.089, 13.019, 11.646, 11.269, 13.161, 12.815, 13.525, 14.591, 14.348, 13.031, 11.416, 10.741, 11.409, 12.119, 12.981, 14.478, 16.273, 15.473, 14.052], [17.974, 16.823, 15.712, 13.974, 14.461, 15.288, 14.703, 13.743, 12.714, 11.569, 9.572, 6.941, 5.583, 4.507, 2.755, 2.157, 2.214, 3.301, 4.005, 3.097, 3.771, 2.873, 0.0, 3.078, 4.223, 4.101, 4.259, 5.91, 7.396, 8.244, 7.678, 6.759, 8.478, 12.042, 11.206, 10.449, 9.797, 7.973, 5.599, 5.012, 5.414, 5.416, 4.708, 4.688, 4.142, 3.596, 2.578, 3.107, 2.961, 3.118, 3.571, 3.712, 3.355, 2.722, 2.721, 3.51, 3.698, 3.992, 4.631, 5.591, 6.258, 4.844, 6.549, 9.117, 8.589, 6.742, 6.125, 7.409, 10.006, 11.409, 10.775, 10.551, 12.66, 15.496, 16.963, 17.515, 17.137, 16.718, 15.561, 13.65, 10.57, 8.947, 9.492, 7.105, 4.421, 3.763, 3.844, 3.564, 3.393, 3.206, 2.315, 2.328, 3.354, 3.311, 3.272, 3.466, 3.493, 3.036, 2.815, 2.966, 3.73, 4.023, 4.442, 4.468, 3.211, 2.324, 2.673, 3.028, 2.724, 3.871, 6.518, 6.816, 4.833, 5.475, 6.765, 5.863, 5.703, 6.621, 7.299, 7.606, 7.478, 8.626, 8.969, 8.262, 8.38, 8.813, 9.364, 9.575, 9.585, 11.657, 13.92, 15.654, 12.043, 9.47, 8.845, 8.583, 8.193, 7.606, 7.417, 7.552, 8.71, 8.162, 6.143, 5.226, 5.567, 7.215, 7.29, 6.769, 6.944, 8.274, 8.144, 8.301, 6.112, 4.107, 4.981, 7.509, 6.384, 5.257, 3.702, 4.259, 4.262, 4.105, 4.285, 4.662, 5.239, 5.902, 6.413, 7.347, 6.652, 5.571, 5.652, 6.309, 4.045, 2.944, 3.925, 5.338, 5.507, 5.128, 5.984, 5.926, 3.699, 3.677, 4.104, 5.322, 7.726, 11.575, 15.021, 13.366, 10.541, 9.003, 8.737, 10.371, 10.195, 10.888, 12.342, 12.127, 10.773, 8.787, 7.991, 8.59, 9.329, 10.295, 11.962, 14.02, 13.242, 11.738], [15.721, 14.32, 13.177, 11.386, 11.906, 12.746, 12.289, 11.395, 10.34, 9.307, 7.334, 4.759, 3.445, 2.474, 1.494, 2.668, 3.826, 5.702, 6.639, 5.586, 5.829, 5.193, 3.078, 0.0, 2.084, 2.091, 2.452, 3.943, 5.135, 6.051, 5.585, 4.769, 6.016, 9.872, 9.032, 8.244, 7.343, 5.766, 3.598, 2.734, 3.272, 3.202, 2.874, 3.242, 3.899, 4.445, 2.779, 1.939, 3.363, 3.731, 3.183, 2.499, 3.403, 4.862, 3.869, 2.311, 2.388, 2.539, 3.051, 3.464, 4.105, 2.65, 4.206, 6.977, 6.294, 4.54, 3.817, 4.997, 7.649, 9.049, 8.558, 8.288, 10.372, 12.985, 14.483, 14.983, 14.519, 14.173, 13.046, 11.05, 8.17, 6.615, 7.202, 4.925, 2.753, 2.152, 1.856, 2.1, 2.162, 2.151, 1.817, 2.109, 2.902, 3.192, 2.864, 2.457, 2.004, 1.566, 1.726, 1.891, 2.608, 2.273, 1.95, 2.416, 2.313, 1.683, 2.61, 2.937, 2.56, 3.368, 5.069, 5.32, 3.916, 3.815, 4.398, 3.897, 3.838, 4.5, 5.066, 5.337, 5.459, 6.602, 6.809, 6.122, 6.119, 6.612, 6.996, 7.142, 7.085, 9.094, 11.3, 13.416, 9.911, 7.245, 6.51, 6.567, 6.289, 6.12, 6.301, 6.199, 7.384, 7.413, 5.473, 4.422, 4.719, 5.726, 5.321, 4.814, 4.909, 6.246, 5.951, 6.166, 4.083, 3.181, 3.262, 5.37, 4.441, 3.953, 3.012, 3.919, 4.099, 3.994, 4.182, 4.222, 4.053, 4.27, 3.954, 4.858, 4.779, 4.253, 4.441, 4.739, 3.155, 2.806, 3.895, 5.151, 5.222, 4.577, 4.879, 4.889, 3.356, 3.414, 3.357, 3.798, 5.618, 9.413, 12.871, 11.357, 8.414, 7.269, 6.678, 8.536, 8.479, 9.36, 10.203, 10.184, 9.216, 7.447, 6.674, 7.203, 7.571, 8.272, 9.782, 11.791, 10.958, 9.509], [13.943, 12.804, 11.667, 9.921, 10.411, 11.236, 10.676, 9.736, 8.682, 7.602, 5.813, 3.418, 2.048, 1.762, 2.257, 4.045, 5.226, 7.14, 8.066, 7.107, 7.583, 6.661, 4.223, 2.084, 0.0, 1.216, 1.705, 3.079, 4.116, 4.919, 4.353, 3.945, 5.087, 8.321, 7.544, 6.564, 5.984, 4.478, 2.607, 2.329, 2.655, 2.44, 2.887, 4.048, 5.226, 5.995, 4.326, 3.219, 5.051, 5.26, 3.974, 3.287, 4.796, 6.401, 5.473, 3.616, 2.947, 3.476, 2.936, 2.778, 3.498, 2.427, 3.235, 5.279, 4.828, 3.005, 2.299, 3.63, 6.018, 7.525, 7.056, 6.867, 8.854, 11.451, 12.922, 13.487, 13.073, 12.652, 11.498, 9.591, 6.618, 5.123, 5.717, 3.13, 1.558, 1.28, 1.367, 2.047, 1.957, 2.395, 2.524, 2.705, 3.145, 3.313, 3.684, 2.904, 2.515, 2.526, 2.538, 2.774, 3.323, 3.007, 2.29, 2.579, 2.124, 2.96, 3.896, 3.58, 2.906, 3.289, 4.368, 4.683, 3.634, 3.332, 3.419, 3.298, 2.913, 3.256, 3.609, 3.78, 3.828, 5.015, 5.257, 4.879, 5.095, 5.506, 5.628, 5.782, 5.669, 7.632, 9.866, 11.693, 8.207, 5.763, 5.323, 5.569, 5.442, 5.372, 5.31, 5.095, 6.188, 6.44, 4.654, 3.534, 4.097, 5.028, 4.485, 3.834, 3.574, 4.912, 4.777, 5.002, 3.539, 3.678, 2.827, 4.116, 3.775, 3.579, 2.97, 3.973, 4.298, 4.49, 4.325, 4.03, 3.702, 3.815, 3.35, 4.237, 4.259, 4.099, 4.274, 4.472, 3.084, 3.932, 4.164, 5.034, 5.218, 4.524, 4.918, 4.842, 3.707, 3.969, 3.437, 3.147, 4.022, 7.652, 11.022, 9.54, 6.605, 5.883, 5.407, 7.257, 7.633, 8.39, 9.076, 9.323, 8.244, 6.654, 5.48, 5.933, 6.322, 6.805, 8.147, 10.16, 9.244, 7.814], [14.169, 12.998, 11.906, 10.125, 10.627, 11.443, 10.862, 9.922, 8.866, 7.765, 5.841, 3.241, 1.808, 1.577, 2.193, 3.988, 5.279, 7.023, 7.851, 6.961, 7.549, 6.705, 4.101, 2.091, 1.216, 0.0, 1.026, 2.587, 3.647, 4.55, 3.97, 3.352, 4.721, 8.272, 7.511, 6.654, 6.055, 4.315, 2.023, 2.013, 2.265, 2.03, 2.76, 3.911, 5.003, 5.693, 4.196, 3.146, 4.999, 5.188, 3.748, 3.098, 4.674, 6.214, 5.347, 3.461, 2.972, 3.35, 2.427, 2.108, 2.778, 2.095, 2.97, 5.361, 4.79, 2.903, 2.387, 3.601, 6.251, 7.634, 7.047, 6.898, 8.897, 11.66, 13.11, 13.657, 13.272, 12.859, 11.716, 9.783, 6.723, 5.083, 5.672, 3.263, 1.35, 1.444, 1.226, 1.833, 1.607, 1.942, 2.532, 2.776, 3.219, 3.389, 3.55, 3.046, 2.291, 2.39, 2.515, 2.646, 3.032, 2.851, 1.823, 2.09, 1.679, 2.94, 3.665, 3.42, 2.964, 3.039, 4.16, 4.564, 3.536, 3.287, 3.458, 3.164, 2.6, 3.012, 3.482, 3.767, 3.655, 4.874, 5.236, 4.664, 4.973, 5.284, 5.67, 5.898, 5.774, 7.821, 10.064, 11.843, 8.216, 5.66, 5.133, 5.272, 4.946, 5.087, 4.995, 4.822, 5.881, 6.111, 4.313, 3.425, 3.748, 4.565, 3.884, 3.314, 3.218, 4.611, 4.429, 4.624, 2.924, 3.222, 2.492, 3.788, 3.635, 3.462, 3.159, 3.738, 4.511, 4.649, 4.693, 4.259, 3.813, 3.743, 3.124, 3.987, 4.001, 3.771, 4.118, 4.352, 2.984, 3.624, 3.888, 5.221, 5.391, 4.622, 4.876, 4.775, 3.583, 4.072, 3.317, 2.991, 3.943, 7.788, 11.162, 9.488, 6.683, 5.692, 5.282, 6.854, 7.322, 8.036, 8.893, 9.144, 8.115, 6.267, 5.131, 5.543, 5.956, 6.545, 8.183, 10.278, 9.446, 7.917], [14.073, 12.994, 11.841, 10.102, 10.59, 11.416, 10.831, 9.872, 8.834, 7.686, 5.716, 3.134, 1.813, 1.556, 2.459, 4.127, 5.314, 7.066, 7.856, 7.141, 7.721, 6.821, 4.259, 2.452, 1.705, 1.026, 0.0, 2.239, 3.588, 4.325, 3.783, 3.115, 4.664, 8.255, 7.411, 6.599, 5.976, 4.203, 2.0, 1.76, 1.942, 2.123, 3.023, 4.191, 5.289, 5.886, 4.353, 3.302, 5.158, 5.339, 3.918, 3.276, 4.879, 6.355, 5.523, 3.78, 3.165, 3.404, 2.604, 1.995, 2.601, 2.025, 2.692, 5.174, 4.588, 2.833, 2.325, 3.542, 6.145, 7.575, 7.032, 6.777, 8.866, 11.625, 13.091, 13.643, 13.266, 12.848, 11.69, 9.779, 6.76, 5.109, 5.683, 3.165, 1.677, 1.837, 1.477, 1.914, 1.889, 2.037, 2.621, 2.943, 3.393, 3.445, 3.634, 3.122, 2.385, 2.597, 2.757, 2.821, 3.064, 2.784, 1.818, 1.913, 1.807, 3.11, 3.931, 3.609, 3.227, 3.026, 3.807, 4.191, 3.38, 3.044, 3.244, 2.968, 2.422, 2.831, 3.464, 3.791, 3.653, 4.722, 5.135, 4.513, 4.704, 5.106, 5.584, 5.746, 5.726, 7.794, 10.049, 11.783, 8.211, 5.683, 5.077, 4.965, 4.578, 4.727, 4.734, 4.519, 5.541, 5.779, 4.03, 3.221, 3.409, 4.106, 3.551, 2.933, 3.083, 4.397, 4.316, 4.424, 2.556, 3.025, 2.412, 3.684, 3.479, 3.438, 3.129, 3.733, 4.586, 4.857, 4.814, 4.366, 3.668, 3.397, 2.918, 3.83, 3.852, 3.37, 3.856, 4.116, 2.952, 3.781, 3.815, 5.341, 5.643, 4.615, 4.779, 4.583, 3.627, 4.234, 3.316, 2.774, 3.886, 7.688, 11.014, 9.324, 6.546, 5.361, 4.957, 6.592, 6.929, 7.716, 8.704, 8.915, 7.739, 5.933, 4.806, 5.222, 5.538, 6.347, 7.936, 10.12, 9.318, 7.766], [12.69, 11.577, 1