[[0.0, 1.203, 2.255, 4.5, 3.087, 3.973, 3.998, 4.274, 3.403, 1.932, 2.294, 3.022, 2.958, 3.608, 5.564, 7.079, 7.426, 6.963, 8.026, 9.443, 9.943, 10.24, 10.534, 11.498, 12.107, 11.031, 9.365, 9.136, 9.119, 7.304, 5.261, 5.129, 5.489, 5.646, 6.092, 6.23, 6.275, 7.977, 9.316, 8.541, 7.14, 5.579, 5.272, 6.907, 7.932, 7.82, 7.846, 7.045, 4.363, 3.909, 5.332, 7.717, 8.121, 6.136, 6.617, 7.254, 6.711, 6.076, 5.43, 5.301, 5.602, 5.959, 4.826, 5.426, 6.117, 6.536, 6.642, 5.995, 5.451, 4.563, 3.893, 3.576, 3.581, 3.661, 4.195, 4.942, 3.619, 2.222, 7.434, 8.867, 7.276, 6.469, 6.751, 7.745, 8.471, 7.638, 5.379, 2.311, 3.731, 3.801, 3.457, 2.583, 3.022, 3.23, 4.433, 3.506, 3.188, 3.665, 3.144, 2.431, 2.261, 2.751, 2.977, 3.551, 4.081, 5.771, 6.081, 5.836, 6.465, 8.358, 10.028, 11.206, 11.189, 10.221, 9.807, 8.308, 7.801, 9.193, 9.37, 7.88, 7.626, 7.673, 8.785, 10.276, 10.493, 9.78, 8.916, 8.629, 9.819, 10.498, 8.028, 4.666, 2.314, 3.637, 4.439, 4.647, 4.027, 4.282, 4.942, 4.704, 6.467, 7.482, 6.641, 5.592, 5.361, 6.132], [1.203, 0.0, 2.226, 4.891, 3.69, 4.228, 4.21, 4.673, 3.738, 2.373, 3.055, 3.219, 2.994, 3.91, 6.075, 6.882, 7.089, 6.688, 7.858, 9.35, 10.138, 10.202, 10.27, 11.006, 11.553, 10.603, 9.117, 8.756, 8.744, 6.923, 5.052, 4.786, 5.092, 5.151, 5.608, 5.827, 5.997, 7.621, 8.911, 8.204, 6.959, 5.46, 5.13, 6.793, 7.764, 7.848, 7.769, 6.974, 4.269, 3.42, 4.822, 7.331, 7.652, 5.925, 6.368, 6.863, 6.246, 5.591, 5.019, 5.03, 5.765, 6.24, 5.203, 5.97, 6.764, 6.966, 7.068, 6.382, 5.686, 4.798, 4.051, 3.741, 3.674, 3.754, 4.231, 4.997, 3.368, 1.96, 7.744, 9.15, 7.42, 6.417, 6.775, 7.823, 8.496, 7.43, 5.13, 1.76, 3.319, 3.411, 3.21, 2.613, 2.879, 3.403, 4.648, 3.374, 3.188, 3.961, 3.321, 2.443, 2.004, 2.59, 2.688, 3.331, 4.331, 5.69, 5.977, 5.431, 5.961, 7.797, 9.48, 10.668, 10.764, 9.718, 9.246, 7.897, 7.671, 9.228, 9.325, 7.755, 7.404, 7.659, 8.959, 9.949, 10.162, 9.696, 9.052, 8.607, 9.386, 10.015, 7.564, 4.676, 2.765, 4.243, 5.142, 5.141, 4.619, 4.802, 5.378, 5.076, 6.86, 7.722, 7.018, 5.923, 5.782, 6.594], [2.255, 2.226, 0.0, 3.1, 2.636, 4.515, 4.549, 4.48, 3.748, 3.057, 2.52, 2.782, 3.081, 4.17, 7.03, 8.819, 9.095, 8.583, 9.649, 11.302, 11.869, 12.044, 12.302, 13.048, 13.618, 12.522, 10.987, 10.783, 10.702, 8.862, 6.236, 6.415, 6.964, 7.121, 7.667, 7.787, 7.837, 9.546, 10.845, 10.171, 8.848, 7.306, 7.003, 8.739, 9.739, 9.69, 9.686, 8.926, 6.195, 5.447, 6.835, 9.279, 9.656, 7.505, 8.057, 8.791, 8.13, 7.337, 5.877, 4.448, 4.896, 5.401, 4.258, 5.011, 5.791, 6.08, 6.225, 5.642, 5.079, 4.721, 4.413, 4.219, 4.104, 4.128, 5.096, 6.223, 5.018, 1.422, 5.727, 7.105, 5.561, 4.682, 4.906, 5.874, 6.62, 5.754, 3.753, 2.91, 5.079, 4.602, 3.354, 3.05, 3.211, 3.48, 3.755, 2.788, 4.156, 4.72, 3.96, 3.029, 3.099, 4.314, 4.601, 4.903, 5.419, 7.627, 7.728, 7.398, 7.989, 9.862, 11.532, 12.723, 12.723, 11.747, 11.311, 9.875, 9.438, 10.997, 11.172, 9.628, 9.227, 9.154, 10.55, 11.833, 12.135, 11.313, 10.415, 10.286, 11.372, 12.051, 9.607, 5.416, 2.92, 2.838, 3.682, 3.395, 3.413, 3.854, 4.461, 4.432, 6.319, 7.003, 6.229, 5.077, 4.865, 5.71], [4.5, 4.891, 3.1, 0.0, 3.165, 6.613, 7.014, 6.163, 5.944, 5.443, 4.392, 4.977, 5.713, 6.329, 8.924, 11.453, 11.787, 11.292, 12.323, 13.898, 14.308, 14.698, 14.934, 15.806, 16.416, 15.321, 13.68, 13.5, 13.465, 11.649, 9.039, 9.208, 9.755, 9.9, 10.399, 10.57, 10.611, 12.353, 13.649, 12.903, 11.486, 9.932, 9.671, 11.396, 12.38, 12.191, 12.339, 11.473, 8.772, 8.189, 9.638, 12.076, 12.432, 10.327, 10.873, 11.588, 10.939, 10.128, 8.665, 6.37, 4.806, 5.357, 5.266, 4.078, 5.012, 6.853, 6.735, 6.065, 5.657, 6.193, 6.482, 6.293, 6.006, 6.216, 7.577, 8.742, 7.749, 4.03, 4.096, 4.848, 4.243, 4.051, 4.153, 4.143, 4.753, 5.166, 4.366, 5.722, 7.896, 7.401, 6.095, 5.501, 5.756, 5.927, 3.981, 5.017, 6.758, 7.232, 6.387, 5.623, 5.909, 7.072, 7.333, 7.672, 8.036, 10.083, 10.413, 10.168, 10.769, 12.664, 14.336, 15.524, 15.51, 14.537, 14.114, 12.62, 12.186, 13.413, 13.598, 12.263, 11.943, 11.709, 13.036, 14.575, 14.816, 13.981, 12.876, 12.855, 14.127, 14.836, 12.384, 8.133, 5.036, 2.774, 2.054, 1.617, 2.169, 3.259, 3.915, 5.114, 6.305, 6.707, 5.539, 4.396, 4.434, 5.157], [3.087, 3.69, 2.636, 3.165, 0.0, 3.88, 4.26, 3.216, 2.992, 2.604, 1.849, 2.098, 2.947, 3.44, 5.929, 8.908, 9.257, 8.723, 9.723, 11.007, 11.559, 11.919, 12.36, 13.342, 13.967, 12.83, 11.09, 11.0, 10.944, 9.135, 6.565, 6.766, 7.3, 7.436, 7.93, 8.054, 8.106, 9.809, 11.148, 10.365, 8.917, 7.225, 6.898, 8.573, 9.689, 9.467, 9.418, 8.494, 6.171, 5.741, 7.196, 9.566, 9.964, 7.808, 8.372, 9.084, 8.461, 7.671, 6.208, 4.091, 3.762, 3.857, 3.117, 3.06, 3.308, 4.13, 4.133, 3.461, 3.495, 3.387, 3.855, 3.836, 3.593, 3.752, 5.121, 6.291, 5.323, 3.751, 6.214, 7.341, 6.319, 6.107, 6.192, 6.891, 7.476, 7.229, 5.68, 4.277, 5.468, 4.953, 4.305, 3.881, 3.387, 3.392, 2.286, 2.506, 4.079, 4.215, 3.306, 3.007, 3.447, 4.566, 4.822, 5.12, 5.213, 7.1, 7.797, 7.672, 8.325, 10.223, 11.888, 13.064, 13.049, 12.078, 11.666, 10.172, 9.619, 10.564, 10.754, 9.593, 9.438, 9.242, 10.448, 12.028, 12.294, 11.433, 10.394, 10.358, 11.667, 12.338, 9.86, 5.524, 2.971, 2.077, 2.937, 2.87, 2.119, 1.581, 2.051, 2.734, 4.241, 4.974, 3.875, 2.78, 2.86, 3.343], [3.973, 4.228, 4.515, 6.613, 3.88, 0.0, 1.236, 1.568, 1.705, 2.436, 3.012, 2.664, 2.289, 1.562, 2.784, 5.238, 5.554, 5.044, 6.084, 7.541, 7.99, 8.421, 8.735, 9.535, 10.116, 8.985, 7.226, 7.279, 7.194, 5.355, 2.864, 2.995, 3.499, 3.708, 4.191, 4.23, 4.331, 6.038, 7.333, 6.683, 5.774, 4.646, 3.931, 5.101, 6.157, 5.958, 5.94, 5.049, 2.764, 2.718, 3.395, 5.816, 6.186, 4.016, 4.53, 5.228, 4.722, 4.339, 3.985, 3.854, 4.391, 4.408, 3.723, 4.101, 4.714, 3.833, 4.02, 3.014, 2.689, 1.443, 1.096, 1.085, 1.237, 0.969, 1.795, 2.448, 2.412, 5.136, 9.415, 10.699, 9.409, 8.912, 8.976, 10.058, 10.583, 10.023, 8.093, 4.425, 3.285, 3.457, 3.987, 4.052, 3.783, 2.829, 3.207, 2.938, 1.946, 1.551, 2.133, 2.73, 3.019, 2.849, 2.866, 2.819, 2.089, 3.751, 4.092, 4.082, 4.536, 6.376, 8.05, 9.226, 9.266, 8.27, 7.815, 6.433, 5.85, 6.876, 7.162, 5.827, 5.633, 5.474, 6.738, 8.21, 8.537, 7.798, 6.571, 6.574, 7.83, 8.51, 6.083, 2.528, 3.672, 4.287, 5.787, 6.129, 5.129, 4.553, 3.831, 2.546, 3.304, 4.011, 4.831, 4.684, 3.921, 4.256], [3.998, 4.21, 4.549, 7.014, 4.26, 1.236, 0.0, 1.611, 1.573, 2.513, 3.217, 2.734, 2.272, 1.876, 2.861, 4.809, 5.189, 4.606, 5.66, 6.998, 7.544, 7.886, 8.261, 9.108, 9.712, 8.575, 6.886, 6.796, 6.769, 4.931, 2.448, 2.717, 3.128, 3.416, 3.728, 3.811, 3.904, 5.624, 6.924, 6.409, 5.553, 4.399, 3.655, 4.589, 5.624, 5.504, 5.432, 4.607, 2.368, 2.758, 3.167, 5.379, 5.758, 3.576, 4.139, 4.845, 4.274, 3.878, 3.287, 3.525, 4.176, 4.358, 3.567, 3.849, 4.554, 3.746, 3.938, 2.919, 2.776, 1.763, 1.507, 1.704, 1.835, 1.711, 1.838, 2.231, 2.486, 4.906, 9.823, 11.213, 9.672, 9.044, 9.181, 10.293, 10.985, 10.209, 8.006, 4.346, 3.382, 3.343, 3.95, 3.876, 3.454, 2.545, 3.309, 3.021, 1.799, 1.279, 2.081, 2.717, 3.05, 2.982, 3.028, 3.12, 2.266, 3.306, 3.663, 3.853, 4.25, 5.968, 7.632, 8.823, 8.822, 7.855, 7.411, 5.979, 5.438, 6.564, 6.78, 5.379, 5.183, 5.048, 6.28, 7.821, 8.086, 7.33, 6.297, 6.159, 7.423, 8.095, 5.649, 1.939, 3.511, 4.773, 6.119, 6.635, 5.618, 4.941, 4.22, 2.688, 3.374, 3.9, 5.074, 5.053, 4.086, 4.083], [4.274, 4.673, 4.48, 6.163, 3.216, 1.568, 1.611, 0.0, 1.478, 2.517, 2.693, 2.202, 2.24, 1.708, 3.325, 5.963, 6.399, 5.741, 6.705, 7.964, 8.61, 8.855, 9.372, 10.464, 11.106, 9.976, 8.188, 8.132, 8.032, 6.218, 3.703, 3.953, 4.441, 4.609, 5.057, 5.188, 5.216, 6.923, 8.246, 7.564, 6.139, 4.739, 4.231, 5.576, 6.68, 6.476, 6.468, 5.553, 3.341, 3.541, 4.357, 6.695, 7.109, 4.942, 5.462, 6.17, 5.602, 5.203, 4.484, 3.984, 4.152, 4.345, 3.65, 3.734, 4.067, 3.386, 3.353, 2.156, 2.341, 1.391, 1.682, 1.849, 1.958, 1.889, 2.635, 3.473, 3.194, 5.243, 9.141, 10.397, 8.987, 8.776, 8.83, 9.523, 10.227, 9.899, 8.175, 4.813, 3.83, 4.009, 4.475, 4.375, 3.924, 3.194, 2.836, 3.022, 2.354, 1.731, 2.256, 3.108, 3.604, 3.648, 3.651, 3.554, 2.919, 4.173, 4.928, 4.933, 5.477, 7.367, 9.026, 10.191, 10.173, 9.208, 8.805, 7.308, 6.735, 7.837, 8.053, 6.739, 6.584, 6.39, 7.608, 9.207, 9.411, 8.488, 7.604, 7.552, 8.805, 9.468, 6.983, 2.949, 4.169, 4.449, 5.33, 5.848, 4.813, 3.776, 2.958, 1.693, 2.703, 3.835, 4.217, 4.335, 3.491, 3.579], [3.403, 3.738, 3.748, 5.944, 2.992, 1.705, 1.573, 1.478, 0.0, 1.7, 2.155, 1.745, 1.612, 1.457, 3.434, 6.022, 6.394, 5.825, 6.846, 8.145, 8.713, 9.058, 9.483, 10.451, 11.076, 9.938, 8.19, 8.109, 8.036, 6.251, 3.718, 3.912, 4.453, 4.553, 5.049, 5.176, 5.205, 6.945, 8.267, 7.54, 6.204, 4.654, 4.127, 5.693, 6.839, 6.673, 6.52, 5.686, 3.309, 3.323, 4.394, 6.673, 7.09, 4.919, 5.473, 6.186, 5.573, 4.859, 3.903, 3.762, 4.266, 4.317, 3.578, 3.852, 4.219, 3.634, 3.78, 2.771, 2.479, 1.709, 1.527, 1.676, 1.849, 1.984, 2.633, 3.403, 2.885, 4.279, 8.886, 10.153, 8.726, 8.202, 8.345, 9.354, 10.045, 9.319, 7.327, 3.945, 3.332, 3.174, 3.622, 3.478, 3.146, 2.595, 2.825, 2.53, 1.926, 1.647, 1.779, 2.247, 2.718, 2.986, 3.122, 3.382, 2.822, 4.331, 4.909, 4.792, 5.432, 7.332, 8.995, 10.177, 10.165, 9.188, 8.775, 7.281, 6.734, 7.739, 7.938, 6.712, 6.547, 6.355, 7.56, 9.138, 9.403, 8.557, 7.548, 7.478, 8.774, 9.448, 6.97, 2.783, 3.303, 4.053, 5.216, 5.608, 4.599, 3.602, 3.023, 1.831, 3.202, 4.211, 4.358, 4.341, 3.55, 3.839], [1.932, 2.373, 3.057, 5.443, 2.604, 2.436, 2.513, 2.517, 1.7, 0.0, 1.706, 1.705, 1.734, 2.119, 4.163, 6.482, 6.833, 6.281, 7.325, 8.603, 9.249, 9.514, 9.928, 10.953, 11.577, 10.45, 8.658, 8.618, 8.519, 6.698, 4.385, 4.42, 4.912, 5.045, 5.549, 5.662, 5.692, 7.395, 8.706, 7.986, 6.507, 4.862, 4.494, 6.153, 7.274, 7.08, 7.006, 6.143, 3.789, 3.366, 4.808, 7.187, 7.59, 5.418, 5.931, 6.647, 6.066, 5.335, 4.456, 4.322, 4.893, 5.14, 3.981, 4.493, 4.873, 4.842, 4.874, 4.186, 3.831, 2.886, 2.388, 2.35, 2.396, 2.408, 3.13, 4.026, 2.983, 3.181, 8.355, 9.631, 8.073, 7.541, 7.733, 8.755, 9.511, 8.679, 6.527, 2.849, 3.169, 2.996, 2.941, 2.595, 2.5, 2.358, 3.227, 2.515, 2.078, 2.232, 1.78, 1.582, 1.855, 2.379, 2.608, 2.953, 2.97, 4.878, 5.418, 5.294, 5.935, 7.838, 9.497, 10.673, 10.66, 9.694, 9.276, 7.79, 7.209, 8.271, 8.497, 7.217, 7.057, 6.897, 8.102, 9.664, 9.903, 9.059, 8.186, 8.003, 9.276, 9.945, 7.482, 3.473, 2.332, 3.718, 4.778, 5.137, 4.202, 3.429, 3.307, 2.911, 4.632, 5.729, 4.945, 4.307, 3.932, 4.601], [2.294, 3.055, 2.52, 4.392, 1.849, 3.012, 3.217, 2.693, 2.155, 1.706, 0.0, 1.476, 2.022, 2.471, 5.1, 7.67, 8.056, 7.459, 8.43, 9.743, 10.339, 10.641, 11.067, 12.163, 12.801, 11.671, 9.883, 9.826, 9.73, 7.915, 5.429, 5.643, 6.161, 6.27, 6.765, 6.883, 6.915, 8.618, 9.941, 9.22, 7.769, 6.155, 5.819, 7.285, 8.404, 8.226, 8.201, 7.206, 5.016, 4.631, 6.033, 8.388, 8.802, 6.637, 7.157, 7.863, 7.29, 6.492, 5.273, 4.027, 4.078, 4.303, 3.448, 3.801, 4.058, 4.563, 4.567, 3.986, 3.765, 3.021, 3.068, 2.995, 3.024, 3.017, 4.028, 5.136, 4.198, 3.391, 7.286, 8.569, 7.057, 6.601, 6.687, 7.733, 8.468, 7.718, 5.866, 3.677, 4.42, 3.945, 3.311, 2.878, 3.037, 2.738, 2.894, 2.308, 2.938, 3.017, 2.281, 2.396, 2.629, 3.426, 3.791, 4.054, 4.02, 5.978, 6.627, 6.497, 7.159, 9.062, 10.721, 11.884, 11.886, 10.907, 10.5, 9.013, 8.418, 9.472, 9.678, 8.434, 8.279, 8.093, 9.296, 10.883, 11.128, 10.203, 9.301, 9.222, 10.5, 11.163, 8.69, 4.384, 2.45, 2.682, 3.664, 4.043, 3.297, 2.757, 2.918, 2.857, 4.586, 5.636, 4.736, 3.969, 3.726, 4.111], [3.022, 3.219, 2.782, 4.977, 2.098, 2.664, 2.734, 2.202, 1.745, 1.705, 1.476, 0.0, 1.603, 2.274, 4.87, 6.963, 7.271, 6.769, 7.845, 9.089, 9.9, 9.991, 10.403, 11.396, 12.019, 10.926, 9.106, 9.059, 8.959, 7.165, 4.662, 4.865, 5.385, 5.492, 5.983, 6.122, 6.132, 7.878, 9.175, 8.474, 7.129, 5.468, 5.055, 6.616, 7.758, 7.618, 7.509, 6.568, 4.272, 3.914, 5.254, 7.631, 8.042, 5.871, 6.389, 7.101, 6.524, 5.723, 4.366, 3.026, 3.756, 4.075, 3.134, 3.443, 3.893, 3.954, 3.994, 3.364, 3.1, 2.6, 2.684, 2.698, 2.756, 2.744, 3.534, 4.637, 3.554, 3.512, 7.871, 9.176, 7.476, 6.885, 7.12, 8.209, 8.989, 7.99, 6.112, 3.667, 3.74, 3.25, 3.084, 2.916, 2.406, 2.299, 2.164, 1.59, 2.228, 2.515, 1.844, 2.028, 2.428, 2.977, 3.398, 3.705, 3.398, 5.268, 5.868, 5.739, 6.377, 8.28, 9.939, 11.123, 11.117, 10.134, 9.718, 8.23, 7.764, 8.91, 9.088, 7.757, 7.514, 7.497, 8.735, 10.173, 10.359, 9.515, 8.854, 8.592, 9.743, 10.394, 7.911, 3.585, 2.585, 3.192, 4.27, 4.732, 3.797, 2.822, 2.46, 2.197, 3.878, 4.899, 4.218, 3.691, 3.378, 3.605], [2.958, 2.994, 3.081, 5.713, 2.947, 2.289, 2.272, 2.24, 1.612, 1.734, 2.022, 1.603, 0.0, 1.807, 4.428, 6.222, 6.374, 5.827, 6.942, 8.344, 9.222, 9.066, 9.442, 10.494, 11.154, 10.083, 8.5, 8.165, 8.061, 6.236, 3.756, 3.947, 4.471, 4.591, 5.088, 5.233, 5.233, 6.936, 8.247, 7.524, 6.183, 4.578, 4.406, 5.756, 6.79, 6.892, 6.809, 6.029, 3.627, 3.124, 4.356, 6.724, 7.121, 4.954, 5.472, 6.188, 5.607, 4.877, 3.822, 3.553, 4.553, 5.085, 3.944, 4.389, 5.076, 4.459, 4.665, 3.598, 3.226, 2.59, 2.347, 2.193, 2.283, 2.279, 2.994, 4.064, 2.804, 3.3, 8.628, 10.064, 8.35, 7.391, 7.77, 8.831, 9.63, 8.511, 6.286, 3.086, 2.778, 2.569, 2.976, 2.801, 2.525, 2.261, 3.029, 1.775, 1.478, 2.086, 1.554, 1.819, 1.841, 2.185, 2.339, 2.472, 2.692, 4.853, 5.079, 4.918, 5.487, 7.379, 9.038, 10.213, 10.196, 9.234, 8.817, 7.332, 7.054, 8.531, 8.744, 7.213, 6.873, 6.878, 8.144, 9.518, 9.641, 8.572, 8.284, 7.991, 8.967, 9.511, 7.066, 2.915, 2.819, 3.989, 5.003, 5.509, 4.579, 3.747, 3.199, 2.698, 4.134, 5.181, 5.017, 4.664, 4.139, 4.599], [3.608, 3.91, 4.17, 6.329, 3.44, 1.562, 1.876, 1.708, 1.457, 2.119, 2.471, 2.274, 1.807, 0.0, 3.123, 5.574, 5.978, 5.421, 6.377, 7.684, 8.329, 8.601, 9.03, 10.042, 10.671, 9.53, 7.842, 7.697, 7.659, 5.867, 3.431, 3.515, 4.093, 4.328, 4.676, 4.774, 4.828, 6.541, 7.874, 7.101, 5.785, 4.333, 3.978, 5.234, 6.365, 6.204, 6.128, 5.302, 3.002, 3.536, 4.081, 6.264, 6.684, 4.514, 5.094, 5.8, 5.281, 4.558, 4.415, 4.402, 4.841, 5.063, 4.207, 4.53, 5.028, 3.993, 4.139, 3.247, 2.458, 1.692, 1.615, 1.729, 1.939, 1.952, 2.746, 3.063, 2.388, 4.633, 9.263, 10.618, 9.055, 8.628, 8.673, 9.633, 10.385, 9.709, 7.803, 4.148, 3.301, 3.45, 4.063, 3.99, 3.74, 3.172, 3.366, 2.907, 1.953, 1.654, 1.957, 2.713, 2.845, 2.92, 2.947, 3.154, 2.375, 3.918, 4.511, 4.379, 5.033, 6.923, 8.591, 9.762, 9.743, 8.778, 8.37, 6.872, 6.338, 7.526, 7.665, 6.341, 6.138, 5.954, 7.222, 8.764, 9.022, 8.084, 7.204, 7.088, 8.374, 9.054, 6.567, 3.216, 3.683, 4.406, 5.52, 6.056, 5.012, 4.088, 3.427, 2.529, 3.342, 4.401, 4.999, 4.886, 4.24, 4.564], [5.564, 6.075, 7.03, 8.924, 5.929, 2.784, 2.861, 3.325, 3.434, 4.163, 5.1, 4.87, 4.428, 3.123, 0.0, 3.375, 3.919, 3.267, 4.092, 5.277, 5.836, 6.154, 6.716, 7.86, 8.5, 7.369, 5.589, 5.525, 5.415, 3.871, 3.332, 3.442, 3.217, 3.495, 3.783, 3.288, 3.376, 4.344, 5.71, 5.465, 4.579, 3.818, 3.294, 3.195, 4.072, 3.878, 3.987, 3.098, 2.704, 3.767, 3.142, 4.193, 4.608, 3.695, 4.185, 4.264, 4.978, 4.915, 5.501, 6.084, 6.494, 6.266, 5.774, 5.961, 5.965, 4.669, 4.808, 4.142, 4.052, 3.219, 3.106, 3.206, 3.383, 3.485, 3.177, 2.278, 3.22, 7.171, 11.997, 13.096, 12.059, 11.581, 11.637, 12.686, 13.271, 12.708, 10.611, 6.44, 5.123, 5.465, 6.373, 6.251, 5.82, 4.664, 5.573, 5.44, 3.754, 2.767, 3.978, 4.752, 5.04, 4.366, 4.309, 3.809, 2.454, 1.825, 2.462, 2.869, 3.082, 4.762, 6.42, 7.577, 7.542, 6.594, 6.199, 4.739, 4.114, 5.065, 5.296, 4.132, 3.986, 3.923, 4.969, 6.632, 6.885, 5.888, 4.94, 4.936, 6.2, 6.867, 4.563, 3.941, 5.556, 6.656, 8.267, 8.511, 7.52, 6.488, 5.655, 4.186, 4.254, 5.135, 6.544, 6.654, 5.76, 5.466], [7.079, 6.882, 8.819, 11.453, 8.908, 5.238, 4.809, 5.963, 6.022, 6.482, 7.67, 6.963, 6.222, 5.574, 3.375, 0.0, 1.421, 1.55, 1.931, 3.317, 3.957, 4.49, 3.948, 4.824, 5.206, 4.539, 3.082, 2.41, 2.334, 2.23, 4.056, 3.887, 2.963, 3.028, 2.779, 2.374, 2.379, 2.059, 3.459, 3.57, 3.435, 4.008, 3.319, 2.088, 1.604, 1.794, 1.594, 1.703, 3.081, 4.192, 3.044, 1.844, 2.196, 3.287, 3.445, 3.173, 4.037, 4.24, 5.479, 6.724, 7.497, 7.346, 6.858, 7.811, 8.248, 6.275, 6.835, 6.986, 6.841, 6.047, 5.523, 5.452, 5.752, 5.543, 4.449, 3.292, 4.024, 8.459, 14.476, 15.857, 14.181, 13.121, 13.312, 14.427, 15.211, 14.166, 11.821, 7.299, 5.673, 6.238, 7.554, 7.423, 6.607, 5.807, 7.769, 7.053, 5.219, 4.785, 5.938, 6.399, 6.168, 5.303, 4.626, 4.721, 3.949, 2.378, 2.073, 2.221, 2.114, 2.288, 3.131, 4.311, 4.282, 3.353, 2.981, 1.964, 1.4, 2.831, 3.034, 2.021, 2.177, 3.272, 3.757, 4.699, 4.676, 4.59, 4.161, 3.74, 3.748, 4.409, 2.801, 4.227, 6.922, 9.319, 10.562, 11.328, 10.142, 9.546, 8.754, 7.104, 6.973, 7.644, 9.539, 9.604, 8.416, 7.896], [7.426, 7.089, 9.095, 11.787, 9.257, 5.554, 5.189, 6.399, 6.394, 6.833, 8.056, 7.271, 6.374, 5.978, 3.919, 1.421, 0.0, 1.303, 2.478, 4.204, 5.039, 5.212, 4.297, 4.925, 5.3, 5.071, 3.836, 2.716, 2.397, 2.078, 3.74, 3.514, 2.885, 2.816, 2.614, 2.546, 2.711, 2.043, 2.579, 2.699, 2.589, 3.642, 3.179, 2.176, 1.571, 2.232, 2.083, 2.212, 3.253, 3.915, 2.786, 1.856, 2.131, 3.393, 3.484, 3.16, 4.031, 4.21, 5.341, 6.704, 7.897, 8.258, 7.613, 8.345, 8.907, 7.33, 7.679, 7.52, 7.177, 6.402, 5.86, 5.793, 6.075, 5.868, 4.945, 3.873, 4.276, 8.573, 14.788, 16.173, 14.491, 13.287, 13.594, 14.607, 15.435, 14.171, 11.177, 6.687, 5.058, 5.559, 6.893, 6.835, 6.418, 6.134, 8.084, 6.985, 5.199, 5.176, 6.114, 6.485, 6.146, 4.94, 4.566, 4.445, 4.196, 2.647, 2.334, 2.264, 2.028, 2.273, 3.086, 4.078, 3.946, 2.97, 2.635, 1.939, 2.259, 3.651, 3.719, 3.102, 3.225, 4.446, 4.888, 5.671, 5.428, 5.325, 5.271, 4.92, 4.642, 4.796, 3.331, 4.888, 7.193, 9.625, 10.921, 11.643, 10.463, 9.916, 9.171, 7.528, 7.54, 8.111, 9.904, 9.901, 8.788, 8.579], [6.963, 6.688, 8.583, 11.292, 8.723, 5.044, 4.606, 5.741, 5.825, 6.281, 7.459, 6.769, 5.827, 5.421, 3.267, 1.55, 1.303, 0.0, 2.225, 4.053, 4.957, 5.066, 4.604, 5.415, 5.921, 5.291, 4.061, 3.116, 2.706, 1.875, 3.285, 3.232, 2.724, 2.891, 2.755, 2.544, 2.657, 2.227, 3.168, 3.355, 2.944, 3.77, 3.397, 2.216, 2.091, 2.511, 2.383, 2.074, 3.043, 3.769, 2.577, 1.859, 2.311, 3.073, 3.294, 2.963, 3.794, 3.91, 4.681, 6.066, 7.231, 7.561, 6.898, 7.656, 8.186, 6.693, 7.018, 6.825, 6.677, 5.851, 5.326, 5.255, 5.555, 5.341, 4.361, 3.191, 3.779, 8.15, 14.276, 15.66, 13.979, 12.76, 13.067, 14.079, 14.907, 13.65, 10.761, 6.447, 4.849, 5.256, 6.418, 6.28, 6.308, 5.573, 7.559, 6.553, 4.748, 4.599, 5.742, 6.123, 5.759, 4.629, 4.415, 3.908, 3.669, 2.342, 2.092, 2.251, 1.853, 2.592, 3.566, 4.661, 4.59, 3.743, 3.254, 2.06, 2.298, 4.013, 4.078, 3.032, 3.149, 4.071, 4.619, 5.709, 5.664, 4.994, 4.883, 4.665, 4.745, 5.135, 3.475, 4.186, 6.687, 9.095, 10.364, 11.131, 9.945, 9.382, 8.553, 6.943, 6.816, 7.502, 9.347, 9.4, 8.256, 7.786], [8.026, 7.858, 9.649, 12.323, 9.723, 6.084, 5.66, 6.705, 6.846, 7.325, 8.43, 7.845, 6.942, 6.377, 4.092, 1.931, 2.478, 2.225, 0.0, 2.782, 3.38, 3.646, 3.545, 4.476, 4.924, 4.084, 2.953, 2.177, 2.384, 3.26, 4.873, 4.793, 4.045, 4.245, 4.169, 3.517, 3.201, 3.123, 4.27, 4.346, 4.385, 5.121, 4.649, 3.001, 2.149, 2.111, 1.665, 2.193, 4.193, 5.266, 4.077, 2.856, 3.242, 4.038, 4.352, 4.151, 5.021, 5.207, 6.12, 7.236, 8.162, 8.108, 7.575, 8.538, 8.761, 6.742, 7.063, 7.603, 7.578, 6.873, 6.413, 6.353, 6.633, 6.426, 5.358, 4.163, 4.959, 9.378, 15.305, 16.71, 15.013, 13.921, 14.176, 15.222, 16.078, 14.943, 12.639, 8.225, 6.691, 7.196, 8.343, 8.201, 7.692, 6.723, 8.598, 7.802, 5.972, 5.636, 6.906, 7.358, 7.117, 6.09, 5.834, 5.354, 4.79, 3.345, 3.005, 3.43, 2.957, 2.393, 2.784, 3.95, 4.037, 3.305, 3.047, 2.523, 1.561, 2.79, 2.758, 2.113, 2.279, 3.156, 3.496, 4.618, 4.372, 3.936, 3.757, 3.772, 3.9, 4.365, 3.595, 4.964, 7.72, 10.092, 11.404, 12.161, 11.005, 10.365, 9.482, 7.897, 7.682, 8.416, 10.23, 10.341, 9.138, 8.581], [9.443, 9.35, 11.302, 13.898, 11.007, 7.541, 6.998, 7.964, 8.145, 8.603, 9.743, 9.089, 8.344, 7.684, 5.277, 3.317, 4.204, 4.053, 2.782, 0.0, 1.495, 1.737, 2.045, 2.84, 3.326, 2.606, 1.351, 2.534, 3.318, 4.696, 6.501, 6.392, 5.533, 5.604, 5.532, 4.831, 4.489, 4.505, 6.186, 6.271, 6.032, 6.23, 5.792, 4.168, 3.368, 3.578, 2.799, 3.158, 5.414, 6.588, 5.505, 4.183, 4.355, 5.093, 5.413, 5.049, 5.78, 6.045, 7.488, 8.951, 9.87, 9.297, 8.883, 10.06, 10.033, 7.653, 8.209, 8.884, 9.0, 8.244, 7.952, 7.97, 8.227, 8.049, 6.909, 5.746, 6.545, 10.854, 16.761, 18.201, 16.443, 15.58, 15.877, 17.023, 17.816, 16.75, 14.264, 9.789, 8.228, 8.739, 9.996, 9.905, 9.146, 8.297, 10.044, 9.324, 7.415, 6.849, 7.937, 8.58, 8.603, 7.623, 7.103, 7.13, 6.141, 4.264, 4.22, 4.782, 4.472, 3.576, 3.04, 3.295, 3.984, 4.256, 3.96, 3.422, 2.603, 2.109, 2.034, 2.395, 2.497, 2.8, 1.802, 2.465, 2.359, 2.34, 2.533, 2.672, 2.559, 2.832, 3.705, 6.347, 9.052, 11.591, 12.919, 13.623, 12.546, 11.642, 10.787, 9.168, 8.996, 9.763, 11.528, 11.68, 10.516, 9.765], [9.943, 10.138, 11.869, 14.308, 11.559, 7.99, 7.544, 8.61, 8.713, 9.249, 10.339, 9.9, 9.222, 8.329, 5.836, 3.957, 5.039, 4.957, 3.38, 1.495, 0.0, 1.521, 1.952, 2.865, 3.015, 2.411, 2.01, 3.0, 3.857, 5.42, 7.313, 7.186, 6.278, 6.393, 6.261, 5.557, 5.228, 5.401, 6.912, 6.895, 6.895, 7.249, 6.803, 5.208, 4.224, 4.153, 3.56, 4.192, 6.221, 7.473, 6.375, 4.981, 5.032, 5.564, 5.913, 5.46, 6.268, 6.554, 8.168, 9.623, 10.354, 9.553, 9.282, 10.457, 10.537, 8.003, 8.639, 9.418, 9.41, 8.729, 8.39, 8.411, 8.642, 8.466, 7.494, 6.249, 7.234, 11.665, 17.207, 18.635, 17.086, 16.267, 16.446, 17.514, 18.253, 17.488, 15.147, 10.623, 9.029, 9.568, 10.841, 10.744, 9.947, 8.95, 10.594, 10.167, 8.25, 7.557, 8.869, 9.427, 9.419, 8.482, 7.945, 7.996, 6.937, 5.297, 5.026, 5.678, 5.352, 4.403, 3.433, 3.353, 4.056, 4.651, 4.635, 4.267, 3.223, 2.356, 2.3, 2.866, 3.062, 3.002, 1.741, 2.155, 1.914, 2.181, 2.3, 2.582, 2.604, 2.758, 3.924, 6.873, 9.701, 12.002, 13.384, 14.054, 12.967, 12.202, 11.332, 9.726, 9.544, 10.251, 12.06, 12.175, 10.972, 10.216], [10.24, 10.202, 12.044, 14.698, 11.919, 8.421, 7.886, 8.855, 9.058, 9.514, 10.641, 9.991, 9.066, 8.601, 6.154, 4.49, 5.212, 5.066, 3.646, 1.737, 1.521, 0.0, 1.592, 2.698, 2.937, 2.735, 2.287, 3.197, 3.927, 5.279, 6.846, 6.702, 5.992, 6.168, 6.092, 5.33, 4.934, 5.226, 7.088, 7.215, 6.923, 7.016, 6.796, 5.189, 4.315, 4.838, 4.166, 4.325, 6.303, 7.288, 6.072, 4.828, 4.959, 5.115, 5.549, 5.193, 5.985, 6.307, 7.772, 9.433, 10.512, 9.931, 9.604, 10.825, 10.881, 8.32, 8.889, 9.742, 9.85, 9.144, 8.788, 8.761, 9.022, 8.841, 7.69, 6.547, 7.342, 11.547, 17.627, 19.065, 17.321, 16.253, 16.571, 17.689, 18.53, 17.425, 14.709, 10.273, 8.639, 9.141, 10.399, 10.387, 9.569, 8.992, 10.888, 9.975, 8.035, 7.75, 8.769, 9.368, 9.242, 8.11, 7.896, 7.642, 6.923, 5.375, 4.902, 5.545, 5.018, 4.286, 3.599, 3.508, 4.133, 4.858, 4.685, 4.15, 3.749, 3.389, 3.288, 3.439, 3.309, 3.203, 2.003, 2.067, 1.684, 1.579, 2.501, 2.568, 2.479, 2.141, 3.592, 6.712, 9.887, 12.429, 13.747, 14.486, 13.376, 12.551, 11.634, 10.061, 9.821, 10.643, 12.356, 12.552, 11.353, 10.551], [10.534, 10.27, 12.302, 14.934, 12.36, 8.735, 8.261, 9.372, 9.483, 9.928, 11.067, 10.403, 9.442, 9.03, 6.716, 3.948, 4.297, 4.604, 3.545, 2.045, 1.952, 1.592, 0.0, 1.551, 2.127, 2.448, 2.022, 2.277, 2.839, 4.506, 6.539, 6.412, 5.649, 5.472, 5.075, 4.733, 4.582, 3.998, 5.833, 5.868, 5.892, 6.326, 6.035, 4.302, 3.604, 4.481, 3.655, 4.188, 6.273, 7.028, 5.751, 3.752, 3.657, 4.997, 5.048, 4.621, 5.392, 5.958, 7.711, 9.542, 10.676, 10.126, 9.819, 11.172, 11.381, 8.865, 9.581, 10.258, 10.214, 9.501, 9.046, 8.984, 9.279, 9.06, 7.932, 6.742, 7.487, 11.748, 17.954, 19.363, 17.657, 16.446, 16.786, 17.854, 18.708, 17.557, 14.637, 10.152, 8.173, 8.782, 10.187, 10.27, 9.39, 9.268, 11.224, 10.166, 8.322, 8.2, 9.213, 9.658, 9.371, 8.079, 7.755, 7.776, 7.32, 5.605, 4.826, 5.009, 4.557, 3.32, 2.386, 2.502, 3.078, 3.64, 3.408, 3.138, 3.328, 2.821, 2.85, 3.295, 3.218, 3.474, 2.494, 2.242, 1.824, 1.998, 2.938, 2.978, 2.198, 1.557, 3.311, 7.107, 10.214, 12.744, 14.054, 14.801, 13.633, 13.002, 12.19, 10.57, 10.381, 11.039, 12.885, 12.976, 11.759, 11.147], [11.498, 11.006, 13.048, 15.806, 13.342, 9.535, 9.108, 10.464, 10.451, 10.953, 12.163, 11.396, 10.494, 10.042, 7.86, 4.824, 4.925, 5.415, 4.476, 2.84, 2.865, 2.698, 1.551, 0.0, 1.356, 2.084, 2.448, 2.737, 3.158, 4.985, 7.045, 6.907, 6.279, 6.034, 5.534, 5.316, 5.376, 4.284, 5.963, 6.044, 6.409, 6.989, 6.632, 5.127, 4.573, 5.423, 4.458, 5.247, 7.208, 7.72, 6.376, 4.22, 3.937, 5.777, 5.571, 5.193, 5.895, 6.535, 8.288, 10.096, 11.295, 10.815, 10.648, 12.107, 12.384, 9.948, 10.66, 11.364, 11.06, 10.353, 9.745, 9.655, 9.967, 9.747, 8.591, 7.395, 8.162, 12.577, 18.674, 20.084, 18.377, 17.126, 17.483, 18.593, 19.333, 18.156, 15.209, 10.727, 8.693, 9.253, 10.715, 10.846, 10.159, 10.173, 12.035, 10.933, 9.287, 9.243, 10.235, 10.531, 10.077, 8.829, 8.578, 8.66, 8.293, 6.504, 5.562, 5.733, 5.186, 3.557, 2.532, 2.335, 3.098, 3.637, 3.428, 3.653, 4.068, 3.385, 3.313, 3.931, 3.961, 4.288, 3.225, 2.098, 1.923, 2.886, 3.691, 3.73, 2.79, 2.118, 3.997, 8.046, 11.008, 13.519, 15.019, 15.574, 14.48, 13.999, 13.279, 11.63, 11.461, 11.88, 13.895, 13.857, 12.701, 12.204], [12.107, 11.553, 13.618, 16.416, 13.967, 10.116, 9.712, 11.106, 11.076, 11.577, 12.801, 12.019, 11.154, 10.671, 8.5, 5.206, 5.3, 5.921, 4.924, 3.326, 3.015, 2.937, 2.127, 1.356, 0.0, 1.544, 2.96, 3.193, 3.995, 5.963, 7.904, 7.565, 6.759, 6.78, 6.394, 6.158, 5.97, 5.352, 6.687, 6.733, 7.26, 8.134, 7.47, 5.975, 4.902, 5.662, 4.78, 5.819, 7.822, 8.385, 6.921, 5.127, 4.9, 6.37, 6.374, 5.943, 6.731, 7.187, 8.841, 10.654, 11.872, 11.204, 11.219, 12.747, 13.044, 10.624, 11.337, 12.021, 11.696, 10.963, 10.263, 10.205, 10.479, 10.232, 8.962, 7.763, 8.68, 13.174, 19.241, 20.628, 18.841, 17.617, 17.96, 19.164, 19.689, 18.519, 15.683, 11.235, 9.576, 9.981, 11.326, 11.507, 10.872, 10.744, 12.646, 11.537, 9.939, 9.877, 10.86, 11.092, 10.603, 9.524, 9.16, 9.253, 8.898, 7.12, 6.239, 6.363, 5.867, 4.301, 2.935, 2.631, 3.549, 4.184, 3.994, 4.42, 4.411, 3.651, 3.513, 4.389, 4.543, 4.75, 3.677, 2.279, 2.079, 3.128, 3.913, 4.04, 3.003, 2.423, 4.446, 8.731, 11.648, 14.081, 15.603, 16.148, 15.053, 14.628, 13.918, 12.259, 12.103, 12.505, 14.535, 14.461, 13.344, 12.88], [11.031, 10.603, 12.522, 15.321, 12.83, 8.985, 8.575, 9.976, 9.938, 10.45, 11.671, 10.926, 10.083, 9.53, 7.369, 4.539, 5.071, 5.291, 4.084, 2.606, 2.411, 2.735, 2.448, 2.084, 1.544, 0.0, 2.276, 3.272, 4.402, 6.133, 7.734, 7.562, 6.755, 6.872, 6.679, 6.196, 5.927, 5.566, 6.636, 6.669, 7.231, 8.139, 7.324, 5.857, 4.558, 4.602, 4.098, 5.141, 7.072, 7.885, 6.735, 5.335, 5.135, 6.34, 6.771, 6.403, 7.07, 7.329, 8.722, 10.126, 11.139, 10.33, 10.227, 11.656, 11.952, 9.613, 10.343, 10.95, 10.604, 9.824, 9.175, 9.147, 9.396, 9.198, 7.999, 6.858, 7.656, 12.25, 18.092, 19.489, 17.715, 16.692, 17.034, 18.238, 18.834, 17.712, 15.352, 10.92, 9.644, 9.949, 11.085, 11.027, 10.711, 9.735, 11.5, 10.637, 9.038, 8.762, 9.964, 10.229, 9.832, 8.983, 8.582, 8.645, 7.88, 6.226, 5.802, 6.23, 5.665, 4.681, 3.474, 3.311, 4.062, 4.42, 4.419, 4.612, 3.748, 3.231, 2.564, 3.653, 3.864, 3.9, 3.021, 2.381, 2.214, 2.997, 3.278, 3.562, 2.837, 2.703, 4.729, 7.886, 10.601, 12.974, 14.468, 15.01, 13.944, 13.491, 12.794, 11.132, 10.981, 11.4, 13.447, 13.35, 12.252, 11.822], [9.365, 9.117, 10.987, 13.68, 11.09, 7.226, 6.886, 8.188, 8.19, 8.658, 9.883, 9.106, 8.5, 7.842, 5.589, 3.082, 3.836, 4.061, 2.953, 1.351, 2.01, 2.287, 2.022, 2.448, 2.96, 2.276, 0.0, 2.109, 2.881, 4.274, 6.026, 5.908, 5.022, 5.102, 5.01, 4.374, 4.06, 3.865, 5.642, 5.796, 5.966, 6.285, 5.392, 4.11, 3.347, 3.611, 2.842, 3.224, 5.158, 6.207, 5.072, 3.613, 3.734, 4.67, 5.029, 4.648, 5.382, 5.716, 7.321, 8.854, 9.729, 8.927, 8.703, 10.063, 10.2, 7.887, 8.608, 9.211, 8.875, 8.152, 7.505, 7.535, 7.827, 7.636, 6.513, 5.36, 6.235, 10.684, 16.508, 17.854, 16.162, 15.239, 15.505, 16.747, 17.452, 16.4, 13.84, 9.335, 7.753, 8.243, 9.572, 9.529, 8.852, 8.105, 9.853, 9.039, 7.32, 7.014, 7.977, 8.223, 8.248, 7.343, 6.751, 6.959, 6.092, 4.401, 3.938, 4.346, 4.042, 3.077, 2.464, 2.728, 3.417, 3.742, 3.442, 2.995, 2.345, 1.873, 1.687, 2.119, 2.141, 2.558, 1.721, 2.201, 2.075, 2.619, 2.387, 2.405, 2.179, 2.432, 3.202, 6.382, 8.971, 11.34, 12.721, 13.321, 12.218, 11.741, 11.005, 9.342, 9.189, 9.666, 11.749, 11.729, 10.574, 10.119], [9.136, 8.756, 10.783, 13.5, 11.0, 7.279, 6.796, 8.132, 8.109, 8.618, 9.826, 9.059, 8.165, 7.697, 5.525, 2.41, 2.716, 3.116, 2.177, 2.534, 3.0, 3.197, 2.277, 2.737, 3.193, 3.272, 2.109, 0.0, 1.416, 3.138, 5.168, 4.951, 4.234, 4.077, 3.729, 3.297, 3.225, 2.685, 4.181, 4.2, 4.512, 5.273, 4.633, 3.107, 2.159, 2.981, 2.134, 2.915, 4.871, 5.577, 4.313, 2.417, 2.285, 3.754, 3.905, 3.446, 4.208, 4.722, 6.487, 8.221, 9.255, 8.661, 8.318, 9.762, 10.059, 7.705, 8.43, 9.041, 8.777, 8.011, 7.54, 7.457, 7.748, 7.51, 6.41, 5.213, 5.956, 10.27, 16.412, 17.825, 16.115, 14.962, 15.328, 16.364, 17.162, 16.03, 13.193, 8.712, 6.845, 7.361, 8.797, 8.868, 7.982, 7.901, 9.701, 8.662, 6.941, 6.907, 7.899, 8.238, 7.902, 6.629, 6.303, 6.478, 5.964, 4.182, 3.277, 3.531, 3.127, 1.944, 1.254, 2.112, 2.469, 2.052, 1.839, 1.71, 1.888, 2.185, 2.209, 2.038, 2.034, 2.838, 3.019, 3.524, 3.071, 3.394, 3.47, 3.295, 3.032, 2.876, 2.394, 5.857, 8.703, 11.202, 12.673, 13.304, 12.162, 11.661, 10.943, 9.289, 9.135, 9.568, 11.56, 11.543, 10.366, 9.907], [9.119, 8.744, 10.702, 13.465, 10.944, 7.194, 6.769, 8.032, 8.036, 8.519, 9.73, 8.959, 8.061, 7.659, 5.415, 2.334, 2.397, 2.706, 2.384, 3.318, 3.857, 3.927, 2.839, 3.158, 3.995, 4.402, 2.881, 1.416, 0.0, 2.321, 4.661, 4.475, 3.947, 3.72, 3.312, 3.058, 2.952, 1.8, 3.505, 3.774, 3.971, 4.607, 4.289, 2.858, 2.402, 3.149, 2.347, 3.045, 4.816, 5.488, 4.068, 1.741, 1.655, 3.443, 3.107, 2.542, 3.383, 4.112, 5.784, 7.663, 8.918, 8.497, 8.286, 9.709, 9.938, 7.693, 8.337, 8.925, 8.734, 8.027, 7.444, 7.376, 7.653, 7.473, 6.286, 5.08, 5.924, 10.239, 16.428, 17.807, 16.122, 14.833, 15.118, 16.182, 16.99, 15.724, 12.593, 8.204, 6.034, 6.659, 8.125, 8.305, 7.711, 7.705, 9.722, 8.6, 6.865, 6.83, 7.805, 8.079, 7.74, 6.502, 6.172, 6.012, 5.848, 4.161, 3.266, 3.363, 2.961, 1.523, 1.382, 2.318, 2.5, 1.83, 1.522, 1.26, 2.218, 2.633, 3.166, 2.49, 2.465, 3.582, 3.791, 4.267, 3.96, 4.1, 4.149, 4.029, 3.705, 3.623, 2.664, 5.673, 8.714, 11.191, 12.557, 13.283, 12.096, 11.588, 10.831, 9.174, 9.019, 9.527, 11.497, 11.525, 10.318, 9.825], [7.304, 6.923, 8.862, 11.649, 9.135, 5.355, 4.931, 6.218, 6.251, 6.698, 7.915, 7.165, 6.236, 5.867, 3.871, 2.23, 2.078, 1.875, 3.26, 4.696, 5.42, 5.279, 4.506, 4.985, 5.963, 6.133, 4.274, 3.138, 2.321, 0.0, 2.723, 2.678, 2.216, 2.091, 2.088, 1.607, 1.843, 1.409, 2.93, 3.405, 2.928, 3.035, 2.974, 1.968, 2.494, 3.263, 3.091, 2.336, 3.102, 3.659, 2.373, 1.483, 1.558, 2.639, 2.238, 1.829, 2.596, 3.299, 4.458, 6.254, 7.429, 7.528, 7.045, 8.012, 8.32, 6.637, 7.002, 7.199, 6.927, 6.205, 5.605, 5.538, 5.819, 5.634, 4.557, 3.365, 4.107, 8.423, 14.584, 15.964, 14.283, 12.986, 13.309, 14.345, 15.187, 13.96, 10.835, 6.424, 4.019, 4.729, 6.217, 6.431, 5.943, 5.862, 7.888, 6.783, 5.075, 5.055, 6.0, 6.257, 5.906, 4.655, 4.41, 4.223, 4.01, 2.765, 1.873, 1.899, 1.792, 1.966, 3.291, 4.338, 4.072, 3.472, 2.967, 1.885, 2.844, 4.236, 4.758, 3.257, 3.149, 4.267, 4.837, 5.451, 5.527, 5.403, 5.201, 4.73, 4.935, 4.796, 2.673, 4.255, 6.997, 9.383, 10.771, 11.439, 10.254, 9.803, 8.992, 7.384, 7.19, 7.752, 9.737, 9.728, 8.607, 8.19], [5.261, 5.052, 6.236, 9.039, 6.565, 2.864, 2.448, 3.703, 3.718, 4.385, 5.429, 4.662, 3.756, 3.431, 3.332, 4.056, 3.74, 3.285, 4.873, 6.501, 7.313, 6.846, 6.539, 7.045, 7.904, 7.734, 6.026, 5.168, 4.661, 2.723, 0.0, 1.129, 1.499, 1.912, 2.008, 2.091, 2.355, 3.446, 4.903, 4.701, 3.981, 3.202, 2.871, 3.415, 4.4, 5.135, 4.924, 3.915, 2.029, 2.233, 1.87, 3.212, 3.55, 2.098, 2.252, 2.713, 2.497, 2.721, 3.002, 4.155, 5.367, 5.664, 5.148, 5.762, 6.488, 5.344, 5.596, 4.873, 4.449, 3.686, 2.965, 2.97, 3.247, 3.017, 2.506, 1.982, 2.628, 5.98, 11.919, 13.308, 11.609, 10.3, 10.636, 11.76, 12.509, 11.329, 8.319, 4.329, 2.591, 2.851, 3.842, 4.136, 3.818, 3.853, 5.31, 4.23, 2.879, 2.829, 3.604, 3.923, 3.649, 2.882, 3.184, 2.876, 2.479, 3.041, 2.582, 2.487, 2.479, 3.751, 5.438, 6.553, 6.521, 5.614, 5.152, 4.009, 4.692, 6.301, 6.568, 5.028, 4.474, 4.688, 6.029, 6.833, 6.981, 6.152, 6.031, 5.722, 6.438, 6.396, 4.136, 2.621, 5.065, 6.823, 8.251, 8.795, 7.688, 7.263, 6.521, 4.893, 5.112, 5.588, 7.32, 7.236, 6.333, 6.127], [5.129, 4.786, 6.415, 9.208, 6.766, 2.995, 2.717, 3.953, 3.912, 4.42, 5.643, 4.865, 3.947, 3.515, 3.442, 3.887, 3.514, 3.232, 4.793, 6.392, 7.186, 6.702, 6.412, 6.907, 7.565, 7.562, 5.908, 4.951, 4.475, 2.678, 1.129, 0.0, 1.182, 1.574, 1.797, 1.87, 2.077, 3.426, 4.871, 4.538, 3.988, 3.35, 2.67, 3.343, 4.215, 4.98, 4.749, 3.814, 2.057, 2.211, 1.748, 3.028, 3.415, 1.865, 1.902, 2.52, 2.265, 2.287, 2.893, 4.04, 5.337, 5.751, 5.239, 5.956, 6.722, 5.467, 5.722, 5.29, 4.775, 3.895, 3.102, 3.077, 3.327, 3.102, 2.412, 1.972, 2.45, 6.009, 12.043, 13.429, 11.696, 10.417, 10.796, 11.907, 12.561, 11.345, 8.344, 4.052, 2.425, 2.759, 4.05, 4.204, 3.737, 3.843, 5.526, 4.421, 2.878, 2.901, 3.789, 3.938, 3.502, 2.736, 2.934, 2.747, 2.804, 2.923, 2.45, 2.377, 2.462, 3.553, 5.186, 6.329, 6.438, 5.385, 4.928, 3.817, 4.508, 6.069, 6.349, 4.771, 4.294, 4.637, 5.957, 6.539, 6.782, 6.085, 5.926, 5.545, 6.241, 6.057, 3.852, 2.777, 4.988, 6.977, 8.475, 8.986, 7.849, 7.446, 6.731, 5.126, 5.347, 5.863, 7.485, 7.403, 6.394, 6.311], [5.489, 5.092, 6.964, 9.755, 7.3, 3.499, 3.128, 4.441, 4.453, 4.912, 6.161, 5.385, 4.471, 4.093, 3.217, 2.963, 2.885, 2.724, 4.045, 5.533, 6.278, 5.992, 5.649, 6.279, 6.759, 6.755, 5.022, 4.234, 3.947, 2.216, 1.499, 1.182, 0.0, 1.164, 1.483, 1.218, 1.482, 2.873, 4.483, 4.377, 4.02, 3.307, 2.395, 2.733, 3.386, 4.017, 3.834, 2.997, 1.896, 2.098, 1.436, 2.49, 2.865, 1.665, 1.683, 2.084, 2.126, 2.141, 3.145, 4.441, 5.643, 5.834, 5.453, 6.254, 6.862, 5.422, 5.758, 5.568, 5.124, 4.356, 3.633, 3.574, 3.872, 3.602, 2.608, 1.737, 2.607, 6.524, 12.595, 13.994, 12.266, 10.939, 11.279, 12.511, 13.117, 11.94, 9.12, 4.59, 3.095, 3.48, 4.823, 4.917, 4.388, 4.279, 6.029, 4.93, 3.347, 3.31, 4.267, 4.477, 3.955, 3.022, 2.982, 2.854, 2.842, 2.308, 2.02, 1.793, 2.063, 3.011, 4.602, 5.787, 5.898, 4.801, 4.373, 3.174, 3.609, 5.085, 5.452, 3.853, 3.383, 4.025, 5.172, 5.636, 5.958, 5.532, 5.263, 4.784, 5.264, 5.388, 2.992, 2.905, 5.262, 7.475, 8.984, 9.508, 8.393, 7.99, 7.251, 5.621, 5.635, 6.083, 7.962, 7.886, 6.834, 6.517], [5.646, 5.151, 7.121, 9.9, 7.436, 3.708, 3.416, 4.609, 4.553, 5.045, 6.27, 5.492, 4.591, 4.328, 3.495, 3.028, 2.816, 2.891, 4.245, 5.604, 6.393, 6.168, 5.472, 6.034, 6.78, 6.872, 5.102, 4.077, 3.72, 2.091, 1.912, 1.574, 1.164, 0.0, 1.393, 1.129, 1.675, 2.655, 4.199, 4.115, 3.681, 2.913, 2.206, 2.718, 3.483, 4.267, 4.071, 3.28, 2.208, 2.225, 1.4, 2.366, 2.652, 2.048, 1.97, 2.082, 2.113, 2.459, 3.428, 4.921, 6.06, 6.185, 5.733, 6.609, 7.175, 5.6, 5.989, 5.644, 5.295, 4.53, 3.799, 3.753, 4.058, 3.894, 3.139, 2.444, 2.979, 6.708, 12.775, 14.16, 12.451, 11.166, 11.521, 12.721, 13.436, 12.3, 9.338, 4.852, 3.014, 3.527, 4.964, 5.044, 4.404, 4.318, 6.136, 4.995, 3.395, 3.349, 4.329, 4.588, 4.119, 3.061, 2.873, 3.207, 2.978, 2.41, 2.106, 1.61, 1.997, 2.872, 4.46, 5.649, 5.654, 4.669, 4.244, 2.974, 3.677, 5.1, 5.514, 4.004, 3.519, 4.372, 5.423, 5.815, 5.908, 5.875, 5.573, 5.043, 5.393, 5.265, 3.03, 3.126, 5.218, 7.62, 9.072, 9.672, 8.545, 8.106, 7.387, 5.729, 5.803, 6.374, 8.011, 7.946, 6.84, 6.7], [6.092, 5.608, 7.667, 10.399, 7.93, 4.191, 3.728, 5.057, 5.049, 5.549, 6.765, 5.983, 5.088, 4.676, 3.783, 2.779, 2.614, 2.755, 4.169, 5.532, 6.261, 6.092, 5.075, 5.534, 6.394, 6.679, 5.01, 3.729, 3.312, 2.088, 2.008, 1.797, 1.483, 1.393, 0.0, 1.261, 1.926, 2.316, 3.885, 3.652, 3.309, 2.576, 2.14, 2.486, 3.309, 4.102, 3.88, 3.255, 1.979, 2.454, 1.769, 2.066, 2.216, 2.052, 1.966, 1.979, 2.266, 2.537, 3.589, 5.15, 6.26, 6.374, 5.934, 6.837, 7.427, 5.918, 6.343, 6.108, 5.755, 4.946, 4.404, 4.314, 4.584, 4.373, 3.322, 2.401, 2.992, 7.169, 13.299, 14.687, 13.003, 11.752, 12.122, 13.181, 13.941, 12.795, 9.856, 5.37, 3.495, 3.976, 5.408, 5.486, 4.8, 4.784, 6.635, 5.533, 3.872, 3.846, 4.823, 5.142, 4.737, 3.45, 3.189, 3.416, 3.352, 2.639, 2.222, 1.779, 2.115, 2.749, 4.068, 5.167, 5.19, 4.169, 3.785, 2.767, 3.655, 4.838, 5.285, 3.922, 3.512, 4.345, 5.345, 5.867, 5.84, 5.842, 5.672, 5.008, 5.164, 5.05, 2.821, 3.189, 5.677, 8.106, 9.626, 10.227, 9.089, 8.59, 7.862, 6.223, 6.254, 6.656, 8.494, 8.422, 7.311, 6.917], [6.23, 5.827, 7.787, 10.57, 8.054, 4.23, 3.811, 5.188, 5.176, 5.662, 6.883, 6.122, 5.233, 4.774, 3.288, 2.374, 2.546, 2.544, 3.517, 4.831, 5.557, 5.33, 4.733, 5.316, 6.158, 6.196, 4.374, 3.297, 3.058, 1.607, 2.091, 1.87, 1.218, 1.129, 1.261, 0.0, 1.164, 2.019, 3.973, 4.026, 3.698, 3.089, 2.38, 2.28, 2.844, 3.602, 3.442, 2.646, 2.194, 2.617, 1.772, 1.88, 2.103, 1.722, 1.658, 1.563, 2.135, 2.498, 3.7, 5.302, 6.33, 6.341, 5.907, 6.862, 7.358, 5.576, 6.047, 6.118, 5.786, 5.115, 4.486, 4.416, 4.735, 4.504, 3.425, 2.352, 3.236, 7.337, 13.425, 14.837, 13.115, 11.91, 12.251, 13.394, 14.15, 13.021, 10.139, 5.656, 3.733, 4.271, 5.698, 5.793, 5.015, 4.93, 6.776, 5.693, 4.016, 3.962, 4.955, 5.237, 4.816, 3.649, 3.463, 3.639, 3.225, 2.169, 1.695, 1.439, 1.699, 2.345, 3.858, 5.029, 5.044, 4.053, 3.62, 2.397, 2.973, 4.31, 4.794, 3.198, 2.712, 3.528, 4.547, 5.062, 5.212, 5.063, 4.849, 4.236, 4.745, 4.651, 2.244, 3.201, 5.811, 8.275, 9.723, 10.273, 9.188, 8.729, 8.0, 6.357, 6.245, 6.618, 8.625, 8.614, 7.453, 6.995], [6.275, 5.997, 7.837, 10.611, 8.106, 4.331, 3.904, 5.216, 5.205, 5.692, 6.915, 6.132, 5.233, 4.828, 3.376, 2.379, 2.711, 2.657, 3.201, 4.489, 5.228, 4.934, 4.582, 5.376, 5.97, 5.927, 4.06, 3.225, 2.952, 1.843, 2.355, 2.077, 1.482, 1.675, 1.926, 1.164, 0.0, 2.114, 4.515, 4.636, 4.352, 3.813, 3.041, 2.435, 2.698, 3.462, 3.187, 2.442, 2.607, 3.152, 2.243, 2.174, 2.31, 1.532, 1.558, 1.82, 2.19, 2.504, 3.731, 5.325, 6.325, 6.16, 5.718, 6.913, 7.232, 5.208, 5.718, 6.183, 5.923, 5.162, 4.579, 4.512, 4.792, 4.608, 3.588, 2.553, 3.681, 7.387, 13.564, 14.943, 13.257, 11.997, 12.32, 13.385, 14.171, 13.004, 10.186, 5.693, 3.899, 4.464, 5.889, 5.903, 5.081, 4.879, 6.858, 5.742, 4.037, 4.012, 4.973, 5.225, 4.899, 3.834, 3.658, 3.766, 3.469, 2.464, 1.954, 1.925, 2.046, 2.438, 3.821, 5.0, 5.021, 4.099, 3.668, 2.27, 2.681, 4.154, 4.544, 3.066, 2.456, 3.077, 4.113, 4.833, 5.022, 4.476, 4.393, 3.861, 4.527, 4.529, 2.221, 3.115, 5.954, 8.351, 9.726, 10.419, 9.23, 8.757, 8.038, 6.376, 6.21, 6.709, 8.711, 8.696, 7.549, 7.083], [7.977, 7.621, 9.546, 12.353, 9.809, 6.038, 5.624, 6.923, 6.945, 7.395, 8.618, 7.878, 6.936, 6.541, 4.344, 2.059, 2.043, 2.227, 3.123, 4.505, 5.401, 5.226, 3.998, 4.284, 5.352, 5.566, 3.865, 2.685, 1.8, 1.409, 3.446, 3.426, 2.873, 2.655, 2.316, 2.019, 2.114, 0.0, 2.781, 3.185, 2.999, 3.273, 3.049, 1.832, 2.127, 2.991, 2.737, 2.609, 3.737, 4.291, 3.036, 1.25, 1.203, 2.95, 2.628, 2.11, 2.915, 3.66, 4.93, 6.826, 8.078, 7.853, 7.441, 8.692, 9.027, 7.022, 7.532, 7.94, 7.691, 6.933, 6.277, 6.214, 6.532, 6.318, 5.18, 3.999, 4.768, 9.129, 15.271, 16.648, 14.958, 13.736, 14.06, 15.141, 15.912, 14.681, 11.564, 7.134, 4.809, 5.517, 7.017, 7.181, 6.701, 6.581, 8.599, 7.477, 5.782, 5.733, 6.678, 6.963, 6.576, 5.344, 5.027, 4.996, 4.742, 3.135, 2.323, 2.332, 1.982, 1.774, 2.665, 3.551, 3.345, 2.745, 2.221, 1.467, 2.564, 3.756, 4.222, 3.094, 2.731, 3.969, 4.622, 5.238, 5.272, 5.148, 4.99, 4.429, 4.275, 4.074, 2.494, 4.924, 7.696, 10.121, 11.43, 12.121, 10.925, 10.497, 9.742, 8.094, 7.954, 8.457, 10.479, 10.501, 9.33, 8.855], [9.316, 8.911, 10.845, 13.649, 11.148, 7.333, 6.924, 8.246, 8.267, 8.706, 9.941, 9.175, 8.247, 7.874, 5.71, 3.459, 2.579, 3.168, 4.27, 6.186, 6.912, 7.088, 5.833, 5.963, 6.687, 6.636, 5.642, 4.181, 3.505, 2.93, 4.903, 4.871, 4.483, 4.199, 3.885, 3.973, 4.515, 2.781, 0.0, 1.288, 2.585, 4.315, 4.294, 3.374, 3.189, 3.47, 3.806, 4.199, 5.03, 5.606, 4.322, 3.092, 3.2, 5.147, 4.897, 4.408, 5.226, 5.896, 6.998, 8.582, 9.728, 10.075, 9.432, 10.175, 10.788, 9.297, 9.576, 9.351, 8.991, 8.232, 7.599, 7.527, 7.828, 7.636, 6.678, 5.588, 6.063, 10.425, 16.567, 17.946, 16.269, 15.056, 15.38, 16.441, 17.231, 16.025, 12.948, 8.508, 6.092, 6.874, 8.395, 8.543, 7.991, 7.89, 9.889, 8.786, 7.113, 7.074, 8.005, 8.248, 7.901, 6.652, 6.368, 6.289, 6.008, 4.478, 3.885, 3.705, 3.612, 3.462, 4.106, 4.613, 3.736, 2.942, 3.159, 3.45, 4.071, 5.14, 5.371, 4.974, 5.14, 6.464, 6.903, 7.402, 7.168, 7.339, 7.18, 6.889, 6.56, 6.29, 5.028, 6.731, 9.081, 11.417, 12.767, 13.422, 12.241, 11.82, 11.015, 9.39, 9.324, 9.854, 11.807, 11.798, 10