[[0.0, 1.099, 1.938, 3.057, 3.854, 2.739, 4.222, 6.656, 6.901, 7.309, 7.293, 2.057, 6.231, 12.769, 15.414, 16.75, 16.677, 16.933, 17.773, 19.103, 20.281, 21.709, 22.322, 21.463, 19.914, 23.604, 25.033, 25.946, 28.2, 28.528, 26.725, 26.243, 27.527, 27.196, 26.299, 29.377, 30.125, 28.775, 30.254, 30.68, 29.327, 29.483, 28.892, 27.746, 28.893, 26.753, 20.462, 19.486, 23.365, 24.763, 25.653, 27.461, 27.777], [1.099, 0.0, 2.316, 3.311, 4.188, 3.063, 4.069, 6.524, 6.787, 7.12, 7.201, 1.796, 6.166, 12.769, 15.399, 16.694, 16.628, 16.7, 17.543, 18.903, 20.212, 21.639, 22.254, 21.403, 19.856, 23.538, 24.921, 25.878, 28.155, 28.49, 26.585, 26.108, 27.427, 27.064, 26.188, 29.318, 30.06, 28.71, 30.185, 30.609, 29.271, 29.385, 28.809, 27.575, 28.85, 26.708, 20.41, 19.385, 23.303, 24.613, 25.441, 27.261, 27.555], [1.938, 2.316, 0.0, 1.763, 2.418, 2.148, 5.141, 8.005, 8.285, 8.531, 8.704, 2.689, 7.743, 14.293, 16.992, 18.364, 18.311, 18.639, 19.488, 20.816, 21.912, 23.34, 23.954, 23.101, 21.531, 25.266, 26.739, 27.654, 29.819, 30.15, 28.369, 27.875, 29.135, 28.841, 27.915, 30.971, 31.721, 30.369, 31.871, 32.294, 30.943, 31.109, 30.53, 29.453, 30.563, 28.354, 22.085, 21.195, 24.997, 26.418, 27.329, 29.138, 29.452], [3.057, 3.311, 1.763, 0.0, 1.683, 2.363, 5.922, 8.481, 8.827, 8.987, 9.237, 3.532, 8.703, 15.437, 17.708, 19.121, 19.101, 19.346, 20.166, 21.493, 22.497, 23.907, 24.503, 23.697, 22.071, 25.854, 27.462, 28.418, 30.554, 30.861, 29.092, 28.614, 30.007, 29.504, 28.629, 31.644, 32.36, 31.016, 32.472, 32.893, 31.541, 31.786, 31.318, 30.154, 31.247, 29.134, 22.772, 21.941, 25.652, 27.323, 28.211, 29.993, 30.275], [3.854, 4.188, 2.418, 1.683, 0.0, 2.027, 5.884, 8.72, 9.054, 9.226, 9.476, 4.112, 8.6, 15.282, 17.864, 19.209, 19.16, 19.469, 20.316, 21.646, 22.697, 24.125, 24.74, 23.942, 22.325, 26.105, 27.575, 28.484, 30.657, 30.957, 29.205, 28.72, 29.993, 29.696, 28.804, 31.792, 32.534, 31.19, 32.664, 33.083, 31.741, 31.975, 31.381, 30.289, 31.393, 29.196, 22.911, 22.021, 25.842, 27.25, 28.154, 29.968, 30.324], [2.739, 3.063, 2.148, 2.363, 2.027, 0.0, 4.264, 7.2, 7.534, 7.706, 7.945, 2.988, 7.045, 13.758, 16.304, 17.633, 17.531, 17.749, 18.594, 19.924, 21.145, 22.573, 23.191, 22.343, 20.773, 24.478, 25.872, 26.826, 29.066, 29.379, 27.511, 27.037, 28.311, 27.991, 27.105, 30.223, 30.979, 29.632, 31.114, 31.536, 30.181, 30.307, 29.712, 28.583, 29.759, 27.595, 21.334, 20.314, 24.233, 25.552, 26.43, 28.258, 28.598], [4.222, 4.069, 5.141, 5.922, 5.884, 4.264, 0.0, 3.111, 3.676, 3.863, 4.279, 3.228, 3.713, 10.65, 12.293, 13.575, 13.435, 13.715, 14.564, 15.878, 16.956, 18.378, 18.986, 18.123, 16.562, 20.291, 21.806, 22.729, 24.901, 25.269, 23.431, 22.936, 24.276, 23.888, 22.984, 26.054, 26.807, 25.443, 26.928, 27.351, 26.002, 26.209, 25.671, 24.55, 25.625, 23.482, 17.133, 16.271, 20.048, 21.589, 22.481, 24.297, 24.592], [6.656, 6.524, 8.005, 8.481, 8.72, 7.2, 3.111, 0.0, 1.375, 1.45, 1.69, 5.464, 2.248, 8.749, 9.782, 10.944, 10.835, 11.017, 11.839, 13.144, 14.061, 15.441, 16.033, 15.319, 13.666, 17.451, 19.186, 20.151, 22.271, 22.537, 20.764, 20.305, 21.733, 21.188, 20.348, 23.289, 23.921, 22.582, 24.025, 24.452, 23.16, 23.428, 22.993, 21.848, 22.882, 20.865, 14.505, 13.652, 17.288, 19.077, 19.938, 21.699, 22.011], [6.901, 6.787, 8.285, 8.827, 9.054, 7.534, 3.676, 1.375, 0.0, 0.843, 1.209, 5.833, 1.963, 7.742, 9.129, 10.513, 10.469, 10.656, 11.485, 12.796, 13.739, 15.103, 15.693, 14.955, 13.295, 17.08, 18.832, 19.789, 21.918, 22.178, 20.416, 19.954, 21.379, 20.832, 19.979, 22.924, 23.576, 22.248, 23.7, 24.115, 22.789, 23.042, 22.632, 21.483, 22.521, 20.494, 14.137, 13.287, 16.94, 18.701, 19.584, 21.343, 21.646], [7.309, 7.12, 8.531, 8.987, 9.226, 7.706, 3.863, 1.45, 0.843, 0.0, 0.878, 5.995, 2.088, 7.588, 9.077, 10.432, 10.375, 10.579, 11.392, 12.718, 13.603, 14.947, 15.532, 14.894, 13.21, 17.016, 18.739, 19.696, 21.825, 22.101, 20.328, 19.865, 21.286, 20.745, 19.888, 22.859, 23.417, 22.078, 23.523, 23.964, 22.703, 22.974, 22.557, 21.395, 22.454, 20.403, 14.043, 13.193, 16.861, 18.616, 19.491, 21.255, 21.556], [7.293, 7.201, 8.704, 9.237, 9.476, 7.945, 4.279, 1.69, 1.209, 0.878, 0.0, 6.184, 1.836, 7.318, 9.028, 10.329, 10.209, 10.363, 11.208, 12.48, 13.377, 14.696, 15.282, 14.636, 12.951, 16.754, 18.555, 19.529, 21.64, 21.885, 20.108, 19.649, 21.102, 20.533, 19.711, 22.61, 23.185, 21.842, 23.286, 23.724, 22.459, 22.737, 22.336, 21.2, 22.205, 20.246, 13.881, 13.031, 16.63, 18.456, 19.307, 21.047, 21.38], [2.057, 1.796, 2.689, 3.532, 4.112, 2.988, 3.228, 5.464, 5.833, 5.995, 6.184, 0.0, 5.437, 12.071, 14.528, 15.915, 15.886, 16.206, 17.041, 18.376, 19.395, 20.822, 21.432, 20.646, 19.037, 22.805, 24.305, 25.232, 27.384, 27.687, 25.931, 25.436, 26.77, 26.404, 25.51, 28.513, 29.239, 27.896, 29.367, 29.785, 28.455, 28.688, 28.135, 27.023, 28.128, 25.954, 19.628, 18.755, 22.555, 24.084, 24.973, 26.777, 27.066], [6.231, 6.166, 7.743, 8.703, 8.6, 7.045, 3.713, 2.248, 1.963, 2.088, 1.836, 5.437, 0.0, 7.252, 9.647, 10.906, 10.826, 11.071, 11.922, 13.244, 14.424, 15.853, 16.483, 15.644, 14.1, 17.797, 19.184, 20.097, 22.31, 22.631, 20.861, 20.398, 21.674, 21.354, 20.479, 23.463, 24.235, 22.896, 24.37, 24.788, 23.426, 23.623, 23.022, 21.882, 23.019, 20.834, 14.619, 13.677, 17.488, 18.842, 19.682, 21.49, 21.938], [12.769, 12.769, 14.293, 15.437, 15.282, 13.758, 10.65, 8.749, 7.742, 7.588, 7.318, 12.071, 7.252, 0.0, 2.947, 4.274, 4.265, 4.659, 5.337, 6.643, 7.821, 9.254, 9.886, 9.082, 7.765, 11.266, 12.564, 13.498, 15.668, 15.979, 14.239, 13.754, 14.996, 14.721, 13.79, 16.824, 17.571, 16.222, 17.734, 18.16, 16.801, 16.97, 16.371, 15.274, 16.41, 14.226, 8.355, 7.245, 10.867, 12.188, 13.067, 14.876, 15.253], [15.414, 15.399, 16.992, 17.708, 17.864, 16.304, 12.293, 9.782, 9.129, 9.077, 9.028, 14.528, 9.647, 2.947, 0.0, 2.25, 2.208, 3.035, 3.008, 4.055, 5.017, 6.474, 7.137, 6.774, 5.786, 8.741, 9.963, 10.952, 13.031, 13.347, 11.609, 11.119, 12.47, 11.962, 11.057, 14.112, 14.755, 13.402, 14.898, 15.322, 14.015, 14.224, 13.784, 12.656, 13.785, 11.731, 6.692, 5.347, 8.145, 9.783, 10.68, 12.452, 12.719], [16.75, 16.694, 18.364, 19.121, 19.209, 17.633, 13.575, 10.944, 10.513, 10.432, 10.329, 15.915, 10.906, 4.274, 2.25, 0.0, 1.526, 3.088, 2.638, 2.773, 3.826, 5.0, 5.642, 4.949, 3.998, 7.002, 8.418, 9.36, 11.487, 11.839, 10.039, 9.544, 10.911, 10.515, 9.625, 12.643, 13.393, 12.05, 13.515, 13.939, 12.592, 12.804, 12.261, 11.153, 12.241, 10.084, 4.656, 3.377, 6.652, 8.235, 9.119, 10.911, 11.197], [16.677, 16.628, 18.311, 19.101, 19.16, 17.531, 13.435, 10.835, 10.469, 10.375, 10.209, 15.886, 10.826, 4.265, 2.208, 1.526, 0.0, 2.029, 1.906, 2.768, 3.667, 5.08, 5.756, 5.107, 4.453, 7.044, 8.454, 9.362, 11.572, 11.927, 10.061, 9.574, 10.92, 10.555, 9.688, 12.726, 13.495, 12.149, 13.608, 14.044, 12.684, 12.862, 12.296, 11.186, 12.267, 10.154, 5.059, 3.733, 6.715, 8.256, 9.121, 10.916, 11.239], [16.933, 16.7, 18.639, 19.346, 19.469, 17.749, 13.715, 11.017, 10.656, 10.579, 10.363, 16.206, 11.071, 4.659, 3.035, 3.088, 2.029, 0.0, 1.341, 2.306, 3.65, 5.161, 6.134, 5.981, 5.589, 7.248, 8.369, 9.42, 11.615, 11.876, 9.984, 9.576, 10.993, 10.508, 9.699, 12.688, 13.409, 12.1, 13.563, 13.975, 12.604, 12.766, 12.258, 10.969, 12.192, 10.211, 6.561, 5.003, 6.687, 8.231, 8.987, 10.767, 11.067], [17.773, 17.543, 19.488, 20.166, 20.316, 18.594, 14.564, 11.839, 11.485, 11.392, 11.208, 17.041, 11.922, 5.337, 3.008, 2.638, 1.906, 1.341, 0.0, 1.6, 2.869, 4.532, 5.531, 5.379, 5.074, 6.666, 7.575, 8.63, 10.809, 11.153, 9.21, 8.784, 10.191, 9.717, 8.895, 11.914, 12.652, 11.308, 12.748, 13.183, 11.827, 12.008, 11.502, 10.23, 11.416, 9.51, 5.87, 4.335, 5.902, 7.478, 8.206, 10.008, 10.249], [19.103, 18.903, 20.816, 21.493, 21.646, 19.924, 15.878, 13.144, 12.796, 12.718, 12.48, 18.376, 13.244, 6.643, 4.055, 2.773, 2.768, 2.306, 1.6, 0.0, 1.716, 3.412, 4.591, 4.549, 4.262, 5.851, 6.315, 7.406, 9.53, 9.826, 7.871, 7.484, 8.927, 8.408, 7.644, 10.503, 11.243, 9.926, 11.378, 11.833, 10.428, 10.62, 10.162, 8.927, 10.057, 8.467, 5.367, 3.924, 4.55, 6.18, 6.921, 8.675, 9.028], [20.281, 20.212, 21.912, 22.497, 22.697, 21.145, 16.956, 14.061, 13.739, 13.603, 13.377, 19.395, 14.424, 7.821, 5.017, 3.826, 3.667, 3.65, 2.869, 1.716, 0.0, 2.522, 3.959, 4.163, 4.549, 5.243, 5.837, 6.575, 8.294, 8.626, 6.991, 6.547, 7.831, 7.26, 6.585, 9.287, 9.892, 8.553, 9.985, 10.417, 9.181, 9.504, 9.167, 8.107, 9.1, 7.836, 5.449, 3.94, 3.59, 5.172, 6.003, 7.703, 8.137], [21.709, 21.639, 23.34, 23.907, 24.125, 22.573, 18.378, 15.441, 15.103, 14.947, 14.696, 20.822, 15.853, 9.254, 6.474, 5.0, 5.08, 5.161, 4.532, 3.412, 2.522, 0.0, 1.93, 2.721, 3.535, 3.956, 5.235, 5.969, 7.694, 8.049, 6.2, 5.835, 7.24, 6.679, 5.696, 8.315, 8.763, 7.459, 8.971, 9.381, 8.175, 8.693, 8.66, 7.762, 8.233, 6.822, 4.19, 2.876, 2.603, 4.584, 5.409, 7.077, 7.589], [22.322, 22.254, 23.954, 24.503, 24.74, 23.191, 18.986, 16.033, 15.693, 15.532, 15.282, 21.432, 16.483, 9.886, 7.137, 5.642, 5.756, 6.134, 5.531, 4.591, 3.959, 1.93, 0.0, 1.308, 2.76, 2.909, 4.475, 5.126, 6.817, 7.185, 5.338, 5.03, 6.366, 5.831, 4.826, 7.476, 8.001, 6.697, 8.14, 8.58, 7.341, 7.815, 7.817, 6.936, 7.417, 5.947, 2.937, 2.959, 2.122, 4.162, 4.633, 6.212, 6.735], [21.463, 21.403, 23.101, 23.697, 23.942, 22.343, 18.123, 15.319, 14.955, 14.894, 14.636, 20.646, 15.644, 9.082, 6.774, 4.949, 5.107, 5.981, 5.379, 4.549, 4.163, 2.721, 1.308, 0.0, 2.129, 2.682, 4.483, 5.363, 7.202, 7.585, 5.673, 5.292, 6.706, 6.164, 5.255, 8.05, 8.811, 7.504, 8.92, 9.345, 8.042, 8.313, 8.091, 7.132, 7.78, 6.173, 2.165, 2.3, 2.717, 4.67, 5.051, 6.547, 7.054], [19.914, 19.856, 21.531, 22.071, 22.325, 20.773, 16.562, 13.666, 13.295, 13.21, 12.951, 19.037, 14.1, 7.765, 5.786, 3.998, 4.453, 5.589, 5.074, 4.262, 4.549, 3.535, 2.76, 2.129, 0.0, 4.027, 5.86, 6.874, 8.931, 9.213, 7.366, 6.94, 8.403, 7.821, 7.006, 9.761, 10.399, 9.112, 10.56, 10.987, 9.571, 9.941, 9.655, 8.572, 9.368, 7.663, 2.544, 2.616, 4.082, 5.923, 6.636, 8.317, 8.72], [23.604, 23.538, 25.266, 25.854, 26.105, 24.478, 20.291, 17.451, 17.08, 17.016, 16.754, 22.805, 17.797, 11.266, 8.741, 7.002, 7.044, 7.248, 6.666, 5.851, 5.243, 3.956, 2.909, 2.682, 4.027, 0.0, 2.109, 2.927, 5.025, 5.318, 3.433, 3.04, 4.46, 3.881, 3.115, 5.944, 6.643, 5.347, 6.769, 7.207, 5.836, 6.053, 5.761, 4.697, 5.56, 3.697, 3.308, 4.429, 3.067, 4.386, 4.558, 5.1, 5.406], [25.033, 24.921, 26.739, 27.462, 27.575, 25.872, 21.806, 19.186, 18.832, 18.739, 18.555, 24.305, 19.184, 12.564, 9.963, 8.418, 8.454, 8.369, 7.575, 6.315, 5.837, 5.235, 4.475, 4.483, 5.86, 2.109, 0.0, 1.219, 3.276, 3.676, 1.866, 1.658, 2.737, 2.347, 1.933, 4.446, 5.199, 4.049, 5.293, 5.712, 4.458, 4.599, 4.146, 2.966, 4.094, 2.416, 4.92, 5.954, 3.484, 3.391, 3.418, 3.914, 4.119], [25.946, 25.878, 27.654, 28.418, 28.484, 26.826, 22.729, 20.151, 19.789, 19.696, 19.529, 25.232, 20.097, 13.498, 10.952, 9.36, 9.362, 9.42, 8.63, 7.406, 6.575, 5.969, 5.126, 5.363, 6.874, 2.927, 1.219, 0.0, 2.293, 2.689, 1.253, 1.16, 1.941, 1.579, 1.492, 3.519, 4.315, 3.253, 4.35, 4.769, 3.63, 3.736, 3.271, 2.329, 3.257, 1.833, 5.673, 6.736, 3.994, 3.286, 3.312, 3.368, 3.586], [28.2, 28.155, 29.819, 30.554, 30.657, 29.066, 24.901, 22.271, 21.918, 21.825, 21.64, 27.384, 22.31, 15.668, 13.031, 11.487, 11.572, 11.615, 10.809, 9.53, 8.294, 7.694, 6.817, 7.202, 8.931, 5.025, 3.276, 2.293, 0.0, 0.873, 1.731, 2.206, 1.323, 1.512, 2.346, 1.822, 2.429, 1.773, 2.306, 2.652, 2.063, 2.172, 2.003, 1.87, 1.923, 2.024, 7.814, 8.85, 5.304, 4.079, 3.391, 2.925, 3.299], [28.528, 28.49, 30.15, 30.861, 30.957, 29.379, 25.269, 22.537, 22.178, 22.101, 21.885, 27.687, 22.631, 15.979, 13.347, 11.839, 11.927, 11.876, 11.153, 9.826, 8.626, 8.049, 7.185, 7.585, 9.213, 5.318, 3.676, 2.689, 0.873, 0.0, 2.129, 2.581, 1.486, 1.823, 2.826, 1.756, 2.217, 1.931, 2.11, 2.366, 2.072, 2.199, 1.744, 1.671, 1.554, 2.184, 8.169, 9.228, 5.706, 4.55, 3.719, 3.055, 3.342], [26.725, 26.585, 28.369, 29.092, 29.205, 27.511, 23.431, 20.764, 20.416, 20.328, 20.108, 25.931, 20.861, 14.239, 11.609, 10.039, 10.061, 9.984, 9.21, 7.871, 6.991, 6.2, 5.338, 5.673, 7.366, 3.433, 1.866, 1.253, 1.731, 2.129, 0.0, 0.9, 1.304, 1.032, 1.468, 2.792, 3.592, 2.411, 3.649, 4.075, 2.918, 3.066, 2.713, 2.07, 2.618, 1.627, 6.342, 7.306, 4.094, 3.619, 3.312, 3.188, 3.495], [26.243, 26.108, 27.875, 28.614, 28.72, 27.037, 22.936, 20.305, 19.954, 19.865, 19.649, 25.436, 20.398, 13.754, 11.119, 9.544, 9.574, 9.576, 8.784, 7.484, 6.547, 5.835, 5.03, 5.292, 6.94, 3.04, 1.658, 1.16, 2.206, 2.581, 0.9, 0.0, 1.601, 1.336, 1.368, 3.282, 4.103, 2.796, 4.131, 4.546, 3.343, 3.527, 3.1, 2.485, 3.234, 2.156, 5.882, 6.814, 3.875, 3.217, 2.963, 3.136, 3.383], [27.527, 27.427, 29.135, 30.007, 29.993, 28.311, 24.276, 21.733, 21.379, 21.286, 21.102, 26.77, 21.674, 14.996, 12.47, 10.911, 10.92, 10.993, 10.191, 8.927, 7.831, 7.24, 6.366, 6.706, 8.403, 4.46, 2.737, 1.941, 1.323, 1.486, 1.304, 1.601, 0.0, 1.057, 1.949, 2.334, 2.911, 2.092, 2.932, 3.356, 2.568, 2.782, 2.036, 1.455, 2.192, 2.059, 7.257, 8.199, 4.994, 3.817, 3.197, 2.86, 3.207], [27.196, 27.064, 28.841, 29.504, 29.696, 27.991, 23.888, 21.188, 20.832, 20.745, 20.533, 26.404, 21.354, 14.721, 11.962, 10.515, 10.555, 10.508, 9.717, 8.408, 7.26, 6.679, 5.831, 6.164, 7.821, 3.881, 2.347, 1.579, 1.512, 1.823, 1.032, 1.336, 1.057, 0.0, 1.459, 2.473, 3.129, 1.93, 3.197, 3.571, 2.455, 2.68, 2.287, 1.559, 2.595, 1.93, 6.845, 7.854, 4.486, 3.557, 3.147, 2.838, 3.172], [26.299, 26.188, 27.915, 28.629, 28.804, 27.105, 22.984, 20.348, 19.979, 19.888, 19.711, 25.51, 20.479, 13.79, 11.057, 9.625, 9.688, 9.699, 8.895, 7.644, 6.585, 5.696, 4.826, 5.255, 7.006, 3.115, 1.933, 1.492, 2.346, 2.826, 1.468, 1.368, 1.949, 1.459, 0.0, 3.272, 4.013, 2.625, 4.118, 4.532, 3.263, 3.48, 3.389, 2.611, 3.428, 2.526, 6.023, 6.997, 3.63, 3.02, 3.088, 2.965, 3.324], [29.377, 29.318, 30.971, 31.644, 31.792, 30.223, 26.054, 23.289, 22.924, 22.859, 22.61, 28.513, 23.463, 16.824, 14.112, 12.643, 12.726, 12.688, 11.914, 10.503, 9.287, 8.315, 7.476, 8.05, 9.761, 5.944, 4.446, 3.519, 1.822, 1.756, 2.792, 3.282, 2.334, 2.473, 3.272, 0.0, 1.296, 1.493, 1.317, 1.903, 2.384, 2.603, 2.495, 2.433, 1.87, 2.862, 8.961, 9.994, 6.122, 5.004, 4.751, 4.161, 4.63], [30.125, 30.06, 31.721, 32.36, 32.534, 30.979, 26.807, 23.921, 23.576, 23.417, 23.185, 29.239, 24.235, 17.571, 14.755, 13.393, 13.495, 13.409, 12.652, 11.243, 9.892, 8.763, 8.001, 8.811, 10.399, 6.643, 5.199, 4.315, 2.429, 2.217, 3.592, 4.103, 2.911, 3.129, 4.013, 1.296, 0.0, 1.63, 1.319, 1.655, 2.318, 2.589, 2.652, 2.847, 2.404, 3.685, 9.73, 10.757, 6.847, 5.776, 5.485, 4.48, 4.685], [28.775, 28.71, 30.369, 31.016, 31.19, 29.632, 25.443, 22.582, 22.248, 22.078, 21.842, 27.896, 22.896, 16.222, 13.402, 12.05, 12.149, 12.1, 11.308, 9.926, 8.553, 7.459, 6.697, 7.504, 9.112, 5.347, 4.049, 3.253, 1.773, 1.931, 2.411, 2.796, 2.092, 1.93, 2.625, 1.493, 1.63, 0.0, 1.846, 2.277, 1.626, 1.968, 2.044, 2.095, 2.305, 2.946, 8.393, 9.434, 5.635, 4.636, 4.126, 3.339, 3.669], [30.254, 30.185, 31.871, 32.472, 32.664, 31.114, 26.928, 24.025, 23.7, 23.523, 23.286, 29.367, 24.37, 17.734, 14.898, 13.515, 13.608, 13.563, 12.748, 11.378, 9.985, 8.971, 8.14, 8.92, 10.56, 6.769, 5.293, 4.35, 2.306, 2.11, 3.649, 4.131, 2.932, 3.197, 4.118, 1.317, 1.319, 1.846, 0.0, 1.224, 2.432, 2.637, 2.717, 2.856, 1.769, 3.612, 9.834, 10.857, 6.911, 5.87, 5.417, 4.533, 4.841], [30.68, 30.609, 32.294, 32.893, 33.083, 31.536, 27.351, 24.452, 24.115, 23.964, 23.724, 29.785, 24.788, 18.16, 15.322, 13.939, 14.044, 13.975, 13.183, 11.833, 10.417, 9.381, 8.58, 9.345, 10.987, 7.207, 5.712, 4.769, 2.652, 2.366, 4.075, 4.546, 3.356, 3.571, 4.532, 1.903, 1.655, 2.277, 1.224, 0.0, 1.962, 2.191, 2.386, 3.262, 2.263, 4.084, 10.27, 11.281, 7.365, 6.239, 5.496, 4.083, 4.366], [29.327, 29.271, 30.943, 31.541, 31.741, 30.181, 26.002, 23.16, 22.789, 22.703, 22.459, 28.455, 23.426, 16.801, 14.015, 12.592, 12.684, 12.604, 11.827, 10.428, 9.181, 8.175, 7.341, 8.042, 9.571, 5.836, 4.458, 3.63, 2.063, 2.072, 2.918, 3.343, 2.568, 2.455, 3.263, 2.384, 2.318, 1.626, 2.432, 1.962, 0.0, 0.876, 1.47, 2.282, 2.424, 3.453, 8.915, 10.021, 6.146, 5.2, 4.281, 2.602, 2.703], [29.483, 29.385, 31.109, 31.786, 31.975, 30.307, 26.209, 23.428, 23.042, 22.974, 22.737, 28.688, 23.623, 16.97, 14.224, 12.804, 12.862, 12.766, 12.008, 10.62, 9.504, 8.693, 7.815, 8.313, 9.941, 6.053, 4.599, 3.736, 2.172, 2.199, 3.066, 3.527, 2.782, 2.68, 3.48, 2.603, 2.589, 1.968, 2.637, 2.191, 0.876, 0.0, 1.39, 2.391, 2.432, 3.507, 9.179, 10.243, 6.443, 5.504, 4.574, 2.805, 2.481], [28.892, 28.809, 30.53, 31.318, 31.381, 29.712, 25.671, 22.993, 22.632, 22.557, 22.336, 28.135, 23.022, 16.371, 13.784, 12.261, 12.296, 12.258, 11.502, 10.162, 9.167, 8.66, 7.817, 8.091, 9.655, 5.761, 4.146, 3.271, 2.003, 1.744, 2.713, 3.1, 2.036, 2.287, 3.389, 2.495, 2.652, 2.044, 2.717, 2.386, 1.47, 1.39, 0.0, 1.669, 2.096, 2.995, 8.639, 9.711, 6.306, 5.16, 4.207, 2.717, 2.654], [27.746, 27.575, 29.453, 30.154, 30.289, 28.583, 24.55, 21.848, 21.483, 21.395, 21.2, 27.023, 21.882, 15.274, 12.656, 11.153, 11.186, 10.969, 10.23, 8.927, 8.107, 7.762, 6.936, 7.132, 8.572, 4.697, 2.966, 2.329, 1.87, 1.671, 2.07, 2.485, 1.455, 1.559, 2.611, 2.433, 2.847, 2.095, 2.856, 3.262, 2.282, 2.391, 1.669, 0.0, 1.767, 2.273, 7.523, 8.592, 5.613, 4.399, 3.691, 3.014, 3.259], [28.893, 28.85, 30.563, 31.247, 31.393, 29.759, 25.625, 22.882, 22.521, 22.454, 22.205, 28.128, 23.019, 16.41, 13.785, 12.241, 12.267, 12.192, 11.416, 10.057, 9.1, 8.233, 7.417, 7.78, 9.368, 5.56, 4.094, 3.257, 1.923, 1.554, 2.618, 3.234, 2.192, 2.595, 3.428, 1.87, 2.404, 2.305, 1.769, 2.263, 2.424, 2.432, 2.096, 1.767, 0.0, 2.321, 8.558, 9.664, 6.246, 5.637, 4.798, 4.045, 4.393], [26.753, 26.708, 28.354, 29.134, 29.196, 27.595, 23.482, 20.865, 20.494, 20.403, 20.246, 25.954, 20.834, 14.226, 11.731, 10.084, 10.154, 10.211, 9.51, 8.467, 7.836, 6.822, 5.947, 6.173, 7.663, 3.697, 2.416, 1.833, 2.024, 2.184, 1.627, 2.156, 2.059, 1.93, 2.526, 2.862, 3.685, 2.946, 3.612, 4.084, 3.453, 3.507, 2.995, 2.273, 2.321, 0.0, 6.436, 7.624, 5.014, 4.798, 4.602, 4.407, 4.684], [20.462, 20.41, 22.085, 22.772, 22.911, 21.334, 17.133, 14.505, 14.137, 14.043, 13.881, 19.628, 14.619, 8.355, 6.692, 4.656, 5.059, 6.561, 5.87, 5.367, 5.449, 4.19, 2.937, 2.165, 2.544, 3.308, 4.92, 5.673, 7.814, 8.169, 6.342, 5.882, 7.257, 6.845, 6.023, 8.961, 9.73, 8.393, 9.834, 10.27, 8.915, 9.179, 8.639, 7.523, 8.558, 6.436, 0.0, 2.263, 4.268, 5.857, 6.241, 7.45, 7.692], [19.486, 19.385, 21.195, 21.941, 22.021, 20.314, 16.271, 13.652, 13.287, 13.193, 13.031, 18.755, 13.677, 7.245, 5.347, 3.377, 3.733, 5.003, 4.335, 3.924, 3.94, 2.876, 2.959, 2.3, 2.616, 4.429, 5.954, 6.736, 8.85, 9.228, 7.306, 6.814, 8.199, 7.854, 6.997, 9.994, 10.757, 9.434, 10.857, 11.281, 10.021, 10.243, 9.711, 8.592, 9.664, 7.624, 2.263, 0.0, 4.05, 5.474, 6.306, 8.149, 8.527], [23.365, 23.303, 24.997, 25.652, 25.842, 24.233, 20.048, 17.288, 16.94, 16.861, 16.63, 22.555, 17.488, 10.867, 8.145, 6.652, 6.715, 6.687, 5.902, 4.55, 3.59, 2.603, 2.122, 2.717, 4.082, 3.067, 3.484, 3.994, 5.304, 5.706, 4.094, 3.875, 4.994, 4.486, 3.63, 6.122, 6.847, 5.635, 6.911, 7.365, 6.146, 6.443, 6.306, 5.613, 6.246, 5.014, 4.268, 4.05, 0.0, 2.529, 3.298, 4.722, 5.32], [24.763, 24.613, 26.418, 27.323, 27.25, 25.552, 21.589, 19.077, 18.701, 18.616, 18.456, 24.084, 18.842, 12.188, 9.783, 8.235, 8.256, 8.231, 7.478, 6.18, 5.172, 4.584, 4.162, 4.67, 5.923, 4.386, 3.391, 3.286, 4.079, 4.55, 3.619, 3.217, 3.817, 3.557, 3.02, 5.004, 5.776, 4.636, 5.87, 6.239, 5.2, 5.504, 5.16, 4.399, 5.637, 4.798, 5.857, 5.474, 2.529, 0.0, 1.617, 3.215, 3.868], [25.653, 25.441, 27.329, 28.211, 28.154, 26.43, 22.481, 19.938, 19.584, 19.491, 19.307, 24.973, 19.682, 13.067, 10.68, 9.119, 9.121, 8.987, 8.206, 6.921, 6.003, 5.409, 4.633, 5.051, 6.636, 4.558, 3.418, 3.312, 3.391, 3.719, 3.312, 2.963, 3.197, 3.147, 3.088, 4.751, 5.485, 4.126, 5.417, 5.496, 4.281, 4.574, 4.207, 3.691, 4.798, 4.602, 6.241, 6.306, 3.298, 1.617, 0.0, 2.112, 2.728], [27.461, 27.261, 29.138, 29.993, 29.968, 28.258, 24.297, 21.699, 21.343, 21.255, 21.047, 26.777, 21.49, 14.876, 12.452, 10.911, 10.916, 10.767, 10.008, 8.675, 7.703, 7.077, 6.212, 6.547, 8.317, 5.1, 3.914, 3.368, 2.925, 3.055, 3.188, 3.136, 2.86, 2.838, 2.965, 4.161, 4.48, 3.339, 4.533, 4.083, 2.602, 2.805, 2.717, 3.014, 4.045, 4.407, 7.45, 8.149, 4.722, 3.215, 2.112, 0.0, 1.263], [27.777, 27.555, 29.452, 30.275, 30.324, 28.598, 24.592, 22.011, 21.646, 21.556, 21.38, 27.066, 21.938, 15.253, 12.719, 11.197, 11.239, 11.067, 10.249, 9.028, 8.137, 7.589, 6.735, 7.054, 8.72, 5.406, 4.119, 3.586, 3.299, 3.342, 3.495, 3.383, 3.207, 3.172, 3.324, 4.63, 4.685, 3.669, 4.841, 4.366, 2.703, 2.481, 2.654, 3.259, 4.393, 4.684, 7.692, 8.527, 5.32, 3.868, 2.728, 1.263, 0.0]]