[[0.0, 1.7, 2.277, 3.787, 5.246, 6.794, 4.809, 5.24, 7.3, 8.816, 10.33, 11.811, 12.508, 14.739, 17.012, 18.043, 17.115, 15.341, 14.781, 15.107, 16.132, 16.904, 17.017, 18.042, 18.549, 17.759, 19.089, 20.758, 18.585, 17.299, 16.012, 10.853, 9.434, 9.776, 7.596, 4.078, 5.493, 6.208, 7.168, 6.709, 3.895, 2.85, 4.405, 4.783, 4.188, 5.656, 5.127, 3.445, 2.892, 3.517, 3.134, 4.298, 3.74, 5.362, 7.978, 7.306, 7.635, 8.413, 7.559, 5.419, 4.804, 3.624, 1.509, 2.305, 3.424, 2.45, 1.806, 2.496, 2.087, 2.061, 1.346, 2.557, 1.27, 1.758, 1.585, 2.041, 2.04, 2.594, 1.75, 2.96, 2.917, 2.659, 2.044, 2.097, 2.343, 3.433, 2.996, 3.583, 5.547, 6.192, 6.598, 7.66, 7.174, 7.573, 8.792, 9.205, 11.645, 12.588, 14.005, 15.263, 15.713, 15.647, 16.875, 16.976, 16.101, 14.553, 13.6, 11.057], [1.7, 0.0, 1.614, 2.596, 3.86, 5.499, 3.525, 3.848, 6.076, 7.569, 9.142, 10.589, 11.203, 13.405, 15.74, 16.809, 15.764, 14.047, 13.555, 13.872, 14.961, 15.744, 15.808, 16.836, 17.342, 16.557, 17.883, 19.556, 17.376, 16.136, 14.844, 9.473, 8.165, 8.477, 6.146, 3.371, 4.961, 5.161, 5.784, 5.412, 2.755, 2.534, 3.883, 3.482, 3.717, 4.494, 4.17, 3.011, 2.479, 2.504, 2.266, 3.122, 2.555, 3.921, 6.537, 5.859, 6.229, 6.949, 6.179, 4.086, 3.779, 2.453, 1.495, 1.798, 2.329, 2.144, 1.57, 1.282, 1.494, 1.166, 2.321, 3.832, 1.892, 2.599, 2.347, 1.504, 2.718, 3.633, 2.282, 2.104, 3.073, 2.4, 1.664, 1.719, 1.946, 2.461, 1.801, 2.183, 4.081, 4.745, 5.151, 6.234, 5.732, 6.168, 7.52, 7.883, 10.442, 11.394, 12.726, 14.087, 14.362, 14.463, 15.705, 15.746, 14.894, 13.136, 12.154, 9.637], [2.277, 1.614, 0.0, 2.426, 4.186, 6.029, 3.867, 4.288, 6.741, 8.185, 9.601, 11.189, 11.798, 13.833, 16.304, 17.402, 16.285, 14.607, 14.094, 14.524, 15.563, 16.329, 16.449, 17.465, 17.978, 17.191, 18.515, 20.183, 18.011, 16.628, 15.365, 9.944, 8.572, 9.001, 6.363, 2.297, 3.869, 4.601, 5.979, 5.863, 3.01, 2.129, 3.409, 3.611, 2.659, 3.976, 3.879, 2.051, 1.793, 2.564, 2.168, 3.638, 2.476, 4.249, 6.919, 6.025, 6.548, 7.325, 6.781, 4.453, 4.032, 2.908, 2.131, 1.571, 1.874, 1.595, 1.573, 2.148, 2.535, 1.962, 2.67, 4.222, 2.79, 3.07, 2.927, 2.306, 3.071, 4.212, 2.58, 1.853, 2.486, 2.466, 1.577, 1.963, 1.523, 2.244, 1.569, 2.435, 4.513, 4.932, 5.173, 6.555, 6.238, 6.323, 8.167, 8.388, 11.13, 12.047, 13.313, 14.703, 15.059, 15.006, 16.26, 16.405, 15.442, 13.525, 12.4, 9.732], [3.787, 2.596, 2.426, 0.0, 2.546, 4.048, 2.415, 2.711, 4.788, 6.251, 7.783, 9.241, 9.825, 12.007, 14.328, 15.388, 14.188, 12.571, 12.094, 12.471, 13.579, 14.382, 14.436, 15.449, 15.955, 15.176, 16.497, 18.17, 15.998, 14.782, 13.454, 8.066, 6.725, 7.148, 4.396, 2.16, 2.83, 3.01, 3.906, 3.923, 1.335, 2.454, 2.193, 2.019, 2.136, 2.248, 2.341, 2.049, 2.338, 2.015, 2.012, 2.893, 2.014, 2.607, 4.999, 4.05, 4.563, 5.167, 4.801, 3.035, 2.924, 2.588, 3.429, 2.531, 1.984, 2.668, 2.833, 2.614, 3.085, 2.634, 4.478, 5.947, 4.305, 4.589, 4.228, 2.648, 3.72, 4.853, 3.298, 1.755, 2.635, 3.397, 2.391, 2.996, 2.201, 1.411, 1.359, 1.653, 2.834, 3.044, 3.416, 4.857, 4.305, 4.384, 6.228, 6.409, 9.136, 10.071, 11.322, 12.718, 13.009, 13.099, 14.324, 14.35, 13.489, 11.509, 10.269, 7.711], [5.246, 3.86, 4.186, 2.546, 0.0, 2.126, 1.179, 1.513, 4.298, 4.898, 5.84, 7.403, 8.026, 10.224, 12.555, 13.553, 12.311, 10.552, 10.088, 10.623, 11.599, 12.424, 12.422, 13.419, 13.926, 13.14, 14.51, 16.132, 14.026, 12.961, 11.594, 6.341, 6.005, 6.139, 3.965, 4.387, 4.792, 4.25, 4.048, 3.649, 2.868, 4.611, 3.789, 3.547, 4.392, 3.919, 4.113, 4.403, 4.535, 3.66, 3.154, 2.71, 3.289, 3.034, 3.567, 2.813, 3.107, 3.672, 3.177, 3.055, 3.303, 3.376, 4.602, 4.458, 3.914, 4.595, 4.742, 3.397, 3.934, 3.623, 5.954, 7.408, 5.32, 5.867, 5.716, 3.917, 5.321, 6.449, 4.849, 3.531, 4.436, 4.904, 3.844, 4.357, 4.305, 3.234, 3.048, 2.211, 2.24, 2.38, 2.499, 3.137, 2.794, 3.323, 4.517, 4.643, 7.163, 8.208, 9.472, 10.816, 11.212, 11.253, 12.381, 12.478, 11.687, 9.773, 8.784, 6.49], [6.794, 5.499, 6.029, 4.048, 2.126, 0.0, 2.234, 2.227, 3.893, 3.541, 4.029, 5.48, 6.16, 8.349, 10.656, 11.623, 10.488, 8.867, 8.337, 8.711, 9.647, 10.384, 10.466, 11.493, 11.998, 11.192, 12.526, 14.195, 12.014, 10.956, 9.661, 4.531, 4.926, 5.046, 3.689, 5.681, 5.446, 4.6, 4.15, 3.439, 3.66, 6.068, 4.421, 4.23, 5.338, 4.591, 4.726, 5.921, 6.147, 4.392, 4.321, 3.379, 4.444, 3.605, 2.523, 2.455, 2.389, 2.174, 1.869, 2.837, 3.075, 3.755, 6.093, 6.282, 5.698, 6.505, 6.472, 4.608, 5.165, 5.029, 7.517, 9.061, 6.531, 7.271, 7.112, 5.034, 6.462, 7.453, 6.172, 4.713, 5.604, 6.59, 5.385, 5.548, 5.986, 4.528, 4.752, 3.771, 2.347, 2.278, 2.37, 1.794, 2.148, 2.696, 3.189, 3.423, 5.153, 6.395, 7.934, 9.051, 9.743, 9.594, 10.384, 10.565, 9.774, 8.027, 7.125, 5.483], [4.809, 3.525, 3.867, 2.415, 1.179, 2.234, 0.0, 1.403, 4.188, 4.936, 5.941, 7.536, 8.184, 10.434, 12.756, 13.731, 12.578, 10.83, 10.326, 10.833, 11.758, 12.544, 12.623, 13.657, 14.165, 13.368, 14.697, 16.362, 14.182, 13.08, 11.733, 6.507, 6.087, 6.164, 4.184, 4.185, 4.819, 4.355, 4.242, 3.782, 2.562, 4.124, 3.749, 3.569, 4.2, 3.87, 3.933, 3.977, 4.05, 3.281, 2.811, 2.011, 2.895, 2.545, 3.699, 2.891, 3.273, 3.901, 3.349, 2.713, 2.891, 2.644, 4.08, 4.142, 3.599, 4.355, 4.329, 2.785, 3.376, 3.191, 5.562, 7.015, 4.762, 5.358, 5.227, 3.466, 4.762, 5.822, 4.29, 3.018, 3.831, 4.623, 3.542, 3.81, 3.842, 3.096, 2.693, 1.74, 2.103, 2.359, 2.802, 3.313, 3.141, 3.584, 4.605, 4.722, 7.311, 8.316, 9.635, 10.933, 11.47, 11.426, 12.504, 12.699, 11.878, 10.089, 9.053, 6.586], [5.24, 3.848, 4.288, 2.711, 1.513, 2.227, 1.403, 0.0, 3.989, 4.667, 5.795, 7.025, 7.649, 9.791, 12.166, 13.25, 12.212, 10.926, 10.283, 10.333, 11.383, 12.129, 12.258, 13.292, 13.794, 13.001, 14.351, 16.004, 13.839, 12.496, 11.376, 5.887, 5.995, 5.716, 3.876, 4.341, 4.943, 4.427, 4.04, 3.599, 2.818, 4.526, 3.865, 3.574, 4.357, 3.903, 3.925, 4.321, 4.538, 3.163, 2.798, 1.655, 3.032, 2.428, 3.06, 2.658, 2.722, 3.641, 2.58, 2.183, 2.298, 2.567, 4.314, 4.467, 3.895, 4.743, 4.666, 2.94, 3.477, 3.465, 5.933, 7.515, 5.004, 5.664, 5.647, 3.809, 5.435, 6.347, 5.078, 3.737, 4.417, 4.938, 3.942, 3.854, 4.293, 3.098, 2.985, 2.056, 1.677, 1.833, 2.782, 3.4, 3.087, 3.793, 4.797, 5.071, 6.966, 8.034, 9.738, 10.941, 11.17, 11.209, 12.069, 12.253, 11.325, 9.569, 8.703, 6.717], [7.3, 6.076, 6.741, 4.788, 4.298, 3.893, 4.188, 3.989, 0.0, 1.856, 3.282, 4.631, 5.349, 7.59, 9.877, 10.835, 9.9, 8.218, 7.564, 7.908, 8.947, 9.722, 9.769, 10.808, 11.313, 10.521, 11.851, 13.52, 11.353, 10.135, 8.837, 4.008, 2.877, 2.77, 2.208, 6.37, 5.228, 3.06, 1.746, 1.655, 3.926, 6.562, 4.138, 3.418, 5.467, 3.662, 3.773, 6.594, 6.819, 4.772, 5.003, 4.43, 5.134, 3.67, 2.802, 3.2, 3.007, 3.856, 3.945, 3.43, 3.614, 4.583, 6.869, 6.964, 6.388, 7.177, 7.161, 5.397, 5.755, 5.594, 8.023, 9.687, 7.159, 7.861, 7.697, 5.537, 7.099, 7.987, 6.88, 5.425, 6.335, 7.224, 6.02, 6.202, 6.658, 5.169, 5.431, 4.514, 3.759, 3.488, 3.363, 3.662, 2.979, 3.253, 2.888, 2.391, 4.404, 5.467, 6.901, 8.166, 8.521, 8.514, 9.686, 9.737, 8.953, 7.427, 6.533, 4.253], [8.816, 7.569, 8.185, 6.251, 4.898, 3.541, 4.936, 4.667, 1.856, 0.0, 2.204, 3.14, 3.82, 6.183, 8.398, 9.461, 8.574, 6.987, 6.341, 6.502, 7.424, 8.175, 8.292, 9.325, 9.832, 9.033, 10.373, 12.037, 9.86, 8.668, 7.4, 2.738, 2.125, 1.912, 2.54, 7.821, 6.554, 4.239, 2.765, 2.607, 5.437, 8.007, 5.584, 4.861, 6.911, 5.109, 5.224, 8.077, 8.298, 6.217, 6.441, 5.637, 6.651, 4.958, 3.054, 3.75, 3.407, 3.448, 3.623, 4.665, 4.93, 5.979, 8.285, 8.441, 7.864, 8.654, 8.638, 6.783, 7.2, 7.093, 9.51, 11.194, 8.473, 9.329, 9.238, 7.104, 8.624, 9.437, 8.409, 6.927, 7.763, 8.735, 7.449, 7.584, 8.136, 6.646, 6.908, 5.938, 4.762, 4.467, 3.695, 3.229, 2.79, 2.646, 1.713, 1.445, 3.008, 4.183, 5.732, 6.934, 7.096, 7.215, 8.168, 8.366, 7.515, 6.105, 5.225, 3.133], [10.33, 9.142, 9.601, 7.783, 5.84, 4.029, 5.941, 5.795, 3.282, 2.204, 0.0, 2.418, 2.82, 4.71, 7.105, 8.11, 7.062, 5.415, 4.941, 5.26, 6.071, 6.773, 6.941, 7.937, 8.443, 7.639, 8.996, 10.639, 8.538, 7.274, 5.962, 2.025, 2.587, 2.754, 3.899, 9.274, 8.032, 5.748, 4.224, 4.127, 6.917, 9.524, 7.088, 6.266, 8.359, 6.538, 6.69, 9.585, 9.806, 7.708, 7.811, 6.766, 7.911, 6.294, 3.808, 4.452, 3.879, 3.58, 4.147, 5.652, 6.131, 7.121, 9.699, 9.822, 9.244, 10.151, 10.019, 8.104, 8.541, 8.597, 10.994, 12.695, 10.017, 10.782, 10.727, 8.589, 10.026, 10.948, 9.802, 8.351, 9.193, 10.235, 9.025, 9.093, 9.643, 8.052, 8.332, 7.381, 5.875, 5.446, 4.946, 3.302, 3.744, 3.648, 2.284, 1.739, 2.024, 3.001, 4.332, 5.449, 6.255, 5.789, 6.716, 7.048, 6.214, 4.644, 3.86, 2.597], [11.811, 10.589, 11.189, 9.241, 7.403, 5.48, 7.536, 7.025, 4.631, 3.14, 2.418, 0.0, 1.423, 3.385, 5.382, 6.37, 5.655, 4.282, 4.193, 3.984, 4.753, 5.255, 5.311, 6.325, 6.842, 6.092, 7.542, 9.073, 7.131, 5.623, 4.589, 2.133, 2.883, 2.369, 5.457, 10.829, 9.494, 7.188, 5.645, 5.494, 8.361, 10.98, 8.598, 7.853, 9.915, 8.071, 8.232, 11.097, 11.319, 9.218, 9.46, 8.079, 9.529, 7.866, 5.215, 6.028, 5.171, 4.804, 5.159, 7.058, 7.376, 8.604, 11.251, 11.449, 10.871, 11.664, 11.646, 9.731, 10.096, 10.087, 12.515, 14.198, 11.503, 12.371, 12.269, 10.129, 11.708, 12.514, 11.492, 10.022, 10.829, 11.803, 10.548, 10.593, 11.156, 9.654, 9.916, 8.928, 7.336, 6.998, 6.542, 4.824, 5.277, 5.169, 3.457, 3.09, 1.846, 2.484, 3.355, 4.392, 4.872, 4.642, 5.275, 5.296, 4.572, 3.477, 2.963, 2.362], [12.508, 11.203, 11.798, 9.825, 8.026, 6.16, 8.184, 7.649, 5.349, 3.82, 2.82, 1.423, 0.0, 2.662, 4.678, 5.81, 5.061, 3.87, 3.442, 3.276, 4.026, 4.575, 4.681, 5.754, 6.253, 5.477, 6.864, 8.461, 6.365, 5.033, 4.295, 2.184, 3.387, 2.957, 6.057, 11.43, 10.093, 7.791, 6.244, 6.135, 8.989, 11.579, 9.252, 8.474, 10.512, 8.667, 8.835, 11.693, 11.915, 9.829, 10.061, 8.772, 10.135, 8.46, 5.751, 6.648, 5.92, 5.633, 5.599, 7.661, 7.951, 9.343, 11.862, 12.059, 11.482, 12.273, 12.256, 10.347, 10.766, 10.736, 13.21, 14.873, 12.218, 13.005, 12.928, 10.846, 12.423, 13.24, 12.207, 10.72, 11.5, 12.397, 11.216, 11.25, 11.754, 10.264, 10.527, 9.564, 7.915, 7.602, 7.152, 5.482, 5.906, 5.779, 4.134, 3.683, 1.744, 1.984, 2.848, 4.005, 4.279, 4.302, 4.831, 4.836, 3.945, 2.8, 2.258, 2.688], [14.739, 13.405, 13.833, 12.007, 10.224, 8.349, 10.434, 9.791, 7.59, 6.183, 4.71, 3.385, 2.662, 0.0, 2.928, 3.989, 3.176, 2.208, 2.409, 1.982, 2.504, 2.974, 3.039, 4.024, 4.518, 3.855, 5.238, 6.792, 4.756, 3.206, 2.345, 4.054, 5.518, 5.121, 7.985, 13.327, 11.971, 9.897, 8.214, 8.291, 11.189, 13.709, 11.43, 10.461, 12.371, 10.495, 10.668, 13.711, 13.902, 11.802, 12.047, 10.776, 11.911, 10.188, 7.417, 8.399, 7.694, 7.331, 7.589, 9.55, 10.11, 11.34, 13.841, 13.959, 13.43, 14.392, 14.225, 12.54, 12.886, 12.974, 15.426, 17.098, 14.525, 15.196, 15.188, 13.09, 14.681, 15.535, 14.462, 12.991, 13.759, 14.638, 13.498, 13.372, 13.799, 12.252, 12.634, 11.736, 9.693, 9.367, 9.058, 7.478, 8.098, 7.896, 6.408, 5.942, 3.665, 2.534, 1.936, 2.74, 3.393, 3.031, 3.079, 3.043, 2.023, 1.389, 2.111, 4.497], [17.012, 15.74, 16.304, 14.328, 12.555, 10.656, 12.756, 12.166, 9.877, 8.398, 7.105, 5.382, 4.678, 2.928, 0.0, 1.694, 1.827, 2.352, 3.017, 2.541, 2.534, 2.367, 2.066, 2.42, 2.863, 2.941, 3.819, 4.579, 3.058, 1.604, 1.713, 6.465, 7.892, 7.394, 10.481, 15.85, 14.474, 12.235, 10.627, 10.584, 13.439, 16.047, 13.77, 12.948, 14.9, 13.066, 13.234, 16.119, 16.343, 14.236, 14.596, 13.222, 14.531, 12.857, 10.107, 11.021, 10.156, 9.673, 9.882, 12.12, 12.485, 13.741, 16.286, 16.484, 15.915, 16.744, 16.713, 14.92, 15.25, 15.271, 17.736, 19.408, 16.746, 17.552, 17.484, 15.386, 16.952, 17.75, 16.747, 15.293, 16.061, 16.967, 15.804, 15.738, 16.184, 14.697, 15.018, 14.105, 12.315, 12.026, 11.589, 9.819, 10.417, 10.256, 8.714, 8.261, 5.754, 4.525, 3.249, 2.408, 2.402, 2.35, 1.855, 1.104, 1.88, 3.337, 4.52, 7.013], [18.043, 16.809, 17.402, 15.388, 13.553, 11.623, 13.731, 13.25, 10.835, 9.461, 8.11, 6.37, 5.81, 3.989, 1.694, 0.0, 1.534, 3.048, 3.783, 3.41, 3.144, 2.652, 2.301, 2.399, 2.786, 3.413, 4.151, 4.161, 3.283, 2.386, 2.586, 7.641, 8.935, 8.52, 11.621, 16.978, 15.605, 13.333, 11.779, 11.597, 14.489, 17.146, 14.798, 14.051, 16.044, 14.208, 14.387, 17.252, 17.484, 15.405, 15.678, 14.32, 15.677, 14.007, 11.293, 12.153, 11.286, 10.792, 10.978, 13.205, 13.536, 14.851, 17.433, 17.623, 17.049, 17.863, 17.842, 15.975, 16.344, 16.325, 18.757, 20.423, 17.749, 18.609, 18.483, 16.346, 17.927, 18.786, 17.701, 16.22, 17.082, 18.005, 16.805, 16.82, 17.328, 15.837, 16.128, 15.154, 13.474, 13.166, 12.723, 10.931, 11.516, 11.376, 9.676, 9.251, 6.841, 5.537, 4.174, 3.115, 2.661, 2.631, 1.943, 1.636, 2.955, 4.402, 5.622, 8.06], [17.115, 15.764, 16.285, 14.188, 12.311, 10.488, 12.578, 12.212, 9.9, 8.574, 7.062, 5.655, 5.061, 3.176, 1.827, 1.534, 0.0, 1.955, 2.744, 2.739, 2.479, 2.202, 1.877, 2.227, 2.823, 3.352, 4.102, 4.553, 3.214, 2.158, 1.943, 6.611, 7.867, 7.637, 10.469, 15.818, 14.437, 12.185, 10.626, 10.549, 13.404, 15.998, 13.679, 12.934, 14.899, 13.054, 13.244, 16.084, 16.335, 14.34, 14.553, 13.497, 14.508, 12.944, 10.276, 11.007, 10.202, 9.669, 10.266, 12.193, 12.603, 13.953, 16.326, 16.484, 15.879, 16.707, 16.648, 14.823, 15.414, 15.306, 17.826, 19.393, 16.856, 17.574, 17.453, 15.335, 16.912, 17.817, 16.658, 15.088, 15.928, 16.797, 15.768, 15.782, 16.192, 14.689, 14.999, 14.03, 12.407, 12.005, 11.557, 9.855, 10.371, 10.224, 8.6, 8.068, 5.996, 4.69, 3.179, 2.255, 2.419, 2.166, 1.866, 1.377, 2.355, 3.313, 4.508, 6.929], [15.341, 14.047, 14.607, 12.571, 10.552, 8.867, 10.83, 10.926, 8.218, 6.987, 5.415, 4.282, 3.87, 2.208, 2.352, 3.048, 1.955, 0.0, 1.247, 1.903, 2.081, 2.189, 2.038, 2.943, 3.582, 3.39, 4.289, 5.638, 3.804, 2.739, 1.596, 5.339, 6.212, 6.132, 8.932, 14.227, 12.86, 10.557, 9.069, 8.897, 11.747, 14.368, 11.983, 11.236, 13.292, 11.451, 11.629, 14.497, 14.716, 12.77, 12.94, 12.025, 12.971, 11.361, 8.875, 9.559, 8.838, 8.233, 9.133, 10.731, 11.208, 12.286, 14.72, 14.844, 14.27, 15.083, 15.049, 13.291, 13.79, 13.587, 16.079, 17.677, 15.169, 15.874, 15.685, 13.538, 14.986, 15.992, 14.749, 13.242, 14.206, 15.165, 13.937, 14.247, 14.56, 13.085, 13.334, 12.36, 10.874, 10.57, 9.943, 8.212, 8.76, 8.588, 6.768, 6.357, 4.602, 3.185, 1.708, 1.369, 2.393, 2.025, 2.334, 2.096, 2.25, 2.466, 3.142, 5.39], [14.781, 13.555, 14.094, 12.094, 10.088, 8.337, 10.326, 10.283, 7.564, 6.341, 4.941, 4.193, 3.442, 2.409, 3.017, 3.783, 2.744, 1.247, 0.0, 1.977, 2.216, 2.497, 2.506, 3.383, 3.905, 3.511, 4.543, 6.116, 4.112, 3.482, 2.149, 4.864, 5.664, 5.542, 8.391, 13.742, 12.368, 10.067, 8.535, 8.358, 11.167, 13.88, 11.484, 10.735, 12.805, 10.981, 11.144, 14.008, 14.226, 12.234, 12.38, 11.224, 12.462, 10.796, 8.332, 9.056, 8.486, 8.102, 8.72, 10.153, 10.585, 11.553, 14.185, 14.354, 13.78, 14.594, 14.553, 12.716, 13.112, 12.995, 15.528, 17.12, 14.446, 15.32, 15.16, 12.972, 14.208, 15.303, 14.05, 12.628, 13.668, 14.653, 13.432, 13.673, 14.069, 12.573, 12.837, 11.856, 10.348, 9.98, 9.442, 7.879, 8.281, 8.092, 6.163, 5.832, 4.169, 2.803, 1.783, 1.427, 2.492, 2.324, 2.8, 2.727, 2.701, 2.647, 2.86, 4.998], [15.107, 13.872, 14.524, 12.471, 10.623, 8.711, 10.833, 10.333, 7.908, 6.502, 5.26, 3.984, 3.276, 1.982, 2.541, 3.41, 2.739, 1.903, 1.977, 0.0, 1.302, 2.057, 2.16, 3.059, 3.596, 3.1, 4.194, 5.794, 3.799, 2.582, 2.266, 4.754, 6.111, 5.634, 8.727, 14.102, 12.727, 10.457, 8.887, 8.754, 11.591, 14.251, 11.91, 11.136, 13.161, 11.328, 11.496, 14.364, 14.59, 12.513, 12.804, 11.293, 12.784, 11.122, 8.353, 9.269, 8.419, 7.908, 8.132, 10.353, 10.661, 11.926, 14.55, 14.734, 14.148, 14.971, 14.924, 13.068, 13.387, 13.354, 15.887, 17.514, 14.78, 15.73, 15.566, 13.419, 14.951, 15.731, 14.753, 13.314, 14.194, 15.061, 13.852, 13.967, 14.438, 12.933, 13.25, 12.286, 10.579, 10.26, 9.85, 8.058, 8.591, 8.493, 6.752, 6.354, 3.824, 2.94, 2.477, 2.526, 3.216, 3.012, 2.939, 2.442, 1.688, 2.321, 3.097, 5.271], [16.132, 14.961, 15.563, 13.579, 11.599, 9.647, 11.758, 11.383, 8.947, 7.424, 6.071, 4.753, 4.026, 2.504, 2.534, 3.144, 2.479, 2.081, 2.216, 1.302, 0.0, 1.196, 1.638, 2.408, 2.627, 2.207, 3.254, 4.742, 2.794, 2.018, 2.129, 5.799, 7.069, 6.599, 9.823, 15.192, 13.834, 11.532, 9.991, 9.801, 12.648, 15.343, 12.951, 12.219, 14.26, 12.416, 12.593, 15.462, 15.68, 13.598, 13.774, 12.266, 13.884, 12.212, 9.436, 10.371, 9.502, 9.008, 9.06, 11.346, 11.689, 12.919, 15.633, 15.829, 15.258, 16.052, 16.025, 14.055, 14.342, 14.395, 16.865, 18.578, 15.649, 16.705, 16.589, 14.439, 15.842, 16.634, 15.659, 14.236, 15.102, 16.124, 14.84, 14.981, 15.524, 14.041, 14.306, 13.319, 11.658, 11.339, 10.909, 9.099, 9.649, 9.553, 7.679, 7.305, 4.592, 3.822, 2.934, 2.703, 3.508, 3.281, 2.659, 2.36, 2.08, 2.948, 3.947, 6.312], [16.904, 15.744, 16.329, 14.382, 12.424, 10.384, 12.544, 12.129, 9.722, 8.175, 6.773, 5.255, 4.575, 2.974, 2.367, 2.652, 2.202, 2.189, 2.497, 2.057, 1.196, 0.0, 0.959, 1.57, 2.036, 1.828, 2.671, 4.054, 2.218, 1.81, 2.073, 6.566, 7.829, 7.339, 10.598, 15.97, 14.631, 12.328, 10.782, 10.626, 13.467, 16.129, 13.722, 12.99, 15.051, 13.204, 13.373, 16.252, 16.473, 14.359, 14.541, 13.002, 14.666, 13.01, 10.233, 11.16, 10.247, 9.795, 9.811, 12.109, 12.439, 13.64, 16.392, 16.59, 16.013, 16.818, 16.787, 14.798, 15.113, 15.173, 17.608, 19.353, 16.392, 17.455, 17.37, 15.213, 16.488, 17.381, 16.323, 14.948, 15.853, 16.9, 15.597, 15.733, 16.31, 14.795, 15.058, 14.07, 12.445, 12.124, 11.679, 9.868, 10.408, 10.31, 8.412, 8.079, 5.352, 4.384, 3.308, 2.638, 3.494, 3.229, 2.456, 2.002, 2.14, 3.36, 4.612, 7.039], [17.017, 15.808, 16.449, 14.436, 12.422, 10.466, 12.623, 12.258, 9.769, 8.292, 6.941, 5.311, 4.681, 3.039, 2.066, 2.301, 1.877, 2.038, 2.506, 2.16, 1.638, 0.959, 0.0, 1.299, 1.993, 1.885, 2.686, 3.922, 2.29, 1.853, 1.966, 6.703, 7.97, 7.472, 10.725, 16.1, 14.756, 12.452, 10.909, 10.701, 13.537, 16.248, 13.856, 13.105, 15.177, 13.334, 13.504, 16.363, 16.588, 14.496, 14.676, 13.183, 14.798, 13.126, 10.349, 11.284, 10.377, 9.874, 9.961, 12.244, 12.571, 13.783, 16.526, 16.708, 16.133, 16.944, 16.907, 14.941, 15.268, 15.193, 17.749, 19.452, 16.521, 17.593, 17.428, 15.24, 16.572, 17.425, 16.399, 14.997, 15.985, 16.913, 15.67, 15.874, 16.426, 14.922, 15.187, 14.204, 12.575, 12.254, 11.806, 9.996, 10.535, 10.448, 8.452, 8.113, 5.378, 4.454, 3.259, 2.499, 3.264, 3.084, 2.261, 1.682, 1.882, 3.391, 4.737, 7.183], [18.042, 16.836, 17.465, 15.449, 13.419, 11.493, 13.657, 13.292, 10.808, 9.325, 7.937, 6.325, 5.754, 4.024, 2.42, 2.399, 2.227, 2.943, 3.383, 3.059, 2.408, 1.57, 1.299, 0.0, 1.057, 1.593, 2.2, 3.05, 2.063, 2.194, 2.646, 7.703, 8.981, 8.495, 11.733, 17.101, 15.737, 13.437, 11.897, 11.691, 14.539, 17.246, 14.853, 14.103, 16.165, 14.324, 14.499, 17.371, 17.589, 15.502, 15.68, 14.126, 15.789, 14.119, 11.333, 12.274, 11.389, 10.891, 11.011, 13.241, 13.595, 14.788, 17.533, 17.717, 17.146, 17.963, 17.923, 15.966, 16.262, 16.238, 18.771, 20.478, 17.544, 18.617, 18.465, 16.284, 17.505, 18.463, 17.389, 15.994, 17.02, 17.952, 16.706, 16.883, 17.432, 15.936, 16.206, 15.228, 13.562, 13.239, 12.803, 11.007, 11.565, 11.464, 9.435, 9.165, 6.429, 5.482, 4.251, 3.274, 4.033, 3.832, 3.001, 1.893, 2.546, 4.376, 5.766, 8.182], [18.549, 17.342, 17.978, 15.955, 13.926, 11.998, 14.165, 13.794, 11.313, 9.832, 8.443, 6.842, 6.253, 4.518, 2.863, 2.786, 2.823, 3.582, 3.905, 3.596, 2.627, 2.036, 1.993, 1.057, 0.0, 1.266, 1.955, 2.633, 2.345, 2.519, 3.251, 8.21, 9.488, 9.003, 12.239, 17.608, 16.252, 13.943, 12.413, 12.198, 15.053, 17.752, 15.359, 14.609, 16.671, 14.842, 15.005, 17.878, 18.096, 16.009, 16.187, 14.629, 16.296, 14.626, 11.852, 12.792, 11.895, 11.398, 11.471, 13.748, 14.099, 15.291, 18.04, 18.224, 17.653, 18.469, 18.43, 16.473, 16.769, 16.745, 19.278, 20.985, 18.046, 19.124, 18.973, 16.79, 17.995, 18.97, 17.886, 16.494, 17.527, 18.459, 17.202, 17.388, 17.939, 16.443, 16.713, 15.735, 14.069, 13.746, 13.31, 11.514, 12.072, 11.971, 9.94, 9.672, 6.931, 5.989, 4.737, 3.736, 4.635, 4.451, 3.604, 2.451, 3.084, 4.903, 6.272, 8.698], [17.759, 16.557, 17.191, 15.176, 13.14, 11.192, 13.368, 13.001, 10.521, 9.033, 7.639, 6.092, 5.477, 3.855, 2.941, 3.413, 3.352, 3.39, 3.511, 3.1, 2.207, 1.828, 1.885, 1.593, 1.266, 0.0, 1.669, 3.072, 2.047, 2.561, 3.065, 7.442, 8.707, 8.214, 11.468, 16.842, 15.49, 13.185, 11.643, 11.434, 14.27, 16.987, 14.591, 13.84, 15.912, 14.07, 14.244, 17.106, 17.33, 15.239, 15.405, 13.862, 15.535, 13.863, 11.093, 12.021, 11.12, 10.621, 10.683, 12.975, 13.314, 14.512, 17.268, 17.45, 16.875, 17.686, 17.65, 15.673, 15.986, 15.949, 18.488, 20.196, 17.243, 18.334, 18.178, 15.994, 17.171, 18.162, 17.07, 15.68, 16.721, 17.658, 16.405, 16.612, 17.169, 15.665, 15.93, 14.947, 13.312, 12.99, 12.542, 10.738, 11.278, 11.19, 9.124, 8.866, 6.127, 5.204, 4.018, 3.859, 4.852, 4.708, 3.922, 2.661, 2.795, 4.205, 5.487, 7.916], [19.089, 17.883, 18.515, 16.497, 14.51, 12.526, 14.697, 14.351, 11.851, 10.373, 8.996, 7.542, 6.864, 5.238, 3.819, 4.151, 4.102, 4.289, 4.543, 4.194, 3.254, 2.671, 2.686, 2.2, 1.955, 1.669, 0.0, 1.868, 1.706, 3.362, 4.031, 8.755, 10.034, 9.538, 12.781, 18.156, 16.805, 14.495, 12.961, 12.744, 15.591, 18.299, 15.912, 15.167, 17.224, 15.393, 15.557, 18.421, 18.644, 16.554, 16.742, 15.186, 16.848, 15.176, 12.407, 13.337, 12.439, 11.941, 12.007, 14.288, 14.638, 15.825, 18.585, 18.768, 18.194, 19.01, 18.974, 17.023, 17.311, 17.306, 19.812, 21.529, 18.584, 19.658, 19.505, 17.345, 18.568, 19.519, 18.46, 17.069, 18.066, 19.035, 17.734, 17.928, 18.485, 16.983, 17.254, 16.273, 14.625, 14.303, 13.855, 12.054, 12.617, 12.514, 10.55, 10.217, 7.489, 6.524, 5.405, 4.843, 5.662, 5.489, 4.679, 3.482, 3.777, 5.498, 6.831, 9.234], [20.758, 19.556, 20.183, 18.17, 16.132, 14.195, 16.362, 16.004, 13.52, 12.037, 10.639, 9.073, 8.461, 6.792, 4.579, 4.161, 4.553, 5.638, 6.116, 5.794, 4.742, 4.054, 3.922, 3.05, 2.633, 3.072, 1.868, 0.0, 2.268, 4.077, 5.044, 10.43, 11.695, 11.208, 14.457, 19.831, 18.475, 16.17, 14.631, 14.417, 17.267, 19.973, 17.577, 16.826, 18.897, 17.063, 17.233, 20.096, 20.319, 18.229, 18.393, 16.838, 18.523, 16.851, 14.079, 15.009, 14.114, 13.616, 13.68, 15.963, 16.307, 17.5, 20.26, 20.443, 19.869, 20.683, 20.642, 18.676, 18.974, 18.952, 21.483, 23.196, 20.246, 21.329, 21.178, 18.997, 20.181, 21.165, 20.077, 18.687, 19.724, 20.663, 19.407, 19.603, 20.16, 18.658, 18.926, 17.945, 16.299, 15.977, 15.53, 13.729, 14.28, 14.181, 12.136, 11.87, 9.131, 8.194, 6.973, 5.89, 6.0, 5.845, 4.996, 4.424, 5.053, 7.109, 8.512, 10.942], [18.585, 17.376, 18.011, 15.998, 14.026, 12.014, 14.182, 13.839, 11.353, 9.86, 8.538, 7.131, 6.365, 4.756, 3.058, 3.283, 3.214, 3.804, 4.112, 3.799, 2.794, 2.218, 2.29, 2.063, 2.345, 2.047, 1.706, 2.268, 0.0, 2.57, 3.389, 8.261, 9.529, 9.074, 12.287, 17.662, 16.312, 14.005, 12.463, 12.262, 15.09, 17.807, 15.417, 14.685, 16.732, 14.891, 15.064, 17.925, 18.15, 16.059, 16.238, 14.73, 16.354, 14.682, 11.937, 12.858, 11.981, 11.442, 11.507, 13.801, 14.134, 15.332, 18.088, 18.27, 17.695, 18.51, 18.47, 16.509, 16.82, 16.804, 19.308, 21.02, 18.068, 19.154, 19.001, 16.844, 18.082, 19.012, 17.956, 16.562, 17.549, 18.531, 17.228, 17.432, 17.989, 16.484, 16.751, 15.778, 14.131, 13.809, 13.362, 11.558, 12.106, 12.01, 10.043, 9.71, 6.983, 6.019, 4.948, 4.326, 4.526, 4.404, 3.599, 2.996, 3.304, 5.034, 6.359, 8.876], [17.299, 16.136, 16.628, 14.782, 12.961, 10.956, 13.08, 12.496, 10.135, 8.668, 7.274, 5.623, 5.033, 3.206, 1.604, 2.386, 2.158, 2.739, 3.482, 2.582, 2.018, 1.81, 1.853, 2.194, 2.519, 2.561, 3.362, 4.077, 2.57, 0.0, 1.687, 6.855, 8.148, 7.669, 10.87, 16.241, 14.921, 12.703, 11.137, 11.055, 13.859, 16.513, 14.126, 13.347, 15.321, 13.465, 13.632, 16.593, 16.802, 14.692, 14.817, 13.246, 14.918, 13.274, 10.509, 11.419, 10.559, 10.16, 10.138, 12.372, 12.76, 13.955, 16.71, 16.89, 16.319, 17.2, 17.082, 15.201, 15.386, 15.605, 17.998, 19.754, 16.94, 17.841, 17.792, 15.66, 17.149, 17.94, 16.965, 15.542, 16.369, 17.339, 16.088, 16.081, 16.65, 15.102, 15.382, 14.442, 12.689, 12.374, 11.926, 10.209, 10.826, 10.649, 8.985, 8.567, 5.882, 4.786, 3.549, 2.664, 2.884, 2.58, 2.07, 1.702, 1.646, 3.671, 5.04, 7.387], [16.012, 14.844, 15.365, 13.454, 11.594, 9.661, 11.733, 11.376, 8.837, 7.4, 5.962, 4.589, 4.295, 2.345, 1.713, 2.586, 1.943, 1.596, 2.149, 2.266, 2.129, 2.073, 1.966, 2.646, 3.251, 3.065, 4.031, 5.044, 3.389, 1.687, 0.0, 5.736, 6.848, 6.419, 9.598, 14.961, 13.594, 11.374, 9.808, 9.713, 12.531, 15.186, 12.789, 12.037, 14.011, 12.194, 12.338, 15.295, 15.499, 13.399, 13.553, 12.099, 13.627, 11.984, 9.339, 10.135, 9.361, 8.932, 9.443, 11.197, 11.625, 12.667, 15.41, 15.609, 15.041, 15.907, 15.809, 13.916, 14.127, 14.317, 16.698, 18.464, 15.607, 16.531, 16.489, 14.353, 15.771, 16.616, 15.588, 14.185, 15.053, 16.053, 14.75, 14.786, 15.35, 13.824, 14.106, 13.147, 11.472, 11.1, 10.647, 8.914, 9.538, 9.359, 7.641, 7.272, 4.908, 3.562, 2.318, 1.654, 2.379, 1.982, 1.686, 1.447, 1.62, 2.865, 3.836, 6.124], [10.853, 9.473, 9.944, 8.066, 6.341, 4.531, 6.507, 5.887, 4.008, 2.738, 2.025, 2.133, 2.184, 4.054, 6.465, 7.641, 6.611, 5.339, 4.864, 4.754, 5.799, 6.566, 6.703, 7.703, 8.21, 7.442, 8.755, 10.43, 8.261, 6.855, 5.736, 0.0, 2.118, 2.442, 4.084, 9.44, 8.189, 6.006, 4.503, 4.506, 7.373, 9.801, 7.514, 6.681, 8.528, 6.719, 6.816, 9.748, 9.947, 7.844, 8.186, 7.089, 8.113, 6.469, 3.853, 4.726, 4.056, 3.886, 4.21, 5.752, 6.242, 7.505, 9.876, 10.083, 9.535, 10.387, 10.327, 8.585, 9.057, 9.108, 11.536, 13.146, 10.679, 11.266, 11.265, 9.16, 10.78, 11.678, 10.539, 8.999, 9.765, 10.611, 9.594, 9.372, 9.795, 8.318, 8.639, 7.716, 5.911, 5.592, 5.128, 3.697, 4.055, 3.86, 2.479, 2.399, 1.666, 2.587, 4.278, 5.495, 5.824, 5.777, 6.533, 6.659, 5.579, 3.829, 3.061, 1.892], [9.434, 8.165, 8.572, 6.725, 6.005, 4.926, 6.087, 5.995, 2.877, 2.125, 2.587, 2.883, 3.387, 5.518, 7.892, 8.935, 7.867, 6.212, 5.664, 6.111, 7.069, 7.829, 7.97, 8.981, 9.488, 8.707, 10.034, 11.695, 9.529, 8.148, 6.848, 2.118, 0.0, 1.569, 3.039, 8.187, 6.931, 4.653, 3.237, 3.228, 5.933, 8.457, 6.061, 5.372, 7.275, 5.483, 5.562, 8.461, 8.67, 6.726, 6.882, 6.929, 7.131, 5.639, 4.262, 4.705, 4.627, 4.661, 5.308, 5.608, 5.891, 6.869, 8.713, 8.81, 8.239, 9.068, 9.003, 7.486, 7.897, 7.849, 10.121, 11.707, 9.444, 9.9, 9.868, 7.719, 9.326, 10.284, 9.032, 7.504, 8.267, 9.291, 8.166, 8.188, 8.518, 7.022, 7.302, 6.629, 5.502, 5.314, 4.49, 4.224, 3.848, 3.289, 2.237, 2.152, 2.904, 3.643, 4.82, 6.209, 6.629, 6.57, 7.778, 7.94, 6.987, 5.182, 4.251, 2.036], [9.776, 8.477, 9.001, 7.148, 6.139, 5.046, 6.164, 5.716, 2.77, 1.912, 2.754, 2.369, 2.957, 5.121, 7.394, 8.52, 7.637, 6.132, 5.542, 5.634, 6.599, 7.339, 7.472, 8.495, 9.003, 8.214, 9.538, 11.208, 9.074, 7.669, 6.419, 2.442, 1.569, 0.0, 3.416, 8.631, 7.366, 5.081, 3.553, 3.503, 6.352, 8.863, 6.489, 5.709, 7.713, 5.912, 6.034, 8.95, 9.171, 7.052, 7.275, 6.627, 7.533, 5.795, 4.137, 4.708, 4.441, 4.783, 5.083, 5.572, 5.801, 6.947, 9.101, 9.251, 8.676, 9.54, 9.448, 7.669, 8.031, 8.038, 10.442, 12.151, 9.494, 10.211, 10.206, 8.114, 9.696, 10.52, 9.48, 8.001, 8.771, 9.679, 8.488, 8.458, 9.008, 7.459, 7.746, 6.834, 5.627, 5.389, 4.768, 4.673, 4.068, 3.704, 2.553, 2.352, 2.824, 3.387, 4.803, 6.117, 6.151, 6.229, 7.301, 7.45, 6.55, 5.058, 4.204, 2.339], [7.596, 6.146, 6.363, 4.396, 3.965, 3.689, 4.184, 3.876, 2.208, 2.54, 3.899, 5.457, 6.057, 7.985, 10.481, 11.621, 10.469, 8.932, 8.391, 8.727, 9.823, 10.598, 10.725, 11.733, 12.239, 11.468, 12.781, 14.457, 12.287, 10.87, 9.598, 4.084, 3.039, 3.416, 0.0, 5.417, 4.228, 2.493, 1.395, 1.616, 4.086, 6.249, 4.238, 3.236, 4.717, 2.808, 3.001, 5.742, 6.019, 4.371, 4.958, 4.884, 4.384, 3.055, 2.361, 2.307, 2.457, 2.627, 3.465, 3.511, 3.912, 4.834, 6.484, 6.31, 5.555, 6.479, 6.32, 5.533, 6.044, 5.992, 8.319, 9.821, 7.679, 8.047, 8.027, 5.908, 7.508, 8.494, 7.212, 5.576, 6.416, 7.345, 6.324, 6.312, 6.074, 4.514, 5.001, 4.402, 3.131, 2.691, 2.233, 2.899, 2.175, 1.955, 2.615, 2.693, 5.388, 6.305, 7.575, 8.972, 9.287, 9.275, 10.516, 10.617, 9.582, 7.52, 6.218, 3.766], [4.078, 3.371, 2.297, 2.16, 4.387, 5.681, 4.185, 4.341, 6.37, 7.821, 9.274, 10.829, 11.43, 13.327, 15.85, 16.978, 15.818, 14.227, 13.742, 14.102, 15.192, 15.97, 16.1, 17.101, 17.608, 16.842, 18.156, 19.831, 17.662, 16.241, 14.961, 9.44, 8.187, 8.631, 5.417, 0.0, 2.062, 3.746, 5.233, 5.434, 2.877, 2.484, 2.649, 3.178, 1.658, 2.877, 2.752, 1.286, 1.787, 2.314, 2.455, 4.308, 2.204, 3.642, 6.188, 4.989, 5.771, 6.265, 6.221, 4.185, 3.775, 3.208, 3.777, 2.368, 1.983, 2.355, 2.701, 3.452, 3.995, 3.448, 4.348, 6.063, 4.771, 4.698, 4.354, 3.21, 3.802, 5.14, 3.571, 2.397, 2.648, 3.463, 2.604, 3.083, 2.056, 1.767, 2.137, 2.885, 3.877, 4.22, 4.582, 6.218, 5.761, 5.763, 7.832, 8.017, 10.759, 11.676, 12.943, 14.332, 14.659, 14.647, 15.886, 15.981, 14.914, 12.823, 11.443, 8.968], [5.493, 4.961, 3.869, 2.83, 4.792, 5.446, 4.819, 4.943, 5.228, 6.554, 8.032, 9.494, 10.093, 11.971, 14.474, 15.605, 14.437, 12.86, 12.368, 12.727, 13.834, 14.631, 14.756, 15.737, 16.252, 15.49, 16.805, 18.475, 16.312, 14.921, 13.594, 8.189, 6.931, 7.366, 4.228, 2.062, 0.0, 2.524, 3.909, 4.132, 3.052, 3.178, 2.076, 2.721, 2.143, 2.354, 2.355, 2.496, 3.029, 3.07, 3.653, 5.258, 3.37, 3.917, 5.151, 4.366, 5.059, 5.215, 5.607, 4.125, 3.609, 4.424, 5.27, 3.794, 3.322, 3.799, 4.235, 4.989, 5.487, 4.951, 5.673, 7.536, 6.287, 6.226, 5.814, 4.635, 5.139, 6.41, 4.918, 3.638, 3.637, 4.524, 3.911, 4.628, 3.501, 2.769, 3.534, 4.031, 3.946, 3.945, 4.088, 5.382, 4.847, 4.635, 6.645, 6.812, 9.508, 10.397, 11.63, 13.02, 13.342, 13.322, 14.548, 14.622, 13.526, 11.462, 10.108, 7.637], [6.208, 5.161, 4.601, 3.01, 4.25, 4.6, 4.355, 4.427, 3.06, 4.239, 5.748, 7.188, 7.791, 9.897, 12.235, 13.333, 12.185, 10.557, 10.067, 10.457, 11.532, 12.328, 12.452, 13.437, 13.943, 13.185, 14.495, 16.17, 14.005, 12.703, 11.374, 6.006, 4.653, 5.081, 2.493, 3.746, 2.524, 0.0, 1.915, 2.108, 2.931, 4.463, 2.431, 2.073, 3.026, 1.763, 1.965, 4.199, 4.602, 3.76, 4.221, 5.077, 4.194, 3.49, 3.534, 3.218, 3.574, 3.87, 4.568, 3.74, 3.627, 4.702, 5.924, 4.881, 4.242, 4.985, 5.141, 5.206, 5.574, 5.16, 6.846, 8.37, 6.834, 6.926, 6.682, 5.027, 6.003, 7.178, 5.696, 4.001, 4.745, 5.85, 4.843, 5.272, 4.588, 3.463, 3.713, 4.07, 3.855, 3.483, 3.109, 3.946, 3.429, 3.131, 4.387, 4.49, 7.182, 8.076, 9.324, 10.713, 11.036, 11.058, 12.285, 12.337, 11.36, 9.407, 8.154, 5.659], [7.168, 5.784, 5.979, 3.906, 4.048, 4.15, 4.242, 4.04, 1.746, 2.765, 4.224, 5.645, 6.244, 8.214, 10.627, 11.779, 10.626, 9.069, 8.535, 8.887, 9.991, 10.782, 10.909, 11.897, 12.413, 11.643, 12.961, 14.631, 12.463, 11.137, 9.808, 4.503, 3.237, 3.553, 1.395, 5.233, 3.909, 1.915, 0.0, 1.157, 3.421, 5.588, 3.608, 2.722, 4.35, 2.519, 2.712, 5.53, 5.77, 4.197, 4.768, 4.947, 4.494, 3.184, 2.534, 2.631, 2.625, 3.285, 3.997, 3.569, 3.888, 4.824, 6.29, 6.044, 5.366, 6.256, 6.204, 5.435, 5.893, 5.748, 7.903, 9.41, 7.351, 7.715, 7.598, 5.63, 7.062, 8.089, 6.742, 5.078, 5.933, 6.929, 5.904, 5.946, 5.677, 4.267, 4.682, 4.237, 3.391, 3.046, 2.865, 3.437, 2.767, 2.65, 3.32, 3.11, 5.679, 6.548, 7.801, 9.199, 9.493, 9.511, 10.736, 10.782, 9.72, 7.684, 6.564, 4.123], [6.709, 5.412, 5.863, 3.923, 3.649, 3.439, 3.782, 3.599, 1.655, 2.607, 4.127, 5.494, 6.135, 8.291, 10.584, 11.597, 10.549, 8.897, 8.358, 8.754, 9.801, 10.626, 10.701, 11.691, 12.198, 11.434, 12.744, 14.417, 12.262, 11.055, 9.713, 4.506, 3.228, 3.503, 1.616, 5.434, 4.132, 2.108, 1.157, 0.0, 3.076, 5.651, 3.326, 2.544, 4.49, 2.698, 2.933, 5.706, 5.92, 4.012, 4.347, 4.393, 4.553, 3.143, 2.467, 2.709, 2.613, 3.31, 3.662, 3.074, 3.291, 4.253, 6.119, 6.064, 5.505, 6.324, 6.299, 4.903, 5.319, 5.147, 7.435, 9.008, 6.763, 7.224, 7.12, 5.002, 6.584, 7.547, 6.327, 4.777, 5.629, 6.558, 5.397, 5.477, 5.775, 4.294, 4.586, 4.019, 3.166, 2.954, 2.748, 3.073, 2.456, 2.509, 2.784, 3.056, 5.492, 6.391, 7.673, 9.034, 9.408, 9.435, 10.609, 10.599, 9.688, 7.923, 7.031, 4.645], [3.895, 2.755, 3.01, 1.335, 2.868, 3.66, 2.562, 2.818, 3.926, 5.437, 6.917, 8.361, 8.989, 11.189, 13.439, 14.489, 13.404, 11.747, 11.167, 11.591, 12.648, 13.467, 13.537, 14.539, 15.053, 14.27, 15.591, 17.267, 15.09, 13.859, 12.531, 7.373, 5.933, 6.352, 4.086, 2.877, 3.052, 2.931, 3.421, 3.076, 0.0, 2.885, 1.801, 1.674, 2.267, 2.351, 2.285, 2.883, 3.071, 1.691, 1.897, 2.827, 2.042, 2.191, 4.465, 3.685, 4.07, 4.849, 4.379, 2.492, 2.244, 2.061, 3.564, 3.222, 2.882, 3.459, 3.517, 2.594, 2.989, 2.638, 4.599, 6.189, 4.182, 4.594, 4.369, 2.376, 3.71, 4.787, 3.396, 1.95, 2.73, 3.734, 2.632, 3.006, 2.928, 1.694, 1.862, 2.056, 2.754, 3.046, 3.395, 4.413, 4.024, 4.271, 5.508, 5.687, 8.296, 9.207, 10.456, 11.817, 12.241, 12.233, 13.424, 13.469, 12.578, 10.835, 9.858, 7.362], [2.85, 2.534, 2.129, 2.454, 4.611, 6.068, 4.124, 4.526, 6.562, 8.007, 9.524, 10.98, 11.579, 13.709, 16.047, 17.146, 15.998, 14.368, 13.88, 14.251, 15.343, 16.129, 16.248, 17.246, 17.752, 16.987, 18.299, 19.973, 17.807, 16.513, 15.186, 9.801, 8.457, 8.863, 6.249, 2.484, 3.178, 4.463, 5.588, 5.651, 2.885, 0.0, 2.678, 3.612, 2.417, 3.852, 3.525, 1.694, 1.384, 2.645, 2.799, 4.186, 2.703, 4.089, 6.7, 5.792, 6.296, 6.985, 6.557, 4.941, 4.367, 3.477, 2.803, 1.927, 2.445, 2.046, 2.245, 2.826, 3.398, 3.014, 3.005, 4.86, 3.658, 3.607, 3.151, 2.529, 2.717, 3.711, 2.297, 1.968, 1.789, 1.973, 2.136, 2.393, 1.691, 2.648, 2.458, 3.195, 4.863, 5.105, 5.426, 6.873, 6.361, 6.378, 8.163, 8.293, 10.946, 11.843, 13.102, 14.492, 14.813, 14.841, 16.068, 16.15, 15.184, 13.205, 12.07, 9.513], [4.405, 3.883, 3.409, 2.193, 3.789, 4.421, 3.749, 3.865, 4.138, 5.584, 7.088, 8.598, 9.252, 11.43, 13.77, 14.798, 13.679, 11.983, 11.484, 11.91, 12.951, 13.722, 13.856, 14.853, 15.359, 14.591, 15.912, 17.577, 15.417, 14.126, 12.789, 7.514, 6.061, 6.489, 4.238, 2.649, 2.076, 2.431, 3.608, 3.326, 1.801, 2.678, 0.0, 1.568, 1.826, 2.036, 1.688, 2.72, 3.049, 2.476, 2.747, 4.08, 3.149, 3.033, 4.58, 4.039, 4.247, 5.086, 4.644, 2.906, 2.425, 3.305, 4.628, 3.266, 3.429, 3.518, 4.172, 3.797, 4.275, 3.761, 4.574, 6.42, 5.149, 5.084, 4.638, 3.466, 3.976, 5.176, 3.787, 2.645, 2.531, 3.604, 2.797, 3.556, 3.101, 2.242, 2.814, 3.097, 3.429, 3.572, 3.506, 4.587, 4.293, 4.379, 5.701, 5.863, 8.527, 9.449, 10.73, 12.1, 12.504, 12.442, 13.648, 13.783, 12.895, 11.069, 10.118, 7.526], [4.783, 3.482, 3.611, 2.019, 3.547, 4.23, 3.569, 3.574, 3.418, 4.861, 6.266, 7.853, 8.474, 10.461, 12.948, 14.051, 12.934, 11.236, 10.735, 11.136, 12.219, 12.99, 13.105, 14.103, 14.609, 13.84, 15.167, 16.826, 14.685, 13.347, 12.037, 6.681, 5.372, 5.709, 3.236, 3.178, 2.721, 2.073, 2.722, 2.544, 1.674, 3.612, 1.568, 0.0, 2.294, 1.647, 1.582, 3.501, 3.671, 2.277, 2.571, 3.659, 2.688, 2.407, 3.62, 3.365, 3.575, 4.415, 4.243, 2.196, 2.299, 2.927, 4.313, 3.699, 3.373, 4.056, 4.013, 3.414, 3.956, 3.538, 5.436, 6.926, 5.134, 5.418, 5.234, 3.341, 4.608, 5.708, 4.333, 2.789, 3.604, 4.502, 3.405, 3.804, 3.547, 2.157, 2.49, 2.755, 2.935, 3.066, 2.884, 3.859, 3.311, 3.461, 4.889, 5.16, 7.801, 8.722, 10.003, 11.368, 11.688, 11.663, 12.885, 13.014, 12.09, 10.194, 9.226, 6.572], [4.188, 3.717, 2.659, 2.136, 4.392, 5.338, 4.2, 4.357, 5.467, 6.911, 8.359, 9.915, 10.512, 12.371, 14.9, 16.044, 14.899, 13.292, 12.805, 13.161, 14.26, 15.051, 15.177, 16.165, 16.671, 15.912, 17.224, 18.897, 16.732, 15.321, 14.011, 8.528, 7.275, 7.713, 4.717, 1.658, 2.143, 3.026, 4.35, 4.49, 2.267, 2.417, 1.826, 2.294, 0.0, 2.282, 1.976, 1.635, 2.121, 1.996, 2.478, 4.395, 2.265, 2.906, 5.274, 4.349, 4.888, 5.665, 5.565, 3.458, 3.058, 3.17, 4.006, 2.596, 2.842, 2.527, 3.21, 3.785, 4.311, 3.745, 4.371, 5.93, 4.918, 4.716, 4.278, 3.353, 3.865, 4.728, 3.503, 2.377, 2.26, 3.259, 2.767, 3.101, 2.209, 1.956, 2.443, 3.16, 3.75, 3.928, 3.885, 5.479, 5.123, 4.984, 6.966, 7.129, 9.856, 10.773, 12.039, 13.429, 13.75, 13.725, 14.947, 15.041, 13.966, 11.907, 10.644, 8.088], [5.656, 4.494, 3.976, 2.248, 3.919, 4.591, 3.87, 3.903, 3.662, 5.109, 6.538, 8.071, 8.667, 10.495, 13.066, 14.208, 13.054, 11.451, 10.981, 11.328, 12.416, 13.204, 13.334, 14.324, 14.842, 14.07, 15.393, 17.063, 14.891, 13.465, 12.194, 6.719, 5.483, 5.912, 2.808, 2.877, 2.354, 1.763, 2.519, 2.698, 2.351, 3.852, 2.036, 1.647, 2.282, 0.0, 1.136, 3.285, 3.612, 2.89, 3.492, 4.209, 2.998, 2.406, 3.619, 2.781, 3.209, 4.115, 4.38, 2.939, 2.961, 3.759, 5.05, 3.996, 3.133, 4.205, 4.311, 4.394, 4.75, 4.562, 6.189, 7.831, 6.191, 6.4, 6.14, 4.373, 5.352, 6.653, 5.118, 3.298, 4.12, 5.182, 4.242, 4.729, 3.811, 2.62, 3.0, 3.191, 2.939, 2.868, 2.675, 4.182, 3.684, 3.578, 5.159, 5.327, 8.049, 8.951, 10.199, 11.588, 11.911, 11.891, 13.143, 13.216, 12.16, 10.08, 8.763, 6.206], [5.127, 4.17, 3.879, 2.341, 4.113, 4.726, 3.933, 3.925, 3.773, 5.224, 6.69, 8.232, 8.835, 10.668, 13.234, 14.387, 13.244, 11.629, 11.144, 11.496, 12.593, 13.373, 13.504, 14.499, 15.005, 14.244, 15.557, 17.233, 15.064, 13.632, 12.338, 6.816, 5.562, 6.034, 3.001, 2.752, 2.355, 1.965, 2.712, 2.933, 2.285, 3.525, 1.688, 1.582, 1.976, 1.136, 0.0, 3.045, 3.278, 2.386, 3.083, 4.197, 2.781, 2.31, 3.737, 3.032, 3.289, 4.289, 4.483, 2.792, 2.713, 3.551, 4.665, 3.743, 3.454, 3.907, 3.955, 4.151, 4.568, 4.143, 5.772, 7.22, 5.761, 5.769, 5.541, 4.008, 5.032, 6.035, 4.701, 3.239, 3.751, 4.776, 3.781, 4.125, 3.389, 2.134, 2.895, 3.139, 3.044, 3.08, 2.983, 4.317, 3.825, 3.714, 5.255, 5.436, 8.162, 9.079, 10.346, 11.735, 12.062, 12.05, 13.286, 13.38, 12.301, 10.227, 8.98, 6.461], [3.445, 3.011, 2.051, 2.049, 4.403, 5.921, 3.977, 4.321, 6.594, 8.077, 9.585, 11.097, 11.693, 13.711, 16.119, 17.252, 16.084, 14.497, 14.008, 14.364, 15.462, 16.252, 16.363, 17.371, 17.878, 17.106, 18.421, 20.096, 17.925, 16.593, 15.295, 9.748, 8.461, 8.95, 5.742, 1.286, 2.496, 4.199, 5.53, 5.706, 2.883, 1.694, 2.72, 3.501, 1.635, 3.285, 3.045, 0.0, 1.016, 2.139, 2.375, 4.129, 2.118, 3.781, 6.579, 5.402, 6.065, 6.49, 6.507, 4.5, 3.954, 3.19, 3.305, 1.873, 1.937, 1.531, 2.32, 3.204, 3.803, 3.087, 3.48, 5.193, 4.135, 4.006, 3.496, 2.882, 3.187, 4.263, 2.876, 2.067, 1.801, 2.358, 1.91, 2.449, 1.413, 1.838, 1.995, 2.779, 4.212, 4.55, 4.919, 6.483, 5.979, 5.982, 8.011, 8.25, 10.991, 11.912, 13.193, 14.581, 14.91, 14.967, 16.205, 16.248, 15.215, 13.168, 11.768, 9.325], [2.892, 2.479, 1.793, 2.338, 4.535, 6.147, 4.05, 4.538, 6.819, 8.298, 9.806, 11.319, 11.915, 13.902, 16.343, 17.484, 16.335, 14.716, 14.226, 14.59, 15.68, 16.473, 16.588, 17.589, 18.096, 17.33, 18.644, 20.319, 18.15, 16.802, 15.499, 9.947, 8.67, 9.171, 6.019, 1.787, 3.029, 4.602, 5.77, 5.92, 3.071, 1.384, 3.049, 3.671, 2.121, 3.612, 3.278, 1.016, 0.0, 2.243, 2.405, 4.113, 2.195, 3.939, 6.781, 5.664, 6.322, 6.784, 6.72, 4.652, 4.112, 3.113, 2.674, 1.469, 2.059, 1.43, 1.854, 2.665, 3.242, 2.746, 3.045, 4.764, 3.564, 3.533, 3.042, 2.559, 2.826, 3.879, 2.408, 1.921, 1.955, 1.947, 1.694, 2.128, 1.103, 1.994, 1.979, 2.817, 4.303, 4.736, 5.037, 6.626, 6.131, 6.203, 8.227, 8.476, 11.217, 12.137, 13.419, 14.807, 15.135, 15.189, 16.425, 16.474, 15.414, 13.373, 12.075, 9.616], [3.517, 2.504, 2.564, 2.015, 3.66, 4.392, 3.281, 3.163, 4.772, 6.217, 7.708, 9.218, 9.829, 11.802, 14.236, 15.405, 14.34, 12.77, 12.234, 12.513, 13.598, 14.359, 14.496, 15.502, 16.009, 15.239, 16.554, 18.229, 16.059, 14.692, 13.399, 7.844, 6.726, 7.052, 4.371, 2.314, 3.07, 3.76, 4.197, 4.012, 1.691, 2.645, 2.476, 2.277, 1.996, 2.89, 2.386, 2.139, 2.243, 0.0, 1.5, 3.051, 1.437, 2.14, 4.721, 4.005, 4.439, 5.163, 4.648, 2.688, 2.097, 1.758, 2.637, 2.678, 2.762, 2.681, 2.629, 2.363, 2.917, 2.279, 4.07, 5.678, 3.574, 3.806, 3.804, 1.952, 3.384, 4.331, 3.231, 1.974, 2.618, 3.267, 2.181, 2.041, 2.16, 1.365, 1.932, 2.155, 2.656, 3.093, 3.504, 4.762, 4.234, 4.586, 6.148, 6.569, 9.13, 10.051, 11.42, 12.77, 13.056, 13.07, 14.307, 14.405, 13.338, 11.369, 10.31, 7.945], [3.134, 2.266, 2.168, 2.012, 3.154, 4.321, 2.811, 2.798, 5.003, 6.441, 7.811, 9.46, 10.061, 12.047, 14.596, 15.678, 14.553, 12.94, 12.38, 12.804, 13.774, 14.541, 14.676, 15.68, 16.187, 15.405, 16.742, 18.393, 16.238, 14.817, 13.553, 8.186, 6.882, 7.275, 4.958, 2.455, 3.653, 4.221, 4.768, 4.347, 1.897, 2.799, 2.747, 2.571, 2.478, 3.492, 3.083, 2.375, 2.405, 1.5, 0.0, 2.453, 1.658, 2.625, 5.073, 4.438, 4.944, 5.799, 5.033, 2.66, 2.287, 1.824, 2.472, 2.393, 2.628, 2.69, 2.595, 1.817, 2.311, 1.941, 3.784, 5.367, 3.176, 3.561, 3.48, 1.979, 3.349, 4.321, 2.936, 1.984, 2.506, 2.942, 1.858, 1.817, 2.236, 1.524, 1.635, 1.737, 2.828, 3.18, 3.963, 5.101, 4.663, 5.092, 6.411, 6.751, 9.34, 10.27, 11.594, 12.981, 13.332, 13.275, 14.442, 14.68, 13.712, 11.876, 10.934, 8.428], [4.298, 3.122, 3.638, 2.893, 2.71, 3.379, 2.011, 1.655, 4.43, 5.637, 6.766,