[[0.0, 1.266, 2.033, 4.369, 7.853, 8.105, 6.871, 8.681, 12.373, 13.004, 11.323, 10.135, 10.319, 10.158, 7.023, 6.71, 7.047, 6.895, 7.454, 8.957, 11.325, 9.626, 7.715, 7.9, 8.409, 9.59, 12.26, 12.205, 11.395, 10.878, 10.82, 10.127, 8.418, 6.459, 5.161, 4.336, 4.16, 4.891, 5.052, 4.988, 5.6, 6.356, 6.463, 6.177, 5.443, 4.999, 5.039, 3.425, 2.399, 1.437, 1.759, 1.602, 1.45, 2.067, 3.174, 3.348, 2.201, 2.114, 5.692, 9.642, 11.589, 10.693, 11.448, 13.132, 11.952, 10.435, 10.818, 9.842, 8.358, 8.651, 9.995, 9.55, 8.667, 8.366, 7.89, 8.498, 8.436, 7.731, 7.425, 8.208, 7.681, 7.689, 8.904, 9.895, 9.883, 9.821, 9.674, 8.082, 7.646, 8.975, 10.767, 10.782, 11.386, 14.211, 14.873, 11.632, 11.34, 10.94, 10.255, 11.072, 12.177, 13.359, 14.938, 16.183, 16.013, 15.524, 14.357, 13.613, 13.422, 13.834, 13.542, 12.388, 10.94, 9.915, 6.992, 6.044, 8.205, 11.355, 12.303, 13.013, 14.471, 13.901, 9.613, 6.984, 7.623, 8.02, 7.356, 6.432, 5.845, 5.394, 4.839, 4.175, 4.243, 5.016, 5.841, 5.095, 4.237, 4.535, 7.442, 11.565, 12.141, 9.502, 8.427, 7.661, 6.299, 6.013, 6.906, 8.837, 10.602, 12.633, 14.378, 15.142, 16.6, 17.216, 17.283, 16.594, 16.111, 15.442, 13.523, 10.748, 10.467, 9.443, 8.013, 7.378, 5.847, 5.103, 5.626, 5.205, 3.554, 3.09, 2.88, 2.336, 1.708, 2.499, 2.392, 1.598, 1.884, 2.589, 3.212, 3.262, 3.257, 2.939, 2.335, 2.513, 2.56, 2.859, 3.882, 4.22, 4.894, 5.924, 5.667, 3.964, 3.255, 3.255, 2.035, 4.483, 4.963, 4.812, 3.856, 2.359, 2.402, 2.277, 3.137, 2.379, 2.746, 3.269], [1.266, 0.0, 1.913, 4.681, 8.741, 8.982, 7.693, 9.546, 13.293, 13.838, 12.069, 10.983, 11.164, 11.071, 7.901, 7.613, 7.903, 7.679, 8.358, 9.838, 12.258, 10.497, 8.539, 8.747, 9.259, 10.477, 13.194, 13.14, 12.284, 11.785, 11.743, 11.047, 9.312, 7.376, 5.988, 5.201, 4.998, 5.711, 5.861, 5.717, 6.431, 7.223, 7.318, 7.063, 6.34, 5.817, 5.493, 3.761, 2.583, 1.816, 1.741, 1.628, 1.843, 2.011, 2.825, 2.995, 2.112, 2.914, 6.526, 10.552, 12.513, 11.596, 12.359, 14.066, 12.886, 11.335, 11.742, 10.763, 9.211, 9.547, 10.876, 10.291, 9.461, 9.125, 8.599, 9.2, 9.169, 8.375, 8.282, 9.095, 8.555, 8.581, 9.805, 10.685, 10.618, 10.592, 10.522, 8.87, 8.41, 9.874, 11.689, 11.713, 12.298, 15.131, 15.8, 12.559, 12.261, 11.873, 11.141, 11.95, 13.074, 14.281, 15.855, 17.11, 16.926, 16.459, 15.22, 14.479, 14.295, 14.759, 14.463, 13.29, 11.794, 10.728, 7.882, 6.918, 9.114, 12.275, 13.223, 13.928, 15.388, 14.757, 10.529, 7.865, 8.459, 8.882, 8.24, 7.295, 6.621, 6.242, 5.369, 4.469, 4.448, 5.463, 6.006, 5.521, 4.973, 5.232, 8.311, 12.397, 13.025, 10.427, 9.347, 8.536, 7.18, 6.878, 7.822, 9.763, 11.537, 13.568, 15.312, 16.062, 17.533, 18.15, 18.214, 17.514, 17.042, 16.297, 14.436, 11.598, 11.351, 10.255, 8.73, 8.069, 6.406, 5.384, 5.932, 5.588, 3.852, 3.384, 3.314, 2.799, 1.896, 2.186, 2.141, 1.915, 2.275, 3.098, 3.751, 4.139, 4.113, 3.736, 3.247, 3.399, 3.408, 3.682, 4.608, 4.974, 5.562, 6.771, 6.503, 4.632, 3.754, 3.594, 2.492, 3.929, 4.583, 4.524, 3.659, 2.339, 2.616, 3.056, 4.102, 3.274, 2.968, 3.666], [2.033, 1.913, 0.0, 3.217, 7.37, 7.594, 6.431, 8.195, 11.917, 12.465, 10.684, 9.592, 9.793, 9.698, 6.532, 6.244, 6.514, 6.258, 6.983, 8.463, 10.88, 9.103, 7.095, 7.307, 7.848, 9.102, 11.819, 11.758, 10.918, 10.402, 10.365, 9.669, 7.93, 6.006, 5.056, 4.69, 4.553, 4.767, 5.028, 5.068, 5.424, 6.056, 6.045, 5.892, 5.05, 4.408, 4.034, 2.414, 1.678, 1.958, 2.11, 2.213, 2.636, 3.334, 3.955, 4.104, 2.992, 2.578, 5.203, 9.183, 11.134, 10.219, 10.979, 12.69, 11.51, 9.955, 10.383, 9.383, 7.832, 8.149, 9.473, 8.73, 8.028, 7.694, 7.164, 7.834, 7.776, 6.831, 6.902, 7.714, 7.174, 7.203, 8.424, 9.303, 9.262, 9.236, 9.155, 7.433, 6.98, 8.497, 10.33, 10.338, 10.917, 13.752, 14.421, 11.177, 10.905, 10.505, 9.771, 10.609, 11.714, 12.924, 14.503, 15.732, 15.551, 15.089, 13.894, 13.15, 12.954, 13.399, 13.093, 11.914, 10.413, 9.352, 6.517, 5.539, 7.727, 10.894, 11.841, 12.549, 14.009, 13.375, 9.147, 6.458, 7.066, 7.511, 6.862, 5.882, 5.231, 4.817, 3.871, 3.391, 3.452, 3.894, 4.537, 4.186, 4.115, 4.481, 6.93, 11.03, 11.668, 9.05, 7.977, 7.253, 6.002, 5.587, 6.47, 8.388, 10.166, 12.198, 13.932, 14.69, 16.158, 16.777, 16.837, 16.15, 15.676, 14.972, 13.056, 10.22, 9.969, 8.875, 7.359, 6.694, 4.883, 3.597, 4.154, 4.2, 2.825, 2.382, 2.275, 1.604, 2.097, 3.357, 3.444, 2.79, 3.495, 4.299, 4.994, 4.939, 4.251, 3.254, 3.054, 3.165, 3.058, 2.869, 4.029, 4.642, 4.629, 5.378, 5.157, 3.57, 3.327, 3.052, 2.88, 4.933, 5.488, 5.703, 4.791, 3.27, 3.27, 3.052, 3.567, 3.126, 3.529, 3.837], [4.369, 4.681, 3.217, 0.0, 4.406, 4.688, 4.07, 5.376, 8.947, 9.487, 7.75, 6.651, 6.808, 6.727, 3.9, 4.027, 4.318, 4.32, 4.46, 5.684, 7.909, 6.191, 4.626, 5.213, 5.548, 6.266, 8.85, 8.786, 7.937, 7.436, 7.394, 6.705, 4.972, 3.573, 4.394, 4.149, 4.462, 3.693, 3.894, 4.399, 4.144, 3.881, 3.8, 3.821, 2.727, 1.848, 1.321, 1.813, 2.685, 3.758, 4.908, 4.936, 5.248, 5.948, 6.729, 7.006, 5.808, 3.123, 3.02, 6.198, 8.164, 7.267, 8.13, 9.724, 8.543, 6.985, 7.406, 6.411, 4.886, 5.166, 6.504, 5.822, 5.137, 4.831, 4.742, 4.973, 5.073, 4.972, 4.501, 4.801, 4.304, 4.536, 5.526, 6.376, 6.253, 6.22, 6.163, 4.781, 4.524, 5.542, 7.398, 7.377, 7.965, 10.778, 11.449, 8.206, 8.053, 7.535, 6.848, 7.687, 8.794, 9.962, 11.543, 12.767, 12.582, 12.122, 10.977, 10.231, 10.03, 10.441, 10.125, 8.945, 7.487, 6.444, 3.61, 2.991, 4.768, 7.925, 8.868, 9.575, 11.043, 10.444, 6.177, 3.699, 4.29, 4.629, 4.289, 3.717, 3.76, 3.328, 3.786, 4.746, 4.003, 3.781, 3.581, 4.076, 4.244, 4.671, 5.006, 8.032, 8.747, 6.417, 5.507, 5.364, 4.795, 4.238, 4.413, 5.709, 7.217, 9.227, 10.967, 11.709, 13.188, 13.809, 13.867, 13.183, 12.705, 12.048, 10.081, 7.241, 6.999, 5.969, 4.469, 3.936, 2.676, 3.145, 3.17, 3.203, 3.39, 3.581, 3.562, 3.701, 4.797, 6.26, 6.364, 5.198, 5.812, 6.253, 7.171, 7.048, 5.33, 3.538, 4.32, 4.478, 4.538, 3.711, 4.029, 4.728, 3.604, 2.996, 3.351, 3.107, 3.57, 3.0, 4.4, 7.578, 8.307, 8.42, 7.564, 5.789, 5.448, 4.576, 3.923, 4.376, 5.581, 5.275], [7.853, 8.741, 7.37, 4.406, 0.0, 1.225, 1.969, 2.394, 4.626, 5.573, 4.619, 5.177, 4.373, 3.149, 3.665, 4.462, 4.623, 4.938, 4.471, 4.956, 4.307, 3.74, 3.95, 4.585, 4.89, 4.634, 5.113, 4.648, 3.842, 3.474, 3.855, 3.446, 2.635, 2.568, 4.504, 5.386, 5.248, 3.863, 4.285, 4.662, 3.684, 2.733, 2.58, 2.58, 2.939, 3.361, 3.943, 5.469, 6.426, 7.559, 8.689, 8.545, 8.505, 9.188, 10.416, 10.728, 9.399, 6.085, 2.851, 2.906, 3.952, 3.622, 4.464, 5.659, 4.217, 3.007, 3.195, 2.553, 1.71, 2.457, 3.456, 4.308, 5.055, 5.227, 5.977, 5.486, 5.253, 5.952, 5.006, 4.015, 3.591, 4.011, 4.531, 4.309, 4.375, 4.659, 4.056, 5.372, 5.475, 4.038, 5.078, 5.084, 5.5, 6.56, 7.139, 4.442, 5.232, 4.197, 3.639, 4.553, 5.104, 5.863, 7.192, 8.407, 8.369, 7.848, 6.703, 5.956, 5.756, 6.166, 5.777, 4.688, 3.552, 2.561, 2.751, 3.1, 2.131, 3.584, 4.583, 5.293, 6.748, 6.234, 3.223, 3.971, 4.029, 3.704, 4.047, 4.806, 5.386, 5.344, 6.389, 7.509, 6.909, 6.394, 6.458, 6.763, 6.531, 6.653, 5.07, 4.158, 4.833, 4.365, 5.017, 5.65, 5.824, 5.334, 4.685, 4.497, 4.539, 5.398, 6.652, 7.432, 8.852, 9.451, 9.522, 8.833, 8.354, 7.759, 5.781, 3.038, 3.174, 3.205, 3.84, 4.412, 4.739, 6.055, 5.705, 5.815, 6.434, 6.745, 6.545, 6.787, 8.198, 9.864, 9.589, 8.414, 8.532, 8.869, 9.359, 9.204, 6.975, 6.206, 6.813, 7.036, 6.899, 6.192, 5.98, 5.62, 3.979, 2.787, 4.267, 5.679, 6.446, 6.544, 8.043, 11.419, 12.135, 11.948, 10.846, 8.559, 7.947, 7.006, 5.748, 6.466, 7.832, 7.167], [8.105, 8.982, 7.594, 4.688, 1.225, 0.0, 1.802, 2.078, 4.472, 5.844, 5.288, 5.611, 4.847, 3.211, 4.181, 4.855, 5.069, 5.357, 4.925, 5.337, 4.819, 4.332, 4.531, 4.952, 5.298, 5.002, 5.576, 4.904, 3.746, 3.484, 4.084, 3.679, 3.303, 2.99, 4.3, 5.511, 5.303, 3.969, 4.253, 4.569, 3.619, 2.959, 2.627, 2.702, 3.277, 3.752, 4.174, 5.673, 6.674, 7.752, 8.936, 8.767, 8.73, 9.396, 10.625, 10.94, 9.635, 6.336, 3.17, 2.838, 3.877, 3.539, 4.279, 5.453, 4.138, 3.171, 3.588, 2.808, 2.175, 3.323, 3.98, 4.774, 5.445, 5.586, 6.378, 5.924, 5.631, 6.412, 5.603, 4.532, 4.177, 4.459, 4.849, 4.507, 4.706, 5.056, 4.519, 5.781, 5.923, 4.408, 5.124, 5.298, 5.878, 6.83, 6.941, 4.095, 5.071, 4.034, 3.651, 4.877, 5.197, 6.05, 7.173, 8.416, 8.382, 7.683, 6.509, 5.755, 5.567, 5.982, 5.623, 4.678, 3.839, 2.903, 3.082, 3.417, 2.687, 3.5, 4.53, 5.188, 6.504, 6.033, 3.74, 4.485, 4.477, 4.193, 4.605, 5.382, 5.951, 5.929, 7.038, 8.084, 7.476, 7.004, 7.065, 7.338, 7.093, 7.248, 5.497, 3.968, 4.709, 4.666, 5.415, 6.137, 6.256, 5.751, 5.257, 4.757, 4.835, 5.654, 6.432, 7.293, 8.626, 9.227, 9.363, 8.676, 8.187, 7.608, 5.548, 2.973, 3.439, 3.839, 4.256, 4.868, 5.358, 6.639, 6.27, 6.382, 6.899, 7.168, 6.779, 7.027, 8.379, 10.041, 9.78, 8.612, 8.708, 9.074, 9.404, 9.22, 7.037, 6.449, 7.098, 7.17, 7.125, 6.395, 6.176, 5.774, 3.879, 3.124, 4.78, 6.137, 6.886, 6.865, 8.35, 11.654, 12.331, 12.136, 11.117, 8.842, 8.146, 7.168, 5.955, 6.772, 8.075, 7.481], [6.871, 7.693, 6.431, 4.07, 1.969, 1.802, 0.0, 2.167, 5.741, 6.999, 6.376, 6.522, 5.583, 3.95, 3.924, 4.519, 4.836, 5.091, 4.712, 5.338, 5.537, 4.934, 4.885, 5.42, 5.846, 5.703, 6.199, 5.794, 4.97, 4.54, 4.787, 4.401, 3.595, 2.411, 3.119, 4.078, 4.02, 2.727, 2.994, 3.065, 2.162, 1.641, 1.506, 1.701, 2.45, 3.343, 3.777, 5.11, 5.794, 6.879, 7.863, 7.531, 7.617, 8.248, 9.454, 9.713, 8.503, 5.444, 2.842, 3.442, 4.914, 4.054, 4.931, 6.47, 5.311, 4.434, 4.551, 3.563, 2.772, 3.987, 5.02, 5.704, 6.053, 6.14, 6.674, 6.452, 6.135, 6.14, 5.272, 4.514, 3.95, 4.23, 5.155, 5.174, 5.62, 5.746, 4.999, 6.103, 6.028, 4.94, 5.647, 6.075, 6.718, 7.637, 8.244, 5.1, 5.049, 4.496, 4.084, 5.374, 5.874, 6.92, 8.267, 9.539, 9.66, 8.899, 7.71, 6.976, 6.805, 7.203, 6.895, 5.826, 4.879, 3.868, 2.842, 3.026, 2.745, 4.687, 5.789, 6.494, 7.846, 7.447, 4.399, 4.281, 4.466, 4.162, 4.451, 5.27, 5.841, 5.778, 6.799, 7.939, 7.324, 6.86, 6.912, 7.195, 6.932, 7.097, 5.548, 5.28, 5.612, 4.44, 5.032, 5.676, 5.763, 5.284, 4.808, 4.76, 5.347, 6.269, 7.783, 8.508, 9.9, 10.504, 10.571, 9.86, 9.394, 8.777, 6.865, 4.354, 4.393, 4.682, 5.034, 5.139, 5.189, 6.48, 6.183, 6.235, 6.702, 6.892, 6.411, 6.144, 7.137, 8.708, 8.375, 7.181, 7.449, 7.588, 7.88, 7.759, 6.098, 5.622, 6.226, 5.927, 5.936, 5.242, 4.682, 4.355, 2.803, 2.832, 4.63, 5.934, 6.604, 6.418, 7.75, 10.995, 11.463, 11.234, 10.108, 7.957, 7.281, 6.275, 5.2, 6.229, 7.411, 6.951], [8.681, 9.546, 8.195, 5.376, 2.394, 2.078, 2.167, 0.0, 4.774, 6.83, 6.335, 6.506, 5.56, 3.525, 4.111, 4.329, 4.312, 4.625, 4.214, 4.706, 4.68, 4.444, 4.746, 5.199, 5.697, 5.428, 5.318, 5.175, 4.429, 3.99, 4.452, 4.358, 3.62, 2.79, 3.865, 5.474, 5.35, 4.263, 4.532, 4.584, 3.52, 2.991, 2.764, 3.055, 3.561, 4.313, 4.844, 6.285, 7.282, 8.403, 9.473, 9.222, 9.284, 9.862, 10.972, 11.263, 10.037, 6.973, 3.629, 2.747, 3.665, 2.976, 3.716, 4.9, 4.207, 4.185, 3.98, 2.937, 3.038, 4.396, 4.843, 5.6, 6.057, 6.129, 6.634, 6.439, 6.007, 5.813, 5.196, 4.538, 4.256, 4.54, 4.829, 4.958, 5.632, 5.703, 4.762, 6.023, 5.866, 4.939, 4.795, 5.654, 6.353, 6.64, 7.029, 3.965, 3.606, 2.85, 3.161, 4.11, 4.808, 5.37, 6.615, 8.179, 8.734, 7.149, 5.904, 5.224, 5.219, 5.509, 5.752, 5.001, 4.683, 3.741, 3.272, 3.731, 2.572, 3.659, 5.357, 5.868, 6.912, 6.499, 4.167, 4.709, 4.642, 4.301, 4.695, 5.688, 6.263, 6.252, 7.281, 8.416, 7.855, 7.258, 7.334, 7.665, 7.464, 7.556, 5.632, 4.887, 4.212, 3.991, 4.414, 5.026, 5.515, 5.328, 4.867, 3.9, 4.484, 5.045, 6.595, 7.289, 8.386, 8.961, 8.986, 8.142, 7.637, 6.995, 5.492, 3.654, 3.869, 4.604, 5.016, 5.071, 5.461, 6.967, 6.591, 6.718, 7.327, 7.525, 7.288, 7.386, 8.49, 10.11, 9.862, 8.827, 9.225, 9.135, 8.926, 8.394, 6.191, 6.303, 7.122, 6.796, 6.578, 6.217, 5.799, 6.14, 4.405, 3.37, 5.154, 6.573, 7.289, 7.327, 8.78, 12.165, 12.882, 12.699, 11.551, 9.152, 7.867, 6.968, 5.807, 6.786, 8.268, 7.27], [12.373, 13.293, 11.917, 8.947, 4.626, 4.472, 5.741, 4.774, 0.0, 3.104, 2.967, 4.556, 4.358, 2.693, 5.524, 6.062, 5.945, 6.215, 5.613, 5.061, 2.952, 3.844, 5.66, 5.407, 4.82, 4.061, 3.127, 2.732, 2.311, 2.481, 3.111, 3.328, 4.25, 6.277, 8.024, 9.41, 9.163, 7.963, 8.272, 8.333, 7.377, 6.426, 6.289, 6.373, 7.027, 7.586, 8.16, 9.883, 10.919, 12.08, 13.245, 13.021, 13.014, 13.679, 14.87, 15.194, 13.881, 10.638, 6.888, 3.084, 1.723, 2.53, 2.325, 2.634, 1.663, 2.372, 2.2, 2.986, 4.252, 3.993, 3.245, 4.237, 5.018, 5.379, 6.227, 5.59, 5.561, 6.559, 6.545, 5.185, 5.153, 5.294, 4.646, 4.098, 4.476, 4.528, 4.147, 5.578, 5.933, 4.651, 3.706, 4.074, 4.178, 3.285, 2.868, 2.6, 4.215, 3.258, 2.915, 3.124, 3.124, 3.09, 3.286, 4.708, 4.843, 3.501, 2.391, 2.059, 1.767, 2.39, 1.895, 2.065, 2.268, 3.058, 5.765, 6.574, 4.744, 1.989, 1.643, 1.985, 2.44, 2.181, 3.82, 6.008, 5.306, 4.853, 5.442, 6.621, 7.183, 7.241, 8.29, 9.426, 9.522, 8.568, 8.239, 8.608, 8.773, 8.681, 6.093, 3.119, 2.723, 4.152, 5.564, 6.717, 7.332, 7.151, 6.116, 4.629, 3.914, 2.808, 2.436, 3.194, 4.368, 4.912, 5.088, 4.426, 4.16, 4.231, 2.967, 1.959, 2.374, 3.317, 4.888, 5.511, 7.487, 9.057, 8.432, 8.456, 9.972, 10.536, 10.371, 10.988, 12.58, 14.207, 13.865, 12.617, 13.053, 13.162, 13.164, 12.869, 10.66, 10.358, 11.002, 11.082, 10.767, 10.355, 10.111, 9.977, 8.178, 6.739, 7.07, 8.958, 9.946, 10.433, 11.982, 15.463, 16.414, 16.203, 15.097, 12.648, 11.681, 10.931, 9.581, 10.652, 12.05, 10.973], [13.004, 13.838, 12.465, 9.487, 5.573, 5.844, 6.999, 6.83, 3.104, 0.0, 1.915, 3.333, 3.529, 3.854, 6.51, 7.31, 7.234, 7.457, 6.755, 5.861, 3.653, 4.799, 6.639, 6.335, 5.64, 4.26, 2.557, 2.251, 2.913, 3.467, 3.108, 3.518, 5.233, 7.435, 9.57, 10.588, 10.346, 8.954, 9.343, 9.676, 8.712, 7.635, 7.52, 7.489, 8.059, 8.121, 8.6, 10.345, 11.394, 12.53, 13.878, 13.795, 13.707, 14.324, 15.634, 15.964, 14.66, 11.189, 7.565, 4.745, 3.996, 4.628, 4.405, 4.721, 3.186, 3.213, 3.336, 4.42, 4.918, 4.539, 3.789, 4.302, 4.743, 5.185, 5.754, 5.268, 5.976, 7.389, 7.198, 5.829, 5.938, 5.953, 5.269, 4.107, 4.039, 4.176, 4.372, 5.876, 6.312, 4.926, 4.588, 3.928, 3.32, 2.48, 2.822, 4.653, 6.446, 5.705, 4.847, 4.078, 3.234, 2.884, 2.783, 3.472, 3.663, 3.17, 4.39, 4.456, 4.121, 4.142, 2.79, 2.443, 2.904, 3.833, 6.732, 7.451, 5.89, 4.044, 2.594, 2.497, 2.763, 2.868, 4.506, 6.763, 6.005, 5.6, 6.111, 6.911, 7.385, 7.777, 8.727, 9.733, 9.865, 9.095, 8.509, 8.799, 9.081, 8.818, 6.513, 3.345, 3.872, 5.058, 6.454, 7.641, 8.372, 8.229, 7.13, 5.63, 4.232, 2.665, 2.195, 3.741, 5.083, 5.688, 5.933, 5.618, 6.14, 6.533, 5.595, 3.696, 3.267, 3.915, 5.312, 5.945, 8.003, 9.504, 8.809, 8.778, 10.382, 11.052, 10.979, 11.898, 13.562, 15.217, 14.918, 13.629, 13.775, 14.31, 14.604, 14.431, 12.139, 11.494, 12.079, 12.32, 12.028, 11.491, 11.406, 11.002, 9.029, 7.601, 7.511, 9.375, 10.392, 10.888, 12.464, 15.815, 16.809, 16.621, 15.785, 13.574, 12.997, 12.244, 10.748, 11.512, 12.91, 12.051], [11.323, 12.069, 10.684, 7.75, 4.619, 5.288, 6.376, 6.335, 2.967, 1.915, 0.0, 2.373, 2.501, 3.015, 5.107, 6.127, 5.912, 6.098, 5.352, 4.566, 3.051, 3.451, 5.104, 4.859, 4.159, 3.117, 2.519, 2.249, 2.403, 2.822, 2.504, 2.719, 3.875, 6.012, 8.903, 9.216, 9.166, 7.882, 8.39, 8.872, 7.889, 6.595, 6.512, 6.667, 6.5, 6.462, 6.858, 8.559, 9.612, 10.749, 12.178, 12.126, 12.028, 12.678, 13.987, 14.307, 12.997, 9.533, 6.553, 4.189, 3.731, 4.169, 4.268, 4.621, 2.941, 2.508, 2.676, 3.678, 4.001, 3.155, 2.412, 2.847, 3.252, 3.742, 4.381, 3.756, 4.398, 6.06, 5.675, 4.45, 4.36, 4.793, 4.158, 3.413, 3.007, 2.825, 3.096, 4.244, 4.764, 3.739, 4.025, 3.361, 2.94, 3.288, 3.878, 4.299, 5.922, 5.186, 4.249, 3.505, 3.027, 3.103, 3.993, 5.185, 5.049, 4.613, 4.355, 4.414, 3.999, 4.125, 3.045, 2.387, 2.097, 3.046, 5.537, 5.897, 4.509, 3.776, 2.499, 2.779, 3.547, 3.439, 3.085, 5.25, 4.556, 4.101, 4.66, 5.286, 5.825, 6.1, 7.097, 8.064, 8.136, 7.451, 6.723, 7.035, 7.447, 7.122, 5.115, 3.265, 3.736, 4.293, 5.508, 6.562, 7.248, 7.126, 5.883, 4.53, 3.53, 2.729, 3.377, 4.545, 5.938, 6.418, 6.707, 6.171, 6.416, 6.811, 5.504, 3.317, 2.704, 2.485, 3.652, 4.313, 6.335, 7.781, 7.061, 7.013, 8.628, 9.407, 9.344, 10.211, 11.88, 13.535, 13.253, 11.948, 12.243, 12.818, 13.476, 13.363, 11.112, 9.857, 10.449, 10.879, 10.5, 9.897, 9.879, 9.742, 8.006, 6.182, 6.159, 7.629, 8.598, 9.091, 10.734, 14.079, 15.064, 14.911, 14.044, 11.946, 11.516, 10.828, 9.474, 9.977, 11.355, 10.662], [10.135, 10.983, 9.592, 6.651, 5.177, 5.611, 6.522, 6.506, 4.556, 3.333, 2.373, 0.0, 1.766, 3.192, 3.926, 4.77, 4.515, 4.583, 4.018, 3.04, 3.029, 2.77, 3.621, 3.419, 2.726, 1.725, 2.719, 2.748, 2.898, 3.222, 2.452, 2.335, 3.36, 5.768, 8.367, 8.094, 8.44, 7.485, 7.689, 8.16, 7.625, 6.787, 6.525, 6.387, 5.541, 5.473, 5.817, 7.487, 8.542, 9.669, 10.983, 10.891, 10.796, 11.461, 12.762, 13.083, 11.764, 8.367, 6.225, 3.996, 4.682, 4.729, 4.785, 5.156, 3.905, 3.467, 3.671, 4.098, 4.504, 4.199, 3.452, 2.171, 1.838, 2.196, 2.71, 2.273, 2.9, 4.414, 4.136, 3.284, 3.36, 3.734, 2.722, 2.379, 2.049, 1.924, 2.498, 2.898, 3.35, 2.538, 2.714, 1.938, 1.714, 4.327, 4.948, 4.319, 5.844, 5.255, 4.01, 3.047, 2.962, 3.684, 5.134, 6.343, 6.237, 5.82, 5.729, 5.783, 5.225, 5.183, 4.016, 3.366, 3.204, 4.001, 4.6, 4.943, 4.459, 4.72, 3.985, 4.361, 5.111, 4.803, 2.828, 3.801, 3.197, 2.963, 3.461, 4.076, 4.663, 4.934, 5.883, 6.86, 6.98, 6.24, 5.571, 5.89, 6.29, 5.951, 3.749, 3.405, 3.728, 3.663, 4.238, 5.151, 5.959, 5.821, 4.758, 3.581, 2.642, 3.014, 4.818, 6.364, 7.532, 8.184, 8.408, 7.935, 8.138, 8.334, 6.567, 4.242, 3.069, 2.4, 2.481, 3.187, 5.137, 6.611, 5.935, 5.862, 7.513, 8.183, 8.102, 8.962, 10.635, 12.297, 11.927, 10.668, 10.894, 11.384, 12.14, 12.009, 9.926, 8.475, 9.128, 9.408, 9.058, 8.487, 8.566, 9.081, 8.054, 5.807, 5.116, 6.537, 7.598, 8.014, 9.603, 12.923, 13.917, 13.723, 12.841, 10.585, 10.006, 9.328, 8.175, 8.782, 10.09, 9.322], [10.319, 11.164, 9.793, 6.808, 4.373, 4.847, 5.583, 5.56, 4.358, 3.529, 2.501, 1.766, 0.0, 2.261, 3.854, 4.775, 4.534, 4.724, 4.037, 2.862, 2.422, 2.241, 3.689, 3.41, 2.923, 2.04, 2.434, 2.454, 2.459, 2.341, 1.702, 1.822, 2.876, 5.079, 7.939, 7.949, 8.214, 7.035, 7.555, 7.914, 6.98, 6.002, 5.627, 5.799, 5.285, 5.478, 5.991, 7.72, 8.748, 9.903, 11.086, 10.903, 10.885, 11.502, 12.715, 13.026, 11.736, 8.501, 5.707, 3.44, 3.799, 3.633, 3.882, 4.168, 3.465, 2.668, 3.162, 3.175, 3.661, 3.466, 2.555, 1.975, 2.013, 2.417, 2.856, 2.402, 2.662, 4.291, 3.897, 2.995, 3.162, 3.538, 2.6, 2.433, 1.938, 1.371, 1.789, 2.755, 3.126, 2.277, 2.761, 1.967, 2.105, 4.008, 4.721, 3.224, 4.848, 4.339, 3.213, 2.702, 2.581, 3.311, 4.794, 6.005, 5.882, 5.534, 5.485, 5.349, 4.906, 4.704, 3.734, 2.926, 2.628, 3.463, 4.276, 4.715, 3.629, 4.1, 3.722, 4.095, 5.017, 4.655, 1.995, 3.826, 3.218, 2.677, 3.439, 4.026, 4.829, 5.058, 6.023, 7.118, 7.325, 6.378, 5.745, 5.995, 6.457, 6.18, 3.557, 2.254, 2.738, 2.878, 3.902, 4.86, 5.838, 5.729, 4.585, 3.212, 2.264, 3.006, 4.964, 6.42, 7.671, 8.249, 8.378, 7.811, 7.917, 7.821, 6.065, 3.688, 2.818, 2.19, 2.888, 3.279, 5.187, 6.77, 6.111, 6.097, 7.676, 8.239, 8.111, 8.988, 10.61, 12.262, 12.002, 10.721, 10.995, 11.469, 12.166, 12.034, 9.945, 8.591, 9.164, 9.543, 9.203, 8.589, 8.574, 8.745, 7.235, 5.322, 5.18, 6.691, 7.72, 8.238, 9.808, 13.259, 14.238, 14.036, 13.009, 10.757, 10.211, 9.513, 8.199, 8.71, 10.054, 9.314], [10.158, 11.071, 9.698, 6.727, 3.149, 3.211, 3.95, 3.525, 2.693, 3.854, 3.015, 3.192, 2.261, 0.0, 3.222, 3.815, 3.642, 3.837, 3.32, 2.774, 2.112, 1.867, 3.376, 3.096, 2.777, 2.274, 2.695, 2.395, 1.672, 1.372, 1.396, 1.391, 2.112, 3.929, 6.21, 7.14, 6.839, 5.752, 6.186, 6.567, 5.413, 4.539, 4.318, 4.359, 4.781, 5.362, 5.911, 7.638, 8.691, 9.819, 10.974, 10.739, 10.774, 11.397, 12.56, 12.901, 11.606, 8.373, 4.832, 1.513, 2.206, 1.945, 2.499, 3.222, 2.138, 1.437, 1.696, 1.328, 2.469, 2.944, 2.424, 2.611, 2.975, 3.329, 4.014, 3.475, 3.382, 4.386, 4.21, 2.898, 2.812, 3.121, 2.655, 2.266, 2.605, 2.612, 2.041, 3.324, 3.688, 2.492, 2.475, 2.509, 3.25, 4.387, 4.948, 2.219, 3.335, 2.482, 1.807, 2.058, 2.498, 3.424, 4.879, 6.113, 6.065, 5.52, 4.407, 3.831, 3.538, 3.891, 3.534, 2.482, 1.574, 2.052, 3.426, 4.237, 2.476, 2.379, 2.493, 3.139, 4.517, 4.197, 1.855, 3.569, 2.99, 2.677, 3.279, 4.403, 4.981, 5.112, 6.214, 7.275, 7.351, 6.34, 5.975, 6.318, 6.486, 6.487, 3.835, 2.182, 2.213, 2.203, 3.471, 4.583, 5.014, 4.854, 3.761, 2.492, 2.01, 2.923, 4.431, 5.265, 6.633, 7.225, 7.398, 6.682, 6.368, 6.119, 4.28, 2.147, 1.529, 1.757, 2.84, 3.231, 5.121, 6.71, 6.074, 6.096, 7.607, 8.203, 8.017, 8.741, 10.25, 11.874, 11.536, 10.323, 10.714, 10.831, 11.029, 10.854, 8.592, 7.998, 8.67, 8.746, 8.431, 7.974, 7.784, 7.72, 6.203, 4.467, 4.753, 6.651, 7.678, 8.182, 9.756, 13.171, 14.151, 13.941, 12.89, 10.446, 9.448, 8.697, 7.301, 8.322, 9.718, 8.627], [7.023, 7.901, 6.532, 3.9, 3.665, 4.181, 3.924, 4.111, 5.524, 6.51, 5.107, 3.926, 3.854, 3.222, 0.0, 1.249, 1.577, 1.634, 1.456, 2.361, 4.398, 2.916, 2.183, 2.364, 2.782, 2.936, 5.326, 5.313, 4.467, 4.134, 3.985, 3.412, 1.856, 2.605, 4.685, 4.607, 4.839, 4.166, 4.469, 4.944, 4.561, 4.16, 3.989, 3.926, 2.977, 2.724, 3.305, 4.517, 5.541, 6.702, 7.845, 7.615, 7.609, 8.256, 9.411, 9.759, 8.507, 5.252, 2.931, 3.153, 4.673, 3.839, 4.638, 6.309, 5.084, 3.755, 3.995, 3.058, 2.888, 3.115, 3.69, 3.699, 3.0, 2.987, 3.054, 3.256, 3.019, 2.473, 1.756, 1.57, 1.306, 1.481, 2.199, 3.343, 3.62, 3.659, 3.133, 2.757, 2.458, 2.294, 3.891, 3.946, 4.684, 7.336, 8.047, 4.803, 4.442, 4.101, 3.403, 4.202, 5.327, 6.481, 8.003, 9.253, 9.114, 8.667, 7.51, 6.777, 6.576, 6.974, 6.568, 5.47, 4.258, 3.402, 2.048, 2.211, 2.569, 4.618, 5.504, 6.202, 7.64, 7.253, 2.881, 1.355, 1.283, 1.605, 1.269, 1.84, 2.358, 2.397, 3.437, 4.587, 4.379, 3.405, 3.43, 3.796, 3.788, 3.779, 1.948, 4.844, 5.306, 2.728, 2.039, 2.668, 2.967, 2.57, 1.683, 2.09, 3.844, 5.759, 7.61, 8.262, 9.73, 10.338, 10.355, 9.665, 9.247, 8.73, 6.874, 4.355, 3.873, 2.98, 2.462, 1.876, 2.189, 3.716, 3.139, 3.232, 4.646, 5.201, 5.031, 5.638, 7.13, 8.792, 8.452, 7.247, 7.606, 7.863, 8.42, 8.259, 6.127, 5.01, 5.619, 5.876, 5.564, 5.002, 5.018, 5.541, 4.905, 2.666, 2.042, 3.684, 4.662, 5.099, 6.648, 10.118, 11.054, 10.847, 9.742, 7.36, 6.618, 5.864, 4.555, 5.163, 6.567, 5.67], [6.71, 7.613, 6.244, 4.027, 4.462, 4.855, 4.519, 4.329, 6.062, 7.31, 6.127, 4.77, 4.775, 3.815, 1.249, 0.0, 1.296, 1.438, 1.463, 2.671, 4.855, 3.382, 2.438, 2.631, 2.974, 3.536, 5.673, 5.946, 5.206, 4.782, 4.643, 4.129, 2.567, 2.901, 4.569, 4.726, 4.879, 4.386, 4.564, 4.977, 4.642, 4.376, 4.207, 4.173, 3.405, 3.335, 3.948, 4.295, 5.276, 6.435, 7.521, 7.275, 7.328, 7.915, 9.05, 9.364, 8.117, 5.018, 3.208, 3.557, 5.093, 4.288, 5.13, 6.69, 5.529, 4.538, 4.726, 3.532, 3.818, 4.089, 4.6, 4.675, 3.851, 3.679, 3.406, 3.861, 3.395, 2.334, 1.912, 2.168, 2.106, 1.889, 2.759, 3.967, 4.497, 4.546, 3.9, 3.292, 2.773, 3.146, 4.235, 4.374, 5.134, 7.749, 8.512, 5.264, 4.717, 4.419, 3.837, 4.525, 5.656, 6.759, 8.291, 9.561, 9.568, 8.979, 7.796, 7.066, 6.911, 7.296, 6.931, 5.953, 4.928, 4.016, 2.404, 2.535, 3.158, 5.057, 6.117, 6.712, 8.12, 7.752, 3.585, 1.853, 1.917, 2.297, 2.004, 2.089, 2.384, 2.412, 3.28, 4.444, 4.29, 3.212, 3.208, 3.55, 3.574, 3.607, 2.381, 5.566, 5.616, 3.112, 2.042, 2.394, 2.454, 1.858, 1.598, 2.285, 4.271, 6.079, 8.039, 8.708, 10.178, 10.789, 10.759, 9.992, 9.61, 9.088, 7.339, 4.858, 4.493, 3.836, 3.002, 2.431, 2.039, 3.343, 2.982, 2.981, 4.255, 4.713, 4.657, 5.307, 6.644, 8.298, 8.015, 6.918, 7.276, 7.348, 7.561, 7.337, 5.25, 4.426, 5.128, 5.176, 4.935, 4.474, 4.92, 5.64, 5.253, 3.096, 2.204, 3.415, 4.412, 4.817, 6.311, 9.8, 10.78, 10.551, 9.444, 7.003, 6.096, 5.314, 3.919, 4.729, 6.185, 5.061], [7.047, 7.903, 6.514, 4.318, 4.623, 5.069, 4.836, 4.312, 5.945, 7.234, 5.912, 4.515, 4.534, 3.642, 1.577, 1.296, 0.0, 0.814, 1.244, 2.292, 4.634, 3.007, 1.902, 1.831, 2.183, 3.212, 5.46, 5.781, 5.074, 4.59, 4.438, 3.925, 2.496, 3.531, 5.451, 5.585, 5.695, 5.327, 5.46, 5.976, 5.486, 4.998, 4.826, 4.861, 4.028, 3.77, 4.247, 4.589, 5.645, 6.771, 7.842, 7.533, 7.593, 8.213, 9.332, 9.64, 8.374, 5.553, 4.198, 3.492, 4.959, 4.179, 5.036, 6.403, 5.38, 4.52, 4.443, 3.353, 3.91, 4.202, 4.383, 4.417, 3.546, 3.348, 3.154, 3.399, 2.976, 1.814, 1.93, 2.058, 2.143, 2.058, 2.467, 3.85, 4.379, 4.31, 3.748, 2.793, 2.187, 2.945, 4.027, 4.252, 4.987, 7.567, 8.368, 5.104, 4.615, 4.208, 3.661, 4.244, 5.361, 6.476, 8.077, 9.391, 9.358, 8.702, 7.521, 6.809, 6.626, 7.034, 6.772, 5.886, 4.863, 4.086, 2.792, 3.288, 3.026, 5.06, 6.02, 6.642, 7.978, 7.632, 3.349, 1.834, 1.835, 2.164, 1.828, 2.136, 2.67, 2.727, 3.49, 4.643, 4.507, 3.435, 3.527, 3.755, 3.842, 3.92, 2.182, 5.541, 5.394, 3.2, 2.409, 2.934, 2.983, 2.642, 2.148, 2.124, 3.869, 5.816, 7.834, 8.544, 9.935, 10.548, 10.547, 9.729, 9.42, 8.818, 7.182, 4.856, 4.45, 3.619, 2.769, 2.051, 2.243, 3.661, 3.075, 3.207, 4.562, 5.028, 4.955, 5.604, 6.962, 8.572, 8.252, 7.131, 7.619, 7.613, 7.833, 7.678, 5.756, 4.773, 5.339, 5.299, 5.116, 4.837, 5.544, 6.609, 6.153, 3.858, 2.893, 3.9, 4.902, 5.345, 6.588, 10.133, 11.105, 10.87, 9.73, 7.316, 6.177, 5.4, 4.469, 5.035, 6.527, 5.355], [6.895, 7.679, 6.258, 4.32, 4.938, 5.357, 5.091, 4.625, 6.215, 7.457, 6.098, 4.583, 4.724, 3.837, 1.634, 1.438, 0.814, 0.0, 1.203, 2.437, 4.876, 3.189, 2.009, 2.041, 2.459, 3.409, 5.701, 5.973, 5.271, 4.828, 4.688, 4.2, 2.699, 3.696, 5.595, 5.623, 5.733, 5.435, 5.636, 6.135, 5.654, 5.255, 5.091, 5.109, 4.135, 3.908, 4.261, 4.49, 5.381, 6.611, 7.638, 7.286, 7.358, 8.012, 9.077, 9.385, 8.119, 5.407, 4.289, 3.885, 5.329, 4.494, 5.251, 6.7, 5.71, 4.778, 4.667, 3.737, 4.19, 4.283, 4.488, 4.452, 3.674, 3.386, 2.961, 3.428, 2.968, 1.711, 1.847, 2.214, 2.159, 2.073, 2.756, 4.119, 4.594, 4.474, 3.956, 2.848, 2.166, 3.189, 4.209, 4.511, 5.282, 7.85, 8.647, 5.383, 4.775, 4.358, 3.9, 4.438, 5.542, 6.701, 8.34, 9.648, 9.545, 8.941, 7.732, 7.01, 6.83, 7.251, 7.041, 6.074, 5.06, 4.184, 3.024, 3.429, 3.226, 5.241, 6.204, 6.864, 8.227, 7.899, 3.465, 1.784, 1.884, 2.307, 1.883, 1.954, 2.477, 2.54, 3.188, 4.279, 4.194, 3.18, 3.161, 3.439, 3.528, 3.549, 2.004, 5.739, 5.597, 3.327, 2.394, 2.815, 2.768, 2.358, 2.073, 2.283, 4.046, 6.016, 8.11, 8.829, 10.208, 10.805, 10.869, 10.078, 9.699, 9.122, 7.612, 5.288, 4.763, 3.819, 2.972, 2.209, 2.037, 3.484, 2.839, 2.93, 4.358, 4.816, 4.763, 5.406, 6.776, 8.315, 7.988, 6.906, 7.462, 7.466, 7.901, 7.751, 5.645, 4.451, 5.151, 5.095, 4.89, 4.619, 5.505, 6.642, 6.284, 3.977, 2.904, 3.667, 4.621, 4.981, 6.321, 9.925, 10.898, 10.659, 9.517, 7.099, 5.935, 5.156, 4.331, 5.017, 6.433, 5.276], [7.454, 8.358, 6.983, 4.46, 4.471, 4.925, 4.712, 4.214, 5.613, 6.755, 5.352, 4.018, 4.037, 3.32, 1.456, 1.463, 1.244, 1.203, 0.0, 1.778, 4.158, 2.528, 1.906, 1.903, 2.232, 2.724, 5.0, 5.264, 4.537, 4.061, 3.888, 3.394, 2.162, 3.413, 5.368, 5.45, 5.614, 5.228, 5.394, 5.911, 5.453, 4.9, 4.749, 4.748, 3.844, 3.65, 4.197, 5.072, 6.068, 7.206, 8.28, 8.016, 8.065, 8.679, 9.793, 10.108, 8.912, 5.815, 4.099, 3.42, 4.664, 3.83, 4.565, 6.031, 5.012, 4.172, 3.954, 3.245, 3.745, 3.758, 3.893, 3.955, 3.038, 2.94, 2.843, 3.013, 2.674, 1.961, 1.482, 1.539, 1.583, 1.522, 2.071, 3.386, 3.775, 3.757, 3.117, 2.599, 2.064, 2.424, 3.568, 3.839, 4.566, 7.136, 7.878, 4.627, 4.068, 3.762, 3.284, 3.842, 4.914, 5.984, 7.535, 8.865, 8.831, 8.231, 7.004, 6.302, 6.199, 6.521, 6.309, 5.361, 4.361, 3.697, 2.641, 3.126, 2.698, 4.595, 5.56, 6.171, 7.55, 7.159, 2.769, 1.505, 1.478, 1.743, 1.526, 1.929, 2.556, 2.673, 3.576, 4.692, 4.681, 3.727, 3.376, 3.733, 3.826, 3.788, 1.82, 5.0, 4.946, 2.703, 1.988, 2.446, 2.47, 2.381, 1.728, 1.73, 3.396, 5.349, 7.407, 8.166, 9.614, 10.101, 10.127, 9.477, 9.047, 8.657, 7.012, 4.696, 4.121, 3.164, 2.681, 2.057, 2.41, 4.066, 3.441, 3.5, 4.968, 5.477, 5.419, 6.106, 7.364, 9.027, 8.677, 7.613, 8.087, 8.143, 8.438, 8.206, 6.013, 5.122, 5.832, 5.755, 5.397, 5.125, 5.4, 6.49, 6.011, 3.713, 2.729, 4.084, 5.076, 5.519, 7.044, 10.57, 11.534, 11.32, 10.174, 7.77, 6.683, 5.928, 4.724, 5.462, 6.989, 5.838], [8.957, 9.838, 8.463, 5.684, 4.956, 5.337, 5.338, 4.706, 5.061, 5.861, 4.566, 3.04, 2.862, 2.774, 2.361, 2.671, 2.292, 2.437, 1.778, 0.0, 2.775, 1.751, 2.339, 2.017, 1.846, 1.989, 3.882, 4.17, 3.676, 3.292, 3.036, 2.596, 2.683, 4.207, 6.399, 6.483, 6.706, 6.067, 6.264, 6.744, 6.194, 5.571, 5.477, 5.478, 4.623, 4.522, 5.027, 6.431, 7.468, 8.618, 9.731, 9.49, 9.541, 10.159, 11.282, 11.625, 10.363, 7.237, 5.015, 3.035, 4.073, 3.679, 3.804, 4.964, 4.348, 3.591, 3.262, 3.252, 4.279, 4.345, 3.335, 2.966, 2.265, 2.082, 2.435, 2.334, 1.836, 2.302, 2.045, 1.649, 2.082, 1.927, 1.484, 2.268, 2.567, 2.619, 2.198, 1.924, 1.847, 1.682, 2.141, 2.527, 3.303, 5.78, 6.614, 3.54, 3.682, 3.605, 2.932, 2.773, 3.764, 4.633, 6.103, 7.518, 7.589, 6.922, 5.918, 5.408, 5.326, 5.239, 5.154, 4.302, 3.495, 3.922, 3.327, 3.884, 3.135, 4.435, 4.755, 5.41, 6.524, 6.047, 2.261, 2.255, 1.667, 1.636, 1.935, 2.818, 3.539, 3.772, 4.711, 5.828, 6.033, 5.066, 4.419, 4.698, 5.115, 4.865, 2.148, 3.701, 3.793, 1.953, 1.946, 2.548, 3.447, 3.676, 2.613, 1.495, 2.318, 4.309, 6.496, 7.662, 8.792, 9.148, 9.294, 8.629, 8.372, 7.905, 6.504, 4.34, 3.683, 2.768, 2.59, 2.203, 3.798, 5.449, 4.771, 4.753, 6.337, 6.915, 6.787, 7.496, 8.849, 10.497, 10.194, 9.071, 9.482, 9.566, 9.804, 9.42, 7.353, 6.59, 7.318, 7.225, 6.829, 6.518, 6.459, 7.556, 6.913, 4.613, 3.886, 5.395, 6.447, 6.966, 8.513, 11.967, 12.945, 12.73, 11.644, 9.198, 8.018, 7.322, 6.178, 6.963, 8.421, 7.297], [11.325, 12.258, 10.88, 7.909, 4.307, 4.819, 5.537, 4.68, 2.952, 3.653, 3.051, 3.029, 2.422, 2.112, 4.398, 4.855, 4.634, 4.876, 4.158, 2.775, 0.0, 1.991, 4.066, 3.721, 3.21, 2.361, 2.021, 2.242, 2.199, 2.364, 1.953, 2.178, 3.099, 5.31, 7.63, 8.307, 8.145, 7.246, 7.372, 7.53, 6.518, 5.526, 5.636, 5.721, 5.994, 6.538, 7.075, 8.807, 9.866, 10.992, 12.182, 11.954, 11.953, 12.613, 13.775, 14.112, 12.82, 9.552, 6.154, 2.91, 2.523, 2.878, 2.77, 3.248, 2.098, 2.317, 1.789, 2.46, 3.999, 3.581, 2.609, 2.518, 3.252, 3.365, 4.175, 3.624, 3.472, 4.621, 4.486, 3.375, 3.796, 3.742, 2.589, 2.237, 2.339, 2.459, 2.446, 3.758, 4.114, 2.586, 1.915, 1.874, 2.423, 3.251, 4.042, 2.502, 3.902, 3.319, 2.64, 1.921, 2.149, 2.467, 3.863, 5.023, 5.469, 4.459, 3.774, 3.414, 3.266, 3.092, 2.983, 2.317, 1.872, 2.683, 4.594, 5.381, 3.457, 2.446, 2.735, 3.263, 4.192, 3.594, 2.078, 4.497, 3.906, 3.456, 4.072, 5.063, 5.83, 6.103, 7.109, 8.183, 8.377, 7.462, 6.801, 7.0, 7.459, 7.214, 4.125, 2.164, 1.931, 2.304, 3.28, 4.218, 5.528, 5.708, 4.625, 2.73, 1.886, 2.325, 4.116, 5.505, 6.425, 6.848, 6.964, 6.468, 6.299, 5.928, 4.404, 2.769, 2.151, 2.139, 3.707, 4.291, 6.256, 7.85, 7.095, 7.076, 8.712, 9.353, 9.152, 9.905, 11.439, 13.05, 12.724, 11.499, 11.885, 11.968, 11.898, 11.583, 9.186, 9.161, 9.852, 9.785, 9.476, 9.152, 8.692, 9.057, 7.957, 6.086, 5.885, 7.761, 8.772, 9.325, 10.911, 14.305, 15.293, 15.077, 14.041, 11.595, 10.369, 9.677, 8.444, 9.515, 10.921, 9.821], [9.626, 10.497, 9.103, 6.191, 3.74, 4.332, 4.934, 4.444, 3.844, 4.799, 3.451, 2.77, 2.241, 1.867, 2.916, 3.382, 3.007, 3.189, 2.528, 1.751, 1.991, 0.0, 2.246, 2.01, 1.911, 1.983, 3.094, 3.294, 2.698, 2.39, 2.391, 2.124, 1.827, 4.263, 6.865, 6.892, 7.196, 6.352, 6.61, 6.998, 6.077, 5.077, 5.0, 5.029, 4.544, 5.052, 5.422, 7.063, 8.101, 9.256, 10.371, 10.139, 10.184, 10.795, 11.94, 12.283, 11.014, 7.906, 5.305, 2.526, 3.059, 2.961, 3.478, 4.421, 3.234, 2.372, 2.319, 2.332, 3.309, 3.092, 2.253, 2.324, 2.685, 2.594, 3.373, 2.881, 2.316, 3.13, 2.94, 2.092, 2.423, 2.632, 2.152, 2.56, 2.386, 2.223, 1.916, 2.451, 2.711, 2.246, 2.337, 2.373, 2.88, 4.919, 5.66, 2.864, 3.922, 3.24, 2.203, 2.315, 3.046, 3.962, 5.454, 6.735, 6.65, 6.17, 5.222, 4.6, 4.394, 4.592, 4.219, 3.243, 2.267, 2.585, 3.213, 3.87, 2.55, 3.086, 3.481, 4.1, 5.362, 4.965, 1.386, 2.795, 2.27, 1.909, 2.691, 3.551, 4.263, 4.459, 5.42, 6.526, 6.671, 5.704, 5.08, 5.344, 5.746, 5.626, 2.883, 2.834, 2.945, 2.372, 2.926, 3.728, 4.281, 4.343, 3.275, 2.067, 2.09, 3.429, 5.448, 6.414, 7.832, 8.287, 8.401, 7.762, 7.437, 7.086, 5.314, 3.06, 2.378, 1.528, 2.338, 2.74, 4.44, 6.081, 5.405, 5.385, 6.959, 7.546, 7.433, 8.144, 9.575, 11.212, 10.846, 9.711, 10.159, 10.231, 10.614, 10.396, 8.376, 7.323, 7.986, 8.063, 7.693, 7.301, 7.228, 7.958, 7.057, 4.912, 4.508, 6.027, 7.063, 7.615, 9.146, 12.593, 13.577, 13.36, 12.276, 9.833, 8.835, 8.102, 6.882, 7.639, 9.08, 7.965], [7.715, 8.539, 7.095, 4.626, 3.95, 4.531, 4.885, 4.746, 5.66, 6.639, 5.104, 3.621, 3.689, 3.376, 2.183, 2.438, 1.902, 2.009, 1.906, 2.339, 4.066, 2.246, 0.0, 1.337, 1.825, 2.647, 5.111, 5.288, 4.572, 4.059, 4.054, 3.467, 2.208, 3.776, 6.056, 6.047, 6.427, 5.751, 6.01, 6.447, 5.947, 5.14, 4.843, 4.785, 3.904, 3.769, 4.218, 5.144, 6.261, 7.433, 8.455, 8.149, 8.195, 8.801, 9.956, 10.265, 8.998, 6.196, 4.603, 3.609, 4.863, 4.312, 5.16, 6.261, 5.156, 4.195, 4.126, 3.4, 3.389, 3.216, 3.522, 3.512, 2.984, 2.929, 3.318, 2.879, 2.411, 2.333, 1.785, 1.87, 1.828, 2.053, 2.574, 3.371, 3.308, 3.34, 2.874, 2.267, 2.274, 2.526, 3.532, 3.611, 4.266, 6.959, 7.634, 4.559, 4.76, 4.14, 3.276, 3.842, 4.77, 5.927, 7.533, 8.779, 8.575, 8.139, 7.116, 6.51, 6.296, 6.627, 6.267, 5.162, 4.045, 3.36, 2.63, 3.324, 2.587, 4.254, 5.297, 5.909, 7.289, 6.885, 2.442, 1.54, 1.9, 1.933, 1.929, 2.41, 3.086, 3.075, 3.879, 4.957, 5.014, 3.989, 3.55, 3.751, 4.232, 4.205, 2.553, 4.586, 4.775, 3.408, 2.755, 3.226, 3.318, 2.981, 2.286, 2.726, 3.274, 5.229, 7.393, 8.146, 9.734, 10.268, 10.341, 9.698, 9.356, 8.901, 7.22, 4.679, 4.118, 3.052, 2.268, 2.301, 2.742, 4.178, 3.542, 3.485, 5.027, 5.551, 5.531, 6.255, 7.654, 9.289, 8.912, 7.804, 8.309, 8.421, 9.121, 8.971, 6.972, 5.499, 6.076, 6.317, 5.996, 5.662, 6.187, 7.147, 6.367, 3.972, 3.238, 4.42, 5.4, 5.823, 7.188, 10.669, 11.653, 11.419, 10.286, 7.942, 7.08, 6.373, 5.447, 5.791, 7.264, 6.252], [7.9, 8.747, 7.307, 5.213, 4.585, 4.952, 5.42, 5.199, 5.407, 6.335, 4.859, 3.419, 3.41, 3.096, 2.364, 2.631, 1.831, 2.041, 1.903, 2.017, 3.721, 2.01, 1.337, 0.0, 1.098, 2.249, 4.865, 4.987, 4.211, 3.768, 3.616, 3.171, 2.489, 4.471, 6.72, 6.709, 6.909, 6.355, 6.527, 7.056, 6.52, 5.768, 5.528, 5.483, 4.594, 4.394, 4.869, 5.391, 6.475, 7.591, 8.603, 8.379, 8.387, 9.017, 10.17, 10.52, 9.235, 6.498, 5.172, 3.472, 4.674, 4.164, 4.944, 5.928, 4.848, 3.874, 3.834, 3.442, 4.077, 3.957, 3.421, 3.328, 2.555, 2.494, 2.906, 2.332, 1.983, 2.09, 2.055, 1.845, 2.035, 1.992, 2.225, 2.921, 2.975, 3.008, 2.675, 1.844, 1.858, 2.179, 3.158, 3.212, 3.967, 6.607, 7.319, 4.177, 4.743, 4.161, 3.137, 3.712, 4.583, 5.731, 7.255, 8.467, 8.304, 7.887, 6.931, 6.311, 6.086, 6.387, 6.012, 4.893, 3.787, 3.602, 3.354, 3.925, 3.144, 4.223, 4.933, 5.57, 6.916, 6.587, 2.344, 1.909, 1.926, 1.883, 1.969, 2.401, 2.962, 3.171, 3.804, 4.897, 4.993, 4.047, 3.705, 3.746, 4.258, 4.234, 2.059, 4.237, 4.576, 3.121, 2.93, 3.61, 3.674, 3.489, 2.599, 2.472, 3.053, 5.025, 7.094, 7.889, 9.455, 9.956, 10.065, 9.455, 9.115, 8.719, 6.888, 4.516, 3.804, 2.781, 2.136, 2.101, 3.124, 4.347, 3.688, 3.634, 5.192, 5.757, 5.68, 6.387, 7.867, 9.521, 9.153, 7.917, 8.424, 8.578, 9.269, 9.083, 7.349, 5.978, 6.407, 6.595, 6.291, 5.945, 6.791, 7.653, 7.031, 4.655, 3.659, 4.661, 5.705, 6.24, 7.404, 10.832, 11.816, 11.602, 10.469, 8.075, 7.214, 6.494, 5.826, 6.055, 7.404, 6.429], [8.409, 9.259, 7.848, 5.548, 4.89, 5.298, 5.846, 5.697, 4.82, 5.64, 4.159, 2.726, 2.923, 2.777, 2.782, 2.974, 2.183, 2.459, 2.232, 1.846, 3.21, 1.911, 1.825, 1.098, 0.0, 1.698, 4.249, 4.331, 3.665, 3.302, 3.161, 2.742, 2.806, 4.88, 7.249, 7.159, 7.246, 6.635, 6.828, 7.432, 6.878, 6.149, 6.004, 5.93, 4.991, 4.759, 5.24, 5.816, 6.938, 8.07, 9.117, 8.893, 8.939, 9.535, 10.726, 11.049, 9.758, 6.841, 5.473, 3.288, 4.312, 4.102, 4.64, 5.495, 4.214, 3.432, 3.524, 3.555, 4.42, 4.264, 3.44, 2.789, 2.042, 1.98, 2.397, 1.836, 1.734, 2.395, 2.46, 1.999, 2.448, 2.247, 2.017, 2.506, 2.498, 2.412, 2.283, 1.536, 1.739, 2.097, 2.589, 2.58, 3.335, 5.945, 6.739, 4.011, 4.884, 4.426, 3.216, 3.237, 4.07, 5.206, 6.722, 7.924, 7.843, 7.362, 6.365, 5.749, 5.514, 5.828, 5.47, 4.346, 3.216, 3.898, 3.857, 4.356, 3.633, 4.199, 4.319, 4.943, 6.341, 5.922, 2.485, 2.31, 2.088, 2.107, 2.132, 2.597, 3.262, 3.409, 4.142, 5.25, 5.409, 4.461, 3.955, 4.13, 4.646, 4.548, 2.178, 3.909, 4.119, 3.037, 3.147, 3.787, 4.051, 3.842, 2.924, 2.477, 2.643, 4.482, 6.418, 7.373, 8.865, 9.328, 9.476, 8.849, 8.523, 8.243, 6.373, 4.216, 3.273, 2.282, 2.073, 1.995, 3.425, 4.832, 4.141, 4.132, 5.723, 6.26, 6.2, 6.946, 8.49, 10.145, 9.801, 8.577, 8.956, 9.169, 9.812, 9.622, 7.818, 6.457, 7.017, 7.175, 6.822, 6.454, 7.19, 8.016, 7.354, 5.046, 3.938, 5.068, 6.096, 6.613, 7.92, 11.337, 12.324, 12.097, 11.008, 8.626, 7.804, 7.081, 6.13, 6.662, 7.963, 7.027], [9.59, 10.477, 9.102, 6.266, 4.634, 5.002, 5.703, 5.428, 4.061, 4.26, 3.117, 1.725, 2.04, 2.274, 2.936, 3.536, 3.212, 3.409, 2.724, 1.989, 2.361, 1.983, 2.647, 2.249, 1.698, 0.0, 2.808, 2.899, 2.395, 2.589, 2.08, 1.757, 2.648, 4.795, 7.162, 7.236, 7.409, 6.76, 6.961, 7.372, 6.779, 6.038, 5.793, 5.734, 5.124, 5.024, 5.713, 7.077, 8.106, 9.267, 10.388, 10.161, 10.177, 10.816, 11.941, 12.274, 11.018, 7.844, 5.536, 2.904, 3.772, 3.872, 4.243, 4.443, 3.305, 2.841, 2.949, 3.366, 4.167, 4.093, 3.082, 2.195, 1.566, 2.125, 2.615, 1.928, 2.344, 3.386, 3.188, 2.401, 2.657, 2.489, 1.962, 2.037, 1.9, 1.896, 1.814, 2.311, 2.512, 1.797, 1.832, 1.56, 2.183, 4.818, 5.561, 3.737, 4.746, 4.158, 3.094, 2.19, 2.82, 3.917, 5.442, 6.649, 6.548, 6.088, 5.205, 4.979, 4.547, 4.639, 4.08, 2.979, 2.805, 3.594, 3.649, 4.4, 3.58, 3.985, 3.661, 4.224, 5.264, 4.923, 2.15, 2.993, 2.49, 2.12, 2.427, 3.468, 4.173, 4.405, 5.397, 6.502, 6.679, 5.745, 5.181, 5.508, 5.824, 5.602, 2.958, 3.049, 2.992, 2.751, 3.019, 3.88, 4.481, 4.444, 3.297, 2.445, 1.715, 3.183, 5.226, 6.432, 7.742, 8.173, 8.166, 7.639, 7.529, 7.45, 5.968, 3.813, 2.726, 1.924, 2.287, 2.634, 4.483, 6.137, 5.492, 5.498, 7.043, 7.593, 7.459, 8.158, 9.627, 11.234, 10.907, 9.777, 10.151, 10.37, 10.774, 10.61, 8.416, 7.44, 8.057, 8.263, 7.927, 7.47, 7.515, 8.091, 7.443, 5.099, 4.343, 6.078, 7.079, 7.584, 9.149, 12.626, 13.616, 13.38, 12.296, 9.885, 9.037, 8.246, 6.898, 7.679, 9.08, 8.078], [12.26, 13.194, 11.819, 8.85, 5.113, 5.576, 6.199, 5.318, 3.127, 2.557, 2.519, 2.719, 2.434, 2.695, 5.326, 5.673, 5.46, 5.701, 5.0, 3.882, 2.021, 3.094, 5.111, 4.865, 4.249, 2.808, 0.0, 1.131, 2.165, 2.678, 2.106, 2.531, 3.924, 5.933, 8.136, 9.143, 9.002, 7.983, 8.312, 8.514, 7.431, 6.433, 6.33, 6.488, 6.912, 7.508, 8.084, 9.8, 10.823, 11.98, 13.089, 12.833, 12.901, 13.487, 14.626, 14.906, 13.684, 10.519, 6.871, 3.443, 3.339, 3.861, 3.944, 3.859, 2.659, 3.048, 2.604, 3.401, 4.759, 4.457, 3.293, 3.265, 3.951, 4.449, 5.029, 4.429, 4.616, 5.653, 5.514, 4.494, 4.861, 4.819, 3.717, 3.2, 3.232, 3.228, 3.205, 4.872, 5.149, 3.71, 2.667, 2.23, 2.056, 2.343, 3.162, 3.694, 4.819, 4.16, 3.528, 2.243, 1.648, 1.586, 2.745, 4.06, 4.29, 3.846, 3.747, 3.776, 3.397, 3.231, 2.364, 1.946, 2.458, 3.347, 5.388, 6.434, 4.384, 3.554, 2.871, 3.104, 3.908, 3.742, 2.967, 5.663, 4.963, 4.373, 5.047, 6.114, 6.882, 7.139, 8.088, 9.229, 9.411, 8.462, 7.885, 8.211, 8.57, 8.259, 5.437, 2.756, 2.318, 3.349, 4.374, 5.549, 6.438, 6.67, 5.59, 3.745, 2.388, 1.495, 3.58, 5.032, 6.089, 6.703, 6.76, 6.089, 6.16, 6.317, 5.385, 3.629, 2.707, 3.099, 4.699, 5.343, 7.19, 8.855, 8.249, 8.27, 9.773, 10.289, 10.203, 10.871, 12.19, 13.803, 13.487, 12.439, 12.854, 12.849, 12.846, 12.524, 10.176, 9.913, 10.609, 10.552, 10.243, 9.888, 9.62, 9.877, 8.526, 6.729, 6.939, 8.815, 9.793, 10.311, 11.876, 15.347, 16.336, 16.105, 15.007, 12.568, 11.41, 10.642, 9.322, 10.284, 11.749, 10.562], [12.205, 13.14, 11.758, 8.786, 4.648, 4.904, 5.794, 5.175, 2.732, 2.251, 2.249, 2.748, 2.454, 2.395, 5.313, 5.946, 5.781, 5.973, 5.264, 4.17, 2.242, 3.294, 5.288, 4.987, 4.331, 2.899, 1.131, 0.0, 1.431, 2.139, 1.772, 2.381, 4.01, 5.9, 8.124, 9.255, 9.013, 7.936, 8.322, 8.573, 7.463, 6.522, 6.449, 6.47, 6.927, 7.422, 7.971, 9.698, 10.751, 11.877, 13.027, 12.794, 12.844, 13.456, 14.577, 14.906, 13.666, 10.444, 6.75, 3.206, 2.991, 3.433, 3.501, 3.527, 2.231, 2.474, 2.288, 3.149, 4.187, 4.131, 3.102, 3.265, 3.956, 4.425, 5.033, 4.452, 4.755, 6.034, 5.754, 4.67, 4.841, 4.86, 4.072, 3.396, 3.271, 3.305, 3.295, 4.906, 5.192, 3.757, 2.938, 2.517, 2.348, 2.519, 3.099, 3.416, 4.773, 4.002, 3.529, 2.463, 1.592, 1.688, 2.821, 4.113, 4.177, 3.698, 3.541, 3.566, 3.036, 3.038, 2.089, 1.558, 2.279, 3.301, 5.532, 6.354, 4.346, 3.146, 2.365, 2.736, 3.483, 3.437, 2.983, 5.635, 4.929, 4.335, 4.947, 6.111, 6.804, 7.063, 8.05, 9.13, 9.295, 8.364, 7.867, 8.189, 8.492, 8.168, 5.493, 2.304, 2.194, 3.657, 4.815, 5.996, 6.824, 6.948, 5.675, 4.11, 2.654, 1.611, 3.199, 4.662, 5.724, 6.30