[[0.0, 1.507, 2.43, 2.675, 4.18, 5.949, 5.347, 5.839, 7.956, 7.858, 6.112, 5.277, 4.831, 3.553, 4.035, 5.314, 4.626, 6.424, 7.322, 6.625, 5.208, 3.873, 3.499, 5.483, 8.472, 10.513, 10.451, 12.071, 11.895, 11.098, 10.691, 10.428, 8.843, 7.199, 8.6, 8.997, 7.517, 6.094, 5.113, 4.128, 4.177, 5.635, 4.513, 3.941, 3.858, 4.013, 4.791, 5.921, 6.452, 6.106, 6.763, 5.566, 4.245, 5.345, 5.828, 4.753, 4.065, 3.111, 3.219, 3.682, 3.165, 3.004, 3.189, 3.411, 3.885, 4.773, 4.231, 4.205, 4.558, 4.781, 4.005, 3.877, 4.369, 4.179, 3.341, 4.068, 5.595, 5.447, 6.648, 6.961, 5.336, 6.359, 6.997, 5.905, 5.123, 5.667, 5.451, 4.946, 4.775, 4.866, 5.274, 5.809, 7.655, 9.258, 6.794, 3.614, 2.663, 3.545, 3.93, 4.254, 3.974, 3.282, 3.086, 2.612, 2.312, 1.973, 2.744, 2.956, 4.108, 5.475, 5.016, 4.243, 2.832, 4.398, 4.97, 5.362, 4.667, 4.466, 3.986, 3.452, 3.323, 7.735, 8.464, 6.895, 6.346, 4.362, 3.463, 3.598, 3.383, 3.528, 3.983, 3.744, 4.03, 4.463, 3.986, 4.666, 5.493, 7.084, 7.998, 8.662, 10.232, 11.087, 11.212, 11.225, 11.134], [1.507, 0.0, 1.6, 2.208, 3.631, 5.071, 4.89, 5.026, 7.022, 6.908, 5.49, 4.68, 4.553, 3.316, 3.293, 4.527, 3.892, 5.446, 6.336, 5.711, 4.408, 3.439, 2.969, 4.54, 7.534, 9.521, 9.542, 11.153, 10.953, 10.159, 9.773, 9.494, 7.934, 6.238, 7.718, 8.066, 6.576, 5.159, 4.207, 3.512, 3.424, 4.72, 3.727, 3.175, 3.031, 3.108, 4.248, 5.416, 5.415, 5.166, 5.882, 4.842, 3.526, 4.515, 4.902, 3.988, 3.705, 2.998, 3.286, 3.442, 3.065, 3.138, 3.415, 3.203, 3.192, 3.987, 3.54, 3.645, 3.776, 4.093, 3.421, 3.668, 3.635, 3.709, 3.111, 3.54, 4.75, 4.701, 5.775, 6.103, 4.535, 5.576, 6.211, 5.118, 4.256, 4.8, 4.735, 4.289, 3.934, 4.179, 4.524, 4.907, 6.751, 8.302, 5.935, 3.419, 3.066, 4.043, 4.416, 4.716, 4.435, 3.662, 3.401, 3.065, 2.948, 2.427, 2.987, 2.745, 3.575, 4.688, 4.344, 3.972, 3.004, 4.939, 5.686, 6.162, 5.482, 5.137, 4.855, 4.025, 2.794, 6.788, 7.5, 5.978, 5.371, 3.532, 3.003, 3.33, 3.68, 3.835, 3.894, 3.571, 3.851, 4.225, 3.762, 4.32, 5.279, 6.641, 7.18, 7.822, 9.302, 10.157, 10.275, 10.29, 10.17], [2.43, 1.6, 0.0, 1.178, 2.374, 4.23, 3.877, 4.181, 6.346, 6.063, 4.408, 3.87, 3.472, 2.204, 2.499, 3.923, 3.325, 4.567, 5.531, 4.855, 3.57, 2.307, 2.085, 3.695, 6.709, 8.738, 8.774, 10.303, 10.119, 9.288, 8.917, 8.609, 7.069, 5.557, 6.868, 7.215, 5.89, 4.488, 3.773, 3.172, 3.126, 4.201, 3.054, 2.497, 2.282, 2.082, 3.179, 4.409, 4.791, 4.333, 5.127, 4.611, 3.069, 3.885, 4.097, 2.964, 2.774, 2.18, 2.394, 2.206, 2.288, 2.826, 3.048, 2.123, 2.259, 3.179, 2.767, 2.773, 3.056, 3.433, 2.763, 2.841, 2.968, 3.214, 2.558, 3.026, 4.287, 4.045, 5.05, 5.39, 4.147, 4.897, 5.37, 4.27, 3.32, 3.91, 3.542, 3.078, 2.829, 3.304, 3.731, 3.932, 6.048, 7.468, 5.051, 2.302, 3.274, 4.602, 4.828, 5.2, 4.92, 3.992, 3.411, 2.985, 2.735, 2.224, 2.558, 2.182, 2.784, 3.893, 3.473, 2.91, 3.034, 5.379, 6.22, 6.642, 6.048, 5.878, 5.606, 4.823, 2.205, 5.895, 6.643, 5.173, 4.61, 2.95, 2.919, 3.442, 4.209, 4.376, 4.1, 3.639, 3.955, 4.495, 4.171, 4.677, 5.245, 6.584, 6.677, 7.325, 8.587, 9.634, 9.452, 9.418, 9.299], [2.675, 2.208, 1.178, 0.0, 2.162, 4.326, 3.857, 4.288, 6.491, 6.194, 4.484, 3.843, 3.294, 2.075, 2.853, 4.17, 3.529, 4.706, 5.614, 5.02, 3.812, 2.355, 2.143, 4.016, 6.902, 8.892, 8.923, 10.391, 10.235, 9.374, 9.009, 8.776, 7.165, 5.557, 6.986, 7.499, 6.21, 4.757, 3.953, 3.303, 3.357, 4.288, 3.25, 2.716, 2.387, 2.21, 3.078, 4.156, 4.924, 4.473, 5.357, 4.815, 3.326, 4.344, 4.297, 3.095, 2.398, 1.655, 1.771, 1.854, 2.255, 2.331, 2.553, 1.485, 2.28, 3.398, 2.864, 2.963, 3.357, 3.694, 3.012, 2.464, 3.086, 3.419, 2.592, 3.136, 4.449, 4.203, 5.256, 5.754, 4.605, 5.248, 5.658, 4.59, 3.54, 4.268, 3.636, 3.266, 3.109, 3.618, 4.059, 4.144, 6.341, 7.653, 5.196, 1.934, 3.007, 4.393, 4.571, 4.872, 4.542, 3.576, 3.044, 2.423, 2.105, 1.648, 1.777, 1.431, 2.627, 3.972, 3.418, 2.325, 2.597, 5.023, 6.002, 6.381, 5.877, 5.654, 5.384, 4.644, 2.066, 5.971, 6.766, 5.299, 4.697, 3.026, 2.944, 3.577, 4.071, 4.336, 4.586, 4.023, 4.458, 5.037, 4.747, 5.094, 5.523, 6.845, 6.942, 7.66, 8.806, 9.736, 9.65, 9.513, 9.384], [4.18, 3.631, 2.374, 2.162, 0.0, 2.476, 1.932, 2.204, 4.403, 4.16, 3.0, 3.046, 2.715, 2.078, 2.06, 3.598, 2.823, 3.027, 3.594, 3.19, 2.61, 1.557, 1.503, 2.486, 4.893, 6.837, 6.897, 8.32, 8.342, 7.328, 7.037, 6.777, 5.117, 4.176, 5.118, 5.485, 4.239, 3.243, 3.052, 2.706, 3.265, 3.389, 2.332, 2.071, 1.649, 1.404, 1.21, 2.282, 2.977, 2.886, 4.338, 3.886, 1.966, 2.525, 2.352, 1.763, 1.819, 2.295, 2.199, 1.257, 2.334, 4.287, 4.574, 2.141, 1.55, 2.209, 2.143, 2.027, 2.401, 2.843, 2.58, 2.021, 2.184, 3.012, 2.39, 2.489, 3.305, 3.292, 3.988, 4.196, 3.966, 4.055, 4.104, 3.224, 2.037, 2.912, 2.728, 2.621, 2.269, 2.638, 3.243, 3.018, 4.588, 5.692, 3.275, 2.391, 5.106, 6.458, 6.625, 6.882, 6.476, 5.387, 5.079, 4.398, 3.514, 3.073, 2.769, 2.318, 1.646, 2.373, 1.83, 1.648, 3.652, 6.017, 7.494, 8.102, 7.573, 7.489, 6.785, 5.31, 2.168, 3.98, 4.75, 3.247, 2.997, 2.335, 3.164, 3.968, 4.633, 4.846, 4.442, 3.694, 4.47, 4.932, 4.851, 5.093, 4.874, 5.763, 5.437, 5.985, 7.11, 8.133, 7.802, 7.638, 7.538], [5.949, 5.071, 4.23, 4.326, 2.476, 0.0, 1.259, 1.057, 2.522, 2.153, 1.615, 2.251, 2.963, 3.708, 2.161, 2.655, 2.394, 1.852, 1.762, 1.813, 1.635, 2.507, 2.871, 1.585, 3.15, 4.83, 4.784, 6.198, 6.229, 5.274, 4.939, 4.647, 3.251, 3.273, 3.589, 3.638, 2.41, 2.36, 2.775, 2.735, 3.231, 3.088, 2.24, 2.408, 2.188, 2.484, 2.02, 2.068, 1.94, 2.179, 3.125, 3.142, 2.354, 1.899, 1.357, 1.747, 3.048, 4.184, 3.798, 2.813, 3.682, 6.225, 6.566, 4.069, 2.504, 1.916, 2.428, 2.362, 2.161, 2.509, 2.679, 2.853, 1.989, 2.636, 3.162, 2.224, 2.535, 2.222, 2.717, 2.812, 2.75, 2.366, 1.99, 1.631, 1.319, 1.318, 1.989, 2.372, 2.145, 1.774, 2.164, 2.316, 3.158, 4.112, 1.638, 4.184, 7.037, 8.484, 8.653, 9.006, 8.701, 7.545, 7.227, 6.423, 5.442, 4.85, 4.554, 4.049, 2.572, 1.848, 1.967, 3.598, 5.835, 8.08, 9.635, 10.284, 9.594, 9.503, 8.631, 6.636, 2.994, 2.196, 2.772, 2.187, 2.649, 3.013, 4.049, 4.775, 5.705, 5.756, 4.756, 4.128, 4.791, 5.411, 5.439, 5.433, 4.911, 5.296, 4.503, 4.479, 5.812, 6.671, 6.286, 5.97, 5.598], [5.347, 4.89, 3.877, 3.857, 1.932, 1.259, 0.0, 1.18, 3.008, 2.797, 1.92, 2.335, 2.641, 3.072, 2.153, 3.046, 2.693, 2.659, 2.423, 2.408, 1.904, 2.044, 2.373, 1.944, 3.694, 5.48, 5.401, 6.876, 6.968, 6.034, 5.626, 5.358, 3.977, 3.767, 4.168, 4.28, 3.047, 2.771, 3.284, 2.907, 3.534, 3.523, 2.558, 2.462, 2.159, 2.541, 1.736, 1.895, 2.306, 2.665, 3.441, 3.402, 2.346, 2.274, 1.763, 1.903, 2.635, 3.675, 3.177, 2.293, 3.077, 5.603, 5.937, 3.433, 2.151, 2.06, 2.116, 2.1, 2.303, 2.82, 2.592, 2.441, 2.138, 2.505, 2.81, 2.481, 2.854, 2.396, 3.076, 3.145, 3.007, 2.773, 2.636, 2.089, 1.438, 1.929, 2.153, 2.391, 2.241, 2.093, 2.436, 2.713, 3.676, 4.68, 2.124, 3.56, 6.366, 7.884, 8.046, 8.48, 8.231, 7.059, 6.713, 5.9, 4.941, 4.282, 4.028, 3.523, 2.085, 2.089, 1.745, 3.034, 5.4, 7.556, 9.094, 9.785, 9.072, 9.042, 8.204, 6.278, 2.652, 2.71, 3.444, 2.456, 2.992, 2.849, 3.734, 4.468, 5.214, 5.339, 4.743, 4.264, 5.022, 5.432, 5.426, 5.608, 5.288, 5.705, 4.929, 5.012, 6.294, 7.181, 6.793, 6.681, 6.384], [5.839, 5.026, 4.181, 4.288, 2.204, 1.057, 1.18, 0.0, 2.426, 2.296, 1.89, 2.622, 3.073, 3.748, 2.206, 2.928, 2.594, 2.035, 1.796, 2.079, 1.854, 2.517, 2.863, 1.493, 3.029, 4.828, 4.954, 6.408, 6.589, 5.521, 5.269, 4.933, 3.419, 3.243, 3.72, 3.825, 2.527, 2.356, 2.881, 2.857, 3.337, 3.093, 2.351, 2.452, 2.236, 2.432, 1.771, 1.686, 1.659, 2.054, 3.24, 3.027, 2.076, 1.825, 1.264, 1.663, 3.023, 4.079, 3.779, 2.705, 3.677, 6.316, 6.639, 4.132, 2.542, 1.921, 2.467, 2.398, 2.473, 2.667, 2.777, 2.944, 2.146, 2.611, 3.201, 2.267, 2.292, 2.193, 2.771, 2.915, 2.882, 2.702, 2.621, 2.328, 1.573, 1.895, 2.54, 2.558, 2.216, 1.965, 2.558, 2.528, 3.164, 4.101, 1.952, 4.179, 7.079, 8.53, 8.705, 8.975, 8.636, 7.417, 7.165, 6.486, 5.447, 4.876, 4.564, 3.824, 2.293, 1.797, 1.738, 3.222, 5.716, 7.852, 9.575, 10.224, 9.587, 9.501, 8.592, 6.519, 2.988, 2.33, 2.87, 1.877, 2.243, 2.807, 3.767, 4.4, 5.25, 5.319, 4.459, 4.09, 4.806, 5.298, 5.252, 5.316, 4.718, 5.037, 4.236, 4.528, 5.67, 6.601, 6.234, 6.185, 6.052], [7.956, 7.022, 6.346, 6.491, 4.403, 2.522, 3.008, 2.426, 0.0, 1.4, 2.538, 3.833, 5.127, 5.947, 4.283, 3.823, 3.998, 2.294, 1.852, 2.164, 3.284, 4.705, 5.053, 2.919, 1.518, 2.704, 3.275, 4.641, 4.961, 4.212, 3.956, 3.293, 2.155, 2.694, 2.636, 2.109, 1.499, 2.518, 3.444, 4.19, 4.279, 3.286, 3.776, 4.26, 4.314, 4.438, 3.527, 3.587, 2.764, 2.72, 2.974, 3.128, 3.817, 2.986, 2.621, 3.681, 5.053, 6.242, 5.969, 4.854, 5.753, 8.506, 8.83, 6.336, 4.697, 3.568, 4.476, 4.512, 4.269, 4.345, 4.905, 5.096, 4.051, 4.465, 5.294, 4.111, 2.534, 2.784, 1.931, 2.576, 3.554, 2.61, 2.278, 3.257, 3.356, 2.943, 3.712, 4.572, 4.186, 3.657, 3.389, 2.954, 2.251, 2.639, 1.784, 6.383, 9.27, 10.732, 10.909, 11.161, 10.832, 9.612, 9.358, 8.688, 7.655, 7.08, 6.76, 5.99, 4.358, 3.203, 3.633, 5.325, 7.895, 10.114, 11.709, 12.398, 11.762, 11.687, 10.808, 8.697, 5.071, 1.633, 1.553, 2.224, 2.653, 4.072, 5.332, 5.566, 6.077, 6.143, 5.099, 5.721, 6.065, 6.175, 6.816, 6.397, 5.067, 4.591, 3.317, 3.235, 4.07, 4.92, 4.513, 4.746, 4.448], [7.858, 6.908, 6.063, 6.194, 4.16, 2.153, 2.797, 2.296, 1.4, 0.0, 1.975, 3.529, 4.84, 5.666, 3.997, 3.445, 3.725, 2.267, 1.705, 2.135, 3.002, 4.394, 4.742, 2.495, 1.735, 2.872, 3.025, 4.398, 4.539, 3.562, 3.398, 2.811, 1.896, 2.389, 2.466, 2.368, 1.62, 2.612, 3.41, 4.09, 3.931, 2.92, 3.477, 4.08, 4.096, 4.189, 3.336, 3.419, 2.377, 2.01, 2.241, 2.936, 3.642, 2.652, 2.235, 3.341, 4.8, 5.989, 5.67, 4.615, 5.605, 8.21, 8.521, 6.049, 4.427, 3.319, 4.341, 4.236, 3.964, 4.054, 4.618, 4.785, 3.764, 4.174, 4.986, 3.876, 2.7, 2.607, 2.098, 1.974, 3.296, 2.451, 1.978, 2.974, 3.059, 2.6, 3.429, 4.312, 3.866, 3.407, 3.189, 2.291, 1.671, 2.357, 1.765, 6.151, 9.003, 10.445, 10.622, 10.883, 10.553, 9.331, 9.074, 8.401, 7.364, 6.793, 6.515, 5.777, 4.293, 3.139, 3.606, 5.205, 7.6, 9.751, 11.485, 12.114, 11.451, 11.387, 10.427, 8.314, 4.792, 1.208, 1.99, 2.144, 2.892, 4.045, 5.126, 5.619, 6.545, 6.604, 5.599, 5.507, 5.862, 6.374, 6.74, 6.252, 5.122, 5.306, 3.038, 2.899, 3.988, 4.838, 4.43, 4.208, 3.998], [6.112, 5.49, 4.408, 4.484, 3.0, 1.615, 1.92, 1.89, 2.538, 1.975, 0.0, 1.747, 3.061, 3.911, 2.426, 2.799, 2.722, 2.658, 2.44, 2.706, 1.915, 2.721, 3.265, 2.202, 3.078, 4.666, 4.662, 6.016, 5.974, 5.115, 4.619, 4.482, 3.235, 3.481, 3.628, 3.751, 2.666, 3.174, 3.609, 3.665, 3.777, 3.634, 2.721, 3.088, 2.835, 3.086, 2.811, 2.743, 2.649, 2.215, 2.758, 3.313, 2.799, 2.417, 1.931, 2.022, 3.306, 4.372, 4.047, 2.966, 3.879, 6.407, 6.693, 4.26, 2.819, 1.977, 2.852, 2.515, 2.718, 2.791, 2.893, 3.097, 2.812, 2.523, 3.221, 2.584, 2.822, 2.009, 2.683, 2.761, 2.719, 2.435, 1.951, 2.02, 2.137, 1.383, 1.849, 2.57, 2.249, 1.803, 1.727, 1.267, 2.984, 4.001, 1.656, 4.409, 7.216, 8.616, 8.794, 9.127, 8.87, 7.721, 7.377, 6.617, 5.622, 4.989, 4.842, 4.209, 2.871, 1.885, 2.297, 4.285, 6.319, 8.736, 9.904, 10.448, 9.705, 9.669, 8.948, 7.327, 3.881, 1.955, 3.127, 3.204, 3.643, 4.075, 5.137, 5.921, 6.712, 6.829, 5.96, 5.293, 5.689, 6.581, 6.453, 6.764, 5.958, 6.355, 4.567, 4.436, 5.737, 6.571, 6.133, 5.756, 5.261], [5.277, 4.68, 3.87, 3.843, 3.046, 2.251, 2.335, 2.622, 3.833, 3.529, 1.747, 0.0, 1.56, 2.469, 2.274, 3.09, 3.069, 3.592, 3.583, 3.557, 2.164, 2.391, 3.121, 3.05, 4.471, 6.23, 6.092, 7.501, 7.467, 6.601, 6.042, 6.002, 4.512, 4.624, 4.883, 5.122, 3.882, 4.109, 4.336, 4.116, 4.398, 4.542, 3.219, 3.222, 2.931, 3.325, 3.354, 3.08, 3.563, 3.394, 3.829, 4.092, 3.629, 3.445, 2.959, 2.428, 3.044, 4.025, 3.584, 2.773, 2.672, 4.902, 5.248, 3.467, 2.555, 2.356, 2.279, 1.687, 1.722, 1.994, 2.462, 2.952, 3.107, 2.521, 2.61, 2.938, 3.716, 2.914, 3.732, 3.889, 2.919, 3.061, 2.716, 2.367, 2.548, 2.069, 1.536, 1.622, 1.563, 1.447, 1.232, 2.06, 4.386, 5.429, 2.574, 3.008, 5.729, 7.198, 7.349, 7.796, 8.0, 7.06, 6.293, 5.593, 5.13, 4.463, 4.587, 3.785, 2.753, 2.665, 2.56, 4.211, 6.108, 8.68, 9.614, 10.008, 9.281, 8.767, 8.505, 7.624, 4.074, 3.335, 4.368, 4.18, 4.446, 4.601, 5.495, 6.322, 7.143, 7.25, 6.587, 5.875, 6.334, 7.141, 7.033, 7.447, 6.898, 7.287, 5.921, 5.797, 7.123, 7.979, 7.534, 7.184, 6.679], [4.831, 4.553, 3.472, 3.294, 2.715, 2.963, 2.641, 3.073, 5.127, 4.84, 3.061, 1.56, 0.0, 1.511, 2.397, 3.389, 3.288, 3.996, 4.407, 3.979, 2.711, 2.188, 3.053, 3.323, 5.613, 7.661, 7.517, 9.0, 8.901, 8.06, 7.482, 7.488, 5.811, 5.22, 5.818, 6.293, 4.977, 4.338, 4.565, 4.267, 4.542, 4.945, 3.44, 3.236, 2.969, 3.23, 3.279, 3.185, 4.016, 4.053, 4.625, 4.535, 3.788, 3.795, 3.274, 2.637, 3.03, 3.732, 3.051, 2.38, 2.089, 3.498, 4.259, 2.902, 2.59, 2.582, 2.406, 1.728, 1.666, 1.883, 2.307, 2.661, 3.247, 2.727, 2.442, 3.213, 4.386, 3.649, 4.531, 4.704, 3.308, 3.661, 3.999, 3.171, 2.823, 3.008, 2.258, 1.53, 1.611, 2.071, 2.26, 3.077, 5.426, 6.531, 3.697, 2.049, 4.753, 6.18, 6.333, 6.927, 7.286, 6.344, 5.613, 4.988, 4.657, 4.082, 4.123, 3.525, 2.912, 3.218, 2.78, 3.643, 5.607, 8.1, 9.043, 9.462, 8.82, 8.256, 8.133, 7.563, 4.174, 4.738, 5.549, 4.491, 4.812, 4.627, 5.536, 6.36, 7.034, 7.185, 6.694, 5.981, 6.496, 7.227, 7.11, 7.526, 7.092, 7.488, 6.713, 6.724, 8.058, 8.959, 8.549, 8.3, 8.094], [3.553, 3.316, 2.204, 2.075, 2.078, 3.708, 3.072, 3.748, 5.947, 5.666, 3.911, 2.469, 1.511, 0.0, 1.992, 3.452, 2.964, 4.338, 5.161, 4.415, 3.024, 1.669, 2.074, 3.545, 6.429, 8.487, 8.338, 9.841, 9.715, 8.854, 8.347, 8.265, 6.576, 5.238, 6.433, 7.017, 5.644, 4.277, 3.998, 3.51, 3.829, 4.445, 2.935, 2.57, 2.461, 2.574, 2.959, 3.845, 4.575, 4.193, 4.873, 4.415, 3.215, 3.771, 3.77, 2.779, 2.451, 2.643, 1.913, 1.578, 1.453, 2.624, 3.11, 1.797, 2.197, 2.615, 2.072, 1.73, 1.9, 2.145, 2.081, 2.067, 2.809, 2.784, 1.939, 3.023, 4.354, 3.784, 4.798, 5.012, 3.552, 4.261, 4.797, 3.762, 2.919, 3.641, 2.993, 2.225, 2.163, 2.746, 3.087, 3.691, 5.853, 7.195, 4.396, 1.152, 3.601, 5.054, 5.205, 5.739, 6.02, 5.054, 4.32, 3.621, 3.322, 2.776, 2.839, 2.463, 2.503, 3.492, 2.977, 2.637, 4.366, 6.698, 7.674, 8.038, 7.466, 6.947, 6.846, 6.299, 3.1, 5.51, 6.343, 4.663, 4.692, 3.731, 4.306, 5.109, 5.787, 5.943, 5.637, 4.98, 5.437, 6.165, 5.988, 6.389, 6.367, 7.092, 6.724, 7.098, 8.374, 9.302, 9.045, 8.962, 8.894], [4.035, 3.293, 2.499, 2.853, 2.06, 2.161, 2.153, 2.206, 4.283, 3.997, 2.426, 2.274, 2.397, 1.992, 0.0, 1.848, 1.484, 2.571, 3.519, 2.79, 1.529, 1.505, 1.649, 1.869, 4.687, 6.784, 6.705, 8.084, 8.031, 7.181, 6.681, 6.47, 4.932, 3.713, 4.662, 5.217, 3.807, 2.579, 2.402, 2.131, 2.676, 2.992, 1.833, 1.839, 1.631, 1.876, 2.284, 3.043, 2.924, 2.687, 3.316, 2.966, 1.879, 2.154, 2.028, 1.467, 2.414, 2.87, 2.414, 1.719, 2.052, 4.294, 4.592, 2.613, 1.641, 1.461, 1.912, 1.304, 1.386, 1.509, 1.231, 1.815, 1.476, 1.706, 1.518, 1.637, 2.733, 2.346, 3.311, 3.31, 2.111, 2.68, 3.166, 2.238, 1.376, 1.854, 2.343, 2.115, 1.693, 1.7, 2.251, 2.346, 3.963, 5.466, 2.878, 2.62, 5.196, 6.484, 6.723, 7.135, 6.98, 6.055, 5.353, 4.535, 3.787, 3.116, 3.311, 2.672, 2.059, 2.308, 2.166, 3.25, 4.896, 7.273, 8.19, 8.661, 7.796, 7.667, 7.22, 5.981, 2.496, 3.853, 4.649, 3.13, 3.383, 2.858, 3.742, 4.49, 5.386, 5.43, 4.503, 3.754, 4.206, 5.072, 4.991, 5.279, 4.855, 5.427, 5.008, 5.21, 6.518, 7.432, 7.252, 7.291, 7.212], [5.314, 4.527, 3.923, 4.17, 3.598, 2.655, 3.046, 2.928, 3.823, 3.445, 2.799, 3.09, 3.389, 3.452, 1.848, 0.0, 1.134, 2.365, 2.927, 2.216, 1.621, 2.564, 2.707, 1.68, 3.905, 5.836, 5.723, 7.046, 7.109, 6.262, 5.655, 5.416, 3.992, 2.662, 3.653, 4.298, 3.006, 2.027, 1.967, 2.267, 2.312, 2.151, 2.084, 2.397, 2.639, 2.915, 3.563, 3.895, 2.669, 2.18, 2.111, 1.839, 2.536, 2.312, 2.17, 2.535, 3.942, 4.2, 3.629, 3.127, 3.246, 5.421, 5.798, 3.747, 2.624, 2.141, 3.264, 2.472, 2.273, 1.912, 1.9, 2.381, 1.867, 1.688, 2.377, 1.869, 2.325, 2.088, 2.639, 2.216, 1.173, 1.736, 2.268, 2.093, 2.164, 2.197, 3.144, 3.226, 2.78, 2.598, 3.136, 2.854, 2.981, 4.546, 2.409, 3.964, 6.312, 7.784, 7.94, 8.473, 8.33, 7.412, 6.719, 5.831, 5.067, 4.382, 4.503, 4.02, 3.577, 3.169, 3.448, 4.735, 6.139, 8.518, 9.452, 9.903, 9.011, 8.925, 8.455, 6.967, 3.449, 3.101, 3.831, 2.808, 3.472, 3.787, 4.539, 5.255, 6.308, 6.309, 5.114, 4.307, 4.701, 5.613, 5.684, 5.662, 4.572, 4.667, 3.902, 4.21, 5.516, 6.327, 6.293, 6.371, 6.269], [4.626, 3.892, 3.325, 3.529, 2.823, 2.394, 2.693, 2.594, 3.998, 3.725, 2.722, 3.069, 3.288, 2.964, 1.484, 1.134, 0.0, 2.327, 3.263, 2.547, 1.336, 2.008, 1.859, 1.555, 4.319, 6.449, 6.347, 7.663, 7.724, 6.875, 6.269, 6.026, 4.6, 2.975, 4.273, 4.906, 3.503, 2.035, 1.683, 1.666, 1.756, 2.18, 1.437, 1.58, 1.923, 2.089, 2.8, 3.572, 2.669, 2.037, 2.661, 1.929, 1.818, 2.082, 1.953, 2.095, 3.408, 3.567, 2.913, 2.548, 2.68, 4.746, 5.107, 2.991, 1.899, 1.754, 2.851, 1.964, 2.008, 1.663, 1.39, 1.699, 1.123, 1.288, 1.698, 1.263, 2.015, 1.816, 2.635, 2.809, 1.569, 2.112, 2.519, 2.01, 1.773, 2.073, 2.987, 3.116, 2.653, 2.485, 3.009, 2.753, 3.602, 5.159, 2.538, 3.391, 5.65, 7.106, 7.253, 7.789, 7.635, 6.709, 6.086, 5.149, 4.342, 3.661, 3.718, 3.373, 2.937, 2.827, 2.965, 4.0, 5.317, 7.618, 8.667, 9.074, 8.295, 8.298, 7.727, 6.118, 2.632, 3.549, 4.343, 2.968, 2.966, 3.045, 3.767, 4.549, 5.523, 5.527, 4.356, 3.496, 3.928, 4.897, 4.921, 4.981, 4.07, 4.536, 4.297, 4.845, 6.151, 6.943, 6.927, 6.983, 6.882], [6.424, 5.446, 4.567, 4.706, 3.027, 1.852, 2.659, 2.035, 2.294, 2.267, 2.658, 3.592, 3.996, 4.338, 2.571, 2.365, 2.327, 0.0, 1.374, 1.139, 2.359, 3.188, 3.463, 1.544, 2.395, 4.358, 4.519, 5.911, 5.865, 4.935, 4.651, 4.172, 2.686, 2.257, 2.785, 2.958, 1.69, 1.173, 1.682, 2.583, 2.706, 2.143, 2.488, 2.763, 2.817, 2.632, 2.383, 2.94, 1.914, 1.902, 2.642, 2.321, 2.605, 1.932, 1.62, 2.136, 3.456, 4.451, 4.367, 3.236, 4.198, 6.804, 7.086, 4.683, 3.244, 2.377, 3.501, 3.053, 2.75, 2.859, 3.226, 3.42, 2.457, 3.206, 3.673, 2.691, 2.041, 2.478, 2.086, 2.239, 2.585, 1.819, 2.248, 2.48, 1.851, 2.204, 3.373, 3.503, 3.069, 2.817, 3.468, 2.828, 2.148, 3.15, 1.89, 4.786, 7.63, 9.009, 9.187, 9.434, 9.0, 7.862, 7.632, 6.956, 5.963, 5.399, 5.172, 4.358, 3.254, 2.499, 2.729, 4.057, 6.092, 8.546, 10.054, 10.631, 9.964, 9.939, 9.117, 7.043, 3.554, 2.387, 2.175, 1.609, 2.009, 2.811, 3.83, 4.456, 5.355, 5.523, 4.501, 4.426, 4.392, 4.878, 5.193, 4.925, 3.767, 3.81, 3.262, 3.53, 4.679, 5.662, 5.311, 5.213, 4.984], [7.322, 6.336, 5.531, 5.614, 3.594, 1.762, 2.423, 1.796, 1.852, 1.705, 2.44, 3.583, 4.407, 5.161, 3.519, 2.927, 3.263, 1.374, 0.0, 1.216, 2.862, 3.912, 4.289, 2.045, 2.061, 3.602, 3.751, 5.096, 5.234, 4.168, 4.075, 3.537, 2.217, 2.387, 2.781, 2.644, 1.516, 1.791, 2.51, 3.41, 3.438, 2.388, 3.004, 3.532, 3.576, 3.5, 2.813, 2.769, 1.822, 2.043, 2.687, 2.488, 3.106, 2.283, 1.776, 2.759, 4.118, 5.305, 5.205, 4.114, 5.088, 7.743, 8.066, 5.558, 3.934, 2.847, 3.759, 3.734, 3.471, 3.57, 4.128, 4.332, 3.273, 3.817, 4.53, 3.406, 2.274, 2.692, 2.36, 2.208, 2.979, 2.125, 2.085, 2.691, 2.601, 2.389, 3.404, 3.729, 3.498, 2.975, 3.489, 3.139, 2.146, 2.878, 1.705, 5.612, 8.512, 9.957, 10.132, 10.365, 9.946, 8.714, 8.573, 7.911, 6.874, 6.302, 5.996, 5.121, 3.552, 2.485, 2.874, 4.503, 6.902, 9.172, 10.88, 11.596, 10.938, 10.917, 9.991, 7.846, 4.303, 1.611, 1.532, 1.544, 2.13, 3.452, 4.43, 4.943, 5.935, 6.102, 5.119, 4.935, 5.321, 5.629, 6.007, 5.491, 4.322, 4.23, 3.203, 3.578, 4.642, 5.589, 5.219, 5.095, 4.656], [6.625, 5.711, 4.855, 5.02, 3.19, 1.813, 2.408, 2.079, 2.164, 2.135, 2.706, 3.557, 3.979, 4.415, 2.79, 2.216, 2.547, 1.139, 1.216, 0.0, 2.246, 3.302, 3.548, 1.581, 2.285, 4.107, 4.055, 5.525, 5.549, 4.611, 4.309, 3.955, 2.26, 1.809, 2.383, 2.688, 1.528, 1.17, 1.739, 2.64, 2.748, 1.788, 2.422, 2.826, 2.88, 2.986, 2.644, 3.126, 2.032, 1.913, 2.156, 2.052, 2.643, 1.965, 1.72, 2.553, 4.032, 4.881, 4.454, 3.509, 4.377, 6.994, 7.299, 4.779, 3.299, 2.588, 3.634, 3.166, 2.943, 2.97, 3.402, 3.566, 2.558, 3.201, 3.772, 2.819, 1.882, 2.227, 1.843, 1.746, 2.444, 1.777, 2.212, 2.444, 2.024, 2.35, 3.469, 3.754, 3.293, 3.026, 3.521, 3.034, 1.993, 2.891, 1.6, 4.914, 7.811, 9.19, 9.353, 9.656, 9.337, 8.187, 7.876, 7.153, 6.109, 5.526, 5.231, 4.708, 3.554, 2.832, 3.041, 4.319, 6.435, 8.768, 10.318, 10.933, 10.256, 10.205, 9.387, 7.345, 3.56, 1.945, 2.056, 1.529, 2.267, 3.011, 4.111, 4.779, 5.679, 5.817, 4.621, 4.532, 4.667, 5.111, 5.623, 5.228, 4.055, 3.893, 3.072, 3.139, 4.393, 5.343, 4.95, 4.801, 4.768], [5.208, 4.408, 3.57, 3.812, 2.61, 1.635, 1.904, 1.854, 3.284, 3.002, 1.915, 2.164, 2.711, 3.024, 1.529, 1.621, 1.336, 2.359, 2.862, 2.246, 0.0, 1.952, 2.027, 1.342, 3.703, 5.797, 5.66, 7.083, 7.03, 6.16, 5.635, 5.475, 3.928, 3.058, 3.862, 4.272, 2.922, 2.249, 2.38, 2.19, 2.512, 2.698, 1.688, 1.788, 1.792, 2.165, 2.692, 2.849, 2.208, 1.881, 2.262, 2.297, 2.141, 2.116, 1.684, 1.988, 3.361, 3.764, 3.067, 2.477, 2.891, 5.298, 5.657, 3.263, 2.002, 1.88, 2.666, 2.077, 1.904, 1.81, 1.736, 2.025, 1.431, 1.545, 2.244, 1.474, 2.056, 1.405, 2.179, 2.302, 1.675, 1.865, 2.118, 1.629, 1.456, 1.533, 2.247, 2.789, 2.316, 2.031, 2.177, 1.943, 3.086, 4.463, 1.816, 3.494, 6.159, 7.628, 7.79, 8.33, 8.08, 7.078, 6.554, 5.695, 4.792, 4.127, 4.095, 3.613, 2.838, 2.611, 2.615, 3.756, 5.421, 7.894, 9.066, 9.616, 8.871, 8.882, 8.214, 6.482, 2.688, 2.844, 3.7, 3.006, 3.015, 3.09, 4.083, 4.906, 5.848, 5.903, 4.812, 3.982, 4.533, 5.37, 5.339, 5.506, 4.886, 5.281, 4.272, 4.397, 5.611, 6.57, 6.292, 6.282, 6.208], [3.873, 3.439, 2.307, 2.355, 1.557, 2.507, 2.044, 2.517, 4.705, 4.394, 2.721, 2.391, 2.188, 1.669, 1.505, 2.564, 2.008, 3.188, 3.912, 3.302, 1.952, 0.0, 1.216, 2.369, 5.125, 7.198, 7.057, 8.536, 8.488, 7.613, 7.162, 6.938, 5.346, 4.112, 5.218, 5.747, 4.37, 3.118, 3.048, 2.597, 3.031, 3.495, 2.049, 1.692, 1.55, 1.713, 1.927, 2.794, 3.284, 2.96, 3.846, 3.447, 2.089, 2.709, 2.495, 1.591, 2.07, 2.583, 1.826, 1.287, 1.858, 3.868, 4.247, 1.996, 1.164, 1.899, 1.852, 1.334, 1.663, 1.979, 1.597, 1.471, 1.766, 1.982, 1.403, 2.012, 3.202, 2.702, 3.673, 3.932, 2.995, 3.448, 3.8, 2.756, 1.949, 2.663, 2.37, 2.295, 2.042, 2.123, 2.578, 2.684, 4.731, 5.93, 3.232, 1.996, 4.686, 6.233, 6.398, 6.883, 6.65, 5.47, 5.111, 4.312, 3.439, 2.837, 2.742, 2.365, 2.086, 2.423, 2.033, 2.539, 4.314, 6.658, 7.692, 8.312, 7.645, 7.443, 6.727, 5.792, 2.394, 4.343, 5.058, 3.415, 3.344, 2.76, 3.771, 4.521, 5.252, 5.384, 4.689, 4.03, 4.62, 5.355, 5.226, 5.516, 5.183, 5.829, 5.532, 6.071, 7.251, 8.158, 7.899, 7.854, 7.761], [3.499, 2.969, 2.085, 2.143, 1.503, 2.871, 2.373, 2.863, 5.053, 4.742, 3.265, 3.121, 3.053, 2.074, 1.649, 2.707, 1.859, 3.463, 4.289, 3.548, 2.027, 1.216, 0.0, 2.489, 5.446, 7.548, 7.432, 8.873, 8.814, 7.952, 7.469, 7.228, 5.683, 4.135, 5.467, 6.043, 4.653, 3.136, 2.558, 1.773, 2.293, 2.835, 1.73, 1.388, 1.343, 1.442, 2.003, 3.281, 3.649, 3.07, 3.882, 3.119, 1.86, 2.722, 2.759, 2.168, 2.46, 2.385, 1.822, 1.649, 1.917, 3.565, 3.927, 1.784, 1.139, 2.237, 2.198, 1.982, 2.269, 2.549, 1.734, 1.352, 1.462, 1.977, 1.536, 1.809, 2.995, 2.723, 3.725, 3.931, 3.121, 3.562, 3.99, 2.915, 2.056, 2.925, 2.98, 2.961, 2.712, 2.755, 3.229, 3.199, 4.786, 6.243, 3.57, 2.404, 4.404, 5.886, 6.077, 6.586, 6.307, 5.284, 4.764, 3.939, 3.056, 2.439, 2.426, 2.236, 2.202, 2.945, 2.397, 2.491, 3.691, 6.033, 7.263, 7.784, 7.051, 7.087, 6.383, 4.932, 1.655, 4.623, 5.422, 3.759, 3.403, 2.107, 2.931, 3.68, 4.47, 4.535, 3.847, 3.092, 3.658, 4.341, 4.297, 4.62, 4.485, 5.479, 5.461, 6.018, 7.252, 8.131, 8.027, 8.072, 8.063], [5.483, 4.54, 3.695, 4.016, 2.486, 1.585, 1.944, 1.493, 2.919, 2.495, 2.202, 3.05, 3.323, 3.545, 1.869, 1.68, 1.555, 1.544, 2.045, 1.581, 1.342, 2.369, 2.489, 0.0, 3.064, 5.209, 5.209, 6.729, 6.608, 5.691, 5.348, 5.014, 3.508, 2.467, 3.329, 3.719, 2.325, 1.412, 1.821, 2.229, 2.284, 2.154, 1.704, 1.942, 2.015, 2.08, 2.184, 2.505, 1.495, 1.384, 2.241, 2.064, 1.709, 1.258, 1.027, 1.741, 3.169, 3.711, 3.366, 2.531, 3.261, 5.868, 6.181, 3.785, 2.459, 1.848, 3.001, 2.473, 2.283, 2.136, 2.365, 2.509, 1.75, 2.104, 2.742, 1.722, 1.872, 1.803, 2.145, 2.047, 1.759, 2.009, 2.169, 1.925, 1.472, 1.674, 2.794, 2.961, 2.492, 2.25, 2.782, 2.215, 2.637, 3.933, 1.872, 3.911, 6.698, 8.107, 8.298, 8.61, 8.238, 7.164, 6.827, 6.059, 5.088, 4.509, 4.29, 3.717, 2.82, 2.253, 2.411, 3.519, 5.437, 7.719, 9.178, 9.768, 9.063, 9.115, 8.327, 6.357, 2.752, 2.45, 3.111, 2.049, 2.444, 2.765, 3.72, 4.496, 5.424, 5.46, 4.407, 3.675, 4.206, 4.917, 4.972, 4.974, 4.083, 4.317, 3.639, 3.917, 5.19, 6.192, 5.914, 5.898, 5.852], [8.472, 7.534, 6.709, 6.902, 4.893, 3.15, 3.694, 3.029, 1.518, 1.735, 3.078, 4.471, 5.613, 6.429, 4.687, 3.905, 4.319, 2.395, 2.061, 2.285, 3.703, 5.125, 5.446, 3.064, 0.0, 2.519, 3.374, 4.591, 5.173, 4.244, 4.08, 2.971, 1.511, 2.58, 2.463, 2.373, 1.399, 2.565, 3.572, 4.583, 4.612, 3.395, 4.234, 4.779, 4.802, 4.875, 4.052, 3.563, 2.556, 2.689, 2.89, 3.375, 4.261, 3.286, 2.744, 3.934, 5.389, 6.566, 6.357, 5.266, 6.269, 8.881, 9.214, 6.776, 5.206, 4.172, 5.291, 5.004, 4.709, 4.777, 5.327, 5.481, 4.457, 4.877, 5.731, 4.559, 3.021, 3.271, 2.141, 2.401, 3.677, 2.71, 2.744, 3.769, 3.761, 3.52, 4.396, 5.175, 4.629, 4.319, 4.026, 3.222, 1.873, 1.583, 2.331, 6.815, 9.647, 11.14, 11.316, 11.539, 11.22, 10.001, 9.793, 9.076, 8.078, 7.522, 7.226, 6.423, 5.132, 4.226, 4.556, 5.787, 8.226, 10.335, 12.136, 12.751, 12.083, 12.054, 11.081, 8.9, 5.471, 1.988, 1.704, 2.139, 2.634, 4.499, 5.568, 5.505, 6.01, 6.171, 5.544, 6.056, 6.371, 6.472, 7.175, 6.445, 4.766, 3.769, 2.528, 2.903, 3.281, 4.072, 4.107, 4.556, 4.56], [10.513, 9.521, 8.738, 8.892, 6.837, 4.83, 5.48, 4.828, 2.704, 2.872, 4.666, 6.23, 7.661, 8.487, 6.784, 5.836, 6.449, 4.358, 3.602, 4.107, 5.797, 7.198, 7.548, 5.209, 2.519, 0.0, 2.14, 3.053, 4.03, 3.276, 3.006, 1.979, 2.06, 3.609, 2.551, 2.012, 3.117, 4.539, 5.613, 6.667, 6.662, 5.183, 6.248, 6.804, 6.842, 6.883, 6.001, 5.693, 4.723, 4.711, 4.024, 5.067, 6.279, 5.299, 4.909, 6.017, 7.45, 8.635, 8.469, 7.364, 8.327, 10.999, 11.316, 8.852, 7.248, 6.091, 6.948, 7.053, 6.754, 6.835, 7.421, 7.574, 6.553, 6.974, 7.799, 6.618, 5.055, 5.248, 4.055, 3.837, 5.725, 4.569, 4.238, 5.401, 5.818, 5.23, 5.966, 6.948, 6.634, 6.08, 5.618, 4.985, 3.154, 1.851, 4.11, 8.888, 11.752, 13.241, 13.419, 13.67, 13.262, 12.104, 11.855, 11.19, 10.169, 9.605, 9.278, 8.444, 6.854, 5.527, 6.173, 7.817, 10.294, 12.452, 14.199, 14.838, 14.202, 14.179, 13.237, 11.107, 7.573, 3.145, 2.512, 4.011, 4.47, 6.49, 7.706, 7.636, 7.957, 8.057, 7.483, 8.093, 8.501, 8.485, 9.238, 8.645, 7.013, 5.019, 3.175, 2.555, 2.289, 2.835, 3.234, 3.4, 3.343], [10.451, 9.542, 8.774, 8.923, 6.897, 4.784, 5.401, 4.954, 3.275, 3.025, 4.662, 6.092, 7.517, 8.338, 6.705, 5.723, 6.347, 4.519, 3.751, 4.055, 5.66, 7.057, 7.432, 5.209, 3.374, 2.14, 0.0, 1.934, 2.354, 1.534, 1.424, 1.516, 2.805, 3.839, 3.06, 3.022, 3.373, 4.581, 5.617, 6.549, 6.518, 5.142, 6.107, 6.65, 6.732, 6.921, 6.097, 5.982, 4.992, 4.812, 3.874, 4.948, 6.311, 5.307, 5.038, 6.181, 7.625, 8.732, 8.375, 7.394, 8.204, 10.885, 11.208, 8.72, 7.1, 6.012, 6.766, 6.903, 6.636, 6.707, 7.286, 7.475, 6.432, 6.843, 7.682, 6.509, 5.003, 5.067, 3.981, 3.706, 5.595, 4.475, 4.066, 5.23, 5.762, 5.173, 5.835, 6.896, 6.669, 6.029, 5.495, 4.996, 3.288, 2.586, 3.968, 8.764, 11.648, 13.139, 13.311, 13.671, 13.319, 12.141, 11.819, 11.084, 10.118, 9.493, 9.151, 8.551, 6.85, 5.537, 6.177, 7.893, 10.419, 12.545, 14.194, 14.888, 14.199, 14.203, 13.298, 11.211, 7.478, 3.19, 3.35, 4.372, 5.157, 6.648, 7.871, 8.091, 8.802, 8.998, 7.956, 8.146, 8.601, 8.724, 9.367, 8.837, 7.419, 6.591, 3.647, 2.397, 2.829, 3.638, 2.931, 2.705, 2.108], [12.071, 11.153, 10.303, 10.391, 8.32, 6.198, 6.876, 6.408, 4.641, 4.398, 6.016, 7.501, 9.0, 9.841, 8.084, 7.046, 7.663, 5.911, 5.096, 5.525, 7.083, 8.536, 8.873, 6.729, 4.591, 3.053, 1.934, 0.0, 1.498, 1.577, 1.617, 1.944, 4.029, 5.043, 3.919, 3.846, 4.796, 6.016, 7.046, 8.04, 8.051, 6.549, 7.702, 8.304, 8.285, 8.402, 7.574, 7.574, 6.535, 6.236, 5.455, 6.619, 7.901, 6.855, 6.416, 7.671, 9.12, 10.258, 9.893, 8.847, 9.83, 12.343, 12.655, 10.054, 8.45, 7.476, 8.398, 8.248, 8.084, 8.021, 8.613, 8.785, 7.798, 8.176, 9.078, 8.065, 6.638, 6.821, 5.68, 5.355, 7.195, 6.014, 5.285, 6.383, 7.076, 6.528, 7.062, 8.235, 7.946, 7.442, 7.123, 6.425, 4.549, 3.76, 5.484, 10.341, 13.155, 14.536, 14.677, 14.984, 14.711, 13.586, 13.238, 12.482, 11.427, 10.905, 10.722, 10.091, 8.516, 7.078, 7.738, 9.534, 11.846, 14.044, 15.715, 16.3, 15.616, 15.43, 14.544, 12.518, 8.821, 4.511, 4.25, 5.675, 6.55, 8.073, 9.357, 9.515, 10.089, 10.307, 9.247, 9.684, 9.967, 10.204, 10.983, 10.389, 8.856, 7.692, 4.953, 3.501, 3.352, 3.496, 2.587, 2.553, 2.201], [11.895, 10.953, 10.119, 10.235, 8.342, 6.229, 6.968, 6.589, 4.961, 4.539, 5.974, 7.467, 8.901, 9.715, 8.031, 7.109, 7.724, 5.865, 5.234, 5.549, 7.03, 8.488, 8.814, 6.608, 5.173, 4.03, 2.354, 1.498, 0.0, 1.406, 1.943, 2.698, 4.667, 5.314, 4.725, 4.688, 5.053, 5.955, 6.926, 7.939, 7.946, 6.564, 7.555, 8.141, 8.148, 8.249, 7.586, 7.843, 6.711, 6.187, 5.291, 6.443, 7.891, 6.861, 6.608, 7.564, 8.995, 10.043, 9.75, 8.717, 9.658, 12.254, 12.577, 10.085, 8.477, 7.357, 8.26, 8.28, 7.993, 8.074, 8.654, 8.844, 7.801, 8.212, 9.062, 7.918, 6.542, 6.618, 5.691, 5.284, 7.089, 5.914, 5.321, 6.428, 7.124, 6.486, 7.03, 8.171, 7.973, 7.367, 6.964, 6.277, 4.827, 4.374, 5.522, 10.183, 13.047, 14.479, 14.657, 14.929, 14.611, 13.456, 13.136, 12.437, 11.433, 10.839, 10.571, 9.895, 8.313, 6.903, 7.539, 9.491, 11.781, 14.023, 15.521, 16.18, 15.519, 15.479, 14.642, 12.578, 8.914, 4.649, 4.952, 6.127, 7.025, 8.063, 9.409, 9.958, 10.678, 10.856, 9.723, 9.745, 9.866, 10.244, 10.897, 10.45, 9.238, 8.506, 5.464, 4.027, 4.298, 4.38, 3.193, 2.795, 2.133], [11.098, 10.159, 9.288, 9.374, 7.328, 5.274, 6.034, 5.521, 4.212, 3.562, 5.115, 6.601, 8.06, 8.854, 7.181, 6.262, 6.875, 4.935, 4.168, 4.611, 6.16, 7.613, 7.952, 5.691, 4.244, 3.276, 1.534, 1.577, 1.406, 0.0, 1.077, 1.802, 3.679, 4.662, 4.066, 3.999, 4.199, 5.268, 6.097, 7.077, 7.044, 5.667, 6.701, 7.324, 7.34, 7.337, 6.575, 6.622, 5.503, 5.112, 4.44, 5.632, 6.911, 5.913, 5.493, 6.578, 8.016, 9.21, 8.916, 7.826, 8.861, 11.455, 11.733, 9.203, 7.592, 6.546, 7.451, 7.383, 7.148, 7.209, 7.763, 7.994, 6.928, 7.363, 8.203, 7.08, 5.679, 5.814, 5.049, 4.462, 6.297, 5.139, 4.485, 5.591, 6.247, 5.586, 6.2, 7.343, 7.096, 6.524, 6.167, 5.421, 3.798, 3.419, 4.514, 9.363, 12.271, 13.619, 13.767, 13.999, 13.67, 12.43, 12.246, 11.569, 10.53, 9.957, 9.71, 8.929, 7.448, 6.019, 6.687, 8.365, 10.697, 12.913, 14.664, 15.275, 14.652, 14.573, 13.643, 11.485, 7.979, 3.688, 4.075, 5.146, 6.002, 7.201, 8.341, 8.881, 9.735, 9.912, 8.948, 8.81, 9.034, 9.505, 9.888, 9.373, 8.08, 7.571, 4.593, 3.349, 3.602, 4.142, 3.28, 2.861, 2.13], [10.691, 9.773, 8.917, 9.009, 7.037, 4.939, 5.626, 5.269, 3.956, 3.398, 4.619, 6.042, 7.482, 8.347, 6.681, 5.655, 6.269, 4.651, 4.075, 4.309, 5.635, 7.162, 7.469, 5.348, 4.08, 3.006, 1.424, 1.617, 1.943, 1.077, 0.0, 1.384, 3.488, 4.186, 3.567, 3.647, 4.03, 4.947, 5.805, 6.652, 6.605, 5.303, 6.289, 6.851, 6.852, 7.021, 6.463, 6.568, 5.415, 4.845, 3.964, 5.189, 6.63, 5.669, 5.237, 6.261, 7.699, 8.872, 8.454, 7.409, 8.387, 10.932, 11.217, 8.597, 6.961, 6.021, 6.901, 6.752, 6.614, 6.599, 7.157, 7.388, 6.419, 6.757, 7.622, 6.663, 5.399, 5.407, 4.646, 4.144, 5.782, 4.651, 3.906, 5.003, 5.688, 5.103, 5.633, 6.837, 6.568, 6.04, 5.723, 5.045, 3.61, 3.27, 4.141, 8.888, 11.748, 13.092, 13.203, 13.546, 13.317, 12.092, 11.796, 11.055, 9.994, 9.447, 9.267, 8.578, 7.054, 5.601, 6.294, 8.154, 10.366, 12.71, 14.38, 14.927, 14.236, 14.043, 13.192, 11.223, 7.495, 3.495, 3.833, 4.901, 5.931, 7.093, 8.176, 8.894, 9.646, 9.851, 8.716, 8.689, 8.785, 9.32, 9.592, 9.333, 8.11, 7.4, 4.367, 2.958, 3.567, 4.218, 3.402, 2.867, 2.043], [10.428, 9.494, 8.609, 8.776, 6.777, 4.647, 5.358, 4.933, 3.293, 2.811, 4.482, 6.002, 7.488, 8.265, 6.47, 5.416, 6.026, 4.172, 3.537, 3.955, 5.475, 6.938, 7.228, 5.014, 2.971, 1.979, 1.516, 1.944, 2.698, 1.802, 1.384, 0.0, 2.613, 3.716, 2.783, 2.684, 3.239, 4.37, 5.37, 6.391, 6.418, 4.975, 6.106, 6.707, 6.708, 6.759, 5.914, 5.835, 4.738, 4.524, 3.841, 4.99, 6.228, 5.189, 4.648, 5.898, 7.298, 8.567, 8.227, 7.165, 8.183, 10.726, 11.0, 8.468, 6.948, 5.983, 6.918, 6.705, 6.522, 6.515, 7.01, 7.169, 6.193, 6.56, 7.454, 6.434, 4.96, 5.223, 4.229, 3.691, 5.547, 4.372, 3.657, 4.757, 5.438, 4.861, 5.417, 6.651, 6.362, 5.835, 5.472, 4.768, 2.89, 2.244, 3.935, 8.738, 11.539, 12.907, 13.048, 13.322, 13.064, 11.895, 11.589, 10.835, 9.785, 9.282, 9.128, 8.433, 6.999, 5.569, 6.237, 7.821, 10.11, 12.309, 14.065, 14.602, 13.919, 13.76, 12.817, 10.721, 7.207, 3.011, 2.951, 4.163, 5.096, 6.461, 7.555, 7.873, 8.514, 8.702, 7.793, 8.059, 8.279, 8.67, 9.197, 8.57, 7.172, 6.154, 3.311, 2.339, 2.908, 3.682, 3.199, 3.131, 2.592], [8.843, 7.934, 7.069, 7.165, 5.117, 3.251, 3.977, 3.419, 2.155, 1.896, 3.235, 4.512, 5.811, 6.576, 4.932, 3.992, 4.6, 2.686, 2.217, 2.26, 3.928, 5.346, 5.683, 3.508, 1.511, 2.06, 2.805, 4.029, 4.667, 3.679, 3.488, 2.613, 0.0, 2.113, 1.74, 1.927, 1.696, 2.856, 3.86, 4.799, 4.789, 3.284, 4.393, 5.017, 5.069, 5.166, 4.422, 4.26, 3.171, 2.958, 2.551, 3.297, 4.693, 3.646, 3.221, 4.476, 5.948, 7.049, 6.648, 5.603, 6.553, 9.178, 9.458, 6.933, 5.353, 4.466, 5.448, 5.153, 4.925, 4.94, 5.496, 5.724, 4.658, 5.093, 5.934, 4.809, 3.392, 3.583, 2.529, 2.236, 4.046, 3.013, 2.995, 3.94, 3.992, 3.636, 4.645, 5.429, 4.998, 4.516, 4.446, 3.673, 1.889, 1.339, 2.515, 7.084, 9.994, 11.361, 11.506, 11.829, 11.522, 10.325, 10.017, 9.312, 8.293, 7.7, 7.409, 6.799, 5.45, 4.309, 4.846, 6.236, 8.54, 10.738, 12.494, 13.109, 12.456, 12.366, 11.432, 9.36, 5.704, 1.892, 1.654, 2.501, 3.011, 4.783, 6.051, 6.061, 6.565, 6.649, 5.972, 6.441, 6.787, 6.899, 7.736, 7.084, 5.349, 4.149, 2.239, 2.6, 3.021, 3.731, 3.879, 4.081, 4.053], [7.199, 6.238, 5.557, 5.557, 4.176, 3.273, 3.767, 3.243, 2.694, 2.389, 3.481, 4.624, 5.22, 5.238, 3.713, 2.662, 2.975, 2.257, 2.387, 1.809, 3.058, 4.112, 4.135, 2.467, 2.58, 3.609, 3.839, 5.043, 5.314, 4.662, 4.186, 3.716, 2.113, 0.0, 1.718, 2.537, 2.035, 1.725, 2.22, 3.151, 3.111, 1.725, 2.872, 3.545, 3.708, 3.709, 3.664, 4.377, 3.018, 1.991, 1.782, 1.861, 3.245, 2.858, 2.898, 3.74, 5.247, 5.627, 5.067, 4.385, 5.1, 7.523, 7.805, 5.388, 4.031, 3.543, 4.92, 4.173, 4.236, 3.894, 3.904, 4.16, 3.103, 3.589, 4.285, 3.153, 2.058, 2.474, 1.751, 1.586, 2.954, 2.531, 3.167, 3.876, 3.377, 3.643, 4.712, 5.049, 4.474, 4.149, 4.656, 3.546, 1.905, 2.516, 2.768, 5.706, 8.346, 9.7, 9.88, 10.166, 9.855, 8.722, 8.344, 7.656, 6.675, 6.048, 5.809, 5.301, 4.569, 4.108, 4.405, 5.334, 7.092, 9.385, 10.86, 11.431, 10.74, 10.736, 9.973, 7.916, 4.288, 2.414, 2.434, 2.484, 2.767, 3.41, 4.724, 5.196, 5.786, 6.008, 4.858, 5.025, 5.125, 5.404, 6.209, 5.789, 4.437, 3.74, 1.947, 2.413, 3.477, 4.37, 4.269, 4.369, 4.45], [8.6, 7.718, 6.868, 6.986, 5.118, 3.589, 4.168, 3.72, 2.636, 2.466, 3.628, 4.883, 5.818, 6.433, 4.662, 3.653, 4.273, 2.785, 2.781, 2.383, 3.862, 5.218, 5.467, 3.329, 2.463, 2.551, 3.06, 3.919, 4.725, 4.066, 3.567, 2.783, 1.74, 1.718, 0.0, 1.478, 2.02, 2.654, 3.614, 4.591, 4.603, 3.191, 4.274, 4.877, 4.916, 5.027, 4.486, 4.763, 3.561, 3.035, 2.528, 3.189, 4.551, 3.532, 3.281, 4.557, 6.06, 6.877, 6.45, 5.51, 6.387, 8.937, 9.233, 6.684, 5.242, 4.476, 5.69, 5.047, 4.915, 4.78, 5.247, 5.397, 4.364, 4.806, 5.674, 4.614, 3.308, 3.581, 2.627, 2.152, 3.878, 2.899, 3.232, 4.054, 3.878, 3.899, 4.847, 5.545, 5.051, 4.737, 4.872, 3.774, 1.967, 1.874, 2.86, 6.927, 9.758, 11.114, 11.255, 11.612, 11.335, 10.233, 9.855, 9.052, 8.047, 7.469, 7.303, 6.81, 5.639, 4.807, 5.098, 6.337, 8.535, 10.781, 12.3, 12.892, 12.175, 12.082, 11.212, 9.19, 5.435, 2.524, 2.114, 3.047, 3.713, 4.762, 6.086, 6.404, 6.965, 7.122, 5.949, 6.332, 6.576, 6.75, 7.646, 7.127, 5.639, 4.495, 2.198, 1.912, 2.775, 3.362, 3.065, 3.458, 3.506], [8.997, 8.066, 7.215, 7.499, 5.485, 3.638, 4.28, 3.825, 2.109, 2.368, 3.751, 5.122, 6.293, 7.017, 5.217, 4.298, 4.906, 2.958, 2.644, 2.688, 4.272, 5.747, 6.043, 3.719, 2.373, 2.012, 3.022, 3.846, 4.688, 3.999, 3.647, 2.684, 1.927, 2.537, 1.478, 0.0, 1.996, 3.048, 4.04, 5.135, 5.14, 3.697, 4.771, 5.369, 5.483, 5.435, 4.602, 4.839, 3.733, 3.521, 3.316, 3.703, 4.84, 3.821, 3.602, 4.778, 6.128, 7.266, 6.969, 5.926, 6.807, 9.41, 9.736, 7.339, 5.835, 4.834, 5.888, 5.613, 5.31, 5.425, 5.848, 6.04, 4.993, 5.402, 6.319, 5.067, 3.76, 4.173, 3.167, 2.838, 4.35, 3.131, 3.014, 3.982, 4.343, 3.774, 4.659, 5.7, 5.284, 4.777, 4.609, 3.961, 2.381, 2.23, 2.998, 7.466, 10.313, 11.633, 11.841, 12.121, 11.746, 10.595, 10.326, 9.571, 8.588, 8.06, 7.824, 7.155, 5.783, 4.562, 5.117, 6.633, 8.879, 11.112, 12.622, 13.258, 12.638, 12.565, 11.697, 9.587, 6.007, 2.29, 1.729, 3.241, 3.902, 5.104, 6.326, 6.582, 7.087, 7.231, 6.191, 6.638, 6.93, 7.067, 7.909, 7.361, 5.85, 4.53, 2.766, 2.552, 2.984, 3.695, 3.465, 3.692, 3.604], [7.517, 6.576, 5.89, 6.21, 4.239, 2.41, 3.047, 2.527, 1.499, 1.62, 2.666, 3.882, 4.977, 5.644, 3.807, 3.006, 3.503, 1.69, 1.516, 1.528, 2.922, 4.37, 4.653, 2.325, 1.399, 3.117, 3.373, 4.796, 5.053, 4.199, 4.03, 3.239, 1.696, 2.035, 2.02, 1.996, 0.0, 1.668, 2.716, 3.748, 3.79, 2.537, 3.419, 3.987, 4.041, 4.189, 3.408, 3.476, 2.372, 2.12, 2.387, 2.404, 3.321, 2.323, 2.171, 3.419, 4.839, 5.91, 5.599, 4.663, 5.43, 7.958, 8.336, 5.954, 4.525, 3.534, 4.614, 4.347, 4.008, 4.128, 4.494, 4.624, 3.626, 3.997, 4.923, 3.715, 2.197, 2.596, 1.737, 1.643, 2.796, 1.851, 2.162, 3.034, 3.036, 2.603, 3.747, 4.56, 4.037, 3.65, 3.566, 2.793, 1.308, 2.189, 1.856, 6.058, 8.839, 10.232, 10.457, 10.784, 10.399, 9.265, 8.966, 8.154, 7.201, 6.679, 6.494, 5.885, 4.552, 3.566, 3.959, 5.199, 7.527, 9.552, 11.254, 11.857, 11.199, 11.117, 10.176, 8.099, 4.644, 1.691, 1.544, 1.934, 2.594, 3.824, 4.938, 5.092, 5.804, 5.925, 4.875, 5.285, 5.493, 5.668, 6.343, 5.787, 4.437, 3.979, 2.383, 2.499, 3.654, 4.552, 4.243, 4.492, 4.5], [6.094, 5.159, 4.488, 4.757, 3.243, 2.36, 2.771, 2.356, 2.518, 2.612, 3.174, 4.109, 4.338, 4.277, 2.579, 2.027, 2.035, 1.173, 1.791, 1.17, 2.249, 3.118, 3.136, 1.412, 2.565, 4.539, 4.581, 6.016, 5.955, 5.268, 4.947, 4.37, 2.856, 1.725, 2.654, 3.048, 1.668, 0.0, 1.348, 2.249, 2.423, 1.638, 2.237, 2.561, 2.697, 2.786, 2.606, 3.452, 2.251, 1.77, 2.291, 1.653, 2.228, 1.751, 1.881, 2.676, 4.039, 4.583, 4.124, 3.353, 3.988, 6.468, 6.818, 4.427, 3.211, 2.52, 3.83, 3.278, 3.122, 2.945, 3.058, 3.162, 2.158, 2.901, 3.41, 2.461, 1.632, 2.247, 1.778, 1.698, 2.129, 1.756, 2.551, 2.858, 2.212, 2.546, 3.909, 4.071, 3.485, 3.325, 3.86, 3.229, 2.065, 3.321, 2.234, 4.668, 7.306, 8.739, 8.939, 9.283, 8.933, 7.832, 7.488, 6.697, 5.698, 5.159, 4.993, 4.441, 3.592, 3.061, 3.314, 4.244, 6.162, 8.36, 9.854, 10.468, 9.784, 9.682, 8.866, 6.881, 3.278, 2.629, 2.508, 1.654, 2.174, 2.643, 3.737, 4.232, 5.055, 5.192, 3.991, 4.069, 4.147, 4.541, 5.094, 4.718, 3.572, 3.406, 2.725, 3.123, 4.436, 5.353, 5.168, 5.298, 5.332], [5.113, 4.207, 3.773, 3.953, 3.052, 2.775, 3.284, 2.881, 3.444, 3.41, 3.609, 4.336, 4.565, 3.998, 2.402, 1.967, 1.683, 1.682, 2.51, 1.739, 2.38, 3.048, 2.558, 1.821, 3.572, 5.613, 5.617, 7.046, 6.926, 6.097, 5.805, 5.37, 3.86, 2.22, 3.614, 4.04, 2.716, 1.348, 0.0, 1.308, 1.617, 1.305, 1.806, 2.089, 2.314, 2.203, 2.529, 3.911, 2.793, 2.114, 2.48, 1.652, 1.994, 2.157, 2.437, 2.774, 3.95, 4.032, 3.688, 3.277, 3.452, 5.527, 5.824, 3.828, 2.792, 2.603, 3.883, 3.238, 3.276, 3.008, 2.563, 2.612, 1.701, 2.414, 2.727, 1.841, 1.58, 2.24, 2.299, 2.416, 2.349, 2.375, 2.952, 2.975, 2.299, 2.883, 4.087, 4.156, 3.664, 3.459, 4.137, 3.562, 2.806, 4.288, 2.712, 4.34, 6.462, 7.728, 7.992, 8.265, 7.867, 6.919, 6.453, 5.65, 4.781, 4.199, 4.1, 3.762, 3.352, 3.371, 3.479, 4.138, 5.306, 7.578, 8.873, 9.391, 8.63, 8.673, 7.996, 5.959, 2.809, 3.296, 3.477, 2.437, 2.227, 2.266, 3.037, 3.608, 4.58, 4.656, 3.501, 3.232, 3.202, 3.849, 4.242, 3.991, 2.929, 3.25, 3.315, 4.001, 5.237, 6.107, 6.166, 6.208, 6.088], [4.128, 3.512, 3.172, 3.303, 2.706, 2.735, 2.907, 2.857, 4.19, 4.09, 3.665, 4.116, 4.267, 3.51, 2.131, 2.267, 1.666, 2.583, 3.41, 2.64, 2.19, 2.597, 1.773, 2.229, 4.583, 6.667, 6.549, 8.04, 7.939, 7.077, 6.652, 6.391, 4.799, 3.151, 4.591, 5.135, 3.748, 2.249, 1.308, 0.0, 1.31, 1.671, 1.711, 1.678, 1.761, 1.913, 2.415, 3.974, 3.254, 2.558, 3.001, 2.05, 2.075, 2.579, 2.667, 2.822, 3.831, 3.56, 3.157, 2.928, 2.933, 4.573, 4.821, 2.949, 2.039, 2.562, 3.362, 2.85, 2.887, 2.991, 2.299, 2.22, 1.3, 2.098, 2.069, 1.529, 1.936, 2.192, 2.885, 3.091, 2.647, 2.955, 3.342, 2.919, 1.997, 3.021, 3.961, 3.975, 3.609, 3.435, 4.03, 3.786, 3.88, 5.353, 3.023, 3.807, 5.431, 6.636, 6.881, 7.29, 6.97, 5.999, 5.443,