[[0.0, 1.402, 2.302, 2.782, 4.695, 5.488, 4.75, 4.338, 2.309, 1.731, 1.953, 1.909, 2.241, 2.742, 3.315, 3.697, 4.592, 6.17, 6.992, 6.788, 7.483, 8.288, 8.538, 7.378, 5.368, 4.428, 4.246, 3.582, 3.706, 4.143, 6.461, 8.469, 6.898, 7.669, 10.405, 11.12, 11.763, 12.703, 15.041, 16.412, 16.101, 16.717, 18.028, 17.623, 14.366, 12.348, 12.899, 10.039, 7.63, 8.796, 10.195, 9.356, 9.483, 8.962, 9.43, 12.402, 10.604, 7.03, 5.521, 4.314, 3.352, 3.607, 6.251, 7.357, 6.316, 5.085, 5.381, 7.288, 8.641, 9.185, 8.988, 8.452, 7.992, 7.544, 6.896, 6.984, 7.041, 7.302, 6.177, 5.355, 5.796, 6.211, 4.434, 2.786, 2.34, 2.633, 1.664, 2.112, 5.882, 9.4, 10.36, 9.749, 8.505, 9.406, 10.266, 11.333, 11.519, 11.251, 11.915, 12.061, 13.695, 14.306, 12.685, 10.733, 10.785, 11.181, 10.552, 7.93, 5.939, 4.853, 5.929, 8.014, 9.551, 9.802, 9.044, 9.153, 10.338, 11.913, 11.534, 11.356, 11.297, 10.401, 9.103, 7.619, 6.16, 7.21, 8.754, 8.317, 9.409, 14.332, 19.743, 19.367, 18.525, 20.106, 17.528, 14.065, 11.668, 10.361, 8.935, 7.154, 5.642, 5.405, 5.309, 4.66, 3.759, 3.447], [1.402, 0.0, 2.242, 3.028, 4.721, 5.533, 4.919, 4.544, 2.81, 2.452, 2.532, 2.519, 2.826, 3.126, 3.756, 4.179, 5.135, 6.611, 7.442, 7.237, 7.525, 8.463, 8.823, 7.539, 5.282, 4.449, 4.438, 3.963, 4.088, 4.133, 6.465, 8.516, 7.312, 7.842, 10.357, 11.188, 11.689, 12.611, 15.13, 16.448, 16.235, 16.826, 18.03, 17.621, 14.374, 12.458, 12.855, 10.27, 7.835, 9.033, 10.424, 9.644, 9.674, 9.198, 9.525, 12.326, 10.891, 7.19, 5.754, 4.698, 3.279, 4.001, 6.679, 7.532, 6.553, 5.411, 5.744, 7.656, 8.995, 9.29, 9.068, 8.466, 7.58, 7.195, 6.618, 6.712, 6.896, 7.232, 6.147, 5.437, 5.708, 6.03, 4.146, 2.742, 2.668, 2.85, 2.186, 2.577, 5.974, 9.501, 10.49, 9.941, 8.719, 9.502, 10.463, 11.508, 11.56, 11.225, 11.736, 11.996, 13.634, 14.231, 12.711, 10.777, 10.915, 11.349, 10.74, 8.11, 6.262, 5.204, 6.125, 8.18, 9.748, 9.919, 9.124, 9.312, 10.336, 11.654, 11.414, 11.277, 11.209, 10.501, 9.393, 7.939, 6.555, 7.641, 9.003, 8.595, 9.76, 14.55, 19.782, 19.525, 18.68, 20.287, 17.589, 14.145, 11.736, 10.596, 9.234, 7.244, 5.974, 5.895, 5.458, 5.04, 3.943, 3.539], [2.302, 2.242, 0.0, 1.643, 3.32, 3.814, 3.332, 2.92, 2.309, 2.85, 3.326, 2.905, 3.303, 4.187, 5.047, 5.565, 6.419, 8.035, 8.879, 8.664, 9.142, 10.056, 10.407, 9.014, 6.366, 4.797, 4.365, 3.779, 3.606, 3.338, 5.777, 7.774, 6.281, 6.398, 8.728, 9.537, 10.11, 10.885, 13.198, 14.524, 14.271, 14.867, 16.136, 15.739, 12.457, 10.5, 10.983, 8.647, 6.231, 7.146, 8.972, 8.187, 8.03, 7.77, 7.918, 10.508, 9.435, 6.067, 4.651, 3.789, 3.693, 5.22, 7.965, 9.116, 8.076, 6.533, 6.832, 8.822, 10.014, 10.375, 10.377, 9.899, 9.019, 8.322, 7.629, 7.332, 7.681, 7.854, 6.648, 5.831, 6.252, 6.461, 4.618, 3.707, 3.923, 4.244, 3.154, 2.002, 4.556, 7.56, 8.523, 7.971, 6.915, 7.578, 8.489, 9.542, 9.633, 9.383, 10.006, 10.214, 11.811, 12.375, 10.812, 8.893, 8.971, 9.402, 8.778, 6.525, 4.807, 3.98, 4.391, 6.277, 7.85, 8.011, 7.36, 7.835, 8.757, 10.198, 9.591, 9.441, 9.421, 8.973, 7.855, 6.467, 5.234, 6.216, 7.376, 7.271, 8.981, 12.929, 17.889, 17.557, 16.711, 18.318, 15.653, 12.181, 9.895, 9.203, 7.743, 6.017, 4.881, 4.949, 4.945, 4.2, 3.821, 3.512], [2.782, 3.028, 1.643, 0.0, 2.488, 3.064, 2.732, 2.678, 2.101, 3.106, 3.951, 3.432, 3.691, 4.749, 5.674, 6.232, 7.105, 8.723, 9.51, 9.361, 10.165, 10.819, 11.226, 9.834, 7.265, 5.288, 4.577, 3.9, 3.916, 3.688, 5.615, 7.235, 5.488, 5.564, 8.097, 8.766, 9.498, 10.284, 12.429, 13.844, 13.407, 14.045, 15.46, 15.063, 11.849, 9.721, 10.373, 7.666, 5.26, 6.134, 7.856, 7.144, 7.056, 6.934, 7.068, 9.899, 8.637, 5.354, 3.954, 3.313, 4.017, 6.108, 8.729, 9.991, 8.878, 7.237, 7.526, 9.59, 10.847, 11.052, 11.257, 10.902, 10.016, 9.363, 8.681, 8.384, 8.672, 8.909, 7.535, 6.718, 7.207, 7.6, 5.734, 4.595, 4.745, 5.051, 3.577, 1.589, 3.821, 6.741, 7.7, 7.025, 5.909, 6.765, 7.737, 8.767, 9.007, 8.711, 9.371, 9.447, 11.122, 11.802, 10.139, 8.183, 8.146, 8.45, 7.83, 5.424, 3.687, 2.925, 3.331, 5.343, 6.88, 7.194, 6.545, 7.064, 8.045, 9.552, 9.02, 8.836, 8.753, 8.143, 7.125, 5.758, 4.352, 5.344, 6.449, 6.435, 8.205, 11.904, 17.121, 16.649, 15.839, 17.418, 14.936, 11.549, 9.126, 8.079, 6.674, 5.248, 4.003, 4.172, 4.346, 3.735, 4.18, 3.853], [4.695, 4.721, 3.32, 2.488, 0.0, 1.506, 2.916, 2.385, 3.48, 5.138, 5.991, 5.379, 5.717, 6.813, 7.64, 8.235, 9.067, 10.715, 11.544, 11.305, 11.794, 12.749, 13.124, 11.725, 9.018, 6.847, 5.687, 5.131, 4.915, 4.39, 6.373, 7.635, 6.285, 5.757, 7.472, 8.334, 8.765, 9.516, 11.249, 12.386, 11.955, 12.743, 13.639, 13.138, 10.27, 8.437, 8.927, 7.433, 5.804, 5.638, 7.576, 7.144, 7.132, 6.798, 6.596, 9.113, 8.008, 5.489, 4.375, 4.465, 5.288, 7.955, 10.68, 11.813, 10.763, 9.149, 9.465, 11.402, 12.552, 12.813, 12.932, 12.508, 11.531, 10.746, 10.142, 9.741, 9.741, 9.654, 8.772, 8.02, 8.018, 7.545, 6.338, 6.196, 6.563, 6.894, 5.632, 3.537, 3.54, 5.79, 6.273, 5.878, 5.219, 5.431, 6.574, 7.761, 7.549, 6.985, 7.246, 7.74, 9.387, 9.874, 8.464, 6.885, 6.977, 7.569, 6.927, 5.197, 3.988, 3.538, 3.404, 4.481, 6.312, 6.408, 6.243, 6.761, 7.646, 8.495, 7.73, 7.444, 7.763, 7.776, 7.412, 6.149, 5.432, 5.445, 6.313, 6.796, 8.546, 11.867, 15.345, 15.255, 14.769, 16.134, 13.55, 10.168, 8.464, 8.3, 6.973, 5.237, 4.709, 5.219, 5.577, 4.89, 5.375, 5.053], [5.488, 5.533, 3.814, 3.064, 1.506, 0.0, 2.047, 2.016, 3.919, 5.706, 6.521, 5.994, 6.247, 7.469, 8.304, 8.863, 9.745, 11.378, 12.175, 11.939, 12.445, 13.449, 13.821, 12.43, 9.654, 7.629, 6.44, 5.493, 5.104, 4.641, 6.255, 7.247, 6.123, 5.541, 6.704, 7.562, 7.823, 8.619, 10.466, 11.815, 11.304, 12.076, 12.959, 12.425, 9.586, 7.63, 8.188, 6.533, 5.65, 5.188, 6.677, 6.346, 6.257, 5.945, 5.726, 8.213, 7.235, 5.265, 4.342, 4.703, 6.117, 8.79, 11.374, 12.511, 11.457, 9.872, 10.12, 12.04, 13.243, 13.489, 13.63, 13.176, 12.208, 11.378, 10.797, 10.45, 10.448, 10.405, 9.472, 8.717, 8.676, 8.403, 7.054, 6.984, 7.33, 7.659, 6.372, 4.182, 3.029, 4.91, 5.634, 5.116, 4.486, 4.723, 5.873, 6.949, 6.886, 6.37, 6.65, 7.164, 8.808, 9.249, 7.743, 6.164, 6.261, 6.841, 6.126, 4.335, 3.599, 3.275, 2.855, 3.697, 5.434, 5.601, 5.373, 5.976, 6.772, 7.692, 7.012, 6.723, 6.983, 7.003, 6.865, 5.818, 5.268, 5.004, 5.538, 6.141, 7.826, 10.998, 14.716, 14.569, 14.07, 15.436, 12.891, 9.547, 7.686, 7.371, 6.101, 4.75, 4.395, 5.146, 5.598, 4.963, 5.808, 5.659], [4.75, 4.919, 3.332, 2.732, 2.916, 2.047, 0.0, 1.753, 3.382, 4.864, 5.711, 5.178, 5.448, 6.68, 7.581, 8.104, 8.999, 10.624, 11.419, 11.195, 11.813, 12.645, 13.01, 11.649, 8.925, 7.155, 6.35, 5.398, 5.063, 4.74, 5.535, 6.482, 5.028, 4.584, 6.26, 7.043, 7.435, 8.319, 10.574, 11.954, 11.626, 12.263, 13.585, 13.11, 9.884, 7.873, 8.429, 5.79, 4.609, 4.875, 6.085, 5.403, 5.379, 5.169, 5.231, 7.954, 7.102, 4.633, 3.915, 4.164, 5.794, 8.062, 10.612, 11.722, 10.667, 9.286, 9.491, 11.345, 12.676, 12.89, 13.025, 12.557, 11.627, 10.891, 10.352, 9.969, 10.399, 10.526, 9.286, 8.563, 8.727, 9.209, 7.461, 6.448, 6.613, 6.909, 5.652, 3.633, 2.27, 4.878, 5.884, 5.26, 4.176, 4.917, 5.827, 6.869, 7.027, 6.785, 7.388, 7.559, 9.185, 9.791, 8.148, 6.335, 6.316, 6.762, 6.099, 3.755, 2.561, 2.802, 2.023, 3.704, 5.168, 5.379, 4.739, 5.244, 6.048, 7.516, 7.036, 6.875, 6.901, 6.444, 6.266, 5.19, 4.257, 4.05, 5.047, 5.155, 6.758, 10.193, 15.262, 14.896, 14.056, 15.632, 13.053, 9.635, 7.24, 6.448, 5.122, 3.817, 3.297, 4.058, 4.615, 4.129, 5.647, 5.476], [4.338, 4.544, 2.92, 2.678, 2.385, 2.016, 1.753, 0.0, 2.654, 4.377, 5.365, 4.872, 5.059, 6.18, 6.957, 7.536, 8.39, 10.043, 10.835, 10.624, 11.113, 12.074, 12.433, 11.038, 8.329, 6.627, 5.834, 4.893, 4.495, 4.12, 5.563, 6.726, 5.464, 5.121, 6.903, 7.803, 8.459, 9.203, 11.576, 12.877, 12.419, 13.224, 14.281, 13.8, 10.627, 8.773, 9.311, 7.085, 5.367, 5.928, 7.546, 6.769, 6.497, 5.924, 6.004, 8.985, 7.228, 4.891, 3.635, 3.757, 5.301, 7.461, 10.054, 11.127, 10.128, 8.797, 9.063, 10.815, 11.96, 12.701, 12.627, 12.132, 11.341, 10.717, 9.884, 9.665, 9.707, 9.901, 8.764, 8.212, 8.291, 8.327, 6.705, 6.223, 6.231, 6.394, 5.239, 3.227, 2.653, 5.808, 6.738, 6.216, 5.559, 5.898, 6.982, 8.032, 7.955, 7.512, 7.936, 8.207, 9.835, 10.373, 8.914, 7.373, 7.379, 7.973, 7.24, 5.181, 3.336, 2.967, 3.19, 4.777, 6.489, 6.45, 5.965, 5.884, 7.324, 8.727, 8.051, 7.743, 7.794, 7.189, 6.598, 5.393, 4.844, 4.511, 5.728, 6.013, 7.598, 11.542, 15.885, 15.74, 15.225, 16.564, 14.017, 10.618, 8.494, 7.707, 6.252, 4.284, 3.98, 4.421, 4.875, 4.047, 5.185, 5.003], [2.309, 2.81, 2.309, 2.101, 3.48, 3.919, 3.382, 2.654, 0.0, 1.963, 3.186, 3.083, 2.715, 3.734, 4.472, 5.065, 5.903, 7.537, 8.359, 8.11, 8.795, 9.632, 10.01, 8.625, 6.096, 4.56, 3.821, 3.098, 3.041, 3.247, 5.029, 6.91, 5.611, 6.241, 9.021, 9.699, 10.402, 11.363, 13.643, 15.054, 14.583, 15.318, 16.558, 16.175, 12.969, 10.894, 11.469, 8.661, 6.342, 7.603, 9.192, 8.265, 8.129, 7.519, 7.963, 11.078, 9.085, 5.514, 4.098, 2.915, 3.293, 5.127, 7.57, 8.701, 7.76, 6.7, 6.886, 8.588, 9.989, 10.756, 10.483, 10.032, 9.495, 9.007, 8.28, 8.321, 8.239, 8.588, 7.387, 6.601, 6.951, 7.422, 5.722, 4.492, 4.195, 4.117, 3.355, 1.924, 4.322, 7.911, 8.916, 8.27, 7.316, 7.907, 9.071, 10.106, 10.184, 9.814, 10.411, 10.514, 12.201, 12.843, 11.256, 9.443, 9.383, 9.891, 9.244, 6.87, 4.652, 3.848, 4.717, 6.672, 8.341, 8.393, 7.798, 7.704, 9.253, 10.605, 10.243, 9.996, 9.946, 8.962, 7.743, 6.128, 4.92, 5.734, 7.397, 7.29, 8.483, 13.275, 18.291, 17.901, 17.126, 18.673, 16.223, 12.852, 10.383, 9.391, 7.71, 5.668, 4.678, 4.263, 4.533, 3.409, 3.404, 3.035], [1.731, 2.452, 2.85, 3.106, 5.138, 5.706, 4.864, 4.377, 1.963, 0.0, 1.772, 1.658, 1.478, 2.412, 3.232, 3.581, 4.39, 5.921, 6.688, 6.644, 7.319, 7.997, 8.224, 7.235, 5.677, 4.667, 4.206, 3.442, 3.692, 4.389, 6.502, 8.392, 7.05, 7.885, 10.757, 11.474, 12.084, 13.023, 15.403, 16.738, 16.407, 17.049, 18.391, 17.962, 14.725, 12.699, 13.249, 10.352, 7.919, 9.008, 10.405, 9.57, 9.761, 9.256, 9.744, 12.733, 10.893, 7.345, 5.692, 4.072, 3.34, 4.351, 6.438, 7.197, 6.17, 5.337, 5.668, 7.458, 8.752, 9.522, 9.312, 8.8, 8.528, 8.121, 7.442, 7.564, 7.628, 7.875, 6.798, 6.242, 6.513, 7.066, 5.688, 3.935, 3.341, 3.223, 2.754, 2.549, 6.109, 9.685, 10.712, 10.023, 8.777, 9.727, 10.647, 11.66, 11.871, 11.613, 12.195, 12.348, 13.965, 14.624, 12.988, 11.122, 11.128, 11.468, 10.849, 8.158, 6.092, 5.118, 6.189, 8.319, 9.874, 10.145, 9.351, 9.412, 10.659, 12.224, 11.855, 11.681, 11.634, 10.737, 9.449, 7.81, 6.427, 7.437, 9.037, 8.648, 9.39, 14.603, 20.09, 19.667, 18.854, 20.415, 17.888, 14.461, 11.976, 10.559, 9.168, 7.341, 5.739, 5.407, 5.176, 4.399, 3.448, 3.268], [1.953, 2.532, 3.326, 3.951, 5.991, 6.521, 5.711, 5.365, 3.186, 1.772, 0.0, 1.474, 2.104, 2.602, 2.946, 3.233, 3.96, 5.399, 6.209, 6.177, 6.739, 7.386, 7.516, 7.06, 5.871, 5.247, 5.018, 4.624, 4.889, 5.25, 7.677, 9.632, 8.145, 8.883, 11.631, 12.299, 12.949, 13.884, 16.186, 17.592, 17.234, 17.855, 19.159, 18.719, 15.56, 13.487, 14.063, 11.214, 8.788, 9.908, 11.274, 10.415, 10.595, 10.114, 10.559, 13.563, 11.84, 8.297, 6.783, 5.565, 4.195, 4.317, 5.941, 6.58, 5.422, 4.404, 4.661, 6.472, 7.787, 8.254, 8.084, 7.53, 7.011, 6.638, 6.105, 6.202, 6.485, 6.741, 5.491, 5.038, 5.361, 5.976, 4.631, 3.348, 2.644, 2.713, 2.624, 3.471, 7.059, 10.474, 11.499, 10.863, 9.637, 10.51, 11.467, 12.484, 12.715, 12.41, 12.961, 13.159, 14.803, 15.423, 13.793, 11.916, 11.931, 12.33, 11.705, 9.061, 7.099, 6.009, 7.083, 9.16, 10.707, 10.978, 10.231, 10.384, 11.535, 13.017, 12.661, 12.504, 12.438, 11.563, 10.342, 8.808, 7.406, 8.437, 9.94, 9.562, 10.459, 15.503, 20.867, 20.505, 19.671, 21.252, 18.689, 15.288, 12.848, 11.477, 10.102, 8.334, 6.735, 6.56, 6.46, 5.617, 4.438, 4.149], [1.909, 2.519, 2.905, 3.432, 5.379, 5.994, 5.178, 4.872, 3.083, 1.658, 1.474, 0.0, 1.788, 2.55, 3.244, 3.528, 4.307, 5.852, 6.544, 6.602, 7.259, 7.859, 8.0, 7.258, 5.872, 5.041, 4.864, 4.363, 4.629, 5.244, 7.589, 9.513, 8.069, 8.394, 11.096, 11.852, 12.389, 13.306, 15.634, 17.014, 16.657, 17.303, 18.613, 18.178, 14.994, 12.937, 13.507, 10.626, 8.275, 9.307, 10.681, 9.831, 10.041, 9.675, 10.008, 13.005, 11.641, 8.238, 6.701, 5.445, 3.983, 4.512, 6.446, 7.097, 5.952, 4.969, 5.305, 7.105, 8.434, 8.786, 8.722, 8.233, 7.547, 6.961, 6.473, 6.379, 6.816, 7.039, 5.707, 5.274, 5.552, 6.173, 4.773, 3.618, 3.078, 3.043, 2.383, 2.936, 6.518, 9.923, 10.949, 10.286, 9.038, 9.96, 10.926, 11.923, 12.16, 11.867, 12.422, 12.6, 14.22, 14.871, 13.228, 11.38, 11.374, 11.756, 11.124, 8.454, 6.486, 5.489, 6.486, 8.581, 10.134, 10.447, 9.662, 9.869, 10.942, 12.475, 12.113, 11.95, 11.917, 11.235, 10.136, 8.696, 7.162, 8.187, 9.67, 9.322, 10.219, 14.892, 20.315, 19.929, 19.101, 20.675, 18.143, 14.729, 12.264, 10.881, 9.583, 7.833, 6.288, 6.444, 6.251, 5.461, 4.342, 4.031], [2.241, 2.826, 3.303, 3.691, 5.717, 6.247, 5.448, 5.059, 2.715, 1.478, 2.104, 1.788, 0.0, 1.686, 2.681, 3.163, 3.993, 5.43, 6.205, 6.258, 7.133, 7.715, 7.975, 6.993, 5.32, 4.353, 4.01, 3.622, 4.094, 4.996, 7.254, 9.146, 7.767, 8.501, 11.336, 12.008, 12.676, 13.597, 15.86, 17.284, 16.843, 17.467, 18.877, 18.473, 15.283, 13.176, 13.785, 10.85, 8.394, 9.495, 10.774, 9.979, 10.172, 9.809, 10.261, 13.262, 11.529, 7.813, 6.239, 4.712, 3.135, 4.016, 6.192, 7.004, 5.899, 4.727, 5.24, 7.04, 8.392, 9.148, 8.88, 8.481, 8.163, 7.738, 7.168, 7.224, 7.382, 7.625, 6.416, 5.763, 6.217, 6.747, 5.303, 3.654, 2.934, 2.993, 2.88, 2.921, 6.724, 10.13, 11.127, 10.357, 9.191, 10.13, 11.197, 12.211, 12.43, 12.107, 12.698, 12.782, 14.487, 15.163, 13.533, 11.622, 11.615, 11.804, 11.197, 8.585, 6.607, 5.537, 6.537, 8.79, 10.364, 10.624, 9.927, 10.072, 11.257, 12.756, 12.393, 12.212, 12.123, 11.256, 9.983, 8.45, 6.918, 8.034, 9.471, 9.255, 10.117, 15.144, 20.545, 20.046, 19.285, 20.87, 18.389, 15.01, 12.553, 11.079, 9.644, 7.949, 6.351, 6.087, 6.063, 5.247, 3.41, 3.263], [2.742, 3.126, 4.187, 4.749, 6.813, 7.469, 6.68, 6.18, 3.734, 2.412, 2.602, 2.55, 1.686, 0.0, 1.389, 2.009, 3.042, 4.218, 4.974, 4.962, 5.869, 6.428, 6.774, 5.656, 3.903, 3.21, 3.752, 4.319, 4.835, 5.874, 8.281, 10.155, 8.806, 9.666, 12.533, 13.236, 13.911, 14.829, 17.105, 18.519, 18.056, 18.71, 20.104, 19.698, 16.501, 14.407, 15.014, 12.05, 9.616, 10.738, 12.022, 11.226, 11.4, 10.994, 11.475, 14.499, 12.649, 8.951, 7.355, 5.681, 3.002, 2.657, 4.871, 5.691, 4.633, 3.693, 4.075, 5.916, 7.189, 8.141, 7.947, 7.665, 7.496, 7.225, 6.593, 6.595, 6.746, 7.024, 5.773, 5.196, 5.533, 6.139, 4.614, 2.904, 2.766, 2.747, 2.542, 4.029, 7.889, 11.362, 12.353, 11.57, 10.418, 11.368, 12.437, 13.46, 13.655, 13.339, 13.917, 14.007, 15.702, 16.381, 14.75, 12.896, 12.848, 13.029, 12.394, 9.82, 7.778, 6.766, 7.751, 10.028, 11.611, 11.865, 11.149, 11.223, 12.513, 14.01, 13.628, 13.449, 13.361, 12.471, 11.173, 9.569, 8.088, 9.155, 10.7, 10.484, 11.33, 16.393, 21.777, 21.273, 20.517, 22.103, 19.63, 16.254, 13.77, 12.347, 10.857, 9.092, 7.608, 7.184, 7.057, 6.272, 3.876, 3.528], [3.315, 3.756, 5.047, 5.674, 7.64, 8.304, 7.581, 6.957, 4.472, 3.232, 2.946, 3.244, 2.681, 1.389, 0.0, 1.422, 2.544, 3.302, 4.065, 3.978, 4.804, 5.474, 5.846, 4.982, 3.637, 3.399, 3.89, 5.169, 5.507, 6.747, 8.916, 10.718, 9.641, 10.545, 13.406, 14.089, 14.758, 15.702, 17.941, 19.413, 18.905, 19.563, 20.947, 20.542, 17.373, 15.262, 15.864, 12.902, 10.483, 11.689, 12.922, 12.088, 12.256, 11.848, 12.314, 15.374, 13.419, 9.753, 8.188, 6.412, 3.447, 2.275, 3.903, 4.746, 4.125, 3.583, 3.731, 5.466, 6.772, 7.931, 7.818, 7.574, 7.422, 7.151, 6.495, 6.445, 6.612, 6.906, 5.626, 5.021, 5.379, 5.945, 4.401, 2.86, 2.591, 2.512, 2.66, 4.817, 8.695, 12.218, 13.229, 12.425, 11.316, 12.208, 13.336, 14.359, 14.539, 14.189, 14.759, 14.866, 16.565, 17.223, 15.637, 13.736, 13.729, 13.881, 13.268, 10.709, 8.672, 7.67, 8.695, 10.892, 12.491, 12.727, 12.032, 12.022, 13.419, 14.843, 14.527, 14.32, 14.232, 13.337, 12.03, 10.392, 9.029, 10.017, 11.549, 11.409, 12.228, 17.311, 22.64, 22.125, 21.384, 22.982, 20.514, 17.161, 14.63, 13.274, 11.743, 9.87, 8.578, 8.083, 7.972, 6.924, 4.212, 3.979], [3.697, 4.179, 5.565, 6.232, 8.235, 8.863, 8.104, 7.536, 5.065, 3.581, 3.233, 3.528, 3.163, 2.009, 1.422, 0.0, 1.657, 2.715, 3.407, 3.441, 4.292, 4.9, 5.062, 4.253, 3.135, 2.901, 3.798, 5.652, 5.993, 7.292, 9.567, 11.346, 10.127, 11.115, 13.968, 14.652, 15.29, 16.225, 18.56, 19.952, 19.545, 20.184, 21.529, 21.128, 17.94, 15.845, 16.441, 13.53, 11.094, 12.185, 13.574, 12.712, 12.893, 12.427, 12.91, 15.929, 14.022, 10.346, 8.777, 6.934, 3.907, 2.729, 3.61, 4.346, 4.261, 3.826, 3.985, 5.47, 6.739, 8.122, 8.229, 8.027, 7.828, 7.635, 6.977, 6.87, 7.142, 7.471, 6.17, 5.633, 5.92, 6.439, 4.993, 3.347, 3.071, 3.108, 3.147, 5.44, 9.292, 12.834, 13.851, 13.172, 11.918, 12.847, 13.86, 14.882, 15.102, 14.788, 15.35, 15.475, 17.178, 17.811, 16.188, 14.27, 14.276, 14.633, 14.01, 11.336, 9.236, 8.261, 9.361, 11.48, 13.047, 13.277, 12.592, 12.614, 13.888, 15.41, 15.053, 14.875, 14.81, 13.884, 12.606, 10.962, 9.594, 10.573, 12.166, 11.883, 12.626, 17.839, 23.247, 22.815, 21.984, 23.561, 21.085, 17.664, 15.209, 13.775, 12.352, 10.523, 8.996, 8.569, 8.386, 7.478, 4.685, 4.566], [4.592, 5.135, 6.419, 7.105, 9.067, 9.745, 8.999, 8.39, 5.903, 4.39, 3.96, 4.307, 3.993, 3.042, 2.544, 1.657, 0.0, 1.924, 2.853, 3.072, 3.782, 3.986, 4.195, 3.595, 3.032, 3.075, 4.603, 6.524, 6.859, 8.125, 10.386, 12.15, 10.997, 11.934, 14.799, 15.52, 16.11, 17.074, 19.43, 20.787, 20.399, 21.068, 22.372, 22.003, 18.769, 16.717, 17.278, 14.405, 11.965, 13.071, 14.44, 13.602, 13.76, 13.292, 13.774, 16.766, 14.893, 11.174, 9.619, 7.76, 4.728, 3.009, 3.003, 3.73, 3.923, 3.898, 3.912, 4.89, 6.166, 7.582, 8.205, 7.926, 7.675, 7.619, 7.108, 6.977, 7.336, 7.776, 6.516, 5.924, 6.117, 6.525, 5.445, 4.067, 3.871, 3.829, 4.347, 6.302, 10.11, 13.713, 14.721, 14.026, 12.802, 13.718, 14.72, 15.758, 15.93, 15.618, 16.216, 16.304, 18.003, 18.651, 17.054, 15.145, 15.146, 15.506, 14.874, 12.216, 10.12, 9.15, 10.233, 12.349, 13.938, 14.135, 13.433, 13.438, 14.749, 16.231, 15.904, 15.715, 15.652, 14.743, 13.49, 11.826, 10.429, 11.41, 13.058, 12.744, 13.497, 18.72, 24.113, 23.669, 22.858, 24.415, 21.957, 18.504, 16.054, 14.66, 13.219, 11.359, 9.859, 9.41, 9.279, 8.315, 5.518, 5.362], [6.17, 6.611, 8.035, 8.723, 10.715, 11.378, 10.624, 10.043, 7.537, 5.921, 5.399, 5.852, 5.43, 4.218, 3.302, 2.715, 1.924, 0.0, 1.439, 1.938, 2.494, 2.56, 2.674, 2.455, 2.823, 4.217, 6.17, 8.114, 8.508, 9.773, 11.947, 13.701, 12.622, 13.553, 16.436, 17.166, 17.762, 18.702, 21.073, 22.422, 22.023, 22.699, 24.022, 23.659, 20.413, 18.357, 18.921, 16.022, 13.6, 14.679, 16.038, 15.225, 15.384, 14.924, 15.433, 18.398, 16.546, 12.813, 11.238, 9.325, 6.209, 3.174, 2.353, 3.037, 3.426, 3.923, 3.554, 4.184, 5.573, 6.91, 7.599, 7.339, 7.103, 7.015, 6.546, 6.474, 6.952, 7.36, 6.243, 5.558, 5.718, 6.022, 5.424, 4.924, 4.623, 4.227, 5.291, 7.931, 11.741, 15.357, 16.37, 15.632, 14.433, 15.363, 16.354, 17.41, 17.555, 17.254, 17.862, 17.943, 19.634, 20.293, 18.702, 16.775, 16.8, 17.08, 16.46, 13.841, 11.757, 10.772, 11.793, 13.983, 15.569, 15.782, 15.046, 15.074, 16.404, 17.87, 17.544, 17.349, 17.294, 16.388, 15.117, 13.475, 11.999, 13.039, 14.675, 14.373, 15.1, 20.337, 25.765, 25.297, 24.494, 26.061, 23.599, 20.151, 17.665, 16.276, 14.821, 12.946, 11.47, 11.051, 10.852, 9.839, 7.035, 6.884], [6.992, 7.442, 8.879, 9.51, 11.544, 12.175, 11.419, 10.835, 8.359, 6.688, 6.209, 6.544, 6.205, 4.974, 4.065, 3.407, 2.853, 1.439, 0.0, 1.307, 1.854, 1.893, 2.072, 1.848, 3.068, 4.992, 7.015, 8.957, 9.32, 10.601, 12.772, 14.532, 13.473, 14.42, 17.277, 17.975, 18.596, 19.554, 21.819, 23.276, 22.823, 23.45, 24.844, 24.442, 21.259, 19.158, 19.763, 16.786, 14.36, 15.496, 16.796, 15.965, 16.136, 15.727, 16.215, 19.233, 17.319, 13.663, 12.069, 10.214, 7.059, 3.742, 2.66, 3.28, 4.451, 5.106, 4.57, 4.407, 5.517, 7.144, 7.848, 7.548, 7.567, 7.471, 7.159, 7.111, 7.654, 8.084, 7.081, 6.391, 6.334, 6.891, 6.482, 5.944, 5.655, 5.248, 6.062, 8.658, 12.599, 16.099, 17.115, 16.397, 15.173, 16.111, 17.183, 18.188, 18.419, 18.086, 18.663, 18.783, 20.465, 21.127, 19.505, 17.607, 17.598, 17.865, 17.237, 14.581, 12.5, 11.506, 12.596, 14.774, 16.347, 16.612, 15.918, 15.928, 17.236, 18.715, 18.364, 18.183, 18.103, 17.215, 15.912, 14.27, 12.897, 13.898, 15.434, 15.234, 15.939, 21.138, 26.519, 26.042, 25.261, 26.85, 24.366, 20.988, 18.524, 17.069, 15.612, 13.757, 12.319, 11.898, 11.709, 10.674, 7.827, 7.706], [6.788, 7.237, 8.664, 9.361, 11.305, 11.939, 11.195, 10.624, 8.11, 6.644, 6.177, 6.602, 6.258, 4.962, 3.978, 3.441, 3.072, 1.938, 1.307, 0.0, 1.413, 1.795, 2.116, 1.604, 2.766, 4.758, 6.827, 8.831, 9.094, 10.367, 12.525, 14.319, 13.234, 14.221, 17.046, 17.724, 18.35, 19.317, 21.607, 23.046, 22.609, 23.243, 24.602, 24.194, 21.03, 18.908, 19.516, 16.594, 14.187, 15.352, 16.662, 15.811, 15.961, 15.482, 15.958, 19.019, 17.073, 13.416, 11.87, 10.054, 6.905, 3.568, 3.004, 3.627, 4.862, 5.553, 4.939, 4.751, 5.734, 7.506, 8.101, 7.823, 7.904, 7.839, 7.535, 7.466, 7.939, 8.388, 7.384, 6.708, 6.616, 7.139, 6.602, 5.936, 5.672, 5.344, 6.03, 8.519, 12.345, 15.885, 16.903, 16.261, 15.042, 15.898, 16.961, 17.953, 18.198, 17.871, 18.41, 18.557, 20.255, 20.892, 19.255, 17.363, 17.34, 17.729, 17.092, 14.468, 12.364, 11.361, 12.484, 14.568, 16.141, 16.362, 15.701, 15.708, 17.007, 18.489, 18.139, 17.956, 17.889, 16.963, 15.675, 14.02, 12.741, 13.671, 15.241, 15.026, 15.779, 20.966, 26.294, 25.894, 25.048, 26.635, 24.15, 20.755, 18.318, 16.933, 15.442, 13.548, 12.172, 11.735, 11.599, 10.486, 7.729, 7.509], [7.483, 7.525, 9.142, 10.165, 11.794, 12.445, 11.813, 11.113, 8.795, 7.319, 6.739, 7.259, 7.133, 5.869, 4.804, 4.292, 3.782, 2.494, 1.854, 1.413, 0.0, 1.576, 2.042, 1.955, 3.332, 5.165, 7.467, 9.671, 9.669, 10.701, 12.857, 14.567, 13.953, 14.83, 17.442, 18.29, 18.712, 19.672, 22.231, 23.6, 23.37, 23.961, 25.117, 24.697, 21.482, 19.586, 19.958, 17.339, 14.937, 16.186, 17.537, 16.663, 16.753, 16.103, 16.527, 19.429, 17.648, 13.967, 12.428, 10.607, 7.49, 4.13, 3.092, 3.478, 4.882, 5.792, 5.176, 4.789, 5.886, 7.706, 8.142, 7.612, 7.582, 7.361, 7.046, 7.117, 7.6, 8.05, 7.258, 6.867, 6.469, 6.999, 6.576, 6.283, 6.054, 5.652, 6.776, 9.317, 12.785, 16.552, 17.629, 17.045, 15.864, 16.587, 17.606, 18.642, 18.672, 18.395, 18.88, 19.211, 20.826, 21.282, 19.805, 17.873, 18.071, 18.528, 17.903, 15.283, 13.173, 12.228, 13.297, 15.337, 16.936, 17.068, 16.269, 16.183, 17.455, 18.887, 18.601, 18.364, 18.47, 17.525, 16.331, 14.662, 13.51, 14.365, 16.045, 15.644, 16.326, 21.744, 26.879, 26.673, 25.833, 27.441, 24.739, 21.31, 18.86, 17.713, 16.254, 14.1, 12.82, 12.381, 12.142, 11.032, 8.257, 8.098], [8.288, 8.463, 10.056, 10.819, 12.749, 13.449, 12.645, 12.074, 9.632, 7.997, 7.386, 7.859, 7.715, 6.428, 5.474, 4.9, 3.986, 2.56, 1.893, 1.795, 1.576, 0.0, 1.353, 1.519, 3.85, 6.055, 8.177, 10.334, 10.569, 11.613, 13.759, 15.573, 14.69, 15.511, 18.385, 19.23, 19.791, 20.731, 23.181, 24.404, 24.168, 24.828, 26.04, 25.707, 22.413, 20.46, 20.9, 18.118, 15.702, 16.804, 18.229, 17.366, 17.529, 17.003, 17.485, 20.297, 18.599, 14.817, 13.138, 11.23, 8.119, 4.923, 3.234, 3.438, 4.718, 5.716, 5.169, 4.736, 5.469, 7.261, 7.76, 7.55, 7.516, 7.472, 7.293, 7.211, 7.855, 8.392, 7.512, 7.024, 6.815, 7.396, 6.993, 6.737, 6.441, 5.997, 7.399, 10.07, 13.678, 17.441, 18.468, 17.785, 16.578, 17.485, 18.402, 19.452, 19.545, 19.184, 19.747, 19.912, 21.528, 22.26, 20.737, 18.876, 18.889, 19.254, 18.63, 15.98, 13.869, 12.968, 13.958, 16.092, 17.669, 17.898, 17.059, 17.048, 18.394, 19.726, 19.422, 19.276, 19.214, 18.492, 17.217, 15.524, 14.16, 15.133, 16.825, 16.389, 17.041, 22.395, 27.841, 27.43, 26.622, 28.184, 25.663, 22.171, 19.697, 18.394, 16.946, 14.876, 13.498, 13.079, 12.737, 11.773, 8.994, 8.877], [8.538, 8.823, 10.407, 11.226, 13.124, 13.821, 13.01, 12.433, 10.01, 8.224, 7.516, 8.0, 7.975, 6.774, 5.846, 5.062, 4.195, 2.674, 2.072, 2.116, 2.042, 1.353, 0.0, 1.697, 4.262, 6.446, 8.592, 10.655, 10.889, 12.066, 14.216, 15.959, 15.015, 15.913, 18.765, 19.606, 20.125, 21.087, 23.531, 24.787, 24.569, 25.183, 26.411, 26.081, 22.797, 20.833, 21.275, 18.502, 16.081, 17.205, 18.572, 17.727, 17.912, 17.381, 17.857, 20.727, 18.974, 15.19, 13.526, 11.662, 8.488, 5.232, 2.967, 3.047, 4.398, 5.394, 4.726, 4.315, 5.131, 7.046, 7.501, 7.266, 7.259, 7.182, 6.932, 6.859, 7.453, 7.965, 7.054, 6.612, 6.4, 7.0, 7.235, 7.081, 6.68, 6.351, 7.726, 10.427, 14.086, 17.811, 18.843, 18.196, 16.935, 17.854, 18.77, 19.805, 19.93, 19.566, 20.129, 20.309, 21.933, 22.643, 21.116, 19.204, 19.26, 19.651, 19.03, 16.345, 14.241, 13.258, 14.376, 16.487, 18.025, 18.269, 17.443, 17.416, 18.725, 20.153, 19.792, 19.653, 19.584, 18.848, 17.565, 15.897, 14.585, 15.513, 17.183, 16.717, 17.275, 22.788, 28.214, 27.838, 26.999, 28.583, 26.025, 22.533, 20.063, 18.738, 17.352, 15.252, 13.793, 13.431, 13.085, 12.075, 9.252, 9.227], [7.378, 7.539, 9.014, 9.834, 11.725, 12.43, 11.649, 11.038, 8.625, 7.235, 7.06, 7.258, 6.993, 5.656, 4.982, 4.253, 3.595, 2.455, 1.848, 1.604, 1.955, 1.519, 1.697, 0.0, 2.876, 5.07, 7.199, 9.442, 9.522, 10.617, 12.824, 14.624, 13.649, 14.493, 17.358, 18.199, 18.783, 19.698, 22.149, 23.36, 23.152, 23.774, 25.019, 24.686, 21.392, 19.424, 19.871, 17.107, 14.698, 15.812, 17.355, 16.402, 16.507, 15.973, 16.467, 19.264, 17.57, 13.79, 12.101, 10.246, 7.279, 3.971, 2.92, 3.37, 4.55, 5.463, 4.8, 4.59, 5.493, 7.359, 7.842, 7.585, 7.523, 7.435, 7.162, 7.045, 7.592, 8.167, 7.241, 6.631, 6.498, 6.923, 6.306, 5.766, 5.794, 5.368, 6.432, 9.069, 12.642, 16.416, 17.43, 16.778, 15.559, 16.453, 17.37, 18.414, 18.511, 18.153, 18.74, 18.891, 20.51, 21.239, 19.713, 17.818, 17.846, 18.25, 17.632, 15.068, 12.877, 12.049, 13.005, 15.079, 16.633, 16.85, 16.043, 16.042, 17.384, 18.726, 18.394, 18.242, 18.17, 17.443, 16.163, 14.496, 13.18, 14.093, 15.79, 15.362, 16.147, 21.43, 26.81, 26.419, 25.588, 27.163, 24.618, 21.12, 18.685, 17.508, 15.974, 13.872, 12.548, 12.149, 11.898, 10.909, 8.248, 8.015], [5.368, 5.282, 6.366, 7.265, 9.018, 9.654, 8.925, 8.329, 6.096, 5.677, 5.871, 5.872, 5.32, 3.903, 3.637, 3.135, 3.032, 2.823, 3.068, 2.766, 3.332, 3.85, 4.262, 2.876, 0.0, 2.466, 4.574, 6.912, 6.844, 7.928, 10.197, 12.011, 11.041, 11.837, 14.618, 15.456, 16.042, 16.964, 19.39, 20.691, 20.425, 21.058, 22.261, 21.885, 18.643, 16.668, 17.147, 14.426, 12.028, 13.251, 14.808, 13.877, 13.815, 13.234, 13.695, 16.588, 14.806, 11.063, 9.406, 7.74, 4.927, 2.615, 3.479, 4.288, 4.963, 5.534, 4.968, 5.336, 6.763, 8.216, 8.659, 8.44, 8.107, 7.996, 7.492, 7.406, 7.89, 8.36, 7.43, 6.532, 6.525, 6.776, 5.759, 4.811, 5.071, 4.932, 5.079, 6.501, 10.031, 13.674, 14.687, 14.076, 12.972, 13.724, 14.647, 15.674, 15.788, 15.399, 15.977, 16.161, 17.79, 18.489, 16.925, 15.079, 15.115, 15.578, 14.954, 12.512, 10.288, 9.489, 10.397, 12.385, 13.983, 14.136, 13.389, 13.391, 14.725, 16.061, 15.659, 15.522, 15.445, 14.705, 13.422, 11.77, 10.562, 11.401, 13.082, 12.778, 13.698, 18.866, 24.041, 23.713, 22.877, 24.461, 21.855, 18.381, 15.995, 15.001, 13.357, 11.213, 10.096, 9.637, 9.544, 8.487, 5.885, 5.594], [4.428, 4.449, 4.797, 5.288, 6.847, 7.629, 7.155, 6.627, 4.56, 4.667, 5.247, 5.041, 4.353, 3.21, 3.399, 2.901, 3.075, 4.217, 4.992, 4.758, 5.165, 6.055, 6.446, 5.07, 2.466, 0.0, 2.408, 4.8, 4.669, 5.729, 7.95, 9.743, 8.888, 9.685, 12.396, 13.247, 13.761, 14.713, 17.188, 18.477, 18.244, 18.885, 20.086, 19.705, 16.394, 14.481, 14.91, 12.227, 9.828, 11.12, 12.641, 11.669, 11.638, 11.03, 11.518, 14.35, 12.624, 8.901, 7.303, 5.51, 2.845, 3.141, 4.582, 5.51, 5.68, 5.615, 5.501, 6.571, 7.961, 9.411, 9.615, 9.327, 9.072, 8.859, 8.2, 8.055, 8.303, 8.775, 7.745, 6.996, 7.077, 7.385, 5.71, 4.154, 4.595, 4.717, 4.496, 4.932, 7.751, 11.495, 12.499, 11.902, 10.839, 11.533, 12.489, 13.541, 13.554, 13.292, 13.877, 14.058, 15.677, 16.26, 14.749, 12.927, 12.96, 13.432, 12.784, 10.356, 8.143, 7.335, 8.248, 10.214, 11.844, 11.97, 11.182, 11.101, 12.501, 13.856, 13.504, 13.31, 13.364, 12.53, 11.265, 9.572, 8.411, 9.252, 10.963, 10.618, 11.488, 16.724, 21.859, 21.542, 20.705, 22.306, 19.679, 16.209, 13.804, 12.831, 11.173, 9.016, 7.874, 7.443, 7.348, 6.255, 3.658, 3.354], [4.246, 4.438, 4.365, 4.577, 5.687, 6.44, 6.35, 5.834, 3.821, 4.206, 5.018, 4.864, 4.01, 3.752, 3.89, 3.798, 4.603, 6.17, 7.015, 6.827, 7.467, 8.177, 8.592, 7.199, 4.574, 2.408, 0.0, 2.512, 2.631, 3.715, 6.032, 7.87, 6.774, 7.499, 10.347, 11.105, 11.751, 12.653, 15.067, 16.329, 16.018, 16.695, 17.983, 17.577, 14.3, 12.317, 12.828, 10.022, 7.605, 8.81, 10.359, 9.468, 9.419, 8.896, 9.361, 12.33, 10.46, 6.821, 5.168, 3.366, 1.819, 4.302, 6.205, 7.311, 6.928, 6.453, 6.504, 7.855, 9.211, 10.573, 10.549, 10.427, 10.179, 9.963, 9.212, 9.098, 9.257, 9.606, 8.408, 7.705, 8.003, 8.484, 6.645, 4.761, 4.929, 5.131, 4.625, 4.03, 5.766, 9.319, 10.331, 9.762, 9.181, 9.824, 10.467, 11.359, 11.464, 11.215, 11.802, 11.947, 13.56, 14.215, 12.609, 10.779, 10.761, 11.157, 10.523, 8.069, 5.871, 5.106, 6.127, 7.975, 9.596, 9.763, 8.976, 9.025, 10.426, 11.872, 11.492, 11.273, 11.241, 10.366, 9.082, 7.407, 6.095, 7.054, 8.725, 8.433, 9.541, 14.423, 19.7, 19.286, 18.496, 20.048, 17.546, 14.12, 11.635, 10.541, 8.905, 6.996, 5.77, 5.213, 5.216, 4.321, 2.026, 1.721], [3.582, 3.963, 3.779, 3.9, 5.131, 5.493, 5.398, 4.893, 3.098, 3.442, 4.624, 4.363, 3.622, 4.319, 5.169, 5.652, 6.524, 8.114, 8.957, 8.831, 9.671, 10.334, 10.655, 9.442, 6.912, 4.8, 2.512, 0.0, 0.982, 1.936, 4.239, 6.067, 4.63, 5.536, 8.417, 9.144, 9.783, 10.7, 13.031, 14.378, 13.965, 14.648, 15.99, 15.611, 12.361, 10.308, 10.88, 8.042, 5.566, 6.624, 8.006, 7.251, 7.349, 6.936, 7.416, 10.359, 8.537, 4.861, 3.325, 2.024, 2.674, 5.865, 8.487, 9.489, 8.455, 7.38, 7.787, 9.622, 10.907, 11.81, 11.54, 11.142, 10.89, 10.533, 9.832, 9.919, 9.976, 10.228, 9.009, 8.18, 8.743, 9.191, 7.32, 5.279, 5.002, 5.197, 4.429, 3.275, 4.463, 7.613, 8.576, 8.215, 7.838, 8.51, 9.127, 9.607, 9.774, 9.375, 9.926, 9.982, 11.633, 12.329, 10.707, 8.826, 8.774, 9.024, 8.398, 5.827, 3.803, 3.054, 4.69, 5.976, 7.506, 7.717, 7.006, 7.122, 8.334, 9.877, 9.497, 9.31, 9.246, 8.353, 7.058, 5.46, 3.964, 5.02, 6.611, 6.345, 7.297, 12.281, 17.713, 17.237, 16.436, 17.998, 15.538, 12.104, 9.617, 8.248, 6.828, 5.04, 3.527, 3.046, 3.012, 2.426, 1.736, 1.816], [3.706, 4.088, 3.606, 3.916, 4.915, 5.104, 5.063, 4.495, 3.041, 3.692, 4.889, 4.629, 4.094, 4.835, 5.507, 5.993, 6.859, 8.508, 9.32, 9.094, 9.669, 10.569, 10.889, 9.522, 6.844, 4.669, 2.631, 0.982, 0.0, 1.552, 3.733, 5.549, 4.448, 5.327, 8.043, 8.809, 9.358, 10.294, 12.761, 14.131, 13.838, 14.431, 15.724, 15.225, 12.043, 10.065, 10.566, 7.826, 5.4, 6.596, 8.111, 7.194, 7.197, 6.584, 7.063, 10.075, 8.177, 4.593, 3.087, 1.893, 2.915, 5.922, 8.532, 9.649, 8.716, 7.901, 8.073, 9.775, 11.077, 12.078, 11.728, 11.164, 10.878, 10.463, 9.788, 9.901, 10.025, 10.13, 9.151, 8.391, 8.758, 9.115, 7.223, 5.378, 5.194, 5.341, 4.629, 3.321, 4.222, 7.36, 8.343, 8.213, 7.829, 8.346, 8.925, 9.307, 9.464, 9.097, 9.575, 9.808, 11.379, 11.925, 10.304, 8.526, 8.536, 8.97, 8.331, 5.901, 3.806, 3.183, 4.76, 5.845, 7.338, 7.537, 6.815, 6.832, 8.004, 9.561, 9.167, 8.988, 8.984, 8.074, 6.826, 5.158, 3.931, 4.849, 6.48, 6.153, 7.22, 12.195, 17.407, 17.121, 16.28, 17.859, 15.202, 11.764, 9.43, 8.294, 6.706, 4.739, 3.49, 2.97, 3.094, 2.194, 1.905, 1.93], [4.143, 4.133, 3.338, 3.688, 4.39, 4.641, 4.74, 4.12, 3.247, 4.389, 5.25, 5.244, 4.996, 5.874, 6.747, 7.292, 8.125, 9.773, 10.601, 10.367, 10.701, 11.613, 12.066, 10.617, 7.928, 5.729, 3.715, 1.936, 1.552, 0.0, 3.092, 5.149, 4.1, 4.467, 6.955, 7.797, 8.384, 9.254, 11.71, 13.003, 12.764, 13.418, 14.528, 14.132, 10.878, 9.0, 9.387, 7.018, 4.583, 5.744, 7.443, 6.609, 6.377, 5.74, 6.005, 8.881, 7.257, 3.611, 2.215, 2.11, 3.994, 7.129, 9.832, 10.724, 9.652, 8.438, 8.798, 10.494, 11.767, 12.41, 12.039, 11.567, 10.921, 10.528, 9.621, 9.691, 9.763, 10.078, 9.047, 8.381, 8.633, 8.921, 6.877, 5.437, 5.718, 5.903, 4.987, 3.516, 3.651, 6.372, 7.348, 7.455, 7.496, 7.653, 8.278, 8.553, 8.423, 7.934, 8.344, 8.703, 10.213, 10.741, 9.245, 7.484, 7.535, 8.055, 7.403, 5.27, 3.49, 2.929, 4.316, 5.004, 6.494, 6.539, 5.869, 5.919, 7.193, 8.442, 8.014, 7.787, 7.855, 7.069, 5.856, 4.285, 3.157, 4.142, 5.577, 5.351, 6.725, 11.475, 16.307, 16.062, 15.292, 16.839, 14.2, 10.769, 8.431, 7.65, 6.134, 4.068, 3.046, 2.718, 2.59, 2.373, 3.035, 3.05], [6.461, 6.465, 5.777, 5.615, 6.373, 6.255, 5.535, 5.563, 5.029, 6.502, 7.677, 7.589, 7.254, 8.281, 8.916, 9.567, 10.386, 11.947, 12.772, 12.525, 12.857, 13.759, 14.216, 12.824, 10.197, 7.95, 6.032, 4.239, 3.733, 3.092, 0.0, 2.567, 2.041, 2.567, 5.099, 5.963, 6.282, 7.278, 9.917, 11.313, 11.046, 11.703, 12.743, 12.306, 9.151, 7.29, 7.608, 5.049, 2.742, 4.034, 5.573, 4.639, 4.537, 3.855, 4.25, 7.15, 5.321, 1.97, 2.524, 3.192, 5.952, 9.265, 11.984, 12.873, 12.081, 11.301, 11.542, 13.181, 14.567, 15.33, 14.851, 14.184, 13.47, 12.897, 12.373, 12.518, 12.593, 12.906, 11.957, 11.268, 11.435, 11.606, 9.416, 8.364, 8.276, 8.349, 7.708, 5.308, 3.827, 5.906, 6.708, 7.175, 7.364, 7.691, 7.822, 7.694, 7.413, 6.943, 7.676, 7.814, 9.054, 9.476, 7.931, 6.106, 6.223, 6.471, 5.824, 4.39, 3.64, 4.028, 4.674, 5.034, 4.9, 4.83, 4.246, 4.143, 5.39, 6.453, 6.266, 6.062, 6.039, 5.238, 4.105, 2.457, 2.072, 2.421, 3.856, 3.544, 4.402, 9.627, 14.529, 14.362, 13.557, 15.135, 12.469, 9.05, 6.67, 5.744, 4.098, 2.82, 3.181, 2.338, 2.292, 2.636, 5.161, 5.218], [8.469, 8.516, 7.774, 7.235, 7.635, 7.247, 6.482, 6.726, 6.91, 8.392, 9.632, 9.513, 9.146, 10.155, 10.718, 11.346, 12.15, 13.701, 14.532, 14.319, 14.567, 15.573, 15.959, 14.624, 12.011, 9.743, 7.87, 6.067, 5.549, 5.149, 2.567, 0.0, 2.254, 2.554, 3.206, 3.995, 4.346, 5.306, 7.89, 9.32, 9.064, 9.706, 10.758, 10.313, 7.243, 5.654, 5.613, 3.109, 2.748, 3.285, 3.575, 2.743, 2.781, 2.476, 2.701, 5.217, 3.436, 2.513, 3.813, 4.854, 7.814, 11.059, 13.752, 14.642, 13.933, 13.256, 13.481, 15.137, 16.499, 17.38, 16.826, 16.091, 15.563, 14.972, 14.436, 14.594, 14.65, 15.001, 14.032, 13.305, 13.477, 13.718, 11.598, 10.363, 10.231, 10.318, 9.747, 7.072, 4.5, 5.721, 6.466, 7.165, 7.411, 7.985, 7.797, 7.395, 7.054, 7.033, 7.823, 7.573, 8.554, 8.764, 7.476, 5.894, 6.235, 5.975, 5.193, 4.938, 4.611, 5.363, 5.682, 5.845, 4.76, 3.714, 3.278, 2.986, 3.902, 4.587, 4.32, 4.082, 4.117, 3.241, 2.208, 1.893, 3.093, 2.96, 3.075, 2.259, 2.428, 7.603, 12.525, 12.372, 11.559, 13.143, 10.472, 7.053, 4.665, 4.024, 3.227, 2.999, 3.807, 3.5, 3.854, 4.239, 6.875, 6.988], [6.898, 7.312, 6.281, 5.488, 6.285, 6.123, 5.028, 5.464, 5.611, 7.05, 8.145, 8.069, 7.767, 8.806, 9.641, 10.127, 10.997, 12.622, 13.473, 13.234, 13.953, 14.69, 15.015, 13.649, 11.041, 8.888, 6.774, 4.63, 4.448, 4.1, 2.041, 2.254, 0.0, 1.372, 3.937, 4.69, 5.321, 6.37, 8.65, 9.912, 9.569, 10.192, 11.498, 11.197, 8.007, 6.095, 6.468, 3.729, 1.827, 2.587, 3.92, 3.006, 3.003, 2.743, 3.387, 6.045, 4.298, 1.319, 2.45, 3.587, 6.747, 9.913, 12.641, 13.774, 12.751, 11.651, 11.896, 13.739, 15.038, 15.715, 15.478, 15.039, 14.395, 13.939, 13.28, 13.325, 13.39, 13.802, 12.534, 11.657, 12.234, 12.589, 10.669, 9.054, 8.924, 8.992, 8.031, 5.476, 3.54, 5.366, 6.04, 6.501, 6.514, 7.109, 7.105, 6.833, 6.715, 6.388, 7.422, 7.252, 8.454, 8.986, 7.388, 5.44, 5.353, 5.054, 4.333, 3.333, 2.811, 3.487, 3.854, 4.246, 3.509, 3.426, 3.113, 3.237, 4.192, 5.538, 5.096, 4.876, 4.775, 3.958, 2.717, 1.428, 1.491, 1.358, 2.491, 2.211, 3.309, 7.937, 13.287, 12.85, 11.997, 13.582, 11.1, 7.604, 5.168, 4.022, 2.605, 2.464, 2.424, 1.941, 2.385, 3.123, 5.853, 5.923], [7.669, 7.842, 6.398, 5.564, 5.757, 5.541, 4.584, 5.121, 6.241, 7.885, 8.883, 8.394, 8.501, 9.666, 10.545, 11.115, 11.934, 13.553, 14.42, 14.221, 14.83, 15.511, 15.913, 14.493, 11.837, 9.685, 7.499, 5.536, 5.327, 4.467, 2.567, 2.554, 1.372, 0.0, 2.985, 3.792, 4.485, 5.493, 7.874, 8.966, 8.676, 9.385, 10.597, 10.266, 7.117, 5.308, 5.537, 2.952, 1.233, 2.005, 3.341, 2.417, 2.325, 2.131, 2.575, 5.176, 3.824, 1.462, 2.724, 4.317, 7.611, 10.823, 13.496, 14.623, 13.59, 12.399, 12.728, 14.4, 15.749, 16.188, 16.074, 15.715, 14.85, 14.241, 13.573, 13.366, 13.557, 13.904, 12.687, 11.847, 12.266, 12.628, 10.677, 9.572, 9.7, 9.752, 8.604, 5.909, 3.048, 4.892, 5.566, 5.977, 6.269, 6.759, 6.65, 6.42, 6.188, 5.863, 6.882, 6.747, 7.892, 8.454, 6.858, 5.061, 4.891, 4.549, 3.869, 3.148, 2.631, 3.561, 3.549, 3.722, 3.046, 2.767, 2.695, 2.82, 3.729, 4.734, 4.206, 3.967, 3.873, 3.149, 2.574, 1.619, 1.93, 1.24, 2.217, 2.096, 3.218, 7.253, 12.38, 11.932, 11.197, 12.68, 10.225, 6.744, 4.356, 3.456, 2.113, 2.259, 2.602, 2.623, 2.958, 3.936, 6.769, 6.822], [10.405, 10.357, 8.728, 8.097, 7.472, 6.704, 6.26, 6.903, 9.021, 10.757, 11.631, 11.096, 11.336, 12.533, 13.406, 13.968, 14.799, 16.436, 17.277, 17.046, 17.442, 18.385, 18.765, 17.358, 14.618, 12.396, 10.347, 8.417, 8.043, 6.955, 5.099, 3.206, 3.937, 2.985, 0.0, 1.346, 1.886, 2.8, 5.271, 6.315, 5.984, 6.722, 7.825, 7.36, 4.347, 2.928, 2.878, 1.71, 3.112, 2.998, 2.461, 2.258, 1.751, 1.729, 1.57, 2.649, 1.998, 3.791, 5.352, 7.226, 10.529, 13.643, 16.397, 17.458, 16.419, 15.14, 15.445, 17.199, 18.408, 18.905, 18.773, 18.265, 17.383, 16.659, 15.929, 15.641, 15.915, 16.064, 14.929, 14.35, 14.433, 14.613, 12.71, 12.122, 12.346, 12.583, 11.393, 8.705, 4.806, 3.693, 4.363, 5.488, 6.064, 6.57, 5.911, 5.613, 5.419, 5.411, 6.218, 5.623, 6.465, 6.608, 5.33, 4.015, 4.238, 4.122, 3.708, 4.41, 4.954, 5.958, 5.593, 4.852, 3.392, 2.129, 2.372, 1.807, 1.98, 2.515, 2.08, 1.506, 1.682, 1.424, 2.161, 3.306, 4.604, 3.472, 2.415, 2.223, 1.933, 4.899, 9.506, 9.265, 8.671, 10.056, 7.482, 4.063, 2.031, 2.067, 2.321, 3.721, 5.08, 5.489, 5.852, 6.756, 9.588, 9.634], [11.12, 11.188, 9.537, 8.766, 8.334, 7.562, 7.043, 7.803, 9.699, 11.474, 12.299, 11.852, 12.008, 13.236, 14.089, 14.652, 15.52, 17.166, 17.975, 17.724, 18.29, 19.23, 19.606, 18.199, 15.456, 13.247, 11.105, 9.144, 8.809, 7.797, 5.963, 3.995, 4.69, 3.792, 1.346, 0.0, 1.358, 2.192, 4.394, 5.619, 5.141, 5.915, 7.075, 6.552, 3.688, 2.923, 2.478, 2.174, 3.748, 3.787, 2.892, 2.909, 2.335, 2.42, 2.253, 2.103, 2.149, 4.554, 6.277, 8.066, 11.37, 14.404, 17.104, 18.299, 17.264, 15.85, 16.04, 17.894, 19.223, 19.491, 19.537, 19.092, 18.202, 17.447, 16.777, 16.525, 16.686, 16.791, 15.682, 15.055, 15.112, 15.522, 13.631, 12.859, 13.119, 13.391, 12.107, 9.382, 5.729, 3.819, 4.438, 5.556, 6.13, 6.611, 5.934, 5.549, 5.58, 5.518, 6.284, 5.658, 6.407, 6.448, 5.233, 4.088, 4.157, 4.311, 4.077, 4.993, 5.739, 6.646, 6.279, 5.502, 3.741, 2.771, 3.094, 2.443, 2.596, 2.609, 2.355, 2.031, 1.973, 1.92, 2.667, 3.997, 5.263, 4.285, 3.075, 3.029, 2.65, 3.904, 8.628, 8.401, 7.738, 9.19, 6.639, 3.418, 1.79, 1.995, 2.73, 4.487, 5.909, 6.247, 6.708, 7.589, 10.428, 10.436], [11.763, 11.689, 10.11, 9.498, 8.765, 7.823, 7.435, 8.459, 10.402, 12.084, 12.949, 12.389, 12.676, 13.911, 14.758, 15.29, 16.11, 17.762, 18.596, 18.35, 18.712, 19.791, 20.125, 18.783, 16.042, 13.761, 11.751, 9.783, 9.358, 8.384, 6.282, 4.346, 5.321, 4.485, 1.886, 1.358, 0.0, 1.373, 3.819, 5.149, 4.845, 5.537, 6.568, 6.069, 3.163, 3.19, 2.303, 2.311, 4.433, 4.123, 3.076, 3.196, 2.958, 3.068, 2.722, 1.594, 2.445, 5.301, 6.99, 8.655, 11.93, 14.994, 17.749, 18.829, 17.83, 16.532, 16.829, 18.564, 19.913, 20.195, 20.186, 19.609, 18.684, 17.839, 17.292, 17.098, 17.332, 17.424, 16.345, 15.733, 15.623, 15.846, 13.985, 13.457, 13.773, 13.971, 12.776, 10.085, 6.237, 4.114, 4.771, 5.947, 6.357, 6.927, 6.226, 5.864, 5.876, 5.921, 6.546, 6.06, 6.652, 6.487, 5.588, 4.314, 4.606, 4.598, 4.296, 5.174, 6.246, 7.327, 6.637, 5.739, 3.936, 3.096, 3.331, 2.941, 2.555, 2.564, 2.383, 2.14, 2.166, 2.41, 3.556, 4.78, 5.981, 4.924, 3.903, 3.629, 3.054, 3.575, 8.306, 8.163, 7.374, 8.934, 6.286, 2.913, 1.928, 2.485, 3.272, 5.108, 6.458, 6.842, 7.268, 8.137, 10.968, 10.989], [12.703, 12.611, 10.885, 10.284, 9.516, 8.619, 8.319, 9.203, 11.363, 13.023, 13.884, 13.306, 13.597, 14.829, 15.702, 16.225, 17.074, 18.702, 19.554, 19.317, 19.672, 20.731, 21.087, 19.698, 16.964, 14.713, 12.653, 10.7, 10.294, 9.254, 7.278, 5.306, 6.37, 5.493, 2.8, 2.192, 1.373, 0.0, 2.849, 4.142, 3.873, 4.478, 5.636, 5.128, 2.712, 3.242, 2.298, 3.13, 5.331, 4.83, 3.669, 4.068, 3.818, 4.04, 3.633, 1.405, 2.868, 6.246, 7.783, 9.596, 12.902, 15.945, 18.687, 19.79, 18.764, 17.365, 17.675, 19.472, 20.667, 21.101, 21.064, 20.486, 19.589, 18.762, 18.073, 17.863, 18.189, 18.291, 17.025, 16.49, 16.571, 16.641, 14.803, 14.385, 14.663, 14.888, 13.629, 11.011, 7.165, 4.309, 4.847, 5.954, 6.583, 6.997, 6.