[[0.0, 1.493, 1.265, 2.463, 4.52, 4.962, 4.955, 6.754, 11.063, 13.892, 14.895, 14.492, 13.632, 13.44, 12.73, 11.668, 11.238, 11.21, 11.792, 12.167, 12.855, 13.417, 13.9, 14.355, 13.531, 12.405, 11.339, 10.821, 11.12, 11.629, 12.329, 11.825, 9.32, 6.177, 5.084, 5.439, 5.119, 3.443, 2.736, 2.388, 1.919, 2.967, 6.852, 6.867, 4.35, 2.767, 1.985, 2.192, 3.243, 4.779, 5.541, 6.015, 6.257, 6.884, 7.799, 8.217, 8.416, 8.645, 8.493, 7.887, 6.803, 4.623, 3.422, 3.274, 3.608, 4.09, 3.856, 3.901, 3.577, 3.278, 3.17, 2.61, 1.998, 1.963, 2.605, 4.195, 6.868, 9.15, 9.879, 9.459, 8.864, 7.968, 6.439, 5.28, 5.243, 5.123, 4.831, 3.965, 3.58, 3.199, 3.331, 4.749, 5.537, 5.871, 6.262, 5.809, 5.714, 6.138, 6.64, 6.504, 6.197, 6.691, 6.39, 5.981, 5.538, 5.283, 5.515, 3.364, 2.152, 2.003, 2.081, 2.357, 2.708, 3.32, 2.914, 2.031, 3.056, 4.281, 4.756, 5.229, 6.123, 7.739, 10.372, 11.645, 12.349, 12.604, 12.997, 13.583, 13.77, 13.385, 12.98, 12.876, 13.136, 13.448, 13.435, 13.324, 13.202, 13.116, 13.246, 12.975, 12.497, 11.96, 12.552, 12.891, 12.082, 10.971, 10.919, 10.666, 9.783, 8.488, 6.942, 4.598, 3.892, 2.956, 3.12, 3.582, 3.417, 4.143], [1.493, 0.0, 0.841, 1.611, 3.568, 3.891, 3.821, 5.723, 10.073, 12.845, 13.809, 13.389, 12.536, 12.452, 11.733, 10.586, 10.236, 10.309, 10.905, 11.245, 11.695, 12.212, 12.683, 13.257, 12.739, 11.593, 10.882, 10.029, 9.891, 10.207, 10.919, 10.41, 7.898, 4.755, 3.666, 4.038, 3.794, 2.282, 2.042, 1.77, 1.502, 4.307, 8.236, 8.206, 5.602, 4.009, 2.298, 1.468, 1.998, 3.521, 4.267, 4.658, 4.843, 5.474, 6.409, 6.807, 7.002, 7.25, 7.097, 6.477, 5.393, 3.264, 2.614, 2.735, 3.363, 4.073, 4.376, 4.497, 3.611, 3.399, 3.529, 3.019, 2.205, 2.332, 3.117, 5.355, 8.079, 10.332, 10.931, 10.19, 9.532, 8.574, 6.89, 5.132, 5.046, 5.047, 5.309, 4.635, 3.655, 3.239, 3.459, 4.499, 5.233, 5.517, 5.88, 5.815, 6.04, 6.347, 6.691, 6.438, 6.264, 7.849, 7.56, 7.119, 6.67, 5.664, 5.176, 3.209, 1.904, 1.94, 1.852, 2.29, 2.236, 2.618, 2.411, 1.605, 2.378, 3.545, 3.858, 4.503, 5.425, 6.466, 9.121, 10.317, 11.024, 11.256, 11.57, 12.173, 12.367, 12.058, 11.649, 11.522, 11.743, 12.055, 12.023, 11.909, 11.787, 11.701, 11.835, 11.565, 11.094, 10.559, 11.237, 11.569, 10.792, 9.675, 9.548, 9.254, 8.474, 7.354, 6.134, 3.94, 3.965, 3.132, 2.176, 2.323, 2.764, 4.876], [1.265, 0.841, 0.0, 1.606, 3.769, 4.185, 4.1, 5.976, 10.326, 13.145, 14.127, 13.7, 12.847, 12.683, 11.969, 10.902, 10.455, 10.523, 11.105, 11.46, 12.015, 12.507, 13.019, 13.547, 12.867, 11.677, 10.834, 10.078, 10.144, 10.533, 11.251, 10.737, 8.224, 5.081, 3.987, 4.343, 4.115, 2.553, 2.475, 2.226, 1.823, 4.048, 7.937, 7.931, 5.374, 3.802, 2.413, 1.9, 2.231, 3.865, 4.568, 4.971, 5.177, 5.805, 6.744, 7.139, 7.334, 7.578, 7.421, 6.809, 5.725, 3.625, 3.123, 3.178, 3.75, 4.263, 4.12, 4.33, 3.757, 3.509, 3.441, 2.958, 2.23, 2.201, 3.092, 5.14, 7.82, 10.082, 10.659, 10.048, 9.406, 8.465, 6.773, 5.389, 5.315, 5.224, 5.193, 4.38, 3.829, 3.315, 3.431, 4.767, 5.579, 5.871, 6.214, 5.988, 5.975, 6.302, 6.717, 6.569, 6.287, 7.512, 7.202, 6.804, 6.359, 5.604, 5.579, 3.453, 2.151, 2.031, 2.076, 2.493, 2.646, 3.025, 2.855, 1.915, 2.81, 3.993, 4.328, 4.977, 5.982, 6.791, 9.449, 10.675, 11.389, 11.635, 11.905, 12.505, 12.698, 12.424, 12.003, 11.857, 12.067, 12.371, 12.35, 12.236, 12.117, 12.037, 12.162, 11.897, 11.426, 10.871, 11.59, 11.922, 11.151, 10.031, 9.834, 9.58, 8.745, 7.55, 6.235, 4.034, 3.781, 2.831, 2.268, 2.686, 3.169, 4.782], [2.463, 1.611, 1.606, 0.0, 2.289, 2.725, 2.683, 4.5, 8.848, 11.672, 12.657, 12.247, 11.39, 11.212, 10.516, 9.431, 8.984, 9.041, 9.623, 9.986, 10.572, 11.129, 11.581, 12.059, 11.42, 10.286, 9.477, 8.706, 8.738, 9.207, 9.907, 9.402, 6.892, 3.749, 2.667, 3.033, 2.748, 2.38, 3.128, 2.671, 2.405, 5.277, 9.234, 9.226, 6.673, 5.042, 3.303, 2.522, 2.151, 2.508, 3.217, 3.674, 4.094, 4.839, 5.682, 5.923, 6.109, 6.349, 6.198, 5.484, 4.491, 3.122, 3.258, 3.812, 4.49, 5.133, 5.436, 5.599, 4.871, 4.714, 4.696, 4.273, 3.376, 3.355, 4.231, 6.366, 9.067, 11.403, 12.04, 11.467, 10.855, 9.907, 8.154, 6.596, 6.506, 6.422, 6.577, 5.813, 4.926, 4.58, 4.795, 5.942, 6.564, 6.857, 7.272, 7.284, 7.354, 7.688, 8.119, 7.911, 7.623, 8.921, 8.608, 8.193, 7.719, 6.89, 6.508, 4.157, 2.872, 2.909, 2.771, 3.108, 3.243, 3.606, 3.284, 2.975, 3.303, 4.192, 4.531, 5.147, 5.948, 6.192, 8.061, 9.253, 9.964, 10.187, 10.565, 11.158, 11.355, 10.996, 10.604, 10.497, 10.729, 11.04, 11.01, 10.901, 10.795, 10.694, 10.822, 10.551, 10.079, 9.549, 10.165, 10.508, 9.761, 8.619, 8.522, 8.226, 7.368, 6.159, 4.823, 2.583, 2.652, 1.852, 1.038, 2.519, 3.491, 5.768], [4.52, 3.568, 3.769, 2.289, 0.0, 0.959, 1.073, 2.461, 6.604, 9.471, 10.402, 10.055, 9.183, 9.057, 8.349, 7.368, 6.822, 6.827, 7.424, 7.848, 8.616, 9.217, 9.716, 10.008, 9.38, 8.431, 7.877, 7.074, 6.998, 7.535, 8.244, 7.731, 5.227, 2.375, 2.199, 2.208, 2.319, 3.502, 4.388, 4.152, 4.076, 6.927, 10.81, 10.912, 8.722, 6.992, 5.155, 4.072, 3.465, 2.466, 2.837, 3.428, 3.889, 4.642, 5.226, 5.355, 5.466, 5.593, 5.329, 4.46, 3.729, 3.43, 3.927, 5.012, 5.86, 6.655, 7.398, 7.517, 6.775, 6.62, 6.715, 6.243, 5.085, 4.901, 5.856, 8.128, 10.832, 13.405, 14.086, 13.559, 12.974, 12.046, 10.294, 8.248, 8.028, 8.302, 8.624, 8.06, 7.01, 6.675, 6.908, 7.733, 8.104, 8.407, 8.944, 9.089, 9.366, 9.741, 9.976, 9.682, 9.544, 11.121, 10.787, 10.222, 9.732, 8.896, 8.043, 5.637, 4.402, 4.666, 4.424, 4.551, 4.541, 4.89, 4.574, 4.682, 4.518, 4.991, 5.321, 5.797, 6.327, 6.136, 6.883, 7.569, 8.206, 8.423, 8.864, 9.484, 9.671, 9.245, 8.877, 8.764, 9.011, 9.349, 9.344, 9.245, 9.11, 9.036, 9.147, 8.876, 8.394, 7.818, 8.389, 8.748, 7.97, 6.837, 6.736, 6.546, 5.73, 4.407, 2.977, 1.247, 1.994, 2.123, 1.666, 3.309, 4.559, 7.699], [4.962, 3.891, 4.185, 2.725, 0.959, 0.0, 0.902, 2.17, 6.232, 9.042, 9.992, 9.668, 8.788, 8.806, 8.143, 7.095, 6.645, 6.481, 7.108, 7.46, 8.085, 8.712, 9.251, 9.721, 9.196, 8.308, 7.905, 7.038, 6.703, 7.063, 7.792, 7.212, 4.693, 2.256, 2.147, 2.183, 2.289, 3.694, 4.565, 4.524, 4.513, 7.527, 11.4, 11.482, 9.187, 7.496, 5.628, 4.412, 3.545, 2.594, 2.616, 3.255, 3.687, 4.38, 4.962, 5.137, 5.243, 5.379, 5.082, 4.082, 3.415, 3.296, 4.092, 5.419, 6.063, 6.963, 7.862, 8.032, 7.218, 7.054, 7.169, 6.668, 5.366, 5.333, 6.313, 8.603, 11.353, 13.898, 14.542, 13.964, 13.314, 12.36, 10.621, 8.438, 8.151, 8.59, 9.005, 8.476, 7.394, 7.063, 7.249, 7.786, 8.164, 8.461, 8.962, 9.033, 9.546, 10.014, 10.226, 9.949, 9.934, 11.552, 11.224, 10.689, 10.217, 9.175, 8.111, 6.159, 4.955, 5.113, 4.87, 5.15, 4.855, 5.04, 4.668, 5.106, 4.724, 4.991, 5.336, 5.752, 6.247, 5.86, 6.435, 7.061, 7.664, 7.874, 8.327, 8.947, 9.135, 8.709, 8.342, 8.218, 8.474, 8.813, 8.799, 8.696, 8.574, 8.488, 8.611, 8.336, 7.858, 7.297, 7.845, 8.217, 7.426, 6.303, 6.23, 6.01, 5.327, 4.128, 2.918, 1.637, 2.426, 2.584, 2.166, 3.217, 4.504, 8.156], [4.955, 3.821, 4.1, 2.683, 1.073, 0.902, 0.0, 2.198, 6.347, 9.102, 10.116, 9.762, 8.855, 8.781, 8.107, 6.942, 6.505, 6.579, 7.167, 7.516, 7.992, 8.547, 9.015, 9.664, 9.06, 8.166, 7.745, 6.864, 6.543, 6.863, 7.548, 7.041, 4.541, 2.114, 1.962, 1.918, 2.228, 3.477, 4.546, 4.434, 4.456, 7.668, 11.504, 11.63, 9.269, 7.652, 5.711, 4.318, 3.46, 2.71, 2.683, 3.232, 3.695, 4.372, 4.934, 5.057, 5.176, 5.329, 5.002, 4.012, 3.35, 3.319, 4.032, 5.296, 6.178, 6.92, 7.83, 8.072, 7.121, 6.927, 7.06, 6.538, 5.429, 5.543, 6.446, 8.689, 11.444, 13.96, 14.551, 13.821, 13.209, 12.25, 10.545, 8.533, 8.244, 8.609, 8.994, 8.397, 7.255, 6.921, 7.139, 7.853, 8.108, 8.396, 8.975, 9.155, 9.585, 9.987, 10.228, 9.911, 9.823, 11.518, 11.22, 10.808, 10.345, 9.216, 8.133, 5.942, 4.807, 4.939, 4.947, 5.123, 4.728, 4.919, 4.65, 4.989, 4.54, 4.983, 5.334, 5.74, 6.325, 5.836, 6.39, 6.954, 7.51, 7.743, 8.213, 8.792, 8.979, 8.573, 8.158, 8.071, 8.327, 8.657, 8.644, 8.54, 8.418, 8.332, 8.455, 8.184, 7.707, 7.146, 7.703, 8.045, 7.245, 6.183, 6.121, 5.891, 5.136, 3.976, 2.749, 1.611, 2.584, 2.695, 2.134, 3.204, 4.532, 8.19], [6.754, 5.723, 5.976, 4.5, 2.461, 2.17, 2.198, 0.0, 4.409, 7.31, 8.479, 8.085, 7.164, 7.126, 6.45, 5.322, 4.824, 4.73, 5.245, 5.696, 6.439, 7.129, 7.691, 8.055, 7.542, 6.668, 6.12, 5.379, 5.159, 5.635, 6.362, 5.854, 3.377, 3.573, 3.87, 3.424, 3.956, 5.45, 6.426, 6.256, 6.269, 9.095, 12.888, 13.085, 10.922, 9.142, 7.371, 6.205, 5.481, 4.406, 4.337, 4.952, 5.395, 5.924, 6.238, 5.987, 5.997, 6.063, 5.785, 4.931, 4.616, 5.074, 5.776, 7.005, 7.79, 8.712, 9.564, 9.709, 8.941, 8.772, 8.861, 8.411, 7.117, 6.936, 7.917, 10.273, 12.86, 15.627, 16.296, 15.791, 15.143, 14.212, 12.43, 10.296, 10.104, 10.422, 10.829, 10.279, 9.237, 8.882, 9.099, 9.751, 10.14, 10.432, 10.986, 11.063, 11.451, 11.839, 12.013, 11.757, 11.671, 13.355, 13.01, 12.448, 11.902, 11.009, 10.096, 7.826, 6.626, 6.839, 6.58, 6.786, 6.589, 6.929, 6.575, 6.87, 6.548, 6.881, 7.24, 7.529, 7.931, 7.323, 7.105, 7.169, 6.774, 6.853, 7.41, 7.794, 8.045, 7.576, 7.119, 7.05, 7.338, 7.573, 7.646, 7.708, 7.486, 7.306, 7.391, 7.232, 6.734, 6.081, 6.453, 6.774, 6.041, 5.085, 4.985, 4.727, 3.889, 2.783, 2.572, 2.828, 3.948, 4.152, 3.83, 5.041, 6.432, 9.841], [11.063, 10.073, 10.326, 8.848, 6.604, 6.232, 6.347, 4.409, 0.0, 3.33, 4.432, 4.038, 3.205, 3.194, 2.618, 1.923, 1.658, 1.5, 1.505, 1.611, 2.578, 3.291, 3.881, 4.209, 3.833, 3.247, 3.175, 2.472, 2.414, 2.602, 3.267, 2.87, 4.0, 6.584, 7.329, 6.594, 6.853, 8.816, 10.25, 10.502, 10.59, 13.282, 16.975, 17.304, 15.222, 13.412, 11.645, 10.492, 9.128, 7.57, 7.201, 7.691, 8.091, 8.304, 8.393, 7.84, 7.394, 7.267, 7.297, 7.083, 7.43, 8.676, 9.69, 11.075, 11.919, 12.968, 13.883, 13.997, 13.244, 13.1, 13.165, 12.718, 11.387, 11.148, 12.174, 14.539, 17.14, 19.934, 20.649, 20.141, 19.506, 18.562, 16.779, 14.585, 14.157, 14.781, 15.191, 14.635, 13.587, 13.236, 13.45, 13.958, 13.802, 13.938, 14.773, 15.146, 15.705, 16.156, 16.331, 16.058, 16.017, 17.668, 17.352, 16.745, 16.185, 15.369, 13.927, 11.71, 10.676, 10.985, 10.877, 10.926, 10.46, 10.318, 10.445, 11.173, 10.319, 9.706, 9.871, 9.961, 9.775, 8.746, 7.9, 7.753, 6.659, 6.364, 7.102, 7.203, 7.387, 6.954, 6.527, 6.602, 6.7, 6.77, 6.925, 7.086, 6.92, 6.765, 6.866, 6.519, 5.795, 4.91, 4.49, 4.743, 4.416, 3.919, 4.403, 3.98, 3.407, 3.315, 4.658, 6.699, 8.144, 8.438, 8.12, 8.438, 10.105, 14.145], [13.892, 12.845, 13.145, 11.672, 9.471, 9.042, 9.102, 7.31, 3.33, 0.0, 1.624, 1.704, 1.64, 1.792, 1.919, 2.629, 3.226, 3.538, 3.029, 2.218, 1.766, 1.862, 2.004, 2.074, 2.145, 2.6, 3.632, 3.637, 3.319, 3.376, 3.783, 4.016, 6.566, 9.264, 9.937, 9.277, 9.462, 11.485, 12.961, 13.243, 13.344, 16.228, 19.998, 20.238, 18.058, 16.322, 14.487, 13.283, 11.835, 10.085, 9.531, 9.903, 10.153, 10.175, 10.205, 9.874, 9.435, 9.063, 9.195, 9.197, 9.904, 11.313, 12.429, 13.886, 14.741, 15.776, 16.715, 16.854, 16.031, 15.889, 15.958, 15.465, 14.123, 13.97, 14.99, 17.381, 20.024, 22.768, 23.458, 22.905, 22.243, 21.325, 19.564, 17.309, 16.931, 17.517, 17.936, 17.439, 16.358, 16.007, 16.214, 16.696, 16.434, 16.533, 17.393, 17.917, 18.447, 18.88, 19.104, 18.846, 18.828, 20.501, 20.172, 19.573, 19.031, 18.118, 16.641, 14.507, 13.513, 13.814, 13.716, 13.796, 13.21, 12.934, 13.199, 13.941, 13.04, 12.024, 11.943, 12.042, 11.43, 10.148, 8.877, 8.466, 7.186, 6.944, 7.634, 7.595, 7.704, 7.481, 7.383, 7.361, 7.494, 7.601, 7.687, 7.677, 7.657, 7.557, 7.707, 7.406, 6.629, 5.708, 4.885, 4.848, 4.739, 4.914, 5.324, 5.327, 5.347, 5.839, 7.467, 9.675, 11.097, 11.285, 10.965, 11.108, 12.794, 16.978], [14.895, 13.809, 14.127, 12.657, 10.402, 9.992, 10.116, 8.479, 4.432, 1.624, 0.0, 1.134, 1.619, 1.915, 2.509, 3.539, 3.954, 4.311, 4.111, 3.388, 2.821, 2.291, 2.165, 1.949, 2.1, 3.008, 4.313, 4.572, 4.219, 4.242, 4.443, 4.835, 7.248, 10.203, 10.847, 10.229, 10.369, 12.435, 13.89, 14.213, 14.306, 17.029, 20.723, 21.076, 19.055, 17.216, 15.468, 14.256, 12.617, 10.707, 10.085, 10.456, 10.74, 10.83, 10.855, 10.419, 9.953, 9.66, 9.804, 9.729, 10.404, 12.056, 13.36, 14.803, 15.738, 16.768, 17.708, 17.843, 17.035, 16.869, 16.936, 16.419, 15.094, 14.971, 15.997, 18.386, 21.035, 23.766, 24.439, 23.852, 23.189, 22.278, 20.539, 18.219, 17.708, 18.46, 18.885, 18.422, 17.312, 16.98, 17.166, 17.585, 17.144, 17.182, 18.034, 18.726, 19.333, 19.793, 20.047, 19.8, 19.806, 21.499, 21.159, 20.554, 20.005, 19.08, 17.529, 15.482, 14.507, 14.817, 14.686, 14.755, 14.186, 13.855, 14.129, 14.903, 13.974, 12.624, 12.504, 12.697, 12.101, 10.647, 9.258, 8.729, 7.527, 7.391, 7.812, 7.785, 7.892, 7.686, 7.791, 7.682, 7.859, 7.88, 7.925, 7.907, 8.007, 8.002, 8.147, 7.914, 7.291, 6.325, 5.299, 5.289, 5.271, 5.505, 5.94, 5.957, 6.356, 6.763, 8.391, 10.454, 11.865, 12.348, 11.911, 12.033, 13.676, 18.042], [14.492, 13.389, 13.7, 12.247, 10.055, 9.668, 9.762, 8.085, 4.038, 1.704, 1.134, 0.0, 1.112, 1.529, 2.05, 3.032, 3.607, 3.866, 3.642, 2.965, 2.563, 1.979, 1.995, 1.788, 1.852, 2.537, 3.748, 4.103, 3.775, 3.818, 3.927, 4.417, 6.804, 9.723, 10.424, 9.809, 9.94, 12.009, 13.435, 13.81, 13.921, 16.553, 20.271, 20.572, 18.592, 16.757, 14.978, 13.823, 12.129, 10.261, 9.821, 10.132, 10.471, 10.599, 10.607, 10.131, 9.623, 9.393, 9.537, 9.455, 10.069, 11.496, 12.863, 14.347, 15.288, 16.332, 17.267, 17.373, 16.566, 16.423, 16.503, 15.934, 14.645, 14.484, 15.519, 17.911, 20.506, 23.321, 24.013, 23.411, 22.719, 21.841, 20.119, 17.731, 17.189, 17.994, 18.446, 17.993, 16.876, 16.558, 16.738, 17.081, 16.632, 16.681, 17.551, 18.16, 18.793, 19.295, 19.581, 19.346, 19.372, 21.055, 20.727, 20.118, 19.528, 18.665, 17.071, 15.09, 14.064, 14.366, 14.233, 14.298, 13.752, 13.442, 13.644, 14.473, 13.535, 12.301, 12.275, 12.442, 11.935, 10.491, 9.177, 8.576, 7.34, 7.228, 7.645, 7.623, 7.76, 7.588, 7.607, 7.515, 7.706, 7.732, 7.782, 7.769, 7.885, 7.864, 7.988, 7.729, 7.043, 6.121, 5.116, 5.057, 5.018, 5.305, 5.774, 5.708, 6.026, 6.324, 7.886, 9.987, 11.407, 11.845, 11.483, 11.556, 13.256, 17.548], [13.632, 12.536, 12.847, 11.39, 9.183, 8.788, 8.855, 7.164, 3.205, 1.64, 1.619, 1.112, 0.0, 0.905, 1.336, 2.185, 2.645, 3.002, 2.942, 2.174, 2.023, 1.579, 1.84, 1.992, 1.708, 1.859, 2.983, 3.298, 2.994, 3.115, 3.351, 3.886, 6.328, 8.921, 9.723, 8.999, 9.253, 11.221, 12.605, 12.958, 13.061, 15.728, 19.321, 19.776, 17.772, 15.936, 14.173, 12.976, 11.487, 9.928, 9.494, 9.852, 10.205, 10.335, 10.339, 9.844, 9.321, 9.13, 9.271, 9.162, 9.748, 10.973, 12.027, 13.472, 14.42, 15.44, 16.388, 16.514, 15.707, 15.548, 15.632, 15.073, 13.773, 13.641, 14.668, 17.087, 19.673, 22.486, 23.16, 22.561, 21.884, 20.99, 19.266, 16.956, 16.565, 17.156, 17.594, 17.142, 16.025, 15.706, 15.886, 16.329, 16.147, 16.281, 17.118, 17.546, 18.077, 18.528, 18.735, 18.482, 18.517, 20.219, 19.879, 19.274, 18.708, 17.805, 16.291, 14.23, 13.226, 13.537, 13.39, 13.475, 12.909, 12.733, 12.834, 13.621, 12.693, 11.994, 11.999, 12.161, 11.655, 10.281, 8.976, 8.445, 7.165, 7.031, 7.548, 7.538, 7.67, 7.472, 7.424, 7.372, 7.525, 7.583, 7.649, 7.651, 7.712, 7.646, 7.776, 7.515, 6.784, 5.862, 4.91, 4.846, 4.749, 5.027, 5.475, 5.448, 5.444, 5.665, 7.086, 9.179, 10.543, 11.001, 10.631, 10.777, 12.483, 16.688], [13.44, 12.452, 12.683, 11.212, 9.057, 8.806, 8.781, 7.126, 3.194, 1.792, 1.915, 1.529, 0.905, 0.0, 1.003, 2.182, 2.5, 2.849, 2.69, 2.094, 2.018, 1.712, 1.945, 2.009, 1.585, 1.779, 2.793, 3.121, 2.85, 3.193, 3.346, 3.858, 6.402, 9.007, 9.699, 8.896, 9.132, 11.206, 12.703, 12.945, 12.975, 15.498, 18.999, 19.551, 17.575, 15.739, 13.963, 12.88, 11.624, 9.951, 9.431, 9.801, 10.131, 10.287, 10.287, 9.763, 9.312, 9.08, 9.194, 9.079, 9.731, 11.062, 12.09, 13.433, 14.323, 15.254, 16.19, 16.319, 15.539, 15.383, 15.457, 15.028, 13.757, 13.432, 14.504, 16.891, 19.531, 22.301, 22.993, 22.512, 21.903, 20.957, 19.165, 17.05, 16.694, 17.191, 17.571, 16.994, 15.946, 15.581, 15.83, 16.45, 16.25, 16.366, 17.219, 17.69, 18.207, 18.615, 18.771, 18.432, 18.355, 20.035, 19.707, 19.098, 18.508, 17.786, 16.41, 14.088, 13.05, 13.346, 13.239, 13.278, 12.794, 12.626, 12.951, 13.549, 12.774, 11.935, 11.928, 12.1, 11.633, 10.256, 8.943, 8.448, 7.19, 7.03, 7.573, 7.57, 7.709, 7.495, 7.419, 7.368, 7.512, 7.588, 7.638, 7.65, 7.683, 7.622, 7.741, 7.461, 6.794, 5.877, 4.912, 4.894, 4.771, 5.017, 5.479, 5.468, 5.189, 5.421, 6.864, 8.931, 10.277, 10.846, 10.463, 10.851, 12.578, 16.541], [12.73, 11.733, 11.969, 10.516, 8.349, 8.143, 8.107, 6.45, 2.618, 1.919, 2.509, 2.05, 1.336, 1.003, 0.0, 1.526, 1.942, 2.382, 2.139, 1.628, 1.749, 1.885, 2.283, 2.364, 1.922, 1.697, 2.57, 2.599, 2.442, 2.735, 3.115, 3.285, 5.713, 8.302, 9.008, 8.185, 8.44, 10.513, 12.006, 12.264, 12.278, 14.806, 18.453, 18.832, 16.839, 15.004, 13.238, 12.151, 10.93, 9.287, 8.812, 9.174, 9.509, 9.633, 9.636, 9.159, 8.648, 8.427, 8.572, 8.434, 9.061, 10.351, 11.371, 12.692, 13.602, 14.532, 15.476, 15.575, 14.813, 14.659, 14.744, 14.304, 13.063, 12.721, 13.785, 16.161, 18.815, 21.571, 22.289, 21.795, 21.185, 20.24, 18.451, 16.349, 16.008, 16.475, 16.855, 16.268, 15.23, 14.868, 15.113, 15.745, 15.564, 15.67, 16.529, 17.022, 17.516, 17.91, 18.065, 17.717, 17.658, 19.309, 18.991, 18.389, 17.797, 17.084, 15.727, 13.389, 12.323, 12.618, 12.51, 12.545, 12.092, 11.912, 12.288, 12.832, 12.065, 11.314, 11.311, 11.521, 11.03, 9.824, 8.597, 8.198, 7.03, 6.761, 7.407, 7.409, 7.549, 7.309, 7.091, 7.058, 7.2, 7.293, 7.374, 7.381, 7.336, 7.243, 7.383, 6.993, 6.186, 5.26, 4.675, 4.783, 4.517, 4.424, 4.935, 4.887, 4.602, 4.733, 6.147, 8.24, 9.604, 10.155, 9.758, 10.144, 11.88, 15.852], [11.668, 10.586, 10.902, 9.431, 7.368, 7.095, 6.942, 5.322, 1.923, 2.629, 3.539, 3.032, 2.185, 2.182, 1.526, 0.0, 1.203, 1.835, 1.786, 1.508, 2.019, 2.455, 2.847, 3.241, 2.93, 2.216, 2.258, 1.975, 1.915, 2.239, 2.888, 2.746, 4.753, 7.262, 8.039, 7.187, 7.564, 9.406, 10.909, 11.125, 11.116, 13.9, 17.718, 17.918, 15.813, 14.011, 12.213, 11.092, 9.876, 8.368, 7.947, 8.328, 8.676, 8.835, 8.889, 8.363, 7.87, 7.724, 7.781, 7.62, 8.162, 9.37, 10.248, 11.541, 12.591, 13.505, 14.43, 14.569, 13.761, 13.575, 13.652, 13.157, 11.916, 11.778, 12.785, 15.143, 17.731, 20.542, 21.205, 20.628, 19.964, 19.057, 17.322, 15.153, 14.883, 15.256, 15.656, 15.188, 14.087, 13.749, 13.945, 14.601, 14.534, 14.693, 15.499, 15.893, 16.341, 16.68, 16.909, 16.653, 16.567, 18.263, 17.925, 17.328, 16.753, 15.893, 14.652, 12.278, 11.279, 11.587, 11.437, 11.526, 11.07, 10.996, 11.154, 11.678, 10.96, 10.447, 10.475, 10.631, 10.362, 9.188, 8.075, 7.755, 6.599, 6.335, 7.021, 7.016, 7.158, 6.895, 6.578, 6.608, 6.746, 6.843, 6.934, 6.956, 6.902, 6.74, 6.876, 6.525, 5.625, 4.684, 4.22, 4.415, 4.083, 3.779, 4.296, 4.236, 3.891, 3.922, 5.186, 7.382, 8.759, 9.025, 8.696, 9.121, 10.848, 14.726], [11.238, 10.236, 10.455, 8.984, 6.822, 6.645, 6.505, 4.824, 1.658, 3.226, 3.954, 3.607, 2.645, 2.5, 1.942, 1.203, 0.0, 1.174, 1.551, 1.624, 2.525, 3.054, 3.514, 3.782, 3.35, 2.777, 2.558, 2.018, 1.867, 2.409, 3.051, 2.641, 4.355, 6.866, 7.607, 6.748, 7.074, 9.021, 10.551, 10.743, 10.743, 13.389, 17.005, 17.429, 15.398, 13.564, 11.816, 10.66, 9.496, 7.948, 7.518, 7.93, 8.281, 8.439, 8.564, 8.057, 7.585, 7.52, 7.486, 7.238, 7.761, 8.994, 9.911, 11.222, 12.17, 13.071, 13.977, 14.131, 13.371, 13.192, 13.248, 12.834, 11.604, 11.334, 12.364, 14.72, 17.286, 20.108, 20.777, 20.284, 19.683, 18.733, 16.951, 14.833, 14.539, 14.966, 15.348, 14.774, 13.727, 13.37, 13.606, 14.253, 14.143, 14.288, 15.113, 15.543, 16.012, 16.393, 16.559, 16.238, 16.137, 17.835, 17.496, 16.905, 16.353, 15.557, 14.28, 11.857, 10.846, 11.154, 11.037, 11.102, 10.619, 10.518, 10.792, 11.322, 10.574, 10.017, 10.071, 10.184, 10.078, 9.082, 8.016, 7.73, 6.501, 6.251, 7.008, 7.049, 7.196, 6.866, 6.581, 6.584, 6.832, 6.845, 6.929, 6.91, 6.865, 6.768, 6.903, 6.512, 5.515, 4.652, 4.251, 4.454, 4.144, 3.76, 4.345, 4.126, 3.524, 3.408, 4.737, 6.796, 8.221, 8.607, 8.247, 8.711, 10.445, 14.312], [11.21, 10.309, 10.523, 9.041, 6.827, 6.481, 6.579, 4.73, 1.5, 3.538, 4.311, 3.866, 3.002, 2.849, 2.382, 1.835, 1.174, 0.0, 1.323, 1.776, 2.837, 3.573, 4.145, 4.34, 3.585, 2.983, 2.74, 2.142, 2.205, 2.622, 3.303, 2.699, 4.202, 6.806, 7.517, 6.837, 7.036, 9.078, 10.487, 10.743, 10.817, 13.228, 16.743, 17.277, 15.323, 13.494, 11.685, 10.731, 9.34, 7.798, 7.366, 7.755, 8.13, 8.343, 8.441, 7.881, 7.47, 7.396, 7.337, 7.111, 7.637, 8.85, 9.935, 11.301, 12.154, 13.148, 14.054, 14.142, 13.445, 13.289, 13.346, 12.94, 11.627, 11.281, 12.317, 14.664, 17.237, 20.088, 20.852, 20.377, 19.752, 18.803, 17.0, 14.846, 14.412, 15.031, 15.434, 14.852, 13.817, 13.455, 13.693, 14.216, 13.993, 14.132, 14.965, 15.394, 15.951, 16.419, 16.594, 16.293, 16.212, 17.813, 17.539, 16.937, 16.281, 15.612, 14.16, 11.941, 10.846, 11.113, 11.041, 11.024, 10.652, 10.515, 10.686, 11.412, 10.549, 9.865, 9.912, 10.02, 9.893, 8.934, 7.838, 7.63, 6.498, 6.242, 7.044, 7.097, 7.259, 6.883, 6.506, 6.535, 6.707, 6.718, 6.896, 7.047, 6.882, 6.761, 6.871, 6.484, 5.634, 4.78, 4.361, 4.592, 4.263, 3.832, 4.392, 4.091, 3.599, 3.549, 4.6, 6.677, 7.982, 8.546, 8.313, 8.651, 10.312, 14.298], [11.792, 10.905, 11.105, 9.623, 7.424, 7.108, 7.167, 5.245, 1.505, 3.029, 4.111, 3.642, 2.942, 2.69, 2.139, 1.786, 1.551, 1.323, 0.0, 1.341, 2.252, 2.964, 3.684, 3.864, 3.126, 2.587, 2.324, 2.191, 2.316, 2.742, 3.275, 2.888, 4.76, 7.426, 8.064, 7.368, 7.535, 9.624, 11.113, 11.374, 11.422, 13.793, 17.222, 17.803, 15.859, 14.043, 12.199, 11.321, 9.997, 8.342, 7.931, 8.368, 8.739, 8.935, 9.026, 8.458, 8.016, 7.87, 7.915, 7.723, 8.201, 9.516, 10.585, 11.946, 12.802, 13.769, 14.675, 14.754, 14.065, 13.91, 13.942, 13.561, 12.267, 11.892, 12.928, 15.22, 17.785, 20.66, 21.434, 20.965, 20.355, 19.405, 17.608, 15.465, 15.069, 15.634, 16.03, 15.435, 14.399, 14.037, 14.288, 14.838, 14.613, 14.736, 15.585, 16.059, 16.585, 17.034, 17.227, 16.898, 16.802, 18.352, 18.119, 17.518, 16.825, 16.22, 14.806, 12.523, 11.418, 11.674, 11.625, 11.562, 11.224, 11.019, 11.327, 12.003, 11.161, 10.415, 10.497, 10.575, 10.373, 9.281, 8.254, 8.004, 6.814, 6.542, 7.33, 7.378, 7.54, 7.183, 6.829, 6.873, 7.044, 7.101, 7.228, 7.32, 7.206, 7.079, 7.166, 6.791, 5.982, 5.083, 4.587, 4.757, 4.522, 4.189, 4.695, 4.491, 3.998, 3.949, 5.136, 7.289, 8.44, 9.114, 8.892, 9.247, 10.966, 14.869], [12.167, 11.245, 11.46, 9.986, 7.848, 7.46, 7.516, 5.696, 1.611, 2.218, 3.388, 2.965, 2.174, 2.094, 1.628, 1.508, 1.624, 1.776, 1.341, 0.0, 1.325, 2.078, 2.741, 3.077, 2.577, 2.184, 2.592, 2.352, 2.272, 2.575, 3.088, 2.94, 5.154, 7.773, 8.465, 7.745, 7.955, 9.984, 11.455, 11.703, 11.77, 14.524, 18.232, 18.535, 16.328, 14.642, 12.725, 11.668, 10.314, 8.758, 8.299, 8.673, 9.035, 9.194, 9.236, 8.716, 8.215, 8.075, 8.146, 8.012, 8.585, 9.84, 10.91, 12.347, 13.129, 14.119, 15.018, 15.176, 14.407, 14.256, 14.298, 13.894, 12.59, 12.3, 13.315, 15.641, 18.367, 21.043, 21.789, 21.311, 20.69, 19.741, 17.945, 15.805, 15.37, 15.972, 16.379, 15.786, 14.745, 14.386, 14.629, 15.163, 14.963, 15.094, 15.934, 16.346, 16.908, 17.365, 17.554, 17.242, 17.156, 18.784, 18.481, 17.886, 17.333, 16.555, 15.122, 12.874, 11.801, 12.088, 12.009, 12.084, 11.61, 11.438, 11.646, 12.363, 11.494, 10.784, 10.802, 10.897, 10.593, 9.493, 8.393, 8.133, 6.859, 6.605, 7.364, 7.416, 7.567, 7.233, 6.973, 6.987, 7.17, 7.246, 7.324, 7.319, 7.247, 7.165, 7.288, 6.915, 6.022, 5.08, 4.608, 4.748, 4.48, 4.267, 4.773, 4.648, 4.287, 4.37, 5.764, 7.945, 9.387, 9.587, 9.322, 9.6, 11.279, 15.251], [12.855, 11.695, 12.015, 10.572, 8.616, 8.085, 7.992, 6.439, 2.578, 1.766, 2.821, 2.563, 2.023, 2.018, 1.749, 2.019, 2.525, 2.837, 2.252, 1.325, 0.0, 1.37, 1.886, 2.467, 2.357, 2.259, 3.235, 3.038, 2.681, 2.661, 3.069, 3.058, 5.432, 8.139, 8.795, 8.122, 8.328, 10.361, 11.915, 12.095, 12.25, 15.474, 19.32, 19.48, 17.129, 15.537, 13.575, 12.171, 10.677, 9.122, 8.466, 8.783, 9.063, 9.128, 9.152, 8.779, 8.325, 7.994, 8.151, 8.061, 8.762, 10.147, 11.311, 12.898, 13.726, 14.7, 15.616, 15.839, 14.924, 14.73, 14.829, 14.312, 13.042, 13.137, 14.137, 16.43, 19.214, 21.782, 22.407, 21.749, 21.108, 20.17, 18.423, 16.268, 15.825, 16.443, 16.873, 16.31, 15.198, 14.862, 15.057, 15.577, 15.272, 15.377, 16.237, 16.756, 17.324, 17.772, 17.962, 17.683, 17.679, 19.43, 19.138, 18.693, 18.23, 17.022, 15.52, 13.495, 12.512, 12.77, 12.769, 12.927, 12.223, 11.801, 12.098, 12.837, 11.894, 10.903, 10.861, 11.02, 10.514, 9.105, 7.915, 7.669, 6.434, 6.17, 6.932, 6.979, 7.142, 6.788, 6.505, 6.518, 6.702, 6.776, 6.858, 6.91, 6.809, 6.719, 6.819, 6.473, 5.844, 4.93, 4.244, 4.393, 4.165, 4.083, 4.597, 4.5, 4.444, 4.908, 6.706, 8.943, 10.36, 10.494, 9.984, 9.965, 11.666, 16.02], [13.417, 12.212, 12.507, 11.129, 9.217, 8.712, 8.547, 7.129, 3.291, 1.862, 2.291, 1.979, 1.579, 1.712, 1.885, 2.455, 3.054, 3.573, 2.964, 2.078, 1.37, 0.0, 1.154, 1.788, 1.662, 1.911, 3.241, 3.28, 2.892, 2.753, 2.98, 3.342, 5.795, 8.551, 9.229, 8.552, 8.885, 10.781, 12.429, 12.509, 12.732, 16.055, 19.935, 20.08, 17.733, 16.108, 14.174, 12.679, 11.15, 9.656, 9.023, 9.177, 9.54, 9.676, 9.693, 9.185, 8.674, 8.483, 8.614, 8.501, 9.101, 10.571, 11.685, 13.426, 14.321, 15.235, 16.119, 16.415, 15.433, 15.137, 15.21, 14.679, 13.564, 13.684, 14.692, 17.027, 19.804, 22.386, 22.992, 22.144, 21.481, 20.561, 18.884, 16.765, 16.326, 16.949, 17.427, 16.754, 15.607, 15.266, 15.468, 15.918, 15.684, 15.785, 16.659, 17.164, 17.667, 18.112, 18.309, 18.07, 18.096, 19.951, 19.668, 19.264, 18.801, 17.576, 16.047, 14.046, 13.112, 13.322, 13.368, 13.511, 12.791, 12.215, 12.611, 13.369, 12.279, 11.296, 11.316, 11.448, 11.12, 9.621, 8.262, 7.767, 6.473, 6.339, 6.903, 6.96, 7.13, 6.817, 6.787, 6.711, 6.874, 6.913, 6.959, 6.976, 7.041, 7.016, 7.153, 6.856, 6.233, 5.327, 4.285, 4.308, 4.241, 4.48, 4.971, 4.953, 4.876, 5.381, 7.269, 9.514, 10.931, 11.065, 10.556, 10.388, 12.15, 16.615], [13.9, 12.683, 13.019, 11.581, 9.716, 9.251, 9.015, 7.691, 3.881, 2.004, 2.165, 1.995, 1.84, 1.945, 2.283, 2.847, 3.514, 4.145, 3.684, 2.741, 1.886, 1.154, 0.0, 1.356, 1.486, 2.328, 3.702, 3.777, 3.326, 3.233, 3.249, 3.771, 6.357, 8.984, 9.828, 9.048, 9.419, 11.314, 12.92, 13.043, 13.227, 16.542, 20.401, 20.564, 18.191, 16.605, 14.642, 13.172, 11.617, 10.21, 9.525, 9.739, 10.029, 10.159, 10.153, 9.639, 9.146, 8.925, 9.066, 8.966, 9.594, 10.976, 12.086, 13.854, 14.786, 15.686, 16.587, 16.838, 15.853, 15.638, 15.735, 15.083, 14.002, 14.134, 15.158, 17.497, 20.282, 22.845, 23.464, 22.609, 21.888, 21.032, 19.381, 17.108, 16.73, 17.319, 17.837, 17.274, 16.081, 15.775, 15.944, 16.344, 16.164, 16.275, 17.132, 17.613, 18.096, 18.523, 18.8, 18.548, 18.62, 20.428, 20.176, 19.761, 19.298, 18.036, 16.558, 14.533, 13.574, 13.795, 13.832, 13.995, 13.292, 12.803, 13.1, 13.823, 12.762, 11.818, 11.829, 12.0, 11.589, 10.062, 8.633, 8.027, 6.768, 6.659, 7.116, 7.158, 7.321, 7.061, 7.116, 6.992, 7.204, 7.218, 7.274, 7.276, 7.401, 7.395, 7.495, 7.215, 6.622, 5.719, 4.631, 4.637, 4.614, 4.881, 5.42, 5.364, 5.394, 5.904, 7.764, 10.011, 11.428, 11.562, 11.047, 10.83, 12.705, 17.088], [14.355, 13.257, 13.547, 12.059, 10.008, 9.721, 9.664, 8.055, 4.209, 2.074, 1.949, 1.788, 1.992, 2.009, 2.364, 3.241, 3.782, 4.34, 3.864, 3.077, 2.467, 1.788, 1.356, 0.0, 1.352, 2.404, 3.861, 3.996, 3.702, 3.968, 4.119, 4.661, 7.09, 9.81, 10.452, 9.697, 9.897, 12.032, 13.529, 13.753, 13.757, 16.64, 20.544, 20.67, 18.435, 16.682, 14.86, 13.692, 12.434, 10.582, 10.043, 10.396, 10.697, 10.817, 10.81, 10.36, 9.894, 9.582, 9.728, 9.681, 10.366, 11.862, 12.919, 14.255, 15.182, 16.217, 17.092, 17.175, 16.377, 16.237, 16.326, 15.832, 14.586, 14.333, 15.363, 17.759, 20.413, 23.153, 23.844, 23.308, 22.698, 21.752, 19.998, 17.871, 17.524, 17.995, 18.37, 17.824, 16.752, 16.408, 16.633, 17.278, 17.01, 17.1, 17.98, 18.509, 19.034, 19.43, 19.604, 19.264, 19.209, 20.887, 20.56, 19.953, 19.437, 18.617, 17.233, 14.893, 13.898, 14.197, 14.114, 14.145, 13.63, 13.375, 13.779, 14.348, 13.594, 12.551, 12.508, 12.654, 12.206, 10.669, 9.267, 8.614, 7.361, 7.266, 7.703, 7.779, 7.906, 7.668, 7.738, 7.584, 7.817, 7.836, 7.881, 7.854, 7.98, 8.064, 8.181, 7.891, 7.36, 6.451, 5.333, 5.384, 5.375, 5.625, 6.063, 6.066, 5.862, 6.123, 7.864, 10.105, 11.567, 11.731, 11.356, 11.66, 13.389, 17.422], [13.531, 12.739, 12.867, 11.42, 9.38, 9.196, 9.06, 7.542, 3.833, 2.145, 2.1, 1.852, 1.708, 1.585, 1.922, 2.93, 3.35, 3.585, 3.126, 2.577, 2.357, 1.662, 1.486, 1.352, 0.0, 1.499, 2.978, 3.175, 3.279, 3.708, 3.803, 4.284, 6.722, 9.364, 10.027, 9.174, 9.449, 11.532, 13.082, 13.262, 13.245, 15.696, 19.416, 19.66, 17.535, 15.871, 13.892, 13.152, 11.995, 10.247, 9.737, 10.088, 10.441, 10.575, 10.574, 10.09, 9.586, 9.375, 9.509, 9.401, 10.022, 11.459, 12.462, 13.83, 14.667, 15.467, 16.406, 16.551, 15.801, 15.614, 15.593, 15.31, 14.109, 13.713, 14.756, 16.969, 19.659, 22.322, 23.152, 22.772, 22.193, 21.253, 19.464, 17.389, 17.075, 17.498, 17.856, 17.208, 16.185, 15.818, 16.113, 16.795, 16.597, 16.708, 17.57, 18.071, 18.56, 18.931, 19.127, 18.795, 18.518, 20.017, 19.791, 19.218, 18.538, 18.091, 16.787, 14.314, 13.197, 13.436, 13.456, 13.351, 13.145, 12.93, 13.319, 13.837, 13.113, 12.227, 12.231, 12.397, 11.872, 10.484, 9.102, 8.588, 7.374, 7.246, 7.775, 7.861, 8.069, 7.699, 7.691, 7.58, 7.753, 7.74, 7.826, 7.911, 7.932, 7.943, 8.097, 7.8, 7.273, 6.377, 5.282, 5.306, 5.257, 5.487, 5.929, 5.943, 5.621, 5.689, 6.892, 9.264, 10.508, 10.943, 10.727, 11.214, 12.952, 16.608], [12.405, 11.593, 11.677, 10.286, 8.431, 8.308, 8.166, 6.668, 3.247, 2.6, 3.008, 2.537, 1.859, 1.779, 1.697, 2.216, 2.777, 2.983, 2.587, 2.184, 2.259, 1.911, 2.328, 2.404, 1.499, 0.0, 1.703, 1.911, 2.394, 2.806, 3.125, 3.526, 5.948, 8.419, 9.209, 8.27, 8.642, 10.557, 12.055, 12.231, 12.157, 14.537, 18.36, 18.468, 16.259, 14.6, 12.604, 12.06, 11.064, 9.578, 9.122, 9.521, 9.844, 10.008, 10.023, 9.479, 8.983, 8.81, 8.923, 8.804, 9.383, 10.612, 11.406, 12.665, 13.685, 14.38, 15.328, 15.349, 14.627, 14.454, 14.423, 14.134, 13.018, 12.594, 13.627, 15.759, 18.433, 21.082, 21.907, 21.534, 20.977, 20.068, 18.315, 16.277, 16.002, 16.372, 16.654, 15.969, 14.974, 14.608, 14.976, 15.715, 15.754, 15.885, 16.712, 17.083, 17.521, 17.804, 18.056, 17.73, 17.373, 18.742, 18.55, 17.974, 17.264, 17.018, 15.808, 13.162, 12.019, 12.206, 12.267, 12.109, 12.096, 12.119, 12.346, 12.682, 12.094, 11.578, 11.603, 11.883, 11.499, 10.166, 8.909, 8.347, 7.144, 6.981, 7.494, 7.605, 7.784, 7.478, 7.377, 7.275, 7.392, 7.466, 7.553, 7.645, 7.618, 7.546, 7.689, 7.376, 6.724, 5.845, 4.97, 4.979, 4.931, 5.016, 5.36, 5.366, 4.996, 4.94, 5.703, 8.207, 9.347, 9.825, 9.557, 10.296, 12.002, 15.502], [11.339, 10.882, 10.834, 9.477, 7.877, 7.905, 7.745, 6.12, 3.175, 3.632, 4.313, 3.748, 2.983, 2.793, 2.57, 2.258, 2.558, 2.74, 2.324, 2.592, 3.235, 3.241, 3.702, 3.861, 2.978, 1.703, 0.0, 1.471, 2.244, 2.816, 3.387, 3.528, 5.705, 8.151, 8.904, 8.017, 8.415, 10.283, 11.742, 11.588, 11.357, 13.34, 17.024, 17.31, 15.111, 13.453, 11.642, 11.523, 10.712, 9.355, 8.959, 9.39, 9.769, 9.936, 9.962, 9.411, 8.927, 8.764, 8.858, 8.711, 9.178, 10.301, 10.828, 11.965, 13.266, 13.931, 14.437, 14.404, 13.772, 13.557, 13.522, 13.107, 12.011, 11.711, 12.778, 14.646, 17.134, 19.919, 20.733, 20.358, 19.797, 18.904, 17.292, 15.66, 15.45, 15.555, 15.615, 14.892, 13.899, 13.756, 14.062, 15.168, 15.409, 15.621, 16.352, 16.565, 16.63, 16.843, 17.323, 17.119, 16.721, 17.605, 17.437, 16.843, 16.169, 16.239, 15.465, 12.556, 11.308, 11.639, 11.388, 11.28, 11.798, 11.88, 11.966, 11.934, 11.748, 11.395, 11.513, 11.845, 11.559, 10.18, 8.941, 8.35, 7.113, 6.948, 7.393, 7.475, 7.64, 7.396, 7.304, 7.193, 7.348, 7.397, 7.474, 7.531, 7.557, 7.455, 7.599, 7.335, 6.613, 5.729, 4.898, 4.946, 4.861, 4.976, 5.31, 5.255, 4.84, 4.727, 5.433, 7.37, 8.047, 8.678, 8.941, 10.08, 11.71, 14.428], [10.821, 10.029, 10.078, 8.706, 7.074, 7.038, 6.864, 5.379, 2.472, 3.637, 4.572, 4.103, 3.298, 3.121, 2.599, 1.975, 2.018, 2.142, 2.191, 2.352, 3.038, 3.28, 3.777, 3.996, 3.175, 1.911, 1.471, 0.0, 1.433, 2.011, 2.851, 2.546, 4.605, 7.064, 7.858, 6.932, 7.313, 9.189, 10.746, 10.773, 10.596, 13.088, 17.034, 17.057, 14.693, 13.024, 11.058, 10.646, 9.757, 8.394, 7.919, 8.343, 8.573, 8.798, 8.924, 8.256, 7.812, 7.664, 7.714, 7.534, 8.065, 9.256, 9.912, 11.093, 12.399, 13.019, 13.734, 13.69, 12.939, 12.754, 12.756, 12.408, 11.333, 11.053, 12.12, 14.224, 16.865, 19.324, 20.144, 19.814, 19.259, 18.351, 16.685, 14.789, 14.515, 14.764, 14.965, 14.239, 13.258, 12.918, 13.291, 14.251, 14.491, 14.608, 15.37, 15.776, 15.989, 16.122, 16.461, 16.175, 15.82, 17.011, 16.802, 16.277, 15.688, 15.49, 14.503, 11.602, 10.387, 10.671, 10.654, 10.511, 10.788, 10.811, 11.072, 11.075, 10.726, 10.38, 10.432, 10.762, 10.571, 9.28, 8.066, 7.505, 6.41, 6.162, 6.584, 6.658, 6.846, 6.637, 6.49, 6.384, 6.411, 6.463, 6.596, 6.67, 6.625, 6.497, 6.661, 6.333, 5.585, 4.677, 4.087, 4.326, 4.12, 3.955, 4.273, 4.282, 3.687, 3.652, 4.55, 6.783, 7.996, 8.314, 8.129, 9.037, 10.745, 13.939], [11.12, 9.891, 10.144, 8.738, 6.998, 6.703, 6.543, 5.159, 2.414, 3.319, 4.219, 3.775, 2.994, 2.85, 2.442, 1.915, 1.867, 2.205, 2.316, 2.272, 2.681, 2.892, 3.326, 3.702, 3.279, 2.394, 2.244, 1.433, 0.0, 1.223, 2.042, 1.859, 3.858, 6.379, 7.132, 6.249, 6.583, 8.516, 10.149, 10.431, 10.502, 13.674, 17.656, 17.67, 15.149, 13.581, 11.575, 10.3, 9.087, 7.722, 7.259, 7.548, 7.751, 7.914, 7.987, 7.373, 6.886, 6.705, 6.795, 6.682, 7.289, 8.543, 9.432, 10.96, 11.94, 12.981, 13.842, 13.836, 12.889, 12.743, 12.849, 12.329, 11.076, 11.09, 12.175, 14.551, 17.32, 19.628, 20.299, 19.771, 19.156, 18.229, 16.56, 14.354, 14.038, 14.486, 14.874, 14.256, 13.212, 12.856, 13.089, 13.718, 13.801, 13.872, 14.685, 15.257, 15.703, 15.895, 16.091, 15.811, 15.671, 17.392, 17.143, 16.616, 16.21, 15.331, 13.956, 11.667, 10.393, 10.642, 10.634, 10.767, 10.327, 10.124, 10.522, 10.857, 10.095, 9.606, 9.624, 10.107, 9.797, 8.345, 7.054, 6.51, 5.341, 5.076, 5.457, 5.517, 5.715, 5.61, 5.412, 5.281, 5.34, 5.46, 5.515, 5.527, 5.507, 5.405, 5.495, 5.233, 4.573, 3.696, 3.05, 3.228, 3.127, 3.06, 3.37, 3.267, 2.797, 3.084, 4.83, 7.181, 8.62, 8.782, 8.19, 8.411, 10.191, 14.322], [11.629, 10.207, 10.533, 9.207, 7.535, 7.063, 6.863, 5.635, 2.602, 3.376, 4.242, 3.818, 3.115, 3.193, 2.735, 2.239, 2.409, 2.622, 2.742, 2.575, 2.661, 2.753, 3.233, 3.968, 3.708, 2.806, 2.816, 2.011, 1.223, 0.0, 1.423, 1.313, 3.61, 6.189, 7.07, 6.386, 6.867, 8.587, 10.31, 10.471, 10.768, 14.266, 18.229, 18.268, 15.72, 14.179, 12.156, 10.607, 8.956, 7.892, 7.305, 7.208, 7.363, 7.443, 7.475, 7.003, 6.553, 6.269, 6.372, 6.314, 6.967, 8.218, 9.344, 11.311, 12.328, 13.376, 14.247, 14.383, 13.211, 12.845, 12.961, 12.284, 11.376, 11.65, 12.743, 15.146, 17.919, 20.237, 20.854, 19.791, 19.07, 18.24, 16.784, 14.461, 14.092, 14.661, 15.264, 14.511, 13.304, 12.944, 13.19, 13.509, 13.468, 13.548, 14.386, 15.02, 15.467, 15.704, 15.943, 15.769, 15.845, 17.834, 17.663, 17.223, 16.815, 15.67, 13.987, 12.166, 10.956, 11.097, 11.175, 11.391, 10.82, 10.282, 10.609, 11.173, 10.099, 9.27, 9.275, 9.825, 9.585, 8.126, 6.83, 6.261, 5.014, 4.87, 5.155, 5.188, 5.334, 5.265, 5.134, 4.979, 5.049, 5.22, 5.232, 5.283, 5.292, 5.116, 5.194, 4.875, 4.117, 3.269, 2.721, 2.854, 2.754, 2.689, 3.042, 2.825, 2.894, 3.67, 5.419, 7.771, 9.209, 9.364, 8.729, 8.329, 10.228, 14.883], [12.329, 10.919, 11.251, 9.907, 8.244, 7.792, 7.548, 6.362, 3.267, 3.783, 4.443, 3.927, 3.351, 3.346, 3.115, 2.888, 3.051, 3.303, 3.275, 3.088, 3.069, 2.98, 3.249, 4.119, 3.803, 3.125, 3.387, 2.851, 2.042, 1.423, 0.0, 1.172, 3.771, 6.456, 7.621, 7.015, 7.513, 9.22, 11.039, 11.152, 11.468, 14.974, 18.942, 18.979, 16.44, 14.889, 12.873, 11.256, 9.517, 8.4, 7.8, 7.346, 7.243, 7.397, 7.329, 6.775, 6.287, 6.07, 6.185, 6.291, 6.782, 8.26, 10.009, 12.031, 13.044, 14.088, 14.961, 15.103, 13.91, 13.406, 13.48, 12.817, 12.095, 12.359, 13.467, 15.859, 18.638, 20.968, 21.585, 20.314, 19.39, 18.845, 17.488, 15.091, 14.644, 15.323, 15.975, 15.134, 13.869, 13.592, 13.826, 13.788, 13.477, 13.572, 14.657, 15.453, 15.827, 16.243, 16.331, 16.262, 16.481, 18.535, 18.389, 17.949, 17.536, 16.371, 14.696, 12.873, 11.688, 11.705, 11.892, 12.122, 11.519, 10.899, 11.293, 11.891, 10.738, 9.339, 9.282, 9.844, 9.753, 8.344, 6.926, 6.316, 5.046, 4.96, 5.224, 5.226, 5.406, 5.233, 5.107, 4.898, 4.925, 5.082, 5.188, 5.225, 5.217, 5.013, 5.113, 4.753, 3.898, 3.123, 2.665, 2.746, 2.614, 2.999, 3.704, 3.268, 3.324, 4.311, 6.134, 8.478, 9.916, 10.071, 9.44, 8.95, 10.887, 15.581], [11.825, 10.41, 10.737, 9.402, 7.731, 7.212, 7.041, 5.854, 2.87, 4.016, 4.835, 4.417, 3.886, 3.858, 3.285, 2.746, 2.641, 2.699, 2.888, 2.94, 3.058, 3.342, 3.771, 4.661, 4.284, 3.526, 3.528, 2.546, 1.859, 1.313, 1.172, 0.0, 2.926, 5.738, 6.868, 6.399, 6.815, 8.622, 10.482, 10.664, 10.967, 14.478, 18.445, 18.464, 15.915, 14.383, 12.36, 10.73, 8.855, 7.691, 7.101, 6.713, 6.621, 6.845, 6.905, 6.239, 5.749, 5.599, 5.641, 5.566, 6.1, 7.633, 9.482, 11.5, 12.548, 13.602, 14.475, 14.589, 13.388, 12.879, 12.945, 12.241, 11.571, 11.874, 12.96, 15.339, 18.105, 20.347, 20.971, 19.665, 18.782, 18.268, 16.965, 14.533, 13.966, 14.755, 15.38, 14.519, 13.242, 13.011, 13.222, 13.177, 12.902, 12.941, 14.007, 14.841, 15.264, 15.697, 15.81, 15.696, 15.918, 17.995, 17.849, 17.403, 17.015, 15.867, 14.101, 12.369, 11.134, 11.08, 11.255, 11.524, 10.969, 10.294, 10.72, 11.349, 10.141, 8.667, 8.733, 9.29, 9.418, 8.079, 6.753, 6.254, 5.075, 4.93, 5.215, 5.118, 5.454, 5.327, 4.996, 4.837, 4.789, 4.974, 5.028, 5.121, 5.12, 4.872, 4.838, 4.49, 3.683, 3.009, 2.734, 2.915, 2.821, 2.815, 3.44, 2.964, 2.853, 3.802, 5.612, 7.981, 9.412, 9.567, 8.924, 8.332, 10.282, 15.076], [9.32, 7.898, 8.224, 6.892, 5.227, 4.693, 4.541, 3.377, 4.0, 6.566, 7.248, 6.804, 6.328, 6.402, 5.713, 4.753, 4.355, 4.202, 4.76, 5.154, 5.432, 5.795, 6.357, 7.09, 6.722, 5.948, 5.705, 4.605, 3.858, 3.61, 3.771, 2.926, 0.0, 3.206, 4.237, 3.898, 4.247, 6.114, 7.971, 8.167, 8.468, 11.963, 15.947, 15.959, 13.411, 11.87, 9.847, 8.218, 6.369, 5.171, 4.647, 4.499, 4.449, 4.758, 4.877, 4.299, 3.934, 4.005, 3.784, 3.505, 3.67, 5.2, 7.028, 9.021, 10.069, 11.123, 11.996, 12.109, 10.909, 10.4, 10.44, 9.777, 9.114, 9.417, 10.503, 12.837, 15.61, 17.831, 18.455, 17.161, 16.273, 15.752, 14.46, 12.071, 11.581, 12.242, 12.864, 12.003, 10.726, 10.495, 10.706, 10.759, 10.367, 10.437, 11.489, 12.456, 12.845, 13.272, 13.294, 13.186, 13.406, 15.479, 15.333, 14.887, 14.499, 13.358, 11.59, 9.862, 8.618, 8.564, 8.74, 9.008, 8.453, 7.68, 8.21, 8.833, 7.62, 6.237, 6.563, 7.186, 7.47, 6.458, 5.686, 5.463, 4.699, 4.736, 4.923, 4.965, 5.414, 5.315, 4.864, 4.641, 4.705, 4.859, 4.797, 5.019, 4.962, 4.717, 4.632, 4.304, 3.895, 3.391, 3.813, 4.254, 3.548, 2.985, 3.271, 2.576, 2.106, 2.251, 3.47, 5.523, 6.91, 7.066, 6.42, 5.838, 7.725, 12.576], [6.177, 4.755, 5.081, 3.749, 2.375, 2.256, 2.114, 3.573, 6.584, 9.264, 10.203, 9.723, 8.921, 9.007, 8.302, 7.262, 6.866, 6.806, 7.426, 7.773, 8.139, 8.551, 8.984, 9.81, 9.364, 8.419, 8.151, 7.064, 6.379, 6.189, 6.456, 5.738, 3.206, 0.0, 1.509, 1.506, 1.873, 3.202, 4.903, 5.131, 5.396, 8.894, 12.856, 12.845, 10.268, 8.727, 6.704, 5.075, 3.446, 2.639, 2.581, 2.54, 2.452, 3.163, 3.527, 3.43, 3.448, 3.56, 3.337, 2.597, 1.941, 2.946, 4.215, 5.96, 7.013, 8.062, 8.935, 9.049, 7.848, 7.369, 7.49, 6.746, 6.108, 6.443, 7.471, 9.781, 12.509, 14.719, 15.328, 14.025, 13.16, 12.616, 11.317, 8.981, 8.607, 9.096, 9.721, 8.871, 7.589, 7.352, 7.563, 7.743, 7.612, 7.752, 8.743, 9.52, 9.855, 10.21, 10.253, 10.11, 10.315, 12.336, 12.19, 11.744, 11.356, 10.217, 8.553, 6.72, 5.475, 5.426, 5.606, 5.865, 5.334, 4.783, 5.171, 5.711, 4.57, 3.917, 4.317, 5.186, 6.015, 5.377, 5.658, 6.139, 6.755, 7.106, 7.112, 7.569, 7.949, 7.732, 7.294, 7.063, 7.154, 7.448, 7.361, 7.247, 7.215, 7.062, 7.11, 6.848, 6.396, 6.086, 6.836, 7.257, 6.502, 5.701, 5.64, 5.122, 4.464, 3.921, 3.186, 3.127, 4.006, 3.999, 3.338, 3.113, 4.896, 9.44], [5.084, 3.666, 3.987, 2.667, 2.199, 2.147, 1.962, 3.87, 7.329, 9.937, 10.847, 10.424, 9.723, 9.699, 9.008, 8.039, 7.607, 7.517, 8.064, 8.465, 8.795, 9.229, 9.828, 10.452, 10.027, 9.209, 8.904, 7.858, 7.132, 7.07, 7.621, 6.868, 4.237, 1.509, 0.0, 1.109, 1.273, 2.393, 3.89, 4.118, 4.384, 7.844, 11.805, 11.759, 9.175, 7.633, 5.613, 4.009, 2.469, 1.758, 2.067, 2.209, 2.238, 2.973, 3.54, 3.637, 3.736, 3.935, 3.726, 3.086, 2.16, 2.108, 3.436, 4.955, 5.987, 7.012, 7.885, 7.999, 6.799, 6.389, 6.552, 5.873, 5.166, 5.441, 6.456, 8.779, 11.463, 13.646, 14.253, 13.099, 12.437, 11.644, 10.231, 8.067, 7.645, 8.144, 8.686, 7.811, 6.591, 6.285, 6.522, 6.941, 6.761, 6.897, 7.731, 8.582, 8.992, 9.322, 9.448, 9.209, 9.264, 11.242, 1