[[0.0, 3.524, 3.56, 4.679, 4.616, 3.829, 3.932, 3.559, 4.807, 6.712, 7.674, 7.892, 7.664, 7.19, 8.057, 8.53, 11.234, 12.409, 8.738, 6.426, 5.385, 3.882, 2.207, 3.801, 2.819, 3.225, 5.081, 6.195, 9.421, 10.859, 9.522, 9.797, 12.055, 14.063, 13.126, 11.382, 9.479, 8.679, 5.619, 2.511, 1.866, 2.272, 1.792, 3.231, 4.675, 3.63, 3.005, 2.391, 2.011, 2.151, 2.675, 2.104, 3.391, 3.863, 3.792, 3.006, 3.872, 2.784, 3.246, 6.653, 8.37, 8.986, 7.681, 7.456, 8.809, 8.187, 7.057, 4.254, 3.262, 3.32, 2.943, 2.988, 4.522, 5.603, 5.293, 6.132, 5.233, 3.532, 2.94, 4.7, 7.032, 8.436, 9.064, 11.17, 14.869, 14.148, 11.107, 8.241, 6.005, 5.081, 4.361, 5.653, 5.81, 6.477, 6.91, 5.156, 4.236, 3.669, 4.11, 5.578, 5.894, 6.549, 7.484, 7.093, 7.633, 6.58, 5.843], [3.524, 0.0, 1.345, 2.274, 1.794, 1.512, 1.862, 1.619, 2.343, 3.795, 4.528, 4.745, 4.546, 4.055, 4.833, 5.161, 7.809, 8.982, 5.503, 3.542, 3.392, 2.801, 5.431, 7.208, 4.241, 6.384, 8.507, 9.593, 12.859, 14.277, 12.92, 13.231, 15.452, 17.461, 16.475, 14.804, 12.854, 12.046, 8.94, 5.832, 5.021, 5.358, 3.143, 2.118, 2.164, 2.253, 2.748, 2.991, 2.549, 1.974, 2.053, 2.832, 1.819, 2.107, 2.722, 1.939, 6.965, 5.804, 6.521, 10.063, 11.785, 12.334, 11.101, 10.853, 12.19, 11.555, 10.402, 7.637, 6.12, 6.664, 6.139, 6.239, 7.718, 9.006, 8.689, 9.545, 8.622, 6.906, 3.552, 3.008, 4.23, 5.252, 5.766, 7.85, 11.603, 10.791, 7.866, 4.926, 3.006, 2.549, 2.817, 4.003, 3.86, 4.482, 4.696, 3.53, 3.536, 3.42, 5.65, 7.648, 8.61, 9.454, 10.346, 9.811, 10.657, 9.874, 8.974], [3.56, 1.345, 0.0, 1.48, 1.577, 1.302, 1.293, 1.607, 1.667, 3.547, 4.379, 4.644, 4.426, 3.828, 4.641, 5.062, 7.747, 8.918, 5.477, 3.51, 2.589, 1.922, 5.435, 7.284, 4.274, 6.352, 8.566, 9.682, 12.92, 14.348, 12.989, 13.294, 15.538, 17.528, 16.482, 14.842, 12.881, 12.075, 8.91, 5.607, 4.944, 5.282, 3.021, 1.938, 1.717, 1.708, 2.35, 2.728, 2.299, 1.85, 1.881, 2.845, 1.535, 1.701, 2.102, 1.761, 7.023, 5.845, 6.545, 10.155, 11.855, 12.419, 11.157, 10.857, 12.23, 11.593, 10.45, 7.687, 6.151, 6.73, 6.121, 6.213, 7.629, 9.089, 8.715, 9.614, 8.664, 6.936, 3.709, 3.12, 4.492, 5.545, 5.936, 7.911, 11.641, 10.784, 7.921, 4.961, 2.741, 1.969, 2.203, 3.203, 3.085, 3.723, 4.046, 2.81, 2.634, 2.891, 5.168, 7.215, 8.362, 9.199, 10.082, 9.544, 10.539, 9.764, 8.787], [4.679, 2.274, 1.48, 0.0, 1.121, 1.669, 1.34, 1.792, 1.412, 2.899, 3.487, 3.773, 3.523, 2.987, 3.704, 4.152, 6.758, 7.933, 4.694, 3.008, 1.957, 2.122, 6.433, 8.402, 5.377, 7.437, 9.643, 10.792, 13.957, 15.441, 14.1, 14.379, 16.649, 18.639, 17.547, 15.938, 13.991, 13.192, 9.952, 6.562, 5.984, 6.305, 3.98, 2.816, 1.677, 1.993, 2.47, 3.158, 3.116, 2.979, 2.603, 3.86, 1.821, 1.815, 2.704, 2.622, 8.062, 6.894, 7.653, 11.261, 12.967, 13.529, 12.266, 11.939, 13.344, 12.703, 11.571, 8.751, 7.238, 7.827, 7.227, 7.31, 8.699, 10.209, 9.828, 10.688, 9.775, 8.034, 4.787, 3.838, 4.623, 5.286, 5.699, 7.134, 10.812, 9.988, 7.103, 4.364, 2.417, 1.432, 2.482, 2.55, 2.362, 2.998, 3.259, 2.228, 2.272, 2.603, 5.069, 7.823, 9.261, 10.114, 10.852, 10.39, 11.509, 10.804, 9.811], [4.616, 1.794, 1.577, 1.121, 0.0, 1.325, 1.457, 1.547, 1.4, 2.781, 3.508, 3.732, 3.473, 2.92, 3.637, 4.084, 6.742, 7.909, 4.602, 2.745, 2.268, 2.532, 6.405, 8.308, 5.285, 7.433, 9.617, 10.737, 13.965, 15.4, 13.983, 14.367, 16.542, 18.519, 17.4, 15.954, 13.866, 13.071, 9.792, 6.612, 5.944, 6.286, 3.953, 2.682, 1.541, 2.251, 2.781, 3.211, 3.104, 2.858, 2.405, 3.846, 1.887, 2.037, 3.135, 2.634, 8.067, 6.792, 7.537, 11.192, 12.934, 13.425, 12.217, 11.858, 13.258, 12.576, 11.525, 8.774, 7.167, 7.829, 7.192, 7.299, 8.67, 10.14, 9.817, 10.692, 9.67, 7.906, 4.597, 3.506, 4.291, 5.022, 5.371, 7.172, 10.916, 10.006, 7.151, 4.276, 2.264, 1.702, 2.428, 2.867, 2.654, 3.343, 3.484, 2.556, 2.751, 2.831, 5.372, 8.087, 9.278, 10.11, 10.931, 10.395, 11.495, 10.754, 9.721], [3.829, 1.512, 1.302, 1.669, 1.325, 0.0, 1.209, 1.228, 1.666, 3.402, 4.219, 4.457, 4.244, 3.737, 4.485, 4.942, 7.602, 8.771, 5.324, 3.318, 2.574, 2.157, 5.58, 7.393, 4.368, 6.66, 8.734, 9.811, 13.075, 14.506, 13.064, 13.442, 15.625, 17.583, 16.531, 15.031, 12.93, 12.147, 8.999, 5.951, 5.211, 5.566, 3.191, 1.922, 1.718, 1.923, 2.398, 2.572, 2.413, 2.065, 1.902, 3.058, 1.946, 1.953, 2.36, 1.842, 7.188, 6.044, 6.646, 10.277, 12.007, 12.515, 11.286, 10.959, 12.308, 11.652, 10.637, 7.948, 6.361, 6.996, 6.364, 6.465, 7.942, 9.239, 8.883, 9.773, 8.766, 6.966, 3.645, 3.158, 4.227, 5.293, 5.809, 7.94, 11.68, 10.824, 7.873, 4.99, 2.731, 1.937, 1.978, 3.041, 3.018, 3.8, 4.149, 2.714, 2.915, 3.016, 5.385, 7.658, 8.729, 9.51, 10.392, 9.858, 10.862, 10.049, 9.094], [3.932, 1.862, 1.293, 1.34, 1.457, 1.209, 0.0, 1.359, 1.563, 3.235, 4.024, 4.261, 4.037, 3.516, 4.299, 4.761, 7.436, 8.602, 5.15, 3.291, 2.224, 1.77, 5.844, 7.555, 4.568, 6.709, 8.905, 9.951, 13.258, 14.677, 13.257, 13.623, 15.798, 17.777, 16.871, 15.211, 13.241, 12.398, 9.323, 6.029, 5.325, 5.645, 3.443, 2.469, 1.662, 1.709, 2.029, 2.437, 2.491, 2.308, 1.997, 3.295, 1.466, 1.562, 2.324, 1.945, 7.347, 6.136, 6.821, 10.396, 12.132, 12.675, 11.434, 11.24, 12.527, 11.888, 10.79, 8.069, 6.514, 7.121, 6.482, 6.641, 8.059, 9.45, 9.078, 9.912, 8.997, 7.259, 3.879, 3.528, 4.341, 5.333, 5.73, 7.66, 11.354, 10.573, 7.637, 4.69, 2.689, 1.577, 2.221, 2.733, 2.815, 3.53, 3.89, 2.287, 2.355, 2.537, 4.928, 7.397, 8.621, 9.513, 10.276, 9.796, 10.991, 10.167, 9.18], [3.559, 1.619, 1.607, 1.792, 1.547, 1.228, 1.359, 0.0, 1.924, 3.596, 4.519, 4.754, 4.554, 4.078, 4.86, 5.33, 8.003, 9.172, 5.643, 3.603, 2.827, 2.321, 5.232, 7.174, 4.209, 6.502, 8.431, 9.571, 12.717, 14.22, 12.867, 13.177, 15.434, 17.406, 16.378, 14.787, 12.789, 12.036, 8.907, 5.82, 5.131, 5.48, 3.006, 2.406, 2.29, 2.247, 2.114, 2.339, 2.273, 2.115, 1.831, 2.901, 1.595, 1.629, 2.532, 1.671, 6.781, 5.775, 6.547, 10.033, 11.758, 12.301, 11.04, 10.831, 12.123, 11.499, 10.49, 7.616, 6.05, 6.745, 6.129, 6.294, 7.8, 9.038, 8.605, 9.477, 8.554, 6.809, 3.644, 3.512, 4.601, 5.553, 6.055, 8.068, 11.744, 11.018, 7.997, 5.215, 3.164, 2.093, 2.71, 3.318, 3.36, 4.028, 4.342, 2.896, 2.68, 2.69, 4.877, 7.293, 8.585, 9.419, 10.273, 9.752, 10.713, 9.944, 9.028], [4.807, 2.343, 1.667, 1.412, 1.4, 1.666, 1.563, 1.924, 0.0, 2.266, 3.232, 3.444, 3.17, 2.685, 3.551, 4.034, 6.727, 7.89, 4.374, 2.581, 1.95, 2.231, 6.475, 8.473, 5.442, 7.53, 9.701, 10.87, 14.019, 15.517, 14.176, 14.458, 16.726, 18.715, 17.611, 15.987, 14.06, 13.251, 9.986, 6.656, 6.096, 6.431, 4.027, 2.884, 1.34, 2.026, 2.707, 3.33, 3.351, 3.121, 2.69, 4.009, 2.064, 1.727, 2.576, 2.571, 8.083, 7.028, 7.74, 11.343, 13.042, 13.621, 12.343, 11.959, 13.414, 12.772, 11.621, 8.787, 7.321, 7.861, 7.326, 7.335, 8.746, 10.271, 9.875, 10.717, 9.849, 8.104, 4.667, 2.893, 3.82, 4.726, 5.124, 6.859, 10.618, 9.747, 6.867, 4.065, 1.968, 1.49, 1.844, 2.445, 2.041, 2.479, 2.822, 2.031, 2.58, 2.936, 5.453, 8.193, 9.507, 10.289, 11.114, 10.591, 11.619, 10.82, 9.906], [6.712, 3.795, 3.547, 2.899, 2.781, 3.402, 3.235, 3.596, 2.266, 0.0, 1.755, 2.032, 2.455, 1.991, 1.828, 2.221, 4.831, 5.998, 2.55, 1.48, 2.601, 3.551, 8.37, 10.29, 7.277, 9.404, 11.573, 12.707, 15.874, 17.362, 15.983, 16.297, 18.547, 20.503, 19.421, 17.858, 15.836, 15.069, 11.867, 8.588, 8.047, 8.331, 5.984, 4.787, 2.874, 3.838, 4.399, 5.097, 5.201, 4.994, 4.518, 5.962, 3.724, 3.473, 4.264, 4.382, 9.987, 8.843, 9.539, 13.168, 14.882, 15.442, 14.15, 13.831, 15.197, 14.575, 13.509, 10.651, 9.186, 9.777, 9.165, 9.268, 10.713, 12.135, 11.732, 12.616, 11.656, 9.884, 6.493, 3.484, 3.321, 3.381, 3.766, 4.991, 8.675, 7.955, 4.917, 2.324, 1.939, 2.631, 3.281, 2.973, 2.303, 1.593, 1.582, 2.597, 4.154, 4.586, 7.237, 9.998, 11.34, 12.155, 12.975, 12.477, 13.588, 12.821, 11.813], [7.674, 4.528, 4.379, 3.487, 3.508, 4.219, 4.024, 4.519, 3.232, 1.755, 0.0, 1.63, 2.07, 1.639, 1.578, 2.206, 3.72, 4.818, 2.424, 2.205, 3.241, 4.347, 9.51, 11.336, 8.287, 10.409, 12.689, 13.758, 17.028, 18.46, 17.026, 17.393, 19.585, 21.546, 20.466, 18.951, 16.892, 16.095, 12.859, 9.406, 8.866, 9.166, 6.997, 5.592, 3.536, 4.615, 5.277, 6.065, 6.103, 5.947, 5.498, 6.94, 4.623, 4.46, 5.439, 5.456, 11.138, 9.872, 10.555, 14.223, 15.956, 16.467, 15.231, 14.851, 16.251, 15.612, 14.524, 11.799, 10.249, 10.819, 10.208, 10.325, 11.652, 13.184, 12.832, 13.716, 12.714, 10.914, 7.519, 4.253, 2.83, 2.998, 3.353, 4.429, 7.81, 7.112, 4.23, 1.898, 2.509, 3.229, 4.156, 3.509, 2.761, 2.393, 1.956, 3.286, 4.832, 5.348, 7.662, 10.624, 12.058, 12.89, 13.59, 13.14, 14.466, 13.715, 12.665], [7.892, 4.745, 4.644, 3.773, 3.732, 4.457, 4.261, 4.754, 3.444, 2.032, 1.63, 0.0, 1.229, 1.34, 1.494, 2.092, 3.784, 4.851, 2.568, 2.299, 2.959, 4.487, 9.668, 11.532, 8.477, 10.589, 12.935, 13.961, 17.283, 18.719, 17.226, 17.627, 19.77, 21.699, 20.62, 19.196, 17.099, 16.231, 12.989, 9.286, 8.965, 9.253, 7.163, 5.716, 3.475, 4.679, 5.417, 6.23, 6.336, 6.164, 5.739, 7.203, 4.845, 4.724, 5.72, 5.704, 11.398, 10.088, 10.722, 14.426, 16.157, 16.667, 15.439, 15.006, 16.467, 15.77, 14.716, 12.062, 10.51, 11.047, 10.455, 10.534, 11.813, 13.431, 13.076, 13.951, 12.954, 11.073, 7.722, 4.501, 3.772, 3.904, 4.457, 5.241, 8.451, 7.781, 4.95, 2.783, 2.389, 3.411, 4.104, 3.412, 2.653, 2.247, 2.013, 3.408, 4.88, 5.292, 7.299, 10.498, 12.152, 12.903, 13.144, 12.987, 14.647, 13.807, 12.737], [7.664, 4.546, 4.426, 3.523, 3.473, 4.244, 4.037, 4.554, 3.17, 2.455, 2.07, 1.229, 0.0, 1.565, 2.098, 2.743, 4.127, 5.238, 3.289, 2.245, 2.559, 4.133, 9.388, 11.194, 8.14, 10.301, 12.648, 13.667, 16.991, 18.421, 16.932, 17.34, 19.419, 21.369, 20.349, 18.912, 16.803, 15.908, 12.684, 9.022, 8.682, 8.9, 6.906, 5.35, 3.151, 4.342, 5.119, 5.888, 6.116, 5.951, 5.484, 6.962, 4.624, 4.464, 5.468, 5.42, 11.122, 9.791, 10.378, 14.107, 15.858, 16.346, 15.146, 14.727, 16.18, 15.419, 14.429, 11.768, 10.209, 10.761, 10.162, 10.25, 11.524, 13.135, 12.79, 13.674, 12.653, 10.8, 7.426, 4.584, 4.122, 4.638, 5.102, 5.85, 8.784, 8.34, 5.569, 3.421, 2.553, 3.161, 3.769, 3.405, 2.556, 2.766, 2.642, 3.395, 4.588, 4.962, 7.043, 10.236, 11.825, 12.53, 12.8, 12.674, 14.345, 13.511, 12.453], [7.19, 4.055, 3.828, 2.987, 2.92, 3.737, 3.516, 4.078, 2.685, 1.991, 1.639, 1.34, 1.565, 0.0, 1.532, 2.041, 4.271, 5.381, 2.72, 2.151, 2.568, 3.935, 9.002, 10.764, 7.702, 9.877, 12.226, 13.239, 16.576, 17.996, 16.501, 16.919, 18.985, 20.931, 19.913, 18.492, 16.38, 15.469, 12.284, 8.682, 8.235, 8.463, 6.472, 4.777, 2.733, 3.925, 4.657, 5.47, 5.576, 5.413, 4.997, 6.413, 4.128, 4.028, 4.987, 4.989, 10.706, 9.355, 9.933, 13.68, 15.433, 15.874, 14.722, 14.314, 15.741, 14.984, 14.002, 11.353, 9.781, 10.341, 9.735, 9.828, 11.117, 12.707, 12.369, 13.256, 12.221, 10.361, 6.991, 3.794, 3.397, 3.984, 4.398, 5.544, 8.993, 8.116, 5.347, 2.806, 1.884, 2.828, 3.501, 2.845, 2.401, 2.273, 1.948, 2.879, 4.24, 4.621, 6.755, 9.846, 11.389, 12.11, 12.554, 12.26, 13.934, 13.112, 12.034], [8.057, 4.833, 4.641, 3.704, 3.637, 4.485, 4.299, 4.86, 3.551, 1.828, 1.578, 1.494, 2.098, 1.532, 0.0, 1.338, 3.28, 4.409, 1.878, 2.3, 3.103, 4.525, 9.843, 11.643, 8.582, 10.756, 13.105, 14.118, 17.45, 18.875, 17.377, 17.798, 19.865, 21.801, 20.747, 19.371, 17.239, 16.338, 13.097, 9.593, 9.137, 9.415, 7.318, 5.615, 3.463, 4.694, 5.432, 6.339, 6.434, 6.244, 5.816, 7.26, 4.919, 4.867, 5.84, 5.868, 11.581, 10.219, 10.807, 14.559, 16.313, 16.753, 15.601, 15.165, 16.62, 15.86, 14.881, 12.227, 10.66, 11.22, 10.615, 10.707, 11.977, 13.586, 13.248, 14.133, 13.1, 11.211, 7.87, 4.604, 3.782, 3.449, 3.803, 4.642, 8.118, 7.234, 4.474, 2.215, 2.547, 3.394, 4.187, 3.674, 3.071, 2.349, 1.937, 3.609, 5.077, 5.441, 7.833, 10.886, 12.31, 13.023, 13.351, 13.175, 14.803, 13.967, 12.891], [8.53, 5.161, 5.062, 4.152, 4.084, 4.942, 4.761, 5.33, 4.034, 2.221, 2.206, 2.092, 2.743, 2.041, 1.338, 0.0, 2.769, 3.933, 1.459, 2.704, 3.63, 5.05, 10.317, 12.128, 9.07, 11.241, 13.577, 14.599, 17.92, 19.353, 17.878, 18.279, 20.366, 22.295, 21.269, 19.841, 17.748, 16.833, 13.638, 10.077, 9.639, 9.878, 7.811, 6.149, 3.985, 5.213, 5.92, 6.813, 6.918, 6.723, 6.293, 7.729, 5.411, 5.333, 6.299, 6.347, 12.05, 10.738, 11.305, 15.041, 16.793, 17.245, 16.086, 15.65, 17.105, 16.364, 15.361, 12.697, 11.137, 11.694, 11.091, 11.179, 12.47, 14.066, 13.719, 14.603, 13.603, 11.722, 8.354, 5.115, 4.105, 3.182, 3.401, 3.893, 7.452, 6.532, 3.826, 1.998, 2.903, 3.875, 4.733, 4.167, 3.542, 2.675, 2.375, 4.148, 5.565, 5.962, 8.405, 11.37, 12.799, 13.54, 14.038, 13.685, 15.285, 14.468, 13.394], [11.234, 7.809, 7.747, 6.758, 6.742, 7.602, 7.436, 8.003, 6.727, 4.831, 3.72, 3.784, 4.127, 4.271, 3.28, 2.769, 0.0, 1.452, 2.739, 5.093, 6.096, 7.736, 13.016, 14.844, 11.784, 13.952, 16.291, 17.315, 20.638, 22.068, 20.583, 20.988, 23.07, 25.011, 23.961, 22.556, 20.447, 19.549, 16.308, 12.775, 12.349, 12.617, 10.51, 8.811, 6.646, 7.902, 8.61, 9.53, 9.635, 9.433, 9.005, 10.439, 8.101, 8.038, 8.999, 9.058, 14.754, 13.427, 14.015, 17.757, 19.505, 19.957, 18.797, 18.36, 19.821, 19.067, 18.077, 15.413, 13.854, 14.408, 13.808, 13.89, 15.175, 16.783, 16.435, 17.311, 16.305, 14.425, 11.071, 7.693, 5.416, 3.817, 3.733, 2.57, 5.341, 4.809, 2.644, 3.363, 5.527, 6.5, 7.4, 6.786, 5.859, 5.151, 4.692, 6.749, 8.242, 8.629, 10.82, 13.955, 15.507, 16.208, 16.497, 16.362, 18.001, 17.172, 16.095], [12.409, 8.982, 8.918, 7.933, 7.909, 8.771, 8.602, 9.172, 7.89, 5.998, 4.818, 4.851, 5.238, 5.381, 4.409, 3.933, 1.452, 0.0, 3.777, 6.255, 7.247, 8.909, 14.189, 16.017, 12.957, 15.123, 17.466, 18.49, 21.813, 23.243, 21.756, 22.163, 24.243, 26.184, 25.133, 23.73, 21.62, 20.722, 17.481, 13.861, 13.491, 13.732, 11.683, 9.966, 7.799, 9.075, 9.784, 10.704, 10.808, 10.607, 10.178, 11.632, 9.284, 9.21, 10.171, 10.232, 15.929, 14.6, 15.188, 18.931, 20.68, 21.13, 19.97, 19.533, 20.994, 20.24, 19.251, 16.588, 15.029, 15.583, 14.983, 15.065, 16.346, 17.957, 17.61, 18.486, 17.478, 15.598, 12.245, 8.866, 6.353, 4.659, 3.977, 2.326, 4.314, 3.718, 2.46, 4.388, 6.629, 7.682, 8.561, 7.953, 7.031, 6.319, 5.867, 7.922, 9.404, 9.778, 11.943, 15.113, 16.646, 17.341, 17.554, 17.484, 19.169, 18.335, 17.267], [8.738, 5.503, 5.477, 4.694, 4.602, 5.324, 5.15, 5.643, 4.374, 2.55, 2.424, 2.568, 3.289, 2.72, 1.878, 1.459, 2.739, 3.777, 0.0, 2.799, 3.937, 5.245, 10.556, 12.297, 9.241, 11.412, 13.729, 14.737, 18.075, 19.494, 17.996, 18.417, 20.483, 22.429, 21.46, 19.99, 17.9, 16.969, 13.837, 10.379, 9.806, 10.006, 8.031, 6.577, 4.367, 5.411, 6.089, 7.008, 7.173, 6.933, 6.508, 7.998, 5.655, 5.577, 6.532, 6.535, 12.207, 10.875, 11.485, 15.178, 16.932, 17.414, 16.258, 15.853, 17.251, 16.495, 15.515, 12.855, 11.286, 11.842, 11.234, 11.346, 12.646, 14.205, 13.873, 14.754, 13.728, 11.903, 8.489, 5.304, 3.856, 2.881, 3.198, 3.343, 6.863, 5.874, 3.105, 2.03, 3.303, 4.206, 4.967, 4.457, 3.712, 2.88, 2.586, 4.417, 5.8, 6.17, 8.745, 11.62, 12.972, 13.708, 14.406, 14.014, 15.482, 14.648, 13.581], [6.426, 3.542, 3.51, 3.008, 2.745, 3.318, 3.291, 3.603, 2.581, 1.48, 2.205, 2.299, 2.245, 2.151, 2.3, 2.704, 5.093, 6.255, 2.799, 0.0, 1.722, 2.985, 8.05, 9.804, 6.762, 9.0, 11.265, 12.262, 15.616, 17.033, 15.526, 15.95, 17.999, 19.939, 18.911, 17.525, 15.394, 14.477, 11.313, 8.285, 7.673, 7.823, 5.643, 4.312, 2.38, 3.131, 3.874, 4.705, 4.947, 4.66, 4.231, 5.711, 3.609, 3.376, 4.205, 4.163, 9.764, 8.544, 9.156, 12.734, 14.465, 15.037, 13.826, 13.32, 14.769, 14.031, 13.037, 10.393, 8.892, 9.409, 8.769, 8.879, 10.226, 11.741, 11.402, 12.284, 11.256, 9.362, 6.068, 3.976, 3.436, 3.784, 4.311, 5.471, 9.195, 8.343, 5.422, 2.796, 2.042, 2.489, 2.7, 2.575, 2.007, 2.133, 2.114, 2.595, 3.746, 4.077, 6.748, 9.589, 10.813, 11.519, 12.257, 11.827, 13.139, 12.272, 11.254], [5.385, 3.392, 2.589, 1.957, 2.268, 2.574, 2.224, 2.827, 1.95, 2.601, 3.241, 2.959, 2.559, 2.568, 3.103, 3.63, 6.096, 7.247, 3.937, 1.722, 0.0, 1.79, 7.093, 8.848, 5.791, 7.995, 10.302, 11.274, 14.628, 16.045, 14.538, 14.962, 17.011, 18.951, 17.922, 16.537, 14.406, 13.489, 10.294, 6.985, 6.51, 6.691, 4.6, 3.39, 1.868, 2.24, 2.883, 3.666, 3.834, 3.613, 3.291, 4.695, 2.663, 2.471, 3.223, 3.152, 8.771, 7.46, 8.121, 11.727, 13.476, 14.021, 12.813, 12.326, 13.781, 13.03, 12.061, 9.404, 7.848, 8.407, 7.781, 7.875, 9.147, 10.753, 10.415, 11.297, 10.268, 8.375, 5.063, 4.308, 4.608, 5.113, 5.661, 6.741, 10.398, 9.508, 6.694, 4.077, 2.425, 1.617, 1.877, 1.726, 1.366, 2.272, 2.421, 1.858, 2.406, 2.715, 5.262, 8.214, 9.584, 10.276, 10.81, 10.489, 12.037, 11.14, 10.099], [3.882, 2.801, 1.922, 2.122, 2.532, 2.157, 1.77, 2.321, 2.231, 3.551, 4.347, 4.487, 4.133, 3.935, 4.525, 5.05, 7.736, 8.909, 5.245, 2.985, 1.79, 0.0, 5.371, 7.219, 4.169, 6.306, 8.587, 9.645, 12.938, 14.355, 12.877, 13.28, 15.446, 17.367, 16.274, 14.847, 12.724, 11.899, 8.64, 5.448, 4.901, 5.123, 2.949, 2.593, 2.124, 1.67, 1.998, 2.264, 2.322, 2.576, 2.496, 3.379, 1.934, 1.92, 2.113, 2.192, 7.077, 5.788, 6.531, 10.109, 11.845, 12.44, 11.142, 10.678, 12.119, 11.447, 10.395, 7.714, 6.158, 6.7, 6.091, 6.184, 7.479, 9.063, 8.725, 9.631, 8.578, 6.728, 3.821, 4.016, 4.79, 5.762, 6.152, 7.998, 11.751, 10.811, 7.958, 5.125, 2.958, 2.064, 1.676, 2.282, 2.42, 3.143, 3.55, 2.194, 1.592, 1.978, 4.565, 6.961, 8.049, 8.821, 9.577, 9.074, 10.369, 9.549, 8.493], [2.207, 5.431, 5.435, 6.433, 6.405, 5.58, 5.844, 5.232, 6.475, 8.37, 9.51, 9.668, 9.388, 9.002, 9.843, 10.317, 13.016, 14.189, 10.556, 8.05, 7.093, 5.371, 0.0, 2.251, 1.962, 1.855, 3.452, 4.553, 7.706, 9.208, 7.85, 8.137, 10.404, 12.389, 11.366, 9.725, 7.743, 6.998, 4.047, 2.608, 2.578, 1.735, 2.644, 4.605, 6.459, 5.238, 4.665, 3.723, 3.548, 3.966, 4.49, 3.708, 5.316, 5.742, 5.189, 4.626, 3.128, 3.286, 2.762, 5.195, 6.787, 7.646, 6.156, 5.674, 7.108, 6.53, 5.44, 2.911, 2.09, 2.098, 1.687, 1.545, 3.03, 3.981, 3.579, 4.494, 3.668, 2.42, 4.001, 6.133, 8.58, 10.237, 10.952, 13.044, 16.736, 15.961, 12.897, 10.164, 7.751, 6.956, 5.754, 6.487, 7.267, 8.084, 8.408, 6.518, 4.862, 4.506, 3.202, 4.197, 4.592, 5.167, 6.096, 5.661, 6.1, 4.992, 4.43], [3.801, 7.208, 7.284, 8.402, 8.308, 7.393, 7.555, 7.174, 8.473, 10.29, 11.336, 11.532, 11.194, 10.764, 11.643, 12.128, 14.844, 16.017, 12.297, 9.804, 8.848, 7.219, 2.251, 0.0, 3.2, 2.093, 2.777, 2.545, 5.839, 7.274, 6.046, 6.556, 8.348, 10.267, 9.991, 8.139, 6.167, 5.681, 3.501, 2.849, 2.89, 2.392, 4.572, 6.083, 8.235, 6.974, 6.276, 5.347, 5.359, 5.647, 6.225, 5.2, 7.065, 7.476, 6.984, 6.254, 2.196, 2.979, 2.306, 3.244, 4.831, 5.662, 4.35, 4.242, 5.261, 4.948, 4.338, 3.17, 2.644, 2.229, 2.161, 2.285, 2.581, 2.352, 2.066, 2.865, 2.643, 1.545, 4.143, 7.606, 9.996, 11.883, 12.648, 14.908, 18.563, 17.862, 14.879, 11.904, 9.749, 8.741, 7.508, 8.235, 9.105, 10.02, 10.367, 8.244, 6.688, 6.257, 4.557, 4.751, 4.519, 5.041, 5.931, 5.735, 6.006, 4.383, 4.347], [2.819, 4.241, 4.274, 5.377, 5.285, 4.368, 4.568, 4.209, 5.442, 7.277, 8.287, 8.477, 8.14, 7.702, 8.582, 9.07, 11.784, 12.957, 9.241, 6.762, 5.791, 4.169, 1.962, 3.2, 0.0, 2.627, 4.549, 5.544, 8.89, 10.309, 8.831, 9.232, 11.314, 13.288, 12.511, 10.846, 8.818, 7.925, 5.395, 3.783, 3.428, 2.581, 2.157, 3.835, 5.181, 4.001, 3.638, 2.81, 2.728, 2.88, 3.429, 3.109, 4.122, 4.568, 4.182, 3.418, 4.138, 3.945, 4.003, 6.239, 7.829, 8.714, 7.27, 6.966, 8.142, 7.466, 6.48, 4.082, 2.938, 3.057, 2.526, 2.585, 3.93, 5.038, 4.712, 5.583, 4.658, 3.69, 3.642, 5.69, 7.522, 8.988, 9.713, 11.918, 15.623, 14.846, 11.871, 8.922, 6.708, 5.753, 4.527, 5.205, 6.06, 7.012, 7.327, 5.25, 3.64, 3.259, 3.058, 4.301, 4.972, 5.681, 6.64, 6.109, 6.884, 5.991, 5.169], [3.225, 6.384, 6.352, 7.437, 7.433, 6.66, 6.709, 6.502, 7.53, 9.404, 10.409, 10.589, 10.301, 9.877, 10.756, 11.241, 13.952, 15.123, 11.412, 9.0, 7.995, 6.306, 1.855, 2.093, 2.627, 0.0, 2.38, 3.539, 6.714, 8.158, 6.828, 7.057, 9.264, 11.278, 10.318, 8.645, 6.792, 5.863, 3.983, 2.667, 2.647, 1.989, 3.744, 5.821, 7.37, 6.291, 5.739, 4.78, 4.547, 4.908, 5.54, 4.845, 6.241, 6.712, 6.29, 5.742, 3.832, 3.581, 2.865, 4.647, 5.983, 7.14, 5.829, 5.226, 6.35, 5.722, 4.427, 2.436, 2.082, 1.596, 1.089, 1.361, 1.805, 3.149, 2.922, 3.77, 3.132, 2.895, 5.219, 7.546, 9.873, 11.305, 11.957, 13.916, 17.652, 16.864, 13.892, 10.94, 8.746, 7.749, 6.642, 7.299, 8.16, 9.014, 9.387, 7.335, 5.744, 5.376, 3.505, 3.09, 3.079, 3.613, 4.493, 4.352, 4.711, 3.556, 2.876], [5.081, 8.507, 8.566, 9.643, 9.617, 8.734, 8.905, 8.431, 9.701, 11.573, 12.689, 12.935, 12.648, 12.226, 13.105, 13.577, 16.291, 17.466, 13.729, 11.265, 10.302, 8.587, 3.452, 2.777, 4.549, 2.38, 0.0, 1.87, 4.385, 5.858, 4.65, 4.95, 7.147, 9.104, 8.414, 6.579, 4.778, 4.179, 3.576, 4.018, 4.164, 3.833, 5.823, 7.573, 9.702, 8.439, 7.709, 6.795, 6.681, 6.901, 7.396, 6.315, 8.284, 8.626, 8.021, 7.38, 4.275, 4.541, 3.314, 3.41, 4.111, 5.61, 4.656, 4.042, 4.467, 3.931, 2.936, 1.811, 2.661, 2.105, 2.583, 2.708, 1.826, 2.2, 2.291, 2.426, 2.587, 3.481, 6.221, 8.803, 11.306, 13.163, 13.901, 16.098, 19.656, 19.121, 16.126, 13.202, 10.978, 9.99, 8.963, 9.634, 10.479, 11.278, 11.658, 9.575, 8.083, 7.73, 5.77, 3.025, 2.636, 2.934, 3.752, 3.686, 3.684, 2.183, 2.06], [6.195, 9.593, 9.682, 10.792, 10.737, 9.811, 9.951, 9.571, 10.87, 12.707, 13.758, 13.961, 13.667, 13.239, 14.118, 14.599, 17.315, 18.49, 14.737, 12.262, 11.274, 9.645, 4.553, 2.545, 5.544, 3.539, 1.87, 0.0, 3.387, 4.786, 3.957, 4.456, 5.931, 7.9, 7.788, 5.839, 4.019, 3.61, 3.024, 4.771, 5.01, 4.786, 6.971, 8.565, 10.716, 9.436, 8.728, 7.801, 7.75, 7.964, 8.56, 7.474, 9.432, 9.79, 9.266, 8.532, 3.813, 4.7, 3.503, 2.063, 2.817, 4.297, 3.398, 2.982, 3.21, 3.258, 2.554, 2.526, 3.679, 3.066, 3.62, 3.599, 2.289, 1.278, 1.444, 1.538, 2.009, 3.25, 6.382, 9.973, 12.327, 14.234, 14.989, 17.262, 20.852, 20.261, 17.271, 14.289, 12.144, 11.085, 9.953, 10.575, 11.531, 12.419, 12.789, 10.641, 9.115, 8.727, 6.772, 4.047, 3.367, 3.491, 4.234, 4.217, 4.26, 2.42, 2.751], [9.421, 12.859, 12.92, 13.957, 13.965, 13.075, 13.258, 12.717, 14.019, 15.874, 17.028, 17.283, 16.991, 16.576, 17.45, 17.92, 20.638, 21.813, 18.075, 15.616, 14.628, 12.938, 7.706, 5.839, 8.89, 6.714, 4.385, 3.387, 0.0, 1.822, 1.883, 1.952, 3.201, 4.973, 5.034, 3.055, 2.1, 1.995, 4.614, 8.016, 8.351, 8.139, 10.14, 11.91, 14.054, 12.79, 12.054, 11.13, 11.027, 11.228, 11.692, 10.578, 12.617, 12.874, 12.256, 11.622, 6.224, 7.268, 6.673, 3.135, 1.666, 3.002, 2.682, 2.769, 1.545, 2.33, 3.032, 5.373, 6.857, 6.261, 6.856, 6.798, 5.49, 3.894, 4.228, 3.459, 4.36, 6.31, 9.663, 12.983, 15.531, 17.491, 18.246, 20.419, 23.906, 23.481, 20.425, 17.566, 15.352, 14.303, 13.306, 13.927, 14.829, 15.604, 15.982, 13.921, 12.418, 12.081, 10.084, 6.81, 5.315, 5.077, 4.815, 5.223, 4.32, 3.809, 4.588], [10.859, 14.277, 14.348, 15.441, 15.4, 14.506, 14.677, 14.22, 15.517, 17.362, 18.46, 18.719, 18.421, 17.996, 18.875, 19.353, 22.068, 23.243, 19.494, 17.033, 16.045, 14.355, 9.208, 7.274, 10.309, 8.158, 5.858, 4.786, 1.822, 0.0, 1.796, 1.64, 1.775, 3.442, 3.772, 1.702, 1.794, 2.659, 5.935, 9.454, 9.78, 9.556, 11.626, 13.329, 15.473, 14.207, 13.473, 12.549, 12.444, 12.663, 13.108, 11.996, 14.098, 14.312, 13.697, 13.058, 7.689, 8.697, 8.09, 4.347, 2.664, 3.07, 3.575, 3.846, 2.282, 3.127, 4.024, 6.842, 8.275, 7.707, 8.292, 8.241, 6.913, 5.312, 5.673, 4.932, 5.777, 7.74, 11.053, 14.514, 16.959, 18.936, 19.667, 21.91, 25.38, 24.914, 21.91, 18.993, 16.79, 15.784, 14.723, 15.344, 16.246, 17.089, 17.448, 15.337, 13.853, 13.498, 11.505, 8.25, 6.674, 6.057, 5.876, 5.958, 4.937, 5.017, 6.042], [9.522, 12.92, 12.989, 14.1, 13.983, 13.064, 13.257, 12.867, 14.176, 15.983, 17.026, 17.226, 16.932, 16.501, 17.377, 17.878, 20.583, 21.756, 17.996, 15.526, 14.538, 12.877, 7.85, 6.046, 8.831, 6.828, 4.65, 3.957, 1.883, 1.796, 0.0, 1.304, 2.686, 4.571, 4.244, 2.563, 1.137, 1.906, 4.686, 8.034, 8.287, 8.072, 10.243, 11.828, 13.975, 12.7, 11.988, 11.071, 11.025, 11.289, 11.84, 10.766, 12.765, 13.089, 12.535, 11.798, 6.978, 7.507, 6.583, 3.973, 2.231, 2.694, 3.222, 3.184, 1.76, 1.988, 2.799, 5.587, 7.027, 6.407, 6.952, 6.917, 5.531, 4.281, 4.454, 3.853, 4.53, 6.449, 9.842, 13.213, 15.65, 17.591, 18.319, 20.599, 24.177, 23.577, 20.602, 17.662, 15.45, 14.415, 13.216, 13.837, 14.795, 15.744, 16.069, 13.97, 12.362, 11.991, 10.083, 6.844, 5.289, 4.794, 4.673, 4.868, 4.146, 3.939, 4.663], [9.797, 13.231, 13.294, 14.379, 14.367, 13.442, 13.623, 13.177, 14.458, 16.297, 17.393, 17.627, 17.34, 16.919, 17.798, 18.279, 20.988, 22.163, 18.417, 15.95, 14.962, 13.28, 8.137, 6.556, 9.232, 7.057, 4.95, 4.456, 1.952, 1.64, 1.304, 0.0, 2.384, 4.299, 3.687, 1.985, 1.347, 1.928, 4.998, 8.354, 8.694, 8.473, 10.555, 12.253, 14.396, 13.124, 12.454, 11.509, 11.385, 11.611, 12.242, 11.144, 13.044, 13.452, 12.93, 12.204, 7.434, 7.811, 7.011, 4.455, 2.61, 3.349, 3.638, 3.486, 2.183, 2.381, 3.15, 5.888, 7.353, 6.663, 7.286, 7.237, 5.918, 4.698, 4.876, 4.33, 4.853, 7.12, 10.434, 13.615, 16.01, 17.882, 18.646, 20.852, 24.486, 23.881, 20.862, 17.948, 15.759, 14.698, 13.641, 14.286, 15.165, 16.006, 16.374, 14.283, 12.771, 12.415, 10.435, 7.186, 5.652, 5.151, 4.967, 5.043, 3.917, 4.033, 5.006], [12.055, 15.452, 15.538, 16.649, 16.542, 15.625, 15.798, 15.434, 16.726, 18.547, 19.585, 19.77, 19.419, 18.985, 19.865, 20.366, 23.07, 24.243, 20.483, 17.999, 17.011, 15.446, 10.404, 8.348, 11.314, 9.264, 7.147, 5.931, 3.201, 1.775, 2.686, 2.384, 0.0, 2.081, 2.649, 1.621, 2.781, 3.554, 7.055, 10.6, 10.811, 10.525, 12.809, 14.302, 16.454, 15.173, 14.469, 13.559, 13.582, 13.818, 14.388, 13.342, 15.289, 15.633, 15.116, 14.401, 9.07, 9.88, 9.065, 5.646, 3.867, 3.808, 4.57, 4.87, 3.37, 4.049, 5.116, 8.112, 9.555, 8.931, 9.473, 9.427, 8.055, 6.53, 6.907, 6.19, 6.906, 8.883, 12.2, 15.839, 18.216, 20.093, 20.837, 23.127, 26.706, 26.118, 23.124, 20.148, 17.999, 16.933, 15.694, 16.375, 17.361, 18.276, 18.63, 16.493, 14.92, 14.483, 12.629, 9.351, 7.65, 6.915, 6.76, 6.795, 5.322, 6.093, 7.064], [14.063, 17.461, 17.528, 18.639, 18.519, 17.583, 17.777, 17.406, 18.715, 20.503, 21.546, 21.699, 21.369, 20.931, 21.801, 22.295, 25.011, 26.184, 22.429, 19.939, 18.951, 17.367, 12.389, 10.267, 13.288, 11.278, 9.104, 7.9, 4.973, 3.442, 4.571, 4.299, 2.081, 0.0, 2.844, 2.79, 4.733, 5.514, 8.976, 12.551, 12.792, 12.527, 14.76, 16.241, 18.394, 17.136, 16.426, 15.52, 15.565, 15.829, 16.39, 15.313, 17.306, 17.641, 17.095, 16.35, 10.998, 11.847, 11.01, 7.523, 5.721, 5.294, 6.39, 6.799, 5.308, 5.968, 7.124, 10.128, 11.567, 10.948, 11.492, 11.447, 10.078, 8.568, 8.882, 8.201, 8.874, 10.682, 14.109, 17.727, 20.176, 22.117, 22.857, 25.14, 28.716, 28.116, 25.141, 22.172, 19.989, 18.953, 17.629, 18.296, 19.312, 20.282, 20.598, 18.511, 16.897, 16.434, 14.614, 11.313, 9.624, 8.855, 8.738, 8.721, 7.271, 8.031, 9.013], [13.126, 16.475, 16.482, 17.547, 17.4, 16.531, 16.871, 16.378, 17.611, 19.421, 20.466, 20.62, 20.349, 19.913, 20.747, 21.269, 23.961, 25.133, 21.46, 18.911, 17.922, 16.274, 11.366, 9.991, 12.511, 10.318, 8.414, 7.788, 5.034, 3.772, 4.244, 3.687, 2.649, 2.844, 0.0, 2.773, 3.942, 4.636, 7.807, 11.447, 11.83, 11.617, 13.628, 15.289, 17.364, 16.18, 15.611, 14.685, 14.505, 14.945, 15.498, 14.672, 16.384, 16.828, 16.259, 15.69, 10.77, 10.927, 10.14, 7.551, 5.734, 5.997, 6.623, 6.294, 4.978, 5.311, 6.222, 9.242, 10.726, 10.011, 10.546, 10.377, 9.012, 7.905, 8.313, 7.69, 8.028, 10.348, 13.989, 17.083, 19.625, 21.322, 21.91, 24.106, 27.799, 27.025, 24.06, 21.229, 18.852, 17.977, 16.6, 17.252, 18.225, 19.229, 19.499, 17.541, 15.852, 15.462, 13.575, 10.312, 8.685, 7.849, 7.69, 7.679, 6.13, 7.005, 7.965], [11.382, 14.804, 14.842, 15.938, 15.954, 15.031, 15.211, 14.787, 15.987, 17.858, 18.951, 19.196, 18.912, 18.492, 19.371, 19.841, 22.556, 23.73, 19.99, 17.525, 16.537, 14.847, 9.725, 8.139, 10.846, 8.645, 6.579, 5.839, 3.055, 1.702, 2.563, 1.985, 1.621, 2.79, 2.773, 0.0, 2.329, 3.119, 6.453, 9.925, 10.281, 10.061, 12.113, 13.826, 15.969, 14.699, 14.055, 13.094, 12.949, 13.214, 13.849, 12.785, 14.577, 15.034, 14.511, 13.875, 8.791, 9.363, 8.597, 5.441, 3.542, 3.905, 4.273, 4.363, 3.068, 3.651, 4.517, 7.41, 9.0, 8.256, 8.823, 8.728, 7.439, 6.006, 6.395, 5.727, 6.37, 8.696, 12.112, 15.292, 17.735, 19.502, 20.237, 22.403, 26.027, 25.432, 22.432, 19.524, 17.295, 16.253, 15.215, 15.836, 16.738, 17.551, 17.938, 15.868, 14.358, 13.989, 11.982, 8.719, 7.181, 6.446, 6.335, 6.29, 4.762, 5.536, 6.528], [9.479, 12.854, 12.881, 13.991, 13.866, 12.93, 13.241, 12.789, 14.06, 15.836, 16.892, 17.099, 16.803, 16.38, 17.239, 17.748, 20.447, 21.62, 17.9, 15.394, 14.406, 12.724, 7.743, 6.167, 8.818, 6.792, 4.778, 4.019, 2.1, 1.794, 1.137, 1.347, 2.781, 4.733, 3.942, 2.329, 0.0, 1.49, 4.691, 7.894, 8.232, 8.018, 10.099, 11.696, 13.849, 12.596, 11.939, 11.01, 10.922, 11.321, 11.893, 10.918, 12.744, 13.176, 12.637, 11.974, 7.112, 7.456, 6.506, 4.096, 2.574, 3.246, 3.62, 3.364, 1.908, 1.869, 2.639, 5.557, 7.058, 6.384, 6.911, 6.781, 5.413, 4.141, 4.43, 3.845, 4.509, 6.536, 10.098, 13.386, 15.795, 17.593, 18.255, 20.525, 24.192, 23.478, 20.503, 17.63, 15.33, 14.376, 13.084, 13.705, 14.657, 15.65, 15.942, 13.927, 12.283, 11.893, 10.005, 6.723, 5.105, 4.57, 4.361, 4.512, 3.685, 3.731, 4.492], [8.679, 12.046, 12.075, 13.192, 13.071, 12.147, 12.398, 12.036, 13.251, 15.069, 16.095, 16.231, 15.908, 15.469, 16.338, 16.833, 19.549, 20.722, 16.969, 14.477, 13.489, 11.899, 6.998, 5.681, 7.925, 5.863, 4.179, 3.61, 1.995, 2.659, 1.906, 1.928, 3.554, 5.514, 4.636, 3.119, 1.49, 0.0, 3.76, 7.085, 7.335, 7.081, 9.294, 10.821, 12.932, 11.677, 11.082, 10.161, 10.104, 10.491, 11.147, 10.187, 11.962, 12.403, 11.886, 11.225, 6.757, 6.579, 5.715, 3.561, 2.212, 3.558, 3.218, 2.67, 1.617, 1.405, 2.012, 4.8, 6.311, 5.56, 6.121, 5.961, 4.574, 3.75, 4.05, 3.396, 3.598, 6.097, 9.562, 12.674, 15.143, 16.813, 17.5, 19.713, 23.42, 22.658, 19.683, 16.734, 14.524, 13.519, 12.167, 12.828, 13.846, 14.825, 15.134, 13.11, 11.431, 10.974, 9.148, 5.998, 4.338, 3.888, 3.773, 4.001, 3.318, 3.224, 3.84], [5.619, 8.94, 8.91, 9.952, 9.792, 8.999, 9.323, 8.907, 9.986, 11.867, 12.859, 12.989, 12.684, 12.284, 13.097, 13.638, 16.308, 17.481, 13.837, 11.313, 10.294, 8.64, 4.047, 3.501, 5.395, 3.983, 3.576, 3.024, 4.614, 5.935, 4.686, 4.998, 7.055, 8.976, 7.807, 6.453, 4.691, 3.76, 0.0, 3.802, 4.237, 4.113, 6.016, 7.903, 9.732, 8.585, 8.173, 7.238, 6.962, 7.438, 8.023, 7.244, 8.869, 9.345, 8.812, 8.251, 3.894, 3.467, 2.882, 2.687, 3.557, 4.342, 2.899, 2.341, 3.763, 3.777, 3.389, 3.241, 3.604, 3.051, 3.836, 3.595, 2.669, 2.527, 2.386, 2.41, 1.612, 3.429, 6.853, 9.692, 12.319, 13.878, 14.467, 16.507, 20.243, 19.395, 16.452, 13.651, 11.199, 10.397, 8.981, 9.733, 10.606, 11.599, 11.87, 9.948, 8.22, 7.809, 6.298, 5.235, 4.515, 4.391, 5.026, 5.096, 5.162, 3.563, 3.732], [2.511, 5.832, 5.607, 6.562, 6.612, 5.951, 6.029, 5.82, 6.656, 8.588, 9.406, 9.286, 9.022, 8.682, 9.593, 10.077, 12.775, 13.861, 10.379, 8.285, 6.985, 5.448, 2.608, 2.849, 3.783, 2.667, 4.018, 4.771, 8.016, 9.454, 8.034, 8.354, 10.6, 12.551, 11.447, 9.925, 7.894, 7.085, 3.802, 0.0, 1.407, 1.767, 3.21, 5.151, 6.381, 5.643, 5.137, 4.164, 3.87, 4.427, 5.009, 4.336, 5.548, 6.105, 5.869, 5.188, 3.121, 2.221, 1.928, 5.231, 6.938, 7.602, 6.2, 5.752, 7.243, 6.604, 5.518, 3.651, 2.637, 2.588, 2.778, 2.804, 3.083, 4.188, 3.812, 4.707, 3.727, 2.286, 4.429, 6.895, 9.444, 10.795, 11.336, 13.122, 16.901, 15.895, 13.11, 10.275, 7.535, 7.039, 5.844, 6.64, 7.38, 8.071, 8.418, 6.745, 5.216, 4.588, 4.07, 4.588, 4.561, 4.921, 5.538, 5.512, 6.163, 4.765, 4.279], [1.866, 5.021, 4.944, 5.984, 5.944, 5.211, 5.325, 5.131, 6.096, 8.047, 8.866, 8.965, 8.682, 8.235, 9.137, 9.639, 12.349, 13.491, 9.806, 7.673, 6.51, 4.901, 2.578, 2.89, 3.428, 2.647, 4.164, 5.01, 8.351, 9.78, 8.287, 8.694, 10.811, 12.792, 11.83, 10.281, 8.232, 7.335, 4.237, 1.407, 0.0, 1.491, 2.506, 4.17, 5.758, 4.777, 4.304, 3.4, 3.212, 3.634, 4.213, 3.515, 4.949, 5.403, 5.258, 4.548, 3.119, 1.858, 1.908, 5.474, 7.21, 7.737, 6.494, 6.197, 7.564, 6.862, 5.789, 3.891, 2.734, 2.841, 2.939, 3.044, 3.246, 4.488, 4.17, 5.03, 4.029, 2.546, 3.723, 6.062, 8.498, 10.03, 10.642, 12.567, 16.333, 15.397, 12.53, 9.615, 7.236, 6.435, 5.346, 6.344, 6.966, 7.577, 8.08, 6.224, 4.802, 4.232, 4.407, 5.024, 4.799, 5.275, 6.138, 5.92, 6.272, 4.983, 4.56], [2.272, 5.358, 5.282, 6.305, 6.286, 5.566, 5.645, 5.48, 6.431, 8.331, 9.166, 9.253, 8.9, 8.463, 9.415, 9.878, 12.617, 13.732, 10.006, 7.823, 6.691, 5.123, 1.735, 2.392, 2.581, 1.989, 3.833, 4.786, 8.139, 9.556, 8.072, 8.473, 10.525, 12.527, 11.617, 10.061, 8.018, 7.081, 4.113, 1.767, 1.491, 0.0, 2.646, 4.49, 6.044, 5.038, 4.558, 3.615, 3.527, 3.956, 4.532, 3.814, 5.229, 5.707, 5.437, 4.767, 3.134, 2.396, 2.155, 5.227, 6.979, 7.556, 6.315, 5.993, 7.346, 6.585, 5.57, 3.3, 2.222, 2.054, 2.01, 2.05, 2.793, 4.264, 3.95, 4.808, 3.833, 2.483, 3.987, 6.328, 8.875, 10.331, 10.927, 12.813, 16.584, 15.688, 12.836, 9.895, 7.501, 6.684, 5.409, 6.394, 7.091, 7.838, 8.23, 6.403, 4.897, 4.307, 3.48, 4.088, 4.258, 4.863, 5.779, 5.392, 6.131, 4.833, 4.318], [1.792, 3.143, 3.021, 3.98, 3.953, 3.191, 3.443, 3.006, 4.027, 5.984, 6.997, 7.163, 6.906, 6.472, 7.318, 7.811, 10.51, 11.683, 8.031, 5.643, 4.6, 2.949, 2.644, 4.572, 2.157, 3.744, 5.823, 6.971, 10.14, 11.626, 10.243, 10.555, 12.809, 14.76, 13.628, 12.113, 10.099, 9.294, 6.016, 3.21, 2.506, 2.646, 0.0, 2.584, 3.924, 2.82, 2.485, 1.851, 1.58, 1.764, 2.202, 1.764, 2.932, 3.395, 3.161, 2.477, 4.329, 3.247, 3.894, 7.433, 9.147, 9.705, 8.45, 7.976, 9.456, 8.813, 7.716, 5.065, 3.677, 4.014, 3.616, 3.49, 4.897, 6.378, 5.997, 6.891, 5.916, 4.146, 2.98, 4.481, 6.547, 7.996, 8.591, 10.546, 14.293, 13.469, 10.522, 7.736, 5.285, 4.457, 3.484, 4.674, 5.0, 5.704, 6.163, 4.444, 3.145, 2.575, 3.608, 5.419, 6.264, 6.839, 7.815, 7.254, 7.911, 6.985, 6.191], [3.231, 2.118, 1.938, 2.816, 2.682, 1.922, 2.469, 2.406, 2.884, 4.787, 5.592, 5.716, 5.35, 4.777, 5.615, 6.149, 8.811, 9.966, 6.577, 4.312, 3.39, 2.593, 4.605, 6.083, 3.835, 5.821, 7.573, 8.565, 11.91, 13.329, 11.828, 12.253, 14.302, 16.241, 15.289, 13.826, 11.696, 10.821, 7.903, 5.151, 4.17, 4.49, 2.584, 0.0, 2.358, 2.0, 2.941, 3.028, 2.685, 2.032, 2.246, 2.313, 2.667, 2.755, 2.66, 2.178, 6.042, 5.149, 5.398, 9.001, 10.758, 11.192, 10.05, 9.62, 11.071, 10.304, 9.36, 7.23, 5.86, 6.104, 5.748, 5.677, 6.885, 8.041, 7.705, 8.587, 7.748, 5.681, 2.417, 2.89, 4.941, 6.656, 7.253, 9.377, 13.14, 12.187, 9.373, 6.387, 4.05, 3.286, 2.415, 3.909, 4.088, 4.821, 5.245, 3.818, 3.462, 3.411, 5.745, 7.771, 8.308, 8.767, 9.722, 9.298, 10.027, 8.826, 8.256], [4.675, 2.164, 1.717, 1.677, 1.541, 1.718, 1.662, 2.29, 1.34, 2.874, 3.536, 3.475, 3.151, 2.733, 3.463, 3.985, 6.646, 7.799, 4.367, 2.38, 1.868, 2.124, 6.459, 8.235, 5.181, 7.37, 9.702, 10.716, 14.054, 15.473, 13.975, 14.396, 16.454, 18.394, 17.364, 15.969, 13.849, 12.932, 9.732, 6.381, 5.758, 6.044, 3.924, 2.358, 0.0, 1.51, 2.529, 3.235, 3.371, 2.889, 2.451, 3.879, 2.084, 1.966, 2.68, 2.74, 8.186, 6.839, 7.398, 11.154, 12.91, 13.345, 12.198, 11.762, 13.218, 12.45, 11.478, 8.84, 7.281, 7.822, 7.281, 7.311, 8.588, 10.183, 9.845, 10.733, 9.698, 7.818, 4.502, 3.117, 3.706, 4.824, 5.316, 7.268, 11.038, 10.032, 7.252, 4.313, 1.893, 1.765, 1.597, 2.689, 2.514, 3.203, 3.339, 2.516, 2.768, 2.887, 5.696, 8.34, 9.311, 9.884, 10.714, 10.253, 11.462, 10.57, 9.54], [3.63, 2.253, 1.708, 1.993, 2.251, 1.923, 1.709, 2.247, 2.026, 3.838, 4.615, 4.679, 4.342, 3.925, 4.694, 5.213, 7.902, 9.075, 5.411, 3.131, 2.24, 1.67, 5.238, 6.974, 4.001, 6.291, 8.439, 9.436, 12.79, 14.207, 12.7, 13.124, 15.173, 17.136, 16.18, 14.699, 12.596, 11.677, 8.585, 5.643, 4.777, 5.038, 2.82, 2.0, 1.51, 0.0, 1.629, 2.304, 2.485, 1.932, 1.648, 2.735, 1.684, 1.66, 1.963, 2.0, 6.929, 5.737, 6.222, 9.873, 11.63, 12.078, 10.934, 10.543, 11.958, 11.176, 10.201, 7.673, 6.11, 6.633, 6.188, 6.17, 7.49, 8.915, 8.576, 9.458, 8.438, 6.607, 3.675, 3.375, 4.085, 5.493, 6.156, 8.206, 11.969, 11.071, 8.236, 5.279, 2.908, 2.194, 1.73, 3.014, 3.006, 3.864, 4.148, 2.928, 2.435, 2.357, 5.03, 7.561, 8.46, 9.116, 10.056, 9.555, 10.432, 9.512, 8.655], [3.005, 2.748, 2.35, 2.47, 2.781, 2.398, 2.029, 2.114, 2.707, 4.399, 5.277, 5.417, 5.119, 4.657, 5.432, 5.92, 8.61, 9.784, 6.089, 3.874, 2.883, 1.998, 4.665, 6.276, 3.638, 5.739, 7.709, 8.728, 12.054, 13.473, 11.988, 12.454, 14.469, 16.426, 15.611, 14.055, 11.939, 11.082, 8.173, 5.137, 4.304, 4.558, 2.485, 2.941, 2.529, 1.629, 0.0, 1.23, 1.841, 2.207, 1.909, 2.598, 1.675, 1.746, 2.569, 2.021, 6.196, 5.023, 5.607, 9.157, 10.92, 11.385, 10.228, 10.035, 11.273, 10.513, 9.647, 6.929, 5.365, 6.028, 5.471, 5.599, 7.062, 8.282, 7.878, 8.747, 7.743, 5.937, 3.939, 4.314, 5.008, 5.995, 6.634, 8.861, 12.541, 11.754, 8.784, 5.836, 3.799, 2.776, 2.704, 3.51, 3.634, 4.403, 4.798, 3.152, 2.14, 1.858, 4.101, 6.638, 7.763, 8.552, 9.428, 8.941, 10.013, 9.14, 8.203], [2.391, 2.991, 2.728, 3.158, 3.211, 2.572, 2.437, 2.339, 3.33, 5.097, 6.065, 6.23, 5.888, 5.47, 6.339, 6.813, 9.53, 10.704, 7.008, 4.705, 3.666, 2.264, 3.723, 5.347, 2.81, 4.78, 6.795, 7.801, 11.13, 12.549, 11.071, 11.509, 13.559, 15.52, 14.685, 13.094, 11.01, 10.161, 7.238, 4.164, 3.4, 3.615, 1.851, 3.028, 3.235, 2.304, 1.23, 0.0, 1.295, 1.97, 1.917, 2.368, 2.014, 2.397, 2.818, 2.073, 5.28, 4.083, 4.695, 8.237, 9.987, 10.494, 9.294, 9.103, 10.349, 9.621, 8.719, 5.966, 4.389, 5.071, 4.423, 4.645, 6.093, 7.335, 6.948, 7.83, 6.801, 5.027, 3.66, 4.705, 5.894, 6.941, 7.481, 9.727, 13.395, 12.64, 9.689, 6.72, 4.617, 3.572, 3.132, 3.766, 4.158, 4.915, 5.382, 3.462, 2.278, 1.634, 3.262, 5.66, 6.7, 7.521, 8.394, 7.882, 9.042, 8.182, 7.197], [2.011, 2.549, 2.299, 3.116, 3.104, 2.413, 2.491, 2.273, 3.351, 5.201, 6.103, 6.336, 6.116, 5.576, 6.434, 6.918, 9.635, 10.808, 7.173, 4.947, 3.834, 2.322, 3.548, 5.359, 2.728, 4.547, 6.681, 7.75, 11.027, 12.444, 11.025, 11.385, 13.582, 15.565, 14.505, 12.949, 10.922, 10.104, 6.962, 3.87, 3.212, 3.527, 1.58, 2.685, 3.371, 2.485, 1.841, 1.295, 0.0, 1.336, 1.769, 2.091, 2.073, 2.624, 2.76, 1.884, 5.169, 3.925, 4.631, 8.214, 9.95, 10.475, 9.246, 8.917, 10.264, 9.621, 8.535, 5.802, 4.233, 4.841, 4.211, 4.314, 5.803, 7.154, 6.821, 7.736, 6.703, 4.972, 3.366, 4.56, 6.063, 7.149, 7.558, 9.647, 13.386, 12.568, 9.653, 6.774, 4.553, 3.525, 3.3, 3.923, 4.278, 4.935, 5.518, 3.646, 2.686, 2.085, 3.436, 5.445, 6.508, 7.335, 8.197, 7.678, 8.71, 7.93, 6.961], [2.151, 1.974, 1.85, 2.979, 2.858, 2.065, 2.308, 2.115, 3.121, 4.994, 5.947, 6.164, 5.951, 5.413, 6.244, 6.723, 9.433, 10.607, 6.933, 4.66, 3.613, 2.576, 3.966, 5.647, 2.88, 4.908, 6.901, 7.964, 11.228, 12.663, 11.289, 11.611, 13.818, 15.829, 14.945, 13.214, 11.321, 10.491, 7.438, 4.427, 3.634, 3.956, 1.764, 2.032, 2.889, 1.932, 2.207, 1.97, 1.336, 0.0, 1.08, 1.517, 1.748, 2.216, 2.132, 1.3, 5.367, 4.266, 5.009, 8.409, 10.133, 10.727, 9.48, 9.29, 10.603, 9.999, 8.87, 6.096, 4.57, 5.163, 4.636, 4.768, 6.272, 7.449, 7.125, 7.899, 7.066, 5.339, 2.752, 3.648, 5.189, 6.549, 7.208, 9.338, 12.943, 12.356, 9.368, 6.404, 4.238, 3.186, 2.809, 4.037, 4.14, 4.886, 5.343, 3.703, 3.266, 2.712, 4.485, 6.35, 7.296, 8.03, 8.986, 8.429, 9.28, 8.378, 7.537], [2.675, 2.053, 1.881, 2.603, 2.405, 1.902, 1.997, 1.831, 2.69, 4.518, 5.498, 5.739, 5.484, 4.997, 5.816, 6.293, 9.005, 10.178, 6.508, 4.231, 3.291, 2.496, 4.49, 6.225, 3.429, 5.54, 7.396, 8.56, 11.692, 13.108, 11.84, 12.242, 14.388, 16.39, 15.498, 13.849, 11.893, 11.147, 8.023, 5.009, 4.213, 4.532, 2.202, 2.246, 2.451, 1.648, 1.909, 1.917, 1.769, 1.08, 0.0, 1.854, 1.412, 1.671, 1.989, 1.396, 5.806, 4.672, 5.626, 8.932, 10.722, 11.249, 10.053, 9.976, 11.215, 10.613, 9.544, 6.631, 5.062, 5.759, 5.228, 5.389, 6.904, 8.052, 7.709, 8.458, 7.615, 5.926, 3.096, 3.428, 4.731, 6.139, 6.724, 8.928, 12.444, 11.878, 8.894, 5.983, 3.74, 2.904, 2.633, 3.85, 3.853, 4.605, 4.926, 3.45, 3.042, 2.551, 4.581, 6.978, 7.986, 8.703, 9.682, 9.129, 9.875, 9.038, 8.16], [2.104, 2.832, 2.845, 3.86, 3.846, 3.058, 3.295, 2.901, 4.009, 5.962, 6.94, 7.203, 6.962, 6.413, 7.26, 7.729, 10.439, 11.632, 7.998, 5.711, 4.695, 3.379, 3.708, 5.2, 3.109, 4.845, 6.315, 7.474, 10.578, 11.996, 10.766, 11.144, 13.342, 15.313, 14.672, 12.785, 10.918, 10.187, 7.244, 4.336, 3.515, 3.814, 1.764, 2.313, 3.879, 2.735, 2.598, 2.368, 2.091, 1.517, 1.854, 0.0, 2.463, 2.694, 2.341, 1.901, 4.564, 4.014, 4.815, 7.799, 9.637, 10.177, 9.019, 8.947, 10.176, 9.581, 8.593, 5.712, 4.382, 4.86, 4.497, 4.553, 6.107, 7.034, 6.595, 7.209, 6.674, 4.859, 2.755, 3.55, 5.67, 7.32, 8.063, 10.264, 13.628, 13.339, 10.372, 7.284, 5.225, 4.059, 3.703, 5.043, 5.181, 5.736, 6.372, 4.674, 3.929, 3.343, 4.902, 6.871, 7.582, 8.22, 9.213, 8.676, 9.293, 8.241, 7.558], [3.391, 1.8