[[0.0, 1.672, 4.811, 8.34, 9.127, 10.271, 9.855, 8.978, 9.241, 9.504, 10.972, 12.629, 11.691, 12.543, 13.993, 12.941, 12.346, 10.477, 11.981, 15.802, 15.412, 15.747, 15.02, 14.836, 15.244, 14.446, 15.621, 14.578, 12.594, 11.169, 11.029, 11.287, 11.922, 12.19, 10.561, 9.615, 9.937, 10.553, 12.483, 15.333, 15.993, 16.97, 17.557, 15.792, 13.462, 13.011, 15.033, 11.803, 9.496, 11.57, 12.45, 11.934], [1.672, 0.0, 3.586, 7.24, 8.111, 9.257, 8.805, 7.892, 8.212, 8.511, 9.936, 11.575, 10.663, 11.5, 12.957, 11.901, 11.321, 9.448, 10.927, 14.786, 14.375, 14.738, 13.997, 13.82, 14.205, 13.443, 14.485, 13.531, 11.582, 10.03, 9.918, 10.216, 10.84, 11.07, 9.498, 8.505, 8.831, 9.521, 11.416, 14.225, 14.954, 15.996, 16.481, 14.764, 12.435, 11.927, 14.058, 10.764, 8.439, 10.541, 11.486, 10.891], [4.811, 3.586, 0.0, 3.781, 4.625, 5.711, 5.349, 4.407, 4.683, 4.978, 6.444, 8.092, 7.176, 8.012, 9.448, 8.39, 7.813, 5.956, 7.437, 11.296, 10.876, 11.243, 10.497, 10.32, 10.7, 9.881, 10.975, 10.011, 8.07, 6.681, 6.497, 6.715, 7.507, 7.619, 6.129, 5.122, 5.632, 6.135, 7.938, 10.725, 11.451, 12.446, 12.964, 11.266, 8.97, 8.737, 10.644, 7.408, 5.209, 7.08, 8.019, 7.481], [8.34, 7.24, 3.781, 0.0, 2.021, 3.345, 3.959, 2.748, 2.693, 2.747, 3.572, 4.854, 4.698, 4.983, 5.817, 4.916, 4.589, 3.737, 4.892, 7.598, 7.161, 7.563, 6.784, 6.59, 7.036, 7.106, 7.622, 7.034, 6.212, 5.626, 5.475, 5.667, 6.117, 6.264, 4.695, 4.654, 4.973, 4.707, 5.974, 7.951, 8.819, 9.341, 9.556, 8.858, 7.462, 7.456, 8.288, 5.86, 4.459, 4.519, 5.797, 5.414], [9.127, 8.111, 4.625, 2.021, 0.0, 2.462, 2.918, 1.77, 1.795, 1.822, 2.252, 4.068, 3.392, 3.93, 5.255, 4.213, 3.56, 2.198, 3.384, 6.732, 6.568, 6.794, 6.131, 5.945, 6.46, 6.145, 7.168, 6.054, 4.884, 4.522, 4.368, 4.45, 4.944, 5.118, 3.631, 3.85, 3.695, 3.307, 4.74, 7.043, 7.77, 8.374, 9.049, 7.647, 6.045, 6.375, 7.742, 4.976, 3.78, 3.591, 4.923, 4.53], [10.271, 9.257, 5.711, 3.345, 2.462, 0.0, 1.491, 1.688, 1.445, 1.359, 1.632, 2.653, 2.0, 2.657, 3.758, 2.705, 2.448, 1.789, 2.135, 5.605, 5.186, 5.543, 4.786, 4.614, 4.989, 4.444, 5.493, 4.453, 3.457, 3.313, 3.125, 3.201, 3.25, 3.668, 2.372, 2.641, 2.923, 2.554, 2.881, 5.368, 6.128, 6.922, 7.472, 6.112, 4.784, 4.822, 6.175, 3.483, 3.146, 2.44, 3.427, 3.119], [9.855, 8.805, 5.349, 3.959, 2.918, 1.491, 0.0, 1.514, 1.579, 1.628, 2.152, 3.168, 2.042, 2.848, 4.236, 3.144, 2.623, 1.768, 2.353, 6.062, 5.691, 5.973, 5.232, 5.082, 5.454, 4.977, 6.031, 4.915, 3.313, 2.384, 2.069, 2.306, 2.677, 3.167, 1.462, 2.076, 1.902, 1.796, 2.953, 5.988, 6.558, 7.519, 8.024, 6.524, 4.48, 4.583, 6.701, 3.565, 2.294, 2.655, 3.897, 3.407], [8.978, 7.892, 4.407, 2.748, 1.77, 1.688, 1.514, 0.0, 1.043, 1.072, 2.203, 3.912, 2.942, 3.799, 5.202, 4.119, 3.511, 1.984, 3.066, 6.952, 6.641, 6.866, 6.176, 5.984, 6.413, 5.862, 7.01, 5.834, 4.099, 3.346, 3.199, 3.347, 3.892, 4.071, 2.615, 3.046, 2.736, 2.367, 3.739, 6.8, 7.316, 8.399, 8.915, 7.228, 5.222, 5.358, 7.29, 4.158, 2.793, 3.283, 4.519, 4.028], [9.241, 8.212, 4.683, 2.693, 1.795, 1.445, 1.579, 1.043, 0.0, 1.133, 2.18, 3.64, 2.864, 3.546, 4.857, 3.772, 3.221, 1.983, 2.923, 6.671, 6.274, 6.595, 5.844, 5.67, 6.05, 5.428, 6.538, 5.461, 3.969, 3.352, 3.209, 3.494, 3.882, 4.071, 2.636, 2.752, 3.054, 2.777, 3.943, 6.471, 7.126, 7.982, 8.517, 7.226, 5.486, 5.679, 7.082, 4.433, 3.038, 3.176, 4.31, 3.973], [9.504, 8.511, 4.978, 2.747, 1.822, 1.359, 1.628, 1.072, 1.133, 0.0, 1.714, 3.424, 2.669, 3.364, 4.659, 3.566, 3.069, 1.938, 2.686, 6.422, 6.071, 6.311, 5.595, 5.42, 5.856, 5.324, 6.385, 5.258, 3.787, 3.403, 3.305, 3.56, 3.784, 4.062, 2.6, 3.033, 2.863, 2.481, 3.658, 6.26, 6.917, 7.802, 8.333, 6.868, 5.314, 5.469, 6.881, 4.07, 3.0, 3.135, 4.191, 3.745], [10.972, 9.936, 6.444, 3.572, 2.252, 1.632, 2.152, 2.203, 2.18, 1.714, 0.0, 2.129, 2.301, 2.554, 3.287, 2.221, 1.862, 1.871, 1.814, 4.911, 4.684, 4.861, 4.198, 4.017, 4.525, 4.202, 5.245, 4.085, 3.373, 3.869, 3.662, 3.348, 3.399, 3.904, 2.865, 3.376, 2.864, 2.575, 2.995, 5.261, 5.82, 6.579, 7.174, 5.965, 4.747, 4.971, 5.935, 3.459, 3.318, 2.64, 3.398, 3.007], [12.629, 11.575, 8.092, 4.854, 4.068, 2.653, 3.168, 3.912, 3.64, 3.424, 2.129, 0.0, 2.038, 2.097, 2.087, 1.731, 1.908, 3.048, 2.03, 3.265, 2.917, 3.22, 2.54, 2.753, 2.813, 2.633, 3.373, 2.407, 2.988, 3.952, 3.488, 2.921, 2.787, 3.409, 2.959, 3.832, 3.175, 2.532, 1.897, 3.841, 4.298, 4.776, 5.207, 4.633, 4.142, 4.023, 4.308, 2.502, 3.738, 2.09, 2.573, 2.411], [11.691, 10.663, 7.176, 4.698, 3.392, 2.0, 2.042, 2.942, 2.864, 2.669, 2.301, 2.038, 0.0, 1.188, 2.718, 1.99, 2.055, 2.104, 1.856, 4.396, 4.124, 4.155, 3.568, 3.902, 3.679, 3.455, 4.403, 3.339, 2.257, 2.402, 1.991, 2.133, 1.973, 2.377, 1.571, 2.559, 2.631, 1.786, 2.06, 4.371, 5.077, 5.766, 6.326, 4.871, 3.43, 3.606, 5.263, 2.805, 2.975, 1.406, 2.422, 2.023], [12.543, 11.5, 8.012, 4.983, 3.93, 2.657, 2.848, 3.799, 3.546, 3.364, 2.554, 2.097, 1.188, 0.0, 1.94, 1.451, 1.947, 2.524, 1.899, 3.908, 3.648, 3.519, 3.026, 3.325, 2.939, 2.944, 3.737, 2.764, 1.966, 2.498, 2.149, 2.131, 2.014, 2.378, 2.12, 3.154, 3.246, 2.509, 2.317, 4.041, 4.661, 5.234, 5.593, 4.713, 3.448, 3.556, 4.924, 3.206, 3.744, 1.672, 2.168, 1.925], [13.993, 12.957, 9.448, 5.817, 5.255, 3.758, 4.236, 5.202, 4.857, 4.659, 3.287, 2.087, 2.718, 1.94, 0.0, 1.31, 2.252, 3.81, 2.597, 3.115, 2.708, 2.556, 1.814, 2.268, 1.818, 2.676, 2.69, 2.361, 2.811, 3.562, 3.414, 3.245, 2.821, 3.38, 3.559, 4.561, 4.406, 3.868, 2.705, 4.027, 4.534, 4.843, 4.785, 4.795, 4.079, 4.253, 4.752, 3.869, 5.272, 2.845, 2.881, 2.715], [12.941, 11.901, 8.39, 4.916, 4.213, 2.705, 3.144, 4.119, 3.772, 3.566, 2.221, 1.731, 1.99, 1.451, 1.31, 0.0, 1.767, 2.761, 1.974, 3.361, 3.005, 3.049, 2.349, 2.404, 2.539, 2.826, 3.362, 2.61, 2.649, 3.185, 3.037, 2.804, 2.66, 3.199, 2.626, 3.51, 3.633, 3.145, 2.505, 4.084, 4.717, 5.057, 5.373, 5.001, 4.191, 4.312, 4.833, 3.45, 4.478, 2.236, 2.658, 2.406], [12.346, 11.321, 7.813, 4.589, 3.56, 2.448, 2.623, 3.511, 3.221, 3.069, 1.862, 1.908, 2.055, 1.947, 2.252, 1.767, 0.0, 2.365, 1.371, 3.648, 3.353, 3.604, 2.863, 2.651, 3.302, 3.555, 4.228, 3.404, 3.064, 3.836, 3.621, 3.072, 2.702, 3.354, 2.806, 3.551, 2.757, 2.75, 2.302, 4.522, 5.307, 5.86, 6.17, 5.365, 4.113, 4.307, 5.498, 3.08, 3.905, 2.306, 2.911, 2.708], [10.477, 9.448, 5.956, 3.737, 2.198, 1.789, 1.768, 1.984, 1.983, 1.938, 1.871, 3.048, 2.104, 2.524, 3.81, 2.761, 2.365, 0.0, 1.832, 5.377, 5.248, 5.473, 4.806, 4.519, 5.033, 4.826, 5.859, 4.667, 3.316, 2.993, 2.758, 2.583, 3.132, 3.616, 2.334, 2.552, 2.443, 2.464, 3.331, 5.922, 6.523, 7.138, 7.767, 6.369, 4.784, 5.169, 6.917, 4.146, 3.547, 2.872, 4.074, 3.594], [11.981, 10.927, 7.437, 4.892, 3.384, 2.135, 2.353, 3.066, 2.923, 2.686, 1.814, 2.03, 1.856, 1.899, 2.597, 1.974, 1.371, 1.832, 0.0, 4.032, 3.951, 4.099, 3.457, 3.205, 3.676, 3.526, 4.618, 3.386, 2.481, 3.374, 3.086, 2.507, 2.356, 2.967, 2.492, 3.496, 2.664, 2.414, 2.214, 4.703, 5.166, 5.924, 6.52, 5.13, 3.872, 4.091, 5.578, 3.043, 3.563, 2.382, 2.885, 2.556], [15.802, 14.786, 11.296, 7.598, 6.732, 5.605, 6.062, 6.952, 6.671, 6.422, 4.911, 3.265, 4.396, 3.908, 3.115, 3.361, 3.648, 5.377, 4.032, 0.0, 1.257, 1.696, 2.092, 2.79, 2.11, 2.44, 1.93, 2.576, 4.79, 6.097, 5.66, 5.078, 4.468, 5.058, 5.435, 6.518, 5.998, 5.418, 3.627, 2.486, 2.822, 3.035, 3.043, 3.87, 4.781, 5.092, 3.371, 4.432, 6.836, 4.597, 4.369, 4.796], [15.412, 14.375, 10.876, 7.161, 6.568, 5.186, 5.691, 6.641, 6.274, 6.071, 4.684, 2.917, 4.124, 3.648, 2.708, 3.005, 3.353, 5.248, 3.951, 1.257, 0.0, 1.664, 1.541, 2.425, 1.98, 2.494, 1.872, 2.846, 4.661, 5.814, 5.346, 4.815, 4.411, 4.853, 4.945, 6.017, 5.562, 5.117, 3.21, 2.749, 3.227, 3.432, 3.368, 4.272, 4.948, 5.128, 3.556, 4.323, 6.457, 4.116, 4.134, 4.375], [15.747, 14.738, 11.243, 7.563, 6.794, 5.543, 5.973, 6.866, 6.595, 6.311, 4.861, 3.22, 4.155, 3.519, 2.556, 3.049, 3.604, 5.473, 4.099, 1.696, 1.664, 0.0, 1.474, 2.557, 1.627, 2.218, 1.772, 2.3, 4.097, 5.405, 5.279, 4.912, 4.384, 4.271, 5.263, 6.367, 5.921, 5.329, 3.376, 2.982, 3.283, 3.496, 3.355, 4.154, 4.389, 4.679, 3.521, 4.564, 6.796, 4.278, 3.651, 4.017], [15.02, 13.997, 10.497, 6.784, 6.131, 4.786, 5.232, 6.176, 5.844, 5.595, 4.198, 2.54, 3.568, 3.026, 1.814, 2.349, 2.863, 4.806, 3.457, 2.092, 1.541, 1.474, 0.0, 1.658, 1.424, 2.426, 1.892, 2.387, 3.763, 4.924, 4.587, 4.219, 3.826, 4.031, 4.515, 5.624, 5.186, 4.649, 2.852, 3.571, 3.91, 4.186, 4.076, 4.585, 4.459, 4.721, 4.207, 4.012, 6.05, 3.673, 3.423, 3.632], [14.836, 13.82, 10.32, 6.59, 5.945, 4.614, 5.082, 5.984, 5.67, 5.42, 4.017, 2.753, 3.902, 3.325, 2.268, 2.404, 2.651, 4.519, 3.205, 2.79, 2.425, 2.557, 1.658, 0.0, 2.54, 3.498, 3.21, 3.542, 4.475, 5.348, 5.045, 4.473, 4.237, 4.845, 4.56, 5.601, 5.035, 4.856, 3.671, 4.75, 5.139, 5.346, 5.27, 5.868, 5.475, 5.67, 5.454, 4.517, 6.181, 4.018, 4.248, 4.293], [15.244, 14.205, 10.7, 7.036, 6.46, 4.989, 5.454, 6.413, 6.05, 5.856, 4.525, 2.813, 3.679, 2.939, 1.818, 2.539, 3.302, 5.033, 3.676, 2.11, 1.98, 1.627, 1.424, 2.54, 0.0, 1.596, 1.49, 1.667, 3.492, 4.724, 4.492, 4.12, 3.499, 3.603, 4.729, 5.813, 5.397, 4.846, 2.892, 2.669, 3.1, 3.446, 3.354, 3.852, 3.911, 4.03, 3.307, 3.956, 6.262, 3.754, 2.983, 3.489], [14.446, 13.443, 9.881, 7.106, 6.145, 4.444, 4.977, 5.862, 5.428, 5.324, 4.202, 2.633, 3.455, 2.944, 2.676, 2.826, 3.555, 4.826, 3.526, 2.44, 2.494, 2.218, 2.426, 3.498, 1.596, 0.0, 1.862, 1.218, 2.997, 4.217, 3.878, 3.564, 2.981, 3.048, 4.282, 5.266, 4.853, 4.14, 2.221, 1.874, 2.216, 2.812, 3.448, 2.9, 2.929, 3.087, 2.379, 2.977, 5.436, 3.262, 2.352, 2.968], [15.621, 14.485, 10.975, 7.622, 7.168, 5.493, 6.031, 7.01, 6.538, 6.385, 5.245, 3.373, 4.403, 3.737, 2.69, 3.362, 4.228, 5.859, 4.618, 1.93, 1.872, 1.772, 1.892, 3.21, 1.49, 1.862, 0.0, 1.836, 3.825, 5.011, 5.065, 4.771, 3.984, 3.838, 5.394, 6.054, 5.941, 5.339, 3.354, 2.163, 2.729, 3.028, 2.616, 3.724, 4.137, 4.207, 2.712, 4.12, 6.557, 4.261, 3.312, 3.851], [14.578, 13.531, 10.011, 7.034, 6.054, 4.453, 4.915, 5.834, 5.461, 5.258, 4.085, 2.407, 3.339, 2.764, 2.361, 2.61, 3.404, 4.667, 3.386, 2.576, 2.846, 2.3, 2.387, 3.542, 1.667, 1.218, 1.836, 0.0, 2.674, 4.066, 4.021, 3.641, 2.962, 2.872, 4.334, 5.116, 4.834, 4.157, 2.28, 2.021, 2.478, 3.007, 3.218, 2.946, 2.925, 2.88, 2.627, 3.021, 5.574, 3.309, 2.242, 2.847], [12.594, 11.582, 8.07, 6.212, 4.884, 3.457, 3.313, 4.099, 3.969, 3.787, 3.373, 2.988, 2.257, 1.966, 2.811, 2.649, 3.064, 3.316, 2.481, 4.79, 4.661, 4.097, 3.763, 4.475, 3.492, 2.997, 3.825, 2.674, 0.0, 1.815, 2.106, 1.871, 1.688, 1.35, 2.781, 3.755, 3.256, 2.333, 2.301, 3.992, 4.339, 5.147, 5.537, 4.219, 2.498, 2.747, 4.353, 3.027, 3.456, 2.437, 1.951, 1.843], [11.169, 10.03, 6.681, 5.626, 4.522, 3.313, 2.384, 3.346, 3.352, 3.403, 3.869, 3.952, 2.402, 2.498, 3.562, 3.185, 3.836, 2.993, 3.374, 6.097, 5.814, 5.405, 4.924, 5.348, 4.724, 4.217, 5.011, 4.066, 1.815, 0.0, 1.139, 1.868, 2.053, 1.835, 1.977, 2.496, 2.835, 2.123, 3.152, 5.24, 5.817, 6.642, 6.894, 5.636, 3.469, 3.73, 5.657, 3.8, 2.743, 2.732, 3.156, 2.758], [11.029, 9.918, 6.497, 5.475, 4.368, 3.125, 2.069, 3.199, 3.209, 3.305, 3.662, 3.488, 1.991, 2.149, 3.414, 3.037, 3.621, 2.758, 3.086, 5.66, 5.346, 5.279, 4.587, 5.045, 4.492, 3.878, 5.065, 4.021, 2.106, 1.139, 0.0, 1.064, 1.732, 2.112, 1.447, 2.337, 2.366, 1.8, 2.787, 5.258, 5.598, 6.514, 6.966, 5.486, 3.297, 3.568, 5.839, 3.456, 2.627, 2.394, 3.078, 2.666], [11.287, 10.216, 6.715, 5.667, 4.45, 3.201, 2.306, 3.347, 3.494, 3.56, 3.348, 2.921, 2.133, 2.131, 3.245, 2.804, 3.072, 2.583, 2.507, 5.078, 4.815, 4.912, 4.219, 4.473, 4.12, 3.564, 4.771, 3.641, 1.871, 1.868, 1.064, 0.0, 1.49, 1.886, 1.582, 2.478, 1.86, 1.69, 2.305, 4.931, 5.202, 6.171, 6.614, 5.169, 3.162, 3.433, 5.563, 3.04, 2.837, 2.227, 2.767, 2.434], [11.922, 10.84, 7.507, 6.117, 4.944, 3.25, 2.677, 3.892, 3.882, 3.784, 3.399, 2.787, 1.973, 2.014, 2.821, 2.66, 2.702, 3.132, 2.356, 4.468, 4.411, 4.384, 3.826, 4.237, 3.499, 2.981, 3.984, 2.962, 1.688, 2.053, 1.732, 1.49, 0.0, 1.493, 2.117, 3.132, 2.594, 1.86, 1.797, 4.095, 4.761, 5.593, 5.912, 4.731, 2.685, 2.698, 4.707, 2.346, 2.988, 2.199, 2.173, 2.078], [12.19, 11.07, 7.619, 6.264, 5.118, 3.668, 3.167, 4.071, 4.071, 4.062, 3.904, 3.409, 2.377, 2.378, 3.38, 3.199, 3.354, 3.616, 2.967, 5.058, 4.853, 4.271, 4.031, 4.845, 3.603, 3.048, 3.838, 2.872, 1.35, 1.835, 2.112, 1.886, 1.493, 0.0, 2.435, 3.4, 2.905, 2.248, 2.141, 3.713, 4.378, 5.26, 5.661, 4.197, 2.183, 2.362, 4.041, 2.641, 3.096, 2.314, 1.62, 1.808], [10.561, 9.498, 6.129, 4.695, 3.631, 2.372, 1.462, 2.615, 2.636, 2.6, 2.865, 2.959, 1.571, 2.12, 3.559, 2.626, 2.806, 2.334, 2.492, 5.435, 4.945, 5.263, 4.515, 4.56, 4.729, 4.282, 5.394, 4.334, 2.781, 1.977, 1.447, 1.582, 2.117, 2.435, 0.0, 1.69, 1.804, 1.624, 2.512, 5.227, 5.78, 6.743, 7.33, 5.639, 3.768, 3.888, 5.965, 3.284, 2.302, 1.932, 3.132, 2.625], [9.615, 8.505, 5.122, 4.654, 3.85, 2.641, 2.076, 3.046, 2.752, 3.033, 3.376, 3.832, 2.559, 3.154, 4.561, 3.51, 3.551, 2.552, 3.496, 6.518, 6.017, 6.367, 5.624, 5.601, 5.813, 5.266, 6.054, 5.116, 3.755, 2.496, 2.337, 2.478, 3.132, 3.4, 1.69, 0.0, 2.097, 2.674, 3.728, 6.012, 6.985, 7.714, 8.075, 6.961, 5.095, 5.237, 6.771, 4.285, 3.088, 2.787, 4.009, 3.648], [9.937, 8.831, 5.632, 4.973, 3.695, 2.923, 1.902, 2.736, 3.054, 2.863, 2.864, 3.175, 2.631, 3.246, 4.406, 3.633, 2.757, 2.443, 2.664, 5.998, 5.562, 5.921, 5.186, 5.035, 5.397, 4.853, 5.941, 4.834, 3.256, 2.835, 2.366, 1.86, 2.594, 2.905, 1.804, 2.097, 0.0, 1.575, 2.736, 5.767, 6.365, 7.348, 7.867, 6.207, 4.113, 4.032, 6.312, 3.125, 2.488, 2.708, 3.535, 3.153], [10.553, 9.521, 6.135, 4.707, 3.307, 2.554, 1.796, 2.367, 2.777, 2.481, 2.575, 2.532, 1.786, 2.509, 3.868, 3.145, 2.75, 2.464, 2.414, 5.418, 5.117, 5.329, 4.649, 4.856, 4.846, 4.14, 5.339, 4.157, 2.333, 2.123, 1.8, 1.69, 1.86, 2.248, 1.624, 2.674, 1.575, 0.0, 2.078, 5.099, 5.695, 6.691, 7.237, 5.612, 3.401, 3.337, 5.543, 2.339, 1.761, 1.842, 2.766, 2.336], [12.483, 11.416, 7.938, 5.974, 4.74, 2.881, 2.953, 3.739, 3.943, 3.658, 2.995, 1.897, 2.06, 2.317, 2.705, 2.505, 2.302, 3.331, 2.214, 3.627, 3.21, 3.376, 2.852, 3.671, 2.892, 2.221, 3.354, 2.28, 2.301, 3.152, 2.787, 2.305, 1.797, 2.141, 2.512, 3.728, 2.736, 2.078, 0.0, 3.133, 3.76, 4.752, 5.278, 3.669, 2.711, 2.538, 3.855, 1.736, 3.516, 2.085, 1.891, 1.98], [15.333, 14.225, 10.725, 7.951, 7.043, 5.368, 5.988, 6.8, 6.471, 6.26, 5.261, 3.841, 4.371, 4.041, 4.027, 4.084, 4.522, 5.922, 4.703, 2.486, 2.749, 2.982, 3.571, 4.75, 2.669, 1.874, 2.163, 2.021, 3.992, 5.24, 5.258, 4.931, 4.095, 3.713, 5.227, 6.012, 5.767, 5.099, 3.133, 0.0, 1.585, 1.986, 2.347, 2.28, 3.448, 3.396, 1.847, 3.694, 6.32, 4.117, 3.097, 3.588], [15.993, 14.954, 11.451, 8.819, 7.77, 6.128, 6.558, 7.316, 7.126, 6.917, 5.82, 4.298, 5.077, 4.661, 4.534, 4.717, 5.307, 6.523, 5.166, 2.822, 3.227, 3.283, 3.91, 5.139, 3.1, 2.216, 2.729, 2.478, 4.339, 5.817, 5.598, 5.202, 4.761, 4.378, 5.78, 6.985, 6.365, 5.695, 3.76, 1.585, 0.0, 1.235, 2.042, 1.546, 3.367, 3.266, 1.714, 4.444, 7.016, 4.899, 3.791, 4.289], [16.97, 15.996, 12.446, 9.341, 8.374, 6.922, 7.519, 8.399, 7.982, 7.802, 6.579, 4.776, 5.766, 5.234, 4.843, 5.057, 5.86, 7.138, 5.924, 3.035, 3.432, 3.496, 4.186, 5.346, 3.446, 2.812, 3.028, 3.007, 5.147, 6.642, 6.514, 6.171, 5.593, 5.26, 6.743, 7.714, 7.348, 6.691, 4.752, 1.986, 1.235, 0.0, 1.545, 1.868, 4.07, 4.169, 2.32, 5.389, 8.001, 5.637, 4.628, 5.225], [17.557, 16.481, 12.964, 9.556, 9.049, 7.472, 8.024, 8.915, 8.517, 8.333, 7.174, 5.207, 6.326, 5.593, 4.785, 5.373, 6.17, 7.767, 6.52, 3.043, 3.368, 3.355, 4.076, 5.27, 3.354, 3.448, 2.616, 3.218, 5.537, 6.894, 6.966, 6.614, 5.912, 5.661, 7.33, 8.075, 7.867, 7.237, 5.278, 2.347, 2.042, 1.545, 0.0, 2.793, 4.976, 4.985, 2.819, 5.858, 8.512, 6.212, 5.115, 5.756], [15.792, 14.764, 11.266, 8.858, 7.647, 6.112, 6.524, 7.228, 7.226, 6.868, 5.965, 4.633, 4.871, 4.713, 4.795, 5.001, 5.365, 6.369, 5.13, 3.87, 4.272, 4.154, 4.585, 5.868, 3.852, 2.9, 3.724, 2.946, 4.219, 5.636, 5.486, 5.169, 4.731, 4.197, 5.639, 6.961, 6.207, 5.612, 3.669, 2.28, 1.546, 1.868, 2.793, 0.0, 2.783, 3.024, 2.429, 4.2, 6.83, 4.829, 3.729, 4.164], [13.462, 12.435, 8.97, 7.462, 6.045, 4.784, 4.48, 5.222, 5.486, 5.314, 4.747, 4.142, 3.43, 3.448, 4.079, 4.191, 4.113, 4.784, 3.872, 4.781, 4.948, 4.389, 4.459, 5.475, 3.911, 2.929, 4.137, 2.925, 2.498, 3.469, 3.297, 3.162, 2.685, 2.183, 3.768, 5.095, 4.113, 3.401, 2.711, 3.448, 3.367, 4.07, 4.976, 2.783, 0.0, 1.194, 3.268, 2.995, 4.496, 3.278, 2.471, 2.763], [13.011, 11.927, 8.737, 7.456, 6.375, 4.822, 4.583, 5.358, 5.679, 5.469, 4.971, 4.023, 3.606, 3.556, 4.253, 4.312, 4.307, 5.169, 4.091, 5.092, 5.128, 4.679, 4.721, 5.67, 4.03, 3.087, 4.207, 2.88, 2.747, 3.73, 3.568, 3.433, 2.698, 2.362, 3.888, 5.237, 4.032, 3.337, 2.538, 3.396, 3.266, 4.169, 4.985, 3.024, 1.194, 0.0, 2.867, 2.499, 4.157, 3.259, 2.132, 2.427], [15.033, 14.058, 10.644, 8.288, 7.742, 6.175, 6.701, 7.29, 7.082, 6.881, 5.935, 4.308, 5.263, 4.924, 4.752, 4.833, 5.498, 6.917, 5.578, 3.371, 3.556, 3.521, 4.207, 5.454, 3.307, 2.379, 2.712, 2.627, 4.353, 5.657, 5.839, 5.563, 4.707, 4.041, 5.965, 6.771, 6.312, 5.543, 3.855, 1.847, 1.714, 2.32, 2.819, 2.429, 3.268, 2.867, 0.0, 3.566, 6.128, 4.425, 2.946, 3.489], [11.803, 10.764, 7.408, 5.86, 4.976, 3.483, 3.565, 4.158, 4.433, 4.07, 3.459, 2.502, 2.805, 3.206, 3.869, 3.45, 3.08, 4.146, 3.043, 4.432, 4.323, 4.564, 4.012, 4.517, 3.956, 2.977, 4.12, 3.021, 3.027, 3.8, 3.456, 3.04, 2.346, 2.641, 3.284, 4.285, 3.125, 2.339, 1.736, 3.694, 4.444, 5.389, 5.858, 4.2, 2.995, 2.499, 3.566, 0.0, 2.792, 2.349, 1.717, 1.992], [9.496, 8.439, 5.209, 4.459, 3.78, 3.146, 2.294, 2.793, 3.038, 3.0, 3.318, 3.738, 2.975, 3.744, 5.272, 4.478, 3.905, 3.547, 3.563, 6.836, 6.457, 6.796, 6.05, 6.181, 6.262, 5.436, 6.557, 5.574, 3.456, 2.743, 2.627, 2.837, 2.988, 3.096, 2.302, 3.088, 2.488, 1.761, 3.516, 6.32, 7.016, 8.001, 8.512, 6.83, 4.496, 4.157, 6.128, 2.792, 0.0, 2.618, 3.455, 3.074], [11.57, 10.541, 7.08, 4.519, 3.591, 2.44, 2.655, 3.283, 3.176, 3.135, 2.64, 2.09, 1.406, 1.672, 2.845, 2.236, 2.306, 2.872, 2.382, 4.597, 4.116, 4.278, 3.673, 4.018, 3.754, 3.262, 4.261, 3.309, 2.437, 2.732, 2.394, 2.227, 2.199, 2.314, 1.932, 2.787, 2.708, 1.842, 2.085, 4.117, 4.899, 5.637, 6.212, 4.829, 3.278, 3.259, 4.425, 2.349, 2.618, 0.0, 1.662, 1.469], [12.45, 11.486, 8.019, 5.797, 4.923, 3.427, 3.897, 4.519, 4.31, 4.191, 3.398, 2.573, 2.422, 2.168, 2.881, 2.658, 2.911, 4.074, 2.885, 4.369, 4.134, 3.651, 3.423, 4.248, 2.983, 2.352, 3.312, 2.242, 1.951, 3.156, 3.078, 2.767, 2.173, 1.62, 3.132, 4.009, 3.535, 2.766, 1.891, 3.097, 3.791, 4.628, 5.115, 3.729, 2.471, 2.132, 2.946, 1.717, 3.455, 1.662, 0.0, 0.942], [11.934, 10.891, 7.481, 5.414, 4.53, 3.119, 3.407, 4.028, 3.973, 3.745, 3.007, 2.411, 2.023, 1.925, 2.715, 2.406, 2.708, 3.594, 2.556, 4.796, 4.375, 4.017, 3.632, 4.293, 3.489, 2.968, 3.851, 2.847, 1.843, 2.758, 2.666, 2.434, 2.078, 1.808, 2.625, 3.648, 3.153, 2.336, 1.98, 3.588, 4.289, 5.225, 5.756, 4.164, 2.763, 2.427, 3.489, 1.992, 3.074, 1.469, 0.942, 0.0]]