[[0.0, 1.581, 3.148, 3.569, 3.2, 2.861, 2.885, 3.122, 3.287, 2.788, 2.57, 2.606, 3.53, 4.406, 5.005, 5.374, 5.908, 6.55, 6.995, 7.164, 7.396, 9.212, 13.283, 17.728, 17.288, 15.152, 14.537, 14.602, 15.044, 16.47, 18.105, 16.879, 14.665, 14.202, 15.602, 16.406, 15.16, 13.887, 13.029, 13.002, 13.045, 12.958, 13.855, 15.674, 17.021, 16.967, 17.485, 18.188, 19.538, 21.358, 22.108, 21.716, 20.388, 19.269, 17.679, 15.579, 14.82, 14.093, 14.019, 14.751, 14.95, 13.878, 13.158, 12.711, 12.693, 13.222, 12.979, 12.292, 12.592, 12.756, 12.298, 12.293, 12.486, 13.396, 14.001, 14.574, 14.865, 14.384, 13.363, 12.975, 13.591, 14.548, 14.464, 14.483, 14.155, 13.682, 13.178, 11.693, 10.725, 10.83, 11.915, 12.681, 13.407, 14.241, 17.248, 19.68, 19.448, 17.64, 15.883, 13.849, 12.018, 10.401, 9.074, 8.761, 9.19, 10.098, 10.795, 10.381, 10.175, 10.986, 11.419, 9.253, 7.3, 6.93, 7.849, 8.058, 7.909, 7.698, 6.835, 5.943, 5.244, 5.229, 5.622, 5.292, 4.091, 3.159, 3.633, 3.807, 3.66, 4.045, 4.328, 4.258, 3.935, 5.087, 7.078, 8.805, 8.572, 7.827, 7.772, 8.296, 8.385, 8.722, 9.744, 11.817, 14.105, 15.471, 12.401, 7.369, 3.385, 2.236, 2.32, 2.343, 2.835, 4.105, 5.596, 5.766, 4.484, 4.548], [1.581, 0.0, 1.847, 2.385, 2.407, 2.375, 2.699, 2.925, 2.505, 1.952, 2.162, 2.089, 2.597, 3.446, 3.926, 4.308, 4.795, 5.585, 5.919, 6.095, 6.307, 8.146, 12.309, 16.667, 16.184, 14.055, 13.423, 13.394, 13.867, 15.332, 17.022, 15.926, 13.629, 13.084, 14.408, 15.23, 13.968, 12.767, 11.924, 11.817, 11.867, 11.817, 12.722, 14.557, 15.835, 15.929, 16.35, 17.079, 18.396, 20.27, 21.03, 20.716, 19.429, 18.263, 16.733, 14.54, 13.683, 13.214, 13.087, 13.698, 13.778, 12.772, 12.029, 11.608, 11.696, 12.2, 11.915, 11.218, 11.478, 11.668, 11.159, 11.128, 11.459, 12.282, 12.913, 13.485, 13.704, 13.235, 12.255, 12.094, 12.768, 13.655, 13.512, 13.5, 13.132, 12.734, 12.239, 10.726, 9.728, 9.784, 10.866, 11.889, 12.555, 13.271, 16.353, 18.549, 18.412, 16.585, 14.886, 13.092, 11.347, 9.611, 8.284, 7.957, 8.379, 9.291, 9.86, 9.435, 9.203, 9.93, 10.385, 8.119, 6.242, 6.01, 6.853, 7.117, 7.109, 6.981, 5.975, 5.093, 4.29, 4.287, 4.61, 4.209, 3.004, 2.255, 2.927, 2.929, 2.754, 2.967, 3.244, 3.153, 2.87, 4.049, 6.069, 7.758, 7.544, 6.681, 6.692, 7.095, 7.327, 7.604, 8.714, 10.681, 13.036, 14.415, 11.319, 6.322, 2.548, 2.022, 2.282, 2.089, 2.525, 3.067, 4.581, 4.848, 3.452, 3.567], [3.148, 1.847, 0.0, 1.236, 1.668, 2.043, 2.496, 2.458, 2.046, 1.633, 2.193, 1.915, 1.627, 2.112, 2.523, 2.849, 3.221, 4.103, 4.36, 4.502, 4.686, 6.602, 10.773, 15.137, 14.631, 12.496, 11.873, 11.768, 12.223, 13.705, 15.384, 14.308, 11.989, 11.455, 12.813, 13.61, 12.351, 11.191, 10.348, 10.204, 10.268, 10.209, 11.089, 12.942, 14.228, 14.302, 14.716, 15.442, 16.769, 18.632, 19.393, 19.102, 17.814, 16.674, 15.144, 12.984, 12.098, 11.672, 11.582, 12.143, 12.241, 11.254, 10.424, 9.968, 10.053, 10.579, 10.29, 9.642, 9.83, 10.028, 9.535, 9.516, 9.977, 10.665, 11.323, 11.901, 12.097, 11.626, 10.733, 10.719, 11.385, 12.14, 12.022, 11.974, 11.613, 11.273, 10.774, 9.236, 8.242, 8.384, 9.402, 10.508, 11.105, 11.752, 14.828, 16.933, 16.794, 15.037, 13.376, 11.764, 10.054, 8.309, 6.98, 6.576, 7.018, 7.906, 8.379, 7.991, 7.708, 8.386, 8.838, 6.529, 4.755, 4.64, 5.421, 5.663, 5.781, 5.696, 4.71, 3.986, 3.301, 3.06, 3.483, 2.892, 1.747, 2.321, 2.707, 2.51, 2.065, 1.795, 1.985, 2.276, 2.416, 2.683, 4.439, 6.168, 5.966, 5.421, 5.637, 5.921, 6.166, 6.196, 7.303, 9.095, 11.501, 12.767, 9.685, 4.733, 1.761, 2.225, 2.594, 2.184, 2.805, 2.402, 3.158, 3.405, 2.386, 2.532], [3.569, 2.385, 1.236, 0.0, 1.215, 1.814, 2.161, 2.156, 2.091, 2.034, 2.578, 2.23, 1.288, 1.535, 1.66, 2.118, 2.661, 3.453, 3.786, 3.971, 4.166, 6.007, 10.152, 14.468, 14.045, 11.852, 11.194, 11.146, 11.704, 13.186, 14.867, 13.791, 11.469, 10.935, 12.148, 12.961, 11.734, 10.553, 9.773, 9.638, 9.689, 9.689, 10.588, 12.407, 13.683, 13.768, 14.202, 14.928, 16.25, 18.116, 18.875, 18.557, 17.289, 16.108, 14.612, 12.399, 11.44, 11.074, 10.903, 11.555, 11.57, 10.542, 9.837, 9.465, 9.542, 10.05, 9.767, 9.059, 9.325, 9.522, 9.022, 8.981, 9.231, 10.088, 10.768, 11.314, 11.529, 11.055, 10.043, 9.836, 10.524, 11.427, 11.264, 11.196, 10.851, 10.455, 9.959, 8.436, 7.45, 7.599, 8.707, 9.668, 10.378, 11.063, 14.185, 16.397, 16.27, 14.302, 12.597, 10.853, 9.139, 7.788, 6.302, 6.019, 6.317, 7.047, 7.577, 7.163, 6.905, 7.649, 8.098, 5.897, 3.998, 3.8, 4.615, 4.91, 4.945, 4.798, 3.944, 3.763, 3.253, 2.822, 3.192, 2.748, 2.158, 2.853, 3.104, 2.9, 2.058, 1.855, 1.904, 2.304, 2.559, 2.89, 4.01, 5.683, 5.607, 5.194, 5.172, 5.636, 5.814, 5.755, 6.634, 8.428, 10.888, 12.251, 9.154, 4.159, 1.79, 2.481, 2.843, 2.649, 3.37, 2.899, 3.193, 3.085, 2.409, 2.526], [3.2, 2.407, 1.668, 1.215, 0.0, 1.198, 1.493, 1.655, 1.871, 2.015, 2.149, 1.847, 1.25, 1.761, 2.166, 2.507, 3.171, 3.887, 4.318, 4.497, 4.719, 6.536, 10.674, 14.955, 14.576, 12.461, 11.692, 11.765, 12.295, 13.754, 15.433, 14.313, 12.056, 11.512, 12.798, 13.6, 12.37, 11.179, 10.346, 10.219, 10.258, 10.241, 11.141, 12.973, 14.286, 14.334, 14.769, 15.494, 16.816, 18.682, 19.441, 19.133, 17.796, 16.65, 15.101, 12.946, 11.985, 11.497, 11.313, 11.995, 12.138, 11.093, 10.381, 10.022, 10.094, 10.608, 10.309, 9.611, 9.897, 10.094, 9.603, 9.559, 9.717, 10.66, 11.284, 11.879, 12.085, 11.588, 10.517, 10.168, 10.848, 11.898, 11.637, 11.637, 11.309, 10.829, 10.326, 8.906, 7.88, 8.108, 9.134, 9.933, 10.672, 11.535, 14.587, 16.997, 16.778, 14.797, 13.037, 11.067, 9.308, 7.501, 6.229, 5.827, 6.298, 7.25, 7.942, 7.523, 7.329, 8.138, 8.573, 6.428, 4.477, 4.195, 5.038, 5.227, 5.118, 5.006, 4.092, 3.893, 3.669, 3.311, 3.919, 3.333, 2.966, 3.339, 3.673, 3.454, 2.627, 2.438, 2.517, 2.804, 2.961, 3.468, 4.558, 6.124, 6.018, 5.619, 5.47, 5.588, 5.704, 5.722, 6.927, 9.02, 11.404, 12.815, 9.707, 4.682, 2.124, 2.391, 2.805, 2.85, 3.617, 3.506, 4.175, 3.843, 3.126, 3.206], [2.861, 2.375, 2.043, 1.814, 1.198, 0.0, 0.887, 1.113, 1.291, 1.449, 1.648, 1.845, 1.546, 2.278, 3.002, 3.315, 3.94, 4.658, 5.057, 5.237, 5.47, 7.274, 11.423, 15.692, 15.338, 13.211, 12.46, 12.523, 13.038, 14.511, 16.184, 15.061, 12.814, 12.267, 13.556, 14.357, 13.127, 11.935, 11.103, 10.976, 11.015, 10.996, 11.896, 13.728, 15.042, 15.089, 15.525, 16.249, 17.571, 19.437, 20.195, 19.89, 18.556, 17.404, 15.844, 13.701, 12.736, 12.237, 12.054, 12.765, 12.895, 11.858, 11.141, 10.763, 10.835, 11.35, 11.043, 10.343, 10.639, 10.827, 10.339, 10.31, 10.457, 11.384, 12.014, 12.616, 12.832, 12.342, 11.27, 10.932, 11.655, 12.649, 12.401, 12.396, 12.062, 11.604, 11.1, 9.634, 8.631, 8.887, 9.885, 10.773, 11.422, 12.288, 15.357, 17.753, 17.547, 15.547, 13.795, 11.901, 10.031, 8.146, 6.805, 6.301, 6.883, 8.14, 8.723, 8.304, 8.097, 8.906, 9.325, 7.186, 5.258, 4.897, 5.789, 5.99, 5.954, 5.796, 4.783, 4.104, 3.835, 3.719, 4.154, 3.716, 3.452, 3.632, 4.164, 4.036, 3.155, 3.011, 3.101, 3.168, 3.233, 3.742, 5.316, 6.891, 6.712, 5.955, 5.816, 5.878, 6.021, 6.301, 7.566, 9.775, 12.161, 13.557, 10.446, 5.436, 2.391, 2.53, 3.04, 3.058, 3.84, 4.07, 4.78, 4.505, 3.672, 3.822], [2.885, 2.699, 2.496, 2.161, 1.493, 0.887, 0.0, 0.85, 1.358, 1.814, 1.819, 2.058, 1.77, 2.342, 3.179, 3.363, 3.999, 4.681, 5.146, 5.293, 5.499, 7.289, 11.446, 15.684, 15.352, 13.231, 12.474, 12.542, 13.068, 14.532, 16.194, 15.081, 12.834, 12.287, 13.585, 14.386, 13.156, 11.955, 11.123, 10.996, 11.039, 11.016, 11.909, 13.748, 15.062, 15.109, 15.55, 16.269, 17.591, 19.448, 20.215, 19.91, 18.571, 17.424, 15.864, 13.721, 12.756, 12.242, 12.072, 12.76, 12.924, 11.865, 11.168, 10.782, 10.851, 11.368, 11.06, 10.355, 10.644, 10.824, 10.341, 10.317, 10.483, 11.391, 12.018, 12.632, 12.863, 12.35, 11.266, 10.892, 11.629, 12.643, 12.396, 12.395, 12.06, 11.611, 11.109, 9.667, 8.633, 8.88, 9.88, 10.718, 11.432, 12.299, 15.358, 17.773, 17.546, 15.548, 13.793, 11.824, 9.912, 8.06, 6.728, 6.309, 6.808, 8.089, 8.73, 8.311, 8.097, 8.925, 9.322, 7.212, 5.252, 4.871, 5.789, 5.989, 5.873, 5.703, 4.789, 4.227, 4.019, 4.001, 4.368, 4.024, 3.748, 3.959, 4.492, 4.391, 3.485, 3.369, 3.455, 3.464, 3.518, 4.0, 5.505, 6.922, 6.732, 5.979, 5.742, 5.939, 5.93, 6.297, 7.587, 9.807, 12.185, 13.571, 10.455, 5.484, 2.731, 2.545, 3.096, 3.148, 3.918, 4.427, 5.145, 4.838, 4.015, 4.175], [3.122, 2.925, 2.458, 2.156, 1.655, 1.113, 0.85, 0.0, 1.391, 1.987, 2.245, 2.33, 1.813, 2.238, 2.978, 3.209, 3.762, 4.392, 4.913, 5.03, 5.195, 6.991, 11.108, 15.342, 15.05, 12.868, 12.132, 12.196, 12.747, 14.218, 15.882, 14.764, 12.516, 11.966, 13.215, 14.016, 12.792, 11.579, 10.795, 10.656, 10.722, 10.701, 11.597, 13.431, 14.716, 14.799, 15.237, 15.955, 17.275, 19.133, 19.901, 19.586, 18.276, 17.089, 15.563, 13.402, 12.386, 11.951, 11.753, 12.479, 12.603, 11.487, 10.826, 10.471, 10.547, 11.055, 10.758, 10.047, 10.335, 10.516, 10.022, 10.002, 10.134, 11.06, 11.692, 12.298, 12.533, 12.043, 10.95, 10.587, 11.306, 12.265, 12.025, 12.017, 11.688, 11.251, 10.751, 9.286, 8.264, 8.556, 9.579, 10.423, 11.173, 11.95, 15.056, 17.443, 17.255, 15.189, 13.418, 11.518, 9.673, 7.822, 6.467, 6.047, 6.564, 7.764, 8.374, 7.948, 7.722, 8.554, 8.946, 6.874, 4.899, 4.511, 5.416, 5.708, 5.62, 5.43, 4.522, 4.061, 3.863, 3.835, 4.222, 3.822, 3.563, 3.941, 4.434, 4.319, 3.421, 3.291, 3.374, 3.45, 3.559, 3.955, 5.29, 6.634, 6.408, 5.689, 5.522, 5.652, 5.752, 6.006, 7.26, 9.429, 11.859, 13.258, 10.15, 5.23, 2.666, 2.628, 3.133, 3.137, 3.963, 4.321, 5.012, 4.613, 3.817, 4.049], [3.287, 2.505, 2.046, 2.091, 1.871, 1.291, 1.358, 1.391, 0.0, 1.242, 1.935, 2.217, 1.924, 2.388, 2.974, 3.468, 3.736, 4.736, 4.936, 5.117, 5.272, 7.136, 11.207, 15.493, 15.079, 12.91, 12.201, 12.225, 12.839, 14.23, 15.909, 14.82, 12.519, 11.993, 13.224, 14.011, 12.786, 11.592, 10.801, 10.664, 10.724, 10.709, 11.619, 13.442, 14.727, 14.805, 15.241, 15.961, 17.286, 19.145, 19.907, 19.604, 18.291, 17.117, 15.658, 13.509, 12.45, 12.135, 11.994, 12.623, 12.695, 11.66, 10.932, 10.485, 10.554, 11.064, 10.773, 10.25, 10.346, 10.527, 10.037, 10.048, 10.449, 11.148, 11.705, 12.309, 12.548, 12.185, 11.113, 11.074, 11.732, 12.495, 12.424, 12.346, 12.001, 11.685, 11.191, 9.651, 8.628, 8.857, 9.901, 10.917, 11.584, 12.131, 15.206, 17.455, 17.294, 15.377, 13.785, 12.036, 10.214, 8.342, 7.029, 6.581, 7.103, 8.267, 8.794, 8.382, 8.125, 8.731, 9.193, 6.927, 5.145, 4.892, 5.822, 6.115, 6.144, 5.959, 4.915, 4.153, 3.794, 3.793, 4.037, 3.523, 3.172, 3.699, 4.169, 4.108, 3.467, 3.198, 3.268, 3.346, 3.314, 3.468, 5.061, 6.661, 6.485, 5.705, 5.734, 5.787, 5.93, 6.238, 7.463, 9.49, 12.1, 13.27, 10.177, 5.249, 2.771, 2.816, 3.459, 3.236, 3.817, 4.041, 4.746, 4.584, 3.839, 4.095], [2.788, 1.952, 1.633, 2.034, 2.015, 1.449, 1.814, 1.987, 1.242, 0.0, 1.384, 1.768, 1.841, 2.776, 3.3, 3.763, 4.33, 5.157, 5.491, 5.67, 5.837, 7.699, 11.772, 16.002, 15.687, 13.525, 12.777, 12.814, 13.432, 14.866, 16.537, 15.416, 13.151, 12.625, 13.825, 14.619, 13.42, 12.239, 11.434, 11.304, 11.368, 11.352, 12.252, 14.085, 15.367, 15.448, 15.884, 16.605, 17.929, 19.788, 20.55, 20.227, 18.923, 17.744, 16.216, 14.101, 13.035, 12.63, 12.473, 13.139, 13.279, 12.194, 11.498, 11.121, 11.195, 11.703, 11.41, 10.786, 10.991, 11.161, 10.674, 10.654, 10.883, 11.701, 12.343, 12.942, 13.177, 12.716, 11.615, 11.415, 12.121, 12.974, 12.858, 12.776, 12.417, 12.041, 11.544, 10.048, 9.035, 9.32, 10.295, 11.275, 11.974, 12.623, 15.739, 18.082, 17.901, 15.839, 14.179, 12.399, 10.607, 8.73, 7.436, 6.96, 7.513, 8.607, 9.165, 8.744, 8.493, 9.206, 9.639, 7.515, 5.631, 5.344, 6.214, 6.511, 6.518, 6.342, 5.315, 4.257, 3.588, 3.648, 3.985, 3.609, 2.989, 3.279, 3.928, 3.839, 3.084, 2.955, 3.215, 3.167, 3.08, 3.369, 5.559, 7.259, 7.06, 6.261, 6.028, 6.11, 6.187, 6.644, 7.903, 10.107, 12.598, 13.913, 10.794, 5.783, 2.35, 2.29, 2.967, 2.874, 3.529, 3.807, 4.481, 4.342, 3.425, 3.569], [2.57, 2.162, 2.193, 2.578, 2.149, 1.648, 1.819, 2.245, 1.935, 1.384, 0.0, 1.062, 1.971, 3.18, 3.993, 4.429, 5.144, 5.839, 6.271, 6.46, 6.697, 8.509, 12.609, 16.775, 16.534, 14.35, 13.615, 13.682, 14.238, 15.73, 17.411, 16.27, 14.011, 13.479, 14.673, 15.437, 14.267, 13.066, 12.289, 12.158, 12.222, 12.209, 13.119, 14.952, 16.216, 16.312, 16.747, 17.472, 18.794, 20.66, 21.419, 21.102, 19.775, 18.593, 17.068, 14.886, 13.876, 13.366, 13.195, 13.939, 14.075, 12.977, 12.304, 12.0, 12.072, 12.58, 12.28, 11.58, 11.872, 12.056, 11.554, 11.52, 11.574, 12.527, 13.188, 13.809, 14.055, 13.56, 12.424, 11.982, 12.648, 13.595, 13.289, 13.163, 12.843, 12.309, 11.82, 10.675, 9.594, 10.006, 11.0, 11.737, 12.48, 13.401, 16.485, 18.942, 18.702, 16.556, 14.598, 12.366, 10.384, 8.49, 7.176, 6.704, 7.255, 8.729, 9.478, 8.933, 8.82, 9.901, 10.217, 8.346, 6.334, 5.847, 6.77, 7.077, 6.812, 6.638, 5.625, 4.426, 3.912, 4.09, 4.552, 4.396, 3.607, 3.472, 4.191, 4.17, 3.424, 3.401, 3.737, 3.703, 3.531, 4.193, 6.446, 8.101, 7.923, 7.058, 6.732, 6.8, 6.703, 7.221, 8.57, 10.924, 13.383, 14.794, 11.685, 6.655, 2.637, 2.161, 2.644, 2.88, 3.621, 4.086, 5.09, 4.756, 3.684, 3.945], [2.606, 2.089, 1.915, 2.23, 1.847, 1.845, 2.058, 2.33, 2.217, 1.768, 1.062, 0.0, 1.764, 2.843, 3.626, 4.052, 4.767, 5.445, 5.883, 6.075, 6.308, 8.119, 12.224, 16.389, 16.148, 13.964, 13.232, 13.296, 13.852, 15.345, 17.026, 15.885, 13.625, 13.094, 14.288, 15.052, 13.881, 12.68, 11.903, 11.773, 11.837, 11.824, 12.734, 14.566, 15.831, 15.927, 16.361, 17.087, 18.409, 20.275, 21.034, 20.716, 19.388, 18.207, 16.682, 14.5, 13.486, 12.981, 12.81, 13.554, 13.69, 12.591, 11.918, 11.635, 11.683, 12.191, 11.891, 11.191, 11.492, 11.676, 11.186, 11.148, 11.269, 12.26, 12.929, 13.494, 13.675, 13.174, 12.059, 11.623, 12.269, 13.164, 12.885, 12.739, 12.452, 11.932, 11.399, 10.289, 9.194, 9.62, 10.614, 11.322, 12.094, 13.016, 16.099, 18.556, 18.317, 16.167, 14.185, 11.917, 9.858, 8.002, 6.821, 6.353, 6.971, 8.267, 9.073, 8.577, 8.439, 9.497, 9.825, 7.961, 5.929, 5.443, 6.364, 6.692, 6.403, 6.201, 5.266, 4.199, 3.68, 3.756, 4.243, 4.047, 3.372, 3.104, 3.721, 3.694, 2.937, 2.96, 3.31, 3.356, 3.139, 3.989, 6.067, 7.716, 7.536, 6.71, 6.423, 6.541, 6.539, 6.842, 8.212, 10.539, 12.997, 14.407, 11.301, 6.286, 2.351, 1.94, 2.353, 2.534, 3.256, 3.637, 4.713, 4.386, 3.25, 3.549], [3.53, 2.597, 1.627, 1.288, 1.25, 1.546, 1.77, 1.813, 1.924, 1.841, 1.971, 1.764, 0.0, 1.333, 2.192, 2.593, 3.231, 3.946, 4.335, 4.528, 4.764, 6.607, 10.675, 14.854, 14.6, 12.439, 11.675, 11.744, 12.305, 13.789, 15.46, 14.32, 12.075, 11.537, 12.759, 13.553, 12.34, 11.157, 10.355, 10.231, 10.288, 10.275, 11.175, 13.009, 14.293, 14.371, 14.807, 15.528, 16.852, 18.711, 19.473, 19.15, 17.818, 16.659, 15.126, 12.952, 11.945, 11.425, 11.263, 12.005, 12.142, 11.056, 10.38, 10.082, 10.121, 10.639, 10.33, 9.635, 9.927, 10.119, 9.628, 9.591, 9.724, 10.653, 11.338, 11.92, 12.115, 11.609, 10.486, 10.134, 10.837, 11.662, 11.384, 11.29, 10.962, 10.481, 9.996, 8.812, 7.67, 8.182, 9.082, 9.979, 10.627, 11.493, 14.55, 17.01, 16.764, 14.661, 12.725, 10.886, 9.149, 7.455, 6.178, 5.804, 6.265, 7.154, 7.691, 7.167, 6.937, 8.019, 8.325, 6.418, 4.397, 4.071, 4.85, 5.234, 5.165, 5.117, 4.126, 3.623, 3.164, 3.13, 3.535, 3.099, 2.722, 3.33, 3.737, 3.497, 2.687, 2.472, 2.541, 2.695, 2.906, 3.199, 4.574, 6.149, 6.003, 5.342, 5.072, 5.436, 5.485, 5.703, 6.867, 8.997, 11.457, 12.836, 9.731, 4.705, 2.087, 2.358, 2.719, 2.749, 3.56, 3.569, 4.092, 3.502, 2.78, 3.036], [4.406, 3.446, 2.112, 1.535, 1.761, 2.278, 2.342, 2.238, 2.388, 2.776, 3.18, 2.843, 1.333, 0.0, 1.691, 1.944, 2.32, 2.818, 3.191, 3.361, 3.724, 5.641, 9.501, 13.7, 13.416, 11.235, 10.507, 10.638, 11.192, 12.643, 14.28, 13.143, 10.902, 10.373, 11.653, 12.447, 11.23, 9.952, 9.175, 9.099, 9.167, 9.123, 10.024, 11.844, 13.138, 13.2, 13.653, 14.356, 15.709, 17.531, 18.296, 17.97, 16.643, 15.461, 13.96, 11.777, 10.807, 10.255, 10.084, 10.869, 11.041, 9.905, 9.256, 8.881, 8.955, 9.46, 9.147, 8.442, 8.731, 8.914, 8.476, 8.425, 8.66, 9.56, 10.228, 10.741, 10.938, 10.503, 9.448, 9.194, 9.844, 10.505, 10.266, 10.287, 9.877, 9.584, 9.112, 7.933, 6.838, 7.312, 8.04, 8.941, 9.429, 10.29, 13.355, 15.829, 15.589, 13.555, 11.708, 10.25, 8.62, 7.3, 5.853, 5.572, 5.866, 6.549, 6.841, 6.511, 6.065, 7.005, 7.222, 5.332, 3.395, 3.239, 3.919, 4.271, 4.409, 4.394, 3.619, 3.877, 3.531, 3.397, 3.678, 3.08, 2.737, 3.731, 3.872, 3.675, 3.009, 2.776, 2.605, 2.979, 3.437, 3.392, 3.608, 4.999, 4.932, 4.556, 4.539, 5.282, 5.42, 5.428, 6.286, 7.981, 10.397, 11.665, 8.539, 3.733, 2.523, 2.997, 3.163, 3.083, 3.773, 3.327, 3.657, 2.998, 2.696, 2.932], [5.005, 3.926, 2.523, 1.66, 2.166, 3.002, 3.179, 2.978, 2.974, 3.3, 3.993, 3.626, 2.192, 1.691, 0.0, 0.993, 1.45, 2.301, 2.429, 2.657, 2.904, 4.535, 8.664, 12.927, 12.568, 10.387, 9.68, 9.722, 10.26, 11.755, 13.433, 12.312, 10.032, 9.5, 10.716, 11.51, 10.293, 9.104, 8.316, 8.183, 8.244, 8.231, 9.141, 10.973, 12.245, 12.334, 12.768, 13.494, 14.816, 16.682, 17.44, 17.123, 15.804, 14.631, 13.123, 10.93, 9.914, 9.533, 9.341, 10.014, 10.104, 9.016, 8.339, 8.039, 8.107, 8.612, 8.304, 7.595, 7.894, 8.11, 7.608, 7.561, 7.823, 8.721, 9.409, 9.957, 10.113, 9.591, 8.558, 8.356, 8.996, 9.835, 9.656, 9.605, 9.263, 8.868, 8.369, 6.933, 6.007, 6.179, 7.165, 8.1, 8.791, 9.509, 12.612, 14.976, 14.777, 12.736, 11.004, 9.309, 7.807, 7.307, 5.78, 5.515, 5.619, 5.911, 6.033, 5.746, 5.355, 6.071, 6.518, 4.373, 2.46, 2.612, 3.212, 3.346, 3.387, 3.335, 3.4, 3.789, 3.419, 3.088, 3.143, 2.761, 2.622, 3.638, 3.834, 3.667, 3.008, 2.831, 2.774, 3.174, 3.666, 3.439, 3.405, 4.573, 5.033, 4.721, 4.571, 5.253, 5.428, 5.306, 5.926, 7.056, 9.407, 10.818, 7.746, 2.826, 2.713, 3.6, 3.894, 3.771, 4.389, 3.628, 3.158, 2.845, 2.786, 2.931], [5.374, 4.308, 2.849, 2.118, 2.507, 3.315, 3.363, 3.209, 3.468, 3.763, 4.429, 4.052, 2.593, 1.944, 0.993, 0.0, 1.136, 1.772, 2.05, 2.182, 2.457, 4.199, 8.243, 12.53, 12.152, 10.026, 9.314, 9.332, 9.852, 11.323, 13.004, 11.863, 9.605, 9.071, 10.327, 11.123, 9.895, 8.714, 7.892, 7.756, 7.811, 7.802, 8.712, 10.544, 11.827, 11.905, 12.339, 13.065, 14.387, 16.253, 17.011, 16.694, 15.393, 14.215, 12.721, 10.505, 9.519, 9.107, 8.941, 9.583, 9.702, 8.692, 7.926, 7.601, 7.677, 8.176, 7.888, 7.222, 7.497, 7.709, 7.206, 7.159, 7.5, 8.309, 8.997, 9.547, 9.71, 9.247, 8.143, 7.992, 8.639, 9.499, 9.345, 9.302, 8.934, 8.538, 8.045, 6.665, 5.85, 5.919, 6.718, 7.695, 8.395, 9.125, 12.22, 14.54, 14.305, 12.388, 10.688, 9.021, 7.595, 7.09, 5.565, 5.307, 5.406, 5.667, 5.815, 5.596, 5.083, 5.75, 6.188, 3.969, 2.155, 2.315, 2.84, 2.944, 3.053, 3.03, 3.319, 3.941, 3.62, 3.182, 3.25, 2.838, 2.61, 3.668, 3.755, 3.6, 2.932, 2.738, 2.68, 3.096, 3.664, 3.34, 3.27, 4.096, 4.596, 4.294, 4.3, 5.085, 5.262, 5.156, 5.753, 6.804, 9.048, 10.413, 7.342, 2.59, 2.801, 3.875, 3.879, 3.916, 4.43, 3.462, 2.902, 2.777, 2.602, 2.852], [5.908, 4.795, 3.221, 2.661, 3.171, 3.94, 3.999, 3.762, 3.736, 4.33, 5.144, 4.767, 3.231, 2.32, 1.45, 1.136, 0.0, 1.475, 1.589, 1.663, 1.822, 3.535, 7.642, 12.051, 11.512, 9.421, 8.807, 8.813, 9.29, 10.648, 12.274, 11.21, 8.965, 8.394, 9.804, 10.605, 9.362, 8.132, 7.286, 7.204, 7.244, 7.152, 7.989, 9.824, 11.223, 11.226, 11.661, 12.356, 13.685, 15.522, 16.303, 16.025, 14.679, 13.559, 11.989, 9.92, 9.047, 8.514, 8.488, 9.056, 9.213, 8.219, 7.534, 7.066, 7.155, 7.581, 7.164, 6.637, 6.761, 7.097, 6.578, 6.617, 7.273, 7.87, 8.462, 9.02, 9.132, 8.705, 7.748, 7.781, 8.459, 9.062, 9.003, 8.946, 8.61, 8.292, 7.792, 6.293, 5.468, 5.526, 6.372, 7.477, 8.009, 8.656, 11.67, 13.906, 13.707, 11.988, 10.385, 8.832, 7.441, 6.927, 5.415, 5.172, 5.271, 5.528, 5.516, 5.311, 4.781, 5.339, 5.805, 3.501, 1.877, 2.055, 2.602, 2.678, 2.882, 2.799, 3.142, 3.944, 3.556, 3.149, 3.065, 2.606, 2.39, 3.635, 3.548, 3.195, 2.876, 2.615, 2.571, 3.117, 3.583, 3.028, 2.73, 3.421, 3.963, 3.775, 3.999, 4.807, 5.091, 4.878, 5.386, 6.278, 8.489, 9.708, 6.705, 2.031, 2.983, 4.381, 4.472, 4.325, 4.614, 3.316, 2.543, 2.677, 2.625, 2.822], [6.55, 5.585, 4.103, 3.453, 3.887, 4.658, 4.681, 4.392, 4.736, 5.157, 5.839, 5.445, 3.946, 2.818, 2.301, 1.772, 1.475, 0.0, 1.029, 1.301, 1.626, 3.494, 7.074, 11.331, 10.853, 8.721, 8.119, 8.139, 8.555, 9.989, 11.587, 10.529, 8.216, 7.705, 9.155, 9.961, 8.706, 7.444, 6.594, 6.546, 6.602, 6.511, 7.337, 9.21, 10.534, 10.525, 10.964, 11.679, 13.045, 14.84, 15.605, 15.312, 14.039, 12.927, 11.278, 9.169, 8.388, 7.749, 7.647, 8.348, 8.505, 7.453, 6.864, 6.506, 6.522, 6.957, 6.61, 5.892, 6.193, 6.508, 6.089, 5.989, 6.368, 7.21, 7.859, 8.346, 8.504, 8.013, 7.398, 7.137, 7.716, 8.308, 8.15, 8.23, 7.942, 7.555, 7.193, 6.123, 5.432, 5.456, 5.883, 6.646, 7.09, 7.867, 10.935, 13.211, 13.03, 11.244, 9.738, 8.588, 7.282, 6.67, 5.149, 4.925, 5.006, 5.344, 5.385, 5.212, 4.498, 4.869, 5.023, 2.904, 1.664, 1.872, 2.012, 2.357, 2.659, 2.747, 3.285, 4.084, 3.737, 3.401, 3.452, 2.891, 3.05, 4.475, 4.38, 3.997, 3.416, 3.255, 3.219, 3.832, 4.407, 3.515, 2.811, 3.08, 3.551, 3.456, 3.794, 4.655, 4.844, 4.73, 5.347, 6.327, 7.91, 9.015, 6.015, 2.219, 3.597, 5.131, 5.022, 4.787, 5.088, 3.728, 2.512, 2.474, 2.899, 2.994], [6.995, 5.919, 4.36, 3.786, 4.318, 5.057, 5.146, 4.913, 4.936, 5.491, 6.271, 5.883, 4.335, 3.191, 2.429, 2.05, 1.589, 1.029, 0.0, 0.795, 1.228, 3.074, 6.552, 10.949, 10.419, 8.322, 7.694, 7.713, 8.136, 9.54, 11.145, 10.116, 7.788, 7.249, 8.71, 9.518, 8.261, 7.022, 6.171, 6.101, 6.156, 6.054, 6.878, 8.753, 10.089, 10.09, 10.509, 11.221, 12.588, 14.393, 15.17, 14.878, 13.608, 12.491, 10.847, 8.775, 7.975, 7.384, 7.317, 7.954, 8.075, 7.074, 6.591, 6.218, 6.256, 6.651, 6.296, 5.648, 5.851, 6.195, 5.804, 5.664, 6.299, 6.9, 7.52, 8.02, 8.119, 7.716, 7.107, 7.055, 7.649, 8.032, 7.905, 7.962, 7.564, 7.375, 7.012, 5.744, 5.058, 5.092, 5.635, 6.532, 6.882, 7.502, 10.563, 12.766, 12.625, 10.856, 9.463, 8.348, 7.075, 6.598, 5.116, 4.943, 4.996, 5.08, 5.042, 4.873, 4.174, 4.487, 4.657, 2.603, 1.594, 1.815, 2.015, 2.192, 2.502, 2.431, 3.053, 3.8, 3.444, 3.093, 2.966, 2.475, 3.19, 4.655, 4.54, 4.047, 3.778, 3.506, 3.32, 3.971, 4.534, 3.471, 2.389, 2.781, 3.285, 3.158, 3.638, 4.533, 4.805, 4.545, 5.03, 5.768, 7.612, 8.583, 5.591, 1.927, 3.929, 5.504, 5.424, 5.12, 5.25, 3.855, 2.206, 2.207, 2.987, 2.998], [7.164, 6.095, 4.502, 3.971, 4.497, 5.237, 5.293, 5.03, 5.117, 5.67, 6.46, 6.075, 4.528, 3.361, 2.657, 2.182, 1.663, 1.301, 0.795, 0.0, 0.927, 2.895, 6.462, 10.883, 10.373, 8.289, 7.678, 7.643, 7.999, 9.412, 11.0, 9.978, 7.638, 7.105, 8.606, 9.435, 8.164, 6.913, 6.061, 6.013, 6.055, 5.952, 6.697, 8.583, 9.951, 9.94, 10.366, 11.045, 12.408, 14.204, 14.978, 14.728, 13.47, 12.361, 10.73, 8.68, 7.88, 7.307, 7.265, 7.869, 8.018, 7.018, 6.515, 6.11, 6.155, 6.562, 6.205, 5.518, 5.671, 6.057, 5.608, 5.575, 6.22, 6.791, 7.45, 7.965, 8.096, 7.601, 6.962, 6.94, 7.547, 7.982, 7.81, 7.825, 7.432, 7.215, 6.826, 5.53, 4.893, 4.876, 5.404, 6.364, 6.779, 7.443, 10.463, 12.639, 12.515, 10.815, 9.284, 8.113, 6.82, 6.301, 4.815, 4.639, 4.729, 4.89, 4.859, 4.689, 4.003, 4.311, 4.615, 2.387, 1.253, 1.654, 1.884, 2.04, 2.347, 2.32, 2.792, 3.606, 3.342, 3.058, 2.808, 2.405, 3.311, 4.713, 4.605, 4.111, 3.827, 3.584, 3.396, 4.039, 4.595, 3.51, 2.128, 2.534, 2.994, 2.894, 3.347, 4.258, 4.517, 4.254, 4.744, 5.569, 7.382, 8.458, 5.527, 1.588, 4.086, 5.668, 5.594, 5.312, 5.449, 4.07, 2.411, 2.338, 3.169, 3.145], [7.396, 6.307, 4.686, 4.166, 4.719, 5.47, 5.499, 5.195, 5.272, 5.837, 6.697, 6.308, 4.764, 3.724, 2.904, 2.457, 1.822, 1.626, 1.228, 0.927, 0.0, 2.585, 6.413, 10.838, 10.287, 8.301, 7.682, 7.508, 8.01, 9.252, 10.81, 9.807, 7.441, 6.905, 8.483, 9.261, 7.978, 6.72, 5.864, 5.826, 5.869, 5.767, 6.505, 8.394, 9.76, 9.74, 10.191, 10.842, 12.219, 14.01, 14.75, 14.516, 13.274, 12.251, 10.73, 8.685, 7.809, 7.28, 7.287, 7.882, 8.024, 7.052, 6.579, 5.987, 5.984, 6.394, 6.044, 5.577, 5.554, 5.871, 5.417, 5.515, 6.264, 6.782, 7.333, 7.892, 8.015, 7.599, 6.856, 6.839, 7.459, 7.955, 7.849, 7.781, 7.478, 7.11, 6.665, 5.402, 4.579, 4.644, 5.292, 6.257, 6.794, 7.438, 10.409, 12.459, 12.372, 10.817, 9.231, 7.944, 6.55, 5.966, 4.518, 4.356, 4.395, 4.502, 4.627, 4.439, 3.808, 4.264, 4.649, 2.321, 1.349, 1.657, 1.837, 1.999, 2.277, 2.381, 2.79, 3.601, 3.411, 3.131, 2.823, 2.558, 3.403, 4.755, 4.63, 4.227, 4.009, 3.717, 3.411, 4.146, 4.656, 3.578, 2.112, 2.536, 2.815, 2.854, 3.161, 3.988, 4.23, 3.928, 4.408, 5.255, 7.23, 8.325, 5.405, 1.769, 4.275, 5.886, 5.865, 5.657, 5.727, 4.358, 2.646, 2.66, 3.409, 3.278], [9.212, 8.146, 6.602, 6.007, 6.536, 7.274, 7.289, 6.991, 7.136, 7.699, 8.509, 8.119, 6.607, 5.641, 4.535, 4.199, 3.535, 3.494, 3.074, 2.895, 2.585, 0.0, 4.449, 8.917, 8.366, 6.366, 5.757, 5.728, 6.171, 7.513, 8.963, 7.977, 5.719, 5.183, 6.657, 7.463, 6.208, 4.948, 4.119, 4.077, 4.103, 3.991, 4.742, 6.65, 8.036, 7.997, 8.447, 9.134, 10.493, 12.226, 13.037, 12.724, 11.452, 10.416, 8.775, 6.748, 5.942, 5.342, 5.283, 5.921, 6.057, 5.049, 4.663, 4.44, 4.393, 4.614, 4.228, 3.757, 4.056, 4.181, 3.714, 3.715, 4.264, 4.898, 5.516, 6.019, 6.142, 5.643, 4.768, 4.709, 5.357, 5.94, 5.866, 5.786, 5.486, 5.094, 4.596, 3.126, 2.737, 2.497, 3.186, 4.227, 4.778, 5.456, 8.447, 10.737, 10.549, 8.832, 7.206, 5.628, 4.887, 4.71, 3.621, 3.604, 3.301, 2.852, 2.432, 2.194, 1.801, 2.267, 2.709, 1.999, 2.512, 3.086, 2.569, 2.05, 2.367, 2.859, 3.674, 4.775, 5.115, 4.835, 4.451, 4.497, 5.321, 6.645, 6.672, 6.175, 5.838, 5.56, 5.465, 6.247, 6.728, 5.678, 3.172, 2.349, 2.286, 2.817, 2.777, 2.99, 3.14, 2.852, 2.998, 3.468, 5.236, 6.579, 3.619, 2.698, 6.092, 7.709, 7.804, 7.609, 7.938, 6.505, 4.707, 4.635, 5.413, 5.021], [13.283, 12.309, 10.773, 10.152, 10.674, 11.423, 11.446, 11.108, 11.207, 11.772, 12.609, 12.224, 10.675, 9.501, 8.664, 8.243, 7.642, 7.074, 6.552, 6.462, 6.413, 4.449, 0.0, 4.56, 4.143, 2.452, 2.054, 2.219, 2.593, 3.432, 4.92, 3.67, 1.741, 1.357, 2.373, 3.269, 3.673, 4.049, 3.563, 3.246, 3.071, 2.537, 2.221, 2.997, 4.045, 3.997, 4.386, 4.973, 6.307, 8.125, 8.874, 8.509, 7.217, 6.102, 4.603, 2.702, 2.473, 1.752, 1.598, 1.998, 3.01, 3.087, 3.21, 3.132, 3.288, 2.871, 2.471, 2.437, 2.751, 3.039, 3.345, 2.71, 2.954, 3.133, 2.896, 2.902, 2.84, 2.685, 2.157, 2.316, 2.701, 2.418, 2.497, 2.992, 2.638, 2.661, 2.771, 2.528, 3.569, 3.099, 2.508, 2.382, 1.977, 2.059, 4.079, 6.494, 6.242, 4.555, 3.425, 2.736, 4.404, 6.192, 6.663, 6.877, 6.044, 4.573, 3.68, 3.932, 3.987, 3.045, 3.665, 4.823, 6.393, 6.88, 6.04, 5.631, 5.964, 6.354, 7.371, 8.506, 8.879, 8.625, 8.249, 8.298, 9.485, 10.961, 10.798, 10.349, 10.131, 9.868, 9.706, 10.223, 10.774, 9.673, 6.775, 5.11, 5.115, 5.813, 6.118, 6.051, 6.218, 5.777, 4.491, 2.421, 1.766, 2.419, 2.493, 6.429, 10.232, 11.845, 11.769, 11.449, 11.339, 9.918, 8.058, 7.972, 9.283, 9.043], [17.728, 16.667, 15.137, 14.468, 14.955, 15.692, 15.684, 15.342, 15.493, 16.002, 16.775, 16.389, 14.854, 13.7, 12.927, 12.53, 12.051, 11.331, 10.949, 10.883, 10.838, 8.917, 4.56, 0.0, 1.162, 2.714, 3.336, 3.59, 3.106, 2.003, 1.672, 2.159, 3.754, 4.274, 2.967, 2.495, 3.958, 5.001, 5.686, 5.494, 5.338, 5.4, 4.741, 3.389, 2.805, 2.418, 2.369, 2.622, 2.393, 3.895, 4.657, 4.366, 3.132, 2.19, 1.481, 2.488, 3.488, 4.087, 4.043, 3.275, 3.239, 3.961, 4.722, 5.555, 5.875, 5.434, 5.55, 5.772, 6.012, 6.112, 6.356, 5.738, 5.455, 4.893, 4.244, 3.573, 3.233, 3.676, 4.487, 4.9, 4.302, 3.385, 3.515, 3.716, 3.993, 4.515, 5.098, 6.256, 7.388, 7.242, 6.117, 5.391, 4.847, 4.272, 2.256, 2.412, 2.266, 2.255, 3.814, 5.842, 7.889, 9.734, 10.447, 10.829, 9.95, 8.484, 7.548, 7.918, 7.982, 7.02, 6.581, 8.662, 10.57, 10.962, 10.049, 9.748, 10.048, 10.311, 11.363, 12.495, 12.907, 12.716, 12.474, 12.532, 13.976, 15.468, 15.318, 14.881, 14.657, 14.414, 14.156, 14.543, 15.246, 14.174, 11.249, 9.316, 9.554, 10.144, 10.182, 10.144, 10.2, 9.667, 8.378, 6.28, 3.997, 3.289, 5.923, 10.76, 14.621, 16.102, 16.044, 15.824, 15.566, 14.138, 12.498, 12.184, 13.436, 13.3], [17.288, 16.184, 14.631, 14.045, 14.576, 15.338, 15.352, 15.05, 15.079, 15.687, 16.534, 16.148, 14.6, 13.416, 12.568, 12.152, 11.512, 10.853, 10.419, 10.373, 10.287, 8.366, 4.143, 1.162, 0.0, 2.291, 3.002, 3.144, 2.732, 1.859, 1.851, 2.301, 3.531, 3.873, 2.948, 2.665, 3.995, 4.857, 5.442, 5.355, 5.161, 5.075, 4.522, 3.375, 2.877, 2.184, 2.422, 2.759, 2.827, 4.128, 4.889, 4.595, 3.413, 2.562, 1.492, 2.274, 3.497, 4.024, 4.019, 3.256, 3.044, 3.623, 4.38, 4.988, 5.375, 4.97, 5.059, 5.233, 5.435, 5.54, 5.808, 5.207, 5.09, 4.368, 3.74, 3.047, 2.699, 3.2, 4.147, 4.608, 4.006, 3.107, 3.356, 3.577, 3.87, 4.384, 4.988, 6.105, 7.331, 6.943, 5.937, 5.416, 4.837, 4.3, 2.4, 2.57, 2.64, 2.704, 4.089, 6.071, 8.006, 9.837, 10.433, 10.74, 9.896, 8.409, 7.484, 7.779, 7.849, 6.828, 6.452, 8.276, 10.252, 10.743, 9.819, 9.466, 9.79, 10.194, 11.25, 12.386, 12.753, 12.493, 12.103, 12.202, 13.419, 14.876, 14.727, 14.294, 14.151, 13.854, 13.56, 13.978, 14.653, 13.582, 10.656, 8.779, 8.989, 9.641, 9.986, 9.913, 10.05, 9.585, 8.255, 6.048, 3.782, 3.067, 5.416, 10.211, 14.192, 15.781, 15.702, 15.38, 15.084, 13.575, 11.913, 11.896, 13.193, 12.961], [15.152, 14.055, 12.496, 11.852, 12.461, 13.211, 13.231, 12.868, 12.91, 13.525, 14.35, 13.964, 12.439, 11.235, 10.387, 10.026, 9.421, 8.721, 8.322, 8.289, 8.301, 6.366, 2.452, 2.714, 2.291, 0.0, 1.023, 1.297, 1.391, 1.912, 3.066, 2.043, 2.034, 2.338, 1.585, 1.759, 2.402, 3.051, 3.592, 3.506, 3.346, 3.223, 2.713, 2.026, 2.404, 2.533, 3.072, 3.344, 4.498, 6.318, 7.07, 6.773, 5.451, 4.265, 2.83, 1.16, 1.662, 2.275, 2.416, 1.737, 2.055, 2.028, 2.357, 2.922, 3.351, 2.935, 2.989, 3.102, 3.357, 3.462, 3.762, 3.121, 2.934, 2.529, 1.804, 1.435, 1.145, 1.436, 2.074, 2.433, 1.962, 1.423, 1.572, 2.101, 2.233, 2.458, 3.03, 4.15, 5.346, 4.995, 4.049, 3.489, 3.123, 2.68, 2.471, 4.612, 4.421, 2.924, 3.242, 4.52, 6.316, 8.006, 8.468, 8.78, 7.926, 6.446, 5.492, 5.8, 5.816, 4.765, 4.487, 6.276, 8.214, 8.696, 7.755, 7.398, 7.745, 8.24, 9.292, 10.423, 10.766, 10.501, 10.08, 10.186, 11.4, 12.833, 12.666, 12.185, 12.008, 11.723, 11.462, 11.902, 12.556, 11.485, 8.559, 6.786, 7.033, 7.659, 7.941, 7.817, 7.977, 7.522, 6.209, 4.125, 2.255, 1.823, 3.401, 8.087, 12.045, 13.657, 13.581, 13.243, 13.012, 11.51, 9.837, 9.703, 11.024, 10.831], [14.537, 13.423, 11.873, 11.194, 11.692, 12.46, 12.474, 12.132, 12.201, 12.777, 13.615, 13.232, 11.675, 10.507, 9.68, 9.314, 8.807, 8.119, 7.694, 7.678, 7.682, 5.757, 2.054, 3.336, 3.002, 1.023, 0.0, 1.077, 1.624, 2.446, 3.846, 2.701, 1.777, 1.945, 1.675, 2.035, 2.457, 3.004, 3.234, 3.042, 2.879, 2.735, 2.216, 1.973, 2.726, 2.841, 3.344, 3.929, 5.203, 7.051, 7.817, 7.493, 6.17, 5.025, 3.554, 1.702, 1.376, 1.837, 1.902, 1.449, 1.892, 1.801, 2.135, 2.541, 3.093, 2.547, 2.551, 2.515, 2.857, 2.972, 3.215, 2.595, 2.269, 2.246, 1.648, 1.381, 1.387, 1.662, 1.666, 1.79, 1.749, 1.498, 1.6, 2.092, 2.194, 2.003, 2.453, 3.485, 4.627, 4.35, 3.34, 2.832, 2.415, 2.101, 3.045, 5.347, 5.13, 3.405, 3.335, 3.95, 5.663, 7.253, 7.763, 8.065, 7.217, 5.734, 4.797, 5.081, 5.107, 4.044, 3.752, 5.596, 7.502, 7.96, 7.027, 6.691, 7.026, 7.537, 8.567, 9.692, 10.035, 9.762, 9.396, 9.457, 10.804, 12.226, 12.04, 11.579, 11.371, 11.11, 10.867, 11.367, 11.969, 10.898, 8.009, 6.287, 6.444, 7.056, 7.179, 7.05, 7.197, 6.768, 5.471, 3.515, 2.039, 2.128, 2.91, 7.48, 11.374, 12.895, 12.837, 12.619, 12.425, 10.986, 9.257, 9.034, 10.31, 10.108], [14.602, 13.394, 11.768, 11.146, 11.765, 12.523, 12.542, 12.196, 12.225, 12.814, 13.682, 13.296, 11.744, 10.638, 9.722, 9.332, 8.813, 8.139, 7.713, 7.643, 7.508, 5.728, 2.219, 3.59, 3.144, 1.297, 1.077, 0.0, 0.964, 2.107, 3.818, 2.81, 1.779, 1.886, 1.745, 2.038, 2.41, 3.119, 3.28, 3.188, 3.108, 2.862, 2.187, 1.939, 2.706, 2.886, 3.396, 3.936, 5.135, 7.001, 7.76, 7.506, 6.232, 5.076, 3.709, 1.71, 1.552, 2.002, 2.073, 1.458, 2.068, 2.016, 2.401, 2.752, 2.954, 2.668, 2.726, 2.641, 2.696, 2.967, 3.114, 2.601, 2.32, 1.947, 1.567, 1.38, 1.452, 1.364, 1.703, 1.942, 1.633, 1.506, 1.712, 2.047, 2.1, 1.957, 2.37, 3.462, 4.66, 4.385, 3.391, 2.901, 2.582, 2.188, 3.317, 5.301, 5.268, 3.501, 3.182, 3.897, 5.561, 7.309, 7.77, 8.098, 7.243, 5.765, 4.813, 5.119, 5.133, 4.1, 4.012, 5.642, 7.605, 8.056, 7.153, 6.771, 7.108, 7.594, 8.686, 9.744, 10.085, 9.811, 9.402, 9.506, 10.706, 12.046, 11.849, 11.495, 11.386, 11.064, 10.692, 11.294, 11.864, 10.75, 7.952, 6.43, 6.391, 7.062, 7.23, 7.096, 7.253, 6.791, 5.464, 3.418, 1.878, 2.178, 3.001, 7.475, 11.458, 13.019, 12.965, 12.672, 12.599, 11.119, 9.319, 9.288, 10.424, 10.222], [15.044, 13.867, 12.223, 11.704, 12.295, 13.038, 13.068, 12.747, 12.839, 13.432, 14.238, 13.852, 12.305, 11.192, 10.26, 9.852, 9.29, 8.555, 8.136, 7.999, 8.01, 6.171, 2.593, 3.106, 2.732, 1.391, 1.624, 0.964, 0.0, 1.596, 3.256, 2.543, 2.056, 2.259, 2.028, 1.935, 2.714, 3.587, 3.895, 3.894, 3.802, 3.514, 2.572, 2.094, 2.483, 2.596, 2.98, 3.479, 4.562, 6.442, 7.197, 6.968, 5.743, 4.637, 3.129, 1.385, 1.784, 2.251, 2.512, 1.619, 2.112, 2.242, 2.789, 3.34, 3.486, 3.343, 3.417, 3.159, 3.174, 3.428, 3.627, 3.178, 2.855, 1.978, 1.857, 1.502, 1.599, 1.252, 2.068, 2.426, 1.854, 1.488, 1.739, 2.133, 2.097, 2.203, 2.822, 3.934, 5.122, 4.843, 3.826, 3.316, 2.994, 2.525, 2.92, 4.78, 4.765, 3.032, 2.927, 4.209, 5.952, 7.712, 8.244, 8.582, 7.737, 6.25, 5.302, 5.604, 5.627, 4.594, 4.613, 6.213, 8.099, 8.562, 7.66, 7.26, 7.602, 8.05, 9.151, 10.23, 10.584, 10.34, 9.953, 10.019, 11.118, 12.511, 12.388, 11.946, 11.796, 11.483, 11.174, 11.791, 12.368, 11.263, 8.466, 6.942, 6.906, 7.503, 7.745, 7.632, 7.771, 7.304, 5.972, 3.875, 1.843, 2.141, 3.523, 7.939, 11.982, 13.55, 13.471, 13.142, 13.18, 11.7, 9.88, 9.838, 10.961, 10.758], [16.47, 15.332, 13.705, 13.186, 13.754, 14.511, 14.532, 14.218, 14.23, 14.866, 15.73, 15.345, 13.789, 12.643, 11.755, 11.323, 10.648, 9.989, 9.54, 9.412, 9.252, 7.513, 3.432, 2.003, 1.859, 1.912, 2.446, 2.107, 1.596, 0.0, 1.776, 1.684, 2.449, 2.847, 2.168, 2.055, 3.463, 4.312, 4.799, 4.707, 4.595, 4.312, 3.407, 2.596, 2.659, 2.423, 2.681, 2.824, 3.074, 4.937, 5.698, 5.492, 4.261, 3.208, 1.919, 1.713, 2.718, 3.141, 3.223, 2.34, 2.822, 3.254, 3.896, 4.165, 4.423, 4.134, 4.325, 4.401, 4.236, 4.494, 4.634, 4.313, 4.191, 3.352, 2.801, 2.233, 2.115, 2.231, 3.332, 3.826, 3.234, 2.439, 2.661, 2.863, 3.109, 3.64, 4.236, 5.354, 6.535, 6.209, 5.194, 4.571, 4.028, 3.439, 2.327, 3.341, 3.365, 2.176, 3.213, 5.059, 7.095, 8.948, 9.626, 9.987, 9.128, 7.652, 6.698, 7.024, 7.039, 6.005, 5.75, 7.509, 9.503, 9.97, 9.042, 8.695, 9.021, 9.453, 10.52, 11.644, 11.994, 11.717, 11.318, 11.426, 12.456, 13.804, 13.581, 13.262, 13.211, 12.899, 12.472, 12.843, 13.469, 12.392, 9.603, 8.025, 8.067, 8.786, 9.174, 9.087, 9.189, 8.706, 7.35, 5.068, 2.694, 2.124, 4.532, 9.296, 13.377, 14.974, 14.891, 14.564, 14.28, 12.815, 11.021, 11.158, 12.384, 12.183], [18.105, 17.022, 15.384, 14.867, 15.433, 16.184, 16.194, 15.882, 15.909, 16.537, 17.411, 17.026, 15.46, 14.28, 13.433, 13.004, 12.274, 11.587, 11.145, 11.0, 10.81, 8.963, 4.92, 1.672, 1.851, 3.066, 3.846, 3.818, 3.256, 1.776, 0.0, 1.757, 3.633, 4.215, 3.168, 2.549, 4.036, 5.062, 5.701, 5.588, 5.478, 5.502, 4.575, 3.219, 2.845, 2.326, 2.316, 2.266, 1.784, 3.309, 4.11, 3.911, 2.773, 1.928, 1.225, 2.706, 3.856, 4.375, 4.418, 3.741, 3.656, 4.518, 5.122, 5.445, 5.615, 5.243, 5.352, 5.856, 5.701, 5.818, 6.056, 5.911, 5.867, 4.988, 4.294, 3.689, 3.382, 3.898, 5.02, 5.462, 4.845, 3.952, 4.231, 4.465, 4.736, 5.269, 5.85, 6.953, 8.142, 7.727, 6.714, 5.951, 5.31, 4.61, 2.335, 1.977, 2.003, 2.325, 4.125, 6.279, 8.391, 10.344, 11.107, 11.558, 10.649, 9.158, 8.278, 8.632, 8.691, 7.665, 7.33, 9.131, 11.125, 11.628, 10.684, 10.346, 10.656, 11.018, 12.032, 13.22, 13.593, 13.362, 12.943, 13.081, 14.061, 15.284, 15.032, 14.725, 14.667, 14.354, 13.998, 14.196, 14.893, 13.824, 11.061, 9.336, 9.577, 10.404, 10.834, 10.779, 10.869, 10.373, 8.988, 6.64, 4.134, 2.897, 5.874, 10.852, 14.946, 16.583, 16.513, 16.171, 15.693, 14.125, 12.553, 12.744, 14.072, 13.815], [16.879, 15.926, 14.308, 13.791, 14.313, 15.061, 15.081, 14.764, 14.82, 15.416, 16.27, 15.885, 14.32, 13.143, 12.312, 11.863, 11.21, 10.529, 10.116, 9.978, 9.807, 7.977, 3.67, 2.159, 2.301, 2.043, 2.701, 2.81, 2.543, 1.684, 1.757, 0.0, 2.577, 3.198, 2.076, 1.59, 3.127, 4.016, 4.548, 4.509, 4.5, 4.372, 3.597, 2.331, 2.321, 2.277, 2.467, 2.189, 2.76, 4.532, 5.271, 4.964, 3.731, 2.829, 1.879, 1.806, 2.665, 3.166, 3.188, 2.532, 2.944, 3.5, 4.021, 4.492, 4.614, 4.13, 4.287, 4.833, 4.883, 4.988, 5.239, 4.871, 4.816, 4.141, 3.341, 2.953, 2.645, 2.98, 3.868, 4.326, 3.733, 2.87, 3.098, 3.339, 3.567, 4.068, 4.614, 5.715, 6.904, 6.489, 5.487, 4.72, 4.086, 3.411, 1.46, 3.144, 2.924, 1.924, 3.148, 5.047, 7.202, 9.118, 9.88, 10.319, 9.416, 7.929, 7.04, 7.412, 7.523, 6.493, 6.153, 7.954, 9.98, 10.468, 9.546, 9.221, 9.531, 9.813, 10.81, 12.003, 12.423, 12.219, 11.813, 11.905, 13.064, 14.394, 14.12, 13.772, 13.642, 13.381, 13.155, 13.323, 14.021, 12.916, 10.054, 8.252, 8.474, 9.31, 9.666, 9.587, 9.682, 9.186, 7.807, 5.51, 3.055, 1.862, 4.852, 9.805, 13.854, 15.469, 15.418, 15.063, 14.56, 13.124, 11.452, 11.555, 12.931, 12.699], [14.665, 13.629, 11.989, 11.469, 12.056, 12.814, 12.834, 12.516, 12.519, 13.151, 14.011, 13.625, 12.075, 10.902, 10.032, 9.605, 8.965, 8.216, 7.788, 7.638, 7.441, 5.719, 1.741, 3.754, 3.531, 2.034, 1.777, 1.779, 2.056, 2.449, 3.633, 2.577, 0.0, 0.993, 1.484, 2.085, 2.512, 3.224, 3.08, 2.903, 2.769, 2.437, 1.514, 1.741, 2.718, 2.744, 2.979, 3.552, 4.937, 6.747, 7.452, 7.2, 6.093, 5.105, 3.644, 1.963, 1.962, 1.542, 1.309, 1.498, 2.178, 2.623, 2.786, 2.785, 3.021, 2.577, 2.74, 2.809, 2.769, 2.978, 3.327, 2.953, 2.878, 2.841, 2.304, 2.308, 2.506, 2.499, 2.424, 2.739, 2.794, 2.36, 2.475, 2.993, 2.926, 2.823, 2.94, 3.443, 4.631, 4.206, 3.249, 2.608, 2.19, 2.041, 3.2, 5.19, 5.107, 3.648, 3.017, 3.249, 5.2, 7.0, 7.604, 8.037, 7.133, 5.641, 4.757, 5.132, 5.229, 4.182, 4.172, 5.724, 7.713, 8.2, 7.279, 6.954, 7.264, 7.51, 8.529, 9.713, 10.151, 9.952, 9.538, 9.65, 10.651, 12.016, 11.795, 11.451, 11.381, 11.079, 10.727, 11.124, 11.678, 10.619, 7.793, 6.299, 6.221, 6.974, 7.375, 7.303, 7.396, 6.902, 5.546, 3.289, 1.73, 1.616, 2.848, 7.532, 11.614, 13.264, 13.172, 12.756, 12.547, 11.002, 9.225, 9.333, 10.681, 10.438], [14.202, 13.084, 11.455, 10.935, 11.512, 12.267, 12.287, 11.966, 11.993, 12.625, 13.479, 13.094, 11.537, 10.373, 9.5, 9.071, 8.394, 7.705, 7.249, 7.105, 6.905, 5.183, 1.357, 4.274, 3.873, 2.338, 1.945, 1.886, 2.259, 2.847, 4.215, 3.198, 0.993, 0.0, 1.726, 2.553, 2.784, 3.394, 2.924, 2.554, 2.375, 2.038, 1.414, 2.031, 3.072, 3.195, 3.371, 4.043, 5.416, 7.26, 7.962, 7.847, 6.737, 5.764, 4.289, 2.394, 2.167, 1.746, 1.367, 1.572, 2.424, 2.837, 3.0, 2.784, 2.828, 2.693, 2.562, 2.763, 2.518, 2.565, 2.759, 2.469, 2.785, 2.974, 2.487, 2.551, 2.689, 2.628, 2.51, 2.636, 2.957, 2.584, 2.622, 3.08, 3.066, 2.909, 2.906, 2.998, 4.125, 3.634, 2.681, 2.159, 1.794, 1.702, 3.83, 5.747, 5.679, 4.18, 3.422, 3.106, 4.769, 6.568, 7.105, 7.461, 6.563, 5.077, 4.204, 4.585, 4.705, 3.659, 3.705, 5.198, 7.168, 7.655, 6.734, 6.409, 6.719, 6.974, 7.965, 9.149, 9.596, 9.407, 8.993, 9.093, 10.152, 11.495, 11.274, 10.96, 10.901, 10.601, 10.136, 10.59, 11.18, 10.107, 7.34, 5.77, 5.738, 6.424, 6.854, 6.803, 6.918, 6.433, 5.099, 2.925, 2.029, 2.19, 2.256, 7.021, 11.096, 12.702, 12.615, 12.269, 12.047, 10.488, 8.769, 8.883, 10.136, 9.916], [15.602, 14.408, 12.813, 12.148, 12.798, 13.556, 13.585, 13.215, 13.224, 13.825, 14.673, 14.288, 12.759, 11.653, 10.716, 10.327, 9.804, 9.155, 8.71, 8.606, 8.483, 6.657, 2.373, 2.967, 2.948, 1.585, 1.675, 1.745, 2.028, 2.168, 3.168, 2.076, 1.484, 1.726, 0.0, 1.33, 2.362, 3.202, 3.377, 3.27, 3.087, 2.867, 2.293, 1.902, 2.443, 2.623, 2.743, 3.055, 4.288, 6.157, 6.883, 6.597, 5.524, 4.545, 3.191, 1.644, 1.64, 2.089, 1.896, 1.18, 1.82, 2.625, 2.963, 3.269, 3.623, 3.197, 3.313, 3.564, 3.655, 3.726, 3.965, 3.465, 3.356, 3.379, 2.507, 2.159, 2.15, 2.384, 2.765, 3.048, 2.948, 2.374, 2.378, 2.792, 2.907, 2.974, 3.197, 4.008, 5.171, 4.794, 3.818, 3.192, 2.6, 2.026, 2.398, 4.427, 4.243, 2.691, 2.804, 3.48, 5.509, 7.338, 8.061, 8.568, 7.639, 6.104, 5.241, 5.757, 5.864, 4.801, 4.508, 6.375, 8.421, 8.901, 7.983, 7.679, 7.981, 8.176, 9.147, 10.297, 10.786, 10.596, 10.173, 10.356, 11.637, 13.067, 12.907, 12.513, 12.425, 12.111, 11.757, 12.13, 12.834, 11.762, 8.881, 7.046, 7.206, 7.807, 8.005, 7.932, 8.012, 7.524, 6.195, 4.044, 2.312, 1.963, 3.542, 8.476, 12.476, 14.06, 13.989, 13.657, 13.352, 11.801, 10.186, 10.137, 11.389, 11.262], [16.406, 15.23, 13.61, 12.961, 13.6, 14.357, 14.386, 14.016, 14.011, 14.619, 15.437, 15.052, 13.553, 12.447, 11.51, 11.123, 10.605,