[[0.0, 1.579, 1.857, 1.586, 1.387, 2.756, 2.263, 2.903, 3.287, 3.996, 3.0, 2.158, 3.757, 3.836, 4.134, 6.024, 7.34, 8.152, 9.887, 9.61, 7.764, 8.333, 9.548, 8.291, 5.795, 4.108, 3.901, 4.589, 4.843, 5.64, 5.722, 5.934, 5.351, 4.343, 3.791, 4.573, 6.859, 9.12, 10.671, 11.108, 10.784, 11.669, 13.396, 14.853, 14.893, 15.484, 17.205, 18.586, 18.739, 18.882, 18.415, 17.959, 17.81, 17.377, 15.931, 14.397, 13.572, 14.584, 14.967, 14.65, 12.876, 10.626, 6.882, 3.068, 3.399, 3.111, 2.969, 5.053, 8.011, 8.505, 9.386, 11.509, 14.062, 15.313, 14.866, 13.916, 13.882, 13.185, 12.02, 10.94, 9.241, 5.643, 2.715, 3.306, 3.635, 3.646, 3.277, 3.709, 3.094, 2.989, 4.158, 4.001, 3.732, 4.875, 6.171, 6.929, 7.678, 8.584, 9.985, 11.8, 12.65, 12.251, 11.223, 10.567, 10.083, 9.257, 8.395, 5.836, 3.96, 4.318, 5.564, 5.596, 8.044, 10.918, 10.718, 7.974, 6.451, 4.927, 4.098, 4.534, 5.411, 6.138, 6.879, 6.754, 7.627, 8.659, 9.794, 9.097, 9.062, 9.484, 9.493, 9.739, 9.226, 7.046, 5.544, 5.165, 4.734, 4.482, 4.075, 4.313, 3.966, 3.852, 4.608, 5.397, 6.65], [1.579, 0.0, 0.99, 1.361, 1.975, 2.366, 1.903, 3.045, 3.378, 3.404, 2.872, 2.224, 3.301, 3.066, 3.011, 4.806, 6.116, 7.106, 8.761, 8.513, 6.624, 7.212, 8.435, 7.094, 4.479, 2.959, 3.227, 4.138, 4.393, 4.896, 5.118, 4.939, 4.622, 3.554, 3.49, 3.813, 5.874, 8.151, 9.609, 9.991, 9.691, 10.599, 12.315, 13.757, 13.925, 14.675, 16.521, 17.718, 17.692, 17.916, 17.448, 17.466, 17.602, 16.981, 16.07, 14.912, 13.701, 13.717, 14.145, 13.722, 12.153, 10.04, 6.394, 3.522, 4.012, 3.676, 3.603, 5.958, 8.976, 9.477, 10.453, 12.541, 15.039, 16.403, 15.903, 14.986, 14.94, 14.251, 13.095, 11.934, 10.262, 6.632, 3.409, 3.608, 4.03, 4.3, 4.034, 4.218, 3.551, 3.382, 4.411, 3.971, 3.596, 4.559, 5.661, 6.248, 6.862, 7.966, 9.293, 11.07, 11.99, 11.811, 10.983, 10.547, 10.099, 9.672, 8.629, 6.191, 3.628, 3.624, 4.731, 4.69, 6.954, 9.819, 9.622, 6.656, 5.259, 3.663, 3.013, 3.444, 4.305, 4.955, 5.688, 5.572, 6.531, 7.57, 8.779, 8.124, 7.986, 8.35, 8.347, 8.608, 8.089, 5.812, 4.478, 4.308, 3.547, 3.453, 2.895, 3.567, 3.375, 3.202, 4.66, 5.246, 6.198], [1.857, 0.99, 0.0, 1.314, 2.321, 2.699, 1.925, 2.763, 3.102, 3.17, 2.487, 2.06, 3.562, 3.698, 3.315, 4.877, 6.263, 7.644, 9.181, 8.995, 7.101, 7.689, 8.917, 7.466, 4.266, 2.948, 3.336, 4.189, 4.451, 5.339, 5.541, 5.439, 5.252, 4.074, 3.744, 4.313, 6.464, 8.868, 10.083, 10.473, 10.148, 11.118, 12.807, 14.275, 14.466, 15.248, 17.063, 18.257, 18.097, 18.406, 18.004, 18.049, 18.172, 17.517, 16.686, 15.357, 14.155, 14.373, 14.799, 14.333, 12.867, 10.773, 7.047, 3.569, 3.7, 3.479, 3.304, 5.558, 8.523, 9.057, 10.052, 12.092, 14.554, 15.921, 15.419, 14.588, 14.544, 13.857, 12.622, 11.52, 9.846, 6.228, 3.09, 3.824, 4.359, 4.504, 4.392, 4.613, 4.069, 3.832, 4.92, 4.518, 4.113, 5.185, 6.332, 6.932, 7.408, 8.53, 9.817, 11.631, 12.521, 12.45, 11.635, 11.217, 10.762, 10.252, 9.153, 6.747, 4.314, 4.295, 5.344, 5.397, 7.448, 10.288, 10.09, 6.921, 5.052, 3.616, 3.06, 3.477, 4.484, 5.36, 6.007, 6.031, 7.029, 8.052, 9.241, 8.61, 8.512, 8.877, 8.844, 9.103, 8.574, 6.204, 4.446, 4.288, 3.515, 3.362, 2.679, 3.511, 3.264, 2.939, 4.257, 4.822, 5.737], [1.586, 1.361, 1.314, 0.0, 2.044, 2.83, 2.211, 2.812, 3.148, 3.771, 3.009, 2.207, 3.731, 3.842, 3.861, 5.628, 6.768, 8.133, 9.763, 9.578, 7.699, 8.293, 9.518, 8.085, 5.188, 3.623, 3.896, 4.744, 4.971, 5.846, 6.003, 5.956, 5.675, 4.519, 4.128, 4.668, 6.841, 9.254, 10.639, 11.053, 10.721, 11.625, 13.301, 14.776, 14.868, 15.248, 17.081, 18.555, 18.617, 18.828, 18.431, 18.199, 18.256, 17.679, 16.804, 15.271, 14.297, 14.761, 15.151, 14.727, 13.15, 10.874, 7.248, 3.781, 4.072, 3.822, 3.547, 5.333, 8.263, 8.715, 9.665, 11.744, 14.268, 15.479, 15.043, 14.202, 14.192, 13.454, 12.124, 11.254, 9.544, 5.939, 3.446, 3.986, 4.504, 4.6, 4.313, 4.737, 4.104, 3.842, 4.797, 4.456, 3.96, 5.094, 6.417, 7.116, 7.745, 8.514, 9.834, 11.592, 12.459, 12.367, 11.577, 11.236, 10.79, 10.216, 9.123, 6.663, 4.401, 4.525, 5.603, 5.741, 7.981, 10.861, 10.657, 7.457, 5.721, 4.264, 3.509, 4.0, 4.952, 5.855, 6.612, 6.573, 7.568, 8.597, 9.675, 9.032, 8.998, 9.406, 9.421, 9.685, 9.179, 6.857, 5.058, 4.831, 4.228, 3.825, 3.379, 4.02, 3.773, 3.433, 4.375, 4.845, 6.069], [1.387, 1.975, 2.321, 2.044, 0.0, 2.148, 1.867, 2.952, 3.654, 4.29, 3.521, 2.524, 3.61, 3.69, 3.953, 5.962, 7.167, 8.102, 9.689, 9.481, 7.665, 8.229, 9.428, 8.025, 5.918, 4.325, 4.036, 4.903, 5.183, 5.834, 5.898, 5.763, 5.349, 4.355, 3.857, 4.378, 6.77, 8.94, 10.504, 10.912, 10.553, 11.432, 13.084, 14.539, 14.699, 15.161, 16.911, 18.236, 18.311, 18.55, 18.099, 17.671, 17.381, 17.132, 15.959, 14.277, 13.408, 14.398, 14.696, 14.327, 12.726, 10.495, 6.739, 3.108, 3.863, 3.192, 3.528, 5.768, 8.52, 8.968, 9.984, 12.001, 14.543, 15.741, 15.327, 14.493, 14.462, 13.76, 12.353, 11.514, 9.823, 6.185, 3.333, 3.68, 3.757, 3.639, 2.853, 3.615, 3.365, 2.79, 3.944, 3.833, 3.434, 4.534, 6.009, 6.748, 7.517, 8.274, 9.496, 11.284, 12.142, 11.866, 10.959, 10.567, 10.151, 9.29, 8.203, 5.808, 3.897, 4.239, 5.467, 5.428, 7.797, 10.683, 10.472, 7.698, 6.705, 4.715, 4.122, 4.813, 5.534, 6.034, 6.623, 6.493, 7.408, 8.42, 9.53, 8.918, 8.852, 9.262, 9.315, 9.591, 9.099, 7.017, 5.695, 5.454, 4.984, 4.654, 4.433, 4.575, 4.354, 4.531, 5.304, 6.078, 7.35], [2.756, 2.366, 2.699, 2.83, 2.148, 0.0, 1.565, 4.033, 4.591, 4.74, 4.207, 3.345, 3.196, 2.61, 2.732, 4.617, 5.745, 6.471, 7.845, 7.605, 5.997, 6.661, 7.526, 6.396, 4.835, 3.502, 3.611, 4.592, 4.666, 4.635, 4.62, 4.24, 4.075, 3.333, 3.024, 2.951, 4.982, 7.152, 8.59, 8.933, 8.575, 9.469, 11.142, 12.56, 12.826, 13.305, 15.156, 16.52, 16.494, 16.673, 16.249, 16.035, 16.002, 15.507, 14.723, 13.152, 12.201, 12.658, 12.94, 12.521, 11.072, 8.884, 5.265, 2.665, 4.327, 3.893, 4.655, 7.28, 10.424, 10.872, 11.873, 13.919, 16.465, 17.707, 17.262, 16.415, 16.384, 15.682, 14.325, 13.436, 11.74, 8.095, 4.337, 3.669, 3.338, 3.504, 2.82, 3.092, 2.949, 2.172, 2.86, 2.598, 2.437, 3.232, 4.458, 5.099, 5.809, 6.607, 7.8, 9.577, 10.47, 10.375, 9.58, 9.227, 8.789, 8.154, 7.058, 4.623, 2.458, 2.582, 3.733, 3.592, 5.837, 8.704, 8.493, 6.203, 5.967, 3.722, 3.222, 4.405, 4.828, 4.957, 5.398, 5.121, 5.572, 6.519, 7.603, 6.944, 6.859, 7.269, 7.366, 7.663, 7.159, 5.186, 4.814, 4.912, 4.345, 3.952, 3.805, 3.978, 4.314, 5.189, 6.391, 6.888, 7.893], [2.263, 1.903, 1.925, 2.211, 1.867, 1.565, 0.0, 2.922, 3.458, 3.82, 3.251, 2.67, 3.202, 2.996, 2.833, 4.489, 5.762, 7.011, 8.768, 8.485, 6.624, 7.265, 8.434, 7.085, 4.408, 3.031, 3.157, 4.14, 4.252, 4.769, 4.943, 4.872, 4.614, 3.521, 2.985, 3.591, 5.872, 8.178, 9.564, 9.974, 9.672, 10.58, 12.298, 13.727, 13.913, 14.489, 16.338, 17.688, 17.664, 17.824, 17.412, 17.113, 17.239, 16.581, 15.781, 14.316, 13.283, 13.778, 14.071, 13.668, 12.136, 9.943, 6.223, 2.361, 3.492, 2.801, 3.593, 6.226, 9.128, 9.565, 10.594, 12.665, 15.209, 16.503, 16.045, 15.151, 15.103, 14.421, 13.138, 12.129, 10.438, 6.799, 3.281, 3.68, 3.532, 3.56, 3.004, 3.511, 3.277, 2.835, 3.923, 3.526, 3.258, 4.219, 5.504, 6.178, 6.863, 7.791, 9.103, 10.883, 11.763, 11.543, 10.729, 10.242, 9.827, 9.236, 8.194, 5.71, 3.418, 3.569, 4.694, 4.667, 6.932, 9.781, 9.58, 6.58, 5.908, 3.986, 3.432, 4.49, 5.209, 5.469, 5.96, 5.789, 6.519, 7.56, 8.694, 8.004, 7.973, 8.378, 8.371, 8.656, 8.151, 5.802, 4.366, 4.394, 3.874, 3.546, 3.331, 3.529, 3.503, 4.169, 5.143, 5.812, 6.967], [2.903, 3.045, 2.763, 2.812, 2.952, 4.033, 2.922, 0.0, 1.845, 2.868, 2.653, 2.528, 4.694, 5.176, 5.056, 6.724, 8.032, 9.36, 11.225, 10.992, 9.112, 9.692, 10.919, 9.525, 5.267, 3.586, 4.014, 4.575, 5.092, 6.426, 6.91, 7.14, 6.685, 5.508, 5.026, 5.847, 8.255, 10.546, 12.093, 12.525, 12.207, 13.111, 14.802, 16.251, 16.351, 16.925, 18.662, 20.02, 20.144, 20.346, 19.872, 19.584, 19.765, 19.04, 18.036, 16.556, 15.561, 16.047, 16.5, 16.1, 14.307, 12.045, 8.421, 3.844, 2.389, 2.014, 1.988, 4.495, 6.615, 7.062, 7.968, 10.052, 12.585, 13.877, 13.393, 12.487, 12.478, 11.761, 10.58, 9.522, 7.847, 4.295, 2.997, 4.793, 5.396, 5.069, 4.92, 5.618, 5.15, 4.98, 6.175, 5.768, 5.355, 6.522, 7.657, 8.421, 9.138, 10.055, 11.444, 13.242, 14.099, 13.777, 12.916, 12.52, 11.989, 11.403, 10.447, 7.974, 5.571, 5.78, 6.993, 7.047, 9.479, 12.347, 12.148, 8.662, 5.955, 5.211, 4.544, 5.036, 5.912, 7.236, 7.973, 8.024, 9.048, 10.087, 11.21, 10.512, 10.479, 10.866, 10.869, 11.135, 10.61, 8.251, 5.549, 4.458, 4.442, 4.026, 3.417, 3.692, 2.781, 2.841, 3.584, 4.555, 5.906], [3.287, 3.378, 3.102, 3.148, 3.654, 4.591, 3.458, 1.845, 0.0, 2.175, 2.408, 2.515, 4.74, 5.44, 5.325, 7.105, 8.33, 9.739, 11.58, 11.416, 9.529, 10.115, 11.342, 9.834, 5.664, 3.605, 4.308, 4.754, 5.344, 6.831, 7.259, 7.482, 7.034, 5.869, 5.399, 6.109, 8.678, 10.937, 12.492, 12.913, 12.587, 13.485, 15.193, 16.64, 16.765, 17.249, 18.98, 20.286, 20.42, 20.667, 20.225, 19.856, 19.931, 19.493, 18.24, 16.814, 15.719, 16.464, 16.85, 16.413, 14.731, 12.444, 8.609, 4.31, 2.364, 2.316, 1.582, 3.472, 6.328, 6.797, 7.755, 9.817, 12.344, 13.562, 13.138, 12.301, 12.27, 11.57, 10.205, 9.368, 7.811, 4.31, 3.289, 5.235, 5.833, 5.683, 5.541, 6.144, 5.591, 5.315, 6.31, 5.896, 5.502, 6.588, 8.012, 8.763, 9.553, 10.344, 11.622, 13.421, 14.276, 13.937, 12.981, 12.633, 12.224, 11.761, 10.565, 8.135, 5.872, 6.202, 7.402, 7.414, 9.87, 12.737, 12.536, 9.048, 5.864, 5.532, 4.932, 5.044, 6.09, 7.627, 8.366, 8.407, 9.436, 10.478, 11.601, 10.93, 10.881, 11.264, 11.257, 11.517, 11.007, 8.633, 5.969, 4.827, 4.841, 4.353, 3.568, 3.885, 2.252, 1.819, 2.474, 3.441, 4.692], [3.996, 3.404, 3.17, 3.771, 4.29, 4.74, 3.82, 2.868, 2.175, 0.0, 1.305, 2.27, 3.327, 3.976, 3.771, 5.45, 6.757, 8.036, 9.74, 9.575, 7.71, 8.275, 9.501, 8.035, 3.819, 2.164, 2.461, 2.94, 3.762, 5.335, 5.761, 5.754, 5.296, 4.179, 4.218, 4.539, 7.043, 9.185, 10.782, 11.139, 10.861, 11.724, 13.438, 14.862, 15.169, 15.917, 17.652, 18.736, 18.666, 19.028, 18.505, 18.551, 18.337, 18.256, 16.856, 15.797, 14.427, 14.706, 15.09, 14.605, 13.025, 11.012, 7.261, 4.103, 2.669, 2.88, 2.517, 4.989, 7.976, 8.524, 9.543, 11.563, 14.015, 15.38, 14.9, 14.078, 14.029, 13.343, 12.079, 10.996, 9.385, 5.781, 3.435, 4.197, 5.122, 5.174, 5.364, 5.522, 4.622, 4.572, 5.381, 5.042, 4.599, 5.248, 6.58, 7.311, 7.99, 9.036, 10.272, 12.056, 12.911, 12.564, 11.628, 11.187, 10.818, 10.639, 9.283, 7.131, 4.518, 4.806, 5.851, 5.786, 8.106, 10.913, 10.713, 7.259, 4.131, 3.929, 3.707, 3.458, 4.356, 5.902, 6.618, 6.672, 7.713, 8.754, 9.999, 9.405, 9.243, 9.521, 9.466, 9.734, 9.191, 6.833, 4.306, 3.241, 3.111, 2.925, 2.236, 2.637, 1.442, 2.472, 3.922, 4.53, 5.043], [3.0, 2.872, 2.487, 3.009, 3.521, 4.207, 3.251, 2.653, 2.408, 1.305, 0.0, 1.503, 3.057, 3.898, 3.795, 5.474, 6.773, 8.09, 9.881, 9.711, 7.822, 8.416, 9.643, 8.137, 4.0, 2.259, 2.544, 2.962, 3.512, 5.134, 5.599, 5.806, 5.297, 4.159, 3.726, 4.462, 7.036, 9.273, 10.818, 11.228, 10.915, 11.821, 13.513, 14.985, 15.106, 15.771, 17.441, 18.597, 18.67, 19.04, 18.555, 18.293, 18.098, 17.834, 16.341, 15.087, 13.789, 14.741, 15.123, 14.701, 12.998, 10.876, 7.126, 3.482, 2.566, 2.613, 2.463, 4.905, 7.967, 8.535, 9.433, 11.476, 13.953, 15.259, 14.795, 13.97, 13.91, 13.231, 11.957, 10.901, 9.213, 5.727, 2.52, 3.565, 4.454, 4.488, 4.598, 4.785, 3.878, 3.892, 4.731, 4.498, 4.037, 5.045, 6.372, 7.128, 7.863, 8.791, 10.069, 11.852, 12.703, 12.295, 11.346, 10.915, 10.471, 9.914, 8.717, 6.553, 4.306, 4.607, 5.748, 5.775, 8.205, 11.038, 10.839, 7.362, 4.605, 3.918, 3.625, 3.623, 4.704, 5.988, 6.707, 6.773, 7.776, 8.841, 9.961, 9.364, 9.281, 9.602, 9.601, 9.826, 9.29, 6.962, 4.385, 3.325, 3.221, 2.901, 2.28, 2.464, 1.67, 2.852, 4.242, 4.857, 5.348], [2.158, 2.224, 2.06, 2.207, 2.524, 3.345, 2.67, 2.528, 2.515, 2.27, 1.503, 0.0, 2.917, 3.853, 3.788, 5.567, 6.764, 8.132, 9.985, 9.818, 7.925, 8.513, 9.736, 8.282, 4.398, 2.857, 2.823, 3.293, 3.714, 5.379, 5.614, 5.844, 5.365, 4.249, 3.712, 4.507, 7.064, 9.294, 10.861, 11.276, 10.933, 11.833, 13.509, 14.96, 15.099, 15.505, 17.291, 18.603, 18.736, 18.976, 18.555, 18.173, 17.848, 17.767, 16.18, 14.679, 13.677, 14.752, 15.094, 14.723, 13.078, 10.792, 6.961, 3.103, 2.869, 2.658, 2.471, 4.864, 8.198, 8.648, 9.577, 11.656, 14.166, 15.375, 14.961, 14.122, 14.086, 13.393, 11.982, 11.153, 9.441, 5.87, 2.523, 3.169, 4.019, 4.053, 4.032, 4.281, 3.513, 3.382, 4.18, 4.007, 3.597, 4.823, 6.324, 7.08, 7.889, 8.582, 9.777, 11.577, 12.432, 12.165, 11.161, 10.662, 10.257, 9.586, 8.512, 6.08, 4.164, 4.562, 5.771, 5.792, 8.217, 11.08, 10.871, 7.441, 5.14, 4.004, 3.419, 4.019, 4.899, 5.974, 6.682, 6.751, 7.783, 8.809, 9.945, 9.291, 9.243, 9.623, 9.653, 9.931, 9.412, 7.086, 4.632, 3.685, 3.485, 3.026, 2.646, 2.817, 2.334, 3.251, 4.64, 5.188, 5.86], [3.757, 3.301, 3.562, 3.731, 3.61, 3.196, 3.202, 4.694, 4.74, 3.327, 3.057, 2.917, 0.0, 1.721, 1.923, 3.532, 4.713, 5.926, 7.645, 7.453, 5.573, 6.182, 7.386, 5.948, 3.091, 2.419, 1.821, 2.353, 2.25, 3.321, 3.556, 3.586, 3.15, 2.468, 2.451, 2.732, 4.782, 6.916, 8.47, 8.887, 8.535, 9.416, 11.109, 12.56, 12.627, 13.115, 14.862, 16.147, 16.211, 16.618, 16.26, 16.469, 16.342, 16.258, 14.684, 13.295, 12.213, 12.753, 13.15, 12.664, 10.793, 8.578, 5.155, 2.957, 4.39, 4.342, 5.036, 7.59, 10.94, 11.413, 12.245, 14.324, 16.666, 17.856, 17.424, 16.605, 16.688, 15.9, 14.538, 13.747, 12.071, 8.624, 4.683, 2.897, 3.182, 3.236, 3.401, 3.324, 2.6, 2.539, 3.124, 2.85, 2.373, 2.832, 3.952, 4.647, 5.453, 6.151, 7.344, 9.061, 10.005, 9.576, 8.657, 8.392, 8.217, 8.213, 7.067, 5.006, 2.575, 2.774, 3.365, 3.405, 5.828, 8.682, 8.476, 5.354, 4.817, 2.879, 3.151, 3.553, 3.575, 3.997, 4.419, 4.396, 5.399, 6.433, 7.52, 6.905, 6.856, 7.232, 7.291, 7.574, 7.063, 4.765, 2.965, 2.664, 2.399, 2.133, 2.764, 1.779, 2.948, 5.398, 6.991, 7.651, 8.31], [3.836, 3.066, 3.698, 3.842, 3.69, 2.61, 2.996, 5.176, 5.44, 3.976, 3.898, 3.853, 1.721, 0.0, 1.098, 2.694, 3.888, 4.698, 6.171, 6.002, 4.226, 4.808, 5.957, 4.635, 2.781, 2.657, 2.17, 2.89, 2.705, 2.931, 2.838, 2.666, 2.449, 2.013, 2.447, 2.163, 3.585, 5.584, 7.105, 7.495, 7.219, 8.08, 9.824, 11.243, 11.411, 11.979, 13.722, 15.026, 15.097, 15.282, 15.026, 15.729, 15.696, 15.399, 14.285, 13.212, 11.929, 11.786, 12.137, 11.771, 9.829, 7.69, 4.356, 3.094, 5.191, 4.926, 5.724, 8.447, 11.584, 12.042, 13.083, 15.12, 17.65, 18.935, 18.477, 17.64, 17.592, 16.909, 15.609, 14.605, 12.915, 9.281, 5.446, 3.662, 3.577, 3.941, 3.668, 3.342, 2.591, 2.324, 2.964, 2.599, 2.268, 2.47, 3.053, 3.536, 4.322, 5.141, 6.495, 8.305, 9.152, 8.97, 8.14, 7.932, 8.014, 8.093, 6.691, 4.575, 2.156, 1.99, 2.342, 2.171, 4.461, 7.311, 7.112, 4.598, 4.752, 2.842, 3.241, 3.463, 3.155, 3.208, 3.601, 3.368, 4.081, 5.149, 6.216, 5.619, 5.5, 5.859, 5.85, 6.137, 5.639, 3.646, 2.786, 2.804, 2.365, 2.242, 2.987, 2.61, 3.655, 5.721, 7.438, 7.945, 8.616], [4.134, 3.011, 3.315, 3.861, 3.953, 2.732, 2.833, 5.056, 5.325, 3.771, 3.795, 3.788, 1.923, 1.098, 0.0, 2.219, 3.665, 4.585, 6.381, 6.174, 4.288, 4.909, 6.116, 4.708, 2.339, 2.522, 2.272, 2.958, 2.78, 2.86, 3.045, 2.818, 2.73, 2.131, 2.672, 2.371, 3.923, 6.038, 7.295, 7.664, 7.389, 8.213, 10.033, 11.39, 11.699, 12.254, 14.077, 15.339, 15.277, 15.547, 15.326, 16.114, 16.072, 15.829, 14.797, 13.743, 12.462, 12.128, 12.494, 12.056, 10.342, 8.179, 4.993, 3.099, 5.128, 4.792, 5.612, 8.321, 11.476, 11.92, 12.971, 15.01, 17.538, 18.817, 18.362, 17.527, 17.479, 16.797, 15.493, 14.497, 12.807, 9.169, 5.534, 4.058, 3.97, 4.355, 4.096, 3.863, 3.075, 2.752, 3.516, 3.172, 2.72, 2.951, 3.591, 4.096, 4.746, 5.588, 6.812, 8.633, 9.652, 9.638, 8.812, 8.587, 8.549, 8.641, 7.219, 5.136, 2.548, 2.359, 2.761, 2.613, 4.594, 7.441, 7.242, 4.538, 4.391, 2.78, 3.284, 3.521, 3.302, 3.333, 3.659, 3.412, 4.218, 5.255, 6.391, 5.758, 5.666, 6.06, 6.035, 6.324, 5.824, 3.508, 2.577, 2.893, 2.278, 2.011, 2.644, 2.365, 3.553, 5.502, 7.194, 7.633, 8.268], [6.024, 4.806, 4.877, 5.628, 5.962, 4.617, 4.489, 6.724, 7.105, 5.45, 5.474, 5.567, 3.532, 2.694, 2.219, 0.0, 1.698, 3.37, 5.065, 4.488, 2.599, 3.139, 4.288, 2.971, 1.894, 3.867, 3.413, 3.361, 2.687, 2.575, 2.548, 2.558, 2.709, 2.508, 3.015, 2.784, 3.666, 5.353, 5.903, 6.081, 5.905, 6.963, 8.945, 10.272, 10.588, 11.109, 12.848, 14.312, 13.99, 14.343, 14.964, 16.128, 16.245, 15.888, 14.919, 14.038, 12.658, 12.172, 12.343, 12.023, 10.291, 8.017, 5.554, 4.345, 6.71, 6.461, 7.251, 10.067, 13.131, 13.619, 14.638, 16.697, 19.208, 20.555, 20.064, 19.19, 19.13, 18.452, 17.261, 16.126, 14.436, 10.8, 7.151, 5.089, 4.868, 5.692, 5.735, 4.835, 4.569, 4.336, 4.546, 4.283, 4.118, 3.497, 3.811, 3.911, 4.111, 4.981, 6.171, 8.226, 9.039, 9.047, 8.351, 8.299, 8.6, 8.843, 7.689, 5.514, 3.94, 3.702, 3.412, 3.32, 3.164, 5.682, 5.461, 2.481, 4.083, 3.942, 4.803, 4.989, 3.818, 2.435, 2.354, 2.127, 2.587, 3.555, 4.732, 4.068, 4.074, 4.651, 4.485, 4.639, 4.24, 2.146, 2.572, 2.811, 2.6, 2.96, 3.997, 3.652, 5.177, 7.131, 8.824, 9.237, 9.825], [7.34, 6.116, 6.263, 6.768, 7.167, 5.745, 5.762, 8.032, 8.33, 6.757, 6.773, 6.764, 4.713, 3.888, 3.665, 1.698, 0.0, 2.554, 3.984, 3.366, 1.556, 1.887, 3.098, 1.809, 3.152, 5.068, 4.581, 4.422, 3.763, 2.641, 2.252, 2.407, 3.028, 3.48, 3.917, 3.59, 3.695, 4.498, 4.946, 4.984, 4.886, 6.021, 7.977, 9.262, 9.571, 9.976, 11.696, 13.186, 12.921, 13.347, 14.297, 15.427, 15.499, 15.194, 14.361, 13.738, 12.318, 11.728, 11.728, 11.305, 9.714, 7.646, 5.771, 5.727, 8.081, 7.776, 8.577, 11.333, 14.468, 14.942, 15.931, 17.968, 20.518, 21.781, 21.323, 20.488, 20.44, 19.757, 18.478, 17.482, 15.793, 12.131, 8.389, 6.279, 6.053, 6.878, 6.889, 6.03, 5.82, 5.521, 5.467, 5.251, 5.223, 4.321, 3.839, 3.956, 4.164, 4.159, 5.11, 7.246, 7.947, 7.972, 7.462, 7.74, 8.163, 8.666, 7.555, 5.359, 5.072, 4.873, 4.547, 4.525, 3.632, 4.539, 4.263, 1.951, 4.834, 5.089, 5.985, 6.218, 5.075, 3.168, 2.572, 2.548, 2.417, 2.428, 3.588, 2.916, 2.997, 3.613, 3.419, 3.552, 3.189, 1.7, 2.84, 3.859, 3.868, 4.248, 5.248, 4.99, 6.531, 8.487, 10.18, 10.571, 11.182], [8.152, 7.106, 7.644, 8.133, 8.102, 6.471, 7.011, 9.36, 9.739, 8.036, 8.09, 8.132, 5.926, 4.698, 4.585, 3.37, 2.554, 0.0, 2.255, 1.788, 1.781, 2.111, 2.327, 1.719, 4.749, 6.646, 5.902, 5.7, 5.011, 3.342, 2.777, 2.743, 3.359, 4.194, 4.937, 4.148, 3.756, 3.829, 3.628, 3.83, 3.533, 4.107, 6.051, 7.333, 7.622, 8.109, 9.824, 11.279, 11.11, 11.509, 12.342, 13.392, 13.404, 13.128, 12.389, 12.157, 10.675, 9.829, 9.785, 9.513, 7.803, 6.194, 5.12, 6.844, 9.286, 9.077, 9.867, 12.704, 15.7, 16.226, 17.246, 19.354, 21.865, 23.2, 22.721, 21.806, 21.746, 21.067, 19.896, 18.737, 17.045, 13.416, 9.668, 7.428, 7.161, 7.982, 7.893, 6.849, 6.561, 6.305, 5.952, 5.832, 6.067, 4.739, 3.784, 3.951, 3.891, 3.41, 3.757, 5.286, 5.963, 5.93, 5.854, 6.078, 6.571, 7.323, 6.316, 4.865, 5.36, 5.08, 4.704, 4.746, 4.395, 4.075, 3.686, 3.881, 6.584, 6.613, 7.241, 7.362, 6.023, 4.198, 3.842, 3.709, 3.267, 2.318, 2.806, 2.732, 2.498, 2.667, 2.805, 2.752, 2.146, 2.265, 4.056, 5.095, 5.035, 5.599, 6.662, 6.3, 7.795, 9.694, 11.436, 11.867, 12.505], [9.887, 8.761, 9.181, 9.763, 9.689, 7.845, 8.768, 11.225, 11.58, 9.74, 9.881, 9.985, 7.645, 6.171, 6.381, 5.065, 3.984, 2.255, 0.0, 1.218, 2.809, 2.772, 2.021, 2.635, 6.301, 8.239, 7.614, 7.336, 6.843, 5.177, 4.546, 4.286, 4.738, 5.911, 6.646, 5.527, 3.545, 3.259, 2.577, 2.837, 2.491, 2.569, 4.318, 5.548, 6.09, 6.748, 8.379, 9.683, 9.355, 9.936, 11.032, 12.249, 12.25, 12.014, 11.336, 11.205, 9.645, 8.643, 8.544, 8.122, 6.627, 5.313, 4.6, 8.76, 11.123, 10.956, 11.773, 14.59, 17.56, 18.141, 19.161, 21.18, 23.633, 25.031, 24.52, 23.695, 23.646, 22.96, 21.737, 20.613, 18.941, 15.25, 11.41, 8.899, 8.57, 9.384, 9.241, 8.126, 8.161, 7.593, 7.095, 7.064, 7.44, 5.965, 4.681, 4.271, 3.891, 3.257, 3.194, 4.158, 4.698, 4.596, 4.883, 5.065, 5.767, 6.563, 5.59, 5.041, 6.451, 5.863, 4.873, 5.083, 4.262, 3.496, 3.073, 4.717, 7.592, 7.569, 8.335, 8.384, 6.982, 5.199, 4.623, 4.461, 3.798, 2.99, 3.112, 3.337, 2.737, 2.466, 2.251, 2.176, 1.862, 3.303, 5.814, 6.922, 6.87, 7.443, 8.261, 8.149, 9.627, 11.471, 13.208, 13.67, 14.097], [9.61, 8.513, 8.995, 9.578, 9.481, 7.605, 8.485, 10.992, 11.416, 9.575, 9.711, 9.818, 7.453, 6.002, 6.174, 4.488, 3.366, 1.788, 1.218, 0.0, 2.113, 2.174, 1.515, 2.004, 5.841, 7.884, 7.298, 7.043, 6.552, 4.865, 4.238, 4.079, 4.504, 5.612, 6.353, 5.361, 3.689, 3.468, 2.888, 2.771, 2.51, 3.001, 4.913, 6.239, 6.589, 7.168, 8.941, 10.355, 9.98, 10.469, 11.782, 12.954, 13.02, 12.656, 12.05, 12.043, 10.49, 9.324, 9.29, 8.946, 7.33, 6.085, 5.043, 8.542, 10.811, 10.64, 11.517, 14.38, 17.321, 17.902, 18.898, 20.983, 23.456, 24.866, 24.355, 23.38, 23.337, 22.645, 21.572, 20.297, 18.668, 14.997, 11.11, 8.601, 8.235, 9.051, 9.016, 7.867, 7.853, 7.412, 6.919, 6.869, 7.238, 5.767, 4.409, 4.235, 3.924, 3.425, 3.562, 4.952, 5.507, 5.385, 5.711, 5.87, 6.438, 7.214, 6.254, 5.044, 6.067, 5.569, 4.769, 4.925, 3.946, 3.009, 2.548, 3.969, 7.127, 7.315, 7.995, 8.023, 6.665, 4.795, 4.068, 3.95, 3.026, 2.24, 2.356, 2.519, 2.039, 2.033, 1.936, 1.739, 1.348, 2.99, 5.468, 6.599, 6.611, 7.198, 7.956, 7.954, 9.395, 11.17, 12.886, 13.39, 13.784], [7.764, 6.624, 7.101, 7.699, 7.665, 5.997, 6.624, 9.112, 9.529, 7.71, 7.822, 7.925, 5.573, 4.226, 4.288, 2.599, 1.556, 1.781, 2.809, 2.113, 0.0, 1.025, 1.962, 1.125, 3.939, 5.993, 5.425, 5.132, 4.671, 2.976, 2.443, 2.395, 2.968, 3.733, 4.498, 3.816, 3.379, 3.685, 3.751, 3.668, 3.538, 4.751, 6.72, 7.996, 8.403, 8.999, 10.75, 12.126, 11.77, 12.232, 13.329, 14.605, 14.676, 14.289, 13.459, 13.088, 11.589, 10.585, 10.69, 10.356, 8.522, 7.017, 5.382, 6.654, 8.885, 8.749, 9.637, 12.5, 15.44, 16.021, 17.017, 19.103, 21.575, 22.985, 22.475, 21.499, 21.457, 20.763, 19.69, 18.401, 16.787, 13.116, 9.25, 6.877, 6.496, 7.405, 7.382, 6.315, 6.06, 5.786, 5.565, 5.421, 5.624, 4.427, 3.634, 3.651, 3.678, 3.662, 4.29, 6.437, 7.05, 7.106, 6.784, 7.027, 7.401, 8.011, 7.073, 5.021, 4.945, 4.662, 4.327, 4.33, 3.32, 3.325, 3.144, 2.314, 5.295, 5.625, 6.343, 6.43, 5.171, 3.237, 2.624, 2.564, 1.836, 1.558, 2.69, 2.144, 1.945, 2.395, 2.249, 2.278, 1.794, 1.643, 3.584, 4.719, 4.718, 5.303, 6.062, 6.061, 7.515, 9.243, 10.958, 11.536, 11.88], [8.333, 7.212, 7.689, 8.293, 8.229, 6.661, 7.265, 9.692, 10.115, 8.275, 8.416, 8.513, 6.182, 4.808, 4.909, 3.139, 1.887, 2.111, 2.772, 2.174, 1.025, 0.0, 1.679, 1.212, 4.482, 6.574, 6.035, 5.758, 5.264, 3.695, 3.091, 3.047, 3.626, 4.388, 5.114, 4.389, 3.949, 4.147, 3.88, 3.718, 3.762, 4.854, 6.882, 8.021, 8.59, 9.14, 10.775, 12.189, 11.788, 12.317, 13.524, 14.802, 14.848, 14.499, 13.705, 13.355, 11.848, 10.918, 10.919, 10.596, 8.869, 7.258, 5.686, 7.265, 9.554, 9.377, 10.217, 13.079, 16.02, 16.601, 17.597, 19.683, 22.155, 23.565, 23.055, 22.117, 22.068, 21.382, 20.271, 19.035, 17.367, 13.696, 9.852, 7.391, 7.075, 7.915, 7.864, 6.853, 6.677, 6.25, 6.128, 6.017, 6.084, 5.002, 4.145, 4.168, 4.169, 4.0, 4.509, 6.601, 7.209, 7.268, 7.048, 7.294, 7.662, 8.251, 7.321, 5.388, 5.562, 5.247, 4.896, 4.883, 3.492, 2.951, 2.707, 2.179, 5.435, 6.045, 6.806, 6.963, 5.699, 3.704, 3.006, 2.924, 2.209, 1.743, 2.642, 2.302, 2.142, 2.604, 2.384, 2.261, 1.803, 2.166, 4.234, 5.353, 5.307, 5.917, 6.652, 6.659, 8.105, 9.893, 11.623, 12.062, 12.48], [9.548, 8.435, 8.917, 9.518, 9.428, 7.526, 8.434, 10.919, 11.342, 9.501, 9.643, 9.736, 7.386, 5.957, 6.116, 4.288, 3.098, 2.327, 2.021, 1.515, 1.962, 1.679, 0.0, 1.876, 5.698, 7.788, 7.255, 7.008, 6.484, 4.818, 4.165, 4.004, 4.563, 5.566, 6.29, 5.275, 3.996, 3.752, 3.071, 2.861, 2.86, 3.821, 5.902, 6.804, 7.438, 8.084, 9.51, 10.887, 10.603, 11.45, 12.824, 14.053, 14.103, 13.72, 13.029, 12.753, 11.249, 10.299, 10.249, 9.933, 8.233, 6.647, 5.322, 8.484, 10.77, 10.597, 11.443, 14.306, 17.247, 17.828, 18.824, 20.909, 23.382, 24.792, 24.281, 23.337, 23.288, 22.601, 21.498, 20.254, 18.594, 14.923, 11.059, 8.492, 8.159, 8.998, 8.966, 7.864, 7.825, 7.339, 6.904, 6.835, 7.161, 5.71, 4.5, 4.565, 4.252, 3.721, 3.988, 5.772, 6.167, 6.247, 6.443, 6.692, 7.062, 7.635, 6.693, 5.321, 6.11, 5.634, 5.141, 5.258, 4.001, 2.649, 2.184, 3.196, 6.6, 7.152, 7.913, 7.995, 6.719, 4.728, 4.019, 3.944, 2.709, 1.594, 1.852, 1.76, 1.727, 1.836, 1.651, 1.44, 1.621, 2.786, 5.445, 6.569, 6.528, 7.096, 7.868, 7.884, 9.323, 11.112, 12.842, 13.282, 13.717], [8.291, 7.094, 7.466, 8.085, 8.025, 6.396, 7.085, 9.525, 9.834, 8.035, 8.137, 8.282, 5.948, 4.635, 4.708, 2.971, 1.809, 1.719, 2.635, 2.004, 1.125, 1.212, 1.876, 0.0, 4.487, 6.463, 5.92, 5.699, 5.136, 3.501, 2.963, 2.87, 3.553, 4.308, 4.989, 3.961, 3.727, 4.006, 3.721, 3.778, 3.585, 4.641, 6.58, 7.95, 8.346, 8.919, 10.616, 11.996, 11.644, 12.103, 13.113, 14.336, 14.38, 14.103, 13.334, 12.938, 11.388, 10.644, 10.596, 10.184, 8.576, 6.93, 5.322, 7.068, 9.433, 9.249, 10.066, 12.883, 15.877, 16.435, 17.454, 19.473, 21.926, 23.291, 22.811, 21.989, 21.94, 21.253, 19.99, 18.906, 17.234, 13.557, 9.76, 7.284, 6.969, 7.833, 7.661, 6.715, 6.611, 6.134, 5.868, 5.716, 5.906, 4.62, 3.885, 3.975, 3.935, 3.69, 4.037, 6.076, 6.787, 6.797, 6.58, 6.909, 7.32, 7.962, 6.876, 5.077, 5.358, 5.045, 4.688, 4.704, 3.693, 3.289, 2.992, 2.802, 6.087, 5.975, 6.858, 6.943, 5.709, 3.737, 3.147, 3.049, 2.466, 1.729, 2.367, 2.19, 2.121, 2.658, 2.487, 2.424, 1.935, 2.009, 4.146, 5.237, 5.228, 5.792, 6.623, 6.459, 7.944, 9.816, 11.512, 12.026, 12.458], [5.795, 4.479, 4.266, 5.188, 5.918, 4.835, 4.408, 5.267, 5.664, 3.819, 4.0, 4.398, 3.091, 2.781, 2.339, 1.894, 3.152, 4.749, 6.301, 5.841, 3.939, 4.482, 5.698, 4.487, 0.0, 2.387, 2.201, 2.333, 2.428, 3.555, 3.605, 3.641, 3.688, 3.004, 3.517, 3.611, 4.701, 6.587, 7.28, 7.424, 7.237, 8.256, 10.257, 11.583, 11.959, 12.622, 14.406, 15.784, 15.429, 15.694, 16.071, 17.302, 17.335, 16.969, 15.949, 15.1, 13.72, 13.03, 13.343, 13.028, 11.202, 9.266, 6.26, 4.391, 5.108, 4.913, 5.749, 8.612, 11.553, 12.134, 13.13, 15.215, 17.687, 19.098, 18.587, 17.639, 17.589, 16.903, 15.804, 14.556, 12.9, 9.232, 5.756, 4.737, 4.836, 5.231, 5.853, 5.237, 4.687, 4.591, 5.082, 4.71, 4.511, 4.379, 4.799, 4.959, 5.284, 6.409, 7.636, 9.585, 10.516, 10.5, 9.742, 9.588, 9.697, 9.832, 8.655, 6.493, 4.2, 3.989, 3.905, 3.756, 4.349, 7.143, 6.948, 3.494, 3.127, 2.867, 3.776, 3.878, 3.324, 2.991, 3.12, 3.133, 4.049, 5.08, 6.451, 5.733, 5.62, 5.993, 5.793, 5.989, 5.507, 3.316, 2.226, 2.132, 1.94, 1.884, 2.377, 2.469, 3.67, 5.416, 7.144, 7.621, 8.047], [4.108, 2.959, 2.948, 3.623, 4.325, 3.502, 3.031, 3.586, 3.605, 2.164, 2.259, 2.857, 2.419, 2.657, 2.522, 3.867, 5.068, 6.646, 8.239, 7.884, 5.993, 6.574, 7.788, 6.463, 2.387, 0.0, 1.414, 2.12, 2.81, 4.248, 4.487, 4.513, 4.288, 3.151, 3.264, 3.423, 5.409, 7.719, 9.142, 9.462, 9.134, 10.047, 11.83, 13.265, 13.549, 14.335, 16.188, 17.422, 17.252, 17.441, 17.004, 17.318, 17.409, 16.921, 15.948, 14.955, 13.636, 13.4, 13.777, 13.33, 11.727, 9.729, 6.179, 3.653, 3.371, 3.224, 3.685, 6.541, 9.539, 10.054, 11.05, 13.143, 15.655, 17.018, 16.51, 15.55, 15.5, 14.814, 13.724, 12.485, 10.827, 7.266, 4.114, 3.583, 4.277, 4.283, 4.704, 4.687, 3.724, 3.776, 4.613, 4.177, 3.716, 4.261, 5.279, 5.932, 6.503, 7.655, 8.973, 10.754, 11.632, 11.427, 10.625, 10.183, 9.837, 9.685, 8.518, 6.286, 3.447, 3.473, 4.32, 4.275, 6.352, 9.212, 9.013, 5.534, 3.799, 2.569, 2.618, 3.285, 3.752, 4.458, 5.038, 5.05, 6.014, 7.076, 8.343, 7.603, 7.508, 7.926, 7.828, 8.019, 7.5, 5.225, 3.148, 2.484, 2.161, 1.809, 1.298, 1.749, 1.893, 3.613, 5.156, 5.598, 6.16], [3.901, 3.227, 3.336, 3.896, 4.036, 3.611, 3.157, 4.014, 4.308, 2.461, 2.544, 2.823, 1.821, 2.17, 2.272, 3.413, 4.581, 5.902, 7.614, 7.298, 5.425, 6.035, 7.255, 5.92, 2.201, 1.414, 0.0, 1.293, 1.817, 3.261, 3.561, 3.596, 3.293, 2.231, 2.45, 2.635, 4.685, 6.853, 8.461, 8.875, 8.564, 9.444, 11.225, 12.683, 12.821, 13.635, 15.388, 16.631, 16.62, 16.812, 16.335, 16.463, 16.323, 16.126, 14.817, 13.938, 12.617, 12.563, 12.89, 12.561, 10.744, 8.788, 5.559, 3.106, 3.631, 3.368, 4.226, 7.102, 10.082, 10.605, 11.601, 13.686, 16.167, 17.569, 17.058, 16.082, 16.04, 15.346, 14.275, 12.999, 11.373, 7.766, 4.189, 2.889, 3.378, 3.578, 4.129, 3.829, 3.07, 3.043, 3.865, 3.571, 3.057, 3.392, 4.401, 5.022, 5.682, 6.803, 8.171, 9.965, 10.812, 10.475, 9.614, 9.033, 8.686, 8.67, 7.475, 5.306, 2.926, 3.137, 3.591, 3.509, 5.808, 8.67, 8.47, 4.989, 4.142, 2.833, 2.892, 3.538, 3.475, 3.883, 4.462, 4.421, 5.409, 6.489, 7.741, 7.06, 6.883, 7.291, 7.235, 7.464, 6.913, 4.673, 2.389, 1.815, 1.677, 1.782, 2.106, 1.663, 2.469, 4.411, 5.894, 6.485, 7.033], [4.589, 4.138, 4.189, 4.744, 4.903, 4.592, 4.14, 4.575, 4.754, 2.94, 2.962, 3.293, 2.353, 2.89, 2.958, 3.361, 4.422, 5.7, 7.336, 7.043, 5.132, 5.758, 7.008, 5.699, 2.333, 2.12, 1.293, 0.0, 1.438, 2.84, 3.233, 3.419, 2.939, 2.359, 2.466, 2.638, 4.534, 6.648, 8.247, 8.633, 8.238, 9.235, 10.984, 12.482, 12.606, 13.416, 15.143, 16.397, 16.447, 16.606, 16.177, 16.427, 16.283, 16.106, 14.541, 13.69, 12.355, 12.356, 12.797, 12.453, 10.383, 8.548, 5.701, 3.511, 3.899, 3.774, 4.596, 7.461, 10.389, 10.995, 11.965, 14.05, 16.523, 17.933, 17.422, 16.446, 16.404, 15.71, 14.639, 13.348, 11.735, 8.114, 4.579, 3.228, 3.612, 4.071, 4.733, 4.033, 3.435, 3.527, 4.251, 4.024, 3.627, 3.476, 4.199, 4.821, 5.484, 6.549, 7.933, 9.735, 10.593, 10.217, 9.228, 8.608, 8.371, 8.421, 7.389, 5.136, 3.573, 3.741, 3.869, 3.953, 5.613, 8.33, 8.137, 4.678, 4.261, 3.426, 3.62, 4.117, 3.73, 3.666, 4.209, 4.281, 5.166, 6.311, 7.552, 6.898, 6.736, 7.041, 7.018, 7.196, 6.614, 4.367, 2.046, 1.549, 1.859, 2.279, 2.63, 2.055, 2.852, 4.828, 6.365, 7.158, 7.525], [4.843, 4.393, 4.451, 4.971, 5.183, 4.666, 4.252, 5.092, 5.344, 3.762, 3.512, 3.714, 2.25, 2.705, 2.78, 2.687, 3.763, 5.011, 6.843, 6.552, 4.671, 5.264, 6.484, 5.136, 2.428, 2.81, 1.817, 1.438, 0.0, 2.202, 2.538, 2.916, 2.664, 2.423, 2.419, 2.708, 4.181, 6.108, 7.653, 8.089, 7.782, 8.694, 10.41, 11.893, 11.917, 12.642, 14.343, 15.649, 15.767, 15.968, 15.806, 16.201, 16.251, 15.927, 14.226, 13.417, 11.977, 12.375, 12.526, 12.236, 10.253, 8.051, 5.543, 3.243, 4.514, 4.481, 5.202, 8.028, 11.094, 11.658, 12.392, 14.465, 16.949, 18.314, 17.805, 16.853, 16.804, 16.126, 15.02, 13.789, 12.153, 8.861, 5.008, 3.286, 3.5, 3.982, 4.57, 3.766, 3.254, 3.472, 3.975, 3.695, 3.413, 3.363, 4.016, 4.363, 4.84, 5.7, 7.109, 8.973, 9.807, 9.326, 8.281, 7.708, 7.863, 8.19, 7.335, 5.168, 3.521, 3.681, 3.741, 3.729, 5.207, 7.915, 7.716, 4.283, 4.598, 3.831, 4.103, 4.668, 3.848, 3.366, 3.711, 3.693, 4.667, 5.7, 6.857, 6.194, 6.11, 6.482, 6.469, 6.686, 6.17, 3.852, 1.915, 1.497, 1.73, 2.405, 3.374, 2.267, 3.415, 5.663, 7.203, 7.93, 8.522], [5.64, 4.896, 5.339, 5.846, 5.834, 4.635, 4.769, 6.426, 6.831, 5.335, 5.134, 5.379, 3.321, 2.931, 2.86, 2.575, 2.641, 3.342, 5.177, 4.865, 2.976, 3.695, 4.818, 3.501, 3.555, 4.248, 3.261, 2.84, 2.202, 0.0, 1.092, 1.507, 1.497, 1.843, 2.358, 2.139, 2.724, 4.414, 5.973, 6.419, 6.043, 6.989, 8.761, 10.204, 10.182, 10.875, 12.616, 13.956, 14.113, 14.395, 14.187, 14.69, 14.838, 14.397, 13.099, 12.395, 11.046, 10.73, 11.034, 10.659, 8.61, 6.475, 4.67, 3.806, 6.198, 6.131, 6.893, 9.654, 12.846, 13.358, 14.138, 16.301, 18.694, 20.049, 19.538, 18.562, 18.588, 17.826, 16.769, 15.594, 13.957, 10.469, 6.855, 4.718, 4.389, 5.274, 5.268, 4.275, 3.9, 3.866, 3.718, 3.48, 3.538, 2.749, 2.584, 2.996, 3.67, 4.078, 5.36, 7.149, 8.11, 7.713, 6.868, 6.683, 6.762, 7.172, 6.303, 4.062, 3.156, 3.179, 3.13, 3.401, 4.179, 6.197, 5.997, 3.644, 5.91, 4.964, 5.204, 5.661, 4.806, 3.638, 3.594, 3.315, 3.45, 4.037, 5.177, 4.45, 4.363, 4.81, 4.799, 5.035, 4.465, 2.349, 2.017, 2.654, 2.991, 3.695, 4.665, 3.46, 4.873, 6.946, 8.657, 9.417, 9.94], [5.722, 5.118, 5.541, 6.003, 5.898, 4.62, 4.943, 6.91, 7.259, 5.761, 5.599, 5.614, 3.556, 2.838, 3.045, 2.548, 2.252, 2.777, 4.546, 4.238, 2.443, 3.091, 4.165, 2.963, 3.605, 4.487, 3.561, 3.233, 2.538, 1.092, 0.0, 1.043, 1.4, 2.014, 2.46, 2.216, 2.466, 3.854, 5.303, 5.731, 5.43, 6.325, 8.097, 9.535, 9.577, 10.3, 12.04, 13.344, 13.437, 13.663, 13.487, 14.145, 14.256, 13.807, 12.646, 12.124, 10.642, 10.322, 10.476, 10.189, 8.166, 6.132, 4.264, 4.386, 6.757, 6.553, 7.324, 10.178, 13.232, 13.723, 14.696, 16.82, 19.321, 20.664, 20.177, 19.219, 19.159, 18.481, 17.36, 16.159, 14.486, 10.88, 7.083, 4.956, 4.697, 5.535, 5.54, 4.526, 4.171, 3.959, 3.932, 3.694, 3.749, 2.899, 2.386, 2.571, 3.138, 3.531, 4.827, 6.685, 7.517, 7.242, 6.394, 6.268, 6.497, 6.928, 5.927, 3.692, 3.315, 3.233, 3.127, 3.205, 3.994, 5.563, 5.366, 3.531, 5.917, 4.969, 5.283, 5.76, 4.692, 3.527, 3.465, 3.196, 3.297, 3.437, 4.501, 3.836, 3.721, 4.158, 4.149, 4.391, 3.866, 2.029, 1.99, 2.879, 3.171, 3.702, 4.798, 4.0, 5.329, 7.394, 9.164, 9.795, 10.434], [5.934, 4.939, 5.439, 5.956, 5.763, 4.24, 4.872, 7.14, 7.482, 5.754, 5.806, 5.844, 3.586, 2.666, 2.818, 2.558, 2.407, 2.743, 4.286, 4.079, 2.395, 3.047, 4.004, 2.87, 3.641, 4.513, 3.596, 3.419, 2.916, 1.507, 1.043, 0.0, 1.12, 1.993, 2.604, 2.001, 2.349, 3.633, 5.087, 5.504, 5.208, 6.074, 7.782, 9.212, 9.436, 10.179, 11.907, 13.098, 13.083, 13.387, 13.086, 13.887, 13.885, 13.63, 12.728, 12.145, 10.636, 10.125, 10.17, 9.812, 8.022, 6.088, 4.165, 4.655, 7.058, 6.876, 7.688, 10.484, 13.527, 14.056, 15.067, 17.091, 19.565, 20.927, 20.432, 19.605, 19.561, 18.874, 17.629, 16.528, 14.856, 11.192, 7.378, 5.024, 4.789, 5.65, 5.493, 4.6, 4.347, 3.963, 3.789, 3.552, 3.717, 2.636, 2.227, 2.449, 3.025, 3.529, 4.644, 6.477, 7.337, 7.134, 6.462, 6.333, 6.582, 7.004, 5.886, 3.721, 3.138, 2.971, 2.795, 2.858, 3.516, 5.293, 5.088, 3.308, 5.77, 4.571, 5.031, 5.412, 4.405, 3.244, 3.113, 2.901, 2.884, 3.192, 4.298, 3.723, 3.521, 3.877, 3.923, 4.218, 3.706, 1.946, 2.147, 3.107, 3.137, 3.738, 4.732, 4.222, 5.548, 7.505, 9.262, 9.83, 10.428], [5.351, 4.622, 5.252, 5.675, 5.349, 4.075, 4.614, 6.685, 7.034, 5.296, 5.297, 5.365, 3.15, 2.449, 2.73, 2.709, 3.028, 3.359, 4.738, 4.504, 2.968, 3.626, 4.563, 3.553, 3.688, 4.288, 3.293, 2.939, 2.664, 1.497, 1.4, 1.12, 0.0, 1.678, 2.356, 1.792, 2.397, 4.017, 5.574, 5.994, 5.696, 6.569, 8.256, 9.7, 9.93, 10.678, 12.386, 13.639, 13.65, 13.856, 13.46, 13.939, 13.946, 13.678, 12.528, 11.892, 10.383, 10.058, 10.33, 9.857, 8.004, 6.161, 3.956, 4.122, 6.488, 6.352, 7.131, 9.936, 12.96, 13.509, 14.506, 16.549, 19.027, 20.426, 19.92, 19.044, 18.993, 18.308, 17.128, 15.971, 14.299, 10.619, 6.892, 4.599, 4.309, 5.187, 5.062, 4.022, 3.729, 3.437, 3.434, 3.186, 3.325, 2.39, 2.114, 2.576, 3.296, 3.8, 5.177, 6.977, 7.858, 7.511, 6.603, 6.335, 6.326, 6.732, 5.677, 3.431, 2.633, 2.55, 2.459, 2.516, 3.598, 5.79, 5.597, 3.755, 6.053, 4.55, 4.85, 5.181, 4.465, 3.36, 3.302, 3.093, 3.107, 3.863, 4.937, 4.398, 4.155, 4.341, 4.367, 4.624, 4.13, 2.395, 2.24, 2.925, 3.105, 3.76, 4.566, 3.803, 4.981, 7.142, 8.796, 9.519, 10.064], [4.343, 3.554, 4.074, 4.519, 4.355, 3.333, 3.521, 5.508, 5.869, 4.179, 4.159, 4.249, 2.468, 2.013, 2.131, 2.508, 3.48, 4.194, 5.911, 5.612, 3.733, 4.388, 5.566, 4.308, 3.004, 3.151, 2.231, 2.359, 2.423, 1.843, 2.014, 1.993, 1.678, 0.0, 1.267, 1.344, 3.066, 5.171, 6.739, 7.136, 6.849, 7.735, 9.49, 10.961, 11.133, 11.935, 13.687, 14.925, 14.913, 15.081, 14.659, 14.762, 14.74, 14.385, 13.159, 12.226, 10.877, 10.746, 11.181, 10.765, 8.992, 7.037, 3.845, 3.013, 5.262, 5.112, 5.954, 8.801, 11.758, 12.337, 13.331, 15.42, 17.893, 19.275, 18.792, 17.834, 17.785, 17.099, 15.98, 14.752, 13.105, 9.434, 5.652, 3.544, 3.226, 4.1, 4.129, 3.186, 2.755, 2.617, 2.685, 2.479, 2.504, 1.857, 2.637, 3.307, 3.984, 5.104, 6.463, 8.259, 9.129, 8.81, 7.901, 7.47, 7.024, 6.957, 5.743, 3.574, 2.127, 2.282, 2.441, 2.689, 4.211, 6.935, 6.745, 4.116, 5.654, 3.896, 3.739, 4.484, 4.161, 3.653, 3.807, 3.491, 3.982, 4.777, 6.046, 5.384, 5.225, 5.549, 5.536, 5.772, 5.263, 2.957, 2.287, 2.874, 2.912, 3.299, 3.573, 2.964, 3.996, 5.868, 7.518, 8.23, 8.729], [3.791, 3.49, 3.744, 4.128, 3.857, 3.024, 2.985, 5.026, 5.399, 4.218, 3.726, 3.712, 2.451, 2.447, 2.672, 3.015, 3.917, 4.937, 6.646, 6.353, 4.498, 5.114, 6.29, 4.989, 3.517, 3.264, 2.45, 2.466, 2.419, 2.358, 2.46, 2.604, 2.356, 1.267, 0.0, 1.567, 3.694, 5.887, 7.432, 7.869, 7.555, 8.47, 10.156, 11.634, 11.736, 12.448, 14.157, 15.421, 15.53, 15.717, 15.219, 14.95, 15.005, 14.415, 13.104, 11.853, 10.614, 11.371, 11.767, 11.407, 9.635, 7.522, 4.088, 2.354, 4.59, 4.499, 5.236, 8.071, 11.105, 11.643, 12.583, 14.652, 17.149, 18.535, 18.024, 17.118, 17.069, 16.382, 15.241, 14.035, 12.363, 8.754, 4.878, 2.696, 2.46, 3.299, 3.357, 2.434, 2.347, 2.019, 2.386, 2.202, 2.083, 2.21, 3.066, 3.802, 4.519, 5.539, 6.953, 8.759, 9.615, 9.195, 8.198, 7.679, 7.182, 6.657, 5.633, 3.23, 2.313, 2.583, 3.031, 3.371, 5.004, 7.691, 7.491, 4.603, 6.055, 4.229, 3.747, 4.798, 4.63, 4.032, 4.17, 3.933, 4.733, 5.451, 6.611, 5.997, 5.876, 6.215, 6.247, 6.541, 6.01, 3.752, 2.448, 3.091, 3.231, 3.54, 3.791, 2.873, 3.85, 5.774, 7.166, 7.878, 8.459], [4.573, 3.813, 4.313, 4.668, 4.378, 2.951, 3.591, 5.847, 6.109, 4.539, 4.462, 4.507, 2.732, 2.163, 2.371, 2.784, 3.59, 4.148, 5.527, 5.361, 3.816, 4.389, 5.275, 3.961, 3.611, 3.423, 2.635, 2.638, 2.708, 2.139, 2.216, 2.001, 1.792, 1.344, 1.567, 0.0, 2.678, 4.906, 6.451, 6.874, 6.553, 7.469, 9.171, 10.607, 10.771, 11.511, 13.284, 14.401, 14.439, 14.765, 14.238, 14.224, 14.223, 13.896, 12.811, 11.75, 10.374, 10.532, 10.829, 10.384, 8.784, 6.715, 3.761, 3.34, 5.736, 5.515, 6.329, 9.146, 12.207, 12.698, 13.717, 15.736, 18.196, 19.553, 19.074, 18.251, 18.202, 17.516, 16.252, 15.172, 13.504, 9.827, 6.019, 3.636, 3.422, 4.266, 4.086, 3.173, 2.994, 2.516, 2.585, 2.415, 2.288, 1.621, 2.373, 3.102, 3.766, 4.694, 5.96, 7.734, 8.613, 8.307, 7.49, 7.101, 6.671, 6.585, 5.384, 3.171, 1.844, 1.993, 2.197, 2.368, 3.935, 6.678, 6.479, 4.323, 5.88, 4.101, 3.954, 4.747, 4.311, 3.476, 3.668, 3.426, 3.6, 4.524, 5.614, 5.029, 4.882, 5.227, 5.226, 5.491, 4.956, 3.008, 2.643, 3.005, 3.149, 3.626, 4.023, 3.369, 4.418, 6.37, 7.905, 8.558, 9.14], [6.859, 5.874, 6.464, 6.841, 6.77, 4.982, 5.872, 8.255, 8.678, 7.043, 7.036, 7.064, 4.782, 3.585, 3.923, 3.666, 3.695, 3.756, 3.545, 3.689, 3.379, 3.949, 3.996, 3.727, 4.701, 5.409, 4.685, 4.534, 4.181, 2.724, 2.466, 2.349, 2.397, 3.066, 3.694, 2.678, 0.0, 2.532, 3.863, 4.304, 3.986, 4.882, 6.683, 8.169, 8.207, 8.998, 10.82, 12.07, 12.054, 12.307, 11.998, 12.733, 12.851, 12.373, 11.426, 10.602, 9.226, 8.658, 8.978, 8.684, 6.748, 4.691, 2.567, 5.811, 8.14, 7.893, 8.78, 11.643, 14.678, 15.165, 16.161, 18.246, 20.757, 22.127, 21.618, 20.642, 20.6, 19.906, 18.828, 17.556, 15.939, 12.31, 8.406, 5.877, 5.498, 6.296, 6.289, 5.126, 5.115, 4.632, 4.182, 4.126, 4.485, 3.018, 2.054, 1.813, 1.806, 2.66, 3.648, 5.417, 6.312, 6.24, 5.424, 5.064, 5.117, 5.368, 4.353, 2.801, 3.334, 2.838, 1.856, 2.393, 2.717, 4.57, 4.557, 4.488, 6.762, 5.341, 5.624, 5.827, 4.831, 3.992, 4.018, 3.574, 3.457, 3.705, 4.45, 3.995, 3.487, 3.613, 3.371, 3.628, 3.562, 2.653, 3.283, 4.366, 4.344, 4.913, 5.686, 5.38, 6.716, 8.579, 10.278, 10.854, 11.426], [9.12, 8.151, 8.868, 9.254, 8.94, 7.152, 8.178, 10.546, 10.937, 9.185, 9.273, 9.294, 6.916, 5.584, 6.038, 5.353, 4.498, 3.829, 3.259, 3.468, 3.685, 4.147, 3.752, 4.006, 6.587, 7.719, 6.853, 6.648, 6.108, 4.414, 3.854, 3.633, 4.017, 5.171, 5.887, 4.906, 2.532, 0.0, 1.824, 2.259, 2.172, 2.912, 4.515, 5.895, 6.096, 6.931, 8.72, 9.939, 9.892, 10.222, 10.601, 11.634, 11.678, 11.346, 10.467, 9.994, 8.484, 7.744, 7.791, 7.502, 5.609, 3.797, 3.071, 8.073, 10.325, 10.182, 11.07, 13.912, 16.91, 17.451, 18.444, 20.519, 23.008, 24.393, 23.886, 22.932, 22.89, 22.196, 21.097, 19.834, 18.22, 14.564, 10.64, 7.835, 7.292, 8.203, 8.353, 7.103, 7.334, 6.771, 5.943, 5.884, 6.357, 4.871, 3.391, 2.774, 2.176, 2.023, 2.314, 3.671, 4.256, 4.071, 3.698, 3.97, 4.344, 4.773, 3.912, 4.016, 5.344, 4.961, 3.791, 3.767, 3.55, 3.556, 3.579, 4.875, 7.615, 7.031, 7.249, 7.34, 5.952, 4.863, 4.362, 4.172, 3.891, 3.719, 4.26, 3.883, 3.054, 2.798, 2.905, 2.985, 3.363, 3.597, 5.249, 6.169, 6.204, 6.858, 7.907, 7.616, 8.948, 10.772, 12.428, 13.11, 13.581], [10.671, 9.609, 10.083, 10.639, 10.504, 8.59, 9.564, 12.093, 12.492, 10.782, 10.818, 10.861, 8.47, 7.105, 7.295, 5.903, 4.946, 3.628, 2.577, 2.888, 3.751, 3.88, 3.071, 3.721, 7.28, 9.142, 8.461, 8.247, 7.653, 5.973, 5.303, 5.087, 5.574, 6.739, 7.432, 6.451, 3.863, 1.824, 0.0, 1.144, 1.24, 1.734, 3.435, 4.705, 4.931, 5.634, 7.316, 8.691, 8.41, 9.056, 10.084, 11.252, 11.343, 10.903, 10.147, 9.812, 8.306, 7.442, 7.506, 7.191, 5.354, 3.747, 4.211, 9.616, 11.926, 11.752, 12.618, 15.468, 18.431, 19.003, 19.994, 22.084, 24.561, 25.943, 25.456, 24.492, 24.443, 23.757, 22.648, 21.409, 19.769, 16.111, 12.183, 9.356, 8.826, 9.707, 9.89, 8.673, 8.894, 8.342, 7.