[[0.0, 1.316, 3.402, 5.545, 6.021, 5.825, 5.264, 4.953, 4.171, 4.093, 3.93, 4.65, 5.34, 6.577, 9.091, 10.633, 10.897, 10.759, 11.174, 12.0, 12.073, 11.564, 11.909, 12.313, 12.611, 13.063, 14.277, 15.528, 16.365, 14.946, 12.804, 11.097, 9.882, 8.577, 8.643, 10.318, 12.912, 12.194, 9.456, 6.361, 3.639, 3.248, 4.694, 5.287, 3.716, 2.404, 3.316, 3.961, 3.613, 3.25, 3.408, 3.789, 3.549, 2.706, 2.203, 2.117, 2.208, 2.255, 2.264, 2.189, 2.534, 2.754, 2.469, 2.215, 2.271, 2.314, 3.17, 3.938, 4.082, 3.91, 3.276, 2.817, 2.554, 3.444, 4.278, 4.664, 4.372, 4.972, 5.261, 4.639, 4.111, 3.758, 3.836, 4.219, 4.066, 3.624, 2.783, 3.043, 3.719, 4.123, 3.719, 2.596, 2.766, 3.933, 6.457, 8.951, 10.044, 9.97, 9.903, 9.716, 9.035, 7.545, 6.538, 6.873, 8.195, 9.034, 9.433, 8.863, 7.966, 6.418, 4.685, 4.012, 4.603, 6.554, 8.453, 9.364, 9.009, 8.345, 7.246, 6.087, 5.084, 4.088, 3.717, 2.319, 2.25, 2.813, 4.317, 5.136, 5.172, 4.899, 5.246, 5.399, 5.271, 3.998, 2.622, 3.1, 5.045, 8.329, 10.58, 10.08, 9.69, 9.393, 9.494, 10.353, 10.765, 10.432, 9.41, 7.566, 5.267, 4.35, 5.578, 5.651, 5.137, 3.609, 2.791, 2.619, 2.244, 1.77], [1.316, 0.0, 2.489, 4.695, 5.179, 5.023, 4.402, 4.129, 3.451, 3.28, 3.258, 3.877, 4.538, 5.71, 8.22, 9.814, 10.038, 9.909, 10.321, 11.166, 11.18, 10.771, 11.173, 11.585, 11.854, 12.21, 13.518, 14.765, 15.538, 14.14, 12.009, 10.283, 9.058, 7.759, 7.785, 9.507, 12.102, 11.295, 8.577, 5.609, 2.863, 2.464, 3.85, 4.442, 2.882, 2.244, 3.557, 4.135, 3.877, 3.564, 3.418, 3.671, 3.382, 2.786, 2.214, 2.215, 2.294, 2.431, 2.437, 2.376, 2.487, 2.51, 1.984, 2.076, 2.261, 2.629, 3.526, 4.458, 4.595, 4.309, 3.666, 3.072, 2.204, 2.574, 3.44, 3.797, 3.647, 4.269, 4.432, 3.765, 3.215, 3.106, 3.052, 3.447, 3.259, 3.21, 2.45, 2.861, 4.053, 4.733, 4.326, 3.288, 3.421, 4.792, 7.361, 9.842, 10.858, 10.849, 10.782, 10.595, 9.914, 8.324, 7.455, 7.765, 9.007, 9.906, 10.209, 9.714, 8.805, 7.214, 5.565, 4.752, 5.38, 7.497, 9.352, 10.242, 9.888, 9.224, 8.124, 6.976, 5.883, 4.786, 3.991, 2.221, 1.684, 2.03, 3.573, 4.389, 4.402, 4.199, 4.487, 4.591, 4.474, 3.172, 1.811, 2.382, 4.302, 7.6, 9.831, 9.288, 8.821, 8.514, 8.672, 9.479, 9.886, 9.577, 8.531, 6.695, 4.454, 3.488, 4.779, 4.912, 4.374, 2.835, 1.945, 1.8, 1.817, 2.123], [3.402, 2.489, 0.0, 2.522, 2.923, 2.839, 2.33, 1.924, 1.869, 1.932, 1.569, 1.732, 2.336, 3.342, 5.871, 7.499, 7.712, 7.52, 8.015, 8.876, 8.831, 8.516, 9.026, 9.41, 9.603, 9.884, 11.251, 12.492, 13.229, 11.853, 9.734, 7.992, 6.798, 5.439, 5.461, 7.33, 9.828, 8.899, 6.181, 3.481, 2.103, 1.935, 2.535, 2.454, 2.048, 3.532, 4.394, 4.964, 4.908, 4.509, 4.129, 4.266, 3.991, 3.483, 3.177, 3.149, 3.613, 3.774, 3.719, 3.586, 3.525, 3.641, 3.441, 3.915, 3.919, 4.21, 5.375, 6.731, 6.823, 6.363, 5.581, 4.942, 3.503, 2.476, 2.502, 2.351, 2.346, 2.34, 2.356, 1.737, 1.421, 1.972, 1.918, 1.774, 1.641, 1.913, 2.65, 4.353, 5.861, 6.448, 6.177, 5.426, 5.666, 7.169, 9.667, 11.95, 13.215, 13.245, 13.178, 12.991, 12.31, 10.653, 9.82, 10.16, 11.386, 11.926, 12.139, 12.043, 11.186, 9.576, 7.858, 6.962, 7.613, 9.843, 11.734, 12.624, 12.284, 11.62, 10.505, 9.325, 8.171, 6.912, 5.792, 3.936, 2.686, 2.068, 2.565, 2.602, 2.376, 2.483, 2.591, 2.388, 2.626, 1.95, 1.676, 1.688, 2.183, 5.435, 7.61, 7.094, 6.567, 6.17, 6.367, 7.145, 7.582, 7.289, 6.208, 4.419, 2.7, 2.33, 3.162, 2.947, 2.511, 1.505, 1.772, 2.316, 3.066, 3.669], [5.545, 4.695, 2.522, 0.0, 1.352, 1.486, 2.199, 1.802, 2.293, 2.312, 2.437, 1.484, 1.358, 1.421, 3.629, 5.222, 5.505, 5.36, 5.783, 6.626, 6.612, 6.235, 6.67, 7.05, 7.317, 7.685, 8.977, 10.218, 10.981, 9.53, 7.399, 5.673, 4.484, 3.23, 3.361, 4.946, 7.554, 6.732, 3.935, 2.265, 2.581, 2.885, 2.109, 1.468, 2.161, 4.864, 5.682, 6.165, 6.171, 5.674, 4.554, 4.759, 4.772, 4.409, 4.368, 4.369, 5.296, 5.954, 5.901, 5.626, 5.564, 5.669, 5.412, 5.878, 6.008, 6.256, 7.352, 8.928, 9.094, 8.624, 7.783, 6.851, 5.059, 3.364, 2.767, 2.355, 2.508, 2.101, 1.463, 1.81, 2.624, 3.024, 2.656, 2.106, 2.016, 2.675, 4.564, 6.443, 8.123, 8.779, 8.524, 7.74, 7.947, 9.418, 11.916, 14.235, 15.483, 15.515, 15.449, 15.261, 14.58, 12.905, 12.028, 12.416, 13.697, 14.243, 14.477, 14.305, 13.428, 11.8, 10.084, 9.186, 9.831, 12.055, 13.947, 14.873, 14.554, 13.889, 12.754, 11.574, 10.441, 9.171, 7.841, 5.83, 4.63, 3.67, 2.595, 1.71, 1.457, 1.654, 1.956, 1.756, 2.327, 2.406, 3.156, 3.031, 1.179, 3.081, 5.21, 4.729, 4.181, 3.848, 4.062, 4.866, 5.263, 4.954, 3.921, 2.634, 2.33, 2.77, 2.454, 2.088, 2.023, 2.555, 3.512, 4.374, 5.401, 5.921], [6.021, 5.179, 2.923, 1.352, 0.0, 0.928, 1.548, 1.712, 2.466, 2.368, 2.383, 1.709, 1.615, 1.596, 3.145, 4.712, 4.936, 4.969, 5.282, 6.139, 6.117, 5.895, 6.432, 6.888, 6.884, 7.199, 8.473, 9.677, 10.393, 9.016, 6.905, 5.241, 4.193, 3.228, 3.379, 4.815, 7.012, 6.225, 3.647, 2.583, 2.817, 3.136, 2.165, 1.776, 2.524, 5.089, 5.9, 6.348, 6.51, 5.945, 4.708, 4.872, 4.916, 4.722, 4.636, 4.869, 5.732, 6.289, 6.31, 5.896, 5.934, 5.885, 5.795, 6.277, 6.463, 6.759, 7.87, 9.441, 9.567, 9.097, 8.256, 7.357, 5.548, 3.739, 2.551, 2.221, 2.44, 1.859, 1.305, 1.753, 2.486, 3.021, 2.729, 2.161, 2.278, 3.123, 5.118, 7.027, 8.6, 9.045, 8.901, 8.232, 8.471, 9.93, 12.428, 14.686, 15.961, 15.988, 15.922, 15.734, 15.053, 13.461, 12.541, 12.888, 14.13, 14.639, 14.891, 14.807, 13.939, 12.354, 10.581, 9.659, 10.304, 12.528, 14.459, 15.385, 15.027, 14.363, 13.267, 12.086, 10.932, 9.633, 8.221, 6.123, 4.94, 4.066, 2.675, 1.831, 1.54, 2.049, 2.168, 1.97, 2.319, 2.425, 3.508, 3.323, 1.365, 2.818, 4.886, 4.494, 3.926, 3.392, 3.544, 4.335, 4.832, 4.714, 3.957, 2.59, 2.115, 2.734, 2.3, 2.111, 2.022, 2.719, 3.698, 4.637, 5.606, 6.24], [5.825, 5.023, 2.839, 1.486, 0.928, 0.0, 1.557, 1.719, 2.598, 2.44, 2.204, 1.694, 1.921, 2.032, 3.308, 4.872, 5.122, 5.143, 5.435, 6.225, 6.264, 5.963, 6.455, 6.956, 7.012, 7.351, 8.585, 9.837, 10.585, 9.175, 7.057, 5.339, 4.376, 3.578, 3.675, 5.069, 7.137, 6.383, 3.928, 2.698, 3.016, 3.216, 2.429, 1.828, 2.617, 5.287, 5.826, 6.132, 6.315, 5.812, 4.511, 4.613, 4.78, 4.611, 4.59, 4.542, 5.506, 6.167, 6.111, 5.753, 5.651, 5.737, 5.679, 6.113, 6.284, 6.57, 7.689, 9.238, 9.373, 8.903, 8.063, 7.141, 5.313, 3.206, 2.472, 2.252, 2.205, 1.586, 1.507, 1.866, 2.338, 2.643, 2.354, 1.917, 2.214, 3.127, 4.929, 6.843, 8.453, 8.954, 8.795, 8.105, 8.303, 9.714, 12.212, 14.525, 15.77, 15.795, 15.728, 15.541, 14.86, 13.268, 12.329, 12.695, 13.985, 14.534, 14.77, 14.596, 13.726, 12.156, 10.367, 9.475, 10.127, 12.357, 14.243, 15.169, 14.834, 14.17, 13.05, 11.87, 10.72, 9.44, 8.028, 5.907, 4.801, 3.951, 2.881, 1.983, 1.755, 2.223, 2.373, 2.218, 2.543, 2.677, 3.302, 3.092, 1.557, 2.948, 4.986, 4.575, 4.062, 3.568, 3.731, 4.546, 4.967, 4.894, 4.137, 2.596, 2.131, 2.675, 2.279, 1.922, 1.9, 2.485, 3.522, 4.455, 5.493, 6.057], [5.264, 4.402, 2.33, 2.199, 1.548, 1.557, 0.0, 1.296, 2.531, 2.011, 1.779, 1.816, 2.176, 2.398, 4.09, 5.56, 5.869, 5.955, 6.194, 6.97, 6.959, 6.925, 7.549, 7.984, 7.82, 7.997, 9.358, 10.522, 11.224, 9.885, 7.779, 6.14, 5.372, 4.326, 4.472, 6.201, 7.881, 7.027, 4.676, 3.484, 2.956, 2.797, 2.634, 2.535, 2.75, 4.525, 5.136, 5.399, 5.996, 5.371, 4.489, 4.508, 4.463, 4.106, 4.15, 4.301, 5.064, 5.488, 5.361, 4.963, 4.798, 4.934, 4.985, 5.47, 5.626, 5.955, 7.083, 8.637, 8.795, 8.325, 7.485, 6.594, 4.984, 3.086, 2.14, 1.767, 1.872, 1.874, 1.63, 1.938, 1.808, 2.109, 2.124, 1.745, 2.142, 2.929, 4.306, 6.208, 7.744, 8.234, 8.123, 7.384, 7.623, 9.126, 11.625, 13.91, 15.185, 15.215, 15.151, 14.963, 14.282, 12.606, 11.737, 12.117, 13.359, 13.846, 14.08, 14.006, 13.135, 11.506, 9.789, 8.888, 9.533, 11.757, 13.655, 14.581, 14.256, 13.592, 12.463, 11.283, 10.142, 8.862, 7.478, 5.41, 4.169, 3.331, 2.993, 2.561, 2.22, 2.739, 2.869, 2.687, 2.763, 2.452, 2.812, 2.723, 1.977, 4.047, 6.074, 5.637, 5.097, 4.224, 4.438, 5.19, 5.766, 5.501, 4.632, 3.162, 2.355, 2.165, 2.673, 2.6, 2.443, 2.331, 2.766, 3.582, 4.67, 5.37], [4.953, 4.129, 1.924, 1.802, 1.712, 1.719, 1.296, 0.0, 1.584, 1.565, 1.561, 1.164, 1.547, 2.237, 4.311, 5.768, 6.018, 6.204, 6.404, 7.078, 7.172, 6.997, 7.638, 7.864, 7.8, 8.162, 9.404, 10.641, 11.421, 10.023, 7.887, 6.296, 5.336, 4.303, 4.496, 6.105, 7.986, 7.278, 4.915, 2.903, 2.152, 2.248, 2.1, 1.925, 2.168, 4.309, 5.08, 5.441, 6.02, 5.431, 4.254, 4.347, 4.371, 4.035, 4.026, 4.249, 4.923, 5.35, 5.237, 4.979, 4.807, 4.908, 4.853, 5.279, 5.457, 5.759, 6.927, 8.401, 8.487, 8.019, 7.181, 6.351, 4.786, 3.07, 2.623, 1.567, 1.95, 1.87, 1.318, 1.648, 2.001, 2.231, 1.979, 1.513, 1.692, 2.542, 4.125, 6.034, 7.566, 8.039, 7.857, 7.229, 7.427, 8.862, 11.36, 13.607, 14.884, 14.909, 14.842, 14.654, 13.981, 12.407, 11.492, 11.811, 13.055, 13.611, 13.875, 13.753, 12.883, 11.305, 9.53, 8.604, 9.256, 11.486, 13.406, 14.317, 13.947, 13.283, 12.198, 11.018, 9.864, 8.553, 7.198, 5.194, 3.962, 3.075, 2.418, 2.177, 1.773, 2.032, 2.189, 2.064, 2.268, 1.961, 2.501, 2.407, 1.432, 4.132, 6.164, 5.756, 5.318, 4.503, 4.648, 5.448, 5.939, 5.504, 4.538, 2.839, 1.853, 1.884, 2.209, 2.02, 1.91, 1.874, 2.612, 3.546, 4.521, 5.165], [4.171, 3.451, 1.869, 2.293, 2.466, 2.598, 2.531, 1.584, 0.0, 1.237, 1.515, 1.488, 1.969, 2.844, 5.059, 6.572, 6.868, 6.776, 7.17, 7.928, 7.997, 7.516, 7.939, 8.303, 8.604, 9.065, 10.255, 11.492, 12.315, 10.879, 8.709, 7.035, 5.79, 4.634, 4.793, 6.311, 8.82, 8.113, 5.415, 2.624, 1.295, 1.54, 1.47, 1.875, 1.841, 3.769, 5.271, 6.053, 6.08, 5.386, 4.314, 4.394, 4.444, 4.105, 3.805, 4.185, 4.921, 5.241, 5.251, 5.14, 5.091, 5.114, 4.648, 5.008, 5.081, 5.38, 6.398, 7.606, 7.64, 7.253, 6.599, 5.896, 4.681, 3.347, 2.736, 2.101, 2.199, 2.131, 1.672, 1.811, 2.195, 2.426, 2.265, 1.678, 1.95, 2.327, 3.385, 5.318, 7.022, 7.654, 7.225, 6.478, 6.691, 8.028, 10.509, 12.85, 14.009, 14.053, 13.965, 13.777, 13.128, 11.649, 10.66, 10.975, 12.263, 12.889, 13.289, 12.977, 12.123, 10.563, 8.707, 7.756, 8.408, 10.642, 12.574, 13.456, 13.07, 12.406, 11.383, 10.157, 9.009, 7.693, 6.337, 4.331, 3.129, 2.613, 1.965, 1.996, 1.831, 1.908, 2.084, 2.008, 2.172, 2.051, 2.414, 2.174, 1.849, 4.415, 6.484, 6.093, 5.654, 5.332, 5.431, 6.292, 6.704, 6.4, 5.404, 3.699, 2.303, 2.623, 2.816, 2.044, 1.975, 2.031, 2.657, 3.741, 4.426, 4.907], [4.093, 3.28, 1.932, 2.312, 2.368, 2.44, 2.011, 1.565, 1.237, 0.0, 1.143, 1.251, 1.878, 2.959, 5.369, 6.883, 7.158, 7.044, 7.442, 8.213, 8.291, 7.784, 8.068, 8.497, 8.856, 9.385, 10.498, 11.743, 12.584, 11.168, 8.96, 7.336, 6.086, 4.988, 5.13, 6.607, 9.102, 8.406, 5.777, 3.031, 1.512, 1.421, 1.82, 2.009, 1.937, 3.559, 4.982, 5.829, 5.756, 5.102, 4.397, 4.515, 4.262, 3.866, 3.487, 3.791, 4.532, 5.031, 5.093, 4.974, 4.913, 4.933, 4.532, 4.943, 5.073, 5.099, 5.941, 7.352, 7.358, 6.867, 6.178, 5.638, 4.419, 3.02, 2.524, 1.991, 1.707, 1.9, 1.481, 1.57, 1.893, 2.07, 2.165, 1.53, 1.854, 2.423, 3.236, 5.349, 7.077, 7.721, 7.301, 6.459, 6.629, 7.85, 10.341, 12.718, 13.785, 13.756, 13.691, 13.484, 12.91, 11.545, 10.532, 10.764, 12.081, 12.961, 13.284, 12.756, 11.894, 10.423, 8.481, 7.53, 8.303, 10.424, 12.357, 13.244, 12.803, 12.154, 11.163, 9.969, 8.792, 7.542, 6.114, 4.018, 2.761, 2.112, 1.782, 1.695, 1.652, 1.961, 2.281, 2.47, 2.713, 2.235, 2.27, 1.821, 1.563, 4.428, 6.722, 6.32, 5.923, 5.625, 5.668, 6.586, 7.027, 6.686, 5.721, 3.886, 2.624, 2.562, 2.983, 2.501, 2.199, 1.962, 2.592, 3.595, 4.385, 4.964], [3.93, 3.258, 1.569, 2.437, 2.383, 2.204, 1.779, 1.561, 1.515, 1.143, 0.0, 1.225, 2.039, 3.07, 5.395, 6.878, 7.146, 7.065, 7.425, 8.224, 8.293, 7.795, 8.199, 8.599, 8.856, 9.403, 10.502, 11.718, 12.559, 11.155, 8.941, 7.349, 6.178, 5.198, 5.444, 6.756, 9.084, 8.406, 5.81, 3.347, 2.002, 1.788, 2.406, 2.472, 2.378, 3.997, 4.905, 5.644, 5.693, 5.201, 4.627, 4.711, 4.425, 4.08, 3.631, 3.829, 4.457, 4.821, 4.762, 4.587, 4.551, 4.586, 4.374, 4.717, 4.694, 4.934, 6.126, 7.347, 7.361, 6.958, 6.318, 5.71, 4.323, 2.748, 2.469, 2.029, 1.612, 1.513, 1.66, 1.425, 1.404, 1.68, 1.761, 1.334, 1.471, 2.019, 3.093, 5.031, 6.735, 7.301, 7.004, 6.267, 6.477, 7.794, 10.292, 12.522, 13.767, 13.759, 13.689, 13.502, 12.9, 11.471, 10.412, 10.73, 12.049, 12.684, 12.974, 12.738, 11.868, 10.338, 8.468, 7.5, 8.112, 10.394, 12.326, 13.236, 12.795, 12.146, 11.144, 9.937, 8.783, 7.433, 6.027, 3.896, 2.757, 2.312, 2.332, 2.092, 2.066, 2.218, 2.4, 2.695, 2.911, 2.429, 1.946, 1.56, 1.548, 4.529, 6.687, 6.367, 5.96, 5.607, 5.65, 6.567, 7.05, 6.732, 5.785, 3.913, 2.738, 2.642, 3.091, 2.587, 2.372, 1.531, 2.079, 3.181, 3.928, 4.4], [4.65, 3.877, 1.732, 1.484, 1.709, 1.694, 1.816, 1.164, 1.488, 1.251, 1.225, 0.0, 1.222, 2.159, 4.57, 6.091, 6.381, 6.274, 6.687, 7.458, 7.53, 7.017, 7.434, 7.814, 8.054, 8.576, 9.733, 10.979, 11.82, 10.394, 8.188, 6.555, 5.336, 4.252, 4.438, 5.971, 8.328, 7.651, 4.915, 2.537, 1.959, 1.965, 1.889, 1.714, 1.986, 4.17, 4.945, 5.704, 5.797, 5.222, 4.365, 4.534, 4.353, 3.96, 3.812, 3.943, 4.676, 5.124, 5.099, 4.958, 4.83, 4.955, 4.754, 5.193, 5.318, 5.418, 6.576, 8.061, 8.09, 7.62, 6.869, 6.099, 4.522, 2.905, 2.634, 1.92, 1.766, 1.568, 1.211, 1.231, 1.785, 2.062, 1.951, 1.242, 1.562, 2.193, 3.855, 5.776, 7.418, 8.011, 7.676, 6.979, 7.177, 8.535, 11.019, 13.244, 14.507, 14.521, 14.445, 14.257, 13.64, 12.146, 11.152, 11.47, 12.724, 13.357, 13.655, 13.484, 12.614, 11.038, 9.191, 8.24, 8.86, 11.134, 13.066, 13.976, 13.55, 12.886, 11.891, 10.678, 9.523, 8.173, 6.824, 4.755, 3.55, 2.721, 1.96, 1.559, 1.273, 1.598, 1.862, 1.876, 2.3, 2.034, 2.398, 1.955, 0.865, 3.776, 5.961, 5.588, 5.178, 4.852, 4.895, 5.812, 6.224, 5.917, 4.933, 3.135, 2.164, 2.368, 2.539, 2.033, 1.883, 1.642, 2.695, 3.611, 4.569, 5.145], [5.34, 4.538, 2.336, 1.358, 1.615, 1.921, 2.176, 1.547, 1.969, 1.878, 2.039, 1.222, 0.0, 1.476, 3.857, 5.442, 5.739, 5.713, 5.967, 6.761, 6.88, 6.576, 7.111, 7.4, 7.465, 7.861, 9.098, 10.273, 11.087, 9.706, 7.489, 5.894, 4.717, 3.607, 3.79, 5.446, 7.64, 6.94, 4.246, 2.061, 2.271, 2.581, 1.796, 1.389, 2.193, 4.715, 5.525, 6.165, 6.344, 5.725, 4.62, 4.845, 4.809, 4.401, 4.365, 4.581, 5.256, 5.746, 5.78, 5.406, 5.319, 5.356, 5.223, 5.809, 5.902, 6.129, 7.266, 8.781, 8.802, 8.326, 7.569, 6.823, 5.105, 3.498, 2.976, 2.323, 2.504, 2.058, 1.459, 1.717, 2.573, 2.798, 2.66, 1.968, 1.983, 2.747, 4.556, 6.446, 7.978, 8.473, 8.252, 7.635, 7.833, 9.236, 11.734, 13.915, 15.222, 15.217, 15.151, 14.963, 14.354, 12.823, 11.872, 12.186, 13.37, 13.952, 14.281, 14.169, 13.299, 11.728, 9.91, 8.96, 9.571, 11.853, 13.786, 14.691, 14.256, 13.6, 12.576, 11.392, 10.238, 8.887, 7.512, 5.485, 4.249, 3.438, 2.42, 1.687, 1.459, 1.271, 1.524, 1.44, 1.855, 2.061, 3.001, 2.67, 1.321, 3.438, 5.558, 5.235, 4.718, 4.205, 4.199, 5.106, 5.606, 5.245, 4.163, 2.556, 1.825, 2.5, 2.141, 2.201, 2.017, 2.286, 3.181, 4.089, 4.937, 5.63], [6.577, 5.71, 3.342, 1.421, 1.596, 2.032, 2.398, 2.237, 2.844, 2.959, 3.07, 2.159, 1.476, 0.0, 2.562, 4.181, 4.495, 4.352, 4.729, 5.628, 5.61, 5.398, 5.935, 6.364, 6.417, 6.623, 8.041, 9.217, 9.914, 8.585, 6.467, 4.743, 3.643, 2.482, 2.527, 4.343, 6.558, 5.628, 2.885, 1.831, 3.292, 3.802, 2.29, 1.784, 2.981, 5.576, 6.478, 6.984, 7.112, 6.509, 5.058, 5.293, 5.406, 5.177, 5.252, 5.526, 6.336, 6.765, 6.705, 6.408, 6.254, 6.37, 6.339, 6.916, 7.023, 7.317, 8.436, 9.985, 10.125, 9.655, 8.815, 7.901, 6.203, 4.369, 3.343, 2.838, 3.229, 2.7, 1.972, 2.459, 3.221, 3.688, 3.449, 2.815, 2.874, 3.65, 5.676, 7.576, 9.082, 9.624, 9.452, 8.714, 8.953, 10.454, 12.952, 15.239, 16.512, 16.544, 16.48, 16.293, 15.612, 13.943, 13.076, 13.447, 14.688, 15.187, 15.407, 15.336, 14.463, 12.835, 11.125, 10.235, 10.887, 13.117, 14.99, 15.909, 15.586, 14.922, 13.79, 12.61, 11.472, 10.192, 8.83, 6.789, 5.544, 4.645, 3.218, 2.348, 2.065, 2.097, 1.932, 1.758, 2.003, 2.77, 4.051, 3.924, 1.943, 2.383, 4.497, 4.032, 3.446, 2.924, 3.089, 3.833, 4.365, 4.04, 3.041, 2.03, 2.333, 3.329, 2.637, 2.53, 2.566, 3.361, 4.253, 4.991, 6.082, 6.77], [9.091, 8.22, 5.871, 3.629, 3.145, 3.308, 4.09, 4.311, 5.059, 5.369, 5.395, 4.57, 3.857, 2.562, 0.0, 1.871, 2.134, 2.106, 2.419, 3.187, 3.193, 3.095, 3.68, 4.237, 4.2, 4.261, 5.672, 6.8, 7.48, 6.139, 4.093, 2.506, 2.009, 1.776, 1.568, 2.617, 4.104, 3.222, 1.792, 2.909, 5.687, 6.207, 4.552, 3.87, 5.398, 7.896, 8.815, 9.025, 9.4, 8.618, 6.661, 6.434, 7.406, 7.378, 7.524, 7.737, 8.686, 9.283, 9.15, 8.774, 8.644, 8.713, 8.818, 9.332, 9.506, 9.785, 10.87, 12.433, 12.639, 12.166, 11.329, 10.396, 8.559, 6.297, 5.117, 4.816, 5.187, 4.61, 4.202, 4.727, 5.406, 5.776, 5.472, 5.054, 5.257, 6.075, 8.047, 9.961, 11.549, 12.059, 11.967, 11.239, 11.426, 12.916, 15.453, 17.74, 19.015, 19.045, 18.984, 18.807, 18.126, 16.382, 15.487, 15.961, 17.202, 17.69, 17.918, 17.85, 16.973, 15.347, 13.63, 12.731, 13.38, 15.609, 17.417, 18.351, 18.095, 17.422, 16.286, 15.096, 13.986, 12.706, 11.301, 9.207, 8.021, 7.138, 5.491, 4.482, 4.287, 4.439, 4.068, 3.762, 3.957, 5.23, 6.499, 6.357, 4.223, 1.573, 2.422, 1.968, 1.934, 1.457, 1.596, 1.67, 1.963, 2.421, 2.129, 2.505, 4.024, 5.15, 3.982, 3.695, 4.235, 5.661, 6.487, 7.428, 8.498, 9.201], [10.633, 9.814, 7.499, 5.222, 4.712, 4.872, 5.56, 5.768, 6.572, 6.883, 6.878, 6.091, 5.442, 4.181, 1.871, 0.0, 0.848, 1.31, 1.462, 1.782, 1.8, 1.552, 2.472, 2.935, 2.772, 2.834, 4.131, 5.22, 5.919, 4.627, 2.629, 1.572, 1.887, 2.254, 2.224, 1.789, 2.626, 2.055, 2.355, 4.389, 7.212, 7.721, 6.087, 5.411, 6.94, 9.436, 10.338, 10.486, 10.951, 10.159, 8.191, 7.897, 8.904, 8.936, 9.088, 9.301, 10.252, 10.875, 10.794, 10.396, 10.192, 10.309, 10.392, 10.91, 11.099, 11.325, 12.443, 13.994, 14.181, 13.711, 12.871, 11.938, 10.101, 7.81, 6.702, 6.356, 6.615, 6.04, 5.692, 6.268, 6.959, 7.265, 6.975, 6.544, 6.792, 7.688, 9.7, 11.619, 13.181, 13.692, 13.522, 12.847, 13.052, 14.483, 16.994, 19.291, 20.578, 20.596, 20.535, 20.348, 19.668, 18.042, 17.094, 17.503, 18.744, 19.238, 19.495, 19.423, 18.541, 16.942, 15.172, 14.273, 14.92, 17.15, 19.012, 19.938, 19.641, 18.973, 17.828, 16.64, 15.528, 14.247, 12.835, 10.732, 9.554, 8.68, 7.026, 6.02, 5.829, 5.98, 5.57, 5.292, 5.521, 6.901, 8.091, 7.894, 5.736, 2.712, 1.423, 1.275, 1.894, 2.107, 1.937, 1.081, 1.55, 2.331, 2.647, 3.654, 5.477, 6.625, 5.323, 5.149, 5.752, 7.163, 8.139, 8.987, 10.135, 10.81], [10.897, 10.038, 7.712, 5.505, 4.936, 5.122, 5.869, 6.018, 6.868, 7.158, 7.146, 6.381, 5.739, 4.495, 2.134, 0.848, 0.0, 0.869, 1.004, 1.486, 1.475, 1.317, 2.066, 2.437, 2.284, 2.392, 3.705, 4.851, 5.541, 4.253, 2.245, 1.396, 1.868, 2.487, 2.499, 1.74, 2.303, 1.787, 2.313, 4.66, 7.505, 8.02, 6.343, 5.721, 7.248, 9.709, 10.605, 10.81, 11.199, 10.416, 8.467, 8.182, 9.171, 9.181, 9.345, 9.555, 10.502, 11.098, 11.06, 10.65, 10.493, 10.631, 10.664, 11.174, 11.353, 11.663, 12.782, 14.331, 14.438, 13.968, 13.128, 12.233, 10.365, 8.081, 7.045, 6.664, 6.914, 6.345, 5.976, 6.525, 7.214, 7.548, 7.256, 6.842, 7.102, 7.985, 10.013, 11.921, 13.457, 13.88, 13.765, 13.089, 13.328, 14.806, 17.304, 19.557, 20.833, 20.86, 20.793, 20.606, 19.925, 18.318, 17.422, 17.76, 19.001, 19.494, 19.759, 19.68, 18.815, 17.21, 15.46, 14.541, 15.194, 17.423, 19.336, 20.261, 19.898, 19.234, 18.142, 16.962, 15.808, 14.504, 13.092, 10.975, 9.811, 8.937, 7.283, 6.276, 6.086, 6.237, 5.827, 5.573, 5.841, 7.156, 8.34, 8.163, 6.036, 3.018, 1.351, 1.488, 1.978, 2.465, 2.347, 1.359, 1.217, 2.031, 2.616, 3.69, 5.743, 6.915, 5.67, 5.428, 6.063, 7.471, 8.45, 9.326, 10.388, 11.066], [10.759, 9.909, 7.52, 5.36, 4.969, 5.143, 5.955, 6.204, 6.776, 7.044, 7.065, 6.274, 5.713, 4.352, 2.106, 1.31, 0.869, 0.0, 0.904, 1.667, 1.615, 1.413, 1.943, 2.502, 2.477, 2.593, 3.957, 5.159, 5.882, 4.544, 2.529, 1.547, 1.853, 2.347, 2.27, 1.804, 2.581, 1.882, 2.012, 4.561, 7.416, 7.932, 6.257, 5.603, 7.121, 9.599, 10.527, 10.838, 11.037, 10.255, 8.31, 8.006, 9.038, 9.042, 9.192, 9.382, 10.322, 10.917, 10.759, 10.49, 10.3, 10.501, 10.552, 11.119, 11.246, 11.485, 12.571, 14.13, 14.277, 13.81, 12.989, 12.049, 10.27, 7.996, 6.89, 6.664, 6.851, 6.317, 5.924, 6.373, 7.032, 7.488, 7.218, 6.766, 7.022, 7.77, 9.767, 11.676, 13.178, 13.821, 13.607, 12.844, 13.045, 14.554, 17.09, 19.38, 20.651, 20.689, 20.634, 20.444, 19.764, 18.008, 17.183, 17.599, 18.84, 19.35, 19.555, 19.488, 18.611, 17.008, 15.324, 14.405, 15.059, 17.291, 19.076, 19.988, 19.735, 19.073, 17.937, 16.763, 15.659, 14.374, 12.972, 10.864, 9.658, 8.776, 7.122, 6.115, 5.925, 6.146, 5.713, 5.417, 5.77, 7.003, 8.232, 8.068, 5.948, 3.015, 1.467, 1.605, 1.984, 2.705, 2.657, 1.692, 1.182, 2.073, 2.554, 3.806, 5.871, 7.075, 5.884, 5.428, 6.118, 7.431, 8.358, 9.202, 10.331, 10.934], [11.174, 10.321, 8.015, 5.783, 5.282, 5.435, 6.194, 6.404, 7.17, 7.442, 7.425, 6.687, 5.967, 4.729, 2.419, 1.462, 1.004, 0.904, 0.0, 1.142, 1.414, 1.497, 1.818, 2.283, 1.98, 2.119, 3.442, 4.564, 5.318, 3.984, 2.053, 1.458, 1.955, 2.739, 2.811, 1.952, 1.962, 1.591, 2.134, 4.983, 7.84, 8.356, 6.714, 6.021, 7.537, 10.014, 10.916, 11.118, 11.449, 10.667, 8.698, 8.402, 9.449, 9.458, 9.598, 9.808, 10.747, 11.37, 11.288, 10.907, 10.691, 10.876, 10.929, 11.44, 11.616, 11.928, 13.048, 14.594, 14.688, 14.218, 13.395, 12.456, 10.663, 8.386, 7.371, 6.996, 7.228, 6.639, 6.288, 6.835, 7.539, 7.872, 7.566, 7.169, 7.401, 8.277, 10.29, 12.198, 13.674, 14.144, 14.03, 13.32, 13.535, 15.019, 17.517, 19.802, 21.078, 21.11, 21.043, 20.856, 20.175, 18.525, 17.674, 18.014, 19.251, 19.778, 19.989, 19.899, 19.028, 17.462, 15.74, 14.82, 15.475, 17.706, 19.572, 20.474, 20.149, 19.485, 18.363, 17.2, 16.064, 14.78, 13.378, 11.278, 10.079, 9.187, 7.533, 6.529, 6.336, 6.487, 6.077, 5.806, 6.09, 7.378, 8.599, 8.484, 6.371, 3.415, 1.635, 1.928, 2.327, 2.82, 2.706, 1.715, 1.094, 1.955, 2.707, 4.031, 6.092, 7.303, 6.092, 5.787, 6.428, 7.802, 8.716, 9.542, 10.569, 11.287], [12.0, 11.166, 8.876, 6.626, 6.139, 6.225, 6.97, 7.078, 7.928, 8.213, 8.224, 7.458, 6.761, 5.628, 3.187, 1.782, 1.486, 1.667, 1.142, 0.0, 1.082, 1.511, 1.844, 2.235, 1.671, 1.631, 2.655, 3.745, 4.503, 3.16, 1.648, 1.703, 2.401, 3.627, 3.681, 2.406, 1.385, 1.664, 2.977, 5.783, 8.596, 9.11, 7.535, 6.814, 8.324, 10.833, 11.728, 11.851, 12.31, 11.515, 9.549, 9.231, 10.263, 10.303, 10.436, 10.649, 11.607, 12.268, 12.196, 11.797, 11.614, 11.777, 11.809, 12.31, 12.499, 12.746, 13.865, 15.414, 15.529, 15.059, 14.219, 13.286, 11.449, 9.175, 8.192, 7.761, 8.005, 7.453, 7.099, 7.702, 8.405, 8.662, 8.35, 7.94, 8.218, 9.139, 11.125, 13.044, 14.584, 15.058, 14.9, 14.229, 14.429, 15.856, 18.355, 20.643, 21.926, 21.951, 21.884, 21.696, 21.016, 19.419, 18.505, 18.864, 20.092, 20.656, 20.875, 20.774, 19.9, 18.336, 16.555, 15.665, 16.317, 18.546, 20.419, 21.311, 20.989, 20.325, 19.193, 18.013, 16.876, 15.595, 14.183, 12.068, 10.929, 10.033, 8.379, 7.371, 7.177, 7.335, 6.922, 6.7, 6.983, 8.271, 9.483, 9.281, 7.126, 4.146, 2.235, 2.628, 3.095, 3.42, 3.28, 2.3, 1.582, 2.049, 3.084, 4.55, 6.86, 7.884, 6.474, 6.487, 7.141, 8.556, 9.56, 10.476, 11.485, 12.19], [12.073, 11.18, 8.831, 6.612, 6.117, 6.264, 6.959, 7.172, 7.997, 8.291, 8.293, 7.53, 6.88, 5.61, 3.193, 1.8, 1.475, 1.615, 1.414, 1.082, 0.0, 1.34, 1.795, 2.261, 1.858, 1.623, 2.812, 3.907, 4.59, 3.243, 1.764, 1.722, 2.332, 3.622, 3.605, 2.375, 1.679, 1.694, 2.96, 5.857, 8.657, 9.13, 7.541, 6.874, 8.398, 10.906, 11.802, 11.912, 12.371, 11.588, 9.622, 9.288, 10.318, 10.352, 10.514, 10.727, 11.664, 12.267, 12.133, 11.725, 11.585, 11.755, 11.829, 12.342, 12.499, 12.798, 13.917, 15.466, 15.607, 15.137, 14.297, 13.364, 11.527, 9.248, 8.157, 7.652, 7.994, 7.421, 7.049, 7.609, 8.357, 8.736, 8.424, 8.013, 8.241, 9.078, 11.093, 13.012, 14.545, 15.041, 14.934, 14.179, 14.41, 15.913, 18.42, 20.717, 21.993, 22.029, 21.962, 21.774, 21.094, 19.391, 18.557, 18.938, 20.17, 20.691, 20.885, 20.818, 19.943, 18.317, 16.629, 15.738, 16.391, 18.62, 20.471, 21.368, 21.067, 20.403, 19.254, 18.069, 16.954, 15.673, 14.261, 12.113, 11.003, 10.107, 8.452, 7.443, 7.255, 7.409, 6.999, 6.73, 7.008, 8.276, 9.503, 9.355, 7.174, 4.101, 2.301, 2.49, 2.902, 3.291, 3.262, 2.302, 1.466, 2.126, 3.16, 4.673, 6.91, 7.979, 6.684, 6.541, 7.181, 8.607, 9.563, 10.439, 11.522, 12.182], [11.564, 10.771, 8.516, 6.235, 5.895, 5.963, 6.925, 6.997, 7.516, 7.784, 7.795, 7.017, 6.576, 5.398, 3.095, 1.552, 1.317, 1.413, 1.497, 1.511, 1.34, 0.0, 1.199, 1.732, 1.73, 1.917, 3.09, 4.216, 5.011, 3.616, 1.636, 1.258, 2.02, 3.257, 3.331, 1.681, 1.653, 1.515, 3.066, 5.323, 8.135, 8.599, 7.104, 6.392, 7.893, 10.372, 11.322, 11.66, 11.904, 11.079, 9.155, 8.894, 9.847, 9.905, 10.029, 10.222, 11.2, 11.897, 11.817, 11.534, 11.344, 11.533, 11.463, 11.977, 12.149, 12.262, 13.381, 14.93, 15.101, 14.631, 13.816, 12.858, 11.044, 8.758, 7.816, 7.452, 7.446, 6.905, 6.638, 7.235, 7.975, 8.237, 7.966, 7.499, 7.899, 8.696, 10.671, 12.59, 14.213, 14.821, 14.542, 13.835, 14.014, 15.404, 17.914, 20.213, 21.497, 21.516, 21.456, 21.268, 20.587, 18.997, 18.021, 18.422, 19.673, 20.247, 20.483, 20.376, 19.494, 17.895, 16.095, 15.204, 15.857, 18.086, 19.935, 20.859, 20.561, 19.897, 18.755, 17.561, 16.447, 15.167, 13.755, 11.592, 10.474, 9.6, 7.945, 6.943, 6.748, 6.973, 6.536, 6.38, 6.781, 8.079, 9.122, 8.821, 6.64, 3.543, 1.752, 2.025, 2.552, 3.206, 3.136, 2.182, 1.715, 2.654, 3.569, 4.647, 6.8, 7.974, 6.621, 6.105, 6.817, 8.168, 9.305, 10.261, 11.372, 11.885], [11.909, 11.173, 9.026, 6.67, 6.432, 6.455, 7.549, 7.638, 7.939, 8.068, 8.199, 7.434, 7.111, 5.935, 3.68, 2.472, 2.066, 1.943, 1.818, 1.844, 1.795, 1.199, 0.0, 1.314, 1.454, 1.887, 2.877, 3.968, 4.758, 3.262, 1.556, 1.638, 2.445, 3.766, 3.851, 1.916, 1.753, 2.226, 3.277, 5.669, 8.488, 8.855, 7.552, 6.767, 8.335, 10.635, 11.823, 12.232, 12.259, 11.459, 9.674, 9.348, 10.187, 10.277, 10.337, 10.538, 11.578, 12.385, 12.291, 12.094, 11.909, 12.1, 11.982, 12.417, 12.579, 12.529, 13.568, 15.143, 15.34, 14.87, 14.105, 13.208, 11.505, 9.249, 8.299, 8.041, 7.738, 7.297, 7.128, 7.738, 8.469, 8.691, 8.36, 7.93, 8.394, 9.148, 10.929, 12.921, 14.709, 15.364, 15.059, 14.2, 14.395, 15.694, 18.205, 20.574, 21.745, 21.788, 21.701, 21.508, 20.827, 19.368, 18.259, 18.667, 20.086, 20.76, 20.929, 20.657, 19.775, 18.246, 16.358, 15.433, 16.136, 18.302, 20.161, 21.087, 20.801, 20.137, 19.037, 17.806, 16.698, 15.439, 14.075, 11.866, 10.714, 9.839, 8.195, 7.21, 7.143, 7.372, 7.015, 6.912, 7.323, 8.584, 9.611, 9.121, 6.968, 3.995, 2.384, 2.65, 3.231, 4.106, 3.982, 3.041, 2.241, 3.09, 4.086, 5.261, 7.45, 8.59, 7.278, 6.575, 7.287, 8.663, 9.824, 10.81, 11.915, 12.415], [12.313, 11.585, 9.41, 7.05, 6.888, 6.956, 7.984, 7.864, 8.303, 8.497, 8.599, 7.814, 7.4, 6.364, 4.237, 2.935, 2.437, 2.502, 2.283, 2.235, 2.261, 1.732, 1.314, 0.0, 1.31, 1.601, 2.357, 3.553, 4.364, 2.964, 1.834, 2.3, 2.857, 4.174, 4.276, 2.39, 1.877, 2.768, 3.771, 6.005, 8.843, 9.297, 7.913, 7.208, 8.747, 11.032, 12.032, 12.543, 12.619, 11.771, 10.03, 9.754, 10.528, 10.6, 10.685, 10.919, 11.979, 12.781, 12.729, 12.456, 12.281, 12.469, 12.366, 12.775, 12.946, 12.973, 14.038, 15.6, 15.665, 15.135, 14.518, 13.645, 11.805, 9.485, 8.769, 8.525, 8.308, 7.89, 7.667, 8.351, 9.062, 8.995, 8.72, 8.327, 8.748, 9.582, 11.398, 13.351, 15.148, 15.72, 15.41, 14.65, 14.866, 16.161, 18.662, 20.888, 22.117, 22.104, 21.915, 21.728, 21.197, 19.855, 18.711, 19.076, 20.433, 21.07, 21.358, 21.102, 20.241, 18.715, 16.822, 15.772, 16.43, 18.652, 20.608, 21.534, 21.092, 20.48, 19.508, 18.276, 17.134, 15.779, 14.414, 12.241, 10.977, 10.109, 8.558, 7.613, 7.523, 7.666, 7.342, 7.307, 7.693, 8.98, 9.976, 9.41, 7.458, 4.524, 2.826, 3.246, 3.901, 4.643, 4.45, 3.54, 2.693, 3.459, 4.454, 5.666, 7.72, 8.901, 7.635, 6.898, 7.529, 9.046, 10.214, 11.174, 12.258, 12.808], [12.611, 11.854, 9.603, 7.317, 6.884, 7.012, 7.82, 7.8, 8.604, 8.856, 8.856, 8.054, 7.465, 6.417, 4.2, 2.772, 2.284, 2.477, 1.98, 1.671, 1.858, 1.73, 1.454, 1.31, 0.0, 1.017, 1.803, 2.974, 3.815, 2.487, 1.326, 2.074, 3.026, 4.303, 4.411, 2.548, 1.041, 2.17, 3.845, 6.371, 9.229, 9.751, 8.24, 7.531, 9.02, 11.417, 12.258, 12.484, 12.892, 12.05, 10.182, 9.875, 10.886, 10.875, 10.999, 11.232, 12.227, 12.94, 12.875, 12.475, 12.336, 12.485, 12.493, 12.947, 13.14, 13.391, 14.511, 16.057, 16.067, 15.591, 14.819, 13.932, 12.039, 9.746, 8.965, 8.58, 8.729, 8.241, 7.845, 8.54, 9.242, 9.242, 9.033, 8.6, 8.951, 9.868, 11.837, 13.733, 15.245, 15.737, 15.535, 14.908, 15.106, 16.5, 18.999, 21.19, 22.486, 22.483, 22.416, 22.229, 21.619, 20.077, 19.137, 19.449, 20.646, 21.24, 21.561, 21.423, 20.552, 18.996, 17.194, 16.215, 16.83, 19.113, 21.041, 21.955, 21.522, 20.865, 19.839, 18.676, 17.526, 16.172, 14.768, 12.685, 11.439, 10.56, 8.917, 7.942, 7.713, 7.861, 7.46, 7.403, 7.719, 9.018, 10.121, 9.857, 7.792, 4.973, 3.096, 3.577, 4.112, 4.585, 4.402, 3.471, 2.522, 2.927, 4.027, 5.465, 7.576, 8.742, 7.345, 7.17, 7.766, 9.23, 10.329, 11.202, 12.231, 12.843], [13.063, 12.21, 9.884, 7.685, 7.199, 7.351, 7.997, 8.162, 9.065, 9.385, 9.403, 8.576, 7.861, 6.623, 4.261, 2.834, 2.392, 2.593, 2.119, 1.631, 1.623, 1.917, 1.887, 1.601, 1.017, 0.0, 1.515, 2.719, 3.464, 2.242, 1.538, 2.312, 3.418, 4.595, 4.653, 2.957, 1.297, 1.973, 4.009, 6.867, 9.734, 10.254, 8.587, 7.917, 9.444, 11.903, 12.792, 12.914, 13.321, 12.539, 10.58, 10.29, 11.305, 11.331, 11.494, 11.681, 12.628, 13.218, 13.153, 12.744, 12.569, 12.755, 12.833, 13.341, 13.508, 13.84, 14.96, 16.506, 16.561, 16.111, 15.291, 14.375, 12.559, 10.275, 9.258, 8.891, 9.211, 8.667, 8.26, 8.805, 9.485, 9.759, 9.483, 9.075, 9.289, 10.164, 12.192, 14.1, 15.56, 16.009, 15.888, 15.181, 15.43, 16.915, 19.413, 21.678, 22.954, 22.982, 22.935, 22.728, 22.062, 20.43, 19.586, 19.883, 21.14, 21.65, 21.886, 21.789, 20.927, 19.364, 17.643, 16.709, 17.364, 19.595, 21.477, 22.37, 22.021, 21.363, 20.282, 19.119, 17.97, 16.676, 15.281, 13.2, 11.956, 11.06, 9.43, 8.415, 8.21, 8.36, 7.98, 7.7, 7.965, 9.259, 10.502, 10.375, 8.283, 5.371, 3.406, 3.769, 4.228, 4.556, 4.486, 3.465, 2.606, 3.074, 4.065, 5.746, 7.866, 8.951, 7.661, 7.622, 8.278, 9.706, 10.627, 11.42, 12.433, 13.186], [14.277, 13.518, 11.251, 8.977, 8.473, 8.585, 9.358, 9.404, 10.255, 10.498, 10.502, 9.733, 9.098, 8.041, 5.672, 4.131, 3.705, 3.957, 3.442, 2.655, 2.812, 3.09, 2.877, 2.357, 1.803, 1.515, 0.0, 1.616, 2.403, 1.971, 2.172, 3.523, 4.582, 5.938, 6.044, 4.167, 1.961, 3.284, 5.425, 8.02, 10.877, 11.392, 9.857, 9.177, 10.677, 13.076, 13.937, 14.133, 14.549, 13.714, 11.817, 11.53, 12.545, 12.535, 12.665, 12.887, 13.875, 14.576, 14.527, 14.123, 13.967, 14.103, 14.134, 14.608, 14.801, 15.05, 16.17, 17.716, 17.736, 17.27, 16.488, 15.598, 13.718, 11.433, 10.594, 10.175, 10.348, 9.812, 9.442, 10.12, 10.805, 10.903, 10.648, 10.234, 10.568, 11.503, 13.484, 15.393, 16.895, 17.363, 17.177, 16.56, 16.758, 18.155, 20.653, 22.861, 24.141, 24.158, 24.094, 23.903, 23.274, 21.736, 20.796, 21.104, 22.309, 22.873, 23.206, 23.079, 22.209, 20.661, 18.853, 17.874, 18.509, 20.772, 22.688, 23.61, 23.196, 22.532, 21.505, 20.342, 19.193, 17.838, 16.432, 14.326, 13.109, 12.235, 10.592, 9.579, 9.384, 9.535, 9.138, 9.01, 9.339, 10.639, 11.781, 11.518, 9.41, 6.486, 4.5, 4.986, 5.5, 5.86, 5.672, 4.799, 3.93, 4.113, 5.351, 6.967, 9.186, 10.28, 8.84, 8.809, 9.424, 10.863, 11.944, 12.818, 13.833, 14.487], [15.528, 14.765, 12.492, 10.218, 9.677, 9.837, 10.522, 10.641, 11.492, 11.743, 11.718, 10.979, 10.273, 9.217, 6.8, 5.22, 4.851, 5.159, 4.564, 3.745, 3.907, 4.216, 3.968, 3.553, 2.974, 2.719, 1.616, 0.0, 1.033, 1.308, 3.026, 4.701, 5.822, 7.156, 7.266, 5.409, 2.925, 4.342, 6.577, 9.255, 12.128, 12.634, 11.087, 10.412, 11.917, 14.297, 15.172, 15.388, 15.828, 14.985, 13.076, 12.789, 13.793, 13.805, 13.94, 14.153, 15.145, 15.843, 15.799, 15.394, 15.214, 15.339, 15.362, 15.848, 16.041, 16.271, 17.391, 18.936, 19.007, 18.537, 17.743, 16.841, 14.963, 12.679, 11.824, 11.399, 11.526, 10.963, 10.643, 11.299, 12.003, 12.135, 11.869, 11.457, 11.779, 12.735, 14.725, 16.635, 18.166, 18.629, 18.448, 17.831, 18.029, 19.414, 21.913, 24.126, 25.404, 25.429, 25.362, 25.175, 24.533, 23.012, 22.025, 22.363, 23.585, 24.142, 24.477, 24.358, 23.488, 21.915, 20.082, 19.108, 19.752, 22.001, 23.943, 24.869, 24.467, 23.803, 22.764, 21.577, 20.427, 19.08, 17.678, 15.574, 14.38, 13.506, 11.852, 10.849, 10.655, 10.806, 10.407, 10.277, 10.522, 11.828, 13.025, 12.756, 10.642, 7.619, 5.64, 6.13, 6.639, 6.971, 6.729, 5.779, 5.13, 5.31, 6.467, 8.163, 10.378, 11.44, 10.029, 10.051, 10.658, 12.087, 13.165, 14.033, 15.048, 15.758], [16.365, 15.538, 13.229, 10.981, 10.393, 10.585, 11.224, 11.421, 12.315, 12.584, 12.559, 11.82, 11.087, 9.914, 7.48, 5.919, 5.541, 5.882, 5.318, 4.503, 4.59, 5.011, 4.758, 4.364, 3.815, 3.464, 2.403, 1.033, 0.0, 1.617, 3.809, 5.428, 6.57, 7.871, 7.964, 6.164, 3.683, 4.991, 7.225, 10.074, 12.91, 13.425, 11.749, 11.177, 12.714, 15.13, 16.033, 16.248, 16.639, 15.854, 13.936, 13.649, 14.644, 14.629, 14.782, 15.006, 15.968, 16.594, 16.563, 16.159, 15.952, 16.074, 16.133, 16.636, 16.827, 17.107, 18.226, 19.785, 19.876, 19.406, 18.572, 17.701, 15.804, 13.52, 12.498, 12.097, 12.316, 11.752, 11.352, 11.984, 12.699, 12.963, 12.688, 12.265, 12.509, 13.461, 15.488, 17.397, 18.955, 19.388, 19.22, 18.596, 18.827, 20.274, 22.772, 24.995, 26.273, 26.298, 26.231, 26.043, 25.393, 23.817, 22.885, 23.223, 24.439, 24.927, 25.242, 25.163, 24.292, 22.709, 20.925, 19.968, 20.613, 22.848, 24.803, 25.729, 25.336, 24.672, 23.611, 22.43, 21.276, 19.942, 18.53, 16.388, 15.249, 14.375, 12.721, 11.718, 11.524, 11.675, 11.265, 11.033, 11.239, 12.591, 13.83, 13.596, 11.443, 8.386, 6.453, 6.863, 7.365, 7.651, 7.451, 6.386, 5.805, 6.056, 7.139, 8.895, 11.107, 12.139, 10.817, 10.825, 11.457, 12.876, 13.903, 14.751, 15.791, 16.562], [14.946, 14.14, 11.853, 9.53, 9.016, 9.175, 9.885, 10.023, 10.879, 11.168, 11.155, 10.394, 9.706, 8.585, 6.139, 4.627, 4.253, 4.544, 3.984, 3.16, 3.243, 3.616, 3.262, 2.964, 2.487, 2.242, 1.971, 1.308, 1.617, 0.0, 2.384, 3.949, 5.149, 6.529, 6.639, 4.688, 2.325, 3.73, 5.872, 8.662, 11.435, 11.939, 10.393, 9.752, 11.283, 13.717, 14.642, 14.829, 15.266, 14.463, 12.517, 12.23, 13.229, 13.252, 13.391, 13.604, 14.562, 15.236, 15.19, 14.786, 14.612, 14.737, 14.749, 15.234, 15.427, 15.684, 16.79, 18.366, 18.484, 18.014, 17.177, 16.282, 14.404, 12.113, 11.089, 10.609, 10.802, 10.251, 9.895, 10.529, 11.326, 11.557, 11.209, 10.79, 11.067, 12.041, 14.039, 15.948, 17.564, 18.023, 17.85, 17.223, 17.435, 18.855, 21.353, 23.604, 24.881, 24.906, 24.839, 24.652, 23.974, 22.425, 21.466, 21.806, 23.047, 23.572, 23.869, 23.771, 22.901, 21.318, 19.506, 18.576, 19.221, 21.445, 23.384, 24.31, 23.945, 23.281, 22.192, 21.011, 19.857, 18.551, 17.139, 14.975, 13.857, 12.983, 11.329, 10.327, 10.132, 10.284, 9.873, 9.67, 9.919, 11.217, 12.439, 12.198, 10.003, 6.957, 5.037, 5.451, 5.949, 6.277, 6.1, 5.087, 4.395, 4.688, 5.807, 7.511, 9.795, 10.75, 9.387, 9.329, 9.98, 11.399, 12.487, 13.431, 14.446, 15.171], [12.804, 12.009, 9.734, 7.399, 6.905, 7.057, 7.779, 7.887, 8.709, 8.96, 8.941, 8.188, 7.489, 6.467, 4.093, 2.629, 2.245, 2.529, 2.053, 1.648, 1.764, 1.636, 1.556, 1.834, 1.326, 1.538, 2.172, 3.026, 3.809, 2.384, 0.0, 1.836, 2.979, 4.402, 4.51, 2.552, 1.162, 1.936, 3.8, 6.467, 9.234, 9.704, 8.242, 7.627, 9.151, 11.552, 12.433, 12.683, 13.11, 12.259, 10.371, 10.084, 11.086, 11.084, 11.217, 11.441, 12.419, 13.11, 13.073, 12.668, 12.483, 12.608, 12.629, 13.103, 13.295, 13.538, 14.644, 16.22, 16.276, 15.806, 15.026, 14.136, 12.199, 9.904, 8.953, 8.454, 8.607, 8.047, 7.7, 8.395, 9.223, 9.348, 9.063, 8.627, 8.93, 9.924, 11.908, 13.817, 15.44, 15.897, 15.722, 15.105, 15.304, 16.709, 19.208, 21.395, 22.695, 22.697, 22.631, 22.443, 21.828, 20.294, 19.32, 19.658, 20.841, 21.398, 21.751, 21.64, 20.77, 19.186, 17.36, 16.402, 17.013, 19.283, 21.238, 22.164, 21.736, 21.074, 20.047, 18.866, 17.711, 16.361, 14.93, 12.767, 11.649, 10.775, 9.121, 8.133, 7.924, 8.075, 7.664, 7.544, 7.797, 9.101, 10.308, 9.989, 7.796, 4.789, 2.908, 3.397, 3.901, 4.26, 3.994, 3.039, 2.462, 2.914, 3.915, 5.358, 7.643, 8.623, 7.256, 7.172, 7.752, 9.21, 10.367, 11.302, 12.318, 13.04], [11.097, 10.283, 7.992, 5.673, 5.241, 5.339, 6.14, 6.296, 7.035, 7.336, 7.349, 6.555, 5.894, 4.743, 2.506, 1.572, 1.396, 1.547, 1.458, 1.703, 1.722, 1.258, 1.638, 2.3, 2.074, 2.312, 3.523, 4.701, 5.428, 3.949, 1.836, 0.0, 1.429, 2.659, 2.84, 1.233, 1.901, 1.709, 2.261, 4.823, 7.612, 8.085, 6.548, 5.885, 7.413, 9.878, 10.802, 11.004, 11.42, 10.623, 8.661, 8.42, 9.385, 9.427, 9.552, 9.764, 10.722, 11.377, 11.33, 10.926, 10.748, 10.869, 10.887, 11.362, 11.555, 11.819, 12.925, 14.501, 14.645, 14.175, 13.334, 12.417, 10.565, 8.286, 7.217, 6.744, 6.98, 6.456, 6.063, 6.713, 7.504, 7.78, 7.424, 6.985, 7.246, 8.186, 10.173, 12.092, 13.698, 14.16, 14.016, 13.363, 13.563, 14.99, 17.488, 19.761, 21.042, 21.066, 21.0, 20.812, 20.132, 18.553, 17.601, 17.967, 19.208, 19.731, 20.009, 19.899, 19.029, 17.446, 15.641, 14.737, 15.382, 17.606, 19.519, 20.445, 20.105, 19.441, 18.327, 17.146, 15.992, 14.711, 13.299, 11.136, 10.018, 9.144, 7.511, 6.5, 6.293, 6.444, 6.041, 5.8, 6.07, 7.39, 8.567, 8.358, 6.167, 3.373, 1.778, 2.033, 2.434, 3.017, 2.8, 1.89, 1.468, 2.006, 2.974, 3.996, 6.097, 7.221, 5.971, 5.653, 6.137, 7.562, 8.625, 9.574, 10.617, 11.299], [9.882, 9.058, 6.798, 4.484, 4.193, 4.376, 5.372, 5.336, 5.79, 6.086, 6.178, 5.336, 4.717, 3.643, 2.009, 1.887, 1.868, 1.853, 1.955, 2.401, 2.332, 2.02, 2.445, 2.857, 3.026, 3.418, 4.582, 5.822, 6.57, 5.149, 2.979, 1.429, 0.0, 1.574, 1.771, 1.427, 3.088, 2.619, 1.517, 3.564, 6.363, 6.855, 5.334, 4.692, 6.214, 8.637, 9.574, 10.045, 10.16, 9.378, 7.541, 7.339, 8.241, 8.165, 8.284, 8.523, 9.498, 10.181, 10.126, 9.814, 9.607, 9.788, 9.694, 10.201, 10.359, 10.62, 11.733, 13.302, 13.37, 12.9, 12.089, 11.218, 9.29, 7.023, 6.053, 5.828, 5.983, 5.475, 4.952, 5.672, 6.428, 6.605, 6.283, 5.774, 6.047, 7.009, 8.984, 10.903, 12.492, 13.03, 12.777, 12.157, 12.355, 13.791, 16.289, 18.489, 19.777, 19.792, 19.725, 19.538, 18.91, 17.344, 16.402, 16.74, 17.933, 18.467, 18.803, 18.69, 17.82, 16.236, 14.442, 13.484, 14.107, 16.365, 18.32, 19.246, 18.831, 18.167, 17.127, 15.947, 14.793, 13.442, 12.025, 9.893, 8.743, 7.869, 6.28, 5.312, 5.07, 5.223, 4.827, 4.615, 4.956, 6.25, 7.375, 7.087, 4.97, 2.595, 2.008, 1.847, 2.017, 2.81, 2.505, 2.094, 1.535, 1.726, 2.567, 3.408, 5.201, 6.385, 5.151, 4.621, 5.025, 6.358, 7.525, 8.471, 9.534, 10.127], [8.577, 7.759, 5.439, 3.23, 3.228, 3.578, 4.326, 4.303, 4.634, 4.988, 5.198, 4.252, 3.607, 2.482, 1.776, 2.254, 2.487, 2.347, 2.739, 3.627, 3.622, 3.257, 3.766, 4.174, 4.303, 4.595, 5.938, 7.156, 7.871, 6.529, 4.402, 2.659, 1.574, 0.0, 0.833, 2.16, 4.527, 3.669, 1.79, 2.572, 5.242, 5.762, 4.088, 3.523, 4.928, 7.371, 8.477, 8.932, 8.917, 8.174, 6.588, 6.462, 7.173, 6.994, 7.045, 7.275, 8.233, 8.792, 8.828, 8.543, 8.382, 8.505, 8.361, 8.922, 9.064, 9.295, 10.412, 11.975, 12.118, 11.648, 10.808, 9.883, 8.088, 6.132, 5.03, 4.851, 5.116, 4.592, 3.939, 4.509, 5.217, 5.645, 5.335, 4.783, 4.856, 5.668, 7.703, 9.604, 11.148, 11.676, 11.446, 10.758, 10.997, 12.456, 14.954, 17.233, 18.509, 18.538, 18.473, 18.286, 17.605, 15.987, 15.067, 15.44, 16.681, 17.171, 17.414, 17.333, 16.465, 14.891, 13.125, 12.21, 12.855, 15.079, 16.985, 17.911, 17.579, 16.915, 15.792, 14.619, 13.476, 12.192, 10.815, 8.784, 7.507, 6.626, 5.057, 4.154, 3.876, 4.071, 3.781, 3.348, 3.618, 4.94, 6.123, 5.934, 3.922, 2.327, 2.612, 2.27, 2.181, 2.602, 2.327, 2.44, 2.454, 2.219, 2.239, 2.96, 4.27, 5.328, 4.332, 3.924, 4.142, 5.415, 6.401, 7.18, 8.244, 8.889], [8.643, 7.785, 5.461, 3.361, 3.379, 3.675, 4.472, 4.496, 4.793, 5.13, 5.444, 4.438, 3.79, 2.527, 1.568, 2.224, 2.499, 2.27, 2.811, 3.681, 3.605, 3.331, 3.851, 4.276, 4.411, 4.653, 6.044, 7.266, 7.964, 6.639, 4.51, 2.84, 1.771, 0.833, 0.0, 2.309, 4.611, 3.575, 1.825, 2.781, 5.412, 5.927, 4.248, 3.63, 5.035, 7.46, 8.645, 9.077, 9.034, 8.257, 6.733, 6.617, 7.315, 7.113, 7.124, 7.356, 8.345, 8.908, 8.909, 8.64, 8.48, 8.64, 8.527, 9.115, 9.221, 9.434, 10.486, 12.035, 12.186, 11.716, 10.875, 9.943, 8.208, 6.311, 5.269, 5.101, 5.375, 4.827, 4.199, 4.635, 5.321, 5.856, 5.602, 5.043, 5.14, 5.801, 7.785, 9.693, 11.186, 11.824, 11.552, 10.796, 11.008, 12.507, 15.005, 17.335, 18.571, 18.603, 18.541, 18.353, 17.672, 15.991, 15.126, 15.507, 16.749, 17.286, 17.514, 17.397, 16.52, 14.886, 13.183, 12.292, 12.946, 15.174, 17.04, 17.961, 17.646, 16.981, 15.843, 14.663, 13.532, 12.283, 10.959, 8.941, 7.645, 6.717, 5.162, 4.227, 3.967, 4.255, 4.066, 3.594, 3.748, 5.025, 6.337, 6.15, 4.195, 2.181, 2.605, 2.144, 2.181, 2.432, 2.208, 2.321, 2.462, 2.546, 2.441, 3.189, 4.503, 5.554, 4.579, 4.183, 4.41, 5.705, 6.605, 7.303, 8.363, 9.008], [10.318, 9.507, 7.33, 4.946, 4.815, 5.069, 6.201