[[0.0, 1.331, 2.191, 1.847, 1.61, 2.033, 2.739, 4.092, 3.841, 3.342, 2.702, 2.245, 2.488, 2.105, 2.405, 3.053, 3.005, 2.662, 2.319, 2.418, 2.859, 3.305, 3.971, 6.155, 8.331, 8.013, 9.346, 10.094, 10.815, 11.647, 12.402, 14.271, 15.186, 14.225, 12.507, 11.43, 12.175, 12.942, 13.607, 17.091, 18.974, 18.936, 19.027, 15.197, 8.467, 6.876, 5.737, 4.296, 3.8, 3.719, 3.409, 2.852, 3.113, 3.228, 2.955, 3.952, 5.943, 5.249, 4.399, 4.372, 5.385, 5.956, 5.596, 4.384, 3.913, 3.845, 4.427, 4.952, 4.044, 3.259, 2.423, 1.659, 2.326, 3.297, 3.907, 3.798, 3.663, 3.741, 4.571, 4.654, 2.902, 2.201, 2.721, 2.587, 4.509, 5.714, 7.605, 8.978, 9.473, 8.352, 7.709, 7.98, 8.677, 8.185, 7.316, 6.778, 6.819, 7.733, 8.288, 7.838, 7.377, 7.442, 7.546, 7.125, 7.124, 6.818, 6.811, 6.817, 7.633, 6.366, 3.975, 3.218, 4.887, 5.416, 5.423, 5.8, 5.268, 5.291, 4.986, 4.298, 3.124, 3.702, 3.553, 3.245, 4.023, 6.426, 8.177, 6.039, 5.24, 6.406, 5.19, 3.598, 2.686, 3.111, 3.778, 3.471, 3.216, 3.678, 4.901, 4.884, 5.389, 5.133, 4.408, 4.147, 4.11, 3.115, 2.881, 2.579, 2.354, 2.782, 3.253, 4.695, 6.625, 8.366, 8.325, 7.017, 6.48, 4.909, 2.834, 2.826, 3.12, 3.519, 2.813, 2.957, 3.217, 3.15, 3.421, 3.947, 3.237, 3.599, 3.759, 4.866, 6.263, 7.088, 5.536, 3.325, 2.66, 1.957, 2.571, 3.186, 3.457, 4.204, 5.903, 5.881, 5.065, 6.107, 7.616, 7.996, 7.293, 7.276, 7.151, 7.258, 7.314, 6.449, 5.811, 6.249, 8.626, 11.018, 11.881, 11.105, 10.196, 9.602, 9.004, 7.782, 6.084, 4.326, 2.806, 1.93, 1.758, 1.243, 1.923, 1.653, 2.09, 2.052, 3.428, 3.602, 3.242, 2.282, 1.883, 2.536, 2.611, 2.363, 1.762, 1.925, 2.175, 2.341, 2.815, 2.791, 2.69, 3.023], [1.331, 0.0, 1.22, 1.221, 1.461, 1.914, 2.401, 3.373, 3.126, 2.855, 2.875, 2.256, 1.934, 2.253, 2.753, 2.905, 2.922, 2.845, 2.498, 2.196, 2.994, 3.128, 3.072, 5.197, 7.221, 6.894, 8.224, 8.972, 9.694, 10.526, 11.28, 13.149, 14.064, 13.103, 11.385, 10.326, 11.056, 11.825, 12.485, 15.969, 17.852, 17.814, 17.906, 14.075, 7.428, 6.073, 5.419, 4.089, 3.128, 3.377, 3.029, 2.541, 2.897, 2.865, 2.234, 2.874, 4.824, 4.13, 3.28, 3.374, 4.348, 4.856, 4.5, 3.435, 3.025, 3.158, 3.691, 3.991, 3.17, 2.339, 1.548, 1.26, 1.597, 2.335, 2.835, 2.839, 2.789, 2.663, 3.463, 3.562, 1.853, 1.784, 2.319, 2.551, 5.293, 6.769, 8.308, 9.77, 10.401, 9.054, 8.294, 8.755, 9.519, 9.055, 8.274, 7.695, 7.681, 8.438, 9.031, 8.537, 8.011, 8.036, 8.091, 7.488, 7.423, 6.965, 7.071, 6.687, 7.595, 6.174, 3.571, 2.181, 3.765, 4.3, 4.302, 4.69, 4.138, 4.176, 3.961, 3.306, 2.156, 2.803, 2.909, 2.522, 3.005, 5.336, 7.06, 4.937, 4.176, 5.354, 4.09, 2.628, 1.909, 2.566, 2.86, 2.653, 2.454, 2.722, 3.843, 3.707, 4.248, 4.014, 3.313, 3.145, 3.116, 2.049, 2.159, 2.045, 1.772, 2.009, 2.275, 3.615, 5.565, 7.244, 7.221, 5.926, 5.381, 4.209, 2.639, 3.041, 2.711, 2.893, 2.276, 2.266, 2.33, 2.33, 2.795, 3.439, 2.528, 2.857, 3.236, 3.752, 5.482, 6.336, 4.632, 2.827, 2.286, 1.988, 3.036, 4.267, 4.225, 5.32, 7.008, 6.959, 5.736, 6.215, 7.602, 7.988, 7.373, 7.317, 7.165, 7.444, 7.436, 6.571, 6.018, 6.676, 8.865, 11.148, 12.016, 11.101, 10.342, 9.824, 9.384, 8.196, 6.214, 4.327, 2.789, 2.788, 2.068, 1.933, 3.114, 2.851, 3.251, 2.3, 3.297, 3.142, 2.51, 2.138, 2.627, 3.703, 3.824, 3.572, 2.315, 1.958, 2.228, 2.464, 2.967, 2.854, 3.686, 4.031], [2.191, 1.22, 0.0, 0.94, 1.888, 2.432, 1.802, 2.687, 2.406, 2.495, 3.04, 2.892, 1.828, 2.554, 3.384, 3.279, 3.317, 3.199, 2.852, 2.544, 3.361, 3.288, 2.168, 4.352, 6.412, 6.128, 7.46, 8.209, 8.92, 9.762, 10.517, 12.386, 13.303, 12.339, 10.622, 9.584, 10.298, 11.058, 11.733, 15.206, 17.089, 17.05, 17.142, 13.312, 6.499, 5.343, 5.05, 3.786, 2.372, 3.04, 2.652, 2.382, 2.555, 2.51, 1.778, 2.106, 4.055, 3.39, 2.512, 2.454, 3.433, 4.092, 3.697, 2.565, 2.506, 2.763, 3.23, 3.347, 2.4, 2.046, 1.812, 1.785, 1.314, 1.453, 1.891, 1.874, 2.005, 2.085, 2.789, 2.715, 1.483, 2.008, 2.489, 3.091, 5.991, 7.516, 9.026, 10.508, 11.132, 9.803, 9.01, 9.517, 10.269, 9.785, 9.002, 8.423, 8.398, 9.213, 9.838, 9.217, 8.771, 8.727, 8.698, 8.005, 7.817, 7.547, 7.487, 6.98, 7.355, 5.851, 3.318, 1.82, 3.072, 3.58, 3.521, 3.848, 3.346, 3.409, 3.124, 2.357, 1.591, 1.966, 2.254, 1.957, 2.2, 4.506, 6.275, 4.123, 3.249, 4.526, 3.348, 2.066, 1.265, 2.046, 1.913, 1.792, 1.948, 2.033, 2.86, 2.881, 3.347, 3.145, 2.471, 2.236, 2.407, 1.54, 1.708, 1.799, 1.38, 1.593, 1.433, 2.904, 4.808, 6.481, 6.452, 5.219, 4.586, 3.597, 2.998, 3.281, 2.805, 2.818, 2.616, 2.23, 1.838, 1.46, 2.158, 2.816, 1.935, 2.107, 2.558, 2.959, 5.149, 5.753, 3.926, 3.04, 2.365, 2.07, 3.762, 5.03, 4.885, 6.063, 7.769, 7.712, 6.474, 6.209, 7.418, 7.88, 7.485, 7.244, 7.021, 7.387, 7.521, 6.682, 6.27, 7.268, 9.147, 11.391, 12.02, 10.94, 10.298, 9.967, 9.943, 8.845, 6.558, 4.316, 2.776, 3.53, 2.625, 2.631, 3.893, 3.619, 4.099, 3.021, 3.557, 3.317, 2.701, 2.636, 3.478, 4.43, 4.541, 4.289, 2.949, 2.319, 2.505, 3.129, 3.431, 3.448, 4.432, 4.788], [1.847, 1.221, 0.94, 0.0, 1.18, 1.876, 1.712, 2.676, 2.548, 2.369, 2.594, 2.291, 1.718, 2.034, 2.869, 2.832, 3.078, 2.958, 2.539, 2.204, 3.23, 3.061, 2.409, 4.832, 7.049, 6.771, 8.103, 8.851, 9.563, 10.405, 11.159, 13.029, 13.947, 12.982, 11.264, 10.187, 10.932, 11.7, 12.376, 15.849, 17.732, 17.693, 17.785, 13.955, 7.011, 5.574, 5.014, 3.686, 2.544, 2.885, 2.595, 2.066, 2.49, 2.522, 1.857, 2.728, 4.705, 4.011, 3.161, 2.891, 3.935, 4.683, 4.313, 2.869, 2.676, 2.857, 3.329, 3.635, 2.806, 2.218, 1.976, 1.503, 1.239, 1.696, 2.389, 2.172, 2.169, 2.507, 3.328, 3.305, 1.766, 1.812, 2.248, 2.649, 5.543, 6.965, 8.589, 10.064, 10.64, 9.373, 8.563, 9.076, 9.819, 9.336, 8.516, 7.94, 7.96, 8.677, 9.309, 8.7, 8.36, 8.37, 8.457, 7.798, 7.705, 7.245, 7.293, 6.731, 7.36, 5.861, 3.267, 2.27, 3.645, 4.168, 4.127, 4.477, 4.029, 4.053, 3.544, 2.704, 1.723, 2.213, 2.276, 1.917, 2.495, 4.907, 6.914, 4.746, 3.719, 5.071, 3.945, 2.233, 1.401, 2.005, 2.196, 2.013, 1.931, 2.191, 3.254, 3.556, 3.962, 3.786, 3.046, 2.718, 2.906, 1.845, 1.502, 1.428, 1.12, 1.598, 1.904, 3.378, 5.31, 7.124, 7.082, 5.779, 5.275, 3.923, 3.081, 3.288, 2.971, 2.942, 2.652, 2.393, 2.03, 1.745, 2.103, 2.778, 1.897, 2.131, 2.456, 3.599, 5.239, 6.096, 4.294, 3.022, 2.181, 1.654, 3.11, 4.387, 4.243, 5.418, 7.175, 7.136, 5.945, 6.166, 7.431, 7.889, 7.456, 7.244, 7.022, 7.396, 7.463, 6.606, 6.194, 6.996, 9.047, 11.274, 12.017, 10.949, 10.3, 9.914, 9.576, 8.476, 6.234, 3.864, 2.32, 2.825, 1.852, 2.055, 3.183, 3.009, 3.554, 2.923, 3.748, 3.483, 2.802, 2.753, 3.126, 3.785, 3.791, 3.569, 2.246, 1.586, 2.02, 2.731, 3.157, 2.85, 3.719, 4.111], [1.61, 1.461, 1.888, 1.18, 0.0, 1.351, 2.087, 3.071, 2.816, 2.332, 2.174, 1.622, 1.719, 1.488, 2.172, 2.423, 2.513, 2.506, 2.238, 2.279, 2.743, 2.726, 2.841, 5.91, 8.205, 7.926, 9.258, 10.006, 10.718, 11.56, 12.315, 14.184, 15.112, 14.137, 12.42, 11.342, 12.088, 12.855, 13.541, 17.004, 18.887, 18.848, 18.94, 15.11, 8.159, 5.805, 4.928, 3.608, 2.814, 2.911, 2.681, 2.071, 2.434, 2.64, 2.551, 3.853, 5.859, 5.165, 4.316, 4.033, 5.067, 5.838, 5.468, 3.971, 3.627, 3.709, 4.21, 4.746, 3.881, 3.208, 2.49, 1.63, 1.632, 2.512, 3.382, 3.152, 3.14, 3.639, 4.483, 4.46, 2.415, 1.878, 2.072, 2.092, 4.826, 6.117, 7.869, 9.321, 9.858, 8.64, 7.823, 8.335, 9.078, 8.59, 7.75, 7.168, 7.169, 7.97, 8.55, 7.956, 7.687, 7.725, 7.801, 7.17, 7.094, 6.663, 6.727, 6.246, 7.144, 5.715, 3.114, 3.17, 4.8, 5.323, 5.29, 5.613, 5.158, 5.207, 4.652, 3.261, 2.02, 2.538, 2.658, 2.317, 3.311, 5.976, 8.069, 5.888, 4.861, 6.219, 5.097, 3.171, 2.243, 2.55, 2.779, 2.439, 2.254, 2.659, 4.058, 4.572, 4.994, 4.934, 4.19, 3.866, 4.011, 2.857, 2.274, 1.621, 1.879, 2.433, 2.974, 4.528, 6.427, 8.279, 8.237, 6.933, 6.388, 4.874, 3.315, 3.442, 3.295, 3.744, 3.131, 3.002, 3.093, 2.775, 2.626, 3.217, 2.298, 2.379, 3.0, 4.754, 6.105, 7.097, 5.41, 3.342, 2.315, 1.413, 1.984, 3.232, 3.238, 4.351, 6.151, 6.205, 5.206, 5.834, 7.188, 7.605, 7.01, 6.933, 6.749, 7.086, 7.07, 6.205, 5.659, 6.362, 8.537, 10.791, 11.657, 10.696, 9.984, 9.458, 8.929, 7.812, 5.818, 3.664, 2.062, 2.017, 1.254, 1.822, 2.441, 2.382, 3.09, 3.167, 4.229, 4.065, 3.425, 3.199, 3.052, 3.131, 2.842, 2.679, 1.317, 1.102, 1.476, 2.024, 2.619, 2.403, 2.889, 3.397], [2.033, 1.914, 2.432, 1.876, 1.351, 0.0, 1.769, 3.374, 2.864, 1.878, 1.514, 1.415, 2.034, 1.571, 1.544, 1.638, 1.75, 1.934, 2.158, 2.649, 2.809, 2.597, 3.396, 6.461, 8.731, 8.452, 9.784, 10.533, 11.244, 12.086, 12.841, 14.71, 15.646, 14.672, 12.946, 11.871, 12.622, 13.381, 14.077, 17.53, 19.413, 19.375, 19.466, 15.636, 8.68, 5.726, 4.173, 3.272, 3.03, 2.835, 2.69, 1.946, 1.95, 2.663, 3.021, 4.407, 6.368, 5.674, 4.825, 4.542, 5.646, 6.364, 5.994, 4.524, 4.291, 4.46, 4.91, 5.378, 4.551, 3.767, 3.016, 2.03, 2.156, 3.093, 3.938, 3.807, 3.714, 4.167, 5.024, 4.996, 3.016, 2.493, 2.578, 2.047, 4.063, 5.416, 7.108, 8.521, 9.123, 7.81, 7.027, 7.51, 8.265, 7.803, 6.985, 6.401, 6.383, 7.164, 7.709, 7.208, 6.856, 6.91, 6.946, 6.307, 6.243, 5.761, 5.843, 5.356, 6.202, 4.806, 2.531, 3.647, 5.326, 5.856, 5.825, 6.133, 5.651, 5.721, 5.2, 3.782, 2.51, 2.959, 2.682, 2.847, 3.9, 6.572, 8.595, 6.441, 5.402, 6.753, 5.623, 3.753, 2.776, 2.813, 3.323, 3.012, 2.711, 3.241, 4.718, 5.021, 5.465, 5.443, 4.725, 4.402, 4.537, 3.428, 2.881, 2.334, 2.388, 2.935, 3.5, 5.057, 7.01, 8.805, 8.764, 7.452, 6.905, 5.596, 4.075, 4.205, 4.14, 4.423, 3.862, 3.635, 3.656, 3.397, 3.214, 3.592, 2.859, 2.812, 3.365, 5.28, 6.815, 7.762, 6.054, 4.144, 3.266, 1.972, 1.962, 2.85, 2.724, 3.731, 5.524, 5.559, 4.424, 4.884, 6.243, 6.625, 6.056, 5.952, 5.772, 6.102, 6.102, 5.228, 4.753, 5.506, 7.618, 9.86, 10.673, 9.718, 9.0, 8.514, 8.074, 7.02, 4.926, 2.977, 2.154, 1.711, 1.735, 2.21, 2.92, 2.523, 3.25, 3.775, 4.888, 4.784, 4.081, 3.813, 3.487, 2.797, 2.779, 2.87, 2.077, 1.416, 1.401, 1.484, 1.884, 1.721, 2.422, 2.841], [2.739, 2.401, 1.802, 1.712, 2.087, 1.769, 0.0, 1.988, 1.739, 1.459, 2.326, 2.316, 1.755, 2.069, 2.62, 2.322, 2.488, 2.477, 2.512, 2.905, 2.946, 2.952, 2.354, 4.915, 7.212, 6.933, 8.265, 9.014, 9.729, 10.581, 11.322, 13.191, 14.211, 13.249, 11.457, 10.442, 11.198, 11.893, 12.654, 16.011, 17.894, 17.871, 17.947, 14.142, 7.134, 4.616, 3.631, 2.878, 2.06, 2.089, 1.893, 1.717, 1.574, 1.77, 1.822, 2.962, 4.845, 4.357, 3.339, 3.029, 4.134, 4.859, 4.479, 3.39, 3.714, 4.0, 4.519, 4.472, 3.574, 3.346, 3.227, 2.576, 2.103, 2.084, 2.742, 2.557, 2.604, 3.033, 3.966, 3.549, 2.634, 2.811, 2.856, 2.824, 5.126, 6.709, 8.246, 9.643, 10.229, 8.89, 8.103, 8.602, 9.374, 8.881, 8.094, 7.528, 7.522, 8.21, 8.89, 8.295, 7.931, 7.908, 7.761, 7.105, 6.903, 6.722, 6.552, 6.043, 6.046, 4.496, 2.272, 2.854, 4.177, 4.724, 4.517, 4.695, 4.222, 4.202, 3.699, 2.512, 2.171, 2.102, 1.547, 1.541, 2.677, 5.319, 7.136, 5.022, 3.966, 5.226, 4.104, 2.492, 1.594, 1.729, 2.099, 1.942, 1.985, 1.943, 3.27, 3.579, 4.089, 3.934, 3.282, 2.93, 3.216, 2.514, 2.222, 2.012, 1.617, 2.113, 2.164, 3.622, 5.612, 7.286, 7.245, 6.189, 5.462, 4.762, 4.455, 4.655, 4.196, 4.081, 3.931, 3.559, 3.006, 2.27, 1.865, 2.195, 1.685, 1.701, 1.865, 3.805, 6.47, 6.94, 5.091, 4.461, 3.552, 2.637, 3.352, 4.307, 4.15, 5.2, 6.975, 6.868, 5.569, 5.07, 6.183, 6.551, 6.4, 6.051, 5.698, 6.08, 6.434, 5.687, 5.337, 6.403, 8.222, 10.437, 10.775, 9.606, 9.015, 8.959, 8.951, 8.04, 5.785, 3.264, 2.354, 2.989, 2.164, 3.089, 3.861, 3.503, 4.152, 4.369, 4.983, 4.637, 3.99, 4.159, 4.23, 3.911, 3.86, 3.85, 3.019, 2.026, 2.105, 2.472, 2.502, 2.619, 3.648, 4.064], [4.092, 3.373, 2.687, 2.676, 3.071, 3.374, 1.988, 0.0, 1.268, 2.561, 3.734, 3.181, 2.246, 3.178, 3.972, 3.448, 3.713, 3.62, 3.266, 3.372, 2.958, 3.002, 2.046, 3.511, 5.793, 6.025, 7.193, 7.778, 8.507, 9.245, 9.947, 11.802, 12.872, 11.91, 10.117, 9.155, 9.859, 10.531, 11.314, 14.636, 16.475, 16.517, 16.528, 12.795, 5.8, 3.067, 3.302, 2.559, 2.006, 1.919, 1.998, 2.385, 2.818, 1.875, 1.713, 2.264, 3.87, 4.101, 2.972, 2.729, 3.393, 3.8, 3.604, 3.192, 3.853, 4.21, 4.629, 4.494, 3.86, 3.555, 3.715, 3.422, 2.835, 2.401, 2.901, 2.685, 2.508, 2.966, 3.827, 3.123, 2.843, 3.187, 3.219, 3.457, 6.539, 8.2, 9.686, 10.94, 11.615, 10.133, 9.358, 9.8, 10.704, 10.194, 9.426, 8.932, 8.945, 9.481, 10.286, 9.615, 9.033, 9.108, 8.889, 7.98, 7.654, 7.818, 7.446, 6.956, 6.188, 4.672, 3.116, 3.088, 4.118, 4.424, 4.302, 3.579, 3.552, 3.071, 2.687, 1.963, 2.331, 2.047, 1.313, 1.324, 2.308, 4.154, 5.797, 3.85, 3.126, 3.997, 2.723, 2.099, 2.048, 2.059, 1.952, 1.985, 2.032, 1.524, 2.358, 3.193, 3.211, 2.725, 2.453, 2.239, 2.878, 2.977, 2.432, 2.368, 2.172, 2.213, 2.097, 3.107, 4.766, 6.324, 6.476, 5.742, 5.218, 5.16, 5.218, 5.388, 4.877, 4.625, 4.691, 4.222, 3.302, 2.593, 1.352, 1.544, 1.558, 1.374, 1.475, 3.029, 6.746, 7.038, 5.556, 5.114, 4.284, 3.236, 4.398, 5.644, 5.499, 6.608, 8.429, 8.34, 6.989, 5.78, 6.19, 6.661, 6.769, 6.235, 5.861, 6.435, 6.913, 6.584, 6.23, 7.317, 9.124, 10.993, 11.049, 9.568, 9.238, 9.751, 10.024, 9.465, 7.068, 4.284, 3.341, 4.505, 3.392, 4.318, 5.126, 4.939, 5.496, 5.27, 5.727, 5.329, 4.63, 4.873, 5.378, 5.426, 5.235, 4.962, 3.798, 3.002, 3.14, 3.869, 3.702, 3.929, 5.07, 5.41], [3.841, 3.126, 2.406, 2.548, 2.816, 2.864, 1.739, 1.268, 0.0, 1.952, 3.011, 2.648, 1.915, 2.731, 3.31, 2.795, 3.048, 2.918, 2.965, 3.208, 2.549, 2.449, 1.601, 4.214, 6.5, 6.552, 7.696, 8.364, 9.049, 9.858, 10.61, 12.48, 13.454, 12.483, 10.725, 9.8, 10.444, 11.151, 11.887, 15.3, 17.183, 17.154, 17.236, 13.405, 6.435, 3.257, 3.277, 2.401, 1.666, 1.885, 2.049, 2.023, 2.434, 1.985, 2.123, 2.53, 4.155, 3.896, 2.979, 2.719, 3.499, 4.35, 4.073, 3.451, 3.896, 4.166, 4.696, 4.605, 3.766, 3.308, 3.534, 3.086, 2.633, 2.163, 2.802, 2.593, 2.475, 2.955, 3.569, 3.317, 2.48, 3.009, 2.764, 2.84, 5.756, 7.411, 8.829, 10.081, 10.816, 9.384, 8.588, 9.038, 9.982, 9.398, 8.68, 8.202, 8.24, 8.8, 9.562, 8.896, 8.144, 8.239, 8.127, 7.179, 6.802, 6.947, 6.663, 6.136, 5.747, 4.322, 2.409, 3.184, 3.782, 4.24, 4.218, 3.964, 3.499, 3.525, 3.116, 1.822, 1.897, 1.608, 1.49, 1.65, 2.534, 4.779, 6.379, 4.461, 3.63, 4.549, 3.41, 2.321, 1.839, 1.915, 1.788, 1.709, 1.717, 1.406, 2.355, 3.179, 3.351, 3.226, 2.599, 2.384, 2.574, 2.673, 2.136, 2.196, 2.098, 2.366, 1.966, 3.447, 5.325, 6.872, 7.011, 6.009, 5.517, 4.99, 5.121, 5.235, 4.719, 4.473, 4.599, 3.994, 3.183, 2.565, 1.601, 1.882, 1.524, 1.489, 1.914, 3.455, 6.668, 7.127, 5.351, 4.966, 4.091, 3.075, 3.728, 4.936, 4.792, 5.901, 7.687, 7.592, 6.213, 5.09, 5.944, 6.308, 6.132, 5.834, 5.477, 6.015, 6.197, 5.756, 5.443, 6.55, 8.246, 10.166, 10.549, 9.358, 8.777, 8.994, 9.35, 8.687, 6.226, 3.636, 2.754, 4.113, 3.104, 4.152, 4.9, 4.672, 5.264, 5.188, 5.491, 5.155, 4.455, 4.703, 5.235, 4.996, 4.853, 4.667, 3.414, 2.601, 2.623, 3.124, 3.043, 3.3, 4.494, 4.788], [3.342, 2.855, 2.495, 2.369, 2.332, 1.878, 1.459, 2.561, 1.952, 0.0, 1.568, 2.141, 2.147, 1.969, 2.019, 1.567, 1.702, 1.792, 2.516, 3.215, 2.829, 2.303, 2.125, 5.867, 8.164, 7.885, 9.214, 9.974, 10.677, 11.519, 12.274, 14.143, 15.095, 14.146, 12.379, 11.416, 12.16, 12.853, 13.546, 16.98, 18.843, 18.807, 18.899, 15.072, 8.086, 4.182, 2.893, 2.12, 1.734, 1.927, 2.061, 1.542, 1.641, 2.012, 2.568, 3.955, 5.801, 5.237, 4.234, 3.98, 5.058, 5.856, 5.485, 4.329, 4.652, 4.916, 5.453, 5.418, 4.557, 4.187, 3.724, 2.849, 2.348, 2.669, 3.587, 3.435, 3.466, 3.904, 4.864, 4.545, 3.175, 2.852, 2.979, 2.065, 4.196, 5.793, 7.265, 8.664, 9.252, 7.888, 7.124, 7.598, 8.383, 7.966, 7.14, 6.584, 6.571, 7.272, 7.976, 7.367, 6.907, 6.902, 6.751, 6.097, 5.845, 5.646, 5.521, 5.011, 5.114, 3.664, 1.59, 3.342, 5.04, 5.576, 5.377, 5.64, 5.164, 5.217, 4.706, 2.973, 2.015, 2.248, 2.092, 2.119, 3.479, 6.219, 8.087, 5.994, 4.851, 6.178, 5.057, 3.15, 2.392, 2.538, 2.508, 2.227, 2.318, 2.408, 3.968, 4.53, 4.962, 4.872, 4.179, 3.902, 4.076, 3.498, 3.027, 2.57, 2.518, 2.787, 3.13, 4.666, 6.619, 8.239, 8.219, 7.151, 6.425, 5.732, 5.137, 5.273, 4.944, 5.003, 4.588, 4.305, 3.892, 3.287, 2.625, 2.857, 2.007, 2.001, 2.78, 4.724, 7.402, 7.917, 6.087, 5.273, 4.314, 3.006, 2.668, 3.575, 3.335, 4.333, 6.032, 5.94, 4.572, 4.17, 5.172, 5.613, 5.42, 5.109, 4.787, 5.098, 5.463, 4.706, 4.371, 5.405, 7.203, 9.466, 9.823, 8.654, 8.072, 7.949, 8.0, 7.085, 4.817, 2.553, 2.383, 3.231, 2.673, 3.667, 4.379, 4.11, 4.763, 4.848, 5.769, 5.477, 4.87, 4.717, 4.742, 4.147, 4.151, 4.044, 2.849, 1.873, 1.828, 1.924, 1.777, 2.056, 3.119, 3.367], [2.702, 2.875, 3.04, 2.594, 2.174, 1.514, 2.326, 3.734, 3.011, 1.568, 0.0, 1.605, 2.728, 1.619, 1.26, 1.282, 1.525, 1.444, 2.339, 3.084, 3.119, 2.385, 3.225, 7.039, 9.334, 9.055, 10.388, 11.136, 11.847, 12.689, 13.444, 15.313, 16.228, 15.266, 13.549, 12.501, 13.218, 13.984, 14.649, 18.133, 20.016, 19.978, 20.069, 16.239, 9.256, 5.426, 3.571, 2.502, 2.731, 2.685, 2.889, 1.963, 2.072, 2.935, 3.625, 4.986, 6.962, 6.251, 5.401, 5.148, 6.188, 7.012, 6.612, 5.222, 4.964, 4.989, 5.533, 6.024, 5.174, 4.429, 3.937, 2.811, 2.668, 3.5, 4.545, 4.352, 4.268, 4.768, 5.616, 5.601, 3.784, 2.838, 3.064, 1.866, 3.359, 4.631, 6.375, 7.741, 8.343, 7.139, 6.25, 6.827, 7.518, 7.026, 6.186, 5.644, 5.669, 6.599, 7.174, 6.729, 6.214, 6.238, 6.346, 5.686, 5.596, 5.121, 5.184, 4.662, 5.293, 3.817, 2.289, 4.246, 5.94, 6.452, 6.411, 6.736, 6.272, 6.327, 5.77, 4.128, 2.706, 3.163, 3.155, 3.2, 4.567, 7.267, 9.198, 7.007, 5.989, 7.349, 6.226, 4.251, 3.313, 3.296, 3.654, 3.219, 3.114, 3.557, 5.079, 5.666, 6.053, 6.02, 5.276, 4.995, 5.14, 4.11, 3.397, 2.8, 3.038, 3.549, 4.105, 5.773, 7.715, 9.408, 9.367, 8.088, 7.515, 6.103, 4.975, 4.974, 4.929, 5.081, 4.589, 4.387, 4.156, 3.898, 3.629, 3.969, 3.104, 3.039, 3.85, 5.883, 7.432, 8.237, 6.683, 5.074, 4.177, 2.605, 1.729, 2.372, 2.16, 3.205, 4.844, 4.851, 3.786, 4.002, 5.263, 5.708, 5.353, 5.08, 4.846, 5.207, 5.347, 4.497, 4.115, 4.901, 6.915, 9.167, 9.856, 8.79, 8.123, 7.8, 7.617, 6.35, 4.082, 2.262, 2.314, 1.98, 2.463, 2.816, 3.182, 3.109, 3.71, 4.451, 5.679, 5.529, 4.986, 4.703, 3.91, 3.05, 2.912, 2.91, 2.281, 1.648, 1.506, 1.142, 1.5, 1.451, 1.887, 2.136], [2.245, 2.256, 2.892, 2.291, 1.622, 1.415, 2.316, 3.181, 2.648, 2.141, 1.605, 0.0, 2.051, 1.938, 1.534, 1.641, 2.038, 1.715, 1.892, 2.267, 2.301, 2.147, 3.027, 6.55, 8.847, 8.573, 9.926, 10.652, 11.36, 12.202, 12.957, 14.826, 15.741, 14.779, 13.062, 12.006, 12.73, 13.497, 14.162, 17.646, 19.529, 19.491, 19.582, 15.752, 8.797, 5.501, 4.163, 2.688, 2.945, 2.509, 2.463, 1.986, 2.279, 2.531, 3.234, 4.568, 6.496, 5.803, 4.953, 4.689, 5.746, 6.561, 6.126, 4.938, 4.91, 5.027, 5.433, 5.805, 5.019, 3.802, 3.159, 2.028, 2.6, 3.337, 4.422, 4.216, 3.936, 4.346, 5.17, 5.11, 3.027, 2.364, 2.411, 1.612, 3.806, 5.273, 6.809, 8.174, 8.883, 7.478, 6.779, 7.158, 8.008, 7.497, 6.739, 6.227, 6.246, 6.859, 7.516, 6.877, 6.316, 6.521, 6.572, 5.925, 5.845, 5.366, 5.521, 5.013, 5.933, 4.507, 2.542, 3.755, 5.491, 5.965, 5.936, 6.25, 5.778, 5.845, 5.308, 3.681, 2.406, 2.849, 2.793, 2.822, 4.076, 6.65, 8.711, 6.584, 5.619, 6.861, 5.739, 3.81, 3.013, 3.04, 3.249, 2.92, 2.715, 3.147, 4.579, 5.256, 5.608, 5.571, 4.827, 4.508, 4.653, 3.71, 2.917, 2.584, 2.726, 3.087, 3.762, 5.323, 7.195, 8.966, 8.954, 7.602, 7.38, 6.154, 4.497, 4.509, 4.483, 4.677, 4.074, 3.848, 4.086, 3.928, 3.096, 3.499, 2.729, 2.957, 3.445, 5.396, 7.33, 8.251, 6.51, 4.504, 3.506, 2.24, 1.638, 2.631, 2.589, 3.742, 5.449, 5.454, 4.228, 4.555, 5.952, 6.367, 5.765, 5.694, 5.529, 5.83, 5.818, 4.962, 4.44, 5.079, 7.327, 9.548, 10.407, 9.478, 8.728, 8.248, 7.804, 6.855, 4.71, 3.186, 2.294, 1.809, 1.855, 2.222, 2.632, 2.649, 3.2, 3.916, 5.156, 4.994, 4.229, 3.924, 3.397, 2.832, 2.61, 2.533, 1.808, 1.321, 1.221, 1.254, 1.748, 1.657, 2.254, 2.586], [2.488, 1.934, 1.828, 1.718, 1.719, 2.034, 1.755, 2.246, 1.915, 2.147, 2.728, 2.051, 0.0, 1.822, 2.493, 2.39, 2.434, 2.253, 1.694, 1.841, 2.033, 2.189, 1.907, 4.895, 7.24, 6.914, 8.298, 9.013, 9.86, 10.721, 11.416, 13.276, 14.348, 13.405, 11.588, 10.654, 11.382, 12.027, 12.806, 16.096, 17.857, 17.978, 17.896, 14.269, 7.269, 4.679, 4.401, 3.076, 2.004, 2.393, 2.025, 1.699, 2.118, 1.955, 2.261, 3.21, 4.952, 4.284, 3.535, 3.1, 4.092, 5.071, 4.601, 3.789, 3.972, 4.201, 4.676, 4.783, 3.944, 3.09, 2.27, 1.819, 1.579, 1.987, 3.095, 3.001, 2.582, 2.814, 3.846, 3.573, 1.898, 1.647, 1.523, 1.941, 5.063, 6.756, 8.163, 9.363, 10.032, 8.592, 7.665, 8.144, 9.023, 8.575, 7.752, 7.288, 7.347, 7.878, 8.805, 8.319, 7.611, 7.699, 7.68, 6.79, 6.731, 6.475, 6.261, 6.017, 6.391, 4.97, 2.353, 2.392, 4.021, 4.53, 4.608, 4.929, 4.37, 4.402, 3.921, 2.386, 1.644, 1.657, 1.877, 1.819, 3.074, 5.634, 7.306, 5.354, 4.286, 5.216, 4.02, 2.532, 1.588, 2.043, 1.826, 1.647, 1.521, 1.905, 3.007, 3.85, 4.167, 4.081, 3.531, 3.078, 3.218, 2.47, 1.903, 1.863, 1.841, 2.032, 2.349, 3.988, 6.008, 7.363, 7.417, 6.175, 5.904, 5.104, 3.783, 3.867, 3.664, 3.824, 3.481, 2.927, 2.93, 2.523, 2.195, 2.321, 1.646, 1.92, 2.408, 3.818, 6.621, 7.203, 5.33, 4.079, 3.295, 1.87, 3.09, 4.309, 4.213, 5.274, 7.034, 6.947, 5.527, 5.269, 6.703, 6.928, 6.219, 6.271, 6.19, 6.399, 6.314, 5.604, 5.037, 6.071, 8.145, 10.334, 10.727, 9.997, 9.19, 8.7, 8.926, 8.109, 5.818, 3.691, 2.311, 3.029, 2.403, 2.716, 3.625, 3.435, 3.95, 3.756, 4.252, 4.202, 3.538, 3.416, 3.691, 3.869, 3.85, 3.646, 2.41, 1.874, 2.098, 2.524, 2.661, 2.768, 3.809, 4.088], [2.105, 2.253, 2.554, 2.034, 1.488, 1.571, 2.069, 3.178, 2.731, 1.969, 1.619, 1.938, 1.822, 0.0, 1.665, 1.918, 1.842, 2.004, 2.095, 2.644, 2.592, 2.378, 2.87, 6.271, 8.639, 8.308, 9.586, 10.334, 11.21, 12.065, 12.776, 14.651, 15.694, 14.732, 12.94, 11.947, 12.689, 13.35, 14.137, 17.465, 19.226, 19.34, 19.324, 15.618, 8.61, 5.501, 4.451, 3.141, 2.563, 2.601, 2.578, 1.732, 2.197, 2.601, 3.055, 4.342, 6.227, 5.529, 4.863, 4.455, 5.396, 6.386, 5.939, 4.695, 4.42, 4.33, 5.029, 5.564, 4.645, 3.874, 3.07, 2.259, 2.056, 2.897, 3.931, 3.776, 3.602, 4.047, 4.987, 4.825, 2.994, 2.047, 2.102, 1.769, 4.352, 5.669, 7.513, 8.718, 9.286, 8.102, 7.087, 7.699, 8.385, 7.904, 6.937, 6.431, 6.594, 7.437, 8.14, 7.764, 7.356, 7.332, 7.336, 6.655, 6.689, 6.228, 6.183, 5.727, 6.419, 5.086, 2.463, 3.509, 5.171, 5.726, 5.862, 6.213, 5.703, 5.71, 5.216, 3.536, 2.209, 2.655, 2.85, 2.705, 4.174, 6.82, 8.62, 6.533, 5.437, 6.578, 5.465, 3.618, 2.654, 2.72, 3.124, 2.697, 2.439, 2.938, 4.381, 5.079, 5.463, 5.339, 4.833, 4.366, 4.549, 3.33, 2.715, 2.035, 2.466, 2.897, 3.441, 5.195, 7.161, 8.703, 8.689, 7.443, 6.879, 5.429, 3.571, 3.594, 3.597, 4.077, 3.631, 3.495, 3.536, 3.213, 3.196, 3.394, 2.523, 2.543, 3.21, 5.18, 6.855, 7.695, 6.141, 4.027, 3.117, 2.018, 1.819, 2.98, 2.785, 3.869, 5.606, 5.596, 4.823, 5.34, 6.656, 6.953, 6.324, 6.298, 6.139, 6.468, 6.384, 5.611, 5.102, 5.881, 8.067, 10.262, 10.869, 10.019, 9.272, 8.835, 8.587, 7.504, 5.33, 2.926, 1.547, 2.182, 1.654, 2.646, 2.955, 2.589, 3.295, 3.645, 4.586, 4.531, 4.114, 3.85, 3.491, 2.982, 2.743, 2.555, 1.603, 1.443, 1.769, 1.927, 2.328, 2.279, 2.724, 3.051], [2.405, 2.753, 3.384, 2.869, 2.172, 1.544, 2.62, 3.972, 3.31, 2.019, 1.26, 1.534, 2.493, 1.665, 0.0, 1.323, 1.453, 1.247, 1.929, 2.7, 2.564, 2.218, 3.483, 7.067, 9.441, 9.093, 10.359, 11.133, 11.978, 12.836, 13.57, 15.446, 16.471, 15.527, 13.716, 12.797, 13.536, 14.16, 14.919, 18.292, 20.014, 20.127, 20.112, 16.389, 9.369, 5.695, 3.938, 2.878, 3.015, 2.858, 2.963, 2.077, 2.165, 3.022, 3.798, 5.13, 6.974, 6.262, 5.603, 5.248, 6.164, 7.195, 6.796, 5.566, 5.426, 5.547, 6.032, 6.47, 5.572, 4.556, 3.585, 2.384, 2.769, 3.66, 4.761, 4.648, 4.438, 4.823, 5.821, 5.695, 3.687, 2.46, 2.502, 1.561, 3.026, 4.64, 6.221, 7.564, 8.107, 6.806, 5.913, 6.319, 7.1, 6.746, 5.796, 5.209, 5.31, 6.157, 6.791, 6.417, 6.008, 6.122, 6.022, 5.481, 5.503, 4.976, 4.998, 4.808, 5.481, 4.254, 2.408, 4.202, 5.934, 6.508, 6.671, 7.009, 6.475, 6.539, 6.019, 4.363, 2.955, 3.381, 3.542, 3.481, 4.991, 7.645, 9.44, 7.375, 6.235, 7.377, 6.276, 4.311, 3.458, 3.518, 3.767, 3.383, 3.179, 3.745, 5.111, 5.904, 6.251, 6.135, 5.631, 5.182, 5.339, 4.193, 3.437, 2.789, 3.312, 3.715, 4.302, 6.023, 7.99, 9.514, 9.471, 8.292, 7.652, 6.587, 4.57, 4.396, 4.486, 4.84, 4.327, 4.14, 4.454, 4.215, 4.006, 4.099, 3.29, 3.299, 3.982, 5.994, 7.87, 8.782, 7.053, 5.022, 4.148, 2.647, 1.794, 2.388, 2.173, 3.127, 4.837, 4.759, 3.52, 4.411, 5.705, 5.955, 5.245, 5.271, 5.237, 5.422, 5.305, 4.492, 3.961, 4.66, 6.946, 9.178, 9.824, 9.029, 8.239, 7.761, 7.404, 6.327, 4.243, 2.543, 2.178, 1.865, 2.37, 2.393, 2.93, 2.851, 3.399, 4.002, 5.179, 5.181, 4.645, 4.204, 3.466, 2.686, 2.644, 2.647, 2.047, 1.882, 1.645, 1.15, 1.479, 1.478, 1.728, 2.02], [3.053, 2.905, 3.279, 2.832, 2.423, 1.638, 2.322, 3.448, 2.795, 1.567, 1.282, 1.641, 2.39, 1.918, 1.323, 0.0, 1.126, 1.152, 2.165, 2.776, 2.752, 1.813, 2.951, 6.833, 9.129, 8.854, 10.195, 10.935, 11.704, 12.559, 13.264, 15.125, 16.188, 15.227, 13.434, 12.404, 13.176, 13.847, 14.631, 17.953, 19.812, 19.834, 19.865, 16.112, 9.086, 4.979, 3.249, 2.287, 2.426, 2.482, 2.721, 2.046, 2.159, 2.713, 3.565, 4.918, 6.79, 6.073, 5.266, 4.908, 5.984, 6.858, 6.397, 5.298, 5.387, 5.597, 6.127, 6.355, 5.444, 4.562, 3.733, 2.608, 2.868, 3.51, 4.655, 4.518, 4.194, 4.687, 5.511, 5.401, 3.467, 2.722, 2.924, 1.604, 3.165, 4.797, 6.296, 7.585, 8.191, 6.792, 6.025, 6.497, 7.312, 6.822, 6.041, 5.526, 5.539, 6.167, 6.896, 6.288, 5.828, 5.908, 5.736, 5.098, 5.101, 4.674, 4.572, 4.144, 4.905, 3.539, 2.012, 4.085, 5.788, 6.349, 6.357, 6.672, 6.132, 6.155, 5.653, 3.998, 2.429, 2.88, 3.057, 3.191, 4.598, 7.274, 9.114, 7.042, 5.987, 7.144, 6.022, 4.046, 3.141, 3.103, 3.427, 3.06, 2.828, 3.347, 4.859, 5.457, 5.864, 5.843, 5.216, 4.874, 5.043, 3.984, 3.505, 2.985, 3.095, 3.405, 4.006, 5.628, 7.64, 9.211, 9.229, 7.882, 7.51, 6.6, 5.176, 5.27, 5.161, 5.268, 4.72, 4.389, 4.455, 4.215, 3.614, 3.785, 2.937, 2.963, 3.725, 5.699, 7.945, 8.812, 6.914, 5.412, 4.525, 3.035, 1.959, 2.607, 2.417, 3.392, 5.071, 4.978, 3.583, 3.703, 5.079, 5.409, 4.769, 4.75, 4.561, 4.881, 4.78, 4.052, 3.58, 4.342, 6.476, 8.658, 9.363, 8.474, 7.701, 7.234, 6.998, 6.182, 3.912, 2.166, 2.57, 2.463, 2.766, 3.116, 3.75, 3.603, 4.211, 4.741, 5.83, 5.668, 4.932, 4.718, 4.329, 3.534, 3.386, 3.413, 2.618, 1.812, 1.45, 1.272, 1.169, 1.081, 2.135, 2.375], [3.005, 2.922, 3.317, 3.078, 2.513, 1.75, 2.488, 3.713, 3.048, 1.702, 1.525, 2.038, 2.434, 1.842, 1.453, 1.126, 0.0, 1.108, 2.26, 2.962, 2.718, 1.906, 3.064, 6.941, 9.253, 8.959, 10.312, 11.052, 11.854, 12.708, 13.413, 15.269, 16.338, 15.382, 13.584, 12.626, 13.36, 14.017, 14.783, 18.102, 19.919, 19.984, 19.973, 16.261, 9.204, 4.741, 3.156, 2.49, 2.398, 2.678, 2.977, 2.169, 2.131, 2.885, 3.682, 5.07, 6.907, 6.191, 5.435, 5.112, 6.096, 7.065, 6.599, 5.461, 5.519, 5.765, 6.327, 6.527, 5.607, 4.839, 3.822, 2.776, 2.696, 3.589, 4.669, 4.608, 4.264, 4.847, 5.672, 5.548, 3.665, 2.668, 2.85, 1.463, 3.0, 4.684, 6.173, 7.482, 8.096, 6.7, 5.917, 6.376, 7.12, 6.711, 5.905, 5.313, 5.298, 6.089, 6.791, 6.248, 5.827, 5.83, 5.663, 4.991, 4.965, 4.627, 4.486, 4.253, 4.87, 3.582, 2.069, 4.201, 5.905, 6.506, 6.555, 6.838, 6.281, 6.325, 5.828, 4.1, 2.493, 2.819, 3.245, 3.328, 4.78, 7.522, 9.283, 7.211, 6.127, 7.252, 6.13, 4.208, 3.275, 3.288, 3.552, 3.166, 2.925, 3.389, 4.966, 5.644, 6.022, 6.017, 5.424, 5.021, 5.192, 4.084, 3.642, 3.045, 3.269, 3.569, 4.126, 5.91, 7.876, 9.329, 9.37, 8.13, 7.527, 6.707, 5.075, 5.049, 5.1, 5.306, 4.851, 4.526, 4.636, 4.303, 3.888, 3.935, 3.078, 3.052, 3.953, 5.826, 8.098, 8.947, 7.138, 5.533, 4.633, 3.062, 2.167, 2.411, 2.314, 3.35, 4.935, 4.874, 3.549, 3.743, 5.099, 5.371, 4.664, 4.707, 4.626, 4.842, 4.733, 3.985, 3.432, 4.231, 6.37, 8.634, 9.268, 8.455, 7.66, 7.106, 6.955, 6.024, 3.915, 2.188, 2.566, 2.585, 2.877, 3.196, 3.832, 3.682, 4.315, 4.732, 5.669, 5.673, 5.11, 4.654, 4.412, 3.576, 3.464, 3.486, 2.697, 2.059, 1.707, 1.353, 1.531, 1.673, 2.444, 2.664], [2.662, 2.845, 3.199, 2.958, 2.506, 1.934, 2.477, 3.62, 2.918, 1.792, 1.444, 1.715, 2.253, 2.004, 1.247, 1.152, 1.108, 0.0, 1.465, 2.319, 2.163, 1.695, 2.819, 6.713, 9.027, 8.731, 10.064, 10.839, 11.524, 12.377, 13.119, 14.989, 16.018, 15.065, 13.254, 12.36, 13.093, 13.753, 14.454, 17.843, 19.692, 19.673, 19.745, 15.931, 8.995, 4.954, 3.374, 2.129, 2.342, 2.382, 2.629, 1.905, 2.049, 2.656, 3.642, 4.891, 6.688, 5.975, 5.155, 4.978, 5.864, 6.83, 6.427, 5.322, 5.441, 5.724, 6.221, 6.386, 5.477, 4.658, 3.432, 2.352, 2.791, 3.443, 4.641, 4.543, 4.102, 4.576, 5.416, 5.382, 3.331, 2.414, 2.774, 1.325, 3.027, 4.855, 6.203, 7.516, 8.112, 6.73, 5.996, 6.418, 7.225, 6.806, 6.005, 5.434, 5.443, 6.275, 7.001, 6.421, 5.839, 5.857, 5.711, 4.975, 4.93, 4.663, 4.376, 4.442, 5.013, 3.763, 2.085, 3.924, 5.636, 6.227, 6.24, 6.592, 6.001, 6.112, 5.625, 3.987, 2.361, 2.969, 3.195, 3.192, 4.686, 7.366, 8.975, 6.991, 5.926, 7.026, 5.916, 3.944, 3.126, 3.224, 3.423, 2.941, 2.773, 3.241, 4.867, 5.529, 5.832, 5.825, 5.192, 4.761, 4.882, 3.912, 3.493, 3.095, 3.113, 3.322, 3.971, 5.685, 7.706, 9.134, 9.138, 7.968, 7.422, 6.625, 5.135, 4.906, 5.113, 5.241, 4.642, 4.372, 4.398, 4.074, 3.684, 3.644, 2.851, 3.164, 3.847, 5.607, 8.1, 8.808, 6.96, 5.557, 4.687, 2.741, 2.072, 2.463, 2.435, 3.436, 5.15, 5.049, 3.626, 3.803, 5.128, 5.384, 4.693, 4.689, 4.674, 4.759, 4.717, 3.849, 3.307, 4.215, 6.313, 8.571, 9.27, 8.483, 7.607, 7.036, 7.055, 6.155, 3.92, 2.672, 2.657, 2.311, 2.879, 2.668, 3.312, 3.26, 3.754, 4.334, 5.504, 5.584, 5.011, 4.366, 3.776, 3.133, 3.035, 2.967, 2.423, 1.912, 1.466, 1.233, 1.297, 1.665, 2.244, 2.435], [2.319, 2.498, 2.852, 2.539, 2.238, 2.158, 2.512, 3.266, 2.965, 2.516, 2.339, 1.892, 1.694, 2.095, 1.929, 2.165, 2.26, 1.465, 0.0, 1.47, 1.549, 1.891, 2.55, 5.702, 8.331, 7.704, 9.224, 10.128, 10.8, 11.601, 12.251, 14.156, 15.357, 14.386, 12.514, 11.792, 12.468, 13.103, 13.714, 17.119, 18.703, 18.683, 18.578, 15.19, 8.296, 5.285, 4.263, 2.773, 2.519, 2.283, 2.088, 1.601, 1.983, 2.338, 3.26, 4.38, 5.918, 5.097, 4.535, 4.362, 5.118, 6.272, 5.807, 4.909, 5.029, 5.264, 5.757, 5.882, 5.031, 4.106, 2.78, 1.808, 2.384, 2.894, 4.195, 4.103, 3.55, 3.751, 4.83, 4.779, 2.817, 1.909, 1.916, 1.924, 4.176, 6.034, 7.326, 8.524, 9.079, 7.668, 6.755, 7.211, 8.104, 7.726, 6.878, 6.392, 6.399, 7.313, 8.156, 7.637, 6.917, 6.936, 6.887, 5.935, 6.023, 5.757, 5.249, 5.216, 5.503, 4.384, 2.239, 2.887, 4.956, 5.671, 5.707, 6.062, 5.397, 5.464, 5.057, 3.625, 2.382, 2.794, 2.939, 2.836, 4.298, 6.869, 8.21, 6.522, 5.442, 6.23, 5.126, 3.156, 2.531, 2.83, 2.677, 2.216, 1.899, 2.565, 4.292, 5.043, 5.283, 5.159, 4.636, 4.172, 4.163, 3.394, 2.972, 2.769, 2.681, 2.728, 3.475, 5.178, 7.237, 8.485, 8.512, 7.361, 6.938, 6.15, 4.635, 4.453, 4.527, 4.561, 3.792, 3.784, 3.848, 3.494, 3.276, 2.856, 2.3, 2.984, 3.433, 4.938, 7.684, 8.299, 6.494, 5.127, 4.291, 2.413, 2.751, 3.607, 3.631, 4.571, 6.328, 6.221, 4.772, 4.84, 6.09, 6.059, 5.414, 5.507, 5.659, 5.823, 5.644, 4.681, 4.128, 5.288, 7.378, 9.574, 9.961, 9.181, 8.346, 7.813, 8.282, 7.387, 5.092, 3.556, 2.882, 2.627, 2.684, 2.25, 3.098, 3.123, 3.438, 3.889, 5.03, 4.999, 4.55, 3.902, 3.34, 3.284, 3.203, 2.937, 2.403, 2.076, 1.934, 1.956, 2.085, 2.508, 3.048, 3.272], [2.418, 2.196, 2.544, 2.204, 2.279, 2.649, 2.905, 3.372, 3.208, 3.215, 3.084, 2.267, 1.841, 2.644, 2.7, 2.776, 2.962, 2.319, 1.47, 0.0, 1.657, 1.971, 2.599, 5.109, 7.458, 7.141, 8.67, 9.562, 10.108, 10.783, 11.469, 13.319, 14.526, 13.6, 11.701, 11.312, 11.654, 12.272, 12.888, 16.288, 17.822, 17.925, 17.84, 14.349, 7.51, 5.295, 4.845, 3.414, 3.048, 2.48, 2.157, 2.397, 2.654, 2.599, 2.912, 3.945, 5.068, 4.326, 3.901, 3.76, 4.589, 5.865, 5.312, 4.585, 4.698, 4.926, 5.455, 5.681, 4.774, 3.488, 2.19, 1.524, 2.124, 2.864, 3.958, 3.899, 3.163, 3.324, 4.258, 4.271, 2.397, 1.822, 1.998, 2.348, 4.857, 6.761, 8.049, 9.135, 9.766, 8.307, 7.356, 7.791, 8.796, 8.342, 7.574, 7.118, 7.085, 7.962, 8.849, 8.257, 7.322, 7.491, 7.466, 6.221, 6.351, 6.106, 5.629, 5.365, 5.956, 4.792, 2.73, 2.328, 4.403, 5.038, 5.199, 5.409, 4.657, 4.831, 4.532, 3.169, 2.413, 2.801, 3.262, 2.935, 4.042, 6.478, 7.496, 6.097, 5.101, 5.571, 4.453, 2.698, 2.186, 2.83, 2.513, 2.227, 1.949, 2.427, 3.652, 4.638, 4.741, 4.428, 3.9, 3.532, 3.428, 2.967, 2.497, 2.651, 2.489, 2.294, 3.1, 4.839, 6.828, 8.023, 8.121, 6.884, 6.639, 5.924, 4.258, 4.144, 4.206, 4.122, 3.416, 3.368, 3.456, 3.306, 3.156, 2.844, 2.288, 3.283, 3.483, 4.298, 7.268, 8.096, 6.235, 4.721, 3.876, 2.448, 3.452, 4.334, 4.298, 5.298, 7.051, 6.944, 5.498, 5.358, 6.548, 6.386, 5.74, 5.812, 6.048, 6.144, 5.921, 4.975, 4.53, 5.645, 7.892, 9.857, 10.182, 9.385, 8.589, 8.143, 8.898, 8.129, 5.649, 4.235, 3.266, 3.087, 2.988, 2.208, 3.297, 3.394, 3.681, 3.584, 4.659, 4.654, 4.141, 3.588, 3.131, 3.714, 3.739, 3.509, 2.597, 2.633, 2.574, 2.756, 2.814, 3.071, 3.748, 4.032], [2.859, 2.994, 3.361, 3.23, 2.743, 2.809, 2.946, 2.958, 2.549, 2.829, 3.119, 2.301, 2.033, 2.592, 2.564, 2.752, 2.718, 2.163, 1.549, 1.657, 0.0, 1.546, 2.457, 5.272, 7.643, 7.742, 8.996, 9.784, 10.338, 10.985, 11.687, 13.523, 14.672, 13.738, 11.886, 11.538, 11.776, 12.41, 13.041, 16.444, 18.029, 18.064, 18.037, 14.512, 7.613, 4.465, 3.981, 2.74, 2.692, 2.299, 2.037, 2.271, 2.637, 2.369, 3.23, 4.135, 5.178, 4.899, 4.47, 4.28, 4.875, 6.153, 5.822, 5.37, 5.711, 5.985, 6.476, 6.502, 5.61, 4.595, 3.045, 2.334, 2.901, 3.428, 4.599, 4.515, 3.975, 4.225, 5.026, 4.91, 2.972, 2.376, 2.333, 2.224, 4.659, 6.57, 7.866, 8.97, 9.648, 8.159, 7.235, 7.596, 8.637, 8.129, 7.393, 6.919, 6.917, 7.766, 8.633, 8.039, 7.096, 7.192, 7.08, 5.878, 5.632, 6.013, 5.311, 5.131, 5.196, 4.245, 2.401, 3.076, 4.937, 5.744, 5.902, 5.554, 4.865, 5.044, 4.902, 3.233, 2.508, 2.896, 3.119, 3.244, 4.495, 6.746, 7.67, 6.251, 5.463, 5.811, 4.633, 3.01, 2.808, 3.261, 2.925, 2.606, 2.179, 2.387, 3.551, 4.972, 4.992, 4.514, 4.102, 3.866, 3.746, 3.794, 3.497, 3.307, 3.31, 3.122, 3.609, 5.417, 7.276, 8.474, 8.658, 7.778, 7.237, 6.865, 5.036, 4.822, 4.933, 5.068, 4.3, 4.371, 4.527, 4.173, 3.224, 2.569, 2.229, 3.392, 3.528, 4.905, 8.344, 9.008, 7.125, 5.658, 4.756, 3.008, 3.333, 4.141, 4.235, 5.101, 6.846, 6.754, 5.355, 4.852, 5.732, 5.604, 4.91, 5.03, 5.229, 5.564, 5.132, 4.693, 4.197, 5.417, 7.341, 9.133, 9.339, 8.619, 7.759, 7.798, 8.567, 7.946, 5.71, 4.155, 3.39, 3.241, 3.201, 3.017, 3.753, 3.638, 4.124, 4.325, 5.399, 5.473, 5.019, 4.346, 4.033, 3.982, 3.885, 3.619, 2.779, 2.739, 2.621, 2.654, 2.474, 3.257, 3.816, 3.954], [3.305, 3.128, 3.288, 3.061, 2.726, 2.597, 2.952, 3.002, 2.449, 2.303, 2.385, 2.147, 2.189, 2.378, 2.218, 1.813, 1.906, 1.695, 1.891, 1.971, 1.546, 0.0, 2.113, 5.775, 7.965, 7.966, 9.227, 10.003, 10.636, 11.358, 12.079, 13.92, 15.005, 14.051, 12.232, 11.743, 12.084, 12.724, 13.44, 16.75, 18.524, 18.59, 18.577, 14.904, 7.959, 3.94, 3.165, 1.886, 1.981, 1.917, 2.075, 2.01, 2.521, 2.338, 3.354, 4.385, 5.633, 5.089, 4.522, 4.353, 5.122, 6.315, 5.822, 5.253, 5.525, 5.798, 6.316, 6.445, 5.519, 4.41, 3.226, 2.386, 2.784, 3.428, 4.548, 4.465, 3.818, 4.261, 4.885, 4.908, 3.027, 2.594, 2.562, 1.567, 4.169, 6.022, 7.312, 8.417, 9.098, 7.65, 6.739, 7.208, 8.174, 7.613, 6.926, 6.458, 6.465, 7.25, 8.112, 7.492, 6.584, 6.668, 6.583, 5.275, 5.168, 5.266, 4.765, 4.302, 4.675, 3.497, 1.961, 3.257, 4.956, 5.687, 5.826, 5.847, 5.141, 5.257, 5.025, 3.295, 2.279, 2.669, 3.118, 3.194, 4.559, 6.901, 8.021, 6.507, 5.602, 6.098, 4.972, 3.281, 2.774, 3.159, 2.904, 2.584, 2.236, 2.63, 3.947, 5.076, 5.17, 4.863, 4.324, 3.967, 3.9, 3.655, 3.345, 3.113, 3.129, 2.963, 3.618, 5.436, 7.357, 8.594, 8.793, 7.672, 7.277, 6.74, 5.404, 5.303, 5.273, 5.193, 4.632, 4.44, 4.35, 4.082, 3.25, 2.735, 2.329, 3.093, 3.706, 4.909, 8.151, 8.886, 7.029, 5.727, 4.916, 3.139, 2.69, 3.602, 3.461, 4.587, 6.312, 6.205, 4.78, 4.079, 5.108, 5.183, 4.614, 4.521, 4.567, 4.93, 4.613, 4.075, 3.698, 4.8, 6.809, 8.563, 9.097, 8.203, 7.464, 7.22, 7.952, 7.303, 4.699, 3.027, 2.967, 3.4, 3.447, 3.463, 4.261, 4.137, 4.626, 4.771, 5.845, 5.773, 5.158, 4.771, 4.457, 4.329, 4.248, 4.027, 2.823, 2.211, 1.973, 2.261, 2.263, 2.467, 3.408, 3.563], [3.971, 3.072, 2.168, 2.409, 2.841, 3.396, 2.354, 2.046, 1.601, 2.125, 3.225, 3.027, 1.907, 2.87, 3.483, 2.951, 3.064, 2.819, 2.55, 2.599, 2.457, 2.113, 0.0, 4.091, 6.447, 6.076, 7.456, 8.313, 8.973, 9.762, 10.468, 12.341, 13.465, 12.496, 10.652, 10.001, 10.562, 11.207, 11.858, 15.232, 16.961, 16.97, 16.981, 13.328, 6.451, 3.56, 3.641, 2.653, 1.253, 1.976, 2.0, 2.004, 2.516, 2.141, 2.539, 2.721, 4.105, 3.496, 2.786, 2.592, 3.376, 4.543, 4.079, 3.508, 3.957, 4.223, 4.743, 4.7, 3.807, 3.011, 2.724, 2.687, 2.145, 1.65, 2.811, 2.635, 2.306, 2.449, 3.299, 3.176, 1.906, 2.15, 2.042, 2.685, 5.737, 7.618, 8.908, 10.041, 10.645, 9.214, 8.283, 8.789, 9.728, 9.271, 8.474, 8.002, 8.041, 8.891, 9.746, 9.126, 8.221, 8.311, 8.179, 7.093, 6.944, 6.887, 6.346, 5.878, 5.804, 4.35, 2.072, 2.32, 3.393, 4.087, 4.082, 4.247, 3.586, 3.68, 3.267, 1.731, 1.273, 1.292, 2.159, 2.13, 2.864, 5.124, 6.391, 4.778, 3.763, 4.42, 3.351, 2.251, 1.749, 2.468, 1.128, 1.025, 1.444, 1.361, 2.376, 3.333, 3.503, 3.331, 2.786, 2.352, 2.362, 2.433, 2.043, 2.357, 2.392, 2.181, 1.967, 3.561, 5.507, 6.772, 6.861, 5.947, 5.446, 5.06, 4.694, 4.776, 4.084, 3.866, 3.776, 3.262, 2.905, 2.371, 2.168, 1.935, 1.452, 1.851, 2.672, 3.24, 6.682, 7.172, 5.277, 4.629, 3.836, 2.779, 3.958, 5.191, 5.048, 6.155, 7.913, 7.807, 6.356, 5.326, 6.308, 6.459, 6.138, 5.906, 5.852, 6.179, 6.211, 5.516, 5.121, 6.483, 8.243, 10.342, 10.533, 9.499, 8.873, 8.783, 9.581, 8.896, 6.253, 3.636, 2.891, 4.523, 3.557, 4.065, 5.118, 5.039, 5.539, 4.827, 4.918, 4.538, 4.008, 4.268, 5.098, 5.371, 5.245, 4.962, 3.449, 2.731, 2.899, 3.418, 3.298, 3.612, 4.805, 4.994], [6.155, 5.197, 4.352, 4.832, 5.91, 6.461, 4.915, 3.511, 4.214, 5.867, 7.039, 6.55, 4.895, 6.271, 7.067, 6.833, 6.941, 6.713, 5.702, 5.109, 5.272, 5.775, 4.091, 0.0, 2.871, 3.594, 4.732, 5.612, 6.003, 6.387, 7.074, 8.692, 9.853, 9.047, 7.359, 6.641, 7.16, 7.583, 8.31, 11.607, 13.13, 13.171, 13.1, 9.692, 2.923, 3.579, 5.496, 5.552, 4.705, 4.632, 4.355, 5.115, 5.331, 4.35, 3.59, 3.019, 2.901, 3.306, 2.957, 2.32, 2.033, 2.412, 2.365, 2.525, 3.294, 3.772, 3.895, 3.794, 4.071, 4.04, 4.597, 5.075, 4.71, 3.643, 2.945, 3.145, 2.997, 3.042, 2.917, 2.539, 3.966, 5.178, 4.996, 6.556, 9.663, 11.563, 12.857, 13.988, 14.587, 13.118, 12.129, 12.585, 13.572, 13.139, 12.322, 11.85, 11.892, 12.706, 13.626, 13.035, 12.2, 12.261, 12.063, 10.915, 10.671, 10.841, 10.206, 9.579, 8.636, 7.31, 5.675, 3.581, 3.465, 3.348, 3.283, 2.553, 2.677, 1.926, 1.936, 3.141, 4.664, 4.348, 4.111, 3.931, 3.163, 2.805, 3.007, 2.006, 1.969, 1.766, 1.884, 3.229, 3.78, 3.818, 3.519, 3.949, 4.16, 3.621, 2.504, 2.885, 2.672, 2.356, 2.427, 2.457, 2.721, 3.549, 3.836, 4.576, 4.257, 3.75, 3.279, 2.487, 3.346, 4.546, 4.999, 4.565, 4.0, 4.39, 6.004, 6.278, 5.386, 4.747, 5.135, 4.629, 3.902, 3.49, 3.669, 3.437, 4.035, 4.333, 3.435, 2.475, 5.88, 6.107, 4.955, 5.206, 5.368, 5.76, 7.863, 9.14, 8.996, 10.105, 11.846, 11.74, 10.29, 8.963, 8.901, 9.042, 9.341, 8.845, 8.812, 9.129, 9.718, 9.307, 8.964, 10.364, 12.108, 13.919, 13.546, 11.872, 11.78, 12.48, 13.492, 12.845, 10.203, 7.105, 6.313, 7.491, 6.396, 6.474, 7.771, 7.549, 7.901, 6.699, 5.413, 5.168, 4.983, 5.757, 7.187, 8.25, 8.453, 8.224, 6.919, 6.248, 6.483, 7.129, 7.075, 7.11, 8.378, 8.771], [8.331, 7.221, 6.412, 7.049, 8.205, 8.731, 7.212, 5.793, 6.5, 8.164, 9.334, 8.847, 7.24, 8.639, 9.441, 9.129, 9.253, 9.027, 8.331, 7.458, 7.643, 7.965, 6.447, 2.871, 0.0, 2.229, 3.289, 4.141, 4.132, 4.307, 5.076, 6.054, 7.246, 6.735, 5.222, 4.824, 4.583, 5.152, 5.837, 8.972, 10.69, 10.814, 10.738, 7.107, 2.105, 5.423, 7.911, 7.868, 7.128, 6.931, 6.74, 7.605, 7.915, 6.747, 5.939, 4.784, 3.871, 4.473, 4.444, 4.379, 3.46, 2.746, 3.024, 4.261, 4.726, 5.121, 4.806, 4.166, 4.81, 5.297, 6.099, 7.285, 7.019, 5.977, 4.857, 5.133, 5.265, 5.013, 4.047, 3.986, 5.946, 7.575, 7.679, 8.908, 11.99, 13.864, 15.154, 16.274, 16.96, 15.532, 14.582, 15.066, 16.033, 15.491, 14.767, 14.324, 14.335, 15.1, 15.963, 15.331, 14.4, 14.518, 14.416, 13.117, 12.819, 13.097, 12.631, 11.983, 11.24, 9.861, 8.278, 5.777, 4.325, 3.483, 3.15, 2.787, 3.342, 3.315, 3.581, 5.349, 6.99, 6.684, 6.403, 6.228, 5.027, 2.826, 1.536, 2.567, 3.375, 2.403, 3.748, 5.441, 6.079, 6.111, 5.99, 6.469, 6.745, 6.152, 4.608, 3.875, 3.371, 3.537, 4.153, 4.457, 4.567, 5.411, 6.113, 6.846, 6.42, 5.916, 5.286, 3.902, 2.812, 3.375, 3.951, 3.993, 3.554, 4.471, 7.119, 7.801, 6.639, 6.172, 6.81, 6.002, 5.248, 5.525, 5.882, 5.704, 6.381, 6.624, 5.733, 3.774, 5.214, 5.425, 4.655, 6.376, 7.435, 7.971, 10.159, 11.437, 11.292, 12.401, 14.154, 14.052, 12.602, 11.24, 11.234, 11.44, 11.76, 11.076, 11.033, 11.279, 11.837, 11.643, 11.432, 12.679, 14.424, 16.085, 15.743, 13.751, 13.682, 14.842, 15.788, 15.142, 12.506, 9.558, 8.634, 9