[[0.0, 1.454, 2.902, 3.707, 3.952, 4.273, 5.309, 5.645, 4.495, 3.919, 5.906, 8.436, 8.303, 7.675, 7.162, 7.138, 7.37, 6.737, 7.834, 9.092, 9.864, 9.741, 9.682, 9.723, 9.955, 9.81, 9.735, 9.685, 10.797, 12.102, 10.799, 9.857, 10.753, 10.641, 8.824, 7.522, 7.086, 5.118, 3.592, 5.181, 4.394, 4.658, 5.03, 5.028, 5.851, 5.807, 5.127, 5.148, 5.509, 5.679, 5.974, 5.568, 5.716, 6.131, 6.708, 6.589, 5.107, 4.097, 3.807, 3.533, 3.561, 3.857, 2.634, 1.866, 1.59, 2.671, 5.448, 5.234, 3.718, 5.152, 5.062, 3.968, 3.726, 3.921, 6.141, 5.526, 5.374, 6.675, 5.259, 3.995, 4.201, 4.814, 3.97, 3.481, 3.647, 10.312, 11.281, 10.13, 12.078, 15.421, 17.3, 16.737, 16.399, 14.678, 12.536, 11.773, 11.93, 12.733, 13.818, 13.751, 13.356, 14.897, 15.826, 15.386, 15.885, 17.501, 17.985, 16.18, 15.187, 15.559, 10.724, 2.385, 5.323, 7.373, 6.696, 11.0, 11.012, 9.62, 9.001, 5.71, 4.263, 6.894, 7.334, 6.977, 5.561, 3.467, 3.081, 5.606, 5.433, 2.448, 8.534, 10.513, 9.548, 8.321, 8.319, 8.699, 7.994, 5.874, 4.846, 4.511, 4.53, 4.533, 3.791, 3.559, 3.071, 4.98], [1.454, 0.0, 1.86, 2.638, 2.921, 3.255, 4.249, 4.58, 3.541, 3.003, 4.877, 7.385, 7.27, 6.541, 6.072, 6.078, 6.322, 5.695, 6.786, 8.018, 8.772, 8.656, 8.601, 8.64, 8.839, 8.706, 8.682, 8.591, 9.705, 11.006, 9.728, 8.771, 9.63, 9.582, 7.746, 6.428, 5.97, 4.013, 2.813, 4.466, 3.708, 3.666, 3.988, 4.121, 4.999, 5.082, 4.787, 5.272, 5.905, 6.001, 6.036, 5.22, 5.151, 5.703, 6.293, 6.197, 4.763, 3.562, 3.324, 3.327, 4.432, 3.963, 2.683, 2.406, 2.32, 2.131, 4.422, 4.174, 2.75, 4.307, 4.212, 3.89, 4.158, 4.149, 5.368, 4.697, 4.511, 5.63, 4.344, 3.359, 3.379, 3.881, 3.629, 3.278, 4.72, 11.383, 12.358, 11.223, 13.159, 16.507, 18.383, 17.832, 17.474, 15.751, 13.612, 12.838, 12.988, 13.809, 14.904, 14.812, 14.355, 15.93, 16.866, 16.465, 16.955, 18.573, 19.083, 17.254, 16.257, 16.629, 11.796, 3.027, 6.409, 8.445, 7.727, 12.083, 12.083, 10.707, 10.02, 6.565, 3.186, 5.861, 6.346, 5.953, 4.627, 2.373, 2.237, 4.581, 4.516, 3.433, 9.607, 11.59, 10.626, 9.412, 9.388, 9.755, 9.044, 6.824, 5.445, 5.331, 4.955, 4.716, 3.748, 2.752, 2.485, 3.992], [2.902, 1.86, 0.0, 1.317, 1.751, 1.752, 2.724, 3.133, 2.828, 2.667, 3.253, 5.656, 5.618, 5.099, 4.775, 4.552, 4.733, 4.043, 5.205, 6.498, 7.308, 7.208, 7.183, 7.216, 7.418, 7.288, 7.266, 7.182, 8.29, 9.471, 8.182, 7.261, 8.195, 7.94, 6.145, 4.972, 4.529, 2.711, 3.191, 4.698, 3.783, 3.367, 3.601, 3.856, 4.706, 5.061, 5.784, 6.896, 7.52, 7.493, 7.32, 6.364, 6.052, 6.637, 7.119, 6.989, 5.571, 4.263, 4.16, 4.812, 6.142, 5.434, 4.19, 3.989, 4.002, 1.683, 2.912, 2.702, 1.556, 3.192, 3.176, 3.621, 4.706, 3.827, 4.209, 3.583, 3.272, 4.187, 3.121, 2.842, 2.449, 2.739, 3.006, 2.764, 6.436, 13.085, 14.042, 12.885, 14.853, 18.176, 20.074, 19.516, 19.154, 17.431, 15.31, 14.536, 14.655, 15.449, 16.592, 16.512, 16.065, 17.642, 18.578, 18.168, 18.649, 20.253, 20.737, 18.95, 17.971, 18.342, 13.509, 4.702, 8.097, 10.161, 9.429, 13.76, 13.789, 12.336, 11.727, 8.149, 3.07, 4.858, 5.348, 4.843, 3.378, 1.498, 1.49, 2.986, 3.193, 5.147, 11.324, 13.304, 12.34, 11.107, 11.105, 11.469, 10.758, 8.531, 7.037, 6.875, 6.484, 5.936, 4.8, 3.005, 3.389, 3.019], [3.707, 2.638, 1.317, 0.0, 0.997, 1.224, 2.208, 2.261, 2.311, 2.376, 2.366, 4.908, 4.743, 4.264, 4.116, 3.829, 3.859, 3.179, 4.198, 5.611, 6.536, 6.557, 6.608, 6.571, 6.699, 6.649, 6.768, 6.64, 7.686, 8.728, 7.528, 6.55, 7.472, 7.204, 5.518, 4.242, 3.865, 2.06, 2.873, 4.366, 3.682, 3.295, 3.285, 3.405, 4.225, 5.092, 5.985, 7.598, 8.219, 7.948, 7.455, 6.454, 6.02, 6.762, 7.264, 6.998, 5.751, 4.811, 4.931, 5.615, 6.947, 6.245, 4.98, 4.806, 4.842, 1.989, 2.28, 2.267, 1.86, 3.531, 3.453, 4.001, 5.19, 4.29, 4.156, 3.502, 3.348, 3.767, 2.962, 2.745, 2.402, 2.55, 3.476, 3.304, 7.244, 13.904, 14.877, 13.698, 15.663, 19.008, 20.894, 20.331, 19.996, 18.276, 16.133, 15.354, 15.464, 16.275, 17.426, 17.334, 16.856, 18.427, 19.396, 18.975, 19.468, 21.072, 21.545, 19.754, 18.774, 19.146, 14.316, 5.532, 8.925, 10.965, 10.236, 14.599, 14.6, 13.144, 12.521, 8.781, 2.971, 4.642, 4.857, 4.455, 3.092, 1.565, 1.734, 2.725, 2.965, 5.96, 12.147, 14.107, 13.143, 11.929, 11.914, 12.273, 11.559, 9.262, 7.593, 7.443, 7.006, 6.094, 4.971, 3.285, 3.908, 2.859], [3.952, 2.921, 1.751, 0.997, 0.0, 1.076, 1.983, 2.054, 2.208, 2.343, 2.146, 4.924, 4.6, 4.1, 3.828, 3.689, 3.747, 3.014, 4.071, 5.329, 6.213, 6.305, 6.419, 6.377, 6.571, 6.534, 6.655, 6.531, 7.469, 8.551, 7.329, 6.551, 7.262, 7.135, 5.349, 4.12, 3.741, 1.979, 2.751, 4.362, 3.62, 3.176, 3.154, 3.473, 4.154, 4.978, 5.931, 7.692, 8.323, 7.974, 7.415, 6.402, 5.951, 6.705, 7.105, 6.883, 5.66, 4.741, 4.964, 5.719, 7.04, 6.349, 5.067, 4.867, 4.9, 2.194, 2.014, 2.004, 1.917, 3.436, 3.316, 4.056, 5.366, 4.34, 4.022, 3.453, 3.304, 3.644, 2.874, 2.84, 2.398, 2.572, 3.58, 3.444, 7.348, 14.021, 14.968, 13.818, 15.86, 19.196, 21.054, 20.52, 20.151, 18.469, 16.289, 15.519, 15.642, 16.362, 17.515, 17.443, 17.055, 18.652, 19.563, 19.108, 19.561, 21.282, 21.67, 19.873, 18.898, 19.269, 14.425, 5.674, 9.022, 11.148, 10.371, 14.686, 14.722, 13.241, 12.747, 8.94, 2.88, 4.664, 4.596, 4.196, 3.078, 1.812, 2.055, 2.662, 2.805, 6.047, 12.233, 14.213, 13.23, 12.016, 12.05, 12.376, 11.648, 9.367, 7.697, 7.517, 7.079, 6.098, 4.817, 3.234, 3.922, 2.871], [4.273, 3.255, 1.752, 1.224, 1.076, 0.0, 1.292, 1.741, 2.576, 2.65, 1.84, 4.614, 4.311, 3.665, 3.815, 3.445, 3.386, 2.897, 3.798, 4.977, 5.698, 5.642, 5.797, 5.858, 5.999, 5.952, 6.094, 5.966, 6.837, 7.996, 6.775, 6.004, 6.747, 6.742, 4.904, 3.647, 3.196, 1.524, 3.104, 4.681, 3.836, 3.257, 3.408, 3.718, 4.53, 5.355, 6.248, 8.047, 8.702, 8.161, 7.544, 6.605, 6.268, 6.885, 7.434, 7.151, 5.785, 5.09, 5.38, 6.086, 7.417, 6.722, 5.443, 5.283, 5.212, 2.336, 1.494, 1.47, 1.452, 2.908, 2.86, 3.593, 5.174, 3.893, 3.621, 3.185, 3.082, 3.143, 2.607, 2.741, 1.928, 2.301, 3.448, 3.335, 7.732, 14.393, 15.352, 14.211, 16.204, 19.546, 21.398, 20.87, 20.519, 18.827, 16.662, 15.877, 16.008, 16.784, 17.892, 17.812, 17.398, 19.009, 19.899, 19.464, 19.935, 21.646, 22.059, 20.255, 19.268, 19.639, 14.801, 6.043, 9.406, 11.495, 10.716, 15.059, 15.093, 13.642, 13.083, 9.18, 3.152, 4.434, 4.716, 4.151, 2.953, 2.011, 2.065, 2.333, 2.458, 6.42, 12.61, 14.581, 13.613, 12.392, 12.386, 12.748, 12.024, 9.745, 8.034, 7.855, 7.469, 6.464, 4.994, 3.301, 4.027, 2.667], [5.309, 4.249, 2.724, 2.208, 1.983, 1.292, 0.0, 1.331, 2.849, 3.294, 1.781, 3.768, 3.417, 2.685, 3.186, 2.767, 2.49, 2.155, 2.806, 3.926, 4.632, 4.538, 4.622, 4.71, 4.859, 4.775, 4.907, 4.786, 5.723, 6.976, 5.673, 4.897, 5.657, 5.687, 3.817, 2.639, 2.118, 1.17, 3.576, 4.672, 3.952, 3.015, 3.119, 3.509, 4.263, 6.021, 7.287, 9.072, 9.692, 9.063, 8.412, 7.469, 6.682, 7.701, 8.285, 7.846, 6.494, 5.922, 6.295, 7.063, 8.388, 7.696, 6.415, 6.298, 6.236, 3.424, 1.475, 1.677, 2.223, 3.049, 3.077, 4.038, 5.879, 4.332, 3.421, 2.967, 2.921, 2.244, 2.549, 3.489, 2.374, 2.354, 3.822, 4.01, 8.7, 15.364, 16.322, 15.191, 17.201, 20.542, 22.391, 21.861, 21.491, 19.807, 17.632, 16.859, 16.989, 17.763, 18.869, 18.782, 18.386, 20.011, 20.889, 20.435, 20.922, 22.632, 23.043, 21.228, 20.242, 20.612, 15.774, 7.004, 10.369, 12.469, 11.689, 16.03, 16.066, 14.626, 14.078, 10.153, 3.68, 3.667, 4.112, 3.576, 2.342, 2.725, 2.953, 2.011, 2.063, 7.386, 13.582, 15.547, 14.578, 13.364, 13.37, 13.728, 12.996, 10.712, 9.04, 8.833, 8.483, 7.563, 5.609, 3.772, 4.813, 2.493], [5.645, 4.58, 3.133, 2.261, 2.054, 1.741, 1.331, 0.0, 2.413, 2.82, 1.358, 3.481, 3.071, 2.371, 2.394, 2.225, 2.088, 1.784, 2.296, 3.614, 4.393, 4.818, 4.929, 4.858, 4.961, 4.957, 5.208, 5.104, 6.012, 6.988, 5.741, 5.1, 5.557, 5.835, 4.16, 2.826, 2.435, 1.608, 3.202, 4.346, 3.856, 3.193, 3.05, 3.456, 3.599, 5.489, 7.288, 9.241, 9.882, 9.165, 8.029, 6.899, 6.078, 7.369, 7.746, 7.164, 6.238, 6.093, 6.471, 7.303, 8.565, 7.874, 6.592, 6.467, 6.537, 3.464, 1.783, 1.853, 2.771, 3.923, 3.851, 4.692, 6.364, 5.064, 3.978, 3.309, 3.216, 2.429, 3.058, 3.827, 2.853, 2.693, 4.14, 4.368, 8.892, 15.587, 16.541, 15.379, 17.445, 20.823, 22.642, 22.112, 21.783, 20.1, 17.923, 17.15, 17.279, 17.968, 19.066, 19.02, 18.648, 20.311, 21.156, 20.681, 21.12, 22.96, 23.239, 21.42, 20.432, 20.799, 15.985, 7.284, 10.615, 12.722, 11.939, 16.238, 16.257, 14.818, 14.336, 10.423, 3.214, 3.411, 3.358, 2.976, 2.337, 2.992, 3.228, 2.541, 2.418, 7.58, 13.759, 15.772, 14.783, 13.59, 13.634, 13.957, 13.173, 10.896, 9.247, 9.012, 8.611, 7.442, 5.065, 3.683, 4.966, 2.803], [4.495, 3.541, 2.828, 2.311, 2.208, 2.576, 2.849, 2.413, 0.0, 1.137, 2.43, 4.748, 4.389, 3.831, 3.265, 3.455, 3.545, 2.935, 3.662, 5.138, 6.082, 6.516, 6.602, 6.502, 6.617, 6.744, 7.063, 6.984, 7.818, 8.608, 7.278, 6.785, 7.17, 7.461, 5.813, 4.578, 4.116, 2.251, 1.601, 2.636, 2.281, 2.51, 2.816, 2.873, 2.927, 3.711, 5.906, 7.857, 8.536, 7.797, 6.567, 5.333, 4.488, 5.798, 6.262, 5.627, 4.68, 4.757, 5.119, 6.063, 7.229, 6.506, 5.38, 5.107, 5.296, 3.288, 2.804, 2.842, 3.154, 5.037, 5.001, 5.592, 6.47, 5.856, 5.834, 5.178, 4.866, 4.492, 4.606, 4.423, 4.047, 4.284, 5.141, 4.854, 7.543, 14.206, 15.176, 13.992, 16.054, 19.437, 21.255, 20.72, 20.437, 18.755, 16.574, 15.804, 15.927, 16.553, 17.717, 17.658, 17.286, 18.944, 19.793, 19.295, 19.758, 21.591, 21.844, 20.052, 19.063, 19.438, 14.602, 5.966, 9.295, 11.389, 10.551, 14.891, 14.9, 13.422, 12.962, 9.08, 1.919, 4.399, 4.105, 3.765, 3.274, 2.816, 3.331, 4.406, 4.534, 6.222, 12.414, 14.434, 13.442, 12.237, 12.271, 12.607, 11.813, 9.547, 7.897, 7.676, 7.267, 6.026, 3.201, 2.285, 3.679, 2.465], [3.919, 3.003, 2.667, 2.376, 2.343, 2.65, 3.294, 2.82, 1.137, 0.0, 2.849, 5.589, 5.236, 4.659, 4.021, 4.268, 4.401, 3.659, 4.453, 5.993, 6.747, 7.182, 7.284, 7.216, 7.331, 7.299, 7.527, 7.411, 8.362, 9.305, 8.03, 7.436, 8.012, 8.184, 6.523, 5.258, 4.685, 2.681, 1.478, 2.89, 2.434, 2.574, 2.982, 3.037, 3.276, 3.695, 5.274, 7.224, 7.858, 7.091, 6.034, 5.019, 4.178, 5.434, 5.752, 5.148, 4.297, 4.19, 4.603, 5.496, 6.573, 5.787, 4.685, 4.466, 4.683, 2.826, 2.82, 2.712, 3.057, 5.048, 4.874, 5.189, 6.076, 5.483, 6.056, 5.338, 4.996, 4.822, 4.707, 4.227, 3.731, 4.355, 4.878, 4.541, 6.858, 13.522, 14.518, 13.247, 15.372, 18.78, 20.576, 20.063, 19.798, 18.116, 15.935, 15.165, 15.289, 15.894, 17.037, 16.997, 16.647, 18.324, 19.131, 18.61, 19.109, 20.972, 21.088, 19.301, 18.301, 18.705, 13.924, 5.358, 8.652, 10.725, 9.919, 14.23, 14.168, 12.721, 12.302, 8.442, 1.918, 4.941, 4.624, 4.317, 3.894, 2.845, 3.304, 4.683, 4.699, 5.504, 11.72, 13.786, 12.791, 11.594, 11.614, 11.95, 11.066, 8.801, 7.233, 6.985, 6.518, 5.304, 2.98, 2.119, 2.984, 2.966], [5.906, 4.877, 3.253, 2.366, 2.146, 1.84, 1.781, 1.358, 2.43, 2.849, 0.0, 3.322, 2.898, 2.536, 2.908, 2.561, 2.238, 1.543, 2.321, 3.636, 4.526, 4.86, 4.99, 5.022, 5.112, 5.235, 5.598, 5.468, 6.079, 6.872, 5.696, 5.155, 5.602, 5.721, 4.005, 2.89, 2.694, 1.928, 3.265, 4.668, 4.237, 3.889, 3.824, 4.097, 4.312, 5.559, 7.591, 9.626, 10.282, 9.59, 8.379, 7.212, 6.464, 7.603, 8.076, 7.569, 6.534, 6.532, 6.902, 7.675, 8.991, 8.299, 7.017, 6.796, 6.727, 3.497, 1.268, 1.66, 3.006, 3.766, 3.9, 4.764, 6.585, 5.019, 3.76, 3.417, 3.535, 2.954, 3.059, 4.117, 2.99, 2.657, 4.04, 4.682, 9.299, 15.981, 16.937, 15.776, 17.818, 21.159, 23.024, 22.482, 22.155, 20.478, 18.292, 17.522, 17.645, 18.325, 19.489, 19.41, 19.027, 20.666, 21.53, 21.071, 21.525, 23.296, 23.628, 21.836, 20.85, 21.22, 16.376, 7.63, 10.996, 13.106, 12.325, 16.655, 16.681, 15.201, 14.707, 10.811, 3.511, 3.609, 3.654, 3.284, 2.911, 3.427, 3.613, 2.508, 2.669, 7.988, 14.184, 16.167, 15.18, 13.973, 14.006, 14.329, 13.599, 11.317, 9.621, 9.429, 9.028, 7.802, 5.108, 3.905, 5.277, 3.196], [8.436, 7.385, 5.656, 4.908, 4.924, 4.614, 3.768, 3.481, 4.748, 5.589, 3.322, 0.0, 1.445, 2.116, 2.493, 2.039, 1.784, 2.506, 2.399, 2.25, 4.007, 3.759, 3.746, 3.378, 3.659, 3.884, 4.341, 4.659, 4.866, 4.99, 4.527, 3.876, 3.375, 3.763, 3.234, 3.74, 4.046, 4.473, 5.82, 6.452, 6.384, 5.409, 5.028, 5.536, 5.744, 7.82, 10.345, 12.335, 12.973, 12.313, 11.019, 9.636, 9.024, 10.204, 10.863, 10.163, 9.237, 9.283, 9.645, 10.409, 11.723, 11.011, 9.764, 9.581, 9.561, 6.405, 3.979, 4.512, 5.695, 6.333, 6.442, 7.629, 9.447, 7.684, 5.642, 5.179, 5.524, 3.85, 5.427, 7.023, 5.713, 4.91, 6.515, 7.243, 12.036, 18.657, 19.6, 18.439, 20.402, 23.734, 25.619, 25.067, 24.71, 22.965, 20.856, 20.078, 20.164, 21.013, 22.152, 22.061, 21.572, 23.113, 24.131, 23.713, 24.19, 25.778, 26.284, 24.499, 23.554, 23.905, 19.087, 10.29, 13.704, 15.765, 15.0, 19.333, 19.358, 17.899, 17.264, 13.415, 6.236, 3.384, 3.401, 2.627, 3.569, 5.854, 6.145, 4.173, 4.594, 10.748, 16.904, 18.909, 17.94, 16.678, 16.688, 17.059, 16.334, 14.058, 12.313, 12.173, 11.793, 10.593, 7.392, 6.602, 8.084, 4.923], [8.303, 7.27, 5.618, 4.743, 4.6, 4.311, 3.417, 3.071, 4.389, 5.236, 2.898, 1.445, 0.0, 1.733, 1.962, 1.504, 1.272, 2.021, 1.733, 1.804, 3.427, 3.45, 3.59, 3.459, 3.662, 4.143, 4.54, 4.637, 4.931, 5.341, 4.481, 3.822, 3.342, 4.066, 2.894, 3.449, 3.655, 3.951, 5.455, 6.039, 6.212, 5.284, 4.891, 5.393, 5.203, 7.409, 10.073, 12.152, 12.8, 12.137, 10.775, 9.119, 8.511, 10.006, 10.571, 9.598, 9.031, 9.107, 9.469, 10.233, 11.549, 10.841, 9.588, 9.405, 9.417, 6.219, 3.471, 3.9, 5.492, 5.974, 6.067, 7.165, 9.018, 7.354, 5.476, 5.185, 5.352, 3.591, 5.222, 6.569, 5.38, 4.87, 6.361, 7.024, 11.852, 18.485, 19.426, 18.272, 20.218, 23.537, 25.446, 24.872, 24.52, 22.806, 20.656, 19.886, 19.992, 20.824, 21.974, 21.893, 21.422, 22.963, 23.969, 23.55, 24.006, 25.587, 26.121, 24.327, 23.374, 23.74, 18.908, 10.055, 13.489, 15.559, 14.821, 19.156, 19.185, 17.721, 17.13, 13.226, 5.983, 3.204, 2.873, 2.433, 3.429, 5.7, 5.965, 4.181, 4.258, 10.572, 16.729, 18.733, 17.765, 16.508, 16.512, 16.884, 16.163, 13.861, 12.125, 11.997, 11.617, 10.364, 7.031, 6.447, 7.942, 4.794], [7.675, 6.541, 5.099, 4.264, 4.1, 3.665, 2.685, 2.371, 3.831, 4.659, 2.536, 2.116, 1.733, 0.0, 1.669, 1.394, 1.343, 1.817, 1.405, 1.897, 3.18, 3.271, 3.382, 3.293, 3.429, 3.728, 4.111, 4.229, 4.647, 5.31, 4.238, 3.664, 3.543, 4.45, 2.838, 2.494, 2.696, 3.015, 4.678, 5.222, 5.293, 4.345, 4.14, 4.826, 4.933, 7.078, 9.4, 11.196, 11.853, 11.091, 9.776, 8.469, 7.723, 9.013, 9.536, 8.842, 7.969, 8.046, 8.412, 9.271, 10.563, 9.819, 8.527, 8.605, 8.598, 5.532, 3.026, 3.172, 4.603, 5.047, 4.994, 6.145, 7.983, 6.389, 4.255, 3.857, 4.087, 2.563, 4.095, 5.65, 4.518, 3.726, 5.299, 6.058, 10.813, 17.458, 18.465, 17.295, 19.238, 22.637, 24.465, 23.93, 23.729, 22.024, 19.873, 19.07, 19.219, 19.881, 21.022, 20.941, 20.486, 22.215, 23.045, 22.524, 23.107, 24.886, 25.098, 23.306, 22.309, 22.703, 17.851, 9.208, 12.571, 14.553, 13.86, 18.226, 18.169, 16.771, 16.151, 12.396, 4.955, 2.861, 2.9, 2.264, 2.762, 4.76, 5.076, 3.339, 3.191, 9.511, 15.725, 17.749, 16.819, 15.593, 15.53, 15.904, 15.102, 12.799, 11.204, 10.987, 10.572, 9.369, 6.177, 5.413, 6.908, 3.833], [7.162, 6.072, 4.775, 4.116, 3.828, 3.815, 3.186, 2.394, 3.265, 4.021, 2.908, 2.493, 1.962, 1.669, 0.0, 1.136, 1.624, 2.331, 2.099, 2.955, 4.27, 4.35, 4.464, 4.175, 4.378, 4.705, 5.016, 5.275, 5.804, 6.389, 5.4, 4.826, 4.426, 5.543, 4.203, 3.733, 3.641, 3.243, 4.219, 4.722, 4.675, 3.665, 3.517, 4.312, 4.161, 6.423, 8.714, 10.553, 11.177, 10.426, 9.192, 7.588, 6.924, 8.431, 8.854, 7.826, 7.294, 7.337, 7.73, 8.639, 9.864, 9.126, 7.803, 7.933, 7.978, 5.151, 3.54, 3.754, 4.841, 5.927, 5.793, 6.632, 8.347, 7.209, 5.576, 4.852, 4.459, 3.438, 4.788, 5.722, 4.756, 4.24, 5.316, 5.883, 10.183, 16.837, 17.833, 16.57, 18.695, 22.108, 23.907, 23.405, 23.122, 21.437, 19.261, 18.488, 18.618, 19.226, 20.352, 20.314, 19.965, 21.692, 22.464, 21.927, 22.436, 24.352, 24.41, 22.611, 21.614, 22.022, 17.224, 8.6, 11.949, 14.018, 13.234, 17.542, 17.482, 16.094, 15.631, 11.8, 4.282, 2.86, 2.33, 1.434, 2.232, 4.314, 4.649, 4.414, 3.917, 8.858, 15.054, 17.127, 16.148, 14.932, 14.951, 15.287, 14.401, 12.107, 10.542, 10.322, 9.866, 8.722, 5.449, 4.709, 6.206, 3.398], [7.138, 6.078, 4.552, 3.829, 3.689, 3.445, 2.767, 2.225, 3.455, 4.268, 2.561, 2.039, 1.504, 1.394, 1.136, 0.0, 1.099, 1.857, 1.559, 2.285, 3.681, 3.691, 3.804, 3.691, 3.835, 4.153, 4.523, 4.714, 5.167, 5.779, 4.695, 4.067, 3.954, 4.676, 3.313, 3.165, 3.175, 3.13, 4.302, 4.971, 4.929, 3.952, 3.604, 4.307, 4.456, 6.544, 8.84, 10.774, 11.388, 10.713, 9.374, 7.983, 7.442, 8.582, 9.187, 8.539, 7.606, 7.682, 8.044, 8.808, 10.135, 9.421, 8.163, 8.077, 8.116, 5.111, 3.103, 3.345, 4.54, 5.531, 5.59, 6.451, 8.274, 6.876, 5.218, 4.564, 4.421, 2.945, 4.545, 5.643, 4.616, 3.965, 5.219, 5.724, 10.447, 17.066, 18.051, 16.879, 18.864, 22.187, 24.073, 23.561, 23.211, 21.497, 19.347, 18.566, 18.692, 19.439, 20.598, 20.508, 20.088, 21.713, 22.562, 22.142, 22.651, 24.368, 24.717, 22.926, 21.955, 22.327, 17.489, 8.718, 12.125, 14.154, 13.425, 17.78, 17.778, 16.32, 15.747, 11.856, 4.632, 2.326, 2.153, 1.51, 2.176, 4.339, 4.664, 3.884, 3.666, 9.162, 15.304, 17.31, 16.34, 15.116, 15.087, 15.459, 14.739, 12.436, 10.7, 10.572, 10.196, 9.037, 5.85, 5.073, 6.57, 3.605], [7.37, 6.322, 4.733, 3.859, 3.747, 3.386, 2.49, 2.088, 3.545, 4.401, 2.238, 1.784, 1.272, 1.343, 1.624, 1.099, 0.0, 1.493, 1.334, 1.954, 3.291, 3.33, 3.524, 3.422, 3.516, 3.842, 4.212, 4.409, 4.784, 5.459, 4.365, 3.696, 3.959, 4.169, 2.803, 2.72, 2.868, 3.072, 4.471, 5.152, 5.164, 4.258, 3.919, 4.473, 4.608, 6.703, 9.034, 11.076, 11.714, 11.039, 9.723, 8.409, 7.732, 8.943, 9.494, 8.879, 7.947, 8.009, 8.37, 9.134, 10.451, 9.751, 8.49, 8.34, 8.37, 5.268, 2.707, 3.135, 4.477, 5.176, 5.236, 6.324, 8.182, 6.535, 4.757, 4.22, 4.284, 2.729, 4.192, 5.621, 4.435, 3.802, 5.38, 5.962, 10.783, 17.395, 18.349, 17.197, 19.191, 22.522, 24.397, 23.871, 23.468, 21.77, 19.604, 18.844, 18.945, 19.763, 20.896, 20.814, 20.394, 21.958, 22.896, 22.465, 22.942, 24.598, 25.054, 23.247, 22.284, 22.651, 17.814, 8.98, 12.399, 14.497, 13.731, 18.071, 18.096, 16.634, 16.097, 12.155, 4.91, 2.676, 2.506, 1.958, 2.431, 4.679, 4.943, 3.387, 3.365, 9.483, 15.63, 17.634, 16.666, 15.414, 15.414, 15.785, 15.065, 12.762, 11.026, 10.899, 10.522, 9.313, 6.248, 5.399, 6.889, 3.765], [6.737, 5.695, 4.043, 3.179, 3.014, 2.897, 2.155, 1.784, 2.935, 3.659, 1.543, 2.506, 2.021, 1.817, 2.331, 1.857, 1.493, 0.0, 1.74, 2.911, 3.939, 4.291, 4.436, 4.425, 4.53, 4.745, 5.095, 5.021, 5.716, 6.431, 5.22, 4.666, 4.974, 4.934, 3.313, 2.669, 2.893, 2.651, 3.897, 4.881, 4.738, 4.076, 3.794, 4.106, 4.196, 5.978, 8.422, 10.514, 11.157, 10.486, 9.23, 7.925, 7.214, 8.429, 9.016, 8.386, 7.408, 7.456, 7.818, 8.582, 9.899, 9.198, 7.937, 7.791, 7.817, 4.63, 2.177, 2.693, 4.121, 4.832, 4.936, 5.908, 7.802, 6.204, 4.298, 3.793, 4.013, 2.68, 3.918, 5.174, 4.037, 3.269, 4.729, 5.424, 10.216, 16.842, 17.767, 16.616, 18.603, 21.908, 23.81, 23.271, 22.847, 21.144, 18.995, 18.23, 18.315, 19.173, 20.322, 20.245, 19.82, 21.362, 22.313, 21.905, 22.361, 23.989, 24.471, 22.684, 21.731, 22.094, 17.262, 8.405, 11.838, 13.932, 13.176, 17.513, 17.539, 16.078, 15.531, 11.595, 4.35, 2.836, 3.131, 2.786, 2.661, 4.092, 4.375, 2.748, 3.076, 8.931, 15.078, 17.082, 16.114, 14.862, 14.861, 15.233, 14.512, 12.21, 10.474, 10.346, 9.969, 8.752, 5.922, 4.85, 6.342, 3.756], [7.834, 6.786, 5.205, 4.198, 4.071, 3.798, 2.806, 2.296, 3.662, 4.453, 2.321, 2.399, 1.733, 1.405, 2.099, 1.559, 1.334, 1.74, 0.0, 1.803, 3.004, 3.216, 3.366, 3.23, 3.349, 3.589, 3.944, 4.109, 4.741, 5.418, 4.211, 3.654, 3.851, 4.262, 2.869, 2.817, 2.935, 3.056, 4.602, 5.462, 5.397, 4.504, 4.306, 4.857, 5.003, 7.044, 9.26, 11.236, 11.893, 11.184, 9.948, 8.62, 7.839, 9.153, 9.65, 8.96, 8.077, 8.172, 8.515, 9.357, 10.596, 9.898, 8.634, 8.563, 8.731, 5.49, 2.852, 3.06, 4.709, 5.195, 5.24, 6.183, 8.028, 6.53, 4.608, 4.291, 4.349, 2.553, 4.332, 5.76, 4.603, 3.964, 5.692, 6.229, 10.934, 17.598, 18.546, 17.361, 19.437, 22.8, 24.639, 24.102, 23.796, 22.114, 19.933, 19.164, 19.288, 19.937, 21.071, 21.022, 20.65, 22.319, 23.17, 22.689, 23.116, 24.964, 25.214, 23.417, 22.441, 22.811, 17.993, 9.328, 12.623, 14.725, 13.94, 18.232, 18.264, 16.779, 16.335, 12.447, 5.086, 2.893, 2.703, 2.382, 2.883, 5.045, 5.233, 3.583, 3.305, 9.679, 15.801, 17.835, 16.845, 15.619, 15.67, 16.005, 15.21, 12.907, 11.255, 11.05, 10.691, 9.513, 6.445, 5.63, 7.122, 4.078], [9.092, 8.018, 6.498, 5.611, 5.329, 4.977, 3.926, 3.614, 5.138, 5.993, 3.636, 2.25, 1.804, 1.897, 2.955, 2.285, 1.954, 2.911, 1.803, 0.0, 2.058, 1.883, 2.028, 1.947, 2.058, 2.484, 2.872, 2.968, 3.36, 4.007, 2.95, 2.421, 2.296, 2.92, 2.043, 2.873, 3.335, 4.162, 5.977, 6.82, 6.709, 5.785, 5.451, 6.165, 6.336, 8.374, 10.608, 12.567, 13.214, 12.514, 11.249, 9.937, 9.213, 10.488, 11.017, 10.324, 9.418, 9.511, 9.846, 10.674, 11.927, 11.228, 9.965, 9.882, 9.983, 6.822, 3.879, 4.162, 5.885, 5.736, 5.725, 7.179, 9.027, 7.134, 4.384, 4.959, 5.45, 3.261, 5.232, 6.942, 5.658, 5.056, 6.834, 7.537, 12.255, 18.916, 19.863, 18.691, 20.752, 24.128, 25.964, 25.422, 25.119, 23.441, 21.256, 20.486, 20.613, 21.269, 22.396, 22.34, 21.976, 23.64, 24.488, 24.006, 24.444, 26.289, 26.548, 24.751, 23.769, 24.142, 19.31, 10.62, 13.958, 16.043, 15.261, 19.567, 19.593, 18.11, 17.652, 13.774, 6.45, 3.471, 3.226, 3.029, 4.094, 6.322, 6.58, 3.889, 4.283, 10.969, 17.126, 19.159, 18.172, 16.945, 16.996, 17.322, 16.54, 14.238, 12.572, 12.38, 12.007, 10.857, 7.71, 6.918, 8.415, 5.289], [9.864, 8.772, 7.308, 6.536, 6.213, 5.698, 4.632, 4.393, 6.082, 6.747, 4.526, 4.007, 3.427, 3.18, 4.27, 3.681, 3.291, 3.939, 3.004, 2.058, 0.0, 1.289, 1.553, 1.998, 1.885, 2.16, 2.614, 2.075, 2.259, 3.056, 1.85, 1.611, 1.923, 2.638, 2.644, 3.519, 3.986, 4.898, 6.778, 7.697, 7.53, 6.407, 6.219, 7.054, 7.319, 9.429, 11.46, 13.319, 13.979, 13.242, 12.036, 10.846, 10.118, 11.33, 11.718, 11.107, 10.188, 10.197, 10.545, 11.444, 12.646, 11.948, 10.652, 10.698, 10.703, 7.631, 4.702, 4.869, 6.529, 6.355, 6.305, 7.8, 9.677, 7.774, 4.666, 5.657, 6.127, 3.999, 5.957, 7.682, 6.236, 5.789, 7.567, 8.296, 12.998, 19.663, 20.635, 19.403, 21.507, 24.903, 26.717, 26.186, 25.892, 24.212, 22.031, 21.259, 21.382, 22.028, 23.155, 23.116, 22.744, 24.429, 25.257, 24.753, 25.208, 27.085, 27.255, 25.453, 24.463, 24.851, 20.054, 11.383, 14.724, 16.812, 16.005, 20.319, 20.306, 18.855, 18.421, 14.552, 7.202, 4.368, 4.215, 4.355, 5.1, 7.081, 7.345, 4.639, 4.871, 11.672, 17.871, 19.925, 18.947, 17.71, 17.765, 18.092, 17.23, 14.937, 13.342, 13.127, 12.694, 11.563, 8.589, 7.568, 9.04, 5.969], [9.741, 8.656, 7.208, 6.557, 6.305, 5.642, 4.538, 4.818, 6.516, 7.182, 4.86, 3.759, 3.45, 3.271, 4.35, 3.691, 3.33, 4.291, 3.216, 1.883, 1.289, 0.0, 1.062, 1.341, 1.186, 1.533, 1.896, 1.723, 1.817, 2.762, 1.751, 1.265, 1.697, 1.921, 2.235, 3.306, 3.7, 4.837, 7.092, 7.936, 7.497, 6.364, 6.15, 7.074, 7.798, 9.901, 11.526, 13.17, 13.809, 13.136, 12.266, 11.306, 10.554, 11.484, 12.068, 11.636, 10.232, 10.095, 10.44, 11.272, 12.521, 11.823, 10.559, 10.63, 10.54, 7.654, 4.743, 5.066, 6.386, 6.005, 6.033, 7.554, 9.43, 7.468, 4.318, 5.493, 6.003, 3.782, 5.807, 7.525, 6.092, 5.604, 7.38, 8.107, 12.85, 19.507, 20.458, 19.32, 21.377, 24.729, 26.579, 26.045, 25.716, 24.035, 21.858, 21.084, 21.208, 21.883, 22.993, 22.937, 22.563, 24.305, 25.093, 24.598, 25.05, 26.978, 27.153, 25.357, 24.363, 24.736, 19.903, 11.191, 14.532, 16.629, 15.872, 20.167, 20.187, 18.763, 18.254, 14.422, 7.434, 4.291, 4.513, 4.191, 4.787, 6.889, 7.168, 4.477, 4.738, 11.543, 17.72, 19.745, 18.801, 17.539, 17.574, 17.909, 17.135, 14.832, 13.186, 12.98, 12.643, 11.641, 8.978, 7.574, 8.939, 5.786], [9.682, 8.601, 7.183, 6.608, 6.419, 5.797, 4.622, 4.929, 6.602, 7.284, 4.99, 3.746, 3.59, 3.382, 4.464, 3.804, 3.524, 4.436, 3.366, 2.028, 1.553, 1.062, 0.0, 0.902, 0.891, 1.157, 1.653, 1.375, 1.675, 2.873, 1.79, 1.331, 1.698, 2.248, 2.578, 3.62, 4.0, 4.794, 7.161, 7.982, 7.544, 6.275, 6.124, 7.11, 7.886, 9.988, 11.576, 13.072, 13.625, 12.924, 12.227, 11.324, 10.589, 11.345, 12.06, 11.583, 10.021, 9.785, 10.13, 11.095, 12.265, 11.563, 10.283, 10.623, 10.316, 7.736, 5.018, 5.406, 6.271, 5.931, 5.933, 7.402, 9.222, 7.646, 4.545, 5.252, 5.711, 3.521, 5.499, 7.22, 5.923, 5.3, 7.103, 7.832, 12.58, 19.193, 20.163, 19.09, 21.093, 24.474, 26.291, 25.768, 25.473, 23.777, 21.612, 20.85, 20.991, 21.715, 22.714, 22.643, 22.346, 24.162, 24.836, 24.33, 24.88, 26.866, 26.951, 25.108, 24.065, 24.425, 19.603, 10.953, 14.306, 16.376, 15.676, 19.915, 19.912, 18.704, 18.078, 14.259, 7.453, 4.208, 4.547, 4.289, 4.745, 6.595, 6.974, 4.523, 4.576, 11.233, 17.441, 19.439, 18.566, 17.29, 17.254, 17.589, 16.846, 14.557, 12.944, 12.81, 12.587, 11.692, 9.02, 7.284, 8.631, 5.511], [9.723, 8.64, 7.216, 6.571, 6.377, 5.858, 4.71, 4.858, 6.502, 7.216, 5.022, 3.378, 3.459, 3.293, 4.175, 3.691, 3.422, 4.425, 3.23, 1.947, 1.998, 1.341, 0.902, 0.0, 0.733, 0.975, 1.517, 1.549, 1.916, 2.952, 2.03, 1.581, 1.808, 2.187, 2.67, 3.655, 4.001, 4.803, 7.05, 7.93, 7.486, 6.244, 6.127, 7.103, 7.781, 9.823, 11.492, 13.01, 13.606, 12.843, 12.108, 11.147, 10.389, 11.286, 11.851, 11.366, 9.844, 9.659, 10.037, 11.012, 12.196, 11.472, 10.147, 10.526, 10.407, 7.781, 5.048, 5.471, 6.39, 6.121, 6.021, 7.499, 9.214, 7.682, 4.683, 5.265, 5.639, 3.556, 5.541, 7.268, 5.983, 5.362, 7.191, 7.879, 12.516, 19.168, 20.187, 18.965, 21.065, 24.485, 26.25, 25.775, 25.502, 23.814, 21.643, 20.879, 21.008, 21.651, 22.721, 22.679, 22.361, 24.143, 24.833, 24.267, 24.849, 26.816, 26.805, 25.004, 23.974, 24.344, 19.555, 11.041, 14.34, 16.367, 15.643, 19.918, 19.833, 18.594, 18.045, 14.231, 7.189, 4.158, 4.344, 3.886, 4.629, 6.701, 6.976, 4.649, 4.612, 11.131, 17.418, 19.437, 18.52, 17.304, 17.265, 17.581, 16.727, 14.461, 12.968, 12.7, 12.394, 11.536, 8.917, 7.212, 8.566, 5.521], [9.955, 8.839, 7.418, 6.699, 6.571, 5.999, 4.859, 4.961, 6.617, 7.331, 5.112, 3.659, 3.662, 3.429, 4.378, 3.835, 3.516, 4.53, 3.349, 2.058, 1.885, 1.186, 0.891, 0.733, 0.0, 0.934, 1.504, 1.347, 1.668, 2.698, 1.689, 1.445, 1.717, 1.911, 2.677, 3.703, 4.029, 4.92, 7.165, 8.012, 7.646, 6.458, 6.271, 7.239, 7.863, 9.904, 11.617, 13.194, 13.802, 12.989, 12.163, 11.238, 10.439, 11.356, 11.909, 11.405, 9.948, 9.886, 10.263, 11.208, 12.446, 11.711, 10.355, 10.742, 10.643, 7.92, 5.239, 5.591, 6.641, 6.351, 6.302, 7.788, 9.524, 7.968, 4.821, 5.515, 5.869, 3.804, 5.749, 7.442, 6.286, 5.571, 7.399, 8.078, 12.724, 19.354, 20.372, 19.218, 21.27, 24.674, 26.435, 25.978, 25.711, 24.021, 21.85, 21.084, 21.22, 21.879, 22.941, 22.885, 22.564, 24.344, 25.045, 24.421, 25.051, 27.037, 27.014, 25.219, 24.161, 24.537, 19.733, 11.268, 14.558, 16.586, 15.863, 20.147, 20.06, 18.838, 18.275, 14.437, 7.326, 4.306, 4.446, 4.064, 4.851, 6.93, 7.194, 4.752, 4.873, 11.328, 17.668, 19.65, 18.743, 17.514, 17.455, 17.765, 16.905, 14.685, 13.167, 12.903, 12.599, 11.675, 9.031, 7.356, 8.786, 5.704], [9.81, 8.706, 7.288, 6.649, 6.534, 5.952, 4.775, 4.957, 6.744, 7.299, 5.235, 3.884, 4.143, 3.728, 4.705, 4.153, 3.842, 4.745, 3.589, 2.484, 2.16, 1.533, 1.157, 0.975, 0.934, 0.0, 1.072, 1.098, 1.588, 2.97, 1.951, 1.578, 2.068, 2.115, 2.667, 3.609, 3.899, 4.924, 7.207, 8.117, 7.559, 6.272, 6.154, 7.153, 7.935, 10.009, 11.491, 13.016, 13.572, 12.823, 12.215, 11.395, 10.503, 11.388, 11.953, 11.395, 9.894, 9.624, 9.945, 11.045, 12.182, 11.479, 10.124, 10.577, 10.486, 7.84, 5.246, 5.653, 6.497, 6.189, 6.053, 7.596, 9.303, 7.829, 4.65, 5.362, 5.595, 3.539, 5.491, 7.251, 6.066, 5.334, 7.152, 7.809, 12.462, 19.099, 20.089, 18.975, 21.037, 24.422, 26.182, 25.736, 25.468, 23.773, 21.606, 20.84, 21.004, 21.697, 22.679, 22.637, 22.356, 24.156, 24.848, 24.248, 24.861, 26.853, 26.811, 24.94, 23.88, 24.25, 19.47, 11.041, 14.347, 16.397, 15.671, 19.876, 19.759, 18.613, 18.092, 14.259, 7.394, 4.332, 4.669, 4.428, 4.723, 6.686, 7.015, 4.612, 4.696, 11.097, 17.441, 19.425, 18.578, 17.298, 17.183, 17.54, 16.6, 14.437, 12.96, 12.708, 12.411, 11.577, 9.222, 7.296, 8.526, 5.458], [9.735, 8.682, 7.266, 6.768, 6.655, 6.094, 4.907, 5.208, 7.063, 7.527, 5.598, 4.341, 4.54, 4.111, 5.016, 4.523, 4.212, 5.095, 3.944, 2.872, 2.614, 1.896, 1.653, 1.517, 1.504, 1.072, 0.0, 1.102, 1.844, 3.445, 2.352, 1.887, 2.739, 2.404, 2.957, 3.856, 4.056, 5.186, 7.548, 8.447, 7.826, 6.36, 6.22, 7.234, 8.217, 10.299, 11.521, 12.975, 13.495, 12.905, 12.472, 11.71, 10.747, 11.644, 12.213, 11.558, 9.999, 9.341, 9.681, 10.939, 11.985, 11.227, 9.948, 10.588, 10.317, 7.895, 5.467, 5.899, 6.347, 5.959, 5.809, 7.365, 9.125, 7.723, 4.479, 5.206, 5.265, 3.28, 5.248, 6.917, 5.905, 5.072, 6.874, 7.532, 12.209, 18.827, 19.826, 18.719, 20.752, 24.14, 25.883, 25.466, 25.187, 23.493, 21.336, 20.588, 20.743, 21.48, 22.404, 22.382, 22.197, 24.039, 24.636, 24.014, 24.724, 26.754, 26.514, 24.656, 23.47, 23.895, 19.166, 10.776, 14.078, 16.147, 15.444, 19.582, 19.474, 18.514, 17.879, 14.135, 7.683, 4.595, 5.039, 4.833, 4.807, 6.517, 6.827, 4.641, 4.649, 10.762, 17.21, 19.139, 18.343, 17.045, 16.911, 17.302, 16.372, 14.202, 12.865, 12.672, 12.464, 11.703, 9.556, 7.188, 8.164, 5.161], [9.685, 8.591, 7.182, 6.64, 6.531, 5.966, 4.786, 5.104, 6.984, 7.411, 5.468, 4.659, 4.637, 4.229, 5.275, 4.714, 4.409, 5.021, 4.109, 2.968, 2.075, 1.723, 1.375, 1.549, 1.347, 1.098, 1.102, 0.0, 1.598, 3.19, 1.926, 1.555, 2.371, 2.383, 3.017, 3.747, 4.028, 4.994, 7.501, 8.52, 7.824, 6.266, 6.131, 7.131, 8.134, 10.298, 11.542, 13.014, 13.555, 12.909, 12.44, 11.669, 10.689, 11.629, 12.17, 11.536, 9.999, 9.455, 9.828, 10.995, 12.09, 11.4, 10.005, 10.528, 10.327, 7.792, 5.299, 5.723, 6.344, 5.912, 5.8, 7.342, 9.048, 7.614, 4.439, 5.2, 5.408, 3.397, 5.302, 7.002, 5.823, 5.153, 6.967, 7.654, 12.355, 18.998, 20.0, 18.878, 20.93, 24.318, 26.056, 25.632, 25.362, 23.673, 21.507, 20.747, 20.915, 21.635, 22.574, 22.537, 22.3, 24.107, 24.778, 24.144, 24.806, 26.811, 26.666, 24.807, 23.685, 24.09, 19.347, 10.887, 14.239, 16.306, 15.596, 19.765, 19.655, 18.586, 18.027, 14.212, 7.59, 4.695, 5.121, 5.067, 5.055, 6.55, 6.938, 4.521, 4.559, 10.874, 17.335, 19.286, 18.473, 17.219, 17.077, 17.426, 16.469, 14.34, 12.917, 12.683, 12.411, 11.625, 9.532, 7.207, 8.242, 5.408], [10.797, 9.705, 8.29, 7.686, 7.469, 6.837, 5.723, 6.012, 7.818, 8.362, 6.079, 4.866, 4.931, 4.647, 5.804, 5.167, 4.784, 5.716, 4.741, 3.36, 2.259, 1.817, 1.675, 1.916, 1.668, 1.588, 1.844, 1.598, 0.0, 1.81, 1.144, 1.536, 2.037, 1.862, 3.177, 4.161, 4.407, 5.913, 8.392, 9.144, 8.706, 7.419, 7.23, 8.208, 8.96, 11.191, 12.801, 14.293, 14.892, 14.13, 13.397, 12.547, 11.65, 12.536, 13.186, 12.678, 11.064, 10.821, 11.192, 12.286, 13.445, 12.743, 11.435, 11.778, 11.408, 8.807, 6.106, 6.447, 7.4, 6.842, 6.758, 8.381, 10.118, 8.485, 5.22, 6.357, 6.785, 4.707, 6.564, 8.24, 6.923, 6.427, 8.151, 8.837, 13.61, 20.289, 21.306, 20.262, 22.204, 25.598, 27.348, 26.918, 26.643, 24.945, 22.781, 22.02, 22.186, 22.934, 23.912, 23.829, 23.563, 25.379, 26.037, 25.445, 26.134, 28.091, 28.106, 26.231, 25.159, 25.494, 20.661, 12.113, 15.5, 17.551, 16.849, 21.117, 21.022, 19.952, 19.287, 15.474, 8.55, 5.399, 5.814, 5.587, 5.892, 7.78, 8.172, 5.573, 5.647, 12.247, 18.652, 20.562, 19.753, 18.521, 18.33, 18.73, 17.902, 15.701, 14.202, 14.042, 13.722, 12.76, 10.194, 8.278, 9.538, 6.406], [12.102, 11.006, 9.471, 8.728, 8.551, 7.996, 6.976, 6.988, 8.608, 9.305, 6.872, 4.99, 5.341, 5.31, 6.389, 5.779, 5.459, 6.431, 5.418, 4.007, 3.056, 2.762, 2.873, 2.952, 2.698, 2.97, 3.445, 3.19, 1.81, 0.0, 1.589, 2.336, 2.409, 2.064, 4.049, 5.072, 5.448, 7.249, 9.245, 9.952, 9.75, 8.726, 8.354, 9.247, 9.836, 11.99, 13.923, 15.682, 16.344, 15.575, 14.476, 13.408, 12.604, 13.715, 14.227, 13.768, 12.538, 12.485, 12.864, 13.709, 15.019, 14.301, 12.985, 13.001, 12.882, 9.778, 7.181, 7.412, 8.835, 8.462, 8.399, 9.871, 11.732, 9.791, 6.606, 7.878, 8.441, 6.309, 8.272, 9.971, 8.582, 8.063, 9.739, 10.471, 15.281, 21.958, 22.953, 21.816, 23.803, 27.17, 28.983, 28.471, 28.231, 26.521, 24.374, 23.575, 23.722, 24.389, 25.518, 25.435, 25.049, 26.797, 27.527, 27.018, 27.599, 29.471, 29.623, 27.831, 26.812, 27.197, 22.358, 13.699, 17.067, 19.066, 18.362, 22.723, 22.675, 21.28, 20.724, 16.9, 9.483, 6.66, 6.574, 6.137, 7.18, 9.327, 9.65, 6.786, 7.098, 13.954, 20.199, 22.176, 21.258, 20.065, 19.978, 20.339, 19.565, 17.304, 15.702, 15.437, 15.024, 13.802, 10.948, 9.811, 11.243, 8.037], [10.799, 9.728, 8.182, 7.528, 7.329, 6.775, 5.673, 5.741, 7.278, 8.03, 5.696, 4.527, 4.481, 4.238, 5.4, 4.695, 4.365, 5.22, 4.211, 2.95, 1.85, 1.751, 1.79, 2.03, 1.689, 1.951, 2.352, 1.926, 1.144, 1.589, 0.0, 1.32, 1.732, 1.739, 2.908, 3.945, 4.225, 5.933, 8.029, 8.757, 8.49, 7.378, 7.08, 8.065, 8.595, 10.699, 12.698, 14.363, 15.017, 14.243, 13.181, 12.14, 11.315, 12.387, 12.93, 12.46, 11.135, 11.134, 11.536, 12.382, 13.702, 12.96, 11.633, 11.657, 11.612, 8.635, 5.968, 6.242, 7.605, 7.247, 7.116, 8.614, 10.42, 8.541, 5.388, 6.548, 7.12, 5.011, 6.936, 8.649, 7.295, 6.752, 8.502, 9.199, 13.935, 20.607, 21.637, 20.454, 22.488, 25.893, 27.672, 27.193, 26.931, 25.247, 23.071, 22.298, 22.425, 23.049, 24.199, 24.116, 23.775, 25.503, 26.243, 25.686, 26.27, 28.169, 28.271, 26.482, 25.468, 25.848, 21.007, 12.381, 15.749, 17.792, 17.049, 21.403, 21.333, 19.934, 19.434, 15.61, 8.216, 5.302, 5.281, 5.192, 5.909, 8.062, 8.363, 5.483, 5.818, 12.603, 18.872, 20.866, 19.926, 18.738, 18.687, 19.025, 18.214, 15.957, 14.378, 14.117, 13.675, 12.636, 9.684, 8.429, 9.904, 6.75], [9.857, 8.771, 7.261, 6.55, 6.551, 6.004, 4.897, 5.1, 6.785, 7.436, 5.155, 3.876, 3.822, 3.664, 4.826, 4.067, 3.696, 4.666, 3.654, 2.421, 1.611, 1.265, 1.331, 1.581, 1.445, 1.578, 1.887, 1.555, 1.536, 2.336, 1.32, 0.0, 1.664, 1.709, 2.352, 3.435, 3.957, 5.123, 7.387, 8.129, 7.805, 6.6, 6.305, 7.102, 7.928, 10.149, 11.752, 13.515, 14.178, 13.49, 12.624, 11.619, 10.823, 11.901, 12.432, 11.987, 10.68, 10.358, 10.736, 11.554, 12.855, 12.138, 10.856, 10.78, 10.798, 7.776, 5.282, 5.64, 6.779, 6.52, 6.484, 7.943, 9.743, 7.876, 4.736, 5.739, 6.359, 4.188, 6.155, 7.856, 6.613, 5.947, 7.692, 8.388, 13.146, 19.821, 20.822, 19.629, 21.59, 24.995, 26.82, 26.264, 26.055, 24.347, 22.199, 21.396, 21.546, 22.211, 23.36, 23.279, 22.818, 24.517, 25.364, 24.891, 25.417, 27.183, 27.47, 25.675, 24.676, 25.07, 20.223, 11.549, 14.898, 16.912, 16.168, 20.552, 20.532, 19.097, 18.477, 14.675, 7.714, 4.71, 4.792, 4.629, 4.878, 7.133, 7.398, 4.613, 5.054, 11.827, 18.052, 20.012, 19.056, 17.883, 17.858, 18.219, 17.438, 15.156, 13.517, 13.304, 12.88, 11.937, 9.329, 7.952, 9.184, 6.099], [10.753, 9.63, 8.195, 7.472, 7.262, 6.747, 5.657, 5.557, 7.17, 8.012, 5.602, 3.375, 3.342, 3.543, 4.426, 3.954, 3.959, 4.974, 3.851, 2.296, 1.923, 1.697, 1.698, 1.808, 1.717, 2.068, 2.739, 2.371, 2.037, 2.409, 1.732, 1.664, 0.0, 1.999, 2.878, 3.932, 4.315, 5.95, 8.019, 8.649, 8.645, 7.557, 7.281, 8.016, 8.093, 10.317, 12.68, 14.421, 15.047, 14.339, 12.987, 11.577, 11.011, 12.28, 12.863, 12.1, 11.209, 11.267, 11.645, 12.423, 13.757, 13.043, 11.764, 11.747, 11.666, 8.74, 5.888, 6.118, 7.618, 7.212, 7.193, 8.692, 10.563, 8.61, 5.412, 6.643, 7.246, 5.059, 7.048, 8.73, 7.398, 6.811, 8.558, 9.269, 14.055, 20.726, 21.7, 20.538, 22.502, 25.869, 27.732, 27.17, 26.936, 25.225, 23.08, 22.277, 22.433, 23.13, 24.245, 24.153, 23.691, 25.394, 26.242, 25.795, 26.313, 28.073, 28.39, 26.574, 25.578, 25.947, 21.126, 12.423, 15.773, 17.783, 17.08, 21.441, 21.413, 20.016, 19.331, 15.564, 8.32, 5.092, 5.063, 4.57, 5.754, 7.973, 8.266, 5.55, 5.908, 12.736, 18.932, 20.902, 19.949, 18.758, 18.727, 19.088, 18.345, 16.044, 14.383, 14.178, 13.823, 12.731, 9.407, 8.606, 10.102, 6.953], [10.641, 9.582, 7.94, 7.204, 7.135, 6.742, 5.687, 5.835, 7.461, 8.184, 5.721, 3.763, 4.066, 4.45, 5.543, 4.676, 4.169, 4.934, 4.262, 2.92, 2.638, 1.921, 2.248, 2.187, 1.911, 2.115, 2.404, 2.383, 1.862, 2.064, 1.739, 1.709, 1.999, 0.0, 2.276, 3.583, 4.203, 6.126, 8.148, 8.945, 8.719, 7.728, 7.338, 7.92, 8.446, 10.447, 12.536, 14.512, 15.163, 14.495, 13.427, 12.334, 11.64, 12.685, 13.257, 12.823, 11.541, 11.432, 11.811, 12.566, 13.895, 13.192, 11.931, 11.747, 11.789, 8.765, 5.97, 6.375, 7.802, 7.477, 7.428, 8.93, 10.774, 8.801, 5.608, 6.847, 7.441, 5.24, 7.24, 8.927, 7.684, 6.983, 8.751, 9.429, 14.199, 20.84, 21.796, 20.642, 22.591, 25.92, 27.819, 27.254, 26.895, 25.17, 23.048, 22.259, 22.355, 23.208, 24.349, 24.259, 23.778, 25.331, 26.326, 25.915, 26.384, 27.961, 28.494, 26.695, 25.729, 26.097, 21.266, 12.484, 15.846, 17.916, 17.181, 21.516, 21.546, 20.099, 19.467, 15.575, 8.552, 5.371, 5.52, 5.266, 5.717, 8.063, 8.308, 5.303, 6.18, 12.907, 19.098, 21.058, 20.094, 18.86, 18.857, 19.223, 18.508, 16.212, 14.476, 14.341, 13.941, 12.846, 10.165, 8.909, 10.306, 7.19], [8.824, 7.746, 6.145, 5.518, 5.349, 4.904, 3.817, 4.16, 5.813, 6.523, 4.005, 3.234, 2.894, 2.838, 4.203, 3.313, 2.803, 3.313, 2.869, 2.043, 2.644, 2.235, 2.578, 2.67, 2.677, 2.667, 2.957, 3.017, 3.177, 4.049, 2.908, 2.352, 2.878, 2.276, 0.0, 1.694, 2.393, 4.298, 6.504, 7.247, 6.958, 5.872, 5.562, 6.135, 6.816, 8.872, 10.8, 12.716, 13.353, 12.705, 11.777, 10.685, 10.016, 11.019, 11.615, 11.187, 9.851, 9.625, 9.999, 10.759, 12.082, 11.385, 10.119, 9.906, 9.903, 6.949, 4.164, 4.555, 5.912, 5.461, 5.334, 7.074, 8.847, 6.716, 3.624, 5.003, 5.586, 3.46, 5.406, 7.09, 5.765, 5.165, 6.898, 7.577, 12.376, 19.039, 19.988, 18.84, 20.793, 24.125, 26.03, 25.458, 25.102, 23.394, 21.245, 20.469, 20.588, 21.407, 22.538, 22.457, 21.977, 23.483, 24.538, 24.118, 24.578, 26.153, 26.692, 24.905, 23.923, 24.295, 19.453, 10.663, 14.031, 16.123, 15.381, 19.711, 19.744, 18.285, 17.628, 13.785, 6.908, 4.001, 4.247, 4.08, 3.914, 6.243, 6.506, 3.432, 4.268, 11.094, 17.268, 19.251, 18.287, 17.047, 17.057, 17.414, 16.695, 14.399, 12.678, 12.531, 12.145, 11.135, 8.456, 7.074, 8.431, 5.325], [7.522, 6.428, 4.972, 4.242, 4.12, 3.647, 2.639, 2.826, 4.578, 5.258, 2.89, 3.74, 3.449, 2.494, 3.733, 3.165, 2.72, 2.669, 2.817, 2.873, 3.519, 3.306, 3.62, 3.655, 3.703, 3.609, 3.856, 3.747, 4.161, 5.072, 3.945, 3.435, 3.932, 3.583, 1.694, 0.0, 1.13, 2.962, 5.212, 6.101, 5.733, 4.733, 4.714, 5.143, 5.629, 7.764, 9.457, 11.31, 11.949, 11.329, 10.343, 9.286, 8.633, 9.617, 10.212, 9.773, 8.443, 8.204, 8.582, 9.339, 10.671, 9.971, 8.703, 8.587, 8.506, 5.639, 2.849, 3.293, 4.547, 4.11, 4.023, 5.687, 7.432, 5.446, 2.949, 3.688, 4.254, 2.753, 4.01, 5.697, 4.376, 3.804, 5.491, 6.159, 10.962, 17.628, 18.602, 17.466, 19.421, 22.752, 24.637, 24.083, 23.734, 22.026, 19.877, 19.081, 19.228, 20.034, 21.149, 21.062, 20.601, 22.179, 23.125, 22.724, 23.193, 24.836, 25.326, 23.508, 22.511, 22.883, 18.039, 9.26, 12.648, 14.704, 13.984, 18.325, 18.337, 16.943, 16.272, 12.382, 5.524, 4.033, 4.487, 3.991, 3.217, 4.892, 5.109, 2.427, 3.036, 9.682, 15.849, 17.83, 16.866, 15.651, 15.636, 15.995, 15.281, 12.985, 11.275, 11.115, 10.75, 9.701, 7.169, 5.774, 7.023, 4.247], [7.086, 5.97, 4.529, 3.865, 3.741, 3.196, 2.118, 2.435, 4.116, 4.685, 2.694, 4.046, 3.655, 2.696, 3.641, 3.175, 2.868, 2.893, 2.935, 3.335, 3.986, 3.7, 4.0, 4.001, 4.029, 3.899, 4.056, 4.028, 4.407, 5.448, 4.225, 3.957, 4.315, 4.203, 2.393, 1.13, 0.0, 2.423, 4.677, 5.556, 5.125, 4.227, 4.255, 4.766, 5.214, 7.309, 9.077, 10.696, 11.306, 10.603, 9.648, 8.731, 7.902, 8.908, 9.528, 9.069, 7.749, 7.515, 7.893, 8.657, 10.031, 9.32, 8.014, 8.061, 7.974, 5.224, 2.578, 2.754, 4.016, 3.552, 3.405, 5.038, 6.775, 4.894, 3.107, 3.733, 3.88, 2.761, 3.506, 5.033, 3.724, 3.489, 5.061, 5.524, 10.295, 16.967, 17.956, 16.821, 18.776, 22.092, 23.982, 23.443, 23.165, 21.452, 19.308, 18.511, 18.658, 19.407, 20.519, 20.425, 19.993, 21.69, 22.466, 22.035, 22.588, 24.355, 24.648, 22.838, 21.824, 22.2, 17.355, 8.685, 12.044, 14.035, 13.366, 17.718, 17.694, 16.309, 15.643, 11.825, 4.889, 3.955, 4.541, 3.99, 3.093, 4.24, 4.553, 2.611, 2.847, 9.006, 15.186, 17.176, 16.241, 15.026, 14.947, 15.306, 14.595, 12.318, 10.643, 10.428, 10.077, 9.092, 6.591, 5.087, 6.36, 3.575], [5.118, 4.013, 2.711, 2.06, 1.979, 1.524, 1.17, 1.608, 2.251, 2.681, 1.928, 4.473, 3.951, 3.015, 3.243, 3.13, 3.072, 2.651, 3.056, 4.162, 4.898, 4.837, 4.794, 4.803, 4.92, 4.924, 5.186, 4.994, 5.913, 7.249, 5.933, 5.123, 5.95, 6.126, 4.298, 2.962, 2.423, 0.0, 2.821, 4.145, 3.344, 2.704, 3.061, 3.571, 4.215, 5.564, 6.923, 8.583, 9.22, 8.465, 7.753, 6.865, 6.0, 7.024, 7.564, 7.114, 5.71, 5.384, 5.752, 6.628, 7.877, 7.154, 5.872, 5.976, 5.912, 3.151, 1.687, 1.749, 2.193, 3.249, 3.134, 3.894, 5.378, 4.208, 3.859, 3.515, 3.418, 2.734, 2.85, 3.096, 2.417, 2.869, 4.179, 4.002, 8.198, 14.868, 15.854, 14.677, 16.738, 20.14, 21.935, 21.413, 21.135, 19.452, 17.275, 16.514, 16.63, 17.261, 18.381, 18.333, 17.998, 19