[[0.0, 1.039, 1.708, 3.651, 3.96, 4.15, 3.381, 3.98, 5.204, 5.923, 6.052, 5.911, 4.685, 5.133, 6.554, 5.723, 4.625, 5.089, 6.526, 7.011, 7.585, 9.369, 10.807, 10.535, 8.686, 7.615, 7.255, 7.696, 7.464, 5.388, 5.124, 7.192, 9.198, 10.74, 11.717, 12.447, 13.544, 15.275, 17.71, 17.483, 16.392, 17.824, 17.441, 16.665, 16.812, 17.52, 18.207, 17.722, 16.027, 14.357, 16.171, 18.071, 15.073, 10.084, 6.136, 4.701, 3.988, 2.846, 2.077, 2.31, 2.93, 3.519, 3.377, 2.561, 2.517, 2.696, 3.22, 2.752, 2.528, 2.737, 3.151, 3.338, 3.263, 2.479, 1.742, 2.03, 4.161, 6.783, 7.019, 6.691, 10.021, 12.614, 12.83, 11.158, 10.194, 10.512, 10.337, 9.297, 8.798, 6.993, 4.727, 3.728, 3.035, 3.028, 3.02, 2.126, 1.487, 2.164, 2.325, 2.231, 1.696, 2.199, 2.327, 1.826, 2.319, 3.01, 2.97, 3.382, 3.92, 3.738, 4.08, 6.071, 7.715, 7.759, 7.425, 8.292, 9.291, 11.927, 13.807, 14.579, 12.154, 8.528, 5.982, 3.401, 1.961, 1.449, 1.675, 2.273, 1.903, 2.127, 2.707, 2.709, 2.311, 2.121, 2.927, 3.57, 3.732, 3.408, 3.011, 2.639, 2.776, 2.499, 3.575, 5.613, 5.151, 6.201, 10.872, 13.385, 11.916, 12.028, 12.893, 12.362, 10.802, 9.189, 9.603, 11.269, 11.845, 12.08, 13.909, 16.144, 17.166, 17.535, 16.989, 16.821, 15.745, 15.751, 16.592, 14.611, 12.913, 14.148, 16.145, 15.781, 13.419, 11.202, 11.195, 11.881, 10.389, 8.638, 6.822, 4.622, 4.147, 3.614, 3.321, 3.869, 4.951, 5.544, 4.915, 4.12, 4.244, 4.817, 4.857, 4.756, 5.276, 6.509, 6.478, 6.631, 5.883, 4.65, 4.566, 5.889, 6.525, 5.414, 5.18, 4.413, 4.59, 4.297, 3.914, 4.012, 4.387, 4.507, 3.952, 4.712, 7.453, 10.908, 11.051, 8.881, 9.475, 10.348, 9.65, 8.054, 6.364, 4.911, 5.077, 6.299, 5.565, 5.187, 5.759, 6.567, 6.379, 5.919], [1.039, 0.0, 1.699, 3.559, 4.011, 4.358, 3.806, 4.36, 5.53, 6.254, 6.481, 6.418, 5.182, 5.579, 7.147, 6.168, 4.95, 5.508, 6.992, 7.463, 8.051, 9.85, 11.255, 10.966, 9.138, 8.053, 7.652, 8.094, 7.933, 5.913, 5.618, 7.651, 9.717, 11.196, 12.146, 12.912, 13.991, 15.763, 18.157, 17.899, 16.772, 18.282, 17.928, 17.131, 17.278, 17.986, 18.674, 18.188, 16.494, 14.84, 16.637, 18.525, 15.533, 10.538, 6.859, 5.236, 4.459, 3.234, 2.13, 2.436, 3.024, 3.636, 3.38, 2.667, 2.815, 2.612, 2.974, 2.505, 2.302, 2.861, 3.36, 3.479, 3.483, 2.676, 2.017, 2.227, 4.661, 7.235, 7.473, 7.115, 10.449, 13.065, 13.29, 11.637, 10.66, 10.978, 10.803, 9.75, 9.259, 7.477, 5.162, 4.054, 3.514, 3.441, 3.482, 2.379, 1.387, 1.88, 2.138, 1.955, 1.626, 2.497, 2.74, 2.026, 2.489, 3.287, 3.12, 3.282, 3.939, 3.984, 4.561, 6.491, 8.184, 8.213, 7.698, 8.75, 9.758, 12.448, 14.39, 15.1, 12.64, 8.996, 6.508, 3.999, 2.365, 1.287, 1.444, 2.19, 2.038, 2.725, 3.306, 3.061, 2.442, 2.471, 3.464, 4.138, 4.346, 3.978, 3.469, 2.973, 3.166, 2.73, 4.029, 6.054, 5.617, 6.668, 11.338, 13.866, 12.447, 12.57, 13.45, 12.906, 11.419, 9.767, 10.066, 11.74, 12.303, 12.552, 14.376, 16.61, 17.62, 17.995, 17.446, 17.288, 16.211, 16.241, 17.073, 15.065, 13.378, 14.602, 16.626, 16.268, 13.89, 11.643, 11.661, 12.335, 10.855, 9.091, 7.322, 5.24, 4.498, 4.003, 3.615, 4.355, 5.392, 6.012, 5.146, 4.378, 4.545, 5.232, 5.231, 5.185, 5.684, 7.041, 7.044, 7.153, 6.409, 5.095, 5.034, 6.472, 7.042, 5.975, 5.813, 4.852, 5.028, 4.751, 4.381, 4.478, 4.794, 5.007, 4.446, 5.155, 7.954, 11.326, 11.484, 9.354, 9.891, 10.806, 10.079, 8.567, 6.725, 5.233, 5.38, 6.626, 5.834, 5.586, 6.213, 6.952, 6.799, 6.294], [1.708, 1.699, 0.0, 2.297, 2.914, 3.274, 2.954, 3.316, 4.322, 5.021, 5.335, 5.355, 4.404, 4.97, 6.361, 5.429, 4.07, 4.237, 5.567, 6.232, 6.641, 8.438, 9.891, 9.547, 7.769, 6.918, 6.393, 6.86, 6.876, 5.58, 4.914, 6.325, 8.197, 9.799, 10.695, 11.467, 12.497, 14.242, 16.673, 16.49, 15.394, 16.823, 16.432, 15.652, 15.799, 16.507, 17.194, 16.747, 15.044, 13.374, 15.17, 17.108, 14.11, 9.357, 6.701, 5.496, 4.813, 3.714, 3.243, 3.544, 4.087, 4.807, 4.483, 3.346, 3.041, 3.33, 3.989, 3.624, 3.503, 4.097, 4.487, 4.444, 4.442, 3.631, 2.683, 2.305, 3.896, 6.262, 6.182, 5.777, 9.087, 11.674, 11.839, 10.141, 9.181, 9.524, 9.33, 8.334, 7.83, 6.036, 3.829, 2.908, 2.377, 2.454, 2.797, 2.127, 2.113, 2.695, 3.065, 2.9, 2.247, 1.668, 1.841, 2.183, 2.769, 3.545, 3.927, 4.448, 5.116, 5.1, 5.051, 6.542, 7.499, 7.393, 7.2, 7.893, 8.507, 11.279, 13.231, 13.847, 11.356, 7.861, 5.996, 3.919, 2.747, 2.451, 2.812, 3.526, 3.286, 3.004, 2.891, 2.577, 2.705, 2.592, 2.932, 3.534, 3.736, 3.31, 2.84, 2.454, 2.257, 1.689, 2.638, 4.85, 4.232, 5.249, 9.904, 12.512, 11.138, 11.302, 12.209, 11.828, 10.375, 9.038, 9.39, 10.376, 10.891, 11.128, 12.931, 15.168, 16.205, 16.578, 16.027, 15.906, 14.882, 14.964, 15.789, 13.754, 12.104, 13.191, 15.109, 14.745, 12.39, 10.258, 10.23, 10.95, 9.413, 7.703, 6.102, 4.893, 4.807, 4.433, 4.02, 3.955, 4.735, 5.5, 4.988, 5.199, 5.269, 5.748, 5.567, 5.189, 5.502, 6.226, 6.824, 7.232, 6.583, 5.525, 5.361, 6.014, 6.232, 5.235, 5.286, 4.48, 4.065, 3.363, 2.991, 3.075, 3.555, 3.555, 3.121, 4.137, 6.545, 9.86, 10.072, 7.959, 8.49, 9.344, 8.773, 7.334, 5.764, 4.391, 4.431, 5.334, 4.584, 4.264, 4.812, 5.722, 5.57, 5.103], [3.651, 3.559, 2.297, 0.0, 1.332, 1.831, 2.104, 2.508, 3.086, 3.615, 4.173, 4.517, 3.532, 3.993, 5.586, 4.428, 3.296, 3.306, 4.626, 5.518, 5.629, 7.464, 8.883, 8.464, 6.606, 5.645, 5.273, 5.915, 5.938, 4.876, 4.036, 5.191, 7.11, 8.778, 9.669, 10.376, 11.368, 13.078, 15.662, 15.371, 14.325, 15.674, 15.372, 14.661, 14.78, 15.478, 16.194, 15.761, 14.058, 12.388, 14.184, 16.122, 13.124, 8.508, 6.723, 6.058, 5.641, 5.212, 5.085, 5.367, 6.254, 6.891, 6.087, 5.059, 4.842, 5.543, 6.09, 5.818, 5.724, 6.041, 6.286, 6.141, 6.067, 5.198, 4.186, 2.985, 3.543, 5.758, 5.69, 4.727, 7.776, 10.663, 10.853, 8.954, 8.191, 8.538, 8.343, 7.348, 6.814, 5.044, 3.275, 2.485, 2.567, 2.77, 2.886, 3.143, 3.701, 4.334, 4.505, 4.394, 3.778, 2.964, 3.445, 3.991, 4.218, 4.978, 5.831, 6.326, 7.291, 6.932, 6.164, 6.806, 7.189, 7.034, 7.299, 7.647, 7.76, 10.335, 12.288, 12.895, 10.404, 7.465, 5.837, 3.912, 4.333, 4.429, 4.607, 5.415, 4.944, 4.423, 3.815, 3.785, 4.339, 4.166, 3.355, 3.389, 3.524, 2.835, 2.715, 3.035, 2.908, 2.235, 3.008, 4.712, 3.773, 4.245, 8.914, 11.519, 10.161, 10.34, 11.261, 10.933, 9.585, 8.515, 8.814, 9.406, 9.901, 10.145, 11.929, 14.183, 15.219, 15.592, 15.043, 14.944, 13.923, 14.025, 14.851, 12.833, 11.208, 12.223, 14.055, 13.575, 11.296, 9.256, 9.245, 9.986, 8.411, 6.759, 5.431, 5.229, 6.229, 6.048, 5.743, 5.313, 5.019, 5.638, 6.251, 6.747, 6.422, 6.877, 6.251, 5.481, 5.469, 5.942, 6.284, 6.86, 6.563, 6.03, 5.704, 5.719, 5.536, 4.513, 4.736, 4.268, 3.879, 2.883, 2.704, 2.696, 2.759, 2.694, 2.532, 3.624, 5.475, 8.851, 9.077, 6.837, 7.306, 8.222, 7.467, 6.29, 4.313, 3.136, 3.355, 4.161, 3.119, 2.871, 3.729, 4.535, 4.346, 4.012], [3.96, 4.011, 2.914, 1.332, 0.0, 1.342, 1.949, 2.519, 2.939, 3.386, 3.96, 4.203, 3.239, 3.786, 5.292, 4.398, 3.191, 3.147, 4.427, 5.257, 5.468, 7.155, 8.559, 8.297, 6.733, 5.797, 5.31, 5.798, 5.833, 4.745, 3.835, 5.24, 6.911, 8.382, 9.351, 10.107, 11.253, 13.001, 15.363, 15.172, 14.09, 15.525, 15.133, 14.318, 14.465, 15.173, 15.86, 15.375, 13.719, 12.029, 13.824, 15.723, 12.725, 8.252, 6.563, 5.879, 5.369, 5.079, 5.088, 5.56, 6.423, 7.043, 6.457, 5.157, 4.873, 5.785, 6.39, 6.144, 6.102, 6.167, 6.379, 6.303, 6.18, 5.26, 4.301, 2.862, 3.289, 5.466, 5.413, 4.507, 7.629, 10.264, 10.493, 8.872, 7.847, 8.165, 7.99, 6.97, 6.477, 4.728, 3.189, 2.359, 2.563, 2.915, 2.919, 3.183, 3.912, 4.635, 4.799, 4.96, 4.092, 3.136, 3.583, 4.027, 4.228, 5.059, 6.032, 6.66, 7.507, 6.933, 5.908, 6.592, 6.93, 6.748, 7.16, 7.359, 7.337, 9.912, 11.869, 12.42, 9.957, 7.171, 5.535, 3.877, 4.269, 4.819, 4.993, 5.838, 5.35, 4.521, 3.689, 3.621, 4.232, 4.178, 3.363, 3.245, 3.327, 2.839, 2.766, 3.13, 2.902, 2.357, 2.898, 4.257, 3.591, 3.9, 8.557, 11.16, 9.755, 9.921, 10.825, 10.526, 9.38, 8.141, 8.436, 9.132, 9.555, 9.82, 11.653, 13.81, 14.819, 15.219, 14.736, 14.591, 13.524, 13.581, 14.377, 12.357, 10.749, 11.801, 13.854, 13.5, 11.12, 8.841, 8.858, 9.556, 8.169, 6.302, 5.113, 4.916, 6.01, 5.924, 5.614, 5.141, 4.698, 5.417, 5.957, 6.499, 6.187, 6.593, 6.029, 5.342, 5.217, 5.604, 5.982, 6.5, 6.403, 5.84, 5.537, 5.473, 5.199, 4.169, 4.353, 3.889, 3.624, 2.753, 2.543, 2.606, 2.747, 2.687, 2.66, 3.598, 5.483, 8.555, 8.702, 6.587, 7.126, 8.05, 7.296, 5.971, 3.937, 2.973, 3.176, 3.88, 2.9, 2.725, 3.454, 4.257, 4.154, 3.703], [4.15, 4.358, 3.274, 1.831, 1.342, 0.0, 1.506, 1.664, 2.301, 3.019, 3.373, 3.563, 2.609, 3.095, 4.554, 3.802, 2.429, 2.638, 3.92, 4.627, 4.957, 6.767, 8.167, 7.92, 6.232, 5.123, 4.599, 5.13, 5.205, 4.147, 3.148, 4.826, 6.613, 8.077, 9.088, 9.833, 10.946, 12.714, 15.078, 14.832, 13.704, 15.237, 14.831, 13.976, 14.154, 14.862, 15.518, 15.066, 13.363, 11.736, 13.481, 15.394, 12.396, 7.703, 5.721, 5.18, 4.838, 4.893, 5.071, 5.673, 6.491, 7.152, 6.647, 5.371, 5.173, 6.069, 6.603, 6.41, 6.264, 6.296, 6.497, 6.458, 6.294, 5.378, 4.446, 3.057, 2.643, 4.736, 4.674, 4.07, 7.309, 9.935, 10.182, 8.588, 7.517, 7.822, 7.68, 6.663, 6.189, 4.403, 2.575, 2.047, 2.461, 2.894, 2.698, 3.235, 4.19, 4.957, 5.14, 5.291, 4.426, 3.222, 3.623, 4.264, 4.367, 5.019, 6.311, 6.891, 7.656, 6.936, 5.513, 5.9, 6.178, 5.952, 6.398, 6.512, 6.748, 9.376, 11.385, 11.937, 9.494, 6.414, 4.777, 3.304, 4.302, 4.965, 5.182, 6.011, 5.46, 4.494, 3.599, 3.615, 4.31, 4.179, 3.169, 2.76, 2.8, 2.382, 2.702, 2.973, 2.973, 2.622, 3.045, 4.076, 3.074, 3.519, 8.213, 10.719, 9.272, 9.406, 10.297, 10.014, 8.695, 7.351, 7.77, 8.637, 9.175, 9.39, 11.231, 13.455, 14.49, 14.864, 14.374, 14.195, 13.119, 13.109, 13.98, 11.986, 10.454, 11.489, 13.562, 13.216, 10.835, 8.52, 8.529, 9.24, 7.762, 5.962, 4.314, 4.484, 5.875, 5.865, 5.564, 5.194, 4.354, 4.814, 5.624, 6.259, 5.874, 6.212, 5.524, 4.63, 4.404, 4.857, 5.276, 5.717, 5.586, 5.045, 4.727, 4.602, 4.479, 3.46, 3.626, 3.203, 2.952, 2.226, 2.188, 2.189, 2.406, 2.219, 2.468, 2.968, 5.055, 8.23, 8.396, 6.301, 6.823, 7.766, 7.016, 5.565, 3.302, 2.157, 2.559, 3.492, 2.375, 2.4, 3.135, 3.854, 3.706, 3.091], [3.381, 3.806, 2.954, 2.104, 1.949, 1.506, 0.0, 1.191, 2.115, 2.828, 2.984, 3.17, 2.135, 2.517, 4.123, 3.108, 1.805, 2.157, 3.604, 4.109, 4.741, 6.524, 7.931, 7.554, 5.692, 4.61, 4.079, 4.678, 4.546, 3.165, 2.461, 4.239, 6.361, 7.876, 8.819, 9.551, 10.56, 12.345, 14.82, 14.403, 13.365, 14.884, 14.557, 13.755, 13.94, 14.648, 15.302, 14.87, 13.159, 11.511, 13.25, 15.179, 12.181, 7.223, 5.002, 4.369, 3.906, 3.843, 4.207, 4.9, 5.627, 6.329, 5.623, 4.419, 4.293, 5.276, 6.079, 5.719, 5.577, 5.543, 5.731, 5.836, 5.675, 4.936, 3.879, 2.422, 1.915, 4.158, 4.235, 3.654, 6.973, 9.72, 9.964, 8.216, 7.298, 7.6, 7.459, 6.466, 5.93, 4.167, 2.119, 1.637, 1.666, 1.846, 1.498, 2.089, 3.407, 4.278, 4.454, 4.569, 3.492, 2.333, 2.651, 3.292, 3.229, 3.917, 5.386, 6.229, 6.774, 6.058, 4.54, 5.157, 5.475, 5.244, 5.692, 5.914, 6.465, 9.192, 11.201, 11.749, 9.3, 6.047, 4.063, 2.376, 3.494, 4.187, 4.591, 5.126, 4.363, 3.414, 2.522, 2.54, 3.285, 3.093, 2.04, 1.771, 1.86, 1.297, 1.511, 1.959, 2.048, 2.303, 2.646, 3.466, 2.72, 3.296, 7.999, 10.502, 9.084, 9.247, 10.128, 9.741, 8.199, 6.756, 7.167, 8.383, 8.958, 9.171, 10.996, 13.234, 14.276, 14.649, 14.175, 13.938, 12.876, 12.921, 13.712, 11.758, 10.125, 11.287, 13.235, 12.859, 10.541, 8.298, 8.301, 8.993, 7.48, 5.765, 3.99, 3.525, 4.813, 4.805, 4.572, 4.159, 3.408, 4.057, 4.621, 5.232, 4.83, 5.227, 4.603, 3.843, 3.696, 4.247, 4.483, 4.956, 4.861, 4.37, 4.03, 3.927, 3.989, 2.947, 2.98, 2.422, 2.257, 1.75, 1.648, 1.514, 1.712, 1.731, 1.493, 2.175, 4.586, 7.932, 8.134, 5.97, 6.48, 7.351, 6.641, 5.256, 3.555, 2.024, 2.1, 3.283, 2.385, 2.097, 2.871, 3.57, 3.303, 2.857], [3.98, 4.36, 3.316, 2.508, 2.519, 1.664, 1.191, 0.0, 1.585, 2.301, 2.686, 3.113, 2.071, 2.523, 4.172, 3.135, 1.685, 1.993, 3.347, 3.979, 4.48, 6.216, 7.577, 7.215, 5.52, 4.365, 3.715, 4.501, 4.505, 2.999, 2.517, 4.102, 6.068, 7.556, 8.526, 9.256, 10.267, 12.052, 14.527, 14.055, 13.035, 14.591, 14.265, 13.462, 13.648, 14.356, 15.009, 14.559, 12.857, 11.208, 12.957, 14.791, 11.85, 7.064, 4.982, 4.59, 4.241, 4.301, 4.69, 5.462, 6.183, 6.915, 6.119, 4.797, 4.65, 5.661, 6.551, 6.255, 6.134, 6.062, 6.215, 6.351, 6.197, 5.558, 4.599, 3.031, 1.826, 4.027, 3.889, 3.384, 6.601, 9.362, 9.663, 7.923, 7.005, 7.303, 7.166, 6.1, 5.62, 3.858, 1.854, 1.317, 2.001, 2.243, 1.916, 2.558, 3.917, 4.817, 4.841, 5.09, 3.909, 2.629, 2.969, 3.676, 3.638, 4.421, 5.884, 6.638, 7.24, 6.521, 4.957, 5.169, 5.402, 5.18, 5.451, 5.608, 6.267, 8.998, 11.008, 11.525, 9.014, 5.739, 3.904, 2.355, 4.087, 4.709, 5.064, 5.596, 4.821, 3.93, 3.006, 2.928, 3.614, 3.517, 2.574, 2.2, 2.37, 1.861, 1.913, 2.22, 2.378, 2.592, 2.803, 3.497, 2.545, 3.019, 7.708, 10.147, 8.864, 8.985, 9.883, 9.677, 8.281, 6.726, 7.113, 8.057, 8.581, 8.865, 10.73, 12.908, 13.888, 14.261, 13.87, 13.695, 12.673, 12.646, 13.461, 11.452, 9.905, 10.926, 12.942, 12.566, 10.248, 7.91, 7.969, 8.646, 7.218, 5.431, 3.788, 3.8, 5.173, 5.21, 4.973, 4.586, 3.655, 4.115, 4.901, 5.636, 5.178, 5.569, 4.86, 4.05, 3.491, 4.07, 4.43, 4.789, 4.872, 4.396, 4.096, 3.841, 3.949, 3.082, 3.227, 2.629, 2.282, 1.637, 1.727, 1.561, 1.833, 1.64, 1.669, 2.021, 4.41, 7.639, 7.795, 5.694, 6.188, 7.053, 6.27, 5.048, 3.179, 1.801, 1.926, 2.893, 1.806, 1.621, 2.633, 3.244, 2.922, 2.315], [5.204, 5.53, 4.322, 3.086, 2.939, 2.301, 2.115, 1.585, 0.0, 1.313, 1.922, 2.618, 1.585, 1.819, 3.326, 2.212, 1.303, 1.581, 2.411, 3.102, 3.379, 5.073, 6.451, 6.058, 4.465, 3.372, 2.82, 3.58, 3.537, 2.549, 2.043, 3.083, 4.792, 6.324, 7.27, 8.006, 9.032, 10.764, 13.28, 12.909, 11.909, 13.312, 13.021, 12.259, 12.406, 13.114, 13.802, 13.316, 11.662, 9.951, 11.765, 13.595, 10.661, 6.138, 5.196, 5.384, 5.139, 5.276, 5.843, 6.683, 7.298, 8.065, 7.186, 5.894, 5.685, 6.826, 7.856, 7.558, 7.407, 7.317, 7.481, 7.547, 7.524, 6.916, 5.866, 4.272, 2.343, 3.316, 3.304, 2.211, 5.326, 8.183, 8.417, 6.63, 5.788, 6.106, 5.931, 4.842, 4.387, 3.01, 2.152, 2.217, 3.081, 3.156, 2.905, 3.692, 5.195, 6.119, 5.926, 6.211, 5.106, 3.747, 3.929, 4.804, 4.571, 5.408, 6.97, 7.781, 8.42, 7.678, 5.947, 5.242, 5.413, 5.065, 5.374, 5.19, 5.304, 7.896, 9.852, 10.492, 8.027, 5.18, 3.376, 3.232, 5.314, 6.036, 6.441, 6.791, 5.855, 4.946, 4.074, 3.942, 4.598, 4.61, 3.505, 2.912, 3.105, 2.652, 2.896, 3.179, 3.473, 3.593, 3.513, 4.037, 2.978, 2.268, 6.5, 9.042, 7.73, 7.888, 8.777, 8.7, 7.31, 5.959, 6.25, 7.063, 7.494, 7.772, 9.595, 11.752, 12.715, 13.092, 12.675, 12.626, 11.607, 11.607, 12.468, 10.398, 8.786, 9.766, 11.676, 11.274, 8.994, 6.837, 6.902, 7.617, 6.178, 4.282, 3.023, 4.491, 6.003, 6.115, 6.024, 5.519, 4.246, 4.449, 5.601, 6.584, 6.049, 6.458, 5.668, 4.198, 3.24, 3.494, 3.719, 4.255, 5.003, 4.596, 4.315, 3.66, 3.15, 2.688, 3.114, 3.21, 3.025, 2.246, 2.641, 2.43, 2.157, 1.631, 2.267, 2.072, 3.261, 6.429, 6.606, 4.393, 4.956, 5.772, 4.964, 3.936, 2.011, 1.093, 1.119, 1.869, 1.353, 1.675, 2.022, 2.141, 2.026, 1.417], [5.923, 6.254, 5.021, 3.615, 3.386, 3.019, 2.828, 2.301, 1.313, 0.0, 1.318, 1.853, 1.747, 1.724, 2.584, 1.791, 1.828, 1.498, 2.104, 2.784, 2.813, 4.242, 5.617, 5.226, 3.685, 2.809, 2.286, 2.835, 3.074, 2.781, 2.156, 2.205, 3.976, 5.486, 6.434, 7.172, 8.241, 9.979, 12.441, 12.107, 11.085, 12.518, 12.182, 11.421, 11.567, 12.275, 12.963, 12.483, 10.838, 9.116, 10.926, 12.756, 9.822, 5.58, 5.494, 5.545, 5.302, 5.46, 6.29, 7.237, 7.733, 8.484, 7.62, 6.229, 6.0, 7.339, 8.451, 8.151, 8.03, 7.812, 8.035, 7.998, 8.098, 7.588, 6.571, 4.951, 2.713, 3.256, 3.423, 1.964, 4.523, 7.344, 7.579, 5.833, 5.075, 5.326, 5.093, 4.0, 3.594, 2.688, 2.419, 2.59, 3.51, 3.64, 3.398, 4.3, 5.841, 6.777, 6.645, 6.974, 5.653, 4.169, 4.486, 5.358, 4.902, 5.737, 7.427, 8.333, 8.842, 8.143, 6.223, 5.524, 5.695, 5.293, 5.65, 5.34, 5.041, 7.066, 9.003, 9.613, 7.287, 5.294, 3.592, 3.705, 5.785, 6.649, 7.091, 7.241, 6.246, 5.232, 4.386, 4.273, 4.938, 4.962, 3.839, 3.256, 3.356, 3.137, 3.369, 3.687, 3.933, 4.082, 3.823, 4.171, 3.018, 1.923, 5.704, 8.261, 6.943, 7.086, 7.958, 7.777, 6.637, 5.738, 5.748, 6.273, 6.627, 6.966, 8.799, 10.933, 11.876, 12.261, 11.849, 11.77, 10.742, 10.719, 11.519, 9.439, 7.884, 8.808, 10.85, 10.474, 8.202, 5.914, 5.991, 6.71, 5.301, 3.363, 2.948, 4.72, 6.166, 6.282, 6.326, 5.787, 4.407, 4.646, 5.783, 6.763, 6.229, 6.626, 5.826, 4.506, 3.548, 3.716, 3.784, 4.413, 5.286, 4.91, 4.617, 3.958, 2.936, 2.679, 3.155, 3.395, 3.261, 2.623, 3.189, 2.914, 2.287, 2.087, 2.84, 2.287, 2.548, 5.59, 5.767, 3.663, 4.144, 4.981, 4.203, 3.111, 1.676, 1.49, 1.177, 1.128, 1.247, 1.405, 1.452, 1.528, 1.132, 1.021], [6.052, 6.481, 5.335, 4.173, 3.96, 3.373, 2.984, 2.686, 1.922, 1.318, 0.0, 1.493, 1.832, 1.581, 2.023, 1.522, 2.094, 1.783, 1.818, 2.32, 2.373, 3.844, 5.139, 4.894, 3.246, 2.497, 1.968, 2.266, 2.531, 2.095, 1.619, 2.345, 3.824, 5.498, 6.187, 6.911, 7.985, 9.748, 12.178, 11.806, 10.699, 12.267, 11.922, 11.112, 11.298, 12.006, 12.659, 12.209, 10.507, 8.858, 10.607, 12.388, 9.5, 4.901, 4.4, 4.571, 4.444, 4.576, 6.243, 7.157, 7.566, 8.391, 7.561, 6.047, 5.938, 7.204, 8.305, 8.118, 7.891, 7.554, 7.75, 7.807, 7.817, 7.577, 6.667, 5.102, 2.708, 2.497, 2.619, 1.58, 4.327, 7.012, 7.314, 5.623, 4.772, 4.953, 4.816, 3.71, 3.27, 2.094, 2.265, 2.826, 3.406, 3.675, 3.423, 4.451, 5.887, 6.886, 7.064, 7.29, 6.028, 4.427, 4.523, 5.383, 4.889, 5.47, 7.411, 8.485, 8.605, 7.895, 5.621, 4.512, 4.708, 4.241, 4.661, 4.397, 4.36, 6.579, 8.58, 9.091, 6.778, 4.48, 3.035, 3.619, 5.618, 6.653, 7.202, 7.215, 6.329, 4.92, 4.051, 3.982, 4.75, 4.656, 3.685, 2.93, 3.073, 3.034, 3.438, 3.801, 3.848, 4.169, 3.795, 3.472, 2.871, 1.968, 5.37, 7.675, 6.447, 6.535, 7.401, 7.212, 6.028, 4.865, 4.968, 5.63, 6.14, 6.487, 8.369, 10.548, 11.481, 11.841, 11.508, 11.294, 10.261, 10.162, 10.842, 8.992, 7.438, 8.498, 10.613, 10.253, 7.898, 5.518, 5.582, 6.267, 4.866, 3.056, 2.187, 4.036, 5.554, 5.509, 5.931, 5.188, 3.928, 3.905, 4.824, 5.931, 5.273, 5.622, 4.969, 3.691, 2.921, 2.975, 3.107, 3.414, 4.179, 4.289, 3.789, 2.967, 2.081, 2.309, 2.315, 2.834, 2.86, 2.707, 3.353, 2.905, 2.338, 2.256, 3.018, 2.322, 2.679, 5.307, 5.445, 3.487, 4.162, 4.791, 4.153, 3.155, 2.408, 2.111, 1.796, 1.569, 1.918, 2.046, 1.581, 1.527, 1.212, 1.37], [5.911, 6.418, 5.355, 4.517, 4.203, 3.563, 3.17, 3.113, 2.618, 1.853, 1.493, 0.0, 1.847, 1.61, 1.351, 1.925, 2.34, 1.984, 1.5, 2.127, 2.228, 3.79, 5.236, 5.027, 3.404, 3.107, 2.774, 2.484, 2.798, 2.493, 1.609, 2.191, 3.715, 5.311, 6.358, 7.004, 8.08, 9.868, 12.143, 12.022, 10.853, 12.459, 11.926, 10.892, 11.145, 11.79, 12.475, 11.963, 10.254, 8.753, 10.329, 12.16, 9.238, 4.671, 3.919, 4.063, 3.992, 4.355, 5.659, 6.68, 6.838, 7.828, 7.293, 5.683, 5.349, 6.587, 7.869, 7.844, 7.453, 6.805, 6.917, 6.936, 7.081, 6.933, 6.101, 4.685, 2.185, 2.412, 2.774, 2.183, 4.938, 7.04, 7.258, 5.777, 4.638, 4.771, 4.692, 3.591, 3.361, 2.034, 2.051, 2.891, 3.243, 3.496, 3.469, 4.411, 5.731, 6.793, 7.174, 7.398, 6.142, 4.596, 4.317, 4.869, 4.883, 5.011, 7.211, 8.32, 7.998, 6.99, 4.762, 4.148, 4.4, 4.017, 4.443, 4.165, 4.218, 6.39, 8.395, 8.738, 6.523, 4.386, 2.869, 3.243, 5.096, 6.521, 7.164, 7.068, 6.402, 4.77, 3.49, 3.601, 4.442, 4.334, 3.429, 2.617, 2.383, 2.85, 3.509, 3.995, 3.731, 4.425, 3.408, 3.225, 2.153, 1.447, 5.182, 7.539, 6.115, 6.207, 7.135, 6.723, 5.798, 4.712, 4.651, 5.597, 5.953, 6.196, 8.039, 10.24, 11.256, 11.63, 11.335, 10.963, 10.026, 9.872, 10.693, 8.891, 7.583, 8.484, 10.651, 10.352, 8.015, 5.402, 5.367, 5.974, 4.632, 2.906, 1.946, 3.326, 4.872, 4.919, 5.038, 4.485, 3.126, 3.408, 4.435, 5.373, 5.182, 5.195, 4.421, 3.197, 2.818, 2.819, 3.417, 3.709, 4.042, 3.88, 3.403, 2.602, 1.814, 1.49, 1.672, 2.111, 2.375, 2.418, 2.919, 2.523, 2.225, 2.181, 2.83, 2.167, 2.291, 5.348, 5.484, 3.73, 4.183, 4.974, 4.772, 3.411, 2.7, 2.42, 1.94, 1.797, 2.232, 2.42, 1.656, 1.717, 1.646, 2.079], [4.685, 5.182, 4.404, 3.532, 3.239, 2.609, 2.135, 2.071, 1.585, 1.747, 1.832, 1.847, 0.0, 0.998, 2.38, 1.923, 1.254, 1.247, 2.051, 2.853, 3.135, 4.818, 6.179, 5.916, 4.278, 3.498, 3.085, 3.326, 3.356, 2.296, 1.557, 2.752, 4.724, 6.213, 7.182, 7.916, 9.025, 10.794, 13.198, 12.869, 11.763, 13.325, 12.932, 12.112, 12.297, 13.005, 13.659, 13.209, 11.507, 9.858, 11.607, 13.438, 10.5, 5.651, 4.351, 4.427, 4.154, 4.332, 4.958, 5.865, 6.439, 7.182, 6.72, 5.363, 5.249, 6.271, 7.158, 6.769, 6.545, 6.346, 6.556, 6.642, 6.622, 6.14, 5.239, 3.732, 1.675, 2.648, 2.905, 2.311, 5.597, 8.051, 8.316, 6.668, 5.655, 5.952, 5.816, 4.739, 4.27, 2.943, 1.896, 2.177, 2.727, 2.921, 2.697, 3.392, 4.768, 5.805, 6.084, 6.281, 5.07, 3.695, 3.713, 4.408, 4.266, 4.88, 6.362, 7.366, 7.544, 6.744, 4.988, 4.528, 4.998, 4.578, 4.773, 4.456, 4.92, 7.415, 9.336, 9.999, 7.566, 4.572, 2.846, 2.507, 4.402, 5.406, 5.915, 6.172, 5.473, 4.232, 3.356, 3.374, 4.131, 3.842, 2.886, 2.206, 2.247, 2.119, 2.729, 3.134, 3.207, 3.518, 3.329, 3.769, 2.516, 2.077, 6.356, 8.753, 7.383, 7.465, 8.316, 7.881, 6.689, 5.263, 5.554, 6.682, 7.217, 7.501, 9.345, 11.565, 12.542, 12.908, 12.478, 12.263, 11.202, 11.128, 11.959, 9.996, 8.378, 9.56, 11.655, 11.297, 8.906, 6.561, 6.616, 7.278, 5.853, 4.033, 2.682, 3.707, 5.221, 5.263, 5.289, 4.906, 3.629, 3.866, 5.001, 5.673, 5.159, 5.543, 4.797, 3.46, 2.588, 2.929, 3.263, 3.494, 4.149, 3.817, 3.573, 2.906, 2.407, 1.746, 2.326, 2.471, 2.537, 1.991, 2.506, 2.117, 1.8, 1.544, 2.253, 1.873, 3.086, 6.334, 6.465, 4.392, 4.934, 5.846, 5.241, 3.627, 2.223, 1.471, 1.429, 1.941, 1.861, 1.948, 1.846, 2.12, 1.919, 1.722], [5.133, 5.579, 4.97, 3.993, 3.786, 3.095, 2.517, 2.523, 1.819, 1.724, 1.581, 1.61, 0.998, 0.0, 1.85, 1.384, 1.353, 1.539, 1.962, 2.573, 2.915, 4.635, 5.994, 5.683, 3.963, 3.109, 2.669, 2.876, 2.944, 1.86, 1.119, 2.498, 4.56, 6.027, 6.988, 7.751, 8.792, 10.568, 12.979, 12.638, 11.484, 13.1, 12.762, 11.877, 12.092, 12.807, 13.443, 13.004, 11.294, 9.683, 11.349, 13.186, 10.275, 5.297, 4.088, 4.322, 4.07, 4.238, 5.244, 6.231, 6.667, 7.453, 6.859, 5.551, 5.497, 6.708, 7.647, 7.25, 6.976, 6.656, 6.945, 6.957, 7.032, 6.586, 5.725, 4.218, 2.028, 2.483, 2.825, 2.039, 5.239, 7.765, 8.121, 6.444, 5.45, 5.724, 5.627, 4.543, 4.101, 2.746, 2.052, 2.442, 3.05, 3.244, 2.938, 3.834, 5.226, 6.318, 6.507, 6.664, 5.451, 4.048, 4.217, 4.868, 4.389, 4.972, 6.671, 7.717, 7.832, 7.004, 5.004, 4.252, 4.764, 4.362, 4.512, 4.295, 4.658, 7.192, 9.163, 9.76, 7.336, 4.506, 2.665, 2.779, 4.716, 5.766, 6.364, 6.381, 5.535, 4.246, 3.438, 3.473, 4.223, 4.039, 2.965, 2.328, 2.375, 2.407, 2.913, 3.362, 3.472, 3.897, 3.622, 3.878, 2.696, 2.071, 6.149, 8.543, 7.116, 7.189, 7.989, 7.579, 6.243, 4.925, 5.166, 6.43, 6.959, 7.262, 9.086, 11.319, 12.286, 12.655, 12.274, 11.988, 10.981, 10.872, 11.696, 9.754, 8.201, 9.353, 11.438, 11.079, 8.733, 6.315, 6.37, 7.032, 5.633, 3.833, 2.474, 3.679, 5.188, 5.254, 5.36, 4.951, 3.601, 3.752, 4.96, 5.672, 5.117, 5.514, 4.763, 3.187, 2.389, 2.767, 2.96, 3.229, 3.843, 3.569, 3.262, 2.636, 2.058, 1.468, 1.992, 2.435, 2.639, 2.397, 3.038, 2.59, 2.034, 2.016, 2.716, 2.12, 2.858, 6.061, 6.225, 4.183, 4.689, 5.607, 4.936, 3.489, 2.191, 1.819, 1.507, 1.793, 2.103, 2.211, 1.986, 1.782, 1.689, 1.7], [6.554, 7.147, 6.361, 5.586, 5.292, 4.554, 4.123, 4.172, 3.326, 2.584, 2.023, 1.351, 2.38, 1.85, 0.0, 1.585, 2.8, 2.546, 1.572, 2.022, 1.909, 3.259, 4.721, 4.51, 2.852, 2.587, 2.323, 1.848, 2.142, 2.354, 1.997, 2.227, 3.378, 5.054, 5.93, 6.541, 7.587, 9.338, 11.62, 11.493, 10.346, 11.922, 11.399, 10.344, 10.618, 11.248, 11.903, 11.396, 9.67, 8.233, 9.734, 11.606, 8.678, 4.029, 3.57, 4.203, 4.21, 4.701, 6.356, 7.281, 7.459, 8.468, 7.923, 6.496, 6.155, 7.501, 8.657, 8.563, 8.134, 7.46, 7.469, 7.542, 7.724, 7.601, 6.787, 5.442, 2.891, 2.104, 2.282, 1.942, 4.411, 6.547, 6.732, 5.242, 4.152, 4.323, 4.127, 3.076, 2.827, 2.309, 3.036, 3.953, 4.262, 4.395, 4.355, 5.307, 6.626, 7.762, 8.115, 8.257, 7.07, 5.603, 5.271, 5.83, 5.749, 5.684, 7.975, 9.112, 8.677, 7.669, 5.139, 3.825, 4.374, 3.953, 3.937, 3.516, 3.526, 5.767, 7.72, 8.159, 5.974, 3.797, 2.221, 3.817, 5.695, 7.22, 7.857, 7.739, 7.046, 5.361, 4.266, 4.513, 5.255, 5.097, 4.117, 3.293, 3.078, 3.693, 4.421, 4.945, 4.636, 5.473, 4.5, 3.888, 3.095, 2.319, 4.677, 7.037, 5.545, 5.597, 6.429, 5.993, 4.845, 3.847, 3.811, 5.05, 5.449, 5.622, 7.451, 9.686, 10.694, 11.063, 10.793, 10.375, 9.447, 9.317, 10.109, 8.363, 6.986, 7.986, 10.131, 9.829, 7.47, 4.913, 4.842, 5.429, 4.033, 2.404, 1.987, 3.778, 5.357, 5.326, 5.572, 5.059, 3.702, 3.831, 4.914, 5.707, 5.461, 5.41, 4.785, 3.152, 2.264, 2.135, 2.537, 2.94, 3.534, 4.222, 3.294, 2.176, 1.57, 1.654, 1.993, 2.755, 3.336, 3.496, 3.984, 3.617, 3.277, 3.208, 3.848, 2.892, 2.093, 4.813, 4.978, 3.487, 3.815, 4.426, 4.525, 3.154, 2.685, 3.027, 2.593, 2.303, 3.329, 3.51, 2.505, 2.042, 2.048, 2.574], [5.723, 6.168, 5.429, 4.428, 4.398, 3.802, 3.108, 3.135, 2.212, 1.791, 1.522, 1.925, 1.923, 1.384, 1.585, 0.0, 1.704, 1.823, 1.853, 2.206, 2.323, 4.009, 5.442, 5.066, 3.124, 2.067, 1.79, 2.242, 2.135, 1.63, 1.245, 2.107, 3.838, 5.635, 6.272, 6.964, 7.998, 9.735, 12.237, 11.977, 10.91, 12.29, 11.96, 11.232, 11.355, 12.055, 12.767, 12.326, 10.646, 8.976, 10.753, 12.676, 9.687, 4.797, 4.149, 4.66, 4.505, 4.718, 6.127, 6.846, 7.345, 8.102, 7.226, 5.988, 5.976, 7.363, 8.376, 7.971, 7.759, 7.439, 7.755, 7.755, 7.882, 7.381, 6.316, 4.807, 2.546, 2.186, 2.547, 1.476, 4.43, 7.223, 7.421, 5.609, 4.787, 5.164, 4.927, 3.969, 3.401, 2.539, 2.747, 3.091, 3.732, 3.653, 3.416, 4.314, 5.81, 6.883, 6.903, 6.983, 5.813, 4.54, 4.765, 5.399, 4.911, 5.253, 7.104, 8.323, 8.603, 7.857, 5.52, 4.231, 4.677, 4.447, 4.444, 4.156, 4.204, 6.797, 8.762, 9.397, 6.952, 4.216, 2.255, 3.432, 5.412, 6.486, 6.998, 7.009, 6.036, 4.688, 4.013, 4.104, 4.878, 4.787, 3.638, 2.924, 2.988, 2.949, 3.332, 3.816, 3.986, 4.59, 4.346, 4.217, 3.398, 2.601, 5.488, 8.097, 6.706, 6.853, 7.734, 7.223, 5.645, 4.508, 4.644, 5.954, 6.489, 6.731, 8.512, 10.765, 11.782, 12.18, 11.629, 11.441, 10.433, 10.525, 11.333, 9.278, 7.58, 8.745, 10.651, 10.245, 7.92, 5.816, 5.822, 6.528, 4.985, 3.279, 2.385, 3.988, 5.561, 5.629, 5.867, 5.241, 3.985, 4.038, 5.187, 6.007, 5.41, 5.793, 5.027, 3.175, 2.281, 2.388, 2.305, 3.003, 3.848, 4.057, 3.383, 2.634, 2.061, 2.1, 2.397, 2.807, 3.285, 3.149, 3.662, 3.221, 2.684, 2.467, 3.088, 2.256, 2.458, 5.441, 5.641, 3.51, 4.106, 4.859, 4.266, 3.22, 2.267, 2.036, 1.524, 1.8, 2.601, 2.544, 2.049, 1.722, 1.631, 1.782], [4.625, 4.95, 4.07, 3.296, 3.191, 2.429, 1.805, 1.685, 1.303, 1.828, 2.094, 2.34, 1.254, 1.353, 2.8, 1.704, 0.0, 1.575, 2.368, 2.952, 3.397, 5.145, 6.555, 6.235, 4.382, 3.172, 2.737, 3.365, 3.287, 1.972, 1.484, 2.919, 4.968, 6.468, 7.413, 8.16, 9.245, 11.014, 13.415, 13.131, 12.038, 13.533, 13.172, 12.379, 12.535, 13.243, 13.921, 13.462, 11.751, 10.103, 11.884, 13.812, 10.814, 5.862, 4.358, 4.671, 4.419, 4.561, 5.215, 5.979, 6.611, 7.377, 6.674, 5.275, 5.171, 6.255, 7.292, 6.906, 6.714, 6.64, 6.854, 6.95, 6.917, 6.273, 5.225, 3.633, 1.765, 2.784, 2.922, 2.368, 5.582, 8.353, 8.563, 6.89, 5.908, 6.228, 6.053, 5.058, 4.535, 3.094, 2.055, 2.03, 2.764, 2.811, 2.494, 3.262, 4.63, 5.584, 5.555, 5.775, 4.62, 3.462, 3.63, 4.222, 4.113, 4.794, 6.384, 7.226, 7.836, 7.064, 5.248, 4.451, 4.689, 4.483, 4.546, 4.644, 5.191, 7.962, 9.953, 10.529, 8.036, 4.654, 2.683, 2.707, 4.601, 5.378, 5.895, 6.259, 5.346, 4.32, 3.399, 3.383, 4.082, 4.058, 2.97, 2.354, 2.441, 2.106, 2.434, 2.68, 2.962, 3.384, 3.547, 4.021, 2.758, 2.49, 6.612, 9.205, 7.829, 7.999, 8.904, 8.472, 6.904, 5.463, 5.778, 7.062, 7.591, 7.838, 9.647, 11.866, 12.908, 13.282, 12.753, 12.603, 11.565, 11.659, 12.463, 10.42, 8.742, 9.89, 11.882, 11.515, 9.142, 6.932, 6.934, 7.635, 6.103, 4.384, 2.97, 3.815, 5.361, 5.451, 5.425, 4.938, 3.597, 3.834, 4.981, 5.892, 5.367, 5.782, 4.986, 3.218, 2.39, 2.88, 3.133, 3.648, 4.073, 3.815, 3.423, 2.832, 2.743, 1.934, 2.552, 2.52, 2.569, 2.177, 2.487, 2.114, 1.898, 1.641, 2.051, 1.887, 3.278, 6.552, 6.767, 4.648, 5.118, 6.041, 5.305, 4.026, 2.195, 1.436, 1.125, 2.059, 1.88, 2.024, 2.27, 2.323, 2.14, 1.819], [5.089, 5.508, 4.237, 3.306, 3.147, 2.638, 2.157, 1.993, 1.581, 1.498, 1.783, 1.984, 1.247, 1.539, 2.546, 1.823, 1.575, 0.0, 1.765, 2.372, 2.753, 4.49, 5.928, 5.546, 3.843, 3.161, 2.544, 2.882, 3.213, 2.689, 1.921, 2.346, 4.268, 5.779, 6.737, 7.486, 8.54, 10.3, 12.727, 12.429, 11.386, 12.86, 12.465, 11.672, 11.847, 12.555, 13.215, 12.758, 11.077, 9.407, 11.178, 13.083, 10.085, 5.285, 5.121, 5.084, 4.77, 4.84, 5.368, 6.148, 6.698, 7.518, 6.888, 5.313, 5.169, 6.373, 7.466, 7.123, 6.971, 6.712, 6.968, 6.998, 7.086, 6.601, 5.634, 3.991, 1.956, 2.752, 3.025, 2.037, 5.098, 7.639, 7.863, 6.183, 5.208, 5.579, 5.371, 4.348, 3.844, 2.887, 1.85, 1.982, 2.677, 2.793, 2.748, 3.46, 4.921, 5.847, 6.074, 6.349, 5.036, 3.466, 3.454, 4.297, 4.223, 4.88, 6.471, 7.681, 7.909, 7.123, 5.466, 5.144, 5.305, 4.996, 5.245, 4.855, 4.679, 7.323, 9.359, 9.882, 7.395, 4.858, 3.053, 2.818, 4.726, 5.835, 6.301, 6.465, 5.71, 4.494, 3.537, 3.482, 4.187, 4.122, 3.164, 2.615, 2.654, 2.352, 2.698, 3.01, 2.991, 3.339, 3.105, 3.983, 2.645, 1.932, 5.927, 8.524, 7.175, 7.354, 8.281, 7.953, 6.489, 5.379, 5.633, 6.409, 6.896, 7.165, 8.997, 11.151, 12.179, 12.561, 12.108, 11.984, 10.935, 11.046, 11.825, 9.773, 8.146, 9.198, 11.162, 10.799, 8.452, 6.201, 6.205, 6.931, 5.405, 3.711, 2.696, 4.249, 5.636, 5.709, 5.443, 5.027, 3.993, 4.313, 5.411, 6.162, 5.769, 6.097, 5.384, 4.026, 3.031, 3.281, 3.378, 4.014, 4.897, 4.501, 4.196, 3.53, 2.603, 2.111, 2.893, 2.855, 2.607, 1.945, 2.243, 1.917, 1.773, 1.43, 2.061, 1.502, 2.562, 5.861, 6.044, 3.978, 4.484, 5.358, 4.73, 3.45, 2.283, 1.716, 1.478, 1.811, 1.677, 1.588, 1.546, 1.872, 1.725, 1.447], [6.526, 6.992, 5.567, 4.626, 4.427, 3.92, 3.604, 3.347, 2.411, 2.104, 1.818, 1.5, 2.051, 1.962, 1.572, 1.853, 2.368, 1.765, 0.0, 1.379, 1.337, 3.24, 4.762, 4.436, 3.018, 2.867, 2.45, 2.099, 2.366, 2.583, 1.934, 2.177, 3.205, 4.997, 5.817, 6.407, 7.392, 9.19, 11.441, 11.371, 10.289, 11.79, 11.203, 10.172, 10.483, 11.095, 11.77, 11.325, 9.62, 8.076, 9.662, 11.592, 8.612, 4.094, 4.171, 4.475, 4.267, 4.768, 6.27, 7.215, 7.335, 8.366, 7.735, 5.982, 5.564, 7.086, 8.416, 8.403, 8.066, 7.435, 7.457, 7.516, 7.732, 7.608, 6.607, 5.139, 2.558, 1.897, 2.053, 1.555, 4.267, 6.444, 6.561, 5.082, 3.795, 4.082, 4.041, 3.031, 2.703, 1.94, 2.12, 3.122, 3.545, 3.809, 3.872, 4.868, 6.265, 7.262, 7.618, 7.852, 6.549, 4.793, 4.392, 5.175, 5.247, 5.319, 7.766, 8.94, 8.612, 7.675, 5.17, 4.203, 4.352, 4.06, 4.136, 3.672, 3.425, 6.009, 8.089, 8.461, 5.977, 3.677, 2.164, 3.744, 5.66, 7.111, 7.782, 7.629, 6.937, 5.226, 3.988, 4.058, 4.781, 4.833, 3.859, 3.048, 2.869, 3.364, 3.923, 4.314, 3.927, 4.594, 3.494, 3.143, 2.229, 1.516, 4.549, 7.08, 5.738, 5.905, 6.839, 6.563, 5.455, 4.213, 4.417, 5.004, 5.443, 5.663, 7.475, 9.672, 10.688, 11.063, 10.741, 10.512, 9.592, 9.639, 10.454, 8.491, 7.072, 7.921, 9.95, 9.655, 7.337, 4.891, 4.778, 5.56, 4.037, 2.476, 1.692, 3.605, 5.238, 5.272, 5.308, 4.605, 3.314, 3.553, 4.661, 5.622, 5.465, 5.515, 4.761, 3.437, 2.531, 2.242, 2.757, 3.346, 4.062, 4.35, 3.842, 2.653, 1.536, 1.626, 2.267, 2.54, 2.798, 2.474, 2.953, 2.631, 2.393, 2.234, 2.997, 2.169, 1.79, 4.625, 4.854, 3.296, 3.639, 4.301, 4.472, 3.514, 2.67, 2.632, 2.261, 2.127, 2.575, 2.684, 1.675, 1.734, 1.951, 1.897], [7.011, 7.463, 6.232, 5.518, 5.257, 4.627, 4.109, 3.979, 3.102, 2.784, 2.32, 2.127, 2.853, 2.573, 2.022, 2.206, 2.952, 2.372, 1.379, 0.0, 1.171, 2.944, 4.456, 4.082, 2.983, 2.858, 2.421, 1.906, 2.286, 2.888, 2.445, 2.4, 3.491, 5.407, 6.08, 6.459, 7.531, 8.997, 10.926, 11.177, 10.138, 11.294, 10.663, 10.021, 10.151, 10.62, 11.278, 10.874, 9.184, 7.58, 9.194, 11.133, 8.158, 3.391, 3.687, 4.267, 4.257, 5.06, 6.891, 7.785, 7.779, 8.853, 8.179, 6.538, 5.967, 7.597, 8.908, 8.893, 8.561, 8.04, 7.845, 8.015, 8.292, 8.264, 7.17, 5.653, 3.027, 1.461, 1.917, 2.181, 4.235, 6.387, 6.073, 4.785, 3.391, 4.01, 3.877, 3.321, 2.694, 2.398, 2.963, 3.807, 4.086, 4.297, 4.366, 5.339, 6.758, 7.781, 8.124, 8.302, 7.034, 5.375, 4.968, 5.768, 5.726, 5.727, 8.234, 9.488, 9.244, 8.131, 5.477, 3.861, 3.926, 3.597, 3.702, 3.222, 2.833, 5.385, 7.46, 7.853, 5.38, 3.33, 2.315, 4.205, 6.14, 7.6, 8.271, 8.1, 7.408, 5.697, 4.472, 4.567, 5.335, 5.251, 4.329, 3.516, 3.407, 3.834, 4.378, 4.825, 4.514, 5.309, 4.487, 2.967, 2.865, 2.425, 4.177, 6.566, 5.196, 5.346, 6.237, 5.926, 4.63, 3.292, 3.468, 4.43, 4.943, 5.18, 6.972, 9.187, 10.229, 10.604, 10.241, 9.954, 8.967, 9.027, 9.832, 7.865, 6.357, 7.333, 9.401, 9.206, 7.073, 4.646, 4.388, 5.06, 3.763, 2.344, 1.672, 3.691, 5.558, 5.543, 5.532, 4.246, 3.296, 3.284, 4.243, 5.431, 5.457, 5.296, 4.608, 3.801, 2.941, 2.372, 2.568, 3.498, 4.434, 4.862, 4.31, 2.937, 1.73, 2.186, 2.615, 3.083, 3.469, 3.446, 3.886, 3.558, 3.168, 3.022, 3.487, 2.633, 1.858, 4.364, 4.867, 3.499, 3.958, 4.269, 4.744, 3.733, 3.03, 3.252, 2.811, 2.921, 3.388, 3.474, 2.61, 2.431, 2.525, 2.323], [7.585, 8.051, 6.641, 5.629, 5.468, 4.957, 4.741, 4.48, 3.379, 2.813, 2.373, 2.228, 3.135, 2.915, 1.909, 2.323, 3.397, 2.753, 1.337, 1.171, 0.0, 2.23, 3.831, 3.489, 2.603, 2.7, 2.337, 1.683, 2.295, 3.175, 2.798, 2.253, 2.794, 4.792, 5.448, 5.792, 6.833, 8.31, 10.393, 10.583, 9.511, 10.75, 10.107, 9.274, 9.475, 9.958, 10.681, 10.237, 8.551, 7.023, 8.651, 10.579, 7.591, 3.386, 3.992, 4.733, 4.716, 5.702, 7.404, 8.238, 8.313, 9.427, 8.761, 7.207, 6.595, 8.172, 9.555, 9.575, 9.214, 8.554, 8.421, 8.538, 8.779, 8.759, 7.633, 6.264, 3.672, 1.79, 2.01, 1.994, 3.597, 5.774, 5.581, 4.116, 2.842, 3.42, 3.216, 2.685, 2.11, 1.935, 3.295, 4.329, 4.686, 4.796, 4.929, 5.997, 7.447, 8.457, 8.768, 8.94, 7.692, 6.009, 5.568, 6.352, 6.386, 6.325, 8.827, 10.086, 9.754, 8.702, 6.045, 4.122, 4.264, 3.877, 3.937, 3.451, 2.823, 4.94, 6.899, 7.416, 5.009, 3.276, 2.581, 4.811, 6.72, 8.221, 8.927, 8.75, 8.047, 6.353, 5.16, 5.278, 6.02, 5.9, 4.913, 4.122, 3.883, 4.395, 4.958, 5.388, 5.13, 5.834, 4.664, 3.218, 3.072, 2.31, 3.524, 5.992, 4.616, 4.838, 5.712, 5.499, 4.425, 3.482, 3.569, 4.07, 4.436, 4.636, 6.378, 8.657, 9.678, 10.059, 9.585, 9.421, 8.496, 8.551, 9.427, 7.477, 6.112, 6.889, 8.899, 8.611, 6.396, 4.159, 3.862, 4.604, 3.161, 1.767, 1.707, 4.321, 6.153, 6.107, 6.224, 4.987, 3.996, 3.956, 4.766, 6.113, 6.035, 5.67, 5.146, 4.08, 3.139, 2.33, 2.742, 3.756, 4.6, 5.425, 4.599, 3.035, 1.859, 2.465, 2.989, 3.618, 4.006, 3.672, 4.051, 3.847, 3.501, 3.288, 4.063, 3.23, 1.744, 3.797, 4.252, 2.97, 3.416, 3.642, 4.109, 3.235, 2.787, 3.688, 3.186, 2.724, 3.493, 3.511, 2.376, 2.161, 2.288, 2.573], [9.369, 9.85, 8.438, 7.464, 7.155, 6.767, 6.524, 6.216, 5.073, 4.242, 3.844, 3.79, 4.818, 4.635, 3.259, 4.009, 5.145, 4.49, 3.24, 2.944, 2.23, 0.0, 1.77, 1.733, 2.193, 2.988, 2.942, 2.018, 2.693, 4.586, 4.618, 2.912, 1.987, 3.631, 4.031, 4.192, 5.343, 6.411, 8.553, 8.553, 7.485, 8.892, 8.239, 7.412, 7.726, 8.213, 8.863, 8.417, 6.714, 5.176, 6.825, 8.702, 5.721, 3.471, 5.018, 6.495, 6.566, 7.51, 9.249, 10.166, 10.156, 11.287, 10.639, 8.929, 8.359, 9.962, 11.33, 11.344, 11.019, 10.41, 10.253, 10.39, 10.629, 10.629, 9.585, 8.187, 5.515, 3.426, 2.713, 2.999, 2.213, 3.911, 3.765, 2.269, 2.048, 2.355, 1.905, 1.913, 1.478, 2.797, 5.107, 6.119, 6.535, 6.667, 6.797, 7.819, 9.18, 10.201, 10.509, 10.801, 9.493, 7.75, 7.302, 8.113, 8.125, 8.146, 10.574, 11.927, 11.609, 10.528, 7.95, 5.255, 4.932, 4.565, 4.482, 3.881, 3.173, 3.91, 5.024, 5.578, 4.784, 3.649, 3.761, 6.588, 8.599, 10.012, 10.657, 10.536, 9.869, 8.157, 7.011, 7.078, 7.802, 7.633, 6.748, 5.928, 5.682, 6.273, 6.806, 7.207, 6.984, 7.58, 6.493, 4.983, 4.926, 3.531, 2.28, 4.113, 2.763, 3.108, 3.855, 4.57, 4.04, 3.483, 3.334, 3.609, 3.172, 3.053, 4.596, 6.798, 7.798, 8.172, 7.738, 7.646, 6.808, 6.699, 7.648, 6.149, 5.366, 5.161, 7.005, 6.761, 4.566, 2.569, 2.649, 3.336, 2.123, 1.398, 3.15, 6.186, 7.971, 7.945, 8.064, 6.797, 5.9, 5.839, 6.651, 7.995, 7.586, 7.031, 6.938, 5.652, 4.568, 3.173, 3.347, 4.457, 5.785, 7.254, 6.242, 4.166, 3.682, 4.196, 4.793, 5.457, 5.822, 5.518, 5.943, 5.726, 5.271, 5.146, 5.89, 5.062, 2.594, 2.153, 2.711, 2.245, 2.427, 2.162, 2.609, 2.332, 4.004, 5.507, 4.981, 3.458, 4.79, 4.97, 3.978, 3.103, 3.438, 4.127], [10.807, 11.255, 9.891, 8.883, 8.559, 8.167, 7.931, 7.577, 6.451, 5.617, 5.139, 5.236, 6.179, 5.994, 4.721, 5.442, 6.555, 5.928, 4.762, 4.456, 3.831, 1.77, 0.0, 0.996, 2.471, 3.913, 4.177, 3.336, 3.675, 5.973, 6.011, 4.075, 2.501, 2.707, 2.883, 2.975, 3.994, 4.931, 7.123, 7.018, 5.897, 7.392, 6.866, 6.078, 6.259, 6.904, 7.557, 7.116, 5.405, 3.84, 5.506, 7.304, 4.486, 4.193, 6.52, 8.054, 8.044, 8.842, 10.712, 11.651, 11.741, 12.767, 12.06, 10.318, 9.873, 11.469, 12.633, 12.765, 12.384, 11.927, 11.735, 11.982, 12.11, 12.132, 11.122, 9.627, 6.916, 4.985, 4.066, 4.403, 1.934, 2.661, 2.492, 1.746, 2.408, 2.47, 1.661, 2.592, 2.599, 4.287, 6.46, 7.486, 7.932, 8.099, 8.229, 9.258, 10.534, 11.569, 11.93, 12.222, 10.901, 9.137, 8.764, 9.595, 9.546, 9.58, 12.006, 13.319, 13.073, 12.042, 9.371, 6.755, 6.002, 5.593, 5.508, 4.754, 4.067, 3.843, 4.269, 4.783, 5.069, 4.305, 5.169, 8.038, 10.034, 11.41, 12.022, 11.958, 11.29, 9.58, 8.389, 8.431, 9.136, 8.957, 8.18, 7.349, 7.212, 7.695, 8.238, 8.598, 8.388, 8.933, 7.872, 6.505, 6.536, 5.048, 1.71, 2.671, 1.655, 1.852, 2.866, 4.338, 4.291, 3.914, 3.586, 3.495, 2.863, 2.485, 3.567, 5.447, 6.38, 6.823, 6.547, 6.502, 5.892, 5.693, 6.635, 5.603, 5.021, 4.763, 5.608, 5.313, 3.244, 1.769, 2.21, 2.684, 1.73, 2.74, 4.69, 7.773, 9.485, 9.474, 9.637, 8.392, 7.493, 7.341, 8.165, 9.509, 8.861, 8.512, 8.483, 7.14, 5.991, 4.632, 4.711, 5.432, 7.027, 8.569, 7.638, 5.644, 5.192, 5.711, 6.273, 6.993, 7.255, 7.017, 7.525, 7.229, 6.63, 6.6, 7.339, 6.483, 3.91, 1.344, 1.756, 2.972, 2.393, 1.556, 2.141, 2.882, 5.43, 6.928, 6.402, 4.825, 6.114, 6.355, 5.411, 4.457, 4.723, 5.412], [10.535, 10.966, 9.547, 8.464, 8.297, 7.92, 7.554, 7.215, 6.058, 5.226, 4.894, 5.027, 5.916, 5.683, 4.51, 5.066, 6.235, 5.546, 4.436, 4.082, 3.489, 1.733, 0.996, 0.0, 2.062, 3.496, 3.773, 3.021, 3.474, 5.57, 5.677, 3.659, 2.17, 2.559, 2.747, 2.878, 3.885, 5.192, 7.406, 7.388, 6.346, 7.65, 7.115, 6.51, 6.645, 7.201, 7.857, 7.405, 5.703, 4.069, 5.82, 7.661, 4.744, 4.23, 6.487, 7.667, 7.817, 8.596, 10.496, 11.412, 11.409, 12.475, 11.671, 10.055, 9.503, 11.224, 12.48, 12.461, 12.18, 11.689, 11.499, 11.648, 11.899, 11.902, 10.827, 9.369, 6.654, 4.696, 4.006, 4.064, 1.639, 2.902, 2.539, 1.936, 2.586, 2.801, 1.931, 2.385, 2.428, 3.932, 6.229, 7.223, 7.702, 7.733, 7.838, 8.845, 10.231, 11.324, 11.567, 11.827, 10.511, 8.767, 8.388, 9.302, 9.161, 9.236, 11.681, 13.079, 12.84, 11.756, 9.131, 6.603, 6.117, 5.71, 5.459, 4.861, 4.141, 4.021, 4.499, 4.974, 5.365, 4.409, 4.837, 7.63, 9.775, 11.099, 11.692, 11.563, 10.895, 9.201, 8.175, 8.223, 8.93, 8.698, 7.806, 7.036, 6.919, 7.331, 7.861, 8.296, 8.111, 8.648, 7.655, 6.227, 6.188, 4.761, 1.539, 3.092, 1.892, 2.032, 3.215, 4.444, 4.477, 4.17, 3.81, 3.691, 3.081, 2.749, 3.796, 5.8, 6.77, 7.142, 6.744, 6.698, 6.026, 5.904, 6.839, 5.734, 5.048, 4.87, 5.822, 5.52, 3.491, 1.837, 2.345, 2.696, 1.682, 2.442, 4.533, 7.383, 9.229, 9.2, 9.28, 8.124, 7.122, 7.052, 7.88, 9.181, 8.762, 8.606, 8.193, 6.881, 5.743, 4.375, 4.559, 5.259, 6.855, 8.426, 7.465, 5.396, 4.93, 5.474, 6.038, 6.755, 7.051, 6.733, 7.169, 6.923, 6.323, 6.287, 6.913, 6.133, 3.5, 1.296, 1.608, 2.771, 2.17, 1.333, 1.883, 2.586, 5.119, 6.533, 6.025, 4.531, 5.838, 5.989, 5.197, 4.222, 4.44, 5.21], [8.686, 9.138, 7.769, 6.606, 6.733, 6.232, 5.692, 5.52, 4.465, 3.685, 3.246, 3.404, 4.278, 3.963, 2.852, 3.124, 4.382, 3.843, 3.018, 2.983, 2.603, 2.193, 2.471, 2.062, 0.0, 1.57, 1.917, 1.517, 2.053, 3.714, 3.768, 1.879, 1.706, 3.418, 3.581, 4.074, 5.035, 6.686, 9.232, 8.978, 7.951, 9.251, 8.942, 8.251, 8.35, 9.048, 9.764, 9.331, 7.628, 5.959, 7.754, 9.693, 6.695, 3.724, 5.709, 6.511, 6.594, 6.983, 8.856, 9.643, 9.837, 10.776, 9.652, 8.304, 8.06, 9.784, 10.893, 10.72, 10.47, 10.114, 10.045, 10.182, 10.387, 10.246, 9.107, 7.605, 4.856, 3.742, 3.092, 2.555, 2.347, 4.45, 4.423, 2.784, 3.081, 3.419, 2.634, 2.521, 2.333, 3.215, 4.66, 5.524, 5.91, 5.817, 5.872, 6.965, 8.481, 9.57, 9.688, 9.819, 8.585, 6.949, 6.754, 7.686, 7.349, 7.429, 9.893, 11.342, 11.254, 10.332, 7.676, 5.711, 5.49, 5.092, 4.802, 4.235, 3.557, 4.217, 5.854, 6.454, 5.271, 3.8, 3.23, 5.848, 7.981, 9.271, 9.975, 9.691, 8.931, 7.371, 6.421, 6.435, 7.184, 6.961, 5.943, 5.143, 5.28, 5.344, 5.917, 6.465, 6.283, 6.966, 6.221, 5.555, 4.909, 3.771, 2.92, 5.09, 3.722, 3.891, 4.822, 4.62, 4.004, 3.669, 3.45, 3.735, 3.641, 3.729, 5.505, 7.747, 8.789, 9.163, 8.622, 8.49, 7.474, 7.602, 8.408, 6.404, 5.167, 5.842, 7.625, 7.185, 4.908, 2.816, 2.892, 