[[0.0, 1.07, 3.742, 5.367, 3.841, 3.044, 3.114, 3.153, 2.63, 5.833, 10.325, 15.254, 16.82, 15.984, 15.52, 15.767, 15.327, 15.251, 15.775, 17.066, 17.55, 17.102, 16.863, 17.283, 17.638, 18.296, 19.291, 19.728, 20.198, 20.633, 21.503, 21.617, 21.162, 20.884, 21.12, 20.896, 18.226, 16.473, 16.861, 19.409, 20.7, 21.971, 23.831, 24.833, 24.489, 23.035, 20.659, 18.474, 17.341, 18.233, 16.336, 12.154, 10.552, 11.399, 16.273, 20.701, 22.408, 22.351, 22.742, 24.007, 24.512, 24.168, 23.744, 22.784, 23.391, 23.645, 21.728, 20.118, 20.618, 21.047, 21.714, 21.821, 21.296, 20.731, 20.586, 20.862, 22.438, 23.387, 23.28, 22.256, 19.493, 16.91, 15.532, 16.427, 16.844, 14.683, 11.215, 10.062, 10.664, 9.908, 8.86, 11.149, 10.921, 8.891, 9.98, 11.599, 10.909, 10.163, 10.402, 10.942, 10.784, 10.527, 10.627, 10.068, 9.291, 8.205, 7.835, 8.402, 8.26, 6.736, 5.37, 4.826, 4.425, 3.999, 4.043, 4.563, 4.376, 4.434, 4.698, 5.03, 6.528, 7.403, 6.051, 5.25, 4.989, 5.576, 5.913, 5.723, 4.963, 4.17, 4.998, 3.895, 2.835, 4.406, 6.718, 6.822, 5.523, 4.584, 5.062, 5.359, 4.092, 4.655, 5.168, 4.843, 4.82, 3.293, 3.36, 3.175, 3.187, 3.772, 3.511, 3.052, 3.101, 3.887, 4.282, 4.309, 3.795, 3.692, 3.775, 3.397, 3.571, 5.549, 6.25, 4.659, 3.957, 3.515, 3.959, 4.0, 4.022, 2.986, 2.737, 3.734, 3.757, 3.709, 4.377, 4.777, 4.64, 4.451, 5.11, 4.833, 4.554, 4.942, 4.772, 4.802, 6.85, 10.027, 13.161, 15.108, 16.004, 17.482, 20.018, 21.099, 22.047, 21.731, 20.551, 18.972, 18.174, 18.028, 16.89, 15.444, 15.671, 16.955, 17.096, 16.922, 16.189, 15.018], [1.07, 0.0, 3.225, 4.99, 3.435, 2.575, 3.357, 3.409, 2.992, 6.369, 10.779, 15.806, 17.376, 16.532, 16.038, 16.276, 15.878, 15.742, 16.223, 17.491, 18.074, 17.647, 17.422, 17.847, 18.216, 18.869, 19.837, 20.308, 20.77, 21.194, 22.06, 22.176, 21.712, 21.381, 21.52, 21.274, 18.71, 16.882, 17.41, 19.982, 21.273, 22.545, 24.396, 25.418, 25.075, 23.606, 21.22, 19.048, 17.858, 18.802, 16.907, 12.737, 11.135, 11.982, 16.798, 21.171, 22.903, 22.854, 23.309, 24.569, 25.036, 24.731, 24.237, 23.238, 23.844, 24.01, 22.039, 20.642, 21.191, 21.621, 22.288, 22.395, 21.869, 21.301, 21.139, 21.413, 23.002, 23.947, 23.845, 22.83, 20.063, 17.48, 16.109, 16.998, 17.414, 15.257, 11.789, 10.636, 11.241, 10.442, 9.443, 11.653, 11.382, 9.301, 10.562, 12.169, 11.479, 10.734, 10.984, 11.499, 11.364, 11.11, 11.21, 10.634, 9.746, 8.694, 8.214, 8.808, 8.765, 7.21, 5.953, 5.409, 4.794, 4.43, 4.582, 4.975, 4.76, 4.76, 4.953, 5.511, 7.074, 7.973, 6.615, 5.73, 5.555, 6.137, 6.483, 6.207, 5.454, 4.737, 5.564, 4.31, 3.26, 4.984, 7.299, 7.405, 6.106, 5.16, 5.645, 5.942, 4.676, 5.193, 5.75, 5.253, 4.996, 3.634, 3.569, 3.374, 3.552, 4.254, 4.019, 3.443, 3.389, 4.235, 4.74, 4.53, 4.105, 4.175, 4.15, 3.773, 4.022, 5.953, 6.683, 5.079, 4.519, 4.067, 4.58, 4.595, 4.407, 3.333, 2.802, 3.457, 4.076, 4.003, 4.771, 5.363, 5.233, 4.984, 5.617, 5.228, 4.85, 5.408, 5.342, 5.373, 7.42, 10.592, 13.712, 15.649, 16.543, 18.015, 20.562, 21.636, 22.594, 22.279, 21.107, 19.482, 18.714, 18.49, 17.27, 15.921, 16.142, 17.467, 17.65, 17.485, 16.696, 15.579], [3.742, 3.225, 0.0, 2.506, 1.429, 2.92, 3.933, 4.546, 5.891, 9.307, 13.719, 18.771, 20.358, 19.502, 18.999, 19.22, 18.832, 18.689, 19.098, 20.341, 21.036, 20.611, 20.398, 20.818, 21.185, 21.923, 22.849, 23.329, 23.791, 24.175, 25.047, 25.149, 24.672, 24.332, 24.356, 24.136, 21.633, 19.902, 20.366, 22.972, 24.26, 25.535, 27.398, 28.482, 28.124, 26.59, 24.197, 22.036, 20.827, 21.788, 19.89, 15.693, 14.078, 14.937, 19.806, 24.088, 25.872, 25.961, 26.302, 27.599, 28.121, 27.753, 27.201, 26.184, 26.677, 27.126, 25.062, 23.581, 24.178, 24.608, 25.275, 25.385, 24.853, 24.284, 24.121, 24.396, 25.984, 26.929, 26.828, 25.816, 23.047, 20.458, 19.071, 19.982, 20.398, 18.247, 14.779, 13.623, 14.266, 13.563, 12.504, 14.576, 14.301, 12.246, 13.551, 15.153, 14.45, 13.69, 14.017, 14.499, 14.409, 14.088, 14.176, 13.629, 12.699, 11.741, 11.097, 11.641, 11.583, 10.157, 8.89, 8.336, 7.663, 6.731, 6.866, 6.971, 6.619, 6.41, 6.825, 8.367, 10.064, 10.951, 9.576, 8.64, 8.537, 9.162, 9.467, 9.148, 8.597, 7.773, 8.547, 7.236, 6.182, 7.94, 10.257, 10.36, 9.062, 8.115, 8.6, 8.898, 7.663, 8.223, 8.774, 8.006, 6.985, 5.44, 4.847, 5.268, 5.714, 6.52, 6.553, 5.55, 4.94, 6.607, 7.213, 6.634, 6.308, 6.907, 6.966, 6.647, 6.802, 8.833, 9.575, 8.029, 7.497, 6.992, 7.437, 7.467, 6.664, 5.353, 2.928, 2.766, 3.741, 6.178, 7.403, 8.27, 8.011, 7.488, 8.172, 7.713, 7.12, 8.332, 8.333, 8.367, 10.415, 13.578, 16.691, 18.6, 19.488, 20.982, 23.523, 24.605, 25.567, 25.243, 24.112, 22.438, 21.754, 21.62, 20.355, 19.088, 19.297, 20.503, 20.699, 20.492, 19.826, 18.581], [5.367, 4.99, 2.506, 0.0, 2.079, 4.218, 5.095, 5.851, 7.604, 10.838, 15.328, 20.226, 21.8, 20.958, 20.461, 20.793, 20.467, 20.374, 20.84, 22.077, 22.53, 22.067, 21.85, 22.249, 22.681, 23.49, 24.318, 24.769, 25.221, 25.619, 26.48, 26.588, 26.262, 26.055, 26.203, 26.027, 23.298, 21.588, 21.862, 24.384, 25.667, 26.927, 28.823, 29.899, 29.541, 27.981, 25.636, 23.447, 22.247, 23.196, 21.277, 17.078, 15.494, 16.357, 21.386, 25.631, 27.43, 27.418, 27.786, 29.058, 29.637, 29.192, 28.735, 27.891, 28.472, 28.95, 26.952, 25.172, 25.581, 26.009, 26.689, 26.774, 26.24, 25.69, 25.561, 25.844, 27.416, 28.365, 28.255, 27.222, 24.444, 21.843, 20.456, 21.367, 21.799, 19.634, 16.168, 15.023, 15.676, 14.988, 13.998, 16.304, 16.008, 14.138, 15.01, 16.562, 15.835, 15.123, 15.45, 16.141, 15.879, 15.464, 15.551, 15.122, 14.311, 13.496, 12.932, 13.422, 13.089, 11.729, 10.349, 9.768, 9.027, 8.106, 8.022, 7.862, 7.592, 7.326, 8.101, 9.776, 11.497, 12.368, 11.094, 10.284, 9.931, 10.618, 10.854, 10.744, 10.09, 9.221, 9.932, 8.621, 7.575, 9.325, 11.642, 11.745, 10.447, 9.5, 9.992, 10.295, 9.272, 9.834, 10.392, 9.829, 8.622, 6.752, 5.736, 6.551, 7.018, 7.653, 7.938, 6.798, 5.998, 7.818, 8.572, 7.991, 7.662, 8.44, 8.706, 8.419, 8.668, 10.736, 11.351, 9.863, 9.169, 8.597, 8.914, 8.943, 7.984, 6.74, 3.946, 3.379, 4.847, 7.412, 8.79, 9.659, 9.43, 8.871, 9.55, 9.084, 8.505, 9.791, 9.759, 9.777, 11.831, 15.013, 18.146, 20.104, 21.037, 22.436, 24.979, 26.069, 27.023, 26.702, 25.582, 23.963, 23.243, 23.099, 22.084, 20.719, 20.98, 22.175, 22.197, 22.028, 21.367, 20.145], [3.841, 3.435, 1.429, 2.079, 0.0, 2.483, 3.453, 4.234, 5.782, 9.084, 13.608, 18.376, 19.938, 19.15, 18.63, 18.98, 18.682, 18.561, 19.009, 20.311, 20.716, 20.263, 20.004, 20.424, 20.908, 21.707, 22.499, 22.968, 23.427, 23.842, 24.617, 24.746, 24.442, 24.227, 24.465, 24.325, 21.659, 19.809, 19.982, 22.53, 23.813, 25.07, 27.039, 28.107, 27.751, 26.171, 23.825, 21.664, 20.452, 21.336, 19.439, 15.3, 13.695, 14.592, 19.622, 23.856, 25.658, 25.675, 26.059, 27.26, 27.852, 27.416, 26.918, 26.115, 26.703, 27.152, 25.269, 23.386, 23.727, 24.152, 24.848, 24.917, 24.383, 23.872, 23.688, 23.975, 25.557, 26.506, 26.399, 25.368, 22.603, 20.052, 18.67, 19.499, 20.007, 17.776, 14.308, 13.186, 13.887, 13.215, 12.226, 14.484, 14.256, 12.395, 13.253, 14.776, 13.992, 13.286, 13.717, 14.361, 14.142, 13.709, 13.727, 13.34, 12.547, 11.783, 11.251, 11.83, 11.602, 10.135, 8.55, 7.966, 7.203, 6.541, 6.651, 6.789, 6.544, 6.131, 6.394, 7.923, 9.655, 10.534, 9.308, 8.405, 8.15, 8.841, 9.026, 8.909, 8.313, 7.411, 8.101, 6.766, 5.795, 7.484, 9.789, 9.895, 8.595, 7.661, 8.164, 8.512, 7.495, 8.054, 8.617, 8.167, 7.194, 5.527, 4.941, 5.238, 5.63, 6.16, 6.16, 5.27, 4.718, 6.418, 6.999, 6.37, 6.156, 6.921, 7.265, 7.12, 7.297, 9.217, 9.592, 8.231, 7.507, 6.975, 7.347, 7.352, 6.324, 5.165, 2.848, 2.367, 3.428, 5.823, 7.014, 7.862, 7.668, 7.272, 7.959, 7.354, 6.73, 7.978, 8.0, 7.989, 10.042, 13.167, 16.295, 18.287, 19.242, 20.65, 23.177, 24.222, 25.171, 24.848, 23.79, 22.165, 21.441, 21.334, 20.288, 18.92, 19.172, 20.375, 20.428, 20.249, 19.588, 18.347], [3.044, 2.575, 2.92, 4.218, 2.483, 0.0, 1.621, 2.407, 3.903, 7.174, 11.721, 16.114, 17.643, 16.872, 16.4, 16.762, 16.493, 16.363, 16.936, 18.319, 18.471, 18.003, 17.721, 18.112, 18.604, 19.411, 20.224, 20.675, 21.124, 21.561, 22.314, 22.476, 22.195, 22.103, 22.501, 22.343, 19.717, 17.954, 17.811, 20.22, 21.496, 22.752, 24.734, 25.793, 25.447, 23.855, 21.567, 19.478, 18.363, 19.029, 17.115, 12.956, 11.39, 12.43, 17.632, 21.829, 23.514, 23.623, 23.845, 24.956, 25.57, 25.156, 24.829, 24.151, 24.655, 25.077, 23.373, 21.364, 21.43, 21.848, 22.56, 22.606, 22.064, 21.568, 21.378, 21.664, 23.243, 24.192, 24.084, 23.05, 20.287, 17.736, 16.345, 17.18, 17.691, 15.457, 11.988, 10.877, 11.573, 10.91, 10.097, 12.219, 12.193, 10.478, 11.169, 12.524, 11.88, 11.205, 11.414, 12.092, 11.895, 11.477, 11.586, 11.292, 10.627, 9.955, 9.426, 10.157, 10.094, 8.443, 6.546, 5.688, 5.083, 4.707, 4.901, 5.011, 4.703, 4.241, 4.398, 5.61, 7.351, 8.226, 7.096, 6.161, 5.851, 6.543, 6.805, 6.803, 6.141, 5.43, 5.786, 4.433, 3.776, 5.137, 7.454, 7.564, 6.26, 5.358, 5.833, 6.169, 5.237, 5.795, 6.513, 6.511, 5.842, 4.51, 3.951, 3.909, 4.272, 4.589, 4.383, 3.463, 3.181, 4.634, 5.021, 4.512, 4.456, 5.274, 5.754, 5.894, 6.036, 7.572, 7.727, 6.421, 5.435, 4.879, 5.281, 5.257, 4.697, 3.619, 1.664, 1.785, 2.393, 4.018, 5.038, 5.712, 5.563, 5.397, 6.044, 5.474, 4.659, 5.673, 5.715, 5.675, 7.728, 10.856, 13.989, 16.003, 16.98, 18.38, 20.9, 21.941, 22.901, 22.567, 21.526, 19.942, 19.206, 19.093, 18.116, 16.724, 16.929, 18.112, 18.164, 17.964, 17.326, 16.108], [3.114, 3.357, 3.933, 5.095, 3.453, 1.621, 0.0, 1.594, 3.363, 6.679, 11.144, 15.252, 16.77, 16.021, 15.572, 16.018, 15.835, 15.691, 16.281, 17.69, 17.689, 17.207, 16.861, 17.212, 17.711, 18.535, 19.487, 19.826, 20.253, 20.693, 21.431, 21.667, 21.469, 21.51, 21.899, 21.72, 19.103, 17.376, 17.172, 19.344, 20.604, 21.845, 23.842, 24.911, 24.555, 22.953, 20.845, 18.783, 17.709, 18.208, 16.265, 12.171, 10.764, 11.819, 17.025, 21.204, 22.867, 22.973, 23.109, 24.09, 24.706, 24.419, 24.156, 23.557, 24.01, 24.433, 22.786, 20.761, 20.611, 21.004, 21.706, 21.707, 21.166, 20.677, 20.493, 20.771, 22.345, 23.294, 23.182, 22.144, 19.385, 16.844, 15.47, 16.275, 16.789, 14.55, 11.082, 10.01, 10.758, 10.039, 9.413, 11.562, 11.539, 9.9, 10.576, 11.873, 11.272, 10.711, 10.731, 11.554, 11.163, 10.749, 11.002, 10.801, 10.169, 9.52, 8.964, 9.673, 9.623, 7.992, 6.116, 5.007, 4.266, 3.821, 3.956, 3.979, 3.652, 3.127, 3.395, 4.73, 6.478, 7.396, 6.426, 5.524, 5.042, 5.651, 6.086, 6.189, 5.499, 4.893, 4.916, 3.899, 3.61, 4.303, 6.581, 6.764, 5.483, 4.68, 5.083, 5.382, 4.638, 5.246, 6.047, 5.932, 5.095, 3.83, 3.265, 3.186, 3.561, 3.749, 3.616, 2.672, 2.423, 3.829, 4.19, 3.672, 3.655, 4.77, 5.301, 5.456, 5.613, 7.175, 7.265, 6.041, 4.922, 4.272, 4.725, 4.578, 3.921, 2.907, 1.819, 2.302, 1.495, 3.11, 4.311, 4.969, 4.791, 4.525, 5.128, 4.518, 3.806, 4.823, 4.923, 4.788, 6.836, 9.966, 13.116, 15.142, 16.127, 17.512, 20.037, 21.086, 22.033, 21.694, 20.679, 19.268, 18.473, 18.372, 17.407, 16.052, 16.159, 17.267, 17.297, 17.11, 16.47, 15.324], [3.153, 3.409, 4.546, 5.851, 4.234, 2.407, 1.594, 0.0, 3.155, 6.579, 10.311, 14.767, 16.247, 15.44, 15.042, 15.344, 15.028, 14.923, 15.621, 17.007, 17.069, 16.628, 16.338, 16.646, 16.994, 17.717, 18.817, 19.198, 19.634, 20.071, 20.942, 21.139, 20.709, 20.668, 21.081, 20.882, 18.272, 16.462, 16.567, 18.814, 20.1, 21.333, 23.199, 24.195, 23.849, 22.382, 20.199, 18.124, 17.172, 17.687, 15.785, 11.62, 10.206, 11.147, 16.21, 20.551, 22.17, 22.142, 22.405, 23.415, 23.92, 23.746, 23.51, 22.741, 23.278, 23.53, 21.779, 20.007, 20.129, 20.529, 21.189, 21.231, 20.675, 20.09, 19.96, 20.233, 21.813, 22.762, 22.643, 21.614, 18.845, 16.269, 14.9, 15.784, 16.191, 14.04, 10.581, 9.493, 10.125, 9.283, 8.509, 10.78, 10.793, 8.946, 9.831, 11.335, 10.729, 10.213, 10.041, 10.777, 10.452, 10.222, 10.52, 10.027, 9.383, 8.574, 8.028, 8.804, 8.823, 7.141, 5.43, 4.525, 3.876, 3.335, 3.496, 3.5, 3.004, 2.791, 2.947, 4.276, 5.944, 6.868, 5.703, 4.911, 4.429, 4.934, 5.487, 5.497, 4.839, 4.586, 4.727, 4.04, 3.806, 3.914, 6.092, 6.282, 5.01, 4.138, 4.656, 4.811, 3.998, 4.462, 5.152, 4.932, 4.302, 3.183, 2.622, 2.459, 2.74, 3.092, 3.046, 2.419, 1.908, 3.098, 3.613, 2.994, 2.933, 3.925, 4.332, 4.745, 4.763, 6.283, 6.549, 5.137, 4.181, 3.652, 4.199, 4.05, 3.415, 2.581, 2.192, 3.069, 1.979, 2.617, 3.845, 4.561, 4.382, 3.897, 4.615, 4.103, 3.391, 4.229, 4.25, 4.371, 6.235, 9.412, 12.557, 14.512, 15.47, 16.92, 19.438, 20.549, 21.501, 21.178, 20.003, 18.602, 17.746, 17.594, 16.557, 15.137, 15.269, 16.435, 16.513, 16.329, 15.633, 14.518], [2.63, 2.992, 5.891, 7.604, 5.782, 3.903, 3.363, 3.155, 0.0, 3.787, 8.048, 12.957, 14.492, 13.657, 13.19, 13.398, 13.096, 12.953, 13.295, 14.625, 15.184, 14.77, 14.547, 14.953, 15.386, 16.132, 17.019, 17.501, 17.965, 18.34, 19.177, 19.282, 18.867, 18.583, 18.745, 18.579, 16.063, 14.285, 14.503, 17.123, 18.393, 19.661, 21.56, 22.65, 22.289, 20.718, 18.325, 16.209, 15.036, 15.911, 14.051, 9.936, 8.443, 9.175, 14.072, 18.321, 20.104, 20.272, 20.544, 21.77, 22.29, 21.921, 21.388, 20.491, 20.958, 21.432, 19.575, 17.868, 18.315, 18.738, 19.405, 19.508, 18.975, 18.405, 18.25, 18.53, 20.118, 21.071, 20.962, 19.946, 17.174, 14.602, 13.227, 14.097, 14.554, 12.368, 8.906, 7.757, 8.433, 7.737, 6.825, 8.829, 8.575, 6.708, 8.117, 9.508, 8.819, 8.102, 8.381, 8.948, 8.985, 8.613, 8.68, 8.074, 7.203, 6.501, 5.781, 6.476, 6.646, 5.028, 3.511, 3.083, 3.085, 3.149, 3.601, 3.449, 3.5, 3.702, 3.394, 2.875, 4.247, 5.091, 3.784, 2.834, 2.868, 3.646, 3.657, 3.441, 2.981, 2.505, 3.299, 2.687, 2.094, 3.024, 4.413, 4.549, 3.272, 2.529, 2.865, 3.16, 2.14, 2.706, 3.332, 3.281, 3.465, 2.749, 3.074, 2.558, 2.769, 2.876, 2.566, 2.337, 2.648, 3.048, 3.277, 3.56, 3.04, 2.653, 2.574, 2.666, 2.575, 4.132, 4.297, 3.056, 2.852, 2.395, 2.791, 2.816, 2.876, 2.645, 3.96, 4.988, 4.448, 3.438, 3.061, 3.294, 3.355, 3.818, 3.979, 3.69, 3.361, 2.814, 2.718, 3.048, 4.596, 7.721, 10.829, 12.746, 13.649, 15.15, 17.686, 18.763, 19.729, 19.396, 18.317, 16.659, 15.976, 15.842, 14.57, 13.37, 13.535, 14.738, 14.883, 14.703, 14.043, 12.804], [5.833, 6.369, 9.307, 10.838, 9.084, 7.174, 6.679, 6.579, 3.787, 0.0, 4.657, 9.526, 11.083, 10.235, 9.738, 10.01, 9.681, 9.568, 10.04, 11.338, 11.756, 11.352, 11.133, 11.546, 11.975, 12.752, 13.622, 14.088, 14.551, 14.947, 15.778, 15.889, 15.493, 15.256, 15.488, 15.343, 12.685, 11.015, 11.336, 13.835, 15.003, 16.268, 18.19, 19.269, 18.927, 17.344, 14.986, 12.942, 11.765, 12.618, 10.769, 7.132, 5.882, 6.136, 10.653, 14.944, 16.678, 16.781, 17.066, 18.354, 18.89, 18.512, 17.974, 17.145, 17.733, 18.178, 16.297, 14.425, 14.914, 15.34, 16.005, 16.124, 15.601, 15.024, 14.85, 15.128, 16.718, 17.678, 17.558, 16.551, 13.801, 11.388, 10.063, 10.767, 11.191, 9.163, 6.063, 5.002, 5.414, 5.02, 4.317, 5.972, 5.723, 4.877, 6.104, 7.446, 6.735, 6.177, 6.375, 6.816, 6.644, 6.205, 6.256, 5.441, 4.709, 4.214, 3.323, 3.802, 3.921, 2.825, 3.063, 4.36, 5.583, 6.328, 6.493, 6.284, 6.569, 6.929, 6.568, 5.063, 3.762, 2.779, 3.123, 4.378, 4.387, 3.798, 3.016, 2.8, 2.671, 2.358, 3.002, 3.797, 3.723, 4.391, 4.166, 4.058, 4.356, 4.087, 3.517, 3.556, 3.666, 3.546, 4.121, 4.629, 5.401, 5.709, 6.448, 5.796, 5.77, 5.336, 5.112, 5.63, 5.927, 6.067, 6.189, 6.838, 6.349, 5.067, 4.499, 3.913, 4.049, 4.066, 3.333, 3.855, 4.899, 4.673, 4.224, 4.544, 5.709, 5.99, 7.182, 8.254, 7.74, 6.785, 5.635, 5.282, 6.085, 6.911, 6.521, 6.805, 6.305, 4.618, 3.535, 3.486, 2.641, 4.374, 7.428, 9.336, 10.238, 11.725, 14.258, 15.347, 16.295, 15.985, 14.876, 13.25, 12.516, 12.397, 11.284, 9.922, 10.183, 11.395, 11.488, 11.332, 10.657, 9.415], [10.325, 10.779, 13.719, 15.328, 13.608, 11.721, 11.144, 10.311, 8.048, 4.657, 0.0, 5.26, 6.974, 6.097, 5.611, 5.76, 5.329, 5.185, 5.617, 6.831, 7.472, 7.105, 6.873, 7.303, 7.822, 8.618, 9.532, 9.937, 10.414, 10.79, 11.592, 11.688, 11.246, 10.904, 10.935, 10.946, 8.782, 6.986, 7.636, 10.034, 11.001, 12.26, 14.111, 15.135, 14.855, 13.346, 11.012, 9.04, 8.12, 9.013, 7.416, 4.898, 4.445, 3.528, 6.765, 10.501, 12.303, 12.416, 12.746, 14.017, 14.556, 14.292, 13.728, 12.904, 13.491, 13.905, 11.99, 10.218, 10.846, 11.187, 11.832, 11.978, 11.613, 10.984, 10.642, 10.879, 12.469, 13.434, 13.299, 12.345, 9.934, 8.118, 7.417, 7.882, 7.885, 6.127, 4.11, 3.4, 3.249, 3.703, 3.32, 3.678, 3.295, 3.572, 4.668, 5.751, 5.536, 5.385, 5.094, 5.282, 5.167, 5.027, 4.415, 3.411, 2.863, 2.998, 2.882, 2.72, 2.844, 3.839, 5.535, 6.84, 7.913, 8.943, 9.252, 9.077, 9.322, 10.244, 9.286, 7.354, 6.016, 5.144, 5.876, 6.893, 7.061, 6.571, 5.53, 5.394, 6.147, 6.395, 6.694, 7.811, 8.136, 7.395, 6.617, 6.205, 6.806, 6.97, 6.635, 6.265, 7.016, 6.391, 6.095, 6.615, 7.491, 8.818, 10.094, 9.049, 8.697, 8.269, 8.233, 9.296, 9.929, 8.533, 8.493, 9.296, 8.975, 7.498, 7.291, 7.592, 7.49, 5.887, 4.987, 6.281, 7.682, 8.083, 7.665, 7.751, 8.537, 9.461, 11.618, 12.81, 11.579, 9.476, 8.018, 7.673, 8.591, 9.294, 8.794, 9.246, 8.554, 7.2, 6.541, 6.883, 5.054, 3.237, 3.811, 5.217, 6.053, 7.498, 9.947, 11.052, 11.994, 11.685, 10.509, 8.834, 8.199, 8.042, 6.811, 5.762, 6.024, 7.167, 7.284, 7.159, 6.465, 5.152], [15.254, 15.806, 18.771, 20.226, 18.376, 16.114, 15.252, 14.767, 12.957, 9.526, 5.26, 0.0, 1.998, 1.512, 1.409, 1.448, 1.337, 1.661, 1.7, 2.699, 2.634, 2.428, 2.296, 2.562, 2.893, 3.76, 4.931, 5.163, 5.43, 5.886, 6.53, 6.792, 6.693, 6.802, 7.014, 7.103, 5.038, 4.522, 4.311, 5.148, 6.009, 7.259, 9.204, 10.159, 9.91, 8.345, 6.438, 4.745, 4.064, 4.26, 2.946, 3.872, 5.236, 4.256, 2.978, 6.385, 7.862, 8.102, 8.064, 8.97, 9.667, 9.589, 9.319, 9.058, 9.423, 9.777, 8.318, 6.248, 6.03, 6.318, 6.906, 6.959, 6.671, 6.083, 5.546, 5.735, 7.355, 8.348, 8.193, 7.232, 5.095, 4.848, 4.469, 4.307, 3.471, 2.541, 5.013, 5.625, 4.926, 5.702, 6.534, 4.581, 4.674, 6.887, 5.639, 4.374, 4.982, 6.041, 5.57, 5.093, 5.129, 5.442, 5.441, 5.31, 6.144, 7.251, 7.771, 7.232, 7.299, 8.742, 10.004, 10.738, 11.472, 12.623, 12.839, 12.88, 13.126, 13.571, 12.559, 10.822, 9.008, 8.279, 9.479, 10.477, 10.529, 10.087, 9.481, 9.737, 10.509, 11.168, 10.603, 11.849, 12.713, 11.125, 9.297, 8.735, 10.024, 10.982, 10.352, 10.107, 11.287, 10.757, 10.184, 10.945, 11.976, 13.595, 15.042, 13.998, 13.602, 12.688, 12.462, 13.555, 14.458, 12.739, 11.868, 12.592, 12.936, 12.263, 12.199, 12.679, 12.578, 10.576, 9.366, 10.975, 11.716, 12.165, 11.761, 11.682, 12.466, 13.674, 16.433, 17.358, 15.661, 13.003, 11.753, 11.203, 11.825, 12.161, 11.24, 12.152, 11.94, 10.746, 10.697, 10.871, 8.83, 5.928, 3.616, 1.749, 1.654, 2.591, 4.845, 5.915, 6.856, 6.585, 5.578, 4.374, 3.54, 3.342, 2.444, 1.711, 1.61, 2.386, 2.605, 2.376, 2.256, 1.609], [16.82, 17.376, 20.358, 21.8, 19.938, 17.643, 16.77, 16.247, 14.492, 11.083, 6.974, 1.998, 0.0, 1.351, 1.723, 2.03, 2.505, 2.669, 2.518, 2.325, 1.527, 1.82, 1.977, 2.096, 2.093, 2.44, 3.872, 4.018, 4.268, 4.75, 5.54, 5.651, 5.632, 5.905, 6.281, 6.196, 4.294, 4.706, 4.274, 3.754, 4.674, 5.826, 7.78, 8.696, 8.437, 6.867, 5.512, 3.817, 3.015, 3.05, 2.269, 4.842, 6.474, 5.583, 2.621, 5.512, 6.921, 7.298, 7.166, 7.659, 8.411, 8.562, 8.283, 8.293, 8.516, 8.853, 7.511, 5.384, 4.875, 4.969, 5.572, 5.61, 5.103, 4.612, 4.09, 4.301, 5.81, 6.721, 6.588, 5.645, 3.509, 3.924, 3.7, 3.24, 2.254, 2.621, 5.841, 6.927, 6.292, 7.042, 8.013, 5.91, 6.131, 8.454, 7.002, 5.462, 6.036, 7.006, 6.733, 6.164, 6.299, 6.521, 6.533, 6.806, 7.701, 8.822, 9.338, 8.836, 8.875, 10.327, 11.539, 12.184, 12.852, 13.943, 14.132, 14.225, 14.509, 14.716, 13.866, 12.133, 10.389, 9.56, 10.857, 11.87, 11.946, 11.385, 10.987, 11.248, 12.019, 12.706, 11.97, 13.252, 14.262, 12.56, 10.386, 10.145, 11.441, 12.374, 11.875, 11.559, 12.777, 12.268, 11.715, 12.554, 13.575, 15.15, 16.62, 15.561, 15.158, 14.221, 13.924, 15.085, 15.962, 14.202, 13.346, 14.023, 14.417, 13.799, 13.785, 14.274, 14.187, 12.12, 10.836, 12.547, 13.132, 13.618, 13.2, 13.093, 13.925, 15.159, 17.982, 18.863, 17.07, 14.493, 13.115, 12.432, 12.75, 13.175, 12.428, 13.113, 13.375, 12.148, 12.136, 12.161, 10.107, 6.974, 4.254, 2.377, 1.719, 1.61, 3.414, 4.411, 5.405, 5.062, 4.356, 3.935, 2.975, 2.374, 2.062, 2.417, 2.181, 1.755, 2.476, 1.847, 1.973, 2.925], [15.984, 16.532, 19.502, 20.958, 19.15, 16.872, 16.021, 15.44, 13.657, 10.235, 6.097, 1.512, 1.351, 0.0, 1.008, 1.526, 1.911, 2.421, 2.586, 2.652, 2.112, 1.617, 1.621, 2.038, 2.246, 3.177, 4.383, 4.647, 4.907, 5.377, 6.29, 6.232, 6.225, 6.569, 6.883, 6.863, 4.853, 5.05, 4.642, 4.458, 5.409, 6.604, 8.533, 9.471, 9.224, 7.674, 6.14, 4.461, 3.688, 3.707, 2.217, 4.087, 5.71, 4.792, 3.052, 6.187, 7.535, 7.922, 7.751, 8.312, 9.055, 9.106, 8.868, 8.94, 9.163, 9.508, 8.175, 6.048, 5.704, 5.826, 6.294, 6.323, 5.955, 5.322, 4.876, 5.162, 6.738, 7.72, 7.579, 6.593, 4.219, 3.618, 3.344, 3.184, 2.452, 2.335, 5.386, 6.074, 5.505, 6.261, 7.205, 5.049, 5.306, 7.587, 6.205, 4.69, 5.368, 6.365, 5.974, 5.25, 5.493, 5.844, 5.7, 5.995, 6.852, 7.964, 8.48, 7.97, 8.024, 9.486, 10.695, 11.41, 12.164, 13.334, 13.53, 13.515, 13.733, 14.155, 13.168, 11.44, 9.631, 8.686, 10.019, 11.018, 11.144, 10.648, 10.164, 10.402, 11.198, 11.872, 11.247, 12.567, 13.471, 11.839, 9.809, 9.42, 10.729, 11.703, 11.121, 10.801, 11.964, 11.459, 10.883, 11.687, 12.715, 14.316, 15.814, 14.724, 14.317, 13.38, 13.143, 14.303, 15.165, 13.408, 12.553, 13.26, 13.614, 12.976, 12.924, 13.405, 13.318, 11.235, 9.986, 11.695, 12.315, 12.842, 12.437, 12.331, 13.162, 14.411, 17.147, 18.052, 16.307, 13.72, 12.463, 11.866, 12.337, 12.436, 11.586, 12.405, 12.669, 11.377, 11.332, 11.474, 9.432, 6.362, 3.509, 1.593, 1.231, 1.968, 4.079, 5.237, 6.179, 5.864, 4.892, 4.268, 3.361, 2.763, 2.224, 2.251, 2.232, 1.991, 2.75, 2.024, 1.834, 2.42], [15.52, 16.038, 18.999, 20.461, 18.63, 16.4, 15.572, 15.042, 13.19, 9.738, 5.611, 1.409, 1.723, 1.008, 0.0, 1.382, 1.666, 2.207, 2.358, 2.744, 2.408, 2.114, 2.088, 2.45, 2.774, 3.729, 4.831, 5.011, 5.369, 5.721, 6.522, 6.685, 6.56, 6.647, 6.858, 6.986, 4.969, 5.167, 4.745, 4.963, 5.957, 7.208, 9.112, 10.077, 9.81, 8.274, 6.323, 4.549, 3.804, 4.039, 2.437, 3.809, 5.278, 4.327, 3.097, 6.215, 7.632, 7.888, 7.825, 8.79, 9.508, 9.387, 9.169, 8.945, 9.292, 9.647, 8.197, 6.128, 5.835, 6.096, 6.713, 6.761, 6.474, 5.9, 5.419, 5.647, 7.303, 8.309, 8.149, 7.145, 4.863, 4.066, 3.648, 3.524, 2.932, 2.327, 5.214, 5.87, 5.137, 5.891, 6.773, 4.734, 4.93, 7.129, 5.837, 4.395, 4.865, 5.834, 5.484, 5.074, 5.344, 5.575, 5.467, 5.56, 6.393, 7.526, 8.01, 7.475, 7.54, 8.991, 10.26, 11.01, 11.767, 12.952, 13.147, 13.143, 13.364, 13.895, 12.855, 11.188, 9.345, 8.452, 9.693, 10.675, 10.792, 10.396, 9.744, 9.996, 10.756, 11.432, 10.896, 12.095, 12.956, 11.413, 9.59, 9.009, 10.327, 11.234, 10.638, 10.431, 11.561, 11.027, 10.456, 11.215, 12.213, 13.819, 15.269, 14.251, 13.851, 12.956, 12.705, 13.841, 14.734, 12.988, 12.165, 12.843, 13.216, 12.529, 12.439, 12.92, 12.82, 10.794, 9.55, 11.247, 11.966, 12.453, 12.036, 11.919, 12.682, 13.968, 16.68, 17.591, 15.923, 13.295, 12.032, 11.561, 12.151, 12.376, 11.506, 12.381, 12.289, 11.03, 10.925, 11.168, 9.153, 6.22, 3.594, 1.563, 1.39, 2.307, 4.624, 5.673, 6.628, 6.358, 5.385, 4.326, 3.438, 3.112, 2.41, 2.074, 2.132, 2.464, 3.06, 2.297, 2.12, 2.401], [15.767, 16.276, 19.22, 20.793, 18.98, 16.762, 16.018, 15.344, 13.398, 10.01, 5.76, 1.448, 2.03, 1.526, 1.382, 0.0, 1.127, 1.755, 1.883, 2.277, 2.189, 1.961, 2.121, 2.5, 2.817, 3.464, 4.526, 4.86, 5.242, 5.565, 6.404, 6.444, 6.206, 6.174, 6.387, 6.536, 4.662, 4.667, 4.52, 4.944, 5.931, 7.192, 9.047, 10.0, 9.715, 8.209, 6.08, 4.481, 3.724, 3.987, 2.786, 4.364, 5.725, 4.592, 2.546, 5.871, 7.159, 7.523, 7.52, 8.599, 9.194, 9.094, 8.821, 8.528, 8.827, 9.187, 7.756, 5.771, 5.755, 6.08, 6.674, 6.712, 6.474, 5.851, 5.374, 5.59, 7.275, 8.285, 8.118, 7.109, 4.919, 4.535, 4.399, 4.056, 3.464, 2.923, 5.807, 6.372, 5.652, 6.408, 7.134, 4.891, 5.124, 7.324, 6.18, 4.575, 5.454, 6.239, 5.858, 5.362, 5.776, 6.055, 5.867, 5.855, 6.639, 7.76, 8.23, 7.676, 7.842, 9.252, 10.573, 11.534, 12.341, 13.496, 13.688, 13.651, 13.835, 14.477, 13.31, 11.678, 9.86, 8.894, 9.983, 10.916, 11.176, 10.809, 10.143, 10.227, 11.066, 11.756, 11.415, 12.643, 13.346, 11.958, 10.161, 9.527, 10.804, 11.743, 11.09, 10.832, 11.794, 11.229, 10.706, 11.422, 12.438, 14.14, 15.564, 14.474, 14.084, 13.356, 13.197, 14.25, 15.151, 13.43, 12.508, 13.279, 13.533, 12.808, 12.69, 13.157, 13.024, 10.947, 9.753, 11.45, 12.171, 12.687, 12.354, 12.304, 13.202, 14.367, 16.982, 18.027, 16.407, 13.665, 12.55, 12.131, 12.722, 12.939, 12.006, 12.983, 12.807, 11.491, 11.388, 11.689, 9.673, 6.774, 4.141, 1.945, 1.268, 2.171, 4.461, 5.543, 6.523, 6.207, 5.158, 3.954, 3.173, 2.791, 1.883, 1.598, 1.815, 2.145, 2.698, 2.32, 1.987, 1.929], [15.327, 15.878, 18.832, 20.467, 18.682, 16.493, 15.835, 15.028, 13.096, 9.681, 5.329, 1.337, 2.505, 1.911, 1.666, 1.127, 0.0, 1.162, 1.529, 2.421, 2.726, 2.588, 2.774, 2.939, 3.218, 3.928, 5.02, 5.427, 5.731, 6.076, 6.91, 6.988, 6.635, 6.378, 6.604, 6.814, 4.864, 4.597, 4.537, 5.627, 6.571, 7.837, 9.59, 10.492, 10.196, 8.78, 6.599, 4.82, 4.121, 4.601, 3.303, 4.381, 5.535, 4.349, 2.763, 6.216, 7.576, 7.76, 7.881, 8.98, 9.626, 9.499, 9.227, 8.745, 9.122, 9.48, 7.955, 6.112, 6.384, 6.756, 7.343, 7.391, 7.17, 6.534, 6.012, 6.172, 7.868, 8.896, 8.704, 7.73, 5.538, 5.211, 4.94, 4.758, 3.863, 3.233, 5.725, 6.294, 5.389, 6.14, 6.793, 4.616, 4.759, 6.944, 5.905, 4.6, 5.37, 6.126, 5.714, 5.114, 5.634, 5.968, 5.752, 5.439, 6.314, 7.322, 7.809, 7.35, 7.496, 8.887, 10.291, 11.347, 12.179, 13.306, 13.519, 13.478, 13.585, 14.379, 13.225, 11.561, 9.74, 8.826, 9.738, 10.791, 11.018, 10.598, 9.924, 9.943, 10.721, 11.37, 11.23, 12.454, 13.093, 11.778, 10.087, 9.39, 10.668, 11.52, 10.871, 10.64, 11.403, 10.948, 10.263, 11.005, 12.126, 13.814, 15.276, 14.093, 13.685, 13.115, 12.979, 14.032, 14.845, 13.124, 12.264, 12.953, 13.238, 12.413, 12.26, 12.691, 12.597, 10.59, 9.362, 11.028, 11.823, 12.331, 12.02, 12.069, 12.958, 14.073, 16.642, 17.778, 16.207, 13.475, 12.334, 11.987, 12.631, 12.783, 11.877, 12.915, 12.647, 11.294, 11.157, 11.472, 9.46, 6.717, 4.108, 1.982, 1.522, 2.581, 4.996, 6.095, 7.081, 6.806, 5.684, 4.292, 3.463, 3.203, 2.147, 1.582, 1.814, 2.466, 2.885, 2.775, 2.451, 1.829], [15.251, 15.742, 18.689, 20.374, 18.561, 16.363, 15.691, 14.923, 12.953, 9.568, 5.185, 1.661, 2.669, 2.421, 2.207, 1.755, 1.162, 0.0, 1.36, 2.552, 2.824, 2.982, 3.202, 3.457, 3.535, 4.035, 5.126, 5.535, 5.851, 6.149, 7.064, 7.078, 6.726, 6.578, 6.79, 7.001, 5.03, 4.576, 4.467, 5.696, 6.654, 7.92, 9.685, 10.609, 10.317, 8.863, 6.688, 4.977, 4.36, 4.704, 3.965, 4.623, 5.588, 4.424, 2.994, 6.408, 7.649, 7.984, 7.986, 9.066, 9.706, 9.616, 9.316, 8.921, 9.275, 9.612, 8.153, 6.299, 6.504, 6.82, 7.421, 7.462, 7.242, 6.607, 6.087, 6.26, 7.964, 8.991, 8.79, 7.804, 5.75, 5.869, 5.461, 5.468, 4.395, 3.864, 5.51, 6.057, 5.246, 6.003, 6.682, 4.504, 4.592, 6.779, 5.997, 5.002, 5.728, 6.53, 6.018, 5.215, 5.614, 5.926, 5.562, 5.351, 6.162, 7.211, 7.698, 7.193, 7.379, 8.778, 10.182, 11.207, 11.984, 13.159, 13.336, 13.306, 13.438, 14.134, 12.981, 11.314, 9.491, 8.595, 9.498, 10.474, 10.786, 10.401, 9.781, 9.746, 10.63, 11.303, 11.082, 12.304, 12.98, 11.619, 9.84, 9.177, 10.464, 11.375, 10.72, 10.468, 11.288, 10.759, 10.18, 10.905, 11.982, 13.722, 15.139, 13.967, 13.551, 12.983, 12.845, 13.889, 14.75, 13.026, 12.119, 12.854, 13.108, 12.298, 12.166, 12.627, 12.487, 10.446, 9.232, 10.913, 11.641, 12.215, 11.852, 11.863, 12.833, 13.914, 16.534, 17.666, 16.065, 13.311, 12.186, 11.765, 12.385, 12.572, 11.634, 12.671, 12.448, 11.129, 11.015, 11.304, 9.279, 6.472, 3.933, 2.391, 2.116, 2.834, 5.14, 6.247, 7.241, 6.944, 5.855, 4.401, 3.706, 3.551, 2.328, 1.813, 1.737, 2.529, 2.858, 2.857, 2.82, 1.875], [15.775, 16.223, 19.098, 20.84, 19.009, 16.936, 16.281, 15.621, 13.295, 10.04, 5.617, 1.7, 2.518, 2.586, 2.358, 1.883, 1.529, 1.36, 0.0, 1.787, 2.426, 2.988, 3.262, 3.442, 3.425, 3.719, 4.698, 5.107, 5.433, 5.755, 6.585, 6.612, 6.298, 6.075, 6.108, 6.24, 4.411, 3.666, 3.736, 5.215, 6.151, 7.409, 9.237, 10.19, 9.904, 8.384, 6.142, 4.478, 3.906, 4.252, 4.006, 5.012, 6.071, 4.99, 2.58, 5.731, 7.196, 7.537, 7.574, 8.735, 9.371, 9.23, 8.734, 8.288, 8.564, 8.962, 7.417, 5.722, 6.002, 6.339, 6.913, 6.974, 6.766, 6.126, 5.593, 5.769, 7.454, 8.47, 8.299, 7.326, 5.603, 6.053, 5.734, 5.481, 4.31, 3.75, 6.136, 6.648, 5.885, 6.692, 7.328, 5.058, 5.085, 7.182, 6.479, 5.18, 5.866, 6.789, 6.487, 5.675, 6.1, 6.608, 6.228, 5.878, 6.599, 7.683, 8.126, 7.598, 7.831, 9.268, 10.706, 11.796, 12.597, 13.753, 13.935, 13.919, 14.102, 14.731, 13.553, 11.93, 10.112, 9.215, 10.117, 10.969, 11.434, 11.076, 10.346, 10.209, 11.217, 11.805, 11.679, 12.895, 13.492, 12.213, 10.442, 9.761, 11.035, 11.936, 11.299, 11.099, 11.905, 11.402, 10.788, 11.338, 12.363, 14.19, 15.557, 14.484, 14.088, 13.574, 13.421, 14.465, 15.359, 13.653, 12.805, 13.487, 13.722, 12.79, 12.634, 13.069, 12.902, 10.82, 9.642, 11.378, 12.289, 12.909, 12.533, 12.557, 13.331, 14.359, 17.047, 18.176, 16.667, 13.91, 12.772, 12.383, 12.984, 13.246, 12.318, 13.281, 13.06, 11.723, 11.661, 11.968, 9.947, 7.072, 4.668, 2.691, 2.241, 2.725, 4.761, 5.834, 6.806, 6.577, 5.534, 4.146, 3.53, 3.276, 2.031, 1.853, 1.634, 2.489, 2.784, 2.973, 2.964, 2.215], [17.066, 17.491, 20.341, 22.077, 20.311, 18.319, 17.69, 17.007, 14.625, 11.338, 6.831, 2.699, 2.325, 2.652, 2.744, 2.277, 2.421, 2.552, 1.787, 0.0, 1.6, 2.793, 3.23, 3.423, 3.028, 2.672, 3.402, 3.873, 4.123, 4.431, 5.225, 5.294, 4.959, 4.691, 4.682, 4.73, 3.203, 3.224, 3.31, 4.014, 4.882, 6.12, 7.89, 8.842, 8.56, 7.04, 4.898, 3.251, 2.619, 3.147, 3.661, 5.926, 7.185, 6.098, 1.685, 4.191, 5.791, 6.151, 6.247, 7.464, 8.024, 7.875, 7.358, 6.804, 7.043, 7.524, 5.94, 4.362, 4.761, 5.1, 5.655, 5.726, 5.545, 4.903, 4.339, 4.432, 6.117, 7.154, 6.962, 6.06, 4.678, 5.684, 5.62, 4.947, 3.578, 4.089, 7.423, 8.002, 7.24, 8.031, 8.673, 6.399, 6.405, 8.503, 7.671, 6.071, 6.751, 7.555, 7.529, 6.759, 7.379, 7.816, 7.299, 7.223, 7.863, 8.934, 9.378, 8.786, 9.056, 10.476, 12.053, 13.203, 14.036, 15.158, 15.365, 15.33, 15.525, 16.18, 14.985, 13.392, 11.558, 10.497, 11.468, 12.323, 12.852, 12.484, 11.688, 11.558, 12.56, 13.122, 13.093, 14.309, 14.828, 13.631, 11.862, 11.168, 12.446, 13.311, 12.702, 12.501, 13.293, 12.791, 12.146, 12.552, 13.551, 15.447, 16.819, 15.775, 15.374, 14.912, 14.775, 15.838, 16.678, 15.014, 14.187, 14.844, 15.069, 14.074, 13.843, 14.274, 14.128, 12.082, 10.878, 12.615, 13.714, 14.33, 13.958, 13.994, 14.674, 15.657, 18.329, 19.485, 18.059, 15.324, 14.14, 13.828, 14.431, 14.54, 13.63, 14.598, 14.502, 13.143, 13.051, 13.383, 11.368, 8.437, 5.729, 3.579, 2.43, 2.084, 3.523, 4.574, 5.609, 5.273, 4.188, 3.172, 2.438, 2.313, 1.951, 2.518, 2.415, 2.34, 3.023, 2.942, 3.049, 3.101], [17.55, 18.074, 21.036, 22.53, 20.716, 18.471, 17.689, 17.069, 15.184, 11.756, 7.472, 2.634, 1.527, 2.112, 2.408, 2.189, 2.726, 2.824, 2.426, 1.6, 0.0, 1.509, 2.201, 2.238, 1.838, 1.628, 2.692, 2.928, 3.23, 3.653, 4.589, 4.491, 4.28, 4.579, 4.999, 4.884, 3.374, 4.228, 3.949, 3.285, 4.055, 5.153, 7.002, 7.969, 7.697, 6.215, 4.397, 3.042, 2.346, 2.303, 2.559, 5.691, 7.194, 6.274, 2.068, 4.287, 5.645, 6.045, 5.957, 6.699, 7.231, 7.272, 6.965, 7.008, 7.161, 7.508, 6.188, 4.201, 4.137, 4.258, 4.716, 4.743, 4.563, 3.859, 3.328, 3.571, 5.219, 6.241, 6.07, 5.065, 3.629, 4.479, 4.326, 3.72, 2.714, 3.85, 7.192, 7.904, 7.273, 7.973, 8.859, 6.612, 6.825, 9.133, 7.878, 6.108, 6.933, 7.675, 7.363, 6.786, 7.133, 7.548, 7.138, 7.551, 8.405, 9.539, 10.009, 9.494, 9.6, 11.036, 12.321, 13.202, 13.9, 15.134, 15.334, 15.268, 15.472, 15.971, 14.857, 13.184, 11.361, 10.349, 11.595, 12.554, 12.736, 12.317, 11.846, 11.961, 12.787, 13.493, 13.026, 14.303, 15.069, 13.605, 11.638, 11.156, 12.427, 13.437, 12.762, 12.45, 13.523, 13.02, 12.446, 13.213, 14.231, 15.891, 17.331, 16.273, 15.865, 15.092, 14.91, 15.947, 16.895, 15.155, 14.19, 14.957, 15.25, 14.535, 14.453, 14.946, 14.843, 12.769, 11.513, 13.231, 13.891, 14.384, 13.982, 13.947, 14.898, 16.013, 18.711, 19.765, 18.099, 15.334, 14.232, 13.695, 14.198, 14.323, 13.397, 14.313, 14.362, 13.139, 13.091, 13.282, 11.283, 8.192, 5.352, 3.257, 2.285, 1.564, 2.772, 3.818, 4.722, 4.411, 3.462, 2.849, 1.994, 1.476, 1.703, 2.449, 2.258, 1.858, 2.221, 1.827, 1.999, 2.963], [17.102, 17.647, 20.611, 22.067, 20.263, 18.003, 17.207, 16.628, 14.77, 11.352, 7.105, 2.428, 1.82, 1.617, 2.114, 1.961, 2.588, 2.982, 2.988, 2.793, 1.509, 0.0, 1.176, 1.431, 1.338, 2.095, 3.116, 3.492, 3.878, 4.337, 5.38, 4.937, 4.885, 5.467, 5.942, 5.721, 4.501, 5.362, 4.943, 4.216, 4.595, 5.583, 7.429, 8.327, 8.048, 6.784, 5.273, 4.09, 3.001, 2.792, 1.984, 5.199, 6.752, 5.787, 3.11, 5.114, 6.555, 7.062, 6.924, 7.302, 7.853, 7.937, 7.652, 7.994, 7.943, 8.265, 7.035, 5.059, 4.924, 4.92, 5.25, 5.311, 5.077, 4.454, 3.855, 4.175, 5.613, 6.626, 6.452, 5.428, 3.345, 3.222, 3.008, 2.759, 2.675, 3.424, 6.612, 7.403, 6.757, 7.496, 8.403, 6.188, 6.385, 8.711, 7.469, 5.745, 6.451, 7.125, 6.852, 6.293, 6.627, 7.015, 6.621, 7.111, 7.973, 9.075, 9.578, 9.07, 9.126, 10.588, 11.823, 12.733, 13.44, 14.676, 14.859, 14.785, 15.02, 15.457, 14.268, 12.66, 10.895, 9.84, 11.127, 12.14, 12.251, 11.856, 11.36, 11.532, 12.358, 13.001, 12.566, 13.817, 14.622, 13.138, 11.061, 10.658, 11.915, 12.953, 12.294, 11.951, 13.095, 12.594, 12.014, 12.787, 13.812, 15.441, 16.919, 15.842, 15.439, 14.58, 14.43, 15.483, 16.376, 14.642, 13.746, 14.443, 14.747, 14.09, 14.025, 14.5, 14.409, 12.35, 11.097, 12.796, 13.444, 13.959, 13.522, 13.492, 14.409, 15.534, 18.271, 19.261, 17.616, 14.863, 13.759, 13.215, 13.604, 13.739, 12.849, 13.65, 13.882, 12.729, 12.626, 12.772, 10.788, 7.68, 4.646, 2.722, 1.982, 2.124, 3.078, 4.318, 5.185, 4.818, 3.956, 3.646, 2.721, 1.81, 2.215, 2.658, 2.525, 2.09, 2.329, 1.524, 1.594, 2.822], [16.863, 17.422, 20.398, 21.85, 20.004, 17.721, 16.861, 16.338, 14.547, 11.133, 6.873, 2.296, 1.977, 1.621, 2.088, 2.121, 2.774, 3.202, 3.262, 3.23, 2.201, 1.176, 0.0, 1.041, 1.472, 2.705, 3.774, 4.102, 4.387, 4.86, 5.922, 5.606, 5.572, 6.271, 6.806, 6.52, 5.234, 5.772, 5.475, 4.632, 4.853, 5.99, 7.818, 8.611, 8.303, 7.272, 6.099, 4.858, 3.726, 3.54, 2.454, 4.825, 6.433, 5.56, 3.424, 5.785, 7.413, 7.883, 7.738, 7.76, 8.352, 8.559, 8.336, 8.866, 8.733, 8.936, 7.849, 5.873, 5.545, 5.418, 5.684, 5.891, 5.496, 4.976, 4.291, 4.604, 5.871, 6.817, 6.623, 5.594, 3.587, 3.001, 2.929, 2.792, 3.108, 3.105, 6.014, 6.919, 6.336, 7.124, 8.084, 5.909, 6.139, 8.5, 7.068, 5.497, 6.071, 6.847, 6.537, 6.001, 6.264, 6.553, 6.326, 6.854, 7.759, 8.871, 9.381, 8.881, 8.927, 10.389, 11.587, 12.285, 12.967, 14.165, 14.359, 14.315, 14.607, 14.907, 13.906, 12.211, 10.461, 9.522, 10.876, 11.863, 11.959, 11.442, 11.046, 11.3, 12.057, 12.762, 12.082, 13.353, 14.322, 12.676, 10.519, 10.239, 11.534, 12.515, 11.964, 11.63, 12.827, 12.33, 11.771, 12.599, 13.618, 15.197, 16.677, 15.612, 15.207, 14.275, 13.987, 15.163, 16.032, 14.286, 13.43, 14.113, 14.504, 13.847, 13.829, 14.318, 14.233, 12.16, 10.883, 12.594, 13.176, 13.691, 13.236, 13.16, 14.007, 15.256, 18.024, 18.911, 17.158, 14.557, 13.286, 12.687, 13.003, 13.246, 12.41, 13.065, 13.45, 12.271, 12.24, 12.278, 10.293, 7.125, 4.06, 2.394, 2.167, 2.323, 3.365, 4.652, 5.508, 5.109, 4.511, 4.519, 3.628, 2.484, 2.438, 2.771, 2.835, 2.232, 2.282, 1.606, 1.564, 2.581], [17.283, 17.847, 20.818, 22.249, 20.424, 18.112, 17.212, 16.646, 14.953, 11.546, 7.303, 2.562, 2.096, 2.038, 2.45, 2.5, 2.939, 3.457, 3.442, 3.423, 2.238, 1.431, 1.041, 0.0, 1.216, 2.56, 3.798, 4.212, 4.303, 4.722, 5.761, 5.421, 5.488, 6.045, 6.703, 6.402, 5.104, 5.956, 5.692, 4.445, 4.661, 5.843, 7.603, 8.312, 7.845, 6.887, 5.97, 4.741, 3.752, 3.594, 2.522, 5.178, 6.819, 5.925, 3.532, 5.742, 7.221, 7.638, 7.51, 7.652, 8.263, 8.466, 8.255, 8.646, 8.531, 8.868, 7.68, 5.788, 5.483, 5.398, 5.633, 5.889, 5.427, 4.852, 4.148, 4.453, 5.627, 6.487, 6.237, 5.287, 3.464, 3.131, 3.02, 2.732, 2.798, 3.155, 6.246, 7.252, 6.648, 7.44, 8.436, 6.289, 6.555, 8.922, 7.392, 5.952, 6.445, 7.251, 6.918, 6.408, 6.597, 6.839, 6.715, 7.258, 8.167, 9.282, 9.801, 9.298, 9.335, 10.795, 11.977, 12.574, 13.292, 14.425, 14.576, 14.615, 14.874, 15.166, 14.26, 12.535, 10.81, 9.896, 11.266, 12.241, 12.326, 11.756, 11.4, 11.7, 12.444, 13.165, 12.347, 13.714, 14.716, 12.993, 10.712, 10.6, 11.906, 12.867, 12.32, 11.974, 13.211, 12.687, 12.161, 13.015, 14.035, 15.599, 17.1, 16.019, 15.61, 14.636, 14.338, 15.534, 16.384, 14.639, 13.751, 14.459, 14.865, 14.256, 14.245, 14.734, 14.652, 12.584, 11.296, 13.012, 13.547, 14.046, 13.612, 13.513, 14.372, 15.673, 18.424, 19.28, 17.441, 14.927, 13.615, 12.888, 13.137, 13.479, 12.74, 13.281, 13.801, 12.556, 12.533, 12.511, 10.503, 7.351, 4.321, 2.678, 2.423, 2.541, 3.227, 4.513, 5.349, 4.904, 4.34, 4.373, 3.521, 2.517, 2.585, 3.119, 3.044, 2.098, 2.167, 1.415, 1.649, 2.784], [17.638, 18.216, 21.185, 22.681, 20.908, 18.604, 17.711, 16.994, 15.386, 11.975, 7.822, 2.893, 2.093, 2.246, 2.774, 2.817, 3.218, 3.535, 3.425, 3.028, 1.838, 1.338, 1.472, 1.216, 0.0, 1.765, 2.952, 3.384, 3.483, 3.825, 5.117, 4.834, 4.583, 5.394, 6.014, 5.515, 4.42, 5.42, 5.142, 4.011, 4.143, 5.089, 6.664, 7.518, 7.16, 6.258, 5.215, 4.121, 3.206, 2.898, 2.457, 5.677, 7.287, 6.382, 2.999, 5.004, 6.671, 7.112, 6.955, 7.026, 7.505, 7.593, 7.43, 7.847, 7.686, 7.83, 6.813, 5.034, 4.968, 4.792, 4.999, 5.316, 4.797, 4.182, 3.616, 3.884, 5.077, 6.053, 5.841, 4.821, 2.938, 3.232, 3.225, 2.755, 2.62, 3.549, 6.846, 7.788, 7.159, 7.842, 8.786, 6.693, 6.958, 9.29, 7.702, 6.247, 6.972, 7.762, 7.296, 6.758, 7.018, 7.332, 7.198, 7.618, 8.573, 9.652, 10.149, 9.702, 9.787, 11.206, 12.446, 13.081, 13.807, 14.974, 15.174, 15.18, 15.259, 15.731, 14.773, 13.07, 11.292, 10.4, 11.638, 12.705, 12.76, 12.16, 11.888, 12.141, 12.852, 13.607, 12.867, 14.257, 15.182, 13.52, 11.308, 11.117, 12.426, 13.432, 12.802, 12.473, 13.555, 13.076, 12.518, 13.391, 14.456, 16.04, 17.569, 16.392, 15.975, 15.113, 14.865, 16.024, 16.85, 15.09, 14.141, 14.913, 15.277, 14.65, 14.63, 15.096, 15.001, 12.942, 11.677, 13.355, 13.893, 14.401, 13.968, 13.867, 14.893, 16.181, 18.811, 19.796, 17.98, 15.416, 14.179, 13.505, 13.775, 13.975, 13.226, 13.844, 14.325, 12.995, 12.93, 13.057, 11.039, 8.039, 5.158, 3.235, 2.569, 2.305, 2.801, 4.003, 4.807, 4.501, 3.897, 3.948, 3.0, 1.974, 2.368, 3.23, 2.909, 2.102, 1.908, 1.44, 1.848, 3.089], [18.296, 18.869, 21.923, 23.49, 21.707, 19.411, 18.535, 17.717, 16.132, 12.752, 8.618, 3.76, 2.44, 3.177, 3.729, 3.464, 3.928, 4.035, 3.719, 2.672, 1.628, 2.095, 2.705, 2.56, 1.765, 0.0, 1.921, 2.303, 2.513, 3.05, 4.107, 3.826, 3.566, 4.19, 4.817, 4.299, 3.549, 4.703, 4.339, 3.422, 3.599, 4.302, 5.847, 6.73, 6.397, 5.208, 3.961, 3.03, 2.44, 1.881, 2.646, 6.527, 8.111, 7.173, 2.807, 4.407, 5.649, 6.145, 5.86, 6.071, 6.523, 6.681, 6.445, 6.53, 6.539, 6.727, 5.523, 3.905, 3.876, 3.876, 4.141, 4.247, 3.984, 3.175, 2.707, 2.945, 4.429, 5.376, 5.153, 4.189, 2.619, 3.525, 3.909, 3.174, 2.445, 4.339, 7.725, 8.676, 8.04, 8.69, 9.542, 7.408, 7.693, 9.958, 8.609, 6.955, 7.853, 8.579, 8.061, 7.464, 7.737, 8.147, 8.02, 8.421, 9.338, 10.312, 10.874, 10.448, 10.573, 11.938, 13.243, 14.02, 14.719, 15.936, 16.137, 16.079, 16.181, 16.625, 15.605, 13.853, 12.126, 11.217, 12.417, 13.466, 13.575, 12.919, 12.722, 12.913, 13.577, 14.361, 13.827, 15.16, 16.018, 14.446, 12.286, 12.001, 13.284, 14.329, 13.635, 13.279, 14.279, 13.776, 13.218, 14.085, 15.223, 16.859, 18.341, 17.12, 16.718, 15.965, 15.775, 16.856, 17.666, 15.905, 14.938, 15.698, 16.027, 15.384, 15.323, 15.783, 15.686, 13.61, 12.42, 14.028, 14.583, 15.087, 14.788, 14.713, 15.806, 16.998, 19.623, 20.672, 18.925, 16.229, 15.093, 14.446, 14.682, 14.912, 14.056, 14.813, 15.179, 13.908, 13.874, 14.01, 11.986, 8.989, 6.09, 4.162, 3.36, 2.126, 2.319, 3.207, 4.269, 3.85, 2.932, 2.98, 2.254, 1.847, 2.696, 3.696, 3.193, 2.281, 2.515, 2.132, 2.595, 3.892], [19.291, 19.837, 22.849, 24.318, 22.499, 20.224, 19.487, 18.817, 17.019, 13.622, 9.532, 4.931, 3.872, 4.383, 4.831, 4.526, 5.02, 5.126, 4.698, 3.402, 2.692, 3.116, 3.774, 3.798, 2.952, 1.921, 0.0, 1.012, 1.475, 2.019, 2.985, 2.658, 2.376, 3.238, 3.706, 3.011, 2.74, 4.102, 3.511, 2.573, 2.663, 3.322, 4.762, 5.694, 5.375, 4.552, 2.763, 2.03, 2.354, 1.679, 3.583, 7.521, 9.013, 8.006, 3.357, 3.38, 4.666, 5.303, 4.996, 5.129, 5.557, 5.283, 4.989, 5.533, 5.342, 5.393, 4.378, 2.74, 2.609, 2.484, 2.825, 3.148, 3.016, 2.251, 2.099, 2.145, 3.288, 4.244, 4.046, 3.046, 2.457, 4.177, 4.961, 4.201, 3.655, 5.678, 9.039, 9.648, 8.94, 9.746, 10.573, 8.377, 8.623, 10.944, 9.584, 7.818, 8.692, 9.368, 9