[[0.0, 1.673, 1.874, 2.775, 3.448, 3.179, 2.068, 2.211, 2.315, 2.64, 2.251, 2.82, 2.523, 1.959, 2.252, 2.725, 2.57, 3.335, 4.686, 7.618, 10.25, 10.28, 10.134, 7.037, 3.986, 3.575, 4.426, 4.927, 4.716, 3.549, 3.114, 3.445, 5.324, 5.422, 4.708, 3.604, 3.305, 3.473, 3.637, 4.161, 3.995, 3.559, 3.71, 4.224, 4.344, 3.037, 2.609, 2.637, 2.124, 1.373, 1.947, 3.073, 3.304, 1.765, 1.903, 2.251, 2.622, 2.818, 4.219, 5.148, 4.541, 4.645, 5.763, 5.768, 6.383, 7.958, 8.613, 8.477, 7.628, 8.054, 7.819, 6.985, 8.105, 8.022, 5.74, 3.757, 1.444, 2.229, 3.209, 1.841, 2.421, 3.851, 6.681, 8.298, 9.715, 11.751, 13.074, 14.283, 14.914, 14.08, 13.052, 14.379, 15.534, 14.659, 13.695, 13.236, 12.539, 11.602, 11.114, 10.032, 7.701, 4.027, 1.831, 3.516, 5.482, 7.394, 8.88, 9.482, 8.916, 7.721, 6.334, 5.24, 4.572, 3.01, 1.792, 1.897, 2.219, 4.362, 5.659, 3.537, 2.478, 3.396, 3.706, 2.89, 2.542, 3.169, 3.12, 3.669, 3.84, 3.53, 3.683, 3.685, 4.512, 3.939, 3.23, 3.433, 3.643, 2.929, 2.449, 2.599, 2.815, 2.386, 2.176, 2.985, 3.175, 3.101, 3.636, 5.021, 5.168, 3.979, 4.105, 4.126, 2.718, 2.249, 3.556, 4.823, 2.889, 2.451, 2.477, 2.51, 2.604, 3.414, 2.619, 2.464, 2.538, 2.91, 3.663, 4.078, 4.536, 4.749, 5.136, 4.849, 4.625, 4.912, 3.66, 2.935, 2.274, 2.293, 1.701, 1.812, 1.268, 1.211, 1.217, 1.457, 1.692, 2.784, 2.739, 2.43, 2.1, 2.497, 2.91, 4.298, 7.112, 8.833, 9.035, 9.398, 8.893, 7.045, 5.077, 5.283, 5.86, 6.067, 5.393, 5.338, 6.421, 6.949, 6.705, 6.914, 8.304, 9.225, 9.573, 9.759, 9.684, 8.75, 8.674, 9.463, 9.077, 8.707, 6.987, 5.109, 5.137, 5.91, 5.205, 3.976, 3.31, 2.861, 3.141, 3.088, 3.5, 1.904], [1.673, 0.0, 0.969, 1.563, 2.19, 2.066, 1.801, 3.056, 2.173, 2.179, 2.053, 1.95, 1.905, 1.966, 3.358, 3.724, 3.541, 4.646, 6.195, 9.22, 11.817, 11.875, 11.735, 8.61, 5.192, 4.594, 5.711, 5.678, 5.213, 4.364, 4.051, 4.683, 6.907, 6.521, 4.978, 3.802, 3.127, 3.504, 4.825, 5.751, 5.384, 4.603, 4.689, 5.266, 5.266, 3.978, 3.203, 2.515, 2.138, 1.137, 2.179, 4.547, 4.899, 3.117, 2.832, 3.557, 3.898, 4.227, 5.78, 6.506, 5.086, 5.078, 7.262, 7.268, 7.234, 9.196, 10.058, 10.022, 8.852, 9.21, 9.217, 8.147, 9.252, 9.438, 7.075, 4.797, 2.675, 2.889, 3.217, 1.454, 1.518, 3.1, 5.57, 7.05, 8.293, 10.233, 11.547, 12.708, 13.487, 12.79, 11.921, 13.24, 14.431, 13.419, 12.405, 12.009, 11.625, 10.719, 10.113, 9.231, 6.757, 3.523, 2.084, 2.095, 3.978, 5.836, 7.322, 7.902, 7.417, 6.202, 4.947, 3.93, 3.073, 1.889, 1.103, 1.918, 3.062, 5.915, 7.108, 4.43, 3.514, 3.706, 3.61, 2.738, 2.704, 3.479, 3.124, 3.469, 3.858, 4.25, 4.457, 4.926, 6.07, 5.471, 4.747, 4.987, 5.145, 4.462, 3.84, 3.795, 4.013, 3.735, 3.157, 3.543, 3.867, 4.268, 5.031, 6.459, 6.583, 5.551, 5.623, 5.664, 4.081, 2.36, 3.619, 5.156, 2.656, 1.944, 3.467, 3.699, 2.801, 2.706, 2.462, 2.031, 2.196, 2.337, 2.676, 3.17, 3.51, 3.608, 4.001, 3.854, 3.915, 4.199, 3.452, 3.309, 2.298, 1.958, 1.967, 2.841, 2.47, 2.125, 1.523, 2.01, 1.734, 1.972, 1.945, 1.784, 1.963, 1.633, 1.772, 2.775, 5.51, 7.249, 7.467, 7.822, 7.321, 5.47, 3.479, 3.728, 4.323, 4.598, 3.966, 3.791, 4.888, 5.465, 5.205, 5.669, 6.922, 7.662, 8.027, 8.201, 8.157, 7.19, 7.101, 7.889, 7.608, 7.357, 5.499, 4.53, 4.747, 4.719, 4.584, 3.362, 3.03, 3.224, 3.578, 3.499, 3.766, 2.455], [1.874, 0.969, 0.0, 1.26, 1.995, 1.786, 1.91, 3.335, 2.731, 2.702, 2.549, 2.578, 2.506, 2.691, 3.777, 4.146, 3.855, 4.974, 6.281, 9.043, 11.53, 11.603, 11.58, 8.279, 5.033, 4.458, 5.587, 5.58, 5.179, 4.421, 4.205, 4.744, 6.712, 6.532, 4.989, 3.934, 3.254, 3.625, 4.808, 5.595, 5.373, 4.669, 4.746, 5.297, 5.327, 4.004, 3.574, 3.068, 2.399, 1.398, 2.056, 4.405, 4.763, 3.352, 3.123, 3.767, 4.042, 4.118, 5.641, 6.426, 4.909, 5.134, 7.215, 7.156, 7.311, 9.174, 9.985, 9.935, 8.902, 9.267, 9.154, 8.099, 9.236, 9.344, 7.085, 4.9, 2.757, 3.088, 3.28, 1.863, 1.952, 3.243, 5.668, 7.124, 8.476, 10.486, 11.818, 12.941, 13.729, 12.786, 11.937, 13.201, 14.435, 13.44, 12.62, 12.172, 11.686, 10.836, 10.18, 9.347, 6.845, 3.627, 2.635, 2.478, 4.268, 6.146, 7.636, 8.209, 7.702, 6.471, 5.011, 3.855, 3.214, 2.019, 1.411, 1.983, 2.946, 5.859, 6.91, 4.355, 3.447, 3.877, 3.81, 2.905, 2.96, 3.844, 3.503, 3.843, 4.186, 4.477, 4.738, 4.981, 5.991, 5.414, 4.686, 4.918, 5.213, 4.454, 4.03, 4.153, 4.446, 4.091, 3.597, 3.833, 4.266, 4.77, 5.316, 6.545, 6.706, 5.479, 5.458, 5.697, 4.044, 2.599, 3.67, 5.16, 2.852, 2.146, 3.414, 3.746, 2.925, 2.857, 2.667, 2.207, 1.994, 2.371, 2.791, 3.216, 3.456, 3.552, 3.911, 3.77, 3.983, 3.953, 3.374, 3.216, 2.464, 2.297, 2.117, 3.071, 2.81, 2.479, 2.055, 2.454, 1.614, 1.98, 1.805, 1.432, 1.815, 1.722, 2.072, 3.236, 5.849, 7.567, 7.791, 8.154, 7.649, 5.801, 3.848, 4.06, 4.618, 4.832, 4.193, 4.087, 5.17, 5.719, 5.499, 5.852, 7.099, 7.952, 8.304, 8.501, 8.426, 7.476, 7.43, 8.223, 7.876, 7.552, 5.834, 4.605, 4.76, 4.907, 4.744, 3.625, 3.2, 3.479, 3.893, 3.782, 3.914, 2.638], [2.775, 1.563, 1.26, 0.0, 1.322, 1.409, 2.498, 4.093, 3.356, 3.32, 3.253, 2.866, 3.015, 3.258, 4.648, 5.031, 4.739, 5.773, 7.07, 9.868, 12.255, 12.359, 12.327, 9.073, 5.855, 5.268, 6.405, 6.258, 5.765, 5.181, 5.15, 5.536, 7.459, 7.26, 5.674, 4.512, 3.738, 4.129, 5.462, 6.37, 6.211, 5.437, 5.488, 5.984, 6.054, 4.815, 4.469, 3.763, 3.273, 2.221, 2.689, 5.152, 5.659, 4.232, 4.064, 4.763, 4.922, 4.918, 6.451, 7.173, 5.62, 5.868, 8.023, 7.972, 8.02, 9.965, 10.801, 10.736, 9.691, 10.06, 9.974, 8.914, 10.028, 10.144, 7.873, 5.67, 3.648, 3.9, 3.932, 2.612, 2.515, 3.383, 5.175, 6.46, 7.728, 9.724, 10.964, 12.23, 12.975, 11.978, 11.276, 12.401, 13.631, 12.611, 12.088, 11.574, 11.069, 10.26, 9.774, 8.865, 6.492, 3.916, 3.403, 2.632, 3.778, 5.385, 6.861, 7.447, 7.018, 5.708, 4.279, 3.174, 2.855, 2.06, 2.117, 2.368, 3.662, 6.673, 7.661, 5.081, 4.221, 4.47, 4.406, 3.457, 3.574, 4.454, 4.135, 4.229, 4.618, 5.226, 5.54, 5.696, 6.753, 6.212, 5.508, 5.72, 5.919, 5.332, 4.951, 5.072, 5.339, 4.897, 4.4, 4.331, 4.93, 5.491, 6.179, 7.317, 7.417, 6.173, 6.179, 6.442, 4.81, 3.247, 4.204, 5.791, 3.283, 2.719, 4.234, 4.445, 3.681, 3.415, 3.197, 2.351, 2.366, 2.482, 2.9, 3.3, 3.06, 3.074, 3.414, 3.537, 4.078, 3.986, 3.857, 3.826, 2.888, 2.7, 2.858, 3.974, 3.718, 3.263, 2.727, 3.069, 2.243, 1.695, 1.666, 1.371, 2.317, 2.003, 2.286, 3.135, 5.074, 6.764, 7.01, 7.373, 6.868, 5.028, 3.25, 3.47, 3.968, 4.181, 3.525, 3.521, 4.402, 4.904, 4.87, 5.202, 6.241, 7.133, 7.546, 7.71, 7.591, 6.673, 6.701, 7.616, 7.372, 6.932, 5.192, 4.68, 4.607, 4.522, 4.513, 3.822, 3.484, 3.835, 4.47, 4.336, 4.109, 3.436], [3.448, 2.19, 1.995, 1.322, 0.0, 1.091, 3.109, 4.629, 3.93, 3.909, 3.739, 3.223, 3.33, 3.755, 5.129, 5.546, 5.207, 6.411, 7.853, 10.658, 13.207, 13.273, 13.112, 9.994, 6.648, 5.992, 7.048, 7.033, 6.515, 5.885, 5.687, 6.234, 8.297, 7.874, 6.44, 5.106, 4.407, 4.901, 6.097, 7.182, 6.803, 6.118, 6.004, 6.617, 6.604, 5.445, 5.115, 4.341, 3.82, 2.96, 3.285, 5.936, 6.476, 4.809, 4.642, 5.363, 5.588, 5.672, 7.203, 7.839, 6.418, 6.433, 8.592, 8.68, 8.607, 10.593, 11.457, 11.447, 10.243, 10.676, 10.587, 9.542, 10.745, 10.872, 8.493, 6.234, 4.209, 4.372, 4.45, 3.057, 3.016, 3.918, 4.593, 6.077, 6.911, 8.967, 10.119, 11.413, 12.048, 11.374, 10.626, 11.83, 13.026, 12.098, 11.292, 10.854, 10.357, 9.565, 9.071, 8.17, 5.701, 4.281, 3.903, 2.92, 3.106, 4.501, 6.011, 6.536, 6.097, 4.99, 3.835, 2.859, 2.788, 2.09, 2.603, 2.616, 4.411, 7.473, 8.441, 5.795, 5.044, 4.906, 4.963, 4.088, 4.135, 5.001, 4.659, 4.79, 5.147, 5.748, 6.037, 6.302, 7.422, 6.855, 6.119, 6.369, 6.642, 6.133, 5.53, 5.48, 5.811, 5.381, 5.001, 5.042, 5.488, 6.134, 6.676, 7.92, 8.022, 7.009, 7.098, 7.157, 5.473, 3.722, 4.902, 6.426, 3.802, 3.202, 4.945, 5.166, 4.203, 3.93, 3.796, 2.767, 2.663, 2.609, 2.686, 3.014, 2.73, 2.781, 3.072, 3.323, 3.975, 4.02, 4.486, 4.666, 3.301, 3.009, 3.322, 4.385, 4.141, 3.743, 3.239, 3.59, 2.826, 1.78, 2.043, 1.918, 2.673, 2.303, 2.348, 2.95, 4.261, 5.815, 6.108, 6.479, 5.928, 4.094, 2.833, 3.24, 3.285, 3.475, 2.703, 3.035, 3.594, 4.073, 4.021, 4.279, 5.42, 6.214, 6.632, 6.819, 6.69, 5.745, 5.798, 6.805, 6.754, 6.12, 4.404, 4.549, 4.669, 4.044, 3.918, 3.799, 3.73, 4.197, 5.062, 5.042, 4.502, 4.174], [3.179, 2.066, 1.786, 1.409, 1.091, 0.0, 2.353, 4.045, 3.704, 3.737, 3.522, 3.113, 3.131, 3.544, 4.853, 5.256, 4.976, 6.118, 7.362, 10.01, 12.657, 12.688, 12.498, 9.444, 5.995, 5.514, 6.517, 6.558, 6.078, 5.532, 5.326, 5.83, 7.779, 7.286, 5.911, 4.528, 3.953, 4.495, 5.549, 6.483, 5.988, 5.439, 5.691, 6.022, 6.121, 4.974, 4.753, 4.106, 3.391, 2.734, 2.755, 5.395, 6.1, 4.395, 4.212, 4.857, 5.101, 5.003, 6.497, 7.167, 5.826, 5.776, 7.844, 7.889, 8.03, 9.858, 10.771, 10.751, 9.438, 9.819, 9.839, 8.735, 9.939, 10.141, 7.681, 5.536, 3.76, 3.926, 3.792, 2.707, 2.82, 3.732, 4.981, 6.508, 7.588, 9.519, 10.792, 12.109, 12.754, 12.204, 11.261, 12.579, 13.766, 12.836, 11.683, 11.333, 10.912, 9.989, 9.415, 8.465, 5.916, 4.08, 3.774, 2.711, 3.365, 4.99, 6.571, 7.175, 6.543, 5.54, 4.533, 3.437, 3.197, 2.045, 2.39, 2.252, 3.9, 6.942, 7.835, 5.143, 4.412, 4.313, 4.228, 3.64, 3.755, 4.642, 4.295, 4.51, 4.75, 5.191, 5.548, 5.663, 6.651, 6.249, 5.448, 5.731, 6.28, 5.823, 5.232, 5.153, 5.422, 4.942, 4.618, 4.759, 5.183, 5.805, 6.37, 7.462, 7.694, 6.611, 6.729, 6.756, 4.923, 3.461, 4.479, 5.94, 3.47, 2.521, 4.297, 4.551, 3.456, 3.209, 3.169, 2.434, 2.376, 2.566, 2.522, 2.765, 2.521, 2.632, 2.805, 2.923, 3.928, 3.753, 4.043, 4.243, 2.93, 2.661, 3.095, 3.989, 3.751, 3.475, 2.964, 3.286, 2.499, 1.882, 2.179, 1.722, 2.239, 2.0, 2.244, 2.963, 4.781, 6.508, 6.66, 7.015, 6.497, 4.649, 3.167, 3.482, 3.642, 3.894, 3.192, 3.051, 4.051, 4.607, 4.348, 4.799, 6.132, 6.916, 7.264, 7.417, 7.367, 6.431, 6.278, 7.137, 6.977, 6.447, 4.741, 4.5, 4.84, 4.193, 3.92, 3.802, 3.886, 4.286, 4.772, 4.735, 4.461, 3.865], [2.068, 1.801, 1.91, 2.498, 3.109, 2.353, 0.0, 2.109, 2.171, 2.58, 2.418, 2.739, 2.269, 2.348, 3.365, 3.464, 3.286, 4.234, 5.483, 8.228, 10.873, 10.906, 10.716, 7.662, 4.194, 3.781, 4.706, 4.796, 4.523, 3.831, 3.761, 4.103, 5.948, 5.498, 4.248, 3.032, 2.526, 2.857, 3.714, 4.645, 4.164, 3.502, 3.913, 4.2, 4.225, 3.074, 3.069, 2.72, 2.074, 1.983, 1.241, 3.539, 4.156, 2.739, 2.444, 3.085, 3.224, 3.142, 4.717, 5.441, 4.376, 4.062, 6.051, 6.061, 6.246, 8.086, 8.992, 8.969, 7.615, 8.059, 8.045, 6.885, 8.155, 8.359, 5.904, 3.713, 2.114, 2.313, 2.074, 1.362, 2.413, 4.016, 6.593, 8.185, 9.399, 11.354, 12.606, 13.951, 14.583, 14.041, 13.105, 14.421, 15.607, 14.663, 13.414, 13.122, 12.719, 11.724, 11.1, 10.243, 7.612, 4.339, 2.708, 2.987, 4.941, 6.802, 8.406, 9.016, 8.392, 7.374, 6.122, 5.251, 4.429, 2.966, 1.594, 1.687, 2.198, 4.978, 6.042, 3.384, 2.424, 2.545, 2.56, 2.017, 1.855, 2.821, 2.614, 2.974, 3.293, 3.428, 3.71, 3.722, 4.752, 4.347, 3.586, 3.92, 4.279, 3.971, 3.434, 3.614, 3.72, 3.323, 3.465, 4.281, 4.363, 4.247, 4.657, 5.597, 5.722, 4.6, 4.832, 4.893, 3.062, 1.957, 3.046, 4.494, 1.919, 1.174, 2.492, 2.766, 1.665, 1.845, 1.718, 1.315, 1.691, 1.869, 2.141, 2.503, 2.909, 3.084, 3.297, 3.127, 3.38, 3.65, 2.799, 2.576, 1.807, 1.639, 1.621, 2.342, 2.391, 2.267, 1.976, 2.319, 2.191, 2.957, 3.077, 2.259, 1.873, 1.464, 1.929, 3.838, 6.627, 8.349, 8.469, 8.798, 8.308, 6.5, 4.526, 4.786, 5.411, 5.759, 5.007, 4.764, 5.844, 6.422, 6.116, 6.628, 7.977, 8.787, 9.131, 9.28, 9.274, 8.306, 8.086, 8.874, 8.534, 8.258, 6.492, 5.197, 5.544, 5.736, 5.175, 4.247, 3.861, 3.987, 4.227, 4.135, 4.548, 3.052], [2.211, 3.056, 3.335, 4.093, 4.629, 4.045, 2.109, 0.0, 2.299, 2.987, 2.72, 3.427, 2.987, 2.449, 2.477, 2.272, 2.436, 2.653, 4.126, 7.168, 9.809, 9.839, 9.65, 6.596, 3.498, 3.097, 3.982, 4.294, 4.12, 2.966, 2.775, 3.064, 4.89, 4.564, 3.948, 2.694, 2.612, 2.61, 2.835, 3.618, 3.152, 2.635, 2.964, 3.318, 3.359, 2.408, 2.296, 2.398, 2.261, 2.75, 2.364, 2.547, 2.913, 1.667, 1.599, 1.677, 2.01, 2.339, 3.733, 4.624, 3.944, 3.664, 5.054, 5.095, 5.363, 7.064, 7.922, 7.902, 6.533, 7.056, 6.988, 5.988, 7.242, 7.343, 4.774, 2.704, 1.55, 1.561, 2.236, 2.315, 3.269, 4.839, 7.487, 9.243, 10.52, 12.465, 13.727, 15.019, 15.664, 15.113, 14.127, 15.457, 16.614, 15.732, 14.453, 14.137, 13.626, 12.569, 11.965, 11.066, 8.423, 5.076, 2.546, 4.101, 6.005, 7.852, 9.517, 10.114, 9.479, 8.481, 7.264, 6.337, 5.538, 4.149, 2.814, 2.802, 2.668, 3.871, 5.022, 2.944, 2.034, 2.309, 2.424, 2.002, 1.64, 2.139, 1.853, 2.43, 2.746, 2.563, 2.672, 2.704, 3.711, 3.318, 2.618, 2.868, 2.948, 2.612, 2.548, 2.678, 2.49, 2.34, 3.13, 4.038, 3.967, 3.459, 3.052, 4.158, 4.385, 3.433, 3.692, 3.533, 2.182, 2.078, 2.792, 4.103, 2.565, 2.672, 2.272, 2.201, 2.346, 3.219, 2.742, 2.674, 3.082, 3.139, 3.57, 3.768, 4.144, 4.641, 5.014, 4.48, 4.285, 4.822, 3.517, 2.742, 2.043, 2.359, 1.678, 1.429, 2.131, 2.058, 2.333, 2.392, 2.769, 4.028, 4.28, 3.599, 2.993, 2.792, 3.157, 5.054, 7.697, 9.415, 9.558, 9.903, 9.392, 7.592, 5.603, 5.799, 6.519, 6.825, 6.02, 5.8, 6.872, 7.455, 7.166, 7.593, 9.015, 9.782, 10.115, 10.286, 10.277, 9.35, 9.163, 9.941, 9.634, 9.299, 7.525, 5.972, 6.165, 6.684, 5.902, 5.073, 4.287, 3.916, 4.108, 4.144, 4.584, 3.014], [2.315, 2.173, 2.731, 3.356, 3.93, 3.704, 2.171, 2.299, 0.0, 1.069, 1.182, 1.643, 1.388, 1.63, 2.895, 3.119, 2.408, 3.333, 5.957, 9.078, 11.624, 11.654, 11.49, 8.42, 5.058, 4.464, 5.554, 5.486, 5.1, 4.18, 3.714, 4.462, 6.722, 6.253, 4.611, 3.746, 3.181, 3.159, 4.47, 5.559, 5.218, 4.351, 4.402, 4.896, 4.987, 3.843, 2.573, 1.346, 1.506, 1.841, 2.72, 4.331, 4.665, 2.172, 1.661, 2.612, 3.52, 4.067, 5.595, 6.245, 5.129, 4.863, 7.026, 7.088, 6.959, 9.012, 9.89, 9.871, 8.619, 8.997, 9.019, 7.975, 9.04, 9.267, 6.791, 4.528, 2.52, 2.638, 3.139, 1.672, 2.048, 3.418, 6.018, 7.544, 8.66, 10.623, 11.844, 13.107, 13.888, 13.301, 12.565, 13.788, 14.985, 13.937, 12.926, 12.609, 12.143, 11.214, 10.58, 9.77, 7.14, 4.111, 1.802, 2.537, 4.457, 6.101, 7.633, 8.216, 7.799, 6.649, 5.337, 4.435, 3.537, 2.667, 1.838, 2.684, 3.007, 5.743, 6.881, 4.222, 3.336, 3.525, 3.698, 2.736, 2.362, 2.742, 2.6, 2.958, 3.54, 3.878, 3.985, 4.675, 5.816, 5.263, 4.531, 4.801, 4.661, 3.679, 2.841, 2.901, 3.267, 3.252, 3.096, 3.553, 3.543, 3.116, 3.787, 6.031, 6.168, 5.248, 5.387, 5.357, 3.88, 2.213, 3.545, 5.103, 2.56, 2.54, 3.428, 3.463, 2.92, 3.181, 2.272, 2.33, 2.904, 2.956, 3.266, 3.72, 4.095, 4.301, 4.59, 4.489, 4.432, 5.082, 4.025, 3.248, 2.491, 2.096, 2.012, 2.541, 2.362, 2.467, 2.371, 2.747, 2.967, 3.115, 3.434, 3.052, 2.732, 2.375, 2.28, 3.364, 5.74, 7.41, 7.673, 8.077, 7.609, 5.85, 3.747, 4.169, 4.834, 5.139, 4.568, 4.037, 5.196, 5.742, 5.497, 6.186, 7.305, 7.883, 8.369, 8.45, 8.343, 7.43, 7.283, 8.081, 7.835, 7.85, 5.878, 5.037, 5.189, 5.198, 4.936, 3.842, 3.352, 3.257, 3.786, 3.856, 4.239, 2.885], [2.64, 2.179, 2.702, 3.32, 3.909, 3.737, 2.58, 2.987, 1.069, 0.0, 1.005, 1.425, 1.415, 2.029, 3.563, 3.84, 2.899, 3.87, 6.685, 9.803, 12.229, 12.305, 12.196, 9.074, 5.774, 5.126, 6.168, 6.138, 5.838, 4.855, 4.422, 5.17, 7.396, 6.971, 5.218, 4.369, 3.758, 3.772, 5.177, 6.328, 5.952, 5.077, 5.083, 5.597, 5.706, 4.507, 3.179, 1.823, 1.821, 1.926, 3.21, 4.994, 5.318, 2.773, 2.31, 3.291, 4.21, 4.783, 6.321, 6.968, 5.785, 5.584, 7.752, 7.824, 7.672, 9.686, 10.574, 10.565, 9.347, 9.7, 9.721, 8.708, 9.789, 10.003, 7.525, 5.256, 3.147, 3.359, 3.794, 1.961, 2.052, 3.138, 5.583, 7.127, 8.2, 10.18, 11.374, 12.604, 13.402, 12.807, 12.088, 13.276, 14.432, 13.412, 12.427, 12.186, 11.67, 10.738, 10.047, 9.295, 6.654, 3.846, 2.039, 2.51, 4.089, 5.655, 7.045, 7.721, 7.357, 6.216, 4.824, 3.957, 3.022, 2.559, 2.016, 2.943, 3.676, 6.424, 7.562, 4.94, 4.036, 4.138, 4.243, 3.321, 2.99, 3.482, 3.269, 3.553, 4.253, 4.599, 4.724, 5.393, 6.531, 5.969, 5.242, 5.487, 5.31, 4.352, 3.45, 3.519, 3.945, 3.899, 3.377, 3.469, 3.25, 3.361, 4.354, 6.734, 6.805, 5.893, 6.08, 6.064, 4.569, 2.783, 4.195, 5.819, 3.163, 2.676, 4.106, 4.136, 3.427, 3.525, 2.769, 2.75, 3.367, 3.298, 3.727, 4.181, 4.494, 4.522, 4.842, 4.852, 4.789, 5.534, 4.46, 3.811, 3.042, 2.604, 2.485, 3.214, 2.761, 2.832, 2.564, 2.804, 2.963, 3.107, 3.429, 3.046, 2.811, 2.677, 2.683, 3.118, 5.196, 6.829, 7.164, 7.529, 7.142, 5.462, 3.316, 3.841, 4.432, 4.79, 4.293, 3.713, 4.761, 5.246, 5.081, 5.771, 6.805, 7.456, 7.915, 7.951, 7.893, 6.903, 6.706, 7.583, 7.376, 7.435, 5.47, 4.645, 4.874, 4.821, 4.648, 3.472, 3.13, 3.033, 3.6, 3.812, 4.177, 2.902], [2.251, 2.053, 2.549, 3.253, 3.739, 3.522, 2.418, 2.72, 1.182, 1.005, 0.0, 1.121, 1.2, 1.626, 3.152, 3.598, 2.638, 3.681, 6.491, 9.6, 12.047, 12.083, 11.964, 8.876, 5.616, 4.988, 5.964, 6.073, 5.803, 4.718, 4.273, 4.953, 7.177, 6.726, 5.305, 4.286, 3.793, 3.9, 4.963, 6.134, 5.741, 4.852, 4.881, 5.3, 5.489, 4.36, 3.044, 1.91, 1.821, 1.643, 2.966, 4.771, 5.12, 2.509, 2.048, 3.056, 3.978, 4.552, 6.09, 6.799, 5.73, 5.457, 7.478, 7.621, 7.534, 9.443, 10.344, 10.334, 9.049, 9.459, 9.462, 8.482, 9.587, 9.801, 7.278, 4.968, 2.909, 3.145, 3.56, 1.905, 1.71, 2.91, 5.477, 7.149, 8.217, 10.294, 11.461, 12.744, 13.523, 12.894, 12.107, 13.259, 14.443, 13.471, 12.361, 12.154, 11.565, 10.599, 9.958, 9.157, 6.443, 3.423, 1.55, 2.327, 3.896, 5.679, 7.274, 7.796, 7.307, 6.303, 4.973, 3.986, 3.059, 2.286, 1.875, 2.768, 3.486, 6.198, 7.395, 4.78, 3.825, 3.874, 4.039, 3.329, 2.914, 3.548, 3.299, 3.608, 4.119, 4.328, 4.474, 5.17, 6.313, 5.738, 4.992, 5.256, 5.125, 4.18, 3.293, 3.208, 3.647, 3.53, 3.223, 3.233, 3.099, 3.186, 4.108, 6.475, 6.578, 5.695, 5.918, 5.842, 4.339, 2.782, 4.216, 5.814, 3.175, 2.57, 3.946, 3.934, 3.13, 3.582, 3.023, 2.757, 3.346, 3.347, 3.684, 4.095, 4.559, 4.73, 5.05, 5.067, 4.887, 5.577, 4.386, 3.722, 2.825, 2.461, 2.242, 2.921, 2.291, 2.378, 2.079, 2.551, 2.597, 2.847, 3.203, 2.829, 2.677, 2.63, 2.651, 3.088, 5.287, 6.981, 7.311, 7.664, 7.151, 5.379, 3.284, 3.695, 4.408, 4.82, 4.104, 3.671, 4.752, 5.316, 4.977, 5.612, 6.817, 7.446, 7.86, 7.992, 7.825, 6.961, 6.87, 7.654, 7.463, 7.357, 5.435, 4.336, 4.547, 4.66, 4.297, 3.232, 2.826, 2.696, 3.295, 3.424, 3.817, 2.587], [2.82, 1.95, 2.578, 2.866, 3.223, 3.113, 2.739, 3.427, 1.643, 1.425, 1.121, 0.0, 1.127, 1.981, 3.823, 4.396, 3.423, 4.536, 7.234, 10.323, 12.755, 12.807, 12.67, 9.6, 6.254, 5.624, 6.681, 6.694, 6.147, 5.327, 4.897, 5.626, 7.901, 7.447, 5.8, 4.64, 3.993, 4.242, 5.701, 6.841, 6.393, 5.552, 5.563, 5.933, 6.038, 5.071, 3.762, 2.345, 2.26, 2.036, 3.177, 5.496, 5.844, 3.225, 2.738, 3.71, 4.652, 5.227, 6.761, 7.439, 6.092, 5.928, 8.115, 8.274, 8.179, 10.157, 11.069, 11.051, 9.683, 10.141, 10.094, 9.119, 10.266, 10.498, 7.945, 5.633, 3.56, 3.703, 3.854, 2.198, 1.71, 2.933, 5.04, 6.653, 7.739, 9.768, 10.868, 12.26, 13.008, 12.421, 11.652, 12.826, 13.948, 12.979, 12.076, 11.719, 11.222, 10.341, 9.804, 8.919, 6.297, 3.433, 2.058, 2.12, 3.316, 5.084, 6.748, 7.314, 6.737, 5.793, 4.491, 3.515, 2.534, 2.058, 1.954, 2.483, 3.92, 6.922, 8.133, 5.469, 4.548, 4.229, 4.269, 3.619, 3.467, 3.83, 3.572, 3.74, 4.277, 4.914, 5.088, 5.814, 6.95, 6.394, 5.62, 5.963, 5.86, 4.914, 3.977, 3.862, 4.273, 4.163, 3.74, 3.83, 3.572, 3.723, 4.817, 7.104, 7.305, 6.43, 6.656, 6.555, 5.036, 3.199, 4.533, 6.123, 3.209, 2.766, 4.635, 4.64, 3.543, 3.618, 3.166, 2.614, 2.976, 2.89, 3.183, 3.643, 4.084, 4.19, 4.496, 4.626, 4.588, 5.238, 4.461, 4.217, 2.83, 2.334, 2.734, 3.494, 2.931, 2.919, 2.381, 2.851, 2.916, 2.803, 3.187, 2.764, 2.713, 2.28, 2.219, 2.473, 4.698, 6.35, 6.689, 7.04, 6.537, 4.733, 2.703, 3.181, 3.913, 4.277, 3.584, 3.161, 4.199, 4.744, 4.424, 5.094, 6.217, 6.874, 7.368, 7.469, 7.292, 6.364, 6.241, 7.129, 7.048, 6.825, 4.935, 4.316, 4.682, 4.515, 4.248, 3.217, 3.221, 3.244, 3.742, 3.889, 4.265, 3.082], [2.523, 1.905, 2.506, 3.015, 3.33, 3.131, 2.269, 2.987, 1.388, 1.415, 1.2, 1.127, 0.0, 1.534, 3.243, 3.798, 2.874, 3.892, 6.69, 9.785, 12.282, 12.334, 12.197, 9.127, 5.756, 5.157, 6.208, 6.177, 5.778, 4.874, 4.356, 5.155, 7.428, 6.96, 5.319, 4.274, 3.671, 3.822, 5.193, 6.289, 5.839, 5.072, 5.036, 5.475, 5.576, 4.517, 3.132, 1.747, 2.027, 1.773, 2.807, 5.022, 5.371, 2.909, 2.439, 3.378, 4.179, 4.754, 6.288, 6.919, 5.772, 5.441, 7.642, 7.737, 7.65, 9.683, 10.596, 10.578, 9.21, 9.668, 9.623, 8.572, 9.712, 9.974, 7.477, 5.174, 3.087, 3.228, 3.379, 1.873, 1.666, 3.045, 5.487, 7.054, 8.168, 10.161, 11.28, 12.67, 13.415, 12.82, 12.072, 13.256, 14.377, 13.392, 12.408, 12.119, 11.646, 10.694, 10.06, 9.27, 6.576, 3.419, 1.842, 1.977, 3.769, 5.538, 7.195, 7.711, 7.214, 6.184, 4.894, 3.863, 2.942, 1.966, 1.688, 2.431, 3.568, 6.449, 7.614, 4.92, 4.013, 3.755, 3.9, 3.23, 2.933, 3.42, 3.145, 3.419, 4.035, 4.443, 4.623, 5.296, 6.464, 5.913, 5.153, 5.49, 5.362, 4.398, 3.735, 3.394, 3.797, 3.714, 3.567, 3.676, 3.665, 3.727, 4.526, 6.636, 6.83, 5.946, 6.104, 6.063, 4.563, 2.778, 4.151, 5.767, 3.02, 2.461, 4.203, 4.137, 3.06, 3.346, 2.934, 2.445, 2.834, 2.789, 3.162, 3.614, 4.047, 4.249, 4.553, 4.545, 4.399, 5.056, 4.083, 3.815, 2.543, 2.0, 2.215, 3.019, 2.595, 2.515, 2.245, 2.735, 2.788, 2.687, 3.105, 2.63, 2.459, 2.247, 2.206, 2.518, 5.165, 6.877, 7.151, 7.554, 7.003, 5.197, 3.185, 3.607, 4.288, 4.66, 3.918, 3.444, 4.619, 5.193, 4.874, 5.552, 6.632, 7.346, 7.833, 7.952, 7.783, 6.869, 6.739, 7.519, 7.326, 7.252, 5.283, 4.392, 4.759, 4.728, 4.376, 3.341, 3.219, 3.163, 3.684, 3.693, 4.062, 2.95], [1.959, 1.966, 2.691, 3.258, 3.755, 3.544, 2.348, 2.449, 1.63, 2.029, 1.626, 1.981, 1.534, 0.0, 2.002, 2.693, 2.212, 3.259, 5.541, 8.702, 11.148, 11.226, 11.093, 7.999, 4.741, 4.14, 5.1, 5.256, 4.913, 3.863, 3.312, 4.07, 6.345, 5.901, 4.603, 3.337, 3.16, 3.148, 4.149, 5.203, 4.753, 4.045, 3.979, 4.381, 4.565, 3.41, 2.269, 1.526, 2.081, 1.724, 2.821, 4.028, 4.304, 2.316, 1.905, 2.683, 3.209, 3.681, 5.205, 5.846, 4.777, 4.51, 6.559, 6.654, 6.681, 8.604, 9.513, 9.495, 8.134, 8.616, 8.533, 7.463, 8.671, 8.891, 6.413, 4.077, 2.128, 2.236, 2.976, 1.836, 2.071, 3.794, 6.299, 7.949, 9.146, 11.175, 12.241, 13.634, 14.348, 13.706, 12.891, 14.065, 15.195, 14.266, 13.178, 12.893, 12.368, 11.379, 10.807, 10.002, 7.376, 4.099, 1.339, 2.823, 4.645, 6.511, 8.248, 8.773, 8.173, 7.187, 5.92, 4.851, 3.988, 2.72, 1.826, 2.418, 2.9, 5.372, 6.536, 3.989, 3.152, 3.188, 3.299, 2.776, 2.604, 2.782, 2.528, 2.804, 3.135, 3.475, 3.671, 4.214, 5.383, 4.848, 4.155, 4.417, 4.343, 3.526, 3.183, 2.685, 2.95, 2.973, 3.176, 3.739, 3.705, 3.366, 3.944, 5.653, 5.764, 4.906, 4.976, 4.99, 3.525, 2.166, 3.375, 4.873, 2.691, 2.631, 3.314, 3.114, 2.772, 3.425, 2.631, 2.595, 3.097, 3.053, 3.477, 3.953, 4.452, 4.656, 5.033, 4.93, 4.739, 5.332, 4.113, 3.177, 2.329, 2.07, 1.81, 1.987, 1.967, 1.936, 1.865, 2.325, 2.811, 3.206, 3.253, 2.967, 2.782, 2.708, 2.403, 3.385, 6.158, 7.879, 8.176, 8.555, 8.017, 6.173, 4.16, 4.403, 5.191, 5.536, 4.724, 4.447, 5.585, 6.195, 5.862, 6.307, 7.598, 8.376, 8.812, 9.004, 8.795, 7.881, 7.789, 8.548, 8.34, 8.136, 6.233, 5.073, 5.384, 5.497, 5.046, 3.982, 3.592, 3.249, 3.792, 3.794, 4.193, 3.112], [2.252, 3.358, 3.777, 4.648, 5.129, 4.853, 3.365, 2.477, 2.895, 3.563, 3.152, 3.823, 3.243, 2.002, 0.0, 1.549, 1.455, 1.957, 3.734, 6.781, 9.23, 9.29, 9.137, 6.052, 3.513, 3.193, 3.864, 4.349, 4.14, 3.07, 2.484, 2.798, 4.48, 4.417, 4.286, 3.733, 3.917, 3.585, 3.01, 3.81, 3.348, 2.956, 2.781, 3.101, 3.225, 2.234, 1.58, 2.585, 3.2, 2.951, 3.315, 3.301, 2.699, 1.912, 2.235, 1.97, 1.985, 2.876, 3.71, 4.346, 4.287, 4.072, 4.847, 5.09, 5.421, 6.97, 7.688, 7.605, 6.474, 7.025, 6.677, 6.046, 7.223, 7.295, 4.705, 2.821, 1.865, 2.024, 3.394, 2.856, 3.675, 5.345, 7.937, 9.693, 10.967, 13.034, 14.076, 15.5, 16.132, 15.443, 14.587, 15.779, 16.933, 16.054, 14.941, 14.61, 13.956, 12.953, 12.365, 11.375, 8.962, 5.264, 2.611, 4.601, 6.518, 8.432, 10.106, 10.663, 10.019, 9.045, 7.742, 6.639, 5.806, 4.359, 2.982, 3.42, 3.235, 3.711, 4.907, 4.001, 3.217, 3.722, 4.005, 3.611, 3.141, 2.705, 3.044, 3.529, 3.324, 2.859, 2.766, 2.789, 3.574, 3.149, 3.037, 2.946, 2.738, 2.275, 2.131, 1.72, 1.594, 2.2, 2.88, 3.769, 3.675, 3.141, 2.423, 3.907, 4.024, 3.148, 3.137, 3.418, 2.775, 2.905, 3.281, 4.312, 3.742, 3.795, 3.385, 2.725, 3.375, 4.396, 3.646, 3.736, 4.137, 4.095, 4.587, 5.005, 5.618, 5.937, 6.329, 6.036, 5.711, 6.262, 4.881, 3.91, 3.194, 3.052, 2.312, 1.634, 1.828, 1.989, 2.393, 2.397, 3.099, 4.409, 4.395, 4.132, 3.791, 3.936, 3.655, 5.296, 8.064, 9.769, 10.055, 10.434, 9.893, 8.055, 6.034, 6.246, 6.97, 7.272, 6.425, 6.324, 7.424, 8.003, 7.763, 8.022, 9.392, 10.26, 10.686, 10.869, 10.651, 9.733, 9.71, 10.432, 10.147, 9.884, 8.054, 6.413, 6.445, 7.196, 6.156, 5.369, 4.593, 3.744, 3.948, 3.936, 4.306, 3.22], [2.725, 3.724, 4.146, 5.031, 5.546, 5.256, 3.464, 2.272, 3.119, 3.84, 3.598, 4.396, 3.798, 2.693, 1.549, 0.0, 1.549, 1.463, 3.073, 6.235, 8.662, 8.793, 8.647, 5.508, 3.561, 3.366, 4.175, 4.457, 4.296, 3.189, 2.673, 3.022, 4.391, 4.209, 4.194, 3.731, 3.786, 3.558, 2.961, 3.735, 3.185, 2.857, 2.667, 3.151, 3.205, 2.028, 1.396, 2.627, 3.144, 3.332, 3.366, 3.178, 2.309, 1.896, 2.378, 2.071, 1.78, 2.984, 3.871, 4.682, 4.369, 4.348, 5.25, 5.391, 5.381, 6.383, 7.181, 7.035, 6.025, 6.641, 6.35, 5.947, 6.666, 6.704, 4.472, 2.7, 2.12, 2.162, 3.513, 3.361, 4.217, 5.895, 8.557, 10.233, 11.415, 13.469, 14.722, 15.864, 16.632, 15.916, 15.056, 16.246, 17.412, 16.578, 15.344, 15.128, 14.517, 13.532, 12.894, 11.959, 9.576, 5.999, 3.266, 5.129, 7.09, 9.001, 10.551, 11.079, 10.559, 9.465, 8.163, 7.072, 6.251, 4.808, 3.437, 4.048, 3.49, 3.702, 4.754, 3.942, 3.067, 3.66, 3.992, 3.454, 2.893, 2.574, 2.89, 3.555, 3.382, 3.009, 2.695, 2.182, 3.042, 2.768, 2.631, 2.728, 2.248, 1.666, 1.604, 1.422, 1.339, 1.861, 2.781, 3.71, 3.673, 2.954, 2.072, 3.309, 3.335, 2.509, 2.55, 2.746, 2.722, 2.911, 3.158, 4.372, 3.75, 3.944, 3.238, 2.728, 3.404, 4.457, 3.838, 3.853, 4.248, 4.284, 4.687, 5.023, 5.573, 5.994, 6.412, 5.918, 5.522, 6.156, 4.858, 3.9, 3.184, 3.195, 2.564, 2.161, 2.563, 2.565, 3.064, 2.882, 3.439, 4.707, 4.928, 4.493, 4.081, 4.045, 4.046, 5.875, 8.608, 10.346, 10.602, 10.964, 10.458, 8.613, 6.564, 6.808, 7.475, 7.741, 7.045, 6.883, 7.986, 8.589, 8.307, 8.664, 10.054, 10.768, 11.141, 11.343, 11.213, 10.279, 10.261, 10.982, 10.7, 10.432, 8.595, 7.023, 6.962, 7.611, 6.912, 5.95, 5.088, 4.451, 4.3, 4.139, 4.728, 3.394], [2.57, 3.541, 3.855, 4.739, 5.207, 4.976, 3.286, 2.436, 2.408, 2.899, 2.638, 3.423, 2.874, 2.212, 1.455, 1.549, 0.0, 1.421, 4.008, 7.218, 9.675, 9.759, 9.609, 6.471, 3.759, 3.629, 4.616, 4.755, 4.55, 3.473, 2.93, 3.452, 4.976, 4.62, 4.624, 4.075, 4.15, 3.927, 3.365, 4.256, 3.686, 3.301, 2.997, 3.436, 3.462, 2.315, 1.421, 1.989, 2.459, 2.828, 3.435, 3.697, 2.951, 1.721, 1.96, 1.868, 1.88, 3.375, 4.239, 5.094, 4.581, 4.622, 5.689, 5.793, 5.799, 7.272, 8.028, 7.967, 6.918, 7.356, 7.221, 6.271, 7.467, 7.508, 5.214, 3.175, 2.098, 2.494, 3.854, 3.204, 3.376, 4.711, 7.392, 9.04, 10.311, 12.472, 13.578, 14.901, 15.497, 14.737, 13.823, 15.061, 16.237, 15.371, 14.278, 13.973, 13.346, 12.435, 11.825, 10.984, 8.424, 4.981, 2.373, 4.271, 6.082, 7.987, 9.531, 10.067, 9.517, 8.467, 7.087, 6.024, 5.327, 3.914, 3.181, 3.674, 3.657, 4.271, 5.176, 4.235, 3.357, 3.888, 4.295, 3.741, 3.214, 2.882, 3.215, 3.862, 3.723, 3.433, 3.091, 3.074, 3.95, 3.527, 3.494, 3.511, 2.968, 2.3, 1.827, 1.546, 1.67, 2.109, 2.74, 3.257, 3.196, 2.596, 2.126, 4.211, 4.218, 3.391, 3.484, 3.731, 3.023, 3.016, 3.558, 4.682, 3.912, 3.822, 3.537, 3.292, 3.651, 4.681, 3.711, 3.639, 4.029, 4.145, 4.834, 5.301, 5.802, 6.049, 6.386, 6.138, 5.85, 6.418, 5.068, 4.094, 3.334, 3.082, 2.426, 2.155, 2.196, 2.472, 3.011, 2.911, 3.347, 4.147, 4.443, 4.086, 3.581, 3.709, 3.819, 5.041, 7.594, 9.325, 9.588, 9.968, 9.444, 7.607, 5.572, 5.782, 6.411, 6.681, 5.916, 5.873, 6.973, 7.519, 7.303, 7.593, 8.86, 9.75, 10.131, 10.333, 10.164, 9.268, 9.252, 9.963, 9.674, 9.319, 7.563, 5.938, 5.965, 6.59, 5.928, 4.886, 3.974, 3.518, 3.723, 3.666, 4.035, 3.031], [3.335, 4.646, 4.974, 5.773, 6.411, 6.118, 4.234, 2.653, 3.333, 3.87, 3.681, 4.536, 3.892, 3.259, 1.957, 1.463, 1.421, 0.0, 3.028, 6.21, 8.665, 8.744, 8.633, 5.562, 3.53, 3.495, 4.276, 4.735, 4.468, 3.43, 2.716, 3.087, 4.336, 4.392, 4.773, 4.309, 4.636, 4.095, 3.316, 3.872, 3.515, 3.298, 2.893, 3.19, 3.366, 2.44, 1.951, 2.749, 3.049, 3.813, 4.128, 3.521, 2.492, 2.091, 2.427, 1.9, 1.886, 3.185, 4.002, 4.715, 4.621, 4.698, 5.338, 5.499, 5.695, 6.534, 7.216, 7.034, 6.259, 6.805, 6.428, 5.961, 6.821, 6.688, 4.707, 3.075, 2.785, 2.948, 4.252, 4.333, 4.387, 5.556, 8.267, 9.911, 11.258, 13.399, 14.541, 15.91, 16.479, 15.631, 14.69, 15.904, 17.024, 16.152, 15.271, 14.859, 14.082, 13.205, 12.728, 11.74, 9.38, 5.912, 3.485, 5.32, 7.204, 9.043, 10.488, 11.066, 10.535, 9.394, 7.99, 6.987, 6.384, 4.943, 4.304, 4.633, 4.139, 3.785, 4.786, 4.244, 3.463, 4.02, 4.576, 3.985, 3.611, 3.185, 3.48, 4.069, 3.915, 3.424, 3.069, 2.557, 3.029, 2.789, 3.126, 3.061, 2.296, 1.766, 1.88, 1.682, 1.552, 2.287, 2.987, 3.464, 3.457, 2.732, 1.603, 3.332, 3.351, 2.504, 2.619, 3.035, 2.978, 3.966, 3.821, 4.81, 4.668, 4.917, 3.907, 3.525, 4.452, 5.486, 4.744, 4.702, 4.878, 4.849, 5.681, 6.071, 6.53, 6.951, 7.349, 6.808, 6.405, 6.872, 5.313, 4.461, 3.937, 3.881, 3.306, 2.777, 2.985, 3.241, 3.959, 3.598, 4.036, 5.257, 5.542, 5.095, 4.467, 4.767, 4.888, 6.166, 8.667, 10.354, 10.618, 10.982, 10.491, 8.683, 6.691, 6.89, 7.427, 7.678, 6.989, 6.945, 8.042, 8.574, 8.339, 8.522, 9.748, 10.801, 11.188, 11.385, 11.209, 10.346, 10.307, 11.027, 10.622, 10.321, 8.584, 6.684, 6.686, 7.545, 6.735, 5.588, 4.824, 4.093, 4.02, 3.928, 4.416, 3.454], [4.686, 6.195, 6.281, 7.07, 7.853, 7.362, 5.483, 4.126, 5.957, 6.685, 6.491, 7.234, 6.69, 5.541, 3.734, 3.073, 4.008, 3.028, 0.0, 3.316, 5.86, 5.986, 6.015, 3.417, 2.838, 2.826, 3.589, 4.215, 4.019, 3.28, 3.108, 2.567, 2.666, 3.466, 4.442, 4.613, 5.159, 4.529, 3.316, 3.283, 3.246, 3.29, 2.715, 2.632, 2.913, 2.8, 3.689, 5.328, 5.292, 5.678, 5.056, 3.796, 2.289, 4.067, 4.59, 3.644, 2.747, 3.169, 3.158, 3.785, 4.197, 4.663, 4.545, 4.837, 4.85, 5.09, 5.649, 4.919, 4.947, 5.562, 4.905, 4.793, 5.361, 5.193, 3.828, 2.833, 3.983, 4.008, 4.903, 5.768, 6.849, 8.157, 11.112, 12.632, 14.117, 16.101, 17.473, 18.639, 19.233, 18.221, 17.143, 18.473, 19.808, 18.846, 18.034, 17.596, 16.838, 15.944, 15.427, 14.316, 12.114, 8.447, 5.976, 7.927, 9.899, 11.812, 13.269, 13.862, 13.302, 12.094, 10.697, 9.564, 9.043, 7.455, 5.946, 5.575, 4.187, 2.368, 4.089, 4.445, 3.878, 4.476, 4.839, 4.509, 4.213, 4.243, 4.26, 4.544, 4.004, 3.23, 3.121, 2.4, 2.063, 2.413, 3.23, 2.741, 2.016, 2.531, 3.366, 3.416, 3.042, 3.422, 4.412, 5.53, 5.822, 4.877, 2.559, 1.983, 1.671, 1.775, 1.647, 1.954, 3.111, 4.76, 4.059, 4.77, 5.381, 5.848, 4.444, 4.164, 5.17, 6.128, 5.645, 5.784, 5.909, 6.163, 6.844, 6.891, 7.235, 7.768, 8.27, 7.447, 6.856, 7.098, 5.477, 4.828, 4.825, 5.309, 4.737, 4.263, 4.583, 4.901, 5.465, 5.074, 5.503, 7.245, 7.133, 6.378, 5.678, 6.03, 6.579, 8.715, 11.478, 13.247, 13.441, 13.801, 13.3, 11.457, 9.432, 9.638, 10.204, 10.448, 9.772, 9.739, 10.839, 11.369, 11.126, 11.324, 12.736, 13.662, 13.983, 14.174, 14.121, 13.186, 13.081, 13.811, 13.447, 13.127, 11.385, 9.419, 9.401, 10.296, 9.42, 8.129, 7.622, 6.667, 6.046, 6.115, 6.842, 4.9], [7.618, 9.22, 9.043, 9.868, 10.658, 10.01, 8.228, 7.168, 9.078, 9.803, 9.6, 10.323, 9.785, 8.702, 6.781, 6.235, 7.218, 6.21, 3.316, 0.0, 2.966, 3.539, 3.585, 3.046, 4.228, 4.786, 4.117, 4.474, 4.735, 5.275, 5.451, 4.711, 3.313, 3.604, 5.107, 5.87, 6.778, 6.397, 4.755, 4.229, 4.282, 4.922, 4.907, 4.446, 4.392, 5.397, 6.854, 8.526, 8.526, 8.774, 7.525, 5.164, 4.709, 7.179, 7.698, 6.717, 5.746, 5.245, 3.827, 4.024, 4.924, 5.437, 4.632, 4.835, 4.755, 4.242, 4.824, 4.016, 4.272, 4.843, 4.275, 4.672, 4.96, 4.923, 4.15, 4.755, 6.794, 6.684, 6.682, 8.612, 9.974, 11.275, 14.234, 15.79, 17.295, 19.318, 20.66, 21.882, 22.476, 21.474, 20.41, 21.677, 23.027, 22.078, 21.276, 20.828, 20.043, 19.128, 18.602, 17.507, 15.268, 11.518, 9.021, 11.118, 13.079, 14.991, 16.482, 17.078, 16.519, 15.321, 13.87, 12.695, 12.116, 10.502, 8.986, 8.332, 6.526, 3.559, 4.272, 5.456, 5.963, 6.281, 6.406, 7.08, 7.067, 7.129, 7.101, 7.025, 6.177, 5.501, 5.301, 4.635, 3.554, 4.003, 4.884, 4.42, 4.511, 5.561, 6.465, 6.522, 6.222, 6.536, 7.474, 8.722, 8.99, 8.029, 5.529, 3.488, 3.157, 3.98, 4.065, 3.785, 5.312, 7.358, 6.105, 5.186, 7.439, 8.077, 6.122, 5.948, 7.159, 7.858, 7.879, 8.428, 8.575, 8.894, 9.393, 9.473, 9.794, 10.317, 10.546, 9.626, 8.87, 8.305, 6.615, 6.332, 7.731, 8.392, 7.669, 7.107, 7.697, 7.932, 8.48, 8.089, 8.518, 10.31, 10.171, 9.415, 8.756, 9.048, 9.692, 11.895, 14.678, 16.419, 16.636, 16.998, 16.493, 14.645, 12.657, 12.853, 13.422, 13.617, 12.961, 12.908, 13.991, 14.519, 14.289, 14.495, 15.889, 16.785, 17.141, 17.337, 17.24, 16.305, 16.274, 17.047, 16.671, 16.307, 14.581, 12.596, 12.555, 13.473, 12.592, 11.328, 10.79, 9.847, 9.149, 9.299, 10.046, 8.139], [10.25, 11.817, 11.53, 12.255, 13.207, 12.657, 10.873, 9.809, 11.624, 12.229, 12.047, 12.755, 12.282, 11.148, 9.23, 8.662, 9.675, 8.665, 5.86, 2.966, 0.0, 1.89, 3.062, 3.623, 6.711, 7.308, 6.225, 6.31, 6.799, 7.526, 8.048, 7.231, 5.018, 5.446, 7.198, 8.319, 9.187, 8.888, 7.208, 6.256, 6.72, 7.407, 7.371, 6.842, 6.86, 7.936, 9.328, 11.088, 11.109, 11.309, 10.094, 7.49, 7.092, 9.78, 10.34, 9.291, 8.309, 7.78, 6.16, 5.7, 7.162, 7.453, 6.083, 5.779, 5.659, 4.775, 4.512, 3.988, 4.971, 5.41, 4.874, 5.482, 5.891, 5.749, 5.37, 7.321, 9.366, 9.229, 9.197, 11.177, 12.581, 13.914, 16.831, 18.383, 19.859, 21.941, 23.176, 24.434, 25.044, 23.872, 22.957, 24.007, 25.269, 24.453, 23.855, 23.432, 22.562, 21.701, 21.154, 20.142, 17.872, 14.087, 11.64, 13.761, 15.726, 17.638, 19.106, 19.683, 19.14, 17.932, 16.421, 15.014, 14.45, 13.023, 11.535, 10.955, 8.96, 6.041, 5.732, 7.741, 8.55, 8.828, 8.945, 9.679, 9.648, 9.768, 9.704, 9.523, 8.708, 8.122, 7.903, 7.268, 6.14, 6.53, 7.318, 6.955, 7.0, 7.96, 8.919, 9.133, 8.86, 9.172, 10.091, 11.354, 11.637, 10.676, 8.108, 5.749, 5.535, 6.376, 6.343, 6.324, 7.895, 9.934, 8.503, 7.169, 9.968, 10.649, 8.44, 8.235, 9.714, 10.272, 10.43, 11.037, 11.22, 11.334, 11.868, 12.037, 12.403, 12.948, 13.193, 12.26, 11.399, 10.662, 8.926, 8.583, 10.248, 10.915, 10.192, 9.727, 10.288, 10.58, 11.128, 10.647, 11.109, 12.785, 12.6, 11.837, 11.402, 11.647, 12.31, 14.516, 17.264, 18.983, 19.256, 19.612, 19.111, 17.261, 15.225, 15.452, 16.007, 16.209, 15.551, 15.516, 16.602, 17.131, 16.914, 17.1, 18.356, 19.362, 19.748, 19.951, 19.755, 18.879, 18.891, 19.622, 19.262, 18.933, 17.196, 15.222, 15.112, 16.078, 15.209, 13.929, 13.378, 12.336, 11.737, 11.897, 12.661, 10.694], [10.28, 11.875, 11.603, 12.359, 13.273, 12.688, 10.906, 9.839, 11.654, 12.305, 12.083, 12.807, 12.334, 11.226, 9.29, 8.793, 9.759, 8.744, 5.986, 3.539, 1.89, 0.0, 1.756, 3.556, 6.743, 7.354, 6.268, 6.267, 6.825, 7.556, 8.078, 7.261, 4.997, 5.471, 7.299, 8.308, 9.213, 8.918, 7.238, 6.263, 6.753, 7.438, 7.452, 6.874, 6.891, 8.04, 9.465, 11.157, 11.173, 11.349, 10.125, 7.367, 7.181, 9.81, 10.37, 9.322, 8.339, 7.811, 6.191, 5.536, 6.936, 7.142, 5.209, 5.14, 5.008, 3.757, 3.114, 3.023, 4.23, 4.277, 3.954, 4.617, 4.848, 4.647, 5.136, 7.351, 9.396, 9.259, 9.227, 11.207, 12.611, 13.944, 16.861, 18.422, 19.906, 21.974, 23.237, 24.486, 25.119, 23.984, 23.057, 24.174, 25.527, 24.548, 23.916, 23.487, 22.623, 21.761, 21.247, 20.173, 17.903, 14.118, 11.67, 13.795, 15.756, 17.668, 19.14, 19.734, 19.173, 17.966, 16.451, 15.15, 14.53, 13.053, 11.566, 10.985, 9.048, 6.044, 5.054, 7.629, 8.601, 8.837, 8.974, 9.709, 9.709, 9.798, 9.734, 9.553, 8.739, 8.152, 7.934, 7.299, 6.17, 6.561, 7.348, 6.985, 7.053, 8.015, 8.986, 9.165, 8.9, 9.205, 10.125, 11.387, 11.667, 10.707, 8.139, 5.779, 5.626, 6.469, 6.521, 6.355, 7.925, 9.975, 8.596, 7.092, 9.999, 10.68, 8.484, 8.305, 9.761, 10.266, 10.49, 11.067, 11.25, 11.387, 11.898, 12.068, 12.433, 12.978, 13.224, 12.291, 11.449, 10.612, 8.822, 8.614, 10.279, 10.946, 10.24, 9.758, 10.318, 10.61, 11.158, 10.677, 11.139, 12.855, 12.66, 11.922, 11.432, 11.677, 12.34, 14.549, 17.324, 19.058, 19.295, 19.657, 19.152, 17.304, 15.259, 15.485, 16.04, 16.269, 15.585, 15.55, 16.636, 17.164, 16.948, 17.17, 18.436, 19.422, 19.782, 19.985, 19.815, 18.939, 18.933, 19.683, 19.323, 18.966, 17.237, 15.255, 15.172, 16.12, 15.243, 13.973, 13.438, 12.397, 11.805, 11.958, 12.7, 10.804], [10.134, 11.735, 11.58, 12.327, 13.112, 12.498, 10.716, 9.65, 11.49, 12.196, 11.964, 12.67, 12.197, 11.093, 9.137, 8.647, 9.609, 8.633, 6.015, 3.585, 3.062, 1.756, 0.0, 3.664, 6.664, 7.228, 6.107, 6.121, 6.661, 7.429, 7.891, 7.092, 4.947, 5.297, 7.209, 8.119, 9.064, 8.798, 7.068, 6.158, 6.565, 7.254, 7.291, 6.737, 6.701, 7.889, 9.367, 11.011, 11.022, 11.255, 10.022, 7.217, 7.185, 9.621, 10.181, 9.132, 8.15, 7.666, 6.01, 5.335, 6.845, 6.916, 4.791, 4.7, 4.593, 2.736, 2.629, 2.515, 3.3, 3.186, 2.871, 3.955, 3.504, 3.293, 4.894, 7.162, 9.207, 9.07, 9.038, 11.018, 12.422, 13.76, 16.672, 18.256, 19.738, 21.831, 23.072, 24.411, 24.976, 24.005, 22.973, 24.203, 25.496, 24.576, 23.777, 23.344, 22.493, 21.573, 21.085, 20.025, 17.713, 13.928, 11.481, 13.607, 15.567, 17.479, 18.971, 19.574, 19.003, 17.835, 16.364, 15.189, 14.507, 12.916, 11.442, 10.796, 9.052, 6.03, 4.751, 7.462, 8.501, 8.648, 8.785, 9.532, 9.548, 9.609, 9.545, 9.412, 8.561, 7.963, 7.745, 7.11, 5.981, 6.371, 7.159, 6.798, 6.895, 8.015, 8.881, 8.975, 8.711, 9.024, 9.985, 11.217, 11.478, 10.517, 7.949, 5.59, 5.465, 6.378, 6.524, 6.184, 7.736, 9.814, 8.472, 6.927, 9.81, 10.491, 8.384, 8.259, 9.589, 10.084, 10.305, 10.899, 11.089, 11.249, 11.709, 11.878, 12.244, 12.789, 13.034, 12.101, 11.338, 10.514, 8.739, 8.6, 10.109, 10.773, 10.079, 9.568, 10.129, 10.421, 10.969, 10.488, 10.95, 12.756, 12.645, 11.905, 11.327, 11.532, 12.151, 14.368, 17.139, 18.873, 19.113, 19.476, 18.971, 17.123, 15.077, 15.304, 15.885, 16.084, 15.426, 15.368, 16.454, 16.983, 16.766, 16.985, 18.303, 19.244, 19.639, 19.833, 19.65, 18.754, 18.752, 19.506, 19.155, 18.785, 17.065, 15.074, 15.041, 15.985, 15.061, 13.832, 13.281, 12.271, 11.639, 11.813, 12.553, 10.793], [7.037, 8.61, 8.279, 9.073, 9.994, 9.444, 7.662, 6.596, 8.42, 9.074, 8.876, 9.6, 9.127, 7.999, 6.052, 5.508, 6.471, 5.562, 3.417, 3.046, 3.623, 3.556, 3.664, 0.0, 3.543, 4.096, 3.037, 3.072, 3.583, 4.33, 4.884, 4.12, 2.26, 2.494, 3.981, 5.073, 5.969, 5.707, 3.995, 3.055, 3.511, 4.194, 4.165, 3.862, 3.803, 4.748, 6.14, 7.883, 7.905, 8.095, 6.881, 4.206, 3.858, 6.566, 7.127, 6.078, 5.096, 4.571, 2.947, 2.449, 3.802, 4.071, 2.672, 2.495, 2.669, 2.972, 3.528, 2.998, 3.143, 3.592, 3.034, 3.09, 3.65, 3.396, 2.364, 4.108, 6.153, 6.016, 5.986, 7.964, 9.368, 10.7, 13.618, 15.179, 16.654, 18.736, 19.979, 21.197, 21.846, 20.723, 19.765, 20.853, 22.185, 21.327, 20.65, 20.228, 19.357, 18.497, 17.956, 16.929, 14.659, 10.874, 8.427, 10.553, 12.513, 14.425, 15.901, 16.478, 15.935, 14.728, 13.208, 11.818, 11.26, 9.81, 8.322, 7.742, 5.818, 3.01, 2.311, 4.417, 5.357, 5.594, 5.731, 6.466, 6.435, 6.555, 6.491, 6.342, 5.495, 4.914, 4.69, 4.08, 3.062, 3.323, 4.109, 3.808, 3.863, 4.764, 5.717, 5.985, 5.682, 6.042, 7.072, 8.168, 8.435, 7.517, 5.063, 3.51, 3.674, 3.2, 3.25, 3.328, 4.682, 6.721, 5.29, 3.924, 6.755, 7.436, 5.231, 5.077, 6.509, 7.028, 7.226, 7.824, 8.007, 8.179, 8.662, 8.824, 9.19, 9.735, 9.98, 9.047, 8.186, 7.39, 5.641, 5.401, 7.035, 7.703, 6.979, 6.514, 7.075, 7.366, 7.914, 7.434, 7.896, 9.572, 9.379, 8.626, 8.204, 8.434, 9.097, 11.311, 14.059, 15.793, 16.057, 16.415, 15.913, 14.063, 12.021, 12.247, 12.802, 13.005, 12.346, 12.312, 13.398, 13.926, 13.71, 13.906, 15.209, 16.158, 16.544, 16.747, 16.552, 15.675, 15.694, 16.425, 16.065, 15.728, 13.998, 12.017, 11.918, 12.874, 12.005, 10.725, 10.173, 9.145, 8.749, 8.75, 9.457, 7.591], [3.986, 5.192, 5.033, 5.855, 6.648, 5.995, 4.194, 3.498, 5.058, 5.774, 5.616, 6.254, 5.756, 4.741, 3.513, 3.561, 3.759, 3.53, 2.838, 4.228, 6.711, 6.743, 6.664, 3.543, 0.0, 1.393, 1.899, 1.768, 1.686, 2.067, 2.332, 1.932, 2.314, 2.147, 2.047, 2.151, 2.824, 2.549, 1.493, 2.06, 1.962, 1.624, 1.758, 1.752, 1.369, 1.75, 3.121, 4.502, 4.666, 4.892, 3.762, 2.085, 2.02, 3.953, 3.982, 2.907, 2.103, 1.552, 1.7, 2.322, 1.887, 2.251, 2.867, 2.995, 3.156, 4.7, 5.473, 5.239, 4.411, 4.78, 4.692, 3.739, 4.908, 4.826, 2.738, 1.524, 2.941, 2.57, 2.657, 4.473, 5.905, 7.397, 10.314, 11.762, 13.286, 15.266, 16.632, 17.848, 18.435, 17.508, 16.433, 17.732, 19.084, 18.083, 17.288, 16.788, 16.233, 15.297, 14.835, 13.863, 11.28, 7.708, 5.092, 7.055, 9.028, 10.928, 12.42, 13.033, 12.476, 11.26, 9.857, 8.681, 8.034, 6.431, 4.907, 4.382, 3.186, 1.884, 2.623, 2.558, 2.39, 2.686, 2.846, 3.106, 3.209, 3.128, 3.114, 3.345, 2.523, 2.206, 1.989, 1.926, 2.17, 2.054, 2.292, 1.915, 2.374, 3.267, 3.761, 4.202, 3.812, 4.405, 5.391, 6.389, 6.45, 5.739, 3.5, 3.549, 3.201