[[0.0, 1.266, 1.647, 2.173, 4.091, 5.401, 6.176, 6.643, 7.077, 7.508, 6.916, 6.803, 6.659, 6.864, 6.812, 5.834, 5.304, 5.244, 4.522, 5.349, 7.118, 6.909, 4.618, 2.735, 3.902, 4.983, 5.907, 5.977, 4.177, 8.462, 9.674, 9.11, 10.688, 12.385, 13.582, 13.21, 11.848, 11.222, 12.446, 12.816, 12.305, 10.98, 9.341, 8.089, 6.762, 5.433, 5.628, 6.199, 6.512, 5.658, 3.49, 2.046, 2.452, 3.622, 4.939, 4.868, 3.662, 4.281, 4.952, 6.052, 7.586, 8.387, 6.903, 5.198, 3.951, 3.185, 3.141, 3.298, 3.103, 2.5, 2.699, 4.775, 2.619, 3.122, 4.18, 5.488, 6.084, 4.832, 2.431, 2.329, 2.438, 2.661, 2.788, 2.571, 2.517, 2.68, 2.958, 3.065, 2.948, 2.974, 1.937, 1.658, 1.589, 1.922, 2.623, 4.49, 5.153, 6.191, 5.935, 4.423, 3.605, 3.023, 4.245, 3.575, 4.492, 5.544, 3.685, 4.033, 6.28, 5.978, 4.484, 5.589, 5.659, 5.765, 7.15, 6.451, 4.744, 3.545, 3.257, 3.44, 3.876, 4.126, 4.636, 5.307, 5.927, 4.008, 2.861, 2.979, 4.111, 4.168, 4.617, 5.59, 4.37, 3.019, 3.265, 4.26, 7.95, 10.271, 9.187, 6.347, 1.856, 2.023, 1.994, 3.357, 7.173, 8.53], [1.266, 0.0, 1.546, 1.933, 3.786, 5.144, 5.927, 6.36, 6.832, 7.045, 6.604, 6.528, 6.454, 6.609, 6.536, 5.522, 5.004, 5.018, 4.23, 5.115, 6.906, 6.72, 4.37, 2.584, 3.628, 4.765, 5.73, 5.927, 3.929, 8.186, 9.519, 8.925, 10.59, 12.225, 13.3, 12.935, 11.559, 10.932, 12.181, 12.546, 12.108, 10.7, 9.06, 7.912, 6.556, 5.267, 5.422, 5.829, 6.264, 5.429, 3.124, 1.667, 2.248, 3.591, 4.897, 4.619, 3.666, 4.152, 4.796, 5.846, 7.377, 8.18, 6.721, 5.109, 3.915, 3.052, 3.048, 3.24, 3.104, 2.183, 2.47, 4.671, 2.548, 2.814, 3.977, 5.208, 5.796, 4.551, 2.008, 1.956, 2.123, 2.135, 2.254, 2.1, 2.236, 2.67, 3.164, 3.191, 2.865, 2.859, 1.793, 1.489, 1.05, 1.406, 2.037, 4.296, 4.98, 5.984, 5.947, 4.258, 3.463, 2.713, 4.11, 3.165, 4.145, 5.263, 3.443, 3.725, 5.999, 5.697, 4.134, 5.315, 5.427, 5.518, 6.881, 6.254, 4.215, 3.153, 3.039, 3.114, 3.538, 3.829, 4.256, 5.026, 5.647, 3.74, 2.648, 2.745, 3.833, 3.91, 4.336, 5.309, 4.089, 2.629, 3.107, 4.049, 8.104, 10.172, 9.027, 6.238, 1.783, 1.806, 1.826, 3.134, 6.94, 8.333], [1.647, 1.546, 0.0, 2.962, 5.035, 6.384, 7.179, 7.604, 8.168, 8.249, 7.859, 7.694, 7.698, 7.795, 7.768, 6.782, 6.2, 6.22, 5.385, 6.349, 8.144, 7.949, 5.595, 3.594, 3.701, 4.722, 5.646, 5.196, 4.755, 9.435, 10.717, 10.21, 11.896, 13.487, 14.505, 14.17, 12.844, 12.139, 13.366, 13.733, 13.302, 11.892, 10.277, 9.18, 7.869, 6.554, 6.696, 7.074, 7.446, 6.659, 4.449, 2.281, 1.923, 2.658, 3.825, 3.579, 2.611, 3.105, 3.75, 4.798, 6.252, 7.046, 5.571, 3.997, 2.812, 1.935, 2.221, 2.428, 2.354, 2.233, 1.454, 3.621, 1.988, 3.693, 4.987, 6.401, 6.989, 5.744, 3.169, 3.026, 3.29, 3.254, 3.336, 3.017, 2.138, 1.613, 1.994, 2.08, 1.788, 1.659, 1.165, 1.804, 1.692, 1.714, 2.585, 5.09, 5.671, 6.295, 6.282, 4.048, 2.494, 3.17, 5.192, 4.094, 5.401, 6.456, 4.6, 4.918, 7.192, 6.89, 5.318, 6.508, 6.616, 6.689, 8.075, 7.554, 5.395, 4.404, 4.307, 4.299, 4.708, 5.022, 5.439, 6.219, 6.84, 4.92, 3.648, 3.875, 5.029, 5.093, 5.529, 6.502, 5.282, 2.504, 2.42, 3.186, 6.917, 9.046, 7.859, 5.249, 1.255, 2.905, 2.777, 4.318, 8.202, 9.555], [2.173, 1.933, 2.962, 0.0, 2.351, 3.656, 4.35, 4.759, 5.459, 6.066, 5.84, 5.774, 5.743, 6.097, 6.117, 5.151, 4.838, 4.935, 4.013, 4.945, 6.342, 6.296, 4.278, 3.244, 5.209, 6.458, 7.443, 7.68, 4.74, 7.725, 8.883, 8.063, 9.072, 10.642, 11.604, 11.277, 9.961, 9.29, 10.467, 10.838, 10.412, 8.996, 7.44, 6.364, 5.217, 3.908, 4.116, 4.753, 4.657, 4.005, 2.469, 3.163, 3.816, 4.287, 5.931, 5.972, 4.815, 5.329, 6.097, 7.216, 8.742, 9.573, 8.106, 6.309, 5.134, 4.026, 3.357, 3.361, 3.158, 2.382, 3.94, 6.325, 3.562, 2.93, 3.644, 3.522, 4.217, 2.93, 1.902, 2.091, 1.693, 2.045, 2.407, 3.19, 3.816, 4.322, 4.85, 4.882, 4.316, 4.307, 3.388, 2.61, 2.376, 2.368, 2.938, 4.762, 5.698, 6.987, 6.758, 5.87, 5.212, 3.961, 4.321, 3.691, 2.987, 3.573, 2.576, 2.495, 4.3, 3.993, 3.384, 3.708, 3.773, 3.837, 5.179, 4.773, 3.489, 2.568, 2.071, 2.181, 2.535, 2.561, 3.077, 3.5, 3.943, 2.223, 1.856, 1.303, 2.222, 2.277, 2.718, 3.606, 2.576, 3.097, 3.581, 4.557, 8.785, 11.474, 10.524, 7.814, 2.803, 1.116, 1.564, 1.546, 5.284, 6.736], [4.091, 3.786, 5.035, 2.351, 0.0, 1.586, 2.502, 2.724, 3.367, 3.885, 3.705, 3.78, 3.759, 4.063, 4.124, 3.371, 3.15, 3.407, 2.777, 3.461, 4.414, 4.422, 3.224, 3.66, 5.594, 6.981, 8.307, 8.613, 4.837, 5.968, 6.849, 5.948, 7.003, 8.584, 9.553, 9.224, 7.882, 7.196, 8.452, 8.778, 8.371, 6.929, 5.427, 4.332, 3.226, 2.584, 2.509, 2.721, 2.654, 2.131, 2.055, 3.867, 5.519, 6.228, 7.865, 7.92, 6.81, 7.282, 8.007, 9.046, 10.595, 11.465, 10.03, 8.328, 7.13, 6.06, 5.352, 5.438, 5.231, 4.296, 5.929, 8.121, 5.155, 2.269, 2.433, 2.004, 2.236, 1.268, 2.289, 3.379, 2.793, 2.919, 2.946, 3.931, 5.062, 6.377, 6.904, 6.919, 6.455, 6.399, 5.384, 4.563, 4.151, 3.813, 3.735, 3.921, 4.945, 6.723, 6.585, 6.965, 7.138, 4.922, 3.217, 3.076, 2.51, 2.404, 2.017, 2.4, 2.486, 2.4, 3.14, 2.37, 1.98, 1.912, 3.193, 2.758, 1.818, 2.166, 1.918, 2.065, 3.012, 3.029, 3.253, 2.987, 2.322, 3.126, 3.572, 2.319, 2.251, 2.746, 2.52, 2.415, 2.678, 4.37, 5.379, 6.487, 10.858, 13.445, 12.47, 9.737, 4.827, 2.471, 2.581, 2.263, 3.235, 4.718], [5.401, 5.144, 6.384, 3.656, 1.586, 0.0, 1.753, 1.807, 2.203, 2.78, 2.833, 3.095, 2.931, 3.102, 3.502, 3.187, 3.358, 3.634, 3.408, 3.373, 3.819, 4.042, 3.523, 4.628, 6.604, 8.029, 9.443, 9.703, 5.547, 5.559, 5.945, 5.033, 5.825, 7.42, 8.332, 8.058, 6.698, 6.047, 7.341, 7.661, 7.133, 5.643, 4.053, 3.168, 2.119, 2.528, 1.886, 2.021, 1.876, 1.829, 2.644, 5.035, 6.71, 7.367, 9.024, 9.053, 8.088, 8.511, 9.267, 10.256, 11.836, 12.693, 11.301, 9.583, 8.411, 7.324, 6.52, 6.46, 6.116, 5.284, 7.228, 9.171, 6.276, 3.178, 2.706, 1.684, 1.45, 1.458, 3.386, 4.386, 3.648, 3.875, 3.995, 4.94, 6.222, 7.513, 8.068, 8.268, 7.871, 7.704, 6.508, 5.703, 5.286, 5.037, 4.875, 4.169, 5.113, 7.235, 7.558, 8.155, 8.428, 5.901, 3.827, 3.887, 2.877, 2.265, 2.41, 2.805, 2.072, 2.419, 3.551, 2.338, 1.757, 1.554, 2.51, 1.932, 2.236, 2.864, 2.817, 2.915, 3.674, 3.613, 3.618, 3.29, 2.254, 3.806, 4.495, 3.274, 3.087, 3.504, 3.175, 2.846, 3.474, 5.437, 6.595, 7.605, 11.933, 14.655, 13.634, 10.88, 6.087, 3.594, 3.695, 3.091, 2.596, 3.499], [6.176, 5.927, 7.179, 4.35, 2.502, 1.753, 0.0, 1.202, 2.357, 3.313, 3.474, 3.949, 3.738, 3.923, 4.549, 4.519, 4.751, 4.927, 4.608, 4.717, 5.062, 5.332, 4.892, 5.707, 7.689, 9.037, 10.515, 10.707, 6.844, 6.489, 6.498, 5.836, 5.056, 6.439, 7.465, 7.155, 5.79, 5.382, 6.426, 6.746, 6.293, 4.815, 3.359, 2.462, 2.766, 3.684, 3.128, 3.247, 2.989, 2.968, 4.082, 5.915, 7.555, 8.132, 9.946, 9.987, 8.926, 9.346, 10.118, 11.211, 12.725, 13.576, 12.178, 10.393, 9.251, 8.181, 7.32, 7.019, 6.611, 5.944, 7.991, 10.194, 7.27, 4.379, 4.175, 2.854, 2.61, 2.693, 4.471, 5.485, 4.686, 4.663, 5.041, 6.017, 7.198, 8.406, 8.9, 9.033, 8.613, 8.543, 7.431, 6.671, 6.209, 5.952, 5.899, 5.632, 6.57, 8.454, 8.71, 9.105, 9.27, 7.02, 5.095, 5.14, 4.087, 3.175, 3.688, 4.173, 2.978, 3.527, 4.776, 3.441, 2.516, 1.807, 1.949, 1.222, 3.332, 4.049, 3.685, 3.942, 4.452, 4.406, 4.358, 3.853, 2.546, 4.181, 5.291, 4.198, 3.45, 3.742, 3.234, 2.838, 3.768, 6.138, 7.252, 8.401, 12.584, 15.554, 14.547, 11.829, 6.93, 4.398, 4.638, 3.5, 1.517, 2.656], [6.643, 6.36, 7.604, 4.759, 2.724, 1.807, 1.202, 0.0, 2.144, 3.096, 3.393, 3.782, 3.604, 3.909, 4.407, 4.291, 4.57, 4.922, 4.698, 4.518, 4.824, 5.095, 4.708, 5.79, 7.733, 9.203, 10.64, 10.952, 6.921, 6.324, 6.455, 5.685, 5.239, 6.075, 7.033, 6.923, 5.578, 4.85, 5.933, 6.238, 5.776, 4.34, 2.951, 2.528, 2.573, 3.501, 2.867, 3.009, 2.768, 2.783, 3.947, 6.293, 8.014, 8.575, 10.319, 10.389, 9.271, 9.815, 10.518, 11.486, 13.1, 13.964, 12.515, 10.774, 9.615, 8.581, 7.697, 7.428, 7.026, 6.367, 8.437, 10.62, 7.455, 4.439, 3.872, 2.528, 2.318, 2.591, 4.7, 5.823, 5.115, 5.13, 5.238, 6.225, 7.6, 8.905, 9.402, 9.508, 9.015, 8.897, 7.928, 7.101, 6.653, 6.331, 6.209, 5.402, 6.344, 8.422, 8.766, 9.38, 9.68, 7.285, 4.983, 5.098, 3.87, 2.924, 3.633, 4.033, 2.749, 3.35, 4.767, 3.275, 2.328, 1.894, 1.879, 1.301, 3.282, 4.157, 3.898, 3.916, 4.504, 4.396, 4.386, 3.781, 2.467, 4.396, 5.63, 4.492, 3.537, 3.9, 3.52, 2.551, 3.75, 6.42, 7.594, 8.731, 13.01, 15.941, 14.989, 12.279, 7.391, 4.853, 5.07, 3.776, 1.372, 2.209], [7.077, 6.832, 8.168, 5.459, 3.367, 2.203, 2.357, 2.144, 0.0, 1.522, 1.76, 2.201, 2.058, 2.637, 3.303, 3.526, 4.259, 4.92, 4.977, 4.123, 3.394, 3.779, 4.485, 6.014, 7.864, 9.397, 10.895, 11.292, 6.751, 4.293, 4.77, 3.96, 4.078, 5.54, 6.562, 6.249, 4.849, 4.342, 5.526, 5.851, 5.438, 4.006, 2.58, 1.758, 1.466, 2.639, 2.33, 2.06, 1.993, 2.093, 3.948, 6.626, 8.409, 9.34, 11.043, 11.044, 10.02, 10.522, 11.223, 12.164, 13.806, 14.654, 13.222, 11.546, 10.36, 9.363, 8.497, 8.235, 7.956, 7.214, 9.049, 11.026, 8.153, 5.031, 3.746, 2.681, 2.21, 3.282, 5.266, 6.246, 5.511, 5.572, 5.628, 6.665, 8.1, 9.342, 9.836, 9.877, 9.616, 9.599, 8.366, 7.658, 7.08, 6.862, 6.772, 5.513, 6.024, 8.644, 8.95, 9.794, 10.129, 7.689, 5.068, 5.251, 3.894, 3.104, 3.992, 4.547, 3.028, 3.677, 5.246, 3.686, 2.848, 2.955, 3.504, 2.297, 3.51, 4.431, 4.372, 4.564, 5.114, 5.13, 5.204, 4.505, 3.459, 5.335, 6.439, 5.144, 4.473, 4.817, 4.542, 4.022, 4.778, 7.327, 8.407, 9.556, 13.93, 16.69, 15.618, 12.736, 7.809, 5.357, 5.586, 4.407, 2.864, 2.843], [7.508, 7.045, 8.249, 6.066, 3.885, 2.78, 3.313, 3.096, 1.522, 0.0, 1.355, 1.61, 1.5, 2.04, 2.784, 3.291, 4.189, 4.943, 4.952, 3.967, 2.828, 3.284, 4.367, 6.026, 7.947, 9.444, 10.935, 11.328, 6.614, 3.328, 3.712, 3.061, 3.905, 5.451, 6.47, 6.091, 4.783, 4.089, 5.425, 5.792, 5.284, 3.891, 2.809, 1.913, 1.795, 2.815, 2.473, 1.883, 1.965, 2.425, 4.302, 6.932, 8.662, 9.788, 11.372, 11.17, 10.29, 10.804, 11.405, 12.244, 13.799, 14.649, 13.208, 11.741, 10.603, 9.573, 8.922, 8.882, 8.675, 7.844, 9.169, 11.064, 8.491, 5.195, 3.872, 3.16, 2.591, 3.802, 5.371, 6.25, 5.547, 5.603, 5.648, 6.602, 8.082, 9.354, 9.894, 10.083, 9.646, 9.627, 8.447, 7.65, 7.165, 7.244, 6.775, 5.373, 5.843, 8.645, 8.957, 9.837, 10.192, 7.69, 5.127, 5.347, 4.321, 3.44, 4.37, 4.968, 3.534, 4.038, 5.665, 4.134, 3.412, 3.672, 4.407, 3.099, 3.308, 4.404, 4.755, 4.98, 5.65, 5.74, 5.813, 5.21, 4.241, 6.064, 6.96, 5.547, 5.181, 5.611, 5.537, 5.031, 5.676, 7.941, 9.061, 10.115, 14.584, 16.827, 15.658, 12.994, 8.024, 5.634, 5.749, 5.151, 3.641, 3.252], [6.916, 6.604, 7.859, 5.84, 3.705, 2.833, 3.474, 3.393, 1.76, 1.355, 0.0, 1.161, 1.186, 1.442, 2.04, 2.532, 3.4, 4.064, 4.247, 3.163, 2.078, 2.449, 3.549, 5.173, 7.071, 8.571, 10.053, 10.507, 5.826, 3.044, 3.448, 3.119, 4.458, 6.245, 7.31, 6.96, 5.548, 4.981, 6.286, 6.619, 6.174, 4.766, 3.306, 2.333, 1.563, 2.405, 2.444, 2.002, 2.237, 2.51, 3.917, 6.3, 8.222, 9.669, 11.133, 10.911, 10.044, 10.509, 11.11, 12.014, 13.54, 14.382, 12.973, 11.477, 10.335, 9.254, 8.815, 8.815, 8.626, 7.739, 8.837, 10.549, 8.24, 4.908, 3.611, 3.18, 2.749, 3.707, 5.08, 5.585, 5.058, 5.145, 5.076, 5.98, 7.491, 8.773, 9.073, 9.47, 9.262, 9.313, 7.87, 7.29, 6.625, 6.917, 6.503, 4.929, 5.269, 7.813, 8.137, 9.164, 9.584, 7.076, 4.28, 4.878, 4.194, 3.628, 4.281, 4.806, 3.606, 4.153, 5.501, 4.163, 3.74, 4.109, 4.755, 3.302, 2.949, 3.962, 4.323, 4.914, 5.638, 5.73, 5.943, 5.347, 4.609, 6.127, 6.829, 5.477, 5.288, 5.776, 5.8, 5.355, 5.725, 7.812, 8.891, 10.021, 14.436, 16.519, 15.345, 12.565, 7.642, 5.454, 5.406, 5.275, 3.926, 3.797], [6.803, 6.528, 7.694, 5.774, 3.78, 3.095, 3.949, 3.782, 2.201, 1.61, 1.161, 0.0, 0.929, 1.414, 1.768, 2.119, 2.984, 3.68, 3.901, 2.733, 2.016, 2.268, 3.208, 4.872, 6.693, 8.287, 9.7, 10.172, 5.507, 2.699, 3.242, 3.281, 4.902, 6.651, 7.759, 7.38, 6.04, 5.375, 6.675, 7.063, 6.532, 5.148, 3.892, 2.786, 2.014, 2.554, 2.643, 2.41, 2.711, 2.88, 3.778, 6.221, 8.142, 9.594, 11.033, 10.707, 9.893, 10.419, 11.019, 11.812, 13.266, 14.055, 12.648, 11.34, 10.203, 9.148, 8.856, 8.985, 8.733, 7.886, 8.643, 10.397, 8.186, 4.818, 3.495, 3.276, 3.129, 3.728, 4.953, 5.15, 5.065, 5.036, 4.7, 5.45, 7.002, 8.414, 8.788, 9.252, 8.904, 9.136, 7.717, 7.0, 6.429, 6.821, 6.259, 4.514, 4.808, 7.457, 7.744, 8.856, 9.237, 6.819, 3.99, 4.506, 4.363, 3.896, 4.404, 4.803, 3.91, 4.298, 5.481, 4.286, 4.053, 4.459, 5.127, 3.713, 2.937, 3.825, 4.353, 4.997, 5.884, 5.956, 6.198, 5.682, 5.044, 6.469, 6.875, 5.622, 5.499, 6.073, 6.093, 5.678, 5.971, 7.746, 8.837, 9.936, 14.32, 16.353, 14.983, 12.447, 7.475, 5.481, 5.339, 5.63, 4.408, 4.085], [6.659, 6.454, 7.698, 5.743, 3.759, 2.931, 3.738, 3.604, 2.058, 1.5, 1.186, 0.929, 0.0, 1.054, 1.699, 2.281, 3.256, 3.918, 4.09, 3.01, 2.196, 2.311, 3.306, 5.025, 6.929, 8.424, 9.918, 10.362, 5.529, 2.877, 3.322, 2.946, 4.634, 6.426, 7.47, 7.136, 5.739, 5.16, 6.479, 6.89, 6.36, 4.965, 3.669, 2.668, 1.841, 2.475, 2.551, 2.294, 2.512, 2.803, 3.713, 6.094, 8.004, 9.415, 10.845, 10.61, 9.8, 10.269, 10.882, 11.738, 13.188, 14.034, 12.637, 11.251, 10.112, 9.081, 8.836, 8.952, 8.678, 7.845, 8.577, 10.295, 7.993, 4.658, 3.404, 3.24, 2.915, 3.628, 4.837, 5.498, 5.102, 5.26, 5.005, 5.816, 7.334, 8.592, 8.858, 9.19, 9.043, 9.109, 7.719, 6.985, 6.384, 6.77, 6.213, 4.747, 5.076, 7.591, 7.95, 8.93, 9.416, 6.813, 4.116, 4.674, 4.167, 3.811, 4.282, 4.642, 3.796, 4.15, 5.283, 4.166, 3.956, 4.291, 4.918, 3.492, 2.929, 3.702, 4.259, 4.905, 5.761, 5.87, 6.117, 5.569, 4.85, 6.341, 6.612, 5.47, 5.448, 5.937, 6.034, 5.606, 5.944, 7.609, 8.728, 9.913, 14.159, 16.273, 15.027, 12.373, 7.426, 5.504, 5.236, 5.566, 4.185, 3.887], [6.864, 6.609, 7.795, 6.097, 4.063, 3.102, 3.923, 3.909, 2.637, 2.04, 1.442, 1.414, 1.054, 0.0, 1.181, 2.131, 3.143, 3.725, 3.919, 2.864, 2.092, 2.057, 3.223, 4.995, 6.733, 8.251, 9.764, 10.301, 5.428, 2.939, 3.307, 3.325, 4.912, 6.667, 7.704, 7.371, 5.992, 5.389, 6.76, 7.218, 6.761, 5.29, 3.99, 3.086, 2.095, 2.813, 2.924, 2.384, 2.613, 3.025, 3.885, 6.102, 7.984, 9.621, 11.011, 10.6, 9.846, 10.19, 10.823, 11.707, 13.183, 13.998, 12.613, 11.186, 10.165, 9.165, 9.165, 9.295, 8.967, 8.134, 8.627, 10.243, 8.081, 4.767, 3.472, 3.529, 3.095, 3.865, 4.957, 5.42, 5.238, 5.29, 5.096, 5.684, 7.207, 8.508, 8.747, 9.238, 9.06, 9.122, 7.621, 6.991, 6.397, 7.029, 6.249, 4.687, 4.944, 7.392, 7.773, 8.794, 9.343, 6.762, 4.002, 4.698, 4.489, 4.059, 4.615, 4.892, 4.036, 4.363, 5.548, 4.351, 4.142, 4.424, 4.927, 3.542, 2.931, 3.725, 4.568, 5.227, 6.032, 6.159, 6.373, 5.789, 5.017, 6.584, 6.843, 5.737, 5.745, 6.227, 6.225, 5.819, 6.269, 7.925, 9.076, 10.241, 14.38, 16.246, 15.031, 12.38, 7.72, 5.833, 5.468, 5.81, 4.387, 4.151], [6.812, 6.536, 7.768, 6.117, 4.124, 3.502, 4.549, 4.407, 3.303, 2.784, 2.04, 1.768, 1.699, 1.181, 0.0, 1.456, 2.456, 2.854, 3.263, 2.272, 1.578, 1.621, 2.698, 4.644, 6.028, 7.575, 8.939, 9.568, 4.665, 2.756, 3.703, 3.915, 5.693, 7.475, 8.557, 8.206, 6.807, 6.21, 7.594, 8.04, 7.602, 6.213, 4.92, 3.753, 2.636, 2.901, 3.115, 2.646, 2.947, 3.208, 3.852, 5.926, 7.809, 9.637, 11.065, 10.336, 9.797, 10.118, 10.648, 11.398, 12.818, 13.475, 12.116, 10.978, 10.04, 9.187, 9.204, 9.324, 9.065, 8.237, 8.264, 10.14, 8.021, 4.795, 3.438, 3.576, 3.386, 3.978, 5.019, 5.13, 5.297, 5.155, 4.697, 5.154, 6.579, 7.992, 8.237, 8.824, 8.528, 8.922, 7.477, 6.618, 6.259, 7.077, 5.961, 4.037, 4.273, 6.549, 6.948, 8.41, 8.793, 6.426, 3.378, 4.15, 4.499, 4.242, 4.673, 4.99, 4.164, 4.495, 5.674, 4.501, 4.391, 4.759, 5.395, 4.08, 3.02, 3.751, 4.577, 5.273, 6.132, 6.264, 6.473, 5.915, 5.333, 6.669, 6.934, 5.823, 5.79, 6.282, 6.402, 6.032, 6.321, 8.003, 9.101, 10.294, 14.436, 15.999, 14.536, 12.234, 7.759, 5.873, 5.548, 5.919, 5.031, 4.924], [5.834, 5.522, 6.782, 5.151, 3.371, 3.187, 4.519, 4.291, 3.526, 3.291, 2.532, 2.119, 2.281, 2.131, 1.456, 0.0, 1.452, 1.932, 2.385, 1.275, 1.776, 1.758, 1.84, 3.567, 5.025, 6.558, 7.858, 8.583, 3.82, 3.142, 4.748, 4.805, 6.7, 8.507, 9.618, 9.246, 7.861, 7.258, 8.504, 8.855, 8.503, 7.107, 5.686, 4.433, 3.04, 2.633, 2.565, 2.697, 3.097, 2.891, 3.027, 4.916, 6.925, 8.732, 10.185, 9.483, 8.881, 9.285, 9.802, 10.503, 11.938, 12.606, 11.204, 10.091, 9.159, 8.271, 8.229, 8.353, 8.128, 7.268, 7.398, 9.253, 7.155, 3.913, 2.679, 2.97, 3.127, 3.357, 4.13, 4.109, 4.508, 4.359, 3.873, 4.126, 5.592, 7.105, 7.32, 7.815, 7.572, 8.035, 6.631, 5.73, 5.39, 6.035, 5.063, 3.061, 3.242, 5.633, 5.909, 7.437, 7.814, 5.546, 2.415, 3.106, 3.651, 3.619, 3.734, 4.043, 3.675, 3.978, 4.761, 3.901, 3.823, 4.272, 5.296, 3.992, 2.435, 2.965, 3.652, 4.302, 5.232, 5.341, 5.746, 5.295, 4.866, 5.981, 6.118, 4.992, 4.914, 5.502, 5.766, 5.457, 5.44, 7.059, 8.117, 9.308, 13.556, 15.133, 13.659, 11.394, 6.726, 4.914, 4.783, 5.209, 4.963, 5.121], [5.304, 5.004, 6.2, 4.838, 3.15, 3.358, 4.751, 4.57, 4.259, 4.189, 3.4, 2.984, 3.256, 3.143, 2.456, 1.452, 0.0, 1.324, 1.652, 1.204, 2.584, 2.296, 1.822, 3.06, 4.165, 5.674, 7.009, 7.723, 3.044, 4.209, 5.84, 5.851, 7.708, 9.455, 10.588, 10.216, 8.831, 8.228, 9.439, 9.837, 9.407, 8.007, 6.435, 5.152, 3.761, 3.292, 3.092, 3.374, 3.701, 3.241, 2.63, 4.4, 6.248, 8.343, 9.664, 8.724, 8.293, 8.617, 9.119, 9.713, 11.092, 11.732, 10.355, 9.358, 8.47, 7.803, 7.924, 8.068, 7.83, 6.972, 6.741, 8.658, 6.621, 3.407, 2.645, 3.245, 3.777, 3.348, 3.648, 3.715, 4.274, 4.121, 3.565, 3.461, 4.666, 6.215, 6.456, 6.931, 6.629, 7.167, 5.92, 4.983, 4.824, 5.595, 4.394, 2.448, 2.84, 4.863, 5.061, 6.424, 6.826, 4.61, 1.716, 2.36, 3.594, 3.737, 3.689, 3.928, 3.635, 3.905, 4.455, 3.96, 3.603, 4.297, 5.378, 4.293, 2.316, 2.817, 3.487, 4.056, 5.123, 5.178, 5.515, 5.117, 4.608, 5.791, 5.866, 4.839, 4.769, 5.369, 5.444, 5.117, 5.172, 6.657, 7.692, 8.878, 12.96, 14.235, 12.706, 10.616, 6.334, 4.588, 4.461, 4.865, 5.271, 5.823], [5.244, 5.018, 6.22, 4.935, 3.407, 3.634, 4.927, 4.922, 4.92, 4.943, 4.064, 3.68, 3.918, 3.725, 2.854, 1.932, 1.324, 0.0, 1.445, 1.426, 3.192, 2.82, 2.19, 3.189, 3.851, 5.501, 6.696, 7.482, 3.112, 4.55, 6.378, 6.554, 8.447, 10.246, 11.374, 10.995, 9.605, 8.999, 10.297, 10.646, 10.187, 8.766, 7.15, 5.96, 4.53, 3.9, 3.757, 4.152, 4.542, 3.906, 2.903, 4.371, 6.175, 8.263, 9.592, 8.62, 8.236, 8.555, 9.06, 9.6, 10.967, 11.549, 10.208, 9.257, 8.409, 7.736, 7.85, 7.99, 7.77, 6.905, 6.677, 8.564, 6.564, 3.365, 2.875, 3.719, 4.24, 3.546, 3.609, 3.673, 4.199, 4.046, 3.649, 3.418, 4.588, 6.15, 6.245, 6.85, 6.613, 7.102, 5.82, 4.917, 4.737, 5.592, 4.333, 2.551, 3.106, 4.337, 4.542, 6.327, 6.744, 4.552, 1.581, 2.525, 4.087, 4.422, 3.743, 3.981, 4.235, 4.514, 4.599, 4.379, 4.163, 4.387, 5.505, 4.663, 2.997, 3.078, 3.634, 4.136, 5.22, 5.244, 5.569, 5.409, 4.948, 5.783, 5.834, 4.817, 4.815, 5.386, 5.529, 5.388, 5.207, 6.626, 7.638, 8.839, 12.892, 14.121, 12.59, 10.574, 6.303, 4.553, 4.456, 5.156, 5.593, 6.469], [4.522, 4.23, 5.385, 4.013, 2.777, 3.408, 4.608, 4.698, 4.977, 4.952, 4.247, 3.901, 4.09, 3.919, 3.263, 2.385, 1.652, 1.445, 0.0, 1.847, 3.653, 3.231, 2.227, 2.762, 3.821, 5.104, 6.108, 6.641, 2.823, 5.003, 6.754, 6.686, 8.619, 10.326, 11.357, 10.99, 9.676, 9.008, 10.295, 10.628, 10.201, 8.773, 7.178, 6.101, 4.636, 3.756, 3.608, 4.011, 4.434, 3.714, 2.506, 3.696, 5.37, 7.399, 8.739, 7.769, 7.43, 7.712, 8.22, 8.697, 9.947, 10.523, 9.191, 8.421, 7.6, 6.873, 6.95, 7.085, 6.856, 6.003, 5.887, 7.732, 5.703, 2.571, 2.573, 3.432, 3.929, 2.962, 2.727, 2.923, 3.254, 3.12, 2.69, 2.71, 3.83, 5.336, 5.515, 6.041, 5.734, 6.279, 4.98, 4.085, 3.894, 4.721, 3.497, 2.226, 2.87, 4.34, 4.264, 5.381, 5.897, 3.689, 1.34, 2.08, 3.64, 4.05, 3.019, 3.357, 4.131, 4.091, 4.05, 3.869, 3.82, 3.99, 5.27, 4.378, 2.374, 2.278, 2.839, 3.226, 4.303, 4.344, 4.698, 4.593, 4.189, 4.743, 4.834, 3.809, 3.846, 4.383, 4.577, 4.507, 4.204, 5.718, 6.814, 7.989, 12.062, 13.177, 11.639, 9.744, 5.424, 3.662, 3.495, 4.202, 5.178, 6.458], [5.349, 5.115, 6.349, 4.945, 3.461, 3.373, 4.717, 4.518, 4.123, 3.967, 3.163, 2.733, 3.01, 2.864, 2.272, 1.275, 1.204, 1.426, 1.847, 0.0, 2.244, 2.11, 1.758, 3.189, 4.422, 5.937, 7.165, 7.985, 3.281, 3.742, 5.478, 5.621, 7.473, 9.215, 10.385, 10.006, 8.636, 8.005, 9.215, 9.637, 9.145, 7.804, 6.208, 4.936, 3.601, 2.951, 2.656, 3.129, 3.708, 3.003, 2.761, 4.607, 6.577, 8.457, 9.825, 9.042, 8.481, 8.971, 9.481, 10.114, 11.505, 12.099, 10.751, 9.749, 8.749, 7.885, 7.925, 8.062, 7.834, 6.973, 6.939, 8.86, 6.839, 3.564, 2.667, 3.105, 3.716, 3.435, 3.738, 3.811, 4.277, 4.115, 3.636, 3.684, 5.028, 6.597, 6.826, 7.292, 7.022, 7.558, 6.199, 5.261, 4.978, 5.611, 4.584, 2.607, 2.957, 4.996, 5.211, 6.834, 7.186, 5.035, 1.925, 2.575, 3.498, 3.837, 3.618, 3.919, 3.791, 4.14, 4.498, 3.962, 4.018, 4.438, 5.541, 4.365, 2.706, 2.924, 3.521, 4.075, 5.067, 5.195, 5.549, 5.329, 5.033, 5.852, 5.938, 4.912, 4.824, 5.464, 5.624, 5.528, 5.253, 6.722, 7.746, 8.931, 13.16, 14.639, 13.117, 10.974, 6.384, 4.608, 4.568, 5.078, 5.185, 5.625], [7.118, 6.906, 8.144, 6.342, 4.414, 3.819, 5.062, 4.824, 3.394, 2.828, 2.078, 2.016, 2.196, 2.092, 1.578, 1.776, 2.584, 3.192, 3.653, 2.244, 0.0, 1.204, 2.855, 4.719, 6.171, 7.557, 8.953, 9.822, 4.983, 2.725, 3.982, 4.184, 5.843, 7.522, 8.761, 8.392, 7.024, 6.426, 7.62, 8.11, 7.536, 6.303, 4.923, 3.638, 2.695, 2.859, 2.967, 2.705, 3.002, 3.349, 4.248, 6.377, 8.414, 10.224, 11.607, 10.896, 10.276, 10.799, 11.315, 11.975, 13.384, 13.929, 12.629, 11.597, 10.577, 9.638, 9.521, 9.624, 9.408, 8.556, 8.801, 10.692, 8.612, 5.346, 3.956, 3.903, 3.78, 4.457, 5.539, 5.502, 5.551, 5.396, 5.04, 5.555, 6.979, 8.474, 8.674, 9.145, 8.905, 9.421, 8.056, 7.116, 6.813, 7.247, 6.355, 4.243, 4.414, 6.895, 7.148, 8.762, 9.097, 6.917, 3.762, 4.424, 4.874, 4.51, 5.012, 5.428, 4.432, 4.899, 6.13, 4.88, 4.698, 5.26, 6.106, 4.74, 3.284, 4.208, 4.903, 5.658, 6.481, 6.558, 6.759, 6.244, 5.697, 6.934, 7.467, 6.229, 6.061, 6.576, 6.726, 6.384, 6.558, 8.426, 9.428, 10.598, 14.961, 16.523, 15.019, 12.821, 8.066, 6.158, 5.968, 5.953, 5.344, 5.286], [6.909, 6.72, 7.949, 6.296, 4.422, 4.042, 5.332, 5.095, 3.779, 3.284, 2.449, 2.268, 2.311, 2.057, 1.621, 1.758, 2.296, 2.82, 3.231, 2.11, 1.204, 0.0, 2.539, 4.497, 5.68, 7.094, 8.64, 9.576, 4.629, 2.771, 4.161, 4.363, 6.166, 7.867, 9.11, 8.736, 7.357, 6.762, 8.061, 8.637, 8.018, 6.685, 5.392, 4.11, 3.123, 2.933, 3.086, 2.865, 3.229, 3.479, 4.076, 6.134, 8.051, 10.066, 11.406, 10.523, 10.032, 10.473, 10.973, 11.583, 12.955, 13.583, 12.191, 11.225, 10.277, 9.523, 9.529, 9.647, 9.413, 8.566, 8.497, 10.416, 8.355, 5.114, 3.734, 3.9, 3.886, 4.375, 5.352, 5.496, 5.616, 5.466, 5.059, 5.329, 6.621, 8.086, 8.218, 8.72, 8.509, 9.045, 7.686, 6.768, 6.557, 7.18, 6.042, 3.957, 4.149, 6.609, 6.869, 8.253, 8.671, 6.48, 3.287, 4.13, 4.868, 4.587, 5.031, 5.396, 4.596, 4.908, 6.055, 4.948, 4.861, 5.421, 6.428, 5.068, 3.403, 4.128, 4.936, 5.641, 6.506, 6.607, 6.809, 6.298, 5.862, 7.047, 7.41, 6.235, 6.133, 6.676, 6.783, 6.472, 6.636, 8.354, 9.372, 10.56, 14.735, 16.119, 14.616, 12.49, 8.013, 6.148, 5.904, 6.038, 5.642, 5.449], [4.618, 4.37, 5.595, 4.278, 3.224, 3.523, 4.892, 4.708, 4.485, 4.367, 3.549, 3.208, 3.306, 3.223, 2.698, 1.84, 1.822, 2.19, 2.227, 1.758, 2.855, 2.539, 0.0, 2.137, 3.78, 5.22, 7.065, 7.853, 3.077, 4.363, 5.895, 5.92, 7.787, 9.568, 10.718, 10.349, 8.967, 8.365, 9.552, 9.973, 9.528, 8.15, 6.668, 5.337, 3.95, 2.734, 2.909, 3.305, 3.758, 2.989, 2.225, 3.818, 5.837, 7.735, 9.073, 8.395, 7.741, 8.197, 8.727, 9.494, 10.958, 11.762, 10.347, 9.026, 7.982, 7.203, 7.241, 7.376, 7.134, 6.297, 6.339, 8.137, 6.06, 2.861, 2.217, 2.924, 3.711, 2.993, 3.061, 3.465, 3.558, 3.377, 3.066, 3.19, 4.757, 6.132, 6.321, 6.669, 6.47, 6.819, 5.439, 4.697, 4.228, 4.936, 3.924, 2.375, 2.871, 5.001, 5.231, 6.399, 6.8, 4.48, 1.799, 2.07, 2.927, 3.195, 2.904, 3.325, 4.028, 3.76, 3.826, 3.382, 3.907, 4.494, 5.684, 4.41, 2.266, 2.12, 2.785, 3.377, 4.373, 4.547, 4.747, 4.872, 4.816, 5.171, 5.215, 4.294, 4.332, 4.821, 4.871, 5.161, 4.496, 6.023, 7.043, 8.222, 12.391, 14.032, 12.697, 10.193, 5.677, 3.979, 3.948, 4.522, 5.358, 5.824], [2.735, 2.584, 3.594, 3.244, 3.66, 4.628, 5.707, 5.79, 6.014, 6.026, 5.173, 4.872, 5.025, 4.995, 4.644, 3.567, 3.06, 3.189, 2.762, 3.189, 4.719, 4.497, 2.137, 0.0, 2.386, 3.588, 5.369, 6.061, 2.366, 6.195, 7.681, 7.657, 9.508, 11.245, 12.427, 12.058, 10.673, 10.071, 11.265, 11.664, 11.203, 9.858, 8.256, 6.957, 5.613, 4.284, 4.488, 4.958, 5.413, 4.554, 2.522, 1.943, 3.976, 5.762, 7.086, 6.565, 5.795, 6.34, 6.882, 7.668, 9.124, 9.939, 8.512, 7.201, 6.111, 5.25, 5.447, 5.593, 5.383, 4.485, 4.489, 6.246, 4.173, 2.519, 3.139, 4.409, 5.069, 3.956, 2.013, 2.192, 2.643, 2.041, 1.612, 1.514, 2.93, 4.275, 4.481, 4.847, 4.623, 4.963, 3.564, 2.953, 2.469, 3.013, 2.282, 2.849, 3.463, 4.5, 4.477, 4.578, 4.942, 2.695, 2.339, 1.897, 3.346, 4.427, 2.806, 3.023, 5.21, 4.855, 3.529, 4.585, 4.671, 5.186, 6.473, 5.478, 3.053, 2.086, 2.365, 2.714, 3.25, 3.624, 3.637, 4.496, 5.067, 4.313, 3.801, 3.539, 4.004, 4.234, 4.731, 5.057, 3.935, 4.146, 5.114, 6.326, 10.38, 12.195, 10.852, 8.31, 3.827, 3.063, 2.99, 3.785, 6.312, 7.428], [3.902, 3.628, 3.701, 5.209, 5.594, 6.604, 7.689, 7.733, 7.864, 7.947, 7.071, 6.693, 6.929, 6.733, 6.028, 5.025, 4.165, 3.851, 3.821, 4.422, 6.171, 5.68, 3.78, 2.386, 0.0, 1.963, 3.632, 4.539, 2.036, 7.573, 9.393, 9.528, 11.41, 13.216, 14.353, 13.981, 12.596, 11.994, 13.197, 13.587, 13.17, 11.773, 10.139, 8.908, 7.533, 6.197, 6.447, 6.869, 7.317, 6.472, 4.392, 2.329, 3.323, 5.484, 6.476, 5.867, 5.278, 5.236, 5.733, 6.342, 7.763, 8.515, 7.109, 5.959, 5.29, 5.069, 5.806, 6.023, 5.898, 4.989, 4.181, 5.488, 3.742, 3.836, 4.794, 6.288, 6.95, 5.887, 3.862, 3.85, 4.604, 3.773, 3.215, 2.475, 2.461, 3.245, 3.197, 3.601, 3.59, 3.819, 3.485, 3.88, 3.378, 3.443, 2.88, 3.6, 3.4, 3.308, 3.299, 3.271, 3.769, 2.173, 3.383, 2.893, 5.225, 6.344, 4.63, 4.981, 7.075, 6.77, 5.314, 6.452, 6.684, 7.186, 8.388, 7.319, 4.851, 4.036, 4.368, 4.491, 4.99, 5.463, 5.645, 6.393, 6.963, 6.315, 5.656, 5.562, 6.005, 6.221, 6.68, 7.011, 5.926, 4.365, 4.776, 6.188, 9.644, 10.855, 9.445, 7.204, 4.442, 5.01, 4.744, 5.829, 8.217, 9.396], [4.983, 4.765, 4.722, 6.458, 6.981, 8.029, 9.037, 9.203, 9.397, 9.444, 8.571, 8.287, 8.424, 8.251, 7.575, 6.558, 5.674, 5.501, 5.104, 5.937, 7.557, 7.094, 5.22, 3.588, 1.963, 0.0, 2.214, 3.118, 3.238, 9.115, 10.909, 11.01, 12.895, 14.657, 15.833, 15.463, 14.085, 13.491, 14.662, 15.076, 14.622, 13.294, 11.719, 10.435, 9.052, 7.722, 7.924, 8.411, 8.852, 7.98, 5.927, 3.453, 3.316, 5.169, 5.866, 5.846, 5.569, 4.823, 5.001, 4.894, 6.279, 7.022, 5.594, 5.242, 5.02, 5.569, 6.444, 6.62, 6.648, 6.041, 4.537, 4.938, 4.533, 5.273, 6.28, 7.823, 8.451, 7.368, 5.199, 5.057, 5.837, 5.031, 4.531, 3.691, 3.32, 3.922, 3.808, 3.826, 4.148, 4.329, 4.562, 5.036, 4.476, 4.346, 4.038, 4.692, 4.343, 3.514, 3.641, 2.47, 3.779, 2.906, 4.641, 4.47, 6.73, 7.851, 6.026, 6.379, 8.617, 8.29, 6.756, 8.017, 8.081, 8.594, 9.874, 8.797, 6.328, 5.38, 5.621, 5.893, 6.37, 6.764, 6.985, 7.64, 8.377, 7.512, 6.825, 6.771, 7.26, 7.468, 8.026, 8.342, 7.213, 5.13, 4.726, 6.08, 8.859, 9.418, 8.017, 6.137, 5.407, 6.239, 5.883, 6.979, 9.583, 10.876], [5.907, 5.73, 5.646, 7.443, 8.307, 9.443, 10.515, 10.64, 10.895, 10.935, 10.053, 9.7, 9.918, 9.764, 8.939, 7.858, 7.009, 6.696, 6.108, 7.165, 8.953, 8.64, 7.065, 5.369, 3.632, 2.214, 0.0, 1.636, 4.507, 10.587, 12.368, 12.518, 14.399, 16.154, 17.326, 16.971, 15.584, 14.99, 16.217, 16.585, 16.096, 14.783, 13.186, 11.954, 10.58, 9.232, 9.437, 9.926, 10.372, 9.51, 7.391, 4.848, 4.264, 5.588, 6.089, 6.278, 6.039, 5.185, 5.311, 4.568, 5.157, 5.374, 4.688, 5.498, 5.372, 6.251, 7.124, 7.315, 7.515, 6.974, 5.226, 5.196, 5.438, 6.593, 7.724, 9.299, 9.894, 8.783, 6.373, 5.937, 6.8, 6.242, 5.653, 4.808, 4.057, 4.652, 4.529, 4.619, 4.981, 5.11, 5.515, 5.949, 5.399, 5.304, 5.201, 5.847, 5.265, 3.432, 3.605, 2.546, 4.204, 3.854, 6.011, 5.86, 8.196, 9.344, 7.464, 7.836, 10.072, 9.769, 8.209, 9.513, 9.598, 10.02, 11.316, 10.295, 7.853, 6.894, 7.097, 7.224, 7.585, 7.972, 8.405, 9.132, 9.763, 8.453, 7.743, 7.698, 8.283, 8.48, 9.188, 9.726, 8.399, 6.086, 5.332, 6.442, 8.475, 8.406, 6.951, 5.757, 6.289, 7.207, 6.839, 7.941, 10.938, 12.347], [5.977, 5.927, 5.196, 7.68, 8.613, 9.703, 10.707, 10.952, 11.292, 11.328, 10.507, 10.172, 10.362, 10.301, 9.568, 8.583, 7.723, 7.482, 6.641, 7.985, 9.822, 9.576, 7.853, 6.061, 4.539, 3.118, 1.636, 0.0, 5.168, 11.376, 13.094, 13.011, 14.911, 16.669, 17.708, 17.379, 15.952, 15.395, 16.691, 17.024, 16.59, 15.118, 13.509, 12.41, 10.921, 9.686, 9.908, 10.254, 10.7, 9.838, 7.739, 5.234, 4.095, 4.657, 4.999, 5.302, 5.262, 4.221, 4.372, 3.594, 4.006, 4.318, 3.559, 4.43, 4.419, 5.542, 6.381, 6.586, 6.742, 6.812, 4.5, 4.199, 5.059, 6.863, 8.074, 9.67, 10.204, 9.035, 6.64, 6.023, 7.074, 6.523, 5.93, 5.246, 4.126, 4.023, 3.982, 4.018, 4.449, 4.515, 5.057, 5.627, 5.423, 5.638, 5.555, 6.319, 5.864, 4.018, 4.204, 2.334, 3.423, 4.083, 6.687, 6.33, 8.589, 9.739, 7.794, 8.164, 10.412, 10.119, 8.541, 9.808, 10.041, 10.241, 11.566, 10.691, 8.337, 7.256, 7.457, 7.61, 7.968, 8.256, 8.689, 9.442, 10.064, 8.604, 7.768, 7.794, 8.677, 8.77, 9.452, 9.96, 8.656, 5.787, 4.849, 5.519, 7.632, 7.504, 6.027, 4.821, 5.677, 7.292, 6.679, 8.285, 11.443, 12.825], [4.177, 3.929, 4.755, 4.74, 4.837, 5.547, 6.844, 6.921, 6.751, 6.614, 5.826, 5.507, 5.529, 5.428, 4.665, 3.82, 3.044, 3.112, 2.823, 3.281, 4.983, 4.629, 3.077, 2.366, 2.036, 3.238, 4.507, 5.168, 0.0, 6.336, 8.17, 8.19, 10.105, 11.912, 12.968, 12.635, 11.215, 10.662, 11.942, 12.334, 11.859, 10.391, 8.784, 7.668, 6.227, 5.011, 5.204, 5.504, 5.95, 5.186, 3.459, 2.998, 4.443, 6.598, 7.614, 6.907, 6.402, 6.289, 6.844, 7.173, 8.532, 9.165, 7.838, 6.892, 6.491, 6.161, 6.877, 7.061, 6.914, 5.874, 5.249, 6.596, 4.694, 3.039, 3.849, 5.265, 5.971, 4.984, 3.259, 3.408, 3.975, 3.525, 3.0, 2.709, 3.318, 4.242, 4.122, 4.48, 4.493, 4.863, 4.261, 3.904, 3.891, 4.407, 2.81, 2.559, 2.26, 3.207, 3.102, 4.007, 4.528, 2.227, 2.389, 2.207, 4.099, 5.245, 3.831, 4.034, 5.863, 5.552, 4.347, 5.382, 5.803, 6.224, 7.4, 6.32, 4.074, 3.151, 3.512, 3.878, 4.514, 4.814, 5.084, 5.791, 6.036, 5.652, 5.345, 4.82, 5.339, 5.535, 5.925, 6.283, 5.286, 5.407, 5.969, 7.398, 10.815, 11.671, 10.163, 8.192, 5.427, 4.511, 4.404, 5.303, 7.415, 8.234], [8.462, 8.186, 9.435, 7.725, 5.968, 5.559, 6.489, 6.324, 4.293, 3.328, 3.044, 2.699, 2.877, 2.939, 2.756, 3.142, 4.209, 4.55, 5.003, 3.742, 2.725, 2.771, 4.363, 6.195, 7.573, 9.115, 10.587, 11.376, 6.336, 0.0, 2.325, 2.843, 4.193, 5.819, 6.927, 6.555, 5.182, 5.063, 6.922, 7.427, 6.897, 6.034, 5.698, 4.719, 4.089, 4.301, 4.509, 4.215, 4.561, 4.889, 5.553, 7.61, 9.637, 11.38, 12.819, 12.167, 11.542, 11.989, 12.513, 13.202, 14.636, 15.362, 13.967, 12.801, 11.831, 10.852, 10.794, 10.926, 10.684, 9.846, 10.078, 11.924, 9.835, 6.556, 5.201, 5.349, 5.334, 5.864, 6.768, 6.752, 7.018, 6.882, 6.457, 6.882, 8.334, 9.825, 10.046, 10.539, 10.285, 10.705, 9.318, 8.441, 8.067, 8.633, 7.736, 5.812, 6.008, 8.275, 8.601, 10.123, 10.525, 8.247, 5.059, 5.85, 6.027, 6.073, 6.297, 6.635, 6.026, 6.44, 7.314, 6.339, 6.404, 6.744, 7.678, 6.209, 5.012, 5.512, 6.214, 6.863, 7.765, 7.888, 8.248, 7.767, 7.415, 8.399, 8.553, 7.485, 7.457, 7.992, 8.244, 8.025, 7.963, 9.644, 10.669, 11.844, 16.18, 17.821, 16.393, 14.077, 9.306, 7.43, 7.275, 7.716, 6.793, 6.362], [9.674, 9.519, 10.717, 8.883, 6.849, 5.945, 6.498, 6.455, 4.77, 3.712, 3.448, 3.242, 3.322, 3.307, 3.703, 4.748, 5.84, 6.378, 6.754, 5.478, 3.982, 4.161, 5.895, 7.681, 9.393, 10.909, 12.368, 13.094, 8.17, 2.325, 0.0, 1.332, 2.776, 4.041, 5.131, 4.865, 4.481, 5.046, 7.098, 7.545, 6.772, 5.92, 5.608, 4.717, 4.675, 5.334, 5.565, 4.976, 5.101, 5.779, 6.811, 9.058, 10.993, 12.602, 14.067, 13.711, 12.784, 13.339, 13.937, 14.748, 16.215, 17.001, 15.586, 14.256, 13.177, 12.214, 11.996, 12.122, 11.88, 11.032, 11.655, 13.32, 11.129, 7.813, 6.497, 6.342, 5.883, 6.782, 8.021, 8.216, 8.104, 8.064, 7.761, 8.426, 10.026, 11.453, 11.694, 12.173, 11.921, 12.128, 10.72, 10.045, 9.441, 9.844, 9.176, 7.424, 7.663, 10.109, 10.434, 11.766, 12.164, 9.831, 6.791, 7.503, 7.283, 6.83, 7.466, 7.805, 6.899, 7.248, 8.542, 7.228, 6.811, 7.203, 7.7, 6.185, 5.677, 6.751, 7.38, 8.077, 8.925, 9.052, 9.249, 8.672, 7.804, 9.444, 9.76, 8.629, 8.541, 9.046, 9.08, 8.616, 9.103, 10.866, 11.88, 13.05, 17.412, 19.385, 18.033, 15.458, 10.574, 8.618, 8.393, 8.464, 6.786, 6.244], [9.11, 8.925, 10.21, 8.063, 5.948, 5.033, 5.836, 5.685, 3.96, 3.061, 3.119, 3.281, 2.946, 3.325, 3.915, 4.805, 5.851, 6.554, 6.686, 5.621, 4.184, 4.363, 5.92, 7.657, 9.528, 11.01, 12.518, 13.011, 8.19, 2.843, 1.332, 0.0, 2.553, 3.942, 4.866, 4.543, 4.193, 4.807, 6.894, 7.316, 6.609, 5.467, 5.069, 4.085, 3.762, 4.564, 4.68, 4.106, 4.183, 4.821, 6.139, 8.562, 10.463, 11.718, 13.33, 13.239, 12.257, 12.767, 13.372, 14.271, 15.842, 16.688, 15.26, 13.728, 12.576, 11.628, 11.036, 11.144, 10.898, 10.071, 11.175, 12.899, 10.447, 7.193, 5.843, 5.377, 4.956, 5.924, 7.334, 8.12, 7.554, 7.723, 7.569, 8.412, 9.941, 11.225, 11.516, 11.823, 11.672, 11.654, 10.225, 9.636, 9.012, 9.249, 8.844, 7.341, 7.667, 10.225, 10.569, 11.541, 12.028, 9.447, 6.742, 7.299, 6.317, 5.893, 6.485, 6.934, 5.928, 6.262, 7.691, 6.398, 5.979, 6.316, 6.967, 5.551, 5.3, 6.233, 6.641, 7.11, 7.939, 8.056, 8.281, 7.695, 6.897, 8.459, 8.838, 7.66, 7.567, 8.056, 8.147, 7.701, 8.093, 9.952, 11.07, 12.203, 16.571, 18.853, 17.72, 14.881, 9.98, 7.721, 7.7, 7.639, 6.212, 5.783], [10.688, 10.59, 11.896, 9.072, 7.003, 5.825, 5.056, 5.239, 4.078, 3.905, 4.458, 4.902, 4.634, 4.912, 5.693, 6.7, 7.708, 8.447, 8.619, 7.473, 5.843, 6.166, 7.787, 9.508, 11.41, 12.895, 14.399, 14.911, 10.105, 4.193, 2.776, 2.553, 0.0, 1.928, 3.039, 2.714, 2.084, 3.012, 4.57, 4.965, 4.262, 3.472, 3.78, 3.347, 4.208, 5.412, 5.543, 5.181, 4.662, 5.392, 7.685, 10.219, 12.062, 12.795, 14.65, 14.772, 13.572, 14.003, 14.829, 15.824, 17.385, 18.273, 16.829, 15.065, 13.942, 12.9, 12.054, 11.8, 11.359, 10.64, 12.798, 14.813, 11.582, 8.77, 7.341, 5.962, 5.591, 6.777, 9.044, 9.983, 9.274, 9.349, 9.366, 10.324, 11.878, 13.123, 13.47, 13.604, 13.334, 13.293, 12.165, 11.456, 10.871, 10.572, 10.47, 9.157, 9.522, 12.171, 12.456, 13.388, 13.859, 11.363, 8.622, 8.999, 7.0, 6.031, 7.486, 7.873, 5.928, 6.545, 8.396, 6.817, 6.104, 6.224, 5.921, 4.863, 6.879, 7.882, 7.736, 7.975, 8.202, 8.232, 8.378, 7.505, 6.577, 8.313, 9.531, 8.639, 7.512, 7.866, 7.778, 7.227, 7.914, 10.622, 11.781, 13.041, 17.253, 20.336, 19.34, 16.525, 11.521, 9.081, 9.356, 7.796, 5.172, 4.091], [12.385, 12.225, 13.487, 10.642, 8.584, 7.42, 6.439, 6.075, 5.54, 5.451, 6.245, 6.651, 6.426, 6.667, 7.475, 8.507, 9.455, 10.246, 10.326, 9.215, 7.522, 7.867, 9.568, 11.245, 13.216, 14.657, 16.154, 16.669, 11.912, 5.819, 4.041, 3.942, 1.928, 0.0, 1.683, 1.956, 2.018, 2.773, 3.986, 4.148, 3.775, 3.458, 4.076, 4.371, 5.888, 7.072, 7.014, 6.706, 6.232, 7.037, 9.318, 11.968, 13.694, 14.317, 16.198, 16.331, 15.057, 15.524, 16.361, 17.36, 18.923, 19.805, 18.361, 16.597, 15.497, 14.432, 13.61, 13.355, 12.838, 12.139, 14.39, 16.454, 13.103, 10.325, 8.922, 7.495, 7.147, 8.333, 10.613, 11.663, 10.956, 11.008, 11.037, 11.942, 13.509, 14.763, 15.26, 15.36, 14.91, 14.848, 13.809, 13.05, 12.526, 12.061, 11.94, 10.628, 11.047, 13.972, 14.281, 15.141, 15.468, 13.08, 10.438, 10.633, 8.515, 7.464, 9.057, 9.394, 7.185, 7.844, 9.765, 8.234, 7.468, 7.596, 6.421, 6.103, 8.483, 9.603, 9.408, 9.527, 9.687, 9.51, 9.679, 8.791, 7.675, 9.578, 10.872, 10.195, 8.858, 9.086, 8.897, 7.85, 9.029, 12.05, 13.237, 14.578, 18.792, 21.892, 20.925, 18.171, 13.217, 10.709, 10.957, 9.215, 5.604, 4.359], [13.582, 13.3, 14.505, 11.604, 9.553, 8.332, 7.465, 7.033, 6.562, 6.47, 7.31, 7.759, 7.47, 7.704, 8.557, 9.618, 10.588, 11.374, 11.357, 10.385, 8.761, 9.11, 10.718, 12.427, 14.353, 15.833, 17.326, 17.708, 12.968, 6.927, 5.131, 4.866, 3.039, 1.683, 0.0, 1.689, 2.321, 2.871, 3.956, 4.091, 4.172, 3.692, 4.707, 5.583, 6.928, 8.198, 8.171, 7.636, 7.157, 7.963, 10.32, 13.104, 14.829, 15.143, 16.968, 17.15, 15.985, 16.335, 17.11, 18.241, 19.674, 20.55, 19.143, 17.44, 16.295, 15.143, 14.373, 14.112, 13.67, 12.84, 15.349, 17.375, 13.838, 11.146, 9.824, 8.332, 7.916, 9.067, 11.545, 12.671, 11.925, 12.027, 12.057, 13.031, 14.455, 15.754, 16.301, 16.434, 15.915, 15.742, 14.767, 13.919, 13.523, 13.164, 13.018, 11.728, 12.228, 15.019, 15.378, 16.261, 16.608, 14.1, 11.553, 11.676, 9.288, 8.327, 9.982, 10.092, 8.113, 8.734, 10.563, 9.002, 8.312, 8.301, 7.237, 7.179, 9.593, 10.636, 10.441, 10.346, 10.427, 10.476, 10.564, 9.669, 8.516, 10.507, 11.689, 10.969, 9.876, 10.078, 9.864, 8.826, 10.012, 12.804, 14.16, 15.483, 19.624, 22.646, 21.791, 19.124, 14.273, 11.759, 11.873, 10.416, 6.76, 5.519], [13.21, 12.935, 14.17, 11.277, 9.224, 8.058, 7.155, 6.923, 6.249, 6.091, 6.96, 7.38, 7.136, 7.371, 8.206, 9.246, 10.216, 10.995, 10.99, 10.006, 8.392, 8.736, 10.349, 12.058, 13.981, 15.463, 16.971, 17.379, 12.635, 6.555, 4.865, 4.543, 2.714, 1.956, 1.689, 0.0, 1.584, 2.585, 3.364, 3.847, 4.177, 3.831, 4.564, 5.236, 6.634, 7.84, 7.824, 7.352, 6.869, 7.676, 9.997, 12.733, 14.45, 14.907, 16.767, 16.93, 15.737, 16.079, 16.91, 17.971, 19.486, 20.359, 18.91, 17.194, 16.059, 14.938, 14.146, 13.901, 13.484, 12.658, 15.038, 17.106, 13.604, 10.919, 9.531, 8.095, 7.713, 8.878, 11.246, 12.341, 11.611, 11.673, 11.699, 12.67, 14.15, 15.426, 15.968, 16.063, 15.577, 15.466, 14.459, 13.671, 13.203, 12.839, 12.697, 11.415, 11.861, 14.686, 15.007, 15.887, 16.24, 13.766, 11.181, 11.338, 9.056, 8.103, 9.677, 9.888, 7.947, 8.561, 10.401, 8.836, 8.085, 8.125, 7.299, 6.838, 9.224, 10.304, 10.109, 10.085, 10.243, 10.334, 10.389, 9.498, 8.365, 10.372, 11.531, 10.764, 9.664, 9.882, 9.731, 8.822, 9.899, 12.656, 13.909, 15.217, 19.387, 22.444, 21.543, 18.819, 13.908, 11.405, 11.59, 10.076, 6.61, 5.396], [11.848, 11.559, 12.844, 9.961, 7.882, 6.698, 5.79, 5.578, 4.849, 4.783, 5.548, 6.04, 5.739, 5.992, 6.807, 7.861, 8.831, 9.605, 9.676, 8.636, 7.024, 7.357, 8.967, 10.673, 12.596, 14.085, 15.584, 15.952, 11.215, 5.182, 4.481, 4.193, 2.084, 2.018, 2.321, 1.584, 0.0, 1.619, 2.96, 3.39, 3.389, 2.829, 3.412, 3.964, 5.21, 6.535, 6.515, 5.98, 5.507, 6.319, 8.676, 11.361, 13.121, 13.659, 15.442, 15.585, 14.463, 14.781, 15.629, 16.687, 18.173, 19.057, 17.666, 15.918, 14.814, 13.677, 12.881, 12.635, 12.253, 11.417, 13.637, 15.757, 12.376, 9.573, 8.234, 6.853, 6.398, 7.576, 9.875, 10.975, 10.258, 10.334, 10.385, 11.362, 12.835, 14.071, 14.565, 14.694, 14.247, 14.189, 13.106, 12.323, 11.82, 11.542, 11.395, 10.118, 10.531, 13.267, 13.624, 14.552, 14.881, 12.394, 9.809, 9.992, 7.837, 6.95, 8.318, 8.64, 6.805, 7.417, 9.251, 7.673, 6.904, 6.86, 6.036, 5.461, 7.856, 8.917, 8.696, 8.799, 9.068, 9.118, 9.246, 8.364, 7.216, 9.189, 10.395, 9.428, 8.457, 8.74, 8.526, 7.609, 8.735, 11.478, 12.657, 13.925, 18.096, 21.124, 20.193, 17.489, 12.602, 10.086, 10.231, 8.7, 5.43, 4.136], [11.222, 10.932, 12.139, 9.29, 7.196, 6.047, 5.382, 4.85, 4.342, 4.089, 4.981, 5.375, 5.16, 5.389, 6.21, 7.258, 8.228, 8.999, 9.008, 8.005, 6.426, 6.762, 8.365, 10.071, 11.994, 13.491, 14.99, 15.395, 10.662, 5.063, 5.046, 4.807, 3.012, 2.773, 2.871, 2.585, 1.619, 0.0, 2.473, 2.72, 2.614, 2.06, 2.661, 3.523, 4.867, 6.032, 5.877, 5.298, 4.913, 5.658, 7.942, 10.745, 12.453, 12.798, 14.588, 14.706, 13.508, 14.09, 14.715, 15.761, 17.312, 18.159, 16.727, 15.02, 13.914, 12.834, 11.968, 11.834, 11.58, 10.733, 13.003, 15.01, 11.533, 8.765, 7.378, 6.151, 5.562, 6.822, 9.209, 10.337, 9.589, 9.659, 9.692, 10.645, 12.07, 13.419, 13.968, 14.075, 13.558, 13.323, 12.427, 11.516, 11.189, 10.806, 10.592, 9.34, 9.853, 12.693, 13.02, 13.898, 14.248, 11.766, 9.193, 9.301, 7.241, 6.245, 7.728, 7.88, 6.21, 6.806, 8.586, 7.012, 6.108, 6.134, 5.366, 4.973, 7.236, 8.304, 8.142, 7.962, 8.422, 8.521, 8.628, 7.781, 6.57, 8.65, 9.755, 8.54, 7.89, 8.169, 8.008, 6.988, 8.172, 10.829, 12.084, 13.114, 17.556, 20.266, 19.415, 16.761, 11.912, 9.372, 9.533, 8.205, 4.975, 3.509], [12.446, 12.181, 13.366, 10.467, 8.452, 7.341, 6.426, 5.933, 5.526, 5.425, 6.286, 6.675, 6.479, 6.76, 7.594, 8.504, 9.439, 10.297, 10.295, 9.215, 7.62, 8.061, 9.552, 11.265, 13.197, 14.662, 16.217, 16.691, 11.942, 6.922, 7.098, 6.894, 4.57, 3.986, 3.956, 3.364, 2.96, 2.473, 0.0, 1.289, 1.991, 2.402, 3.377, 4.456, 5.903, 7.105, 7.083, 6.64, 6.179, 6.977, 9.211, 11.979, 13.731, 14.108, 15.983, 16.165, 14.916, 15.32, 16.101, 17.185, 18.688, 19.551, 18.096, 16.376, 15.235, 14.15, 13.358, 13.112, 12.586, 11.834, 14.33, 16.398, 12.825, 10.16, 8.787, 7.272, 6.933, 8.088, 10.541, 11.667, 10.932, 10.985, 11.024, 11.953, 13.434, 14.753, 15.29, 15.318, 14.754, 14.639, 13.759, 12.938, 12.517, 12.041, 11.931, 10.66, 11.145, 14.016, 14.281, 15.169, 15.504, 13.091, 10.459, 10.559, 8.212, 7.211, 8.978, 9.089, 6.883, 7.524, 9.461, 7.914, 7