[[0.0, 1.393, 2.026, 2.708, 1.675, 1.685, 2.467, 5.102, 7.356, 7.818, 6.682, 5.731, 6.125, 7.04, 6.215, 4.381, 4.839, 6.597, 7.731, 8.968, 8.221, 7.66, 8.406, 8.492, 7.605, 6.673, 6.192, 5.793, 6.193, 5.791, 5.445, 5.121, 3.969, 3.278, 3.054, 3.935, 3.406, 2.401, 1.804, 2.471, 3.428, 4.98, 5.172, 4.546, 4.507, 4.407, 4.659, 4.604, 4.214, 4.093, 4.084, 3.87, 3.887, 3.304, 2.71, 3.669, 3.702, 6.853, 10.481, 11.79, 13.381, 14.067, 13.048, 12.146, 12.166, 12.029, 12.355, 12.271, 12.335, 14.036, 15.398, 17.556, 20.45, 21.971, 21.774, 21.985, 21.586, 21.157, 19.801, 18.327, 17.779, 17.233, 13.468, 8.887, 8.815, 10.379, 10.094, 9.448, 8.631, 9.493, 10.14, 13.851, 18.911, 20.921, 20.932, 19.768, 18.871, 18.043, 16.798, 15.132, 13.756, 12.913, 14.027, 14.359, 13.465, 13.61, 14.381, 13.324, 12.092, 12.096, 13.011, 13.221, 14.534, 16.268, 17.617, 17.577, 16.1, 12.307, 6.424, 3.563, 5.827, 7.316, 8.297, 9.82, 8.226, 5.871, 5.606, 6.463, 7.997, 10.428, 12.389, 11.39, 11.893, 13.967, 13.334, 11.019, 11.438, 11.363, 9.735, 9.199, 8.729, 8.86, 10.38, 11.538, 11.659, 11.813, 12.461, 13.894, 15.176, 16.383, 16.674, 16.014, 14.195, 10.815, 8.146, 8.152, 7.836, 7.158, 6.343, 6.862, 5.937, 5.52, 6.841, 7.444, 9.004, 12.208, 14.055, 14.571, 13.744, 13.233, 11.573, 9.215, 7.885, 8.013, 9.752, 10.204, 11.171, 14.508, 17.283, 18.167, 18.008, 17.716, 18.826, 18.428, 17.298, 18.053, 19.238, 19.351, 20.271, 21.307, 23.537, 24.159, 22.881, 21.356, 19.833, 19.571, 19.676, 17.374, 14.417, 12.325, 13.474, 14.747, 13.069, 12.225, 13.133, 11.845], [1.393, 0.0, 2.428, 3.117, 1.977, 1.747, 2.391, 4.406, 6.721, 7.123, 6.056, 5.12, 5.57, 6.718, 5.568, 3.894, 4.29, 5.921, 7.061, 8.372, 7.604, 7.161, 7.814, 7.875, 7.102, 6.232, 5.55, 5.03, 5.493, 5.095, 4.751, 4.434, 3.731, 3.525, 3.347, 3.808, 3.179, 2.908, 2.318, 2.826, 3.703, 5.216, 5.433, 4.93, 4.94, 4.731, 5.053, 4.899, 4.611, 4.474, 4.455, 4.378, 4.329, 3.635, 2.847, 3.983, 3.888, 6.166, 9.787, 11.095, 12.746, 13.373, 12.361, 11.49, 11.473, 11.391, 11.66, 11.585, 11.668, 13.395, 14.712, 16.871, 19.766, 21.285, 21.089, 21.3, 20.902, 20.472, 19.117, 17.649, 17.095, 16.549, 12.784, 8.192, 8.121, 9.695, 9.4, 8.753, 7.936, 8.853, 9.506, 13.169, 18.233, 20.271, 20.281, 19.138, 18.244, 17.397, 16.179, 14.488, 13.111, 12.283, 13.386, 13.714, 12.808, 12.925, 13.695, 12.637, 11.408, 11.411, 12.324, 12.535, 13.849, 15.583, 16.932, 16.892, 15.405, 11.672, 5.804, 3.039, 5.143, 6.617, 7.603, 9.126, 7.544, 5.242, 4.925, 5.776, 7.302, 9.743, 11.694, 10.691, 11.198, 13.28, 12.636, 10.321, 10.744, 10.669, 9.04, 8.509, 8.03, 8.164, 9.688, 10.854, 10.972, 11.123, 11.771, 13.209, 14.491, 15.697, 15.987, 15.33, 13.517, 10.162, 7.482, 7.514, 7.152, 6.47, 5.634, 6.173, 5.342, 5.121, 6.486, 6.761, 8.312, 11.523, 13.369, 13.913, 13.069, 12.538, 10.878, 8.52, 7.203, 7.34, 9.069, 9.509, 10.516, 13.827, 16.588, 17.48, 17.314, 17.029, 18.131, 17.733, 16.611, 17.366, 18.552, 18.667, 19.585, 20.62, 22.843, 23.472, 22.194, 20.661, 19.138, 18.878, 19.042, 16.749, 13.726, 11.657, 12.884, 14.17, 12.457, 11.551, 12.457, 11.165], [2.026, 2.428, 0.0, 1.758, 1.793, 2.302, 3.622, 6.584, 8.929, 9.314, 8.222, 7.303, 7.702, 8.885, 7.768, 5.526, 5.949, 8.108, 9.245, 10.632, 9.721, 9.245, 9.854, 9.666, 8.822, 8.105, 7.546, 7.046, 7.683, 7.286, 6.921, 6.591, 5.441, 4.533, 4.437, 5.406, 4.858, 3.232, 2.508, 3.39, 3.512, 3.922, 4.294, 3.924, 3.999, 4.109, 4.412, 4.458, 4.097, 4.154, 4.175, 3.96, 4.031, 3.742, 3.604, 3.347, 3.382, 8.354, 11.949, 13.285, 14.96, 15.563, 14.553, 13.72, 13.706, 13.659, 13.861, 13.787, 13.831, 15.532, 16.914, 19.069, 21.973, 23.478, 23.287, 23.498, 23.099, 22.67, 21.326, 19.865, 19.297, 18.755, 14.981, 10.36, 10.292, 11.866, 11.563, 10.943, 10.117, 11.062, 11.729, 15.376, 20.447, 22.477, 22.482, 21.327, 20.439, 19.582, 18.35, 16.73, 15.368, 14.427, 15.559, 15.909, 14.986, 15.129, 15.897, 14.83, 13.609, 13.609, 14.517, 14.728, 16.047, 17.781, 19.13, 19.09, 17.595, 13.865, 8.02, 5.036, 7.305, 8.816, 9.789, 11.297, 9.721, 7.354, 7.094, 7.942, 9.468, 11.937, 13.896, 12.896, 13.398, 15.471, 14.824, 12.519, 12.939, 12.851, 11.231, 10.705, 10.214, 10.355, 11.874, 13.046, 13.177, 13.32, 13.942, 15.39, 16.679, 17.88, 18.181, 17.52, 15.706, 12.321, 9.7, 9.763, 9.347, 8.661, 7.8, 8.364, 7.489, 7.038, 8.418, 8.963, 10.552, 13.745, 15.562, 16.122, 15.278, 14.729, 13.084, 10.71, 9.419, 9.554, 11.262, 11.699, 12.738, 16.04, 18.79, 19.689, 19.505, 19.222, 20.321, 19.926, 18.801, 19.553, 20.745, 20.866, 21.778, 22.814, 25.033, 25.666, 24.387, 22.851, 21.328, 21.075, 21.255, 19.005, 15.949, 13.87, 15.159, 16.364, 14.666, 13.757, 14.665, 13.387], [2.708, 3.117, 1.758, 0.0, 1.99, 2.794, 4.207, 7.268, 9.626, 10.04, 8.966, 7.991, 8.478, 9.549, 8.411, 6.012, 6.7, 8.784, 9.964, 11.336, 10.414, 9.987, 10.585, 10.467, 9.619, 8.882, 8.34, 7.824, 8.408, 8.011, 7.646, 7.268, 6.131, 5.085, 5.094, 6.084, 5.552, 3.577, 2.857, 3.532, 2.936, 3.061, 3.116, 3.03, 3.257, 3.025, 3.529, 3.663, 3.333, 3.438, 3.458, 3.396, 3.407, 3.428, 4.021, 2.998, 2.79, 9.069, 12.634, 14.01, 15.649, 16.288, 15.274, 14.415, 14.42, 14.351, 14.581, 14.512, 14.539, 16.197, 17.639, 19.784, 22.693, 24.206, 24.008, 24.218, 23.82, 23.391, 22.045, 20.591, 20.021, 19.476, 15.7, 11.084, 10.95, 12.498, 12.288, 11.668, 10.826, 11.749, 12.417, 16.096, 21.169, 23.202, 23.214, 22.06, 21.171, 20.308, 19.053, 17.454, 16.082, 15.124, 16.296, 16.649, 15.719, 15.855, 16.623, 15.55, 14.329, 14.33, 15.237, 15.448, 16.766, 18.502, 19.851, 19.811, 18.32, 14.551, 8.622, 5.647, 8.015, 9.516, 10.513, 12.018, 10.434, 8.037, 7.789, 8.646, 10.193, 12.653, 14.609, 13.597, 14.113, 16.193, 15.512, 13.219, 13.657, 13.568, 11.956, 11.399, 10.905, 11.061, 12.595, 13.761, 13.885, 14.014, 14.626, 16.109, 17.394, 18.607, 18.9, 18.241, 16.421, 13.057, 10.396, 10.459, 10.063, 9.384, 8.514, 9.088, 8.177, 7.76, 9.107, 9.696, 11.282, 14.475, 16.281, 16.809, 15.966, 15.454, 13.814, 11.435, 10.124, 10.242, 11.981, 12.424, 13.412, 16.741, 19.503, 20.387, 20.23, 19.942, 21.046, 20.649, 19.521, 20.266, 21.465, 21.586, 22.498, 23.533, 25.758, 26.385, 25.107, 23.576, 22.053, 21.799, 21.944, 19.703, 16.631, 14.609, 15.872, 17.056, 15.369, 14.474, 15.387, 14.102], [1.675, 1.977, 1.793, 1.99, 0.0, 1.376, 2.546, 5.449, 7.818, 8.222, 7.527, 6.385, 7.17, 8.303, 6.605, 4.393, 4.954, 6.987, 8.466, 9.78, 9.093, 8.692, 9.29, 9.391, 8.686, 7.75, 6.815, 6.139, 6.587, 6.135, 5.772, 5.392, 4.298, 3.385, 3.291, 4.222, 3.689, 2.269, 1.449, 2.193, 2.492, 3.722, 3.867, 3.476, 3.416, 3.284, 3.629, 3.667, 3.542, 3.454, 3.413, 3.246, 3.244, 2.602, 2.616, 3.2, 2.85, 7.278, 10.84, 12.303, 13.793, 14.413, 13.402, 12.564, 12.635, 12.561, 12.824, 12.715, 12.992, 14.734, 15.802, 17.94, 20.821, 22.35, 22.136, 22.346, 21.948, 21.518, 20.197, 18.727, 18.17, 17.612, 13.823, 9.209, 9.074, 10.611, 10.412, 9.792, 8.95, 9.868, 10.548, 14.232, 19.306, 21.355, 21.383, 20.243, 19.377, 18.625, 17.329, 15.792, 14.353, 13.402, 14.533, 14.904, 13.948, 13.992, 14.751, 13.673, 12.457, 12.457, 13.36, 13.571, 14.89, 16.629, 17.978, 17.935, 16.484, 12.769, 7.052, 3.964, 6.151, 7.64, 8.637, 10.141, 8.587, 6.161, 5.962, 6.77, 8.317, 10.79, 12.733, 11.721, 12.259, 14.32, 13.642, 11.343, 11.781, 11.691, 10.08, 9.523, 9.029, 9.185, 10.719, 11.884, 12.008, 12.142, 12.771, 14.232, 15.521, 16.749, 17.062, 16.368, 14.643, 11.352, 8.584, 8.616, 8.213, 7.507, 6.637, 7.266, 6.591, 6.163, 7.256, 7.855, 9.524, 12.632, 14.418, 14.928, 14.088, 13.652, 12.011, 9.583, 8.397, 8.387, 10.139, 10.548, 11.53, 14.933, 17.627, 18.511, 18.354, 18.065, 19.17, 18.773, 17.645, 18.39, 19.588, 19.709, 20.621, 21.656, 23.882, 24.508, 23.23, 21.7, 20.177, 19.927, 20.075, 17.867, 14.818, 12.821, 14.194, 15.38, 13.688, 12.669, 13.536, 12.294], [1.685, 1.747, 2.302, 2.794, 1.376, 0.0, 1.818, 4.798, 7.151, 7.579, 6.728, 5.604, 6.377, 7.487, 5.929, 3.62, 4.194, 6.329, 7.692, 8.993, 8.279, 7.903, 8.505, 8.62, 7.873, 6.938, 6.139, 5.391, 5.939, 5.526, 5.161, 4.784, 3.652, 3.049, 2.966, 3.613, 3.068, 2.474, 1.908, 2.19, 3.169, 4.502, 4.734, 4.412, 4.465, 4.314, 4.603, 4.476, 4.326, 4.207, 3.971, 4.02, 3.957, 2.977, 2.071, 3.401, 3.514, 6.6, 10.22, 11.573, 13.155, 13.804, 12.793, 11.941, 11.961, 11.89, 12.128, 12.053, 12.248, 13.971, 15.154, 17.317, 20.211, 21.733, 21.525, 21.735, 21.337, 20.908, 19.579, 18.112, 17.553, 16.995, 13.214, 8.6, 8.466, 10.003, 9.803, 9.184, 8.342, 9.252, 9.925, 13.615, 18.688, 20.729, 20.749, 19.606, 18.74, 17.89, 16.667, 15.041, 13.648, 12.76, 13.864, 14.198, 13.243, 13.376, 14.142, 13.064, 11.846, 11.847, 12.751, 12.961, 14.28, 16.019, 17.368, 17.325, 15.836, 12.056, 6.243, 3.351, 5.666, 7.032, 8.029, 9.532, 7.973, 5.553, 5.307, 6.162, 7.709, 10.182, 12.125, 11.113, 11.629, 13.711, 13.028, 10.735, 11.173, 11.082, 9.471, 8.915, 8.421, 8.577, 10.111, 11.275, 11.399, 11.533, 12.14, 13.623, 14.911, 16.126, 16.414, 15.758, 13.967, 10.608, 7.922, 7.986, 7.587, 6.898, 6.028, 6.617, 5.822, 5.392, 6.613, 7.236, 8.834, 12.016, 13.798, 14.312, 13.48, 12.979, 11.353, 8.955, 7.664, 7.76, 9.509, 9.94, 10.915, 14.279, 17.019, 17.903, 17.745, 17.456, 18.562, 18.165, 17.035, 17.78, 18.979, 19.099, 20.011, 21.047, 23.274, 23.899, 22.621, 21.092, 19.569, 19.318, 19.452, 17.23, 14.176, 12.151, 13.426, 14.643, 12.917, 12.026, 12.915, 11.659], [2.467, 2.391, 3.622, 4.207, 2.546, 1.818, 0.0, 3.31, 5.809, 6.101, 5.4, 4.356, 5.128, 6.269, 4.624, 2.882, 3.332, 4.775, 6.345, 7.732, 6.872, 6.587, 7.166, 7.451, 6.838, 5.908, 4.804, 4.13, 4.441, 4.048, 3.645, 3.192, 2.413, 2.193, 2.319, 2.372, 1.774, 2.956, 2.602, 2.703, 3.826, 5.433, 5.7, 5.069, 4.949, 4.951, 5.225, 5.174, 5.21, 5.089, 4.745, 4.558, 4.644, 3.361, 2.276, 4.174, 4.212, 5.205, 8.583, 10.185, 11.808, 12.318, 11.187, 10.548, 10.58, 10.586, 10.83, 10.609, 10.829, 12.552, 13.741, 15.794, 18.607, 20.191, 19.923, 20.137, 19.739, 19.31, 18.019, 16.589, 16.005, 15.404, 11.607, 6.967, 6.837, 8.455, 8.219, 7.678, 6.854, 7.8, 8.488, 12.023, 17.103, 19.157, 19.277, 18.148, 17.247, 16.597, 15.213, 13.815, 12.351, 11.25, 12.502, 12.865, 11.924, 11.882, 12.609, 11.456, 10.245, 10.243, 11.146, 11.355, 12.665, 14.414, 15.767, 15.718, 14.389, 10.811, 5.053, 1.782, 4.137, 5.399, 6.434, 7.92, 6.502, 3.966, 3.835, 4.528, 6.148, 8.602, 10.492, 9.498, 10.136, 12.131, 11.509, 9.132, 9.555, 9.459, 7.838, 7.365, 6.81, 6.944, 8.477, 9.657, 9.816, 9.989, 10.569, 12.016, 13.306, 14.63, 14.889, 14.163, 12.535, 9.275, 6.581, 6.606, 6.056, 5.273, 4.536, 4.994, 4.604, 4.273, 5.262, 5.788, 7.45, 10.57, 12.235, 12.86, 12.029, 11.584, 9.932, 7.512, 6.436, 6.34, 7.969, 8.306, 9.462, 12.908, 15.501, 16.427, 16.128, 15.849, 16.929, 16.531, 15.427, 16.164, 17.365, 17.512, 18.386, 19.431, 21.641, 22.28, 21.023, 19.587, 18.051, 17.826, 18.056, 15.856, 12.786, 10.761, 12.244, 13.434, 11.742, 10.446, 11.329, 10.19], [5.102, 4.406, 6.584, 7.268, 5.449, 4.798, 3.31, 0.0, 2.625, 2.866, 2.376, 1.841, 2.415, 3.152, 1.656, 2.734, 2.981, 2.868, 3.895, 4.879, 3.944, 3.915, 4.885, 5.578, 5.173, 3.955, 3.004, 2.7, 2.358, 2.046, 1.619, 1.426, 1.92, 2.847, 3.26, 2.669, 2.475, 4.235, 4.938, 4.747, 6.383, 8.051, 8.252, 6.993, 6.598, 6.735, 7.039, 6.794, 6.602, 6.731, 6.218, 6.019, 6.271, 4.951, 3.932, 7.039, 6.155, 2.063, 5.526, 7.019, 8.538, 9.063, 8.091, 7.239, 7.309, 7.327, 7.635, 7.631, 8.148, 9.563, 10.514, 12.596, 15.437, 16.964, 16.75, 16.964, 16.566, 16.136, 14.81, 13.348, 12.796, 12.236, 8.438, 4.11, 4.193, 5.298, 5.025, 4.548, 3.939, 4.553, 5.209, 8.85, 13.94, 15.989, 16.011, 14.882, 14.032, 13.346, 12.089, 10.554, 9.091, 8.107, 9.265, 9.616, 8.659, 8.62, 9.364, 8.287, 7.075, 7.074, 7.974, 8.185, 9.504, 11.245, 12.596, 12.549, 11.197, 7.551, 2.898, 2.06, 2.59, 3.172, 3.809, 4.8, 3.7, 2.596, 1.542, 1.595, 3.015, 5.399, 7.342, 6.336, 6.953, 8.93, 8.302, 5.976, 6.389, 6.366, 4.742, 4.336, 4.047, 4.326, 5.367, 6.512, 6.641, 6.754, 7.399, 8.846, 10.138, 11.429, 11.734, 11.024, 9.395, 6.096, 3.31, 3.358, 2.993, 2.866, 2.384, 2.148, 2.971, 2.981, 2.88, 2.71, 4.286, 7.269, 9.035, 9.575, 8.752, 8.359, 6.697, 4.311, 3.221, 3.132, 4.841, 5.173, 6.183, 9.634, 12.236, 13.142, 12.976, 12.679, 13.778, 13.381, 12.259, 13.004, 14.202, 14.337, 15.235, 16.271, 18.491, 19.122, 17.876, 16.325, 14.786, 14.54, 14.752, 12.57, 9.586, 7.547, 9.006, 10.172, 8.48, 7.298, 8.165, 6.927], [7.356, 6.721, 8.929, 9.626, 7.818, 7.151, 5.809, 2.625, 0.0, 1.246, 1.768, 2.768, 2.527, 2.031, 1.57, 4.055, 4.182, 3.097, 3.013, 3.259, 2.5, 2.712, 3.634, 4.213, 3.967, 2.831, 2.6, 2.804, 2.296, 2.793, 2.744, 3.09, 3.713, 5.057, 5.308, 4.44, 4.667, 6.311, 7.122, 6.912, 8.534, 10.239, 10.508, 8.984, 8.4, 8.478, 8.947, 8.46, 8.101, 8.431, 7.763, 7.738, 7.989, 6.856, 6.12, 9.315, 8.349, 1.329, 3.614, 4.805, 6.203, 6.858, 5.836, 4.988, 5.169, 5.147, 5.696, 5.768, 6.491, 7.777, 8.257, 10.292, 13.174, 14.679, 14.482, 14.709, 14.306, 13.869, 12.519, 11.074, 10.502, 9.959, 6.17, 3.782, 4.407, 3.728, 3.195, 2.98, 2.636, 2.425, 2.943, 6.568, 11.652, 13.704, 13.745, 12.61, 11.812, 11.021, 9.87, 8.188, 6.78, 6.133, 6.912, 7.215, 6.305, 6.346, 7.101, 6.031, 4.797, 4.807, 5.737, 5.951, 7.236, 8.977, 10.329, 10.281, 8.893, 5.162, 2.781, 4.327, 3.169, 3.242, 3.688, 3.781, 3.427, 3.699, 2.494, 1.834, 1.395, 3.154, 5.144, 4.145, 4.7, 6.687, 6.095, 3.897, 4.204, 4.246, 3.746, 3.889, 3.621, 3.443, 3.616, 4.295, 4.418, 4.539, 5.169, 6.626, 7.88, 9.14, 9.466, 8.773, 7.13, 3.928, 1.708, 1.66, 2.196, 2.814, 2.592, 2.042, 3.159, 3.363, 2.684, 2.256, 2.431, 5.111, 6.849, 7.295, 6.467, 6.177, 4.389, 2.308, 1.659, 1.509, 2.708, 3.068, 4.227, 7.252, 10.039, 10.902, 10.733, 10.447, 11.568, 11.175, 10.018, 10.765, 11.949, 12.055, 12.982, 14.013, 16.262, 16.881, 15.611, 14.078, 12.567, 12.301, 12.383, 10.168, 7.298, 5.29, 6.773, 7.746, 6.102, 5.107, 6.019, 4.869], [7.818, 7.123, 9.314, 10.04, 8.222, 7.579, 6.101, 2.866, 1.246, 0.0, 1.581, 2.666, 2.384, 2.189, 1.926, 4.139, 3.98, 2.497, 2.673, 3.034, 2.167, 2.323, 3.107, 3.963, 3.738, 2.58, 2.511, 2.977, 2.225, 2.695, 2.961, 3.37, 4.144, 5.37, 5.646, 4.839, 4.946, 6.749, 7.543, 7.268, 8.884, 10.574, 10.8, 9.411, 8.847, 8.929, 9.394, 8.939, 8.691, 8.969, 8.397, 8.305, 8.653, 7.253, 6.322, 9.607, 8.576, 1.396, 3.076, 4.379, 5.833, 6.38, 5.358, 4.461, 4.601, 4.701, 5.174, 5.222, 5.917, 7.196, 7.761, 9.771, 12.69, 14.197, 13.984, 14.209, 13.806, 13.369, 12.025, 10.571, 10.016, 9.468, 5.705, 3.974, 4.736, 3.609, 2.969, 3.075, 2.87, 2.378, 2.538, 6.076, 11.17, 13.223, 13.263, 12.12, 11.306, 10.634, 9.402, 7.819, 6.313, 5.603, 6.496, 6.799, 5.888, 5.853, 6.587, 5.529, 4.305, 4.313, 5.224, 5.436, 6.738, 8.479, 9.831, 9.783, 8.454, 4.946, 3.15, 4.62, 3.574, 3.534, 3.868, 3.794, 3.55, 3.883, 2.839, 1.941, 1.276, 2.659, 4.626, 3.636, 4.296, 6.182, 5.684, 3.659, 3.803, 4.229, 4.077, 4.17, 3.836, 3.694, 3.821, 4.035, 4.016, 4.06, 4.732, 6.147, 7.452, 8.687, 9.032, 8.283, 6.69, 3.454, 1.275, 1.592, 1.902, 2.29, 2.357, 1.629, 2.649, 2.945, 2.362, 1.946, 2.165, 4.904, 6.592, 6.948, 6.034, 5.615, 3.952, 2.243, 1.73, 1.595, 2.584, 2.543, 3.872, 6.862, 9.527, 10.436, 10.207, 9.932, 11.042, 10.649, 9.492, 10.243, 11.444, 11.557, 12.468, 13.504, 15.736, 16.358, 15.13, 13.581, 12.067, 11.819, 12.004, 9.898, 7.268, 5.342, 6.73, 7.533, 5.759, 4.634, 5.429, 4.471], [6.682, 6.056, 8.222, 8.966, 7.527, 6.728, 5.4, 2.376, 1.768, 1.581, 0.0, 1.855, 1.667, 1.958, 1.695, 3.793, 3.788, 2.563, 2.668, 3.242, 2.14, 2.21, 3.113, 3.854, 3.479, 2.273, 2.259, 2.771, 2.268, 2.508, 2.716, 3.217, 3.795, 5.059, 5.471, 4.671, 4.743, 6.268, 7.16, 7.051, 8.645, 10.342, 10.539, 9.197, 8.688, 8.805, 9.173, 8.751, 8.347, 8.372, 8.012, 8.056, 8.268, 6.985, 5.866, 8.593, 8.308, 1.548, 4.019, 5.172, 6.868, 7.441, 6.397, 5.607, 5.633, 5.591, 5.879, 5.893, 6.203, 7.618, 8.763, 10.908, 13.81, 15.346, 15.137, 15.35, 14.957, 14.513, 13.154, 11.696, 11.146, 10.608, 6.852, 4.319, 4.981, 4.34, 3.941, 3.892, 3.559, 3.456, 3.699, 7.211, 12.274, 14.306, 14.349, 13.187, 12.296, 11.522, 10.208, 8.581, 7.222, 6.396, 7.456, 7.754, 6.865, 6.991, 7.742, 6.672, 5.445, 5.447, 6.367, 6.583, 7.885, 9.618, 10.97, 10.928, 9.456, 5.935, 2.756, 3.933, 3.503, 3.763, 4.164, 4.331, 3.834, 4.274, 2.851, 1.9, 1.72, 3.802, 5.834, 4.86, 5.332, 7.4, 6.967, 4.948, 5.094, 5.375, 4.555, 4.472, 4.151, 4.289, 4.614, 5.28, 5.264, 5.325, 5.995, 7.372, 8.686, 9.874, 10.18, 9.445, 7.61, 4.349, 1.902, 2.086, 2.298, 2.475, 2.228, 1.502, 2.193, 2.464, 2.51, 2.395, 2.917, 6.006, 7.698, 8.141, 7.242, 6.638, 5.067, 3.03, 1.869, 2.156, 3.551, 3.707, 4.889, 8.001, 10.717, 11.624, 11.375, 11.08, 12.234, 11.837, 10.656, 11.471, 12.585, 12.712, 13.628, 14.658, 16.896, 17.52, 16.28, 14.76, 13.285, 12.994, 13.19, 11.11, 8.423, 6.189, 7.455, 8.421, 6.6, 5.63, 6.532, 5.324], [5.731, 5.12, 7.303, 7.991, 6.385, 5.604, 4.356, 1.841, 2.768, 2.666, 1.855, 0.0, 1.596, 2.965, 1.993, 2.733, 3.026, 2.736, 3.353, 3.937, 3.351, 3.187, 3.687, 4.381, 4.279, 3.041, 2.593, 2.82, 2.385, 2.12, 2.276, 2.872, 3.383, 4.298, 4.866, 4.306, 3.86, 5.663, 6.001, 6.167, 7.715, 9.469, 9.589, 8.64, 8.267, 8.395, 8.63, 8.381, 8.057, 8.11, 7.619, 7.455, 7.636, 6.498, 5.047, 7.598, 7.516, 2.471, 5.058, 6.189, 7.709, 8.382, 7.366, 6.542, 6.582, 6.528, 6.764, 6.698, 6.891, 8.541, 9.785, 11.937, 14.797, 16.359, 16.128, 16.333, 15.914, 15.479, 14.166, 12.697, 12.138, 11.596, 8.033, 4.75, 4.902, 5.486, 5.148, 4.767, 4.238, 4.513, 4.529, 8.189, 13.263, 15.306, 15.333, 14.189, 13.315, 12.542, 11.249, 9.681, 8.279, 7.325, 8.475, 8.831, 7.874, 7.961, 8.724, 7.631, 6.418, 6.418, 7.343, 7.586, 8.864, 10.589, 11.94, 11.893, 10.434, 7.061, 3.308, 2.944, 3.685, 3.865, 4.266, 5.006, 4.165, 3.771, 2.441, 2.256, 3.022, 4.824, 6.834, 5.88, 6.376, 8.438, 8.171, 6.152, 6.274, 6.571, 5.229, 5.06, 4.699, 5.001, 5.606, 6.503, 6.494, 6.464, 7.216, 8.489, 9.767, 11.011, 11.264, 10.547, 8.748, 5.613, 2.876, 3.238, 3.333, 3.072, 2.372, 2.054, 2.132, 2.032, 2.538, 2.927, 4.111, 7.253, 8.909, 9.221, 8.279, 7.678, 6.214, 3.947, 2.705, 3.148, 4.762, 4.856, 5.718, 8.996, 11.692, 12.539, 12.367, 12.083, 13.236, 12.823, 11.663, 12.529, 13.595, 13.722, 14.622, 15.662, 17.858, 18.493, 17.216, 15.689, 14.304, 14.073, 14.136, 12.275, 9.673, 7.449, 8.664, 9.517, 7.704, 6.617, 7.561, 6.264], [6.125, 5.57, 7.702, 8.478, 7.17, 6.377, 5.128, 2.415, 2.527, 2.384, 1.667, 1.596, 0.0, 2.182, 1.961, 3.497, 3.605, 2.914, 3.22, 3.51, 3.04, 2.973, 3.479, 4.088, 3.898, 2.948, 2.76, 3.225, 2.923, 3.01, 2.923, 3.386, 3.936, 5.084, 5.58, 4.85, 4.711, 6.264, 6.86, 7.048, 8.645, 10.362, 10.523, 9.34, 8.885, 8.984, 9.37, 8.975, 8.326, 8.451, 8.024, 8.108, 8.337, 7.172, 5.962, 8.356, 8.373, 2.401, 4.705, 5.983, 7.552, 8.238, 7.24, 6.324, 6.349, 6.173, 6.567, 6.555, 6.717, 8.228, 9.59, 11.741, 14.621, 16.159, 15.956, 16.166, 15.768, 15.335, 13.972, 12.513, 11.958, 11.404, 7.765, 4.705, 4.989, 4.965, 4.635, 4.424, 3.99, 4.115, 4.326, 8.025, 13.09, 15.12, 15.136, 13.995, 13.122, 12.266, 11.06, 9.366, 7.96, 7.142, 8.227, 8.565, 7.66, 7.783, 8.565, 7.51, 6.266, 6.274, 7.202, 7.413, 8.716, 10.446, 11.797, 11.756, 10.294, 6.528, 2.994, 3.756, 3.801, 3.894, 4.19, 4.8, 3.96, 4.144, 2.779, 2.517, 2.898, 4.654, 6.594, 5.603, 6.098, 8.169, 7.588, 5.587, 5.77, 6.073, 5.092, 4.93, 4.61, 4.825, 5.224, 6.024, 6.028, 6.043, 6.708, 8.117, 9.394, 10.592, 10.889, 10.213, 8.464, 5.154, 2.691, 2.926, 3.122, 3.098, 2.749, 2.142, 2.594, 2.629, 2.973, 2.925, 3.55, 6.74, 8.629, 8.916, 7.949, 7.43, 5.767, 3.635, 2.517, 2.832, 4.438, 4.462, 5.481, 8.712, 11.49, 12.361, 12.2, 11.907, 13.019, 12.622, 11.5, 12.255, 13.431, 13.523, 14.463, 15.494, 17.729, 18.351, 17.072, 15.548, 14.027, 13.755, 13.846, 11.732, 9.178, 7.055, 8.198, 9.027, 7.34, 6.456, 7.337, 6.064], [7.04, 6.718, 8.885, 9.549, 8.303, 7.487, 6.269, 3.152, 2.031, 2.189, 1.958, 2.965, 2.182, 0.0, 2.162, 4.835, 5.073, 4.018, 3.747, 3.275, 2.815, 3.006, 3.992, 4.397, 3.92, 3.141, 3.17, 3.544, 3.208, 3.677, 3.797, 4.002, 4.533, 5.858, 6.25, 5.486, 5.48, 6.984, 7.86, 7.804, 9.435, 11.117, 11.314, 10.007, 9.503, 9.577, 10.064, 9.607, 8.911, 9.108, 8.637, 8.825, 9.076, 7.878, 6.775, 9.581, 9.168, 2.189, 3.87, 5.016, 6.615, 7.294, 6.276, 5.372, 5.394, 5.24, 5.758, 5.835, 6.171, 7.487, 8.626, 10.78, 13.671, 15.2, 14.999, 15.209, 14.811, 14.381, 13.021, 11.554, 11.004, 10.453, 6.701, 3.943, 4.689, 4.088, 3.761, 3.349, 3.445, 3.234, 3.945, 7.088, 12.137, 14.142, 14.143, 12.991, 12.14, 11.242, 10.062, 8.354, 7.034, 6.305, 7.223, 7.571, 6.664, 6.826, 7.607, 6.552, 5.382, 5.396, 6.239, 6.449, 7.758, 9.492, 10.841, 10.801, 9.326, 5.529, 2.372, 4.876, 3.851, 3.659, 4.128, 4.247, 3.728, 4.454, 3.265, 2.644, 2.483, 3.73, 5.615, 4.618, 5.123, 7.195, 6.529, 4.348, 4.75, 4.825, 4.087, 4.137, 3.972, 3.877, 3.932, 4.829, 4.922, 5.014, 5.662, 7.111, 8.401, 9.592, 9.902, 9.231, 7.423, 4.07, 2.8, 2.725, 3.594, 3.961, 3.55, 2.947, 3.705, 4.014, 3.976, 3.645, 2.579, 5.44, 7.349, 7.797, 6.97, 6.472, 4.799, 2.567, 1.699, 1.882, 3.141, 3.544, 4.693, 7.734, 10.509, 11.393, 11.235, 10.944, 12.052, 11.655, 10.523, 11.268, 12.467, 12.572, 13.499, 14.535, 16.764, 17.387, 16.109, 14.581, 13.059, 12.785, 12.91, 10.661, 7.856, 5.744, 6.912, 7.995, 6.292, 5.49, 6.386, 5.326], [6.215, 5.568, 7.768, 8.411, 6.605, 5.929, 4.624, 1.656, 1.57, 1.926, 1.695, 1.993, 1.961, 2.162, 0.0, 3.123, 3.593, 3.066, 3.636, 4.139, 3.276, 3.385, 4.362, 5.064, 4.78, 3.547, 2.884, 2.956, 2.474, 2.391, 1.822, 2.004, 2.606, 3.983, 4.293, 3.491, 3.598, 5.129, 6.068, 5.872, 7.529, 9.192, 9.429, 7.996, 7.483, 7.587, 8.065, 7.617, 7.14, 7.479, 6.777, 6.89, 7.13, 5.881, 4.958, 8.214, 7.266, 1.39, 4.541, 5.844, 7.284, 7.931, 6.905, 6.039, 6.214, 6.044, 6.506, 6.616, 7.253, 8.583, 9.287, 11.432, 14.312, 15.833, 15.63, 15.837, 15.439, 15.009, 13.673, 12.222, 11.653, 11.101, 7.318, 3.466, 3.847, 4.258, 3.96, 3.412, 2.746, 3.424, 4.022, 7.722, 12.795, 14.845, 14.885, 13.736, 12.898, 12.103, 10.832, 9.262, 7.841, 7.057, 7.995, 8.353, 7.419, 7.486, 8.247, 7.168, 5.948, 5.948, 6.855, 7.065, 8.384, 10.121, 11.469, 11.429, 9.953, 6.234, 2.037, 3.264, 2.454, 2.589, 3.051, 3.809, 2.867, 2.772, 1.414, 1.398, 2.219, 4.272, 6.232, 5.22, 5.742, 7.811, 7.134, 4.938, 5.29, 5.337, 3.94, 3.55, 3.143, 3.449, 4.348, 5.422, 5.507, 5.639, 6.259, 7.737, 9.021, 10.246, 10.565, 9.863, 8.127, 4.858, 2.136, 2.294, 2.329, 2.715, 2.26, 1.949, 3.061, 3.188, 2.833, 2.529, 3.228, 6.138, 7.962, 8.414, 7.587, 7.136, 5.473, 3.087, 1.941, 2.032, 3.718, 4.047, 5.014, 8.394, 11.126, 12.01, 11.852, 11.56, 12.669, 12.272, 11.139, 11.884, 13.083, 13.203, 14.115, 15.151, 17.381, 18.003, 16.725, 15.199, 13.676, 13.423, 13.543, 11.336, 8.457, 6.394, 7.782, 8.829, 7.151, 6.163, 7.044, 5.869], [4.381, 3.894, 5.526, 6.012, 4.393, 3.62, 2.882, 2.734, 4.055, 4.139, 3.793, 2.733, 3.497, 4.835, 3.123, 0.0, 1.583, 3.058, 4.667, 5.934, 5.227, 4.855, 5.434, 5.575, 4.921, 3.931, 3.097, 2.792, 2.824, 2.428, 2.45, 3.427, 3.167, 4.137, 4.369, 3.906, 3.451, 5.034, 4.358, 4.397, 5.611, 7.355, 7.544, 7.089, 7.121, 6.874, 7.174, 7.033, 7.134, 7.143, 6.66, 6.409, 6.51, 4.874, 3.316, 5.906, 5.636, 3.903, 6.895, 8.381, 9.784, 10.378, 9.393, 8.461, 8.565, 8.533, 8.85, 8.759, 9.136, 10.864, 11.788, 13.854, 16.758, 18.271, 18.053, 18.262, 17.864, 17.434, 16.108, 14.652, 14.089, 13.529, 9.769, 6.038, 6.091, 6.86, 6.509, 6.0, 5.39, 6.033, 6.45, 10.148, 15.239, 17.294, 17.32, 16.185, 15.338, 14.6, 13.413, 11.835, 10.303, 9.482, 10.525, 10.849, 9.903, 9.914, 10.67, 9.591, 8.373, 8.373, 9.278, 9.488, 10.807, 12.545, 13.894, 13.852, 12.478, 8.822, 4.808, 3.098, 4.763, 4.921, 5.299, 6.352, 5.301, 4.625, 3.435, 3.116, 4.303, 6.708, 8.653, 7.641, 8.258, 10.24, 9.592, 7.505, 7.762, 7.933, 6.711, 6.296, 5.89, 6.155, 7.002, 7.964, 8.038, 8.079, 8.745, 10.159, 11.458, 12.713, 13.05, 12.339, 10.724, 7.385, 4.571, 4.684, 4.322, 3.514, 2.654, 3.316, 2.766, 2.253, 3.247, 3.915, 5.639, 8.758, 10.504, 10.874, 10.015, 9.597, 7.935, 5.688, 4.646, 4.753, 6.407, 6.497, 7.437, 10.849, 13.547, 14.431, 14.274, 13.983, 15.09, 14.693, 13.562, 14.307, 15.506, 15.626, 16.538, 17.574, 19.802, 20.426, 19.148, 17.62, 16.097, 15.861, 15.979, 13.862, 11.098, 9.048, 10.529, 11.457, 9.728, 8.675, 9.483, 8.286], [4.839, 4.29, 5.949, 6.7, 4.954, 4.194, 3.332, 2.981, 4.182, 3.98, 3.788, 3.026, 3.605, 5.073, 3.593, 1.583, 0.0, 2.39, 4.075, 5.342, 4.654, 4.255, 4.944, 5.143, 4.417, 3.627, 3.167, 3.029, 2.941, 2.941, 2.825, 3.62, 3.451, 4.258, 4.584, 4.118, 3.769, 5.599, 5.056, 5.051, 6.202, 7.864, 8.141, 7.735, 7.768, 7.541, 7.786, 7.723, 7.849, 7.783, 7.377, 7.17, 7.279, 5.603, 3.886, 6.37, 6.302, 3.979, 6.273, 7.787, 9.294, 9.802, 8.81, 7.972, 8.044, 8.069, 8.339, 8.203, 8.528, 10.237, 11.276, 13.342, 16.118, 17.699, 17.46, 17.656, 17.255, 16.821, 15.5, 14.066, 13.487, 12.925, 9.19, 6.392, 6.301, 6.67, 6.28, 5.648, 5.231, 5.591, 5.891, 9.535, 14.634, 16.685, 16.707, 15.63, 14.756, 14.098, 12.844, 11.319, 9.828, 8.817, 10.011, 10.372, 9.415, 9.321, 10.055, 8.984, 7.811, 7.755, 8.677, 8.877, 10.184, 11.925, 13.277, 13.229, 11.964, 8.331, 5.114, 3.266, 4.966, 5.158, 5.523, 6.314, 5.737, 4.747, 3.702, 3.358, 4.102, 6.084, 8.063, 7.087, 7.768, 9.654, 9.14, 6.894, 7.143, 7.386, 6.907, 6.644, 6.033, 6.219, 6.92, 7.355, 7.377, 7.491, 8.177, 9.559, 10.864, 12.186, 12.5, 11.733, 10.163, 6.958, 4.284, 4.495, 3.675, 2.94, 2.616, 2.967, 2.5, 2.303, 3.025, 3.38, 5.268, 8.523, 10.17, 10.32, 9.478, 9.132, 7.475, 5.552, 4.815, 4.69, 5.994, 5.999, 6.945, 10.401, 13.023, 13.854, 13.683, 13.373, 14.478, 14.084, 12.941, 13.697, 14.886, 15.031, 15.918, 16.954, 19.173, 19.812, 18.598, 17.048, 15.477, 15.236, 15.491, 13.307, 10.622, 9.046, 10.294, 10.945, 9.256, 8.02, 8.877, 7.643], [6.597, 5.921, 8.108, 8.784, 6.987, 6.329, 4.775, 2.868, 3.097, 2.497, 2.563, 2.736, 2.914, 4.018, 3.066, 3.058, 2.39, 0.0, 2.045, 3.337, 2.617, 2.217, 2.984, 3.555, 3.205, 2.574, 2.297, 2.614, 2.035, 2.152, 2.796, 3.723, 4.178, 4.806, 5.312, 4.875, 4.534, 6.416, 6.38, 6.425, 7.862, 9.626, 9.741, 8.922, 8.671, 8.719, 8.961, 8.85, 8.858, 8.898, 8.484, 8.094, 8.223, 6.862, 5.484, 8.37, 7.824, 2.706, 4.158, 5.703, 7.157, 7.652, 6.625, 5.839, 5.913, 5.96, 6.19, 6.023, 6.436, 8.165, 9.079, 11.063, 13.93, 15.492, 15.261, 15.474, 15.085, 14.625, 13.284, 11.854, 11.297, 10.735, 7.26, 5.745, 6.091, 5.426, 4.86, 4.901, 4.706, 4.312, 3.839, 7.329, 12.412, 14.475, 14.552, 13.432, 12.576, 11.898, 10.641, 9.155, 7.635, 6.704, 7.841, 8.153, 7.218, 7.166, 7.887, 6.778, 5.816, 5.754, 6.502, 6.702, 7.983, 9.728, 11.083, 11.038, 9.752, 6.398, 4.591, 3.673, 4.577, 5.012, 5.255, 5.396, 5.085, 4.972, 3.82, 2.428, 2.524, 4.021, 5.93, 4.947, 5.575, 7.434, 6.964, 5.225, 5.328, 6.028, 5.887, 5.806, 5.422, 5.456, 5.784, 5.852, 5.556, 5.355, 6.011, 7.377, 8.652, 9.921, 10.207, 9.503, 8.022, 4.928, 2.81, 3.005, 2.051, 1.597, 1.649, 1.79, 1.807, 2.054, 2.365, 1.98, 3.556, 6.876, 8.307, 8.39, 7.376, 6.959, 5.358, 4.106, 3.79, 3.547, 4.29, 4.201, 5.466, 8.551, 10.979, 11.779, 11.484, 11.199, 12.334, 11.939, 10.77, 11.527, 12.693, 12.812, 13.73, 14.76, 17.013, 17.637, 16.407, 14.916, 13.397, 13.122, 13.36, 11.269, 9.054, 7.611, 8.512, 8.842, 7.227, 5.951, 6.665, 5.68], [7.731, 7.061, 9.245, 9.964, 8.466, 7.692, 6.345, 3.895, 3.013, 2.673, 2.668, 3.353, 3.22, 3.747, 3.636, 4.667, 4.075, 2.045, 0.0, 1.908, 1.699, 1.464, 1.707, 2.292, 2.311, 2.002, 2.488, 3.004, 2.74, 3.563, 4.271, 4.992, 5.419, 6.354, 6.92, 6.379, 6.013, 7.63, 8.106, 8.199, 9.764, 11.505, 11.648, 10.659, 10.32, 10.432, 10.659, 10.418, 10.054, 10.018, 9.634, 9.5, 9.623, 8.444, 7.122, 9.709, 9.569, 2.957, 3.09, 4.241, 5.798, 6.445, 5.407, 4.868, 4.636, 4.435, 4.696, 4.63, 4.887, 6.488, 7.746, 9.892, 12.795, 14.315, 14.126, 14.343, 13.938, 13.501, 12.152, 10.682, 10.132, 9.602, 6.907, 6.494, 7.091, 5.962, 5.264, 5.348, 5.242, 4.418, 3.468, 6.28, 11.27, 13.313, 13.328, 12.186, 11.322, 10.48, 9.246, 7.586, 6.157, 5.371, 6.457, 6.76, 6.0, 6.184, 6.75, 5.973, 5.312, 5.217, 5.753, 5.687, 6.874, 8.611, 9.963, 9.919, 8.453, 5.678, 4.834, 4.972, 5.535, 5.913, 6.208, 6.153, 5.871, 6.191, 4.811, 3.21, 2.68, 3.682, 5.201, 4.209, 4.49, 6.364, 5.962, 5.052, 5.108, 6.304, 6.446, 6.519, 6.209, 6.083, 6.163, 5.653, 5.332, 4.56, 4.942, 6.288, 7.564, 8.772, 9.06, 8.369, 6.761, 4.037, 2.782, 3.392, 2.998, 2.847, 2.918, 2.566, 2.652, 3.048, 3.028, 2.475, 3.172, 6.32, 7.795, 7.509, 6.214, 5.64, 4.643, 3.716, 3.658, 3.84, 4.093, 3.993, 5.681, 7.962, 10.162, 10.561, 10.373, 10.092, 11.214, 10.823, 9.654, 10.567, 11.591, 11.693, 12.616, 13.651, 15.893, 16.519, 15.266, 13.716, 12.209, 11.942, 12.09, 10.138, 8.492, 7.249, 7.505, 7.565, 6.162, 5.122, 5.735, 4.892], [8.968, 8.372, 10.632, 11.336, 9.78, 8.993, 7.732, 4.879, 3.259, 3.034, 3.242, 3.937, 3.51, 3.275, 4.139, 5.934, 5.342, 3.337, 1.908, 0.0, 1.696, 1.973, 1.92, 2.354, 2.694, 2.874, 3.564, 4.139, 4.001, 4.736, 5.269, 5.869, 6.472, 7.49, 8.058, 7.381, 7.087, 8.734, 9.285, 9.414, 10.988, 12.726, 12.865, 11.822, 11.401, 11.517, 11.811, 11.448, 10.896, 10.968, 10.55, 10.501, 10.699, 9.574, 8.292, 11.09, 10.741, 3.65, 1.921, 3.159, 4.669, 5.341, 4.337, 3.713, 3.539, 3.264, 3.632, 3.562, 3.877, 5.488, 6.668, 8.803, 11.691, 13.231, 13.038, 13.243, 12.84, 12.403, 11.039, 9.594, 9.026, 8.485, 5.919, 6.178, 7.013, 5.574, 4.973, 4.902, 5.26, 4.233, 3.145, 5.182, 10.159, 12.197, 12.234, 11.096, 10.237, 9.383, 8.18, 6.481, 5.131, 4.251, 5.332, 5.74, 4.844, 5.036, 5.644, 4.715, 4.3, 4.02, 4.575, 4.537, 5.783, 7.514, 8.865, 8.823, 7.392, 4.578, 4.782, 6.277, 5.697, 5.991, 6.272, 5.828, 5.907, 6.776, 5.412, 4.202, 2.809, 2.831, 4.181, 3.16, 3.405, 5.406, 5.116, 4.25, 4.275, 5.547, 6.197, 6.407, 6.294, 5.948, 5.57, 4.848, 4.428, 3.521, 3.861, 5.292, 6.486, 7.685, 8.019, 7.35, 5.877, 3.114, 3.213, 3.564, 3.893, 3.999, 4.126, 3.5, 3.786, 4.247, 3.915, 3.249, 2.648, 5.348, 6.793, 6.574, 5.307, 4.729, 3.669, 2.927, 3.297, 3.592, 3.459, 3.443, 5.038, 7.059, 9.102, 9.58, 9.341, 9.024, 10.137, 9.753, 8.714, 9.376, 10.628, 10.713, 11.542, 12.573, 14.824, 15.445, 14.172, 12.642, 11.142, 10.941, 10.972, 9.209, 7.599, 6.354, 6.412, 6.525, 5.036, 4.158, 4.75, 3.689], [8.221, 7.604, 9.721, 10.414, 9.093, 8.279, 6.872, 3.944, 2.5, 2.167, 2.14, 3.351, 3.04, 2.815, 3.276, 5.227, 4.654, 2.617, 1.699, 1.696, 0.0, 1.368, 1.902, 2.33, 2.333, 2.251, 2.908, 3.601, 3.28, 3.936, 4.28, 4.755, 5.424, 6.547, 6.953, 6.262, 6.199, 7.837, 8.766, 8.538, 10.118, 11.805, 12.036, 10.67, 10.238, 10.365, 10.642, 10.297, 10.007, 10.04, 9.633, 9.6, 9.801, 8.499, 7.406, 10.065, 9.802, 2.605, 2.49, 3.721, 5.407, 6.003, 4.912, 4.271, 4.246, 4.196, 4.452, 4.474, 4.699, 6.145, 7.31, 9.418, 12.33, 13.876, 13.645, 13.861, 13.477, 13.026, 11.69, 10.262, 9.691, 9.125, 5.964, 5.442, 6.298, 5.044, 4.327, 4.365, 4.482, 3.675, 2.957, 5.747, 10.804, 12.834, 12.911, 11.739, 10.845, 10.079, 8.702, 7.2, 5.876, 4.905, 6.003, 6.354, 5.432, 5.636, 6.294, 5.209, 4.416, 4.368, 5.036, 5.081, 6.402, 8.139, 9.487, 9.449, 7.98, 4.789, 4.159, 5.422, 4.834, 5.137, 5.457, 5.202, 5.236, 5.766, 4.361, 3.182, 1.773, 2.695, 4.363, 3.343, 3.883, 5.85, 5.409, 4.147, 4.175, 5.102, 5.57, 5.744, 5.426, 5.145, 5.083, 4.78, 4.369, 3.894, 4.396, 5.778, 7.089, 8.319, 8.587, 7.914, 6.168, 3.165, 2.493, 2.76, 2.818, 3.065, 3.265, 2.443, 2.988, 3.516, 2.981, 2.409, 2.5, 5.58, 6.876, 6.937, 5.788, 5.172, 3.822, 2.804, 2.724, 3.001, 3.11, 3.089, 4.599, 7.086, 9.336, 10.164, 9.878, 9.575, 10.709, 10.315, 9.159, 9.904, 11.1, 11.219, 12.135, 13.17, 15.403, 16.021, 14.782, 13.302, 11.784, 11.531, 11.7, 9.788, 7.827, 6.424, 6.781, 6.996, 5.378, 4.292, 5.072, 4.141], [7.66, 7.161, 9.245, 9.987, 8.692, 7.903, 6.587, 3.915, 2.712, 2.323, 2.21, 3.187, 2.973, 3.006, 3.385, 4.855, 4.255, 2.217, 1.464, 1.973, 1.368, 0.0, 1.617, 2.339, 2.057, 1.76, 2.479, 3.23, 2.894, 3.562, 4.253, 4.872, 5.479, 6.385, 6.955, 6.345, 5.918, 7.739, 8.313, 8.254, 9.763, 11.497, 11.656, 10.729, 10.351, 10.479, 10.712, 10.412, 9.964, 10.04, 9.635, 9.552, 9.767, 8.508, 7.061, 9.726, 9.563, 2.745, 2.94, 4.304, 5.979, 6.608, 5.534, 4.816, 4.761, 4.67, 4.878, 4.787, 5.056, 6.706, 7.901, 10.04, 12.94, 14.469, 14.263, 14.47, 14.081, 13.644, 12.291, 10.842, 10.274, 9.723, 6.678, 5.999, 6.735, 5.58, 4.826, 4.971, 4.874, 4.1, 2.997, 6.343, 11.408, 13.43, 13.488, 12.297, 11.432, 10.571, 9.301, 7.692, 6.355, 5.474, 6.555, 6.904, 6.023, 6.141, 6.877, 5.841, 4.919, 4.839, 5.505, 5.715, 7.023, 8.756, 10.104, 10.065, 8.59, 5.457, 4.463, 5.087, 5.183, 5.51, 5.841, 5.725, 5.561, 5.968, 4.542, 3.151, 2.246, 3.265, 5.028, 4.028, 4.453, 6.557, 6.196, 4.784, 4.818, 5.815, 6.046, 6.167, 5.821, 5.694, 5.785, 5.409, 4.998, 4.454, 5.13, 6.475, 7.675, 8.942, 9.178, 8.59, 6.965, 4.037, 2.622, 3.085, 2.864, 2.925, 2.863, 2.444, 2.513, 3.118, 2.953, 2.493, 2.921, 6.23, 7.779, 7.759, 6.523, 5.835, 4.351, 3.349, 3.27, 3.498, 3.719, 3.732, 5.224, 7.628, 10.043, 10.833, 10.543, 10.201, 11.331, 10.937, 9.782, 10.539, 11.723, 11.841, 12.757, 13.792, 16.025, 16.643, 15.39, 13.892, 12.403, 12.199, 12.314, 10.503, 8.439, 6.984, 7.562, 7.703, 6.037, 5.044, 5.822, 4.643], [8.406, 7.814, 9.854, 10.585, 9.29, 8.505, 7.166, 4.885, 3.634, 3.107, 3.113, 3.687, 3.479, 3.992, 4.362, 5.434, 4.944, 2.984, 1.707, 1.92, 1.902, 1.617, 0.0, 1.511, 1.859, 2.211, 2.942, 3.561, 3.522, 4.298, 5.237, 5.889, 6.509, 7.429, 7.966, 7.429, 7.014, 8.738, 9.056, 9.167, 10.698, 12.442, 12.576, 11.725, 11.401, 11.518, 11.733, 11.491, 11.086, 11.069, 10.717, 10.564, 10.693, 9.466, 7.937, 10.336, 10.503, 3.756, 2.647, 3.618, 5.262, 5.871, 4.845, 4.135, 4.042, 3.979, 4.177, 4.092, 4.215, 5.773, 7.195, 9.35, 12.256, 13.762, 13.569, 13.773, 13.376, 12.946, 11.601, 10.13, 9.569, 9.067, 6.421, 6.854, 7.609, 6.41, 5.703, 5.744, 5.711, 4.91, 3.55, 5.651, 10.718, 12.738, 12.76, 11.602, 10.723, 9.878, 8.625, 7.024, 5.647, 4.705, 5.879, 6.233, 5.343, 5.486, 6.172, 5.219, 4.526, 4.608, 4.911, 5.071, 6.335, 8.067, 9.41, 9.368, 7.901, 5.222, 5.28, 5.679, 6.064, 6.383, 6.719, 6.6, 6.41, 6.906, 5.527, 4.196, 3.165, 3.331, 4.568, 3.558, 3.931, 6.054, 5.84, 4.846, 5.089, 6.426, 6.919, 7.032, 6.691, 6.511, 6.477, 5.617, 5.022, 4.054, 4.721, 6.012, 7.079, 8.473, 8.644, 8.12, 6.55, 3.702, 3.317, 3.894, 3.972, 3.902, 3.792, 3.406, 3.285, 3.625, 3.857, 3.385, 3.611, 5.985, 7.449, 7.367, 6.103, 5.356, 4.179, 3.719, 3.972, 4.296, 4.279, 4.199, 5.872, 7.5, 9.539, 10.256, 9.974, 9.605, 10.69, 10.255, 9.135, 9.865, 11.182, 11.194, 12.071, 13.121, 15.336, 15.954, 14.682, 13.175, 11.883, 11.729, 11.786, 10.126, 8.196, 6.849, 7.25, 7.31, 5.591, 4.473, 5.31, 4.128], [8.492, 7.875, 9.666, 10.467, 9.391, 8.62, 7.451, 5.578, 4.213, 3.963, 3.854, 4.381, 4.088, 4.397, 5.064, 5.575, 5.143, 3.555, 2.292, 2.354, 2.33, 2.339, 1.511, 0.0, 1.627, 2.164, 3.01, 3.817, 4.023, 4.739, 5.868, 6.563, 7.135, 8.079, 8.62, 8.097, 7.69, 9.357, 9.342, 9.705, 11.068, 12.832, 13.008, 12.328, 12.053, 12.14, 12.365, 12.142, 11.745, 11.709, 11.318, 11.142, 11.211, 10.086, 8.43, 10.558, 10.991, 4.563, 3.324, 4.261, 5.678, 6.35, 5.366, 4.676, 4.458, 4.351, 4.688, 4.602, 4.659, 6.252, 7.683, 9.836, 12.754, 14.248, 14.042, 14.25, 13.865, 13.423, 12.074, 10.605, 10.059, 9.519, 6.777, 7.414, 8.219, 6.969, 6.278, 6.305, 6.307, 5.445, 4.283, 6.198, 11.184, 13.219, 13.227, 12.074, 11.188, 10.386, 9.099, 7.515, 6.109, 5.181, 6.364, 6.719, 5.938, 6.113, 6.648, 5.642, 5.107, 5.251, 5.673, 5.564, 6.834, 8.568, 9.884, 9.845, 8.393, 5.661, 5.885, 6.216, 6.745, 7.068, 7.358, 7.166, 7.007, 7.734, 6.333, 4.863, 3.614, 4.082, 5.144, 4.145, 4.547, 6.462, 6.168, 5.557, 5.747, 7.077, 7.526, 7.64, 7.338, 7.119, 7.104, 6.301, 5.7, 4.875, 5.114, 6.433, 7.587, 8.931, 9.119, 8.548, 6.894, 3.993, 4.081, 4.462, 4.727, 4.495, 4.384, 4.107, 3.72, 3.849, 4.496, 4.089, 4.208, 6.414, 7.723, 7.604, 6.411, 5.74, 4.877, 4.369, 4.497, 4.823, 4.941, 4.763, 6.381, 8.183, 9.846, 10.626, 10.415, 10.06, 11.179, 10.749, 9.575, 10.345, 11.576, 11.645, 12.582, 13.611, 15.819, 16.438, 15.181, 13.644, 12.333, 12.096, 12.145, 10.346, 8.562, 7.546, 7.477, 7.628, 5.948, 4.907, 5.681, 4.591], [7.605, 7.102, 8.822, 9.619, 8.686, 7.873, 6.838, 5.173, 3.967, 3.738, 3.479, 4.279, 3.898, 3.92, 4.78, 4.921, 4.417, 3.205, 2.311, 2.694, 2.333, 2.057, 1.859, 1.627, 0.0, 1.491, 2.436, 3.095, 3.473, 4.308, 5.369, 6.231, 6.651, 7.601, 8.167, 7.653, 7.259, 8.814, 8.814, 9.167, 10.432, 12.179, 12.381, 11.785, 11.566, 11.606, 11.866, 11.689, 11.343, 11.23, 10.987, 10.826, 10.861, 9.582, 7.873, 9.881, 10.373, 4.251, 3.893, 4.945, 6.594, 7.217, 6.205, 5.372, 5.341, 5.282, 5.504, 5.429, 5.467, 7.126, 8.568, 10.716, 13.62, 15.129, 14.938, 15.149, 14.75, 14.321, 12.972, 11.514, 10.944, 10.404, 7.026, 7.244, 8.129, 6.794, 6.16, 6.05, 6.171, 5.351, 4.564, 7.024, 12.092, 14.111, 14.116, 12.954, 12.053, 11.19, 9.949, 8.318, 6.961, 6.029, 7.228, 7.554, 6.633, 6.791, 7.551, 6.481, 5.443, 5.62, 6.213, 6.379, 7.698, 9.432, 10.781, 10.741, 9.249, 5.801, 5.784, 5.81, 6.645, 6.92, 7.263, 7.027, 6.955, 7.463, 6.048, 4.456, 3.435, 4.037, 5.585, 4.618, 5.069, 7.155, 6.718, 5.272, 5.48, 6.776, 7.397, 7.535, 7.222, 6.944, 6.794, 6.052, 5.586, 5.154, 5.786, 7.136, 8.377, 9.62, 9.889, 9.248, 7.538, 4.425, 3.929, 4.474, 4.372, 4.019, 3.899, 3.7, 3.251, 3.378, 4.223, 3.892, 4.0, 6.506, 8.135, 8.168, 7.03, 6.406, 4.912, 4.081, 4.413, 4.749, 4.687, 4.586, 6.285, 8.05, 10.502, 11.354, 11.177, 10.874, 11.979, 11.586, 10.453, 11.21, 12.398, 12.517, 13.429, 14.464, 16.687, 17.319, 16.039, 14.505, 13.005, 12.809, 12.926, 11.03, 8.727, 7.436, 7.883, 8.206, 6.434, 5.574, 6.4, 5.078], [6.673, 6.232, 8.105, 8.882, 7.75, 6.938, 5.908, 3.955, 2.831, 2.58, 2.273, 3.041, 2.948, 3.141, 3.547, 3.931, 3.627, 2.574, 2.002, 2.874, 2.251, 1.76, 2.211, 2.164, 1.491, 0.0, 1.338, 2.166, 2.348, 3.123, 4.172, 5.01, 5.452, 6.408, 6.947, 6.434, 6.04, 7.657, 7.697, 8.022, 9.43, 11.205, 11.357, 10.638, 10.369, 10.452, 10.71, 10.518, 10.164, 10.102, 9.745, 9.585, 9.626, 8.482, 6.873, 9.019, 9.363, 3.029, 4.18, 5.405, 7.027, 7.683, 6.667, 5.776, 5.79, 5.698, 5.97, 5.91, 5.958, 7.683, 9.034, 11.177, 14.084, 15.591, 15.405, 15.608, 15.21, 14.78, 13.436, 11.98, 11.408, 10.863, 7.187, 6.285, 7.006, 5.845, 5.154, 5.28, 5.069, 4.321, 4.106, 7.484, 12.557, 14.59, 14.6, 13.447, 12.556, 11.706, 10.449, 8.824, 7.435, 6.545, 7.684, 8.02, 7.126, 7.245, 8.008, 6.943, 5.749, 5.741, 6.63, 6.841, 8.158, 9.891, 11.24, 11.2, 9.715, 6.054, 4.721, 4.694, 5.512, 5.785, 6.131, 6.062, 5.802, 6.243, 4.827, 3.239, 2.502, 4.098, 6.014, 5.007, 5.508, 7.609, 7.102, 5.155, 5.294, 6.207, 6.367, 6.438, 6.103, 5.968, 6.017, 5.64, 5.523, 5.508, 6.207, 7.598, 8.915, 10.103, 10.41, 9.694, 7.88, 4.641, 2.739, 3.343, 3.494, 3.158, 3.005, 2.635, 2.177, 2.317, 3.224, 3.151, 3.417, 6.467, 8.135, 8.358, 7.404, 6.849, 5.236, 3.658, 3.432, 3.714, 4.146, 4.156, 5.715, 8.154, 10.898, 11.782, 11.624, 11.335, 12.447, 12.045, 10.914, 11.684, 12.868, 12.984, 13.892, 14.94, 17.153, 17.778, 16.5, 14.971, 13.476, 13.234, 13.367, 11.297, 8.737, 7.01, 7.885, 8.573, 6.799, 5.898, 6.802, 5.502], [6.192, 5.55, 7.546, 8.34, 6.815, 6.139, 4.804, 3.004, 2.6, 2.511, 2.259, 2.593, 2.76, 3.17, 2.884, 3.097, 3.167, 2.297, 2.488, 3.564, 2.908, 2.479, 2.942, 3.01, 2.436, 1.338, 0.0, 1.276, 1.452, 2.23, 3.189, 3.981, 4.527, 5.323, 5.881, 5.445, 4.983, 6.798, 6.8, 6.979, 8.297, 10.076, 10.23, 9.522, 9.276, 9.336, 9.603, 9.451, 9.408, 9.335, 8.962, 8.732, 8.792, 7.482, 5.82, 8.119, 8.263, 2.366, 4.572, 5.941, 7.587, 8.129, 7.037, 6.36, 6.388, 6.368, 6.607, 6.386, 6.509, 8.303, 9.521, 11.606, 14.477, 16.009, 15.791, 16.004, 15.606, 15.177, 13.849, 12.419, 11.829, 11.27, 7.478, 5.599, 6.245, 5.524, 4.92, 4.97, 4.678, 4.389, 4.573, 7.89, 12.964, 15.019, 15.098, 13.941, 13.043, 12.366, 10.963, 9.566, 8.134, 7.045, 8.27, 8.649, 7.708, 7.708, 8.439, 7.327, 6.115, 6.114, 7.016, 7.225, 8.542, 10.285, 11.637, 11.589, 10.168, 6.637, 4.394, 3.663, 4.723, 5.044, 5.413, 5.545, 5.198, 5.228, 3.889, 2.257, 2.454, 4.514, 6.387, 5.393, 5.927, 7.996, 7.447, 5.332, 5.5, 6.179, 5.635, 5.746, 5.383, 5.351, 5.497, 5.726, 5.746, 5.9, 6.505, 7.961, 9.26, 10.481, 10.778, 10.043, 8.308, 5.081, 2.859, 3.399, 3.28, 2.754, 2.254, 2.127, 2.132, 2.043, 3.073, 3.007, 3.688, 6.62, 8.214, 8.722, 7.85, 7.371, 5.742, 3.587, 3.331, 3.342, 4.183, 4.334, 6.07, 8.769, 11.321, 12.261, 11.989, 11.72, 12.805, 12.408, 11.285, 12.053, 13.242, 13.369, 14.262, 15.298, 17.517, 18.156, 16.884, 15.419, 13.885, 13.669, 13.896, 11.75, 9.004, 6.873