[[0.0, 1.105, 2.619, 3.98, 2.999, 3.568, 4.376, 7.163, 6.97, 5.257, 4.826, 6.473, 6.456, 4.638, 4.659, 4.208, 4.383, 5.625, 5.995, 5.83, 5.192, 4.872, 4.429, 3.895, 3.655, 3.353, 2.731, 2.946, 3.259, 4.135, 5.22, 4.468, 3.743, 2.242, 2.441, 1.993, 1.324, 1.501, 1.658, 3.501, 3.194, 2.443, 3.37, 6.985, 7.928, 9.498, 4.377, 3.172, 3.771, 6.281, 8.844, 10.151, 10.432, 11.088, 10.715, 10.518, 9.226, 8.587, 9.717, 10.075, 9.52, 8.66, 8.915, 7.923, 7.646, 7.155, 5.252, 3.261, 8.34, 8.815, 8.052, 7.235, 7.185, 7.505, 7.992, 6.91, 6.762, 7.049, 8.237, 7.293, 8.436, 8.236, 5.552, 5.705, 5.326, 4.193, 6.007, 6.523, 6.484, 5.396, 4.944, 3.363, 2.143, 2.45, 2.066, 2.385, 2.097, 2.87, 2.396], [1.105, 0.0, 2.594, 3.898, 3.027, 3.544, 4.394, 7.211, 6.907, 5.36, 4.844, 6.343, 6.411, 4.602, 4.641, 4.368, 4.475, 5.518, 5.814, 5.901, 5.113, 5.08, 4.506, 4.018, 3.633, 3.335, 2.465, 2.799, 3.213, 4.125, 5.23, 4.45, 3.773, 2.265, 2.599, 2.058, 1.418, 1.897, 1.718, 3.431, 3.245, 2.642, 3.48, 7.071, 8.066, 9.389, 4.392, 3.433, 3.938, 6.206, 8.931, 10.116, 10.505, 11.137, 10.587, 10.39, 9.093, 8.499, 9.607, 9.99, 9.399, 8.661, 8.795, 7.87, 7.538, 7.056, 5.169, 2.958, 8.19, 8.799, 8.008, 7.358, 7.216, 7.545, 7.896, 6.931, 6.872, 7.032, 8.254, 7.383, 8.459, 8.346, 5.554, 5.681, 5.283, 4.311, 6.115, 6.512, 6.454, 5.431, 4.899, 3.122, 2.081, 2.283, 1.705, 2.269, 2.152, 2.695, 2.256], [2.619, 2.594, 0.0, 2.024, 1.628, 2.014, 2.609, 5.297, 5.024, 3.589, 2.653, 4.268, 4.514, 3.107, 2.781, 2.709, 2.613, 3.732, 3.994, 3.97, 3.032, 3.291, 2.993, 2.606, 2.308, 2.311, 1.878, 2.303, 2.401, 2.821, 3.443, 2.87, 2.23, 2.17, 2.785, 1.449, 2.07, 2.874, 2.373, 1.908, 2.07, 1.781, 1.826, 5.236, 6.194, 7.481, 2.338, 4.213, 6.153, 8.303, 11.354, 12.491, 12.756, 13.266, 12.709, 12.492, 11.224, 10.84, 11.669, 12.058, 11.574, 10.878, 10.847, 10.077, 9.825, 9.091, 7.182, 1.952, 6.155, 6.973, 6.217, 5.543, 5.222, 5.545, 5.814, 4.925, 4.798, 4.998, 6.238, 5.357, 6.617, 6.312, 3.651, 3.874, 3.236, 2.397, 4.325, 4.952, 4.568, 3.734, 3.101, 1.751, 2.188, 2.107, 3.371, 4.268, 3.842, 4.639, 4.264], [3.98, 3.898, 2.024, 0.0, 1.658, 1.474, 1.21, 3.53, 3.272, 2.247, 2.098, 2.905, 3.376, 2.438, 2.03, 2.429, 2.172, 2.099, 2.822, 2.822, 2.198, 2.599, 2.303, 1.542, 1.658, 1.938, 2.642, 3.267, 2.468, 2.124, 1.896, 2.344, 2.261, 3.089, 3.535, 2.471, 3.38, 4.147, 3.467, 1.347, 1.824, 3.026, 2.615, 3.621, 4.382, 5.724, 2.263, 5.718, 7.437, 9.883, 12.609, 13.914, 14.098, 14.789, 14.356, 14.13, 12.839, 12.254, 13.348, 13.711, 13.152, 12.359, 12.54, 11.511, 11.346, 10.659, 8.847, 2.078, 4.625, 5.328, 4.578, 3.703, 3.598, 3.908, 4.267, 3.253, 3.114, 3.497, 4.535, 3.964, 4.738, 4.629, 3.15, 3.746, 2.3, 2.036, 3.008, 3.319, 2.907, 2.149, 1.738, 1.998, 3.575, 3.464, 4.903, 5.945, 5.368, 6.327, 5.989], [2.999, 3.027, 1.628, 1.658, 0.0, 1.388, 1.767, 4.381, 4.39, 2.931, 2.684, 4.059, 4.573, 2.997, 2.35, 2.293, 2.01, 3.02, 3.432, 3.083, 2.798, 2.793, 2.502, 1.62, 1.684, 1.819, 2.147, 2.707, 2.363, 1.932, 2.496, 1.902, 1.163, 1.761, 2.392, 1.717, 2.457, 3.2, 2.597, 1.534, 1.52, 2.185, 2.11, 4.455, 5.196, 6.944, 2.735, 4.973, 6.398, 9.08, 11.266, 13.0, 12.991, 13.886, 13.572, 13.365, 12.078, 11.437, 12.589, 12.914, 12.351, 11.495, 11.789, 10.749, 10.51, 9.883, 8.096, 2.266, 5.924, 6.366, 5.408, 4.381, 4.56, 5.001, 5.474, 4.268, 3.978, 4.467, 5.623, 5.057, 5.664, 5.479, 3.697, 4.243, 3.435, 2.507, 4.058, 4.038, 3.918, 2.803, 2.556, 1.897, 2.844, 2.783, 4.15, 5.194, 4.557, 5.583, 5.238], [3.568, 3.544, 2.014, 1.474, 1.388, 0.0, 1.232, 3.745, 3.64, 3.195, 2.869, 3.736, 4.401, 3.315, 2.805, 3.042, 2.307, 2.593, 2.983, 2.953, 2.721, 3.313, 3.002, 2.115, 2.331, 2.507, 2.844, 3.458, 2.974, 2.721, 2.486, 2.457, 1.727, 2.564, 3.206, 2.32, 3.18, 3.976, 3.237, 1.801, 2.294, 2.927, 2.883, 4.185, 4.893, 6.148, 3.101, 5.487, 7.124, 9.644, 12.103, 13.538, 13.796, 14.463, 14.069, 13.871, 12.578, 11.96, 13.072, 13.451, 12.872, 12.038, 12.268, 11.267, 11.011, 10.362, 8.575, 2.744, 5.027, 5.526, 4.867, 3.92, 3.926, 4.287, 4.593, 3.591, 3.423, 3.79, 5.08, 4.898, 5.051, 5.081, 3.934, 4.645, 3.333, 2.959, 3.73, 3.633, 3.172, 2.844, 2.349, 2.501, 3.322, 3.287, 4.671, 5.673, 5.049, 6.077, 5.717], [4.376, 4.394, 2.609, 1.21, 1.767, 1.232, 0.0, 3.15, 2.964, 2.638, 2.423, 3.285, 3.984, 2.896, 2.415, 2.712, 2.022, 1.97, 2.559, 2.608, 2.298, 2.85, 2.614, 1.787, 2.01, 2.399, 3.27, 3.72, 2.926, 2.412, 1.986, 2.09, 2.013, 3.252, 3.829, 3.038, 3.734, 4.536, 3.973, 1.783, 2.179, 3.548, 2.962, 3.725, 4.353, 5.46, 2.799, 6.317, 7.856, 10.434, 12.891, 14.364, 14.495, 15.293, 14.924, 14.722, 13.43, 12.795, 13.94, 14.289, 13.706, 12.857, 13.14, 12.099, 11.863, 11.234, 9.447, 2.834, 4.468, 4.864, 4.137, 3.332, 3.295, 3.685, 3.958, 2.866, 2.7, 3.096, 4.507, 4.479, 4.282, 4.594, 3.592, 4.242, 2.943, 2.708, 3.504, 3.382, 2.655, 2.449, 1.816, 2.484, 4.009, 3.928, 5.501, 6.544, 5.908, 6.92, 6.588], [7.163, 7.211, 5.297, 3.53, 4.381, 3.745, 3.15, 0.0, 1.165, 3.034, 3.445, 2.477, 2.667, 3.195, 2.893, 3.321, 2.975, 2.308, 2.719, 2.865, 3.194, 2.856, 3.315, 3.428, 3.738, 4.204, 5.837, 6.04, 5.263, 3.408, 2.079, 3.236, 4.074, 5.844, 6.578, 5.913, 6.605, 7.435, 6.843, 4.101, 4.71, 6.336, 5.363, 2.054, 2.028, 3.232, 4.951, 9.154, 10.695, 13.36, 15.335, 17.238, 17.289, 18.14, 17.739, 17.529, 16.237, 15.614, 16.743, 17.073, 16.562, 15.643, 15.93, 14.937, 14.741, 14.024, 12.237, 5.328, 2.084, 2.656, 1.878, 1.192, 1.314, 1.274, 1.614, 1.217, 1.65, 2.027, 2.619, 2.872, 2.111, 2.318, 3.416, 3.812, 3.414, 3.976, 2.054, 1.611, 0.978, 1.984, 2.449, 4.536, 6.608, 6.517, 8.333, 9.334, 8.711, 9.723, 9.379], [6.97, 6.907, 5.024, 3.272, 4.39, 3.64, 2.964, 1.165, 0.0, 2.787, 2.964, 2.058, 2.065, 2.89, 2.846, 3.268, 3.108, 1.972, 2.452, 2.917, 2.836, 2.966, 3.216, 3.492, 3.585, 4.112, 5.579, 5.811, 5.011, 3.249, 2.228, 3.438, 4.385, 5.929, 6.51, 5.611, 6.433, 7.219, 6.598, 3.946, 4.483, 6.088, 5.122, 1.72, 1.896, 2.853, 4.703, 8.859, 10.484, 13.03, 15.502, 16.937, 17.121, 17.876, 17.454, 17.246, 15.945, 15.301, 16.452, 16.798, 16.242, 15.364, 15.646, 14.629, 14.412, 13.748, 11.953, 5.044, 1.798, 2.316, 1.613, 1.25, 0.997, 1.213, 1.304, 0.988, 1.778, 1.94, 2.115, 2.345, 1.868, 2.138, 3.02, 3.32, 3.11, 3.638, 1.502, 1.408, 1.232, 2.217, 2.369, 4.305, 6.393, 6.306, 8.025, 9.05, 8.442, 9.432, 9.095], [5.257, 5.36, 3.589, 2.247, 2.931, 3.195, 2.638, 3.034, 2.787, 0.0, 1.511, 1.944, 2.188, 1.547, 1.356, 1.496, 2.05, 1.557, 2.102, 1.823, 1.435, 1.379, 1.655, 1.931, 2.11, 2.564, 3.97, 4.198, 3.328, 2.017, 1.695, 2.557, 3.133, 4.199, 4.512, 3.893, 4.574, 5.139, 4.829, 2.573, 2.606, 4.188, 3.14, 2.206, 3.297, 4.837, 2.907, 7.239, 8.693, 11.314, 13.795, 15.265, 15.327, 15.939, 15.799, 15.585, 14.3, 13.669, 14.811, 15.135, 14.571, 13.756, 14.023, 12.99, 12.764, 12.185, 10.351, 3.458, 4.108, 4.907, 4.06, 3.208, 2.871, 3.209, 3.566, 2.658, 1.996, 2.487, 3.495, 2.666, 3.655, 3.554, 1.768, 2.413, 1.776, 2.063, 2.406, 2.622, 2.885, 1.735, 1.659, 2.67, 4.732, 4.541, 6.404, 7.43, 6.803, 7.79, 7.459], [4.826, 4.844, 2.653, 2.098, 2.684, 2.869, 2.423, 3.445, 2.964, 1.511, 0.0, 2.006, 2.47, 1.597, 1.394, 1.449, 1.765, 1.725, 1.832, 1.777, 1.109, 1.486, 1.636, 2.125, 2.188, 2.216, 3.363, 3.501, 2.931, 2.21, 2.054, 2.286, 2.861, 4.073, 4.394, 3.385, 4.188, 4.993, 4.47, 2.125, 2.419, 3.837, 2.788, 2.89, 3.817, 5.316, 2.233, 6.56, 8.272, 10.693, 13.479, 14.678, 14.872, 15.613, 15.011, 14.839, 13.548, 13.045, 14.001, 14.384, 13.942, 13.03, 13.219, 12.337, 12.068, 11.382, 9.566, 2.778, 4.094, 4.994, 4.065, 3.764, 3.233, 3.5, 3.707, 3.075, 2.645, 2.669, 3.948, 3.019, 4.201, 3.92, 1.551, 2.163, 1.831, 1.783, 2.727, 3.254, 3.127, 2.44, 2.055, 2.026, 4.055, 4.066, 5.76, 6.584, 6.096, 6.977, 6.624], [6.473, 6.343, 4.268, 2.905, 4.059, 3.736, 3.285, 2.477, 2.058, 1.944, 2.006, 0.0, 1.369, 2.188, 2.12, 2.572, 2.695, 1.691, 1.754, 2.171, 1.833, 2.228, 2.576, 3.219, 3.227, 3.623, 4.961, 5.35, 4.619, 2.942, 1.952, 3.306, 4.163, 5.605, 6.134, 5.104, 5.995, 6.82, 6.141, 3.487, 4.115, 5.694, 4.526, 1.658, 2.409, 3.515, 3.793, 8.303, 10.103, 12.452, 15.112, 16.388, 16.794, 17.392, 16.684, 16.565, 15.242, 14.733, 15.722, 16.16, 15.637, 14.884, 14.967, 14.093, 13.813, 12.956, 11.189, 4.373, 2.6, 3.675, 2.746, 2.71, 1.937, 2.026, 2.351, 2.076, 1.865, 1.576, 2.196, 1.671, 2.511, 2.282, 1.499, 1.949, 2.35, 3.041, 2.328, 2.58, 2.351, 2.218, 2.169, 3.472, 5.585, 5.391, 7.435, 8.293, 7.692, 8.661, 8.304], [6.456, 6.411, 4.514, 3.376, 4.573, 4.401, 3.984, 2.667, 2.065, 2.188, 2.47, 1.369, 0.0, 2.023, 2.377, 2.921, 3.495, 2.449, 2.579, 3.085, 2.629, 2.46, 2.761, 3.384, 3.38, 3.782, 4.926, 5.22, 4.431, 3.111, 2.524, 4.053, 4.728, 5.685, 6.02, 4.883, 5.879, 6.565, 5.982, 3.719, 4.032, 5.422, 4.267, 1.568, 2.429, 3.547, 3.526, 8.027, 9.9, 12.023, 15.125, 16.219, 16.516, 17.081, 16.388, 16.179, 14.896, 14.535, 15.415, 15.865, 15.281, 14.675, 14.657, 13.838, 13.447, 12.841, 10.913, 4.119, 2.678, 3.769, 2.988, 2.804, 2.153, 2.182, 2.445, 2.307, 2.699, 2.423, 2.459, 1.689, 2.704, 2.584, 1.717, 1.57, 2.031, 2.815, 1.678, 2.316, 2.599, 2.277, 2.561, 3.566, 5.517, 5.247, 7.095, 7.973, 7.492, 8.347, 8.002], [4.638, 4.602, 3.107, 2.438, 2.997, 3.315, 2.896, 3.195, 2.89, 1.547, 1.597, 2.188, 2.023, 0.0, 1.132, 1.381, 2.077, 1.656, 2.281, 2.558, 1.929, 1.409, 0.957, 1.914, 1.731, 2.031, 3.021, 3.298, 2.516, 1.467, 1.716, 2.329, 3.149, 3.739, 4.143, 3.223, 4.075, 4.706, 4.104, 2.323, 2.357, 3.647, 2.537, 2.912, 3.922, 5.202, 2.232, 6.413, 7.981, 10.348, 13.156, 14.346, 14.638, 15.243, 14.737, 14.528, 13.241, 12.692, 13.735, 14.098, 13.571, 12.776, 12.93, 11.968, 11.767, 11.141, 9.301, 2.46, 4.141, 4.925, 4.056, 3.523, 3.111, 3.48, 3.762, 2.953, 2.743, 2.962, 4.115, 3.14, 4.311, 4.164, 1.649, 1.501, 1.563, 1.328, 2.288, 2.761, 2.809, 2.039, 1.66, 1.842, 3.815, 3.681, 5.323, 6.33, 5.798, 6.714, 6.374], [4.659, 4.641, 2.781, 2.03, 2.35, 2.805, 2.415, 2.893, 2.846, 1.356, 1.394, 2.12, 2.377, 1.132, 0.0, 1.128, 1.473, 1.467, 1.979, 1.974, 1.437, 1.191, 1.091, 1.736, 1.485, 1.848, 3.224, 3.489, 2.673, 1.288, 1.479, 1.842, 2.565, 3.694, 4.194, 3.206, 4.157, 4.763, 4.239, 1.927, 2.21, 3.653, 2.707, 2.735, 3.716, 5.193, 2.396, 6.43, 8.087, 10.627, 13.187, 14.616, 14.703, 15.421, 15.031, 14.815, 13.536, 12.941, 14.027, 14.376, 13.851, 12.968, 13.215, 12.227, 12.047, 11.358, 9.525, 2.652, 4.128, 4.903, 4.076, 3.377, 2.953, 3.356, 3.716, 2.776, 2.471, 2.803, 3.982, 2.974, 4.097, 3.878, 1.643, 2.082, 1.839, 1.371, 2.424, 2.728, 2.581, 1.742, 1.489, 1.853, 4.029, 3.847, 5.617, 6.62, 6.081, 7.006, 6.664], [4.208, 4.368, 2.709, 2.429, 2.293, 3.042, 2.712, 3.321, 3.268, 1.496, 1.449, 2.572, 2.921, 1.381, 1.128, 0.0, 1.217, 1.892, 2.205, 1.864, 1.505, 1.08, 1.153, 1.871, 1.713, 1.755, 2.93, 3.096, 2.379, 1.439, 1.928, 1.598, 2.474, 3.173, 3.684, 3.11, 3.666, 4.419, 3.847, 2.203, 2.075, 3.357, 2.315, 3.059, 4.05, 5.742, 2.556, 6.319, 7.689, 10.399, 12.651, 14.294, 14.328, 15.198, 14.786, 14.579, 13.282, 12.674, 13.793, 14.118, 13.615, 12.696, 12.978, 11.977, 11.797, 11.073, 9.285, 2.704, 4.597, 5.334, 4.386, 3.718, 3.321, 3.708, 4.117, 3.217, 2.633, 3.093, 4.337, 3.372, 4.414, 4.174, 1.861, 2.223, 2.199, 1.744, 2.937, 3.174, 3.203, 2.099, 1.96, 1.625, 3.622, 3.523, 5.373, 6.383, 5.777, 6.772, 6.427], [4.383, 4.475, 2.613, 2.172, 2.01, 2.307, 2.022, 2.975, 3.108, 2.05, 1.765, 2.695, 3.495, 2.077, 1.473, 1.217, 0.0, 1.659, 1.868, 1.601, 1.476, 1.677, 1.628, 1.715, 1.916, 1.906, 3.121, 3.324, 2.642, 1.799, 1.63, 0.983, 1.853, 3.235, 3.993, 3.293, 3.906, 4.735, 4.105, 1.928, 2.249, 3.609, 2.632, 3.396, 4.167, 5.612, 2.83, 6.417, 7.958, 10.623, 12.76, 14.502, 14.603, 15.416, 15.019, 14.812, 13.517, 12.878, 14.024, 14.36, 13.826, 12.927, 13.214, 12.2, 12.005, 11.308, 9.521, 2.994, 4.54, 5.077, 3.999, 3.281, 2.986, 3.709, 3.861, 3.073, 2.48, 2.94, 4.176, 3.886, 4.319, 3.904, 2.51, 3.091, 2.58, 2.145, 3.32, 3.184, 2.843, 2.044, 1.845, 1.911, 3.878, 3.82, 5.595, 6.618, 5.992, 7.004, 6.663], [5.625, 5.518, 3.732, 2.099, 3.02, 2.593, 1.97, 2.308, 1.972, 1.557, 1.725, 1.691, 2.449, 1.656, 1.467, 1.892, 1.659, 0.0, 1.108, 1.521, 1.385, 1.824, 1.802, 2.258, 2.39, 2.719, 4.156, 4.441, 3.6, 2.044, 1.48, 2.084, 2.999, 4.556, 5.124, 4.2, 5.006, 5.827, 5.078, 2.469, 3.079, 4.754, 3.701, 2.373, 3.085, 4.108, 3.341, 7.388, 9.024, 11.576, 14.085, 15.502, 15.728, 16.474, 16.008, 15.794, 14.509, 13.879, 15.019, 15.346, 14.812, 13.972, 14.209, 13.171, 12.998, 12.303, 10.516, 3.642, 3.287, 4.031, 3.136, 2.588, 2.161, 2.586, 2.694, 2.043, 1.524, 1.874, 3.017, 2.932, 3.113, 3.201, 2.0, 2.631, 2.215, 2.358, 2.528, 2.351, 2.064, 2.052, 1.481, 2.786, 4.963, 4.81, 6.57, 7.613, 6.998, 7.998, 7.658], [5.995, 5.814, 3.994, 2.822, 3.432, 2.983, 2.559, 2.719, 2.452, 2.102, 1.832, 1.754, 2.579, 2.281, 1.979, 2.205, 1.868, 1.108, 0.0, 1.285, 1.43, 2.128, 2.342, 2.713, 2.993, 3.054, 4.47, 4.756, 4.076, 2.645, 2.118, 2.134, 3.254, 4.953, 5.556, 4.693, 5.45, 6.33, 5.583, 2.946, 3.581, 5.297, 4.181, 2.668, 3.463, 4.297, 3.677, 7.818, 9.522, 11.95, 14.39, 15.861, 16.232, 16.918, 16.236, 16.078, 14.752, 14.226, 15.252, 15.652, 15.13, 14.343, 14.485, 13.583, 13.279, 12.506, 10.719, 3.938, 3.476, 4.284, 3.196, 2.994, 2.469, 2.898, 2.662, 2.667, 1.82, 1.807, 3.041, 3.069, 3.253, 3.027, 1.953, 2.692, 2.761, 2.962, 3.313, 3.055, 2.611, 2.625, 2.105, 3.007, 5.14, 4.94, 6.923, 7.817, 7.202, 8.213, 7.861], [5.83, 5.901, 3.97, 2.822, 3.083, 2.953, 2.608, 2.865, 2.917, 1.823, 1.777, 2.171, 3.085, 2.558, 1.974, 1.864, 1.601, 1.521, 1.285, 0.0, 1.186, 1.752, 2.303, 2.452, 2.819, 2.946, 4.526, 4.729, 3.957, 2.64, 1.997, 2.09, 2.652, 4.561, 5.252, 4.601, 5.268, 6.093, 5.5, 2.847, 3.339, 4.976, 3.999, 2.653, 3.582, 4.908, 3.713, 7.835, 9.354, 12.041, 13.983, 15.917, 15.981, 16.826, 16.427, 16.217, 14.926, 14.293, 15.431, 15.762, 15.242, 14.332, 14.619, 13.618, 13.421, 12.713, 10.926, 4.121, 4.283, 5.047, 3.707, 3.278, 2.87, 3.31, 3.394, 2.995, 1.821, 1.894, 3.222, 3.028, 3.443, 2.99, 2.115, 3.109, 2.95, 2.991, 3.487, 3.272, 3.054, 2.359, 2.157, 3.18, 5.277, 5.106, 7.014, 8.024, 7.399, 8.411, 8.068], [5.192, 5.113, 3.032, 2.198, 2.798, 2.721, 2.298, 3.194, 2.836, 1.435, 1.109, 1.833, 2.629, 1.929, 1.437, 1.505, 1.476, 1.385, 1.43, 1.186, 0.0, 1.514, 1.822, 2.305, 2.365, 2.441, 3.74, 4.007, 3.294, 2.319, 1.998, 2.095, 2.862, 4.305, 4.825, 3.816, 4.669, 5.459, 4.827, 2.307, 2.777, 4.371, 3.254, 2.833, 3.8, 4.918, 2.751, 7.034, 8.754, 11.232, 13.819, 15.119, 15.425, 16.12, 15.572, 15.376, 14.066, 13.469, 14.578, 14.926, 14.409, 13.538, 13.755, 12.813, 12.582, 11.856, 10.062, 3.262, 3.988, 4.906, 4.023, 3.687, 2.967, 3.179, 3.472, 2.887, 2.127, 2.068, 3.375, 2.874, 3.733, 3.538, 1.672, 2.437, 2.248, 2.24, 3.143, 3.227, 2.969, 2.403, 1.916, 2.319, 4.451, 4.257, 6.205, 7.159, 6.559, 7.55, 7.204], [4.872, 5.08, 3.291, 2.599, 2.793, 3.313, 2.85, 2.856, 2.966, 1.379, 1.486, 2.228, 2.46, 1.409, 1.191, 1.08, 1.677, 1.824, 2.128, 1.752, 1.514, 0.0, 1.288, 1.847, 1.88, 2.079, 3.552, 3.756, 2.995, 1.605, 1.677, 2.112, 2.819, 3.842, 4.367, 3.631, 4.308, 5.196, 4.558, 2.395, 2.55, 4.075, 3.018, 2.681, 3.778, 5.454, 2.622, 6.945, 8.444, 11.068, 13.188, 14.946, 15.086, 15.882, 15.446, 15.238, 13.945, 13.322, 14.451, 14.784, 14.302, 13.351, 13.638, 12.645, 12.449, 11.763, 9.952, 3.086, 4.25, 5.029, 3.888, 3.333, 2.887, 3.157, 3.662, 2.892, 2.164, 2.433, 3.816, 2.995, 4.075, 3.603, 1.574, 2.094, 2.056, 1.782, 2.59, 2.975, 2.898, 1.752, 1.677, 2.332, 4.278, 4.178, 6.046, 7.042, 6.434, 7.431, 7.087], [4.429, 4.506, 2.993, 2.303, 2.502, 3.002, 2.614, 3.315, 3.216, 1.655, 1.636, 2.576, 2.761, 0.957, 1.091, 1.153, 1.628, 1.802, 2.342, 2.303, 1.822, 1.288, 0.0, 1.568, 1.612, 1.698, 2.817, 2.947, 2.16, 1.216, 1.789, 1.902, 2.699, 3.197, 3.604, 3.099, 3.873, 4.353, 3.837, 2.067, 1.983, 3.233, 2.183, 3.136, 4.249, 5.736, 2.065, 6.416, 7.589, 10.199, 12.556, 14.086, 14.271, 15.029, 14.561, 14.367, 13.057, 12.464, 13.565, 13.894, 13.402, 12.514, 12.756, 11.797, 11.712, 11.074, 9.323, 2.463, 4.498, 5.197, 4.317, 3.63, 3.36, 3.742, 4.098, 3.146, 2.875, 3.181, 4.4, 3.483, 4.593, 4.324, 1.967, 1.938, 1.915, 1.245, 2.725, 2.972, 2.883, 1.96, 1.706, 1.81, 3.461, 3.426, 5.172, 6.154, 5.653, 6.556, 6.198], [3.895, 4.018, 2.606, 1.542, 1.62, 2.115, 1.787, 3.428, 3.492, 1.931, 2.125, 3.219, 3.384, 1.914, 1.736, 1.871, 1.715, 2.258, 2.713, 2.452, 2.305, 1.847, 1.568, 0.0, 1.035, 1.354, 2.626, 2.942, 2.138, 1.505, 1.723, 1.76, 1.853, 2.622, 3.218, 2.656, 3.397, 4.134, 3.536, 1.487, 1.49, 2.977, 2.449, 3.503, 4.445, 6.158, 2.396, 5.981, 7.387, 10.025, 12.158, 13.896, 13.96, 14.8, 14.479, 14.281, 12.984, 12.338, 13.483, 13.827, 13.263, 12.396, 12.683, 11.675, 11.406, 10.794, 9.009, 2.096, 5.051, 5.518, 4.451, 3.509, 3.64, 4.162, 4.543, 3.474, 3.033, 3.559, 4.797, 4.073, 4.853, 4.517, 2.869, 3.297, 2.318, 1.731, 3.015, 3.155, 3.047, 1.749, 1.655, 1.889, 3.715, 3.644, 5.074, 6.088, 5.453, 6.462, 6.131], [3.655, 3.633, 2.308, 1.658, 1.684, 2.331, 2.01, 3.738, 3.585, 2.11, 2.188, 3.227, 3.38, 1.731, 1.485, 1.713, 1.916, 2.39, 2.993, 2.819, 2.365, 1.88, 1.612, 1.035, 0.0, 0.995, 2.243, 2.504, 1.773, 1.213, 1.845, 1.896, 2.105, 2.537, 3.026, 2.339, 3.152, 3.995, 3.204, 1.291, 1.183, 2.831, 2.522, 3.68, 4.531, 6.211, 2.409, 5.56, 7.072, 9.658, 12.063, 13.532, 13.654, 14.448, 14.104, 13.908, 12.61, 11.964, 13.107, 13.454, 12.887, 12.02, 12.306, 11.3, 11.03, 10.406, 8.613, 1.737, 5.105, 5.513, 4.68, 3.832, 3.869, 4.287, 4.766, 3.544, 3.374, 3.76, 5.031, 4.049, 5.006, 4.85, 2.675, 3.009, 2.35, 1.467, 2.851, 3.185, 3.146, 2.044, 1.663, 1.573, 3.549, 3.421, 4.695, 5.711, 5.083, 6.086, 5.755], [3.353, 3.335, 2.311, 1.938, 1.819, 2.507, 2.399, 4.204, 4.112, 2.564, 2.216, 3.623, 3.782, 2.031, 1.848, 1.755, 1.906, 2.719, 3.054, 2.946, 2.441, 2.079, 1.698, 1.354, 0.995, 0.0, 1.784, 2.02, 1.609, 1.369, 2.286, 1.896, 2.405, 2.447, 2.762, 2.133, 2.973, 3.709, 2.831, 1.26, 1.234, 2.591, 2.526, 4.216, 5.092, 6.758, 2.432, 5.2, 6.617, 9.234, 11.541, 13.085, 13.298, 14.04, 13.563, 13.383, 12.061, 11.467, 12.567, 12.918, 12.414, 11.494, 11.764, 10.812, 10.598, 9.865, 8.091, 1.414, 5.509, 5.989, 5.039, 4.405, 4.305, 4.71, 5.196, 4.138, 3.868, 4.119, 5.482, 4.499, 5.587, 5.326, 2.871, 3.183, 2.686, 1.58, 3.393, 3.715, 3.559, 2.466, 2.083, 1.477, 3.302, 3.176, 4.259, 5.15, 4.559, 5.543, 5.2], [2.731, 2.465, 1.878, 2.642, 2.147, 2.844, 3.27, 5.837, 5.579, 3.97, 3.363, 4.961, 4.926, 3.021, 3.224, 2.93, 3.121, 4.156, 4.47, 4.526, 3.74, 3.552, 2.817, 2.626, 2.243, 1.784, 0.0, 1.019, 1.519, 2.685, 3.854, 3.021, 2.923, 1.853, 2.207, 1.643, 2.328, 2.828, 1.974, 1.909, 1.704, 1.844, 1.972, 5.744, 6.731, 8.094, 2.831, 4.031, 5.238, 7.64, 10.267, 11.534, 11.851, 12.461, 11.918, 11.764, 10.44, 9.878, 10.926, 11.33, 10.857, 9.964, 10.143, 9.218, 9.059, 8.378, 6.615, 1.487, 6.866, 7.475, 6.617, 6.045, 5.889, 6.264, 6.623, 5.599, 5.518, 5.712, 7.002, 5.96, 7.152, 6.978, 4.086, 3.924, 3.73, 2.661, 4.628, 5.159, 5.071, 4.055, 3.484, 1.712, 2.269, 2.167, 2.744, 3.539, 2.968, 3.934, 3.645], [2.946, 2.799, 2.303, 3.267, 2.707, 3.458, 3.72, 6.04, 5.811, 4.198, 3.501, 5.35, 5.22, 3.298, 3.489, 3.096, 3.324, 4.441, 4.756, 4.729, 4.007, 3.756, 2.947, 2.942, 2.504, 2.02, 1.019, 0.0, 1.268, 2.891, 4.063, 3.225, 3.401, 2.185, 2.398, 2.107, 2.415, 2.757, 2.284, 2.353, 1.961, 1.936, 2.073, 5.969, 6.916, 8.458, 2.998, 4.345, 4.886, 7.375, 10.051, 11.298, 11.483, 12.208, 11.732, 11.526, 10.23, 9.748, 10.736, 11.146, 10.712, 9.681, 9.906, 9.126, 9.092, 8.585, 6.879, 1.989, 7.206, 7.705, 6.869, 6.249, 6.097, 6.506, 6.937, 5.875, 5.721, 5.934, 7.259, 6.215, 7.355, 7.182, 4.397, 4.088, 3.861, 2.755, 4.868, 5.426, 5.316, 4.264, 3.711, 2.096, 2.22, 2.315, 2.603, 3.376, 3.059, 3.778, 3.519], [3.259, 3.213, 2.401, 2.468, 2.363, 2.974, 2.926, 5.263, 5.011, 3.328, 2.931, 4.619, 4.431, 2.516, 2.673, 2.379, 2.642, 3.6, 4.076, 3.957, 3.294, 2.995, 2.16, 2.138, 1.773, 1.609, 1.519, 1.268, 0.0, 2.146, 3.262, 2.607, 2.895, 2.288, 2.418, 2.306, 2.656, 3.113, 2.736, 1.741, 1.477, 2.274, 1.902, 5.097, 6.061, 7.587, 2.457, 5.115, 5.645, 8.121, 10.754, 12.039, 12.201, 12.934, 12.559, 12.342, 11.046, 10.45, 11.585, 11.968, 11.416, 10.488, 10.768, 9.825, 9.823, 9.422, 7.7, 1.818, 6.478, 6.931, 6.179, 5.393, 5.326, 5.708, 6.132, 5.016, 4.896, 5.236, 6.402, 5.412, 6.501, 6.39, 3.708, 3.422, 3.231, 1.995, 4.021, 4.564, 4.567, 3.426, 2.971, 1.68, 2.429, 2.389, 3.259, 4.219, 3.807, 4.639, 4.312], [4.135, 4.125, 2.821, 2.124, 1.932, 2.721, 2.412, 3.408, 3.249, 2.017, 2.21, 2.942, 3.111, 1.467, 1.288, 1.439, 1.799, 2.044, 2.645, 2.64, 2.319, 1.605, 1.216, 1.505, 1.213, 1.369, 2.685, 2.891, 2.146, 0.0, 1.682, 1.729, 2.414, 2.91, 3.481, 2.811, 3.426, 4.183, 3.578, 1.939, 1.694, 3.156, 2.493, 3.16, 4.239, 5.827, 2.749, 6.109, 7.396, 10.087, 12.448, 14.013, 14.066, 14.93, 14.564, 14.345, 13.069, 12.431, 13.579, 13.904, 13.336, 12.491, 12.776, 11.735, 11.516, 10.876, 9.086, 2.332, 4.784, 5.311, 4.451, 3.493, 3.516, 3.951, 4.364, 3.257, 3.042, 3.429, 4.477, 3.814, 4.541, 4.497, 2.262, 2.58, 2.524, 1.439, 2.819, 2.892, 2.847, 1.782, 1.714, 1.865, 3.717, 3.642, 5.153, 6.181, 5.564, 6.591, 6.225], [5.22, 5.23, 3.443, 1.896, 2.496, 2.486, 1.986, 2.079, 2.228, 1.695, 2.054, 1.952, 2.524, 1.716, 1.479, 1.928, 1.63, 1.48, 2.118, 1.997, 1.998, 1.677, 1.789, 1.723, 1.845, 2.286, 3.854, 4.063, 3.262, 1.682, 0.0, 2.025, 2.452, 3.955, 4.667, 3.916, 4.607, 5.511, 4.864, 2.214, 2.752, 4.413, 3.589, 2.459, 3.184, 4.86, 3.155, 7.122, 8.682, 11.306, 13.457, 15.232, 15.316, 16.168, 15.742, 15.534, 14.243, 13.608, 14.754, 15.086, 14.549, 13.66, 13.943, 12.907, 12.736, 12.037, 10.25, 3.341, 3.693, 4.241, 3.162, 2.414, 2.312, 2.806, 3.191, 2.196, 1.789, 2.186, 3.473, 2.988, 3.527, 3.215, 2.429, 3.017, 1.938, 2.097, 2.246, 2.107, 1.916, 1.123, 1.116, 2.663, 4.779, 4.759, 6.312, 7.347, 6.727, 7.756, 7.392], [4.468, 4.45, 2.87, 2.344, 1.902, 2.457, 2.09, 3.236, 3.438, 2.557, 2.286, 3.306, 4.053, 2.329, 1.842, 1.598, 0.983, 2.084, 2.134, 2.09, 2.095, 2.112, 1.902, 1.76, 1.896, 1.896, 3.021, 3.225, 2.607, 1.729, 2.025, 0.0, 1.743, 3.093, 3.841, 3.236, 3.859, 4.671, 3.98, 2.165, 2.193, 3.567, 2.701, 3.984, 4.671, 5.958, 3.147, 6.381, 7.798, 10.494, 12.515, 14.398, 14.401, 15.284, 14.916, 14.706, 13.414, 12.774, 13.925, 14.249, 13.719, 12.828, 13.115, 12.074, 11.902, 11.209, 9.422, 2.995, 5.071, 5.386, 4.295, 3.337, 3.451, 4.235, 4.196, 3.404, 2.803, 3.386, 4.656, 4.509, 4.677, 4.296, 3.12, 3.533, 3.079, 2.315, 3.734, 3.66, 3.171, 2.222, 2.172, 1.958, 3.973, 3.834, 5.476, 6.519, 5.892, 6.904, 6.564], [3.743, 3.773, 2.23, 2.261, 1.163, 1.727, 2.013, 4.074, 4.385, 3.133, 2.861, 4.163, 4.728, 3.149, 2.565, 2.474, 1.853, 2.999, 3.254, 2.652, 2.862, 2.819, 2.699, 1.853, 2.105, 2.405, 2.923, 3.401, 2.895, 2.414, 2.452, 1.743, 0.0, 2.256, 3.007, 2.484, 3.12, 3.951, 3.305, 1.984, 1.938, 2.808, 2.537, 4.473, 5.268, 6.935, 3.105, 5.706, 7.143, 9.823, 11.819, 13.748, 13.707, 14.63, 14.313, 14.097, 12.814, 12.178, 13.324, 13.649, 13.091, 12.23, 12.523, 11.483, 11.251, 10.617, 8.83, 2.959, 5.944, 6.35, 5.137, 4.17, 4.462, 5.078, 5.332, 4.309, 3.719, 4.331, 5.549, 5.206, 5.595, 5.064, 3.925, 4.419, 3.608, 2.928, 4.28, 4.037, 3.982, 2.813, 2.689, 2.293, 3.428, 3.344, 4.884, 5.928, 5.292, 6.304, 5.972], [2.242, 2.265, 2.17, 3.089, 1.761, 2.564, 3.252, 5.844, 5.929, 4.199, 4.073, 5.605, 5.685, 3.739, 3.694, 3.173, 3.235, 4.556, 4.953, 4.561, 4.305, 3.842, 3.197, 2.622, 2.537, 2.447, 1.853, 2.185, 2.288, 2.91, 3.955, 3.093, 2.256, 0.0, 1.256, 1.509, 1.875, 2.163, 1.614, 2.585, 2.01, 1.582, 2.359, 5.835, 6.699, 8.484, 3.524, 4.061, 5.012, 7.641, 9.783, 11.564, 11.58, 12.445, 12.154, 11.943, 10.655, 10.024, 11.168, 11.543, 10.949, 10.083, 10.369, 9.406, 9.191, 8.632, 6.937, 2.397, 7.481, 7.868, 6.892, 5.774, 6.098, 6.574, 7.025, 5.782, 5.412, 5.98, 7.22, 6.448, 7.181, 6.964, 4.87, 4.799, 4.597, 3.402, 5.207, 5.29, 5.464, 4.127, 3.941, 2.538, 2.187, 2.168, 2.742, 3.775, 3.229, 4.186, 3.857], [2.441, 2.599, 2.785, 3.535, 2.392, 3.206, 3.829, 6.578, 6.51, 4.512, 4.394, 6.134, 6.02, 4.143, 4.194, 3.684, 3.993, 5.124, 5.556, 5.252, 4.825, 4.367, 3.604, 3.218, 3.026, 2.762, 2.207, 2.398, 2.418, 3.481, 4.667, 3.841, 3.007, 1.256, 0.0, 1.846, 2.189, 1.817, 1.493, 2.84, 2.256, 1.657, 2.589, 6.343, 7.132, 8.976, 3.577, 3.792, 4.497, 7.135, 9.538, 11.053, 11.065, 11.866, 11.663, 11.427, 10.14, 9.563, 10.709, 11.089, 10.557, 9.622, 9.865, 8.977, 8.94, 8.472, 6.771, 2.514, 8.016, 8.409, 7.588, 6.378, 6.73, 7.168, 7.632, 6.319, 6.079, 6.676, 7.804, 6.886, 7.813, 7.674, 5.23, 5.0, 4.817, 3.53, 5.506, 5.837, 6.061, 4.834, 4.504, 2.952, 2.384, 2.52, 2.303, 3.293, 2.967, 3.824, 3.643], [1.993, 2.058, 1.449, 2.471, 1.717, 2.32, 3.038, 5.913, 5.611, 3.893, 3.385, 5.104, 4.883, 3.223, 3.206, 3.11, 3.293, 4.2, 4.693, 4.601, 3.816, 3.631, 3.099, 2.656, 2.339, 2.133, 1.643, 2.107, 2.306, 2.811, 3.916, 3.236, 2.484, 1.509, 1.846, 0.0, 1.651, 2.176, 1.343, 2.03, 1.71, 1.256, 2.023, 5.687, 6.657, 7.996, 2.782, 3.431, 5.084, 7.48, 10.397, 11.568, 11.714, 12.365, 11.974, 11.743, 10.468, 9.95, 10.956, 11.322, 10.799, 9.987, 10.15, 9.157, 9.009, 8.441, 6.553, 1.722, 7.012, 7.565, 6.82, 6.005, 5.947, 6.283, 6.675, 5.579, 5.534, 5.831, 6.941, 6.013, 7.103, 7.028, 4.191, 4.223, 3.68, 2.573, 4.528, 5.205, 5.179, 4.101, 3.617, 2.114, 2.073, 1.995, 2.644, 3.567, 3.075, 3.935, 3.609], [1.324, 1.418, 2.07, 3.38, 2.457, 3.18, 3.734, 6.605, 6.433, 4.574, 4.188, 5.995, 5.879, 4.075, 4.157, 3.666, 3.906, 5.006, 5.45, 5.268, 4.669, 4.308, 3.873, 3.397, 3.152, 2.973, 2.328, 2.415, 2.656, 3.426, 4.607, 3.859, 3.12, 1.875, 2.189, 1.651, 0.0, 1.503, 1.502, 3.091, 2.72, 1.878, 2.541, 6.377, 7.256, 8.833, 3.686, 3.743, 4.383, 6.892, 9.644, 10.87, 11.046, 11.766, 11.429, 11.191, 9.935, 9.401, 10.431, 10.752, 10.305, 9.434, 9.629, 8.609, 8.384, 7.923, 6.097, 2.915, 7.856, 8.432, 7.571, 6.661, 6.692, 7.024, 7.491, 6.366, 6.194, 6.501, 7.607, 6.85, 7.733, 7.702, 5.042, 5.053, 4.657, 3.618, 5.511, 6.009, 6.013, 4.791, 4.396, 2.787, 1.606, 1.941, 2.154, 3.033, 2.705, 3.494, 3.106], [1.501, 1.897, 2.874, 4.147, 3.2, 3.976, 4.536, 7.435, 7.219, 5.139, 4.993, 6.82, 6.565, 4.706, 4.763, 4.419, 4.735, 5.827, 6.33, 6.093, 5.459, 5.196, 4.353, 4.134, 3.995, 3.709, 2.828, 2.757, 3.113, 4.183, 5.511, 4.671, 3.951, 2.163, 1.817, 2.176, 1.503, 0.0, 1.536, 3.856, 3.257, 1.966, 2.895, 7.114, 8.041, 9.611, 4.274, 3.313, 3.828, 6.324, 9.086, 10.403, 10.371, 11.021, 10.861, 10.611, 9.405, 8.839, 9.854, 10.258, 9.709, 8.832, 9.041, 8.213, 8.044, 7.64, 5.827, 3.428, 8.701, 9.254, 8.465, 7.386, 7.534, 7.919, 8.365, 7.134, 6.997, 7.436, 8.528, 7.611, 8.54, 8.532, 5.897, 5.612, 5.417, 4.18, 6.316, 6.797, 6.813, 5.584, 5.185, 3.579, 2.045, 2.175, 1.833, 2.483, 2.207, 2.951, 2.78], [1.658, 1.718, 2.373, 3.467, 2.597, 3.237, 3.973, 6.843, 6.598, 4.829, 4.47, 6.141, 5.982, 4.104, 4.239, 3.847, 4.105, 5.078, 5.583, 5.5, 4.827, 4.558, 3.837, 3.536, 3.204, 2.831, 1.974, 2.284, 2.736, 3.578, 4.864, 3.98, 3.305, 1.614, 1.493, 1.343, 1.502, 1.536, 0.0, 2.824, 2.459, 1.81, 2.664, 6.568, 7.543, 9.0, 3.767, 2.812, 4.004, 6.608, 9.259, 10.562, 10.726, 11.479, 11.062, 10.844, 9.566, 8.95, 10.076, 10.42, 9.923, 9.038, 9.269, 8.228, 8.111, 7.576, 5.754, 2.426, 7.997, 8.508, 7.759, 6.898, 6.905, 7.265, 7.642, 6.567, 6.429, 6.802, 7.843, 6.95, 7.979, 7.937, 5.193, 5.136, 4.803, 3.58, 5.569, 5.975, 6.118, 5.012, 4.555, 2.86, 2.107, 2.143, 1.841, 2.679, 2.165, 3.135, 2.951], [3.501, 3.431, 1.908, 1.347, 1.534, 1.801, 1.783, 4.101, 3.946, 2.573, 2.125, 3.487, 3.719, 2.323, 1.927, 2.203, 1.928, 2.469, 2.946, 2.847, 2.307, 2.395, 2.067, 1.487, 1.291, 1.26, 1.909, 2.353, 1.741, 1.939, 2.214, 2.165, 1.984, 2.585, 2.84, 2.03, 3.091, 3.856, 2.824, 0.0, 1.197, 2.637, 2.282, 4.064, 4.973, 6.441, 2.184, 5.074, 6.743, 9.28, 11.831, 13.189, 13.433, 14.095, 13.663, 13.452, 12.166, 11.568, 12.668, 13.02, 12.526, 11.645, 11.855, 10.859, 10.688, 10.023, 8.19, 1.623, 5.314, 5.845, 5.03, 4.284, 4.205, 4.585, 4.931, 3.907, 3.756, 4.084, 5.317, 4.403, 5.413, 5.247, 2.971, 3.541, 2.544, 1.769, 3.187, 3.484, 3.403, 2.624, 1.849, 1.685, 3.309, 3.175, 4.261, 5.26, 4.679, 5.647, 5.304], [3.194, 3.245, 2.07, 1.824, 1.52, 2.294, 2.179, 4.71, 4.483, 2.606, 2.419, 4.115, 4.032, 2.357, 2.21, 2.075, 2.249, 3.079, 3.581, 3.339, 2.777, 2.55, 1.983, 1.49, 1.183, 1.234, 1.704, 1.961, 1.477, 1.694, 2.752, 2.193, 1.938, 2.01, 2.256, 1.71, 2.72, 3.257, 2.459, 1.197, 0.0, 2.015, 1.84, 4.279, 5.289, 6.902, 2.286, 4.897, 6.266, 8.89, 11.413, 12.831, 12.904, 13.714, 13.407, 13.182, 11.904, 11.274, 12.415, 12.739, 12.2, 11.338, 11.619, 10.578, 10.417, 9.878, 8.034, 1.539, 5.973, 6.399, 5.634, 4.633, 4.788, 5.169, 5.621, 4.382, 4.226, 4.693, 5.769, 4.88, 5.808, 5.765, 3.293, 3.501, 2.934, 1.831, 3.543, 3.72, 4.049, 2.844, 2.49, 1.53, 3.093, 3.0, 3.98, 5.024, 4.496, 5.397, 5.063], [2.443, 2.642, 1.781, 3.026, 2.185, 2.927, 3.548, 6.336, 6.088, 4.188, 3.837, 5.694, 5.422, 3.647, 3.653, 3.357, 3.609, 4.754, 5.297, 4.976, 4.371, 4.075, 3.233, 2.977, 2.831, 2.591, 1.844, 1.936, 2.274, 3.156, 4.413, 3.567, 2.808, 1.582, 1.657, 1.256, 1.878, 1.966, 1.81, 2.637, 2.015, 0.0, 1.529, 5.998, 6.939, 8.468, 2.701, 3.971, 4.931, 7.298, 10.279, 11.506, 11.431, 12.097, 11.931, 11.638, 10.497, 10.078, 10.914, 11.239, 10.891, 9.969, 10.029, 9.308, 9.322, 8.899, 7.093, 2.211, 7.594, 8.087, 7.331, 6.28, 6.415, 6.834, 7.255, 5.943, 5.821, 6.363, 7.457, 6.481, 7.482, 7.399, 4.77, 4.357, 3.948, 2.757, 5.045, 5.614, 5.753, 4.504, 4.142, 2.578, 1.958, 2.214, 2.716, 3.559, 3.42, 3.873, 3.609], [3.37, 3.48, 1.826, 2.615, 2.11, 2.883, 2.962, 5.363, 5.122, 3.14, 2.788, 4.526, 4.267, 2.537, 2.707, 2.315, 2.632, 3.701, 4.181, 3.999, 3.254, 3.018, 2.183, 2.449, 2.522, 2.526, 1.972, 2.073, 1.902, 2.493, 3.589, 2.701, 2.537, 2.359, 2.589, 2.023, 2.541, 2.895, 2.664, 2.282, 1.84, 1.529, 0.0, 4.951, 5.938, 7.291, 1.773, 4.978, 5.965, 8.224, 11.486, 12.464, 12.523, 13.135, 12.919, 12.553, 11.394, 11.141, 11.895, 12.161, 11.91, 11.059, 11.019, 10.24, 10.278, 9.856, 8.046, 2.429, 6.4, 7.136, 6.362, 5.359, 5.371, 5.698, 6.057, 4.971, 4.871, 5.253, 6.263, 5.392, 6.427, 6.395, 3.576, 3.185, 2.818, 2.047, 4.112, 4.689, 4.764, 3.569, 3.262, 1.866, 2.206, 2.331, 3.666, 4.529, 4.369, 4.8, 4.583], [6.985, 7.071, 5.236, 3.621, 4.455, 4.185, 3.725, 2.054, 1.72, 2.206, 2.89, 1.658, 1.568, 2.912, 2.735, 3.059, 3.396, 2.373, 2.668, 2.653, 2.833, 2.681, 3.136, 3.503, 3.68, 4.216, 5.744, 5.969, 5.097, 3.16, 2.459, 3.984, 4.473, 5.835, 6.343, 5.687, 6.377, 7.114, 6.568, 4.064, 4.279, 5.998, 4.951, 0.0, 1.6, 3.065, 4.716, 9.015, 10.462, 13.143, 15.451, 17.068, 17.13, 17.978, 17.621, 17.403, 16.127, 15.493, 16.64, 16.962, 16.397, 15.561, 15.838, 14.797, 14.572, 13.933, 12.144, 5.236, 2.567, 3.365, 2.625, 1.972, 1.699, 1.692, 2.156, 1.966, 2.011, 2.095, 1.795, 1.541, 1.776, 1.904, 2.347, 2.79, 3.177, 3.754, 1.771, 1.557, 2.087, 2.184, 2.506, 4.41, 6.478, 6.328, 8.198, 9.242, 8.607, 9.619, 9.286], [7.928, 8.066, 6.194, 4.382, 5.196, 4.893, 4.353, 2.028, 1.896, 3.297, 3.817, 2.409, 2.429, 3.922, 3.716, 4.05, 4.167, 3.085, 3.463, 3.582, 3.8, 3.778, 4.249, 4.445, 4.531, 5.092, 6.731, 6.916, 6.061, 4.239, 3.184, 4.671, 5.268, 6.699, 7.132, 6.657, 7.256, 8.041, 7.543, 4.973, 5.289, 6.939, 5.938, 1.6, 0.0, 2.027, 5.788, 9.984, 11.408, 14.077, 16.368, 17.993, 18.01, 18.831, 18.575, 18.357, 17.081, 16.456, 17.596, 17.92, 17.348, 16.501, 16.806, 15.759, 15.527, 14.9, 13.113, 6.205, 1.699, 2.399, 2.117, 1.795, 1.953, 1.471, 2.103, 2.103, 2.749, 2.798, 1.652, 1.779, 1.153, 1.852, 3.526, 3.795, 4.178, 4.736, 2.35, 1.943, 2.336, 3.214, 3.585, 5.382, 7.466, 7.409, 9.167, 10.211, 9.568, 10.575, 10.244], [9.498, 9.389, 7.481, 5.724, 6.944, 6.148, 5.46, 3.232, 2.853, 4.837, 5.316, 3.515, 3.547, 5.202, 5.193, 5.742, 5.612, 4.108, 4.297, 4.908, 4.918, 5.454, 5.736, 6.158, 6.211, 6.758, 8.094, 8.458, 7.587, 5.827, 4.86, 5.958, 6.935, 8.484, 8.976, 7.996, 8.833, 9.611, 9.0, 6.441, 6.902, 8.468, 7.291, 3.065, 2.027, 0.0, 6.991, 11.232, 12.996, 15.231, 18.16, 19.378, 19.648, 20.228, 19.756, 19.54, 18.276, 17.819, 18.814, 19.185, 18.613, 17.949, 18.004, 17.062, 16.768, 16.074, 14.264, 7.375, 1.902, 1.911, 2.382, 3.087, 2.866, 2.452, 2.515, 3.114, 3.757, 3.661, 2.104, 2.917, 1.637, 2.534, 4.667, 4.908, 5.361, 6.07, 3.702, 3.34, 3.45, 4.792, 4.962, 6.684, 8.818, 8.489, 10.351, 11.366, 10.816, 11.73, 11.398], [4.377, 4.392, 2.338, 2.263, 2.735, 3.101, 2.799, 4.951, 4.703, 2.907, 2.233, 3.793, 3.526, 2.232, 2.396, 2.556, 2.83, 3.341, 3.677, 3.713, 2.751, 2.622, 2.065, 2.396, 2.409, 2.432, 2.831, 2.998, 2.457, 2.749, 3.155, 3.147, 3.105, 3.524, 3.577, 2.782, 3.686, 4.274, 3.767, 2.184, 2.286, 2.701, 1.773, 4.716, 5.788, 6.991, 0.0, 5.839, 7.241, 9.104, 12.648, 13.558, 13.739, 14.263, 13.532, 13.06, 12.163, 12.116, 12.55, 12.961, 12.816, 12.066, 11.834, 11.263, 11.085, 10.476, 8.498, 2.123, 5.622, 6.688, 5.851, 5.37, 4.854, 5.166, 5.275, 4.637, 4.418, 4.583, 5.819, 4.855, 6.199, 5.895, 2.935, 2.625, 1.723, 1.769, 3.989, 4.636, 4.428, 3.33, 2.8, 1.917, 2.95, 2.935, 4.601, 5.244, 5.039, 5.359, 5.084], [3.172, 3.433, 4.213, 5.718, 4.973, 5.487, 6.317, 9.154, 8.859, 7.239, 6.56, 8.303, 8.027, 6.413, 6.43, 6.319, 6.417, 7.388, 7.818, 7.835, 7.034, 6.945, 6.416, 5.981, 5.56, 5.2, 4.031, 4.345, 5.115, 6.109, 7.122, 6.381, 5.706, 4.061, 3.792, 3.431, 3.743, 3.313, 2.812, 5.074, 4.897, 3.971, 4.978, 9.015, 9.984, 11.232, 5.839, 0.0, 2.056, 4.206, 7.296, 8.407, 8.59, 9.152, 8.687, 8.451, 7.203, 6.772, 7.665, 8.044, 7.573, 6.782, 6.822, 5.941, 5.806, 5.269, 3.336, 4.278, 10.177, 10.796, 10.015, 9.316, 9.162, 9.538, 9.842, 8.866, 8.792, 9.04, 10.228, 9.263, 10.414, 10.286, 7.359, 7.285, 6.666, 5.696, 7.783, 8.422, 8.416, 7.331, 6.784, 5.101, 4.261, 4.358, 3.15, 2.93, 2.437, 2.837, 3.139], [3.771, 3.938, 6.153, 7.437, 6.398, 7.124, 7.856, 10.695, 10.484, 8.693, 8.272, 10.103, 9.9, 7.981, 8.087, 7.689, 7.958, 9.024, 9.522, 9.354, 8.754, 8.444, 7.589, 7.387, 7.072, 6.617, 5.238, 4.886, 5.645, 7.396, 8.682, 7.798, 7.143, 5.012, 4.497, 5.084, 4.383, 3.828, 4.004, 6.743, 6.266, 4.931, 5.965, 10.462, 11.408, 12.996, 7.241, 2.056, 0.0, 2.757, 5.55, 6.771, 6.758, 7.604, 7.304, 6.986, 5.776, 5.383, 6.342, 6.675, 6.304, 5.324, 5.452, 4.683, 4.778, 4.552, 2.744, 6.024, 11.965, 12.401, 11.644, 10.746, 10.783, 11.188, 11.611, 10.477, 10.282, 10.716, 11.796, 10.87, 11.866, 11.791, 9.146, 8.836, 8.481, 7.338, 9.439, 9.9, 10.046, 8.847, 8.447, 6.697, 4.713, 5.082, 3.236, 2.565, 2.972, 2.673, 3.069], [6.281, 6.206, 8.303, 9.883, 9.08, 9.644, 10.434, 13.36, 13.03, 11.314, 10.693, 12.452, 12.023, 10.348, 10.627, 10.399, 10.623, 11.576, 11.95, 12.041, 11.232, 11.068, 10.199, 10.025, 9.658, 9.234, 7.64, 7.375, 8.121, 10.087, 11.306, 10.494, 9.823, 7.641, 7.135, 7.48, 6.892, 6.324, 6.608, 9.28, 8.89, 7.298, 8.224, 13.143, 14.077, 15.231, 9.104, 4.206, 2.757, 0.0, 3.78, 4.663, 4.891, 5.473, 4.973, 4.393, 3.501, 3.571, 4.056, 4.422, 4.298, 3.747, 3.248, 3.095, 3.179, 3.154, 2.547, 8.113, 14.237, 14.983, 14.208, 13.409, 13.34, 13.701, 13.886, 12.97, 12.998, 13.217, 14.337, 13.469, 14.523, 14.492, 11.413, 10.917, 10.402, 9.512, 11.939, 12.515, 12.622, 11.522, 10.982, 9.041, 6.967, 7.164, 5.091, 4.234, 5.048, 4.145, 4.553], [8.844, 8.931, 11.354, 12.609, 11.266, 12.103, 12.891, 15.335, 15.502, 13.795, 13.479, 15.112, 15.125, 13.156, 13.187, 12.651, 12.76, 14.085, 14.39, 13.983, 13.819, 13.188, 12.556, 12.158, 12.063, 11.541, 10.267, 10.051, 10.754, 12.448, 13.457, 12.515, 11.819, 9.783, 9.538, 10.397, 9.644, 9.086, 9.259, 11.831, 11.413, 10.279, 11.486, 15.451, 16.368, 18.16, 12.648, 7.296, 5.55, 3.78, 0.0, 2.302, 2.491, 4.009, 3.579, 3.201, 2.304, 1.972, 2.676, 2.945, 2.936, 2.202, 2.001, 2.415, 2.48, 2.906, 4.645, 11.22, 16.993, 17.436, 16.342, 15.467, 15.642, 16.131, 16.551, 15.455, 15.002, 15.41, 16.819, 15.915, 16.851, 16.44, 14.263, 14.079, 13.883, 12.692, 14.685, 14.957, 14.949, 13.623, 13.365, 11.821, 9.801, 10.099, 8.105, 7.491, 7.975, 7.461, 7.784], [10.151, 10.116, 12.491, 13.914, 13.0, 13.538, 14.364, 17.238, 16.937, 15.265, 14.678, 16.388, 16.219, 14.346, 14.616, 14.294, 14.502, 15.502, 15.861, 15.917, 15.119, 14.946, 14.086, 13.896, 13.532, 13.085, 11.534, 11.298, 12.039, 14.013, 15.232, 14.398, 13.748, 11.564, 11.053, 11.568, 10.87, 10.403, 10.562, 13.189, 12.831, 11.506, 12.464, 17.068, 17.993, 19.378, 13.558, 8.407, 6.771, 4.663, 2.302, 0.0, 2.057, 2.834, 3.123, 3.136, 2.574, 2.206, 1.996, 1.691, 2.04, 2.116, 2.15, 2.586, 2.92, 3.776, 5.797, 12.336, 18.272, 18.835, 18.058, 17.316, 17.239, 17.57, 17.961, 16.885, 16.899, 17.081, 18.304, 17.34, 18.449, 18.373, 15.453, 15.174, 14.835, 13.79, 15.932, 16.444, 16.481, 15.431, 14.858, 13.0, 10.936, 11.311, 9.274, 8.508, 9.087, 8.393, 8.85], [10.432, 10.505, 12.756, 14.098, 12.991, 13.796, 14.495, 17.289, 17.121, 15.327, 14.872, 16.794, 16.516, 14.638, 14.703, 14.328, 14.603, 15.728, 16.232, 15.981, 15.425, 15.086, 14.271, 13.96, 13.654, 13.298, 11.851, 11.483, 12.201, 14.066, 15.316, 14.401, 13.707, 11.58, 11.065, 11.714, 11.046, 10.371, 10.726, 13.433, 12.904, 11.431, 12.523, 17.13, 18.01, 19.648, 13.739, 8.59, 6.758, 4.891, 2.491, 2.057, 0.0, 2.042, 2.355, 2.031, 2.203, 2.093, 1.701, 1.865, 2.062, 2.246, 2.16, 2.765, 3.253, 4.163, 6.09, 12.605, 18.664, 19.089, 18.299, 17.314, 17.444, 17.881, 18.328, 17.047, 16.895, 17.384, 18.52, 17.553, 18.511, 18.406, 15.845, 15.47, 15.012, 13.92, 16.066, 16.597, 16.752, 15.497, 15.133, 13.363, 11.355, 11.684, 9.599, 8.796, 9.407, 8.6, 9.081], [11.088, 11.137, 13.266, 14.789, 13.886, 14.463, 15.293, 18.14, 17.876, 15.939, 15.613, 17.392, 17.081, 15.243, 15.421, 15.198, 15.416, 16.474, 16.918, 16.826, 16.12, 15.882, 15.029, 14.8, 14.448, 14.04, 12.461, 12.208, 12.934, 14.93, 16.168, 15.284, 14.63, 12.445, 11.866, 12.365, 11.766, 11.021, 11.479, 14.095, 13.714, 12.097, 13.135, 17.978, 18.831, 20.228, 14.263, 9.152, 7.604, 5.473, 4.009, 2.834, 2.042, 0.0, 1.818, 2.567, 3.276, 3.028, 2.275, 2.336, 2.362, 2.886, 2.982, 3.402, 3.823, 4.713, 6.606, 13.139, 19.299, 19.815, 19.075, 18.194, 18.231, 18.58, 18.972, 17.778, 17.788, 18.134, 19.288, 18.259, 19.377, 19.278, 16.471, 16.0, 15.523, 14.461, 16.748, 17.349, 17.454, 16.341, 15.859, 13.999, 11.978, 12.253, 10.195, 9.325, 10.026, 9.146, 9.566], [10.715, 10.587, 12.709, 14.356, 13.572, 14.069, 14.924, 17.739, 17.454, 15.799, 15.011, 16.684, 16.388, 14.737, 15.031, 14.786, 15.019, 16.008, 16.236, 16.427, 15.572, 15.446, 14.561, 14.479, 14.104, 13.563, 11.918, 11.732, 12.559, 14.564, 15.742, 14.916, 14.313, 12.154, 11.663, 11.974, 11.429, 10.861, 11.062, 13.663, 13.407, 11.931, 12.919, 17.621, 18.575, 19.756, 13.532, 8.687, 7.304, 4.973, 3.579, 3.123, 2.355, 1.818, 0.0, 1.65, 2.254, 2.479, 1.761, 2.265, 2.157, 2.668, 2.334, 2.956, 3.162, 3.765, 5.667, 12.473, 18.478, 19.353, 18.481, 17.909, 17.742, 18.114, 18.254, 17.472, 17.414, 17.537, 18.798, 17.832, 19.022, 18.879, 15.558, 15.09, 14.816, 14.075, 16.405, 17.026, 16.964, 15.949, 15.349, 13.27, 11.218, 11.354, 9.53, 8.472, 9.047, 8.224, 8.596], [10.518, 10.39, 12.492, 14.13, 13.365, 13.871, 14.722, 17.529, 17.246, 15.585, 14.839, 16.565, 16.179, 14.528, 14.815, 14.579, 14.812, 15.794, 16.078, 16.217, 15.376, 15.238, 14.367, 14.281, 13.908, 13.383, 11.764, 11.526, 12.342, 14.345, 15.534, 14.706, 14.097, 11.943, 11.427, 11.743, 11.191, 10.611, 10.844, 13.452, 13.182, 11.638, 12.553, 17.403, 18.357, 19.54, 13.06, 8.451, 6.986, 4.393, 3.201, 3.136, 2.031, 2.567, 1.65, 0.0, 1.558, 2.31, 1.91, 2.351, 2.354, 2.617, 2.145, 2.735, 3.182, 3.812, 5.57, 12.264, 18.331, 19.151, 18.337, 17.711, 17.536, 17.915, 18.062, 17.265, 17.201, 17.352, 18.595, 17.631, 18.804, 18.667, 15.482, 14.944, 14.472, 13.799, 16.196, 16.808, 16.778, 15.738, 15.153, 13.141, 11.062, 11.213, 9.283, 8.287, 8.99, 8.002, 8.519], [9.226, 9.093, 11.224, 12.839, 12.078, 12.578, 13.43, 16.237, 15.945, 14.3, 13.548, 15.242, 14.896, 13.241, 13.536, 13.282, 13.517, 14.509, 14.752, 14.926, 14.066, 13.945, 13.057, 12.984, 12.61, 12.061, 10.44, 10.23, 11.046, 13.069, 14.243, 13.414, 12.814, 10.655, 10.14, 10.468, 9.935, 9.405, 9.566, 12.166, 11.904, 10.497, 11.394, 16.127, 17.081, 18.276, 12.163, 7.203, 5.776, 3.501, 2.304, 2.574, 2.203, 3.276, 2.254, 1.558, 0.0, 1.363, 1.696, 2.098, 2.081, 1.92, 1.373, 1.854, 2.546, 3.09, 4