[[0.0, 2.646, 2.935, 2.839, 2.257, 2.409, 2.593, 3.74, 4.536, 6.379, 7.596, 7.56, 7.551, 5.091, 2.604, 5.085, 6.373, 5.391, 5.883, 5.635, 5.757, 4.759, 3.291, 3.107, 2.62, 2.735, 4.655, 5.618, 5.931, 6.223, 5.557, 4.222, 4.144, 4.036, 3.299, 4.631, 4.227, 4.336, 5.261, 5.731, 4.453, 1.804, 1.675, 2.651, 3.891, 3.01, 2.438, 5.119, 10.999, 12.868, 13.86, 19.256, 17.805, 10.35, 3.596, 2.495, 2.58, 4.651, 5.31, 6.122, 4.184, 1.879, 2.795, 2.993, 2.52, 3.33, 3.202, 1.604, 2.116, 1.959, 1.94, 1.726, 2.236, 2.492, 2.453, 3.506, 3.593, 2.675, 1.765, 3.568, 5.362, 4.812, 5.303, 3.453, 3.181, 3.174, 2.854, 2.262, 7.789, 3.931, 6.303, 10.397, 10.951, 6.475, 8.156, 8.718, 8.677, 8.812, 8.003, 7.745, 7.218, 6.913, 6.123, 5.662, 6.357, 6.878, 6.928], [2.646, 0.0, 1.685, 1.933, 2.512, 3.95, 4.723, 6.109, 6.945, 8.721, 9.986, 9.932, 9.909, 7.535, 4.345, 2.807, 4.049, 3.528, 4.129, 3.872, 3.381, 2.978, 2.183, 2.367, 2.845, 4.471, 6.819, 7.94, 8.286, 8.619, 8.022, 6.61, 6.514, 6.396, 4.68, 6.91, 6.387, 6.468, 7.494, 7.529, 6.795, 3.702, 2.74, 2.757, 2.291, 2.154, 3.643, 7.468, 13.371, 15.278, 16.259, 21.64, 20.232, 12.718, 5.012, 2.588, 1.722, 2.121, 2.868, 3.697, 2.097, 1.812, 2.03, 1.776, 1.762, 2.324, 2.209, 3.504, 4.49, 4.049, 2.846, 2.608, 2.194, 2.019, 4.333, 5.102, 5.64, 4.455, 2.72, 5.91, 7.74, 7.112, 7.672, 4.806, 3.702, 4.544, 2.498, 4.152, 10.104, 6.225, 4.124, 7.952, 8.489, 4.001, 5.655, 6.253, 6.185, 6.306, 5.507, 5.264, 4.731, 4.429, 3.657, 3.204, 3.902, 4.456, 4.537], [2.935, 1.685, 0.0, 0.787, 1.948, 3.999, 4.831, 6.171, 7.0, 8.794, 10.048, 10.017, 10.038, 7.72, 4.984, 2.961, 4.332, 3.89, 3.734, 3.197, 3.542, 4.114, 3.643, 3.695, 3.892, 4.992, 7.184, 8.234, 8.599, 8.864, 8.181, 6.744, 6.668, 6.582, 5.092, 7.173, 6.607, 6.762, 7.681, 8.158, 7.009, 4.017, 2.922, 2.88, 2.109, 2.3, 3.808, 7.592, 13.469, 15.369, 16.391, 21.752, 20.316, 12.822, 4.892, 1.731, 1.711, 2.2, 2.824, 3.675, 2.799, 2.511, 2.837, 2.382, 2.281, 2.652, 2.618, 3.711, 4.614, 4.363, 3.187, 3.131, 3.123, 3.056, 4.677, 5.663, 5.78, 4.635, 3.173, 6.039, 7.802, 7.216, 7.745, 4.958, 3.759, 4.722, 2.549, 4.198, 10.228, 6.195, 3.689, 7.696, 8.325, 3.865, 5.411, 5.996, 5.957, 6.113, 5.317, 5.108, 4.532, 4.262, 3.479, 3.112, 3.781, 4.324, 4.402], [2.839, 1.933, 0.787, 0.0, 1.72, 3.939, 4.813, 6.121, 6.951, 8.735, 9.994, 9.935, 9.944, 7.679, 4.99, 3.123, 4.574, 4.095, 3.909, 3.137, 3.731, 4.433, 3.947, 3.987, 3.895, 4.982, 7.18, 8.193, 8.448, 8.735, 8.108, 6.701, 6.565, 6.444, 5.107, 7.079, 6.471, 6.652, 7.585, 8.1, 6.884, 3.941, 2.862, 2.881, 2.092, 2.387, 3.916, 7.486, 13.39, 15.274, 16.271, 21.664, 20.208, 12.736, 4.616, 1.337, 1.59, 2.289, 2.843, 3.682, 2.737, 2.667, 3.041, 2.606, 2.471, 2.82, 2.797, 3.59, 4.527, 4.29, 3.302, 3.266, 3.378, 3.346, 4.663, 5.715, 5.661, 4.587, 3.121, 5.956, 7.736, 7.132, 7.675, 5.014, 3.838, 4.74, 2.625, 4.163, 10.2, 6.279, 3.678, 7.763, 8.346, 3.925, 5.519, 6.112, 6.053, 6.181, 5.388, 5.119, 4.564, 4.33, 3.532, 3.188, 3.878, 4.434, 4.496], [2.257, 2.512, 1.948, 1.72, 0.0, 2.568, 3.507, 4.585, 5.495, 7.269, 8.522, 8.479, 8.505, 6.456, 4.416, 4.352, 5.633, 5.155, 5.142, 4.557, 4.914, 5.002, 4.301, 4.061, 3.816, 4.26, 6.023, 6.964, 7.147, 7.368, 6.6, 5.325, 5.407, 5.165, 4.537, 5.879, 5.49, 5.852, 6.877, 7.399, 5.786, 3.158, 2.554, 2.587, 2.945, 2.903, 2.967, 6.108, 11.955, 13.859, 14.934, 20.227, 18.783, 11.293, 3.287, 1.193, 1.967, 3.543, 4.21, 5.082, 3.515, 3.043, 3.623, 3.342, 2.988, 3.516, 3.579, 2.739, 3.306, 3.354, 3.167, 3.274, 3.561, 3.788, 3.877, 5.041, 4.444, 3.636, 3.174, 4.598, 6.346, 5.726, 6.246, 4.336, 3.33, 3.904, 2.711, 3.449, 8.735, 4.889, 5.255, 9.286, 9.84, 5.341, 7.031, 7.562, 7.569, 7.696, 6.891, 6.649, 6.089, 5.808, 4.979, 4.508, 5.297, 5.88, 5.951], [2.409, 3.95, 3.999, 3.939, 2.568, 0.0, 1.429, 2.458, 3.282, 4.929, 6.174, 6.117, 6.237, 4.763, 3.383, 6.356, 7.539, 6.611, 6.834, 6.604, 7.143, 6.108, 4.966, 4.546, 3.903, 3.104, 4.546, 4.974, 4.961, 5.247, 4.508, 3.492, 3.744, 3.755, 4.25, 4.105, 4.188, 4.406, 5.218, 5.633, 4.087, 2.835, 2.861, 3.142, 4.807, 3.993, 2.676, 4.2, 9.621, 11.504, 12.54, 17.968, 16.414, 8.94, 2.071, 3.362, 3.739, 5.667, 6.54, 7.314, 5.191, 3.422, 4.244, 4.479, 3.786, 4.541, 4.534, 2.8, 2.337, 2.86, 3.197, 3.499, 4.104, 4.399, 3.738, 3.911, 3.463, 3.097, 3.266, 3.345, 4.319, 4.012, 4.074, 4.253, 3.937, 3.687, 3.602, 2.759, 6.526, 3.021, 7.42, 11.437, 12.001, 7.602, 9.177, 9.744, 9.727, 9.854, 9.035, 8.782, 8.233, 8.054, 7.186, 6.727, 7.688, 8.255, 8.304], [2.593, 4.723, 4.831, 4.813, 3.507, 1.429, 0.0, 1.475, 2.392, 4.199, 5.416, 5.398, 5.491, 3.876, 2.856, 7.055, 8.144, 7.265, 7.676, 7.462, 7.797, 6.607, 5.073, 4.376, 3.756, 2.692, 3.945, 4.111, 4.187, 4.471, 3.79, 2.806, 2.918, 3.176, 4.169, 3.827, 3.99, 4.112, 4.76, 5.079, 3.709, 2.942, 3.275, 4.016, 5.793, 4.844, 3.368, 3.992, 8.869, 10.753, 11.755, 17.202, 15.673, 8.235, 2.369, 4.264, 4.586, 6.437, 7.241, 8.053, 6.043, 3.778, 4.63, 4.976, 4.364, 5.073, 5.011, 2.629, 2.169, 2.621, 3.249, 3.39, 4.12, 4.472, 3.5, 3.41, 3.352, 2.898, 3.21, 3.247, 3.83, 3.884, 3.755, 4.438, 4.499, 3.974, 4.418, 2.691, 5.811, 2.532, 8.322, 12.283, 12.842, 8.394, 10.037, 10.545, 10.551, 10.687, 9.864, 9.62, 9.069, 8.889, 7.987, 7.505, 8.419, 9.001, 9.07], [3.74, 6.109, 6.171, 6.121, 4.585, 2.458, 1.475, 0.0, 1.156, 2.866, 4.072, 4.037, 4.17, 3.515, 3.372, 8.381, 9.432, 8.512, 8.897, 8.645, 9.179, 7.899, 6.318, 5.37, 4.56, 3.126, 3.992, 3.868, 3.716, 3.798, 3.08, 2.602, 2.957, 3.096, 4.534, 3.863, 3.998, 4.153, 4.689, 5.229, 3.592, 3.859, 4.078, 4.86, 7.026, 5.974, 3.721, 3.709, 7.501, 9.355, 10.447, 15.749, 14.268, 6.815, 2.643, 5.507, 5.963, 7.882, 8.623, 9.412, 7.369, 4.874, 5.739, 6.156, 5.612, 6.361, 6.225, 3.203, 2.757, 3.171, 4.148, 4.205, 5.067, 5.508, 3.849, 3.711, 3.16, 2.997, 4.042, 3.127, 3.386, 3.522, 3.216, 4.461, 5.045, 4.114, 5.397, 3.293, 4.564, 2.291, 9.651, 13.728, 14.288, 9.806, 11.477, 12.002, 12.008, 12.136, 11.317, 11.065, 10.521, 10.29, 9.426, 8.945, 9.822, 10.403, 10.468], [4.536, 6.945, 7.0, 6.951, 5.495, 3.282, 2.392, 1.156, 0.0, 2.079, 3.198, 3.123, 3.237, 3.385, 3.757, 9.3, 10.435, 9.358, 9.715, 9.431, 10.123, 8.864, 7.249, 6.123, 5.234, 3.377, 3.807, 3.658, 3.432, 3.461, 2.776, 2.505, 2.797, 3.01, 4.486, 3.653, 3.789, 3.891, 4.371, 4.935, 3.266, 4.371, 4.795, 5.528, 7.724, 6.739, 4.368, 3.387, 6.68, 8.454, 9.641, 14.872, 13.378, 5.882, 3.092, 6.25, 6.736, 8.68, 9.459, 10.227, 8.121, 5.723, 6.347, 6.805, 6.296, 7.014, 6.977, 3.677, 2.957, 3.386, 4.666, 4.753, 5.717, 6.354, 3.955, 3.735, 2.888, 3.064, 4.571, 2.98, 3.073, 2.989, 2.662, 4.518, 5.397, 4.152, 5.99, 3.733, 3.785, 2.05, 10.42, 14.497, 15.108, 10.673, 12.258, 12.845, 12.767, 12.899, 12.104, 11.835, 11.306, 11.095, 10.267, 9.797, 10.722, 11.283, 11.335], [6.379, 8.721, 8.794, 8.735, 7.269, 4.929, 4.199, 2.866, 2.079, 0.0, 1.766, 1.676, 1.777, 3.742, 5.665, 11.118, 12.219, 11.102, 11.232, 11.055, 11.966, 10.702, 9.048, 7.956, 7.045, 5.229, 4.525, 4.244, 4.117, 3.868, 3.517, 3.734, 3.824, 4.112, 5.961, 4.572, 4.767, 4.773, 4.413, 5.546, 3.972, 5.93, 6.278, 6.815, 9.146, 8.291, 5.625, 4.182, 5.48, 6.87, 8.336, 13.226, 11.658, 4.336, 4.713, 7.945, 8.44, 10.442, 11.289, 12.002, 9.741, 7.302, 7.937, 8.544, 7.972, 8.617, 8.599, 5.518, 4.662, 5.176, 6.371, 6.502, 7.558, 8.206, 5.668, 5.379, 4.038, 4.59, 6.152, 4.234, 3.87, 3.412, 3.17, 5.855, 6.616, 5.214, 7.354, 5.115, 2.573, 3.34, 12.073, 16.156, 16.779, 12.436, 13.905, 14.54, 14.43, 14.595, 13.782, 13.497, 12.969, 12.801, 11.984, 11.531, 12.536, 13.084, 13.141], [7.596, 9.986, 10.048, 9.994, 8.522, 6.174, 5.416, 4.072, 3.198, 1.766, 0.0, 0.97, 1.592, 3.985, 6.5, 12.322, 13.398, 12.341, 12.69, 12.494, 13.184, 11.913, 10.227, 9.093, 8.197, 6.013, 4.785, 4.4, 4.331, 4.049, 3.836, 4.252, 4.357, 4.833, 6.773, 5.205, 5.306, 5.302, 4.789, 5.763, 4.625, 7.045, 7.578, 8.327, 10.63, 9.726, 7.075, 4.831, 5.103, 6.235, 7.403, 11.964, 10.343, 3.082, 6.099, 9.327, 9.783, 11.682, 12.523, 13.26, 11.149, 8.694, 9.315, 9.887, 9.385, 10.068, 10.048, 6.612, 5.827, 6.293, 7.553, 7.711, 8.704, 9.364, 6.366, 5.965, 4.861, 5.779, 7.535, 4.972, 4.66, 4.242, 3.99, 7.042, 8.021, 6.556, 8.846, 6.65, 2.497, 4.368, 13.438, 17.402, 18.006, 13.655, 15.155, 15.783, 15.673, 15.821, 15.012, 14.734, 14.206, 14.043, 13.217, 12.762, 13.772, 14.316, 14.378], [7.56, 9.932, 10.017, 9.935, 8.479, 6.117, 5.398, 4.037, 3.123, 1.676, 0.97, 0.0, 1.339, 3.694, 6.416, 12.304, 13.345, 12.283, 12.549, 12.365, 13.171, 11.899, 10.214, 9.062, 8.092, 5.99, 4.531, 4.074, 3.899, 3.603, 3.56, 4.139, 4.174, 4.597, 6.674, 4.867, 5.057, 4.924, 4.481, 5.426, 4.469, 6.949, 7.477, 8.161, 10.531, 9.608, 6.913, 4.612, 4.652, 5.935, 7.084, 11.929, 10.372, 3.081, 5.964, 9.229, 9.708, 11.657, 12.498, 13.222, 11.021, 8.543, 9.214, 9.789, 9.269, 9.94, 9.92, 6.555, 5.702, 6.149, 7.387, 7.573, 8.635, 9.32, 6.277, 5.904, 4.805, 5.664, 7.432, 4.786, 4.361, 4.067, 3.818, 6.836, 7.807, 6.317, 8.74, 6.516, 1.995, 4.238, 13.351, 17.436, 18.028, 13.643, 15.187, 15.781, 15.691, 15.814, 15.053, 14.773, 14.242, 14.061, 13.237, 12.764, 13.757, 14.306, 14.356], [7.551, 9.909, 10.038, 9.944, 8.505, 6.237, 5.491, 4.17, 3.237, 1.777, 1.592, 1.339, 0.0, 3.67, 6.547, 12.312, 13.452, 12.304, 12.477, 12.295, 13.149, 11.91, 10.31, 9.219, 8.314, 6.012, 4.308, 3.853, 3.668, 3.325, 3.474, 4.139, 4.173, 4.385, 6.495, 4.613, 4.872, 4.638, 4.419, 5.292, 4.445, 7.126, 7.564, 8.088, 10.404, 9.423, 6.909, 4.494, 4.268, 5.745, 7.053, 11.922, 10.472, 3.096, 5.891, 9.149, 9.72, 11.752, 12.486, 13.252, 11.005, 8.517, 9.243, 9.74, 9.18, 9.842, 9.794, 6.635, 5.584, 6.092, 7.489, 7.73, 8.793, 9.403, 6.259, 5.89, 4.724, 5.714, 7.398, 4.66, 4.232, 3.848, 3.729, 6.864, 7.917, 6.293, 8.716, 6.484, 1.615, 4.296, 13.31, 17.472, 18.074, 13.655, 15.23, 15.83, 15.747, 15.903, 15.102, 14.822, 14.283, 14.035, 13.259, 12.798, 13.758, 14.312, 14.361], [5.091, 7.535, 7.72, 7.679, 6.456, 4.763, 3.876, 3.515, 3.385, 3.742, 3.985, 3.694, 3.67, 0.0, 3.512, 9.743, 10.745, 9.953, 10.466, 10.327, 10.543, 9.291, 7.654, 6.445, 5.356, 3.275, 1.372, 1.434, 1.8, 1.869, 1.596, 1.908, 2.079, 2.819, 4.177, 2.234, 2.39, 2.26, 1.721, 2.4, 1.775, 4.679, 5.709, 6.673, 8.689, 7.645, 6.047, 2.84, 6.079, 7.949, 8.94, 14.339, 12.885, 5.998, 5.82, 7.257, 7.507, 9.447, 10.084, 10.882, 8.863, 6.266, 7.044, 7.587, 7.164, 7.869, 7.743, 4.376, 3.775, 3.851, 5.12, 5.094, 5.912, 6.677, 3.355, 3.048, 3.08, 3.825, 5.369, 3.053, 2.681, 3.082, 3.434, 5.641, 6.487, 5.914, 7.363, 5.019, 3.755, 3.218, 11.183, 15.294, 15.845, 11.327, 13.056, 13.588, 13.574, 13.705, 12.885, 12.615, 12.072, 11.805, 10.983, 10.524, 11.241, 11.818, 11.864], [2.604, 4.345, 4.984, 4.99, 4.416, 3.383, 2.856, 3.372, 3.757, 5.665, 6.5, 6.416, 6.547, 3.512, 0.0, 6.503, 7.401, 6.889, 7.693, 7.578, 7.212, 6.015, 4.303, 3.088, 2.044, 1.075, 2.943, 4.025, 4.338, 4.695, 4.036, 2.745, 2.884, 3.266, 3.206, 3.277, 2.814, 2.729, 3.639, 3.733, 2.887, 2.107, 3.132, 4.167, 5.971, 4.885, 4.048, 3.747, 9.47, 11.35, 12.342, 17.722, 16.293, 9.026, 4.838, 4.916, 4.654, 6.197, 6.811, 7.625, 5.757, 3.267, 4.058, 4.636, 4.323, 5.042, 4.897, 2.211, 2.013, 1.692, 2.483, 2.261, 2.729, 3.447, 1.925, 1.385, 2.765, 2.212, 2.53, 2.659, 3.937, 4.009, 4.138, 3.541, 4.341, 4.08, 4.971, 2.694, 6.992, 3.46, 8.218, 12.115, 12.597, 8.066, 9.852, 10.351, 10.323, 10.46, 9.634, 9.362, 8.848, 8.553, 7.751, 7.251, 7.947, 8.478, 8.583], [5.085, 2.807, 2.961, 3.123, 4.352, 6.356, 7.055, 8.381, 9.3, 11.118, 12.322, 12.304, 12.312, 9.743, 6.503, 0.0, 1.909, 1.895, 2.085, 1.87, 1.786, 2.517, 3.347, 4.213, 4.957, 6.66, 9.031, 10.163, 10.552, 10.898, 10.249, 8.842, 8.769, 8.714, 6.875, 9.238, 8.706, 8.788, 9.763, 9.778, 9.095, 5.958, 4.991, 4.817, 2.767, 3.121, 5.704, 9.816, 15.721, 17.591, 18.581, 23.974, 22.528, 15.085, 7.487, 4.127, 3.323, 2.215, 2.375, 1.661, 2.114, 3.964, 3.492, 2.658, 3.399, 3.046, 2.797, 5.766, 6.871, 6.328, 5.051, 4.845, 4.097, 3.522, 6.578, 7.287, 7.934, 6.805, 5.084, 8.282, 10.103, 9.51, 10.038, 7.086, 5.849, 6.79, 4.764, 6.753, 12.675, 8.773, 2.613, 5.658, 6.203, 2.237, 3.544, 4.198, 4.126, 4.1, 3.352, 3.006, 2.639, 2.585, 2.712, 3.39, 2.486, 2.726, 2.974], [6.373, 4.049, 4.332, 4.574, 5.633, 7.539, 8.144, 9.432, 10.435, 12.219, 13.398, 13.345, 13.452, 10.745, 7.401, 1.909, 0.0, 1.425, 2.07, 2.515, 2.191, 2.943, 4.145, 4.885, 5.664, 7.722, 10.147, 11.303, 11.665, 11.997, 11.262, 9.924, 9.815, 9.773, 7.968, 10.246, 9.744, 9.796, 10.746, 10.648, 10.096, 6.916, 6.036, 5.89, 4.144, 4.418, 6.738, 10.76, 16.665, 18.545, 19.537, 24.944, 23.488, 16.136, 8.807, 5.532, 4.643, 3.301, 3.613, 2.548, 3.428, 5.017, 4.427, 3.809, 4.559, 4.242, 4.033, 6.856, 8.03, 7.552, 6.085, 5.873, 4.991, 4.381, 7.7, 8.072, 9.033, 7.886, 6.199, 9.279, 11.127, 10.61, 11.092, 8.102, 6.907, 7.895, 6.009, 7.929, 13.771, 9.981, 2.936, 4.903, 5.275, 3.128, 3.933, 4.582, 4.132, 3.704, 3.443, 3.342, 3.224, 3.499, 3.783, 4.487, 3.604, 3.597, 3.674], [5.391, 3.528, 3.89, 4.095, 5.155, 6.611, 7.265, 8.512, 9.358, 11.102, 12.341, 12.283, 12.304, 9.953, 6.889, 1.895, 1.425, 0.0, 1.973, 2.382, 2.549, 2.791, 3.782, 4.622, 5.341, 6.997, 9.379, 10.433, 10.735, 11.055, 10.396, 8.995, 8.824, 8.747, 6.886, 9.237, 8.69, 8.768, 9.723, 9.85, 9.059, 5.893, 4.97, 4.936, 3.589, 3.654, 5.685, 9.8, 15.705, 17.548, 18.541, 23.995, 22.491, 15.055, 8.023, 5.019, 3.929, 3.326, 3.903, 2.777, 2.963, 4.09, 3.423, 2.769, 3.465, 3.272, 3.02, 5.882, 6.944, 6.52, 5.108, 4.989, 4.39, 3.806, 6.823, 7.506, 7.949, 6.849, 5.081, 8.256, 10.076, 9.525, 10.011, 7.06, 5.838, 6.789, 4.993, 6.798, 12.774, 9.037, 2.698, 5.483, 6.021, 3.483, 4.191, 5.056, 4.469, 4.219, 3.84, 3.772, 3.578, 3.787, 3.901, 4.602, 4.1, 4.112, 3.975], [5.883, 4.129, 3.734, 3.909, 5.142, 6.834, 7.676, 8.897, 9.715, 11.232, 12.69, 12.549, 12.477, 10.466, 7.693, 2.085, 2.07, 1.973, 0.0, 1.591, 3.067, 3.737, 4.959, 5.77, 6.421, 7.687, 9.986, 11.009, 11.192, 11.448, 10.857, 9.498, 9.259, 8.856, 7.188, 9.139, 8.983, 9.09, 9.946, 10.574, 9.465, 6.347, 5.3, 4.936, 2.993, 3.536, 5.811, 9.662, 15.574, 17.697, 18.599, 23.994, 22.686, 15.134, 7.949, 4.674, 4.139, 3.713, 3.995, 2.756, 2.997, 4.65, 4.002, 3.328, 3.754, 3.094, 2.985, 6.321, 7.129, 6.885, 5.534, 5.586, 5.372, 4.879, 7.32, 8.374, 8.283, 6.973, 5.471, 8.418, 9.878, 9.484, 9.813, 6.874, 5.651, 6.815, 4.666, 6.613, 13.089, 9.523, 2.781, 5.573, 6.131, 3.63, 4.39, 4.956, 4.478, 4.141, 3.655, 3.652, 3.506, 3.854, 4.24, 4.894, 4.173, 4.349, 4.342], [5.635, 3.872, 3.197, 3.137, 4.557, 6.604, 7.462, 8.645, 9.431, 11.055, 12.494, 12.365, 12.295, 10.327, 7.578, 1.87, 2.515, 2.382, 1.591, 0.0, 2.525, 3.712, 4.861, 5.638, 6.317, 7.516, 9.823, 10.808, 11.029, 11.221, 10.652, 9.259, 9.077, 8.789, 7.216, 9.411, 8.899, 9.063, 9.939, 10.528, 9.366, 6.397, 5.135, 4.872, 2.616, 3.276, 5.712, 9.788, 15.681, 17.617, 18.595, 23.964, 22.599, 15.068, 7.47, 3.942, 3.796, 3.219, 3.179, 2.265, 2.519, 4.584, 4.004, 3.157, 3.684, 3.204, 2.969, 6.113, 6.937, 6.762, 5.484, 5.491, 5.244, 4.733, 7.196, 8.297, 8.053, 6.833, 5.37, 8.284, 10.024, 9.468, 9.967, 7.033, 5.782, 6.781, 4.688, 6.627, 12.819, 9.139, 1.939, 5.435, 6.009, 2.694, 3.545, 4.351, 3.988, 3.887, 3.435, 3.047, 2.834, 2.968, 3.188, 3.997, 3.156, 3.243, 3.207], [5.757, 3.381, 3.542, 3.731, 4.914, 7.143, 7.797, 9.179, 10.123, 11.966, 13.184, 13.171, 13.149, 10.543, 7.212, 1.786, 2.191, 2.549, 3.067, 2.525, 0.0, 1.706, 3.227, 4.304, 5.282, 7.489, 9.831, 11.065, 11.463, 11.808, 11.109, 9.74, 9.676, 9.619, 7.695, 10.138, 9.597, 9.666, 10.658, 10.574, 9.994, 6.809, 5.876, 5.703, 3.324, 3.936, 6.601, 10.713, 16.616, 18.483, 19.477, 24.878, 23.409, 15.971, 8.134, 4.633, 3.973, 2.164, 2.142, 1.448, 2.708, 4.859, 4.202, 3.447, 4.135, 3.793, 3.655, 6.643, 7.708, 7.222, 5.944, 5.718, 4.738, 4.014, 7.457, 7.979, 8.814, 7.682, 5.919, 9.161, 10.981, 10.355, 10.919, 7.977, 6.735, 7.669, 5.458, 7.488, 13.414, 9.455, 3.097, 5.271, 5.566, 2.115, 3.26, 4.032, 3.312, 3.44, 2.971, 2.647, 2.54, 2.264, 2.553, 2.769, 2.234, 2.709, 2.675], [4.759, 2.978, 4.114, 4.433, 5.002, 6.108, 6.607, 7.899, 8.864, 10.702, 11.913, 11.899, 11.91, 9.291, 6.015, 2.517, 2.943, 2.791, 3.737, 3.712, 1.706, 0.0, 2.029, 3.159, 4.141, 6.213, 8.612, 9.868, 10.267, 10.595, 9.843, 8.47, 8.407, 8.344, 6.439, 8.863, 8.327, 8.425, 9.388, 9.312, 8.719, 5.53, 4.626, 4.567, 3.649, 3.19, 5.348, 9.441, 15.346, 17.216, 18.199, 23.61, 22.131, 14.691, 7.439, 5.106, 3.847, 2.734, 2.994, 2.524, 2.666, 3.651, 3.016, 2.689, 3.232, 3.312, 3.015, 5.389, 6.465, 6.04, 4.694, 4.477, 3.551, 2.801, 6.26, 6.717, 7.557, 6.406, 4.657, 7.889, 9.701, 9.091, 9.642, 6.698, 5.555, 6.417, 4.803, 6.346, 12.168, 8.404, 4.18, 6.5, 6.744, 3.324, 4.479, 5.21, 4.45, 4.579, 3.983, 3.712, 3.715, 3.447, 3.548, 3.504, 3.468, 3.889, 3.921], [3.291, 2.183, 3.643, 3.947, 4.301, 4.966, 5.073, 6.318, 7.249, 9.048, 10.227, 10.214, 10.31, 7.654, 4.303, 3.347, 4.145, 3.782, 4.959, 4.861, 3.227, 2.029, 0.0, 1.425, 2.45, 4.61, 6.981, 8.187, 8.565, 8.908, 8.209, 6.843, 6.764, 6.728, 4.986, 7.221, 6.686, 6.753, 7.737, 7.651, 7.077, 4.063, 3.224, 3.732, 3.582, 3.197, 4.048, 7.782, 13.686, 15.555, 16.545, 21.958, 20.465, 13.049, 6.526, 4.533, 3.655, 2.613, 3.378, 3.882, 2.938, 2.534, 2.068, 2.313, 2.373, 2.86, 2.649, 3.836, 4.919, 4.379, 3.105, 2.845, 2.056, 1.608, 4.553, 5.102, 5.944, 4.776, 3.116, 6.24, 8.05, 7.487, 8.015, 5.113, 4.342, 4.924, 3.629, 4.695, 10.518, 6.76, 5.212, 8.166, 8.565, 4.149, 5.889, 6.534, 6.265, 6.373, 5.582, 5.376, 4.985, 4.606, 3.94, 3.515, 4.01, 4.559, 4.753], [3.107, 2.367, 3.695, 3.987, 4.061, 4.546, 4.376, 5.37, 6.123, 7.956, 9.093, 9.062, 9.219, 6.445, 3.088, 4.213, 4.885, 4.622, 5.77, 5.638, 4.304, 3.159, 1.425, 0.0, 1.269, 3.412, 5.799, 6.995, 7.369, 7.705, 7.004, 5.646, 5.594, 5.63, 4.456, 6.042, 5.525, 5.571, 6.545, 6.462, 5.887, 3.355, 2.937, 3.404, 4.178, 3.635, 3.954, 6.581, 12.484, 14.353, 15.343, 20.756, 19.271, 11.884, 6.079, 4.491, 3.763, 3.29, 3.964, 4.883, 3.747, 2.379, 2.471, 2.821, 2.762, 3.411, 3.158, 2.938, 3.866, 3.319, 2.479, 2.087, 1.9, 1.843, 3.486, 3.906, 4.77, 3.643, 2.457, 5.119, 6.869, 6.359, 6.877, 4.296, 4.086, 4.324, 3.874, 3.919, 9.454, 5.742, 5.955, 9.228, 9.644, 5.194, 6.97, 7.577, 7.337, 7.472, 6.661, 6.429, 5.989, 5.648, 4.909, 4.313, 5.043, 5.631, 5.689], [2.62, 2.845, 3.892, 3.895, 3.816, 3.903, 3.756, 4.56, 5.234, 7.045, 8.197, 8.092, 8.314, 5.356, 2.044, 4.957, 5.664, 5.341, 6.421, 6.317, 5.282, 4.141, 2.45, 1.269, 0.0, 2.404, 4.812, 5.941, 6.282, 6.594, 5.927, 4.569, 4.568, 4.848, 3.951, 4.99, 4.5, 4.542, 5.468, 5.394, 4.808, 2.473, 2.544, 3.329, 4.799, 3.916, 3.747, 5.494, 11.377, 13.247, 14.237, 19.634, 18.184, 10.831, 5.428, 4.223, 3.672, 4.236, 4.883, 5.739, 4.385, 2.387, 2.791, 3.338, 3.158, 3.948, 3.728, 2.485, 3.089, 2.555, 2.252, 1.804, 1.668, 2.004, 2.814, 2.846, 3.916, 2.927, 2.001, 4.045, 5.793, 5.506, 5.871, 3.819, 3.673, 3.973, 3.914, 3.285, 8.663, 5.023, 6.67, 10.19, 10.638, 6.175, 7.91, 8.499, 8.361, 8.487, 7.671, 7.412, 6.924, 6.598, 5.833, 5.31, 6.014, 6.578, 6.649], [2.735, 4.471, 4.992, 4.982, 4.26, 3.104, 2.692, 3.126, 3.377, 5.229, 6.013, 5.99, 6.012, 3.275, 1.075, 6.66, 7.722, 6.997, 7.687, 7.516, 7.489, 6.213, 4.61, 3.412, 2.404, 0.0, 2.617, 3.714, 4.098, 4.417, 3.696, 2.34, 2.479, 2.837, 2.76, 2.857, 2.381, 2.427, 3.496, 3.63, 2.603, 2.247, 3.104, 4.207, 5.971, 4.831, 3.88, 3.412, 9.135, 11.004, 11.995, 17.399, 15.941, 8.64, 4.643, 4.709, 4.696, 6.254, 6.899, 7.7, 5.867, 3.458, 4.246, 4.643, 4.406, 5.089, 4.926, 1.967, 1.785, 1.549, 2.573, 2.515, 3.013, 3.761, 1.663, 1.17, 2.176, 1.938, 2.487, 2.291, 3.518, 3.398, 3.649, 3.281, 4.118, 3.813, 4.9, 2.663, 6.465, 3.02, 8.243, 12.164, 12.668, 8.188, 9.874, 10.477, 10.373, 10.51, 9.691, 9.438, 8.923, 8.608, 7.83, 7.37, 8.159, 8.766, 8.864], [4.655, 6.819, 7.184, 7.18, 6.023, 4.546, 3.945, 3.992, 3.807, 4.525, 4.785, 4.531, 4.308, 1.372, 2.943, 9.031, 10.147, 9.379, 9.986, 9.823, 9.831, 8.612, 6.981, 5.799, 4.812, 2.617, 0.0, 1.398, 1.85, 2.103, 1.659, 2.065, 2.094, 2.604, 3.437, 1.994, 1.885, 1.585, 1.765, 1.968, 1.569, 4.114, 5.291, 6.274, 8.213, 7.166, 5.561, 2.624, 6.801, 8.675, 9.665, 15.052, 13.61, 6.69, 6.057, 6.794, 6.956, 8.767, 9.393, 10.197, 8.247, 5.771, 6.522, 6.97, 6.624, 7.318, 7.212, 3.933, 3.433, 3.287, 4.639, 4.599, 5.272, 6.027, 2.861, 2.293, 2.574, 3.381, 4.82, 2.969, 2.937, 2.918, 3.356, 5.117, 6.067, 5.476, 6.924, 4.565, 4.407, 3.378, 10.597, 14.62, 15.157, 10.656, 12.378, 12.934, 12.885, 13.018, 12.196, 11.923, 11.391, 11.117, 10.313, 9.852, 10.531, 11.111, 11.169], [5.618, 7.94, 8.234, 8.193, 6.964, 4.974, 4.111, 3.868, 3.658, 4.244, 4.4, 4.074, 3.853, 1.434, 4.025, 10.163, 11.303, 10.433, 11.009, 10.808, 11.065, 9.868, 8.187, 6.995, 5.941, 3.714, 1.398, 0.0, 0.974, 1.187, 1.466, 2.193, 2.211, 2.641, 4.225, 2.258, 2.552, 2.346, 2.016, 1.934, 2.166, 5.118, 6.212, 7.186, 9.203, 8.15, 6.27, 2.775, 5.567, 7.446, 8.439, 13.818, 12.383, 5.92, 5.963, 7.699, 8.0, 9.921, 10.555, 11.297, 9.319, 6.763, 7.557, 8.067, 7.696, 8.392, 8.277, 4.879, 4.146, 4.235, 5.638, 5.611, 6.37, 7.2, 3.797, 3.349, 3.306, 4.303, 5.885, 3.418, 2.772, 3.253, 3.42, 5.93, 6.941, 6.125, 7.87, 5.547, 3.775, 3.603, 11.678, 15.785, 16.348, 11.854, 13.538, 14.129, 14.047, 14.182, 13.358, 13.086, 12.554, 12.279, 11.513, 11.052, 11.769, 12.327, 12.399], [5.931, 8.286, 8.599, 8.448, 7.147, 4.961, 4.187, 3.716, 3.432, 4.117, 4.331, 3.899, 3.668, 1.8, 4.338, 10.552, 11.665, 10.735, 11.192, 11.029, 11.463, 10.267, 8.565, 7.369, 6.282, 4.098, 1.85, 0.974, 0.0, 0.832, 1.286, 2.101, 2.194, 2.551, 4.44, 2.298, 2.499, 2.405, 2.284, 2.118, 2.125, 5.324, 6.351, 7.245, 9.397, 8.358, 6.024, 2.514, 5.172, 7.051, 8.057, 13.424, 11.994, 5.628, 5.658, 7.912, 8.283, 10.29, 10.931, 11.68, 9.559, 6.917, 7.76, 8.321, 7.883, 8.578, 8.46, 5.112, 4.326, 4.453, 5.785, 5.826, 6.739, 7.585, 4.064, 3.671, 3.318, 4.343, 6.096, 3.336, 2.7, 3.022, 3.153, 5.827, 6.964, 5.959, 7.923, 5.639, 3.61, 3.698, 11.917, 16.135, 16.728, 12.24, 13.907, 14.492, 14.416, 14.542, 13.74, 13.454, 12.922, 12.655, 11.9, 11.44, 12.156, 12.702, 12.755], [6.223, 8.619, 8.864, 8.735, 7.368, 5.247, 4.471, 3.798, 3.461, 3.868, 4.049, 3.603, 3.325, 1.869, 4.695, 10.898, 11.997, 11.055, 11.448, 11.221, 11.808, 10.595, 8.908, 7.705, 6.594, 4.417, 2.103, 1.187, 0.832, 0.0, 1.353, 2.213, 2.454, 2.793, 4.678, 2.52, 2.753, 2.705, 2.224, 2.436, 2.266, 5.623, 6.544, 7.374, 9.606, 8.541, 6.155, 2.57, 4.883, 6.704, 7.763, 13.076, 11.651, 5.35, 5.718, 8.094, 8.591, 10.603, 11.25, 12.003, 9.837, 7.186, 8.04, 8.601, 8.15, 8.83, 8.725, 5.342, 4.518, 4.724, 6.082, 6.152, 7.09, 7.931, 4.403, 3.977, 3.478, 4.526, 6.351, 3.462, 2.788, 3.068, 3.275, 5.951, 7.052, 5.974, 8.062, 5.786, 3.343, 3.782, 12.182, 16.448, 17.042, 12.557, 14.22, 14.803, 14.73, 14.855, 14.053, 13.768, 13.234, 12.968, 12.217, 11.753, 12.481, 13.039, 13.094], [5.557, 8.022, 8.181, 8.108, 6.6, 4.508, 3.79, 3.08, 2.776, 3.517, 3.836, 3.56, 3.474, 1.596, 4.036, 10.249, 11.262, 10.396, 10.857, 10.652, 11.109, 9.843, 8.209, 7.004, 5.927, 3.696, 1.659, 1.466, 1.286, 1.353, 0.0, 1.616, 1.964, 2.237, 4.228, 1.991, 2.266, 2.286, 2.109, 2.585, 1.955, 5.017, 5.817, 6.662, 8.928, 7.861, 5.465, 2.038, 5.548, 7.404, 8.536, 13.776, 12.327, 5.596, 5.178, 7.49, 7.964, 9.918, 10.569, 11.335, 9.293, 6.66, 7.469, 8.038, 7.587, 8.258, 8.172, 4.612, 3.895, 4.204, 5.53, 5.579, 6.441, 7.237, 3.804, 3.304, 2.826, 3.935, 5.8, 2.791, 2.099, 2.387, 2.509, 5.249, 6.331, 5.302, 7.369, 5.077, 3.486, 2.873, 11.643, 15.763, 16.316, 11.821, 13.519, 14.083, 14.044, 14.175, 13.355, 13.082, 12.543, 12.276, 11.481, 11.022, 11.801, 12.356, 12.414], [4.222, 6.61, 6.744, 6.701, 5.325, 3.492, 2.806, 2.602, 2.505, 3.734, 4.252, 4.139, 4.139, 1.908, 2.745, 8.842, 9.924, 8.995, 9.498, 9.259, 9.74, 8.47, 6.843, 5.646, 4.569, 2.34, 2.065, 2.193, 2.101, 2.213, 1.616, 0.0, 1.032, 1.6, 3.149, 1.65, 1.807, 2.048, 2.722, 3.04, 1.604, 3.628, 4.581, 5.5, 7.661, 6.632, 4.481, 1.743, 6.89, 8.761, 9.775, 15.142, 13.697, 6.527, 4.417, 6.149, 6.516, 8.474, 9.119, 9.886, 7.854, 5.372, 6.075, 6.591, 6.2, 6.896, 6.78, 3.312, 2.572, 2.875, 4.128, 4.207, 5.064, 5.87, 2.502, 2.11, 1.658, 2.602, 4.39, 1.795, 1.897, 1.884, 2.161, 4.184, 5.156, 4.332, 6.138, 3.857, 4.589, 2.311, 10.204, 14.326, 14.884, 10.424, 12.087, 12.658, 12.601, 12.732, 11.912, 11.639, 11.099, 10.863, 10.051, 9.591, 10.411, 10.989, 11.037], [4.144, 6.514, 6.668, 6.565, 5.407, 3.744, 2.918, 2.957, 2.797, 3.824, 4.357, 4.174, 4.173, 2.079, 2.884, 8.769, 9.815, 8.824, 9.259, 9.077, 9.676, 8.407, 6.764, 5.594, 4.568, 2.479, 2.094, 2.211, 2.194, 2.454, 1.964, 1.032, 0.0, 1.145, 2.996, 1.516, 1.761, 1.92, 2.569, 2.945, 1.668, 3.426, 4.477, 5.409, 7.469, 6.46, 4.615, 1.759, 6.952, 8.832, 9.825, 15.204, 13.775, 6.646, 4.632, 5.994, 6.295, 8.322, 8.991, 9.704, 7.595, 5.13, 5.807, 6.385, 5.953, 6.649, 6.544, 3.251, 2.459, 2.694, 3.935, 4.032, 5.022, 5.808, 2.338, 2.167, 1.707, 2.497, 4.15, 2.05, 2.223, 1.892, 2.271, 4.263, 5.179, 4.473, 6.123, 3.768, 4.602, 2.969, 9.994, 14.21, 14.794, 10.329, 11.974, 12.558, 12.448, 12.583, 11.806, 11.51, 10.99, 10.753, 9.961, 9.501, 10.33, 10.895, 10.961], [4.036, 6.396, 6.582, 6.444, 5.165, 3.755, 3.176, 3.096, 3.01, 4.112, 4.833, 4.597, 4.385, 2.819, 3.266, 8.714, 9.773, 8.747, 8.856, 8.789, 9.619, 8.344, 6.728, 5.63, 4.848, 2.837, 2.604, 2.641, 2.551, 2.793, 2.237, 1.6, 1.145, 0.0, 2.61, 1.589, 1.897, 2.263, 2.991, 3.533, 2.172, 3.45, 4.142, 4.963, 6.999, 6.051, 4.044, 1.847, 7.007, 8.959, 9.961, 15.285, 13.922, 6.869, 4.467, 5.713, 6.15, 8.191, 8.936, 9.593, 7.363, 4.859, 5.597, 6.238, 5.659, 6.269, 6.224, 3.067, 2.15, 2.503, 3.739, 3.982, 5.044, 5.763, 2.3, 2.528, 1.941, 2.271, 3.909, 1.885, 1.942, 2.012, 2.219, 3.683, 4.705, 3.848, 5.575, 3.514, 4.814, 3.198, 9.785, 14.077, 14.676, 10.249, 11.837, 12.426, 12.326, 12.463, 11.689, 11.392, 10.87, 10.659, 9.852, 9.386, 10.259, 10.819, 10.864], [3.299, 4.68, 5.092, 5.107, 4.537, 4.25, 4.169, 4.534, 4.486, 5.961, 6.773, 6.674, 6.495, 4.177, 3.206, 6.875, 7.968, 6.886, 7.188, 7.216, 7.695, 6.439, 4.986, 4.456, 3.951, 2.76, 3.437, 4.225, 4.44, 4.678, 4.228, 3.149, 2.996, 2.61, 0.0, 2.848, 3.01, 3.275, 4.006, 4.247, 3.107, 2.658, 3.369, 4.38, 5.448, 4.54, 3.052, 3.256, 8.995, 10.896, 11.877, 17.377, 15.937, 9.042, 5.672, 4.658, 4.538, 6.212, 7.071, 7.735, 5.489, 3.623, 3.75, 4.351, 3.829, 4.458, 4.49, 2.343, 2.7, 2.486, 2.805, 2.927, 3.216, 3.894, 1.678, 2.603, 2.351, 2.517, 2.779, 2.445, 3.474, 3.299, 3.801, 2.731, 3.393, 2.782, 4.059, 3.562, 6.985, 4.319, 7.944, 12.042, 12.604, 8.211, 9.801, 10.386, 10.254, 10.395, 9.626, 9.328, 8.807, 8.619, 7.803, 7.454, 8.293, 8.875, 8.961], [4.631, 6.91, 7.173, 7.079, 5.879, 4.105, 3.827, 3.863, 3.653, 4.572, 5.205, 4.867, 4.613, 2.234, 3.277, 9.238, 10.246, 9.237, 9.139, 9.411, 10.138, 8.863, 7.221, 6.042, 4.99, 2.857, 1.994, 2.258, 2.298, 2.52, 1.991, 1.65, 1.516, 1.589, 2.848, 0.0, 1.362, 1.458, 2.065, 2.524, 1.788, 3.698, 4.758, 5.437, 7.363, 6.473, 4.713, 1.475, 6.565, 8.728, 9.653, 14.973, 13.725, 6.698, 5.443, 6.349, 6.642, 8.637, 9.455, 10.103, 7.777, 5.346, 5.994, 6.733, 6.064, 6.542, 6.578, 3.715, 2.713, 3.004, 4.234, 4.456, 5.453, 6.263, 2.759, 2.407, 2.079, 2.819, 4.357, 2.211, 1.708, 1.781, 2.134, 3.998, 4.968, 4.475, 5.965, 3.653, 4.938, 3.526, 10.258, 14.531, 15.142, 10.728, 12.277, 12.882, 12.782, 12.919, 12.16, 11.864, 11.344, 11.137, 10.33, 9.846, 10.756, 11.303, 11.372], [4.227, 6.387, 6.607, 6.471, 5.49, 4.188, 3.99, 3.998, 3.789, 4.767, 5.306, 5.057, 4.872, 2.39, 2.814, 8.706, 9.744, 8.69, 8.983, 8.899, 9.597, 8.327, 6.686, 5.525, 4.5, 2.381, 1.885, 2.552, 2.499, 2.753, 2.266, 1.807, 1.761, 1.897, 3.01, 1.362, 0.0, 0.961, 1.824, 2.426, 1.504, 3.343, 4.091, 5.022, 7.073, 6.126, 4.631, 2.051, 7.194, 9.036, 10.019, 15.498, 13.94, 7.079, 5.665, 5.93, 6.309, 8.232, 8.971, 9.658, 7.391, 4.89, 5.624, 6.209, 5.672, 6.356, 6.312, 3.261, 2.657, 2.729, 3.79, 3.963, 4.93, 5.717, 2.442, 1.915, 1.799, 2.371, 3.827, 2.106, 2.253, 2.29, 2.711, 4.032, 4.929, 4.492, 5.701, 3.453, 5.274, 3.622, 9.849, 13.899, 14.548, 10.156, 11.638, 12.319, 12.242, 12.393, 11.511, 11.215, 10.665, 10.492, 9.649, 9.274, 10.253, 10.804, 10.854], [4.336, 6.468, 6.762, 6.652, 5.852, 4.406, 4.112, 4.153, 3.891, 4.773, 5.302, 4.924, 4.638, 2.26, 2.729, 8.788, 9.796, 8.768, 9.09, 9.063, 9.666, 8.425, 6.753, 5.571, 4.542, 2.427, 1.585, 2.346, 2.405, 2.705, 2.286, 2.048, 1.92, 2.263, 3.275, 1.458, 0.961, 0.0, 1.794, 2.043, 1.579, 3.369, 4.339, 5.323, 7.225, 6.251, 4.983, 2.262, 7.116, 8.981, 9.973, 15.409, 13.873, 6.842, 5.891, 6.118, 6.369, 8.31, 9.017, 9.745, 7.51, 4.915, 5.718, 6.293, 5.786, 6.456, 6.421, 3.468, 2.938, 2.913, 3.942, 4.065, 4.997, 5.787, 2.646, 1.878, 2.164, 2.741, 3.924, 2.316, 2.505, 2.626, 2.893, 4.428, 5.293, 4.882, 6.063, 3.692, 5.054, 3.765, 9.948, 13.997, 14.642, 10.22, 11.738, 12.419, 12.32, 12.473, 11.608, 11.308, 10.767, 10.556, 9.749, 9.37, 10.319, 10.877, 10.928], [5.261, 7.494, 7.681, 7.585, 6.877, 5.218, 4.76, 4.689, 4.371, 4.413, 4.789, 4.481, 4.419, 1.721, 3.639, 9.763, 10.746, 9.723, 9.946, 9.939, 10.658, 9.388, 7.737, 6.545, 5.468, 3.496, 1.765, 2.016, 2.284, 2.224, 2.109, 2.722, 2.569, 2.991, 4.006, 2.065, 1.824, 1.794, 0.0, 1.745, 1.572, 4.322, 5.381, 6.331, 8.056, 7.296, 6.062, 2.45, 6.024, 7.868, 8.871, 14.402, 12.91, 6.461, 6.721, 7.095, 7.196, 9.161, 9.979, 10.629, 8.39, 5.993, 6.476, 7.266, 6.803, 7.348, 7.324, 4.527, 3.876, 4.031, 5.141, 5.038, 6.038, 6.782, 3.71, 2.968, 3.14, 3.774, 4.91, 3.114, 2.765, 3.239, 3.545, 5.34, 6.199, 5.912, 6.95, 4.471, 4.68, 4.219, 10.892, 14.966, 15.565, 11.184, 12.739, 13.334, 13.205, 13.346, 12.571, 12.273, 11.753, 11.588, 10.777, 10.307, 11.288, 11.861, 11.928], [5.731, 7.529, 8.158, 8.1, 7.399, 5.633, 5.079, 5.229, 4.935, 5.546, 5.763, 5.426, 5.292, 2.4, 3.733, 9.778, 10.648, 9.85, 10.574, 10.528, 10.574, 9.312, 7.651, 6.462, 5.394, 3.63, 1.968, 1.934, 2.118, 2.436, 2.585, 3.04, 2.945, 3.533, 4.247, 2.524, 2.426, 2.043, 1.745, 0.0, 2.069, 4.664, 6.054, 7.164, 8.749, 7.972, 6.691, 2.988, 6.217, 8.012, 9.016, 14.587, 12.851, 7.198, 7.255, 7.765, 7.512, 9.169, 9.934, 10.593, 8.649, 6.391, 6.933, 7.556, 7.357, 8.031, 7.998, 5.023, 4.466, 4.513, 5.564, 5.478, 6.063, 6.865, 4.042, 2.993, 3.636, 4.415, 5.409, 3.697, 3.436, 3.835, 4.201, 6.181, 6.983, 6.486, 7.843, 5.4, 5.356, 4.738, 11.235, 14.847, 15.456, 11.128, 12.609, 13.324, 13.076, 13.306, 12.47, 12.133, 11.674, 11.529, 10.688, 10.24, 11.246, 11.809, 11.934], [4.453, 6.795, 7.009, 6.884, 5.786, 4.087, 3.709, 3.592, 3.266, 3.972, 4.625, 4.469, 4.445, 1.775, 2.887, 9.095, 10.096, 9.059, 9.465, 9.366, 9.994, 8.719, 7.077, 5.887, 4.808, 2.603, 1.569, 2.166, 2.125, 2.266, 1.955, 1.604, 1.668, 2.172, 3.107, 1.788, 1.504, 1.579, 1.572, 2.069, 0.0, 3.577, 4.582, 5.511, 7.588, 6.654, 4.967, 1.776, 6.688, 8.5, 9.491, 15.0, 13.447, 6.793, 5.538, 6.286, 6.627, 8.599, 9.341, 10.0, 7.803, 5.353, 6.037, 6.596, 6.142, 6.834, 6.803, 3.596, 2.826, 3.086, 4.203, 4.337, 5.304, 6.117, 2.735, 2.113, 2.1, 2.726, 4.292, 2.072, 2.189, 2.342, 2.794, 4.453, 5.313, 4.82, 6.187, 3.897, 4.958, 3.166, 10.269, 14.384, 14.973, 10.553, 12.156, 12.735, 12.648, 12.774, 11.987, 11.689, 11.168, 10.964, 10.148, 9.684, 10.652, 11.207, 11.27], [1.804, 3.702, 4.017, 3.941, 3.158, 2.835, 2.942, 3.859, 4.371, 5.93, 7.045, 6.949, 7.126, 4.679, 2.107, 5.958, 6.916, 5.893, 6.347, 6.397, 6.809, 5.53, 4.063, 3.355, 2.473, 2.247, 4.114, 5.118, 5.324, 5.623, 5.017, 3.628, 3.426, 3.45, 2.658, 3.698, 3.343, 3.369, 4.322, 4.664, 3.577, 0.0, 1.88, 2.939, 4.582, 3.752, 2.531, 4.104, 9.999, 11.822, 12.837, 18.396, 16.699, 9.598, 4.328, 3.516, 3.495, 5.31, 6.136, 6.789, 4.631, 2.432, 2.805, 3.57, 3.074, 3.761, 3.762, 1.839, 2.068, 1.937, 1.874, 1.839, 2.37, 2.993, 2.261, 2.567, 2.89, 2.288, 1.83, 2.743, 4.367, 4.306, 4.485, 2.747, 2.456, 3.084, 3.286, 2.427, 7.858, 4.414, 7.19, 11.096, 11.706, 7.328, 8.869, 9.514, 9.328, 9.497, 8.712, 8.399, 7.891, 7.77, 6.927, 6.469, 7.42, 7.995, 8.086], [1.675, 2.74, 2.922, 2.862, 2.554, 2.861, 3.275, 4.078, 4.795, 6.278, 7.578, 7.477, 7.564, 5.709, 3.132, 4.991, 6.036, 4.97, 5.3, 5.135, 5.876, 4.626, 3.224, 2.937, 2.544, 3.104, 5.291, 6.212, 6.351, 6.544, 5.817, 4.581, 4.477, 4.142, 3.369, 4.758, 4.091, 4.339, 5.381, 6.054, 4.582, 1.88, 0.0, 1.504, 3.247, 2.375, 1.698, 5.005, 10.836, 12.72, 13.787, 19.126, 17.602, 10.237, 4.103, 2.759, 2.963, 4.539, 5.262, 5.944, 3.735, 1.519, 2.149, 2.607, 2.134, 2.872, 2.801, 1.575, 2.45, 2.286, 1.408, 1.421, 1.937, 2.421, 2.649, 3.693, 3.38, 2.349, 1.493, 3.393, 5.135, 4.632, 5.105, 2.447, 1.926, 2.417, 2.087, 2.247, 8.064, 4.773, 6.156, 10.272, 10.854, 6.428, 8.016, 8.609, 8.56, 8.701, 7.871, 7.598, 7.058, 6.837, 6.029, 5.57, 6.541, 7.098, 7.145], [2.651, 2.757, 2.88, 2.881, 2.587, 3.142, 4.016, 4.86, 5.528, 6.815, 8.327, 8.161, 8.088, 6.673, 4.167, 4.817, 5.89, 4.936, 4.936, 4.872, 5.703, 4.567, 3.732, 3.404, 3.329, 4.207, 6.274, 7.186, 7.245, 7.374, 6.662, 5.5, 5.409, 4.963, 4.38, 5.437, 5.022, 5.323, 6.331, 7.164, 5.511, 2.939, 1.504, 0.0, 2.751, 2.038, 2.226, 5.572, 11.254, 13.277, 14.569, 19.478, 18.177, 10.814, 4.036, 2.888, 3.117, 4.38, 5.053, 5.763, 3.468, 1.924, 2.599, 2.901, 2.327, 3.097, 3.033, 2.657, 3.273, 3.199, 2.337, 2.433, 3.047, 3.183, 3.692, 4.712, 4.231, 3.113, 2.389, 4.128, 5.323, 4.886, 5.343, 2.692, 2.048, 2.856, 2.103, 2.617, 8.591, 5.283, 5.818, 10.125, 10.737, 6.263, 7.873, 8.471, 8.391, 8.519, 7.752, 7.459, 6.933, 6.667, 5.921, 5.465, 6.358, 6.899, 6.961], [3.891, 2.291, 2.109, 2.092, 2.945, 4.807, 5.793, 7.026, 7.724, 9.146, 10.63, 10.531, 10.404, 8.689, 5.971, 2.767, 4.144, 3.589, 2.993, 2.616, 3.324, 3.649, 3.582, 4.178, 4.799, 5.971, 8.213, 9.203, 9.397, 9.606, 8.928, 7.661, 7.469, 6.999, 5.448, 7.363, 7.073, 7.225, 8.056, 8.749, 7.588, 4.582, 3.247, 2.751, 0.0, 1.508, 3.798, 7.712, 13.609, 15.662, 16.669, 22.028, 20.627, 13.166, 5.549, 2.368, 2.211, 2.266, 2.947, 3.193, 1.604, 2.913, 2.341, 1.886, 2.0, 1.927, 1.981, 4.425, 5.155, 5.069, 3.819, 3.871, 3.678, 3.284, 5.575, 6.614, 6.385, 5.183, 3.651, 6.42, 7.9, 7.366, 7.801, 4.872, 3.593, 4.719, 2.417, 4.488, 11.03, 7.423, 3.552, 7.427, 8.04, 3.721, 5.238, 5.826, 5.682, 5.83, 5.066, 4.764, 4.24, 4.132, 3.363, 3.392, 3.826, 4.401, 4.504], [3.01, 2.154, 2.3, 2.387, 2.903, 3.993, 4.844, 5.974, 6.739, 8.291, 9.726, 9.608, 9.423, 7.645, 4.885, 3.121, 4.418, 3.654, 3.536, 3.276, 3.936, 3.19, 3.197, 3.635, 3.916, 4.831, 7.166, 8.15, 8.358, 8.541, 7.861, 6.632, 6.46, 6.051, 4.54, 6.473, 6.126, 6.251, 7.296, 7.972, 6.654, 3.752, 2.375, 2.038, 1.508, 0.0, 2.859, 6.863, 12.788, 14.836, 15.833, 21.087, 19.796, 12.239, 4.867, 2.644, 2.23, 3.027, 3.797, 4.065, 1.973, 1.928, 1.947, 1.75, 1.483, 1.725, 1.677, 3.352, 4.219, 4.032, 2.85, 2.966, 2.678, 2.336, 4.52, 5.522, 5.409, 4.23, 2.746, 5.467, 7.077, 6.47, 7.015, 4.066, 3.056, 3.874, 2.183, 3.786, 10.016, 6.492, 4.112, 8.385, 8.983, 4.582, 6.14, 6.742, 6.654, 6.778, 5.997, 5.707, 5.179, 4.949, 4.243, 4.336, 4.635, 5.156, 5.24], [2.438, 3.643, 3.808, 3.916, 2.967, 2.676, 3.368, 3.721, 4.368, 5.625, 7.075, 6.913, 6.909, 6.047, 4.048, 5.704, 6.738, 5.685, 5.811, 5.712, 6.601, 5.348, 4.048, 3.954, 3.747, 3.88, 5.561, 6.27, 6.024, 6.155, 5.465, 4.481, 4.615, 4.044, 3.052, 4.713, 4.631, 4.983, 6.062, 6.691, 4.967, 2.531, 1.698, 2.226, 3.798, 2.859, 0.0, 4.64, 10.132, 12.025, 13.107, 18.35, 16.999, 9.5, 3.635, 3.382, 3.665, 5.251, 6.004, 6.611, 4.315, 2.259, 2.903, 3.324, 2.752, 3.515, 3.409, 2.198, 2.762, 2.758, 2.126, 2.43, 2.721, 3.149, 3.142, 4.493, 3.229, 2.644, 2.606, 3.564, 4.964, 4.078, 4.364, 2.382, 2.282, 1.837, 2.55, 2.883, 7.533, 4.476, 6.729, 11.032, 11.627, 7.173, 8.788, 9.378, 9.277, 9.412, 8.648, 8.35, 7.829, 7.589, 6.807, 6.482, 7.243, 7.802, 7.847], [5.119, 7.468, 7.592, 7.486, 6.108, 4.2, 3.992, 3.709, 3.387, 4.182, 4.831, 4.612, 4.494, 2.84, 3.747, 9.816, 10.76, 9.8, 9.662, 9.788, 10.713, 9.441, 7.782, 6.581, 5.494, 3.412, 2.624, 2.775, 2.514, 2.57, 2.038, 1.743, 1.759, 1.847, 3.256, 1.475, 2.051, 2.262, 2.45, 2.988, 1.776, 4.104, 5.005, 5.572, 7.712, 6.863, 4.64, 0.0, 6.029, 8.213, 9.231, 14.5, 13.265, 6.758, 5.287, 6.72, 7.196, 9.176, 10.033, 10.666, 8.318, 5.868, 6.529, 7.298, 6.616, 7.037, 7.142, 4.08, 3.066, 3.524, 4.782, 5.009, 6.0, 6.831, 3.359, 2.915, 2.09, 3.099, 4.894, 2.26, 1.768, 1.777, 1.953, 3.859, 4.95, 4.387, 6.048, 3.778, 5.107, 3.531, 10.745, 15.055, 15.669, 11.289, 12.803, 13.403, 13.311, 13.453, 12.686, 12.395, 11.871, 11.702, 10.884, 10.408, 11.324, 11.867, 11.924], [10.999, 13.371, 13.469, 13.39, 11.955, 9.621, 8.869, 7.501, 6.68, 5.48, 5.103, 4.652, 4.268, 6.079, 9.47, 15.721, 16.665, 15.705, 15.574, 15.681, 16.616, 15.346, 13.686, 12.484, 11.377, 9.135, 6.801, 5.567, 5.172, 4.883, 5.548, 6.89, 6.952, 7.007, 8.995, 6.565, 7.194, 7.116, 6.024, 6.217, 6.688, 9.999, 10.836, 11.254, 13.609, 12.788, 10.132, 6.029, 0.0, 2.431, 3.516, 8.58, 7.444, 4.011, 9.405, 12.586, 13.092, 15.084, 15.938, 16.571, 14.224, 11.772, 12.421, 13.201, 12.542, 12.976, 13.052, 9.979, 8.941, 9.428, 10.687, 10.914, 11.904, 12.736, 9.205, 8.666, 7.914, 8.953, 10.803, 7.621, 6.232, 6.817, 6.461, 9.46, 10.65, 9.804, 11.84, 9.492, 4.161, 8.021, 16.665, 20.952, 21.56, 17.191, 18.702, 19.311, 19.199, 19.338, 18.58, 18.289, 17.765, 17.608, 16.791, 16.307, 17.222, 17.772, 17.82], [12.868, 15.278, 15.369, 15.274, 13.859, 11.504, 10.753, 9.355, 8.454, 6.87, 6.235, 5.935, 5.745, 7.949, 11.35, 17.591, 18.545, 17.548, 17.697, 17.617, 18.483, 17.216, 15.555, 14.353, 13.247, 11.004, 8.675, 7.446, 7.051, 6.704, 7.404, 8.761, 8.832, 8.959, 10.896, 8.728, 9.036, 8.981, 7.868, 8.012, 8.5, 11.822, 12.72, 13.277, 15.662, 14.836, 12.025, 8.213, 2.431, 0.0, 1.916, 6.606, 5.352, 4.719, 11.334, 14.506, 15.005, 16.986, 17.807, 18.451, 16.161, 13.699, 14.313, 15.071, 14.486, 15.066, 15.068, 11.849, 10.889, 11.368, 12.615, 12.8, 13.783, 14.606, 11.09, 10.529, 9.727, 10.857, 12.666, 9.488, 8.317, 8.682, 8.413, 11.658, 12.754, 11.425, 13.925, 11.692, 5.608, 9.618, 18.63, 22.776, 23.378, 19.014, 20.541, 21.166, 21.022, 21.163, 20.385, 20.091, 19.567, 19.419, 18.612, 18.146, 19.106, 19.667, 19.73], [13.86, 16.259, 16.391, 16.271, 14.934, 12.54, 11.755, 10.447, 9.641, 8.336, 7.403, 7.084, 7.053, 8.94, 12.342, 18.581, 19.537, 18.541, 18.599, 18.595, 19.477, 18.199, 16.545, 15.343, 14.237, 11.995, 9.665, 8.439, 8.057, 7.763, 8.536, 9.775, 9.825, 9.961, 11.877, 9.653, 10.019, 9.973, 8.871, 9.016, 9.491, 12.837, 13.787, 14.569, 16.669, 15.833, 13.107, 9.231, 3.516, 1.916, 0.0, 5.779, 4.664, 5.555, 12.49, 15.5, 16.007, 17.966, 18.804, 19.444, 17.1, 14.707, 15.324, 16.06, 15.447, 15.976, 16.002, 12.875, 11.876, 12.336, 13.583, 13.786, 14.773, 15.596, 12.077, 11.522, 10.781, 11.903, 13.622, 10.648, 9.57, 9.986, 9.641, 12.931, 14.053, 12.926, 15.022, 12.827, 7.132, 11.023, 19.59, 23.768, 24.37, 19.999, 21.531, 22.126, 22.02, 22.156, 21.387, 21.09, 20.57, 20.406, 19.587, 19.108, 20.103, 20.651, 20.722], [19.256, 21.64, 21.752, 21.664, 20.227, 17.968, 17.202, 15.749, 14.872, 13.226, 11.964, 11.929, 11.922, 14.339, 17.722, 23.974, 24.944, 23.995, 23.994, 23.964, 24.878, 23.61, 21.958, 20.756, 19.634, 17.399, 15.052, 13.818, 13.424, 13.076, 13.776, 15.142, 15.204, 15.285, 17.377, 14.973, 15.498, 15.409, 14.402, 14.587, 15.0, 18.396, 19.126, 19.478, 22.028, 21.087, 18.35, 14.5, 8.58, 6.606, 5.779, 0.0, 2.86, 9.088, 17.599, 20.867, 21.392, 23.455, 24.195, 24.85, 22.597, 20.024, 20.79, 21.501, 20.87, 21.394, 21.36, 18.265, 17.215, 17.68, 18.944, 19.166, 20.156, 20.994, 17.456, 16.955, 16.203, 17.28, 19.129, 15.898, 14.514, 14.88, 14.695, 17.847, 18.957, 17.475, 20.269, 17.959, 11.752, 15.848, 24.96, 29.344, 29.942, 25.505, 27.097, 27.688, 27.593, 27.73, 26.961, 26.663, 26.143, 25.912, 25.13, 24.655, 25.507, 26.067, 26.12], [17.805, 20.232, 20.316, 20.208, 18.783, 16.414, 15.673, 14.268, 13.378, 11.658, 10.343, 10.372, 10.472, 12.885, 16.293, 22.528, 23.488, 22.491, 22.686, 22.599, 23.409, 22.131, 20.465, 19.271, 18.184, 15.941, 13.61, 12.383, 11.994, 11.651, 12.327, 13.697, 13.775, 13.922, 15.937, 13.725, 13.94, 13.873, 12.91, 12.851, 13.447, 16.699, 17.602, 18.177, 20.627, 19.796, 16.999, 13.265, 7.444, 5.352, 4.664, 2.86, 0.0, 7.62, 16.267, 19.487, 19.998, 21.927, 22.765, 23.394, 21.098, 18.643, 19.338, 20.014, 19.45, 20.058, 20.