[[0.0, 2.44, 6.444, 8.111, 6.472, 7.931, 7.706, 4.37, 3.251, 4.252, 4.274, 4.519, 5.722, 5.77, 3.826, 2.8, 1.97, 2.084, 2.485, 3.298, 3.585, 4.591, 6.214, 7.705, 5.618, 1.909, 1.905, 2.799, 2.998, 4.316, 6.127, 5.792, 4.432, 5.668, 6.687, 6.582, 7.798, 8.823, 8.124, 7.099, 7.043, 7.711, 8.964, 9.501, 8.363, 7.618, 7.286, 7.404, 7.779, 7.226, 4.027, 6.256, 6.918, 6.254, 5.934, 6.353, 7.355, 7.508, 8.708, 9.759, 10.183, 9.715, 9.695, 10.366, 9.069, 6.817, 5.2, 4.109, 3.05, 3.144, 3.763, 4.542, 6.073, 7.221, 7.768, 8.206, 7.86, 7.143, 6.146, 5.309, 5.744, 6.152, 7.013, 7.152, 5.412, 3.386, 2.216, 2.979, 3.755, 4.868, 8.043, 6.961, 4.385, 5.504, 6.164, 4.366, 4.151, 4.144, 2.96, 3.213, 3.733, 4.259, 4.444, 2.581, 3.239, 3.555, 2.777, 2.491, 2.333, 2.526, 2.823, 2.143, 2.088, 2.51, 2.136, 2.264, 2.56, 2.337, 3.184, 2.841, 5.119, 7.766, 3.867, 3.177, 4.127, 5.036, 4.985, 5.592, 5.524, 5.194, 5.077, 4.539, 4.607, 3.752, 3.026, 3.338, 2.996, 3.145, 3.434, 3.904, 3.931, 4.005, 3.783, 3.656, 3.824, 4.385], [2.44, 0.0, 4.786, 6.433, 4.762, 6.256, 6.043, 2.785, 2.32, 3.007, 2.573, 2.923, 4.098, 4.188, 2.65, 1.465, 2.346, 1.514, 1.843, 2.507, 2.875, 3.593, 5.034, 6.105, 4.22, 2.15, 2.466, 2.222, 1.804, 4.865, 7.143, 6.048, 4.905, 6.678, 8.197, 8.253, 9.46, 10.513, 9.828, 8.794, 8.445, 9.357, 10.554, 11.131, 9.962, 8.888, 8.373, 7.48, 7.586, 6.952, 3.372, 4.633, 5.266, 4.401, 4.076, 4.211, 5.277, 5.386, 6.675, 7.937, 8.397, 8.009, 7.95, 8.634, 7.433, 5.154, 3.548, 2.371, 1.472, 1.707, 2.56, 4.268, 6.031, 7.065, 7.605, 8.093, 8.007, 7.326, 6.239, 5.966, 7.053, 7.405, 8.156, 8.363, 6.316, 3.984, 2.123, 2.363, 1.984, 3.205, 6.411, 5.29, 2.937, 3.85, 4.632, 2.549, 2.165, 2.248, 1.926, 2.605, 2.971, 2.908, 2.883, 2.04, 2.563, 2.421, 2.041, 1.466, 1.603, 1.602, 1.817, 2.146, 1.834, 1.974, 1.975, 2.006, 1.806, 1.649, 2.517, 1.667, 3.567, 6.146, 2.36, 3.378, 3.91, 3.812, 4.446, 4.541, 4.347, 3.756, 3.76, 4.017, 5.283, 4.647, 2.532, 2.247, 2.944, 3.469, 3.351, 3.377, 3.087, 3.045, 3.063, 2.598, 2.715, 2.891], [6.444, 4.786, 0.0, 1.92, 1.797, 2.154, 1.814, 2.928, 4.742, 4.569, 3.088, 2.583, 2.159, 1.437, 2.91, 4.281, 5.963, 5.4, 4.457, 3.546, 3.397, 2.782, 1.919, 1.539, 1.934, 5.482, 6.593, 4.337, 4.626, 9.186, 11.751, 10.557, 9.371, 11.065, 12.603, 12.695, 14.028, 15.114, 14.454, 13.429, 13.029, 13.928, 15.183, 15.752, 14.547, 13.534, 13.073, 12.01, 11.772, 10.792, 6.978, 2.69, 2.099, 2.247, 2.785, 4.561, 6.06, 5.426, 4.081, 3.569, 3.975, 3.494, 3.622, 4.377, 2.906, 1.511, 2.542, 3.372, 4.47, 5.341, 5.984, 8.433, 10.308, 11.525, 11.932, 12.476, 12.56, 11.721, 10.735, 10.579, 11.73, 12.07, 12.833, 12.967, 10.918, 8.557, 6.42, 4.895, 4.195, 3.2, 2.108, 1.947, 2.885, 2.457, 1.876, 3.061, 3.464, 3.223, 3.904, 5.344, 5.942, 4.823, 3.696, 4.542, 4.602, 3.859, 4.026, 5.048, 5.497, 4.667, 4.815, 6.443, 6.214, 5.296, 5.035, 5.9, 5.928, 5.475, 5.981, 5.264, 1.672, 1.804, 3.004, 7.898, 8.317, 8.005, 8.246, 8.161, 7.534, 6.96, 7.279, 8.206, 9.926, 9.256, 7.045, 6.151, 7.228, 7.75, 7.514, 6.648, 6.351, 6.356, 6.785, 5.643, 5.958, 5.394], [8.111, 6.433, 1.92, 0.0, 2.015, 1.238, 1.372, 4.461, 6.303, 6.18, 4.572, 3.979, 2.975, 2.432, 4.579, 5.919, 7.451, 7.009, 6.038, 5.095, 4.983, 4.387, 2.851, 1.449, 3.143, 6.965, 8.024, 5.752, 6.162, 10.788, 13.377, 12.15, 11.049, 12.552, 14.122, 14.265, 15.596, 16.695, 16.081, 15.044, 14.629, 15.558, 16.839, 17.446, 16.279, 15.248, 14.782, 13.733, 13.381, 12.424, 8.521, 3.773, 2.644, 2.975, 3.698, 5.219, 6.358, 5.661, 3.922, 2.524, 2.643, 2.243, 2.5, 3.199, 1.716, 2.114, 3.548, 4.651, 6.033, 6.951, 7.532, 10.052, 11.925, 13.163, 13.541, 14.117, 14.184, 13.271, 12.35, 12.245, 13.347, 13.669, 14.407, 14.563, 12.504, 10.184, 7.947, 6.235, 5.379, 4.098, 2.281, 2.577, 4.017, 2.957, 2.32, 4.498, 4.909, 4.594, 5.411, 6.74, 7.148, 5.93, 5.068, 6.129, 6.12, 5.223, 5.662, 6.576, 6.995, 6.208, 6.327, 8.04, 7.794, 6.785, 6.605, 7.375, 7.529, 7.093, 7.527, 6.834, 3.08, 2.318, 4.433, 9.448, 9.98, 9.648, 9.795, 9.634, 9.062, 8.59, 8.969, 9.879, 11.556, 10.898, 8.65, 7.791, 8.713, 9.267, 8.988, 8.111, 7.876, 7.933, 8.33, 7.208, 7.566, 7.002], [6.472, 4.762, 1.797, 2.015, 0.0, 2.13, 2.026, 2.748, 4.53, 4.407, 3.318, 3.217, 3.154, 2.477, 3.074, 4.143, 5.637, 5.174, 4.369, 3.763, 3.849, 3.703, 3.056, 2.024, 2.768, 5.212, 6.267, 4.069, 4.477, 9.014, 11.662, 10.468, 9.206, 10.824, 12.39, 12.508, 13.805, 14.92, 14.264, 13.219, 12.858, 13.779, 15.049, 15.578, 14.369, 13.393, 12.878, 11.821, 11.551, 10.667, 6.778, 3.272, 2.353, 1.961, 2.138, 3.781, 5.179, 4.602, 3.321, 4.002, 4.416, 3.949, 4.055, 4.844, 3.264, 2.127, 2.655, 3.342, 4.334, 5.161, 5.799, 8.29, 10.171, 11.365, 11.779, 12.361, 12.528, 11.601, 10.593, 10.436, 11.553, 11.902, 12.664, 12.885, 10.837, 8.39, 6.291, 4.72, 4.008, 3.251, 2.881, 2.892, 2.942, 2.031, 1.223, 3.013, 3.51, 3.23, 4.036, 5.172, 5.482, 4.308, 3.659, 4.292, 4.321, 3.544, 3.853, 4.756, 5.254, 4.591, 4.629, 6.267, 6.067, 5.193, 4.842, 5.602, 5.763, 5.342, 5.791, 5.049, 1.998, 2.708, 3.095, 7.675, 8.145, 7.834, 8.075, 8.073, 7.501, 6.848, 7.141, 8.089, 9.782, 9.126, 6.864, 5.947, 7.034, 7.437, 7.182, 6.338, 6.103, 6.169, 6.59, 5.435, 5.751, 5.219], [7.931, 6.256, 2.154, 1.238, 2.13, 0.0, 1.343, 4.298, 6.14, 6.018, 4.409, 3.83, 2.987, 2.501, 4.559, 5.781, 7.368, 6.829, 5.888, 4.981, 5.004, 4.527, 3.278, 1.946, 3.571, 6.81, 7.898, 5.744, 6.252, 10.703, 13.302, 12.103, 10.969, 12.482, 14.033, 14.15, 15.447, 16.53, 15.911, 14.859, 14.501, 15.487, 16.696, 17.305, 16.137, 15.093, 14.613, 13.586, 13.17, 12.261, 8.269, 3.964, 2.701, 2.864, 3.555, 5.226, 6.376, 5.606, 3.658, 2.739, 2.653, 2.391, 2.239, 2.928, 1.855, 2.442, 3.466, 4.466, 5.935, 6.818, 7.426, 9.833, 11.746, 12.891, 13.303, 13.943, 14.103, 13.101, 12.144, 12.166, 13.201, 13.535, 14.287, 14.518, 12.493, 10.088, 7.882, 6.155, 5.322, 4.598, 2.885, 3.174, 4.441, 3.549, 2.793, 4.469, 5.087, 4.769, 5.471, 6.63, 6.958, 5.792, 4.959, 6.008, 5.897, 5.092, 5.478, 6.423, 6.908, 6.18, 6.176, 7.877, 7.62, 6.768, 6.536, 7.259, 7.373, 6.916, 7.43, 6.687, 3.259, 2.661, 4.409, 9.285, 9.901, 9.49, 9.634, 9.533, 9.001, 8.487, 8.881, 9.788, 11.466, 10.785, 8.533, 7.649, 8.667, 9.151, 8.842, 7.952, 7.713, 7.77, 8.166, 7.077, 7.363, 6.842], [7.706, 6.043, 1.814, 1.372, 2.026, 1.343, 0.0, 3.868, 5.71, 5.588, 4.007, 3.546, 2.767, 2.348, 4.242, 5.468, 7.225, 6.642, 5.513, 4.636, 4.582, 4.039, 2.842, 1.685, 3.039, 6.471, 7.6, 5.42, 5.922, 10.422, 12.977, 11.796, 10.764, 12.21, 13.706, 13.87, 15.099, 16.143, 15.606, 14.575, 14.191, 15.234, 16.434, 17.057, 15.889, 14.844, 14.408, 13.382, 13.03, 12.145, 8.096, 3.556, 2.06, 2.508, 3.516, 4.575, 5.93, 5.255, 3.681, 2.689, 3.059, 2.743, 2.662, 3.274, 2.332, 1.811, 3.136, 4.17, 5.782, 6.509, 7.146, 9.722, 11.59, 12.769, 13.168, 13.828, 13.933, 12.951, 12.0, 11.991, 12.878, 13.11, 13.923, 14.09, 12.142, 9.845, 7.71, 5.955, 5.052, 4.264, 2.643, 2.938, 4.099, 3.204, 2.371, 4.298, 4.733, 4.479, 5.129, 6.392, 6.507, 5.43, 4.64, 5.768, 5.634, 4.861, 5.27, 6.199, 6.656, 5.937, 5.793, 7.448, 7.221, 6.446, 6.255, 6.887, 6.955, 6.622, 7.039, 6.467, 2.916, 2.547, 4.048, 8.872, 9.727, 9.356, 9.445, 9.219, 8.713, 8.284, 8.672, 9.567, 11.145, 10.512, 8.271, 7.406, 8.24, 8.907, 8.524, 7.528, 7.287, 7.341, 7.749, 6.742, 7.055, 6.618], [4.37, 2.785, 2.928, 4.461, 2.748, 4.298, 3.868, 0.0, 2.054, 1.993, 1.597, 1.947, 2.165, 2.536, 1.446, 1.967, 3.883, 3.185, 2.142, 1.642, 1.839, 2.08, 2.521, 4.092, 2.038, 3.112, 4.176, 2.445, 2.963, 6.96, 9.37, 8.348, 7.292, 8.797, 10.069, 10.288, 11.445, 12.369, 11.876, 10.837, 10.498, 11.595, 12.761, 13.364, 12.239, 11.305, 10.859, 9.923, 9.967, 9.04, 5.368, 3.177, 3.448, 2.873, 2.972, 4.238, 5.851, 5.346, 5.112, 6.188, 6.77, 6.376, 6.306, 6.904, 5.58, 3.267, 2.545, 2.307, 2.549, 2.992, 4.04, 6.678, 8.594, 9.66, 10.205, 10.602, 10.628, 9.948, 8.881, 8.502, 9.184, 9.443, 10.435, 10.389, 8.614, 6.28, 4.358, 3.291, 2.838, 2.713, 4.58, 3.493, 1.898, 2.542, 2.702, 1.905, 2.187, 1.765, 2.735, 3.996, 4.419, 3.542, 2.857, 3.015, 3.185, 2.394, 2.12, 2.849, 3.248, 2.847, 2.618, 3.702, 3.795, 3.493, 3.123, 3.249, 3.423, 3.309, 3.902, 3.205, 1.622, 4.31, 1.593, 5.14, 6.288, 6.09, 6.603, 6.423, 5.739, 5.365, 5.279, 6.057, 7.584, 6.889, 4.788, 3.851, 4.556, 5.297, 4.942, 4.028, 3.885, 3.671, 4.15, 3.284, 3.597, 3.671], [3.251, 2.32, 4.742, 6.303, 4.53, 6.14, 5.71, 2.054, 0.0, 1.237, 1.919, 2.466, 3.69, 3.956, 2.048, 1.611, 2.783, 2.168, 1.798, 1.862, 1.847, 2.959, 4.127, 5.934, 3.515, 2.266, 3.126, 2.633, 2.969, 5.884, 7.886, 7.147, 6.201, 7.393, 8.532, 8.61, 9.636, 10.608, 10.102, 9.066, 8.834, 9.8, 10.975, 11.586, 10.46, 9.62, 9.222, 8.714, 8.963, 8.285, 4.812, 4.712, 5.277, 4.127, 3.613, 4.625, 6.244, 5.942, 6.56, 7.958, 8.54, 8.176, 8.104, 8.661, 7.425, 5.113, 3.994, 3.259, 2.414, 2.226, 3.683, 5.704, 7.454, 8.494, 9.044, 9.537, 9.379, 8.769, 7.681, 7.125, 7.414, 7.805, 8.766, 8.781, 7.14, 4.873, 3.206, 3.471, 3.335, 4.096, 6.422, 5.29, 3.112, 4.051, 4.403, 2.631, 2.798, 2.582, 3.349, 4.046, 4.466, 3.949, 3.628, 3.119, 3.564, 3.155, 2.504, 2.174, 2.425, 2.951, 2.396, 2.573, 2.893, 3.123, 2.802, 2.031, 2.351, 2.544, 3.37, 2.554, 3.286, 6.152, 2.602, 3.687, 5.137, 5.088, 5.797, 5.81, 5.616, 5.132, 4.971, 4.997, 6.062, 5.203, 3.43, 3.064, 3.444, 3.844, 3.675, 3.541, 3.554, 3.5, 3.841, 3.619, 3.456, 3.968], [4.252, 3.007, 4.569, 6.18, 4.407, 6.018, 5.588, 1.993, 1.237, 0.0, 2.156, 2.923, 3.632, 3.83, 2.217, 2.19, 3.706, 2.966, 2.514, 2.316, 2.104, 2.901, 3.945, 5.811, 3.417, 3.249, 4.057, 3.233, 3.421, 6.606, 8.382, 7.708, 6.931, 8.292, 9.395, 9.31, 10.215, 11.068, 10.599, 9.538, 9.425, 10.253, 11.381, 11.96, 10.893, 10.092, 9.654, 9.133, 9.299, 8.534, 5.405, 4.795, 5.155, 3.941, 3.261, 4.257, 5.894, 5.696, 6.256, 7.695, 8.298, 7.929, 7.856, 8.443, 7.284, 4.984, 4.211, 3.534, 2.797, 2.531, 3.774, 6.002, 7.821, 8.856, 9.405, 9.85, 9.748, 9.129, 8.038, 7.491, 7.795, 8.276, 9.281, 9.198, 7.526, 5.277, 3.902, 4.08, 3.904, 4.298, 6.3, 5.167, 3.384, 4.119, 4.283, 2.917, 3.152, 2.875, 3.928, 4.715, 5.027, 4.296, 4.028, 3.807, 4.014, 3.59, 3.151, 2.976, 3.218, 3.594, 3.022, 3.114, 3.659, 3.928, 3.627, 2.762, 2.979, 3.158, 3.813, 3.251, 3.172, 6.03, 2.892, 4.308, 5.645, 5.373, 6.035, 5.899, 5.494, 5.023, 4.833, 5.29, 6.535, 5.747, 4.103, 3.528, 4.128, 4.699, 4.156, 3.735, 3.651, 3.586, 4.06, 3.748, 3.574, 3.838], [4.274, 2.573, 3.088, 4.572, 3.318, 4.409, 4.007, 1.597, 1.919, 2.156, 0.0, 1.302, 2.111, 2.52, 1.797, 2.0, 3.674, 2.942, 1.987, 1.907, 1.797, 2.35, 2.988, 4.239, 2.622, 3.189, 4.179, 2.856, 3.016, 6.866, 9.121, 7.988, 7.091, 8.647, 10.036, 10.117, 11.214, 12.232, 11.72, 10.696, 10.317, 11.383, 12.56, 13.183, 12.015, 10.984, 10.552, 9.543, 9.395, 8.674, 4.993, 3.624, 3.613, 2.675, 3.039, 4.724, 6.351, 5.95, 5.475, 6.227, 6.788, 6.407, 6.334, 6.891, 5.683, 3.661, 2.919, 2.557, 2.332, 2.936, 3.942, 6.157, 7.998, 9.137, 9.625, 10.109, 10.191, 9.393, 8.359, 8.144, 8.99, 9.191, 10.079, 10.149, 8.28, 5.984, 4.002, 3.379, 3.111, 3.381, 4.691, 3.629, 2.643, 3.464, 3.21, 2.322, 2.451, 2.383, 2.979, 4.052, 4.432, 3.788, 3.021, 2.978, 3.435, 2.604, 2.446, 2.776, 3.272, 2.98, 2.599, 3.575, 3.637, 3.427, 3.126, 3.394, 3.129, 2.983, 3.773, 2.928, 2.003, 4.549, 2.068, 5.095, 5.924, 5.626, 6.145, 5.987, 5.714, 5.184, 5.266, 5.776, 7.271, 6.657, 4.527, 3.874, 4.477, 5.245, 4.982, 4.532, 4.191, 4.035, 4.275, 3.861, 3.882, 3.979], [4.519, 2.923, 2.583, 3.979, 3.217, 3.83, 3.546, 1.947, 2.466, 2.923, 1.302, 0.0, 1.602, 2.057, 1.97, 2.614, 4.074, 3.38, 2.349, 1.87, 1.905, 1.954, 2.592, 3.751, 2.013, 3.526, 4.554, 2.818, 3.139, 7.34, 9.76, 8.548, 7.564, 9.124, 10.609, 10.69, 11.882, 12.923, 12.395, 11.368, 10.987, 12.01, 13.223, 13.846, 12.678, 11.606, 11.143, 10.129, 9.865, 9.011, 5.252, 2.836, 3.195, 3.071, 3.504, 5.192, 6.821, 6.332, 5.448, 5.596, 6.158, 5.772, 5.708, 6.285, 5.055, 2.863, 2.378, 2.523, 2.872, 3.528, 4.519, 6.538, 8.489, 9.533, 10.046, 10.492, 10.604, 9.814, 8.783, 8.702, 9.667, 9.864, 10.634, 10.858, 8.892, 6.606, 4.382, 3.467, 2.884, 2.918, 4.029, 2.998, 2.388, 3.102, 3.048, 2.041, 2.425, 2.254, 2.787, 3.921, 4.659, 4.227, 2.903, 3.261, 3.828, 2.951, 2.564, 3.178, 3.56, 3.059, 2.728, 4.148, 3.932, 3.307, 3.225, 3.912, 3.685, 3.455, 4.333, 3.312, 1.677, 3.817, 1.976, 5.652, 6.436, 6.136, 6.548, 6.483, 6.344, 5.876, 6.03, 6.333, 7.934, 7.305, 5.011, 4.606, 5.091, 5.87, 5.678, 5.351, 4.88, 4.766, 4.916, 4.501, 4.728, 4.642], [5.722, 4.098, 2.159, 2.975, 3.154, 2.987, 2.767, 2.165, 3.69, 3.632, 2.111, 1.602, 0.0, 1.541, 2.527, 3.614, 5.278, 4.641, 3.539, 2.773, 2.706, 2.543, 1.746, 2.788, 1.78, 4.739, 5.758, 3.708, 4.262, 8.602, 11.04, 9.825, 8.824, 10.326, 11.824, 11.933, 13.172, 14.199, 13.669, 12.638, 12.254, 13.276, 14.496, 15.116, 13.948, 12.879, 12.432, 11.419, 11.228, 10.278, 6.607, 3.01, 2.734, 2.906, 3.575, 5.404, 7.054, 6.53, 5.62, 4.867, 4.984, 4.576, 4.491, 5.035, 3.791, 2.571, 2.696, 3.146, 3.831, 4.555, 5.382, 7.909, 9.844, 10.929, 11.446, 11.876, 11.935, 11.227, 10.178, 9.994, 10.941, 11.152, 11.926, 12.146, 10.168, 7.885, 5.696, 4.453, 3.79, 3.246, 3.075, 2.227, 2.741, 3.186, 2.995, 2.653, 3.183, 2.799, 3.616, 5.144, 5.663, 4.658, 3.64, 4.261, 4.407, 3.566, 3.418, 4.353, 4.736, 4.033, 3.865, 5.43, 5.259, 4.69, 4.477, 5.107, 4.941, 4.674, 5.41, 4.593, 1.586, 2.947, 2.488, 6.907, 7.731, 7.399, 7.869, 7.671, 6.971, 6.636, 6.709, 7.605, 9.204, 8.575, 6.288, 5.496, 6.303, 7.024, 6.722, 5.659, 5.345, 5.418, 5.748, 4.959, 5.174, 4.92], [5.77, 4.188, 1.437, 2.432, 2.477, 2.501, 2.348, 2.536, 3.956, 3.83, 2.52, 2.057, 1.541, 0.0, 2.457, 3.687, 5.282, 4.685, 3.744, 2.876, 2.811, 2.912, 1.966, 2.222, 2.028, 4.887, 5.932, 3.799, 4.402, 8.607, 11.041, 9.847, 8.783, 10.373, 11.909, 11.951, 13.241, 14.343, 13.688, 12.667, 12.257, 13.21, 14.431, 15.063, 13.896, 12.876, 12.386, 11.383, 11.399, 10.468, 6.799, 3.341, 2.522, 2.567, 3.153, 4.976, 6.539, 5.983, 4.734, 4.312, 4.643, 4.241, 4.219, 4.894, 3.607, 2.331, 2.977, 3.557, 3.993, 4.676, 5.708, 8.071, 9.973, 11.044, 11.548, 11.936, 11.97, 11.268, 10.251, 9.887, 10.986, 11.318, 12.057, 12.241, 10.203, 7.81, 5.692, 4.812, 4.146, 3.535, 2.662, 2.333, 3.006, 3.096, 2.533, 2.844, 3.436, 3.036, 3.887, 5.333, 6.009, 5.033, 3.905, 4.438, 4.841, 4.014, 3.636, 4.515, 4.805, 4.186, 4.215, 5.735, 5.609, 4.881, 4.565, 5.343, 5.242, 4.91, 5.826, 4.814, 1.559, 2.318, 2.875, 7.17, 7.684, 7.465, 8.072, 7.98, 7.296, 6.899, 6.742, 7.543, 9.218, 8.536, 6.324, 5.506, 6.501, 7.037, 6.877, 6.014, 5.842, 5.91, 6.165, 5.062, 5.431, 5.334], [3.826, 2.65, 2.91, 4.579, 3.074, 4.559, 4.242, 1.446, 2.048, 2.217, 1.797, 1.97, 2.527, 2.457, 0.0, 1.818, 3.609, 3.091, 2.097, 1.225, 1.113, 1.791, 2.681, 4.175, 2.254, 2.98, 3.995, 2.262, 2.88, 6.57, 9.086, 8.24, 7.051, 8.474, 9.837, 9.936, 11.226, 12.296, 11.619, 10.594, 10.277, 11.074, 12.36, 12.936, 11.769, 10.869, 10.447, 9.827, 10.062, 9.128, 5.498, 2.99, 3.627, 3.292, 3.367, 4.798, 6.397, 5.866, 5.377, 6.39, 6.79, 6.33, 6.368, 7.089, 5.724, 3.438, 2.353, 2.397, 2.559, 2.957, 4.379, 6.708, 8.584, 9.659, 10.169, 10.564, 10.422, 9.809, 8.824, 8.142, 8.908, 9.329, 10.244, 10.166, 8.321, 6.042, 4.238, 3.467, 2.909, 2.553, 4.546, 3.463, 1.783, 2.756, 2.813, 1.885, 2.151, 1.936, 2.64, 3.993, 4.709, 3.778, 2.763, 3.037, 3.474, 2.533, 2.067, 2.867, 2.963, 2.816, 2.952, 3.97, 3.967, 3.498, 2.895, 3.102, 3.564, 3.419, 4.35, 3.491, 1.703, 4.338, 1.725, 5.203, 6.154, 6.08, 6.717, 6.561, 5.911, 5.452, 5.17, 5.873, 7.303, 6.453, 4.562, 3.515, 4.568, 4.891, 4.726, 4.161, 4.27, 4.399, 4.497, 3.462, 3.869, 4.108], [2.8, 1.465, 4.281, 5.919, 4.143, 5.781, 5.468, 1.967, 1.611, 2.19, 2.0, 2.614, 3.614, 3.687, 1.818, 0.0, 2.171, 1.512, 1.28, 1.628, 2.012, 2.65, 4.105, 5.535, 3.452, 1.599, 2.484, 1.492, 1.786, 5.129, 7.592, 6.636, 5.522, 6.979, 8.388, 8.489, 9.768, 10.851, 10.204, 9.174, 8.796, 9.809, 10.978, 11.598, 10.43, 9.446, 9.019, 8.21, 8.527, 7.837, 4.132, 4.228, 4.88, 4.17, 3.89, 4.587, 5.977, 5.644, 6.233, 7.661, 8.134, 7.732, 7.684, 8.33, 7.053, 4.731, 3.155, 2.152, 1.429, 1.815, 3.153, 5.224, 6.956, 8.035, 8.547, 9.056, 8.899, 8.272, 7.191, 6.669, 7.472, 7.803, 8.684, 8.753, 6.828, 4.46, 2.673, 2.403, 2.366, 2.993, 6.006, 4.874, 2.214, 3.305, 4.038, 2.248, 2.051, 2.039, 2.07, 3.058, 3.44, 2.906, 2.578, 2.129, 2.397, 1.943, 1.421, 1.267, 1.575, 1.774, 1.632, 2.298, 2.341, 2.076, 1.641, 1.733, 1.992, 1.937, 2.939, 2.011, 2.912, 5.737, 1.699, 3.657, 4.571, 4.639, 5.35, 5.264, 4.952, 4.487, 4.332, 4.579, 5.798, 5.061, 3.086, 2.338, 3.134, 3.583, 3.389, 3.444, 3.197, 3.326, 3.239, 2.662, 2.986, 3.44], [1.97, 2.346, 5.963, 7.451, 5.637, 7.368, 7.225, 3.883, 2.783, 3.706, 3.674, 4.074, 5.278, 5.282, 3.609, 2.171, 0.0, 1.197, 2.132, 3.286, 3.72, 4.663, 6.021, 7.088, 5.282, 1.445, 1.866, 2.294, 2.476, 4.452, 6.501, 5.857, 4.233, 5.788, 7.27, 7.302, 8.666, 9.801, 9.124, 8.097, 7.677, 8.541, 9.843, 10.355, 9.071, 8.222, 7.535, 7.214, 7.537, 6.883, 3.601, 5.238, 5.991, 5.174, 4.676, 5.385, 6.526, 6.361, 7.615, 9.342, 9.72, 9.012, 9.257, 9.989, 8.595, 6.388, 4.647, 3.556, 2.019, 2.87, 3.485, 4.3, 5.955, 6.948, 7.349, 7.882, 7.673, 6.846, 5.814, 5.325, 6.456, 6.785, 7.527, 7.694, 5.716, 3.475, 1.932, 2.718, 3.377, 4.131, 7.118, 6.168, 3.891, 4.818, 5.576, 3.539, 3.622, 3.595, 2.962, 3.122, 3.405, 3.201, 3.599, 2.5, 2.997, 2.558, 2.201, 1.667, 2.162, 2.481, 2.289, 2.248, 2.16, 2.31, 1.642, 2.172, 2.425, 2.206, 3.159, 2.022, 4.626, 6.79, 3.406, 3.489, 3.82, 4.749, 4.942, 5.359, 5.332, 4.981, 4.767, 4.518, 4.821, 4.261, 2.931, 3.397, 3.016, 3.411, 3.79, 4.221, 3.777, 4.125, 3.927, 3.934, 3.919, 4.273], [2.084, 1.514, 5.4, 7.009, 5.174, 6.829, 6.642, 3.185, 2.168, 2.966, 2.942, 3.38, 4.641, 4.685, 3.091, 1.512, 1.197, 0.0, 1.409, 2.733, 3.327, 4.017, 5.473, 6.716, 4.686, 1.392, 1.727, 1.71, 1.79, 4.453, 6.67, 5.682, 4.44, 6.117, 7.618, 7.574, 8.853, 9.897, 9.297, 8.227, 7.864, 8.808, 10.068, 10.631, 9.454, 8.408, 7.796, 7.025, 7.152, 6.565, 3.151, 5.137, 5.77, 4.741, 4.277, 4.715, 5.97, 5.894, 7.108, 8.651, 9.109, 8.641, 8.646, 9.293, 8.021, 5.771, 4.106, 2.94, 1.45, 1.948, 2.697, 3.917, 5.706, 6.69, 7.233, 7.727, 7.667, 7.017, 5.867, 5.413, 6.564, 6.898, 7.649, 7.881, 5.817, 3.465, 1.489, 2.014, 2.815, 3.776, 6.916, 5.826, 3.457, 4.402, 5.187, 3.033, 2.877, 2.824, 2.32, 2.486, 2.916, 2.783, 3.213, 1.951, 2.347, 2.23, 1.638, 1.089, 1.527, 1.747, 1.402, 1.498, 1.55, 1.621, 1.293, 1.758, 1.598, 1.292, 2.338, 1.233, 4.018, 6.646, 2.85, 2.897, 3.482, 4.07, 4.243, 4.613, 4.553, 4.298, 4.218, 3.768, 4.795, 4.19, 2.205, 2.709, 2.455, 3.182, 3.223, 3.541, 2.966, 3.248, 3.145, 3.172, 3.01, 3.436], [2.485, 1.843, 4.457, 6.038, 4.369, 5.888, 5.513, 2.142, 1.798, 2.514, 1.987, 2.349, 3.539, 3.744, 2.097, 1.28, 2.132, 1.409, 0.0, 1.766, 2.258, 2.767, 4.266, 5.708, 3.502, 1.606, 2.532, 1.517, 2.059, 5.265, 7.517, 6.51, 5.52, 7.043, 8.486, 8.513, 9.683, 10.682, 10.142, 9.113, 8.743, 9.75, 10.97, 11.582, 10.415, 9.36, 8.929, 8.086, 8.239, 7.482, 3.928, 4.379, 5.013, 4.21, 3.929, 4.985, 6.483, 6.2, 6.571, 7.655, 8.222, 7.856, 7.783, 8.365, 7.128, 4.814, 3.267, 2.326, 1.707, 2.233, 3.223, 4.952, 6.82, 7.871, 8.421, 8.813, 8.791, 8.152, 7.074, 6.56, 7.414, 7.67, 8.507, 8.653, 6.702, 4.396, 2.549, 2.281, 2.835, 3.377, 6.157, 5.025, 2.666, 3.644, 4.177, 2.474, 2.349, 2.414, 2.208, 2.919, 3.513, 3.323, 2.734, 1.891, 2.61, 2.011, 1.163, 1.478, 1.905, 2.025, 1.513, 2.153, 2.216, 2.01, 1.63, 2.238, 2.045, 1.742, 2.702, 1.897, 3.041, 5.887, 1.947, 3.636, 4.501, 4.821, 5.007, 5.271, 5.132, 4.859, 4.757, 4.387, 5.689, 5.057, 2.99, 3.267, 3.049, 3.883, 3.907, 3.947, 3.345, 3.517, 3.411, 3.341, 3.362, 3.89], [3.298, 2.507, 3.546, 5.095, 3.763, 4.981, 4.636, 1.642, 1.862, 2.316, 1.907, 1.87, 2.773, 2.876, 1.225, 1.628, 3.286, 2.733, 1.766, 0.0, 1.168, 1.762, 3.05, 4.695, 2.54, 2.44, 3.53, 2.141, 2.879, 6.404, 8.674, 8.016, 6.857, 8.041, 9.324, 9.47, 10.648, 11.659, 11.047, 9.991, 9.694, 10.767, 11.933, 12.538, 11.412, 10.506, 10.07, 9.604, 9.826, 9.01, 5.313, 3.431, 4.148, 3.96, 4.084, 5.3, 6.863, 6.425, 6.183, 6.81, 7.333, 6.938, 6.866, 7.502, 6.241, 3.923, 2.608, 2.369, 2.514, 2.852, 4.18, 6.556, 8.355, 9.39, 9.935, 10.405, 10.292, 9.654, 8.55, 7.969, 8.363, 8.809, 9.738, 9.751, 8.025, 5.726, 3.992, 3.343, 2.859, 2.971, 5.183, 4.068, 2.131, 3.21, 3.569, 2.263, 2.374, 2.216, 2.607, 3.962, 4.523, 4.005, 2.82, 2.923, 3.4, 2.608, 2.047, 2.613, 2.683, 2.621, 2.54, 3.47, 3.578, 3.099, 2.641, 2.629, 3.193, 3.132, 4.053, 3.182, 2.228, 4.913, 1.628, 4.642, 5.976, 5.902, 6.558, 6.467, 6.074, 5.616, 5.437, 5.746, 6.889, 6.082, 4.239, 3.465, 4.203, 4.505, 4.364, 4.089, 4.114, 4.144, 4.223, 3.615, 3.909, 4.453], [3.585, 2.875, 3.397, 4.983, 3.849, 5.004, 4.582, 1.839, 1.847, 2.104, 1.797, 1.905, 2.706, 2.811, 1.113, 2.012, 3.72, 3.327, 2.258, 1.168, 0.0, 1.615, 2.838, 4.599, 2.597, 2.981, 4.016, 2.824, 3.418, 6.672, 9.017, 8.329, 7.253, 8.469, 9.68, 9.763, 10.895, 11.845, 11.273, 10.259, 10.135, 10.961, 12.09, 12.717, 11.643, 10.875, 10.488, 10.064, 10.39, 9.515, 5.918, 3.512, 4.055, 3.908, 4.042, 5.522, 7.118, 6.608, 6.084, 6.708, 7.24, 6.77, 6.774, 7.419, 6.166, 3.883, 2.908, 2.837, 2.988, 3.304, 4.744, 7.043, 8.781, 9.827, 10.344, 10.818, 10.595, 9.98, 8.963, 8.289, 8.578, 9.16, 10.103, 9.975, 8.396, 6.17, 4.457, 3.906, 3.397, 3.328, 5.088, 3.956, 2.457, 3.477, 3.531, 2.626, 2.874, 2.633, 3.222, 4.587, 5.171, 4.565, 3.436, 3.513, 4.08, 3.16, 2.626, 3.086, 3.096, 3.232, 3.165, 3.902, 4.025, 3.666, 3.142, 2.909, 3.638, 3.608, 4.613, 3.838, 2.273, 4.835, 2.082, 5.057, 6.384, 6.324, 7.05, 6.899, 6.489, 5.988, 5.839, 6.23, 7.316, 6.329, 4.792, 3.815, 4.578, 4.859, 4.609, 4.493, 4.789, 4.744, 4.733, 4.032, 4.393, 4.849], [4.591, 3.593, 2.782, 4.387, 3.703, 4.527, 4.039, 2.08, 2.959, 2.901, 2.35, 1.954, 2.543, 2.912, 1.791, 2.65, 4.663, 4.017, 2.767, 1.762, 1.615, 0.0, 2.046, 3.91, 2.124, 3.809, 4.911, 2.948, 3.363, 7.432, 9.941, 8.875, 7.994, 9.483, 10.703, 10.825, 11.964, 12.866, 12.287, 11.249, 11.162, 11.923, 13.149, 13.761, 12.701, 11.863, 11.429, 10.712, 10.794, 9.695, 6.09, 3.063, 3.869, 4.097, 4.293, 5.68, 7.249, 6.769, 6.091, 5.973, 6.521, 6.043, 6.125, 6.84, 5.473, 3.264, 2.482, 2.658, 3.337, 3.719, 4.821, 7.394, 9.312, 10.431, 10.926, 11.293, 11.239, 10.596, 9.652, 9.02, 9.6, 10.085, 11.067, 10.81, 9.156, 6.936, 5.114, 3.889, 3.31, 3.039, 4.344, 3.253, 2.113, 3.238, 3.273, 2.701, 2.564, 2.485, 2.94, 4.372, 5.137, 4.426, 3.094, 3.502, 3.916, 3.077, 2.736, 3.735, 3.826, 3.467, 3.323, 4.51, 4.619, 4.02, 3.68, 3.773, 4.227, 3.997, 4.598, 4.063, 2.217, 4.207, 1.881, 5.737, 6.983, 6.86, 7.24, 6.978, 6.505, 5.988, 6.086, 6.683, 8.244, 7.303, 5.52, 4.633, 5.265, 5.852, 5.548, 5.158, 4.925, 4.609, 5.046, 4.419, 4.633, 4.982], [6.214, 5.034, 1.919, 2.851, 3.056, 3.278, 2.842, 2.521, 4.127, 3.945, 2.988, 2.592, 1.746, 1.966, 2.681, 4.105, 6.021, 5.473, 4.266, 3.05, 2.838, 2.046, 0.0, 2.127, 1.566, 5.205, 6.314, 4.149, 4.854, 9.007, 11.52, 10.447, 9.518, 10.868, 12.129, 12.357, 13.556, 14.567, 14.013, 12.999, 12.665, 13.614, 14.853, 15.48, 14.352, 13.481, 13.04, 12.213, 12.27, 11.199, 7.499, 2.908, 3.056, 3.446, 3.971, 5.937, 7.577, 7.004, 5.849, 4.397, 4.697, 4.282, 4.406, 5.083, 3.586, 2.417, 3.268, 3.872, 4.764, 5.155, 6.233, 8.892, 10.841, 11.984, 12.465, 12.861, 12.815, 12.149, 11.205, 10.611, 11.331, 11.679, 12.653, 12.462, 10.728, 8.435, 6.553, 5.177, 4.407, 3.333, 2.56, 1.694, 2.691, 2.964, 2.675, 3.221, 3.691, 3.148, 4.16, 5.736, 6.419, 5.295, 4.237, 4.873, 5.028, 4.251, 4.068, 5.159, 5.305, 4.802, 4.802, 6.041, 6.199, 5.501, 5.136, 5.395, 5.798, 5.565, 6.04, 5.477, 1.76, 2.348, 2.795, 7.319, 8.47, 8.4, 8.723, 8.504, 7.815, 7.4, 7.437, 8.191, 9.803, 8.961, 7.017, 5.958, 6.681, 7.275, 7.043, 6.091, 6.071, 5.989, 6.537, 5.393, 5.701, 5.749], [7.705, 6.105, 1.539, 1.449, 2.024, 1.946, 1.685, 4.092, 5.934, 5.811, 4.239, 3.751, 2.788, 2.222, 4.175, 5.535, 7.088, 6.716, 5.708, 4.695, 4.599, 3.91, 2.127, 0.0, 2.463, 6.58, 7.734, 5.469, 5.917, 10.263, 12.983, 11.805, 10.599, 12.186, 13.696, 13.822, 15.188, 16.324, 15.653, 14.639, 14.199, 15.105, 16.338, 16.943, 15.775, 14.907, 14.415, 13.294, 13.107, 12.101, 8.216, 3.135, 2.667, 3.002, 3.655, 5.418, 6.867, 6.233, 4.912, 3.095, 3.195, 2.774, 3.102, 3.834, 2.266, 1.942, 3.472, 4.44, 5.687, 6.629, 7.233, 9.735, 11.673, 12.895, 13.262, 13.825, 13.93, 12.964, 12.078, 11.868, 12.924, 13.309, 14.108, 14.177, 12.182, 9.706, 7.678, 6.059, 5.141, 3.657, 1.507, 1.676, 3.474, 2.647, 2.141, 4.214, 4.696, 4.253, 5.052, 6.55, 6.974, 5.692, 4.812, 5.676, 5.717, 4.913, 5.3, 6.198, 6.607, 5.877, 6.022, 7.671, 7.462, 6.576, 6.301, 7.005, 7.185, 6.738, 7.202, 6.56, 2.735, 1.379, 4.028, 9.079, 9.555, 9.356, 9.529, 9.452, 8.825, 8.237, 8.489, 9.462, 11.129, 10.449, 8.38, 7.399, 8.326, 8.783, 8.58, 7.742, 7.508, 7.564, 7.974, 6.775, 7.155, 6.727], [5.618, 4.22, 1.934, 3.143, 2.768, 3.571, 3.039, 2.038, 3.515, 3.417, 2.622, 2.013, 1.78, 2.028, 2.254, 3.452, 5.282, 4.686, 3.502, 2.54, 2.597, 2.124, 1.566, 2.463, 0.0, 4.454, 5.555, 3.371, 3.961, 8.377, 10.927, 9.819, 8.812, 10.231, 11.645, 11.819, 13.042, 14.066, 13.556, 12.525, 12.144, 13.172, 14.384, 15.007, 13.839, 12.816, 12.387, 11.413, 11.383, 10.483, 6.769, 2.553, 3.205, 3.54, 3.816, 5.558, 7.221, 6.662, 5.664, 4.758, 5.326, 4.945, 5.106, 5.754, 4.152, 2.242, 2.805, 3.39, 3.977, 4.472, 5.514, 8.093, 9.971, 11.102, 11.614, 12.097, 12.133, 11.398, 10.362, 10.002, 10.828, 11.025, 11.935, 12.028, 10.131, 7.813, 5.872, 4.604, 3.654, 2.536, 2.912, 1.863, 1.92, 2.486, 2.445, 2.628, 3.032, 2.606, 3.436, 5.172, 5.844, 4.938, 3.826, 4.243, 4.592, 3.729, 3.33, 4.26, 4.614, 4.124, 3.878, 5.29, 5.27, 4.615, 4.354, 4.751, 4.932, 4.76, 5.403, 4.659, 1.416, 2.854, 2.246, 6.762, 7.768, 7.555, 8.025, 7.864, 7.163, 6.787, 6.826, 7.54, 9.139, 8.475, 6.278, 5.356, 6.149, 6.844, 6.446, 5.557, 5.38, 5.384, 5.729, 4.738, 5.205, 5.174], [1.909, 2.15, 5.482, 6.965, 5.212, 6.81, 6.471, 3.112, 2.266, 3.249, 3.189, 3.526, 4.739, 4.887, 2.98, 1.599, 1.445, 1.392, 1.606, 2.44, 2.981, 3.809, 5.205, 6.58, 4.454, 0.0, 1.471, 1.905, 2.313, 4.474, 6.679, 6.059, 4.796, 5.896, 7.307, 7.48, 8.722, 9.77, 9.185, 8.135, 7.785, 8.839, 10.012, 10.635, 9.473, 8.471, 8.06, 7.773, 8.05, 7.542, 4.196, 5.317, 6.01, 5.393, 5.094, 5.609, 7.012, 6.7, 7.598, 8.807, 9.348, 8.937, 8.894, 9.556, 8.13, 5.834, 4.358, 3.345, 2.348, 2.673, 3.753, 4.904, 6.358, 7.552, 8.051, 8.607, 8.247, 7.608, 6.564, 5.87, 6.493, 6.809, 7.672, 7.767, 5.953, 3.794, 2.369, 2.713, 3.154, 4.045, 7.059, 5.926, 3.325, 4.41, 5.118, 3.178, 2.943, 2.95, 2.673, 3.301, 3.786, 3.614, 3.692, 2.649, 2.965, 2.787, 1.997, 1.364, 1.901, 2.371, 1.971, 2.043, 1.988, 2.027, 1.611, 1.517, 2.246, 2.041, 3.219, 2.051, 4.027, 6.789, 2.828, 3.177, 4.325, 5.169, 5.273, 5.688, 5.637, 5.312, 5.185, 4.764, 4.966, 4.286, 2.929, 3.137, 2.921, 3.373, 3.559, 3.909, 3.686, 3.946, 3.659, 3.542, 3.732, 4.311], [1.905, 2.466, 6.593, 8.024, 6.267, 7.898, 7.6, 4.176, 3.126, 4.057, 4.179, 4.554, 5.758, 5.932, 3.995, 2.484, 1.866, 1.727, 2.532, 3.53, 4.016, 4.911, 6.314, 7.734, 5.555, 1.471, 0.0, 2.325, 2.264, 3.331, 5.655, 4.94, 3.661, 4.848, 6.293, 6.399, 7.673, 8.73, 8.156, 7.117, 6.796, 7.729, 8.974, 9.575, 8.408, 7.365, 6.88, 6.618, 6.875, 6.357, 3.277, 6.327, 7.02, 6.262, 5.924, 5.77, 6.768, 6.73, 8.446, 9.832, 10.393, 9.987, 9.929, 10.549, 9.16, 6.895, 5.374, 4.186, 2.853, 2.644, 3.114, 3.707, 5.239, 6.382, 6.882, 7.42, 7.082, 6.474, 5.392, 4.761, 5.439, 5.79, 6.598, 6.779, 4.867, 2.65, 1.587, 2.484, 3.515, 4.885, 8.107, 6.972, 4.412, 5.418, 6.159, 4.185, 3.726, 3.876, 2.926, 2.925, 3.162, 3.513, 4.627, 2.795, 2.779, 3.378, 2.7, 1.88, 1.483, 2.308, 2.272, 1.763, 1.428, 1.829, 1.789, 1.747, 1.957, 1.965, 2.575, 2.047, 5.122, 7.835, 3.911, 2.345, 3.487, 4.475, 4.379, 4.77, 4.72, 4.668, 4.482, 3.887, 3.932, 3.209, 2.264, 2.658, 2.099, 2.448, 2.661, 3.189, 3.011, 3.309, 2.925, 2.997, 3.227, 3.745], [2.799, 2.222, 4.337, 5.752, 4.069, 5.744, 5.42, 2.445, 2.633, 3.233, 2.856, 2.818, 3.708, 3.799, 2.262, 1.492, 2.294, 1.71, 1.517, 2.141, 2.824, 2.948, 4.149, 5.469, 3.371, 1.905, 2.325, 0.0, 1.454, 5.27, 7.849, 6.758, 5.639, 7.012, 8.532, 8.663, 9.947, 11.004, 10.431, 9.371, 9.023, 9.968, 11.23, 11.811, 10.644, 9.569, 9.095, 8.301, 8.403, 7.61, 3.924, 4.109, 4.992, 4.606, 4.447, 5.231, 6.508, 6.24, 6.539, 7.59, 8.138, 7.72, 7.676, 8.352, 6.882, 4.647, 3.211, 2.397, 1.819, 2.414, 3.091, 5.134, 6.998, 8.052, 8.603, 9.001, 9.008, 8.345, 7.281, 6.759, 7.7, 8.003, 8.786, 8.986, 6.966, 4.661, 2.721, 1.842, 2.281, 2.666, 5.83, 4.718, 2.223, 3.189, 3.959, 2.34, 2.21, 2.175, 1.542, 2.408, 3.078, 2.853, 2.581, 1.656, 2.055, 1.699, 1.167, 1.682, 1.647, 1.348, 1.37, 2.476, 2.389, 1.666, 1.353, 2.188, 2.284, 1.987, 2.813, 2.097, 2.853, 5.56, 1.936, 3.787, 4.668, 4.901, 5.179, 5.186, 4.787, 4.658, 4.526, 4.545, 5.995, 5.315, 3.099, 3.192, 3.193, 3.751, 3.622, 3.549, 3.038, 3.342, 3.18, 2.883, 3.193, 3.642], [2.998, 1.804, 4.626, 6.162, 4.477, 6.252, 5.922, 2.963, 2.969, 3.421, 3.016, 3.139, 4.262, 4.402, 2.88, 1.786, 2.476, 1.79, 2.059, 2.879, 3.418, 3.363, 4.854, 5.917, 3.961, 2.313, 2.264, 1.454, 0.0, 4.802, 7.386, 6.134, 5.021, 6.721, 8.25, 8.346, 9.634, 10.696, 10.065, 9.029, 8.644, 9.601, 10.813, 11.408, 10.244, 9.192, 8.68, 7.672, 7.61, 6.665, 3.024, 4.57, 5.398, 4.801, 4.338, 4.411, 5.577, 5.414, 6.474, 7.888, 8.38, 7.959, 7.999, 8.718, 7.319, 5.05, 3.574, 2.585, 1.532, 1.889, 2.116, 4.252, 6.179, 7.249, 7.739, 8.167, 8.229, 7.502, 6.486, 6.198, 7.301, 7.601, 8.341, 8.53, 6.473, 4.203, 2.125, 1.571, 1.9, 2.989, 6.224, 5.089, 2.698, 3.602, 4.407, 2.474, 1.891, 2.127, 1.215, 1.926, 2.348, 2.339, 2.83, 1.67, 1.687, 1.967, 1.755, 1.416, 1.347, 1.185, 1.225, 2.097, 1.834, 1.544, 1.655, 2.08, 1.841, 1.514, 2.034, 1.469, 3.421, 5.947, 2.344, 3.521, 4.008, 4.045, 4.265, 4.14, 3.933, 3.714, 3.789, 3.915, 5.504, 4.902, 2.667, 2.669, 2.835, 3.51, 3.302, 3.313, 2.67, 2.666, 2.57, 2.288, 2.64, 2.837], [4.316, 4.865, 9.186, 10.788, 9.014, 10.703, 10.422, 6.96, 5.884, 6.606, 6.866, 7.34, 8.602, 8.607, 6.57, 5.129, 4.452, 4.453, 5.265, 6.404, 6.672, 7.432, 9.007, 10.263, 8.377, 4.474, 3.331, 5.27, 4.802, 0.0, 2.817, 2.009, 1.289, 2.336, 3.739, 3.836, 5.181, 6.28, 5.535, 4.57, 4.168, 5.015, 6.239, 6.857, 5.683, 4.731, 4.259, 3.797, 4.322, 3.828, 3.67, 8.942, 9.722, 8.89, 8.127, 7.753, 8.005, 8.421, 10.877, 12.549, 12.986, 12.432, 12.479, 13.222, 11.92, 9.64, 8.015, 6.752, 5.282, 4.601, 4.357, 2.721, 2.719, 3.731, 4.252, 4.505, 4.194, 3.493, 2.674, 2.116, 2.781, 3.3, 4.076, 4.021, 2.545, 1.949, 3.549, 4.927, 5.989, 7.506, 10.69, 9.688, 6.959, 8.016, 8.687, 6.849, 6.282, 6.449, 5.494, 4.659, 4.993, 5.968, 7.056, 5.139, 5.046, 5.908, 5.447, 4.46, 4.028, 4.768, 5.039, 3.784, 3.588, 4.359, 4.476, 4.353, 3.889, 4.286, 4.012, 4.531, 7.818, 10.46, 6.617, 2.562, 2.455, 3.531, 3.476, 3.453, 3.618, 3.777, 3.487, 2.6, 1.595, 2.008, 2.93, 3.438, 2.74, 2.58, 2.859, 3.77, 3.914, 4.071, 3.291, 3.845, 4.027, 4.483], [6.127, 7.143, 11.751, 13.377, 11.662, 13.302, 12.977, 9.37, 7.886, 8.382, 9.121, 9.76, 11.04, 11.041, 9.086, 7.592, 6.501, 6.67, 7.517, 8.674, 9.017, 9.941, 11.52, 12.983, 10.927, 6.679, 5.655, 7.849, 7.386, 2.817, 0.0, 1.388, 2.837, 1.482, 1.536, 1.596, 2.529, 3.574, 2.933, 2.133, 1.598, 2.442, 3.559, 4.248, 3.194, 2.104, 2.046, 2.701, 3.593, 3.269, 6.087, 11.67, 12.347, 11.176, 10.244, 9.755, 10.039, 10.787, 13.409, 14.98, 15.433, 15.002, 14.997, 15.685, 14.493, 12.201, 10.617, 9.17, 7.644, 6.638, 6.256, 4.389, 2.532, 2.642, 3.058, 2.653, 2.146, 2.198, 2.56, 2.268, 1.537, 1.42, 1.637, 1.471, 1.858, 3.698, 5.714, 7.369, 8.667, 10.239, 13.455, 12.343, 9.615, 10.717, 11.452, 9.441, 8.824, 8.941, 8.078, 7.194, 7.512, 8.531, 9.651, 7.57, 7.564, 8.471, 8.025, 6.929, 6.575, 7.342, 7.361, 5.797, 5.941, 6.87, 6.965, 6.651, 6.118, 6.442, 6.012, 6.741, 10.421, 13.178, 9.126, 4.54, 3.9, 4.668, 4.699, 5.017, 5.129, 5.576, 5.222, 3.823, 2.168, 2.929, 5.0, 5.841, 4.927, 4.706, 4.942, 5.854, 5.87, 6.081, 5.638, 6.385, 6.054, 6.526], [5.792, 6.048, 10.557, 12.15, 10.468, 12.103, 11.796, 8.348, 7.147, 7.708, 7.988, 8.548, 9.825, 9.847, 8.24, 6.636, 5.857, 5.682, 6.51, 8.016, 8.329, 8.875, 10.447, 11.805, 9.819, 6.059, 4.94, 6.758, 6.134, 2.009, 1.388, 0.0, 1.939, 1.977, 2.625, 2.74, 3.84, 4.886, 4.213, 3.329, 2.842, 3.661, 4.855, 5.532, 4.425, 3.242, 2.986, 2.911, 3.714, 3.107, 4.877, 10.441, 11.13, 9.982, 9.122, 8.619, 8.89, 9.564, 12.202, 13.728, 14.22, 13.784, 13.789, 14.418, 13.275, 10.98, 9.404, 7.948, 6.451, 5.587, 5.192, 3.36, 1.885, 2.318, 3.224, 2.882, 2.489, 2.161, 1.995, 2.022, 1.897, 1.924, 2.529, 2.53, 1.587, 3.053, 4.56, 6.102, 7.397, 8.961, 12.183, 11.061, 8.504, 9.492, 10.245, 8.173, 7.514, 7.733, 6.905, 5.915, 6.288, 7.268, 8.401, 6.434, 6.404, 7.215, 6.896, 5.851, 5.625, 6.089, 6.194, 4.922, 4.894, 5.71, 5.961, 6.001, 5.102, 5.301, 4.857, 5.535, 9.232, 11.969, 8.019, 3.684, 3.29, 4.199, 4.102, 4.034, 4.138, 4.45, 4.309, 3.368, 2.076, 2.83, 4.009, 4.986, 4.094, 4.1, 4.305, 5.143, 5.015, 5.042, 4.62, 5.364, 5.08, 5.464], [4.432, 4.905, 9.371, 11.049, 9.206, 10.969, 10.764, 7.292, 6.201, 6.931, 7.091, 7.564, 8.824, 8.783, 7.051, 5.522, 4.233, 4.44, 5.52, 6.857, 7.253, 7.994, 9.518, 10.599, 8.812, 4.796, 3.661, 5.639, 5.021, 1.289, 2.837, 1.939, 0.0, 2.338, 3.768, 3.827, 5.168, 6.266, 5.521, 4.514, 4.144, 4.987, 6.231, 6.756, 5.472, 4.607, 3.952, 3.378, 3.901, 3.254, 3.521, 8.865, 9.671, 8.704, 7.985, 7.675, 7.839, 8.296, 10.962, 12.742, 13.066, 12.452, 12.625, 13.345, 12.055, 9.846, 8.139, 6.889, 5.242, 4.798, 4.378, 2.446, 2.285, 3.292, 3.744, 4.167, 3.901, 3.164, 2.147, 1.88, 2.781, 3.203, 3.995, 4.095, 2.38, 2.167, 3.488, 5.078, 6.243, 7.68, 10.747, 9.798, 7.404, 8.365, 9.037, 6.959, 6.462, 6.736, 5.753, 4.735, 4.901, 5.919, 7.059, 5.213, 5.188, 6.022, 5.63, 4.638, 4.434, 4.913, 5.241, 3.985, 3.798, 4.569, 4.578, 4.803, 4.137, 4.491, 4.148, 4.525, 8.112, 10.367, 6.947, 2.86, 2.455, 3.556, 3.637, 3.576, 3.758, 3.835, 3.595, 2.884, 1.705, 2.397, 3.016, 3.739, 3.119, 2.853, 3.248, 4.137, 4.122, 4.216, 3.547, 4.265, 4.234, 4.533], [5.668, 6.678, 11.065, 12.552, 10.824, 12.482, 12.21, 8.797, 7.393, 8.292, 8.647, 9.124, 10.326, 10.373, 8.474, 6.979, 5.788, 6.117, 7.043, 8.041, 8.469, 9.483, 10.868, 12.186, 10.231, 5.896, 4.848, 7.012, 6.721, 2.336, 1.482, 1.977, 2.338, 0.0, 1.674, 1.871, 3.062, 4.187, 3.563, 2.493, 2.122, 3.081, 4.29, 4.907, 3.741, 2.817, 2.576, 2.618, 3.214, 3.5, 5.521, 10.85, 11.543, 10.575, 9.872, 9.552, 9.879, 10.378, 12.898, 14.487, 14.944, 14.497, 14.484, 15.129, 13.829, 11.515, 9.962, 8.63, 7.124, 6.309, 6.085, 4.257, 2.98, 3.301, 3.234, 3.214, 2.867, 2.729, 2.867, 2.549, 2.002, 2.204, 2.473, 2.45, 2.483, 3.576, 5.207, 6.659, 7.826, 9.406, 12.625, 11.523, 8.904, 9.914, 10.701, 8.669, 8.179, 8.318, 7.355, 6.506, 6.753, 7.788, 9.04, 7.049, 6.895, 7.725, 7.271, 6.253, 5.841, 6.56, 6.776, 5.537, 5.431, 6.311, 6.305, 6.029, 5.718, 6.138, 5.671, 6.164, 9.633, 12.356, 8.388, 4.116, 3.669, 4.639, 4.78, 5.002, 5.182, 5.519, 5.175, 3.643, 2.141, 2.841, 4.418, 5.166, 4.4, 3.996, 4.346, 5.249, 5.49, 5.801, 5.081, 5.87, 5.791, 6.172], [6.687, 8.197, 12.603, 14.122, 12.39, 14.033, 13.706, 10.069, 8.532, 9.395, 10.036, 10.609, 11.824, 11.909, 9.837, 8.388, 7.27, 7.618, 8.486, 9.324, 9.68, 10.703, 12.129, 13.696, 11.645, 7.307, 6.293, 8.532, 8.25, 3.739, 1.536, 2.625, 3.768, 1.674, 0.0, 0.961, 1.606, 2.628, 2.074, 1.478, 1.196, 1.897, 2.803, 3.491, 2.55, 1.979, 2.453, 3.029, 3.869, 4.269, 7.049, 12.407, 13.073, 12.055, 11.333, 11.036, 11.315, 11.912, 14.409, 16.007, 16.477, 16.01, 16.011, 16.665, 15.375, 13.059, 11.505, 10.131, 8.568, 7.675, 7.477, 5.63, 3.826, 3.827, 3.707, 3.008, 2.754, 3.27, 3.868, 3.582, 2.457, 2.023, 2.023, 1.819, 2.894, 4.848, 6.749, 8.182, 9.365, 10.965, 14.185, 13.108, 10.316, 11.422, 12.165, 10.224, 9.73, 9.773, 8.843, 8.038, 8.261, 9.333, 10.587, 8.507, 8.329, 9.266, 8.803, 7.735, 7.306, 8.098, 8.219, 6.765, 6.893, 7.818, 7.811, 7.249, 7.153, 7.606, 7.062, 7.707, 11.133, 13.915, 9.806, 5.272, 4.969, 5.909, 6.045, 6.326, 6.535, 6.914, 6.496, 5.002, 3.357, 3.938, 5.901, 6.552, 5.719, 5.246, 5.486, 6.46, 6.823, 7.018, 6.483, 7.126, 6.996, 7.625], [6.582, 8.253, 12.695, 14.265, 12.508, 14.15, 13.87, 10.288, 8.61, 9.31, 10.117, 10.69, 11.933, 11.951, 9.936, 8.489, 7.302, 7.574, 8.513, 9.47, 9.763, 10.825, 12.357, 13.822, 11.819, 7.48, 6.399, 8.663, 8.346, 3.836, 1.596, 2.74, 3.827, 1.871, 0.961, 0.0, 1.466, 2.524, 1.917, 1.333, 1.059, 1.681, 2.585, 3.268, 2.381, 1.982, 2.346, 2.9, 3.765, 3.892, 7.04, 12.514, 13.185, 12.12, 11.238, 10.955, 11.233, 11.955, 14.479, 16.091, 16.547, 16.099, 16.089, 16.752, 15.475, 13.156, 11.58, 10.192, 8.616, 7.675, 7.4, 5.503, 3.595, 3.559, 3.349, 2.947, 2.629, 3.032, 3.647, 3.392, 2.175, 1.949, 1.973, 1.736, 2.671, 4.704, 6.738, 8.265, 9.507, 11.073, 14.292, 13.237, 10.479, 11.552, 12.282, 10.336, 9.825, 9.924, 8.979, 8.115, 8.356, 9.377, 10.578, 8.518, 8.445, 9.343, 8.902, 7.823, 7.372, 8.21, 8.309, 6.859, 7.009, 7.922, 7.923, 7.323, 7.217, 7.579, 7.068, 7.694, 11.247, 14.023, 10.0, 5.314, 4.822, 5.572, 5.788, 6.139, 6.395, 6.796, 6.349, 4.879, 3.247, 3.784, 5.936, 6.594, 5.845, 5.274, 5.517, 6.508, 6.83, 7.125, 6.665, 7.279, 7.074, 7.52], [7.798, 9.46, 14.028, 15.596, 13.805, 15.447, 15.099, 11.445, 9.636, 10.215, 11.214, 11.882, 13.172, 13.241, 11.226, 9.768, 8.666, 8.853, 9.683, 10.648, 10.895, 11.964, 13.556, 15.188, 13.042, 8.722, 7.673, 9.947, 9.634, 5.181, 2.529, 3.84, 5.168, 3.062, 1.606, 1.466, 0.0, 1.242, 1.121, 1.32, 1.197, 1.177, 1.588, 2.359, 1.917, 1.852, 2.515, 3.142, 3.929, 4.405, 8.288, 13.899, 14.531, 13.358, 12.454, 12.113, 12.448, 13.249, 15.761, 17.312, 17.818, 17.426, 17.359, 18.001, 16.769, 14.451, 12.862, 11.497, 9.959, 8.872, 8.461, 6.569, 4.546, 4.263, 3.907, 3.112, 2.948, 3.885, 4.592, 4.417, 3.008, 2.546, 1.981, 1.87, 3.614, 5.833, 7.958, 9.583, 10.835, 12.457, 15.676, 14.585, 11.813, 12.914, 13.656, 11.662, 11.099, 11.171, 10.291, 9.397, 9.672, 10.744, 11.891, 9.788, 9.736, 10.701, 10.198, 9.126, 8.726, 9.553, 9.472, 7.947, 8.177, 9.14, 9.195, 8.515, 8.379, 8.796, 8.244, 8.933, 12.548, 15.407, 11.202, 6.427, 6.095, 6.549, 6.682, 7.025, 7.373, 7.944, 7.478, 6.045, 4.327, 4.988, 7.14, 7.909, 7.053, 6.555, 6.681, 7.683, 7.953, 8.163, 7.815, 8.517, 8.217, 8.719], [8.823, 10.513, 15.114, 16.695, 14.92, 16.53, 16.143, 12.369, 10.608, 11.068, 12.232, 12.923, 14.199, 14.343, 12.296, 10.851, 9.801, 9.897, 10.682, 11.659, 11.845, 12.866, 14.567, 16.324, 14.066, 9.77, 8.73, 11.004, 10.696, 6.28, 3.574, 4.886, 6.266, 4.187, 2.628, 2.524, 1.242, 0.0, 1.152, 1.857, 2.194, 1.799, 1.687, 2.037, 2.106, 2.438, 3.2, 3.9, 4.525, 5.182, 9.403, 15.034, 15.667, 14.443, 13.565, 13.193, 13.537, 14.336, 16.834, 18.306, 18.86, 18.499, 18.427, 19.02, 17.79, 15.483, 13.934, 12.57, 11.033, 9.907, 9.545, 7.594, 5.536, 5.147, 4.745, 3.809, 3.641, 4.784, 5.567, 5.459, 3.931, 3.468, 2.711, 2.676, 4.61, 6.908, 9.074, 10.683, 11.963, 13.593, 16.812, 15.684, 12.944, 14.05, 14.792, 12.781, 12.163, 12.25, 11.416, 10.529, 10.808, 11.879, 13.008, 10.88, 10.833, 11.817, 11.259, 10.216, 9.815, 10.668, 10.487, 8.914, 9.142, 10.153, 10.265, 9.43, 9.351, 9.8, 9.296, 9.986, 13.676, 16.542, 12.303, 7.379, 7.182, 7.611, 7.55, 7.901, 8.393, 9.034, 8.573, 7.146, 5.405, 6.055, 8.197, 9.018, 8.096, 7.654, 7.744, 8.68, 8.985, 9.104, 8.787, 9.606, 9.195, 9.772], [8.124, 9.828, 14.454, 16.081, 14.264, 15.911, 15.606, 11.876, 10.102, 10.599, 11.72, 12.395, 13.669, 13.688, 11.619, 10.204, 9.124, 9.297, 10.142, 11.047, 11.273, 12.287, 14.013, 15.653, 13.556, 9.185, 8.156, 10.431, 10.065, 5.535, 2.933, 4.213, 5.521, 3.563, 2.074, 1.917, 1.121, 1.152, 0.0, 1.359, 1.66, 1.465, 1.532, 2.013, 1.847, 2.156, 2.889, 3.594, 4.216, 4.852, 8.718, 14.35, 14.996, 13.796, 12.904, 12.472, 12.806, 13.59, 16.131, 17.713, 18.143, 17.772, 17.7, 18.371, 17.137, 14.824, 13.23, 11.931, 10.338, 9.247, 8.914, 6.97, 4.921, 4.655, 4.365, 3.414, 3.314, 4.222, 4.94, 4.768, 3.335, 2.968, 2.471, 2.298, 4.028, 6.269, 8.425, 10.072, 11.367, 12.926, 16.125, 15.031, 12.289, 13.415, 14.121, 12.122, 11.536, 11.662, 10.774, 9.894, 10.137, 11.203, 12.322, 10.191, 10.162, 11.149, 10.61, 9.554, 9.175, 10.042, 9.975, 8.417, 8.604, 9.528, 9.596, 8.823, 8.764, 9.148, 8.69, 9.382, 13.055, 15.86, 11.747, 6.833, 6.515, 6.968, 6.98