[[0.0, 1.052, 1.343, 1.627, 2.012, 1.676, 2.316, 3.171, 2.699, 2.205, 4.235, 5.943, 6.283, 5.943, 6.287, 7.324, 6.867, 7.926, 13.059, 15.589, 13.073, 10.713, 11.386, 14.177, 14.995, 14.675, 15.465, 16.862, 17.684, 18.762, 19.222, 17.989, 16.211, 16.03, 16.597, 15.085, 13.401, 14.673, 15.349, 15.007, 15.817, 17.355, 17.32, 15.603, 13.46, 13.672, 12.895, 12.243, 10.568, 9.091, 8.761, 8.721, 8.152, 6.258, 5.9, 6.594, 6.779, 7.059, 7.461, 8.16, 8.033, 7.723, 7.654, 7.777, 8.289, 8.97, 9.041, 9.382, 9.62, 11.753, 15.171, 18.229, 14.884, 12.412, 12.623, 11.193, 10.191, 9.882, 9.891, 10.141, 11.781, 12.582, 12.365, 13.418, 12.75, 11.948, 12.612, 10.811, 6.142, 3.809, 3.633, 2.836, 2.284, 3.686, 4.935, 4.393, 3.093, 2.174, 2.343, 2.083, 2.284, 3.237, 5.226, 6.254, 6.538, 6.48, 6.223, 6.088, 6.968, 9.403, 11.768, 12.219, 11.588, 15.779, 18.582, 14.44, 10.398, 9.747, 8.892, 7.904, 7.19, 6.623, 6.477, 7.879, 10.059, 10.579, 10.408, 11.376, 11.736, 11.66, 13.652, 14.187, 13.664, 14.237, 13.898, 12.773, 12.522, 12.561, 12.163, 11.164, 10.516, 11.792, 14.41, 14.274, 12.869, 11.155, 10.292, 10.299, 10.954, 11.172, 10.542, 10.482, 11.157, 10.798, 10.078, 9.99, 10.461, 10.826, 10.598, 10.649, 10.468, 9.936, 9.966, 10.791, 12.269, 13.914, 13.062, 12.926, 14.382, 16.616, 17.481, 17.369, 16.066, 15.619, 16.132, 17.205, 18.499, 15.314, 13.129, 13.108, 12.517, 12.788, 14.737, 17.265, 19.53, 21.275, 21.846, 21.742, 23.175, 24.403, 23.706, 22.708, 21.675, 23.06, 24.005, 22.003, 18.912, 16.352, 16.513, 17.647, 16.592, 15.489, 16.001, 15.638, 16.6], [1.052, 0.0, 1.029, 1.818, 2.181, 1.583, 2.202, 3.173, 2.56, 2.245, 4.219, 5.933, 6.275, 5.922, 6.246, 7.272, 6.753, 7.776, 12.917, 15.33, 13.045, 10.406, 11.117, 13.916, 14.753, 14.426, 15.167, 16.675, 17.527, 18.573, 19.016, 17.755, 15.99, 15.884, 16.564, 15.097, 13.34, 14.588, 15.272, 14.918, 15.807, 17.331, 17.279, 15.583, 13.419, 13.628, 12.732, 12.116, 10.418, 9.052, 8.741, 8.717, 8.127, 6.279, 5.798, 6.403, 6.652, 7.022, 7.355, 8.172, 8.001, 7.614, 7.397, 7.512, 8.053, 8.776, 9.015, 9.335, 9.469, 11.481, 15.003, 18.142, 14.885, 12.317, 12.638, 11.174, 9.916, 9.617, 9.599, 9.91, 11.591, 12.362, 12.355, 13.377, 12.62, 11.832, 12.537, 10.713, 6.024, 3.535, 3.427, 2.737, 2.364, 4.019, 5.241, 4.697, 3.4, 2.525, 2.688, 2.335, 2.284, 3.259, 5.34, 6.272, 6.382, 6.346, 6.27, 6.093, 6.736, 9.129, 11.758, 12.226, 11.555, 15.757, 18.559, 14.383, 10.416, 9.519, 8.751, 7.896, 7.233, 6.46, 6.22, 7.758, 9.832, 10.394, 10.123, 11.16, 11.504, 11.548, 13.616, 14.053, 13.607, 14.231, 13.908, 12.75, 12.425, 12.416, 12.04, 10.924, 10.315, 11.546, 14.267, 14.126, 12.612, 10.781, 9.85, 9.842, 10.655, 10.907, 10.428, 10.391, 10.948, 10.51, 10.035, 9.961, 10.393, 10.767, 10.484, 10.347, 10.19, 9.709, 9.679, 10.465, 12.134, 13.923, 12.974, 12.865, 14.29, 16.564, 17.339, 17.18, 15.793, 15.351, 15.805, 17.037, 18.46, 15.292, 12.96, 13.066, 12.363, 12.591, 14.673, 17.229, 19.479, 21.281, 21.837, 21.699, 23.176, 24.397, 23.703, 22.7, 21.66, 23.064, 23.983, 21.951, 18.868, 16.256, 16.48, 17.624, 16.557, 15.411, 15.947, 15.603, 16.582], [1.343, 1.029, 0.0, 1.682, 2.131, 1.1, 1.963, 2.866, 2.207, 2.13, 4.034, 5.707, 6.103, 5.704, 6.037, 7.08, 6.665, 7.674, 12.74, 15.159, 12.902, 10.338, 11.029, 13.769, 14.614, 14.252, 15.018, 16.485, 17.328, 18.419, 18.88, 17.629, 15.811, 15.662, 16.347, 14.911, 13.12, 14.364, 15.069, 14.698, 15.585, 17.117, 17.101, 15.372, 13.194, 13.414, 12.524, 11.9, 10.231, 8.856, 8.577, 8.535, 7.965, 6.135, 5.637, 6.236, 6.484, 6.793, 7.133, 7.936, 7.823, 7.459, 7.249, 7.383, 7.929, 8.726, 8.884, 9.17, 9.351, 11.355, 14.854, 17.961, 14.701, 12.185, 12.451, 11.005, 9.795, 9.476, 9.477, 9.786, 11.438, 12.2, 12.147, 13.153, 12.418, 11.664, 12.294, 10.598, 5.923, 3.39, 3.006, 2.357, 2.09, 4.134, 5.424, 4.827, 3.552, 2.978, 3.231, 2.673, 2.848, 3.278, 5.077, 6.073, 6.22, 6.171, 6.156, 5.917, 6.653, 9.036, 11.537, 12.011, 11.367, 15.533, 18.353, 14.162, 10.231, 9.408, 8.645, 7.954, 7.16, 6.293, 6.093, 7.644, 9.685, 10.225, 10.026, 10.975, 11.336, 11.339, 13.396, 13.844, 13.377, 14.007, 13.67, 12.511, 12.211, 12.214, 11.865, 10.724, 10.126, 11.396, 14.103, 13.968, 12.497, 10.914, 10.025, 10.067, 10.674, 10.823, 10.402, 10.241, 10.822, 10.394, 9.806, 9.679, 10.171, 10.547, 10.279, 10.22, 10.032, 9.52, 9.55, 10.342, 11.895, 13.67, 12.713, 12.602, 14.033, 16.316, 17.156, 16.989, 15.6, 15.202, 15.674, 16.868, 18.235, 15.064, 12.788, 12.884, 12.199, 12.375, 14.474, 17.01, 19.248, 21.111, 21.612, 21.545, 22.969, 24.208, 23.479, 22.474, 21.436, 22.831, 23.759, 21.783, 18.644, 16.032, 16.263, 17.448, 16.333, 15.192, 15.724, 15.392, 16.358], [1.627, 1.818, 1.682, 0.0, 1.075, 1.763, 3.225, 4.081, 3.511, 3.471, 5.315, 6.966, 7.448, 7.018, 7.388, 8.326, 7.959, 8.98, 14.037, 16.478, 14.225, 11.722, 12.434, 15.076, 15.889, 15.537, 16.349, 17.763, 18.643, 19.673, 20.172, 18.977, 17.117, 17.031, 17.606, 16.129, 14.393, 15.663, 16.305, 15.952, 16.836, 18.362, 18.452, 16.7, 14.56, 14.694, 13.822, 13.203, 11.539, 10.111, 9.81, 9.848, 9.312, 7.503, 6.906, 7.531, 7.754, 8.083, 8.466, 9.224, 9.057, 8.756, 8.554, 8.691, 9.269, 9.999, 10.172, 10.515, 10.688, 12.672, 16.191, 19.235, 15.996, 13.431, 13.696, 12.271, 11.098, 10.833, 10.801, 11.117, 12.733, 13.497, 13.432, 14.456, 13.717, 12.951, 13.615, 11.949, 7.282, 4.722, 4.097, 3.183, 1.917, 2.911, 4.139, 3.559, 2.59, 2.593, 3.082, 2.986, 3.387, 4.535, 6.305, 7.339, 7.52, 7.585, 7.332, 7.171, 7.939, 10.343, 12.829, 13.275, 12.597, 16.823, 19.692, 15.49, 11.451, 10.775, 9.977, 9.325, 8.423, 7.622, 7.415, 8.808, 10.919, 11.5, 11.422, 12.297, 12.603, 12.641, 14.662, 15.146, 14.637, 15.257, 14.956, 13.814, 13.527, 13.505, 13.15, 12.017, 11.421, 12.729, 15.406, 15.326, 13.839, 12.259, 11.348, 11.412, 12.041, 12.145, 11.607, 11.536, 12.171, 11.718, 11.102, 10.909, 11.376, 11.858, 11.62, 11.521, 11.408, 10.879, 10.881, 11.689, 13.206, 14.956, 13.998, 13.882, 15.315, 17.612, 18.491, 18.333, 16.944, 16.483, 16.997, 18.169, 19.514, 16.354, 14.13, 14.18, 13.474, 13.679, 15.788, 18.269, 20.491, 22.419, 22.876, 22.788, 24.293, 25.534, 24.729, 23.73, 22.71, 24.079, 25.015, 23.102, 19.981, 17.326, 17.554, 18.688, 17.604, 16.486, 16.994, 16.656, 17.609], [2.012, 2.181, 2.131, 1.075, 0.0, 2.086, 3.592, 4.544, 3.97, 3.875, 5.709, 7.406, 7.885, 7.488, 7.825, 8.813, 8.509, 9.515, 14.29, 16.874, 14.657, 12.137, 12.852, 15.347, 16.269, 15.776, 16.732, 17.985, 18.88, 20.186, 20.639, 19.32, 17.494, 17.392, 18.01, 16.618, 14.8, 15.968, 16.7, 16.354, 17.267, 18.781, 18.875, 17.133, 14.963, 15.067, 14.174, 13.472, 11.841, 10.536, 10.284, 10.339, 9.771, 7.992, 7.187, 7.857, 8.121, 8.429, 8.694, 9.663, 9.524, 9.158, 8.906, 9.109, 9.609, 10.374, 10.549, 10.848, 10.983, 12.994, 16.577, 19.563, 16.504, 13.893, 14.139, 12.774, 11.342, 11.045, 11.046, 11.391, 13.148, 13.833, 13.929, 14.877, 13.979, 13.273, 14.013, 12.402, 7.79, 5.233, 4.602, 3.631, 2.351, 2.898, 3.997, 3.473, 2.747, 2.998, 3.522, 3.42, 3.849, 5.025, 6.756, 7.857, 8.037, 7.943, 7.827, 7.665, 8.287, 10.659, 13.305, 13.741, 13.111, 17.281, 20.121, 15.895, 11.954, 11.272, 10.442, 9.668, 8.851, 7.904, 7.64, 9.284, 11.342, 11.774, 11.814, 12.719, 12.883, 12.899, 15.073, 15.41, 15.079, 15.68, 15.403, 14.24, 13.886, 13.812, 13.421, 12.356, 11.851, 13.191, 15.858, 15.635, 14.098, 12.392, 11.505, 11.501, 12.177, 12.369, 12.105, 12.005, 12.546, 12.061, 11.328, 11.304, 11.683, 12.211, 11.923, 11.775, 11.58, 11.088, 11.117, 11.926, 13.513, 15.266, 14.254, 14.237, 15.589, 17.888, 18.749, 18.637, 17.284, 16.822, 17.281, 18.522, 19.888, 16.766, 14.459, 14.434, 13.753, 13.9, 16.128, 18.645, 20.974, 22.871, 23.339, 23.285, 24.786, 25.973, 25.176, 24.173, 23.152, 24.547, 25.41, 23.55, 20.401, 17.739, 17.997, 19.147, 17.988, 16.826, 17.372, 17.148, 18.025], [1.676, 1.583, 1.1, 1.763, 2.086, 0.0, 1.753, 2.783, 2.175, 2.396, 3.959, 5.508, 6.006, 5.607, 5.961, 6.899, 6.583, 7.762, 12.433, 15.005, 12.765, 10.387, 11.166, 13.662, 14.333, 14.04, 14.871, 16.174, 17.039, 18.216, 18.8, 17.478, 15.645, 15.503, 16.118, 14.753, 12.913, 14.076, 14.813, 14.464, 15.378, 16.899, 16.976, 15.249, 13.074, 13.142, 12.258, 11.6, 9.937, 8.638, 8.41, 8.501, 7.877, 6.3, 5.504, 6.003, 6.235, 6.543, 6.85, 7.794, 7.6, 7.324, 7.235, 7.371, 7.984, 8.923, 9.027, 9.228, 9.435, 11.339, 14.79, 17.644, 14.626, 12.157, 12.385, 10.916, 9.725, 9.493, 9.418, 9.657, 11.203, 12.031, 12.046, 12.993, 12.098, 11.384, 12.135, 10.494, 5.985, 3.506, 3.123, 2.762, 2.16, 4.349, 5.667, 5.074, 3.888, 3.224, 3.552, 3.1, 3.335, 3.392, 4.933, 5.905, 6.148, 6.151, 6.173, 5.887, 6.512, 8.887, 11.435, 11.851, 11.178, 15.383, 18.235, 14.005, 10.138, 9.47, 8.741, 8.3, 7.315, 6.142, 6.072, 7.532, 9.466, 9.92, 10.079, 10.772, 10.992, 11.03, 13.188, 13.535, 13.189, 13.793, 13.519, 12.356, 12.04, 11.91, 11.544, 10.479, 9.919, 11.316, 14.004, 14.027, 12.633, 11.102, 10.257, 10.273, 10.863, 10.91, 10.544, 10.312, 10.86, 10.467, 9.562, 9.445, 10.063, 10.357, 10.075, 10.135, 10.08, 9.52, 9.448, 10.236, 11.605, 13.374, 12.41, 12.381, 13.759, 16.014, 16.873, 16.742, 15.445, 14.923, 15.477, 16.571, 18.0, 14.911, 12.714, 12.779, 12.053, 12.117, 14.269, 16.761, 19.074, 20.988, 21.445, 21.361, 22.862, 24.086, 23.289, 22.287, 21.266, 22.661, 23.534, 21.633, 18.513, 15.855, 16.118, 17.261, 16.101, 14.95, 15.486, 15.238, 16.119], [2.316, 2.202, 1.963, 3.225, 3.592, 1.753, 0.0, 1.598, 1.261, 1.426, 2.474, 3.927, 4.441, 4.046, 4.394, 5.353, 5.24, 6.612, 10.967, 13.604, 11.243, 9.185, 10.012, 12.526, 13.059, 12.821, 13.716, 14.771, 15.658, 16.934, 17.573, 16.246, 14.352, 14.15, 14.518, 13.153, 11.334, 12.522, 13.282, 12.959, 13.765, 15.293, 15.396, 13.642, 11.476, 11.556, 10.784, 10.114, 8.511, 7.084, 6.861, 7.014, 6.322, 4.888, 4.234, 4.739, 4.713, 4.952, 5.429, 6.245, 6.167, 6.028, 6.061, 6.177, 6.867, 7.79, 7.714, 7.871, 8.209, 10.241, 13.478, 16.091, 13.161, 10.86, 10.939, 9.54, 8.604, 8.428, 8.321, 8.472, 9.948, 10.818, 10.543, 11.396, 10.637, 9.816, 10.548, 9.046, 4.654, 2.588, 2.602, 2.662, 3.134, 5.616, 6.954, 6.337, 4.978, 3.838, 3.819, 3.148, 3.141, 2.449, 3.35, 4.47, 4.883, 4.754, 4.726, 4.457, 5.272, 7.706, 9.902, 10.25, 9.628, 13.769, 16.633, 12.405, 8.612, 8.199, 7.535, 7.096, 5.9, 4.879, 5.0, 6.264, 8.052, 8.687, 8.88, 9.502, 9.659, 9.508, 11.579, 12.041, 11.614, 12.178, 11.903, 10.759, 10.454, 10.421, 10.12, 9.149, 8.623, 10.091, 12.672, 12.792, 11.534, 10.108, 9.448, 9.447, 9.959, 9.857, 9.337, 9.077, 9.691, 9.341, 8.333, 8.061, 8.702, 8.861, 8.761, 9.061, 9.03, 8.513, 8.367, 9.142, 10.344, 11.862, 11.025, 11.008, 12.339, 14.538, 15.496, 15.483, 14.255, 13.647, 14.347, 15.112, 16.382, 13.359, 11.311, 11.415, 10.811, 10.819, 12.73, 15.16, 17.514, 19.386, 19.837, 19.771, 21.311, 22.476, 21.675, 20.677, 19.656, 21.05, 21.917, 20.058, 16.927, 14.276, 14.535, 15.656, 14.483, 13.387, 13.889, 13.663, 14.518], [3.171, 3.173, 2.866, 4.081, 4.544, 2.783, 1.598, 0.0, 1.482, 2.151, 2.76, 3.342, 3.802, 3.47, 4.184, 5.083, 5.15, 6.679, 10.865, 13.331, 10.871, 9.242, 10.158, 12.732, 13.109, 12.939, 13.873, 14.716, 15.652, 16.882, 17.652, 16.363, 14.482, 14.227, 14.175, 12.978, 10.935, 11.968, 12.931, 12.677, 13.016, 14.486, 14.602, 12.725, 10.633, 11.129, 10.574, 9.776, 8.535, 6.988, 6.724, 6.623, 5.963, 4.813, 4.598, 4.964, 4.64, 4.429, 5.342, 6.038, 6.179, 6.089, 6.344, 6.434, 7.22, 8.035, 7.892, 7.966, 8.489, 10.504, 13.566, 15.807, 12.851, 11.007, 10.859, 9.605, 8.877, 8.739, 8.609, 8.75, 10.118, 11.015, 10.338, 10.768, 10.227, 9.532, 10.055, 9.091, 4.563, 2.753, 2.651, 2.93, 3.56, 5.939, 7.292, 6.688, 5.367, 4.131, 3.892, 3.239, 3.128, 2.782, 3.396, 4.393, 4.997, 4.725, 4.784, 4.5, 5.539, 7.905, 9.597, 9.69, 9.233, 13.047, 15.754, 11.65, 8.401, 8.226, 7.84, 7.496, 6.046, 5.266, 5.607, 6.481, 8.106, 8.892, 8.956, 9.567, 9.463, 9.041, 11.007, 11.542, 11.103, 11.371, 10.99, 10.044, 9.869, 10.329, 10.008, 9.16, 8.601, 10.186, 12.771, 12.996, 11.835, 10.684, 10.344, 10.276, 10.548, 10.219, 9.638, 9.246, 9.968, 9.683, 8.608, 8.3, 8.85, 8.783, 8.95, 9.392, 9.362, 8.838, 8.668, 9.383, 10.466, 11.326, 10.882, 11.091, 12.137, 14.373, 15.463, 15.553, 14.465, 13.779, 14.618, 15.082, 15.664, 13.074, 11.43, 11.571, 11.017, 11.034, 12.617, 14.61, 17.161, 18.469, 18.95, 19.149, 20.601, 21.604, 20.847, 19.79, 18.815, 20.148, 21.219, 19.493, 16.354, 13.817, 14.051, 14.997, 13.837, 13.093, 13.299, 13.066, 13.888], [2.699, 2.56, 2.207, 3.511, 3.97, 2.175, 1.261, 1.482, 0.0, 1.428, 2.386, 3.792, 4.173, 3.756, 4.228, 5.353, 5.019, 6.227, 11.064, 13.719, 11.278, 9.038, 9.762, 12.466, 13.109, 12.853, 13.69, 14.966, 15.722, 16.926, 17.477, 16.219, 14.347, 14.122, 14.522, 13.03, 11.324, 12.58, 13.409, 13.077, 13.695, 15.182, 15.286, 13.441, 11.361, 11.557, 10.989, 10.262, 8.64, 7.029, 6.745, 6.659, 6.087, 4.415, 4.262, 4.771, 4.869, 5.021, 5.488, 6.172, 6.073, 5.916, 5.969, 6.087, 6.804, 7.65, 7.516, 7.583, 8.09, 10.103, 13.408, 16.128, 12.84, 10.692, 10.614, 9.33, 8.526, 8.288, 8.205, 8.407, 9.935, 10.814, 10.31, 11.326, 10.813, 9.96, 10.557, 9.037, 4.267, 2.158, 2.222, 2.228, 3.076, 5.456, 6.787, 6.204, 4.904, 3.889, 3.721, 3.107, 3.045, 2.442, 3.15, 4.326, 4.792, 4.623, 4.524, 4.212, 5.225, 7.676, 9.615, 10.076, 9.532, 13.644, 16.369, 12.316, 8.286, 8.036, 7.324, 6.89, 5.675, 4.878, 4.965, 6.128, 8.183, 8.777, 8.712, 9.53, 9.86, 9.64, 11.594, 12.15, 11.691, 12.091, 11.729, 10.659, 10.472, 10.62, 10.232, 9.287, 8.675, 10.003, 12.595, 12.619, 11.446, 10.177, 9.558, 9.528, 10.016, 9.807, 9.179, 8.829, 9.526, 9.217, 8.327, 8.138, 8.626, 8.761, 8.696, 8.979, 8.891, 8.368, 8.317, 9.118, 10.411, 11.886, 11.194, 11.063, 12.469, 14.651, 15.602, 15.548, 14.244, 13.761, 14.282, 15.306, 16.361, 13.249, 11.257, 11.291, 10.738, 10.898, 12.698, 15.21, 17.566, 19.15, 19.654, 19.623, 21.097, 22.32, 21.57, 20.511, 19.472, 20.878, 21.875, 19.999, 16.833, 14.284, 14.453, 15.498, 14.452, 13.546, 13.946, 13.566, 14.481], [2.205, 2.245, 2.13, 3.471, 3.875, 2.396, 1.426, 2.151, 1.428, 0.0, 2.2, 3.894, 4.338, 3.957, 4.305, 5.337, 5.023, 6.039, 11.031, 13.645, 11.247, 8.805, 9.516, 12.202, 13.027, 12.675, 13.477, 14.866, 15.66, 16.81, 17.215, 15.985, 14.207, 13.984, 14.558, 13.039, 11.349, 12.6, 13.345, 13.016, 13.774, 15.309, 15.364, 13.596, 11.458, 11.643, 10.906, 10.21, 8.577, 7.021, 6.724, 6.672, 6.206, 4.311, 3.906, 4.646, 4.792, 5.006, 5.441, 6.157, 6.033, 5.742, 5.675, 5.8, 6.337, 7.018, 7.041, 7.366, 7.614, 9.788, 13.156, 16.199, 12.836, 10.449, 10.57, 9.223, 8.252, 7.948, 7.934, 8.147, 9.798, 10.629, 10.348, 11.371, 10.749, 9.933, 10.548, 8.98, 4.199, 2.521, 2.905, 2.616, 3.439, 5.623, 6.908, 6.345, 4.999, 3.708, 3.328, 2.807, 2.533, 1.814, 3.2, 4.334, 4.573, 4.465, 4.204, 4.089, 4.958, 7.408, 9.693, 10.179, 9.585, 13.747, 16.59, 12.394, 8.354, 7.802, 7.008, 6.034, 5.286, 4.594, 4.539, 5.945, 8.112, 8.618, 8.497, 9.421, 9.78, 9.606, 11.619, 12.143, 11.608, 12.192, 11.857, 10.714, 10.468, 10.546, 10.154, 9.201, 8.569, 9.827, 12.418, 12.313, 10.919, 9.256, 8.55, 8.557, 9.071, 9.219, 8.566, 8.512, 9.223, 8.847, 8.14, 8.041, 8.439, 8.763, 8.584, 8.693, 8.537, 8.0, 8.008, 8.829, 10.323, 11.883, 11.088, 10.958, 12.383, 14.587, 15.491, 15.426, 14.091, 13.686, 14.175, 15.238, 16.45, 13.272, 11.027, 11.094, 10.53, 10.809, 12.688, 15.234, 17.52, 19.343, 19.813, 19.732, 21.206, 22.436, 21.665, 20.67, 19.632, 21.034, 21.968, 20.026, 16.9, 14.298, 14.471, 15.615, 14.543, 13.495, 13.953, 13.628, 14.562], [4.235, 4.219, 4.034, 5.315, 5.709, 3.959, 2.474, 2.76, 2.386, 2.2, 0.0, 1.872, 2.307, 2.098, 2.33, 3.334, 3.165, 4.435, 9.004, 11.634, 9.219, 7.032, 7.815, 10.427, 11.083, 10.761, 11.643, 12.772, 13.693, 14.931, 15.448, 14.175, 12.279, 12.135, 12.444, 10.997, 9.224, 10.475, 11.305, 10.926, 11.668, 13.202, 13.256, 11.53, 9.346, 9.532, 8.852, 8.071, 6.582, 5.024, 4.728, 4.703, 4.225, 2.656, 2.167, 2.725, 2.812, 3.013, 3.457, 4.14, 4.123, 3.939, 3.933, 4.051, 4.725, 5.574, 5.501, 5.645, 6.032, 8.062, 11.359, 14.106, 10.961, 8.683, 8.699, 7.387, 6.522, 6.284, 6.211, 6.409, 7.926, 8.762, 8.415, 9.255, 8.641, 7.847, 8.433, 7.026, 2.665, 2.831, 3.445, 3.899, 5.153, 7.535, 8.878, 8.293, 6.936, 5.583, 4.617, 3.669, 3.419, 1.804, 1.525, 2.538, 2.864, 2.567, 2.451, 2.338, 3.219, 5.609, 7.731, 8.166, 7.591, 11.657, 14.52, 10.274, 6.359, 6.038, 5.4, 5.106, 3.631, 3.027, 3.229, 4.107, 6.079, 6.655, 6.718, 7.534, 7.752, 7.474, 9.493, 10.01, 9.531, 10.094, 9.787, 8.635, 8.37, 8.47, 8.167, 7.236, 6.652, 7.968, 10.564, 10.6, 9.359, 8.12, 7.622, 7.548, 7.96, 7.727, 7.22, 6.876, 7.531, 7.216, 6.376, 6.266, 6.726, 6.777, 6.738, 6.981, 6.911, 6.44, 6.336, 7.119, 8.414, 9.846, 9.123, 9.128, 10.384, 12.594, 13.616, 13.589, 12.274, 11.737, 12.334, 13.236, 14.314, 11.195, 9.113, 9.189, 8.705, 8.803, 10.582, 13.11, 15.484, 17.268, 17.723, 17.726, 19.15, 20.366, 19.566, 18.565, 17.531, 18.945, 19.837, 17.973, 14.773, 12.164, 12.392, 13.579, 12.417, 11.375, 11.82, 11.558, 12.447], [5.943, 5.933, 5.707, 6.966, 7.406, 5.508, 3.927, 3.342, 3.792, 3.894, 1.872, 0.0, 1.186, 1.389, 1.885, 2.586, 2.791, 4.394, 7.991, 10.588, 8.202, 6.506, 7.44, 9.829, 10.212, 10.027, 10.961, 11.867, 12.744, 13.992, 14.741, 13.458, 11.57, 11.328, 11.324, 10.127, 8.07, 9.165, 10.154, 9.845, 10.202, 11.671, 11.981, 10.016, 7.9, 8.32, 7.776, 6.952, 5.67, 4.12, 3.912, 3.829, 3.274, 2.641, 2.436, 2.312, 2.217, 2.274, 2.739, 3.444, 3.494, 3.389, 3.742, 3.882, 4.865, 5.65, 5.403, 5.269, 6.021, 7.817, 10.651, 12.938, 10.103, 8.122, 8.125, 6.989, 6.274, 6.206, 5.883, 6.118, 7.324, 8.111, 7.527, 7.944, 7.584, 6.764, 7.328, 6.334, 2.511, 3.87, 4.291, 5.141, 6.446, 8.666, 10.089, 9.554, 8.248, 6.758, 5.791, 5.037, 4.626, 3.004, 1.581, 2.176, 2.762, 2.546, 2.625, 2.126, 3.01, 5.075, 6.753, 6.918, 6.507, 10.353, 13.027, 8.836, 6.002, 5.551, 5.516, 5.226, 3.942, 3.305, 3.329, 3.912, 5.494, 6.327, 6.397, 6.658, 6.676, 6.287, 8.228, 8.749, 8.376, 8.428, 8.112, 7.312, 7.224, 7.494, 7.135, 6.305, 5.755, 7.329, 9.869, 10.289, 9.346, 8.259, 7.91, 7.836, 8.153, 7.789, 7.429, 6.952, 7.504, 7.288, 6.253, 5.924, 6.356, 6.082, 6.17, 6.832, 6.815, 6.418, 6.265, 6.648, 7.743, 8.796, 8.359, 8.493, 9.504, 11.759, 12.708, 12.783, 11.66, 10.967, 11.918, 12.26, 12.851, 10.089, 8.736, 8.707, 8.205, 8.333, 9.677, 11.825, 14.432, 15.728, 16.138, 16.375, 17.839, 18.859, 18.023, 16.971, 16.021, 17.382, 18.383, 16.809, 13.552, 10.937, 11.258, 12.158, 10.984, 10.278, 10.585, 10.403, 11.019], [6.283, 6.275, 6.103, 7.448, 7.885, 6.006, 4.441, 3.802, 4.173, 4.338, 2.307, 1.186, 0.0, 0.921, 1.291, 2.117, 2.188, 3.928, 7.49, 10.1, 7.548, 5.818, 6.951, 9.458, 9.731, 9.616, 10.507, 11.332, 12.252, 13.5, 14.262, 12.912, 11.07, 10.784, 10.833, 9.728, 7.566, 8.696, 9.762, 9.389, 9.768, 11.209, 11.42, 9.426, 7.311, 7.891, 7.387, 6.563, 5.203, 3.654, 3.518, 3.438, 2.698, 2.094, 2.167, 2.082, 1.905, 2.045, 2.287, 2.817, 2.914, 3.019, 3.33, 3.479, 4.432, 5.2, 5.041, 4.935, 5.622, 7.455, 10.26, 12.447, 9.519, 7.832, 7.82, 6.61, 5.914, 5.809, 5.533, 5.683, 6.983, 7.757, 7.005, 7.401, 7.139, 6.336, 6.743, 5.778, 2.435, 3.946, 4.508, 5.594, 6.945, 9.175, 10.523, 9.996, 8.717, 7.228, 6.245, 5.405, 5.086, 3.367, 1.858, 2.141, 2.732, 2.172, 2.155, 1.946, 2.754, 4.762, 6.209, 6.396, 6.069, 9.833, 12.466, 8.411, 5.58, 5.109, 5.203, 4.948, 3.608, 3.077, 3.236, 3.694, 5.133, 5.935, 5.883, 6.143, 6.263, 5.878, 7.808, 8.323, 7.942, 8.023, 7.683, 6.802, 6.702, 6.986, 6.701, 5.774, 5.323, 6.865, 9.519, 9.957, 8.974, 8.022, 7.727, 7.643, 7.858, 7.415, 6.891, 6.437, 7.054, 6.836, 5.93, 5.636, 6.037, 5.6, 5.747, 6.428, 6.421, 6.005, 5.813, 6.196, 7.185, 8.293, 7.815, 7.867, 8.839, 11.148, 12.209, 12.205, 11.271, 10.561, 11.567, 11.773, 12.433, 9.576, 8.397, 8.426, 7.883, 8.009, 9.219, 11.366, 13.937, 15.117, 15.741, 15.97, 17.331, 18.354, 17.559, 16.503, 15.498, 16.984, 17.977, 16.262, 13.033, 10.467, 10.696, 11.763, 10.598, 9.852, 10.104, 9.923, 10.633], [5.943, 5.922, 5.704, 7.018, 7.488, 5.607, 4.046, 3.47, 3.756, 3.957, 2.098, 1.389, 0.921, 0.0, 1.145, 2.237, 2.407, 4.18, 7.692, 10.289, 7.793, 6.082, 7.21, 9.642, 9.937, 9.811, 10.721, 11.583, 12.465, 13.682, 14.481, 13.165, 11.296, 11.029, 11.052, 9.911, 7.766, 8.951, 9.941, 9.582, 10.035, 11.478, 11.676, 9.722, 7.665, 8.097, 7.561, 6.76, 5.411, 3.857, 3.758, 3.626, 3.048, 2.398, 2.381, 2.42, 2.19, 2.386, 2.712, 3.054, 3.16, 3.239, 3.57, 3.707, 4.55, 5.365, 5.234, 5.198, 5.793, 7.687, 10.467, 12.671, 9.682, 8.024, 8.026, 6.805, 6.047, 5.978, 5.764, 5.879, 7.204, 7.942, 7.15, 7.646, 7.387, 6.525, 6.987, 6.024, 2.804, 4.258, 4.772, 5.375, 6.575, 8.882, 10.247, 9.696, 8.338, 6.948, 5.975, 5.061, 4.773, 2.981, 1.793, 2.287, 2.805, 2.379, 2.319, 2.181, 3.002, 5.003, 6.457, 6.627, 6.207, 10.04, 12.719, 8.693, 5.65, 5.302, 5.061, 4.767, 3.365, 2.75, 2.989, 3.694, 5.29, 6.133, 6.115, 6.374, 6.462, 6.071, 7.999, 8.528, 8.14, 8.42, 8.057, 7.027, 6.922, 7.174, 6.888, 5.98, 5.508, 7.059, 9.713, 10.19, 9.135, 7.925, 7.57, 7.506, 7.805, 7.522, 6.932, 6.595, 7.256, 7.03, 6.195, 5.894, 6.267, 5.823, 5.946, 6.658, 6.65, 6.214, 5.997, 6.396, 7.394, 8.495, 8.047, 8.091, 9.135, 11.381, 12.394, 12.414, 11.465, 10.75, 11.791, 11.961, 12.692, 9.804, 8.618, 8.645, 8.115, 8.24, 9.433, 11.595, 14.125, 15.451, 16.008, 16.166, 17.504, 18.656, 17.893, 16.827, 15.8, 17.202, 18.209, 16.48, 13.209, 10.705, 10.892, 12.014, 10.819, 10.041, 10.341, 10.087, 10.831], [6.287, 6.246, 6.037, 7.388, 7.825, 5.961, 4.394, 4.184, 4.228, 4.305, 2.33, 1.885, 1.291, 1.145, 0.0, 1.772, 1.961, 3.719, 7.099, 9.645, 7.16, 5.541, 6.752, 9.178, 9.393, 9.306, 10.171, 10.957, 11.973, 13.124, 13.908, 12.518, 10.718, 10.428, 10.528, 9.542, 7.385, 8.56, 9.396, 8.984, 9.693, 11.2, 11.216, 9.445, 7.373, 7.633, 7.018, 6.349, 4.916, 3.45, 3.421, 3.363, 2.775, 2.35, 2.266, 2.419, 2.021, 2.555, 2.413, 2.779, 2.733, 2.891, 3.136, 3.271, 4.099, 4.883, 4.817, 4.815, 5.354, 7.21, 9.948, 12.163, 9.238, 7.572, 7.678, 6.359, 5.574, 5.503, 5.296, 5.413, 6.757, 7.472, 6.739, 7.328, 6.929, 5.966, 6.628, 5.524, 2.723, 4.252, 4.989, 5.807, 7.042, 9.517, 10.821, 10.215, 8.904, 7.559, 6.6, 5.676, 5.399, 3.576, 1.994, 2.155, 2.494, 2.277, 2.159, 2.135, 2.694, 4.589, 6.128, 6.238, 5.822, 9.671, 12.35, 8.564, 5.325, 4.832, 4.612, 4.297, 3.11, 2.6, 2.83, 3.201, 4.819, 5.635, 5.606, 5.841, 5.861, 5.547, 7.532, 8.085, 7.544, 8.124, 7.809, 6.697, 6.473, 6.585, 6.293, 5.412, 5.027, 6.563, 9.24, 9.694, 8.637, 7.373, 7.002, 6.939, 7.258, 6.999, 6.449, 6.126, 6.809, 6.57, 5.779, 5.486, 5.993, 5.542, 5.544, 6.2, 6.197, 5.767, 5.55, 5.94, 6.931, 8.106, 7.557, 7.552, 8.828, 10.833, 11.83, 11.804, 11.032, 10.325, 11.343, 11.35, 12.404, 9.422, 8.164, 8.194, 7.621, 7.752, 9.056, 11.157, 13.502, 15.181, 15.678, 15.686, 17.079, 18.301, 17.587, 16.542, 15.494, 16.903, 17.882, 15.901, 12.793, 10.406, 10.431, 11.57, 10.466, 9.419, 9.906, 9.518, 10.481], [7.324, 7.272, 7.08, 8.326, 8.813, 6.899, 5.353, 5.083, 5.353, 5.337, 3.334, 2.586, 2.117, 2.237, 1.772, 0.0, 1.179, 2.277, 5.931, 8.399, 6.028, 4.321, 5.318, 7.745, 8.057, 7.888, 8.818, 9.785, 10.65, 11.841, 12.589, 11.302, 9.426, 9.182, 9.448, 8.215, 6.239, 7.441, 8.096, 7.796, 8.621, 10.128, 10.218, 8.432, 6.375, 6.528, 5.693, 5.052, 3.571, 2.508, 2.327, 2.178, 2.021, 2.14, 2.331, 1.779, 1.832, 2.387, 2.318, 2.213, 1.953, 1.747, 1.916, 2.037, 2.728, 3.481, 3.329, 3.307, 3.825, 5.63, 8.562, 11.076, 8.069, 6.107, 6.234, 4.835, 4.24, 4.028, 3.878, 3.891, 5.212, 6.028, 5.505, 6.248, 5.8, 4.821, 5.482, 4.2, 2.713, 4.521, 5.498, 6.993, 8.264, 10.739, 12.084, 11.468, 10.101, 8.786, 7.811, 6.869, 6.591, 4.754, 2.513, 1.68, 1.904, 1.85, 1.762, 1.783, 1.686, 3.083, 4.98, 5.2, 4.513, 8.606, 11.432, 7.253, 4.138, 3.772, 3.993, 3.932, 3.055, 2.622, 2.726, 2.38, 3.362, 4.068, 4.099, 4.5, 4.529, 4.414, 6.441, 6.938, 6.414, 7.078, 6.771, 5.645, 5.357, 5.444, 5.077, 4.173, 3.658, 5.132, 7.756, 8.103, 7.131, 6.463, 6.233, 6.155, 6.276, 5.611, 5.135, 4.62, 5.239, 4.994, 4.236, 4.02, 4.619, 4.333, 4.127, 4.619, 4.607, 4.17, 4.014, 4.532, 5.607, 7.057, 6.377, 6.309, 7.656, 9.777, 10.611, 10.635, 9.563, 8.819, 9.782, 10.109, 11.351, 8.358, 6.636, 6.724, 6.063, 6.157, 7.845, 10.045, 12.308, 14.242, 14.616, 14.535, 16.083, 17.304, 16.516, 15.477, 14.436, 15.849, 16.798, 14.853, 11.75, 9.151, 9.329, 10.447, 9.395, 8.291, 8.823, 8.41, 9.426], [6.867, 6.753, 6.665, 7.959, 8.509, 6.583, 5.24, 5.15, 5.019, 5.023, 3.165, 2.791, 2.188, 2.407, 1.961, 1.179, 0.0, 1.97, 6.474, 8.886, 6.51, 4.262, 5.223, 7.782, 8.259, 8.123, 8.867, 10.265, 11.083, 12.03, 12.659, 11.421, 9.644, 9.47, 10.022, 8.62, 6.833, 8.105, 8.762, 8.41, 9.253, 10.756, 10.753, 9.002, 6.928, 7.147, 6.274, 5.69, 4.032, 2.901, 2.572, 2.328, 2.171, 1.841, 2.106, 1.872, 2.186, 3.023, 2.859, 2.457, 2.008, 1.81, 1.846, 1.742, 2.416, 3.211, 3.194, 3.362, 3.748, 5.584, 8.712, 11.645, 8.348, 6.144, 6.411, 4.838, 4.114, 3.887, 3.726, 3.936, 5.241, 6.087, 5.805, 6.873, 6.546, 5.477, 6.082, 4.327, 2.601, 4.105, 5.088, 6.486, 7.957, 10.35, 11.693, 11.11, 9.738, 8.404, 7.402, 6.54, 6.26, 4.483, 2.457, 1.67, 1.793, 1.793, 1.658, 1.709, 1.744, 3.064, 5.302, 5.725, 4.949, 9.193, 11.938, 7.872, 4.186, 3.405, 3.497, 3.502, 2.609, 2.256, 2.218, 2.178, 3.606, 4.188, 3.987, 4.67, 5.033, 5.089, 7.081, 7.615, 7.067, 7.696, 7.367, 6.256, 6.01, 6.016, 5.612, 4.521, 3.849, 5.197, 7.908, 8.174, 6.936, 6.118, 5.85, 5.768, 5.93, 5.386, 4.92, 4.536, 5.161, 4.862, 4.316, 4.197, 4.859, 4.593, 4.299, 4.561, 4.547, 4.104, 3.918, 4.528, 5.955, 7.637, 6.882, 6.709, 8.139, 10.34, 11.097, 10.901, 9.636, 9.037, 9.76, 10.635, 11.956, 8.756, 6.844, 7.034, 6.213, 6.369, 8.256, 10.693, 12.925, 14.713, 15.235, 15.121, 16.601, 17.843, 17.144, 16.099, 15.051, 16.459, 17.427, 15.419, 12.332, 9.782, 9.919, 11.061, 10.023, 8.906, 9.449, 9.012, 10.036], [7.926, 7.776, 7.674, 8.98, 9.515, 7.762, 6.612, 6.679, 6.227, 6.039, 4.435, 4.394, 3.928, 4.18, 3.719, 2.277, 1.97, 0.0, 5.639, 8.005, 5.731, 3.313, 3.738, 6.618, 7.34, 7.143, 7.7, 9.387, 10.245, 11.031, 11.577, 10.384, 8.695, 8.581, 9.24, 7.722, 6.025, 7.298, 7.919, 7.57, 8.474, 9.973, 10.003, 8.22, 6.128, 6.326, 5.427, 4.833, 3.154, 2.495, 2.524, 1.983, 2.479, 2.889, 3.312, 2.662, 3.131, 3.687, 3.426, 2.803, 2.323, 1.814, 1.787, 1.669, 1.968, 2.265, 2.109, 2.364, 2.636, 4.227, 7.71, 10.854, 7.49, 5.03, 5.268, 3.855, 3.327, 2.779, 2.601, 2.853, 4.173, 5.03, 4.989, 6.073, 5.67, 4.628, 5.231, 3.429, 2.981, 4.935, 6.129, 7.499, 9.066, 11.446, 12.741, 12.156, 10.786, 9.481, 8.502, 7.634, 7.351, 5.693, 3.707, 2.521, 2.318, 2.472, 2.459, 2.679, 2.031, 1.987, 4.416, 4.885, 4.195, 8.41, 11.133, 7.089, 3.754, 3.04, 3.316, 3.76, 3.301, 3.189, 2.826, 2.159, 2.997, 3.391, 3.001, 3.723, 4.192, 4.285, 6.295, 6.775, 6.257, 6.908, 6.558, 5.42, 5.134, 5.118, 4.745, 3.67, 3.204, 4.178, 6.914, 6.928, 5.832, 5.274, 5.036, 4.954, 5.027, 4.321, 3.905, 3.444, 3.818, 3.449, 3.013, 2.989, 3.49, 3.6, 3.239, 3.128, 3.033, 2.642, 2.827, 3.461, 4.982, 6.745, 5.875, 5.765, 7.175, 9.414, 10.151, 9.926, 8.522, 8.028, 8.487, 9.747, 11.164, 7.954, 5.762, 5.821, 5.118, 5.297, 7.396, 9.9, 12.079, 13.951, 14.452, 14.336, 15.822, 17.087, 16.366, 15.318, 14.272, 15.672, 16.648, 14.64, 11.554, 8.958, 9.125, 10.282, 9.244, 8.119, 8.641, 8.224, 9.253], [13.059, 12.917, 12.74, 14.037, 14.29, 12.433, 10.967, 10.865, 11.064, 11.031, 9.004, 7.991, 7.49, 7.692, 7.099, 5.931, 6.474, 5.639, 0.0, 2.861, 2.193, 2.929, 2.767, 2.623, 3.163, 3.238, 3.611, 4.238, 5.4, 6.53, 7.328, 5.847, 4.557, 4.067, 4.256, 3.335, 2.418, 2.844, 3.686, 3.608, 3.724, 4.584, 4.675, 3.698, 3.183, 1.403, 1.495, 1.953, 2.738, 4.173, 4.496, 4.676, 5.217, 7.119, 7.245, 6.6, 6.441, 6.746, 5.806, 4.99, 5.185, 5.596, 5.959, 5.991, 5.834, 5.259, 4.728, 4.288, 4.158, 3.537, 3.667, 5.394, 3.21, 1.955, 2.289, 2.692, 4.081, 4.846, 4.673, 3.885, 2.621, 2.214, 1.991, 1.913, 2.333, 1.929, 1.358, 2.388, 7.46, 10.14, 11.138, 12.704, 13.984, 16.465, 17.807, 17.195, 15.823, 14.506, 13.529, 12.594, 12.317, 10.474, 8.178, 6.932, 6.658, 6.74, 7.044, 7.112, 6.373, 4.143, 2.245, 1.503, 2.041, 3.398, 6.083, 3.705, 4.738, 5.086, 5.207, 6.089, 6.262, 6.63, 7.111, 5.432, 3.56, 3.066, 3.315, 2.08, 2.11, 2.399, 1.617, 1.857, 2.142, 2.763, 2.796, 2.529, 2.126, 1.536, 1.642, 2.615, 3.521, 3.197, 3.468, 4.588, 5.399, 6.038, 6.643, 6.489, 5.519, 4.395, 4.49, 3.776, 3.066, 3.452, 3.135, 3.262, 3.089, 2.791, 2.571, 3.381, 4.186, 4.746, 4.474, 3.481, 1.665, 2.006, 1.934, 2.224, 2.958, 4.371, 4.944, 5.084, 4.681, 4.776, 5.421, 4.55, 5.732, 3.207, 3.318, 3.035, 2.988, 3.335, 2.911, 4.419, 6.861, 8.838, 9.145, 9.057, 10.575, 11.788, 10.974, 9.98, 8.962, 10.364, 11.197, 9.329, 6.232, 4.153, 4.143, 4.985, 3.863, 3.399, 3.666, 3.413, 3.893], [15.589, 15.33, 15.159, 16.478, 16.874, 15.005, 13.604, 13.331, 13.719, 13.645, 11.634, 10.588, 10.1, 10.289, 9.645, 8.399, 8.886, 8.005, 2.861, 0.0, 2.662, 5.093, 4.685, 2.504, 2.938, 2.976, 3.005, 3.345, 4.936, 5.446, 6.197, 5.043, 4.127, 3.827, 3.761, 2.76, 3.045, 2.962, 3.291, 3.219, 3.249, 2.855, 2.457, 3.053, 3.793, 2.553, 2.948, 3.841, 5.223, 6.847, 7.157, 7.328, 7.832, 9.739, 9.94, 9.196, 8.987, 9.191, 8.566, 7.604, 7.748, 8.184, 8.387, 8.432, 8.284, 7.707, 7.352, 6.992, 6.772, 4.904, 3.381, 4.295, 4.2, 3.784, 3.64, 4.641, 5.917, 6.812, 6.726, 5.968, 4.186, 3.337, 3.712, 3.154, 3.629, 3.971, 3.479, 4.807, 9.934, 12.672, 13.723, 15.342, 16.628, 19.117, 20.453, 19.833, 18.47, 17.153, 16.181, 15.247, 14.969, 13.109, 10.829, 9.465, 9.172, 9.321, 9.718, 9.827, 8.98, 6.737, 4.334, 3.882, 4.366, 3.012, 4.275, 3.499, 6.047, 6.371, 6.86, 8.18, 8.808, 9.299, 9.636, 7.9, 5.624, 5.214, 5.338, 4.439, 4.11, 4.573, 2.724, 2.439, 2.793, 3.116, 3.758, 3.79, 3.651, 3.299, 3.716, 4.566, 5.249, 4.151, 3.357, 4.31, 5.172, 6.867, 8.258, 7.714, 6.357, 5.797, 5.786, 5.805, 5.302, 5.586, 5.793, 5.925, 5.872, 5.266, 5.291, 5.73, 6.415, 7.021, 6.83, 5.654, 3.716, 3.158, 3.499, 3.76, 3.63, 3.869, 3.749, 4.045, 4.212, 4.521, 5.103, 3.578, 3.79, 3.08, 3.558, 3.386, 3.603, 3.531, 2.76, 3.372, 5.163, 7.151, 6.834, 7.132, 8.382, 9.322, 8.56, 7.567, 6.602, 7.939, 8.828, 6.883, 4.884, 3.554, 3.406, 3.891, 3.145, 3.255, 3.324, 2.735, 2.596], [13.073, 13.045, 12.902, 14.225, 14.657, 12.765, 11.243, 10.871, 11.278, 11.247, 9.219, 8.202, 7.548, 7.793, 7.16, 6.028, 6.51, 5.731, 2.193, 2.662, 0.0, 2.95, 3.037, 3.289, 3.941, 4.094, 4.267, 4.578, 6.124, 6.721, 7.504, 6.242, 5.204, 4.84, 4.729, 3.675, 2.361, 3.272, 4.262, 3.974, 4.217, 4.393, 4.322, 3.878, 3.119, 1.749, 1.855, 2.269, 2.991, 4.427, 4.731, 4.885, 5.313, 7.226, 7.622, 6.932, 6.66, 6.947, 6.266, 5.173, 5.415, 5.833, 6.264, 6.259, 6.113, 5.471, 5.074, 4.625, 4.523, 4.017, 4.359, 5.58, 4.433, 3.272, 3.356, 3.124, 4.048, 4.809, 4.704, 3.876, 3.23, 2.723, 2.096, 2.827, 3.402, 2.729, 2.583, 2.634, 7.541, 10.184, 11.269, 12.837, 14.155, 16.606, 17.904, 17.313, 16.002, 14.645, 13.635, 12.751, 12.461, 10.604, 8.394, 7.081, 6.871, 6.979, 7.287, 7.412, 6.756, 4.534, 2.845, 2.309, 2.711, 3.912, 5.853, 4.089, 4.038, 4.299, 4.708, 5.733, 6.329, 7.005, 7.512, 5.642, 3.691, 3.425, 3.498, 2.963, 2.761, 2.87, 2.046, 2.081, 2.204, 2.948, 3.091, 2.31, 2.023, 1.684, 2.247, 2.826, 3.241, 2.656, 4.094, 5.336, 6.001, 5.903, 6.465, 6.156, 5.61, 4.781, 4.725, 4.082, 4.055, 4.462, 3.79, 3.743, 3.606, 3.207, 3.513, 4.233, 4.851, 5.329, 5.355, 4.399, 3.362, 3.069, 3.58, 3.918, 4.091, 4.853, 5.344, 5.299, 5.409, 5.597, 6.313, 4.923, 5.63, 3.801, 3.955, 3.856, 3.477, 3.791, 3.588, 4.668, 6.818, 8.439, 8.894, 8.857, 10.368, 11.437, 10.743, 9.75, 8.718, 10.125, 11.011, 8.999, 6.282, 4.604, 4.434, 5.059, 4.218, 3.9, 4.338, 3.775, 3.946], [10.713, 10.406, 10.338, 11.722, 12.137, 10.387, 9.185, 9.242, 9.038, 8.805, 7.032, 6.506, 5.818, 6.082, 5.541, 4.321, 4.262, 3.313, 2.929, 5.093, 2.95, 0.0, 1.79, 3.868, 4.668, 4.522, 4.955, 6.514, 7.438, 8.353, 8.808, 7.542, 5.981, 5.789, 6.492, 5.219, 3.522, 4.647, 5.41, 5.411, 5.814, 7.266, 7.212, 5.698, 4.321, 3.537, 2.686, 2.515, 1.722, 2.511, 2.695, 2.773, 3.439, 4.827, 5.313, 4.59, 4.883, 5.379, 4.44, 3.36, 3.226, 3.418, 3.495, 3.496, 3.407, 3.107, 3.004, 2.398, 2.495, 3.239, 4.968, 8.067, 4.878, 2.854, 3.514, 2.687, 2.806, 2.735, 2.697, 2.373, 2.858, 2.865, 2.579, 3.768, 4.193, 2.805, 2.804, 1.484, 4.938, 7.651, 8.736, 10.349, 11.974, 14.324, 15.608, 15.028, 13.691, 12.326, 11.317, 10.469, 10.164, 8.496, 6.412, 4.955, 4.439, 4.606, 5.023, 5.012, 4.12, 2.21, 2.622, 2.46, 2.575, 5.701, 8.541, 5.016, 4.128, 3.181, 3.877, 4.363, 4.338, 4.68, 4.797, 3.377, 2.754, 2.771, 2.146, 2.074, 2.357, 2.887, 3.699, 3.988, 3.705, 4.39, 4.114, 2.871, 2.574, 2.39, 2.317, 2.154, 2.97, 2.519, 4.443, 5.499, 5.657, 5.454, 5.576, 5.334, 5.028, 4.115, 4.069, 2.977, 2.873, 3.071, 2.248, 2.144, 2.25, 2.28, 1.795, 2.213, 2.903, 3.025, 3.068, 2.606, 2.763, 4.433, 3.774, 3.699, 4.734, 6.752, 7.42, 7.152, 5.985, 6.077, 6.543, 6.98, 8.388, 5.235, 4.115, 4.093, 3.58, 4.041, 4.774, 7.15, 9.368, 11.237, 11.772, 11.627, 13.113, 14.329, 13.634, 12.634, 11.592, 13.004, 13.905, 11.878, 8.79, 6.241, 6.423, 7.557, 6.494, 5.371, 5.946, 5.617, 6.546], [11.386, 11.117, 11.029, 12.434, 12.852, 11.166, 10.012, 10.158, 9.762, 9.516, 7.815, 7.44, 6.951, 7.21, 6.752, 5.318, 5.223, 3.738, 2.767, 4.685, 3.037, 1.79, 0.0, 3.11, 4.099, 3.817, 4.336, 6.111, 6.972, 7.845, 8.312, 7.021, 5.409, 5.3, 6.072, 4.568, 3.224, 4.174, 4.892, 4.863, 5.448, 6.851, 6.794, 5.232, 3.871, 3.147, 2.522, 2.168, 2.312, 3.695, 3.931, 3.757, 4.374, 5.501, 6.005, 5.479, 6.11, 6.48, 5.75, 4.674, 4.475, 4.33, 4.166, 4.05, 3.914, 3.367, 3.094, 2.755, 2.487, 1.955, 4.409, 7.653, 4.603, 1.923, 2.34, 1.707, 2.235, 2.556, 2.504, 2.067, 1.682, 1.858, 2.189, 3.806, 4.47, 3.183, 2.539, 1.918, 5.875, 8.346, 9.419, 10.946, 12.69, 14.974, 16.235, 15.654, 14.361, 13.004, 11.972, 11.145, 10.865, 9.223, 7.194, 5.859, 5.382, 5.501, 5.754, 5.88, 4.865, 2.634, 2.003, 2.357, 1.937, 5.3, 8.134, 4.301, 3.675, 3.18, 3.436, 4.404, 4.853, 5.553, 5.404, 3.979, 2.324, 1.978, 1.559, 1.674, 2.101, 2.872, 3.505, 3.73, 3.872, 4.516, 4.512, 3.456, 2.783, 2.277, 2.058, 2.064, 2.747, 2.166, 3.688, 4.018, 4.175, 4.1, 4.58, 4.403, 3.653, 2.656, 2.79, 1.859, 1.617, 1.841, 2.22, 2.368, 2.197, 2.841, 2.144, 1.583, 2.108, 2.628, 2.685, 1.947, 2.317, 4.301, 3.428, 3.274, 4.238, 6.351, 7.004, 6.718, 5.268, 5.024, 5.415, 6.55, 7.99, 4.792, 2.935, 2.677, 2.258, 2.883, 4.193, 6.733, 8.969, 10.83, 11.357, 11.211, 12.698, 13.913, 13.219, 12.218, 11.177, 12.588, 13.489, 11.462, 8.375, 5.758, 5.987, 7.141, 6.073, 4.957, 5.506, 5.163, 6.135], [14.177, 13.916, 13.769, 15.076, 15.347, 13.662, 12.526, 12.732, 12.466, 12.202, 10.427, 9.829, 9.458, 9.642, 9.178, 7.745, 7.782, 6.618, 2.623, 2.504, 3.289, 3.868, 3.11, 0.0, 2.045, 1.884, 1.995, 3.189, 4.14, 5.124, 5.488, 4.349, 3.428, 3.125, 3.439, 2.167, 2.859, 3.236, 3.148, 3.37, 3.706, 4.214, 4.141, 4.065, 3.972, 2.694, 2.799, 3.298, 4.367, 5.907, 6.112, 6.174, 6.937, 8.218, 8.485, 7.85, 8.426, 8.841, 7.861, 6.879, 6.741, 6.76, 6.672, 6.665, 6.499, 5.972, 5.58, 5.217, 4.955, 3.292, 2.205, 4.73, 3.223, 2.066, 2.242, 3.256, 4.175, 4.958, 4.86, 4.241, 2.847, 1.985, 2.734, 3.446, 4.248, 4.366, 3.034, 3.769, 8.461, 11.116, 12.164, 13.691, 15.428, 17.761, 18.941, 18.352, 17.08, 15.727, 14.656, 13.857, 13.579, 11.984, 9.788, 8.429, 7.865, 8.122, 8.386, 8.308, 7.313, 5.039, 3.411, 3.587, 3.687, 3.153, 5.822, 3.245, 4.794, 4.801, 5.411, 6.696, 7.374, 7.759, 7.864, 6.438, 4.678, 3.926, 3.913, 3.398, 3.887, 4.593, 3.369, 3.484, 4.04, 4.705, 4.743, 4.785, 4.183, 3.137, 3.435, 3.886, 4.291, 2.924, 2.244, 2.763, 3.648, 5.053, 6.334, 5.969, 4.539, 3.928, 4.174, 4.068, 3.546, 3.79, 4.386, 4.723, 4.292, 4.503, 3.9, 3.954, 4.544, 5.145, 5.03, 4.006, 2.738, 3.518, 2.911, 2.936, 2.948, 4.091, 4.494, 4.195, 2.986, 3.624, 3.787, 4.153, 5.375, 2.779, 2.337, 2.283, 2.335, 2.729, 1.996, 4.006, 6.217, 8.201, 8.602, 8.454, 10.001, 11.227, 10.417, 9.424, 8.406, 9.808, 10.641, 8.778, 5.673, 3.292, 3.385, 4.463, 3.545, 3.479, 3.47, 3.044, 3.614], [14.995, 14.753, 14.614, 15.889, 16.269, 14.333, 13.059, 13.109, 13.109, 13.027, 11.083, 10.212, 9.731, 9.937, 9.393, 8.057, 8.259, 7.34, 3.163, 2.938, 3.941, 4.668, 4.099, 2.045, 0.0, 0.932, 1.368, 2.234, 3.009, 3.978, 4.699, 3.39, 2.002, 1.691, 2.131, 1.747, 2.445, 2.212, 1.613, 2.008, 2.415, 3.303, 3.354, 3.047, 3.786, 3.245, 3.131, 3.613, 4.765, 6.288, 6.598, 6.75, 7.332, 9.136, 9.258, 8.508, 8.643, 9.129, 8.195, 7.159, 7.115, 7.428, 7.783, 7.667, 7.558, 6.997, 6.608, 6.218, 5.978, 4.142, 1.329, 3.627, 3.626, 3.277, 2.802, 3.919, 5.289, 6.093, 5.981, 5.206, 3.331, 2.68, 3.044, 4.044, 5.057, 4.716, 3.372, 4.376, 9.271, 12.008, 13.089, 14.703, 16.104, 18.523, 19.873, 19.282, 17.891, 16.586, 15.583, 14.674, 14.406, 12.612, 10.333, 8.883, 8.491, 8.784, 9.14, 9.136, 8.226, 5.931, 3.745, 3.823, 3.944, 2.819, 5.215, 2.549, 5.085, 5.528, 6.183, 7.563, 8.255, 8.609, 8.963, 7.241, 5.313, 4.567, 4.789, 3.791, 4.222, 4.834, 3.902, 4.241, 4.697, 5.181, 5.315, 5.125, 4.439, 3.443, 3.744, 4.291, 4.673, 3.379, 1.329, 2.076, 3.812, 6.014, 7.518, 7.006, 5.435, 5.029, 5.016, 5.065, 4.528, 4.904, 5.177, 5.284, 5.246, 5.038, 4.604, 5.088, 5.73, 6.336, 6.134, 4.972, 3.003, 4.228, 3.086, 2.761, 2.658, 3.35, 3.831, 3.603, 2.693, 2.63, 3.277, 3.44, 4.54, 1.893, 2.448, 2.386, 2.785, 2.819, 1.735, 3.088, 5.147, 7.119, 7.489, 7.25, 8.798, 10.027, 9.213, 8.22, 7.206, 8.622, 9.437, 7.642, 4.742, 2.368, 2.458, 3.564, 2.475, 2.437, 2.284, 2.194, 2.738], [14.675, 14.426, 14.252, 15.537, 15.776, 14.04, 12.821, 12.939, 12.853, 12.675, 10.761, 10.027, 9.616, 9.811, 9.306, 7.888, 8.123, 7.143, 3.238, 2.976, 4.094, 4.522, 3.817, 1.884, 0.932, 0.0, 1.316, 2.39, 3.231, 4.493, 5.019, 3.731, 2.111, 2.005, 2.521, 1.797, 2.579, 2.22, 1.887, 2.185, 2.763, 3.663, 3.632, 3.159, 3.787, 3.399, 3.3, 3.511, 4.558, 6.062, 6.398, 6.422, 7.109, 8.782, 8.88, 8.187, 8.582, 9.012, 8.047, 7.079, 6.993, 7.118, 7.351, 7.413, 7.249, 6.711, 6.283, 5.906, 5.687, 3.794, 1.471, 4.017, 3.822, 2.971, 2.453, 3.69, 4.82, 5.708, 5.63, 4.84, 3.227, 2.272, 2.883, 4.192, 5.136, 4.888, 3.436, 4.24, 8.991, 11.725, 12.764, 14.354, 15.812, 18.218, 19.495, 18.897, 17.56, 16.207, 15.218, 14.318, 14.018, 12.335, 10.105, 8.713, 8.215, 8.399, 8.799, 8.806, 7.911, 5.638, 3.561, 3.956, 3.859, 3.239, 5.68, 2.653, 4.774, 5.303, 5.959, 7.204, 7.852, 8.164, 8.513, 6.941, 5.044, 4.178, 4.462, 3.719, 4.093, 4.709, 4.037, 4.295, 4.841, 5.349, 5.511, 5.333, 4.464, 3.529, 3.638, 4.093, 4.543, 3.172, 1.394, 1.902, 3.443, 5.675, 7.123, 6.595, 5.031, 4.675, 4.796, 4.82, 4.236, 4.574, 4.763, 5.058, 4.908, 5.044, 4.447, 4.654, 5.336, 5.942, 5.748, 4.619, 2.872, 4.348, 2.991, 2.741, 2.856, 3.779, 4.256, 4.063, 2.866, 2.728, 3.317, 3.948, 5.031, 2.17, 2.105, 2.055, 2.326, 2.341, 1.759, 3.574, 5.601, 7.572, 7.917, 7.661, 9.201, 10.43, 9.616, 8.627, 7.618, 9.035, 9.84, 8.049, 5.195, 2.756, 2.864, 3.992, 2.952, 2.761, 2.673, 2.497, 3.177], [15.465, 15.167, 15.018, 16.349, 16.732, 14.871, 13.716, 13.873, 13.69, 13.477, 11.643, 10.961, 10.507, 10.721, 10.171, 8.818, 8.867, 7.7, 3.611, 3.005, 4.267, 4.955, 4.336, 1.995, 1.368, 1.316, 0.0, 1.947, 2.878, 3.601, 4.111, 2.873, 2.27, 1.981, 2.155, 1.624, 3.154, 2.624, 2.294, 2.369, 2.835, 3.358, 3.134, 3.218, 4.473, 3.611, 3.733, 4.298, 5.502, 6.983, 7.223, 7.291, 8.039, 9.596, 9.768, 9.043, 9.391, 9.922, 8.897, 7.937, 7.738, 7.871, 8.092, 7.951, 7.884, 7.335, 6.993, 6.628, 6.362, 4.401, 1.413, 3.486, 3.934, 3.298, 3.276, 4.398, 5.597, 6.27, 6.201, 5.533, 3.79, 3.02, 3.598, 4.24, 5.252, 5.356, 4.042, 4.893, 9.646, 12.376, 13.48, 15.11, 16.693, 19.069, 20.379, 19.799, 18.416, 17.096, 16.088, 15.207, 14.923, 13.224, 11.001, 9.558, 8.984, 9.324, 9.682, 9.621, 8.645, 6.259, 4.426, 4.519, 4.729, 3.095, 5.314, 3.369, 5.658, 5.798, 6.682, 7.996, 8.755, 9.028, 9.263, 7.754, 5.902, 5.105, 5.178, 4.392, 4.957, 5.517, 4.255, 4.358, 4.899, 5.553, 5.718, 5.76, 5.091, 4.07, 4.467, 4.977, 5.353, 3.774, 1.488, 2.439, 3.978, 6.213, 7.691, 7.196, 5.608, 5.203, 5.357, 5.485, 4.86, 5.184, 5.69, 5.909, 5.714, 5.568, 5.105, 5.312, 5.906, 6.534, 6.321, 5.203, 3.657, 4.228, 3.559, 3.604, 3.349, 3.403, 3.736, 3.439, 2.422, 2.957, 3.094, 3.405, 4.509, 2.18, 2.841, 2.811, 3.175, 3.131, 1.792, 3.129, 5.073, 7.045, 7.39, 7.076, 8.624, 9.853, 9.039, 8.05, 7.037, 8.454, 9.276, 7.502, 4.671, 2.412, 2.429, 3.452, 2.73, 2.725, 2.748, 2.205, 2.756], [16.862, 16.675, 16.485