[[0.0, 3.022, 3.039, 8.532, 13.181, 10.943, 9.805, 11.113, 8.81, 7.712, 8.104, 7.408, 6.976, 7.043, 7.219, 7.279, 8.285, 8.76, 9.105, 9.141, 10.122, 11.259, 10.051, 8.755, 9.838, 10.001, 9.366, 10.324, 9.676, 8.555, 8.837, 8.367, 10.298, 13.08, 15.704, 14.499, 9.504, 9.273, 9.313, 5.335, 3.208, 3.08, 3.848, 4.545, 5.915, 6.039, 5.061, 4.69, 6.095, 6.023, 7.454, 8.383], [3.022, 0.0, 1.203, 7.449, 13.821, 11.444, 9.394, 9.484, 6.706, 5.449, 5.669, 5.413, 4.723, 4.762, 4.863, 5.001, 6.093, 7.365, 7.606, 7.723, 9.423, 10.457, 8.731, 7.681, 9.147, 9.639, 8.68, 10.235, 10.625, 8.908, 9.117, 9.447, 11.808, 14.744, 17.284, 16.174, 10.632, 8.899, 8.223, 5.307, 2.92, 2.061, 2.588, 3.227, 4.367, 4.493, 3.669, 3.062, 4.308, 4.152, 5.793, 6.743], [3.039, 1.203, 0.0, 6.931, 13.166, 10.782, 8.706, 8.882, 6.159, 4.922, 5.474, 5.01, 4.453, 4.412, 4.415, 4.469, 5.637, 6.778, 6.942, 7.058, 8.783, 9.801, 8.04, 6.998, 8.461, 8.959, 8.122, 9.647, 9.95, 8.234, 8.425, 8.792, 11.134, 14.07, 16.612, 15.501, 9.961, 8.257, 7.512, 4.621, 2.304, 1.653, 2.443, 3.623, 5.019, 5.118, 4.208, 3.709, 4.949, 4.702, 6.463, 7.412], [8.532, 7.449, 6.931, 0.0, 6.547, 4.186, 2.212, 2.743, 2.239, 3.962, 7.259, 7.786, 7.738, 6.416, 4.35, 4.087, 2.592, 1.178, 1.278, 1.866, 2.24, 3.391, 2.306, 1.716, 2.376, 2.628, 3.027, 4.561, 3.821, 2.704, 2.448, 3.339, 5.211, 7.744, 9.879, 8.827, 3.409, 1.785, 1.999, 3.299, 5.971, 7.65, 9.016, 10.27, 11.684, 11.807, 10.976, 10.418, 11.668, 11.403, 13.162, 14.113], [13.181, 13.821, 13.166, 6.547, 0.0, 2.474, 4.639, 4.694, 7.867, 10.038, 13.677, 14.215, 14.156, 12.807, 10.55, 10.222, 8.281, 6.575, 6.336, 6.268, 4.736, 3.596, 5.25, 6.412, 5.005, 4.625, 5.792, 5.761, 5.252, 5.95, 6.316, 6.05, 5.174, 4.654, 5.293, 4.39, 3.986, 5.152, 5.895, 8.927, 11.932, 14.03, 15.297, 16.712, 18.155, 18.26, 17.208, 16.767, 18.033, 17.772, 19.527, 20.477], [10.943, 11.444, 10.782, 4.186, 2.474, 0.0, 2.391, 2.69, 5.619, 7.802, 11.342, 11.874, 11.836, 10.471, 8.259, 7.972, 5.932, 4.247, 3.976, 3.935, 2.477, 2.224, 3.09, 4.242, 2.946, 2.59, 3.667, 4.014, 3.368, 3.783, 3.985, 3.739, 3.575, 4.578, 6.409, 5.19, 2.015, 2.98, 3.709, 6.563, 9.581, 11.688, 12.928, 14.336, 15.785, 15.886, 14.87, 14.416, 15.668, 15.402, 17.162, 18.117], [9.805, 9.394, 8.706, 2.212, 4.639, 2.391, 0.0, 1.532, 3.452, 5.616, 9.291, 9.755, 9.742, 8.36, 6.136, 5.798, 3.86, 2.176, 2.193, 1.982, 1.236, 1.888, 1.525, 2.057, 1.073, 1.528, 2.202, 3.249, 2.293, 1.997, 1.993, 2.814, 4.275, 5.99, 8.102, 6.994, 2.095, 1.31, 2.008, 4.627, 7.475, 9.561, 10.807, 12.248, 13.716, 13.815, 12.79, 12.341, 13.607, 13.322, 15.105, 16.057], [11.113, 9.484, 8.882, 2.743, 4.694, 2.69, 1.532, 0.0, 3.489, 5.686, 9.131, 9.79, 9.618, 8.406, 6.152, 5.896, 3.812, 2.455, 2.231, 2.245, 1.519, 1.643, 1.406, 2.467, 1.43, 1.64, 2.677, 3.367, 2.867, 2.813, 3.13, 4.217, 5.25, 6.679, 8.42, 7.532, 3.161, 2.169, 2.243, 5.834, 8.249, 9.698, 11.024, 12.267, 13.572, 13.674, 12.771, 12.175, 13.388, 13.151, 14.903, 15.861], [8.81, 6.706, 6.159, 2.239, 7.867, 5.619, 3.452, 3.489, 0.0, 2.332, 5.91, 6.404, 6.37, 5.041, 2.807, 2.575, 1.297, 1.926, 2.122, 2.281, 3.742, 4.497, 2.819, 1.7, 3.12, 3.67, 2.675, 4.235, 4.625, 3.253, 3.662, 4.74, 6.664, 9.164, 11.295, 10.272, 4.711, 3.086, 2.227, 4.204, 5.652, 6.398, 7.604, 8.943, 10.373, 10.483, 9.525, 9.089, 10.28, 10.008, 11.778, 12.733], [7.712, 5.449, 4.922, 3.962, 10.038, 7.802, 5.616, 5.686, 2.332, 0.0, 3.763, 4.215, 4.204, 2.85, 1.162, 0.978, 2.686, 3.853, 4.095, 4.423, 5.791, 6.637, 5.032, 3.764, 5.239, 5.795, 4.75, 6.307, 6.701, 5.038, 5.592, 6.587, 8.555, 11.194, 13.371, 12.304, 6.804, 5.24, 4.301, 4.087, 4.682, 4.931, 5.391, 6.868, 8.248, 8.342, 7.531, 7.176, 8.197, 7.905, 9.691, 10.641], [8.104, 5.669, 5.474, 7.259, 13.677, 11.342, 9.291, 9.131, 5.91, 3.763, 0.0, 1.581, 1.795, 2.358, 3.666, 3.852, 5.812, 7.266, 7.492, 7.655, 9.135, 10.247, 8.617, 7.489, 8.905, 9.504, 8.42, 9.936, 10.379, 8.657, 9.011, 9.898, 11.957, 14.618, 16.99, 15.915, 10.433, 8.854, 7.911, 6.793, 6.321, 5.468, 4.445, 5.621, 6.173, 6.153, 6.251, 5.713, 5.47, 4.918, 6.475, 7.445], [7.408, 5.413, 5.01, 7.786, 14.215, 11.874, 9.755, 9.79, 6.404, 4.215, 1.581, 0.0, 1.392, 2.041, 4.022, 4.116, 6.185, 7.824, 8.031, 8.122, 9.505, 10.701, 9.172, 7.927, 9.352, 9.983, 8.841, 10.241, 10.815, 9.0, 9.148, 9.98, 12.214, 14.788, 17.32, 16.158, 10.893, 9.386, 8.369, 6.388, 5.412, 4.671, 3.855, 5.314, 6.169, 6.153, 6.09, 5.716, 5.453, 4.93, 6.458, 7.489], [6.976, 4.723, 4.453, 7.738, 14.156, 11.836, 9.742, 9.618, 6.37, 4.204, 1.795, 1.392, 0.0, 1.595, 3.608, 3.974, 6.066, 7.716, 7.959, 7.958, 9.517, 10.688, 9.098, 7.953, 9.351, 9.985, 8.871, 10.228, 10.845, 9.011, 9.074, 9.745, 12.028, 14.719, 17.326, 16.144, 10.91, 9.335, 8.386, 5.693, 4.976, 4.137, 3.435, 4.716, 5.382, 5.356, 5.404, 4.955, 4.748, 4.376, 5.954, 6.992], [7.043, 4.762, 4.412, 6.416, 12.807, 10.471, 8.36, 8.406, 5.041, 2.85, 2.358, 2.041, 1.595, 0.0, 2.41, 2.632, 4.769, 6.438, 6.681, 6.75, 8.178, 9.379, 7.797, 6.553, 7.988, 8.588, 7.496, 9.009, 9.455, 7.727, 7.809, 8.516, 10.756, 13.521, 15.935, 14.925, 9.51, 7.977, 7.003, 4.644, 4.49, 4.142, 3.486, 4.969, 5.977, 6.035, 5.829, 5.48, 5.733, 5.44, 7.149, 8.11], [7.219, 4.863, 4.415, 4.35, 10.55, 8.259, 6.136, 6.152, 2.807, 1.162, 3.666, 4.022, 3.608, 2.41, 0.0, 0.754, 2.659, 4.196, 4.408, 4.572, 6.181, 7.138, 5.492, 4.358, 5.777, 6.379, 5.342, 6.88, 7.278, 5.556, 5.824, 6.561, 8.683, 11.485, 13.934, 12.824, 7.33, 5.738, 4.828, 3.517, 4.139, 4.519, 4.976, 6.354, 7.703, 7.815, 6.909, 6.59, 7.621, 7.39, 9.122, 10.066], [7.279, 5.001, 4.469, 4.087, 10.222, 7.972, 5.798, 5.896, 2.575, 0.978, 3.852, 4.116, 3.974, 2.632, 0.754, 0.0, 2.446, 3.979, 4.212, 4.458, 5.959, 6.86, 5.228, 3.992, 5.439, 6.011, 4.98, 6.537, 6.93, 5.237, 5.62, 6.486, 8.534, 11.267, 13.621, 12.544, 7.056, 5.472, 4.562, 3.458, 4.156, 4.587, 5.218, 6.594, 8.012, 8.124, 7.262, 6.878, 7.968, 7.678, 9.463, 10.412], [8.285, 6.093, 5.637, 2.592, 8.281, 5.932, 3.86, 3.812, 1.297, 2.686, 5.812, 6.185, 6.066, 4.769, 2.659, 2.446, 0.0, 1.864, 2.138, 2.481, 4.031, 4.982, 3.095, 2.102, 3.649, 4.138, 3.244, 4.827, 5.158, 3.442, 3.822, 4.702, 6.788, 9.445, 11.826, 10.72, 5.113, 3.372, 2.659, 3.661, 5.153, 6.114, 7.398, 8.606, 9.933, 10.028, 9.156, 8.561, 9.766, 9.522, 11.272, 12.231], [8.76, 7.365, 6.778, 1.178, 6.575, 4.247, 2.176, 2.455, 1.926, 3.853, 7.266, 7.824, 7.716, 6.438, 4.196, 3.979, 1.864, 0.0, 0.816, 1.56, 2.467, 3.315, 1.843, 1.151, 2.133, 2.629, 2.61, 4.143, 3.691, 2.55, 2.666, 3.678, 5.543, 7.898, 10.179, 9.026, 3.463, 1.685, 1.603, 3.558, 6.055, 7.676, 9.041, 10.276, 11.635, 11.731, 10.777, 10.211, 11.463, 11.201, 12.978, 13.937], [9.105, 7.606, 6.942, 1.278, 6.336, 3.976, 2.193, 2.231, 2.122, 4.095, 7.492, 8.031, 7.959, 6.681, 4.408, 4.212, 2.138, 0.816, 0.0, 1.269, 2.247, 3.108, 1.582, 1.292, 1.904, 2.356, 2.354, 3.931, 3.591, 2.596, 2.659, 3.745, 5.574, 7.912, 10.047, 8.871, 3.498, 1.613, 1.217, 3.886, 6.233, 7.88, 9.198, 10.49, 11.864, 11.953, 10.981, 10.451, 11.699, 11.443, 13.202, 14.159], [9.141, 7.723, 7.058, 1.866, 6.268, 3.935, 1.982, 2.245, 2.281, 4.423, 7.655, 8.122, 7.958, 6.75, 4.572, 4.458, 2.481, 1.56, 1.269, 0.0, 2.094, 3.115, 1.297, 1.584, 1.76, 2.346, 2.051, 3.574, 3.172, 2.285, 2.275, 3.281, 5.078, 7.442, 9.749, 8.656, 3.276, 1.841, 1.223, 4.2, 6.146, 7.863, 9.156, 10.539, 11.936, 12.024, 11.004, 10.559, 11.816, 11.576, 13.313, 14.262], [10.122, 9.423, 8.783, 2.24, 4.736, 2.477, 1.236, 1.519, 3.742, 5.791, 9.135, 9.505, 9.517, 8.178, 6.181, 5.959, 4.031, 2.467, 2.247, 2.094, 0.0, 1.826, 1.766, 2.629, 1.446, 1.82, 2.61, 3.589, 2.817, 2.728, 2.357, 2.952, 4.237, 6.04, 8.122, 7.063, 2.376, 1.866, 2.153, 5.2, 7.698, 9.341, 10.703, 12.143, 13.604, 13.703, 12.859, 12.35, 13.599, 13.31, 15.1, 16.044], [11.259, 10.457, 9.801, 3.391, 3.596, 2.224, 1.888, 1.643, 4.497, 6.637, 10.247, 10.701, 10.688, 9.379, 7.138, 6.86, 4.982, 3.315, 3.108, 3.115, 1.826, 0.0, 2.233, 3.247, 1.9, 2.152, 2.994, 3.033, 3.035, 3.251, 3.456, 4.382, 5.313, 6.323, 7.802, 6.438, 3.442, 2.693, 2.77, 6.171, 8.822, 10.553, 11.858, 13.322, 14.756, 14.864, 13.923, 13.446, 14.699, 14.44, 16.206, 17.155], [10.051, 8.731, 8.04, 2.306, 5.25, 3.09, 1.525, 1.406, 2.819, 5.032, 8.617, 9.172, 9.098, 7.797, 5.492, 5.228, 3.095, 1.843, 1.582, 1.297, 1.766, 2.233, 0.0, 1.757, 1.258, 1.643, 1.782, 2.968, 2.581, 2.083, 2.386, 3.612, 5.122, 7.074, 8.915, 7.945, 2.839, 1.606, 1.329, 4.833, 7.163, 9.024, 10.333, 11.63, 13.004, 13.11, 12.113, 11.589, 12.828, 12.571, 14.347, 15.306], [8.755, 7.681, 6.998, 1.716, 6.412, 4.242, 2.057, 2.467, 1.7, 3.764, 7.489, 7.927, 7.953, 6.553, 4.358, 3.992, 2.102, 1.151, 1.292, 1.584, 2.629, 3.247, 1.757, 0.0, 1.721, 2.171, 1.772, 3.275, 3.094, 2.001, 2.478, 3.545, 5.395, 7.897, 9.843, 8.874, 3.244, 1.758, 1.259, 3.918, 5.914, 7.734, 8.995, 10.488, 11.957, 12.055, 11.045, 10.554, 11.822, 11.536, 13.316, 14.27], [9.838, 9.147, 8.461, 2.376, 5.005, 2.946, 1.073, 1.43, 3.12, 5.239, 8.905, 9.352, 9.351, 7.988, 5.777, 5.439, 3.649, 2.133, 1.904, 1.76, 1.446, 1.9, 1.258, 1.721, 0.0, 1.175, 1.815, 2.842, 2.123, 1.792, 2.125, 3.163, 4.606, 6.665, 8.42, 7.527, 2.356, 1.509, 1.394, 4.813, 7.187, 9.15, 10.408, 11.979, 13.442, 13.541, 12.563, 12.117, 13.386, 13.094, 14.886, 15.831], [10.001, 9.639, 8.959, 2.628, 4.625, 2.59, 1.528, 1.64, 3.67, 5.795, 9.504, 9.983, 9.985, 8.588, 6.379, 6.011, 4.138, 2.629, 2.356, 2.346, 1.82, 2.152, 1.643, 2.171, 1.175, 0.0, 2.258, 3.141, 2.423, 2.052, 2.252, 2.996, 3.976, 6.292, 7.997, 7.154, 2.047, 1.689, 1.983, 4.826, 7.604, 9.763, 11.002, 12.496, 13.967, 14.066, 13.051, 12.617, 13.883, 13.593, 15.381, 16.337], [9.366, 8.68, 8.122, 3.027, 5.792, 3.667, 2.202, 2.677, 2.675, 4.75, 8.42, 8.841, 8.871, 7.496, 5.342, 4.98, 3.244, 2.61, 2.354, 2.051, 2.61, 2.994, 1.782, 1.772, 1.815, 2.258, 0.0, 1.757, 2.465, 1.837, 2.53, 3.713, 5.414, 7.279, 9.101, 7.968, 3.236, 2.071, 1.469, 4.906, 6.695, 8.583, 9.845, 11.472, 12.951, 13.049, 12.078, 11.669, 12.94, 12.647, 14.438, 15.384], [10.324, 10.235, 9.647, 4.561, 5.761, 4.014, 3.249, 3.367, 4.235, 6.307, 9.936, 10.241, 10.228, 9.009, 6.88, 6.537, 4.827, 4.143, 3.931, 3.574, 3.589, 3.033, 2.968, 3.275, 2.842, 3.141, 1.757, 0.0, 2.055, 2.475, 2.948, 4.042, 5.401, 6.406, 8.13, 6.82, 4.074, 3.493, 2.869, 6.296, 8.136, 9.921, 11.294, 12.979, 14.459, 14.56, 13.604, 13.206, 14.47, 14.183, 15.983, 16.922], [9.676, 10.625, 9.95, 3.821, 5.252, 3.368, 2.293, 2.867, 4.625, 6.701, 10.379, 10.815, 10.845, 9.455, 7.278, 6.93, 5.158, 3.691, 3.591, 3.172, 2.817, 3.035, 2.581, 3.094, 2.123, 2.423, 2.465, 2.055, 0.0, 2.071, 2.529, 3.06, 3.876, 5.517, 7.219, 6.401, 2.633, 2.607, 2.796, 5.637, 8.428, 10.551, 11.812, 13.446, 14.924, 15.022, 14.033, 13.62, 14.891, 14.598, 16.391, 17.335], [8.555, 8.908, 8.234, 2.704, 5.95, 3.783, 1.997, 2.813, 3.253, 5.038, 8.657, 9.0, 9.011, 7.727, 5.556, 5.237, 3.442, 2.55, 2.596, 2.285, 2.728, 3.251, 2.083, 2.001, 1.792, 2.052, 1.837, 2.475, 2.071, 0.0, 1.479, 2.425, 4.198, 6.443, 8.498, 7.486, 2.541, 2.084, 2.009, 4.086, 6.684, 8.716, 10.041, 11.706, 13.185, 13.283, 12.303, 11.894, 13.162, 12.873, 14.671, 15.61], [8.837, 9.117, 8.425, 2.448, 6.316, 3.985, 1.993, 3.13, 3.662, 5.592, 9.011, 9.148, 9.074, 7.809, 5.824, 5.62, 3.822, 2.666, 2.659, 2.275, 2.357, 3.456, 2.386, 2.478, 2.125, 2.252, 2.53, 2.948, 2.529, 1.479, 0.0, 1.681, 3.478, 5.778, 8.267, 7.142, 2.685, 2.166, 2.419, 4.124, 6.813, 8.776, 10.119, 11.794, 13.325, 13.425, 12.47, 12.068, 13.336, 13.046, 14.845, 15.784], [8.367, 9.447, 8.792, 3.339, 6.05, 3.739, 2.814, 4.217, 4.74, 6.587, 9.898, 9.98, 9.745, 8.516, 6.561, 6.486, 4.702, 3.678, 3.745, 3.281, 2.952, 4.382, 3.612, 3.545, 3.163, 2.996, 3.713, 4.042, 3.06, 2.425, 1.681, 0.0, 2.57, 5.411, 7.862, 6.782, 2.22, 2.896, 3.624, 4.476, 7.145, 9.218, 10.484, 12.134, 13.672, 13.773, 12.809, 12.403, 13.674, 13.397, 15.175, 16.119], [10.298, 11.808, 11.134, 5.211, 5.174, 3.575, 4.275, 5.25, 6.664, 8.555, 11.957, 12.214, 12.028, 10.756, 8.683, 8.534, 6.788, 5.543, 5.574, 5.078, 4.237, 5.313, 5.122, 5.395, 4.606, 3.976, 5.414, 5.401, 3.876, 4.198, 3.478, 2.57, 0.0, 3.108, 5.478, 4.413, 2.558, 4.647, 5.417, 6.705, 9.561, 11.654, 12.927, 14.581, 16.06, 16.158, 15.202, 14.796, 16.067, 15.774, 17.568, 18.511], [13.08, 14.744, 14.07, 7.744, 4.654, 4.578, 5.99, 6.679, 9.164, 11.194, 14.618, 14.788, 14.719, 13.521, 11.485, 11.267, 9.445, 7.898, 7.912, 7.442, 6.04, 6.323, 7.074, 7.897, 6.665, 6.292, 7.279, 6.406, 5.517, 6.443, 5.778, 5.411, 3.108, 0.0, 2.853, 2.0, 4.857, 6.812, 7.593, 9.566, 12.467, 14.389, 15.797, 17.476, 18.961, 19.062, 18.106, 17.712, 18.972, 18.684, 20.488, 21.43], [15.704, 17.284, 16.612, 9.879, 5.293, 6.409, 8.102, 8.42, 11.295, 13.371, 16.99, 17.32, 17.326, 15.935, 13.934, 13.621, 11.826, 10.179, 10.047, 9.749, 8.122, 7.802, 8.915, 9.843, 8.42, 7.997, 9.101, 8.13, 7.219, 8.498, 8.267, 7.862, 5.478, 2.853, 0.0, 2.011, 6.792, 8.659, 9.502, 11.993, 14.989, 17.034, 18.315, 19.984, 21.528, 21.628, 20.654, 20.252, 21.52, 21.23, 23.027, 23.967], [14.499, 16.174, 15.501, 8.827, 4.39, 5.19, 6.994, 7.532, 10.272, 12.304, 15.915, 16.158, 16.144, 14.925, 12.824, 12.544, 10.72, 9.026, 8.871, 8.656, 7.063, 6.438, 7.945, 8.874, 7.527, 7.154, 7.968, 6.82, 6.401, 7.486, 7.142, 6.782, 4.413, 2.0, 2.011, 0.0, 5.827, 7.705, 8.474, 10.913, 13.875, 15.802, 17.21, 18.89, 20.394, 20.499, 19.54, 19.146, 20.405, 20.118, 21.921, 22.862], [9.504, 10.632, 9.961, 3.409, 3.986, 2.015, 2.095, 3.161, 4.711, 6.804, 10.433, 10.893, 10.91, 9.51, 7.33, 7.056, 5.113, 3.463, 3.498, 3.276, 2.376, 3.442, 2.839, 3.244, 2.356, 2.047, 3.236, 4.074, 2.633, 2.541, 2.685, 2.22, 2.558, 4.857, 6.792, 5.827, 0.0, 2.228, 3.106, 5.488, 8.499, 10.654, 11.887, 13.485, 14.958, 15.056, 14.001, 13.589, 14.86, 14.567, 16.357, 17.305], [9.273, 8.899, 8.257, 1.785, 5.152, 2.98, 1.31, 2.169, 3.086, 5.24, 8.854, 9.386, 9.335, 7.977, 5.738, 5.472, 3.372, 1.685, 1.613, 1.841, 1.866, 2.693, 1.606, 1.758, 1.509, 1.689, 2.071, 3.493, 2.607, 2.084, 2.166, 2.896, 4.647, 6.812, 8.659, 7.705, 2.228, 0.0, 1.53, 4.152, 7.054, 9.193, 10.434, 11.841, 13.249, 13.349, 12.344, 11.836, 13.07, 12.801, 14.596, 15.555], [9.313, 8.223, 7.512, 1.999, 5.895, 3.709, 2.008, 2.243, 2.227, 4.301, 7.911, 8.369, 8.386, 7.003, 4.828, 4.562, 2.659, 1.603, 1.217, 1.223, 2.153, 2.77, 1.329, 1.259, 1.394, 1.983, 1.469, 2.869, 2.796, 2.009, 2.419, 3.624, 5.417, 7.593, 9.502, 8.474, 3.106, 1.53, 0.0, 4.342, 6.344, 8.197, 9.456, 10.998, 12.443, 12.545, 11.552, 11.124, 12.392, 12.112, 13.894, 14.844], [5.335, 5.307, 4.621, 3.299, 8.927, 6.563, 4.627, 5.834, 4.204, 4.087, 6.793, 6.388, 5.693, 4.644, 3.517, 3.458, 3.661, 3.558, 3.886, 4.2, 5.2, 6.171, 4.833, 3.918, 4.813, 4.826, 4.906, 6.296, 5.637, 4.086, 4.124, 4.476, 6.705, 9.566, 11.993, 10.913, 5.488, 4.152, 4.342, 0.0, 3.19, 5.344, 6.586, 8.045, 9.564, 9.665, 8.748, 8.285, 9.55, 9.266, 11.055, 12.013], [3.208, 2.92, 2.304, 5.971, 11.932, 9.581, 7.475, 8.249, 5.652, 4.682, 6.321, 5.412, 4.976, 4.49, 4.139, 4.156, 5.153, 6.055, 6.233, 6.146, 7.698, 8.822, 7.163, 5.914, 7.187, 7.604, 6.695, 8.136, 8.428, 6.684, 6.813, 7.145, 9.561, 12.467, 14.989, 13.875, 8.499, 7.054, 6.344, 3.19, 0.0, 2.232, 3.586, 5.073, 6.548, 6.662, 5.703, 5.311, 6.613, 6.459, 8.075, 9.001], [3.08, 2.061, 1.653, 7.65, 14.03, 11.688, 9.561, 9.698, 6.398, 4.931, 5.468, 4.671, 4.137, 4.142, 4.519, 4.587, 6.114, 7.676, 7.88, 7.863, 9.341, 10.553, 9.024, 7.734, 9.15, 9.763, 8.583, 9.921, 10.551, 8.716, 8.776, 9.218, 11.654, 14.389, 17.034, 15.802, 10.654, 9.193, 8.197, 5.344, 2.232, 0.0, 2.012, 3.168, 4.62, 4.73, 3.915, 3.471, 4.754, 4.617, 6.209, 7.084], [3.848, 2.588, 2.443, 9.016, 15.297, 12.928, 10.807, 11.024, 7.604, 5.391, 4.445, 3.855, 3.435, 3.486, 4.976, 5.218, 7.398, 9.041, 9.198, 9.156, 10.703, 11.858, 10.333, 8.995, 10.408, 11.002, 9.845, 11.294, 11.812, 10.041, 10.119, 10.484, 12.927, 15.797, 18.315, 17.21, 11.887, 10.434, 9.456, 6.586, 3.586, 2.012, 0.0, 2.126, 3.288, 3.444, 2.775, 2.548, 3.348, 3.179, 4.799, 5.7], [4.545, 3.227, 3.623, 10.27, 16.712, 14.336, 12.248, 12.267, 8.943, 6.868, 5.621, 5.314, 4.716, 4.969, 6.354, 6.594, 8.606, 10.276, 10.49, 10.539, 12.143, 13.322, 11.63, 10.488, 11.979, 12.496, 11.472, 12.979, 13.446, 11.706, 11.794, 12.134, 14.581, 17.476, 19.984, 18.89, 13.485, 11.841, 10.998, 8.045, 5.073, 3.168, 2.126, 0.0, 1.613, 1.78, 1.44, 1.579, 2.139, 2.071, 3.229, 4.027], [5.915, 4.367, 5.019, 11.684, 18.155, 15.785, 13.716, 13.572, 10.373, 8.248, 6.173, 6.169, 5.382, 5.977, 7.703, 8.012, 9.933, 11.635, 11.864, 11.936, 13.604, 14.756, 13.004, 11.957, 13.442, 13.967, 12.951, 14.459, 14.924, 13.185, 13.325, 13.672, 16.06, 18.961, 21.528, 20.394, 14.958, 13.249, 12.443, 9.564, 6.548, 4.62, 3.288, 1.613, 0.0, 0.801, 1.316, 1.801, 1.938, 2.252, 2.088, 2.628], [6.039, 4.493, 5.118, 11.807, 18.26, 15.886, 13.815, 13.674, 10.483, 8.342, 6.153, 6.153, 5.356, 6.035, 7.815, 8.124, 10.028, 11.731, 11.953, 12.024, 13.703, 14.864, 13.11, 12.055, 13.541, 14.066, 13.049, 14.56, 15.022, 13.283, 13.425, 13.773, 16.158, 19.062, 21.628, 20.499, 15.056, 13.349, 12.545, 9.665, 6.662, 4.73, 3.444, 1.78, 0.801, 0.0, 1.355, 1.747, 1.75, 2.152, 1.909, 2.458], [5.061, 3.669, 4.208, 10.976, 17.208, 14.87, 12.79, 12.771, 9.525, 7.531, 6.251, 6.09, 5.404, 5.829, 6.909, 7.262, 9.156, 10.777, 10.981, 11.004, 12.859, 13.923, 12.113, 11.045, 12.563, 13.051, 12.078, 13.604, 14.033, 12.303, 12.47, 12.809, 15.202, 18.106, 20.654, 19.54, 14.001, 12.344, 11.552, 8.748, 5.703, 3.915, 2.775, 1.44, 1.316, 1.355, 0.0, 1.176, 2.213, 2.341, 2.824, 3.384], [4.69, 3.062, 3.709, 10.418, 16.767, 14.416, 12.341, 12.175, 9.089, 7.176, 5.713, 5.716, 4.955, 5.48, 6.59, 6.878, 8.561, 10.211, 10.451, 10.559, 12.35, 13.446, 11.589, 10.554, 12.117, 12.617, 11.669, 13.206, 13.62, 11.894, 12.068, 12.403, 14.796, 17.712, 20.252, 19.146, 13.589, 11.836, 11.124, 8.285, 5.311, 3.471, 2.548, 1.579, 1.801, 1.747, 1.176, 0.0, 1.962, 2.181, 3.022, 3.795], [6.095, 4.308, 4.949, 11.668, 18.033, 15.668, 13.607, 13.388, 10.28, 8.197, 5.47, 5.453, 4.748, 5.733, 7.621, 7.968, 9.766, 11.463, 11.699, 11.816, 13.599, 14.699, 12.828, 11.822, 13.386, 13.883, 12.94, 14.47, 14.891, 13.162, 13.336, 13.674, 16.067, 18.972, 21.52, 20.405, 14.86, 13.07, 12.392, 9.55, 6.613, 4.754, 3.348, 2.139, 1.938, 1.75, 2.213, 1.962, 0.0, 1.197, 1.702, 2.555], [6.023, 4.152, 4.702, 11.403, 17.772, 15.402, 13.322, 13.151, 10.008, 7.905, 4.918, 4.93, 4.376, 5.44, 7.39, 7.678, 9.522, 11.201, 11.443, 11.576, 13.31, 14.44, 12.571, 11.536, 13.094, 13.593, 12.647, 14.183, 14.598, 12.873, 13.046, 13.397, 15.774, 18.684, 21.23, 20.118, 14.567, 12.801, 12.112, 9.266, 6.459, 4.617, 3.179, 2.071, 2.252, 2.152, 2.341, 2.181, 1.197, 0.0, 2.048, 2.923], [7.454, 5.793, 6.463, 13.162, 19.527, 17.162, 15.105, 14.903, 11.778, 9.691, 6.475, 6.458, 5.954, 7.149, 9.122, 9.463, 11.272, 12.978, 13.202, 13.313, 15.1, 16.206, 14.347, 13.316, 14.886, 15.381, 14.438, 15.983, 16.391, 14.671, 14.845, 15.175, 17.568, 20.488, 23.027, 21.921, 16.357, 14.596, 13.894, 11.055, 8.075, 6.209, 4.799, 3.229, 2.088, 1.909, 2.824, 3.022, 1.702, 2.048, 0.0, 1.256], [8.383, 6.743, 7.412, 14.113, 20.477, 18.117, 16.057, 15.861, 12.733, 10.641, 7.445, 7.489, 6.992, 8.11, 10.066, 10.412, 12.231, 13.937, 14.159, 14.262, 16.044, 17.155, 15.306, 14.27, 15.831, 16.337, 15.384, 16.922, 17.335, 15.61, 15.784, 16.119, 18.511, 21.43, 23.967, 22.862, 17.305, 15.555, 14.844, 12.013, 9.001, 7.084, 5.7, 4.027, 2.628, 2.458, 3.384, 3.795, 2.555, 2.923, 1.256, 0.0]]