[[0.0, 3.51, 2.463, 2.014, 5.105, 7.177, 7.982, 8.222, 9.995, 10.714, 10.185, 10.471, 10.841, 10.685, 10.892, 10.633, 10.573, 9.702, 9.968, 10.207, 9.506, 10.443, 12.716, 12.67, 8.366, 1.723, 5.515, 4.852, 5.388, 5.953, 5.9, 4.825, 5.737, 7.737, 7.354, 4.55, 4.031, 4.437, 4.511, 6.221, 5.846, 5.216, 6.779, 7.379, 9.982, 9.034, 6.85, 5.701, 5.989, 7.169, 7.426, 8.448, 11.042, 10.831, 9.779, 9.178, 7.673, 5.085, 4.232, 3.369, 3.148, 4.8, 4.333, 3.974, 5.079, 5.416, 6.178, 7.471, 7.591, 5.709, 5.172, 3.292, 3.287, 2.346, 1.253, 2.162, 1.433, 2.613, 2.126, 2.405, 2.458, 1.619, 1.642, 1.409, 1.49, 1.941, 3.375, 2.394, 2.607, 2.402, 4.484, 2.684, 2.933, 4.457, 4.229, 3.537, 2.635, 2.092, 1.99, 2.857, 2.741, 2.948, 2.96, 2.622, 2.4, 2.411, 2.331, 1.753, 1.31, 2.209, 1.243, 3.651, 5.002, 6.555, 7.557, 5.89, 6.426, 4.813, 3.127, 4.411, 6.32, 9.868, 12.052, 10.244, 8.685, 8.599, 11.559], [3.51, 0.0, 1.741, 4.061, 3.094, 4.591, 5.611, 6.008, 7.537, 7.703, 7.365, 8.094, 8.492, 8.311, 8.083, 7.904, 7.775, 7.25, 7.574, 7.554, 6.911, 8.414, 10.137, 10.053, 6.121, 3.249, 8.631, 7.77, 7.75, 7.793, 8.538, 7.619, 8.655, 10.787, 10.067, 7.347, 6.877, 7.3, 7.484, 9.339, 8.91, 7.959, 9.613, 10.118, 12.451, 11.692, 9.768, 8.62, 8.646, 9.847, 10.452, 11.433, 13.711, 13.517, 12.553, 11.827, 10.257, 7.362, 6.092, 5.019, 5.369, 7.148, 5.816, 4.467, 6.33, 8.171, 8.973, 10.344, 10.172, 8.081, 6.78, 3.86, 1.18, 2.179, 3.431, 2.705, 3.837, 5.741, 3.945, 2.584, 3.174, 4.174, 4.057, 3.976, 4.299, 4.329, 2.842, 2.926, 4.309, 3.914, 2.754, 2.664, 2.389, 2.458, 2.261, 2.159, 2.65, 2.49, 2.944, 2.804, 2.888, 4.732, 4.735, 3.51, 1.7, 2.518, 2.195, 3.137, 3.217, 3.211, 3.405, 6.182, 7.404, 9.148, 10.05, 8.443, 8.915, 7.407, 5.553, 6.999, 8.909, 12.335, 14.404, 12.694, 11.289, 11.294, 14.15], [2.463, 1.741, 0.0, 3.001, 3.11, 5.154, 6.07, 6.358, 8.064, 8.504, 7.955, 8.441, 8.777, 8.641, 8.738, 8.464, 8.394, 7.679, 7.95, 8.038, 7.395, 8.553, 10.682, 10.542, 6.478, 2.466, 7.784, 6.947, 7.13, 7.333, 7.822, 6.874, 7.8, 9.908, 9.378, 6.619, 6.084, 6.475, 6.626, 8.442, 8.051, 7.239, 8.829, 9.361, 11.928, 11.065, 8.913, 7.768, 8.006, 9.141, 9.642, 10.55, 12.99, 12.778, 11.746, 11.167, 9.666, 6.909, 5.505, 4.475, 4.829, 6.626, 5.166, 4.035, 5.808, 7.393, 8.232, 9.582, 9.567, 7.605, 6.379, 3.399, 1.882, 1.988, 2.632, 2.019, 2.957, 4.854, 3.427, 1.334, 1.849, 2.802, 3.006, 2.928, 3.009, 2.815, 2.415, 2.424, 3.372, 2.758, 2.655, 1.961, 2.004, 2.503, 2.279, 2.337, 2.383, 2.232, 2.436, 2.792, 2.317, 4.129, 4.2, 3.232, 1.44, 1.739, 1.763, 2.188, 2.175, 2.483, 2.393, 5.502, 6.696, 8.555, 9.55, 7.845, 8.39, 6.744, 5.025, 6.365, 8.232, 11.809, 13.951, 12.184, 10.658, 10.584, 13.568], [2.014, 4.061, 3.001, 0.0, 5.279, 7.639, 8.658, 8.912, 10.628, 10.92, 10.466, 10.838, 10.8, 11.028, 11.053, 10.709, 10.555, 9.765, 9.934, 10.285, 9.827, 10.848, 13.242, 13.193, 9.043, 2.638, 6.039, 5.639, 6.091, 6.412, 5.627, 4.212, 5.196, 7.475, 6.795, 3.887, 3.733, 3.964, 4.009, 5.904, 5.709, 4.601, 6.171, 6.803, 9.278, 8.371, 6.276, 5.497, 5.379, 6.831, 7.572, 8.633, 10.37, 10.175, 9.171, 8.55, 7.097, 5.268, 4.627, 3.937, 3.049, 4.425, 4.421, 3.489, 4.768, 5.592, 5.88, 7.494, 7.184, 5.046, 5.46, 3.36, 3.626, 2.687, 1.84, 2.447, 2.435, 2.709, 2.596, 3.179, 3.325, 2.594, 2.283, 1.968, 2.113, 2.471, 3.842, 3.382, 3.612, 3.57, 5.146, 3.53, 3.282, 4.82, 4.932, 4.442, 3.416, 3.346, 2.747, 3.522, 3.217, 3.632, 3.5, 2.518, 3.066, 3.405, 3.474, 2.75, 1.948, 2.209, 2.293, 3.194, 4.8, 6.071, 6.842, 5.454, 5.728, 4.272, 3.326, 3.903, 5.917, 9.168, 11.321, 9.546, 8.024, 7.923, 10.861], [5.105, 3.094, 3.11, 5.279, 0.0, 2.52, 3.599, 4.041, 5.53, 5.81, 5.413, 5.883, 6.016, 6.0, 6.058, 5.747, 5.664, 5.251, 5.386, 5.582, 4.98, 6.366, 8.397, 8.185, 4.093, 5.119, 10.583, 9.832, 9.986, 10.099, 10.294, 9.372, 10.363, 12.491, 11.91, 9.07, 8.625, 9.027, 9.151, 10.933, 10.559, 9.76, 11.361, 12.008, 14.393, 13.521, 11.484, 10.347, 10.447, 11.621, 12.311, 13.342, 15.494, 15.344, 14.305, 13.605, 12.122, 9.576, 8.19, 7.22, 7.267, 9.146, 7.668, 6.436, 8.231, 10.025, 10.738, 12.072, 12.088, 10.088, 9.11, 5.878, 3.11, 4.249, 5.168, 4.731, 5.854, 7.434, 6.114, 3.189, 3.219, 5.371, 5.462, 5.094, 5.22, 4.355, 2.487, 4.372, 5.607, 4.129, 2.101, 2.987, 2.916, 1.877, 2.916, 4.467, 4.989, 4.743, 5.251, 5.349, 5.083, 7.05, 6.997, 5.921, 3.945, 4.431, 4.317, 5.001, 4.502, 3.913, 4.841, 8.005, 9.168, 10.951, 11.946, 10.292, 10.828, 9.272, 7.722, 8.849, 10.801, 14.267, 16.431, 14.656, 13.101, 13.019, 15.979], [7.177, 4.591, 5.154, 7.639, 2.52, 0.0, 1.781, 2.331, 3.445, 3.848, 4.059, 4.448, 4.82, 4.562, 4.273, 4.127, 3.976, 4.346, 4.7, 4.363, 3.657, 5.509, 6.67, 6.382, 3.109, 6.971, 12.399, 11.558, 11.642, 12.076, 12.605, 11.69, 12.638, 14.716, 14.204, 11.373, 10.905, 11.446, 11.433, 13.225, 12.777, 12.071, 13.7, 14.358, 16.752, 15.699, 13.782, 12.599, 12.747, 13.941, 14.262, 15.379, 17.913, 17.728, 16.722, 16.035, 14.457, 11.54, 9.995, 8.913, 9.623, 11.488, 10.037, 8.639, 10.598, 12.293, 12.959, 14.368, 14.353, 12.44, 11.142, 7.984, 4.763, 5.998, 7.374, 6.449, 7.716, 9.55, 7.825, 4.988, 5.243, 7.32, 7.483, 7.152, 7.339, 6.511, 4.195, 5.609, 6.941, 5.929, 3.251, 4.822, 4.695, 3.201, 4.021, 5.426, 6.46, 6.215, 6.924, 6.913, 6.841, 8.595, 8.624, 7.688, 5.39, 5.789, 5.966, 6.539, 6.581, 6.137, 7.136, 10.37, 11.514, 13.274, 14.309, 12.622, 13.193, 11.652, 9.79, 11.284, 13.136, 16.64, 18.788, 16.977, 15.502, 15.395, 18.276], [7.982, 5.611, 6.07, 8.658, 3.599, 1.781, 0.0, 0.996, 2.228, 3.591, 3.452, 3.983, 4.638, 4.207, 4.018, 3.941, 3.709, 4.099, 4.567, 4.149, 3.261, 4.905, 5.984, 5.357, 2.437, 7.554, 13.168, 12.358, 12.502, 13.1, 13.766, 12.783, 13.643, 15.653, 15.317, 12.453, 11.926, 12.404, 12.418, 14.072, 13.762, 13.177, 14.71, 15.316, 17.914, 16.989, 14.764, 13.63, 13.942, 15.115, 15.15, 16.115, 18.993, 18.778, 17.724, 17.127, 15.628, 12.711, 11.218, 10.062, 10.787, 12.663, 11.157, 9.834, 11.772, 13.334, 14.135, 15.427, 15.55, 13.605, 12.24, 9.218, 5.902, 7.079, 8.333, 7.225, 8.409, 10.421, 8.972, 5.789, 6.003, 8.068, 8.481, 8.146, 8.38, 7.311, 5.077, 6.064, 7.374, 6.811, 3.743, 5.682, 5.775, 4.186, 4.358, 5.482, 7.248, 7.096, 7.892, 7.717, 7.773, 9.3, 9.594, 8.708, 6.322, 5.913, 6.365, 7.336, 7.636, 7.355, 8.047, 11.465, 12.697, 14.471, 15.484, 13.814, 14.368, 12.738, 10.9, 12.359, 14.272, 17.807, 19.953, 18.176, 16.627, 16.548, 19.508], [8.222, 6.008, 6.358, 8.912, 4.041, 2.331, 0.996, 0.0, 2.267, 3.66, 3.469, 3.767, 4.322, 4.091, 3.802, 3.727, 3.612, 3.761, 4.094, 3.631, 2.798, 4.319, 5.423, 5.074, 2.282, 7.73, 13.304, 12.537, 12.718, 13.338, 13.988, 13.009, 13.864, 15.819, 15.567, 12.702, 12.175, 12.646, 12.643, 14.231, 13.947, 13.427, 14.964, 15.569, 18.169, 17.211, 14.994, 13.855, 14.164, 15.337, 15.353, 16.367, 19.244, 19.029, 17.973, 17.351, 15.878, 12.933, 11.446, 10.292, 11.045, 12.908, 11.408, 10.066, 12.022, 13.584, 14.357, 15.646, 15.8, 13.867, 12.492, 9.445, 6.17, 7.333, 8.604, 7.379, 8.588, 10.603, 9.221, 5.982, 6.223, 8.318, 8.706, 8.315, 8.555, 7.459, 5.315, 6.229, 7.472, 7.037, 4.098, 5.933, 6.021, 4.453, 4.684, 6.013, 7.67, 7.435, 8.145, 8.11, 8.001, 9.477, 9.82, 8.93, 6.569, 6.184, 6.687, 7.566, 7.884, 7.589, 8.27, 11.715, 12.934, 14.699, 15.734, 14.048, 14.623, 12.986, 11.144, 12.609, 14.523, 18.057, 20.214, 18.427, 16.866, 16.77, 19.73], [9.995, 7.537, 8.064, 10.628, 5.53, 3.445, 2.228, 2.267, 0.0, 2.119, 2.295, 2.698, 3.225, 2.818, 2.465, 2.752, 2.345, 2.842, 3.355, 2.892, 2.349, 3.611, 4.623, 3.917, 2.038, 9.474, 15.105, 14.351, 14.428, 15.052, 15.679, 14.736, 15.651, 17.635, 17.296, 14.443, 13.889, 14.376, 14.4, 16.035, 15.69, 15.151, 16.729, 17.338, 19.88, 18.896, 16.757, 15.605, 15.863, 17.034, 17.074, 18.095, 20.957, 20.761, 19.716, 19.065, 17.592, 14.615, 13.143, 11.976, 12.758, 14.621, 13.109, 11.773, 13.736, 15.305, 16.059, 17.361, 17.514, 15.579, 14.205, 11.122, 7.863, 9.05, 10.339, 9.142, 10.407, 12.318, 10.944, 7.758, 8.084, 10.118, 10.464, 10.041, 10.254, 9.287, 7.054, 7.998, 9.229, 8.81, 5.682, 7.647, 7.724, 6.16, 6.217, 7.15, 9.244, 9.054, 9.87, 9.665, 9.804, 11.298, 11.56, 10.626, 8.224, 7.9, 8.262, 9.342, 9.599, 9.269, 9.994, 13.439, 14.648, 16.409, 17.437, 15.759, 16.329, 14.696, 12.858, 14.322, 16.242, 19.768, 21.927, 20.13, 18.577, 18.452, 21.412], [10.714, 7.703, 8.504, 10.92, 5.81, 3.848, 3.591, 3.66, 2.119, 0.0, 1.594, 2.046, 2.418, 2.196, 1.793, 2.368, 1.737, 1.992, 2.133, 1.775, 2.016, 2.722, 3.895, 3.672, 3.048, 10.57, 16.032, 15.15, 15.08, 15.241, 15.891, 15.012, 16.038, 18.253, 17.573, 14.669, 14.284, 14.76, 14.846, 16.703, 16.323, 15.408, 17.0, 17.688, 19.817, 19.0, 17.152, 16.022, 15.966, 17.21, 17.853, 18.922, 21.12, 20.964, 19.985, 19.243, 17.604, 14.639, 13.359, 12.276, 12.69, 14.549, 13.209, 11.716, 13.63, 15.658, 16.382, 17.794, 17.566, 15.446, 14.127, 11.195, 7.859, 9.017, 10.77, 9.884, 11.279, 13.084, 11.078, 8.406, 8.639, 10.789, 10.826, 10.589, 10.774, 9.945, 7.437, 8.961, 10.343, 9.468, 6.569, 8.205, 7.935, 6.392, 7.284, 8.53, 9.658, 9.459, 10.042, 9.865, 10.352, 12.05, 12.071, 10.753, 8.715, 9.101, 9.3, 10.096, 9.88, 9.392, 10.566, 13.556, 14.587, 16.412, 17.361, 15.72, 16.224, 14.784, 12.867, 14.483, 16.358, 19.694, 21.827, 20.109, 18.622, 18.652, 21.459], [10.185, 7.365, 7.955, 10.466, 5.413, 4.059, 3.452, 3.469, 2.295, 1.594, 0.0, 1.595, 1.944, 1.813, 1.806, 2.388, 1.808, 1.613, 1.796, 1.67, 1.651, 2.069, 3.408, 3.016, 2.64, 10.132, 15.58, 14.7, 14.635, 14.926, 15.499, 14.591, 15.592, 17.759, 17.083, 14.187, 13.739, 14.306, 14.409, 16.21, 15.825, 14.917, 16.535, 17.14, 19.607, 18.711, 16.719, 15.586, 15.668, 16.849, 17.397, 18.38, 20.708, 20.524, 19.555, 18.911, 17.318, 14.437, 12.989, 11.907, 12.436, 14.301, 12.858, 11.54, 13.479, 15.14, 15.955, 17.306, 17.211, 15.247, 13.946, 10.938, 7.595, 8.744, 10.263, 9.428, 10.706, 12.618, 10.693, 7.963, 8.095, 10.285, 10.427, 10.15, 10.337, 9.509, 7.032, 8.597, 9.943, 9.004, 6.138, 7.794, 7.512, 5.978, 6.79, 8.253, 9.327, 9.088, 9.727, 9.6, 9.87, 11.57, 11.637, 10.47, 8.339, 8.607, 8.797, 9.653, 9.515, 9.059, 10.086, 13.16, 14.34, 16.188, 17.16, 15.525, 16.061, 14.464, 12.646, 14.047, 15.936, 19.482, 21.6, 19.814, 18.357, 18.298, 21.219], [10.471, 8.094, 8.441, 10.838, 5.883, 4.448, 3.983, 3.767, 2.698, 2.046, 1.595, 0.0, 1.102, 1.163, 1.635, 1.84, 1.571, 1.819, 1.879, 1.37, 1.646, 2.044, 3.095, 2.861, 3.245, 10.446, 15.857, 15.016, 15.273, 15.523, 15.909, 14.892, 15.802, 17.824, 17.436, 14.546, 14.199, 14.562, 14.537, 16.276, 15.941, 15.284, 16.822, 17.443, 19.99, 19.068, 16.885, 15.747, 16.031, 17.248, 17.794, 18.878, 21.148, 20.915, 19.839, 19.234, 17.739, 15.03, 13.488, 12.551, 12.888, 14.732, 13.252, 11.908, 13.841, 15.576, 16.289, 17.668, 17.636, 15.662, 14.546, 11.33, 8.267, 9.406, 10.496, 9.829, 11.018, 12.94, 11.223, 8.228, 8.311, 10.498, 10.637, 10.267, 10.431, 9.524, 7.549, 9.061, 10.395, 9.307, 6.949, 8.37, 8.243, 6.861, 7.416, 9.165, 10.104, 9.934, 10.52, 10.568, 10.085, 12.019, 11.962, 11.155, 9.029, 9.304, 9.464, 10.085, 10.064, 9.46, 10.384, 13.565, 14.771, 16.549, 17.554, 15.886, 16.437, 15.026, 13.256, 14.504, 16.399, 19.878, 22.021, 20.257, 18.712, 18.634, 21.582], [10.841, 8.492, 8.777, 10.8, 6.016, 4.82, 4.638, 4.322, 3.225, 2.418, 1.944, 1.102, 0.0, 1.249, 1.575, 1.76, 1.647, 2.015, 1.906, 1.434, 2.073, 2.104, 3.177, 2.918, 3.882, 10.812, 16.276, 15.476, 15.656, 15.79, 15.819, 14.869, 15.829, 18.076, 17.449, 14.512, 14.289, 14.677, 14.581, 16.525, 16.153, 15.253, 16.864, 17.511, 19.905, 18.916, 16.905, 15.748, 15.945, 17.204, 18.029, 19.094, 21.052, 20.931, 19.848, 19.207, 17.67, 15.144, 13.645, 12.812, 12.883, 14.719, 13.195, 11.815, 13.732, 15.684, 16.245, 17.725, 17.54, 15.557, 14.731, 11.221, 8.505, 9.612, 10.721, 10.306, 11.523, 13.088, 11.513, 8.667, 8.738, 10.908, 10.859, 10.474, 10.624, 9.774, 7.928, 9.661, 10.96, 9.669, 7.542, 8.7, 8.565, 7.179, 8.034, 9.791, 10.569, 10.32, 10.847, 10.941, 10.524, 12.579, 12.439, 11.386, 9.435, 9.922, 9.956, 10.538, 10.223, 9.344, 10.583, 13.54, 14.668, 16.443, 17.443, 15.78, 16.328, 14.94, 13.437, 14.479, 16.394, 19.789, 21.915, 20.14, 18.658, 18.533, 21.459], [10.685, 8.311, 8.641, 11.028, 6.0, 4.562, 4.207, 4.091, 2.818, 2.196, 1.813, 1.163, 1.249, 0.0, 1.154, 1.643, 1.689, 2.161, 2.121, 1.674, 1.863, 2.116, 3.185, 2.809, 3.439, 10.6, 16.015, 15.184, 15.487, 15.714, 16.052, 15.095, 15.973, 18.024, 17.673, 14.797, 14.426, 14.778, 14.727, 16.51, 16.15, 15.516, 17.086, 17.693, 20.205, 19.189, 17.079, 15.888, 16.207, 17.397, 17.966, 19.076, 21.313, 21.12, 20.074, 19.421, 17.926, 15.154, 13.655, 12.695, 13.089, 14.942, 13.461, 12.11, 14.063, 15.763, 16.412, 17.855, 17.846, 15.891, 14.739, 11.472, 8.458, 9.609, 10.748, 10.091, 11.316, 13.095, 11.442, 8.461, 8.619, 10.78, 10.783, 10.498, 10.628, 9.822, 7.837, 9.344, 10.611, 9.447, 7.255, 8.578, 8.433, 7.058, 7.698, 9.391, 10.336, 10.164, 10.735, 10.824, 10.245, 12.235, 12.195, 11.338, 9.217, 9.623, 9.756, 10.25, 10.207, 9.62, 10.631, 13.797, 14.979, 16.76, 17.77, 16.092, 16.663, 15.209, 13.432, 14.639, 16.581, 20.1, 22.241, 20.451, 18.925, 18.795, 21.743], [10.892, 8.083, 8.738, 11.053, 6.058, 4.273, 4.018, 3.802, 2.465, 1.793, 1.806, 1.635, 1.575, 1.154, 0.0, 1.167, 1.335, 2.074, 2.369, 1.631, 1.735, 2.281, 3.392, 3.105, 3.386, 10.797, 16.208, 15.36, 15.376, 15.57, 16.04, 15.117, 16.087, 18.287, 17.682, 14.841, 14.519, 14.924, 14.86, 16.767, 16.381, 15.528, 17.151, 17.793, 20.189, 19.184, 17.213, 16.032, 16.185, 17.404, 18.073, 19.192, 21.312, 21.154, 20.164, 19.426, 17.882, 14.926, 13.543, 12.576, 13.082, 14.928, 13.441, 12.08, 14.043, 15.825, 16.409, 17.944, 17.84, 15.889, 14.579, 11.418, 8.3, 9.382, 10.919, 10.15, 11.523, 13.295, 11.311, 8.707, 8.927, 11.102, 11.0, 10.802, 10.96, 10.162, 7.904, 9.374, 10.705, 9.656, 7.021, 8.558, 8.264, 6.807, 7.75, 9.14, 10.09, 9.906, 10.528, 10.347, 10.427, 12.24, 12.141, 11.021, 8.981, 9.544, 9.663, 10.339, 10.258, 9.607, 10.791, 13.806, 14.963, 16.741, 17.745, 16.074, 16.636, 15.121, 13.277, 14.673, 16.585, 20.075, 22.237, 20.423, 18.912, 18.796, 21.711], [10.633, 7.904, 8.464, 10.709, 5.747, 4.127, 3.941, 3.727, 2.752, 2.368, 2.388, 1.84, 1.76, 1.643, 1.167, 0.0, 1.32, 2.304, 2.626, 1.756, 1.911, 2.605, 3.536, 3.411, 3.445, 10.634, 16.042, 15.199, 15.217, 15.368, 15.665, 14.696, 15.797, 18.011, 17.291, 14.354, 14.257, 14.519, 14.467, 16.461, 16.137, 15.059, 16.655, 17.366, 19.712, 18.792, 16.81, 15.63, 15.747, 17.011, 17.873, 18.946, 20.828, 20.714, 19.643, 18.969, 17.435, 14.69, 13.294, 12.372, 12.645, 14.451, 12.97, 11.621, 13.565, 15.532, 16.168, 17.672, 17.38, 15.42, 14.263, 10.99, 8.05, 9.143, 10.568, 9.967, 11.274, 13.077, 11.019, 8.487, 8.678, 10.858, 10.824, 10.657, 10.763, 9.888, 7.734, 9.374, 10.676, 9.482, 6.837, 8.325, 8.011, 6.682, 7.544, 9.051, 9.815, 9.68, 10.303, 10.199, 10.235, 12.157, 11.986, 10.784, 8.88, 9.45, 9.452, 10.191, 9.999, 9.15, 10.463, 13.305, 14.477, 16.256, 17.289, 15.603, 16.161, 14.81, 13.021, 14.185, 16.18, 19.597, 21.768, 19.979, 18.43, 18.323, 21.27], [10.573, 7.775, 8.394, 10.555, 5.664, 3.976, 3.709, 3.612, 2.345, 1.737, 1.808, 1.571, 1.647, 1.689, 1.335, 1.32, 0.0, 1.669, 2.089, 1.567, 1.952, 2.744, 3.976, 3.669, 3.205, 10.56, 15.971, 15.128, 15.106, 15.28, 15.451, 14.468, 15.592, 17.832, 17.097, 14.084, 14.155, 14.351, 14.27, 16.277, 15.969, 14.842, 16.431, 17.155, 19.443, 18.467, 16.585, 15.383, 15.446, 16.743, 17.789, 18.871, 20.645, 20.485, 19.472, 18.792, 17.16, 14.502, 13.093, 12.192, 12.414, 14.163, 12.686, 11.332, 13.277, 15.409, 15.962, 17.543, 17.086, 15.116, 14.081, 10.677, 7.892, 8.936, 10.408, 9.89, 11.208, 12.978, 10.873, 8.421, 8.579, 10.76, 10.724, 10.47, 10.584, 9.699, 7.611, 9.158, 10.483, 9.378, 6.678, 8.257, 7.877, 6.5, 7.46, 8.766, 9.666, 9.556, 10.146, 9.991, 10.132, 12.029, 11.806, 10.564, 8.709, 9.246, 9.385, 10.11, 9.929, 8.917, 10.363, 13.016, 14.189, 15.963, 16.978, 15.314, 15.87, 14.636, 12.869, 13.995, 15.947, 19.309, 21.469, 19.686, 18.158, 18.067, 20.96], [9.702, 7.25, 7.679, 9.765, 5.251, 4.346, 4.099, 3.761, 2.842, 1.992, 1.613, 1.819, 2.015, 2.161, 2.074, 2.304, 1.669, 0.0, 1.302, 1.27, 1.69, 2.116, 3.836, 3.873, 2.646, 9.615, 15.036, 14.175, 14.198, 14.291, 14.688, 13.776, 14.827, 17.144, 16.434, 13.428, 13.301, 13.707, 13.649, 15.588, 15.233, 14.205, 15.769, 16.479, 18.717, 17.755, 15.889, 14.752, 14.722, 16.069, 16.859, 17.983, 19.873, 19.82, 18.853, 18.113, 16.405, 13.5, 12.214, 11.328, 11.669, 13.435, 12.001, 10.606, 12.545, 14.616, 15.198, 16.75, 16.373, 14.38, 13.083, 9.988, 6.978, 7.942, 9.708, 8.997, 10.329, 12.097, 9.998, 7.498, 7.725, 9.9, 9.805, 9.633, 9.787, 8.97, 6.662, 8.286, 9.596, 8.462, 6.189, 7.284, 6.986, 5.683, 6.974, 8.706, 9.152, 8.834, 9.181, 9.452, 9.436, 11.129, 11.048, 9.657, 8.063, 8.465, 8.77, 9.194, 8.984, 8.203, 9.583, 12.357, 13.492, 15.255, 16.254, 14.595, 15.138, 13.746, 11.857, 13.23, 15.222, 18.589, 20.733, 18.957, 17.436, 17.43, 20.24], [9.968, 7.574, 7.95, 9.934, 5.386, 4.7, 4.567, 4.094, 3.355, 2.133, 1.796, 1.879, 1.906, 2.121, 2.369, 2.626, 2.089, 1.302, 0.0, 1.222, 1.816, 2.177, 3.971, 4.096, 3.243, 9.976, 15.431, 14.614, 14.697, 14.637, 14.873, 13.939, 14.992, 17.244, 16.547, 13.539, 13.408, 13.762, 13.817, 15.705, 15.364, 14.346, 15.859, 16.6, 18.617, 17.742, 16.035, 14.927, 14.851, 16.137, 17.195, 18.234, 19.984, 19.871, 18.954, 18.189, 16.389, 13.724, 12.6, 11.78, 11.563, 13.267, 12.068, 10.491, 12.3, 14.779, 15.35, 16.876, 16.263, 14.088, 13.161, 10.064, 7.117, 8.236, 9.852, 9.439, 10.624, 12.33, 10.401, 7.772, 7.842, 9.996, 10.042, 9.751, 9.877, 9.031, 6.995, 8.815, 10.09, 8.822, 6.754, 7.638, 7.437, 6.066, 7.434, 9.317, 9.668, 9.316, 9.644, 9.953, 9.755, 11.731, 11.575, 10.212, 8.581, 9.037, 9.223, 9.699, 9.237, 8.347, 9.684, 12.477, 13.411, 15.129, 16.078, 14.406, 14.915, 13.884, 12.057, 13.41, 15.297, 18.46, 20.478, 18.767, 17.501, 17.586, 20.296], [10.207, 7.554, 8.038, 10.285, 5.582, 4.363, 4.149, 3.631, 2.892, 1.775, 1.67, 1.37, 1.434, 1.674, 1.631, 1.756, 1.567, 1.27, 1.222, 0.0, 1.291, 1.769, 3.227, 3.287, 3.118, 10.213, 15.628, 14.779, 14.792, 14.818, 15.28, 14.376, 15.442, 17.686, 16.949, 14.01, 13.754, 14.153, 14.247, 16.138, 15.791, 14.768, 16.328, 17.03, 19.267, 18.396, 16.532, 15.405, 15.355, 16.592, 17.456, 18.506, 20.451, 20.311, 19.357, 18.655, 16.98, 14.125, 12.851, 11.89, 12.109, 13.954, 12.545, 11.138, 13.036, 15.111, 15.784, 17.277, 16.929, 14.849, 13.664, 10.597, 7.376, 8.544, 10.186, 9.538, 10.82, 12.649, 10.518, 7.942, 8.102, 10.271, 10.297, 10.101, 10.224, 9.419, 7.09, 8.831, 10.146, 9.052, 6.665, 7.818, 7.506, 6.123, 7.21, 9.063, 9.611, 9.281, 9.689, 9.904, 9.889, 11.78, 11.695, 10.349, 8.56, 9.036, 9.122, 9.778, 9.439, 8.778, 10.034, 12.912, 14.025, 15.781, 16.767, 15.09, 15.646, 14.269, 12.354, 13.833, 15.731, 19.123, 21.222, 19.475, 17.975, 18.047, 20.867], [9.506, 6.911, 7.395, 9.827, 4.98, 3.657, 3.261, 2.798, 2.349, 2.016, 1.651, 1.646, 2.073, 1.863, 1.735, 1.911, 1.952, 1.69, 1.816, 1.291, 0.0, 2.099, 3.629, 3.566, 2.32, 9.458, 14.903, 14.025, 14.042, 14.227, 14.858, 13.898, 14.908, 17.052, 16.42, 13.557, 13.108, 13.618, 13.677, 15.515, 15.124, 14.275, 15.886, 16.519, 18.932, 18.023, 16.019, 14.856, 14.987, 16.216, 16.719, 17.79, 20.083, 19.892, 18.897, 18.214, 16.666, 13.812, 12.375, 11.34, 11.837, 13.678, 12.234, 10.874, 12.776, 14.506, 15.272, 16.604, 16.573, 14.598, 13.316, 10.252, 7.029, 8.149, 9.579, 8.79, 10.09, 11.953, 10.019, 7.227, 7.408, 9.576, 9.642, 9.417, 9.562, 8.751, 6.326, 7.991, 9.304, 8.327, 5.749, 7.158, 6.977, 5.508, 6.359, 8.181, 8.904, 8.597, 9.162, 9.223, 9.178, 10.98, 10.99, 9.903, 7.745, 8.163, 8.306, 8.989, 8.844, 8.395, 9.421, 12.56, 13.713, 15.505, 16.494, 14.835, 15.373, 13.874, 12.019, 13.455, 15.368, 18.829, 20.955, 19.19, 17.695, 17.639, 20.538], [10.443, 8.414, 8.553, 10.848, 6.366, 5.509, 4.905, 4.319, 3.611, 2.722, 2.069, 2.044, 2.104, 2.116, 2.281, 2.605, 2.744, 2.116, 2.177, 1.769, 2.099, 0.0, 2.559, 2.546, 3.601, 10.396, 15.816, 14.958, 14.99, 15.321, 15.961, 15.025, 16.004, 18.062, 17.526, 14.655, 14.151, 14.576, 14.764, 16.517, 16.134, 15.369, 16.992, 17.588, 19.975, 19.19, 17.108, 15.956, 16.134, 17.277, 17.694, 18.718, 21.132, 20.902, 19.889, 19.301, 17.789, 14.907, 13.496, 12.387, 12.839, 14.717, 13.283, 12.198, 13.907, 15.554, 16.39, 17.689, 17.705, 15.652, 14.347, 11.564, 8.191, 9.297, 10.61, 9.69, 10.975, 12.859, 11.251, 8.2, 8.368, 10.515, 10.759, 10.414, 10.583, 9.732, 7.41, 9.031, 10.297, 9.267, 6.957, 8.104, 7.973, 6.637, 7.713, 9.533, 10.273, 9.903, 10.228, 10.713, 10.453, 11.92, 12.138, 11.044, 8.993, 9.177, 9.598, 10.05, 9.835, 9.524, 10.292, 13.551, 14.758, 16.61, 17.579, 15.928, 16.465, 14.865, 13.055, 14.503, 16.408, 19.873, 22.004, 20.288, 18.752, 18.727, 21.669], [12.716, 10.137, 10.682, 13.242, 8.397, 6.67, 5.984, 5.423, 4.623, 3.895, 3.408, 3.095, 3.177, 3.185, 3.392, 3.536, 3.976, 3.836, 3.971, 3.227, 3.629, 2.559, 0.0, 1.155, 5.014, 12.428, 17.974, 17.174, 17.167, 17.582, 18.299, 17.392, 18.395, 20.411, 19.847, 17.01, 16.349, 16.951, 17.151, 18.833, 18.466, 17.719, 19.364, 19.862, 22.299, 21.496, 19.509, 18.351, 18.422, 19.617, 19.844, 20.802, 23.47, 23.262, 22.29, 21.597, 20.075, 17.169, 15.797, 14.598, 15.141, 16.992, 15.592, 14.262, 16.17, 17.899, 18.745, 20.01, 19.974, 17.869, 16.608, 13.688, 10.259, 11.508, 13.003, 11.956, 13.098, 15.101, 13.479, 10.438, 10.621, 12.68, 13.128, 12.747, 12.924, 11.996, 9.627, 10.816, 12.169, 11.603, 8.562, 10.153, 10.193, 8.663, 9.178, 10.763, 12.154, 11.804, 12.455, 12.486, 12.635, 14.124, 14.335, 13.213, 10.953, 10.922, 11.175, 12.177, 12.109, 11.847, 12.58, 15.875, 17.016, 18.904, 19.859, 18.231, 18.753, 17.184, 15.339, 16.74, 18.679, 22.18, 24.217, 22.487, 21.062, 21.058, 23.953], [12.67, 10.053, 10.542, 13.193, 8.185, 6.382, 5.357, 5.074, 3.917, 3.672, 3.016, 2.861, 2.918, 2.809, 3.105, 3.411, 3.669, 3.873, 4.096, 3.287, 3.566, 2.546, 1.155, 0.0, 4.748, 12.404, 17.941, 17.117, 17.125, 17.631, 18.302, 17.358, 18.318, 20.404, 19.868, 16.979, 16.414, 16.937, 17.091, 18.831, 18.454, 17.713, 19.305, 19.83, 22.345, 21.529, 19.429, 18.276, 18.466, 19.612, 19.825, 20.721, 23.47, 23.235, 22.218, 21.655, 20.12, 17.216, 15.793, 14.615, 15.182, 17.036, 15.599, 14.301, 16.22, 17.888, 18.714, 20.031, 20.028, 17.944, 16.652, 13.732, 10.25, 11.556, 12.939, 11.9, 13.097, 15.046, 13.506, 10.403, 10.595, 12.657, 13.057, 12.715, 12.914, 11.973, 9.585, 10.735, 12.141, 11.535, 8.349, 10.222, 10.186, 8.661, 8.887, 10.229, 11.871, 11.643, 12.375, 12.304, 12.526, 14.063, 14.252, 13.207, 10.9, 10.695, 10.985, 12.055, 12.135, 11.851, 12.582, 15.859, 17.057, 18.948, 19.917, 18.273, 18.804, 17.165, 15.36, 16.767, 18.688, 22.219, 24.312, 22.551, 21.095, 21.07, 24.007], [8.366, 6.121, 6.478, 9.043, 4.093, 3.109, 2.437, 2.282, 2.038, 3.048, 2.64, 3.245, 3.882, 3.439, 3.386, 3.445, 3.205, 2.646, 3.243, 3.118, 2.32, 3.601, 5.014, 4.748, 0.0, 7.787, 13.368, 12.632, 12.856, 13.472, 14.109, 13.163, 13.991, 15.876, 15.71, 12.864, 12.302, 12.778, 12.755, 14.313, 14.011, 13.569, 15.138, 15.738, 18.304, 17.272, 15.128, 13.931, 14.291, 15.461, 15.464, 16.514, 19.382, 19.186, 18.145, 17.49, 16.012, 13.026, 11.535, 10.391, 11.181, 13.046, 11.55, 10.238, 12.162, 13.723, 14.428, 15.784, 15.927, 13.996, 12.63, 9.544, 6.275, 7.456, 8.735, 7.528, 8.727, 10.717, 9.369, 6.108, 6.385, 8.443, 8.78, 8.34, 8.572, 7.573, 5.427, 6.294, 7.492, 7.135, 4.264, 6.072, 6.167, 4.583, 4.811, 6.37, 7.827, 7.557, 8.288, 8.32, 8.064, 9.557, 9.9, 9.084, 6.729, 6.443, 6.788, 7.648, 8.017, 7.698, 8.398, 11.87, 13.073, 14.838, 15.866, 14.186, 14.757, 13.136, 11.282, 12.728, 14.651, 18.194, 20.346, 18.545, 17.003, 16.883, 19.829], [1.723, 3.249, 2.466, 2.638, 5.119, 6.971, 7.554, 7.73, 9.474, 10.57, 10.132, 10.446, 10.812, 10.6, 10.797, 10.634, 10.56, 9.615, 9.976, 10.213, 9.458, 10.396, 12.428, 12.404, 7.787, 0.0, 5.708, 5.086, 5.569, 6.083, 6.413, 5.481, 6.242, 8.17, 8.018, 5.342, 4.94, 5.237, 5.232, 6.837, 6.416, 5.88, 7.41, 8.016, 10.646, 9.576, 7.386, 6.216, 6.605, 7.77, 7.755, 8.834, 11.705, 11.495, 10.442, 9.814, 8.336, 5.554, 4.19, 3.32, 3.604, 5.434, 4.245, 3.883, 5.03, 6.082, 6.725, 8.103, 8.255, 6.374, 5.252, 2.917, 3.207, 2.339, 1.685, 1.43, 1.461, 3.121, 2.717, 2.538, 2.585, 2.542, 2.541, 2.291, 2.624, 2.675, 3.283, 1.961, 2.609, 2.899, 4.229, 2.573, 3.079, 4.396, 3.815, 2.919, 2.236, 2.257, 1.903, 2.549, 2.186, 2.5, 2.826, 2.208, 2.182, 1.976, 2.199, 1.802, 1.97, 2.766, 2.036, 4.646, 6.221, 7.353, 8.359, 6.761, 7.09, 5.46, 3.918, 5.225, 6.992, 10.532, 12.721, 10.931, 9.334, 9.191, 12.145], [5.515, 8.631, 7.784, 6.039, 10.583, 12.399, 13.168, 13.304, 15.105, 16.032, 15.58, 15.857, 16.276, 16.015, 16.208, 16.042, 15.971, 15.036, 15.431, 15.628, 14.903, 15.816, 17.974, 17.941, 13.368, 5.708, 0.0, 1.585, 1.939, 2.085, 2.065, 2.726, 2.079, 2.779, 2.959, 4.03, 3.735, 4.044, 3.821, 3.303, 3.411, 2.562, 3.022, 3.091, 5.232, 4.455, 2.75, 1.846, 2.07, 2.866, 2.828, 3.784, 6.319, 6.09, 5.025, 4.558, 3.518, 2.127, 2.957, 3.835, 4.496, 3.666, 4.16, 6.192, 5.339, 1.477, 1.628, 2.934, 3.012, 4.162, 3.136, 6.158, 8.614, 7.626, 5.757, 6.156, 5.014, 3.392, 5.316, 7.719, 7.77, 5.603, 5.532, 5.905, 5.853, 6.867, 8.693, 7.284, 6.047, 6.636, 9.738, 7.978, 8.345, 9.827, 9.335, 8.473, 6.676, 6.782, 6.157, 6.492, 5.866, 4.016, 4.18, 5.652, 7.369, 7.39, 7.119, 5.985, 6.372, 7.445, 5.924, 5.275, 7.479, 7.508, 7.596, 6.706, 4.551, 3.355, 3.519, 2.823, 1.992, 5.141, 7.32, 5.717, 4.187, 3.951, 6.915], [4.852, 7.77, 6.947, 5.639, 9.832, 11.558, 12.358, 12.537, 14.351, 15.15, 14.7, 15.016, 15.476, 15.184, 15.36, 15.199, 15.128, 14.175, 14.614, 14.779, 14.025, 14.958, 17.174, 17.117, 12.632, 5.086, 1.585, 0.0, 1.264, 2.01, 2.043, 2.573, 2.258, 3.61, 3.67, 3.731, 3.404, 3.618, 3.46, 3.17, 3.121, 2.504, 3.395, 3.79, 5.801, 4.861, 3.255, 1.998, 2.38, 2.951, 3.036, 4.165, 6.859, 6.648, 5.595, 5.02, 3.779, 1.606, 2.348, 3.056, 3.964, 3.613, 3.7, 5.759, 4.981, 1.589, 2.049, 3.307, 3.416, 4.236, 3.182, 5.476, 7.774, 6.781, 5.083, 5.337, 4.337, 3.107, 4.475, 7.002, 7.011, 5.092, 4.866, 5.313, 5.357, 6.209, 7.818, 6.558, 5.437, 5.815, 8.911, 7.196, 7.494, 8.96, 8.637, 7.745, 5.822, 5.916, 5.278, 5.615, 5.173, 3.521, 3.636, 4.799, 6.522, 6.579, 6.321, 5.152, 5.767, 6.778, 5.228, 4.86, 7.054, 7.063, 7.142, 6.259, 4.399, 3.209, 2.995, 2.68, 2.507, 5.693, 7.874, 6.13, 4.507, 4.456, 7.349], [5.388, 7.75, 7.13, 6.091, 9.986, 11.642, 12.502, 12.718, 14.428, 15.08, 14.635, 15.273, 15.656, 15.487, 15.376, 15.217, 15.106, 14.198, 14.697, 14.792, 14.042, 14.99, 17.167, 17.125, 12.856, 5.569, 1.939, 1.264, 0.0, 1.452, 1.852, 2.969, 2.674, 3.635, 3.514, 4.298, 3.934, 4.253, 4.21, 3.415, 3.453, 2.841, 3.399, 3.564, 5.492, 4.512, 3.209, 2.043, 2.303, 2.692, 2.898, 3.925, 6.575, 6.357, 5.356, 4.699, 3.342, 1.67, 2.319, 3.089, 4.22, 3.764, 3.654, 5.924, 4.958, 1.652, 2.094, 3.029, 3.183, 4.449, 2.994, 5.542, 7.816, 6.73, 5.361, 5.549, 4.715, 3.693, 4.492, 7.363, 7.396, 5.521, 5.448, 5.931, 5.937, 6.809, 7.897, 6.86, 5.805, 6.185, 8.94, 7.297, 7.467, 8.886, 8.779, 7.806, 5.822, 5.879, 5.252, 5.54, 5.589, 3.694, 3.661, 4.734, 6.525, 6.708, 6.381, 5.437, 5.957, 6.973, 5.539, 5.391, 7.529, 7.581, 7.554, 6.694, 4.658, 3.631, 3.293, 3.017, 2.235, 5.378, 7.567, 5.808, 4.255, 4.085, 7.061], [5.953, 7.793, 7.333, 6.412, 10.099, 12.076, 13.1, 13.338, 15.052, 15.241, 14.926, 15.523, 15.79, 15.714, 15.57, 15.368, 15.28, 14.291, 14.637, 14.818, 14.227, 15.321, 17.582, 17.631, 13.472, 6.083, 2.085, 2.01, 1.452, 0.0, 1.519, 3.439, 3.05, 3.508, 3.617, 4.766, 4.503, 4.824, 4.794, 4.416, 4.448, 3.295, 3.811, 3.754, 4.94, 4.852, 3.766, 2.606, 2.654, 2.901, 3.286, 4.031, 6.078, 5.869, 4.896, 4.572, 3.726, 2.02, 2.502, 3.404, 4.225, 3.828, 3.594, 5.862, 4.848, 1.296, 1.748, 2.728, 2.637, 4.435, 2.409, 5.499, 7.775, 6.765, 5.639, 6.046, 5.266, 4.344, 4.634, 7.795, 7.732, 6.102, 5.898, 6.492, 6.402, 7.349, 8.258, 7.451, 6.551, 6.593, 9.473, 7.577, 7.601, 9.13, 9.256, 8.327, 6.128, 6.156, 5.44, 5.615, 5.859, 4.157, 3.897, 4.832, 6.937, 7.276, 6.844, 5.965, 6.211, 7.143, 5.836, 5.887, 7.944, 8.029, 7.996, 7.185, 5.003, 4.01, 3.475, 3.252, 2.253, 4.744, 6.922, 5.207, 3.775, 4.045, 6.586], [5.9, 8.538, 7.822, 5.627, 10.294, 12.605, 13.766, 13.988, 15.679, 15.891, 15.499, 15.909, 15.819, 16.052, 16.04, 15.665, 15.451, 14.688, 14.873, 15.28, 14.858, 15.961, 18.299, 18.302, 14.109, 6.413, 2.065, 2.043, 1.852, 1.519, 0.0, 2.427, 2.026, 3.069, 2.945, 3.689, 3.852, 4.01, 3.804, 3.543, 3.744, 2.261, 2.879, 2.96, 4.253, 3.762, 2.752, 1.811, 1.689, 1.868, 2.853, 3.731, 5.366, 5.176, 4.198, 3.804, 2.766, 1.897, 2.715, 3.767, 3.739, 3.281, 3.325, 5.334, 4.447, 1.296, 1.03, 2.345, 2.08, 3.681, 2.995, 5.425, 8.364, 7.261, 5.523, 6.61, 5.574, 3.839, 4.969, 8.114, 7.989, 6.133, 5.65, 5.977, 5.951, 6.845, 8.847, 8.062, 6.935, 7.005, 10.157, 8.238, 8.196, 9.825, 9.974, 9.033, 6.674, 6.788, 6.039, 6.261, 6.25, 4.783, 4.289, 5.263, 7.475, 7.963, 7.563, 6.565, 6.323, 6.733, 5.854, 4.906, 7.081, 7.115, 7.19, 6.312, 4.167, 3.251, 3.475, 2.456, 1.777, 4.142, 6.318, 4.611, 3.09, 3.219, 5.826], [4.825, 7.619, 6.874, 4.212, 9.372, 11.69, 12.783, 13.009, 14.736, 15.012, 14.591, 14.892, 14.869, 15.095, 15.117, 14.696, 14.468, 13.776, 13.939, 14.376, 13.898, 15.025, 17.392, 17.358, 13.163, 5.481, 2.726, 2.573, 2.969, 3.439, 2.427, 0.0, 1.528, 3.479, 2.731, 1.62, 1.929, 1.954, 1.8, 2.67, 2.705, 1.089, 2.068, 2.756, 5.187, 4.208, 2.218, 2.045, 1.691, 3.066, 3.783, 4.77, 6.322, 6.121, 5.145, 4.521, 3.089, 2.155, 2.37, 3.008, 2.707, 2.472, 2.719, 4.183, 3.6, 2.375, 2.284, 3.815, 3.403, 2.524, 2.99, 4.534, 7.459, 6.315, 4.473, 5.674, 4.585, 2.49, 4.003, 7.082, 6.994, 4.901, 4.528, 4.94, 4.703, 5.82, 7.874, 7.11, 5.943, 6.053, 9.214, 7.33, 7.291, 8.9, 9.03, 8.092, 5.722, 5.88, 5.148, 5.362, 5.307, 4.138, 3.757, 4.348, 6.573, 6.979, 6.626, 5.612, 5.329, 5.751, 4.897, 2.764, 4.823, 4.955, 5.096, 4.219, 2.788, 1.64, 2.478, 1.446, 2.42, 5.071, 7.26, 5.557, 4.013, 3.837, 6.757], [5.737, 8.655, 7.8, 5.196, 10.363, 12.638, 13.643, 13.864, 15.651, 16.038, 15.592, 15.802, 15.829, 15.973, 16.087, 15.797, 15.592, 14.827, 14.992, 15.442, 14.908, 16.004, 18.395, 18.318, 13.991, 6.242, 2.079, 2.258, 2.674, 3.05, 2.026, 1.528, 0.0, 2.756, 2.047, 2.307, 2.598, 2.444, 2.332, 1.845, 2.523, 1.264, 1.645, 2.041, 4.412, 3.361, 1.805, 1.498, 1.245, 2.485, 3.16, 4.294, 5.684, 5.301, 4.51, 4.027, 2.8, 2.111, 2.838, 3.911, 3.799, 2.988, 3.47, 5.049, 4.107, 2.083, 1.713, 3.321, 2.885, 3.098, 3.489, 5.508, 8.493, 7.396, 5.453, 6.552, 5.474, 3.39, 5.095, 8.004, 7.868, 5.785, 5.376, 5.767, 5.56, 6.583, 8.875, 7.925, 6.73, 6.864, 10.182, 8.328, 8.318, 9.928, 9.955, 9.059, 6.676, 6.9, 6.179, 6.382, 6.071, 4.664, 4.257, 5.4, 7.52, 7.874, 7.604, 6.403, 6.33, 6.866, 5.854, 3.849, 5.515, 5.534, 5.598, 4.731, 2.751, 2.19, 3.394, 1.999, 1.94, 4.445, 6.488, 5.089, 3.582, 3.249, 5.968], [7.737, 10.787, 9.908, 7.475, 12.491, 14.716, 15.653, 15.819, 17.635, 18.253, 17.759, 17.824, 18.076, 18.024, 18.287, 18.011, 17.832, 17.144, 17.244, 17.686, 17.052, 18.062, 20.411, 20.404, 15.876, 8.17, 2.779, 3.61, 3.635, 3.508, 3.069, 3.479, 2.756, 0.0, 1.651, 4.234, 4.294, 3.934, 3.791, 2.691, 2.552, 3.217, 2.155, 1.644, 3.008, 2.782, 1.743, 2.602, 2.72, 2.314, 2.618, 2.768, 4.02, 3.663, 2.686, 2.626, 2.524, 3.993, 5.033, 6.065, 6.041, 5.077, 5.653, 7.426, 6.563, 2.762, 2.314, 1.913, 2.681, 5.311, 5.017, 7.753, 10.758, 9.717, 7.548, 8.508, 7.371, 5.365, 7.353, 10.009, 9.868, 7.803, 7.52, 7.732, 7.527, 8.527, 10.968, 9.802, 8.58, 8.875, 12.197, 10.369, 10.499, 12.1, 11.854, 11.002, 8.94, 9.112, 8.41, 8.658, 8.004, 6.387, 6.201, 7.702, 9.621, 9.862, 9.6, 8.368, 8.449, 9.147, 7.853, 5.293, 6.528, 6.483, 6.365, 5.799, 4.085, 3.725, 5.632, 4.228, 2.241, 2.735, 4.687, 3.232, 1.808, 2.01, 4.625], [7.354, 10.067, 9.378, 6.795, 11.91, 14.204, 15.317, 15.567, 17.296, 17.573, 17.083, 17.436, 17.449, 17.673, 17.682, 17.291, 17.097, 16.434, 16.547, 16.949, 16.42, 17.526, 19.847, 19.868, 15.71, 8.018, 2.959, 3.67, 3.514, 3.617, 2.945, 2.731, 2.047, 1.651, 0.0, 3.311, 3.529, 3.084, 3.191, 2.102, 2.55, 2.369, 1.146, 1.116, 2.657, 2.066, 1.382, 2.244, 2.004, 2.07, 2.915, 3.098, 3.959, 3.57, 2.809, 2.465, 2.189, 3.312, 4.365, 5.452, 5.197, 4.217, 4.74, 6.469, 5.528, 2.685, 2.341, 2.721, 2.733, 4.296, 4.327, 7.014, 9.997, 8.91, 6.991, 8.221, 7.074, 5.035, 6.548, 9.633, 9.49, 7.392, 7.112, 7.475, 7.232, 8.301, 10.416, 9.658, 8.465, 8.61, 11.695, 9.792, 9.767, 11.371, 11.52, 10.579, 8.357, 8.391, 7.693, 7.931, 7.855, 6.307, 5.873, 6.957, 9.119, 9.48, 9.103, 8.17, 7.853, 8.395, 7.395, 4.451, 5.072, 5.117, 4.969, 4.392, 2.784, 2.901, 4.913, 3.425, 1.969, 2.871, 4.726, 3.777, 2.465, 1.775, 4.439], [4.55, 7.347, 6.619, 3.887, 9.07, 11.373, 12.453, 12.702, 14.443, 14.669, 14.187, 14.546, 14.512, 14.797, 14.841, 14.354, 14.084, 13.428, 13.539, 14.01, 13.557, 14.655, 17.01, 16.979, 12.864, 5.342, 4.03, 3.731, 4.298, 4.766, 3.689, 1.62, 2.307, 4.234, 3.311, 0.0, 1.276, 1.275, 1.012, 2.688, 2.823, 1.618, 2.524, 3.262, 5.525, 4.598, 3.046, 2.957, 2.606, 3.872, 4.651, 5.65, 6.889, 6.623, 5.715, 5.124, 3.861, 3.321, 3.31, 3.214, 2.758, 3.091, 3.198, 3.979, 4.208, 3.678, 3.506, 4.745, 4.178, 3.062, 3.923, 4.419, 7.06, 5.901, 4.203, 5.431, 4.233, 2.422, 3.626, 6.769, 6.607, 4.533, 4.204, 4.606, 4.375, 5.432, 7.537, 6.789, 5.6, 5.755, 8.901, 7.051, 6.957, 8.53, 8.659, 7.744, 5.509, 5.544, 4.874, 5.296, 5.337, 4.611, 4.308, 4.494, 6.283, 6.629, 6.3, 5.339, 5.022, 5.335, 4.606, 1.949, 3.676, 3.95, 4.052, 3.227, 2.361, 1.583, 2.796, 1.916, 3.402, 5.483, 7.529, 6.056, 4.611, 4.446, 7.183], [4.031, 6.877, 6.084, 3.733, 8.625, 10.905, 11.926, 12.175, 13.889, 14.284, 13.739, 14.199, 14.289, 14.426, 14.519, 14.257, 14.155, 13.301, 13.408, 13.754, 13.108, 14.151, 16.349, 16.414, 12.302, 4.94, 3.735, 3.404, 3.934, 4.503, 3.852, 1.929, 2.598, 4.294, 3.529, 1.276, 0.0, 1.161, 1.283, 2.62, 2.797, 2.036, 3.069, 3.634, 6.066, 5.173, 3.473, 3.453, 3.033, 4.303, 4.494, 5.359, 7.246, 7.008, 6.084, 5.428, 4.33, 3.363, 3.441, 3.073, 2.967, 3.732, 3.838, 4.673, 4.888, 3.457, 3.612, 4.661, 4.747, 3.719, 4.143, 5.074, 6.768, 5.793, 4.019, 4.952, 3.806, 2.155, 3.512, 6.269, 6.095, 4.079, 3.934, 4.14, 3.95, 5.088, 7.047, 6.257, 5.065, 5.243, 8.303, 6.415, 6.547, 8.053, 8.063, 7.197, 5.327, 5.27, 4.644, 5.065, 5.02, 4.476, 4.315, 4.517, 5.793, 6.139, 5.75, 4.858, 4.471, 5.363, 4.127, 2.17, 3.931, 4.261, 4.365, 3.502, 2.925, 1.722, 2.864, 2.148, 3.602, 6.052, 8.067, 6.607, 5.089, 4.879, 7.715], [4.437, 7.3, 6.475, 3.964, 9.027, 11.446, 12.404, 12.646, 14.376, 14.76, 14.306, 14.562, 14.677, 14.778, 14.924, 14.519, 14.351, 13.707, 13.762, 14.153, 13.618, 14.576, 16.951, 16.937, 12.778, 5.237, 4.044, 3.618, 4.253, 4.824, 4.01, 1.954, 2.444, 3.934, 3.084, 1.275, 1.161, 0.0, 1.067, 2.256, 2.584, 2.009, 2.585, 3.207, 5.549, 4.671, 3.01, 3.115, 2.87, 3.825, 4.463, 5.439, 6.847, 6.423, 5.519, 5.033, 4.049, 3.535, 3.85, 3.502, 3.157, 3.785, 3.741, 4.454, 4.692, 3.703, 3.71, 4.58, 4.475, 3.654, 4.404, 5.008, 7.251, 6.213, 4.197, 5.345, 4.324, 2.548, 3.923, 6.753, 6.613, 4.558, 4.315, 4.589, 4.338, 5.361, 7.614, 6.759, 5.537, 5.7, 8.78, 6.889, 6.991, 8.657, 8.547, 7.606, 5.68, 5.744, 4.995, 5.395, 5.25, 4.735, 4.487, 4.733, 6.268, 6.617, 6.18, 5.267, 4.974, 5.667, 4.392, 1.935, 3.437, 3.768, 3.845, 2.836, 2.31, 1.603, 3.115, 2.357, 3.474, 5.564, 7.624, 6.225, 4.697, 4.35, 7.175], [4.511, 7.484, 6.626, 4.009, 9.151, 11.433, 12.418, 12.643, 14.4, 14.846, 14.409, 14.537, 14.581, 14.727, 14.86, 14.467, 14.27, 13.649, 13.817, 14.247, 13.677, 14.764, 17.151, 17.091, 12.755, 5.232, 3.821, 3.46, 4.21, 4.794, 3.804, 1.8, 2.332, 3.791, 3.191, 1.012, 1.283, 1.067, 0.0, 2.344, 2.397, 1.886, 2.478, 3.143, 5.622, 4.581, 2.789, 2.817, 2.762, 3.768, 4.325, 5.346, 6.922, 6.566, 5.533, 4.874, 3.916, 3.394, 3.549, 3.35, 3.042, 3.606, 3.721, 4.502, 4.702, 3.679, 3.464, 4.529, 4.44, 3.602, 4.348, 4.728, 7.356, 6.213, 4.219, 5.356, 4.306, 2.39, 3.909, 6.763, 6.649, 4.6, 4.163, 4.529, 4.31, 5.381, 7.633, 6.698, 5.515, 5.62, 8.959, 7.121, 7.14, 8.733, 8.71, 7.808, 5.667, 5.803, 5.109, 5.498, 5.068, 4.475, 4.241, 4.548, 6.315, 6.651, 6.358, 5.183, 5.099, 5.58, 4.62, 2.004, 3.718, 3.85, 3.941, 3.107, 2.339, 1.522, 3.08, 2.149, 3.535, 5.548, 7.675, 6.151, 4.592, 4.292, 7.118], [6.221, 9.339, 8.442, 5.904, 10.933, 13.225, 14.072, 14.231, 16.035, 16.703, 16.21, 16.276, 16.525, 16.51, 16.767, 16.461, 16.277, 15.588, 15.705, 16.138, 15.515, 16.517, 18.833, 18.831, 14.313, 6.837, 3.303, 3.17, 3.415, 4.416, 3.543, 2.67, 1.845, 2.691, 2.102, 2.688, 2.62, 2.256, 2.344, 0.0, 2.051, 2.234, 1.938, 2.101, 4.103, 3.17, 2.193, 2.462, 2.443, 3.104, 3.468, 4.33, 5.627, 4.982, 4.347, 3.939, 3.282, 3.375, 4.174, 4.851, 4.79, 4.186, 4.675, 6.054, 5.326, 3.416, 3.104, 3.684, 3.627, 4.378, 5.14, 6.469, 9.247, 8.175, 6.044, 7.013, 5.854, 3.993, 5.84, 8.455, 8.299, 6.279, 6.026, 6.212, 6.021, 6.919, 9.414, 8.301, 7.045, 7.33, 10.666, 8.864, 8.995, 10.568, 10.232, 9.415, 7.554, 7.675, 7.012, 7.414, 6.762, 5.608, 5.436, 6.298, 8.102, 8.309, 8.043, 6.931, 6.905, 7.597, 6.311, 3.891, 4.702, 4.848, 4.77, 4.025, 2.613, 2.896, 4.333, 3.107, 2.835, 4.371, 6.156, 5.22, 3.923, 3.196, 5.616], [5.846, 8.91, 8.051, 5.709, 10.559, 12.777, 13.762, 13.947, 15.69, 16.323, 15.825, 15.941, 16.153, 16.15, 16.381, 16.137, 15.969, 15.233, 15.364, 15.791, 15.124, 16.134, 18.466, 18.454, 14.011, 6.416, 3.411, 3.121, 3.453, 4.448, 3.744, 2.705, 2.523, 2.552, 2.55, 2.823, 2.797, 2.584, 2.397, 2.051, 0.0, 2.46, 2.494, 2.315, 4.512, 3.385, 1.825, 2.485, 2.621, 2.78, 3.015, 3.416, 5.54, 5.232, 4.18, 3.551, 2.479, 3.378, 3.969, 4.295, 4.352, 4.232, 4.525, 6.008, 5.818, 3.433, 3.227, 3.293, 4.022, 4.693, 4.892, 6.128, 8.827, 7.802, 5.656, 6.618, 5.562, 3.567, 5.47, 8.095, 8.016, 5.915, 5.622, 5.817, 5.64, 6.767, 9.026, 7.96, 6.754, 6.967, 10.279, 8.471, 8.572, 10.169, 10.003, 9.093, 7.025, 7.199, 6.503, 6.847, 6.287, 5.178, 4.956, 5.899, 7.7, 7.962, 7.656, 6.486, 6.523, 7.272, 5.903, 3.706, 5.285, 5.202, 5.069, 4.581, 3.334, 2.717, 3.996, 3.024, 2.918, 4.457, 6.441, 4.902, 3.35, 3.008, 5.88], [5.216, 7.959, 7.239, 4.601, 9.76, 12.071, 13.177, 13.427, 15.151, 15.408, 14.917, 15.284, 15.253, 15.516, 15.528, 15.059, 14.842, 14.205, 14.346, 14.768, 14.275, 15.369, 17.719, 17.713, 13.569, 5.88, 2.562, 2.504, 2.841, 3.295, 2.261, 1.089, 1.264, 3.217, 2.369, 1.618, 2.036, 2.009, 1.886, 2.234, 2.46, 0.0, 1.815, 2.424, 4.777, 3.857, 2.083, 1.728, 1.298, 2.661, 3.531, 4.553, 6.045, 5.743, 4.776, 4.197, 2.833, 1.977, 2.4, 3.298, 2.96, 2.222, 2.727, 4.367, 3.853, 2.171, 2.074, 3.544, 2.908, 2.562, 3.106, 4.737, 7.806, 6.676, 4.847, 6.093, 4.948, 2.908, 4.361, 7.498, 7.345, 5.259, 4.947, 5.328, 5.097, 6.177, 8.269, 7.519, 6.332, 6.472, 9.552, 7.667, 7.618, 9.214, 9.379, 8.436, 6.141, 6.204, 5.51, 5.719, 5.742, 4.34, 3.939, 4.768, 6.965, 7.341, 6.967, 6.022, 5.715, 6.126, 5.252, 2.959, 4.951, 5.114, 5.189, 4.339, 2.411, 1.593, 2.812, 1.533, 2.049, 4.658, 6.841, 5.134, 3.708, 3.51, 6.388], [6.779, 9.613, 8.829, 6.171, 11.361, 13.7, 14.71, 14.964, 16.729, 17.0, 16.535, 16.822, 16.864, 17.086, 17.151, 16.655, 16.431, 15.769, 15.859, 16.328, 15.886, 16.992, 19.364, 19.305, 15.138, 7.41, 3.022, 3.395, 3.399, 3.811, 2.879, 2.068, 1.645, 2.155, 1.146, 2.524, 3.069, 2.585, 2.478, 1.938, 2.494, 1.815, 0.0, 1.093, 3.262, 2.36, 1.183, 1.754, 1.765, 2.171, 2.969, 3.619, 4.656, 4.253, 3.452, 3.03, 2.113, 2.869, 3.748, 4.891, 4.54, 3.461, 4.034, 5.727, 4.668, 2.729, 2.401, 2.982, 2.667, 3.539, 4.022, 6.183, 9.374, 8.226, 6.414, 7.624, 6.503, 4.479, 5.966, 9.06, 8.912, 6.824, 6.48, 6.879, 6.667, 7.685, 9.847, 9.06, 7.882, 8.003, 11.177, 9.301, 9.265, 10.875, 10.982, 10.055, 7.65, 7.846, 7.082, 7.321, 7.264, 5.753, 5.331, 6.338, 8.568, 8.9, 8.589, 7.556, 7.331, 7.719, 6.85, 3.764, 4.797, 4.864, 4.722, 4.013, 2.155, 2.355, 4.28, 2.708, 2.111, 3.293, 5.311, 4.182, 2.813, 2.296, 4.867], [7.379, 10.118, 9.361, 6.803, 12.008, 14.358, 15.316, 15.569, 17.338, 17.688, 17.14, 17.443, 17.511, 17.693, 17.793, 17.366, 17.155, 16.479, 16.6, 17.03, 16.519, 17.588, 19.862, 19.83, 15.738, 8.016, 3.091, 3.79, 3.564, 3.754, 2.96, 2.756, 2.041, 1.644, 1.116, 3.262, 3.634, 3.207, 3.143, 2.101, 2.315, 2.424, 1.093, 0.0, 2.774, 2.161, 1.095, 2.231, 2.108, 2