[[0.0, 1.122, 1.907, 2.055, 1.743, 1.908, 1.608, 2.986, 3.691, 3.746, 3.334, 2.588, 1.738, 2.303, 2.355, 2.383, 1.923, 2.04, 2.943, 3.103, 5.294, 8.21, 9.815, 9.945, 9.582, 9.764, 10.187, 9.824, 9.542, 9.133, 9.725, 9.868, 9.323, 8.87, 8.061, 5.893, 5.426, 5.299, 5.094, 4.267, 3.843, 4.647, 6.051, 6.645, 6.265, 4.246, 1.457, 1.708, 2.031, 2.379, 2.556, 2.255, 2.075, 1.35, 1.989, 3.329, 6.137, 4.964, 3.029, 4.455, 5.052, 4.641, 4.645, 4.975, 5.645, 6.555, 6.062, 5.155, 4.054, 2.868, 3.222, 3.266, 3.204, 2.824, 3.356, 3.998, 2.911, 2.843, 3.212, 1.947, 2.287, 3.883, 4.465, 4.608, 5.222, 5.611, 5.548, 3.695, 2.48, 3.808, 3.703, 3.204, 3.661, 4.504, 5.044, 3.819, 2.847, 3.101, 3.042, 4.975, 5.516, 5.484, 5.642, 3.532, 2.835, 2.303, 1.804, 3.654, 4.236, 4.391, 5.058, 5.727, 4.814, 1.697, 1.812, 2.178, 2.5, 2.678, 2.285, 2.776, 3.126, 3.16, 4.332, 4.341, 4.329, 3.843, 3.344, 3.46, 2.615, 1.942, 2.339, 4.043, 5.501, 7.812, 11.258, 12.62, 11.756, 11.876, 12.196, 10.609, 10.561, 12.453, 13.594, 14.212, 15.112, 15.505], [1.122, 0.0, 1.271, 1.84, 1.632, 1.828, 1.62, 2.906, 3.737, 3.748, 3.387, 2.786, 1.854, 2.168, 2.061, 2.263, 1.894, 2.226, 3.127, 3.282, 5.556, 8.366, 9.796, 10.039, 9.692, 9.82, 10.34, 10.04, 9.684, 9.272, 9.833, 10.021, 9.48, 9.022, 8.244, 6.024, 5.598, 5.475, 5.345, 4.358, 3.776, 4.485, 5.912, 6.477, 6.081, 4.025, 1.528, 2.03, 2.345, 2.652, 2.818, 2.661, 2.141, 1.339, 1.918, 3.417, 6.166, 5.04, 3.011, 4.348, 4.999, 4.538, 4.507, 4.824, 5.517, 6.371, 6.009, 5.043, 3.903, 2.861, 3.152, 3.19, 3.586, 3.187, 3.418, 3.98, 3.108, 2.993, 3.42, 2.272, 2.702, 4.037, 4.875, 5.076, 5.294, 5.66, 5.674, 3.672, 2.827, 3.929, 3.841, 3.346, 3.856, 4.66, 5.146, 4.121, 3.157, 3.365, 3.355, 5.065, 5.74, 5.552, 5.549, 3.482, 3.0, 2.574, 1.68, 3.679, 4.375, 4.587, 5.328, 5.967, 4.976, 2.173, 1.957, 2.386, 2.852, 2.918, 2.439, 2.937, 3.076, 3.541, 4.504, 4.479, 4.322, 3.95, 3.415, 3.639, 2.844, 1.941, 2.735, 4.443, 5.676, 7.7, 11.122, 12.447, 11.569, 11.718, 12.031, 10.54, 10.788, 12.632, 13.494, 14.114, 14.967, 15.348], [1.907, 1.271, 0.0, 1.34, 1.929, 2.77, 2.334, 2.72, 3.553, 4.052, 3.78, 3.145, 2.693, 3.169, 2.872, 3.059, 2.688, 3.112, 3.907, 4.124, 6.531, 9.221, 10.538, 10.814, 10.541, 10.676, 11.254, 10.854, 10.528, 10.135, 10.764, 11.022, 10.482, 9.913, 9.278, 7.084, 6.379, 6.508, 6.35, 5.347, 4.905, 5.507, 6.911, 7.268, 7.084, 4.83, 2.369, 2.739, 2.889, 3.061, 3.26, 3.365, 2.973, 1.947, 1.944, 2.908, 5.629, 4.473, 2.743, 4.128, 4.629, 4.172, 4.26, 4.606, 5.34, 6.054, 5.676, 4.768, 3.696, 3.181, 3.576, 3.443, 4.117, 3.913, 4.395, 4.999, 4.185, 4.052, 4.191, 2.965, 3.438, 4.898, 5.412, 5.297, 4.725, 5.192, 5.084, 3.518, 3.48, 4.855, 4.7, 4.294, 4.865, 5.61, 6.057, 4.846, 4.003, 4.154, 3.934, 5.316, 5.994, 5.673, 5.206, 3.523, 3.469, 3.124, 2.445, 4.599, 5.318, 5.548, 6.184, 6.905, 5.816, 2.842, 2.551, 3.107, 3.877, 3.681, 3.346, 3.604, 3.561, 4.133, 5.334, 5.421, 5.23, 4.826, 4.3, 4.52, 3.774, 2.538, 3.209, 5.059, 6.668, 8.767, 12.098, 13.477, 12.557, 12.718, 13.041, 11.6, 11.658, 13.483, 14.522, 15.083, 15.969, 16.393], [2.055, 1.84, 1.34, 0.0, 1.649, 2.768, 2.335, 2.375, 3.169, 3.654, 3.494, 2.958, 2.744, 3.419, 3.083, 2.532, 2.833, 3.279, 4.25, 4.15, 6.723, 9.176, 10.594, 10.79, 10.516, 10.655, 11.196, 10.814, 10.501, 10.105, 10.754, 10.954, 10.426, 9.906, 9.234, 7.257, 6.788, 6.807, 6.595, 5.451, 5.213, 5.823, 7.219, 7.634, 7.392, 5.196, 2.476, 2.841, 2.643, 3.037, 3.079, 3.569, 2.967, 1.961, 1.899, 2.585, 5.08, 3.923, 2.129, 3.781, 4.322, 3.815, 3.869, 4.316, 4.974, 5.715, 5.27, 4.336, 3.44, 3.372, 3.599, 3.499, 4.199, 4.02, 4.411, 5.138, 4.296, 4.197, 4.611, 3.314, 3.651, 5.308, 5.564, 5.232, 4.575, 4.931, 4.757, 3.158, 3.591, 5.133, 5.02, 4.513, 4.881, 5.766, 6.378, 5.049, 4.051, 4.022, 3.706, 5.082, 5.744, 5.354, 4.714, 3.193, 3.128, 2.66, 2.35, 4.76, 5.356, 5.62, 6.243, 7.033, 5.821, 2.859, 2.416, 3.285, 3.871, 4.058, 3.668, 3.792, 3.654, 4.456, 5.701, 5.638, 5.56, 4.881, 4.31, 4.637, 3.699, 2.384, 3.196, 5.209, 6.8, 8.941, 12.404, 13.762, 12.881, 13.011, 13.336, 11.781, 11.721, 13.509, 14.755, 15.32, 16.26, 16.656], [1.743, 1.632, 1.929, 1.649, 0.0, 1.657, 1.41, 2.578, 3.211, 3.176, 2.927, 2.55, 1.652, 2.104, 1.976, 1.803, 1.706, 2.107, 3.024, 3.027, 5.441, 7.834, 9.305, 9.472, 9.277, 9.443, 9.719, 9.531, 9.118, 8.747, 9.261, 9.47, 8.947, 8.535, 7.745, 5.898, 5.557, 5.49, 5.456, 4.406, 4.141, 4.492, 5.918, 6.568, 6.168, 4.156, 1.888, 2.215, 2.241, 2.539, 2.385, 2.467, 1.707, 1.14, 2.035, 3.208, 6.028, 4.798, 2.707, 3.979, 4.526, 4.25, 4.118, 4.299, 4.873, 5.765, 5.42, 4.518, 3.346, 2.706, 2.885, 2.806, 3.229, 2.972, 3.042, 3.758, 3.056, 2.986, 3.453, 2.375, 2.744, 4.077, 4.628, 5.009, 5.105, 5.382, 5.529, 3.48, 2.585, 3.893, 3.725, 3.287, 3.568, 4.45, 5.103, 3.925, 2.805, 2.673, 2.807, 4.444, 5.15, 4.923, 5.179, 2.851, 2.387, 2.023, 1.239, 3.411, 4.068, 4.337, 4.987, 5.697, 4.427, 2.128, 1.887, 2.261, 2.686, 2.865, 2.487, 2.708, 2.669, 3.735, 4.444, 4.412, 4.426, 3.558, 3.067, 3.514, 2.483, 1.743, 2.35, 4.158, 5.562, 7.564, 11.03, 12.414, 11.545, 11.659, 11.98, 10.429, 10.291, 12.088, 13.371, 13.895, 14.893, 15.289], [1.908, 1.828, 2.77, 2.768, 1.657, 0.0, 1.188, 3.536, 4.143, 3.477, 2.908, 2.243, 1.259, 1.538, 1.083, 1.233, 1.148, 1.425, 2.493, 2.679, 4.878, 7.497, 8.84, 9.046, 8.861, 8.964, 9.393, 9.214, 8.773, 8.422, 8.714, 8.935, 8.417, 7.942, 7.0, 4.91, 4.532, 4.371, 4.261, 3.031, 2.693, 3.245, 4.966, 5.756, 5.274, 3.268, 1.44, 2.217, 2.275, 2.791, 2.407, 1.87, 1.457, 1.465, 2.259, 4.133, 7.052, 5.646, 3.436, 4.676, 5.427, 5.202, 4.998, 5.077, 5.799, 6.736, 6.501, 5.592, 4.445, 3.307, 3.169, 3.42, 2.865, 2.43, 2.186, 2.661, 2.225, 2.078, 2.492, 1.735, 2.006, 3.11, 3.964, 5.494, 6.179, 6.413, 6.59, 4.481, 2.471, 3.182, 3.054, 2.633, 3.018, 3.813, 4.372, 3.062, 2.131, 2.095, 2.475, 4.474, 5.249, 5.454, 6.204, 3.573, 2.211, 1.941, 1.181, 2.543, 3.286, 3.801, 4.586, 5.178, 4.069, 1.764, 1.932, 1.563, 1.69, 1.964, 1.562, 2.06, 2.649, 3.208, 3.672, 3.719, 3.581, 2.822, 2.528, 3.064, 1.687, 1.41, 2.181, 3.519, 4.697, 6.416, 9.775, 11.228, 10.353, 10.381, 10.687, 9.142, 9.763, 11.57, 12.266, 12.694, 13.631, 14.04], [1.608, 1.62, 2.334, 2.335, 1.41, 1.188, 0.0, 2.6, 3.15, 2.753, 2.206, 1.639, 1.62, 2.175, 1.477, 1.456, 1.544, 1.909, 2.619, 3.186, 5.388, 8.211, 9.635, 9.814, 9.485, 9.599, 10.043, 9.874, 9.455, 9.083, 9.425, 9.544, 9.027, 8.516, 7.577, 5.217, 4.681, 4.603, 4.466, 3.725, 3.384, 4.164, 5.909, 6.72, 6.238, 4.221, 1.85, 2.21, 1.717, 2.188, 1.967, 1.853, 1.205, 0.834, 1.663, 3.192, 6.048, 4.617, 2.64, 3.777, 4.448, 4.22, 4.072, 4.232, 4.953, 5.893, 5.649, 4.73, 3.536, 2.55, 2.551, 2.664, 2.654, 2.42, 2.819, 3.524, 2.446, 2.298, 2.559, 1.58, 1.792, 3.255, 3.883, 4.754, 5.17, 5.422, 5.578, 3.506, 2.077, 3.327, 3.255, 2.78, 3.322, 4.076, 4.541, 3.184, 2.413, 2.668, 2.477, 3.953, 4.809, 4.734, 5.316, 2.738, 1.932, 1.502, 1.376, 3.394, 4.038, 4.373, 5.03, 5.538, 4.7, 1.706, 1.262, 1.367, 1.825, 1.961, 1.697, 1.697, 2.039, 2.868, 3.823, 3.88, 3.952, 3.551, 3.345, 3.443, 1.941, 1.134, 1.862, 3.522, 4.922, 7.416, 10.775, 12.245, 11.378, 11.41, 11.715, 10.123, 10.353, 12.302, 13.253, 13.65, 14.639, 15.034], [2.986, 2.906, 2.72, 2.375, 2.578, 3.536, 2.6, 0.0, 1.212, 1.919, 2.197, 1.85, 3.608, 4.267, 3.875, 3.205, 3.644, 3.861, 3.951, 4.916, 7.358, 10.041, 11.57, 11.65, 11.294, 11.504, 11.992, 11.648, 11.339, 11.005, 11.566, 11.699, 11.057, 10.407, 9.534, 7.311, 6.514, 6.72, 6.699, 6.169, 5.828, 6.668, 8.242, 8.983, 8.575, 6.563, 3.792, 3.576, 2.321, 2.146, 2.251, 3.266, 3.052, 2.568, 2.016, 1.736, 3.986, 2.668, 2.388, 2.164, 2.308, 2.106, 2.125, 2.772, 3.122, 3.82, 3.41, 2.805, 2.12, 2.675, 2.76, 2.584, 3.174, 3.833, 5.163, 5.953, 4.525, 4.48, 4.143, 2.668, 3.036, 4.858, 4.115, 3.786, 3.122, 3.028, 3.286, 1.905, 3.222, 4.776, 4.778, 4.612, 5.123, 5.878, 6.129, 4.552, 4.261, 4.452, 3.742, 3.405, 4.131, 3.73, 3.122, 1.468, 2.779, 2.25, 3.122, 5.646, 6.299, 6.094, 6.844, 7.325, 6.613, 3.456, 2.263, 2.925, 3.987, 3.661, 3.555, 3.004, 2.548, 3.562, 5.132, 5.645, 5.857, 5.67, 5.286, 5.268, 3.809, 2.414, 2.361, 4.151, 6.888, 9.8, 13.268, 14.725, 13.855, 13.897, 14.21, 12.618, 12.138, 14.14, 15.596, 16.115, 17.148, 17.537], [3.691, 3.737, 3.553, 3.169, 3.211, 4.143, 3.15, 1.212, 0.0, 1.317, 2.051, 2.35, 4.244, 4.808, 4.375, 3.777, 4.193, 4.481, 3.914, 5.226, 7.935, 10.416, 11.92, 12.076, 11.653, 11.843, 12.275, 11.991, 11.648, 11.479, 12.075, 12.139, 11.424, 10.523, 9.455, 7.562, 6.551, 6.996, 7.217, 6.715, 6.379, 7.25, 8.893, 9.601, 9.226, 7.213, 4.396, 3.936, 2.449, 2.232, 2.433, 3.642, 3.296, 3.148, 2.618, 2.302, 3.622, 2.687, 2.799, 1.54, 1.75, 1.794, 1.554, 2.085, 2.37, 3.261, 2.857, 2.247, 1.749, 2.488, 2.49, 2.406, 2.84, 3.818, 5.721, 6.526, 5.0, 4.847, 4.659, 3.257, 3.309, 4.871, 3.525, 3.068, 2.398, 2.472, 2.706, 1.791, 3.108, 4.623, 4.784, 4.673, 5.111, 5.848, 5.954, 4.403, 4.409, 4.718, 3.918, 2.681, 3.454, 3.037, 2.577, 1.231, 2.952, 2.595, 3.717, 6.242, 6.889, 6.621, 7.175, 7.677, 6.982, 3.906, 2.647, 3.46, 4.309, 4.035, 4.074, 2.954, 2.247, 3.096, 4.741, 5.582, 6.305, 6.152, 5.783, 5.482, 3.991, 2.969, 2.607, 4.143, 6.951, 10.36, 13.828, 15.367, 14.497, 14.452, 14.756, 13.164, 12.654, 14.638, 16.18, 16.643, 17.695, 18.09], [3.746, 3.748, 4.052, 3.654, 3.176, 3.477, 2.753, 1.919, 1.317, 0.0, 1.286, 1.816, 3.905, 4.288, 3.576, 3.083, 3.662, 4.127, 3.713, 5.063, 7.538, 10.203, 11.649, 11.837, 11.45, 11.508, 11.851, 11.792, 11.352, 11.085, 11.536, 11.515, 10.884, 10.04, 8.858, 6.79, 5.75, 6.196, 6.42, 5.918, 5.577, 6.487, 8.237, 9.035, 8.553, 6.555, 4.178, 4.226, 2.594, 2.292, 1.998, 3.044, 2.598, 2.965, 2.761, 2.846, 4.128, 3.227, 3.099, 1.747, 2.262, 2.206, 2.002, 2.196, 2.56, 3.473, 3.243, 2.495, 1.774, 2.407, 2.314, 2.48, 2.506, 3.692, 5.0, 5.729, 4.308, 4.073, 3.867, 2.688, 2.815, 4.093, 2.948, 3.274, 3.044, 3.087, 3.254, 2.169, 2.965, 4.122, 4.458, 4.199, 4.598, 5.324, 5.358, 3.723, 4.015, 4.4, 3.553, 2.381, 3.089, 2.722, 2.954, 1.163, 2.43, 2.057, 3.28, 5.708, 6.316, 6.234, 6.857, 7.369, 6.761, 3.813, 2.368, 2.739, 3.477, 3.224, 3.323, 2.17, 1.699, 2.634, 4.131, 5.126, 6.032, 5.642, 5.397, 5.126, 3.383, 2.447, 2.293, 3.545, 6.275, 9.606, 13.041, 14.567, 13.692, 13.654, 13.959, 12.367, 12.345, 14.358, 15.483, 15.86, 16.903, 17.299], [3.334, 3.387, 3.78, 3.494, 2.927, 2.908, 2.206, 2.197, 2.051, 1.286, 0.0, 1.362, 3.462, 3.79, 2.989, 2.523, 3.208, 3.673, 3.494, 4.753, 7.077, 9.921, 11.384, 11.546, 11.162, 11.252, 11.606, 11.499, 11.103, 10.71, 11.117, 11.231, 10.643, 9.853, 8.781, 6.199, 5.179, 5.467, 5.762, 5.072, 4.738, 5.833, 7.662, 8.488, 8.006, 5.977, 3.715, 3.936, 2.434, 2.208, 1.87, 2.687, 2.271, 2.513, 2.351, 3.223, 4.813, 3.848, 3.207, 2.639, 3.172, 2.92, 2.726, 2.739, 3.361, 4.415, 4.198, 3.297, 2.268, 2.417, 2.467, 2.571, 2.451, 3.532, 4.482, 4.912, 3.808, 3.526, 3.275, 2.235, 2.368, 3.767, 3.025, 3.691, 3.689, 3.948, 4.099, 2.709, 2.873, 4.105, 4.32, 4.023, 4.499, 5.216, 5.278, 3.612, 3.789, 4.102, 3.36, 2.762, 3.473, 3.316, 3.883, 1.613, 2.269, 1.802, 3.035, 5.165, 5.787, 5.833, 6.583, 7.034, 6.456, 3.481, 1.905, 2.195, 2.914, 2.739, 2.745, 1.735, 1.593, 2.583, 4.133, 5.035, 5.621, 5.24, 5.094, 4.904, 3.104, 2.024, 1.89, 3.386, 6.022, 8.984, 12.246, 13.824, 12.979, 12.833, 13.098, 11.529, 11.993, 13.963, 14.991, 15.184, 16.162, 16.53], [2.588, 2.786, 3.145, 2.958, 2.55, 2.243, 1.639, 1.85, 2.35, 1.816, 1.362, 0.0, 2.698, 3.101, 2.482, 2.002, 2.578, 2.966, 3.203, 4.3, 6.355, 9.293, 10.753, 10.893, 10.576, 10.703, 11.151, 10.966, 10.586, 10.18, 10.529, 10.649, 10.112, 9.511, 8.53, 5.971, 5.091, 5.176, 5.146, 4.518, 4.085, 4.977, 6.881, 7.681, 7.199, 5.193, 2.903, 3.314, 1.917, 1.868, 1.688, 2.289, 2.062, 2.06, 1.766, 2.772, 5.335, 3.801, 3.003, 2.952, 3.675, 3.445, 3.196, 3.444, 4.112, 5.129, 4.916, 3.992, 2.949, 2.898, 2.605, 2.73, 2.53, 3.194, 3.797, 4.341, 3.259, 3.184, 2.768, 1.731, 2.01, 3.606, 3.472, 4.082, 4.383, 4.587, 4.763, 2.966, 2.682, 3.961, 3.995, 3.641, 4.207, 4.938, 5.169, 3.51, 3.383, 3.655, 2.986, 3.325, 4.069, 3.997, 4.559, 1.992, 1.924, 1.386, 2.403, 4.393, 5.05, 5.268, 6.081, 6.55, 5.836, 2.735, 1.53, 1.653, 2.545, 2.278, 2.155, 1.858, 2.064, 2.905, 4.278, 4.741, 4.94, 4.594, 4.438, 4.516, 2.757, 1.518, 1.662, 3.35, 5.735, 8.317, 11.552, 13.054, 12.237, 12.191, 12.464, 10.888, 11.402, 13.327, 14.234, 14.542, 15.411, 15.804], [1.738, 1.854, 2.693, 2.744, 1.652, 1.259, 1.62, 3.608, 4.244, 3.905, 3.462, 2.698, 0.0, 1.254, 1.624, 2.021, 1.41, 1.876, 2.968, 2.876, 5.124, 7.46, 8.737, 8.938, 8.964, 9.034, 9.373, 9.181, 8.71, 8.364, 8.676, 9.01, 8.536, 8.095, 7.215, 5.265, 5.008, 4.898, 4.868, 3.651, 3.329, 3.536, 5.085, 5.793, 5.306, 3.316, 1.507, 1.853, 2.64, 3.002, 2.953, 2.452, 2.073, 1.652, 2.483, 4.368, 7.119, 5.687, 3.655, 4.926, 5.523, 5.403, 5.179, 5.48, 6.171, 7.171, 6.901, 5.997, 4.74, 3.585, 3.686, 3.851, 3.495, 3.006, 2.287, 2.658, 2.383, 2.496, 2.929, 2.016, 2.393, 3.514, 4.617, 5.493, 6.113, 6.345, 6.536, 4.567, 2.84, 3.569, 3.441, 3.017, 3.285, 4.195, 4.745, 3.634, 2.752, 2.619, 3.216, 5.323, 5.919, 6.037, 6.561, 4.0, 3.007, 2.533, 1.674, 2.682, 3.479, 4.062, 4.788, 5.449, 4.018, 2.01, 2.24, 2.267, 2.229, 2.407, 2.111, 2.891, 3.254, 3.185, 4.029, 4.184, 3.992, 3.079, 2.676, 3.369, 2.439, 2.009, 2.707, 4.22, 5.099, 6.526, 9.914, 11.321, 10.44, 10.521, 10.841, 9.411, 10.004, 11.655, 12.347, 12.795, 13.785, 14.183], [2.303, 2.168, 3.169, 3.419, 2.104, 1.538, 2.175, 4.267, 4.808, 4.288, 3.79, 3.101, 1.254, 0.0, 1.706, 2.069, 1.341, 2.004, 2.941, 3.011, 4.994, 7.392, 8.438, 8.717, 8.873, 8.916, 9.246, 9.043, 8.585, 8.249, 8.497, 8.982, 8.43, 8.045, 7.139, 5.201, 5.084, 4.839, 4.782, 3.488, 3.025, 3.072, 4.543, 5.166, 4.599, 2.744, 1.641, 2.3, 3.17, 3.462, 3.313, 2.728, 2.487, 2.152, 2.95, 4.931, 7.85, 6.41, 4.157, 5.484, 6.208, 5.949, 5.705, 5.781, 6.475, 7.522, 7.301, 6.385, 5.242, 4.037, 3.984, 4.181, 3.728, 3.185, 2.362, 2.247, 2.388, 2.537, 3.1, 2.191, 2.529, 3.588, 4.708, 6.168, 6.816, 7.084, 7.234, 5.125, 3.167, 3.673, 3.46, 3.159, 3.398, 4.217, 4.871, 3.975, 2.817, 2.646, 3.378, 5.703, 6.288, 6.45, 6.984, 4.383, 3.408, 2.814, 1.879, 2.355, 3.3, 4.074, 4.807, 5.369, 3.947, 2.409, 2.837, 2.665, 2.54, 2.616, 2.299, 3.085, 3.527, 3.7, 4.207, 4.219, 3.912, 2.979, 2.729, 3.502, 2.612, 2.303, 3.041, 4.387, 5.142, 5.967, 9.083, 10.637, 9.758, 9.679, 9.986, 8.895, 9.893, 11.428, 11.667, 12.086, 12.94, 13.401], [2.355, 2.061, 2.872, 3.083, 1.976, 1.083, 1.477, 3.875, 4.375, 3.576, 2.989, 2.482, 1.624, 1.706, 0.0, 1.289, 1.042, 1.647, 2.602, 3.149, 5.255, 7.606, 8.794, 9.071, 9.023, 9.131, 9.441, 9.256, 8.778, 8.46, 8.733, 9.019, 8.547, 8.086, 7.137, 4.85, 4.328, 4.304, 4.159, 2.931, 2.764, 3.126, 4.817, 5.575, 5.093, 3.113, 1.851, 2.557, 2.531, 3.1, 2.591, 2.121, 1.778, 1.663, 2.6, 4.357, 7.311, 5.871, 3.603, 4.894, 5.613, 5.406, 5.197, 5.07, 5.649, 6.637, 6.394, 5.578, 4.656, 3.444, 3.206, 3.505, 3.164, 2.841, 2.396, 2.791, 2.413, 2.23, 2.605, 2.228, 2.555, 3.332, 4.301, 5.819, 6.411, 6.656, 6.821, 4.701, 2.861, 3.489, 3.267, 2.996, 3.311, 4.041, 4.441, 3.271, 2.328, 2.401, 2.658, 4.44, 5.274, 5.423, 6.3, 3.767, 2.448, 2.139, 1.293, 2.529, 3.389, 4.189, 4.807, 5.41, 4.275, 2.29, 2.242, 1.711, 1.765, 1.948, 1.523, 2.116, 2.611, 3.41, 4.048, 3.752, 3.752, 2.916, 2.703, 3.099, 1.862, 1.732, 2.515, 3.735, 4.654, 6.321, 9.477, 11.014, 10.124, 10.085, 10.4, 9.087, 9.933, 11.627, 12.191, 12.414, 13.333, 13.832], [2.383, 2.263, 3.059, 2.532, 1.803, 1.233, 1.456, 3.205, 3.777, 3.083, 2.523, 2.002, 2.021, 2.069, 1.289, 0.0, 1.523, 1.938, 3.134, 3.516, 5.485, 8.115, 9.445, 9.647, 9.443, 9.575, 9.909, 9.749, 9.304, 8.938, 9.25, 9.499, 8.972, 8.481, 7.54, 5.345, 4.988, 4.776, 4.562, 3.453, 3.122, 3.756, 5.45, 6.171, 5.678, 3.735, 1.971, 2.936, 2.276, 2.879, 2.215, 2.446, 1.684, 1.661, 2.046, 3.756, 6.75, 5.38, 3.119, 4.324, 5.063, 4.836, 4.604, 4.498, 5.088, 6.114, 5.83, 5.012, 4.115, 3.362, 2.973, 3.312, 3.202, 3.177, 2.943, 3.234, 2.816, 2.73, 3.178, 2.39, 2.575, 3.876, 4.442, 5.507, 5.789, 6.052, 6.206, 4.142, 2.958, 4.019, 3.785, 3.474, 3.752, 4.54, 4.965, 3.653, 2.714, 2.648, 2.615, 4.078, 4.946, 4.967, 5.743, 3.199, 2.178, 1.663, 1.162, 3.004, 3.815, 4.537, 5.254, 5.836, 4.862, 2.496, 2.067, 1.849, 2.224, 2.518, 1.904, 2.013, 2.446, 3.757, 4.515, 4.278, 4.252, 3.381, 3.168, 3.618, 2.158, 1.34, 2.316, 3.956, 5.189, 6.711, 10.08, 11.659, 10.805, 10.707, 11.021, 9.49, 10.271, 12.046, 12.756, 13.148, 13.992, 14.419], [1.923, 1.894, 2.688, 2.833, 1.706, 1.148, 1.544, 3.644, 4.193, 3.662, 3.208, 2.578, 1.41, 1.341, 1.042, 1.523, 0.0, 1.201, 2.339, 2.807, 4.988, 7.425, 8.596, 8.888, 8.817, 8.972, 9.167, 9.014, 8.546, 8.185, 8.489, 8.924, 8.338, 7.935, 7.044, 4.919, 4.487, 4.444, 4.313, 3.167, 2.956, 3.305, 4.835, 5.508, 5.057, 3.123, 1.46, 1.955, 2.239, 2.643, 2.393, 1.893, 1.73, 1.553, 2.615, 4.128, 7.178, 5.863, 3.636, 4.862, 5.458, 5.25, 5.121, 5.03, 5.61, 6.483, 6.269, 5.413, 4.422, 3.201, 3.13, 3.329, 2.841, 2.555, 2.313, 2.861, 2.368, 2.215, 2.687, 1.786, 2.208, 3.232, 4.045, 5.487, 6.225, 6.513, 6.634, 4.486, 2.49, 3.276, 3.024, 2.741, 2.946, 3.79, 4.331, 3.308, 2.14, 2.087, 2.521, 4.585, 5.263, 5.399, 6.109, 3.627, 2.529, 1.926, 1.174, 2.335, 3.209, 3.889, 4.537, 5.107, 3.916, 1.84, 2.116, 1.855, 1.992, 2.112, 1.668, 2.311, 2.678, 3.225, 3.828, 3.564, 3.448, 2.609, 2.451, 2.86, 1.824, 1.475, 2.249, 3.557, 4.651, 6.317, 9.712, 11.229, 10.361, 10.321, 10.645, 9.233, 9.627, 11.317, 12.126, 12.598, 13.567, 14.041], [2.04, 2.226, 3.112, 3.279, 2.107, 1.425, 1.909, 3.861, 4.481, 4.127, 3.673, 2.966, 1.876, 2.004, 1.647, 1.938, 1.201, 0.0, 1.728, 2.057, 4.052, 6.646, 8.056, 8.196, 7.898, 8.168, 8.505, 8.165, 7.771, 7.429, 7.987, 8.248, 7.65, 7.169, 6.39, 4.351, 3.996, 3.886, 3.851, 2.884, 2.663, 3.284, 4.664, 5.256, 4.86, 2.973, 1.662, 1.565, 2.363, 2.761, 2.467, 1.47, 1.834, 1.997, 3.168, 4.578, 7.52, 6.361, 4.196, 5.273, 5.793, 5.59, 5.527, 5.426, 5.858, 6.608, 6.276, 5.646, 4.707, 3.498, 3.219, 3.445, 2.652, 2.029, 2.142, 2.945, 2.11, 1.834, 2.252, 1.907, 2.188, 2.855, 3.717, 5.647, 6.468, 6.792, 7.102, 4.914, 2.438, 2.751, 2.524, 2.259, 2.538, 3.165, 3.648, 2.857, 1.573, 1.666, 2.196, 4.357, 5.045, 5.252, 6.42, 3.905, 2.421, 2.196, 1.454, 2.085, 2.773, 3.044, 3.722, 4.275, 3.361, 1.569, 2.463, 1.828, 1.654, 1.863, 1.541, 2.499, 2.942, 3.478, 3.405, 2.994, 2.851, 2.347, 1.853, 2.055, 1.579, 1.96, 2.072, 2.989, 4.119, 6.197, 9.646, 11.032, 10.178, 10.275, 10.602, 9.013, 8.682, 10.599, 11.994, 12.572, 13.51, 13.933], [2.943, 3.127, 3.907, 4.25, 3.024, 2.493, 2.619, 3.951, 3.914, 3.713, 3.494, 3.203, 2.968, 2.941, 2.602, 3.134, 2.339, 1.728, 0.0, 1.959, 4.41, 6.778, 8.297, 8.44, 8.019, 8.222, 8.636, 8.281, 7.862, 7.854, 8.488, 8.556, 7.765, 6.929, 5.91, 4.092, 3.201, 3.533, 3.91, 3.386, 3.039, 3.772, 5.303, 5.966, 5.602, 3.782, 2.69, 1.902, 2.191, 2.32, 2.095, 1.429, 1.888, 2.854, 4.031, 4.769, 7.208, 6.022, 4.125, 4.577, 5.1, 4.859, 4.798, 4.793, 5.352, 6.095, 5.788, 5.073, 4.295, 2.928, 2.517, 2.733, 2.016, 1.145, 2.477, 3.318, 1.993, 1.704, 1.935, 2.015, 1.925, 1.954, 2.842, 4.9, 5.715, 6.063, 6.401, 4.215, 1.789, 1.562, 1.399, 1.458, 1.845, 2.351, 2.565, 1.951, 1.392, 1.851, 1.997, 3.565, 4.319, 4.647, 5.758, 3.397, 2.114, 2.363, 2.373, 2.713, 3.281, 3.042, 3.609, 4.086, 3.519, 1.781, 2.619, 2.226, 1.654, 1.506, 1.86, 2.33, 2.455, 2.71, 2.154, 2.104, 2.9, 2.675, 2.194, 1.854, 1.584, 2.639, 1.968, 2.34, 3.557, 6.869, 10.337, 11.838, 10.977, 10.966, 11.27, 9.678, 9.006, 10.968, 12.66, 13.157, 14.2, 14.596], [3.103, 3.282, 4.124, 4.15, 3.027, 2.679, 3.186, 4.916, 5.226, 5.063, 4.753, 4.3, 2.876, 3.011, 3.149, 3.516, 2.807, 2.057, 1.959, 0.0, 3.155, 5.423, 7.147, 7.192, 6.725, 6.959, 7.492, 7.002, 6.811, 6.612, 7.364, 7.386, 6.798, 6.148, 5.375, 3.699, 3.585, 3.504, 3.583, 2.738, 2.752, 3.032, 4.067, 4.584, 4.277, 3.224, 2.717, 2.238, 3.218, 3.557, 3.418, 2.527, 2.895, 3.21, 4.4, 5.828, 8.434, 7.279, 5.147, 6.162, 6.656, 6.4, 6.338, 6.499, 7.041, 7.677, 7.441, 6.672, 5.661, 4.56, 4.113, 4.295, 3.495, 1.967, 1.775, 2.373, 2.051, 1.927, 2.247, 2.956, 2.81, 2.405, 3.715, 6.231, 7.059, 7.429, 7.817, 5.68, 3.11, 2.381, 2.172, 1.814, 1.812, 2.231, 2.792, 2.781, 1.96, 1.59, 2.581, 5.175, 5.827, 6.131, 7.381, 4.948, 3.13, 3.402, 2.729, 2.381, 2.307, 2.124, 2.541, 3.218, 2.355, 1.974, 3.502, 3.142, 2.56, 2.76, 2.91, 3.669, 4.08, 4.397, 3.039, 2.147, 2.259, 1.8, 1.462, 2.006, 2.273, 3.315, 3.111, 2.993, 3.61, 5.773, 9.241, 10.622, 9.741, 9.87, 10.19, 8.603, 7.927, 9.908, 11.582, 12.085, 13.104, 13.499], [5.294, 5.556, 6.531, 6.723, 5.441, 4.878, 5.388, 7.358, 7.935, 7.538, 7.077, 6.355, 5.124, 4.994, 5.255, 5.485, 4.988, 4.052, 4.41, 3.155, 0.0, 3.069, 4.64, 4.782, 4.408, 4.663, 5.137, 4.725, 4.366, 4.014, 4.646, 4.832, 4.29, 3.817, 3.274, 2.61, 3.783, 3.239, 2.498, 2.878, 3.373, 3.079, 2.214, 2.406, 2.549, 3.563, 4.838, 4.662, 5.846, 6.242, 5.857, 4.681, 5.169, 5.46, 6.648, 8.126, 10.959, 9.779, 7.657, 8.824, 9.409, 9.167, 9.038, 9.063, 9.607, 10.311, 9.974, 9.155, 8.203, 7.059, 6.742, 6.936, 6.132, 4.652, 3.269, 3.496, 3.482, 3.642, 3.912, 5.151, 5.034, 3.686, 5.79, 9.037, 9.953, 10.28, 10.541, 8.375, 5.855, 4.524, 4.01, 3.744, 3.561, 2.656, 3.11, 4.476, 3.999, 3.66, 4.642, 7.799, 8.443, 8.742, 9.993, 7.414, 5.433, 5.604, 4.889, 3.052, 2.215, 1.639, 1.245, 1.202, 2.013, 4.388, 5.84, 5.116, 4.567, 4.661, 4.569, 5.664, 6.5, 6.859, 5.099, 3.073, 2.077, 2.518, 2.966, 3.289, 4.508, 5.55, 5.383, 4.388, 3.625, 3.481, 6.264, 7.639, 6.773, 6.893, 7.213, 5.639, 5.383, 7.298, 8.623, 9.211, 10.138, 10.522], [8.21, 8.366, 9.221, 9.176, 7.834, 7.497, 8.211, 10.041, 10.416, 10.203, 9.921, 9.293, 7.46, 7.392, 7.606, 8.115, 7.425, 6.646, 6.778, 5.423, 3.069, 0.0, 1.844, 1.973, 1.86, 2.105, 2.326, 2.042, 1.954, 1.979, 2.262, 2.365, 2.362, 2.117, 2.984, 4.243, 5.708, 5.115, 4.748, 5.293, 5.982, 5.525, 4.141, 3.829, 4.313, 5.667, 7.495, 7.123, 8.259, 8.631, 8.415, 7.304, 7.871, 8.254, 9.477, 10.826, 13.533, 12.417, 10.233, 11.282, 11.772, 11.547, 11.484, 11.448, 11.9, 12.554, 12.268, 11.551, 10.735, 9.527, 9.078, 9.255, 8.509, 7.053, 5.653, 5.832, 6.311, 6.432, 6.736, 8.034, 7.974, 6.48, 8.396, 11.444, 12.386, 12.734, 13.093, 10.903, 8.296, 6.982, 6.419, 6.303, 6.027, 5.161, 5.518, 6.896, 6.415, 5.847, 6.948, 10.02, 10.65, 11.024, 12.374, 9.983, 8.006, 8.367, 7.353, 5.447, 4.455, 4.147, 3.437, 3.12, 3.987, 7.022, 8.654, 7.875, 7.163, 7.354, 7.449, 8.5, 8.968, 9.366, 7.592, 5.478, 4.589, 4.945, 5.084, 5.449, 6.966, 8.199, 8.12, 6.787, 4.522, 3.068, 4.066, 5.244, 4.456, 4.561, 5.03, 3.757, 3.128, 4.657, 6.206, 6.715, 7.727, 8.123], [9.815, 9.796, 10.538, 10.594, 9.305, 8.84, 9.635, 11.57, 11.92, 11.649, 11.384, 10.753, 8.737, 8.438, 8.794, 9.445, 8.596, 8.056, 8.297, 7.147, 4.64, 1.844, 0.0, 1.09, 1.274, 1.467, 1.614, 1.684, 1.755, 1.827, 1.75, 2.005, 2.151, 2.527, 3.972, 5.419, 6.79, 6.236, 5.977, 6.631, 7.348, 6.75, 5.336, 4.716, 5.167, 6.603, 8.906, 8.654, 9.841, 10.131, 9.817, 8.793, 9.336, 9.725, 10.911, 12.253, 15.041, 13.84, 11.652, 12.719, 13.257, 13.051, 12.968, 12.867, 13.27, 14.016, 13.756, 13.059, 12.211, 10.943, 10.606, 10.818, 10.074, 8.559, 6.995, 6.903, 7.779, 7.895, 8.194, 9.502, 9.437, 7.931, 9.788, 13.096, 13.937, 14.265, 14.543, 12.36, 9.848, 8.455, 7.904, 7.731, 7.441, 6.575, 6.908, 8.333, 7.838, 7.374, 8.486, 11.511, 12.212, 12.626, 13.868, 11.385, 9.422, 9.831, 8.757, 6.644, 5.839, 5.711, 5.019, 4.587, 5.397, 8.545, 10.071, 9.298, 8.587, 8.765, 8.885, 9.929, 10.362, 10.771, 9.005, 6.918, 5.926, 6.248, 6.57, 6.984, 8.37, 9.545, 9.615, 8.214, 5.678, 3.18, 2.803, 3.714, 3.066, 3.178, 3.73, 3.587, 3.237, 3.767, 4.675, 5.171, 6.166, 6.566], [9.945, 10.039, 10.814, 10.79, 9.472, 9.046, 9.814, 11.65, 12.076, 11.837, 11.546, 10.893, 8.938, 8.717, 9.071, 9.647, 8.888, 8.196, 8.44, 7.192, 4.782, 1.973, 1.09, 0.0, 1.142, 1.532, 1.693, 1.708, 1.873, 1.979, 1.884, 2.092, 2.368, 2.794, 4.108, 5.625, 7.024, 6.403, 6.117, 6.781, 7.544, 7.012, 5.555, 5.004, 5.473, 6.909, 9.11, 8.809, 9.983, 10.281, 10.077, 8.956, 9.516, 9.88, 11.077, 12.457, 15.261, 14.07, 11.886, 12.918, 13.419, 13.197, 13.146, 13.055, 13.454, 14.148, 13.901, 13.28, 12.415, 11.17, 10.726, 10.923, 10.189, 8.691, 7.213, 7.193, 7.948, 8.066, 8.362, 9.638, 9.59, 8.114, 10.021, 13.234, 14.05, 14.414, 14.75, 12.561, 10.002, 8.63, 8.082, 7.98, 7.645, 6.8, 7.15, 8.529, 8.055, 7.475, 8.655, 11.649, 12.346, 12.738, 14.029, 11.632, 9.661, 9.976, 8.908, 6.911, 6.031, 5.863, 5.218, 4.753, 5.617, 8.703, 10.263, 9.47, 8.784, 8.97, 9.03, 10.103, 10.601, 10.998, 9.22, 7.116, 6.138, 6.472, 6.719, 7.202, 8.539, 9.779, 9.796, 8.419, 5.875, 3.557, 2.951, 3.573, 3.124, 3.294, 3.83, 3.702, 3.14, 3.678, 4.523, 5.127, 6.027, 6.508], [9.582, 9.692, 10.541, 10.516, 9.277, 8.861, 9.485, 11.294, 11.653, 11.45, 11.162, 10.576, 8.964, 8.873, 9.023, 9.443, 8.817, 7.898, 8.019, 6.725, 4.408, 1.86, 1.274, 1.142, 0.0, 1.172, 1.651, 1.586, 1.652, 1.684, 1.87, 1.831, 1.922, 2.297, 3.604, 5.159, 6.576, 5.95, 5.768, 6.609, 7.318, 7.0, 5.572, 4.94, 5.508, 6.93, 8.951, 8.322, 9.541, 9.842, 9.707, 8.503, 9.095, 9.559, 10.818, 12.07, 14.767, 13.679, 11.495, 12.5, 12.949, 12.731, 12.695, 12.631, 12.98, 13.615, 13.431, 12.867, 12.031, 10.797, 10.205, 10.462, 9.655, 8.262, 6.987, 7.289, 7.592, 7.68, 7.98, 9.327, 9.24, 7.715, 9.61, 12.738, 13.476, 13.938, 14.334, 12.163, 9.584, 8.217, 7.647, 7.607, 7.267, 6.405, 6.701, 8.109, 7.664, 7.166, 8.225, 11.095, 11.719, 12.076, 13.602, 11.24, 9.27, 9.614, 8.699, 6.868, 5.914, 5.494, 4.84, 4.331, 5.365, 8.335, 9.913, 9.108, 8.367, 8.571, 8.708, 9.705, 10.194, 10.607, 8.811, 6.685, 5.849, 6.359, 6.541, 6.733, 8.111, 9.552, 9.422, 8.008, 5.436, 3.44, 3.327, 4.215, 3.63, 3.656, 4.188, 3.681, 2.952, 3.813, 5.195, 5.701, 6.713, 7.109], [9.764, 9.82, 10.676, 10.655, 9.443, 8.964, 9.599, 11.504, 11.843, 11.508, 11.252, 10.703, 9.034, 8.916, 9.131, 9.575, 8.972, 8.168, 8.222, 6.959, 4.663, 2.105, 1.467, 1.532, 1.172, 0.0, 1.223, 1.34, 1.501, 1.521, 1.522, 1.562, 1.503, 2.106, 3.442, 5.236, 6.545, 6.048, 5.935, 6.72, 7.419, 7.09, 5.675, 5.036, 5.607, 6.918, 9.07, 8.589, 9.756, 9.801, 9.795, 8.661, 9.161, 9.7, 10.931, 12.234, 14.778, 13.678, 11.454, 12.399, 12.849, 12.627, 12.561, 12.562, 12.89, 13.566, 13.548, 12.977, 12.068, 10.806, 10.353, 10.533, 9.669, 8.342, 7.096, 7.335, 7.725, 7.768, 8.077, 9.469, 9.364, 7.783, 9.754, 12.76, 13.575, 13.854, 14.267, 12.11, 9.545, 8.127, 7.551, 7.604, 7.343, 6.439, 6.645, 8.033, 7.707, 7.312, 8.176, 11.227, 11.9, 12.211, 13.531, 11.268, 9.226, 9.753, 8.864, 7.058, 6.058, 5.75, 5.003, 4.538, 5.615, 8.555, 10.011, 9.262, 8.465, 8.642, 8.87, 9.825, 10.19, 10.543, 8.793, 6.647, 6.093, 6.541, 6.705, 6.788, 8.19, 9.685, 9.655, 8.099, 5.356, 3.394, 3.05, 4.109, 3.309, 3.445, 3.827, 3.231, 2.759, 3.916, 5.101, 5.591, 6.607, 7.003], [10.187, 10.34, 11.254, 11.196, 9.719, 9.393, 10.043, 11.992, 12.275, 11.851, 11.606, 11.151, 9.373, 9.246, 9.441, 9.909, 9.167, 8.505, 8.636, 7.492, 5.137, 2.326, 1.614, 1.693, 1.651, 1.223, 0.0, 1.133, 1.457, 1.343, 1.251, 1.103, 1.383, 2.242, 3.667, 5.482, 6.803, 6.315, 6.307, 7.124, 7.889, 7.434, 5.986, 5.408, 5.822, 7.368, 9.544, 9.071, 10.083, 10.349, 10.136, 8.999, 9.52, 10.107, 11.383, 12.562, 15.163, 14.062, 11.822, 12.818, 13.366, 13.185, 13.078, 12.968, 13.361, 14.097, 13.921, 13.27, 12.37, 11.181, 10.879, 11.087, 10.275, 8.832, 7.469, 7.673, 8.128, 8.154, 8.51, 9.883, 9.754, 8.13, 10.085, 13.31, 14.185, 14.466, 14.631, 12.475, 10.054, 8.575, 8.072, 7.914, 7.642, 6.793, 6.996, 8.425, 8.084, 7.712, 8.591, 11.782, 12.449, 12.818, 13.987, 11.689, 9.618, 10.138, 9.218, 7.36, 6.382, 6.175, 5.373, 4.91, 5.966, 8.954, 10.386, 9.653, 8.774, 8.999, 9.235, 10.134, 10.506, 10.921, 9.136, 7.007, 6.514, 6.819, 7.075, 7.12, 8.525, 10.084, 10.023, 8.412, 5.693, 3.571, 2.686, 3.392, 2.735, 2.838, 3.315, 2.758, 2.27, 3.13, 4.359, 4.889, 5.882, 6.304], [9.824, 10.04, 10.854, 10.814, 9.531, 9.214, 9.874, 11.648, 11.991, 11.792, 11.499, 10.966, 9.181, 9.043, 9.256, 9.749, 9.014, 8.165, 8.281, 7.002, 4.725, 2.042, 1.684, 1.708, 1.586, 1.34, 1.133, 0.0, 1.043, 1.179, 1.353, 1.399, 1.587, 2.172, 3.648, 5.336, 6.795, 6.176, 6.099, 6.947, 7.711, 7.26, 5.764, 5.013, 5.529, 7.033, 9.147, 8.479, 9.687, 10.135, 9.995, 8.848, 9.424, 9.939, 11.196, 12.425, 15.112, 14.029, 11.828, 12.832, 13.291, 13.091, 13.043, 12.964, 13.278, 13.925, 13.718, 13.059, 12.33, 11.111, 10.63, 10.801, 10.08, 8.584, 7.331, 7.474, 7.935, 8.045, 8.37, 9.671, 9.557, 8.03, 9.924, 12.981, 13.943, 14.293, 14.666, 12.485, 9.862, 8.549, 7.987, 7.904, 7.574, 6.738, 7.024, 8.442, 8.013, 7.438, 8.513, 11.465, 12.071, 12.481, 13.933, 11.573, 9.603, 9.964, 9.024, 7.086, 6.1, 5.79, 5.037, 4.535, 5.494, 8.616, 10.18, 9.453, 8.69, 8.942, 9.03, 10.018, 10.501, 10.94, 9.139, 6.984, 6.209, 6.598, 6.766, 6.881, 8.429, 9.883, 9.693, 8.329, 5.681, 3.457, 3.09, 4.007, 3.052, 3.233, 3.506, 2.747, 2.136, 3.365, 4.824, 5.358, 6.383, 6.77], [9.542, 9.684, 10.528, 10.501, 9.118, 8.773, 9.455, 11.339, 11.648, 11.352, 11.103, 10.586, 8.71, 8.585, 8.778, 9.304, 8.546, 7.771, 7.862, 6.811, 4.366, 1.954, 1.755, 1.873, 1.652, 1.501, 1.457, 1.043, 0.0, 1.023, 1.396, 1.624, 1.514, 2.112, 3.423, 5.04, 6.343, 5.872, 5.775, 6.517, 7.272, 6.777, 5.284, 4.69, 5.185, 6.72, 8.803, 8.224, 9.393, 9.83, 9.482, 8.502, 8.994, 9.517, 10.776, 12.004, 14.629, 13.538, 11.331, 12.387, 12.907, 12.709, 12.643, 12.538, 12.894, 13.569, 13.267, 12.609, 11.88, 10.621, 10.168, 10.386, 9.687, 8.18, 6.843, 7.005, 7.596, 7.638, 7.962, 9.349, 9.235, 7.597, 9.41, 12.654, 13.521, 13.905, 14.216, 12.028, 9.473, 8.124, 7.579, 7.389, 7.063, 6.23, 6.575, 8.014, 7.515, 7.117, 8.117, 11.041, 11.627, 12.011, 13.532, 11.053, 9.155, 9.61, 8.617, 6.623, 5.675, 5.482, 4.677, 4.19, 4.942, 8.23, 9.905, 9.149, 8.266, 8.445, 8.698, 9.63, 10.01, 10.442, 8.676, 6.568, 5.778, 6.123, 6.34, 6.523, 8.073, 9.449, 9.277, 7.887, 5.248, 3.044, 3.306, 4.363, 3.457, 3.595, 3.841, 2.87, 2.278, 3.594, 5.174, 5.68, 6.704, 7.108], [9.133, 9.272, 10.135, 10.105, 8.747, 8.422, 9.083, 11.005, 11.479, 11.085, 10.71, 10.18, 8.364, 8.249, 8.46, 8.938, 8.185, 7.429, 7.854, 6.612, 4.014, 1.979, 1.827, 1.979, 1.684, 1.521, 1.343, 1.179, 1.023, 0.0, 1.085, 1.458, 1.124, 1.864, 3.13, 4.59, 6.109, 5.394, 5.342, 6.156, 6.917, 6.441, 4.944, 4.294, 4.791, 6.327, 8.419, 7.986, 9.208, 9.73, 9.32, 8.085, 8.69, 9.126, 10.415, 11.688, 14.406, 13.346, 11.171, 12.258, 12.803, 12.609, 12.522, 12.394, 12.778, 13.469, 13.216, 12.493, 11.681, 10.499, 10.2, 10.413, 9.637, 8.154, 6.534, 6.661, 7.185, 7.247, 7.577, 8.923, 8.799, 7.265, 9.205, 12.595, 13.518, 13.845, 14.072, 11.902, 9.381, 8.006, 7.474, 7.229, 6.897, 6.08, 6.431, 7.868, 7.372, 6.85, 7.989, 11.099, 11.744, 12.105, 13.421, 10.914, 8.949, 9.188, 8.269, 6.293, 5.319, 5.062, 4.455, 3.9, 4.945, 7.953, 9.505, 8.707, 7.929, 8.186, 8.27, 9.207, 9.845, 10.294, 8.532, 6.441, 5.469, 5.83, 6.138, 6.347, 7.774, 9.107, 9.035, 7.629, 5.023, 2.569, 3.03, 4.142, 3.288, 3.428, 3.713, 2.661, 2.329, 3.655, 5.1, 5.636, 6.644, 7.047], [9.725, 9.833, 10.764, 10.754, 9.261, 8.714, 9.425, 11.566, 12.075, 11.536, 11.117, 10.529, 8.676, 8.497, 8.733, 9.25, 8.489, 7.987, 8.488, 7.364, 4.646, 2.262, 1.75, 1.884, 1.87, 1.522, 1.251, 1.353, 1.396, 1.085, 0.0, 1.191, 1.249, 2.172, 3.489, 5.012, 6.537, 5.777, 5.706, 6.455, 7.203, 6.675, 5.263, 4.782, 5.218, 6.798, 8.955, 8.795, 9.882, 10.382, 9.917, 8.65, 9.167, 9.45, 10.733, 12.047, 14.983, 13.782, 11.612, 12.741, 13.306, 13.116, 13.013, 12.864, 13.289, 14.057, 13.833, 13.074, 12.257, 11.021, 10.789, 11.035, 10.196, 8.819, 6.895, 6.907, 7.581, 7.654, 7.962, 9.305, 9.196, 7.655, 9.733, 13.253, 14.102, 14.374, 14.546, 12.411, 10.004, 8.493, 7.991, 7.718, 7.4, 6.555, 6.94, 8.408, 7.89, 7.397, 8.509, 11.734, 12.433, 12.864, 13.942, 11.42, 9.492, 9.602, 8.697, 6.59, 5.669, 5.783, 5.166, 4.526, 5.517, 8.547, 10.008, 9.183, 8.358, 8.567, 8.64, 9.608, 10.323, 10.753, 8.997, 6.948, 5.962, 6.181, 6.752, 7.106, 8.237, 9.464, 9.665, 8.128, 5.474, 2.816, 2.537, 3.449, 2.604, 2.683, 2.999, 2.242, 2.025, 3.175, 4.289, 4.836, 5.849, 6.246], [9.868, 10.021, 11.022, 10.954, 9.47, 8.935, 9.544, 11.699, 12.139, 11.515, 11.231, 10.649, 9.01, 8.982, 9.019, 9.499, 8.924, 8.248, 8.556, 7.386, 4.832, 2.365, 2.005, 2.092, 1.831, 1.562, 1.103, 1.399, 1.624, 1.458, 1.191, 0.0, 1.164, 2.054, 3.433, 5.085, 6.537, 5.919, 5.826, 6.661, 7.416, 7.019, 5.748, 5.333, 5.755, 7.333, 9.324, 8.881, 9.955, 10.345, 10.016, 8.716, 9.158, 9.717, 10.915, 12.266, 14.94, 13.748, 11.572, 12.677, 13.321, 13.118, 12.983, 12.864, 13.304, 14.095, 13.896, 13.169, 12.269, 11.047, 10.856, 11.103, 10.264, 8.816, 7.058, 7.373, 7.679, 7.794, 8.059, 9.409, 9.348, 7.805, 9.885, 13.321, 14.17, 14.422, 14.604, 12.447, 10.068, 8.491, 8.039, 7.786, 7.48, 6.632, 6.848, 8.262, 7.971, 7.53, 8.597, 11.801, 12.473, 12.856, 13.976, 11.543, 9.473, 9.809, 8.906, 7.096, 6.14, 5.878, 5.195, 4.687, 5.778, 8.696, 10.069, 9.221, 8.414, 8.626, 8.826, 9.769, 10.301, 10.688, 9.001, 6.957, 6.205, 6.558, 6.893, 7.095, 8.238, 9.751, 9.814, 8.213, 5.481, 3.32, 2.755, 3.414, 2.601, 2.71, 3.014, 2.117, 1.785, 3.118, 4.356, 4.869, 5.861, 6.234], [9.323, 9.48, 10.482, 10.426, 8.947, 8.417, 9.027, 11.057, 11.424, 10.884, 10.643, 10.112, 8.536, 8.43, 8.547, 8.972, 8.338, 7.65, 7.765, 6.798, 4.29, 2.362, 2.151, 2.368, 1.922, 1.503, 1.383, 1.587, 1.514, 1.124, 1.249, 1.164, 0.0, 1.649, 2.767, 4.491, 5.81, 5.334, 5.261, 6.166, 6.868, 6.549, 5.197, 4.756, 5.213, 6.767, 8.81, 8.319, 9.241, 9.636, 9.236, 8.117, 8.574, 9.118, 10.377, 11.562, 14.269, 13.066, 10.861, 11.955, 12.536, 12.346, 12.239, 12.091, 12.521, 13.3, 13.11, 12.383, 11.532, 10.254, 10.056, 10.302, 9.463, 8.045, 6.542, 6.844, 7.11, 7.177, 7.492, 8.844, 8.742, 7.147, 9.11, 12.546, 13.369, 13.637, 13.794, 11.651, 9.267, 7.723, 7.242, 6.981, 6.687, 5.844, 6.123, 7.571, 7.168, 6.893, 7.838, 11.001, 11.676, 12.116, 13.175, 10.746, 8.715, 9.132, 8.318, 6.506, 5.547, 5.3, 4.587, 4.035, 5.19, 8.084, 9.484, 8.694, 7.811, 8.015, 8.198, 9.174, 9.541, 9.975, 8.209, 6.174, 5.569, 5.976, 6.364, 6.407, 7.6, 9.121, 9.156, 7.51, 4.746, 2.752, 3.007, 4.124, 3.248, 3.327, 3.624, 2.386, 2.147, 3.706, 5.042, 5.587, 6.615, 7.007], [8.87, 9.022, 9.913, 9.906, 8.535, 7.942, 8.516, 10.407, 10.523, 10.04, 9.853, 9.511, 8.095, 8.045, 8.086, 8.481, 7.935, 7.169, 6.929, 6.148, 3.817, 2.117, 2.527, 2.794, 2.297, 2.106, 2.242, 2.172, 2.112, 1.864, 2.172, 2.054, 1.649, 0.0, 1.773, 3.744, 4.931, 4.567, 4.68, 5.67, 6.395, 6.093, 4.888, 4.459, 4.972, 6.436, 8.335, 7.642, 8.573, 8.648, 8.457, 7.471, 7.81, 8.702, 9.979, 11.137, 13.505, 12.373, 10.075, 10.942, 11.53, 11.344, 11.2, 11.096, 11.511, 12.369, 12.176, 11.566, 10.68, 9.37, 9.077, 9.337, 8.527, 7.07, 6.083, 6.493, 6.487, 6.59, 6.928, 8.258, 8.001, 6.265, 8.244, 11.612, 12.379, 12.629, 12.855, 10.708, 8.322, 6.715, 6.303, 6.209, 5.866, 4.998, 5.163, 6.555, 6.452, 6.278, 7.04, 10.046, 10.745, 11.14, 12.219, 9.856, 7.922, 8.51, 7.923, 6.14, 5.235, 4.696, 3.974, 3.466, 4.825, 7.605, 8.751, 8.014, 7.01, 7.386, 7.585, 8.366, 8.668, 9.031, 7.28, 5.221, 5.119, 5.541, 5.906, 5.658, 6.824, 8.713, 8.465, 6.732, 3.898, 2.755, 3.956, 5.182, 4.28, 4.407, 4.774, 3.313, 2.842, 4.85, 6.196, 6.741, 7.729, 8.122], [8.061, 8.244, 9.278, 9.234, 7.745, 7.0, 7.577, 9.534, 9.455, 8.858, 8.781, 8.53, 7.215, 7.139, 7.137, 7.54, 7.044, 6.39, 5.91, 5.375, 3.274, 2.984, 3.972, 4.108, 3.604, 3.442, 3.667, 3.648, 3.423, 3.13, 3.489, 3.433, 2.767, 1.773, 0.0, 2.74, 3.766, 3.57, 3.718, 4.736, 5.447, 5.153, 4.261, 4.181, 4.492, 5.752, 7.623, 6.946, 7.671, 7.818, 7.516, 6.611, 6.855, 7.795, 9.036, 10.221, 12.526, 11.366, 9.002, 9.435, 10.027, 9.861, 9.673, 9.637, 10.02, 10.859, 10.864, 10.343, 9.582, 8.071, 7.611, 7.822, 7.038, 5.927, 5.163, 5.551, 5.537, 5.654, 5.976, 7.297, 6.992, 5.168, 7.076, 10.134, 10.863, 11.107, 11.384, 9.26, 6.896, 5.259, 4.975, 5.157, 4.664, 3.854, 3.773, 5.276, 5.487, 5.407, 6.023, 8.531, 9.264, 9.7, 10.714, 8.66, 6.962, 7.526, 7.043, 5.269, 4.335, 3.898, 3.222, 2.944, 4.146, 6.843, 7.94, 7.188, 6.066, 6.426, 6.649, 7.222, 7.53, 7.555, 5.878, 4.008, 4.277, 4.666, 5.14, 4.835, 5.898, 7.835, 7.631, 5.716, 3.061, 2.729, 5.268, 6.58, 5.688, 5.716, 6.043, 4.539, 4.255, 6.237, 7.535, 8.049, 9.03, 9.453], [5.893, 6.024, 7.084, 7.257, 5.898, 4.91, 5.217, 7.311, 7.562, 6.79, 6.199, 5.971, 5.265, 5.201, 4.85, 5.345, 4.919, 4.351, 4.092, 3.699, 2.61, 4.243, 5.419, 5.625, 5.159, 5.236, 5.482, 5.336, 5.04, 4.59, 5.012, 5.085, 4.491, 3.744, 2.74, 0.0, 1.76, 1.208, 1.396, 2.333, 3.056, 3.518, 3.319, 3.904, 3.941, 4.345, 5.56, 4.992, 5.686, 6.068, 5.636, 4.306, 4.643, 5.535, 6.766, 7.886, 10.512, 9.21, 6.973, 8.089, 8.808, 8.601, 8.391, 8.2, 8.669, 9.653, 9.479, 8.729, 7.85, 6.577, 6.289, 6.605, 5.818, 4.452, 3.161, 3.577, 3.327, 3.265, 3.554, 4.85, 4.598, 2.996, 5.259, 8.919, 9.584, 9.851, 10.002, 7.889, 5.652, 3.994, 3.738, 3.353, 3.217, 2.398, 2.589, 3.719, 3.733, 3.604, 4.565, 7.339, 8.073, 8.519, 9.495, 6.971, 5.05, 5.252, 5.142, 3.666, 2.578, 2.413, 2.502, 2.453, 3.353, 4.705, 5.505, 4.78, 3.773, 4.095, 4.139, 4.881, 5.613, 5.965, 4.502, 2.727, 2.779, 2.976, 3.631, 3.4, 3.758, 5.553, 5.378, 3.734, 1.567, 3.0, 6.308, 7.888, 7.018, 6.89, 7.207, 5.625, 5.862, 7.842, 8.941, 9.249, 10.219, 10.662], [5.426, 5.598, 6.379, 6.788, 5.557, 4.532, 4.681, 6.514, 6.551, 5.75, 5.179, 5.091, 5.008, 5.084, 4.328, 4.988, 4.487, 3.996, 3.201, 3.585, 3.783, 5.708, 6.79, 7.024, 6.576, 6.545, 6.803, 6.795, 6.343, 6.109, 6.537, 6.537, 5.81, 4.931, 3.766, 1.76, 0.0, 1.281, 1.818, 2.112, 2.707, 3.711, 4.236, 4.936, 4.806, 4.542, 5.175, 4.618, 4.876, 4.958, 4.5, 3.561, 4.055, 5.062, 6.107, 7.053, 9.477, 8.1, 5.994, 6.761, 7.479, 7.272, 7.063, 6.872, 7.341, 8.324, 8.17, 7.49, 6.72, 5.265, 4.961, 5.276, 4.545, 3.371, 3.207, 3.593, 3.317, 2.783, 2.732, 4.099, 3.821, 2.219, 4.143, 7.592, 8.255, 8.523, 8.673, 6.56, 4.445, 3.091, 3.115, 2.632, 3.029, 2.427, 2.183, 2.469, 2.938, 3.214, 3.557, 6.01, 6.75, 7.203, 8.167, 5.698, 4.104, 4.692, 4.796, 3.883, 2.943, 3.119, 3.598, 3.787, 3.922, 4.139, 4.81, 4.03, 3.086, 3.089, 3.524, 4.031, 4.443, 4.637, 3.611, 2.253, 3.523, 3.381, 3.683, 3.04, 3.216, 4.875, 4.503, 2.74, 1.461, 4.526, 7.71, 9.274, 8.461, 8.296, 8.524, 6.974, 7.37, 9.382, 10.457, 10.678, 11.627, 11.995], [5.299, 5.475, 6.508, 6.807, 5.49, 4.371, 4.603, 6.72, 6.996, 6.196, 5.467, 5.176, 4.898, 4.839, 4.304, 4.776, 4.444, 3.886, 3.533, 3.504, 3.239, 5.115, 6.236, 6.403, 5.95, 6.048, 6.315, 6.176, 5.872, 5.394, 5.777, 5.919, 5.334, 4.567, 3.57, 1.208, 1.281, 0.0, 1.237, 1.863, 2.466, 3.281, 3.745, 4.46, 4.203, 4.159, 4.951, 4.605, 5.208, 5.514, 5.085, 3.735, 4.131, 4.938, 6.155, 7.281, 9.938, 8.599, 6.473, 7.521, 8.242, 8.032, 7.823, 7.632, 8.112, 9.096, 8.945, 8.174, 7.282, 6.009, 5.721, 6.037, 5.258, 3.934, 2.97, 3.23, 3.037, 2.693, 2.874, 4.231, 3.868, 2.48, 4.691, 8.352, 9.015, 9.283, 9.433, 7.321, 5.108, 3.535, 3.505, 3.017, 3.165, 2.59, 2.533, 3.159, 3.289, 3.211, 4.054, 6.771, 7.51, 7.963, 8.927, 6.393, 4.518, 4.71, 4.728, 3.468, 2.439, 2.646, 3.303, 3.314, 3.666, 4.169, 4.877, 4.082, 3.117, 3.431, 3.431, 4.152, 5.067, 5.397, 4.149, 2.576, 3.279, 3.097, 3.538, 3.198, 3.303, 4.967, 4.76, 3.149, 1.314, 3.642, 6.881, 8.461, 7.587, 7.464, 7.763, 6.182, 6.666, 8.64, 9.581, 9.778, 10.781, 11.176], [5.094, 5.345, 6.35, 6.595, 5.456, 4.261, 4.466, 6.699, 7.217, 6.42, 5.762, 5.146, 4.868, 4.782, 4.159, 4.562, 4.313, 3.851, 3.91, 3.583, 2.498, 4.748, 5.977, 6.117, 5.768, 5.935, 6.307, 6.099, 5.775, 5.342, 5.706, 5.826, 5.261, 4.68, 3.718, 1.396, 1.818, 1.237, 0.0, 1.57, 2.144, 2.785, 2.962, 3.646, 3.505, 3.892, 4.718, 4.712, 5.276, 5.695, 5.194, 3.857, 4.453, 4.781, 5.886, 7.256, 10.162, 8.742, 6.499, 7.745, 8.463, 8.256, 8.047, 7.856, 8.345, 9.323, 9.168, 8.394, 7.506, 6.234, 5.945, 6.261, 5.475, 4.116, 2.941, 2.952, 2.854, 2.756, 2.851, 4.111, 3.983, 2.687, 4.911, 8.576, 9.239, 9.507, 9.657, 7.545, 5.299, 3.865, 3.411, 3.119, 3.198, 2.419, 2.441, 3.383, 3.385, 3.336, 4.021, 6.995, 7.734, 8.187, 9.151, 6.617, 4.679, 4.747, 4.605, 3.221, 2.097, 2.236, 2.676, 2.745, 3.301, 4.118, 4.98, 4.03, 3.32, 3.504, 3.419, 4.352, 5.287, 5.629, 4.298, 2.362, 2.655, 2.636, 3.23, 3.109, 3.545, 4.759, 4.912, 3.372, 1.839, 3.365, 6.626, 8.207, 7.333, 7.235, 7.53