[[0.0, 2.152, 2.422, 3.65, 6.03, 7.184, 7.352, 8.525, 10.032, 10.304, 9.888, 9.694, 10.077, 11.186, 12.425, 12.986, 12.866, 12.59, 13.077, 14.142, 14.871, 15.317, 16.435, 18.595, 20.584, 21.031, 20.414, 20.024, 19.457, 19.157, 18.662, 17.067, 14.083, 11.935, 10.784, 12.695, 14.994, 15.624, 14.971, 12.976, 11.3, 10.901, 11.265, 13.358, 16.269, 19.074, 19.982, 20.501, 20.705, 21.892, 23.838, 25.778, 27.147, 27.35, 26.526, 25.729, 25.061, 24.461, 23.642, 22.526, 21.624, 21.004, 20.367, 19.701, 19.269, 18.597, 17.048, 15.858, 15.377, 15.185, 14.769, 14.148, 14.29, 14.987, 15.049, 14.244, 13.854, 12.266, 10.13, 7.492, 5.639, 6.983, 8.621, 8.026, 6.059, 4.666, 4.867, 5.256, 5.329, 5.435, 5.545, 5.309, 5.379, 5.859, 6.128, 5.167, 3.136, 1.299, 1.545, 3.562, 4.821, 4.708, 4.398, 5.47, 7.458, 9.765, 11.592, 12.506, 12.34, 12.994, 13.325, 12.84, 12.344, 12.332, 11.731, 11.645, 11.882, 12.133, 11.864, 12.053, 12.7, 13.168, 13.856, 14.18, 14.289, 14.121, 14.422, 14.567, 14.407, 13.867, 13.265, 12.943, 11.804, 9.849, 7.396, 5.691, 4.956, 5.273, 5.981, 4.945, 2.461, 2.703, 2.96, 3.041, 5.102, 6.893, 7.403, 6.245, 4.295, 3.529, 2.388, 1.665, 2.063, 2.403, 2.231, 2.455, 2.603, 2.778], [2.152, 0.0, 0.83, 1.865, 4.227, 5.362, 5.503, 6.671, 8.176, 8.496, 8.142, 8.054, 8.435, 9.354, 10.555, 11.141, 11.039, 10.746, 11.216, 12.28, 12.984, 13.463, 14.533, 16.706, 18.731, 19.173, 18.558, 18.181, 17.591, 17.301, 16.815, 15.211, 12.228, 10.485, 9.413, 11.303, 13.428, 14.147, 13.616, 11.796, 9.968, 9.252, 9.697, 12.052, 14.797, 17.573, 18.221, 18.646, 18.806, 19.995, 21.992, 23.921, 25.295, 25.495, 24.695, 23.858, 23.208, 22.606, 21.743, 20.647, 19.746, 19.136, 18.485, 17.807, 17.382, 16.693, 15.17, 13.934, 13.54, 13.601, 13.153, 12.516, 12.417, 13.128, 13.208, 12.857, 12.531, 10.932, 8.749, 6.272, 4.43, 5.681, 6.778, 6.202, 4.566, 3.219, 3.331, 3.641, 3.961, 3.987, 4.016, 3.798, 3.968, 4.262, 4.416, 3.749, 3.019, 2.182, 2.073, 3.839, 4.217, 3.561, 3.261, 3.844, 5.822, 7.977, 9.758, 10.812, 10.819, 11.592, 11.646, 11.137, 10.69, 10.555, 10.111, 9.956, 10.188, 10.419, 10.027, 10.132, 10.797, 11.272, 12.002, 12.334, 12.432, 12.26, 12.588, 12.722, 12.547, 12.016, 11.427, 11.092, 9.957, 8.01, 5.61, 4.247, 3.844, 3.784, 4.433, 3.591, 3.19, 4.079, 4.587, 4.898, 6.929, 8.748, 9.24, 7.945, 5.882, 5.321, 4.326, 3.547, 3.393, 3.423, 3.165, 3.236, 3.161, 3.342], [2.422, 0.83, 0.0, 1.588, 3.993, 5.164, 5.336, 6.512, 8.027, 8.496, 8.183, 8.076, 8.42, 9.276, 10.451, 11.032, 10.946, 10.567, 11.036, 12.092, 12.871, 13.286, 14.434, 16.586, 18.534, 18.992, 18.379, 17.99, 17.433, 17.103, 16.62, 15.012, 12.03, 10.449, 9.365, 11.258, 13.453, 14.123, 13.561, 11.663, 9.919, 9.308, 9.728, 12.027, 14.803, 17.587, 18.286, 18.665, 18.823, 19.944, 21.807, 23.738, 25.093, 25.297, 24.562, 23.83, 23.157, 22.497, 21.677, 20.54, 19.702, 19.043, 18.395, 17.712, 17.286, 16.596, 15.1, 13.885, 13.586, 13.613, 13.196, 12.542, 12.465, 13.078, 13.052, 12.801, 12.474, 10.872, 8.692, 6.169, 4.293, 5.591, 6.632, 6.019, 4.58, 3.162, 3.362, 3.653, 3.933, 3.993, 4.087, 3.94, 4.08, 4.367, 4.462, 3.809, 3.343, 2.588, 2.51, 4.165, 4.583, 3.792, 3.383, 3.959, 5.872, 8.003, 9.801, 10.853, 10.79, 11.563, 11.679, 11.119, 10.703, 10.599, 10.116, 10.006, 10.217, 10.47, 10.077, 10.085, 10.77, 11.247, 11.812, 12.15, 12.271, 12.127, 12.44, 12.567, 12.389, 11.824, 11.204, 10.887, 9.762, 8.073, 5.691, 4.512, 4.009, 3.888, 4.505, 3.835, 3.716, 4.301, 4.789, 5.112, 7.137, 8.947, 9.464, 8.193, 6.189, 5.555, 4.482, 3.798, 3.649, 3.63, 3.423, 3.405, 3.232, 3.434], [3.65, 1.865, 1.588, 0.0, 2.536, 3.717, 4.085, 5.27, 6.745, 7.415, 7.274, 7.272, 7.569, 8.146, 9.273, 9.83, 9.75, 9.3, 9.674, 10.779, 11.562, 11.97, 13.121, 15.252, 17.125, 17.581, 16.969, 16.66, 16.1, 15.713, 15.208, 13.616, 10.876, 9.792, 8.992, 10.659, 12.623, 13.454, 12.986, 11.487, 9.547, 8.314, 8.997, 11.475, 14.12, 16.765, 17.265, 17.529, 17.58, 18.599, 20.39, 22.334, 23.69, 23.896, 23.184, 22.553, 21.921, 21.239, 20.412, 19.327, 18.493, 17.811, 17.12, 16.412, 15.982, 15.289, 13.814, 12.591, 12.535, 12.726, 12.209, 11.593, 11.419, 11.972, 12.004, 12.175, 11.928, 10.371, 8.027, 6.004, 4.249, 5.437, 5.654, 5.41, 4.29, 2.841, 2.601, 2.903, 3.332, 3.275, 3.297, 3.384, 3.522, 3.645, 3.814, 3.484, 3.503, 3.575, 3.097, 4.323, 4.144, 3.875, 3.296, 3.166, 4.976, 6.939, 8.661, 10.011, 10.19, 10.839, 10.883, 10.35, 9.846, 9.751, 9.257, 8.977, 9.292, 9.48, 9.082, 8.839, 9.474, 9.951, 10.536, 10.753, 10.93, 10.786, 11.138, 11.273, 11.084, 10.49, 9.759, 9.503, 8.444, 6.989, 4.84, 4.077, 3.641, 3.274, 3.801, 3.138, 3.822, 5.767, 6.215, 6.488, 8.592, 10.402, 10.93, 9.636, 7.552, 6.967, 5.781, 4.986, 4.711, 4.698, 4.425, 4.111, 3.947, 3.979], [6.03, 4.227, 3.993, 2.536, 0.0, 1.423, 2.071, 3.173, 4.54, 5.321, 5.232, 5.358, 5.732, 6.19, 7.153, 7.722, 7.664, 7.199, 7.477, 8.501, 9.257, 9.679, 10.79, 12.85, 14.668, 15.145, 14.59, 14.303, 13.7, 13.256, 12.743, 11.216, 8.821, 8.108, 7.578, 9.02, 10.959, 11.758, 11.39, 10.136, 8.135, 6.358, 7.15, 9.768, 12.351, 14.798, 15.182, 15.423, 15.446, 16.363, 18.017, 19.871, 21.286, 21.521, 20.989, 20.358, 19.73, 19.061, 18.236, 17.181, 16.332, 15.643, 14.832, 14.106, 13.741, 13.006, 11.615, 10.381, 10.45, 10.735, 10.212, 9.546, 9.371, 9.897, 10.163, 10.489, 10.326, 8.815, 6.559, 4.978, 3.743, 4.379, 4.688, 4.269, 3.208, 2.51, 1.924, 2.184, 2.904, 2.863, 2.909, 3.037, 3.075, 2.915, 3.004, 3.073, 4.318, 5.915, 5.423, 5.074, 4.149, 3.972, 3.328, 2.56, 3.419, 4.852, 6.595, 8.263, 8.622, 9.184, 9.212, 8.504, 8.081, 7.94, 7.407, 6.98, 7.448, 7.473, 7.013, 6.726, 7.193, 7.734, 8.316, 8.505, 8.683, 8.524, 8.872, 8.991, 8.783, 8.084, 7.306, 7.031, 6.201, 4.917, 3.691, 3.508, 3.138, 2.809, 2.422, 2.813, 5.91, 8.252, 8.679, 8.95, 11.056, 12.866, 13.394, 12.1, 10.02, 9.435, 8.275, 7.445, 6.982, 7.05, 6.861, 6.314, 5.625, 5.957], [7.184, 5.362, 5.164, 3.717, 1.423, 0.0, 1.153, 1.886, 3.227, 4.077, 4.23, 4.354, 4.637, 4.97, 5.775, 6.34, 6.279, 5.814, 6.128, 7.185, 7.974, 8.378, 9.508, 11.603, 13.468, 13.937, 13.33, 13.019, 12.456, 12.059, 11.559, 9.965, 7.582, 7.015, 6.668, 8.025, 9.912, 10.647, 10.371, 9.293, 7.366, 5.082, 5.966, 8.582, 11.156, 13.517, 13.795, 14.049, 14.077, 15.057, 16.752, 18.678, 20.047, 20.255, 19.636, 19.006, 18.376, 17.696, 16.871, 15.798, 14.966, 14.285, 13.5, 12.81, 12.415, 11.681, 10.24, 9.083, 9.132, 9.509, 9.055, 8.298, 8.087, 8.509, 8.975, 9.34, 9.439, 7.977, 5.791, 4.39, 3.688, 4.115, 4.167, 3.667, 3.132, 3.198, 2.762, 2.858, 3.416, 3.352, 3.26, 3.341, 3.29, 2.857, 2.693, 3.257, 5.261, 7.006, 6.538, 5.682, 4.41, 4.199, 3.866, 2.581, 2.682, 3.594, 5.349, 7.111, 7.598, 8.164, 8.089, 7.28, 6.889, 6.792, 6.283, 5.884, 6.292, 6.261, 5.701, 5.359, 5.897, 6.404, 6.956, 7.136, 7.346, 7.204, 7.528, 7.657, 7.463, 6.814, 6.115, 5.841, 4.846, 3.758, 3.082, 3.591, 3.117, 2.854, 2.235, 3.445, 7.021, 9.39, 9.847, 10.118, 12.224, 14.034, 14.562, 13.267, 11.187, 10.602, 9.442, 8.613, 8.132, 8.229, 8.034, 7.45, 6.759, 7.067], [7.352, 5.503, 5.336, 4.085, 2.071, 1.153, 0.0, 1.424, 2.845, 3.62, 3.733, 3.627, 3.861, 4.287, 5.376, 5.887, 5.771, 5.321, 5.73, 6.855, 7.639, 8.063, 9.193, 11.335, 13.24, 13.697, 13.076, 12.731, 12.194, 11.809, 11.327, 9.718, 6.901, 6.12, 5.81, 7.14, 8.969, 9.734, 9.484, 8.467, 6.597, 4.431, 5.228, 7.985, 10.41, 12.889, 13.249, 13.529, 13.6, 14.682, 16.509, 18.439, 19.809, 20.005, 19.264, 18.548, 17.897, 17.26, 16.447, 15.348, 14.496, 13.841, 13.161, 12.468, 12.044, 11.369, 9.849, 8.657, 8.474, 8.715, 8.194, 7.588, 7.394, 7.937, 8.152, 8.439, 8.571, 7.152, 5.114, 3.783, 3.285, 3.648, 3.713, 3.425, 3.169, 3.309, 2.871, 2.881, 3.388, 3.33, 3.171, 3.208, 3.062, 2.424, 2.354, 3.151, 5.42, 7.149, 6.666, 5.456, 4.363, 4.116, 3.834, 2.71, 2.449, 3.312, 4.736, 6.245, 6.693, 7.259, 7.192, 6.449, 6.038, 5.9, 5.437, 5.21, 5.414, 5.45, 5.034, 4.87, 5.572, 5.994, 6.583, 6.859, 7.003, 6.9, 7.251, 7.388, 7.206, 6.564, 5.94, 5.62, 4.562, 3.565, 3.106, 3.47, 3.075, 2.927, 2.309, 3.469, 7.141, 9.554, 10.029, 10.3, 12.388, 14.197, 14.726, 13.436, 11.355, 10.776, 9.666, 8.856, 8.327, 8.357, 8.175, 7.597, 6.89, 7.231], [8.525, 6.671, 6.512, 5.27, 3.173, 1.886, 1.424, 0.0, 1.9, 2.666, 2.964, 2.972, 3.165, 3.374, 4.182, 4.759, 4.592, 4.201, 4.609, 5.705, 6.475, 6.874, 8.008, 10.143, 12.063, 12.521, 11.91, 11.573, 11.0, 10.649, 10.164, 8.559, 5.888, 5.412, 5.201, 6.49, 8.27, 8.89, 8.822, 7.833, 5.954, 3.497, 4.662, 7.549, 9.546, 11.85, 12.082, 12.358, 12.471, 13.528, 15.339, 17.271, 18.648, 18.85, 18.087, 17.407, 16.774, 16.084, 15.265, 14.126, 13.321, 12.647, 11.965, 11.301, 10.883, 10.184, 8.694, 7.52, 7.363, 7.712, 7.367, 6.529, 6.312, 6.779, 7.196, 7.619, 7.906, 6.516, 4.498, 3.361, 3.514, 3.484, 3.312, 3.143, 3.445, 4.297, 4.008, 3.928, 4.417, 4.428, 4.22, 4.209, 4.083, 3.426, 3.294, 4.245, 6.56, 8.319, 7.843, 6.541, 5.463, 5.196, 4.966, 3.775, 3.026, 3.257, 4.051, 5.475, 5.991, 6.606, 6.415, 5.493, 5.136, 5.132, 4.74, 4.49, 4.633, 4.493, 3.975, 3.794, 4.5, 4.907, 5.4, 5.679, 5.803, 5.691, 6.075, 6.208, 6.014, 5.398, 4.802, 4.579, 3.854, 3.45, 3.572, 4.205, 3.932, 3.791, 3.288, 4.6, 8.315, 10.724, 11.197, 11.47, 13.558, 15.377, 15.896, 14.602, 12.525, 11.943, 10.821, 10.013, 9.487, 9.526, 9.345, 8.767, 8.06, 8.401], [10.032, 8.176, 8.027, 6.745, 4.54, 3.227, 2.845, 1.9, 0.0, 1.351, 1.926, 1.927, 1.917, 2.201, 2.814, 3.633, 3.416, 3.096, 3.368, 4.158, 4.886, 5.306, 6.417, 8.611, 10.648, 11.061, 10.435, 10.05, 9.463, 9.184, 8.706, 7.101, 4.799, 4.356, 3.925, 5.023, 6.851, 7.57, 7.38, 6.42, 4.531, 2.458, 4.166, 6.866, 8.48, 10.722, 10.745, 10.903, 10.923, 12.019, 13.853, 15.799, 17.167, 17.373, 16.665, 15.938, 15.248, 14.551, 13.726, 12.694, 11.842, 11.179, 10.426, 9.717, 9.3, 8.602, 7.142, 6.019, 6.087, 6.475, 5.992, 5.246, 5.061, 5.44, 5.947, 6.276, 6.462, 5.083, 3.227, 3.601, 4.856, 3.753, 2.582, 2.752, 4.426, 5.701, 5.493, 5.357, 5.767, 5.783, 5.576, 5.599, 5.457, 4.774, 4.52, 5.499, 8.019, 9.746, 9.25, 7.911, 6.641, 6.339, 6.363, 5.029, 3.678, 3.153, 3.376, 4.114, 4.533, 5.16, 5.069, 4.262, 3.871, 3.747, 3.352, 3.187, 3.261, 3.253, 2.963, 2.428, 2.846, 3.341, 4.134, 4.235, 4.347, 4.243, 4.596, 4.667, 4.498, 3.997, 3.691, 3.556, 3.241, 3.435, 4.652, 5.723, 5.588, 5.168, 4.678, 5.991, 9.725, 12.168, 12.688, 12.973, 15.014, 16.8, 17.323, 16.047, 14.023, 13.456, 12.383, 11.567, 11.035, 10.972, 10.775, 10.211, 9.479, 9.816], [10.304, 8.496, 8.496, 7.415, 5.321, 4.077, 3.62, 2.666, 1.351, 0.0, 1.207, 1.363, 1.474, 1.718, 2.55, 3.233, 3.211, 3.11, 3.606, 4.322, 4.639, 5.059, 6.224, 8.352, 10.459, 10.894, 10.218, 9.833, 9.276, 9.014, 8.53, 6.946, 4.237, 3.849, 3.046, 4.095, 5.982, 6.678, 6.457, 5.447, 3.537, 1.872, 4.202, 6.368, 7.66, 9.76, 9.924, 10.234, 10.409, 11.612, 13.578, 15.516, 16.887, 17.102, 16.406, 15.567, 14.802, 14.197, 13.365, 12.314, 11.37, 10.791, 10.116, 9.421, 8.995, 8.311, 6.755, 5.558, 5.247, 5.565, 5.199, 4.358, 4.153, 4.713, 5.287, 5.378, 5.512, 4.106, 2.459, 3.661, 5.117, 3.702, 2.307, 2.817, 4.62, 5.959, 5.755, 5.617, 5.972, 6.051, 5.788, 5.795, 5.687, 5.159, 4.903, 5.627, 8.206, 9.993, 9.505, 8.206, 6.738, 6.445, 6.618, 5.343, 3.745, 3.332, 3.205, 3.36, 3.779, 4.322, 4.28, 3.445, 3.028, 2.945, 2.434, 2.059, 2.414, 2.293, 2.179, 1.964, 2.436, 2.938, 3.664, 3.936, 4.053, 3.867, 4.247, 4.365, 4.275, 3.989, 3.876, 3.981, 3.707, 3.665, 4.878, 6.072, 5.984, 5.453, 4.94, 6.17, 9.926, 12.455, 12.939, 13.228, 15.188, 16.996, 17.573, 16.297, 14.285, 13.715, 12.655, 11.825, 11.294, 11.207, 11.016, 10.387, 9.724, 10.024], [9.888, 8.142, 8.183, 7.274, 5.232, 4.23, 3.733, 2.964, 1.926, 1.207, 0.0, 0.988, 1.815, 2.336, 3.214, 3.908, 3.854, 3.838, 4.357, 5.059, 5.319, 5.654, 6.647, 8.856, 10.968, 11.395, 10.719, 10.328, 9.783, 9.512, 9.041, 7.45, 4.838, 3.992, 3.034, 4.0, 5.948, 6.722, 6.381, 5.247, 3.346, 2.319, 4.581, 6.745, 7.898, 9.859, 10.124, 10.616, 10.843, 12.123, 14.124, 16.075, 17.44, 17.641, 16.892, 16.015, 15.311, 14.706, 13.834, 12.725, 11.818, 11.249, 10.566, 9.89, 9.466, 8.786, 7.271, 6.015, 5.56, 5.693, 5.242, 4.489, 4.52, 5.244, 5.713, 5.465, 5.372, 3.87, 2.296, 3.097, 4.614, 3.184, 2.108, 2.773, 4.097, 5.459, 5.23, 5.054, 5.455, 5.523, 5.388, 5.428, 5.287, 4.876, 4.824, 5.323, 7.672, 9.457, 8.958, 7.917, 6.475, 6.234, 6.108, 4.886, 3.852, 3.916, 3.911, 3.763, 3.763, 4.209, 4.315, 3.661, 3.105, 3.004, 2.374, 2.102, 2.456, 2.547, 2.222, 2.269, 2.844, 3.38, 4.171, 4.487, 4.584, 4.416, 4.766, 4.893, 4.783, 4.646, 4.661, 4.92, 4.734, 4.32, 5.153, 6.172, 5.892, 4.958, 4.603, 5.797, 9.43, 11.889, 12.436, 12.773, 14.678, 16.494, 17.007, 15.742, 13.767, 13.219, 12.187, 11.326, 10.824, 10.66, 10.451, 9.88, 9.165, 9.501], [9.694, 8.054, 8.076, 7.272, 5.358, 4.354, 3.627, 2.972, 1.927, 1.363, 0.988, 0.0, 1.322, 2.199, 3.309, 4.028, 4.004, 3.989, 4.542, 5.262, 5.497, 5.885, 7.021, 9.218, 11.348, 11.776, 11.1, 10.723, 10.177, 9.89, 9.421, 7.819, 4.892, 3.422, 2.635, 3.792, 5.761, 6.521, 6.144, 5.186, 3.26, 1.953, 3.907, 6.083, 7.46, 9.651, 10.428, 10.82, 11.116, 12.457, 14.488, 16.429, 17.804, 17.994, 17.261, 16.383, 15.557, 14.982, 14.127, 13.005, 12.067, 11.55, 10.838, 10.172, 9.742, 9.068, 7.531, 6.279, 5.749, 5.588, 5.287, 4.587, 4.743, 5.62, 5.791, 5.333, 5.156, 3.831, 2.269, 3.034, 4.371, 2.892, 2.144, 2.694, 3.887, 5.222, 4.984, 4.8, 5.051, 5.161, 5.108, 4.994, 4.876, 4.453, 4.41, 5.007, 7.388, 9.168, 8.62, 7.397, 6.213, 5.755, 5.76, 4.632, 3.602, 3.762, 3.583, 3.321, 3.497, 4.098, 4.297, 3.651, 3.038, 2.913, 2.337, 2.315, 2.469, 2.47, 2.489, 2.48, 3.075, 3.723, 4.51, 4.844, 4.959, 4.77, 5.168, 5.273, 5.12, 4.757, 4.589, 4.814, 4.602, 4.059, 5.041, 5.79, 5.468, 4.707, 4.268, 5.68, 9.079, 11.628, 12.199, 12.55, 14.436, 16.256, 16.681, 15.496, 13.544, 12.991, 11.981, 11.122, 10.626, 10.394, 10.151, 9.543, 8.825, 9.105], [10.077, 8.435, 8.42, 7.569, 5.732, 4.637, 3.861, 3.165, 1.917, 1.474, 1.815, 1.322, 0.0, 1.493, 2.717, 3.382, 3.353, 3.32, 3.771, 4.519, 4.984, 5.401, 6.652, 8.831, 10.94, 11.347, 10.673, 10.313, 9.759, 9.476, 8.991, 7.412, 4.44, 3.042, 2.333, 3.493, 5.366, 6.148, 5.832, 5.092, 3.324, 1.672, 3.146, 5.575, 7.111, 9.353, 10.162, 10.469, 10.718, 12.023, 14.003, 15.952, 17.319, 17.563, 16.847, 16.031, 15.103, 14.529, 13.698, 12.626, 11.668, 11.163, 10.424, 9.723, 9.301, 8.621, 7.052, 5.882, 5.448, 5.338, 5.011, 4.319, 4.35, 5.134, 5.226, 4.884, 4.875, 3.746, 2.387, 3.333, 4.807, 3.432, 2.679, 2.905, 4.334, 5.677, 5.461, 5.348, 5.533, 5.658, 5.472, 5.393, 5.296, 4.703, 4.391, 5.289, 7.894, 9.638, 9.114, 7.676, 6.443, 5.88, 6.259, 5.047, 3.38, 2.883, 2.741, 2.855, 3.218, 3.827, 3.927, 3.276, 2.708, 2.535, 2.316, 2.51, 2.427, 2.594, 2.704, 2.767, 2.943, 3.358, 4.066, 4.378, 4.508, 4.341, 4.688, 4.792, 4.701, 4.345, 4.069, 4.057, 3.636, 3.264, 4.565, 5.748, 5.781, 5.146, 4.746, 6.129, 9.513, 12.135, 12.642, 12.975, 14.81, 16.65, 17.187, 15.978, 13.995, 13.432, 12.387, 11.525, 11.02, 10.885, 10.658, 9.991, 9.331, 9.581], [11.186, 9.354, 9.276, 8.146, 6.19, 4.97, 4.287, 3.374, 2.201, 1.718, 2.336, 2.199, 1.493, 0.0, 1.614, 2.356, 2.307, 2.263, 2.81, 3.371, 3.862, 4.263, 5.445, 7.594, 9.689, 10.111, 9.435, 9.053, 8.516, 8.233, 7.737, 6.158, 3.277, 2.971, 2.68, 3.653, 5.232, 5.883, 5.98, 5.243, 3.653, 1.509, 3.269, 5.329, 6.877, 8.812, 9.303, 9.546, 9.6, 10.781, 12.704, 14.661, 16.027, 16.321, 15.667, 14.866, 14.052, 13.37, 12.566, 11.581, 10.667, 10.038, 9.337, 8.586, 8.165, 7.445, 5.897, 4.741, 4.569, 4.835, 4.514, 3.658, 3.404, 3.953, 4.201, 4.521, 4.981, 3.942, 3.127, 4.403, 6.007, 4.611, 3.021, 3.524, 5.51, 6.849, 6.645, 6.499, 6.843, 6.917, 6.648, 6.623, 6.503, 5.798, 5.428, 6.468, 9.096, 10.864, 10.374, 8.913, 7.554, 7.155, 7.51, 6.241, 4.267, 2.673, 2.325, 2.598, 3.055, 3.79, 3.565, 2.669, 2.371, 2.3, 2.515, 2.728, 2.711, 2.683, 2.732, 2.561, 2.529, 2.429, 2.974, 3.226, 3.2, 3.068, 3.409, 3.475, 3.453, 3.238, 2.97, 3.092, 2.866, 2.955, 4.726, 6.206, 6.654, 6.358, 5.878, 7.0, 10.777, 13.326, 13.829, 14.118, 15.973, 17.832, 18.444, 17.18, 15.175, 14.605, 13.522, 12.715, 12.177, 12.087, 11.887, 11.258, 10.595, 10.891], [12.425, 10.555, 10.451, 9.273, 7.153, 5.775, 5.376, 4.182, 2.814, 2.55, 3.214, 3.309, 2.717, 1.614, 0.0, 1.336, 1.293, 1.278, 1.783, 2.264, 2.587, 2.95, 4.076, 6.296, 8.345, 8.753, 8.12, 7.736, 7.149, 6.88, 6.387, 4.797, 2.985, 3.168, 3.707, 4.232, 5.486, 5.964, 6.313, 5.755, 4.424, 2.252, 3.355, 5.144, 6.402, 8.105, 8.153, 8.305, 8.4, 9.578, 11.537, 13.48, 14.847, 15.058, 14.308, 13.528, 12.801, 12.149, 11.312, 10.263, 9.362, 8.793, 8.089, 7.347, 6.913, 6.214, 4.696, 3.666, 3.746, 4.615, 4.276, 3.323, 2.796, 3.228, 4.009, 4.571, 5.237, 4.486, 4.266, 5.666, 7.215, 5.863, 4.146, 4.692, 6.759, 8.054, 7.85, 7.663, 8.088, 8.102, 7.826, 7.867, 7.743, 6.969, 6.587, 7.688, 10.362, 12.064, 11.577, 10.173, 8.88, 8.484, 8.733, 7.403, 5.396, 3.186, 2.558, 2.649, 3.156, 4.047, 3.684, 2.927, 2.951, 2.961, 3.263, 3.606, 3.733, 3.454, 3.396, 3.056, 2.711, 2.592, 2.785, 2.716, 2.196, 2.028, 2.226, 2.3, 2.142, 1.915, 1.855, 2.043, 2.058, 3.042, 5.413, 7.131, 7.771, 7.563, 7.07, 8.326, 12.067, 14.529, 15.034, 15.339, 17.347, 19.152, 19.632, 18.391, 16.38, 15.815, 14.754, 13.92, 13.391, 13.316, 13.1, 12.514, 11.799, 12.147], [12.986, 11.141, 11.032, 9.83, 7.722, 6.34, 5.887, 4.759, 3.633, 3.233, 3.908, 4.028, 3.382, 2.356, 1.336, 0.0, 0.866, 1.226, 1.395, 1.754, 2.061, 2.465, 3.599, 5.742, 7.708, 8.108, 7.449, 7.137, 6.608, 6.234, 5.736, 4.171, 3.084, 3.681, 4.38, 4.777, 5.894, 6.305, 6.645, 6.195, 5.081, 2.962, 3.419, 5.161, 6.224, 7.601, 7.508, 7.786, 7.924, 9.031, 10.877, 12.825, 14.176, 14.383, 13.679, 12.931, 12.275, 11.653, 10.838, 9.736, 8.859, 8.267, 7.631, 6.941, 6.464, 5.762, 4.238, 3.624, 3.813, 4.874, 4.515, 3.53, 2.972, 3.432, 4.161, 4.783, 5.604, 4.889, 4.699, 6.195, 7.797, 6.5, 4.791, 5.22, 7.372, 8.687, 8.466, 8.345, 8.768, 8.781, 8.511, 8.52, 8.401, 7.631, 7.271, 8.322, 10.974, 12.737, 12.25, 10.836, 9.558, 9.163, 9.398, 8.077, 6.057, 3.681, 3.126, 3.031, 3.67, 4.554, 4.193, 3.451, 3.67, 3.634, 3.948, 4.119, 4.321, 4.093, 3.879, 3.749, 3.579, 3.187, 3.055, 3.049, 2.539, 2.301, 2.036, 2.259, 2.294, 2.027, 1.939, 1.772, 2.255, 3.597, 6.041, 7.751, 8.383, 8.163, 7.7, 8.985, 12.74, 15.183, 15.619, 15.895, 18.002, 19.799, 20.313, 19.026, 16.998, 16.413, 15.265, 14.488, 13.959, 13.941, 13.763, 13.194, 12.48, 12.824], [12.866, 11.039, 10.946, 9.75, 7.664, 6.279, 5.771, 4.592, 3.416, 3.211, 3.854, 4.004, 3.353, 2.307, 1.293, 0.866, 0.0, 0.976, 1.27, 1.626, 2.117, 2.566, 3.665, 5.814, 7.784, 8.199, 7.566, 7.231, 6.669, 6.32, 5.843, 4.281, 3.138, 3.584, 4.424, 4.736, 5.754, 6.223, 6.551, 6.113, 5.078, 2.905, 3.325, 5.073, 6.31, 7.752, 7.695, 7.874, 7.986, 9.113, 10.983, 12.926, 14.293, 14.496, 13.717, 12.974, 12.349, 11.724, 10.921, 9.821, 8.963, 8.355, 7.718, 6.947, 6.497, 5.83, 4.303, 3.535, 3.737, 4.774, 4.417, 3.463, 2.889, 3.275, 4.045, 4.675, 5.464, 4.803, 4.465, 5.954, 7.678, 6.4, 4.698, 5.211, 7.277, 8.567, 8.346, 8.239, 8.653, 8.668, 8.377, 8.412, 8.302, 7.523, 7.159, 8.225, 10.88, 12.634, 12.142, 10.685, 9.399, 9.002, 9.254, 7.916, 5.941, 3.601, 2.983, 2.881, 3.524, 4.481, 4.107, 3.395, 3.598, 3.566, 3.874, 4.037, 4.193, 3.962, 3.779, 3.663, 3.438, 3.13, 3.001, 2.959, 2.524, 2.266, 2.173, 2.345, 2.42, 2.07, 1.923, 1.879, 2.165, 3.578, 5.89, 7.6, 8.234, 8.016, 7.57, 8.859, 12.618, 15.062, 15.499, 15.775, 17.89, 19.698, 20.206, 18.921, 16.878, 16.293, 15.152, 14.368, 13.839, 13.846, 13.663, 13.077, 12.37, 12.712], [12.59, 10.746, 10.567, 9.3, 7.199, 5.814, 5.321, 4.201, 3.096, 3.11, 3.838, 3.989, 3.32, 2.263, 1.278, 1.226, 0.976, 0.0, 0.931, 1.752, 2.458, 2.875, 4.018, 6.166, 8.161, 8.578, 7.891, 7.58, 7.09, 6.72, 6.241, 4.672, 3.402, 3.618, 4.47, 4.74, 5.905, 6.358, 6.707, 6.165, 5.148, 2.903, 3.349, 5.405, 6.985, 8.491, 8.263, 8.373, 8.475, 9.48, 11.282, 13.249, 14.571, 14.779, 14.12, 13.382, 12.719, 12.068, 11.26, 10.162, 9.314, 8.696, 8.056, 7.286, 6.84, 6.183, 4.676, 3.823, 3.961, 4.986, 4.677, 3.716, 3.123, 3.462, 4.172, 4.86, 5.659, 4.897, 4.301, 5.586, 7.402, 6.245, 4.561, 4.993, 6.949, 8.288, 8.069, 7.934, 8.303, 8.344, 8.075, 8.069, 7.958, 7.216, 6.864, 7.91, 10.548, 12.308, 11.811, 10.327, 9.034, 8.622, 8.91, 7.601, 5.593, 3.357, 2.837, 2.989, 3.723, 4.539, 4.149, 3.42, 3.621, 3.592, 3.808, 3.987, 4.121, 3.883, 3.721, 3.471, 3.273, 3.003, 2.955, 2.905, 2.462, 2.297, 2.313, 2.424, 2.435, 2.117, 1.774, 1.768, 1.825, 3.275, 5.603, 7.315, 7.95, 7.734, 7.227, 8.525, 12.267, 14.779, 15.225, 15.5, 17.568, 19.36, 19.884, 18.622, 16.601, 16.018, 14.87, 14.093, 13.564, 13.533, 13.335, 12.757, 12.031, 12.363], [13.077, 11.216, 11.036, 9.674, 7.477, 6.128, 5.73, 4.609, 3.368, 3.606, 4.357, 4.542, 3.771, 2.81, 1.783, 1.395, 1.27, 0.931, 0.0, 1.297, 2.063, 2.471, 3.593, 5.685, 7.683, 8.128, 7.465, 7.176, 6.672, 6.286, 5.835, 4.273, 3.593, 4.065, 4.983, 5.224, 6.267, 6.636, 7.017, 6.668, 5.68, 3.531, 3.462, 5.518, 6.993, 8.516, 8.127, 8.129, 8.15, 9.11, 10.833, 12.77, 14.101, 14.295, 13.705, 12.973, 12.287, 11.607, 10.789, 9.759, 8.906, 8.268, 7.62, 6.847, 6.423, 5.773, 4.33, 3.726, 4.145, 5.16, 4.896, 3.973, 3.376, 3.67, 4.244, 5.01, 5.974, 5.31, 4.74, 6.072, 7.896, 6.782, 5.181, 5.51, 7.445, 8.758, 8.535, 8.395, 8.742, 8.796, 8.527, 8.515, 8.409, 7.679, 7.327, 8.37, 10.982, 12.763, 12.274, 10.755, 9.453, 9.058, 9.355, 8.05, 6.057, 3.773, 3.119, 3.236, 4.173, 5.067, 4.635, 3.915, 4.112, 4.124, 4.311, 4.422, 4.56, 4.342, 4.171, 3.805, 3.574, 3.328, 3.254, 3.076, 2.714, 2.484, 2.209, 2.3, 2.367, 2.076, 1.956, 1.757, 2.025, 3.686, 6.056, 7.774, 8.411, 8.194, 7.666, 8.959, 12.695, 15.24, 15.696, 15.975, 18.022, 19.823, 20.339, 19.085, 17.067, 16.487, 15.375, 14.571, 14.047, 13.997, 13.794, 13.202, 12.487, 12.801], [14.142, 12.28, 12.092, 10.779, 8.501, 7.185, 6.855, 5.705, 4.158, 4.322, 5.059, 5.262, 4.519, 3.371, 2.264, 1.754, 1.626, 1.752, 1.297, 0.0, 1.142, 1.543, 2.415, 4.562, 6.636, 7.086, 6.422, 6.024, 5.516, 5.247, 4.83, 3.636, 3.85, 4.42, 5.528, 5.421, 6.318, 6.684, 7.033, 6.748, 6.011, 4.217, 4.149, 5.73, 6.943, 8.141, 7.574, 7.442, 7.325, 8.237, 9.789, 11.753, 13.064, 13.278, 12.688, 11.981, 11.298, 10.639, 9.871, 8.923, 8.037, 7.482, 6.69, 5.986, 5.559, 4.809, 3.653, 3.495, 4.122, 5.142, 4.868, 3.993, 3.422, 3.668, 4.206, 4.992, 5.956, 5.35, 5.196, 7.124, 8.962, 7.625, 5.926, 6.354, 8.457, 9.806, 9.597, 9.427, 9.789, 9.819, 9.544, 9.544, 9.436, 8.7, 8.35, 9.396, 12.053, 13.789, 13.295, 11.79, 10.5, 10.096, 10.4, 9.078, 7.086, 4.736, 3.784, 3.45, 4.277, 5.189, 4.739, 4.063, 4.424, 4.517, 4.657, 4.785, 4.886, 4.634, 4.513, 4.152, 3.661, 3.447, 3.533, 3.22, 2.77, 2.543, 2.237, 2.169, 2.15, 2.121, 2.055, 1.885, 2.842, 4.614, 7.101, 8.827, 9.475, 9.258, 8.707, 10.01, 13.737, 16.267, 16.789, 17.083, 19.071, 20.866, 21.371, 20.127, 18.129, 17.565, 16.492, 15.678, 15.146, 15.035, 14.821, 14.265, 13.513, 13.849], [14.871, 12.984, 12.871, 11.562, 9.257, 7.974, 7.639, 6.475, 4.886, 4.639, 5.319, 5.497, 4.984, 3.862, 2.587, 2.061, 2.117, 2.458, 2.063, 1.142, 0.0, 0.979, 1.811, 3.879, 6.011, 6.454, 5.832, 5.424, 4.909, 4.733, 4.411, 3.467, 3.892, 4.704, 5.414, 5.141, 5.862, 6.176, 6.497, 6.36, 5.932, 4.61, 4.754, 5.902, 6.668, 7.65, 7.187, 6.974, 6.879, 7.649, 9.278, 11.139, 12.468, 12.748, 12.214, 11.458, 10.623, 10.0, 9.189, 8.239, 7.324, 6.808, 5.951, 5.266, 4.885, 4.14, 3.187, 3.053, 3.696, 4.609, 4.481, 3.665, 3.098, 3.174, 3.741, 4.444, 5.427, 4.96, 5.306, 7.771, 9.673, 8.232, 6.432, 7.012, 9.168, 10.529, 10.307, 10.097, 10.387, 10.496, 10.244, 10.238, 10.126, 9.401, 9.03, 10.115, 12.75, 14.474, 13.967, 12.446, 11.138, 10.707, 11.072, 9.747, 7.764, 5.311, 4.364, 3.723, 4.255, 4.941, 4.391, 3.882, 4.3, 4.388, 4.559, 4.468, 4.454, 4.151, 4.109, 3.884, 3.242, 3.233, 3.533, 3.104, 2.658, 2.447, 2.21, 2.313, 2.401, 2.385, 2.541, 2.648, 3.571, 5.24, 7.817, 9.543, 10.193, 9.974, 9.405, 10.641, 14.339, 16.982, 17.506, 17.801, 19.713, 21.504, 22.039, 20.845, 18.841, 18.279, 17.233, 16.398, 15.886, 15.752, 15.514, 14.859, 14.178, 14.445], [15.317, 13.463, 13.286, 11.97, 9.679, 8.378, 8.063, 6.874, 5.306, 5.059, 5.654, 5.885, 5.401, 4.263, 2.95, 2.465, 2.566, 2.875, 2.471, 1.543, 0.979, 0.0, 1.437, 3.454, 5.569, 5.993, 5.356, 5.005, 4.57, 4.51, 4.253, 3.353, 3.71, 4.711, 5.622, 4.941, 5.661, 5.726, 6.013, 5.935, 5.895, 5.039, 5.17, 5.951, 6.673, 7.569, 7.07, 6.869, 6.758, 7.513, 8.961, 10.691, 11.982, 12.217, 11.707, 11.017, 10.19, 9.556, 8.775, 7.783, 6.89, 6.372, 5.479, 4.8, 4.397, 3.834, 2.892, 2.808, 3.404, 4.273, 4.213, 3.515, 2.906, 2.797, 3.235, 3.93, 4.966, 4.559, 5.675, 8.269, 10.156, 8.72, 6.733, 7.412, 9.658, 10.998, 10.795, 10.585, 10.862, 10.988, 10.733, 10.73, 10.617, 9.887, 9.516, 10.606, 13.241, 14.966, 14.452, 12.94, 11.638, 11.193, 11.562, 10.238, 8.252, 5.754, 4.652, 3.992, 4.237, 4.783, 4.22, 3.783, 4.287, 4.382, 4.675, 4.617, 4.477, 4.103, 4.1, 3.964, 3.267, 3.188, 3.411, 2.947, 2.43, 2.41, 2.092, 2.196, 2.285, 2.277, 2.817, 2.977, 3.797, 5.711, 8.311, 10.033, 10.675, 10.463, 9.898, 11.139, 14.816, 17.47, 17.979, 18.268, 20.195, 21.987, 22.53, 21.324, 19.324, 18.755, 17.671, 16.864, 16.327, 16.233, 16.004, 15.346, 14.669, 14.915], [16.435, 14.533, 14.434, 13.121, 10.79, 9.508, 9.193, 8.008, 6.417, 6.224, 6.647, 7.021, 6.652, 5.445, 4.076, 3.599, 3.665, 4.018, 3.593, 2.415, 1.811, 1.437, 0.0, 2.381, 4.504, 4.926, 4.305, 3.997, 3.765, 3.676, 3.527, 2.867, 3.672, 5.203, 6.494, 5.561, 5.505, 5.534, 5.812, 6.253, 6.613, 6.082, 6.177, 5.965, 6.375, 7.231, 6.622, 6.387, 6.173, 6.916, 8.198, 9.767, 11.035, 11.272, 10.744, 10.011, 9.402, 8.787, 7.974, 6.991, 6.119, 5.602, 4.827, 4.125, 3.761, 3.277, 2.614, 2.605, 3.2, 4.0, 3.983, 3.739, 3.088, 2.707, 3.019, 3.718, 4.951, 4.965, 6.714, 9.341, 11.223, 9.798, 7.876, 8.578, 10.711, 12.082, 11.849, 11.625, 11.974, 11.982, 11.714, 11.738, 11.631, 10.868, 10.521, 11.607, 14.295, 15.972, 15.463, 13.968, 12.67, 12.311, 12.639, 11.242, 9.275, 6.988, 5.421, 4.703, 4.824, 5.039, 4.493, 4.232, 4.88, 5.043, 5.32, 5.337, 5.249, 5.023, 5.051, 4.846, 4.083, 3.795, 3.66, 3.312, 3.053, 3.01, 2.652, 2.562, 2.528, 2.91, 3.695, 4.003, 4.934, 6.826, 9.324, 11.084, 11.745, 11.499, 10.928, 12.211, 15.913, 18.499, 19.059, 19.361, 21.282, 23.031, 23.553, 22.345, 20.384, 19.832, 18.787, 17.951, 17.439, 17.27, 17.027, 16.491, 15.704, 16.035], [18.595, 16.706, 16.586, 15.252, 12.85, 11.603, 11.335, 10.143, 8.611, 8.352, 8.856, 9.218, 8.831, 7.594, 6.296, 5.742, 5.814, 6.166, 5.685, 4.562, 3.879, 3.454, 2.381, 0.0, 2.216, 2.708, 2.332, 2.066, 1.912, 1.816, 1.904, 2.511, 4.759, 7.301, 8.576, 6.879, 6.313, 6.227, 6.575, 7.486, 8.556, 8.261, 8.417, 7.087, 6.327, 6.366, 5.661, 5.106, 4.785, 5.27, 6.303, 7.523, 8.742, 9.045, 8.634, 7.974, 7.579, 6.87, 6.172, 5.304, 4.772, 4.562, 3.89, 3.284, 3.021, 2.598, 2.627, 3.426, 3.914, 4.51, 5.005, 5.309, 4.648, 3.886, 3.942, 5.019, 6.377, 6.856, 8.845, 11.479, 13.388, 11.975, 10.02, 10.686, 12.886, 14.256, 14.024, 13.876, 14.205, 14.275, 14.01, 13.993, 13.88, 13.165, 12.805, 13.85, 16.466, 18.243, 17.762, 16.218, 14.937, 14.539, 14.849, 13.545, 11.538, 9.169, 7.664, 6.932, 6.723, 6.352, 5.716, 5.917, 6.723, 6.922, 7.306, 7.346, 7.223, 7.149, 7.185, 6.936, 6.26, 5.529, 4.947, 4.589, 4.51, 4.584, 4.288, 4.229, 4.271, 4.821, 5.679, 5.977, 6.975, 9.028, 11.534, 13.252, 13.907, 13.686, 13.147, 14.425, 18.167, 20.726, 21.225, 21.524, 23.499, 25.303, 25.823, 24.579, 22.557, 22.0, 20.956, 20.117, 19.607, 19.487, 19.274, 18.688, 17.969, 18.271], [20.584, 18.731, 18.534, 17.125, 14.668, 13.468, 13.24, 12.063, 10.648, 10.459, 10.968, 11.348, 10.94, 9.689, 8.345, 7.708, 7.784, 8.161, 7.683, 6.636, 6.011, 5.569, 4.504, 2.216, 0.0, 1.04, 1.245, 1.31, 1.457, 1.668, 2.119, 3.643, 6.677, 9.418, 10.723, 8.807, 7.058, 6.957, 7.541, 9.026, 10.539, 10.307, 10.556, 9.039, 7.111, 6.149, 5.241, 4.669, 4.281, 4.336, 5.035, 5.758, 6.936, 7.169, 6.839, 6.392, 6.201, 5.686, 5.04, 4.204, 3.758, 3.686, 3.123, 2.736, 2.737, 2.978, 4.002, 5.273, 5.783, 6.311, 6.916, 7.334, 6.719, 5.873, 5.976, 7.139, 8.504, 8.958, 10.943, 13.615, 15.396, 14.108, 12.064, 12.694, 14.996, 16.286, 16.062, 15.964, 16.345, 16.362, 16.088, 16.112, 16.004, 15.237, 14.863, 15.935, 18.592, 20.343, 19.85, 18.364, 17.072, 16.667, 16.964, 15.616, 13.651, 11.271, 9.797, 9.071, 8.807, 8.365, 7.665, 7.971, 8.815, 9.044, 9.418, 9.496, 9.373, 9.296, 9.335, 9.095, 8.429, 7.668, 6.951, 6.618, 6.571, 6.683, 6.37, 6.319, 6.354, 6.767, 7.487, 7.861, 8.976, 11.143, 13.566, 15.277, 15.899, 15.677, 15.27, 16.542, 20.307, 22.767, 23.254, 23.527, 25.608, 27.431, 27.921, 26.646, 24.578, 24.0, 22.867, 22.064, 21.54, 21.572, 21.377, 20.819, 20.08, 20.408], [21.031, 19.173, 18.992, 17.581, 15.145, 13.937, 13.697, 12.521, 11.061, 10.894, 11.395, 11.776, 11.347, 10.111, 8.753, 8.108, 8.199, 8.578, 8.128, 7.086, 6.454, 5.993, 4.926, 2.708, 1.04, 0.0, 0.941, 1.429, 1.813, 1.993, 2.486, 4.024, 7.11, 9.87, 11.185, 9.259, 7.304, 7.179, 7.655, 9.458, 10.989, 10.744, 11.005, 9.481, 7.165, 5.879, 5.018, 4.491, 4.136, 4.223, 4.46, 5.259, 6.47, 6.705, 6.406, 5.96, 5.75, 5.162, 4.601, 3.658, 3.278, 3.187, 2.741, 2.666, 2.769, 3.145, 4.429, 5.714, 6.231, 6.758, 7.364, 7.784, 7.19, 6.338, 6.43, 7.619, 9.01, 9.428, 11.376, 14.048, 15.836, 14.557, 12.48, 13.098, 15.444, 16.722, 16.499, 16.4, 16.794, 16.808, 16.529, 16.554, 16.448, 15.673, 15.307, 16.383, 19.044, 20.787, 20.292, 18.811, 17.519, 17.129, 17.409, 16.062, 14.09, 11.69, 10.246, 9.513, 9.247, 8.804, 8.13, 8.414, 9.263, 9.491, 9.857, 9.99, 9.871, 9.785, 9.829, 9.572, 8.898, 8.131, 7.369, 7.034, 7.0, 7.106, 6.792, 6.732, 6.773, 7.19, 7.952, 8.276, 9.375, 11.571, 14.029, 15.749, 16.378, 16.156, 15.73, 16.993, 20.749, 23.206, 23.676, 23.949, 26.032, 27.839, 28.364, 27.082, 25.031, 24.451, 23.319, 22.532, 22.005, 22.01, 21.816, 21.243, 20.527, 20.852], [20.414, 18.558, 18.379, 16.969, 14.59, 13.33, 13.076, 11.91, 10.435, 10.218, 10.719, 11.1, 10.673, 9.435, 8.12, 7.449, 7.566, 7.891, 7.465, 6.422, 5.832, 5.356, 4.305, 2.332, 1.245, 0.941, 0.0, 1.182, 1.499, 1.766, 2.125, 3.486, 6.427, 9.21, 10.517, 8.601, 6.637, 6.579, 7.21, 8.81, 10.361, 10.132, 10.333, 8.819, 6.522, 5.563, 4.743, 4.333, 3.967, 4.082, 4.455, 5.702, 6.927, 7.097, 6.797, 6.3, 5.977, 5.299, 4.646, 3.747, 3.237, 3.028, 2.417, 2.155, 2.172, 2.455, 3.769, 5.08, 5.561, 6.096, 6.713, 7.112, 6.524, 5.72, 5.824, 7.015, 8.374, 8.762, 10.733, 13.393, 15.221, 13.881, 11.809, 12.436, 14.768, 16.106, 15.884, 15.745, 16.123, 16.159, 15.897, 15.892, 15.783, 15.027, 14.669, 15.726, 18.369, 20.12, 19.622, 18.158, 16.874, 16.448, 16.732, 15.417, 13.429, 11.015, 9.578, 8.855, 8.617, 8.214, 7.526, 7.802, 8.62, 8.836, 9.219, 9.372, 9.27, 9.206, 9.217, 8.954, 8.283, 7.469, 6.697, 6.371, 6.327, 6.448, 6.117, 6.06, 6.107, 6.596, 7.449, 7.748, 8.702, 10.901, 13.412, 15.123, 15.758, 15.54, 15.046, 16.358, 20.088, 22.591, 23.045, 23.323, 25.388, 27.177, 27.697, 26.433, 24.416, 23.835, 22.701, 21.917, 21.39, 21.345, 21.148, 20.579, 19.856, 20.187], [20.024, 18.181, 17.99, 16.66, 14.303, 13.019, 12.731, 11.573, 10.05, 9.833, 10.328, 10.723, 10.313, 9.053, 7.736, 7.137, 7.231, 7.58, 7.176, 6.024, 5.424, 5.005, 3.997, 2.066, 1.31, 1.429, 1.182, 0.0, 1.176, 1.409, 1.797, 3.206, 6.058, 8.821, 10.131, 8.224, 6.578, 6.533, 7.357, 8.558, 9.966, 9.743, 9.938, 8.442, 6.402, 5.391, 4.506, 4.012, 3.625, 3.792, 4.769, 6.065, 7.302, 7.565, 7.186, 6.613, 6.322, 5.695, 5.038, 4.208, 3.772, 3.614, 2.966, 2.471, 2.297, 2.259, 3.406, 4.683, 5.173, 5.705, 6.319, 6.728, 6.123, 5.345, 5.488, 6.699, 8.068, 8.478, 10.377, 12.998, 14.855, 13.489, 11.436, 12.126, 14.378, 15.722, 15.497, 15.36, 15.728, 15.778, 15.507, 15.504, 15.388, 14.636, 14.279, 15.336, 17.974, 19.729, 19.237, 17.766, 16.479, 16.064, 16.348, 15.024, 13.027, 10.662, 9.192, 8.461, 8.219, 7.816, 7.148, 7.419, 8.239, 8.445, 8.819, 8.999, 8.917, 8.861, 8.86, 8.578, 7.891, 7.081, 6.467, 6.072, 5.955, 6.077, 5.741, 5.682, 5.71, 6.236, 7.164, 7.469, 8.447, 10.527, 13.02, 14.74, 15.371, 15.153, 14.652, 15.95, 19.693, 22.204, 22.679, 22.969, 25.0, 26.796, 27.306, 26.049, 24.03, 23.455, 22.376, 21.565, 21.031, 20.958, 20.76, 20.198, 19.461, 19.793], [19.457, 17.591, 17.433, 16.1, 13.7, 12.456, 12.194, 11.0, 9.463, 9.276, 9.783, 10.177, 9.759, 8.516, 7.149, 6.608, 6.669, 7.09, 6.672, 5.516, 4.909, 4.57, 3.765, 1.912, 1.457, 1.813, 1.499, 1.176, 0.0, 0.827, 1.246, 2.621, 5.501, 8.269, 9.611, 7.678, 6.485, 6.645, 7.326, 8.32, 9.384, 9.164, 9.395, 7.891, 5.922, 5.285, 4.428, 3.89, 3.506, 3.79, 5.054, 6.452, 7.769, 8.059, 7.562, 6.974, 6.609, 6.04, 5.382, 4.511, 4.024, 3.829, 3.151, 2.647, 2.474, 2.196, 2.875, 4.158, 4.651, 5.212, 5.769, 6.192, 5.571, 4.831, 5.176, 6.363, 7.698, 8.106, 9.901, 12.481, 14.286, 12.941, 10.909, 11.574, 13.825, 15.133, 14.923, 14.789, 15.185, 15.201, 14.926, 14.949, 14.843, 14.064, 13.699, 14.766, 17.426, 19.177, 18.678, 17.214, 15.923, 15.519, 15.792, 14.452, 12.485, 10.11, 8.641, 7.908, 7.645, 7.256, 6.618, 6.874, 7.691, 7.926, 8.296, 8.495, 8.453, 8.466, 8.377, 8.101, 7.376, 6.58, 5.956, 5.571, 5.443, 5.528, 5.214, 5.15, 5.176, 5.693, 6.616, 6.931, 7.901, 9.973, 12.44, 14.158, 14.8, 14.588, 14.107, 15.399, 19.147, 21.621, 22.11, 22.4, 24.444, 26.258, 26.747, 25.463, 23.453, 22.886, 21.815, 20.996, 20.467, 20.392, 20.206, 19.648, 18.911, 19.253], [19.157, 17.301, 17.103, 15.713, 13.256, 12.059, 11.809, 10.649, 9.184, 9.014, 9.512, 9.89, 9.476, 8.233, 6.88, 6.234, 6.32, 6.72, 6.286, 5.247, 4.733, 4.51, 3.676, 1.816, 1.668, 1.993, 1.766, 1.409, 0.827, 0.0, 0.878, 2.21, 5.21, 8.017, 9.353, 7.461, 6.661, 6.914, 7.605, 8.334, 9.106, 8.88, 9.131, 7.648, 5.917, 5.251, 4.408, 3.88, 3.494, 3.958, 5.242, 6.851, 8.134, 8.434, 8.02, 7.43, 7.074, 6.497, 5.844, 4.916, 4.435, 4.266, 3.625, 3.129, 2.902, 2.379, 2.79, 3.918, 4.443, 5.034, 5.54, 5.951, 5.349, 4.713, 5.139, 6.318, 7.67, 8.057, 9.633, 12.207, 13.963, 12.674, 10.588, 11.219, 13.559, 14.847, 14.628, 14.519, 14.924, 14.938, 14.654, 14.687, 14.582, 13.803, 13.429, 14.505, 17.162, 18.91, 18.417, 16.95, 15.662, 15.266, 15.53, 14.193, 12.214, 9.805, 8.389, 7.654, 7.395, 6.987, 6.407, 6.61, 7.438, 7.674, 8.064, 8.291, 8.352, 8.374, 8.275, 7.934, 7.234, 6.363, 5.583, 5.217, 5.11, 5.223, 4.896, 4.854, 4.882, 5.294, 6.129, 6.446, 7.506, 9.701, 12.163, 13.873, 14.507, 14.29, 13.847, 15.119, 18.894, 21.339, 21.787, 22.064, 24.167, 25.967, 26.486, 25.201, 23.159, 22.576, 21.463, 20.658, 20.132, 20.127, 19.943, 19.357, 18.65, 18.979], [18.662, 16.815, 16.62, 15.208, 12.743, 11.559, 11.327, 10.164, 8.706, 8.53, 9.041, 9.421, 8.991, 7.737, 6.387, 5.736, 5.843, 6.241, 5.835, 4.83, 4.411, 4.253, 3.527, 1.904, 2.119, 2.486, 2.125, 1.797, 1.246, 0.878, 0.0, 1.772, 4.753, 7.566, 8.905, 7.008, 6.262, 6.614, 7.297, 8.073, 8.664, 8.402, 8.67, 7.183, 5.663, 5.117, 4.325, 3.99, 3.637, 4.182, 5.527, 7.289, 8.666, 8.965, 8.503, 7.918, 7.387, 6.765, 6.042, 5.105, 4.504, 4.292, 3.631, 3.102, 2.839, 2.199, 2.426, 3.559, 4.111, 4.757, 5.214, 5.546, 4.94, 4.4, 4.846, 6.042, 7.38, 7.781, 9.302, 11.742, 13.477, 12.203, 10.116, 10.722, 13.088, 14.36, 14.142, 14.048, 14.462, 14.477, 14.196, 14.216, 14.1, 13.328, 12.958, 14.034, 16.691, 18.438, 17.948, 16.493, 15.212, 14.814, 15.061, 13.723, 11.754, 9.329, 7.923, 7.279, 7.027, 6.687, 6.054, 6.225, 6.996, 7.226, 7.626, 7.919, 8.055, 8.101, 8.002, 7.641, 6.926, 6.02, 5.096, 4.748, 4.654, 4.775, 4.451, 4.389, 4.422, 4.82, 5.586, 5.889, 7.003, 9.241, 11.677, 13.387, 14.021, 13.803, 13.375, 14.654, 18.426, 20.853, 21.316, 21.588, 23.681, 25.487, 26.015, 24.73, 22.674, 22.09, 20.952, 20.171, 19.64, 19.656, 19.464, 18.886, 18.179, 18.519], [17.067, 15.211, 15.012, 13.616, 11.216, 9.965, 9.718, 8.559, 7.101, 6.946, 7.45, 7.819, 7.412, 6.158, 4.797, 4.171, 4.281, 4.672, 4.273, 3.636, 3.467, 3.353, 2.867, 2.511, 3.643, 4.024, 3.486, 3.206, 2.621, 2.21, 1.772, 0.0, 3.141, 5.959, 7.304, 5.841, 5.469, 5.898, 6.596, 7.331, 7.154, 6.791, 7.065, 5.735, 4.648, 5.098, 4.631, 4.452, 4.336, 5.286, 6.905, 8.741, 10.154, 10.395, 9.837, 9.184, 8.585, 7.892, 7.095, 6.113, 5.281, 4.784, 4.048, 3.468, 3.037, 2.246, 1.701, 2.441, 2.974, 3.801, 4.19, 4.365, 3.757, 3.34, 3.829, 4.963, 6.336, 6.612, 8.151, 10.141, 11.873, 10.596, 8.51, 9.135, 11.481, 12.756, 12.538, 12.44, 12.85, 12.861, 12.58, 12.602, 12.496, 11.724, 11.351, 12.427, 15.084, 16.831, 16.339, 14.873, 13.589, 13.193, 13.449, 12.115, 10.138, 7.722, 6.313, 5.803, 5.698, 5.405, 4.951, 4.911, 5.514, 5.647, 6.171, 6.587, 6.882, 6.913, 6.783, 6.306, 5.687, 4.594, 3.682, 3.41, 3.349, 3.335, 2.941, 3.013, 3.033, 3.446, 4.43, 4.543, 5.423, 7.627, 10.074, 11.784, 12.418, 12.2, 11.769, 13.039, 16.818, 19.249, 19.708, 19.981, 22.077, 23.88, 24.408, 23.123, 21.07, 20.486, 19.368, 18.567, 18.042, 18.049, 17.857, 17.279, 16.572, 16.904], [14.083, 12.228, 12.03, 10.876, 8.821, 7.582, 6.901, 5.888, 4.799, 4.237, 4.838, 4.892, 4.44, 3.277, 2.985, 3.084, 3.138, 3.402, 3.593, 3.85, 3.892, 3.71, 3.672, 4.759, 6.677, 7.11, 6.427, 6.058, 5.501, 5.21, 4.753, 3.141, 0.0, 2.957, 4.359, 3.977, 3.943, 4.408, 4.897, 5.557, 5.092, 3.993, 4.237, 4.067, 4.251, 6.226, 6.492, 6.753, 6.907, 7.989, 9.821, 11.76, 13.122, 13.317, 12.716, 11.94, 11.194, 10.523, 9.69, 8.56, 7.739, 7.093, 6.422, 5.733, 5.309, 4.608, 3.177, 2.117, 1.95, 2.331, 2.415, 2.537, 2.201, 2.138, 2.123, 2.814, 4.256, 4.437, 5.726, 7.271, 8.922, 7.505, 5.509, 6.203, 8.425, 9.764, 9.561, 9.4, 9.757, 9.817, 9.546, 9.529, 9.407, 8.676, 8.322, 9.379, 12.012, 13.772, 13.271, 11.78, 10.503, 10.1, 10.36, 9.07, 7.079, 4.958, 3.519, 3.035, 3.24, 3.29, 3.031, 2.81, 3.229, 3.415, 3.87, 4.267, 4.42, 4.501, 4.632, 4.299, 4.018, 2.825, 2.072, 2.408, 2.536, 2.289, 2.315, 2.296, 2.201, 2.525, 3.63, 3.979, 3.437, 5.093, 7.325, 8.878, 9.445, 9.233, 8.677, 9.973, 13.718, 16.24, 16.744, 17.034, 19.011, 20.801, 21.352, 20.093, 18.09, 17.521, 16.437, 15.63, 15.093, 15.002, 14.798, 14.206, 13.493, 13.813], [11.935, 10.485, 10.449, 9.792, 8.108, 7.015, 6.12, 5.412, 4.356, 3.849, 3.992, 3.422, 3.042, 2.971, 3.168, 3.681, 3.584, 3.618, 4.065, 4.42, 4.704, 4.711, 5.203, 7.301, 9.418, 9.87, 9.21, 8.821, 8.269, 8.017, 7.566, 5.959, 2.957, 0.0, 2.691, 2.651, 3.826, 4.032, 4.103, 4.082, 3.392, 2.562, 2.594, 3.179, 4.893, 7.448, 8.334, 8.875, 9.184, 10.588, 12.599, 14.54, 15.895, 16.081, 15.287, 14.382, 13.612, 13.042, 12.179, 11.029, 10.098, 9.532, 8.857, 8.202, 7.78, 7.175, 5.683, 4.3, 3.729, 3.354, 2.935, 2.459, 2.861, 3.778, 3.735, 2.796, 3.11, 2.957, 3.878, 5.04, 6.612, 5.267, 4.413, 4.994, 6.118, 7.502, 7.406, 7.162, 7.02, 7.196, 7.147, 7.033, 6.881, 6.398, 6.169, 6.941, 9.378, 11.292, 10.645, 9.09, 8.233, 7.502, 7.814, 7.038, 5.27, 4.088, 2.352, 1.615, 1.613, 2.59, 2.736, 2.728, 2.522, 2.553, 2.978, 3.758, 3.597, 3.852, 4.222, 4.383, 3.968, 3.264, 3.222, 3.6, 3.676, 3.46, 3.657, 3.625, 3.346, 3.043, 3.744, 4.152, 3.466, 4.215, 6.021, 7.416, 7.647, 6.991, 6.655, 8.155, 11.366, 13.807, 14.346, 14.786, 16.627, 18.367, 18.585, 17.563, 15.78, 15.24, 14.185, 13.339, 12.857, 12.426, 12.146, 11.622, 10.711, 11.051], [10.784, 9.413, 9.365, 8.992, 7.578, 6.668, 5.81, 5.201, 3.925, 3.046, 3.034, 2.635, 2.333, 2.68, 3.707, 4.38, 4.424, 4.47, 4.983, 5.528, 5.414, 5.622, 6.494, 8.576, 10.723, 11.185, 10.517, 10.131, 9.611, 9.353, 8.905, 7.304, 4.359, 2.691, 0.0, 2.29, 4.478, 5.085, 4.367, 3.123, 1.849, 2.56, 4.175, 5.279, 6.51, 8.896, 9.736, 10.106, 10.406, 11.769, 13.787, 15.714, 17.088, 17.351, 16.62, 15.729, 14.839, 14.236, 13.396, 12.328, 11.358, 10.852, 10.091, 9.359, 8.941, 8.272, 6.795, 5.533, 5.053, 4.776, 4.449, 3.849, 4.071, 4.928, 4.904, 3.898, 3.318, 2.31, 2.651, 3.781, 5.446, 3.985, 3.464, 3.785, 5.029, 6.6, 6.857, 6.537, 6.326, 6.754, 6.77, 6.587, 6.42, 6.133, 5.924, 6.115, 8.308, 10.186, 9.788, 8.483, 7.676, 6.364, 6.708, 6.673, 5.08, 4.379, 3.869, 3.258, 2.613, 2.863, 3.22, 2.914, 2.261, 2.138, 1.947, 2.615, 2.735, 2.967, 3.315, 3.233, 3.04, 3.235, 3.901, 4.251, 4.317, 4.302, 4.797, 4.879, 4.9, 4.814, 4.86, 5.144, 4.912, 4.667, 6.154, 7.531, 7.53, 6.389, 6.4, 7.58, 10.56, 12.602, 13.26, 13.631, 15.257, 17.134, 17.49, 16.563, 14.694, 13.992, 12.984, 12.151, 11.655, 11.375, 11.042, 10.455, 9.592, 9.841], [12.695, 11.303, 11.258, 10.659, 9.02, 8.025, 7.14, 6.49, 5.023, 4.095, 4.0, 3.792, 3.493, 3.653, 4.232, 4.777, 4.736, 4.74, 5.224, 5.421, 5.141, 4.941, 5.561, 6.879, 8.807, 9