[[0.0, 1.336, 1.842, 1.982, 3.308, 4.611, 6.332, 7.134, 7.714, 7.295, 4.869, 3.385, 2.545, 2.383, 3.08, 3.727, 3.149, 2.287, 3.075, 3.186, 3.509, 4.207, 4.057, 4.635, 4.59, 3.563, 3.138, 2.538, 1.746, 1.656, 2.587, 4.042, 3.728, 3.491, 2.99, 4.446, 6.475, 7.871, 8.413, 8.974, 9.454, 8.97, 8.875, 9.41, 9.986, 11.869, 14.588, 14.927, 15.603, 17.03, 14.809, 10.646, 9.04, 7.615, 6.382, 5.565, 5.41, 6.354, 5.115, 4.098, 5.251, 5.366, 5.495, 4.009, 2.609, 3.296, 2.999, 2.918, 2.989, 2.732, 2.741, 3.416, 3.748, 3.951, 4.149, 4.715, 6.116, 5.166, 4.401, 4.983, 5.161, 4.754, 4.614, 4.077, 4.033, 4.401, 4.486, 2.364, 1.745, 3.26, 4.305, 4.635, 4.767, 5.694, 5.753, 5.138, 5.667, 6.065, 6.263, 6.602, 6.616, 7.272, 6.843, 6.465, 5.895, 3.599, 2.279, 5.272, 9.137, 10.549, 10.619, 11.216, 10.83, 9.455, 8.908, 10.212, 11.21, 11.915, 11.477, 9.674, 9.421, 9.931, 10.233, 11.197, 11.327, 10.982, 11.173, 12.165, 12.502, 10.911, 10.604, 10.611, 10.882, 10.454, 6.025, 3.679, 5.299, 6.23, 4.097, 4.426, 5.681, 6.576, 5.749, 6.821, 8.997, 9.514], [1.336, 0.0, 1.227, 1.691, 2.563, 3.562, 5.335, 6.152, 6.731, 6.315, 3.873, 2.384, 1.62, 1.759, 2.769, 3.663, 3.162, 1.853, 2.438, 2.444, 2.612, 3.312, 3.239, 3.933, 3.92, 3.088, 2.823, 2.175, 1.854, 1.539, 1.959, 3.083, 2.764, 2.677, 2.263, 3.433, 5.489, 6.888, 7.419, 7.87, 8.471, 7.987, 7.893, 8.428, 9.003, 10.881, 13.594, 13.932, 14.621, 16.048, 13.827, 9.613, 7.998, 6.633, 5.396, 4.605, 4.419, 5.357, 4.086, 3.428, 4.739, 4.653, 4.669, 3.263, 1.942, 2.437, 2.103, 2.379, 2.625, 2.434, 2.209, 2.866, 3.9, 4.362, 4.539, 4.683, 5.721, 4.955, 4.867, 5.704, 6.076, 5.081, 4.637, 4.027, 3.493, 3.723, 3.638, 1.717, 1.804, 3.775, 5.148, 4.875, 5.051, 5.897, 6.075, 5.15, 5.42, 5.886, 6.172, 6.366, 6.335, 6.975, 6.509, 5.891, 5.284, 2.999, 1.86, 4.322, 8.154, 9.591, 9.636, 10.233, 9.847, 8.473, 7.925, 9.229, 10.242, 10.933, 10.495, 8.684, 8.415, 8.925, 9.248, 10.193, 10.329, 9.976, 10.191, 11.171, 11.495, 9.929, 9.604, 9.628, 9.9, 9.471, 5.086, 2.71, 4.331, 5.217, 3.214, 4.096, 5.439, 6.274, 5.838, 6.9, 9.129, 9.634], [1.842, 1.227, 0.0, 0.901, 1.772, 2.944, 4.681, 5.493, 6.065, 5.667, 3.301, 1.81, 1.573, 2.037, 3.49, 4.476, 4.127, 2.376, 2.482, 2.407, 2.476, 3.124, 3.107, 3.929, 4.1, 3.657, 3.093, 2.226, 1.805, 1.8, 1.636, 2.665, 2.375, 2.263, 1.852, 2.856, 4.868, 6.268, 6.81, 7.341, 7.85, 7.366, 7.272, 7.807, 8.382, 10.26, 12.973, 13.311, 14.0, 15.427, 13.206, 9.0, 7.393, 6.012, 4.809, 4.025, 3.974, 4.887, 3.81, 3.781, 5.08, 4.785, 4.694, 3.388, 2.52, 2.401, 2.207, 2.806, 3.239, 3.16, 2.612, 3.335, 4.565, 5.063, 5.268, 5.519, 6.245, 5.708, 5.444, 6.229, 6.603, 5.739, 5.249, 4.541, 3.837, 3.914, 3.418, 1.627, 2.631, 4.336, 5.703, 5.842, 5.865, 6.763, 6.93, 5.972, 6.135, 6.606, 6.912, 7.086, 7.013, 7.651, 7.107, 6.151, 5.585, 3.26, 2.16, 3.963, 7.535, 8.932, 9.015, 9.612, 9.227, 7.852, 7.304, 8.608, 9.604, 10.312, 9.874, 8.064, 7.785, 8.282, 8.594, 9.562, 9.691, 9.351, 9.57, 10.55, 10.866, 9.308, 8.994, 9.007, 9.279, 8.85, 4.701, 2.435, 3.699, 4.584, 3.182, 4.784, 6.151, 6.937, 6.688, 7.741, 9.986, 10.484], [1.982, 1.691, 0.901, 0.0, 1.863, 3.054, 4.761, 5.553, 6.096, 5.738, 3.549, 2.045, 2.009, 2.624, 4.09, 5.02, 4.412, 2.942, 2.891, 2.875, 2.885, 3.537, 3.507, 4.252, 4.603, 4.214, 3.466, 2.537, 1.892, 2.127, 1.911, 2.965, 2.581, 2.594, 2.006, 3.066, 4.975, 6.334, 6.863, 7.36, 7.915, 7.431, 7.337, 7.872, 8.447, 10.325, 13.038, 13.376, 14.064, 15.492, 13.271, 9.068, 7.467, 6.166, 4.91, 4.28, 4.247, 5.212, 4.173, 4.312, 5.684, 5.258, 5.194, 3.833, 2.9, 2.853, 2.636, 3.326, 3.804, 3.622, 3.169, 3.893, 4.763, 5.239, 5.528, 5.886, 6.821, 6.268, 5.745, 6.4, 6.755, 6.078, 5.791, 4.911, 4.424, 4.41, 3.78, 2.012, 2.984, 4.497, 5.732, 5.914, 6.087, 7.057, 7.15, 6.496, 6.662, 7.141, 7.467, 7.622, 7.549, 8.19, 7.684, 6.66, 6.13, 3.784, 2.724, 4.305, 7.642, 8.992, 9.08, 9.677, 9.291, 7.917, 7.369, 8.673, 9.669, 10.377, 9.939, 8.187, 7.907, 8.381, 8.695, 9.683, 9.751, 9.416, 9.635, 10.615, 10.925, 9.373, 9.048, 9.072, 9.344, 8.915, 5.03, 2.726, 3.911, 4.759, 3.68, 5.326, 6.731, 7.523, 7.089, 8.173, 10.378, 10.885], [3.308, 2.563, 1.772, 1.863, 0.0, 1.518, 3.269, 4.08, 4.656, 4.307, 2.671, 1.883, 2.585, 3.545, 4.979, 6.044, 5.609, 3.692, 3.088, 2.925, 2.686, 3.235, 3.054, 4.08, 4.671, 5.098, 4.528, 3.458, 3.193, 3.286, 2.327, 2.143, 2.076, 1.865, 2.083, 1.62, 3.464, 4.867, 5.397, 5.848, 6.45, 5.966, 5.871, 6.407, 6.982, 8.859, 11.573, 11.911, 12.599, 14.027, 11.805, 7.592, 5.974, 4.627, 3.481, 3.015, 2.941, 3.929, 4.017, 4.536, 5.966, 5.373, 5.074, 3.898, 3.837, 3.23, 3.285, 4.292, 4.755, 4.691, 3.911, 4.701, 6.139, 6.653, 6.804, 7.054, 7.68, 7.253, 7.037, 7.83, 8.18, 7.321, 6.791, 6.103, 4.675, 4.433, 3.411, 2.663, 4.007, 5.795, 7.171, 7.262, 7.393, 8.319, 8.466, 7.55, 7.459, 7.97, 8.419, 8.528, 8.399, 8.881, 8.161, 7.095, 6.29, 4.167, 3.016, 3.079, 6.133, 7.545, 7.615, 8.212, 7.826, 6.452, 5.904, 7.208, 8.204, 8.912, 8.473, 6.663, 6.364, 6.872, 7.174, 8.156, 8.286, 7.95, 8.169, 9.15, 9.444, 7.907, 7.582, 7.607, 7.878, 7.45, 3.561, 2.488, 2.769, 3.244, 3.748, 6.124, 7.573, 8.414, 8.23, 9.284, 11.513, 12.021], [4.611, 3.562, 2.944, 3.054, 1.518, 0.0, 2.047, 2.814, 3.345, 3.209, 2.456, 2.396, 3.167, 4.371, 5.658, 6.761, 6.459, 4.429, 3.728, 3.466, 3.208, 3.483, 3.601, 4.082, 4.93, 5.773, 5.466, 4.487, 4.434, 4.446, 3.289, 2.256, 2.232, 2.384, 2.61, 1.348, 2.267, 3.61, 4.157, 4.724, 5.209, 4.692, 4.615, 5.184, 5.731, 7.603, 10.316, 10.654, 11.342, 12.77, 10.555, 6.358, 4.722, 3.442, 2.448, 2.451, 2.359, 3.58, 4.221, 5.038, 6.396, 5.726, 5.07, 4.079, 4.537, 3.832, 3.936, 4.981, 5.386, 5.385, 4.684, 5.323, 6.888, 7.467, 7.648, 7.727, 8.292, 7.889, 8.033, 8.843, 9.203, 8.267, 7.668, 6.934, 5.128, 4.509, 3.702, 3.454, 5.044, 7.045, 8.398, 8.127, 8.09, 8.969, 9.141, 8.24, 8.068, 8.575, 9.014, 9.106, 8.967, 9.412, 8.66, 7.621, 6.424, 4.682, 3.896, 2.457, 4.879, 6.27, 6.353, 6.941, 6.562, 5.194, 4.647, 5.951, 6.942, 7.655, 7.207, 5.406, 5.087, 5.596, 5.906, 6.9, 7.029, 6.694, 6.913, 7.893, 8.176, 6.651, 6.334, 6.35, 6.622, 6.183, 3.324, 2.754, 2.546, 2.633, 4.102, 6.68, 8.129, 8.997, 8.856, 9.883, 12.12, 12.636], [6.332, 5.335, 4.681, 4.761, 3.269, 2.047, 0.0, 1.786, 2.113, 2.323, 2.573, 3.113, 4.234, 5.955, 6.958, 7.933, 7.89, 5.852, 5.215, 4.797, 3.953, 4.066, 4.331, 4.655, 5.801, 7.185, 7.038, 6.001, 6.009, 5.979, 4.725, 3.231, 3.362, 3.822, 4.142, 2.282, 1.266, 2.244, 2.412, 3.04, 3.395, 2.855, 2.781, 3.312, 3.91, 5.821, 8.541, 8.904, 9.523, 10.971, 8.734, 4.628, 3.045, 1.766, 1.84, 2.602, 2.212, 3.318, 4.589, 5.516, 6.965, 6.076, 5.106, 4.575, 5.772, 4.906, 5.144, 6.298, 6.519, 6.65, 6.022, 6.659, 8.363, 8.938, 9.139, 9.193, 9.272, 9.237, 9.738, 10.463, 10.803, 9.814, 9.119, 8.39, 6.474, 4.892, 4.73, 4.962, 6.7, 8.813, 10.137, 9.825, 9.508, 10.297, 10.543, 9.305, 9.093, 9.669, 10.031, 10.111, 9.924, 10.035, 9.267, 8.307, 7.018, 5.908, 5.422, 2.318, 3.155, 4.434, 4.489, 5.072, 4.682, 3.316, 2.778, 4.082, 5.078, 5.775, 5.331, 3.675, 3.248, 3.787, 4.073, 5.096, 5.199, 4.848, 5.045, 6.024, 6.344, 4.893, 4.586, 4.52, 4.766, 4.303, 3.24, 3.76, 2.599, 2.267, 4.694, 7.415, 9.001, 10.255, 10.175, 11.14, 13.469, 14.031], [7.134, 6.152, 5.493, 5.553, 4.08, 2.814, 1.786, 0.0, 1.348, 1.667, 2.604, 3.825, 4.914, 6.615, 7.379, 8.339, 8.437, 6.365, 5.804, 5.293, 4.013, 3.705, 4.076, 4.465, 5.881, 7.804, 7.655, 6.481, 6.637, 6.586, 5.11, 3.562, 3.667, 4.349, 4.807, 2.972, 1.872, 2.142, 2.176, 2.663, 2.876, 2.098, 2.202, 2.871, 3.381, 5.207, 7.839, 8.268, 8.863, 10.278, 8.066, 4.104, 2.675, 1.78, 1.419, 2.412, 2.219, 2.691, 4.175, 5.275, 6.763, 5.808, 4.707, 4.486, 5.829, 4.935, 5.557, 6.831, 6.899, 6.941, 6.592, 6.851, 8.835, 9.483, 9.701, 9.664, 9.328, 9.998, 10.562, 11.149, 11.336, 10.576, 9.813, 9.031, 7.072, 5.053, 4.732, 5.785, 7.513, 9.68, 10.987, 10.693, 9.933, 10.443, 10.602, 9.214, 8.939, 9.707, 10.199, 10.324, 10.286, 10.046, 9.494, 8.611, 6.968, 6.486, 6.089, 2.365, 2.957, 3.684, 3.658, 4.216, 3.794, 2.576, 2.054, 3.278, 4.434, 4.925, 4.488, 2.897, 2.636, 3.155, 3.454, 4.486, 4.49, 4.112, 4.319, 5.282, 5.631, 4.355, 4.003, 4.002, 4.068, 3.482, 2.76, 4.016, 2.448, 1.889, 4.515, 7.186, 8.983, 10.392, 10.542, 11.214, 13.855, 14.454], [7.714, 6.731, 6.065, 6.096, 4.656, 3.345, 2.113, 1.348, 0.0, 1.207, 3.022, 4.367, 5.451, 7.164, 7.931, 8.909, 9.02, 6.887, 6.385, 5.859, 4.641, 4.134, 4.361, 4.668, 6.066, 8.408, 8.186, 7.113, 7.219, 7.18, 5.763, 4.167, 4.27, 4.89, 5.359, 3.475, 2.147, 2.713, 2.954, 2.903, 3.228, 2.133, 2.598, 3.066, 3.96, 5.029, 7.229, 7.681, 8.253, 9.683, 7.486, 3.813, 2.04, 1.853, 1.877, 2.369, 2.432, 2.154, 3.573, 5.328, 6.257, 5.074, 4.033, 4.668, 6.247, 5.382, 6.051, 7.402, 7.401, 7.513, 7.193, 7.323, 9.349, 10.065, 10.205, 10.177, 9.874, 10.532, 11.098, 11.71, 11.92, 11.162, 10.338, 9.553, 7.589, 5.557, 5.329, 6.319, 8.039, 10.214, 11.521, 11.227, 10.425, 10.802, 11.042, 9.589, 8.852, 10.152, 10.703, 10.865, 10.897, 10.275, 10.047, 9.161, 7.293, 7.003, 6.668, 2.732, 2.048, 3.132, 3.522, 3.858, 3.508, 2.871, 2.263, 3.108, 3.803, 4.353, 3.915, 2.291, 1.989, 2.623, 2.816, 3.813, 3.917, 3.725, 4.112, 4.798, 5.114, 3.967, 4.016, 3.484, 3.486, 2.905, 2.473, 4.466, 2.483, 1.83, 4.376, 7.239, 9.351, 10.915, 11.115, 11.699, 14.387, 14.991], [7.295, 6.315, 5.667, 5.738, 4.307, 3.209, 2.323, 1.667, 1.207, 0.0, 2.517, 4.024, 5.037, 6.708, 7.538, 8.533, 8.644, 6.498, 5.921, 5.465, 4.222, 3.689, 3.944, 4.051, 5.483, 7.915, 7.798, 6.656, 6.82, 6.778, 5.297, 3.709, 3.84, 4.456, 4.995, 3.339, 2.61, 3.352, 3.473, 3.447, 3.774, 2.62, 3.109, 3.565, 4.508, 5.72, 7.825, 8.366, 8.928, 10.316, 8.183, 4.614, 2.623, 1.866, 1.52, 1.922, 2.069, 1.624, 2.935, 4.692, 5.506, 4.508, 3.471, 4.315, 5.805, 4.919, 5.549, 6.998, 6.885, 7.048, 6.717, 6.804, 8.913, 9.582, 9.676, 9.756, 9.372, 10.111, 10.675, 11.183, 11.333, 10.688, 9.917, 9.125, 7.119, 5.199, 4.867, 5.928, 7.671, 9.808, 11.131, 10.829, 9.96, 10.269, 10.503, 9.225, 8.365, 9.749, 10.235, 10.422, 10.419, 9.775, 9.491, 8.667, 6.695, 6.59, 6.265, 2.42, 2.433, 3.687, 4.268, 4.452, 4.065, 3.275, 2.823, 3.558, 4.357, 4.794, 4.36, 2.621, 2.352, 2.924, 3.179, 4.171, 4.318, 4.379, 4.829, 5.565, 5.754, 4.736, 4.702, 4.249, 4.051, 3.333, 2.005, 4.073, 2.09, 1.648, 3.762, 6.726, 8.735, 10.358, 10.597, 11.047, 13.823, 14.421], [4.869, 3.873, 3.301, 3.549, 2.671, 2.456, 2.573, 2.604, 3.022, 2.517, 0.0, 1.866, 2.571, 4.283, 5.105, 6.13, 6.216, 4.071, 3.571, 3.033, 1.985, 1.838, 2.126, 2.308, 3.496, 5.474, 5.378, 4.305, 4.457, 4.422, 3.148, 1.932, 2.034, 2.436, 2.83, 2.207, 2.725, 3.765, 4.482, 5.08, 5.327, 4.51, 4.458, 5.198, 5.802, 7.496, 10.104, 10.625, 11.191, 12.58, 10.435, 6.559, 4.764, 3.052, 2.015, 1.577, 1.579, 2.136, 2.178, 3.05, 4.451, 3.681, 2.921, 2.258, 3.509, 2.659, 3.125, 4.566, 4.462, 4.662, 4.329, 4.471, 6.467, 7.136, 7.232, 7.281, 7.109, 7.624, 8.188, 8.765, 8.987, 8.21, 7.436, 6.643, 4.715, 2.946, 3.138, 3.462, 5.213, 7.347, 8.672, 8.362, 7.514, 8.041, 8.265, 7.018, 6.64, 7.541, 7.92, 8.028, 8.042, 7.866, 7.166, 6.221, 4.679, 4.134, 3.86, 1.622, 4.61, 5.939, 6.084, 6.589, 6.16, 4.778, 4.345, 5.589, 6.604, 7.242, 6.807, 5.052, 4.736, 5.265, 5.548, 6.54, 6.695, 6.364, 6.798, 7.681, 8.006, 6.761, 6.407, 6.362, 6.292, 5.766, 1.972, 1.881, 1.257, 1.79, 2.26, 4.915, 6.575, 8.104, 8.187, 8.853, 11.467, 12.059], [3.385, 2.384, 1.81, 2.045, 1.883, 2.396, 3.113, 3.825, 4.367, 4.024, 1.866, 0.0, 1.509, 3.096, 4.161, 5.153, 4.992, 3.065, 2.57, 2.191, 1.517, 1.962, 2.098, 2.862, 3.523, 4.488, 4.253, 3.206, 3.168, 3.13, 2.168, 1.79, 2.089, 1.953, 2.195, 2.079, 3.329, 4.601, 5.131, 5.711, 6.178, 5.694, 5.6, 6.135, 6.711, 8.588, 11.304, 11.643, 12.328, 13.755, 11.534, 7.355, 5.754, 4.377, 3.161, 2.561, 2.514, 3.399, 2.707, 3.029, 4.587, 3.933, 3.765, 2.485, 3.094, 2.201, 2.483, 3.619, 3.838, 4.02, 3.238, 3.995, 5.656, 6.27, 6.464, 6.501, 6.644, 6.484, 6.928, 7.715, 8.085, 7.058, 6.422, 5.747, 3.843, 3.038, 3.05, 2.175, 3.734, 5.855, 7.196, 6.891, 6.871, 7.599, 7.855, 6.611, 6.392, 6.999, 7.342, 7.44, 7.212, 7.477, 6.826, 5.766, 4.842, 3.231, 2.589, 2.509, 5.943, 7.256, 7.343, 7.941, 7.555, 6.18, 5.633, 6.937, 7.947, 8.64, 8.202, 6.461, 6.19, 6.696, 6.991, 7.968, 8.041, 7.679, 7.898, 8.878, 9.198, 7.636, 7.315, 7.335, 7.607, 7.178, 3.273, 1.558, 2.123, 3.071, 2.31, 4.785, 6.383, 7.634, 7.575, 8.576, 10.882, 11.427], [2.545, 1.62, 1.573, 2.009, 2.585, 3.167, 4.234, 4.914, 5.451, 5.037, 2.571, 1.509, 0.0, 1.919, 2.917, 4.043, 3.933, 1.755, 2.22, 1.864, 1.564, 2.196, 2.202, 2.769, 3.072, 3.188, 3.07, 2.302, 2.219, 2.12, 1.735, 2.001, 2.142, 1.921, 2.088, 2.443, 4.383, 5.674, 6.348, 7.045, 7.388, 6.768, 6.691, 7.295, 7.861, 9.732, 12.429, 12.863, 13.455, 14.863, 12.68, 8.62, 6.995, 5.407, 4.185, 3.256, 3.103, 4.085, 2.951, 2.611, 3.925, 3.651, 3.601, 2.232, 1.832, 1.458, 1.497, 2.443, 2.621, 2.729, 2.074, 2.698, 4.365, 4.994, 5.219, 5.23, 5.37, 5.257, 5.7, 6.449, 6.807, 5.876, 5.204, 4.515, 3.162, 2.855, 2.659, 1.589, 2.798, 4.798, 6.115, 5.834, 5.546, 6.266, 6.538, 5.337, 5.164, 5.7, 6.05, 6.113, 5.94, 6.424, 5.904, 5.017, 4.451, 2.36, 1.868, 3.042, 6.981, 8.323, 8.411, 9.008, 8.622, 7.247, 6.7, 8.004, 9.0, 9.707, 9.269, 7.523, 7.258, 7.728, 8.046, 9.033, 9.102, 8.752, 8.968, 9.968, 10.275, 8.819, 8.562, 8.477, 8.674, 8.245, 3.752, 1.559, 3.099, 3.985, 2.069, 3.645, 5.125, 6.3, 6.253, 7.244, 9.549, 10.101], [2.383, 1.759, 2.037, 2.624, 3.545, 4.371, 5.955, 6.615, 7.164, 6.708, 4.283, 3.096, 1.919, 0.0, 1.691, 2.971, 2.813, 1.358, 1.435, 1.743, 2.863, 3.508, 3.15, 3.187, 2.963, 2.055, 1.843, 1.273, 1.66, 1.399, 2.218, 3.321, 3.282, 2.596, 2.54, 3.971, 6.077, 7.347, 8.064, 8.754, 9.122, 8.456, 8.413, 9.039, 9.557, 11.406, 14.082, 14.548, 15.162, 16.525, 14.367, 10.326, 8.683, 7.082, 5.864, 4.99, 4.857, 5.75, 4.423, 3.284, 4.0, 3.825, 4.247, 2.817, 1.795, 2.045, 1.392, 1.55, 1.965, 1.793, 1.229, 1.547, 2.82, 3.395, 3.556, 3.724, 4.324, 3.98, 4.03, 4.768, 5.066, 4.217, 3.62, 2.996, 2.128, 2.629, 2.451, 1.481, 2.164, 3.237, 4.47, 4.341, 4.006, 4.859, 5.032, 4.053, 4.172, 4.668, 4.927, 5.116, 5.14, 5.7, 5.189, 4.388, 3.759, 1.87, 1.676, 4.672, 8.662, 10.003, 10.078, 10.675, 10.289, 8.914, 8.367, 9.671, 10.685, 11.374, 10.936, 9.177, 8.901, 9.372, 9.693, 10.676, 10.751, 10.413, 10.667, 11.667, 11.938, 10.493, 10.267, 10.192, 10.341, 9.912, 5.418, 2.888, 4.791, 5.654, 3.25, 3.257, 4.274, 5.019, 4.864, 5.882, 8.147, 8.636], [3.08, 2.769, 3.49, 4.09, 4.979, 5.658, 6.958, 7.379, 7.931, 7.538, 5.105, 4.161, 2.917, 1.691, 0.0, 1.609, 1.677, 1.592, 2.49, 2.497, 3.602, 4.248, 3.871, 3.739, 2.865, 1.455, 1.791, 2.219, 2.829, 2.522, 3.489, 4.247, 4.15, 3.76, 3.704, 4.862, 6.775, 8.122, 8.806, 9.518, 9.849, 9.175, 9.144, 9.794, 10.265, 12.11, 14.81, 15.247, 15.863, 17.246, 15.064, 11.052, 9.382, 7.811, 6.601, 5.738, 5.616, 6.535, 5.215, 3.439, 3.491, 4.4, 5.049, 3.476, 2.231, 2.776, 2.373, 1.384, 1.266, 1.148, 1.448, 1.727, 1.892, 2.421, 2.625, 2.541, 3.195, 2.814, 3.277, 4.011, 4.304, 3.4, 2.615, 2.182, 1.849, 3.007, 3.167, 2.597, 1.79, 2.449, 3.675, 3.529, 2.904, 3.547, 3.783, 2.628, 2.735, 3.226, 3.519, 3.69, 3.768, 4.346, 3.912, 3.553, 3.064, 1.777, 2.21, 5.459, 9.418, 10.742, 10.812, 11.409, 11.023, 9.649, 9.101, 10.406, 11.425, 12.109, 11.671, 9.962, 9.713, 10.209, 10.506, 11.488, 11.556, 11.193, 11.425, 12.4, 12.74, 11.218, 10.981, 10.91, 11.075, 10.647, 6.145, 3.636, 5.574, 6.458, 4.062, 2.203, 3.005, 3.779, 3.644, 4.57, 6.979, 7.519], [3.727, 3.663, 4.476, 5.02, 6.044, 6.761, 7.933, 8.339, 8.909, 8.533, 6.13, 5.153, 4.043, 2.971, 1.609, 0.0, 1.206, 2.762, 3.605, 3.553, 4.52, 5.179, 4.816, 4.7, 3.611, 1.816, 2.191, 3.219, 3.728, 3.401, 4.603, 5.319, 5.097, 4.914, 4.491, 5.925, 7.642, 9.007, 9.694, 10.251, 10.582, 10.066, 9.976, 10.573, 11.146, 12.987, 15.696, 16.039, 16.698, 18.127, 15.905, 11.772, 10.157, 8.72, 7.473, 6.7, 6.557, 7.511, 6.188, 4.442, 4.428, 5.379, 6.029, 4.392, 3.117, 3.73, 3.442, 2.219, 1.97, 1.892, 2.627, 2.588, 1.715, 2.131, 1.993, 1.847, 2.869, 2.293, 2.797, 3.329, 3.677, 2.631, 2.184, 2.23, 3.131, 3.908, 4.126, 3.624, 2.345, 1.613, 2.76, 2.555, 2.108, 2.84, 2.911, 1.662, 2.236, 2.505, 2.793, 3.051, 3.258, 3.873, 3.702, 3.393, 3.157, 2.761, 3.377, 6.437, 10.393, 11.672, 11.721, 12.311, 11.925, 10.551, 10.033, 11.361, 12.303, 13.011, 12.63, 10.964, 10.715, 11.202, 11.502, 12.49, 12.558, 12.178, 12.363, 13.361, 13.701, 12.112, 11.721, 11.711, 11.977, 11.549, 7.078, 4.589, 6.561, 7.41, 5.045, 2.537, 2.471, 3.361, 2.843, 3.668, 6.149, 6.733], [3.149, 3.162, 4.127, 4.412, 5.609, 6.459, 7.89, 8.437, 9.02, 8.644, 6.216, 4.992, 3.933, 2.813, 1.677, 1.206, 0.0, 2.584, 3.352, 3.46, 4.518, 5.258, 4.883, 4.772, 3.664, 1.876, 2.171, 2.886, 3.119, 2.97, 4.401, 5.27, 4.979, 4.777, 4.202, 5.778, 7.727, 9.09, 9.634, 10.154, 10.663, 10.179, 10.085, 10.62, 11.196, 13.077, 15.796, 16.135, 16.813, 18.24, 16.019, 11.847, 10.246, 8.825, 7.617, 6.814, 6.645, 7.607, 6.244, 4.531, 4.476, 5.42, 6.099, 4.538, 3.084, 3.822, 3.384, 2.082, 1.89, 1.712, 2.612, 2.731, 1.85, 2.221, 2.086, 2.268, 3.554, 2.89, 2.787, 3.532, 3.816, 2.856, 2.568, 2.503, 3.162, 3.974, 4.232, 3.324, 1.853, 1.702, 2.669, 2.383, 2.35, 2.97, 3.144, 2.305, 2.779, 3.093, 3.342, 3.631, 3.687, 4.47, 4.309, 4.226, 3.889, 2.579, 3.1, 6.495, 10.487, 11.795, 11.843, 12.426, 12.04, 10.665, 10.118, 11.47, 12.444, 13.125, 12.693, 11.057, 10.808, 11.315, 11.612, 12.583, 12.651, 12.241, 12.411, 13.424, 13.76, 12.121, 11.8, 11.82, 12.092, 11.663, 7.185, 4.65, 6.658, 7.523, 5.116, 2.743, 2.977, 3.929, 3.125, 4.041, 6.39, 6.968], [2.287, 1.853, 2.376, 2.942, 3.692, 4.429, 5.852, 6.365, 6.887, 6.498, 4.071, 3.065, 1.755, 1.358, 1.592, 2.762, 2.584, 0.0, 1.584, 1.734, 2.56, 3.151, 2.89, 3.026, 2.82, 1.942, 1.875, 1.675, 1.98, 1.642, 2.336, 3.049, 3.085, 2.459, 2.719, 3.758, 5.876, 7.116, 7.813, 8.532, 8.861, 8.077, 8.031, 8.725, 9.28, 11.174, 13.874, 14.312, 14.896, 16.31, 14.118, 10.09, 8.447, 6.838, 5.644, 4.745, 4.565, 5.503, 4.187, 2.702, 3.326, 3.698, 4.047, 2.518, 1.335, 1.869, 1.686, 1.505, 1.497, 1.449, 1.045, 1.622, 3.095, 3.667, 3.887, 3.906, 4.295, 4.023, 4.367, 5.007, 5.306, 4.489, 3.842, 3.234, 2.259, 2.72, 2.696, 1.775, 1.795, 3.443, 4.74, 4.562, 4.23, 4.89, 5.016, 3.985, 3.905, 4.411, 4.81, 4.925, 4.929, 5.39, 4.923, 4.381, 3.828, 1.66, 1.341, 4.476, 8.445, 9.738, 9.72, 10.317, 9.931, 8.568, 8.042, 9.378, 10.349, 11.036, 10.603, 8.965, 8.726, 9.207, 9.516, 10.483, 10.605, 10.241, 10.384, 11.411, 11.783, 10.276, 10.031, 9.928, 10.065, 9.555, 5.049, 2.56, 4.661, 5.538, 3.062, 2.621, 4.097, 4.996, 4.925, 5.847, 8.185, 8.709], [3.075, 2.438, 2.482, 2.891, 3.088, 3.728, 5.215, 5.804, 6.385, 5.921, 3.571, 2.57, 2.22, 1.435, 2.49, 3.605, 3.352, 1.584, 0.0, 0.966, 2.145, 2.658, 2.476, 2.241, 2.303, 2.475, 2.1, 1.282, 1.847, 1.669, 2.085, 2.521, 2.594, 1.798, 2.097, 3.469, 5.373, 6.643, 7.291, 8.001, 8.33, 7.561, 7.415, 8.186, 8.772, 10.713, 13.402, 13.82, 14.427, 15.841, 13.61, 9.56, 7.947, 6.358, 5.146, 4.24, 4.073, 4.948, 3.668, 2.945, 3.744, 3.185, 3.539, 2.064, 2.148, 1.984, 1.73, 2.039, 2.543, 2.248, 1.616, 1.864, 3.701, 4.234, 4.442, 4.628, 4.997, 4.758, 4.916, 5.575, 5.841, 5.01, 4.425, 3.74, 1.967, 2.138, 2.067, 1.197, 2.646, 3.998, 5.302, 5.177, 4.904, 5.67, 5.757, 4.768, 4.753, 5.232, 5.66, 5.819, 5.706, 6.16, 5.56, 4.495, 3.567, 1.759, 1.652, 3.993, 7.97, 9.243, 9.233, 9.8, 9.37, 7.996, 7.554, 8.874, 9.882, 10.465, 10.074, 8.418, 8.185, 8.666, 9.0, 9.98, 10.105, 9.755, 9.813, 10.911, 11.291, 9.802, 9.509, 9.435, 9.551, 8.993, 4.505, 2.084, 4.164, 5.086, 3.074, 3.499, 4.981, 5.673, 5.603, 6.613, 8.847, 9.343], [3.186, 2.444, 2.407, 2.875, 2.925, 3.466, 4.797, 5.293, 5.859, 5.465, 3.033, 2.191, 1.864, 1.743, 2.497, 3.553, 3.46, 1.734, 0.966, 0.0, 1.625, 2.11, 1.77, 2.019, 2.153, 2.888, 2.659, 1.526, 2.023, 1.987, 1.974, 2.094, 2.276, 1.612, 1.816, 2.931, 4.604, 5.97, 6.632, 7.316, 7.632, 7.001, 6.934, 7.58, 8.128, 9.904, 12.604, 13.024, 13.65, 15.038, 12.864, 8.842, 7.156, 5.617, 4.422, 3.644, 3.538, 4.425, 3.102, 2.705, 3.622, 3.103, 3.144, 1.772, 1.996, 1.572, 1.553, 2.086, 2.347, 2.311, 2.05, 2.161, 3.915, 4.619, 4.781, 4.812, 5.192, 5.044, 5.493, 6.222, 6.555, 5.614, 4.808, 4.075, 2.442, 2.086, 1.835, 1.118, 2.832, 4.534, 5.848, 5.602, 5.118, 5.799, 5.966, 4.877, 4.824, 5.364, 5.845, 5.932, 5.978, 6.409, 5.795, 4.666, 3.785, 1.995, 1.821, 3.299, 7.298, 8.605, 8.66, 9.218, 8.832, 7.457, 6.927, 8.27, 9.245, 9.917, 9.497, 7.868, 7.619, 8.125, 8.432, 9.394, 9.465, 9.044, 9.288, 10.246, 10.568, 9.054, 8.735, 8.696, 8.891, 8.455, 3.995, 1.682, 3.526, 4.369, 2.517, 3.621, 5.093, 5.941, 5.865, 6.897, 9.257, 9.794], [3.509, 2.612, 2.476, 2.885, 2.686, 3.208, 3.953, 4.013, 4.641, 4.222, 1.985, 1.517, 1.564, 2.863, 3.602, 4.52, 4.518, 2.56, 2.145, 1.625, 0.0, 1.057, 1.109, 2.137, 2.768, 4.079, 3.89, 2.672, 2.827, 2.729, 1.766, 1.554, 1.872, 1.625, 1.98, 2.531, 3.609, 4.759, 5.503, 6.063, 6.38, 5.698, 5.602, 6.304, 6.832, 8.744, 11.432, 11.85, 12.457, 13.872, 11.64, 7.614, 5.991, 4.405, 3.248, 2.549, 2.509, 3.286, 2.428, 2.469, 3.909, 3.253, 3.065, 1.645, 2.376, 1.543, 2.034, 3.157, 3.323, 3.299, 2.875, 3.263, 5.166, 5.823, 6.079, 5.955, 5.833, 6.154, 6.748, 7.419, 7.759, 6.782, 6.091, 5.335, 3.453, 2.286, 2.076, 1.999, 3.731, 5.836, 7.141, 6.893, 6.289, 6.845, 7.001, 5.658, 5.531, 6.077, 6.536, 6.583, 6.545, 6.853, 6.354, 5.194, 4.174, 2.871, 2.314, 2.18, 6.125, 7.377, 7.378, 7.935, 7.53, 6.164, 5.624, 6.996, 8.114, 8.615, 8.203, 6.602, 6.357, 6.958, 7.218, 8.154, 8.27, 7.778, 7.984, 8.971, 9.314, 7.862, 7.54, 7.482, 7.617, 7.153, 2.886, 1.038, 2.434, 3.414, 1.883, 4.109, 5.623, 6.933, 7.02, 7.761, 10.309, 10.901], [4.207, 3.312, 3.124, 3.537, 3.235, 3.483, 4.066, 3.705, 4.134, 3.689, 1.838, 1.962, 2.196, 3.508, 4.248, 5.179, 5.258, 3.151, 2.658, 2.11, 1.057, 0.0, 0.976, 1.773, 2.762, 4.691, 4.521, 3.24, 3.482, 3.385, 2.226, 1.615, 1.976, 1.988, 2.439, 2.849, 3.513, 4.566, 5.445, 5.852, 6.1, 5.214, 5.107, 5.962, 6.621, 8.37, 10.921, 11.426, 11.997, 13.393, 11.237, 7.304, 5.608, 3.975, 2.957, 2.307, 2.201, 2.665, 2.096, 2.432, 3.93, 3.29, 2.715, 1.746, 2.713, 1.856, 2.584, 3.832, 3.83, 3.873, 3.454, 3.536, 5.725, 6.418, 6.572, 6.601, 6.221, 6.887, 7.493, 8.003, 8.127, 7.503, 6.746, 5.976, 4.059, 2.524, 2.273, 2.7, 4.44, 6.584, 7.889, 7.641, 6.852, 7.18, 7.318, 5.971, 5.601, 6.474, 6.943, 7.13, 7.159, 7.092, 6.679, 5.652, 4.192, 3.529, 3.039, 1.937, 5.639, 6.828, 6.705, 7.275, 6.803, 5.463, 5.127, 6.393, 7.579, 7.952, 7.452, 5.912, 5.721, 6.356, 6.637, 7.541, 7.699, 7.267, 7.52, 8.518, 8.832, 7.574, 7.184, 7.09, 6.994, 6.434, 2.344, 1.312, 2.102, 3.008, 1.966, 4.087, 5.772, 7.155, 7.464, 8.061, 10.739, 11.314], [4.057, 3.239, 3.107, 3.507, 3.054, 3.601, 4.331, 4.076, 4.361, 3.944, 2.126, 2.098, 2.202, 3.15, 3.871, 4.816, 4.883, 2.89, 2.476, 1.77, 1.109, 0.976, 0.0, 1.716, 2.427, 4.403, 4.206, 3.0, 3.219, 3.115, 2.229, 1.843, 2.115, 2.015, 2.411, 2.794, 3.713, 4.845, 5.755, 6.122, 6.364, 5.564, 5.49, 6.246, 6.88, 8.574, 11.069, 11.581, 12.152, 13.547, 11.397, 7.559, 5.784, 4.133, 3.169, 2.382, 2.406, 2.916, 2.212, 2.229, 3.602, 2.982, 2.65, 1.654, 2.618, 1.835, 2.429, 3.526, 3.428, 3.523, 3.23, 3.304, 5.343, 6.086, 6.209, 6.197, 5.874, 6.512, 7.118, 7.728, 7.978, 7.155, 6.364, 5.586, 3.821, 2.552, 1.877, 2.508, 4.062, 6.209, 7.514, 7.266, 6.436, 6.735, 6.933, 5.545, 5.102, 6.119, 6.612, 6.77, 6.861, 6.827, 6.478, 5.386, 4.103, 3.195, 2.769, 2.133, 5.713, 7.035, 7.15, 7.625, 7.157, 5.83, 5.51, 6.668, 7.749, 8.242, 7.814, 6.19, 5.944, 6.585, 6.869, 7.796, 7.924, 7.409, 7.844, 8.726, 9.084, 7.813, 7.391, 7.343, 7.249, 6.784, 2.533, 1.476, 2.273, 3.072, 1.857, 3.72, 5.37, 6.972, 7.181, 7.796, 10.507, 11.096], [4.635, 3.933, 3.929, 4.252, 4.08, 4.082, 4.655, 4.465, 4.668, 4.051, 2.308, 2.862, 2.769, 3.187, 3.739, 4.7, 4.772, 3.026, 2.241, 2.019, 2.137, 1.773, 1.716, 0.0, 1.869, 3.95, 3.863, 2.953, 3.53, 3.351, 3.174, 2.684, 2.923, 2.599, 3.003, 3.569, 4.349, 5.467, 6.349, 6.651, 6.95, 6.002, 6.033, 6.723, 7.536, 9.063, 11.639, 12.189, 12.755, 14.144, 11.999, 8.089, 6.324, 4.727, 3.803, 2.644, 2.686, 3.108, 2.244, 2.073, 2.83, 2.355, 1.949, 1.706, 2.955, 2.225, 2.821, 3.439, 3.291, 3.289, 3.135, 2.948, 4.995, 5.646, 5.771, 5.83, 5.498, 6.149, 6.751, 7.279, 7.459, 6.761, 5.989, 5.211, 3.301, 2.037, 2.241, 2.71, 4.118, 5.906, 7.18, 6.928, 6.086, 6.379, 6.636, 5.463, 4.784, 5.823, 6.275, 6.459, 6.447, 6.078, 5.797, 4.81, 3.115, 2.825, 3.053, 2.771, 6.177, 7.359, 7.494, 8.05, 7.568, 6.314, 5.885, 6.948, 8.108, 8.646, 8.171, 6.451, 6.249, 6.676, 7.003, 7.974, 8.118, 7.89, 8.289, 9.257, 9.585, 8.303, 7.958, 7.878, 7.739, 7.161, 2.746, 2.012, 2.545, 3.344, 1.917, 3.163, 4.908, 6.489, 6.731, 7.305, 10.038, 10.61], [4.59, 3.92, 4.1, 4.603, 4.671, 4.93, 5.801, 5.881, 6.066, 5.483, 3.496, 3.523, 3.072, 2.963, 2.865, 3.611, 3.664, 2.82, 2.303, 2.153, 2.768, 2.762, 2.427, 1.869, 0.0, 2.753, 2.731, 2.841, 3.54, 3.37, 3.783, 3.546, 3.718, 3.222, 3.562, 4.314, 5.445, 6.744, 7.803, 8.159, 8.363, 7.558, 7.464, 8.169, 8.934, 10.583, 12.866, 13.455, 14.02, 15.4, 13.3, 9.56, 7.644, 6.079, 5.139, 3.972, 3.931, 4.481, 3.114, 2.017, 2.364, 2.416, 2.705, 2.01, 2.828, 2.257, 2.636, 2.877, 2.8, 2.534, 2.725, 2.409, 3.741, 4.392, 4.509, 4.512, 4.417, 4.879, 5.398, 5.988, 6.229, 5.441, 4.637, 3.916, 2.364, 2.081, 2.726, 2.728, 3.401, 4.755, 6.031, 5.687, 4.8, 4.978, 5.425, 4.282, 3.832, 4.805, 5.361, 5.396, 5.437, 5.39, 4.896, 3.784, 2.692, 1.91, 2.737, 3.986, 7.438, 8.682, 9.095, 9.534, 8.96, 7.711, 7.518, 8.407, 9.382, 10.005, 9.527, 7.734, 7.502, 7.954, 8.272, 9.26, 9.401, 9.184, 9.776, 10.593, 10.934, 9.782, 9.433, 9.308, 9.073, 8.499, 4.098, 2.612, 3.958, 4.58, 2.426, 2.715, 3.851, 5.238, 5.445, 6.048, 8.783, 9.358], [3.563, 3.088, 3.657, 4.214, 5.098, 5.773, 7.185, 7.804, 8.408, 7.915, 5.474, 4.488, 3.188, 2.055, 1.455, 1.816, 1.876, 1.942, 2.475, 2.888, 4.079, 4.691, 4.403, 3.95, 2.753, 0.0, 1.168, 2.266, 2.977, 2.676, 3.572, 4.533, 4.441, 3.82, 3.922, 5.236, 7.426, 8.697, 9.394, 10.095, 10.422, 9.658, 9.574, 10.286, 10.868, 12.776, 15.452, 15.907, 16.499, 17.892, 15.706, 11.664, 10.039, 8.396, 7.189, 6.206, 6.047, 6.963, 5.655, 3.821, 3.559, 4.515, 5.253, 3.957, 2.685, 3.198, 2.679, 1.653, 1.901, 1.61, 1.569, 1.751, 1.687, 1.953, 2.182, 2.365, 2.83, 2.541, 2.886, 3.381, 3.702, 2.817, 2.188, 1.604, 1.748, 3.4, 3.504, 2.657, 2.085, 2.178, 3.398, 3.091, 2.654, 3.434, 3.725, 2.879, 2.809, 3.173, 3.488, 3.642, 3.517, 4.108, 3.56, 2.976, 2.803, 1.598, 2.3, 5.995, 9.931, 11.229, 11.261, 11.858, 11.472, 10.098, 9.577, 10.876, 11.969, 12.579, 12.12, 10.359, 10.12, 10.584, 10.91, 11.885, 12.027, 11.731, 11.89, 12.935, 13.251, 11.863, 11.606, 11.521, 11.559, 11.105, 6.591, 4.018, 6.098, 7.032, 4.393, 2.253, 2.67, 3.416, 3.298, 4.348, 6.61, 7.089], [3.138, 2.823, 3.093, 3.466, 4.528, 5.466, 7.038, 7.655, 8.186, 7.798, 5.378, 4.253, 3.07, 1.843, 1.791, 2.191, 2.171, 1.875, 2.1, 2.659, 3.89, 4.521, 4.206, 3.863, 2.731, 1.168, 0.0, 1.703, 2.192, 2.052, 3.119, 4.341, 4.137, 3.518, 3.425, 5.029, 7.189, 8.49, 9.161, 9.88, 10.208, 9.443, 9.384, 10.086, 10.616, 12.529, 15.234, 15.655, 16.247, 17.669, 15.453, 11.429, 9.787, 8.197, 6.987, 6.045, 5.872, 6.833, 5.502, 3.733, 3.742, 4.499, 5.224, 3.717, 2.599, 3.092, 2.563, 1.69, 2.236, 1.638, 1.485, 1.686, 1.959, 2.435, 2.608, 2.818, 3.46, 3.143, 3.045, 3.677, 3.973, 3.178, 2.658, 1.998, 1.765, 3.281, 3.384, 2.274, 1.951, 2.31, 3.399, 3.437, 3.104, 4.012, 4.096, 3.304, 3.383, 3.762, 4.081, 4.282, 4.238, 4.819, 4.351, 3.511, 2.953, 1.571, 1.977, 5.827, 9.792, 11.073, 11.115, 11.688, 11.302, 9.928, 9.413, 10.716, 11.761, 12.388, 11.952, 10.271, 10.031, 10.495, 10.823, 11.812, 11.929, 11.576, 11.674, 12.737, 13.116, 11.612, 11.366, 11.274, 11.39, 10.926, 6.421, 3.82, 5.965, 6.862, 4.313, 2.907, 3.488, 4.201, 3.915, 4.968, 7.194, 7.707], [2.538, 2.175, 2.226, 2.537, 3.458, 4.487, 6.001, 6.481, 7.113, 6.656, 4.305, 3.206, 2.302, 1.273, 2.219, 3.219, 2.886, 1.675, 1.282, 1.526, 2.672, 3.24, 3.0, 2.953, 2.841, 2.266, 1.703, 0.0, 1.231, 1.122, 1.769, 3.035, 2.973, 2.377, 2.24, 4.02, 6.055, 7.25, 7.918, 8.584, 8.945, 8.139, 8.044, 8.784, 9.394, 11.303, 13.98, 14.433, 15.025, 16.42, 14.232, 10.19, 8.584, 6.956, 5.775, 5.004, 4.842, 5.624, 4.301, 3.304, 3.964, 3.881, 4.272, 2.755, 1.885, 2.113, 1.752, 1.986, 2.419, 1.86, 1.474, 1.784, 3.142, 3.599, 3.808, 4.186, 4.807, 4.61, 4.366, 4.898, 5.233, 4.432, 3.997, 3.261, 2.342, 2.901, 2.43, 1.305, 2.287, 3.457, 4.71, 4.749, 4.41, 5.218, 5.179, 4.417, 4.591, 5.031, 5.378, 5.575, 5.55, 6.097, 5.611, 4.628, 3.96, 1.938, 1.786, 4.63, 8.663, 9.888, 9.839, 10.354, 9.966, 8.591, 8.144, 9.527, 10.508, 11.057, 10.692, 9.091, 8.853, 9.355, 9.669, 10.635, 10.76, 10.375, 10.476, 11.577, 11.896, 10.46, 10.133, 10.047, 10.099, 9.599, 5.174, 2.834, 4.912, 5.824, 3.382, 3.418, 4.743, 5.466, 5.215, 6.259, 8.471, 8.992], [1.746, 1.854, 1.805, 1.892, 3.193, 4.434, 6.009, 6.637, 7.219, 6.82, 4.457, 3.168, 2.219, 1.66, 2.829, 3.728, 3.119, 1.98, 1.847, 2.023, 2.827, 3.482, 3.219, 3.53, 3.54, 2.977, 2.192, 1.231, 0.0, 0.789, 1.895, 3.301, 3.048, 2.616, 2.371, 4.121, 6.131, 7.464, 8.071, 8.662, 9.1, 8.414, 8.277, 8.954, 9.561, 11.52, 14.229, 14.61, 15.228, 16.664, 14.414, 10.334, 8.728, 7.192, 5.998, 5.113, 4.995, 5.783, 4.571, 3.766, 4.67, 4.553, 4.604, 3.143, 2.344, 2.601, 2.29, 2.423, 2.911, 2.312, 2.018, 2.564, 3.544, 3.892, 4.171, 4.703, 5.57, 5.114, 4.514, 5.023, 5.306, 4.775, 4.592, 3.724, 3.175, 3.609, 3.059, 1.552, 2.054, 3.48, 4.484, 4.745, 4.755, 5.657, 5.599, 4.983, 5.39, 5.86, 6.141, 6.387, 6.313, 6.857, 6.432, 5.529, 4.95, 2.655, 1.934, 4.797, 8.808, 10.1, 10.09, 10.653, 10.232, 8.857, 8.388, 9.744, 10.743, 11.317, 10.907, 9.258, 9.025, 9.543, 9.849, 10.82, 10.945, 10.559, 10.606, 11.704, 12.094, 10.592, 10.291, 10.223, 10.385, 9.855, 5.353, 3.014, 5.046, 5.954, 3.676, 4.089, 5.54, 6.204, 5.697, 6.749, 8.92, 9.433], [1.656, 1.539, 1.8, 2.127, 3.286, 4.446, 5.979, 6.586, 7.18, 6.778, 4.422, 3.13, 2.12, 1.399, 2.522, 3.401, 2.97, 1.642, 1.669, 1.987, 2.729, 3.385, 3.115, 3.351, 3.37, 2.676, 2.052, 1.122, 0.789, 0.0, 1.827, 3.217, 3.009, 2.63, 2.417, 4.086, 6.069, 7.336, 7.937, 8.56, 8.966, 8.286, 8.164, 8.821, 9.427, 11.386, 14.095, 14.476, 15.095, 16.531, 14.28, 10.21, 8.597, 7.065, 5.871, 5.09, 4.961, 5.748, 4.486, 3.41, 4.447, 4.369, 4.544, 3.079, 2.081, 2.577, 2.292, 2.149, 2.51, 2.063, 1.751, 2.228, 3.335, 3.759, 4.058, 4.424, 5.276, 4.815, 4.375, 4.993, 5.283, 4.52, 4.291, 3.439, 2.976, 3.372, 3.243, 1.519, 1.831, 3.458, 4.589, 4.77, 4.679, 5.554, 5.476, 4.702, 5.1, 5.507, 5.781, 6.048, 6.0, 6.578, 6.135, 5.364, 4.779, 2.478, 1.572, 4.727, 8.745, 10.018, 9.972, 10.525, 10.119, 8.745, 8.282, 9.649, 10.624, 11.205, 10.833, 9.196, 8.962, 9.474, 9.798, 10.757, 10.886, 10.489, 10.546, 11.635, 12.025, 10.503, 10.159, 10.09, 10.251, 9.743, 5.306, 3.033, 5.001, 5.916, 3.584, 3.806, 5.244, 5.922, 5.516, 6.582, 8.79, 9.297], [2.587, 1.959, 1.636, 1.911, 2.327, 3.289, 4.725, 5.11, 5.763, 5.297, 3.148, 2.168, 1.735, 2.218, 3.489, 4.603, 4.401, 2.336, 2.085, 1.974, 1.766, 2.226, 2.229, 3.174, 3.783, 3.572, 3.119, 1.769, 1.895, 1.827, 0.0, 1.685, 1.831, 1.487, 1.514, 2.778, 4.715, 5.868, 6.447, 7.155, 7.484, 6.707, 6.613, 7.396, 7.926, 9.824, 12.499, 12.955, 13.547, 14.94, 12.753, 8.712, 7.148, 5.511, 4.31, 3.698, 3.64, 4.269, 3.467, 3.495, 4.919, 4.374, 4.243, 2.899, 2.36, 2.108, 2.138, 2.95, 3.334, 3.168, 2.436, 3.031, 4.626, 5.034, 5.302, 5.682, 6.153, 5.944, 5.878, 6.406, 6.642, 5.914, 5.418, 4.66, 3.695, 3.616, 2.576, 1.627, 3.122, 5.026, 6.241, 6.286, 5.922, 6.704, 6.678, 5.851, 5.978, 6.422, 6.691, 6.929, 6.88, 7.526, 6.96, 5.998, 5.314, 3.168, 2.178, 3.293, 7.234, 8.445, 8.373, 8.907, 8.457, 7.083, 6.683, 8.035, 9.194, 9.597, 9.177, 7.572, 7.363, 7.941, 8.246, 9.188, 9.311, 8.884, 9.035, 10.134, 10.399, 9.023, 8.654, 8.568, 8.598, 8.117, 3.88, 2.072, 3.554, 4.56, 3.099, 4.674, 6.13, 6.755, 6.7, 7.727, 9.982, 10.483], [4.042, 3.083, 2.665, 2.965, 2.143, 2.256, 3.231, 3.562, 4.167, 3.709, 1.932, 1.79, 2.001, 3.321, 4.247, 5.319, 5.27, 3.049, 2.521, 2.094, 1.554, 1.615, 1.843, 2.684, 3.546, 4.533, 4.341, 3.035, 3.301, 3.217, 1.685, 0.0, 0.903, 1.203, 1.59, 1.586, 3.17, 4.325, 4.985, 5.707, 6.032, 5.166, 5.112, 5.915, 6.449, 8.329, 11.005, 11.477, 12.052, 13.454, 11.282, 7.255, 5.636, 3.963, 2.805, 2.127, 2.097, 2.825, 2.916, 3.507, 5.025, 4.36, 3.889, 2.725, 2.937, 2.253, 2.555, 3.802, 4.014, 3.999, 3.298, 3.811, 5.826, 6.343, 6.546, 6.69, 6.706, 6.806, 7.306, 7.838, 8.092, 7.316, 6.621, 5.93, 4.048, 3.331, 2.131, 2.516, 4.268, 6.398, 7.702, 7.454, 6.975, 7.58, 7.667, 6.495, 6.4, 6.973, 7.323, 7.48, 7.453, 7.87, 7.197, 6.154, 5.222, 3.528, 2.94, 1.827, 5.67, 6.918, 6.843, 7.369, 6.968, 5.597, 5.125, 6.521, 7.599, 8.055, 7.662, 6.08, 5.841, 6.414, 6.721, 7.645, 7.792, 7.346, 7.504, 8.587, 8.884, 7.479, 7.196, 7.093, 7.116, 6.592, 2.475, 1.545, 2.188, 3.11, 2.936, 5.094, 6.593, 7.578, 7.561, 8.481, 10.81, 11.367], [3.728, 2.764, 2.375, 2.581, 2.076, 2.232, 3.362, 3.667, 4.27, 3.84, 2.034, 2.089, 2.142, 3.282, 4.15, 5.097, 4.979, 3.085, 2.594, 2.276, 1.872, 1.976, 2.115, 2.923, 3.718, 4.441, 4.137, 2.973, 3.048, 3.009, 1.831, 0.903, 0.0, 1.519, 1.288, 1.557, 3.236, 4.54, 5.279, 5.926, 6.23, 5.414, 5.277, 6.089, 6.699, 8.59, 11.278, 11.696, 12.303, 13.718, 11.495, 7.455, 5.828, 4.224, 3.042, 2.235, 2.142, 2.984, 3.094, 3.712, 5.258, 4.607, 4.148, 2.917, 2.677, 2.349, 2.389, 3.522, 3.862, 3.651, 3.366, 3.635, 5.45, 6.094, 6.305, 6.299, 6.61, 6.626, 7.044, 7.636, 7.91, 7.057, 6.379, 5.593, 4.278, 3.503, 2.188, 2.299, 4.055, 6.136, 7.441, 7.192, 6.606, 7.225, 7.352, 6.278, 6.432, 6.945, 7.339, 7.489, 7.523, 7.946, 7.499, 6.323, 5.469, 3.757, 3.171, 2.16, 5.873, 7.106, 7.094, 7.653, 7.23, 5.856, 5.406, 6.767, 7.762, 8.324, 7.914, 6.298, 6.065, 6.565, 6.879, 7.859, 7.985, 7.602, 7.69, 8.774, 9.13, 7.7, 7.395, 7.312, 7.403, 6.854, 2.653, 1.635, 2.292, 3.194, 3.131, 5.115, 6.62, 7.409, 7.216, 8.137, 10.499, 11.06], [3.491, 2.677, 2.263, 2.594, 1.865, 2.384, 3.822, 4.349, 4.89, 4.456, 2.436, 1.953, 1.921, 2.596, 3.76, 4.914, 4.777, 2.459, 1.798, 1.612, 1.625, 1.988, 2.015, 2.599, 3.222, 3.82, 3.518, 2.377, 2.616, 2.63, 1.487, 1.203, 1.519, 0.0, 1.153, 1.971, 3.905, 5.095, 5.823, 6.536, 6.864, 6.058, 6.019, 6.721, 7.279, 9.158, 11.823, 12.312, 12.884, 14.288, 12.117, 8.09, 6.446, 4.781, 3.587, 2.844, 2.622, 3.464, 3.166, 3.343, 4.615, 3.965, 3.715, 2.388, 2.45, 1.911, 2.032, 3.2, 3.542, 3.47, 2.708, 3.196, 5.026, 5.537, 5.748, 6.018, 6.336, 6.203, 6.412, 6.984, 7.267, 6.464, 5.798, 5.085, 3.321, 3.046, 1.95, 1.748, 3.77, 5.504, 6.81, 6.703, 6.218, 6.989, 7.01, 6.112, 5.986, 6.53, 6.912, 7.097, 7.08, 7.475, 6.839, 5.769, 4.843, 2.893, 2.369, 2.452, 6.437, 7.659, 7.671, 8.261, 7.863, 6.488, 5.978, 7.32, 8.321, 8.948, 8.565, 6.912, 6.674, 7.149, 7.464, 8.431, 8.553, 8.185, 8.371, 9.43, 9.755, 8.301, 8.03, 7.927, 7.962, 7.486, 3.023, 1.381, 2.716, 3.581, 2.765, 4.773, 6.24, 7.052, 7.03, 8.002, 10.28, 10.758], [2.99, 2.263, 1.852, 2.006, 2.083, 2.61, 4.142, 4.807, 5.359, 4.995, 2.83, 2.195, 2.088, 2.54, 3.704, 4.491, 4.202, 2.719, 2.097, 1.816, 1.98, 2.439, 2.411, 3.003, 3.562, 3.922, 3.425, 2.24, 2.371, 2.417, 1.514, 1.59, 1.288, 1.153, 0.0, 2.139, 4.118, 5.458, 6.058, 6.667, 7.057, 6.557, 6.463, 7.022, 7.577, 9.465, 12.184, 12.531, 13.19, 14.618, 12.397, 8.262, 6.649, 5.203, 3.965, 3.168, 3.013, 4.025, 3.533, 3.845, 5.07, 4.376, 4.149, 2.773, 2.396, 2.157, 2.086, 2.945, 3.438, 3.294, 3.002, 3.328, 4.542, 5.214, 5.463, 5.546, 6.35, 5.999, 6.001, 6.763, 7.129, 6.13, 5.676, 4.749, 3.803, 3.125, 2.115, 1.438, 3.424, 5.011, 6.268, 6.174, 5.856, 6.706, 6.753, 5.978, 6.166, 6.618, 6.953, 7.136, 7.153, 7.736, 7.301, 6.082, 5.269, 3.322, 2.754, 2.951, 6.876, 8.14, 8.206, 8.803, 8.417, 7.043, 6.515, 7.844, 8.795, 9.503, 9.113, 7.447, 7.197, 7.667, 7.985, 8.973, 9.041, 8.66, 8.831, 9.844, 10.18, 8.552, 8.212, 8.198, 8.47, 8.041, 3.615, 1.768, 3.095, 3.898, 3.226, 4.973, 6.386, 7.138, 6.814, 7.87, 10.09, 10.616], [4.446, 3.433, 2.856, 3.066, 1.62, 1.348, 2.282, 2.972, 3.475, 3.339, 2.207, 2.079, 2.443, 3.971, 4.862, 5.925, 5.778, 3.758, 3.469, 2.931, 2.531, 2.849, 2.794, 3.569, 4.314, 5.236, 5.029, 4.02, 4.121, 4.086, 2.778, 1.586, 1.557, 1.971, 2.139, 0.0, 2.268, 3.617, 4.26, 4.872, 5.278, 4.721, 4.644, 5.225, 5.788, 7.614, 10.324, 10.714, 11.368, 12.777, 10.596, 6.464, 4.839, 3.39, 2.446, 2.16, 1.967, 3.174, 3.757, 4.325, 5.859, 5.195, 4.782, 3.577, 3.721, 2.956, 3.238, 4.383, 4.668, 4.717, 4.058, 4.657, 6.386, 7.052, 7.28, 7.215, 7.461, 7.299, 7.797, 8.546, 8.924, 7.944, 7.252, 6.544, 4.882, 4.043, 2.795, 3.017, 4.81, 6.793, 8.137, 7.855, 7.592, 8.245, 8.479, 7.328, 7.159, 7.677, 8.116, 8.193, 8.122, 8.54, 8.051, 6.899, 6.1, 4.201, 3.709, 2.201, 4.962, 6.278, 6.366, 6.963, 6.577, 5.202, 4.655, 5.959, 6.955, 7.662, 7.224, 5.53, 5.281, 5.75, 6.068, 7.056, 7.124, 6.764, 6.935, 7.965, 8.284, 6.684, 6.42, 6.402, 6.629, 6.2, 2.792, 2.208, 2.324, 2.529, 3.584, 5.847, 7.35, 8.369, 8.307, 9.272, 11.608, 12.157], [6.475, 5.489, 4.868, 4.975, 3.464, 2.267, 1.266, 1.872, 2.147, 2.61, 2.725, 3.329, 4.383, 6.077, 6.775, 7.642, 7.727, 5.876, 5.373, 4.604, 3.609, 3.513, 3.713, 4.349, 5.445, 7.426, 7.189, 6.055, 6.131, 6.069, 4.715, 3.17, 3.236, 3.905, 4.118, 2.268, 0.0, 1.597, 2.476, 2.869, 3.125, 2.624, 2.49, 3.125, 3.692, 5.474, 8.141, 8.484, 9.139, 10.572, 8.355, 4.335, 2.652, 1.781, 1.835, 2.376, 2.183, 3.345, 4.244, 5.207, 6.768, 6.03, 5.341, 4.291, 5.336, 4.478, 5.096, 6.317, 6.432, 6.557, 6.223, 6.462, 8.276, 9.096, 9.28, 9.093, 9.03, 9.346, 10.0, 10.765, 11.074, 10.137, 9.304, 8.537, 6.682, 4.793, 4.37, 5.135, 6.884, 9.0, 10.311, 10.056, 9.46, 9.945, 10.169, 8.802, 8.619, 9.317, 9.864, 9.873, 9.908, 9.945, 9.435, 8.318, 7.006, 6.118, 5.598, 2.176, 3.009, 4.127, 4.204, 4.753, 4.366, 2.994, 2.503, 3.8, 4.771, 5.452, 5.014, 3.523, 3.182, 3.678, 3.943, 4.941, 4.964, 4.548, 4.817, 5.738, 6.116, 4.581, 4.223, 4.208, 4.42, 3.99, 3.097, 3.521, 2.482, 2.471, 4.409, 7.153, 8.717, 10.09, 10.244, 10.974, 13.6, 14.204], [7.871, 6.888, 6.268, 6.334, 4.867, 3.61, 2.244, 2.142, 2.713, 3.352, 3.765, 4.601, 5.674, 7.347, 8.122, 9.007, 9.09, 7.116, 6.643, 5.97, 4.759, 4.566, 4.845, 5.467, 6.744, 8.697, 8.49, 7.25, 7.464, 7.336, 5.868, 4.325, 4.54, 5.095, 5.458, 3.617, 1.597, 0.0, 1.533, 1.797, 1.942, 1.905, 1.654, 1.947, 2.385, 4.165, 6.769, 7.228, 7.82, 9.21, 7.033, 3.123, 2.633, 2.291, 2.414, 3.429, 3.21, 4.31, 5.352, 6.319, 7.868, 7.13, 6.34, 5.379, 6.623, 5.747, 6.467, 7.73, 7.803, 7.858, 7.49, 7.8, 9.595, 10.416, 10.628, 10.466, 10.227, 10.759, 11.323, 12.028, 12.355, 11.429, 10.674, 9.923, 7.972, 5.897, 5.656, 6.514, 8.272, 10.406, 11.711, 11.463, 10.805, 11.305, 11.44, 10.073, 9.81, 10.471, 10.974, 11.067, 11.134, 10.991, 10.594, 9.581, 8.004, 7.364, 6.903, 3.282, 3.061, 2.993, 2.942, 3.439, 3.047, 1.902, 1.936, 2.571, 3.543, 4.062, 3.854, 3.479, 2.85, 2.725, 3.364, 3.982, 3.755, 3.251, 3.428, 4.442, 4.748, 3.289, 3.018, 3.46, 3.582, 3.053, 3.996, 4.793, 3.442, 3.46, 5.526, 8.265, 9.947, 11.425, 11.599, 12.286, 14.903, 15.492], [8.413, 7.419, 6.81, 6.863, 5.397, 4.157, 2.412, 2.176, 2.954, 3.473, 4.482, 5.131, 6.348, 8.064, 8.806, 9.694, 9.634, 7.813, 7.291, 6.632, 5.503, 5.445, 5.755, 6.349, 7.803, 9.394, 9.161, 7.918, 8.071, 7.937, 6.447, 4.985, 5.279, 5.823, 6.058, 4.26, 2.476, 1.533, 0.0, 1.033, 1.201, 1.338, 1.426, 1.739, 1.698, 3.498, 6.217, 6.556, 7.202, 8.648, 6.411, 2.478, 2.151, 2.002, 2.713, 4.184, 3.982, 4.682, 6.066, 7.241, 8.76, 7.796, 6.684, 6.291, 7.612, 6.728, 7.229, 8.365, 8.579, 8.639, 8.188, 8.669, 10.455, 11.149, 11.379, 11.264, 11.231, 11.303, 11.948, 12.73, 13.077, 12.082, 11.326, 10.622, 8.684, 6.658, 6.583, 7.093, 8.789, 10.937, 12.242, 11.994, 11.643, 12.271, 12.421, 11.091, 10.797, 11.429, 11.787, 11.984, 11.839, 11.717, 11.272, 10.38, 8.894, 8.092, 7.522, 3.878, 2.865, 3.0, 2.689, 3.087, 2.621, 1.457, 1.428, 2.35, 3.45, 3.741, 3.509, 3.102, 2.66, 2.549, 3.306, 4.09, 3.672, 2.9, 2.932, 3.931, 4.432, 2.92, 2.33, 3.014, 3.204, 2.76, 4.627, 5.678, 4.136, 3.601, 6.41, 9.209, 10.919, 12.378, 12.35, 13.217, 15.68, 16.256], [8.974, 7.87, 7.341, 7.36, 5.848, 4.724, 3.04, 2.663, 2.903, 3.447, 5.08, 5.711, 7.045, 8.754, 9.518, 10.251, 10.154, 8.532, 8.001, 7.316, 6.063, 5.8