[[0.0, 1.739, 1.989, 2.518, 2.991, 3.666, 3.673, 2.156, 1.163, 1.632, 1.467, 1.481, 1.836, 3.134, 3.711, 4.668, 4.916, 5.768, 6.806, 4.746, 2.17, 2.237, 4.4, 5.505, 2.637, 7.655, 9.895, 10.257, 9.428, 8.512, 6.977, 5.853, 5.608, 6.006, 6.318, 5.566, 5.148, 5.002, 5.013, 4.909, 4.882, 4.319, 5.309, 5.396, 3.644, 3.525, 5.45, 3.971, 3.896, 6.13, 8.139, 10.654, 11.409, 12.622, 15.801, 17.925, 16.729, 16.574, 16.547, 14.984, 15.175, 14.686, 14.144, 13.144, 14.489, 16.109, 15.247, 14.197, 13.175, 13.092, 13.325, 13.2, 12.427, 10.89, 10.662, 13.396, 13.815, 12.984, 10.513, 8.688, 7.272, 5.534, 4.679, 5.196, 5.317, 4.483, 4.796, 5.981, 7.117, 8.796, 10.93, 11.294, 9.345, 5.343, 3.663, 3.673, 3.84, 3.808, 3.326, 2.806, 3.127, 2.731, 2.684, 3.148, 3.612, 3.296, 3.153, 3.115, 2.98, 3.324, 3.385, 3.449, 3.616, 2.935, 3.014, 3.145, 2.076, 3.408, 2.069, 3.709, 5.044, 3.472, 2.941, 3.376, 3.232, 3.171, 4.858, 7.309, 9.408, 10.75, 11.132, 10.656, 11.785, 11.219, 9.321, 9.176, 9.071, 8.724, 9.576, 11.191, 11.459, 11.6, 12.271, 10.943, 9.724, 9.466, 9.664, 9.851, 8.543, 6.156, 4.298, 3.1, 2.53, 2.434, 3.623, 3.914, 3.575, 3.413, 4.32, 4.741, 5.059, 5.969, 6.664, 7.042, 8.179, 8.589, 7.954, 8.202, 8.324, 9.557, 10.882, 11.31, 12.305, 13.091, 13.906, 14.925, 15.319, 13.53, 12.944, 13.164, 11.269, 8.68, 8.317, 8.903, 10.142, 10.712, 11.13, 11.088, 10.507, 9.342, 8.405, 8.655, 8.972, 9.55, 9.262, 7.907, 4.89, 3.589, 2.951, 2.92, 4.314, 8.746, 12.934, 15.903, 17.551, 18.019], [1.739, 0.0, 0.874, 1.483, 2.124, 2.701, 2.612, 1.758, 1.664, 1.51, 1.479, 1.781, 2.462, 3.956, 4.492, 5.211, 5.6, 6.679, 7.753, 5.824, 2.842, 3.166, 5.335, 6.284, 2.186, 6.368, 8.609, 8.973, 8.13, 7.207, 5.662, 4.553, 4.36, 4.776, 5.074, 4.34, 3.873, 3.737, 3.703, 3.702, 3.737, 3.563, 4.161, 4.286, 3.04, 4.188, 5.799, 4.005, 4.141, 6.46, 8.774, 11.273, 12.068, 13.341, 16.761, 18.69, 17.566, 17.592, 17.772, 16.176, 16.033, 15.427, 14.787, 13.769, 15.242, 16.77, 15.86, 14.824, 13.824, 13.716, 13.939, 13.834, 13.304, 11.944, 11.673, 14.39, 14.943, 13.741, 11.208, 9.315, 7.923, 6.178, 4.969, 5.415, 5.631, 4.69, 5.001, 6.166, 7.45, 9.257, 11.472, 11.889, 9.965, 5.836, 3.554, 3.297, 3.321, 2.915, 2.524, 1.971, 2.342, 2.442, 2.986, 2.672, 3.08, 2.911, 2.957, 3.245, 2.699, 2.651, 3.138, 3.426, 3.514, 3.086, 3.199, 3.762, 2.185, 2.323, 1.311, 4.269, 5.563, 3.769, 3.23, 3.792, 3.726, 3.821, 5.5, 7.946, 10.029, 11.52, 11.943, 11.435, 12.461, 11.857, 9.932, 9.799, 9.629, 9.373, 10.222, 11.806, 12.072, 12.242, 13.107, 11.556, 10.376, 10.02, 10.233, 10.469, 9.154, 6.714, 4.485, 2.864, 2.049, 2.392, 3.686, 3.876, 3.552, 3.805, 4.866, 5.122, 5.629, 6.652, 7.274, 7.646, 8.825, 9.134, 8.444, 8.623, 8.833, 10.085, 11.453, 11.967, 12.917, 13.699, 14.517, 15.538, 15.957, 14.15, 13.554, 13.831, 11.856, 9.184, 8.777, 9.421, 10.744, 11.358, 11.756, 11.726, 11.178, 9.982, 9.069, 9.345, 9.566, 10.197, 9.998, 8.653, 5.57, 4.281, 3.626, 3.584, 4.83, 9.38, 13.737, 16.725, 18.423, 18.874], [1.989, 0.874, 0.0, 1.382, 2.123, 2.595, 2.465, 1.943, 1.82, 1.655, 1.624, 2.087, 2.772, 4.188, 4.767, 5.391, 5.772, 6.889, 8.013, 6.115, 3.055, 3.38, 5.64, 6.457, 2.222, 6.133, 8.369, 8.733, 7.897, 6.967, 5.413, 4.322, 4.199, 4.5, 4.861, 4.271, 3.862, 3.776, 3.63, 3.718, 3.49, 3.473, 4.118, 4.431, 3.176, 4.295, 5.871, 3.788, 4.005, 6.433, 8.873, 11.397, 12.212, 13.55, 17.016, 18.844, 17.74, 17.811, 18.028, 16.448, 16.219, 15.596, 14.852, 13.923, 15.481, 16.946, 16.027, 15.002, 14.008, 13.878, 14.112, 14.002, 13.466, 12.176, 11.89, 14.62, 15.176, 13.896, 11.354, 9.444, 8.12, 6.366, 4.774, 5.236, 5.678, 4.522, 4.7, 5.852, 7.39, 9.306, 11.577, 11.984, 10.057, 5.94, 3.585, 3.208, 3.048, 2.619, 2.237, 1.756, 2.107, 2.411, 3.202, 2.641, 2.948, 2.851, 3.083, 3.387, 2.901, 2.726, 3.234, 3.492, 3.608, 3.165, 3.406, 4.027, 2.423, 2.191, 1.302, 4.416, 5.683, 3.622, 3.238, 3.843, 3.868, 3.948, 5.708, 8.133, 10.257, 11.715, 12.199, 11.644, 12.671, 11.979, 10.018, 9.952, 9.79, 9.445, 10.313, 11.9, 12.182, 12.429, 13.292, 11.696, 10.48, 10.062, 10.281, 10.556, 9.258, 6.835, 4.356, 2.57, 2.031, 2.276, 3.373, 3.526, 3.21, 3.821, 5.061, 5.112, 5.717, 6.814, 7.422, 7.729, 8.884, 9.175, 8.49, 8.642, 8.882, 10.132, 11.498, 12.096, 13.008, 13.753, 14.574, 15.622, 16.032, 14.252, 13.626, 13.911, 11.947, 9.258, 8.852, 9.475, 10.797, 11.438, 11.878, 11.924, 11.323, 10.15, 9.189, 9.464, 9.723, 10.429, 10.212, 8.9, 5.755, 4.48, 3.823, 3.758, 5.002, 9.518, 13.937, 16.955, 18.709, 19.118], [2.518, 1.483, 1.382, 0.0, 1.114, 1.82, 2.056, 1.839, 2.374, 1.879, 1.989, 2.498, 3.425, 4.927, 5.549, 6.346, 6.581, 7.652, 8.737, 6.77, 3.7, 4.058, 6.271, 7.176, 2.777, 5.515, 7.719, 8.083, 7.239, 6.316, 4.769, 3.668, 3.496, 3.786, 4.117, 3.534, 3.233, 3.185, 3.014, 3.067, 3.261, 3.157, 3.86, 4.08, 2.921, 5.128, 6.835, 4.812, 4.905, 7.437, 9.696, 12.218, 13.005, 14.225, 17.663, 19.582, 18.348, 18.581, 18.627, 17.071, 17.008, 16.32, 15.727, 14.717, 16.215, 17.701, 16.825, 15.813, 14.855, 14.733, 14.899, 14.858, 14.235, 12.783, 12.533, 15.165, 15.871, 14.677, 12.158, 10.242, 8.872, 7.161, 5.796, 6.241, 6.641, 5.572, 5.824, 6.971, 8.413, 10.287, 12.537, 12.945, 11.039, 6.958, 4.639, 4.239, 3.982, 3.28, 2.761, 2.453, 2.952, 3.3, 4.092, 3.276, 3.214, 3.114, 3.36, 3.797, 2.951, 2.762, 3.439, 4.286, 4.363, 3.941, 4.198, 4.657, 2.316, 1.742, 1.928, 5.189, 6.569, 4.633, 4.177, 4.835, 4.663, 4.82, 6.499, 8.936, 11.04, 12.46, 12.946, 12.392, 13.404, 12.828, 10.863, 10.777, 10.585, 10.313, 11.145, 12.718, 13.031, 13.225, 14.013, 12.515, 11.34, 11.005, 11.204, 11.389, 10.07, 7.664, 5.308, 3.535, 2.851, 3.13, 4.374, 4.58, 4.245, 4.711, 5.768, 6.007, 6.601, 7.586, 8.25, 8.581, 9.77, 10.116, 9.45, 9.621, 9.827, 11.068, 12.416, 12.89, 13.835, 14.662, 15.475, 16.454, 16.867, 15.065, 14.468, 14.749, 12.802, 10.194, 9.814, 10.411, 11.705, 12.297, 12.695, 12.724, 12.119, 10.991, 10.063, 10.318, 10.602, 11.267, 10.998, 9.669, 6.548, 5.28, 4.587, 4.589, 5.813, 10.33, 14.612, 17.622, 19.37, 19.782], [2.991, 2.124, 2.123, 1.114, 0.0, 1.273, 1.527, 1.941, 2.676, 1.993, 2.255, 2.926, 3.917, 5.392, 5.9, 6.758, 6.934, 8.041, 9.138, 7.185, 4.188, 4.54, 6.693, 7.631, 3.313, 5.063, 7.274, 7.63, 6.793, 5.867, 4.37, 3.251, 3.162, 3.304, 3.65, 3.124, 2.976, 2.76, 2.834, 2.901, 3.152, 3.088, 3.915, 3.92, 2.842, 5.499, 7.287, 5.29, 5.362, 7.942, 10.064, 12.644, 13.392, 14.668, 18.086, 20.034, 18.814, 19.018, 19.052, 17.532, 17.477, 16.731, 16.105, 15.153, 16.619, 18.114, 17.239, 16.222, 15.258, 15.138, 15.32, 15.233, 14.615, 13.187, 12.953, 15.598, 16.254, 15.115, 12.592, 10.658, 9.292, 7.562, 6.369, 6.813, 7.181, 6.145, 6.393, 7.485, 8.938, 10.729, 12.941, 13.331, 11.446, 7.436, 5.267, 4.866, 4.626, 3.709, 2.975, 2.939, 3.37, 3.879, 4.59, 3.872, 3.842, 3.719, 3.872, 4.231, 3.347, 3.212, 3.868, 4.82, 4.921, 4.466, 4.686, 5.261, 2.943, 1.718, 2.544, 5.583, 6.999, 5.174, 4.666, 5.251, 5.055, 5.184, 6.922, 9.335, 11.465, 12.915, 13.331, 12.872, 13.821, 13.226, 11.237, 11.171, 11.019, 10.689, 11.505, 13.095, 13.456, 13.677, 14.444, 12.917, 11.717, 11.395, 11.593, 11.754, 10.473, 8.033, 5.764, 4.003, 3.324, 3.643, 4.865, 5.07, 4.726, 5.133, 6.19, 6.504, 6.984, 7.955, 8.648, 8.962, 10.146, 10.51, 9.856, 10.052, 10.238, 11.458, 12.824, 13.307, 14.235, 15.038, 15.854, 16.841, 17.257, 15.465, 14.858, 15.105, 13.179, 10.609, 10.225, 10.818, 12.079, 12.689, 13.066, 13.126, 12.511, 11.35, 10.444, 10.697, 11.029, 11.734, 11.478, 10.114, 6.944, 5.636, 5.021, 5.027, 6.285, 10.745, 15.061, 18.076, 19.802, 20.201], [3.666, 2.701, 2.595, 1.82, 1.273, 0.0, 1.097, 2.426, 3.247, 2.551, 2.737, 3.477, 4.529, 5.977, 6.352, 7.188, 7.363, 8.54, 9.559, 7.764, 4.78, 5.146, 7.263, 8.212, 3.756, 4.666, 6.819, 7.057, 6.308, 5.253, 3.703, 2.653, 2.818, 2.867, 3.141, 3.044, 2.997, 2.798, 2.924, 2.965, 3.299, 3.526, 4.284, 4.137, 3.119, 5.789, 7.554, 5.463, 5.658, 8.117, 10.427, 13.079, 13.868, 15.304, 18.697, 20.59, 19.535, 19.699, 19.7, 18.215, 18.019, 17.177, 16.389, 15.57, 17.152, 18.571, 17.611, 16.622, 15.574, 15.505, 15.688, 15.48, 15.032, 13.82, 13.619, 16.341, 16.846, 15.604, 13.178, 11.138, 9.714, 7.966, 6.501, 6.928, 7.585, 6.428, 6.475, 7.562, 9.122, 11.005, 13.257, 13.626, 11.726, 7.731, 5.542, 5.16, 4.825, 3.923, 3.082, 3.181, 3.586, 4.241, 4.986, 4.233, 4.211, 4.054, 4.186, 4.538, 3.989, 3.743, 4.339, 5.129, 5.244, 4.797, 5.2, 5.854, 3.624, 2.065, 2.909, 5.988, 7.436, 5.402, 4.95, 5.689, 5.433, 5.498, 7.434, 9.668, 11.888, 13.458, 13.849, 13.532, 14.371, 13.771, 11.694, 11.491, 11.49, 10.975, 11.807, 13.4, 13.923, 14.243, 15.197, 13.265, 11.992, 11.688, 11.908, 12.044, 10.802, 8.413, 5.998, 4.094, 3.602, 3.887, 4.991, 5.159, 4.826, 5.586, 6.761, 6.78, 7.308, 8.359, 9.11, 9.274, 10.422, 10.811, 10.17, 10.343, 10.545, 11.774, 13.333, 13.79, 14.602, 15.332, 16.136, 17.174, 17.685, 15.901, 15.163, 15.497, 13.51, 10.939, 10.532, 11.123, 12.364, 13.025, 13.367, 13.491, 12.984, 11.74, 10.829, 11.07, 11.489, 12.329, 12.125, 10.757, 7.514, 6.003, 5.572, 5.536, 6.746, 11.242, 15.714, 18.668, 20.363, 20.824], [3.673, 2.612, 2.465, 2.056, 1.527, 1.097, 0.0, 2.429, 3.297, 2.559, 2.835, 3.622, 4.802, 6.252, 6.507, 7.239, 7.543, 8.578, 9.753, 7.953, 4.889, 5.193, 7.517, 8.445, 3.87, 4.542, 6.545, 6.845, 6.038, 5.157, 3.743, 2.743, 2.751, 2.68, 2.969, 2.776, 2.977, 2.758, 3.043, 2.971, 3.306, 3.636, 4.397, 4.417, 3.406, 5.994, 7.465, 5.234, 5.551, 7.984, 10.583, 13.203, 13.997, 15.431, 18.92, 20.864, 19.708, 19.771, 19.865, 18.306, 18.045, 17.364, 16.593, 15.778, 17.428, 18.81, 17.852, 16.834, 15.826, 15.734, 15.922, 15.735, 15.179, 14.072, 13.753, 16.543, 17.013, 15.839, 13.352, 11.26, 9.895, 8.182, 6.294, 6.788, 7.557, 6.252, 6.302, 7.392, 8.96, 10.919, 13.173, 13.622, 11.781, 7.757, 5.416, 5.078, 4.743, 3.708, 2.854, 2.876, 3.293, 4.253, 5.215, 4.308, 4.332, 4.028, 4.415, 4.873, 4.193, 3.886, 4.463, 5.144, 5.34, 4.945, 5.496, 6.04, 3.961, 2.38, 3.177, 6.129, 7.273, 5.214, 4.859, 5.516, 5.645, 5.714, 7.609, 9.948, 12.111, 13.698, 14.086, 13.635, 14.483, 13.816, 11.885, 11.732, 11.664, 11.166, 12.038, 13.692, 14.038, 14.315, 15.324, 13.522, 12.137, 11.677, 11.897, 12.322, 11.085, 8.627, 5.817, 3.939, 3.459, 3.684, 4.763, 4.968, 4.642, 5.585, 6.892, 6.724, 7.433, 8.57, 9.246, 9.441, 10.521, 10.773, 10.066, 10.219, 10.464, 11.866, 13.229, 13.889, 14.853, 15.429, 16.206, 17.454, 17.887, 16.149, 15.459, 15.674, 13.671, 10.827, 10.402, 11.045, 12.439, 13.188, 13.639, 13.744, 13.199, 11.885, 10.816, 11.148, 11.598, 12.419, 12.221, 10.866, 7.606, 6.227, 5.837, 5.756, 7.016, 11.506, 15.915, 18.939, 20.632, 21.096], [2.156, 1.758, 1.943, 1.839, 1.941, 2.426, 2.429, 0.0, 1.846, 1.776, 2.062, 2.415, 3.342, 4.642, 5.029, 5.907, 6.259, 7.199, 8.001, 5.967, 2.949, 3.427, 5.613, 6.79, 3.331, 6.479, 8.667, 9.042, 8.214, 7.297, 5.772, 4.736, 4.431, 4.786, 5.089, 4.405, 4.131, 4.003, 4.14, 4.153, 4.369, 4.035, 4.903, 5.137, 3.98, 4.979, 6.473, 4.543, 4.636, 7.101, 9.363, 12.025, 12.718, 13.956, 17.088, 19.226, 18.091, 17.989, 17.806, 16.304, 16.435, 15.958, 15.453, 14.43, 15.786, 17.318, 16.431, 15.375, 14.34, 14.287, 14.494, 14.438, 13.636, 12.184, 11.958, 14.71, 15.089, 14.268, 11.814, 9.982, 8.56, 6.832, 5.794, 6.209, 6.548, 5.554, 5.782, 6.883, 8.297, 9.963, 12.218, 12.692, 10.835, 6.913, 4.889, 4.523, 4.408, 3.664, 2.85, 2.686, 3.054, 3.396, 4.146, 3.778, 4.08, 3.907, 3.93, 4.193, 3.837, 3.728, 4.269, 4.545, 4.753, 4.202, 4.298, 4.374, 3.104, 2.755, 2.352, 4.909, 6.184, 4.385, 4.103, 4.672, 4.397, 4.611, 6.083, 8.523, 10.58, 12.008, 12.297, 12.094, 13.067, 12.596, 10.576, 10.426, 10.268, 10.037, 10.874, 12.431, 12.774, 12.964, 13.698, 12.12, 11.037, 10.697, 10.91, 11.113, 9.778, 7.359, 5.048, 3.519, 2.858, 2.974, 4.16, 4.41, 4.09, 4.495, 5.46, 5.756, 6.321, 7.261, 7.953, 8.3, 9.494, 9.808, 9.122, 9.286, 9.511, 10.764, 12.24, 12.636, 13.518, 14.376, 15.191, 16.144, 16.603, 14.776, 14.144, 14.481, 12.539, 9.864, 9.465, 10.098, 11.421, 12.022, 12.398, 12.295, 11.73, 10.636, 9.818, 10.056, 10.315, 10.964, 10.702, 9.326, 6.277, 5.028, 4.304, 4.417, 5.835, 10.039, 14.238, 17.182, 18.828, 19.261], [1.163, 1.664, 1.82, 2.374, 2.676, 3.247, 3.297, 1.846, 0.0, 1.398, 1.561, 1.719, 2.153, 3.406, 3.79, 4.614, 4.965, 5.938, 6.967, 4.964, 2.161, 2.385, 4.554, 5.666, 2.322, 7.234, 9.471, 9.837, 9.011, 8.095, 6.564, 5.444, 5.126, 5.548, 5.886, 5.122, 4.741, 4.613, 4.57, 4.525, 4.475, 3.962, 4.842, 4.976, 3.31, 3.637, 5.413, 3.755, 3.918, 6.051, 8.169, 10.841, 11.506, 12.856, 15.981, 18.1, 16.988, 16.951, 16.862, 15.429, 15.434, 14.83, 14.159, 13.243, 14.697, 16.201, 15.319, 14.272, 13.21, 13.169, 13.381, 13.269, 12.542, 11.101, 10.89, 13.624, 14.073, 13.143, 10.682, 8.851, 7.345, 5.595, 4.709, 5.175, 5.413, 4.525, 4.793, 5.953, 7.074, 8.696, 10.822, 11.187, 9.304, 5.428, 3.649, 3.644, 3.727, 3.569, 2.992, 2.605, 2.826, 2.617, 2.781, 3.065, 3.485, 3.24, 3.123, 3.169, 2.966, 3.003, 3.262, 3.326, 3.519, 2.924, 3.035, 3.402, 2.178, 3.019, 1.811, 3.68, 4.983, 3.405, 2.985, 3.385, 3.207, 3.192, 4.871, 7.327, 9.458, 10.879, 11.188, 10.947, 11.954, 11.344, 9.375, 9.25, 9.129, 8.788, 9.658, 11.261, 11.652, 11.833, 12.582, 11.016, 9.785, 9.41, 9.59, 9.919, 8.609, 6.242, 4.25, 2.912, 2.088, 2.22, 3.479, 3.703, 3.389, 3.434, 4.483, 4.755, 5.06, 6.042, 6.726, 7.075, 8.182, 8.525, 7.9, 8.135, 8.268, 9.553, 10.947, 11.419, 12.372, 13.078, 13.885, 14.99, 15.395, 13.605, 13.005, 13.258, 11.308, 8.618, 8.257, 8.843, 10.125, 10.773, 11.209, 11.156, 10.521, 9.429, 8.482, 8.752, 9.137, 9.806, 9.545, 8.173, 5.0, 3.648, 3.012, 3.03, 4.53, 8.834, 13.097, 16.066, 17.719, 18.161], [1.632, 1.51, 1.655, 1.879, 1.993, 2.551, 2.559, 1.776, 1.398, 0.0, 0.983, 1.694, 2.612, 3.944, 4.435, 5.38, 5.542, 6.546, 7.735, 5.841, 3.019, 3.196, 5.435, 6.401, 2.534, 6.351, 8.585, 8.951, 8.112, 7.199, 5.674, 4.557, 4.343, 4.763, 5.075, 4.382, 3.931, 3.751, 3.861, 3.725, 3.73, 3.559, 4.392, 4.274, 2.81, 4.187, 6.098, 4.289, 4.265, 6.712, 8.849, 11.427, 12.121, 13.473, 16.813, 18.835, 17.623, 17.736, 17.703, 16.231, 16.148, 15.421, 14.828, 13.903, 15.43, 16.898, 16.002, 14.947, 13.906, 13.858, 14.047, 13.901, 13.224, 11.906, 11.623, 14.377, 14.921, 13.862, 11.345, 9.471, 8.014, 6.26, 5.206, 5.658, 5.902, 4.808, 5.141, 6.287, 7.635, 9.379, 11.538, 11.874, 9.838, 5.91, 3.975, 3.692, 3.636, 3.166, 2.702, 2.258, 2.721, 2.638, 3.139, 2.899, 3.372, 3.176, 3.177, 3.272, 3.081, 3.039, 3.425, 3.548, 3.673, 3.05, 3.328, 4.042, 2.404, 2.279, 1.776, 4.36, 5.675, 3.973, 3.538, 4.008, 3.804, 3.712, 5.577, 8.017, 10.177, 11.64, 11.943, 11.625, 12.585, 11.99, 10.011, 9.905, 9.869, 9.395, 10.236, 11.881, 12.269, 12.484, 13.309, 11.685, 10.382, 10.122, 10.314, 10.542, 9.266, 6.862, 4.603, 3.04, 2.372, 2.685, 3.861, 4.163, 3.759, 3.965, 5.011, 5.318, 5.78, 6.629, 7.467, 7.696, 8.821, 9.28, 8.65, 8.866, 9.015, 10.244, 11.61, 12.048, 13.027, 13.742, 14.548, 15.634, 16.02, 14.259, 13.647, 13.858, 11.933, 9.379, 9.019, 9.603, 10.786, 11.422, 11.807, 11.838, 11.195, 10.021, 9.058, 9.281, 9.754, 10.467, 10.22, 8.841, 5.545, 4.217, 3.688, 3.646, 5.166, 9.525, 13.836, 16.823, 18.524, 18.948], [1.467, 1.479, 1.624, 1.989, 2.255, 2.737, 2.835, 2.062, 1.561, 0.983, 0.0, 1.557, 2.501, 3.761, 4.379, 5.23, 5.39, 6.48, 7.651, 5.759, 2.966, 3.098, 5.351, 6.172, 2.675, 6.434, 8.664, 9.042, 8.197, 7.276, 5.775, 4.689, 4.477, 4.979, 5.267, 4.494, 4.032, 3.862, 3.826, 3.801, 3.709, 3.555, 4.243, 4.374, 2.862, 3.999, 5.897, 4.098, 4.086, 6.497, 8.724, 11.146, 11.901, 13.313, 16.72, 18.596, 17.459, 17.574, 17.667, 16.097, 15.974, 15.283, 14.666, 13.67, 15.231, 16.685, 15.759, 14.685, 13.631, 13.592, 13.817, 13.703, 13.14, 11.853, 11.561, 14.328, 14.842, 13.65, 11.102, 9.169, 7.8, 6.069, 4.967, 5.42, 5.654, 4.594, 4.898, 6.072, 7.398, 9.188, 11.471, 11.83, 9.706, 5.646, 3.749, 3.468, 3.551, 3.222, 2.665, 2.277, 2.749, 2.49, 2.868, 2.908, 3.278, 3.035, 3.171, 3.358, 3.131, 3.167, 3.489, 3.611, 3.715, 3.105, 3.313, 4.072, 2.522, 2.347, 1.853, 4.265, 5.586, 3.801, 3.278, 3.871, 3.568, 3.593, 5.346, 7.765, 9.913, 11.376, 11.834, 11.339, 12.369, 11.783, 9.854, 9.688, 9.673, 9.262, 10.045, 11.632, 11.929, 12.183, 13.044, 11.416, 10.27, 10.041, 10.236, 10.35, 9.02, 6.6, 4.396, 2.957, 2.442, 2.48, 3.665, 4.005, 3.621, 3.761, 4.859, 5.144, 5.629, 6.434, 7.277, 7.573, 8.724, 9.176, 8.54, 8.713, 8.915, 10.111, 11.439, 11.874, 12.761, 13.645, 14.458, 15.374, 15.773, 14.023, 13.417, 13.633, 11.793, 9.255, 8.898, 9.493, 10.709, 11.266, 11.571, 11.575, 10.943, 9.741, 8.961, 9.164, 9.45, 10.181, 9.95, 8.561, 5.368, 4.098, 3.489, 3.437, 4.911, 9.279, 13.642, 16.608, 18.38, 18.748], [1.481, 1.781, 2.087, 2.498, 2.926, 3.477, 3.622, 2.415, 1.719, 1.694, 1.557, 0.0, 1.611, 3.016, 3.656, 4.643, 4.87, 5.834, 6.815, 4.958, 2.692, 2.714, 4.613, 5.461, 2.34, 7.308, 9.537, 9.92, 9.065, 8.136, 6.637, 5.531, 5.312, 5.806, 6.087, 5.329, 4.837, 4.649, 4.581, 4.599, 4.488, 3.934, 4.798, 4.934, 3.238, 3.491, 5.62, 4.135, 4.058, 6.325, 8.261, 10.631, 11.265, 12.549, 15.858, 17.875, 16.749, 16.723, 16.799, 15.272, 15.237, 14.571, 14.128, 13.065, 14.41, 15.936, 15.033, 14.0, 12.947, 12.874, 13.102, 13.013, 12.411, 11.053, 10.767, 13.505, 13.945, 12.915, 10.386, 8.531, 7.2, 5.558, 4.855, 5.303, 5.444, 4.466, 4.777, 5.982, 7.232, 8.933, 11.062, 11.345, 9.26, 5.356, 3.434, 3.229, 3.263, 3.453, 2.946, 2.553, 2.931, 2.332, 2.258, 2.525, 2.891, 2.552, 2.398, 2.358, 2.575, 3.041, 2.889, 2.953, 3.103, 2.398, 2.383, 2.896, 1.542, 3.026, 1.769, 3.93, 5.316, 3.625, 3.128, 3.489, 2.923, 3.138, 4.66, 7.091, 9.161, 10.664, 11.021, 10.679, 11.625, 11.178, 9.334, 9.007, 9.135, 8.789, 9.488, 11.006, 11.304, 11.469, 12.335, 10.735, 9.74, 9.583, 9.733, 9.824, 8.446, 6.18, 4.383, 3.339, 2.456, 2.597, 3.807, 4.076, 3.594, 3.513, 4.286, 4.952, 5.203, 5.885, 6.764, 7.108, 8.204, 8.754, 8.148, 8.447, 8.494, 9.644, 10.99, 11.296, 12.109, 13.125, 13.941, 14.744, 15.182, 13.413, 12.829, 13.043, 11.285, 8.898, 8.52, 9.096, 10.214, 10.737, 10.968, 10.889, 10.332, 9.145, 8.453, 8.617, 8.846, 9.505, 9.269, 7.889, 4.802, 3.61, 3.034, 2.865, 4.343, 8.559, 12.921, 15.9, 17.561, 18.008], [1.836, 2.462, 2.772, 3.425, 3.917, 4.529, 4.802, 3.342, 2.153, 2.612, 2.501, 1.611, 0.0, 1.806, 3.166, 4.1, 4.291, 5.234, 5.836, 4.019, 2.454, 2.422, 3.79, 4.22, 2.666, 8.475, 10.716, 11.085, 10.255, 9.326, 7.818, 6.716, 6.4, 6.91, 7.192, 6.432, 5.998, 5.801, 5.656, 5.748, 5.664, 5.113, 5.923, 6.087, 4.254, 2.951, 5.262, 4.136, 4.039, 5.916, 7.688, 9.994, 10.548, 11.351, 14.652, 16.638, 15.546, 15.643, 15.559, 14.169, 14.297, 13.791, 13.486, 12.362, 13.289, 14.868, 14.113, 13.069, 12.159, 11.934, 12.23, 12.293, 11.639, 10.169, 9.605, 12.232, 12.84, 11.704, 9.374, 7.722, 6.539, 4.966, 4.578, 5.113, 5.061, 4.305, 4.553, 5.738, 6.836, 8.426, 10.507, 10.76, 8.73, 4.941, 3.036, 3.164, 3.579, 4.18, 3.94, 3.424, 3.186, 2.633, 2.026, 3.118, 3.678, 3.467, 3.086, 2.45, 3.002, 3.702, 3.282, 3.084, 3.242, 2.265, 1.828, 2.195, 2.176, 4.164, 2.295, 3.367, 4.721, 3.332, 2.885, 3.105, 2.358, 2.56, 3.851, 6.315, 8.187, 9.512, 10.108, 9.633, 10.733, 10.619, 8.728, 8.356, 8.55, 8.22, 8.87, 10.21, 10.366, 10.398, 11.117, 9.799, 9.154, 9.031, 9.169, 9.205, 7.838, 5.743, 4.263, 3.424, 2.753, 2.891, 3.822, 4.15, 3.673, 3.248, 3.609, 4.51, 4.666, 5.257, 6.219, 6.564, 7.594, 8.211, 7.611, 7.946, 7.961, 9.087, 10.492, 10.722, 11.365, 12.519, 13.351, 14.042, 14.518, 12.742, 12.127, 12.362, 10.708, 8.36, 7.98, 8.553, 9.641, 10.113, 10.259, 10.048, 9.607, 8.5, 7.872, 7.97, 8.026, 8.551, 8.09, 6.836, 4.178, 3.033, 2.365, 2.289, 3.746, 7.658, 11.67, 14.622, 16.342, 16.735], [3.134, 3.956, 4.188, 4.927, 5.392, 5.977, 6.252, 4.642, 3.406, 3.944, 3.761, 3.016, 1.806, 0.0, 1.943, 2.721, 2.948, 3.761, 4.317, 2.813, 2.353, 2.144, 2.691, 2.639, 3.897, 9.959, 12.209, 12.574, 11.752, 10.82, 9.302, 8.177, 7.904, 8.349, 8.639, 7.879, 7.452, 7.309, 7.158, 7.251, 7.141, 6.607, 7.42, 7.573, 5.702, 2.066, 4.4, 3.813, 3.551, 4.707, 6.349, 8.435, 8.994, 9.759, 13.175, 15.031, 13.983, 14.152, 14.059, 12.675, 12.685, 12.244, 11.93, 10.803, 11.791, 13.271, 12.559, 11.505, 10.595, 10.314, 10.665, 10.791, 10.13, 8.742, 8.069, 10.734, 11.348, 10.082, 7.749, 6.19, 4.993, 3.526, 3.747, 4.247, 3.932, 3.442, 3.524, 4.635, 5.756, 7.044, 9.046, 9.256, 7.232, 3.732, 3.177, 3.758, 4.423, 5.617, 5.417, 4.826, 4.131, 2.801, 2.471, 3.949, 4.646, 4.781, 4.209, 3.078, 3.869, 4.972, 4.255, 3.6, 3.713, 2.917, 1.852, 1.64, 3.395, 5.677, 3.756, 2.311, 3.384, 2.565, 2.41, 2.333, 2.219, 2.29, 2.359, 4.78, 6.615, 7.945, 8.61, 8.083, 9.131, 9.063, 7.195, 6.833, 7.114, 6.694, 7.407, 8.626, 8.754, 8.797, 9.58, 8.199, 7.615, 7.519, 7.668, 7.68, 6.313, 4.643, 3.583, 3.895, 4.022, 3.544, 4.028, 4.085, 3.765, 2.541, 2.563, 3.44, 3.25, 3.745, 4.732, 5.195, 6.165, 6.766, 6.217, 6.534, 6.554, 7.581, 8.989, 9.193, 9.826, 10.982, 11.808, 12.489, 12.957, 11.197, 10.594, 10.811, 9.172, 6.932, 6.57, 7.084, 8.131, 8.569, 8.711, 8.482, 8.046, 6.91, 6.31, 6.403, 6.441, 6.95, 6.503, 5.285, 2.648, 1.851, 1.612, 1.824, 2.51, 6.073, 10.096, 13.053, 14.842, 15.21], [3.711, 4.492, 4.767, 5.549, 5.9, 6.352, 6.507, 5.029, 3.79, 4.435, 4.379, 3.656, 3.166, 1.943, 0.0, 1.431, 1.689, 2.534, 3.609, 1.865, 2.73, 1.987, 1.714, 2.538, 4.321, 10.437, 12.676, 13.051, 12.202, 11.268, 9.756, 8.628, 8.326, 8.791, 9.089, 8.326, 7.93, 7.789, 7.797, 7.702, 7.598, 7.058, 7.973, 8.036, 6.156, 2.144, 3.028, 3.052, 2.866, 3.38, 5.068, 7.228, 7.866, 9.318, 12.611, 14.614, 13.547, 13.578, 13.641, 12.149, 12.051, 11.288, 10.587, 9.62, 11.129, 12.636, 11.723, 10.679, 9.64, 9.577, 9.765, 9.626, 9.064, 7.817, 7.625, 10.295, 10.773, 9.633, 7.185, 5.297, 3.742, 2.286, 2.92, 3.146, 3.026, 2.498, 2.851, 3.631, 4.715, 5.628, 7.605, 7.879, 6.016, 2.842, 3.423, 3.956, 4.783, 6.079, 5.854, 5.248, 4.512, 3.302, 3.001, 4.421, 5.034, 5.171, 4.471, 3.477, 4.298, 5.402, 4.65, 3.842, 4.055, 3.255, 2.474, 2.607, 3.845, 6.185, 4.251, 1.54, 2.061, 1.88, 2.41, 2.163, 2.578, 2.27, 1.781, 3.743, 5.874, 7.395, 7.735, 7.493, 8.405, 7.801, 5.756, 5.624, 5.716, 5.196, 6.012, 7.601, 8.057, 8.272, 9.165, 7.404, 6.173, 5.992, 6.143, 6.278, 5.006, 3.402, 2.577, 4.155, 4.286, 3.657, 3.786, 3.919, 3.811, 2.057, 2.081, 2.433, 2.088, 2.499, 3.311, 3.744, 4.796, 5.233, 4.733, 5.056, 5.057, 6.052, 7.507, 7.858, 8.745, 9.536, 10.351, 11.355, 11.742, 9.966, 9.368, 9.617, 7.716, 5.424, 5.07, 5.535, 6.618, 7.189, 7.529, 7.581, 6.989, 5.805, 4.965, 5.166, 5.585, 6.29, 6.086, 4.695, 1.592, 1.339, 1.699, 1.842, 2.194, 5.335, 9.705, 12.637, 14.299, 14.752], [4.668, 5.211, 5.391, 6.346, 6.758, 7.188, 7.239, 5.907, 4.614, 5.38, 5.23, 4.643, 4.1, 2.721, 1.431, 0.0, 1.336, 2.021, 3.041, 1.811, 3.643, 2.905, 1.48, 2.543, 4.826, 10.941, 13.179, 13.549, 12.708, 11.774, 10.238, 9.099, 8.817, 9.283, 9.578, 8.815, 8.425, 8.282, 8.297, 8.233, 8.124, 7.604, 8.462, 8.595, 6.755, 3.007, 2.313, 3.141, 2.623, 2.381, 4.152, 6.537, 7.151, 8.6, 12.06, 13.806, 12.868, 13.014, 13.111, 11.617, 11.374, 10.658, 9.801, 8.791, 10.384, 11.872, 10.895, 9.826, 8.768, 8.703, 8.909, 8.938, 8.478, 7.241, 7.027, 9.707, 10.255, 8.917, 6.434, 4.534, 3.127, 2.061, 2.571, 2.658, 2.399, 2.174, 2.783, 2.818, 3.867, 4.823, 6.74, 7.082, 5.412, 2.483, 3.883, 4.491, 5.357, 6.607, 6.376, 5.84, 5.059, 3.815, 3.631, 5.022, 5.626, 5.741, 4.963, 4.22, 4.787, 5.898, 5.203, 4.43, 4.691, 3.95, 3.314, 3.627, 4.804, 6.779, 4.918, 1.946, 1.941, 2.294, 2.849, 2.592, 3.483, 2.903, 1.927, 3.134, 5.005, 6.58, 7.064, 6.761, 7.649, 6.988, 5.016, 4.849, 4.814, 4.343, 5.215, 6.794, 7.282, 7.505, 8.489, 6.54, 5.34, 4.975, 5.156, 5.468, 4.175, 2.402, 2.66, 4.679, 4.81, 4.302, 4.214, 4.384, 4.319, 2.505, 1.937, 2.273, 2.056, 2.227, 2.455, 2.833, 3.914, 4.181, 3.657, 3.972, 3.992, 5.045, 6.592, 7.099, 7.974, 8.625, 9.447, 10.553, 10.937, 9.169, 8.619, 8.897, 6.932, 4.439, 3.997, 4.484, 5.677, 6.325, 6.746, 6.788, 6.259, 5.158, 4.244, 4.518, 4.882, 5.609, 5.433, 4.187, 1.769, 1.884, 2.366, 2.522, 2.171, 4.908, 9.04, 11.836, 13.609, 13.983], [4.916, 5.6, 5.772, 6.581, 6.934, 7.363, 7.543, 6.259, 4.965, 5.542, 5.39, 4.87, 4.291, 2.948, 1.689, 1.336, 0.0, 1.463, 2.631, 1.713, 3.96, 3.22, 1.487, 2.593, 5.273, 11.287, 13.53, 13.901, 13.055, 12.133, 10.59, 9.456, 9.156, 9.612, 9.92, 9.146, 8.756, 8.679, 8.707, 8.585, 8.461, 7.929, 8.862, 8.908, 7.005, 3.217, 2.111, 3.377, 2.942, 1.99, 3.734, 6.106, 6.692, 8.224, 11.681, 13.455, 12.47, 12.703, 12.747, 11.23, 11.025, 10.226, 9.448, 8.48, 10.091, 11.455, 10.554, 9.461, 8.439, 8.389, 8.592, 8.554, 8.086, 6.895, 6.634, 9.327, 9.903, 8.522, 6.058, 4.077, 2.613, 1.736, 2.444, 2.417, 2.055, 2.194, 2.934, 2.575, 3.455, 4.429, 6.406, 6.723, 5.102, 2.644, 4.248, 4.825, 5.649, 6.953, 6.735, 6.18, 5.473, 4.179, 3.927, 5.269, 5.924, 6.051, 5.308, 4.337, 5.297, 6.31, 5.601, 4.879, 5.11, 4.215, 3.577, 3.88, 5.088, 7.133, 5.19, 2.145, 1.876, 2.673, 3.126, 2.871, 3.674, 3.16, 2.262, 2.965, 4.692, 6.23, 6.762, 6.356, 7.251, 6.694, 4.625, 4.479, 4.518, 4.036, 4.786, 6.379, 6.875, 7.121, 8.123, 6.184, 4.978, 4.791, 4.945, 5.069, 3.817, 1.982, 2.953, 4.975, 5.104, 4.533, 4.622, 4.756, 4.649, 2.798, 2.197, 2.505, 2.341, 2.209, 2.174, 2.402, 3.428, 3.975, 3.384, 3.693, 3.723, 4.876, 6.372, 6.777, 7.551, 8.34, 9.149, 10.147, 10.586, 8.779, 8.22, 8.438, 6.569, 4.18, 3.754, 4.322, 5.426, 6.009, 6.319, 6.383, 5.827, 4.672, 3.839, 4.074, 4.398, 5.151, 4.97, 3.786, 1.777, 2.075, 2.569, 2.738, 2.447, 4.404, 8.633, 11.503, 13.294, 13.658], [5.768, 6.679, 6.889, 7.652, 8.041, 8.54, 8.578, 7.199, 5.938, 6.546, 6.48, 5.834, 5.234, 3.761, 2.534, 2.021, 1.463, 0.0, 1.497, 2.244, 4.915, 4.147, 2.409, 2.682, 6.512, 12.59, 14.829, 15.196, 14.354, 13.438, 11.907, 10.77, 10.471, 10.887, 11.21, 10.451, 10.072, 9.98, 9.997, 9.888, 9.786, 9.244, 10.165, 10.227, 8.323, 4.129, 2.822, 4.632, 4.134, 2.428, 3.383, 5.063, 5.702, 7.083, 10.636, 12.518, 11.362, 11.552, 11.437, 9.944, 9.661, 9.028, 8.507, 7.492, 9.127, 10.469, 9.578, 8.554, 7.531, 7.433, 7.643, 7.53, 6.826, 5.694, 5.329, 8.209, 8.688, 7.474, 4.994, 3.102, 1.715, 1.891, 3.63, 3.165, 2.552, 3.448, 4.258, 3.282, 3.596, 4.151, 5.768, 6.01, 4.58, 3.206, 5.487, 6.117, 6.937, 8.258, 8.045, 7.366, 6.726, 5.47, 5.189, 6.566, 7.202, 7.342, 6.611, 5.57, 6.432, 7.536, 6.803, 5.874, 6.129, 5.375, 4.663, 4.576, 6.094, 8.407, 6.425, 3.288, 2.15, 3.681, 4.408, 4.034, 4.468, 4.264, 2.458, 2.549, 3.862, 5.309, 5.781, 5.33, 6.149, 5.651, 3.743, 3.503, 3.702, 3.189, 3.949, 5.472, 5.854, 6.061, 7.08, 5.267, 4.111, 3.988, 4.138, 4.215, 3.022, 2.071, 4.252, 6.299, 6.44, 5.773, 5.868, 6.035, 5.936, 3.805, 2.774, 3.157, 2.55, 1.88, 1.484, 2.175, 3.048, 3.344, 2.875, 3.027, 3.097, 4.054, 5.455, 5.739, 6.612, 7.476, 8.298, 9.227, 9.628, 7.872, 7.286, 7.469, 5.666, 3.477, 3.189, 3.546, 4.605, 5.117, 5.403, 5.45, 4.903, 3.65, 3.027, 3.24, 3.425, 4.108, 3.933, 2.953, 1.876, 2.974, 3.775, 3.71, 2.623, 3.639, 7.605, 10.582, 12.328, 12.748], [6.806, 7.753, 8.013, 8.737, 9.138, 9.559, 9.753, 8.001, 6.967, 7.735, 7.651, 6.815, 5.836, 4.317, 3.609, 3.041, 2.631, 1.497, 0.0, 2.757, 5.782, 5.213, 3.11, 2.814, 7.751, 13.856, 16.094, 16.458, 15.626, 14.71, 13.17, 12.031, 11.744, 12.131, 12.478, 11.712, 11.339, 11.185, 11.075, 11.155, 11.056, 10.493, 11.312, 11.485, 9.581, 5.165, 3.764, 5.805, 5.22, 3.192, 3.381, 4.599, 4.971, 5.995, 9.376, 11.331, 10.21, 10.34, 10.171, 8.698, 8.576, 8.166, 7.969, 6.842, 7.925, 9.342, 8.509, 7.523, 6.646, 6.35, 6.644, 6.71, 5.962, 4.899, 4.18, 6.999, 7.454, 6.322, 3.919, 2.787, 1.735, 2.245, 4.825, 4.147, 3.242, 4.701, 5.501, 4.5, 3.917, 4.461, 5.913, 6.018, 4.793, 4.419, 6.703, 7.262, 8.191, 9.503, 9.299, 8.641, 7.971, 6.681, 6.268, 7.827, 8.462, 8.604, 7.843, 6.681, 7.621, 8.781, 8.054, 6.943, 7.215, 6.582, 5.218, 4.961, 7.091, 9.495, 7.484, 4.388, 3.489, 4.825, 5.624, 5.214, 5.223, 5.441, 3.069, 2.596, 3.069, 4.202, 4.621, 4.315, 5.156, 5.219, 3.543, 3.069, 3.553, 3.029, 3.826, 4.785, 4.877, 4.988, 5.894, 4.213, 3.8, 3.819, 3.956, 3.969, 2.875, 2.637, 5.483, 7.498, 7.639, 6.921, 6.972, 7.208, 7.127, 4.919, 3.483, 4.197, 3.508, 2.457, 2.155, 2.225, 3.03, 3.389, 3.106, 3.344, 3.284, 3.896, 5.344, 5.458, 5.908, 7.095, 7.946, 8.57, 8.985, 7.328, 6.766, 6.793, 5.306, 3.566, 3.382, 3.666, 4.498, 4.736, 4.786, 4.577, 4.196, 3.165, 3.065, 3.063, 2.749, 3.164, 3.041, 2.46, 2.796, 4.081, 4.736, 4.816, 3.539, 2.926, 6.451, 9.398, 11.079, 11.556], [4.746, 5.824, 6.115, 6.77, 7.185, 7.764, 7.953, 5.967, 4.964, 5.841, 5.759, 4.958, 4.019, 2.813, 1.865, 1.811, 1.713, 2.244, 2.757, 0.0, 3.52, 3.034, 1.05, 1.851, 5.979, 11.987, 14.227, 14.591, 13.749, 12.829, 11.284, 10.148, 9.862, 10.282, 10.601, 9.834, 9.456, 9.296, 9.162, 9.245, 9.159, 8.613, 9.431, 9.597, 7.709, 3.83, 2.775, 4.251, 3.935, 3.201, 4.498, 6.751, 7.353, 8.213, 11.162, 13.373, 12.356, 12.102, 12.165, 10.898, 11.202, 10.705, 10.194, 9.099, 10.097, 11.705, 10.931, 9.899, 8.962, 8.73, 9.063, 9.056, 8.433, 6.806, 6.44, 8.822, 9.336, 8.467, 6.176, 4.498, 3.276, 1.987, 3.223, 3.071, 2.741, 2.917, 3.77, 3.501, 4.371, 5.297, 7.345, 7.686, 5.859, 2.963, 4.869, 5.408, 6.33, 7.628, 7.426, 6.775, 6.036, 4.711, 4.545, 5.951, 6.6, 6.731, 5.965, 5.032, 5.91, 6.992, 6.273, 5.503, 5.753, 4.914, 3.901, 3.397, 5.319, 7.547, 5.555, 2.656, 2.692, 3.019, 3.763, 3.393, 4.008, 3.794, 2.148, 3.332, 5.031, 6.336, 6.803, 6.461, 7.628, 7.318, 5.34, 5.088, 5.097, 4.795, 5.566, 7.032, 7.226, 7.227, 7.863, 6.621, 5.79, 5.588, 5.756, 5.845, 4.465, 2.755, 3.749, 5.632, 5.763, 5.084, 5.125, 5.368, 5.283, 3.106, 1.965, 2.639, 2.34, 2.42, 2.843, 3.22, 4.278, 4.763, 4.159, 4.471, 4.512, 5.651, 7.093, 7.385, 8.141, 9.163, 9.978, 10.785, 11.286, 9.431, 8.818, 9.154, 7.334, 4.908, 4.52, 5.103, 6.234, 6.784, 7.037, 6.849, 6.413, 5.341, 4.631, 4.808, 4.928, 5.456, 4.967, 3.732, 2.004, 2.396, 2.801, 3.059, 2.277, 4.684, 8.366, 11.355, 12.974, 13.439], [2.17, 2.842, 3.055, 3.7, 4.188, 4.78, 4.889, 2.949, 2.161, 3.019, 2.966, 2.692, 2.454, 2.353, 2.73, 3.643, 3.96, 4.915, 5.782, 3.52, 0.0, 0.99, 3.14, 4.471, 3.658, 8.85, 11.085, 11.449, 10.624, 9.706, 8.192, 7.076, 6.756, 7.208, 7.519, 6.761, 6.391, 6.238, 6.066, 6.159, 6.106, 5.651, 6.362, 6.705, 5.117, 2.959, 4.334, 2.729, 2.844, 4.94, 7.178, 9.805, 10.502, 11.605, 14.649, 16.867, 15.686, 15.529, 15.416, 14.048, 14.258, 13.701, 13.262, 12.196, 13.446, 15.048, 14.198, 13.149, 12.09, 12.037, 12.27, 12.213, 11.419, 9.803, 9.634, 12.211, 12.638, 11.932, 9.483, 7.74, 6.347, 4.556, 3.567, 3.985, 4.205, 3.324, 3.607, 4.756, 5.972, 7.688, 9.946, 10.351, 8.44, 4.574, 3.196, 3.39, 3.756, 4.676, 4.329, 3.677, 2.947, 2.131, 2.666, 3.354, 3.901, 4.166, 4.166, 3.775, 3.926, 4.586, 4.389, 4.218, 4.358, 3.514, 2.856, 2.65, 3.411, 4.601, 2.829, 2.657, 3.92, 2.23, 2.11, 2.84, 3.257, 2.9, 3.779, 6.253, 8.31, 9.638, 10.039, 9.699, 10.791, 10.366, 8.384, 8.217, 8.059, 7.844, 8.665, 10.212, 10.533, 10.644, 11.327, 9.9, 8.842, 8.545, 8.744, 8.901, 7.574, 5.151, 3.056, 2.76, 2.998, 2.36, 3.02, 2.927, 2.855, 2.463, 3.175, 3.555, 4.179, 5.059, 5.716, 6.118, 7.3, 7.654, 6.983, 7.139, 7.375, 8.609, 10.043, 10.421, 11.301, 12.183, 13.002, 13.919, 14.399, 12.557, 11.926, 12.27, 10.33, 7.723, 7.328, 7.958, 9.23, 9.832, 10.184, 10.038, 9.467, 8.39, 7.584, 7.828, 8.056, 8.621, 8.317, 6.947, 3.974, 2.853, 2.16, 2.602, 3.522, 7.713, 11.841, 14.828, 16.456, 16.904], [2.237, 3.166, 3.38, 4.058, 4.54, 5.146, 5.193, 3.427, 2.385, 3.196, 3.098, 2.714, 2.422, 2.144, 1.987, 2.905, 3.22, 4.147, 5.213, 3.034, 0.99, 0.0, 2.683, 3.992, 3.806, 9.223, 11.454, 11.82, 10.993, 10.078, 8.562, 7.447, 7.12, 7.571, 7.89, 7.128, 6.756, 6.596, 6.498, 6.519, 6.413, 5.987, 6.729, 7.026, 5.215, 2.483, 3.676, 2.49, 2.411, 4.24, 6.433, 9.016, 9.745, 11.007, 14.129, 16.311, 15.135, 14.954, 14.932, 13.538, 13.635, 13.007, 12.495, 11.466, 12.871, 14.432, 13.552, 12.503, 11.438, 11.399, 11.613, 11.494, 10.753, 9.265, 9.036, 11.718, 12.118, 11.353, 8.856, 7.028, 5.568, 3.867, 3.116, 3.573, 3.679, 2.894, 3.113, 4.283, 5.411, 6.951, 9.212, 9.609, 7.767, 3.969, 2.939, 3.285, 3.801, 4.873, 4.663, 3.989, 3.301, 2.272, 2.469, 3.419, 3.993, 4.153, 3.952, 3.501, 3.844, 4.692, 4.226, 4.007, 4.196, 3.25, 2.546, 2.591, 3.355, 5.007, 3.093, 2.004, 3.196, 1.705, 1.884, 2.303, 2.876, 2.551, 3.139, 5.559, 7.677, 9.079, 9.395, 9.095, 10.118, 9.574, 7.642, 7.487, 7.356, 7.08, 7.904, 9.486, 9.828, 9.999, 10.719, 9.249, 8.093, 7.77, 7.972, 8.158, 6.836, 4.436, 2.58, 2.977, 3.113, 2.509, 2.816, 2.946, 2.871, 2.012, 2.592, 2.935, 3.474, 4.286, 4.998, 5.354, 6.541, 6.889, 6.227, 6.397, 6.613, 7.834, 9.232, 9.638, 10.603, 11.435, 12.248, 13.222, 13.627, 11.827, 11.246, 11.508, 9.575, 6.959, 6.582, 7.188, 8.477, 9.064, 9.436, 9.385, 8.752, 7.602, 6.782, 7.001, 7.328, 7.968, 7.704, 6.328, 3.215, 2.329, 1.787, 2.232, 3.103, 7.088, 11.282, 14.265, 15.912, 16.339], [4.4, 5.335, 5.64, 6.271, 6.693, 7.263, 7.517, 5.613, 4.554, 5.435, 5.351, 4.613, 3.79, 2.691, 1.714, 1.48, 1.487, 2.409, 3.11, 1.05, 3.14, 2.683, 0.0, 2.284, 5.56, 11.44, 13.686, 14.05, 13.206, 12.286, 10.735, 9.594, 9.309, 9.731, 10.054, 9.289, 8.909, 8.771, 8.648, 8.72, 8.611, 8.06, 8.89, 9.041, 7.165, 3.466, 2.493, 3.564, 3.235, 2.826, 4.495, 6.876, 7.538, 8.663, 11.62, 13.788, 12.732, 12.663, 12.707, 11.373, 11.577, 10.958, 10.276, 9.209, 10.365, 12.009, 11.198, 10.131, 9.205, 9.031, 9.317, 9.314, 8.731, 7.0, 6.889, 9.219, 9.935, 8.958, 6.52, 4.769, 3.397, 2.116, 2.845, 2.92, 2.59, 2.54, 3.24, 3.145, 4.187, 5.371, 7.462, 7.791, 5.967, 3.021, 4.4, 4.908, 5.804, 7.088, 6.881, 6.255, 5.542, 4.214, 4.001, 5.436, 6.083, 6.192, 5.404, 4.611, 5.482, 6.566, 5.85, 5.204, 5.389, 4.518, 3.567, 3.341, 4.954, 7.018, 5.158, 2.163, 2.381, 2.569, 3.207, 2.877, 3.766, 3.483, 2.048, 3.522, 5.289, 6.604, 7.099, 6.706, 7.871, 7.43, 5.438, 5.249, 5.228, 4.936, 5.682, 7.225, 7.536, 7.635, 8.297, 6.863, 5.899, 5.688, 5.844, 5.944, 4.635, 2.631, 3.145, 5.065, 5.208, 4.54, 4.563, 4.811, 4.727, 2.599, 1.69, 2.401, 2.427, 2.561, 2.982, 3.265, 4.324, 4.867, 4.259, 4.554, 4.602, 5.75, 7.21, 7.513, 8.324, 9.23, 10.053, 10.93, 11.411, 9.573, 8.942, 9.315, 7.439, 5.055, 4.626, 5.205, 6.329, 6.857, 7.209, 7.06, 6.585, 5.554, 4.72, 4.955, 5.167, 5.685, 5.349, 3.993, 2.125, 2.219, 2.424, 2.818, 2.334, 4.936, 8.789, 11.759, 13.376, 13.841], [5.505, 6.284, 6.457, 7.176, 7.631, 8.212, 8.445, 6.79, 5.666, 6.401, 6.172, 5.461, 4.22, 2.639, 2.538, 2.543, 2.593, 2.682, 2.814, 1.851, 4.471, 3.992, 2.284, 0.0, 5.944, 12.087, 14.331, 14.694, 13.855, 12.916, 11.362, 10.194, 9.949, 10.337, 10.687, 9.917, 9.539, 9.457, 9.292, 9.393, 9.259, 8.721, 9.542, 9.659, 7.771, 3.442, 3.256, 4.827, 4.417, 4.017, 5.028, 6.613, 6.977, 7.747, 10.895, 12.688, 11.87, 11.984, 12.088, 10.882, 10.936, 10.485, 9.785, 8.62, 9.695, 11.151, 10.512, 9.367, 8.588, 8.301, 8.615, 8.809, 8.331, 7.129, 6.43, 8.526, 9.383, 7.954, 5.745, 4.537, 3.135, 2.36, 3.853, 3.735, 3.209, 3.501, 4.204, 3.877, 4.714, 5.59, 7.479, 7.688, 5.797, 2.955, 4.97, 5.502, 6.43, 7.713, 7.591, 7.002, 6.4, 5.013, 4.48, 6.065, 6.786, 6.843, 6.018, 4.853, 5.819, 6.948, 6.255, 5.322, 5.585, 4.798, 3.692, 3.569, 5.564, 7.924, 5.971, 2.945, 3.304, 3.636, 3.847, 3.423, 3.5, 3.737, 1.562, 2.853, 4.442, 5.738, 6.65, 6.052, 7.116, 7.146, 5.446, 5.051, 5.332, 4.793, 5.577, 6.66, 6.632, 6.624, 7.336, 6.025, 5.687, 5.715, 5.808, 5.809, 4.507, 3.226, 4.194, 5.678, 5.916, 5.235, 5.254, 5.423, 5.307, 3.191, 2.203, 2.707, 2.127, 2.189, 2.947, 3.608, 4.469, 4.955, 4.527, 4.823, 4.784, 5.708, 7.204, 7.56, 7.866, 8.982, 9.844, 10.458, 10.771, 9.245, 8.686, 8.621, 7.213, 5.158, 4.807, 5.248, 6.275, 6.627, 6.699, 6.51, 6.077, 5.09, 4.444, 4.342, 4.366, 4.857, 4.392, 3.303, 2.021, 2.651, 2.911, 3.078, 2.222, 4.001, 7.796, 10.741, 12.603, 12.98], [2.637, 2.186, 2.222, 2.777, 3.313, 3.756, 3.87, 3.331, 2.322, 2.534, 2.675, 2.34, 2.666, 3.897, 4.321, 4.826, 5.273, 6.512, 7.751, 5.979, 3.658, 3.806, 5.56, 5.944, 0.0, 6.196, 8.445, 8.81, 8.005, 7.078, 5.524, 4.48, 4.161, 4.751, 5.002, 4.23, 3.731, 3.624, 3.852, 3.665, 3.394, 3.002, 4.093, 3.93, 2.237, 2.985, 5.206, 3.883, 3.923, 6.183, 8.364, 10.764, 11.552, 13.273, 16.806, 18.411, 17.529, 17.774, 17.887, 16.379, 16.043, 15.296, 13.869, 13.013, 15.004, 16.351, 15.488, 14.178, 13.183, 13.298, 13.449, 13.442, 13.159, 12.005, 11.785, 14.421, 15.048, 13.583, 11.076, 8.847, 7.255, 5.871, 4.822, 5.317, 5.513, 4.407, 4.676, 5.648, 6.701, 8.103, 10.172, 10.475, 8.453, 4.631, 2.555, 2.638, 2.497, 2.337, 2.405, 2.171, 2.448, 2.534, 2.129, 1.741, 2.353, 2.138, 1.968, 1.873, 1.378, 1.311, 1.476, 1.732, 1.82, 1.549, 2.894, 3.727, 1.885, 2.98, 1.65, 3.862, 5.108, 4.184, 3.139, 3.296, 2.943, 2.693, 4.89, 7.283, 9.136, 11.003, 11.824, 11.361, 12.095, 11.287, 9.488, 9.316, 9.031, 8.311, 9.069, 10.736, 11.375, 11.944, 13.027, 10.759, 9.244, 8.926, 9.025, 9.561, 8.387, 6.157, 4.119, 2.728, 1.773, 2.561, 3.312, 3.477, 3.245, 3.775, 4.95, 4.868, 4.858, 5.996, 6.572, 6.807, 7.847, 7.955, 7.499, 7.828, 7.742, 9.001, 10.678, 11.573, 12.299, 12.511, 13.349, 14.763, 15.235, 13.545, 12.749, 12.913, 10.863, 8.194, 7.723, 8.208, 9.468, 10.304, 10.945, 11.257, 10.759, 9.443, 8.234, 8.467, 9.095, 9.966, 9.949, 8.657, 5.275, 3.863, 3.415, 3.114, 4.62, 8.856, 13.642, 16.427, 18.36, 18.611], [7.655, 6.368, 6.133, 5.515, 5.063, 4.666, 4.542, 6.479, 7.234, 6.351, 6.434, 7.308, 8.475, 9.959, 10.437, 10.941, 11.287, 12.59, 13.856, 11.987, 8.85, 9.223, 11.44, 12.087, 6.196, 0.0, 2.308, 2.659, 2.041, 1.904, 2.119, 2.485, 2.295, 2.079, 2.285, 2.328, 2.583, 2.704, 2.918, 2.821, 2.934, 3.473, 3.219, 2.905, 4.387, 8.808, 10.371, 8.139, 8.827, 11.189, 14.27, 16.768, 17.689, 19.416, 22.952, 24.573, 23.682, 23.919, 23.993, 22.48, 22.101, 21.399, 19.85, 19.185, 21.169, 22.504, 21.625, 20.348, 19.29, 19.447, 19.602, 19.495, 19.271, 18.13, 17.904, 20.565, 21.175, 19.72, 17.224, 14.956, 13.404, 11.934, 9.125, 9.902, 10.899, 9.234, 8.534, 9.589, 10.95, 13.09, 14.778, 15.266, 13.501, 9.655, 7.191, 6.621, 5.733, 4.464, 4.608, 5.334, 5.996, 7.331, 7.647, 6.068, 5.462, 5.279, 6.132, 7.247, 6.344, 5.159, 5.851, 6.96, 6.784, 7.351, 8.903, 9.722, 6.987, 4.473, 6.467, 9.567, 10.802, 9.105, 8.305, 8.938, 8.757, 8.442, 11.027, 13.402, 15.244, 17.152, 17.963, 17.495, 18.21, 17.43, 15.647, 15.353, 15.149, 14.347, 14.683, 16.674, 17.38, 18.046, 19.173, 16.858, 15.057, 14.764, 14.961, 15.459, 14.483, 11.725, 8.48, 6.466, 6.275, 7.103, 7.157, 6.87, 6.867, 9.149, 10.617, 9.816, 10.704, 12.157, 12.657, 12.771, 13.518, 13.195, 12.922, 13.081, 13.2, 15.125, 16.751, 17.634, 18.42, 18.506, 19.129, 20.773, 21.395, 19.707, 18.794, 18.855, 16.778, 13.588, 13.118, 13.327, 14.984, 16.209, 16.969, 17.386, 16.876, 15.43, 14.103, 14.126, 15.172, 16.072, 16.075, 14.782, 11.398, 9.866, 9.32, 9.173, 10.596, 15.026, 19.801, 22.584, 24.503, 24.769], [9.895, 8.609, 8.369, 7.719, 7.274, 6.819, 6.545, 8.667, 9.471, 8.585, 8.664, 9.537, 10.716, 12.209, 12.676, 13.179, 13.53, 14.829, 16.094, 14.227, 11.085, 11.454, 13.686, 14.331, 8.445, 2.308, 0.0, 0.904, 1.088, 1.928, 3.461, 4.457, 4.438, 4.084, 3.957, 4.475, 4.812, 4.953, 5.089, 5.032, 5.158, 5.692, 4.898, 4.745, 6.639, 11.064, 12.616, 10.385, 11.073, 13.418, 16.511, 19.031, 19.935, 21.661, 25.194, 26.818, 25.919, 26.159, 26.23, 24.717, 24.335, 23.642, 22.112, 21.419, 23.414, 24.744, 23.869, 22.596, 21.536, 21.686, 21.846, 21.737, 21.509, 20.372, 20.143, 22.808, 23.413, 21.958, 19.465, 17.202, 15.635, 14.18, 11.343, 12.148, 13.146, 11.478, 10.668, 11.75, 13.196, 15.324, 16.877, 17.307, 15.767, 11.914, 9.414, 8.851, 7.946, 6.671, 6.835, 7.575, 8.239, 9.563, 9.889, 8.294, 7.685, 7.512, 8.356, 9.511, 8.579, 7.402, 8.101, 9.22, 8.982, 9.579, 11.146, 11.962, 9.231, 6.717, 8.708, 11.827, 13.038, 11.345, 10.55, 11.198, 11.029, 10.682, 13.251, 15.646, 17.463, 19.405, 20.205, 19.74, 20.451, 19.671, 17.887, 17.596, 17.388, 16.6, 16.897, 18.934, 19.59, 20.3, 21.419, 19.101, 17.283, 17.004, 17.217, 17.699, 16.742, 13.973, 10.728, 8.733, 8.515, 9.347, 9.384, 9.089, 9.113, 11.395, 12.854, 12.06, 12.949, 14.403, 14.905, 15.013, 15.772, 15.438, 15.16, 15.323, 15.435, 17.363, 19.002, 19.878, 20.666, 20.752, 21.374, 23.038, 23.64, 21.953, 21.047, 21.123, 19.006, 15.814, 15.359, 15.521, 17.245, 18.457, 19.21, 19.628, 19.116, 17.688, 16.347, 16.366, 17.415, 18.318, 18.32, 17.026, 13.642, 12.106, 11.561, 11.423, 12.841, 17.265, 22.046, 24.833, 26.745, 27.013], [10.257, 8.973, 8.733, 8.083, 7.63, 7.057, 6