[[0.0, 1.983, 6.484, 6.489, 5.128, 6.252, 9.325, 10.41, 10.58, 14.048, 13.525, 13.231, 11.395, 10.362, 10.724, 10.16, 8.833, 8.046, 7.237, 8.007, 8.239, 9.482, 11.558, 12.054, 15.314, 17.744, 14.846, 14.862, 14.596, 15.038, 16.673, 17.023, 16.062, 16.133, 13.671, 11.548, 9.838, 7.88, 7.797, 9.313, 9.25, 9.04, 11.045, 12.48, 9.602, 10.045, 9.346, 8.304, 9.687, 10.046, 8.266, 7.392, 9.159], [1.983, 0.0, 5.593, 5.42, 3.999, 5.386, 8.375, 9.549, 9.636, 13.4, 12.761, 12.593, 10.741, 9.707, 10.0, 9.335, 7.903, 7.167, 6.284, 7.096, 7.34, 8.44, 10.295, 10.892, 14.463, 16.824, 13.881, 13.984, 13.473, 13.897, 15.776, 15.89, 15.184, 15.139, 12.811, 10.411, 8.628, 6.748, 6.984, 8.643, 8.588, 8.328, 10.157, 11.602, 8.481, 9.234, 8.006, 6.94, 8.599, 8.682, 6.853, 6.206, 8.098], [6.484, 5.593, 0.0, 1.676, 2.349, 1.792, 3.254, 4.211, 4.243, 7.937, 7.642, 7.27, 5.657, 4.802, 4.729, 3.938, 2.701, 2.971, 2.365, 2.507, 3.16, 4.051, 5.538, 5.79, 9.217, 11.362, 8.463, 8.478, 8.231, 8.759, 10.289, 10.649, 9.62, 9.864, 7.361, 5.549, 3.878, 1.98, 2.046, 3.359, 3.368, 3.094, 4.915, 6.104, 3.631, 4.181, 3.626, 3.228, 3.924, 5.149, 3.724, 3.188, 3.197], [6.489, 5.42, 1.676, 0.0, 2.244, 1.669, 3.337, 4.557, 4.559, 8.278, 8.341, 7.788, 6.19, 5.396, 5.287, 4.457, 3.256, 3.514, 2.852, 3.046, 3.326, 4.078, 5.656, 5.895, 9.634, 11.585, 8.682, 8.829, 8.194, 8.708, 10.486, 10.692, 10.037, 10.057, 7.645, 5.689, 4.064, 2.571, 2.452, 3.887, 3.862, 3.706, 5.374, 6.431, 3.642, 4.441, 3.395, 2.584, 3.487, 4.522, 2.888, 2.322, 2.899], [5.128, 3.999, 2.349, 2.244, 0.0, 1.928, 4.776, 6.026, 6.045, 9.795, 9.557, 9.1, 7.346, 6.482, 6.495, 5.715, 4.436, 4.645, 3.953, 4.348, 4.812, 5.61, 6.986, 7.295, 11.07, 13.186, 10.255, 10.331, 9.825, 10.239, 12.112, 12.211, 11.53, 11.532, 9.188, 7.004, 5.328, 3.535, 3.791, 5.22, 5.166, 4.947, 6.735, 7.95, 5.031, 5.842, 4.79, 4.065, 5.249, 6.205, 4.629, 3.931, 4.608], [6.252, 5.386, 1.792, 1.669, 1.928, 0.0, 3.367, 4.365, 4.465, 8.202, 7.851, 7.485, 5.816, 5.011, 5.004, 4.218, 3.246, 3.762, 3.219, 3.202, 3.55, 4.437, 5.899, 6.125, 9.408, 11.668, 8.778, 8.774, 8.518, 8.959, 10.579, 10.853, 9.969, 10.135, 7.726, 5.705, 4.025, 2.448, 2.481, 3.612, 3.547, 3.336, 5.111, 6.396, 3.963, 4.586, 3.989, 3.397, 4.379, 5.534, 3.866, 3.024, 3.579], [9.325, 8.375, 3.254, 3.337, 4.776, 3.367, 0.0, 2.179, 2.051, 5.331, 6.117, 5.489, 4.594, 3.936, 3.462, 2.681, 3.342, 4.085, 3.646, 3.342, 3.528, 3.871, 4.713, 4.536, 7.358, 8.786, 5.995, 5.928, 5.85, 6.803, 7.609, 7.794, 7.521, 6.972, 5.071, 3.619, 3.388, 2.888, 2.714, 2.756, 2.582, 2.106, 3.122, 3.827, 2.847, 3.608, 3.285, 3.145, 3.237, 4.443, 3.004, 3.043, 2.695], [10.41, 9.549, 4.211, 4.557, 6.026, 4.365, 2.179, 0.0, 1.133, 4.196, 5.058, 4.521, 3.791, 3.344, 2.919, 1.956, 2.26, 3.509, 3.743, 2.846, 2.639, 2.628, 3.31, 3.245, 6.061, 7.841, 5.059, 4.689, 4.82, 5.602, 6.525, 6.863, 6.069, 6.18, 3.983, 2.44, 2.219, 2.979, 2.768, 1.802, 1.892, 2.356, 1.838, 2.602, 2.133, 2.152, 2.581, 3.437, 2.541, 3.81, 3.642, 3.786, 2.313], [10.58, 9.636, 4.243, 4.559, 6.045, 4.465, 2.051, 1.133, 0.0, 4.01, 5.145, 4.272, 3.804, 3.523, 2.895, 1.922, 2.108, 3.292, 3.713, 3.084, 3.015, 2.597, 3.26, 3.1, 5.954, 7.545, 4.759, 4.525, 4.566, 5.405, 6.297, 6.646, 5.996, 5.934, 3.846, 2.321, 2.384, 3.219, 3.0, 2.027, 2.287, 2.545, 2.1, 2.468, 2.301, 2.144, 2.56, 3.665, 2.676, 3.484, 3.646, 3.901, 2.444], [14.048, 13.4, 7.937, 8.278, 9.795, 8.202, 5.331, 4.196, 4.01, 0.0, 2.596, 1.934, 3.004, 4.0, 3.59, 4.156, 5.585, 6.411, 7.299, 6.461, 6.291, 5.294, 4.419, 4.193, 5.236, 6.114, 3.715, 3.442, 4.244, 5.201, 4.571, 5.085, 5.494, 4.781, 2.969, 3.402, 5.054, 6.81, 6.562, 4.888, 5.107, 5.261, 3.585, 3.06, 5.607, 4.711, 5.984, 7.129, 5.961, 6.378, 7.353, 7.548, 5.846], [13.525, 12.761, 7.642, 8.341, 9.557, 7.851, 6.117, 5.058, 5.145, 2.596, 0.0, 1.939, 2.57, 3.343, 3.347, 4.094, 5.529, 6.333, 6.971, 6.249, 6.008, 6.372, 6.196, 6.188, 7.317, 8.28, 5.88, 5.6, 6.392, 7.366, 6.756, 7.277, 7.634, 6.954, 5.12, 4.811, 5.109, 6.407, 6.094, 4.817, 4.921, 4.897, 3.6, 4.645, 6.798, 6.044, 6.841, 7.965, 7.392, 8.233, 8.372, 8.193, 7.024], [13.231, 12.593, 7.27, 7.788, 9.1, 7.485, 5.489, 4.521, 4.272, 1.934, 1.939, 0.0, 2.017, 3.227, 3.02, 3.612, 4.914, 5.629, 6.487, 5.759, 5.659, 5.449, 5.144, 5.286, 6.531, 7.2, 4.975, 4.743, 5.685, 6.584, 5.922, 6.352, 6.9, 6.191, 4.286, 4.267, 4.649, 6.142, 5.834, 4.323, 4.519, 4.557, 3.202, 3.895, 6.085, 5.147, 6.108, 7.259, 6.627, 7.265, 7.693, 7.587, 6.291], [11.395, 10.741, 5.657, 6.19, 7.346, 5.816, 4.594, 3.791, 3.804, 3.004, 2.57, 2.017, 0.0, 1.714, 2.057, 2.397, 3.612, 4.571, 5.057, 4.476, 4.746, 5.147, 5.539, 5.711, 7.402, 8.323, 5.94, 5.665, 6.438, 7.449, 6.825, 7.361, 7.711, 6.993, 5.147, 4.355, 3.875, 4.47, 4.6, 3.402, 3.697, 3.212, 2.465, 3.796, 5.386, 4.741, 5.406, 6.422, 5.905, 6.955, 6.943, 6.829, 5.574], [10.362, 9.707, 4.802, 5.396, 6.482, 5.011, 3.936, 3.344, 3.523, 4.0, 3.343, 3.227, 1.714, 0.0, 1.706, 1.945, 3.242, 4.291, 4.428, 3.832, 4.272, 5.055, 5.816, 6.039, 8.089, 9.385, 6.75, 6.345, 6.948, 7.995, 7.614, 8.114, 8.084, 7.572, 5.724, 4.761, 3.857, 3.813, 3.788, 3.061, 3.074, 2.519, 2.424, 4.076, 5.036, 4.666, 5.141, 5.916, 5.504, 6.778, 6.481, 6.285, 5.142], [10.724, 10.0, 4.729, 5.287, 6.495, 5.004, 3.462, 2.919, 2.895, 3.59, 3.347, 3.02, 2.057, 1.706, 0.0, 1.326, 2.957, 3.889, 4.3, 3.587, 3.886, 4.088, 4.519, 4.59, 7.162, 8.41, 5.806, 5.403, 5.906, 6.809, 6.66, 7.192, 6.909, 6.627, 4.727, 3.481, 2.939, 3.685, 3.608, 2.53, 2.757, 2.346, 1.936, 2.978, 4.285, 3.786, 4.34, 5.297, 4.763, 5.803, 5.768, 5.655, 4.453], [10.16, 9.335, 3.938, 4.457, 5.715, 4.218, 2.681, 1.956, 1.922, 4.156, 4.094, 3.612, 2.397, 1.945, 1.326, 0.0, 1.953, 3.178, 3.457, 2.683, 2.956, 3.352, 4.227, 4.326, 7.028, 8.481, 5.767, 5.328, 5.711, 6.617, 6.848, 7.28, 6.811, 6.665, 4.692, 3.225, 2.325, 2.883, 2.836, 1.952, 2.076, 1.791, 1.54, 2.998, 3.407, 3.084, 3.459, 4.358, 3.905, 4.998, 4.879, 4.716, 3.537], [8.833, 7.903, 2.701, 3.256, 4.436, 3.246, 3.342, 2.26, 2.108, 5.585, 5.529, 4.914, 3.612, 3.242, 2.957, 1.953, 0.0, 1.829, 2.042, 1.573, 2.038, 2.306, 3.496, 3.767, 7.183, 9.247, 6.401, 6.245, 6.137, 6.715, 8.067, 8.421, 7.339, 7.68, 5.289, 3.466, 2.048, 1.967, 1.937, 1.764, 2.167, 2.596, 2.718, 3.877, 2.379, 2.262, 2.375, 3.207, 2.706, 3.915, 3.704, 3.61, 2.494], [8.046, 7.167, 2.971, 3.514, 4.645, 3.762, 4.085, 3.509, 3.292, 6.411, 6.333, 5.629, 4.571, 4.291, 3.889, 3.178, 1.829, 0.0, 1.159, 1.393, 1.776, 2.009, 4.154, 4.635, 7.818, 10.265, 7.346, 7.343, 7.113, 7.578, 9.135, 9.567, 8.473, 8.694, 6.134, 4.287, 2.87, 2.346, 2.22, 2.373, 3.032, 3.254, 3.92, 5.049, 2.785, 2.676, 2.294, 2.885, 3.167, 3.282, 3.24, 3.245, 2.969], [7.237, 6.284, 2.365, 2.852, 3.953, 3.219, 3.646, 3.743, 3.713, 7.299, 6.971, 6.487, 5.057, 4.428, 4.3, 3.457, 2.042, 1.159, 0.0, 1.396, 1.9, 2.55, 4.733, 5.197, 8.526, 10.886, 8.008, 7.996, 7.704, 8.16, 9.842, 10.14, 9.143, 9.27, 6.842, 4.824, 3.242, 2.164, 2.166, 2.734, 3.283, 3.125, 4.297, 5.615, 2.802, 3.28, 2.482, 2.436, 3.1, 3.549, 2.704, 2.656, 2.822], [8.007, 7.096, 2.507, 3.046, 4.348, 3.202, 3.342, 2.846, 3.084, 6.461, 6.249, 5.759, 4.476, 3.832, 3.587, 2.683, 1.573, 1.393, 1.396, 0.0, 1.251, 2.148, 4.083, 4.49, 7.648, 10.086, 7.205, 7.164, 6.958, 7.435, 8.969, 9.412, 8.284, 8.568, 5.95, 4.156, 2.536, 1.757, 1.707, 2.084, 2.352, 2.683, 3.442, 4.786, 2.427, 2.615, 2.374, 2.785, 2.841, 3.649, 3.103, 2.982, 2.675], [8.239, 7.34, 3.16, 3.326, 4.812, 3.55, 3.528, 2.639, 3.015, 6.291, 6.008, 5.659, 4.746, 4.272, 3.886, 2.956, 2.038, 1.776, 1.9, 1.251, 0.0, 1.821, 3.92, 4.347, 7.472, 9.936, 7.07, 7.021, 6.82, 7.311, 8.848, 9.276, 8.151, 8.442, 5.862, 3.929, 2.57, 2.324, 1.683, 2.091, 2.156, 3.058, 3.104, 4.65, 2.328, 2.33, 2.19, 2.47, 2.464, 3.2, 2.626, 2.462, 2.271], [9.482, 8.44, 4.051, 4.078, 5.61, 4.437, 3.871, 2.628, 2.597, 5.294, 6.372, 5.449, 5.147, 5.055, 4.088, 3.352, 2.306, 2.009, 2.55, 2.148, 1.821, 0.0, 2.426, 2.802, 6.172, 8.475, 5.594, 5.59, 5.283, 5.768, 7.469, 7.748, 6.801, 6.915, 4.469, 2.891, 2.679, 3.061, 2.884, 2.812, 3.205, 4.125, 3.422, 3.45, 1.782, 1.316, 1.66, 2.303, 2.067, 2.057, 2.863, 2.926, 2.277], [11.558, 10.295, 5.538, 5.656, 6.986, 5.899, 4.713, 3.31, 3.26, 4.419, 6.196, 5.144, 5.539, 5.816, 4.519, 4.227, 3.496, 4.154, 4.733, 4.083, 3.92, 2.426, 0.0, 0.877, 4.398, 6.601, 3.667, 3.794, 3.272, 3.747, 5.567, 5.678, 4.947, 4.908, 2.827, 1.993, 2.784, 4.107, 4.467, 4.001, 4.325, 5.287, 3.74, 2.533, 2.606, 2.101, 2.894, 3.774, 2.841, 2.565, 4.248, 4.746, 3.376], [12.054, 10.892, 5.79, 5.895, 7.295, 6.125, 4.536, 3.245, 3.1, 4.193, 6.188, 5.286, 5.711, 6.039, 4.59, 4.326, 3.767, 4.635, 5.197, 4.49, 4.347, 2.802, 0.877, 0.0, 3.984, 5.996, 3.067, 3.277, 2.672, 3.131, 4.963, 5.077, 4.45, 4.369, 2.371, 1.928, 3.001, 4.35, 4.829, 4.164, 4.515, 5.444, 3.932, 2.298, 2.726, 2.35, 3.213, 4.165, 2.907, 2.688, 4.361, 5.011, 3.411], [15.314, 14.463, 9.217, 9.634, 11.07, 9.408, 7.358, 6.061, 5.954, 5.236, 7.317, 6.531, 7.402, 8.089, 7.162, 7.028, 7.183, 7.818, 8.526, 7.648, 7.472, 6.172, 4.398, 3.984, 0.0, 2.561, 2.198, 2.187, 2.186, 1.826, 1.995, 2.409, 2.082, 2.08, 2.738, 4.558, 6.151, 7.828, 8.052, 7.131, 7.316, 8.021, 6.286, 4.56, 6.288, 5.539, 6.953, 7.885, 6.5, 6.163, 7.947, 8.565, 7.099], [17.744, 16.824, 11.362, 11.585, 13.186, 11.668, 8.786, 7.841, 7.545, 6.114, 8.28, 7.2, 8.323, 9.385, 8.41, 8.481, 9.247, 10.265, 10.886, 10.086, 9.936, 8.475, 6.601, 5.996, 2.561, 0.0, 3.06, 3.321, 3.499, 3.209, 2.008, 2.127, 2.918, 2.487, 4.221, 6.503, 8.322, 10.119, 10.269, 9.265, 9.419, 9.674, 7.707, 5.66, 8.421, 7.787, 9.085, 10.06, 8.383, 8.302, 10.099, 10.711, 8.97], [14.846, 13.881, 8.463, 8.682, 10.255, 8.778, 5.995, 5.059, 4.759, 3.715, 5.88, 4.975, 5.94, 6.75, 5.806, 5.767, 6.401, 7.346, 8.008, 7.205, 7.07, 5.594, 3.667, 3.067, 2.198, 3.06, 0.0, 1.214, 1.311, 2.101, 2.2, 2.346, 3.306, 2.228, 1.415, 3.565, 5.411, 7.188, 7.435, 6.419, 6.575, 6.938, 4.935, 3.029, 5.513, 4.938, 6.177, 7.158, 5.526, 5.416, 7.216, 7.844, 6.115], [14.862, 13.984, 8.478, 8.829, 10.331, 8.774, 5.928, 4.689, 4.525, 3.442, 5.6, 4.743, 5.665, 6.345, 5.403, 5.328, 6.245, 7.343, 7.996, 7.164, 7.021, 5.59, 3.794, 3.277, 2.187, 3.321, 1.214, 0.0, 1.427, 1.978, 1.978, 2.362, 3.085, 2.209, 1.495, 3.668, 5.483, 7.278, 7.279, 6.061, 6.285, 6.494, 4.551, 2.78, 5.607, 4.892, 6.33, 7.308, 5.683, 5.687, 7.437, 7.958, 6.099], [14.596, 13.473, 8.231, 8.194, 9.825, 8.518, 5.85, 4.82, 4.566, 4.244, 6.392, 5.685, 6.438, 6.948, 5.906, 5.711, 6.137, 7.113, 7.704, 6.958, 6.82, 5.283, 3.272, 2.672, 2.186, 3.499, 1.311, 1.427, 0.0, 1.31, 2.406, 2.594, 3.078, 2.348, 1.662, 3.181, 4.942, 6.807, 7.21, 6.22, 6.373, 6.89, 5.041, 3.094, 5.047, 4.694, 5.645, 6.655, 5.14, 4.94, 6.734, 7.368, 5.647], [15.038, 13.897, 8.759, 8.708, 10.239, 8.959, 6.803, 5.602, 5.405, 5.201, 7.366, 6.584, 7.449, 7.995, 6.809, 6.617, 6.715, 7.578, 8.16, 7.435, 7.311, 5.768, 3.747, 3.131, 1.826, 3.209, 2.101, 1.978, 1.31, 0.0, 2.229, 2.37, 2.921, 2.361, 2.405, 3.813, 5.431, 7.241, 7.784, 6.858, 7.013, 7.796, 6.016, 4.106, 5.499, 5.281, 5.96, 7.027, 5.581, 5.356, 7.155, 7.863, 6.193], [16.673, 15.776, 10.289, 10.486, 12.112, 10.579, 7.609, 6.525, 6.297, 4.571, 6.756, 5.922, 6.825, 7.614, 6.66, 6.848, 8.067, 9.135, 9.842, 8.969, 8.848, 7.469, 5.567, 4.963, 1.995, 2.008, 2.2, 1.978, 2.406, 2.229, 0.0, 1.315, 2.287, 1.355, 3.044, 5.423, 7.241, 9.091, 9.095, 7.761, 7.992, 8.061, 6.188, 4.299, 7.325, 6.677, 7.994, 8.983, 7.193, 7.23, 9.015, 9.618, 7.737], [17.023, 15.89, 10.649, 10.692, 12.211, 10.853, 7.794, 6.863, 6.646, 5.085, 7.277, 6.352, 7.361, 8.114, 7.192, 7.28, 8.421, 9.567, 10.14, 9.412, 9.276, 7.748, 5.678, 5.077, 2.409, 2.127, 2.346, 2.362, 2.594, 2.37, 1.315, 0.0, 2.322, 1.398, 3.542, 5.555, 7.352, 9.221, 9.565, 8.314, 8.572, 8.59, 6.561, 4.829, 7.5, 7.124, 8.146, 9.157, 7.434, 7.394, 9.195, 9.895, 8.017], [16.062, 15.184, 9.62, 10.037, 11.53, 9.969, 7.521, 6.069, 5.996, 5.494, 7.634, 6.9, 7.711, 8.084, 6.909, 6.811, 7.339, 8.473, 9.143, 8.284, 8.151, 6.801, 4.947, 4.45, 2.082, 2.918, 3.306, 3.085, 3.078, 2.921, 2.287, 2.322, 0.0, 1.831, 3.576, 5.054, 6.679, 8.473, 8.413, 7.171, 7.439, 7.988, 6.333, 4.64, 6.83, 6.07, 7.535, 8.517, 6.741, 6.743, 8.548, 9.173, 7.277], [16.133, 15.139, 9.864, 10.057, 11.532, 10.135, 6.972, 6.18, 5.934, 4.781, 6.954, 6.191, 6.993, 7.572, 6.627, 6.665, 7.68, 8.694, 9.27, 8.568, 8.442, 6.915, 4.908, 4.369, 2.08, 2.487, 2.228, 2.209, 2.348, 2.361, 1.355, 1.398, 1.831, 0.0, 2.865, 4.834, 6.657, 8.434, 8.788, 7.629, 7.837, 7.882, 5.807, 4.086, 6.818, 6.3, 7.452, 8.439, 6.729, 6.691, 8.487, 9.172, 7.363], [13.671, 12.811, 7.361, 7.645, 9.188, 7.726, 5.071, 3.983, 3.846, 2.969, 5.12, 4.286, 5.147, 5.724, 4.727, 4.692, 5.289, 6.134, 6.842, 5.95, 5.862, 4.469, 2.827, 2.371, 2.738, 4.221, 1.415, 1.495, 1.662, 2.405, 3.044, 3.542, 3.576, 2.865, 0.0, 2.5, 4.338, 6.154, 6.231, 5.204, 5.364, 5.819, 3.941, 2.053, 4.411, 3.701, 5.111, 6.09, 4.541, 4.624, 6.18, 6.726, 5.034], [11.548, 10.411, 5.549, 5.689, 7.004, 5.705, 3.619, 2.44, 2.321, 3.402, 4.811, 4.267, 4.355, 4.761, 3.481, 3.225, 3.466, 4.287, 4.824, 4.156, 3.929, 2.891, 1.993, 1.928, 4.558, 6.503, 3.565, 3.668, 3.181, 3.813, 5.423, 5.555, 5.054, 4.834, 2.5, 0.0, 2.024, 3.798, 4.359, 3.453, 3.551, 4.173, 2.516, 1.947, 2.635, 2.37, 3.023, 4.154, 3.321, 3.601, 4.351, 4.718, 3.313], [9.838, 8.628, 3.878, 4.064, 5.328, 4.025, 3.388, 2.219, 2.384, 5.054, 5.109, 4.649, 3.875, 3.857, 2.939, 2.325, 2.048, 2.87, 3.242, 2.536, 2.57, 2.679, 2.784, 3.001, 6.151, 8.322, 5.411, 5.483, 4.942, 5.431, 7.241, 7.352, 6.679, 6.657, 4.338, 2.024, 0.0, 2.04, 2.85, 2.338, 2.42, 2.985, 2.33, 3.152, 2.401, 2.526, 2.417, 3.521, 3.185, 3.894, 3.917, 3.935, 3.004], [7.88, 6.748, 1.98, 2.571, 3.535, 2.448, 2.888, 2.979, 3.219, 6.81, 6.407, 6.142, 4.47, 3.813, 3.685, 2.883, 1.967, 2.346, 2.164, 1.757, 2.324, 3.061, 4.107, 4.35, 7.828, 10.119, 7.188, 7.278, 6.807, 7.241, 9.091, 9.221, 8.473, 8.434, 6.154, 3.798, 2.04, 0.0, 1.605, 2.273, 2.168, 2.195, 3.534, 4.901, 2.427, 3.054, 2.521, 3.119, 3.144, 4.18, 3.555, 3.275, 2.738], [7.797, 6.984, 2.046, 2.452, 3.791, 2.481, 2.714, 2.768, 3.0, 6.562, 6.094, 5.834, 4.6, 3.788, 3.608, 2.836, 1.937, 2.22, 2.166, 1.707, 1.683, 2.884, 4.467, 4.829, 8.052, 10.269, 7.435, 7.279, 7.21, 7.784, 9.095, 9.565, 8.413, 8.788, 6.231, 4.359, 2.85, 1.605, 0.0, 1.886, 1.714, 1.961, 3.316, 4.913, 2.729, 2.826, 2.715, 2.668, 2.8, 4.133, 3.189, 2.789, 2.246], [9.313, 8.643, 3.359, 3.887, 5.22, 3.612, 2.756, 1.802, 2.027, 4.888, 4.817, 4.323, 3.402, 3.061, 2.53, 1.952, 1.764, 2.373, 2.734, 2.084, 2.091, 2.812, 4.001, 4.164, 7.131, 9.265, 6.419, 6.061, 6.22, 6.858, 7.761, 8.314, 7.171, 7.629, 5.204, 3.453, 2.338, 2.273, 1.886, 0.0, 1.175, 1.542, 2.334, 3.724, 2.497, 2.417, 2.611, 3.56, 3.026, 4.239, 3.894, 3.752, 2.58], [9.25, 8.588, 3.368, 3.862, 5.166, 3.547, 2.582, 1.892, 2.287, 5.107, 4.921, 4.519, 3.697, 3.074, 2.757, 2.076, 2.167, 3.032, 3.283, 2.352, 2.156, 3.205, 4.325, 4.515, 7.316, 9.419, 6.575, 6.285, 6.373, 7.013, 7.992, 8.572, 7.439, 7.837, 5.364, 3.551, 2.42, 2.168, 1.714, 1.175, 0.0, 1.411, 2.259, 3.892, 2.899, 2.782, 3.212, 3.718, 3.336, 4.866, 4.178, 3.82, 2.828], [9.04, 8.328, 3.094, 3.706, 4.947, 3.336, 2.106, 2.356, 2.545, 5.261, 4.897, 4.557, 3.212, 2.519, 2.346, 1.791, 2.596, 3.254, 3.125, 2.683, 3.058, 4.125, 5.287, 5.444, 8.021, 9.674, 6.938, 6.494, 6.89, 7.796, 8.061, 8.59, 7.988, 7.882, 5.819, 4.173, 2.985, 2.195, 1.961, 1.542, 1.411, 0.0, 2.345, 4.138, 3.491, 3.708, 3.793, 4.125, 4.084, 5.456, 4.593, 4.216, 3.381], [11.045, 10.157, 4.915, 5.374, 6.735, 5.111, 3.122, 1.838, 2.1, 3.585, 3.6, 3.202, 2.465, 2.424, 1.936, 1.54, 2.718, 3.92, 4.297, 3.442, 3.104, 3.422, 3.74, 3.932, 6.286, 7.707, 4.935, 4.551, 5.041, 6.016, 6.188, 6.561, 6.333, 5.807, 3.941, 2.516, 2.33, 3.534, 3.316, 2.334, 2.259, 2.345, 0.0, 2.295, 3.483, 2.987, 3.594, 4.663, 4.07, 5.102, 5.106, 4.909, 3.749], [12.48, 11.602, 6.104, 6.431, 7.95, 6.396, 3.827, 2.602, 2.468, 3.06, 4.645, 3.895, 3.796, 4.076, 2.978, 2.998, 3.877, 5.049, 5.615, 4.786, 4.65, 3.45, 2.533, 2.298, 4.56, 5.66, 3.029, 2.78, 3.094, 4.106, 4.299, 4.829, 4.64, 4.086, 2.053, 1.947, 3.152, 4.901, 4.913, 3.724, 3.892, 4.138, 2.295, 0.0, 3.211, 2.64, 3.954, 4.899, 3.32, 3.926, 5.127, 5.525, 3.706], [9.602, 8.481, 3.631, 3.642, 5.031, 3.963, 2.847, 2.133, 2.301, 5.607, 6.798, 6.085, 5.386, 5.036, 4.285, 3.407, 2.379, 2.785, 2.802, 2.427, 2.328, 1.782, 2.606, 2.726, 6.288, 8.421, 5.513, 5.607, 5.047, 5.499, 7.325, 7.5, 6.83, 6.818, 4.411, 2.635, 2.401, 2.427, 2.729, 2.497, 2.899, 3.491, 3.483, 3.211, 0.0, 1.558, 1.179, 1.763, 1.291, 2.184, 2.192, 2.54, 1.337], [10.045, 9.234, 4.181, 4.441, 5.842, 4.586, 3.608, 2.152, 2.144, 4.711, 6.044, 5.147, 4.741, 4.666, 3.786, 3.084, 2.262, 2.676, 3.28, 2.615, 2.33, 1.316, 2.101, 2.35, 5.539, 7.787, 4.938, 4.892, 4.694, 5.281, 6.677, 7.124, 6.07, 6.3, 3.701, 2.37, 2.526, 3.054, 2.826, 2.417, 2.782, 3.708, 2.987, 2.64, 1.558, 0.0, 1.879, 2.757, 1.87, 2.286, 3.325, 3.524, 2.012], [9.346, 8.006, 3.626, 3.395, 4.79, 3.989, 3.285, 2.581, 2.56, 5.984, 6.841, 6.108, 5.406, 5.141, 4.34, 3.459, 2.375, 2.294, 2.482, 2.374, 2.19, 1.66, 2.894, 3.213, 6.953, 9.085, 6.177, 6.33, 5.645, 5.96, 7.994, 8.146, 7.535, 7.452, 5.111, 3.023, 2.417, 2.521, 2.715, 2.611, 3.212, 3.793, 3.594, 3.954, 1.179, 1.879, 0.0, 1.513, 1.739, 2.01, 2.111, 2.433, 1.549], [8.304, 6.94, 3.228, 2.584, 4.065, 3.397, 3.145, 3.437, 3.665, 7.129, 7.965, 7.259, 6.422, 5.916, 5.297, 4.358, 3.207, 2.885, 2.436, 2.785, 2.47, 2.303, 3.774, 4.165, 7.885, 10.06, 7.158, 7.308, 6.655, 7.027, 8.983, 9.157, 8.517, 8.439, 6.09, 4.154, 3.521, 3.119, 2.668, 3.56, 3.718, 4.125, 4.663, 4.899, 1.763, 2.757, 1.513, 0.0, 1.87, 2.419, 1.275, 1.48, 1.593], [9.687, 8.599, 3.924, 3.487, 5.249, 4.379, 3.237, 2.541, 2.676, 5.961, 7.392, 6.627, 5.905, 5.504, 4.763, 3.905, 2.706, 3.167, 3.1, 2.841, 2.464, 2.067, 2.841, 2.907, 6.5, 8.383, 5.526, 5.683, 5.14, 5.581, 7.193, 7.434, 6.741, 6.729, 4.541, 3.321, 3.185, 3.144, 2.8, 3.026, 3.336, 4.084, 4.07, 3.32, 1.291, 1.87, 1.739, 1.87, 0.0, 1.902, 2.032, 2.611, 1.152], [10.046, 8.682, 5.149, 4.522, 6.205, 5.534, 4.443, 3.81, 3.484, 6.378, 8.233, 7.265, 6.955, 6.778, 5.803, 4.998, 3.915, 3.282, 3.549, 3.649, 3.2, 2.057, 2.565, 2.688, 6.163, 8.302, 5.416, 5.687, 4.94, 5.356, 7.23, 7.394, 6.743, 6.691, 4.624, 3.601, 3.894, 4.18, 4.133, 4.239, 4.866, 5.456, 5.102, 3.926, 2.184, 2.286, 2.01, 2.419, 1.902, 0.0, 2.212, 3.061, 2.4], [8.266, 6.853, 3.724, 2.888, 4.629, 3.866, 3.004, 3.642, 3.646, 7.353, 8.372, 7.693, 6.943, 6.481, 5.768, 4.879, 3.704, 3.24, 2.704, 3.103, 2.626, 2.863, 4.248, 4.361, 7.947, 10.099, 7.216, 7.437, 6.734, 7.155, 9.015, 9.195, 8.548, 8.487, 6.18, 4.351, 3.917, 3.555, 3.189, 3.894, 4.178, 4.593, 5.106, 5.127, 2.192, 3.325, 2.111, 1.275, 2.032, 2.212, 0.0, 1.366, 1.811], [7.392, 6.206, 3.188, 2.322, 3.931, 3.024, 3.043, 3.786, 3.901, 7.548, 8.193, 7.587, 6.829, 6.285, 5.655, 4.716, 3.61, 3.245, 2.656, 2.982, 2.462, 2.926, 4.746, 5.011, 8.565, 10.711, 7.844, 7.958, 7.368, 7.863, 9.618, 9.895, 9.173, 9.172, 6.726, 4.718, 3.935, 3.275, 2.789, 3.752, 3.82, 4.216, 4.909, 5.525, 2.54, 3.524, 2.433, 1.48, 2.611, 3.061, 1.366, 0.0, 2.054], [9.159, 8.098, 3.197, 2.899, 4.608, 3.579, 2.695, 2.313, 2.444, 5.846, 7.024, 6.291, 5.574, 5.142, 4.453, 3.537, 2.494, 2.969, 2.822, 2.675, 2.271, 2.277, 3.376, 3.411, 7.099, 8.97, 6.115, 6.099, 5.647, 6.193, 7.737, 8.017, 7.277, 7.363, 5.034, 3.313, 3.004, 2.738, 2.246, 2.58, 2.828, 3.381, 3.749, 3.706, 1.337, 2.012, 1.549, 1.593, 1.152, 2.4, 1.811, 2.054, 0.0]]