[[0.0, 4.803, 5.441, 4.187, 4.09, 3.985, 3.419, 4.082, 3.245, 3.778, 3.039, 2.833, 2.587, 2.559, 3.875, 3.858, 2.298, 3.587, 3.892, 4.351, 6.457, 6.039, 5.025, 6.409, 6.344, 5.295, 4.275, 4.39, 5.347, 4.693, 6.926, 6.815, 6.382, 7.167, 6.467, 4.567, 3.7, 2.511, 2.44, 2.727, 3.778, 3.015, 2.583, 2.034, 1.962, 2.757, 6.121, 5.56, 2.443, 2.981, 6.055, 5.817], [4.803, 0.0, 1.312, 2.066, 5.754, 6.432, 6.555, 6.979, 4.156, 7.456, 6.099, 2.684, 2.64, 2.981, 1.794, 2.131, 5.707, 7.355, 7.59, 8.157, 10.436, 9.937, 8.888, 10.349, 10.285, 9.472, 8.166, 8.353, 9.207, 8.524, 10.841, 10.66, 10.22, 11.015, 10.32, 8.304, 6.827, 4.802, 3.566, 6.367, 7.513, 6.504, 6.256, 5.526, 5.694, 3.769, 2.961, 1.672, 3.686, 6.283, 10.006, 9.762], [5.441, 1.312, 0.0, 2.5, 5.848, 6.57, 6.661, 7.067, 4.372, 7.627, 6.277, 3.121, 3.351, 3.438, 2.499, 2.966, 5.783, 7.416, 7.802, 8.278, 10.491, 10.09, 9.049, 10.488, 10.437, 9.51, 8.292, 8.453, 9.315, 8.733, 11.026, 10.749, 10.39, 11.117, 10.418, 8.441, 6.952, 5.075, 4.206, 6.713, 7.802, 6.73, 6.639, 6.429, 6.306, 4.514, 3.654, 2.318, 3.878, 6.43, 10.143, 9.883], [4.187, 2.066, 2.5, 0.0, 4.004, 4.675, 4.854, 5.036, 2.508, 5.595, 4.334, 2.192, 2.443, 2.615, 2.473, 2.292, 4.122, 5.594, 5.973, 6.413, 8.815, 8.217, 7.212, 8.643, 8.534, 7.868, 6.525, 6.738, 7.536, 6.931, 9.381, 8.833, 8.499, 9.267, 8.532, 6.476, 5.04, 3.321, 2.45, 4.9, 5.97, 5.047, 4.913, 4.893, 4.554, 2.822, 3.958, 3.454, 3.213, 4.869, 8.444, 8.213], [4.09, 5.754, 5.848, 4.004, 0.0, 1.752, 2.235, 2.034, 2.062, 2.742, 2.442, 3.859, 3.966, 3.711, 5.284, 4.862, 2.756, 2.668, 2.878, 3.731, 5.934, 5.239, 4.629, 5.361, 5.326, 4.789, 3.971, 3.925, 4.418, 3.916, 6.228, 5.541, 5.324, 5.919, 5.257, 3.384, 2.783, 2.935, 3.126, 3.269, 3.246, 3.663, 4.202, 4.353, 3.243, 3.274, 7.213, 6.93, 3.098, 2.898, 5.299, 5.207], [3.985, 6.432, 6.57, 4.675, 1.752, 0.0, 1.371, 1.402, 2.542, 1.645, 1.89, 4.191, 4.669, 4.45, 6.017, 5.803, 2.432, 2.038, 2.144, 2.717, 5.365, 4.834, 3.957, 4.609, 4.411, 4.492, 3.722, 3.066, 3.668, 3.446, 5.468, 4.667, 4.287, 4.968, 4.227, 2.302, 1.629, 2.452, 3.507, 2.434, 2.062, 2.741, 3.411, 4.415, 3.177, 4.091, 8.305, 7.764, 3.465, 2.235, 4.438, 4.276], [3.419, 6.555, 6.661, 4.854, 2.235, 1.371, 0.0, 1.47, 2.744, 1.769, 1.656, 4.331, 4.713, 4.517, 6.133, 5.832, 2.001, 2.207, 2.383, 3.014, 5.651, 5.068, 4.247, 4.984, 4.762, 4.763, 3.993, 3.21, 3.87, 3.64, 5.609, 4.633, 4.165, 4.881, 4.131, 2.301, 1.211, 2.387, 3.478, 1.92, 2.133, 2.326, 3.083, 3.8, 2.533, 4.098, 8.311, 7.882, 3.434, 2.158, 4.751, 4.625], [4.082, 6.979, 7.067, 5.036, 2.034, 1.402, 1.47, 0.0, 3.069, 1.618, 2.185, 4.526, 5.188, 4.928, 6.456, 6.055, 2.219, 2.213, 1.949, 2.566, 5.103, 4.443, 3.959, 4.638, 4.277, 4.1, 3.269, 2.84, 3.554, 2.971, 5.143, 4.344, 4.062, 4.628, 3.903, 1.993, 1.779, 2.838, 3.801, 2.678, 2.345, 3.098, 3.643, 4.177, 3.136, 4.363, 8.488, 8.197, 3.913, 2.413, 4.279, 4.298], [3.245, 4.156, 4.372, 2.508, 2.062, 2.542, 2.744, 3.069, 0.0, 3.622, 2.637, 2.444, 2.673, 2.389, 3.629, 3.321, 2.6, 3.631, 4.078, 4.642, 7.163, 6.572, 5.537, 6.554, 6.517, 6.054, 4.915, 4.717, 5.509, 5.077, 7.412, 6.868, 6.465, 7.255, 6.538, 4.503, 2.976, 1.955, 1.777, 2.876, 3.736, 3.151, 3.7, 3.839, 2.748, 2.124, 5.823, 5.33, 2.366, 3.176, 6.503, 6.276], [3.778, 7.456, 7.627, 5.595, 2.742, 1.645, 1.769, 1.618, 3.622, 0.0, 1.747, 5.137, 5.681, 5.527, 7.106, 6.773, 2.116, 1.312, 1.106, 1.467, 4.223, 3.592, 3.014, 3.587, 3.445, 3.41, 2.696, 1.996, 2.603, 2.317, 4.282, 3.485, 3.273, 3.927, 3.185, 1.199, 1.895, 3.246, 4.438, 1.787, 1.207, 2.25, 3.033, 3.616, 2.731, 5.1, 9.255, 8.86, 4.376, 2.321, 3.233, 3.034], [3.039, 6.099, 6.277, 4.334, 2.442, 1.89, 1.656, 2.185, 2.637, 1.747, 0.0, 3.687, 4.304, 4.168, 5.753, 5.436, 1.431, 1.541, 1.978, 2.418, 4.729, 4.115, 3.663, 4.765, 4.504, 3.982, 3.111, 2.859, 3.522, 3.244, 5.326, 4.718, 4.464, 5.16, 4.385, 2.451, 1.742, 2.121, 3.04, 1.686, 2.135, 1.804, 1.99, 3.284, 2.156, 3.745, 7.934, 7.503, 3.06, 1.307, 4.247, 4.04], [2.833, 2.684, 3.121, 2.192, 3.859, 4.191, 4.331, 4.526, 2.444, 5.137, 3.687, 0.0, 1.851, 1.826, 2.131, 1.977, 3.303, 4.967, 5.202, 5.767, 8.057, 7.567, 6.725, 8.187, 7.952, 7.066, 5.685, 5.95, 6.881, 6.093, 8.399, 8.243, 7.846, 8.606, 7.899, 5.933, 4.516, 2.531, 1.874, 4.236, 5.382, 4.155, 3.945, 3.79, 3.705, 2.093, 4.35, 3.881, 2.176, 3.884, 7.598, 7.358], [2.587, 2.64, 3.351, 2.443, 3.966, 4.669, 4.713, 5.188, 2.673, 5.681, 4.304, 1.851, 0.0, 0.986, 1.74, 1.757, 3.77, 5.354, 5.757, 6.285, 8.398, 8.058, 7.193, 8.572, 8.375, 7.428, 6.215, 6.448, 7.277, 6.716, 8.991, 8.706, 8.363, 9.171, 8.386, 6.508, 5.064, 3.253, 1.851, 4.58, 5.789, 4.585, 4.154, 3.743, 3.801, 2.15, 3.906, 3.439, 1.713, 4.308, 8.033, 7.792], [2.559, 2.981, 3.438, 2.615, 3.711, 4.45, 4.517, 4.928, 2.389, 5.527, 4.168, 1.826, 0.986, 0.0, 1.846, 1.898, 3.612, 5.252, 5.667, 6.18, 8.312, 7.957, 6.901, 8.322, 8.304, 7.284, 6.135, 6.208, 7.184, 6.472, 8.699, 8.635, 8.27, 9.0, 8.305, 6.309, 4.835, 3.218, 2.036, 4.393, 5.498, 4.454, 4.242, 3.745, 3.787, 2.161, 4.147, 3.554, 1.734, 4.188, 7.895, 7.654], [3.875, 1.794, 2.499, 2.473, 5.284, 6.017, 6.133, 6.456, 3.629, 7.106, 5.753, 2.131, 1.74, 1.846, 0.0, 1.254, 5.238, 6.931, 7.277, 7.797, 10.027, 9.604, 8.49, 9.924, 9.935, 9.023, 7.743, 7.883, 8.781, 8.022, 10.256, 10.27, 9.886, 10.614, 9.922, 7.906, 6.415, 4.371, 3.059, 5.956, 7.059, 6.079, 5.657, 4.917, 5.013, 3.057, 2.667, 1.909, 3.13, 5.839, 9.559, 9.319], [3.858, 2.131, 2.966, 2.292, 4.862, 5.803, 5.832, 6.055, 3.321, 6.773, 5.436, 1.977, 1.757, 1.898, 1.254, 0.0, 4.975, 6.728, 6.957, 7.533, 9.809, 9.2, 8.164, 9.746, 9.732, 8.865, 7.433, 7.718, 8.613, 7.771, 10.032, 10.005, 9.608, 10.411, 9.672, 7.614, 6.226, 4.232, 2.467, 5.697, 6.827, 5.934, 5.641, 4.138, 4.396, 2.231, 2.56, 2.503, 2.992, 5.689, 9.414, 9.174], [2.298, 5.707, 5.783, 4.122, 2.756, 2.432, 2.001, 2.219, 2.6, 2.116, 1.431, 3.303, 3.77, 3.612, 5.238, 4.975, 0.0, 1.865, 2.24, 2.685, 4.903, 4.418, 3.864, 5.095, 4.8, 3.951, 2.928, 3.03, 3.918, 3.265, 5.547, 5.062, 4.906, 5.514, 4.776, 2.895, 2.05, 2.32, 2.78, 1.796, 2.694, 2.019, 2.157, 2.799, 2.09, 3.464, 7.473, 6.979, 2.547, 1.547, 4.582, 4.355], [3.587, 7.355, 7.416, 5.594, 2.668, 2.038, 2.207, 2.213, 3.631, 1.312, 1.541, 4.967, 5.354, 5.252, 6.931, 6.728, 1.865, 0.0, 1.242, 1.678, 3.727, 3.334, 3.238, 3.781, 3.234, 2.939, 2.832, 2.312, 2.631, 2.525, 4.513, 3.575, 3.709, 4.06, 3.289, 1.86, 2.119, 3.071, 4.379, 1.921, 1.715, 2.068, 2.381, 3.735, 2.762, 4.997, 9.21, 8.669, 4.09, 1.74, 3.002, 2.823], [3.892, 7.59, 7.802, 5.973, 2.878, 2.144, 2.383, 1.949, 4.078, 1.106, 1.978, 5.202, 5.757, 5.667, 7.277, 6.957, 2.24, 1.242, 0.0, 1.354, 3.613, 3.221, 3.046, 3.659, 3.194, 2.812, 2.263, 1.984, 2.472, 2.112, 3.987, 3.257, 3.14, 3.644, 2.989, 1.531, 2.386, 3.667, 4.694, 2.336, 1.9, 2.498, 2.892, 3.895, 3.028, 5.218, 9.435, 8.965, 4.41, 2.03, 2.683, 2.559], [4.351, 8.157, 8.278, 6.413, 3.731, 2.717, 3.014, 2.566, 4.642, 1.467, 2.418, 5.767, 6.285, 6.18, 7.797, 7.533, 2.685, 1.678, 1.354, 0.0, 3.058, 2.762, 2.455, 2.988, 2.834, 2.545, 2.233, 1.793, 2.167, 1.903, 3.335, 2.566, 2.543, 3.042, 2.316, 1.18, 2.717, 4.185, 5.213, 2.562, 1.766, 2.511, 3.138, 4.186, 3.458, 5.853, 10.035, 9.552, 4.992, 2.633, 2.173, 2.236], [6.457, 10.436, 10.491, 8.815, 5.934, 5.365, 5.651, 5.103, 7.163, 4.223, 4.729, 8.057, 8.398, 8.312, 10.027, 9.809, 4.903, 3.727, 3.613, 3.058, 0.0, 1.349, 2.106, 1.78, 2.025, 2.083, 2.726, 2.929, 2.304, 2.871, 2.334, 2.393, 2.465, 2.096, 2.351, 3.896, 5.464, 6.468, 7.477, 4.825, 4.357, 4.922, 4.91, 6.446, 5.86, 8.003, 12.24, 11.754, 7.062, 4.561, 2.738, 2.658], [6.039, 9.937, 10.09, 8.217, 5.239, 4.834, 5.068, 4.443, 6.572, 3.592, 4.115, 7.567, 8.058, 7.957, 9.604, 9.2, 4.418, 3.334, 3.221, 2.762, 1.349, 0.0, 1.494, 1.555, 1.542, 1.814, 2.133, 2.472, 1.878, 2.29, 2.589, 2.405, 2.526, 2.367, 2.239, 3.399, 4.999, 6.037, 6.924, 4.307, 3.857, 4.693, 4.861, 5.789, 5.203, 7.448, 11.638, 11.257, 6.674, 4.456, 2.931, 3.106], [5.025, 8.888, 9.049, 7.212, 4.629, 3.957, 4.247, 3.959, 5.537, 3.014, 3.663, 6.725, 7.193, 6.901, 8.49, 8.164, 3.864, 3.238, 3.046, 2.455, 2.106, 1.494, 0.0, 1.642, 1.9, 2.072, 1.778, 1.87, 1.477, 1.968, 2.804, 2.72, 2.305, 2.623, 2.418, 2.866, 4.375, 5.179, 5.81, 3.494, 2.884, 4.213, 4.432, 4.706, 4.288, 6.46, 10.642, 10.122, 5.82, 4.133, 3.306, 3.505], [6.409, 10.349, 10.488, 8.643, 5.361, 4.609, 4.984, 4.638, 6.554, 3.587, 4.765, 8.187, 8.572, 8.322, 9.924, 9.746, 5.095, 3.781, 3.659, 2.988, 1.78, 1.555, 1.642, 0.0, 1.36, 2.231, 2.871, 2.628, 1.864, 2.521, 2.175, 2.133, 2.11, 1.984, 2.18, 3.309, 4.871, 6.167, 7.378, 4.403, 3.576, 4.757, 5.525, 6.284, 5.518, 7.939, 12.224, 11.625, 7.226, 5.103, 3.012, 3.121], [6.344, 10.285, 10.437, 8.534, 5.326, 4.411, 4.762, 4.277, 6.517, 3.445, 4.504, 7.952, 8.375, 8.304, 9.935, 9.732, 4.8, 3.234, 3.194, 2.834, 2.025, 1.542, 1.9, 1.36, 0.0, 1.656, 2.453, 2.261, 1.545, 2.341, 2.766, 2.113, 2.243, 2.08, 2.003, 3.099, 4.558, 5.953, 7.426, 4.369, 3.638, 4.562, 4.949, 6.279, 5.503, 7.925, 12.21, 11.637, 7.021, 4.634, 2.632, 3.093], [5.295, 9.472, 9.51, 7.868, 4.789, 4.492, 4.763, 4.1, 6.054, 3.41, 3.982, 7.066, 7.428, 7.284, 9.023, 8.865, 3.951, 2.939, 2.812, 2.545, 2.083, 1.814, 2.072, 2.231, 1.656, 0.0, 1.652, 2.076, 1.742, 1.803, 3.396, 2.669, 3.028, 2.929, 2.751, 3.333, 4.807, 5.469, 6.61, 4.266, 3.882, 4.451, 4.444, 5.46, 4.693, 6.919, 11.284, 10.725, 6.036, 3.653, 2.697, 3.19], [4.275, 8.166, 8.292, 6.525, 3.971, 3.722, 3.993, 3.269, 4.915, 2.696, 3.111, 5.685, 6.215, 6.135, 7.743, 7.433, 2.928, 2.832, 2.263, 2.233, 2.726, 2.133, 1.778, 2.871, 2.453, 1.652, 0.0, 1.554, 1.793, 1.59, 3.53, 3.158, 2.911, 3.411, 2.991, 2.778, 4.258, 4.647, 5.234, 3.572, 3.383, 4.082, 4.137, 4.206, 3.705, 5.618, 9.871, 9.46, 4.842, 3.324, 3.424, 3.678], [4.39, 8.353, 8.453, 6.738, 3.925, 3.066, 3.21, 2.84, 4.717, 1.996, 2.859, 5.95, 6.448, 6.208, 7.883, 7.718, 3.03, 2.312, 1.984, 1.793, 2.929, 2.472, 1.87, 2.628, 2.261, 2.076, 1.554, 0.0, 1.34, 1.459, 3.117, 2.667, 2.238, 2.908, 2.406, 1.891, 3.281, 4.128, 5.467, 2.837, 2.349, 3.147, 3.798, 4.436, 3.749, 6.02, 10.201, 9.626, 5.207, 3.185, 2.766, 2.923], [5.347, 9.207, 9.315, 7.536, 4.418, 3.668, 3.87, 3.554, 5.509, 2.603, 3.522, 6.881, 7.277, 7.184, 8.781, 8.613, 3.918, 2.631, 2.472, 2.167, 2.304, 1.878, 1.477, 1.864, 1.545, 1.742, 1.793, 1.34, 0.0, 1.279, 2.607, 2.081, 2.024, 2.26, 2.07, 2.407, 3.978, 5.012, 6.272, 3.468, 2.83, 3.708, 4.315, 5.275, 4.512, 6.917, 11.114, 10.551, 6.014, 3.801, 2.563, 2.965], [4.693, 8.524, 8.733, 6.931, 3.916, 3.446, 3.64, 2.971, 5.077, 2.317, 3.244, 6.093, 6.716, 6.472, 8.022, 7.771, 3.265, 2.525, 2.112, 1.903, 2.871, 2.29, 1.968, 2.521, 2.341, 1.803, 1.59, 1.459, 1.279, 0.0, 2.663, 2.462, 2.724, 2.875, 2.304, 2.251, 3.841, 4.734, 5.631, 3.411, 2.772, 3.508, 4.126, 4.529, 3.863, 6.176, 10.266, 9.786, 5.49, 3.467, 2.557, 2.847], [6.926, 10.841, 11.026, 9.381, 6.228, 5.468, 5.609, 5.143, 7.412, 4.282, 5.326, 8.399, 8.991, 8.699, 10.256, 10.032, 5.547, 4.513, 3.987, 3.335, 2.334, 2.589, 2.804, 2.175, 2.766, 3.396, 3.53, 3.117, 2.607, 2.663, 0.0, 1.738, 1.865, 1.57, 2.087, 3.537, 5.118, 7.054, 8.031, 5.344, 4.214, 5.017, 5.784, 6.863, 6.153, 8.503, 12.533, 12.003, 7.753, 5.442, 2.837, 2.793], [6.815, 10.66, 10.749, 8.833, 5.541, 4.667, 4.633, 4.344, 6.868, 3.485, 4.718, 8.243, 8.706, 8.635, 10.27, 10.005, 5.062, 3.575, 3.257, 2.566, 2.393, 2.405, 2.72, 2.133, 2.113, 2.669, 3.158, 2.667, 2.081, 2.462, 1.738, 0.0, 1.202, 1.182, 1.192, 2.666, 4.312, 6.347, 7.657, 4.681, 3.66, 4.533, 5.23, 6.661, 5.92, 8.294, 12.507, 12.03, 7.392, 4.885, 2.248, 2.371], [6.382, 10.22, 10.39, 8.499, 5.324, 4.287, 4.165, 4.062, 6.465, 3.273, 4.464, 7.846, 8.363, 8.27, 9.886, 9.608, 4.906, 3.709, 3.14, 2.543, 2.465, 2.526, 2.305, 2.11, 2.243, 3.028, 2.911, 2.238, 2.024, 2.724, 1.865, 1.202, 0.0, 1.145, 1.294, 2.399, 3.997, 6.037, 7.287, 4.261, 3.264, 4.253, 5.14, 6.184, 5.43, 7.832, 12.086, 11.581, 6.981, 4.85, 2.532, 2.456], [7.167, 11.015, 11.117, 9.267, 5.919, 4.968, 4.881, 4.628, 7.255, 3.927, 5.16, 8.606, 9.171, 9.0, 10.614, 10.411, 5.514, 4.06, 3.644, 3.042, 2.096, 2.367, 2.623, 1.984, 2.08, 2.929, 3.411, 2.908, 2.26, 2.875, 1.57, 1.182, 1.145, 0.0, 1.132, 2.944, 4.517, 6.782, 8.049, 5.076, 4.001, 5.042, 5.763, 7.049, 6.25, 8.673, 12.886, 12.348, 7.866, 5.366, 2.534, 2.557], [6.467, 10.32, 10.418, 8.532, 5.257, 4.227, 4.131, 3.903, 6.538, 3.185, 4.385, 7.899, 8.386, 8.305, 9.922, 9.672, 4.776, 3.289, 2.989, 2.316, 2.351, 2.239, 2.418, 2.18, 2.003, 2.751, 2.991, 2.406, 2.07, 2.304, 2.087, 1.192, 1.294, 1.132, 0.0, 2.2, 3.827, 5.987, 7.312, 4.28, 3.265, 4.277, 5.092, 6.353, 5.547, 7.961, 12.138, 11.695, 7.079, 4.657, 2.216, 2.302], [4.567, 8.304, 8.441, 6.476, 3.384, 2.302, 2.301, 1.993, 4.503, 1.199, 2.451, 5.933, 6.508, 6.309, 7.906, 7.614, 2.895, 1.86, 1.531, 1.18, 3.896, 3.399, 2.866, 3.309, 3.099, 3.333, 2.778, 1.891, 2.407, 2.251, 3.537, 2.666, 2.399, 2.944, 2.2, 0.0, 1.992, 4.018, 5.278, 2.375, 1.465, 2.732, 3.668, 4.355, 3.516, 5.907, 10.086, 9.65, 5.218, 3.041, 2.629, 2.718], [3.7, 6.827, 6.952, 5.04, 2.783, 1.629, 1.211, 1.779, 2.976, 1.895, 1.742, 4.516, 5.064, 4.835, 6.415, 6.226, 2.05, 2.119, 2.386, 2.717, 5.464, 4.999, 4.375, 4.871, 4.558, 4.807, 4.258, 3.281, 3.978, 3.841, 5.118, 4.312, 3.997, 4.517, 3.827, 1.992, 0.0, 2.456, 3.838, 2.012, 2.077, 1.944, 2.771, 4.311, 2.869, 4.479, 8.707, 8.186, 3.838, 1.995, 4.178, 4.126], [2.511, 4.802, 5.075, 3.321, 2.935, 2.452, 2.387, 2.838, 1.955, 3.246, 2.121, 2.531, 3.253, 3.218, 4.371, 4.232, 2.32, 3.071, 3.667, 4.185, 6.468, 6.037, 5.179, 6.167, 5.953, 5.469, 4.647, 4.128, 5.012, 4.734, 7.054, 6.347, 6.037, 6.782, 5.987, 4.018, 2.456, 0.0, 2.238, 2.404, 3.368, 2.319, 2.639, 3.732, 2.6, 2.687, 6.722, 6.143, 2.859, 2.489, 5.765, 5.491], [2.44, 3.566, 4.206, 2.45, 3.126, 3.507, 3.478, 3.801, 1.777, 4.438, 3.04, 1.874, 1.851, 2.036, 3.059, 2.467, 2.78, 4.379, 4.694, 5.213, 7.477, 6.924, 5.81, 7.378, 7.426, 6.61, 5.234, 5.467, 6.272, 5.631, 8.031, 7.657, 7.287, 8.049, 7.312, 5.278, 3.838, 2.238, 0.0, 3.312, 4.421, 3.65, 3.642, 2.84, 2.499, 1.508, 4.947, 4.59, 1.749, 3.527, 7.152, 6.944], [2.727, 6.367, 6.713, 4.9, 3.269, 2.434, 1.92, 2.678, 2.876, 1.787, 1.686, 4.236, 4.58, 4.393, 5.956, 5.697, 1.796, 1.921, 2.336, 2.562, 4.825, 4.307, 3.494, 4.403, 4.369, 4.266, 3.572, 2.837, 3.468, 3.411, 5.344, 4.681, 4.261, 5.076, 4.28, 2.375, 2.012, 2.404, 3.312, 0.0, 1.553, 1.665, 2.238, 2.721, 1.977, 3.997, 8.19, 7.695, 3.521, 2.323, 4.319, 4.132], [3.778, 7.513, 7.802, 5.97, 3.246, 2.062, 2.133, 2.345, 3.736, 1.207, 2.135, 5.382, 5.789, 5.498, 7.059, 6.827, 2.694, 1.715, 1.9, 1.766, 4.357, 3.857, 2.884, 3.576, 3.638, 3.882, 3.383, 2.349, 2.83, 2.772, 4.214, 3.66, 3.264, 4.001, 3.265, 1.465, 2.077, 3.368, 4.421, 1.553, 0.0, 1.977, 3.054, 3.552, 2.72, 5.105, 9.314, 8.79, 4.601, 2.743, 3.235, 3.01], [3.015, 6.504, 6.73, 5.047, 3.663, 2.741, 2.326, 3.098, 3.151, 2.25, 1.804, 4.155, 4.585, 4.454, 6.079, 5.934, 2.019, 2.068, 2.498, 2.511, 4.922, 4.693, 4.213, 4.757, 4.562, 4.451, 4.082, 3.147, 3.708, 3.508, 5.017, 4.533, 4.253, 5.042, 4.277, 2.732, 1.944, 2.319, 3.65, 1.665, 1.977, 0.0, 1.668, 3.472, 2.265, 4.236, 8.436, 7.861, 3.54, 2.046, 3.694, 3.388], [2.583, 6.256, 6.639, 4.913, 4.202, 3.411, 3.083, 3.643, 3.7, 3.033, 1.99, 3.945, 4.154, 4.242, 5.657, 5.641, 2.157, 2.381, 2.892, 3.138, 4.91, 4.861, 4.432, 5.525, 4.949, 4.444, 4.137, 3.798, 4.315, 4.126, 5.784, 5.23, 5.14, 5.763, 5.092, 3.668, 2.771, 2.639, 3.642, 2.238, 3.054, 1.668, 0.0, 3.093, 2.57, 4.289, 8.011, 7.436, 3.447, 1.7, 4.158, 3.891], [2.034, 5.526, 6.429, 4.893, 4.353, 4.415, 3.8, 4.177, 3.839, 3.616, 3.284, 3.79, 3.743, 3.745, 4.917, 4.138, 2.799, 3.735, 3.895, 4.186, 6.446, 5.789, 4.706, 6.284, 6.279, 5.46, 4.206, 4.436, 5.275, 4.529, 6.863, 6.661, 6.184, 7.049, 6.353, 4.355, 4.311, 3.732, 2.84, 2.721, 3.552, 3.472, 3.093, 0.0, 1.919, 2.99, 5.983, 6.053, 3.392, 3.696, 6.097, 5.849], [1.962, 5.694, 6.306, 4.554, 3.243, 3.177, 2.533, 3.136, 2.748, 2.731, 2.156, 3.705, 3.801, 3.787, 5.013, 4.396, 2.09, 2.762, 3.028, 3.458, 5.86, 5.203, 4.288, 5.518, 5.503, 4.693, 3.705, 3.749, 4.512, 3.863, 6.153, 5.92, 5.43, 6.25, 5.547, 3.516, 2.869, 2.6, 2.499, 1.977, 2.72, 2.265, 2.57, 1.919, 0.0, 2.632, 6.806, 6.543, 3.242, 2.61, 5.346, 5.124], [2.757, 3.769, 4.514, 2.822, 3.274, 4.091, 4.098, 4.363, 2.124, 5.1, 3.745, 2.093, 2.15, 2.161, 3.057, 2.231, 3.464, 4.997, 5.218, 5.853, 8.003, 7.448, 6.46, 7.939, 7.925, 6.919, 5.618, 6.02, 6.917, 6.176, 8.503, 8.294, 7.832, 8.673, 7.961, 5.907, 4.479, 2.687, 1.508, 3.997, 5.105, 4.236, 4.289, 2.99, 2.632, 0.0, 4.458, 4.366, 2.62, 4.08, 7.741, 7.52], [6.121, 2.961, 3.654, 3.958, 7.213, 8.305, 8.311, 8.488, 5.823, 9.255, 7.934, 4.35, 3.906, 4.147, 2.667, 2.56, 7.473, 9.21, 9.435, 10.035, 12.24, 11.638, 10.642, 12.224, 12.21, 11.284, 9.871, 10.201, 11.114, 10.266, 12.533, 12.507, 12.086, 12.886, 12.138, 10.086, 8.707, 6.722, 4.947, 8.19, 9.314, 8.436, 8.011, 5.983, 6.806, 4.458, 0.0, 1.81, 5.314, 8.191, 11.916, 11.676], [5.56, 1.672, 2.318, 3.454, 6.93, 7.764, 7.882, 8.197, 5.33, 8.86, 7.503, 3.881, 3.439, 3.554, 1.909, 2.503, 6.979, 8.669, 8.965, 9.552, 11.754, 11.257, 10.122, 11.625, 11.637, 10.725, 9.46, 9.626, 10.551, 9.786, 12.003, 12.03, 11.581, 12.348, 11.695, 9.65, 8.186, 6.143, 4.59, 7.695, 8.79, 7.861, 7.436, 6.053, 6.543, 4.366, 1.81, 0.0, 4.79, 7.616, 11.341, 11.101], [2.443, 3.686, 3.878, 3.213, 3.098, 3.465, 3.434, 3.913, 2.366, 4.376, 3.06, 2.176, 1.713, 1.734, 3.13, 2.992, 2.547, 4.09, 4.41, 4.992, 7.062, 6.674, 5.82, 7.226, 7.021, 6.036, 4.842, 5.207, 6.014, 5.49, 7.753, 7.392, 6.981, 7.866, 7.079, 5.218, 3.838, 2.859, 1.749, 3.521, 4.601, 3.54, 3.447, 3.392, 3.242, 2.62, 5.314, 4.79, 0.0, 3.051, 6.766, 6.526], [2.981, 6.283, 6.43, 4.869, 2.898, 2.235, 2.158, 2.413, 3.176, 2.321, 1.307, 3.884, 4.308, 4.188, 5.839, 5.689, 1.547, 1.74, 2.03, 2.633, 4.561, 4.456, 4.133, 5.103, 4.634, 3.653, 3.324, 3.185, 3.801, 3.467, 5.442, 4.885, 4.85, 5.366, 4.657, 3.041, 1.995, 2.489, 3.527, 2.323, 2.743, 2.046, 1.7, 3.696, 2.61, 4.08, 8.191, 7.616, 3.051, 0.0, 3.807, 3.616], [6.055, 10.006, 10.143, 8.444, 5.299, 4.438, 4.751, 4.279, 6.503, 3.233, 4.247, 7.598, 8.033, 7.895, 9.559, 9.414, 4.582, 3.002, 2.683, 2.173, 2.738, 2.931, 3.306, 3.012, 2.632, 2.697, 3.424, 2.766, 2.563, 2.557, 2.837, 2.248, 2.532, 2.534, 2.216, 2.629, 4.178, 5.765, 7.152, 4.319, 3.235, 3.694, 4.158, 6.097, 5.346, 7.741, 11.916, 11.341, 6.766, 3.807, 0.0, 1.312], [5.817, 9.762, 9.883, 8.213, 5.207, 4.276, 4.625, 4.298, 6.276, 3.034, 4.04, 7.358, 7.792, 7.654, 9.319, 9.174, 4.355, 2.823, 2.559, 2.236, 2.658, 3.106, 3.505, 3.121, 3.093, 3.19, 3.678, 2.923, 2.965, 2.847, 2.793, 2.371, 2.456, 2.557, 2.302, 2.718, 4.126, 5.491, 6.944, 4.132, 3.01, 3.388, 3.891, 5.849, 5.124, 7.52, 11.676, 11.101, 6.526, 3.616, 1.312, 0.0]]