[[0.0, 1.756, 1.349, 3.534, 3.723, 3.104, 5.346, 7.162, 7.015, 6.311, 6.04, 6.186, 6.091, 5.897, 5.417, 4.681, 4.091, 3.808, 4.375, 5.641, 5.784, 5.528, 5.81, 5.9, 5.825, 5.579, 5.965, 6.38, 6.241, 5.751, 5.792, 6.334, 5.852, 5.294, 5.674, 5.95, 5.325, 5.306, 7.684, 8.825, 10.777, 12.318, 12.016, 10.602, 9.78, 10.006, 10.988, 11.924, 12.231, 12.468, 12.171, 11.58, 11.651, 11.742, 12.034, 12.518, 12.318, 12.234, 12.649, 12.109, 11.798, 12.107, 12.536, 12.324, 10.939, 9.646, 8.804, 8.48, 7.776, 7.081, 6.582, 4.273, 3.779, 3.995, 5.278, 8.002, 8.979, 7.269, 5.062, 6.092, 8.4, 7.718, 4.73, 2.747, 2.429, 1.892, 1.42, 1.683, 1.429, 1.654, 1.611, 1.854, 2.081, 1.595, 1.399, 1.834, 2.684, 2.175, 1.976, 4.385, 4.793, 2.837, 1.727, 2.131, 3.385, 4.704, 6.34, 7.36, 7.423, 7.312, 7.758, 8.614, 8.543, 8.133, 7.399, 6.481, 5.928, 5.824, 5.758, 5.427, 4.753, 3.759, 3.463, 3.575, 1.928, 3.371, 7.075, 7.976, 6.809, 6.131, 5.707, 4.857, 3.359, 2.098, 3.494, 4.71, 4.834, 4.387, 4.239, 4.736, 5.604, 5.653, 6.312, 6.368, 5.473, 4.985, 5.384, 6.423, 6.795, 6.797, 7.464, 7.617, 7.966, 7.667, 7.667, 9.137, 10.816, 10.755], [1.756, 0.0, 2.317, 4.96, 5.162, 4.003, 5.138, 6.939, 6.979, 6.492, 6.395, 6.561, 6.493, 6.314, 5.687, 5.124, 4.535, 3.832, 3.845, 4.583, 4.442, 4.537, 4.861, 5.053, 5.261, 4.927, 5.148, 5.501, 5.494, 5.141, 4.988, 5.358, 4.778, 4.677, 5.141, 5.669, 4.92, 4.541, 6.322, 7.748, 9.771, 11.126, 10.952, 9.825, 9.032, 8.942, 9.758, 10.625, 11.104, 11.643, 11.345, 10.742, 10.89, 10.976, 10.919, 11.334, 11.192, 11.266, 11.493, 11.12, 10.726, 10.868, 11.348, 11.211, 9.903, 8.773, 7.762, 7.748, 7.035, 6.589, 6.259, 4.318, 4.19, 5.317, 6.81, 9.572, 10.55, 8.839, 6.629, 7.642, 9.936, 9.176, 6.15, 4.24, 3.728, 3.014, 2.168, 2.077, 1.903, 2.223, 2.672, 3.029, 2.867, 2.209, 1.566, 2.444, 3.454, 3.027, 1.225, 2.788, 3.249, 1.373, 0.916, 1.068, 2.127, 3.32, 4.787, 5.83, 5.899, 5.88, 6.355, 7.216, 7.182, 6.617, 6.006, 5.248, 4.459, 4.254, 4.188, 3.857, 3.185, 2.444, 2.336, 2.457, 1.376, 4.803, 8.612, 9.432, 8.258, 7.566, 7.184, 6.319, 4.532, 2.485, 2.917, 3.941, 4.051, 3.574, 3.15, 3.918, 4.846, 4.92, 5.44, 5.285, 4.356, 3.719, 4.17, 5.114, 5.437, 5.689, 6.368, 6.74, 6.815, 6.382, 6.567, 7.904, 9.997, 10.04], [1.349, 2.317, 0.0, 2.783, 3.1, 3.318, 5.53, 7.367, 7.273, 6.65, 6.399, 6.534, 6.453, 6.26, 5.789, 5.025, 4.423, 4.065, 4.732, 6.092, 6.521, 6.376, 6.602, 6.638, 6.38, 6.289, 6.803, 7.07, 7.041, 6.392, 6.408, 7.098, 6.717, 6.053, 6.042, 6.188, 5.603, 6.185, 8.522, 9.694, 11.73, 13.226, 12.974, 11.292, 10.381, 10.763, 11.816, 12.728, 13.118, 13.302, 13.003, 12.5, 12.304, 12.447, 12.964, 13.44, 13.195, 13.102, 13.578, 13.065, 12.748, 13.014, 13.435, 13.225, 11.865, 10.471, 9.434, 8.887, 8.362, 7.588, 6.821, 4.552, 4.16, 3.44, 4.672, 7.445, 8.423, 6.712, 4.502, 5.506, 7.814, 7.046, 4.051, 2.275, 2.248, 1.941, 1.657, 1.783, 1.677, 1.669, 1.6, 1.607, 1.772, 1.498, 1.321, 1.516, 1.992, 1.479, 2.108, 4.946, 5.422, 3.339, 2.261, 2.585, 4.16, 5.458, 6.973, 8.078, 8.168, 8.036, 8.577, 9.456, 9.364, 8.768, 8.164, 7.375, 6.591, 6.38, 6.314, 5.984, 5.291, 4.264, 4.068, 4.094, 2.467, 2.854, 6.517, 7.315, 6.169, 5.576, 5.054, 4.313, 3.396, 2.517, 4.091, 5.362, 5.598, 5.209, 5.158, 5.551, 6.272, 6.438, 7.18, 7.267, 6.401, 5.848, 6.28, 7.296, 7.5, 7.648, 8.345, 8.493, 8.729, 8.403, 8.272, 9.66, 11.5, 11.308], [3.534, 4.96, 2.783, 0.0, 1.124, 3.363, 6.239, 7.863, 7.505, 6.603, 6.033, 5.947, 5.932, 5.69, 5.386, 4.575, 4.301, 5.474, 7.042, 8.648, 9.206, 8.945, 9.153, 9.174, 8.809, 8.763, 9.272, 9.45, 9.469, 8.757, 8.773, 9.651, 9.304, 8.463, 7.944, 7.118, 7.196, 8.599, 11.163, 12.262, 14.069, 15.775, 15.446, 13.705, 12.592, 13.339, 14.423, 15.319, 15.696, 15.786, 15.405, 14.883, 14.543, 14.66, 15.493, 15.993, 15.771, 15.649, 16.117, 15.491, 15.233, 15.59, 16.036, 15.803, 14.4, 12.981, 12.058, 11.199, 10.824, 9.711, 7.77, 5.23, 3.853, 2.333, 2.131, 4.677, 5.654, 3.944, 1.914, 2.745, 5.074, 4.346, 1.877, 1.767, 2.356, 2.549, 3.21, 3.42, 3.636, 3.263, 2.511, 2.324, 2.475, 3.297, 3.946, 3.385, 2.379, 2.368, 4.762, 7.633, 8.154, 6.097, 4.822, 5.227, 6.734, 8.109, 9.677, 10.763, 10.832, 10.712, 11.196, 12.092, 11.949, 11.464, 10.794, 9.977, 9.259, 9.149, 9.083, 8.752, 8.059, 6.983, 6.693, 6.733, 5.05, 1.495, 3.781, 4.68, 3.555, 2.955, 2.431, 2.106, 2.143, 4.271, 6.652, 7.9, 8.081, 7.671, 7.669, 7.971, 8.531, 8.821, 9.62, 9.797, 8.926, 8.414, 8.851, 9.879, 10.183, 10.253, 10.875, 10.922, 11.359, 11.036, 10.93, 12.317, 13.878, 13.371], [3.723, 5.162, 3.1, 1.124, 0.0, 3.3, 6.238, 7.857, 7.452, 6.595, 6.059, 5.976, 5.98, 5.746, 5.445, 4.643, 4.383, 5.322, 7.094, 8.836, 9.317, 9.013, 9.128, 9.146, 8.73, 8.736, 9.258, 9.542, 9.35, 8.64, 8.69, 9.721, 9.338, 8.35, 7.671, 6.951, 6.897, 8.569, 11.246, 12.318, 13.939, 15.732, 15.391, 13.598, 12.406, 13.38, 14.524, 15.433, 15.73, 15.821, 15.329, 14.883, 14.481, 14.521, 15.412, 15.939, 15.78, 15.638, 16.025, 15.357, 15.133, 15.541, 16.042, 15.812, 14.4, 13.017, 12.174, 11.157, 10.9, 9.617, 7.725, 4.983, 3.899, 2.672, 2.145, 4.476, 5.453, 3.753, 1.679, 2.525, 4.866, 4.202, 1.543, 1.882, 2.188, 2.662, 3.235, 3.511, 3.778, 3.392, 2.703, 2.427, 2.671, 3.504, 4.163, 3.697, 2.637, 2.678, 4.991, 7.86, 8.392, 6.305, 5.001, 5.485, 6.894, 8.226, 9.866, 10.888, 10.962, 10.838, 11.285, 12.182, 12.053, 11.66, 10.958, 10.01, 9.459, 9.35, 9.284, 8.954, 8.26, 7.21, 6.802, 6.866, 5.107, 1.321, 3.512, 4.368, 3.162, 2.569, 2.122, 2.009, 1.78, 4.29, 6.669, 7.847, 7.98, 7.582, 7.613, 7.882, 8.398, 8.743, 9.585, 9.692, 8.848, 8.392, 8.845, 9.946, 10.31, 10.299, 10.774, 10.95, 11.472, 11.191, 11.084, 12.5, 13.859, 13.082], [3.104, 4.003, 3.318, 3.363, 3.3, 0.0, 3.424, 4.989, 4.442, 3.65, 3.29, 3.449, 3.375, 3.212, 3.021, 2.308, 2.036, 2.888, 4.718, 6.534, 6.966, 6.698, 6.845, 6.775, 6.373, 6.368, 6.866, 7.128, 6.947, 6.226, 6.345, 7.278, 6.885, 6.006, 5.228, 4.066, 4.426, 6.113, 8.771, 9.848, 11.518, 13.289, 12.95, 11.172, 9.979, 10.924, 12.05, 12.993, 13.276, 13.358, 12.892, 12.437, 12.035, 12.08, 13.001, 13.503, 13.324, 13.176, 13.612, 12.933, 12.718, 13.1, 13.596, 13.356, 11.942, 10.575, 9.749, 8.724, 8.447, 7.16, 4.996, 2.231, 1.903, 2.854, 4.114, 6.883, 7.869, 6.163, 4.403, 4.933, 7.279, 6.639, 4.499, 2.566, 1.66, 1.776, 2.312, 2.298, 2.28, 2.033, 2.264, 3.967, 4.0, 3.773, 3.953, 3.957, 4.095, 3.608, 4.32, 6.303, 6.294, 4.636, 3.86, 4.446, 5.202, 5.935, 7.524, 8.534, 8.643, 8.499, 8.976, 9.941, 9.759, 9.42, 8.669, 7.608, 7.076, 6.982, 6.904, 6.629, 6.174, 5.092, 4.721, 4.881, 3.79, 2.922, 5.919, 6.582, 5.36, 4.784, 4.448, 3.621, 2.165, 2.179, 4.295, 5.501, 5.671, 5.355, 5.391, 5.661, 6.065, 6.508, 7.288, 7.364, 6.617, 6.302, 6.636, 7.579, 7.942, 7.941, 8.4, 8.55, 9.149, 8.931, 8.759, 10.07, 11.425, 10.526], [5.346, 5.138, 5.53, 6.239, 6.238, 3.424, 0.0, 1.968, 2.218, 2.292, 2.636, 3.117, 3.348, 3.544, 3.38, 3.32, 2.955, 2.187, 2.907, 4.473, 5.005, 4.607, 4.453, 4.14, 3.656, 3.687, 4.253, 4.567, 4.396, 3.678, 3.746, 4.959, 4.539, 3.669, 2.567, 1.31, 1.642, 3.328, 6.013, 7.013, 8.558, 10.405, 10.087, 8.226, 6.974, 8.048, 9.2, 10.133, 10.408, 10.508, 10.001, 9.548, 9.138, 9.128, 10.054, 10.628, 10.527, 10.404, 10.693, 9.967, 9.871, 10.291, 10.735, 10.498, 9.109, 7.752, 6.952, 5.882, 5.531, 4.311, 2.276, 2.163, 3.676, 5.499, 6.998, 9.76, 10.741, 9.154, 7.265, 7.928, 10.166, 9.67, 7.329, 5.073, 4.45, 4.364, 4.775, 4.624, 4.505, 4.474, 5.115, 6.754, 6.807, 6.43, 6.072, 6.58, 6.979, 6.461, 6.14, 6.061, 5.617, 4.658, 4.816, 4.747, 5.14, 5.28, 6.233, 6.97, 7.333, 7.16, 7.522, 8.65, 8.211, 7.487, 6.817, 5.837, 5.424, 5.935, 6.148, 6.088, 5.892, 4.873, 4.514, 4.768, 4.737, 5.519, 8.779, 9.451, 8.264, 7.684, 7.353, 6.661, 5.051, 3.722, 3.684, 4.278, 4.491, 4.504, 4.664, 4.654, 4.783, 4.883, 5.493, 5.876, 5.646, 5.405, 5.883, 6.521, 6.408, 6.086, 6.248, 6.092, 6.702, 6.83, 6.497, 7.438, 8.808, 7.535], [7.162, 6.939, 7.367, 7.863, 7.857, 4.989, 1.968, 0.0, 1.687, 2.622, 3.177, 3.756, 4.169, 4.469, 4.377, 4.654, 4.356, 3.802, 3.459, 4.427, 4.557, 4.142, 3.781, 3.271, 2.845, 3.21, 3.449, 3.905, 3.973, 3.076, 3.398, 4.672, 4.681, 4.06, 3.356, 1.939, 2.399, 3.027, 4.903, 5.855, 7.306, 9.223, 8.929, 7.032, 5.769, 6.808, 7.996, 8.988, 9.193, 9.264, 8.778, 8.298, 7.885, 7.833, 8.787, 9.382, 9.333, 9.248, 9.474, 8.705, 8.617, 9.079, 9.568, 9.306, 7.943, 6.66, 5.868, 4.785, 4.433, 3.323, 1.953, 3.363, 5.143, 6.686, 8.234, 10.964, 11.996, 10.483, 8.699, 9.277, 11.498, 11.123, 8.906, 6.516, 6.01, 6.078, 6.491, 6.343, 6.298, 6.214, 6.796, 8.565, 8.612, 8.263, 7.919, 8.396, 8.738, 8.244, 7.901, 7.273, 6.89, 6.388, 6.609, 6.299, 6.297, 6.387, 6.853, 7.389, 7.641, 7.275, 7.591, 8.504, 8.247, 7.57, 6.839, 6.134, 6.193, 7.053, 7.391, 7.245, 7.05, 6.144, 5.729, 6.044, 6.353, 7.193, 9.914, 10.738, 9.383, 8.872, 8.725, 8.122, 6.465, 5.461, 4.627, 4.673, 4.988, 5.019, 5.401, 5.074, 5.005, 5.084, 5.476, 5.789, 5.726, 5.707, 6.127, 6.67, 6.386, 5.653, 5.926, 5.505, 6.07, 6.394, 6.003, 6.619, 7.764, 6.138], [7.015, 6.979, 7.273, 7.505, 7.452, 4.442, 2.218, 1.687, 0.0, 1.4, 2.165, 2.635, 3.018, 3.305, 3.317, 3.583, 3.599, 3.363, 3.949, 5.066, 5.369, 4.919, 4.665, 4.408, 3.892, 4.066, 4.594, 4.941, 4.746, 3.896, 4.258, 5.284, 5.222, 4.401, 3.685, 2.145, 2.622, 3.991, 6.191, 7.207, 8.508, 10.411, 10.001, 8.087, 6.904, 8.049, 9.35, 10.356, 10.505, 10.415, 9.876, 9.313, 8.862, 8.753, 9.752, 10.437, 10.506, 10.475, 10.616, 9.846, 9.724, 10.214, 10.917, 10.653, 9.292, 8.042, 7.229, 6.158, 5.863, 4.518, 2.347, 2.918, 4.141, 5.799, 7.369, 9.882, 10.951, 9.498, 8.0, 8.213, 10.571, 10.381, 8.461, 6.144, 5.635, 5.727, 6.176, 6.061, 6.053, 5.993, 6.524, 8.394, 8.428, 8.105, 7.854, 8.21, 8.485, 8.036, 7.955, 7.626, 7.347, 6.524, 6.552, 6.507, 6.676, 6.781, 7.428, 8.009, 8.048, 7.741, 8.193, 9.035, 8.81, 8.25, 7.414, 6.651, 6.789, 7.634, 7.875, 7.767, 7.621, 6.529, 6.059, 6.386, 6.326, 6.893, 8.607, 9.835, 8.393, 7.914, 7.93, 7.402, 5.882, 5.079, 4.884, 4.899, 5.132, 5.389, 5.887, 5.474, 5.446, 5.622, 6.05, 6.417, 6.183, 6.172, 6.638, 7.204, 6.981, 6.472, 6.488, 6.457, 7.145, 7.26, 7.026, 7.976, 9.179, 7.501], [6.311, 6.492, 6.65, 6.603, 6.595, 3.65, 2.292, 2.622, 1.4, 0.0, 1.146, 1.55, 1.849, 2.132, 2.139, 2.45, 2.763, 2.84, 3.948, 5.559, 5.983, 5.601, 5.416, 5.245, 4.74, 4.854, 5.402, 5.761, 5.375, 4.656, 4.911, 5.773, 5.406, 4.501, 3.78, 2.359, 2.722, 4.728, 7.087, 8.188, 9.558, 11.443, 11.021, 9.081, 7.841, 9.035, 10.366, 11.373, 11.514, 11.409, 10.883, 10.362, 9.94, 9.852, 10.821, 11.399, 11.43, 11.347, 11.575, 10.735, 10.603, 11.139, 11.916, 11.637, 10.245, 9.033, 8.209, 7.11, 6.848, 5.446, 2.775, 2.64, 3.183, 4.657, 6.165, 8.716, 9.806, 8.329, 7.076, 7.009, 9.407, 9.228, 7.594, 5.403, 4.867, 4.99, 5.358, 5.31, 5.312, 5.308, 5.742, 7.589, 7.614, 7.358, 7.191, 7.428, 7.663, 7.231, 7.386, 7.534, 7.211, 6.19, 6.093, 6.324, 6.555, 6.671, 7.397, 8.071, 8.173, 7.97, 8.459, 9.351, 9.108, 8.565, 7.723, 6.73, 6.747, 7.527, 7.77, 7.64, 7.498, 6.372, 5.918, 6.229, 5.974, 6.11, 7.464, 8.65, 7.25, 6.752, 6.737, 6.234, 5.018, 4.363, 4.773, 4.841, 5.032, 5.383, 5.834, 5.44, 5.543, 5.775, 6.354, 6.708, 6.37, 6.239, 6.762, 7.401, 7.265, 6.936, 6.909, 7.182, 7.942, 7.877, 7.682, 8.834, 10.027, 8.345], [6.04, 6.395, 6.399, 6.033, 6.059, 3.29, 2.636, 3.177, 2.165, 1.146, 0.0, 1.038, 1.413, 1.61, 1.803, 2.164, 2.649, 3.098, 4.294, 5.95, 6.379, 5.988, 5.795, 5.683, 5.17, 5.304, 5.919, 6.219, 5.841, 5.092, 5.349, 6.29, 5.878, 4.875, 4.235, 2.929, 3.108, 5.218, 7.731, 8.79, 10.207, 12.206, 11.845, 9.94, 8.684, 9.751, 11.031, 12.051, 12.187, 12.176, 11.697, 11.221, 10.798, 10.684, 11.636, 12.205, 12.138, 12.08, 12.292, 11.482, 11.35, 11.92, 12.532, 12.275, 10.918, 9.592, 8.803, 7.718, 7.415, 6.024, 3.202, 2.679, 2.915, 4.192, 5.484, 8.099, 9.216, 7.774, 6.65, 6.519, 8.721, 8.648, 7.096, 5.067, 4.471, 4.645, 4.953, 4.956, 5.002, 4.949, 5.295, 7.103, 7.086, 6.941, 6.927, 7.042, 7.131, 6.704, 7.176, 7.662, 7.231, 6.2, 6.012, 6.324, 6.709, 6.714, 7.549, 8.188, 8.33, 8.114, 8.59, 9.534, 9.244, 8.727, 7.953, 6.956, 6.948, 7.609, 7.869, 7.74, 7.588, 6.433, 6.025, 6.29, 5.905, 5.657, 7.044, 7.944, 6.559, 6.118, 6.08, 5.612, 4.503, 4.148, 5.035, 5.197, 5.411, 5.603, 5.984, 5.591, 5.7, 5.907, 6.632, 6.863, 6.498, 6.398, 6.88, 7.531, 7.478, 7.229, 7.334, 7.586, 8.33, 8.262, 8.037, 9.296, 10.553, 8.87], [6.186, 6.561, 6.534, 5.947, 5.976, 3.449, 3.117, 3.756, 2.635, 1.55, 1.038, 0.0, 0.791, 1.034, 1.304, 1.826, 2.639, 3.143, 4.727, 6.45, 6.873, 6.498, 6.368, 6.252, 5.715, 5.832, 6.406, 6.736, 6.352, 5.662, 5.93, 6.868, 6.418, 5.196, 4.617, 3.356, 3.614, 5.782, 8.234, 9.362, 10.731, 12.73, 12.323, 10.409, 9.15, 10.284, 11.606, 12.628, 12.753, 12.685, 12.181, 11.69, 11.269, 11.161, 12.133, 12.707, 12.633, 12.559, 12.776, 11.959, 11.831, 12.406, 13.105, 12.791, 11.422, 10.173, 9.387, 8.3, 7.995, 6.587, 3.753, 2.825, 3.007, 3.881, 4.988, 7.53, 8.524, 7.24, 6.244, 5.948, 8.174, 8.045, 6.955, 5.194, 4.612, 4.744, 5.08, 5.092, 5.142, 5.082, 5.452, 7.257, 7.232, 7.096, 7.063, 7.178, 7.127, 6.868, 7.312, 7.791, 7.366, 6.33, 6.17, 6.456, 6.864, 6.874, 7.838, 8.587, 8.635, 8.426, 8.943, 9.865, 9.564, 9.167, 8.413, 7.425, 7.279, 7.786, 8.035, 7.923, 7.76, 6.561, 6.166, 6.42, 6.045, 5.807, 6.303, 7.413, 5.975, 5.637, 5.553, 5.069, 4.284, 4.241, 5.12, 5.35, 5.513, 5.76, 6.169, 5.819, 5.988, 6.381, 7.096, 7.215, 6.757, 6.667, 7.172, 7.807, 7.874, 7.709, 7.8, 8.174, 8.867, 8.762, 8.557, 9.862, 11.147, 9.451], [6.091, 6.493, 6.453, 5.932, 5.98, 3.375, 3.348, 4.169, 3.018, 1.849, 1.413, 0.791, 0.0, 0.846, 1.081, 1.715, 2.528, 3.238, 4.904, 6.78, 7.214, 6.845, 6.778, 6.671, 6.131, 6.248, 6.791, 7.169, 6.761, 6.051, 6.354, 7.296, 6.761, 5.404, 4.763, 3.569, 3.886, 6.205, 8.652, 9.79, 11.168, 13.163, 12.731, 10.789, 9.541, 10.699, 12.037, 13.059, 13.184, 13.084, 12.593, 12.07, 11.647, 11.531, 12.489, 13.06, 13.0, 12.935, 13.159, 12.368, 12.205, 12.792, 13.533, 13.194, 11.809, 10.602, 9.814, 8.729, 8.425, 7.012, 4.191, 2.739, 2.75, 3.748, 4.93, 7.152, 8.195, 7.108, 6.283, 5.722, 7.79, 7.929, 6.961, 5.099, 4.508, 4.644, 5.017, 4.99, 5.05, 4.979, 5.358, 7.169, 7.175, 6.99, 6.974, 7.074, 7.109, 6.81, 7.236, 7.734, 7.317, 6.238, 6.098, 6.359, 6.826, 6.864, 7.98, 8.796, 8.801, 8.69, 9.2, 10.082, 9.906, 9.571, 8.804, 7.684, 7.473, 7.84, 8.037, 7.906, 7.725, 6.489, 6.125, 6.327, 5.974, 5.717, 5.941, 7.045, 5.679, 5.382, 5.396, 4.863, 4.286, 4.172, 5.133, 5.488, 5.48, 5.754, 6.155, 5.867, 6.121, 6.636, 7.419, 7.54, 6.832, 6.689, 7.226, 7.898, 8.15, 8.046, 8.215, 8.598, 9.271, 9.142, 8.943, 10.287, 11.571, 9.882], [5.897, 6.314, 6.26, 5.69, 5.746, 3.212, 3.544, 4.469, 3.305, 2.132, 1.61, 1.034, 0.846, 0.0, 0.903, 1.631, 2.459, 3.238, 5.064, 6.989, 7.41, 7.063, 7.052, 6.971, 6.439, 6.525, 7.104, 7.473, 7.094, 6.361, 6.67, 7.635, 7.095, 5.802, 5.028, 3.832, 4.172, 6.526, 9.005, 10.124, 11.499, 13.493, 13.106, 11.191, 9.927, 11.058, 12.376, 13.394, 13.522, 13.473, 12.963, 12.472, 12.05, 11.948, 12.922, 13.49, 13.402, 13.317, 13.549, 12.731, 12.604, 13.182, 13.872, 13.537, 12.177, 10.94, 10.152, 9.067, 8.762, 7.33, 4.514, 2.642, 2.592, 3.556, 4.665, 6.842, 7.924, 6.914, 6.097, 5.627, 7.46, 7.801, 6.749, 4.926, 4.298, 4.434, 4.825, 4.796, 4.883, 4.766, 5.164, 6.965, 6.95, 6.791, 6.778, 6.873, 6.861, 6.585, 7.048, 7.616, 7.225, 6.12, 5.947, 6.241, 6.674, 6.761, 8.059, 8.97, 8.992, 8.905, 9.401, 10.267, 10.152, 9.833, 9.049, 7.925, 7.573, 7.855, 8.038, 7.832, 7.667, 6.462, 6.044, 6.288, 5.833, 5.508, 5.664, 6.774, 5.367, 5.041, 5.19, 4.702, 4.086, 4.044, 5.06, 5.655, 5.676, 5.69, 6.031, 5.945, 6.248, 6.806, 7.597, 7.722, 6.942, 6.77, 7.233, 8.061, 8.38, 8.305, 8.534, 8.908, 9.546, 9.383, 9.218, 10.597, 11.882, 10.128], [5.417, 5.687, 5.789, 5.386, 5.445, 3.021, 3.38, 4.377, 3.317, 2.139, 1.803, 1.304, 1.081, 0.903, 0.0, 1.324, 2.342, 3.003, 4.855, 6.742, 7.169, 6.831, 6.85, 6.77, 6.233, 6.323, 6.905, 7.288, 6.912, 6.161, 6.462, 7.403, 6.88, 5.574, 4.858, 3.659, 4.053, 6.318, 8.81, 9.892, 11.269, 13.295, 12.902, 10.984, 9.728, 10.838, 12.136, 13.165, 13.297, 13.235, 12.738, 12.261, 11.837, 11.748, 12.683, 13.255, 13.192, 13.14, 13.332, 12.512, 12.39, 12.953, 13.64, 13.355, 11.994, 10.715, 9.92, 8.836, 8.532, 7.136, 4.411, 2.308, 2.155, 3.336, 4.459, 6.79, 7.774, 6.679, 5.783, 5.368, 7.443, 7.438, 6.418, 4.477, 3.921, 4.056, 4.373, 4.38, 4.45, 4.409, 4.785, 6.598, 6.597, 6.435, 6.316, 6.48, 6.55, 6.232, 6.551, 6.982, 6.88, 5.534, 5.322, 5.647, 6.071, 6.454, 7.829, 8.775, 8.706, 8.607, 9.129, 9.963, 9.926, 9.63, 8.825, 7.719, 7.414, 7.688, 7.824, 7.461, 7.195, 6.023, 5.44, 5.775, 5.264, 5.143, 5.684, 6.656, 5.499, 5.055, 4.986, 4.468, 3.81, 3.763, 4.738, 5.364, 5.298, 5.221, 5.552, 5.463, 5.863, 6.491, 7.322, 7.456, 6.467, 6.166, 6.647, 7.69, 8.146, 8.065, 8.345, 8.706, 9.338, 9.159, 9.0, 10.394, 11.679, 10.113], [4.681, 5.124, 5.025, 4.575, 4.643, 2.308, 3.32, 4.654, 3.583, 2.45, 2.164, 1.826, 1.715, 1.631, 1.324, 0.0, 1.585, 2.637, 4.608, 6.501, 6.929, 6.61, 6.669, 6.551, 6.106, 6.121, 6.672, 7.038, 6.706, 6.008, 6.26, 7.146, 6.64, 5.546, 4.967, 3.722, 4.213, 6.076, 8.548, 9.635, 11.052, 12.868, 12.5, 10.593, 9.478, 10.616, 11.888, 12.897, 13.065, 13.016, 12.467, 11.914, 11.481, 11.581, 12.566, 13.097, 12.972, 12.843, 13.18, 12.433, 12.267, 12.731, 13.39, 13.099, 11.732, 10.473, 9.663, 8.582, 8.305, 6.913, 4.585, 2.243, 1.963, 3.102, 4.467, 7.094, 8.016, 6.537, 5.176, 5.099, 7.679, 7.248, 5.609, 3.86, 3.189, 3.247, 3.621, 3.609, 3.649, 3.656, 3.982, 5.779, 5.801, 5.64, 5.559, 5.679, 5.742, 5.413, 5.805, 6.687, 6.529, 5.169, 4.845, 5.32, 5.877, 6.115, 7.59, 8.521, 8.467, 8.38, 8.936, 9.753, 9.703, 9.437, 8.604, 7.491, 7.117, 7.332, 7.468, 7.222, 6.946, 5.709, 5.196, 5.468, 4.733, 4.475, 6.01, 6.9, 5.729, 5.144, 4.909, 4.125, 3.144, 2.982, 4.423, 5.09, 5.138, 5.139, 5.419, 5.464, 5.749, 6.311, 7.138, 7.249, 6.434, 6.101, 6.512, 7.477, 7.911, 7.84, 8.121, 8.48, 9.127, 8.939, 8.788, 10.157, 11.445, 10.344], [4.091, 4.535, 4.423, 4.301, 4.383, 2.036, 2.955, 4.356, 3.599, 2.763, 2.649, 2.639, 2.528, 2.459, 2.342, 1.585, 0.0, 1.796, 4.061, 5.965, 6.387, 6.081, 6.134, 6.011, 5.461, 5.546, 6.087, 6.451, 6.06, 5.335, 5.649, 6.523, 6.047, 4.763, 4.107, 3.4, 3.555, 5.489, 7.928, 9.035, 10.39, 12.236, 11.788, 9.834, 8.758, 9.925, 11.245, 12.263, 12.393, 12.315, 11.784, 11.094, 10.68, 10.732, 11.669, 12.236, 12.213, 12.136, 12.384, 11.595, 11.454, 12.019, 12.763, 12.472, 11.09, 9.88, 9.056, 7.955, 7.68, 6.316, 4.044, 2.044, 2.273, 3.603, 5.266, 7.908, 8.814, 7.339, 5.175, 5.887, 8.593, 8.072, 5.166, 3.122, 2.817, 2.635, 3.039, 2.927, 2.982, 2.891, 3.305, 5.113, 5.126, 4.915, 4.943, 5.033, 5.177, 4.75, 5.229, 6.008, 5.877, 4.553, 4.217, 4.674, 5.132, 5.401, 7.019, 7.97, 7.883, 7.823, 8.404, 9.256, 9.186, 8.912, 8.077, 6.918, 6.512, 6.514, 6.586, 6.386, 6.104, 4.865, 4.452, 4.696, 4.069, 3.878, 6.712, 7.773, 6.523, 5.973, 5.787, 5.092, 2.969, 2.133, 3.631, 4.394, 4.369, 4.518, 4.801, 4.889, 5.125, 5.768, 6.592, 6.683, 5.896, 5.621, 6.048, 6.97, 7.371, 7.303, 7.5, 7.926, 8.6, 8.422, 8.243, 9.572, 10.869, 9.824], [3.808, 3.832, 4.065, 5.474, 5.322, 2.888, 2.187, 3.802, 3.363, 2.84, 3.098, 3.143, 3.238, 3.238, 3.003, 2.637, 1.796, 0.0, 2.456, 4.388, 4.825, 4.488, 4.532, 4.421, 3.915, 3.952, 4.492, 4.826, 4.579, 3.857, 4.13, 4.952, 4.441, 3.353, 2.859, 2.438, 2.32, 3.87, 6.283, 7.395, 8.936, 10.745, 10.33, 8.454, 7.32, 8.32, 9.64, 10.666, 10.787, 10.708, 10.22, 9.636, 9.217, 9.373, 10.184, 10.682, 10.612, 10.537, 10.851, 10.277, 9.965, 10.429, 11.138, 10.834, 9.443, 8.231, 7.419, 6.417, 6.047, 4.746, 3.194, 1.661, 3.331, 5.013, 6.661, 9.348, 10.24, 8.658, 6.372, 7.228, 9.971, 9.35, 6.339, 4.054, 3.536, 3.074, 3.159, 3.011, 2.898, 2.839, 3.726, 5.255, 5.295, 4.945, 4.618, 5.085, 5.5, 4.973, 4.759, 4.927, 4.615, 3.526, 3.418, 3.629, 4.005, 4.141, 5.488, 6.406, 6.412, 6.344, 6.923, 7.845, 7.631, 7.349, 6.482, 5.32, 4.939, 5.139, 5.307, 5.127, 4.962, 3.768, 3.318, 3.602, 3.283, 4.755, 8.209, 9.169, 7.933, 7.379, 7.153, 6.338, 3.972, 1.99, 2.347, 3.002, 3.139, 3.227, 3.562, 3.599, 3.942, 4.281, 5.074, 5.206, 4.562, 4.326, 4.794, 5.587, 5.852, 5.751, 5.978, 6.335, 7.002, 6.824, 6.645, 7.972, 9.262, 8.441], [4.375, 3.845, 4.732, 7.042, 7.094, 4.718, 2.907, 3.459, 3.949, 3.948, 4.294, 4.727, 4.904, 5.064, 4.855, 4.608, 4.061, 2.456, 0.0, 2.006, 2.538, 2.301, 2.481, 2.407, 2.248, 2.273, 2.541, 2.727, 2.663, 1.981, 2.103, 2.834, 2.372, 2.191, 2.471, 2.833, 2.608, 2.175, 4.248, 5.343, 7.312, 8.843, 8.537, 6.812, 5.79, 6.347, 7.491, 8.456, 8.702, 8.854, 8.542, 8.004, 7.734, 7.971, 8.576, 9.087, 8.849, 8.756, 9.212, 8.696, 8.388, 8.664, 9.072, 8.844, 7.531, 6.149, 5.234, 4.511, 3.953, 3.105, 2.606, 3.019, 5.222, 7.139, 8.635, 11.402, 12.37, 10.684, 8.447, 9.445, 11.796, 11.171, 8.07, 6.049, 5.479, 4.837, 4.306, 4.094, 3.867, 4.064, 5.074, 5.899, 6.068, 5.557, 5.012, 5.755, 6.468, 5.874, 4.738, 4.084, 3.743, 3.256, 3.714, 3.332, 3.162, 3.162, 3.654, 4.374, 4.583, 4.44, 4.829, 5.943, 5.614, 5.176, 4.364, 3.372, 3.154, 4.049, 4.422, 4.235, 4.033, 3.035, 2.557, 2.945, 3.24, 6.607, 10.406, 11.117, 9.967, 9.348, 9.016, 8.118, 6.032, 3.371, 1.81, 1.843, 2.185, 2.122, 2.288, 2.289, 2.532, 2.532, 3.145, 3.482, 3.116, 2.845, 3.259, 3.82, 3.76, 3.597, 4.096, 4.221, 4.681, 4.473, 4.322, 5.654, 7.157, 6.746], [5.641, 4.583, 6.092, 8.648, 8.836, 6.534, 4.473, 4.427, 5.066, 5.559, 5.95, 6.45, 6.78, 6.989, 6.742, 6.501, 5.965, 4.388, 2.006, 0.0, 1.079, 1.827, 2.105, 2.236, 2.381, 2.222, 2.134, 1.77, 1.771, 1.7, 1.903, 2.001, 1.795, 2.357, 3.118, 4.306, 4.019, 2.641, 2.765, 3.895, 5.926, 7.378, 7.084, 5.608, 4.76, 4.861, 5.929, 6.83, 7.221, 7.549, 7.251, 6.737, 6.672, 6.731, 7.122, 7.62, 7.392, 7.353, 7.744, 7.272, 6.966, 7.205, 7.586, 7.428, 6.017, 4.679, 3.678, 3.388, 2.665, 2.417, 3.382, 4.938, 6.998, 8.98, 10.474, 13.248, 14.217, 12.499, 10.287, 11.285, 13.626, 12.861, 9.757, 7.857, 7.338, 6.591, 5.777, 5.485, 5.283, 5.641, 6.424, 6.984, 7.103, 6.46, 5.884, 6.692, 7.476, 6.925, 5.459, 4.105, 3.668, 3.847, 4.817, 4.229, 3.372, 3.109, 3.2, 3.415, 3.421, 3.095, 3.571, 4.63, 4.401, 3.71, 2.962, 2.605, 2.658, 3.747, 4.151, 3.948, 3.703, 2.877, 2.708, 3.025, 4.342, 8.433, 12.253, 12.977, 11.8, 11.18, 10.811, 9.898, 7.908, 5.049, 3.039, 1.963, 2.252, 2.369, 2.672, 2.484, 2.283, 1.827, 1.952, 2.254, 2.243, 2.388, 2.544, 2.764, 2.393, 2.288, 2.85, 2.834, 2.992, 2.769, 2.707, 3.902, 5.963, 5.695], [5.784, 4.442, 6.521, 9.206, 9.317, 6.966, 5.005, 4.557, 5.369, 5.983, 6.379, 6.873, 7.214, 7.41, 7.169, 6.929, 6.387, 4.825, 2.538, 1.079, 0.0, 1.289, 1.588, 2.074, 2.428, 2.214, 1.798, 1.612, 1.686, 1.746, 1.814, 1.818, 1.629, 2.647, 3.594, 4.703, 4.382, 2.438, 2.175, 3.535, 5.535, 6.896, 6.705, 5.55, 4.808, 4.667, 5.507, 6.468, 6.815, 7.397, 7.099, 6.515, 6.606, 6.691, 6.696, 7.126, 6.999, 7.055, 7.247, 6.909, 6.507, 6.648, 7.147, 6.994, 5.667, 4.546, 3.74, 3.698, 2.991, 2.705, 3.722, 5.377, 7.54, 9.459, 10.946, 13.72, 14.698, 12.987, 10.777, 11.77, 14.136, 13.428, 10.236, 8.323, 7.78, 7.042, 6.16, 5.893, 5.693, 6.073, 6.773, 7.267, 7.028, 6.321, 5.679, 6.56, 7.619, 7.185, 5.164, 3.746, 3.312, 3.648, 4.698, 4.206, 3.188, 2.82, 2.832, 3.101, 3.275, 3.015, 3.395, 4.226, 4.228, 3.522, 2.798, 2.413, 2.355, 3.391, 3.792, 3.585, 3.369, 2.949, 2.882, 3.212, 4.49, 8.929, 12.756, 13.423, 12.194, 11.621, 11.275, 10.395, 8.34, 5.475, 3.233, 2.289, 2.297, 2.371, 2.456, 2.487, 2.406, 2.083, 2.031, 2.171, 2.104, 2.054, 2.213, 2.578, 2.283, 1.932, 2.666, 2.603, 2.643, 2.439, 2.552, 3.791, 5.784, 5.839], [5.528, 4.537, 6.376, 8.945, 9.013, 6.698, 4.607, 4.142, 4.919, 5.601, 5.988, 6.498, 6.845, 7.063, 6.831, 6.61, 6.081, 4.488, 2.301, 1.827, 1.289, 0.0, 0.905, 1.473, 1.958, 1.633, 1.423, 1.533, 1.595, 1.639, 1.435, 1.829, 1.828, 2.528, 3.41, 4.225, 3.984, 2.028, 2.487, 3.466, 5.458, 6.908, 6.678, 5.308, 4.67, 4.669, 5.621, 6.58, 6.847, 7.163, 6.869, 6.34, 6.423, 6.476, 6.655, 7.112, 6.878, 6.897, 7.244, 6.778, 6.443, 6.683, 7.116, 6.973, 5.602, 4.376, 4.037, 3.871, 3.304, 2.912, 3.661, 4.993, 7.136, 9.063, 10.55, 13.324, 14.301, 12.591, 10.381, 11.374, 13.719, 13.097, 9.888, 7.956, 7.445, 6.698, 5.932, 5.668, 5.401, 5.823, 6.632, 7.184, 7.21, 6.479, 5.862, 6.856, 7.832, 7.229, 5.201, 3.696, 3.395, 3.851, 4.641, 4.249, 3.291, 2.702, 3.243, 3.888, 3.968, 3.602, 3.894, 4.678, 4.61, 4.146, 3.217, 2.705, 2.842, 3.75, 4.042, 3.854, 3.688, 3.2, 2.874, 3.393, 4.197, 8.517, 12.359, 13.077, 11.916, 11.284, 10.938, 10.027, 7.935, 5.049, 3.1, 2.346, 2.411, 2.312, 2.294, 2.156, 2.536, 2.495, 2.434, 2.624, 2.71, 2.526, 2.694, 3.136, 2.814, 2.356, 3.078, 2.458, 2.814, 2.71, 2.661, 3.954, 5.579, 5.836], [5.81, 4.861, 6.602, 9.153, 9.128, 6.845, 4.453, 3.781, 4.665, 5.416, 5.795, 6.368, 6.778, 7.052, 6.85, 6.669, 6.134, 4.532, 2.481, 2.105, 1.588, 0.905, 0.0, 0.969, 1.398, 1.363, 1.286, 1.556, 1.508, 1.502, 1.307, 2.089, 1.799, 2.321, 3.23, 3.932, 3.644, 1.909, 2.333, 3.314, 5.216, 6.731, 6.498, 5.055, 4.261, 4.36, 5.48, 6.521, 6.668, 6.979, 6.629, 6.122, 6.08, 6.139, 6.394, 6.852, 6.677, 6.681, 6.988, 6.536, 6.194, 6.437, 7.016, 6.79, 5.401, 4.223, 3.862, 3.602, 3.08, 2.646, 3.369, 5.067, 7.3, 9.092, 10.597, 13.359, 14.33, 12.649, 10.458, 11.403, 13.867, 13.26, 10.012, 7.997, 7.483, 6.847, 6.016, 5.858, 5.683, 6.086, 6.846, 7.404, 7.502, 6.792, 6.165, 7.163, 8.039, 7.469, 5.563, 4.221, 3.922, 4.173, 4.962, 4.581, 3.698, 3.318, 3.734, 4.317, 4.491, 4.173, 4.426, 5.196, 5.017, 4.423, 3.672, 2.995, 3.183, 4.128, 4.494, 4.339, 4.097, 3.537, 3.197, 3.655, 4.348, 8.624, 12.388, 13.156, 11.918, 11.279, 11.001, 10.189, 7.969, 5.202, 3.085, 2.352, 2.466, 2.446, 2.54, 2.387, 2.789, 2.702, 2.664, 2.902, 2.839, 2.662, 2.975, 3.554, 3.338, 2.588, 3.096, 2.589, 2.844, 3.106, 2.936, 3.866, 5.39, 5.417], [5.9, 5.053, 6.638, 9.174, 9.146, 6.775, 4.14, 3.271, 4.408, 5.245, 5.683, 6.252, 6.671, 6.971, 6.77, 6.551, 6.011, 4.421, 2.407, 2.236, 2.074, 1.473, 0.969, 0.0, 0.921, 0.883, 1.002, 1.643, 1.747, 1.45, 1.494, 2.499, 2.4, 2.405, 3.162, 3.557, 3.295, 1.577, 2.206, 3.234, 5.165, 6.682, 6.426, 4.924, 4.045, 4.278, 5.471, 6.507, 6.666, 6.92, 6.523, 6.055, 5.946, 6.013, 6.358, 6.85, 6.639, 6.595, 6.966, 6.486, 6.149, 6.422, 6.99, 6.752, 5.366, 4.135, 3.603, 3.25, 2.69, 2.218, 3.24, 4.963, 7.251, 9.073, 10.604, 13.363, 14.311, 12.632, 10.416, 11.384, 13.851, 13.245, 10.002, 7.984, 7.445, 6.75, 6.02, 5.82, 5.658, 6.068, 6.871, 7.486, 7.623, 6.966, 6.357, 7.259, 8.131, 7.533, 5.864, 4.923, 4.568, 4.338, 5.111, 4.711, 4.084, 3.983, 4.484, 4.98, 5.097, 4.73, 5.028, 5.802, 5.616, 5.079, 4.273, 3.7, 3.905, 4.803, 5.169, 5.001, 4.815, 3.898, 3.442, 3.941, 4.362, 8.586, 12.369, 13.106, 11.914, 11.333, 11.007, 10.167, 7.969, 5.108, 3.084, 2.499, 2.872, 2.92, 3.114, 3.011, 3.325, 3.096, 3.196, 3.38, 3.327, 3.365, 3.695, 4.156, 3.907, 3.128, 3.444, 2.899, 3.186, 3.657, 3.348, 3.863, 5.327, 5.128], [5.825, 5.261, 6.38, 8.809, 8.73, 6.373, 3.656, 2.845, 3.892, 4.74, 5.17, 5.715, 6.131, 6.439, 6.233, 6.106, 5.461, 3.915, 2.248, 2.381, 2.428, 1.958, 1.398, 0.921, 0.0, 0.816, 1.163, 1.938, 2.02, 1.387, 1.796, 2.881, 2.767, 2.305, 2.723, 3.086, 2.694, 1.634, 2.767, 3.818, 5.466, 7.234, 6.909, 5.28, 4.346, 4.798, 6.014, 7.048, 7.193, 7.265, 6.867, 6.373, 6.25, 6.229, 6.713, 7.248, 7.139, 7.106, 7.325, 6.783, 6.486, 6.92, 7.528, 7.238, 5.875, 4.621, 3.886, 3.216, 2.854, 2.138, 2.839, 4.603, 6.901, 8.559, 10.138, 12.882, 13.803, 12.232, 10.009, 10.916, 13.463, 12.896, 9.621, 7.49, 7.011, 6.433, 5.735, 5.608, 5.443, 5.798, 6.647, 7.466, 7.547, 7.041, 6.483, 7.244, 7.927, 7.417, 6.08, 5.335, 4.943, 4.58, 5.202, 4.807, 4.407, 4.375, 4.908, 5.341, 5.428, 5.104, 5.386, 6.218, 6.01, 5.388, 4.655, 4.127, 4.288, 5.2, 5.53, 5.384, 5.206, 4.241, 3.777, 4.076, 4.471, 8.184, 11.856, 12.684, 11.342, 10.798, 10.588, 9.832, 7.454, 4.807, 3.158, 2.704, 3.062, 3.116, 3.421, 3.187, 3.506, 3.298, 3.344, 3.622, 3.52, 3.629, 4.011, 4.498, 4.179, 3.435, 3.762, 3.283, 3.643, 4.108, 3.734, 4.346, 5.734, 5.304], [5.579, 4.927, 6.289, 8.763, 8.736, 6.368, 3.687, 3.21, 4.066, 4.854, 5.304, 5.832, 6.248, 6.525, 6.323, 6.121, 5.546, 3.952, 2.273, 2.222, 2.214, 1.633, 1.363, 0.883, 0.816, 0.0, 1.039, 1.676, 1.746, 1.252, 1.599, 2.563, 2.557, 2.273, 2.911, 3.176, 2.916, 1.609, 2.585, 3.679, 5.473, 7.085, 6.772, 5.212, 4.286, 4.701, 5.926, 6.915, 7.072, 7.235, 6.828, 6.344, 6.226, 6.26, 6.733, 7.235, 7.08, 7.001, 7.355, 6.808, 6.516, 6.872, 7.371, 7.117, 5.745, 4.475, 3.802, 3.309, 2.763, 2.089, 3.053, 4.652, 6.835, 8.654, 10.19, 12.944, 13.893, 12.204, 9.972, 10.974, 13.424, 12.848, 9.582, 7.579, 7.034, 6.349, 5.653, 5.473, 5.316, 5.703, 6.558, 7.206, 7.401, 6.786, 6.21, 7.04, 7.876, 7.263, 5.754, 5.042, 4.639, 4.278, 4.902, 4.535, 4.113, 4.087, 4.666, 5.158, 5.208, 4.87, 5.109, 5.894, 5.706, 5.194, 4.378, 3.915, 4.079, 4.999, 5.274, 5.159, 4.991, 3.942, 3.472, 3.841, 4.174, 8.165, 11.951, 12.697, 11.499, 10.905, 10.6, 9.797, 7.537, 4.75, 3.061, 2.517, 2.941, 2.971, 3.165, 3.034, 3.311, 3.104, 3.204, 3.386, 3.452, 3.521, 3.862, 4.313, 3.929, 3.217, 3.49, 2.984, 3.4, 3.796, 3.428, 4.221, 5.68, 5.321], [5.965, 5.148, 6.803, 9.272, 9.258, 6.866, 4.253, 3.449, 4.594, 5.402, 5.919, 6.406, 6.791, 7.104, 6.905, 6.672, 6.087, 4.492, 2.541, 2.134, 1.798, 1.423, 1.286, 1.002, 1.163, 1.039, 0.0, 1.226, 1.498, 1.342, 1.392, 2.086, 2.186, 2.163, 2.959, 3.651, 3.384, 1.468, 2.06, 3.204, 4.979, 6.626, 6.243, 4.744, 3.946, 4.45, 5.441, 6.398, 6.664, 6.663, 6.302, 5.78, 5.79, 5.892, 6.221, 6.726, 6.544, 6.434, 6.845, 6.291, 5.991, 6.341, 6.911, 6.589, 5.19, 4.059, 3.537, 3.136, 2.595, 1.919, 3.206, 5.16, 7.435, 9.222, 10.808, 13.538, 14.479, 12.826, 10.59, 11.51, 14.03, 13.385, 10.155, 8.182, 7.628, 6.907, 6.206, 6.096, 5.789, 6.251, 7.156, 7.661, 7.839, 7.071, 6.439, 7.419, 8.42, 7.788, 5.893, 4.866, 4.417, 4.473, 5.208, 4.848, 3.839, 3.774, 4.211, 4.65, 4.753, 4.405, 4.693, 5.439, 5.262, 4.735, 3.956, 3.47, 3.603, 4.572, 4.928, 4.788, 4.584, 3.898, 3.607, 3.956, 4.61, 8.798, 12.502, 13.308, 12.057, 11.476, 11.163, 10.349, 8.121, 5.346, 3.388, 2.536, 2.687, 2.613, 2.864, 2.797, 3.002, 2.791, 2.839, 2.994, 2.984, 3.088, 3.373, 3.803, 3.445, 2.76, 3.251, 2.535, 3.075, 3.413, 3.007, 3.901, 5.154, 5.142], [6.38, 5.501, 7.07, 9.45, 9.542, 7.128, 4.567, 3.905, 4.941, 5.761, 6.219, 6.736, 7.169, 7.473, 7.288, 7.038, 6.451, 4.826, 2.727, 1.77, 1.612, 1.533, 1.556, 1.643, 1.938, 1.676, 1.226, 0.0, 1.059, 1.385, 1.271, 1.742, 2.088, 2.55, 3.308, 4.178, 3.94, 2.108, 1.959, 2.903, 4.759, 6.362, 6.056, 4.519, 3.583, 4.085, 5.147, 5.982, 6.354, 6.469, 6.1, 5.502, 5.436, 5.596, 6.089, 6.602, 6.376, 6.288, 6.706, 6.164, 5.871, 6.204, 6.659, 6.416, 5.026, 3.65, 3.176, 2.904, 2.346, 1.875, 3.363, 5.474, 7.669, 9.62, 11.141, 13.908, 14.849, 13.157, 10.932, 11.926, 14.299, 13.594, 10.532, 8.525, 7.989, 7.21, 6.671, 6.427, 6.001, 6.5, 7.536, 7.93, 8.155, 7.427, 6.774, 7.734, 8.703, 8.065, 6.25, 4.852, 4.455, 4.8, 5.618, 5.175, 4.095, 3.738, 4.032, 4.292, 4.156, 3.841, 4.072, 4.901, 4.595, 4.122, 3.381, 3.236, 3.301, 4.386, 4.773, 4.639, 4.415, 3.807, 3.668, 4.054, 5.069, 9.085, 12.907, 13.63, 12.47, 11.88, 11.54, 10.628, 8.523, 5.7, 3.728, 2.747, 2.654, 2.739, 3.073, 2.903, 2.681, 2.57, 2.484, 2.62, 3.027, 3.118, 3.266, 3.46, 2.88, 2.224, 2.617, 1.963, 2.615, 2.728, 2.291, 3.376, 4.776, 4.744], [6.241, 5.494, 7.041, 9.469, 9.35, 6.947, 4.396, 3.973, 4.746, 5.375, 5.841, 6.352, 6.761, 7.094, 6.912, 6.706, 6.06, 4.579, 2.663, 1.771, 1.686, 1.595, 1.508, 1.747, 2.02, 1.746, 1.498, 1.059, 0.0, 1.202, 1.104, 1.58, 1.804, 2.1, 3.007, 4.026, 3.827, 2.145, 2.233, 3.147, 4.785, 6.47, 6.167, 4.495, 3.651, 4.17, 5.399, 6.361, 6.549, 6.633, 6.129, 5.73, 5.608, 5.567, 6.14, 6.693, 6.55, 6.413, 6.778, 6.08, 5.9, 6.322, 6.876, 6.575, 5.182, 3.901, 3.641, 3.203, 2.628, 2.07, 3.057, 5.139, 7.382, 9.248, 10.788, 13.532, 14.459, 12.832, 10.569, 11.527, 13.986, 13.459, 10.218, 8.184, 7.681, 7.063, 6.438, 6.302, 5.993, 6.484, 7.378, 7.877, 8.128, 7.437, 6.794, 7.731, 8.648, 8.011, 6.257, 4.754, 4.427, 4.805, 5.584, 5.189, 4.093, 3.593, 3.841, 4.088, 4.035, 3.691, 3.958, 4.765, 4.565, 4.077, 3.276, 2.898, 3.118, 4.21, 4.62, 4.465, 4.254, 3.744, 3.511, 3.869, 4.824, 8.713, 12.531, 13.281, 12.098, 11.482, 11.181, 10.417, 8.183, 5.449, 3.449, 2.385, 2.205, 2.366, 2.734, 2.387, 2.175, 2.084, 2.012, 2.191, 2.626, 2.764, 2.906, 3.201, 2.773, 2.127, 2.263, 2.043, 2.689, 2.697, 2.452, 3.64, 5.101, 4.801], [5.751, 5.141, 6.392, 8.757, 8.64, 6.226, 3.678, 3.076, 3.896, 4.656, 5.092, 5.662, 6.051, 6.361, 6.161, 6.008, 5.335, 3.857, 1.981, 1.7, 1.746, 1.639, 1.502, 1.45, 1.387, 1.252, 1.342, 1.385, 1.202, 0.0, 1.08, 2.051, 2.176, 1.967, 2.585, 3.262, 2.933, 1.678, 2.782, 3.821, 5.429, 7.251, 6.936, 5.158, 4.116, 4.852, 6.06, 7.061, 7.222, 7.316, 6.829, 6.396, 6.17, 6.147, 6.836, 7.382, 7.259, 7.139, 7.449, 6.776, 6.566, 7.016, 7.563, 7.324, 5.965, 4.634, 3.878, 3.226, 2.632, 1.72, 2.491, 4.421, 6.712, 8.493, 9.986, 12.754, 13.731, 12.111, 9.873, 10.831, 13.254, 12.746, 9.474, 7.375, 6.911, 6.367, 5.767, 5.636, 5.408, 5.808, 6.703, 7.358, 7.604, 6.996, 6.408, 7.25, 8.085, 7.423, 5.938, 4.903, 4.54, 4.444, 5.107, 4.721, 3.94, 3.924, 4.233, 4.605, 4.71, 4.369, 4.599, 5.466, 5.286, 4.757, 3.94, 3.356, 3.556, 4.608, 5.021, 4.842, 4.616, 3.782, 3.335, 3.734, 4.299, 8.002, 11.789, 12.483, 11.293, 10.702, 10.429, 9.695, 7.395, 4.795, 2.94, 2.118, 2.268, 2.376, 2.854, 2.606, 2.437, 2.355, 2.54, 2.793, 2.871, 2.993, 3.303, 3.778, 3.408, 2.746, 2.999, 2.753, 3.419, 3.497, 3.195, 4.3, 5.708, 5.097], [5.792, 4.988, 6.408, 8.773, 8.69, 6.345, 3.746, 3.398, 4.258, 4.911, 5.349, 5.93, 6.354, 6.67, 6.462, 6.26, 5.649, 4.13, 2.103, 1.903, 1.814, 1.435, 1.307, 1.494, 1.796, 1.599, 1.392, 1.271, 1.104, 1.08, 0.0, 1.64, 1.92, 2.103, 2.77, 3.473, 3.213, 1.692, 2.757, 3.695, 5.42, 7.112, 6.805, 5.034, 4.122, 4.811, 5.904, 6.82, 7.125, 7.242, 6.763, 6.322, 6.072, 6.171, 6.773, 7.298, 7.157, 7.034, 7.384, 6.774, 6.486, 6.918, 7.428, 7.228, 5.836, 4.438, 4.068, 3.549, 2.93, 2.138, 2.823, 4.603, 6.788, 8.756, 10.24, 13.003, 13.986, 12.293, 10.062, 11.062, 13.381, 12.759, 9.601, 7.606, 7.097, 6.54, 5.97, 5.777, 5.453, 5.885, 6.844, 7.334, 7.609, 6.925, 6.267, 7.247, 8.138, 7.447, 5.723, 4.436, 4.151, 4.3, 5.065, 4.67, 3.805, 3.521, 3.868, 4.332, 4.512, 4.152, 4.342, 5.235, 4.959, 4.409, 3.638, 3.111, 3.239, 4.231, 4.606, 4.434, 4.199, 3.542, 3.307, 3.808, 4.437, 8.211, 12.039, 12.692, 11.548, 10.963, 10.608, 9.781, 7.621, 5.028, 3.208, 2.315, 2.293, 2.4, 2.646, 2.433, 2.323, 2.384, 2.437, 2.656, 2.903, 2.918, 3.165, 3.622, 3.207, 2.595, 2.847, 2.555, 3.222, 3.209, 2.873, 4.058, 5.389, 5.214], [6.334, 5.358, 7.098, 9.651, 9.721, 7.278, 4.959, 4.672, 5.284, 5.773, 6.29, 6.868, 7.296, 7.635, 7.403, 7.146, 6.523, 4.952, 2.834, 2.001, 1.818, 1.829, 2.089, 2.499, 2.881, 2.563, 2.086, 1.742, 1.58, 2.051, 1.64, 0.0, 1.338, 2.251, 3.381, 4.61, 4.343, 2.478, 2.359, 3.111, 4.847, 6.232, 6.012, 4.578, 4.403, 4.293, 5.015, 5.972, 6.455, 6.596, 6.172, 5.874, 5.888, 5.963, 6.123, 6.458, 6.329, 6.268, 6.711, 6.199, 5.879, 6.007, 6.445, 6.346, 5.251, 4.008, 3.826, 3.488, 2.928, 2.492, 3.463, 5.614, 7.76, 9.78, 11.267, 13.955, 15.01, 13.213, 11.019, 12.046, 14.431, 13.713, 10.549, 8.58, 8.108, 7.386, 6.596, 6.399, 6.127, 6.506, 7.38, 7.909, 8.071, 7.273, 6.652, 7.656, 8.651, 7.978, 5.977, 4.202, 3.96, 4.649, 5.434, 5.054, 3.84, 2.797, 2.837, 3.136, 3.177, 2.92, 3.228, 4.078, 3.778, 3.264, 2.454, 2.043, 2.241, 3.257, 3.667, 3.547, 3.528, 3.528, 3.434, 3.773, 4.942, 9.248, 12.981, 13.698, 12.59, 12.0, 11.659, 10.757, 8.643, 5.667, 3.583, 2.512, 2.565, 2.596, 2.676, 2.325, 2.041, 2.185, 2.135, 2.271, 2.521, 2.375, 2.36, 2.515, 2.003, 2.153, 2.666, 2.301, 3.051, 2.71, 2.61, 3.849, 5.174, 5.496], [5.852, 4.778, 6.717, 9.304, 9.338, 6.885, 4.539, 4.681, 5.222, 5.406, 5.878, 6.418, 6.761, 7.095, 6.88, 6.64, 6.047, 4.441, 2.372, 1.795, 1.629, 1.828, 1.799, 2.4, 2.767, 2.557, 2.186, 2.088, 1.804, 2.176, 1.92, 1.338, 0.0, 1.661, 2.857, 4.098, 3.904, 2.396, 2.447, 3.3, 5.177, 6.656, 6.392, 5.13, 4.701, 4.475, 5.317, 6.399, 6.588, 6.926, 6.632, 6.086, 6.187, 6.255, 6.314, 6.793, 6.638, 6.649, 6.925, 6.518, 6.157, 6.35, 6.901, 6.669, 5.374, 4.278, 3.86, 3.697, 3.089, 2.718, 3.228, 5.162, 7.456, 9.239, 10.805, 13.509, 14.474, 12.799, 10.571, 11.52, 14.029, 13.403, 10.163, 8.155, 7.607, 6.905, 6.136, 5.9, 5.705, 6.12, 6.913, 7.515, 7.452, 6.699, 6.036, 7.03, 8.01, 7.541, 5.431, 3.828, 3.536, 4.069, 4.866, 4.486, 3.288, 2.451, 2.517, 2.988, 3.16, 2.956, 3.411, 4.408, 4.053, 3.466, 2.698, 1.7, 1.787, 2.945, 3.382, 3.201, 3.008, 3.0, 2.911, 3.012, 4.329, 8.817, 12.503, 13.269, 12.082, 11.499, 11.205, 10.326, 8.113, 5.215, 2.866, 1.831, 1.989, 1.986, 2.167, 1.797, 1.814, 1.857, 2.012, 2.245, 1.926, 1.737, 1.854, 2.342, 2.443, 2.151, 2.616, 2.55, 3.051, 2.908, 2.936, 4.03, 5.595, 5.715], [5.294, 4.677, 6.053, 8.463, 8.35, 6.006, 3.669, 4.06, 4.401, 4.501, 4.875, 5.196, 5.404, 5.802, 5.574, 5.546, 4.763, 3.353, 2.191, 2.357, 2.647, 2.528, 2.321, 2.405, 2.305, 2.273, 2.163, 2.55, 2.1, 1.967, 2.103, 2.251, 1.661, 0.0, 1.691, 3.028, 2.846, 2.198, 3.564, 4.474, 5.955, 7.849, 7.459, 5.692, 4.902, 5.462, 6.684, 7.708, 7.842, 7.768, 7.338, 6.904, 6.735, 6.566, 7.208, 7.745, 7.757, 7.699, 7.888, 7.195, 6.958, 7.473, 8.181, 7.929, 6.551, 5.304, 4.557, 3.968, 3.418, 2.641, 2.558, 4.121, 6.321, 7.928, 9.606, 12.268, 13.2, 11.673, 9.405, 10.288, 12.939, 12.385, 9.092, 6.888, 6.567, 6.019, 5.422, 5.252, 5.034, 5.462, 6.352, 6.937, 7.16, 6.55, 5.976, 6.778, 7.692, 7.016, 5.491, 4.191, 3.863, 3.973, 4.642, 4.266, 3.179, 2.983, 3.498, 4.208, 4.272, 4.192, 4.686, 5.667, 5.255, 4.763, 3.951, 2.899, 2.804, 3.644, 4.034, 3.869, 3.669, 2.868, 2.619, 2.826, 3.801, 7.698, 11.106, 12.132, 10.829, 10.324, 10.13, 9.407, 6.956, 4.362, 2.414, 1.511, 1.488, 1.789, 2.328, 1.846, 2.0, 2.14, 2.749, 2.992, 2.464, 2.37, 2.874, 3.539, 3.639, 3.389, 3.408, 3.503, 4.192, 4.296, 3.979, 5.147, 6.48, 5.89], [5.674, 5.141, 6.042, 7.944, 7.671, 5.228, 2.567, 3.356, 3.685, 3.78, 4.235, 4.617, 4.763, 5.028, 4.858, 4.967, 4.107, 2.859, 2.471, 3.118, 3.594, 3.41, 3.23, 3.162, 2.723, 2.911, 2.959, 3.308, 3.007, 2.585, 2.77, 3.381, 2.857, 1.691, 0.0, 2.101, 1.979, 2.809, 4.529, 5.544, 6.914, 8.934, 8.504, 6.55, 5.386, 6.481, 7.772, 8.8, 8.925, 8.802, 8.346, 7.782, 7.369, 7.279, 8.2, 8.743, 8.699, 8.728, 8.875, 8.09, 7.949, 8.529, 9.272, 8.991, 7.612, 6.372, 5.552, 4.534, 4.185, 2.971, 2.316, 3.351, 5.476, 6.915, 8.641, 11.296, 12.198, 10.79, 8.579, 9.396, 11.977, 11.538, 8.69, 6.276, 5.827, 5.574, 5.359, 5.236, 5.118, 5.191, 6.214, 7.266, 7.405, 6.939, 6.401, 7.124, 7.768, 7.209, 5.94, 4.886, 4.459, 4.438, 5.033, 4.657, 3.771, 3.821, 4.764, 5.511, 5.68, 5.574, 6.029, 6.999, 6.651, 6.047, 5.305, 4.237, 4.037, 4.458, 4.716, 4.585, 4.411, 3.319, 3.142, 3.312, 4.199, 7.016, 10.086, 11.146, 9.817, 9.333, 9.183, 8.579, 6.269, 4.221, 3.026, 2.549, 2.6, 2.965, 3.432, 3.111, 3.071, 3.322, 3.996, 4.337, 3.884, 3.691, 4.227, 4.944, 4.925, 4.532, 4.554, 4.494, 5.207, 5.342, 4.983, 6.105, 7.323, 5.922], [5.95, 5.669, 6.188, 7.118, 6.951, 4.066, 1.31, 1.939, 2.145, 2.359, 2.929, 3.356, 3.569, 3.832, 3.659, 3.722, 3.4, 2.438, 2.833, 4.306, 4.703, 4.225, 3.932, 3.557, 3.086, 3.176, 3.651, 4.178, 4.026, 3.262, 3.473, 4.61, 4.098, 3.028, 2.101, 0.0, 1.402, 2.876, 5.296, 6.424, 7.806, 9.797, 9.398, 7.477, 6.224, 7.357, 8.677, 9.695, 9.822, 9.751, 9.249, 8.747, 8.326, 8.237, 9.197, 9.758, 9.656, 9.58, 9.825, 9.052, 8.864, 9.426, 10.172, 9.831, 8.45, 7.24, 6.452, 5.367, 5.064, 3.676, 1.747, 2.464, 4.385, 5.896, 7.568, 10.299, 11.146, 9.712, 7.669, 8.316, 10.916, 10.461, 8.066, 5.595, 4.865, 4.891, 5.311, 5.192, 5.056, 4.986, 5.781, 7.416, 7.466, 7.095, 6.738, 7.245, 7.67, 7.143, 6.563, 6.133, 5.728, 5.075, 5.364, 5.092, 5.192, 5.18, 6.16, 6.91, 7.132, 6.932, 7.379, 8.304, 8.012, 7.385, 6.619, 5.568, 5.445, 6.064, 6.308, 6.16, 6.005, 4.995, 4.512, 4.797, 4.886, 6.114, 9.137, 10.14, 8.816, 8.286, 8.089, 7.436, 5.414, 4.101, 3.446, 3.789, 3.886, 4.135, 4.51, 4.329, 4.533, 4.701, 5.328, 5.666, 5.262, 5.09, 5.631, 6.313, 6.245, 5.815, 5.794, 5.636, 6.349, 6.565, 6.218, 7.123, 8.168, 6.828], [5.325, 4.92, 5.603, 7.196, 6.897, 4.426, 1.642, 2.399, 2.622, 2.722, 3.108, 3.614, 3.886, 4.172, 4.053, 4.213, 3.555, 2.32, 2.608, 4.019, 4.382,