[[0.0, 1.164, 1.472, 2.462, 3.295, 2.844, 1.9, 1.935, 2.314, 2.536, 2.465, 3.297, 3.817, 5.244, 6.703, 6.437, 4.817, 3.24, 2.76, 2.891, 3.179, 2.973, 2.773, 2.883, 3.501, 3.699, 3.941, 4.529, 4.154, 4.054, 4.446, 5.434, 6.152, 5.276, 4.784, 4.888, 4.528, 3.815, 3.876, 5.353, 7.354, 8.099, 7.505, 6.747, 6.668, 7.453, 8.705, 8.079, 5.439, 2.761, 2.022, 2.284, 3.495, 3.78, 3.845, 4.094, 4.521, 4.149, 4.066, 3.983, 4.742, 4.909, 4.918, 4.916, 4.656, 4.751, 5.208, 4.049, 2.846, 3.317, 5.548, 6.985, 6.97, 7.732, 8.495, 9.056, 9.047, 7.856, 6.703, 7.155, 7.988, 9.225, 9.937, 9.507, 7.9, 5.828, 4.163, 2.848, 3.356, 3.632, 4.094, 5.334, 5.93, 5.976, 5.52, 4.935, 5.561, 5.671, 5.653, 6.142, 8.102, 6.133, 3.152, 5.223, 6.471, 6.314, 5.814, 5.624, 6.848, 8.083, 8.8, 8.205, 7.538, 7.324, 7.075, 6.764, 6.064, 5.548, 5.002, 4.979, 5.67, 5.577, 5.355, 5.444, 6.497, 7.805, 8.669, 9.114, 9.334, 9.353, 10.088, 10.876, 11.622, 12.811, 13.203, 11.658, 8.499, 5.674, 4.773, 4.789, 5.254, 5.107, 3.917, 2.678, 1.851, 1.919, 2.527, 2.321, 1.647, 1.827, 2.623, 2.615, 2.077, 2.554, 2.11, 1.952, 2.025, 2.623], [1.164, 0.0, 1.106, 2.472, 3.395, 2.966, 2.026, 2.071, 2.41, 2.78, 2.913, 3.818, 4.461, 5.837, 7.294, 7.028, 5.408, 3.712, 3.015, 3.39, 3.724, 3.473, 3.277, 3.396, 3.996, 3.879, 4.114, 4.394, 3.841, 3.568, 3.74, 4.768, 5.594, 4.836, 4.36, 4.187, 3.838, 3.13, 3.318, 4.61, 6.555, 7.303, 6.711, 5.967, 5.891, 6.629, 7.89, 7.347, 4.61, 1.999, 1.604, 2.633, 4.296, 4.585, 4.507, 4.646, 4.906, 4.894, 4.362, 4.604, 5.444, 5.378, 5.408, 5.367, 5.103, 5.401, 5.97, 4.645, 2.923, 3.102, 4.846, 6.251, 6.226, 6.943, 7.725, 8.425, 8.474, 7.303, 6.117, 6.603, 7.338, 8.561, 9.328, 8.924, 7.303, 5.239, 3.805, 2.568, 2.726, 2.857, 3.346, 4.63, 5.232, 5.242, 4.796, 4.282, 4.918, 5.123, 5.141, 5.603, 7.485, 5.468, 3.221, 5.432, 6.768, 6.573, 6.1, 5.992, 7.388, 8.676, 9.387, 8.793, 8.24, 8.043, 7.792, 7.474, 6.615, 5.898, 5.264, 5.319, 6.046, 6.078, 6.03, 6.238, 7.319, 8.598, 9.307, 9.709, 9.923, 9.964, 10.699, 11.517, 12.34, 13.443, 13.791, 12.242, 9.098, 6.244, 5.127, 5.056, 5.654, 5.476, 4.339, 3.187, 2.047, 1.362, 2.157, 1.892, 1.761, 2.067, 3.106, 3.167, 2.545, 2.821, 2.346, 2.286, 2.628, 3.252], [1.472, 1.106, 0.0, 1.871, 3.015, 2.462, 1.937, 1.903, 2.074, 2.527, 2.984, 3.928, 4.54, 5.79, 7.102, 6.834, 5.232, 3.556, 2.87, 3.303, 3.656, 3.491, 3.17, 3.195, 3.818, 4.021, 4.286, 4.603, 4.068, 3.773, 3.843, 4.945, 5.683, 5.095, 4.566, 4.204, 3.744, 3.278, 3.372, 4.553, 6.681, 7.419, 6.754, 5.962, 5.838, 6.774, 8.08, 7.485, 4.71, 1.88, 1.247, 2.687, 4.367, 4.733, 4.55, 4.749, 4.955, 4.95, 4.216, 4.673, 5.507, 5.42, 5.43, 5.351, 5.079, 5.534, 6.046, 4.877, 3.425, 3.67, 5.012, 6.364, 6.35, 6.736, 7.51, 8.636, 8.656, 7.455, 6.366, 6.876, 7.512, 8.719, 9.547, 9.076, 7.564, 5.513, 4.331, 3.063, 2.902, 2.85, 3.366, 4.78, 5.421, 5.221, 4.931, 4.477, 5.056, 5.213, 5.272, 5.795, 7.717, 5.66, 3.417, 5.723, 6.937, 6.73, 6.31, 6.083, 7.217, 8.443, 9.122, 8.561, 8.148, 7.869, 7.629, 7.395, 6.691, 6.089, 5.627, 5.604, 6.203, 6.19, 5.963, 6.38, 7.432, 8.72, 9.301, 9.469, 9.72, 9.759, 10.464, 11.265, 12.341, 13.262, 13.573, 12.023, 8.803, 5.985, 5.266, 5.265, 5.648, 5.382, 4.458, 3.432, 2.509, 1.493, 2.254, 2.183, 2.314, 2.367, 3.499, 3.45, 3.028, 3.431, 2.859, 2.726, 2.862, 3.296], [2.462, 2.472, 1.871, 0.0, 1.569, 1.243, 1.397, 1.72, 1.475, 1.834, 2.235, 2.927, 3.503, 4.455, 5.78, 5.51, 3.973, 2.787, 2.239, 2.686, 2.929, 2.801, 2.549, 2.577, 3.407, 4.209, 5.126, 5.71, 5.178, 4.838, 5.129, 6.185, 6.826, 6.23, 5.757, 5.327, 4.906, 4.488, 4.565, 5.734, 8.172, 8.936, 8.278, 7.466, 7.339, 8.21, 9.574, 8.901, 6.03, 3.327, 1.895, 1.898, 3.319, 3.663, 3.462, 3.763, 3.975, 3.892, 3.126, 3.584, 4.292, 4.183, 4.441, 4.554, 4.289, 4.636, 5.19, 4.513, 3.947, 5.105, 6.422, 7.73, 7.83, 8.23, 9.029, 10.125, 10.139, 8.89, 7.952, 8.206, 8.961, 10.109, 11.036, 10.612, 9.121, 7.103, 5.677, 4.423, 3.949, 3.916, 4.797, 6.33, 6.911, 6.454, 6.03, 5.804, 6.578, 6.682, 6.707, 7.196, 9.241, 7.191, 4.233, 5.763, 6.796, 6.747, 6.234, 5.886, 6.667, 7.274, 7.856, 7.321, 7.05, 6.943, 6.882, 6.798, 6.362, 5.919, 5.587, 5.593, 5.928, 5.997, 5.52, 5.85, 6.197, 7.432, 7.982, 8.109, 8.376, 8.476, 9.022, 9.872, 10.936, 11.887, 12.226, 10.716, 7.529, 5.238, 5.219, 5.067, 5.26, 5.116, 4.246, 3.647, 2.934, 2.829, 3.455, 3.097, 3.136, 2.414, 3.248, 3.195, 3.186, 4.225, 3.845, 3.227, 2.798, 2.737], [3.295, 3.395, 3.015, 1.569, 0.0, 1.326, 2.035, 2.617, 2.455, 2.45, 2.619, 2.781, 3.019, 3.704, 4.89, 4.649, 3.368, 2.838, 2.541, 2.667, 2.734, 2.485, 2.327, 2.502, 3.08, 4.245, 5.254, 5.881, 5.424, 5.416, 5.924, 6.769, 7.273, 6.652, 6.143, 5.941, 5.708, 5.398, 5.211, 6.834, 9.364, 10.229, 9.48, 8.649, 8.504, 9.371, 10.77, 10.149, 7.153, 4.413, 3.003, 2.134, 2.787, 3.186, 2.86, 3.391, 3.609, 3.233, 2.748, 3.084, 3.653, 3.64, 4.042, 4.202, 4.025, 4.178, 4.961, 4.549, 4.521, 5.891, 7.566, 8.947, 9.102, 9.374, 10.245, 11.428, 11.437, 10.192, 9.09, 9.376, 10.198, 11.41, 12.273, 11.901, 10.424, 8.282, 6.411, 5.123, 4.944, 4.99, 5.965, 7.629, 8.127, 7.607, 6.781, 7.06, 7.841, 7.92, 8.003, 8.556, 10.543, 8.471, 4.405, 5.771, 6.648, 6.663, 6.065, 5.559, 6.327, 6.72, 7.144, 6.619, 6.517, 6.653, 6.561, 6.536, 6.144, 5.668, 5.563, 5.714, 5.706, 5.862, 5.277, 5.643, 5.577, 6.553, 7.107, 7.154, 7.414, 7.548, 7.932, 8.856, 10.026, 10.851, 11.217, 9.766, 6.568, 5.181, 5.208, 4.841, 4.885, 4.939, 4.267, 4.058, 3.227, 3.939, 4.73, 4.251, 3.885, 3.06, 3.379, 3.178, 3.67, 4.754, 4.47, 3.826, 2.991, 2.557], [2.844, 2.966, 2.462, 1.243, 1.326, 0.0, 1.319, 2.032, 1.775, 1.831, 2.053, 2.667, 3.102, 4.12, 5.363, 5.134, 3.638, 2.591, 2.405, 2.443, 2.628, 2.479, 2.183, 2.278, 3.138, 4.258, 5.462, 6.029, 5.528, 5.36, 5.685, 6.69, 7.218, 6.606, 6.098, 5.862, 5.491, 5.175, 5.219, 6.571, 8.908, 9.706, 9.003, 8.191, 8.02, 8.935, 10.27, 9.648, 6.701, 3.869, 2.482, 2.074, 2.864, 3.328, 2.928, 3.491, 3.775, 3.457, 2.984, 3.196, 3.987, 3.977, 4.163, 4.347, 4.118, 4.205, 4.765, 4.17, 4.029, 5.507, 7.028, 8.462, 8.607, 8.879, 9.72, 10.909, 10.899, 9.672, 8.548, 8.982, 9.689, 10.895, 11.73, 11.35, 9.875, 7.724, 5.922, 4.702, 4.81, 4.667, 5.487, 7.103, 7.605, 7.181, 6.704, 6.601, 7.319, 7.34, 7.327, 7.885, 10.03, 7.966, 4.501, 5.718, 6.633, 6.66, 6.102, 5.671, 6.409, 6.906, 7.531, 6.927, 6.788, 6.668, 6.573, 6.537, 6.142, 5.66, 5.553, 5.572, 5.661, 5.758, 5.228, 5.537, 5.793, 7.074, 7.71, 7.717, 7.969, 8.032, 8.473, 9.345, 10.599, 11.437, 11.759, 10.271, 7.111, 5.048, 5.166, 4.813, 4.915, 4.829, 4.023, 3.579, 2.95, 3.396, 4.159, 3.754, 3.439, 2.541, 3.061, 2.808, 3.33, 4.33, 3.992, 3.298, 2.643, 2.517], [1.9, 2.026, 1.937, 1.397, 2.035, 1.319, 0.0, 1.191, 1.339, 1.446, 1.589, 2.419, 3.052, 4.381, 5.773, 5.563, 4.005, 2.522, 1.971, 2.211, 2.577, 2.416, 2.154, 2.178, 3.089, 3.793, 5.035, 5.657, 5.141, 4.885, 5.217, 6.365, 7.127, 6.388, 5.824, 5.627, 5.273, 4.751, 4.9, 6.278, 8.286, 9.046, 8.414, 7.653, 7.595, 8.305, 9.65, 8.979, 6.087, 3.362, 2.103, 1.69, 2.794, 3.229, 2.936, 3.32, 3.563, 3.519, 3.075, 3.113, 4.059, 3.975, 3.973, 4.091, 3.816, 3.983, 4.573, 3.732, 3.039, 4.397, 6.358, 7.787, 7.993, 8.523, 9.271, 10.202, 10.164, 8.974, 7.903, 8.334, 9.051, 10.191, 11.038, 10.627, 9.143, 7.006, 5.222, 3.818, 4.395, 4.244, 4.983, 6.389, 6.954, 6.872, 6.431, 5.954, 6.643, 6.655, 6.643, 7.207, 9.315, 7.299, 4.068, 5.422, 6.459, 6.39, 5.934, 5.592, 6.392, 7.176, 7.842, 7.262, 6.852, 6.664, 6.555, 6.383, 5.952, 5.508, 5.159, 5.225, 5.564, 5.571, 5.05, 5.323, 5.899, 7.203, 7.881, 8.103, 8.337, 8.383, 8.957, 9.69, 10.788, 11.725, 12.136, 10.587, 7.479, 5.007, 4.854, 4.677, 4.881, 4.748, 3.601, 2.889, 2.191, 2.669, 3.534, 3.041, 2.4, 1.884, 2.663, 2.448, 2.636, 3.424, 2.989, 2.356, 2.18, 2.257], [1.935, 2.071, 1.903, 1.72, 2.617, 2.032, 1.191, 0.0, 0.859, 1.305, 1.46, 2.351, 3.036, 4.316, 5.766, 5.548, 3.996, 2.432, 1.909, 2.373, 2.688, 2.501, 2.214, 2.288, 3.053, 3.914, 5.077, 5.906, 5.482, 5.216, 5.38, 6.428, 7.342, 6.593, 6.046, 5.861, 5.521, 4.764, 4.904, 6.173, 8.039, 8.767, 8.154, 7.429, 7.335, 8.088, 9.373, 8.83, 6.091, 3.361, 2.006, 1.647, 2.933, 3.468, 3.417, 3.552, 3.602, 3.84, 3.208, 3.177, 4.029, 3.864, 3.975, 3.795, 3.547, 4.1, 4.576, 3.711, 2.969, 4.51, 6.505, 7.741, 7.75, 8.365, 9.161, 9.929, 10.005, 8.941, 7.782, 8.304, 8.975, 10.082, 10.897, 10.452, 8.841, 6.872, 5.566, 4.234, 4.392, 4.45, 4.88, 6.083, 6.776, 6.827, 6.515, 5.913, 6.32, 6.511, 6.398, 6.93, 8.989, 6.951, 3.999, 5.382, 6.406, 6.347, 5.889, 5.578, 6.563, 7.404, 7.963, 7.378, 6.925, 6.752, 6.588, 6.369, 5.981, 5.598, 5.268, 5.154, 5.702, 5.521, 5.17, 5.286, 5.905, 7.198, 7.805, 8.234, 8.423, 8.504, 9.256, 9.974, 10.855, 11.95, 12.282, 10.755, 7.553, 5.059, 4.757, 4.709, 4.954, 4.874, 3.793, 2.816, 2.282, 2.632, 3.348, 3.025, 2.437, 1.874, 2.692, 2.684, 2.934, 3.465, 2.824, 2.455, 2.167, 2.403], [2.314, 2.41, 2.074, 1.475, 2.455, 1.775, 1.339, 0.859, 0.0, 1.052, 1.371, 2.282, 2.974, 4.212, 5.639, 5.418, 3.874, 2.358, 1.976, 2.355, 2.67, 2.524, 2.237, 2.226, 3.015, 4.266, 5.538, 6.304, 5.832, 5.572, 5.544, 6.682, 7.485, 6.78, 6.355, 6.079, 5.662, 4.984, 5.081, 6.216, 8.198, 8.945, 8.291, 7.558, 7.433, 8.255, 9.545, 8.946, 6.255, 3.552, 2.13, 1.806, 2.87, 3.454, 3.332, 3.529, 3.632, 3.764, 2.94, 3.047, 3.969, 3.771, 3.87, 3.734, 3.441, 4.0, 4.513, 3.775, 3.221, 4.966, 6.564, 7.87, 7.871, 8.456, 9.256, 10.063, 10.146, 9.045, 7.944, 8.415, 9.028, 10.199, 10.997, 10.604, 8.993, 7.034, 5.912, 4.562, 4.388, 4.514, 4.94, 6.255, 6.872, 6.873, 6.643, 6.001, 6.448, 6.642, 6.52, 7.033, 9.136, 7.078, 4.482, 5.415, 6.395, 6.378, 5.882, 5.553, 6.531, 7.271, 7.78, 7.262, 6.813, 6.681, 6.551, 6.368, 5.955, 5.556, 5.226, 5.163, 5.681, 5.503, 5.066, 5.182, 5.756, 7.022, 7.703, 8.096, 8.305, 8.374, 9.099, 9.848, 10.743, 11.811, 12.149, 10.628, 7.44, 4.911, 4.796, 4.659, 4.894, 4.781, 3.755, 2.914, 2.6, 2.828, 3.417, 3.108, 2.81, 2.031, 2.66, 2.715, 3.289, 3.936, 3.271, 2.691, 2.275, 2.558], [2.536, 2.78, 2.527, 1.834, 2.45, 1.831, 1.446, 1.305, 1.052, 0.0, 0.972, 1.695, 2.47, 3.91, 5.32, 5.078, 3.565, 2.279, 1.819, 2.133, 2.375, 2.144, 1.974, 2.09, 2.764, 4.308, 5.632, 6.539, 6.114, 5.8, 5.831, 7.079, 7.914, 7.215, 6.709, 6.456, 6.023, 5.327, 5.495, 6.783, 8.768, 9.497, 8.861, 8.183, 8.141, 8.783, 10.093, 9.396, 6.717, 4.035, 2.662, 1.496, 2.306, 2.899, 2.853, 2.979, 2.998, 3.331, 2.61, 2.525, 3.497, 3.283, 3.312, 3.244, 3.109, 3.347, 4.104, 3.317, 3.142, 5.022, 6.92, 8.345, 8.482, 9.137, 9.862, 10.52, 10.563, 9.38, 8.38, 8.661, 9.355, 10.646, 11.332, 11.048, 9.486, 7.373, 6.024, 4.595, 4.827, 4.888, 5.449, 6.746, 7.205, 7.422, 7.118, 6.308, 6.935, 6.974, 6.898, 7.45, 9.641, 7.605, 4.534, 5.33, 6.266, 6.292, 5.728, 5.339, 6.218, 6.782, 7.446, 6.86, 6.356, 6.293, 6.118, 5.997, 5.643, 5.237, 4.95, 5.01, 5.304, 5.25, 4.667, 4.757, 5.204, 6.523, 7.353, 7.669, 7.888, 7.931, 8.595, 9.336, 10.251, 11.267, 11.627, 10.139, 7.061, 4.742, 4.581, 4.438, 4.609, 4.494, 3.481, 2.757, 2.416, 3.158, 3.867, 3.301, 2.863, 1.901, 2.337, 2.358, 2.976, 3.717, 3.163, 2.541, 2.046, 2.234], [2.465, 2.913, 2.984, 2.235, 2.619, 2.053, 1.589, 1.46, 1.371, 0.972, 0.0, 1.215, 2.004, 3.334, 4.792, 4.526, 3.159, 2.084, 1.783, 2.058, 2.297, 2.166, 1.959, 2.081, 2.76, 4.449, 5.813, 6.72, 6.344, 6.061, 6.381, 7.43, 8.256, 7.479, 6.926, 6.847, 6.46, 5.804, 5.889, 7.348, 9.271, 10.021, 9.427, 8.681, 8.653, 9.336, 10.597, 9.959, 7.297, 4.58, 3.075, 1.496, 1.825, 2.543, 2.622, 2.614, 2.698, 3.014, 2.507, 2.105, 3.03, 2.737, 2.828, 3.004, 2.822, 2.99, 3.757, 3.217, 3.249, 5.228, 7.415, 8.918, 8.948, 9.692, 10.437, 11.033, 11.049, 9.881, 8.733, 9.163, 9.886, 11.175, 11.866, 11.503, 9.912, 7.784, 6.232, 4.812, 5.334, 5.501, 5.988, 7.275, 7.803, 7.972, 7.51, 6.833, 7.447, 7.472, 7.373, 7.874, 10.098, 8.097, 4.733, 5.329, 6.214, 6.229, 5.661, 5.287, 6.223, 6.76, 7.17, 6.533, 6.187, 6.21, 6.104, 5.915, 5.568, 5.194, 4.917, 4.927, 5.325, 5.108, 4.624, 4.457, 4.71, 5.944, 6.751, 7.204, 7.408, 7.402, 8.133, 8.839, 9.666, 10.788, 11.16, 9.62, 6.561, 4.635, 4.561, 4.414, 4.596, 4.505, 3.555, 2.718, 2.67, 3.586, 4.32, 3.828, 2.972, 1.968, 2.21, 2.295, 3.118, 3.827, 3.147, 2.542, 2.111, 2.329], [3.297, 3.818, 3.928, 2.927, 2.781, 2.667, 2.419, 2.351, 2.282, 1.695, 1.215, 0.0, 1.695, 3.072, 4.444, 4.172, 3.113, 2.474, 2.379, 2.408, 2.748, 2.59, 2.446, 2.569, 3.152, 4.728, 6.309, 7.215, 6.863, 6.703, 7.008, 8.07, 8.809, 8.028, 7.477, 7.496, 7.131, 6.602, 6.595, 8.237, 10.132, 10.921, 10.355, 9.647, 9.641, 10.189, 11.407, 10.734, 8.091, 5.524, 3.995, 1.704, 1.47, 2.214, 2.48, 2.444, 2.568, 2.821, 2.185, 1.919, 2.781, 2.446, 2.507, 2.702, 2.766, 2.703, 3.627, 3.318, 3.559, 5.787, 8.294, 9.7, 9.807, 10.646, 11.374, 11.644, 11.579, 10.391, 9.452, 9.615, 10.63, 11.873, 12.52, 12.032, 10.468, 8.302, 6.725, 5.483, 5.982, 6.28, 6.849, 8.019, 8.488, 8.832, 8.226, 7.512, 8.088, 7.996, 7.905, 8.406, 10.682, 8.817, 5.192, 5.581, 6.506, 6.529, 5.979, 5.538, 6.414, 6.883, 7.141, 6.472, 6.17, 6.311, 6.188, 6.009, 5.731, 5.414, 5.194, 5.196, 5.455, 5.195, 4.648, 4.38, 4.339, 5.254, 6.152, 6.719, 6.92, 6.878, 7.668, 8.343, 9.017, 10.242, 10.633, 9.082, 6.11, 4.904, 4.815, 4.678, 4.812, 4.795, 3.792, 2.896, 2.997, 4.371, 4.996, 4.253, 3.508, 2.512, 2.279, 2.484, 3.208, 4.092, 3.555, 2.752, 2.337, 2.452], [3.817, 4.461, 4.54, 3.503, 3.019, 3.102, 3.052, 3.036, 2.974, 2.47, 2.004, 1.695, 0.0, 1.922, 3.389, 3.41, 2.462, 2.574, 2.757, 2.513, 2.518, 2.399, 2.118, 2.135, 2.821, 4.842, 6.34, 7.25, 7.07, 7.262, 7.576, 8.594, 9.173, 8.146, 7.744, 8.062, 7.715, 7.153, 7.14, 8.757, 10.794, 11.536, 10.963, 10.207, 10.192, 10.812, 12.05, 11.464, 8.762, 6.155, 4.599, 2.528, 1.608, 2.1, 2.449, 2.545, 2.706, 2.606, 2.501, 2.08, 2.317, 2.424, 2.725, 3.062, 2.963, 2.845, 3.386, 3.565, 4.759, 6.699, 9.093, 10.428, 10.496, 11.245, 11.976, 12.583, 12.64, 11.412, 10.187, 10.479, 11.356, 12.729, 13.462, 13.086, 11.459, 9.394, 7.617, 6.232, 6.676, 6.862, 7.461, 8.796, 9.395, 9.351, 8.719, 8.268, 8.973, 9.1, 8.982, 9.479, 11.653, 9.612, 5.65, 5.643, 6.463, 6.312, 5.691, 5.168, 5.766, 6.216, 6.193, 5.734, 5.447, 5.815, 5.751, 5.765, 5.473, 5.075, 5.043, 5.189, 5.249, 4.9, 4.428, 4.209, 3.96, 4.717, 5.176, 5.79, 5.94, 5.961, 6.8, 7.484, 8.15, 9.285, 9.646, 8.171, 5.303, 4.66, 4.616, 4.408, 4.401, 4.484, 3.836, 3.187, 3.395, 5.181, 5.797, 5.271, 4.505, 3.384, 2.878, 2.878, 4.006, 4.985, 4.739, 3.496, 2.669, 2.63], [5.244, 5.837, 5.79, 4.455, 3.704, 4.12, 4.381, 4.316, 4.212, 3.91, 3.334, 3.072, 1.922, 0.0, 1.836, 1.923, 1.621, 2.669, 3.314, 3.119, 2.817, 2.861, 2.773, 2.679, 2.771, 4.614, 6.353, 7.38, 7.46, 8.061, 8.536, 9.334, 9.82, 8.832, 8.443, 8.572, 8.523, 8.093, 7.786, 9.395, 11.939, 12.84, 12.014, 11.048, 10.976, 12.009, 13.384, 12.971, 10.02, 7.324, 5.603, 4.121, 2.99, 3.353, 3.907, 3.936, 3.816, 3.957, 4.032, 3.138, 2.984, 3.033, 3.563, 3.966, 3.887, 3.443, 3.906, 4.425, 6.195, 8.354, 10.607, 11.934, 11.844, 12.092, 12.931, 14.167, 14.264, 12.942, 11.666, 11.998, 12.956, 14.266, 15.145, 14.714, 13.075, 11.06, 9.291, 7.833, 7.79, 7.987, 8.821, 10.349, 11.02, 10.102, 9.285, 9.808, 10.572, 10.763, 10.655, 11.151, 13.22, 11.112, 6.078, 5.124, 5.663, 5.411, 4.793, 4.369, 4.745, 4.944, 4.796, 4.353, 4.531, 4.871, 4.928, 4.945, 4.776, 4.524, 4.678, 4.954, 4.955, 4.181, 3.765, 3.749, 3.306, 3.927, 4.126, 4.518, 4.576, 4.779, 5.628, 6.384, 7.203, 8.165, 8.425, 6.961, 4.229, 4.007, 4.156, 3.787, 3.697, 3.898, 3.9, 3.738, 4.944, 6.733, 7.347, 6.896, 6.173, 4.714, 3.783, 4.003, 5.55, 6.622, 6.203, 5.076, 3.887, 3.451], [6.703, 7.294, 7.102, 5.78, 4.89, 5.363, 5.773, 5.766, 5.639, 5.32, 4.792, 4.444, 3.389, 1.836, 0.0, 0.902, 1.972, 3.675, 4.529, 4.134, 3.82, 4.052, 4.138, 4.022, 3.451, 4.528, 6.623, 7.949, 8.273, 9.275, 9.735, 10.672, 11.015, 10.215, 9.576, 9.553, 9.549, 9.259, 8.902, 10.645, 13.349, 14.274, 13.421, 12.422, 12.301, 13.429, 14.836, 14.422, 11.438, 8.699, 7.035, 5.542, 4.302, 4.669, 5.241, 5.318, 5.24, 5.343, 5.404, 4.582, 4.479, 4.526, 5.04, 5.335, 5.304, 4.791, 4.934, 5.768, 7.613, 9.812, 12.049, 13.352, 13.299, 13.337, 14.207, 15.621, 15.722, 14.405, 13.13, 13.462, 14.413, 15.724, 16.604, 16.173, 14.535, 12.518, 10.749, 9.292, 9.227, 9.341, 10.246, 11.808, 12.479, 11.443, 10.643, 11.263, 12.039, 12.22, 12.121, 12.618, 14.678, 12.579, 6.988, 4.396, 4.737, 4.254, 3.6, 3.441, 3.651, 4.148, 4.151, 3.707, 3.718, 3.996, 4.071, 4.147, 4.283, 4.175, 4.297, 4.546, 4.624, 3.592, 3.245, 3.568, 3.229, 3.631, 3.89, 3.951, 4.056, 4.236, 4.868, 5.684, 6.535, 7.252, 7.465, 5.834, 2.879, 3.416, 3.712, 3.253, 2.982, 3.186, 4.215, 4.552, 6.398, 8.189, 8.813, 8.368, 7.634, 6.156, 5.17, 5.407, 6.996, 8.083, 7.66, 6.511, 5.219, 4.654], [6.437, 7.028, 6.834, 5.51, 4.649, 5.134, 5.563, 5.548, 5.418, 5.078, 4.526, 4.172, 3.41, 1.923, 0.902, 0.0, 1.666, 3.388, 4.264, 3.888, 3.605, 3.809, 3.893, 3.783, 3.137, 4.452, 6.34, 7.629, 7.988, 9.015, 9.472, 10.397, 10.705, 9.94, 9.298, 9.273, 9.272, 8.982, 8.585, 10.356, 13.088, 14.001, 13.149, 12.177, 12.027, 13.171, 14.562, 14.148, 11.174, 8.424, 6.777, 5.318, 4.142, 4.511, 5.066, 5.178, 5.113, 5.191, 5.245, 4.486, 4.358, 4.448, 4.913, 5.198, 5.196, 4.692, 4.927, 5.563, 7.347, 9.546, 11.783, 13.09, 13.032, 13.091, 13.964, 15.355, 15.457, 14.135, 12.859, 13.191, 14.147, 15.458, 16.338, 15.906, 14.267, 12.252, 10.483, 9.026, 8.953, 9.067, 9.982, 11.541, 12.213, 11.172, 10.373, 10.997, 11.765, 11.955, 11.857, 12.344, 14.413, 12.304, 6.7, 4.307, 4.632, 4.199, 3.727, 3.485, 3.711, 4.266, 4.36, 3.803, 3.841, 4.068, 4.084, 4.161, 4.347, 4.234, 4.339, 4.631, 4.695, 3.725, 3.268, 3.612, 3.357, 3.787, 4.088, 4.104, 4.23, 4.483, 5.083, 5.903, 6.912, 7.535, 7.717, 5.984, 3.01, 3.531, 3.778, 3.228, 2.977, 3.297, 4.212, 4.392, 6.137, 7.928, 8.563, 8.118, 7.395, 5.909, 4.93, 5.143, 6.732, 7.819, 7.394, 6.244, 5.02, 4.487], [4.817, 5.408, 5.232, 3.973, 3.368, 3.638, 4.005, 3.996, 3.874, 3.565, 3.159, 3.113, 2.462, 1.621, 1.972, 1.666, 0.0, 1.819, 2.699, 2.388, 2.192, 2.29, 2.358, 2.337, 1.882, 3.588, 5.282, 6.276, 6.503, 7.391, 7.853, 8.795, 9.142, 8.411, 7.731, 7.706, 7.691, 7.372, 7.092, 8.823, 11.473, 12.393, 11.607, 10.634, 10.477, 11.554, 12.983, 12.571, 9.572, 6.841, 5.166, 3.862, 3.338, 3.737, 4.197, 4.359, 4.392, 4.381, 4.354, 3.817, 3.83, 3.957, 4.331, 4.6, 4.453, 4.067, 4.216, 4.343, 5.816, 7.939, 10.18, 11.482, 11.43, 11.478, 12.354, 13.738, 13.842, 12.54, 11.271, 11.577, 12.532, 13.842, 14.724, 14.307, 12.664, 10.633, 8.88, 7.425, 7.329, 7.443, 8.369, 9.928, 10.598, 9.615, 8.818, 9.381, 10.186, 10.374, 10.285, 10.787, 12.796, 10.693, 5.142, 3.947, 4.603, 4.225, 3.641, 3.213, 4.02, 4.745, 5.029, 4.356, 4.374, 4.477, 4.416, 4.375, 4.159, 3.901, 3.925, 4.203, 4.241, 3.696, 3.277, 3.619, 3.705, 4.696, 5.108, 5.021, 5.308, 5.493, 6.153, 7.082, 8.142, 8.857, 9.072, 7.411, 4.156, 3.191, 3.386, 2.764, 2.666, 2.869, 3.368, 3.25, 4.588, 6.33, 7.003, 6.548, 5.807, 4.344, 3.533, 3.618, 5.218, 6.23, 5.79, 4.695, 3.586, 3.167], [3.24, 3.712, 3.556, 2.787, 2.838, 2.591, 2.522, 2.432, 2.358, 2.279, 2.084, 2.474, 2.574, 2.669, 3.675, 3.388, 1.819, 0.0, 1.167, 1.143, 1.504, 1.418, 1.414, 1.561, 1.486, 3.039, 4.507, 5.41, 5.274, 5.767, 6.3, 7.163, 7.553, 6.976, 6.205, 6.206, 6.109, 5.741, 5.412, 7.13, 9.756, 10.687, 9.909, 8.98, 8.823, 9.881, 11.267, 10.812, 7.911, 5.153, 3.63, 3.033, 3.158, 3.79, 3.907, 4.005, 4.05, 4.207, 3.998, 3.453, 3.791, 3.799, 4.123, 4.364, 4.155, 4.092, 4.552, 3.84, 4.204, 6.239, 8.44, 9.742, 9.691, 9.783, 10.66, 12.0, 12.102, 10.799, 9.557, 9.859, 10.792, 12.102, 12.983, 12.567, 10.949, 8.899, 7.185, 5.748, 5.618, 5.781, 6.66, 8.188, 8.857, 7.947, 7.187, 7.642, 8.427, 8.636, 8.551, 9.088, 11.056, 8.961, 3.623, 3.791, 4.542, 4.311, 3.74, 3.501, 4.734, 5.674, 6.147, 5.607, 5.417, 5.154, 5.017, 4.752, 4.444, 4.051, 3.646, 3.779, 4.187, 4.097, 3.703, 4.218, 4.887, 6.037, 6.437, 6.367, 6.723, 6.834, 7.544, 8.419, 9.477, 10.239, 10.479, 8.974, 5.704, 3.115, 3.114, 2.796, 3.014, 2.948, 2.867, 2.612, 3.039, 4.589, 5.265, 4.797, 4.069, 2.659, 2.373, 2.529, 3.662, 4.543, 4.07, 3.143, 2.278, 2.278], [2.76, 3.015, 2.87, 2.239, 2.541, 2.405, 1.971, 1.909, 1.976, 1.819, 1.783, 2.379, 2.757, 3.314, 4.529, 4.264, 2.699, 1.167, 0.0, 1.029, 1.297, 1.181, 1.384, 1.794, 1.836, 3.059, 4.441, 5.362, 5.051, 5.045, 5.535, 6.534, 7.213, 6.639, 5.833, 5.701, 5.447, 5.033, 4.914, 6.566, 9.203, 9.995, 9.285, 8.479, 8.301, 9.22, 10.581, 9.977, 7.149, 4.357, 3.077, 2.557, 3.151, 3.717, 3.843, 3.851, 3.839, 4.108, 3.639, 3.311, 3.708, 3.617, 4.016, 4.237, 3.974, 4.134, 4.708, 3.796, 3.529, 5.53, 7.593, 8.905, 8.928, 9.173, 10.034, 11.185, 11.237, 10.021, 8.885, 9.143, 10.002, 11.274, 12.102, 11.745, 10.181, 8.064, 6.495, 5.005, 4.81, 4.962, 5.845, 7.399, 7.988, 7.4, 6.608, 6.852, 7.638, 7.793, 7.82, 8.329, 10.301, 8.247, 3.48, 3.958, 4.964, 4.755, 4.351, 4.116, 5.126, 6.178, 6.722, 6.166, 5.885, 5.616, 5.477, 5.159, 4.711, 4.21, 3.757, 3.869, 4.393, 4.443, 4.032, 4.654, 5.253, 6.441, 6.904, 6.912, 7.295, 7.34, 8.009, 8.862, 9.926, 10.699, 10.99, 9.495, 6.304, 3.709, 3.378, 3.115, 3.496, 3.396, 2.762, 2.502, 2.548, 3.754, 4.481, 3.989, 3.37, 2.0, 2.189, 2.307, 3.125, 3.984, 3.459, 2.739, 2.075, 2.146], [2.891, 3.39, 3.303, 2.686, 2.667, 2.443, 2.211, 2.373, 2.355, 2.133, 2.058, 2.408, 2.513, 3.119, 4.134, 3.888, 2.388, 1.143, 1.029, 0.0, 1.007, 1.057, 1.319, 1.649, 1.447, 2.805, 4.274, 5.201, 4.977, 5.449, 6.028, 7.006, 7.265, 6.774, 5.936, 6.062, 5.742, 5.493, 5.39, 7.065, 9.782, 10.521, 9.88, 9.056, 8.875, 9.801, 11.146, 10.553, 7.743, 4.885, 3.59, 2.9, 3.008, 3.598, 3.705, 3.875, 3.986, 3.909, 3.833, 3.367, 3.794, 3.733, 4.139, 4.339, 4.123, 4.068, 4.576, 3.688, 3.791, 5.726, 7.999, 9.488, 9.483, 9.734, 10.554, 11.73, 11.71, 10.508, 9.35, 9.642, 10.485, 11.807, 12.525, 12.17, 10.65, 8.472, 6.69, 5.269, 5.333, 5.494, 6.361, 7.895, 8.438, 7.95, 7.106, 7.32, 8.159, 8.178, 8.174, 8.699, 10.822, 8.804, 3.545, 3.695, 4.63, 4.55, 3.963, 3.652, 4.675, 5.722, 6.338, 5.763, 5.376, 5.111, 4.923, 4.61, 4.289, 3.852, 3.479, 3.539, 3.94, 3.951, 3.541, 4.262, 4.909, 6.009, 6.687, 6.59, 6.967, 6.874, 7.644, 8.379, 9.38, 10.198, 10.483, 8.884, 5.828, 3.37, 3.035, 2.693, 3.04, 2.902, 2.554, 2.354, 2.54, 4.122, 4.973, 4.42, 3.614, 2.198, 2.006, 2.021, 3.082, 4.052, 3.706, 2.768, 1.881, 1.797], [3.179, 3.724, 3.656, 2.929, 2.734, 2.628, 2.577, 2.688, 2.67, 2.375, 2.297, 2.748, 2.518, 2.817, 3.82, 3.605, 2.192, 1.504, 1.297, 1.007, 0.0, 0.821, 1.267, 1.592, 1.335, 2.653, 4.255, 5.196, 5.151, 5.659, 6.208, 7.249, 7.566, 6.782, 6.195, 6.324, 6.04, 5.744, 5.612, 7.287, 10.007, 10.778, 10.088, 9.278, 9.083, 10.021, 11.353, 10.749, 7.932, 5.093, 3.85, 3.05, 3.169, 3.54, 3.877, 4.152, 4.263, 3.999, 4.041, 3.537, 3.766, 3.977, 4.392, 4.615, 4.394, 4.289, 4.429, 3.818, 4.106, 6.038, 8.314, 9.706, 9.713, 9.918, 10.765, 11.967, 12.0, 10.785, 9.606, 9.913, 10.744, 12.052, 12.831, 12.487, 10.956, 8.811, 6.964, 5.525, 5.564, 5.68, 6.575, 8.166, 8.718, 8.159, 7.339, 7.601, 8.403, 8.508, 8.562, 9.076, 11.086, 9.027, 3.848, 3.463, 4.3, 4.262, 3.658, 3.241, 4.242, 5.382, 5.971, 5.443, 5.128, 4.895, 4.716, 4.438, 3.979, 3.402, 3.197, 3.381, 3.59, 3.704, 3.258, 3.955, 4.57, 5.734, 6.267, 6.208, 6.593, 6.648, 7.32, 8.126, 9.178, 9.967, 10.237, 8.672, 5.514, 3.195, 2.795, 2.348, 2.637, 2.522, 2.252, 2.192, 2.715, 4.482, 5.219, 4.718, 3.953, 2.544, 2.196, 2.064, 3.348, 4.328, 4.03, 3.149, 1.992, 1.782], [2.973, 3.473, 3.491, 2.801, 2.485, 2.479, 2.416, 2.501, 2.524, 2.144, 2.166, 2.59, 2.399, 2.861, 4.052, 3.809, 2.29, 1.418, 1.181, 1.057, 0.821, 0.0, 0.945, 1.385, 1.336, 2.913, 4.309, 5.234, 5.041, 5.449, 6.008, 6.975, 7.322, 6.602, 5.935, 6.093, 5.886, 5.567, 5.384, 7.034, 9.699, 10.505, 9.799, 8.971, 8.798, 9.711, 11.07, 10.493, 7.626, 4.828, 3.633, 2.825, 2.872, 3.308, 3.56, 3.842, 3.953, 3.696, 3.795, 3.228, 3.52, 3.708, 4.081, 4.341, 4.159, 4.021, 4.389, 3.454, 3.817, 5.796, 8.06, 9.448, 9.457, 9.696, 10.559, 11.72, 11.769, 10.567, 9.359, 9.668, 10.49, 11.816, 12.575, 12.27, 10.711, 8.566, 6.724, 5.287, 5.297, 5.43, 6.312, 7.919, 8.454, 7.892, 7.053, 7.35, 8.128, 8.252, 8.321, 8.804, 10.836, 8.763, 3.608, 3.707, 4.572, 4.59, 3.936, 3.421, 4.377, 5.493, 6.188, 5.692, 5.292, 5.055, 4.851, 4.609, 4.142, 3.564, 3.456, 3.614, 3.778, 3.761, 3.352, 4.012, 4.684, 5.907, 6.484, 6.482, 6.837, 6.905, 7.574, 8.372, 9.388, 10.238, 10.511, 9.002, 5.804, 3.566, 3.032, 2.59, 2.759, 2.818, 2.515, 2.436, 2.517, 4.242, 4.963, 4.458, 3.676, 2.324, 1.827, 1.711, 3.101, 4.059, 3.786, 2.947, 1.865, 1.57], [2.773, 3.277, 3.17, 2.549, 2.327, 2.183, 2.154, 2.214, 2.237, 1.974, 1.959, 2.446, 2.118, 2.773, 4.138, 3.893, 2.358, 1.414, 1.384, 1.319, 1.267, 0.945, 0.0, 0.926, 1.456, 3.276, 4.538, 5.418, 5.153, 5.445, 5.898, 6.799, 7.333, 6.493, 5.957, 6.104, 5.89, 5.495, 5.38, 7.021, 9.48, 10.334, 9.589, 8.759, 8.607, 9.529, 10.882, 10.374, 7.487, 4.655, 3.292, 2.519, 2.665, 3.091, 3.165, 3.43, 3.544, 3.355, 3.319, 2.944, 3.19, 3.322, 3.845, 4.157, 3.811, 3.903, 4.408, 3.44, 3.97, 5.763, 7.965, 9.33, 9.291, 9.553, 10.39, 11.591, 11.659, 10.403, 9.188, 9.5, 10.33, 11.7, 12.489, 12.105, 10.542, 8.422, 6.691, 5.255, 5.164, 5.287, 6.152, 7.751, 8.365, 7.711, 6.933, 7.194, 7.951, 8.126, 8.068, 8.58, 10.668, 8.594, 3.73, 4.302, 5.072, 4.98, 4.344, 3.774, 4.633, 5.651, 6.258, 5.781, 5.426, 5.247, 4.98, 4.879, 4.452, 3.974, 3.964, 4.06, 4.178, 3.888, 3.486, 3.887, 4.679, 5.928, 6.412, 6.601, 6.786, 6.919, 7.636, 8.467, 9.518, 10.437, 10.699, 9.182, 5.944, 3.825, 3.449, 3.087, 3.078, 3.234, 2.807, 2.614, 2.455, 4.092, 4.804, 4.291, 3.549, 2.243, 1.93, 1.939, 3.323, 4.127, 3.801, 2.911, 1.972, 1.699], [2.883, 3.396, 3.195, 2.577, 2.502, 2.278, 2.178, 2.288, 2.226, 2.09, 2.081, 2.569, 2.135, 2.679, 4.022, 3.783, 2.337, 1.561, 1.794, 1.649, 1.592, 1.385, 0.926, 0.0, 1.509, 3.493, 4.668, 5.467, 5.27, 5.642, 5.994, 6.991, 7.55, 6.566, 6.131, 6.228, 6.11, 5.643, 5.539, 7.124, 9.456, 10.332, 9.605, 8.752, 8.61, 9.6, 10.909, 10.417, 7.561, 4.757, 3.357, 2.666, 2.784, 3.112, 3.052, 3.554, 3.624, 3.284, 3.328, 2.958, 3.103, 3.315, 3.925, 4.236, 3.798, 3.815, 4.312, 3.529, 4.222, 5.868, 8.038, 9.358, 9.295, 9.554, 10.336, 11.632, 11.703, 10.393, 9.205, 9.501, 10.428, 11.716, 12.587, 12.16, 10.596, 8.52, 6.734, 5.288, 5.344, 5.424, 6.257, 7.819, 8.457, 7.713, 7.09, 7.29, 8.046, 8.204, 8.171, 8.692, 10.7, 8.615, 4.109, 4.411, 5.228, 5.147, 4.488, 3.871, 4.77, 5.667, 6.294, 5.732, 5.463, 5.291, 5.065, 4.911, 4.49, 4.183, 4.18, 4.312, 4.379, 3.988, 3.561, 3.731, 4.631, 5.919, 6.314, 6.568, 6.813, 6.908, 7.65, 8.487, 9.52, 10.454, 10.72, 9.196, 5.925, 3.856, 3.524, 3.188, 3.364, 3.407, 3.0, 2.58, 2.619, 4.193, 4.906, 4.409, 3.689, 2.475, 2.189, 2.059, 3.482, 4.348, 4.052, 3.015, 2.057, 1.936], [3.501, 3.996, 3.818, 3.407, 3.08, 3.138, 3.089, 3.053, 3.015, 2.764, 2.76, 3.152, 2.821, 2.771, 3.451, 3.137, 1.882, 1.486, 1.836, 1.447, 1.335, 1.336, 1.456, 1.509, 0.0, 2.215, 3.809, 4.88, 4.98, 5.969, 6.419, 7.386, 7.673, 6.988, 6.281, 6.315, 6.221, 5.955, 5.652, 7.436, 10.092, 10.996, 10.228, 9.279, 9.102, 10.087, 11.517, 11.093, 8.1, 5.373, 4.108, 3.469, 3.421, 3.809, 4.202, 4.406, 4.519, 4.336, 4.339, 3.88, 4.035, 4.235, 4.729, 4.957, 4.728, 4.675, 4.996, 4.231, 4.496, 6.482, 8.723, 10.057, 9.976, 10.081, 10.955, 12.294, 12.405, 11.106, 9.864, 10.163, 11.075, 12.417, 13.267, 12.852, 11.236, 9.184, 7.423, 5.965, 5.89, 5.99, 6.918, 8.473, 9.141, 8.229, 7.408, 7.924, 8.698, 8.911, 8.802, 9.316, 11.343, 9.272, 3.654, 3.297, 4.111, 3.975, 3.312, 2.858, 4.314, 5.534, 6.116, 5.613, 5.328, 5.114, 4.892, 4.664, 4.329, 3.781, 3.571, 3.638, 3.878, 3.703, 3.402, 4.069, 5.013, 6.066, 6.545, 6.43, 6.719, 6.888, 7.575, 8.43, 9.47, 10.168, 10.38, 8.698, 5.441, 3.382, 2.928, 2.229, 2.494, 2.602, 2.901, 2.662, 3.079, 4.856, 5.504, 5.019, 4.295, 2.872, 2.28, 2.286, 3.763, 4.762, 4.454, 3.302, 2.264, 2.094], [3.699, 3.879, 4.021, 4.209, 4.245, 4.258, 3.793, 3.914, 4.266, 4.308, 4.449, 4.728, 4.842, 4.614, 4.528, 4.452, 3.588, 3.039, 3.059, 2.805, 2.653, 2.913, 3.276, 3.493, 2.215, 0.0, 2.536, 3.864, 4.196, 5.205, 5.72, 6.743, 7.029, 6.326, 5.727, 5.562, 5.59, 5.351, 5.006, 6.792, 9.405, 10.353, 9.586, 8.561, 8.451, 9.445, 10.875, 10.355, 7.323, 4.791, 4.545, 4.611, 5.105, 5.483, 5.868, 6.119, 6.233, 6.031, 6.082, 5.815, 6.078, 6.248, 6.565, 6.71, 6.726, 6.441, 6.552, 5.715, 4.136, 5.781, 7.979, 9.294, 9.244, 9.337, 10.22, 11.639, 11.699, 10.343, 9.222, 9.521, 10.43, 11.652, 12.598, 12.1, 10.595, 8.525, 6.697, 5.233, 5.177, 5.253, 6.207, 7.819, 8.465, 7.586, 6.769, 7.302, 8.094, 8.315, 8.481, 8.916, 10.701, 8.629, 2.954, 2.615, 4.049, 3.558, 3.151, 3.338, 5.009, 6.475, 7.287, 6.885, 6.503, 6.165, 5.964, 5.735, 5.136, 4.504, 3.619, 3.563, 4.143, 4.475, 4.495, 5.557, 6.537, 7.554, 7.985, 7.88, 8.05, 8.215, 8.73, 9.63, 10.6, 11.171, 11.361, 9.681, 6.465, 4.074, 2.908, 2.488, 3.257, 3.248, 3.329, 2.666, 2.908, 4.251, 4.891, 4.468, 4.1, 3.122, 3.328, 3.381, 3.592, 4.204, 4.031, 3.259, 3.005, 2.992], [3.941, 4.114, 4.286, 5.126, 5.254, 5.462, 5.035, 5.077, 5.538, 5.632, 5.813, 6.309, 6.34, 6.353, 6.623, 6.34, 5.282, 4.507, 4.441, 4.274, 4.255, 4.309, 4.538, 4.668, 3.809, 2.536, 0.0, 1.526, 1.971, 3.063, 3.361, 4.412, 4.668, 4.059, 3.596, 3.389, 3.366, 3.174, 2.661, 4.362, 6.972, 7.957, 7.167, 6.162, 6.015, 7.083, 8.508, 8.013, 5.312, 4.555, 4.691, 5.539, 6.552, 6.81, 7.084, 7.474, 7.661, 7.196, 7.279, 7.154, 7.382, 7.698, 8.117, 8.329, 8.091, 8.089, 8.488, 7.32, 5.057, 3.649, 5.65, 6.964, 6.882, 6.904, 7.784, 9.277, 9.336, 7.986, 6.837, 7.134, 8.068, 9.322, 10.235, 9.757, 8.233, 6.163, 4.42, 3.132, 3.31, 3.321, 3.884, 5.46, 6.103, 5.19, 4.488, 5.205, 5.995, 6.625, 7.941, 7.752, 8.939, 6.377, 1.593, 4.299, 5.898, 5.516, 5.08, 5.32, 7.12, 8.604, 9.357, 8.854, 8.539, 8.201, 7.973, 7.719, 6.987, 6.187, 5.185, 5.281, 6.012, 6.475, 6.503, 7.552, 8.585, 9.597, 10.003, 9.923, 10.091, 10.275, 10.821, 11.742, 12.765, 13.413, 13.624, 11.913, 8.687, 6.126, 4.894, 4.461, 5.198, 5.104, 5.322, 4.645, 3.674, 3.96, 4.156, 4.198, 4.41, 4.252, 4.985, 4.876, 4.614, 4.535, 4.483, 4.493, 4.614, 4.752], [4.529, 4.394, 4.603, 5.71, 5.881, 6.029, 5.657, 5.906, 6.304, 6.539, 6.72, 7.215, 7.25, 7.38, 7.949, 7.629, 6.276, 5.41, 5.362, 5.201, 5.196, 5.234, 5.418, 5.467, 4.88, 3.864, 1.526, 0.0, 1.082, 2.148, 2.255, 3.054, 3.316, 2.814, 2.423, 2.469, 2.473, 2.321, 1.842, 3.005, 5.604, 6.597, 5.807, 4.899, 4.889, 5.851, 7.163, 6.675, 4.639, 4.575, 4.911, 6.359, 7.452, 7.675, 7.85, 8.352, 8.572, 7.899, 7.998, 8.04, 8.258, 8.608, 9.03, 9.249, 8.974, 9.011, 9.393, 8.215, 5.929, 3.424, 4.301, 5.62, 5.522, 5.541, 6.42, 7.917, 7.976, 6.627, 5.477, 5.774, 6.707, 7.963, 8.875, 8.398, 6.873, 4.811, 3.91, 3.297, 3.184, 3.354, 3.001, 4.241, 4.75, 3.956, 3.333, 3.905, 4.819, 6.35, 7.95, 7.607, 8.441, 5.666, 2.422, 5.559, 7.188, 6.843, 6.395, 6.549, 8.33, 9.821, 10.535, 10.005, 9.738, 9.405, 9.174, 8.901, 8.058, 7.289, 6.301, 6.446, 7.187, 7.668, 7.612, 8.568, 9.567, 10.62, 11.106, 10.967, 11.22, 11.386, 12.012, 12.935, 13.98, 14.642, 14.838, 13.191, 9.944, 7.332, 6.115, 5.658, 6.449, 6.232, 6.311, 5.636, 4.497, 4.328, 4.498, 4.572, 5.083, 5.153, 5.905, 5.8, 5.504, 5.418, 5.367, 5.347, 5.493, 5.644], [4.154, 3.841, 4.068, 5.178, 5.424, 5.528, 5.141, 5.482, 5.832, 6.114, 6.344, 6.863, 7.07, 7.46, 8.273, 7.988, 6.503, 5.274, 5.051, 4.977, 5.151, 5.041, 5.153, 5.27, 4.98, 4.196, 1.971, 1.082, 0.0, 1.501, 1.725, 2.597, 2.927, 2.277, 1.722, 1.78, 1.851, 1.873, 1.699, 2.661, 5.312, 6.191, 5.432, 4.577, 4.4, 5.408, 6.781, 6.27, 4.007, 3.954, 4.445, 5.969, 7.154, 7.505, 7.387, 7.967, 8.183, 7.562, 7.521, 7.61, 7.99, 8.211, 8.66, 8.935, 8.612, 8.695, 9.164, 7.842, 5.535, 3.204, 3.833, 5.151, 5.089, 5.219, 6.102, 7.484, 7.543, 6.181, 5.06, 5.359, 6.274, 7.494, 8.442, 7.944, 6.439, 4.385, 3.511, 2.825, 2.633, 2.8, 2.628, 3.92, 4.315, 3.482, 2.825, 3.381, 4.165, 5.812, 7.403, 7.039, 7.822, 5.161, 2.105, 5.823, 7.498, 7.257, 6.775, 6.824, 8.412, 9.893, 10.551, 10.045, 9.796, 9.491, 9.233, 8.95, 8.038, 7.27, 6.351, 6.447, 7.137, 7.663, 7.647, 8.557, 9.556, 10.614, 11.124, 10.964, 11.27, 11.404, 12.015, 12.944, 14.036, 14.8, 15.029, 13.379, 10.095, 7.423, 6.247, 5.867, 6.662, 6.366, 6.3, 5.624, 4.137, 3.867, 4.005, 4.105, 4.633, 4.817, 5.639, 5.552, 5.247, 5.081, 4.967, 5.047, 5.267, 5.411], [4.054, 3.568, 3.773, 4.838, 5.416, 5.36, 4.885, 5.216, 5.572, 5.8, 6.061, 6.703, 7.262, 8.061, 9.275, 9.015, 7.391, 5.767, 5.045, 5.449, 5.659, 5.449, 5.445, 5.642, 5.969, 5.205, 3.063, 2.148, 1.501, 0.0, 1.092, 1.886, 2.66, 1.997, 1.645, 1.534, 1.292, 1.464, 1.679, 1.991, 4.563, 5.322, 4.631, 3.816, 3.637, 4.623, 5.992, 5.348, 3.042, 3.366, 4.095, 5.672, 7.188, 7.493, 7.354, 7.696, 7.908, 7.66, 7.29, 7.451, 7.997, 7.984, 8.38, 8.618, 8.319, 8.509, 9.007, 7.581, 5.063, 2.963, 3.047, 4.195, 4.291, 4.513, 5.36, 6.495, 6.538, 5.246, 4.146, 4.43, 5.318, 6.472, 7.437, 6.997, 5.497, 3.384, 2.696, 2.399, 1.959, 2.145, 2.117, 3.144, 3.359, 2.801, 2.206, 2.492, 3.46, 4.777, 6.673, 6.281, 6.596, 3.999, 2.509, 6.701, 8.422, 8.176, 7.755, 7.805, 9.216, 10.582, 11.338, 10.813, 10.413, 10.112, 9.856, 9.574, 8.593, 7.664, 6.892, 7.036, 7.617, 8.198, 8.157, 8.82, 9.833, 11.085, 11.629, 11.621, 11.988, 12.039, 12.633, 13.44, 14.595, 15.456, 15.772, 14.224, 11.048, 8.201, 6.904, 6.815, 7.575, 7.252, 6.61, 5.84, 4.246, 3.458, 3.555, 3.669, 4.396, 4.503, 5.523, 5.619, 5.082, 4.945, 4.661, 4.931, 5.269, 5.589], [4.446, 3.74, 3.843, 5.129, 5.924, 5.685, 5.217, 5.38, 5.544, 5.831, 6.381, 7.008, 7.576, 8.536, 9.735, 9.472, 7.853, 6.3, 5.535, 6.028, 6.208, 6.008, 5.898, 5.994, 6.419, 5.72, 3.361, 2.255, 1.725, 1.092, 0.0, 1.74, 2.547, 2.058, 1.86, 1.688, 1.366, 1.492, 1.759, 1.685, 3.867, 4.705, 3.973, 3.106, 3.004, 3.934, 5.34, 4.793, 2.989, 3.384, 4.106, 5.926, 7.579, 7.868, 7.805, 8.05, 8.196, 8.069, 7.352, 7.823, 8.484, 8.435, 8.799, 8.917, 8.642, 8.923, 9.524, 8.098, 5.482, 2.919, 2.608, 3.746, 3.73, 3.945, 4.721, 5.937, 5.997, 4.732, 3.68, 3.853, 4.724, 6.012, 6.877, 6.475, 4.91, 2.847, 2.837, 2.652, 2.109, 2.119, 1.772, 2.659, 2.831, 2.34, 2.1, 2.031, 3.077, 4.81, 6.69, 6.265, 6.562, 3.788, 2.916, 7.186, 8.866, 8.612, 8.194, 8.245, 9.772, 11.221, 11.937, 11.37, 11.068, 10.8, 10.536, 10.233, 9.28, 8.319, 7.539, 7.666, 8.382, 8.805, 8.853, 9.339, 10.385, 11.665, 12.182, 12.208, 12.46, 12.642, 13.343, 14.217, 15.32, 16.164, 16.388, 14.814, 11.574, 8.76, 7.556, 7.265, 8.019, 7.762, 7.117, 6.213, 4.575, 3.539, 3.551, 3.67, 4.721, 4.92, 6.15, 6.137, 5.577, 5.355, 5.078, 5.247, 5.679, 6.185], [5.434, 4.768, 4.945, 6.185, 6.769, 6.69, 6.365, 6.428, 6.682, 7.079, 7.43, 8.07, 8.594, 9.334, 10.672, 10.397, 8.795, 7.163, 6.534, 7.006, 7.249, 6.975, 6.799, 6.991, 7.386, 6.743, 4.412, 3.054, 2.597, 1.886, 1.74, 0.0, 1.299, 1.171, 1.47, 1.803, 1.914, 2.075, 2.259, 1.508, 2.921, 3.68, 2.971, 2.471, 2.548, 3.309, 4.364, 3.933, 3.552, 4.091, 5.104, 7.04, 8.671, 8.944, 8.899, 9.147, 9.313, 9.146, 8.436, 8.924, 9.411, 9.406, 9.895, 10.053, 9.778, 10.03, 10.632, 9.206, 6.6, 3.972, 2.675, 2.824, 2.809, 3.067, 3.855, 5.008, 5.088, 3.763, 2.523, 2.809, 3.773, 5.102, 5.966, 5.538, 3.873, 2.515, 3.557, 3.658, 3.012, 3.057, 2.654, 3.173, 2.84, 1.719, 1.434, 1.961, 2.906, 5.434, 7.343, 6.868, 6.993, 4.139, 3.904, 8.084, 9.743, 9.524, 9.104, 9.206, 10.807, 12.16, 12.883, 12.34, 11.953, 11.713, 11.445, 11.128, 10.151, 9.206, 8.461, 8.49, 9.287, 9.592, 9.751, 10.183, 11.255, 12.51, 12.962, 13.211, 13.433, 13.566, 14.259, 15.111, 16.179, 17.098, 17.395, 15.863, 12.597, 9.707, 8.39, 8.322, 9.064, 8.825, 8.119, 7.276, 5.662, 4.533, 4.379, 4.771, 5.795, 5.99, 7.089, 7.224, 6.672, 6.461, 6.187, 6.307, 6.705, 7.106], [6.152, 5.594, 5.683, 6.826, 7.273, 7.218, 7.127, 7.342, 7.485, 7.914, 8.256, 8.809, 9.173, 9.82, 11.015, 10.705, 9.142, 7.553, 7.213, 7.265, 7.566, 7.322, 7.333, 7.55, 7.673, 7.029, 4.668, 3.316, 2.927, 2.66, 2.547, 1.299, 0.0, 1.329, 1.737, 2.108, 2.235, 2.872, 2.838, 1.793, 2.757, 3.381, 2.824, 2.452, 2.45, 3.171, 4.071, 3.805, 3.89, 4.58, 5.886, 7.931, 9.303, 9.615, 9.541, 9.927, 10.15, 9.745, 9.225, 9.635, 10.078, 10.181, 10.702, 10.938, 10.658, 10.774, 11.337, 9.925, 7.474, 4.77, 2.918, 2.722, 2.504, 2.661, 3.503, 4.688, 4.777, 3.467, 2.328, 2.582, 3.461, 4.807, 5.655, 5.223, 3.584, 2.857, 4.329, 4.517, 3.82, 3.875, 3.464, 3.552, 2.999, 1.827, 1.526, 2.159, 3.194, 5.713, 7.681, 7.146, 7.207, 4.338, 4.399, 8.403, 10.109, 9.853, 9.443, 9.525, 11.078, 12.461, 13.185, 12.584, 12.21, 11.956, 11.745, 11.415, 10.515, 9.613, 8.695, 8.793, 9.684, 10.006, 10.089, 10.712, 11.796, 12.963, 13.464, 13.522, 13.877, 13.9, 14.624, 15.468, 16.477, 17.334, 17.608, 16.091, 12.816, 9.964, 8.644, 8.597, 9.34, 9.056, 8.602, 7.837, 6.228, 5.258, 4.883, 5.554, 6.568, 6.844, 7.733, 7.786, 7.355, 7.141, 6.956, 7.036, 7.299, 7.61], [5.276, 4.836, 5.095, 6.23, 6.652, 6.606, 6.388, 6.593, 6.78, 7.215, 7.479, 8.028, 8.146, 8.832, 10.215, 9.94, 8.411, 6.976, 6.639, 6.774, 6.782, 6.602, 6.493, 6.566, 6.988, 6.326, 4.059, 2.814, 2.277, 1.997, 2.058, 1.171, 1.329, 0.0, 1.268, 1.679, 1.875, 2.297, 2.474, 1.78, 3.361, 4.112, 3.341, 2.659, 2.639, 3.527, 4.758, 4.326, 3.37, 4.021, 5.189, 7.14, 8.388, 8.666, 8.66, 9.155, 9.395, 8.773, 8.507, 8.817, 9.219, 9.408, 9.91, 10.173, 9.881, 9.946, 10.451, 9.093, 6.672, 4.123, 3.083, 3.282, 3.22, 3.508, 4.325, 5.457, 5.548, 4.224, 2.923, 3.264, 4.223, 5.559, 6.427, 5.995, 4.333, 2.897, 3.623, 3.696, 3.073, 3.228, 2.848, 3.252, 2.995, 1.793, 1.371, 2.1, 2.939, 5.273, 7.216, 6.689, 6.793, 4.018, 3.794, 7.653, 9.32, 9.077, 8.659, 8.787, 10.4, 11.719, 12.43, 11.866, 11.448, 11.245, 10.996, 10.678, 9.692, 8.778, 7.938, 8.049, 8.867, 9.157, 9.249, 9.712, 10.816, 12.055, 12.523, 12.745, 13.053, 13.111, 13.815, 14.694, 15.694, 16.645, 16.945, 15.434, 12.155, 9.249, 7.917, 7.893, 8.65, 8.386, 7.61, 6.785, 5.279, 4.586, 4.333, 4.875, 5.78, 6.065, 6.913, 6.837, 6.498, 6.286, 6.159, 6.209, 6.438, 6.751], [4.784, 4.36, 4.566, 5.757, 6.143, 6.098, 5.824, 6.046, 6.355, 6.709, 6.926, 7.477, 7.744, 8.443, 9.576, 9.298, 7.731, 6.205, 5.833, 5.936, 6.195, 5.935, 5.957, 6.131, 6.281, 5.727, 3.596, 2.423, 1.722, 1.645, 1.86, 1.47, 1.737, 1.268, 0.0, 1.256, 1.467, 1.716, 2.266, 1.822, 4.047, 4.758, 4.079, 3.316, 3.303, 4.229, 5.45, 5.006, 3.511, 3.74, 4.818, 6.61, 7.892, 8.21, 8.137, 8.602, 8.845, 8.327, 8.027, 8.26, 8.682, 8.855, 9.353, 9.609, 9.316, 9.38, 9.934, 8.654, 6.429, 4.01, 3.218, 3.883, 3.804, 4.031, 4.866, 6.072, 6.184, 4.859, 3.595, 3.904, 4.86, 6.195, 7.062, 6.63, 4.985, 3.407, 3.545, 3.544, 3.156, 3.219, 2.884, 3.292, 3.218, 2.41, 1.755, 2.196, 2.876, 5.0, 6.839, 6.343, 6.851, 4.299, 3.376, 7.2, 8.865, 8.687, 8.155, 8.222, 9.719, 11.141, 11.788, 11.172, 10.806, 10.557, 10.315, 10.013, 9.087, 8.268, 7.481, 7.406, 8.222, 8.557, 8.647, 9.309, 10.366, 11.532, 12.087, 12.092, 12.487, 12.494, 13.193, 14.031, 15.118, 15.935, 16.227, 14.673, 11.44, 8.569, 7.3, 7.234, 7.96, 7.675, 7.207, 6.44, 4.938, 4.271, 4.164, 4.493, 5.223, 5.513, 6.348, 6.39, 6.095, 5.862, 5.717, 5.686, 5.927, 6.274], [4.888, 4.187, 4.204, 5.327, 5.941, 5.862, 5.627, 5.861, 6.079, 6.456, 6.847, 7.496, 8.062, 8.572, 9.553, 9.273, 7.706, 6.206, 5.701, 6.062, 6.324, 6.093, 6.104, 6.228, 6.315, 5.562, 3.389, 2.469, 1.78, 1.534, 1.688, 1.803, 2.108, 1.679, 1.256, 0.0, 1.052, 1.649, 2.053, 1.853, 3.952, 4.855, 4.094, 3.205, 3.025, 4.074, 5.46, 4.96, 2.748, 3.097, 4.334, 6.407, 8.025, 8.345, 8.23, 8.509, 8.621, 8.501, 7.851, 8.289, 8.778, 8.765, 9.18, 9.386, 9.09, 9.346, 9.935, 8.598, 6.169, 4.013, 3.204, 3.87, 3.779, 3.87, 4.748, 6.175, 6.234, 4.88, 3.74, 4.055, 4.965, 6.215, 7.133, 6.651, 5.13, 3.406, 3.456, 3.388, 2.621, 2.651, 2.544, 3.092, 3.093, 2.121, 1.491, 2.168, 2.821, 4.526, 6.438, 5.909, 6.493, 3.872, 3.184, 7.217, 8.879, 8.622, 8.117, 8.201, 9.805, 11.263, 11.926, 11.388, 11.142, 10.849, 10.59, 10.3, 9.31, 8.52, 7.695, 7.762, 8.475, 8.965, 8.958, 9.634, 10.698, 11.895, 12.302, 12.223, 12.565, 12.714, 13.392, 14.303, 15.384, 16.177, 16.39, 14.763, 11.471, 8.72, 7.57, 7.243, 7.982, 7.691, 7.419, 6.672, 5.121, 3.879, 3.743, 4.189, 5.181, 5.296, 6.354, 6.542, 6.099, 5.868, 5.618, 5.796, 6.166, 6.502], [4.528, 3.838, 3.744, 4.906, 5.708, 5.491, 5.273, 5.521, 5.662, 6.023, 6.46, 7.131, 7.715, 8.523, 9.549, 9.272, 7.691, 6.109, 5.447, 5.742, 6.04, 5.886, 5.89, 6.11, 6.221, 5.59,