[[0.0, 1.493, 1.886, 1.656, 1.131, 2.627, 3.696, 4.333, 5.229, 5.683, 5.67, 5.633, 5.546, 5.38, 4.34, 3.217, 3.084, 2.9, 2.941, 3.289, 2.652, 2.492, 3.065, 2.462, 1.963, 3.429, 4.33, 5.093, 5.955, 8.545, 12.713, 16.35, 17.767, 17.882, 17.224, 16.983, 17.245, 17.443, 17.055, 16.933, 17.136, 17.148, 16.691, 16.989, 17.102, 17.494, 17.92, 18.728, 19.091, 18.907, 18.567, 18.897, 19.282, 19.659, 19.736, 19.13, 18.105, 16.751, 14.641, 13.092, 13.054, 13.594, 13.222, 10.651, 6.561, 4.646, 5.737, 6.124, 5.602, 4.675, 4.551, 5.631, 7.081, 7.665, 7.911, 7.359, 6.821, 6.899, 7.426, 7.278, 6.396, 5.908, 5.939, 5.138, 3.729, 2.049, 1.813, 2.818, 5.012, 5.691, 5.333, 6.002, 6.505, 7.156, 7.093, 6.593, 6.25, 5.082, 4.903, 4.578, 3.781, 3.268, 2.99, 2.192, 2.143, 2.564, 2.856, 3.389, 3.528, 3.663, 3.976, 4.012, 3.814, 3.568, 3.536, 4.075, 4.417, 3.967, 3.558, 4.881, 6.563, 5.013, 2.466, 2.268, 2.348, 2.658, 2.847, 3.918, 4.384, 5.066, 6.234, 7.478, 8.007, 8.517, 8.617, 8.252, 8.232, 8.839, 9.533, 9.516, 9.5, 9.962, 10.835, 11.541, 12.793, 14.146, 15.04, 14.967, 13.398, 11.715, 11.932, 13.469, 13.925, 11.844, 9.189, 7.255, 6.572, 7.225], [1.493, 0.0, 0.993, 1.344, 1.528, 2.47, 2.904, 3.542, 4.515, 5.015, 5.007, 4.837, 4.759, 4.616, 3.533, 2.093, 2.159, 2.631, 2.334, 2.48, 2.082, 2.548, 3.182, 2.895, 2.038, 2.884, 3.619, 4.358, 5.259, 7.785, 11.975, 15.625, 17.029, 17.21, 16.563, 16.266, 16.462, 16.633, 16.312, 16.201, 16.337, 16.382, 15.849, 16.161, 16.327, 16.66, 17.117, 17.94, 18.415, 18.21, 17.906, 18.263, 18.673, 18.978, 19.064, 18.453, 17.478, 16.072, 13.924, 12.294, 12.369, 12.915, 12.482, 9.859, 5.763, 3.845, 5.063, 5.445, 4.81, 3.957, 3.846, 4.861, 6.359, 6.947, 7.115, 6.63, 6.119, 6.217, 6.731, 6.514, 5.791, 5.416, 5.409, 4.542, 3.66, 3.044, 2.836, 2.364, 4.275, 4.937, 4.655, 5.237, 5.683, 6.373, 6.376, 5.851, 5.492, 4.347, 4.15, 3.879, 3.112, 2.613, 2.151, 1.554, 1.777, 2.407, 3.004, 3.861, 3.674, 3.653, 3.692, 3.299, 3.128, 3.13, 3.391, 4.093, 4.118, 3.586, 3.137, 5.346, 7.151, 5.376, 2.565, 2.204, 2.581, 2.294, 1.628, 2.853, 3.506, 4.231, 5.388, 6.7, 7.221, 7.703, 7.82, 7.457, 7.415, 8.04, 8.803, 8.849, 8.826, 9.248, 10.166, 10.87, 12.055, 13.429, 14.29, 14.198, 12.602, 10.846, 11.096, 12.595, 13.077, 10.983, 8.304, 6.442, 5.787, 6.429], [1.886, 0.993, 0.0, 0.987, 1.79, 2.805, 3.378, 4.056, 5.076, 5.626, 5.593, 5.365, 5.272, 5.096, 4.086, 2.204, 1.778, 2.07, 1.765, 2.111, 1.739, 2.027, 2.5, 2.441, 2.234, 3.269, 4.001, 4.881, 5.833, 8.335, 12.542, 16.141, 17.591, 17.834, 17.202, 16.835, 17.01, 17.177, 16.805, 16.838, 16.967, 16.907, 16.25, 16.598, 16.849, 17.202, 17.618, 18.407, 19.014, 18.861, 18.514, 18.913, 19.328, 19.547, 19.667, 19.08, 18.114, 16.729, 14.44, 12.902, 12.971, 13.583, 13.088, 10.405, 6.161, 4.252, 5.669, 6.06, 5.446, 4.53, 4.196, 5.151, 6.731, 7.559, 7.628, 7.162, 6.584, 6.754, 7.302, 7.117, 6.436, 6.097, 5.997, 5.183, 3.945, 3.335, 3.088, 2.915, 4.87, 5.43, 5.219, 5.532, 6.118, 6.805, 6.944, 6.456, 6.089, 5.004, 4.678, 4.467, 3.736, 3.135, 2.49, 2.007, 1.814, 2.191, 2.56, 3.221, 3.064, 3.258, 3.381, 3.103, 2.879, 2.883, 3.132, 3.861, 3.924, 3.458, 2.969, 5.098, 6.832, 5.053, 2.459, 1.965, 2.182, 1.969, 1.722, 3.268, 3.975, 4.706, 5.752, 6.981, 7.682, 8.182, 8.203, 7.868, 7.802, 8.474, 9.381, 9.443, 9.436, 9.807, 10.804, 11.518, 12.589, 14.007, 14.872, 14.649, 12.995, 11.287, 11.494, 13.054, 13.497, 11.416, 8.747, 6.824, 6.142, 6.826], [1.656, 1.344, 0.987, 0.0, 1.563, 2.98, 3.764, 4.543, 5.586, 6.098, 6.065, 5.84, 5.732, 5.557, 4.592, 2.662, 2.034, 1.927, 1.864, 2.372, 1.932, 1.95, 2.157, 2.032, 2.126, 3.56, 4.447, 5.422, 6.279, 8.845, 13.042, 16.634, 18.085, 18.312, 17.678, 17.323, 17.453, 17.642, 17.282, 17.317, 17.418, 17.413, 16.69, 17.075, 17.328, 17.644, 18.095, 18.895, 19.486, 19.349, 18.992, 19.38, 19.793, 20.028, 20.16, 19.562, 18.589, 17.217, 14.95, 13.36, 13.445, 14.054, 13.569, 10.908, 6.604, 4.717, 6.126, 6.533, 5.917, 5.017, 4.717, 5.653, 7.214, 8.034, 8.135, 7.64, 7.038, 7.17, 7.795, 7.573, 6.783, 6.438, 6.305, 5.55, 3.862, 2.824, 2.579, 3.207, 5.341, 5.898, 5.655, 6.023, 6.556, 7.301, 7.446, 6.957, 6.557, 5.492, 5.179, 4.951, 4.2, 3.468, 2.885, 2.334, 2.089, 2.379, 2.485, 2.965, 3.008, 3.257, 3.499, 3.339, 3.111, 3.074, 3.283, 3.908, 4.16, 3.662, 3.206, 4.897, 6.519, 4.914, 2.27, 1.721, 1.807, 1.833, 2.243, 3.94, 4.621, 5.214, 6.203, 7.443, 8.179, 8.62, 8.646, 8.362, 8.253, 8.966, 9.862, 9.911, 9.919, 10.28, 11.277, 11.99, 13.079, 14.51, 15.374, 15.118, 13.46, 11.703, 11.915, 13.47, 13.927, 11.83, 9.165, 7.235, 6.623, 7.301], [1.131, 1.528, 1.79, 1.563, 0.0, 1.937, 2.96, 3.661, 4.734, 5.282, 5.249, 4.958, 4.862, 4.74, 4.105, 2.969, 2.852, 2.905, 2.753, 3.05, 2.472, 2.44, 3.102, 2.766, 2.233, 3.186, 3.788, 4.78, 5.644, 8.007, 12.163, 15.786, 17.246, 17.465, 16.837, 16.433, 16.613, 16.787, 16.487, 16.476, 16.563, 16.53, 16.041, 16.324, 16.449, 16.808, 17.222, 18.07, 18.654, 18.481, 18.161, 18.572, 18.986, 19.222, 19.339, 18.733, 17.743, 16.362, 14.063, 12.528, 12.629, 13.196, 12.746, 10.014, 5.757, 3.995, 5.324, 5.717, 5.095, 4.228, 3.857, 4.937, 6.521, 7.258, 7.269, 6.742, 6.259, 6.403, 7.021, 6.749, 6.098, 5.56, 5.603, 4.707, 3.499, 2.008, 1.937, 2.475, 4.499, 5.111, 4.797, 5.302, 5.758, 6.415, 6.5, 6.012, 5.699, 4.571, 4.275, 4.071, 3.448, 3.004, 2.642, 2.004, 2.08, 2.535, 2.888, 3.691, 3.523, 3.523, 3.784, 3.835, 3.535, 3.394, 3.672, 4.235, 4.541, 4.089, 3.672, 5.312, 7.112, 5.295, 2.619, 2.374, 2.651, 2.711, 2.698, 3.848, 4.343, 4.74, 5.494, 6.67, 7.267, 7.732, 7.778, 7.477, 7.445, 8.064, 8.977, 9.095, 9.094, 9.47, 10.462, 11.146, 12.269, 13.642, 14.509, 14.277, 12.612, 10.941, 11.226, 12.707, 13.166, 11.116, 8.394, 6.432, 5.948, 6.542], [2.627, 2.47, 2.805, 2.98, 1.937, 0.0, 1.345, 2.288, 3.384, 3.854, 3.813, 3.598, 3.589, 3.619, 3.724, 3.624, 3.799, 4.068, 3.609, 3.865, 3.642, 3.827, 4.483, 4.308, 2.504, 2.506, 2.752, 3.735, 4.611, 6.513, 10.625, 14.116, 15.7, 15.964, 15.31, 14.875, 15.041, 15.217, 14.896, 14.947, 15.073, 14.997, 14.469, 14.791, 15.115, 15.424, 15.71, 16.49, 17.155, 16.941, 16.652, 17.081, 17.487, 17.706, 17.835, 17.22, 16.251, 14.859, 12.438, 11.084, 11.126, 11.686, 11.243, 8.505, 4.32, 2.881, 4.056, 4.237, 3.618, 2.939, 2.497, 3.417, 5.08, 5.722, 5.667, 5.438, 4.942, 5.13, 5.551, 5.362, 4.753, 4.465, 4.436, 3.529, 2.603, 2.217, 2.455, 1.785, 3.078, 3.626, 3.696, 3.729, 4.155, 4.712, 5.016, 4.514, 4.179, 3.226, 3.088, 3.342, 3.3, 3.454, 3.127, 2.569, 2.916, 3.611, 4.352, 5.142, 4.733, 4.718, 4.789, 4.69, 4.366, 4.401, 4.729, 5.351, 5.428, 4.984, 4.591, 6.815, 8.657, 6.697, 3.83, 3.564, 4.058, 4.132, 3.374, 3.772, 3.42, 3.728, 4.382, 5.131, 5.781, 6.391, 6.353, 6.017, 5.828, 6.605, 7.605, 7.66, 7.597, 7.979, 8.962, 9.653, 10.785, 12.16, 13.017, 12.566, 10.901, 9.23, 9.465, 11.033, 11.444, 9.389, 6.836, 5.276, 4.583, 5.236], [3.696, 2.904, 3.378, 3.764, 2.96, 1.345, 0.0, 1.499, 2.496, 3.085, 2.835, 2.656, 2.745, 2.972, 3.209, 3.592, 4.227, 4.747, 4.353, 4.32, 4.25, 4.894, 5.456, 5.356, 3.361, 2.446, 2.348, 2.9, 3.745, 5.631, 9.634, 13.116, 14.71, 14.976, 14.313, 13.871, 14.004, 14.177, 13.899, 13.961, 14.095, 13.989, 13.568, 13.873, 14.146, 14.489, 14.757, 15.548, 16.22, 15.958, 15.668, 16.098, 16.502, 16.72, 16.848, 16.229, 15.268, 13.876, 11.43, 10.101, 10.143, 10.684, 10.26, 7.514, 3.424, 2.473, 3.256, 3.345, 2.723, 2.321, 1.88, 2.745, 4.222, 4.895, 4.727, 4.543, 4.124, 4.401, 4.777, 4.556, 4.238, 3.853, 3.775, 2.845, 2.317, 3.09, 3.309, 1.898, 2.315, 2.88, 3.001, 2.91, 3.154, 3.714, 4.026, 3.61, 3.214, 2.552, 2.347, 2.621, 2.877, 3.307, 2.969, 2.629, 3.476, 4.534, 5.506, 6.273, 5.913, 5.718, 5.511, 4.888, 4.679, 5.049, 5.694, 6.26, 6.009, 5.384, 5.089, 7.911, 9.696, 7.752, 4.929, 4.546, 5.095, 4.74, 3.484, 3.527, 3.077, 3.125, 3.608, 4.278, 4.838, 5.356, 5.34, 5.009, 4.76, 5.596, 6.6, 6.667, 6.608, 7.005, 7.982, 8.67, 9.807, 11.178, 12.035, 11.5, 9.802, 8.144, 8.447, 9.988, 10.386, 8.349, 5.823, 4.471, 3.762, 4.372], [4.333, 3.542, 4.056, 4.543, 3.661, 2.288, 1.499, 0.0, 1.579, 2.272, 2.276, 2.154, 2.271, 2.424, 2.555, 3.804, 5.097, 5.628, 5.135, 5.039, 4.98, 5.776, 6.381, 6.144, 3.972, 2.52, 1.97, 2.363, 3.125, 4.845, 8.869, 12.338, 13.943, 14.171, 13.513, 13.08, 13.114, 13.289, 13.166, 13.166, 13.25, 13.209, 12.998, 13.227, 13.424, 13.728, 14.141, 14.936, 15.425, 15.155, 14.852, 15.28, 15.685, 15.912, 16.031, 15.411, 14.449, 13.066, 10.582, 9.205, 9.341, 9.88, 9.511, 6.773, 2.869, 2.043, 2.447, 2.488, 2.008, 1.745, 1.906, 2.755, 3.91, 4.355, 4.26, 4.152, 3.853, 4.089, 4.3, 4.214, 3.793, 3.714, 3.381, 2.651, 2.818, 3.866, 4.05, 2.13, 1.944, 2.46, 2.584, 2.588, 2.632, 3.061, 3.214, 2.778, 2.288, 1.612, 1.606, 2.023, 2.652, 3.136, 2.916, 3.013, 3.885, 4.928, 6.264, 7.147, 6.675, 6.02, 5.651, 4.903, 4.742, 5.202, 6.077, 6.611, 6.123, 5.529, 5.289, 8.479, 10.336, 8.253, 5.622, 5.407, 5.85, 5.408, 3.618, 2.983, 2.676, 2.858, 3.311, 3.862, 4.102, 4.801, 4.724, 4.344, 4.226, 4.916, 5.778, 5.891, 5.821, 6.193, 7.173, 7.862, 8.976, 10.322, 11.168, 10.806, 9.249, 7.6, 7.903, 9.372, 9.84, 7.84, 5.26, 4.165, 3.647, 4.049], [5.229, 4.515, 5.076, 5.586, 4.734, 3.384, 2.496, 1.579, 0.0, 1.203, 1.361, 1.519, 1.489, 1.737, 2.099, 4.086, 6.043, 6.655, 6.251, 6.025, 5.997, 6.764, 7.361, 7.068, 4.959, 3.315, 2.526, 1.907, 2.195, 3.808, 7.884, 11.204, 12.756, 12.937, 12.335, 12.023, 12.274, 12.53, 12.251, 12.227, 12.465, 12.756, 12.519, 12.905, 13.023, 13.334, 13.688, 14.22, 14.549, 14.128, 13.624, 14.016, 14.435, 14.74, 14.765, 14.169, 13.186, 11.761, 9.667, 8.172, 8.18, 8.735, 8.494, 5.975, 2.233, 1.795, 1.611, 1.532, 1.346, 1.762, 2.55, 3.497, 3.73, 4.268, 4.327, 4.311, 4.353, 4.599, 4.494, 4.64, 4.269, 4.259, 3.784, 3.269, 3.627, 4.983, 5.121, 2.995, 2.569, 2.638, 3.109, 3.012, 2.507, 2.45, 2.362, 2.011, 1.504, 1.087, 1.217, 1.735, 2.409, 2.688, 2.966, 3.642, 4.636, 5.776, 7.165, 8.064, 7.6, 6.797, 6.207, 5.459, 5.424, 6.057, 6.863, 7.105, 6.364, 5.342, 5.783, 9.334, 11.12, 9.05, 6.481, 6.296, 6.744, 6.326, 4.522, 2.593, 2.295, 2.673, 3.168, 3.554, 3.843, 4.421, 4.51, 4.166, 4.009, 4.379, 4.845, 4.902, 4.789, 5.306, 6.17, 6.739, 7.924, 9.187, 10.098, 9.915, 8.519, 7.236, 7.449, 8.826, 9.303, 7.468, 4.941, 3.756, 3.301, 3.555], [5.683, 5.015, 5.626, 6.098, 5.282, 3.854, 3.085, 2.272, 1.203, 0.0, 1.173, 1.566, 1.554, 1.617, 2.088, 4.607, 6.625, 7.315, 6.908, 6.637, 6.549, 7.327, 7.986, 7.615, 5.239, 3.541, 2.829, 2.094, 2.077, 3.567, 7.445, 10.815, 12.216, 12.333, 11.769, 11.66, 11.904, 12.216, 11.855, 11.739, 12.079, 12.502, 12.269, 12.708, 12.783, 13.026, 13.398, 13.911, 14.102, 13.701, 13.068, 13.367, 13.825, 14.113, 14.135, 13.601, 12.576, 11.151, 9.446, 7.728, 7.553, 8.106, 7.966, 5.541, 1.962, 1.994, 1.664, 1.282, 1.243, 1.921, 2.849, 3.961, 3.805, 4.26, 4.59, 4.609, 4.706, 4.832, 4.701, 4.894, 4.54, 4.569, 4.071, 3.518, 3.996, 5.685, 5.819, 3.554, 2.672, 2.809, 3.379, 3.242, 2.824, 2.667, 2.491, 2.059, 1.485, 1.357, 1.509, 2.072, 2.73, 3.063, 3.503, 4.202, 5.106, 6.25, 7.693, 8.614, 8.179, 7.313, 6.759, 6.092, 5.998, 6.567, 7.295, 7.482, 6.73, 5.658, 6.138, 9.756, 11.563, 9.561, 7.015, 6.898, 7.32, 6.848, 5.073, 2.954, 2.248, 2.678, 3.243, 3.357, 3.652, 4.104, 4.377, 4.059, 3.905, 4.156, 4.507, 4.509, 4.362, 4.848, 5.604, 6.32, 7.411, 8.741, 9.65, 9.529, 8.126, 7.037, 7.219, 8.526, 9.049, 7.274, 4.806, 3.462, 3.084, 3.283], [5.67, 5.007, 5.593, 6.065, 5.249, 3.813, 2.835, 2.276, 1.361, 1.173, 0.0, 1.004, 1.013, 1.277, 2.183, 4.519, 6.586, 7.275, 6.866, 6.609, 6.516, 7.303, 7.943, 7.593, 5.202, 3.381, 2.571, 1.739, 1.99, 3.53, 7.283, 10.774, 12.207, 12.323, 11.736, 11.565, 11.813, 12.003, 11.528, 11.584, 11.837, 12.092, 11.948, 12.353, 12.425, 12.615, 13.029, 13.522, 13.65, 13.435, 13.046, 13.384, 13.788, 14.119, 14.19, 13.638, 12.612, 11.254, 9.27, 7.655, 7.457, 8.116, 7.754, 5.248, 1.775, 1.805, 1.593, 1.143, 1.012, 1.621, 2.504, 3.476, 3.33, 3.886, 4.093, 4.082, 4.062, 4.251, 4.194, 4.31, 4.031, 4.048, 3.529, 3.039, 3.587, 5.66, 5.8, 3.607, 2.441, 2.518, 3.087, 2.924, 2.347, 2.356, 2.032, 1.947, 1.374, 1.399, 1.656, 2.198, 2.886, 3.22, 3.687, 4.187, 5.029, 6.277, 7.656, 8.566, 8.136, 7.351, 6.939, 6.111, 6.021, 6.568, 7.367, 7.687, 7.038, 6.039, 6.343, 9.808, 11.555, 9.611, 7.004, 6.862, 7.303, 6.826, 5.155, 3.021, 2.212, 2.368, 2.884, 3.111, 3.383, 3.819, 4.074, 3.809, 3.569, 3.81, 4.332, 4.205, 4.097, 4.484, 5.317, 6.089, 7.284, 8.68, 9.604, 9.483, 7.959, 6.648, 6.813, 8.172, 8.666, 6.872, 4.483, 3.249, 2.787, 2.965], [5.633, 4.837, 5.365, 5.84, 4.958, 3.598, 2.656, 2.154, 1.519, 1.566, 1.004, 0.0, 0.775, 1.401, 2.361, 4.178, 6.359, 7.065, 6.573, 6.35, 6.263, 7.061, 7.674, 7.373, 5.052, 3.088, 2.347, 1.744, 1.916, 3.442, 7.338, 10.938, 12.376, 12.58, 11.922, 11.599, 11.872, 12.036, 11.664, 11.671, 11.811, 11.907, 11.776, 12.078, 12.264, 12.388, 12.753, 13.334, 13.845, 13.587, 13.277, 13.663, 14.068, 14.342, 14.43, 13.832, 12.858, 11.457, 9.261, 7.75, 7.722, 8.255, 7.855, 5.221, 1.606, 1.683, 1.341, 1.134, 0.89, 1.387, 2.075, 3.079, 3.15, 3.489, 3.832, 3.703, 3.81, 3.896, 3.81, 3.904, 3.899, 3.917, 3.293, 2.815, 3.358, 5.419, 5.657, 3.505, 2.323, 2.366, 2.746, 2.563, 1.978, 2.045, 2.072, 1.873, 1.641, 1.4, 1.859, 2.218, 2.925, 3.385, 3.596, 4.021, 4.941, 6.055, 7.463, 8.364, 7.905, 7.216, 6.855, 6.014, 5.873, 6.365, 7.387, 7.804, 7.174, 6.23, 6.476, 9.746, 11.553, 9.539, 6.824, 6.655, 7.125, 6.683, 4.974, 3.194, 2.089, 1.924, 2.296, 2.732, 3.201, 3.537, 3.758, 3.465, 3.318, 3.5, 4.279, 4.219, 4.221, 4.602, 5.542, 6.233, 7.416, 8.842, 9.718, 9.501, 7.878, 6.383, 6.568, 8.015, 8.484, 6.601, 4.096, 2.832, 2.394, 2.692], [5.546, 4.759, 5.272, 5.732, 4.862, 3.589, 2.745, 2.271, 1.489, 1.554, 1.013, 0.775, 0.0, 1.085, 2.169, 4.153, 6.243, 6.928, 6.489, 6.232, 6.128, 6.939, 7.583, 7.218, 4.874, 2.918, 2.158, 1.502, 1.687, 3.492, 7.392, 11.015, 12.446, 12.662, 12.024, 11.71, 11.997, 12.181, 11.786, 11.754, 11.935, 12.096, 11.857, 12.199, 12.333, 12.581, 12.918, 13.524, 14.001, 13.709, 13.338, 13.733, 14.155, 14.418, 14.519, 13.902, 12.928, 11.53, 9.324, 7.794, 7.789, 8.367, 7.924, 5.345, 1.499, 1.532, 1.218, 1.201, 1.188, 1.579, 2.264, 3.175, 3.228, 3.725, 3.882, 3.819, 3.98, 4.104, 4.019, 4.135, 4.15, 4.088, 3.4, 2.834, 3.378, 5.374, 5.591, 3.525, 2.508, 2.386, 2.732, 2.704, 2.169, 2.18, 2.126, 1.97, 1.575, 1.455, 1.768, 2.215, 2.88, 3.043, 3.342, 3.849, 4.784, 5.887, 7.32, 8.235, 7.791, 6.992, 6.653, 5.811, 5.743, 6.258, 7.183, 7.537, 6.949, 6.002, 6.207, 9.552, 11.336, 9.282, 6.662, 6.531, 6.962, 6.507, 4.745, 2.764, 1.894, 1.706, 2.244, 2.591, 3.111, 3.499, 3.765, 3.402, 3.272, 3.522, 4.225, 4.332, 4.295, 4.702, 5.646, 6.296, 7.463, 8.888, 9.756, 9.567, 7.997, 6.545, 6.788, 8.207, 8.679, 6.783, 4.287, 2.615, 2.177, 2.519], [5.38, 4.616, 5.096, 5.557, 4.74, 3.619, 2.972, 2.424, 1.737, 1.617, 1.277, 1.401, 1.085, 0.0, 1.595, 3.941, 6.046, 6.738, 6.277, 5.996, 5.926, 6.692, 7.393, 7.036, 4.751, 3.035, 2.493, 1.873, 2.249, 4.006, 7.614, 11.189, 12.657, 12.886, 12.254, 11.894, 12.144, 12.342, 11.977, 12.04, 12.173, 12.271, 12.253, 12.677, 12.662, 12.788, 13.315, 13.846, 14.199, 13.897, 13.552, 13.951, 14.373, 14.614, 14.729, 14.125, 13.154, 11.751, 9.413, 7.943, 8.061, 8.637, 8.172, 5.521, 1.628, 1.406, 1.741, 1.643, 1.618, 1.895, 2.818, 3.752, 3.86, 4.53, 4.587, 4.592, 4.684, 4.912, 4.888, 4.975, 4.841, 4.813, 4.17, 3.498, 3.719, 5.249, 5.478, 3.61, 3.01, 3.001, 3.19, 3.21, 2.791, 2.975, 2.685, 2.383, 1.766, 1.424, 1.743, 2.037, 2.5, 2.751, 3.166, 3.685, 4.616, 5.734, 7.15, 8.041, 7.61, 6.846, 6.404, 5.534, 5.511, 6.022, 6.942, 7.357, 6.75, 5.843, 6.056, 9.326, 11.155, 9.104, 6.504, 6.332, 6.782, 6.325, 4.518, 2.591, 1.92, 2.026, 2.7, 3.134, 3.57, 3.995, 4.238, 3.856, 3.796, 3.906, 4.517, 4.516, 4.472, 4.823, 5.847, 6.513, 7.572, 8.981, 9.868, 9.727, 8.295, 6.889, 7.02, 8.419, 9.002, 7.09, 4.801, 2.928, 2.359, 2.501], [4.34, 3.533, 4.086, 4.592, 4.105, 3.724, 3.209, 2.555, 2.099, 2.088, 2.183, 2.361, 2.169, 1.595, 0.0, 2.869, 5.047, 5.732, 5.238, 4.998, 4.874, 5.704, 6.358, 6.021, 4.117, 3.155, 2.948, 2.468, 2.882, 5.005, 8.735, 12.359, 13.818, 13.991, 13.38, 13.022, 13.206, 13.376, 13.134, 13.093, 13.2, 13.379, 13.293, 13.602, 13.684, 13.872, 14.382, 15.007, 15.274, 15.033, 14.679, 15.061, 15.471, 15.761, 15.857, 15.246, 14.257, 12.882, 10.587, 9.016, 9.117, 9.715, 9.309, 6.595, 2.494, 1.636, 2.708, 2.698, 2.428, 2.681, 3.601, 4.705, 4.862, 5.489, 5.661, 5.668, 5.657, 5.948, 5.896, 5.975, 5.717, 5.686, 5.206, 4.517, 4.468, 4.781, 4.78, 3.487, 3.779, 3.813, 3.932, 4.03, 3.708, 3.956, 3.606, 3.182, 2.548, 1.879, 1.829, 1.912, 1.875, 1.938, 2.32, 2.774, 3.608, 4.641, 6.117, 7.036, 6.588, 5.733, 5.287, 4.399, 4.315, 4.812, 5.862, 6.343, 5.716, 4.742, 5.018, 8.245, 10.104, 8.102, 5.461, 5.334, 5.753, 5.28, 3.45, 2.056, 2.057, 2.415, 3.461, 4.119, 4.49, 4.941, 5.116, 4.794, 4.741, 4.968, 5.639, 5.642, 5.575, 5.963, 6.898, 7.571, 8.737, 10.115, 11.005, 10.906, 9.34, 7.848, 8.041, 9.438, 9.939, 8.14, 5.703, 3.951, 3.129, 3.293], [3.217, 2.093, 2.204, 2.662, 2.969, 3.624, 3.592, 3.804, 4.086, 4.607, 4.519, 4.178, 4.153, 3.941, 2.869, 0.0, 2.341, 3.091, 2.54, 2.276, 2.22, 3.093, 3.614, 3.538, 3.131, 4.13, 4.294, 4.103, 4.892, 7.246, 11.418, 15.027, 16.495, 16.718, 16.057, 15.694, 15.904, 16.072, 15.751, 15.751, 15.892, 15.823, 15.472, 15.665, 16.078, 16.313, 16.541, 17.358, 17.923, 17.694, 17.394, 17.784, 18.194, 18.472, 18.569, 17.955, 16.971, 15.576, 13.241, 11.814, 11.823, 12.376, 11.986, 9.227, 4.984, 3.25, 4.508, 4.88, 4.344, 3.896, 4.405, 5.476, 6.522, 7.0, 7.374, 7.176, 6.898, 7.396, 7.259, 7.354, 6.878, 6.921, 6.777, 5.836, 5.307, 4.62, 4.286, 4.055, 4.985, 5.265, 5.321, 5.276, 5.174, 5.771, 5.729, 5.254, 5.002, 3.751, 3.508, 3.424, 2.689, 1.893, 1.488, 1.524, 1.724, 2.372, 3.431, 4.338, 3.852, 3.55, 3.186, 2.192, 2.162, 2.578, 3.609, 4.076, 3.486, 2.628, 2.754, 5.909, 7.77, 5.769, 2.846, 2.88, 3.262, 2.869, 1.857, 2.386, 3.193, 4.119, 5.009, 6.019, 6.725, 7.07, 7.267, 6.958, 6.928, 7.337, 8.155, 8.203, 8.221, 8.635, 9.583, 10.266, 11.458, 12.873, 13.744, 13.516, 11.83, 10.139, 10.349, 11.916, 12.372, 10.406, 7.779, 6.121, 5.216, 5.721], [3.084, 2.159, 1.778, 2.034, 2.852, 3.799, 4.227, 5.097, 6.043, 6.625, 6.586, 6.359, 6.243, 6.046, 5.047, 2.341, 0.0, 1.141, 1.014, 0.908, 1.111, 1.626, 1.595, 1.994, 3.034, 4.412, 5.024, 5.804, 6.772, 9.285, 13.555, 17.075, 18.606, 18.846, 18.203, 17.83, 18.064, 18.243, 17.792, 17.881, 18.035, 17.977, 17.302, 17.669, 17.964, 18.316, 18.607, 19.382, 20.015, 19.833, 19.512, 19.935, 20.354, 20.586, 20.701, 20.111, 19.124, 17.723, 15.385, 13.954, 13.963, 14.55, 14.145, 11.396, 7.059, 5.144, 6.585, 7.045, 6.444, 5.65, 5.173, 6.091, 7.733, 8.492, 8.522, 8.101, 7.705, 7.93, 8.408, 8.174, 7.62, 7.168, 7.232, 6.233, 5.215, 4.443, 4.091, 4.141, 5.889, 6.446, 6.258, 6.525, 7.027, 7.731, 7.91, 7.433, 7.162, 5.934, 5.561, 5.415, 4.725, 3.994, 3.251, 2.583, 2.24, 1.863, 1.537, 2.303, 2.091, 2.157, 2.27, 1.942, 1.941, 1.892, 2.197, 2.618, 2.646, 2.584, 1.755, 4.01, 5.781, 3.903, 1.7, 1.57, 1.826, 1.539, 1.899, 3.848, 4.858, 5.691, 6.664, 7.87, 8.577, 8.987, 9.057, 8.792, 8.733, 9.48, 10.301, 10.357, 10.366, 10.744, 11.73, 12.434, 13.587, 15.012, 15.888, 15.581, 13.908, 12.211, 12.415, 14.029, 14.439, 12.405, 9.75, 7.748, 7.007, 7.812], [2.9, 2.631, 2.07, 1.927, 2.905, 4.068, 4.747, 5.628, 6.655, 7.315, 7.275, 7.065, 6.928, 6.738, 5.732, 3.091, 1.141, 0.0, 0.859, 1.407, 1.506, 1.555, 1.247, 1.646, 2.764, 4.652, 5.556, 6.485, 7.463, 9.942, 14.211, 17.664, 19.261, 19.526, 18.876, 18.482, 18.64, 18.812, 18.444, 18.561, 18.694, 18.641, 18.032, 18.348, 18.563, 18.973, 19.297, 20.081, 20.704, 20.503, 20.202, 20.626, 21.043, 21.265, 21.387, 20.791, 19.812, 18.406, 15.966, 14.63, 14.653, 15.238, 14.839, 12.057, 7.544, 5.751, 7.277, 7.737, 7.159, 6.32, 5.857, 6.708, 8.471, 9.216, 9.158, 8.802, 8.46, 8.602, 9.109, 8.894, 8.113, 7.745, 7.816, 6.906, 5.239, 4.071, 3.707, 4.403, 6.616, 7.121, 6.95, 7.162, 7.748, 8.259, 8.571, 8.06, 7.761, 6.604, 6.238, 6.1, 5.418, 4.684, 3.932, 3.226, 2.844, 2.28, 1.567, 1.976, 1.906, 2.244, 2.546, 2.395, 2.552, 2.456, 2.543, 2.845, 3.206, 3.135, 2.235, 3.772, 5.395, 3.566, 1.496, 1.43, 1.585, 1.809, 2.506, 4.541, 5.541, 6.344, 7.394, 8.454, 9.169, 9.655, 9.582, 9.278, 9.193, 10.07, 10.993, 11.05, 11.056, 11.434, 12.42, 13.127, 14.279, 15.69, 16.553, 16.067, 14.339, 12.671, 12.866, 14.607, 14.91, 12.863, 10.346, 8.437, 7.469, 8.284], [2.941, 2.334, 1.765, 1.864, 2.753, 3.609, 4.353, 5.135, 6.251, 6.908, 6.866, 6.573, 6.489, 6.277, 5.238, 2.54, 1.014, 0.859, 0.0, 1.044, 1.062, 1.426, 1.426, 1.963, 2.733, 4.258, 5.094, 6.078, 7.056, 9.535, 13.739, 17.285, 18.857, 19.116, 18.455, 18.015, 18.157, 18.324, 18.051, 18.085, 18.204, 18.104, 17.494, 17.764, 18.189, 18.523, 18.802, 19.642, 20.293, 20.088, 19.794, 20.219, 20.631, 20.856, 20.978, 20.366, 19.399, 17.999, 15.484, 14.168, 14.255, 14.812, 14.391, 11.578, 7.104, 5.258, 6.838, 7.319, 6.705, 5.947, 5.466, 6.224, 8.06, 8.78, 8.775, 8.512, 8.079, 8.263, 8.674, 8.521, 7.787, 7.524, 7.498, 6.624, 5.27, 4.131, 3.818, 4.221, 6.269, 6.752, 6.568, 6.609, 7.187, 7.811, 8.094, 7.581, 7.265, 6.112, 5.799, 5.628, 4.956, 4.23, 3.453, 2.785, 2.385, 1.931, 1.604, 2.258, 1.865, 2.14, 2.39, 2.176, 2.186, 2.148, 2.348, 2.759, 3.033, 2.822, 2.062, 3.988, 5.765, 3.832, 1.403, 1.47, 1.772, 1.873, 2.129, 4.131, 5.134, 5.868, 6.851, 7.911, 8.678, 9.156, 9.097, 8.819, 8.733, 9.578, 10.531, 10.637, 10.658, 11.037, 12.023, 12.705, 13.818, 15.228, 16.091, 15.628, 13.908, 12.195, 12.401, 14.093, 14.438, 12.434, 9.829, 7.989, 7.031, 7.833], [3.289, 2.48, 2.111, 2.372, 3.05, 3.865, 4.32, 5.039, 6.025, 6.637, 6.609, 6.35, 6.232, 5.996, 4.998, 2.276, 0.908, 1.407, 1.044, 0.0, 0.945, 1.74, 1.791, 2.377, 3.269, 4.625, 5.104, 5.809, 6.784, 9.293, 13.506, 17.078, 18.618, 18.856, 18.213, 17.799, 17.978, 18.151, 17.816, 17.823, 17.985, 17.909, 17.213, 17.584, 18.018, 18.32, 18.612, 19.405, 20.055, 19.842, 19.523, 19.947, 20.366, 20.598, 20.709, 20.117, 19.146, 17.728, 15.299, 13.892, 13.986, 14.562, 14.128, 11.334, 6.98, 5.068, 6.568, 7.049, 6.442, 5.743, 5.431, 6.091, 7.833, 8.517, 8.535, 8.255, 7.784, 8.045, 8.436, 8.236, 7.763, 7.511, 7.412, 6.431, 5.627, 4.686, 4.309, 4.572, 6.016, 6.465, 6.315, 6.452, 6.973, 7.698, 7.889, 7.386, 7.071, 5.894, 5.552, 5.379, 4.677, 3.922, 3.228, 2.559, 2.082, 1.806, 1.711, 2.414, 2.027, 2.139, 2.115, 1.752, 1.75, 1.897, 2.222, 2.68, 2.639, 2.502, 1.679, 4.047, 5.917, 3.971, 1.761, 1.982, 2.278, 1.876, 2.042, 3.859, 4.864, 5.647, 6.611, 7.812, 8.494, 8.95, 9.021, 8.713, 8.631, 9.387, 10.253, 10.368, 10.389, 10.767, 11.753, 12.436, 13.548, 14.944, 15.808, 15.505, 13.805, 12.082, 12.21, 13.949, 14.266, 12.288, 9.659, 7.837, 6.965, 7.734], [2.652, 2.082, 1.739, 1.932, 2.472, 3.642, 4.25, 4.98, 5.997, 6.549, 6.516, 6.263, 6.128, 5.926, 4.874, 2.22, 1.111, 1.506, 1.062, 0.945, 0.0, 1.443, 1.753, 2.108, 2.826, 4.332, 5.033, 5.731, 6.691, 9.236, 13.416, 17.056, 18.54, 18.766, 18.141, 17.733, 17.956, 18.125, 17.761, 17.758, 17.898, 17.845, 17.213, 17.483, 17.829, 18.159, 18.524, 19.345, 19.959, 19.782, 19.432, 19.854, 20.27, 20.508, 20.615, 20.031, 19.052, 17.655, 15.275, 13.782, 13.895, 14.47, 14.042, 11.259, 7.036, 5.031, 6.477, 6.958, 6.357, 5.505, 4.997, 5.979, 7.629, 8.446, 8.451, 7.999, 7.609, 7.946, 8.342, 8.127, 7.727, 7.194, 7.254, 6.294, 5.289, 4.205, 3.805, 4.118, 5.855, 6.501, 6.266, 6.405, 6.994, 7.706, 7.821, 7.342, 7.02, 5.827, 5.478, 5.264, 4.564, 3.814, 3.136, 2.388, 1.909, 1.609, 1.631, 2.438, 2.174, 2.233, 2.249, 2.048, 1.981, 1.953, 2.325, 2.672, 2.748, 2.511, 1.819, 4.061, 5.873, 3.99, 1.493, 1.611, 1.908, 1.691, 1.932, 3.783, 4.783, 5.57, 6.603, 7.847, 8.448, 8.876, 8.985, 8.715, 8.708, 9.396, 10.172, 10.277, 10.298, 10.676, 11.662, 12.345, 13.464, 14.859, 15.744, 15.546, 13.899, 12.183, 12.358, 13.97, 14.407, 12.38, 9.675, 7.684, 7.029, 7.769], [2.492, 2.548, 2.027, 1.95, 2.44, 3.827, 4.894, 5.776, 6.764, 7.327, 7.303, 7.061, 6.939, 6.692, 5.704, 3.093, 1.626, 1.555, 1.426, 1.74, 1.443, 0.0, 1.273, 1.389, 2.833, 4.751, 5.58, 6.515, 7.475, 10.001, 14.214, 17.831, 19.321, 19.568, 18.915, 18.519, 18.745, 18.92, 18.514, 18.544, 18.703, 18.638, 17.908, 18.248, 18.54, 18.952, 19.28, 20.118, 20.735, 20.554, 20.23, 20.637, 21.059, 21.289, 21.399, 20.81, 19.84, 18.432, 16.068, 14.598, 14.676, 15.273, 14.825, 12.066, 7.749, 5.817, 7.259, 7.74, 7.137, 6.241, 5.747, 6.589, 8.345, 9.201, 9.238, 8.706, 8.285, 8.417, 9.008, 8.778, 8.115, 7.579, 7.443, 6.618, 5.09, 3.667, 3.468, 4.482, 6.55, 7.136, 6.788, 7.046, 7.711, 8.457, 8.622, 8.137, 7.828, 6.628, 6.279, 6.079, 5.423, 4.69, 3.977, 3.302, 2.774, 2.069, 1.669, 2.251, 2.189, 2.504, 2.841, 2.966, 2.834, 2.71, 2.792, 3.162, 3.537, 3.294, 2.694, 4.14, 5.864, 4.134, 1.655, 1.143, 1.324, 1.873, 2.5, 4.557, 5.553, 6.351, 7.327, 8.571, 9.252, 9.676, 9.734, 9.469, 9.418, 10.155, 10.968, 11.059, 11.079, 11.458, 12.444, 13.135, 14.244, 15.636, 16.523, 16.265, 14.594, 12.885, 13.059, 14.706, 15.102, 13.09, 10.423, 8.416, 7.723, 8.493], [3.065, 3.182, 2.5, 2.157, 3.102, 4.483, 5.456, 6.381, 7.361, 7.986, 7.943, 7.674, 7.583, 7.393, 6.358, 3.614, 1.595, 1.247, 1.426, 1.791, 1.753, 1.273, 0.0, 1.259, 3.314, 5.312, 6.253, 7.156, 8.133, 10.631, 14.87, 18.407, 19.952, 20.206, 19.556, 19.156, 19.349, 19.529, 19.146, 19.237, 19.345, 19.274, 18.589, 18.871, 19.191, 19.593, 19.909, 20.739, 21.375, 21.192, 20.872, 21.296, 21.709, 21.936, 22.056, 21.451, 20.481, 19.086, 16.677, 15.285, 15.326, 15.899, 15.485, 12.734, 8.354, 6.423, 7.932, 8.392, 7.796, 6.919, 6.348, 7.189, 8.992, 9.85, 9.813, 9.381, 8.987, 9.114, 9.657, 9.462, 8.642, 8.152, 8.167, 7.331, 5.449, 4.094, 3.862, 4.993, 7.19, 7.773, 7.424, 7.609, 8.352, 9.014, 9.237, 8.736, 8.439, 7.267, 6.901, 6.745, 6.073, 5.323, 4.558, 3.842, 3.193, 2.542, 1.398, 1.568, 1.712, 2.127, 2.365, 2.577, 2.911, 2.661, 2.518, 2.762, 3.196, 3.287, 2.317, 3.634, 5.145, 3.554, 1.583, 1.268, 1.338, 1.804, 3.107, 5.199, 6.194, 6.987, 7.962, 9.137, 9.863, 10.32, 10.34, 10.075, 10.015, 10.765, 11.654, 11.708, 11.729, 12.107, 13.093, 13.781, 14.934, 16.345, 17.219, 16.879, 15.185, 13.477, 13.649, 15.312, 15.692, 13.696, 11.028, 9.048, 8.289, 9.096], [2.462, 2.895, 2.441, 2.032, 2.766, 4.308, 5.356, 6.144, 7.068, 7.615, 7.593, 7.373, 7.218, 7.036, 6.021, 3.538, 1.994, 1.646, 1.963, 2.377, 2.108, 1.389, 1.259, 0.0, 2.563, 5.047, 5.95, 6.829, 7.767, 10.309, 14.542, 18.154, 19.602, 19.844, 19.198, 18.855, 19.122, 19.29, 18.847, 18.893, 19.065, 19.034, 18.515, 18.849, 18.914, 19.338, 19.66, 20.44, 21.034, 20.838, 20.52, 20.921, 21.342, 21.585, 21.683, 21.089, 20.116, 18.714, 16.418, 14.921, 14.953, 15.546, 15.109, 12.398, 8.182, 6.193, 7.544, 8.017, 7.445, 6.633, 6.211, 7.308, 8.824, 9.552, 9.541, 9.027, 8.666, 8.779, 9.408, 9.167, 8.374, 7.839, 7.678, 6.943, 4.904, 3.38, 3.072, 4.72, 6.851, 7.457, 7.107, 7.773, 8.268, 8.801, 8.914, 8.438, 8.176, 6.944, 6.561, 6.389, 5.704, 4.968, 4.261, 3.584, 3.103, 2.384, 1.594, 1.914, 2.321, 2.376, 2.691, 2.9, 3.014, 2.772, 2.769, 3.023, 3.548, 3.228, 2.616, 3.671, 5.044, 3.573, 1.431, 1.229, 0.992, 1.726, 2.802, 4.831, 5.841, 6.717, 7.857, 9.087, 9.611, 10.027, 10.139, 9.859, 9.926, 10.53, 11.296, 11.337, 11.356, 11.735, 12.721, 13.406, 14.563, 15.976, 16.863, 16.673, 15.049, 13.419, 13.706, 15.17, 15.668, 13.6, 10.906, 8.849, 8.187, 8.935], [1.963, 2.038, 2.234, 2.126, 2.233, 2.504, 3.361, 3.972, 4.959, 5.239, 5.202, 5.052, 4.874, 4.751, 4.117, 3.131, 3.034, 2.764, 2.733, 3.269, 2.826, 2.833, 3.314, 2.563, 0.0, 2.72, 3.642, 4.461, 5.395, 8.03, 12.232, 15.865, 17.257, 17.444, 16.827, 16.528, 16.825, 16.988, 16.545, 16.548, 16.719, 16.759, 16.3, 16.661, 16.756, 17.107, 17.428, 18.18, 18.637, 18.499, 18.128, 18.511, 18.929, 19.193, 19.304, 18.707, 17.707, 16.356, 14.157, 12.629, 12.552, 13.187, 12.717, 10.164, 5.971, 4.033, 5.228, 5.645, 5.112, 4.363, 4.223, 5.284, 6.737, 7.302, 7.386, 6.978, 6.523, 6.51, 7.169, 6.907, 6.076, 5.777, 5.693, 4.883, 3.388, 2.613, 2.843, 2.734, 4.557, 5.115, 4.93, 5.649, 6.01, 6.542, 6.605, 6.123, 5.842, 4.654, 4.418, 4.476, 4.08, 3.787, 3.393, 2.735, 2.75, 2.775, 3.231, 3.608, 3.691, 3.748, 4.057, 3.995, 3.8, 3.665, 3.737, 4.282, 4.58, 4.128, 3.647, 5.185, 6.669, 5.017, 2.645, 2.239, 2.496, 2.718, 2.527, 2.962, 3.47, 4.399, 5.656, 6.891, 7.425, 7.848, 7.989, 7.656, 7.695, 8.261, 9.022, 9.032, 9.034, 9.414, 10.379, 11.105, 12.234, 13.701, 14.572, 14.388, 12.807, 11.21, 11.497, 12.953, 13.437, 11.369, 8.677, 6.709, 6.022, 6.664], [3.429, 2.884, 3.269, 3.56, 3.186, 2.506, 2.446, 2.52, 3.315, 3.541, 3.381, 3.088, 2.918, 3.035, 3.155, 4.13, 4.412, 4.652, 4.258, 4.625, 4.332, 4.751, 5.312, 5.047, 2.72, 0.0, 1.455, 2.322, 3.097, 5.693, 9.915, 13.378, 14.896, 15.1, 14.474, 14.118, 14.218, 14.437, 14.221, 14.209, 14.308, 14.435, 14.083, 14.442, 14.5, 14.83, 15.347, 16.018, 16.552, 16.25, 15.834, 16.207, 16.619, 16.885, 16.968, 16.365, 15.377, 14.005, 11.73, 10.113, 10.295, 10.815, 10.512, 7.876, 3.573, 2.593, 3.198, 3.691, 3.301, 2.767, 2.428, 3.268, 4.794, 5.336, 5.246, 5.066, 4.611, 4.646, 5.153, 4.974, 4.276, 3.992, 3.769, 2.988, 2.194, 3.673, 3.732, 2.413, 2.75, 3.203, 2.774, 3.543, 3.734, 4.144, 4.245, 3.695, 3.624, 3.157, 3.082, 3.318, 3.364, 3.551, 3.283, 3.061, 3.697, 4.266, 5.194, 5.988, 5.61, 5.124, 5.151, 4.944, 4.817, 4.973, 5.322, 5.702, 5.811, 5.284, 4.902, 7.35, 9.152, 7.061, 4.558, 4.324, 4.754, 4.427, 3.523, 3.046, 2.356, 2.395, 3.527, 4.715, 5.233, 5.695, 5.81, 5.384, 5.373, 5.966, 6.656, 6.88, 6.808, 7.247, 8.226, 8.845, 9.919, 11.289, 12.164, 11.893, 10.446, 8.887, 9.162, 10.588, 11.075, 9.033, 6.371, 4.644, 3.898, 4.326], [4.33, 3.619, 4.001, 4.447, 3.788, 2.752, 2.348, 1.97, 2.526, 2.829, 2.571, 2.347, 2.158, 2.493, 2.948, 4.294, 5.024, 5.556, 5.094, 5.104, 5.033, 5.58, 6.253, 5.95, 3.642, 1.455, 0.0, 1.562, 2.159, 4.58, 8.785, 12.31, 13.821, 14.049, 13.404, 13.039, 13.239, 13.401, 13.111, 13.085, 13.243, 13.513, 13.207, 13.564, 13.725, 14.058, 14.358, 14.991, 15.437, 15.071, 14.749, 15.16, 15.564, 15.805, 15.91, 15.317, 14.346, 12.943, 10.637, 9.139, 9.213, 9.757, 9.395, 6.712, 2.73, 2.074, 2.397, 2.709, 2.351, 2.179, 1.965, 2.614, 3.977, 4.444, 4.388, 4.226, 3.881, 3.969, 4.389, 4.24, 3.629, 3.503, 3.174, 2.302, 2.424, 4.182, 4.325, 2.567, 2.203, 2.434, 2.096, 2.719, 2.865, 3.056, 3.15, 2.591, 2.66, 2.356, 2.366, 2.703, 3.066, 3.519, 3.332, 3.309, 4.011, 4.814, 6.078, 6.983, 6.506, 5.717, 5.552, 5.29, 5.044, 5.376, 5.956, 6.412, 6.166, 5.542, 5.298, 8.317, 10.138, 8.034, 5.43, 5.206, 5.667, 5.301, 3.979, 2.968, 2.366, 2.265, 2.684, 3.797, 4.359, 4.765, 4.957, 4.505, 4.432, 4.905, 5.668, 5.815, 5.76, 6.128, 7.089, 7.73, 8.849, 10.208, 11.065, 10.803, 9.314, 7.932, 8.139, 9.52, 9.985, 8.164, 5.507, 3.842, 3.372, 3.561], [5.093, 4.358, 4.881, 5.422, 4.78, 3.735, 2.9, 2.363, 1.907, 2.094, 1.739, 1.744, 1.502, 1.873, 2.468, 4.103, 5.804, 6.485, 6.078, 5.809, 5.731, 6.515, 7.156, 6.829, 4.461, 2.322, 1.562, 0.0, 1.185, 3.624, 7.962, 11.464, 12.899, 13.054, 12.486, 12.225, 12.497, 12.714, 12.307, 12.3, 12.537, 12.844, 12.561, 13.014, 13.084, 13.363, 13.715, 14.23, 14.572, 14.24, 13.748, 14.161, 14.589, 14.814, 14.906, 14.361, 13.37, 11.968, 9.905, 8.345, 8.195, 8.843, 8.485, 6.037, 2.198, 1.693, 1.413, 1.731, 1.703, 1.936, 2.336, 3.064, 3.334, 3.838, 4.022, 3.945, 3.821, 4.014, 4.019, 4.133, 3.831, 3.841, 3.309, 2.593, 3.277, 5.231, 5.272, 3.332, 2.19, 2.167, 2.203, 2.58, 2.471, 2.371, 2.381, 1.96, 2.1, 1.885, 2.058, 2.594, 2.978, 3.115, 3.139, 3.589, 4.355, 5.515, 6.888, 7.787, 7.349, 6.534, 6.077, 5.54, 5.282, 5.852, 6.691, 6.917, 6.253, 5.374, 5.613, 9.077, 10.808, 8.801, 6.229, 6.088, 6.523, 6.089, 4.435, 2.499, 1.701, 1.868, 2.214, 3.297, 3.862, 4.191, 4.469, 3.935, 3.945, 4.362, 4.957, 5.015, 4.88, 5.3, 6.213, 6.896, 7.995, 9.4, 10.303, 10.15, 8.642, 7.368, 7.578, 8.941, 9.429, 7.598, 4.983, 3.329, 2.872, 3.079], [5.955, 5.259, 5.833, 6.279, 5.644, 4.611, 3.745, 3.125, 2.195, 2.077, 1.99, 1.916, 1.687, 2.249, 2.882, 4.892, 6.772, 7.463, 7.056, 6.784, 6.691, 7.475, 8.133, 7.767, 5.395, 3.097, 2.159, 1.185, 0.0, 2.816, 7.178, 10.659, 12.061, 12.156, 11.584, 11.411, 11.697, 11.934, 11.559, 11.495, 11.751, 12.182, 11.917, 12.356, 12.443, 12.701, 13.058, 13.561, 13.77, 13.419, 12.857, 13.196, 13.622, 13.892, 13.979, 13.484, 12.469, 11.076, 9.194, 7.564, 7.34, 7.948, 7.697, 5.314, 2.01, 2.229, 1.469, 1.826, 1.924, 2.433, 2.997, 3.476, 3.297, 3.383, 3.721, 3.753, 3.796, 3.958, 3.705, 4.1, 4.221, 4.317, 3.347, 2.768, 4.101, 6.045, 6.147, 4.063, 2.881, 2.654, 2.632, 2.874, 2.505, 2.024, 2.001, 1.858, 2.354, 2.287, 2.482, 3.032, 3.417, 3.588, 3.799, 4.445, 5.247, 6.411, 7.843, 8.748, 8.326, 7.453, 6.983, 6.32, 6.182, 6.771, 7.526, 7.679, 7.014, 5.966, 6.367, 9.977, 11.719, 9.726, 7.172, 7.046, 7.476, 7.015, 5.269, 3.111, 2.142, 1.678, 1.806, 2.711, 3.249, 3.616, 3.866, 3.391, 3.372, 3.742, 4.236, 4.262, 4.085, 4.551, 5.386, 6.079, 7.234, 8.61, 9.507, 9.338, 7.913, 6.746, 6.913, 8.235, 8.741, 6.951, 4.361, 2.699, 2.448, 2.663], [8.545, 7.785, 8.335, 8.845, 8.007, 6.513, 5.631, 4.845, 3.808, 3.567, 3.53, 3.442, 3.492, 4.006, 5.005, 7.246, 9.285, 9.942, 9.535, 9.293, 9.236, 10.001, 10.631, 10.309, 8.03, 5.693, 4.58, 3.624, 2.816, 0.0, 4.426, 7.948, 9.42, 9.622, 9.031, 8.731, 8.979, 9.241, 8.885, 8.854, 9.16, 9.496, 9.385, 9.769, 9.873, 10.066, 10.508, 10.937, 11.227, 10.823, 10.288, 10.689, 11.136, 11.334, 11.452, 10.909, 9.928, 8.482, 6.539, 4.928, 4.798, 5.408, 5.064, 2.614, 3.343, 4.407, 3.105, 2.99, 3.326, 4.079, 4.608, 3.9, 2.992, 2.628, 2.851, 3.204, 3.536, 3.633, 3.418, 4.012, 4.491, 4.62, 3.853, 4.064, 6.1, 8.172, 8.272, 6.087, 4.084, 3.358, 3.653, 3.575, 3.034, 2.12, 2.277, 2.406, 3.254, 3.786, 4.116, 4.726, 5.514, 5.982, 6.338, 6.925, 7.883, 9.02, 10.404, 11.296, 10.843, 10.05, 9.537, 8.788, 8.655, 9.277, 10.25, 10.456, 9.76, 8.703, 9.148, 12.632, 14.366, 12.351, 9.723, 9.557, 10.006, 9.61, 7.8, 5.711, 4.675, 3.823, 2.827, 2.123, 1.975, 1.803, 2.255, 2.387, 2.112, 1.516, 2.004, 2.148, 1.776, 2.133, 2.944, 3.596, 4.66, 5.957, 6.835, 6.625, 5.127, 4.08, 4.207, 5.481, 6.03, 4.284, 2.097, 2.398, 3.508, 3.53], [12.713, 11.975, 12.542, 13.042, 12.163, 10.625, 9.634, 8.869, 7.884, 7.445, 7.283, 7.338, 7.392, 7.614, 8.735, 11.418, 13.555, 14.211, 13.739, 13.506, 13.416, 14.214, 14.87, 14.542, 12.232, 9.915, 8.785, 7.962, 7.178, 4.426, 0.0, 3.708, 5.184, 5.413, 4.842, 4.634, 4.973, 5.25, 5.097, 4.917, 5.251, 5.756, 5.964, 6.291, 6.276, 6.328, 6.692, 7.169, 7.196, 6.679, 6.093, 6.492, 6.952, 7.162, 7.296, 6.657, 5.672, 4.304, 2.502, 1.501, 1.598, 1.873, 1.286, 2.602, 6.966, 8.573, 7.309, 6.848, 7.298, 8.194, 8.596, 7.889, 6.141, 5.379, 5.198, 5.833, 6.438, 6.274, 5.696, 6.239, 7.111, 7.285, 7.21, 7.839, 10.133, 12.337, 12.441, 10.167, 8.074, 7.412, 7.63, 7.474, 6.824, 6.109, 6.014, 6.486, 6.853, 7.844, 8.172, 8.598, 9.427, 9.993, 10.535, 11.123, 12.14, 13.209, 14.66, 15.573, 15.087, 14.222, 13.732, 12.983, 12.811, 13.446, 14.448, 14.792, 14.097, 13.04, 13.484, 16.814, 18.664, 16.619, 14.003, 13.83, 14.262, 13.845, 11.992, 9.899, 8.936, 7.985, 6.988, 5.914, 5.222, 4.737, 4.889, 5.3, 5.459, 4.298, 3.493, 3.54, 3.556, 3.168, 2.374, 1.812, 1.443, 1.968, 2.706, 2.591, 1.742, 2.174, 2.574, 2.165, 2.444, 2.109, 4.105, 5.857, 6.893, 6.283], [16.35, 15.625, 16.141, 16.634, 15.786, 14.116, 13.116, 12.338, 11.204, 10.815, 10.774, 10.938, 11.015, 11.189, 12.359, 15.027, 17.075, 17.664, 17.285, 17.078, 17.056, 17.831, 18.407, 18.154, 15.865, 13.378, 12.31, 11.464, 10.659, 7.948, 3.708, 0.0, 1.89, 2.149, 2.008, 2.107, 2.555, 2.882, 3.156, 3.242, 3.124, 3.715, 4.829, 5.137, 4.75, 4.537, 4.557, 4.587, 4.293, 3.821, 3.032, 3.044, 3.644, 3.864, 3.853, 3.211, 2.411, 1.613, 2.053, 3.672, 3.46, 2.893, 3.362, 6.076, 10.398, 12.112, 10.869, 10.345, 10.896, 11.806, 12.191, 11.327, 9.601, 8.871, 8.638, 9.189, 9.723, 9.615, 9.009, 9.289, 10.215, 10.574, 10.724, 11.4, 13.659, 15.853, 15.876, 13.732, 11.559, 10.923, 11.219, 10.967, 10.33, 9.514, 9.398, 9.885, 10.255, 11.453, 11.646, 12.077, 12.86, 13.443, 14.011, 14.721, 15.724, 16.883, 18.243, 19.131, 18.641, 17.823, 17.215, 16.498, 16.399, 17.108, 18.013, 18.265, 17.425, 16.34, 16.914, 20.471, 22.226, 20.118, 17.565, 17.383, 17.81, 17.388, 15.59, 13.421, 12.425, 11.565, 10.578, 9.44, 8.764, 8.365, 8.446, 8.816, 8.978, 7.849, 6.987, 7.011, 7.02, 6.596, 5.737, 4.985, 3.881, 2.454, 1.724, 2.304, 3.589, 5.296, 5.448, 3.61, 3.285, 5.056, 7.646, 9.46, 10.392, 9.75], [17.767, 17.029, 17.591, 18.085, 17.246, 15.7, 14.71, 13.943, 12.756, 12.216, 12.207, 12.376, 12.446, 12.657, 13.818, 16.495, 18.606, 19.261, 18.857, 18.618, 18.54, 19.321, 19.952, 19.602, 17.257, 14.896, 13.821, 12.899, 12.061, 9.42, 5.184, 1.89, 0.0, 0.821, 1.274, 1.759, 2.336, 2.423, 2.629, 2.627, 2.582, 3.442, 4.435, 4.658, 4.11, 3.79, 3.718, 3.588, 3.139, 2.781, 2.054, 1.982, 2.446, 2.618, 2.679, 1.994, 1.654, 1.891, 3.585, 5.069, 4.824, 4.274, 4.627, 7.388, 11.954, 13.672, 12.265, 11.732, 12.299, 13.208, 13.646, 12.898, 11.031, 10.267, 10.178, 10.642, 11.118, 11.01, 10.426, 10.656, 11.561, 12.026, 12.127, 12.854, 15.198, 17.419, 17.457, 15.144, 12.917, 12.295, 12.681, 12.505, 11.86, 11.105, 10.951, 11.398, 11.851, 12.932, 13.124, 13.395, 14.212, 14.888, 15.498, 16.188, 17.13, 18.299, 19.697, 20.597, 20.161, 19.31, 18.727, 18.047, 17.932, 18.586, 19.447, 19.688, 18.855, 17.765, 18.326, 21.881, 23.651, 21.586, 19.021, 18.883, 19.31, 18.857, 17.086, 14.85, 13.843, 13.079, 12.093, 11.011, 10.312, 9.85, 10.019, 10.43, 10.563, 9.385, 8.462, 8.451, 8.439, 8.022, 7.09, 6.378, 5.127, 3.805, 2.959, 3.379, 5.153, 6.884, 7.057, 5.12, 4.84, 6.651, 9.189, 10.979, 11.984, 11.332], [17.882, 17.21, 17.834, 18.312, 17.465, 15.964, 14.976, 14.171, 12.937, 12.333, 12.323, 12.58, 12.662, 12.886, 13.991, 16.718, 18.846, 19.526, 19.116, 18.856, 18.766, 19.568, 20.206, 19.844, 17.444, 15.1, 14.049, 13.054, 12.156, 9.622, 5.413, 2.149, 0.821, 0.0, 1.105, 1.747, 2.194, 2.295, 2.435, 2.294, 2.428, 3.236, 4.222, 4.556, 3.943, 3.561, 3.499, 3.459, 2.999, 2.578, 1.795, 1.767, 2.288, 2.502, 2.448, 1.832, 1.417, 1.813, 3.721, 5.24, 4.951, 4.397, 4.788, 7.594, 12.205, 13.924, 12.378, 11.894, 12.459, 13.345, 13.877, 13.146, 11.234, 10.422, 10.414, 10.877, 11.319, 11.202, 10.596, 10.839, 11.638, 12.157, 12.331, 13.037, 15.451, 17.674, 17.683, 15.288, 13.06, 12.45, 12.873, 12.755, 12.083, 11.347, 11.143, 11.607, 12.028, 13.09, 13.337, 13.557, 14.314, 15.054, 15.697, 16.397, 17.301, 18.482, 19.921, 20.832, 20.402, 19.515, 18.924, 18.242, 18.147, 18.781, 19.527, 19.755, 18.878, 17.79, 18.397, 22.005, 23.795, 21.784, 19.246, 19.124, 19.543, 19.072, 17.292, 15.04, 14.027, 13.302, 12.341, 11.269, 10.542, 10.07, 10.256, 10.664, 10.804, 9.621, 8.658, 8.571, 8.571, 8.175, 7.182, 6.5, 5.347, 4.002, 3.251, 3.663, 5.405, 7.138, 7.309, 5.359, 5.054, 6.914, 9.435, 11.219, 12.246, 11.584], [17.224, 16.563, 17.202, 17.678, 16.837, 15.31, 14.313, 13.513, 12.335, 11.769, 11.736, 11.922, 12.024, 12.254, 13.38, 16.057, 18.203, 18.876, 18.455, 18.213, 18.141, 18.915, 19.556, 19.198, 16.827, 14.474, 13.404, 12.486, 11.584, 9.031, 4.842, 2.008, 1.274, 1.105, 0.0, 0.988, 1.723, 1.82, 1.905, 1.754, 1.761, 2.709, 3.71, 4.103, 3.553, 3.241, 3.297, 3.251, 3.001, 2.55, 1.812, 2.017, 2.452, 2.732, 2.716, 2.087, 1.557, 1.541, 3.172, 4.744, 4.449, 3.766, 4.415, 7.124, 11.598, 13.274, 11.771, 11.256, 11.804, 12.74, 13.24, 12.504, 10.651, 9.784, 9.774, 10.229, 10.713, 10.567, 9.937, 10.168, 10.975, 11.483, 11.693, 12.37, 14.786, 17.005, 17.024, 14.653, 12.467, 11.856, 12.236, 12.095, 11.415, 10.705, 10.518, 10.967, 11.419, 12.439, 12.74, 13.026, 13.744, 14.457, 15.079, 15.78, 16.694, 17.844, 19.277, 20.183, 19.764, 18.89, 18.313, 17.609, 17.495, 18.124, 18.879, 19.152, 18.308, 17.23, 17.804, 21.376, 23.181, 21.153, 18.615, 18.49, 18.922, 18.433, 16.653, 14.409, 13.408, 12.655, 11.676, 10.607, 9.89, 9.401, 9.589, 9.996, 10.139, 8.974, 8.03, 7.951, 8.021, 7.633, 6.647, 5.883, 4.88, 3.557, 2.997, 3.27, 4.915, 6.486, 6.703, 4.804, 4.499, 6.257, 8.777, 10.582, 11.59, 10.925], [16.983, 16.266, 16.835, 17.323, 16.433, 14.875, 13.871, 13.08, 12.023, 11.66, 11.565, 11.599, 11.71, 11.894, 13.022, 15.694, 17.83, 18.482, 18.015, 17.799, 17.733, 18.519, 19.156, 18.855, 