[[0.0, 2.688, 4.198, 4.187, 3.592, 3.02, 5.425, 5.95, 4.65, 5.047, 5.768, 6.032, 7.324, 8.359, 7.362, 7.726, 10.411, 11.135, 11.536, 13.65, 14.923, 14.482, 14.412, 14.53, 14.806, 14.909, 13.861, 11.759, 9.24, 7.196, 6.75, 7.882, 10.264, 13.435, 14.552, 12.851, 11.965, 13.192, 13.048, 12.683, 11.473, 8.558, 5.871, 7.722, 6.91, 7.41, 6.786, 7.393, 9.126, 10.275, 11.386, 11.619, 10.213, 9.133, 9.439, 11.124, 11.889, 11.237, 8.926, 6.743, 6.646, 6.22, 5.053, 4.677, 4.183, 3.689, 3.715, 4.362, 3.177, 2.495, 2.051, 2.588, 2.407, 2.256, 2.934, 4.426, 5.195, 4.498, 3.541, 4.15, 6.089, 10.402, 10.723, 7.253, 5.209, 4.385, 5.029, 3.834, 3.618, 3.372, 2.729, 2.362, 1.921, 2.719, 3.225, 2.953, 3.538, 4.697, 7.263, 7.592, 6.496, 8.962, 10.995, 10.051, 9.726, 10.303, 9.717, 8.948, 9.282, 10.022, 9.248, 7.167, 6.738, 7.571, 8.817, 10.094, 10.785, 11.011, 10.914, 10.663, 10.453, 11.315, 11.874, 11.758, 12.945, 14.288, 13.821, 11.088, 8.727, 7.156, 6.757, 7.372, 9.392, 10.247, 10.671, 11.041, 11.764, 11.002, 9.875, 9.332, 8.894, 7.742, 7.465, 7.731, 5.542, 2.419, 3.121, 3.802, 3.487, 4.292, 6.182, 6.71, 4.78, 4.603, 4.297, 4.58, 4.104, 4.85, 4.962, 4.024, 3.636, 5.293, 4.388, 4.073, 4.181, 3.234, 2.983, 2.944, 3.04, 3.14, 2.893, 2.943, 2.905, 2.244, 2.585, 2.695, 3.361, 3.734, 5.77, 9.173, 11.027, 12.028, 12.879, 12.116, 12.187, 14.22, 14.816, 14.081, 12.171, 8.974, 3.409, 3.042, 2.845, 2.976, 4.388, 5.975, 6.2, 5.849, 6.444, 6.471, 4.637, 4.288, 5.85, 6.565, 6.492, 7.979], [2.688, 0.0, 1.931, 2.641, 2.157, 1.747, 4.457, 4.904, 3.72, 3.971, 4.614, 4.938, 6.223, 7.076, 6.385, 6.591, 9.417, 10.068, 10.476, 12.566, 13.797, 13.358, 13.378, 13.563, 13.785, 13.878, 12.811, 10.943, 8.865, 7.268, 7.051, 8.439, 10.281, 12.432, 13.496, 11.786, 10.9, 12.19, 12.049, 11.688, 10.539, 8.648, 5.468, 6.91, 6.231, 6.714, 6.218, 6.643, 8.131, 9.179, 10.279, 10.464, 9.119, 8.165, 8.568, 10.215, 10.826, 10.119, 7.777, 5.745, 5.484, 5.121, 3.86, 3.354, 3.239, 3.443, 3.282, 3.589, 3.31, 2.338, 2.511, 2.734, 3.036, 3.408, 4.234, 5.94, 6.835, 6.303, 5.126, 5.583, 8.028, 12.04, 11.942, 8.923, 6.92, 5.572, 5.516, 4.02, 3.738, 3.885, 3.141, 2.64, 3.29, 3.945, 4.09, 4.543, 4.626, 4.704, 6.089, 6.47, 5.457, 8.035, 10.087, 9.202, 8.78, 9.299, 8.7, 7.927, 8.269, 9.039, 8.327, 6.823, 6.432, 6.921, 7.846, 9.039, 9.763, 9.983, 9.843, 9.636, 9.428, 10.223, 10.756, 10.603, 11.824, 13.204, 12.746, 10.049, 7.585, 5.957, 4.344, 6.14, 8.734, 9.324, 9.52, 9.879, 10.646, 9.891, 8.746, 8.189, 7.738, 6.64, 6.343, 6.693, 4.764, 1.883, 3.256, 4.277, 3.964, 5.535, 7.341, 8.18, 6.524, 6.3, 5.758, 5.988, 5.582, 5.931, 6.537, 5.366, 4.806, 6.498, 5.764, 4.069, 3.762, 3.228, 3.427, 3.005, 2.414, 2.411, 2.43, 2.683, 2.947, 3.296, 4.191, 3.834, 3.914, 3.716, 4.998, 8.227, 10.04, 11.02, 11.871, 11.278, 11.355, 13.203, 13.919, 13.104, 11.249, 7.851, 2.892, 3.794, 3.827, 4.406, 5.965, 7.942, 7.86, 7.687, 8.384, 8.387, 6.678, 6.228, 7.464, 8.146, 7.974, 9.225], [4.198, 1.931, 0.0, 1.611, 1.912, 2.03, 3.873, 4.319, 3.326, 3.479, 3.884, 4.2, 5.504, 6.417, 5.691, 5.934, 8.735, 9.396, 9.746, 11.844, 13.107, 12.669, 12.641, 12.941, 13.076, 13.252, 12.281, 10.77, 9.383, 7.952, 7.755, 9.24, 10.801, 12.206, 12.982, 11.382, 10.659, 11.779, 11.633, 11.382, 10.609, 9.418, 6.288, 7.24, 6.91, 6.897, 6.689, 7.129, 7.719, 8.502, 9.521, 9.735, 8.474, 7.525, 7.933, 9.59, 10.093, 9.391, 7.246, 5.382, 4.903, 4.477, 3.43, 3.101, 3.574, 4.003, 3.878, 4.193, 4.432, 3.565, 3.674, 3.873, 4.092, 4.557, 5.258, 6.99, 7.917, 7.406, 6.345, 6.859, 9.262, 13.101, 12.961, 10.158, 8.204, 6.941, 6.611, 5.067, 4.841, 4.808, 4.56, 3.872, 4.529, 5.013, 5.299, 5.799, 5.987, 5.411, 5.503, 5.72, 4.933, 7.844, 9.578, 8.924, 8.694, 9.153, 8.503, 7.889, 8.376, 9.017, 8.504, 7.462, 7.003, 7.485, 8.106, 8.826, 9.293, 9.494, 9.478, 9.136, 8.917, 9.567, 10.077, 9.93, 11.061, 12.43, 11.968, 9.265, 6.884, 5.255, 3.707, 5.314, 8.161, 8.694, 8.897, 9.203, 9.886, 9.116, 8.097, 7.573, 7.092, 6.073, 5.736, 6.074, 4.291, 2.793, 4.013, 5.114, 4.792, 6.354, 8.178, 9.216, 7.874, 7.618, 7.128, 7.238, 6.851, 7.01, 7.668, 6.828, 6.16, 7.504, 7.018, 5.163, 4.495, 4.177, 4.404, 4.33, 3.257, 3.022, 3.238, 3.439, 3.981, 4.415, 5.377, 4.808, 4.727, 4.336, 4.564, 7.526, 9.271, 10.243, 11.089, 10.53, 10.609, 12.426, 13.195, 12.39, 10.6, 7.115, 3.557, 5.099, 5.145, 5.788, 7.225, 9.248, 9.08, 8.986, 9.686, 9.592, 7.862, 7.381, 8.62, 9.248, 9.046, 10.235], [4.187, 2.641, 1.611, 0.0, 2.261, 1.807, 3.177, 3.707, 2.862, 2.932, 3.235, 3.448, 4.561, 5.681, 4.78, 5.222, 7.981, 8.863, 9.21, 11.178, 12.462, 12.102, 11.901, 12.153, 12.269, 12.477, 11.911, 10.459, 9.191, 7.845, 7.678, 9.159, 10.812, 11.888, 12.44, 11.081, 10.321, 11.237, 11.055, 10.849, 10.578, 9.614, 6.49, 7.36, 7.079, 6.922, 6.693, 7.178, 7.398, 7.755, 8.746, 8.941, 7.685, 6.538, 6.962, 8.739, 9.22, 8.651, 6.997, 5.055, 4.611, 3.791, 3.044, 2.864, 3.419, 3.921, 3.817, 4.509, 4.452, 3.732, 3.65, 3.915, 3.928, 4.174, 4.97, 6.778, 7.626, 7.169, 6.17, 7.052, 9.197, 13.025, 13.166, 10.13, 8.408, 7.293, 6.857, 5.269, 5.023, 4.959, 4.886, 4.043, 4.314, 4.838, 5.339, 5.926, 6.299, 5.61, 5.044, 4.963, 4.326, 7.663, 8.817, 8.281, 8.477, 8.996, 8.268, 7.83, 8.339, 8.934, 8.478, 7.598, 7.127, 7.597, 8.073, 8.684, 9.013, 9.177, 9.154, 8.641, 8.384, 8.94, 9.414, 9.251, 10.212, 11.555, 11.044, 8.335, 5.993, 4.502, 3.554, 4.639, 7.131, 7.762, 8.506, 8.765, 9.042, 8.364, 7.586, 7.033, 6.464, 5.679, 5.321, 5.312, 4.048, 3.149, 4.711, 5.78, 5.52, 6.331, 8.193, 9.047, 7.837, 7.696, 7.29, 7.463, 7.142, 7.174, 7.423, 6.829, 6.381, 7.67, 7.084, 5.481, 4.746, 4.289, 4.419, 4.422, 3.061, 2.919, 3.029, 3.424, 4.105, 4.638, 5.281, 4.708, 4.49, 4.124, 4.086, 6.71, 8.365, 9.311, 10.079, 9.476, 9.56, 11.43, 12.134, 11.389, 9.737, 6.344, 3.858, 5.35, 5.29, 6.036, 7.449, 9.168, 9.069, 8.963, 9.657, 9.574, 7.736, 7.256, 8.476, 9.175, 9.016, 10.306], [3.592, 2.157, 1.912, 2.261, 0.0, 1.615, 4.837, 5.359, 4.163, 4.374, 4.829, 5.25, 6.527, 7.413, 6.686, 6.941, 9.804, 10.356, 10.806, 12.879, 14.11, 13.698, 13.65, 13.912, 14.073, 14.186, 13.213, 11.42, 9.638, 8.119, 7.923, 9.399, 11.023, 13.071, 13.922, 12.325, 11.517, 12.712, 12.593, 12.286, 11.174, 9.579, 6.438, 7.647, 7.102, 7.291, 6.895, 7.346, 8.514, 9.586, 10.545, 10.722, 9.429, 8.502, 8.874, 10.578, 11.076, 10.365, 8.158, 6.22, 5.823, 5.425, 4.186, 3.574, 3.777, 4.158, 4.093, 4.308, 4.488, 3.477, 3.439, 3.762, 3.589, 3.811, 4.351, 5.781, 6.714, 6.334, 5.436, 6.578, 8.365, 11.905, 11.62, 9.16, 7.623, 6.94, 6.78, 5.327, 4.942, 4.968, 4.562, 3.547, 3.63, 4.392, 5.217, 5.569, 6.054, 5.571, 6.468, 6.679, 5.852, 8.728, 10.626, 9.809, 9.292, 9.778, 9.201, 8.551, 8.98, 9.753, 8.994, 7.677, 7.227, 7.708, 8.579, 9.644, 10.288, 10.416, 10.378, 10.113, 9.881, 10.527, 11.039, 10.925, 11.992, 13.378, 12.902, 10.246, 7.836, 6.273, 4.548, 6.405, 9.05, 9.618, 9.784, 10.191, 10.819, 10.139, 9.04, 8.506, 8.095, 7.09, 6.721, 7.094, 5.303, 2.451, 2.919, 3.926, 3.673, 5.088, 7.016, 8.162, 7.234, 7.301, 6.839, 7.113, 6.656, 6.345, 6.388, 6.721, 6.34, 6.557, 6.652, 5.261, 4.542, 4.13, 4.502, 4.288, 3.113, 2.711, 3.143, 3.62, 4.208, 4.434, 4.612, 4.075, 3.991, 3.919, 5.248, 8.475, 10.322, 11.286, 12.128, 11.58, 11.667, 13.451, 14.181, 13.358, 11.611, 8.135, 3.797, 5.264, 5.212, 5.745, 7.013, 8.613, 8.129, 8.026, 8.684, 8.574, 6.787, 6.298, 7.364, 8.107, 7.823, 8.958], [3.02, 1.747, 2.03, 1.807, 1.615, 0.0, 3.971, 4.595, 3.547, 3.793, 4.295, 4.563, 5.688, 6.833, 5.92, 6.21, 8.932, 9.586, 9.982, 12.157, 13.417, 12.961, 12.841, 13.006, 13.194, 13.289, 12.29, 10.44, 8.382, 6.758, 6.634, 8.032, 9.879, 11.994, 13.013, 11.341, 10.481, 11.663, 11.47, 11.096, 10.147, 8.451, 5.302, 6.579, 5.983, 6.244, 5.709, 6.254, 7.524, 8.832, 9.886, 10.108, 8.776, 7.563, 8.02, 9.76, 10.265, 9.674, 7.413, 5.213, 5.036, 4.659, 3.455, 2.912, 2.787, 3.15, 3.007, 3.49, 3.277, 2.461, 2.439, 2.635, 2.507, 2.836, 3.648, 5.408, 6.267, 5.874, 4.92, 5.9, 7.97, 11.668, 11.832, 8.864, 7.151, 6.116, 5.675, 4.123, 3.709, 3.767, 3.619, 2.797, 2.968, 3.587, 4.152, 4.749, 5.128, 4.473, 5.723, 6.02, 4.914, 7.517, 9.412, 8.477, 8.146, 8.734, 8.095, 7.56, 7.927, 8.676, 7.961, 6.564, 6.182, 6.66, 7.506, 8.618, 9.264, 9.429, 9.401, 9.146, 8.893, 9.765, 10.316, 10.222, 11.329, 12.739, 12.225, 9.51, 7.211, 5.67, 4.596, 5.884, 8.248, 8.868, 9.162, 9.538, 10.165, 9.452, 8.356, 7.815, 7.385, 6.26, 5.95, 6.13, 4.138, 1.83, 3.492, 4.527, 4.275, 5.08, 7.008, 7.817, 6.558, 6.499, 6.085, 6.269, 5.969, 5.883, 5.995, 5.606, 5.151, 6.283, 5.881, 4.331, 3.668, 3.08, 3.202, 3.228, 1.884, 1.745, 1.853, 2.487, 3.347, 3.832, 4.415, 4.01, 4.01, 3.707, 4.471, 7.675, 9.519, 10.477, 11.285, 10.677, 10.756, 12.623, 13.349, 12.585, 10.871, 7.385, 2.834, 4.162, 4.083, 4.786, 6.312, 7.911, 7.787, 7.721, 8.396, 8.294, 6.491, 5.999, 7.066, 7.839, 7.645, 8.998], [5.425, 4.457, 3.873, 3.177, 4.837, 3.971, 0.0, 1.181, 1.387, 1.385, 1.662, 1.604, 2.737, 3.653, 2.364, 2.58, 5.429, 6.379, 6.774, 8.563, 9.726, 9.354, 9.253, 9.416, 9.657, 9.939, 9.388, 7.953, 6.753, 5.55, 5.323, 6.909, 8.594, 9.306, 9.765, 8.519, 7.736, 8.498, 8.367, 8.229, 8.06, 7.323, 4.668, 4.943, 4.704, 4.599, 4.461, 4.788, 5.062, 4.991, 6.144, 6.596, 5.303, 4.265, 4.816, 5.872, 6.542, 5.972, 4.604, 2.935, 2.923, 2.152, 2.42, 2.579, 2.994, 2.982, 3.169, 3.23, 3.646, 4.647, 4.648, 4.66, 5.59, 5.932, 6.833, 8.994, 9.691, 8.724, 7.394, 7.337, 9.891, 14.823, 15.483, 11.414, 8.925, 6.683, 5.299, 3.917, 3.278, 3.7, 4.052, 4.724, 5.865, 5.943, 5.938, 5.867, 5.679, 4.273, 2.645, 2.681, 1.812, 5.012, 6.166, 5.72, 5.998, 6.533, 5.827, 5.323, 5.825, 6.371, 5.983, 5.262, 4.984, 5.251, 5.715, 6.148, 6.47, 6.601, 6.563, 5.972, 5.694, 6.108, 6.584, 6.474, 7.562, 8.919, 8.44, 5.727, 4.089, 2.776, 3.518, 2.975, 4.473, 5.364, 6.247, 6.468, 6.504, 5.771, 5.101, 4.586, 3.947, 3.181, 3.041, 2.773, 2.223, 4.327, 7.218, 8.341, 8.076, 8.833, 10.822, 11.222, 8.971, 7.973, 7.99, 7.488, 7.45, 9.209, 9.546, 6.706, 6.099, 9.804, 8.44, 5.131, 3.622, 3.168, 3.362, 3.539, 3.44, 3.634, 3.611, 2.964, 3.402, 4.879, 5.967, 5.078, 4.779, 4.272, 3.281, 4.533, 5.89, 6.735, 7.535, 6.851, 6.968, 8.877, 9.555, 8.756, 6.952, 3.981, 3.841, 4.753, 4.755, 5.84, 7.721, 9.456, 10.326, 10.09, 10.645, 10.677, 8.929, 8.268, 10.388, 10.855, 11.019, 12.721], [5.95, 4.904, 4.319, 3.707, 5.359, 4.595, 1.181, 0.0, 1.669, 1.494, 1.421, 1.191, 2.206, 3.148, 2.25, 2.1, 5.066, 6.16, 6.517, 8.129, 9.216, 8.853, 8.811, 9.039, 9.305, 9.649, 9.149, 7.845, 6.837, 5.921, 5.643, 7.234, 8.775, 8.993, 9.475, 8.207, 7.427, 8.196, 8.086, 7.918, 7.815, 7.589, 5.064, 5.001, 4.707, 4.666, 4.652, 4.834, 5.006, 4.507, 5.541, 5.958, 4.595, 3.725, 4.095, 5.401, 6.064, 5.561, 4.222, 2.955, 2.904, 2.129, 2.495, 2.883, 3.434, 3.51, 3.84, 3.379, 4.008, 5.289, 5.293, 5.304, 6.3, 6.592, 7.538, 9.721, 10.352, 9.428, 8.167, 8.142, 10.686, 15.436, 15.973, 12.14, 9.678, 7.508, 5.838, 4.596, 3.79, 4.015, 4.646, 5.237, 6.464, 6.617, 6.653, 6.652, 6.444, 4.976, 2.494, 2.195, 1.528, 4.762, 5.846, 5.469, 5.859, 6.441, 5.799, 5.168, 5.638, 6.072, 5.825, 5.166, 5.004, 5.244, 5.667, 5.95, 6.202, 6.363, 6.247, 5.605, 5.39, 5.607, 6.041, 5.898, 7.063, 8.415, 7.975, 5.245, 3.439, 2.319, 3.252, 2.454, 4.013, 5.08, 5.943, 6.201, 6.158, 5.414, 4.939, 4.429, 3.676, 2.971, 2.908, 2.572, 2.454, 4.816, 7.729, 8.876, 8.564, 9.492, 11.439, 11.92, 9.631, 8.677, 8.643, 8.271, 8.04, 9.808, 10.167, 7.552, 6.689, 10.352, 9.052, 5.339, 3.701, 3.442, 3.883, 4.163, 4.212, 4.432, 4.339, 3.657, 4.114, 5.66, 6.754, 5.931, 5.636, 5.149, 3.843, 4.619, 5.591, 6.341, 7.047, 6.451, 6.643, 8.401, 9.053, 8.241, 6.411, 3.783, 4.148, 5.022, 5.171, 6.511, 8.326, 10.337, 11.051, 10.755, 11.272, 11.345, 9.566, 9.039, 11.032, 11.554, 11.621, 13.251], [4.65, 3.72, 3.326, 2.862, 4.163, 3.547, 1.387, 1.669, 0.0, 1.048, 1.646, 1.972, 3.411, 4.339, 3.215, 3.461, 6.15, 7.085, 7.428, 9.37, 10.639, 10.224, 10.078, 10.216, 10.485, 10.711, 10.01, 8.557, 7.419, 6.3, 5.954, 7.699, 9.345, 9.908, 10.45, 9.093, 8.307, 9.183, 9.046, 8.907, 8.629, 8.105, 5.333, 5.644, 5.373, 5.332, 5.185, 5.526, 5.733, 5.99, 7.091, 7.391, 6.046, 4.943, 5.414, 6.872, 7.583, 6.945, 5.189, 3.474, 3.398, 2.556, 2.334, 2.637, 3.304, 3.392, 3.652, 3.301, 3.835, 3.96, 3.916, 4.373, 5.229, 5.527, 6.54, 8.695, 9.371, 8.441, 7.274, 7.354, 9.803, 14.55, 14.989, 11.274, 8.792, 7.009, 6.094, 4.51, 3.637, 3.852, 3.871, 4.224, 5.395, 5.712, 5.991, 5.816, 5.997, 4.606, 3.243, 3.457, 2.365, 5.56, 6.875, 6.324, 6.586, 7.161, 6.478, 5.902, 6.402, 6.924, 6.581, 5.822, 5.442, 5.797, 6.224, 6.718, 7.072, 7.224, 7.155, 6.64, 6.402, 7.053, 7.579, 7.479, 8.624, 9.977, 9.483, 6.75, 4.486, 3.196, 3.304, 3.259, 5.232, 6.026, 6.949, 7.197, 7.459, 6.698, 6.008, 5.496, 4.744, 3.856, 3.526, 3.479, 2.463, 3.477, 6.309, 7.343, 7.238, 8.522, 10.464, 10.961, 8.567, 7.829, 7.839, 7.795, 7.436, 8.743, 9.149, 6.753, 6.275, 9.476, 8.253, 5.304, 3.229, 2.816, 3.43, 3.368, 3.177, 3.493, 3.524, 2.928, 3.717, 4.82, 5.826, 5.058, 5.006, 4.454, 3.981, 5.364, 6.728, 7.684, 8.527, 7.863, 7.934, 9.872, 10.489, 9.708, 7.9, 4.781, 3.967, 4.84, 5.07, 5.692, 7.606, 9.359, 10.186, 9.897, 10.429, 10.509, 8.682, 8.177, 10.052, 10.706, 10.755, 12.318], [5.047, 3.971, 3.479, 2.932, 4.374, 3.793, 1.385, 1.494, 1.048, 0.0, 1.309, 1.539, 2.94, 3.767, 2.733, 2.999, 5.904, 6.927, 7.293, 8.985, 10.188, 9.807, 9.708, 9.905, 10.18, 10.482, 9.922, 8.599, 7.654, 6.528, 6.203, 7.858, 9.51, 9.781, 10.246, 9.025, 8.244, 9.006, 8.866, 8.7, 8.608, 8.187, 5.395, 5.795, 5.528, 5.476, 5.386, 5.651, 5.769, 5.513, 6.628, 6.912, 5.604, 4.514, 5.179, 6.429, 7.122, 6.521, 5.014, 3.572, 3.222, 2.582, 2.604, 2.782, 3.543, 3.435, 3.782, 3.6, 3.983, 4.457, 4.375, 4.643, 5.488, 5.796, 6.812, 8.933, 9.595, 8.634, 7.299, 7.31, 9.883, 14.689, 15.198, 11.316, 8.826, 7.1, 6.142, 4.644, 3.921, 4.082, 4.082, 4.433, 5.653, 5.809, 5.981, 6.05, 6.105, 4.637, 3.181, 2.85, 2.442, 5.547, 6.664, 6.243, 6.597, 7.177, 6.587, 6.01, 6.413, 6.885, 6.606, 5.951, 5.503, 5.873, 6.252, 6.729, 7.001, 7.136, 7.055, 6.426, 6.167, 6.578, 7.089, 7.001, 8.135, 9.48, 9.042, 6.309, 4.012, 2.964, 3.449, 3.159, 4.882, 5.9, 6.763, 7.025, 7.052, 6.356, 5.875, 5.444, 4.539, 3.851, 3.416, 3.279, 2.681, 3.853, 6.684, 7.789, 7.556, 8.76, 10.691, 11.16, 8.797, 8.031, 7.934, 7.796, 7.535, 9.012, 9.387, 6.766, 6.432, 9.657, 8.351, 5.366, 3.784, 3.29, 3.776, 3.636, 3.411, 3.615, 3.722, 3.088, 3.68, 4.896, 5.874, 5.124, 5.059, 4.574, 3.939, 5.26, 6.447, 7.312, 8.121, 7.497, 7.601, 9.457, 10.09, 9.275, 7.469, 4.591, 4.145, 5.02, 5.244, 5.864, 7.778, 9.483, 10.218, 9.984, 10.603, 10.6, 8.87, 8.27, 10.232, 10.781, 10.924, 12.533], [5.768, 4.614, 3.884, 3.235, 4.829, 4.295, 1.662, 1.421, 1.646, 1.309, 0.0, 0.971, 2.271, 2.996, 2.265, 2.386, 5.535, 6.535, 7.041, 8.524, 9.536, 9.174, 9.221, 9.537, 9.695, 10.03, 9.707, 8.643, 7.794, 6.884, 6.62, 8.237, 9.572, 9.447, 9.829, 8.662, 7.94, 8.673, 8.531, 8.363, 8.317, 8.248, 5.531, 5.71, 5.407, 5.399, 5.485, 5.597, 5.737, 5.046, 5.878, 6.049, 4.901, 3.971, 4.71, 5.989, 6.47, 5.943, 4.704, 3.61, 3.11, 2.443, 2.766, 3.052, 3.764, 3.893, 4.122, 3.975, 4.481, 5.17, 5.082, 5.313, 6.132, 6.325, 7.269, 9.447, 10.072, 9.065, 7.704, 7.656, 10.134, 14.992, 15.543, 11.599, 9.129, 7.302, 6.336, 4.967, 4.26, 4.691, 4.779, 4.956, 6.243, 6.103, 6.382, 6.444, 6.337, 4.884, 3.0, 2.323, 2.303, 5.425, 6.411, 6.091, 6.446, 6.988, 6.492, 5.905, 6.18, 6.559, 6.375, 5.833, 5.406, 5.678, 6.012, 6.484, 6.758, 6.87, 6.685, 6.027, 5.74, 5.894, 6.373, 6.249, 7.304, 8.711, 8.285, 5.616, 3.553, 2.461, 3.317, 2.813, 4.667, 5.842, 6.319, 6.616, 6.481, 5.997, 5.529, 5.141, 4.181, 3.669, 3.262, 3.237, 2.817, 4.66, 7.457, 8.577, 8.281, 9.04, 11.075, 11.457, 9.35, 8.439, 8.219, 8.172, 7.733, 9.518, 9.965, 7.437, 6.882, 9.864, 8.778, 5.577, 4.283, 3.773, 4.194, 4.369, 4.041, 4.323, 4.214, 3.535, 4.089, 5.234, 6.211, 5.474, 5.317, 4.935, 4.384, 5.285, 6.134, 6.838, 7.514, 7.016, 7.248, 8.837, 9.571, 8.766, 7.0, 4.307, 4.314, 5.565, 5.751, 6.472, 8.228, 10.069, 10.5, 10.211, 10.759, 10.824, 9.018, 8.545, 10.724, 11.001, 11.105, 12.827], [6.032, 4.938, 4.2, 3.448, 5.25, 4.563, 1.604, 1.191, 1.972, 1.539, 0.971, 0.0, 1.716, 2.7, 1.985, 2.251, 5.248, 6.246, 6.76, 8.203, 9.254, 9.003, 9.027, 9.307, 9.455, 9.756, 9.445, 8.27, 7.481, 6.731, 6.557, 7.975, 9.335, 9.28, 9.704, 8.502, 7.722, 8.463, 8.314, 8.161, 8.119, 8.192, 5.594, 5.576, 5.282, 5.235, 5.279, 5.373, 5.433, 4.592, 5.452, 5.662, 4.48, 3.618, 4.196, 5.506, 6.071, 5.566, 4.374, 3.293, 2.704, 2.272, 2.659, 3.057, 3.67, 3.77, 4.059, 4.071, 4.484, 5.395, 5.338, 5.49, 6.281, 6.628, 7.383, 9.592, 10.298, 9.284, 7.925, 7.893, 10.45, 15.149, 15.825, 11.888, 9.437, 7.415, 6.38, 4.929, 4.245, 4.657, 4.943, 5.27, 6.47, 6.416, 6.425, 6.695, 6.437, 4.985, 2.861, 1.936, 2.174, 5.148, 6.141, 5.812, 6.159, 6.731, 6.232, 5.672, 5.97, 6.379, 6.156, 5.689, 5.219, 5.472, 5.803, 6.276, 6.524, 6.651, 6.524, 5.88, 5.616, 5.766, 6.121, 5.945, 6.957, 8.322, 7.855, 5.162, 3.206, 1.951, 3.237, 2.354, 4.211, 5.424, 5.979, 6.226, 6.137, 5.518, 5.103, 4.726, 3.865, 3.426, 3.018, 2.846, 2.592, 4.931, 7.807, 8.949, 8.631, 9.221, 11.231, 11.731, 9.641, 8.659, 8.418, 8.158, 7.922, 9.768, 10.215, 7.509, 6.892, 10.091, 8.831, 5.708, 4.19, 3.732, 4.25, 4.537, 4.292, 4.524, 4.476, 3.672, 4.133, 5.424, 6.543, 5.748, 5.539, 5.09, 4.135, 5.013, 5.672, 6.331, 7.032, 6.435, 6.658, 8.354, 9.071, 8.294, 6.503, 3.899, 4.305, 5.585, 5.662, 6.644, 8.424, 10.233, 10.793, 10.5, 11.042, 11.09, 9.286, 8.848, 10.888, 11.28, 11.331, 13.041], [7.324, 6.223, 5.504, 4.561, 6.527, 5.688, 2.737, 2.206, 3.411, 2.94, 2.271, 1.716, 0.0, 2.014, 1.677, 2.502, 5.042, 6.114, 6.656, 8.036, 8.996, 8.774, 8.599, 8.726, 8.901, 9.227, 9.221, 8.189, 7.537, 7.03, 6.83, 8.13, 9.549, 9.473, 9.567, 8.465, 7.698, 8.322, 8.117, 7.924, 8.344, 8.747, 6.229, 6.067, 5.824, 5.627, 5.546, 5.619, 5.529, 4.396, 4.619, 4.747, 3.482, 2.664, 3.572, 4.645, 5.018, 5.288, 4.622, 3.496, 3.077, 2.687, 3.248, 3.682, 4.191, 4.238, 4.699, 4.587, 4.836, 6.361, 6.454, 6.539, 7.347, 7.735, 8.504, 10.614, 11.223, 10.437, 9.112, 9.099, 11.791, 16.526, 17.146, 13.227, 10.787, 8.762, 7.164, 6.03, 5.288, 5.535, 6.031, 6.517, 7.596, 7.803, 7.745, 7.974, 7.801, 6.324, 3.429, 2.194, 2.749, 5.128, 5.798, 5.448, 6.142, 6.72, 6.393, 6.039, 6.274, 6.55, 6.4, 6.113, 5.672, 5.868, 6.098, 6.56, 6.8, 6.723, 6.511, 5.825, 5.469, 5.405, 5.535, 5.147, 5.918, 7.21, 6.685, 4.069, 2.379, 2.583, 3.758, 2.612, 3.725, 5.073, 6.147, 6.266, 5.887, 5.446, 5.252, 4.762, 4.181, 3.778, 3.508, 3.021, 3.444, 6.23, 9.074, 10.111, 9.881, 10.359, 12.377, 12.865, 10.68, 9.752, 9.814, 9.046, 9.227, 10.839, 11.248, 8.577, 7.735, 11.409, 10.179, 6.354, 4.702, 4.541, 4.953, 5.308, 5.382, 5.54, 5.338, 4.901, 5.369, 6.868, 7.824, 6.972, 6.747, 6.313, 4.815, 5.132, 5.59, 5.635, 6.011, 5.435, 5.719, 7.246, 7.827, 7.053, 5.679, 3.967, 5.309, 6.182, 6.224, 7.789, 9.5, 11.464, 12.111, 11.831, 12.496, 12.451, 10.625, 10.187, 12.12, 12.457, 12.601, 14.364], [8.359, 7.076, 6.417, 5.681, 7.413, 6.833, 3.653, 3.148, 4.339, 3.767, 2.996, 2.7, 2.014, 0.0, 1.958, 3.123, 5.001, 6.07, 6.741, 7.789, 8.51, 8.245, 8.284, 8.59, 8.812, 9.271, 9.192, 8.478, 7.965, 7.475, 7.339, 8.68, 9.784, 9.45, 9.454, 8.354, 7.584, 8.135, 7.883, 7.768, 8.256, 8.799, 6.573, 6.018, 5.873, 5.873, 6.021, 5.82, 5.819, 4.434, 3.837, 3.836, 3.033, 2.611, 3.96, 4.378, 4.592, 5.216, 4.508, 3.889, 3.092, 2.96, 3.939, 4.616, 5.101, 5.525, 5.519, 5.435, 5.834, 7.548, 7.605, 7.521, 8.539, 8.89, 9.731, 11.914, 12.596, 11.535, 9.999, 9.861, 12.523, 17.456, 18.079, 13.801, 11.391, 9.311, 7.479, 6.658, 5.891, 6.35, 6.808, 7.497, 8.816, 8.668, 8.427, 8.8, 8.381, 7.014, 3.519, 2.27, 3.513, 5.178, 5.668, 5.616, 6.387, 6.856, 6.561, 6.0, 6.148, 6.463, 6.348, 6.007, 5.559, 5.716, 5.967, 6.442, 6.751, 6.772, 6.376, 5.669, 5.329, 4.968, 5.021, 4.484, 4.917, 6.184, 5.763, 3.558, 2.243, 2.305, 3.661, 2.821, 3.445, 5.021, 5.845, 6.015, 5.97, 5.458, 5.091, 4.548, 4.093, 3.66, 3.305, 3.278, 3.799, 7.194, 10.037, 11.169, 10.868, 11.506, 13.591, 13.94, 11.871, 10.91, 10.704, 9.923, 10.143, 12.027, 12.464, 9.692, 8.787, 12.338, 11.086, 6.779, 5.466, 5.669, 5.982, 6.357, 6.436, 6.515, 6.471, 5.84, 6.014, 7.537, 8.45, 7.83, 7.677, 7.25, 5.686, 5.363, 5.521, 5.473, 5.647, 5.432, 5.597, 6.645, 6.988, 6.237, 4.921, 4.072, 5.767, 6.826, 7.361, 8.878, 10.378, 12.337, 12.707, 12.601, 13.249, 13.176, 11.695, 10.881, 13.245, 13.405, 13.517, 15.305], [7.362, 6.385, 5.691, 4.78, 6.686, 5.92, 2.364, 2.25, 3.215, 2.733, 2.265, 1.985, 1.677, 1.958, 0.0, 2.485, 5.326, 6.438, 7.053, 8.238, 9.045, 8.808, 8.734, 8.885, 9.157, 9.48, 9.558, 8.615, 7.773, 7.045, 7.056, 8.297, 9.677, 9.745, 9.865, 8.837, 8.059, 8.585, 8.28, 8.112, 8.675, 8.66, 5.921, 6.08, 5.811, 5.858, 5.955, 5.79, 5.828, 4.743, 4.478, 4.78, 3.872, 3.362, 4.499, 4.652, 5.214, 5.679, 4.968, 4.005, 3.604, 3.377, 3.865, 4.21, 4.673, 4.538, 4.847, 4.985, 5.415, 6.631, 6.608, 6.631, 7.48, 7.94, 8.681, 10.773, 11.513, 10.459, 8.92, 8.593, 11.267, 16.519, 17.326, 12.893, 10.318, 8.051, 6.624, 5.368, 5.107, 5.54, 5.968, 6.505, 7.794, 7.756, 7.424, 7.604, 7.149, 5.671, 3.386, 2.499, 3.131, 5.473, 6.007, 5.858, 6.624, 7.222, 6.732, 6.218, 6.548, 6.917, 6.778, 6.415, 6.015, 6.081, 6.399, 6.851, 7.107, 7.096, 6.875, 6.132, 5.747, 5.48, 5.623, 5.258, 5.728, 7.006, 6.523, 4.059, 3.14, 3.034, 4.452, 3.375, 3.967, 5.465, 6.275, 6.521, 6.231, 5.764, 5.394, 4.81, 4.285, 3.978, 3.681, 3.231, 3.597, 6.289, 9.174, 10.323, 10.024, 10.578, 12.609, 13.094, 10.836, 9.801, 9.809, 9.015, 9.29, 11.156, 11.512, 8.246, 7.93, 11.565, 10.214, 6.867, 5.379, 5.034, 5.275, 5.371, 5.377, 5.549, 5.519, 4.886, 4.987, 6.432, 7.406, 6.256, 5.994, 5.566, 4.104, 4.735, 5.41, 5.75, 6.02, 5.571, 5.805, 7.202, 7.612, 6.962, 5.48, 4.257, 5.452, 6.611, 6.552, 7.777, 9.65, 10.97, 11.831, 11.752, 12.289, 12.283, 10.576, 9.838, 12.2, 12.471, 12.618, 14.566], [7.726, 6.591, 5.934, 5.222, 6.941, 6.21, 2.58, 2.1, 3.461, 2.999, 2.386, 2.251, 2.502, 3.123, 2.485, 0.0, 3.437, 4.529, 5.05, 6.397, 7.449, 7.087, 7.167, 7.477, 7.62, 7.955, 7.632, 6.607, 5.843, 5.244, 5.475, 6.431, 7.624, 7.388, 7.716, 6.557, 5.82, 6.518, 6.385, 6.218, 6.296, 6.365, 4.634, 4.084, 4.087, 4.391, 4.377, 3.98, 3.866, 2.908, 4.324, 5.281, 4.044, 3.879, 4.148, 4.327, 4.586, 3.971, 3.484, 3.237, 2.928, 2.947, 3.73, 4.312, 4.622, 4.497, 4.948, 4.411, 5.185, 6.973, 6.974, 6.933, 7.802, 8.284, 8.997, 11.15, 11.925, 10.864, 9.178, 8.66, 11.363, 16.708, 17.406, 12.903, 10.233, 7.863, 5.526, 5.015, 4.879, 5.439, 5.983, 6.75, 8.123, 7.897, 7.459, 7.656, 7.025, 5.321, 2.128, 2.273, 2.069, 3.493, 4.311, 4.064, 4.481, 5.044, 4.54, 3.91, 4.248, 4.538, 4.476, 4.86, 4.867, 4.642, 4.914, 4.64, 4.743, 4.867, 4.593, 3.997, 3.957, 3.998, 4.516, 4.69, 5.347, 6.69, 6.344, 3.762, 3.779, 3.002, 4.226, 3.152, 3.489, 4.358, 4.371, 4.626, 4.428, 3.978, 3.486, 3.166, 2.971, 2.491, 2.677, 2.537, 3.344, 6.592, 9.509, 10.636, 10.322, 10.769, 12.921, 13.353, 11.213, 10.134, 9.879, 8.976, 9.325, 11.436, 11.798, 8.505, 8.026, 11.639, 10.418, 6.456, 5.143, 5.01, 5.267, 5.591, 5.721, 5.803, 5.773, 5.171, 5.102, 6.616, 7.666, 6.442, 5.691, 5.356, 3.596, 3.658, 4.192, 4.828, 5.478, 4.882, 5.069, 6.779, 7.608, 6.894, 4.934, 2.818, 5.267, 6.209, 6.237, 7.926, 9.747, 11.145, 11.851, 11.787, 12.353, 12.31, 10.763, 9.938, 12.534, 12.557, 12.702, 14.681], [10.411, 9.417, 8.735, 7.981, 9.804, 8.932, 5.429, 5.066, 6.15, 5.904, 5.535, 5.248, 5.042, 5.001, 5.326, 3.437, 0.0, 1.389, 1.978, 3.46, 4.665, 4.329, 4.234, 4.744, 4.826, 4.921, 4.458, 4.006, 3.817, 4.415, 4.761, 5.081, 5.077, 4.711, 4.77, 3.673, 2.973, 3.579, 3.608, 3.244, 3.6, 5.109, 5.925, 3.556, 4.248, 4.104, 4.578, 3.72, 2.372, 2.13, 3.742, 4.532, 4.016, 4.057, 3.736, 3.139, 3.11, 2.414, 2.859, 4.018, 4.186, 4.535, 6.207, 6.846, 6.91, 7.076, 7.275, 6.655, 7.644, 9.648, 9.676, 9.621, 10.455, 10.914, 11.531, 13.825, 14.577, 13.475, 11.874, 10.922, 13.732, 19.313, 20.296, 15.302, 12.498, 9.921, 7.347, 7.475, 7.501, 7.88, 8.724, 9.708, 10.845, 10.674, 9.982, 10.291, 9.672, 7.344, 3.861, 4.001, 4.598, 2.272, 2.269, 2.325, 2.598, 2.744, 2.546, 2.287, 2.623, 2.317, 2.919, 4.529, 4.807, 4.191, 3.799, 2.793, 2.639, 2.37, 1.894, 1.658, 2.483, 2.872, 3.261, 3.782, 3.79, 4.063, 4.077, 3.499, 4.441, 4.374, 6.113, 4.336, 2.966, 2.754, 2.539, 2.065, 1.868, 2.002, 2.576, 3.085, 2.987, 3.454, 3.593, 3.403, 5.08, 9.375, 12.3, 13.391, 13.114, 13.36, 15.44, 16.044, 13.944, 12.828, 12.799, 11.496, 12.235, 14.153, 14.491, 11.074, 10.673, 14.383, 13.038, 8.577, 7.092, 7.657, 7.862, 8.225, 8.427, 8.495, 8.477, 7.728, 7.842, 9.169, 10.333, 9.104, 8.298, 7.551, 5.617, 3.552, 2.687, 2.291, 2.765, 2.347, 2.445, 4.418, 5.558, 5.049, 2.998, 2.185, 7.658, 8.233, 8.687, 10.684, 12.332, 13.635, 14.51, 14.382, 14.799, 14.949, 13.395, 12.769, 15.357, 14.991, 15.061, 17.389], [11.135, 10.068, 9.396, 8.863, 10.356, 9.586, 6.379, 6.16, 7.085, 6.927, 6.535, 6.246, 6.114, 6.07, 6.438, 4.529, 1.389, 0.0, 0.998, 2.81, 4.008, 3.678, 3.632, 4.167, 4.195, 4.19, 3.415, 3.063, 3.048, 4.444, 5.237, 5.038, 4.133, 3.733, 3.833, 2.541, 1.997, 2.789, 2.809, 2.35, 2.704, 5.141, 6.514, 4.079, 4.825, 4.571, 5.121, 4.102, 2.457, 2.681, 4.284, 5.081, 4.725, 4.909, 4.257, 3.586, 3.444, 2.485, 3.079, 4.664, 4.751, 5.234, 6.952, 7.523, 7.54, 7.752, 7.928, 7.232, 8.276, 10.325, 10.358, 10.3, 11.153, 11.595, 12.23, 14.446, 15.216, 14.114, 12.419, 11.449, 14.267, 19.877, 20.903, 15.889, 13.076, 10.479, 7.925, 8.103, 8.132, 8.575, 9.395, 10.263, 11.486, 11.223, 10.576, 10.968, 10.272, 7.865, 4.619, 5.024, 5.394, 2.617, 2.529, 2.458, 2.4, 2.437, 2.47, 2.678, 2.843, 2.137, 2.861, 4.599, 5.272, 4.526, 3.699, 2.595, 2.346, 1.892, 1.608, 1.885, 2.685, 3.289, 3.727, 4.218, 4.001, 4.051, 3.999, 4.117, 5.324, 5.286, 6.78, 5.36, 3.906, 2.913, 2.261, 1.776, 1.879, 2.249, 2.901, 3.662, 3.668, 4.145, 4.241, 4.11, 5.761, 10.055, 12.952, 14.051, 13.748, 13.983, 16.032, 16.617, 14.568, 13.473, 13.371, 12.096, 12.811, 14.768, 15.16, 11.715, 11.368, 14.984, 13.679, 9.129, 7.742, 8.322, 8.541, 8.919, 9.085, 9.18, 9.143, 8.395, 8.47, 9.76, 10.864, 9.645, 8.793, 8.128, 6.24, 4.22, 3.128, 2.454, 2.445, 2.621, 2.532, 4.092, 5.438, 4.698, 2.66, 2.917, 8.254, 8.933, 9.31, 11.316, 13.044, 14.272, 15.11, 14.976, 15.393, 15.547, 13.939, 13.319, 15.918, 15.534, 15.645, 17.991], [11.536, 10.476, 9.746, 9.21, 10.806, 9.982, 6.774, 6.517, 7.428, 7.293, 7.041, 6.76, 6.656, 6.741, 7.053, 5.05, 1.978, 0.998, 0.0, 2.342, 3.557, 3.24, 3.235, 3.824, 3.852, 3.848, 3.002, 2.597, 2.93, 4.768, 5.637, 5.378, 3.532, 3.161, 3.382, 1.982, 1.625, 2.542, 2.62, 2.256, 2.123, 5.064, 6.953, 4.526, 5.273, 5.04, 5.56, 4.542, 2.746, 3.099, 4.865, 5.707, 5.374, 5.485, 4.744, 4.084, 3.884, 2.8, 3.335, 5.021, 5.133, 5.65, 7.254, 7.9, 8.005, 8.134, 8.371, 7.672, 8.696, 10.74, 10.781, 10.695, 11.551, 11.983, 12.611, 14.851, 15.646, 14.502, 12.881, 11.89, 14.736, 20.322, 21.349, 16.34, 13.526, 10.895, 8.374, 8.527, 8.556, 8.98, 9.812, 10.726, 11.904, 11.685, 11.011, 11.345, 10.714, 8.137, 5.029, 5.541, 5.775, 3.092, 2.949, 2.884, 2.702, 2.697, 2.726, 3.072, 3.102, 2.401, 3.218, 4.969, 5.695, 4.93, 3.829, 2.597, 2.213, 1.765, 1.828, 2.434, 3.226, 3.622, 4.252, 4.729, 4.497, 4.339, 4.421, 4.773, 5.966, 5.761, 7.196, 5.791, 4.379, 3.164, 2.387, 1.806, 1.872, 2.164, 3.017, 3.794, 3.946, 4.473, 4.583, 4.465, 6.134, 10.463, 13.358, 14.44, 14.148, 14.394, 16.43, 17.054, 15.002, 13.892, 13.813, 12.507, 13.256, 15.184, 15.566, 12.116, 11.75, 15.426, 14.082, 9.592, 8.147, 8.728, 8.937, 9.339, 9.483, 9.595, 9.572, 8.827, 8.893, 10.217, 11.349, 10.093, 9.255, 8.514, 6.439, 4.211, 3.037, 2.578, 2.518, 2.709, 2.784, 4.29, 5.614, 4.966, 2.996, 3.343, 8.696, 9.336, 9.731, 11.721, 13.421, 14.686, 15.553, 15.424, 15.841, 15.991, 14.402, 13.781, 16.378, 15.994, 16.098, 18.434], [13.65, 12.566, 11.844, 11.178, 12.879, 12.157, 8.563, 8.129, 9.37, 8.985, 8.524, 8.203, 8.036, 7.789, 8.238, 6.397, 3.46, 2.81, 2.342, 0.0, 1.508, 1.316, 1.516, 2.326, 2.336, 2.122, 2.168, 2.531, 4.74, 6.842, 7.808, 7.543, 4.684, 2.089, 1.857, 1.702, 2.147, 1.509, 1.733, 2.129, 2.948, 6.489, 8.938, 6.56, 7.284, 7.066, 7.66, 6.649, 4.837, 3.929, 5.044, 5.886, 6.024, 6.397, 5.543, 4.643, 4.172, 3.387, 5.114, 7.085, 7.258, 7.672, 9.329, 10.056, 10.213, 10.345, 10.589, 9.822, 10.883, 12.913, 12.936, 12.88, 13.727, 14.174, 14.796, 17.043, 17.813, 16.666, 14.967, 13.928, 16.764, 22.403, 23.374, 18.32, 15.525, 12.882, 10.353, 10.612, 10.632, 11.127, 11.902, 12.789, 14.073, 13.77, 13.078, 13.525, 12.699, 10.133, 6.855, 6.919, 7.595, 5.081, 3.531, 4.102, 4.36, 3.933, 4.354, 4.972, 4.923, 4.232, 4.953, 7.005, 7.721, 6.891, 5.672, 4.513, 3.53, 3.096, 3.319, 3.723, 4.108, 4.097, 4.65, 5.105, 4.581, 4.497, 4.595, 5.375, 7.026, 7.219, 8.98, 7.366, 5.877, 4.851, 3.697, 3.247, 2.574, 3.365, 4.756, 5.533, 5.637, 6.264, 6.455, 6.285, 8.238, 12.576, 15.495, 16.624, 16.291, 16.546, 18.631, 19.205, 17.161, 16.039, 15.895, 14.626, 15.324, 17.346, 17.744, 14.289, 13.922, 17.476, 16.189, 11.646, 10.342, 10.902, 11.137, 11.49, 11.683, 11.81, 11.742, 11.013, 10.97, 12.319, 13.414, 12.163, 11.3, 10.666, 8.431, 5.633, 3.937, 3.192, 2.9, 3.541, 3.474, 4.178, 5.542, 4.468, 3.489, 5.143, 10.741, 11.452, 11.902, 13.886, 15.605, 16.861, 17.552, 17.398, 17.818, 17.98, 16.425, 15.865, 18.494, 18.022, 18.077, 20.463], [14.923, 13.797, 13.107, 12.462, 14.11, 13.417, 9.726, 9.216, 10.639, 10.188, 9.536, 9.254, 8.996, 8.51, 9.045, 7.449, 4.665, 4.008, 3.557, 1.508, 0.0, 0.944, 1.523, 2.065, 2.019, 1.775, 1.942, 3.509, 6.036, 8.111, 9.075, 8.799, 5.93, 2.556, 2.225, 2.612, 3.252, 2.076, 2.347, 2.77, 4.07, 7.615, 10.055, 7.739, 8.42, 8.274, 8.902, 7.881, 6.094, 5.033, 5.289, 5.948, 6.46, 6.925, 6.274, 5.134, 4.611, 4.35, 6.254, 8.323, 8.526, 8.937, 10.623, 11.329, 11.492, 11.589, 11.86, 11.07, 12.151, 14.188, 14.202, 14.14, 14.991, 15.435, 16.065, 18.297, 19.051, 17.924, 16.205, 15.075, 17.896, 23.653, 24.545, 19.439, 16.654, 13.999, 11.49, 11.845, 11.875, 12.392, 13.153, 13.968, 15.331, 14.971, 14.309, 14.786, 13.818, 11.234, 7.959, 7.938, 8.777, 6.244, 4.342, 5.182, 5.573, 5.001, 5.62, 6.185, 6.052, 5.367, 6.071, 8.204, 8.896, 8.033, 6.727, 5.539, 4.655, 4.329, 4.301, 4.748, 4.929, 4.459, 4.771, 5.259, 4.63, 4.723, 4.829, 5.764, 7.964, 8.39, 10.139, 8.534, 6.954, 6.091, 4.868, 4.398, 3.689, 4.521, 5.799, 6.564, 6.676, 7.369, 7.635, 7.482, 9.504, 13.836, 16.75, 17.887, 17.547, 17.804, 19.874, 20.457, 18.407, 17.277, 17.093, 15.879, 16.501, 18.605, 18.997, 15.55, 15.188, 18.656, 17.427, 12.854, 11.605, 12.172, 12.399, 12.782, 12.939, 13.062, 12.984, 12.261, 12.217, 13.568, 14.654, 13.404, 12.548, 11.933, 9.695, 6.858, 5.072, 4.241, 3.66, 4.582, 4.53, 4.113, 5.307, 4.201, 4.303, 6.377, 11.956, 12.71, 13.152, 15.147, 16.864, 18.127, 18.698, 18.517, 18.937, 19.099, 17.589, 17.048, 19.747, 19.207, 19.231, 21.718], [14.482, 13.358, 12.669, 12.102, 13.698, 12.961, 9.354, 8.853, 10.224, 9.807, 9.174, 9.003, 8.774, 8.245, 8.808, 7.087, 4.329, 3.678, 3.24, 1.316, 0.944, 0.0, 1.087, 1.74, 1.853, 1.803, 1.87, 3.089, 5.559, 7.653, 8.613, 8.337, 5.512, 2.61, 2.265, 2.276, 2.784, 1.753, 1.906, 2.538, 3.673, 7.288, 9.649, 7.296, 7.971, 7.793, 8.422, 7.41, 5.669, 4.706, 4.927, 5.607, 5.993, 6.654, 5.99, 4.723, 4.172, 4.095, 5.918, 7.951, 8.103, 8.516, 10.242, 10.954, 11.049, 11.188, 11.426, 10.604, 11.699, 13.724, 13.746, 13.68, 14.529, 14.972, 15.594, 17.835, 18.586, 17.452, 15.754, 14.625, 17.437, 23.175, 24.103, 19.008, 16.222, 13.629, 11.048, 11.389, 11.427, 11.94, 12.705, 13.514, 14.866, 14.519, 13.861, 14.321, 13.366, 10.794, 7.554, 7.664, 8.333, 5.782, 3.903, 4.701, 5.106, 4.547, 5.173, 5.727, 5.626, 4.936, 5.618, 7.749, 8.454, 7.591, 6.418, 5.24, 4.314, 3.94, 3.945, 4.353, 4.551, 4.05, 4.387, 4.805, 4.259, 4.341, 4.386, 5.354, 7.721, 8.138, 9.856, 8.225, 6.72, 5.822, 4.566, 4.202, 3.513, 4.337, 5.667, 6.431, 6.542, 7.01, 7.218, 7.146, 9.066, 13.374, 16.289, 17.427, 17.085, 17.325, 19.4, 19.982, 17.952, 16.829, 16.642, 15.398, 16.049, 18.148, 18.542, 15.092, 14.73, 18.207, 16.958, 12.387, 11.15, 11.721, 11.945, 12.324, 12.506, 12.631, 12.569, 11.838, 11.795, 13.127, 14.226, 12.98, 12.161, 11.551, 9.376, 6.687, 4.94, 4.11, 3.446, 4.374, 4.294, 3.847, 5.185, 4.263, 4.093, 6.058, 11.499, 12.253, 12.69, 14.691, 16.393, 17.66, 18.248, 18.065, 18.486, 18.644, 17.133, 16.595, 19.286, 18.779, 18.782, 21.245], [14.412, 13.378, 12.641, 11.901, 13.65, 12.841, 9.253, 8.811, 10.078, 9.708, 9.221, 9.027, 8.599, 8.284, 8.734, 7.167, 4.234, 3.632, 3.235, 1.516, 1.523, 1.087, 0.0, 1.252, 1.375, 1.629, 1.756, 2.855, 5.419, 7.529, 8.472, 8.238, 5.455, 2.666, 2.195, 2.483, 2.902, 1.678, 1.837, 2.364, 3.811, 7.39, 9.823, 7.408, 8.116, 7.843, 8.323, 7.401, 5.533, 4.698, 4.811, 5.653, 5.88, 6.4, 5.803, 4.566, 4.017, 4.142, 5.979, 7.792, 8.039, 8.427, 10.062, 10.753, 10.891, 11.016, 11.259, 10.553, 11.591, 13.585, 13.615, 13.549, 14.389, 14.846, 15.479, 17.738, 18.492, 17.376, 15.739, 14.696, 17.55, 23.152, 24.207, 19.182, 16.352, 13.803, 11.205, 11.394, 11.447, 11.849, 12.685, 13.559, 14.747, 14.534, 13.891, 14.201, 13.524, 10.982, 7.653, 7.669, 8.306, 5.821, 3.707, 4.56, 5.049, 4.528, 5.107, 5.822, 5.795, 5.07, 5.78, 7.834, 8.55, 7.746, 6.621, 5.453, 4.454, 3.996, 4.1, 4.525, 4.647, 4.136, 4.368, 4.73, 4.192, 4.268, 4.268, 5.152, 7.602, 8.238, 9.891, 8.115, 6.577, 5.681, 4.659, 4.286, 3.63, 4.342, 5.801, 6.617, 6.685, 7.115, 7.287, 7.023, 8.962, 13.351, 16.249, 17.321, 17.047, 17.207, 19.329, 19.891, 17.84, 16.718, 16.676, 15.301, 16.112, 18.034, 18.414, 14.98, 14.625, 18.308, 16.992, 12.413, 11.015, 11.592, 11.809, 12.191, 12.349, 12.456, 12.415, 11.674, 11.795, 13.111, 14.196, 12.942, 12.134, 11.4, 9.182, 6.454, 4.806, 3.767, 3.121, 4.166, 4.14, 3.423, 4.768, 3.97, 4.106, 5.961, 11.561, 12.217, 12.598, 14.58, 16.268, 17.521, 18.375, 18.231, 18.649, 18.804, 17.186, 16.629, 19.242, 18.837, 18.938, 21.285], [14.53, 13.563, 12.941, 12.153, 13.912, 13.006, 9.416, 9.039, 10.216, 9.905, 9.537, 9.307, 8.726, 8.59, 8.885, 7.477, 4.744, 4.167, 3.824, 2.326, 2.065, 1.74, 1.252, 0.0, 1.093, 1.648, 1.809, 2.969, 5.592, 7.676, 8.635, 8.371, 6.14, 3.279, 2.946, 3.234, 3.555, 2.177, 2.249, 2.758, 4.514, 8.103, 10.442, 7.958, 8.618, 8.433, 8.801, 7.783, 5.78, 4.989, 5.111, 5.784, 6.019, 6.563, 5.972, 4.671, 4.356, 4.653, 6.458, 7.999, 8.238, 8.641, 10.214, 10.862, 10.946, 11.091, 11.395, 10.764, 11.711, 13.683, 13.749, 13.703, 14.541, 14.99, 15.689, 17.876, 18.654, 17.64, 16.087, 15.25, 18.146, 23.593, 24.47, 19.797, 16.928, 14.431, 11.797, 11.686, 11.627, 11.98, 12.818, 13.82, 14.873, 14.895, 14.225, 14.449, 14.018, 11.622, 8.162, 8.092, 8.761, 6.016, 4.023, 4.81, 5.372, 5.052, 5.663, 6.429, 6.419, 5.563, 6.352, 8.128, 8.893, 8.318, 7.317, 6.162, 5.154, 4.71, 4.8, 5.168, 5.28, 4.865, 4.75, 4.781, 4.459, 4.544, 4.481, 5.455, 7.802, 8.596, 10.188, 8.478, 6.746, 5.828, 5.117, 5.044, 4.43, 5.136, 6.563, 7.37, 7.436, 7.737, 7.811, 7.249, 9.203, 13.485, 16.392, 17.43, 17.2, 17.595, 19.657, 20.228, 17.961, 16.888, 16.947, 15.758, 16.422, 18.22, 18.529, 15.101, 14.784, 18.653, 17.305, 12.741, 11.088, 11.689, 11.911, 12.302, 12.436, 12.599, 12.515, 11.85, 12.032, 13.516, 14.531, 13.19, 12.355, 11.557, 9.328, 6.834, 5.39, 4.317, 3.581, 4.506, 4.416, 3.202, 4.036, 3.715, 4.284, 6.392, 11.961, 12.389, 12.769, 14.75, 16.54, 17.767, 18.85, 18.791, 19.23, 19.313, 17.704, 16.977, 19.429, 19.438, 19.547, 21.68], [14.806, 13.785, 13.076, 12.269, 14.073, 13.194, 9.657, 9.305, 10.485, 10.18, 9.695, 9.455, 8.901, 8.812, 9.157, 7.62, 4.826, 4.195, 3.852, 2.336, 2.019, 1.853, 1.375, 1.093, 0.0, 1.223, 1.661, 3.139, 5.698, 7.82, 8.709, 8.489, 5.993, 3.175, 2.767, 3.204, 3.572, 2.279, 2.284, 2.736, 4.506, 8.129, 10.496, 8.012, 8.672, 8.403, 8.778, 7.774, 5.821, 5.161, 5.339, 6.177, 6.4, 6.851, 6.158, 4.982, 4.533, 4.698, 6.516, 8.149, 8.435, 8.741, 10.461, 10.96, 11.105, 11.273, 11.415, 10.857, 11.892, 13.849, 13.968, 13.928, 14.76, 15.154, 15.891, 18.064, 18.737, 17.694, 16.097, 15.22, 18.137, 23.655, 24.642, 19.851, 16.98, 14.485, 11.85, 11.82, 11.852, 12.248, 13.076, 13.912, 15.05, 14.96, 14.337, 14.633, 14.075, 11.661, 8.233, 8.197, 8.749, 6.231, 4.138, 4.92, 5.358, 5.092, 5.676, 6.483, 6.457, 5.613, 6.406, 8.247, 8.996, 8.372, 7.315, 6.169, 5.211, 4.679, 4.817, 5.228, 5.346, 4.993, 5.126, 5.148, 4.779, 4.895, 4.846, 5.553, 7.881, 8.672, 10.344, 8.565, 6.934, 5.928, 5.193, 5.054, 4.299, 5.11, 6.565, 7.348, 7.435, 7.793, 7.882, 7.332, 9.393, 13.752, 16.647, 17.694, 17.457, 17.674, 19.709, 20.266, 18.035, 16.93, 17.09, 15.817, 16.535, 18.359, 18.754, 15.256, 15.018, 18.743, 17.422, 12.796, 11.243, 11.927, 12.166, 12.461, 12.597, 12.807, 12.671, 12.019, 12.185, 13.559, 14.548, 13.263, 12.433, 11.691, 9.5, 6.94, 5.42, 4.418, 3.614, 4.518, 4.395, 3.193, 4.169, 3.722, 4.571, 6.375, 12.017, 12.631, 12.959, 14.894, 16.677, 17.892, 18.904, 18.844, 19.284, 19.367, 17.674, 17.016, 19.568, 19.492, 19.601, 21.741], [14.909, 13.878, 13.252, 12.477, 14.186, 13.289, 9.939, 9.649, 10.711, 10.482, 10.03, 9.756, 9.227, 9.271, 9.48, 7.955, 4.921, 4.19, 3.848, 2.122, 1.775, 1.803, 1.629, 1.648, 1.223, 0.0, 1.431, 3.284, 5.726, 7.915, 8.831, 8.541, 5.741, 2.647, 2.146, 3.103, 3.525, 2.226, 2.438, 2.655, 4.429, 8.015, 10.472, 7.987, 8.686, 8.408, 8.801, 7.793, 5.894, 5.438, 5.925, 6.787, 6.999, 7.246, 6.497, 5.537, 5.078, 4.899, 6.721, 8.413, 8.622, 8.932, 10.663, 11.116, 11.175, 11.403, 11.549, 10.918, 11.951, 13.97, 14.057, 14.007, 14.847, 15.267, 15.959, 18.153, 18.769, 17.685, 16.09, 15.148, 18.135, 23.729, 24.717, 19.834, 16.975, 14.451, 11.851, 11.889, 11.945, 12.341, 13.172, 13.92, 15.139, 15.032, 14.404, 14.702, 14.131, 11.615, 8.359, 8.487, 9.018, 6.344, 4.403, 5.018, 5.454, 5.114, 5.678, 6.478, 6.426, 5.622, 6.419, 8.339, 9.067, 8.379, 7.235, 6.083, 5.274, 4.633, 4.76, 5.27, 5.424, 5.379, 5.638, 5.829, 5.308, 5.424, 5.364, 6.063, 8.156, 8.931, 10.576, 8.843, 7.234, 6.217, 5.357, 5.076, 4.342, 5.168, 6.654, 7.438, 7.569, 7.974, 8.066, 7.575, 9.555, 13.848, 16.742, 17.785, 17.541, 17.748, 19.771, 20.365, 18.129, 17.008, 17.188, 15.877, 16.628, 18.447, 18.834, 15.351, 15.102, 18.807, 17.487, 12.858, 11.375, 12.02, 12.263, 12.547, 12.752, 12.911, 12.742, 12.105, 12.278, 13.581, 14.622, 13.341, 12.511, 11.812, 9.705, 7.109, 5.57, 4.639, 3.937, 4.661, 4.598, 3.781, 4.762, 4.089, 4.922, 6.602, 12.093, 12.709, 13.039, 14.982, 16.755, 17.979, 18.967, 18.867, 19.292, 19.416, 17.71, 17.095, 19.658, 19.49, 19.591, 21.813], [13.861, 12.811, 12.281, 11.911, 13.213, 12.29, 9.388, 9.149, 10.01, 9.922, 9.707, 9.445, 9.221, 9.192, 9.558, 7.632, 4.458, 3.415, 3.002, 2.168, 1.942, 1.87, 1.756, 1.809, 1.661, 1.431, 0.0, 2.344, 4.92, 6.974, 7.94, 7.676, 4.959, 2.185, 2.28, 2.273, 2.521, 1.784, 2.039, 2.171, 3.342, 7.038, 9.307, 6.852, 7.59, 7.356, 7.845, 6.86, 4.978, 5.108, 5.779, 6.564, 6.854, 7.147, 6.294, 5.367, 4.913, 4.383, 5.777, 7.538, 7.694, 8.315, 9.842, 10.415, 10.375, 10.48, 10.726, 10.001, 11.026, 13.061, 13.082, 13.004, 13.856, 14.291, 14.919, 17.174, 17.951, 16.81, 15.198, 14.208, 17.053, 22.639, 23.669, 18.669, 15.852, 13.288, 10.692, 10.831, 10.881, 11.294, 12.114, 13.045, 14.202, 14.002, 13.338, 13.644, 13.035, 10.461, 7.584, 8.165, 8.354, 5.315, 4.074, 4.416, 4.512, 4.042, 4.609, 5.325, 5.267, 4.54, 5.293, 7.284, 8.012, 7.222, 6.111, 4.991, 4.239, 3.685, 3.758, 4.527, 4.732, 5.059, 5.312, 5.644, 5.167, 5.355, 5.347, 6.125, 8.269, 8.452, 9.929, 8.467, 7.039, 5.687, 4.495, 4.151, 3.985, 4.584, 5.806, 6.606, 6.742, 7.043, 7.164, 7.018, 8.561, 12.786, 15.685, 16.748, 16.476, 16.678, 18.765, 19.359, 17.299, 16.175, 16.133, 14.794, 15.577, 17.47, 17.87, 14.417, 14.055, 17.746, 16.407, 11.91, 10.482, 11.047, 11.269, 11.667, 11.834, 11.919, 11.855, 11.133, 11.223, 12.57, 13.72, 12.486, 11.755, 10.968, 8.983, 6.633, 5.221, 4.611, 4.154, 4.787, 4.644, 4.018, 5.153, 4.405, 4.732, 5.994, 11.019, 11.649, 12.041, 14.012, 15.725, 16.98, 17.873, 17.741, 18.161, 18.311, 16.721, 16.098, 18.695, 18.331, 18.432, 20.754], [11.759, 10.943, 10.77, 10.459, 11.42, 10.44, 7.953, 7.845, 8.557, 8.599, 8.643, 8.27, 8.189, 8.478, 8.615, 6.607, 4.006, 3.063, 2.597, 2.531, 3.509, 3.089, 2.855, 2.969, 3.139, 3.284, 2.344, 0.0, 2.788, 4.854, 5.848, 5.626, 3.823, 2.678, 3.127, 2.047, 2.069, 2.033, 2.015