[[0.0, 1.148, 2.112, 2.063, 2.486, 1.897, 1.506, 1.714, 3.834, 5.634, 5.103, 3.477, 3.101, 3.742, 4.704, 5.163, 5.458, 5.814, 6.249, 6.497, 6.469, 6.409, 6.666, 6.019, 5.313, 5.363, 6.578, 7.64, 6.441, 4.343, 2.91, 2.323, 2.315, 2.526, 2.63, 2.405, 2.82, 3.556, 3.544, 3.573, 3.695, 4.311, 5.485, 6.678, 5.99, 4.635, 3.886, 3.993, 4.049, 2.902, 2.077, 1.586, 1.636, 1.936, 2.565, 3.453, 4.619, 5.715, 6.959, 7.543, 7.785, 9.6, 13.609, 17.051, 16.261, 14.433, 14.298, 14.969, 14.89, 15.236, 15.639, 16.254, 15.677, 14.738, 14.123, 13.441, 11.861, 10.604, 11.538, 13.149, 9.645, 4.282, 1.593, 2.616, 2.832, 2.594, 2.749, 2.881, 2.829, 3.292, 3.567, 2.31, 2.732, 3.001, 2.255, 2.965, 3.962, 4.941, 6.163, 6.469, 5.765, 4.916, 4.202, 3.766, 2.857, 2.36, 2.534, 3.396, 4.654, 5.894, 7.273, 8.401, 7.0, 3.959, 3.192, 3.8, 4.37, 4.44, 4.222, 3.0, 2.903, 2.911, 3.52, 4.572, 3.925, 3.176, 3.355, 4.044, 4.09, 3.509, 3.146, 2.192, 2.201, 3.325, 4.298, 4.897, 5.753, 7.364, 7.567, 6.84, 6.259, 5.848, 5.608, 5.434, 5.189, 5.214, 5.401, 5.312, 5.256, 5.128, 6.687, 8.253, 8.964, 9.152, 9.422, 10.799, 11.541, 11.063], [1.148, 0.0, 1.576, 1.679, 2.549, 1.901, 1.86, 1.764, 3.808, 5.619, 5.0, 3.423, 2.804, 3.524, 4.369, 4.893, 5.167, 5.483, 6.034, 6.362, 6.544, 6.478, 6.491, 5.713, 4.9, 4.982, 6.179, 7.1, 5.92, 3.831, 2.542, 1.891, 2.078, 2.339, 2.162, 2.223, 2.982, 3.835, 3.517, 3.701, 3.909, 4.439, 5.67, 6.834, 6.072, 4.808, 3.444, 3.503, 3.784, 2.918, 1.939, 1.62, 1.66, 1.789, 2.428, 3.376, 4.543, 5.654, 6.89, 7.37, 7.482, 9.516, 13.559, 17.053, 16.241, 14.479, 14.247, 14.907, 14.813, 15.165, 15.598, 16.178, 15.607, 14.669, 14.07, 13.385, 11.812, 10.508, 11.44, 13.048, 9.504, 4.255, 1.59, 2.767, 2.748, 2.413, 2.532, 2.743, 2.765, 3.053, 3.396, 2.0, 2.672, 2.923, 2.0, 2.754, 3.851, 4.656, 5.81, 6.207, 5.387, 4.577, 3.896, 3.237, 2.447, 2.08, 2.186, 3.215, 4.535, 5.853, 7.201, 8.39, 6.941, 3.922, 3.155, 3.881, 4.354, 4.334, 4.063, 3.109, 3.027, 3.027, 3.609, 4.527, 3.761, 2.752, 2.929, 3.686, 3.611, 3.069, 2.732, 1.79, 2.037, 3.381, 4.466, 5.035, 5.867, 7.43, 7.629, 6.912, 6.337, 5.94, 5.685, 5.511, 5.253, 5.236, 5.238, 5.397, 5.403, 5.259, 6.806, 8.342, 9.045, 9.234, 9.646, 10.913, 11.66, 11.117], [2.112, 1.576, 0.0, 1.178, 2.126, 2.1, 2.471, 1.978, 2.716, 4.493, 3.908, 2.38, 1.984, 2.555, 3.284, 3.916, 4.181, 4.529, 5.053, 5.256, 5.371, 5.336, 5.557, 4.779, 3.858, 3.768, 4.951, 5.834, 4.741, 2.666, 1.663, 1.62, 2.356, 2.585, 2.286, 2.663, 3.705, 4.509, 4.143, 3.769, 3.912, 4.405, 5.437, 6.619, 6.093, 4.579, 3.419, 3.384, 3.481, 2.663, 1.755, 2.019, 1.762, 1.62, 1.795, 2.392, 3.64, 4.669, 5.786, 6.173, 6.254, 8.192, 12.399, 15.909, 15.226, 13.303, 13.208, 13.874, 13.868, 14.126, 14.557, 15.23, 14.655, 13.678, 13.019, 12.406, 10.864, 9.333, 10.235, 11.866, 8.388, 3.277, 2.49, 3.903, 3.58, 2.986, 2.508, 2.64, 2.578, 2.716, 2.956, 2.127, 3.563, 3.908, 2.409, 2.427, 2.958, 3.53, 4.64, 5.028, 4.188, 3.405, 2.8, 1.979, 1.245, 1.257, 1.366, 2.088, 3.345, 4.737, 6.258, 7.354, 5.806, 2.905, 2.447, 3.405, 3.842, 3.598, 3.544, 2.781, 2.731, 2.862, 3.252, 3.748, 2.834, 1.987, 2.167, 2.676, 2.437, 1.995, 1.762, 1.566, 2.702, 4.266, 5.368, 5.968, 6.907, 8.503, 8.69, 7.986, 7.411, 6.994, 6.685, 6.499, 6.24, 6.129, 6.089, 6.41, 6.346, 6.294, 7.866, 9.409, 10.125, 10.338, 10.664, 12.046, 12.752, 12.192], [2.063, 1.679, 1.178, 0.0, 1.568, 1.671, 2.407, 1.687, 2.787, 4.536, 3.854, 2.234, 1.872, 2.448, 3.187, 3.796, 4.098, 4.474, 4.89, 5.053, 5.244, 5.266, 5.457, 4.715, 3.885, 3.825, 4.963, 5.947, 4.922, 2.887, 2.045, 2.053, 2.929, 3.35, 3.022, 3.199, 4.091, 5.019, 4.759, 4.57, 4.626, 5.289, 6.446, 7.602, 7.019, 5.533, 4.327, 4.232, 4.415, 3.496, 2.276, 2.005, 1.79, 1.775, 2.274, 2.724, 3.927, 4.804, 5.921, 6.191, 6.311, 8.248, 12.427, 15.989, 15.203, 13.226, 13.133, 13.803, 13.862, 14.09, 14.577, 15.225, 14.653, 13.638, 13.038, 12.402, 10.88, 9.336, 10.25, 11.873, 8.421, 3.262, 2.444, 3.86, 3.77, 3.204, 3.057, 3.221, 3.176, 3.326, 3.542, 2.707, 3.667, 4.015, 2.941, 3.201, 3.558, 3.797, 4.86, 5.154, 4.3, 3.473, 2.898, 2.378, 1.64, 1.475, 1.656, 2.461, 3.445, 4.833, 6.36, 7.445, 5.912, 3.113, 3.032, 4.101, 4.531, 4.229, 4.262, 3.645, 3.487, 3.77, 3.909, 4.173, 3.175, 2.384, 2.531, 2.91, 2.916, 2.374, 2.08, 1.981, 2.812, 4.332, 5.455, 6.076, 6.952, 8.54, 8.743, 8.021, 7.446, 7.047, 6.753, 6.55, 6.283, 6.13, 6.234, 6.478, 6.396, 6.319, 7.879, 9.428, 10.14, 10.369, 10.683, 12.005, 12.723, 12.159], [2.486, 2.549, 2.126, 1.568, 0.0, 1.536, 2.316, 1.539, 2.757, 4.204, 3.542, 2.456, 2.806, 2.92, 3.574, 4.196, 4.483, 4.852, 5.222, 5.491, 5.465, 5.409, 5.668, 4.978, 4.29, 4.157, 5.121, 6.149, 5.23, 3.269, 2.186, 2.261, 3.228, 3.732, 3.406, 3.568, 4.153, 4.783, 4.937, 4.956, 5.042, 5.673, 6.793, 7.996, 7.419, 5.909, 4.823, 4.888, 4.775, 3.977, 3.133, 2.877, 2.467, 2.491, 2.649, 2.922, 3.849, 4.748, 5.766, 5.954, 6.025, 7.9, 12.189, 15.689, 14.883, 13.083, 12.994, 13.602, 13.605, 13.841, 14.329, 14.972, 14.387, 13.326, 12.774, 12.154, 10.556, 8.995, 9.929, 11.452, 8.152, 3.386, 2.879, 4.333, 3.731, 3.55, 4.027, 4.17, 4.206, 4.374, 4.274, 3.541, 4.038, 4.306, 3.362, 3.57, 3.902, 3.889, 4.732, 4.917, 4.244, 3.34, 2.765, 2.406, 2.003, 2.156, 2.122, 2.494, 3.369, 4.646, 6.201, 7.274, 5.674, 3.328, 3.454, 4.618, 5.003, 4.645, 4.653, 3.934, 3.782, 4.055, 4.278, 4.391, 3.546, 3.117, 3.566, 3.735, 3.431, 3.25, 3.025, 2.959, 3.611, 4.594, 5.708, 6.33, 7.266, 8.766, 8.963, 8.241, 7.673, 7.262, 6.97, 6.768, 6.511, 6.466, 6.321, 6.699, 6.629, 6.534, 8.094, 9.624, 10.462, 10.588, 10.974, 12.238, 13.116, 12.609], [1.897, 1.901, 2.1, 1.671, 1.536, 0.0, 1.604, 1.487, 3.394, 5.109, 4.451, 3.048, 2.496, 3.162, 3.927, 4.566, 4.832, 5.138, 5.674, 6.015, 6.104, 6.03, 6.318, 5.633, 4.832, 4.926, 6.049, 6.957, 5.974, 3.7, 2.586, 2.175, 3.118, 3.439, 3.141, 3.323, 3.946, 4.52, 4.55, 4.915, 4.896, 5.543, 6.718, 7.94, 7.236, 5.738, 4.59, 4.658, 4.9, 3.862, 2.816, 2.352, 1.975, 2.237, 2.705, 3.373, 4.525, 5.468, 6.679, 7.091, 7.229, 9.213, 13.244, 16.709, 15.898, 14.116, 14.044, 14.679, 14.555, 14.923, 15.342, 15.931, 15.356, 14.392, 13.825, 13.125, 11.484, 10.025, 10.888, 12.51, 9.119, 4.129, 2.266, 3.62, 3.203, 3.336, 3.663, 3.838, 3.811, 4.064, 4.135, 2.98, 3.338, 3.451, 2.995, 3.463, 3.895, 4.427, 5.404, 5.675, 4.942, 4.098, 3.478, 3.193, 2.486, 2.249, 2.223, 2.965, 4.172, 5.503, 7.037, 8.174, 6.382, 3.614, 3.382, 4.535, 4.859, 4.537, 4.654, 3.892, 3.835, 3.83, 4.041, 4.45, 3.453, 2.881, 3.094, 3.742, 3.599, 3.183, 2.951, 2.667, 3.116, 3.894, 4.92, 5.541, 6.244, 7.711, 7.892, 7.17, 6.635, 6.286, 6.049, 5.903, 5.713, 5.774, 5.627, 5.818, 5.8, 5.592, 7.066, 8.517, 9.357, 9.658, 10.018, 11.353, 12.153, 11.698], [1.506, 1.86, 2.471, 2.407, 2.316, 1.604, 0.0, 1.198, 3.794, 5.659, 5.085, 3.523, 3.149, 3.751, 4.709, 5.226, 5.51, 5.825, 6.464, 6.83, 6.798, 6.676, 7.127, 6.497, 5.546, 5.66, 6.802, 7.725, 6.758, 4.525, 3.016, 2.186, 2.819, 3.023, 2.804, 2.731, 3.233, 3.651, 3.847, 4.487, 4.568, 5.206, 6.243, 7.507, 6.835, 5.353, 4.421, 4.577, 4.737, 3.718, 3.019, 2.352, 2.102, 2.357, 2.97, 3.699, 4.858, 5.876, 7.145, 7.826, 8.033, 9.732, 13.567, 17.164, 16.44, 14.6, 14.516, 15.203, 15.086, 15.455, 15.873, 16.463, 15.888, 14.943, 14.357, 13.657, 12.024, 10.773, 11.494, 13.05, 9.919, 4.566, 1.818, 2.978, 2.776, 3.047, 3.549, 3.751, 3.819, 4.264, 4.375, 2.897, 2.834, 2.938, 2.801, 3.341, 4.104, 5.027, 6.05, 6.33, 5.744, 4.808, 4.156, 3.845, 3.152, 2.808, 2.854, 3.54, 4.761, 5.904, 7.525, 8.598, 6.857, 3.953, 3.359, 4.412, 4.82, 4.646, 4.614, 3.545, 3.407, 3.418, 3.891, 4.695, 4.079, 3.551, 3.724, 4.464, 4.338, 3.811, 3.478, 2.785, 2.913, 3.417, 4.423, 4.897, 5.651, 7.172, 7.358, 6.617, 6.037, 5.687, 5.487, 5.376, 5.199, 5.331, 5.269, 5.257, 5.24, 4.997, 6.493, 7.987, 8.835, 9.15, 9.446, 10.841, 11.685, 11.26], [1.714, 1.764, 1.978, 1.687, 1.539, 1.487, 1.198, 0.0, 3.135, 5.038, 4.343, 2.815, 2.746, 3.157, 3.976, 4.594, 4.85, 5.174, 5.81, 6.101, 6.065, 6.031, 6.385, 5.624, 4.698, 4.786, 5.844, 6.708, 5.867, 3.694, 2.374, 1.824, 2.653, 3.012, 2.801, 2.849, 3.459, 3.993, 4.066, 4.412, 4.583, 5.123, 6.181, 7.438, 6.853, 5.378, 4.21, 4.27, 4.461, 3.539, 2.686, 2.441, 2.223, 2.304, 2.673, 3.161, 4.394, 5.269, 6.498, 6.97, 7.106, 8.849, 12.817, 16.451, 15.723, 13.926, 13.835, 14.528, 14.486, 14.773, 15.215, 15.854, 15.273, 14.25, 13.66, 13.04, 11.421, 9.957, 10.707, 12.241, 9.167, 4.008, 2.154, 3.506, 3.123, 2.967, 3.371, 3.566, 3.675, 3.908, 3.954, 2.814, 3.136, 3.431, 2.814, 3.087, 3.698, 4.3, 5.449, 5.577, 5.028, 4.055, 3.401, 3.112, 2.477, 2.247, 2.398, 2.999, 4.048, 5.345, 6.832, 7.923, 6.216, 3.439, 3.12, 4.24, 4.639, 4.426, 4.219, 3.436, 3.181, 3.321, 3.781, 4.472, 3.677, 3.08, 3.466, 3.904, 3.81, 3.274, 2.972, 2.368, 2.813, 3.757, 4.877, 5.508, 6.368, 7.9, 8.058, 7.317, 6.737, 6.326, 6.034, 5.846, 5.629, 5.79, 5.653, 5.916, 5.86, 5.712, 7.239, 8.702, 9.579, 9.858, 10.127, 11.55, 12.361, 11.894], [3.834, 3.808, 2.716, 2.787, 2.757, 3.394, 3.794, 3.135, 0.0, 2.137, 1.847, 1.476, 1.957, 2.083, 2.407, 3.02, 3.234, 3.471, 3.923, 4.135, 4.014, 3.64, 3.892, 3.43, 2.914, 3.172, 3.841, 4.822, 3.858, 2.153, 2.232, 2.847, 3.67, 3.602, 3.509, 3.858, 4.7, 5.316, 4.768, 3.653, 3.728, 4.267, 4.915, 6.11, 5.436, 4.181, 4.611, 4.703, 4.591, 3.301, 3.216, 3.525, 3.235, 2.683, 2.057, 1.604, 1.604, 2.459, 3.632, 4.404, 4.591, 6.103, 9.959, 13.454, 12.7, 10.871, 10.804, 11.457, 11.378, 11.727, 12.127, 12.745, 12.165, 11.205, 10.61, 9.931, 8.312, 7.271, 8.063, 9.472, 6.519, 2.322, 4.486, 6.267, 5.741, 5.302, 4.659, 4.438, 3.949, 3.424, 3.262, 4.026, 5.924, 6.271, 4.341, 2.842, 2.508, 2.41, 3.171, 3.32, 2.829, 2.35, 2.428, 2.182, 2.078, 2.425, 2.138, 1.806, 1.9, 2.577, 4.001, 4.97, 3.572, 1.504, 1.599, 2.573, 3.013, 2.857, 3.146, 2.56, 2.833, 2.932, 2.739, 2.188, 1.911, 2.138, 2.44, 2.509, 2.201, 2.23, 2.7, 3.528, 5.057, 6.737, 7.888, 8.501, 9.354, 10.893, 11.101, 10.362, 9.781, 9.37, 9.127, 8.954, 8.694, 8.749, 8.551, 8.88, 8.863, 8.7, 10.213, 11.731, 12.525, 12.754, 13.054, 14.439, 15.239, 14.795], [5.634, 5.619, 4.493, 4.536, 4.204, 5.109, 5.659, 5.038, 2.137, 0.0, 1.565, 2.671, 3.513, 3.243, 2.994, 3.392, 3.51, 3.339, 3.234, 3.441, 3.301, 2.754, 2.695, 2.435, 2.687, 3.388, 3.476, 3.779, 2.932, 2.611, 3.557, 4.589, 4.992, 4.717, 4.845, 5.552, 6.212, 6.541, 5.923, 4.702, 4.382, 4.461, 4.886, 6.177, 5.539, 4.292, 5.397, 6.223, 5.55, 4.332, 5.069, 5.343, 4.979, 4.424, 3.595, 2.651, 1.542, 1.882, 2.759, 3.52, 3.683, 4.383, 8.305, 11.733, 10.926, 9.09, 8.997, 9.639, 9.521, 9.89, 10.308, 10.897, 10.323, 9.363, 8.791, 8.092, 6.464, 5.421, 6.142, 7.746, 5.046, 2.841, 6.303, 8.068, 7.588, 7.109, 6.486, 6.189, 5.497, 4.71, 4.206, 5.81, 7.755, 8.048, 6.048, 3.465, 2.493, 2.094, 1.861, 2.098, 2.362, 2.563, 2.846, 3.24, 3.729, 4.138, 3.705, 2.67, 1.544, 1.323, 2.578, 3.458, 2.193, 2.331, 2.953, 2.956, 2.741, 2.576, 2.8, 3.335, 4.244, 4.285, 3.403, 2.406, 2.318, 3.385, 3.492, 2.768, 2.763, 3.566, 4.454, 5.37, 6.956, 8.579, 9.73, 10.339, 11.148, 12.705, 12.918, 12.18, 11.61, 11.261, 11.024, 10.85, 10.591, 10.555, 10.343, 10.721, 10.696, 10.496, 12.021, 13.549, 14.331, 14.568, 14.852, 16.225, 17.032, 16.595], [5.103, 5.0, 3.908, 3.854, 3.542, 4.451, 5.085, 4.343, 1.847, 1.565, 0.0, 1.93, 2.769, 2.475, 2.209, 2.358, 2.4, 2.498, 2.692, 2.991, 2.826, 2.871, 2.95, 2.202, 1.989, 2.583, 2.587, 3.652, 2.55, 2.114, 3.298, 4.098, 4.871, 4.669, 4.717, 5.205, 6.238, 6.914, 6.366, 5.103, 5.075, 5.376, 5.961, 7.239, 6.536, 5.208, 5.59, 5.823, 5.42, 4.386, 4.326, 4.593, 4.253, 3.763, 3.094, 2.436, 1.751, 1.835, 2.604, 3.106, 3.197, 4.83, 8.989, 12.559, 11.743, 9.915, 9.83, 10.484, 10.335, 10.704, 11.122, 11.711, 11.137, 10.172, 9.605, 8.916, 7.276, 5.884, 6.735, 8.223, 5.107, 2.211, 5.858, 7.462, 6.951, 6.346, 5.776, 5.445, 4.813, 3.976, 3.739, 5.013, 6.991, 7.302, 5.448, 3.896, 3.23, 2.776, 2.372, 2.201, 2.008, 2.076, 2.102, 2.56, 3.026, 3.501, 3.107, 2.453, 1.82, 1.819, 3.238, 4.223, 2.635, 1.842, 2.863, 3.635, 3.576, 3.313, 3.423, 3.461, 3.937, 4.132, 3.862, 3.097, 2.412, 2.683, 2.855, 2.477, 2.32, 2.926, 3.697, 4.595, 6.163, 7.804, 8.955, 9.564, 10.406, 11.892, 12.107, 11.367, 10.808, 10.459, 10.221, 10.048, 9.788, 9.78, 9.592, 9.94, 9.921, 9.721, 11.212, 12.736, 13.545, 13.773, 14.173, 15.444, 16.336, 15.913], [3.477, 3.423, 2.38, 2.234, 2.456, 3.048, 3.523, 2.815, 1.476, 2.671, 1.93, 0.0, 1.428, 1.417, 2.057, 2.46, 2.805, 3.184, 3.593, 3.821, 3.793, 3.879, 4.101, 3.471, 2.721, 2.735, 3.713, 4.792, 3.724, 2.017, 2.347, 2.856, 3.911, 3.991, 3.849, 4.096, 5.181, 5.944, 5.552, 4.642, 4.698, 5.128, 5.749, 7.062, 6.491, 5.096, 4.951, 4.977, 4.872, 3.835, 2.948, 2.929, 2.711, 2.259, 1.883, 1.709, 2.335, 3.096, 4.146, 4.438, 4.572, 6.358, 10.575, 14.082, 13.37, 11.488, 11.424, 12.077, 12.006, 12.343, 12.746, 13.372, 12.794, 11.86, 11.242, 10.557, 8.987, 7.5, 8.255, 9.797, 6.586, 2.205, 4.235, 5.743, 5.327, 4.787, 4.111, 4.177, 3.791, 3.288, 3.325, 3.745, 5.39, 5.743, 3.996, 3.525, 3.043, 2.815, 3.403, 3.455, 2.896, 2.337, 2.28, 2.183, 1.975, 2.237, 2.346, 2.251, 2.172, 2.992, 4.538, 5.596, 4.099, 1.595, 2.134, 3.51, 3.646, 3.297, 3.304, 3.143, 3.379, 3.411, 3.227, 3.118, 2.071, 1.889, 2.288, 2.336, 2.245, 2.068, 2.369, 2.95, 4.458, 6.033, 7.165, 7.787, 8.693, 10.273, 10.473, 9.747, 9.167, 8.756, 8.5, 8.326, 8.07, 8.045, 8.027, 8.21, 8.161, 8.028, 9.588, 11.117, 11.904, 12.108, 12.438, 13.788, 14.593, 14.149], [3.101, 2.804, 1.984, 1.872, 2.806, 2.496, 3.149, 2.746, 1.957, 3.513, 2.769, 1.428, 0.0, 1.104, 1.871, 2.381, 2.698, 3.146, 3.769, 4.141, 4.322, 4.358, 4.663, 3.933, 2.902, 3.016, 4.128, 4.934, 3.973, 2.078, 2.381, 2.748, 3.969, 3.97, 3.774, 4.269, 5.434, 6.145, 5.642, 4.763, 4.778, 5.21, 5.974, 7.206, 6.527, 5.085, 4.564, 4.393, 4.647, 3.686, 2.558, 2.325, 2.287, 2.055, 2.066, 2.041, 2.866, 3.812, 4.956, 5.401, 5.441, 7.478, 11.529, 15.077, 14.31, 12.494, 12.429, 13.092, 12.975, 13.344, 13.762, 14.351, 13.777, 12.812, 12.246, 11.546, 9.905, 8.386, 9.151, 10.746, 7.492, 2.919, 3.898, 5.1, 5.005, 4.482, 3.698, 3.656, 3.184, 2.861, 2.901, 2.976, 4.671, 4.956, 3.817, 3.542, 2.987, 2.846, 3.511, 3.795, 3.124, 2.594, 2.488, 2.16, 1.836, 2.017, 2.088, 2.221, 2.656, 3.798, 5.382, 6.528, 4.631, 1.927, 2.292, 3.642, 3.78, 3.376, 3.452, 3.213, 3.413, 3.4, 3.335, 3.173, 2.239, 1.588, 1.751, 2.135, 1.956, 1.583, 1.795, 2.463, 3.859, 5.396, 6.45, 7.041, 7.867, 9.318, 9.496, 8.774, 8.238, 7.89, 7.652, 7.479, 7.228, 7.39, 7.498, 7.451, 7.434, 7.199, 8.673, 10.117, 10.981, 11.35, 11.75, 13.069, 13.861, 13.42], [3.742, 3.524, 2.555, 2.448, 2.92, 3.162, 3.751, 3.157, 2.083, 3.243, 2.475, 1.417, 1.104, 0.0, 1.249, 1.716, 2.164, 2.857, 3.559, 3.935, 4.006, 4.114, 4.421, 3.697, 2.618, 2.511, 3.62, 4.273, 3.535, 1.789, 2.7, 3.26, 4.479, 4.466, 4.291, 4.79, 5.957, 6.663, 6.15, 5.281, 5.293, 5.773, 6.471, 7.778, 7.129, 5.701, 5.099, 4.815, 4.925, 4.215, 3.083, 2.91, 2.844, 2.598, 2.384, 2.29, 2.701, 3.489, 4.637, 4.971, 5.015, 6.972, 11.143, 14.781, 14.025, 12.206, 12.133, 12.806, 12.68, 13.049, 13.467, 14.056, 13.482, 12.517, 11.951, 11.251, 9.61, 8.045, 8.799, 10.278, 7.157, 2.601, 4.544, 5.842, 5.62, 4.92, 4.252, 4.206, 3.85, 3.415, 3.112, 3.352, 5.202, 5.577, 4.357, 4.055, 3.392, 3.003, 3.297, 3.356, 2.75, 2.111, 2.043, 1.961, 1.939, 2.52, 2.422, 2.276, 2.534, 3.465, 5.073, 6.211, 4.312, 1.643, 2.767, 4.22, 4.195, 3.737, 3.611, 3.677, 3.811, 3.676, 3.59, 3.34, 2.427, 1.854, 2.074, 2.342, 2.014, 1.759, 2.182, 2.958, 4.391, 5.773, 6.82, 7.438, 8.486, 9.73, 9.854, 9.099, 8.561, 8.2, 7.953, 7.779, 7.688, 7.967, 7.969, 7.896, 7.879, 7.64, 9.125, 10.505, 11.544, 11.873, 12.427, 13.61, 14.523, 14.097], [4.704, 4.369, 3.284, 3.187, 3.574, 3.927, 4.709, 3.976, 2.407, 2.994, 2.209, 2.057, 1.871, 1.249, 0.0, 0.884, 1.328, 1.887, 2.548, 2.913, 3.142, 3.494, 3.671, 2.835, 1.695, 1.764, 2.898, 3.514, 2.722, 1.804, 3.273, 3.972, 5.078, 4.966, 4.897, 5.49, 6.685, 7.373, 6.781, 5.752, 5.741, 6.159, 6.818, 8.106, 7.463, 6.046, 5.494, 5.099, 5.279, 4.65, 3.66, 3.803, 3.863, 3.609, 3.168, 2.778, 2.653, 2.97, 4.062, 4.403, 4.409, 6.391, 10.563, 14.202, 13.446, 11.63, 11.554, 12.233, 12.116, 12.485, 12.903, 13.493, 12.918, 11.953, 11.387, 10.687, 9.046, 7.482, 8.235, 9.713, 6.593, 2.749, 5.226, 6.694, 6.468, 5.687, 4.728, 4.259, 3.804, 3.43, 3.385, 3.667, 5.745, 6.259, 5.142, 4.472, 3.731, 3.291, 2.913, 2.901, 2.271, 2.04, 2.061, 2.124, 2.462, 2.888, 2.828, 2.631, 2.472, 3.065, 4.53, 5.697, 3.844, 1.661, 3.311, 4.526, 4.515, 4.066, 3.869, 4.044, 4.268, 4.263, 4.137, 3.711, 2.837, 2.228, 2.073, 2.304, 2.046, 1.924, 2.483, 3.521, 5.034, 6.512, 7.43, 8.028, 9.097, 10.319, 10.442, 9.671, 9.141, 8.787, 8.528, 8.341, 8.299, 8.627, 8.545, 8.511, 8.466, 8.229, 9.714, 11.093, 12.141, 12.465, 13.043, 14.218, 15.128, 14.703], [5.163, 4.893, 3.916, 3.796, 4.196, 4.566, 5.226, 4.594, 3.02, 3.392, 2.358, 2.46, 2.381, 1.716, 0.884, 0.0, 0.79, 1.525, 2.086, 2.486, 2.77, 3.178, 3.341, 2.583, 1.812, 1.777, 2.595, 3.258, 2.385, 2.293, 3.915, 4.62, 5.69, 5.599, 5.513, 6.122, 7.317, 8.005, 7.4, 6.384, 6.375, 6.778, 7.334, 8.677, 7.995, 6.633, 6.16, 5.762, 5.976, 5.285, 4.314, 4.307, 4.395, 4.164, 3.79, 3.311, 3.015, 3.029, 3.747, 4.135, 4.123, 6.072, 10.247, 13.893, 13.137, 11.328, 11.245, 11.93, 11.814, 12.182, 12.601, 13.19, 12.615, 11.651, 11.084, 10.384, 8.743, 7.179, 7.933, 9.398, 6.295, 3.003, 5.752, 7.119, 7.1, 6.346, 5.354, 4.8, 4.286, 3.932, 3.946, 4.228, 6.168, 6.849, 5.746, 5.111, 4.337, 3.899, 2.912, 2.662, 2.264, 2.268, 2.394, 2.655, 3.127, 3.465, 3.432, 3.185, 2.905, 3.006, 4.246, 5.33, 3.505, 2.154, 3.881, 5.066, 4.944, 4.534, 4.26, 4.653, 4.893, 4.909, 4.744, 4.333, 3.417, 2.883, 2.715, 2.719, 2.669, 2.54, 3.097, 4.113, 5.502, 7.065, 7.82, 8.361, 9.403, 10.65, 10.773, 10.01, 9.48, 9.126, 8.867, 8.683, 8.632, 9.085, 9.133, 8.895, 8.805, 8.56, 10.045, 11.415, 12.462, 12.791, 13.359, 14.503, 15.439, 15.015], [5.458, 5.167, 4.181, 4.098, 4.483, 4.832, 5.51, 4.85, 3.234, 3.51, 2.4, 2.805, 2.698, 2.164, 1.328, 0.79, 0.0, 0.96, 1.577, 2.017, 2.353, 2.746, 2.912, 2.305, 1.702, 1.742, 2.201, 2.882, 2.023, 2.58, 4.218, 4.876, 5.974, 5.831, 5.793, 6.385, 7.573, 8.261, 7.673, 6.587, 6.581, 6.924, 7.422, 8.765, 8.072, 6.764, 6.383, 6.037, 6.261, 5.481, 4.559, 4.612, 4.647, 4.421, 4.017, 3.584, 3.143, 2.948, 3.345, 3.672, 3.729, 5.661, 9.792, 13.446, 12.69, 10.883, 10.798, 11.486, 11.369, 11.737, 12.156, 12.745, 12.17, 11.206, 10.639, 9.94, 8.298, 6.734, 7.488, 8.972, 5.853, 3.034, 6.0, 7.465, 7.349, 6.626, 5.644, 5.033, 4.468, 4.078, 4.2, 4.478, 6.506, 7.142, 5.991, 5.28, 4.456, 4.007, 2.859, 2.254, 2.085, 2.375, 2.685, 3.025, 3.427, 3.725, 3.704, 3.446, 3.129, 2.941, 3.854, 4.882, 3.121, 2.344, 4.136, 5.156, 5.027, 4.578, 4.384, 4.809, 5.122, 5.126, 5.012, 4.497, 3.639, 3.149, 2.851, 2.827, 2.849, 2.754, 3.35, 4.362, 5.8, 7.451, 8.319, 8.826, 9.701, 11.031, 11.152, 10.429, 9.891, 9.537, 9.3, 9.126, 9.023, 9.354, 9.408, 9.333, 9.188, 8.912, 10.409, 11.812, 12.786, 13.139, 13.681, 14.843, 15.753, 15.329], [5.814, 5.483, 4.529, 4.474, 4.852, 5.138, 5.825, 5.174, 3.471, 3.339, 2.498, 3.184, 3.146, 2.857, 1.887, 1.525, 0.96, 0.0, 0.912, 1.291, 1.616, 2.01, 2.232, 1.953, 1.659, 1.94, 1.828, 2.365, 1.79, 2.965, 4.584, 5.161, 6.213, 6.029, 6.02, 6.618, 7.813, 8.501, 7.903, 6.783, 6.744, 6.868, 7.251, 8.569, 7.9, 6.695, 6.564, 6.416, 6.6, 5.673, 4.87, 4.968, 5.01, 4.777, 4.279, 3.824, 3.296, 2.974, 2.681, 3.133, 3.42, 4.983, 9.003, 12.632, 11.876, 10.067, 9.984, 10.67, 10.553, 10.921, 11.34, 11.929, 11.354, 10.39, 9.823, 9.124, 7.482, 5.954, 6.724, 8.274, 5.079, 3.187, 6.319, 7.812, 7.671, 7.063, 6.041, 5.45, 4.849, 4.337, 4.459, 5.037, 7.034, 7.566, 6.308, 5.431, 4.419, 3.989, 2.656, 2.199, 2.151, 2.674, 3.045, 3.456, 3.798, 3.995, 3.933, 3.652, 3.262, 2.787, 3.304, 4.11, 2.626, 2.532, 4.376, 4.97, 4.825, 4.359, 4.464, 5.021, 5.414, 5.437, 5.294, 4.63, 3.829, 3.496, 3.127, 2.83, 3.01, 3.129, 3.773, 4.767, 6.294, 8.015, 8.938, 9.455, 10.252, 11.724, 11.893, 11.153, 10.606, 10.257, 10.02, 9.846, 9.659, 9.883, 9.877, 9.939, 9.84, 9.588, 11.062, 12.526, 13.381, 13.759, 14.122, 15.449, 16.312, 15.889], [6.249, 6.034, 5.053, 4.89, 5.222, 5.674, 6.464, 5.81, 3.923, 3.234, 2.692, 3.593, 3.769, 3.559, 2.548, 2.086, 1.577, 0.912, 0.0, 0.677, 1.004, 1.515, 1.735, 1.731, 1.833, 2.104, 1.692, 2.065, 1.539, 3.284, 5.049, 5.776, 6.536, 6.298, 6.414, 6.986, 8.171, 8.869, 8.369, 7.047, 6.955, 6.977, 7.252, 8.556, 7.922, 6.797, 6.846, 6.972, 6.876, 5.985, 5.392, 5.472, 5.521, 5.356, 4.798, 4.174, 3.61, 2.964, 2.446, 2.956, 3.186, 4.398, 8.521, 12.101, 11.326, 9.464, 9.379, 10.067, 9.95, 10.318, 10.737, 11.326, 10.751, 9.814, 9.22, 8.521, 6.891, 5.367, 6.185, 7.772, 4.492, 3.38, 6.776, 8.243, 8.213, 7.544, 6.554, 5.922, 5.19, 4.741, 4.822, 5.689, 7.555, 8.167, 6.752, 5.578, 4.58, 4.132, 2.73, 2.227, 2.244, 3.02, 3.515, 3.965, 4.281, 4.494, 4.363, 4.049, 3.329, 2.63, 2.861, 3.568, 2.366, 3.083, 4.819, 5.004, 4.859, 4.437, 4.655, 5.307, 5.868, 6.024, 5.779, 4.964, 4.195, 3.964, 3.644, 3.051, 3.339, 3.673, 4.409, 5.366, 6.847, 8.577, 9.387, 9.921, 10.712, 12.281, 12.49, 11.755, 11.175, 10.811, 10.574, 10.4, 10.243, 10.373, 10.406, 10.423, 10.247, 10.048, 11.596, 13.125, 13.887, 14.143, 14.489, 15.811, 16.664, 16.239], [6.497, 6.362, 5.256, 5.053, 5.491, 6.015, 6.83, 6.101, 4.135, 3.441, 2.991, 3.821, 4.141, 3.935, 2.913, 2.486, 2.017, 1.291, 0.677, 0.0, 0.779, 1.371, 1.682, 1.797, 1.947, 2.153, 1.565, 1.965, 1.59, 3.623, 5.412, 6.113, 6.783, 6.568, 6.73, 7.194, 8.349, 9.152, 8.689, 7.219, 7.186, 7.151, 7.458, 8.716, 8.213, 7.061, 7.102, 7.287, 7.127, 6.249, 5.684, 5.79, 5.917, 5.737, 5.157, 4.47, 3.911, 3.072, 2.353, 2.646, 2.899, 4.059, 8.172, 11.711, 10.97, 9.061, 8.955, 9.632, 9.572, 9.892, 10.295, 10.935, 10.362, 9.429, 8.784, 8.112, 6.575, 5.01, 5.892, 7.519, 4.154, 3.455, 6.953, 8.416, 8.48, 7.785, 6.82, 6.234, 5.466, 5.01, 5.141, 6.071, 7.957, 8.552, 7.066, 5.814, 4.926, 4.486, 3.065, 2.494, 2.496, 3.347, 3.9, 4.313, 4.553, 4.775, 4.695, 4.383, 3.591, 2.744, 2.86, 3.303, 2.603, 3.424, 5.132, 5.173, 5.118, 4.772, 4.99, 5.625, 6.199, 6.367, 6.117, 5.266, 4.527, 4.339, 4.0, 3.336, 3.723, 4.045, 4.741, 5.676, 7.175, 8.86, 9.702, 10.279, 11.113, 12.721, 12.924, 12.2, 11.619, 11.208, 10.948, 10.774, 10.585, 10.619, 10.73, 10.772, 10.597, 10.481, 12.045, 13.569, 14.336, 14.564, 14.789, 16.178, 16.936, 16.493], [6.469, 6.544, 5.371, 5.244, 5.465, 6.104, 6.798, 6.065, 4.014, 3.301, 2.826, 3.793, 4.322, 4.006, 3.142, 2.77, 2.353, 1.616, 1.004, 0.779, 0.0, 0.987, 1.423, 1.817, 2.248, 2.349, 1.652, 1.805, 1.761, 3.688, 5.398, 6.132, 6.648, 6.421, 6.595, 7.027, 8.173, 8.997, 8.529, 7.057, 7.046, 6.978, 7.236, 8.469, 8.035, 6.912, 7.176, 7.407, 7.084, 6.109, 5.798, 5.9, 5.855, 5.706, 5.091, 4.321, 3.77, 2.953, 2.261, 2.618, 2.918, 3.663, 7.799, 11.317, 10.604, 8.654, 8.564, 9.235, 9.186, 9.488, 9.89, 10.546, 9.978, 9.048, 8.386, 7.722, 6.203, 4.661, 5.548, 7.131, 3.755, 3.359, 6.987, 8.588, 8.588, 7.775, 6.951, 6.488, 5.807, 5.215, 5.097, 6.346, 8.236, 8.73, 7.092, 5.731, 4.781, 4.383, 3.033, 2.42, 2.471, 3.298, 3.842, 4.402, 4.615, 4.81, 4.699, 4.24, 3.478, 2.615, 2.512, 2.884, 2.274, 3.348, 5.009, 4.991, 4.934, 4.599, 4.87, 5.496, 6.011, 6.246, 6.005, 5.134, 4.399, 4.376, 4.19, 3.378, 3.774, 4.278, 4.971, 5.913, 7.447, 9.058, 10.005, 10.623, 11.541, 13.126, 13.328, 12.606, 12.026, 11.615, 11.34, 11.166, 10.923, 10.892, 10.97, 11.069, 10.994, 10.887, 12.447, 13.976, 14.748, 14.947, 15.187, 16.574, 17.323, 16.836], [6.409, 6.478, 5.336, 5.266, 5.409, 6.03, 6.676, 6.031, 3.64, 2.754, 2.871, 3.879, 4.358, 4.114, 3.494, 3.178, 2.746, 2.01, 1.515, 1.371, 0.987, 0.0, 0.971, 1.668, 2.647, 2.747, 1.894, 1.839, 1.755, 3.591, 5.364, 6.054, 6.336, 5.965, 6.193, 6.623, 7.701, 8.493, 7.997, 6.529, 6.441, 6.417, 6.521, 7.806, 7.314, 6.333, 6.866, 7.31, 6.894, 5.832, 5.792, 6.035, 5.912, 5.688, 5.04, 4.102, 3.34, 2.66, 2.183, 2.718, 3.047, 3.609, 7.568, 10.973, 10.249, 8.341, 8.26, 8.908, 8.839, 9.145, 9.548, 10.2, 9.628, 8.68, 8.043, 7.383, 5.826, 4.555, 5.465, 7.092, 3.709, 3.114, 6.86, 8.68, 8.613, 7.837, 7.099, 6.789, 6.098, 5.255, 4.976, 6.56, 8.486, 8.842, 7.163, 5.313, 4.341, 4.028, 2.613, 2.119, 2.298, 3.178, 3.775, 4.326, 4.632, 4.809, 4.623, 4.004, 3.114, 2.155, 1.959, 2.474, 1.808, 3.155, 4.646, 4.448, 4.389, 4.112, 4.539, 5.16, 5.79, 5.972, 5.548, 4.513, 4.007, 4.327, 4.217, 3.131, 3.708, 4.307, 5.117, 6.027, 7.635, 9.229, 10.346, 10.968, 11.861, 13.468, 13.669, 12.948, 12.367, 11.956, 11.68, 11.506, 11.247, 11.138, 11.063, 11.393, 11.334, 11.229, 12.788, 14.317, 15.087, 15.28, 15.486, 16.914, 17.658, 17.17], [6.666, 6.491, 5.557, 5.457, 5.668, 6.318, 7.127, 6.385, 3.892, 2.695, 2.95, 4.101, 4.663, 4.421, 3.671, 3.341, 2.912, 2.232, 1.735, 1.682, 1.423, 0.971, 0.0, 1.31, 2.643, 2.807, 2.022, 1.789, 1.811, 3.647, 5.606, 6.332, 6.454, 6.092, 6.102, 6.676, 7.778, 8.68, 7.997, 6.396, 6.541, 6.48, 6.53, 7.676, 7.199, 6.508, 6.971, 7.383, 7.018, 5.988, 6.033, 6.375, 6.227, 6.008, 5.349, 4.319, 3.298, 2.645, 2.214, 2.78, 3.054, 3.669, 7.567, 10.784, 10.002, 8.172, 7.984, 8.637, 8.6, 8.885, 9.314, 9.961, 9.39, 8.413, 7.782, 7.144, 5.628, 4.58, 5.513, 7.115, 3.618, 3.175, 6.884, 8.879, 8.871, 8.158, 7.385, 7.026, 6.334, 5.463, 5.21, 6.86, 8.724, 9.128, 7.509, 5.45, 4.508, 4.191, 2.753, 2.228, 2.397, 3.377, 3.987, 4.548, 4.842, 5.031, 4.827, 4.225, 3.292, 2.234, 1.706, 2.458, 1.855, 3.485, 4.942, 4.635, 4.572, 4.29, 4.705, 5.378, 6.036, 6.243, 5.729, 4.687, 4.215, 4.601, 4.46, 3.344, 3.848, 4.543, 5.35, 6.232, 7.851, 9.523, 10.635, 11.232, 12.12, 13.723, 13.925, 13.204, 12.626, 12.215, 11.918, 11.74, 11.481, 11.363, 11.292, 11.653, 11.567, 11.488, 13.047, 14.576, 15.323, 15.511, 15.761, 17.145, 17.845, 17.277], [6.019, 5.713, 4.779, 4.715, 4.978, 5.633, 6.497, 5.624, 3.43, 2.435, 2.202, 3.471, 3.933, 3.697, 2.835, 2.583, 2.305, 1.953, 1.731, 1.797, 1.817, 1.668, 1.31, 0.0, 1.605, 1.892, 1.555, 2.124, 1.392, 2.83, 4.817, 5.551, 5.711, 5.49, 5.621, 6.308, 7.371, 8.198, 7.58, 6.062, 6.152, 6.159, 6.548, 7.805, 7.196, 6.195, 6.292, 6.524, 6.295, 5.253, 5.154, 5.497, 5.453, 5.23, 4.593, 3.673, 2.822, 2.013, 2.066, 2.567, 2.776, 4.173, 8.214, 11.604, 10.798, 9.021, 8.874, 9.567, 9.538, 9.812, 10.267, 10.906, 10.325, 9.289, 8.712, 8.092, 6.489, 5.149, 6.093, 7.701, 4.218, 2.881, 6.381, 8.094, 8.075, 7.361, 6.521, 6.133, 5.441, 4.63, 4.436, 5.949, 7.819, 8.228, 6.708, 4.908, 4.188, 3.755, 2.539, 1.948, 1.721, 2.667, 3.249, 3.74, 4.056, 4.23, 4.068, 3.539, 2.728, 1.9, 2.292, 3.33, 2.205, 2.914, 4.36, 4.459, 4.364, 4.083, 4.212, 4.772, 5.327, 5.597, 5.219, 4.311, 3.596, 3.86, 3.604, 2.614, 3.088, 3.666, 4.422, 5.365, 6.961, 8.659, 9.761, 10.363, 11.216, 12.788, 12.991, 12.269, 11.695, 11.284, 10.992, 10.791, 10.532, 10.47, 10.401, 10.721, 10.66, 10.562, 12.129, 13.645, 14.388, 14.588, 14.899, 16.226, 16.973, 16.433], [5.313, 4.9, 3.858, 3.885, 4.29, 4.832, 5.546, 4.698, 2.914, 2.687, 1.989, 2.721, 2.902, 2.618, 1.695, 1.812, 1.702, 1.659, 1.833, 1.947, 2.248, 2.647, 2.643, 1.605, 0.0, 1.153, 2.028, 2.845, 1.699, 2.164, 3.968, 4.664, 5.427, 5.28, 5.429, 5.955, 7.15, 7.879, 7.312, 5.976, 6.034, 6.208, 6.776, 8.069, 7.511, 6.137, 5.697, 5.633, 5.683, 4.867, 4.153, 4.414, 4.554, 4.31, 3.772, 3.396, 2.872, 2.474, 2.958, 3.486, 3.488, 5.323, 9.357, 13.049, 12.297, 10.498, 10.408, 11.101, 11.061, 11.346, 11.789, 12.428, 11.848, 10.823, 10.235, 9.615, 7.995, 6.439, 7.228, 8.783, 5.544, 2.657, 5.726, 7.209, 7.062, 6.36, 5.307, 4.726, 4.054, 3.55, 3.811, 4.535, 6.453, 7.054, 5.767, 4.693, 3.941, 3.616, 2.756, 2.574, 1.907, 2.132, 2.63, 2.841, 3.113, 3.368, 3.39, 3.127, 2.597, 2.485, 3.539, 4.738, 3.239, 2.209, 3.884, 4.634, 4.627, 4.22, 4.134, 4.356, 4.697, 4.95, 4.752, 4.113, 3.373, 3.009, 2.592, 2.564, 2.378, 2.492, 3.094, 4.098, 5.631, 7.387, 8.379, 8.906, 9.735, 11.266, 11.46, 10.741, 10.16, 9.749, 9.458, 9.268, 9.01, 9.174, 9.196, 9.296, 9.203, 9.08, 10.611, 12.11, 12.932, 13.216, 13.56, 14.894, 15.712, 15.225], [5.363, 4.982, 3.768, 3.825, 4.157, 4.926, 5.66, 4.786, 3.172, 3.388, 2.583, 2.735, 3.016, 2.511, 1.764, 1.777, 1.742, 1.94, 2.104, 2.153, 2.349, 2.747, 2.807, 1.892, 1.153, 0.0, 1.809, 2.809, 1.722, 2.422, 4.003, 4.804, 5.643, 5.646, 5.586, 5.946, 7.13, 7.912, 7.531, 6.313, 6.4, 6.774, 7.386, 8.683, 8.204, 6.787, 6.184, 5.701, 5.835, 5.285, 4.175, 4.46, 4.553, 4.354, 3.818, 3.506, 3.273, 2.611, 3.076, 3.328, 3.367, 5.271, 9.594, 13.188, 12.508, 10.606, 10.535, 11.201, 11.2, 11.463, 11.884, 12.561, 11.99, 11.004, 10.344, 9.744, 8.183, 6.59, 7.425, 8.938, 5.639, 2.409, 5.681, 7.164, 7.056, 6.08, 5.178, 4.746, 4.403, 3.953, 4.336, 4.508, 6.399, 7.048, 5.756, 5.123, 4.615, 4.209, 3.349, 2.719, 1.871, 2.044, 2.487, 2.767, 3.083, 3.499, 3.547, 3.392, 2.919, 2.876, 3.776, 4.88, 3.45, 2.544, 4.032, 5.229, 5.283, 4.963, 4.689, 4.79, 4.988, 5.142, 5.099, 4.722, 3.842, 3.088, 2.881, 3.118, 2.861, 2.501, 3.045, 4.018, 5.612, 7.182, 8.211, 8.712, 9.772, 11.17, 11.372, 10.641, 10.064, 9.649, 9.351, 9.164, 8.924, 8.92, 8.952, 9.107, 9.005, 8.949, 10.511, 12.017, 12.876, 13.083, 13.608, 14.76, 15.63, 15.103], [6.578, 6.179, 4.951, 4.963, 5.121, 6.049, 6.802, 5.844, 3.841, 3.476, 2.587, 3.713, 4.128, 3.62, 2.898, 2.595, 2.201, 1.828, 1.692, 1.565, 1.652, 1.894, 2.022, 1.555, 2.028, 1.809, 0.0, 1.515, 1.205, 2.998, 4.883, 5.749, 6.133, 6.072, 6.199, 6.806, 7.904, 8.617, 8.119, 6.748, 6.857, 7.076, 7.447, 8.759, 8.156, 6.959, 6.69, 6.57, 6.343, 5.67, 5.251, 5.704, 5.654, 5.411, 4.815, 4.062, 3.499, 2.542, 1.778, 1.974, 2.096, 3.723, 7.894, 11.598, 10.811, 8.997, 8.907, 9.6, 9.621, 9.862, 10.349, 10.988, 10.408, 9.343, 8.795, 8.174, 6.559, 5.009, 5.826, 7.289, 4.084, 3.361, 6.946, 8.479, 8.153, 7.322, 6.543, 6.188, 5.611, 4.759, 4.533, 5.956, 7.964, 8.4, 6.889, 5.548, 4.732, 4.306, 3.043, 2.165, 1.983, 2.816, 3.211, 3.59, 4.056, 4.535, 4.352, 3.88, 3.355, 2.67, 2.949, 3.535, 2.609, 3.2, 4.642, 5.235, 5.124, 4.746, 4.658, 5.106, 5.37, 5.748, 5.558, 4.973, 4.155, 3.992, 3.984, 3.181, 3.416, 3.853, 4.521, 5.431, 7.064, 8.558, 9.695, 10.327, 11.328, 12.774, 12.983, 12.231, 11.661, 11.25, 10.958, 10.756, 10.522, 10.619, 10.442, 10.687, 10.624, 10.57, 12.107, 13.623, 14.507, 14.693, 15.113, 16.38, 17.281, 16.772], [7.64, 7.1, 5.834, 5.947, 6.149, 6.957, 7.725, 6.708, 4.822, 3.779, 3.652, 4.792, 4.934, 4.273, 3.514, 3.258, 2.882, 2.365, 2.065, 1.965, 1.805, 1.839, 1.789, 2.124, 2.845, 2.809, 1.515, 0.0, 1.677, 3.598, 5.731, 6.673, 7.023, 6.785, 7.094, 7.842, 8.802, 9.475, 8.856, 7.506, 7.433, 7.295, 7.366, 8.586, 8.194, 7.167, 6.964, 7.156, 6.872, 6.427, 6.24, 6.693, 6.69, 6.38, 5.821, 4.976, 4.283, 3.317, 2.495, 2.699, 2.767, 3.371, 7.267, 10.916, 10.186, 8.388, 8.298, 8.991, 8.973, 9.236, 9.702, 10.341, 9.76, 8.713, 8.147, 7.527, 5.907, 4.321, 5.092, 6.55, 3.679, 4.319, 8.028, 9.506, 9.088, 8.322, 7.488, 7.137, 6.513, 5.623, 4.957, 6.715, 8.762, 9.253, 7.897, 5.981, 4.769, 4.288, 2.82, 2.253, 2.521, 3.496, 3.923, 4.33, 4.921, 5.471, 5.324, 4.69, 3.863, 2.936, 2.461, 2.794, 2.354, 4.089, 5.583, 5.56, 5.219, 4.73, 4.783, 5.78, 6.209, 6.485, 6.114, 5.334, 4.7, 4.846, 4.771, 3.841, 3.929, 4.683, 5.29, 6.277, 7.895, 9.388, 10.476, 11.099, 12.184, 13.501, 13.637, 12.874, 12.291, 11.866, 11.566, 11.363, 11.247, 11.496, 11.312, 11.54, 11.484, 11.34, 12.878, 14.315, 15.326, 15.57, 16.105, 17.318, 18.192, 17.685], [6.441, 5.92, 4.741, 4.922, 5.23, 5.974, 6.758, 5.867, 3.858, 2.932, 2.55, 3.724, 3.973, 3.535, 2.722, 2.385, 2.023, 1.79, 1.539, 1.59, 1.761, 1.755, 1.811, 1.392, 1.699, 1.722, 1.205, 1.677, 0.0, 2.525, 4.606, 5.594, 6.034, 5.745, 5.965, 6.64, 7.672, 8.371, 7.872, 6.488, 6.388, 6.437, 6.947, 8.29, 7.608, 6.287, 6.092, 6.229, 5.916, 5.461, 5.112, 5.481, 5.493, 5.226, 4.692, 3.905, 3.304, 2.482, 2.169, 2.5, 2.559, 4.166, 8.402, 12.068, 11.315, 9.463, 9.35, 10.046, 9.93, 10.297, 10.716, 11.307, 10.734, 9.797, 9.199, 8.5, 6.877, 5.317, 6.164, 7.688, 4.496, 3.373, 6.86, 8.308, 7.956, 7.182, 6.297, 5.913, 5.271, 4.454, 4.2, 5.526, 7.509, 8.04, 6.695, 5.055, 4.165, 3.776, 2.58, 1.704, 1.753, 2.681, 3.109, 3.324, 4.041, 4.459, 4.222, 3.752, 3.007, 2.188, 2.756, 3.659, 2.409, 3.137, 4.513, 4.763, 4.604, 4.323, 4.086, 4.759, 5.311, 5.561, 5.26, 4.627, 3.831, 3.853, 3.591, 2.799, 2.9, 3.384, 4.25, 5.064, 6.679, 8.25, 9.375, 9.887, 10.869, 12.291, 12.506, 11.766, 11.185, 10.805, 10.567, 10.394, 10.14, 10.173, 9.934, 10.265, 10.241, 10.115, 11.669, 13.176, 13.988, 14.259, 14.784, 15.991, 16.824, 16.338], [4.343, 3.831, 2.666, 2.887, 3.269, 3.7, 4.525, 3.694, 2.153, 2.611, 2.114, 2.017, 2.078, 1.789, 1.804, 2.293, 2.58, 2.965, 3.284, 3.623, 3.688, 3.591, 3.647, 2.83, 2.164, 2.422, 2.998, 3.598, 2.525, 0.0, 2.281, 3.213, 3.726, 3.577, 3.614, 4.442, 5.427, 6.052, 5.481, 4.435, 4.423, 4.913, 5.796, 7.02, 6.328, 4.929, 4.057, 4.272, 4.128, 3.352, 2.962, 3.379, 3.265, 2.946, 2.56, 2.27, 2.156, 2.814, 4.0, 4.302, 4.216, 6.133, 10.305, 14.016, 13.254, 11.448, 11.356, 12.051, 11.935, 12.303, 12.722, 13.311, 12.736, 11.772, 11.203, 10.505, 8.864, 7.301, 8.107, 9.607, 6.494, 2.593, 4.815, 6.239, 5.737, 5.006, 4.223, 4.067, 3.602, 3.152, 2.871, 3.641, 5.549, 5.887, 4.517, 3.243, 2.745, 2.377, 2.648, 2.75, 2.02, 1.722, 1.572, 1.588, 1.891, 2.382, 2.103, 1.85, 1.671, 2.615, 4.19, 5.39, 3.633, 1.747, 2.705, 3.546, 3.515, 3.14, 3.121, 2.938, 3.246, 3.355, 2.923, 2.981, 2.04, 1.992, 2.141, 2.06, 1.488, 1.724, 2.336, 3.137, 4.67, 6.232, 7.381, 7.989, 8.892, 10.286, 10.501, 9.765, 9.235, 8.881, 8.643, 8.47, 8.21, 8.29, 8.054, 8.38, 8.379, 8.246, 9.724, 11.184, 11.963, 12.292, 12.817, 14.045, 14.915, 14.467], [2.91, 2.542, 1.663, 2.045, 2.186, 2.586, 3.016, 2.374, 2.232, 3.557, 3.298, 2.347, 2.381, 2.7, 3.273, 3.915, 4.218, 4.584, 5.049, 5.412, 5.398, 5.364, 5.606, 4.817, 3.968, 4.003, 4.883, 5.731, 4.606, 2.281, 0.0, 1.457, 2.398, 2.715, 2.341, 2.932, 3.74, 4.183, 3.684, 3.294, 3.214, 3.851, 5.059, 6.263, 5.537, 3.994, 3.368, 3.576, 3.415, 2.563, 2.226, 2.672, 2.211, 1.863, 1.756, 1.877, 2.815, 3.709, 5.009, 5.561, 5.563, 7.306, 11.46, 15.149, 14.38, 12.544, 12.448, 13.143, 13.026, 13.395, 13.813, 14.403, 13.828, 12.863, 12.291, 11.597, 9.957, 8.598, 9.298, 10.803, 7.98, 3.492, 3.512, 4.962, 4.271, 3.679, 3.182, 3.295, 3.122, 3.284, 3.205, 2.756, 4.399, 4.714, 2.952, 2.033, 2.389, 2.522, 3.839, 4.189, 3.685, 2.77, 2.369, 1.888, 1.589, 1.864, 1.657, 1.793, 2.71, 3.947, 5.561, 6.497, 4.878, 2.745, 2.016, 2.969, 3.239, 3.023, 2.878, 2.275, 2.315, 2.404, 2.496, 3.012, 2.289, 2.262, 2.633, 2.905, 2.362, 2.35, 2.308, 2.317, 3.527, 5.103, 6.252, 6.861, 7.727, 9.195, 9.41, 8.678, 8.127, 7.767, 7.526, 7.353, 7.093, 7.096, 6.871, 7.256, 7.27, 7.14, 8.638, 10.108, 10.847, 11.115, 11.564, 12.839, 13.659, 13.228], [2.323, 1.891, 1.62, 2.053, 2.261, 2.175, 2.186, 1.824, 2.847, 4.589, 4.098, 2.856, 2.748, 3.26, 3.972, 4.62, 4.876, 5.161, 5.776, 6.113, 6.132, 6.054, 6.332, 5.551, 4.664, 4.804, 5.749, 6.673, 5.594, 3.213, 1.457, 0.0, 1.674, 2.014, 1.649, 1.962, 2.803, 3.465, 3.033, 3.434, 3.581, 4.023, 5.138, 6.405, 5.788, 4.26, 3.016, 3.322, 3.348, 2.51, 2.293, 2.473, 2.115, 1.857, 1.96, 2.448, 3.695, 4.704, 5.954, 6.493, 6.606, 8.508, 12.538, 16.144, 15.391, 13.6, 13.508, 14.203, 14.086, 14.455, 14.873, 15.462, 14.888, 13.923, 13.351, 12.657, 11.016, 9.556, 10.389, 11.972, 8.79, 3.935, 2.437, 3.768, 3.19, 2.76, 2.627, 2.888, 3.122, 3.517, 3.585, 2.434, 3.498, 3.775, 2.135, 2.182, 3.116, 3.644, 4.771, 5.129, 4.584, 3.609, 3.075, 2.689, 2.003, 1.963, 1.847, 2.42, 3.6, 4.851, 6.38, 7.515, 5.756, 3.262, 2.516, 3.579, 3.904, 3.71, 3.624, 2.719, 2.513, 2.467, 3.075, 3.799, 2.979, 2.656, 3.03, 3.496, 3.125, 2.858, 2.613, 2.277, 2.685, 4.124, 5.272, 5.881, 6.69, 8.163, 8.354, 7.654, 7.125, 6.751, 6.51, 6.336, 6.079, 6.148, 5.953, 6.289, 6.365, 6.249, 7.692, 9.074, 9.86, 10.121, 10.498, 11.856, 12.66, 12.196], [2.315, 2.078, 2.356, 2.929, 3.228, 3.118, 2.819, 2.653, 3.67, 4.992, 4.871, 3.911, 3.969, 4.479, 5.078, 5.69, 5.974, 6.213, 6.536, 6.783, 6.648, 6.336, 6.454, 5.711, 5.427, 5.643, 6.133, 7.023, 6.034, 3.726, 2.398, 1.674, 0.0, 1.039, 1.319, 1.65, 2.008, 2.72, 2.164, 2.527, 2.927, 3.105, 4.128, 5.378, 4.928, 3.494, 2.19, 2.617, 2.485, 1.686, 2.254, 2.901, 2.807, 2.555, 2.679, 3.081, 4.097, 5.21, 6.477, 6.884, 7.02, 8.755, 12.795, 16.382, 15.582, 13.746, 13.633, 14.311, 14.387, 14.628, 15.116, 15.755, 15.174, 14.11, 13.561, 12.941, 11.322, 9.9, 10.836, 12.433, 9.085, 4.723, 2.389, 3.477, 3.05, 2.456, 2.336, 2.49, 2.704, 3.01, 2.936, 2.614, 3.452, 3.729, 1.8, 1.949, 3.231, 4.142, 5.377, 5.683, 5.112, 4.431, 3.894, 3.386, 2.781, 2.599, 2.463, 2.828, 3.973, 5.256, 6.624, 7.812, 6.319, 4.077, 2.847, 3.147, 3.616, 3.696, 3.36, 2.225, 1.931, 2.115, 2.79, 3.898, 3.182, 3.162, 3.601, 3.862, 3.749, 3.723, 3.296, 2.759, 2.716, 3.925, 5.045, 5.669, 6.517, 8.142, 8.326, 7.641, 7.062, 6.612, 6.293, 6.109, 5.857, 5.851, 5.741, 6.142, 6.169, 6.168, 7.68, 9.137, 9.815, 9.922, 10.224, 11.626, 12.356, 11.804], [2.526, 2.339, 2.585, 3.35, 3.732, 3.439, 3.023, 3.012, 3.602, 4.717, 4.669, 3.991, 3.97, 4.466, 4.966, 5.599, 5.831, 6.029, 6.298, 6.568, 6.421, 5.965, 6.092, 5.49, 5.28, 5.646, 6.072, 6.785, 5.745, 3.577, 2.715, 2.014, 1.039, 0.0, 1.373, 1.688, 2.125, 2.819, 2.25, 2.226, 2.394, 2.617, 3.631, 4.881, 4.39, 2.926, 1.694, 2.416, 2.134, 1.46, 2.32, 2.962, 2.896, 2.693, 2.752, 3.279, 3.983, 5.083, 6.342, 6.882, 6.975, 8.574, 12.58, 16.153, 15.393, 13.583, 13.474, 14.133, 14.076, 14.409, 14.805, 15.441, 14.859, 13.906, 13.298, 12.619, 11.027, 9.66, 10.564, 12.136, 8.856, 4.744, 2.727, 3.644, 3.23, 2.613, 2.415, 2.444, 2.648, 2.844, 2.692, 2.582, 3.69, 3.94, 2.075, 1.697, 2.935, 3.936, 5.158, 5.468, 4.954, 4.583, 4.066, 3.457, 2.912, 2.766, 2.559, 2.809, 3.749, 4.909, 6.342, 7.517, 5.998, 3.831, 2.872, 2.877, 3.285, 3.383, 3.072, 1.921, 1.818, 1.963, 2.578, 3.574, 3.024, 3.082, 3.399, 3.596, 3.616, 3.601, 3.414, 2.684, 2.777, 4.063, 5.167, 5.778, 6.658, 8.278, 8.435, 7.778, 7.203, 6.753, 6.485, 6.315, 6.082, 6.072, 5.855, 6.242, 6.39, 6.341, 7.807, 9.275, 9.957, 10.058, 10.382, 11.779, 12.549, 12.02], [2.63, 2.162, 2.286, 3.022, 3.406, 3.141, 2.804, 2.801, 3.509, 4.845, 4.717, 3.849, 3.774, 4.291, 4.897, 5.513, 5.793, 6.02, 6.414, 6.73, 6.595, 6.193, 6.102, 5.621, 5.429, 5.586, 6.199, 7.094, 5.965, 3.614, 2.341, 1.649, 1.319, 1.373, 0.0, 1.145, 2.116, 2.951, 2.267, 2.585, 3.072, 3.327, 4.342, 5.46, 4.809, 3.663, 2.604, 3.052, 3.056, 2.242, 2.726, 3.179, 2.834, 2.663, 2.676, 2.932, 3.796, 5.009, 6.303, 6.84, 7.039, 8.886, 12.875, 16.196, 15.38, 13.64, 13.318, 13.935, 13.802, 14.177, 14.677, 15.223, 14.657, 13.685, 13.119, 12.433, 10.919, 9.936, 10.859, 12.454, 9.008, 4.36, 2.312, 3.855, 3.613, 2.932, 2.961, 3.082, 3.324, 3.568, 3.485, 2.871, 3.934, 4.174, 2.355, 2.216, 3.252, 4.118, 5.341, 5.677, 5.018, 4.284, 3.773, 3.297, 2.787, 2.617, 2.373, 2.738, 3.987, 5.142, 6.431, 7.659, 6.226, 3.838, 2.806, 3.367, 3.827, 3.792, 3.74, 2.622, 2.476, 2.36, 3.096, 3.977, 3.27, 3.146, 3.475, 3.762, 3.62, 3.544, 3.345, 2.788, 3.203, 4.41, 5.522, 6.117, 6.952, 8.539, 8.694, 8.041, 7.488, 7.101, 6.832, 6.666, 6.413, 6.361, 6.173, 6.597, 6.765, 6.665, 8.098, 9.527, 10.21, 10.342, 10.677, 11.993, 12.733, 12.135], [2.405, 2.223, 2.663, 3.199, 3.568, 3.323, 2.731, 2.849, 3.858, 5.552, 5.205, 4.096, 4.269, 4.79, 5.49, 6.122, 6.385, 6.618, 6.986, 7.194, 7.027, 6.623, 6.676, 6.308, 5.955, 5.946, 6.806, 7.842, 6.64, 4.442, 2.932, 1.962, 1.65, 1.688, 1.145, 0.0, 1.629, 2.619, 2.284, 2.768, 3.323, 3.581, 4.449, 5.52, 5.011, 3.924, 2.999, 3.348, 3.407, 2.753, 2.828, 3.108, 2.854, 2.751, 2.913, 3.399, 4.465, 5.646, 6.848, 7.509, 7.768, 9.438, 13.424, 16.696, 15.935, 14.076, 13.729, 14.293, 14.222, 14.572, 15.048, 15.62, 15.052, 14.138, 13.5, 12.828, 11.479, 10.608, 11.556, 13.148, 9.62, 4.472, 2.143, 3.384, 3.358, 2.588, 2.829, 3.183, 3.498, 3.734, 3.809, 3.215, 3.633, 3.884, 2.31, 2.748, 4.02, 4.981, 6.229, 6.53, 5.907, 5.048, 4.409, 3.926, 3.293, 3.009, 2.951, 3.543, 4.707, 5.824, 7.069, 8.215, 6.927, 4.256, 3.115, 3.541, 4.224, 4.419, 4.296, 3.043, 2.827, 2.687, 3.461, 4.521, 3.983, 3.643, 3.98, 4.366, 4.319, 4.035, 3.738, 2.913, 3.072, 4.02, 5.093, 5.654, 6.575, 8.252, 8.407, 7.754, 7.18, 6.731, 6.46, 6.293, 6.05, 5.889, 5.768, 6.236, 6.354, 6.322, 7.817, 9.264, 9.943, 9.966, 10.256, 11.5