[[0.0, 2.092, 3.195, 4.946, 5.502, 6.299, 8.01, 9.971, 11.198, 11.124, 10.824, 10.538, 9.836, 8.766, 8.271, 9.283, 10.728, 10.707, 9.647, 8.615, 7.301, 6.461, 5.759, 5.19, 4.198, 3.786, 3.011, 3.081, 2.741, 2.096, 2.098, 2.431, 3.516, 5.212, 4.798, 3.795, 8.145, 10.904, 9.536, 9.292, 10.988, 12.045, 10.697, 9.163, 7.98, 8.056, 7.947, 7.003, 5.173, 2.779, 1.975, 1.839, 1.936, 2.159, 2.359, 2.548, 3.803, 6.731, 8.693, 9.038, 8.252, 7.761, 7.533, 7.292, 6.733, 6.165, 6.14, 7.135, 8.944, 9.523, 9.124, 9.182, 9.524, 9.686, 9.749, 10.09, 9.707, 7.634, 5.624, 4.7, 4.3, 3.655, 1.694, 3.302, 6.132, 7.526, 7.677, 7.673, 8.324, 9.383, 10.057, 9.998, 9.892, 9.545, 9.117, 10.287, 13.086, 15.11, 14.577, 14.141, 13.641, 12.334, 11.254, 12.073, 14.116, 15.677, 16.676, 17.018, 17.169, 16.743, 16.473, 15.981, 16.41, 16.991, 16.857, 16.99, 16.631, 17.734, 18.929, 19.159, 17.835, 15.794, 12.938, 11.042, 9.47, 8.671, 8.417, 8.399, 6.7, 4.183, 2.985, 3.173, 2.9, 1.969, 1.895, 2.959, 2.508, 1.881, 1.753, 1.476, 2.623, 4.794, 5.703, 5.464, 5.326, 5.643, 6.012, 6.275, 6.677, 7.146, 6.647, 5.328, 4.542, 4.376, 5.039, 5.521, 5.103, 6.681], [2.092, 0.0, 1.778, 4.01, 4.806, 5.681, 7.381, 9.377, 10.604, 10.526, 10.216, 9.929, 9.193, 8.116, 7.654, 8.791, 10.157, 10.09, 9.042, 7.998, 6.902, 5.856, 5.062, 4.364, 3.358, 2.766, 2.58, 2.707, 3.108, 2.702, 2.088, 2.418, 3.041, 4.419, 4.006, 2.292, 7.868, 10.925, 8.968, 8.84, 11.049, 12.287, 10.566, 8.785, 7.587, 7.532, 7.694, 6.447, 4.933, 3.173, 2.525, 2.536, 2.535, 2.412, 2.589, 3.123, 3.916, 6.266, 8.185, 8.454, 7.659, 7.174, 6.948, 6.707, 6.279, 5.79, 5.776, 6.712, 8.427, 8.915, 8.565, 8.658, 9.003, 9.143, 9.164, 9.492, 9.033, 7.068, 5.441, 5.046, 4.704, 4.164, 2.084, 3.194, 5.849, 7.343, 7.431, 7.465, 8.267, 9.514, 10.343, 10.24, 10.252, 9.958, 9.612, 10.656, 13.49, 15.157, 14.595, 14.102, 13.6, 12.442, 11.366, 12.146, 14.407, 16.225, 17.191, 17.517, 17.435, 17.088, 16.585, 16.035, 16.559, 17.194, 17.175, 17.407, 17.208, 18.222, 19.481, 19.707, 18.079, 16.197, 13.494, 11.501, 9.794, 8.846, 8.443, 8.439, 6.644, 4.477, 4.028, 4.382, 4.09, 3.091, 2.803, 3.438, 3.292, 3.237, 2.929, 2.555, 3.049, 5.195, 5.777, 5.36, 5.282, 5.66, 6.349, 6.874, 7.021, 7.523, 7.005, 5.789, 4.565, 4.391, 5.145, 5.626, 5.189, 6.993], [3.195, 1.778, 0.0, 2.567, 3.659, 4.604, 6.261, 8.229, 9.459, 9.385, 9.058, 8.784, 8.064, 7.007, 6.58, 7.855, 9.223, 9.031, 8.048, 6.993, 6.237, 5.467, 4.34, 3.365, 2.371, 2.352, 2.97, 3.463, 3.989, 3.205, 2.274, 2.443, 2.908, 3.373, 2.673, 2.316, 8.613, 11.818, 9.822, 9.75, 11.993, 13.195, 11.449, 9.507, 8.325, 8.38, 8.464, 7.16, 5.794, 4.118, 3.495, 3.656, 3.755, 3.343, 3.438, 4.206, 4.747, 5.816, 7.256, 7.359, 6.55, 6.091, 5.985, 5.716, 5.397, 4.954, 5.006, 5.993, 7.555, 8.048, 7.683, 7.822, 8.076, 8.204, 8.191, 8.423, 8.009, 6.226, 5.25, 5.698, 5.503, 4.729, 3.098, 4.167, 6.571, 8.08, 8.252, 8.287, 9.199, 10.62, 11.384, 11.349, 11.378, 11.081, 10.667, 11.771, 14.619, 16.083, 15.451, 14.92, 14.393, 13.358, 12.352, 13.102, 15.33, 17.173, 18.162, 18.506, 18.414, 18.018, 17.468, 16.914, 17.452, 18.094, 18.135, 18.376, 18.24, 19.206, 20.519, 20.723, 19.011, 17.218, 14.523, 12.417, 10.73, 9.735, 9.381, 9.406, 7.554, 5.368, 5.065, 5.532, 5.216, 4.103, 3.766, 3.535, 3.549, 3.856, 3.719, 3.405, 4.004, 6.163, 6.859, 6.445, 6.332, 6.694, 7.383, 7.911, 8.058, 8.543, 7.935, 6.713, 5.593, 5.397, 6.203, 6.567, 6.015, 8.01], [4.946, 4.01, 2.567, 0.0, 1.792, 2.605, 4.026, 5.925, 7.194, 7.061, 6.867, 6.609, 5.863, 4.889, 4.392, 5.727, 7.116, 7.087, 6.073, 5.115, 4.645, 4.202, 3.134, 2.104, 1.783, 2.725, 4.488, 5.351, 5.747, 4.713, 3.642, 3.122, 2.721, 2.416, 1.653, 4.382, 10.957, 14.2, 12.182, 12.138, 14.376, 15.571, 13.825, 11.839, 10.684, 10.752, 10.84, 9.487, 8.165, 6.417, 5.549, 5.533, 5.541, 5.079, 4.794, 4.722, 4.776, 5.054, 5.491, 5.302, 4.712, 4.293, 3.952, 3.706, 3.816, 4.027, 3.881, 4.54, 5.724, 6.25, 6.273, 6.421, 6.497, 6.435, 6.258, 6.172, 5.687, 5.175, 4.804, 5.412, 5.394, 4.525, 4.941, 6.662, 8.902, 10.427, 10.612, 10.656, 11.587, 12.997, 13.77, 13.726, 13.755, 13.458, 13.044, 14.148, 16.997, 18.469, 17.827, 17.278, 16.752, 15.734, 14.741, 15.485, 17.719, 19.562, 20.551, 20.895, 20.803, 20.401, 19.843, 19.29, 19.827, 20.476, 20.5, 20.765, 20.629, 21.595, 22.908, 23.106, 21.381, 19.603, 16.912, 14.805, 13.112, 12.111, 11.746, 11.779, 9.943, 7.654, 6.693, 6.757, 6.587, 5.697, 4.205, 3.466, 3.485, 4.555, 5.134, 5.277, 6.255, 8.544, 9.236, 8.828, 8.711, 9.082, 9.772, 10.3, 10.435, 10.928, 10.313, 9.104, 8.075, 7.797, 8.467, 8.932, 8.333, 10.396], [5.502, 4.806, 3.659, 1.792, 0.0, 1.279, 2.777, 4.74, 5.959, 5.883, 5.595, 5.302, 4.602, 3.551, 3.033, 4.295, 5.657, 5.631, 4.573, 3.586, 3.102, 2.671, 1.844, 1.488, 2.479, 3.943, 5.663, 6.47, 6.873, 5.829, 4.477, 3.997, 3.152, 2.392, 2.263, 5.712, 12.197, 15.356, 13.424, 13.264, 15.481, 16.642, 14.933, 13.091, 11.906, 11.908, 12.029, 10.734, 9.338, 7.367, 6.328, 6.049, 5.933, 5.402, 5.078, 4.458, 4.026, 3.88, 4.265, 4.261, 4.043, 3.634, 3.094, 3.202, 3.579, 3.672, 3.565, 3.561, 4.47, 4.988, 4.965, 5.014, 5.156, 5.183, 5.122, 4.999, 4.693, 4.128, 4.156, 4.85, 4.923, 4.356, 5.217, 7.611, 10.158, 11.661, 11.805, 11.81, 12.745, 14.133, 14.905, 14.853, 14.882, 14.585, 14.17, 15.272, 18.121, 19.563, 18.966, 18.473, 17.957, 16.825, 15.852, 16.561, 18.802, 20.646, 21.644, 21.987, 21.897, 21.489, 20.966, 20.414, 20.929, 21.603, 21.623, 21.854, 21.717, 22.702, 24.022, 24.227, 22.489, 20.721, 17.995, 15.891, 14.193, 13.223, 12.909, 12.937, 11.072, 8.708, 7.259, 6.993, 6.81, 6.238, 4.44, 3.301, 3.619, 5.081, 5.822, 6.257, 7.381, 9.666, 10.362, 9.939, 9.848, 10.179, 10.86, 11.383, 11.562, 12.041, 11.388, 10.147, 8.89, 8.759, 9.47, 9.994, 9.33, 11.471], [6.299, 5.681, 4.604, 2.605, 1.279, 0.0, 1.858, 3.822, 5.016, 4.956, 4.717, 4.414, 3.618, 2.825, 2.354, 3.598, 4.91, 4.885, 3.821, 2.914, 2.529, 2.248, 1.567, 2.098, 3.316, 4.866, 6.615, 7.394, 7.819, 6.777, 5.465, 4.88, 3.807, 2.373, 2.541, 6.504, 13.098, 16.275, 14.357, 14.207, 16.412, 17.553, 15.816, 13.924, 12.755, 12.804, 12.92, 11.598, 10.26, 8.321, 7.261, 6.934, 6.561, 5.895, 5.54, 5.028, 3.575, 3.333, 3.431, 3.366, 3.224, 2.829, 2.212, 2.506, 2.831, 3.132, 3.061, 2.806, 3.649, 4.076, 4.213, 4.224, 4.328, 4.275, 4.202, 4.125, 3.859, 3.443, 3.69, 4.421, 4.498, 4.473, 5.759, 8.577, 10.993, 12.506, 12.666, 12.655, 13.697, 15.069, 15.844, 15.799, 15.813, 15.521, 15.118, 16.199, 19.048, 20.531, 19.81, 19.318, 18.803, 17.737, 16.802, 17.514, 19.714, 21.589, 22.597, 22.941, 22.828, 22.439, 21.81, 21.26, 21.783, 22.539, 22.573, 22.808, 22.671, 23.653, 24.972, 25.176, 23.455, 21.671, 18.942, 16.807, 15.109, 14.112, 13.842, 13.881, 11.983, 9.634, 8.189, 7.849, 7.623, 6.98, 5.218, 3.938, 4.494, 5.988, 6.692, 7.2, 8.332, 10.615, 11.323, 10.896, 10.786, 11.154, 11.835, 12.359, 12.528, 13.016, 12.301, 11.009, 9.722, 9.531, 10.41, 10.904, 10.235, 12.419], [8.01, 7.381, 6.261, 4.026, 2.777, 1.858, 0.0, 2.141, 3.297, 3.25, 3.104, 2.79, 2.085, 1.77, 1.508, 2.435, 3.57, 3.482, 2.616, 1.884, 2.177, 2.763, 2.823, 3.652, 4.893, 6.475, 8.32, 9.13, 9.583, 8.541, 7.193, 6.546, 5.3, 3.772, 4.017, 8.064, 14.693, 17.99, 16.048, 15.932, 18.159, 19.308, 17.553, 15.533, 14.375, 14.501, 14.607, 13.213, 11.948, 10.084, 9.043, 8.694, 8.337, 7.642, 7.209, 6.711, 4.679, 3.784, 3.493, 3.319, 3.462, 3.262, 2.639, 2.965, 3.543, 3.985, 3.993, 3.318, 3.248, 3.42, 3.649, 3.877, 4.015, 3.966, 3.873, 3.565, 3.414, 3.453, 4.677, 5.4, 5.641, 5.906, 7.327, 10.317, 12.53, 14.066, 14.332, 14.345, 15.41, 16.822, 17.601, 17.556, 17.577, 17.285, 16.881, 17.963, 20.812, 22.273, 21.476, 20.927, 20.434, 19.494, 18.566, 19.264, 21.467, 23.352, 24.361, 24.704, 24.591, 24.199, 23.492, 22.962, 23.525, 24.289, 24.313, 24.571, 24.434, 25.416, 26.735, 26.939, 25.197, 23.434, 20.706, 18.567, 16.87, 15.862, 15.583, 15.617, 13.71, 11.368, 9.922, 9.589, 9.387, 8.743, 6.986, 5.681, 6.257, 7.746, 8.456, 8.964, 10.087, 12.378, 13.066, 12.653, 12.547, 12.9, 13.577, 14.101, 14.272, 14.76, 14.083, 12.776, 11.486, 11.22, 12.136, 12.647, 11.97, 14.182], [9.971, 9.377, 8.229, 5.925, 4.74, 3.822, 2.141, 0.0, 1.432, 1.482, 1.323, 1.497, 1.65, 2.174, 2.213, 2.077, 2.207, 2.154, 1.397, 1.686, 3.115, 4.374, 4.775, 5.551, 6.817, 8.39, 10.32, 11.13, 11.583, 10.54, 9.193, 8.506, 7.009, 5.414, 5.774, 9.87, 16.619, 19.97, 18.015, 17.932, 20.159, 21.308, 19.552, 17.446, 16.288, 16.448, 16.579, 15.145, 13.937, 12.084, 11.011, 10.699, 10.29, 9.596, 9.176, 8.638, 6.537, 4.57, 4.047, 3.867, 4.278, 4.105, 3.833, 4.269, 4.857, 5.425, 5.531, 4.557, 3.629, 3.278, 3.559, 3.692, 4.03, 4.028, 3.842, 3.45, 3.714, 4.63, 6.283, 6.998, 7.306, 7.635, 9.19, 12.276, 14.431, 15.927, 16.271, 16.301, 17.404, 18.822, 19.601, 19.555, 19.577, 19.284, 18.881, 19.959, 22.812, 24.273, 23.414, 22.846, 22.404, 21.494, 20.566, 21.264, 23.465, 25.352, 26.36, 26.704, 26.591, 26.199, 25.451, 24.95, 25.514, 26.28, 26.313, 26.571, 26.434, 27.416, 28.735, 28.939, 27.197, 25.434, 22.705, 20.567, 18.87, 17.847, 17.568, 17.609, 15.709, 13.368, 11.921, 11.542, 11.387, 10.743, 8.962, 7.661, 8.245, 9.74, 10.455, 10.963, 12.087, 14.378, 15.066, 14.627, 14.521, 14.894, 15.577, 16.101, 16.271, 16.754, 16.051, 14.774, 13.486, 13.171, 14.104, 14.59, 13.95, 16.182], [11.198, 10.604, 9.459, 7.194, 5.959, 5.016, 3.297, 1.432, 0.0, 0.91, 1.185, 1.594, 1.991, 2.823, 3.153, 2.372, 1.61, 1.809, 1.908, 2.816, 4.229, 5.425, 6.014, 6.78, 8.053, 9.637, 11.566, 12.364, 12.829, 11.784, 10.432, 9.746, 8.195, 6.574, 7.052, 11.076, 17.849, 21.206, 19.262, 19.168, 21.394, 22.539, 20.782, 18.676, 17.512, 17.686, 17.817, 16.375, 15.176, 13.323, 12.261, 11.949, 11.524, 10.835, 10.426, 9.827, 7.6, 5.284, 4.536, 4.389, 4.79, 4.902, 4.667, 5.133, 5.712, 6.28, 6.406, 5.431, 4.147, 3.757, 3.912, 4.047, 4.399, 4.374, 4.214, 3.85, 4.451, 5.513, 7.147, 7.864, 8.153, 8.499, 10.287, 13.519, 15.661, 17.17, 17.501, 17.531, 18.645, 20.069, 20.843, 20.802, 20.823, 20.531, 20.126, 21.208, 24.058, 25.511, 24.644, 24.069, 23.634, 22.727, 21.807, 22.5, 24.695, 26.588, 27.6, 27.943, 27.827, 27.438, 26.681, 26.18, 26.744, 27.519, 27.559, 27.81, 27.673, 28.657, 29.977, 30.182, 28.443, 26.677, 23.942, 21.798, 20.103, 19.084, 18.815, 18.856, 16.941, 14.602, 13.168, 12.788, 12.633, 11.99, 10.188, 8.897, 9.491, 10.986, 11.702, 12.21, 13.334, 15.621, 16.312, 15.876, 15.766, 16.134, 16.816, 17.339, 17.517, 17.997, 17.295, 16.024, 14.735, 14.42, 15.343, 15.825, 15.186, 17.419], [11.124, 10.526, 9.385, 7.061, 5.883, 4.956, 3.25, 1.482, 0.91, 0.0, 1.007, 1.433, 1.836, 2.701, 3.017, 2.252, 1.419, 1.581, 1.842, 2.751, 4.155, 5.329, 5.94, 6.706, 7.979, 9.573, 11.496, 12.29, 12.751, 11.709, 10.358, 9.668, 8.242, 6.673, 6.971, 11.03, 17.775, 21.131, 19.184, 19.094, 21.32, 22.478, 20.735, 18.608, 17.453, 17.612, 17.742, 16.3, 15.102, 13.248, 12.183, 11.871, 11.446, 10.761, 10.354, 9.76, 7.543, 5.113, 4.39, 4.24, 4.552, 4.64, 4.486, 4.921, 5.503, 6.007, 6.104, 5.073, 3.945, 3.548, 3.706, 3.848, 4.203, 4.156, 4.068, 3.613, 4.118, 5.137, 6.795, 7.503, 7.813, 8.175, 10.223, 13.449, 15.648, 17.178, 17.456, 17.504, 18.571, 19.991, 20.769, 20.724, 20.746, 20.453, 20.05, 21.131, 23.98, 25.437, 24.645, 24.061, 23.591, 22.653, 21.733, 22.425, 24.651, 26.513, 27.525, 27.869, 27.752, 27.363, 26.684, 26.164, 26.697, 27.444, 27.487, 27.735, 27.598, 28.583, 29.903, 30.108, 28.368, 26.602, 23.868, 21.737, 20.03, 19.009, 18.743, 18.786, 16.875, 14.528, 13.103, 12.711, 12.555, 11.912, 10.112, 8.823, 9.414, 10.909, 11.624, 12.132, 13.262, 15.547, 16.235, 15.802, 15.692, 16.06, 16.741, 17.265, 17.44, 17.922, 17.217, 15.961, 14.657, 14.361, 15.273, 15.75, 15.112, 17.345], [10.824, 10.216, 9.058, 6.867, 5.595, 4.717, 3.104, 1.323, 1.185, 1.007, 0.0, 1.086, 1.689, 2.552, 2.692, 2.218, 1.64, 1.869, 1.778, 2.452, 3.828, 5.021, 5.614, 6.417, 7.653, 9.247, 11.169, 11.963, 12.428, 11.384, 10.032, 9.363, 7.959, 6.378, 6.724, 10.781, 17.448, 20.805, 18.863, 18.768, 20.993, 22.143, 20.393, 18.331, 17.185, 17.34, 17.436, 16.033, 14.775, 12.922, 11.878, 11.566, 11.141, 10.435, 10.056, 9.462, 7.231, 4.692, 3.982, 4.026, 4.416, 4.339, 4.119, 4.457, 5.068, 5.632, 5.699, 4.651, 3.58, 3.238, 3.398, 3.467, 3.836, 3.781, 3.645, 3.31, 3.927, 4.698, 6.378, 7.105, 7.406, 7.894, 9.926, 13.151, 15.337, 16.871, 17.103, 17.158, 18.245, 19.678, 20.443, 20.407, 20.437, 20.139, 19.725, 20.823, 23.672, 25.111, 24.336, 23.77, 23.281, 22.331, 21.407, 22.099, 24.294, 26.187, 27.199, 27.542, 27.426, 27.037, 26.361, 25.823, 26.373, 27.118, 27.173, 27.409, 27.272, 28.257, 29.577, 29.781, 28.042, 26.276, 23.541, 21.397, 19.702, 18.706, 18.42, 18.46, 16.541, 14.201, 12.782, 12.399, 12.244, 11.598, 9.787, 8.497, 9.093, 10.586, 11.302, 11.811, 12.936, 15.221, 15.917, 15.49, 15.376, 15.734, 16.415, 16.938, 17.116, 17.596, 16.912, 15.645, 14.37, 14.037, 14.958, 15.424, 14.795, 17.018], [10.538, 9.929, 8.784, 6.609, 5.302, 4.414, 2.79, 1.497, 1.594, 1.433, 1.086, 0.0, 1.116, 2.108, 2.508, 1.915, 1.624, 1.692, 1.978, 2.368, 3.574, 4.732, 5.345, 6.115, 7.38, 8.971, 10.891, 11.689, 12.154, 11.109, 9.757, 9.071, 7.654, 6.099, 6.503, 10.414, 17.174, 20.53, 18.586, 18.493, 20.719, 21.864, 20.106, 18.0, 16.836, 17.011, 17.141, 15.7, 14.501, 12.648, 11.585, 11.274, 10.849, 10.16, 9.75, 9.168, 6.937, 4.802, 4.095, 3.78, 4.309, 4.148, 3.908, 4.197, 4.69, 5.083, 5.176, 4.401, 3.7, 3.324, 3.463, 3.603, 3.982, 4.045, 3.955, 3.603, 3.736, 4.494, 5.925, 6.724, 6.977, 7.446, 9.635, 12.857, 14.992, 16.522, 16.826, 16.856, 17.97, 19.393, 20.168, 20.127, 20.148, 19.856, 19.45, 20.534, 23.383, 24.836, 23.989, 23.405, 22.958, 22.051, 21.132, 21.824, 24.02, 25.912, 26.924, 27.268, 27.151, 26.762, 26.028, 25.507, 26.069, 26.843, 26.884, 27.135, 26.997, 27.982, 29.302, 29.507, 27.767, 26.001, 23.267, 21.123, 19.428, 18.408, 18.139, 18.18, 16.266, 13.927, 12.493, 12.113, 11.958, 11.314, 9.513, 8.222, 8.816, 10.311, 11.027, 11.535, 12.658, 14.946, 15.637, 15.201, 15.091, 15.459, 16.14, 16.664, 16.842, 17.321, 16.619, 15.348, 14.06, 13.745, 14.678, 15.149, 14.511, 16.744], [9.836, 9.193, 8.064, 5.863, 4.602, 3.618, 2.085, 1.65, 1.991, 1.836, 1.689, 1.116, 0.0, 1.243, 1.736, 1.504, 2.08, 2.094, 2.18, 2.349, 3.474, 4.117, 4.618, 5.398, 6.662, 8.23, 10.148, 10.958, 11.411, 10.369, 9.021, 8.333, 6.926, 5.394, 5.766, 9.736, 16.445, 19.798, 17.843, 17.76, 19.987, 21.136, 19.381, 17.287, 16.124, 16.293, 16.408, 14.984, 13.765, 11.912, 10.852, 10.523, 10.111, 9.424, 9.025, 8.401, 6.233, 4.659, 4.139, 3.758, 4.013, 3.817, 3.302, 3.577, 4.113, 4.527, 4.63, 3.99, 3.725, 3.563, 3.773, 3.946, 4.282, 4.319, 4.251, 3.847, 3.783, 4.054, 5.41, 6.23, 6.39, 6.734, 8.866, 12.128, 14.276, 15.791, 16.106, 16.133, 17.233, 18.65, 19.429, 19.384, 19.405, 19.113, 18.709, 19.786, 22.64, 24.101, 23.253, 22.681, 22.242, 21.322, 20.394, 21.092, 23.295, 25.18, 26.189, 26.532, 26.419, 26.027, 25.289, 24.783, 25.343, 26.108, 26.141, 26.399, 26.262, 27.244, 28.563, 28.767, 27.025, 25.262, 22.534, 20.395, 18.698, 17.676, 17.396, 17.437, 15.538, 13.196, 11.75, 11.37, 11.215, 10.571, 8.771, 7.483, 8.073, 9.568, 10.284, 10.792, 11.915, 14.206, 14.894, 14.454, 14.35, 14.722, 15.405, 15.929, 16.1, 16.582, 15.894, 14.601, 13.309, 13.012, 13.965, 14.414, 13.778, 16.01], [8.766, 8.116, 7.007, 4.889, 3.551, 2.825, 1.77, 2.174, 2.823, 2.701, 2.552, 2.108, 1.243, 0.0, 1.032, 1.816, 2.803, 2.788, 2.415, 2.309, 3.24, 3.722, 3.684, 4.356, 5.612, 7.182, 9.053, 9.864, 10.311, 9.265, 7.927, 7.231, 6.005, 4.503, 4.825, 8.755, 15.388, 18.704, 16.749, 16.665, 18.893, 20.042, 18.286, 16.201, 15.048, 15.184, 15.313, 13.895, 12.671, 10.817, 9.736, 9.415, 8.995, 8.33, 7.911, 7.302, 5.506, 4.475, 4.16, 3.842, 3.945, 3.697, 2.904, 3.159, 3.7, 3.892, 3.95, 3.846, 3.933, 3.93, 4.084, 4.227, 4.517, 4.618, 4.566, 4.255, 4.076, 4.036, 4.835, 5.661, 5.732, 5.825, 7.777, 11.011, 13.191, 14.705, 15.029, 15.049, 16.138, 17.55, 18.327, 18.276, 18.301, 18.014, 17.609, 18.674, 21.539, 23.007, 22.16, 21.605, 21.154, 20.227, 19.299, 19.997, 22.2, 24.085, 25.094, 25.432, 25.324, 24.933, 24.193, 23.689, 24.248, 25.014, 25.046, 25.305, 25.164, 26.15, 27.464, 27.669, 25.931, 24.161, 21.436, 19.3, 17.603, 16.581, 16.302, 16.343, 14.443, 12.101, 10.655, 10.275, 10.113, 9.465, 7.67, 6.385, 6.97, 8.461, 9.175, 9.694, 10.82, 13.112, 13.794, 13.358, 13.255, 13.628, 14.307, 14.831, 15.003, 15.487, 14.781, 13.511, 12.219, 11.941, 12.877, 13.331, 12.684, 14.916], [8.271, 7.654, 6.58, 4.392, 3.033, 2.354, 1.508, 2.213, 3.153, 3.017, 2.692, 2.508, 1.736, 1.032, 0.0, 1.805, 3.008, 3.037, 2.185, 1.834, 2.628, 3.124, 3.223, 4.068, 5.293, 6.835, 8.598, 9.38, 9.807, 8.766, 7.418, 6.893, 5.773, 4.209, 4.429, 8.483, 15.085, 18.281, 16.335, 16.182, 18.401, 19.57, 17.812, 15.949, 14.782, 14.854, 14.961, 13.619, 12.256, 10.313, 9.273, 8.918, 8.537, 7.896, 7.454, 6.812, 5.085, 4.196, 4.025, 3.997, 4.136, 3.767, 3.058, 3.198, 3.756, 4.115, 4.105, 3.759, 3.748, 3.794, 3.917, 4.142, 4.515, 4.565, 4.449, 4.178, 4.121, 3.848, 4.75, 5.509, 5.648, 5.654, 7.305, 10.562, 12.998, 14.52, 14.687, 14.703, 15.679, 17.067, 17.85, 17.782, 17.801, 17.509, 17.105, 18.187, 21.036, 22.532, 21.859, 21.352, 20.833, 19.743, 18.795, 19.509, 21.697, 23.576, 24.585, 24.928, 24.832, 24.442, 23.863, 23.312, 23.835, 24.548, 24.58, 24.796, 24.659, 25.642, 26.96, 27.163, 25.459, 23.672, 20.93, 18.799, 17.109, 16.168, 15.863, 15.891, 13.969, 11.617, 10.186, 9.766, 9.611, 8.968, 7.168, 5.881, 6.469, 7.964, 8.68, 9.188, 10.311, 12.603, 13.29, 12.886, 12.799, 13.128, 13.802, 14.326, 14.496, 14.985, 14.314, 13.017, 11.743, 11.558, 12.392, 12.955, 12.266, 14.407], [9.283, 8.791, 7.855, 5.727, 4.295, 3.598, 2.435, 2.077, 2.372, 2.252, 2.218, 1.915, 1.504, 1.816, 1.805, 0.0, 1.641, 1.967, 1.8, 2.028, 2.862, 3.537, 4.374, 5.517, 6.7, 8.026, 9.789, 10.608, 10.88, 9.808, 8.556, 8.143, 7.303, 5.741, 5.983, 9.933, 16.435, 19.538, 17.558, 17.412, 19.646, 20.874, 19.149, 17.336, 16.145, 16.139, 16.267, 14.982, 13.508, 11.485, 10.373, 9.856, 9.481, 9.177, 8.784, 7.987, 6.008, 4.663, 4.656, 4.772, 4.989, 4.903, 4.312, 4.575, 5.124, 5.455, 5.413, 4.86, 4.437, 4.36, 4.347, 4.607, 5.06, 5.176, 5.076, 4.658, 4.505, 4.88, 5.727, 6.365, 6.698, 6.877, 8.33, 11.762, 14.407, 15.904, 16.037, 16.055, 16.86, 18.176, 18.875, 18.792, 18.862, 18.556, 18.122, 19.266, 22.091, 23.75, 23.206, 22.706, 22.191, 21.039, 19.913, 20.732, 22.957, 24.738, 25.68, 26.014, 25.983, 25.68, 25.201, 24.651, 25.163, 25.809, 25.767, 25.96, 25.696, 26.778, 27.94, 28.19, 26.686, 24.767, 21.955, 20.021, 18.391, 17.458, 17.103, 17.112, 15.266, 12.849, 11.388, 10.888, 10.626, 10.026, 8.162, 6.879, 7.44, 8.881, 9.583, 10.181, 11.43, 13.683, 14.346, 13.862, 13.808, 14.21, 14.837, 15.302, 15.549, 15.998, 15.524, 14.28, 13.037, 12.895, 13.634, 14.163, 13.577, 15.482], [10.728, 10.157, 9.223, 7.116, 5.657, 4.91, 3.57, 2.207, 1.61, 1.419, 1.64, 1.624, 2.08, 2.803, 3.008, 1.641, 0.0, 0.83, 1.619, 2.494, 3.66, 4.837, 5.678, 6.816, 7.992, 9.373, 11.13, 11.922, 12.247, 11.17, 9.932, 9.492, 8.64, 7.065, 7.309, 11.259, 17.733, 20.833, 18.881, 18.719, 20.94, 22.144, 20.439, 18.634, 17.442, 17.436, 17.564, 16.279, 14.81, 12.808, 11.72, 11.319, 10.982, 10.47, 10.114, 9.329, 7.259, 4.907, 4.509, 4.743, 5.102, 5.249, 5.096, 5.397, 5.979, 6.275, 6.228, 5.327, 4.428, 4.153, 4.031, 4.28, 4.788, 4.876, 4.814, 4.377, 4.537, 5.496, 6.65, 7.324, 7.696, 8.0, 9.787, 13.097, 15.722, 17.201, 17.334, 17.331, 18.196, 19.516, 20.256, 20.203, 20.252, 19.93, 19.507, 20.657, 23.489, 25.03, 24.486, 24.003, 23.489, 22.314, 21.249, 22.019, 24.264, 26.074, 27.046, 27.376, 27.307, 26.955, 26.478, 25.94, 26.433, 27.079, 27.104, 27.268, 27.058, 28.096, 29.359, 29.587, 27.982, 26.09, 23.338, 21.352, 19.667, 18.729, 18.413, 18.42, 16.56, 14.148, 12.704, 12.259, 12.033, 11.393, 9.566, 8.278, 8.875, 10.353, 11.067, 11.604, 12.796, 15.077, 15.72, 15.318, 15.234, 15.557, 16.199, 16.718, 16.922, 17.403, 16.86, 15.613, 14.334, 14.228, 14.981, 15.49, 14.849, 16.859], [10.707, 10.09, 9.031, 7.087, 5.631, 4.885, 3.482, 2.154, 1.809, 1.581, 1.869, 1.692, 2.094, 2.788, 3.037, 1.967, 0.83, 0.0, 1.564, 2.421, 3.578, 4.749, 5.568, 6.649, 7.815, 9.154, 10.922, 11.714, 12.159, 11.114, 9.833, 9.238, 8.495, 6.931, 7.204, 11.122, 17.441, 20.59, 18.693, 18.55, 20.752, 21.977, 20.242, 18.355, 17.16, 17.211, 17.301, 16.033, 14.586, 12.667, 11.632, 11.277, 10.884, 10.28, 9.915, 9.17, 7.086, 5.026, 4.255, 4.553, 5.005, 5.252, 5.047, 5.316, 5.837, 5.986, 5.937, 5.195, 4.288, 3.934, 3.82, 4.049, 4.569, 4.652, 4.609, 4.203, 4.377, 5.441, 6.476, 7.29, 7.595, 7.887, 9.74, 12.941, 15.424, 16.91, 17.069, 17.104, 18.0, 19.404, 20.174, 20.112, 20.145, 19.846, 19.438, 20.547, 23.375, 24.866, 24.259, 23.737, 23.211, 22.142, 21.135, 21.854, 24.102, 25.931, 26.928, 27.272, 27.156, 26.807, 26.268, 25.716, 26.24, 26.899, 26.963, 27.142, 26.991, 27.99, 29.292, 29.496, 27.839, 26.011, 23.263, 21.194, 19.495, 18.535, 18.223, 18.233, 16.339, 13.956, 12.567, 12.136, 11.944, 11.304, 9.5, 8.212, 8.802, 10.297, 11.013, 11.521, 12.673, 14.957, 15.623, 15.216, 15.129, 15.489, 16.136, 16.658, 16.831, 17.323, 16.702, 15.467, 14.171, 13.998, 14.829, 15.325, 14.64, 16.749], [9.647, 9.042, 8.048, 6.073, 4.573, 3.821, 2.616, 1.397, 1.908, 1.842, 1.778, 1.978, 2.18, 2.415, 2.185, 1.8, 1.619, 1.564, 0.0, 1.224, 2.544, 3.776, 4.445, 5.538, 6.718, 8.187, 9.899, 10.674, 11.079, 10.05, 8.735, 8.257, 7.375, 5.816, 6.142, 10.037, 16.483, 19.624, 17.675, 17.493, 19.711, 20.921, 19.196, 17.347, 16.182, 16.22, 16.33, 15.016, 13.623, 11.593, 10.55, 10.176, 9.797, 9.285, 8.813, 8.13, 6.203, 4.099, 3.763, 4.074, 4.63, 4.656, 4.419, 4.776, 5.319, 5.583, 5.537, 4.655, 3.611, 3.343, 3.238, 3.484, 4.013, 4.072, 4.047, 3.818, 4.282, 4.906, 6.029, 6.636, 7.012, 7.26, 8.737, 11.891, 14.439, 15.937, 16.077, 16.1, 17.0, 18.36, 19.132, 19.075, 19.064, 18.77, 18.371, 19.463, 22.295, 23.832, 23.253, 22.746, 22.231, 21.086, 20.073, 20.814, 23.021, 24.852, 25.852, 26.199, 26.108, 25.764, 25.248, 24.698, 25.21, 25.892, 25.895, 26.085, 25.918, 26.931, 28.225, 28.422, 26.796, 24.965, 22.189, 20.097, 18.438, 17.526, 17.212, 17.221, 15.313, 12.917, 11.499, 11.073, 10.892, 10.263, 8.439, 7.145, 7.73, 9.232, 9.939, 10.447, 11.597, 13.875, 14.572, 14.169, 14.092, 14.455, 15.08, 15.587, 15.755, 16.257, 15.596, 14.345, 13.095, 12.989, 13.795, 14.33, 13.658, 15.692], [8.615, 7.998, 6.993, 5.115, 3.586, 2.914, 1.884, 1.686, 2.816, 2.751, 2.452, 2.368, 2.349, 2.309, 1.834, 2.028, 2.494, 2.421, 1.224, 0.0, 1.647, 2.882, 3.425, 4.483, 5.673, 7.142, 8.85, 9.625, 10.019, 9.007, 7.658, 7.212, 6.333, 4.755, 5.11, 8.984, 15.425, 18.572, 16.614, 16.442, 18.664, 19.864, 18.128, 16.298, 15.106, 15.163, 15.269, 13.963, 12.559, 10.53, 9.498, 9.134, 8.737, 8.225, 7.789, 7.251, 5.385, 3.863, 3.662, 4.018, 4.545, 4.336, 3.868, 4.286, 4.8, 5.07, 5.035, 4.161, 3.504, 3.283, 3.277, 3.483, 3.972, 4.079, 4.05, 3.974, 4.02, 4.485, 5.503, 6.108, 6.434, 6.648, 7.852, 10.868, 13.376, 14.866, 15.012, 15.032, 15.93, 17.317, 18.085, 18.023, 18.022, 17.724, 17.321, 18.414, 21.262, 22.78, 22.187, 21.676, 21.158, 20.036, 19.026, 19.765, 21.951, 23.784, 24.784, 25.127, 25.062, 24.717, 24.188, 23.636, 24.151, 24.841, 24.829, 25.029, 24.857, 25.884, 27.161, 27.366, 25.749, 23.92, 21.126, 19.014, 17.389, 16.474, 16.159, 16.168, 14.255, 11.869, 10.452, 9.989, 9.845, 9.211, 7.407, 6.086, 6.68, 8.17, 8.887, 9.396, 10.536, 12.806, 13.527, 13.074, 13.017, 13.372, 14.0, 14.523, 14.702, 15.181, 14.518, 13.297, 12.085, 11.996, 12.775, 13.27, 12.58, 14.607], [7.301, 6.902, 6.237, 4.645, 3.102, 2.529, 2.177, 3.115, 4.229, 4.155, 3.828, 3.574, 3.474, 3.24, 2.628, 2.862, 3.66, 3.578, 2.544, 1.647, 0.0, 1.514, 2.406, 3.653, 4.763, 5.962, 7.597, 8.384, 8.623, 7.583, 6.439, 6.14, 5.605, 4.008, 4.492, 8.204, 14.278, 17.318, 15.514, 15.303, 17.365, 18.59, 16.944, 15.218, 14.024, 13.941, 14.104, 12.948, 11.351, 9.193, 8.19, 7.876, 7.521, 6.98, 6.756, 5.932, 4.203, 3.409, 3.407, 4.025, 4.604, 4.261, 3.726, 4.08, 4.369, 4.409, 4.297, 3.789, 3.251, 3.211, 3.259, 3.534, 3.81, 3.875, 3.959, 4.218, 4.114, 4.052, 4.506, 4.978, 5.312, 5.491, 6.492, 9.683, 12.296, 13.755, 13.828, 13.88, 14.709, 15.948, 16.688, 16.638, 16.629, 16.314, 15.897, 17.039, 19.874, 21.487, 20.985, 20.505, 20.011, 18.765, 17.685, 18.489, 20.656, 22.446, 23.418, 23.753, 23.719, 23.383, 22.95, 22.407, 22.888, 23.537, 23.496, 23.668, 23.444, 24.484, 25.764, 25.963, 24.414, 22.518, 19.727, 17.73, 16.099, 15.188, 14.879, 14.883, 13.036, 10.589, 9.111, 8.641, 8.416, 7.81, 5.959, 4.683, 5.265, 6.757, 7.474, 7.983, 9.177, 11.45, 12.132, 11.805, 11.736, 12.012, 12.635, 13.137, 13.315, 13.819, 13.269, 12.058, 10.926, 10.937, 11.573, 12.017, 11.45, 13.238], [6.461, 5.856, 5.467, 4.202, 2.671, 2.248, 2.763, 4.374, 5.425, 5.329, 5.021, 4.732, 4.117, 3.722, 3.124, 3.537, 4.837, 4.749, 3.776, 2.882, 1.514, 0.0, 1.522, 2.709, 3.899, 4.794, 6.516, 7.407, 7.579, 6.512, 5.522, 5.139, 4.654, 3.186, 3.897, 7.195, 13.276, 16.329, 14.435, 14.291, 16.385, 17.589, 15.937, 14.228, 13.031, 12.943, 13.111, 11.927, 10.337, 8.197, 7.171, 6.868, 6.467, 6.024, 5.868, 5.026, 3.584, 3.163, 3.837, 4.408, 4.66, 4.266, 3.763, 4.048, 4.163, 3.939, 3.784, 3.357, 3.557, 3.841, 3.522, 3.712, 4.104, 4.201, 4.439, 4.685, 4.415, 3.579, 3.636, 4.192, 4.401, 4.569, 5.642, 8.685, 11.362, 12.782, 12.841, 12.901, 13.717, 14.833, 15.651, 15.508, 15.455, 15.219, 14.871, 15.825, 18.696, 20.515, 19.991, 19.507, 19.004, 17.761, 16.655, 17.486, 19.679, 21.469, 22.436, 22.757, 22.73, 22.383, 21.965, 21.43, 21.898, 22.548, 22.426, 22.669, 22.471, 23.473, 24.748, 24.955, 23.359, 21.455, 18.76, 16.746, 15.087, 14.2, 13.824, 13.814, 12.032, 9.614, 8.022, 7.566, 7.315, 6.65, 4.933, 3.673, 4.251, 5.719, 6.389, 6.961, 8.152, 10.46, 11.083, 10.755, 10.743, 11.071, 11.713, 12.193, 12.328, 12.833, 12.315, 11.132, 10.002, 10.056, 10.689, 11.125, 10.528, 12.364], [5.759, 5.062, 4.34, 3.134, 1.844, 1.567, 2.823, 4.775, 6.014, 5.94, 5.614, 5.345, 4.618, 3.684, 3.223, 4.374, 5.678, 5.568, 4.445, 3.425, 2.406, 1.522, 0.0, 1.532, 2.544, 3.812, 5.6, 6.433, 6.815, 5.77, 4.553, 3.996, 3.351, 2.118, 2.8, 5.935, 12.147, 15.28, 13.317, 13.233, 15.46, 16.667, 14.932, 13.027, 11.866, 11.867, 11.989, 10.678, 9.248, 7.365, 6.34, 6.055, 5.725, 5.093, 4.906, 4.41, 3.184, 3.271, 4.131, 4.342, 4.241, 3.828, 3.374, 3.63, 3.723, 3.497, 3.275, 2.972, 4.093, 4.45, 4.092, 4.259, 4.641, 4.765, 4.952, 5.207, 4.994, 3.643, 3.299, 4.054, 4.175, 4.168, 5.281, 7.711, 10.185, 11.628, 11.765, 11.793, 12.714, 14.083, 14.83, 14.794, 14.823, 14.526, 14.111, 15.215, 18.064, 19.563, 18.922, 18.433, 17.917, 16.843, 15.821, 16.548, 18.828, 20.659, 21.635, 21.955, 21.879, 21.494, 20.934, 20.383, 20.917, 21.585, 21.617, 21.841, 21.689, 22.672, 23.968, 24.168, 22.481, 20.663, 17.972, 15.92, 14.192, 13.201, 12.863, 12.894, 11.064, 8.664, 7.264, 6.994, 6.654, 5.991, 4.287, 3.025, 3.562, 5.047, 5.688, 6.198, 7.371, 9.641, 10.334, 9.971, 9.873, 10.242, 10.902, 11.39, 11.535, 12.031, 11.471, 10.256, 9.032, 8.956, 9.683, 10.071, 9.398, 11.513], [5.19, 4.364, 3.365, 2.104, 1.488, 2.098, 3.652, 5.551, 6.78, 6.706, 6.417, 6.115, 5.398, 4.356, 4.068, 5.517, 6.816, 6.649, 5.538, 4.483, 3.653, 2.709, 1.532, 0.0, 1.566, 2.895, 4.79, 5.583, 6.048, 5.008, 3.828, 3.321, 2.405, 1.851, 2.337, 4.638, 11.081, 14.425, 12.483, 12.388, 14.614, 15.777, 14.034, 11.926, 10.789, 10.923, 11.036, 9.616, 8.396, 6.585, 5.638, 5.558, 5.467, 4.962, 4.674, 4.177, 3.76, 3.998, 4.803, 4.891, 4.448, 4.051, 3.529, 3.678, 3.787, 3.616, 3.444, 3.312, 4.815, 5.236, 5.015, 4.959, 5.268, 5.416, 5.53, 5.835, 5.511, 4.271, 3.824, 4.625, 4.665, 4.172, 5.106, 6.904, 9.005, 10.503, 10.755, 10.803, 11.869, 13.298, 14.063, 14.028, 14.057, 13.76, 13.345, 14.449, 17.298, 18.731, 17.965, 17.398, 16.901, 15.952, 15.027, 15.719, 17.95, 19.807, 20.819, 21.163, 21.046, 20.657, 19.99, 19.463, 19.996, 20.738, 20.781, 21.029, 20.892, 21.877, 23.197, 23.402, 21.662, 19.896, 17.162, 15.036, 13.329, 12.303, 12.037, 12.08, 10.174, 7.843, 6.699, 6.603, 6.237, 5.703, 3.896, 2.913, 3.175, 4.581, 5.24, 5.515, 6.556, 8.845, 9.537, 9.143, 9.046, 9.397, 10.052, 10.558, 10.737, 11.222, 10.561, 9.328, 8.099, 8.017, 8.871, 9.203, 8.5, 10.674], [4.198, 3.358, 2.371, 1.783, 2.479, 3.316, 4.893, 6.817, 8.053, 7.979, 7.653, 7.38, 6.662, 5.612, 5.293, 6.7, 7.992, 7.815, 6.718, 5.673, 4.763, 3.899, 2.544, 1.566, 0.0, 1.679, 3.517, 4.33, 4.776, 3.831, 2.714, 2.331, 2.005, 2.045, 1.955, 3.605, 9.827, 13.161, 11.211, 11.117, 13.351, 14.545, 12.81, 10.742, 9.604, 9.704, 9.8, 8.413, 7.123, 5.348, 4.699, 4.789, 4.837, 4.345, 4.055, 3.898, 3.95, 4.601, 5.884, 6.041, 5.337, 4.909, 4.587, 4.548, 4.493, 4.294, 3.826, 4.366, 5.957, 6.477, 6.262, 6.282, 6.549, 6.672, 6.702, 7.045, 6.659, 4.804, 4.078, 4.719, 4.625, 3.82, 4.275, 5.728, 7.834, 9.336, 9.541, 9.606, 10.626, 12.032, 12.79, 12.755, 12.784, 12.487, 12.072, 13.176, 16.025, 17.458, 16.765, 16.21, 15.701, 14.721, 13.754, 14.452, 16.706, 18.541, 19.546, 19.89, 19.781, 19.384, 18.79, 18.252, 18.789, 19.474, 19.537, 19.756, 19.619, 20.604, 21.924, 22.129, 20.401, 18.623, 15.89, 13.798, 12.076, 11.074, 10.784, 10.814, 8.933, 6.584, 5.729, 5.787, 5.781, 4.838, 3.388, 2.587, 2.61, 3.793, 4.259, 4.304, 5.298, 7.568, 8.28, 7.892, 7.795, 8.148, 8.799, 9.303, 9.479, 9.979, 9.325, 8.132, 7.051, 6.854, 7.616, 7.966, 7.336, 9.399], [3.786, 2.766, 2.352, 2.725, 3.943, 4.866, 6.475, 8.39, 9.637, 9.573, 9.247, 8.971, 8.23, 7.182, 6.835, 8.026, 9.373, 9.154, 8.187, 7.142, 5.962, 4.794, 3.812, 2.895, 1.679, 0.0, 2.05, 2.957, 3.309, 2.726, 2.223, 1.948, 2.399, 3.216, 3.016, 3.181, 8.548, 11.787, 9.803, 9.781, 11.983, 13.213, 11.467, 9.494, 8.345, 8.397, 8.487, 7.217, 5.846, 4.42, 4.005, 4.191, 4.212, 3.981, 3.757, 3.8, 4.038, 5.471, 7.267, 7.518, 6.775, 6.249, 6.028, 5.891, 5.753, 5.388, 5.009, 5.712, 7.485, 7.968, 7.62, 7.728, 8.054, 8.176, 8.214, 8.542, 8.095, 6.117, 4.311, 4.606, 4.568, 3.941, 3.708, 4.767, 6.588, 8.065, 8.247, 8.339, 9.217, 10.475, 11.293, 11.19, 11.19, 10.922, 10.574, 11.588, 14.438, 16.08, 15.469, 14.916, 14.389, 13.376, 12.317, 13.08, 15.341, 17.159, 18.131, 18.447, 18.375, 18.022, 17.486, 16.932, 17.47, 18.107, 18.109, 18.342, 18.175, 19.168, 20.451, 20.658, 19.005, 17.135, 14.463, 12.435, 10.728, 9.753, 9.35, 9.353, 7.568, 5.61, 5.351, 5.419, 5.251, 4.229, 3.069, 2.419, 2.484, 3.259, 3.549, 3.431, 3.929, 6.181, 6.781, 6.442, 6.399, 6.781, 7.46, 7.932, 8.053, 8.553, 8.109, 7.105, 6.275, 6.17, 6.8, 7.079, 6.725, 8.187], [3.011, 2.58, 2.97, 4.488, 5.663, 6.615, 8.32, 10.32, 11.566, 11.496, 11.169, 10.891, 10.148, 9.053, 8.598, 9.789, 11.13, 10.922, 9.899, 8.85, 7.597, 6.516, 5.6, 4.79, 3.517, 2.05, 0.0, 1.404, 1.878, 1.557, 2.053, 2.111, 3.445, 5.072, 4.621, 3.038, 6.929, 9.844, 8.28, 8.155, 9.967, 11.192, 9.553, 7.943, 6.781, 6.803, 6.771, 5.793, 4.305, 3.292, 3.18, 3.427, 3.483, 3.525, 3.274, 3.638, 4.457, 7.173, 9.122, 9.406, 8.63, 8.14, 7.92, 7.671, 7.226, 6.808, 6.545, 7.567, 9.363, 9.849, 9.493, 9.59, 9.942, 10.06, 10.124, 10.454, 10.048, 8.002, 6.008, 5.386, 4.965, 4.288, 3.069, 3.496, 5.134, 6.402, 6.439, 6.553, 7.271, 8.623, 9.326, 9.24, 9.267, 8.97, 8.594, 9.66, 12.508, 14.07, 13.514, 12.999, 12.496, 11.347, 10.311, 11.058, 13.301, 15.125, 16.106, 16.45, 16.358, 15.994, 15.491, 14.939, 15.464, 16.1, 16.066, 16.325, 16.184, 17.157, 18.463, 18.661, 16.984, 15.176, 12.467, 10.388, 8.698, 7.752, 7.349, 7.354, 5.667, 4.434, 4.525, 4.811, 4.485, 3.402, 2.677, 3.169, 2.842, 2.756, 2.691, 2.399, 2.423, 4.194, 5.042, 4.778, 4.655, 5.042, 5.553, 6.001, 6.08, 6.766, 6.57, 5.733, 5.092, 5.034, 5.638, 6.094, 5.796, 6.837], [3.081, 2.707, 3.463, 5.351, 6.47, 7.394, 9.13, 11.13, 12.364, 12.29, 11.963, 11.689, 10.958, 9.864, 9.38, 10.608, 11.922, 11.714, 10.674, 9.625, 8.384, 7.407, 6.433, 5.583, 4.33, 2.957, 1.404, 0.0, 1.553, 1.788, 2.191, 2.712, 4.189, 5.866, 5.415, 3.03, 6.09, 9.006, 7.441, 7.161, 9.06, 10.305, 8.679, 7.083, 5.853, 6.051, 5.871, 4.889, 3.571, 2.671, 2.475, 2.902, 2.975, 3.211, 2.843, 3.736, 5.039, 8.038, 9.924, 10.215, 9.437, 8.946, 8.728, 8.478, 7.937, 7.394, 7.359, 8.357, 10.2, 10.745, 10.364, 10.374, 10.775, 10.938, 10.988, 11.342, 10.949, 8.904, 6.931, 6.116, 5.608, 4.716, 3.05, 3.343, 4.431, 5.442, 5.71, 5.719, 6.547, 7.869, 8.509, 8.444, 8.473, 8.176, 7.762, 8.866, 11.715, 13.206, 12.615, 12.13, 11.641, 10.459, 9.444, 10.177, 12.413, 14.239, 15.238, 15.579, 15.463, 15.138, 14.604, 14.061, 14.577, 15.244, 15.281, 15.459, 15.309, 16.309, 17.613, 17.818, 16.176, 14.339, 11.578, 9.493, 7.81, 6.879, 6.57, 6.579, 4.712, 3.786, 4.192, 4.557, 4.173, 3.047, 3.21, 4.127, 3.795, 3.152, 2.713, 2.485, 2.287, 3.377, 4.31, 4.163, 4.297, 4.507, 5.006, 5.503, 5.362, 6.078, 5.888, 4.97, 4.242, 4.254, 4.84, 5.339, 4.955, 6.07], [2.741, 3.108, 3.989, 5.747, 6.873, 7.819, 9.583, 11.583, 12.829, 12.751, 12.428, 12.154, 11.411, 10.311, 9.807, 10.88, 12.247, 12.159, 11.079, 10.019, 8.623, 7.579, 6.815, 6.048, 4.776, 3.309, 1.878, 1.553, 0.0, 1.429, 2.623, 3.095, 4.654, 6.331, 5.88, 3.781, 7.161, 9.745, 8.49, 8.282, 9.762, 10.734, 9.678, 8.192, 7.023, 7.217, 6.997, 6.044, 4.315, 2.754, 2.731, 3.083, 3.248, 3.68, 3.342, 3.926, 5.426, 8.33, 10.336, 10.662, 9.879, 9.39, 9.16, 8.91, 8.375, 7.906, 7.769, 8.788, 10.589, 11.111, 10.735, 10.818, 11.172, 11.297, 11.36, 11.699, 11.31, 9.25, 7.214, 6.356, 5.828, 4.978, 3.227, 3.791, 5.432, 6.519, 6.733, 6.747, 7.23, 7.932, 8.386, 8.502, 8.267, 7.78, 7.419, 8.68, 11.49, 13.843, 13.334, 12.795, 12.176, 11.003, 10.008, 10.739, 12.639, 14.007, 14.96, 15.239, 15.463, 14.97, 14.789, 14.461, 14.732, 15.263, 15.006, 15.19, 14.909, 15.955, 17.225, 17.39, 15.976, 13.991, 11.249, 9.356, 7.788, 7.11, 6.76, 6.739, 5.261, 3.719, 3.346, 3.597, 3.459, 2.457, 2.818, 4.009, 3.491, 2.365, 1.98, 1.838, 2.092, 3.664, 4.885, 4.85, 4.791, 4.994, 5.45, 5.521, 5.647, 6.113, 5.825, 4.614, 4.54, 4.566, 5.166, 5.352, 5.259, 6.014], [2.096, 2.702, 3.205, 4.713, 5.829, 6.777, 8.541, 10.54, 11.784, 11.709, 11.384, 11.109, 10.369, 9.265, 8.766, 9.808, 11.17, 11.114, 10.05, 9.007, 7.583, 6.512, 5.77, 5.008, 3.831, 2.726, 1.557, 1.788, 1.429, 0.0, 1.825, 2.136, 3.613, 5.287, 4.836, 3.327, 7.543, 10.174, 8.908, 8.673, 10.258, 11.215, 10.066, 8.567, 7.371, 7.476, 7.339, 6.409, 4.559, 2.735, 2.355, 2.636, 2.772, 3.089, 2.817, 3.267, 4.588, 7.238, 9.297, 9.615, 8.825, 8.343, 8.106, 7.872, 7.349, 6.891, 6.72, 7.748, 9.536, 10.075, 9.71, 9.764, 10.119, 10.261, 10.314, 10.668, 10.275, 8.223, 6.159, 5.461, 4.902, 4.124, 2.451, 3.738, 5.653, 6.856, 7.058, 7.088, 7.712, 8.582, 9.19, 9.106, 9.101, 8.807, 8.378, 9.502, 12.354, 14.352, 13.828, 13.354, 12.786, 11.526, 10.507, 11.269, 13.277, 14.995, 15.962, 16.283, 16.333, 15.935, 15.596, 15.121, 15.531, 16.117, 16.01, 16.214, 15.978, 17.003, 18.248, 18.478, 16.928, 14.988, 12.264, 10.271, 8.624, 7.812, 7.529, 7.502, 5.874, 3.843, 3.388, 3.635, 3.217, 2.149, 2.055, 2.976, 2.472, 1.844, 1.474, 1.285, 2.191, 4.18, 5.283, 5.162, 4.912, 5.238, 5.678, 5.961, 6.041, 6.544, 6.352, 5.261, 4.8, 4.792, 5.255, 5.581, 5.246, 6.455], [2.098, 2.088, 2.274, 3.642, 4.477, 5.465, 7.193, 9.193, 10.432, 10.358, 10.032, 9.757, 9.021, 7.927, 7.418, 8.556, 9.932, 9.833, 8.735, 7.658, 6.439, 5.522, 4.553, 3.828, 2.714, 2.223, 2.053, 2.191, 2.623, 1.825, 0.0, 1.131, 2.358, 3.982, 3.573, 2.919, 7.955, 11.048, 9.168, 8.98, 11.127, 12.351, 10.635, 8.879, 7.676, 7.699, 7.781, 6.619, 5.031, 3.022, 2.274, 2.31, 2.393, 2.207, 2.076, 2.761, 3.693, 6.105, 7.969, 8.276, 7.493, 7.004, 6.774, 6.525, 5.996, 5.478, 5.459, 6.407, 8.216, 8.772, 8.383, 8.451, 8.809, 8.954, 9.004, 9.36, 8.965, 6.925, 5.005, 4.56, 4.098, 3.226, 1.892, 3.692, 5.952, 7.431, 7.549, 7.544, 8.401, 9.707, 10.471, 10.42, 10.405, 10.108, 9.698, 10.801, 13.646, 15.247, 14.7, 14.217, 13.702, 12.519, 11.431, 12.223, 14.426, 16.215, 17.188, 17.522, 17.481, 17.149, 16.695, 16.157, 16.65, 17.298, 17.255, 17.428, 17.246, 18.277, 19.545, 19.75, 18.175, 16.301, 13.529, 11.493, 9.861, 8.949, 8.623, 8.631, 6.768, 4.341, 3.736, 4.041, 3.685, 2.547, 2.197, 2.436, 2.122, 2.037, 1.985, 2.051, 3.021, 5.216, 5.923, 5.553, 5.482, 5.79, 6.453, 6.979, 7.089, 7.588, 7.108, 5.998, 4.957, 4.922, 5.491, 5.944, 5.321, 7.089], [2.431, 2.418, 2.443, 3.122, 3.997, 4.88, 6.546, 8.506, 9.746, 9.668, 9.363, 9.071, 8.333, 7.231, 6.893, 8.143, 9.492, 9.238, 8.257, 7.212, 6.14, 5.139, 3.996, 3.321, 2.331, 1.948, 2.111, 2.712, 3.095, 2.136, 1.131, 0.0, 1.889, 3.333, 2.927, 3.345, 8.352, 11.542, 9.626, 9.561, 11.738, 12.945, 11.219, 9.272, 8.071, 8.311, 8.207, 7.007, 5.517, 3.706, 2.708, 2.617, 2.642, 2.494, 2.035, 2.711, 3.366, 5.619, 7.366, 7.598, 6.838, 6.332, 6.111, 5.919, 5.482, 5.005, 4.844, 5.789, 7.559, 8.073, 7.74, 7.79, 8.126, 8.25, 8.316, 8.655, 8.269, 6.231, 4.412, 4.179, 3.675, 2.873, 2.165, 4.021, 6.303, 7.812, 8.041, 8.027, 8.943, 10.34, 11.129, 11.058, 11.098, 10.801, 10.398, 11.486, 14.34, 15.842, 15.186, 14.659, 14.133, 13.122, 12.1, 12.832, 15.107, 16.938, 17.913, 18.254, 18.161, 17.773, 17.199, 16.653, 17.19, 17.863, 17.872, 18.124, 17.988, 18.953, 20.267, 20.465, 18.742, 16.962, 14.271, 12.198, 10.471, 9.475, 9.119, 9.149, 7.334, 4.96, 4.063, 4.312, 4.011, 2.893, 2.076, 2.294, 1.911, 1.887, 2.263, 2.547, 3.698, 5.919, 6.579, 6.205, 6.098, 6.559, 7.182, 7.68, 7.782, 8.282, 7.658, 6.491, 5.381, 5.185, 5.882, 6.301, 5.711, 7.802], [3.516, 3.041, 2.908, 2.721, 3.152, 3.807, 5.3, 7.009, 8.195, 8.242, 7.959, 7.654, 6.926, 6.005, 5.773, 7.303, 8.64, 8.495, 7.375, 6.333, 5.605, 4.654, 3.351, 2.405, 2.005, 2.399, 3.445, 4.189, 4.654, 3.613, 2.358, 1.889, 0.0, 1.953, 2.235, 3.458, 9.674, 13.03, 11.089, 10.993, 13.219, 14.364, 12.606, 10.5, 9.336, 9.511, 9.641, 8.2, 7.001, 5.179, 4.189, 3.965, 3.892, 3.355, 2.997, 2.68, 2.81, 4.798, 6.437, 6.271, 5.448, 4.93, 4.69, 4.503, 4.203, 4.206, 3.926, 4.673, 6.435, 6.88, 6.743, 6.737, 6.956, 7.033, 7.039, 7.37, 6.999, 5.05, 3.903, 3.864, 3.511, 2.924, 3.335, 5.466, 7.485, 8.999, 9.326, 9.356, 10.47, 11.904, 12.668, 12.633, 12.659, 12.365, 11.95, 13.045, 15.894, 17.336, 16.469, 15.894, 15.458, 14.551, 13.632, 14.324, 16.52, 18.412, 19.424, 19.768, 19.651, 19.262, 18.506, 18.004, 18.569, 19.343, 19.386, 19.635, 19.497, 20.482, 21.802, 22.007, 20.267, 18.501, 15.767, 13.623, 11.928, 10.908, 10.642, 10.686, 8.766, 6.427, 5.161, 5.074, 4.794, 4.046, 2.485, 2.054, 2.078, 3.074, 3.651, 4.039, 5.161, 7.446, 8.142, 7.711, 7.598, 7.959, 8.64, 9.164, 9.342, 9.821, 9.133, 7.906, 6.747, 6.447, 7.265, 7.706, 7.056, 9.246], [5.212, 4.419, 3.373, 2.416, 2.392, 2.373, 3.772, 5.414, 6.574, 6.673, 6.378, 6.099, 5.394, 4.503, 4.209, 5.741, 7.065, 6.931, 5.816, 4.755, 4.008, 3.186, 2.118, 1.851, 2.045, 3.216, 5.072, 5.866, 6.331, 5.287, 3.982, 3.333, 1.953, 0.0, 1.317, 4.627, 11.351, 14.708, 12.766, 12.67, 14.896, 16.041, 14.284, 12.178, 11.014, 11.188, 11.319, 9.877, 8.678, 6.825, 5.817, 5.538, 5.198, 4.401, 4.031, 3.753, 3.338, 3.758, 4.927, 4.751, 3.994, 3.292, 3.104, 2.945, 2.856, 2.991, 2.77, 3.339, 4.871, 5.343, 5.262, 5.301, 5.439, 5.48, 5.404, 5.702, 5.329, 3.777, 3.372, 3.983, 3.948, 3.448, 4.546, 7.139, 9.2, 10.71, 11.003, 11.04, 12.172, 13.581, 14.345, 14.31, 14.339, 14.042, 13.628, 14.732, 17.58, 19.013, 18.176, 17.592, 17.136, 16.229, 15.31, 16.002, 18.197, 20.09, 21.102, 21.445, 21.329, 20.94, 20.215, 19.695, 20.246, 21.021, 21.064, 21.312, 21.175, 22.16, 23.479, 23.684, 21.945, 20.179, 17.444, 15.3, 13.605, 12.586, 12.32, 12.363, 10.444, 8.104, 6.685, 6.371, 6.155, 5.501, 3.798, 2.519, 3.169, 4.488, 5.205, 5.714, 6.839, 9.126, 9.826, 9.438, 9.337, 9.69, 10.347, 10.849, 11.025, 11.524, 10.849, 9.587, 8.337, 8.219, 9.111, 9.449, 8.748, 10.961], [4.798, 4.006, 2.673, 1.653, 2.263, 2.541, 4.017, 5.774, 7.052, 6.971, 6.724, 6.503, 5.766, 4.825, 4.429, 5.983, 7.309, 7.204, 6.142, 5.11, 4.492, 3.897, 2.8, 2.337, 1.955, 3.016, 4.621, 5.415, 5.88, 4.836, 3.573, 2.927, 2.235, 1.317, 0.0, 4.266, 10.904, 14.257, 12.315, 12.22, 14.445, 15.59, 13.838, 11.732, 10.572, 10.737, 10.868, 9.426, 8.227, 6.374, 5.38, 5.093, 4.783, 4.059, 3.821, 4.017, 4.023, 4.51, 5.427, 5.189, 4.286, 3.739, 3.62, 3.36, 3.34, 3.426, 3.286, 4.144, 5.438, 5.944, 6.02, 6.067, 6.168, 6.105, 5.97, 6.081, 5.666, 4.342, 4.168, 4.727, 4.627, 3.771, 4.344, 6.744, 8.828, 10.295, 10.559, 10.629, 11.738, 