[[0.0, 1.813, 2.764, 1.519, 1.811, 2.651, 3.333, 4.574, 5.501, 5.626, 5.896, 6.908, 8.109, 8.01, 5.596, 5.47, 8.314, 13.02, 15.982, 14.64, 13.195, 14.297, 14.466, 14.824, 14.94, 12.824, 10.244, 12.807, 12.277, 6.614, 2.449, 2.045, 2.541, 3.231, 3.863, 3.431, 3.245, 3.385, 3.583, 4.667, 5.504, 5.7, 5.392, 4.966, 4.894, 4.293, 4.967, 5.755, 5.963, 5.502, 3.345, 3.37, 3.422, 4.059, 5.782, 5.281, 5.546, 5.764, 6.575, 5.944, 5.259, 4.962, 5.299, 5.894, 5.062, 5.443, 6.103, 4.641, 3.875, 4.876, 5.928, 5.434, 4.622, 4.857, 4.979, 7.192, 9.907, 8.585, 7.641, 8.182, 7.813, 5.631, 5.039, 4.592, 3.591, 2.898, 2.37, 2.615, 3.855, 4.364, 4.105, 4.514, 6.269, 7.649, 6.68, 5.23, 4.692, 4.908, 4.144, 4.132, 3.875, 3.384, 3.934, 1.923, 6.147, 8.039, 8.531, 9.154, 9.605, 11.133, 12.556, 12.395, 11.853, 10.832, 9.996, 8.387, 6.307, 5.318, 5.716, 5.893, 5.399, 4.301, 5.182, 5.548, 4.857, 3.259, 2.828, 3.56, 4.012, 6.471, 7.219, 4.982, 4.23, 3.837, 3.63, 2.962, 1.988, 2.011, 1.998, 2.605, 1.801, 1.492, 2.298, 3.138, 3.017, 3.465], [1.813, 0.0, 1.438, 1.478, 2.156, 2.012, 2.35, 3.572, 4.393, 4.399, 4.786, 5.832, 6.897, 6.736, 4.598, 4.232, 6.875, 11.563, 14.489, 13.181, 11.719, 12.853, 13.006, 13.333, 13.483, 11.414, 8.86, 11.397, 10.852, 5.185, 1.965, 2.543, 3.696, 4.369, 4.973, 3.853, 3.752, 3.968, 4.083, 4.759, 5.613, 5.742, 5.567, 5.089, 4.828, 4.159, 5.204, 6.296, 6.417, 5.737, 3.405, 3.064, 3.219, 4.407, 6.451, 5.598, 5.016, 4.758, 5.575, 5.403, 5.011, 5.143, 5.174, 5.346, 4.583, 4.618, 5.391, 4.419, 3.307, 3.655, 4.584, 4.091, 3.399, 3.823, 3.624, 5.815, 8.517, 7.158, 6.223, 6.763, 6.4, 4.245, 3.618, 3.207, 2.82, 2.334, 2.239, 2.158, 3.155, 4.041, 3.93, 4.177, 5.856, 7.251, 6.543, 5.471, 5.653, 6.213, 5.134, 4.983, 4.239, 3.835, 3.708, 2.398, 7.471, 9.458, 9.782, 10.314, 10.691, 12.304, 13.744, 13.557, 13.094, 12.123, 11.235, 9.849, 7.506, 6.288, 6.87, 7.056, 6.487, 5.38, 6.204, 6.735, 5.947, 3.823, 2.848, 3.258, 3.076, 5.169, 5.972, 3.645, 3.037, 2.709, 2.637, 2.187, 1.251, 1.678, 1.557, 2.124, 2.015, 2.459, 1.914, 2.403, 2.382, 2.616], [2.764, 1.438, 0.0, 2.106, 2.485, 1.824, 1.472, 2.649, 3.603, 3.441, 3.776, 4.778, 5.89, 5.76, 3.75, 3.306, 5.801, 10.465, 13.396, 12.098, 10.653, 11.758, 11.93, 12.289, 12.433, 10.32, 7.737, 10.296, 9.747, 4.26, 2.046, 3.597, 4.781, 5.474, 6.041, 4.701, 4.107, 4.499, 4.33, 4.531, 5.263, 5.391, 5.231, 4.732, 4.472, 3.857, 5.022, 6.252, 6.403, 5.473, 3.184, 2.522, 3.117, 4.564, 6.548, 5.484, 4.44, 3.723, 4.549, 4.778, 4.616, 4.914, 5.077, 4.806, 4.011, 3.964, 4.756, 4.04, 2.864, 2.618, 3.524, 3.158, 2.761, 3.148, 2.98, 4.726, 7.414, 6.049, 5.108, 5.654, 5.279, 3.131, 2.873, 2.426, 2.157, 2.089, 2.53, 2.293, 2.492, 3.58, 3.531, 3.619, 5.307, 6.654, 6.141, 5.17, 6.555, 6.938, 5.997, 5.751, 4.646, 3.961, 3.195, 3.321, 8.521, 10.52, 10.857, 11.159, 11.621, 13.21, 14.629, 14.454, 14.018, 13.08, 12.165, 10.918, 8.419, 7.121, 7.439, 7.511, 6.894, 5.942, 7.123, 7.8, 6.992, 4.727, 3.001, 2.828, 2.297, 4.198, 5.027, 2.76, 2.239, 1.939, 1.924, 2.07, 1.846, 2.106, 2.181, 1.821, 2.259, 3.381, 2.01, 1.893, 2.142, 2.203], [1.519, 1.478, 2.106, 0.0, 1.199, 1.798, 2.457, 3.38, 4.747, 4.903, 5.258, 6.096, 7.512, 7.319, 4.569, 4.594, 7.584, 12.27, 15.159, 13.886, 12.474, 13.538, 13.713, 14.065, 14.233, 12.091, 9.529, 12.066, 11.494, 5.861, 2.203, 2.023, 3.04, 3.686, 4.184, 3.18, 2.945, 3.201, 3.355, 3.825, 4.547, 4.678, 4.494, 4.016, 3.857, 3.239, 4.1, 5.039, 5.213, 4.6, 2.476, 2.492, 2.454, 3.359, 5.242, 4.499, 4.505, 4.789, 5.45, 4.847, 4.277, 4.066, 4.252, 4.828, 4.046, 4.388, 5.145, 3.666, 2.764, 4.055, 5.172, 4.747, 3.914, 4.089, 4.203, 6.49, 9.206, 7.805, 6.881, 7.382, 7.058, 4.918, 4.208, 3.787, 2.691, 1.785, 1.399, 1.836, 2.947, 3.38, 3.047, 3.46, 5.183, 6.582, 5.647, 4.343, 4.584, 5.142, 4.039, 3.832, 3.06, 2.645, 3.099, 2.357, 6.933, 8.804, 9.09, 9.329, 9.708, 11.374, 12.775, 12.593, 12.219, 11.277, 10.38, 9.144, 6.632, 5.168, 5.62, 5.774, 5.239, 4.097, 5.224, 5.909, 5.137, 3.043, 1.947, 2.748, 3.189, 5.95, 6.879, 4.487, 4.023, 3.581, 3.25, 2.277, 1.596, 2.318, 1.748, 1.702, 1.132, 1.756, 1.509, 2.856, 2.39, 2.737], [1.811, 2.156, 2.485, 1.199, 0.0, 1.875, 2.714, 3.815, 5.225, 5.319, 5.518, 6.299, 7.758, 7.524, 5.037, 4.878, 8.013, 12.666, 15.711, 14.327, 12.991, 14.035, 14.252, 14.654, 14.661, 12.516, 9.915, 12.49, 12.04, 6.269, 2.38, 1.912, 2.545, 3.264, 3.722, 2.783, 2.528, 2.713, 2.681, 3.265, 4.081, 4.251, 4.076, 3.537, 3.684, 3.013, 3.603, 4.65, 4.899, 4.132, 2.276, 2.316, 2.239, 2.912, 4.918, 4.128, 4.548, 4.959, 5.577, 4.945, 4.262, 3.885, 4.224, 4.922, 4.123, 4.49, 5.288, 3.706, 2.963, 4.522, 5.662, 5.148, 4.342, 4.57, 4.719, 6.961, 9.682, 8.291, 7.247, 7.925, 7.498, 5.292, 4.679, 4.284, 3.133, 1.983, 1.704, 2.367, 3.431, 3.711, 2.908, 3.407, 5.253, 6.534, 5.422, 3.855, 4.205, 4.662, 3.81, 3.597, 2.896, 2.456, 3.433, 2.872, 6.558, 8.349, 8.604, 8.914, 9.327, 10.961, 12.318, 12.19, 11.783, 10.854, 9.867, 8.622, 6.096, 4.824, 5.252, 5.367, 4.747, 3.722, 4.895, 5.583, 4.787, 2.772, 1.71, 2.69, 3.355, 6.338, 7.202, 4.801, 4.34, 3.934, 3.57, 2.89, 2.245, 2.62, 2.274, 1.911, 1.161, 1.395, 1.523, 3.24, 2.827, 3.126], [2.651, 2.012, 1.824, 1.798, 1.875, 0.0, 1.35, 2.448, 3.727, 3.951, 4.191, 4.934, 6.388, 6.192, 3.669, 3.486, 6.498, 11.139, 14.161, 12.806, 11.541, 12.54, 12.758, 13.163, 13.172, 10.944, 8.357, 10.954, 10.493, 4.948, 1.431, 2.887, 4.069, 4.767, 5.216, 4.028, 3.346, 3.738, 3.311, 3.375, 3.944, 4.108, 4.075, 3.559, 3.326, 2.639, 3.984, 5.398, 5.667, 4.393, 2.503, 1.662, 2.374, 3.596, 5.983, 4.492, 3.631, 3.665, 4.397, 4.024, 3.694, 3.783, 4.245, 4.216, 3.428, 3.686, 4.111, 2.969, 1.98, 3.125, 4.186, 3.73, 2.882, 3.169, 3.522, 5.428, 8.128, 6.763, 5.709, 6.396, 5.948, 3.751, 3.177, 2.916, 1.863, 1.828, 2.194, 2.357, 2.239, 2.851, 2.433, 2.712, 4.46, 5.723, 4.971, 4.086, 5.764, 6.272, 5.466, 5.166, 4.045, 3.387, 2.559, 3.363, 7.945, 9.828, 10.096, 10.534, 10.905, 12.452, 13.893, 13.8, 13.291, 12.35, 11.405, 10.159, 7.643, 6.392, 6.831, 6.955, 6.293, 5.312, 6.469, 7.096, 6.325, 4.078, 2.342, 1.837, 2.071, 4.912, 5.729, 3.341, 2.837, 2.512, 2.111, 1.947, 2.112, 2.668, 2.115, 1.347, 1.813, 2.816, 1.897, 1.704, 1.723, 1.757], [3.333, 2.35, 1.472, 2.457, 2.714, 1.35, 0.0, 1.776, 3.172, 3.323, 3.714, 4.455, 5.838, 5.732, 3.25, 3.162, 5.789, 10.427, 13.273, 12.093, 10.716, 11.736, 11.949, 12.304, 12.463, 10.23, 7.614, 10.192, 9.558, 4.241, 1.784, 3.822, 4.952, 5.647, 6.178, 4.926, 4.24, 4.664, 4.264, 4.262, 4.801, 4.882, 4.819, 4.292, 3.832, 3.398, 4.811, 6.246, 6.48, 5.152, 3.078, 1.948, 3.084, 4.405, 6.728, 5.214, 3.588, 3.238, 3.847, 3.944, 4.048, 4.565, 4.798, 4.203, 3.62, 3.517, 3.972, 3.3, 2.555, 2.529, 3.456, 3.141, 2.725, 2.788, 3.283, 4.573, 7.244, 5.88, 4.948, 5.447, 5.037, 3.018, 2.665, 2.465, 1.942, 1.994, 2.677, 2.797, 2.262, 2.932, 2.954, 2.784, 4.377, 5.76, 5.298, 4.813, 6.637, 7.163, 6.313, 6.071, 4.829, 4.114, 3.019, 3.932, 8.657, 10.72, 11.008, 11.389, 11.663, 13.174, 14.627, 14.566, 14.074, 13.197, 12.37, 11.123, 8.597, 7.265, 7.689, 7.825, 7.177, 6.155, 7.253, 7.818, 7.113, 4.887, 3.065, 2.168, 1.835, 4.201, 4.992, 2.672, 2.144, 1.96, 1.628, 1.923, 2.214, 2.513, 2.558, 1.632, 2.657, 3.641, 2.368, 1.419, 1.76, 1.856], [4.574, 3.572, 2.649, 3.38, 3.815, 2.448, 1.776, 0.0, 2.041, 2.357, 2.97, 3.527, 4.801, 4.668, 2.382, 2.438, 4.775, 9.412, 12.172, 11.147, 10.016, 10.878, 11.075, 11.384, 11.54, 9.343, 7.154, 9.103, 8.602, 4.269, 2.892, 5.009, 6.199, 6.84, 7.365, 6.028, 5.26, 5.845, 5.406, 4.444, 4.034, 4.234, 4.286, 4.069, 3.166, 2.922, 4.585, 6.33, 6.363, 4.512, 2.913, 2.262, 3.452, 5.084, 6.824, 5.162, 2.591, 2.723, 2.974, 2.902, 3.785, 3.868, 4.026, 3.448, 3.104, 2.937, 3.032, 2.459, 2.027, 1.713, 2.691, 2.26, 1.949, 1.926, 3.004, 3.754, 6.104, 4.747, 3.82, 4.223, 3.897, 2.148, 2.014, 1.911, 1.687, 2.44, 2.961, 2.894, 1.899, 1.972, 2.359, 1.961, 3.224, 4.57, 4.323, 4.381, 7.396, 8.272, 7.181, 6.578, 5.428, 4.359, 2.366, 5.01, 9.829, 11.959, 12.273, 12.425, 12.591, 14.129, 15.539, 15.543, 15.256, 14.388, 13.573, 12.345, 9.761, 7.627, 7.64, 7.863, 7.406, 6.562, 8.256, 8.96, 8.267, 6.068, 3.798, 2.442, 1.852, 4.12, 4.804, 3.192, 2.874, 2.623, 1.925, 2.342, 3.265, 3.762, 3.773, 2.521, 3.491, 4.864, 3.133, 2.17, 2.4, 1.946], [5.501, 4.393, 3.603, 4.747, 5.225, 3.727, 3.172, 2.041, 0.0, 1.561, 2.175, 2.614, 3.592, 3.327, 1.899, 2.03, 3.571, 8.202, 10.835, 10.241, 9.139, 9.982, 9.979, 10.212, 10.38, 8.303, 6.531, 7.919, 7.783, 3.942, 3.939, 6.354, 7.565, 8.205, 8.722, 7.386, 6.649, 7.201, 6.796, 5.314, 4.405, 4.99, 5.364, 5.258, 3.807, 3.728, 5.546, 7.549, 7.325, 5.477, 3.84, 3.57, 4.766, 6.284, 8.057, 6.438, 3.116, 2.999, 2.896, 3.474, 4.617, 4.787, 4.482, 3.915, 3.584, 3.362, 2.816, 2.823, 2.709, 1.565, 2.102, 2.067, 1.638, 1.731, 2.769, 3.475, 4.619, 3.286, 2.781, 3.205, 2.519, 1.925, 1.755, 2.129, 2.492, 3.755, 4.227, 3.572, 2.162, 2.024, 2.967, 2.244, 2.536, 3.734, 3.729, 5.232, 8.746, 9.626, 8.543, 7.866, 6.808, 5.691, 2.746, 5.693, 11.31, 13.346, 13.697, 13.777, 13.981, 15.465, 16.872, 16.887, 16.61, 15.725, 14.939, 13.686, 11.125, 8.831, 8.371, 8.627, 8.306, 7.866, 9.618, 10.362, 9.702, 7.45, 5.174, 3.46, 2.559, 3.424, 4.206, 3.367, 3.369, 3.288, 2.471, 3.093, 4.173, 4.617, 4.3, 3.767, 4.693, 6.158, 4.618, 2.725, 3.028, 2.552], [5.626, 4.399, 3.441, 4.903, 5.319, 3.951, 3.323, 2.357, 1.561, 0.0, 1.157, 1.855, 2.786, 2.769, 1.833, 1.779, 3.285, 7.915, 10.739, 9.672, 8.589, 9.442, 9.563, 9.88, 10.028, 7.807, 6.153, 7.675, 7.292, 3.651, 4.145, 6.274, 7.497, 8.128, 8.612, 7.317, 6.61, 7.137, 6.769, 5.302, 4.327, 4.829, 5.295, 5.22, 3.658, 3.659, 5.65, 7.636, 7.401, 5.632, 3.97, 3.715, 4.735, 6.454, 8.147, 6.504, 3.146, 2.202, 2.584, 3.728, 5.028, 4.849, 4.937, 4.453, 4.246, 3.884, 3.286, 2.961, 2.723, 1.248, 1.784, 2.119, 2.346, 2.902, 3.436, 3.823, 4.868, 3.434, 2.933, 3.587, 2.808, 2.281, 2.513, 2.747, 3.135, 4.208, 4.74, 4.237, 2.994, 2.513, 3.287, 2.604, 2.879, 3.856, 4.02, 5.533, 8.677, 9.59, 8.555, 8.054, 7.085, 6.164, 3.669, 6.348, 11.684, 13.477, 13.745, 13.714, 14.001, 15.549, 16.901, 16.882, 16.54, 15.651, 14.903, 13.622, 11.037, 8.833, 8.787, 8.96, 8.568, 7.822, 9.548, 10.291, 9.567, 7.362, 5.084, 3.443, 2.298, 3.09, 3.802, 2.965, 2.922, 2.864, 2.782, 3.613, 4.566, 4.735, 4.817, 4.237, 4.748, 6.179, 4.885, 3.233, 3.539, 3.068], [5.896, 4.786, 3.776, 5.258, 5.518, 4.191, 3.714, 2.97, 2.175, 1.157, 0.0, 1.552, 2.609, 2.477, 2.023, 2.001, 3.044, 7.682, 10.745, 9.452, 8.612, 9.292, 9.32, 9.681, 9.663, 7.559, 6.274, 7.787, 7.496, 3.822, 4.318, 6.224, 7.5, 8.148, 8.601, 7.315, 6.612, 7.131, 6.745, 5.365, 4.573, 5.042, 5.535, 5.59, 3.997, 3.921, 5.942, 7.844, 7.555, 6.021, 4.205, 4.061, 4.914, 6.753, 8.437, 6.768, 3.696, 2.241, 2.785, 4.265, 5.45, 5.184, 5.449, 4.964, 4.801, 4.338, 3.488, 3.103, 3.116, 1.694, 1.92, 2.362, 2.943, 3.616, 4.25, 4.563, 5.098, 3.614, 3.319, 4.163, 3.118, 2.896, 3.247, 3.388, 3.631, 4.612, 5.167, 4.66, 3.528, 3.172, 3.739, 3.115, 3.055, 3.737, 4.09, 6.056, 8.79, 9.641, 8.768, 8.318, 7.543, 6.702, 4.18, 6.545, 11.845, 13.575, 13.897, 13.823, 14.213, 15.89, 17.212, 16.997, 16.742, 15.743, 14.865, 13.609, 11.008, 9.12, 9.125, 9.182, 8.802, 7.996, 9.705, 10.467, 9.721, 7.502, 5.269, 3.594, 2.553, 3.002, 3.728, 3.178, 3.258, 3.068, 3.144, 4.035, 4.92, 4.945, 5.24, 4.433, 4.886, 6.26, 5.039, 3.515, 3.779, 3.245], [6.908, 5.832, 4.778, 6.096, 6.299, 4.934, 4.455, 3.527, 2.614, 1.855, 1.552, 0.0, 1.727, 1.78, 2.219, 2.315, 2.46, 6.717, 9.709, 9.054, 8.578, 8.911, 8.707, 8.806, 8.824, 6.879, 6.134, 7.027, 7.181, 4.318, 5.234, 7.314, 8.551, 9.226, 9.666, 8.39, 7.667, 8.193, 7.768, 6.324, 5.311, 5.874, 6.345, 6.35, 4.859, 4.655, 6.566, 8.606, 8.351, 6.634, 4.852, 4.682, 5.781, 7.565, 9.252, 7.6, 4.329, 2.714, 2.754, 4.687, 6.047, 5.789, 5.882, 5.278, 5.105, 4.6, 3.497, 3.346, 3.797, 2.444, 2.493, 3.277, 3.552, 3.96, 4.685, 4.47, 4.905, 3.312, 3.254, 4.025, 2.972, 3.336, 3.805, 4.159, 4.392, 5.333, 5.776, 5.39, 4.115, 3.468, 4.135, 3.519, 2.871, 3.206, 4.065, 6.508, 9.741, 10.628, 9.652, 9.001, 8.169, 7.165, 4.765, 7.615, 12.687, 14.463, 14.814, 14.828, 15.145, 16.727, 18.068, 18.041, 17.718, 16.796, 15.924, 14.659, 12.084, 9.841, 9.563, 9.782, 9.497, 8.95, 10.711, 11.524, 10.772, 8.533, 6.255, 4.492, 3.444, 3.422, 4.074, 3.855, 3.985, 3.946, 4.172, 5.053, 6.005, 5.995, 6.2, 5.342, 5.796, 7.211, 5.934, 4.578, 4.798, 4.265], [8.109, 6.897, 5.89, 7.512, 7.758, 6.388, 5.838, 4.801, 3.592, 2.786, 2.609, 1.727, 0.0, 1.438, 3.194, 3.176, 2.499, 5.445, 8.286, 8.118, 7.726, 7.966, 7.687, 7.569, 7.729, 5.875, 5.422, 6.03, 6.374, 4.599, 6.659, 8.753, 9.963, 10.638, 11.103, 9.802, 9.061, 9.607, 9.154, 7.668, 6.659, 7.3, 7.74, 7.748, 6.244, 6.062, 7.896, 10.01, 9.701, 7.987, 6.348, 6.173, 7.185, 8.899, 10.538, 8.978, 5.656, 3.62, 3.355, 5.924, 7.273, 7.121, 7.048, 6.371, 6.238, 5.648, 4.428, 4.624, 5.148, 3.539, 3.278, 3.941, 4.44, 4.631, 5.061, 4.605, 4.23, 3.085, 3.506, 3.734, 2.831, 3.986, 4.61, 5.068, 5.548, 6.73, 7.206, 6.622, 5.161, 4.61, 5.501, 4.816, 3.888, 4.079, 5.147, 7.718, 11.138, 12.014, 11.059, 10.438, 9.602, 8.45, 5.829, 8.727, 14.156, 15.919, 16.139, 16.241, 16.581, 18.09, 19.454, 19.421, 19.124, 18.205, 17.338, 16.092, 13.519, 11.243, 10.75, 10.945, 10.741, 10.275, 12.116, 12.929, 12.189, 9.941, 7.717, 5.94, 4.779, 3.374, 3.682, 4.243, 4.674, 4.81, 5.348, 6.246, 7.206, 7.257, 7.396, 6.73, 7.297, 8.701, 7.357, 5.768, 6.054, 5.536], [8.01, 6.736, 5.76, 7.319, 7.524, 6.192, 5.732, 4.668, 3.327, 2.769, 2.477, 1.78, 1.438, 0.0, 2.974, 2.857, 2.572, 6.253, 8.973, 9.176, 8.795, 9.053, 8.771, 8.532, 8.64, 6.916, 6.331, 7.11, 7.453, 5.1, 6.481, 8.49, 9.777, 10.452, 10.905, 9.616, 8.86, 9.418, 8.898, 7.426, 6.401, 7.108, 7.611, 7.577, 6.099, 5.881, 7.732, 9.716, 9.491, 7.745, 6.127, 6.048, 7.001, 8.649, 10.331, 8.829, 5.429, 3.877, 3.475, 5.568, 6.865, 6.9, 6.498, 5.668, 5.621, 4.947, 3.552, 4.423, 4.928, 3.466, 3.4, 3.855, 4.382, 4.411, 4.654, 4.698, 4.649, 3.44, 3.358, 3.782, 2.927, 3.964, 4.53, 5.043, 5.493, 6.589, 7.031, 6.42, 5.024, 4.402, 5.303, 4.6, 3.328, 3.361, 4.593, 7.523, 11.005, 11.82, 10.838, 10.192, 9.413, 8.293, 5.707, 8.689, 13.956, 15.697, 15.963, 16.03, 16.425, 17.855, 19.26, 19.256, 18.958, 18.028, 17.095, 15.841, 13.305, 11.053, 10.4, 10.56, 10.378, 10.086, 11.956, 12.774, 12.003, 9.756, 7.511, 5.769, 4.602, 3.677, 4.477, 4.621, 4.889, 4.772, 5.346, 6.25, 7.183, 7.237, 7.331, 6.533, 7.067, 8.444, 7.117, 5.674, 5.915, 5.364], [5.596, 4.598, 3.75, 4.569, 5.037, 3.669, 3.25, 2.382, 1.899, 1.833, 2.023, 2.219, 3.194, 2.974, 0.0, 1.156, 3.698, 8.378, 11.076, 10.781, 9.986, 10.604, 10.395, 10.323, 10.619, 8.685, 7.686, 8.6, 8.621, 5.126, 4.06, 5.953, 7.172, 7.801, 8.295, 6.983, 6.222, 6.787, 6.342, 4.871, 3.927, 4.478, 4.936, 4.956, 3.321, 3.241, 5.128, 7.261, 6.866, 5.216, 3.656, 3.495, 4.524, 6.168, 7.699, 6.148, 2.96, 2.818, 2.714, 3.563, 4.519, 4.391, 4.175, 3.543, 3.417, 2.893, 2.059, 1.946, 2.372, 1.795, 3.188, 2.859, 2.464, 2.501, 3.448, 4.387, 5.501, 4.015, 3.538, 4.488, 3.695, 2.851, 2.842, 3.011, 3.02, 4.037, 4.519, 4.076, 2.838, 1.815, 2.777, 2.694, 1.921, 3.027, 2.765, 4.968, 8.393, 9.187, 8.176, 7.607, 6.7, 5.731, 3.366, 6.428, 11.428, 13.064, 13.315, 13.371, 13.706, 15.257, 16.629, 16.505, 16.224, 15.314, 14.544, 13.252, 10.719, 8.522, 8.018, 8.108, 7.917, 7.485, 9.229, 9.944, 9.223, 7.017, 4.756, 3.23, 2.462, 4.555, 5.295, 4.281, 4.111, 3.874, 3.259, 3.667, 4.562, 4.911, 5.004, 4.046, 4.49, 5.939, 4.627, 3.433, 3.64, 3.007], [5.47, 4.232, 3.306, 4.594, 4.878, 3.486, 3.162, 2.438, 2.03, 1.779, 2.001, 2.315, 3.176, 2.857, 1.156, 0.0, 3.469, 8.083, 11.0, 10.656, 9.808, 10.573, 10.396, 10.283, 10.365, 8.523, 7.349, 8.474, 8.627, 4.786, 3.902, 5.954, 7.229, 7.895, 8.344, 7.06, 6.289, 6.845, 6.357, 4.882, 4.068, 4.575, 5.037, 5.054, 3.648, 3.326, 5.198, 7.257, 6.947, 5.316, 3.52, 3.427, 4.486, 6.294, 7.823, 6.279, 3.331, 2.904, 2.993, 3.9, 4.701, 4.461, 4.414, 3.78, 3.596, 3.11, 2.183, 2.174, 2.37, 1.593, 2.874, 2.417, 2.028, 2.321, 2.938, 3.918, 5.361, 3.942, 3.214, 4.304, 3.54, 2.288, 2.538, 2.682, 2.846, 3.831, 4.253, 3.804, 2.659, 1.908, 2.74, 2.908, 2.565, 3.737, 3.515, 5.078, 8.459, 9.253, 8.163, 7.442, 6.671, 5.611, 3.014, 6.11, 11.255, 13.033, 13.318, 13.473, 13.903, 15.439, 16.808, 16.705, 16.421, 15.466, 14.521, 13.298, 10.753, 8.554, 8.097, 8.186, 7.956, 7.549, 9.414, 10.198, 9.449, 7.193, 4.943, 3.429, 2.447, 4.305, 5.094, 3.822, 3.732, 3.371, 3.046, 3.787, 4.64, 4.751, 4.862, 3.834, 4.379, 5.831, 4.336, 3.306, 3.592, 2.769], [8.314, 6.875, 5.801, 7.584, 8.013, 6.498, 5.789, 4.775, 3.571, 3.285, 3.044, 2.46, 2.499, 2.572, 3.698, 3.469, 0.0, 4.823, 7.916, 7.49, 7.048, 7.39, 7.236, 7.056, 7.149, 5.442, 4.818, 5.711, 5.995, 3.185, 6.685, 9.158, 10.421, 11.096, 11.563, 10.26, 9.5, 10.04, 9.557, 8.029, 7.143, 7.826, 8.298, 8.385, 6.781, 6.527, 8.492, 10.591, 10.149, 8.648, 6.564, 6.498, 7.807, 9.612, 11.156, 9.557, 6.331, 4.444, 4.369, 6.659, 8.025, 7.8, 7.803, 7.068, 6.94, 6.328, 5.037, 5.196, 5.643, 3.768, 2.603, 3.246, 4.117, 4.265, 4.435, 3.051, 3.195, 1.957, 2.053, 2.826, 2.443, 3.325, 4.0, 4.319, 5.044, 6.48, 6.883, 6.155, 4.829, 4.887, 5.842, 5.294, 4.522, 4.937, 5.849, 8.44, 11.748, 12.456, 11.301, 10.444, 9.655, 8.459, 5.047, 7.8, 13.821, 16.093, 16.494, 16.686, 17.168, 18.777, 20.132, 19.947, 19.697, 18.699, 17.736, 16.512, 13.971, 11.89, 11.485, 11.538, 11.283, 10.865, 12.683, 13.418, 12.669, 10.382, 8.106, 6.376, 5.317, 3.305, 3.047, 3.721, 4.456, 4.631, 5.159, 6.116, 7.02, 7.349, 7.295, 6.422, 7.446, 8.933, 7.06, 5.383, 5.678, 5.109], [13.02, 11.563, 10.465, 12.27, 12.666, 11.139, 10.427, 9.412, 8.202, 7.915, 7.682, 6.717, 5.445, 6.253, 8.378, 8.083, 4.823, 0.0, 3.473, 3.444, 3.181, 3.292, 3.462, 2.795, 2.636, 1.525, 2.938, 2.169, 2.466, 6.492, 11.383, 13.863, 15.111, 15.786, 16.262, 14.949, 14.18, 14.736, 14.257, 12.729, 11.788, 12.468, 12.962, 13.016, 11.438, 11.204, 13.144, 15.229, 14.865, 13.277, 11.256, 11.144, 12.433, 14.243, 15.799, 14.212, 10.979, 8.704, 8.679, 11.303, 12.678, 12.437, 12.466, 11.727, 11.6, 10.975, 9.512, 9.852, 10.276, 8.456, 7.135, 7.806, 8.767, 8.929, 9.022, 6.565, 4.081, 5.154, 6.211, 6.566, 6.231, 7.747, 8.338, 8.759, 9.66, 11.133, 11.52, 10.797, 9.478, 9.573, 10.499, 9.95, 8.997, 9.31, 10.463, 13.09, 16.386, 17.163, 15.998, 15.154, 14.311, 13.096, 9.54, 11.971, 18.519, 20.792, 21.181, 21.358, 21.82, 23.408, 24.758, 24.631, 24.346, 23.387, 22.42, 21.22, 18.656, 16.52, 16.146, 16.232, 15.958, 15.507, 17.334, 18.116, 17.366, 15.078, 12.798, 11.075, 9.951, 6.875, 6.01, 8.179, 9.005, 9.32, 9.831, 10.809, 11.728, 12.042, 11.947, 11.12, 12.146, 13.632, 11.76, 10.09, 10.366, 9.804], [15.982, 14.489, 13.396, 15.159, 15.711, 14.161, 13.273, 12.172, 10.835, 10.739, 10.745, 9.709, 8.286, 8.973, 11.076, 11.0, 7.916, 3.473, 0.0, 1.948, 3.04, 1.84, 1.888, 1.658, 2.384, 3.289, 5.815, 3.245, 3.868, 9.559, 14.454, 16.916, 18.157, 18.798, 19.311, 17.979, 17.214, 17.786, 17.326, 15.805, 14.853, 15.452, 15.965, 15.876, 14.309, 14.237, 16.135, 18.178, 17.875, 16.127, 14.317, 14.131, 15.372, 17.042, 18.636, 17.142, 13.691, 11.659, 11.326, 13.954, 15.339, 15.324, 14.941, 14.197, 14.092, 13.53, 12.113, 12.65, 13.199, 11.368, 10.161, 10.841, 11.601, 11.471, 11.515, 9.156, 6.664, 7.669, 8.814, 9.062, 8.779, 10.616, 11.12, 11.616, 12.625, 14.108, 14.555, 13.882, 12.396, 12.299, 13.425, 12.678, 11.546, 11.919, 13.018, 15.873, 19.381, 20.194, 19.005, 18.238, 17.249, 15.98, 12.482, 15.033, 21.598, 23.865, 24.18, 24.342, 24.704, 26.157, 27.551, 27.529, 27.213, 26.32, 25.481, 24.272, 21.721, 19.473, 18.863, 19.025, 18.823, 18.449, 20.229, 20.996, 20.252, 18.017, 15.714, 14.038, 12.883, 9.938, 9.075, 11.223, 11.974, 12.365, 12.736, 13.682, 14.611, 15.009, 14.834, 14.204, 15.24, 16.726, 14.854, 13.038, 13.396, 12.865], [14.64, 13.181, 12.098, 13.886, 14.327, 12.806, 12.093, 11.147, 10.241, 9.672, 9.452, 9.054, 8.118, 9.176, 10.781, 10.656, 7.49, 3.444, 1.948, 0.0, 1.658, 1.278, 1.839, 2.191, 2.736, 2.537, 4.556, 2.446, 2.769, 8.138, 12.975, 15.495, 16.712, 17.387, 17.894, 16.556, 15.782, 16.336, 15.86, 14.332, 13.503, 14.154, 14.69, 14.711, 13.104, 12.928, 15.045, 16.986, 16.627, 15.107, 13.018, 12.864, 14.126, 15.945, 17.58, 15.897, 12.744, 10.482, 10.823, 13.304, 14.532, 14.253, 14.548, 13.978, 13.752, 13.375, 12.405, 12.05, 12.106, 10.191, 8.781, 9.548, 10.635, 11.169, 11.244, 8.892, 6.432, 7.463, 8.489, 8.817, 8.401, 9.816, 10.312, 10.545, 11.393, 12.794, 13.246, 12.586, 11.431, 11.783, 12.481, 11.808, 11.782, 12.161, 12.948, 14.99, 18.052, 18.779, 17.589, 16.854, 16.008, 14.889, 11.483, 13.618, 20.121, 22.41, 22.83, 22.957, 23.482, 25.103, 26.446, 26.302, 26.014, 25.038, 24.062, 22.852, 20.304, 18.259, 18.233, 18.317, 17.842, 17.194, 18.996, 19.739, 18.995, 16.678, 14.393, 12.742, 11.649, 8.516, 7.609, 9.786, 10.604, 10.944, 11.48, 12.455, 13.343, 13.689, 13.609, 12.76, 13.749, 15.251, 13.363, 11.705, 11.963, 11.463], [13.195, 11.719, 10.653, 12.474, 12.991, 11.541, 10.716, 10.016, 9.139, 8.589, 8.612, 8.578, 7.726, 8.795, 9.986, 9.808, 7.048, 3.181, 3.04, 1.658, 0.0, 1.793, 2.48, 2.487, 3.204, 2.493, 3.467, 2.043, 1.778, 6.851, 11.599, 14.128, 15.316, 15.978, 16.543, 15.18, 14.395, 14.965, 14.489, 12.977, 12.514, 13.051, 13.607, 13.552, 11.909, 11.753, 14.063, 15.971, 15.545, 14.038, 11.83, 11.748, 13.016, 14.785, 16.462, 14.753, 11.645, 9.263, 9.744, 12.219, 13.475, 13.266, 13.449, 12.889, 12.655, 12.289, 11.617, 11.241, 10.922, 9.05, 7.597, 8.471, 9.612, 10.077, 10.143, 7.809, 5.505, 6.579, 7.547, 7.716, 7.369, 8.791, 9.218, 9.35, 10.307, 11.639, 12.188, 11.589, 10.427, 10.686, 11.504, 10.76, 11.095, 11.639, 12.224, 13.966, 16.91, 17.39, 16.241, 15.737, 14.817, 13.848, 10.511, 12.244, 18.751, 21.044, 21.435, 21.676, 22.085, 23.836, 25.179, 24.979, 24.643, 23.67, 22.745, 21.485, 19.014, 17.216, 17.251, 17.326, 16.875, 16.103, 17.623, 18.327, 17.555, 15.247, 12.946, 11.503, 10.539, 7.232, 6.249, 8.461, 9.156, 9.578, 10.018, 10.997, 11.864, 12.259, 12.194, 11.484, 12.516, 13.884, 12.001, 10.234, 10.543, 10.098], [14.297, 12.853, 11.758, 13.538, 14.035, 12.54, 11.736, 10.878, 9.982, 9.442, 9.292, 8.911, 7.966, 9.053, 10.604, 10.573, 7.39, 3.292, 1.84, 1.278, 1.793, 0.0, 1.057, 1.781, 2.319, 2.307, 4.309, 2.307, 2.586, 7.866, 12.756, 15.234, 16.46, 17.1, 17.628, 16.301, 15.529, 16.089, 15.636, 14.115, 13.367, 13.884, 14.452, 14.418, 12.801, 12.71, 14.879, 16.816, 16.491, 14.849, 12.823, 12.608, 13.885, 15.672, 17.302, 15.609, 12.512, 10.171, 10.586, 13.053, 14.271, 14.056, 14.294, 13.729, 13.495, 13.142, 12.225, 11.841, 11.817, 9.912, 8.508, 9.441, 10.405, 10.93, 10.99, 8.638, 6.215, 7.275, 8.337, 8.569, 8.184, 9.604, 10.057, 10.213, 11.135, 12.507, 13.016, 12.466, 11.25, 11.554, 12.308, 11.556, 11.592, 11.913, 12.76, 14.768, 17.793, 18.494, 17.304, 16.628, 15.663, 14.661, 11.323, 13.346, 19.904, 22.181, 22.502, 22.666, 23.091, 24.776, 26.119, 25.958, 25.648, 24.677, 23.818, 22.591, 20.034, 18.029, 18.064, 18.161, 17.748, 16.983, 18.614, 19.397, 18.636, 16.373, 14.108, 12.443, 11.421, 8.3, 7.378, 9.561, 10.302, 10.68, 11.099, 12.076, 12.996, 13.331, 13.218, 12.524, 13.558, 15.026, 13.153, 11.358, 11.695, 11.173], [14.466, 13.006, 11.93, 13.713, 14.252, 12.758, 11.949, 11.075, 9.979, 9.563, 9.32, 8.707, 7.687, 8.771, 10.395, 10.396, 7.236, 3.462, 1.888, 1.839, 2.48, 1.057, 0.0, 1.493, 2.406, 2.628, 4.662, 2.486, 3.095, 8.04, 12.863, 15.399, 16.584, 17.227, 17.8, 16.429, 15.631, 16.203, 15.752, 14.221, 13.526, 14.074, 14.606, 14.629, 13.016, 12.785, 14.943, 17.012, 16.453, 14.988, 12.801, 12.801, 14.111, 15.914, 17.489, 15.796, 12.657, 10.316, 10.547, 13.09, 14.416, 14.182, 14.263, 13.703, 13.485, 13.048, 11.979, 11.711, 11.945, 10.055, 8.658, 9.469, 10.506, 10.856, 10.958, 8.608, 6.267, 7.108, 8.232, 8.531, 8.096, 9.599, 10.075, 10.318, 11.294, 12.729, 13.235, 12.529, 11.281, 11.489, 12.346, 11.695, 11.3, 11.623, 12.58, 14.858, 18.033, 18.655, 17.418, 16.757, 15.867, 14.851, 11.415, 13.586, 20.008, 22.315, 22.712, 22.824, 23.314, 25.016, 26.358, 26.136, 25.865, 24.884, 23.987, 22.756, 20.234, 18.231, 18.095, 18.169, 17.753, 17.192, 18.841, 19.568, 18.817, 16.479, 14.188, 12.57, 11.647, 8.365, 7.504, 9.674, 10.407, 10.849, 11.3, 12.274, 13.151, 13.537, 13.441, 12.685, 13.671, 15.155, 13.27, 11.512, 11.813, 11.376], [14.824, 13.333, 12.289, 14.065, 14.654, 13.163, 12.304, 11.384, 10.212, 9.88, 9.681, 8.806, 7.569, 8.532, 10.323, 10.283, 7.056, 2.795, 1.658, 2.191, 2.487, 1.781, 1.493, 0.0, 2.022, 2.571, 4.953, 2.464, 3.169, 8.442, 13.218, 15.758, 16.946, 17.589, 18.162, 16.787, 16.007, 16.536, 16.107, 14.577, 13.896, 14.459, 14.978, 15.008, 13.343, 13.167, 15.246, 17.361, 16.765, 15.321, 13.168, 13.177, 14.496, 16.29, 17.815, 16.161, 12.951, 10.667, 10.654, 13.269, 14.712, 14.533, 14.425, 13.7, 13.571, 13.032, 11.753, 11.865, 12.287, 10.388, 9.031, 9.756, 10.824, 10.898, 10.998, 8.62, 6.165, 7.139, 8.285, 8.551, 8.244, 9.83, 10.304, 10.636, 11.68, 13.105, 13.603, 12.876, 11.507, 11.537, 12.61, 12.012, 11.086, 11.431, 12.504, 15.152, 18.413, 19.011, 17.764, 17.091, 16.232, 15.186, 11.651, 13.896, 20.341, 22.673, 23.094, 23.201, 23.675, 25.35, 26.695, 26.469, 26.222, 25.255, 24.385, 23.115, 20.624, 18.609, 18.256, 18.318, 18.053, 17.562, 19.205, 19.877, 19.149, 16.764, 14.508, 12.931, 12.024, 8.714, 7.824, 10.018, 10.741, 11.208, 11.653, 12.603, 13.48, 13.916, 13.806, 13.09, 14.011, 15.534, 13.611, 11.859, 12.18, 11.756], [14.94, 13.483, 12.433, 14.233, 14.661, 13.172, 12.463, 11.54, 10.38, 10.028, 9.663, 8.824, 7.729, 8.64, 10.619, 10.365, 7.149, 2.636, 2.384, 2.736, 3.204, 2.319, 2.406, 2.022, 0.0, 2.324, 4.927, 3.019, 3.296, 8.459, 13.287, 15.749, 17.029, 17.704, 18.192, 16.877, 16.109, 16.644, 16.125, 14.595, 13.851, 14.521, 15.017, 15.112, 13.493, 13.214, 15.281, 17.349, 16.839, 15.417, 13.155, 13.197, 14.524, 16.357, 17.937, 16.256, 13.112, 10.755, 10.915, 13.49, 14.858, 14.567, 14.685, 13.987, 13.841, 13.33, 11.991, 12.016, 12.384, 10.512, 9.11, 9.84, 10.931, 11.174, 11.273, 8.896, 6.42, 7.421, 8.465, 8.868, 8.469, 9.94, 10.501, 10.797, 11.744, 13.164, 13.602, 12.842, 11.655, 11.804, 12.682, 12.12, 11.391, 11.704, 12.809, 15.261, 18.446, 19.082, 17.902, 17.079, 16.35, 15.23, 11.719, 13.897, 20.426, 22.694, 23.122, 23.328, 23.815, 25.506, 26.849, 26.608, 26.377, 25.362, 24.381, 23.106, 20.621, 18.619, 18.353, 18.427, 18.063, 17.606, 19.344, 20.062, 19.299, 16.994, 14.733, 13.038, 12.06, 8.751, 7.918, 10.121, 10.927, 11.241, 11.772, 12.74, 13.647, 13.974, 13.942, 13.087, 14.078, 15.504, 13.626, 12.009, 12.271, 11.715], [12.824, 11.414, 10.32, 12.091, 12.516, 10.944, 10.23, 9.343, 8.303, 7.807, 7.559, 6.879, 5.875, 6.916, 8.685, 8.523, 5.442, 1.525, 3.289, 2.537, 2.493, 2.307, 2.628, 2.571, 2.324, 0.0, 2.716, 1.575, 1.754, 6.353, 11.231, 13.708, 14.959, 15.634, 16.07, 14.801, 14.028, 14.584, 14.11, 12.583, 11.729, 12.344, 12.856, 12.874, 11.318, 11.078, 13.183, 15.192, 14.883, 13.277, 11.18, 11.004, 12.281, 14.114, 15.792, 14.106, 10.922, 8.576, 8.885, 11.423, 12.716, 12.433, 12.621, 11.975, 11.791, 11.33, 10.168, 9.983, 10.182, 8.41, 7.0, 7.844, 8.807, 9.146, 9.256, 6.9, 4.418, 5.396, 6.45, 6.841, 6.429, 7.873, 8.449, 8.677, 9.54, 10.992, 11.406, 10.832, 9.629, 9.81, 10.619, 9.99, 9.526, 9.876, 10.834, 13.157, 16.225, 16.994, 15.859, 15.113, 14.203, 13.081, 9.646, 11.814, 18.367, 20.638, 20.994, 21.242, 21.63, 23.245, 24.588, 24.487, 24.161, 23.215, 22.266, 21.052, 18.503, 16.402, 16.316, 16.431, 16.076, 15.413, 17.152, 17.935, 17.196, 14.932, 12.646, 10.958, 9.851, 6.765, 5.857, 8.048, 8.853, 9.135, 9.634, 10.611, 11.532, 11.844, 11.757, 10.963, 12.025, 13.486, 11.613, 9.916, 10.222, 9.628], [10.244, 8.86, 7.737, 9.529, 9.915, 8.357, 7.614, 7.154, 6.531, 6.153, 6.274, 6.134, 5.422, 6.331, 7.686, 7.349, 4.818, 2.938, 5.815, 4.556, 3.467, 4.309, 4.662, 4.953, 4.927, 2.716, 0.0, 2.776, 2.357, 4.003, 8.645, 11.136, 12.365, 13.04, 13.508, 12.211, 11.458, 11.99, 11.537, 10.054, 9.802, 10.47, 10.855, 10.576, 9.163, 9.046, 11.173, 12.783, 12.943, 11.216, 9.475, 8.485, 9.707, 11.439, 13.394, 11.796, 8.857, 6.76, 7.265, 9.53, 10.451, 10.535, 10.884, 10.348, 9.957, 9.693, 9.176, 8.874, 8.292, 6.377, 4.924, 5.9, 6.964, 7.462, 7.494, 5.129, 3.335, 4.199, 5.059, 5.119, 4.963, 6.15, 6.496, 6.795, 7.375, 8.559, 9.034, 8.702, 7.49, 8.238, 8.915, 7.784, 8.683, 9.238, 9.804, 11.007, 13.614, 14.398, 13.278, 12.739, 11.625, 10.669, 7.683, 9.484, 15.793, 18.071, 18.404, 18.63, 19.036, 20.579, 21.922, 21.898, 21.561, 20.629, 19.696, 18.483, 15.923, 14.03, 14.268, 14.418, 13.867, 12.937, 14.562, 15.354, 14.59, 12.338, 10.192, 8.382, 7.261, 4.31, 3.568, 5.466, 6.278, 6.624, 7.14, 8.092, 8.956, 9.266, 9.163, 8.394, 9.45, 10.916, 9.149, 7.32, 7.703, 7.411], [12.807, 11.397, 10.296, 12.066, 12.49, 10.954, 10.192, 9.103, 7.919, 7.675, 7.787, 7.027, 6.03, 7.11, 8.6, 8.474, 5.711, 2.169, 3.245, 2.446, 2.043, 2.307, 2.486, 2.464, 3.019, 1.575, 2.776, 0.0, 1.239, 6.346, 11.247, 13.72, 14.941, 15.605, 16.095, 14.766, 14.0, 14.57, 14.13, 12.61, 11.648, 12.24, 12.729, 12.717, 11.198, 11.024, 12.95, 14.986, 14.712, 12.99, 11.149, 10.942, 12.176, 13.931, 15.543, 13.968, 10.667, 8.52, 8.5, 11.038, 12.387, 12.166, 12.221, 11.604, 11.399, 10.95, 10.173, 9.88, 10.057, 8.205, 6.948, 7.67, 8.478, 8.749, 8.858, 6.542, 4.33, 5.22, 6.158, 6.461, 6.138, 7.517, 8.155, 8.535, 9.456, 10.888, 11.353, 10.671, 9.304, 9.472, 10.317, 9.652, 9.581, 10.022, 10.69, 12.795, 16.145, 16.981, 15.829, 15.028, 14.09, 12.863, 9.521, 12.11, 18.39, 20.667, 20.969, 21.188, 21.559, 23.104, 24.466, 24.417, 24.101, 23.167, 22.287, 21.062, 18.504, 16.257, 15.956, 16.118, 15.821, 15.27, 17.105, 17.901, 17.157, 14.898, 12.618, 10.864, 9.679, 6.751, 5.886, 8.042, 8.846, 9.151, 9.586, 10.565, 11.52, 11.8, 11.686, 10.991, 12.027, 13.513, 11.673, 9.89, 10.197, 9.659], [12.277, 10.852, 9.747, 11.494, 12.04, 10.493, 9.558, 8.602, 7.783, 7.292, 7.496, 7.181, 6.374, 7.453, 8.621, 8.627, 5.995, 2.466, 3.868, 2.769, 1.778, 2.586, 3.095, 3.169, 3.296, 1.754, 2.357, 1.239, 0.0, 5.901, 10.768, 13.24, 14.45, 15.119, 15.598, 14.284, 13.515, 14.08, 13.656, 12.136, 11.369, 11.834, 12.299, 12.279, 10.672, 10.67, 12.747, 14.714, 14.482, 12.738, 10.82, 10.529, 11.788, 13.484, 15.25, 13.476, 10.152, 8.145, 8.428, 10.726, 12.048, 11.955, 11.997, 11.422, 11.213, 10.888, 10.196, 9.888, 9.803, 7.786, 6.536, 7.443, 8.197, 8.647, 8.735, 6.452, 4.283, 5.251, 6.268, 6.28, 6.028, 7.432, 7.948, 7.981, 9.069, 10.444, 10.989, 10.433, 9.197, 9.379, 10.275, 9.401, 9.572, 10.153, 10.726, 12.608, 15.686, 16.508, 15.345, 14.685, 13.644, 12.614, 9.387, 11.625, 17.912, 20.182, 20.481, 20.71, 20.905, 22.509, 23.903, 23.852, 23.527, 22.666, 21.802, 20.587, 18.033, 15.89, 15.893, 16.086, 15.693, 14.96, 16.53, 17.256, 16.546, 14.354, 11.997, 10.418, 9.356, 6.279, 5.402, 7.558, 8.338, 8.667, 8.947, 9.827, 10.905, 11.221, 11.046, 10.544, 11.601, 13.064, 11.207, 9.378, 9.736, 9.204], [6.614, 5.185, 4.26, 5.861, 6.269, 4.948, 4.241, 4.269, 3.942, 3.651, 3.822, 4.318, 4.599, 5.1, 5.126, 4.786, 3.185, 6.492, 9.559, 8.138, 6.851, 7.866, 8.04, 8.442, 8.459, 6.353, 4.003, 6.346, 5.901, 0.0, 4.918, 7.397, 8.626, 9.316, 9.804, 8.498, 7.824, 8.29, 7.843, 7.08, 7.125, 7.553, 7.788, 7.338, 6.424, 6.043, 7.833, 9.422, 9.503, 8.138, 6.065, 5.196, 6.349, 8.076, 9.994, 8.438, 6.127, 3.751, 4.405, 6.297, 7.294, 7.548, 7.962, 7.401, 6.677, 6.65, 6.557, 6.082, 5.312, 3.616, 2.186, 2.784, 4.266, 4.613, 4.387, 2.428, 3.572, 2.678, 2.658, 2.756, 3.182, 3.559, 3.701, 3.821, 4.096, 5.058, 5.523, 5.069, 4.168, 5.297, 5.797, 4.724, 6.318, 7.247, 7.489, 7.882, 10.113, 10.704, 9.643, 9.058, 8.142, 7.294, 5.004, 6.155, 12.189, 14.333, 14.734, 15.004, 15.403, 17.146, 18.489, 18.293, 17.963, 16.997, 15.983, 14.754, 12.247, 10.383, 10.798, 10.862, 10.184, 9.356, 10.94, 11.688, 10.905, 8.64, 6.388, 5.204, 4.271, 2.425, 2.408, 2.021, 2.789, 3.052, 3.976, 4.439, 5.236, 5.571, 5.519, 4.771, 5.899, 7.168, 5.802, 3.804, 4.089, 3.935], [2.449, 1.965, 2.046, 2.203, 2.38, 1.431, 1.784, 2.892, 3.939, 4.145, 4.318, 5.234, 6.659, 6.481, 4.06, 3.902, 6.685, 11.383, 14.454, 12.975, 11.599, 12.756, 12.863, 13.218, 13.287, 11.231, 8.645, 11.247, 10.768, 4.918, 0.0, 2.756, 3.8, 4.546, 5.153, 4.145, 3.718, 3.86, 3.589, 4.167, 4.868, 5.025, 5.033, 4.527, 4.084, 3.445, 4.964, 6.311, 6.411, 5.417, 3.085, 2.182, 2.93, 4.318, 6.763, 5.46, 4.206, 4.118, 4.933, 4.529, 4.469, 4.803, 5.221, 4.788, 3.979, 4.41, 4.608, 3.548, 2.763, 3.396, 4.299, 3.696, 3.38, 3.492, 4.065, 5.748, 8.424, 7.062, 6.047, 6.666, 6.3, 4.171, 3.487, 3.473, 2.308, 2.067, 2.515, 2.589, 2.374, 3.189, 3.084, 3.228, 4.953, 6.275, 5.688, 5.108, 6.221, 6.564, 5.714, 5.687, 4.598, 4.232, 3.349, 3.311, 7.628, 9.608, 10.113, 10.533, 11.122, 12.672, 14.079, 13.925, 13.412, 12.408, 11.402, 9.944, 7.765, 6.881, 7.409, 7.515, 6.849, 5.853, 6.843, 7.161, 6.342, 4.117, 2.718, 2.242, 2.367, 4.791, 5.556, 3.336, 2.633, 2.253, 2.219, 1.674, 1.751, 2.109, 1.939, 1.621, 2.14, 2.615, 2.087, 1.486, 1.523, 1.81], [2.045, 2.543, 3.597, 2.023, 1.912, 2.887, 3.822, 5.009, 6.354, 6.274, 6.224, 7.314, 8.753, 8.49, 5.953, 5.954, 9.158, 13.863, 16.916, 15.495, 14.128, 15.234, 15.399, 15.758, 15.749, 13.708, 11.136, 13.72, 13.24, 7.397, 2.756, 0.0, 1.505, 2.386, 2.593, 2.406, 2.526, 2.687, 3.001, 4.149, 4.829, 4.986, 4.685, 4.393, 4.426, 3.703, 4.176, 5.009, 5.162, 4.763, 3.142, 3.185, 2.583, 3.422, 5.284, 4.595, 4.899, 5.466, 6.178, 5.329, 4.648, 4.322, 4.62, 5.319, 4.608, 5.058, 6.233, 4.5, 3.805, 5.627, 6.795, 6.174, 5.554, 5.776, 5.913, 8.184, 10.899, 9.512, 8.482, 9.122, 8.717, 6.505, 5.884, 5.484, 4.326, 3.017, 2.57, 3.163, 4.566, 4.957, 3.969, 4.623, 6.142, 7.049, 6.175, 4.741, 3.99, 4.742, 4.153, 4.223, 3.768, 3.597, 4.731, 2.843, 6.098, 7.62, 7.953, 8.224, 8.548, 10.137, 11.534, 11.311, 10.871, 9.841, 8.946, 7.452, 5.22, 4.713, 5.291, 5.451, 4.89, 3.875, 4.376, 4.828, 3.907, 2.45, 2.323, 3.274, 4.146, 7.153, 8.032, 5.782, 5.113, 4.669, 4.414, 3.629, 2.467, 2.625, 2.486, 2.76, 2.123, 1.511, 2.403, 4.001, 3.703, 4.111], [2.541, 3.696, 4.781, 3.04, 2.545, 4.069, 4.952, 6.199, 7.565, 7.497, 7.5, 8.551, 9.963, 9.777, 7.172, 7.229, 10.421, 15.111, 18.157, 16.712, 15.316, 16.46, 16.584, 16.946, 17.029, 14.959, 12.365, 14.941, 14.45, 8.626, 3.8, 1.505, 0.0, 1.149, 1.669, 1.749, 2.008, 2.058, 2.603, 4.021, 4.834, 4.909, 4.545, 4.11, 4.713, 4.168, 3.81, 4.299, 4.407, 4.362, 3.965, 4.109, 3.106, 3.164, 4.491, 4.231, 5.555, 6.563, 7.168, 6.064, 4.993, 4.588, 5.142, 5.939, 5.366, 5.949, 7.335, 5.596, 4.983, 6.865, 8.019, 7.411, 6.777, 6.991, 7.119, 9.397, 12.115, 10.74, 9.698, 10.308, 9.903, 7.711, 7.111, 6.695, 5.546, 4.085, 3.69, 4.392, 5.777, 5.934, 4.791, 5.563, 7.107, 7.621, 6.419, 4.408, 3.254, 4.013, 3.463, 3.629, 3.251, 3.173, 5.71, 3.484, 5.293, 6.691, 7.012, 7.353, 7.837, 9.306, 10.561, 10.338, 9.796, 8.804, 8.022, 6.444, 4.288, 3.8, 4.411, 4.541, 4.065, 3.061, 3.491, 3.755, 2.826, 1.657, 2.648, 4.208, 5.337, 8.375, 9.162, 6.95, 6.207, 5.855, 5.59, 4.772, 3.644, 3.493, 3.609, 4.019, 3.034, 1.73, 3.472, 5.176, 4.83, 5.372], [3.231, 4.369, 5.474, 3.686, 3.264, 4.767, 5.647, 6.84, 8.205, 8.128, 8.148, 9.226, 10.638, 10.452, 7.801, 7.895, 11.096, 15.786, 18.798, 17.387, 15.978, 17.1, 17.227, 17.589, 17.704, 15.634, 13.04, 15.605, 15.119, 9.316, 4.546, 2.386, 1.149, 0.0, 1.087, 1.4, 2.068, 2.197, 2.648, 4.078, 4.943, 4.907, 4.677, 4.247, 5.111, 4.746, 3.806, 3.649, 3.845, 4.066, 4.641, 4.786, 3.604, 3.38, 4.021, 4.232, 6.041, 7.159, 7.758, 6.549, 5.351, 5.039, 5.65, 6.385, 5.917, 6.514, 7.979, 6.218, 5.609, 7.505, 8.688, 8.089, 7.425, 7.639, 7.773, 10.044, 12.755, 11.381, 10.373, 10.973, 10.565, 8.399, 7.775, 7.35, 6.199, 4.741, 4.368, 5.082, 6.437, 6.577, 5.438, 6.196, 7.718, 8.085, 6.775, 4.324, 2.586, 3.319, 2.748, 3.022, 2.729, 3.254, 6.386, 4.197, 5.031, 6.192, 6.446, 6.692, 7.159, 8.631, 9.85, 9.537, 9.05, 8.169, 7.43, 5.855, 3.618, 2.923, 3.617, 3.777, 3.338, 2.394, 2.748, 2.953, 2.153, 1.295, 3.265, 4.851, 6.02, 9.054, 9.891, 7.638, 6.874, 6.601, 6.263, 5.415, 4.332, 4.235, 4.209, 4.691, 3.758, 2.503, 4.173, 5.885, 5.535, 6.085], [3.863, 4.973, 6.041, 4.184, 3.722, 5.216, 6.178, 7.365, 8.722, 8.612, 8.601, 9.666, 11.103, 10.905, 8.295, 8.344, 11.563, 16.262, 19.311, 17.894, 16.543, 17.628, 17.8, 18.162, 18.192, 16.07, 13.508, 16.095, 15.598, 9.804, 5.153, 2.593, 1.669, 1.087, 0.0, 1.639, 2.381, 2.328, 2.601, 4.019, 4.839, 4.732, 4.465, 4.13, 5.198, 5.116, 3.58, 3.205, 3.596, 3.876, 5.083, 5.205, 4.017, 3.232, 3.735, 4.072, 6.298, 7.679, 8.133, 6.684, 5.449, 5.133, 5.8, 6.613, 6.15, 6.759, 8.466, 6.729, 6.142, 7.985, 9.184, 8.59, 7.89, 8.103, 8.267, 10.53, 13.233, 11.876, 10.836, 11.444, 11.039, 8.848, 8.271, 7.857, 6.696, 5.228, 4.825, 5.59, 6.944, 7.106, 5.892, 6.703, 8.195, 8.279, 6.901, 4.218, 2.156, 2.95, 2.525, 2.707, 2.592, 3.669, 6.842, 4.48, 5.297, 5.888, 6.044, 6.271, 6.557, 8.074, 9.351, 9.006, 8.599, 7.684, 6.913, 5.388, 3.098, 2.513, 3.207, 3.39, 3.001, 2.223, 2.298, 2.611, 1.716, 1.494, 3.755, 5.309, 6.475, 9.559, 10.398, 8.181, 7.491, 7.034, 6.781, 5.889, 4.843, 4.846, 4.772, 5.165, 4.212, 3.06, 4.669, 6.418, 6.146, 6.542], [3.431, 3.853, 4.701, 3.18, 2.783, 4.028, 4.926, 6.028, 7.386, 7.317, 7.315, 8.39, 9.802, 9.616, 6.983, 7.06, 10.26, 14.949, 17.979, 16.556, 15.18, 16.301, 16.429, 16.787, 16.877, 14.801, 12.211, 14.766, 14.284, 8.498, 4.145, 2.406, 1.749, 1.4, 1.639, 0.0, 1.428, 1.653, 2.015, 3.233, 4.107, 4.049, 3.745, 3.369, 4.318, 3.943, 2.97, 3.067, 3.094, 3.116, 3.76, 3.944, 2.815, 2.571, 3.421, 3.358, 5.117, 6.35, 6.853, 5.612, 4.48, 4.11, 4.756, 5.463, 4.952, 5.528, 7.155, 5.404, 4.802, 6.695, 7.851, 7.261, 6.58, 6.792, 6.95, 9.215, 11.921, 10.558, 9.536, 10.123, 9.735, 7.517, 6.922, 6.508, 5.38, 3.941, 3.874, 4.599, 5.606, 5.764, 4.612, 5.404, 6.926, 7.346, 5.973, 3.466, 2.634, 3.44, 2.823, 3.077, 2.522, 2.999, 5.547, 4.269, 5.929, 7.095, 7.237, 7.353, 7.7, 9.235, 10.511, 10.125, 9.787, 8.848, 8.088, 6.664, 4.035, 2.973, 3.676, 3.886, 3.389, 2.236, 2.991, 3.446, 2.675, 1.105, 2.553, 4.052, 5.174, 8.278, 9.141, 6.819, 6.206, 5.87, 5.52, 4.697, 3.839, 4.283, 4.102, 3.953, 3.181, 2.547, 3.466, 5.227, 4.822, 5.318], [3.245, 3.752, 4.107, 2.945, 2.528, 3.346, 4.24, 5.26, 6.649, 6.61, 6.612, 7.667, 9.061, 8.86, 6.222, 6.289, 9.5, 14.18, 17.214, 15.782, 14.395, 15.529, 15.631, 16.007, 16.109, 14.028, 11.458, 14.0, 13.515, 7.824, 3.718, 2.526, 2.008, 2.068, 2.381, 1.428, 0.0, 1.071, 1.26, 2.436, 3.324, 3.243, 2.866, 2.461, 3.44, 3.098, 2.205, 2.827, 2.94, 2.725, 3.058, 3.21, 2.299, 2.062, 3.22, 2.53, 4.266, 5.59, 6.064, 4.567, 3.579, 3.118, 3.751, 4.468, 4.047, 4.685, 6.424, 4.678, 4.042, 5.925, 7.084, 6.481, 5.844, 6.062, 6.21, 8.46, 11.171, 9.797, 8.767, 9.392, 8.992, 6.792, 6.19, 5.768, 4.667, 3.478, 3.693, 4.285, 4.86, 5.026, 3.928, 4.693, 6.216, 6.535, 5.139, 2.729, 3.203, 3.67, 3.274, 3.511, 2.68, 2.696, 4.786, 4.422, 6.681, 7.735, 7.788, 7.967, 8.294, 9.838, 11.167, 10.954, 10.501, 9.503, 8.678, 7.22, 4.833, 3.664, 4.115, 4.243, 3.563, 2.645, 3.68, 4.146, 3.374, 1.538, 1.917, 3.393, 4.437, 7.486, 8.33, 6.079, 5.449, 5.078, 4.78, 4.194, 3.765, 4.422, 4.072, 3.306, 2.733, 2.4, 2.963, 4.514, 4.079, 4.509], [3.385, 3.968, 4.499, 3.201, 2.713, 3.738, 4.664, 5.845, 7.201, 7.137, 7.131, 8.193, 9.607, 9.418, 6.787, 6.845, 10.04, 14.736, 17.786, 16.336, 14.965, 16.089, 16.203, 16.536, 16.644, 14.584, 11.99, 14.57, 14.08, 8.29, 3.86, 2.687, 2.058, 2.197, 2.328, 1.653, 1.071, 0.0, 1.184, 2.622, 3.405, 3.281, 2.778, 2.435, 3.627, 3.595, 2.361, 2.823, 2.902, 2.921, 3.575, 3.716, 2.634, 1.908, 3.179, 2.511, 4.843, 6.168, 6.635, 4.816, 3.675, 3.37, 4.01, 4.998, 4.617, 5.284, 6.965, 5.228, 4.594, 6.478, 7.636, 7.012, 6.407, 6.629, 6.747, 9.023, 11.742, 10.369, 9.346, 9.945, 9.562, 7.347, 6.747, 6.325, 5.194, 3.9, 3.972, 4.604, 5.422, 5.561, 4.409, 5.215, 6.743, 6.736, 5.292, 2.696, 3.015, 3.358, 3.163, 3.43, 2.669, 3.129, 5.387, 4.703, 6.705, 7.39, 7.478, 7.624, 7.972, 9.514, 10.879, 10.614, 10.144, 9.098, 8.335, 6.766, 4.429, 3.538, 4.161, 4.352, 3.679, 2.807, 3.406, 3.855, 3.146, 1.524, 2.335, 3.884, 4.975, 7.965, 8.787, 6.571, 5.851, 5.537, 5.278, 4.645, 3.982, 4.418, 4.224, 3.693, 3.029, 2.458, 3.304, 4.862, 4.514, 5.034], [3.583, 4.083, 4.33, 