[[0.0, 0.907, 1.091, 1.612, 1.356, 1.226, 2.244, 3.893, 4.189, 3.876, 2.82, 2.439, 2.337, 4.27, 4.808, 4.305, 3.413, 3.687, 3.159, 2.213, 2.188, 3.339, 3.119, 3.319, 3.864, 4.201, 4.4, 5.115, 5.604, 6.003, 7.812, 10.607, 12.729, 13.217, 12.585, 12.193, 12.026, 12.751, 13.242, 13.385, 12.859, 13.38, 13.99, 16.031, 18.089, 18.907, 18.529, 19.459, 20.968, 20.546, 19.524, 17.989, 16.62, 16.154, 17.477, 18.551, 18.258, 17.525, 16.66, 16.401, 15.715, 15.507, 18.047, 20.796, 21.863, 22.535, 24.004, 23.379, 21.041, 20.274, 20.077, 20.139, 19.99, 18.948, 16.578, 16.906, 17.437, 17.524, 16.64, 15.123, 15.493, 15.523, 14.08, 11.521, 9.171, 9.406, 13.41, 14.282, 12.077, 12.4, 13.635, 14.432, 14.599, 16.22, 19.035, 20.617, 20.758, 21.266, 23.25, 22.558, 20.399, 20.291, 21.336, 21.419, 20.489, 19.757, 19.746, 17.84, 15.188, 15.74, 17.458, 16.984, 15.388, 14.522, 13.777, 10.528, 6.42, 8.838, 11.529, 12.782, 11.862, 10.891, 10.382, 9.53, 8.451, 7.971, 8.998, 9.094, 8.915, 9.706, 10.425, 11.631, 10.804, 10.262, 10.681, 10.097, 9.085, 8.415, 6.043, 3.919, 3.633, 4.212, 3.609, 2.184, 1.604, 1.338, 3.436, 5.7, 5.167, 3.266, 3.314, 5.543, 6.981, 7.404, 9.714, 11.9, 12.659, 12.924, 13.71, 15.412, 16.223, 15.531, 16.134, 18.042, 18.589, 18.436, 18.923, 18.686, 16.538, 14.827, 15.299, 14.979, 14.394, 15.143, 15.696, 15.933, 15.475, 15.912, 15.913, 15.315, 12.442, 11.777, 11.729, 10.545, 9.731, 10.117, 10.961, 10.656, 10.885, 11.874, 12.188, 11.701, 11.364, 10.56, 10.45, 10.133, 8.074, 6.74, 7.121, 7.282, 5.952, 4.913, 3.821, 3.895, 5.179, 3.998], [0.907, 0.0, 0.959, 1.468, 1.168, 0.998, 2.241, 3.983, 4.259, 3.981, 2.734, 2.538, 2.261, 4.251, 4.858, 4.412, 3.539, 3.833, 3.254, 2.362, 2.278, 3.538, 3.228, 3.435, 3.894, 4.213, 4.426, 5.165, 5.637, 5.963, 7.783, 10.507, 12.646, 13.088, 12.42, 12.029, 11.899, 12.644, 13.154, 13.314, 12.771, 13.267, 13.844, 15.895, 17.976, 18.774, 18.456, 19.358, 20.84, 20.451, 19.402, 17.897, 16.525, 16.085, 17.4, 18.457, 18.177, 17.445, 16.583, 16.287, 15.604, 15.429, 17.936, 20.689, 21.694, 22.383, 23.851, 23.215, 20.928, 20.198, 19.996, 20.059, 19.901, 18.845, 16.491, 16.833, 17.367, 17.444, 16.648, 15.092, 15.509, 15.555, 14.035, 11.506, 9.088, 9.286, 13.245, 14.155, 11.925, 12.27, 13.496, 14.291, 14.453, 16.078, 18.872, 20.453, 20.606, 21.127, 23.111, 22.41, 20.283, 20.185, 21.227, 21.309, 20.375, 19.653, 19.645, 17.726, 15.093, 15.655, 17.38, 16.901, 15.352, 14.463, 13.711, 10.447, 6.324, 8.763, 11.427, 12.701, 11.778, 10.83, 10.3, 9.475, 8.48, 7.944, 9.043, 9.16, 8.852, 9.576, 10.28, 11.491, 10.658, 10.222, 10.66, 9.999, 8.957, 8.289, 5.953, 3.953, 3.678, 4.291, 3.667, 2.151, 1.317, 1.062, 3.369, 5.597, 5.055, 3.312, 3.449, 5.513, 6.923, 7.312, 9.623, 11.822, 12.571, 12.84, 13.63, 15.285, 16.1, 15.393, 15.975, 17.958, 18.513, 18.332, 18.807, 18.577, 16.423, 14.706, 15.196, 14.84, 14.3, 15.068, 15.625, 15.891, 15.503, 15.925, 15.905, 15.278, 12.382, 11.714, 11.717, 10.542, 9.636, 10.082, 11.035, 10.737, 10.946, 11.835, 12.106, 11.594, 11.244, 10.463, 10.31, 10.077, 8.069, 6.768, 7.062, 7.225, 5.945, 4.803, 3.785, 3.872, 5.148, 3.883], [1.091, 0.959, 0.0, 1.548, 1.572, 1.255, 2.216, 3.721, 4.122, 3.798, 2.898, 2.84, 2.27, 4.21, 4.832, 4.374, 3.343, 3.557, 2.934, 1.83, 1.829, 3.109, 2.877, 2.891, 3.802, 4.156, 4.261, 4.932, 5.441, 5.938, 7.907, 10.599, 12.766, 13.403, 12.79, 12.398, 12.189, 12.83, 13.341, 13.432, 12.907, 13.498, 14.108, 16.193, 18.136, 19.029, 18.586, 19.553, 21.118, 20.666, 19.645, 17.991, 16.559, 16.079, 17.399, 18.485, 18.233, 17.488, 16.678, 16.465, 15.828, 15.588, 18.127, 20.873, 22.054, 22.699, 24.171, 23.581, 21.118, 20.35, 20.097, 20.061, 19.936, 18.945, 16.52, 16.829, 17.362, 17.446, 16.54, 15.038, 15.392, 15.366, 13.994, 11.471, 9.26, 9.571, 13.614, 14.441, 12.271, 12.524, 13.793, 14.6, 14.786, 16.36, 19.235, 20.813, 20.926, 21.414, 23.383, 22.722, 20.59, 20.446, 21.395, 21.456, 20.606, 19.876, 19.851, 17.945, 15.182, 15.754, 17.463, 17.069, 15.302, 14.448, 13.704, 10.45, 6.465, 8.864, 11.558, 12.852, 11.784, 10.818, 10.306, 9.607, 8.333, 7.875, 8.768, 8.85, 8.86, 9.872, 10.601, 11.805, 10.971, 10.394, 10.698, 10.144, 9.29, 8.572, 6.141, 3.848, 3.083, 3.763, 3.186, 1.816, 1.613, 0.994, 3.706, 5.93, 5.304, 3.446, 3.58, 5.506, 6.909, 7.388, 9.662, 11.906, 12.744, 12.938, 13.77, 15.617, 16.433, 15.733, 16.331, 18.068, 18.62, 18.481, 19.012, 18.732, 16.625, 14.986, 15.415, 15.142, 14.451, 15.102, 15.654, 15.858, 15.347, 15.817, 15.827, 15.229, 12.364, 11.828, 11.786, 10.452, 9.672, 10.093, 10.794, 10.46, 10.599, 11.792, 12.146, 11.797, 11.553, 10.651, 10.622, 10.123, 8.063, 6.714, 7.114, 7.209, 6.015, 5.158, 4.074, 4.174, 5.388, 4.084], [1.612, 1.468, 1.548, 0.0, 1.005, 1.735, 3.1, 4.809, 5.479, 5.032, 3.476, 2.453, 1.264, 3.25, 4.214, 3.829, 2.868, 3.287, 3.121, 2.489, 2.292, 3.29, 3.092, 3.192, 3.009, 3.409, 3.569, 4.149, 4.519, 4.832, 6.814, 9.354, 11.421, 12.238, 11.566, 11.21, 10.95, 11.54, 12.061, 12.106, 11.572, 12.252, 12.892, 15.003, 16.819, 17.823, 17.39, 18.264, 19.88, 19.457, 18.446, 16.691, 15.132, 14.726, 15.994, 17.055, 16.796, 16.03, 15.288, 15.241, 14.621, 14.435, 16.908, 19.68, 20.867, 21.412, 22.886, 22.339, 19.823, 19.033, 18.792, 18.653, 18.519, 17.57, 15.103, 15.47, 15.979, 16.039, 15.339, 13.795, 14.234, 14.316, 12.709, 10.488, 8.202, 8.373, 12.385, 13.279, 11.061, 11.268, 12.557, 13.364, 13.55, 15.122, 17.999, 19.577, 19.661, 20.159, 22.131, 21.512, 19.418, 19.262, 20.119, 20.124, 19.365, 18.612, 18.597, 16.741, 13.889, 14.432, 16.186, 15.792, 14.051, 13.182, 12.338, 9.111, 5.181, 7.408, 10.163, 11.501, 10.402, 9.479, 8.932, 8.583, 7.479, 6.744, 7.918, 8.13, 7.698, 8.605, 9.396, 10.574, 9.729, 9.229, 9.563, 8.982, 8.157, 7.383, 5.066, 3.403, 3.154, 3.558, 2.864, 1.615, 1.636, 1.473, 2.77, 4.829, 4.129, 2.479, 2.79, 4.582, 5.772, 6.148, 8.371, 10.538, 11.524, 11.503, 12.474, 14.452, 15.268, 14.55, 15.114, 16.71, 17.237, 17.138, 17.677, 17.401, 15.3, 13.741, 14.166, 13.877, 13.13, 13.692, 14.287, 14.646, 14.293, 14.679, 14.6, 13.952, 11.053, 10.772, 10.819, 9.332, 8.321, 8.986, 10.083, 9.761, 9.924, 10.585, 10.852, 10.614, 10.405, 9.738, 9.546, 9.073, 7.149, 5.845, 6.021, 5.982, 5.003, 4.305, 3.165, 3.298, 4.319, 3.004], [1.356, 1.168, 1.572, 1.005, 0.0, 1.259, 2.721, 4.452, 4.926, 4.544, 3.181, 2.194, 1.546, 3.6, 4.659, 4.259, 3.318, 3.731, 3.436, 2.644, 2.599, 3.686, 3.457, 3.635, 3.43, 3.944, 4.101, 4.741, 5.127, 5.256, 7.087, 9.788, 11.916, 12.578, 11.92, 11.55, 11.318, 11.96, 12.501, 12.551, 12.049, 12.632, 13.178, 15.346, 17.31, 18.231, 17.769, 18.71, 20.276, 19.84, 18.853, 17.163, 15.643, 15.254, 16.525, 17.588, 17.345, 16.583, 15.805, 15.668, 14.97, 14.778, 17.314, 20.044, 21.201, 21.842, 23.31, 22.712, 20.285, 19.404, 19.255, 19.177, 19.082, 18.119, 15.626, 15.971, 16.497, 16.57, 15.903, 14.354, 14.812, 14.918, 13.242, 11.009, 8.571, 8.749, 12.745, 13.624, 11.43, 11.679, 12.941, 13.743, 13.922, 15.5, 18.366, 19.944, 20.065, 20.551, 22.533, 21.888, 19.782, 19.624, 20.561, 20.628, 19.748, 19.001, 19.029, 17.093, 14.3, 14.884, 16.638, 16.16, 14.553, 13.67, 12.874, 9.595, 5.666, 8.003, 10.723, 12.018, 10.899, 10.009, 9.468, 8.896, 8.06, 7.375, 8.56, 8.776, 8.142, 9.019, 9.762, 10.96, 10.108, 9.599, 9.912, 9.297, 8.496, 7.724, 5.564, 3.859, 3.687, 4.149, 3.544, 2.16, 1.343, 1.307, 3.024, 5.059, 4.522, 2.776, 2.903, 4.901, 6.16, 6.521, 8.785, 10.988, 11.907, 12.075, 12.882, 14.796, 15.613, 14.903, 15.462, 17.222, 17.752, 17.635, 18.178, 17.912, 15.8, 14.122, 14.574, 14.281, 13.625, 14.261, 14.782, 15.239, 14.914, 15.271, 15.182, 14.475, 11.605, 11.307, 11.253, 9.896, 8.914, 9.509, 10.818, 10.444, 10.606, 11.238, 11.293, 10.924, 10.793, 10.12, 10.012, 9.477, 7.667, 6.314, 6.526, 6.437, 5.22, 4.501, 3.435, 3.6, 4.588, 3.401], [1.226, 0.998, 1.255, 1.735, 1.259, 0.0, 1.786, 3.483, 4.065, 3.555, 2.583, 2.925, 2.486, 4.477, 5.14, 4.635, 3.664, 3.871, 3.316, 2.442, 2.284, 3.585, 3.217, 3.307, 3.981, 4.245, 4.463, 5.154, 5.633, 6.077, 8.161, 10.817, 12.927, 13.547, 12.894, 12.519, 12.297, 12.958, 13.477, 13.556, 13.079, 13.643, 14.108, 16.315, 18.315, 19.194, 18.8, 19.639, 21.232, 20.86, 19.824, 18.173, 16.651, 16.112, 17.449, 18.584, 18.365, 17.583, 16.823, 16.658, 15.993, 15.792, 18.321, 21.081, 22.175, 22.753, 24.222, 23.677, 21.248, 20.471, 20.244, 20.07, 20.06, 19.109, 16.621, 16.846, 17.346, 17.45, 16.6, 15.038, 15.472, 15.498, 13.984, 11.67, 9.45, 9.716, 13.721, 14.598, 12.39, 12.648, 13.93, 14.732, 14.902, 16.483, 19.331, 20.91, 21.009, 21.527, 23.51, 22.85, 20.762, 20.61, 21.54, 21.633, 20.745, 20.011, 19.998, 18.113, 15.331, 15.805, 17.651, 17.186, 15.289, 14.416, 13.744, 10.541, 6.719, 9.021, 11.725, 12.969, 11.804, 10.819, 10.331, 9.613, 8.437, 7.919, 8.956, 9.046, 8.992, 9.925, 10.761, 11.925, 11.081, 10.592, 10.792, 10.199, 9.442, 8.724, 6.287, 3.83, 3.528, 4.105, 3.447, 2.213, 1.148, 1.029, 3.925, 6.071, 5.446, 3.578, 3.667, 5.628, 6.975, 7.481, 9.786, 12.068, 12.923, 13.092, 13.846, 15.765, 16.592, 15.877, 16.44, 18.257, 18.77, 18.633, 19.138, 18.891, 16.766, 15.11, 15.539, 15.229, 14.608, 15.221, 15.714, 15.837, 15.438, 15.862, 15.847, 15.214, 12.354, 11.923, 11.977, 10.632, 9.761, 10.347, 11.117, 10.599, 10.864, 11.838, 12.204, 11.894, 11.71, 10.798, 10.71, 10.265, 8.205, 7.03, 7.388, 7.349, 6.236, 5.431, 4.372, 4.392, 5.491, 4.279], [2.244, 2.241, 2.216, 3.1, 2.721, 1.786, 0.0, 1.84, 2.666, 2.177, 1.245, 3.205, 3.773, 5.826, 6.464, 6.033, 4.808, 5.15, 4.661, 3.511, 3.263, 4.631, 4.241, 4.339, 5.215, 5.713, 5.753, 6.411, 6.957, 7.435, 9.692, 12.34, 14.442, 15.241, 14.569, 14.213, 13.941, 14.525, 15.064, 15.07, 14.603, 15.237, 15.804, 18.008, 19.822, 20.828, 20.391, 21.234, 22.895, 22.471, 21.459, 19.681, 18.118, 17.538, 18.87, 19.985, 19.775, 19.021, 18.303, 18.244, 17.624, 17.429, 19.929, 22.683, 23.829, 24.365, 25.836, 25.325, 22.779, 22.093, 21.743, 21.519, 21.473, 20.515, 18.061, 18.337, 18.82, 18.912, 17.944, 16.451, 16.829, 16.798, 15.333, 13.156, 10.981, 11.327, 15.37, 16.282, 14.056, 14.248, 15.537, 16.344, 16.53, 18.102, 20.979, 22.557, 22.641, 23.139, 25.108, 24.514, 22.413, 22.262, 23.123, 23.11, 22.354, 21.618, 21.602, 19.744, 16.907, 17.35, 19.171, 18.823, 16.695, 15.873, 15.133, 11.898, 8.06, 10.411, 13.113, 14.449, 13.254, 12.225, 11.783, 11.353, 9.877, 9.318, 10.329, 10.413, 10.453, 11.546, 12.317, 13.498, 12.712, 12.224, 12.427, 11.837, 11.136, 10.386, 7.931, 5.343, 4.559, 5.237, 4.685, 3.4, 1.787, 2.176, 5.466, 7.675, 7.018, 4.947, 4.938, 6.905, 8.295, 9.04, 11.315, 13.619, 14.533, 14.506, 15.422, 17.453, 18.268, 17.55, 18.109, 19.756, 20.235, 20.119, 20.623, 20.357, 18.275, 16.719, 17.161, 16.857, 16.118, 16.639, 17.219, 17.214, 16.741, 17.167, 17.19, 16.565, 13.733, 13.382, 13.593, 12.077, 11.248, 11.876, 12.432, 11.927, 12.138, 13.248, 13.771, 13.582, 13.357, 12.435, 12.346, 11.78, 9.649, 8.465, 8.821, 8.688, 7.737, 6.961, 5.928, 5.973, 6.99, 5.796], [3.893, 3.983, 3.721, 4.809, 4.452, 3.483, 1.84, 0.0, 1.625, 1.523, 1.72, 4.508, 5.36, 7.454, 8.209, 7.618, 6.097, 6.442, 5.902, 4.675, 4.415, 5.723, 5.344, 5.552, 6.798, 7.307, 7.12, 7.732, 8.417, 9.081, 11.461, 14.112, 16.198, 17.031, 16.359, 16.002, 15.735, 16.325, 16.854, 16.863, 16.356, 17.028, 17.53, 19.795, 21.611, 22.612, 22.144, 23.014, 24.671, 24.23, 23.23, 21.437, 19.737, 19.153, 20.498, 21.645, 21.451, 20.671, 20.063, 20.018, 19.414, 19.2, 21.692, 24.461, 25.625, 26.169, 27.644, 27.12, 24.58, 23.787, 23.537, 23.096, 23.121, 22.271, 19.7, 19.923, 20.378, 20.453, 19.369, 18.015, 18.323, 18.203, 16.907, 14.916, 12.767, 13.127, 17.17, 18.072, 15.847, 16.049, 17.338, 18.145, 18.331, 19.903, 22.78, 24.358, 24.442, 24.938, 26.906, 26.301, 24.205, 24.041, 24.887, 24.885, 24.145, 23.389, 23.389, 21.534, 18.607, 19.13, 20.971, 20.571, 18.195, 17.431, 16.767, 13.468, 9.866, 12.104, 14.883, 16.257, 14.907, 13.773, 13.346, 13.063, 11.283, 10.841, 11.701, 11.675, 12.224, 13.353, 14.117, 15.298, 14.507, 13.977, 14.08, 13.625, 12.925, 12.175, 9.721, 6.841, 5.543, 6.367, 5.956, 4.735, 3.521, 3.801, 7.256, 9.465, 8.818, 6.75, 6.68, 8.406, 9.912, 10.804, 13.004, 15.297, 16.316, 16.232, 17.196, 19.244, 20.059, 19.341, 19.9, 21.486, 21.99, 21.887, 22.428, 22.144, 20.065, 18.508, 18.938, 18.657, 17.904, 18.262, 18.865, 18.75, 18.116, 18.62, 18.718, 18.056, 15.37, 15.129, 15.24, 13.734, 12.896, 13.621, 13.941, 13.364, 13.48, 14.779, 15.405, 15.304, 15.14, 14.161, 14.146, 13.574, 11.421, 10.182, 10.597, 10.371, 9.389, 8.762, 7.704, 7.708, 8.78, 7.576], [4.189, 4.259, 4.122, 5.479, 4.926, 4.065, 2.666, 1.625, 0.0, 1.102, 2.353, 5.087, 6.211, 8.223, 8.776, 8.033, 7.103, 7.509, 6.729, 5.422, 5.393, 6.874, 6.427, 6.627, 7.636, 7.943, 8.082, 8.785, 9.325, 9.895, 11.84, 14.622, 16.729, 17.318, 16.622, 16.266, 16.018, 16.724, 17.289, 17.306, 16.899, 17.281, 17.745, 20.065, 22.14, 22.993, 22.607, 23.348, 25.029, 24.64, 23.615, 22.0, 20.544, 19.897, 21.212, 22.291, 22.073, 21.364, 20.62, 20.481, 19.773, 19.57, 22.117, 24.874, 25.933, 26.495, 27.931, 27.399, 25.062, 24.266, 24.056, 23.961, 23.879, 22.882, 20.473, 20.789, 21.275, 21.377, 20.518, 19.011, 19.411, 19.24, 17.945, 15.373, 13.126, 13.389, 17.387, 18.378, 16.134, 16.38, 17.652, 18.444, 18.551, 20.196, 22.982, 24.603, 24.703, 25.185, 27.224, 26.623, 24.503, 24.388, 25.384, 25.405, 24.537, 23.746, 23.805, 21.902, 19.182, 19.659, 21.347, 20.951, 19.275, 18.274, 17.602, 14.366, 10.365, 12.829, 15.416, 16.621, 15.594, 14.679, 14.134, 13.522, 12.37, 11.864, 12.699, 12.779, 12.859, 13.646, 14.381, 15.586, 14.797, 14.384, 14.708, 14.007, 13.192, 12.498, 10.065, 7.655, 6.381, 7.327, 6.929, 5.854, 3.994, 4.381, 7.519, 9.745, 9.171, 7.087, 7.127, 9.489, 10.791, 11.249, 13.672, 15.883, 16.727, 16.868, 17.611, 19.504, 20.332, 19.628, 20.194, 22.093, 22.446, 22.305, 22.868, 22.621, 20.523, 18.801, 19.356, 18.983, 18.392, 19.018, 19.563, 19.822, 19.248, 19.748, 19.666, 19.067, 16.188, 15.749, 15.707, 14.451, 13.621, 14.151, 14.754, 14.36, 14.404, 15.669, 16.101, 15.694, 15.472, 14.515, 14.382, 13.953, 11.837, 10.719, 11.123, 11.109, 9.944, 9.007, 7.938, 8.013, 9.165, 8.055], [3.876, 3.981, 3.798, 5.032, 4.544, 3.555, 2.177, 1.523, 1.102, 0.0, 1.99, 4.591, 5.673, 7.695, 8.304, 7.518, 6.402, 6.852, 6.181, 4.889, 4.724, 6.246, 5.759, 5.924, 6.974, 7.31, 7.388, 8.049, 8.61, 9.299, 11.488, 14.236, 16.296, 17.029, 16.357, 16.001, 15.736, 16.333, 16.892, 16.831, 16.481, 16.948, 17.434, 19.789, 21.731, 22.639, 22.239, 22.949, 24.703, 24.307, 23.265, 21.584, 20.058, 19.314, 20.653, 21.787, 21.572, 20.877, 20.171, 20.08, 19.439, 19.242, 21.748, 24.523, 25.62, 26.12, 27.541, 27.097, 24.596, 23.905, 23.577, 23.378, 23.372, 22.417, 19.993, 20.266, 20.716, 20.849, 19.823, 18.357, 18.71, 18.507, 17.231, 14.903, 12.712, 13.1, 17.122, 18.07, 15.824, 16.035, 17.337, 18.132, 18.256, 19.887, 22.693, 24.31, 24.39, 24.864, 26.887, 26.305, 24.201, 24.062, 24.972, 24.992, 24.193, 23.413, 23.428, 21.557, 18.763, 19.183, 20.94, 20.611, 18.547, 17.639, 16.98, 13.776, 9.881, 12.337, 14.92, 16.147, 15.066, 14.043, 13.569, 13.133, 11.681, 11.252, 12.093, 12.125, 12.317, 13.286, 14.066, 15.248, 14.5, 14.041, 14.228, 13.64, 12.902, 12.186, 9.735, 7.078, 5.757, 6.697, 6.274, 5.205, 3.55, 3.881, 7.254, 9.463, 8.799, 6.668, 6.587, 8.853, 10.141, 10.804, 13.207, 15.467, 16.355, 16.408, 17.134, 19.221, 20.036, 19.321, 19.88, 21.671, 21.948, 21.809, 22.402, 22.135, 20.116, 18.489, 18.982, 18.658, 18.001, 18.481, 19.054, 19.145, 18.483, 18.988, 18.995, 18.384, 15.539, 15.225, 15.339, 13.953, 13.145, 13.748, 14.215, 13.758, 13.801, 15.054, 15.619, 15.362, 15.145, 14.168, 14.076, 13.476, 11.285, 10.217, 10.688, 10.541, 9.55, 8.742, 7.682, 7.706, 8.772, 7.64], [2.82, 2.734, 2.898, 3.476, 3.181, 2.583, 1.245, 1.72, 2.353, 1.99, 0.0, 2.853, 4.225, 6.399, 7.109, 6.736, 5.527, 6.027, 5.565, 4.493, 3.94, 5.33, 4.764, 4.913, 5.691, 6.242, 6.472, 7.05, 7.473, 7.924, 10.103, 12.651, 14.732, 15.57, 14.897, 14.541, 14.27, 14.824, 15.393, 15.276, 14.895, 15.456, 16.131, 18.329, 20.142, 21.11, 20.7, 21.485, 23.172, 22.762, 21.733, 20.012, 18.417, 17.861, 19.119, 20.194, 19.901, 19.206, 18.589, 18.542, 17.951, 17.791, 20.224, 22.996, 24.184, 24.641, 26.073, 25.637, 23.092, 22.396, 22.076, 21.869, 21.76, 20.772, 18.424, 18.826, 19.287, 19.324, 18.659, 17.152, 17.526, 17.388, 15.922, 13.733, 11.519, 11.701, 15.662, 16.61, 14.371, 14.536, 15.845, 16.639, 16.79, 18.389, 21.227, 22.839, 22.901, 23.358, 25.371, 24.804, 22.718, 22.553, 23.412, 23.385, 22.669, 21.894, 21.908, 20.069, 17.237, 17.754, 19.431, 19.16, 17.373, 16.405, 15.486, 12.211, 8.331, 10.606, 13.255, 14.643, 13.619, 12.616, 12.143, 11.998, 10.707, 10.011, 11.048, 11.221, 11.093, 11.881, 12.63, 13.788, 13.041, 12.619, 13.009, 12.39, 11.451, 10.701, 8.342, 6.335, 5.373, 6.069, 5.57, 4.234, 2.164, 2.87, 5.809, 8.003, 7.339, 5.255, 5.36, 7.567, 8.755, 9.393, 11.703, 13.915, 14.858, 14.704, 15.667, 17.768, 18.584, 17.866, 18.425, 20.034, 20.36, 20.251, 20.821, 20.549, 18.542, 17.015, 17.471, 17.151, 16.428, 16.92, 17.665, 17.846, 17.338, 17.773, 17.73, 17.165, 14.23, 14.108, 14.167, 12.693, 11.588, 12.312, 12.974, 12.702, 12.85, 13.637, 14.275, 13.983, 13.779, 13.072, 12.779, 12.37, 10.283, 9.157, 9.36, 9.244, 8.208, 7.378, 6.292, 6.255, 7.272, 6.13], [2.439, 2.538, 2.84, 2.453, 2.194, 2.925, 3.205, 4.508, 5.087, 4.591, 2.853, 0.0, 2.583, 4.469, 5.742, 5.502, 4.482, 5.219, 5.09, 4.192, 3.87, 4.804, 4.56, 4.66, 4.373, 5.065, 5.3, 5.667, 5.979, 6.185, 7.964, 10.254, 12.324, 13.098, 12.243, 12.029, 11.897, 12.149, 12.87, 12.794, 12.189, 12.756, 13.84, 15.66, 17.537, 18.527, 18.251, 19.04, 20.568, 20.138, 19.247, 17.708, 16.183, 15.868, 16.963, 17.848, 17.538, 16.891, 16.229, 16.085, 15.368, 15.563, 17.762, 20.351, 21.756, 21.996, 23.31, 22.954, 20.577, 20.022, 19.817, 19.677, 19.694, 18.398, 16.217, 16.737, 17.14, 17.19, 16.798, 15.257, 15.723, 15.703, 14.043, 12.132, 9.59, 9.778, 13.124, 13.932, 11.813, 11.87, 13.331, 14.046, 14.099, 15.649, 18.516, 20.049, 20.112, 20.604, 22.586, 22.022, 19.966, 19.798, 20.664, 20.627, 20.043, 19.425, 19.264, 17.324, 14.932, 15.477, 16.96, 16.84, 15.374, 14.471, 13.503, 10.092, 6.24, 8.321, 10.862, 12.133, 11.535, 10.556, 10.224, 10.065, 9.566, 8.813, 9.702, 10.135, 9.17, 9.633, 10.002, 11.222, 10.515, 10.472, 10.942, 10.213, 9.026, 8.174, 6.89, 5.543, 5.102, 5.424, 4.992, 3.666, 2.598, 2.88, 3.671, 5.483, 5.006, 3.049, 3.365, 5.638, 6.743, 7.187, 9.491, 11.49, 12.449, 12.383, 13.177, 15.006, 15.897, 15.267, 15.847, 17.645, 17.946, 17.665, 18.284, 17.899, 15.782, 14.559, 14.831, 14.58, 13.955, 14.821, 15.574, 16.115, 15.718, 16.003, 15.863, 15.158, 12.346, 12.179, 12.64, 11.188, 10.135, 10.668, 11.997, 11.771, 11.809, 12.198, 12.407, 11.769, 11.709, 11.442, 11.189, 10.499, 8.818, 7.663, 7.674, 7.388, 6.141, 5.215, 4.309, 4.56, 4.761, 4.384], [2.337, 2.261, 2.27, 1.264, 1.546, 2.486, 3.773, 5.36, 6.211, 5.673, 4.225, 2.583, 0.0, 2.565, 3.79, 3.529, 2.317, 2.812, 2.85, 2.371, 2.168, 2.948, 2.807, 2.913, 2.549, 2.908, 2.986, 3.475, 3.962, 4.114, 6.274, 8.87, 10.963, 11.795, 11.123, 10.767, 10.501, 11.091, 11.623, 11.62, 11.136, 11.792, 12.31, 14.56, 16.407, 17.386, 16.905, 17.783, 19.441, 18.992, 18.007, 16.202, 14.467, 14.02, 15.267, 16.373, 16.224, 15.45, 14.835, 14.793, 14.178, 13.984, 16.457, 19.226, 20.401, 20.934, 22.407, 21.89, 19.344, 18.537, 18.304, 17.867, 17.915, 17.063, 14.508, 14.801, 15.204, 15.264, 14.684, 13.232, 13.615, 13.667, 12.051, 10.16, 7.813, 8.009, 11.936, 12.836, 10.637, 10.821, 12.103, 12.911, 13.096, 14.668, 17.545, 19.123, 19.218, 19.708, 21.677, 21.07, 18.969, 18.818, 19.66, 19.648, 18.922, 18.142, 18.162, 16.298, 13.371, 13.936, 15.74, 15.335, 13.301, 12.417, 11.7, 8.252, 4.706, 6.868, 9.688, 11.055, 9.779, 8.724, 8.196, 8.081, 7.09, 6.352, 7.486, 7.696, 7.262, 8.113, 8.901, 10.068, 9.272, 8.815, 8.941, 8.435, 7.69, 6.94, 4.932, 3.128, 2.892, 3.106, 2.886, 1.748, 2.592, 2.345, 2.436, 4.293, 3.639, 1.925, 2.051, 3.584, 4.921, 5.612, 7.764, 10.017, 11.082, 11.042, 11.954, 14.009, 14.824, 14.106, 14.665, 16.269, 16.727, 16.632, 17.225, 16.933, 14.86, 13.28, 13.715, 13.434, 12.695, 13.106, 13.656, 13.995, 13.653, 14.018, 13.927, 13.198, 10.485, 10.439, 10.454, 9.02, 7.914, 8.695, 9.891, 9.41, 9.586, 10.041, 10.281, 10.106, 10.028, 9.393, 9.276, 8.679, 6.785, 5.543, 5.712, 5.356, 4.199, 3.725, 2.631, 3.002, 3.794, 2.542], [4.27, 4.251, 4.21, 3.25, 3.6, 4.477, 5.826, 7.454, 8.223, 7.695, 6.399, 4.469, 2.565, 0.0, 1.81, 1.658, 1.983, 1.889, 2.33, 3.293, 3.319, 3.076, 3.134, 3.085, 2.215, 1.963, 1.639, 1.911, 2.462, 2.301, 4.078, 6.7, 8.834, 9.62, 8.959, 8.592, 8.348, 8.963, 9.468, 9.528, 8.969, 9.649, 10.232, 12.388, 14.25, 15.214, 14.746, 15.683, 17.272, 16.837, 15.835, 14.052, 12.438, 11.967, 13.266, 14.363, 14.185, 13.415, 12.72, 12.626, 12.003, 11.793, 14.292, 17.062, 18.231, 18.841, 20.315, 19.747, 17.252, 16.404, 16.205, 15.933, 15.841, 14.983, 12.434, 12.717, 13.193, 13.311, 12.556, 11.027, 11.527, 11.705, 10.024, 8.113, 5.665, 5.994, 9.784, 10.661, 8.694, 8.673, 9.959, 10.766, 10.953, 12.525, 15.401, 16.979, 17.07, 17.561, 19.529, 18.904, 16.806, 16.648, 17.513, 17.53, 16.749, 15.996, 15.992, 14.123, 11.211, 11.856, 13.591, 13.184, 11.169, 10.31, 9.552, 6.315, 2.766, 4.8, 7.588, 8.963, 7.716, 6.661, 6.207, 5.84, 5.431, 5.072, 5.853, 6.194, 5.018, 6.018, 6.746, 7.951, 7.12, 6.566, 6.737, 6.282, 5.515, 4.765, 3.305, 2.253, 3.153, 3.168, 2.913, 3.318, 4.621, 4.316, 2.57, 2.815, 2.553, 2.294, 1.937, 1.867, 3.344, 3.668, 5.651, 7.892, 8.906, 8.936, 9.882, 11.837, 12.652, 11.939, 12.5, 14.099, 14.65, 14.539, 15.137, 14.846, 12.745, 11.136, 11.554, 11.285, 10.564, 11.028, 11.58, 11.989, 11.744, 11.998, 11.796, 11.078, 8.333, 8.125, 8.561, 7.158, 6.494, 6.999, 8.228, 7.858, 8.004, 8.343, 8.25, 7.953, 7.981, 7.417, 7.354, 6.383, 4.822, 3.666, 3.627, 3.325, 2.25, 2.105, 1.649, 2.199, 2.946, 1.788], [4.808, 4.858, 4.832, 4.214, 4.659, 5.14, 6.464, 8.209, 8.776, 8.304, 7.109, 5.742, 3.79, 1.81, 0.0, 1.385, 2.688, 2.307, 2.81, 4.011, 4.085, 3.606, 3.936, 3.744, 2.601, 1.784, 1.997, 1.664, 2.038, 1.881, 3.366, 6.01, 8.143, 8.878, 8.21, 7.85, 7.599, 8.204, 8.719, 8.791, 8.252, 8.902, 9.533, 11.645, 13.495, 14.48, 14.032, 14.95, 16.544, 16.117, 15.107, 13.339, 11.892, 11.404, 12.73, 13.821, 13.557, 12.821, 12.012, 11.881, 11.261, 11.068, 13.566, 16.32, 17.495, 18.084, 19.555, 18.994, 16.487, 15.739, 15.467, 15.395, 15.269, 14.272, 11.852, 12.15, 12.665, 12.777, 11.9, 10.368, 10.763, 10.81, 9.306, 6.9, 4.859, 4.999, 9.035, 9.919, 7.703, 7.928, 9.21, 10.016, 10.202, 11.774, 14.651, 16.229, 16.315, 16.814, 18.786, 18.163, 16.065, 15.903, 16.783, 16.814, 16.008, 15.287, 15.24, 13.381, 10.572, 11.126, 12.847, 12.502, 10.622, 9.771, 9.006, 5.781, 1.985, 4.192, 6.887, 8.192, 7.115, 6.125, 5.641, 5.183, 4.393, 4.447, 4.837, 5.086, 4.212, 5.26, 5.987, 7.192, 6.371, 5.882, 6.159, 5.572, 4.773, 4.023, 2.196, 2.326, 3.929, 3.928, 3.611, 4.182, 5.44, 5.058, 3.41, 2.99, 2.101, 3.538, 3.156, 1.788, 2.865, 3.085, 5.036, 7.268, 8.186, 8.266, 9.154, 11.094, 11.909, 11.191, 11.756, 13.418, 13.973, 13.838, 14.372, 14.095, 11.983, 10.397, 10.819, 10.531, 9.821, 10.441, 10.985, 11.168, 10.76, 11.179, 11.161, 10.548, 7.657, 7.205, 7.419, 6.1, 5.577, 6.078, 7.078, 6.76, 6.925, 7.249, 7.503, 7.262, 7.091, 6.356, 6.086, 5.53, 3.575, 2.578, 2.681, 2.533, 1.638, 1.82, 2.116, 2.143, 2.357, 1.971], [4.305, 4.412, 4.374, 3.829, 4.259, 4.635, 6.033, 7.618, 8.033, 7.518, 6.736, 5.502, 3.529, 1.658, 1.385, 0.0, 1.92, 1.753, 2.117, 3.373, 3.535, 3.067, 3.226, 3.064, 2.407, 1.524, 1.456, 1.488, 2.161, 2.516, 4.176, 6.919, 9.003, 9.646, 8.971, 8.615, 8.368, 8.994, 9.567, 9.588, 9.184, 9.587, 10.112, 12.421, 14.403, 15.284, 14.911, 15.625, 17.329, 16.953, 15.915, 14.271, 12.829, 12.138, 13.456, 14.565, 14.363, 13.66, 12.895, 12.752, 12.095, 11.888, 14.423, 17.177, 18.251, 18.789, 20.226, 19.741, 17.324, 16.608, 16.33, 16.203, 16.178, 15.152, 12.761, 13.013, 13.464, 13.602, 12.576, 11.145, 11.471, 11.355, 10.069, 7.598, 5.416, 5.724, 9.736, 10.689, 8.47, 8.673, 9.974, 10.763, 10.898, 12.509, 15.318, 16.936, 17.009, 17.483, 19.521, 18.945, 16.826, 16.704, 17.655, 17.673, 16.824, 16.07, 16.087, 14.207, 11.459, 11.955, 13.641, 13.294, 11.372, 10.442, 9.795, 6.597, 2.647, 5.103, 7.69, 8.898, 7.84, 6.861, 6.382, 5.847, 4.724, 5.031, 5.21, 5.346, 5.051, 5.944, 6.681, 7.884, 7.115, 6.705, 6.98, 6.316, 5.53, 4.823, 2.768, 1.876, 3.262, 3.245, 2.832, 3.542, 4.992, 4.454, 3.178, 3.062, 2.601, 3.172, 2.824, 2.331, 3.583, 3.814, 5.969, 8.201, 9.031, 9.143, 9.9, 11.833, 12.654, 11.952, 12.527, 14.375, 14.72, 14.578, 15.137, 14.886, 12.792, 11.134, 11.63, 11.273, 10.67, 11.306, 11.831, 11.974, 11.298, 11.819, 11.805, 11.174, 8.356, 7.9, 8.069, 6.781, 6.187, 6.826, 7.572, 7.145, 7.05, 7.916, 8.367, 8.036, 7.777, 6.941, 6.73, 6.159, 4.026, 3.112, 3.521, 3.286, 2.504, 2.192, 1.975, 1.962, 2.857, 1.971], [3.413, 3.539, 3.343, 2.868, 3.318, 3.664, 4.808, 6.097, 7.103, 6.402, 5.527, 4.482, 2.317, 1.983, 2.688, 1.92, 0.0, 1.158, 1.218, 2.017, 2.127, 1.771, 1.597, 1.933, 2.062, 1.944, 1.484, 2.112, 2.83, 3.562, 5.911, 8.607, 10.65, 11.495, 10.824, 10.468, 10.196, 10.75, 11.319, 11.261, 10.822, 11.371, 11.847, 14.24, 16.082, 17.064, 16.592, 17.388, 19.118, 18.692, 17.69, 15.915, 14.255, 13.516, 14.87, 16.023, 15.819, 15.103, 14.497, 14.484, 13.872, 13.645, 16.138, 18.907, 20.072, 20.594, 22.036, 21.585, 19.043, 18.249, 17.996, 17.485, 17.603, 16.733, 14.201, 14.388, 14.785, 14.85, 13.62, 12.42, 12.822, 12.508, 11.299, 9.309, 7.177, 7.556, 11.589, 12.537, 10.292, 10.481, 11.79, 12.583, 12.73, 14.333, 17.166, 18.784, 18.845, 19.303, 21.329, 20.75, 18.651, 18.498, 19.359, 19.348, 18.593, 17.834, 17.854, 15.989, 13.073, 13.6, 15.344, 15.036, 12.577, 11.683, 11.196, 7.904, 4.295, 6.594, 9.265, 10.596, 9.272, 8.119, 7.689, 7.528, 5.643, 5.387, 6.18, 6.027, 6.705, 7.764, 8.533, 9.715, 8.967, 8.443, 8.526, 8.085, 7.37, 6.619, 4.19, 1.812, 1.761, 1.766, 1.588, 2.079, 4.08, 3.581, 3.533, 4.279, 3.776, 2.953, 2.619, 2.934, 4.462, 5.268, 7.474, 9.762, 10.765, 10.674, 11.608, 13.689, 14.504, 13.786, 14.345, 15.972, 16.321, 16.213, 16.837, 16.534, 14.495, 12.944, 13.39, 13.104, 12.367, 12.713, 13.252, 13.128, 12.21, 12.817, 12.943, 12.229, 9.718, 9.593, 9.703, 8.21, 7.386, 8.111, 8.708, 8.095, 8.031, 9.204, 9.856, 9.751, 9.585, 8.637, 8.578, 7.919, 5.778, 4.646, 5.063, 4.751, 3.823, 3.566, 2.699, 2.86, 4.063, 2.579], [3.687, 3.833, 3.557, 3.287, 3.731, 3.871, 5.15, 6.442, 7.509, 6.852, 6.027, 5.219, 2.812, 1.889, 2.307, 1.753, 1.158, 0.0, 1.016, 2.224, 2.36, 1.696, 1.875, 1.99, 2.136, 1.549, 1.221, 1.812, 2.685, 3.275, 5.52, 8.237, 10.32, 11.106, 10.451, 10.078, 9.84, 10.435, 10.937, 11.001, 10.442, 11.138, 11.633, 13.873, 15.725, 16.709, 16.233, 17.153, 18.759, 18.322, 17.331, 15.556, 13.89, 13.312, 14.677, 15.839, 15.68, 14.873, 14.187, 14.109, 13.489, 13.281, 15.786, 18.548, 19.712, 20.316, 21.786, 21.234, 18.718, 17.871, 17.687, 17.162, 17.307, 16.493, 13.912, 14.058, 14.443, 14.482, 13.257, 12.125, 12.443, 12.304, 11.004, 9.045, 6.872, 7.232, 11.275, 12.147, 9.93, 10.17, 11.455, 12.257, 12.441, 14.013, 16.89, 18.468, 18.555, 19.053, 21.03, 20.388, 18.294, 18.133, 18.994, 19.041, 18.242, 17.491, 17.469, 15.609, 12.682, 13.277, 15.084, 14.67, 12.222, 11.416, 10.971, 7.575, 4.051, 6.306, 9.097, 10.423, 9.119, 7.848, 7.452, 7.138, 5.125, 5.005, 5.812, 5.472, 6.36, 7.491, 8.222, 9.423, 8.612, 8.052, 8.08, 7.726, 7.001, 6.251, 3.799, 1.402, 1.886, 1.823, 1.744, 2.364, 4.483, 3.819, 3.665, 3.921, 3.348, 3.44, 2.814, 2.521, 4.12, 4.945, 7.107, 9.347, 10.392, 10.433, 11.332, 13.324, 14.139, 13.421, 13.985, 15.602, 16.135, 16.017, 16.604, 16.32, 14.214, 12.629, 13.037, 12.772, 12.044, 12.46, 12.896, 12.809, 11.989, 12.551, 12.757, 11.996, 9.556, 9.279, 9.253, 7.857, 6.97, 7.728, 8.246, 7.515, 7.658, 8.906, 9.434, 9.38, 9.225, 8.251, 8.256, 7.679, 5.559, 4.255, 4.707, 4.519, 3.375, 3.095, 2.373, 2.445, 3.633, 2.196], [3.159, 3.254, 2.934, 3.121, 3.436, 3.316, 4.661, 5.902, 6.729, 6.181, 5.565, 5.09, 2.85, 2.33, 2.81, 2.117, 1.218, 1.016, 0.0, 1.554, 1.902, 1.563, 1.766, 1.782, 2.231, 2.15, 1.825, 2.438, 3.231, 3.812, 5.879, 8.696, 10.811, 11.44, 10.793, 10.407, 10.195, 10.883, 11.381, 11.466, 10.957, 11.529, 11.985, 14.203, 16.233, 17.092, 16.665, 17.585, 19.134, 18.707, 17.715, 16.083, 14.524, 13.964, 15.313, 16.466, 16.26, 15.462, 14.716, 14.557, 13.859, 13.641, 16.186, 18.95, 20.058, 20.714, 22.182, 21.585, 19.185, 18.287, 18.174, 17.892, 17.942, 17.039, 14.502, 14.663, 15.146, 15.238, 14.028, 12.75, 13.114, 12.946, 11.645, 9.496, 7.238, 7.575, 11.618, 12.482, 10.281, 10.557, 11.819, 12.621, 12.799, 14.375, 17.239, 18.817, 18.937, 19.431, 21.415, 20.743, 18.646, 18.486, 19.455, 19.55, 18.634, 17.891, 17.902, 15.986, 13.183, 13.738, 15.545, 15.026, 12.943, 12.164, 11.588, 8.278, 4.538, 6.914, 9.643, 10.909, 9.675, 8.579, 8.145, 7.467, 5.809, 5.602, 6.437, 6.202, 6.84, 7.878, 8.606, 9.811, 8.978, 8.409, 8.56, 8.087, 7.33, 6.601, 4.169, 1.432, 1.535, 1.76, 1.387, 2.275, 4.136, 3.32, 3.8, 4.301, 3.767, 3.459, 2.895, 3.21, 4.793, 5.391, 7.641, 9.891, 10.776, 10.986, 11.763, 13.655, 14.475, 13.762, 14.335, 16.124, 16.663, 16.539, 17.068, 16.823, 14.691, 13.0, 13.443, 13.155, 12.516, 13.073, 13.547, 13.524, 12.745, 13.33, 13.491, 12.771, 10.157, 9.736, 9.696, 8.405, 7.597, 8.197, 8.769, 8.159, 8.247, 9.59, 10.035, 9.748, 9.583, 8.597, 8.606, 8.064, 5.991, 4.695, 5.171, 5.093, 3.857, 3.484, 2.657, 2.808, 4.093, 2.614], [2.213, 2.362, 1.83, 2.489, 2.644, 2.442, 3.511, 4.675, 5.422, 4.889, 4.493, 4.192, 2.371, 3.293, 4.011, 3.373, 2.017, 2.224, 1.554, 0.0, 0.988, 1.827, 1.712, 1.838, 2.83, 3.139, 3.009, 3.716, 4.39, 4.984, 7.045, 9.874, 11.99, 12.628, 12.015, 11.623, 11.404, 12.067, 12.589, 12.639, 12.124, 12.722, 13.222, 15.418, 17.411, 18.273, 17.803, 18.781, 20.337, 19.885, 18.894, 17.251, 15.68, 15.124, 16.476, 17.623, 17.424, 16.619, 15.877, 15.733, 15.063, 14.824, 17.354, 20.111, 21.278, 21.931, 23.4, 22.806, 20.368, 19.466, 19.352, 19.061, 19.099, 18.207, 15.658, 15.832, 16.324, 16.41, 15.24, 13.926, 14.29, 14.133, 12.816, 10.675, 8.436, 8.796, 12.839, 13.666, 11.496, 11.758, 13.026, 13.833, 14.012, 15.593, 18.46, 20.038, 20.154, 20.646, 22.616, 21.953, 19.828, 19.678, 20.633, 20.727, 19.85, 19.082, 19.102, 17.167, 14.33, 14.929, 16.732, 16.234, 14.118, 13.344, 12.745, 9.447, 5.729, 8.075, 10.811, 12.084, 10.842, 9.756, 9.324, 8.657, 7.033, 6.769, 7.63, 7.529, 8.027, 9.098, 9.825, 11.031, 10.197, 9.581, 9.699, 9.29, 8.517, 7.797, 5.352, 2.462, 1.507, 2.186, 1.756, 1.725, 3.232, 2.426, 3.619, 5.129, 4.572, 3.306, 3.105, 4.355, 5.8, 6.573, 8.806, 11.045, 11.976, 12.149, 12.956, 14.847, 15.663, 14.958, 15.556, 17.29, 17.824, 17.708, 18.272, 18.003, 15.893, 14.209, 14.641, 14.375, 13.72, 14.234, 14.717, 14.713, 14.031, 14.548, 14.686, 13.983, 11.318, 10.94, 10.862, 9.57, 8.762, 9.33, 9.916, 9.276, 9.39, 10.763, 11.197, 10.936, 10.765, 9.81, 9.827, 9.262, 7.181, 5.867, 6.338, 6.258, 5.028, 4.346, 3.404, 3.413, 4.729, 3.431], [2.188, 2.278, 1.829, 2.292, 2.599, 2.284, 3.263, 4.415, 5.393, 4.724, 3.94, 3.87, 2.168, 3.319, 4.085, 3.535, 2.127, 2.36, 1.902, 0.988, 0.0, 1.765, 1.416, 1.604, 2.656, 3.133, 2.971, 3.631, 4.311, 5.061, 7.3, 9.946, 12.02, 12.816, 12.151, 11.787, 11.541, 12.131, 12.639, 12.687, 12.141, 12.836, 13.375, 15.583, 17.412, 18.418, 17.935, 18.839, 20.464, 20.036, 19.039, 17.253, 15.502, 15.019, 16.335, 17.459, 17.318, 16.523, 15.873, 15.821, 15.199, 14.992, 17.496, 20.258, 21.412, 21.998, 23.467, 22.928, 20.404, 19.586, 19.375, 18.962, 18.914, 18.147, 15.572, 15.847, 16.258, 16.343, 15.257, 13.975, 14.141, 14.094, 12.873, 10.751, 8.59, 8.943, 12.976, 13.856, 11.643, 11.871, 13.156, 13.959, 14.14, 15.712, 18.589, 20.166, 20.25, 20.751, 22.731, 22.096, 20.002, 19.841, 20.698, 20.738, 19.94, 19.19, 19.179, 17.319, 14.392, 14.934, 16.788, 16.371, 14.078, 13.345, 12.621, 9.383, 5.776, 7.924, 10.752, 12.079, 10.816, 9.692, 9.231, 8.895, 7.112, 6.741, 7.699, 7.605, 8.089, 9.177, 9.971, 11.133, 10.327, 9.762, 9.873, 9.436, 8.71, 7.961, 5.506, 2.853, 1.677, 2.505, 2.067, 1.682, 2.977, 2.193, 3.812, 5.272, 4.649, 3.37, 3.143, 4.311, 5.876, 6.626, 8.818, 11.07, 12.103, 12.082, 13.014, 15.032, 15.847, 15.129, 15.691, 17.306, 17.819, 17.699, 18.258, 17.986, 15.885, 14.328, 14.743, 14.467, 13.732, 14.138, 14.655, 14.697, 14.007, 14.534, 14.654, 13.974, 11.285, 10.987, 11.002, 9.569, 8.735, 9.44, 9.829, 9.364, 9.381, 10.674, 11.186, 11.11, 10.946, 9.977, 9.955, 9.4, 7.278, 6.021, 6.451, 6.273, 5.209, 4.619, 3.666, 3.658, 4.919, 3.456], [3.339, 3.538, 3.109, 3.29, 3.686, 3.585, 4.631, 5.723, 6.874, 6.246, 5.33, 4.804, 2.948, 3.076, 3.606, 3.067, 1.771, 1.696, 1.563, 1.827, 1.765, 0.0, 1.029, 1.312, 2.248, 2.662, 2.324, 2.879, 3.676, 4.445, 6.819, 9.389, 11.481, 12.28, 11.627, 11.267, 11.013, 11.619, 12.136, 12.158, 11.601, 12.296, 12.791, 15.037, 16.859, 17.857, 17.364, 18.276, 19.904, 19.445, 18.46, 16.665, 14.785, 14.272, 15.659, 16.786, 16.662, 15.888, 15.326, 15.274, 14.656, 14.46, 16.946, 19.704, 20.871, 21.447, 22.925, 22.39, 19.859, 19.029, 18.813, 18.083, 18.214, 17.556, 14.944, 15.12, 15.423, 15.314, 14.097, 13.223, 13.357, 13.252, 12.001, 10.186, 8.115, 8.468, 12.501, 13.349, 11.113, 11.338, 12.619, 13.427, 13.615, 15.226, 18.088, 19.626, 19.711, 20.201, 22.17, 21.551, 19.468, 19.291, 20.132, 20.136, 19.392, 18.64, 18.614, 16.773, 13.85, 14.417, 16.237, 15.831, 13.308, 12.415, 11.99, 8.56, 5.275, 7.368, 10.188, 11.588, 10.238, 8.789, 8.471, 8.361, 6.252, 5.913, 6.903, 6.339, 7.57, 8.69, 9.496, 10.653, 9.852, 9.243, 9.243, 8.887, 8.165, 7.415, 4.961, 2.235, 1.915, 2.098, 1.83, 2.287, 4.315, 3.601, 4.583, 5.023, 4.6, 4.053, 3.57, 3.223, 5.152, 6.092, 8.237, 10.51, 11.556, 11.501, 12.474, 14.5, 15.316, 14.596, 15.144, 16.694, 17.237, 17.134, 17.719, 17.424, 15.333, 13.778, 14.183, 13.923, 13.171, 13.462, 13.999, 13.761, 12.578, 13.125, 13.572, 12.827, 10.585, 10.397, 10.394, 8.957, 8.044, 8.845, 9.113, 8.419, 8.508, 9.751, 10.538, 10.534, 10.426, 9.429, 9.425, 8.923, 6.797, 5.54, 5.961, 5.742, 4.689, 4.462, 3.886, 3.753, 4.763, 3.461], [3.119, 3.228, 2.877, 3.092, 3.457, 3.217, 4.241, 5.344, 6.427, 5.759, 4.764, 4.56, 2.807, 3.134, 3.936, 3.226, 1.597, 1.875, 1.766, 1.712, 1.416, 1.029, 0.0, 1.183, 2.185, 2.698, 2.352, 3.026, 3.819, 4.748, 7.13, 9.702, 11.757, 12.603, 11.93, 11.579, 11.302, 11.863, 12.442, 12.385, 11.928, 12.48, 12.971, 15.348, 17.175, 18.154, 17.675, 18.485, 20.212, 19.749, 18.77, 16.981, 15.085, 14.428, 15.817, 16.942, 16.83, 16.06, 15.603, 15.58, 14.985, 14.754, 17.246, 20.015, 21.177, 21.709, 23.156, 22.69, 20.167, 19.349, 19.107, 18.285, 18.466, 17.808, 15.218, 15.379, 15.649, 15.553, 14.375, 13.49, 13.65, 13.399, 12.252, 10.408, 8.344, 8.716, 12.738, 13.661, 11.446, 11.609, 12.899, 13.692, 13.838, 15.476, 18.293, 19.893, 19.954, 20.401, 22.424, 21.85, 19.765, 19.597, 20.439, 20.4, 19.71, 18.922, 18.928, 17.099, 14.176, 14.69, 16.45, 16.143, 13.559, 12.589, 12.161, 8.779, 5.484, 7.609, 10.322, 11.726, 10.384, 8.931, 8.63, 8.672, 6.549, 6.185, 7.128, 6.692, 7.865, 8.925, 9.731, 10.895, 10.132, 9.555, 9.576, 9.197, 8.497, 7.748, 5.285, 2.581, 1.662, 2.246, 1.89, 1.998, 3.813, 3.191, 4.335, 5.084, 4.642, 3.72, 3.338, 3.533, 5.266, 6.324, 8.551, 10.824, 11.869, 11.731, 12.722, 14.798, 15.614, 14.896, 15.465, 17.023, 17.419, 17.321, 17.929, 17.637, 15.584, 14.043, 14.487, 14.207, 13.462, 13.681, 14.246, 14.036, 12.85, 13.415, 13.774, 13.014, 10.744, 10.688, 10.709, 9.269, 8.33, 9.156, 9.45, 8.746, 8.752, 9.939, 10.854, 10.84, 10.736, 9.739, 9.658, 9.088, 6.962, 5.851, 6.253, 5.935, 5.027, 4.649, 3.876, 3.773, 4.895, 3.509], [3.319, 3.435, 2.891, 3.192, 3.635, 3.307, 4.339, 5.552, 6.627, 5.924, 4.913, 4.66, 2.913, 3.085, 3.744, 3.064, 1.933, 1.99, 1.782, 1.838, 1.604, 1.312, 1.183, 0.0, 1.79, 2.492, 2.348, 2.747, 3.204, 4.436, 6.888, 9.459, 11.541, 12.387, 11.715, 11.359, 11.086, 11.641, 12.21, 12.077, 11.708, 12.255, 12.765, 15.13, 16.92, 17.921, 17.432, 18.209, 19.952, 19.493, 18.509, 16.755, 14.908, 13.801, 15.2, 16.521, 16.452, 15.809, 15.369, 15.355, 14.768, 14.542, 17.033, 19.793, 20.917, 21.402, 22.849, 22.415, 19.877, 19.105, 18.81, 18.174, 18.181, 17.532, 14.972, 15.162, 15.499, 15.515, 14.387, 13.301, 13.39, 12.938, 11.969, 10.192, 8.102, 8.474, 12.496, 13.428, 11.211, 11.353, 12.662, 13.455, 13.602, 15.213, 18.039, 19.635, 19.701, 20.145, 22.14, 21.615, 19.529, 19.364, 20.192, 20.142, 19.451, 18.66, 18.684, 16.886, 13.962, 14.466, 16.235, 15.927, 13.367, 12.484, 11.725, 8.478, 5.16, 7.306, 9.925, 11.387, 10.154, 8.353, 8.425, 8.43, 6.491, 6.052, 6.877, 6.797, 7.623, 8.655, 9.489, 10.646, 9.89, 9.333, 9.361, 8.977, 8.282, 7.532, 5.073, 2.34, 1.738, 2.24, 1.76, 2.281, 3.962, 3.309, 4.577, 4.96, 4.674, 3.929, 3.39, 3.634, 4.978, 6.06, 8.343, 10.608, 11.657, 11.461, 12.402, 14.585, 15.401, 14.682, 15.23, 16.773, 17.058, 16.974, 17.522, 17.304, 15.313, 13.772, 14.226, 13.932, 13.194, 13.384, 14.069, 13.859, 12.723, 13.201, 13.616, 13.003, 10.439, 10.418, 10.5, 9.009, 8.118, 8.911, 9.026, 8.449, 8.486, 9.631, 10.66, 10.59, 10.496, 9.511, 9.422, 8.864, 6.717, 5.609, 6.011, 5.692, 4.761, 4.553, 3.898, 3.737, 4.833, 3.554], [3.864, 3.894, 3.802, 3.009, 3.43, 3.981, 5.215, 6.798, 7.636, 6.974, 5.691, 4.373, 2.549, 2.215, 2.601, 2.407, 2.062, 2.136, 2.231, 2.83, 2.656, 2.248, 2.185, 1.79, 0.0, 1.483, 2.041, 1.889, 2.153, 3.033, 5.283, 7.826, 9.906, 10.752, 10.079, 9.723, 9.451, 10.006, 10.575, 10.442, 10.071, 10.62, 11.198, 13.497, 15.3, 16.288, 15.807, 16.606, 18.328, 17.884, 16.901, 15.12, 13.291, 12.443, 13.766, 14.969, 14.855, 14.222, 13.732, 13.718, 13.131, 12.905, 15.396, 18.16, 19.305, 19.793, 21.234, 20.8, 18.253, 17.508, 17.19, 16.698, 16.57, 15.904, 13.39, 13.673, 14.039, 14.081, 13.145, 11.836, 11.976, 11.73, 10.546, 8.637, 6.515, 6.868, 10.864, 11.793, 9.595, 9.716, 11.025, 11.818, 11.965, 13.579, 16.408, 18.009, 18.075, 18.524, 20.529, 19.982, 17.896, 17.731, 18.566, 18.54, 17.827, 17.032, 17.051, 15.249, 12.328, 12.858, 14.599, 14.292, 11.994, 11.046, 10.165, 7.052, 3.559, 5.663, 8.304, 9.743, 8.574, 7.153, 6.933, 6.871, 5.723, 5.049, 5.949, 6.235, 6.018, 7.023, 7.885, 9.046, 8.258, 7.698, 7.829, 7.371, 6.646, 5.897, 3.718, 2.049, 2.399, 2.77, 2.415, 2.871, 4.258, 3.807, 3.688, 3.795, 3.239, 3.068, 2.502, 2.497, 3.582, 4.489, 6.751, 8.988, 10.02, 9.828, 10.783, 12.948, 13.764, 13.045, 13.597, 15.147, 15.467, 15.358, 15.918, 15.697, 13.696, 12.16, 12.613, 12.314, 11.574, 11.816, 12.528, 12.505, 11.714, 12.146, 12.214, 11.699, 8.94, 8.91, 9.128, 7.67, 6.895, 7.405, 8.264, 7.889, 7.862, 8.42, 9.122, 9.031, 8.869, 8.058, 7.979, 7.23, 5.249, 4.192, 4.417, 4.144, 3.282, 3.161, 2.748, 2.901, 3.272, 2.39], [4.201, 4.213, 4.156, 3.409, 3.944, 4.245, 5.713, 7.307, 7.943, 7.31, 6.242, 5.065, 2.908, 1.963, 1.784, 1.524, 1.944, 1.549, 2.15, 3.139, 3.133, 2.662, 2.698, 2.492, 1.483, 0.0, 1.335, 1.411, 1.997, 2.526, 4.679, 7.315, 9.274, 10.071, 9.399, 9.043, 8.771, 9.379, 9.928, 9.812, 9.45, 9.981, 10.42, 12.814, 14.729, 15.681, 15.255, 15.979, 17.716, 17.327, 16.306, 14.6, 12.906, 12.072, 13.448, 14.651, 14.491, 13.758, 13.134, 13.113, 12.483, 12.28, 14.776, 17.566, 18.664, 19.155, 20.576, 20.134, 17.62, 16.851, 16.607, 16.112, 16.232, 15.396, 12.891, 13.108, 13.498, 13.604, 12.697, 11.26, 11.643, 11.414, 10.122, 8.028, 5.924, 6.237, 10.218, 11.125, 8.931, 9.078, 10.386, 11.17, 11.28, 12.947, 15.742, 17.334, 17.395, 17.9, 19.927, 19.333, 17.243, 17.1, 17.993, 18.01, 17.231, 16.414, 16.447, 14.601, 11.725, 12.172, 13.979, 13.632, 11.433, 10.449, 9.915, 6.664, 3.058, 5.28, 7.896, 9.126, 7.975, 6.845, 6.404, 6.197, 4.88, 4.679, 5.189, 5.424, 5.521, 6.408, 7.278, 8.439, 7.643, 7.051, 7.106, 6.691, 6.001, 5.245, 2.885, 1.453, 2.746, 2.735, 2.466, 3.235, 4.754, 4.09, 3.276, 3.299, 2.55, 2.866, 2.379, 2.173, 3.178, 3.864, 6.165, 8.359, 9.391, 9.348, 10.142, 12.263, 13.078, 12.365, 12.924, 14.636, 14.873, 14.738, 15.377, 15.12, 13.114, 11.507, 12.022, 11.673, 10.997, 11.328, 11.865, 11.982, 11.345, 11.813, 11.8, 11.243, 8.439, 8.3, 8.277, 6.93, 6.12, 6.904, 7.594, 7.126, 7.191, 7.828, 8.493, 8.351, 8.229, 7.252, 7.135, 6.656, 4.501, 3.496, 3.853, 3.711, 2.708, 2.523, 2.194, 2.155, 2.679, 1