[[0.0, 1.223, 1.002, 1.337, 1.848, 2.17, 2.234, 2.398, 2.226, 3.004, 4.021, 4.194, 3.482, 2.541, 1.762, 1.676, 2.554, 2.927, 2.445, 2.445, 2.778, 3.167, 2.489, 2.111, 2.587, 2.965, 3.013, 2.415, 1.653, 1.677, 2.761, 2.656, 2.273, 2.757, 2.897, 3.011, 4.484, 4.377, 4.21, 2.598, 3.486, 3.634, 3.866, 4.063, 4.5, 6.085, 8.11, 8.556, 8.581, 9.061, 10.794, 12.319, 12.868, 12.625, 11.993, 12.079, 12.148, 12.186, 11.928, 11.862, 11.577, 11.201, 10.563, 10.308, 10.988, 12.552, 12.918, 12.696, 12.028, 11.382, 12.037, 12.972, 12.36, 10.93, 9.136, 8.446, 8.0, 7.662, 6.029, 3.648, 3.376, 4.423, 5.024, 4.895, 4.593, 4.539, 5.55, 6.488, 6.713, 6.316, 5.513, 4.842, 4.145, 3.292, 2.837, 2.821, 3.551, 6.215, 9.054, 9.818, 9.046, 6.968, 6.447, 7.979, 8.703, 8.099, 6.454, 3.935, 2.214, 2.018, 2.765, 3.457, 3.175, 3.271, 3.585, 3.721, 4.264, 4.919, 5.437, 7.636, 10.596, 12.267, 12.827, 13.007, 14.264, 15.21, 15.488, 14.976, 15.154, 15.787, 15.882, 15.775, 15.805, 15.705, 15.542, 15.201, 14.672, 13.483, 12.165, 11.574, 11.59, 11.559, 11.68, 11.631, 11.882, 13.238, 13.759, 14.675, 14.999, 15.566, 16.443, 16.179, 14.166, 10.177, 7.456, 8.966, 10.925, 9.892], [1.223, 0.0, 1.144, 1.873, 2.718, 2.943, 2.531, 2.715, 2.492, 3.069, 3.976, 3.992, 3.056, 2.406, 1.835, 1.862, 2.813, 3.372, 3.05, 3.099, 3.219, 3.636, 2.911, 2.266, 2.493, 2.631, 2.606, 1.73, 1.128, 1.669, 2.948, 2.96, 2.841, 3.468, 3.665, 3.492, 4.837, 4.748, 4.855, 2.766, 3.667, 3.692, 3.766, 3.963, 4.49, 5.885, 7.52, 8.073, 8.012, 8.494, 10.413, 11.928, 12.452, 12.126, 11.603, 11.581, 11.901, 11.603, 11.494, 11.275, 10.791, 10.434, 10.004, 9.999, 10.502, 11.696, 12.072, 11.833, 11.206, 10.816, 11.28, 12.125, 11.489, 10.172, 8.429, 7.953, 7.447, 7.345, 5.651, 3.271, 3.569, 4.447, 5.024, 4.879, 4.657, 4.486, 5.187, 6.204, 6.438, 5.68, 4.688, 4.184, 3.474, 2.432, 2.0, 1.941, 2.86, 5.286, 8.126, 8.909, 8.171, 6.226, 5.995, 7.082, 7.728, 7.114, 5.527, 3.023, 2.037, 2.307, 3.295, 3.643, 3.287, 3.355, 3.662, 3.823, 4.071, 4.382, 5.073, 7.301, 9.99, 11.409, 11.93, 12.112, 13.373, 14.32, 14.555, 13.995, 14.177, 14.807, 14.902, 14.825, 14.883, 14.799, 14.614, 14.255, 13.739, 12.782, 11.382, 10.743, 10.64, 10.644, 10.733, 10.669, 10.986, 12.33, 12.927, 13.803, 14.112, 14.666, 15.556, 15.282, 13.483, 9.627, 6.843, 8.074, 10.028, 9.02], [1.002, 1.144, 0.0, 1.239, 1.905, 2.044, 1.672, 2.329, 2.203, 3.062, 4.071, 4.148, 3.41, 2.587, 1.944, 1.802, 2.679, 3.082, 2.653, 2.797, 3.128, 3.385, 2.667, 2.25, 2.678, 2.846, 2.933, 2.147, 1.539, 1.672, 2.902, 2.829, 2.416, 2.628, 2.879, 3.033, 4.496, 4.423, 4.251, 2.673, 3.546, 3.695, 3.854, 4.053, 4.524, 6.027, 7.874, 8.393, 8.381, 8.834, 10.625, 12.223, 12.755, 12.466, 11.891, 11.91, 12.046, 11.959, 11.765, 11.635, 11.224, 10.899, 10.331, 10.225, 10.825, 12.099, 12.426, 12.208, 11.565, 11.11, 11.722, 12.651, 11.977, 10.575, 8.831, 8.22, 7.637, 7.491, 5.818, 3.392, 3.532, 4.513, 5.121, 4.972, 4.689, 4.55, 5.429, 6.393, 6.6, 6.057, 5.129, 4.492, 3.772, 2.834, 2.399, 2.418, 3.134, 5.82, 8.544, 9.322, 8.589, 6.579, 6.303, 7.515, 8.309, 7.683, 6.031, 3.462, 2.11, 1.797, 2.794, 3.483, 3.233, 3.302, 3.681, 3.695, 4.176, 4.654, 5.302, 7.434, 10.351, 11.823, 12.346, 12.548, 13.794, 14.743, 15.004, 14.54, 14.718, 15.352, 15.447, 15.335, 15.309, 15.22, 15.07, 14.751, 14.152, 13.2, 11.824, 11.118, 11.162, 11.137, 11.285, 11.203, 11.539, 12.75, 13.328, 14.247, 14.563, 15.082, 16.005, 15.698, 13.893, 9.965, 7.222, 8.494, 10.456, 9.448], [1.337, 1.873, 1.239, 0.0, 1.201, 1.469, 1.891, 2.302, 1.95, 2.757, 4.077, 4.216, 3.656, 2.833, 2.132, 1.973, 2.284, 2.681, 2.392, 2.34, 3.037, 3.292, 2.554, 2.565, 3.189, 3.417, 3.544, 2.861, 2.163, 1.919, 2.671, 2.518, 1.959, 2.283, 2.273, 2.483, 4.026, 3.759, 3.685, 2.287, 3.094, 3.692, 3.852, 4.032, 4.458, 6.066, 8.038, 8.517, 8.524, 8.967, 10.738, 12.314, 12.847, 12.579, 11.983, 12.033, 12.124, 12.148, 11.878, 11.8, 11.41, 11.054, 10.48, 10.294, 10.989, 12.348, 12.715, 12.463, 11.773, 11.292, 11.947, 12.899, 12.263, 10.798, 9.051, 8.371, 7.808, 7.551, 5.842, 3.471, 3.343, 4.263, 5.026, 4.886, 4.498, 4.524, 5.543, 6.459, 6.652, 6.303, 5.294, 4.717, 3.984, 3.208, 2.79, 2.895, 3.682, 6.129, 8.83, 9.536, 8.837, 6.829, 6.466, 7.824, 8.62, 7.993, 6.372, 3.807, 2.363, 1.631, 2.703, 2.944, 2.945, 3.133, 3.406, 3.279, 4.24, 4.899, 5.388, 7.541, 10.553, 11.997, 12.598, 12.751, 14.026, 15.001, 15.318, 14.845, 15.023, 15.656, 15.752, 15.625, 15.568, 15.487, 15.326, 15.009, 14.421, 13.417, 12.061, 11.402, 11.449, 11.41, 11.555, 11.513, 11.819, 12.972, 13.494, 14.464, 14.741, 15.28, 16.225, 15.926, 14.08, 10.123, 7.395, 8.713, 10.667, 9.654], [1.848, 2.718, 1.905, 1.201, 0.0, 1.411, 2.135, 2.264, 1.976, 2.775, 4.01, 4.384, 3.836, 2.952, 2.434, 2.214, 2.028, 2.459, 2.335, 2.153, 2.926, 3.153, 2.386, 2.597, 3.631, 3.875, 4.178, 3.637, 2.92, 2.512, 2.884, 2.25, 1.817, 1.872, 1.735, 2.175, 3.715, 3.393, 3.26, 2.033, 2.756, 3.524, 3.975, 3.889, 4.23, 5.907, 8.202, 8.581, 8.69, 9.217, 10.864, 12.335, 12.872, 12.627, 12.039, 12.066, 12.27, 12.357, 11.986, 12.028, 11.905, 11.601, 10.792, 10.448, 11.287, 12.903, 13.326, 13.125, 12.437, 11.868, 12.507, 13.506, 12.763, 11.215, 9.612, 8.852, 8.452, 7.883, 6.23, 3.927, 3.102, 4.046, 5.003, 4.843, 4.385, 4.342, 5.621, 6.622, 6.75, 6.721, 5.913, 5.145, 4.474, 3.791, 3.471, 3.696, 4.325, 6.774, 9.465, 10.084, 9.498, 7.351, 6.739, 8.396, 9.271, 8.644, 6.986, 4.382, 2.691, 2.01, 2.61, 2.902, 2.792, 2.879, 3.265, 3.522, 4.545, 5.194, 5.572, 7.864, 10.785, 12.575, 13.08, 13.219, 14.475, 15.553, 15.985, 15.527, 15.705, 16.338, 16.434, 16.3, 16.118, 16.065, 16.0, 15.686, 15.062, 13.751, 12.459, 12.052, 12.131, 12.042, 12.225, 12.182, 12.43, 13.464, 14.045, 15.105, 15.399, 15.77, 16.626, 16.362, 14.353, 10.337, 7.633, 9.155, 11.109, 10.075], [2.17, 2.943, 2.044, 1.469, 1.411, 0.0, 1.681, 2.188, 2.181, 2.682, 3.911, 4.223, 3.801, 2.961, 2.616, 2.375, 2.264, 2.678, 2.727, 2.844, 3.49, 3.526, 2.827, 2.891, 3.679, 4.026, 4.13, 3.647, 3.058, 2.558, 3.117, 2.626, 2.035, 1.939, 1.746, 2.311, 3.81, 3.551, 3.27, 2.259, 3.233, 3.596, 3.74, 3.887, 4.327, 5.92, 8.077, 8.562, 8.553, 9.068, 10.714, 12.207, 12.761, 12.515, 11.887, 11.971, 12.185, 12.294, 11.885, 11.949, 11.717, 11.384, 10.675, 10.353, 11.143, 12.686, 13.081, 12.866, 12.202, 11.638, 12.295, 13.296, 12.619, 11.106, 9.365, 8.631, 8.189, 7.645, 5.987, 3.787, 3.185, 4.237, 4.948, 4.701, 4.388, 4.404, 5.541, 6.488, 6.582, 6.601, 5.684, 4.926, 4.403, 3.722, 3.408, 3.492, 4.429, 6.527, 9.222, 9.843, 9.231, 7.194, 6.622, 8.267, 9.122, 8.513, 6.831, 4.507, 3.001, 2.255, 2.612, 2.877, 2.872, 2.925, 3.217, 3.309, 4.293, 5.019, 5.402, 7.673, 10.661, 12.308, 12.898, 13.048, 14.263, 15.316, 15.762, 15.302, 15.48, 16.114, 16.209, 16.08, 15.88, 15.869, 15.773, 15.419, 14.837, 13.657, 12.287, 11.832, 11.906, 11.823, 12.001, 11.958, 12.215, 13.311, 13.835, 14.88, 15.093, 15.539, 16.431, 16.193, 14.256, 10.26, 7.559, 8.947, 10.906, 9.873], [2.234, 2.531, 1.672, 1.891, 2.135, 1.681, 0.0, 1.168, 1.625, 2.116, 3.15, 3.286, 2.895, 2.767, 2.612, 2.107, 2.387, 2.888, 3.542, 3.711, 4.241, 3.998, 3.221, 2.588, 3.351, 3.301, 3.532, 2.974, 2.644, 2.336, 3.061, 2.661, 2.701, 2.5, 2.243, 1.937, 3.33, 3.282, 3.326, 2.566, 3.093, 2.95, 2.776, 3.06, 3.473, 4.887, 6.77, 7.39, 7.239, 7.668, 9.453, 11.006, 11.612, 11.352, 10.721, 10.74, 10.968, 10.989, 10.697, 10.622, 10.259, 9.975, 9.324, 9.151, 9.858, 11.173, 11.589, 11.368, 10.733, 10.215, 10.857, 11.83, 11.111, 9.633, 7.942, 7.295, 6.693, 6.317, 4.586, 2.43, 2.778, 3.753, 4.248, 4.047, 3.767, 3.445, 4.399, 5.23, 5.369, 5.164, 4.244, 3.58, 3.161, 2.638, 2.585, 2.853, 3.415, 5.209, 7.631, 8.393, 7.707, 5.651, 5.362, 6.77, 7.613, 7.054, 5.468, 3.261, 2.223, 1.613, 2.182, 2.421, 2.143, 2.297, 2.821, 2.752, 3.201, 3.643, 4.102, 6.239, 9.259, 10.831, 11.389, 11.468, 12.741, 13.796, 14.229, 13.781, 13.96, 14.59, 14.689, 14.567, 14.391, 14.354, 14.25, 13.891, 13.328, 12.25, 10.848, 10.314, 10.394, 10.324, 10.488, 10.445, 10.734, 11.812, 12.346, 13.37, 13.524, 14.013, 14.945, 14.685, 12.893, 8.908, 6.131, 7.458, 9.38, 8.354], [2.398, 2.715, 2.329, 2.302, 2.264, 2.188, 1.168, 0.0, 1.25, 1.619, 2.434, 2.884, 2.491, 2.42, 2.297, 1.897, 1.99, 2.562, 3.252, 3.51, 3.985, 3.662, 2.779, 2.186, 3.319, 3.356, 3.632, 3.127, 2.86, 2.391, 2.848, 2.319, 2.619, 2.723, 2.369, 1.561, 2.766, 2.786, 2.952, 2.29, 2.535, 2.197, 2.214, 2.395, 2.643, 4.131, 6.281, 6.614, 6.739, 7.188, 8.825, 10.32, 10.854, 10.588, 10.063, 10.046, 10.27, 10.285, 9.945, 9.978, 9.8, 9.516, 8.752, 8.416, 9.202, 10.842, 11.248, 11.047, 10.351, 9.791, 10.417, 11.385, 10.675, 9.133, 7.526, 6.756, 6.368, 5.894, 4.343, 2.257, 2.12, 2.823, 3.457, 3.403, 3.01, 2.723, 3.752, 4.718, 4.914, 4.697, 4.002, 3.253, 2.91, 2.675, 2.72, 3.012, 3.489, 5.064, 7.46, 8.073, 7.422, 5.435, 4.908, 6.503, 7.35, 6.782, 5.213, 3.249, 2.121, 1.999, 1.987, 2.045, 1.694, 1.757, 2.215, 2.433, 2.904, 3.388, 3.733, 5.825, 8.727, 10.524, 11.041, 11.21, 12.479, 13.474, 13.875, 13.415, 13.593, 14.226, 14.322, 14.192, 14.078, 13.982, 13.913, 13.6, 12.963, 11.67, 10.354, 9.94, 10.019, 9.931, 10.114, 10.071, 10.316, 11.463, 11.994, 12.993, 13.323, 13.792, 14.647, 14.383, 12.352, 8.491, 5.696, 7.206, 9.131, 8.144], [2.226, 2.492, 2.203, 1.95, 1.976, 2.181, 1.625, 1.25, 0.0, 1.374, 2.676, 2.963, 2.514, 2.361, 2.136, 1.648, 1.542, 2.138, 2.85, 3.082, 3.448, 3.309, 2.373, 2.064, 3.093, 3.142, 3.519, 3.055, 2.626, 2.009, 2.358, 1.919, 2.175, 2.442, 2.365, 1.377, 2.686, 2.703, 2.941, 1.88, 2.11, 2.157, 2.372, 2.418, 2.7, 4.302, 6.486, 6.89, 6.935, 7.378, 9.087, 10.588, 11.134, 10.889, 10.267, 10.343, 10.429, 10.486, 10.215, 10.167, 10.018, 9.733, 8.927, 8.584, 9.437, 11.015, 11.448, 11.247, 10.566, 9.969, 10.62, 11.589, 10.847, 9.286, 7.727, 6.969, 6.568, 6.039, 4.427, 2.328, 2.083, 2.83, 3.598, 3.598, 3.182, 2.974, 4.014, 4.927, 5.054, 4.822, 4.148, 3.484, 2.841, 2.631, 2.657, 2.916, 3.374, 5.259, 7.659, 8.269, 7.62, 5.594, 5.126, 6.685, 7.529, 7.035, 5.464, 3.125, 1.825, 1.529, 1.728, 1.771, 1.648, 1.728, 2.161, 2.311, 3.064, 3.633, 3.915, 6.045, 8.924, 10.731, 11.187, 11.334, 12.635, 13.689, 14.08, 13.62, 13.798, 14.432, 14.527, 14.397, 14.262, 14.18, 14.115, 13.801, 13.18, 11.818, 10.58, 10.145, 10.224, 10.144, 10.328, 10.293, 10.528, 11.622, 12.206, 13.209, 13.54, 13.956, 14.765, 14.506, 12.516, 8.645, 5.994, 7.353, 9.272, 8.284], [3.004, 3.069, 3.062, 2.757, 2.775, 2.682, 2.116, 1.619, 1.374, 0.0, 1.738, 2.021, 1.896, 2.228, 2.362, 1.941, 1.846, 2.604, 3.534, 3.669, 3.918, 3.418, 2.561, 2.233, 2.941, 3.092, 3.353, 2.994, 2.957, 2.064, 2.092, 1.855, 2.289, 2.852, 2.643, 1.486, 2.214, 2.107, 2.488, 1.917, 1.772, 1.61, 1.618, 1.719, 2.018, 3.546, 5.574, 6.124, 6.063, 6.62, 8.258, 9.774, 10.333, 10.081, 9.464, 9.54, 9.75, 9.84, 9.48, 9.499, 9.436, 9.165, 8.326, 7.93, 8.904, 10.434, 10.864, 10.665, 10.005, 9.438, 10.061, 11.064, 10.317, 8.731, 7.17, 6.417, 5.994, 5.293, 3.696, 1.693, 1.357, 2.061, 2.735, 2.581, 2.279, 2.186, 3.222, 4.122, 4.256, 4.305, 3.552, 2.789, 2.216, 2.434, 2.641, 2.931, 3.191, 4.439, 6.977, 7.628, 7.018, 4.899, 4.376, 6.024, 6.874, 6.372, 4.709, 2.877, 1.929, 1.781, 1.333, 1.267, 1.397, 1.135, 1.275, 1.573, 2.176, 2.72, 3.18, 5.285, 8.223, 10.084, 10.563, 10.647, 11.89, 13.071, 13.554, 13.106, 13.286, 13.915, 14.014, 13.87, 13.649, 13.629, 13.566, 13.209, 12.642, 11.227, 9.999, 9.632, 9.712, 9.623, 9.806, 9.763, 10.008, 11.028, 11.596, 12.686, 12.862, 13.227, 14.01, 13.8, 11.838, 7.804, 5.175, 6.591, 8.519, 7.491], [4.021, 3.976, 4.071, 4.077, 4.01, 3.911, 3.15, 2.434, 2.676, 1.738, 0.0, 1.124, 1.636, 2.402, 2.959, 2.803, 2.796, 3.782, 4.701, 4.828, 4.782, 3.832, 3.178, 2.784, 2.797, 2.847, 2.981, 3.254, 3.626, 3.048, 2.416, 2.661, 3.473, 4.137, 3.74, 2.528, 2.272, 2.309, 2.845, 2.948, 2.157, 1.307, 1.202, 1.498, 1.372, 2.43, 4.38, 4.823, 4.865, 5.427, 7.145, 8.63, 9.043, 8.841, 8.286, 8.336, 8.561, 8.574, 8.197, 8.212, 8.26, 7.981, 7.149, 6.741, 7.693, 9.264, 9.697, 9.497, 8.825, 8.261, 8.892, 9.885, 9.149, 7.571, 5.987, 5.232, 4.827, 4.2, 2.608, 1.675, 1.788, 1.255, 1.638, 1.582, 1.629, 1.403, 2.078, 2.882, 3.046, 3.082, 2.715, 1.866, 1.562, 2.261, 2.965, 3.105, 2.785, 3.438, 5.84, 6.448, 5.873, 3.747, 3.125, 4.822, 5.689, 5.062, 3.445, 2.412, 2.407, 2.789, 1.896, 1.994, 2.071, 1.682, 1.582, 1.767, 1.308, 1.445, 2.266, 4.206, 7.086, 8.935, 9.414, 9.48, 10.801, 11.928, 12.377, 11.922, 12.1, 12.734, 12.829, 12.693, 12.488, 12.44, 12.392, 12.061, 11.457, 10.067, 8.838, 8.447, 8.526, 8.438, 8.621, 8.578, 8.823, 9.843, 10.411, 11.5, 11.755, 12.122, 12.824, 12.634, 10.604, 6.629, 3.965, 5.486, 7.426, 6.365], [4.194, 3.992, 4.148, 4.216, 4.384, 4.223, 3.286, 2.884, 2.963, 2.021, 1.124, 0.0, 1.64, 2.781, 3.371, 3.069, 3.268, 4.105, 5.156, 5.243, 5.213, 4.26, 3.655, 3.159, 2.95, 2.857, 2.757, 3.264, 3.662, 3.182, 2.508, 3.044, 3.862, 4.51, 4.248, 3.096, 2.988, 2.991, 3.624, 3.344, 2.672, 1.405, 1.28, 1.694, 1.541, 2.359, 4.068, 4.611, 4.535, 5.023, 6.751, 8.275, 8.799, 8.54, 7.939, 8.012, 8.191, 8.269, 7.921, 7.917, 7.778, 7.496, 6.687, 6.383, 7.26, 8.755, 9.185, 8.987, 8.327, 7.779, 8.394, 9.394, 8.657, 7.097, 5.493, 4.756, 4.33, 3.674, 2.176, 1.722, 2.232, 1.558, 1.436, 1.752, 2.236, 1.784, 1.765, 2.501, 2.714, 2.621, 2.773, 1.938, 1.205, 2.17, 2.993, 3.103, 2.627, 2.757, 5.339, 5.945, 5.341, 3.198, 2.658, 4.349, 5.216, 4.599, 2.928, 2.167, 2.431, 2.909, 2.175, 2.448, 2.564, 1.948, 1.793, 1.748, 1.229, 1.32, 2.118, 3.694, 6.634, 8.405, 8.895, 8.991, 10.254, 11.396, 11.879, 11.429, 11.608, 12.24, 12.336, 12.194, 11.988, 11.941, 11.89, 11.531, 10.964, 9.637, 8.349, 7.954, 8.034, 7.945, 8.128, 8.085, 8.33, 9.35, 9.918, 11.008, 11.2, 11.556, 12.365, 12.152, 10.225, 6.225, 3.507, 4.928, 6.881, 5.839], [3.482, 3.056, 3.41, 3.656, 3.836, 3.801, 2.895, 2.491, 2.514, 1.896, 1.636, 1.64, 0.0, 1.71, 2.346, 2.202, 2.409, 3.348, 4.332, 4.466, 4.421, 3.521, 2.855, 2.336, 1.967, 1.815, 2.003, 2.157, 2.746, 2.514, 2.14, 2.269, 3.019, 3.738, 3.748, 2.765, 3.231, 3.286, 3.531, 2.698, 2.366, 1.812, 1.547, 1.715, 2.23, 3.514, 4.763, 5.339, 5.262, 5.787, 7.568, 9.03, 9.538, 9.292, 8.733, 8.774, 9.162, 8.948, 8.711, 8.593, 8.609, 8.341, 7.507, 7.228, 8.108, 9.608, 10.043, 9.874, 9.196, 8.804, 9.249, 10.24, 9.5, 7.903, 6.382, 5.716, 5.403, 4.76, 3.271, 1.774, 2.304, 2.332, 2.649, 2.625, 2.9, 2.567, 2.865, 3.487, 3.846, 3.545, 3.241, 2.39, 1.486, 1.429, 1.871, 2.012, 1.759, 3.438, 6.238, 6.79, 6.213, 4.277, 3.605, 5.23, 6.081, 5.477, 3.755, 1.694, 1.82, 2.424, 2.051, 2.429, 2.609, 2.226, 2.351, 2.647, 2.192, 1.916, 3.006, 4.912, 7.441, 9.274, 9.753, 9.84, 11.093, 12.261, 12.732, 12.28, 12.458, 13.091, 13.186, 13.047, 12.822, 12.798, 12.743, 12.4, 11.814, 10.359, 9.15, 8.804, 8.884, 8.795, 8.978, 8.941, 9.181, 10.2, 10.768, 11.858, 12.071, 12.418, 13.176, 12.99, 11.005, 7.019, 4.339, 5.805, 7.701, 6.691], [2.541, 2.406, 2.587, 2.833, 2.952, 2.961, 2.767, 2.42, 2.361, 2.228, 2.402, 2.781, 1.71, 0.0, 1.029, 1.142, 1.602, 2.573, 2.93, 3.1, 3.087, 2.776, 2.126, 1.396, 1.578, 1.918, 2.27, 1.977, 1.912, 1.56, 2.124, 1.827, 1.92, 2.798, 3.064, 2.582, 3.552, 3.627, 3.57, 1.894, 2.469, 2.418, 2.339, 2.196, 3.079, 4.384, 6.085, 6.613, 6.642, 7.23, 8.901, 10.39, 10.793, 10.586, 10.126, 10.157, 10.384, 10.292, 9.967, 9.898, 10.193, 9.921, 9.071, 8.516, 9.576, 11.196, 11.622, 11.429, 10.765, 10.209, 10.823, 11.825, 11.076, 9.488, 7.927, 7.179, 6.815, 6.11, 4.634, 2.644, 2.36, 3.093, 3.535, 3.322, 3.213, 3.226, 4.066, 4.81, 5.053, 5.075, 4.433, 3.594, 2.781, 2.218, 1.658, 1.762, 2.545, 5.011, 7.813, 8.362, 7.797, 5.709, 5.055, 6.8, 7.656, 7.052, 5.321, 2.791, 1.891, 2.367, 2.365, 2.769, 2.696, 2.63, 2.819, 3.291, 3.042, 3.245, 4.212, 6.112, 8.966, 10.859, 11.338, 11.404, 12.696, 13.848, 14.317, 13.865, 14.043, 14.676, 14.771, 14.632, 14.41, 14.376, 14.328, 13.985, 13.399, 11.944, 10.726, 10.389, 10.469, 10.38, 10.563, 10.52, 10.766, 11.785, 12.353, 13.443, 13.66, 14.009, 14.706, 14.551, 12.526, 8.537, 5.83, 7.386, 9.297, 8.252], [1.762, 1.835, 1.944, 2.132, 2.434, 2.616, 2.612, 2.297, 2.136, 2.362, 2.959, 3.371, 2.346, 1.029, 0.0, 0.856, 1.602, 2.314, 2.225, 2.369, 2.555, 2.709, 1.919, 1.324, 1.961, 2.325, 2.596, 2.098, 1.549, 1.385, 2.11, 2.003, 1.786, 2.524, 2.71, 2.581, 3.838, 3.831, 3.753, 1.942, 2.67, 2.846, 2.83, 2.789, 3.613, 5.02, 6.767, 7.291, 7.345, 7.966, 9.628, 11.192, 11.603, 11.378, 10.918, 10.947, 11.083, 10.991, 10.667, 10.621, 10.863, 10.59, 9.74, 9.223, 10.281, 11.897, 12.33, 12.13, 11.44, 10.899, 11.506, 12.5, 11.751, 10.157, 8.62, 7.851, 7.465, 6.846, 5.33, 3.016, 2.452, 3.563, 4.006, 3.707, 3.537, 3.689, 4.62, 5.511, 5.805, 5.691, 4.939, 4.128, 3.382, 2.691, 2.142, 2.204, 2.994, 5.681, 8.473, 9.066, 8.506, 6.355, 5.734, 7.415, 8.271, 7.667, 5.936, 3.363, 2.057, 2.213, 2.484, 2.966, 2.838, 2.818, 3.072, 3.425, 3.507, 3.902, 4.707, 6.763, 9.671, 11.568, 12.047, 12.113, 13.423, 14.56, 14.992, 14.534, 14.712, 15.345, 15.441, 15.307, 15.114, 15.058, 15.007, 14.694, 14.069, 12.613, 11.435, 11.059, 11.138, 11.049, 11.232, 11.189, 11.435, 12.468, 13.04, 14.112, 14.386, 14.744, 15.448, 15.261, 13.192, 9.19, 6.506, 8.109, 10.031, 8.97], [1.676, 1.862, 1.802, 1.973, 2.214, 2.375, 2.107, 1.897, 1.648, 1.941, 2.803, 3.069, 2.202, 1.142, 0.856, 0.0, 1.247, 2.0, 2.226, 2.392, 2.596, 2.419, 1.565, 0.959, 1.902, 2.212, 2.59, 1.994, 1.575, 1.044, 1.695, 1.469, 1.336, 2.11, 2.555, 2.134, 3.411, 3.352, 3.345, 1.613, 2.26, 2.348, 2.574, 2.694, 3.212, 4.786, 6.762, 7.21, 7.253, 7.82, 9.521, 11.09, 11.532, 11.285, 10.802, 10.814, 10.899, 10.881, 10.595, 10.547, 10.659, 10.384, 9.532, 9.072, 10.076, 11.68, 12.113, 11.912, 11.224, 10.654, 11.289, 12.278, 11.529, 9.935, 8.399, 7.635, 7.239, 6.648, 5.079, 2.705, 2.142, 3.216, 3.763, 3.498, 3.25, 3.282, 4.358, 5.321, 5.599, 5.46, 4.701, 3.899, 3.161, 2.431, 1.942, 2.094, 2.802, 5.46, 8.254, 8.893, 8.285, 6.12, 5.534, 7.199, 8.055, 7.452, 5.723, 3.151, 1.577, 1.565, 1.89, 2.406, 2.331, 2.231, 2.599, 2.821, 3.209, 3.74, 4.353, 6.569, 9.471, 11.364, 11.826, 11.911, 13.243, 14.34, 14.77, 14.311, 14.49, 15.123, 15.218, 15.085, 14.901, 14.84, 14.787, 14.473, 13.848, 12.394, 11.214, 10.836, 10.916, 10.827, 11.01, 10.967, 11.212, 12.253, 12.834, 13.89, 14.188, 14.571, 15.286, 15.075, 12.981, 9.044, 6.298, 7.935, 9.874, 8.813], [2.554, 2.813, 2.679, 2.284, 2.028, 2.264, 2.387, 1.99, 1.542, 1.846, 2.796, 3.268, 2.409, 1.602, 1.602, 1.247, 0.0, 1.235, 2.017, 2.15, 2.34, 2.086, 1.449, 1.477, 2.756, 3.036, 3.475, 2.882, 2.355, 1.732, 1.696, 1.026, 1.228, 1.67, 1.751, 1.405, 2.648, 2.474, 2.443, 1.174, 1.66, 2.237, 2.68, 2.538, 3.014, 4.735, 6.934, 7.349, 7.47, 8.046, 9.658, 11.183, 11.587, 11.381, 10.945, 10.923, 11.118, 11.104, 10.702, 10.763, 10.934, 10.661, 9.811, 9.268, 10.32, 11.95, 12.383, 12.182, 11.51, 10.943, 11.569, 12.568, 11.819, 10.228, 8.672, 7.914, 7.513, 6.87, 5.277, 2.948, 1.659, 2.719, 3.616, 3.324, 2.952, 3.186, 4.586, 5.524, 5.743, 5.753, 4.952, 4.169, 3.48, 2.855, 2.662, 2.947, 3.491, 5.766, 8.568, 9.135, 8.558, 6.417, 5.808, 7.534, 8.39, 7.787, 6.055, 3.597, 2.251, 1.916, 1.814, 1.851, 1.976, 1.919, 2.2, 2.526, 3.368, 3.974, 4.546, 6.825, 9.723, 11.62, 12.099, 12.165, 13.476, 14.613, 15.06, 14.605, 14.783, 15.416, 15.511, 15.375, 15.166, 15.123, 15.075, 14.746, 14.139, 12.684, 11.487, 11.129, 11.209, 11.12, 11.303, 11.26, 11.506, 12.525, 13.093, 14.183, 14.439, 14.812, 15.52, 15.325, 13.261, 9.319, 6.586, 8.183, 10.097, 9.047], [2.927, 3.372, 3.082, 2.681, 2.459, 2.678, 2.888, 2.562, 2.138, 2.604, 3.782, 4.105, 3.348, 2.573, 2.314, 2.0, 1.235, 0.0, 1.294, 1.589, 1.785, 1.87, 1.907, 2.21, 3.541, 3.784, 4.093, 3.517, 2.886, 2.332, 2.458, 1.583, 1.701, 1.711, 1.918, 1.954, 3.066, 2.879, 2.479, 1.545, 2.311, 3.159, 3.654, 3.349, 3.74, 5.585, 7.888, 8.34, 8.417, 8.993, 10.538, 12.05, 12.532, 12.291, 11.826, 11.749, 12.064, 12.154, 11.672, 11.793, 11.744, 11.472, 10.679, 10.209, 11.148, 12.769, 13.18, 12.984, 12.333, 11.748, 12.37, 13.373, 12.654, 11.064, 9.478, 8.725, 8.302, 7.702, 6.031, 3.723, 2.433, 3.64, 4.516, 4.261, 3.818, 3.862, 5.469, 6.385, 6.588, 6.584, 5.756, 5.02, 4.327, 3.66, 3.364, 3.594, 4.213, 6.506, 9.309, 9.982, 9.326, 7.181, 6.553, 8.317, 9.173, 8.57, 6.839, 4.411, 3.079, 2.588, 2.587, 2.576, 2.526, 2.596, 2.85, 3.199, 4.151, 4.836, 5.364, 7.559, 10.594, 12.41, 12.919, 13.057, 14.279, 15.381, 15.865, 15.416, 15.594, 16.226, 16.322, 16.18, 16.005, 15.948, 15.876, 15.517, 14.95, 13.577, 12.279, 11.94, 12.02, 11.931, 12.114, 12.071, 12.317, 13.38, 13.917, 14.994, 15.185, 15.598, 16.438, 16.235, 14.202, 10.202, 7.394, 8.966, 10.931, 9.913], [2.445, 3.05, 2.653, 2.392, 2.335, 2.727, 3.542, 3.252, 2.85, 3.534, 4.701, 5.156, 4.332, 2.93, 2.225, 2.226, 2.017, 1.294, 0.0, 0.982, 1.269, 1.666, 1.843, 2.348, 3.571, 3.999, 4.201, 3.61, 2.824, 2.378, 2.836, 2.245, 1.868, 2.065, 2.425, 2.783, 3.91, 3.809, 3.278, 2.042, 2.914, 4.122, 4.655, 4.27, 4.67, 6.574, 8.861, 9.199, 9.424, 10.005, 11.594, 13.121, 13.554, 13.316, 12.903, 12.827, 13.029, 13.01, 12.636, 12.642, 12.764, 12.489, 11.668, 11.086, 12.112, 13.744, 14.174, 13.972, 13.326, 12.731, 13.353, 14.344, 13.606, 12.02, 10.451, 9.697, 9.292, 8.807, 7.157, 4.85, 3.326, 4.546, 5.38, 5.131, 4.625, 4.868, 6.461, 7.388, 7.618, 7.529, 6.79, 6.035, 5.282, 4.492, 4.005, 4.01, 4.749, 7.512, 10.304, 11.022, 10.337, 8.172, 7.547, 9.251, 10.107, 9.504, 7.78, 5.226, 3.496, 3.085, 3.482, 3.587, 3.604, 3.597, 3.924, 4.311, 5.245, 5.877, 6.45, 8.666, 11.59, 13.474, 13.924, 14.063, 15.402, 16.425, 16.84, 16.38, 16.558, 17.191, 17.287, 17.157, 17.007, 16.919, 16.851, 16.525, 15.953, 14.474, 13.289, 12.905, 12.984, 12.896, 13.079, 13.036, 13.281, 14.376, 14.941, 15.981, 16.276, 16.691, 17.483, 17.252, 15.127, 11.215, 8.391, 10.072, 12.033, 10.995], [2.445, 3.099, 2.797, 2.34, 2.153, 2.844, 3.711, 3.51, 3.082, 3.669, 4.828, 5.243, 4.466, 3.1, 2.369, 2.392, 2.15, 1.589, 0.982, 0.0, 1.033, 1.907, 1.979, 2.317, 3.627, 3.955, 4.127, 3.686, 2.939, 2.512, 3.0, 2.296, 1.909, 2.042, 2.438, 2.948, 4.093, 3.796, 3.372, 2.104, 3.081, 4.235, 4.754, 4.44, 4.783, 6.662, 8.948, 9.385, 9.475, 10.053, 11.647, 13.167, 13.641, 13.394, 12.948, 12.861, 13.155, 13.191, 12.773, 12.84, 12.902, 12.627, 11.809, 11.294, 12.272, 13.896, 14.317, 14.123, 13.464, 12.883, 13.514, 14.497, 13.748, 12.17, 10.607, 9.854, 9.432, 8.86, 7.218, 4.898, 3.489, 4.676, 5.568, 5.32, 4.872, 4.97, 6.567, 7.433, 7.666, 7.693, 6.923, 6.145, 5.401, 4.586, 4.071, 4.088, 4.869, 7.6, 10.39, 11.152, 10.456, 8.295, 7.667, 9.423, 10.279, 9.676, 7.945, 5.393, 3.634, 3.243, 3.596, 3.635, 3.675, 3.652, 3.995, 4.374, 5.306, 5.944, 6.498, 8.728, 11.643, 13.573, 14.023, 14.113, 15.451, 16.517, 16.991, 16.541, 16.721, 17.35, 17.45, 17.305, 17.139, 17.074, 17.016, 16.647, 16.091, 14.636, 13.405, 13.07, 13.149, 13.061, 13.244, 13.201, 13.446, 14.507, 15.077, 16.123, 16.335, 16.752, 17.531, 17.288, 15.253, 11.264, 8.439, 10.124, 12.082, 11.029], [2.778, 3.219, 3.128, 3.037, 2.926, 3.49, 4.241, 3.985, 3.448, 3.918, 4.782, 5.213, 4.421, 3.087, 2.555, 2.596, 2.34, 1.785, 1.269, 1.033, 0.0, 1.494, 1.79, 2.293, 3.346, 3.684, 3.839, 3.502, 2.839, 2.675, 2.833, 2.385, 2.236, 2.683, 3.07, 3.242, 4.159, 4.005, 3.705, 2.162, 3.0, 4.206, 4.702, 4.274, 4.747, 6.616, 8.873, 9.279, 9.433, 10.021, 11.627, 13.152, 13.589, 13.35, 12.919, 12.843, 13.123, 13.081, 12.719, 12.697, 12.895, 12.62, 11.792, 11.201, 12.261, 13.876, 14.307, 14.113, 13.456, 12.878, 13.505, 14.49, 13.742, 12.16, 10.599, 9.846, 9.423, 8.839, 7.212, 4.893, 3.673, 4.646, 5.47, 5.174, 4.737, 4.951, 6.54, 7.419, 7.66, 7.685, 6.916, 6.136, 5.385, 4.569, 4.208, 4.198, 4.843, 7.6, 10.393, 11.135, 10.447, 8.286, 7.651, 9.421, 10.277, 9.673, 7.952, 5.388, 3.561, 3.587, 3.87, 3.726, 3.837, 3.879, 4.074, 4.502, 5.3, 5.916, 6.482, 8.722, 11.626, 13.555, 14.005, 14.082, 15.435, 16.508, 16.985, 16.535, 16.714, 17.343, 17.443, 17.298, 17.119, 17.064, 17.007, 16.638, 16.083, 14.616, 13.394, 13.061, 13.141, 13.052, 13.235, 13.192, 13.437, 14.489, 15.06, 16.115, 16.339, 16.747, 17.499, 17.268, 15.209, 11.244, 8.441, 10.111, 12.066, 11.011], [3.167, 3.636, 3.385, 3.292, 3.153, 3.526, 3.998, 3.662, 3.309, 3.418, 3.832, 4.26, 3.521, 2.776, 2.709, 2.419, 2.086, 1.87, 1.666, 1.907, 1.494, 0.0, 1.145, 1.826, 2.563, 2.744, 2.877, 2.821, 2.887, 2.341, 2.121, 1.776, 1.995, 2.551, 3.318, 2.919, 3.378, 3.422, 3.417, 2.038, 2.243, 3.318, 3.863, 3.407, 3.814, 5.671, 7.938, 8.334, 8.503, 9.1, 10.685, 12.21, 12.633, 12.406, 11.99, 11.914, 12.17, 12.161, 11.77, 11.774, 11.912, 11.639, 10.824, 10.236, 11.311, 12.934, 13.355, 13.161, 12.501, 11.916, 12.541, 13.541, 12.792, 11.211, 9.645, 8.893, 8.47, 7.897, 6.253, 4.204, 3.205, 3.784, 4.558, 4.288, 4.017, 4.091, 5.602, 6.476, 6.711, 6.732, 6.029, 5.299, 4.46, 3.688, 3.628, 3.67, 3.894, 6.705, 9.466, 10.153, 9.499, 7.355, 6.746, 8.476, 9.344, 8.717, 7.028, 4.473, 2.898, 3.1, 3.251, 3.248, 3.338, 3.258, 3.461, 3.895, 4.495, 5.012, 5.55, 7.763, 10.728, 12.585, 13.064, 13.166, 14.493, 15.555, 16.033, 15.583, 15.761, 16.394, 16.49, 16.348, 16.177, 16.113, 16.047, 15.687, 15.118, 13.663, 12.445, 12.108, 12.187, 12.099, 12.282, 12.239, 12.484, 13.534, 14.09, 15.161, 15.371, 15.788, 16.573, 16.357, 14.282, 10.327, 7.513, 9.163, 11.124, 10.082], [2.489, 2.911, 2.667, 2.554, 2.386, 2.827, 3.221, 2.779, 2.373, 2.561, 3.178, 3.655, 2.855, 2.126, 1.919, 1.565, 1.449, 1.907, 1.843, 1.979, 1.79, 1.145, 0.0, 1.208, 2.154, 2.441, 2.693, 2.289, 2.415, 1.699, 1.488, 1.092, 1.384, 2.123, 2.872, 2.106, 2.795, 2.738, 2.906, 1.793, 1.608, 2.584, 3.129, 2.748, 3.187, 5.051, 7.332, 7.672, 7.886, 8.475, 10.07, 11.594, 12.016, 11.785, 11.367, 11.291, 11.486, 11.482, 11.105, 11.129, 11.298, 11.023, 10.17, 9.591, 10.665, 12.31, 12.743, 12.543, 11.858, 11.292, 11.919, 12.912, 12.163, 10.569, 9.029, 8.26, 7.869, 7.282, 5.667, 3.396, 2.359, 3.119, 3.926, 3.644, 3.194, 3.389, 4.937, 5.903, 6.115, 6.095, 5.336, 4.533, 3.794, 3.025, 2.956, 3.077, 3.265, 6.115, 8.885, 9.523, 8.915, 6.765, 6.153, 7.847, 8.714, 8.088, 6.399, 3.824, 1.993, 2.088, 2.319, 2.469, 2.613, 2.474, 2.67, 3.075, 3.799, 4.4, 4.936, 7.199, 10.082, 11.998, 12.456, 12.553, 13.878, 14.971, 15.404, 14.946, 15.124, 15.757, 15.853, 15.719, 15.531, 15.471, 15.417, 15.103, 14.487, 13.025, 11.844, 11.471, 11.55, 11.462, 11.645, 11.602, 11.847, 12.887, 13.468, 14.524, 14.822, 15.201, 15.953, 15.715, 13.629, 9.697, 6.926, 8.566, 10.509, 9.459], [2.111, 2.266, 2.25, 2.565, 2.597, 2.891, 2.588, 2.186, 2.064, 2.233, 2.784, 3.159, 2.336, 1.396, 1.324, 0.959, 1.477, 2.21, 2.348, 2.317, 2.293, 1.826, 1.208, 0.0, 1.722, 1.958, 2.286, 1.763, 1.654, 1.238, 1.609, 1.41, 1.63, 2.23, 3.024, 2.387, 3.466, 3.418, 3.535, 1.916, 2.224, 2.35, 2.738, 2.598, 3.14, 4.65, 6.881, 7.237, 7.393, 7.965, 9.574, 11.105, 11.535, 11.306, 10.862, 10.818, 11.032, 11.052, 10.677, 10.693, 10.743, 10.47, 9.649, 9.15, 10.141, 11.774, 12.206, 12.005, 11.331, 10.753, 11.378, 12.378, 11.629, 10.037, 8.486, 7.723, 7.326, 6.769, 5.13, 2.864, 2.34, 3.146, 3.681, 3.537, 3.294, 3.211, 4.445, 5.346, 5.588, 5.563, 4.766, 4.035, 3.274, 2.471, 2.152, 2.362, 2.725, 5.56, 8.362, 8.985, 8.372, 6.211, 5.602, 7.323, 8.179, 7.576, 5.858, 3.299, 1.544, 2.004, 2.216, 2.574, 2.425, 2.322, 2.59, 3.044, 3.307, 3.867, 4.417, 6.64, 9.59, 11.452, 11.93, 12.025, 13.365, 14.426, 14.87, 14.414, 14.592, 15.225, 15.321, 15.185, 15.018, 14.943, 14.884, 14.56, 13.949, 12.506, 11.301, 10.939, 11.018, 10.93, 11.113, 11.07, 11.315, 12.354, 12.917, 13.992, 14.253, 14.663, 15.438, 15.219, 13.101, 9.216, 6.381, 8.035, 9.996, 8.954], [2.587, 2.493, 2.678, 3.189, 3.631, 3.679, 3.351, 3.319, 3.093, 2.941, 2.797, 2.95, 1.967, 1.578, 1.961, 1.902, 2.756, 3.541, 3.571, 3.627, 3.346, 2.563, 2.154, 1.722, 0.0, 0.891, 1.257, 1.398, 1.825, 1.69, 2.356, 2.519, 2.707, 3.625, 4.224, 3.68, 4.477, 4.475, 4.628, 2.9, 3.185, 3.01, 2.967, 3.084, 3.588, 4.857, 6.392, 6.882, 6.838, 7.315, 9.127, 10.629, 11.119, 10.894, 10.274, 10.375, 10.524, 10.535, 10.201, 10.164, 10.05, 9.762, 8.98, 8.676, 9.537, 10.981, 11.411, 11.213, 10.562, 10.036, 10.646, 11.632, 10.893, 9.361, 7.726, 7.061, 6.7, 6.099, 4.504, 3.038, 3.448, 3.703, 4.055, 4.024, 4.091, 3.891, 4.391, 4.9, 5.036, 5.061, 4.572, 3.722, 2.71, 2.312, 1.877, 1.831, 2.027, 4.779, 7.555, 8.199, 7.585, 5.554, 4.96, 6.543, 7.41, 6.789, 5.094, 2.691, 1.806, 2.674, 3.095, 3.462, 3.374, 3.266, 3.484, 3.776, 3.481, 3.493, 4.502, 6.293, 8.998, 10.652, 11.16, 11.228, 12.555, 13.649, 14.1, 13.647, 13.825, 14.458, 14.553, 14.415, 14.218, 14.179, 14.113, 13.772, 13.181, 11.925, 10.627, 10.171, 10.251, 10.162, 10.345, 10.302, 10.559, 11.574, 12.135, 13.225, 13.462, 13.86, 14.64, 14.416, 12.485, 8.512, 5.83, 7.249, 9.192, 8.117], [2.965, 2.631, 2.846, 3.417, 3.875, 4.026, 3.301, 3.356, 3.142, 3.092, 2.847, 2.857, 1.815, 1.918, 2.325, 2.212, 3.036, 3.784, 3.999, 3.955, 3.684, 2.744, 2.441, 1.958, 0.891, 0.0, 0.978, 1.37, 2.067, 1.932, 2.424, 2.646, 2.979, 3.772, 4.467, 3.804, 4.575, 4.61, 4.836, 3.163, 3.281, 3.01, 2.907, 3.085, 3.537, 4.786, 5.913, 6.465, 6.369, 6.843, 8.694, 10.239, 10.757, 10.457, 9.909, 9.911, 10.248, 10.097, 9.816, 9.708, 9.58, 9.309, 8.529, 8.348, 9.1, 10.456, 10.891, 10.688, 10.045, 9.605, 10.151, 11.121, 10.37, 8.834, 7.263, 6.658, 6.394, 5.93, 4.359, 2.929, 3.636, 3.724, 4.021, 4.001, 4.28, 3.966, 4.176, 4.624, 4.846, 4.635, 4.272, 3.392, 2.33, 1.949, 1.582, 1.669, 1.591, 4.246, 6.968, 7.719, 7.023, 5.21, 4.692, 6.043, 6.91, 6.296, 4.613, 2.234, 1.899, 2.779, 3.3, 3.586, 3.537, 3.39, 3.628, 3.882, 3.432, 3.194, 4.301, 6.007, 8.467, 10.155, 10.588, 10.666, 12.01, 13.109, 13.572, 13.109, 13.288, 13.918, 14.017, 13.877, 13.696, 13.641, 13.583, 13.214, 12.673, 11.4, 10.114, 9.637, 9.716, 9.628, 9.811, 9.768, 10.048, 11.074, 11.655, 12.716, 12.93, 13.321, 14.106, 13.845, 12.001, 8.071, 5.316, 6.687, 8.646, 7.592], [3.013, 2.606, 2.933, 3.544, 4.178, 4.13, 3.532, 3.632, 3.519, 3.353, 2.981, 2.757, 2.003, 2.27, 2.596, 2.59, 3.475, 4.093, 4.201, 4.127, 3.839, 2.877, 2.693, 2.286, 1.257, 0.978, 0.0, 1.353, 2.102, 2.158, 2.564, 2.964, 3.281, 4.111, 4.867, 4.16, 4.785, 4.845, 5.107, 3.421, 3.405, 3.038, 2.905, 3.103, 3.573, 4.686, 5.889, 6.48, 6.354, 6.829, 8.683, 10.177, 10.747, 10.435, 9.874, 9.842, 10.358, 10.122, 9.854, 9.735, 9.472, 9.183, 8.462, 8.413, 9.032, 10.368, 10.8, 10.581, 9.93, 9.622, 10.062, 11.043, 10.323, 8.799, 7.179, 6.558, 6.296, 5.803, 4.161, 2.96, 3.958, 3.834, 4.069, 4.073, 4.478, 3.995, 4.05, 4.647, 4.858, 4.498, 4.126, 3.271, 2.25, 1.786, 1.747, 1.767, 1.79, 4.209, 6.871, 7.557, 6.926, 5.182, 4.615, 5.988, 6.847, 6.247, 4.558, 2.093, 2.088, 2.902, 3.488, 3.904, 3.713, 3.548, 3.709, 3.865, 3.414, 3.105, 4.095, 5.821, 8.446, 10.008, 10.562, 10.661, 11.885, 13.022, 13.453, 13.005, 13.185, 13.814, 13.914, 13.786, 13.588, 13.555, 13.465, 13.11, 12.543, 11.405, 10.04, 9.538, 9.613, 9.54, 9.707, 9.671, 9.966, 10.963, 11.503, 12.589, 12.764, 13.161, 14.086, 13.834, 12.016, 8.043, 5.336, 6.58, 8.526, 7.513], [2.415, 1.73, 2.147, 2.861, 3.637, 3.647, 2.974, 3.127, 3.055, 2.994, 3.254, 3.264, 2.157, 1.977, 2.098, 1.994, 2.882, 3.517, 3.61, 3.686, 3.502, 2.821, 2.289, 1.763, 1.398, 1.37, 1.353, 0.0, 1.275, 1.476, 2.35, 2.457, 2.758, 3.598, 4.312, 3.733, 4.572, 4.56, 4.697, 2.983, 3.324, 3.168, 3.148, 3.326, 3.947, 5.155, 6.571, 7.192, 7.072, 7.556, 9.499, 10.998, 11.537, 11.207, 10.664, 10.64, 11.109, 10.769, 10.625, 10.365, 9.905, 9.561, 9.132, 9.154, 9.665, 10.751, 11.121, 10.868, 10.258, 10.105, 10.479, 11.385, 10.721, 9.312, 7.65, 7.14, 6.703, 6.542, 4.881, 2.776, 3.499, 3.958, 4.441, 4.224, 4.228, 3.953, 4.519, 5.347, 5.64, 4.972, 3.846, 3.29, 2.659, 1.403, 1.19, 1.29, 1.819, 4.374, 7.149, 7.95, 7.22, 5.53, 5.148, 6.206, 6.892, 6.281, 4.555, 2.045, 1.602, 2.295, 3.165, 3.449, 3.21, 3.242, 3.358, 3.618, 3.434, 3.546, 4.43, 6.544, 9.1, 10.409, 10.968, 11.161, 12.416, 13.363, 13.666, 13.167, 13.346, 13.978, 14.074, 14.047, 13.941, 13.906, 13.701, 13.322, 12.749, 11.914, 10.48, 9.91, 9.863, 9.86, 9.989, 9.907, 10.27, 11.39, 11.984, 12.924, 13.16, 13.674, 14.623, 14.308, 12.569, 8.685, 5.9, 7.115, 9.061, 8.07], [1.653, 1.128, 1.539, 2.163, 2.92, 3.058, 2.644, 2.86, 2.626, 2.957, 3.626, 3.662, 2.746, 1.912, 1.549, 1.575, 2.355, 2.886, 2.824, 2.939, 2.839, 2.887, 2.415, 1.654, 1.825, 2.067, 2.102, 1.275, 0.0, 1.27, 2.501, 2.49, 2.459, 3.122, 3.423, 3.508, 4.682, 4.598, 4.611, 2.529, 3.427, 3.375, 3.439, 3.665, 4.221, 5.588, 7.296, 7.846, 7.794, 8.255, 10.137, 11.665, 12.197, 11.887, 11.349, 11.335, 11.629, 11.445, 11.217, 11.079, 10.669, 10.334, 9.785, 9.761, 10.323, 11.633, 11.957, 11.75, 11.082, 10.715, 11.208, 12.184, 11.518, 10.07, 8.319, 7.756, 7.258, 7.056, 5.366, 3.048, 3.4, 4.19, 4.719, 4.522, 4.349, 4.185, 4.931, 5.912, 6.149, 5.594, 4.566, 3.979, 3.265, 2.227, 1.777, 1.867, 2.612, 5.297, 8.088, 8.8, 8.107, 6.121, 5.781, 7.053, 7.853, 7.242, 5.511, 2.969, 1.81, 2.272, 3.133, 3.438, 3.142, 3.222, 3.421, 3.64, 3.692, 4.075, 4.814, 7.002, 9.817, 11.284, 11.861, 12.01, 13.263, 14.231, 14.588, 14.128, 14.306, 14.939, 15.035, 14.913, 14.832, 14.756, 14.62, 14.29, 13.687, 12.693, 11.292, 10.697, 10.74, 10.697, 10.853, 10.784, 11.078, 12.243, 12.786, 13.763, 13.995, 14.553, 15.444, 15.188, 13.339, 9.39, 6.652, 7.964, 9.923, 8.893], [1.677, 1.669, 1.672, 1.919, 2.512, 2.558, 2.336, 2.391, 2.009, 2.064, 3.048, 3.182, 2.514, 1.56, 1.385, 1.044, 1.732, 2.332, 2.378, 2.512, 2.675, 2.341, 1.699, 1.238, 1.69, 1.932, 2.158, 1.476, 1.27, 0.0, 1.749, 1.674, 1.674, 2.371, 3.027, 2.663, 3.843, 3.771, 3.804, 1.946, 2.649, 2.69, 2.868, 3.07, 3.545, 5.133, 7.162, 7.695, 7.638, 8.08, 9.852, 11.394, 11.949, 11.699, 11.06, 11.141, 11.275, 11.33, 11.052, 10.959, 10.695, 10.432, 9.693, 9.442, 10.23, 11.578, 11.993, 11.769, 11.157, 10.609, 11.233, 12.203, 11.433, 9.985, 8.337, 7.681, 7.096, 6.713, 5.036, 2.815, 2.565, 3.397, 4.016, 3.791, 3.566, 3.611, 4.651, 5.54, 5.733, 5.442, 4.676, 3.982, 3.164, 2.28, 1.802, 1.81, 2.549, 5.231, 8.056, 8.862, 8.11, 5.946, 5.559, 7.054, 7.886, 7.275, 5.58, 3.036, 1.565, 1.719, 2.411, 2.623, 2.478, 2.391, 2.686, 2.922, 3.201, 3.885, 4.48, 6.685, 9.647, 11.282, 11.724, 11.904, 13.182, 14.225, 14.621, 14.16, 14.339, 14.969, 15.068, 14.938, 14.816, 14.747, 14.646, 14.263, 13.782, 12.58, 11.257, 10.688, 10.765, 10.677, 10.868, 10.826, 11.124, 12.218, 12.824, 13.833, 14.057, 14.48, 15.356, 15.057, 13.251, 9.253, 6.499, 7.854, 9.832, 8.822], [2.761, 2.948, 2.902, 2.671, 2.884, 3.117, 3.061, 2.848, 2.358, 2.092, 2.416, 2.508, 2.14, 2.124, 2.11, 1.695, 1.696, 2.458, 2.836, 3.0, 2.833, 2.121, 1.488, 1.609, 2.356, 2.424, 2.564, 2.35, 2.501, 1.749, 0.0, 1.257, 1.801, 2.596, 3.184, 2.491, 3.001, 2.791, 3.002, 2.128, 1.465, 1.803, 2.041, 2.177, 2.609, 4.265, 6.213, 6.71, 6.756, 7.326, 9.018, 10.565, 11.052, 10.808, 10.313, 10.343, 10.388, 10.371, 10.128, 10.015, 10.136, 9.861, 9.037, 8.522, 9.58, 11.14, 11.576, 11.375, 10.721, 10.145, 10.77, 11.766, 11.017, 9.428, 7.867, 7.125, 6.7, 6.134, 4.538, 2.626, 2.138, 2.355, 3.011, 2.766, 2.588, 2.728, 3.864, 4.775, 5.069, 4.953, 4.175, 3.434, 2.716, 2.267, 2.735, 2.975, 2.709, 4.92, 7.712, 8.371, 7.745, 5.58, 5.004, 6.67, 7.53, 6.922, 5.191, 2.808, 1.617, 1.881, 1.785, 2.212, 2.601, 1.995, 2.044, 2.101, 2.646, 3.235, 3.816, 6.01, 8.943, 10.818, 11.296, 11.38, 12.724, 13.8, 14.258, 13.805, 13.983, 14.616, 14.711, 14.573, 14.382, 14.332, 14.275, 13.933, 13.339, 11.884, 10.674, 10.329, 10.409, 10.32, 10.503, 10.46, 10.706, 11.737, 12.298, 13.383, 13.632, 14.034, 14.8, 14.57, 12.47, 8.533, 5.756, 7.399, 9.355, 8.31], [2.656, 2.96, 2.829, 2.518, 2.25, 2.626, 2.661, 2.319, 1.919, 1.855, 2.661, 3.044, 2.269, 1.827, 2.003, 1.469, 1.026, 1.583, 2.245, 2.296, 2.385, 1.776, 1.092, 1.41, 2.519, 2.646, 2.964, 2.457, 2.49, 1.674, 1.257, 0.0, 1.122, 1.786, 2.361, 1.647, 2.441, 2.223, 2.317, 1.238, 1.27, 2.105, 2.578, 2.295, 2.749, 4.494, 6.741, 7.223, 7.282, 7.887, 9.44, 10.961, 11.44, 11.203, 10.758, 10.667, 11.0, 11.048, 10.626, 10.698, 10.751, 10.478, 9.654, 9.131, 10.134, 11.746, 12.179, 11.981, 11.339, 10.749, 11.372, 12.374, 11.625, 10.046, 8.484, 7.732, 7.309, 6.663, 5.011, 2.734, 1.732, 2.559, 3.433, 3.21, 2.804, 2.833, 4.422, 5.266, 5.491, 5.571, 4.763, 4.012, 3.281, 2.491, 2.468, 2.756, 2.972, 5.484, 8.263, 8.977, 8.333, 6.172, 5.536, 7.271, 8.147, 7.536, 5.805, 3.243, 1.764, 1.811, 1.781, 1.669, 1.893, 1.713, 1.901, 2.317, 3.179, 3.727, 4.289, 6.521, 9.511, 11.413, 11.89, 11.954, 13.242, 14.386, 14.866, 14.418, 14.598, 15.227, 15.326, 15.181, 15.005, 14.944, 14.877, 14.524, 13.957, 12.506, 11.28, 10.947, 11.026, 10.938, 11.121, 11.078, 11.323, 12.359, 12.92, 14.0, 14.155, 14.546, 15.332, 15.146, 13.112, 9.11, 6.299, 7.919, 9.873, 8.835], [2.273, 2.841, 2.416, 1.959, 1.817, 2.035, 2.701, 2.619, 2.175, 2.289, 3.473, 3.862, 3.019, 1.92, 1.786, 1.336, 1.228, 1.701, 1.868, 1.909, 2.236, 1.995, 1.384, 1.63, 2.707, 2.979, 3.281, 2.758, 2.459, 1.674, 1.801, 1.122, 0.0, 1.251, 1.804, 1.816, 3.05, 2.626, 2.411, 1.471, 2.062, 3.011, 3.316, 3.215, 3.765, 5.42, 7.488, 8.061, 8.049, 8.639, 10.228, 11.698, 12.253, 12.024, 11.497, 11.459, 11.812, 11.861, 11.474, 11.521, 11.617, 11.345, 10.485, 9.968, 11.002, 12.603, 13.029, 12.836, 12.176, 11.611, 12.233, 13.236, 12.487, 10.904, 9.345, 8.593, 8.166, 7.434, 5.764, 3.376, 2.222, 3.519, 4.373, 4.048, 3.694, 3.811, 5.235, 6.118, 6.295, 6.437, 5.629, 4.83, 4.141, 3.29, 2.863, 3.041, 3.655, 6.343, 9.101, 9.789, 9.2, 7.039, 6.405, 8.137, 9.014, 8.402, 6.671, 4.083, 2.383, 1.88, 2.071, 2.126, 2.341, 2.42, 2.691, 2.978, 3.916, 4.448, 5.015, 7.324, 10.297, 12.265, 12.739, 12.752, 13.977, 15.231, 15.728, 15.28, 15.459, 16.089, 16.188, 16.043, 15.817, 15.788, 15.739, 15.39, 14.823, 13.37, 12.146, 11.813, 11.893, 11.804, 11.987, 11.944, 12.19, 13.209, 13.777, 14.867, 14.999, 15.326, 16.056, 15.94, 13.959, 9.871, 7.13, 8.702, 10.578, 9.513], [2.757, 3.468, 2.628, 2.283, 1.872, 1.939, 2.5, 2.723, 2.442, 2.852, 4.137, 4.51, 3.738, 2.798, 2.524, 2.11, 1.67, 1.711, 2.065, 2.042, 2.683, 2.551, 2.123, 2.23, 3.625, 3.772, 4.111, 3.598, 3.122, 2.371, 2.596, 1.786, 1.251, 0.0, 1.481, 2.178, 3.724, 3.274, 2.546, 2.195, 2.761, 3.626, 4.057, 3.874, 4.379, 6.016, 8.223, 8.738, 8.706, 9.282, 10.875, 12.387, 12.94, 12.689, 12.206, 12.099, 12.501, 12.572, 12.132, 12.231, 12.208, 11.928, 11.093, 10.644, 11.604, 13.224, 13.625, 13.425, 12.76, 12.196, 12.818, 13.82, 13.086, 11.523, 9.93, 9.178, 8.765, 8.081, 6.367, 4.044, 2.747, 4.13, 4.999, 4.707, 4.312, 4.396, 5.868, 6.764, 6.904, 7.028, 6.22, 5.467, 4.774, 3.89, 3.553, 3.827, 4.317, 6.934, 9.692, 10.387, 9.79, 7.636, 6.994, 8.728, 9.604, 8.993, 7.262, 4.681, 3.171, 2.418, 2.614, 2.783, 2.948, 3.0, 3.209, 3.576, 4.444, 5.115, 5.642, 7.92, 10.911, 12.856, 13.343, 13.395, 14.675, 15.843, 16.312, 15.864, 16.044, 16.673, 16.773, 16.628, 16.441, 16.4, 16.324, 15.981, 15.414, 14.003, 12.748, 12.404, 12.484, 12.395, 12.578, 12.535, 12.781, 13.814, 14.374, 15.458, 15.59, 15.938, 16.778, 16.596, 14.614, 10.557, 7.721, 9.346, 11.271, 10.204], [2.897, 3.665, 2.879, 2.273, 1.735, 1.746, 2.243, 2.369, 2.365, 2.643, 3.74, 4.248, 3.748, 3.064, 2.71, 2.555, 1.751, 1.918, 2.425, 2.438, 3.07, 3.318, 2.872, 3.024, 4.224, 4.467, 4.867, 4.312, 3.423, 3.027, 3.184, 2.361, 1.804, 1.481, 0.0, 1.885, 3.305, 2.823, 2.235, 2.118, 2.974, 3.513, 3.662, 3.561, 4.105, 5.746, 7.786, 8.441, 8.354, 8.95, 10.615, 12.075, 12.541, 12.334, 11.757, 11.829, 12.191, 12.183, 11.793, 11.837, 11.969, 11.696, 10.843, 10.373, 11.35, 12.954, 13.385, 13.191, 12.531, 11.966, 12.589, 13.591, 12.842, 11.263, 9.701, 8.948, 8.521, 7.755, 6.144, 3.814, 2.577, 3.85, 4.769, 4.421, 4.012, 4.162, 5.585, 6.463, 6.674, 6.788, 5.98, 5.181, 4.721, 4.262, 4.093, 4.31, 4.995, 6.726, 9.477, 10.128, 9.551, 7.39, 6.754, 8.488, 9.365, 8.754, 7.022, 4.921, 3.53, 2.709, 2.498, 2.448, 2.635, 2.619, 3.048, 3.339, 4.244, 4.795, 5.33, 7.705, 10.679, 12.616, 13.093, 13.117, 14.33, 15.587, 16.083, 15.635, 15.814, 16.444, 16.543, 16.398, 16.173, 16.142, 16.094, 15.741, 15.174, 13.749, 12.497, 12.164, 12.244, 12.155, 12.338, 12.295, 12.541, 13.56, 14.128, 15.218, 15.369, 15.684, 16.306, 16.275, 14.289, 10.193, 7.511, 9.002, 10.896, 9.816], [3.011, 3.492, 3.033, 2.483, 2.175, 2.311, 1.937, 1.561, 1.377, 1.486, 2.528, 3.096, 2.765, 2.582, 2.581, 2.134, 1.405, 1.954, 2.78