[[0.0, 1.018, 2.38, 3.424, 4.281, 3.573, 2.798, 2.531, 3.444, 4.516, 5.7, 7.14, 8.279, 8.282, 7.683, 6.426, 5.838, 5.205, 4.831, 3.322, 2.272, 2.5, 2.988, 2.133, 2.197, 2.057, 2.851, 2.116, 2.295, 1.794, 4.544, 3.932, 3.461, 5.763, 5.647, 2.284, 1.815, 1.955, 2.908, 3.152, 2.668, 2.908, 3.788, 3.062, 2.619, 2.947, 1.949, 1.552, 2.469, 1.584, 1.774, 2.135, 2.234, 1.53, 1.437, 1.841, 1.982, 5.063, 7.791, 7.345, 7.552, 7.263, 5.144, 5.386, 5.942, 5.27, 6.678, 8.932, 8.307, 7.229, 6.025, 3.092, 5.706, 9.823, 9.509, 8.809, 8.024, 6.692, 6.214, 6.953, 6.558, 5.309, 5.093, 6.553, 8.491, 10.657, 10.513, 8.957, 7.793, 9.039, 10.534, 10.601, 9.57, 8.792, 9.337, 10.895, 10.895, 9.123, 6.701, 5.962, 8.391, 10.21, 11.431, 12.672, 13.015, 12.288, 11.708, 11.318, 10.79, 10.693, 9.743, 8.669, 9.298, 9.314, 7.359, 6.345, 7.493, 7.047, 6.473, 6.017, 3.773, 1.808, 3.718, 6.599, 7.769, 7.158, 5.353, 4.029, 4.046, 3.623, 3.855, 5.107, 4.524, 3.898, 4.846, 6.603, 7.721, 8.373, 8.606, 9.436, 10.017, 10.939, 12.172, 12.272, 11.146, 11.043, 11.853, 11.736, 9.811, 7.622, 6.596, 5.993, 7.859, 9.243, 10.133, 9.865, 10.67, 11.33, 10.643, 8.404, 7.2, 7.389, 6.62, 5.564, 5.538, 6.413, 8.267, 8.185, 9.472, 9.672, 8.044, 8.117, 9.538, 9.944, 9.021, 7.427, 6.756, 6.666, 4.136, 3.666, 3.802, 4.238, 3.295, 2.338, 3.094, 2.343, 1.93, 2.169, 2.124, 5.472, 8.176, 9.066, 9.899, 10.576, 10.167, 8.906, 8.322, 8.118, 8.959, 10.744, 11.725, 11.955, 12.37, 11.549, 12.529, 14.598], [1.018, 0.0, 1.945, 3.096, 3.969, 3.223, 2.378, 2.173, 3.055, 4.565, 5.827, 7.298, 8.434, 8.441, 7.85, 6.654, 6.066, 5.344, 5.037, 3.723, 2.741, 2.887, 3.395, 2.613, 2.276, 1.909, 2.511, 2.101, 2.738, 2.204, 4.246, 3.763, 3.728, 5.838, 5.638, 2.221, 1.51, 1.744, 2.32, 2.757, 2.229, 2.377, 3.201, 2.597, 2.638, 3.113, 2.118, 1.587, 2.425, 1.466, 1.413, 1.808, 1.883, 1.696, 1.388, 1.657, 1.72, 4.79, 7.493, 7.023, 7.231, 6.952, 4.82, 5.062, 5.639, 5.008, 6.458, 8.683, 8.039, 6.946, 5.805, 3.071, 5.385, 9.562, 9.448, 8.406, 7.482, 6.095, 5.638, 6.317, 5.933, 4.681, 4.438, 5.934, 8.095, 10.597, 10.585, 8.528, 7.324, 8.792, 10.591, 10.317, 9.206, 8.27, 8.872, 10.402, 10.781, 9.075, 6.64, 6.044, 8.599, 10.416, 11.497, 12.736, 12.814, 12.123, 11.679, 11.398, 10.791, 10.788, 9.906, 8.822, 9.533, 9.548, 7.592, 6.64, 7.74, 7.275, 6.659, 6.175, 4.054, 2.268, 3.85, 6.827, 7.989, 7.363, 5.482, 4.111, 4.072, 3.652, 3.352, 4.479, 3.919, 3.56, 4.297, 6.341, 7.839, 8.533, 8.821, 9.657, 10.245, 11.1, 12.401, 12.471, 11.335, 11.229, 11.984, 11.86, 9.932, 7.707, 6.203, 5.95, 7.99, 9.349, 10.256, 9.984, 10.788, 11.373, 10.82, 8.608, 7.35, 7.54, 6.671, 4.999, 4.774, 5.707, 7.491, 7.48, 8.781, 9.067, 7.523, 8.35, 9.735, 10.126, 9.196, 7.601, 6.877, 6.704, 3.978, 3.172, 3.607, 3.737, 2.894, 2.324, 3.327, 2.437, 1.766, 2.121, 1.729, 4.991, 8.002, 8.549, 9.346, 10.089, 9.637, 8.42, 8.066, 7.752, 8.644, 10.551, 11.382, 11.855, 12.108, 11.36, 12.498, 14.626], [2.38, 1.945, 0.0, 1.573, 2.524, 1.886, 2.582, 2.035, 3.457, 6.103, 7.346, 8.921, 10.07, 10.08, 9.47, 8.304, 7.716, 6.942, 6.684, 5.024, 3.976, 3.97, 4.575, 3.873, 2.832, 2.244, 2.108, 2.55, 3.88, 3.273, 3.468, 3.024, 3.571, 5.438, 4.881, 1.788, 1.501, 1.966, 2.779, 3.697, 2.526, 2.187, 3.452, 3.76, 4.255, 4.721, 3.485, 2.745, 3.5, 2.491, 1.267, 1.384, 1.614, 2.66, 2.227, 2.531, 1.963, 3.178, 5.882, 5.401, 5.609, 5.364, 3.296, 3.638, 4.109, 3.473, 4.854, 7.083, 6.635, 5.403, 5.131, 2.789, 6.245, 10.592, 10.574, 9.474, 8.244, 6.78, 6.119, 6.17, 5.717, 4.484, 3.883, 5.346, 9.267, 11.861, 11.762, 9.311, 8.13, 9.913, 11.731, 11.604, 10.516, 9.005, 9.471, 10.927, 12.034, 10.634, 7.876, 7.634, 10.249, 12.066, 12.945, 13.933, 13.911, 13.207, 12.957, 12.644, 12.132, 12.225, 11.476, 10.374, 11.171, 11.187, 9.237, 8.262, 9.372, 8.926, 8.3, 7.798, 5.649, 3.559, 5.38, 8.477, 9.638, 9.002, 7.08, 5.752, 5.629, 5.047, 3.68, 3.979, 4.317, 4.468, 4.733, 7.148, 9.489, 10.163, 10.47, 11.305, 11.893, 12.719, 14.046, 14.112, 12.976, 12.849, 13.507, 13.353, 11.409, 8.979, 7.182, 7.264, 9.476, 10.9, 11.666, 11.277, 12.176, 12.935, 12.458, 10.246, 8.986, 9.098, 8.157, 5.142, 4.201, 5.139, 6.692, 6.877, 8.207, 8.701, 8.105, 9.988, 11.363, 11.772, 10.846, 9.228, 8.484, 8.304, 5.536, 4.22, 5.039, 4.84, 3.682, 3.612, 4.592, 3.664, 2.601, 2.526, 1.479, 5.881, 9.094, 9.381, 9.672, 10.212, 9.852, 9.217, 9.247, 9.083, 10.016, 11.85, 12.768, 13.286, 13.604, 12.841, 13.96, 16.131], [3.424, 3.096, 1.573, 0.0, 1.917, 2.16, 3.669, 3.106, 4.509, 7.243, 8.538, 10.102, 11.246, 11.247, 10.641, 9.471, 8.873, 8.104, 7.851, 6.142, 4.989, 5.148, 5.733, 5.096, 3.992, 3.355, 2.978, 3.762, 4.978, 4.219, 3.647, 2.809, 3.413, 5.05, 4.493, 2.475, 2.68, 3.22, 3.988, 4.878, 3.697, 3.308, 4.52, 4.933, 5.361, 5.921, 4.612, 3.865, 4.558, 3.606, 2.263, 1.921, 2.292, 3.403, 3.476, 3.859, 3.268, 2.556, 4.692, 4.278, 4.422, 4.19, 2.559, 2.821, 3.277, 2.717, 3.919, 6.096, 5.686, 4.787, 4.793, 3.379, 7.337, 11.748, 11.688, 10.593, 9.447, 7.955, 7.341, 7.204, 6.791, 5.433, 4.492, 6.061, 10.391, 12.905, 12.745, 10.34, 9.118, 10.912, 12.736, 12.74, 11.687, 10.22, 10.632, 12.083, 13.188, 11.782, 9.039, 8.801, 11.416, 13.233, 14.108, 15.072, 14.952, 14.212, 13.948, 13.65, 13.191, 13.318, 12.552, 11.492, 12.278, 12.35, 10.436, 9.49, 10.584, 10.099, 9.497, 8.984, 6.816, 4.715, 6.538, 9.641, 10.796, 10.162, 8.238, 6.898, 6.798, 6.188, 4.72, 5.022, 5.492, 5.62, 5.856, 8.24, 10.656, 11.315, 11.628, 12.463, 13.052, 13.877, 15.207, 15.273, 14.137, 13.995, 14.659, 14.442, 12.529, 10.095, 8.37, 8.428, 10.634, 12.067, 12.833, 12.372, 13.266, 14.059, 13.564, 11.354, 10.095, 10.207, 9.319, 6.118, 4.519, 6.041, 6.689, 7.107, 8.493, 9.32, 9.007, 11.158, 12.524, 12.933, 12.013, 10.395, 9.651, 9.471, 6.717, 5.416, 6.215, 6.018, 4.797, 4.843, 5.891, 4.946, 3.837, 3.435, 2.445, 6.881, 10.082, 10.418, 10.699, 11.321, 10.982, 10.267, 10.349, 10.232, 11.143, 12.975, 13.925, 14.444, 14.779, 14.004, 15.115, 17.27], [4.281, 3.969, 2.524, 1.917, 0.0, 2.285, 4.265, 3.717, 5.242, 8.247, 9.196, 10.618, 11.759, 11.688, 11.103, 9.952, 9.293, 8.544, 8.333, 6.642, 5.219, 5.519, 5.986, 5.508, 4.314, 4.03, 3.797, 4.491, 5.693, 4.4, 2.917, 1.942, 2.55, 3.939, 3.49, 2.615, 3.259, 3.858, 4.625, 5.54, 4.349, 4.175, 5.305, 5.433, 5.94, 6.394, 5.079, 4.467, 5.359, 4.388, 2.962, 2.633, 2.831, 3.56, 4.223, 4.462, 3.825, 2.675, 4.261, 3.793, 3.998, 3.893, 2.66, 2.246, 2.469, 2.054, 3.217, 5.459, 5.035, 3.947, 3.602, 3.183, 8.052, 12.44, 12.373, 11.265, 9.892, 8.384, 7.754, 7.972, 7.497, 5.977, 5.203, 6.789, 11.011, 13.645, 13.602, 11.145, 10.002, 11.775, 13.603, 13.406, 12.149, 10.714, 11.262, 12.732, 13.628, 12.235, 9.459, 9.222, 11.841, 13.68, 14.538, 15.695, 15.747, 15.085, 14.734, 14.456, 13.942, 13.917, 13.199, 12.113, 12.859, 12.909, 11.035, 10.214, 11.19, 10.55, 10.063, 9.451, 7.332, 5.171, 6.956, 10.057, 11.209, 10.581, 8.667, 7.327, 7.258, 6.69, 5.235, 5.713, 5.927, 6.064, 6.329, 8.688, 11.092, 11.743, 12.065, 12.888, 13.473, 14.309, 15.625, 15.69, 14.554, 14.424, 15.116, 15.097, 13.117, 10.74, 8.859, 8.95, 11.075, 12.493, 13.319, 13.092, 13.937, 14.688, 14.133, 11.879, 10.605, 10.716, 9.809, 6.639, 5.179, 6.704, 7.857, 8.123, 9.409, 9.78, 9.492, 11.614, 12.952, 13.347, 12.431, 10.818, 10.079, 9.907, 7.175, 5.941, 6.661, 6.442, 5.404, 5.532, 6.504, 5.495, 4.234, 3.4, 3.399, 7.753, 10.917, 11.214, 11.437, 11.925, 11.586, 11.067, 10.921, 10.82, 11.688, 13.58, 14.364, 14.873, 15.196, 14.454, 15.553, 17.759], [3.573, 3.223, 1.886, 2.16, 2.285, 0.0, 2.705, 2.453, 4.202, 7.093, 8.15, 9.411, 10.41, 10.282, 9.822, 8.709, 7.937, 7.158, 6.894, 5.189, 4.036, 4.499, 5.005, 4.695, 3.435, 3.041, 2.919, 3.457, 4.727, 3.425, 3.531, 3.104, 3.883, 5.776, 5.242, 2.648, 2.509, 3.165, 3.815, 4.458, 3.46, 2.903, 3.442, 4.045, 4.702, 5.463, 4.082, 3.46, 4.082, 3.315, 2.046, 1.935, 1.969, 3.008, 3.481, 3.801, 3.087, 3.375, 5.907, 5.476, 5.669, 5.299, 3.486, 3.841, 4.24, 3.54, 5.074, 7.252, 6.8, 5.523, 5.376, 3.417, 6.684, 10.579, 10.591, 9.525, 8.34, 6.856, 6.28, 6.334, 5.813, 4.586, 4.521, 5.539, 9.303, 11.794, 11.688, 9.204, 8.133, 9.888, 11.749, 11.677, 10.592, 9.061, 9.494, 10.937, 12.029, 10.638, 7.914, 7.678, 10.304, 12.108, 12.978, 13.982, 13.909, 13.082, 12.767, 12.579, 11.985, 12.072, 11.36, 10.322, 11.151, 11.473, 9.805, 9.396, 10.184, 9.187, 8.748, 8.216, 6.342, 4.316, 5.729, 8.512, 9.652, 9.04, 7.232, 6.037, 5.831, 5.22, 3.697, 3.886, 4.454, 4.582, 4.779, 7.191, 9.588, 10.209, 10.505, 11.348, 11.922, 12.726, 14.058, 14.126, 12.99, 12.847, 13.53, 13.328, 11.309, 9.016, 7.304, 7.387, 9.536, 10.942, 11.718, 11.232, 12.106, 12.923, 12.489, 10.253, 8.955, 8.998, 8.257, 5.442, 4.23, 5.143, 6.599, 6.541, 7.903, 8.508, 7.976, 10.025, 11.39, 11.781, 10.874, 9.264, 8.534, 8.362, 5.677, 4.528, 5.138, 4.907, 4.264, 4.742, 5.824, 4.702, 3.435, 2.799, 2.318, 5.806, 8.897, 9.243, 9.542, 10.11, 9.84, 9.143, 9.244, 9.114, 9.982, 11.831, 12.783, 13.295, 13.62, 12.874, 13.971, 16.129], [2.798, 2.378, 2.582, 3.669, 4.265, 2.705, 0.0, 1.25, 2.246, 4.729, 5.608, 6.883, 7.866, 7.77, 7.258, 6.186, 5.471, 4.843, 4.564, 3.193, 2.855, 2.808, 3.373, 3.101, 2.077, 1.579, 2.253, 2.097, 3.275, 3.644, 5.109, 4.76, 5.293, 7.278, 6.888, 3.588, 2.113, 2.04, 1.711, 1.88, 1.449, 1.585, 1.399, 1.612, 2.383, 3.089, 2.344, 1.982, 2.12, 1.747, 2.078, 2.834, 2.929, 3.288, 2.352, 2.206, 2.389, 5.607, 8.244, 7.746, 7.961, 7.677, 5.656, 5.874, 6.376, 5.867, 7.237, 9.461, 8.857, 7.633, 7.025, 4.546, 4.41, 8.286, 8.187, 7.05, 5.982, 4.599, 3.988, 4.676, 4.189, 3.128, 3.583, 4.167, 6.984, 9.53, 9.405, 7.015, 5.793, 7.595, 9.418, 9.349, 8.188, 6.766, 7.195, 8.844, 9.636, 8.262, 5.566, 5.267, 7.886, 9.694, 10.567, 11.526, 11.509, 10.857, 10.598, 10.29, 9.835, 9.85, 9.125, 8.043, 8.843, 8.952, 7.3, 6.936, 7.675, 6.696, 6.255, 5.743, 4.032, 2.772, 3.414, 6.101, 7.253, 6.613, 4.766, 3.64, 3.434, 2.744, 1.753, 2.54, 2.42, 2.2, 2.705, 4.934, 7.148, 7.78, 8.102, 8.925, 9.511, 10.348, 11.659, 11.724, 10.588, 10.457, 11.118, 11.019, 9.062, 6.659, 4.876, 4.912, 7.109, 8.538, 9.306, 8.979, 9.872, 10.659, 10.112, 7.862, 6.577, 6.687, 5.779, 3.348, 3.311, 3.967, 5.951, 5.663, 6.871, 7.132, 5.929, 7.614, 8.979, 9.385, 8.476, 6.863, 6.124, 5.952, 3.302, 2.11, 2.776, 2.645, 2.176, 2.448, 3.669, 2.887, 2.356, 3.42, 2.089, 3.625, 6.728, 7.104, 7.595, 8.298, 7.917, 6.88, 6.819, 6.722, 7.67, 9.47, 10.401, 10.903, 11.234, 10.46, 11.582, 13.751], [2.531, 2.173, 2.035, 3.106, 3.717, 2.453, 1.25, 0.0, 2.057, 4.781, 5.856, 7.192, 8.289, 8.254, 7.682, 6.508, 5.848, 5.126, 4.885, 3.413, 2.911, 2.9, 3.328, 3.063, 1.796, 1.363, 1.719, 1.939, 3.11, 3.285, 4.797, 4.095, 4.663, 6.649, 6.147, 2.958, 1.9, 1.98, 1.902, 2.373, 1.602, 1.595, 2.06, 2.137, 2.557, 3.207, 2.429, 1.984, 2.36, 1.782, 1.87, 2.467, 2.497, 3.002, 2.066, 2.058, 2.045, 5.085, 7.769, 7.248, 7.463, 7.224, 5.149, 5.286, 5.837, 5.317, 6.759, 8.986, 8.252, 7.149, 6.361, 3.932, 4.663, 9.111, 8.975, 7.932, 6.753, 5.229, 4.711, 5.005, 4.448, 3.254, 3.348, 4.415, 7.44, 10.069, 10.03, 7.694, 6.622, 8.27, 10.068, 9.885, 8.752, 7.517, 8.037, 9.566, 10.23, 8.752, 6.002, 5.752, 8.368, 10.185, 11.092, 12.247, 12.297, 11.604, 11.181, 10.885, 10.305, 10.371, 9.587, 8.484, 9.296, 9.384, 7.559, 7.031, 7.858, 7.081, 6.592, 6.012, 4.133, 2.616, 3.606, 6.596, 7.754, 7.116, 5.208, 3.931, 3.801, 3.206, 1.944, 2.855, 2.979, 2.765, 3.131, 5.299, 7.623, 8.281, 8.586, 9.422, 10.01, 10.835, 12.166, 12.227, 11.091, 10.966, 11.678, 11.465, 9.533, 7.181, 5.527, 5.512, 7.656, 9.024, 9.865, 9.474, 10.306, 11.053, 10.581, 8.351, 7.093, 7.22, 6.279, 3.647, 3.431, 4.168, 6.017, 5.909, 7.161, 7.479, 6.291, 8.104, 9.478, 9.887, 8.964, 7.347, 6.603, 6.422, 3.716, 2.687, 3.199, 3.231, 2.377, 2.574, 3.805, 2.886, 2.356, 3.117, 1.636, 4.276, 7.338, 7.756, 7.985, 8.964, 8.623, 7.746, 7.579, 7.267, 8.219, 10.075, 10.966, 11.474, 11.797, 11.027, 12.131, 14.294], [3.444, 3.055, 3.457, 4.509, 5.242, 4.202, 2.246, 2.057, 0.0, 3.091, 4.142, 5.619, 6.76, 6.796, 6.163, 4.993, 4.44, 3.848, 3.706, 3.789, 3.894, 3.438, 3.758, 3.594, 2.342, 2.139, 2.458, 2.782, 3.564, 4.391, 6.101, 5.249, 5.618, 7.597, 7.26, 3.961, 2.965, 3.119, 1.819, 1.799, 2.028, 2.369, 2.249, 2.208, 2.297, 2.887, 3.137, 2.915, 3.057, 2.588, 3.038, 3.762, 3.75, 4.089, 2.941, 2.959, 3.283, 6.522, 9.154, 8.702, 8.908, 8.593, 6.529, 6.73, 7.269, 6.637, 8.167, 10.399, 9.66, 8.52, 7.562, 4.96, 3.267, 7.888, 7.686, 6.722, 5.535, 4.063, 3.493, 3.955, 3.402, 2.232, 2.105, 3.23, 6.189, 8.796, 8.716, 6.535, 5.407, 7.027, 8.77, 8.637, 7.444, 6.299, 6.901, 8.461, 8.852, 7.359, 4.561, 4.326, 6.938, 8.756, 9.734, 10.922, 11.08, 10.354, 9.924, 9.563, 8.951, 8.958, 8.18, 7.116, 7.797, 7.872, 5.972, 5.372, 6.127, 5.614, 5.04, 4.676, 3.615, 3.614, 3.381, 5.188, 6.32, 5.691, 3.804, 2.833, 2.371, 1.93, 1.431, 2.379, 2.222, 1.842, 2.297, 3.935, 6.178, 6.87, 7.149, 7.985, 8.573, 9.445, 10.729, 10.799, 9.665, 9.529, 10.239, 10.133, 8.15, 5.848, 4.346, 4.159, 6.209, 7.599, 8.442, 8.11, 8.948, 9.687, 9.083, 6.876, 5.614, 5.732, 4.92, 2.373, 2.823, 3.624, 5.16, 5.058, 6.168, 6.397, 5.033, 6.685, 8.05, 8.454, 7.535, 5.917, 5.198, 5.02, 2.337, 1.913, 1.977, 2.141, 1.776, 2.397, 2.903, 2.814, 3.286, 4.33, 2.788, 3.0, 6.007, 6.6, 6.945, 7.945, 7.492, 6.564, 6.242, 6.064, 6.967, 8.837, 9.652, 10.092, 10.468, 9.633, 10.814, 12.998], [4.516, 4.565, 6.103, 7.243, 8.247, 7.093, 4.729, 4.781, 3.091, 0.0, 1.577, 3.014, 4.154, 4.273, 3.99, 3.442, 3.767, 3.428, 3.349, 4.066, 4.426, 4.099, 4.185, 4.12, 4.179, 4.461, 4.89, 4.387, 3.893, 5.117, 8.487, 8.013, 7.646, 10.068, 9.901, 6.41, 5.32, 4.892, 3.803, 3.092, 4.075, 4.861, 4.063, 3.525, 3.045, 3.148, 3.866, 4.042, 3.921, 4.021, 5.479, 6.055, 6.118, 5.573, 4.807, 4.523, 5.444, 9.251, 11.834, 11.369, 11.551, 11.335, 9.338, 9.526, 10.067, 9.42, 10.937, 13.145, 12.369, 11.301, 10.226, 7.13, 2.181, 5.529, 5.385, 4.846, 4.295, 2.97, 2.742, 3.519, 3.272, 3.181, 3.725, 3.424, 4.524, 6.294, 6.193, 4.872, 3.824, 4.678, 6.184, 6.323, 5.616, 4.917, 5.385, 6.909, 7.072, 5.213, 3.086, 2.651, 4.344, 6.194, 7.274, 8.498, 8.68, 7.908, 7.336, 7.035, 6.601, 6.465, 5.474, 4.366, 5.165, 5.244, 4.419, 4.581, 4.736, 4.098, 3.908, 3.956, 3.723, 4.409, 3.652, 3.903, 4.22, 3.29, 2.577, 2.576, 2.274, 2.597, 3.929, 4.41, 3.801, 3.39, 2.883, 2.897, 3.799, 4.287, 4.555, 5.356, 5.944, 6.804, 8.095, 8.161, 7.061, 6.908, 7.672, 7.328, 5.486, 3.463, 2.594, 2.322, 3.719, 5.086, 5.924, 5.478, 6.278, 7.081, 6.453, 4.258, 3.099, 3.175, 2.434, 2.806, 4.677, 4.728, 5.606, 5.557, 6.321, 5.921, 4.315, 4.077, 5.419, 5.9, 4.941, 3.374, 2.556, 2.522, 2.07, 3.293, 2.663, 2.829, 3.363, 3.142, 2.732, 3.338, 4.704, 6.221, 5.2, 2.415, 4.092, 5.084, 5.826, 6.593, 6.249, 4.976, 4.539, 4.3, 5.088, 6.624, 7.608, 7.788, 8.243, 7.53, 8.408, 10.418], [5.7, 5.827, 7.346, 8.538, 9.196, 8.15, 5.608, 5.856, 4.142, 1.577, 0.0, 1.916, 2.889, 3.192, 2.979, 2.806, 3.502, 3.269, 3.315, 4.156, 5.048, 4.671, 4.574, 4.728, 5.159, 5.517, 6.259, 5.677, 4.988, 6.382, 9.865, 9.174, 8.819, 11.186, 11.122, 7.528, 6.373, 5.911, 4.779, 3.938, 4.993, 6.02, 5.057, 4.305, 3.978, 3.683, 4.567, 4.989, 4.693, 5.13, 6.616, 7.38, 7.475, 6.695, 5.91, 5.629, 6.575, 10.486, 13.188, 12.718, 12.925, 12.618, 10.461, 10.733, 11.292, 10.675, 12.124, 14.336, 13.708, 12.573, 11.434, 8.246, 2.195, 4.517, 4.436, 4.16, 3.644, 2.861, 2.769, 3.773, 3.814, 3.895, 4.567, 3.778, 3.745, 5.219, 5.318, 4.35, 3.713, 3.734, 5.015, 5.405, 4.484, 4.109, 4.584, 6.462, 6.327, 4.705, 3.135, 2.655, 3.484, 4.894, 5.88, 7.203, 7.618, 7.02, 6.298, 6.012, 5.752, 5.402, 4.397, 3.22, 3.861, 3.911, 3.582, 4.202, 4.178, 3.309, 3.1, 3.378, 4.03, 5.05, 3.96, 3.456, 3.393, 2.532, 2.555, 3.288, 3.041, 3.411, 4.792, 5.362, 4.549, 4.126, 3.546, 2.67, 2.779, 3.1, 3.515, 4.169, 4.568, 5.474, 6.708, 6.778, 5.691, 5.527, 6.212, 6.217, 4.271, 2.725, 1.96, 1.746, 2.424, 3.679, 4.462, 4.249, 5.092, 5.947, 5.162, 3.167, 2.187, 2.174, 2.034, 3.396, 5.347, 5.366, 6.061, 6.12, 6.512, 5.752, 4.15, 3.059, 4.268, 4.799, 3.958, 2.637, 1.835, 1.804, 2.835, 3.775, 3.336, 3.525, 4.223, 4.062, 3.134, 4.306, 5.846, 7.4, 6.509, 3.253, 3.727, 4.921, 5.406, 5.932, 5.568, 4.883, 4.495, 4.37, 5.07, 5.848, 6.527, 6.667, 7.15, 6.434, 7.122, 9.161], [7.14, 7.298, 8.921, 10.102, 10.618, 9.411, 6.883, 7.192, 5.619, 3.014, 1.916, 0.0, 1.439, 1.698, 2.067, 1.797, 2.378, 2.658, 2.947, 4.319, 5.699, 5.435, 4.916, 5.556, 6.576, 6.977, 7.789, 7.225, 5.901, 7.681, 11.368, 10.658, 10.146, 12.605, 12.664, 8.954, 7.865, 7.266, 6.179, 5.353, 6.431, 7.435, 6.286, 5.456, 5.014, 4.327, 5.644, 6.41, 5.795, 6.587, 8.148, 8.921, 9.002, 8.124, 7.031, 6.692, 7.87, 12.062, 14.764, 14.288, 14.497, 14.19, 12.001, 12.251, 12.807, 12.247, 13.7, 15.911, 15.267, 14.13, 12.825, 9.653, 3.769, 5.146, 5.355, 5.211, 4.615, 3.89, 3.947, 4.849, 4.861, 5.1, 5.827, 4.723, 4.764, 5.637, 5.78, 5.303, 4.689, 4.067, 5.013, 5.431, 4.763, 5.055, 5.559, 7.597, 7.374, 5.708, 3.842, 3.312, 3.82, 4.659, 5.305, 6.754, 7.296, 6.826, 6.345, 6.626, 6.414, 5.899, 4.129, 2.319, 2.581, 2.714, 2.489, 3.096, 3.066, 2.047, 2.206, 2.234, 3.594, 5.572, 3.939, 2.431, 2.038, 1.324, 2.625, 4.069, 3.908, 4.331, 5.963, 6.626, 5.665, 5.21, 4.787, 3.576, 3.46, 3.333, 3.601, 3.611, 3.656, 4.438, 5.229, 5.245, 4.505, 4.347, 5.211, 5.368, 3.681, 3.629, 2.941, 3.082, 2.64, 3.115, 3.591, 3.551, 4.897, 5.163, 4.339, 3.393, 2.751, 1.957, 2.171, 4.3, 6.369, 6.258, 7.088, 7.16, 7.604, 6.804, 5.181, 3.238, 3.517, 4.465, 3.799, 3.032, 2.437, 2.079, 3.993, 4.986, 4.473, 4.643, 5.578, 5.457, 4.441, 5.705, 7.406, 8.973, 8.044, 4.36, 4.758, 6.039, 6.429, 6.937, 6.702, 5.781, 5.008, 5.408, 6.142, 6.564, 6.939, 7.137, 7.213, 6.793, 7.043, 8.718], [8.279, 8.434, 10.07, 11.246, 11.759, 10.41, 7.866, 8.289, 6.76, 4.154, 2.889, 1.439, 0.0, 1.271, 1.784, 2.279, 3.14, 3.622, 3.772, 5.351, 6.672, 6.528, 6.035, 6.707, 7.718, 8.122, 8.933, 8.37, 7.115, 8.825, 12.51, 11.802, 11.285, 13.751, 13.808, 10.102, 9.013, 8.416, 7.317, 6.491, 7.579, 8.559, 7.234, 6.444, 6.103, 5.441, 6.761, 7.523, 6.904, 7.728, 9.296, 10.065, 10.147, 9.266, 8.184, 7.824, 9.019, 13.21, 15.912, 15.437, 15.645, 15.339, 13.149, 13.399, 13.955, 13.396, 14.848, 17.059, 16.416, 15.278, 13.958, 10.789, 4.577, 5.412, 5.619, 5.497, 4.904, 4.326, 4.551, 5.268, 5.393, 6.038, 6.974, 5.52, 5.099, 5.655, 5.733, 5.653, 5.131, 4.228, 5.087, 5.231, 4.664, 5.366, 5.903, 7.93, 7.708, 6.046, 4.308, 3.755, 4.185, 4.822, 5.085, 6.275, 6.791, 6.508, 6.203, 6.528, 6.387, 5.893, 4.359, 2.557, 2.008, 1.981, 2.543, 3.189, 2.756, 2.327, 2.38, 2.569, 4.658, 6.737, 4.947, 2.912, 2.2, 2.022, 3.671, 5.107, 4.945, 5.327, 6.892, 7.531, 6.54, 6.186, 5.795, 3.963, 3.764, 3.603, 3.954, 4.001, 3.564, 4.368, 4.523, 4.326, 4.124, 4.302, 4.742, 4.703, 3.666, 3.975, 3.539, 3.724, 2.953, 3.136, 2.488, 3.04, 4.537, 4.714, 3.961, 3.601, 3.232, 2.437, 2.763, 5.328, 7.234, 6.918, 7.51, 7.587, 7.94, 7.149, 5.501, 3.619, 3.799, 4.786, 4.152, 3.373, 2.907, 2.839, 4.939, 5.945, 5.397, 5.588, 6.663, 6.596, 5.597, 6.841, 8.554, 10.121, 9.192, 5.067, 5.1, 6.391, 6.776, 7.278, 7.037, 6.166, 5.409, 5.731, 6.492, 6.907, 7.236, 7.32, 7.364, 7.02, 6.857, 8.034], [8.282, 8.441, 10.08, 11.247, 11.688, 10.282, 7.77, 8.254, 6.796, 4.273, 3.192, 1.698, 1.271, 0.0, 1.307, 1.985, 3.033, 3.502, 3.633, 5.261, 6.659, 6.493, 6.088, 6.725, 7.692, 8.12, 8.908, 8.359, 7.0, 8.829, 12.516, 11.796, 11.29, 13.807, 13.818, 10.125, 9.023, 8.502, 7.323, 6.486, 7.595, 8.522, 7.104, 6.41, 6.049, 5.472, 6.796, 7.501, 6.881, 7.732, 9.306, 10.058, 10.147, 9.301, 8.267, 7.879, 9.104, 13.22, 15.917, 15.446, 15.654, 15.331, 13.159, 13.41, 13.965, 13.405, 14.858, 17.07, 16.423, 15.283, 13.976, 10.773, 4.911, 5.3, 5.528, 5.417, 5.027, 4.606, 4.928, 5.499, 5.486, 6.04, 7.078, 5.445, 5.124, 5.475, 5.664, 5.824, 5.286, 4.252, 5.057, 5.061, 4.66, 5.323, 5.969, 7.89, 7.697, 6.142, 4.397, 3.93, 4.272, 4.718, 4.809, 5.845, 6.407, 6.065, 5.797, 6.191, 6.108, 5.537, 4.045, 2.424, 2.106, 2.266, 2.69, 3.527, 2.862, 1.88, 2.007, 2.621, 4.694, 6.746, 4.85, 2.881, 2.165, 1.936, 3.568, 4.976, 4.819, 5.19, 6.769, 7.326, 6.385, 6.126, 5.663, 4.161, 3.918, 3.643, 4.038, 4.019, 3.555, 4.357, 4.471, 4.186, 4.203, 4.28, 4.518, 4.445, 3.715, 4.124, 3.775, 3.835, 3.038, 3.096, 2.401, 2.816, 4.11, 4.309, 3.64, 3.394, 3.189, 2.287, 2.735, 5.212, 7.129, 6.671, 7.725, 7.752, 8.126, 7.305, 5.749, 3.71, 3.881, 4.825, 4.258, 3.666, 2.867, 2.612, 4.869, 5.895, 5.251, 5.461, 6.599, 6.559, 5.621, 6.849, 8.564, 10.133, 9.189, 4.972, 5.289, 6.561, 6.93, 7.312, 7.11, 6.386, 5.612, 5.965, 6.626, 6.925, 7.143, 7.263, 7.362, 7.064, 6.565, 7.731], [7.683, 7.85, 9.47, 10.641, 11.103, 9.822, 7.258, 7.682, 6.163, 3.99, 2.979, 2.067, 1.784, 1.307, 0.0, 1.773, 3.15, 3.358, 3.288, 4.968, 6.313, 6.041, 5.618, 6.382, 7.106, 7.497, 8.302, 7.77, 6.89, 8.367, 11.912, 11.194, 10.71, 13.138, 13.213, 9.541, 8.418, 7.81, 6.729, 5.896, 6.984, 7.96, 6.654, 5.903, 5.563, 5.009, 6.187, 6.963, 6.342, 7.13, 8.701, 9.453, 9.542, 8.635, 7.619, 7.289, 8.386, 12.612, 15.302, 14.831, 15.039, 14.716, 12.554, 12.804, 13.36, 12.775, 14.249, 16.464, 15.808, 14.668, 13.391, 10.215, 4.422, 5.424, 5.691, 5.609, 5.257, 4.784, 4.801, 5.791, 5.809, 5.791, 6.408, 5.421, 5.336, 5.624, 5.856, 6.071, 5.611, 4.474, 5.282, 5.249, 4.854, 5.536, 6.182, 8.09, 7.899, 6.374, 4.831, 4.274, 4.631, 4.945, 4.968, 5.887, 6.395, 6.185, 5.963, 6.419, 6.326, 5.938, 4.724, 3.056, 2.602, 2.608, 2.627, 3.5, 2.814, 1.732, 1.739, 2.509, 4.317, 6.36, 4.566, 3.125, 2.567, 2.25, 3.37, 4.731, 4.543, 4.976, 6.315, 6.95, 5.967, 5.595, 5.239, 4.217, 4.217, 3.941, 4.413, 4.588, 4.093, 5.172, 5.273, 4.946, 4.746, 5.029, 5.124, 5.079, 4.159, 4.453, 3.708, 3.246, 3.092, 3.305, 2.983, 3.142, 4.271, 4.523, 4.141, 3.473, 3.207, 2.565, 3.145, 5.123, 6.674, 6.986, 8.044, 8.08, 8.381, 7.545, 5.979, 4.238, 4.385, 5.127, 4.599, 4.075, 3.077, 3.023, 4.429, 5.425, 4.826, 5.006, 6.034, 5.945, 4.999, 6.259, 7.959, 9.525, 8.58, 4.941, 5.553, 6.814, 7.175, 7.52, 7.342, 6.693, 5.918, 6.225, 6.85, 7.126, 7.301, 7.453, 7.455, 7.207, 6.716, 7.745], [6.426, 6.654, 8.304, 9.471, 9.952, 8.709, 6.186, 6.508, 4.993, 3.442, 2.806, 1.797, 2.279, 1.985, 1.773, 0.0, 1.624, 1.927, 2.037, 3.58, 4.985, 4.797, 4.377, 4.946, 5.94, 6.327, 7.132, 6.584, 5.293, 7.053, 10.738, 10.024, 9.46, 12.0, 12.048, 8.409, 7.286, 6.734, 5.597, 4.753, 5.848, 6.789, 5.684, 4.907, 4.295, 3.763, 5.089, 5.811, 5.168, 5.949, 7.531, 8.283, 8.372, 7.511, 6.432, 6.111, 7.304, 11.445, 14.147, 13.666, 13.874, 13.573, 11.384, 11.634, 12.19, 11.63, 13.083, 15.306, 14.643, 13.513, 12.193, 9.042, 4.082, 6.17, 6.396, 6.27, 5.813, 5.182, 5.08, 6.12, 5.985, 5.408, 5.627, 5.337, 5.942, 6.415, 6.536, 6.574, 5.802, 5.018, 5.897, 6.059, 5.526, 6.196, 6.75, 8.725, 8.55, 6.88, 4.979, 4.469, 5.02, 5.5, 5.988, 7.256, 7.802, 7.377, 6.956, 7.294, 7.182, 6.65, 5.05, 3.2, 3.084, 2.972, 1.822, 2.231, 1.86, 1.076, 1.16, 1.319, 2.938, 4.961, 3.245, 2.144, 2.111, 1.971, 2.208, 3.329, 3.115, 3.586, 5.273, 5.944, 5.171, 4.625, 4.384, 4.484, 4.666, 4.433, 4.764, 4.796, 4.468, 5.465, 5.86, 5.868, 5.281, 5.331, 5.801, 5.897, 4.514, 4.883, 3.886, 3.397, 3.669, 4.022, 4.094, 4.076, 5.454, 5.67, 4.919, 3.974, 3.482, 2.902, 3.251, 5.035, 6.275, 7.011, 8.349, 8.293, 8.856, 8.1, 6.443, 4.314, 4.655, 5.553, 5.015, 4.347, 3.515, 2.992, 3.419, 4.445, 3.739, 4.073, 4.872, 4.813, 3.879, 5.098, 6.817, 8.356, 7.409, 5.031, 6.021, 7.319, 7.684, 8.119, 7.886, 6.987, 6.224, 6.658, 7.412, 7.741, 8.018, 8.141, 8.237, 7.821, 7.652, 9.266], [5.838, 6.066, 7.716, 8.873, 9.293, 7.937, 5.471, 5.848, 4.44, 3.767, 3.502, 2.378, 3.14, 3.033, 3.15, 1.624, 0.0, 1.332, 1.354, 2.897, 4.324, 4.144, 3.759, 4.395, 5.327, 5.739, 6.544, 5.996, 4.569, 6.465, 10.105, 9.431, 8.922, 11.472, 11.454, 7.836, 6.713, 6.209, 5.014, 4.215, 5.248, 6.139, 4.968, 4.266, 3.624, 3.145, 4.434, 5.072, 4.46, 5.349, 6.954, 7.691, 7.769, 6.903, 5.93, 5.581, 6.799, 10.852, 13.537, 13.066, 13.274, 12.979, 10.827, 11.046, 11.601, 11.042, 12.494, 14.705, 14.043, 12.924, 11.638, 8.459, 4.427, 6.985, 7.137, 6.999, 6.485, 5.407, 5.3, 6.464, 5.937, 5.363, 5.615, 5.593, 6.528, 7.393, 7.55, 6.902, 6.01, 5.86, 6.816, 7.217, 6.558, 6.808, 7.23, 9.231, 9.055, 7.279, 5.111, 4.601, 5.585, 6.409, 7.11, 8.359, 8.924, 8.54, 8.073, 8.367, 8.195, 7.655, 5.778, 3.641, 3.647, 3.727, 2.042, 1.943, 2.337, 1.866, 2.067, 1.483, 2.4, 4.399, 2.614, 1.46, 1.992, 2.286, 2.019, 2.725, 2.575, 2.985, 4.571, 5.37, 4.724, 3.948, 4.088, 4.855, 5.289, 5.082, 5.292, 5.225, 5.311, 5.915, 6.576, 6.641, 6.151, 6.01, 6.818, 6.837, 5.327, 5.152, 4.136, 3.881, 4.481, 5.002, 5.058, 5.155, 6.623, 6.742, 5.943, 5.025, 4.233, 3.683, 3.419, 5.06, 5.947, 6.786, 8.316, 8.176, 9.017, 8.343, 6.581, 4.724, 5.166, 6.179, 5.522, 4.586, 3.976, 3.393, 3.168, 3.761, 2.994, 3.476, 4.199, 4.24, 3.581, 4.497, 6.209, 7.768, 6.809, 4.978, 6.281, 7.636, 7.98, 8.578, 8.383, 7.03, 6.207, 6.762, 7.598, 8.159, 8.735, 8.973, 9.15, 8.584, 8.781, 10.273], [5.205, 5.344, 6.942, 8.104, 8.544, 7.158, 4.843, 5.126, 3.848, 3.428, 3.269, 2.658, 3.622, 3.502, 3.358, 1.927, 1.332, 0.0, 1.047, 2.156, 3.609, 3.334, 2.964, 3.712, 4.582, 4.969, 5.776, 5.208, 3.992, 5.723, 9.341, 8.665, 8.185, 10.674, 10.696, 7.061, 5.933, 5.393, 4.335, 3.75, 4.502, 5.364, 4.531, 3.828, 3.14, 2.422, 3.62, 4.326, 3.693, 4.578, 6.176, 6.91, 6.996, 6.207, 5.235, 4.872, 6.033, 10.088, 12.79, 12.303, 12.511, 12.219, 10.029, 10.277, 10.835, 10.273, 11.728, 13.953, 13.28, 12.158, 10.88, 7.692, 3.916, 6.607, 6.718, 6.614, 6.012, 4.932, 4.964, 6.104, 5.558, 5.004, 5.179, 5.265, 6.106, 7.131, 7.344, 6.495, 5.626, 5.624, 6.558, 7.087, 6.415, 6.383, 6.763, 8.736, 8.603, 6.879, 4.741, 4.221, 5.241, 6.171, 6.939, 8.348, 8.873, 8.445, 7.84, 8.134, 7.921, 7.373, 5.65, 3.944, 4.449, 4.607, 2.866, 2.607, 3.222, 2.481, 2.05, 1.65, 1.754, 3.736, 2.138, 1.716, 2.699, 2.247, 1.639, 2.375, 2.154, 2.533, 4.06, 4.684, 4.201, 3.384, 3.562, 4.512, 4.994, 4.806, 4.913, 4.998, 5.192, 5.924, 7.14, 7.235, 6.304, 6.043, 6.866, 6.889, 5.231, 4.649, 3.828, 3.524, 4.162, 4.696, 5.272, 5.177, 6.506, 6.889, 5.945, 4.731, 3.932, 3.367, 3.176, 4.736, 5.492, 6.283, 7.904, 7.681, 8.545, 7.837, 6.102, 4.365, 4.877, 5.816, 5.089, 4.138, 3.44, 3.02, 2.556, 3.253, 2.462, 2.792, 3.421, 3.457, 2.868, 3.772, 5.464, 6.998, 6.085, 4.599, 5.827, 7.143, 7.515, 8.057, 7.942, 6.576, 5.694, 6.28, 7.131, 7.678, 8.372, 8.576, 8.838, 8.291, 8.659, 10.365], [4.831, 5.037, 6.684, 7.851, 8.333, 6.894, 4.564, 4.885, 3.706, 3.349, 3.315, 2.947, 3.772, 3.633, 3.288, 2.037, 1.354, 1.047, 0.0, 2.041, 3.454, 3.161, 2.908, 3.713, 4.351, 4.707, 5.512, 4.964, 4.017, 5.511, 9.085, 8.4, 7.925, 10.492, 10.441, 6.856, 5.733, 5.229, 4.067, 3.442, 4.274, 5.141, 4.145, 3.506, 2.828, 2.282, 3.486, 4.099, 3.476, 4.331, 5.945, 6.662, 6.751, 5.915, 5.02, 4.702, 5.819, 9.824, 12.527, 12.044, 12.249, 11.959, 9.818, 10.014, 10.57, 10.01, 11.469, 13.697, 13.03, 11.892, 10.644, 7.49, 3.989, 6.623, 6.767, 6.664, 6.162, 4.969, 4.871, 5.96, 5.445, 5.011, 5.258, 5.248, 6.158, 7.063, 7.241, 6.541, 5.613, 5.527, 6.492, 6.977, 6.322, 6.456, 6.832, 8.796, 8.701, 6.9, 4.832, 4.282, 5.506, 6.193, 6.891, 8.232, 8.755, 8.339, 7.739, 8.043, 7.89, 7.458, 5.891, 4.122, 4.64, 4.759, 3.068, 2.706, 3.451, 2.632, 2.198, 1.658, 1.778, 3.788, 2.097, 2.178, 2.977, 2.481, 2.091, 2.426, 2.317, 2.518, 3.822, 4.661, 4.187, 3.128, 3.668, 4.591, 5.138, 4.851, 5.21, 5.427, 5.453, 6.229, 7.395, 7.476, 6.406, 6.332, 7.181, 7.034, 5.265, 4.685, 3.83, 3.591, 4.206, 4.723, 5.354, 5.181, 6.459, 6.768, 5.967, 4.877, 4.017, 3.376, 3.083, 4.742, 5.433, 6.312, 7.866, 7.681, 8.479, 7.901, 6.124, 4.677, 5.184, 5.995, 5.302, 4.382, 3.669, 3.433, 2.625, 2.96, 2.187, 2.677, 3.244, 3.26, 2.64, 3.517, 5.207, 6.744, 5.802, 4.508, 5.887, 7.197, 7.562, 8.149, 8.026, 6.616, 5.742, 6.213, 7.098, 7.737, 8.389, 8.653, 8.839, 8.262, 8.583, 10.26], [3.322, 3.723, 5.024, 6.142, 6.642, 5.189, 3.193, 3.413, 3.789, 4.066, 4.156, 4.319, 5.351, 5.261, 4.968, 3.58, 2.897, 2.156, 2.041, 0.0, 1.725, 1.538, 1.336, 1.929, 2.778, 3.055, 3.977, 3.273, 2.25, 3.766, 7.399, 6.687, 6.195, 8.731, 8.765, 5.125, 4.003, 3.481, 3.399, 2.961, 3.206, 4.151, 3.625, 2.577, 2.113, 1.5, 1.905, 2.717, 2.298, 2.985, 4.198, 4.952, 5.029, 4.26, 3.445, 3.229, 4.085, 8.149, 10.814, 10.336, 10.547, 10.241, 8.087, 8.341, 8.877, 8.298, 9.785, 12.023, 11.318, 10.18, 8.945, 5.761, 4.779, 7.556, 7.714, 7.601, 6.996, 5.795, 5.533, 6.702, 6.041, 5.19, 5.476, 6.007, 7.064, 8.176, 8.37, 7.442, 6.451, 6.703, 7.79, 8.337, 7.607, 7.379, 7.733, 9.684, 9.626, 7.831, 5.651, 4.798, 6.319, 7.454, 8.592, 9.938, 10.416, 9.823, 9.109, 9.134, 8.856, 8.399, 6.952, 5.613, 6.268, 6.394, 4.663, 4.227, 5.026, 4.139, 3.673, 3.118, 1.542, 2.08, 2.026, 3.573, 4.676, 4.093, 2.796, 2.621, 2.801, 2.584, 3.641, 4.758, 4.128, 3.131, 3.857, 5.39, 6.024, 5.871, 6.081, 6.522, 6.987, 7.818, 9.106, 9.144, 8.107, 7.908, 8.713, 8.724, 6.842, 5.59, 4.773, 4.451, 5.198, 6.334, 7.07, 6.865, 7.792, 8.528, 7.611, 5.833, 4.949, 4.602, 4.13, 5.181, 5.463, 6.414, 8.283, 8.168, 9.164, 8.756, 7.024, 5.527, 6.513, 7.235, 6.371, 5.18, 4.409, 4.199, 3.068, 2.708, 2.566, 3.174, 2.84, 2.175, 2.455, 2.132, 3.534, 5.071, 4.164, 5.052, 6.757, 8.04, 8.446, 9.008, 8.909, 7.45, 6.335, 6.973, 7.994, 8.731, 9.532, 9.653, 10.002, 9.401, 9.975, 11.874], [2.272, 2.741, 3.976, 4.989, 5.219, 4.036, 2.855, 2.911, 3.894, 4.426, 5.048, 5.699, 6.672, 6.659, 6.313, 4.985, 4.324, 3.609, 3.454, 1.725, 0.0, 1.175, 1.353, 1.225, 2.153, 2.29, 3.316, 2.384, 1.826, 2.283, 5.951, 5.226, 4.725, 7.186, 7.249, 3.624, 2.63, 2.336, 3.138, 3.031, 2.854, 3.733, 3.683, 2.59, 1.974, 1.865, 1.259, 1.748, 1.975, 2.373, 3.044, 3.596, 3.597, 2.725, 2.401, 2.243, 2.967, 6.651, 9.353, 8.878, 9.086, 8.78, 6.591, 6.841, 7.396, 6.837, 8.289, 10.501, 9.857, 8.719, 7.398, 4.268, 5.392, 8.599, 8.628, 8.247, 7.548, 6.278, 5.813, 6.883, 6.364, 5.229, 5.511, 6.347, 7.926, 9.464, 9.472, 8.334, 7.157, 7.797, 9.213, 9.445, 8.572, 8.16, 8.652, 10.343, 10.247, 8.397, 6.014, 5.178, 6.957, 8.755, 10.026, 11.39, 11.731, 11.051, 10.43, 10.255, 9.892, 9.597, 8.286, 7.143, 7.711, 7.765, 5.967, 5.469, 6.34, 5.514, 5.0, 4.463, 2.52, 1.61, 2.475, 4.993, 6.137, 5.555, 3.741, 2.931, 3.149, 2.948, 3.707, 4.947, 4.289, 3.372, 4.405, 5.848, 6.744, 6.882, 7.11, 7.801, 8.404, 9.272, 10.562, 10.619, 9.599, 9.381, 10.234, 10.212, 8.332, 6.636, 5.69, 5.282, 6.397, 7.717, 8.653, 8.416, 9.277, 9.984, 9.164, 6.879, 5.893, 5.91, 5.212, 5.377, 5.561, 6.483, 8.493, 8.394, 9.442, 9.24, 7.563, 6.665, 7.912, 8.361, 7.389, 6.0, 5.248, 5.082, 3.446, 3.093, 3.018, 3.592, 3.157, 2.344, 2.71, 1.971, 2.22, 3.563, 3.358, 5.32, 7.587, 8.599, 9.326, 9.852, 9.635, 8.19, 6.975, 7.451, 8.471, 9.732, 10.545, 10.652, 11.008, 10.422, 11.173, 13.214], [2.5, 2.887, 3.97, 5.148, 5.519, 4.499, 2.808, 2.9, 3.438, 4.099, 4.671, 5.435, 6.528, 6.493, 6.041, 4.797, 4.144, 3.334, 3.161, 1.538, 1.175, 0.0, 1.015, 1.139, 1.694, 2.153, 2.794, 1.99, 1.7, 2.607, 6.069, 5.364, 5.041, 7.506, 7.452, 3.842, 2.728, 2.581, 2.686, 2.656, 2.493, 3.364, 3.458, 2.443, 1.86, 1.568, 1.507, 1.876, 1.638, 2.183, 3.089, 3.72, 3.726, 3.023, 2.623, 2.416, 2.974, 6.771, 9.458, 8.983, 9.191, 8.885, 6.708, 6.962, 7.512, 6.954, 8.406, 10.644, 9.962, 8.824, 7.708, 4.572, 4.948, 8.312, 8.36, 8.039, 7.392, 6.115, 5.623, 6.638, 6.112, 5.005, 5.226, 6.103, 7.714, 9.081, 9.164, 8.076, 6.905, 7.519, 8.746, 9.14, 8.456, 7.974, 8.39, 10.103, 10.088, 8.406, 6.139, 5.319, 7.107, 8.613, 9.601, 10.889, 11.292, 10.629, 10.065, 9.993, 9.66, 9.371, 8.19, 6.914, 7.548, 7.608, 5.766, 5.102, 6.054, 5.334, 4.796, 4.217, 2.202, 1.861, 2.184, 4.862, 6.032, 5.421, 3.762, 3.04, 3.255, 2.928, 3.52, 4.675, 4.125, 3.207, 4.206, 5.995, 6.858, 6.881, 7.165, 7.692, 8.296, 9.124, 10.434, 10.503, 9.421, 9.252, 9.925, 9.926, 7.977, 6.353, 5.511, 5.018, 6.135, 7.418, 8.186, 7.919, 8.896, 9.625, 8.888, 6.836, 5.967, 5.626, 5.028, 5.1, 5.365, 6.205, 8.173, 8.084, 9.154, 9.073, 7.479, 6.72, 7.767, 8.313, 7.398, 5.979, 5.14, 5.099, 3.356, 2.892, 2.934, 3.441, 2.75, 1.869, 2.227, 1.528, 2.206, 3.698, 3.293, 5.033, 7.329, 8.361, 9.091, 9.587, 9.416, 7.945, 6.64, 7.216, 8.281, 9.497, 10.386, 10.457, 11.006, 10.367, 10.939, 12.851], [2.988, 3.395, 4.575, 5.733, 5.986, 5.005, 3.373, 3.328, 3.758, 4.185, 4.574, 4.916, 6.035, 6.088, 5.618, 4.377, 3.759, 2.964, 2.908, 1.336, 1.353, 1.015, 0.0, 1.312, 2.042, 2.652, 3.322, 2.468, 1.883, 2.899, 6.535, 5.841, 5.379, 7.804, 7.833, 4.236, 3.256, 2.88, 3.034, 2.94, 2.907, 3.947, 3.979, 2.78, 2.157, 1.431, 1.668, 2.428, 2.114, 2.729, 3.647, 4.261, 4.219, 3.307, 2.95, 2.706, 3.337, 7.235, 9.937, 9.462, 9.67, 9.364, 7.175, 7.425, 7.987, 7.421, 8.873, 11.085, 10.441, 9.303, 8.032, 4.818, 5.057, 8.24, 8.438, 8.183, 7.49, 6.238, 5.9, 7.039, 6.422, 5.366, 5.393, 6.298, 7.736, 9.028, 9.205, 8.134, 7.007, 7.44, 8.651, 9.043, 8.254, 7.943, 8.44, 10.286, 10.148, 8.393, 6.065, 5.149, 6.806, 8.255, 9.35, 10.752, 11.114, 10.564, 9.918, 10.028, 9.657, 9.383, 7.973, 6.614, 7.193, 7.254, 5.359, 4.575, 5.527, 4.831, 4.312, 3.727, 1.727, 1.992, 2.291, 4.438, 5.615, 4.971, 3.415, 2.927, 3.259, 3.127, 3.985, 5.103, 4.42, 3.443, 4.36, 5.861, 6.605, 6.579, 6.79, 7.256, 7.85, 8.748, 9.975, 10.041, 8.985, 8.834, 9.613, 9.648, 7.718, 6.413, 5.451, 5.096, 5.998, 7.022, 8.017, 7.778, 8.795, 9.385, 8.594, 6.553, 5.742, 5.476, 4.878, 5.384, 5.7, 6.743, 8.655, 8.579, 9.597, 9.225, 7.523, 6.43, 7.315, 7.757, 6.881, 5.798, 4.984, 4.87, 3.414, 2.966, 3.023, 3.518, 2.962, 2.088, 2.256, 1.615, 2.622, 4.147, 3.844, 5.451, 7.429, 8.567, 9.133, 9.658, 9.546, 8.089, 6.775, 7.457, 8.481, 9.439, 10.27, 10.342, 10.666, 10.193, 10.734, 12.675], [2.133, 2.613, 3.873, 5.096, 5.508, 4.695, 3.101, 3.063, 3.594, 4.12, 4.728, 5.556, 6.707, 6.725, 6.382, 4.946, 4.395, 3.712, 3.713, 1.929, 1.225, 1.139, 1.312, 0.0, 1.791, 2.099, 2.765, 1.942, 1.194, 2.304, 5.974, 5.26, 4.674, 7.153, 7.228, 3.559, 2.559, 2.202, 2.757, 2.821, 2.561, 3.528, 3.812, 2.664, 2.019, 1.66, 1.496, 1.953, 2.152, 2.244, 3.033, 3.585, 3.632, 2.682, 2.134, 1.898, 2.566, 6.63, 9.332, 8.857, 9.065, 8.759, 6.575, 6.85, 7.415, 6.816, 8.268, 10.479, 9.836, 8.698, 7.382, 4.218, 5.28, 9.009, 8.869, 8.373, 7.657, 6.361, 5.936, 6.961, 6.458, 5.259, 5.169, 6.372, 8.068, 9.759, 9.829, 8.523, 7.34, 8.261, 9.547, 9.921, 8.994, 8.311, 8.863, 10.488, 10.4, 8.536, 6.029, 5.137, 7.172, 9.071, 10.3, 11.743, 12.175, 11.529, 10.836, 10.528, 10.162, 9.747, 8.44, 7.27, 7.784, 7.799, 5.833, 4.963, 6.004, 5.436, 4.914, 4.414, 2.233, 1.309, 2.614, 5.073, 6.206, 5.636, 3.874, 2.871, 3.183, 2.886, 3.828, 5.047, 4.335, 3.447, 4.516, 5.908, 6.8, 7.272, 7.106, 7.837, 8.496, 9.414, 10.587, 10.677, 9.675, 9.476, 10.395, 10.4, 8.598, 6.755, 6.047, 5.452, 6.753, 8.011, 8.854, 8.673, 9.555, 10.288, 9.333, 7.202, 6.231, 6.24, 5.671, 5.335, 5.61, 6.596, 8.591, 8.503, 9.574, 9.34, 7.682, 6.776, 7.959, 8.603, 7.668, 6.125, 5.508, 5.297, 3.529, 3.154, 3.22, 3.682, 3.01, 1.964, 2.356, 1.456, 2.019, 3.541, 3.301, 5.449, 7.741, 8.716, 9.49, 10.068, 9.779, 8.444, 7.451, 7.606, 8.601, 10.148, 10.978, 11.096, 11.42, 10.833, 11.632, 13.547], [2.197, 2.276, 2.832, 3.992, 4.314, 3.435, 2.077, 1.796, 2.342, 4.179, 5.159, 6.576, 7.718, 7.692, 7.106, 5.94, 5.327, 4.582, 4.351, 2.778, 2.153, 1.694, 2.042, 1.791, 0.0, 1.363, 1.754, 1.313, 1.899, 2.585, 4.913, 4.272, 4.182, 6.391, 6.269, 2.766, 1.626, 1.981, 1.904, 2.272, 1.85, 2.277, 2.64, 2.314, 2.293, 2.373, 2.019, 1.869, 2.371, 1.802, 2.008, 2.609, 2.521, 2.357, 2.079, 2.14, 2.124, 5.542, 8.243, 7.767, 7.975, 7.669, 5.582, 5.759, 6.293, 5.803, 7.198, 9.39, 8.746, 7.623, 6.593, 3.51, 4.609, 9.024, 8.705, 7.882, 6.867, 5.407, 4.942, 5.721, 5.246, 4.086, 4.133, 5.14, 7.563, 9.824, 9.705, 7.892, 6.733, 8.219, 9.715, 9.712, 8.681, 7.643, 8.269, 9.834, 9.912, 8.473, 5.766, 5.302, 7.878, 9.731, 10.646, 11.866, 12.196, 11.446, 10.934, 10.488, 9.979, 9.94, 9.129, 8.115, 8.851, 8.878, 6.996, 6.16, 7.13, 6.546, 6.016, 5.441, 3.317, 2.244, 3.324, 6.077, 7.247, 6.619, 4.699, 3.479, 3.394, 2.828, 2.688, 3.753, 3.301, 2.69, 3.612, 5.624, 7.153, 7.81, 8.089, 8.912, 9.501, 10.331, 11.657, 11.726, 10.594, 10.461, 11.161, 11.084, 9.156, 6.816, 5.627, 5.209, 7.136, 8.519, 9.35, 9.063, 9.917, 10.775, 10.129, 7.909, 6.712, 6.79, 5.883, 4.2, 4.381, 5.186, 7.146, 7.041, 8.092, 8.244, 6.815, 7.648, 8.981, 9.407, 8.506, 6.851, 6.108, 5.979, 3.399, 2.648, 3.022, 3.215, 2.028, 1.705, 2.55, 1.572, 1.651, 2.879, 2.207, 4.295, 7.105, 7.938, 8.612, 9.434, 9.044, 7.871, 7.529, 7.254, 8.074, 9.94, 10.916, 11.092, 11.655, 10.855, 11.798, 13.881], [2.057, 1.909, 2.244, 3.355, 4.03, 3.041, 1.579, 1.363, 2.139, 4.461, 5.517, 6.977, 8.122, 8.12, 7.497, 6.327, 5.739, 4.969, 4.707, 3.055, 2.29, 2.153, 2.652, 2.099, 1.363, 0.0, 1.474, 1.154, 2.205, 2.513, 4.625, 3.839, 4.247, 6.308, 6.031, 2.595, 1.503, 1.418, 1.726, 2.2, 1.57, 1.86, 2.428, 2.211, 2.214, 2.789, 1.902, 1.618, 2.081, 1.486, 1.63, 2.273, 2.212, 2.476, 1.623, 1.602, 1.704, 5.278, 7.9, 7.449, 7.656, 7.28, 5.295, 5.467, 6.029, 5.322, 6.946, 9.178, 8.413, 7.276, 6.326, 3.55, 4.506, 9.031, 8.937, 7.991, 6.917, 5.445, 4.883, 5.628, 5.089, 3.953, 3.95, 5.064, 7.452, 10.017, 9.965, 7.721, 6.652, 8.187, 10.033, 9.91, 8.734, 7.596, 8.215, 9.763, 10.197, 8.699, 5.908, 5.649, 8.272, 10.091, 11.014, 12.224, 12.327, 11.511, 11.069, 10.863, 10.182, 10.202, 9.424, 8.336, 9.074, 9.233, 7.369, 6.545, 7.51, 6.975, 6.408, 5.865, 3.698, 2.295, 3.507, 6.486, 7.639, 7.013, 5.081, 3.754, 3.658, 3.097, 2.42, 3.586, 3.267, 2.678, 3.518, 5.462, 7.523, 8.203, 8.471, 9.306, 9.894, 10.742, 12.051, 12.12, 10.985, 10.85, 11.57, 11.434, 9.36, 7.154, 5.633, 5.42, 7.539, 8.923, 9.776, 9.393, 10.21, 10.889, 10.402, 8.21, 6.944, 6.987, 6.239, 4.01, 4.219, 4.97, 6.892, 6.743, 8.031, 8.014, 6.542, 8.015, 9.368, 9.776, 8.858, 7.251, 6.522, 6.344, 3.626, 2.684, 3.094, 3.294, 1.864, 1.93, 2.859, 1.976, 1.645, 2.794, 1.581, 4.397, 7.196, 7.799, 8.276, 9.27, 8.854, 7.806, 7.503, 7.293, 8.277, 10.068, 10.96, 11.381, 11.758, 10.94, 12.066, 14.286], [2.851, 2.511, 2.108, 2.978, 3.797, 2.919, 2.253, 1.719, 2.458, 4.89, 6.259, 7.789, 8.933, 8.908, 8.302, 7.132, 6.544, 5.776, 5.512, 3.977, 3.316, 2.794, 3.322, 2.765, 1.754, 1.474, 0.0, 1.498, 2.661, 3.167, 4.638, 3.967, 4.491, 6.411, 5.85, 2.851, 1.983, 2.054, 2.034, 2.874, 1.958, 2.092, 2.888, 2.972, 3.153, 3.596, 2.969, 2.771, 3.112, 2.438, 2.289, 2.512, 2.387, 3.057, 2.437, 2.083, 1.976, 4.553, 7.171, 6.658, 6.894, 6.579, 4.618, 4.84, 5.391, 4.743, 6.236, 8.45, 7.737, 6.649, 6.081, 3.753, 5.046, 9.663, 9.706, 8.677, 7.462, 5.902, 5.382, 5.539, 4.91, 3.686, 3.506, 4.581, 8.021, 10.737, 10.725, 8.29, 7.266, 8.883, 10.809, 10.62, 9.451, 8.22, 8.739, 10.211, 10.934, 9.448, 6.7, 6.462, 9.078, 10.895, 11.862, 13.025, 13.041, 12.195, 11.772, 11.604, 10.918, 10.948, 10.187, 9.025, 9.899, 10.032, 8.123, 7.17, 8.27, 7.786, 7.184, 6.671, 4.503, 3.391, 4.567, 7.293, 8.448, 7.801, 5.895, 4.563, 4.452, 3.857, 2.731, 3.46, 3.669, 3.547, 3.774, 5.918, 8.317, 8.971, 9.28, 10.115, 10.704, 11.529, 12.86, 12.923, 11.777, 11.659, 12.37, 12.13, 10.122, 7.928, 6.259, 6.241, 8.387, 9.776, 10.598, 10.124, 10.852, 11.578, 11.196, 9.016, 7.748, 7.824, 7.015, 4.18, 3.802, 4.74, 6.35, 6.25, 7.551, 7.794, 6.789, 8.798, 10.165, 10.571, 9.667, 8.062, 7.316, 7.143, 4.42, 3.291, 3.909, 3.865, 2.533, 2.565, 3.444, 2.412, 1.955, 3.107, 1.926, 4.943, 7.906, 8.392, 8.531, 9.486, 9.196, 8.351, 8.27, 7.996, 8.894, 10.793, 11.684, 12.213, 12.514, 11.74, 12.882, 15.005], [2.116, 2.101, 2.55, 3.762, 4.491, 3.457, 2.097, 1.939, 2.782, 4.387, 5.677, 7.225, 8.37, 8.359, 7.77, 6.584, 5.996, 5.208, 4.964, 3.273, 2.384, 1.99, 2.468, 1.942, 1.313, 1.154, 1.498, 0.0, 1.813, 1.927, 4.414, 3.818, 4.06, 6.154, 5.806, 2.551, 1.725, 1.536, 2.167, 2.536, 1.942, 2.276, 2.898, 2.736, 2.58, 3.034, 2.292, 1.874, 2.373, 1.925, 2.012, 2.361, 2.144, 2.113, 1.757, 1.67, 1.721, 5.029, 7.651, 7.139, 7.374, 7.084, 5.103, 5.301, 5.846, 5.214, 6.715, 8.929, 8.164, 7.073, 6.216, 3.308, 4.705, 9.362, 9.191, 8.329, 7.355, 5.962, 5.417, 6.145, 5.607, 4.672, 4.696, 5.692, 7.768, 10.258, 10.107, 8.021, 6.939, 8.488, 10.198, 10.169, 9.159, 8.021, 8.543, 10.092, 10.434, 9.011, 6.334, 5.917, 8.529, 10.38, 11.318, 12.453, 12.577, 11.773, 11.307, 10.97, 10.342, 10.396, 9.648, 8.539, 9.361, 9.469, 7.559, 6.61, 7.707, 7.222, 6.621, 6.108, 3.939, 2.632, 3.793, 6.74