[[0.0, 0.925, 1.008, 1.42, 2.096, 3.076, 2.818, 2.395, 2.376, 2.512, 1.743, 1.724, 1.876, 2.261, 3.083, 3.116, 2.752, 3.327, 3.586, 4.353, 3.115, 2.316, 2.593, 2.553, 2.339, 2.088, 1.862, 2.462, 3.632, 1.689, 3.456, 6.245, 7.195, 8.584, 10.507, 12.9, 14.836, 15.93, 16.403, 16.776, 16.623, 15.687, 15.188, 15.005, 14.541, 13.911, 12.786, 12.118, 12.013, 12.204, 11.646, 10.065, 9.308, 9.58, 10.917, 12.842, 14.099, 13.536, 12.417, 12.07, 12.194, 12.063, 11.591, 9.862, 7.951, 7.208, 8.849, 10.839, 11.282, 10.338, 9.805, 10.456, 11.965, 12.643, 13.422, 14.24, 15.012, 15.845, 16.484, 16.971, 16.79, 15.771, 14.913, 14.88, 15.347, 16.265, 16.919, 16.522, 15.872, 15.993, 15.38, 13.635, 12.244, 12.121, 13.712, 15.172, 16.305, 15.529, 14.488, 12.461, 9.549, 7.867, 9.138, 11.637, 11.977, 10.857, 10.965, 13.59, 15.91, 16.493, 15.429, 15.135, 15.87, 16.307, 15.99, 14.659, 13.114, 12.434, 12.813, 12.959, 12.225, 11.003, 10.203, 10.515, 11.165, 11.592, 11.585, 11.749, 12.932, 13.809, 13.814, 14.592, 16.0, 16.463, 15.491, 15.013, 15.647, 17.337, 19.749, 21.475, 21.396, 20.536, 19.621, 19.671, 18.88, 17.953, 17.754, 18.228, 18.112, 17.259, 16.946, 16.172, 15.215, 14.737, 14.554, 14.53, 14.757, 14.683], [0.925, 0.0, 1.324, 1.599, 2.131, 3.135, 2.724, 2.352, 2.658, 2.652, 1.953, 1.839, 1.888, 2.543, 2.98, 3.011, 2.906, 3.425, 3.951, 4.758, 3.533, 2.784, 2.832, 2.728, 2.639, 2.39, 2.092, 2.695, 3.812, 1.893, 3.187, 5.987, 6.871, 8.389, 10.241, 12.68, 14.577, 15.709, 16.201, 16.536, 16.388, 15.439, 14.941, 14.754, 14.301, 13.668, 12.533, 11.898, 11.734, 11.903, 11.336, 9.784, 9.067, 9.359, 10.719, 12.58, 13.901, 13.338, 12.084, 11.853, 11.933, 11.797, 11.343, 9.651, 7.705, 6.887, 8.533, 10.531, 10.955, 10.019, 9.56, 10.233, 11.701, 12.365, 13.123, 13.952, 14.752, 15.57, 16.191, 16.668, 16.529, 15.526, 14.719, 14.681, 15.129, 16.067, 16.711, 16.318, 15.662, 15.79, 15.168, 13.417, 11.981, 11.801, 13.447, 14.918, 16.061, 15.325, 14.331, 12.206, 9.4, 7.83, 8.965, 11.48, 11.839, 10.789, 10.699, 13.391, 15.675, 16.172, 15.133, 14.832, 15.603, 16.029, 15.679, 14.325, 12.818, 12.12, 12.517, 12.657, 11.928, 10.746, 9.873, 10.193, 10.895, 11.309, 11.313, 11.549, 12.676, 13.551, 13.617, 14.342, 15.751, 16.189, 15.211, 14.778, 15.366, 17.104, 19.515, 21.268, 21.189, 20.324, 19.413, 19.439, 18.633, 17.692, 17.573, 17.988, 17.869, 17.025, 16.687, 15.911, 14.905, 14.479, 14.295, 14.3, 14.53, 14.462], [1.008, 1.324, 0.0, 1.078, 2.006, 3.088, 2.765, 2.483, 2.448, 2.446, 1.792, 1.819, 2.168, 2.626, 3.75, 3.84, 3.096, 3.256, 3.354, 4.054, 3.089, 2.182, 2.163, 2.052, 2.215, 2.317, 2.039, 1.926, 3.18, 1.646, 3.658, 6.505, 7.479, 8.644, 10.796, 13.43, 15.289, 16.436, 16.924, 17.188, 17.056, 16.051, 15.47, 15.333, 15.032, 14.204, 13.13, 12.624, 12.538, 12.624, 12.059, 10.558, 9.758, 10.125, 11.484, 13.317, 14.667, 14.142, 12.749, 12.032, 12.268, 12.2, 11.968, 10.288, 8.255, 7.389, 9.077, 11.103, 11.436, 10.35, 9.789, 10.619, 12.243, 13.048, 13.808, 14.676, 15.47, 16.338, 16.931, 17.399, 17.124, 16.269, 15.458, 15.437, 15.955, 16.842, 17.492, 17.078, 16.438, 16.537, 15.923, 14.172, 12.754, 12.422, 13.768, 15.236, 16.309, 15.54, 14.431, 12.444, 9.446, 7.772, 9.089, 11.552, 11.926, 10.827, 11.077, 14.157, 16.425, 16.918, 15.914, 15.606, 16.248, 16.629, 16.299, 15.071, 13.633, 12.842, 13.161, 13.294, 12.452, 11.307, 10.501, 11.015, 11.733, 12.147, 12.153, 12.315, 13.416, 14.388, 14.387, 15.11, 16.349, 16.829, 15.938, 15.354, 16.01, 17.777, 20.237, 22.048, 21.965, 21.087, 20.191, 20.169, 19.363, 18.428, 18.255, 18.517, 18.45, 17.567, 17.308, 16.557, 15.601, 15.131, 15.148, 15.127, 15.341, 15.242], [1.42, 1.599, 1.078, 0.0, 1.494, 2.73, 2.714, 2.255, 2.441, 2.318, 1.661, 1.683, 1.947, 2.644, 3.66, 3.731, 3.031, 2.894, 3.123, 4.116, 3.245, 2.284, 2.049, 2.057, 2.531, 2.768, 2.263, 1.935, 3.179, 1.398, 3.734, 6.39, 7.403, 8.447, 10.747, 13.397, 15.253, 16.406, 16.888, 17.129, 17.014, 15.981, 15.351, 15.265, 14.999, 14.081, 12.956, 12.574, 12.474, 12.551, 11.985, 10.491, 9.715, 10.091, 11.451, 13.286, 14.633, 14.09, 12.608, 11.621, 11.79, 12.066, 11.913, 10.212, 8.006, 7.256, 9.004, 10.99, 11.247, 9.939, 9.266, 10.51, 12.127, 12.949, 13.728, 14.628, 15.427, 16.296, 16.853, 17.298, 17.003, 16.226, 15.422, 15.398, 15.905, 16.799, 17.456, 17.043, 16.404, 16.501, 15.887, 14.137, 12.689, 12.3, 13.622, 14.954, 15.871, 15.259, 14.023, 11.815, 8.905, 7.312, 8.533, 11.127, 11.37, 10.249, 10.802, 14.124, 16.401, 16.884, 15.84, 15.552, 16.179, 16.597, 16.24, 15.023, 13.582, 12.821, 13.158, 13.229, 12.398, 11.181, 10.469, 10.973, 11.691, 12.104, 12.109, 12.282, 13.379, 14.346, 14.338, 15.059, 16.293, 16.808, 15.895, 15.289, 15.997, 17.766, 20.204, 22.012, 21.931, 21.052, 20.158, 20.141, 19.323, 18.391, 18.2, 18.493, 18.351, 17.556, 17.304, 16.549, 15.567, 15.092, 15.103, 15.081, 15.29, 15.205], [2.096, 2.131, 2.006, 1.494, 0.0, 1.45, 1.885, 2.011, 2.76, 2.002, 1.858, 1.963, 1.868, 2.098, 2.948, 2.951, 2.303, 2.423, 3.618, 4.932, 4.11, 2.984, 2.758, 2.938, 3.474, 3.72, 3.231, 2.949, 4.374, 2.425, 2.604, 5.209, 6.211, 7.18, 9.537, 12.198, 13.968, 15.13, 15.606, 15.813, 15.689, 14.66, 14.011, 13.948, 13.698, 12.759, 11.648, 11.313, 11.207, 11.297, 10.761, 9.225, 8.448, 8.833, 10.243, 12.062, 13.403, 12.891, 11.448, 10.416, 10.563, 10.762, 10.589, 8.907, 6.688, 5.969, 7.735, 9.708, 9.953, 8.708, 8.096, 9.139, 10.786, 11.645, 12.446, 13.366, 14.174, 15.037, 15.602, 15.985, 15.714, 14.941, 14.136, 14.115, 14.633, 15.53, 16.183, 15.756, 15.129, 15.24, 14.629, 12.874, 11.412, 11.016, 12.352, 13.692, 14.663, 13.974, 12.763, 10.711, 7.776, 6.191, 7.528, 9.954, 10.219, 9.082, 9.575, 12.856, 15.116, 15.719, 14.673, 14.382, 15.002, 15.462, 15.114, 13.879, 12.412, 11.607, 11.969, 12.037, 11.174, 9.872, 9.245, 9.789, 10.513, 10.925, 10.956, 11.111, 12.219, 13.174, 13.165, 13.859, 15.17, 15.583, 14.679, 14.01, 14.891, 16.647, 18.969, 20.743, 20.645, 19.761, 18.871, 18.841, 18.013, 17.095, 16.88, 17.253, 17.064, 16.302, 16.06, 15.306, 14.328, 13.796, 13.825, 13.805, 14.021, 13.962], [3.076, 3.135, 3.088, 2.73, 1.45, 0.0, 1.408, 2.449, 3.32, 2.603, 2.56, 2.572, 2.44, 2.143, 2.695, 2.532, 1.915, 2.617, 4.413, 5.83, 4.917, 3.858, 3.812, 3.995, 4.365, 4.628, 4.133, 4.063, 5.566, 3.725, 1.877, 4.096, 5.14, 6.183, 8.349, 10.992, 12.863, 13.949, 14.446, 14.706, 14.587, 13.571, 13.043, 12.904, 12.602, 11.792, 10.695, 10.223, 10.154, 10.271, 9.775, 8.057, 7.374, 7.648, 9.037, 10.89, 12.196, 11.696, 10.402, 9.546, 9.705, 9.816, 9.543, 7.814, 5.596, 5.048, 6.78, 8.778, 9.098, 7.899, 7.306, 8.12, 9.748, 10.642, 11.479, 12.347, 13.143, 13.942, 14.514, 14.899, 14.672, 13.796, 12.956, 12.944, 13.464, 14.36, 15.002, 14.578, 13.96, 14.09, 13.442, 11.686, 10.249, 9.912, 11.486, 12.85, 13.827, 13.084, 11.971, 9.924, 6.962, 5.348, 6.731, 9.075, 9.436, 8.254, 8.619, 11.676, 13.99, 14.673, 13.567, 13.303, 14.018, 14.465, 14.108, 12.762, 11.301, 10.541, 10.953, 11.042, 10.194, 8.941, 8.272, 8.683, 9.382, 9.795, 9.825, 9.91, 11.11, 12.044, 12.034, 12.745, 14.173, 14.581, 13.622, 13.008, 13.869, 15.556, 17.825, 19.557, 19.467, 18.588, 17.706, 17.698, 16.938, 15.944, 15.748, 16.27, 16.124, 15.277, 15.027, 14.273, 13.29, 12.792, 12.666, 12.645, 12.864, 12.856], [2.818, 2.724, 2.765, 2.714, 1.885, 1.408, 0.0, 1.728, 2.757, 2.243, 2.252, 2.342, 2.207, 2.237, 2.814, 2.678, 1.918, 2.148, 3.928, 5.372, 4.597, 3.645, 3.345, 3.686, 3.99, 4.335, 3.917, 3.676, 4.899, 3.668, 2.395, 4.878, 5.791, 7.022, 9.143, 11.751, 13.605, 14.753, 15.232, 15.498, 15.363, 14.353, 13.796, 13.646, 13.377, 12.519, 11.452, 10.925, 10.832, 10.866, 10.357, 8.752, 8.05, 8.429, 9.789, 11.622, 12.971, 12.409, 11.127, 10.434, 10.649, 10.62, 10.275, 8.658, 6.305, 5.752, 7.426, 9.408, 9.814, 8.762, 8.195, 8.95, 10.53, 11.288, 12.086, 12.993, 13.791, 14.656, 15.227, 15.589, 15.439, 14.57, 13.747, 13.741, 14.199, 15.137, 15.781, 15.378, 14.738, 14.857, 14.218, 12.495, 10.981, 10.673, 12.301, 13.722, 14.69, 13.964, 12.925, 10.686, 7.579, 6.004, 7.417, 9.67, 10.236, 9.036, 9.529, 12.462, 14.761, 15.224, 14.135, 13.865, 14.608, 15.053, 14.654, 13.313, 11.907, 11.199, 11.56, 11.635, 10.833, 9.632, 8.858, 9.294, 10.015, 10.425, 10.452, 10.65, 11.791, 12.675, 12.744, 13.425, 14.806, 15.221, 14.24, 13.697, 14.445, 16.226, 18.566, 20.338, 20.259, 19.387, 18.511, 18.502, 17.723, 16.735, 16.559, 16.969, 16.805, 16.035, 15.736, 14.958, 13.94, 13.517, 13.369, 13.377, 13.598, 13.574], [2.395, 2.352, 2.483, 2.255, 2.011, 2.449, 1.728, 0.0, 1.493, 1.466, 1.943, 1.717, 1.982, 2.637, 3.42, 3.341, 2.754, 1.644, 2.669, 4.058, 3.262, 2.337, 2.409, 2.618, 2.912, 3.289, 3.11, 2.651, 3.783, 3.024, 3.658, 6.296, 7.304, 8.415, 10.508, 13.078, 14.967, 16.095, 16.58, 16.926, 16.8, 15.843, 15.344, 15.174, 14.745, 14.071, 12.969, 12.404, 12.245, 12.375, 11.849, 10.124, 9.479, 9.745, 11.104, 12.955, 14.287, 13.723, 12.44, 11.795, 11.991, 12.122, 11.761, 10.048, 7.762, 7.329, 9.009, 11.028, 11.391, 10.196, 9.537, 10.404, 12.044, 12.835, 13.633, 14.482, 15.27, 16.058, 16.675, 17.146, 16.83, 15.909, 15.105, 15.078, 15.538, 16.452, 17.106, 16.714, 16.067, 16.188, 15.563, 13.818, 12.347, 12.192, 13.789, 15.147, 16.055, 15.379, 14.289, 12.037, 8.955, 7.35, 8.735, 11.087, 11.604, 10.355, 10.913, 13.777, 16.106, 16.684, 15.612, 15.28, 16.064, 16.512, 16.199, 14.771, 13.321, 12.618, 13.016, 13.171, 12.403, 11.202, 10.378, 10.715, 11.411, 11.824, 11.829, 11.935, 13.112, 14.066, 14.068, 14.774, 16.199, 16.658, 15.671, 15.21, 15.838, 17.563, 19.927, 21.663, 21.584, 20.721, 19.829, 19.854, 19.095, 18.077, 17.972, 18.428, 18.313, 17.488, 17.13, 16.363, 15.384, 14.927, 14.755, 14.73, 14.94, 14.936], [2.376, 2.658, 2.448, 2.441, 2.76, 3.32, 2.757, 1.493, 0.0, 1.627, 1.935, 1.85, 2.158, 2.931, 3.885, 3.857, 3.377, 1.917, 1.92, 3.226, 2.654, 1.664, 2.071, 2.193, 2.318, 2.569, 2.378, 2.268, 3.644, 3.311, 4.655, 6.977, 8.046, 9.194, 11.172, 13.595, 15.491, 16.652, 17.157, 17.441, 17.288, 16.488, 15.982, 15.772, 15.31, 14.72, 13.671, 13.016, 12.791, 12.946, 12.439, 10.762, 10.113, 10.268, 11.598, 13.521, 14.775, 14.249, 13.223, 12.685, 12.852, 12.842, 12.349, 10.729, 8.486, 8.096, 9.742, 11.725, 12.158, 11.106, 10.508, 11.129, 12.689, 13.454, 14.232, 15.101, 15.863, 16.659, 17.417, 17.813, 17.544, 16.48, 15.583, 15.523, 16.074, 16.949, 17.582, 17.183, 16.55, 16.708, 16.082, 14.328, 13.032, 12.925, 14.547, 15.971, 16.995, 16.239, 15.166, 13.078, 10.019, 8.404, 9.788, 12.046, 12.547, 11.294, 11.671, 14.283, 16.678, 17.304, 16.227, 15.878, 16.682, 17.157, 16.854, 15.503, 13.922, 13.249, 13.631, 13.819, 13.115, 11.882, 10.975, 11.341, 11.996, 12.423, 12.406, 12.462, 13.729, 14.648, 14.636, 15.375, 16.764, 17.234, 16.313, 15.824, 16.432, 18.164, 20.468, 22.157, 22.06, 21.218, 20.303, 20.381, 19.601, 18.622, 18.483, 19.023, 18.944, 18.053, 17.753, 16.985, 16.076, 15.462, 15.289, 15.265, 15.504, 15.517], [2.512, 2.652, 2.446, 2.318, 2.002, 2.603, 2.243, 1.466, 1.627, 0.0, 1.473, 1.852, 1.939, 2.371, 3.337, 3.352, 2.58, 1.499, 2.473, 3.996, 3.266, 2.21, 2.317, 2.213, 2.645, 3.09, 2.839, 2.492, 3.882, 3.067, 3.686, 6.157, 7.143, 8.176, 10.438, 13.06, 14.88, 16.047, 16.535, 16.756, 16.616, 15.629, 14.875, 14.921, 14.635, 13.708, 12.719, 12.292, 12.177, 12.127, 11.626, 10.182, 9.415, 9.748, 11.113, 12.931, 14.274, 13.792, 12.435, 11.468, 11.707, 11.86, 11.497, 9.943, 7.798, 6.847, 8.645, 10.56, 10.923, 9.801, 9.229, 9.985, 11.71, 12.584, 13.312, 14.309, 15.12, 16.001, 16.638, 16.994, 16.661, 15.848, 15.069, 15.042, 15.597, 16.481, 17.103, 16.693, 16.054, 16.147, 15.546, 13.798, 12.426, 12.088, 13.269, 14.639, 15.746, 14.928, 13.892, 11.932, 8.87, 7.281, 8.595, 10.9, 11.31, 10.122, 10.661, 13.786, 16.067, 16.563, 15.57, 15.254, 15.823, 16.222, 15.913, 14.765, 13.305, 12.538, 12.864, 12.888, 12.061, 10.747, 10.024, 10.696, 11.412, 11.835, 11.862, 11.996, 13.115, 14.085, 14.064, 14.76, 15.914, 16.457, 15.57, 14.921, 15.693, 17.514, 19.843, 21.659, 21.581, 20.698, 19.805, 19.765, 18.934, 17.994, 17.854, 18.138, 17.856, 17.263, 16.977, 16.192, 15.214, 14.674, 14.797, 14.776, 14.985, 14.921], [1.743, 1.953, 1.792, 1.661, 1.858, 2.56, 2.252, 1.943, 1.935, 1.473, 0.0, 1.113, 1.162, 1.667, 2.876, 2.933, 2.25, 1.964, 2.933, 4.459, 3.655, 2.65, 2.57, 2.49, 2.705, 2.872, 2.398, 2.444, 3.86, 2.456, 3.3, 5.764, 6.675, 7.914, 10.089, 12.679, 14.523, 15.675, 16.163, 16.369, 16.272, 15.25, 14.555, 14.535, 14.281, 13.287, 12.187, 11.801, 11.697, 11.725, 11.159, 9.729, 9.037, 9.44, 10.733, 12.566, 13.916, 13.352, 11.993, 11.245, 11.483, 11.413, 11.161, 9.55, 7.379, 6.443, 8.179, 10.077, 10.475, 9.467, 8.952, 9.783, 11.352, 12.128, 12.907, 13.843, 14.62, 15.479, 16.135, 16.491, 16.28, 15.478, 14.697, 14.673, 15.135, 16.079, 16.731, 16.311, 15.671, 15.776, 15.162, 13.401, 11.974, 11.575, 12.896, 14.406, 15.432, 14.689, 13.612, 11.524, 8.66, 7.192, 8.287, 10.665, 11.037, 9.995, 10.325, 13.446, 15.656, 16.072, 15.07, 14.751, 15.357, 15.742, 15.368, 14.273, 12.855, 12.079, 12.391, 12.404, 11.553, 10.266, 9.616, 10.169, 10.891, 11.352, 11.385, 11.565, 12.658, 13.613, 13.605, 14.318, 15.509, 16.006, 15.111, 14.536, 15.146, 16.966, 19.486, 21.287, 21.198, 20.32, 19.424, 19.407, 18.577, 17.643, 17.453, 17.721, 17.534, 16.8, 16.505, 15.755, 14.739, 14.338, 14.325, 14.303, 14.525, 14.421], [1.724, 1.839, 1.819, 1.683, 1.963, 2.572, 2.342, 1.717, 1.85, 1.852, 1.113, 0.0, 1.125, 2.059, 3.079, 3.094, 2.566, 2.168, 2.868, 4.256, 3.251, 2.371, 2.482, 2.407, 2.577, 2.816, 2.4, 2.33, 3.663, 2.528, 3.715, 6.126, 6.951, 8.224, 10.354, 12.937, 14.778, 15.939, 16.397, 16.734, 16.591, 15.618, 15.064, 14.919, 14.525, 13.794, 12.706, 12.111, 11.937, 12.048, 11.442, 9.929, 9.274, 9.649, 10.978, 12.81, 14.159, 13.595, 12.093, 11.565, 11.849, 11.852, 11.507, 9.832, 7.635, 6.87, 8.585, 10.582, 10.938, 9.721, 9.297, 10.198, 11.829, 12.531, 13.248, 14.104, 14.892, 15.768, 16.381, 16.84, 16.632, 15.766, 14.968, 14.925, 15.364, 16.313, 16.965, 16.569, 15.895, 16.01, 15.396, 13.651, 12.129, 11.955, 13.436, 14.85, 15.775, 15.089, 13.999, 11.773, 8.792, 7.418, 8.61, 10.9, 11.356, 10.241, 10.759, 13.652, 15.907, 16.275, 15.319, 15.007, 15.744, 16.13, 15.753, 14.507, 12.995, 12.29, 12.632, 12.688, 11.986, 10.811, 9.923, 10.283, 11.043, 11.494, 11.519, 11.817, 12.874, 13.783, 13.848, 14.562, 15.855, 16.306, 15.376, 14.916, 15.449, 17.239, 19.729, 21.522, 21.422, 20.544, 19.667, 19.653, 18.861, 17.922, 17.815, 18.089, 18.001, 17.154, 16.813, 16.056, 14.985, 14.619, 14.521, 14.531, 14.755, 14.669], [1.876, 1.888, 2.168, 1.947, 1.868, 2.44, 2.207, 1.982, 2.158, 1.939, 1.162, 1.125, 0.0, 1.564, 2.49, 2.488, 2.166, 2.062, 3.305, 4.706, 3.745, 2.868, 2.849, 2.867, 3.048, 3.065, 2.589, 2.734, 4.217, 2.543, 3.236, 5.649, 6.426, 7.773, 9.86, 12.44, 14.296, 15.432, 15.894, 16.178, 16.041, 15.031, 14.498, 14.366, 14.015, 13.224, 12.134, 11.547, 11.43, 11.544, 10.959, 9.429, 8.749, 9.151, 10.521, 12.352, 13.649, 13.101, 11.659, 11.008, 11.322, 11.314, 10.961, 9.295, 7.01, 6.327, 7.991, 9.959, 10.372, 9.156, 8.743, 9.669, 11.26, 11.964, 12.712, 13.557, 14.356, 15.227, 15.849, 16.214, 16.086, 15.245, 14.411, 14.407, 14.85, 15.799, 16.451, 16.018, 15.379, 15.496, 14.892, 13.145, 11.641, 11.384, 12.877, 14.293, 15.222, 14.547, 13.496, 11.197, 8.388, 7.124, 8.136, 10.519, 10.916, 9.928, 10.227, 13.139, 15.416, 15.827, 14.83, 14.592, 15.238, 15.635, 15.222, 14.08, 12.499, 11.775, 12.094, 12.123, 11.435, 10.252, 9.404, 9.795, 10.529, 10.992, 11.044, 11.4, 12.423, 13.283, 13.351, 14.069, 15.407, 15.795, 14.884, 14.346, 15.007, 16.74, 19.219, 21.01, 20.906, 20.028, 19.141, 19.168, 18.351, 17.429, 17.243, 17.552, 17.433, 16.579, 16.298, 15.553, 14.484, 14.139, 14.003, 14.013, 14.246, 14.155], [2.261, 2.543, 2.626, 2.644, 2.098, 2.143, 2.237, 2.637, 2.931, 2.371, 1.667, 2.059, 1.564, 0.0, 1.634, 1.758, 1.529, 2.343, 4.126, 5.696, 4.638, 3.755, 3.682, 3.766, 3.776, 3.697, 3.195, 3.767, 5.261, 3.382, 2.89, 4.931, 5.704, 7.128, 9.158, 11.485, 13.232, 14.394, 14.935, 15.11, 14.976, 14.154, 13.555, 13.354, 13.009, 12.298, 11.236, 10.578, 10.375, 10.468, 9.874, 8.486, 7.773, 8.178, 9.522, 11.353, 12.653, 12.106, 10.907, 10.468, 10.686, 10.466, 10.004, 8.465, 6.392, 5.454, 7.038, 9.03, 9.508, 8.543, 8.068, 8.86, 10.399, 10.926, 11.61, 12.528, 13.31, 14.232, 14.938, 15.275, 15.242, 14.218, 13.432, 13.353, 13.829, 14.763, 15.418, 14.986, 14.355, 14.47, 13.859, 12.091, 10.763, 10.584, 12.049, 13.55, 14.622, 13.837, 12.77, 10.754, 8.01, 6.692, 7.725, 10.0, 10.35, 9.385, 9.563, 12.135, 14.338, 14.796, 13.896, 13.583, 14.268, 14.629, 14.318, 13.255, 11.52, 10.692, 11.062, 11.226, 10.466, 9.302, 8.344, 8.887, 9.569, 10.004, 10.072, 10.404, 11.419, 12.335, 12.36, 13.07, 14.375, 14.684, 13.843, 13.444, 13.962, 15.723, 18.213, 19.982, 19.877, 18.98, 18.097, 18.056, 17.234, 16.322, 16.249, 16.439, 16.412, 15.489, 15.165, 14.412, 13.497, 13.037, 12.963, 12.982, 13.21, 13.098], [3.083, 2.98, 3.75, 3.66, 2.948, 2.695, 2.814, 3.42, 3.885, 3.337, 2.876, 3.079, 2.49, 1.634, 0.0, 0.966, 1.657, 2.985, 5.299, 6.837, 5.616, 4.836, 4.874, 4.978, 4.78, 4.292, 4.007, 4.955, 6.469, 4.382, 2.87, 4.342, 5.233, 7.003, 8.655, 10.428, 12.035, 13.144, 13.679, 14.011, 13.879, 13.129, 12.63, 12.351, 11.976, 11.513, 10.323, 9.533, 9.22, 9.409, 8.853, 7.792, 6.924, 7.029, 8.286, 10.397, 11.419, 10.855, 10.277, 10.225, 10.21, 9.999, 9.365, 7.616, 5.931, 4.825, 6.389, 8.384, 8.858, 8.184, 7.883, 8.496, 9.703, 10.046, 10.593, 11.423, 12.23, 13.215, 13.818, 14.327, 14.385, 13.118, 12.22, 12.059, 12.471, 13.414, 14.059, 13.661, 12.998, 13.144, 12.526, 10.884, 10.174, 9.883, 11.457, 13.058, 14.283, 13.594, 12.67, 10.683, 8.127, 6.804, 7.746, 10.129, 10.445, 9.47, 9.011, 10.81, 13.042, 13.764, 12.912, 12.498, 13.324, 13.774, 13.604, 12.476, 10.587, 9.647, 10.052, 10.29, 9.666, 8.473, 7.748, 7.813, 8.413, 8.819, 8.88, 9.17, 10.219, 11.056, 11.071, 11.884, 13.366, 13.659, 12.767, 12.479, 12.962, 14.624, 16.965, 18.616, 18.51, 17.637, 16.761, 16.812, 16.021, 15.097, 15.024, 15.466, 15.418, 14.58, 14.104, 13.396, 12.792, 11.949, 11.609, 11.613, 11.87, 11.749], [3.116, 3.011, 3.84, 3.731, 2.951, 2.532, 2.678, 3.341, 3.857, 3.352, 2.933, 3.094, 2.488, 1.758, 0.966, 0.0, 1.2, 2.985, 5.274, 6.826, 5.581, 4.8, 4.842, 4.98, 4.764, 4.28, 3.997, 4.991, 6.543, 4.428, 2.638, 4.333, 5.267, 6.894, 8.621, 10.439, 12.082, 13.167, 13.7, 14.045, 13.907, 13.208, 12.634, 12.36, 11.961, 11.503, 10.305, 9.541, 9.301, 9.488, 8.947, 7.699, 6.894, 6.973, 8.345, 10.331, 11.432, 10.864, 10.325, 10.183, 10.179, 9.957, 9.307, 7.589, 5.835, 4.88, 6.418, 8.419, 8.896, 8.193, 7.767, 8.385, 9.644, 10.031, 10.689, 11.533, 12.328, 13.207, 13.924, 14.36, 14.35, 13.101, 12.221, 12.049, 12.402, 13.356, 13.999, 13.647, 12.919, 13.063, 12.467, 10.797, 9.96, 9.829, 11.467, 13.057, 14.244, 13.53, 12.596, 10.591, 8.025, 6.588, 7.629, 9.996, 10.331, 9.288, 8.992, 10.784, 13.042, 13.927, 13.071, 12.577, 13.414, 13.919, 13.669, 12.507, 10.516, 9.758, 10.216, 10.453, 9.798, 8.549, 7.826, 7.878, 8.512, 8.918, 8.989, 9.205, 10.321, 11.119, 11.161, 11.899, 13.491, 13.779, 12.896, 12.623, 13.072, 14.651, 16.921, 18.569, 18.441, 17.567, 16.687, 16.817, 16.059, 15.089, 15.098, 15.548, 15.462, 14.569, 14.162, 13.397, 12.782, 11.922, 11.546, 11.551, 11.791, 11.74], [2.752, 2.906, 3.096, 3.031, 2.303, 1.915, 1.918, 2.754, 3.377, 2.58, 2.25, 2.566, 2.166, 1.529, 1.657, 1.2, 0.0, 2.244, 4.449, 6.05, 5.061, 4.107, 4.077, 4.23, 4.295, 4.125, 3.734, 4.274, 5.771, 3.95, 2.515, 4.307, 5.136, 6.591, 8.522, 10.853, 12.613, 13.707, 14.19, 14.442, 14.31, 13.333, 12.809, 12.646, 12.342, 11.614, 10.522, 9.922, 9.825, 9.915, 9.405, 7.925, 7.169, 7.653, 9.017, 10.793, 12.08, 11.552, 10.318, 9.933, 9.983, 9.809, 9.32, 7.673, 5.672, 4.799, 6.445, 8.482, 8.895, 8.024, 7.514, 8.116, 9.547, 10.275, 11.031, 11.923, 12.738, 13.604, 14.206, 14.555, 14.369, 13.533, 12.728, 12.714, 13.17, 14.125, 14.781, 14.331, 13.691, 13.835, 13.228, 11.476, 10.068, 9.757, 11.412, 12.909, 14.032, 13.258, 12.26, 10.335, 7.674, 6.227, 7.35, 9.659, 9.964, 8.918, 8.91, 11.53, 13.74, 14.387, 13.373, 13.04, 13.758, 14.22, 13.842, 12.644, 11.103, 10.29, 10.68, 10.78, 9.997, 8.784, 7.969, 8.441, 9.231, 9.617, 9.698, 9.882, 10.93, 11.913, 11.901, 12.539, 13.969, 14.277, 13.284, 12.828, 13.613, 15.361, 17.631, 19.349, 19.217, 18.339, 17.461, 17.437, 16.662, 15.667, 15.521, 15.917, 15.778, 14.975, 14.67, 13.903, 12.957, 12.467, 12.312, 12.324, 12.548, 12.542], [3.327, 3.425, 3.256, 2.894, 2.423, 2.617, 2.148, 1.644, 1.917, 1.499, 1.964, 2.168, 2.062, 2.343, 2.985, 2.985, 2.244, 0.0, 2.461, 4.206, 3.847, 2.769, 2.646, 2.832, 3.575, 4.052, 3.72, 3.185, 4.407, 3.699, 4.048, 6.054, 6.956, 8.035, 10.304, 12.859, 14.596, 15.728, 16.216, 16.411, 16.303, 15.28, 14.558, 14.544, 14.318, 13.386, 12.316, 11.874, 11.785, 11.827, 11.295, 9.838, 9.162, 9.669, 11.021, 12.797, 14.076, 13.567, 12.098, 11.067, 11.376, 11.487, 11.153, 9.539, 7.227, 6.446, 8.271, 10.2, 10.537, 9.326, 8.719, 9.69, 11.368, 12.168, 12.918, 13.944, 14.709, 15.571, 16.197, 16.564, 16.279, 15.556, 14.755, 14.735, 15.225, 16.146, 16.803, 16.367, 15.739, 15.873, 15.246, 13.503, 12.014, 11.686, 12.953, 14.327, 15.192, 14.561, 13.435, 11.43, 8.591, 7.115, 8.375, 10.53, 10.99, 9.849, 10.532, 13.543, 15.727, 16.298, 15.406, 15.046, 15.632, 15.994, 15.633, 14.685, 13.138, 12.265, 12.559, 12.604, 11.785, 10.428, 9.771, 10.414, 11.204, 11.618, 11.712, 11.887, 12.85, 13.904, 13.83, 14.513, 15.724, 16.136, 15.269, 14.67, 15.427, 17.24, 19.611, 21.37, 21.258, 20.376, 19.478, 19.432, 18.604, 17.659, 17.479, 17.75, 17.537, 16.842, 16.55, 15.795, 14.785, 14.33, 14.406, 14.394, 14.602, 14.504], [3.586, 3.951, 3.354, 3.123, 3.618, 4.413, 3.928, 2.669, 1.92, 2.473, 2.933, 2.868, 3.305, 4.126, 5.299, 5.274, 4.449, 2.461, 0.0, 1.975, 2.516, 1.968, 2.059, 1.995, 2.605, 3.054, 2.874, 2.099, 2.922, 3.701, 5.775, 8.157, 9.185, 10.134, 12.456, 15.066, 16.822, 17.97, 18.462, 18.647, 18.529, 17.496, 16.749, 16.776, 16.563, 15.578, 14.541, 14.21, 14.122, 14.102, 13.628, 12.115, 11.386, 11.822, 13.18, 14.971, 16.274, 15.794, 14.406, 13.252, 13.43, 13.681, 13.395, 11.822, 9.488, 8.736, 10.567, 12.453, 12.775, 11.546, 10.917, 11.843, 13.541, 14.466, 15.268, 16.292, 17.083, 17.947, 18.52, 18.823, 18.526, 17.79, 16.986, 16.961, 17.502, 18.404, 19.049, 18.599, 18.003, 18.117, 17.467, 15.735, 14.28, 13.9, 15.148, 16.521, 17.439, 16.773, 15.657, 13.545, 10.677, 9.168, 10.489, 12.637, 13.138, 11.923, 12.525, 15.744, 18.017, 18.635, 17.617, 17.285, 17.895, 18.319, 17.985, 16.88, 15.374, 14.572, 14.938, 14.954, 14.072, 12.641, 12.116, 12.736, 13.514, 13.915, 13.985, 14.067, 15.153, 16.207, 16.109, 16.771, 18.031, 18.483, 17.581, 16.899, 17.791, 19.588, 21.838, 23.615, 23.491, 22.608, 21.723, 21.678, 20.887, 19.919, 19.714, 20.101, 19.847, 19.177, 18.929, 18.16, 17.187, 16.619, 16.688, 16.685, 16.9, 16.883], [4.353, 4.758, 4.054, 4.116, 4.932, 5.83, 5.372, 4.058, 3.226, 3.996, 4.459, 4.256, 4.706, 5.696, 6.837, 6.826, 6.05, 4.206, 1.975, 0.0, 2.058, 2.604, 2.832, 2.657, 2.544, 2.956, 3.291, 2.557, 2.474, 4.365, 7.154, 9.677, 10.751, 11.739, 13.969, 16.58, 18.401, 19.546, 20.043, 20.231, 20.147, 19.146, 18.501, 18.46, 18.205, 17.275, 16.199, 15.841, 15.731, 15.771, 15.267, 13.673, 12.945, 13.313, 14.676, 16.49, 17.784, 17.305, 16.013, 15.013, 15.187, 15.362, 15.075, 13.457, 11.092, 10.561, 12.286, 14.245, 14.606, 13.425, 12.791, 13.602, 15.22, 16.162, 16.991, 17.934, 18.722, 19.565, 20.16, 20.481, 20.16, 19.37, 18.55, 18.519, 19.07, 19.961, 20.599, 20.178, 19.545, 19.683, 19.057, 17.301, 15.882, 15.489, 16.985, 18.366, 19.288, 18.607, 17.505, 15.32, 12.424, 10.861, 12.257, 14.428, 14.942, 13.716, 14.147, 17.266, 19.629, 20.255, 19.162, 18.865, 19.499, 19.969, 19.633, 18.442, 16.94, 16.161, 16.558, 16.595, 15.724, 14.421, 13.794, 14.296, 15.045, 15.45, 15.5, 15.583, 16.719, 17.734, 17.668, 18.358, 19.681, 20.137, 19.208, 18.536, 19.419, 21.172, 23.418, 25.162, 25.057, 24.198, 23.294, 23.305, 22.514, 21.507, 21.326, 21.802, 21.586, 20.864, 20.624, 19.874, 18.9, 18.345, 18.289, 18.264, 18.47, 18.496], [3.115, 3.533, 3.089, 3.245, 4.11, 4.917, 4.597, 3.262, 2.654, 3.266, 3.655, 3.251, 3.745, 4.638, 5.616, 5.581, 5.061, 3.847, 2.516, 2.058, 0.0, 1.78, 2.375, 1.957, 1.395, 1.675, 2.041, 1.724, 1.621, 3.393, 6.385, 8.859, 9.846, 10.993, 13.012, 15.505, 17.389, 18.421, 18.924, 19.28, 19.147, 18.231, 17.759, 17.571, 17.102, 16.5, 15.427, 14.754, 14.632, 14.832, 14.32, 12.537, 11.912, 12.123, 13.49, 15.439, 16.614, 16.084, 15.027, 14.362, 14.561, 14.589, 14.153, 12.407, 10.167, 9.81, 11.473, 13.473, 13.872, 12.715, 12.092, 12.865, 14.445, 15.245, 16.037, 16.875, 17.65, 18.441, 19.097, 19.54, 19.271, 18.323, 17.361, 17.387, 17.821, 18.717, 19.377, 18.967, 18.343, 18.483, 17.835, 16.117, 14.659, 14.64, 16.262, 17.645, 18.592, 17.902, 16.805, 14.687, 11.717, 10.13, 11.523, 13.796, 14.244, 13.046, 13.489, 16.05, 18.444, 19.21, 18.141, 17.84, 18.611, 19.056, 18.765, 17.364, 15.778, 15.065, 15.516, 15.654, 14.908, 13.636, 12.815, 13.21, 13.864, 14.277, 14.309, 14.4, 15.638, 16.479, 16.434, 17.262, 18.733, 19.097, 18.14, 17.652, 18.406, 20.033, 22.321, 23.944, 23.838, 22.964, 22.088, 22.203, 21.463, 20.451, 20.239, 20.824, 20.746, 19.845, 19.534, 18.782, 17.812, 17.32, 17.02, 17.0, 17.264, 17.222], [2.316, 2.784, 2.182, 2.284, 2.984, 3.858, 3.645, 2.337, 1.664, 2.21, 2.65, 2.371, 2.868, 3.755, 4.836, 4.8, 4.107, 2.769, 1.968, 2.604, 1.78, 0.0, 1.493, 1.506, 1.716, 2.108, 2.11, 1.694, 2.499, 2.595, 5.169, 7.8, 8.847, 9.857, 12.05, 14.684, 16.527, 17.593, 18.077, 18.345, 18.216, 17.264, 16.705, 16.564, 16.277, 15.502, 14.372, 13.866, 13.793, 13.955, 13.453, 11.742, 11.038, 11.318, 12.715, 14.618, 15.874, 15.375, 14.104, 13.238, 13.364, 13.479, 13.194, 11.457, 9.245, 8.695, 10.425, 12.471, 12.742, 11.534, 10.899, 11.765, 13.412, 14.305, 15.115, 15.977, 16.77, 17.606, 18.151, 18.582, 18.317, 17.442, 16.589, 16.567, 17.097, 17.996, 18.633, 18.209, 17.564, 17.721, 17.071, 15.32, 13.881, 13.592, 15.141, 16.459, 17.418, 16.703, 15.599, 13.62, 10.635, 8.907, 10.392, 12.796, 13.143, 11.968, 12.295, 15.328, 17.652, 18.382, 17.25, 17.001, 17.7, 18.154, 17.819, 16.482, 15.023, 14.258, 14.601, 14.685, 13.875, 12.619, 11.937, 12.412, 13.084, 13.51, 13.527, 13.602, 14.84, 15.746, 15.737, 16.465, 17.862, 18.258, 17.327, 16.695, 17.567, 19.278, 21.544, 23.201, 23.091, 22.233, 21.322, 21.353, 20.571, 19.589, 19.346, 19.885, 19.756, 18.918, 18.687, 17.937, 16.964, 16.428, 16.294, 16.27, 16.482, 16.504], [2.593, 2.832, 2.163, 2.049, 2.758, 3.812, 3.345, 2.409, 2.071, 2.317, 2.57, 2.482, 2.849, 3.682, 4.874, 4.842, 4.077, 2.646, 2.059, 2.832, 2.375, 1.493, 0.0, 1.225, 1.884, 2.463, 2.264, 1.596, 2.492, 2.473, 4.986, 7.775, 8.823, 9.723, 12.075, 14.736, 16.493, 17.625, 18.112, 18.311, 18.196, 17.17, 16.531, 16.461, 16.227, 15.333, 14.292, 13.897, 13.801, 13.88, 13.366, 11.809, 11.019, 11.363, 12.781, 14.6, 15.941, 15.476, 14.067, 13.015, 13.139, 13.395, 13.074, 11.492, 9.175, 8.561, 10.283, 12.289, 12.601, 11.341, 10.618, 11.609, 13.275, 14.186, 15.016, 15.953, 16.739, 17.603, 18.186, 18.515, 18.243, 17.43, 16.652, 16.632, 17.196, 18.097, 18.7, 18.275, 17.628, 17.737, 17.11, 15.363, 13.978, 13.619, 14.996, 16.311, 17.197, 16.53, 15.402, 13.222, 10.221, 8.595, 10.03, 12.437, 12.832, 11.616, 12.2, 15.409, 17.666, 18.324, 17.258, 16.951, 17.608, 18.067, 17.708, 16.459, 15.011, 14.216, 14.515, 14.593, 13.741, 12.445, 11.85, 12.396, 13.119, 13.532, 13.562, 13.683, 14.823, 15.781, 15.772, 16.456, 17.775, 18.187, 17.269, 16.591, 17.495, 19.266, 21.52, 23.267, 23.156, 22.284, 21.385, 21.353, 20.547, 19.591, 19.404, 19.794, 19.597, 18.876, 18.622, 17.871, 16.9, 16.349, 16.382, 16.367, 16.573, 16.54], [2.553, 2.728, 2.052, 2.057, 2.938, 3.995, 3.686, 2.618, 2.193, 2.213, 2.49, 2.407, 2.867, 3.766, 4.978, 4.98, 4.23, 2.832, 1.995, 2.657, 1.957, 1.506, 1.225, 0.0, 1.33, 1.835, 1.634, 0.996, 2.028, 2.422, 5.03, 7.883, 8.909, 9.887, 12.226, 14.886, 16.656, 17.778, 18.267, 18.461, 18.349, 17.321, 16.605, 16.614, 16.365, 15.405, 14.271, 13.988, 13.889, 13.955, 13.407, 11.927, 11.152, 11.513, 12.931, 14.756, 16.091, 15.595, 14.192, 13.11, 13.331, 13.455, 13.235, 11.573, 9.359, 8.543, 10.336, 12.274, 12.545, 11.387, 10.767, 11.729, 13.398, 14.294, 15.072, 16.039, 16.845, 17.722, 18.254, 18.622, 18.382, 17.616, 16.803, 16.782, 17.315, 18.216, 18.85, 18.423, 17.794, 17.921, 17.271, 15.54, 14.096, 13.691, 14.933, 16.299, 17.251, 16.604, 15.469, 13.433, 10.429, 8.714, 10.202, 12.558, 12.97, 11.789, 12.266, 15.535, 17.784, 18.415, 17.376, 17.081, 17.676, 18.107, 17.783, 16.578, 15.105, 14.288, 14.633, 14.659, 13.81, 12.425, 11.891, 12.485, 13.209, 13.622, 13.652, 13.802, 14.921, 15.87, 15.861, 16.561, 17.816, 18.275, 17.378, 16.698, 17.57, 19.333, 21.651, 23.418, 23.314, 22.432, 21.534, 21.504, 20.664, 19.735, 19.527, 19.874, 19.653, 18.938, 18.707, 17.962, 16.99, 16.434, 16.506, 16.491, 16.694, 16.629], [2.339, 2.639, 2.215, 2.531, 3.474, 4.365, 3.99, 2.912, 2.318, 2.645, 2.705, 2.577, 3.048, 3.776, 4.78, 4.764, 4.295, 3.575, 2.605, 2.544, 1.395, 1.716, 1.884, 1.33, 0.0, 0.995, 1.142, 1.173, 2.033, 2.948, 5.417, 7.95, 8.934, 10.149, 12.125, 14.558, 16.492, 17.572, 18.068, 18.438, 18.292, 17.342, 16.827, 16.66, 16.196, 15.593, 14.51, 13.903, 13.786, 13.951, 13.415, 11.697, 11.042, 11.223, 12.587, 14.481, 15.76, 15.269, 14.197, 13.675, 13.827, 13.685, 13.278, 11.612, 9.589, 8.938, 10.572, 12.571, 13.007, 12.07, 11.484, 12.071, 13.627, 14.388, 15.176, 16.003, 16.774, 17.572, 18.204, 18.703, 18.538, 17.444, 16.582, 16.569, 17.085, 17.969, 18.59, 18.195, 17.543, 17.649, 17.036, 15.301, 13.96, 13.842, 15.42, 16.908, 17.985, 17.201, 16.13, 14.102, 11.097, 9.425, 10.832, 13.194, 13.58, 12.401, 12.609, 15.264, 17.582, 18.243, 17.206, 16.892, 17.639, 18.073, 17.767, 16.4, 14.823, 14.171, 14.605, 14.74, 13.952, 12.738, 11.965, 12.246, 12.915, 13.32, 13.364, 13.474, 14.664, 15.561, 15.559, 16.307, 17.756, 18.206, 17.223, 16.702, 17.427, 19.064, 21.376, 23.147, 23.068, 22.204, 21.295, 21.335, 20.565, 19.597, 19.444, 19.954, 19.853, 18.974, 18.671, 17.926, 16.941, 16.434, 16.295, 16.27, 16.497, 16.43], [2.088, 2.39, 2.317, 2.768, 3.72, 4.628, 4.335, 3.289, 2.569, 3.09, 2.872, 2.816, 3.065, 3.697, 4.292, 4.28, 4.125, 4.052, 3.054, 2.956, 1.675, 2.108, 2.463, 1.835, 0.995, 0.0, 0.927, 1.638, 2.545, 3.065, 5.133, 7.636, 8.748, 10.157, 11.922, 14.057, 16.0, 17.073, 17.567, 17.965, 17.794, 16.942, 16.458, 16.263, 15.752, 15.223, 14.179, 13.498, 13.321, 13.489, 12.978, 11.46, 10.641, 10.708, 12.034, 13.984, 15.186, 14.711, 13.911, 13.687, 13.659, 13.558, 12.976, 11.333, 9.526, 8.672, 10.269, 12.288, 12.686, 11.927, 11.455, 11.954, 13.265, 13.978, 14.76, 15.589, 16.35, 17.186, 17.855, 18.296, 18.142, 16.948, 16.034, 16.024, 16.523, 17.406, 18.018, 17.636, 16.993, 17.092, 16.471, 14.746, 13.667, 13.533, 15.176, 16.748, 17.934, 17.207, 16.172, 14.118, 11.311, 9.669, 10.92, 13.358, 13.69, 12.565, 12.348, 14.701, 17.13, 17.809, 16.757, 16.402, 17.205, 17.671, 17.393, 16.03, 14.392, 13.732, 14.144, 14.336, 13.61, 12.386, 11.56, 11.796, 12.443, 12.861, 12.865, 12.939, 14.216, 15.057, 15.055, 15.841, 17.3, 17.766, 16.799, 16.323, 16.968, 18.602, 20.882, 22.596, 22.496, 21.636, 20.744, 20.845, 20.12, 19.108, 18.939, 19.541, 19.462, 18.581, 18.239, 17.497, 16.621, 16.004, 15.739, 15.714, 15.965, 15.925], [1.862, 2.092, 2.039, 2.263, 3.231, 4.133, 3.917, 3.11, 2.378, 2.839, 2.398, 2.4, 2.589, 3.195, 4.007, 3.997, 3.734, 3.72, 2.874, 3.291, 2.041, 2.11, 2.264, 1.634, 1.142, 0.927, 0.0, 1.477, 2.864, 2.715, 4.767, 7.263, 8.301, 9.659, 11.458, 13.787, 15.745, 16.81, 17.324, 17.641, 17.511, 16.639, 16.148, 15.943, 15.496, 14.896, 13.847, 13.158, 13.049, 13.195, 12.69, 11.063, 10.291, 10.456, 11.791, 13.748, 14.928, 14.41, 13.548, 13.19, 13.201, 13.076, 12.555, 10.937, 9.001, 8.282, 9.919, 11.903, 12.351, 11.466, 10.961, 11.475, 12.895, 13.648, 14.439, 15.301, 16.05, 16.87, 17.556, 17.966, 17.778, 16.675, 15.693, 15.694, 16.225, 17.08, 17.707, 17.306, 16.691, 16.857, 16.25, 14.498, 13.163, 13.121, 14.772, 16.288, 17.449, 16.701, 15.667, 13.632, 10.783, 9.137, 10.415, 12.876, 13.205, 12.084, 11.928, 14.432, 16.861, 17.542, 16.458, 16.171, 16.922, 17.385, 17.081, 15.737, 14.118, 13.467, 13.88, 14.035, 13.311, 12.062, 11.224, 11.552, 12.202, 12.62, 12.644, 12.705, 13.972, 14.808, 14.797, 15.597, 17.053, 17.495, 16.509, 16.001, 16.738, 18.374, 20.646, 22.286, 22.184, 21.343, 20.444, 20.588, 19.844, 18.831, 18.574, 19.229, 19.133, 18.247, 17.959, 17.205, 16.257, 15.721, 15.423, 15.399, 15.686, 15.673], [2.462, 2.695, 1.926, 1.935, 2.949, 4.063, 3.676, 2.651, 2.268, 2.492, 2.444, 2.33, 2.734, 3.767, 4.955, 4.991, 4.274, 3.185, 2.099, 2.557, 1.724, 1.694, 1.596, 0.996, 1.173, 1.638, 1.477, 0.0, 1.748, 2.509, 5.067, 7.86, 8.839, 9.903, 12.184, 14.835, 16.703, 17.844, 18.325, 18.576, 18.446, 17.406, 16.796, 16.704, 16.437, 15.521, 14.404, 14.004, 13.921, 14.015, 13.45, 11.925, 11.148, 11.529, 12.889, 14.724, 16.071, 15.524, 14.072, 13.15, 13.43, 13.515, 13.357, 11.646, 9.39, 8.698, 10.452, 12.425, 12.708, 11.515, 10.917, 11.936, 13.572, 14.409, 15.191, 16.072, 16.854, 17.731, 18.301, 18.71, 18.458, 17.669, 16.859, 16.838, 17.338, 18.237, 18.894, 18.48, 17.84, 17.938, 17.325, 15.579, 14.125, 13.727, 15.085, 16.441, 17.389, 16.722, 15.588, 13.464, 10.393, 8.714, 10.16, 12.513, 12.948, 11.755, 12.314, 15.561, 17.843, 18.312, 17.306, 17.002, 17.639, 18.062, 17.678, 16.464, 15.015, 14.263, 14.593, 14.684, 13.85, 12.61, 11.933, 12.401, 13.119, 13.533, 13.537, 13.722, 14.806, 15.774, 15.769, 16.492, 17.768, 18.258, 17.331, 16.73, 17.454, 19.2, 21.642, 23.45, 23.367, 22.489, 21.596, 21.579, 20.765, 19.833, 19.62, 19.942, 19.799, 18.99, 18.735, 17.983, 17.002, 16.545, 16.537, 16.515, 16.723, 16.634], [3.632, 3.812, 3.18, 3.179, 4.374, 5.566, 4.899, 3.783, 3.644, 3.882, 3.86, 3.663, 4.217, 5.261, 6.469, 6.543, 5.771, 4.407, 2.922, 2.474, 1.621, 2.499, 2.492, 2.028, 2.033, 2.545, 2.864, 1.748, 0.0, 2.707, 6.436, 9.419, 10.341, 11.421, 13.796, 16.447, 18.291, 19.434, 19.932, 20.139, 20.016, 19.016, 18.308, 18.287, 18.062, 17.035, 15.874, 15.563, 15.443, 15.474, 14.924, 13.463, 12.738, 13.141, 14.5, 16.333, 17.683, 17.119, 15.578, 14.561, 14.61, 15.083, 14.908, 13.248, 10.866, 10.043, 11.908, 13.785, 13.919, 12.612, 12.097, 13.397, 15.071, 15.886, 16.638, 17.617, 18.39, 19.251, 19.808, 20.196, 19.993, 19.245, 18.456, 18.432, 18.902, 19.838, 20.49, 20.07, 19.431, 19.553, 18.924, 17.166, 15.627, 15.243, 16.468, 17.785, 18.641, 18.123, 16.862, 14.393, 11.398, 9.879, 11.144, 13.592, 14.03, 12.857, 13.634, 17.169, 19.449, 19.801, 18.781, 18.502, 19.156, 19.563, 19.113, 17.973, 16.56, 15.831, 16.079, 16.114, 15.293, 14.002, 13.356, 13.876, 14.587, 15.024, 15.044, 15.331, 16.397, 17.271, 17.372, 18.104, 19.317, 19.821, 18.921, 18.315, 18.952, 20.798, 23.277, 25.046, 24.958, 24.079, 23.192, 23.187, 22.359, 21.397, 21.2, 21.512, 21.292, 20.616, 20.334, 19.571, 18.519, 18.109, 18.064, 18.071, 18.293, 18.197], [1.689, 1.893, 1.646, 1.398, 2.425, 3.725, 3.668, 3.024, 3.311, 3.067, 2.456, 2.528, 2.543, 3.382, 4.382, 4.428, 3.95, 3.699, 3.701, 4.365, 3.393, 2.595, 2.473, 2.422, 2.948, 3.065, 2.715, 2.509, 2.707, 0.0, 4.073, 7.102, 8.156, 9.114, 11.479, 14.13, 15.974, 17.136, 17.634, 17.835, 17.723, 16.702, 15.992, 15.981, 15.746, 14.727, 13.612, 13.351, 13.24, 13.273, 12.737, 11.245, 10.457, 10.824, 12.183, 14.016, 15.366, 14.844, 13.396, 12.283, 12.253, 12.768, 12.6, 10.934, 8.693, 7.924, 9.713, 11.626, 11.793, 10.485, 9.901, 11.097, 12.753, 13.653, 14.459, 15.426, 16.213, 17.069, 17.628, 18.001, 17.697, 16.947, 16.158, 16.134, 16.66, 17.544, 18.192, 17.782, 17.142, 17.252, 16.629, 14.871, 13.449, 13.04, 14.213, 15.493, 16.429, 15.896, 14.646, 12.283, 9.469, 7.783, 8.967, 11.617, 11.872, 10.744, 11.286, 14.856, 17.138, 17.671, 16.592, 16.277, 16.896, 17.368, 17.002, 15.784, 14.372, 13.641, 13.942, 13.98, 13.137, 11.806, 11.239, 11.749, 12.467, 12.881, 12.885, 13.014, 14.15, 15.122, 15.115, 15.831, 17.055, 17.612, 16.68, 16.013, 16.783, 18.592, 20.96, 22.748, 22.669, 21.791, 20.894, 20.884, 20.04, 19.108, 18.905, 19.252, 19.013, 18.342, 18.097, 17.349, 16.375, 15.821, 15.867, 15.842, 16.047, 15.988], [3.456, 3.187, 3.658, 3.734, 2.604, 1.877, 2.395, 3.658, 4.655, 3.686, 3.3, 3.715, 3.236, 2.89, 2.87, 2.638, 2.515, 4.048, 5.775, 7.154, 6.385, 5.169, 4.986, 5.03, 5.417, 5.133, 4.767, 5.067, 6.436, 4.073, 0.0, 3.149, 4.284, 5.62, 7.625, 10.136, 11.984, 13.154, 13.635, 13.846, 13.731, 12.714, 12.018, 12.014, 11.796, 10.765, 9.702, 9.388, 9.278, 9.269, 8.767, 7.443, 6.466, 6.83, 8.189, 10.023, 11.372, 10.834, 9.571, 8.958, 8.921, 8.989, 8.674, 7.074, 5.106, 3.978, 5.77, 7.695, 8.001, 7.1, 6.711, 7.364, 8.803, 9.674, 10.498, 11.458, 12.246, 13.111, 13.685, 14.013, 13.73, 12.957, 12.162, 12.142, 12.651, 13.537, 14.196, 13.793, 13.153, 13.257, 12.627, 10.934, 9.671, 9.063, 10.387, 11.923, 13.142, 12.446, 11.445, 9.411, 6.631, 5.001, 6.144, 8.706, 9.033, 7.966, 7.627, 10.862, 13.167, 13.71, 12.588, 12.274, 12.918, 13.399, 13.046, 11.77, 10.381, 9.673, 9.978, 10.011, 9.186, 7.865, 7.271, 7.787, 8.505, 8.918, 8.923, 9.02, 10.188, 11.16, 11.152, 11.834, 13.089, 13.652, 12.704, 12.058, 12.827, 14.623, 16.96, 18.752, 18.673, 17.802, 16.911, 16.891, 16.091, 15.12, 14.923, 15.301, 15.055, 14.413, 14.134, 13.388, 12.432, 11.878, 11.863, 11.84, 12.044, 12.025], [6.245, 5.987, 6.505, 6.39, 5.209, 4.096, 4.878, 6.296, 6.977, 6.157, 5.764, 6.126, 5.649, 4.931, 4.342, 4.333, 4.307, 6.054, 8.157, 9.677, 8.859, 7.8, 7.775, 7.883, 7.95, 7.636, 7.263, 7.86, 9.419, 7.102, 3.149, 0.0, 1.623, 3.077, 4.726, 7.027, 8.908, 10.076, 10.556, 10.778, 10.697, 9.698, 9.12, 9.009, 8.764, 7.963, 6.821, 6.395, 6.295, 6.335, 5.854, 4.522, 3.799, 4.002, 5.121, 6.944, 8.285, 7.805, 6.712, 6.329, 6.194, 6.196, 5.716, 4.133, 2.609, 1.504, 2.922, 4.892, 5.251, 4.581, 4.443, 4.691, 5.855, 6.737, 7.577, 8.495, 9.282, 10.117, 10.705, 11.089, 10.821, 9.916, 9.066, 9.048, 9.622, 10.505, 11.099, 10.698, 10.061, 10.185, 9.551, 7.956, 6.92, 6.174, 7.658, 9.227, 10.54, 9.888, 9.013, 7.013, 4.531, 3.381, 4.008, 6.355, 6.692, 5.64, 4.97, 7.919, 10.181, 10.742, 9.627, 9.315, 10.011, 10.466, 10.115, 8.847, 7.443, 6.736, 7.128, 7.194, 6.318, 5.118, 4.531, 4.994, 5.581, 6.126, 6.263, 6.261, 7.245, 8.209, 8.157, 8.858, 10.154, 10.683, 9.736, 9.083, 9.87, 11.647, 13.908, 15.66, 15.577, 14.717, 13.832, 13.834, 13.079, 12.057, 11.886, 12.36, 12.212, 11.483, 11.224, 10.472, 9.481, 8.904, 8.841, 8.816, 9.032, 9.046], [7.195, 6.871, 7.479, 7.403, 6.211, 5.14, 5.791, 7.304, 8.046, 7.143, 6.675, 6.951, 6.426, 5.704, 5.233, 5.267, 5.136, 6.956, 9.185, 10.751, 9.846, 8.847, 8.823, 8.909, 8.934, 8.748, 8.301, 8.839, 10.341, 8.156, 4.284, 1.623, 0.0, 1.946, 3.626, 6.116, 7.987, 9.123, 9.603, 9.861, 9.728, 8.727, 8.192, 8.041, 7.729, 6.917, 5.783, 5.334, 5.249, 5.258, 4.69, 3.319, 3.031, 3.387, 4.33, 6.059, 7.356, 6.807, 5.411, 5.139, 5.146, 5.037, 4.68, 3.088, 2.398, 1.692, 1.898, 3.755, 4.133, 3.296, 3.156, 3.589, 4.929, 5.658, 6.433, 7.308, 8.115, 8.974, 9.531, 9.947, 9.774, 8.95, 8.115, 8.092, 8.57, 9.508, 10.149, 9.739, 9.099, 9.22, 8.604, 6.883, 5.574, 5.016, 6.623, 8.107, 9.309, 8.622, 7.787, 5.725, 3.525, 2.719, 3.074, 5.112, 5.444, 4.454, 4.135, 7.158, 9.175, 9.576, 8.516, 8.283, 8.973, 9.4, 9.002, 7.84, 6.43, 5.714, 6.167, 6.273, 5.321, 4.71, 4.269, 4.447, 4.858, 5.349, 5.802, 5.995, 6.76, 7.218, 7.057, 7.774, 9.164, 9.575, 8.622, 8.061, 8.813, 10.551, 12.944, 14.705, 14.626, 13.754, 12.851, 12.868, 12.037, 11.114, 10.908, 11.313, 11.159, 10.355, 10.106, 9.33, 8.316, 7.87, 7.733, 7.74, 7.991, 7.915], [8.584, 8.389, 8.644, 8.447, 7.18, 6.183, 7.022, 8.415, 9.194, 8.176, 7.914, 8.224, 7.773, 7.128, 7.003, 6.894, 6.591, 8.035, 10.134, 11.739, 10.993, 9.857, 9.723, 9.887, 10.149, 10.157, 9.659, 9.903, 11.421, 9.114, 5.62, 3.077, 1.946, 0.0, 2.495, 5.09, 6.882, 8.052, 8.54, 8.769, 8.639, 7.625, 6.988, 6.934, 6.657, 5.779, 4.755, 4.525, 4.433, 4.325, 3.763, 2.409, 2.442, 2.615, 3.435, 5.03, 6.365, 5.909, 4.549, 3.621, 3.693, 3.827, 3.525, 2.421, 2.967, 2.982, 1.947, 2.834, 3.126, 2.189, 1.73, 2.134, 3.743, 4.642, 5.471, 6.407, 7.194, 8.051, 8.636, 9