[[0.0, 2.351, 3.617, 2.814, 2.816, 3.977, 3.367, 2.236, 2.263, 3.023, 3.389, 3.062, 3.37, 3.83, 3.624, 3.266, 4.11, 3.669, 2.875, 3.819, 3.878, 3.649, 3.086, 3.115, 3.32, 2.638, 2.439, 4.739, 7.198, 7.912, 8.001, 7.601, 8.512, 10.295, 10.694, 9.003, 5.798, 4.266, 4.637, 2.971, 2.547, 3.135, 4.055, 7.104, 8.35, 8.118, 7.739, 8.815, 11.151, 12.565, 11.873, 11.662, 12.203, 12.1, 12.196, 11.875, 10.706, 10.984, 11.215, 11.36, 11.115, 10.304, 8.179, 5.379, 3.779, 3.18, 2.908, 2.817, 3.326, 3.235, 3.066, 2.499, 2.99, 3.757, 3.181, 3.417, 3.653, 3.29, 2.876, 3.1, 3.397, 4.047, 3.587, 3.459, 3.859, 4.978, 6.16, 5.145, 4.322, 5.406, 6.269, 5.021, 3.327, 3.768, 3.863, 4.972, 5.696, 5.436, 5.636, 5.213, 5.143, 6.632, 7.509, 6.908, 5.679, 5.561, 6.089, 6.256, 6.125, 5.92, 5.313, 6.007, 6.482, 6.693, 6.973, 7.529, 7.919, 8.996, 10.567, 11.411, 10.811, 10.235, 11.17, 12.399, 12.493, 10.459, 9.117, 8.009, 6.619, 6.588, 7.974, 7.57, 6.452, 7.957, 12.144, 13.202, 12.212, 11.532, 11.116, 10.911, 11.835, 13.082, 13.456, 13.103, 12.117, 11.69, 12.557, 14.07, 15.993, 15.583, 14.553, 14.62, 15.27, 14.497, 13.964, 13.451, 13.171, 13.073, 13.216, 13.031, 13.638, 13.27, 11.976, 12.058, 14.454, 14.673, 13.848, 14.762, 16.442, 17.556, 17.629, 17.214, 15.727, 12.814, 9.309, 8.617, 10.491, 11.916, 11.265, 11.275, 11.982, 11.702, 10.211, 9.745, 9.594, 10.227, 11.143, 11.066, 10.127, 7.884, 4.687, 4.452, 6.253, 4.833, 3.086, 5.235, 9.546, 11.534, 12.041, 11.309, 10.662, 10.154, 9.479, 9.054, 9.745, 9.052], [2.351, 0.0, 2.22, 2.416, 2.589, 3.169, 2.864, 3.264, 3.054, 3.025, 3.589, 4.194, 5.307, 5.634, 5.29, 5.136, 6.012, 5.614, 4.479, 5.478, 5.314, 4.253, 3.612, 4.159, 3.497, 2.796, 2.767, 3.583, 5.766, 6.272, 6.431, 6.128, 7.064, 8.859, 9.322, 7.583, 4.758, 3.254, 3.694, 2.522, 3.673, 4.12, 5.641, 8.985, 10.19, 9.887, 9.332, 10.471, 13.073, 14.489, 13.773, 13.498, 14.032, 13.923, 14.053, 13.754, 12.616, 12.893, 13.121, 13.264, 13.03, 12.228, 10.085, 7.277, 5.661, 4.444, 3.45, 3.041, 2.749, 3.028, 3.234, 2.923, 3.717, 4.968, 4.498, 3.843, 3.736, 3.971, 3.549, 3.259, 2.703, 3.133, 3.104, 3.573, 3.633, 4.223, 5.042, 4.249, 3.435, 4.192, 4.749, 3.728, 4.115, 4.564, 4.635, 5.734, 6.618, 6.069, 6.349, 5.871, 6.27, 8.154, 9.379, 8.814, 7.568, 7.434, 7.97, 8.164, 8.027, 7.796, 7.159, 7.889, 8.363, 8.6, 8.826, 9.435, 9.843, 10.876, 12.483, 13.334, 12.735, 12.118, 13.086, 14.323, 14.413, 12.383, 11.041, 9.908, 8.552, 8.492, 9.964, 9.592, 8.001, 9.906, 14.044, 15.119, 14.137, 13.433, 12.995, 12.814, 13.632, 15.005, 15.369, 15.023, 14.041, 13.611, 14.48, 15.987, 17.913, 17.503, 16.476, 16.543, 17.19, 16.421, 15.887, 15.374, 15.095, 14.998, 15.14, 14.937, 15.563, 15.184, 13.972, 13.973, 16.325, 16.515, 15.731, 16.673, 18.348, 19.447, 19.511, 19.116, 17.644, 14.728, 11.23, 10.526, 12.38, 13.797, 13.107, 13.183, 13.894, 13.626, 12.128, 11.693, 11.509, 12.069, 12.873, 12.852, 11.974, 9.579, 6.321, 6.06, 7.989, 6.431, 4.739, 7.152, 11.464, 13.45, 13.937, 12.913, 12.289, 12.02, 11.381, 10.976, 11.668, 10.967], [3.617, 2.22, 0.0, 1.904, 2.537, 1.632, 2.077, 4.152, 4.164, 2.954, 3.114, 3.95, 6.05, 6.785, 6.171, 6.282, 7.252, 6.604, 5.272, 6.224, 5.682, 4.119, 3.699, 4.539, 3.008, 2.613, 2.91, 2.047, 3.754, 4.36, 4.5, 4.117, 5.072, 6.875, 7.292, 5.585, 2.873, 1.685, 2.467, 2.883, 4.525, 5.296, 6.841, 10.229, 11.441, 11.138, 10.581, 11.722, 14.317, 15.752, 15.023, 14.779, 15.339, 15.269, 15.444, 15.05, 13.894, 14.158, 14.377, 14.52, 14.293, 13.472, 11.335, 8.688, 6.9, 5.677, 4.545, 3.446, 2.107, 2.866, 3.881, 3.847, 4.744, 6.159, 5.488, 4.519, 4.126, 4.274, 3.856, 3.064, 2.383, 2.334, 2.564, 3.284, 3.147, 2.585, 3.065, 2.442, 1.834, 2.224, 3.009, 2.56, 3.753, 4.488, 4.821, 6.245, 7.466, 7.271, 7.328, 6.981, 7.268, 9.251, 10.623, 10.065, 8.819, 8.674, 9.203, 9.415, 9.264, 9.048, 8.391, 9.123, 9.611, 9.846, 10.077, 10.681, 11.089, 12.12, 13.729, 14.58, 13.98, 13.368, 14.338, 15.569, 15.665, 13.654, 12.287, 11.188, 9.789, 9.734, 11.179, 10.807, 9.111, 11.153, 15.295, 16.368, 15.406, 14.719, 14.255, 14.098, 14.878, 16.265, 16.661, 16.276, 15.286, 14.858, 15.751, 17.232, 19.168, 18.757, 17.721, 17.788, 18.443, 17.667, 17.132, 16.619, 16.341, 16.244, 16.386, 16.2, 16.817, 16.455, 15.188, 15.227, 17.594, 17.784, 16.993, 17.95, 19.609, 20.738, 20.84, 20.408, 18.903, 15.989, 12.487, 11.826, 13.681, 15.073, 14.369, 14.463, 15.147, 14.882, 13.373, 12.915, 12.754, 13.269, 14.072, 14.046, 13.246, 10.772, 7.363, 7.219, 9.186, 7.637, 5.728, 8.377, 12.71, 14.695, 15.182, 14.13, 13.52, 13.271, 12.633, 12.224, 12.917, 12.208], [2.814, 2.416, 1.904, 0.0, 1.121, 1.603, 1.415, 2.487, 2.592, 1.665, 2.062, 2.667, 4.306, 5.106, 4.513, 4.523, 5.426, 4.707, 3.578, 4.612, 4.125, 3.093, 3.104, 3.474, 2.775, 2.093, 2.114, 2.418, 4.807, 5.538, 5.896, 5.171, 6.06, 7.778, 8.093, 6.662, 3.37, 2.044, 2.214, 1.93, 3.024, 3.707, 5.096, 8.507, 9.628, 9.337, 8.801, 9.875, 12.546, 13.999, 13.252, 13.003, 13.641, 13.896, 14.043, 13.418, 12.079, 12.35, 12.535, 12.676, 12.441, 11.628, 9.586, 7.326, 5.146, 3.807, 2.874, 1.908, 1.744, 2.525, 3.168, 2.74, 3.1, 4.356, 3.709, 2.811, 2.762, 2.659, 2.306, 1.959, 1.591, 2.049, 1.883, 2.396, 2.343, 2.63, 3.677, 2.635, 1.978, 3.345, 4.355, 3.346, 3.85, 4.637, 4.744, 6.205, 7.176, 7.056, 7.066, 6.838, 6.6, 8.24, 8.793, 8.166, 6.928, 6.921, 7.386, 7.664, 7.709, 7.511, 6.514, 7.388, 7.726, 8.115, 8.433, 8.873, 9.26, 10.334, 11.911, 12.689, 12.103, 11.519, 12.54, 13.739, 13.862, 11.877, 10.41, 9.587, 8.066, 7.966, 9.487, 9.281, 7.588, 9.679, 13.468, 14.524, 13.766, 13.006, 12.436, 12.414, 13.019, 14.472, 15.003, 14.491, 13.462, 13.005, 13.983, 15.414, 17.312, 16.897, 15.872, 15.919, 16.593, 15.787, 15.267, 14.742, 14.472, 14.502, 14.643, 14.56, 15.01, 14.727, 13.562, 13.416, 15.775, 15.961, 15.151, 16.159, 17.769, 18.922, 19.151, 18.617, 17.075, 14.213, 10.739, 10.225, 12.045, 13.279, 12.545, 12.686, 13.412, 13.078, 11.52, 11.083, 10.885, 11.439, 12.254, 12.214, 11.438, 8.989, 5.78, 5.497, 7.715, 6.514, 4.134, 6.789, 11.006, 12.825, 13.312, 12.288, 11.651, 11.372, 10.792, 10.367, 11.057, 10.489], [2.816, 2.589, 2.537, 1.121, 0.0, 1.78, 1.434, 2.015, 1.971, 1.475, 2.184, 2.723, 3.972, 4.612, 4.479, 4.13, 4.854, 4.256, 3.561, 4.497, 4.24, 3.29, 3.327, 3.697, 3.179, 2.42, 2.48, 2.797, 5.361, 6.147, 6.493, 5.787, 6.615, 8.258, 8.569, 7.15, 3.73, 2.385, 2.468, 2.026, 3.072, 3.562, 4.781, 7.971, 9.167, 8.938, 8.436, 9.506, 11.913, 13.33, 12.599, 12.399, 13.026, 13.281, 13.432, 12.777, 11.487, 11.713, 11.923, 12.044, 11.808, 10.971, 9.051, 6.802, 4.464, 3.158, 2.243, 1.508, 1.474, 1.831, 2.427, 2.461, 2.857, 3.782, 3.063, 2.219, 2.225, 2.464, 2.311, 1.872, 1.84, 2.237, 2.179, 2.531, 2.201, 2.61, 4.154, 2.798, 2.195, 3.894, 4.96, 3.906, 4.406, 5.156, 5.228, 6.69, 7.573, 7.375, 7.439, 7.207, 6.955, 8.391, 8.178, 7.534, 6.334, 6.341, 6.773, 7.037, 7.12, 6.917, 5.922, 6.793, 7.079, 7.444, 7.839, 8.24, 8.664, 9.742, 11.315, 12.056, 11.47, 10.934, 11.944, 13.138, 13.261, 11.239, 9.801, 8.948, 7.524, 7.351, 8.863, 8.638, 7.465, 9.083, 12.803, 13.87, 13.131, 12.387, 11.854, 11.745, 12.511, 13.841, 14.355, 13.82, 12.817, 12.369, 13.299, 14.763, 16.68, 16.269, 15.241, 15.292, 15.962, 15.159, 14.64, 14.114, 13.819, 13.836, 13.964, 13.905, 14.319, 14.072, 12.907, 12.813, 15.138, 15.351, 14.567, 15.492, 17.121, 18.289, 18.514, 17.95, 16.434, 13.618, 10.162, 9.65, 11.497, 12.61, 11.937, 12.095, 12.793, 12.413, 10.887, 10.487, 10.266, 10.866, 11.824, 11.7, 10.855, 8.544, 5.745, 5.299, 7.349, 6.466, 3.897, 6.174, 10.378, 12.192, 12.693, 11.97, 11.321, 10.759, 10.196, 9.771, 10.456, 9.849], [3.977, 3.169, 1.632, 1.603, 1.78, 0.0, 1.281, 3.289, 3.282, 2.128, 2.209, 2.974, 5.041, 5.894, 5.275, 5.358, 6.268, 5.584, 4.24, 5.222, 4.698, 3.331, 3.331, 3.835, 2.843, 2.359, 2.561, 1.982, 3.922, 4.802, 5.066, 4.37, 5.274, 6.9, 7.187, 5.802, 2.343, 1.544, 1.898, 2.435, 3.844, 4.501, 5.984, 9.42, 10.51, 10.17, 9.598, 10.721, 13.443, 14.839, 14.094, 13.876, 14.431, 14.658, 14.794, 14.169, 12.995, 13.204, 13.416, 13.538, 13.306, 12.491, 10.51, 8.202, 5.98, 4.659, 3.778, 2.832, 1.925, 2.747, 3.612, 3.52, 3.907, 5.252, 4.541, 3.646, 3.378, 3.369, 2.964, 2.179, 1.983, 2.052, 2.191, 2.641, 2.513, 1.889, 2.744, 1.953, 1.722, 2.59, 3.687, 3.187, 4.093, 4.82, 5.086, 6.609, 7.717, 7.657, 7.638, 7.418, 7.269, 9.062, 9.631, 9.046, 7.812, 7.753, 8.17, 8.452, 8.497, 8.31, 7.386, 8.175, 8.592, 8.892, 9.158, 9.679, 10.102, 11.161, 12.747, 13.569, 12.979, 12.363, 13.376, 14.578, 14.692, 12.67, 11.304, 10.306, 8.912, 8.783, 10.266, 10.006, 8.365, 10.476, 14.276, 15.351, 14.579, 13.782, 13.308, 13.183, 13.886, 15.308, 15.753, 15.336, 14.309, 13.882, 14.783, 16.249, 18.182, 17.771, 16.735, 16.794, 17.457, 16.662, 16.141, 15.616, 15.332, 15.316, 15.443, 15.278, 15.804, 15.459, 14.28, 14.247, 16.629, 16.822, 16.012, 16.977, 18.623, 19.784, 19.937, 19.439, 17.923, 15.044, 11.627, 11.057, 12.932, 14.1, 13.411, 13.547, 14.195, 13.903, 12.389, 11.925, 11.759, 12.293, 13.098, 13.068, 12.35, 9.872, 6.69, 6.296, 8.494, 7.363, 4.848, 7.549, 11.766, 13.705, 14.185, 13.131, 12.501, 12.252, 11.634, 11.209, 11.934, 11.287], [3.367, 2.864, 2.077, 1.415, 1.434, 1.281, 0.0, 2.279, 2.441, 1.438, 1.865, 2.654, 4.275, 5.243, 4.596, 4.407, 5.287, 4.675, 3.727, 4.725, 4.201, 3.074, 3.068, 3.381, 2.751, 2.166, 2.409, 2.499, 4.871, 5.714, 6.097, 5.358, 6.18, 7.821, 8.09, 6.759, 3.372, 2.238, 2.197, 2.337, 3.637, 4.07, 5.365, 8.633, 9.717, 9.359, 8.721, 9.777, 12.577, 14.018, 13.233, 13.017, 13.485, 13.81, 13.951, 13.364, 12.093, 12.291, 12.469, 12.594, 12.396, 11.602, 9.589, 7.436, 5.183, 3.856, 3.165, 2.245, 1.867, 2.428, 3.243, 3.329, 3.382, 4.388, 3.749, 3.107, 3.046, 2.683, 2.593, 2.188, 2.03, 2.201, 2.235, 2.66, 2.587, 2.5, 3.599, 2.699, 2.347, 3.427, 4.504, 3.746, 3.874, 4.671, 4.925, 6.371, 7.399, 7.25, 7.294, 6.99, 6.81, 8.598, 8.706, 8.099, 6.917, 6.91, 7.383, 7.631, 7.655, 7.635, 6.544, 7.29, 7.658, 8.083, 8.338, 8.773, 9.145, 10.212, 11.795, 12.613, 12.035, 11.423, 12.405, 13.649, 13.731, 11.775, 10.394, 9.482, 8.076, 7.794, 9.342, 9.116, 7.761, 9.628, 13.403, 14.416, 13.818, 12.958, 12.449, 12.391, 12.944, 14.38, 14.957, 14.465, 13.394, 12.969, 13.927, 15.358, 17.25, 16.809, 15.779, 15.832, 16.506, 15.7, 15.18, 14.654, 14.415, 14.476, 14.612, 14.406, 14.946, 14.633, 13.365, 13.359, 15.718, 15.932, 15.086, 16.066, 17.695, 18.876, 19.109, 18.528, 17.0, 14.093, 10.784, 10.298, 12.142, 13.189, 12.492, 12.709, 13.293, 13.0, 11.427, 10.973, 10.8, 11.432, 12.254, 12.186, 11.504, 9.046, 6.13, 5.538, 7.777, 6.844, 4.186, 6.547, 10.848, 12.786, 13.264, 12.342, 11.654, 11.306, 10.666, 10.284, 11.021, 10.337], [2.236, 3.264, 4.152, 2.487, 2.015, 3.289, 2.279, 0.0, 1.131, 1.599, 2.136, 2.267, 2.56, 3.353, 2.993, 2.506, 3.246, 2.763, 2.188, 3.165, 3.173, 2.936, 2.701, 2.523, 3.299, 2.462, 2.159, 4.286, 7.087, 7.95, 8.304, 7.594, 8.366, 10.014, 10.327, 8.973, 5.432, 4.116, 3.713, 2.224, 2.309, 2.644, 3.703, 6.672, 7.855, 7.492, 6.999, 7.949, 10.412, 11.869, 11.075, 10.868, 11.279, 11.632, 11.764, 11.165, 9.925, 10.117, 10.323, 10.414, 10.187, 9.433, 7.547, 5.451, 3.125, 2.064, 1.996, 1.839, 2.966, 2.876, 2.217, 1.92, 1.775, 2.476, 1.924, 1.856, 2.112, 1.962, 1.693, 2.083, 2.711, 3.325, 2.911, 2.528, 2.749, 4.078, 5.705, 4.47, 3.992, 5.587, 6.689, 5.463, 3.924, 4.802, 4.588, 5.764, 6.345, 6.06, 6.227, 5.882, 5.567, 6.955, 6.567, 5.995, 4.879, 5.078, 5.447, 5.558, 5.624, 5.763, 4.547, 5.274, 5.634, 5.904, 6.188, 6.613, 6.959, 7.996, 9.626, 10.451, 9.851, 9.282, 10.205, 11.455, 11.547, 9.558, 8.262, 7.285, 5.992, 5.644, 7.183, 6.988, 6.096, 7.597, 11.244, 12.258, 11.636, 10.753, 10.292, 10.228, 10.857, 12.203, 12.774, 12.281, 11.198, 10.82, 11.732, 13.149, 15.04, 14.616, 13.582, 13.648, 14.303, 13.528, 12.991, 12.48, 12.263, 12.302, 12.416, 12.169, 12.76, 12.405, 11.191, 11.206, 13.522, 13.745, 12.9, 13.871, 15.534, 16.674, 16.917, 16.331, 14.794, 11.892, 8.623, 8.181, 10.042, 11.0, 10.33, 10.544, 11.099, 10.772, 9.261, 8.784, 8.631, 9.253, 10.285, 10.073, 9.372, 7.023, 4.501, 3.906, 5.847, 5.158, 2.65, 4.377, 8.629, 10.611, 11.065, 10.402, 9.776, 9.187, 8.523, 8.106, 8.836, 8.122], [2.263, 3.054, 4.164, 2.592, 1.971, 3.282, 2.441, 1.131, 0.0, 1.663, 2.202, 2.496, 2.799, 3.435, 3.404, 2.706, 3.428, 3.185, 2.562, 3.57, 3.701, 3.472, 3.234, 3.12, 3.587, 2.74, 2.675, 4.375, 7.117, 8.035, 8.315, 7.631, 8.426, 10.079, 10.44, 9.031, 5.478, 4.124, 3.879, 2.54, 2.747, 3.106, 3.837, 6.652, 7.996, 7.754, 7.337, 8.277, 10.375, 11.766, 11.083, 10.912, 11.279, 11.583, 11.65, 11.114, 9.891, 10.13, 10.321, 10.476, 10.196, 9.401, 7.52, 5.337, 3.118, 2.244, 1.947, 1.964, 2.961, 2.746, 2.285, 2.27, 2.231, 2.767, 2.379, 2.157, 2.359, 2.477, 2.417, 2.323, 3.002, 3.495, 3.163, 2.963, 2.928, 4.214, 5.823, 4.598, 4.031, 5.628, 6.702, 5.474, 4.302, 5.038, 4.926, 6.174, 6.578, 6.237, 6.458, 6.136, 5.86, 7.062, 6.673, 6.094, 4.917, 5.144, 5.413, 5.524, 5.564, 5.767, 4.634, 5.32, 5.727, 5.935, 6.31, 6.689, 7.002, 8.146, 9.673, 10.509, 9.868, 9.289, 10.222, 11.454, 11.553, 9.56, 8.225, 7.195, 5.927, 5.71, 7.153, 7.036, 6.233, 7.503, 11.294, 12.277, 11.53, 10.7, 10.349, 10.174, 11.076, 12.213, 12.668, 12.238, 11.158, 10.768, 11.741, 13.137, 15.04, 14.628, 13.6, 13.662, 14.313, 13.542, 13.02, 12.489, 12.252, 12.226, 12.339, 12.102, 12.701, 12.342, 11.116, 11.24, 13.59, 13.781, 12.973, 13.868, 15.511, 16.662, 16.831, 16.289, 14.779, 11.876, 8.551, 8.048, 9.875, 11.032, 10.408, 10.459, 11.079, 10.766, 9.259, 8.826, 8.652, 9.326, 10.379, 10.242, 9.371, 7.158, 4.721, 4.152, 5.875, 5.237, 3.03, 4.427, 8.612, 10.6, 11.161, 10.631, 9.996, 9.368, 8.566, 8.114, 8.82, 8.09], [3.023, 3.025, 2.954, 1.665, 1.475, 2.128, 1.438, 1.599, 1.663, 0.0, 1.247, 1.855, 3.309, 4.242, 3.676, 3.441, 4.392, 3.719, 2.815, 3.824, 3.459, 2.65, 2.489, 2.857, 2.756, 1.951, 2.095, 3.201, 5.877, 6.788, 7.099, 6.389, 7.189, 8.832, 9.182, 7.784, 4.224, 2.919, 2.599, 2.221, 2.989, 3.413, 4.562, 7.843, 9.01, 8.668, 8.086, 9.065, 11.6, 13.037, 12.204, 11.993, 12.437, 12.772, 12.931, 12.302, 11.129, 11.334, 11.519, 11.603, 11.39, 10.616, 8.742, 6.603, 4.282, 3.092, 2.452, 1.834, 2.106, 2.623, 2.999, 2.702, 2.527, 3.399, 2.833, 2.405, 2.305, 1.897, 1.727, 1.706, 2.221, 2.458, 2.157, 2.173, 2.311, 2.957, 4.559, 3.315, 2.819, 4.389, 5.479, 4.283, 3.779, 4.453, 4.564, 5.945, 6.933, 6.722, 6.845, 6.535, 6.263, 7.768, 7.688, 7.195, 6.083, 6.208, 6.631, 6.758, 6.817, 6.902, 5.663, 6.446, 6.829, 7.086, 7.313, 7.764, 8.161, 9.176, 10.791, 11.64, 11.04, 10.428, 11.394, 12.63, 12.729, 10.755, 9.476, 8.426, 7.179, 6.851, 8.377, 8.18, 6.957, 8.809, 12.43, 13.443, 12.81, 11.949, 11.432, 11.399, 12.015, 13.4, 13.942, 13.446, 12.374, 12.042, 12.869, 14.314, 16.218, 15.805, 14.768, 14.84, 15.49, 14.719, 14.183, 13.667, 13.474, 13.426, 13.534, 13.31, 13.896, 13.548, 12.346, 12.32, 14.695, 14.884, 14.076, 15.048, 16.713, 17.846, 18.041, 17.493, 15.968, 13.079, 9.792, 9.339, 11.204, 12.19, 11.498, 11.728, 12.29, 11.938, 10.447, 9.973, 9.803, 10.354, 11.27, 11.149, 10.542, 8.072, 5.257, 4.792, 6.767, 5.994, 3.418, 5.547, 9.835, 11.803, 12.247, 11.273, 10.652, 10.362, 9.712, 9.286, 10.002, 9.256], [3.389, 3.589, 3.114, 2.062, 2.184, 2.209, 1.865, 2.136, 2.202, 1.247, 0.0, 1.436, 3.743, 4.763, 4.032, 3.897, 4.932, 4.291, 2.999, 3.895, 3.497, 2.09, 2.27, 2.738, 2.18, 1.812, 2.133, 2.587, 5.368, 6.239, 6.594, 5.863, 6.618, 8.27, 8.616, 7.237, 3.768, 2.486, 2.068, 2.201, 3.146, 3.855, 5.014, 8.389, 9.506, 9.163, 8.538, 9.509, 12.14, 13.609, 12.786, 12.551, 13.042, 13.37, 13.523, 12.918, 11.659, 11.865, 12.046, 12.144, 11.936, 11.164, 9.255, 7.159, 4.854, 3.8, 3.157, 2.544, 2.71, 3.408, 3.781, 3.295, 3.051, 4.134, 3.598, 3.144, 3.031, 2.531, 2.118, 1.67, 2.229, 2.19, 1.652, 1.634, 2.022, 3.129, 3.993, 2.912, 2.758, 3.869, 4.971, 3.742, 2.998, 3.707, 4.096, 5.614, 6.558, 6.627, 6.778, 6.401, 6.451, 7.968, 8.269, 7.744, 6.603, 6.678, 7.154, 7.307, 7.385, 7.41, 6.193, 7.027, 7.346, 7.685, 7.935, 8.342, 8.716, 9.755, 11.359, 12.209, 11.609, 10.996, 11.962, 13.201, 13.3, 11.362, 10.011, 9.02, 7.723, 7.413, 8.908, 8.718, 7.311, 9.319, 13.036, 14.046, 13.408, 12.521, 11.99, 11.989, 12.554, 13.96, 14.534, 14.008, 12.952, 12.574, 13.478, 14.883, 16.777, 16.364, 15.328, 15.399, 16.049, 15.278, 14.742, 14.226, 14.014, 14.034, 14.156, 13.937, 14.505, 14.171, 12.916, 12.881, 15.266, 15.457, 14.653, 15.647, 17.27, 18.419, 18.655, 18.093, 16.565, 13.638, 10.331, 9.914, 11.775, 12.762, 12.047, 12.258, 12.873, 12.542, 11.005, 10.541, 10.362, 10.924, 11.771, 11.714, 11.073, 8.593, 5.615, 5.283, 7.285, 6.398, 3.881, 6.155, 10.424, 12.35, 12.817, 11.776, 11.171, 10.944, 10.284, 9.854, 10.572, 9.843], [3.062, 4.194, 3.95, 2.667, 2.723, 2.974, 2.654, 2.267, 2.496, 1.855, 1.436, 0.0, 2.621, 4.092, 3.646, 3.188, 4.101, 3.488, 2.503, 3.295, 3.025, 2.035, 2.155, 2.49, 2.444, 2.032, 2.159, 3.67, 6.413, 7.228, 7.606, 6.872, 7.619, 9.282, 9.593, 8.248, 4.754, 3.426, 2.894, 2.612, 2.533, 3.343, 4.438, 7.687, 9.011, 8.657, 8.085, 9.022, 11.251, 12.654, 11.818, 11.688, 12.121, 12.626, 12.61, 11.902, 10.696, 10.99, 11.112, 11.235, 10.946, 10.213, 8.607, 6.413, 3.978, 3.084, 2.649, 2.253, 3.259, 3.742, 4.051, 3.168, 2.596, 3.499, 2.829, 2.813, 2.797, 2.057, 1.715, 1.586, 2.653, 2.783, 2.203, 1.609, 2.33, 3.794, 4.982, 3.733, 3.482, 4.889, 5.991, 4.755, 3.087, 3.582, 3.89, 5.403, 6.389, 6.376, 6.453, 6.174, 6.115, 7.672, 7.208, 6.656, 5.771, 6.188, 6.403, 6.445, 6.668, 6.839, 5.137, 5.993, 6.411, 6.696, 7.004, 7.377, 7.652, 8.676, 10.233, 11.055, 10.433, 9.864, 10.827, 12.038, 12.173, 10.25, 9.052, 8.178, 7.033, 6.484, 8.205, 8.146, 6.864, 8.607, 11.927, 12.979, 12.46, 11.593, 11.191, 11.17, 11.697, 12.9, 13.555, 12.935, 11.85, 11.59, 12.609, 13.83, 15.647, 15.213, 14.177, 14.251, 14.905, 14.118, 13.593, 13.069, 12.995, 13.006, 13.06, 12.876, 13.431, 13.25, 12.075, 12.069, 14.343, 14.397, 13.557, 14.478, 16.132, 17.265, 17.591, 16.954, 15.42, 12.597, 9.563, 9.182, 10.981, 11.745, 11.229, 11.34, 11.932, 11.388, 9.876, 9.394, 9.229, 9.868, 11.021, 10.85, 10.361, 7.789, 5.112, 4.834, 6.74, 6.063, 3.507, 5.126, 9.451, 11.274, 11.952, 11.058, 10.368, 9.876, 9.187, 8.723, 9.432, 8.806], [3.37, 5.307, 6.05, 4.306, 3.972, 5.041, 4.275, 2.56, 2.799, 3.309, 3.743, 2.621, 0.0, 1.954, 1.942, 1.249, 1.894, 1.544, 1.599, 1.935, 2.189, 3.629, 3.386, 2.387, 4.697, 3.902, 3.454, 6.135, 8.888, 9.667, 10.059, 9.319, 10.038, 11.716, 12.011, 10.687, 7.223, 5.86, 5.299, 3.907, 2.286, 2.438, 2.86, 5.476, 6.88, 6.599, 6.126, 6.994, 9.034, 10.374, 9.621, 9.579, 10.005, 10.542, 10.347, 9.627, 8.415, 8.754, 8.9, 9.012, 8.615, 7.951, 6.41, 4.183, 1.884, 2.186, 3.018, 3.13, 4.778, 4.827, 4.107, 3.121, 2.197, 2.42, 1.813, 2.507, 2.927, 2.58, 2.457, 3.402, 4.379, 4.98, 4.577, 3.756, 4.203, 5.736, 7.43, 6.156, 5.685, 7.362, 8.472, 7.232, 4.452, 4.249, 3.771, 4.597, 5.004, 4.908, 4.883, 4.703, 4.509, 6.0, 5.0, 4.367, 3.502, 4.012, 4.064, 4.133, 4.518, 4.642, 2.817, 3.624, 4.096, 4.475, 5.013, 5.236, 5.34, 6.491, 7.836, 8.569, 7.97, 7.644, 8.385, 9.679, 9.785, 7.954, 6.781, 5.991, 4.878, 4.268, 6.014, 5.95, 5.136, 6.377, 9.545, 10.603, 10.095, 9.309, 9.089, 9.022, 9.545, 10.603, 11.231, 10.582, 9.498, 9.28, 10.376, 11.506, 13.182, 12.737, 11.712, 11.765, 12.457, 11.632, 11.108, 10.597, 10.732, 10.755, 10.667, 10.498, 11.058, 11.021, 9.808, 9.941, 12.163, 12.176, 11.329, 12.122, 13.714, 14.955, 15.296, 14.578, 12.98, 10.222, 7.342, 6.971, 8.743, 9.563, 9.078, 9.123, 9.632, 9.047, 7.515, 6.937, 6.872, 7.699, 9.078, 8.848, 8.256, 5.921, 3.23, 2.741, 4.775, 4.148, 2.117, 2.867, 7.14, 8.947, 9.793, 9.09, 8.394, 7.658, 6.762, 6.336, 7.031, 6.496], [3.83, 5.634, 6.785, 5.106, 4.612, 5.894, 5.243, 3.353, 3.435, 4.242, 4.763, 4.092, 1.954, 0.0, 1.38, 1.594, 1.434, 1.666, 2.109, 1.69, 2.094, 4.23, 3.937, 2.962, 5.493, 4.617, 4.338, 7.036, 9.65, 10.507, 10.754, 10.096, 10.885, 12.573, 12.957, 11.449, 8.096, 6.591, 6.343, 4.806, 2.887, 2.654, 2.166, 3.769, 5.199, 4.939, 4.5, 5.483, 7.648, 9.081, 8.398, 8.175, 8.78, 8.967, 9.117, 8.493, 7.253, 7.504, 7.69, 7.829, 7.555, 6.718, 4.888, 2.608, 1.982, 3.095, 4.292, 4.518, 5.56, 5.584, 4.671, 3.67, 3.22, 2.916, 2.84, 4.002, 4.148, 3.857, 3.435, 4.523, 5.389, 6.03, 5.523, 4.97, 5.293, 6.839, 8.511, 7.075, 6.448, 8.146, 9.21, 7.962, 5.122, 4.384, 3.603, 3.507, 3.471, 3.234, 3.375, 3.064, 2.823, 4.167, 3.957, 3.321, 2.282, 2.718, 3.257, 3.405, 3.558, 3.558, 2.309, 2.774, 2.959, 3.131, 3.598, 4.034, 4.419, 5.55, 7.07, 7.818, 7.216, 6.699, 7.692, 8.885, 9.008, 6.944, 5.563, 4.681, 3.264, 3.115, 4.575, 4.398, 3.406, 4.814, 8.542, 9.605, 8.752, 8.079, 7.694, 7.453, 8.375, 9.596, 10.069, 9.56, 8.555, 8.138, 9.043, 10.51, 12.427, 12.016, 10.981, 11.04, 11.702, 10.906, 10.387, 9.862, 9.566, 9.557, 9.656, 9.612, 10.061, 9.792, 8.618, 8.61, 10.91, 11.143, 10.372, 11.246, 12.869, 14.023, 14.213, 13.704, 12.173, 9.365, 5.887, 5.356, 7.186, 8.396, 7.746, 7.842, 8.508, 8.134, 6.632, 6.245, 6.006, 6.603, 7.647, 7.531, 6.688, 4.383, 1.781, 1.539, 3.056, 2.606, 2.205, 2.669, 6.079, 7.938, 8.479, 7.751, 7.098, 6.627, 5.958, 5.526, 6.201, 5.606], [3.624, 5.29, 6.171, 4.513, 4.479, 5.275, 4.596, 2.993, 3.404, 3.676, 4.032, 3.646, 1.942, 1.38, 0.0, 1.47, 1.667, 1.422, 1.759, 1.584, 1.673, 3.667, 3.15, 2.199, 4.78, 3.966, 3.56, 6.298, 9.054, 9.931, 10.282, 9.542, 10.325, 11.976, 12.323, 10.931, 7.383, 6.13, 5.783, 4.273, 2.672, 2.253, 2.402, 4.58, 5.616, 5.26, 4.7, 5.719, 8.398, 9.825, 9.011, 8.799, 9.28, 9.604, 9.756, 9.142, 7.927, 8.121, 8.316, 8.408, 8.183, 7.407, 5.471, 3.412, 2.393, 3.305, 4.405, 4.468, 5.42, 5.632, 4.722, 3.662, 2.838, 3.159, 2.855, 3.961, 4.088, 3.696, 2.988, 4.226, 4.738, 5.38, 4.992, 4.459, 5.106, 6.42, 7.738, 6.584, 6.051, 7.554, 8.672, 7.438, 4.469, 3.847, 3.18, 3.481, 3.54, 3.293, 3.523, 3.077, 2.825, 4.248, 4.52, 4.015, 3.052, 3.075, 3.602, 3.819, 4.174, 4.137, 2.92, 3.429, 3.637, 3.879, 4.108, 4.54, 4.955, 5.992, 7.596, 8.422, 7.835, 7.216, 8.205, 9.445, 9.532, 7.585, 6.248, 5.232, 3.934, 3.624, 5.164, 4.942, 3.522, 5.545, 9.205, 10.229, 9.616, 8.758, 8.219, 8.187, 8.774, 10.215, 10.747, 10.256, 9.202, 8.819, 9.697, 11.135, 13.023, 12.612, 11.583, 11.635, 12.304, 11.503, 10.983, 10.457, 10.242, 10.246, 10.378, 10.145, 10.685, 10.372, 9.148, 9.111, 11.521, 11.704, 10.875, 11.871, 13.516, 14.677, 14.879, 14.326, 12.807, 9.891, 6.589, 6.13, 7.997, 9.002, 8.305, 8.522, 9.1, 8.771, 7.253, 6.774, 6.6, 7.179, 8.017, 7.967, 7.33, 4.839, 2.174, 1.801, 3.544, 2.894, 2.021, 3.032, 6.666, 8.595, 9.058, 8.057, 7.388, 7.134, 6.481, 6.061, 6.827, 6.074], [3.266, 5.136, 6.282, 4.523, 4.13, 5.358, 4.407, 2.506, 2.706, 3.441, 3.897, 3.188, 1.249, 1.594, 1.47, 0.0, 1.26, 1.319, 1.569, 1.735, 2.199, 3.736, 3.46, 2.454, 4.841, 4.07, 3.65, 6.357, 9.185, 10.021, 10.413, 9.673, 10.393, 12.07, 12.367, 11.041, 7.514, 6.214, 5.669, 4.236, 2.255, 2.064, 2.264, 4.817, 6.043, 5.767, 5.281, 6.152, 8.511, 9.972, 9.167, 8.917, 9.339, 9.755, 9.868, 9.228, 7.989, 8.216, 8.368, 8.478, 8.228, 7.489, 5.723, 3.566, 1.492, 2.204, 3.444, 3.626, 5.081, 4.912, 4.087, 2.949, 1.989, 2.065, 2.085, 3.141, 3.363, 3.06, 2.671, 3.833, 4.731, 5.336, 4.931, 4.157, 4.663, 6.136, 7.789, 6.513, 6.058, 7.701, 8.803, 7.569, 4.594, 4.348, 3.741, 4.614, 4.551, 4.434, 4.347, 4.012, 3.818, 5.027, 4.527, 3.884, 2.913, 3.204, 3.541, 3.656, 3.844, 3.96, 2.491, 3.181, 3.545, 3.969, 4.252, 4.599, 4.905, 6.001, 7.534, 8.371, 7.774, 7.16, 8.145, 9.395, 9.496, 7.581, 6.291, 5.416, 4.193, 3.651, 5.233, 5.122, 4.162, 5.648, 9.214, 10.244, 9.734, 8.887, 8.471, 8.381, 8.835, 10.234, 10.872, 10.299, 9.176, 8.858, 9.833, 11.183, 12.983, 12.541, 11.516, 11.564, 12.237, 11.432, 10.911, 10.386, 10.274, 10.343, 10.435, 10.185, 10.742, 10.514, 9.135, 9.272, 11.574, 11.707, 10.863, 11.875, 13.484, 14.628, 14.957, 14.324, 12.78, 9.872, 6.776, 6.424, 8.247, 9.032, 8.41, 8.63, 9.181, 8.779, 7.204, 6.719, 6.532, 7.183, 8.343, 8.138, 7.549, 5.165, 2.615, 2.0, 3.852, 3.243, 1.719, 2.553, 6.717, 8.584, 9.16, 8.338, 7.636, 7.1, 6.405, 6.025, 6.804, 6.098], [4.11, 6.012, 7.252, 5.426, 4.854, 6.268, 5.287, 3.246, 3.428, 4.392, 4.932, 4.101, 1.894, 1.434, 1.667, 1.26, 0.0, 1.562, 2.359, 1.873, 2.439, 4.623, 4.312, 3.249, 5.865, 5.052, 4.625, 7.328, 10.095, 10.931, 11.322, 10.583, 11.296, 12.98, 13.261, 11.951, 8.424, 7.124, 6.549, 5.155, 3.206, 2.418, 2.02, 3.908, 5.172, 4.921, 4.497, 5.373, 7.628, 9.092, 8.337, 8.062, 8.459, 8.939, 9.008, 8.337, 7.091, 7.29, 7.436, 7.533, 7.354, 6.608, 4.835, 2.697, 1.602, 2.49, 3.937, 4.236, 5.926, 5.606, 4.497, 3.888, 2.836, 2.285, 2.564, 3.766, 3.989, 3.867, 3.632, 4.805, 5.604, 6.219, 5.84, 5.152, 5.52, 7.051, 8.658, 7.429, 6.988, 8.616, 9.712, 8.479, 5.556, 5.074, 4.321, 4.723, 4.367, 4.152, 4.124, 3.687, 3.559, 4.633, 3.81, 2.944, 2.126, 2.382, 2.921, 2.956, 3.094, 3.285, 1.852, 2.29, 2.708, 3.121, 3.482, 3.738, 4.031, 5.151, 6.539, 7.384, 6.759, 6.295, 7.124, 8.396, 8.514, 6.681, 5.376, 4.608, 3.353, 2.857, 4.47, 4.344, 3.765, 4.86, 8.273, 9.345, 8.861, 8.008, 7.618, 7.505, 7.912, 9.352, 9.993, 9.393, 8.268, 7.975, 8.932, 10.292, 12.016, 11.534, 10.509, 10.595, 11.271, 10.424, 9.926, 9.378, 9.394, 9.443, 9.48, 9.243, 9.848, 9.627, 8.356, 8.314, 10.702, 10.811, 9.913, 10.94, 12.532, 13.662, 14.037, 13.411, 11.791, 8.969, 5.872, 5.52, 7.344, 8.187, 7.464, 7.752, 8.31, 7.821, 6.242, 5.781, 5.595, 6.386, 7.787, 7.414, 6.712, 4.558, 2.355, 1.841, 3.518, 2.933, 2.069, 1.964, 5.837, 7.697, 8.216, 7.8, 7.142, 6.347, 5.498, 5.055, 5.837, 5.238], [3.669, 5.614, 6.604, 4.707, 4.256, 5.584, 4.675, 2.763, 3.185, 3.719, 4.291, 3.488, 1.544, 1.666, 1.422, 1.319, 1.562, 0.0, 1.598, 1.57, 2.032, 3.635, 3.493, 2.688, 5.217, 4.404, 3.977, 6.68, 9.433, 10.176, 10.537, 9.858, 10.486, 12.163, 12.438, 11.134, 7.768, 6.403, 5.725, 4.352, 2.493, 2.266, 2.546, 4.807, 5.927, 5.536, 5.041, 5.892, 8.276, 9.742, 8.912, 8.681, 9.285, 9.716, 9.837, 9.143, 7.818, 7.91, 7.99, 8.07, 7.993, 7.276, 5.649, 3.555, 1.96, 2.633, 3.764, 3.808, 5.251, 5.339, 4.501, 3.508, 2.52, 2.185, 1.918, 3.267, 3.468, 2.964, 2.849, 3.958, 4.717, 5.469, 5.119, 4.367, 4.805, 6.332, 7.988, 6.677, 6.222, 7.945, 9.026, 7.78, 4.909, 4.511, 3.913, 4.534, 4.472, 4.308, 4.508, 3.911, 3.71, 5.181, 4.631, 3.831, 3.187, 3.517, 3.828, 3.884, 4.17, 4.221, 2.916, 3.536, 3.609, 3.926, 4.205, 4.506, 4.83, 5.946, 7.454, 7.985, 7.512, 7.023, 8.001, 9.232, 9.347, 7.481, 5.988, 5.311, 4.062, 3.64, 5.257, 5.138, 4.225, 5.769, 9.07, 10.083, 9.584, 8.767, 8.247, 8.163, 8.572, 10.125, 10.76, 10.122, 8.962, 8.581, 9.657, 10.956, 12.693, 12.212, 11.192, 11.269, 11.927, 11.087, 10.589, 10.057, 10.08, 10.189, 10.256, 10.142, 10.553, 10.355, 9.201, 9.134, 11.276, 11.467, 10.647, 11.638, 13.223, 14.403, 14.851, 14.086, 12.497, 9.759, 6.637, 6.254, 8.07, 8.825, 8.045, 8.515, 9.122, 8.57, 6.879, 6.544, 6.197, 6.958, 8.198, 7.822, 7.352, 4.964, 2.615, 2.329, 4.095, 3.679, 1.989, 2.757, 6.65, 8.364, 8.782, 8.051, 7.375, 6.84, 6.292, 5.919, 6.667, 6.075], [2.875, 4.479, 5.272, 3.578, 3.561, 4.24, 3.727, 2.188, 2.562, 2.815, 2.999, 2.503, 1.599, 2.109, 1.759, 1.569, 2.359, 1.598, 0.0, 1.451, 1.719, 2.628, 2.475, 1.56, 3.833, 3.02, 2.622, 5.296, 8.048, 8.798, 9.152, 8.474, 9.108, 10.798, 11.105, 9.769, 6.387, 5.019, 4.533, 3.027, 1.668, 2.284, 2.763, 5.648, 6.747, 6.337, 5.817, 6.714, 9.343, 10.794, 10.02, 9.777, 10.434, 10.784, 10.91, 10.292, 8.888, 9.04, 9.265, 9.378, 9.134, 8.361, 6.582, 4.482, 2.253, 2.763, 3.387, 3.472, 4.361, 4.825, 3.971, 3.039, 2.388, 2.805, 2.197, 3.097, 3.214, 2.689, 1.987, 2.992, 3.569, 4.227, 3.869, 3.297, 3.779, 5.186, 6.658, 5.361, 4.877, 6.548, 7.641, 6.395, 3.536, 3.325, 2.948, 4.118, 4.595, 4.417, 4.482, 4.12, 3.94, 5.551, 5.665, 4.957, 3.895, 4.129, 4.524, 4.652, 4.795, 4.781, 3.662, 4.52, 4.668, 4.957, 5.26, 5.669, 6.03, 7.131, 8.741, 9.369, 8.806, 8.277, 9.296, 10.496, 10.619, 8.661, 7.145, 6.384, 4.996, 4.791, 6.332, 6.174, 4.813, 6.756, 10.285, 11.274, 10.646, 9.837, 9.292, 9.208, 9.78, 11.269, 11.832, 11.243, 10.173, 9.731, 10.741, 12.115, 14.01, 13.592, 12.563, 12.62, 13.284, 12.472, 11.958, 11.433, 11.19, 11.311, 11.411, 11.338, 11.744, 11.504, 10.355, 10.2, 12.466, 12.678, 11.909, 12.867, 14.459, 15.62, 15.99, 15.319, 13.767, 10.976, 7.642, 7.175, 9.012, 9.982, 9.267, 9.548, 10.228, 9.77, 8.205, 7.838, 7.576, 8.127, 9.027, 8.93, 8.311, 5.853, 2.814, 2.678, 4.789, 3.849, 2.105, 3.792, 7.777, 9.519, 10.007, 8.979, 8.373, 8.125, 7.553, 7.127, 7.835, 7.266], [3.819, 5.478, 6.224, 4.612, 4.497, 5.222, 4.725, 3.165, 3.57, 3.824, 3.895, 3.295, 1.935, 1.69, 1.584, 1.735, 1.873, 1.57, 1.451, 0.0, 1.164, 3.335, 3.187, 2.21, 4.743, 3.989, 3.641, 6.197, 8.95, 9.693, 10.06, 9.375, 10.058, 11.724, 11.998, 10.688, 7.285, 5.92, 5.402, 3.959, 2.273, 2.321, 1.996, 4.746, 5.893, 5.539, 5.018, 5.965, 8.481, 9.948, 9.163, 8.927, 9.55, 9.884, 10.045, 9.377, 7.994, 8.198, 8.369, 8.484, 8.281, 7.482, 5.734, 3.67, 2.41, 3.151, 4.27, 4.338, 5.328, 5.733, 4.803, 3.585, 2.825, 2.96, 2.721, 3.871, 3.942, 3.482, 2.82, 3.779, 4.43, 5.054, 4.746, 4.164, 4.538, 6.086, 7.554, 6.203, 5.804, 7.472, 8.543, 7.297, 4.447, 4.218, 3.491, 3.746, 3.738, 3.726, 3.693, 3.274, 3.208, 4.744, 4.764, 3.995, 2.978, 3.27, 3.996, 4.015, 3.877, 3.867, 2.795, 3.582, 3.71, 4.044, 4.407, 4.786, 5.121, 6.231, 7.788, 8.468, 7.887, 7.382, 8.376, 9.582, 9.703, 7.76, 6.259, 5.543, 4.172, 3.86, 5.436, 5.262, 3.974, 5.842, 9.357, 10.371, 9.781, 8.967, 8.404, 8.355, 8.95, 10.364, 10.942, 10.377, 9.283, 8.855, 9.854, 11.263, 13.127, 12.684, 11.659, 11.723, 12.395, 11.57, 11.058, 10.529, 10.317, 10.439, 10.53, 10.473, 10.88, 10.64, 9.475, 9.344, 11.581, 11.805, 11.014, 11.984, 13.565, 14.735, 15.109, 14.458, 12.867, 10.089, 6.771, 6.341, 8.194, 9.115, 8.37, 8.701, 9.354, 8.919, 7.303, 6.919, 6.673, 7.235, 8.185, 8.03, 7.469, 5.04, 2.099, 2.176, 3.93, 3.09, 1.856, 2.748, 6.891, 8.649, 9.104, 8.136, 7.537, 7.22, 6.657, 6.25, 6.935, 6.402], [3.878, 5.314, 5.682, 4.125, 4.24, 4.698, 4.201, 3.173, 3.701, 3.459, 3.497, 3.025, 2.189, 2.094, 1.673, 2.199, 2.439, 2.032, 1.719, 1.164, 0.0, 2.907, 2.677, 1.911, 4.228, 3.43, 3.031, 5.691, 8.444, 9.187, 9.567, 8.87, 9.574, 11.247, 11.515, 10.195, 6.786, 5.437, 4.928, 3.668, 2.452, 2.536, 2.376, 5.144, 6.266, 5.878, 5.248, 6.217, 8.969, 10.43, 9.633, 9.386, 10.02, 10.369, 10.501, 9.846, 8.468, 8.651, 8.853, 8.977, 8.752, 7.981, 6.169, 4.125, 2.934, 3.54, 4.389, 4.093, 4.982, 5.47, 5.045, 3.929, 3.08, 3.376, 2.97, 3.828, 3.776, 3.208, 2.436, 3.564, 4.005, 4.575, 4.24, 3.755, 4.354, 5.787, 7.021, 5.82, 5.35, 6.939, 8.037, 6.791, 4.059, 3.777, 3.153, 3.296, 3.953, 3.678, 3.808, 3.475, 3.299, 4.948, 5.178, 4.478, 3.45, 3.739, 4.479, 4.452, 4.344, 4.3, 3.202, 4.084, 4.18, 4.504, 4.845, 5.252, 5.605, 6.691, 8.245, 8.973, 8.387, 7.866, 8.87, 10.073, 10.195, 8.231, 6.755, 6.002, 4.624, 4.322, 5.918, 5.705, 4.182, 6.244, 9.809, 10.855, 10.262, 9.427, 8.879, 8.801, 9.356, 10.845, 11.426, 10.855, 9.776, 9.342, 10.328, 11.735, 13.62, 13.188, 12.163, 12.228, 12.895, 12.076, 11.558, 11.033, 10.793, 10.897, 11.011, 10.939, 11.345, 11.106, 9.941, 9.795, 12.075, 12.274, 11.487, 12.482, 14.061, 15.226, 15.579, 14.936, 13.374, 10.561, 7.259, 6.794, 8.625, 9.602, 8.873, 9.165, 9.813, 9.397, 7.809, 7.413, 7.176, 7.731, 8.632, 8.517, 7.939, 5.43, 2.53, 2.41, 4.304, 3.448, 2.214, 3.212, 7.365, 9.127, 9.616, 8.55, 7.955, 7.703, 7.146, 6.716, 7.409, 6.868], [3.649, 4.253, 4.119, 3.093, 3.29, 3.331, 3.074, 2.936, 3.472, 2.65, 2.09, 2.035, 3.629, 4.23, 3.667, 3.736, 4.623, 3.635, 2.628, 3.335, 2.907, 0.0, 1.43, 1.891, 1.811, 1.819, 1.788, 3.14, 5.798, 6.541, 6.902, 6.29, 6.955, 8.608, 8.86, 7.527, 4.797, 3.552, 2.449, 2.354, 2.796, 3.509, 4.646, 7.802, 8.907, 8.518, 7.875, 8.878, 11.565, 13.034, 12.258, 12.034, 12.686, 12.99, 13.165, 12.495, 11.153, 11.333, 11.521, 11.643, 11.401, 10.601, 8.847, 6.639, 4.295, 3.582, 3.558, 3.2, 3.793, 4.468, 4.478, 3.602, 3.131, 3.704, 3.062, 3.381, 3.281, 2.367, 1.932, 2.104, 2.692, 2.796, 2.213, 1.892, 2.812, 4.513, 4.849, 4.053, 4.015, 4.506, 5.391, 4.155, 2.243, 2.565, 2.761, 4.358, 5.227, 5.59, 5.696, 5.248, 5.65, 7.572, 7.861, 7.147, 6.149, 6.184, 6.697, 6.831, 7.036, 6.906, 5.749, 6.614, 6.754, 7.177, 7.499, 7.924, 8.299, 9.368, 10.95, 11.619, 11.089, 10.557, 11.579, 12.776, 12.899, 10.915, 9.401, 8.683, 7.299, 7.0, 8.555, 8.367, 6.802, 8.868, 12.475, 13.528, 12.893, 12.093, 11.516, 11.468, 12.056, 13.519, 14.077, 13.488, 12.436, 11.976, 12.987, 14.376, 16.26, 15.843, 14.817, 14.865, 15.539, 14.722, 14.213, 13.688, 13.439, 13.562, 13.649, 13.612, 14.018, 13.778, 12.614, 12.47, 14.742, 14.958, 14.191, 15.123, 16.697, 17.891, 18.23, 17.587, 16.036, 13.274, 9.889, 9.456, 11.308, 12.252, 11.516, 11.827, 12.476, 12.04, 10.455, 10.122, 9.829, 10.378, 11.327, 11.202, 10.584, 8.092, 5.072, 4.782, 6.979, 6.097, 3.734, 5.837, 10.035, 11.774, 12.256, 11.25, 10.605, 10.388, 9.831, 9.407, 10.099, 9.541], [3.086, 3.612, 3.699, 3.104, 3.327, 3.331, 3.068, 2.701, 3.234, 2.489, 2.27, 2.155, 3.386, 3.937, 3.15, 3.46, 4.312, 3.493, 2.475, 3.187, 2.677, 1.43, 0.0, 1.357, 2.02, 1.438, 1.384, 3.48, 6.139, 7.05, 7.356, 6.644, 7.469, 9.114, 9.473, 8.04, 4.874, 3.61, 3.284, 2.405, 2.482, 3.114, 4.309, 7.401, 8.387, 8.005, 7.426, 8.532, 11.237, 12.683, 11.917, 11.689, 12.196, 12.358, 12.55, 11.972, 10.808, 11.049, 11.242, 11.372, 11.131, 10.306, 8.298, 6.092, 4.078, 3.58, 3.572, 3.216, 3.672, 4.231, 4.046, 3.146, 2.933, 3.703, 2.97, 3.447, 3.28, 2.571, 1.935, 2.416, 2.755, 3.071, 2.573, 2.273, 3.13, 4.555, 5.112, 4.36, 3.978, 4.746, 5.698, 4.541, 2.524, 2.87, 2.701, 4.161, 4.95, 4.92, 5.241, 4.647, 4.848, 6.777, 7.612, 7.043, 5.942, 5.821, 6.451, 6.437, 6.533, 6.565, 5.622, 6.357, 6.658, 6.778, 6.994, 7.491, 7.923, 8.995, 10.577, 11.391, 10.788, 10.185, 11.163, 12.398, 12.49, 10.496, 9.159, 8.115, 6.735, 6.538, 8.018, 7.755, 6.267, 8.294, 12.121, 13.174, 12.404, 11.556, 11.115, 11.024, 11.702, 13.144, 13.558, 13.165, 12.12, 11.717, 12.614, 14.068, 15.987, 15.577, 14.541, 14.605, 15.263, 14.473, 13.952, 13.427, 13.155, 13.134, 13.269, 13.05, 13.652, 13.308, 12.063, 12.069, 14.44, 14.625, 13.831, 14.812, 16.434, 17.594, 17.763, 17.272, 15.738, 12.846, 9.424, 8.897, 10.735, 11.94, 11.236, 11.39, 11.976, 11.723, 10.193, 9.743, 9.57, 10.105, 10.941, 10.88, 10.19, 7.715, 4.743, 4.46, 6.411, 5.511, 3.283, 5.273, 9.548, 11.527, 11.996, 10.94, 10.338, 10.106, 9.456, 9.03, 9.738, 9.045], [3.115, 4.159, 4.539, 3.474, 3.697, 3.835, 3.381, 2.523, 3.12, 2.857, 2.738, 2.49, 2.387, 2.962, 2.199, 2.454, 3.249, 2.688, 1.56, 2.21, 1.911, 1.891, 1.357, 0.0, 2.759, 2.047, 1.9, 4.218, 6.911, 7.781, 8.139, 7.411, 8.184, 9.831, 10.173, 8.792, 5.633, 4.426, 3.914, 2.594, 1.942, 2.539, 3.327, 6.531, 7.537, 7.157, 6.57, 7.647, 10.409, 11.839, 11.073, 10.86, 11.359, 11.666, 11.81, 11.204, 9.941, 10.171, 10.364, 10.482, 10.265, 9.43, 7.475, 5.303, 3.153, 3.15, 3.852, 3.694, 4.389, 4.881, 4.213, 3.23, 2.635, 3.327, 2.623, 3.395, 3.473, 2.917, 2.039, 3.001, 3.326, 3.7, 3.339, 3.025, 3.791, 5.214, 5.845, 5.068, 4.707, 5.469, 6.529, 5.296, 2.722, 2.773, 2.374, 3.53, 4.191, 4.097, 4.202, 3.856, 4.161, 6.067, 6.581, 6.032, 4.867, 4.848, 5.367, 5.49, 5.629, 5.594, 4.514, 5.298, 5.632, 5.917, 6.17, 6.621, 7.036, 8.087, 9.686, 10.513, 9.926, 9.307, 10.295, 11.525, 11.621, 9.648, 8.261, 7.31, 5.911, 5.716, 7.223, 7.046, 5.507, 7.58, 11.274, 12.294, 11.627, 10.781, 10.271, 10.224, 10.834, 12.259, 12.769, 12.304, 11.279, 10.833, 11.762, 13.222, 15.122, 14.71, 13.679, 13.733, 14.401, 13.601, 13.081, 12.555, 12.277, 12.313, 12.445, 12.267, 12.793, 12.471, 11.269, 11.207, 13.571, 13.781, 12.967, 13.946, 15.572, 16.733, 16.94, 16.413, 14.877, 11.97, 8.599, 8.116, 9.979, 11.07, 10.365, 10.531, 11.141, 10.848, 9.328, 8.865, 8.699, 9.245, 10.042, 10.03, 9.331, 6.848, 3.741, 3.375, 5.549, 4.564, 2.376, 4.507, 8.711, 10.648, 11.127, 10.084, 9.446, 9.214, 8.564, 8.151, 8.889, 8.225], [3.32, 3.497, 3.008, 2.775, 3.179, 2.843, 2.751, 3.299, 3.587, 2.756, 2.18, 2.444, 4.697, 5.493, 4.78, 4.841, 5.865, 5.217, 3.833, 4.743, 4.228, 1.811, 2.02, 2.759, 0.0, 1.385, 1.715, 2.351, 4.445, 5.365, 5.647, 5.402, 6.056, 7.54, 7.885, 6.501, 4.055, 2.816, 2.275, 2.357, 3.41, 4.082, 5.594, 8.959, 10.067, 9.767, 9.195, 10.336, 13.049, 14.448, 13.7, 13.482, 13.999, 14.15, 14.298, 13.806, 12.619, 12.813, 13.01, 13.147, 12.915, 12.104, 10.046, 7.738, 5.567, 4.474, 3.759, 3.145, 3.293, 3.914, 4.198, 3.455, 3.733, 5.0, 4.227, 4.085, 3.978, 3.442, 2.637, 2.461, 2.58, 2.554, 1.915, 1.924, 2.677, 4.103, 4.18, 3.748, 3.349, 3.632, 3.985, 2.923, 2.186, 2.9, 3.154, 4.853, 5.707, 6.29, 6.259, 5.987, 6.428, 8.282, 9.269, 8.679, 7.439, 7.348, 7.851, 8.079, 8.012, 7.932, 7.054, 7.811, 8.238, 8.495, 8.703, 9.302, 9.725, 10.761, 12.375, 13.184, 12.588, 11.996, 12.979, 14.211, 14.306, 12.301, 10.903, 9.902, 8.474, 8.349, 9.745, 9.423, 7.859, 9.899, 13.909, 14.984, 14.143, 13.402, 12.934, 12.75, 13.519, 14.935, 15.368, 14.938, 13.914, 13.485, 14.375, 15.855, 17.791, 17.38, 16.344, 16.403, 17.066, 16.271, 15.75, 15.225, 14.958, 14.906, 15.047, 14.849, 15.431, 15.081, 13.754, 13.868, 16.238, 16.419, 15.644, 16.575, 18.232, 19.393, 19.526, 19.041, 17.531, 14.639, 11.222, 10.607, 12.49, 13.709, 13.014, 13.162, 13.787, 13.493, 11.998, 11.554, 11.368, 11.902, 12.721, 12.674, 11.961, 9.493, 6.234, 5.883, 7.938, 6.726, 4.452, 7.084, 11.366, 13.308, 13.794, 12.738, 12.134, 11.885, 11.246, 10.841, 11.561, 10.841], [2.638, 2.796, 2.613, 2.093, 2.42, 2.359, 2.166, 2.462, 2.74, 1.951, 1.812, 2.032, 3.902, 4.617, 3.966, 4.07, 5.052, 4.404, 3.02, 3.989, 3.43, 1.819, 1.438, 2.047, 1.385, 0.0, 1.131, 2.685, 5.279, 6.275, 6.464, 5.828, 6.752, 8.394, 8.705, 7.242, 4.085, 2.7, 2.503, 1.836, 2.639, 3.391, 4.696, 8.116, 9.274, 8.939, 8.384, 9.522, 12.205, 13.624, 12.863, 12.625, 13.184, 13.194, 13.379, 12.889, 11.77, 11.98, 12.185, 12.326, 12.106, 11.292, 9.218, 6.791, 4.7, 3.671, 2.987, 2.511, 2.755, 3.268, 3.515, 2.781, 2.957, 4.192, 3.541, 3.265, 3.21, 2.595, 1.851, 1.885, 2.056, 2.331, 1.823, 1.806, 2.589, 3.816, 4.377, 3.635, 3.135, 3.912, 4.795, 3.602, 2.398, 3.074, 3.178, 4.641, 5.676, 5.618, 5.74, 5.332, 5.497, 7.479, 8.433, 7.866, 6.619, 6.487, 7.004, 7.215, 7.096, 7.014, 6.215, 6.967, 7.416, 7.659, 7.895, 8.48, 8.888, 9.932, 11.531, 12.378, 11.78, 11.167, 12.147, 13.368, 13.464, 11.488, 10.099, 9.063, 7.658, 7.535, 8.967, 8.635, 7.03, 9.059, 13.095, 14.17, 13.283, 12.543, 12.07, 11.928, 12.676, 14.084, 14.493, 14.105, 13.11, 12.672, 13.58, 15.049, 16.969, 16.559, 15.523, 15.59, 16.244, 15.465, 14.933, 14.42, 14.14, 14.053, 14.207, 14.022, 14.624, 14.279, 12.992, 13.025, 15.421, 15.609, 14.803, 15.773, 17.41, 18.568, 18.682, 18.234, 16.723, 13.807, 10.373, 9.735, 11.598, 12.899, 12.189, 12.323, 12.973, 12.699, 11.174, 10.714, 10.556, 11.07, 11.881, 11.87, 11.13, 8.655, 5.411, 5.057, 7.013, 5.84, 3.58, 6.18, 10.544, 12.501, 12.984, 11.929, 11.32, 11.072, 10.433, 10.023, 10.715, 10.012], [2.439, 2.767, 2.91, 2.114, 2.48, 2.561, 2.409, 2.159, 2.675, 2.095, 2.133, 2.159, 3.454, 4.338, 3.56, 3.65, 4.625, 3.977, 2.622, 3.641, 3.031, 1.788, 1.384, 1.9, 1.715, 1.131, 0.0, 2.863, 5.569, 6.401, 6.763, 6.042, 6.904, 8.543, 8.835, 7.44, 4.14, 2.938, 2.681, 1.462, 2.161, 2.826, 4.379, 7.808, 8.847, 8.551, 7.981, 9.109, 11.821, 13.251, 12.503, 12.287, 12.782, 13.046, 13.203, 12.623, 11.369, 11.585, 11.78, 11.921, 11.697, 10.877, 8.803, 6.635, 4.406, 3.213, 2.739, 2.305, 2.782, 3.298, 3.238, 2.307, 2.4, 3.762, 2.98, 2.845, 2.755, 2.264, 1.599, 1.852, 1.919, 2.286, 2.068, 1.721, 2.56, 3.805, 4.465, 3.685, 3.137, 4.148, 5.153, 4.103, 2.514, 3.377, 3.226, 4.64, 5.712, 5.636, 5.631, 5.369, 5.334, 7.241, 8.029, 7.439, 6.193, 6.087, 6.589, 6.869, 6.862, 6.78, 5.766, 6.535, 6.984, 7.354, 7.608, 8.07, 8.485, 9.532, 11.134, 11.953, 11.375, 10.756, 11.744, 12.975, 13.07, 11.102, 9.676, 8.758, 7.294, 7.109, 8.582, 8.38, 6.685, 8.826, 12.694, 13.747, 13.043, 12.218, 11.704, 11.654, 12.284, 13.7, 14.212, 13.736, 12.727, 12.251, 13.211, 14.667, 16.56, 16.149, 15.118, 15.172, 15.84, 15.04, 14.519, 13.994, 13.725, 13.745, 13.883, 13.696, 14.242, 13.924, 12.649, 12.656, 15.013, 15.228, 14.417, 15.393, 17.001, 18.166, 18.373, 17.86, 16.315, 13.416, 10.008, 9.503, 11.354, 12.519, 11.794, 11.951, 12.57, 12.301, 10.767, 10.314, 10.137, 10.671, 11.491, 11.474,