[[0.0, 3.34, 1.661, 2.609, 6.011, 8.078, 8.033, 7.685, 7.337, 7.534, 9.348, 10.376, 10.634, 10.822, 10.751, 10.723, 10.636, 10.62, 9.679, 7.561, 6.848, 7.354, 6.803, 5.861, 5.616, 5.265, 4.856, 11.634, 12.351, 10.534, 11.914, 9.046, 7.927, 8.992, 9.254, 9.188, 8.565, 6.993, 7.122, 8.236, 9.944, 9.97, 9.653, 9.838, 10.317, 10.82, 11.575, 13.529, 13.589, 11.036, 10.529, 10.29, 9.966, 9.432, 9.314, 9.942, 10.574, 10.644, 12.241, 10.966, 10.757, 12.202, 13.625, 13.376, 14.598, 15.042, 14.26, 10.809, 8.583, 7.577, 7.934, 8.835, 9.856, 10.982, 11.036, 10.469, 10.629, 9.992, 7.874, 7.806, 9.235, 10.641, 12.842, 15.365, 14.457, 11.963, 11.592, 11.608, 11.894, 13.026, 11.719, 10.42, 10.855, 10.627, 10.069, 9.389, 8.931, 8.427, 8.131, 8.795, 9.045, 9.374, 11.601, 13.096, 13.591, 12.423, 11.358, 10.99, 10.654, 10.514, 10.119, 9.335, 8.855, 8.341, 8.199, 7.644, 7.32, 7.134, 6.494, 7.112, 7.712, 8.686, 8.761, 8.466, 8.646, 8.652, 8.553, 8.807, 8.182, 9.425, 9.504, 8.461, 7.61, 6.299, 6.361, 7.521, 9.581, 10.352, 8.88, 8.635, 9.705, 10.141, 9.819, 8.781, 8.312, 7.623], [3.34, 0.0, 2.563, 2.271, 3.518, 5.485, 5.607, 5.255, 5.049, 4.97, 6.384, 7.548, 7.794, 8.052, 7.959, 7.832, 7.842, 7.958, 6.893, 4.939, 4.457, 4.994, 4.339, 3.55, 3.509, 3.401, 4.811, 14.717, 15.3, 13.531, 14.837, 11.456, 9.815, 11.016, 11.784, 11.413, 10.456, 8.905, 8.319, 10.474, 12.316, 12.364, 11.753, 12.393, 12.415, 12.334, 13.215, 16.467, 16.119, 12.285, 10.713, 10.247, 9.752, 9.451, 10.885, 12.177, 12.65, 13.366, 14.945, 13.581, 13.436, 15.334, 16.674, 16.55, 17.595, 18.07, 17.399, 13.873, 11.588, 10.533, 11.006, 11.999, 12.992, 14.045, 14.107, 13.565, 13.654, 13.012, 10.519, 10.119, 12.025, 13.668, 15.921, 18.563, 17.559, 15.035, 14.14, 13.96, 14.768, 16.005, 14.869, 13.345, 13.685, 13.537, 13.165, 12.493, 12.058, 11.408, 11.161, 11.826, 12.158, 12.454, 14.694, 16.125, 16.687, 15.307, 12.945, 12.167, 11.382, 11.252, 11.276, 11.325, 10.316, 9.021, 8.742, 8.238, 6.941, 7.506, 8.683, 8.414, 8.641, 8.64, 8.638, 8.933, 9.396, 9.972, 8.894, 9.306, 10.467, 12.473, 12.521, 11.475, 10.543, 8.882, 8.391, 10.104, 12.593, 13.335, 11.842, 11.115, 11.977, 12.443, 12.117, 10.328, 8.164, 7.793], [1.661, 2.563, 0.0, 1.784, 5.293, 7.372, 7.333, 6.993, 6.63, 6.786, 8.478, 9.625, 9.861, 10.023, 9.978, 9.925, 9.841, 9.83, 8.703, 6.648, 6.079, 6.596, 5.992, 4.99, 4.76, 4.302, 4.014, 12.624, 13.378, 11.547, 12.847, 9.653, 8.322, 9.526, 10.001, 10.017, 9.287, 7.752, 7.11, 9.037, 10.835, 10.813, 10.302, 10.605, 11.076, 11.544, 12.304, 14.562, 14.543, 11.474, 10.245, 9.846, 9.569, 9.124, 9.569, 10.682, 11.227, 11.48, 12.96, 11.638, 11.533, 13.135, 14.591, 14.3, 15.598, 16.051, 15.206, 11.838, 9.604, 8.622, 8.89, 9.692, 10.785, 12.007, 11.971, 11.419, 11.622, 10.903, 8.554, 8.597, 10.109, 11.668, 13.858, 16.209, 15.383, 12.965, 12.459, 12.394, 12.727, 14.059, 12.637, 11.231, 11.629, 11.423, 11.025, 10.339, 9.946, 9.39, 9.105, 9.831, 9.848, 10.327, 12.589, 14.145, 14.601, 13.276, 11.982, 11.572, 10.871, 10.632, 10.521, 9.888, 8.956, 7.974, 7.768, 7.17, 6.265, 6.246, 6.597, 6.679, 7.274, 8.077, 8.07, 8.025, 8.301, 8.825, 8.187, 8.744, 8.754, 10.456, 10.521, 9.469, 8.383, 6.795, 6.502, 8.229, 10.565, 11.34, 9.785, 9.314, 10.433, 10.863, 10.427, 8.758, 7.809, 7.145], [2.609, 2.271, 1.784, 0.0, 4.175, 6.167, 6.102, 5.743, 5.323, 5.542, 7.427, 8.475, 8.64, 8.896, 8.866, 8.835, 8.762, 8.656, 7.678, 5.574, 4.863, 5.349, 4.978, 4.405, 4.306, 4.102, 5.074, 13.62, 14.364, 12.471, 13.78, 10.518, 9.185, 10.463, 11.104, 11.347, 10.605, 9.095, 8.414, 10.376, 12.14, 12.1, 11.576, 11.905, 12.287, 12.792, 13.604, 15.617, 15.872, 12.698, 11.495, 11.021, 10.66, 10.309, 10.684, 11.589, 12.277, 12.654, 14.096, 12.882, 12.572, 14.127, 15.53, 15.3, 16.521, 16.982, 16.199, 12.783, 10.545, 9.54, 9.804, 10.667, 11.723, 12.947, 12.901, 12.387, 12.563, 11.894, 9.516, 9.563, 11.117, 12.637, 14.838, 17.179, 16.321, 13.968, 13.411, 13.493, 13.782, 14.996, 13.704, 12.254, 12.489, 12.335, 12.015, 11.307, 10.936, 10.376, 10.099, 10.8, 10.83, 11.285, 13.578, 15.221, 15.602, 14.413, 13.16, 12.759, 12.126, 11.881, 11.739, 10.852, 9.943, 8.943, 8.626, 7.912, 6.586, 7.005, 7.572, 7.571, 8.238, 8.979, 8.987, 8.933, 9.262, 9.801, 9.446, 9.907, 10.02, 11.402, 11.42, 10.532, 9.366, 7.753, 7.49, 9.15, 11.544, 12.284, 10.805, 10.426, 11.695, 12.08, 11.523, 10.028, 8.808, 8.327], [6.011, 3.518, 5.293, 4.175, 0.0, 2.339, 2.694, 2.452, 2.298, 2.233, 3.722, 5.166, 5.439, 5.783, 5.692, 5.246, 4.985, 5.216, 4.458, 3.589, 2.942, 3.368, 3.715, 3.658, 3.43, 3.632, 7.404, 16.952, 18.04, 16.142, 17.433, 13.887, 12.422, 13.613, 14.2, 13.868, 12.975, 11.488, 10.834, 12.885, 14.577, 14.548, 14.108, 14.783, 14.784, 14.875, 15.77, 18.674, 18.53, 14.547, 13.17, 12.914, 12.339, 11.864, 13.297, 14.611, 15.008, 15.905, 17.368, 15.935, 15.756, 17.68, 19.242, 19.265, 20.219, 20.74, 20.146, 16.59, 14.26, 13.174, 13.677, 14.714, 15.691, 16.747, 16.742, 16.246, 16.354, 15.464, 12.901, 12.522, 14.391, 16.353, 18.65, 21.232, 20.061, 17.472, 16.811, 16.804, 17.192, 18.66, 17.601, 15.999, 16.283, 16.066, 15.526, 15.083, 14.401, 13.601, 13.554, 14.556, 14.859, 15.015, 16.846, 18.401, 18.883, 17.675, 15.565, 14.523, 13.818, 13.57, 14.001, 13.901, 13.343, 11.819, 11.234, 10.58, 9.255, 9.725, 11.123, 10.969, 11.085, 10.902, 10.769, 11.377, 12.219, 12.634, 11.489, 12.31, 13.453, 15.125, 15.021, 14.082, 13.079, 11.347, 10.751, 12.484, 15.299, 15.767, 14.117, 13.401, 14.191, 14.594, 14.193, 12.67, 10.514, 10.326], [8.078, 5.485, 7.372, 6.167, 2.339, 0.0, 1.137, 1.1, 1.377, 1.431, 2.136, 3.592, 3.957, 4.308, 4.079, 3.633, 3.381, 3.659, 3.283, 2.889, 2.781, 3.174, 4.132, 5.004, 4.568, 5.179, 9.391, 18.951, 19.965, 18.145, 19.406, 15.862, 14.406, 15.583, 16.191, 15.79, 14.942, 13.576, 12.85, 14.853, 16.423, 16.248, 15.805, 16.823, 16.799, 16.636, 17.483, 20.545, 20.483, 16.544, 15.182, 14.933, 14.368, 13.87, 15.267, 16.622, 16.989, 17.928, 19.295, 17.827, 17.681, 19.58, 21.207, 21.157, 22.105, 22.638, 22.017, 18.488, 16.152, 15.065, 15.574, 16.612, 17.58, 18.641, 18.622, 18.129, 18.27, 17.404, 14.845, 14.507, 16.366, 18.331, 20.61, 23.149, 21.997, 19.475, 18.797, 18.835, 19.172, 20.605, 19.676, 18.048, 18.227, 18.063, 17.467, 17.034, 16.349, 15.457, 15.482, 16.514, 16.799, 17.001, 18.659, 20.362, 20.661, 19.654, 17.555, 16.383, 15.609, 15.514, 15.992, 15.837, 15.292, 13.747, 13.298, 12.692, 11.251, 11.774, 13.103, 13.001, 13.067, 12.715, 12.786, 13.345, 14.176, 14.573, 13.509, 14.29, 15.497, 17.062, 16.966, 16.162, 15.01, 13.282, 12.641, 14.407, 17.208, 17.709, 16.012, 15.224, 15.98, 16.351, 16.088, 14.506, 12.345, 12.19], [8.033, 5.607, 7.333, 6.102, 2.694, 1.137, 0.0, 0.956, 1.315, 1.662, 2.2, 3.406, 3.819, 4.17, 3.872, 3.456, 3.203, 3.568, 3.174, 2.855, 2.888, 3.199, 4.337, 5.239, 4.867, 5.519, 9.552, 18.882, 19.909, 18.096, 19.389, 15.852, 14.418, 15.676, 16.19, 16.023, 15.164, 13.808, 13.053, 15.05, 16.758, 16.634, 16.238, 16.906, 16.912, 17.057, 17.978, 20.642, 20.662, 16.827, 15.501, 15.189, 14.734, 14.209, 15.358, 16.583, 17.076, 17.904, 19.35, 17.882, 17.777, 19.563, 21.167, 21.125, 22.09, 22.607, 21.967, 18.459, 16.135, 15.045, 15.562, 16.582, 17.551, 18.612, 18.616, 18.105, 18.245, 17.375, 14.882, 14.51, 16.383, 18.266, 20.548, 23.111, 21.98, 19.434, 18.803, 18.868, 19.153, 20.555, 19.587, 18.015, 18.212, 18.058, 17.466, 16.98, 16.307, 15.535, 15.463, 16.479, 16.751, 16.937, 18.778, 20.301, 20.817, 19.665, 17.712, 16.834, 16.11, 15.939, 16.189, 15.926, 15.386, 13.97, 13.488, 12.775, 11.365, 11.867, 13.044, 12.997, 13.113, 13.006, 13.032, 13.381, 14.278, 14.75, 13.801, 14.55, 15.576, 17.024, 16.953, 16.075, 15.014, 13.26, 12.647, 14.479, 17.177, 17.711, 16.064, 15.412, 16.338, 16.721, 16.257, 14.736, 12.649, 12.472], [7.685, 5.255, 6.993, 5.743, 2.452, 1.1, 0.956, 0.0, 1.073, 1.282, 2.24, 3.529, 3.939, 4.289, 4.007, 3.613, 3.518, 3.654, 3.212, 2.817, 2.732, 3.06, 4.277, 4.957, 4.61, 5.178, 9.106, 18.57, 19.551, 17.713, 18.991, 15.47, 13.998, 15.195, 15.799, 15.788, 14.924, 13.498, 12.788, 14.8, 16.494, 16.39, 15.969, 16.58, 16.65, 16.846, 17.741, 20.298, 20.392, 16.559, 15.277, 14.957, 14.446, 13.956, 14.97, 16.205, 16.704, 17.532, 18.954, 17.62, 17.332, 19.215, 20.82, 20.747, 21.693, 22.207, 21.558, 18.056, 15.744, 14.657, 15.169, 16.183, 17.163, 18.218, 18.215, 17.711, 17.857, 16.999, 14.47, 14.096, 15.982, 17.903, 20.183, 22.73, 21.624, 19.085, 18.378, 18.433, 18.774, 20.195, 19.277, 17.629, 17.838, 17.663, 17.08, 16.631, 15.963, 15.172, 15.086, 16.084, 16.39, 16.583, 18.45, 19.984, 20.463, 19.277, 17.386, 16.647, 15.91, 15.714, 15.926, 15.487, 14.958, 13.572, 13.054, 12.398, 10.984, 11.534, 12.716, 12.578, 12.702, 12.642, 12.713, 13.01, 13.836, 14.391, 13.534, 14.209, 15.201, 16.655, 16.571, 15.734, 14.619, 12.903, 12.278, 14.076, 16.785, 17.347, 15.709, 15.06, 16.098, 16.49, 16.048, 14.4, 12.313, 12.252], [7.337, 5.049, 6.63, 5.323, 2.298, 1.377, 1.315, 1.073, 0.0, 1.285, 2.806, 4.096, 4.389, 4.77, 4.605, 4.305, 3.953, 4.115, 3.602, 2.896, 2.756, 3.105, 4.279, 5.046, 4.668, 5.135, 8.932, 17.935, 18.908, 17.159, 18.449, 14.895, 13.558, 14.761, 15.499, 15.46, 14.595, 13.268, 12.496, 14.465, 16.195, 16.072, 15.672, 16.306, 16.34, 16.548, 17.448, 19.906, 20.08, 16.325, 14.997, 14.685, 14.232, 13.722, 14.73, 15.778, 16.459, 17.179, 18.544, 17.191, 16.932, 18.57, 20.159, 20.063, 21.046, 21.536, 20.897, 17.387, 15.08, 14.0, 14.492, 15.5, 16.481, 17.541, 17.534, 17.031, 17.191, 16.382, 13.971, 13.735, 15.503, 17.336, 19.625, 22.136, 20.988, 18.583, 17.928, 18.108, 18.289, 19.599, 18.789, 17.19, 17.249, 17.141, 16.535, 16.041, 15.269, 14.593, 14.559, 15.495, 15.793, 16.031, 17.785, 19.456, 19.85, 18.888, 17.126, 16.367, 15.617, 15.445, 15.692, 15.154, 14.593, 13.24, 12.657, 11.832, 10.589, 11.101, 12.217, 12.152, 12.382, 12.543, 12.529, 12.576, 13.473, 14.096, 13.288, 14.01, 14.939, 16.049, 15.988, 15.269, 14.031, 12.353, 11.74, 13.556, 16.133, 16.743, 15.16, 14.623, 15.786, 16.144, 15.627, 14.083, 12.09, 11.926], [7.534, 4.97, 6.786, 5.542, 2.233, 1.431, 1.662, 1.282, 1.285, 0.0, 2.006, 3.334, 3.547, 3.919, 3.87, 3.544, 3.59, 3.425, 2.904, 2.403, 2.305, 2.813, 3.755, 4.5, 4.069, 4.726, 8.888, 18.532, 19.33, 17.47, 18.714, 15.302, 13.781, 14.89, 15.669, 15.759, 14.849, 13.323, 12.743, 14.775, 16.468, 16.434, 15.97, 16.525, 16.56, 16.722, 17.635, 20.385, 20.347, 16.45, 14.941, 14.59, 14.009, 13.591, 14.873, 16.2, 16.548, 17.387, 18.777, 17.641, 17.248, 19.079, 20.577, 20.506, 21.449, 21.967, 21.317, 17.809, 15.495, 14.394, 14.924, 15.963, 16.908, 17.963, 17.953, 17.474, 17.629, 16.805, 14.34, 13.948, 15.815, 17.724, 19.948, 22.518, 21.395, 18.917, 18.106, 18.088, 18.705, 20.011, 19.105, 17.446, 17.625, 17.454, 16.916, 16.395, 15.82, 15.122, 14.917, 15.83, 16.191, 16.394, 18.429, 20.068, 20.414, 19.121, 17.05, 16.289, 15.572, 15.346, 15.667, 15.277, 14.531, 12.956, 12.557, 12.003, 10.527, 11.258, 12.596, 12.381, 12.683, 12.228, 12.407, 12.825, 13.408, 13.799, 13.087, 13.691, 14.939, 16.408, 16.316, 15.55, 14.449, 12.683, 12.196, 13.834, 16.544, 17.081, 15.596, 15.009, 16.13, 16.551, 16.144, 14.305, 12.102, 12.098], [9.348, 6.384, 8.478, 7.427, 3.722, 2.136, 2.2, 2.24, 2.806, 2.006, 0.0, 1.729, 2.09, 2.343, 2.248, 1.996, 2.193, 2.298, 1.919, 2.978, 3.226, 3.062, 3.664, 4.69, 4.579, 5.333, 10.406, 20.42, 21.201, 19.312, 20.561, 17.181, 15.664, 16.699, 17.498, 17.348, 16.39, 14.754, 14.227, 16.418, 18.062, 18.06, 17.529, 18.255, 18.268, 18.144, 19.038, 22.119, 21.946, 17.974, 16.139, 15.774, 15.053, 14.969, 16.624, 18.049, 18.36, 19.2, 20.612, 19.397, 19.104, 20.979, 22.455, 22.379, 23.277, 23.792, 23.121, 19.625, 17.322, 16.239, 16.753, 17.807, 18.761, 19.794, 19.779, 19.325, 19.466, 18.661, 16.2, 15.791, 17.7, 19.576, 21.784, 24.372, 23.286, 20.801, 19.895, 19.899, 20.577, 21.864, 20.935, 19.32, 19.51, 19.348, 18.831, 18.317, 17.737, 16.945, 16.777, 17.7, 18.101, 18.27, 20.291, 21.916, 22.272, 20.966, 18.58, 17.439, 16.799, 16.312, 17.077, 17.092, 16.178, 14.549, 13.916, 13.408, 12.107, 12.849, 14.483, 14.269, 14.48, 13.545, 13.898, 14.618, 15.261, 15.382, 14.299, 15.026, 16.666, 18.258, 18.217, 17.38, 16.319, 14.576, 14.057, 15.64, 18.404, 18.933, 17.416, 16.774, 17.708, 18.183, 17.831, 16.054, 13.565, 13.532], [10.376, 7.548, 9.625, 8.475, 5.166, 3.592, 3.406, 3.529, 4.096, 3.334, 1.729, 0.0, 1.01, 1.422, 1.129, 1.161, 1.564, 1.425, 1.493, 3.228, 3.844, 3.609, 4.353, 5.499, 5.669, 6.358, 11.831, 21.72, 22.32, 20.47, 21.693, 18.459, 16.724, 17.882, 18.755, 18.782, 17.855, 16.307, 15.736, 17.86, 19.588, 19.584, 19.096, 19.58, 19.519, 19.651, 20.586, 23.603, 23.425, 19.471, 17.38, 16.883, 16.205, 16.319, 17.929, 19.276, 19.659, 20.366, 21.884, 20.655, 20.431, 22.228, 23.558, 23.43, 24.437, 24.902, 24.136, 20.686, 18.455, 17.394, 17.828, 18.856, 19.813, 20.854, 20.866, 20.394, 20.582, 19.937, 17.456, 17.151, 19.02, 20.692, 22.863, 25.449, 24.414, 22.006, 21.161, 21.052, 21.8, 23.019, 21.899, 20.329, 20.554, 20.408, 20.111, 19.401, 18.975, 18.412, 18.119, 18.809, 19.094, 19.388, 21.675, 23.216, 23.668, 22.341, 19.915, 18.813, 18.118, 17.51, 18.464, 18.335, 17.216, 15.53, 14.958, 14.444, 13.187, 13.948, 15.637, 15.323, 15.575, 14.794, 15.156, 15.767, 16.269, 16.457, 15.499, 16.092, 17.725, 19.343, 19.439, 18.51, 17.398, 15.773, 15.366, 17.054, 19.509, 20.262, 18.824, 18.243, 19.271, 19.713, 19.339, 17.389, 14.945, 14.941], [10.634, 7.794, 9.861, 8.64, 5.439, 3.957, 3.819, 3.939, 4.389, 3.547, 2.09, 1.01, 0.0, 0.97, 1.254, 1.347, 1.699, 1.29, 1.721, 3.435, 4.084, 3.856, 4.584, 5.828, 5.993, 6.65, 12.066, 21.928, 22.408, 20.52, 21.797, 18.651, 16.909, 18.009, 19.025, 19.027, 18.111, 16.562, 16.001, 18.105, 19.86, 19.845, 19.346, 19.849, 19.755, 19.921, 20.856, 23.85, 23.672, 19.716, 17.663, 17.159, 16.498, 16.6, 18.192, 19.45, 19.921, 20.626, 22.092, 20.955, 20.651, 22.466, 23.682, 23.52, 24.493, 24.954, 24.246, 20.77, 18.503, 17.475, 17.91, 18.955, 19.884, 20.941, 20.98, 20.46, 20.601, 20.109, 17.698, 17.341, 19.197, 20.756, 22.925, 25.502, 24.636, 22.237, 21.219, 21.146, 21.96, 23.13, 22.08, 20.533, 20.747, 20.638, 20.299, 19.569, 19.164, 18.606, 18.292, 18.843, 19.218, 19.542, 21.875, 23.474, 23.862, 22.51, 20.184, 19.113, 18.446, 17.85, 18.715, 18.52, 17.267, 15.601, 14.994, 14.556, 13.294, 14.184, 15.841, 15.526, 15.818, 15.05, 15.415, 15.991, 16.393, 16.641, 15.775, 16.38, 17.993, 19.459, 19.604, 18.74, 17.618, 16.001, 15.537, 17.237, 19.588, 20.362, 19.025, 18.439, 19.519, 19.974, 19.604, 17.655, 15.219, 15.225], [10.822, 8.052, 10.023, 8.896, 5.783, 4.308, 4.17, 4.289, 4.77, 3.919, 2.343, 1.422, 0.97, 0.0, 1.418, 1.747, 2.152, 1.737, 2.161, 3.807, 4.524, 4.19, 4.632, 6.033, 6.15, 6.836, 12.421, 22.346, 22.778, 21.003, 22.235, 19.056, 17.298, 18.399, 19.387, 19.382, 18.445, 16.891, 16.327, 18.451, 20.194, 20.193, 19.695, 20.211, 20.097, 20.242, 21.178, 24.217, 24.016, 20.062, 17.898, 17.154, 16.574, 16.903, 18.54, 19.817, 20.291, 20.97, 22.481, 21.285, 21.058, 22.851, 24.12, 23.771, 24.994, 25.415, 24.523, 21.153, 18.987, 17.937, 18.358, 19.238, 20.222, 21.341, 21.422, 20.872, 21.066, 20.523, 18.084, 17.742, 19.609, 21.093, 23.249, 25.798, 25.007, 22.586, 21.676, 21.527, 22.377, 23.514, 22.31, 20.808, 21.08, 20.984, 20.717, 19.947, 19.585, 19.007, 18.696, 19.198, 19.459, 19.932, 22.297, 23.827, 24.281, 22.937, 20.525, 19.353, 18.662, 18.006, 19.044, 18.934, 17.578, 15.864, 15.329, 14.854, 13.584, 14.382, 16.144, 15.86, 16.064, 15.391, 15.784, 16.361, 16.632, 16.913, 16.042, 16.564, 18.128, 19.868, 20.028, 19.055, 17.984, 16.38, 15.934, 17.635, 19.938, 20.803, 19.415, 18.833, 19.866, 20.32, 19.952, 18.019, 15.548, 15.521], [10.751, 7.959, 9.978, 8.866, 5.692, 4.079, 3.872, 4.007, 4.605, 3.87, 2.248, 1.129, 1.254, 1.418, 0.0, 0.949, 1.713, 1.364, 1.639, 3.478, 4.342, 4.162, 4.786, 5.936, 6.117, 6.809, 12.304, 22.238, 22.767, 20.972, 22.224, 18.994, 17.227, 18.35, 19.255, 19.284, 18.361, 16.79, 16.245, 18.351, 20.097, 20.096, 19.597, 20.087, 19.971, 20.16, 21.095, 24.12, 23.916, 19.963, 17.845, 17.248, 16.602, 16.818, 18.444, 19.728, 20.174, 20.835, 22.405, 21.155, 20.949, 22.768, 24.093, 23.788, 24.973, 25.397, 24.541, 21.135, 18.965, 17.946, 18.333, 19.24, 20.23, 21.325, 21.397, 20.846, 21.029, 20.47, 17.977, 17.668, 19.526, 21.089, 23.228, 25.815, 24.947, 22.526, 21.667, 21.5, 22.273, 23.499, 22.228, 20.73, 21.025, 20.928, 20.645, 19.874, 19.51, 18.958, 18.649, 19.204, 19.447, 19.864, 22.196, 23.751, 24.182, 22.835, 20.392, 19.329, 18.588, 18.056, 18.947, 18.822, 17.562, 15.858, 15.367, 14.867, 13.579, 14.356, 16.084, 15.794, 15.977, 15.273, 15.666, 16.275, 16.623, 16.903, 15.961, 16.505, 18.045, 19.862, 19.975, 18.99, 17.91, 16.313, 15.893, 17.608, 19.925, 20.797, 19.373, 18.74, 19.767, 20.221, 19.855, 17.898, 15.448, 15.429], [10.723, 7.832, 9.925, 8.835, 5.246, 3.633, 3.456, 3.613, 4.305, 3.544, 1.996, 1.161, 1.347, 1.747, 0.949, 0.0, 1.314, 1.3, 1.441, 3.405, 4.117, 3.98, 4.735, 5.765, 5.944, 6.668, 11.941, 21.925, 22.738, 20.822, 22.053, 18.725, 17.091, 18.205, 18.951, 18.825, 17.909, 16.34, 15.801, 17.876, 19.642, 19.657, 19.118, 19.649, 19.66, 19.724, 20.656, 23.735, 23.443, 19.494, 17.549, 17.122, 16.413, 16.383, 18.094, 19.503, 19.798, 20.619, 22.134, 20.819, 20.62, 22.474, 23.937, 23.878, 24.847, 25.346, 24.649, 21.166, 18.885, 17.828, 18.311, 19.323, 20.292, 21.322, 21.331, 20.848, 21.013, 20.222, 17.681, 17.333, 19.203, 21.088, 23.299, 25.871, 24.779, 22.234, 21.479, 21.437, 22.042, 23.417, 22.324, 20.717, 21.001, 20.793, 20.343, 19.788, 19.235, 18.607, 18.349, 19.225, 19.547, 19.742, 21.861, 23.367, 23.855, 22.521, 20.062, 18.931, 18.234, 17.696, 18.556, 18.576, 17.682, 16.002, 15.413, 14.895, 13.569, 14.209, 15.93, 15.706, 15.874, 15.036, 15.258, 16.05, 16.654, 16.83, 15.676, 16.386, 17.99, 19.752, 19.757, 18.807, 17.807, 16.07, 15.592, 17.295, 19.92, 20.532, 19.023, 18.387, 19.305, 19.757, 19.41, 17.547, 15.095, 15.051], [10.636, 7.842, 9.841, 8.762, 4.985, 3.381, 3.203, 3.518, 3.953, 3.59, 2.193, 1.564, 1.699, 2.152, 1.713, 1.314, 0.0, 1.277, 1.708, 3.612, 4.088, 3.776, 4.903, 5.84, 6.139, 6.802, 11.892, 21.711, 22.668, 20.78, 22.062, 18.621, 17.061, 18.279, 18.876, 18.383, 17.471, 16.047, 15.381, 17.425, 19.288, 19.315, 18.755, 19.48, 19.334, 19.33, 20.243, 23.497, 23.115, 19.101, 17.314, 16.966, 16.361, 16.1, 17.951, 19.269, 19.747, 20.505, 21.979, 20.493, 20.545, 22.357, 23.929, 23.817, 24.839, 25.32, 24.65, 21.152, 18.866, 17.79, 18.263, 19.281, 20.25, 21.307, 21.317, 20.8, 20.966, 20.195, 17.619, 17.237, 19.098, 21.022, 23.272, 25.827, 24.752, 22.188, 21.489, 21.422, 21.85, 23.342, 22.279, 20.655, 20.952, 20.758, 20.254, 19.737, 19.073, 18.401, 18.274, 19.163, 19.459, 19.678, 21.607, 23.094, 23.641, 22.368, 20.056, 18.7, 17.97, 17.582, 18.309, 18.54, 17.846, 16.23, 15.563, 14.906, 13.633, 14.187, 15.741, 15.64, 15.669, 15.083, 15.251, 15.952, 16.747, 17.003, 15.554, 16.526, 17.951, 19.736, 19.732, 18.733, 17.736, 16.037, 15.361, 17.287, 19.855, 20.52, 18.904, 18.133, 18.88, 19.349, 18.996, 17.342, 14.992, 14.731], [10.62, 7.958, 9.83, 8.656, 5.216, 3.659, 3.568, 3.654, 4.115, 3.425, 2.298, 1.425, 1.29, 1.737, 1.364, 1.3, 1.277, 0.0, 1.619, 3.536, 3.963, 3.667, 4.655, 5.809, 6.06, 6.784, 11.907, 21.686, 22.537, 20.656, 21.9, 18.515, 16.907, 18.075, 18.818, 18.874, 17.97, 16.394, 15.869, 17.915, 19.634, 19.62, 19.145, 19.643, 19.541, 19.793, 20.727, 23.613, 23.486, 19.552, 17.5, 17.019, 16.351, 16.472, 17.968, 19.285, 19.7, 20.455, 21.906, 20.71, 20.448, 22.263, 23.792, 23.633, 24.638, 25.11, 24.44, 20.941, 18.653, 17.62, 18.073, 19.087, 20.046, 21.092, 21.117, 20.601, 20.786, 20.074, 17.51, 17.177, 19.005, 20.913, 23.112, 25.663, 24.596, 22.102, 21.349, 21.286, 21.768, 23.212, 22.205, 20.567, 20.764, 20.618, 20.092, 19.571, 18.94, 18.37, 18.183, 19.023, 19.319, 19.563, 21.626, 23.224, 23.621, 22.31, 20.023, 18.963, 18.284, 17.717, 18.568, 18.425, 17.532, 15.793, 15.253, 14.642, 13.397, 14.093, 15.654, 15.49, 15.651, 14.973, 15.245, 15.919, 16.514, 16.625, 15.713, 16.476, 18.005, 19.595, 19.569, 18.686, 17.545, 15.919, 15.338, 17.171, 19.728, 20.415, 18.843, 18.242, 19.32, 19.742, 19.354, 17.419, 15.015, 15.074], [9.679, 6.893, 8.703, 7.678, 4.458, 3.283, 3.174, 3.212, 3.602, 2.904, 1.919, 1.493, 1.721, 2.161, 1.639, 1.441, 1.708, 1.619, 0.0, 2.331, 3.05, 2.971, 3.838, 4.748, 5.029, 5.579, 10.898, 20.932, 21.727, 19.8, 21.067, 17.75, 16.015, 17.084, 17.922, 17.964, 17.049, 15.483, 14.946, 17.019, 18.797, 18.802, 18.257, 18.713, 18.68, 18.873, 19.802, 22.864, 22.594, 18.639, 16.611, 16.221, 15.501, 15.527, 17.172, 18.528, 18.898, 19.536, 21.038, 19.733, 19.609, 21.424, 22.872, 22.738, 23.84, 24.289, 23.575, 20.096, 17.88, 16.855, 17.175, 18.149, 19.156, 20.251, 20.21, 19.744, 19.921, 19.162, 16.632, 16.398, 18.265, 20.036, 22.223, 24.7, 23.64, 21.288, 20.464, 20.427, 20.971, 22.385, 21.173, 19.608, 19.81, 19.622, 19.3, 18.659, 18.251, 17.69, 17.378, 18.19, 18.376, 18.612, 20.892, 22.486, 22.901, 21.528, 19.126, 18.158, 17.369, 16.913, 17.664, 17.514, 16.49, 14.866, 14.242, 13.658, 12.377, 13.148, 14.843, 14.523, 14.712, 13.956, 14.365, 15.098, 15.601, 15.639, 14.639, 15.299, 16.862, 18.715, 18.784, 17.784, 16.625, 15.062, 14.626, 16.396, 18.879, 19.595, 18.097, 17.488, 18.456, 18.917, 18.568, 16.558, 14.242, 14.215], [7.561, 4.939, 6.648, 5.574, 3.589, 2.889, 2.855, 2.817, 2.896, 2.403, 2.978, 3.228, 3.435, 3.807, 3.478, 3.405, 3.612, 3.536, 2.331, 0.0, 1.631, 2.412, 2.901, 3.904, 3.938, 4.51, 9.024, 18.946, 19.73, 17.797, 19.095, 15.8, 14.009, 15.111, 15.928, 15.959, 15.059, 13.488, 12.961, 15.008, 16.776, 16.768, 16.253, 16.681, 16.645, 16.909, 17.829, 20.854, 20.578, 16.689, 14.961, 14.459, 14.036, 13.805, 15.148, 16.48, 16.881, 17.512, 19.041, 17.734, 17.646, 19.473, 20.88, 20.713, 21.897, 22.351, 21.629, 18.157, 15.911, 14.904, 15.202, 16.158, 17.144, 18.313, 18.265, 17.745, 17.945, 17.206, 14.665, 14.423, 16.285, 18.005, 20.216, 22.661, 21.686, 19.305, 18.483, 18.353, 18.966, 20.375, 19.034, 17.536, 17.816, 17.65, 17.357, 16.664, 16.297, 15.736, 15.432, 16.171, 16.314, 16.639, 18.921, 20.472, 20.935, 19.539, 17.149, 16.507, 15.676, 15.431, 15.717, 15.52, 14.479, 12.968, 12.786, 12.254, 10.694, 11.358, 12.829, 12.551, 12.631, 12.431, 12.73, 13.192, 13.522, 13.804, 13.007, 13.451, 14.756, 16.758, 16.795, 15.774, 14.681, 13.066, 12.666, 14.411, 16.897, 17.626, 16.125, 15.478, 16.43, 16.885, 16.541, 14.548, 12.371, 12.225], [6.848, 4.457, 6.079, 4.863, 2.942, 2.781, 2.888, 2.732, 2.756, 2.305, 3.226, 3.844, 4.084, 4.524, 4.342, 4.117, 4.088, 3.963, 3.05, 1.631, 0.0, 1.339, 2.086, 3.045, 3.016, 3.748, 8.338, 17.955, 18.847, 16.907, 18.202, 14.782, 13.078, 14.281, 15.045, 15.266, 14.406, 12.927, 12.302, 14.284, 16.03, 15.938, 15.498, 15.892, 15.906, 16.311, 17.227, 19.899, 19.875, 15.971, 14.326, 14.002, 13.338, 13.063, 14.331, 15.595, 16.041, 16.742, 18.18, 16.948, 16.694, 18.508, 19.97, 19.976, 20.972, 21.467, 20.871, 17.321, 15.02, 13.99, 14.373, 15.398, 16.378, 17.467, 17.424, 16.965, 17.07, 16.288, 13.75, 13.468, 15.322, 17.171, 19.41, 21.929, 20.801, 18.33, 17.604, 17.564, 18.045, 19.497, 18.368, 16.766, 16.994, 16.79, 16.356, 15.798, 15.28, 14.716, 14.467, 15.345, 15.559, 15.737, 17.91, 19.518, 19.939, 18.61, 16.59, 15.9, 15.04, 14.769, 15.173, 14.654, 13.911, 12.364, 11.698, 11.052, 9.702, 10.412, 11.985, 11.663, 11.917, 11.398, 11.584, 12.105, 12.863, 13.24, 12.428, 13.065, 14.249, 15.88, 15.839, 14.88, 13.79, 12.16, 11.664, 13.463, 16.072, 16.71, 15.145, 14.563, 15.651, 16.05, 15.641, 13.756, 11.661, 11.699], [7.354, 4.994, 6.596, 5.349, 3.368, 3.174, 3.199, 3.06, 3.105, 2.813, 3.062, 3.609, 3.856, 4.19, 4.162, 3.98, 3.776, 3.667, 2.971, 2.412, 1.339, 0.0, 2.025, 2.991, 3.204, 3.761, 8.894, 18.334, 19.366, 17.441, 18.726, 15.259, 13.66, 14.877, 15.529, 15.702, 14.832, 13.339, 12.727, 14.719, 16.449, 16.366, 15.934, 16.378, 16.368, 16.711, 17.634, 20.254, 20.328, 16.373, 14.691, 14.286, 13.594, 13.42, 14.821, 15.974, 16.412, 17.177, 18.737, 17.35, 17.167, 18.967, 20.487, 20.446, 21.507, 22.0, 21.382, 17.845, 15.549, 14.531, 14.871, 15.919, 16.89, 17.992, 17.926, 17.455, 17.612, 16.795, 14.177, 13.959, 15.804, 17.688, 19.921, 22.434, 21.295, 18.767, 18.157, 18.221, 18.531, 20.024, 18.836, 17.232, 17.483, 17.295, 16.842, 16.323, 15.736, 15.172, 14.953, 15.879, 16.037, 16.276, 18.327, 19.864, 20.374, 19.17, 17.039, 16.149, 15.35, 14.91, 15.56, 15.222, 14.472, 12.887, 12.061, 11.344, 10.149, 10.65, 12.409, 12.217, 12.305, 11.866, 11.923, 12.562, 13.435, 13.762, 12.673, 13.522, 14.763, 16.393, 16.357, 15.421, 14.266, 12.613, 12.159, 13.964, 16.584, 17.222, 15.616, 15.057, 16.088, 16.472, 15.995, 14.237, 12.06, 12.101], [6.803, 4.339, 5.992, 4.978, 3.715, 4.132, 4.337, 4.277, 4.279, 3.755, 3.664, 4.353, 4.584, 4.632, 4.786, 4.735, 4.903, 4.655, 3.838, 2.901, 2.086, 2.025, 0.0, 1.812, 1.973, 2.747, 8.265, 18.145, 19.069, 17.178, 18.476, 15.053, 13.299, 14.486, 15.206, 15.052, 14.127, 12.561, 12.009, 14.136, 15.899, 15.922, 15.391, 15.866, 15.771, 15.924, 16.856, 20.036, 19.724, 15.741, 13.468, 12.832, 12.301, 12.572, 14.398, 15.66, 16.049, 16.785, 18.287, 16.918, 16.917, 18.772, 20.236, 20.028, 21.262, 21.719, 20.947, 17.522, 15.275, 14.274, 14.523, 15.381, 16.456, 17.685, 17.642, 17.127, 17.293, 16.585, 13.973, 13.701, 15.586, 17.338, 19.569, 21.907, 21.052, 18.553, 17.859, 17.676, 18.213, 19.712, 18.29, 16.78, 17.134, 16.972, 16.644, 16.004, 15.553, 15.001, 14.783, 15.523, 15.496, 15.97, 18.136, 19.643, 20.201, 18.823, 16.251, 15.023, 14.281, 13.606, 14.732, 14.829, 13.663, 11.935, 11.495, 10.943, 9.601, 10.16, 12.059, 11.791, 11.713, 11.32, 11.502, 12.269, 12.77, 12.834, 11.659, 12.232, 13.795, 16.121, 16.143, 15.053, 13.917, 12.426, 11.952, 13.776, 16.259, 17.022, 15.439, 14.679, 15.555, 16.023, 15.673, 13.738, 11.289, 11.189], [5.861, 3.55, 4.99, 4.405, 3.658, 5.004, 5.239, 4.957, 5.046, 4.5, 4.69, 5.499, 5.828, 6.033, 5.936, 5.765, 5.84, 5.809, 4.748, 3.904, 3.045, 2.991, 1.812, 0.0, 1.194, 1.652, 6.991, 16.999, 17.917, 16.015, 17.312, 13.861, 12.131, 13.302, 14.006, 13.645, 12.699, 11.188, 10.544, 12.796, 14.69, 14.741, 14.126, 14.62, 14.583, 14.525, 15.446, 18.845, 18.444, 14.426, 12.121, 11.593, 10.922, 11.211, 13.195, 14.507, 14.871, 15.593, 17.092, 15.697, 15.721, 17.573, 19.079, 18.961, 20.113, 20.571, 19.942, 16.376, 14.123, 13.131, 13.376, 14.379, 15.393, 16.544, 16.491, 15.98, 16.161, 15.392, 12.775, 12.511, 14.392, 16.222, 18.466, 20.881, 19.865, 17.365, 16.693, 16.514, 17.021, 18.558, 17.2, 15.672, 15.984, 15.792, 15.444, 14.835, 14.374, 13.818, 13.578, 14.416, 14.503, 14.805, 16.972, 18.476, 19.015, 17.633, 15.055, 13.717, 12.818, 12.434, 13.407, 13.638, 12.616, 10.892, 10.439, 9.858, 8.536, 9.118, 10.924, 10.631, 10.651, 10.099, 10.245, 11.097, 11.69, 11.675, 10.36, 10.872, 12.684, 14.965, 14.97, 13.854, 12.733, 11.24, 10.769, 12.586, 15.12, 15.845, 14.239, 13.504, 14.342, 14.816, 14.502, 12.573, 10.136, 9.981], [5.616, 3.509, 4.76, 4.306, 3.43, 4.568, 4.867, 4.61, 4.668, 4.069, 4.579, 5.669, 5.993, 6.15, 6.117, 5.944, 6.139, 6.06, 5.029, 3.938, 3.016, 3.204, 1.973, 1.194, 0.0, 1.477, 6.677, 16.713, 17.567, 15.613, 16.916, 13.499, 11.803, 12.92, 13.691, 13.421, 12.478, 10.968, 10.332, 12.571, 14.41, 14.438, 13.862, 14.38, 14.339, 14.296, 15.225, 18.535, 18.186, 14.19, 11.941, 11.366, 10.746, 10.986, 12.863, 14.258, 14.551, 15.298, 16.836, 15.459, 15.403, 17.25, 18.695, 18.613, 19.702, 20.183, 19.573, 16.01, 13.746, 12.738, 13.068, 14.09, 15.066, 16.166, 16.121, 15.629, 15.817, 15.033, 12.437, 12.151, 14.035, 15.862, 18.104, 20.607, 19.485, 17.023, 16.303, 16.159, 16.759, 18.196, 16.914, 15.321, 15.65, 15.448, 15.128, 14.524, 14.02, 13.464, 13.194, 14.05, 14.22, 14.456, 16.651, 18.154, 18.66, 17.285, 14.719, 13.465, 12.579, 12.063, 13.182, 13.341, 12.292, 10.576, 10.169, 9.621, 8.262, 8.875, 10.623, 10.312, 10.45, 9.761, 10.028, 10.773, 11.324, 11.437, 10.188, 10.67, 12.496, 14.581, 14.564, 13.475, 12.486, 10.84, 10.434, 12.194, 14.77, 15.438, 13.871, 13.157, 14.052, 14.54, 14.234, 12.272, 9.837, 9.708], [5.265, 3.401, 4.302, 4.102, 3.632, 5.179, 5.519, 5.178, 5.135, 4.726, 5.333, 6.358, 6.65, 6.836, 6.809, 6.668, 6.802, 6.784, 5.579, 4.51, 3.748, 3.761, 2.747, 1.652, 1.477, 0.0, 5.82, 15.93, 16.696, 14.807, 16.11, 12.765, 10.944, 12.103, 12.905, 12.736, 11.807, 10.275, 9.689, 11.837, 13.651, 13.697, 13.112, 13.56, 13.534, 13.63, 14.542, 17.795, 17.436, 13.451, 11.406, 10.955, 10.223, 10.283, 12.126, 13.458, 13.821, 14.476, 15.99, 14.676, 14.575, 16.453, 17.856, 17.692, 18.893, 19.329, 18.657, 15.14, 12.9, 11.9, 12.177, 13.125, 14.155, 15.298, 15.257, 14.774, 14.929, 14.199, 11.657, 11.407, 13.288, 14.998, 17.216, 19.648, 18.627, 16.27, 15.499, 15.317, 15.912, 17.359, 15.99, 14.485, 14.756, 14.565, 14.329, 13.579, 13.29, 12.734, 12.448, 13.154, 13.244, 13.621, 15.902, 17.416, 17.928, 16.526, 14.032, 12.938, 12.156, 11.743, 12.448, 12.449, 11.314, 9.766, 9.148, 8.582, 7.264, 8.005, 9.812, 9.448, 9.565, 8.976, 9.261, 10.001, 10.456, 10.618, 9.405, 9.929, 11.509, 13.741, 13.792, 12.696, 11.591, 10.082, 9.677, 11.435, 13.879, 14.667, 13.129, 12.441, 13.302, 13.778, 13.456, 11.489, 9.143, 8.999], [4.856, 4.811, 4.014, 5.074, 7.404, 9.391, 9.552, 9.106, 8.932, 8.888, 10.406, 11.831, 12.066, 12.421, 12.304, 11.941, 11.892, 11.907, 10.898, 9.024, 8.338, 8.894, 8.265, 6.991, 6.677, 5.82, 0.0, 10.252, 11.3, 9.324, 10.647, 7.23, 5.732, 6.862, 7.342, 7.138, 6.262, 4.785, 4.188, 6.22, 8.03, 8.073, 7.474, 7.989, 8.299, 8.385, 9.223, 12.107, 11.795, 8.245, 6.753, 6.492, 6.036, 5.53, 6.647, 8.064, 8.367, 9.054, 10.357, 9.11, 8.857, 10.806, 12.397, 12.444, 13.392, 13.924, 13.45, 9.814, 7.561, 6.776, 7.103, 7.982, 8.945, 10.033, 9.909, 9.421, 9.525, 8.567, 6.084, 5.856, 7.576, 9.629, 11.901, 14.393, 13.168, 10.738, 9.996, 9.961, 10.295, 11.932, 10.803, 9.223, 9.47, 9.219, 8.639, 8.192, 7.631, 6.958, 6.767, 7.824, 7.997, 8.192, 10.149, 11.78, 12.159, 10.773, 8.906, 8.255, 7.434, 7.231, 7.414, 7.029, 6.424, 5.254, 4.877, 4.233, 3.501, 3.868, 4.369, 4.281, 4.39, 4.513, 4.823, 5.057, 5.563, 5.924, 4.909, 5.57, 6.444, 8.332, 8.212, 7.326, 6.189, 4.54, 3.969, 5.803, 8.514, 9.025, 7.396, 6.703, 7.68, 8.206, 7.816, 5.832, 4.124, 3.87], [11.634, 14.717, 12.624, 13.62, 16.952, 18.951, 18.882, 18.57, 17.935, 18.532, 20.42, 21.72, 21.928, 22.346, 22.238, 21.925, 21.711, 21.686, 20.932, 18.946, 17.955, 18.334, 18.145, 16.999, 16.713, 15.93, 10.252, 0.0, 1.823, 2.571, 3.324, 3.897, 5.427, 4.691, 3.635, 4.615, 5.697, 6.76, 7.743, 5.46, 3.913, 3.93, 4.57, 3.919, 4.207, 4.657, 4.894, 4.355, 4.793, 5.838, 7.4, 8.003, 7.777, 7.334, 5.627, 4.975, 5.303, 4.449, 4.032, 4.46, 3.968, 3.029, 2.535, 2.623, 3.441, 3.916, 5.302, 5.669, 6.903, 7.272, 6.663, 5.903, 5.192, 5.103, 4.904, 4.205, 3.279, 2.85, 4.75, 5.125, 3.575, 2.171, 2.646, 4.42, 3.348, 2.951, 3.532, 3.754, 3.192, 2.986, 3.325, 4.032, 3.998, 3.43, 2.779, 3.289, 3.542, 4.134, 4.068, 4.126, 4.217, 2.983, 2.945, 2.902, 3.703, 4.209, 4.98, 5.32, 6.22, 6.369, 5.467, 4.759, 6.143, 7.523, 7.969, 8.236, 9.356, 8.8, 7.037, 7.511, 7.228, 7.731, 7.47, 6.9, 7.086, 6.986, 7.714, 7.442, 5.577, 3.738, 3.586, 4.355, 5.315, 6.487, 6.872, 5.447, 3.986, 3.037, 3.841, 4.492, 4.155, 4.647, 4.454, 5.436, 7.246, 7.664], [12.351, 15.3, 13.378, 14.364, 18.04, 19.965, 19.909, 19.551, 18.908, 19.33, 21.201, 22.32, 22.408, 22.778, 22.767, 22.738, 22.668, 22.537, 21.727, 19.73, 18.847, 19.366, 19.069, 17.917, 17.567, 16.696, 11.3, 1.823, 0.0, 2.427, 2.499, 4.491, 6.059, 5.066, 4.469, 5.67, 6.714, 7.739, 8.751, 6.489, 4.728, 4.629, 5.34, 4.459, 4.688, 5.299, 5.336, 4.214, 4.743, 6.508, 8.3, 8.72, 8.428, 8.152, 6.33, 5.248, 5.629, 4.626, 3.893, 4.604, 4.145, 2.87, 1.938, 1.956, 2.771, 3.165, 5.084, 5.794, 7.121, 7.449, 6.823, 6.037, 5.441, 5.307, 5.191, 4.341, 3.467, 3.253, 5.617, 5.94, 4.315, 2.231, 1.399, 3.373, 2.623, 2.645, 2.904, 3.075, 3.092, 2.177, 2.929, 3.772, 3.71, 3.648, 3.365, 3.573, 4.266, 4.84, 4.709, 4.064, 4.221, 3.553, 3.185, 2.813, 3.498, 4.071, 5.199, 6.039, 7.092, 7.335, 5.974, 5.398, 6.265, 7.713, 8.13, 8.513, 9.712, 9.57, 7.846, 8.134, 8.152, 8.598, 8.434, 7.522, 7.345, 7.552, 8.662, 8.14, 6.253, 3.731, 3.844, 4.871, 5.769, 7.136, 7.619, 5.783, 3.906, 3.148, 4.652, 5.436, 4.95, 5.025, 5.202, 6.376, 8.361, 8.774], [10.534, 13.531, 11.547, 12.471, 16.142, 18.145, 18.096, 17.713, 17.159, 17.47, 19.312, 20.47, 20.52, 21.003, 20.972, 20.822, 20.78, 20.656, 19.8, 17.797, 16.907, 17.441, 17.178, 16.015, 15.613, 14.807, 9.324, 2.571, 2.427, 0.0, 1.653, 2.697, 4.081, 3.051, 2.443, 3.552, 4.666, 5.699, 6.718, 4.367, 2.765, 2.648, 3.343, 2.413, 2.619, 3.403, 3.471, 3.796, 4.128, 4.456, 6.198, 6.647, 6.426, 6.123, 4.251, 3.414, 3.728, 2.72, 2.677, 2.912, 2.355, 2.181, 3.31, 3.561, 4.288, 4.877, 6.382, 6.327, 7.306, 7.361, 6.944, 6.017, 5.885, 5.883, 5.599, 4.818, 3.938, 2.522, 3.533, 3.846, 2.2, 1.472, 2.654, 5.206, 4.236, 2.094, 1.635, 2.065, 2.277, 2.788, 2.339, 2.092, 2.115, 1.727, 1.665, 2.793, 3.042, 3.281, 3.23, 3.187, 2.709, 2.365, 1.947, 3.176, 3.454, 2.906, 3.318, 4.087, 4.989, 5.305, 4.052, 3.386, 4.315, 5.746, 6.242, 6.744, 7.778, 7.488, 5.74, 6.053, 6.052, 6.411, 6.265, 5.524, 5.385, 5.464, 6.537, 6.003, 4.214, 2.603, 2.294, 2.973, 3.997, 5.218, 5.632, 4.178, 2.786, 2.428, 2.871, 3.374, 3.033, 3.26, 3.375, 4.46, 6.423, 6.845], [11.914, 14.837, 12.847, 13.78, 17.433, 19.406, 19.389, 18.991, 18.449, 18.714, 20.561, 21.693, 21.797, 22.235, 22.224, 22.053, 22.062, 21.9, 21.067, 19.095, 18.202, 18.726, 18.476, 17.312, 16.916, 16.11, 10.647, 3.324, 2.499, 1.653, 0.0, 3.72, 5.241, 4.119, 3.533, 4.802, 5.921, 6.989, 7.982, 5.553, 3.471, 3.502, 4.165, 3.209, 3.233, 4.18, 3.936, 3.179, 3.359, 4.78, 6.533, 7.062, 6.991, 6.733, 4.713, 3.704, 4.0, 2.907, 2.1, 2.889, 2.499, 1.964, 2.82, 3.285, 3.737, 4.347, 6.559, 7.177, 8.266, 8.297, 7.893, 6.95, 6.769, 6.762, 6.431, 5.649, 4.886, 3.784, 4.745, 5.059, 3.174, 2.221, 1.707, 4.204, 3.488, 1.632, 1.412, 1.647, 1.796, 2.488, 2.623, 2.369, 2.344, 1.984, 2.531, 3.827, 4.137, 4.503, 4.542, 4.139, 3.64, 3.575, 2.423, 2.655, 2.726, 2.226, 3.461, 4.803, 5.969, 6.048, 4.676, 4.054, 5.156, 6.741, 7.28, 7.695, 8.975, 8.46, 6.654, 6.844, 7.004, 7.514, 7.327, 6.356, 5.973, 6.158, 7.388, 6.9, 5.248, 3.359, 3.076, 3.829, 4.873, 6.363, 6.879, 5.234, 3.344, 3.105, 3.826, 4.48, 4.112, 3.955, 3.936, 5.344, 7.629, 8.136], [9.046, 11.456, 9.653, 10.518, 13.887, 15.862, 15.852, 15.47, 14.895, 15.302, 17.181, 18.459, 18.651, 19.056, 18.994, 18.725, 18.621, 18.515, 17.75, 15.8, 14.782, 15.259, 15.053, 13.861, 13.499, 12.765, 7.23, 3.897, 4.491, 2.697, 3.72, 0.0, 1.915, 1.356, 1.788, 2.481, 3.126, 4.045, 4.826, 3.329, 2.264, 2.304, 1.813, 2.231, 2.561, 2.928, 3.751, 5.67, 5.993, 3.05, 4.071, 4.59, 4.258, 3.862, 2.26, 2.114, 2.811, 3.02, 4.4, 3.232, 2.726, 3.97, 5.467, 5.495, 6.429, 6.948, 7.402, 6.637, 7.1, 7.13, 6.88, 6.143, 5.985, 6.077, 5.866, 5.364, 4.435, 2.761, 1.875, 1.999, 1.624, 2.604, 4.901, 7.508, 6.273, 3.933, 3.522, 3.765, 4.04, 4.904, 4.247, 2.737, 2.549, 2.536, 1.946, 2.596, 2.519, 2.645, 2.969, 2.961, 2.244, 1.801, 3.336, 5.109, 5.431, 4.558, 3.296, 2.883, 3.196, 3.333, 2.71, 1.699, 2.572, 3.92, 4.436, 4.698, 5.856, 5.251, 3.802, 3.912, 3.799, 4.315, 4.067, 3.264, 3.363, 3.434, 4.292, 3.89, 2.565, 2.629, 1.733, 1.922, 2.408, 3.78, 3.629, 2.326, 2.877, 2.584, 1.345, 1.408, 2.068, 2.441, 1.99, 2.465, 4.132, 4.563], [7.927, 9.815, 8.322, 9.185, 12.422, 14.406, 14.418, 13.998, 13.558, 13.781, 15.664, 16.724, 16.909, 17.298, 17.227, 17.091, 17.061, 16.907, 16.015, 14.009, 13.078, 13.66, 13.299, 12.131, 11.803, 10.944, 5.732, 5.427, 6.059, 4.081, 5.241, 1.915, 0.0, 1.596, 2.565, 3.152, 2.926, 3.185, 3.752, 2.651, 3.526, 3.429, 3.01, 3.335, 3.501, 3.974, 4.868, 7.218, 7.324, 3.793, 3.44, 3.779, 3.34, 2.86, 2.138, 2.826, 3.534, 4.113, 5.498, 4.367, 3.851, 5.599, 6.988, 7.006, 8.02, 8.471, 8.067, 6.779, 6.974, 6.993, 6.787, 6.1, 5.916, 6.211, 6.156, 5.72, 5.133, 3.766, 1.526, 1.349, 2.564, 4.189, 6.442, 8.981, 7.855, 5.478, 4.738, 4.774, 5.228, 6.52, 5.52, 3.849, 3.99, 3.812, 3.442, 3.087, 3.257, 3.098, 2.921, 3.022, 2.674, 2.841, 5.038, 6.748, 7.047, 5.894, 4.291, 3.859, 3.418, 3.231, 3.029, 2.06, 1.792, 2.276, 2.749, 3.169, 4.221, 3.811, 2.804, 2.539, 2.278, 2.956, 2.691, 1.927, 2.124, 2.169, 2.727, 2.286, 2.276, 3.251, 2.94, 2.202, 1.982, 3.005, 2.634, 1.834, 3.42, 3.783, 2.324, 2.012, 3.247, 3.521, 3.085, 2.076, 2.656, 3.118], [8.992, 11.016, 9.526, 10.463, 13.613, 15.583, 15.676, 15.195, 14.761, 14.89, 16.699, 17.882, 18.009, 18.399, 18.35, 18.205, 18.279, 18.075, 17.084, 15.111, 14.281, 14.877, 14.486, 13.302, 12.92, 12.103, 6.862, 4.691, 5.066, 3.051, 4.119, 1.356, 1.596, 0.0, 1.69, 2.785, 3.213, 3.806, 4.667, 3.119, 2.445, 2.448, 2.131, 2.247, 2.433, 2.833, 3.702, 6.286, 6.254, 2.979, 3.423, 4.011, 3.697, 3.311, 1.797, 2.077, 2.622, 3.071, 4.321, 3.274, 2.879, 4.559, 5.916, 5.926, 6.93, 7.416, 7.951, 7.135, 7.431, 7.466, 7.213, 6.463, 6.306, 6.613, 6.483, 6.029, 5.113, 3.339, 1.816, 1.731, 2.013, 3.236, 5.376, 7.902, 6.755, 4.581, 3.603, 3.761, 4.296, 5.495, 4.653, 3.011, 2.958, 2.809, 2.609, 3.222, 3.457, 3.428, 3.304, 3.394, 2.494, 2.105, 4.058, 5.815, 6.077, 4.871, 3.138, 2.845, 2.699, 2.879, 2.376, 1.34, 1.682, 3.105, 3.706, 4.253, 5.212, 4.964, 3.853, 3.622, 3.441, 3.635, 3.632, 2.936, 2.716, 2.598, 3.709, 3.221, 2.463, 3.218, 2.387, 2.241, 2.491, 3.901, 3.693, 2.521, 3.496, 3.274, 2.214, 1.786, 2.25, 2.636, 2.344, 1.979, 3.677, 4.178], [9.254, 11.784, 10.001, 11.104, 14.2, 16.191, 16.19, 15.799, 15.499, 15.669, 17.498, 18.755, 19.025, 19.387, 19.255, 18.951, 18.876, 18.818, 17.922, 15.928, 15.045, 15.529, 15.206, 14.006, 13.691, 12.905, 7.342, 3.635, 4.469, 2.443, 3.533, 1.788, 2.565, 1.69, 0.0, 2.063, 2.704, 3.836, 4.782, 2.855, 1.555, 1.612, 1.829, 1.395, 1.68, 2.079, 2.657, 5.07, 4.983, 2.878, 4.262, 4.832, 4.593, 4.134, 2.419, 2.03, 2.334, 1.98, 3.332, 2.347, 1.958, 3.622, 5.286, 5.454, 6.363, 6.856, 7.829, 7.005, 7.561, 7.672, 7.238, 6.478, 6.337, 6.517, 6.31, 5.798, 4.887, 2.798, 1.941, 2.037, 1.49, 3.031, 4.82, 7.356, 6.088, 3.573, 2.942, 2.978, 3.272, 4.909, 3.699, 2.228, 2.54, 2.138, 2.129, 2.889, 2.986, 2.989, 3.219, 3.457, 2.592, 2.176, 3.068, 4.635, 5.044, 3.711, 2.609, 2.537, 3.064, 3.376, 2.494, 1.829, 3.002, 4.317, 4.956, 5.459, 6.333, 5.747, 4.158, 4.454, 4.035, 4.367, 4.241, 3.873, 3.915, 3.669, 4.388, 4.049, 2.329, 3.171, 2.338, 2.096, 2.96, 4.25, 4.291, 3.14, 3.322, 3.101, 2.009, 1.933, 1.67, 2.029, 2.06, 2.603, 4.291, 4.746], [9.188, 11.413, 10.017, 11.347, 13.868, 15.79, 16.023, 15.788, 15.46, 15.759, 17.348, 18.782, 19.027, 19.382, 19.284, 18.825, 18.383, 18.874, 17.964, 15.959, 15.266, 15.702, 15.052, 13.645, 13.421, 12.736, 7.138, 4.615, 5.67, 3.552, 4.802, 2.481, 3.152, 2.785, 2.063, 0.0, 1.471, 2.87, 3.541, 1.549, 1.755, 1.954, 1.999, 2.336, 2.617, 2.227, 2.613, 6.003, 5.405, 3.292, 3.887, 4.556, 4.325, 3.734, 3.153, 3.439, 3.818, 3.385, 4.567, 3.394, 3.374, 4.978, 6.654, 6.69, 7.614, 8.161, 8.223, 6.999, 7.478, 7.545, 7.262, 6.502, 6.375, 6.416, 6.455, 5.796, 4.829, 3.28, 2.244, 2.322, 1.951, 3.806, 6.114, 8.717, 7.481, 4.845, 4.219, 4.233, 4.509, 6.141, 5.071, 3.634, 4.065, 3.474, 2.842, 3.292, 2.964, 2.732, 3.176, 3.625, 3.012, 2.995, 4.083, 5.655, 6.063, 4.842, 3.775, 2.839, 2.77, 3.506, 3.311, 2.938, 3.71, 4.814, 5.425, 6.044, 6.786, 6.22, 4.516, 5.088, 4.413, 4.609, 4.531, 4.377, 4.426, 4.223, 4.388, 4.049, 2.367, 3.325, 2.666, 2.45, 3.33, 4.356, 4.228, 3.197, 3.507, 3.304, 2.267, 1.866, 2.128, 2.684, 2.834, 2.747, 4.261, 3.999], [8.565, 10.456, 9.287, 10.605, 12.975, 14.942, 15.164, 14.924, 14.595, 14.849, 16.39, 17.855, 18.111, 18.445, 18.361, 17.909, 17.471, 17.97, 17.049, 15.059, 14.406, 14.832, 14.127, 12.699, 12.478, 11.807, 6.262, 5.697, 6.714, 4.666, 5.921, 3.126, 2.926, 3.213, 2.704, 1.471, 0.0, 1.963, 2.546, 1.498, 2.714, 2.901, 2.677, 3.278, 3.358, 2.882, 3.309, 7.108, 6.496, 3.86, 4.097, 4.309, 4.126, 3.409, 3.504, 3.975, 4.354, 4.356, 5.614, 4.281, 4.195, 6.088, 7.775, 7.825, 8.724, 9.271, 8.807, 6.702, 7.055, 7.057, 6.839, 6.342, 6.094, 6.275, 6.236, 5.832, 5.601, 4.229, 2.326, 2.184, 2.808, 4.871, 7.222, 9.827, 8.574, 5.964, 5.221, 5.209, 5.627