[[0.0, 1.211, 1.623, 3.562, 4.787, 4.909, 5.053, 4.44, 4.348, 5.521, 6.066, 6.726, 7.79, 8.066, 8.739, 9.58, 10.361, 10.05, 9.873, 10.387, 9.87, 9.142, 9.894, 11.395, 12.151, 12.473, 12.568, 10.945, 8.618, 5.708, 4.594, 4.945, 4.737, 2.918, 1.713, 3.719, 3.952, 3.08, 1.842, 2.161, 2.686, 1.42, 1.822, 2.502, 2.756, 2.766, 2.61, 4.255, 5.972, 3.218, 1.691, 1.837, 2.234, 2.341, 5.31, 6.833, 7.005, 7.751, 9.454, 9.236, 7.52, 7.822, 9.856, 9.903, 8.844, 9.494, 10.033, 9.017, 8.923, 9.757, 8.766, 5.339, 3.588, 4.161, 4.131, 2.994, 3.213, 2.738, 3.71, 4.794, 3.975, 2.703, 2.697, 4.258, 5.765, 6.438, 7.404, 8.874, 10.462, 10.515, 9.311, 9.676, 11.277, 12.003, 12.132, 12.881, 13.716, 14.965, 13.594, 10.9, 10.161, 10.523, 10.008, 8.525, 8.067, 7.936, 6.929, 7.012, 8.276, 9.908, 12.712, 12.898, 10.093, 9.546, 11.58, 11.796, 10.293, 9.15, 9.014, 7.903, 7.357, 7.688, 8.425, 8.003, 7.192, 7.512, 8.526, 9.345, 9.447, 9.105, 7.495, 5.47, 5.891, 5.411, 3.72, 3.904, 5.062, 7.104, 8.522, 9.295, 8.166, 7.096, 8.315, 9.676, 11.342, 12.677], [1.211, 0.0, 1.871, 3.752, 4.619, 4.733, 4.873, 4.215, 4.154, 5.278, 5.814, 6.479, 7.589, 7.914, 8.553, 9.34, 10.103, 9.867, 9.691, 10.114, 9.655, 8.845, 9.616, 11.131, 11.913, 12.272, 12.367, 10.776, 8.352, 5.445, 4.477, 4.762, 4.547, 2.621, 2.19, 3.861, 4.176, 3.367, 2.105, 2.101, 2.555, 1.688, 1.784, 2.16, 2.495, 2.944, 2.812, 4.266, 6.017, 3.219, 1.709, 1.67, 1.858, 1.998, 5.044, 6.567, 6.739, 7.485, 9.203, 8.97, 7.252, 7.556, 9.59, 9.637, 8.578, 9.289, 9.821, 8.798, 8.732, 9.499, 8.5, 5.089, 3.301, 4.01, 4.059, 2.821, 2.961, 2.273, 3.433, 4.865, 4.309, 3.005, 3.094, 4.007, 5.465, 6.172, 7.138, 8.608, 10.196, 10.259, 9.057, 9.422, 11.02, 11.722, 11.927, 12.679, 13.559, 14.705, 13.328, 10.634, 9.895, 10.257, 9.743, 8.259, 7.873, 7.678, 6.729, 6.829, 8.107, 9.726, 12.53, 12.632, 9.827, 9.287, 11.314, 11.537, 10.064, 8.957, 8.845, 7.71, 7.099, 7.48, 8.159, 7.757, 6.926, 7.248, 8.261, 9.079, 9.181, 8.839, 7.229, 5.178, 5.56, 5.081, 3.386, 3.618, 4.796, 6.838, 8.256, 9.029, 7.9, 6.83, 8.05, 9.422, 11.096, 12.432], [1.623, 1.871, 0.0, 2.721, 4.082, 4.216, 4.349, 3.726, 3.648, 4.835, 5.362, 6.018, 7.141, 7.349, 7.99, 8.876, 9.682, 9.325, 9.149, 9.675, 9.2, 8.557, 9.219, 10.704, 11.441, 11.773, 11.882, 10.248, 7.917, 5.378, 4.504, 4.35, 4.096, 2.604, 1.355, 3.511, 4.135, 3.388, 1.751, 2.176, 2.552, 2.03, 2.64, 2.996, 3.334, 3.569, 3.286, 5.076, 6.85, 4.084, 1.989, 2.123, 2.53, 2.186, 4.63, 6.135, 6.304, 7.05, 8.746, 8.536, 6.817, 7.121, 9.155, 9.202, 8.143, 8.807, 9.297, 8.262, 8.217, 9.056, 8.075, 4.62, 2.833, 3.5, 3.462, 2.227, 2.424, 2.427, 3.685, 5.022, 4.767, 2.319, 1.711, 3.408, 5.03, 5.737, 6.703, 8.173, 9.761, 9.8, 8.606, 8.971, 10.613, 11.311, 11.447, 12.18, 12.981, 14.261, 12.892, 10.199, 9.46, 9.822, 9.319, 7.976, 7.532, 7.292, 6.496, 6.305, 7.454, 9.184, 11.988, 12.197, 9.392, 8.845, 10.88, 11.095, 9.592, 8.42, 8.226, 7.202, 6.657, 7.127, 7.844, 7.761, 6.856, 6.984, 7.83, 8.644, 8.746, 8.409, 6.794, 4.744, 5.117, 4.619, 2.933, 3.135, 4.359, 6.403, 7.821, 8.595, 7.465, 6.395, 7.615, 8.971, 10.63, 11.947], [3.562, 3.752, 2.721, 0.0, 1.675, 2.005, 2.162, 1.665, 1.849, 2.531, 2.886, 3.554, 4.539, 4.86, 5.405, 6.301, 7.11, 6.753, 6.577, 7.265, 6.788, 6.655, 7.098, 8.188, 9.029, 9.466, 9.685, 8.498, 6.056, 4.464, 3.753, 3.408, 3.024, 2.593, 3.277, 5.738, 6.417, 5.856, 4.262, 2.922, 2.574, 3.755, 4.663, 4.924, 5.509, 5.915, 5.487, 7.327, 9.16, 6.445, 4.191, 4.297, 4.686, 2.965, 3.639, 4.375, 4.222, 4.784, 6.291, 6.394, 5.155, 4.856, 6.618, 6.701, 5.606, 6.342, 6.724, 5.715, 5.912, 6.525, 5.675, 2.447, 2.293, 1.67, 2.501, 2.444, 2.878, 3.764, 5.485, 7.196, 7.307, 4.608, 1.937, 1.4, 2.715, 3.263, 4.182, 5.645, 7.186, 7.242, 6.043, 6.428, 8.27, 8.896, 9.035, 9.652, 10.409, 11.695, 10.317, 7.623, 6.962, 7.376, 6.96, 6.102, 6.014, 5.296, 4.99, 4.477, 4.852, 6.612, 9.416, 9.621, 6.816, 6.269, 8.304, 8.52, 7.017, 5.939, 5.949, 5.085, 5.223, 5.663, 6.292, 6.5, 5.402, 5.304, 5.685, 6.157, 6.468, 6.045, 4.579, 3.226, 2.943, 2.573, 2.248, 1.902, 2.313, 4.157, 5.281, 6.128, 4.916, 4.407, 5.223, 6.398, 8.104, 9.671], [4.787, 4.619, 4.082, 1.675, 0.0, 1.151, 1.393, 1.414, 1.534, 1.938, 2.075, 2.244, 3.318, 3.701, 4.257, 4.987, 5.829, 5.466, 5.266, 5.948, 5.559, 5.925, 6.165, 6.949, 7.947, 8.659, 8.897, 8.087, 5.502, 3.865, 3.364, 3.036, 2.608, 2.742, 4.352, 6.785, 7.545, 7.09, 5.58, 3.683, 3.397, 4.787, 5.66, 5.747, 6.641, 7.348, 6.852, 8.53, 10.386, 7.574, 5.253, 5.454, 5.653, 3.516, 3.204, 3.66, 3.378, 4.051, 5.315, 5.785, 4.721, 4.124, 5.422, 5.747, 4.752, 5.454, 5.508, 4.53, 4.954, 5.2, 4.387, 1.742, 2.609, 1.839, 2.381, 2.867, 3.284, 4.253, 6.163, 8.171, 8.566, 5.759, 3.022, 1.523, 1.863, 2.172, 2.797, 4.232, 5.68, 5.767, 4.659, 5.234, 6.989, 7.643, 7.912, 8.498, 9.126, 10.24, 8.862, 6.152, 5.745, 6.445, 5.868, 5.288, 5.744, 4.743, 4.597, 3.975, 3.975, 5.233, 7.985, 8.115, 5.31, 4.773, 6.806, 7.014, 5.611, 5.061, 5.308, 4.621, 4.745, 5.142, 5.739, 6.016, 4.962, 4.704, 4.978, 5.055, 5.608, 5.175, 3.89, 2.791, 2.15, 1.823, 2.539, 2.07, 1.923, 3.637, 4.444, 4.771, 3.774, 3.878, 4.427, 5.256, 6.915, 8.91], [4.909, 4.733, 4.216, 2.005, 1.151, 0.0, 1.16, 1.467, 1.399, 1.552, 1.913, 2.1, 3.153, 3.816, 4.397, 4.866, 5.826, 5.412, 5.215, 6.133, 5.844, 6.183, 6.351, 7.223, 8.085, 8.827, 9.141, 8.335, 5.756, 4.273, 3.73, 3.403, 2.935, 2.889, 4.364, 6.978, 7.632, 7.206, 5.72, 4.07, 3.871, 5.188, 5.968, 6.2, 6.894, 7.474, 7.031, 8.701, 10.53, 7.696, 5.486, 5.66, 5.947, 3.803, 3.674, 3.952, 3.446, 4.28, 5.397, 5.989, 5.08, 4.464, 5.408, 5.508, 4.709, 5.233, 5.505, 4.681, 5.273, 5.512, 4.526, 1.463, 2.333, 1.702, 2.575, 2.886, 3.205, 4.491, 6.446, 8.261, 8.64, 5.823, 3.088, 1.447, 1.524, 1.952, 2.621, 4.114, 5.558, 5.642, 4.551, 5.181, 7.345, 7.904, 8.219, 8.526, 9.279, 10.315, 9.007, 6.297, 5.834, 6.476, 6.0, 5.414, 6.156, 4.984, 4.899, 4.22, 3.784, 5.15, 7.919, 8.002, 5.243, 4.731, 6.671, 6.932, 5.566, 4.964, 5.558, 4.955, 5.079, 5.372, 5.968, 6.307, 5.311, 4.991, 5.119, 5.253, 5.677, 5.473, 4.137, 3.147, 2.368, 1.703, 2.618, 2.195, 2.001, 3.56, 4.279, 4.512, 3.653, 3.845, 4.369, 5.096, 6.828, 9.148], [5.053, 4.873, 4.349, 2.162, 1.393, 1.16, 0.0, 1.212, 1.513, 1.406, 1.889, 1.928, 2.974, 3.428, 3.987, 4.702, 5.504, 5.108, 4.938, 5.693, 5.347, 5.43, 5.651, 6.652, 7.609, 8.219, 8.465, 7.422, 5.012, 3.791, 3.314, 2.849, 2.53, 2.901, 4.544, 7.132, 7.762, 7.346, 5.847, 4.221, 3.952, 5.33, 6.089, 6.25, 6.987, 7.646, 7.184, 8.846, 10.738, 7.847, 5.572, 5.819, 6.077, 3.838, 3.184, 3.29, 2.741, 3.564, 4.712, 5.071, 4.309, 3.867, 4.859, 5.037, 4.317, 4.745, 5.129, 4.162, 4.676, 4.909, 4.106, 1.967, 2.807, 2.039, 3.163, 3.204, 3.55, 4.652, 6.6, 8.397, 8.781, 5.989, 3.274, 1.789, 2.062, 2.13, 2.521, 3.922, 5.413, 5.483, 4.29, 4.735, 6.799, 7.439, 7.747, 8.187, 8.907, 9.962, 8.611, 5.911, 5.365, 5.803, 5.46, 4.677, 5.281, 4.181, 4.049, 3.557, 3.447, 4.936, 7.738, 7.848, 5.043, 4.546, 6.531, 6.747, 5.343, 4.434, 4.779, 4.119, 4.249, 4.528, 5.039, 5.325, 4.454, 4.188, 4.307, 4.659, 4.863, 4.625, 3.548, 2.657, 1.955, 1.405, 2.468, 2.494, 1.773, 3.495, 3.928, 4.536, 3.518, 3.642, 4.366, 4.762, 6.36, 8.391], [4.44, 4.215, 3.726, 1.665, 1.414, 1.467, 1.212, 0.0, 1.243, 1.539, 2.109, 2.551, 3.622, 3.985, 4.623, 5.36, 6.063, 5.751, 5.556, 6.1, 5.698, 5.758, 6.088, 7.192, 7.977, 8.637, 8.955, 7.707, 5.017, 3.938, 3.49, 3.026, 2.772, 2.601, 4.183, 6.716, 7.225, 6.727, 5.224, 3.522, 3.244, 4.581, 5.357, 5.513, 6.27, 6.992, 6.472, 8.175, 10.029, 7.182, 4.957, 5.091, 5.357, 3.203, 3.193, 3.283, 2.966, 3.722, 5.277, 5.246, 4.195, 3.914, 5.571, 5.614, 4.517, 5.299, 5.79, 4.887, 5.141, 5.556, 4.645, 2.046, 2.479, 1.881, 2.979, 2.983, 3.236, 4.203, 6.117, 7.929, 8.172, 5.5, 2.894, 1.492, 2.285, 2.565, 3.207, 4.666, 6.066, 6.124, 4.961, 5.351, 7.211, 7.784, 8.11, 8.751, 9.514, 10.556, 9.167, 6.526, 5.927, 6.269, 5.952, 5.0, 5.345, 4.263, 3.997, 3.82, 4.117, 5.589, 8.393, 8.49, 5.712, 5.265, 7.228, 7.413, 5.989, 5.102, 5.315, 4.249, 4.2, 4.777, 5.301, 5.585, 4.397, 4.3, 4.704, 5.185, 5.432, 5.158, 3.791, 2.827, 2.165, 1.877, 2.173, 1.832, 1.811, 3.719, 4.277, 5.146, 3.954, 3.759, 4.618, 5.297, 6.976, 8.725], [4.348, 4.154, 3.648, 1.849, 1.534, 1.399, 1.513, 1.243, 0.0, 1.502, 1.909, 2.55, 3.853, 4.389, 4.968, 5.582, 6.387, 5.963, 5.766, 6.661, 6.316, 6.348, 6.642, 7.686, 8.605, 9.274, 9.494, 7.943, 5.195, 3.369, 2.865, 2.516, 2.046, 2.252, 3.804, 6.393, 7.061, 6.645, 5.146, 3.442, 3.258, 4.494, 5.298, 5.499, 6.226, 6.914, 6.417, 8.113, 9.951, 7.104, 4.846, 5.031, 5.292, 3.169, 2.657, 3.224, 3.1, 3.799, 5.558, 5.78, 4.495, 4.307, 5.747, 5.7, 4.717, 5.651, 6.104, 5.126, 5.777, 6.043, 5.129, 1.886, 1.919, 2.135, 2.89, 2.601, 2.629, 3.877, 5.72, 7.629, 8.08, 5.259, 2.598, 1.578, 2.453, 2.859, 3.333, 4.849, 6.209, 6.203, 5.067, 5.639, 7.756, 8.398, 8.726, 9.121, 9.821, 10.865, 9.458, 6.846, 6.384, 6.788, 6.491, 5.389, 5.63, 4.781, 4.474, 3.549, 4.342, 5.75, 8.549, 8.67, 5.876, 5.454, 7.395, 7.591, 6.16, 5.391, 5.806, 4.372, 4.313, 4.817, 5.376, 5.828, 4.756, 4.501, 4.793, 5.462, 5.575, 5.453, 3.702, 2.224, 2.164, 1.511, 2.112, 1.691, 1.492, 3.211, 4.382, 5.187, 4.066, 3.324, 4.269, 5.414, 7.16, 9.3], [5.521, 5.278, 4.835, 2.531, 1.938, 1.552, 1.406, 1.539, 1.502, 0.0, 1.018, 1.648, 2.674, 3.205, 3.826, 4.392, 5.22, 4.817, 4.614, 5.481, 5.18, 5.492, 5.719, 6.719, 7.469, 8.333, 8.56, 7.362, 4.703, 3.353, 2.838, 2.526, 2.168, 2.856, 4.999, 7.645, 8.256, 7.827, 6.324, 4.243, 3.994, 5.556, 6.388, 6.48, 7.336, 8.097, 7.593, 9.291, 11.147, 8.286, 6.033, 6.173, 6.396, 3.788, 2.746, 2.906, 2.51, 3.164, 4.584, 4.941, 4.08, 3.529, 4.838, 4.824, 3.759, 4.571, 5.008, 4.207, 4.689, 4.978, 3.979, 1.664, 2.611, 2.012, 2.876, 3.096, 3.446, 4.599, 6.84, 8.874, 9.246, 6.468, 3.716, 1.962, 1.721, 1.806, 2.168, 3.703, 5.057, 5.007, 3.93, 4.551, 6.65, 7.219, 7.549, 7.867, 8.697, 9.703, 8.352, 5.716, 5.27, 5.719, 5.507, 4.653, 5.179, 4.077, 3.96, 3.325, 3.237, 4.602, 7.404, 7.526, 4.701, 4.313, 6.251, 6.446, 5.022, 4.427, 4.887, 3.821, 3.948, 4.314, 4.893, 5.334, 4.269, 4.04, 4.183, 4.591, 4.788, 4.601, 3.217, 2.222, 1.59, 1.112, 2.121, 2.168, 1.419, 2.78, 3.416, 4.049, 2.969, 2.933, 3.566, 4.261, 6.076, 8.271], [6.066, 5.814, 5.362, 2.886, 2.075, 1.913, 1.889, 2.109, 1.909, 1.018, 0.0, 1.221, 2.41, 3.082, 3.601, 3.989, 4.954, 4.45, 4.186, 5.24, 4.979, 5.44, 5.619, 6.562, 7.247, 8.22, 8.463, 7.418, 4.754, 3.291, 2.893, 2.577, 2.157, 3.351, 5.537, 8.104, 8.796, 8.372, 6.861, 4.641, 4.283, 6.029, 6.895, 6.753, 7.851, 8.625, 8.104, 9.814, 11.682, 8.832, 6.55, 6.695, 6.909, 4.161, 2.768, 2.804, 2.582, 2.978, 4.462, 5.008, 4.194, 3.433, 4.602, 4.461, 3.439, 4.435, 4.754, 3.935, 4.61, 4.787, 3.907, 1.666, 2.87, 2.406, 2.93, 3.485, 3.82, 5.037, 7.31, 9.351, 9.811, 6.98, 4.231, 2.203, 1.838, 1.893, 1.846, 3.325, 4.545, 4.508, 3.463, 4.247, 6.425, 6.955, 7.289, 7.568, 8.408, 9.324, 8.0, 5.371, 5.04, 5.6, 5.485, 4.693, 5.207, 4.139, 3.98, 3.146, 2.913, 4.072, 6.817, 6.933, 4.269, 3.799, 5.657, 5.876, 4.606, 4.23, 4.792, 3.787, 4.026, 4.448, 4.949, 5.347, 4.276, 4.008, 4.133, 4.334, 4.723, 4.5, 3.088, 2.168, 1.622, 1.351, 2.586, 2.534, 1.537, 2.196, 3.011, 3.693, 2.537, 2.599, 2.968, 3.818, 5.813, 8.196], [6.726, 6.479, 6.018, 3.554, 2.244, 2.1, 1.928, 2.551, 2.55, 1.648, 1.221, 0.0, 1.726, 2.351, 2.859, 3.245, 4.21, 3.705, 3.451, 4.481, 4.146, 4.557, 4.633, 5.601, 6.399, 7.307, 7.488, 6.666, 4.218, 3.107, 3.276, 2.51, 2.486, 4.007, 6.209, 8.754, 9.466, 9.029, 7.518, 5.189, 4.764, 6.64, 7.514, 7.343, 8.516, 9.28, 8.76, 10.478, 12.333, 9.496, 7.22, 7.361, 7.571, 4.782, 3.092, 2.467, 1.986, 2.573, 3.705, 4.392, 3.773, 3.175, 3.736, 3.834, 3.08, 3.627, 3.894, 2.996, 3.724, 3.953, 3.189, 2.431, 3.628, 2.811, 3.509, 4.126, 4.522, 5.676, 7.994, 10.062, 10.49, 7.65, 4.891, 2.969, 2.208, 1.993, 1.614, 2.632, 3.868, 3.818, 2.683, 3.503, 5.606, 6.227, 6.565, 6.828, 7.59, 8.601, 7.29, 4.665, 4.362, 5.058, 4.609, 4.006, 4.707, 3.528, 3.373, 2.766, 2.09, 3.346, 6.108, 6.229, 3.542, 3.007, 4.98, 5.169, 3.873, 3.42, 3.903, 3.293, 3.572, 3.851, 4.423, 4.732, 3.718, 3.457, 3.486, 3.616, 4.093, 3.919, 2.74, 2.284, 1.524, 1.673, 3.284, 3.448, 2.231, 2.37, 2.697, 3.129, 2.158, 2.499, 3.099, 3.192, 5.026, 7.401], [7.79, 7.589, 7.141, 4.539, 3.318, 3.153, 2.974, 3.622, 3.853, 2.674, 2.41, 1.726, 0.0, 1.358, 1.612, 2.024, 2.968, 2.964, 3.162, 3.309, 3.339, 4.489, 4.293, 4.69, 5.357, 6.392, 7.05, 6.428, 4.486, 3.807, 4.213, 3.494, 3.746, 5.303, 7.356, 9.994, 10.618, 10.115, 8.641, 6.27, 5.866, 7.711, 8.572, 8.519, 9.58, 10.353, 9.833, 11.568, 13.391, 10.552, 8.381, 8.456, 8.632, 5.967, 4.06, 2.909, 2.688, 2.949, 3.808, 4.343, 3.824, 3.389, 3.695, 4.096, 3.397, 3.267, 2.999, 2.779, 3.209, 2.996, 2.085, 3.182, 4.961, 3.805, 4.439, 5.238, 5.717, 6.943, 9.325, 11.37, 11.619, 8.838, 5.995, 4.067, 2.984, 2.668, 1.772, 1.659, 2.696, 2.764, 2.291, 2.947, 4.68, 4.974, 5.228, 5.506, 6.406, 7.451, 6.204, 3.506, 3.82, 4.418, 4.019, 4.384, 4.76, 3.551, 3.685, 3.209, 1.634, 2.565, 4.99, 5.11, 2.633, 2.014, 3.841, 4.034, 2.667, 2.728, 3.661, 3.609, 3.812, 3.816, 4.42, 4.692, 3.903, 3.672, 3.879, 3.804, 4.134, 4.054, 3.351, 3.286, 2.638, 2.921, 4.462, 4.469, 3.352, 2.896, 2.906, 3.111, 2.452, 3.238, 3.611, 3.488, 4.782, 6.899], [8.066, 7.914, 7.349, 4.86, 3.701, 3.816, 3.428, 3.985, 4.389, 3.205, 3.082, 2.351, 1.358, 0.0, 1.065, 2.0, 2.572, 2.575, 2.834, 2.856, 2.863, 3.866, 3.967, 4.576, 5.148, 6.109, 6.523, 5.865, 3.917, 3.704, 4.174, 3.552, 3.92, 5.741, 7.746, 10.349, 10.943, 10.423, 8.852, 6.227, 5.8, 7.939, 8.849, 8.824, 9.786, 10.563, 10.04, 11.802, 13.688, 10.9, 8.639, 8.807, 8.972, 6.076, 3.916, 2.767, 2.433, 2.608, 3.396, 3.795, 3.19, 2.813, 3.341, 3.81, 3.081, 2.951, 2.765, 2.338, 2.627, 2.777, 1.263, 3.577, 5.614, 4.125, 4.626, 5.715, 6.172, 7.348, 9.729, 11.758, 11.908, 9.244, 6.354, 4.587, 3.34, 2.877, 2.09, 1.64, 2.483, 2.635, 2.113, 2.707, 4.472, 4.432, 4.581, 5.208, 6.165, 7.022, 5.827, 3.284, 3.302, 4.033, 3.642, 3.818, 4.091, 2.901, 3.203, 2.657, 1.529, 2.216, 4.718, 4.911, 2.375, 2.121, 3.637, 3.83, 2.525, 2.373, 3.134, 3.145, 3.205, 3.267, 3.899, 4.159, 3.384, 3.276, 3.473, 3.407, 3.688, 3.524, 2.961, 3.413, 2.856, 3.379, 4.785, 4.85, 3.719, 3.239, 2.927, 2.811, 2.297, 3.134, 3.606, 3.287, 4.503, 6.613], [8.739, 8.553, 7.99, 5.405, 4.257, 4.397, 3.987, 4.623, 4.968, 3.826, 3.601, 2.859, 1.612, 1.065, 0.0, 1.507, 2.074, 2.353, 2.638, 2.441, 2.613, 3.843, 3.763, 4.197, 4.839, 5.798, 6.367, 5.713, 3.892, 3.747, 4.606, 4.123, 4.477, 6.311, 8.345, 10.932, 11.582, 11.062, 9.518, 6.877, 6.411, 8.602, 9.493, 9.409, 10.463, 11.216, 10.698, 12.457, 14.32, 11.555, 9.274, 9.447, 9.616, 6.709, 4.203, 2.891, 2.457, 2.508, 3.247, 3.825, 3.352, 3.029, 3.177, 3.726, 2.94, 2.821, 2.502, 2.175, 2.558, 2.429, 1.442, 4.169, 6.214, 4.764, 5.224, 6.271, 6.738, 7.926, 10.324, 12.361, 12.568, 9.838, 6.93, 5.13, 3.927, 3.446, 2.507, 1.481, 1.934, 2.191, 2.062, 2.455, 3.942, 3.872, 4.042, 4.82, 5.566, 6.38, 5.157, 2.818, 3.184, 3.83, 3.496, 3.785, 4.072, 2.913, 3.124, 3.076, 1.455, 2.207, 4.084, 4.253, 1.877, 1.353, 2.965, 3.182, 1.811, 2.114, 2.961, 3.043, 3.22, 3.187, 3.822, 4.083, 3.28, 3.085, 3.304, 3.273, 3.565, 3.446, 3.023, 3.896, 3.467, 3.968, 5.424, 5.446, 4.273, 3.345, 2.814, 2.786, 2.24, 3.1, 3.306, 3.133, 4.277, 6.345], [9.58, 9.34, 8.876, 6.301, 4.987, 4.866, 4.702, 5.36, 5.582, 4.392, 3.989, 3.245, 2.024, 2.0, 1.507, 0.0, 1.406, 1.506, 1.814, 1.748, 1.889, 3.231, 2.89, 3.247, 3.963, 5.056, 5.711, 5.127, 3.276, 4.159, 5.346, 4.877, 5.136, 7.032, 9.103, 11.708, 12.366, 11.877, 10.375, 7.7, 7.298, 9.487, 10.362, 10.188, 11.38, 12.143, 11.623, 13.327, 15.18, 12.355, 10.097, 10.236, 10.409, 7.472, 4.747, 3.269, 3.013, 2.584, 2.619, 3.436, 3.214, 2.932, 2.391, 2.676, 2.066, 1.853, 1.667, 1.789, 2.335, 2.04, 1.955, 4.748, 6.66, 5.548, 5.9, 6.949, 7.359, 8.665, 11.053, 13.098, 13.378, 10.581, 7.731, 5.803, 4.544, 4.149, 3.189, 1.785, 1.768, 1.914, 1.783, 1.87, 3.033, 3.328, 3.583, 3.971, 4.724, 5.695, 4.445, 2.179, 2.568, 3.445, 2.961, 3.231, 3.596, 2.436, 3.261, 3.128, 1.833, 2.074, 3.199, 3.323, 1.084, 1.128, 2.073, 2.457, 1.35, 1.676, 2.438, 2.579, 2.992, 2.789, 3.202, 3.41, 2.791, 2.718, 2.634, 2.496, 2.962, 2.816, 2.938, 4.576, 4.153, 4.572, 6.163, 6.186, 4.981, 3.335, 2.473, 2.497, 2.127, 3.057, 2.801, 2.057, 3.382, 5.49], [10.361, 10.103, 9.682, 7.11, 5.829, 5.826, 5.504, 6.063, 6.387, 5.22, 4.954, 4.21, 2.968, 2.572, 2.074, 1.406, 0.0, 1.219, 1.793, 1.387, 1.676, 3.127, 2.561, 2.531, 3.326, 4.387, 4.998, 4.468, 3.026, 4.917, 6.164, 5.696, 6.02, 7.797, 9.827, 12.549, 13.125, 12.658, 11.17, 8.459, 8.082, 10.271, 11.146, 10.954, 12.157, 12.926, 12.407, 14.11, 15.964, 13.117, 10.902, 10.962, 11.186, 8.18, 5.472, 3.981, 3.752, 3.15, 2.276, 3.005, 3.118, 2.999, 2.179, 2.544, 2.408, 1.755, 1.451, 1.925, 2.148, 1.858, 2.119, 5.6, 7.648, 6.31, 6.784, 7.806, 8.205, 9.409, 11.81, 13.847, 14.131, 11.334, 8.537, 6.627, 5.396, 4.882, 3.985, 2.598, 1.854, 1.969, 2.07, 1.575, 2.399, 2.664, 2.931, 3.267, 4.219, 4.935, 3.729, 1.713, 2.198, 2.956, 2.463, 3.172, 3.575, 2.602, 3.577, 3.641, 2.675, 2.367, 2.513, 2.739, 1.33, 1.816, 2.068, 2.489, 1.778, 1.704, 2.241, 2.832, 3.194, 2.912, 2.844, 3.098, 3.239, 3.245, 2.75, 2.468, 2.621, 2.747, 3.36, 5.369, 4.919, 5.421, 6.912, 6.932, 5.764, 4.045, 2.913, 2.621, 3.111, 4.058, 3.372, 2.216, 2.591, 4.663], [10.05, 9.867, 9.325, 6.753, 5.466, 5.412, 5.108, 5.751, 5.963, 4.817, 4.45, 3.705, 2.964, 2.575, 2.353, 1.506, 1.219, 0.0, 0.974, 1.574, 1.428, 2.659, 2.308, 2.706, 3.454, 4.477, 4.88, 4.321, 2.639, 4.517, 5.684, 5.211, 5.48, 7.419, 9.614, 12.118, 12.799, 12.412, 10.831, 8.069, 7.698, 9.915, 10.878, 10.624, 11.795, 12.56, 12.041, 13.804, 15.703, 12.874, 10.547, 10.756, 10.936, 7.931, 5.094, 3.573, 3.383, 2.768, 1.999, 2.807, 3.021, 2.729, 1.781, 2.078, 1.907, 1.283, 1.292, 1.769, 2.021, 2.243, 2.702, 5.255, 7.171, 5.928, 6.334, 7.419, 7.822, 9.057, 11.436, 13.489, 13.743, 11.05, 8.264, 6.182, 5.022, 4.63, 3.879, 2.661, 2.345, 2.437, 2.051, 1.589, 2.6, 3.146, 3.418, 3.556, 4.321, 5.321, 4.11, 1.996, 1.974, 2.952, 2.452, 2.598, 3.054, 2.421, 3.206, 3.267, 2.251, 2.408, 2.831, 3.153, 1.587, 2.043, 2.493, 2.87, 2.115, 1.621, 2.059, 2.354, 2.866, 2.733, 2.635, 2.851, 3.022, 2.761, 2.101, 1.935, 2.336, 2.289, 3.013, 4.96, 4.539, 4.993, 6.593, 6.574, 5.382, 3.551, 2.284, 2.158, 2.645, 3.579, 2.762, 1.479, 2.292, 4.613], [9.873, 9.691, 9.149, 6.577, 5.266, 5.215, 4.938, 5.556, 5.766, 4.614, 4.186, 3.451, 3.162, 2.834, 2.638, 1.814, 1.793, 0.974, 0.0, 1.675, 1.513, 2.352, 2.279, 2.897, 3.607, 4.653, 4.96, 4.26, 2.322, 4.298, 5.479, 5.011, 5.251, 7.216, 9.438, 11.916, 12.623, 12.236, 10.655, 7.894, 7.523, 9.739, 10.702, 10.447, 11.618, 12.383, 11.865, 13.628, 15.526, 12.698, 10.364, 10.58, 10.759, 7.754, 4.884, 3.41, 3.187, 2.721, 1.954, 2.581, 3.098, 2.676, 1.746, 1.687, 1.818, 1.473, 1.559, 1.948, 2.073, 2.606, 3.032, 4.977, 6.915, 5.749, 6.107, 7.241, 7.641, 8.854, 11.231, 13.287, 13.567, 10.874, 8.087, 5.965, 4.752, 4.395, 3.758, 2.819, 2.612, 2.744, 2.171, 1.891, 2.817, 3.177, 3.46, 3.705, 4.513, 5.428, 4.172, 2.062, 1.947, 2.823, 2.372, 2.163, 2.745, 2.498, 3.078, 3.216, 2.392, 2.619, 3.419, 3.464, 1.735, 2.237, 3.017, 3.375, 2.537, 1.913, 2.092, 2.236, 2.941, 2.917, 2.614, 2.972, 3.122, 2.744, 1.919, 1.741, 2.017, 1.965, 2.893, 4.758, 4.403, 4.793, 6.405, 6.368, 5.152, 3.286, 1.913, 1.818, 2.389, 3.369, 2.501, 1.248, 2.417, 4.831], [10.387, 10.114, 9.675, 7.265, 5.948, 6.133, 5.693, 6.1, 6.661, 5.481, 5.24, 4.481, 3.309, 2.856, 2.441, 1.748, 1.387, 1.574, 1.675, 0.0, 1.119, 2.31, 1.728, 2.019, 2.692, 3.724, 4.307, 3.794, 2.392, 5.128, 6.357, 5.863, 6.262, 7.985, 10.009, 12.664, 13.204, 12.679, 11.174, 8.484, 8.076, 10.29, 11.169, 10.963, 12.168, 12.92, 12.412, 14.123, 15.973, 13.134, 10.937, 11.004, 11.201, 8.276, 5.626, 4.155, 3.949, 3.372, 1.921, 2.377, 2.993, 2.979, 1.765, 2.008, 2.54, 1.56, 1.49, 2.121, 1.768, 1.91, 2.39, 6.097, 7.95, 6.491, 6.986, 8.034, 8.489, 9.583, 11.953, 13.974, 14.167, 11.488, 8.684, 6.895, 5.863, 5.436, 4.495, 2.965, 2.295, 2.406, 2.431, 1.65, 1.832, 1.968, 2.276, 2.989, 3.693, 4.608, 3.307, 1.488, 1.776, 2.36, 1.846, 2.497, 2.903, 2.538, 3.504, 3.836, 2.988, 2.983, 2.958, 2.805, 1.753, 2.472, 2.791, 3.111, 2.417, 1.917, 2.02, 2.753, 3.168, 3.033, 2.531, 2.834, 3.359, 3.251, 2.513, 2.155, 2.048, 2.175, 3.588, 5.589, 5.097, 5.708, 7.0, 7.106, 5.985, 4.363, 2.999, 2.83, 3.466, 4.35, 3.633, 2.262, 2.259, 4.128], [9.87, 9.655, 9.2, 6.788, 5.559, 5.844, 5.347, 5.698, 6.316, 5.18, 4.979, 4.146, 3.339, 2.863, 2.613, 1.889, 1.676, 1.428, 1.513, 1.119, 0.0, 1.852, 1.52, 2.051, 2.759, 3.677, 4.097, 3.542, 2.128, 4.779, 5.972, 5.479, 5.883, 7.604, 9.62, 12.224, 12.726, 12.19, 10.691, 8.003, 7.591, 9.782, 10.655, 10.498, 11.661, 12.409, 11.895, 13.634, 15.466, 12.653, 10.465, 10.54, 10.709, 7.831, 5.248, 3.781, 3.564, 3.021, 1.884, 2.097, 2.845, 2.669, 1.821, 1.975, 2.215, 1.371, 1.524, 1.947, 1.74, 2.312, 2.694, 5.954, 7.624, 6.128, 6.72, 7.673, 8.143, 9.185, 11.555, 13.556, 13.681, 11.053, 8.242, 6.569, 5.819, 5.419, 4.607, 3.265, 2.866, 2.96, 2.451, 1.902, 2.187, 2.579, 2.756, 3.195, 4.02, 5.143, 3.815, 2.022, 1.943, 2.438, 1.913, 2.07, 2.487, 2.194, 3.054, 3.598, 2.786, 3.318, 3.699, 3.507, 2.159, 2.75, 3.236, 3.545, 2.786, 1.786, 1.909, 2.38, 2.789, 2.765, 2.429, 2.708, 2.895, 2.794, 2.124, 1.865, 1.924, 1.829, 3.269, 5.227, 4.719, 5.375, 6.62, 6.759, 5.729, 4.061, 2.704, 2.719, 3.23, 4.035, 3.434, 1.8, 2.125, 4.034], [9.142, 8.845, 8.557, 6.655, 5.925, 6.183, 5.43, 5.758, 6.348, 5.492, 5.44, 4.557, 4.489, 3.866, 3.843, 3.231, 3.127, 2.659, 2.352, 2.31, 1.852, 0.0, 1.43, 2.561, 3.194, 3.601, 3.849, 2.994, 1.649, 4.475, 5.667, 5.198, 5.614, 7.257, 9.316, 11.796, 12.303, 11.54, 9.959, 7.317, 6.759, 9.009, 9.852, 9.709, 10.741, 11.482, 10.995, 12.784, 14.561, 11.772, 9.868, 9.718, 9.906, 7.286, 4.947, 3.744, 3.534, 3.223, 1.942, 1.77, 2.343, 2.63, 2.069, 2.03, 2.865, 1.991, 2.617, 2.578, 1.918, 3.166, 3.933, 6.6, 7.687, 6.29, 7.296, 7.669, 8.067, 8.733, 11.22, 13.144, 13.013, 10.547, 8.046, 6.916, 6.468, 6.166, 5.584, 4.432, 4.154, 4.258, 3.363, 2.635, 3.033, 3.541, 3.452, 3.959, 4.847, 6.044, 4.725, 3.062, 2.427, 2.435, 1.95, 1.525, 1.55, 1.854, 2.493, 3.41, 3.477, 4.357, 5.042, 4.622, 3.316, 4.041, 4.74, 5.166, 4.19, 2.437, 1.875, 2.268, 2.585, 2.659, 2.148, 2.371, 2.558, 2.601, 1.907, 1.574, 1.513, 1.661, 3.136, 4.975, 4.828, 5.379, 6.597, 7.014, 6.156, 4.415, 3.061, 3.388, 3.87, 4.169, 4.028, 2.59, 2.622, 3.96], [9.894, 9.616, 9.219, 7.098, 6.165, 6.351, 5.651, 6.088, 6.642, 5.719, 5.619, 4.633, 4.293, 3.967, 3.763, 2.89, 2.561, 2.308, 2.279, 1.728, 1.52, 1.43, 0.0, 1.694, 2.51, 3.079, 3.264, 2.742, 2.051, 4.898, 6.124, 5.639, 6.09, 7.644, 9.78, 12.281, 12.789, 12.203, 10.704, 7.997, 7.571, 9.773, 10.67, 10.437, 11.653, 12.425, 11.906, 13.616, 15.478, 12.641, 10.422, 10.5, 10.709, 7.716, 5.338, 4.109, 3.877, 3.392, 1.742, 1.489, 2.684, 2.845, 1.911, 1.961, 2.812, 1.809, 2.068, 2.372, 1.925, 2.635, 3.536, 6.797, 8.032, 6.694, 7.581, 8.068, 8.452, 9.083, 11.603, 13.519, 13.634, 10.945, 8.627, 7.175, 6.65, 6.277, 5.543, 4.187, 3.644, 3.629, 3.047, 2.105, 2.19, 2.971, 3.213, 3.272, 4.1, 5.168, 3.954, 2.533, 2.247, 2.354, 1.747, 2.112, 2.189, 2.247, 3.075, 3.87, 3.474, 3.85, 4.345, 4.08, 2.968, 3.723, 4.014, 4.366, 3.655, 2.235, 1.698, 2.545, 2.879, 2.853, 2.268, 2.429, 2.797, 2.891, 2.246, 1.765, 1.559, 1.617, 3.493, 5.384, 5.131, 5.719, 6.926, 7.347, 6.412, 4.646, 3.292, 3.432, 4.052, 4.49, 4.189, 2.444, 1.748, 3.268], [11.395, 11.131, 10.704, 8.188, 6.949, 7.223, 6.652, 7.192, 7.686, 6.719, 6.562, 5.601, 4.69, 4.576, 4.197, 3.247, 2.531, 2.706, 2.897, 2.019, 2.051, 2.561, 1.694, 0.0, 1.327, 2.276, 2.962, 2.685, 2.958, 6.095, 7.269, 6.748, 7.173, 8.852, 10.988, 13.55, 14.112, 13.692, 12.193, 9.487, 9.099, 11.299, 12.18, 11.935, 13.187, 13.953, 13.441, 15.143, 16.998, 14.151, 11.888, 12.019, 12.22, 9.193, 6.492, 5.096, 4.911, 4.371, 2.484, 2.387, 3.943, 3.92, 2.397, 2.595, 3.417, 2.47, 2.171, 2.914, 2.733, 2.311, 3.922, 7.528, 8.987, 7.639, 8.37, 9.09, 9.482, 10.404, 12.818, 14.811, 15.126, 12.327, 9.662, 8.028, 7.378, 6.994, 6.118, 4.574, 3.58, 3.586, 3.57, 2.437, 1.585, 2.17, 2.347, 2.092, 2.691, 3.664, 2.794, 2.025, 2.481, 2.153, 1.834, 3.026, 3.368, 3.5, 4.5, 4.819, 4.211, 3.717, 3.184, 2.817, 3.316, 3.822, 3.426, 3.709, 3.318, 2.794, 2.568, 3.695, 4.122, 3.862, 3.198, 3.49, 4.235, 4.025, 3.262, 2.462, 2.343, 2.629, 4.52, 6.49, 6.073, 6.688, 8.024, 8.245, 7.235, 5.534, 4.157, 4.19, 4.788, 5.387, 4.966, 3.14, 1.566, 2.654], [12.151, 11.913, 11.441, 9.029, 7.947, 8.085, 7.609, 7.977, 8.605, 7.469, 7.247, 6.399, 5.357, 5.148, 4.839, 3.963, 3.326, 3.454, 3.607, 2.692, 2.759, 3.194, 2.51, 1.327, 0.0, 1.571, 2.419, 2.597, 3.853, 7.051, 8.242, 7.715, 8.149, 9.874, 11.903, 14.431, 14.947, 14.449, 12.929, 10.27, 9.843, 12.033, 12.906, 12.749, 13.923, 14.663, 14.177, 15.874, 17.739, 14.95, 12.649, 12.825, 12.996, 10.052, 7.5, 6.083, 5.825, 5.331, 3.389, 3.306, 4.745, 4.773, 3.251, 3.311, 4.144, 3.158, 2.775, 3.704, 3.479, 3.105, 4.657, 8.221, 9.87, 8.369, 8.975, 9.935, 10.409, 11.417, 13.828, 15.766, 15.935, 13.248, 10.52, 8.814, 8.068, 7.692, 6.864, 5.342, 4.35, 4.299, 4.293, 3.222, 2.186, 2.004, 2.122, 1.573, 2.019, 3.091, 2.712, 2.59, 2.948, 2.488, 2.525, 3.87, 4.167, 4.323, 5.333, 5.721, 4.788, 4.135, 3.264, 2.806, 4.114, 4.582, 3.949, 4.08, 3.894, 3.463, 3.445, 4.619, 5.05, 4.794, 4.173, 4.465, 5.118, 5.001, 4.27, 3.485, 3.315, 3.645, 5.502, 7.501, 6.988, 7.628, 8.915, 9.003, 8.005, 6.259, 4.86, 4.854, 5.498, 6.271, 5.629, 3.934, 2.176, 2.34], [12.473, 12.272, 11.773, 9.466, 8.659, 8.827, 8.219, 8.637, 9.274, 8.333, 8.22, 7.307, 6.392, 6.109, 5.798, 5.056, 4.387, 4.477, 4.653, 3.724, 3.677, 3.601, 3.079, 2.276, 1.571, 0.0, 1.494, 2.21, 4.367, 7.568, 8.728, 8.204, 8.643, 10.337, 12.389, 14.873, 15.402, 14.78, 13.312, 10.623, 10.159, 12.349, 13.193, 13.155, 14.166, 14.909, 14.401, 16.21, 18.003, 15.245, 13.078, 13.174, 13.35, 10.493, 8.013, 6.675, 6.473, 5.964, 4.012, 3.816, 5.209, 5.439, 4.051, 4.068, 4.992, 3.9, 3.775, 4.542, 4.142, 4.003, 5.639, 9.251, 10.514, 9.055, 9.931, 10.509, 10.971, 11.865, 14.297, 16.237, 16.316, 13.71, 11.019, 9.607, 9.104, 8.725, 7.922, 6.422, 5.541, 5.56, 5.376, 4.178, 2.844, 3.119, 2.839, 1.997, 1.893, 3.091, 3.199, 3.659, 3.741, 3.038, 3.222, 4.441, 4.566, 4.763, 5.719, 6.345, 5.601, 5.144, 4.122, 3.498, 5.24, 5.694, 5.121, 5.338, 5.137, 4.136, 3.939, 5.201, 5.582, 5.343, 4.698, 4.913, 5.533, 5.483, 4.839, 4.114, 3.865, 4.173, 6.038, 7.998, 7.605, 8.242, 9.459, 9.786, 8.864, 7.097, 5.734, 5.883, 6.502, 6.986, 6.646, 4.926, 2.91, 1.842], [12.568, 12.367, 11.882, 9.685, 8.897, 9.141, 8.465, 8.955, 9.494, 8.56, 8.463, 7.488, 7.05, 6.523, 6.367, 5.711, 4.998, 4.88, 4.96, 4.307, 4.097, 3.849, 3.264, 2.962, 2.419, 1.494, 0.0, 2.006, 4.526, 7.748, 8.942, 8.402, 8.863, 10.526, 12.598, 15.041, 15.66, 14.921, 13.345, 10.683, 10.253, 12.427, 13.348, 13.232, 14.276, 15.062, 14.518, 16.269, 18.187, 15.395, 13.151, 13.281, 13.456, 10.592, 8.204, 6.942, 6.752, 6.236, 4.126, 3.863, 5.423, 5.711, 4.356, 4.45, 5.38, 4.269, 4.234, 4.741, 4.293, 4.609, 6.162, 9.58, 10.852, 9.392, 10.273, 10.836, 11.284, 11.922, 14.499, 16.428, 16.366, 13.791, 11.36, 9.976, 9.438, 9.095, 8.434, 7.039, 6.228, 6.239, 5.642, 4.593, 3.441, 3.979, 3.643, 2.679, 2.501, 3.427, 3.961, 4.362, 4.114, 3.531, 3.702, 4.767, 4.677, 5.053, 5.872, 6.614, 6.018, 5.549, 5.017, 4.265, 5.888, 6.422, 6.012, 6.182, 5.942, 4.693, 4.095, 5.262, 5.732, 5.549, 4.903, 5.012, 5.592, 5.765, 5.077, 4.362, 4.16, 4.365, 6.335, 8.239, 7.941, 8.551, 9.755, 10.156, 9.226, 7.464, 6.104, 6.27, 6.83, 7.295, 6.979, 5.207, 3.246, 1.766], [10.945, 10.776, 10.248, 8.498, 8.087, 8.335, 7.422, 7.707, 7.943, 7.362, 7.418, 6.666, 6.428, 5.865, 5.713, 5.127, 4.468, 4.321, 4.26, 3.794, 3.542, 2.994, 2.742, 2.685, 2.597, 2.21, 2.006, 0.0, 2.939, 5.854, 7.083, 6.675, 7.066, 8.663, 10.729, 13.21, 13.862, 13.29, 11.711, 9.063, 8.594, 10.801, 11.721, 11.609, 12.649, 13.426, 12.906, 14.682, 16.547, 13.782, 11.49, 11.675, 11.842, 8.932, 6.483, 5.267, 5.261, 4.967, 3.265, 2.728, 4.059, 4.723, 3.494, 3.338, 4.284, 3.575, 3.692, 3.935, 3.743, 4.202, 5.554, 8.669, 9.365, 8.205, 9.361, 9.488, 9.627, 10.194, 12.647, 14.607, 14.741, 12.104, 9.64, 8.829, 8.644, 8.363, 7.776, 6.427, 5.673, 5.773, 4.954, 3.989, 3.439, 4.013, 3.581, 2.86, 3.081, 4.264, 4.232, 3.936, 3.474, 2.904, 3.198, 3.433, 2.937, 3.831, 4.182, 4.974, 5.274, 5.234, 5.177, 4.585, 5.259, 5.917, 5.829, 6.052, 5.606, 4.089, 3.088, 3.813, 4.157, 3.785, 3.145, 3.275, 3.966, 4.047, 3.599, 3.457, 2.899, 3.202, 4.887, 6.597, 6.735, 7.283, 8.401, 8.721, 7.922, 6.235, 4.982, 5.588, 5.892, 5.866, 5.927, 4.377, 2.775, 2.361], [8.618, 8.352, 7.917, 6.056, 5.502, 5.756, 5.012, 5.017, 5.195, 4.703, 4.754, 4.218, 4.486, 3.917, 3.892, 3.276, 3.026, 2.639, 2.322, 2.392, 2.128, 1.649, 2.051, 2.958, 3.853, 4.367, 4.526, 2.939, 0.0, 3.306, 4.542, 4.04, 4.465, 6.101, 8.235, 10.758, 11.41, 10.915, 9.416, 6.721, 6.343, 8.527, 9.403, 9.191, 10.41, 11.182, 10.663, 12.365, 14.221, 11.376, 9.094, 9.237, 9.443, 6.448, 3.786, 2.477, 2.724, 2.38, 1.562, 1.385, 1.541, 2.041, 1.767, 1.673, 2.255, 2.047, 2.555, 2.444, 1.905, 3.052, 3.815, 5.936, 6.504, 5.75, 6.676, 6.667, 6.803, 7.658, 10.065, 12.064, 12.386, 9.594, 7.142, 6.061, 6.049, 5.853, 5.306, 4.292, 4.007, 4.146, 3.148, 2.473, 3.143, 3.757, 4.044, 4.526, 5.255, 6.369, 4.98, 2.87, 2.186, 2.479, 2.038, 1.403, 1.097, 1.657, 2.124, 2.315, 3.494, 4.219, 4.944, 4.678, 3.167, 4.076, 4.74, 5.153, 4.229, 2.497, 1.874, 1.4, 1.525, 1.804, 1.32, 1.586, 1.964, 1.75, 1.185, 1.497, 1.25, 1.358, 2.14, 3.828, 3.993, 4.619, 5.556, 5.86, 5.08, 3.44, 2.395, 3.016, 3.305, 3.05, 3.217, 2.45, 2.85, 4.366], [5.708, 5.445, 5.378, 4.464, 3.865, 4.273, 3.791, 3.938, 3.369, 3.353, 3.291, 3.107, 3.807, 3.704, 3.747, 4.159, 4.917, 4.517, 4.298, 5.128, 4.779, 4.475, 4.898, 6.095, 7.051, 7.568, 7.748, 5.854, 3.306, 0.0, 1.509, 1.511, 1.807, 3.044, 5.36, 7.734, 8.449, 8.004, 6.541, 3.979, 3.928, 5.617, 6.492, 6.384, 7.508, 8.273, 7.764, 9.455, 11.311, 8.464, 6.178, 6.335, 6.534, 3.725, 1.458, 1.575, 1.969, 2.251, 4.014, 4.122, 2.569, 2.632, 4.174, 4.22, 3.279, 4.179, 4.577, 3.511, 4.011, 4.431, 3.956, 4.041, 4.1, 4.389, 4.732, 4.455, 4.454, 4.696, 6.992, 9.046, 9.466, 6.88, 5.203, 4.336, 4.473, 4.386, 3.99, 3.749, 4.772, 4.891, 3.72, 4.166, 6.104, 6.878, 7.156, 7.659, 8.28, 9.393, 7.979, 5.308, 4.839, 5.232, 4.924, 3.474, 3.255, 3.04, 2.119, 1.891, 3.145, 4.617, 7.085, 7.19, 4.401, 4.2, 5.912, 6.201, 4.911, 3.885, 3.904, 2.526, 2.173, 2.49, 3.069, 3.009, 2.393, 2.321, 2.909, 3.744, 3.931, 3.639, 1.993, 1.65, 2.73, 3.039, 3.485, 3.728, 3.194, 2.059, 2.914, 3.754, 2.841, 1.965, 3.077, 4.023, 5.761, 7.623], [4.594, 4.477, 4.504, 3.753, 3.364, 3.73, 3.314, 3.49, 2.865, 2.838, 2.893, 3.276, 4.213, 4.174, 4.606, 5.346, 6.164, 5.684, 5.479, 6.357, 5.972, 5.667, 6.124, 7.269, 8.242, 8.728, 8.942, 7.083, 4.542, 1.509, 0.0, 1.234, 1.222, 2.186, 4.456, 6.787, 7.321, 6.928, 5.417, 3.129, 3.314, 4.55, 5.331, 5.408, 6.394, 7.085, 6.615, 8.269, 10.131, 7.303, 4.985, 5.34, 5.548, 2.921, 1.295, 2.442, 2.678, 3.292, 5.172, 5.3, 3.786, 3.747, 5.367, 5.41, 4.419, 5.347, 5.748, 4.676, 5.184, 5.535, 4.727, 3.396, 3.341, 3.651, 3.882, 3.724, 3.7, 3.833, 5.8, 7.84, 8.229, 6.042, 4.365, 3.637, 3.782, 3.826, 3.755, 4.471, 5.965, 6.043, 4.816, 5.322, 7.274, 8.099, 8.317, 8.841, 9.477, 10.539, 9.147, 6.442, 5.925, 6.333, 6.024, 4.599, 4.456, 4.247, 3.282, 2.67, 4.053, 5.506, 8.234, 8.4, 5.595, 5.132, 7.096, 7.299, 5.948, 5.012, 5.12, 3.696, 3.326, 3.515, 4.25, 4.085, 3.652, 3.348, 4.077, 4.953, 5.086, 4.786, 3.062, 1.561, 2.568, 2.526, 2.668, 2.919, 2.575, 2.801, 4.064, 4.845, 3.744, 2.683, 3.86, 5.19, 6.933, 8.84], [4.945, 4.762, 4.35, 3.408, 3.036, 3.403, 2.849, 3.026, 2.516, 2.526, 2.577, 2.51, 3.494, 3.552, 4.123, 4.877, 5.696, 5.211, 5.011, 5.863, 5.479, 5.198, 5.639, 6.748, 7.715, 8.204, 8.402, 6.675, 4.04, 1.511, 1.234, 0.0, 1.006, 2.319, 4.548, 7.013, 7.698, 7.308, 5.74, 3.185, 3.295, 4.862, 5.812, 5.777, 6.838, 7.507, 7.044, 8.716, 10.628, 7.816, 5.477, 5.651, 5.833, 2.944, 1.443, 1.943, 2.22, 2.828, 4.689, 4.774, 3.24, 3.239, 4.915, 4.961, 3.978, 4.881, 5.279, 4.209, 4.652, 4.984, 4.195, 3.066, 3.212, 3.378, 3.809, 3.572, 3.573, 3.9, 6.257, 8.328, 8.673, 6.032, 4.218, 3.41, 3.546, 3.545, 3.229, 3.964, 5.525, 5.604, 4.385, 4.851, 6.747, 7.575, 7.791, 8.363, 8.986, 10.069, 8.701, 5.987, 5.362, 5.773, 5.476, 4.186, 4.013, 3.715, 2.996, 2.159, 3.546, 5.004, 7.776, 7.955, 5.15, 4.696, 6.638, 6.854, 5.479, 4.526, 4.619, 3.192, 2.833, 3.137, 3.876, 3.944, 3.334, 2.928, 3.641, 4.485, 4.614, 4.341, 2.555, 1.193, 1.766, 2.063, 2.518, 2.666, 2.268, 2.471, 3.584, 4.367, 3.25, 2.224, 3.571, 4.765, 6.501, 8.315], [4.737, 4.547, 4.096, 3.024, 2.608, 2.935, 2.53, 2.772, 2.046, 2.168, 2.157, 2.486, 3.746, 3.92, 4.477, 5.136, 6.02, 5.48, 5.251, 6.262, 5.883, 5.614, 6.09, 7.173, 8.149, 8.643, 8.863, 7.066, 4.465, 1.807, 1.222, 1.006, 0.0, 2.028, 4.31, 6.769, 7.488, 7.096, 5.551, 2.964, 2.861, 4.682, 5.615, 5.576, 6.67, 7.302, 6.893, 8.529, 10.441, 7.629, 5.29, 5.447, 5.646, 2.759, 1.336, 2.376, 2.597, 3.192, 5.101, 5.237, 3.692, 3.697, 5.184, 5.169, 4.255, 5.192, 5.625, 4.568, 5.109, 5.423, 4.59, 2.531, 2.505, 2.911, 3.2, 3.001, 2.968, 3.692, 6.027, 8.092, 8.468, 5.788, 3.706, 2.847, 2.949, 2.945, 2.994, 4.176, 5.738, 5.816, 4.596, 5.181, 7.216, 8.004, 8.211, 8.731, 9.333, 10.452, 9.044, 6.365, 5.78, 6.21, 5.874, 4.544, 4.45, 4.149, 3.417, 2.48, 3.816, 5.186, 7.982, 8.161, 5.36, 4.864, 6.844, 7.06, 5.73, 4.868, 5.072, 3.629, 3.314, 3.646, 4.313, 4.501, 3.774, 3.449, 3.978, 4.796, 4.999, 4.764, 2.901, 1.043, 1.948, 1.727, 1.97, 2.275, 1.861, 2.438, 3.785, 4.567, 3.429, 2.372, 3.579, 4.94, 6.817, 8.763], [2.918, 2.621, 2.604, 2.593, 2.742, 2.889, 2.901, 2.601, 2.252, 2.856, 3.351, 4.007, 5.303, 5.741, 6.311, 7.032, 7.797, 7.419, 7.216, 7.985, 7.604, 7.257, 7.644, 8.852, 9.874, 10.337, 10.526, 8.663, 6.101, 3.044, 2.186, 2.319, 2.028, 0.0, 2.617, 4.963, 5.647, 5.229, 3.814, 2.037, 2.488, 3.067, 3.908, 4.087, 4.898, 5.507, 5.124, 6.779, 8.58, 5.75, 3.468, 3.576, 3.858, 1.592, 2.503, 3.968, 4.221, 4.875, 6.722, 6.767, 5.28, 5.236, 6.978, 7.025, 6.078, 7.066, 7.47, 6.384, 6.77, 7.089, 6.241, 2.65, 1.618, 2.668, 2.945, 2.162, 2.157, 2.034, 4.193, 6.107, 6.615, 4.05, 2.767, 2.494, 3.054, 3.614, 4.527, 6.059, 7.585, 7.672, 6.455, 6.945, 8.789, 9.698, 9.975, 10.529, 11.184, 12.158, 10.768, 8.03, 7.382, 7.81, 7.474, 6.09, 5.954, 5.77, 4.851, 4.329, 5.754, 7.204, 9.987, 10.077, 7.215, 6.815, 8.73, 8.995, 7.651, 6.728, 6.688, 5.373, 4.886, 5.235, 5.745, 5.669, 5.08, 4.923, 5.724, 6.558, 6.652, 6.296, 4.617, 2.568, 3.034, 2.608, 1.602, 1.675, 2.41, 4.226, 5.644, 6.418, 5.288, 4.218, 5.438, 6.827, 8.55, 10.407], [1.713, 2.19, 1.355, 3.277, 4.352, 4.364, 4.544, 4.183, 3.804, 4.999, 5.537, 6.209, 7.356, 7.746, 8.345, 9.103, 9.827, 9.614, 9.438, 10.009, 9.62, 9.316, 9.78, 10.988, 11.903, 12.389, 12.598, 10.729, 8.235, 5.36, 4.456, 4.548, 4.31, 2.617, 0.0, 2.768, 3.318, 2.912, 1.689, 2.793, 3.357, 2.223, 2.57, 2.866, 3.498, 3.363, 3.26, 4.865, 6.511, 3.75, 1.969, 1.814, 2.362, 2.455, 4.828, 6.314, 6.525, 7.207, 9.015, 9.028, 7.396, 7.52, 9.311, 9.358, 8.311, 9.109, 9.597, 8.574, 8.853, 9.326, 8.307, 4.777, 2.988, 3.726, 3.428, 2.343, 2.243, 2.286, 2.937, 4.252, 4.364, 1.752, 1.639, 3.626, 5.186, 5.893, 6.859, 8.349, 9.918, 9.989, 8.782, 9.149, 11.106, 11.731, 11.995, 12.526, 13.308, 14.433, 13.065, 10.355, 9.69, 10.1, 9.713, 8.231, 8.074, 7.837, 7.009, 6.576, 7.88, 9.473, 12.276, 12.366, 9.548, 9.034, 11.036, 11.284, 9.818, 8.731, 8.795, 7.491, 7.042, 7.262, 7.953, 7.998, 7.292, 7.145, 8.0, 8.837, 8.908, 8.632, 6.952, 4.916, 5.291, 4.783, 3.207, 3.375, 4.523, 6.559, 7.977, 8.751, 7.621, 6.551, 7.771, 9.147, 10.822, 12.512], [3.719, 3.861, 3.511, 5.738, 6.785, 6.978, 7.132, 6.716, 6.393, 7.645, 8.104, 8.754, 9.994, 10.349, 10.932, 11.708, 12.549, 12.118, 11.916, 12.664, 12.224, 11.796, 12.281, 13.55, 14.431, 14.873, 15.041, 13.21, 10.758, 7.734, 6.787, 7.013, 6.769, 4.963, 2.768, 0.0, 1.197, 1.421, 2.493, 5.185, 5.697, 3.905, 3.31, 3.49, 3.881, 3.528, 3.412, 3.628, 4.3, 3.237, 3.088, 3.02, 2.575, 4.829, 7.323, 8.834, 9.049, 9.753, 11.559, 11.512, 9.903, 10.025, 11.857, 11.904, 10.846, 11.742, 12.083, 11.01, 11.31, 11.83, 10.974, 7.361, 5.534, 6.357, 5.851, 4.781, 4.485, 3.494, 2.021, 2.405, 2.163, 1.644, 4.067, 6.11, 7.732, 8.439, 9.405, 10.875, 12.463, 12.528, 11.317, 11.743, 13.499, 14.296, 14.554, 15.13, 15.841, 16.991, 15.603, 12.912, 12.208, 12.63, 12.224, 10.818, 10.464, 10.398, 9.437, 9.055, 10.368, 11.948, 14.752, 14.898, 12.093, 11.546, 13.581, 13.797, 12.323, 11.34, 11.214, 10.035, 9.569, 9.842, 10.547, 10.271, 9.696, 9.594, 10.552, 11.351, 11.497, 11.153, 9.496, 7.448, 7.819, 7.349, 5.834, 5.898, 7.079, 9.104, 10.523, 11.296, 10.167, 9.097, 10.316, 11.682, 13.402, 14.939], [3.952, 4.176, 4.135, 6.417, 7.545, 7.632, 7.762, 7.225, 7.061, 8.256, 8.796, 9.466, 10.618, 10.943, 11.582, 12.366, 13.125, 12.799, 12.623, 13.204, 12.726, 12.303, 12.789, 14.112, 14.947, 15.402, 15.66, 13.862, 11.41, 8.449, 7.321, 7.698, 7.488, 5.647, 3.318, 1.197, 0.0, 1.382, 2.78, 5.641, 6.229, 4.227, 3.522, 3.249, 3.738, 3.426, 3.422, 3.216, 3.774, 2.929, 3.075, 3.049, 2.758, 5.294, 8.033, 9.556, 9.718, 10.463, 12.231, 12.105, 10.441, 10.569, 12.569, 12.616, 11.556, 12.275, 12.805, 11.783, 11.919, 12.47, 11.505, 8.034, 6.246, 6.901, 6.6, 5.432, 5.123, 4.173, 2.05, 2.168, 1.786, 2.166, 4.704, 6.842, 8.444, 9.151, 10.117, 11.587, 13.175, 13.239, 12.029, 12.409, 14.187, 14.823, 15.101, 15.726, 16.544, 17.684, 16.307, 13.612, 12.873, 13.248, 12.809, 11.289, 11.041, 10.889, 9.91, 9.761, 11.116, 12.658, 15.462, 15.61, 12.805, 12.271, 14.293, 14.509, 13.036, 11.966, 11.914, 10.664, 10.119, 10.438, 11.142, 10.866, 10.221, 10.259, 11.239, 12.072, 12.16, 11.837, 10.208, 8.162, 8.531, 8.032, 6.361, 6.549, 7.772, 9.816, 11.235, 12.008, 10.879, 9.809, 11.028, 12.394, 14.073, 15.58], [3.08, 3.367, 3.388, 5.856, 7.09, 7.206, 7.346, 6.727, 6.645, 7.827, 8.372, 9.029, 10.115, 10.423, 11.062, 11.877, 12.658, 12.412, 12.236, 12.679, 12.19, 11.54, 12.203, 13.692, 14.449, 14.78, 14.921, 13.29, 10.915, 8.004, 6.928, 7.308, 7.096, 5.229, 2.912, 1.421, 1.382, 0.0, 1.895, 4.844, 5.332, 3.312, 2.558, 2.756, 3.083, 2.501, 2.402, 2.999, 4.031, 2.453, 2.276, 2.257, 2.028, 4.587, 7.607, 9.13, 9.302, 10.047, 11.756, 11.538, 9.832, 10.133, 12.153, 12.2, 11.14, 11.834, 12.348, 11.326, 11.275, 12.054, 11.063, 7.625, 5.866, 6.513, 6.171, 5.015, 4.71, 3.643, 2.511, 2.761, 1.884, 1.623, 4.235, 6.486, 8.07, 8.738, 9.701, 11.171, 12.759, 12.817, 11.617, 11.982, 13.611, 14.286, 14.485, 15.187, 16.09, 17.268, 15.89, 13.196, 12.457, 12.819, 12.314, 10.823, 10.423, 10.279, 9.288, 9.374, 10.62, 12.271, 15.075, 15.194, 12.389, 11.842, 13.877, 14.093, 12.61, 11.477, 11.358, 10.255, 9.654, 10.025, 10.722, 10.323, 9.555, 9.808, 10.823, 11.642, 11.743, 11.402, 9.792, 7.775, 8.162, 7.676, 5.995, 6.186, 7.373, 9.4, 10.819, 11.592, 10.463, 9.4, 10.612, 11.982, 13.644, 14.992], [1.842, 2.105, 1.751, 4.262, 5.58, 5.72, 5.847, 5.224, 5.146, 6.324, 6.861, 7.518, 8.641, 8.852, 9.518, 10.375, 11.17, 10.831, 10.655, 11.174, 10.691, 9.959, 10.704, 12.193, 12.929, 13.312, 13.345, 11.711, 9.416, 6.541, 5.417, 5.74, 5.551, 3.814, 1.689, 2.493, 2.78, 1.895, 0.0, 3.286, 3.687, 1.946, 1.746, 2.152, 2.606, 2.095, 1.989, 3.487, 5.253, 2.635, 1.266, 1.237, 1.623, 3.123, 6.108, 7.631, 7.803, 8.548, 10.238, 10.034, 8.316, 8.62, 10.654, 10.701, 9.641, 10.299, 10.796, 9.761, 9.735, 10.555, 9.569, 6.139, 4.381, 4.958, 4.652, 3.527, 3.464, 2.837, 2.588, 3.577, 3.228, 1.771, 2.836, 5.0, 6.584, 7.252, 8.208, 9.677, 11.26, 11.294, 10.106, 10.471, 12.093, 12.795, 12.94, 13.693, 14.507, 15.76, 14.391, 11.697, 10.97, 11.32, 10.806, 9.329, 8.897, 8.758, 7.749, 7.804, 8.965, 10.69, 13.493, 13.695, 10.89, 10.343, 12.378, 12.594, 11.091, 9.908, 9.761, 8.7, 8.149, 8.486, 9.224, 8.856, 8.065, 8.309, 9.324, 10.143, 10.244, 9.91, 8.293, 6.29, 6.677, 6.19, 4.509, 4.7, 5.887, 7.901, 9.32, 10.093, 8.966, 7.915, 9.113, 10.471, 12.121, 13.442], [2.161, 2.101, 2