[[0.0, 1.546, 2.255, 2.247, 1.779, 1.66, 2.141, 2.23, 2.38, 3.598, 3.967, 3.015, 2.938, 2.96, 3.806, 3.437, 3.505, 3.238, 4.553, 4.194, 3.644, 2.719, 3.023, 3.595, 2.411, 2.249, 1.455, 2.048, 2.46, 3.021, 3.554, 3.339, 3.857, 4.297, 3.634, 2.723, 3.071, 2.269, 2.306, 3.832, 4.34, 4.198, 3.681, 3.793, 4.505, 4.248, 3.817, 3.831, 3.564, 3.876, 3.074, 2.133, 2.487, 2.5, 3.724, 4.862, 5.329, 7.159, 9.145, 6.256, 3.524, 2.377, 4.574, 6.24, 7.206, 7.28, 7.083, 6.029, 5.077, 3.907, 2.877, 2.939, 1.893, 2.13, 2.164, 2.437, 3.221, 3.586, 2.66, 2.377, 3.065, 4.663, 5.46, 5.596, 5.88, 6.312, 5.923, 3.519, 3.548, 3.358, 3.409, 3.26, 2.777, 2.262, 2.926, 3.379, 5.08, 5.236, 4.783, 5.529, 6.328, 6.338, 5.457, 5.373, 5.202, 5.605, 5.49, 4.559, 3.712, 4.165, 5.001, 4.29, 4.298, 3.703, 2.553, 2.619, 2.638, 2.065, 2.23, 3.198, 4.359, 4.701, 4.25, 4.199, 6.009, 8.491, 9.777, 10.238, 10.131, 9.98, 10.351, 9.78, 8.555, 8.397, 8.707, 8.007, 6.701, 5.15, 4.929, 5.682, 5.078, 3.587, 2.642, 4.277, 4.055], [1.546, 0.0, 1.268, 1.925, 1.997, 2.284, 2.911, 2.944, 2.97, 3.905, 4.231, 3.576, 3.526, 3.823, 4.294, 3.905, 4.029, 4.006, 5.09, 4.84, 4.068, 2.96, 2.804, 3.223, 1.858, 1.543, 1.568, 2.115, 1.994, 2.661, 3.579, 3.236, 4.068, 4.385, 3.737, 2.91, 3.401, 2.583, 2.287, 3.973, 4.391, 4.15, 4.157, 4.214, 4.687, 4.488, 4.292, 4.522, 4.192, 4.256, 3.43, 2.527, 2.726, 3.301, 4.375, 4.98, 5.205, 7.075, 8.817, 6.25, 3.6, 1.7, 4.557, 6.399, 7.304, 7.36, 7.177, 6.203, 5.191, 4.09, 3.506, 3.848, 2.687, 2.251, 2.393, 2.389, 3.096, 3.525, 2.661, 2.331, 3.215, 4.819, 5.676, 5.8, 6.06, 6.508, 6.11, 4.404, 4.23, 4.043, 4.125, 4.007, 3.586, 2.828, 3.451, 3.917, 5.101, 5.374, 4.819, 5.705, 6.561, 6.473, 5.767, 5.806, 5.394, 5.732, 5.55, 4.543, 3.731, 4.18, 4.663, 4.222, 4.882, 4.476, 3.015, 3.013, 3.2, 2.579, 2.411, 3.645, 4.432, 4.923, 4.5, 4.309, 6.245, 8.658, 9.862, 10.42, 10.366, 10.319, 10.598, 10.101, 8.911, 8.615, 8.819, 8.211, 6.916, 5.969, 5.742, 6.07, 5.279, 4.428, 3.426, 4.298, 4.082], [2.255, 1.268, 0.0, 1.765, 2.269, 2.451, 3.183, 3.42, 3.086, 3.732, 4.182, 3.56, 3.463, 4.288, 4.213, 3.951, 3.966, 3.998, 5.064, 4.748, 3.882, 2.637, 2.574, 3.443, 1.83, 1.445, 2.001, 2.246, 1.716, 2.858, 4.062, 3.684, 4.548, 4.871, 4.2, 3.355, 3.892, 3.194, 2.572, 4.433, 4.807, 4.49, 4.638, 4.887, 5.361, 5.143, 4.986, 5.177, 4.414, 4.052, 3.373, 2.547, 2.891, 3.738, 4.361, 4.732, 4.792, 6.497, 8.412, 5.872, 3.171, 1.944, 4.956, 6.807, 7.766, 7.882, 7.699, 6.654, 5.717, 4.643, 4.2, 4.321, 3.258, 2.808, 2.909, 2.817, 3.492, 4.018, 3.287, 2.736, 3.682, 5.256, 6.168, 6.269, 6.454, 6.892, 6.508, 4.791, 4.126, 3.931, 4.14, 4.286, 3.738, 2.837, 3.388, 3.833, 4.717, 4.954, 4.373, 5.421, 6.187, 6.144, 5.552, 5.521, 5.147, 5.242, 5.15, 4.285, 3.401, 3.94, 4.234, 4.048, 4.76, 4.617, 3.157, 3.01, 3.171, 2.937, 2.843, 4.222, 5.151, 5.3, 5.066, 4.865, 6.746, 9.08, 10.261, 10.907, 10.846, 10.799, 11.078, 10.581, 9.39, 8.99, 9.393, 8.812, 7.653, 6.722, 6.406, 6.615, 5.814, 5.142, 4.061, 4.736, 4.798], [2.247, 1.925, 1.765, 0.0, 1.262, 1.812, 2.422, 2.583, 2.353, 3.615, 4.037, 3.174, 2.819, 3.423, 3.54, 3.333, 3.958, 3.232, 4.266, 3.923, 3.34, 2.517, 1.771, 2.31, 1.27, 1.908, 1.539, 1.333, 1.234, 2.09, 3.145, 2.658, 3.381, 3.693, 3.04, 2.746, 2.783, 2.258, 1.494, 3.264, 3.983, 3.678, 3.843, 4.323, 4.892, 4.683, 4.401, 4.665, 4.181, 3.956, 3.219, 2.937, 3.355, 3.222, 3.577, 4.716, 5.725, 7.531, 9.475, 6.264, 3.515, 1.871, 4.799, 6.367, 6.872, 7.032, 6.803, 5.68, 4.66, 3.756, 3.518, 3.738, 2.571, 2.212, 2.044, 2.729, 3.244, 3.705, 3.307, 2.996, 3.087, 4.367, 5.334, 5.361, 5.547, 5.885, 5.514, 4.077, 3.401, 3.155, 3.463, 3.569, 3.2, 2.423, 2.798, 3.296, 4.809, 5.053, 4.826, 5.304, 6.025, 6.329, 5.385, 5.258, 5.072, 5.372, 5.613, 4.947, 3.888, 4.154, 5.278, 4.606, 4.508, 4.566, 3.229, 3.307, 3.426, 2.947, 2.264, 3.311, 4.433, 4.336, 4.18, 4.139, 5.674, 8.11, 9.339, 9.832, 9.715, 9.58, 9.947, 9.387, 8.157, 7.975, 8.449, 8.009, 7.05, 6.073, 5.836, 6.362, 5.554, 4.785, 4.285, 4.673, 4.363], [1.779, 1.997, 2.269, 1.262, 0.0, 1.535, 1.828, 1.76, 2.081, 3.862, 3.87, 2.714, 2.43, 2.542, 3.112, 2.898, 3.794, 2.928, 4.153, 3.819, 3.255, 2.757, 1.676, 1.996, 1.543, 2.479, 1.273, 1.107, 1.744, 2.026, 2.734, 2.26, 2.858, 3.15, 2.732, 2.386, 2.134, 1.721, 1.084, 2.654, 3.186, 2.933, 2.888, 3.418, 4.212, 4.029, 3.63, 3.872, 3.463, 3.852, 3.258, 2.88, 3.29, 2.636, 3.39, 5.304, 6.325, 8.131, 10.123, 6.761, 4.023, 2.095, 4.536, 6.036, 6.434, 6.565, 6.335, 5.216, 4.214, 3.026, 2.822, 2.911, 1.818, 1.638, 1.676, 2.749, 3.265, 3.543, 2.983, 2.787, 2.503, 3.848, 4.812, 4.895, 5.065, 5.419, 4.926, 3.174, 3.145, 3.117, 3.02, 2.926, 2.636, 2.316, 2.656, 3.181, 5.255, 5.561, 5.444, 5.623, 6.459, 6.903, 5.829, 5.45, 5.554, 6.005, 6.163, 5.436, 4.437, 4.583, 5.864, 5.16, 4.349, 3.897, 3.108, 3.271, 3.043, 2.219, 1.406, 2.484, 3.661, 3.693, 3.415, 3.296, 4.992, 7.439, 8.736, 9.225, 9.138, 8.97, 9.354, 8.78, 7.568, 7.377, 7.779, 7.237, 6.323, 5.155, 4.974, 5.538, 4.778, 4.038, 3.564, 4.067, 3.776], [1.66, 2.284, 2.451, 1.812, 1.535, 0.0, 1.162, 1.469, 1.509, 3.059, 3.156, 1.935, 1.547, 2.355, 2.463, 2.162, 2.637, 2.334, 3.547, 3.113, 2.637, 2.243, 2.354, 2.965, 2.411, 2.567, 1.734, 1.703, 2.112, 2.826, 3.379, 3.159, 3.968, 4.283, 3.663, 3.157, 3.068, 2.361, 1.954, 3.57, 4.008, 3.594, 3.261, 3.532, 4.452, 4.209, 3.795, 3.639, 2.763, 2.857, 2.228, 2.012, 2.511, 1.889, 2.701, 4.468, 5.423, 7.229, 9.179, 6.078, 3.266, 2.767, 5.071, 6.575, 7.101, 7.212, 7.015, 5.916, 4.926, 3.743, 2.625, 2.354, 1.597, 1.571, 2.274, 3.458, 4.0, 3.998, 3.499, 3.225, 3.075, 4.569, 5.425, 5.535, 5.762, 6.159, 5.778, 3.25, 2.423, 2.299, 2.184, 2.19, 1.759, 1.447, 1.827, 2.487, 4.619, 4.857, 4.558, 4.975, 5.848, 6.065, 5.008, 4.835, 4.736, 5.207, 5.282, 4.533, 3.555, 3.944, 5.011, 4.263, 3.553, 2.991, 2.464, 2.129, 2.08, 1.734, 1.868, 3.061, 4.294, 4.536, 4.084, 3.988, 5.87, 8.379, 9.623, 10.094, 10.016, 9.922, 10.255, 9.695, 8.477, 8.28, 8.598, 7.924, 6.544, 5.019, 4.814, 5.592, 4.954, 3.713, 3.289, 4.537, 4.138], [2.141, 2.911, 3.183, 2.422, 1.828, 1.162, 0.0, 0.949, 1.314, 3.47, 3.229, 1.742, 1.494, 1.77, 2.044, 2.037, 2.806, 2.433, 3.505, 2.977, 2.481, 2.585, 2.454, 2.918, 2.877, 3.34, 2.392, 1.994, 2.782, 3.427, 3.727, 3.237, 4.034, 4.383, 3.922, 3.58, 3.053, 2.5, 2.216, 3.336, 3.547, 3.204, 2.9, 2.938, 4.074, 3.853, 3.182, 2.859, 2.067, 2.966, 2.49, 2.466, 2.967, 1.95, 2.529, 4.858, 5.935, 7.74, 9.685, 6.315, 3.613, 3.548, 5.619, 6.917, 7.3, 7.323, 6.945, 5.671, 4.603, 3.326, 2.102, 1.562, 1.364, 1.562, 2.698, 4.068, 4.684, 4.513, 4.126, 3.822, 3.326, 4.289, 5.237, 5.326, 5.496, 5.8, 5.384, 2.891, 2.426, 2.188, 2.068, 1.921, 1.668, 1.769, 1.763, 2.437, 4.797, 5.029, 4.99, 5.214, 6.072, 6.51, 5.422, 4.904, 5.073, 5.466, 5.772, 5.045, 4.041, 4.184, 5.474, 4.768, 3.622, 2.846, 2.706, 2.575, 2.354, 1.811, 1.806, 2.676, 3.71, 4.077, 3.726, 3.553, 5.41, 7.959, 9.18, 9.664, 9.525, 9.359, 9.744, 9.169, 7.939, 7.804, 8.09, 7.381, 6.016, 4.265, 3.952, 4.899, 4.387, 3.162, 3.104, 4.363, 3.805], [2.23, 2.944, 3.42, 2.583, 1.76, 1.469, 0.949, 0.0, 1.473, 3.861, 3.104, 1.611, 1.493, 1.687, 2.116, 1.837, 2.964, 2.196, 3.238, 2.724, 2.429, 2.875, 2.108, 2.266, 2.847, 3.466, 2.319, 2.056, 2.95, 3.417, 3.646, 2.78, 3.412, 3.705, 3.727, 3.418, 2.419, 1.897, 1.858, 2.647, 3.09, 2.772, 2.385, 2.556, 3.708, 3.582, 2.836, 2.591, 1.963, 3.221, 2.867, 2.857, 3.322, 2.259, 2.644, 5.205, 6.34, 8.146, 10.09, 6.673, 3.976, 3.481, 5.682, 7.036, 7.219, 6.926, 6.533, 5.343, 4.341, 2.993, 1.926, 1.607, 1.06, 1.275, 2.457, 4.012, 4.604, 4.612, 4.191, 3.822, 3.275, 4.057, 5.122, 5.121, 5.275, 5.482, 4.956, 2.577, 2.117, 2.262, 1.945, 1.642, 1.629, 2.049, 1.635, 2.435, 4.869, 5.409, 5.369, 5.413, 6.196, 6.911, 5.798, 5.142, 5.41, 5.868, 6.177, 5.45, 4.447, 4.478, 5.879, 5.173, 4.075, 3.308, 3.008, 3.027, 2.74, 1.89, 1.368, 2.199, 3.373, 3.651, 3.222, 3.105, 4.968, 7.503, 8.744, 9.213, 9.105, 8.988, 9.326, 8.763, 7.538, 7.369, 7.689, 6.988, 5.58, 3.908, 3.657, 4.568, 4.021, 3.219, 3.35, 4.483, 3.808], [2.38, 2.97, 3.086, 2.353, 2.081, 1.509, 1.314, 1.473, 0.0, 2.593, 2.333, 1.558, 1.764, 2.55, 2.656, 1.858, 2.7, 1.953, 2.759, 2.157, 1.616, 2.075, 2.242, 2.963, 2.859, 3.314, 2.478, 1.949, 2.788, 3.477, 4.319, 3.532, 4.153, 4.572, 4.126, 3.897, 3.46, 2.488, 2.203, 3.948, 4.432, 4.022, 3.738, 3.846, 4.945, 4.785, 4.047, 3.65, 2.114, 2.289, 1.856, 1.875, 2.242, 1.616, 1.703, 4.049, 5.092, 6.875, 8.82, 5.415, 2.821, 3.557, 6.339, 7.762, 8.037, 7.956, 7.738, 6.648, 5.575, 4.264, 3.019, 2.266, 1.498, 2.138, 2.958, 4.336, 4.971, 5.153, 4.65, 4.257, 3.928, 5.232, 6.183, 6.302, 6.473, 6.726, 6.337, 3.798, 2.098, 1.49, 1.746, 1.549, 1.552, 1.517, 1.298, 1.416, 3.912, 4.153, 4.11, 4.326, 5.274, 5.643, 4.541, 3.999, 4.189, 4.606, 4.911, 4.194, 3.241, 3.302, 4.609, 3.902, 2.993, 2.688, 2.145, 2.205, 1.911, 2.211, 2.301, 3.457, 4.535, 4.957, 4.627, 4.481, 6.329, 8.899, 10.081, 10.587, 10.4, 10.234, 10.591, 10.06, 8.812, 8.702, 8.933, 8.234, 6.833, 5.105, 4.724, 5.63, 5.201, 4.053, 4.164, 5.414, 4.776], [3.598, 3.905, 3.732, 3.615, 3.862, 3.059, 3.47, 3.861, 2.593, 0.0, 1.396, 2.805, 3.405, 4.871, 4.492, 2.737, 2.335, 2.438, 2.763, 2.569, 2.023, 2.139, 3.688, 5.434, 4.162, 4.029, 3.795, 3.628, 3.708, 4.868, 6.158, 5.773, 6.558, 6.861, 6.255, 5.644, 5.838, 4.705, 4.126, 6.436, 6.808, 6.358, 5.999, 5.985, 6.936, 6.835, 6.257, 5.768, 3.524, 1.543, 1.579, 2.133, 1.917, 2.262, 1.588, 2.326, 2.734, 4.317, 6.467, 3.436, 1.73, 4.532, 7.589, 9.192, 9.785, 9.798, 9.615, 8.572, 7.766, 6.574, 5.176, 4.202, 3.427, 3.984, 4.789, 5.574, 5.923, 6.282, 5.826, 5.33, 5.497, 7.228, 8.011, 8.126, 8.435, 8.928, 8.51, 5.872, 2.672, 2.183, 2.191, 2.65, 2.742, 2.131, 2.673, 1.9, 2.51, 2.286, 2.035, 2.488, 3.349, 3.364, 2.289, 2.367, 2.022, 2.594, 2.394, 1.93, 1.289, 2.034, 2.349, 1.597, 1.878, 1.984, 1.872, 1.787, 2.293, 3.643, 4.432, 5.85, 6.989, 7.336, 6.772, 6.64, 8.671, 11.068, 12.362, 12.925, 12.85, 12.803, 13.106, 12.585, 11.394, 10.998, 11.421, 10.761, 9.288, 7.494, 6.96, 7.381, 7.275, 5.842, 5.534, 6.952, 6.523], [3.967, 4.231, 4.182, 4.037, 3.87, 3.156, 3.229, 3.104, 2.333, 1.396, 0.0, 2.064, 2.779, 3.981, 3.531, 1.929, 2.271, 1.796, 2.168, 1.997, 1.98, 2.877, 3.403, 4.477, 4.447, 4.571, 4.027, 3.751, 4.118, 4.857, 5.935, 4.998, 5.805, 6.172, 6.016, 5.592, 5.072, 4.021, 3.591, 5.443, 5.801, 5.234, 5.0, 4.918, 5.886, 5.791, 5.208, 4.729, 2.417, 1.369, 1.967, 2.369, 2.41, 2.298, 1.595, 3.061, 3.809, 5.478, 7.414, 4.467, 2.632, 4.81, 7.815, 9.276, 9.381, 9.022, 8.571, 7.78, 6.925, 5.739, 4.28, 3.355, 2.906, 3.497, 4.673, 5.938, 6.219, 6.507, 6.045, 5.709, 5.329, 6.291, 7.362, 7.366, 7.55, 7.917, 7.494, 4.878, 1.909, 1.836, 1.737, 1.857, 2.231, 2.128, 2.005, 1.511, 3.139, 3.279, 3.136, 3.133, 4.154, 4.46, 3.319, 2.915, 2.911, 3.555, 3.552, 2.838, 2.391, 2.923, 3.406, 2.488, 2.158, 2.21, 2.219, 2.233, 2.451, 3.486, 3.693, 4.831, 5.938, 6.265, 5.696, 5.631, 7.659, 10.03, 11.262, 11.902, 11.856, 11.809, 12.089, 11.591, 10.401, 10.016, 10.276, 9.688, 8.185, 6.386, 5.864, 6.322, 6.169, 5.034, 5.498, 6.603, 5.896], [3.015, 3.576, 3.56, 3.174, 2.714, 1.935, 1.742, 1.611, 1.558, 2.805, 2.064, 0.0, 1.608, 2.458, 2.075, 1.379, 2.313, 1.809, 2.509, 2.038, 1.928, 2.35, 2.665, 3.19, 3.728, 3.905, 3.153, 2.832, 3.369, 4.056, 4.732, 3.816, 4.529, 4.815, 4.829, 4.439, 3.744, 2.696, 2.899, 3.806, 4.113, 3.604, 3.304, 3.26, 4.291, 4.343, 3.672, 3.196, 1.7, 2.26, 1.882, 2.127, 2.555, 2.085, 2.2, 4.289, 5.316, 7.073, 9.092, 5.884, 3.009, 4.066, 6.445, 7.839, 8.09, 7.824, 7.275, 6.32, 5.543, 4.259, 2.811, 1.941, 1.864, 2.124, 3.402, 4.993, 5.228, 5.236, 5.001, 4.549, 4.045, 4.885, 6.002, 6.004, 6.058, 6.401, 5.842, 3.286, 1.309, 1.652, 1.426, 1.308, 1.242, 1.464, 1.127, 1.603, 4.057, 4.628, 4.499, 4.379, 5.338, 5.935, 4.841, 4.374, 4.503, 5.075, 5.093, 4.273, 3.345, 3.667, 4.729, 4.084, 3.298, 2.797, 2.498, 2.12, 1.964, 2.303, 2.3, 3.394, 4.42, 4.644, 4.026, 3.912, 5.951, 8.302, 9.622, 10.194, 10.166, 10.129, 10.398, 9.901, 8.71, 8.326, 8.674, 8.014, 6.555, 4.779, 4.319, 5.03, 4.751, 3.795, 4.268, 5.346, 4.601], [2.938, 3.526, 3.463, 2.819, 2.43, 1.547, 1.494, 1.493, 1.764, 3.405, 2.779, 1.608, 0.0, 1.798, 1.649, 1.336, 2.409, 1.964, 3.087, 2.497, 2.157, 2.661, 2.52, 2.885, 3.346, 3.756, 2.9, 2.514, 3.018, 3.847, 4.166, 3.245, 4.139, 4.693, 4.435, 4.066, 3.126, 2.754, 2.457, 3.321, 3.521, 3.134, 2.875, 3.169, 4.202, 4.016, 3.434, 3.167, 2.187, 2.711, 2.423, 2.715, 3.261, 2.411, 2.363, 4.803, 5.925, 7.713, 9.605, 6.244, 3.532, 3.991, 6.213, 7.574, 7.777, 7.425, 7.02, 5.753, 4.684, 3.538, 2.388, 1.904, 2.036, 1.892, 3.126, 4.688, 5.231, 5.205, 4.808, 4.477, 3.863, 4.393, 5.37, 5.382, 5.546, 5.819, 5.423, 2.905, 1.786, 1.799, 1.967, 1.745, 1.543, 1.58, 1.519, 2.118, 4.632, 4.968, 4.911, 5.064, 6.066, 6.49, 5.411, 4.863, 5.007, 5.449, 5.712, 4.965, 4.017, 4.084, 5.398, 4.688, 3.553, 2.937, 2.932, 2.662, 2.619, 2.412, 1.954, 2.689, 3.847, 4.047, 3.774, 3.665, 5.435, 7.972, 9.154, 9.667, 9.54, 9.46, 9.728, 9.217, 8.023, 7.813, 8.082, 7.367, 5.977, 4.521, 4.322, 5.154, 4.507, 3.606, 3.82, 4.719, 4.043], [2.96, 3.823, 4.288, 3.423, 2.542, 2.355, 1.77, 1.687, 2.55, 4.871, 3.981, 2.458, 1.798, 0.0, 1.345, 2.348, 3.789, 2.833, 4.045, 3.496, 3.411, 3.75, 2.987, 2.871, 3.671, 4.348, 3.105, 2.818, 3.725, 4.117, 4.134, 3.242, 3.901, 4.426, 4.475, 4.077, 2.807, 2.611, 2.624, 2.831, 2.482, 2.326, 1.889, 2.013, 2.873, 2.742, 2.169, 2.226, 2.206, 4.193, 3.877, 3.86, 4.297, 3.079, 3.631, 6.208, 7.35, 9.156, 11.1, 7.672, 4.982, 4.343, 6.044, 7.251, 7.521, 7.058, 6.306, 4.861, 3.88, 2.848, 1.507, 1.342, 2.261, 2.09, 3.072, 4.677, 5.214, 4.999, 4.63, 4.387, 3.639, 3.477, 4.081, 4.074, 4.387, 4.465, 3.992, 1.727, 2.606, 3.119, 3.004, 2.53, 2.315, 2.973, 2.449, 3.425, 5.93, 6.394, 6.368, 6.427, 7.225, 7.921, 6.826, 6.174, 6.421, 6.855, 7.187, 6.46, 5.464, 5.47, 6.889, 6.183, 5.038, 3.927, 3.949, 3.967, 3.723, 2.887, 2.002, 2.023, 2.612, 2.894, 2.751, 2.61, 3.978, 6.501, 7.735, 8.22, 8.077, 7.967, 8.305, 7.725, 6.527, 6.352, 6.668, 5.969, 4.781, 3.364, 3.138, 4.05, 3.3, 2.683, 3.039, 3.995, 3.368], [3.806, 4.294, 4.213, 3.54, 3.112, 2.463, 2.044, 2.116, 2.656, 4.492, 3.531, 2.075, 1.649, 1.345, 0.0, 1.934, 3.389, 2.706, 3.871, 3.353, 3.175, 3.502, 3.012, 3.362, 4.111, 4.46, 3.653, 3.257, 3.795, 4.54, 4.868, 3.867, 4.722, 5.187, 5.209, 4.8, 3.703, 3.249, 3.206, 3.509, 2.991, 2.556, 2.276, 2.129, 3.129, 2.96, 2.806, 2.585, 2.258, 3.677, 3.405, 3.657, 4.222, 3.398, 3.541, 5.878, 7.019, 8.798, 10.679, 7.446, 4.621, 4.55, 6.737, 8.014, 8.191, 7.753, 6.939, 5.643, 4.732, 3.758, 2.17, 1.793, 2.835, 2.545, 3.882, 5.527, 5.875, 5.726, 5.443, 5.143, 4.429, 4.224, 4.442, 4.452, 4.911, 5.046, 4.455, 2.13, 2.363, 2.986, 2.786, 2.569, 2.391, 2.699, 2.206, 3.244, 5.632, 6.21, 6.099, 6.033, 6.935, 7.614, 6.548, 5.95, 6.138, 6.667, 6.818, 5.929, 5.03, 5.136, 6.358, 5.676, 4.782, 4.087, 4.065, 3.672, 3.474, 3.156, 2.454, 2.764, 3.307, 3.362, 3.073, 3.198, 4.379, 6.723, 8.022, 8.531, 8.51, 8.463, 8.743, 8.245, 7.055, 6.699, 6.984, 6.391, 5.12, 3.567, 3.231, 4.076, 3.712, 3.291, 3.881, 4.69, 4.159], [3.437, 3.905, 3.951, 3.333, 2.898, 2.162, 2.037, 1.837, 1.858, 2.737, 1.929, 1.379, 1.336, 2.348, 1.934, 0.0, 1.832, 1.415, 2.542, 2.193, 2.193, 2.783, 2.946, 3.385, 3.899, 4.174, 3.344, 2.988, 3.511, 4.243, 4.809, 3.713, 4.755, 5.164, 4.992, 4.577, 3.667, 3.244, 3.003, 3.952, 4.24, 3.706, 3.457, 3.575, 4.629, 4.511, 3.967, 3.735, 2.122, 1.926, 2.028, 2.576, 2.86, 2.142, 1.865, 4.136, 5.262, 7.041, 8.921, 5.749, 3.042, 4.273, 6.731, 8.129, 8.213, 7.806, 7.412, 6.292, 5.276, 4.185, 3.063, 2.34, 2.317, 2.402, 3.734, 5.379, 5.702, 5.75, 5.35, 4.995, 4.356, 4.894, 5.949, 5.949, 6.103, 6.449, 5.918, 3.35, 1.232, 1.758, 1.49, 1.23, 1.69, 1.948, 1.782, 1.913, 4.066, 4.495, 4.358, 4.273, 5.19, 5.868, 4.791, 4.277, 4.389, 4.943, 5.061, 4.187, 3.365, 3.576, 4.657, 3.921, 3.117, 2.634, 2.541, 2.244, 2.312, 2.686, 2.33, 3.272, 4.457, 4.722, 4.181, 4.154, 6.066, 8.457, 9.702, 10.291, 10.265, 10.231, 10.497, 10.0, 8.809, 8.462, 8.71, 8.112, 6.749, 5.042, 4.741, 5.593, 5.051, 4.009, 4.462, 5.283, 4.665], [3.505, 4.029, 3.966, 3.958, 3.794, 2.637, 2.806, 2.964, 2.7, 2.335, 2.271, 2.313, 2.409, 3.789, 3.389, 1.832, 0.0, 2.211, 2.827, 2.697, 2.701, 3.088, 3.926, 4.746, 4.633, 3.943, 3.648, 3.934, 4.017, 4.584, 5.434, 4.946, 6.088, 6.359, 5.859, 4.667, 5.005, 4.527, 4.003, 5.322, 5.691, 5.156, 4.909, 4.852, 5.672, 5.6, 5.16, 4.873, 3.208, 1.51, 1.659, 2.296, 2.559, 2.587, 2.239, 3.773, 4.167, 5.688, 8.135, 5.358, 2.745, 3.916, 6.603, 8.156, 8.992, 8.347, 8.309, 7.237, 6.578, 5.452, 4.174, 3.408, 3.139, 3.238, 4.494, 5.571, 5.658, 5.629, 5.358, 4.649, 4.747, 6.031, 6.691, 6.611, 7.078, 7.72, 7.268, 4.615, 1.897, 2.163, 2.178, 2.315, 2.548, 2.188, 2.691, 2.616, 4.093, 4.316, 3.794, 4.091, 5.027, 5.215, 4.264, 4.242, 4.021, 4.647, 4.148, 2.789, 2.652, 3.429, 3.748, 3.132, 3.024, 2.642, 2.704, 2.139, 2.063, 2.256, 3.398, 4.706, 5.938, 6.171, 5.558, 5.343, 7.528, 9.867, 11.156, 11.74, 11.776, 11.756, 12.002, 11.506, 10.304, 9.906, 10.318, 9.645, 8.227, 6.444, 5.987, 6.776, 6.336, 4.856, 4.207, 5.169, 5.237], [3.238, 4.006, 3.998, 3.232, 2.928, 2.334, 2.433, 2.196, 1.953, 2.438, 1.796, 1.809, 1.964, 2.833, 2.706, 1.415, 2.211, 0.0, 1.594, 1.632, 1.927, 2.502, 2.856, 3.484, 3.674, 4.112, 3.272, 2.753, 3.295, 4.233, 5.042, 4.111, 4.505, 5.051, 5.028, 4.781, 3.847, 2.977, 2.8, 4.042, 4.596, 4.144, 3.874, 4.113, 5.323, 5.206, 4.381, 4.253, 2.785, 2.181, 2.295, 2.706, 2.877, 2.189, 1.658, 3.762, 4.904, 6.71, 8.654, 5.251, 2.793, 4.473, 7.155, 8.586, 8.73, 8.535, 8.0, 6.896, 5.917, 4.588, 3.565, 2.909, 2.459, 3.024, 3.931, 5.095, 5.724, 6.024, 5.434, 5.207, 4.865, 5.63, 6.632, 6.622, 6.797, 6.983, 6.426, 3.945, 1.174, 1.634, 1.398, 1.384, 1.795, 1.811, 1.722, 1.706, 3.527, 4.008, 3.94, 3.927, 4.697, 5.477, 4.394, 3.77, 3.98, 4.439, 4.741, 4.03, 3.198, 3.268, 4.547, 3.775, 2.914, 2.715, 2.525, 2.571, 2.722, 3.321, 2.94, 3.724, 4.874, 5.1, 4.746, 4.534, 6.452, 8.985, 10.176, 10.662, 10.588, 10.505, 10.823, 10.265, 9.072, 8.889, 9.202, 8.516, 7.242, 5.457, 5.221, 6.282, 5.571, 4.852, 5.159, 6.193, 5.491], [4.553, 5.09, 5.064, 4.266, 4.153, 3.547, 3.505, 3.238, 2.759, 2.763, 2.168, 2.509, 3.087, 4.045, 3.871, 2.542, 2.827, 1.594, 0.0, 1.167, 1.899, 3.056, 3.587, 4.224, 4.771, 5.138, 4.514, 3.905, 4.458, 5.418, 6.323, 5.393, 5.663, 5.932, 6.246, 6.003, 5.14, 3.898, 3.922, 4.948, 5.429, 4.747, 4.596, 4.927, 6.314, 6.254, 5.495, 4.939, 3.506, 2.685, 2.768, 3.604, 3.586, 3.09, 2.004, 3.408, 4.428, 6.233, 8.183, 4.755, 3.07, 5.557, 8.401, 9.826, 9.967, 9.733, 9.167, 8.109, 7.2, 5.747, 4.592, 3.765, 3.405, 4.135, 5.129, 6.322, 6.938, 7.208, 6.721, 6.499, 6.139, 6.832, 7.9, 7.897, 7.941, 8.071, 7.455, 5.011, 1.886, 1.854, 2.059, 2.228, 2.708, 2.752, 2.395, 2.281, 3.215, 3.707, 3.699, 3.436, 4.268, 5.01, 3.906, 3.265, 3.498, 3.98, 4.354, 3.777, 3.471, 2.993, 4.609, 3.818, 3.031, 3.419, 3.433, 3.513, 3.628, 4.353, 4.135, 4.968, 5.783, 5.889, 5.69, 5.348, 7.213, 9.731, 10.915, 11.243, 11.369, 11.057, 11.448, 10.961, 9.765, 9.585, 9.888, 9.051, 7.654, 5.898, 5.758, 6.924, 6.497, 5.89, 6.293, 7.451, 6.716], [4.194, 4.84, 4.748, 3.923, 3.819, 3.113, 2.977, 2.724, 2.157, 2.569, 1.997, 2.038, 2.497, 3.496, 3.353, 2.193, 2.697, 1.632, 1.167, 0.0, 1.29, 2.725, 3.302, 3.842, 4.52, 4.931, 4.297, 3.586, 4.273, 5.237, 5.97, 4.972, 5.202, 5.64, 5.828, 5.7, 4.647, 3.691, 3.629, 4.547, 5.117, 4.547, 4.372, 4.539, 5.893, 5.806, 4.954, 4.424, 2.703, 2.442, 2.196, 3.046, 3.11, 2.46, 1.628, 3.595, 4.634, 6.44, 8.379, 4.918, 2.723, 5.33, 8.105, 9.529, 9.668, 9.403, 8.781, 7.702, 6.778, 5.297, 4.085, 3.136, 2.768, 3.668, 4.717, 6.106, 6.716, 6.839, 6.4, 6.11, 5.746, 6.38, 7.444, 7.424, 7.55, 7.701, 7.127, 4.68, 1.623, 1.094, 1.598, 1.709, 2.051, 2.272, 1.674, 1.612, 3.048, 3.631, 3.654, 3.729, 4.6, 5.233, 4.087, 3.423, 3.704, 4.139, 4.471, 3.752, 3.06, 2.684, 4.278, 3.608, 2.861, 2.999, 2.876, 2.858, 3.005, 3.9, 3.73, 4.467, 5.295, 5.543, 5.344, 5.109, 6.922, 9.485, 10.71, 11.085, 11.084, 10.793, 11.201, 10.652, 9.398, 9.311, 9.615, 8.792, 7.433, 5.673, 5.258, 6.224, 5.948, 5.364, 5.773, 6.931, 6.21], [3.644, 4.068, 3.882, 3.34, 3.255, 2.637, 2.481, 2.429, 1.616, 2.023, 1.98, 1.928, 2.157, 3.411, 3.175, 2.193, 2.701, 1.927, 1.899, 1.29, 0.0, 1.727, 2.489, 3.768, 3.903, 4.264, 3.709, 3.045, 3.623, 4.69, 5.505, 4.587, 5.114, 5.478, 5.446, 5.16, 4.39, 3.588, 3.167, 4.896, 5.201, 4.756, 4.529, 4.557, 5.913, 5.797, 4.858, 4.415, 2.547, 2.117, 1.675, 2.345, 2.579, 2.153, 1.507, 3.359, 4.258, 6.015, 7.94, 4.508, 2.149, 4.734, 7.62, 9.029, 9.171, 9.052, 8.745, 7.582, 6.555, 5.088, 4.001, 3.04, 2.377, 3.169, 4.261, 5.559, 6.149, 6.351, 5.875, 5.504, 5.099, 6.273, 7.31, 7.343, 7.513, 7.724, 7.224, 4.726, 2.016, 1.056, 1.621, 1.785, 1.683, 1.733, 1.529, 1.425, 2.784, 3.304, 3.265, 3.447, 4.364, 4.826, 3.735, 3.163, 3.294, 3.755, 4.042, 3.407, 2.514, 2.358, 3.742, 3.118, 2.781, 2.73, 2.5, 2.383, 2.467, 3.254, 3.357, 4.338, 5.356, 5.705, 5.488, 5.298, 7.097, 9.668, 10.849, 11.351, 11.23, 11.092, 11.411, 10.89, 9.691, 9.447, 9.783, 9.054, 7.617, 5.833, 5.36, 6.167, 5.835, 4.993, 5.221, 6.493, 5.802], [2.719, 2.96, 2.637, 2.517, 2.757, 2.243, 2.585, 2.875, 2.075, 2.139, 2.877, 2.35, 2.661, 3.75, 3.502, 2.783, 3.088, 2.502, 3.056, 2.725, 1.727, 0.0, 2.336, 4.227, 2.897, 2.973, 2.789, 2.481, 2.431, 4.063, 5.266, 4.661, 5.374, 5.667, 5.201, 4.843, 4.64, 3.542, 3.066, 5.242, 5.628, 5.182, 4.848, 4.908, 5.981, 5.915, 5.136, 4.983, 3.552, 2.914, 2.174, 2.236, 2.635, 2.841, 2.577, 2.924, 3.807, 5.495, 7.568, 4.282, 1.594, 3.709, 6.907, 8.361, 8.858, 8.982, 8.773, 7.611, 6.715, 5.414, 4.181, 3.47, 2.847, 3.069, 3.825, 4.465, 5.026, 5.413, 5.01, 4.488, 4.68, 6.292, 7.204, 7.302, 7.473, 7.869, 7.367, 4.785, 2.529, 1.997, 2.601, 2.916, 2.369, 1.774, 2.141, 2.331, 2.769, 3.06, 2.909, 3.208, 4.126, 4.409, 3.436, 3.351, 3.07, 3.504, 3.584, 3.453, 2.172, 2.249, 3.297, 3.139, 3.404, 3.549, 2.603, 2.584, 2.77, 3.153, 3.285, 4.687, 5.826, 6.154, 5.647, 5.47, 7.507, 9.95, 11.188, 11.762, 11.658, 11.593, 11.923, 11.375, 10.185, 9.821, 10.239, 9.579, 8.147, 6.545, 6.139, 6.721, 6.13, 5.032, 4.848, 6.23, 5.717], [3.023, 2.804, 2.574, 1.771, 1.676, 2.354, 2.454, 2.108, 2.242, 3.688, 3.403, 2.665, 2.52, 2.987, 3.012, 2.946, 3.926, 2.856, 3.587, 3.302, 2.489, 2.336, 0.0, 2.024, 2.281, 2.918, 2.454, 1.766, 2.273, 2.788, 3.687, 2.658, 3.328, 3.645, 3.614, 3.277, 2.664, 2.414, 1.468, 3.033, 3.644, 3.276, 3.2, 3.662, 4.454, 4.371, 3.785, 3.945, 3.434, 3.709, 3.245, 3.51, 3.846, 3.529, 3.263, 5.022, 6.065, 7.752, 9.809, 6.506, 3.722, 2.97, 5.699, 7.052, 7.194, 6.965, 6.647, 5.513, 4.662, 3.48, 3.141, 3.218, 2.31, 2.129, 2.528, 3.788, 4.216, 4.541, 4.312, 3.938, 3.337, 4.205, 5.24, 5.213, 5.382, 5.698, 5.168, 3.542, 2.836, 2.897, 3.138, 3.022, 2.833, 2.654, 2.342, 3.094, 4.728, 5.295, 5.179, 5.178, 5.996, 6.657, 5.601, 5.218, 5.182, 5.689, 5.862, 5.29, 4.239, 4.309, 5.49, 5.093, 4.914, 4.597, 4.002, 3.922, 3.612, 2.816, 1.876, 2.771, 3.896, 3.962, 3.635, 3.526, 5.283, 7.704, 8.911, 9.497, 9.395, 9.348, 9.661, 9.129, 7.939, 7.548, 8.081, 7.627, 6.596, 5.432, 5.144, 5.573, 4.765, 4.35, 4.454, 4.655, 4.065], [3.595, 3.223, 3.443, 2.31, 1.996, 2.965, 2.918, 2.266, 2.963, 5.434, 4.477, 3.19, 2.885, 2.871, 3.362, 3.385, 4.746, 3.484, 4.224, 3.842, 3.768, 4.227, 2.024, 0.0, 2.386, 3.752, 2.584, 2.283, 2.783, 2.112, 2.559, 1.626, 1.93, 2.146, 2.471, 2.439, 1.658, 1.808, 1.736, 1.521, 2.168, 2.447, 2.804, 3.257, 3.782, 3.627, 3.34, 3.748, 3.654, 4.845, 4.552, 4.486, 4.862, 3.978, 4.158, 6.771, 7.922, 9.719, 11.663, 8.197, 5.556, 2.949, 4.696, 6.091, 6.24, 5.847, 5.292, 4.228, 3.295, 2.645, 2.937, 3.375, 2.722, 2.247, 2.211, 3.258, 3.846, 4.056, 3.924, 3.719, 2.937, 3.079, 4.155, 3.983, 4.027, 4.157, 3.618, 3.296, 3.296, 3.798, 3.714, 3.289, 3.499, 3.644, 3.059, 3.818, 6.363, 6.934, 6.931, 6.974, 7.761, 8.494, 7.415, 6.761, 6.997, 7.444, 7.75, 7.023, 6.025, 5.88, 7.452, 6.746, 5.716, 5.265, 4.722, 4.908, 4.521, 3.482, 2.159, 2.472, 2.862, 2.727, 3.028, 2.792, 4.03, 6.076, 7.209, 7.681, 7.532, 7.393, 7.696, 7.185, 6.012, 5.876, 6.368, 5.958, 5.454, 4.825, 4.708, 5.228, 4.226, 4.561, 4.692, 4.163, 3.611], [2.411, 1.858, 1.83, 1.27, 1.543, 2.411, 2.877, 2.847, 2.859, 4.162, 4.447, 3.728, 3.346, 3.671, 4.111, 3.899, 4.633, 3.674, 4.771, 4.52, 3.903, 2.897, 2.281, 2.386, 0.0, 1.895, 1.499, 1.412, 1.272, 2.163, 3.067, 2.611, 3.282, 3.602, 2.923, 2.682, 2.561, 2.219, 1.438, 3.239, 3.822, 3.725, 3.909, 4.477, 4.919, 4.664, 4.532, 4.855, 4.586, 4.648, 3.94, 3.557, 3.676, 3.55, 4.078, 4.81, 5.977, 7.669, 9.613, 6.41, 3.661, 1.917, 4.804, 6.369, 6.812, 6.927, 6.721, 5.618, 4.661, 3.778, 3.61, 4.017, 2.826, 2.433, 2.152, 2.664, 3.314, 3.806, 3.349, 2.988, 3.166, 4.472, 5.458, 5.294, 5.435, 5.821, 5.413, 4.071, 3.937, 3.823, 3.999, 4.012, 3.715, 2.996, 3.393, 3.813, 4.885, 5.098, 4.907, 5.477, 6.045, 6.595, 5.792, 5.534, 5.331, 5.446, 5.753, 5.615, 4.069, 4.384, 5.407, 5.152, 5.151, 5.136, 3.654, 4.086, 4.0, 3.368, 2.441, 3.475, 4.477, 4.421, 4.282, 4.108, 5.729, 8.1, 9.27, 9.713, 9.649, 9.513, 9.858, 9.288, 8.119, 8.066, 8.458, 7.909, 7.027, 6.169, 6.031, 6.471, 5.665, 5.039, 4.601, 4.808, 4.465], [2.249, 1.543, 1.445, 1.908, 2.479, 2.567, 3.34, 3.466, 3.314, 4.029, 4.571, 3.905, 3.756, 4.348, 4.46, 4.174, 3.943, 4.112, 5.138, 4.931, 4.264, 2.973, 2.918, 3.752, 1.895, 0.0, 1.933, 2.218, 1.79, 2.901, 4.254, 4.051, 4.79, 5.101, 4.441, 3.322, 4.084, 3.199, 2.576, 4.679, 5.078, 4.809, 4.682, 5.017, 5.714, 5.462, 5.175, 5.453, 4.982, 4.587, 3.487, 2.667, 2.718, 3.831, 4.519, 4.659, 4.549, 6.367, 8.556, 6.03, 3.278, 1.83, 4.748, 6.983, 8.055, 7.949, 7.828, 6.881, 5.951, 4.828, 4.235, 4.51, 3.273, 2.98, 3.148, 3.084, 3.631, 4.134, 3.102, 2.791, 3.954, 5.549, 6.296, 6.357, 6.731, 7.222, 6.798, 4.846, 4.194, 4.251, 4.305, 4.419, 4.033, 3.099, 3.713, 4.166, 4.848, 5.11, 4.53, 5.426, 6.089, 6.179, 5.662, 5.823, 5.253, 5.477, 5.167, 4.23, 3.444, 4.041, 4.535, 4.27, 5.346, 5.16, 3.612, 3.335, 3.08, 2.746, 3.14, 4.321, 5.512, 5.628, 5.153, 5.054, 6.984, 9.36, 10.689, 11.155, 11.193, 11.142, 11.388, 10.892, 9.69, 9.404, 9.717, 9.095, 7.989, 6.749, 6.581, 7.189, 6.351, 5.319, 3.639, 4.927, 4.883], [1.455, 1.568, 2.001, 1.539, 1.273, 1.734, 2.392, 2.319, 2.478, 3.795, 4.027, 3.153, 2.9, 3.105, 3.653, 3.344, 3.648, 3.272, 4.514, 4.297, 3.709, 2.789, 2.454, 2.584, 1.499, 1.933, 0.0, 1.443, 1.447, 1.928, 2.866, 2.582, 3.246, 3.531, 2.93, 2.181, 2.545, 1.758, 1.457, 3.216, 3.729, 3.591, 3.375, 3.808, 4.479, 4.207, 4.018, 4.188, 3.966, 3.965, 3.202, 2.567, 2.971, 2.825, 3.87, 5.104, 5.832, 7.627, 9.664, 6.671, 3.762, 1.686, 4.28, 5.929, 6.605, 6.685, 6.47, 5.402, 4.553, 3.63, 3.012, 3.319, 2.021, 1.888, 1.976, 2.507, 3.139, 3.509, 2.778, 2.52, 2.845, 4.251, 5.144, 5.065, 5.29, 5.724, 5.292, 3.252, 3.484, 3.552, 3.533, 3.435, 3.12, 2.487, 3.05, 3.475, 5.294, 5.544, 5.151, 5.532, 6.385, 6.594, 5.672, 5.546, 5.344, 5.899, 5.756, 5.018, 3.938, 4.537, 5.443, 4.714, 4.651, 4.324, 3.051, 3.216, 3.023, 2.251, 1.804, 3.09, 4.334, 4.329, 3.94, 3.816, 5.662, 8.029, 9.187, 9.679, 9.694, 9.629, 9.905, 9.367, 8.225, 8.025, 8.402, 7.744, 6.7, 5.504, 5.357, 5.913, 5.187, 4.121, 3.389, 4.249, 4.058], [2.048, 2.115, 2.246, 1.333, 1.107, 1.703, 1.994, 2.056, 1.949, 3.628, 3.751, 2.832, 2.514, 2.818, 3.257, 2.988, 3.934, 2.753, 3.905, 3.586, 3.045, 2.481, 1.766, 2.283, 1.412, 2.218, 1.443, 0.0, 1.343, 2.306, 3.291, 2.677, 3.147, 3.51, 3.102, 2.951, 2.631, 1.967, 1.196, 3.082, 3.713, 3.452, 3.258, 4.008, 4.853, 4.666, 4.141, 4.303, 3.73, 3.944, 3.324, 2.92, 3.096, 2.754, 3.157, 4.836, 5.96, 7.764, 9.708, 6.273, 3.608, 2.303, 5.065, 6.628, 6.947, 7.102, 6.872, 5.736, 4.774, 3.674, 3.361, 3.29, 2.161, 2.151, 2.349, 3.155, 3.808, 4.176, 3.615, 3.375, 3.299, 4.592, 5.616, 5.552, 5.69, 5.925, 5.434, 3.476, 3.112, 3.029, 3.036, 3.006, 2.772, 2.276, 2.538, 2.882, 4.665, 4.983, 4.983, 5.19, 5.903, 6.533, 5.483, 5.181, 5.11, 5.489, 5.807, 5.154, 4.084, 4.086, 5.497, 4.795, 4.293, 4.165, 3.149, 3.378, 3.336, 2.722, 1.95, 2.989, 4.255, 4.343, 4.077, 3.889, 5.636, 8.18, 9.257, 9.696, 9.663, 9.546, 9.846, 9.332, 8.182, 8.098, 8.377, 7.716, 6.83, 5.529, 5.395, 6.165, 5.315, 4.541, 4.182, 5.024, 4.572], [2.46, 1.994, 1.716, 1.234, 1.744, 2.112, 2.782, 2.95, 2.788, 3.708, 4.118, 3.369, 3.018, 3.725, 3.795, 3.511, 4.017, 3.295, 4.458, 4.273, 3.623, 2.431, 2.273, 2.783, 1.272, 1.79, 1.447, 1.343, 0.0, 2.141, 3.283, 2.915, 3.543, 3.858, 3.239, 2.883, 2.978, 2.448, 1.707, 3.59, 4.154, 3.931, 3.969, 4.559, 5.167, 4.946, 4.723, 5.007, 4.463, 4.142, 3.523, 3.177, 3.438, 3.353, 3.908, 4.493, 5.543, 7.332, 9.309, 6.175, 3.258, 2.187, 4.895, 6.452, 6.966, 7.085, 6.863, 5.793, 4.986, 4.135, 3.776, 3.985, 2.863, 2.474, 2.514, 2.977, 3.596, 4.084, 3.574, 3.272, 3.402, 4.778, 5.705, 5.557, 5.702, 6.058, 5.63, 4.005, 3.597, 3.552, 3.599, 3.823, 3.332, 2.586, 3.114, 3.492, 4.58, 4.915, 4.627, 4.962, 5.756, 6.144, 5.287, 5.193, 4.852, 5.246, 5.359, 5.116, 3.704, 4.03, 5.109, 4.7, 4.659, 4.802, 3.554, 3.603, 3.641, 3.183, 2.499, 3.695, 4.842, 4.77, 4.459, 4.348, 6.096, 8.5, 9.565, 9.998, 10.057, 10.081, 10.276, 9.807, 8.708, 8.466, 8.889, 8.286, 7.395, 6.324, 6.162, 6.659, 5.874, 5.047, 4.556, 5.063, 4.663], [3.021, 2.661, 2.858, 2.09, 2.026, 2.826, 3.427, 3.417, 3.477, 4.868, 4.857, 4.056, 3.847, 4.117, 4.54, 4.243, 4.584, 4.233, 5.418, 5.237, 4.69, 4.063, 2.788, 2.112, 2.163, 2.901, 1.928, 2.306, 2.141, 0.0, 1.737, 1.784, 2.427, 2.739, 2.043, 1.569, 2.516, 2.663, 2.073, 2.857, 3.641, 3.986, 4.197, 4.741, 4.904, 4.668, 4.781, 5.223, 4.87, 4.822, 4.121, 3.8, 4.066, 3.886, 4.884, 6.397, 7.062, 8.817, 11.043, 8.156, 5.149, 2.208, 3.316, 4.845, 5.451, 5.355, 5.199, 4.392, 3.791, 3.72, 3.885, 4.309, 3.102, 2.732, 2.079, 2.609, 2.943, 3.308, 3.264, 3.1, 2.794, 3.753, 4.364, 4.25, 4.311, 4.793, 4.331, 4.113, 4.322, 4.498, 4.538, 4.429, 4.026, 3.378, 3.95, 4.49, 6.646, 6.94, 6.519, 6.722, 7.618, 7.869, 6.892, 6.776, 6.633, 7.267, 6.972, 6.14, 5.288, 5.986, 6.839, 6.069, 5.864, 5.474, 4.514, 4.431, 4.002, 3.129, 2.745, 3.712, 4.518, 4.393, 4.23, 4.085, 5.621, 7.424, 8.309, 8.714, 8.865, 8.861, 9.057, 8.553, 7.496, 7.4, 8.139, 7.771, 7.268, 6.537, 6.411, 6.685, 5.844, 5.128, 4.563, 4.18, 3.953], [3.554, 3.579, 4.062, 3.145, 2.734, 3.379, 3.727, 3.646, 4.319, 6.158, 5.935, 4.732, 4.166, 4.134, 4.868, 4.809, 5.434, 5.042, 6.323, 5.97, 5.505, 5.266, 3.687, 2.559, 3.067, 4.254, 2.866, 3.291, 3.283, 1.737, 0.0, 1.394, 1.814, 2.271, 1.744, 1.653, 2.14, 2.955, 2.731, 2.558, 3.137, 3.895, 4.072, 4.524, 4.627, 4.167, 4.183, 4.801, 5.044, 5.681, 5.125, 5.054, 5.451, 4.425, 5.615, 7.61, 8.567, 10.354, 12.278, 9.206, 6.363, 3.091, 2.642, 3.753, 4.076, 4.144, 3.981, 3.396, 2.847, 3.077, 3.602, 4.305, 3.408, 3.005, 1.994, 2.499, 2.993, 2.983, 3.152, 3.199, 2.554, 3.125, 3.654, 3.737, 3.425, 3.667, 3.621, 3.944, 5.149, 5.222, 5.011, 4.806, 4.315, 4.3, 4.644, 5.422, 7.724, 8.008, 7.66, 7.942, 8.943, 9.213, 8.208, 7.945, 7.882, 8.404, 8.387, 7.563, 6.649, 7.014, 8.131, 7.385, 6.572, 5.643, 5.27, 5.211, 4.948, 3.9, 2.805, 3.193, 3.885, 3.791, 3.792, 3.698, 5.052, 6.545, 7.068, 7.493, 7.712, 7.632, 7.722, 7.228, 6.403, 6.429, 7.126, 6.908, 6.596, 6.048, 5.925, 6.221, 5.25, 4.811, 4.461, 3.911, 3.576], [3.339, 3.236, 3.684, 2.658, 2.26, 3.159, 3.237, 2.78, 3.532, 5.773, 4.998, 3.816, 3.245, 3.242, 3.867, 3.713, 4.946, 4.111, 5.393, 4.972, 4.587, 4.661, 2.658, 1.626, 2.611, 4.051, 2.582, 2.677, 2.915, 1.784, 1.394, 0.0, 1.629, 2.201, 1.858, 1.67, 1.587, 2.251, 1.99, 1.965, 2.679, 3.041, 3.251, 3.651, 3.884, 3.703, 3.582, 4.002, 4.011, 5.023, 4.768, 4.789, 5.218, 4.018, 4.818, 7.16, 8.298, 10.081, 11.898, 8.705, 5.874, 3.042, 3.416, 4.775, 4.867, 4.613, 4.283, 3.409, 2.719, 2.696, 3.012, 3.523, 2.682, 2.429, 1.769, 2.858, 3.336, 3.536, 3.572, 3.473, 2.608, 2.786, 3.446, 3.473, 3.237, 3.503, 3.402, 3.299, 4.086, 4.268, 4.364, 3.878, 3.679, 3.959, 3.678, 4.587, 7.039, 7.44, 7.302, 7.244, 8.258, 8.862, 7.807, 7.29, 7.392, 7.881, 8.08, 7.256, 6.287, 6.43, 7.685, 7.008, 6.009, 5.276, 4.898, 5.053, 4.698, 3.513, 1.837, 2.459, 3.267, 3.181, 3.179, 3.041, 4.493, 6.228, 6.769, 7.344, 7.424, 7.365, 7.539, 7.069, 6.106, 6.037, 6.755, 6.525, 6.043, 5.262, 5.122, 5.518, 4.622, 4.239, 4.373, 3.827, 3.385], [3.857, 4.068, 4.548, 3.381, 2.858, 3.968, 4.034, 3.412, 4.153, 6.558, 5.805, 4.529, 4.139, 3.901, 4.722, 4.755, 6.088, 4.505, 5.663, 5.202, 5.114, 5.374, 3.328, 1.93, 3.282, 4.79, 3.246, 3.147, 3.543, 2.427, 1.814, 1.629, 0.0, 1.289, 1.427, 2.113, 1.553, 2.176, 2.605, 2.057, 2.703, 3.597, 3.819, 4.234, 4.412, 3.935, 3.573, 4.384, 4.881, 6.132, 5.782, 5.543, 5.979, 4.776, 5.349, 7.889, 9.065, 10.861, 12.781, 9.31, 6.66, 3.623, 3.199, 4.541, 4.726, 4.555, 4.083, 3.095, 2.528, 2.667, 3.622, 4.368, 3.373, 3.356, 2.208, 2.375, 2.841, 3.131, 3.221, 3.347, 2.661, 2.81, 3.701, 3.534, 3.376, 3.28, 3.02, 3.814, 4.8, 5.058, 4.842, 4.458, 4.319, 4.652, 4.161, 4.819, 7.531, 8.029, 8.059, 8.037, 8.843, 9.637, 8.558, 7.901, 8.14, 8.582, 8.869, 8.142, 7.138, 7.019, 8.57, 7.864, 6.552, 6.012, 5.6, 5.862, 5.606, 4.568, 2.874, 2.729, 3.039, 3.014, 3.316, 3.397, 4.209, 5.66, 6.396, 6.821, 6.838, 6.707, 6.923, 6.496, 5.395, 5.426, 6.007, 5.778, 5.804, 5.481, 5.284, 5.651, 4.506, 4.85, 5.15, 4.08, 3.41], [4.297, 4.385, 4.871, 3.693, 3.15, 4.283, 4.383, 3.705, 4.572, 6.861, 6.172, 4.815, 4.693, 4.426, 5.187, 5.164, 6.359, 5.051, 5.932, 5.64, 5.478, 5.667, 3.645, 2.146, 3.602, 5.101, 3.531, 3.51, 3.858, 2.739, 2.271, 2.201, 1.289, 0.0, 1.237, 2.418, 1.961, 2.596, 3.054, 2.364, 3.128, 4.019, 4.136, 4.56, 4.793, 4.348, 3.927, 4.858, 5.318, 6.433, 6.048, 5.881, 6.251, 5.056, 5.781, 8.198, 9.342, 11.146, 13.095, 9.681, 6.968, 3.939, 2.908, 4.118, 4.273, 4.126, 3.727, 2.686, 2.528, 2.907, 4.128, 4.865, 3.808, 3.588, 2.575, 2.505, 2.579, 2.998, 3.204, 3.599, 2.895, 2.899, 3.852, 3.771, 3.415, 3.137, 2.934, 4.268, 5.096, 5.525, 5.068, 4.815, 4.921, 5.07, 4.776, 5.433, 7.768, 8.413, 8.377, 8.353, 9.124, 9.915, 8.836, 8.205, 8.419, 8.888, 9.178, 8.45, 7.447, 7.418, 8.879, 8.173, 7.15, 6.534, 5.975, 6.238, 5.893, 4.874, 3.296, 3.206, 3.465, 3.333, 3.371, 3.728, 4.199, 5.135, 5.947, 6.331, 6.393, 6.349, 6.553, 6.05, 5.038, 4.924, 5.595, 5.808, 5.818, 5.834, 5.513, 5.737, 4.505, 5.028, 5.401, 4.122, 3.551], [3.634, 3.737, 4.2, 3.04, 2.732, 3.663, 3.922, 3.727, 4.126, 6.255, 6.016, 4.829, 4.435, 4.475, 5.209, 4.992, 5.859, 5.028, 6.246, 5.828, 5.446, 5.201, 3.614, 2.471, 2.923, 4.441, 2.93, 3.102, 3.239, 2.043, 1.744, 1.858, 1.427, 1.237, 0.0, 1.795, 1.966, 2.661, 2.647, 2.646, 3.533, 4.414, 4.572, 5.016, 4.994, 4.387, 4.174, 5.154, 5.437, 5.93, 5.421, 5.198, 5.574, 4.535, 5.505, 7.654, 8.683, 10.488, 12.433, 9.225, 6.404, 3.273, 2.586, 3.874, 4.235, 4.21, 3.988, 3.058, 2.579, 3.105, 4.026, 4.766, 3.604, 3.334, 2.135, 2.066, 2.32, 2.54, 2.632, 3.041, 2.461, 2.877, 3.708, 3.623, 3.399, 3.418, 3.318, 4.468, 5.195, 5.138, 5.148, 4.952, 4.73, 4.485, 4.666, 5.226, 7.671, 7.912, 7.738, 7.898, 8.784, 9.281, 8.176, 7.691, 7.853, 8.25, 8.525, 7.793, 6.795, 7.06, 8.224, 7.515, 6.587, 6.139, 5.367, 5.618, 5.254, 4.35, 3.162, 3.419, 3.798, 3.78, 3.814, 4.168, 4.752, 5.993, 6.668, 7.087, 7.172, 6.998, 7.29, 6.753, 5.711, 5.841, 6.511, 6.334, 6.36, 6.306, 5.992, 6.204, 5.011, 4.806, 4.97, 3.797, 3.304], [2.723, 2.91, 3.355, 2.746, 2.386, 3.157, 3.58, 3.418, 3.897, 5.644, 5.592, 4.439, 4.066, 4.077, 4.8, 4.577, 4.667, 4.781, 6.003, 5.7, 5.16, 4.843, 3.277, 2.439, 2.682, 3.322, 2.181, 2.951, 2.883, 1.569, 1.653, 1.67, 2.113, 2.418, 1.795, 0.0, 1.698, 2.529, 2.372, 2.533, 3.442, 4.019, 4.088, 4.497, 4.452, 3.886, 3.926, 4.673, 4.975, 5.207, 4.497, 4.182, 4.518, 4.111, 5.211, 7.13, 7.565, 9.377, 11.553, 8.717, 5.794, 2.327, 2.714, 4.348, 5.004, 4.894, 4.695, 3.799, 3.146, 2.918, 3.577, 4.259, 3.065, 2.883, 1.816, 2.298, 2.802, 2.903, 2.557, 2.414, 2.312, 3.085, 3.689, 3.611, 3.692, 4.128, 3.781, 3.833, 4.754, 4.885, 4.858, 4.638, 4.294, 4.027, 4.397, 5.09, 7.379, 7.633, 7.099, 7.593, 8.479, 8.622, 7.661, 7.529, 7.356, 7.956, 7.656, 6.645, 5.936, 6.569, 7.417, 6.616, 6.307, 5.413, 4.794, 4.744, 4.139, 3.078, 2.589, 3.062, 3.694, 3.496, 3.53, 3.696, 4.763, 6.811, 7.591, 8.017, 8.117, 8.081, 8.278, 7.777, 6.74, 6.687, 7.441, 7.065, 6.429, 5.775, 5.662, 5.853, 4.999, 4.347, 3.538, 3.142, 3.192], [3.071, 3.401, 3.892, 2.783, 2.134, 3.068, 3.053, 2.419, 3.46, 5.838, 5.072, 3.744, 3.126, 2.807, 3.703, 3.667, 5.005, 3.847, 5.14, 4.647, 4.39, 4.64, 2.664, 1.658, 2.561, 4.084, 2.545, 2.631, 2.978, 2.516, 2.14, 1.587, 1.553, 1.961, 1.966, 1.698, 0.0, 1.702, 1.876, 1.548, 2.15, 2.77, 2.845, 3.298, 3.293, 2.775, 2.408, 3.344, 3.895, 5.174, 4.886, 4.827, 5.238, 3.933, 4.681, 7.178, 8.331, 10.126, 12.067, 8.657, 5.952, 2.947, 3.819, 5.042, 5.186, 4.864, 4.506, 3.338, 2.438, 1.605, 2.558, 3.249, 2.499, 2.241, 1.45, 2.536, 3.001, 3.083, 2.771, 2.673, 1.892, 2.331, 3.416, 3.174, 3.253, 3.52, 2.951, 2.747, 3.892, 4.232, 4.015, 3.629, 3.481, 3.914, 3.581, 4.429, 6.901, 7.374, 7.335, 7.328, 8.133, 8.903, 7.824, 7.188, 7.406, 7.857, 8.155, 7.427, 6.424, 6.479, 7.856, 7.15, 6.033, 5.167, 4.893, 5.027, 4.716, 3.541, 1.889, 1.663, 2.196, 2.103, 2.187, 2.372, 3.391, 5.732, 6.776, 7.254, 7.19, 7.139, 7.396, 6.858, 5.768, 5.666, 6.068, 5.594, 4.855, 4.372, 4.212, 4.504, 3.489, 3.565, 3.732, 3.115, 2.575], [2.269, 2.583, 3.194, 2.258, 1.721, 2.361, 2.5, 1.897, 2.488, 4.705, 4.021, 2.696, 2.754, 2.611, 3.249, 3.244, 4.527, 2.977, 3.898, 3.691, 3.588, 3.542, 2.414, 1.808, 2.219, 3.199, 1.758, 1.967, 2.448, 2.663, 2.955, 2.251, 2.176, 2.596, 2.661, 2.529, 1.702, 0.0, 1.536, 2.018, 2.555, 2.71, 2.594, 2.757, 3.42, 3.228, 2.716, 2.896, 3.339, 4.536, 4.084, 3.721, 4.157, 3.248, 3.896, 6.034, 7.197, 8.993, 10.926, 7.486, 4.818, 2.543, 4.778, 6.255, 6.465, 6.325, 5.832, 4.756, 3.809, 2.63, 2.243, 2.938, 1.918, 1.991, 1.769, 2.886, 3.496, 3.792, 3.222, 2.952, 2.573, 3.488, 4.619, 4.517, 4.566, 4.714, 4.199, 2.713, 3.158, 3.475, 3.317, 2.922, 2.906, 2.926, 2.585, 3.188, 5.731, 6.202, 6.193, 6.182, 6.997, 7.77, 6.691, 6.041, 6.273, 6.715, 7.013, 6.288, 5.282, 5.289, 6.715, 6.009, 5.01, 4.607, 3.818, 4.203, 3.952, 2.994, 1.644, 2.097, 3.014, 2.946, 2.656, 2.631, 4.217, 6.714, 7.885, 8.382, 8.276, 8.187, 8.467, 7.943, 6.744, 6.566, 6.869, 6.231, 5.149, 4.147, 4.0, 4.488, 3.796, 3.695, 3.905, 4.238, 3.593], [2.306, 2.287, 2.572, 1.494, 1.084, 1.954, 2.216, 1.858, 2.203, 4.126, 3.591, 2.899, 2.457, 2.624, 3.206, 3.003, 4.003, 2.8, 3.922, 3.629, 3.167, 3.066, 1.468, 1.736, 1.438, 2.576, 1.457, 1.196, 1.707, 2.073, 2.731, 1.99, 2.605, 3.054, 2.647, 2.372, 1.876, 1.536, 0.0, 2.359, 3.025, 2.916, 2.855, 3.503, 4.128, 3.861, 3.576, 3.798, 3.547, 4.008, 3.575, 3.381, 3.556, 2.991, 3.463, 5.465, 6.603, 8.408, 10.353, 7.081, 4.308, 2.209, 4.81, 6.242, 6.419, 6.33, 6.0, 4.899, 3.898, 2.969, 2.701, 3.06, 1.855, 1.862, 1.841, 3.001, 3.642, 3.954, 3.424, 3.297, 2.773, 3.66, 4.703, 4.603, 4.783, 5.065, 4.678, 3.1, 3.053, 3.004, 3.303, 2.965, 2.871, 2.559, 2.564, 3.158, 5.417, 5.775, 5.651, 5.696, 6.599, 7.174, 6.056, 5.534, 5.689, 6.145, 6.44, 5.736, 4.709, 4.909, 6.142, 5.446, 4.885, 4.574, 3.687, 3.926, 3.599, 2.656, 1.581, 2.381, 3.607, 3.553, 3.296, 3.221, 4.845, 7.329, 8.514, 8.988, 8.925, 8.799, 9.127, 8.564, 7.401, 7.271, 7.647, 7.075, 6.232, 5.075, 4.929, 5.587, 4.764, 4.039, 3.919, 4.234, 3.709], [3.832, 3.973, 4.433, 3.264, 2.654, 3.57, 3.336, 2.647, 3.948, 6.436, 5.443, 3.806, 3.321, 2.831, 3.509, 3.952, 5.322, 4.042, 4.948, 4.547, 4.896, 5.242, 3.033, 1.521, 3.239, 4.679, 3.216, 3.082, 3.59, 2.857, 2.558, 1.965, 2.057, 2.364, 2.646, 2.533, 1.548, 2.018, 2.359, 0.0, 1.466, 1.831, 2.038, 2.594, 3.033, 2.952, 2.821, 2.961, 3.59, 5.758, 5.446, 5.426, 5.808, 4.419, 5.122, 7.774, 8.916, 10.721, 12.666, 9.227, 6.561, 3.575, 4.569, 5.933, 6.105, 5.685, 4.892, 3.781, 2.95, 2.315, 2.466, 3.163, 3.082, 2.586, 2.311, 3.405, 3.992, 4.085, 3.943, 3.809, 2.927, 2.596, 3.482, 3.385, 3.293, 3.622, 2.81, 2.62, 3.849, 4.67, 4.324, 3.853, 3.926, 4.474, 3.874, 4.822, 7.391, 7.946, 7.934, 7.929, 8.699, 9.487, 8.369, 7.722, 7.986, 8.425, 8.753, 8.026, 7.022, 7.017, 8.455, 7.749, 6.584, 5.653, 5.474, 5.574, 5.287, 4.046, 2.319, 2.113, 2.418, 2.039, 1