[[0.0, 2.63, 3.383, 1.642, 1.813, 2.593, 3.109, 2.773, 2.327, 2.312, 2.182, 2.38, 3.189, 3.826, 2.575, 4.632, 9.52, 11.262, 11.368, 11.518, 12.552, 12.701, 15.196, 16.887, 16.386, 13.019, 12.591, 11.356, 10.36, 9.429, 10.171, 9.808, 9.7, 11.669, 13.299, 13.514, 11.908, 8.563, 6.359, 5.269, 4.204, 3.008, 4.2, 6.072, 5.647, 4.501, 4.283, 3.692, 4.837, 5.942, 3.934, 4.916, 6.388], [2.63, 0.0, 1.602, 2.138, 3.778, 4.526, 5.029, 4.804, 3.967, 4.354, 4.224, 4.326, 4.918, 5.618, 3.928, 6.508, 11.561, 13.178, 13.288, 13.45, 14.47, 14.737, 17.303, 19.022, 18.482, 15.169, 14.871, 13.573, 12.565, 11.629, 12.553, 12.133, 11.877, 13.883, 15.501, 15.763, 14.157, 10.78, 8.589, 7.29, 6.182, 5.006, 2.807, 5.525, 5.726, 5.007, 5.244, 5.071, 6.529, 7.87, 5.915, 6.866, 8.275], [3.383, 1.602, 0.0, 2.229, 4.312, 4.744, 5.832, 5.395, 4.336, 5.075, 5.146, 4.673, 5.561, 5.526, 4.211, 7.513, 12.621, 14.466, 14.579, 14.742, 15.752, 15.851, 18.321, 20.056, 19.575, 15.899, 15.412, 14.036, 13.035, 11.994, 12.662, 12.07, 12.278, 14.492, 16.164, 16.434, 14.903, 11.278, 9.15, 8.1, 6.705, 4.964, 2.157, 4.223, 4.676, 3.951, 4.264, 4.577, 7.696, 9.142, 6.529, 7.892, 9.425], [1.642, 2.138, 2.229, 0.0, 2.454, 2.757, 3.749, 3.687, 3.047, 3.398, 3.223, 2.839, 3.626, 3.809, 2.452, 5.621, 10.741, 12.404, 12.517, 12.68, 13.7, 13.863, 16.386, 18.188, 17.681, 13.978, 13.524, 12.291, 11.234, 10.129, 11.008, 10.478, 10.521, 12.772, 14.433, 14.714, 13.067, 9.524, 7.308, 6.119, 4.869, 3.211, 2.88, 4.857, 4.215, 3.274, 3.367, 3.081, 5.634, 7.099, 4.579, 5.773, 7.341], [1.813, 3.778, 4.312, 2.454, 0.0, 1.698, 1.87, 2.437, 2.447, 2.288, 1.605, 1.246, 1.961, 2.653, 2.294, 4.244, 8.75, 10.604, 10.669, 10.819, 11.836, 11.957, 14.52, 16.179, 15.737, 12.078, 11.314, 10.079, 9.13, 7.965, 8.798, 8.381, 8.549, 10.82, 12.463, 12.758, 11.138, 7.329, 5.34, 4.39, 3.212, 1.652, 4.94, 6.662, 5.731, 4.826, 3.633, 2.502, 3.891, 5.248, 3.11, 4.071, 5.511], [2.593, 4.526, 4.744, 2.757, 1.698, 0.0, 1.536, 1.825, 1.883, 2.137, 1.478, 1.477, 1.603, 1.962, 1.759, 3.542, 8.361, 9.892, 10.005, 10.168, 11.245, 11.441, 13.964, 15.807, 15.326, 11.659, 11.109, 9.9, 8.83, 7.741, 8.595, 8.042, 8.124, 10.254, 11.976, 12.256, 10.596, 7.128, 4.883, 3.64, 2.49, 1.26, 5.281, 7.317, 6.372, 5.44, 3.885, 2.545, 3.414, 4.665, 2.161, 3.298, 4.886], [3.109, 5.029, 5.832, 3.749, 1.87, 1.536, 0.0, 1.388, 2.286, 2.342, 1.662, 1.695, 1.504, 1.807, 2.438, 2.692, 7.374, 9.02, 9.114, 9.276, 10.296, 10.525, 13.078, 14.821, 14.296, 10.715, 9.97, 8.774, 7.808, 6.653, 7.564, 7.132, 7.191, 9.533, 11.195, 11.482, 9.858, 5.989, 4.039, 2.951, 2.025, 1.998, 6.231, 8.201, 7.255, 6.332, 4.625, 2.994, 2.906, 3.685, 1.942, 2.605, 3.98], [2.773, 4.804, 5.395, 3.687, 2.437, 1.825, 1.388, 0.0, 1.546, 1.898, 1.702, 2.029, 1.981, 2.24, 2.43, 2.454, 7.563, 9.347, 9.453, 9.598, 10.605, 10.754, 13.192, 14.954, 14.412, 10.966, 10.651, 9.287, 8.291, 7.496, 8.245, 7.904, 7.593, 9.509, 11.16, 11.332, 9.712, 6.422, 4.286, 3.309, 2.1, 2.498, 6.387, 8.095, 7.306, 6.237, 4.908, 3.736, 3.387, 4.04, 2.464, 2.959, 4.382], [2.327, 3.967, 4.336, 3.047, 2.447, 1.883, 2.286, 1.546, 0.0, 1.466, 1.887, 2.22, 2.334, 2.793, 2.29, 3.611, 8.561, 10.363, 10.476, 10.618, 11.67, 11.776, 14.237, 15.968, 15.41, 12.123, 11.814, 10.373, 9.37, 8.604, 9.304, 8.902, 8.557, 10.629, 12.264, 12.413, 10.89, 7.555, 5.357, 4.19, 2.892, 2.421, 5.467, 7.052, 6.822, 5.596, 4.779, 3.77, 4.016, 5.039, 3.163, 4.14, 5.496], [2.312, 4.354, 5.075, 3.398, 2.288, 2.137, 2.342, 1.898, 1.466, 0.0, 1.446, 2.281, 2.383, 3.147, 2.725, 3.019, 7.985, 9.785, 9.846, 9.94, 10.949, 11.006, 13.459, 15.225, 14.765, 11.293, 11.041, 9.84, 8.946, 7.967, 8.576, 8.427, 8.334, 9.71, 11.336, 11.59, 9.964, 6.791, 4.938, 4.024, 2.768, 2.135, 6.03, 7.581, 7.057, 5.897, 5.081, 3.944, 4.096, 4.562, 3.406, 3.563, 4.78], [2.182, 4.224, 5.146, 3.223, 1.605, 1.478, 1.662, 1.702, 1.887, 1.446, 0.0, 1.332, 1.557, 2.405, 1.869, 3.07, 7.742, 9.477, 9.549, 9.685, 10.707, 10.841, 13.247, 15.072, 14.596, 11.166, 10.884, 9.636, 8.665, 7.69, 8.519, 8.151, 8.014, 9.785, 11.403, 11.64, 10.033, 6.787, 4.624, 3.479, 2.386, 1.739, 5.948, 7.792, 6.934, 5.95, 4.168, 2.898, 3.192, 4.108, 2.554, 3.186, 4.513], [2.38, 4.326, 4.673, 2.839, 1.246, 1.477, 1.695, 2.029, 2.22, 2.281, 1.332, 0.0, 1.374, 2.249, 1.783, 3.913, 8.409, 10.311, 10.329, 10.483, 11.49, 11.589, 13.996, 15.794, 15.285, 11.49, 10.833, 9.492, 8.498, 7.504, 8.277, 7.852, 7.772, 10.102, 11.764, 12.082, 10.506, 6.725, 4.648, 3.842, 2.539, 1.534, 5.459, 6.993, 6.203, 5.177, 3.478, 2.053, 3.477, 4.907, 2.676, 3.655, 5.14], [3.189, 4.918, 5.561, 3.626, 1.961, 1.603, 1.504, 1.981, 2.334, 2.383, 1.557, 1.374, 0.0, 1.69, 2.159, 3.417, 7.518, 9.35, 9.355, 9.413, 10.429, 10.532, 13.02, 14.816, 14.376, 10.629, 10.115, 8.846, 7.804, 6.8, 7.723, 7.259, 7.12, 9.35, 10.967, 11.267, 9.64, 6.092, 3.966, 2.746, 1.712, 1.5, 6.301, 8.051, 7.112, 6.198, 4.35, 2.403, 2.74, 3.946, 1.818, 2.838, 4.176], [3.826, 5.618, 5.526, 3.809, 2.653, 1.962, 1.807, 2.24, 2.793, 3.147, 2.405, 2.249, 1.69, 0.0, 2.394, 3.444, 7.888, 9.6, 9.651, 9.676, 10.669, 10.832, 13.345, 15.122, 14.619, 11.001, 10.454, 9.268, 8.237, 7.075, 7.864, 7.254, 7.536, 9.845, 11.46, 11.749, 10.133, 6.535, 4.502, 3.207, 2.173, 2.129, 5.852, 7.817, 6.867, 5.959, 4.149, 2.247, 2.97, 4.25, 1.793, 3.141, 4.458], [2.575, 3.928, 4.211, 2.452, 2.294, 1.759, 2.438, 2.43, 2.29, 2.725, 1.869, 1.783, 2.159, 2.394, 0.0, 3.589, 9.016, 10.398, 10.489, 10.623, 11.717, 12.048, 14.629, 16.39, 15.862, 12.525, 12.172, 10.931, 9.843, 8.816, 9.693, 9.134, 9.137, 11.244, 12.869, 13.093, 11.484, 8.181, 5.941, 4.391, 3.317, 2.428, 4.801, 6.911, 6.051, 5.076, 3.551, 2.331, 3.811, 5.214, 2.818, 4.092, 5.53], [4.632, 6.508, 7.513, 5.621, 4.244, 3.542, 2.692, 2.454, 3.611, 3.019, 3.07, 3.913, 3.417, 3.444, 3.589, 0.0, 5.699, 7.159, 7.244, 7.312, 8.361, 8.703, 11.301, 13.021, 12.485, 9.685, 9.697, 8.782, 8.081, 7.212, 7.79, 7.701, 7.517, 8.106, 9.432, 9.734, 8.134, 5.707, 4.104, 2.946, 2.963, 4.159, 8.091, 10.215, 9.327, 8.373, 6.811, 5.361, 4.118, 3.163, 3.461, 2.888, 3.257], [9.52, 11.561, 12.621, 10.741, 8.75, 8.361, 7.374, 7.563, 8.561, 7.985, 7.742, 8.409, 7.518, 7.888, 9.016, 5.699, 0.0, 2.063, 1.996, 2.429, 3.411, 4.155, 6.586, 8.07, 7.495, 7.615, 8.782, 8.467, 8.434, 7.992, 8.567, 8.679, 7.943, 6.5, 6.349, 6.218, 5.619, 5.454, 5.163, 5.284, 6.707, 8.414, 13.481, 15.345, 14.391, 13.488, 11.617, 9.031, 6.166, 4.455, 6.716, 5.592, 4.581], [11.262, 13.178, 14.466, 12.404, 10.604, 9.892, 9.02, 9.347, 10.363, 9.785, 9.477, 10.311, 9.35, 9.6, 10.398, 7.159, 2.063, 0.0, 1.29, 1.537, 2.459, 3.899, 5.957, 7.485, 6.927, 7.609, 8.867, 9.254, 9.519, 9.25, 9.555, 9.856, 8.949, 7.205, 6.635, 6.55, 6.083, 6.491, 7.017, 7.097, 8.688, 10.366, 15.014, 17.191, 16.223, 15.332, 13.459, 10.86, 7.371, 5.865, 8.404, 7.053, 5.82], [11.368, 13.288, 14.579, 12.517, 10.669, 10.005, 9.114, 9.453, 10.476, 9.846, 9.549, 10.329, 9.355, 9.651, 10.489, 7.244, 1.996, 1.29, 0.0, 1.391, 2.465, 4.28, 5.896, 7.157, 6.784, 7.955, 9.104, 8.973, 9.158, 8.819, 9.13, 9.463, 8.619, 6.982, 6.769, 6.638, 6.032, 6.07, 6.603, 6.856, 8.455, 10.275, 15.114, 17.304, 16.336, 15.445, 13.575, 10.911, 6.976, 5.554, 8.135, 6.808, 5.382], [11.518, 13.45, 14.742, 12.68, 10.819, 10.168, 9.276, 9.598, 10.618, 9.94, 9.685, 10.483, 9.413, 9.676, 10.623, 7.312, 2.429, 1.537, 1.391, 0.0, 1.836, 3.205, 5.0, 6.542, 5.838, 6.788, 8.043, 8.316, 8.498, 8.212, 8.528, 8.821, 7.972, 6.305, 5.821, 5.806, 5.224, 5.569, 6.593, 6.823, 8.426, 10.279, 15.277, 17.464, 16.499, 15.608, 13.735, 11.072, 7.067, 5.603, 8.266, 6.973, 5.373], [12.552, 14.47, 15.752, 13.7, 11.836, 11.245, 10.296, 10.605, 11.67, 10.949, 10.707, 11.49, 10.429, 10.669, 11.717, 8.361, 3.411, 2.459, 2.465, 1.836, 0.0, 2.195, 3.718, 5.202, 4.746, 5.686, 6.886, 7.51, 8.01, 7.839, 8.298, 8.367, 7.369, 5.306, 4.638, 4.587, 4.123, 6.063, 7.581, 7.816, 9.406, 11.252, 16.334, 18.471, 17.517, 16.618, 14.743, 12.091, 8.11, 6.777, 9.283, 8.082, 6.481], [12.701, 14.737, 15.851, 13.863, 11.957, 11.441, 10.525, 10.754, 11.776, 11.006, 10.841, 11.589, 10.532, 10.832, 12.048, 8.703, 4.155, 3.899, 4.28, 3.205, 2.195, 0.0, 2.84, 4.459, 4.013, 3.763, 5.024, 5.828, 6.405, 6.621, 7.514, 7.073, 5.875, 3.711, 2.938, 3.141, 2.556, 6.026, 7.644, 7.944, 9.481, 11.317, 16.567, 18.521, 17.58, 16.686, 14.839, 12.172, 8.558, 7.2, 9.587, 8.402, 6.784], [15.196, 17.303, 18.321, 16.386, 14.52, 13.964, 13.078, 13.192, 14.237, 13.459, 13.247, 13.996, 13.02, 13.345, 14.629, 11.301, 6.586, 5.957, 5.896, 5.0, 3.718, 2.84, 0.0, 1.979, 1.633, 3.395, 4.824, 6.455, 7.511, 8.293, 9.26, 8.954, 7.549, 4.607, 3.231, 3.242, 4.119, 8.472, 10.064, 10.485, 11.928, 13.815, 19.12, 20.935, 20.07, 19.132, 17.243, 14.702, 11.174, 9.875, 12.149, 10.979, 9.343], [16.887, 19.022, 20.056, 18.188, 16.179, 15.807, 14.821, 14.954, 15.968, 15.225, 15.072, 15.794, 14.816, 15.122, 16.39, 13.021, 8.07, 7.485, 7.157, 6.542, 5.202, 4.459, 1.979, 0.0, 1.283, 4.737, 6.15, 8.038, 9.115, 9.975, 10.971, 10.7, 9.28, 6.366, 4.815, 4.57, 5.863, 10.234, 11.851, 12.301, 13.682, 15.583, 20.928, 22.72, 21.851, 20.923, 19.02, 16.445, 12.836, 11.491, 13.888, 12.753, 11.135], [16.386, 18.482, 19.575, 17.681, 15.737, 15.326, 14.296, 14.412, 15.41, 14.765, 14.596, 15.285, 14.376, 14.619, 15.862, 12.485, 7.495, 6.927, 6.784, 5.838, 4.746, 4.013, 1.633, 1.283, 0.0, 4.104, 5.599, 7.521, 8.515, 9.517, 10.453, 10.192, 8.766, 5.831, 4.241, 4.021, 5.36, 9.713, 11.31, 11.837, 13.228, 15.135, 20.427, 22.226, 21.379, 20.436, 18.536, 16.015, 12.263, 10.851, 13.361, 12.224, 10.612], [13.019, 15.169, 15.899, 13.978, 12.078, 11.659, 10.715, 10.966, 12.123, 11.293, 11.166, 11.49, 10.629, 11.001, 12.525, 9.685, 7.615, 7.609, 7.955, 6.788, 5.686, 3.763, 3.395, 4.737, 4.104, 0.0, 1.926, 3.649, 4.683, 5.62, 6.611, 6.321, 4.97, 2.611, 2.444, 2.748, 2.849, 5.988, 7.655, 8.388, 9.702, 11.309, 16.708, 18.37, 17.511, 16.585, 14.719, 12.202, 9.104, 8.173, 9.983, 8.705, 7.348], [12.591, 14.871, 15.412, 13.524, 11.314, 11.109, 9.97, 10.651, 11.814, 11.041, 10.884, 10.833, 10.115, 10.454, 12.172, 9.697, 8.782, 8.867, 9.104, 8.043, 6.886, 5.024, 4.824, 6.15, 5.599, 1.926, 0.0, 2.363, 3.453, 4.177, 5.242, 4.825, 3.982, 2.989, 3.207, 3.636, 3.654, 5.174, 6.913, 8.027, 9.352, 10.706, 15.889, 16.882, 16.02, 15.112, 13.411, 11.298, 8.791, 7.95, 9.636, 8.422, 7.182], [11.356, 13.573, 14.036, 12.291, 10.079, 9.9, 8.774, 9.287, 10.373, 9.84, 9.636, 9.492, 8.846, 9.268, 10.931, 8.782, 8.467, 9.254, 8.973, 8.316, 7.51, 5.828, 6.455, 8.038, 7.521, 3.649, 2.363, 0.0, 1.551, 2.677, 3.6, 3.031, 2.011, 2.422, 3.71, 4.176, 3.911, 3.726, 5.15, 6.7, 7.788, 9.282, 14.748, 15.178, 14.314, 13.499, 12.154, 10.062, 7.504, 6.819, 8.395, 7.406, 6.18], [10.36, 12.565, 13.035, 11.234, 9.13, 8.83, 7.808, 8.291, 9.37, 8.946, 8.665, 8.498, 7.804, 8.237, 9.843, 8.081, 8.434, 9.519, 9.158, 8.498, 8.01, 6.405, 7.511, 9.115, 8.515, 4.683, 3.453, 1.551, 0.0, 1.74, 2.912, 2.007, 1.443, 3.278, 4.669, 5.318, 4.659, 3.548, 4.199, 5.679, 6.723, 8.228, 13.728, 14.089, 13.202, 12.427, 11.164, 9.059, 6.472, 5.925, 7.327, 6.507, 5.33], [9.429, 11.629, 11.994, 10.129, 7.965, 7.741, 6.653, 7.496, 8.604, 7.967, 7.69, 7.504, 6.8, 7.075, 8.816, 7.212, 7.992, 9.25, 8.819, 8.212, 7.839, 6.621, 8.293, 9.975, 9.517, 5.62, 4.177, 2.677, 1.74, 0.0, 2.135, 1.531, 1.801, 4.113, 5.753, 6.314, 5.174, 3.433, 3.81, 4.928, 5.918, 7.123, 12.541, 12.971, 12.045, 11.21, 10.044, 7.883, 5.507, 4.946, 6.289, 5.394, 4.322], [10.171, 12.553, 12.662, 11.008, 8.798, 8.595, 7.564, 8.245, 9.304, 8.576, 8.519, 8.277, 7.723, 7.864, 9.693, 7.79, 8.567, 9.555, 9.13, 8.528, 8.298, 7.514, 9.26, 10.971, 10.453, 6.611, 5.242, 3.6, 2.912, 2.135, 0.0, 1.795, 2.823, 4.712, 6.391, 6.842, 5.843, 3.475, 4.447, 5.96, 6.744, 7.928, 13.319, 12.812, 12.002, 11.498, 10.556, 8.531, 6.426, 5.722, 7.156, 6.095, 5.043], [9.808, 12.133, 12.07, 10.478, 8.381, 8.042, 7.132, 7.904, 8.902, 8.427, 8.151, 7.852, 7.259, 7.254, 9.134, 7.701, 8.679, 9.856, 9.463, 8.821, 8.367, 7.073, 8.954, 10.7, 10.192, 6.321, 4.825, 3.031, 2.007, 1.531, 1.795, 0.0, 1.976, 4.459, 6.121, 6.639, 5.52, 3.694, 3.994, 5.282, 6.281, 7.332, 12.705, 12.448, 11.662, 10.966, 9.951, 7.945, 5.979, 5.382, 6.584, 5.957, 4.947], [9.7, 11.877, 12.278, 10.521, 8.549, 8.124, 7.191, 7.593, 8.557, 8.334, 8.014, 7.772, 7.12, 7.536, 9.137, 7.517, 7.943, 8.949, 8.619, 7.972, 7.369, 5.875, 7.549, 9.28, 8.766, 4.97, 3.982, 2.011, 1.443, 1.801, 2.823, 1.976, 0.0, 3.064, 4.751, 5.139, 4.14, 3.058, 3.629, 4.97, 6.021, 7.525, 13.062, 13.83, 13.01, 12.175, 10.589, 8.394, 5.788, 5.322, 6.62, 5.894, 4.725], [11.669, 13.883, 14.492, 12.772, 10.82, 10.254, 9.533, 9.509, 10.629, 9.71, 9.785, 10.102, 9.35, 9.845, 11.244, 8.106, 6.5, 7.205, 6.982, 6.305, 5.306, 3.711, 4.607, 6.366, 5.831, 2.611, 2.989, 2.422, 3.278, 4.113, 4.712, 4.459, 3.064, 0.0, 1.969, 2.322, 1.759, 4.1, 5.741, 6.925, 7.989, 9.824, 15.468, 16.519, 15.738, 14.873, 13.148, 10.812, 7.824, 6.593, 8.715, 7.396, 5.922], [13.299, 15.501, 16.164, 14.433, 12.463, 11.976, 11.195, 11.16, 12.264, 11.336, 11.403, 11.764, 10.967, 11.46, 12.869, 9.432, 6.349, 6.635, 6.769, 5.821, 4.638, 2.938, 3.231, 4.815, 4.241, 2.444, 3.207, 3.71, 4.669, 5.753, 6.391, 6.121, 4.751, 1.969, 0.0, 1.339, 2.094, 5.787, 7.421, 8.554, 9.642, 11.506, 17.192, 18.238, 17.443, 16.574, 14.901, 12.543, 9.452, 8.179, 10.339, 9.068, 7.478], [13.514, 15.763, 16.434, 14.714, 12.758, 12.256, 11.482, 11.332, 12.413, 11.59, 11.64, 12.082, 11.267, 11.749, 13.093, 9.734, 6.218, 6.55, 6.638, 5.806, 4.587, 3.141, 3.242, 4.57, 4.021, 2.748, 3.636, 4.176, 5.318, 6.314, 6.842, 6.639, 5.139, 2.322, 1.339, 0.0, 2.071, 5.934, 7.832, 8.755, 9.858, 11.798, 17.465, 18.679, 17.877, 17.031, 15.287, 12.837, 9.658, 8.349, 10.586, 9.334, 7.763], [11.908, 14.157, 14.903, 13.067, 11.138, 10.596, 9.858, 9.712, 10.89, 9.964, 10.033, 10.506, 9.64, 10.133, 11.484, 8.134, 5.619, 6.083, 6.032, 5.224, 4.123, 2.556, 4.119, 5.863, 5.36, 2.849, 3.654, 3.911, 4.659, 5.174, 5.843, 5.52, 4.14, 1.759, 2.094, 2.071, 0.0, 4.433, 6.255, 7.154, 8.294, 10.195, 15.821, 17.168, 16.293, 15.446, 13.625, 11.167, 8.051, 6.78, 8.983, 7.693, 6.148], [8.563, 10.78, 11.278, 9.524, 7.329, 7.128, 5.989, 6.422, 7.555, 6.791, 6.787, 6.725, 6.092, 6.535, 8.181, 5.707, 5.454, 6.491, 6.07, 5.569, 6.063, 6.026, 8.472, 10.234, 9.713, 5.988, 5.174, 3.726, 3.548, 3.433, 3.475, 3.694, 3.058, 4.1, 5.787, 5.934, 4.433, 0.0, 2.42, 3.931, 5.056, 6.551, 11.986, 12.85, 11.988, 11.147, 9.558, 7.308, 4.703, 3.801, 5.611, 4.34, 3.115], [6.359, 8.589, 9.15, 7.308, 5.34, 4.883, 4.039, 4.286, 5.357, 4.938, 4.624, 4.648, 3.966, 4.502, 5.941, 4.104, 5.163, 7.017, 6.603, 6.593, 7.581, 7.644, 10.064, 11.851, 11.31, 7.655, 6.913, 5.15, 4.199, 3.81, 4.447, 3.994, 3.629, 5.741, 7.421, 7.832, 6.255, 2.42, 0.0, 1.854, 2.895, 4.484, 9.946, 11.02, 10.131, 9.258, 7.605, 5.286, 2.858, 1.945, 3.399, 2.481, 1.837], [5.269, 7.29, 8.1, 6.119, 4.39, 3.64, 2.951, 3.309, 4.19, 4.024, 3.479, 3.842, 2.746, 3.207, 4.391, 2.946, 5.284, 7.097, 6.856, 6.823, 7.816, 7.944, 10.485, 12.301, 11.837, 8.388, 8.027, 6.7, 5.679, 4.928, 5.96, 5.282, 4.97, 6.925, 8.554, 8.755, 7.154, 3.931, 1.854, 0.0, 1.89, 3.515, 8.842, 10.67, 9.702, 8.811, 6.982, 4.391, 2.392, 1.764, 2.1, 1.84, 2.181], [4.204, 6.182, 6.705, 4.869, 3.212, 2.49, 2.025, 2.1, 2.892, 2.768, 2.386, 2.539, 1.712, 2.173, 3.317, 2.963, 6.707, 8.688, 8.455, 8.426, 9.406, 9.481, 11.928, 13.682, 13.228, 9.702, 9.352, 7.788, 6.723, 5.918, 6.744, 6.281, 6.021, 7.989, 9.642, 9.858, 8.294, 5.056, 2.895, 1.89, 0.0, 2.065, 7.617, 9.083, 8.18, 7.276, 5.557, 3.515, 2.737, 3.029, 1.871, 2.318, 3.336], [3.008, 5.006, 4.964, 3.211, 1.652, 1.26, 1.998, 2.498, 2.421, 2.135, 1.739, 1.534, 1.5, 2.129, 2.428, 4.159, 8.414, 10.366, 10.275, 10.279, 11.252, 11.317, 13.815, 15.583, 15.135, 11.309, 10.706, 9.282, 8.228, 7.123, 7.928, 7.332, 7.525, 9.824, 11.506, 11.798, 10.195, 6.551, 4.484, 3.515, 2.065, 0.0, 5.711, 7.23, 6.292, 5.383, 3.982, 2.536, 3.735, 4.842, 2.566, 3.662, 5.029], [4.2, 2.807, 2.157, 2.88, 4.94, 5.281, 6.231, 6.387, 5.467, 6.03, 5.948, 5.459, 6.301, 5.852, 4.801, 8.091, 13.481, 15.014, 15.114, 15.277, 16.334, 16.567, 19.12, 20.928, 20.427, 16.708, 15.889, 14.748, 13.728, 12.541, 13.319, 12.705, 13.062, 15.468, 17.192, 17.465, 15.821, 11.986, 9.946, 8.842, 7.617, 5.711, 0.0, 3.003, 3.242, 2.835, 3.195, 4.876, 8.275, 9.756, 7.095, 8.394, 9.937], [6.072, 5.525, 4.223, 4.857, 6.662, 7.317, 8.201, 8.095, 7.052, 7.581, 7.792, 6.993, 8.051, 7.817, 6.911, 10.215, 15.345, 17.191, 17.304, 17.464, 18.471, 18.521, 20.935, 22.72, 22.226, 18.37, 16.882, 15.178, 14.089, 12.971, 12.812, 12.448, 13.83, 16.519, 18.238, 18.679, 17.168, 12.85, 11.02, 10.67, 9.083, 7.23, 3.003, 0.0, 1.271, 2.012, 3.814, 6.431, 10.408, 11.868, 9.204, 10.557, 12.116], [5.647, 5.726, 4.676, 4.215, 5.731, 6.372, 7.255, 7.306, 6.822, 7.057, 6.934, 6.203, 7.112, 6.867, 6.051, 9.327, 14.391, 16.223, 16.336, 16.499, 17.517, 17.58, 20.07, 21.851, 21.379, 17.511, 16.02, 14.314, 13.202, 12.045, 12.002, 11.662, 13.01, 15.738, 17.443, 17.877, 16.293, 11.988, 10.131, 9.702, 8.18, 6.292, 3.242, 1.271, 0.0, 1.43, 3.05, 5.485, 9.463, 10.923, 8.236, 9.612, 11.149], [4.501, 5.007, 3.951, 3.274, 4.826, 5.44, 6.332, 6.237, 5.596, 5.897, 5.95, 5.177, 6.198, 5.959, 5.076, 8.373, 13.488, 15.332, 15.445, 15.608, 16.618, 16.686, 19.132, 20.923, 20.436, 16.585, 15.112, 13.499, 12.427, 11.21, 11.498, 10.966, 12.175, 14.873, 16.574, 17.031, 15.446, 11.147, 9.258, 8.811, 7.276, 5.383, 2.835, 2.012, 1.43, 0.0, 2.086, 4.565, 8.549, 10.006, 7.345, 8.681, 10.258], [4.283, 5.244, 4.264, 3.367, 3.633, 3.885, 4.625, 4.908, 4.779, 5.081, 4.168, 3.478, 4.35, 4.149, 3.551, 6.811, 11.617, 13.459, 13.575, 13.735, 14.743, 14.839, 17.243, 19.02, 18.536, 14.719, 13.411, 12.154, 11.164, 10.044, 10.556, 9.951, 10.589, 13.148, 14.901, 15.287, 13.625, 9.558, 7.605, 6.982, 5.557, 3.982, 3.195, 3.814, 3.05, 2.086, 0.0, 2.71, 6.679, 8.137, 5.475, 6.811, 8.388], [3.692, 5.071, 4.577, 3.081, 2.502, 2.545, 2.994, 3.736, 3.77, 3.944, 2.898, 2.053, 2.403, 2.247, 2.331, 5.361, 9.031, 10.86, 10.911, 11.072, 12.091, 12.172, 14.702, 16.445, 16.015, 12.202, 11.298, 10.062, 9.059, 7.883, 8.531, 7.945, 8.394, 10.812, 12.543, 12.837, 11.167, 7.308, 5.286, 4.391, 3.515, 2.536, 4.876, 6.431, 5.485, 4.565, 2.71, 0.0, 4.013, 5.493, 3.013, 4.209, 5.722], [4.837, 6.529, 7.696, 5.634, 3.891, 3.414, 2.906, 3.387, 4.016, 4.096, 3.192, 3.477, 2.74, 2.97, 3.811, 4.118, 6.166, 7.371, 6.976, 7.067, 8.11, 8.558, 11.174, 12.836, 12.263, 9.104, 8.791, 7.504, 6.472, 5.507, 6.426, 5.979, 5.788, 7.824, 9.452, 9.658, 8.051, 4.703, 2.858, 2.392, 2.737, 3.735, 8.275, 10.408, 9.463, 8.549, 6.679, 4.013, 0.0, 1.996, 1.687, 1.693, 2.262], [5.942, 7.87, 9.142, 7.099, 5.248, 4.665, 3.685, 4.04, 5.039, 4.562, 4.108, 4.907, 3.946, 4.25, 5.214, 3.163, 4.455, 5.865, 5.554, 5.603, 6.777, 7.2, 9.875, 11.491, 10.851, 8.173, 7.95, 6.819, 5.925, 4.946, 5.722, 5.382, 5.322, 6.593, 8.179, 8.349, 6.78, 3.801, 1.945, 1.764, 3.029, 4.842, 9.756, 11.868, 10.923, 10.006, 8.137, 5.493, 1.996, 0.0, 2.753, 1.667, 1.312], [3.934, 5.915, 6.529, 4.579, 3.11, 2.161, 1.942, 2.464, 3.163, 3.406, 2.554, 2.676, 1.818, 1.793, 2.818, 3.461, 6.716, 8.404, 8.135, 8.266, 9.283, 9.587, 12.149, 13.888, 13.361, 9.983, 9.636, 8.395, 7.327, 6.289, 7.156, 6.584, 6.62, 8.715, 10.339, 10.586, 8.983, 5.611, 3.399, 2.1, 1.871, 2.566, 7.095, 9.204, 8.236, 7.345, 5.475, 3.013, 1.687, 2.753, 0.0, 1.746, 3.15], [4.916, 6.866, 7.892, 5.773, 4.071, 3.298, 2.605, 2.959, 4.14, 3.563, 3.186, 3.655, 2.838, 3.141, 4.092, 2.888, 5.592, 7.053, 6.808, 6.973, 8.082, 8.402, 10.979, 12.753, 12.224, 8.705, 8.422, 7.406, 6.507, 5.394, 6.095, 5.957, 5.894, 7.396, 9.068, 9.334, 7.693, 4.34, 2.481, 1.84, 2.318, 3.662, 8.394, 10.557, 9.612, 8.681, 6.811, 4.209, 1.693, 1.667, 1.746, 0.0, 1.721], [6.388, 8.275, 9.425, 7.341, 5.511, 4.886, 3.98, 4.382, 5.496, 4.78, 4.513, 5.14, 4.176, 4.458, 5.53, 3.257, 4.581, 5.82, 5.382, 5.373, 6.481, 6.784, 9.343, 11.135, 10.612, 7.348, 7.182, 6.18, 5.33, 4.322, 5.043, 4.947, 4.725, 5.922, 7.478, 7.763, 6.148, 3.115, 1.837, 2.181, 3.336, 5.029, 9.937, 12.116, 11.149, 10.258, 8.388, 5.722, 2.262, 1.312, 3.15, 1.721, 0.0]]