[[0.0, 3.577, 6.321, 7.618, 7.921, 8.527, 9.085, 10.425, 11.447, 11.844, 11.899, 12.1, 12.447, 12.585, 12.435, 12.139, 12.253, 12.645, 12.783, 12.956, 13.062, 13.213, 13.507, 13.546, 13.119, 12.83, 13.194, 13.545, 12.809, 10.827, 7.889, 5.623, 4.181, 4.478, 4.79, 5.895, 10.817, 13.94, 14.309, 13.721, 14.589, 17.205, 18.883, 18.928, 17.419, 16.938, 18.7, 20.292, 19.874, 19.061, 17.49, 15.425, 14.738, 15.712, 18.287, 20.392, 20.957, 21.215, 21.75, 21.847, 20.671, 20.136, 20.671, 21.435, 21.455, 20.876, 20.79, 20.676, 18.833, 17.093, 17.247, 16.875, 14.471, 12.228, 11.179, 11.679, 13.641, 15.123, 14.514, 13.329, 14.168, 15.644, 15.564, 14.155, 13.192, 13.445, 14.554, 15.873, 17.024, 17.591, 16.997, 16.491, 16.314, 16.521, 15.995, 14.841, 13.294, 11.655, 10.577, 10.227, 8.329, 4.593, 3.051, 5.046, 6.242, 6.206, 6.319, 6.973, 7.459, 7.585, 7.61, 7.832, 8.332, 8.311, 7.858, 8.02, 8.285, 8.298, 8.079, 7.583, 7.24, 7.366, 7.441, 7.094, 6.82, 7.136, 6.886, 7.081, 7.48, 6.878, 4.811, 3.191, 3.633, 5.031, 4.281, 3.295, 7.099, 11.892, 10.759, 9.09, 6.708, 5.467, 4.876, 5.181, 6.147, 5.735, 5.867, 5.24, 4.186, 3.505, 3.082, 3.229, 4.661, 5.61, 4.857, 4.292, 3.475, 4.185], [3.577, 0.0, 2.958, 4.309, 5.034, 6.114, 6.907, 8.145, 8.94, 9.052, 8.887, 9.004, 9.531, 9.765, 9.465, 9.399, 9.651, 9.943, 10.09, 10.197, 10.411, 10.66, 11.061, 11.098, 10.858, 10.636, 11.189, 11.657, 11.138, 9.02, 5.67, 2.808, 2.61, 3.104, 4.055, 7.262, 12.245, 15.368, 15.737, 15.149, 16.032, 18.647, 20.326, 20.371, 18.827, 18.357, 20.099, 21.735, 21.313, 20.496, 18.925, 16.803, 16.181, 17.148, 19.73, 21.826, 22.378, 22.648, 23.181, 23.278, 22.114, 21.579, 22.114, 22.878, 22.898, 22.319, 22.233, 22.11, 20.276, 18.534, 18.686, 18.318, 15.882, 13.636, 12.563, 13.018, 15.071, 16.556, 15.909, 14.691, 15.48, 17.017, 16.859, 15.479, 14.556, 14.812, 15.945, 17.26, 18.428, 19.016, 18.42, 17.934, 17.757, 17.938, 17.388, 16.229, 14.682, 13.044, 12.01, 11.662, 9.761, 6.082, 1.899, 2.81, 4.424, 4.214, 3.751, 3.991, 4.293, 4.324, 4.446, 4.774, 5.109, 5.043, 4.609, 4.69, 5.052, 5.093, 4.835, 4.328, 4.101, 4.45, 4.608, 4.695, 5.036, 5.291, 5.114, 5.346, 5.718, 5.06, 3.136, 2.146, 2.306, 3.526, 3.756, 4.131, 8.927, 13.302, 12.19, 10.5, 9.275, 8.227, 7.108, 7.275, 8.191, 8.278, 8.849, 8.35, 7.152, 5.97, 5.551, 5.776, 5.97, 6.571, 5.607, 4.583, 3.707, 4.278], [6.321, 2.958, 0.0, 1.859, 2.542, 3.589, 4.388, 5.631, 6.405, 6.346, 6.141, 6.279, 6.864, 7.148, 6.932, 6.875, 7.096, 7.479, 7.598, 7.603, 7.835, 8.025, 8.455, 8.493, 8.309, 8.118, 8.678, 9.163, 8.643, 6.527, 3.398, 3.139, 4.277, 5.109, 6.273, 9.714, 14.703, 17.827, 18.196, 17.611, 18.499, 21.101, 22.794, 22.832, 21.294, 20.808, 22.555, 24.2, 23.773, 22.956, 21.385, 19.276, 18.647, 19.61, 22.192, 24.286, 24.828, 25.108, 25.635, 25.732, 24.572, 24.047, 24.581, 25.344, 25.365, 24.781, 24.7, 24.57, 22.744, 20.995, 21.146, 20.78, 18.35, 16.101, 15.063, 15.484, 17.538, 19.02, 18.359, 17.135, 17.924, 19.461, 19.29, 17.928, 16.993, 17.256, 18.404, 19.719, 20.895, 21.483, 20.888, 20.402, 20.224, 20.398, 19.843, 18.684, 17.126, 15.495, 14.462, 14.115, 12.221, 8.656, 4.449, 2.285, 2.46, 2.21, 2.331, 2.588, 2.35, 2.347, 2.621, 2.982, 3.178, 2.96, 2.47, 2.655, 3.164, 3.111, 2.879, 2.224, 1.99, 2.011, 2.16, 2.366, 2.737, 2.992, 2.822, 3.219, 3.71, 3.287, 3.423, 3.832, 3.908, 3.751, 4.408, 6.153, 11.696, 15.808, 14.657, 13.05, 11.9, 10.867, 9.682, 9.894, 10.895, 10.942, 11.484, 11.044, 9.741, 8.509, 8.152, 8.424, 8.55, 8.988, 8.017, 6.97, 6.23, 6.721], [7.618, 4.309, 1.859, 0.0, 1.37, 2.283, 3.012, 4.355, 5.132, 5.281, 5.144, 5.24, 5.805, 5.986, 5.647, 5.597, 5.939, 6.085, 6.218, 6.353, 6.558, 6.86, 7.228, 7.293, 6.968, 6.771, 7.35, 7.83, 7.278, 5.16, 2.823, 3.942, 5.748, 6.638, 7.811, 11.251, 16.255, 19.385, 19.751, 19.165, 20.06, 22.654, 24.356, 24.392, 22.851, 22.369, 24.111, 25.761, 25.334, 24.512, 22.946, 20.817, 20.203, 21.171, 23.751, 25.844, 26.389, 26.667, 27.187, 27.282, 26.133, 25.611, 26.142, 26.905, 26.928, 26.342, 26.262, 26.131, 24.307, 22.554, 22.704, 22.341, 19.916, 17.667, 16.603, 16.994, 19.104, 20.577, 19.91, 18.685, 19.474, 21.012, 20.85, 19.488, 18.551, 18.806, 19.964, 21.279, 22.461, 23.05, 22.454, 21.968, 21.789, 21.958, 21.396, 20.244, 18.685, 17.055, 16.012, 15.663, 13.778, 10.069, 5.812, 3.41, 2.713, 2.437, 2.599, 3.141, 2.476, 2.279, 2.364, 2.807, 2.98, 2.577, 2.03, 2.041, 2.538, 2.46, 2.842, 2.743, 2.022, 1.603, 1.705, 2.076, 2.336, 2.461, 2.654, 3.172, 3.562, 3.72, 4.606, 5.143, 5.134, 4.617, 5.25, 7.453, 12.851, 17.334, 16.218, 14.479, 13.188, 12.206, 11.034, 11.224, 12.091, 12.222, 12.799, 12.346, 11.038, 9.742, 9.458, 9.735, 9.92, 10.524, 9.53, 8.46, 7.358, 7.943], [7.921, 5.034, 2.542, 1.37, 0.0, 1.542, 2.179, 3.322, 4.13, 4.292, 4.276, 4.412, 4.842, 4.991, 4.762, 4.628, 4.855, 5.115, 5.248, 5.337, 5.536, 5.805, 6.196, 6.211, 5.938, 5.706, 6.252, 6.726, 6.187, 4.07, 2.318, 4.307, 6.44, 7.371, 8.534, 11.975, 16.995, 20.17, 20.512, 19.924, 20.867, 23.408, 25.179, 25.156, 23.643, 23.143, 24.89, 26.558, 26.086, 25.264, 23.71, 21.594, 20.975, 21.959, 24.524, 26.607, 27.151, 27.429, 27.946, 28.046, 26.893, 26.438, 26.952, 27.702, 27.744, 27.12, 27.073, 26.893, 25.125, 23.304, 23.454, 23.121, 20.794, 18.501, 17.438, 17.942, 19.962, 21.327, 20.659, 19.538, 20.324, 21.815, 21.756, 20.357, 19.376, 19.622, 20.788, 22.084, 23.298, 23.912, 23.32, 22.805, 22.619, 22.706, 22.137, 21.041, 19.471, 17.806, 16.757, 16.405, 14.531, 10.803, 6.468, 3.343, 2.608, 2.371, 2.919, 3.662, 3.065, 2.649, 2.909, 3.381, 3.537, 3.087, 2.526, 2.551, 2.765, 2.722, 3.358, 3.317, 2.45, 1.733, 1.7, 2.099, 2.18, 2.3, 2.416, 2.953, 3.349, 3.519, 4.597, 5.224, 5.216, 4.549, 5.17, 7.728, 13.502, 18.131, 17.034, 15.34, 13.61, 12.278, 11.211, 11.622, 12.562, 12.686, 13.207, 12.557, 11.097, 9.814, 9.614, 10.074, 10.669, 11.267, 10.404, 9.283, 8.013, 8.661], [8.527, 6.114, 3.589, 2.283, 1.542, 0.0, 1.347, 2.549, 3.412, 3.7, 3.836, 4.014, 4.411, 4.539, 4.579, 4.261, 4.433, 4.727, 4.845, 4.914, 4.99, 5.096, 5.445, 5.482, 5.059, 4.915, 5.469, 5.852, 5.285, 3.227, 2.21, 5.386, 7.516, 8.402, 9.564, 13.009, 18.026, 21.192, 21.537, 20.957, 21.863, 24.458, 26.193, 26.19, 24.667, 24.192, 25.928, 27.558, 27.122, 26.295, 24.741, 22.655, 22.016, 22.982, 25.546, 27.641, 28.199, 28.465, 28.976, 29.095, 27.935, 27.414, 27.959, 28.697, 28.723, 28.137, 28.053, 27.922, 26.103, 24.341, 24.489, 24.14, 21.729, 19.544, 18.512, 18.887, 20.936, 22.408, 21.696, 20.486, 21.268, 22.79, 22.655, 21.286, 20.367, 20.633, 21.777, 23.061, 24.259, 24.863, 24.265, 23.762, 23.583, 23.741, 23.167, 22.028, 20.466, 18.835, 17.793, 17.436, 15.579, 11.955, 7.686, 4.251, 2.921, 2.86, 3.74, 4.695, 4.074, 3.754, 3.964, 4.373, 4.547, 4.113, 3.552, 3.504, 3.779, 3.805, 4.391, 4.373, 3.497, 2.641, 2.634, 2.95, 2.693, 2.634, 2.602, 2.962, 3.112, 3.388, 5.053, 5.582, 5.427, 4.429, 5.13, 8.357, 14.495, 19.19, 18.04, 16.352, 14.335, 12.827, 11.848, 12.479, 13.476, 13.212, 13.624, 12.984, 11.54, 10.191, 10.061, 10.531, 11.835, 12.316, 11.333, 10.26, 8.917, 9.584], [9.085, 6.907, 4.388, 3.012, 2.179, 1.347, 0.0, 1.785, 2.814, 3.289, 3.565, 3.692, 4.002, 4.277, 4.408, 4.233, 4.303, 4.536, 4.64, 4.806, 4.665, 4.557, 4.852, 4.899, 4.472, 4.3, 4.714, 4.975, 4.392, 2.655, 3.09, 6.112, 8.348, 9.27, 10.441, 13.882, 18.909, 22.081, 22.424, 21.85, 22.752, 25.354, 27.053, 27.084, 25.56, 25.082, 26.822, 28.452, 28.01, 27.182, 25.634, 23.554, 22.915, 23.884, 26.439, 28.534, 29.086, 29.356, 29.865, 29.97, 28.835, 28.308, 28.851, 29.591, 29.61, 29.025, 28.938, 28.808, 26.992, 25.229, 25.382, 25.034, 22.623, 20.413, 19.315, 19.721, 21.8, 23.237, 22.588, 21.366, 22.156, 23.684, 23.549, 22.187, 21.246, 21.491, 22.658, 23.955, 25.152, 25.756, 25.158, 24.649, 24.472, 24.634, 24.049, 22.915, 21.349, 19.717, 18.677, 18.316, 16.445, 12.695, 8.424, 4.834, 3.321, 3.327, 4.51, 5.477, 4.761, 4.4, 4.558, 4.855, 4.947, 4.574, 3.907, 3.815, 4.03, 4.277, 5.205, 5.215, 4.335, 3.478, 3.358, 3.449, 3.126, 2.793, 2.759, 2.852, 3.189, 3.695, 5.531, 6.196, 5.912, 4.669, 5.493, 9.058, 15.252, 20.034, 18.948, 17.198, 15.099, 13.331, 12.605, 13.286, 14.266, 14.023, 14.279, 13.528, 12.092, 10.61, 10.538, 11.182, 12.568, 13.188, 12.204, 11.127, 9.726, 10.442], [10.425, 8.145, 5.631, 4.355, 3.322, 2.549, 1.785, 0.0, 1.263, 1.882, 2.19, 2.214, 2.409, 2.749, 3.3, 2.884, 2.784, 3.087, 3.186, 3.251, 3.093, 2.999, 3.288, 3.308, 2.946, 2.877, 3.307, 3.574, 3.058, 1.982, 4.197, 7.216, 9.399, 10.304, 11.474, 14.942, 19.954, 23.169, 23.493, 22.912, 23.834, 26.461, 28.126, 28.177, 26.671, 26.175, 27.938, 29.524, 29.065, 28.244, 26.703, 24.646, 24.006, 24.96, 27.523, 29.628, 30.192, 30.448, 30.946, 31.072, 29.917, 29.381, 29.922, 30.662, 30.672, 30.091, 29.993, 29.871, 28.052, 26.292, 26.436, 26.103, 23.718, 21.486, 20.457, 20.932, 22.873, 24.292, 23.677, 22.452, 23.264, 24.739, 24.707, 23.323, 22.37, 22.614, 23.739, 25.028, 26.218, 26.839, 26.241, 25.703, 25.526, 25.704, 25.109, 23.961, 22.394, 20.767, 19.727, 19.376, 17.511, 13.849, 9.485, 5.993, 4.664, 4.676, 5.591, 6.391, 5.691, 5.214, 5.41, 5.626, 5.503, 5.133, 4.426, 4.292, 4.354, 4.992, 6.2, 6.278, 5.39, 4.58, 4.489, 4.678, 4.379, 3.905, 3.976, 4.01, 4.404, 4.94, 6.858, 7.476, 7.413, 6.044, 6.869, 10.423, 16.477, 21.136, 20.019, 18.365, 16.453, 14.705, 13.865, 14.371, 15.441, 15.385, 15.694, 14.979, 13.544, 12.117, 11.932, 12.553, 13.687, 14.308, 13.368, 12.247, 10.926, 11.563], [11.447, 8.94, 6.405, 5.132, 4.13, 3.412, 2.814, 1.263, 0.0, 1.2, 1.528, 1.517, 1.56, 1.915, 2.832, 2.409, 1.934, 2.116, 2.196, 2.14, 2.041, 1.96, 2.373, 2.391, 2.202, 2.211, 2.658, 3.065, 2.495, 2.169, 4.899, 7.843, 9.957, 10.828, 12.029, 15.452, 20.472, 23.708, 24.057, 23.499, 24.374, 27.02, 28.698, 28.742, 27.226, 26.729, 28.486, 30.061, 29.595, 28.788, 27.247, 25.231, 24.557, 25.534, 28.085, 30.176, 30.754, 31.023, 31.49, 31.633, 30.476, 29.918, 30.481, 31.203, 31.209, 30.634, 30.517, 30.4, 28.602, 26.841, 27.015, 26.66, 24.297, 22.151, 21.075, 21.534, 23.423, 24.855, 24.218, 23.004, 23.812, 25.278, 25.261, 23.926, 22.987, 23.198, 24.347, 25.565, 26.764, 27.391, 26.787, 26.245, 26.051, 26.233, 25.649, 24.486, 22.909, 21.29, 20.261, 19.92, 18.073, 14.4, 10.135, 6.876, 5.614, 5.598, 6.333, 6.97, 6.166, 5.737, 5.913, 6.102, 5.942, 5.524, 5.047, 4.854, 4.78, 5.486, 6.728, 6.941, 6.009, 5.174, 5.165, 5.5, 5.305, 4.863, 4.903, 4.901, 5.068, 5.695, 7.716, 8.403, 8.383, 7.125, 7.745, 11.199, 17.105, 21.707, 20.579, 18.922, 17.312, 15.643, 14.614, 15.127, 16.133, 16.167, 16.638, 15.966, 14.515, 13.125, 12.898, 13.547, 14.446, 14.891, 13.924, 12.819, 11.677, 12.205], [11.844, 9.052, 6.346, 5.281, 4.292, 3.7, 3.289, 1.882, 1.2, 0.0, 1.217, 1.304, 1.294, 1.493, 2.52, 2.294, 1.825, 2.045, 2.058, 1.87, 1.787, 1.795, 2.242, 2.283, 2.301, 2.337, 2.828, 3.306, 2.796, 2.596, 5.115, 7.965, 9.824, 10.606, 11.727, 15.123, 20.161, 23.434, 23.825, 23.22, 24.084, 26.751, 28.499, 28.46, 26.957, 26.468, 28.146, 29.75, 29.297, 28.477, 26.987, 24.999, 24.327, 25.237, 27.76, 29.853, 30.483, 30.697, 31.21, 31.375, 30.236, 29.621, 30.215, 30.894, 30.916, 30.366, 30.232, 30.103, 28.327, 26.575, 26.713, 26.358, 24.062, 22.039, 21.022, 21.287, 23.27, 24.719, 23.971, 22.759, 23.484, 24.954, 24.928, 23.685, 22.826, 23.008, 24.135, 25.299, 26.52, 27.101, 26.506, 25.965, 25.778, 25.895, 25.321, 24.153, 22.601, 21.0, 19.987, 19.666, 17.879, 14.421, 10.257, 7.184, 6.031, 5.965, 6.593, 6.949, 6.228, 5.693, 5.782, 5.852, 5.717, 5.266, 5.011, 4.954, 4.633, 5.426, 6.539, 6.822, 6.086, 5.202, 5.29, 5.697, 5.553, 5.17, 5.323, 5.355, 5.462, 6.15, 8.164, 8.828, 8.86, 7.683, 8.291, 11.528, 17.257, 21.5, 20.377, 18.823, 17.573, 16.054, 14.994, 15.366, 16.291, 16.426, 17.074, 16.399, 14.902, 13.582, 13.325, 13.964, 14.537, 14.625, 13.649, 12.685, 11.898, 12.196], [11.899, 8.887, 6.141, 5.144, 4.276, 3.836, 3.565, 2.19, 1.528, 1.217, 0.0, 0.739, 1.296, 1.712, 2.377, 2.292, 2.065, 2.266, 2.332, 2.162, 2.133, 2.317, 2.831, 2.791, 2.799, 2.826, 3.335, 3.732, 3.142, 2.698, 5.039, 7.694, 9.456, 10.08, 11.137, 14.506, 19.557, 22.862, 23.208, 22.598, 23.55, 26.127, 27.893, 27.869, 26.414, 25.858, 27.546, 29.201, 28.685, 27.886, 26.357, 24.395, 23.743, 24.643, 27.204, 29.238, 29.878, 30.1, 30.573, 30.749, 29.585, 29.096, 29.674, 30.355, 30.386, 29.783, 29.676, 29.481, 27.764, 25.975, 26.109, 25.769, 23.606, 21.615, 20.715, 21.052, 22.901, 24.171, 23.382, 22.254, 22.963, 24.433, 24.413, 23.173, 22.338, 22.592, 23.565, 24.818, 25.961, 26.565, 25.967, 25.421, 25.22, 25.31, 24.701, 23.614, 22.046, 20.39, 19.323, 19.004, 17.324, 14.052, 9.952, 7.061, 6.123, 6.057, 6.454, 6.679, 5.87, 5.351, 5.362, 5.549, 5.416, 4.938, 4.783, 4.708, 4.482, 5.145, 6.116, 6.297, 5.816, 5.012, 5.033, 5.47, 5.445, 5.161, 5.415, 5.451, 5.588, 6.246, 8.194, 8.932, 9.058, 7.889, 8.441, 11.512, 17.167, 21.218, 19.926, 18.687, 17.622, 16.186, 14.995, 15.3, 16.19, 16.475, 17.1, 16.55, 14.992, 13.757, 13.534, 14.012, 14.212, 14.284, 13.296, 12.369, 11.858, 12.092], [12.1, 9.004, 6.279, 5.24, 4.412, 4.014, 3.692, 2.214, 1.517, 1.304, 0.739, 0.0, 1.048, 1.567, 2.263, 2.259, 1.92, 2.184, 2.262, 2.088, 2.002, 2.222, 2.726, 2.64, 2.671, 2.768, 3.192, 3.514, 2.909, 2.749, 5.106, 7.686, 9.455, 10.16, 11.268, 14.646, 19.681, 23.0, 23.35, 22.751, 23.695, 26.27, 28.068, 28.024, 26.602, 26.036, 27.726, 29.333, 28.811, 27.995, 26.474, 24.585, 23.906, 24.814, 27.372, 29.381, 30.026, 30.25, 30.715, 30.916, 29.73, 29.24, 29.836, 30.501, 30.512, 29.909, 29.803, 29.6, 27.915, 26.122, 26.281, 25.921, 23.71, 21.775, 20.838, 21.198, 22.983, 24.222, 23.487, 22.383, 23.136, 24.576, 24.588, 23.356, 22.541, 22.765, 23.826, 24.929, 26.1, 26.713, 26.122, 25.577, 25.359, 25.423, 24.842, 23.719, 22.154, 20.507, 19.474, 19.163, 17.417, 14.029, 9.984, 7.142, 6.283, 6.254, 6.517, 6.744, 5.876, 5.426, 5.484, 5.593, 5.455, 4.977, 4.886, 4.826, 4.585, 5.088, 6.129, 6.399, 5.841, 5.107, 5.088, 5.508, 5.548, 5.264, 5.529, 5.536, 5.625, 6.3, 8.331, 9.128, 9.234, 8.021, 8.574, 11.65, 17.217, 21.293, 20.037, 18.741, 17.762, 16.379, 15.088, 15.396, 16.227, 16.588, 17.28, 16.764, 15.198, 13.935, 13.736, 14.202, 14.292, 14.369, 13.491, 12.492, 11.973, 12.091], [12.447, 9.531, 6.864, 5.805, 4.842, 4.411, 4.002, 2.409, 1.56, 1.294, 1.296, 1.048, 0.0, 1.081, 2.224, 2.181, 1.447, 1.586, 1.691, 1.549, 1.557, 1.698, 2.107, 2.02, 1.961, 2.104, 2.431, 2.646, 2.262, 3.047, 5.525, 8.177, 10.146, 10.892, 12.021, 15.437, 20.457, 23.83, 24.121, 23.527, 24.5, 27.11, 28.849, 28.842, 27.411, 26.884, 28.578, 30.104, 29.58, 28.779, 27.276, 25.428, 24.708, 25.643, 28.159, 30.223, 30.881, 31.074, 31.52, 31.739, 30.565, 30.045, 30.619, 31.258, 31.27, 30.667, 30.563, 30.399, 28.689, 26.892, 27.039, 26.717, 24.516, 22.474, 21.476, 21.902, 23.723, 24.934, 24.272, 23.192, 23.96, 25.341, 25.412, 24.192, 23.313, 23.494, 24.587, 25.704, 26.876, 27.537, 26.937, 26.329, 26.118, 26.2, 25.646, 24.49, 22.922, 21.302, 20.264, 19.965, 18.152, 14.689, 10.53, 7.565, 6.665, 6.626, 6.96, 7.295, 6.442, 5.953, 6.087, 6.251, 6.123, 5.638, 5.456, 5.399, 5.159, 5.71, 6.833, 7.08, 6.387, 5.609, 5.504, 5.924, 5.877, 5.641, 5.833, 5.806, 5.998, 6.649, 8.704, 9.486, 9.585, 8.342, 8.905, 12.064, 17.776, 22.031, 20.823, 19.411, 18.166, 16.736, 15.486, 15.782, 16.743, 17.029, 17.638, 17.106, 15.551, 14.29, 14.093, 14.541, 14.86, 15.125, 14.238, 13.224, 12.466, 12.682], [12.585, 9.765, 7.148, 5.986, 4.991, 4.539, 4.277, 2.749, 1.915, 1.493, 1.712, 1.567, 1.081, 0.0, 1.632, 1.749, 1.273, 1.628, 1.646, 1.469, 1.438, 1.669, 1.851, 1.715, 1.779, 1.868, 2.278, 2.672, 2.424, 3.124, 5.375, 8.127, 10.014, 10.844, 11.967, 15.382, 20.38, 23.894, 24.146, 23.526, 24.517, 27.148, 28.968, 28.859, 27.482, 26.98, 28.595, 30.092, 29.508, 28.71, 27.267, 25.553, 24.82, 25.718, 28.131, 30.184, 30.92, 31.065, 31.479, 31.74, 30.635, 30.065, 30.688, 31.24, 31.274, 30.657, 30.529, 30.378, 28.71, 26.854, 26.975, 26.747, 24.524, 22.72, 21.779, 21.95, 23.66, 24.913, 24.226, 23.241, 23.992, 25.347, 25.428, 24.33, 23.588, 23.732, 24.78, 25.706, 26.889, 27.534, 26.949, 26.316, 26.115, 26.114, 25.56, 24.405, 22.841, 21.232, 20.221, 19.904, 18.102, 14.613, 10.733, 7.705, 6.801, 6.762, 7.041, 7.135, 6.393, 6.196, 6.226, 6.19, 6.092, 5.644, 5.682, 5.582, 5.204, 5.653, 6.843, 7.32, 6.57, 5.664, 5.577, 5.932, 5.934, 5.737, 5.921, 5.887, 5.815, 6.669, 8.79, 9.623, 9.726, 8.505, 9.036, 12.182, 17.772, 21.981, 20.901, 19.394, 18.302, 16.875, 15.582, 15.921, 16.607, 17.091, 17.813, 17.249, 15.687, 14.431, 14.235, 14.712, 15.054, 15.17, 14.255, 13.381, 12.569, 12.506], [12.435, 9.465, 6.932, 5.647, 4.762, 4.579, 4.408, 3.3, 2.832, 2.52, 2.377, 2.263, 2.224, 1.632, 0.0, 1.355, 1.815, 2.25, 2.303, 2.303, 2.395, 2.705, 2.758, 2.676, 2.601, 2.553, 3.095, 3.645, 3.208, 3.17, 4.997, 7.496, 9.31, 10.115, 11.297, 14.538, 19.652, 23.547, 23.844, 23.019, 24.16, 26.787, 28.681, 28.592, 27.181, 26.68, 28.186, 29.655, 28.893, 28.143, 26.892, 25.277, 24.55, 25.423, 27.781, 29.732, 30.573, 30.692, 30.941, 31.346, 30.36, 29.632, 30.358, 30.813, 30.755, 30.241, 29.875, 29.751, 28.242, 26.351, 26.5, 26.322, 24.216, 22.425, 21.471, 21.647, 23.043, 24.127, 23.693, 22.893, 23.538, 24.865, 25.032, 24.061, 23.297, 23.438, 24.502, 25.347, 26.512, 27.149, 26.528, 25.695, 25.467, 25.506, 24.83, 23.636, 22.097, 20.557, 19.431, 19.266, 17.539, 14.009, 10.414, 7.422, 6.632, 6.591, 6.671, 6.612, 5.816, 5.815, 5.925, 5.879, 5.726, 5.319, 5.392, 5.275, 4.928, 5.226, 6.458, 6.964, 6.196, 5.375, 5.187, 5.518, 5.757, 5.554, 5.818, 5.815, 5.688, 6.528, 8.614, 9.489, 9.606, 8.453, 8.955, 11.93, 17.422, 21.611, 20.628, 19.052, 18.032, 16.743, 15.394, 15.765, 16.267, 16.829, 17.614, 17.103, 15.547, 14.307, 14.105, 14.542, 14.685, 14.849, 13.954, 13.122, 12.252, 12.194], [12.139, 9.399, 6.875, 5.597, 4.628, 4.261, 4.233, 2.884, 2.409, 2.294, 2.292, 2.259, 2.181, 1.749, 1.355, 0.0, 1.234, 1.947, 1.997, 2.185, 2.238, 2.505, 2.67, 2.55, 2.573, 2.489, 3.032, 3.558, 2.939, 2.8, 4.733, 7.482, 9.328, 10.086, 11.184, 14.459, 19.591, 23.564, 23.876, 23.063, 24.167, 26.844, 28.725, 28.639, 27.225, 26.748, 28.233, 29.675, 28.917, 28.151, 26.928, 25.332, 24.597, 25.471, 27.83, 29.777, 30.653, 30.762, 30.994, 31.42, 30.405, 29.641, 30.4, 30.847, 30.762, 30.255, 29.888, 29.772, 28.265, 26.384, 26.544, 26.343, 24.243, 22.472, 21.454, 21.673, 23.032, 24.078, 23.709, 22.904, 23.56, 24.878, 25.041, 24.106, 23.309, 23.444, 24.538, 25.391, 26.549, 27.17, 26.547, 25.699, 25.476, 25.521, 24.76, 23.715, 22.1, 20.519, 19.4, 19.175, 17.573, 14.047, 10.397, 7.274, 6.494, 6.322, 6.439, 6.627, 5.917, 5.821, 5.979, 5.864, 5.723, 5.376, 5.388, 5.276, 4.893, 5.279, 6.542, 7.045, 6.212, 5.385, 5.153, 5.424, 5.587, 5.36, 5.615, 5.587, 5.484, 6.325, 8.394, 9.223, 9.413, 8.258, 8.743, 11.627, 17.295, 21.586, 20.671, 19.072, 17.751, 16.496, 15.075, 15.355, 16.015, 16.478, 17.274, 16.825, 15.333, 14.103, 13.831, 14.227, 14.775, 14.839, 13.994, 13.107, 12.089, 12.075], [12.253, 9.651, 7.096, 5.939, 4.855, 4.433, 4.303, 2.784, 1.934, 1.825, 2.065, 1.92, 1.447, 1.273, 1.815, 1.234, 0.0, 1.362, 1.467, 1.566, 1.722, 1.987, 2.178, 1.99, 1.967, 1.962, 2.302, 2.785, 2.355, 2.841, 5.088, 7.863, 9.816, 10.635, 11.817, 15.249, 20.266, 24.042, 24.283, 23.518, 24.657, 27.288, 29.033, 29.021, 27.599, 27.128, 28.726, 30.213, 29.511, 28.703, 27.419, 25.708, 24.976, 25.9, 28.222, 30.281, 31.065, 31.168, 31.515, 31.836, 30.788, 30.16, 30.853, 31.365, 31.292, 30.772, 30.497, 30.354, 28.724, 26.826, 26.962, 26.82, 24.688, 22.776, 21.699, 22.046, 23.601, 24.672, 24.268, 23.378, 24.097, 25.417, 25.562, 24.478, 23.6, 23.732, 24.83, 25.838, 27.014, 27.691, 27.059, 26.288, 26.099, 26.154, 25.426, 24.399, 22.799, 21.128, 20.08, 19.748, 17.994, 14.467, 10.635, 7.483, 6.589, 6.445, 6.799, 7.049, 6.238, 6.121, 6.338, 6.294, 6.229, 5.722, 5.651, 5.58, 5.244, 5.596, 6.957, 7.303, 6.528, 5.704, 5.442, 5.72, 5.716, 5.578, 5.717, 5.726, 5.772, 6.462, 8.503, 9.335, 9.501, 8.37, 8.855, 11.904, 17.651, 22.095, 21.078, 19.547, 18.033, 16.606, 15.292, 15.639, 16.49, 16.805, 17.457, 16.933, 15.425, 14.194, 13.94, 14.354, 15.05, 15.264, 14.339, 13.416, 12.444, 12.516], [12.645, 9.943, 7.479, 6.085, 5.115, 4.727, 4.536, 3.087, 2.116, 2.045, 2.266, 2.184, 1.586, 1.628, 2.25, 1.947, 1.362, 0.0, 0.698, 0.982, 1.28, 1.733, 2.01, 1.901, 1.763, 1.737, 2.096, 2.516, 2.343, 3.191, 5.481, 8.338, 10.452, 11.36, 12.52, 15.941, 20.969, 24.533, 24.726, 24.03, 25.153, 27.767, 29.502, 29.487, 28.09, 27.573, 29.24, 30.746, 30.107, 29.287, 27.901, 26.108, 25.406, 26.332, 28.786, 30.825, 31.52, 31.689, 32.081, 32.361, 31.236, 30.706, 31.325, 31.891, 31.837, 31.271, 31.113, 30.945, 29.263, 27.41, 27.538, 27.361, 25.13, 23.122, 22.075, 22.467, 24.169, 25.383, 24.843, 23.86, 24.627, 25.955, 26.09, 24.876, 23.977, 24.151, 25.229, 26.336, 27.505, 28.22, 27.594, 26.885, 26.675, 26.749, 26.139, 25.012, 23.443, 21.794, 20.774, 20.463, 18.624, 15.02, 10.977, 7.675, 6.92, 6.84, 7.058, 7.434, 6.588, 6.443, 6.643, 6.821, 6.724, 6.166, 5.977, 5.751, 5.586, 6.061, 7.428, 7.662, 6.773, 5.872, 5.591, 5.907, 6.021, 5.835, 6.058, 6.059, 6.21, 6.961, 8.912, 9.717, 9.864, 8.696, 9.196, 12.142, 17.864, 22.545, 21.482, 19.908, 18.271, 16.962, 15.646, 16.039, 16.819, 17.091, 17.811, 17.33, 15.79, 14.558, 14.337, 14.769, 15.247, 15.693, 14.816, 13.831, 12.621, 12.95], [12.783, 10.09, 7.598, 6.218, 5.248, 4.845, 4.64, 3.186, 2.196, 2.058, 2.332, 2.262, 1.691, 1.646, 2.303, 1.997, 1.467, 0.698, 0.0, 0.928, 1.207, 1.764, 1.944, 1.718, 1.673, 1.802, 2.107, 2.426, 2.463, 3.304, 5.557, 8.455, 10.607, 11.443, 12.622, 16.015, 21.081, 24.599, 24.845, 24.2, 25.214, 27.793, 29.567, 29.534, 28.158, 27.625, 29.284, 30.825, 30.243, 29.392, 27.955, 26.187, 25.476, 26.414, 28.801, 30.836, 31.555, 31.698, 32.103, 32.355, 31.322, 30.763, 31.403, 31.975, 31.975, 31.367, 31.263, 31.054, 29.385, 27.514, 27.651, 27.438, 25.21, 23.194, 22.205, 22.525, 24.29, 25.523, 24.908, 23.934, 24.692, 26.032, 26.149, 24.987, 24.082, 24.229, 25.257, 26.403, 27.598, 28.276, 27.673, 27.018, 26.818, 26.873, 26.245, 25.149, 23.598, 21.911, 20.863, 20.558, 18.726, 15.025, 11.124, 7.794, 6.992, 6.954, 7.147, 7.511, 6.681, 6.531, 6.699, 6.874, 6.782, 6.241, 6.083, 5.848, 5.671, 6.127, 7.443, 7.742, 6.881, 5.984, 5.789, 6.002, 6.194, 5.924, 6.153, 6.163, 6.276, 7.037, 8.996, 9.85, 9.962, 8.763, 9.275, 12.31, 17.968, 22.626, 21.568, 20.009, 18.413, 17.092, 15.814, 16.21, 16.871, 17.248, 17.955, 17.464, 15.906, 14.666, 14.467, 14.902, 15.368, 15.793, 14.842, 13.935, 12.738, 13.017], [12.956, 10.197, 7.603, 6.353, 5.337, 4.914, 4.806, 3.251, 2.14, 1.87, 2.162, 2.088, 1.549, 1.469, 2.303, 2.185, 1.566, 0.982, 0.928, 0.0, 0.989, 1.431, 1.672, 1.539, 1.717, 2.041, 2.416, 2.617, 2.559, 3.488, 5.763, 8.625, 10.662, 11.461, 12.647, 16.026, 21.079, 24.437, 24.802, 24.198, 25.083, 27.697, 29.528, 29.441, 28.023, 27.474, 29.127, 30.743, 30.204, 29.381, 27.855, 26.062, 25.348, 26.291, 28.747, 30.759, 31.431, 31.624, 32.082, 32.272, 31.198, 30.638, 31.261, 31.888, 31.922, 31.312, 31.194, 30.98, 29.36, 27.525, 27.667, 27.343, 25.107, 23.197, 22.251, 22.461, 24.262, 25.559, 24.86, 23.818, 24.566, 25.982, 26.006, 24.868, 24.07, 24.216, 25.274, 26.287, 27.512, 28.137, 27.539, 26.97, 26.758, 26.804, 26.238, 25.102, 23.543, 21.886, 20.86, 20.55, 18.747, 15.133, 11.189, 7.964, 7.148, 7.122, 7.32, 7.661, 6.859, 6.63, 6.687, 6.8, 6.644, 6.228, 6.108, 5.947, 5.618, 6.102, 7.356, 7.761, 6.911, 5.996, 6.007, 6.39, 6.416, 6.21, 6.429, 6.51, 6.42, 7.21, 9.173, 10.017, 10.137, 8.987, 9.486, 12.474, 18.11, 22.533, 21.449, 19.905, 18.609, 17.252, 15.907, 16.265, 17.008, 17.39, 18.129, 17.638, 16.074, 14.833, 14.634, 15.082, 15.488, 15.705, 14.804, 13.877, 12.894, 13.041], [13.062, 10.411, 7.835, 6.558, 5.536, 4.99, 4.665, 3.093, 2.041, 1.787, 2.133, 2.002, 1.557, 1.438, 2.395, 2.238, 1.722, 1.28, 1.207, 0.989, 0.0, 1.034, 1.377, 1.304, 1.58, 1.93, 2.284, 2.599, 2.414, 3.396, 5.937, 8.821, 10.813, 11.547, 12.728, 16.059, 21.141, 24.497, 24.913, 24.263, 25.17, 27.815, 29.672, 29.563, 28.107, 27.576, 29.144, 30.76, 30.257, 29.427, 27.938, 26.155, 25.47, 26.364, 28.804, 30.825, 31.563, 31.693, 32.165, 32.39, 31.318, 30.685, 31.312, 31.926, 31.951, 31.364, 31.253, 31.046, 29.417, 27.613, 27.737, 27.411, 25.193, 23.391, 22.463, 22.629, 24.334, 25.681, 24.944, 23.881, 24.606, 25.989, 26.025, 24.972, 24.28, 24.425, 25.453, 26.379, 27.575, 28.153, 27.559, 27.007, 26.801, 26.847, 26.29, 25.145, 23.605, 21.958, 20.939, 20.662, 18.835, 15.332, 11.449, 8.151, 7.209, 7.193, 7.507, 7.724, 7.074, 6.786, 6.796, 6.828, 6.677, 6.361, 6.303, 6.213, 5.773, 6.267, 7.505, 7.982, 7.099, 6.198, 6.211, 6.558, 6.556, 6.24, 6.501, 6.497, 6.355, 7.102, 9.245, 10.089, 10.198, 8.978, 9.515, 12.654, 18.299, 22.67, 21.532, 20.07, 18.776, 17.341, 16.093, 16.442, 17.112, 17.562, 18.292, 17.725, 16.148, 14.902, 14.701, 15.202, 15.754, 15.864, 14.89, 14.073, 13.07, 13.106], [13.213, 10.66, 8.025, 6.86, 5.805, 5.096, 4.557, 2.999, 1.96, 1.795, 2.317, 2.222, 1.698, 1.669, 2.705, 2.505, 1.987, 1.733, 1.764, 1.431, 1.034, 0.0, 0.932, 1.054, 1.43, 1.819, 2.135, 2.551, 2.471, 3.495, 6.3, 9.301, 11.19, 11.926, 13.026, 16.379, 21.411, 24.705, 25.143, 24.533, 25.395, 28.059, 29.943, 29.789, 28.285, 27.833, 29.41, 31.007, 30.52, 29.721, 28.23, 26.405, 25.678, 26.533, 29.083, 31.145, 31.837, 32.028, 32.466, 32.74, 31.553, 30.934, 31.498, 32.178, 32.19, 31.596, 31.483, 31.382, 29.674, 27.918, 28.029, 27.654, 25.382, 23.643, 22.681, 22.862, 24.607, 26.051, 25.268, 24.084, 24.785, 26.234, 26.219, 25.137, 24.484, 24.633, 25.692, 26.608, 27.806, 28.364, 27.783, 27.26, 27.044, 27.101, 26.592, 25.388, 23.835, 22.28, 21.309, 20.963, 19.194, 15.79, 11.75, 8.545, 7.285, 7.272, 7.966, 8.201, 7.58, 7.174, 7.155, 7.086, 6.923, 6.648, 6.559, 6.47, 6.044, 6.748, 7.861, 8.359, 7.501, 6.586, 6.707, 7.064, 6.888, 6.476, 6.542, 6.53, 6.436, 7.164, 9.372, 10.156, 10.166, 8.917, 9.485, 12.865, 18.621, 22.859, 21.731, 20.267, 19.034, 17.325, 16.227, 16.672, 17.468, 17.756, 18.368, 17.759, 16.225, 14.868, 14.667, 15.271, 16.046, 16.07, 15.113, 14.288, 13.381, 13.505], [13.507, 11.061, 8.455, 7.228, 6.196, 5.445, 4.852, 3.288, 2.373, 2.242, 2.831, 2.726, 2.107, 1.851, 2.758, 2.67, 2.178, 2.01, 1.944, 1.672, 1.377, 0.932, 0.0, 0.687, 1.149, 1.602, 1.799, 2.256, 2.584, 3.68, 6.576, 9.61, 11.525, 12.281, 13.374, 16.715, 21.702, 25.04, 25.53, 24.904, 25.686, 28.506, 30.341, 30.222, 28.745, 28.295, 29.751, 31.276, 30.806, 30.005, 28.525, 26.862, 26.137, 26.917, 29.44, 31.452, 32.313, 32.426, 32.813, 33.209, 32.012, 31.232, 31.864, 32.458, 32.463, 31.874, 31.769, 31.67, 29.943, 28.245, 28.381, 27.943, 25.753, 24.077, 23.114, 23.282, 24.826, 26.341, 25.589, 24.37, 25.095, 26.511, 26.53, 25.622, 24.939, 25.084, 26.119, 26.96, 28.108, 28.634, 28.065, 27.555, 27.326, 27.41, 26.903, 25.658, 24.098, 22.578, 21.615, 21.3, 19.577, 16.079, 12.145, 8.906, 7.572, 7.572, 8.327, 8.554, 7.929, 7.549, 7.621, 7.478, 7.245, 7.019, 6.978, 6.887, 6.462, 7.117, 8.316, 8.803, 7.925, 6.964, 7.039, 7.384, 7.223, 6.737, 6.804, 6.756, 6.558, 7.306, 9.552, 10.471, 10.416, 9.095, 9.643, 13.197, 18.972, 23.18, 22.153, 20.659, 19.367, 17.623, 16.546, 17.016, 17.757, 18.103, 18.678, 17.996, 16.498, 15.099, 14.937, 15.593, 16.399, 16.487, 15.548, 14.726, 13.729, 13.78], [13.546, 11.098, 8.493, 7.293, 6.211, 5.482, 4.899, 3.308, 2.391, 2.283, 2.791, 2.64, 2.02, 1.715, 2.676, 2.55, 1.99, 1.901, 1.718, 1.539, 1.304, 1.054, 0.687, 0.0, 1.015, 1.437, 1.621, 1.995, 2.23, 3.422, 6.378, 9.433, 11.384, 12.16, 13.295, 16.629, 21.703, 25.198, 25.557, 24.901, 25.831, 28.411, 30.348, 30.197, 28.815, 28.303, 29.854, 31.406, 30.847, 30.006, 28.579, 26.877, 26.156, 27.032, 29.409, 31.447, 32.21, 32.323, 32.757, 33.044, 31.981, 31.328, 32.011, 32.552, 32.597, 32.004, 31.867, 31.699, 30.046, 28.192, 28.317, 28.031, 25.852, 24.076, 23.153, 23.308, 24.936, 26.226, 25.538, 24.545, 25.252, 26.645, 26.707, 25.678, 24.964, 25.107, 26.147, 27.023, 28.217, 28.819, 28.216, 27.64, 27.441, 27.434, 26.852, 25.731, 24.197, 22.575, 21.542, 21.223, 19.402, 15.931, 12.123, 8.838, 7.509, 7.533, 8.175, 8.409, 7.762, 7.498, 7.557, 7.481, 7.359, 6.988, 7.01, 6.941, 6.48, 6.919, 8.16, 8.673, 7.869, 6.973, 6.944, 7.244, 7.15, 6.767, 6.75, 6.627, 6.394, 7.191, 9.418, 10.516, 10.441, 9.018, 9.598, 13.246, 19.031, 23.277, 22.242, 20.729, 19.415, 17.589, 16.473, 16.973, 17.763, 18.145, 18.698, 18.003, 16.456, 15.038, 14.957, 15.641, 16.444, 16.502, 15.584, 14.748, 13.782, 13.735], [13.119, 10.858, 8.309, 6.968, 5.938, 5.059, 4.472, 2.946, 2.202, 2.301, 2.799, 2.671, 1.961, 1.779, 2.601, 2.573, 1.967, 1.763, 1.673, 1.717, 1.58, 1.43, 1.149, 1.015, 0.0, 0.878, 1.243, 1.734, 1.994, 3.054, 5.888, 9.141, 11.408, 12.204, 13.361, 16.713, 21.842, 25.297, 25.614, 24.999, 25.932, 28.472, 30.319, 30.262, 28.879, 28.332, 29.985, 31.573, 31.017, 30.151, 28.687, 26.894, 26.188, 27.137, 29.555, 31.576, 32.242, 32.419, 32.79, 32.966, 32.049, 31.497, 32.092, 32.7, 32.74, 32.142, 32.037, 31.821, 30.173, 28.306, 28.436, 28.174, 25.946, 23.954, 22.939, 23.244, 25.067, 26.299, 25.586, 24.649, 25.416, 26.803, 26.869, 25.692, 24.805, 24.939, 26.043, 27.135, 28.345, 29.001, 28.401, 27.8, 27.589, 27.63, 26.997, 25.921, 24.369, 22.675, 21.613, 21.298, 19.494, 15.758, 11.886, 8.467, 7.066, 7.1, 7.632, 8.184, 7.451, 7.255, 7.384, 7.609, 7.458, 6.998, 6.842, 6.652, 6.357, 6.802, 7.993, 8.451, 7.58, 6.704, 6.585, 6.776, 6.667, 6.4, 6.317, 6.187, 6.125, 6.936, 9.051, 10.075, 10.033, 8.59, 9.194, 12.84, 18.735, 23.375, 22.284, 20.722, 18.99, 17.185, 16.1, 16.688, 17.574, 17.762, 18.281, 17.615, 16.059, 14.625, 14.553, 15.214, 16.189, 16.513, 15.612, 14.64, 13.443, 13.717], [12.83, 10.636, 8.118, 6.771, 5.706, 4.915, 4.3, 2.877, 2.211, 2.337, 2.826, 2.768, 2.104, 1.868, 2.553, 2.489, 1.962, 1.737, 1.802, 2.041, 1.93, 1.819, 1.602, 1.437, 0.878, 0.0, 0.932, 1.586, 1.785, 2.79, 5.647, 8.933, 11.235, 12.07, 13.215, 16.636, 21.733, 25.26, 25.467, 24.841, 25.878, 28.414, 30.235, 30.191, 28.808, 28.272, 29.947, 31.488, 30.906, 30.045, 28.612, 26.825, 26.127, 27.059, 29.481, 31.513, 32.184, 32.364, 32.704, 32.94, 31.959, 31.438, 32.054, 32.635, 32.64, 32.029, 31.917, 31.705, 30.052, 28.174, 28.311, 28.108, 25.863, 23.806, 22.788, 23.181, 24.946, 26.138, 25.485, 24.588, 25.366, 26.714, 26.824, 25.602, 24.675, 24.867, 25.936, 27.066, 28.264, 28.955, 28.347, 27.683, 27.476, 27.527, 26.883, 25.816, 24.243, 22.569, 21.481, 21.154, 19.353, 15.616, 11.704, 8.198, 6.757, 6.807, 7.445, 8.055, 7.271, 7.04, 7.276, 7.518, 7.446, 6.92, 6.674, 6.488, 6.331, 6.709, 7.98, 8.281, 7.454, 6.595, 6.3, 6.41, 6.396, 6.042, 5.984, 5.844, 5.822, 6.631, 8.675, 9.797, 9.715, 8.196, 8.828, 12.595, 18.574, 23.276, 22.207, 20.637, 18.741, 16.875, 15.864, 16.538, 17.414, 17.558, 17.983, 17.253, 15.699, 14.251, 14.246, 14.913, 15.947, 16.419, 15.53, 14.551, 13.267, 13.618], [13.194, 11.189, 8.678, 7.35, 6.252, 5.469, 4.714, 3.307, 2.658, 2.828, 3.335, 3.192, 2.431, 2.278, 3.095, 3.032, 2.302, 2.096, 2.107, 2.416, 2.284, 2.135, 1.799, 1.621, 1.243, 0.932, 0.0, 1.05, 1.628, 3.208, 6.273, 9.524, 11.777, 12.64, 13.849, 17.287, 22.329, 25.85, 26.044, 25.428, 26.481, 29.057, 30.82, 30.779, 29.391, 28.866, 30.559, 32.097, 31.487, 30.631, 29.218, 27.437, 26.726, 27.667, 30.084, 32.109, 32.772, 32.969, 33.356, 33.6, 32.547, 32.047, 32.655, 33.247, 33.219, 32.616, 32.496, 32.269, 30.646, 28.746, 28.888, 28.712, 26.464, 24.418, 23.376, 23.753, 25.529, 26.687, 26.113, 25.18, 25.976, 27.311, 27.434, 26.219, 25.295, 25.442, 26.5, 27.673, 28.872, 29.566, 28.957, 28.264, 28.069, 28.122, 27.504, 26.382, 24.817, 23.123, 22.092, 21.79, 19.913, 16.219, 12.218, 8.624, 7.138, 7.274, 8.099, 8.643, 7.83, 7.599, 7.859, 8.128, 8.04, 7.521, 7.268, 7.056, 6.91, 7.287, 8.64, 8.844, 8.03, 7.16, 6.839, 6.848, 6.742, 6.416, 6.397, 6.25, 6.194, 7.089, 9.027, 10.187, 10.059, 8.495, 9.199, 13.046, 19.139, 23.85, 22.81, 21.225, 19.245, 17.35, 16.437, 17.093, 17.985, 18.038, 18.341, 17.58, 16.025, 14.539, 14.567, 15.269, 16.493, 17.009, 16.113, 15.152, 13.862, 14.243], [13.545, 11.657, 9.163, 7.83, 6.726, 5.852, 4.975, 3.574, 3.065, 3.306, 3.732, 3.514, 2.646, 2.672, 3.645, 3.558, 2.785, 2.516, 2.426, 2.617, 2.599, 2.551, 2.256, 1.995, 1.734, 1.586, 1.05, 0.0, 1.385, 3.511, 6.713, 10.054, 12.363, 13.218, 14.398, 17.84, 22.891, 26.421, 26.609, 26.012, 27.061, 29.589, 31.404, 31.362, 29.969, 29.426, 31.131, 32.669, 32.058, 31.186, 29.793, 27.978, 27.277, 28.231, 30.674, 32.694, 33.36, 33.562, 33.911, 34.159, 33.121, 32.628, 33.216, 33.827, 33.8, 33.188, 33.068, 32.851, 31.225, 29.336, 29.463, 29.294, 27.05, 24.947, 23.899, 24.337, 26.097, 27.249, 26.668, 25.757, 26.557, 27.89, 28.005, 26.754, 25.828, 26.014, 27.094, 28.25, 29.448, 30.131, 29.531, 28.844, 28.643, 28.69, 28.058, 26.957, 25.391, 23.712, 22.662, 22.356, 20.492, 16.768, 12.714, 9.037, 7.447, 7.611, 8.532, 9.183, 8.364, 8.175, 8.43, 8.71, 8.608, 8.099, 7.782, 7.565, 7.466, 7.838, 9.164, 9.375, 8.533, 7.704, 7.327, 7.272, 7.09, 6.848, 6.788, 6.601, 6.699, 7.4, 9.269, 10.548, 10.327, 8.733, 9.474, 13.558, 19.704, 24.423, 23.349, 21.765, 19.633, 17.715, 16.893, 17.558, 18.506, 18.472, 18.638, 17.8, 16.234, 14.73, 14.839, 15.597, 16.963, 17.566, 16.705, 15.676, 14.348, 14.787], [12.809, 11.138, 8.643, 7.278, 6.187, 5.285, 4.392, 3.058, 2.495, 2.796, 3.142, 2.909, 2.262, 2.424, 3.208, 2.939, 2.355, 2.343, 2.463, 2.559, 2.414, 2.471, 2.584, 2.23, 1.994, 1.785, 1.628, 1.385, 0.0, 2.558, 5.793, 9.235, 11.588, 12.415, 13.602, 16.994, 22.078, 25.687, 25.916, 25.265, 26.304, 28.88, 30.666, 30.65, 29.255, 28.729, 30.371, 31.893, 31.264, 30.378, 29.038, 27.313, 26.598, 27.526, 29.917, 31.919, 32.656, 32.803, 33.116, 33.394, 32.425, 31.861, 32.488, 33.046, 33.013, 32.43, 32.283, 32.076, 30.439, 28.563, 28.677, 28.518, 26.317, 24.378, 23.309, 23.643, 25.308, 26.479, 25.874, 25.02, 25.782, 27.11, 27.24, 26.111, 25.227, 25.36, 26.442, 27.499, 28.659, 29.353, 28.748, 28.061, 27.846, 27.865, 27.235, 26.157, 24.582, 22.918, 21.842, 21.521, 19.716, 15.98, 12.094, 8.49, 6.866, 6.991, 7.837, 8.406, 7.63, 7.553, 7.793, 7.954, 7.847, 7.353, 7.218, 6.996, 6.771, 7.09, 8.438, 8.815, 7.945, 7.058, 6.692, 6.632, 6.366, 6.105, 6.129, 5.861, 5.731, 6.456, 8.539, 9.893, 9.627, 8.031, 8.749, 12.827, 18.96, 23.689, 22.687, 21.099, 18.859, 17.085, 16.154, 16.87, 17.743, 17.663, 17.864, 17.085, 15.519, 14.045, 14.125, 14.998, 16.45, 16.893, 15.984, 15.057, 13.727, 13.993], [10.827, 9.02, 6.527, 5.16, 4.07, 3.227, 2.655, 1.982, 2.169, 2.596, 2.698, 2.749, 3.047, 3.124, 3.17, 2.8, 2.841, 3.191, 3.304, 3.488, 3.396, 3.495, 3.68, 3.422, 3.054, 2.79, 3.208, 3.511, 2.558, 0.0, 3.684, 6.965, 9.3, 10.146, 11.384, 14.742, 19.853, 23.568, 23.8, 23.049, 24.175, 26.77, 28.525, 28.535, 27.109, 26.614, 28.229, 29.728, 29.049, 28.209, 26.926, 25.202, 24.485, 25.424, 27.741, 29.743, 30.535, 30.656, 30.915, 31.205, 30.302, 29.672, 30.384, 30.875, 30.817, 30.303, 30.049, 29.831, 28.252, 26.339, 26.464, 26.339, 24.195, 22.244, 21.163, 21.497, 23.068, 24.191, 23.694, 22.902, 23.606, 24.929, 25.086, 23.991, 23.096, 23.225, 24.322, 25.363, 26.536, 27.225, 26.585, 25.815, 25.629, 25.689, 25.001, 23.927, 22.373, 20.684, 19.575, 19.27, 17.473, 13.764, 9.977, 6.388, 4.882, 4.981, 5.744, 6.19, 5.445, 5.45, 5.684, 5.805, 5.751, 5.314, 5.131, 4.962, 4.754, 4.923, 6.261, 6.712, 5.851, 4.972, 4.612, 4.558, 4.404, 4.065, 4.129, 3.887, 3.848, 4.602, 6.776, 7.883, 7.81, 6.31, 6.974, 10.734, 16.823, 21.552, 20.569, 18.957, 16.859, 15.05, 14.049, 14.764, 15.625, 15.645, 16.0, 15.312, 13.764, 12.334, 12.272, 12.952, 14.336, 14.764, 13.83, 12.922, 11.614, 11.832], [7.889, 5.67, 3.398, 2.823, 2.318, 2.21, 3.09, 4.197, 4.899, 5.115, 5.039, 5.106, 5.525, 5.375, 4.997, 4.733, 5.088, 5.481, 5.557, 5.763, 5.937, 6.3, 6.576, 6.378, 5.888, 5.647, 6.273, 6.713, 5.793, 3.684, 0.0, 3.744, 6.031, 6.885, 8.056, 11.462, 16.586, 20.171, 20.371, 19.658, 20.787, 23.327, 25.105, 25.086, 23.698, 23.169, 24.842, 26.375, 25.758, 24.909, 23.531, 21.743, 21.032, 21.975, 24.352, 26.381, 27.077, 27.233, 27.543, 27.777, 26.854, 26.319, 26.969, 27.518, 27.509, 26.954, 26.764, 26.557, 24.88, 23.004, 23.119, 22.961, 20.746, 18.788, 17.772, 18.037, 19.743, 20.921, 20.339, 19.497, 20.273, 21.618, 21.729, 20.531, 19.647, 19.77, 20.876, 21.956, 23.142, 23.859, 23.219, 22.529, 22.331, 22.39, 21.722, 20.684, 19.109, 17.431, 16.318, 15.982, 14.153, 10.427, 6.684, 3.351, 2.419, 2.48, 2.778, 3.394, 2.798, 3.01, 3.401, 3.922, 4.397, 3.949, 3.903, 4.122, 4.085, 3.606, 3.589, 3.84, 3.175, 2.382, 2.122, 2.099, 2.212, 2.423, 2.444, 2.505, 2.158, 2.175, 3.981, 4.883, 5.027, 3.94, 4.412, 7.471, 13.432, 18.131, 17.115, 15.507, 13.55, 12.139, 10.819, 11.46, 12.194, 12.274, 12.93, 12.454, 10.945, 9.718, 9.462, 9.926, 10.954, 11.315, 10.39, 9.465, 8.218, 8.384], [5.623, 2.808, 3.139, 3.942, 4.307, 5.386, 6.112, 7.216, 7.843, 7.965, 7.694, 7.686, 8.177, 8.127, 7.496, 7.482, 7.863, 8.338, 8.455, 8.625, 8.821, 9.301, 9.61, 9.433, 9.141, 8.933, 9.524, 10.054, 9.235, 6.965, 3.744, 0.0, 2.541, 3.392, 4.573, 7.92, 13.041, 16.671, 16.894, 16.218, 17.282, 19.867, 21.604, 21.628, 20.2, 19.704, 21.332, 22.834, 22.216, 21.356, 20.032, 18.291, 17.575, 18.521, 20.833, 22.846, 23.63, 23.75, 24.028, 24.301, 23.392, 22.775, 23.483, 23.977, 23.97, 23.43, 23.235, 22.999, 21.38, 19.459, 19.609, 19.441, 17.295, 15.315, 14.245, 14.582, 16.203, 17.355, 16.803, 16.008, 16.721, 18.054, 18.198, 17.091, 16.183, 16.313, 17.397, 18.464, 19.636, 20.335, 19.689, 18.987, 18.793, 18.84, 18.17, 17.137, 15.569, 13.879, 12.761, 12.448, 10.616, 6.863, 3.217, 2.967, 3.862, 3.854, 3.364, 3.432, 3.251, 3.757, 4.26, 4.696, 5.095, 4.685, 4.749, 4.99, 5.032, 4.332, 4.292, 3.994, 3.477, 3.657, 3.443, 3.444, 3.892, 4.367, 4.389, 4.267, 4.192, 3.747, 3.114, 2.841, 3.173, 3.056, 2.751, 5.157, 10.321, 14.652, 13.66, 12.058, 11.111, 10.01, 8.608, 8.667, 9.446, 10.009, 10.72, 10.37, 8.897, 7.678, 7.376, 7.738, 7.478, 7.866, 6.919, 6.025, 5.164, 5.138], [4.181, 2.61, 4.277, 5.748, 6.44, 7.516, 8.348, 9.399, 9.957, 9.824, 9.456, 9.455, 10.146, 10.014, 9.31, 9.328, 9.816, 10.452, 10.607, 10.662, 10.813, 11.19, 11.525, 11.384, 11.408, 11.235, 11.777, 12.363, 11.588, 9.3, 6.031, 2.541, 0.0, 1.412, 2.573, 5.61, 10.629, 14.406, 14.636, 13.829, 15.017, 17.662, 19.42, 19.382, 17.953, 17.493, 19.101, 20.569, 19.826, 19.074, 17.796, 16.079, 15.339, 16.257, 18.581, 20.618, 21.423, 21.532, 21.889, 22.208, 21.133, 20.51, 21.22, 21.712, 21.655, 21.147, 20.81, 20.694, 19.084, 17.165, 17.308, 17.176, 15.032, 13.163, 12.2, 12.432, 13.908, 14.997, 14.633, 13.748, 14.449, 15.778, 15.932, 14.829, 14.041, 14.179, 15.243, 16.199, 17.373, 18.07, 17.424, 16.585, 16.394, 16.485, 15.802, 14.716, 13.128, 11.488, 10.4, 10.15, 8.352, 4.978, 2.466, 3.839, 5.673, 5.488, 4.595, 4.323, 4.446, 4.974, 5.131, 5.231, 5.495, 5.303, 5.734, 5.908, 5.881, 5.387, 4.879, 4.647, 4.86, 5.206, 5.228, 5.406, 5.924, 6.277, 6.132, 6.056, 6.12, 5.645, 4.218, 3.01, 3.658, 4.808, 3.819, 3.816, 8.772, 12.494, 11.41, 10.095, 9.633, 8.566, 7.116, 7.17, 7.778, 8.423, 9.249, 8.888, 7.533, 6.348, 5.931, 6.258, 5.782, 5.664, 4.861, 4.119, 3.722, 3.469], [4.478, 3.104, 5.109, 6.638, 7.371, 8.402, 9.27, 10.304, 10.828, 10.606, 10.08, 10.16, 10.892, 10.844, 10.115, 10.086, 10.635, 11.36, 11.443, 11.461, 11.547, 11.926, 12.281, 12.16, 12.204, 12.07, 12.64, 13.218, 12.415, 10.146, 6.885, 3.392, 1.412, 0.0, 1.569, 4.724, 9.82, 13.677, 13.918, 13.16, 14.301, 16.922, 18.88, 18.686, 17.349, 16.77, 18.335, 19.822, 19.1, 18.288, 17.04, 15.369, 14.648, 15.552, 17.884, 19.851, 20.681, 20.8, 21.09, 21.517, 20.458, 19.766, 20.506, 20.969, 20.909, 20.405, 20.088, 19.885, 18.4, 16.488, 16.617, 16.485, 14.415, 12.815, 12.002, 12.188, 13.53, 14.481, 13.921, 13.073, 13.7, 15.031, 15.195, 14.242, 13.638, 13.862, 14.798, 15.505, 16.652, 17.331, 16.684, 15.862, 15.661, 15.713, 14.91, 13.972, 12.38, 10.695, 9.604, 9.3, 7.774, 4.864, 2.337, 4.67, 6.531, 6.331, 5.223, 4.507, 5.095, 5.551, 5.417, 5.392, 5.754, 5.74, 6.363, 6.568, 6.431, 5.893, 5.023, 4.881, 5.383, 5.922, 6.027, 6.259, 6.847, 7.211, 7.045, 6.98, 6.987, 6.528, 5.031, 3.774, 4.493, 5.735, 4.892, 4.522, 8.865, 12.263, 10.817, 10.128, 9.809, 8.924, 7.501, 7.25, 7.901