[[0.0, 1.252, 2.798, 3.429, 3.335, 3.957, 5.555, 6.567, 9.924, 13.005, 15.653, 18.971, 21.446, 18.744, 20.424, 22.795, 23.635, 16.586, 8.629, 12.002, 8.412, 6.532, 1.932, 1.735, 2.816, 4.63, 6.243, 7.583, 8.703, 9.283, 10.056, 11.722, 11.218, 9.263, 12.605, 13.414, 10.881, 14.744, 15.612, 9.555, 3.209, 4.626, 5.431, 4.689, 7.187, 5.878, 5.004, 4.518, 4.632, 5.223, 6.391, 7.036, 7.583], [1.252, 0.0, 3.492, 3.489, 2.871, 3.438, 5.058, 6.045, 9.159, 12.273, 14.876, 18.246, 20.704, 17.981, 19.66, 22.087, 22.922, 15.824, 7.905, 11.313, 7.755, 5.838, 1.577, 2.021, 3.506, 5.318, 6.943, 8.282, 9.424, 10.024, 10.796, 12.438, 11.945, 10.117, 13.335, 14.303, 11.654, 15.449, 16.404, 10.244, 4.035, 4.049, 4.746, 4.219, 6.534, 5.21, 4.534, 4.691, 5.062, 5.826, 7.324, 7.983, 8.486], [2.798, 3.492, 0.0, 2.698, 3.944, 5.401, 7.715, 8.528, 12.103, 15.229, 17.831, 21.097, 23.558, 20.911, 22.632, 24.946, 25.655, 19.068, 10.925, 14.299, 10.658, 8.752, 3.973, 2.626, 2.751, 3.267, 4.124, 5.421, 6.424, 7.004, 7.765, 9.416, 8.999, 7.198, 10.454, 11.271, 8.513, 12.327, 13.378, 7.262, 3.081, 7.21, 7.852, 6.879, 9.783, 8.46, 7.449, 5.848, 5.377, 5.825, 5.39, 6.47, 6.629], [3.429, 3.489, 2.698, 0.0, 3.434, 4.983, 7.439, 8.372, 11.897, 15.022, 17.549, 20.884, 23.337, 20.678, 22.431, 24.715, 25.38, 18.63, 10.796, 14.145, 10.522, 8.604, 4.109, 4.579, 4.397, 4.673, 5.368, 6.104, 6.851, 7.302, 8.084, 9.673, 9.374, 8.095, 11.266, 12.098, 9.398, 12.85, 13.86, 7.325, 4.682, 7.313, 7.765, 7.343, 9.521, 8.221, 7.648, 7.794, 7.844, 8.383, 7.767, 8.78, 8.885], [3.335, 2.871, 3.944, 3.434, 0.0, 1.859, 4.165, 5.177, 8.71, 11.854, 14.422, 17.744, 20.211, 17.529, 19.244, 21.576, 22.324, 15.399, 7.548, 10.866, 7.213, 5.324, 2.587, 3.881, 5.272, 6.2, 7.433, 8.722, 9.844, 10.472, 11.217, 12.828, 12.295, 10.309, 13.746, 14.452, 12.01, 15.907, 16.888, 10.636, 4.858, 5.251, 5.002, 5.815, 6.416, 5.222, 5.988, 6.969, 7.327, 8.095, 8.066, 9.039, 9.19], [3.957, 3.438, 5.401, 4.983, 1.859, 0.0, 2.589, 3.653, 7.097, 10.242, 12.792, 16.141, 18.591, 15.923, 17.656, 19.988, 20.735, 13.9, 6.003, 9.29, 5.617, 3.746, 2.736, 4.407, 6.322, 7.438, 8.926, 10.289, 11.373, 11.98, 12.746, 14.373, 13.894, 11.855, 15.342, 16.072, 13.516, 17.406, 18.367, 12.216, 5.755, 4.439, 4.135, 5.157, 5.366, 4.366, 5.418, 6.809, 7.532, 8.182, 8.816, 9.622, 10.023], [5.555, 5.058, 7.715, 7.439, 4.165, 2.589, 0.0, 1.332, 4.666, 7.778, 10.365, 13.713, 16.175, 13.501, 15.207, 17.548, 18.366, 11.561, 4.465, 6.809, 3.382, 1.936, 4.072, 5.701, 8.088, 9.81, 11.354, 12.768, 13.875, 14.47, 15.238, 16.861, 16.365, 14.273, 17.763, 18.471, 15.988, 19.874, 20.838, 14.714, 7.723, 4.446, 3.955, 5.189, 4.776, 4.372, 5.462, 7.115, 8.103, 8.692, 10.582, 11.211, 11.81], [6.567, 6.045, 8.528, 8.372, 5.177, 3.653, 1.332, 0.0, 3.669, 6.754, 9.404, 12.684, 15.148, 12.508, 14.174, 16.527, 17.329, 10.799, 4.291, 5.876, 2.843, 2.155, 4.997, 6.477, 9.102, 10.821, 12.306, 13.71, 14.82, 15.413, 16.204, 17.835, 17.382, 15.32, 18.752, 19.487, 16.919, 20.798, 21.807, 15.637, 8.81, 5.123, 4.509, 5.558, 5.245, 5.015, 6.081, 7.995, 8.977, 9.394, 11.443, 12.135, 12.702], [9.924, 9.159, 12.103, 11.897, 8.71, 7.097, 4.666, 3.669, 0.0, 3.287, 5.857, 9.251, 11.755, 9.057, 10.654, 13.076, 13.976, 7.801, 3.66, 2.868, 2.778, 3.635, 8.391, 9.849, 12.492, 14.289, 15.834, 17.235, 18.353, 18.954, 19.739, 21.376, 20.903, 18.816, 22.311, 23.013, 20.477, 24.358, 25.35, 19.156, 11.94, 6.21, 5.259, 5.942, 4.559, 5.277, 6.633, 8.706, 10.163, 10.614, 14.732, 14.845, 15.64], [13.005, 12.273, 15.229, 15.022, 11.854, 10.242, 7.778, 6.754, 3.287, 0.0, 2.848, 6.118, 8.615, 5.958, 7.499, 9.93, 10.841, 5.519, 5.025, 2.901, 5.523, 6.744, 11.491, 12.957, 15.521, 17.404, 18.974, 20.363, 21.483, 22.075, 22.858, 24.512, 24.054, 21.964, 25.451, 26.159, 23.621, 27.493, 28.489, 22.237, 15.085, 9.106, 8.011, 8.906, 6.59, 7.998, 9.054, 11.301, 13.185, 13.472, 17.862, 18.0, 18.823], [15.653, 14.876, 17.831, 17.549, 14.422, 12.792, 10.365, 9.404, 5.857, 2.848, 0.0, 3.548, 6.041, 3.469, 4.973, 7.321, 8.393, 4.568, 7.518, 4.593, 7.818, 9.391, 14.149, 15.648, 18.196, 19.99, 21.511, 22.876, 23.987, 24.575, 25.353, 27.018, 26.546, 24.501, 28.019, 28.689, 26.196, 30.031, 30.976, 24.725, 17.684, 11.607, 10.62, 11.561, 9.084, 10.534, 11.598, 13.85, 15.764, 16.113, 20.502, 20.55, 21.321], [18.971, 18.246, 21.097, 20.884, 17.744, 16.141, 13.713, 12.684, 9.251, 6.118, 3.548, 0.0, 2.841, 1.712, 1.883, 3.941, 5.088, 4.308, 10.793, 7.561, 11.022, 12.692, 17.443, 18.944, 21.48, 23.33, 24.836, 26.201, 27.309, 27.885, 28.66, 30.341, 29.863, 27.837, 31.349, 32.03, 29.498, 33.315, 34.27, 27.997, 21.049, 14.989, 14.067, 14.866, 12.485, 13.976, 14.944, 17.243, 19.18, 19.44, 23.809, 23.932, 24.671], [21.446, 20.704, 23.558, 23.337, 20.211, 18.591, 16.175, 15.148, 11.755, 8.615, 6.041, 2.841, 0.0, 2.945, 2.526, 1.87, 2.98, 5.672, 13.37, 9.995, 13.586, 15.193, 19.915, 21.426, 23.935, 25.785, 27.299, 28.665, 29.755, 30.324, 31.094, 32.777, 32.31, 30.286, 33.807, 34.488, 31.957, 35.738, 36.69, 30.415, 23.514, 17.483, 16.515, 17.401, 15.017, 16.444, 17.414, 19.687, 21.661, 21.953, 26.277, 26.405, 27.158], [18.744, 17.981, 20.911, 20.678, 17.529, 15.923, 13.501, 12.508, 9.057, 5.958, 3.469, 1.712, 2.945, 0.0, 2.359, 4.274, 5.319, 4.48, 10.69, 7.32, 11.047, 12.48, 17.218, 18.721, 21.254, 23.1, 24.629, 25.999, 27.11, 27.703, 28.473, 30.15, 29.672, 27.634, 31.139, 31.837, 29.287, 33.126, 34.101, 27.823, 20.805, 14.707, 13.758, 14.73, 12.236, 13.705, 14.662, 16.911, 18.928, 19.204, 23.623, 23.756, 24.567], [20.424, 19.66, 22.632, 22.431, 19.244, 17.656, 15.207, 14.174, 10.654, 7.499, 4.973, 1.883, 2.526, 2.359, 0.0, 3.314, 5.33, 5.123, 12.092, 8.695, 12.322, 14.095, 18.922, 20.391, 22.926, 24.821, 26.36, 27.748, 28.881, 29.468, 30.245, 31.909, 31.429, 29.369, 32.864, 33.567, 31.031, 34.892, 35.873, 29.61, 22.481, 16.303, 15.403, 16.216, 13.786, 15.303, 16.242, 18.49, 20.538, 20.787, 25.313, 25.379, 26.133], [22.795, 22.087, 24.946, 24.715, 21.576, 19.988, 17.548, 16.527, 13.076, 9.93, 7.321, 3.941, 1.87, 4.274, 3.314, 0.0, 2.217, 6.75, 14.609, 11.297, 14.711, 16.505, 21.274, 22.775, 25.296, 27.177, 28.682, 30.037, 31.139, 31.72, 32.492, 34.172, 33.693, 31.671, 35.191, 35.866, 33.337, 37.143, 38.096, 31.825, 24.864, 18.788, 17.842, 18.69, 16.28, 17.752, 18.703, 21.032, 22.994, 23.245, 27.655, 27.764, 28.496], [23.635, 22.922, 25.655, 25.38, 22.324, 20.735, 18.366, 17.329, 13.976, 10.841, 8.393, 5.088, 2.98, 5.319, 5.33, 2.217, 0.0, 7.817, 15.573, 12.251, 15.814, 17.401, 22.101, 23.623, 26.135, 27.943, 29.409, 30.732, 31.793, 32.355, 33.129, 34.779, 34.305, 32.36, 35.893, 36.549, 34.022, 37.713, 38.658, 32.404, 25.684, 19.687, 18.783, 19.581, 17.256, 18.708, 19.68, 21.938, 23.9, 24.156, 28.419, 28.552, 29.313], [16.586, 15.824, 19.068, 18.63, 15.399, 13.9, 11.561, 10.799, 7.801, 5.519, 4.568, 4.308, 5.672, 4.48, 5.123, 6.75, 7.817, 0.0, 9.225, 6.619, 10.123, 11.022, 15.27, 16.86, 19.079, 21.009, 22.627, 23.907, 25.073, 25.667, 26.462, 28.082, 27.605, 25.566, 28.926, 29.652, 27.312, 31.196, 32.084, 25.774, 18.479, 12.544, 12.054, 13.116, 10.399, 11.848, 13.258, 15.082, 17.175, 17.791, 21.943, 22.319, 23.037], [8.629, 7.905, 10.925, 10.796, 7.548, 6.003, 4.465, 4.291, 3.66, 5.025, 7.518, 10.793, 13.37, 10.69, 12.092, 14.609, 15.573, 9.225, 0.0, 3.671, 2.92, 2.816, 7.088, 8.502, 11.182, 13.094, 14.681, 16.104, 17.225, 17.825, 18.602, 20.226, 19.713, 17.568, 21.111, 21.774, 19.261, 23.188, 24.197, 18.055, 10.626, 4.439, 3.437, 4.214, 2.258, 3.413, 4.593, 6.624, 8.568, 8.804, 13.413, 13.55, 14.384], [12.002, 11.313, 14.299, 14.145, 10.866, 9.29, 6.809, 5.876, 2.868, 2.901, 4.593, 7.561, 9.995, 7.32, 8.695, 11.297, 12.251, 6.619, 3.671, 0.0, 4.157, 5.638, 10.488, 11.935, 14.558, 16.467, 18.047, 19.467, 20.591, 21.194, 21.97, 23.602, 23.09, 20.952, 24.5, 25.159, 22.655, 26.569, 27.582, 21.42, 14.023, 7.815, 6.815, 7.678, 5.361, 6.81, 7.704, 9.917, 11.996, 12.208, 16.856, 16.957, 17.807], [8.412, 7.755, 10.658, 10.522, 7.213, 5.617, 3.382, 2.843, 2.778, 5.523, 7.818, 11.022, 13.586, 11.047, 12.322, 14.711, 15.814, 10.123, 2.92, 4.157, 0.0, 2.027, 6.813, 8.318, 10.955, 12.835, 14.419, 15.843, 16.964, 17.559, 18.332, 19.957, 19.444, 17.286, 20.842, 21.491, 18.995, 22.929, 23.931, 17.797, 10.322, 5.138, 3.71, 4.959, 3.975, 3.909, 4.829, 7.374, 8.787, 8.823, 13.117, 13.156, 13.973], [6.532, 5.838, 8.752, 8.604, 5.324, 3.746, 1.936, 2.155, 3.635, 6.744, 9.391, 12.692, 15.193, 12.48, 14.095, 16.505, 17.401, 11.022, 2.816, 5.638, 2.027, 0.0, 4.907, 6.415, 9.053, 10.916, 12.499, 13.924, 15.046, 15.657, 16.429, 18.043, 17.527, 15.397, 18.94, 19.625, 17.091, 21.016, 22.034, 15.885, 8.452, 3.879, 2.84, 3.99, 3.537, 3.201, 4.258, 6.081, 7.145, 7.364, 11.357, 11.52, 12.347], [1.932, 1.577, 3.973, 4.109, 2.587, 2.736, 4.072, 4.997, 8.391, 11.491, 14.149, 17.443, 19.915, 17.218, 18.922, 21.274, 22.101, 15.27, 7.088, 10.488, 6.813, 4.907, 0.0, 1.964, 4.335, 6.068, 7.66, 9.086, 10.206, 10.802, 11.573, 13.184, 12.67, 10.534, 14.089, 14.785, 12.215, 16.144, 17.182, 11.035, 3.91, 3.698, 4.051, 3.804, 5.968, 4.643, 4.199, 4.704, 5.072, 5.642, 6.935, 7.588, 8.194], [1.735, 2.021, 2.626, 4.579, 3.881, 4.407, 5.701, 6.477, 9.849, 12.957, 15.648, 18.944, 21.426, 18.721, 20.391, 22.775, 23.623, 16.86, 8.502, 11.935, 8.318, 6.415, 1.964, 0.0, 2.837, 4.727, 6.337, 7.759, 8.88, 9.463, 10.226, 11.864, 11.338, 9.195, 12.676, 13.343, 10.826, 14.754, 15.753, 9.722, 2.944, 4.894, 5.442, 4.427, 7.358, 6.042, 5.0, 3.687, 3.793, 4.316, 5.505, 6.145, 6.744], [2.816, 3.506, 2.751, 4.397, 5.272, 6.322, 8.088, 9.102, 12.492, 15.521, 18.196, 21.48, 23.935, 21.254, 22.926, 25.296, 26.135, 19.079, 11.182, 14.558, 10.955, 9.053, 4.335, 2.837, 0.0, 2.134, 3.748, 5.066, 6.237, 6.812, 7.591, 9.242, 8.868, 7.159, 10.314, 11.309, 8.651, 12.301, 13.305, 7.095, 2.722, 7.196, 8.013, 7.154, 9.818, 8.504, 7.484, 5.378, 3.706, 4.164, 4.526, 5.171, 5.619], [4.63, 5.318, 3.267, 4.673, 6.2, 7.438, 9.81, 10.821, 14.289, 17.404, 19.99, 23.33, 25.785, 23.1, 24.821, 27.177, 27.943, 21.009, 13.094, 16.467, 12.835, 10.916, 6.068, 4.727, 2.134, 0.0, 1.724, 3.079, 4.23, 4.836, 5.632, 7.229, 6.85, 5.209, 8.424, 9.472, 6.766, 10.444, 11.496, 5.348, 3.233, 9.114, 9.941, 9.096, 11.756, 10.444, 9.431, 7.315, 5.122, 5.161, 3.545, 4.347, 4.398], [6.243, 6.943, 4.124, 5.368, 7.433, 8.926, 11.354, 12.306, 15.834, 18.974, 21.511, 24.836, 27.299, 24.629, 26.36, 28.682, 29.409, 22.627, 14.681, 18.047, 14.419, 12.499, 7.66, 6.337, 3.748, 1.724, 0.0, 1.562, 2.693, 3.4, 4.154, 5.776, 5.46, 4.069, 7.289, 8.38, 5.592, 9.147, 10.204, 4.285, 4.601, 10.751, 11.549, 10.707, 13.406, 12.095, 11.092, 8.846, 6.646, 6.489, 3.448, 4.389, 4.401], [7.583, 8.282, 5.421, 6.104, 8.722, 10.289, 12.768, 13.71, 17.235, 20.363, 22.876, 26.201, 28.665, 25.999, 27.748, 30.037, 30.732, 23.907, 16.104, 19.467, 15.843, 13.924, 9.086, 7.759, 5.066, 3.079, 1.562, 0.0, 1.39, 2.079, 2.89, 4.583, 4.212, 3.087, 6.31, 7.245, 4.603, 8.034, 8.935, 3.737, 5.814, 12.032, 12.972, 12.129, 14.684, 13.362, 12.391, 10.129, 7.989, 7.882, 3.608, 4.286, 4.129], [8.703, 9.424, 6.424, 6.851, 9.844, 11.373, 13.875, 14.82, 18.353, 21.483, 23.987, 27.309, 29.755, 27.11, 28.881, 31.139, 31.793, 25.073, 17.225, 20.591, 16.964, 15.046, 10.206, 8.88, 6.237, 4.23, 2.693, 1.39, 0.0, 0.878, 1.717, 3.403, 3.077, 2.329, 5.66, 6.475, 3.855, 6.91, 7.769, 3.26, 6.957, 13.181, 14.082, 13.26, 15.836, 14.494, 13.559, 11.256, 9.125, 8.97, 4.421, 4.887, 4.526], [9.283, 10.024, 7.004, 7.302, 10.472, 11.98, 14.47, 15.413, 18.954, 22.075, 24.575, 27.885, 30.324, 27.703, 29.468, 31.72, 32.355, 25.667, 17.825, 21.194, 17.559, 15.657, 10.802, 9.463, 6.812, 4.836, 3.4, 2.079, 0.878, 0.0, 1.107, 2.89, 2.597, 2.282, 5.405, 6.107, 3.642, 6.282, 7.091, 3.117, 7.556, 13.773, 14.665, 13.845, 16.423, 15.085, 14.151, 11.846, 9.724, 9.523, 4.893, 5.166, 4.724], [10.056, 10.796, 7.765, 8.084, 11.217, 12.746, 15.238, 16.204, 19.739, 22.858, 25.353, 28.66, 31.094, 28.473, 30.245, 32.492, 33.129, 26.462, 18.602, 21.97, 18.332, 16.429, 11.573, 10.226, 7.591, 5.632, 4.154, 2.89, 1.717, 1.107, 0.0, 2.101, 1.88, 1.812, 4.631, 5.282, 3.037, 5.447, 6.21, 3.396, 8.347, 14.559, 15.438, 14.606, 17.211, 15.886, 14.926, 12.588, 10.469, 10.265, 5.586, 5.718, 5.081], [11.722, 12.438, 9.416, 9.673, 12.828, 14.373, 16.861, 17.835, 21.376, 24.512, 27.018, 30.341, 32.777, 30.15, 31.909, 34.172, 34.779, 28.082, 20.226, 23.602, 19.957, 18.043, 13.184, 11.864, 9.242, 7.229, 5.776, 4.583, 3.403, 2.89, 2.101, 0.0, 0.996, 2.785, 3.303, 3.843, 1.999, 3.658, 4.594, 4.413, 9.981, 16.184, 17.074, 16.238, 18.835, 17.527, 16.519, 14.209, 12.073, 11.881, 7.154, 7.231, 6.493], [11.218, 11.945, 8.999, 9.374, 12.295, 13.894, 16.365, 17.382, 20.903, 24.054, 26.546, 29.863, 32.31, 29.672, 31.429, 33.693, 34.305, 27.605, 19.713, 23.09, 19.444, 17.527, 12.67, 11.338, 8.868, 6.85, 5.46, 4.212, 3.077, 2.597, 1.88, 0.996, 0.0, 2.298, 3.26, 3.873, 1.85, 4.076, 5.0, 4.346, 9.406, 15.637, 16.554, 15.713, 18.277, 16.931, 15.981, 13.7, 11.577, 11.42, 6.685, 6.766, 5.987], [9.263, 10.117, 7.198, 8.095, 10.309, 11.855, 14.273, 15.32, 18.816, 21.964, 24.501, 27.837, 30.286, 27.634, 29.369, 31.671, 32.36, 25.566, 17.568, 20.952, 17.286, 15.397, 10.534, 9.195, 7.159, 5.209, 4.069, 3.087, 2.329, 2.282, 1.812, 2.785, 2.298, 0.0, 4.073, 4.649, 2.242, 6.036, 6.991, 4.807, 7.328, 13.511, 14.377, 13.555, 16.151, 14.843, 13.877, 11.61, 9.48, 9.285, 4.618, 4.853, 4.115], [12.605, 13.335, 10.454, 11.266, 13.746, 15.342, 17.763, 18.752, 22.311, 25.451, 28.019, 31.349, 33.807, 31.139, 32.864, 35.191, 35.893, 28.926, 21.111, 24.5, 20.842, 18.94, 14.089, 12.676, 10.314, 8.424, 7.289, 6.31, 5.66, 5.405, 4.631, 3.303, 3.26, 4.073, 0.0, 1.419, 2.328, 3.06, 3.382, 7.079, 10.739, 16.955, 17.935, 17.052, 19.599, 18.232, 17.273, 14.977, 12.867, 12.697, 7.97, 7.988, 7.186], [13.414, 14.303, 11.271, 12.098, 14.452, 16.072, 18.471, 19.487, 23.013, 26.159, 28.689, 32.03, 34.488, 31.837, 33.567, 35.866, 36.549, 29.652, 21.774, 25.159, 21.491, 19.625, 14.785, 13.343, 11.309, 9.472, 8.38, 7.245, 6.475, 6.107, 5.282, 3.843, 3.873, 4.649, 1.419, 0.0, 2.963, 2.916, 2.763, 7.238, 11.446, 17.611, 18.58, 17.696, 20.21, 18.877, 17.946, 15.611, 13.503, 13.33, 8.6, 8.622, 7.826], [10.881, 11.654, 8.513, 9.398, 12.01, 13.516, 15.988, 16.919, 20.477, 23.621, 26.196, 29.498, 31.957, 29.287, 31.031, 33.337, 34.022, 27.312, 19.261, 22.655, 18.995, 17.091, 12.215, 10.826, 8.651, 6.766, 5.592, 4.603, 3.855, 3.642, 3.037, 1.999, 1.85, 2.242, 2.328, 2.963, 0.0, 4.078, 5.076, 5.93, 9.182, 15.341, 16.097, 15.192, 17.955, 16.637, 15.603, 13.27, 11.097, 10.813, 6.083, 6.16, 5.413], [14.744, 15.449, 12.327, 12.85, 15.907, 17.406, 19.874, 20.798, 24.358, 27.493, 30.031, 33.315, 35.738, 33.126, 34.892, 37.143, 37.713, 31.196, 23.188, 26.569, 22.929, 21.016, 16.144, 14.754, 12.301, 10.444, 9.147, 8.034, 6.91, 6.282, 5.447, 3.658, 4.076, 6.036, 3.06, 2.916, 4.078, 0.0, 1.701, 6.741, 13.069, 19.25, 20.015, 19.12, 21.894, 20.573, 19.537, 17.188, 14.987, 14.715, 9.973, 10.05, 9.312], [15.612, 16.404, 13.378, 13.86, 16.888, 18.367, 20.838, 21.807, 25.35, 28.489, 30.976, 34.27, 36.69, 34.101, 35.873, 38.096, 38.658, 32.084, 24.197, 27.582, 23.931, 22.034, 17.182, 15.753, 13.305, 11.496, 10.204, 8.935, 7.769, 7.091, 6.21, 4.594, 5.0, 6.991, 3.382, 2.763, 5.076, 1.701, 0.0, 7.372, 13.968, 20.108, 21.009, 20.111, 22.743, 21.405, 20.42, 18.074, 15.954, 15.721, 10.986, 11.016, 10.275], [9.555, 10.244, 7.262, 7.325, 10.636, 12.216, 14.714, 15.637, 19.156, 22.237, 24.725, 27.997, 30.415, 27.823, 29.61, 31.825, 32.404, 25.774, 18.055, 21.42, 17.797, 15.885, 11.035, 9.722, 7.095, 5.348, 4.285, 3.737, 3.26, 3.117, 3.396, 4.413, 4.346, 4.807, 7.079, 7.238, 5.93, 6.741, 7.372, 0.0, 7.745, 13.949, 14.914, 14.097, 16.595, 15.283, 14.35, 12.098, 10.153, 10.148, 6.94, 7.701, 7.369], [3.209, 4.035, 3.081, 4.682, 4.858, 5.755, 7.723, 8.81, 11.94, 15.085, 17.684, 21.049, 23.514, 20.805, 22.481, 24.864, 25.684, 18.479, 10.626, 14.023, 10.322, 8.452, 3.91, 2.944, 2.722, 3.233, 4.601, 5.814, 6.957, 7.556, 8.347, 9.981, 9.406, 7.328, 10.739, 11.446, 9.182, 13.069, 13.968, 7.745, 0.0, 6.435, 7.403, 6.585, 9.003, 7.586, 6.841, 5.425, 4.427, 4.715, 4.305, 4.799, 5.23], [4.626, 4.049, 7.21, 7.313, 5.251, 4.439, 4.446, 5.123, 6.21, 9.106, 11.607, 14.989, 17.483, 14.707, 16.303, 18.788, 19.687, 12.544, 4.439, 7.815, 5.138, 3.879, 3.698, 4.894, 7.196, 9.114, 10.751, 12.032, 13.181, 13.773, 14.559, 16.184, 15.637, 13.511, 16.955, 17.611, 15.341, 19.25, 20.108, 13.949, 6.435, 0.0, 1.847, 1.949, 2.701, 1.966, 2.132, 3.624, 5.081, 5.883, 9.834, 10.173, 10.877], [5.431, 4.746, 7.852, 7.765, 5.002, 4.135, 3.955, 4.509, 5.259, 8.011, 10.62, 14.067, 16.515, 13.758, 15.403, 17.842, 18.783, 12.054, 3.437, 6.815, 3.71, 2.84, 4.051, 5.442, 8.013, 9.941, 11.549, 12.972, 14.082, 14.665, 15.438, 17.074, 16.554, 14.377, 17.935, 18.58, 16.097, 20.015, 21.009, 14.914, 7.403, 1.847, 0.0, 1.934, 2.086, 1.201, 1.903, 4.063, 5.57, 5.871, 10.373, 10.563, 11.417], [4.689, 4.219, 6.879, 7.343, 5.815, 5.157, 5.189, 5.558, 5.942, 8.906, 11.561, 14.866, 17.401, 14.73, 16.216, 18.69, 19.581, 13.116, 4.214, 7.678, 4.959, 3.99, 3.804, 4.427, 7.154, 9.096, 10.707, 12.129, 13.26, 13.845, 14.606, 16.238, 15.713, 13.555, 17.052, 17.696, 15.192, 19.12, 20.111, 14.097, 6.585, 1.949, 1.934, 0.0, 3.115, 2.213, 1.743, 3.281, 4.563, 5.067, 9.228, 9.441, 10.24], [7.187, 6.534, 9.783, 9.521, 6.416, 5.366, 4.776, 5.245, 4.559, 6.59, 9.084, 12.485, 15.017, 12.236, 13.786, 16.28, 17.256, 10.399, 2.258, 5.361, 3.975, 3.537, 5.968, 7.358, 9.818, 11.756, 13.406, 14.684, 15.836, 16.423, 17.211, 18.835, 18.277, 16.151, 19.599, 20.21, 17.955, 21.894, 22.743, 16.595, 9.003, 2.701, 2.086, 3.115, 0.0, 1.845, 3.293, 5.161, 7.069, 7.61, 12.201, 12.234, 13.032], [5.878, 5.21, 8.46, 8.221, 5.222, 4.366, 4.372, 5.015, 5.277, 7.998, 10.534, 13.976, 16.444, 13.705, 15.303, 17.752, 18.708, 11.848, 3.413, 6.81, 3.909, 3.201, 4.643, 6.042, 8.504, 10.444, 12.095, 13.362, 14.494, 15.085, 15.886, 17.527, 16.931, 14.843, 18.232, 18.877, 16.637, 20.573, 21.405, 15.283, 7.586, 1.966, 1.201, 2.213, 1.845, 0.0, 2.036, 4.302, 5.921, 6.354, 10.893, 10.982, 11.779], [5.004, 4.534, 7.449, 7.648, 5.988, 5.418, 5.462, 6.081, 6.633, 9.054, 11.598, 14.944, 17.414, 14.662, 16.242, 18.703, 19.68, 13.258, 4.593, 7.704, 4.829, 4.258, 4.199, 5.0, 7.484, 9.431, 11.092, 12.391, 13.559, 14.151, 14.926, 16.519, 15.981, 13.877, 17.273, 17.946, 15.603, 19.537, 20.42, 14.35, 6.841, 2.132, 1.903, 1.743, 3.293, 2.036, 0.0, 2.868, 4.756, 5.067, 9.693, 9.695, 10.495], [4.518, 4.691, 5.848, 7.794, 6.969, 6.809, 7.115, 7.995, 8.706, 11.301, 13.85, 17.243, 19.687, 16.911, 18.49, 21.032, 21.938, 15.082, 6.624, 9.917, 7.374, 6.081, 4.704, 3.687, 5.378, 7.315, 8.846, 10.129, 11.256, 11.846, 12.588, 14.209, 13.7, 11.61, 14.977, 15.611, 13.27, 17.188, 18.074, 12.098, 5.425, 3.624, 4.063, 3.281, 5.161, 4.302, 2.868, 0.0, 2.391, 2.861, 7.481, 7.534, 8.339], [4.632, 5.062, 5.377, 7.844, 7.327, 7.532, 8.103, 8.977, 10.163, 13.185, 15.764, 19.18, 21.661, 18.928, 20.538, 22.994, 23.9, 17.175, 8.568, 11.996, 8.787, 7.145, 5.072, 3.793, 3.706, 5.122, 6.646, 7.989, 9.125, 9.724, 10.469, 12.073, 11.577, 9.48, 12.867, 13.503, 11.097, 14.987, 15.954, 10.153, 4.427, 5.081, 5.57, 4.563, 7.069, 5.921, 4.756, 2.391, 0.0, 1.117, 5.164, 5.263, 6.082], [5.223, 5.826, 5.825, 8.383, 8.095, 8.182, 8.692, 9.394, 10.614, 13.472, 16.113, 19.44, 21.953, 19.204, 20.787, 23.245, 24.156, 17.791, 8.804, 12.208, 8.823, 7.364, 5.642, 4.316, 4.164, 5.161, 6.489, 7.882, 8.97, 9.523, 10.265, 11.881, 11.42, 9.285, 12.697, 13.33, 10.813, 14.715, 15.721, 10.148, 4.715, 5.883, 5.871, 5.067, 7.61, 6.354, 5.067, 2.861, 1.117, 0.0, 4.825, 4.929, 5.817], [6.391, 7.324, 5.39, 7.767, 8.066, 8.816, 10.582, 11.443, 14.732, 17.862, 20.502, 23.809, 26.277, 23.623, 25.313, 27.655, 28.419, 21.943, 13.413, 16.856, 13.117, 11.357, 6.935, 5.505, 4.526, 3.545, 3.448, 3.608, 4.421, 4.893, 5.586, 7.154, 6.685, 4.618, 7.97, 8.6, 6.083, 9.973, 10.986, 6.94, 4.305, 9.834, 10.373, 9.228, 12.201, 10.893, 9.693, 7.481, 5.164, 4.825, 0.0, 1.283, 1.641], [7.036, 7.983, 6.47, 8.78, 9.039, 9.622, 11.211, 12.135, 14.845, 18.0, 20.55, 23.932, 26.405, 23.756, 25.379, 27.764, 28.552, 22.319, 13.55, 16.957, 13.156, 11.52, 7.588, 6.145, 5.171, 4.347, 4.389, 4.286, 4.887, 5.166, 5.718, 7.231, 6.766, 4.853, 7.988, 8.622, 6.16, 10.05, 11.016, 7.701, 4.799, 10.173, 10.563, 9.441, 12.234, 10.982, 9.695, 7.534, 5.263, 4.929, 1.283, 0.0, 0.981], [7.583, 8.486, 6.629, 8.885, 9.19, 10.023, 11.81, 12.702, 15.64, 18.823, 21.321, 24.671, 27.158, 24.567, 26.133, 28.496, 29.313, 23.037, 14.384, 17.807, 13.973, 12.347, 8.194, 6.744, 5.619, 4.398, 4.401, 4.129, 4.526, 4.724, 5.081, 6.493, 5.987, 4.115, 7.186, 7.826, 5.413, 9.312, 10.275, 7.369, 5.23, 10.877, 11.417, 10.24, 13.032, 11.779, 10.495, 8.339, 6.082, 5.817, 1.641, 0.981, 0.0]]