[[0.0, 1.512, 1.796, 3.374, 4.344, 3.296, 2.558, 1.99, 2.412, 2.148, 1.709, 1.472, 1.434, 1.905, 2.769, 2.792, 3.12, 3.183, 2.666, 2.471, 1.583, 3.471, 5.448, 6.743, 4.812, 4.027, 5.333, 5.754, 4.262, 4.065, 3.471, 4.319, 5.117, 4.065, 3.435, 4.636, 5.556, 4.517, 3.751, 3.58, 2.93, 1.976, 2.135, 2.859, 2.751, 3.693, 5.296, 3.397, 7.712, 11.514, 12.981, 12.442, 11.622, 11.91, 13.184, 13.747, 14.638, 14.972, 14.164, 13.846, 14.223, 15.775, 16.744, 17.056, 17.183, 18.192, 18.436, 17.27, 16.079, 13.906, 11.556, 13.156, 15.644, 16.779, 13.772, 9.529, 7.707, 7.962, 8.303, 7.57, 7.111, 7.168, 7.232, 8.559, 8.535, 8.309, 8.743, 9.667, 8.81, 6.627, 3.197, 1.667, 2.506, 3.957, 2.391, 4.309, 5.681, 5.661, 6.304, 7.373, 8.569, 7.754, 8.018, 9.613, 10.6, 10.991, 10.004, 7.631, 5.781, 4.046, 3.243, 2.781, 3.09, 3.381, 2.901, 1.919, 2.346, 5.124, 4.992, 4.082, 5.26, 5.601, 4.453, 4.387, 5.006, 6.156, 6.37, 7.613, 7.789, 7.629, 6.019, 5.239, 4.289, 3.921, 4.329, 4.287, 3.393, 4.372, 4.226, 3.698, 2.963, 2.278, 2.844, 4.415, 4.504, 5.086], [1.512, 0.0, 1.32, 2.34, 3.28, 2.303, 1.834, 1.607, 2.341, 2.223, 1.88, 1.958, 2.069, 2.18, 2.789, 2.712, 3.042, 2.907, 2.738, 2.612, 2.271, 4.618, 6.616, 7.9, 5.971, 4.808, 5.802, 5.544, 4.019, 3.371, 2.692, 3.583, 4.326, 3.122, 3.365, 5.646, 6.672, 5.524, 4.814, 4.479, 3.896, 2.733, 3.07, 3.65, 3.642, 4.856, 6.424, 3.122, 6.789, 10.448, 11.836, 11.349, 10.421, 10.732, 11.999, 12.58, 13.463, 13.819, 13.005, 12.7, 13.056, 14.592, 15.589, 15.879, 15.992, 17.037, 17.242, 16.019, 14.882, 12.698, 10.535, 11.984, 14.482, 15.547, 12.618, 8.277, 6.549, 6.768, 7.153, 6.411, 5.861, 6.051, 6.051, 7.454, 7.415, 7.133, 7.842, 8.641, 7.862, 5.808, 2.723, 2.518, 3.522, 5.142, 3.065, 3.3, 4.532, 4.507, 5.122, 6.254, 7.387, 6.57, 6.932, 8.424, 9.442, 9.797, 8.808, 6.455, 4.972, 3.546, 2.72, 3.559, 4.039, 4.331, 3.237, 2.412, 3.379, 6.31, 6.138, 5.275, 6.383, 6.471, 4.9, 4.923, 5.597, 6.782, 6.463, 7.786, 7.981, 7.879, 6.135, 5.07, 4.044, 3.491, 3.871, 3.7, 2.762, 3.669, 3.584, 3.095, 2.621, 2.172, 2.419, 3.821, 3.832, 4.512], [1.796, 1.32, 0.0, 1.863, 2.827, 1.87, 1.427, 1.34, 2.262, 1.982, 1.513, 1.921, 2.003, 1.946, 2.077, 2.131, 2.528, 2.486, 2.522, 2.363, 2.135, 4.847, 6.897, 8.168, 6.225, 5.006, 5.936, 5.824, 4.042, 2.991, 2.292, 3.098, 3.814, 2.629, 3.187, 5.732, 6.782, 5.602, 4.909, 4.631, 3.985, 2.812, 3.187, 3.72, 3.614, 5.093, 6.556, 2.68, 6.316, 10.008, 11.403, 10.909, 10.02, 10.463, 11.742, 12.295, 13.07, 13.486, 12.738, 12.383, 12.708, 14.217, 15.269, 15.479, 15.605, 16.69, 16.971, 15.776, 14.588, 12.453, 10.127, 11.691, 14.178, 15.252, 12.258, 8.036, 6.278, 6.488, 6.88, 6.058, 5.642, 5.823, 5.718, 7.148, 7.147, 6.886, 7.386, 8.091, 7.418, 5.391, 2.878, 2.581, 3.77, 5.314, 3.288, 3.023, 4.159, 4.139, 4.796, 6.048, 7.008, 6.238, 6.622, 8.151, 9.16, 9.559, 8.56, 6.188, 4.561, 3.32, 3.089, 3.621, 4.121, 4.479, 3.457, 2.711, 3.455, 6.467, 6.373, 5.426, 6.538, 6.617, 5.183, 5.054, 5.733, 6.884, 6.792, 7.957, 8.115, 8.176, 6.592, 5.528, 4.382, 3.727, 4.252, 4.037, 2.878, 3.604, 3.507, 2.813, 2.502, 2.102, 2.693, 4.225, 4.129, 4.876], [3.374, 2.34, 1.863, 0.0, 1.166, 1.06, 1.882, 2.285, 3.523, 3.14, 2.972, 3.473, 3.498, 2.918, 2.302, 2.613, 2.669, 2.657, 3.099, 3.31, 3.587, 6.449, 8.525, 9.81, 7.879, 6.595, 7.439, 6.861, 4.957, 2.734, 2.285, 2.702, 2.906, 2.069, 4.271, 7.154, 8.347, 6.906, 6.25, 6.292, 5.46, 4.303, 4.706, 5.265, 5.268, 6.77, 8.079, 3.613, 5.066, 8.519, 9.924, 9.418, 8.487, 8.756, 10.033, 10.594, 11.36, 11.793, 11.155, 10.723, 11.055, 12.657, 13.596, 13.775, 14.01, 14.985, 15.263, 14.066, 12.881, 10.78, 8.643, 9.976, 12.471, 13.57, 10.586, 6.326, 4.561, 4.767, 5.152, 4.304, 3.92, 4.071, 4.084, 5.383, 5.472, 5.32, 6.326, 6.972, 6.236, 4.58, 3.409, 4.075, 5.386, 6.973, 4.588, 2.672, 2.576, 2.49, 3.109, 4.286, 5.365, 4.548, 5.087, 6.431, 7.461, 7.813, 6.853, 4.867, 3.9, 3.041, 3.808, 4.906, 5.592, 5.758, 4.63, 3.822, 4.967, 8.092, 7.966, 7.015, 8.038, 8.037, 6.308, 6.272, 6.958, 8.12, 7.753, 9.049, 9.276, 9.173, 7.477, 6.407, 5.229, 4.469, 4.968, 4.499, 2.971, 3.424, 3.268, 2.66, 2.86, 2.8, 3.202, 4.718, 4.356, 4.948], [4.344, 3.28, 2.827, 1.166, 0.0, 1.644, 2.515, 2.844, 4.439, 4.088, 3.96, 4.507, 4.538, 3.739, 2.955, 3.26, 3.121, 3.088, 3.722, 3.945, 4.592, 7.497, 9.541, 10.857, 8.906, 7.622, 8.439, 7.786, 5.607, 3.209, 2.95, 3.386, 2.818, 2.531, 5.078, 8.191, 9.379, 7.893, 7.287, 7.336, 6.47, 5.274, 5.671, 6.292, 6.296, 7.827, 9.119, 4.525, 4.666, 7.874, 9.318, 8.799, 7.771, 7.703, 8.975, 9.566, 10.386, 10.787, 10.102, 9.698, 10.171, 11.78, 12.642, 12.798, 13.072, 13.972, 14.208, 13.024, 11.831, 9.767, 8.027, 8.978, 11.412, 12.521, 9.503, 5.283, 3.519, 3.747, 4.117, 3.345, 2.935, 3.074, 3.214, 4.415, 4.686, 4.683, 5.944, 6.592, 5.837, 4.352, 4.102, 5.101, 6.476, 8.03, 5.445, 2.694, 2.093, 1.562, 2.414, 3.245, 4.297, 3.499, 4.454, 5.558, 6.403, 6.801, 5.794, 4.265, 3.666, 3.33, 4.606, 5.83, 6.618, 6.782, 5.46, 4.555, 5.829, 9.149, 9.063, 8.038, 9.07, 9.09, 7.33, 7.051, 7.836, 8.932, 8.353, 9.798, 10.052, 9.85, 8.097, 6.972, 5.835, 5.155, 5.547, 5.017, 3.325, 3.598, 3.261, 2.818, 3.45, 3.396, 3.818, 5.246, 4.74, 5.253], [3.296, 2.303, 1.87, 1.06, 1.644, 0.0, 1.565, 2.22, 3.081, 2.777, 2.65, 3.229, 3.113, 2.938, 2.642, 2.751, 2.956, 2.847, 3.26, 3.407, 3.483, 5.975, 8.058, 9.349, 7.375, 6.091, 6.918, 6.4, 4.348, 2.252, 1.761, 2.302, 2.595, 1.788, 3.799, 6.767, 7.858, 6.548, 5.924, 5.823, 5.003, 3.945, 4.398, 4.875, 4.764, 6.306, 7.591, 3.112, 4.87, 8.283, 9.881, 9.257, 8.491, 9.053, 10.33, 10.882, 11.683, 12.051, 11.313, 10.976, 11.304, 12.775, 13.835, 14.1, 14.186, 15.259, 15.591, 14.391, 13.193, 11.05, 8.613, 10.268, 12.829, 13.939, 11.025, 6.656, 5.025, 5.21, 5.603, 4.699, 4.277, 4.512, 4.438, 5.778, 5.758, 5.509, 6.255, 6.833, 6.087, 4.17, 2.82, 3.604, 5.026, 6.546, 4.713, 2.859, 2.948, 2.898, 3.546, 4.706, 5.768, 4.951, 5.604, 6.909, 7.925, 8.252, 7.154, 5.015, 3.794, 2.522, 3.256, 4.496, 5.09, 5.454, 4.22, 3.757, 4.722, 7.723, 7.579, 6.568, 7.541, 7.662, 5.985, 5.793, 6.509, 7.636, 7.218, 8.565, 8.778, 8.671, 6.891, 5.793, 4.684, 3.873, 4.396, 3.906, 2.477, 2.931, 3.014, 2.311, 2.478, 2.705, 2.899, 4.155, 4.025, 4.377], [2.558, 1.834, 1.427, 1.882, 2.515, 1.565, 0.0, 1.104, 2.786, 2.508, 2.331, 2.822, 2.883, 2.584, 2.523, 2.607, 2.921, 2.884, 2.977, 2.777, 3.041, 5.75, 7.794, 9.072, 7.141, 5.857, 6.719, 6.195, 4.037, 2.657, 1.928, 2.838, 3.369, 2.523, 3.558, 6.556, 7.653, 6.359, 5.733, 5.589, 4.777, 3.572, 3.908, 4.582, 4.535, 6.081, 7.404, 3.065, 5.806, 9.586, 11.065, 10.534, 9.72, 9.917, 11.094, 11.813, 12.725, 13.004, 12.086, 11.871, 12.321, 13.89, 14.83, 15.145, 15.29, 16.257, 16.35, 15.051, 13.981, 11.887, 9.519, 11.163, 13.522, 14.405, 11.341, 7.209, 5.349, 5.694, 6.06, 5.607, 4.845, 5.004, 5.032, 6.656, 6.518, 6.354, 6.9, 7.692, 6.857, 4.913, 2.71, 3.372, 4.696, 6.285, 3.913, 2.382, 3.313, 3.249, 4.014, 5.337, 6.237, 5.439, 5.703, 7.369, 8.246, 8.785, 7.938, 5.662, 4.158, 2.972, 3.158, 4.287, 4.894, 5.172, 3.847, 2.644, 3.853, 7.415, 7.277, 6.279, 7.358, 7.431, 5.722, 5.469, 6.268, 7.386, 6.898, 8.263, 8.489, 8.342, 6.574, 5.478, 4.373, 3.651, 4.181, 3.77, 2.512, 3.107, 3.061, 2.474, 2.236, 2.11, 2.469, 3.937, 3.801, 4.48], [1.99, 1.607, 1.34, 2.285, 2.844, 2.22, 1.104, 0.0, 2.451, 2.146, 1.823, 2.289, 2.545, 2.341, 2.35, 2.4, 2.693, 2.662, 2.625, 2.383, 2.596, 5.243, 7.287, 8.578, 6.647, 5.363, 6.209, 5.702, 3.718, 2.926, 2.427, 3.319, 3.969, 2.947, 3.02, 5.97, 7.126, 5.75, 5.132, 5.082, 4.217, 3.027, 3.369, 4.041, 4.046, 5.574, 6.869, 2.933, 6.452, 10.222, 11.667, 11.141, 10.27, 10.278, 11.459, 12.249, 13.13, 13.428, 12.552, 12.253, 12.779, 14.411, 15.301, 15.523, 15.756, 16.646, 16.691, 15.405, 14.319, 12.308, 10.145, 11.583, 13.887, 14.849, 11.81, 7.641, 5.786, 6.1, 6.439, 6.014, 5.261, 5.408, 5.449, 7.037, 6.903, 6.884, 7.482, 8.292, 7.508, 5.481, 2.618, 2.967, 4.194, 5.777, 3.074, 2.473, 3.769, 3.718, 4.418, 5.697, 6.611, 5.844, 6.13, 7.725, 8.682, 9.19, 8.274, 5.97, 4.364, 3.07, 2.964, 3.706, 4.365, 4.611, 3.299, 2.009, 3.344, 6.882, 6.764, 5.773, 6.844, 6.869, 5.18, 4.913, 5.676, 6.828, 6.348, 7.746, 7.947, 7.79, 6.138, 5.049, 3.953, 3.471, 3.874, 3.724, 2.471, 3.175, 3.092, 2.656, 2.182, 1.664, 2.358, 3.915, 3.772, 4.477], [2.412, 2.341, 2.262, 3.523, 4.439, 3.081, 2.786, 2.451, 0.0, 1.021, 1.35, 1.77, 2.351, 3.201, 3.58, 3.751, 4.102, 3.959, 3.816, 3.789, 3.211, 3.631, 5.261, 6.568, 4.568, 3.331, 4.232, 3.981, 2.516, 2.907, 2.712, 3.273, 4.181, 3.361, 2.202, 3.837, 5.065, 3.653, 3.021, 2.997, 2.221, 1.759, 1.787, 2.034, 2.594, 3.433, 4.779, 1.949, 6.952, 10.737, 12.304, 11.721, 10.962, 11.705, 12.999, 13.494, 14.227, 14.652, 14.002, 13.607, 13.947, 15.334, 16.443, 16.629, 16.739, 17.86, 18.288, 17.115, 15.915, 13.721, 11.252, 12.924, 15.565, 16.676, 13.896, 9.453, 7.896, 8.01, 8.449, 7.517, 7.046, 7.349, 7.293, 8.548, 8.549, 8.253, 8.413, 9.181, 8.396, 5.444, 1.889, 2.217, 2.829, 3.76, 3.343, 4.579, 5.726, 5.701, 6.312, 7.496, 8.555, 7.759, 8.14, 9.745, 10.801, 11.067, 9.827, 7.411, 5.398, 2.78, 1.285, 1.727, 2.357, 2.718, 1.687, 1.736, 2.349, 5.004, 4.921, 3.896, 4.799, 4.903, 3.394, 3.078, 3.697, 4.768, 4.789, 5.864, 5.986, 6.191, 4.52, 3.461, 2.784, 2.519, 2.49, 2.334, 2.675, 3.64, 3.675, 2.701, 1.735, 1.825, 1.53, 2.311, 3.716, 3.171], [2.148, 2.223, 1.982, 3.14, 4.088, 2.777, 2.508, 2.146, 1.021, 0.0, 1.273, 1.707, 2.173, 2.914, 3.167, 3.339, 3.779, 3.603, 3.467, 3.568, 2.973, 3.897, 5.907, 7.118, 5.112, 3.775, 4.836, 4.522, 2.641, 2.551, 2.151, 2.869, 3.709, 2.879, 2.209, 4.304, 5.593, 4.232, 3.523, 3.621, 2.769, 1.956, 2.142, 2.404, 2.691, 3.826, 5.149, 2.024, 6.711, 10.363, 11.895, 11.277, 10.394, 11.182, 12.428, 12.868, 13.784, 14.19, 13.531, 13.058, 13.342, 14.739, 15.833, 15.944, 16.13, 17.202, 17.74, 16.558, 15.362, 13.109, 10.736, 12.531, 15.014, 16.276, 13.518, 9.097, 7.533, 7.671, 8.087, 7.171, 6.711, 7.008, 6.951, 8.192, 8.191, 7.925, 8.101, 8.9, 8.028, 5.303, 1.62, 2.27, 2.945, 4.403, 3.34, 4.265, 5.24, 5.22, 5.942, 7.154, 8.188, 7.417, 7.798, 9.403, 10.458, 10.725, 9.462, 6.992, 4.907, 2.407, 1.744, 2.202, 2.867, 3.36, 2.331, 1.999, 2.819, 5.68, 5.611, 4.511, 5.275, 5.452, 4.106, 3.796, 4.337, 5.274, 5.416, 6.489, 6.556, 6.796, 5.008, 3.95, 3.002, 2.425, 2.65, 2.392, 2.231, 3.237, 3.439, 2.584, 1.752, 1.535, 1.691, 2.993, 3.587, 3.429], [1.709, 1.88, 1.513, 2.972, 3.96, 2.65, 2.331, 1.823, 1.35, 1.273, 0.0, 1.104, 1.517, 2.208, 2.623, 2.64, 3.0, 3.094, 2.834, 2.771, 2.198, 3.73, 5.78, 7.007, 5.051, 3.942, 4.885, 4.853, 3.043, 2.691, 2.346, 2.925, 3.818, 2.952, 2.219, 4.345, 5.546, 4.193, 3.528, 3.429, 2.676, 1.755, 2.152, 2.555, 2.463, 3.919, 5.31, 2.16, 6.541, 10.328, 11.859, 11.318, 10.545, 11.31, 12.604, 13.095, 13.795, 14.244, 13.641, 13.24, 13.551, 14.923, 16.036, 16.191, 16.327, 17.449, 17.918, 16.74, 15.543, 13.325, 10.947, 12.539, 15.196, 16.304, 13.428, 9.029, 7.429, 7.566, 7.987, 7.064, 6.604, 6.876, 6.838, 8.059, 8.062, 7.78, 7.953, 8.754, 8.006, 5.185, 2.025, 1.789, 2.843, 4.245, 3.08, 3.999, 5.318, 5.298, 5.908, 7.023, 8.156, 7.339, 7.669, 9.272, 10.328, 10.594, 9.461, 7.043, 4.981, 2.797, 2.235, 2.248, 2.832, 3.226, 2.455, 2.098, 2.758, 5.408, 5.338, 4.428, 5.305, 5.371, 4.136, 3.823, 4.41, 5.489, 5.642, 6.742, 6.822, 7.063, 5.445, 4.395, 3.293, 2.737, 3.222, 3.113, 2.538, 3.505, 3.351, 2.595, 2.032, 1.893, 2.197, 3.346, 3.706, 4.033], [1.472, 1.958, 1.921, 3.473, 4.507, 3.229, 2.822, 2.289, 1.77, 1.707, 1.104, 0.0, 1.052, 1.965, 2.671, 2.639, 3.326, 3.28, 2.743, 2.532, 1.89, 3.162, 5.224, 6.473, 4.567, 3.585, 4.741, 4.942, 3.45, 3.182, 2.852, 3.459, 4.457, 3.615, 2.606, 3.914, 4.974, 3.872, 3.071, 3.135, 2.283, 1.403, 1.589, 2.228, 2.163, 3.341, 4.741, 2.595, 7.247, 10.985, 12.52, 11.977, 11.188, 11.808, 13.102, 13.612, 14.341, 14.733, 14.141, 13.743, 14.063, 15.459, 16.543, 16.773, 16.855, 17.964, 18.375, 17.224, 16.023, 13.823, 11.437, 13.028, 15.695, 16.755, 13.988, 9.577, 8.0, 8.098, 8.558, 7.639, 7.164, 7.448, 7.408, 8.631, 8.626, 8.363, 8.601, 9.41, 8.517, 5.765, 2.411, 1.586, 2.382, 3.705, 2.64, 4.517, 5.888, 5.868, 6.478, 7.6, 8.666, 7.906, 8.239, 9.844, 10.9, 11.165, 9.996, 7.549, 5.445, 3.37, 2.483, 2.263, 2.479, 2.978, 2.58, 2.217, 2.316, 4.901, 4.875, 3.891, 4.737, 5.012, 4.194, 4.051, 4.563, 5.588, 5.789, 6.795, 6.93, 7.119, 5.496, 4.443, 3.477, 3.102, 3.51, 3.493, 3.1, 3.98, 3.88, 3.116, 2.405, 2.313, 2.494, 3.733, 4.177, 4.405], [1.434, 2.069, 2.003, 3.498, 4.538, 3.113, 2.883, 2.545, 2.351, 2.173, 1.517, 1.052, 0.0, 1.408, 2.451, 2.359, 3.026, 3.068, 2.294, 2.102, 1.366, 3.082, 5.103, 6.478, 4.526, 3.901, 5.179, 5.642, 4.066, 3.706, 3.231, 3.837, 4.592, 3.707, 3.22, 3.957, 4.962, 3.951, 3.123, 3.329, 2.397, 1.668, 1.876, 2.474, 2.28, 3.305, 4.701, 3.249, 7.283, 10.98, 12.543, 11.943, 11.191, 11.786, 13.071, 13.612, 14.408, 14.792, 14.125, 13.781, 14.022, 15.476, 16.548, 16.851, 16.892, 18.008, 18.37, 17.189, 15.991, 13.788, 11.363, 13.029, 15.695, 16.742, 14.021, 9.583, 8.036, 8.128, 8.59, 7.701, 7.185, 7.5, 7.431, 8.739, 8.719, 8.401, 8.68, 9.44, 8.529, 6.196, 3.035, 1.284, 2.388, 3.717, 2.446, 4.499, 5.871, 5.851, 6.462, 7.644, 8.673, 7.897, 8.293, 9.884, 10.94, 11.205, 9.958, 7.535, 5.738, 3.933, 3.18, 2.595, 2.603, 3.089, 3.066, 2.573, 2.451, 4.946, 4.795, 3.841, 4.699, 5.213, 4.501, 4.298, 4.843, 5.813, 6.27, 7.306, 7.371, 7.578, 5.872, 5.003, 4.121, 3.729, 4.169, 4.132, 3.454, 4.277, 4.376, 3.67, 3.133, 2.868, 3.164, 4.448, 4.575, 5.028], [1.905, 2.18, 1.946, 2.918, 3.739, 2.938, 2.584, 2.341, 3.201, 2.914, 2.208, 1.965, 1.408, 0.0, 1.344, 1.215, 1.894, 2.114, 1.217, 1.174, 1.431, 4.07, 6.159, 7.512, 5.496, 5.065, 6.29, 6.593, 4.924, 4.288, 3.523, 4.243, 4.948, 3.803, 4.013, 4.948, 6.001, 4.815, 4.006, 4.297, 3.271, 2.298, 2.542, 3.359, 3.043, 4.358, 5.699, 3.945, 7.529, 10.952, 12.393, 11.836, 10.848, 10.872, 12.081, 12.774, 13.722, 13.991, 13.228, 12.899, 13.34, 14.956, 15.802, 16.119, 16.31, 17.217, 17.407, 16.212, 15.036, 12.877, 11.122, 12.182, 14.655, 15.766, 12.975, 8.546, 6.969, 7.129, 7.54, 6.913, 6.139, 6.425, 6.433, 7.931, 7.783, 7.669, 8.626, 9.364, 8.499, 6.57, 3.898, 2.236, 3.263, 4.724, 2.295, 3.408, 4.78, 4.76, 5.37, 6.628, 7.665, 6.835, 7.512, 8.853, 9.899, 10.143, 8.944, 6.686, 5.627, 4.601, 4.082, 3.462, 3.499, 3.956, 3.951, 2.854, 2.989, 5.949, 5.802, 4.79, 5.768, 6.166, 5.464, 5.239, 5.801, 6.816, 7.311, 8.413, 8.476, 8.665, 6.949, 6.085, 5.089, 4.621, 5.066, 5.044, 3.982, 4.823, 4.629, 4.098, 3.782, 3.045, 3.816, 5.345, 5.173, 5.902], [2.769, 2.789, 2.077, 2.302, 2.955, 2.642, 2.523, 2.35, 3.58, 3.167, 2.623, 2.671, 2.451, 1.344, 0.0, 0.871, 1.519, 1.743, 1.227, 1.325, 2.447, 5.158, 7.267, 8.621, 6.582, 5.81, 7.028, 7.107, 5.228, 4.232, 3.438, 4.129, 4.708, 3.674, 4.372, 6.018, 7.11, 5.779, 5.009, 5.372, 4.391, 3.275, 3.597, 4.383, 4.089, 5.478, 6.778, 4.045, 7.03, 10.448, 11.868, 11.325, 10.348, 10.029, 11.119, 12.079, 12.881, 13.27, 12.61, 12.138, 12.841, 14.425, 15.244, 15.291, 15.725, 16.406, 16.43, 15.239, 14.039, 12.239, 10.584, 11.386, 13.58, 14.723, 11.852, 7.522, 5.863, 6.134, 6.475, 6.062, 5.179, 5.352, 5.538, 6.93, 7.014, 7.101, 8.286, 8.871, 8.178, 6.372, 4.155, 3.136, 4.346, 5.752, 3.121, 2.526, 3.697, 3.715, 4.249, 5.606, 6.572, 5.726, 6.606, 7.809, 8.829, 9.135, 8.031, 6.082, 5.372, 4.581, 4.379, 4.267, 4.51, 4.885, 4.622, 3.433, 3.867, 6.951, 6.878, 5.76, 6.778, 7.112, 6.33, 6.111, 6.714, 7.661, 7.982, 9.059, 9.072, 9.439, 7.717, 6.687, 5.593, 4.955, 5.476, 5.287, 4.148, 4.824, 4.602, 4.084, 3.76, 3.161, 4.034, 5.605, 5.432, 6.096], [2.792, 2.712, 2.131, 2.613, 3.26, 2.751, 2.607, 2.4, 3.751, 3.339, 2.64, 2.639, 2.359, 1.215, 0.871, 0.0, 1.321, 1.474, 1.073, 1.225, 2.281, 5.097, 7.151, 8.436, 6.495, 5.825, 6.963, 7.134, 5.324, 4.316, 3.538, 4.18, 4.842, 3.72, 4.394, 5.923, 6.952, 5.711, 4.961, 5.234, 4.199, 3.255, 3.515, 4.342, 3.962, 5.382, 6.68, 4.107, 7.252, 10.608, 12.055, 11.528, 10.561, 10.132, 11.172, 12.287, 13.062, 13.498, 12.829, 12.441, 12.991, 14.657, 15.47, 15.492, 15.951, 16.616, 16.61, 15.296, 14.151, 12.379, 10.862, 11.65, 13.755, 14.802, 11.949, 7.535, 6.004, 6.313, 6.608, 6.27, 5.227, 5.513, 5.784, 7.158, 7.295, 7.34, 8.41, 9.155, 8.231, 6.478, 4.288, 3.146, 4.144, 5.704, 2.942, 2.65, 3.873, 3.983, 4.427, 5.779, 6.74, 5.878, 6.868, 7.969, 8.981, 9.259, 8.145, 6.229, 5.405, 4.65, 4.56, 4.291, 4.47, 4.762, 4.618, 3.377, 3.903, 6.898, 6.771, 5.833, 6.702, 6.943, 6.282, 6.007, 6.596, 7.622, 7.925, 9.035, 9.076, 9.364, 7.723, 6.691, 5.63, 5.065, 5.577, 5.42, 4.17, 4.871, 4.796, 4.206, 4.018, 3.31, 4.182, 5.695, 5.493, 6.183], [3.12, 3.042, 2.528, 2.669, 3.121, 2.956, 2.921, 2.693, 4.102, 3.779, 3.0, 3.326, 3.026, 1.894, 1.519, 1.321, 0.0, 0.972, 1.312, 1.596, 3.006, 5.866, 7.919, 9.253, 7.29, 6.44, 7.41, 7.576, 5.851, 4.857, 3.891, 4.642, 5.277, 4.231, 4.893, 6.601, 7.767, 6.421, 5.76, 5.754, 4.904, 3.737, 4.054, 4.799, 4.7, 6.186, 7.52, 4.571, 7.478, 10.707, 12.193, 11.667, 10.627, 9.839, 10.931, 11.967, 12.654, 13.186, 12.494, 12.249, 12.924, 14.591, 15.399, 15.065, 15.796, 16.398, 16.079, 14.727, 13.499, 12.3, 10.894, 11.428, 13.008, 14.016, 11.145, 6.744, 5.382, 5.929, 6.145, 5.911, 4.726, 5.236, 5.724, 6.781, 7.334, 7.404, 8.74, 9.46, 8.581, 6.924, 4.809, 3.636, 4.859, 6.45, 3.54, 2.24, 3.301, 3.46, 3.805, 5.052, 6.018, 5.189, 6.9, 7.699, 8.282, 8.674, 7.539, 6.574, 5.944, 5.228, 4.992, 4.649, 5.045, 5.341, 4.844, 3.566, 4.317, 7.632, 7.485, 6.528, 7.504, 7.609, 6.497, 6.256, 6.829, 7.916, 8.277, 9.437, 9.502, 9.684, 8.038, 7.105, 6.099, 5.582, 6.05, 5.983, 4.686, 5.347, 5.281, 4.713, 4.488, 3.793, 4.66, 6.198, 6.014, 6.752], [3.183, 2.907, 2.486, 2.657, 3.088, 2.847, 2.884, 2.662, 3.959, 3.603, 3.094, 3.28, 3.068, 2.114, 1.743, 1.474, 0.972, 0.0, 1.503, 1.893, 3.279, 5.998, 7.982, 9.333, 7.393, 6.222, 7.172, 7.166, 5.354, 4.385, 3.474, 4.145, 4.719, 3.75, 4.384, 6.565, 7.728, 6.567, 5.771, 5.96, 5.038, 3.872, 4.077, 4.755, 4.639, 6.167, 7.439, 4.239, 7.332, 10.378, 11.797, 11.19, 10.165, 9.515, 10.586, 11.642, 12.542, 12.917, 12.379, 12.08, 12.531, 14.178, 15.078, 14.903, 15.419, 16.113, 15.879, 14.517, 13.273, 11.873, 10.674, 11.262, 12.872, 13.858, 11.196, 6.73, 5.452, 5.958, 6.195, 5.95, 4.677, 5.152, 5.633, 6.739, 7.223, 7.276, 8.546, 9.22, 8.214, 6.565, 4.297, 3.827, 5.083, 6.657, 3.845, 2.205, 3.269, 3.524, 3.774, 5.052, 6.026, 5.173, 6.825, 7.622, 8.387, 8.732, 7.489, 6.24, 5.388, 4.787, 4.636, 4.613, 5.25, 5.453, 4.79, 3.536, 4.634, 7.915, 7.759, 6.772, 7.508, 7.664, 6.452, 6.19, 6.749, 7.667, 7.967, 9.004, 8.991, 9.248, 7.544, 6.502, 5.486, 5.004, 5.458, 5.425, 4.307, 4.971, 5.059, 4.469, 4.236, 3.591, 4.42, 5.925, 5.621, 6.341], [2.666, 2.738, 2.522, 3.099, 3.722, 3.26, 2.977, 2.625, 3.816, 3.467, 2.834, 2.743, 2.294, 1.217, 1.227, 1.073, 1.312, 1.503, 0.0, 1.056, 2.318, 4.987, 7.045, 8.399, 6.392, 5.665, 6.892, 7.153, 5.355, 4.669, 3.958, 4.629, 5.339, 4.209, 4.517, 5.835, 6.908, 5.645, 4.87, 5.151, 4.161, 3.056, 3.387, 4.101, 3.801, 5.229, 6.529, 4.456, 7.875, 11.099, 12.535, 11.983, 10.92, 10.472, 11.462, 12.583, 13.47, 13.862, 13.045, 12.703, 13.326, 14.966, 15.787, 15.823, 16.238, 16.932, 16.769, 15.476, 14.276, 12.657, 11.173, 12.021, 13.814, 14.843, 12.099, 7.643, 6.34, 6.664, 7.007, 6.711, 5.583, 5.92, 6.183, 7.616, 7.797, 7.811, 9.026, 9.695, 8.748, 7.004, 4.346, 3.023, 4.18, 5.654, 2.87, 2.608, 3.867, 4.222, 4.551, 6.183, 7.046, 6.053, 7.307, 8.355, 9.369, 9.664, 8.407, 6.654, 5.941, 5.035, 4.567, 4.074, 4.287, 4.588, 4.541, 3.265, 3.653, 6.911, 6.755, 5.642, 6.59, 6.874, 6.196, 5.92, 6.451, 7.422, 7.922, 8.995, 9.008, 9.288, 7.532, 6.583, 5.609, 5.051, 5.516, 5.482, 4.339, 5.11, 5.143, 4.584, 4.285, 3.548, 4.346, 5.865, 5.648, 6.391], [2.471, 2.612, 2.363, 3.31, 3.945, 3.407, 2.777, 2.383, 3.789, 3.568, 2.771, 2.532, 2.102, 1.174, 1.325, 1.225, 1.596, 1.893, 1.056, 0.0, 2.076, 4.744, 6.788, 8.113, 6.125, 5.586, 6.872, 7.178, 5.51, 4.926, 4.201, 4.929, 5.632, 4.461, 4.678, 5.703, 6.664, 5.608, 4.839, 5.111, 3.939, 2.998, 3.345, 4.219, 3.791, 5.074, 6.402, 4.605, 8.108, 11.497, 12.942, 12.416, 11.455, 10.955, 11.975, 13.098, 13.864, 14.309, 13.582, 13.202, 13.878, 15.525, 16.326, 16.291, 16.808, 17.456, 17.184, 15.844, 14.724, 13.208, 11.547, 12.45, 14.224, 15.186, 12.256, 7.941, 6.386, 6.836, 7.102, 6.912, 5.81, 6.079, 6.302, 7.786, 8.039, 8.069, 9.128, 9.769, 9.027, 7.211, 4.501, 2.913, 4.009, 5.338, 2.65, 2.847, 4.23, 4.43, 4.821, 6.379, 7.168, 6.213, 7.453, 8.43, 9.385, 9.808, 8.774, 6.955, 6.1, 5.169, 4.562, 4.166, 4.252, 4.635, 4.415, 3.083, 3.386, 6.475, 6.362, 5.322, 6.409, 6.93, 6.221, 5.928, 6.532, 7.585, 7.856, 8.992, 9.04, 9.289, 7.632, 6.658, 5.656, 5.179, 5.641, 5.635, 4.498, 5.257, 5.098, 4.619, 4.158, 3.397, 4.212, 5.784, 5.645, 6.386], [1.583, 2.271, 2.135, 3.587, 4.592, 3.483, 3.041, 2.596, 3.211, 2.973, 2.198, 1.89, 1.366, 1.431, 2.447, 2.281, 3.006, 3.279, 2.318, 2.076, 0.0, 2.974, 5.043, 6.308, 4.748, 4.836, 6.084, 6.575, 4.922, 4.465, 3.841, 4.625, 5.347, 4.188, 4.085, 4.685, 5.153, 4.422, 3.483, 3.854, 2.785, 2.015, 2.338, 2.969, 2.604, 3.6, 5.028, 4.074, 7.856, 11.563, 12.975, 12.472, 11.59, 11.989, 13.282, 13.811, 14.606, 14.982, 14.29, 13.903, 14.251, 15.736, 16.764, 17.023, 17.136, 18.185, 18.565, 17.398, 16.197, 14.002, 11.76, 13.229, 15.818, 16.937, 14.041, 9.664, 8.029, 8.156, 8.592, 7.696, 7.23, 7.477, 7.472, 8.71, 8.699, 8.447, 8.929, 9.784, 8.968, 6.906, 3.918, 1.885, 2.257, 3.645, 2.212, 4.583, 5.99, 5.932, 6.577, 7.65, 8.778, 7.971, 8.292, 9.872, 10.929, 11.194, 10.108, 7.703, 6.044, 4.657, 4.039, 3.418, 3.14, 3.282, 3.798, 2.968, 2.665, 4.784, 4.645, 3.864, 5.091, 5.477, 5.105, 4.94, 5.47, 6.62, 7.155, 8.265, 8.401, 8.398, 6.791, 6.035, 5.071, 4.667, 5.093, 5.071, 4.065, 5.024, 4.762, 4.195, 3.718, 3.092, 3.684, 5.236, 5.123, 5.891], [3.471, 4.618, 4.847, 6.449, 7.497, 5.975, 5.75, 5.243, 3.631, 3.897, 3.73, 3.162, 3.082, 4.07, 5.158, 5.097, 5.866, 5.998, 4.987, 4.744, 2.974, 0.0, 2.482, 3.582, 3.505, 3.84, 5.318, 6.125, 5.086, 5.726, 5.534, 5.626, 6.877, 6.12, 4.542, 3.416, 3.53, 3.156, 2.108, 2.945, 2.5, 2.706, 2.632, 2.687, 2.888, 2.117, 3.283, 4.471, 9.722, 13.481, 15.061, 14.484, 13.824, 14.726, 16.02, 16.502, 17.179, 17.626, 17.059, 16.655, 16.967, 18.314, 19.437, 19.51, 19.721, 20.838, 21.338, 20.153, 18.956, 16.741, 14.231, 15.967, 18.609, 19.743, 16.978, 12.539, 10.993, 11.111, 11.547, 10.585, 10.145, 10.448, 10.391, 11.614, 11.623, 11.352, 11.515, 12.175, 11.44, 8.17, 4.448, 2.672, 1.705, 1.562, 2.648, 7.439, 8.812, 8.791, 9.402, 10.595, 11.628, 10.857, 11.239, 12.844, 13.9, 14.166, 12.929, 10.483, 8.365, 5.7, 4.121, 3.226, 2.514, 2.546, 3.961, 4.261, 2.545, 2.388, 2.351, 2.328, 3.16, 3.962, 3.787, 3.849, 4.302, 5.527, 6.308, 7.25, 7.363, 7.18, 5.531, 5.263, 5.116, 5.105, 5.075, 5.172, 5.725, 6.642, 6.731, 5.834, 4.953, 4.935, 4.629, 5.394, 6.748, 6.191], [5.448, 6.616, 6.897, 8.525, 9.541, 8.058, 7.794, 7.287, 5.261, 5.907, 5.78, 5.224, 5.103, 6.159, 7.267, 7.151, 7.919, 7.982, 7.045, 6.788, 5.043, 2.482, 0.0, 1.75, 2.884, 3.438, 4.891, 5.851, 6.306, 7.941, 7.711, 7.699, 9.007, 8.348, 6.225, 3.68, 3.052, 2.895, 2.82, 2.685, 3.331, 4.412, 4.207, 3.819, 4.289, 3.121, 2.761, 5.685, 11.927, 15.602, 17.176, 16.642, 16.014, 16.76, 18.026, 18.521, 19.361, 19.738, 19.138, 18.76, 18.973, 20.367, 21.496, 21.772, 21.799, 22.94, 23.377, 22.191, 20.948, 18.747, 16.329, 18.008, 20.707, 21.772, 19.027, 14.586, 13.042, 13.135, 13.596, 12.71, 12.189, 12.492, 12.435, 13.703, 13.69, 13.396, 13.579, 14.332, 13.443, 10.333, 6.568, 4.842, 3.695, 2.183, 4.602, 9.52, 10.892, 10.872, 11.494, 12.639, 13.672, 12.911, 13.282, 14.888, 15.944, 16.209, 14.978, 12.528, 10.453, 7.847, 5.488, 4.464, 3.595, 3.148, 4.385, 5.691, 4.019, 1.749, 1.297, 2.069, 2.258, 2.794, 3.224, 3.534, 3.942, 4.896, 5.649, 6.473, 6.415, 6.181, 4.949, 5.775, 6.39, 7.109, 6.756, 6.897, 7.7, 8.614, 8.835, 7.846, 6.724, 6.969, 6.538, 6.699, 8.764, 7.695], [6.743, 7.9, 8.168, 9.81, 10.857, 9.349, 9.072, 8.578, 6.568, 7.118, 7.007, 6.473, 6.478, 7.512, 8.621, 8.436, 9.253, 9.333, 8.399, 8.113, 6.308, 3.582, 1.75, 0.0, 2.537, 3.506, 4.084, 4.947, 6.344, 8.715, 8.692, 8.079, 9.489, 8.861, 6.604, 3.74, 2.326, 3.1, 3.819, 3.651, 4.413, 5.736, 5.5, 4.919, 5.039, 3.568, 2.474, 6.562, 12.762, 15.985, 17.541, 17.103, 16.528, 18.066, 19.309, 19.753, 20.397, 20.975, 20.502, 20.093, 20.28, 21.6, 22.764, 22.666, 22.981, 24.126, 24.755, 23.555, 22.349, 20.066, 17.693, 19.374, 22.071, 23.146, 20.321, 15.895, 14.322, 14.426, 14.883, 13.922, 13.482, 13.77, 13.756, 14.935, 14.945, 14.674, 14.846, 15.517, 14.779, 11.444, 7.324, 5.789, 4.424, 3.327, 5.961, 10.881, 12.236, 12.216, 12.862, 13.935, 15.036, 14.255, 14.56, 16.165, 17.221, 17.487, 16.322, 13.878, 11.612, 8.861, 6.621, 5.344, 4.497, 4.214, 5.62, 6.969, 5.363, 1.952, 2.082, 2.986, 1.98, 2.303, 3.653, 4.059, 3.795, 4.04, 4.693, 5.379, 5.422, 5.109, 4.722, 6.098, 6.741, 7.546, 7.216, 7.528, 9.06, 10.007, 10.133, 9.119, 7.979, 8.167, 7.718, 7.756, 10.003, 8.948], [4.812, 5.971, 6.225, 7.879, 8.906, 7.375, 7.141, 6.647, 4.568, 5.112, 5.051, 4.567, 4.526, 5.496, 6.582, 6.495, 7.29, 7.393, 6.392, 6.125, 4.748, 3.505, 2.884, 2.537, 0.0, 1.775, 2.501, 3.197, 4.46, 6.729, 6.735, 6.284, 7.65, 7.016, 4.689, 2.434, 1.653, 1.885, 2.731, 2.097, 2.579, 3.794, 3.558, 3.083, 3.219, 2.131, 1.639, 4.585, 10.815, 14.294, 15.825, 15.384, 14.774, 16.063, 17.325, 17.781, 18.43, 18.983, 18.48, 18.073, 18.284, 19.61, 20.77, 20.67, 21.014, 22.127, 22.749, 21.55, 20.347, 18.064, 15.671, 17.37, 20.049, 21.163, 18.374, 13.94, 12.367, 12.5, 12.921, 11.981, 11.54, 11.823, 11.766, 12.988, 12.998, 12.727, 12.887, 13.568, 12.83, 9.424, 5.402, 3.805, 3.248, 3.282, 4.77, 8.842, 10.181, 10.161, 10.822, 12.004, 13.074, 12.243, 12.624, 14.218, 15.275, 15.54, 14.296, 11.868, 9.67, 6.854, 4.608, 3.317, 2.613, 2.774, 3.674, 5.034, 3.646, 2.475, 2.724, 2.145, 1.895, 2.623, 2.97, 2.757, 2.435, 3.009, 3.54, 4.535, 4.661, 4.773, 3.553, 4.341, 4.892, 5.788, 5.457, 5.564, 7.064, 8.005, 8.098, 7.064, 6.017, 6.207, 5.763, 5.812, 8.082, 7.006], [4.027, 4.808, 5.006, 6.595, 7.622, 6.091, 5.857, 5.363, 3.331, 3.775, 3.942, 3.585, 3.901, 5.065, 5.81, 5.825, 6.44, 6.222, 5.665, 5.586, 4.836, 3.84, 3.438, 3.506, 1.775, 0.0, 1.988, 2.725, 3.657, 5.455, 5.373, 5.184, 6.513, 5.842, 3.773, 2.69, 2.223, 1.69, 2.669, 1.839, 2.511, 3.52, 3.245, 2.891, 3.102, 2.724, 2.016, 3.44, 9.7, 13.191, 14.779, 14.228, 13.473, 14.715, 15.964, 16.42, 17.106, 17.669, 17.107, 16.691, 16.922, 18.251, 19.398, 19.315, 19.655, 20.761, 21.356, 20.16, 18.966, 16.692, 14.302, 16.042, 18.663, 19.835, 17.07, 12.622, 11.074, 11.179, 11.627, 10.665, 10.236, 10.539, 10.482, 11.704, 11.714, 11.442, 11.603, 12.252, 11.519, 8.09, 4.076, 3.303, 3.487, 3.486, 4.67, 7.494, 8.83, 8.81, 9.524, 10.721, 11.755, 10.959, 11.34, 12.935, 13.991, 14.257, 12.954, 10.495, 8.376, 5.529, 3.325, 2.477, 2.419, 2.796, 2.529, 3.951, 3.423, 2.85, 2.944, 2.26, 1.995, 2.617, 2.368, 2.253, 2.374, 2.836, 2.971, 4.126, 4.172, 4.34, 2.932, 3.351, 3.868, 4.607, 4.253, 4.512, 5.683, 6.624, 6.814, 5.762, 4.698, 4.925, 4.478, 4.619, 6.77, 5.693], [5.333, 5.802, 5.936, 7.439, 8.439, 6.918, 6.719, 6.209, 4.232, 4.836, 4.885, 4.741, 5.179, 6.29, 7.028, 6.963, 7.41, 7.172, 6.892, 6.872, 6.084, 5.318, 4.891, 4.084, 2.501, 1.988, 0.0, 1.523, 3.902, 6.347, 6.325, 5.868, 7.238, 6.581, 4.208, 3.253, 2.706, 2.644, 3.873, 2.858, 3.658, 4.608, 4.377, 3.951, 4.434, 4.127, 2.948, 4.238, 10.381, 13.823, 15.324, 14.935, 14.36, 15.636, 16.89, 17.346, 17.957, 18.53, 18.052, 17.643, 17.85, 19.174, 20.323, 20.251, 20.578, 21.708, 22.307, 21.115, 19.888, 17.624, 15.243, 16.928, 19.621, 20.701, 17.907, 13.455, 11.912, 12.017, 12.465, 11.514, 11.057, 11.36, 11.303, 12.524, 12.535, 12.263, 12.423, 13.084, 12.324, 8.994, 4.993, 4.393, 4.71, 4.945, 5.758, 8.431, 9.805, 9.753, 10.404, 11.534, 12.592, 11.792, 12.151, 13.755, 14.811, 15.077, 13.862, 11.429, 9.208, 6.423, 4.204, 3.393, 3.399, 3.574, 3.422, 4.834, 4.464, 3.876, 4.344, 3.751, 2.929, 2.973, 2.856, 2.88, 2.49, 2.48, 2.124, 2.522, 2.573, 3.369, 3.133, 3.813, 4.479, 5.376, 5.044, 5.144, 6.603, 7.546, 7.67, 6.656, 5.533, 5.765, 5.298, 5.343, 7.604, 6.496], [5.754, 5.544, 5.824, 6.861, 7.786, 6.4, 6.195, 5.702, 3.981, 4.522, 4.853, 4.942, 5.642, 6.593, 7.107, 7.134, 7.576, 7.166, 7.153, 7.178, 6.575, 6.125, 5.851, 4.947, 3.197, 2.725, 1.523, 0.0, 3.006, 5.566, 5.612, 4.922, 6.323, 5.735, 3.556, 3.421, 3.243, 3.317, 4.589, 3.641, 4.032, 4.784, 4.757, 4.235, 4.564, 4.562, 3.59, 3.741, 9.605, 12.768, 14.298, 13.843, 13.277, 14.855, 16.074, 16.496, 17.227, 17.764, 17.293, 16.884, 17.056, 18.372, 19.543, 19.458, 19.724, 20.911, 21.542, 20.343, 19.129, 16.846, 14.484, 16.181, 18.863, 19.935, 17.199, 12.745, 11.215, 11.311, 11.769, 10.807, 10.361, 10.664, 10.607, 11.829, 11.839, 11.568, 11.728, 12.366, 11.588, 8.275, 4.223, 4.93, 5.375, 5.792, 6.428, 7.774, 9.159, 9.069, 9.692, 10.863, 11.847, 11.088, 11.455, 13.06, 14.116, 14.381, 13.155, 10.697, 8.362, 5.68, 3.573, 3.607, 4.034, 4.102, 3.393, 4.879, 5.187, 4.867, 5.359, 4.686, 3.772, 3.695, 3.269, 3.233, 2.562, 2.572, 2.146, 2.465, 2.612, 3.308, 3.013, 3.299, 3.615, 4.292, 3.987, 4.291, 5.855, 6.817, 6.966, 5.952, 4.83, 5.202, 4.651, 4.696, 6.874, 5.78], [4.262, 4.019, 4.042, 4.957, 5.607, 4.348, 4.037, 3.718, 2.516, 2.641, 3.043, 3.45, 4.066, 4.924, 5.228, 5.324, 5.851, 5.354, 5.355, 5.51, 4.922, 5.086, 6.306, 6.344, 4.46, 3.657, 3.902, 3.006, 0.0, 2.978, 3.262, 2.821, 3.727, 3.423, 1.391, 3.334, 4.411, 4.098, 4.047, 4.03, 3.434, 3.371, 3.71, 3.468, 3.135, 3.718, 4.507, 2.009, 7.154, 10.352, 11.67, 11.272, 10.616, 12.261, 13.513, 13.936, 14.733, 15.216, 14.725, 14.303, 14.452, 15.776, 16.942, 16.876, 17.168, 18.339, 18.919, 17.719, 16.519, 14.237, 11.92, 13.638, 16.288, 17.396, 14.715, 10.259, 8.73, 8.822, 9.284, 8.322, 7.883, 8.195, 8.138, 9.36, 9.37, 9.099, 9.259, 9.885, 9.136, 5.742, 1.956, 3.657, 4.42, 5.36, 5.426, 5.371, 6.617, 6.473, 7.202, 8.416, 9.392, 8.615, 8.987, 10.591, 11.647, 11.912, 10.61, 8.135, 5.918, 3.141, 2.025, 2.374, 2.97, 3.607, 2.988, 3.435, 4.215, 5.712, 6.243, 5.112, 4.883, 5.008, 3.787, 3.329, 3.072, 3.557, 3.486, 4.488, 4.609, 4.607, 2.975, 2.195, 1.661, 2.061, 2.035, 2.145, 3.307, 4.224, 4.492, 3.446, 2.474, 3.097, 2.807, 3.065, 4.583, 3.887], [4.065, 3.371, 2.991, 2.734, 3.209, 2.252, 2.657, 2.926, 2.907, 2.551, 2.691, 3.182, 3.706, 4.288, 4.232, 4.316, 4.857, 4.385, 4.669, 4.926, 4.465, 5.726, 7.941, 8.715, 6.729, 5.455, 6.347, 5.566, 2.978, 0.0, 1.479, 1.626, 1.896, 1.593, 2.569, 5.875, 7.145, 5.821, 5.203, 5.575, 4.754, 3.843, 4.264, 4.433, 4.046, 5.446, 6.7, 2.371, 4.558, 8.068, 9.623, 8.97, 8.184, 9.457, 10.708, 11.142, 11.914, 12.407, 11.839, 11.431, 11.639, 12.972, 14.15, 14.067, 14.376, 15.519, 16.045, 14.867, 13.671, 11.412, 9.069, 10.813, 13.425, 14.543, 11.9, 7.428, 5.903, 5.997, 6.457, 5.497, 5.066, 5.368, 5.311, 6.533, 6.543, 6.272, 6.432, 7.075, 6.337, 3.213, 1.642, 3.76, 4.796, 6.465, 5.441, 4.005, 4.111, 3.71, 4.408, 5.566, 6.581, 5.8, 6.181, 7.764, 8.82, 9.085, 7.783, 5.308, 3.172, 1.136, 2.689, 3.672, 4.657, 5.139, 4.078, 3.929, 5.005, 7.565, 7.696, 6.517, 6.831, 6.971, 5.531, 5.16, 5.619, 6.422, 5.844, 7.26, 7.424, 7.346, 5.277, 4.054, 3.144, 2.413, 2.665, 2.1, 1.545, 1.957, 2.107, 1.503, 1.87, 2.662, 2.578, 2.934, 3.171, 3.072], [3.471, 2.692, 2.292, 2.285, 2.95, 1.761, 1.928, 2.427, 2.712, 2.151, 2.346, 2.852, 3.231, 3.523, 3.438, 3.538, 3.891, 3.474, 3.958, 4.201, 3.841, 5.534, 7.711, 8.692, 6.735, 5.373, 6.325, 5.612, 3.262, 1.479, 0.0, 1.54, 2.031, 1.772, 2.796, 5.796, 7.099, 5.918, 5.21, 5.435, 4.531, 3.517, 3.858, 3.996, 3.748, 5.348, 6.495, 2.389, 5.271, 8.725, 10.208, 9.469, 8.562, 9.695, 10.772, 11.148, 12.265, 12.652, 12.102, 11.592, 11.706, 13.046, 14.364, 14.278, 14.322, 15.648, 16.173, 14.956, 13.746, 11.479, 9.455, 11.1, 13.674, 14.837, 12.18, 7.713, 6.195, 6.288, 6.749, 5.787, 5.348, 5.668, 5.611, 6.833, 6.843, 6.572, 6.765, 7.478, 6.603, 3.941, 1.746, 3.541, 4.561, 6.307, 4.928, 3.458, 3.97, 3.9, 4.638, 5.835, 6.854, 6.077, 6.458, 8.063, 9.119, 9.385, 8.082, 5.611, 3.46, 2.026, 2.769, 3.875, 4.523, 5.189, 4.095, 3.638, 4.682, 7.454, 7.525, 6.318, 6.875, 7.003, 5.632, 5.271, 5.82, 6.551, 6.467, 7.609, 7.679, 7.685, 5.826, 4.454, 3.471, 2.553, 2.989, 2.561, 1.995, 2.707, 2.852, 2.04, 2.043, 2.553, 2.532, 3.574, 3.67, 3.949], [4.319, 3.583, 3.098, 2.702, 3.386, 2.302, 2.838, 3.319, 3.273, 2.869, 2.925, 3.459, 3.837, 4.243, 4.129, 4.18, 4.642, 4.145, 4.629, 4.929, 4.625, 5.626, 7.699, 8.079, 6.284, 5.184, 5.868, 4.922, 2.821, 1.626, 1.54, 0.0, 1.707, 1.443, 2.334, 5.044, 6.478, 5.648, 5.159, 5.441, 4.737, 3.956, 4.5, 4.489, 3.687, 4.879, 6.034, 2.282, 5.258, 8.371, 9.939, 9.229, 8.566, 10.26, 11.405, 11.752, 12.754, 13.215, 12.71, 12.269, 12.357, 13.653, 14.928, 14.847, 14.978, 16.29, 16.88, 15.665, 14.409, 12.13, 9.921, 11.676, 14.276, 15.403, 12.769, 8.284, 6.766, 6.866, 7.32, 6.358, 5.93, 6.233, 6.177, 7.398, 7.409, 7.135, 7.297, 7.923, 7.144, 3.936, 1.776, 3.76, 4.938, 6.47, 5.708, 4.407, 4.58, 4.497, 5.236, 6.432, 7.452, 6.671, 7.052, 8.629, 9.685, 9.951, 8.648, 6.176, 4.068, 2.352, 2.837, 3.615, 4.376, 4.963, 4.376, 4.414, 5.157, 7.29, 7.675, 6.489, 6.429, 6.471, 5.257, 5.115, 5.17, 5.908, 5.979, 7.048, 7.107, 7.019, 5.437, 4.088, 2.966, 2.372, 2.7, 2.679, 2.873, 3.291, 3.481, 2.637, 2.654, 3.358, 3.343, 3.993, 4.545, 4.278], [5.117, 4.326, 3.814, 2.906, 2.818, 2.595, 3.369, 3.969, 4.181, 3.709, 3.818, 4.457, 4.592, 4.948, 4.708, 4.842, 5.277, 4.719, 5.339, 5.632, 5.347, 6.877, 9.007, 9.489, 7.65, 6.513, 7.238, 6.323, 3.727, 1.896, 2.031, 1.707, 0.0, 1.451, 3.328, 6.402, 7.779, 6.902, 6.367, 6.732, 5.967, 5.147, 5.52, 5.604, 4.95, 6.217, 7.399, 3.526, 4.059, 7.181, 8.675, 7.946, 7.315, 9.021, 10.16, 10.417, 11.516, 11.95, 11.439, 11.019, 11.065, 12.314, 13.701, 13.597, 13.624, 15.04, 15.625, 14.373, 13.078, 10.829, 8.721, 10.432, 13.071, 14.159, 11.522, 7.045, 5.557, 5.62, 6.082, 5.12, 4.698, 4.989, 4.932, 6.154, 6.165, 5.911, 6.058, 6.689, 5.908, 3.257, 2.651, 4.596, 5.873, 7.684, 6.486, 4.62, 4.06, 3.62, 4.165, 5.216, 6.199, 5.418, 5.799, 7.385, 8.441, 8.707, 7.404, 5.04, 3.261, 2.305, 3.869, 4.764, 5.734, 6.185, 5.279, 5.094, 6.316, 8.633, 8.932, 7.774, 7.754, 7.821, 6.559, 6.143, 6.434, 6.767, 6.701, 7.784, 7.829, 7.785, 6.099, 4.794, 3.744, 2.984, 3.222, 3.107, 2.939, 2.987, 3.01, 2.48, 3.201, 3.646, 3.631, 4.43, 4.397, 4.299], [4.065, 3.122, 2.629, 2.069, 2.531, 1.788, 2.523, 2.947, 3.361, 2.879, 2.952, 3.615, 3.707, 3.803, 3.674, 3.72, 4.231, 3.75, 4.209, 4.461, 4.188, 6.12, 8.348, 8.861, 7.016, 5.842, 6.581, 5.735, 3.423, 1.593, 1.772, 1.443, 1.451, 0.0, 2.839, 6.015, 7.285, 6.182, 5.685, 6.005, 5.22, 4.331, 4.745, 4.935, 4.45, 5.695, 7.019, 2.821, 4.582, 7.706, 9.074, 8.549, 7.814, 9.291, 10.55, 11.006, 11.732, 12.239, 11.692, 11.287, 11.513, 12.835, 14.009, 13.865, 14.237, 15.35, 15.951, 14.755, 13.554, 11.287, 9.048, 10.657, 13.266, 14.401, 11.7, 7.258, 5.716, 5.82, 6.27, 5.308, 4.873, 5.176, 5.119, 6.341, 6.351, 6.08, 6.416, 6.915, 6.286, 3.684, 2.233, 3.881, 5.006, 6.919, 5.297, 3.979, 3.823, 3.516, 4.192, 5.419, 6.373, 5.594, 6.04, 7.572, 8.628, 8.894, 7.591, 5.134, 3.312, 2.09, 3.169, 4.062, 5.074, 5.521, 4.551, 4.231, 5.486, 7.985, 8.171, 7.039, 7.096, 7.253, 5.914, 5.619, 5.829, 6.499, 6.369, 7.511, 7.613, 7.625, 5.862, 4.797, 3.619, 2.82, 3.259, 3.117, 2.54, 2.912, 2.948, 2.269, 2.507, 2.745, 2.965, 4.01, 4.054, 4.275], [3.435, 3.365, 3.187, 4.271, 5.078, 3.799, 3.558, 3.02, 2.202, 2.209, 2.219, 2.606, 3.22, 4.013, 4.372, 4.394, 4.893, 4.384, 4.517, 4.678, 4.085, 4.542, 6.225, 6.604, 4.689, 3.773, 4.208, 3.556, 1.391, 2.569, 2.796, 2.334, 3.328, 2.839, 0.0, 3.542, 4.835, 4.065, 3.753, 3.953, 3.325, 2.638, 3.287, 3.224, 2.664, 3.584, 4.614, 1.817, 6.673, 10.084, 11.506, 11.059, 10.411, 11.788, 13.025, 13.433, 14.266, 14.707, 14.19, 13.766, 13.928, 15.262, 16.503, 16.378, 16.667, 17.835, 18.385, 17.174, 15.963, 13.707, 11.439, 13.17, 15.82, 16.896, 14.252, 9.785, 8.267, 8.36, 8.821, 7.859, 7.42, 7.727, 7.67, 8.892, 8.902, 8.631, 8.791, 9.419, 8.659, 5.274, 1.582, 3.001, 3.968, 5.071, 4.812, 4.965, 6.155, 6.063, 6.68, 7.92, 8.908, 8.136, 8.518, 10.123, 11.179, 11.444, 10.145, 7.687, 5.468, 2.867, 2.018, 2.18, 2.922, 3.418, 2.797, 3.135, 3.878, 5.701, 6.174, 5.078, 4.916, 5.028, 3.737, 3.377, 3.382, 4.002, 4.1, 5.187, 5.182, 5.333, 3.512, 2.541, 1.72, 1.784, 2.1, 2.117, 3.013, 3.82, 4.015, 3.056, 2.152, 2.58, 2.746, 3.226, 4.392, 3.927], [4.636, 5.646, 5.732, 7.154, 8.191, 6.767, 6.556, 5.97, 3.837, 4.304, 4.345, 3.914, 3.957, 4.948, 6.018, 5.923, 6.601, 6.565, 5.835, 5.703, 4.685, 3.416, 3.68, 3.74, 2.434, 2.69, 3.253, 3.421, 3.334, 5.875, 5.796, 5.044, 6.402, 6.015, 3.542, 0.0, 1.805, 1.867, 2.138, 2.089, 2.139, 3.184, 2.842, 2.298, 2.681, 1.956, 1.92, 3.759, 10.047, 13.094, 14.52, 13.874, 13.33, 15.222, 16.422, 16.754, 17.675, 18.117, 17.705, 17.285, 17.361, 18.66, 19.923, 19.837, 19.994, 21.306, 21.899, 20.669, 19.419, 17.139, 14.897, 16.592, 19.276, 20.308, 17.668, 13.201, 11.684, 11.776, 12.237, 11.275, 10.834, 11.137, 11.08, 12.302, 12.312, 12.041, 12.201, 12.835, 12.048, 8.716, 4.426, 3.41, 2.885, 3.176, 3.954, 8.139, 9.51, 9.49, 10.101, 11.284, 12.317, 11.546, 11.928, 13.533, 14.589, 14.855, 13.596, 11.132, 8.764, 6.078, 3.828, 2.618, 2.015, 2.107, 3.146, 4.344, 2.952, 3.069, 3.549, 2.581, 2.414, 2.754, 2.523, 2.47, 1.909, 2.479, 3.798, 4.32, 4.299, 4.13, 3.119, 3.134, 3.884, 4.474, 4.016, 4.562, 6.272, 7.214, 7.412, 6.393, 5.274, 5.522, 5.076, 5.12, 7.339, 6.22], [5.556, 6.672, 6.782, 8.347, 9.379, 7.858, 7.653, 7.126, 5.065, 5.593, 5.546, 4.974, 4.962, 6.001, 7.11, 6.952, 7.767, 7.728, 6.908, 6.664, 5.153, 3.53, 3.052, 2.326, 1.653, 2.223, 2.706, 3.243, 4.411, 7.145, 7.099, 6.478, 7.779, 7.285, 4.835, 1.805, 0.0, 1.64, 2.439, 2.331, 2.976, 4.247, 3.986, 3.367, 3.667, 2.486, 1.199, 5.018, 11.24, 14.398, 15.702, 15.298, 14.761, 16.493, 17.736, 18.16, 18.897, 19.4, 18.977, 18.561, 18.683, 20.001, 21.189, 21.135, 21.39, 22.599, 23.174, 21.975, 20.739, 18.456, 16.168, 17.831, 20.546, 21.571, 18.868, 14.404, 12.883, 12.976, 13.437, 12.476, 12.028, 12.331, 12.274, 13.496, 13.506, 13.235, 13.395, 14.032, 13.251, 9.954, 5.74, 4.392, 3.316, 3.14, 4.698, 9.377, 10.749, 10.729, 11.35, 12.478, 13.527, 12.767, 13.121, 14.726, 15.782, 16.048, 14.835, 12.376, 10.071, 7.336, 5.097, 3.857, 3.013, 2.858, 4.181, 5.53, 3.896, 2.213, 2.582, 2.111, 1.488, 1.983, 2.66, 2.675, 2.115, 2.154, 3.312, 3.857, 3.934, 3.775, 3.072, 4.309, 5.129, 5.908, 5.511, 5.879, 7.51, 8.452, 8.646, 7.632, 6.468, 6.715, 6.27, 6.314, 8.533, 7.413], [4.517, 5.524, 5.602, 6.906, 7.893, 6.548, 6.359, 5.75, 3.653, 4.232, 4.193, 3.872, 3.951, 4.815, 5.779, 5.711, 6.421, 6.567, 5.645, 5.608, 4.422, 3.156, 2.895, 3.1, 1.885, 1.69, 2.644, 3.317, 4.098, 5.821, 5.918, 5.648, 6.902, 6.182, 4.065, 1.867, 1.64, 0.0, 1.526, 1.274, 1.993, 3.062, 2.834, 2.268, 3.042, 2.564, 1.514, 3.85, 9.904, 13.478, 15.083, 14.516, 13.871, 15.05, 16.331, 16.787, 17.371, 17.931, 17.447, 17.039, 17.283, 18.618, 19.738, 19.681, 20.023, 21.125, 21.71, 20.518, 19.306, 17.053, 14.638, 16.329, 19.016, 20.103, 17.343, 12.884, 11.345, 11.455, 11.898, 10.941, 10.494, 10.797, 10.741, 11.962, 11.973, 11.701, 11.861, 12.512, 11.767, 8.389, 4.505, 3.295, 2.75, 2.726, 3.535, 7.836, 9.221, 9.157, 9.772, 10.95, 11.998, 11.207, 11.588, 13.193, 14.249, 14.515, 13.265, 10.83, 8.654, 5.856, 3.666, 2.407, 1.881, 1.812, 2.666, 4.026, 2.665, 2.201, 2.38, 1.574, 1.36, 1.668, 1.825, 1.576, 1.776, 2.484, 3.225, 4.17, 4.305, 4.155, 2.786, 3.643, 4.213, 4.977, 4.641, 4.865, 6.048, 6.964, 7.075, 6.06, 4.961, 5.182, 4.736, 4.846, 7.051, 5.96], [3.751, 4.814, 4.909, 6.25, 7.287, 5.924, 5.733, 5.132, 3.021, 3.523, 3.528, 3.071, 3.123, 4.006, 5.009, 4.961, 5.76, 5.771, 4.87, 4.839, 3.483, 2.108, 2.82, 3.819, 2.731, 2.669, 3.873, 4.589, 4.047, 5.203, 5.21, 5.159, 6.367, 5.685, 3.753, 2.138, 2.439, 1.526, 0.0, 1.722, 1.705, 2.312, 2.05, 1.66, 2.338, 1.859, 2.15, 3.574, 9.406, 12.98, 14.578, 13.979, 13.266, 14.308, 15.598, 16.047, 16.752, 17.232, 16.774, 16.361, 16.538, 17.877, 19.027, 19.057, 19.282, 20.412, 20.997, 19.8, 18.591, 16.312, 13.965, 15.619, 18.343, 19.412, 16.698, 12.245, 10.7