[[0.0, 2.289, 4.88, 4.806, 4.665, 4.109, 2.735, 3.097, 3.265, 3.139, 3.303, 2.428, 2.006, 1.922, 1.794, 3.196, 2.573, 3.002, 5.391, 7.032, 7.043, 7.571, 6.637, 4.797, 6.483, 9.209, 10.104, 12.61, 12.78, 10.862, 10.352, 10.994, 12.668, 13.905, 14.904, 13.031, 11.608, 10.123, 9.848, 7.909, 6.785, 5.875, 4.742, 3.385, 2.64, 2.376, 1.548, 1.556, 3.138, 3.036, 4.222, 5.06, 3.688, 3.252, 3.326, 2.328, 3.271, 4.179, 2.872, 2.676, 1.954, 2.239, 2.541, 2.343, 4.134, 2.552, 3.266, 4.328, 4.49, 5.118, 5.729, 5.502, 6.081, 5.245, 6.745, 8.964, 7.969, 8.518, 6.499, 6.453, 9.609, 10.524, 7.76, 6.258, 6.111, 6.435, 5.489, 5.165, 5.276, 3.861, 2.943, 2.294, 3.607, 5.237, 3.86, 1.422, 2.061, 2.159, 3.485, 2.037, 1.744, 1.513, 1.521, 1.143, 1.713, 2.333, 2.573], [2.289, 0.0, 2.919, 3.338, 3.376, 2.751, 2.356, 2.808, 2.58, 3.158, 3.206, 2.763, 3.243, 3.391, 2.711, 1.737, 2.119, 4.2, 7.198, 8.946, 9.001, 9.493, 8.541, 6.762, 8.148, 11.213, 12.048, 14.499, 14.753, 12.653, 12.183, 12.925, 14.255, 15.442, 16.022, 14.314, 13.232, 11.999, 11.836, 9.759, 8.581, 7.568, 6.644, 4.804, 3.828, 3.804, 2.736, 3.342, 5.061, 4.962, 6.151, 6.983, 5.661, 5.253, 5.298, 4.161, 5.359, 6.269, 4.739, 4.632, 3.65, 2.153, 2.922, 2.764, 2.598, 3.402, 4.178, 4.275, 4.557, 5.359, 6.269, 6.61, 7.732, 6.927, 8.534, 10.924, 9.926, 10.521, 8.436, 8.349, 11.642, 12.617, 9.746, 7.722, 6.861, 6.659, 6.042, 5.862, 5.825, 4.516, 1.791, 1.481, 1.99, 3.304, 2.193, 2.479, 3.116, 3.915, 5.311, 3.286, 2.354, 3.302, 3.01, 2.964, 1.43, 1.992, 2.004], [4.88, 2.919, 0.0, 1.351, 2.24, 1.845, 3.223, 2.616, 2.759, 4.253, 4.077, 3.993, 5.755, 6.016, 4.565, 2.883, 3.431, 6.734, 9.844, 11.574, 11.677, 12.175, 11.203, 9.389, 10.428, 13.842, 14.711, 17.181, 17.405, 15.16, 14.786, 15.318, 16.575, 17.285, 16.563, 15.795, 14.975, 14.24, 14.491, 12.174, 10.794, 9.892, 9.298, 7.42, 6.313, 6.402, 5.141, 5.978, 7.743, 7.642, 8.831, 9.665, 8.32, 7.915, 7.953, 6.751, 7.995, 8.904, 7.146, 7.287, 5.811, 3.525, 3.29, 4.13, 2.628, 5.137, 6.39, 4.64, 4.429, 5.102, 7.21, 8.5, 10.048, 9.379, 11.044, 13.594, 12.595, 13.184, 11.092, 11.024, 14.292, 15.252, 12.395, 10.061, 8.698, 6.874, 7.316, 7.098, 6.61, 5.516, 2.338, 3.11, 2.341, 2.253, 2.54, 4.668, 5.46, 6.328, 7.778, 4.926, 4.095, 5.896, 5.656, 5.346, 3.534, 3.365, 4.271], [4.806, 3.338, 1.351, 0.0, 1.569, 1.614, 2.957, 2.554, 2.662, 4.14, 4.045, 3.778, 5.46, 5.792, 4.489, 2.928, 3.142, 6.457, 9.605, 11.491, 11.44, 11.884, 10.912, 9.097, 10.505, 13.611, 14.404, 16.895, 17.129, 14.994, 14.708, 15.15, 16.59, 17.127, 16.865, 15.997, 15.037, 14.302, 14.242, 12.231, 10.986, 9.842, 9.238, 7.381, 5.991, 6.144, 4.809, 5.611, 7.452, 7.366, 8.553, 9.374, 8.024, 7.596, 7.687, 6.463, 7.758, 8.69, 7.187, 7.085, 5.675, 3.299, 3.134, 3.786, 2.222, 4.804, 6.181, 4.598, 4.11, 5.211, 7.288, 8.562, 10.078, 9.421, 10.702, 13.197, 12.21, 12.877, 10.797, 10.732, 14.041, 15.016, 12.073, 9.783, 8.401, 6.76, 7.552, 7.448, 6.804, 5.336, 2.827, 3.072, 2.688, 2.476, 2.754, 4.759, 5.364, 6.291, 7.802, 5.112, 4.061, 5.828, 5.564, 5.121, 3.511, 3.171, 4.505], [4.665, 3.376, 2.24, 1.569, 0.0, 1.479, 2.926, 2.489, 2.666, 4.243, 4.119, 3.743, 5.349, 5.764, 4.46, 2.942, 3.107, 6.459, 9.635, 11.48, 11.348, 11.817, 10.817, 9.02, 10.594, 13.594, 14.315, 16.823, 17.084, 14.958, 14.707, 15.182, 16.678, 17.344, 17.409, 16.201, 15.241, 14.298, 14.217, 12.261, 11.11, 9.892, 9.243, 7.399, 5.869, 6.075, 4.615, 5.536, 7.386, 7.294, 8.46, 9.293, 7.919, 7.464, 7.602, 6.338, 7.619, 8.593, 7.179, 7.04, 5.816, 3.17, 3.128, 3.698, 1.775, 4.688, 6.211, 4.986, 4.458, 5.623, 7.599, 8.611, 10.219, 9.458, 10.482, 13.039, 12.133, 12.777, 10.659, 10.666, 13.976, 14.918, 11.959, 9.752, 8.266, 6.999, 7.786, 7.738, 7.016, 5.335, 2.787, 2.745, 2.474, 2.644, 2.549, 4.405, 5.282, 6.335, 7.73, 5.474, 4.118, 5.755, 5.571, 5.094, 3.432, 2.791, 4.207], [4.109, 2.751, 1.845, 1.614, 1.479, 0.0, 2.386, 2.136, 2.197, 3.692, 3.548, 3.137, 4.742, 5.104, 3.893, 1.978, 2.512, 5.865, 9.059, 10.847, 10.697, 11.186, 10.2, 8.409, 10.037, 12.939, 13.663, 16.182, 16.452, 14.336, 14.131, 14.592, 16.133, 16.874, 16.921, 15.796, 14.807, 13.813, 13.554, 11.663, 10.512, 9.305, 8.623, 6.803, 5.32, 5.457, 4.099, 4.917, 6.755, 6.647, 7.827, 8.676, 7.261, 6.845, 6.947, 5.766, 6.97, 8.03, 6.681, 6.468, 5.283, 2.749, 2.582, 3.081, 1.792, 3.984, 5.655, 4.566, 4.037, 5.027, 7.136, 8.079, 9.673, 8.869, 9.964, 12.495, 11.613, 12.11, 10.021, 10.035, 13.302, 14.226, 11.378, 9.123, 7.593, 6.607, 7.229, 7.211, 6.471, 4.735, 2.165, 2.431, 2.008, 2.704, 2.304, 4.032, 4.853, 5.8, 7.194, 4.963, 3.556, 5.077, 4.958, 4.573, 3.023, 2.478, 3.803], [2.735, 2.356, 3.223, 2.957, 2.926, 2.386, 0.0, 1.224, 1.381, 1.766, 1.995, 1.267, 2.816, 2.965, 1.943, 1.701, 1.107, 3.716, 7.012, 8.67, 8.657, 9.102, 8.132, 6.483, 8.059, 10.947, 11.71, 14.108, 14.449, 12.241, 11.96, 12.651, 14.079, 15.12, 15.766, 14.11, 13.053, 11.899, 11.575, 9.65, 8.588, 7.327, 6.442, 4.776, 3.665, 3.774, 2.888, 3.361, 4.826, 4.633, 5.838, 6.624, 5.483, 5.092, 5.209, 4.254, 5.185, 6.144, 4.844, 4.679, 3.555, 1.54, 1.752, 1.74, 2.619, 2.382, 3.727, 3.137, 2.919, 4.08, 5.71, 6.292, 7.608, 6.781, 8.084, 10.56, 9.564, 10.183, 8.091, 7.976, 11.353, 12.318, 9.398, 7.13, 5.736, 5.232, 5.621, 5.352, 4.972, 3.365, 2.12, 1.974, 2.677, 3.688, 2.919, 3.312, 3.847, 4.244, 5.423, 3.265, 1.903, 3.252, 3.055, 2.984, 2.354, 1.979, 3.713], [3.097, 2.808, 2.616, 2.554, 2.489, 2.136, 1.224, 0.0, 1.27, 1.961, 1.857, 1.586, 3.475, 3.517, 2.259, 2.192, 1.496, 4.216, 7.309, 9.13, 9.131, 9.647, 8.671, 6.828, 8.252, 11.322, 12.127, 14.653, 14.86, 12.629, 12.304, 12.829, 14.251, 15.072, 15.234, 13.989, 13.004, 12.018, 11.918, 9.86, 8.686, 7.506, 6.87, 5.049, 3.861, 4.058, 3.175, 3.814, 5.263, 5.17, 6.321, 7.137, 5.769, 5.389, 5.484, 4.414, 5.527, 6.444, 4.984, 4.859, 3.67, 1.732, 1.34, 2.028, 3.071, 2.778, 3.978, 2.786, 2.449, 3.483, 5.327, 6.244, 7.797, 7.012, 8.46, 11.028, 10.03, 10.6, 8.508, 8.498, 11.738, 12.695, 9.811, 7.481, 6.149, 4.947, 5.447, 5.334, 4.666, 3.171, 2.063, 2.248, 2.618, 3.497, 2.85, 3.508, 4.295, 4.358, 5.596, 3.287, 2.208, 3.646, 3.483, 3.338, 2.59, 2.196, 4.297], [3.265, 2.58, 2.759, 2.662, 2.666, 2.197, 1.381, 1.27, 0.0, 1.852, 1.79, 1.615, 3.536, 3.58, 2.59, 2.262, 1.65, 4.169, 7.342, 9.039, 9.094, 9.593, 8.611, 6.867, 8.218, 11.277, 12.138, 14.584, 14.833, 12.613, 12.244, 12.947, 14.26, 15.226, 15.326, 14.077, 13.077, 12.026, 11.922, 9.819, 8.712, 7.542, 6.76, 5.01, 3.964, 4.075, 3.596, 4.087, 5.325, 5.096, 6.256, 7.1, 5.83, 5.463, 5.555, 4.394, 5.52, 6.441, 4.913, 4.969, 3.991, 2.003, 1.73, 2.262, 3.049, 2.774, 4.039, 3.024, 2.628, 3.631, 5.477, 6.372, 7.822, 7.057, 8.525, 11.034, 10.024, 10.609, 8.557, 8.496, 11.767, 12.713, 9.865, 7.515, 6.129, 5.178, 5.482, 5.372, 4.726, 3.209, 1.97, 2.38, 2.568, 3.688, 2.811, 3.69, 4.118, 4.282, 5.611, 3.5, 2.287, 3.886, 3.405, 3.325, 2.707, 2.303, 4.07], [3.139, 3.158, 4.253, 4.14, 4.243, 3.692, 1.766, 1.961, 1.852, 0.0, 0.987, 1.189, 2.603, 2.476, 1.719, 2.798, 1.889, 2.707, 5.773, 7.612, 7.565, 8.014, 7.045, 5.403, 6.749, 9.755, 10.602, 12.993, 13.286, 11.195, 10.775, 11.476, 12.838, 13.982, 14.352, 12.818, 11.791, 10.652, 10.416, 8.476, 7.353, 6.207, 5.342, 3.607, 2.584, 2.756, 2.971, 3.307, 3.882, 3.665, 4.749, 5.517, 4.421, 4.048, 4.189, 3.338, 4.285, 5.162, 3.744, 3.626, 3.2, 2.078, 1.732, 1.606, 3.97, 1.869, 2.72, 2.069, 1.986, 2.884, 4.385, 5.181, 6.426, 5.626, 7.094, 9.463, 8.46, 9.055, 7.028, 6.947, 10.307, 11.241, 8.359, 6.008, 4.626, 4.033, 4.246, 4.078, 3.58, 2.122, 2.689, 2.799, 3.448, 4.859, 3.939, 3.867, 4.5, 3.631, 4.255, 2.727, 2.285, 3.182, 2.599, 3.006, 2.94, 2.775, 4.472], [3.303, 3.206, 4.077, 4.045, 4.119, 3.548, 1.995, 1.857, 1.79, 0.987, 0.0, 1.37, 3.106, 2.919, 2.052, 2.823, 1.825, 2.888, 5.929, 7.766, 7.795, 8.337, 7.356, 5.448, 6.587, 9.814, 10.731, 13.306, 13.454, 11.292, 10.952, 11.473, 12.761, 13.817, 14.02, 12.528, 11.59, 10.451, 10.512, 8.35, 7.218, 6.109, 5.535, 3.757, 2.704, 2.856, 3.17, 3.704, 4.273, 4.009, 5.076, 5.854, 4.625, 4.261, 4.401, 3.456, 4.454, 5.252, 3.738, 3.804, 3.275, 2.108, 1.715, 1.996, 4.219, 2.111, 2.883, 1.869, 1.83, 2.719, 4.138, 5.017, 6.441, 5.66, 7.128, 9.634, 8.631, 9.189, 7.182, 7.239, 10.382, 11.317, 8.454, 6.127, 4.758, 3.966, 3.953, 3.895, 3.278, 2.083, 2.456, 2.718, 3.278, 4.586, 3.673, 3.81, 4.431, 3.691, 4.231, 2.615, 2.341, 3.38, 2.696, 3.128, 2.998, 2.902, 4.655], [2.428, 2.763, 3.993, 3.778, 3.743, 3.137, 1.267, 1.586, 1.615, 1.189, 1.37, 0.0, 2.269, 2.258, 1.351, 1.983, 1.244, 2.978, 6.101, 7.853, 7.773, 8.313, 7.343, 5.618, 7.123, 9.986, 10.771, 13.294, 13.499, 11.499, 11.072, 11.732, 13.354, 14.398, 14.986, 13.38, 12.336, 11.037, 10.606, 8.86, 7.826, 6.693, 5.718, 4.019, 2.896, 2.997, 2.581, 2.916, 4.125, 3.85, 5.063, 5.857, 4.677, 4.244, 4.387, 3.414, 4.343, 5.317, 4.104, 3.844, 3.191, 1.599, 1.364, 1.403, 3.279, 1.72, 3.158, 2.578, 2.479, 3.504, 5.053, 5.69, 6.917, 6.133, 7.408, 9.701, 8.698, 9.247, 7.268, 7.261, 10.506, 11.412, 8.551, 6.193, 4.864, 4.738, 4.896, 4.633, 4.223, 2.722, 2.363, 2.243, 3.142, 4.519, 3.374, 3.266, 3.926, 3.618, 4.687, 2.775, 1.802, 2.715, 2.358, 2.627, 2.457, 2.28, 3.85], [2.006, 3.243, 5.755, 5.46, 5.349, 4.742, 2.816, 3.475, 3.536, 2.603, 3.106, 2.269, 0.0, 1.189, 1.653, 3.448, 2.6, 2.687, 5.232, 6.937, 6.376, 6.551, 5.59, 4.813, 6.433, 9.035, 9.748, 11.903, 12.367, 10.673, 10.252, 11.03, 12.755, 13.922, 14.817, 13.035, 11.776, 10.366, 9.718, 8.239, 7.185, 6.14, 4.752, 3.367, 2.634, 2.156, 1.998, 1.396, 2.338, 2.274, 3.305, 4.031, 3.161, 3.02, 3.24, 2.544, 2.997, 4.163, 3.361, 2.87, 2.271, 2.701, 2.82, 1.786, 4.418, 2.094, 3.003, 4.18, 4.324, 4.97, 5.263, 5.317, 6.252, 5.467, 6.523, 8.098, 7.481, 7.797, 6.048, 5.865, 9.277, 9.956, 7.426, 5.738, 4.866, 5.872, 5.011, 4.626, 4.767, 3.347, 3.975, 3.225, 4.677, 6.26, 4.946, 3.003, 3.677, 3.416, 4.059, 2.615, 2.62, 2.003, 1.907, 2.083, 2.745, 2.901, 3.63], [1.922, 3.391, 6.016, 5.792, 5.764, 5.104, 2.965, 3.517, 3.58, 2.476, 2.919, 2.258, 1.189, 0.0, 1.663, 3.643, 2.782, 2.201, 4.634, 6.412, 5.885, 6.21, 5.258, 4.195, 5.862, 8.441, 9.244, 11.541, 11.781, 10.099, 9.67, 10.483, 12.195, 13.519, 14.524, 12.672, 11.267, 9.782, 9.141, 7.635, 6.618, 5.602, 4.189, 3.003, 2.226, 1.581, 2.006, 1.44, 2.159, 1.88, 3.027, 3.818, 2.927, 2.576, 2.798, 2.254, 2.616, 3.72, 2.932, 2.404, 2.185, 2.966, 2.97, 2.285, 4.843, 1.928, 2.722, 3.967, 4.118, 4.665, 5.052, 5.041, 5.688, 4.982, 6.111, 7.693, 6.954, 7.31, 5.554, 5.455, 8.694, 9.451, 6.828, 5.309, 4.725, 5.703, 4.767, 4.427, 4.608, 3.308, 4.243, 3.536, 4.957, 6.554, 5.248, 2.985, 3.575, 2.802, 3.528, 2.292, 2.22, 1.495, 1.679, 1.87, 2.922, 3.221, 3.474], [1.794, 2.711, 4.565, 4.489, 4.46, 3.893, 1.943, 2.259, 2.59, 1.719, 2.052, 1.351, 1.653, 1.663, 0.0, 2.497, 1.724, 2.597, 5.466, 7.271, 7.192, 7.652, 6.671, 5.062, 6.486, 9.415, 10.258, 12.667, 12.943, 11.033, 10.494, 11.147, 12.783, 14.003, 14.876, 13.081, 11.808, 10.417, 10.083, 8.241, 7.165, 6.175, 5.057, 3.525, 2.508, 2.507, 1.86, 2.161, 3.48, 3.193, 4.392, 5.217, 4.174, 3.753, 3.921, 2.978, 3.883, 4.829, 3.514, 3.3, 2.342, 1.822, 1.853, 1.53, 3.852, 1.934, 2.792, 3.122, 3.25, 3.901, 4.902, 5.334, 6.238, 5.544, 6.921, 9.081, 8.077, 8.713, 6.708, 6.604, 9.959, 10.904, 7.987, 5.666, 4.844, 5.082, 4.758, 4.318, 4.137, 2.887, 2.801, 2.189, 3.549, 5.087, 3.854, 2.672, 3.496, 3.194, 4.131, 2.315, 1.61, 1.941, 1.92, 2.183, 2.156, 2.149, 3.328], [3.196, 1.737, 2.883, 2.928, 2.942, 1.978, 1.701, 2.192, 2.262, 2.798, 2.823, 1.983, 3.448, 3.643, 2.497, 0.0, 1.481, 4.532, 7.595, 9.406, 9.266, 9.805, 8.831, 7.054, 8.59, 11.476, 12.231, 14.799, 14.978, 12.932, 12.623, 13.263, 14.822, 15.763, 16.367, 14.742, 13.64, 12.4, 11.969, 10.256, 9.253, 8.032, 7.281, 5.51, 4.29, 4.382, 3.304, 3.941, 5.583, 5.345, 6.558, 7.353, 6.083, 5.661, 5.762, 4.717, 5.617, 6.614, 5.433, 5.14, 4.329, 1.941, 2.488, 2.438, 2.109, 2.969, 4.628, 4.087, 3.974, 5.132, 6.386, 7.073, 8.417, 7.523, 8.742, 11.131, 10.155, 10.693, 8.669, 8.732, 11.847, 12.713, 9.994, 7.709, 6.22, 6.01, 6.225, 6.096, 5.596, 4.065, 2.106, 1.733, 1.793, 3.005, 2.162, 3.224, 4.016, 4.819, 6.003, 3.978, 2.352, 3.608, 3.523, 3.796, 2.285, 2.157, 2.778], [2.573, 2.119, 3.431, 3.142, 3.107, 2.512, 1.107, 1.496, 1.65, 1.889, 1.825, 1.244, 2.6, 2.782, 1.724, 1.481, 0.0, 3.532, 6.769, 8.517, 8.421, 8.906, 7.959, 6.305, 7.762, 10.634, 11.385, 13.869, 14.089, 12.004, 11.718, 12.213, 13.769, 14.788, 15.368, 13.774, 12.728, 11.534, 11.262, 9.438, 8.373, 7.158, 6.419, 4.678, 3.426, 3.673, 2.536, 3.096, 4.717, 4.486, 5.699, 6.494, 5.258, 4.888, 5.046, 4.006, 5.037, 6.006, 4.677, 4.51, 3.378, 1.586, 1.668, 1.69, 2.849, 2.394, 3.603, 3.151, 3.04, 3.982, 5.457, 6.118, 7.451, 6.653, 7.865, 10.255, 9.275, 9.907, 7.871, 7.856, 11.179, 12.096, 9.146, 6.841, 5.551, 5.301, 5.296, 5.047, 4.675, 3.154, 2.055, 1.725, 2.44, 3.897, 2.753, 3.027, 3.667, 4.057, 5.293, 3.117, 1.817, 3.039, 2.852, 2.87, 2.084, 1.88, 3.299], [3.002, 4.2, 6.734, 6.457, 6.459, 5.865, 3.716, 4.216, 4.169, 2.707, 2.888, 2.978, 2.687, 2.201, 2.597, 4.532, 3.532, 0.0, 3.57, 5.315, 5.034, 5.469, 4.507, 3.132, 4.796, 7.398, 8.168, 10.49, 10.852, 8.91, 8.573, 9.218, 10.926, 12.277, 13.386, 11.472, 10.009, 8.528, 8.084, 6.36, 5.287, 4.337, 3.051, 1.549, 1.224, 1.818, 2.592, 2.793, 2.736, 2.33, 3.273, 3.699, 3.125, 2.528, 2.756, 2.452, 3.113, 3.714, 2.638, 2.647, 2.887, 3.68, 3.714, 3.235, 5.858, 2.654, 1.528, 2.701, 2.866, 3.161, 3.765, 3.89, 4.36, 3.701, 4.871, 6.91, 5.94, 6.564, 4.534, 4.452, 7.834, 8.762, 5.842, 4.27, 3.785, 4.162, 3.503, 3.239, 3.298, 2.751, 4.983, 4.232, 5.668, 7.265, 5.959, 3.82, 4.427, 3.332, 3.045, 3.107, 2.93, 2.742, 2.27, 2.649, 3.683, 3.937, 4.467], [5.391, 7.198, 9.844, 9.605, 9.635, 9.059, 7.012, 7.309, 7.342, 5.773, 5.929, 6.101, 5.232, 4.634, 5.466, 7.595, 6.769, 3.57, 0.0, 2.207, 1.969, 2.779, 2.58, 1.653, 2.05, 4.144, 5.114, 7.578, 7.687, 5.987, 5.425, 6.099, 7.798, 9.16, 10.241, 8.328, 6.876, 5.347, 5.001, 3.63, 3.258, 2.499, 2.386, 3.002, 3.895, 4.119, 5.536, 5.034, 4.319, 4.315, 4.344, 4.752, 5.184, 4.144, 4.134, 4.318, 4.165, 3.905, 3.965, 3.843, 4.722, 6.767, 6.81, 6.339, 8.989, 5.546, 3.598, 5.241, 5.588, 4.852, 3.026, 1.949, 1.883, 1.588, 2.151, 3.799, 2.9, 3.424, 1.738, 1.683, 4.55, 5.528, 2.695, 1.456, 2.077, 3.474, 3.269, 3.143, 3.553, 4.723, 8.006, 7.283, 8.723, 10.314, 9.004, 6.395, 6.868, 5.525, 4.616, 5.408, 5.893, 4.767, 4.738, 5.135, 6.688, 7.298, 7.394], [7.032, 8.946, 11.574, 11.491, 11.48, 10.847, 8.67, 9.13, 9.039, 7.612, 7.766, 7.853, 6.937, 6.412, 7.271, 9.406, 8.517, 5.315, 2.207, 0.0, 1.929, 2.446, 2.745, 2.862, 2.466, 2.777, 3.228, 5.713, 5.922, 3.989, 3.611, 4.334, 5.94, 7.305, 8.566, 6.646, 5.268, 4.087, 3.712, 2.499, 2.68, 2.164, 2.853, 4.462, 5.817, 6.025, 7.482, 6.687, 5.634, 5.586, 5.026, 5.167, 6.301, 5.175, 4.988, 5.88, 5.336, 4.363, 5.404, 5.4, 6.077, 8.626, 8.585, 8.108, 10.824, 7.467, 5.38, 7.091, 7.465, 6.633, 4.713, 3.408, 1.923, 2.319, 1.452, 2.451, 1.847, 2.371, 1.844, 1.813, 2.868, 3.816, 2.047, 2.464, 3.603, 5.247, 4.968, 4.834, 5.33, 6.457, 9.783, 9.164, 10.528, 12.12, 10.817, 7.893, 7.892, 6.698, 5.237, 7.059, 7.724, 6.303, 6.54, 6.606, 8.49, 9.07, 9.298], [7.043, 9.001, 11.677, 11.44, 11.348, 10.697, 8.657, 9.131, 9.094, 7.565, 7.795, 7.773, 6.376, 5.885, 7.192, 9.266, 8.421, 5.034, 1.969, 1.929, 0.0, 1.597, 2.452, 2.654, 2.396, 2.857, 4.012, 6.206, 6.206, 4.854, 4.492, 5.304, 7.016, 8.455, 9.646, 7.719, 6.28, 4.703, 4.114, 3.345, 3.519, 3.268, 3.267, 4.361, 5.515, 5.427, 6.951, 6.051, 4.911, 4.805, 4.704, 4.744, 5.533, 4.916, 5.014, 5.561, 4.852, 4.363, 5.379, 5.009, 6.153, 8.622, 8.575, 7.781, 10.486, 6.865, 5.317, 7.051, 7.431, 6.65, 4.83, 3.336, 2.244, 2.726, 1.932, 2.434, 2.168, 2.312, 1.462, 1.916, 3.203, 3.831, 1.531, 1.952, 3.265, 5.298, 5.044, 4.945, 5.412, 6.486, 9.886, 9.149, 10.6, 12.209, 10.883, 8.006, 8.236, 6.85, 5.734, 7.168, 7.76, 6.123, 6.35, 6.511, 8.514, 8.907, 8.853], [7.571, 9.493, 12.175, 11.884, 11.817, 11.186, 9.102, 9.647, 9.593, 8.014, 8.337, 8.313, 6.551, 6.21, 7.652, 9.805, 8.906, 5.469, 2.779, 2.446, 1.597, 0.0, 1.51, 3.161, 2.539, 3.178, 4.265, 6.147, 6.484, 5.098, 4.735, 5.592, 7.275, 8.79, 10.046, 8.12, 6.664, 4.993, 4.24, 3.008, 3.243, 3.175, 3.501, 4.816, 5.952, 5.96, 7.399, 6.334, 4.8, 4.749, 4.418, 4.312, 5.478, 5.106, 5.234, 5.904, 5.112, 4.427, 5.805, 5.406, 6.512, 9.134, 9.117, 8.123, 10.852, 7.258, 5.785, 7.557, 7.9, 7.212, 5.564, 3.977, 2.458, 3.136, 2.081, 2.229, 1.991, 1.903, 1.741, 2.124, 3.426, 3.724, 2.325, 2.806, 4.027, 6.087, 5.7, 5.491, 5.954, 7.028, 10.409, 9.663, 11.131, 12.729, 11.422, 8.47, 8.564, 7.193, 5.957, 7.69, 8.287, 6.556, 6.866, 6.994, 9.046, 9.304, 9.308], [6.637, 8.541, 11.203, 10.912, 10.817, 10.2, 8.132, 8.671, 8.611, 7.045, 7.356, 7.343, 5.59, 5.258, 6.671, 8.831, 7.959, 4.507, 2.58, 2.745, 2.452, 1.51, 0.0, 2.351, 2.598, 4.124, 5.065, 6.983, 7.43, 5.898, 5.547, 6.367, 8.078, 9.49, 10.645, 8.723, 7.257, 5.677, 5.011, 3.52, 2.806, 2.608, 2.901, 4.147, 4.998, 5.046, 6.574, 5.563, 4.05, 4.215, 3.886, 3.841, 5.14, 4.595, 4.651, 5.347, 4.598, 3.912, 5.08, 4.803, 5.838, 8.152, 8.128, 7.152, 9.88, 6.296, 4.82, 6.586, 6.929, 6.404, 5.199, 3.535, 2.517, 3.079, 2.335, 3.119, 2.611, 2.699, 2.124, 2.131, 4.3, 4.755, 3.113, 3.064, 3.839, 5.645, 5.013, 4.637, 4.995, 6.046, 9.431, 8.684, 10.145, 11.742, 10.435, 7.738, 7.983, 6.607, 5.368, 6.774, 7.316, 5.86, 6.007, 6.228, 8.069, 8.327, 8.408], [4.797, 6.762, 9.389, 9.097, 9.02, 8.409, 6.483, 6.828, 6.867, 5.403, 5.448, 5.618, 4.813, 4.195, 5.062, 7.054, 6.305, 3.132, 1.653, 2.862, 2.654, 3.161, 2.351, 0.0, 2.417, 4.702, 5.708, 8.228, 8.339, 6.536, 6.126, 6.743, 8.467, 9.688, 10.681, 8.785, 7.269, 5.766, 5.418, 3.773, 2.957, 2.178, 1.667, 2.513, 3.402, 3.617, 4.94, 4.486, 3.712, 3.721, 3.596, 4.027, 4.614, 3.505, 3.369, 3.688, 3.326, 2.871, 3.112, 3.121, 4.075, 6.163, 6.184, 5.801, 8.566, 4.973, 3.1, 4.837, 5.076, 4.675, 3.675, 2.458, 2.276, 2.042, 2.376, 4.399, 3.422, 4.031, 2.184, 2.271, 5.022, 5.995, 3.278, 2.402, 2.94, 3.994, 3.267, 2.875, 3.052, 4.059, 7.553, 6.835, 8.11, 9.678, 8.324, 5.626, 5.993, 4.711, 3.643, 4.807, 5.469, 4.285, 4.262, 4.474, 6.198, 6.743, 6.942], [6.483, 8.148, 10.428, 10.505, 10.594, 10.037, 8.059, 8.252, 8.218, 6.749, 6.587, 7.123, 6.433, 5.862, 6.486, 8.59, 7.762, 4.796, 2.05, 2.466, 2.396, 2.539, 2.598, 2.417, 0.0, 3.505, 4.721, 7.209, 7.193, 5.433, 4.926, 5.47, 6.973, 8.217, 8.924, 7.04, 5.725, 4.294, 4.495, 2.654, 2.45, 2.611, 3.456, 4.255, 5.099, 5.265, 6.609, 6.453, 5.809, 5.76, 5.685, 5.961, 6.666, 5.591, 5.527, 5.43, 5.378, 4.624, 4.786, 5.031, 5.816, 7.516, 7.692, 7.529, 10.279, 6.67, 4.638, 6.034, 6.451, 5.72, 3.897, 2.515, 1.734, 2.563, 2.196, 3.39, 2.541, 3.025, 2.436, 2.883, 4.056, 4.983, 2.484, 1.857, 3.262, 4.304, 3.676, 3.61, 3.967, 5.509, 8.716, 8.247, 9.288, 10.833, 9.529, 7.28, 7.783, 6.407, 5.503, 6.038, 6.788, 5.965, 5.63, 6.367, 7.603, 8.35, 8.521], [9.209, 11.213, 13.842, 13.611, 13.594, 12.939, 10.947, 11.322, 11.277, 9.755, 9.814, 9.986, 9.035, 8.441, 9.415, 11.476, 10.634, 7.398, 4.144, 2.777, 2.857, 3.178, 4.124, 4.702, 3.505, 0.0, 2.053, 4.124, 3.796, 2.654, 2.213, 3.042, 4.482, 6.027, 7.249, 5.349, 3.982, 2.666, 2.368, 2.776, 3.87, 4.408, 5.03, 6.453, 7.831, 7.752, 9.043, 8.49, 7.331, 7.202, 6.706, 6.708, 7.661, 6.848, 6.856, 7.467, 6.783, 5.771, 7.249, 6.872, 8.072, 10.657, 10.702, 10.302, 12.99, 9.316, 7.599, 9.284, 9.545, 8.873, 6.814, 5.441, 3.871, 4.609, 3.446, 2.279, 2.122, 2.217, 3.361, 4.003, 2.36, 2.912, 2.227, 4.004, 5.579, 7.269, 6.987, 6.993, 7.375, 8.488, 12.005, 11.312, 12.632, 14.212, 12.899, 9.944, 9.795, 8.417, 7.122, 9.175, 9.896, 8.137, 8.406, 8.661, 10.665, 11.279, 11.075], [10.104, 12.048, 14.711, 14.404, 14.315, 13.663, 11.71, 12.127, 12.138, 10.602, 10.731, 10.771, 9.748, 9.244, 10.258, 12.231, 11.385, 8.168, 5.114, 3.228, 4.012, 4.265, 5.065, 5.708, 4.721, 2.053, 0.0, 2.667, 2.925, 1.302, 1.528, 2.171, 3.397, 5.054, 6.388, 4.516, 3.413, 2.942, 2.426, 2.883, 4.326, 4.982, 5.657, 7.432, 8.579, 8.893, 10.237, 9.451, 8.356, 8.224, 7.338, 7.333, 8.451, 7.546, 7.214, 8.49, 7.867, 7.071, 8.359, 8.18, 8.961, 11.58, 11.52, 10.826, 13.665, 10.216, 8.368, 10.088, 10.391, 9.697, 7.761, 6.308, 4.706, 5.357, 3.935, 2.52, 2.754, 2.636, 4.163, 4.335, 2.397, 2.56, 3.101, 4.931, 6.402, 8.212, 7.957, 7.902, 8.344, 9.421, 12.873, 12.124, 13.568, 15.16, 13.827, 10.901, 10.384, 9.338, 7.769, 10.114, 10.774, 9.156, 9.5, 9.533, 11.515, 11.954, 12.255], [12.61, 14.499, 17.181, 16.895, 16.823, 16.182, 14.108, 14.653, 14.584, 12.993, 13.306, 13.294, 11.903, 11.541, 12.667, 14.799, 13.869, 10.49, 7.578, 5.713, 6.206, 6.147, 6.983, 8.228, 7.209, 4.124, 2.667, 0.0, 1.784, 2.25, 2.652, 2.393, 3.159, 4.304, 5.596, 3.875, 3.748, 4.334, 3.629, 5.274, 6.63, 7.536, 8.039, 9.811, 10.988, 11.269, 12.486, 11.586, 10.209, 10.15, 9.011, 8.898, 10.257, 9.758, 9.453, 10.785, 10.041, 9.296, 10.81, 10.515, 11.457, 14.109, 14.106, 13.164, 15.988, 12.647, 10.793, 12.563, 12.906, 12.176, 10.33, 8.868, 7.156, 7.879, 6.375, 4.393, 5.08, 4.76, 6.318, 6.347, 3.914, 3.804, 5.29, 7.379, 8.941, 10.78, 10.534, 10.429, 10.92, 11.994, 15.414, 14.667, 16.127, 17.724, 16.403, 13.464, 12.826, 11.693, 10.08, 12.685, 13.293, 11.539, 11.946, 11.988, 14.047, 14.31, 14.475], [12.78, 14.753, 17.405, 17.129, 17.084, 16.452, 14.449, 14.86, 14.833, 13.286, 13.454, 13.499, 12.367, 11.781, 12.943, 14.978, 14.089, 10.852, 7.687, 5.922, 6.206, 6.484, 7.43, 8.339, 7.193, 3.796, 2.925, 1.784, 0.0, 2.317, 2.796, 2.553, 3.009, 4.106, 5.53, 4.144, 4.236, 4.804, 4.164, 5.423, 6.792, 7.714, 8.211, 10.044, 11.238, 11.28, 12.551, 11.838, 10.641, 10.494, 9.346, 9.006, 10.18, 9.808, 9.631, 10.949, 10.109, 9.117, 10.906, 10.522, 11.645, 14.293, 14.268, 13.62, 16.337, 12.786, 11.084, 12.812, 13.122, 12.428, 10.495, 9.062, 7.4, 8.09, 6.693, 4.492, 5.147, 4.811, 6.634, 6.928, 3.898, 3.689, 5.257, 7.44, 9.113, 10.922, 10.662, 10.609, 11.05, 12.19, 15.588, 14.864, 16.313, 17.883, 16.56, 13.584, 12.992, 11.777, 10.232, 12.849, 13.466, 11.743, 12.043, 12.228, 14.245, 14.686, 14.602], [10.862, 12.653, 15.16, 14.994, 14.958, 14.336, 12.241, 12.629, 12.613, 11.195, 11.292, 11.499, 10.673, 10.099, 11.033, 12.932, 12.004, 8.91, 5.987, 3.989, 4.854, 5.098, 5.898, 6.536, 5.433, 2.654, 1.302, 2.25, 2.317, 0.0, 1.511, 1.985, 2.815, 4.41, 5.81, 4.014, 3.321, 3.522, 3.215, 3.4, 4.757, 5.532, 6.39, 8.062, 9.386, 9.699, 10.867, 10.306, 9.151, 9.009, 8.04, 8.082, 9.251, 8.342, 7.981, 9.18, 8.645, 7.76, 9.047, 8.912, 9.553, 12.141, 12.07, 11.661, 14.507, 11.24, 8.919, 10.607, 10.959, 10.172, 8.279, 6.823, 5.289, 5.937, 4.616, 3.26, 3.612, 3.5, 4.97, 5.18, 2.874, 2.928, 3.745, 5.77, 7.345, 8.743, 8.476, 8.388, 8.866, 9.99, 13.382, 12.737, 14.075, 15.724, 14.376, 11.579, 10.972, 9.999, 8.282, 10.671, 11.352, 9.887, 10.209, 10.064, 12.05, 12.52, 12.929], [10.352, 12.183, 14.786, 14.708, 14.707, 14.131, 11.96, 12.304, 12.244, 10.775, 10.952, 11.072, 10.252, 9.67, 10.494, 12.623, 11.718, 8.573, 5.425, 3.611, 4.492, 4.735, 5.547, 6.126, 4.926, 2.213, 1.528, 2.652, 2.796, 1.511, 0.0, 1.573, 2.719, 4.347, 5.713, 3.819, 3.041, 3.197, 2.855, 3.433, 4.798, 5.234, 5.948, 7.63, 9.053, 9.317, 10.605, 9.941, 8.814, 8.657, 7.923, 8.082, 9.25, 8.07, 7.92, 8.912, 8.377, 7.377, 8.563, 8.437, 9.193, 11.77, 11.791, 11.423, 14.062, 10.827, 8.574, 10.268, 10.652, 9.806, 7.902, 6.485, 4.829, 5.538, 4.454, 3.562, 3.37, 3.44, 4.7, 4.987, 3.293, 3.304, 3.453, 5.326, 6.927, 8.403, 8.115, 8.033, 8.515, 9.707, 12.999, 12.358, 13.713, 15.352, 14.021, 11.141, 10.748, 9.621, 8.131, 10.259, 10.965, 9.488, 9.733, 9.819, 11.701, 12.287, 12.413], [10.994, 12.925, 15.318, 15.15, 15.182, 14.592, 12.651, 12.829, 12.947, 11.476, 11.473, 11.732, 11.03, 10.483, 11.147, 13.263, 12.213, 9.218, 6.099, 4.334, 5.304, 5.592, 6.367, 6.743, 5.47, 3.042, 2.171, 2.393, 2.553, 1.985, 1.573, 0.0, 1.913, 3.43, 4.837, 3.032, 2.797, 3.108, 2.951, 3.971, 5.189, 5.791, 6.774, 8.418, 9.622, 10.13, 11.108, 10.69, 9.685, 9.553, 8.851, 8.971, 10.109, 8.923, 8.733, 9.598, 9.295, 8.297, 9.167, 9.234, 9.72, 12.229, 12.28, 12.139, 14.891, 11.53, 9.167, 10.725, 11.105, 10.348, 8.405, 6.989, 5.406, 6.159, 5.031, 4.266, 4.046, 4.171, 5.5, 5.66, 4.071, 4.049, 4.275, 5.926, 7.684, 8.851, 8.548, 8.48, 8.982, 10.22, 13.586, 12.865, 14.241, 15.807, 14.478, 11.625, 11.419, 10.321, 8.913, 10.741, 11.563, 10.344, 10.364, 10.399, 12.193, 12.824, 13.201], [12.668, 14.255, 16.575, 16.59, 16.678, 16.133, 14.079, 14.251, 14.26, 12.838, 12.761, 13.354, 12.755, 12.195, 12.783, 14.822, 13.769, 10.926, 7.798, 5.94, 7.016, 7.275, 8.078, 8.467, 6.973, 4.482, 3.397, 3.159, 3.009, 2.815, 2.719, 1.913, 0.0, 2.188, 3.519, 3.032, 3.192, 3.997, 3.867, 5.05, 6.29, 7.065, 8.33, 9.936, 11.298, 11.785, 12.799, 12.418, 11.359, 11.203, 10.408, 10.532, 11.687, 10.509, 10.277, 11.155, 10.868, 9.866, 10.598, 10.864, 11.1, 13.675, 13.766, 13.661, 16.498, 13.3, 10.66, 12.085, 12.548, 11.705, 9.704, 8.345, 6.829, 7.587, 6.552, 5.7, 5.685, 5.713, 7.127, 7.305, 5.382, 5.397, 5.909, 7.698, 9.383, 10.207, 9.836, 9.753, 10.228, 11.682, 14.807, 14.318, 15.613, 17.126, 15.875, 13.182, 12.728, 11.745, 10.177, 12.113, 12.993, 11.896, 11.92, 11.95, 13.608, 14.298, 14.858], [13.905, 15.442, 17.285, 17.127, 17.344, 16.874, 15.12, 15.072, 15.226, 13.982, 13.817, 14.398, 13.922, 13.519, 14.003, 15.763, 14.788, 12.277, 9.16, 7.305, 8.455, 8.79, 9.49, 9.688, 8.217, 6.027, 5.054, 4.304, 4.106, 4.41, 4.347, 3.43, 2.188, 0.0, 2.422, 2.204, 3.094, 4.788, 4.717, 6.637, 7.79, 8.386, 10.007, 11.47, 12.619, 13.08, 14.187, 13.809, 12.846, 12.757, 12.188, 12.355, 13.462, 12.237, 12.024, 12.643, 12.35, 11.351, 12.041, 12.345, 12.399, 14.663, 14.353, 14.673, 17.573, 14.452, 11.83, 12.833, 13.115, 12.36, 10.284, 9.121, 8.237, 8.926, 7.856, 7.476, 7.191, 7.469, 8.631, 8.74, 7.047, 7.015, 7.379, 8.941, 10.336, 10.809, 10.645, 10.586, 11.038, 12.448, 15.804, 15.39, 16.336, 17.947, 16.673, 14.3, 14.31, 13.378, 11.899, 12.895, 14.211, 13.299, 13.286, 13.304, 14.549, 15.15, 16.334], [14.904, 16.022, 16.563, 16.865, 17.409, 16.921, 15.766, 15.234, 15.326, 14.352, 14.02, 14.986, 14.817, 14.524, 14.876, 16.367, 15.368, 13.386, 10.241, 8.566, 9.646, 10.046, 10.645, 10.681, 8.924, 7.249, 6.388, 5.596, 5.53, 5.81, 5.713, 4.837, 3.519, 2.422, 0.0, 2.19, 3.71, 5.501, 5.922, 7.693, 8.671, 9.506, 11.281, 12.594, 13.697, 14.084, 15.205, 14.975, 14.048, 14.025, 13.527, 13.695, 14.796, 13.575, 13.362, 13.884, 13.537, 12.522, 12.846, 13.448, 13.508, 15.044, 14.604, 15.124, 18.214, 15.255, 12.732, 12.927, 13.179, 12.067, 10.174, 9.688, 9.38, 10.083, 8.998, 8.699, 8.432, 8.808, 9.923, 9.895, 8.297, 8.249, 8.465, 9.828, 11.071, 10.723, 10.521, 10.662, 10.86, 12.697, 15.936, 16.173, 16.476, 17.862, 16.827, 15.263, 15.362, 14.446, 12.837, 13.239, 15.106, 14.45, 14.176, 14.5, 15.335, 15.944, 17.336], [13.031, 14.314, 15.795, 15.997, 16.201, 15.796, 14.11, 13.989, 14.077, 12.818, 12.528, 13.38, 13.035, 12.672, 13.081, 14.742, 13.774, 11.472, 8.328, 6.646, 7.719, 8.12, 8.723, 8.785, 7.04, 5.349, 4.516, 3.875, 4.144, 4.014, 3.819, 3.032, 3.032, 2.204, 2.19, 0.0, 1.766, 3.53, 4.012, 5.825, 6.788, 7.545, 9.362, 10.671, 11.809, 12.208, 13.298, 13.051, 12.124, 12.104, 11.609, 11.776, 12.877, 11.66, 11.444, 11.958, 11.588, 10.55, 10.834, 11.509, 11.582, 13.473, 13.314, 13.641, 16.595, 13.537, 10.946, 11.56, 11.987, 11.093, 8.86, 7.931, 7.464, 8.166, 7.083, 6.826, 6.509, 6.891, 7.995, 7.989, 6.492, 6.386, 6.545, 8.051, 9.351, 9.447, 8.933, 9.074, 9.483, 11.277, 14.448, 14.43, 15.015, 16.48, 15.225, 13.271, 13.366, 12.423, 10.825, 11.478, 13.202, 12.516, 12.256, 12.572, 13.552, 14.182, 15.464], [11.608, 13.232, 14.975, 15.037, 15.241, 14.807, 13.053, 13.004, 13.077, 11.791, 11.59, 12.336, 11.776, 11.267, 11.808, 13.64, 12.728, 10.009, 6.876, 5.268, 6.28, 6.664, 7.257, 7.269, 5.725, 3.982, 3.413, 3.748, 4.236, 3.321, 3.041, 2.797, 3.192, 3.094, 3.71, 1.766, 0.0, 2.177, 2.748, 4.483, 5.423, 6.144, 7.957, 9.215, 10.353, 10.773, 11.822, 11.595, 10.668, 10.652, 10.205, 10.372, 11.454, 10.266, 10.047, 10.461, 10.03, 9.016, 9.261, 9.937, 10.141, 12.472, 12.321, 12.611, 15.505, 12.203, 9.622, 10.624, 11.003, 10.14, 7.908, 6.865, 6.033, 6.782, 5.673, 5.487, 5.066, 5.496, 6.54, 6.568, 4.975, 4.838, 5.077, 6.713, 8.228, 8.448, 8.008, 8.128, 8.581, 10.174, 13.493, 13.254, 13.975, 15.488, 14.096, 11.746, 11.799, 10.86, 9.385, 10.434, 11.786, 11.045, 10.803, 11.099, 12.366, 13.093, 14.023], [10.123, 11.999, 14.24, 14.302, 14.298, 13.813, 11.899, 12.018, 12.026, 10.652, 10.451, 11.037, 10.366, 9.782, 10.417, 12.4, 11.534, 8.528, 5.347, 4.087, 4.703, 4.993, 5.677, 5.766, 4.294, 2.666, 2.942, 4.334, 4.804, 3.522, 3.197, 3.108, 3.997, 4.788, 5.501, 3.53, 2.177, 0.0, 1.55, 2.965, 3.906, 4.869, 6.352, 7.599, 8.844, 9.223, 10.253, 10.013, 9.044, 8.982, 8.553, 8.72, 9.79, 8.62, 8.4, 8.787, 8.374, 7.322, 7.53, 8.269, 8.803, 11.216, 11.45, 11.418, 14.219, 10.728, 8.405, 9.89, 10.24, 9.452, 7.12, 5.898, 4.65, 5.378, 4.255, 3.909, 3.498, 3.945, 4.918, 5.061, 4.168, 4.663, 4.252, 5.261, 6.866, 7.717, 7.024, 7.265, 7.679, 9.163, 12.377, 12.072, 13.029, 14.542, 13.196, 10.301, 10.293, 9.16, 7.66, 9.43, 10.454, 9.394, 9.224, 9.598, 11.324, 12.092, 12.463], [9.848, 11.836, 14.491, 14.242, 14.217, 13.554, 11.575, 11.918, 11.922, 10.416, 10.512, 10.606, 9.718, 9.141, 10.083, 11.969, 11.262, 8.084, 5.001, 3.712, 4.114, 4.24, 5.011, 5.418, 4.495, 2.368, 2.426, 3.629, 4.164, 3.215, 2.855, 2.951, 3.867, 4.717, 5.922, 4.012, 2.748, 1.55, 0.0, 2.839, 4.028, 4.785, 5.696, 7.213, 8.496, 8.652, 10.073, 9.34, 8.319, 8.232, 7.692, 7.847, 8.95, 7.742, 7.591, 8.39, 7.792, 6.864, 7.95, 7.787, 8.764, 11.354, 11.349, 10.857, 13.556, 10.077, 8.222, 9.92, 10.183, 9.463, 7.508, 6.078, 4.638, 5.209, 3.933, 3.393, 2.973, 3.246, 4.323, 4.549, 3.573, 4.193, 3.906, 4.981, 6.299, 7.969, 7.621, 7.676, 8.014, 9.087, 12.653, 11.943, 13.259, 14.836, 13.453, 10.531, 10.471, 9.281, 7.814, 9.827, 10.52, 8.931, 9.189, 9.327, 11.277, 11.885, 11.995], [7.909, 9.759, 12.174, 12.231, 12.261, 11.663, 9.65, 9.86, 9.819, 8.476, 8.35, 8.86, 8.239, 7.635, 8.241, 10.256, 9.438, 6.36, 3.63, 2.499, 3.345, 3.008, 3.52, 3.773, 2.654, 2.776, 2.883, 5.274, 5.423, 3.4, 3.433, 3.971, 5.05, 6.637, 7.693, 5.825, 4.483, 2.965, 2.839, 0.0, 1.648, 2.479, 3.777, 5.268, 6.645, 7.072, 8.154, 7.779, 6.739, 6.651, 5.953, 6.084, 7.188, 5.955, 5.745, 6.523, 6.165, 5.107, 5.774, 6.164, 6.614, 9.227, 9.307, 9.144, 11.937, 8.596, 6.224, 7.795, 8.179, 7.407, 5.496, 3.913, 2.478, 3.047, 2.33, 2.341, 1.935, 2.22, 2.878, 3.196, 3.034, 3.85, 3.561, 3.692, 5.099, 6.22, 5.491, 5.432, 5.783, 7.197, 10.286, 9.896, 11.076, 12.614, 11.353, 8.4, 8.141, 7.047, 5.483, 7.471, 8.324, 7.157, 7.11, 7.393, 9.167, 9.928, 10.232], [6.785, 8.581, 10.794, 10.986, 11.11, 10.512, 8.588, 8.686, 8.712, 7.353, 7.218, 7.826, 7.185, 6.618, 7.165, 9.253, 8.373, 5.287, 3.258, 2.68, 3.519, 3.243, 2.806, 2.957, 2.45, 3.87, 4.326, 6.63, 6.792, 4.757, 4.798, 5.189, 6.29, 7.79, 8.671, 6.788, 5.423, 3.906, 4.028, 1.648, 0.0, 1.624, 2.865, 4.127, 5.574, 5.98, 6.973, 6.657, 5.563, 5.516, 4.96, 5.163, 6.246, 5.045, 4.813, 5.387, 5.058, 4.063, 4.611, 5.042, 5.405, 8.052, 8.143, 8.081, 10.832, 7.519, 5.034, 6.468, 6.974, 6.357, 4.737, 3.273, 1.969, 2.542, 2.376, 3.34, 2.665, 3.042, 2.678, 2.906, 3.944, 4.814, 3.842, 3.723, 4.831, 5.537, 4.596, 4.35, 4.61, 6.061, 8.999, 8.704, 9.806, 11.272, 10.052, 7.241, 7.085, 5.972, 4.471, 6.138, 7.214, 6.19, 6.122, 6.211, 7.939, 8.744, 9.087], [5.875, 7.568, 9.892, 9.842, 9.892, 9.305, 7.327, 7.506, 7.542, 6.207, 6.109, 6.693, 6.14, 5.602, 6.175, 8.032, 7.158, 4.337, 2.499, 2.164, 3.268, 3.175, 2.608, 2.178, 2.611, 4.408, 4.982, 7.536, 7.714, 5.532, 5.234, 5.791, 7.065, 8.386, 9.506, 7.545, 6.144, 4.869, 4.785, 2.479, 1.624, 0.0, 1.929, 3.304, 4.587, 5.025, 6.123, 5.752, 4.741, 4.707, 4.201, 4.281, 5.339, 4.158, 3.937, 4.527, 4.21, 3.196, 3.774, 4.174, 4.461, 7.029, 7.002, 6.874, 9.773, 6.534, 3.969, 5.556, 5.84, 5.409, 3.761, 2.523, 1.726, 1.817, 1.756, 3.855, 2.969, 3.457, 2.338, 2.377, 4.523, 5.396, 3.663, 3.377, 3.907, 4.546, 3.68, 3.559, 3.775, 4.862, 8.035, 7.609, 8.712, 10.35, 8.994, 6.291, 6.192, 5.165, 3.6, 5.27, 6.153, 5.182, 5.083, 5.277, 6.839, 7.612, 8.25], [4.742, 6.644, 9.298, 9.238, 9.243, 8.623, 6.442, 6.87, 6.76, 5.342, 5.535, 5.718, 4.752, 4.189, 5.057, 7.281, 6.419, 3.051, 2.386, 2.853, 3.267, 3.501, 2.901, 1.667, 3.456, 5.03, 5.657, 8.039, 8.211, 6.39, 5.948, 6.774, 8.33, 10.007, 11.281, 9.362, 7.957, 6.352, 5.696, 3.777, 2.865, 1.929, 0.0, 2.047, 3.438, 3.591, 4.996, 4.25, 3.137, 3.086, 2.471, 2.791, 3.645, 2.512, 2.322, 3.337, 2.767, 2.345, 2.979, 2.816, 3.68, 6.339, 6.362, 5.873, 8.586, 5.098, 3.106, 4.872, 5.206, 4.966, 4.167, 3.254, 2.471, 2.143, 2.791, 4.331, 3.543, 3.908, 2.493, 2.441, 5.043, 6.005, 4.093, 3.431, 3.829, 4.896, 3.987, 3.328, 3.598, 4.198, 7.517, 6.896, 8.267, 9.846, 8.548, 5.567, 5.302, 4.0, 2.728, 4.811, 5.499, 4.079, 4.207, 4.249, 6.228, 6.822, 6.794], [3.385, 4.804, 7.42, 7.381, 7.399, 6.803, 4.776, 5.049, 5.01, 3.607, 3.757, 4.019, 3.367, 3.003, 3.525, 5.51, 4.678, 1.549, 3.002, 4.462, 4.361, 4.816, 4.147, 2.513, 4.255, 6.453, 7.432, 9.811, 10.044, 8.062, 7.63, 8.418, 9.936, 11.47, 12.594, 10.671, 9.215, 7.599, 7.213, 5.268, 4.127, 3.304, 2.047, 0.0, 1.768, 2.167, 3.174, 3.022, 2.678, 2.588, 3.114, 3.552, 3.152, 2.448, 2.46, 2.275, 2.551, 2.89, 2.257, 2.135, 2.63, 4.475, 4.51, 4.114, 6.818, 3.533, 1.737, 3.435, 3.686, 3.778, 3.461, 3.267, 3.429, 2.66, 4.13, 6.206, 5.287, 5.766, 3.73, 3.855, 6.903, 7.869, 5.132, 4.009, 3.649, 3.995, 3.252, 2.924, 2.977, 2.857, 5.626, 5.032, 6.398, 7.948, 6.679, 3.872, 4.333, 3.169, 2.622, 3.412, 3.703, 2.871, 2.575, 2.766, 4.371, 5.035, 5.138], [2.64, 3.828, 6.313, 5.991, 5.869, 5.32, 3.665, 3.861, 3.964, 2.584, 2.704, 2.896, 2.634, 2.226, 2.508, 4.29, 3.426, 1.224, 3.895, 5.817, 5.515, 5.952, 4.998, 3.402, 5.099, 7.831, 8.579, 10.988, 11.238, 9.386, 9.053, 9.622, 11.298, 12.619, 13.697, 11.809, 10.353, 8.844, 8.496, 6.645, 5.574, 4.587, 3.438, 1.768, 0.0, 1.421, 2.178, 2.457, 2.757, 2.56, 3.562, 4.035, 3.015, 2.3, 2.5, 2.044, 3.109, 3.786, 2.564, 2.455, 2.727, 3.274, 3.256, 2.676, 5.428, 2.143, 1.268, 2.511, 2.771, 3.213, 3.851, 4.159, 4.784, 4.013, 5.081, 7.285, 6.394, 6.942, 4.87, 4.819, 8.188, 9.122, 6.214, 4.441, 3.99, 4.354, 3.656, 3.455, 3.404, 2.654, 4.496, 3.745, 5.192, 6.784, 5.474, 3.439, 4.089, 2.929, 2.81, 2.811, 2.632, 2.696, 2.013, 2.392, 3.298, 3.614, 4.245], [2.376, 3.804, 6.402, 6.144, 6.075, 5.457, 3.774, 4.058, 4.075, 2.756, 2.856, 2.997, 2.156, 1.581, 2.507, 4.382, 3.673, 1.818, 4.119, 6.025, 5.427, 5.96, 5.046, 3.617, 5.265, 7.752, 8.893, 11.269, 11.28, 9.699, 9.317, 10.13, 11.785, 13.08, 14.084, 12.208, 10.773, 9.223, 8.652, 7.072, 5.98, 5.025, 3.591, 2.167, 1.421, 0.0, 1.926, 1.801, 1.978, 1.818, 2.803, 3.459, 2.388, 1.895, 2.092, 1.624, 2.021, 2.844, 2.265, 1.587, 2.417, 3.426, 3.377, 2.729, 5.365, 1.863, 2.221, 3.499, 3.676, 4.198, 4.475, 4.609, 5.234, 4.477, 5.639, 7.235, 6.431, 6.864, 5.082, 5.148, 7.993, 8.899, 6.151, 4.807, 4.242, 5.151, 4.283, 4.036, 3.985, 2.547, 4.564, 3.885, 5.196, 6.804, 5.484, 3.344, 3.864, 2.554, 2.596, 2.649, 2.77, 2.049, 1.775, 2.091, 3.275, 3.849, 3.925], [1.548, 2.736, 5.141, 4.809, 4.615, 4.099, 2.888, 3.175, 3.596, 2.971, 3.17, 2.581, 1.998, 2.006, 1.86, 3.304, 2.536, 2.592, 5.536, 7.482, 6.951, 7.399, 6.574, 4.94, 6.609, 9.043, 10.237, 12.486, 12.551, 10.867, 10.605, 11.108, 12.799, 14.187, 15.205, 13.298, 11.822, 10.253, 10.073, 8.154, 6.973, 6.123, 4.996, 3.174, 2.178, 1.926, 0.0, 1.431, 2.976, 2.965, 4.012, 4.812, 3.449, 3.111, 3.251, 2.08, 3.145, 4.059, 3.047, 2.623, 1.985, 2.155, 2.407, 2.106, 4.359, 2.515, 2.989, 4.094, 4.164, 4.99, 5.542, 5.761, 6.327, 5.631, 6.735, 8.58, 7.823, 8.327, 6.372, 6.473, 9.465, 10.409, 7.498, 6.141, 5.798, 5.934, 5.302, 5.172, 5.095, 3.612, 3.343, 2.505, 3.856, 5.458, 4.176, 2.04, 2.783, 2.612, 3.519, 2.549, 2.149, 1.843, 1.54, 1.639, 2.098, 2.459, 2.806], [1.556, 3.342, 5.978, 5.611, 5.536, 4.917, 3.361, 3.814, 4.087, 3.307, 3.704, 2.916, 1.396, 1.44, 2.161, 3.941, 3.096, 2.793, 5.034, 6.687, 6.051, 6.334, 5.563, 4.486, 6.453, 8.49, 9.451, 11.586, 11.838, 10.306, 9.941, 10.69, 12.418, 13.809, 14.975, 13.051, 11.595, 10.013, 9.34, 7.779, 6.657, 5.752, 4.25, 3.022, 2.457, 1.801, 1.431, 0.0, 1.893, 1.922, 2.993, 3.771, 2.73, 2.232, 2.542, 1.785, 2.411, 3.487, 2.711, 2.057, 1.741, 2.999, 3.179, 2.237, 4.647, 2.466, 3.39, 4.656, 4.794, 5.538, 5.944, 5.676, 5.887, 5.115, 6.137, 7.715, 6.998, 7.453, 5.515, 5.503, 8.744, 9.625, 6.952, 5.987, 5.67, 6.632, 5.709, 5.33, 5.447, 3.981, 4.187, 3.397, 4.889, 6.471, 5.162, 2.332, 2.822, 2.421, 3.227, 2.432, 2.616, 1.337, 1.651, 1.374, 2.897, 3.22, 3.295], [3.138, 5.061, 7.743, 7.452, 7.386, 6.755, 4.826, 5.263, 5.325, 3.882, 4.273, 4.125, 2.338, 2.159, 3.48, 5.583, 4.717, 2.736, 4.319, 5.634, 4.911, 4.8, 4.05, 3.712, 5.809, 7.331, 8.356, 10.209, 10.641, 9.151, 8.814, 9.685, 11.359, 12.846, 14.048, 12.124, 10.668, 9.044, 8.319, 6.739, 5.563, 4.741, 3.137, 2.678, 2.757, 1.978, 2.976, 1.893, 0.0, 1.228, 1.488, 2.092, 1.931, 1.774, 1.742, 1.919, 1.464, 2.477, 2.251, 1.606, 2.207, 4.733, 4.718, 3.692, 6.433, 3.121, 3.419, 4.853, 5.054, 5.633, 5.644, 5.229, 5.021, 4.243, 5.178, 6.397, 5.924, 5.992, 4.368, 4.181, 7.523, 8.164, 5.93, 5.383, 5.183, 6.442, 5.391, 4.862, 5.056, 3.752, 5.977, 5.232, 6.712, 8.304, 6.994, 4.082, 4.144, 3.01, 2.582, 3.327, 4.004, 2.556, 2.687, 2.622, 4.637, 4.883, 4.894], [3.036, 4.962, 7.642, 7.366, 7.294, 6.647, 4.633, 5.17, 5.096, 3.665, 4.009, 3.85, 2.274, 1.88, 3.193, 5.345, 4.486, 2.33, 4.315, 5.586, 4.805, 4.749, 4.215, 3.721, 5.76, 7.202, 8.224, 10.15, 10.494, 9.009, 8.657, 9.553, 11.203, 12.757, 14.025, 12.104, 10.652, 8.982, 8.232, 6.651, 5.516, 4.707, 3.086, 2.588, 2.56, 1.818, 2.965, 1.922, 1.228, 0.0, 1.597, 2.23, 1.779, 1.409, 1.764, 1.792, 1.598, 2.579, 2.276, 1.703, 2.298, 4.585, 4.565, 3.633, 6.348, 2.831, 3.223, 4.5, 4.744, 5.124, 5.523, 5.189, 4.952, 4.153, 5.128, 6.241, 5.796, 5.841, 4.284, 4.36, 7.388, 7.967, 5.917, 5.391, 5.074, 6.158, 5.23, 4.779, 4.988, 3.798, 5.869, 5.122, 6.582, 8.18, 6.873, 3.912, 3.962, 2.773, 2.544, 3.272, 3.895, 2.224, 2.527, 2.464, 4.53, 4.775, 4.795], [4.222, 6.151, 8.831, 8.553, 8.46, 7.827, 5.838, 6.321, 6.256, 4.749, 5.076, 5.063, 3.305, 3.027, 4.392, 6.558, 5.699, 3.273, 4.344, 5.026, 4.704, 4.418, 3.886, 3.596, 5.685, 6.706, 7.338, 9.011, 9.346, 8.04, 7.923, 8.851, 10.408, 12.188, 13.527, 11.609, 10.205, 8.553, 7.692, 5.953, 4.96, 4.201, 2.471, 3.114, 3.562, 2.803, 4.012, 2.993, 1.488, 1.597, 0.0, 1.149, 1.823, 1.679, 1.557, 2.449, 1.533, 1.981, 2.802, 2.029, 3.131, 5.785, 5.753, 4.792, 7.521, 4.003, 4.076, 5.436, 5.697, 6.08, 5.901, 5.358, 4.784, 4.198, 4.694, 5.249, 5.211, 5.017, 3.839, 3.805, 6.225, 6.846, 5.731, 5.344, 5.316, 6.658, 5.557, 4.948, 5.2, 4.243, 7.058, 6.311, 7.772, 9.369, 8.063, 5.113, 4.638, 3.466, 2.334, 4.386, 5.048, 3.419, 3.678, 3.645, 5.71, 5.938, 5.959], [5.06, 6.983, 9.665, 9.374, 9.293, 8.676, 6.624, 7.137, 7.1, 5.517, 5.854, 5.857, 4.031, 3.818, 5.217, 7.353, 6.494, 3.699, 4.752, 5.167, 4.744, 4.312, 3.841, 4.027, 5.961, 6.708, 7.333, 8.898, 9.006, 8.082, 8.082, 8.971, 10.532, 12.355, 13.695, 11.776, 10.372, 8.72, 7.847, 6.084, 5.163, 4.281, 2.791, 3.552, 4.035, 3.459, 4.812, 3.771, 2.092, 2.23, 1.149, 0.0, 1.729, 2.224, 2.059, 3.24, 2.269, 2.349, 3.533, 2.85, 3.955, 6.631, 6.606, 5.613, 8.342, 4.756, 4.501, 5.971, 6.209, 6.622, 6.419, 5.882, 5.084, 4.776, 4.901, 5.093, 5.324, 4.925, 4.174, 3.962, 5.962, 6.139, 5.936, 5.801, 5.87, 7.227, 6.125, 5.407, 5.703, 4.987, 7.899, 7.153, 8.621, 10.218, 8.911, 5.94, 5.346, 4.115, 2.826, 5.189, 5.824, 4.187, 4.425, 4.472, 6.536, 6.788, 6.78], [3.688, 5.661, 8.32, 8.024, 7.919, 7.261, 5.483, 5.769, 5.83, 4.421, 4.625, 4.677, 3.161, 2.927, 4.174, 6.083, 5.258, 3.125, 5.184, 6.301, 5.533, 5.478, 5.14, 4.614, 6.666, 7.661, 8.451, 10.257, 10.18, 9.251, 9.25, 10.109, 11.687, 13.462, 14.796, 12.877, 11.454, 9.79, 8.95, 7.188, 6.246, 5.339, 3.645, 3.152, 3.015, 2.388, 3.449, 2.73, 1.931, 1.779, 1.823, 1.729, 0.0, 1.669, 1.833, 2.38, 2.029, 2.894, 3.093, 2.291, 3.113, 5.263, 5.229, 4.32, 7.068, 3.459, 3.785, 5.166, 5.373, 5.9