[[0.0, 2.055, 2.69, 2.821, 4.061, 4.476, 5.614, 6.115, 5.046, 7.025, 8.439, 7.65, 8.249, 10.197, 7.828, 6.161, 6.461, 3.218, 3.207, 6.701, 5.913, 4.65, 5.525, 7.293, 7.181, 7.6, 7.675, 5.666, 6.14, 6.279, 5.507, 4.717, 2.777, 2.616, 1.849, 3.432, 5.138, 5.635, 6.694, 12.198, 16.205, 15.374, 15.027, 10.043, 6.438, 5.224, 6.55, 7.112, 6.51, 6.095, 6.429, 6.924, 7.333, 7.218, 5.755, 5.022, 4.278, 3.497, 3.437, 3.361, 4.694, 6.727, 6.847, 6.345, 8.495, 9.922, 9.996, 13.982, 16.533, 17.783, 16.442, 14.661, 12.687, 12.354, 12.695, 11.642, 12.603, 12.709, 10.495, 9.028, 6.968, 4.332, 5.978, 7.155, 7.249, 8.454, 8.214, 9.075, 8.059, 9.15, 10.429, 9.637, 9.616, 9.401, 7.967, 6.492, 5.927, 8.157, 6.62, 1.643, 3.877, 6.216, 5.842, 5.81, 9.127, 11.921, 12.535, 12.452, 11.012, 8.984, 7.926, 7.625, 5.583, 3.63, 3.859, 4.166, 5.763, 5.459, 3.67, 3.277, 2.391, 4.385, 4.326, 3.548, 3.291, 4.3, 3.949], [2.055, 0.0, 1.277, 2.751, 5.06, 5.013, 6.541, 7.29, 6.175, 7.889, 9.564, 9.043, 9.727, 11.644, 9.325, 7.669, 7.858, 4.683, 3.315, 6.285, 5.448, 3.532, 4.049, 5.868, 5.784, 6.299, 6.201, 4.783, 5.334, 5.463, 4.806, 3.494, 2.11, 2.639, 2.655, 4.613, 6.601, 7.15, 8.202, 13.64, 17.6, 16.772, 16.422, 11.463, 7.909, 6.58, 8.087, 8.507, 7.934, 6.931, 7.11, 7.808, 8.254, 7.783, 5.311, 5.261, 4.441, 4.261, 4.187, 4.64, 6.115, 8.134, 8.276, 7.715, 9.876, 11.297, 11.373, 15.364, 17.946, 19.17, 17.831, 16.044, 14.104, 13.742, 14.095, 13.022, 14.025, 14.093, 11.839, 10.418, 8.37, 5.76, 7.467, 8.454, 8.742, 9.997, 9.65, 10.548, 9.524, 10.589, 11.826, 11.029, 11.055, 10.804, 9.44, 7.868, 7.077, 9.501, 8.033, 1.727, 2.882, 4.921, 5.051, 5.166, 7.691, 10.431, 10.978, 10.922, 9.58, 7.686, 6.926, 6.652, 4.611, 2.899, 2.817, 2.988, 4.26, 4.205, 3.084, 3.354, 3.266, 5.677, 5.4, 4.764, 3.906, 3.161, 2.818], [2.69, 1.277, 0.0, 2.977, 5.634, 5.495, 7.043, 7.757, 6.731, 8.473, 10.11, 9.657, 10.307, 12.221, 9.935, 8.269, 8.373, 5.228, 3.548, 6.35, 5.62, 3.722, 3.707, 5.451, 5.406, 5.92, 5.814, 5.01, 5.417, 5.323, 4.936, 3.651, 2.787, 3.352, 3.427, 5.336, 7.213, 7.769, 8.824, 14.145, 18.12, 17.308, 16.902, 11.872, 8.449, 7.138, 8.718, 9.082, 8.536, 7.54, 7.652, 8.339, 8.836, 8.304, 5.635, 5.675, 4.848, 4.725, 4.69, 5.14, 6.676, 8.675, 8.817, 8.22, 10.299, 11.738, 11.85, 15.793, 18.379, 19.609, 18.348, 16.549, 14.623, 14.264, 14.521, 13.524, 14.553, 14.586, 12.382, 11.026, 8.954, 6.394, 8.084, 9.024, 9.334, 10.633, 10.266, 11.202, 10.123, 11.168, 12.3, 11.564, 11.649, 11.334, 10.017, 8.265, 7.638, 10.078, 8.533, 2.305, 2.767, 4.711, 5.052, 5.215, 7.374, 9.851, 10.393, 10.431, 9.203, 7.365, 6.847, 6.736, 4.524, 2.924, 2.885, 2.643, 3.85, 3.879, 2.446, 3.642, 3.765, 6.112, 5.794, 5.135, 4.35, 2.427, 2.137], [2.821, 2.751, 2.977, 0.0, 2.951, 2.836, 4.337, 4.943, 3.979, 5.758, 7.327, 6.908, 7.585, 9.46, 7.362, 5.941, 5.684, 4.122, 4.907, 8.103, 7.37, 5.727, 6.389, 8.202, 8.088, 8.457, 8.496, 7.012, 7.493, 7.541, 6.683, 5.723, 4.161, 4.144, 3.949, 4.226, 5.221, 5.158, 6.112, 11.344, 15.297, 14.605, 14.311, 9.227, 5.651, 4.486, 5.981, 6.338, 5.807, 4.881, 4.911, 5.612, 6.155, 5.758, 3.319, 3.08, 2.305, 2.237, 2.334, 2.843, 3.92, 5.9, 6.054, 5.424, 7.564, 8.984, 9.067, 13.052, 15.595, 16.838, 15.508, 13.733, 11.814, 11.489, 11.799, 10.721, 11.732, 11.781, 9.67, 8.257, 6.22, 3.69, 5.372, 6.3, 6.596, 7.896, 7.526, 8.461, 7.362, 8.436, 9.502, 8.763, 8.893, 8.664, 7.266, 5.61, 4.914, 7.313, 5.732, 2.717, 4.883, 7.216, 7.305, 7.158, 9.904, 12.612, 13.081, 13.124, 11.931, 9.894, 9.058, 8.937, 6.698, 4.74, 4.84, 4.645, 5.813, 6.024, 3.364, 2.08, 1.531, 3.808, 3.347, 2.622, 1.66, 3.561, 3.668], [4.061, 5.06, 5.634, 2.951, 0.0, 1.227, 2.065, 2.605, 2.13, 3.396, 4.904, 4.356, 5.012, 6.816, 5.092, 4.487, 4.246, 4.082, 6.898, 10.311, 9.525, 8.125, 9.012, 10.811, 10.708, 11.131, 11.077, 9.209, 9.554, 9.828, 8.889, 8.089, 6.28, 5.992, 5.016, 4.327, 4.302, 3.79, 3.496, 8.716, 12.684, 11.873, 11.553, 6.541, 3.525, 2.709, 3.183, 3.657, 3.052, 2.427, 2.772, 3.302, 3.697, 3.511, 2.277, 2.08, 1.977, 2.588, 2.72, 3.102, 2.918, 3.283, 4.232, 3.944, 4.933, 6.457, 6.451, 10.434, 12.971, 14.222, 12.895, 11.102, 9.202, 8.808, 9.169, 8.08, 9.111, 9.15, 6.986, 5.656, 3.525, 1.857, 2.666, 3.661, 3.876, 5.109, 4.854, 5.721, 4.668, 5.735, 6.85, 6.119, 6.251, 5.925, 4.548, 3.028, 2.471, 4.746, 3.551, 4.48, 6.998, 9.704, 9.401, 9.365, 12.498, 15.289, 15.882, 15.833, 14.544, 12.488, 11.444, 11.162, 9.194, 7.058, 7.176, 6.92, 8.171, 8.3, 5.662, 3.026, 2.539, 3.144, 2.901, 2.289, 1.889, 5.937, 6.285], [4.476, 5.013, 5.495, 2.836, 1.227, 0.0, 1.808, 2.474, 2.307, 3.261, 4.653, 4.286, 4.966, 6.926, 5.248, 4.599, 4.331, 4.294, 7.037, 10.265, 9.387, 8.026, 8.799, 10.593, 10.5, 10.944, 10.972, 9.183, 9.777, 9.985, 8.915, 7.977, 6.386, 6.175, 5.326, 4.326, 4.202, 3.849, 3.611, 8.888, 12.864, 12.032, 11.7, 6.718, 3.535, 2.764, 3.327, 3.715, 3.179, 2.299, 2.519, 3.033, 3.461, 3.27, 2.343, 2.232, 1.943, 2.719, 2.907, 3.386, 3.257, 3.44, 4.316, 3.969, 5.166, 6.643, 6.649, 10.646, 13.196, 14.434, 13.096, 11.306, 9.365, 9.003, 9.355, 8.289, 9.285, 9.356, 7.051, 5.577, 3.639, 2.463, 3.13, 3.621, 4.029, 5.238, 5.02, 5.804, 4.79, 5.906, 7.107, 6.336, 6.351, 6.034, 4.703, 3.241, 2.599, 4.631, 3.628, 4.736, 7.199, 9.71, 9.614, 9.696, 12.575, 15.157, 15.756, 15.721, 14.435, 12.442, 11.544, 11.346, 9.136, 6.988, 7.243, 7.279, 8.406, 8.613, 6.017, 2.999, 2.664, 3.088, 2.686, 2.246, 2.185, 5.81, 6.089], [5.614, 6.541, 7.043, 4.337, 2.065, 1.808, 0.0, 1.688, 1.941, 1.852, 3.307, 2.998, 3.788, 5.76, 4.62, 4.439, 4.415, 5.225, 8.318, 11.605, 10.822, 9.492, 10.271, 12.099, 11.997, 12.471, 12.571, 10.701, 11.277, 11.422, 10.381, 9.47, 7.676, 7.407, 6.274, 5.07, 4.579, 4.075, 3.268, 7.378, 11.364, 10.513, 10.146, 5.214, 3.187, 3.175, 2.097, 2.33, 1.834, 1.509, 1.363, 1.686, 2.267, 2.053, 2.392, 2.43, 2.849, 3.308, 3.56, 3.863, 3.302, 2.667, 3.796, 3.982, 3.876, 5.497, 5.261, 9.179, 11.717, 12.965, 11.602, 9.825, 7.843, 7.498, 7.888, 6.809, 7.76, 7.875, 5.549, 4.06, 2.073, 2.75, 2.217, 2.274, 2.754, 4.095, 3.972, 4.607, 3.573, 4.607, 5.744, 4.987, 5.023, 4.595, 3.162, 2.444, 1.65, 3.177, 3.362, 6.018, 8.564, 11.124, 11.043, 11.053, 14.089, 16.793, 17.298, 17.345, 15.905, 13.857, 12.99, 12.763, 10.569, 8.393, 8.576, 8.749, 9.938, 10.164, 7.463, 3.901, 3.759, 3.642, 3.514, 3.221, 3.328, 7.219, 7.618], [6.115, 7.29, 7.757, 4.943, 2.605, 2.474, 1.688, 0.0, 1.604, 2.431, 3.193, 2.792, 3.631, 5.868, 4.949, 4.691, 4.574, 5.131, 8.718, 12.012, 11.415, 10.115, 10.87, 12.708, 12.607, 13.025, 13.152, 11.315, 11.901, 12.06, 11.057, 10.219, 8.429, 8.032, 6.533, 4.847, 4.704, 4.123, 3.394, 6.908, 10.749, 9.973, 9.645, 4.628, 2.763, 2.796, 2.264, 1.881, 1.818, 1.873, 1.915, 2.004, 2.256, 2.304, 2.889, 2.787, 3.286, 3.694, 3.926, 3.65, 2.805, 1.703, 3.243, 3.502, 3.477, 5.106, 5.054, 8.598, 11.156, 12.374, 10.986, 9.211, 7.245, 7.01, 7.413, 6.234, 7.21, 7.26, 4.996, 3.466, 1.787, 2.918, 1.982, 2.005, 2.618, 4.079, 4.158, 4.681, 3.7, 4.502, 5.404, 4.72, 5.199, 4.239, 2.795, 1.889, 1.168, 2.714, 3.332, 6.656, 9.189, 11.881, 11.758, 11.643, 14.761, 17.268, 17.97, 17.928, 16.689, 14.622, 13.665, 13.494, 11.221, 8.997, 9.275, 9.314, 10.575, 10.736, 8.036, 4.597, 4.435, 3.642, 3.206, 3.287, 3.935, 8.067, 8.29], [5.046, 6.175, 6.731, 3.979, 2.13, 2.307, 1.941, 1.604, 0.0, 2.745, 3.963, 3.447, 4.304, 6.724, 5.761, 5.411, 5.482, 5.02, 7.797, 11.011, 10.294, 8.886, 9.693, 11.502, 11.379, 11.978, 12.069, 10.221, 10.857, 11.032, 10.06, 9.166, 7.262, 6.915, 5.951, 5.083, 5.33, 4.689, 4.322, 8.078, 11.991, 11.14, 10.763, 5.848, 3.335, 3.212, 3.11, 2.885, 2.359, 2.098, 2.231, 2.458, 2.823, 2.961, 2.49, 2.109, 2.417, 2.731, 3.035, 3.047, 2.55, 2.746, 3.79, 4.099, 4.726, 6.15, 6.107, 9.806, 12.377, 13.595, 12.229, 10.465, 8.47, 8.209, 8.617, 7.451, 8.413, 8.502, 6.148, 4.505, 2.73, 2.087, 2.154, 2.86, 3.545, 4.874, 4.969, 5.48, 4.549, 5.353, 6.417, 5.664, 6.11, 5.353, 3.965, 2.884, 1.772, 3.621, 4.394, 5.632, 8.13, 10.602, 10.504, 10.686, 13.762, 16.316, 17.003, 16.946, 15.479, 13.518, 12.607, 12.241, 10.093, 7.929, 8.28, 8.349, 9.564, 9.727, 7.075, 3.47, 3.448, 4.299, 3.75, 3.354, 3.041, 6.879, 7.156], [7.025, 7.889, 8.473, 5.758, 3.396, 3.261, 1.852, 2.431, 2.745, 0.0, 2.111, 2.304, 3.669, 5.342, 4.759, 5.579, 5.671, 6.716, 9.89, 13.057, 12.213, 10.777, 11.583, 13.392, 13.277, 13.839, 13.893, 12.035, 12.646, 12.783, 11.86, 10.945, 9.024, 8.802, 7.578, 6.428, 5.743, 5.331, 4.133, 6.213, 10.091, 9.241, 8.863, 3.948, 4.431, 4.445, 2.815, 1.8, 1.692, 1.692, 1.472, 1.273, 1.115, 1.232, 3.314, 3.626, 4.117, 4.548, 4.924, 5.299, 4.661, 3.492, 4.835, 5.285, 4.52, 6.435, 4.688, 7.917, 10.457, 11.692, 10.349, 8.934, 6.585, 6.499, 7.006, 5.652, 6.559, 6.603, 4.256, 2.758, 1.982, 4.18, 2.988, 2.048, 2.697, 3.537, 4.052, 4.547, 3.892, 3.907, 4.61, 4.082, 4.707, 4.157, 3.489, 3.585, 2.611, 1.979, 4.521, 7.448, 9.9, 12.339, 12.204, 12.464, 15.452, 18.163, 18.791, 18.713, 17.226, 15.233, 14.326, 13.975, 11.932, 9.78, 10.071, 10.066, 11.279, 11.457, 8.793, 5.423, 5.225, 5.022, 4.924, 4.651, 4.69, 8.616, 8.943], [8.439, 9.564, 10.11, 7.327, 4.904, 4.653, 3.307, 3.193, 3.963, 2.111, 0.0, 2.675, 4.038, 4.652, 4.947, 6.097, 5.952, 7.627, 11.217, 14.485, 13.77, 12.434, 13.288, 15.117, 15.014, 15.43, 15.548, 13.607, 14.209, 14.353, 13.407, 12.497, 10.647, 10.312, 8.769, 7.1, 6.24, 6.079, 4.504, 4.552, 8.343, 7.496, 7.156, 3.005, 5.325, 5.263, 3.787, 2.458, 2.88, 3.228, 3.181, 2.702, 2.228, 2.459, 4.981, 5.213, 5.816, 6.2, 6.472, 6.32, 5.531, 4.105, 5.383, 5.973, 5.024, 6.937, 4.963, 6.293, 8.693, 9.935, 8.605, 7.474, 5.636, 4.976, 5.762, 5.052, 4.879, 4.874, 2.92, 2.86, 2.721, 5.563, 4.112, 2.803, 3.151, 3.968, 4.335, 4.469, 3.915, 3.382, 3.724, 4.113, 4.384, 4.161, 3.958, 4.303, 3.603, 2.25, 5.236, 8.963, 11.454, 14.113, 14.005, 13.989, 17.088, 19.748, 20.351, 20.312, 18.951, 16.879, 15.937, 15.752, 13.477, 11.349, 11.611, 11.677, 12.905, 13.076, 10.421, 6.934, 6.747, 5.8, 5.657, 5.715, 6.319, 10.331, 10.638], [7.65, 9.043, 9.657, 6.908, 4.356, 4.286, 2.998, 2.792, 3.447, 2.304, 2.675, 0.0, 1.765, 3.674, 2.971, 3.82, 3.768, 6.146, 10.319, 13.903, 13.271, 11.865, 12.712, 14.494, 14.386, 14.985, 15.039, 13.067, 13.611, 13.731, 12.908, 12.053, 10.018, 9.438, 7.92, 5.044, 3.992, 3.694, 2.337, 5.059, 8.985, 8.13, 7.739, 2.948, 4.398, 3.449, 2.145, 1.919, 2.615, 3.132, 2.943, 2.939, 2.613, 2.697, 4.857, 4.902, 5.553, 5.736, 6.038, 5.699, 4.543, 2.981, 3.568, 4.019, 3.316, 5.209, 3.542, 6.817, 9.337, 10.588, 9.27, 7.629, 5.475, 5.422, 5.802, 4.503, 5.456, 5.503, 3.144, 2.34, 2.177, 4.413, 2.807, 1.358, 1.481, 2.024, 2.374, 2.731, 2.104, 2.328, 3.442, 2.616, 3.302, 2.652, 2.209, 2.941, 2.693, 1.516, 3.353, 8.272, 10.727, 13.423, 13.266, 13.273, 16.57, 19.321, 19.96, 19.881, 18.405, 16.389, 15.38, 15.019, 12.99, 10.787, 11.071, 11.039, 12.323, 12.465, 9.743, 6.178, 6.114, 4.316, 4.305, 4.994, 5.722, 9.803, 10.11], [8.249, 9.727, 10.307, 7.585, 5.012, 4.966, 3.788, 3.631, 4.304, 3.669, 4.038, 1.765, 0.0, 2.773, 2.1, 2.776, 2.865, 6.084, 10.794, 14.427, 13.846, 12.417, 13.218, 15.002, 14.836, 15.53, 15.624, 13.708, 14.269, 14.4, 13.585, 12.693, 10.678, 10.075, 8.419, 5.277, 3.436, 3.343, 2.039, 4.546, 8.55, 7.699, 7.309, 3.432, 4.814, 3.77, 2.616, 3.012, 3.669, 4.044, 3.834, 3.987, 3.958, 3.855, 5.602, 5.692, 6.37, 6.554, 6.862, 6.419, 5.185, 3.546, 3.287, 3.67, 2.562, 4.097, 2.661, 6.358, 8.9, 10.147, 8.788, 7.011, 5.029, 4.72, 5.068, 4.009, 4.958, 5.155, 3.311, 3.089, 3.03, 4.75, 3.162, 2.184, 2.053, 1.48, 1.288, 1.629, 1.693, 1.808, 2.819, 2.034, 2.275, 1.824, 1.966, 3.307, 3.469, 2.473, 3.256, 8.825, 11.335, 14.083, 13.943, 13.747, 17.236, 19.886, 20.586, 20.529, 19.056, 17.044, 16.047, 15.695, 13.589, 11.438, 11.76, 11.66, 13.023, 13.113, 10.307, 6.879, 6.794, 4.848, 4.958, 5.636, 6.456, 10.477, 10.762], [10.197, 11.644, 12.221, 9.46, 6.816, 6.926, 5.76, 5.868, 6.724, 5.342, 4.652, 3.674, 2.773, 0.0, 2.694, 4.221, 4.206, 7.564, 12.677, 16.686, 16.032, 14.712, 15.602, 17.416, 17.318, 17.734, 17.784, 15.794, 16.006, 16.167, 15.334, 14.613, 12.599, 12.073, 10.121, 7.246, 5.196, 4.929, 3.679, 2.604, 6.043, 5.289, 4.969, 3.419, 6.063, 5.517, 4.245, 4.367, 5.509, 5.945, 6.064, 6.078, 5.597, 5.473, 7.429, 7.499, 8.081, 8.407, 8.536, 8.03, 6.8, 5.294, 4.526, 4.875, 3.723, 4.291, 2.451, 3.854, 6.396, 7.647, 6.268, 4.527, 2.989, 2.531, 2.577, 2.192, 3.183, 3.661, 3.391, 4.547, 4.757, 6.362, 4.767, 4.15, 3.499, 2.36, 2.293, 1.558, 2.509, 1.907, 1.719, 2.037, 1.511, 1.947, 3.522, 4.897, 5.366, 3.85, 4.395, 10.466, 13.117, 16.214, 15.869, 15.348, 19.047, 22.016, 22.494, 22.493, 21.09, 18.976, 17.84, 17.628, 15.58, 13.553, 13.514, 13.279, 14.666, 14.844, 11.93, 8.866, 8.612, 6.468, 6.787, 7.427, 8.213, 12.447, 12.879], [7.828, 9.325, 9.935, 7.362, 5.092, 5.248, 4.62, 4.949, 5.761, 4.759, 4.947, 2.971, 2.1, 2.694, 0.0, 2.037, 2.238, 5.211, 10.32, 14.36, 13.697, 12.339, 13.239, 15.063, 14.962, 15.401, 15.44, 13.457, 13.652, 13.817, 12.975, 12.271, 10.255, 9.706, 7.762, 5.022, 3.147, 2.784, 1.871, 4.564, 8.403, 7.621, 7.383, 3.564, 4.625, 3.918, 2.946, 3.7, 4.629, 5.129, 5.077, 5.32, 5.113, 4.895, 6.13, 6.115, 6.577, 6.962, 7.047, 6.634, 5.534, 4.279, 3.271, 3.502, 2.527, 4.167, 2.541, 6.218, 8.794, 10.012, 8.641, 6.864, 4.886, 4.542, 4.93, 3.939, 4.829, 5.102, 4.07, 4.106, 3.933, 4.788, 3.833, 3.373, 2.668, 1.614, 1.633, 2.207, 2.503, 2.272, 3.062, 2.134, 1.958, 2.092, 2.508, 3.686, 4.383, 3.555, 2.698, 8.173, 10.807, 13.873, 13.505, 12.961, 16.697, 19.683, 20.13, 20.163, 18.724, 16.633, 15.502, 15.278, 13.245, 11.244, 11.132, 11.027, 12.402, 12.537, 9.733, 7.012, 6.374, 4.216, 4.595, 5.211, 6.082, 10.393, 10.788], [6.161, 7.669, 8.269, 5.941, 4.487, 4.599, 4.439, 4.691, 5.411, 5.579, 6.097, 3.82, 2.776, 4.221, 2.037, 0.0, 1.252, 3.637, 8.699, 12.683, 12.003, 10.632, 11.536, 13.337, 13.236, 13.731, 13.771, 11.784, 12.026, 12.232, 11.385, 10.64, 8.552, 8.041, 6.137, 3.309, 1.656, 1.583, 1.922, 6.145, 10.132, 9.281, 9.018, 4.944, 4.454, 3.006, 3.129, 4.457, 5.184, 5.466, 5.464, 5.751, 5.963, 5.734, 6.055, 5.623, 5.712, 5.994, 6.033, 5.715, 4.854, 3.926, 3.049, 3.06, 3.051, 4.358, 3.954, 7.948, 10.498, 11.733, 10.37, 8.593, 6.612, 6.266, 6.638, 5.577, 6.555, 6.689, 5.279, 5.012, 4.262, 4.332, 3.577, 3.793, 3.332, 2.797, 2.394, 3.292, 3.08, 3.483, 4.522, 3.59, 3.522, 3.555, 2.827, 3.504, 4.073, 4.481, 2.347, 6.608, 9.102, 12.135, 11.785, 11.375, 15.104, 18.031, 18.536, 18.532, 17.035, 14.956, 13.887, 13.592, 11.607, 9.555, 9.542, 9.363, 10.823, 10.906, 8.108, 5.993, 4.808, 2.724, 3.248, 3.816, 5.117, 8.851, 9.094], [6.461, 7.858, 8.373, 5.684, 4.246, 4.331, 4.415, 4.574, 5.482, 5.671, 5.952, 3.768, 2.865, 4.206, 2.238, 1.252, 0.0, 3.778, 8.772, 12.819, 12.251, 10.968, 11.861, 13.695, 13.585, 13.942, 13.922, 11.977, 12.1, 12.33, 11.404, 10.765, 8.854, 8.332, 6.398, 3.51, 1.601, 1.521, 1.812, 5.887, 9.792, 9.223, 9.046, 4.58, 4.069, 2.774, 3.249, 4.438, 5.257, 5.492, 5.539, 5.785, 6.047, 5.814, 6.087, 5.587, 5.433, 5.759, 5.755, 5.35, 4.608, 3.708, 2.808, 2.579, 2.658, 4.097, 3.663, 7.571, 10.106, 11.357, 10.004, 8.217, 6.308, 6.017, 6.282, 5.22, 6.313, 6.328, 5.073, 5.03, 4.264, 4.299, 3.714, 3.767, 3.246, 2.856, 2.425, 3.343, 2.905, 3.44, 4.315, 3.313, 3.492, 3.517, 2.8, 3.154, 4.128, 4.454, 1.968, 6.639, 9.335, 12.474, 12.141, 11.329, 15.074, 18.087, 18.501, 18.571, 17.331, 15.147, 14.021, 13.896, 11.821, 9.69, 9.505, 9.33, 10.648, 10.957, 8.02, 5.896, 4.752, 2.457, 3.031, 3.58, 4.811, 8.819, 9.156], [3.218, 4.683, 5.228, 4.122, 4.082, 4.294, 5.225, 5.131, 5.02, 6.716, 7.627, 6.146, 6.084, 7.564, 5.211, 3.637, 3.778, 0.0, 5.18, 9.18, 8.601, 7.387, 8.274, 10.057, 9.955, 10.327, 10.305, 8.348, 8.543, 8.773, 7.891, 7.223, 5.337, 4.811, 3.148, 2.085, 2.788, 3.148, 4.353, 9.47, 13.443, 12.677, 12.39, 7.491, 4.214, 3.167, 4.644, 5.645, 5.911, 5.998, 6.277, 6.686, 6.882, 6.809, 6.133, 5.236, 4.694, 4.513, 4.511, 4.039, 3.818, 4.575, 4.28, 3.737, 5.714, 7.134, 7.209, 11.207, 13.744, 14.995, 13.655, 11.873, 9.959, 9.603, 9.937, 8.849, 9.867, 9.923, 8.306, 7.09, 5.533, 3.807, 4.022, 5.419, 5.128, 5.991, 5.684, 6.612, 5.958, 6.649, 7.68, 6.859, 6.986, 6.793, 5.564, 4.301, 4.471, 6.213, 3.942, 3.914, 6.023, 8.919, 8.537, 7.9, 11.584, 14.499, 15.011, 14.985, 13.727, 11.568, 10.461, 10.281, 8.228, 6.156, 6.104, 6.447, 8.208, 7.893, 5.917, 4.654, 3.226, 2.483, 2.722, 2.583, 3.689, 6.809, 6.729], [3.207, 3.315, 3.548, 4.907, 6.898, 7.037, 8.318, 8.718, 7.797, 9.89, 11.217, 10.319, 10.794, 12.677, 10.32, 8.699, 8.772, 5.18, 0.0, 4.222, 3.66, 3.137, 3.874, 5.455, 5.416, 5.405, 5.394, 3.582, 3.979, 4.022, 3.457, 3.157, 2.36, 1.999, 3.152, 5.695, 7.667, 8.228, 9.273, 14.537, 18.5, 17.779, 17.399, 12.319, 8.881, 7.616, 9.199, 9.623, 9.366, 8.969, 9.134, 9.701, 10.332, 10.207, 7.977, 7.041, 6.469, 5.881, 5.808, 5.735, 7.178, 9.126, 9.26, 8.623, 10.691, 12.143, 12.238, 16.191, 18.746, 19.997, 18.73, 16.934, 15.012, 14.698, 14.905, 13.916, 14.963, 14.966, 12.873, 11.534, 9.522, 6.882, 8.551, 9.618, 9.793, 11.088, 10.719, 11.67, 10.579, 11.651, 12.694, 11.969, 12.116, 11.791, 10.474, 8.717, 8.327, 10.618, 8.913, 2.966, 3.421, 5.345, 4.899, 4.236, 7.013, 9.666, 10.184, 10.009, 8.907, 7.249, 5.608, 5.685, 4.222, 2.746, 3.352, 4.501, 6.235, 6.001, 4.754, 5.103, 4.877, 6.547, 6.513, 5.95, 5.743, 5.66, 5.346], [6.701, 6.285, 6.35, 8.103, 10.311, 10.265, 11.605, 12.012, 11.011, 13.057, 14.485, 13.903, 14.427, 16.686, 14.36, 12.683, 12.819, 9.18, 4.222, 0.0, 1.228, 3.07, 4.027, 3.741, 3.141, 2.551, 2.404, 1.928, 2.386, 1.995, 2.095, 3.196, 4.583, 4.863, 6.762, 9.505, 11.523, 12.158, 13.106, 18.636, 22.598, 21.779, 21.356, 16.355, 12.945, 11.482, 13.057, 13.51, 12.959, 12.227, 12.275, 12.813, 13.483, 13.293, 11.039, 10.328, 9.823, 9.22, 9.254, 9.618, 11.122, 13.104, 13.309, 12.658, 14.742, 16.103, 16.292, 20.238, 22.779, 24.039, 22.798, 20.992, 19.116, 18.722, 18.994, 17.963, 19.039, 19.028, 16.808, 15.315, 13.424, 10.76, 12.495, 13.378, 13.772, 14.939, 14.676, 15.535, 14.505, 15.598, 16.687, 16.02, 16.124, 15.765, 14.468, 12.695, 12.09, 14.309, 13.003, 6.585, 4.658, 3.527, 3.216, 3.2, 4.397, 6.244, 7.006, 6.818, 6.065, 4.903, 3.164, 2.934, 3.113, 3.597, 4.43, 5.968, 6.294, 5.962, 6.926, 8.237, 8.448, 10.53, 10.241, 9.667, 9.22, 7.497, 7.224], [5.913, 5.448, 5.62, 7.37, 9.525, 9.387, 10.822, 11.415, 10.294, 12.213, 13.77, 13.271, 13.846, 16.032, 13.697, 12.003, 12.251, 8.601, 3.66, 1.228, 0.0, 2.273, 3.446, 3.324, 2.824, 2.363, 2.422, 1.158, 1.897, 1.413, 1.541, 2.485, 3.729, 4.181, 5.98, 8.847, 10.907, 11.495, 12.494, 18.035, 22.016, 21.15, 20.68, 15.748, 12.316, 10.843, 12.41, 12.852, 12.227, 11.388, 11.383, 11.999, 12.601, 12.432, 10.242, 9.599, 8.898, 8.522, 8.441, 8.969, 10.487, 12.501, 12.676, 12.101, 14.198, 15.621, 15.748, 19.689, 22.247, 23.503, 22.246, 20.447, 18.519, 18.125, 18.417, 17.41, 18.436, 18.483, 16.173, 14.636, 12.76, 10.077, 11.825, 12.706, 13.119, 14.309, 14.001, 14.887, 13.85, 14.94, 16.134, 15.442, 15.457, 15.12, 13.821, 12.141, 11.411, 13.703, 12.424, 5.776, 3.968, 2.969, 2.587, 2.817, 4.443, 6.456, 7.112, 7.019, 6.124, 4.783, 3.221, 2.959, 2.373, 3.037, 3.658, 5.213, 5.583, 5.241, 6.159, 7.57, 7.615, 9.975, 9.684, 8.999, 8.471, 6.554, 6.392], [4.65, 3.532, 3.722, 5.727, 8.125, 8.026, 9.492, 10.115, 8.886, 10.777, 12.434, 11.865, 12.417, 14.712, 12.339, 10.632, 10.968, 7.387, 3.137, 3.07, 2.273, 0.0, 1.81, 2.909, 2.713, 3.19, 3.279, 1.771, 2.499, 2.495, 1.925, 1.669, 2.275, 2.801, 4.646, 7.505, 9.563, 10.086, 11.162, 16.716, 20.711, 19.868, 19.5, 14.549, 10.958, 9.604, 10.985, 11.52, 10.814, 9.907, 9.897, 10.59, 11.079, 10.723, 8.298, 8.304, 7.529, 7.215, 7.211, 7.641, 9.135, 11.13, 11.355, 10.851, 13.01, 14.441, 14.513, 18.509, 21.053, 22.299, 20.948, 19.169, 17.193, 16.841, 17.201, 16.15, 17.11, 17.216, 14.88, 13.261, 11.393, 8.697, 10.444, 11.385, 11.753, 12.889, 12.646, 13.535, 12.552, 13.666, 14.935, 14.143, 14.109, 13.88, 12.461, 10.935, 10.102, 12.339, 11.126, 4.451, 2.453, 2.724, 2.59, 2.876, 4.984, 7.511, 8.192, 8.137, 6.719, 5.071, 3.983, 3.539, 2.016, 1.753, 2.501, 3.699, 4.469, 4.099, 4.689, 5.997, 6.279, 8.795, 8.485, 7.801, 6.99, 4.911, 4.719], [5.525, 4.049, 3.707, 6.389, 9.012, 8.799, 10.271, 10.87, 9.693, 11.583, 13.288, 12.712, 13.218, 15.602, 13.239, 11.536, 11.861, 8.274, 3.874, 4.027, 3.446, 1.81, 0.0, 2.037, 2.158, 2.963, 3.008, 2.931, 3.627, 3.469, 3.195, 2.576, 3.319, 3.853, 5.544, 8.409, 10.431, 10.982, 12.042, 17.611, 21.618, 20.768, 20.407, 15.456, 11.858, 10.5, 11.863, 12.417, 11.697, 10.746, 10.719, 11.353, 11.898, 11.416, 8.857, 9.104, 8.363, 8.074, 8.111, 8.548, 10.041, 12.036, 12.262, 11.752, 13.907, 15.336, 15.411, 19.402, 21.955, 23.195, 21.855, 20.072, 18.1, 17.747, 18.108, 17.054, 18.016, 18.121, 15.783, 14.151, 12.293, 9.589, 11.344, 12.283, 12.653, 13.762, 13.536, 14.425, 13.452, 14.566, 15.834, 15.05, 15.016, 14.787, 13.368, 11.842, 10.967, 13.213, 12.033, 5.338, 2.918, 3.192, 3.497, 4.079, 5.062, 6.942, 7.648, 7.605, 6.321, 5.288, 4.651, 4.351, 2.98, 2.613, 3.132, 3.733, 4.508, 4.413, 4.755, 6.82, 7.136, 9.685, 9.334, 8.693, 7.827, 4.299, 3.878], [7.293, 5.868, 5.451, 8.202, 10.811, 10.593, 12.099, 12.708, 11.502, 13.392, 15.117, 14.494, 15.002, 17.416, 15.063, 13.337, 13.695, 10.057, 5.455, 3.741, 3.324, 2.909, 2.037, 0.0, 1.297, 2.081, 2.1, 2.902, 3.165, 3.21, 3.55, 3.398, 4.881, 5.504, 7.334, 10.221, 12.268, 12.762, 13.872, 19.449, 23.445, 22.594, 22.208, 17.284, 13.684, 12.323, 13.679, 14.245, 13.538, 12.579, 12.513, 13.188, 13.663, 13.187, 10.686, 10.903, 10.167, 9.913, 9.919, 10.377, 11.87, 13.867, 14.087, 13.576, 15.731, 17.16, 17.236, 21.226, 23.772, 25.019, 23.679, 21.897, 19.93, 19.574, 19.935, 18.878, 19.845, 19.945, 17.61, 15.978, 14.122, 11.405, 13.143, 14.106, 14.477, 15.58, 15.363, 16.253, 15.251, 16.361, 17.63, 16.875, 16.845, 16.601, 15.198, 13.672, 12.788, 15.056, 13.86, 7.155, 4.463, 2.439, 2.775, 3.696, 4.103, 5.571, 6.132, 6.173, 5.015, 4.272, 3.648, 3.564, 2.41, 4.296, 4.337, 4.726, 4.457, 4.334, 5.868, 8.671, 8.963, 11.514, 11.13, 10.486, 9.657, 5.138, 4.83], [7.181, 5.784, 5.406, 8.088, 10.708, 10.5, 11.997, 12.607, 11.379, 13.277, 15.014, 14.386, 14.836, 17.318, 14.962, 13.236, 13.585, 9.955, 5.416, 3.141, 2.824, 2.713, 2.158, 1.297, 0.0, 1.57, 1.646, 2.563, 2.928, 2.659, 3.047, 3.117, 4.751, 5.306, 7.233, 10.108, 12.145, 12.656, 13.768, 19.341, 23.342, 22.496, 22.107, 17.186, 13.585, 12.21, 13.551, 14.145, 13.421, 12.482, 12.405, 13.077, 13.559, 13.108, 10.6, 10.802, 10.068, 9.768, 9.81, 10.278, 11.771, 13.767, 13.989, 13.463, 15.621, 17.047, 17.121, 21.106, 23.672, 24.908, 23.574, 21.794, 19.828, 19.476, 19.832, 18.77, 19.743, 19.841, 17.506, 15.877, 14.021, 11.304, 13.042, 14.001, 14.379, 15.464, 15.258, 16.138, 15.135, 16.24, 17.529, 16.771, 16.744, 16.5, 15.099, 13.573, 12.688, 14.933, 13.761, 7.053, 4.339, 1.869, 2.146, 3.231, 3.497, 5.509, 6.218, 6.137, 4.795, 3.676, 3.069, 2.742, 2.258, 4.122, 4.235, 4.815, 4.492, 4.457, 5.891, 8.549, 8.859, 11.397, 11.014, 10.379, 9.55, 5.435, 5.152], [7.6, 6.299, 5.92, 8.457, 11.131, 10.944, 12.471, 13.025, 11.978, 13.839, 15.43, 14.985, 15.53, 17.734, 15.401, 13.731, 13.942, 10.327, 5.405, 2.551, 2.363, 3.19, 2.963, 2.081, 1.57, 0.0, 0.971, 2.485, 2.723, 2.324, 2.997, 3.488, 5.199, 5.742, 7.666, 10.591, 12.62, 13.231, 14.188, 19.701, 23.683, 22.891, 22.57, 17.588, 13.976, 12.686, 14.148, 14.565, 13.95, 12.953, 12.959, 13.598, 14.18, 13.726, 11.055, 11.273, 10.512, 10.316, 10.311, 10.683, 12.168, 14.182, 14.372, 13.842, 15.962, 17.384, 17.449, 21.44, 23.972, 25.231, 23.903, 22.133, 20.171, 19.857, 20.178, 19.133, 20.111, 20.19, 17.914, 16.368, 14.463, 11.815, 13.56, 14.481, 14.823, 16.042, 15.738, 16.612, 15.559, 16.657, 17.883, 17.143, 17.161, 16.929, 15.515, 13.97, 13.142, 15.407, 14.1, 7.455, 4.782, 2.143, 2.219, 3.124, 2.762, 4.712, 5.398, 5.173, 4.207, 3.139, 2.175, 2.208, 2.3, 4.51, 4.551, 5.079, 4.769, 4.507, 6.19, 8.997, 9.247, 11.755, 11.362, 10.759, 9.92, 6.054, 5.676], [7.675, 6.201, 5.814, 8.496, 11.077, 10.972, 12.571, 13.152, 12.069, 13.893, 15.548, 15.039, 15.624, 17.784, 15.44, 13.771, 13.922, 10.305, 5.394, 2.404, 2.422, 3.279, 3.008, 2.1, 1.646, 0.971, 0.0, 2.306, 2.46, 2.184, 2.795, 3.325, 5.243, 5.782, 7.729, 10.611, 12.632, 13.251, 14.24, 19.716, 23.662, 22.874, 22.56, 17.55, 14.016, 12.668, 14.153, 14.613, 13.974, 12.969, 13.044, 13.71, 14.216, 13.717, 11.122, 11.305, 10.515, 10.288, 10.283, 10.674, 12.215, 14.221, 14.39, 13.797, 15.929, 17.347, 17.415, 21.407, 23.93, 25.198, 23.875, 22.096, 20.182, 19.803, 20.15, 19.089, 20.11, 20.143, 17.918, 16.444, 14.506, 11.858, 13.591, 14.507, 14.865, 16.06, 15.78, 16.633, 15.625, 16.697, 17.845, 17.108, 17.199, 16.923, 15.557, 13.95, 13.208, 15.456, 14.069, 7.448, 4.836, 2.149, 2.335, 2.975, 2.64, 4.663, 5.347, 5.012, 4.043, 3.204, 2.148, 2.101, 2.376, 4.48, 4.535, 5.142, 4.85, 4.726, 6.219, 9.031, 9.331, 11.727, 11.409, 10.744, 9.89, 6.038, 5.641], [5.666, 4.783, 5.01, 7.012, 9.209, 9.183, 10.701, 11.315, 10.221, 12.035, 13.607, 13.067, 13.708, 15.794, 13.457, 11.784, 11.977, 8.348, 3.582, 1.928, 1.158, 1.771, 2.931, 2.902, 2.563, 2.485, 2.306, 0.0, 1.242, 1.172, 1.331, 2.071, 3.303, 3.898, 5.746, 8.626, 10.664, 11.271, 12.243, 17.757, 21.735, 20.881, 20.513, 15.535, 12.044, 10.614, 12.187, 12.619, 12.003, 11.116, 11.169, 11.879, 12.385, 12.156, 9.677, 9.461, 8.594, 8.36, 8.255, 8.709, 10.223, 12.241, 12.408, 11.836, 13.948, 15.374, 15.465, 19.427, 21.97, 23.227, 21.963, 20.166, 18.238, 17.864, 18.164, 17.139, 18.163, 18.201, 15.915, 14.456, 12.522, 9.861, 11.601, 12.514, 12.874, 14.092, 13.783, 14.659, 13.613, 14.71, 15.864, 15.171, 15.22, 14.877, 13.567, 11.924, 11.236, 13.505, 12.144, 5.501, 3.4, 2.507, 2.264, 2.363, 3.919, 6.438, 7.069, 6.896, 5.75, 4.387, 2.831, 2.518, 1.854, 2.705, 2.97, 4.438, 4.81, 4.456, 5.367, 7.1, 7.371, 9.71, 9.491, 8.757, 8.17, 5.829, 5.662], [6.14, 5.334, 5.417, 7.493, 9.554, 9.777, 11.277, 11.901, 10.857, 12.646, 14.209, 13.611, 14.269, 16.006, 13.652, 12.026, 12.1, 8.543, 3.979, 2.386, 1.897, 2.499, 3.627, 3.165, 2.928, 2.723, 2.46, 1.242, 0.0, 1.161, 1.572, 2.387, 3.718, 4.399, 6.016, 9.07, 11.064, 11.578, 12.688, 17.906, 21.854, 21.081, 20.731, 15.668, 12.209, 11.005, 12.549, 12.99, 12.452, 11.65, 11.887, 12.554, 13.028, 12.836, 10.28, 9.945, 9.022, 8.763, 8.592, 8.985, 10.515, 12.525, 12.599, 11.929, 13.953, 15.387, 15.518, 19.436, 21.999, 23.248, 22.056, 20.246, 18.372, 17.989, 18.25, 17.226, 18.308, 18.315, 16.269, 14.978, 12.772, 10.224, 11.888, 12.989, 13.138, 14.462, 14.093, 15.062, 13.946, 14.971, 15.988, 15.298, 15.41, 15.211, 13.795, 12.058, 11.628, 14.073, 12.272, 5.741, 3.711, 2.548, 2.195, 1.916, 3.419, 6.11, 6.662, 6.7, 5.547, 4.197, 2.516, 2.328, 1.967, 3.267, 3.086, 4.287, 4.505, 4.137, 5.234, 7.598, 7.726, 9.825, 9.768, 8.899, 8.405, 6.13, 6.038], [6.279, 5.463, 5.323, 7.541, 9.828, 9.985, 11.422, 12.06, 11.032, 12.783, 14.353, 13.731, 14.4, 16.167, 13.817, 12.232, 12.33, 8.773, 4.022, 1.995, 1.413, 2.495, 3.469, 3.21, 2.659, 2.324, 2.184, 1.172, 1.161, 0.0, 1.481, 2.489, 3.854, 4.405, 6.161, 9.184, 11.211, 11.764, 12.825, 18.112, 22.051, 21.304, 20.912, 15.859, 12.391, 11.167, 12.717, 13.107, 12.586, 11.84, 11.965, 12.724, 13.225, 12.98, 10.277, 9.947, 9.112, 8.866, 8.742, 9.183, 10.672, 12.718, 12.783, 12.183, 14.249, 15.673, 15.802, 19.725, 22.27, 23.527, 22.273, 20.479, 18.561, 18.224, 18.459, 17.481, 18.517, 18.554, 16.417, 15.12, 12.984, 10.391, 12.09, 13.13, 13.331, 14.631, 14.271, 15.197, 14.1, 15.145, 16.249, 15.531, 15.615, 15.343, 13.994, 12.243, 11.833, 14.218, 12.476, 5.814, 3.544, 2.476, 2.062, 2.109, 3.411, 5.982, 6.446, 6.49, 5.48, 4.079, 2.339, 2.222, 1.886, 3.367, 3.291, 4.43, 4.754, 4.491, 5.323, 7.739, 7.869, 10.126, 9.998, 9.205, 8.561, 6.134, 6.122], [5.507, 4.806, 4.936, 6.683, 8.889, 8.915, 10.381, 11.057, 10.06, 11.86, 13.407, 12.908, 13.585, 15.334, 12.975, 11.385, 11.404, 7.891, 3.457, 2.095, 1.541, 1.925, 3.195, 3.55, 3.047, 2.997, 2.795, 1.331, 1.572, 1.481, 0.0, 1.748, 3.251, 3.74, 5.383, 8.424, 10.408, 10.929, 12.035, 17.198, 21.142, 20.454, 20.17, 15.064, 11.525, 10.386, 11.898, 12.317, 11.78, 10.849, 11.112, 11.759, 12.225, 11.908, 9.622, 9.199, 8.383, 8.075, 8.04, 8.32, 9.851, 11.807, 11.931, 11.256, 13.386, 14.823, 14.877, 18.867, 21.399, 22.661, 21.361, 19.573, 17.656, 17.341, 17.61, 16.558, 17.595, 17.609, 15.603, 14.283, 12.113, 9.57, 11.244, 12.299, 12.491, 13.81, 13.437, 14.42, 13.296, 14.333, 15.344, 14.602, 14.776, 14.575, 13.152, 11.432, 10.86, 13.357, 11.554, 5.132, 3.438, 2.82, 2.63, 2.208, 3.999, 6.804, 7.197, 7.262, 6.159, 4.637, 3.151, 2.919, 2.289, 2.734, 2.866, 4.467, 5.103, 4.865, 5.47, 7.056, 7.002, 9.2, 8.922, 8.241, 7.652, 6.044, 6.008], [4.717, 3.494, 3.651, 5.723, 8.089, 7.977, 9.47, 10.219, 9.166, 10.945, 12.497, 12.053, 12.693, 14.613, 12.271, 10.64, 10.765, 7.223, 3.157, 3.196, 2.485, 1.669, 2.576, 3.398, 3.117, 3.488, 3.325, 2.071, 2.387, 2.489, 1.748, 0.0, 2.233, 2.984, 4.61, 7.569, 9.623, 10.193, 11.229, 16.536, 20.512, 19.731, 19.438, 14.398, 10.825, 9.638, 11.141, 11.497, 10.953, 9.986, 10.123, 10.818, 11.269, 10.843, 8.418, 8.382, 7.46, 7.329, 7.231, 7.582, 9.069, 11.107, 11.218, 10.663, 12.787, 14.214, 14.289, 18.28, 20.828, 22.073, 20.743, 18.958, 17.015, 16.682, 17.011, 15.944, 16.956, 17.026, 14.815, 13.423, 11.368, 8.815, 10.508, 11.451, 11.748, 13.057, 12.685, 13.617, 12.539, 13.59, 14.724, 13.964, 14.025, 13.815, 12.416, 10.778, 10.076, 12.483, 10.922, 4.299, 2.631, 2.727, 2.652, 2.462, 4.694, 7.46, 7.926, 7.98, 6.691, 4.826, 3.879, 3.75, 2.062, 2.066, 2.402, 3.903, 4.934, 4.689, 4.638, 6.097, 6.147, 8.61, 8.286, 7.611, 6.867, 4.912, 4.788], [2.777, 2.11, 2.787, 4.161, 6.28, 6.386, 7.676, 8.429, 7.262, 9.024, 10.647, 10.018, 10.678, 12.599, 10.255, 8.552, 8.854, 5.337, 2.36, 4.583, 3.729, 2.275, 3.319, 4.881, 4.751, 5.199, 5.243, 3.303, 3.718, 3.854, 3.251, 2.233, 0.0, 1.311, 2.633, 5.569, 7.558, 8.074, 9.221, 14.604, 18.603, 17.781, 17.421, 12.449, 8.853, 7.621, 9.022, 9.487, 8.891, 8.186, 8.265, 8.986, 9.493, 9.306, 6.921, 6.486, 5.715, 5.354, 5.224, 5.607, 7.075, 9.094, 9.258, 8.734, 10.889, 12.318, 12.394, 16.384, 18.943, 20.177, 18.837, 17.055, 15.088, 14.741, 15.092, 14.036, 15.003, 15.103, 12.839, 11.388, 9.31, 6.693, 8.395, 9.467, 9.678, 10.934, 10.6, 11.534, 10.477, 11.552, 12.818, 12.034, 12.014, 11.839, 10.383, 8.836, 8.105, 10.53, 9.026, 2.552, 2.116, 3.842, 3.533, 3.597, 6.605, 9.49, 10.03, 10.005, 8.53, 6.46, 5.429, 5.197, 3.129, 1.694, 2.277, 3.639, 5.105, 4.799, 4.223, 4.317, 4.282, 6.675, 6.503, 5.808, 5.134, 4.783, 4.477], [2.616, 2.639, 3.352, 4.144, 5.992, 6.175, 7.407, 8.032, 6.915, 8.802, 10.312, 9.438, 10.075, 12.073, 9.706, 8.041, 8.332, 4.811, 1.999, 4.863, 4.181, 2.801, 3.853, 5.504, 5.306, 5.742, 5.782, 3.898, 4.399, 4.405, 3.74, 2.984, 1.311, 0.0, 2.218, 4.986, 6.94, 7.507, 8.606, 14.081, 18.064, 17.232, 16.91, 11.912, 8.302, 7.015, 8.449, 8.949, 8.489, 7.892, 8.021, 8.722, 9.284, 9.086, 6.982, 6.135, 5.626, 4.972, 4.946, 5.213, 6.533, 8.514, 8.713, 8.205, 10.364, 11.794, 11.866, 15.864, 18.418, 19.652, 18.302, 16.522, 14.546, 14.215, 14.555, 13.503, 14.463, 14.57, 12.283, 10.808, 8.772, 6.12, 7.838, 8.901, 9.115, 10.334, 10.058, 10.956, 9.939, 11.055, 12.295, 11.497, 11.488, 11.276, 9.823, 8.299, 7.631, 9.922, 8.489, 2.397, 2.741, 4.583, 4.185, 4.043, 7.238, 10.039, 10.633, 10.574, 9.105, 7.142, 6.007, 5.758, 3.784, 2.197, 3.065, 4.172, 5.786, 5.545, 4.669, 4.571, 3.99, 6.188, 6.093, 5.505, 4.916, 5.374, 5.039], [1.849, 2.655, 3.427, 3.949, 5.016, 5.326, 6.274, 6.533, 5.951, 7.578, 8.769, 7.92, 8.419, 10.121, 7.762, 6.137, 6.398, 3.148, 3.152, 6.762, 5.98, 4.646, 5.544, 7.334, 7.233, 7.666, 7.729, 5.746, 6.016, 6.161, 5.383, 4.61, 2.633, 2.218, 0.0, 3.305, 5.213, 5.665, 6.841, 12.14, 16.122, 15.342, 15.028, 10.032, 6.458, 5.317, 6.603, 7.263, 7.055, 6.992, 7.211, 7.637, 7.813, 7.685, 6.777, 5.924, 5.255, 4.541, 4.455, 4.262, 5.083, 6.739, 6.801, 6.27, 8.421, 9.849, 9.924, 13.915, 16.46, 17.708, 16.36, 14.58, 12.604, 12.257, 12.613, 11.561, 12.524, 12.628, 10.575, 9.211, 6.971, 4.947, 6.031, 7.333, 7.262, 8.513, 8.218, 9.151, 8.128, 9.135, 10.365, 9.57, 9.554, 9.452, 7.951, 6.442, 6.053, 8.354, 6.538, 2.051, 3.505, 6.138, 5.79, 5.385, 9.018, 11.976, 12.46, 12.444, 11.022, 8.937, 7.838, 7.597, 5.541, 3.589, 3.683, 4.2, 5.937, 5.681, 4.546, 4.617, 3.223, 4.356, 4.46, 3.927, 4.088, 5.405, 5.135], [3.432, 4.613, 5.336, 4.226, 4.327, 4.326, 5.07, 4.847, 5.083, 6.428, 7.1, 5.044, 5.277, 7.246, 5.022, 3.309, 3.51, 2.085, 5.695, 9.505, 8.847, 7.505, 8.409, 10.221, 10.108, 10.591, 10.611, 8.626, 9.07, 9.184, 8.424, 7.569, 5.569, 4.986, 3.305, 0.0, 2.154, 2.705, 3.786, 9.253, 13.243, 12.397, 12.029, 7.206, 4.788, 2.665, 4.368, 5.179, 5.762, 5.987, 6.09, 6.425, 6.585, 6.371, 6.28, 5.447, 4.998, 4.507, 4.66, 4.128, 4.066, 4.435, 4.071, 3.583, 5.537, 6.967, 7.04, 11.037, 13.577, 14.826, 13.475, 11.695, 9.729, 9.376, 9.74, 8.677, 9.647, 9.743, 7.527, 6.316, 5.333, 4.326, 4.317, 4.637, 4.757, 5.511, 5.192, 6.093, 5.148, 6.196, 7.456, 6.679, 6.663, 6.428, 5.056, 4.252, 4.274, 5.659, 3.86, 3.742, 6.184, 9.054, 8.862, 8.608, 12.063, 14.894, 15.46, 15.422, 13.974, 11.883, 10.851, 10.568, 8.507, 6.376, 6.565, 6.484, 8.028, 7.937, 6.029, 4.772, 3.477, 2.336, 2.363, 2.835, 4.104, 6.607, 6.285], [5.138, 6.601, 7.213, 5.221, 4.302, 4.202, 4.579, 4.704, 5.33, 5.743, 6.24, 3.992, 3.436, 5.196, 3.147, 1.656, 1.601, 2.788, 7.667, 11.523, 10.907, 9.563, 10.431, 12.268, 12.145, 12.62, 12.632, 10.664, 11.064, 11.211, 10.408, 9.623, 7.558, 6.94, 5.213, 2.154, 0.0, 1.388, 2.142, 7.204, 11.21, 10.364, 10.015, 5.598, 4.374, 2.557, 3.466, 4.616, 5.345, 5.611, 5.645, 5.908, 6.176, 5.933, 6.224, 5.623, 5.278, 5.236, 5.293, 4.927, 4.435, 3.912, 3.073, 2.969, 3.825, 5.184, 5.012, 9.009, 11.565, 12.799, 11.446, 9.666, 7.694, 7.349, 7.699, 6.648, 7.61, 7.74, 5.847, 5.319, 4.579, 4.319, 3.953, 3.937, 3.708, 3.445, 3.187, 4.081, 3.584, 4.28, 5.456, 4.653, 4.617, 4.391, 3.363, 3.696, 4.264, 4.572, 2.734, 5.573, 8.101, 11.111, 10.797, 10.492, 14.081, 16.934, 17.527, 17.47, 16.003, 13.905, 12.877, 12.551, 10.555, 8.38, 8.573, 8.382, 9.777, 9.859, 7.214, 5.415, 4.235, 2.264, 2.88, 3.272, 4.713, 7.686, 7.785], [5.635, 7.15, 7.769, 5.158, 3.79, 3.849, 4.075, 4.123, 4.689, 5.331, 6.079, 3.694, 3.343, 4.929, 2.784, 1.583, 1.521, 3.148, 8.228, 12.158, 11.495, 10.086, 10.982, 12.762, 12.656, 13.231, 13.251, 11.271, 11.578, 11.764, 10.929, 10.193, 8.074, 7.507, 5.665, 2.705, 1.388, 0.0, 1.905, 6.805, 10.717, 9.866, 9.636, 5.133, 3.445, 2.034, 2.683, 4.108, 4.744, 5.055, 5.034, 5.394, 5.507, 5.32, 5.619, 5.028, 4.812, 4.824, 4.837, 4.59, 3.912, 3.272, 2.512, 2.289, 3.116, 4.556, 4.527, 8.532, 11.102, 12.32, 10.954, 9.178, 7.196, 6.851, 7.223, 6.162, 7.112, 7.231, 5.697, 4.829, 3.979, 3.529, 3.027, 3.522, 3.166, 3.088, 3.037, 3.907, 3.456, 4.152, 5.355, 4.267, 4.212, 4.21, 2.872, 3.011, 3.554, 4.262, 1.925, 6.043, 8.584, 11.568, 11.244, 10.913, 14.64, 17.537, 18.093, 18.055, 16.521, 14.468, 13.413, 13.013, 11.129, 9.014, 9.101, 8.811, 10.26, 10.391, 7.521, 5.082, 4.268, 2.172, 2.721, 3.085, 4.461, 8.011, 8.384], [6.694, 8.202, 8.824, 6.112, 3.496, 3.611, 3.268, 3.394, 4.322, 4.133, 4.504, 2.337, 2.039, 3.679, 1.871, 1.922, 1.812, 4.353, 9.273, 13.106, 12.494, 11.162, 12.042, 13.872, 13.768, 14.188, 14.24, 12.243, 12.688, 12.825, 12.035, 11.229, 9.221, 8.606, 6.841, 3.786, 2.142, 1.905, 0.0, 5.628, 9.586, 8.735, 8.408, 3.756, 3.58, 2.355, 1.835, 3.128, 3.84, 4.019, 3.978, 4.306, 4.52, 4.282, 5.01, 4.716, 5.119, 5.422, 5.596, 5.101, 4.0, 2.929, 2.461, 2.54, 2.479, 4.23, 3.461, 7.401, 9.968, 11.187, 9.824, 8.047, 6.073, 5.72, 6.092, 5.031, 5.992, 6.098, 4.202, 3.626, 3.07, 3.343, 2.73, 2.338, 1.947, 1.939, 1.779, 2.557, 2.051, 2.772, 3.968, 3.048, 3.044, 2.81, 1.929, 2.516, 3.118, 2.875, 1.804, 7.134, 9.74, 12.772, 12.466, 12.089, 15.687, 18.496, 19.132, 19.042, 17.683, 15.535, 14.483, 14.226, 12.182, 9.99, 10.208, 9.968, 11.414, 11.439, 8.654, 5.703, 5.295, 3.249, 3.467, 4.109, 4.876, 9.077, 9.388], [12.198, 13.64, 14.145, 11.344, 8.716, 8.888, 7.378, 6.908, 8.078, 6.213, 4.552, 5.059, 4.546, 2.604, 4.564, 6.145, 5.887, 9.47, 14.537, 18.636, 18.035, 16.716, 17.611, 19.449, 19.341, 19.701, 19.716, 17.757, 17.906, 18.112, 17.198, 16.536, 14.604, 14.081, 12.14, 9.253, 7.204, 6.805, 5.628, 0.0, 4.01, 3.407, 3.421, 3.307, 6.672, 7.273, 5.915, 5.439, 6.482, 7.104, 7.191, 6.787, 6.239, 6.552, 8.861, 8.908, 9.561, 9.834, 9.89, 9.331, 7.98, 6.173, 5.563, 6.183, 4.532, 5.218, 3.381, 2.462, 4.443, 5.634, 4.345, 3.721, 2.192, 2.042, 2.101, 2.349, 1.316, 1.46, 2.865, 4.521, 5.689, 8.102, 6.372, 5.444, 5.036, 3.983, 4.092, 3.319, 4.233, 3.177, 2.231, 2.87, 2.775, 3.173, 4.475, 6.062, 6.766, 4.526, 5.8, 12.386, 15.107, 18.23, 17.843, 17.128, 20.909, 23.91, 24.328, 24.389, 23.062, 20.911, 19.771, 19.567, 17.582, 15.505, 15.312, 15.132, 16.489, 16.769, 13.836, 10.811, 10.512, 8.242, 8.618, 9.305, 10.02, 14.463, 14.868], [16.205, 17.6, 18.12, 15.297, 12.684, 12.864, 11.364, 10.749, 11.991, 10.091, 8.343, 8.985, 8.55, 6.043, 8.403, 10.132, 9.792, 13.443, 18.5, 22.598, 22.016, 20.711, 21.618, 23.445, 23.342, 23.683, 23.662, 21.735, 21.854, 22.051, 21.142, 20.512, 18.603, 18.064, 16.122, 13.243, 11.21, 10.717, 9.586, 4.01, 0.0, 1.597, 2.227, 6.272, 9.8, 11.224, 9.819, 9.214, 9.943, 10.885, 10.967, 10.286, 9.816, 10.293, 12.774, 12.684, 13.411, 13.688, 13.663, 13.071, 11.587, 9.589, 9.366, 10.024, 7.97, 7.205, 6.505, 3.152, 2.78, 2.486, 1.966, 2.829, 3.754, 4.148, 3.733, 4.674, 3.608, 3.61, 5.865, 7.502, 9.343, 12.062, 10.327, 9.364, 8.987, 7.903, 8.1, 7.212, 8.215, 7.11, 5.959, 6.592, 6.617, 6.918, 8.262, 9.938, 10.67, 8.426, 9.597, 16.365, 19.089, 22.235, 21.833, 21.007, 24.807, 27.822, 28.224, 28.314, 27.043, 24.872, 23.695, 23.525, 21.57, 19.475, 19.192, 19.077, 20.364, 20.711, 17.753, 14.809, 14.491, 12.16, 12.488, 13.235, 13.893, 18.47, 18.864], [15.374, 16.772, 17.308, 14.605, 11.873, 12.032, 10.513, 9.973, 11.14, 9.241, 7.496, 8.13, 7.699, 5.289, 7.621, 9.281, 9.223, 12.677, 17.779, 21.779, 21.15, 19.868, 20.768, 22.594, 22.496, 22.891, 22.874, 20.881, 21.081, 21.304, 20.454, 19.731, 17.781, 17.232, 15.342, 12.397, 10.364, 9.866, 8.735, 3.407, 1.597, 0.0, 1.61, 5.51, 9.373, 10.34, 8.968, 8.387, 9.093, 10.034, 10.116, 9.436, 8.977, 9.442, 11.937, 11.809, 12.539, 12.804, 12.779, 12.266, 10.747, 8.816, 8.578, 9.402, 7.519, 7.404, 6.12, 3.267, 3.611, 3.001, 2.86, 3.406, 3.804, 3.768, 3.574, 4.34, 3.025, 3.111, 4.992, 6.639, 8.495, 11.211, 9.476, 8.502, 8.136, 7.052, 7.251, 6.379, 7.404, 6.297, 5.282, 5.953, 5.817, 6.06, 7.415, 9.212, 9.819, 7.575, 9.135, 15.562, 18.21, 21.393, 21.016, 20.405, 24.189, 27.113, 27.586, 27.6, 26.26, 24.074, 22.97, 22.739, 20.788, 18.641, 18.609, 18.37, 19.768, 19.955, 17.036, 13.959, 13.759, 11.513, 11.897, 12.551, 13.314, 17.635, 18.026], [15.027, 16.422, 16.902, 14.311, 11.553, 11.7, 10.146, 9.645, 10.763, 8.863, 7.156, 7.739, 7.309, 4.969, 7.383, 9.018, 9.046, 12.39, 17.399, 21.356, 20.68, 19.5, 20.407, 22.208, 22.107, 22.57, 22.56, 20.513, 20.731, 20.912, 20.17, 19.438, 17.421, 16.91, 15.028, 12.029, 10.015, 9.636, 8.408, 3.421, 2.227, 1.61, 0.0, 5.199, 9.537, 9.933, 8.633, 8.034, 8.715, 9.685, 9.74, 9.058, 8.587, 9.064, 11.625, 11.342, 12.105, 12.348, 12.369, 11.963, 10.48, 8.575, 8.404, 9.198, 7.413, 7.652, 6.21, 3.597, 4.351, 4.074, 3.881, 4.113, 4.267, 4.11, 3.726, 4.703, 3.222, 3.135, 4.665, 6.258, 8.173, 10.86, 9.177, 8.124, 7.841, 6.729, 6.911, 6.015, 7.044, 5.945, 4.991, 5.817, 5.65, 5.674, 7.293, 8.9, 9.456, 7.226, 9.128, 15.214, 17.856, 21.009, 20.722, 20.2, 23.921, 26.718, 27.279, 27.306, 25.94, 23.777, 22.711, 22.47, 20.449, 18.214, 18.35, 18.069, 19.454, 19.588, 16.741, 13.62, 13.475, 11.247, 11.587, 12.175, 13.029, 17.279, 17.659], [10.043, 11.463, 11.872, 9.227, 6.541, 6.718, 5.214, 4.628, 5.848, 3.948, 3.005, 2.948, 3.432, 3.419, 3.564, 4.944, 4.58, 7.491, 12.319, 16.355, 15.748, 14.549, 15.456, 17.284, 17.186, 17.588, 17.55, 15.535, 15.668, 15.859, 15.064, 14.398, 12.449, 11.912, 10.032, 7.206, 5.598, 5.133, 3.756, 3.307, 6.272, 5.51, 5.199, 0.0, 4.796, 5.011, 3.788, 3.116, 3.863, 4.742, 4.835, 4.187, 3.711, 4.154, 6.638, 6.43