[[0.0, 2.812, 2.369, 2.212, 1.652, 2.591, 2.81, 2.705, 3.379, 3.271, 3.078, 4.125, 4.988, 4.581, 2.444, 1.398, 2.115, 3.798, 4.718, 4.353, 5.929, 5.819, 4.943, 5.53, 6.299, 6.006, 5.65, 6.424, 4.927, 2.889, 2.007, 2.319, 2.467, 2.863, 3.932, 4.1, 4.322, 6.997, 8.315, 7.193, 5.959, 4.662, 3.461, 2.806, 3.306, 4.059, 4.336, 4.937, 4.574, 3.075, 3.417, 4.603, 4.921, 5.145, 4.724, 3.647, 5.593, 6.757, 8.977, 9.275, 8.693, 10.24, 10.918, 8.782, 7.876, 8.508, 9.498, 10.079, 8.329, 7.674, 8.185, 8.14, 7.035, 5.24, 4.651, 4.889, 5.032, 6.165, 5.812, 3.73, 3.948, 5.145, 3.551, 3.01, 3.845, 4.556, 4.159, 3.406, 3.328, 4.538, 4.782, 2.449, 2.387, 2.929, 3.058, 1.93, 2.547, 3.309, 3.064, 3.351, 4.626, 5.722, 5.184, 4.753, 5.608, 6.153, 6.129, 5.535, 6.323, 7.416, 6.668, 7.068, 9.245, 8.721, 6.6, 5.635, 4.766, 3.748, 3.184, 3.661, 4.073, 3.476, 3.778, 4.275, 3.908, 3.163, 3.225, 3.513, 4.944, 4.603, 3.433, 3.851, 3.429, 5.088, 5.861, 6.251, 6.095, 5.984, 5.965, 5.882, 4.88, 5.232, 5.646, 4.582, 4.768, 5.664], [2.812, 0.0, 1.197, 1.964, 1.91, 1.867, 1.647, 2.216, 2.178, 1.752, 1.698, 2.619, 3.203, 2.629, 1.623, 2.739, 3.941, 5.896, 6.716, 6.448, 8.474, 8.319, 6.877, 7.557, 8.362, 8.124, 8.148, 8.867, 7.201, 5.166, 4.226, 4.606, 4.887, 5.434, 6.202, 6.53, 6.598, 9.328, 10.604, 9.541, 8.299, 6.646, 5.053, 4.054, 3.504, 3.823, 4.178, 4.361, 4.063, 3.524, 3.042, 3.43, 3.088, 3.071, 2.534, 2.451, 3.933, 4.815, 6.757, 6.973, 6.356, 8.103, 8.758, 6.951, 6.042, 6.47, 7.276, 7.742, 6.325, 5.847, 6.267, 5.924, 5.039, 3.806, 3.649, 3.718, 3.569, 4.246, 4.065, 4.145, 3.878, 3.765, 3.487, 3.934, 4.204, 4.22, 5.15, 4.568, 3.38, 3.056, 3.001, 2.803, 3.239, 3.432, 3.253, 2.963, 2.786, 2.735, 2.715, 2.507, 3.514, 4.328, 3.429, 2.675, 3.224, 3.996, 3.789, 3.984, 5.016, 5.554, 4.916, 5.238, 6.89, 6.253, 4.171, 3.929, 3.665, 3.448, 3.592, 2.449, 2.457, 3.058, 3.584, 3.499, 3.865, 4.354, 3.96, 3.425, 3.463, 3.516, 3.757, 4.447, 4.995, 6.708, 7.256, 7.536, 7.385, 6.951, 6.271, 5.884, 5.319, 5.052, 5.17, 4.533, 3.877, 4.544], [2.369, 1.197, 0.0, 1.365, 1.607, 1.878, 1.722, 2.197, 2.366, 2.016, 1.717, 2.745, 3.533, 2.932, 1.439, 2.576, 3.838, 5.74, 6.725, 6.397, 8.058, 7.99, 6.936, 7.585, 8.28, 8.041, 7.819, 8.377, 7.012, 4.83, 3.576, 3.908, 4.4, 4.928, 5.784, 6.209, 6.145, 8.864, 10.138, 9.187, 7.852, 6.179, 5.074, 4.048, 3.518, 4.055, 4.364, 4.862, 4.429, 3.523, 3.306, 4.047, 3.629, 3.575, 2.972, 2.808, 4.54, 5.384, 7.348, 7.605, 7.066, 8.622, 9.327, 7.468, 6.572, 6.971, 7.868, 8.29, 6.803, 6.316, 6.737, 6.438, 5.551, 4.435, 4.243, 4.298, 4.179, 4.824, 4.681, 4.235, 3.943, 4.125, 3.626, 4.006, 4.392, 4.355, 5.195, 4.622, 3.42, 3.545, 3.502, 2.875, 3.2, 3.468, 3.325, 2.724, 2.986, 2.931, 2.832, 2.762, 4.072, 4.875, 3.895, 3.198, 3.928, 4.623, 4.529, 4.658, 5.657, 6.068, 5.452, 5.766, 7.512, 6.877, 4.77, 4.369, 4.058, 3.557, 3.682, 2.614, 2.768, 3.436, 3.73, 3.716, 3.91, 4.383, 4.008, 3.433, 3.731, 3.813, 3.955, 4.523, 5.029, 6.796, 7.323, 7.6, 7.455, 7.027, 6.453, 6.201, 5.466, 5.108, 5.398, 4.688, 4.394, 5.217], [2.212, 1.964, 1.365, 0.0, 1.383, 1.888, 1.783, 2.173, 2.639, 2.291, 2.05, 3.034, 4.151, 3.528, 2.049, 2.558, 3.106, 5.026, 5.883, 5.536, 7.334, 7.242, 6.124, 6.696, 7.531, 7.255, 7.086, 7.578, 6.239, 4.531, 3.556, 4.037, 4.087, 4.396, 5.134, 5.513, 5.417, 8.074, 9.433, 8.486, 7.113, 5.792, 4.597, 3.953, 3.842, 4.727, 5.08, 5.689, 5.148, 4.14, 4.129, 4.833, 4.447, 4.224, 3.796, 3.664, 5.427, 6.267, 8.04, 8.343, 7.882, 9.327, 10.014, 8.264, 7.401, 7.81, 8.632, 9.031, 7.616, 7.148, 7.563, 7.295, 6.399, 5.188, 5.081, 5.124, 5.031, 5.691, 5.5, 4.597, 4.398, 5.008, 4.088, 4.239, 4.824, 4.988, 5.65, 4.869, 3.79, 4.399, 4.317, 3.044, 2.911, 3.46, 3.665, 2.998, 3.195, 3.725, 3.548, 3.562, 4.873, 5.742, 4.768, 3.88, 4.758, 5.483, 5.334, 5.519, 6.466, 6.91, 6.302, 6.623, 8.213, 7.653, 5.632, 5.268, 4.83, 4.11, 4.005, 3.258, 3.402, 3.145, 3.578, 4.177, 4.389, 4.52, 3.734, 3.623, 4.503, 4.597, 4.386, 4.788, 5.055, 6.341, 7.051, 7.757, 7.646, 7.48, 7.078, 6.883, 5.975, 5.716, 6.113, 5.24, 5.221, 6.0], [1.652, 1.91, 1.607, 1.383, 0.0, 1.531, 1.639, 1.571, 2.311, 2.125, 2.145, 3.234, 4.082, 3.36, 1.739, 1.881, 2.852, 4.743, 5.654, 5.268, 7.117, 6.975, 5.882, 6.545, 7.326, 7.048, 6.822, 7.622, 5.953, 4.004, 3.089, 3.479, 3.685, 4.059, 4.985, 5.284, 5.395, 8.099, 9.4, 8.247, 7.048, 5.746, 4.382, 3.53, 3.237, 4.028, 4.375, 5.023, 4.474, 3.304, 3.462, 4.272, 4.045, 3.98, 3.573, 3.14, 4.992, 5.937, 7.8, 8.066, 7.574, 9.115, 9.796, 7.863, 6.966, 7.539, 8.395, 8.849, 7.397, 6.95, 7.33, 7.101, 6.162, 4.814, 4.648, 4.627, 4.612, 5.404, 5.123, 3.916, 3.772, 4.629, 3.498, 3.422, 4.0, 4.397, 4.715, 4.002, 3.141, 4.076, 3.945, 2.461, 2.59, 3.083, 3.037, 2.166, 2.844, 3.175, 2.99, 3.116, 4.513, 5.323, 4.328, 3.568, 4.408, 5.117, 4.926, 5.078, 5.901, 6.453, 5.875, 6.273, 7.93, 7.391, 5.287, 4.899, 4.301, 3.429, 3.138, 2.626, 2.958, 2.899, 3.119, 3.421, 3.603, 3.652, 3.301, 2.927, 4.057, 4.103, 3.565, 4.019, 4.235, 5.981, 6.609, 6.89, 6.771, 6.564, 6.43, 6.161, 5.128, 5.02, 5.498, 4.526, 4.619, 5.436], [2.591, 1.867, 1.878, 1.888, 1.531, 0.0, 1.072, 1.216, 1.463, 1.499, 1.814, 2.381, 3.098, 2.676, 1.794, 2.251, 3.39, 5.4, 6.023, 5.767, 8.054, 7.697, 5.939, 6.654, 7.77, 7.581, 7.583, 8.57, 6.457, 4.598, 4.0, 4.617, 4.532, 5.016, 5.829, 6.024, 6.233, 9.042, 10.255, 8.996, 7.976, 6.452, 4.379, 2.837, 2.535, 3.449, 3.814, 4.396, 3.869, 3.08, 2.941, 3.633, 3.417, 3.196, 2.912, 2.499, 4.244, 5.171, 6.897, 7.139, 6.668, 8.353, 8.838, 7.174, 6.294, 6.782, 7.524, 7.971, 6.563, 6.082, 6.547, 6.295, 5.404, 4.049, 3.84, 3.877, 3.885, 4.627, 4.346, 3.261, 3.056, 3.849, 2.832, 2.929, 3.425, 3.663, 4.271, 3.501, 2.525, 3.21, 3.104, 1.739, 2.376, 2.35, 2.581, 2.302, 2.653, 2.538, 2.288, 2.537, 3.75, 4.661, 3.855, 2.845, 3.487, 4.317, 3.988, 4.266, 5.254, 5.811, 5.214, 5.499, 7.031, 6.463, 4.411, 4.036, 3.627, 2.785, 2.567, 1.794, 2.027, 2.07, 2.276, 2.592, 3.019, 3.127, 2.793, 2.317, 3.153, 3.17, 2.886, 3.372, 3.671, 5.602, 6.052, 6.339, 6.228, 6.124, 5.72, 5.425, 4.531, 4.312, 4.77, 3.889, 3.975, 4.764], [2.81, 1.647, 1.722, 1.783, 1.639, 1.072, 0.0, 1.102, 1.357, 1.195, 1.574, 2.252, 3.07, 2.664, 1.891, 2.524, 3.586, 5.525, 6.317, 6.078, 8.331, 8.064, 6.361, 7.04, 8.021, 7.749, 7.785, 8.751, 6.849, 4.891, 4.229, 4.814, 4.772, 5.275, 5.951, 6.169, 6.354, 9.181, 10.355, 9.199, 8.149, 6.58, 4.562, 3.324, 3.097, 3.912, 4.203, 4.866, 4.407, 3.505, 3.435, 4.194, 3.738, 3.304, 3.027, 2.979, 4.611, 5.498, 7.034, 7.322, 6.922, 8.581, 8.983, 7.484, 6.665, 7.039, 7.684, 8.001, 6.943, 6.496, 6.815, 6.471, 5.707, 4.569, 4.354, 4.322, 4.239, 4.87, 4.788, 3.794, 3.494, 4.192, 3.256, 3.351, 3.883, 4.152, 4.747, 3.951, 3.006, 3.657, 3.562, 2.299, 2.578, 2.87, 2.949, 2.605, 2.819, 3.019, 2.843, 3.029, 4.307, 5.042, 4.119, 3.2, 3.724, 4.696, 4.32, 4.711, 5.7, 6.092, 5.612, 5.839, 7.127, 6.643, 4.661, 4.381, 4.058, 3.152, 3.052, 2.144, 2.21, 2.388, 2.656, 3.111, 3.614, 3.745, 3.291, 2.831, 3.44, 3.572, 3.381, 3.954, 4.289, 6.08, 6.532, 6.833, 6.775, 6.592, 6.189, 5.856, 4.966, 4.726, 5.147, 4.448, 4.393, 5.25], [2.705, 2.216, 2.197, 2.173, 1.571, 1.216, 1.102, 0.0, 1.178, 1.406, 1.759, 2.464, 3.047, 2.693, 2.14, 2.498, 3.689, 5.671, 6.413, 6.075, 8.307, 8.029, 6.377, 7.035, 8.167, 7.892, 7.813, 8.834, 6.803, 4.861, 4.151, 4.6, 4.761, 5.268, 6.111, 6.305, 6.534, 9.293, 10.541, 9.298, 8.26, 6.768, 4.823, 3.484, 3.17, 3.982, 4.363, 5.006, 4.407, 3.47, 3.444, 4.157, 3.836, 3.325, 3.317, 3.119, 4.873, 5.715, 7.034, 7.449, 7.143, 8.625, 9.032, 7.627, 6.844, 7.281, 7.99, 8.352, 7.144, 6.63, 7.06, 6.829, 5.973, 4.681, 4.476, 4.49, 4.432, 5.2, 4.989, 3.736, 3.702, 4.489, 3.478, 3.372, 3.803, 4.297, 4.623, 3.935, 3.072, 3.849, 3.74, 2.225, 2.83, 3.041, 3.053, 2.577, 3.229, 3.141, 2.864, 3.108, 4.336, 5.167, 4.339, 3.304, 3.983, 4.842, 4.494, 4.805, 5.773, 6.306, 5.742, 6.034, 7.239, 6.852, 4.939, 4.641, 4.221, 3.308, 2.949, 2.308, 2.655, 2.77, 2.89, 2.998, 3.424, 3.463, 3.308, 2.784, 3.747, 3.863, 3.312, 3.788, 4.103, 6.093, 6.613, 6.781, 6.643, 6.468, 6.227, 5.916, 4.938, 4.908, 5.36, 4.457, 4.571, 5.336], [3.379, 2.178, 2.366, 2.639, 2.311, 1.463, 1.357, 1.178, 0.0, 1.275, 2.02, 2.183, 2.666, 2.545, 2.236, 2.921, 4.164, 6.157, 6.626, 6.674, 9.004, 8.562, 6.669, 7.315, 8.34, 8.237, 8.292, 9.534, 7.314, 5.467, 4.828, 5.077, 5.464, 5.98, 6.82, 6.749, 7.176, 9.991, 11.215, 9.901, 8.968, 7.472, 5.247, 3.634, 2.775, 3.559, 3.984, 4.41, 3.807, 3.385, 3.22, 3.743, 3.42, 2.972, 3.053, 2.778, 4.152, 4.899, 6.371, 6.702, 6.342, 7.98, 8.401, 6.976, 6.197, 6.527, 7.134, 7.589, 6.411, 5.916, 6.295, 6.067, 5.065, 4.11, 3.71, 3.849, 3.681, 4.414, 4.205, 3.26, 3.122, 3.741, 2.946, 3.181, 3.355, 3.585, 4.214, 3.782, 2.587, 3.142, 3.046, 2.022, 3.081, 2.764, 2.719, 3.084, 2.959, 2.722, 2.314, 2.737, 3.597, 4.486, 4.102, 2.838, 3.209, 4.109, 3.814, 4.097, 5.069, 5.602, 5.045, 5.262, 6.511, 6.157, 4.27, 3.924, 3.475, 2.81, 2.632, 1.839, 2.125, 2.39, 2.726, 2.387, 2.92, 3.332, 3.238, 2.582, 2.998, 3.102, 2.91, 3.381, 3.97, 6.015, 6.51, 6.597, 6.434, 6.035, 5.626, 5.333, 4.417, 4.265, 4.683, 3.793, 3.836, 4.587], [3.271, 1.752, 2.016, 2.291, 2.125, 1.499, 1.195, 1.406, 1.275, 0.0, 1.471, 1.983, 2.742, 2.442, 1.808, 2.945, 4.14, 6.138, 6.855, 6.638, 8.85, 8.633, 7.013, 7.61, 8.518, 8.334, 8.321, 9.304, 7.386, 5.437, 4.654, 5.09, 5.291, 5.843, 6.643, 6.749, 7.025, 9.803, 11.007, 9.866, 8.774, 7.274, 5.187, 3.86, 3.357, 3.778, 4.138, 4.779, 4.235, 3.323, 3.225, 3.959, 3.564, 3.051, 2.872, 2.754, 4.51, 5.247, 6.736, 7.057, 6.642, 8.278, 8.704, 7.275, 6.453, 6.855, 7.432, 7.885, 6.722, 6.238, 6.563, 6.348, 5.421, 4.351, 4.036, 4.185, 4.071, 4.674, 4.564, 3.947, 3.732, 4.126, 3.495, 3.772, 4.011, 4.101, 4.992, 4.395, 3.246, 3.486, 3.393, 2.568, 3.209, 3.128, 3.023, 3.102, 3.102, 2.974, 2.68, 2.782, 4.004, 4.785, 3.919, 3.023, 3.536, 4.443, 4.145, 4.479, 5.46, 5.921, 5.446, 5.596, 6.864, 6.449, 4.555, 4.316, 3.834, 3.294, 3.401, 2.293, 2.476, 2.869, 3.208, 3.057, 3.592, 4.041, 3.724, 3.239, 3.417, 3.57, 3.498, 4.163, 4.593, 6.606, 7.017, 7.311, 7.177, 6.789, 6.146, 5.834, 5.121, 4.935, 5.124, 4.259, 4.178, 4.951], [3.078, 1.698, 1.717, 2.05, 2.145, 1.814, 1.574, 1.759, 2.02, 1.471, 0.0, 1.626, 2.488, 2.348, 1.737, 3.169, 4.42, 6.347, 7.121, 6.78, 8.702, 8.486, 7.047, 7.787, 8.866, 8.552, 8.358, 9.137, 7.257, 5.187, 4.354, 4.941, 5.053, 5.569, 6.654, 6.896, 7.056, 9.754, 11.049, 9.93, 8.711, 7.179, 5.464, 4.306, 3.871, 4.437, 4.818, 5.177, 4.663, 3.822, 3.411, 3.967, 3.704, 2.938, 3.044, 3.046, 4.847, 5.562, 6.608, 7.151, 6.788, 8.034, 8.549, 7.287, 6.574, 7.134, 7.759, 8.16, 6.882, 6.232, 6.794, 6.659, 5.715, 4.562, 4.366, 4.546, 4.422, 5.03, 4.905, 4.621, 4.309, 4.495, 3.794, 4.315, 4.757, 4.843, 5.718, 4.994, 3.86, 3.829, 3.746, 3.031, 3.465, 3.613, 3.597, 3.365, 3.356, 3.258, 3.078, 2.986, 4.112, 4.917, 4.001, 3.162, 3.935, 4.696, 4.398, 4.793, 5.764, 6.149, 5.555, 5.845, 7.085, 6.676, 4.877, 4.723, 4.289, 3.975, 4.086, 2.832, 2.677, 3.3, 3.719, 3.733, 4.166, 4.575, 4.062, 3.782, 3.961, 4.195, 4.223, 4.856, 5.112, 6.846, 7.444, 7.93, 7.818, 7.524, 6.928, 6.602, 5.882, 5.605, 5.871, 4.952, 4.549, 5.209], [4.125, 2.619, 2.745, 3.034, 3.234, 2.381, 2.252, 2.464, 2.183, 1.983, 1.626, 0.0, 1.417, 1.518, 2.531, 3.932, 5.178, 7.193, 7.771, 7.574, 9.718, 9.358, 7.623, 8.283, 9.506, 9.279, 9.172, 10.217, 8.04, 6.115, 5.513, 6.057, 6.176, 6.621, 7.756, 7.749, 8.125, 10.846, 12.11, 10.797, 9.778, 8.222, 6.144, 4.695, 3.718, 4.346, 4.897, 5.156, 4.613, 4.272, 3.777, 3.9, 3.489, 2.64, 3.282, 3.445, 4.736, 5.07, 5.727, 6.257, 6.056, 7.131, 7.613, 6.522, 5.912, 6.464, 6.844, 7.195, 6.193, 5.422, 5.993, 5.821, 5.017, 4.4, 4.434, 4.523, 4.385, 4.454, 4.772, 4.431, 4.152, 4.327, 3.898, 4.307, 4.632, 4.661, 5.557, 4.871, 4.087, 3.682, 3.477, 3.248, 4.099, 3.595, 3.994, 4.149, 3.826, 3.55, 3.327, 3.226, 3.993, 4.791, 3.801, 3.044, 3.668, 4.212, 4.064, 4.662, 5.646, 5.404, 5.017, 5.241, 6.312, 5.772, 4.25, 4.458, 4.158, 3.868, 4.0, 2.812, 2.882, 3.535, 3.75, 3.626, 4.063, 4.504, 4.105, 3.689, 3.84, 4.038, 4.123, 4.756, 5.053, 7.115, 7.448, 7.851, 7.696, 7.364, 6.777, 6.472, 5.76, 5.499, 5.723, 4.82, 4.566, 5.067], [4.988, 3.203, 3.533, 4.151, 4.082, 3.098, 3.07, 3.047, 2.666, 2.742, 2.488, 1.417, 0.0, 1.347, 3.113, 4.733, 6.055, 8.068, 8.557, 8.398, 10.752, 10.255, 8.457, 9.092, 10.269, 10.128, 10.102, 11.242, 9.012, 7.093, 6.358, 6.584, 7.073, 7.581, 8.662, 8.638, 9.042, 11.777, 12.962, 11.673, 10.706, 9.213, 7.0, 5.272, 4.052, 4.514, 5.135, 5.183, 4.675, 4.755, 4.19, 3.912, 3.403, 2.718, 3.511, 3.6, 4.569, 4.783, 5.061, 5.688, 5.761, 6.488, 6.957, 6.035, 5.65, 6.083, 6.326, 6.626, 5.781, 4.998, 5.572, 5.364, 4.653, 4.287, 4.383, 4.431, 4.28, 4.246, 4.596, 4.646, 4.399, 4.201, 4.157, 4.666, 4.849, 4.771, 5.71, 5.136, 4.334, 3.565, 3.284, 3.612, 4.943, 4.136, 4.417, 4.857, 4.476, 3.722, 3.47, 3.435, 3.812, 4.593, 3.7, 3.005, 3.517, 4.002, 3.885, 4.506, 5.435, 4.953, 4.627, 4.82, 5.904, 5.37, 3.985, 4.299, 4.213, 4.139, 4.242, 3.085, 3.23, 4.324, 4.324, 3.858, 4.231, 4.711, 4.708, 4.077, 3.96, 4.218, 4.354, 5.036, 5.301, 7.749, 7.981, 8.141, 7.937, 7.515, 6.909, 6.644, 5.957, 5.706, 5.898, 4.953, 4.565, 4.784], [4.581, 2.629, 2.932, 3.528, 3.36, 2.676, 2.664, 2.693, 2.545, 2.442, 2.348, 1.518, 1.347, 0.0, 2.562, 4.147, 5.386, 7.41, 8.15, 7.986, 10.136, 9.817, 8.058, 8.784, 9.82, 9.64, 9.579, 10.636, 8.561, 6.63, 5.958, 6.216, 6.586, 7.077, 7.941, 8.024, 8.331, 11.102, 12.334, 11.049, 10.057, 8.546, 6.413, 4.777, 3.595, 3.966, 4.427, 4.606, 4.151, 3.895, 3.531, 3.458, 2.797, 2.148, 2.569, 2.871, 3.99, 4.361, 4.947, 5.423, 5.422, 6.493, 6.893, 5.704, 5.13, 5.485, 5.757, 6.05, 5.26, 4.59, 5.02, 4.711, 4.083, 3.597, 3.832, 3.889, 3.727, 3.667, 4.001, 4.251, 3.906, 3.708, 3.553, 4.447, 4.354, 4.312, 5.232, 4.893, 3.844, 3.175, 2.83, 3.359, 4.312, 3.762, 3.898, 4.176, 4.117, 3.237, 3.062, 2.864, 3.368, 4.154, 2.737, 2.241, 2.96, 3.592, 3.522, 4.075, 4.906, 4.404, 4.161, 4.382, 5.494, 4.852, 3.463, 3.861, 3.749, 3.855, 3.732, 2.588, 3.144, 4.227, 4.224, 3.665, 3.898, 4.393, 4.514, 3.707, 3.641, 3.861, 4.06, 4.573, 5.07, 7.532, 7.757, 7.616, 7.432, 7.038, 6.464, 6.248, 5.527, 5.286, 5.47, 4.613, 4.04, 4.353], [2.444, 1.623, 1.439, 2.049, 1.739, 1.794, 1.891, 2.14, 2.236, 1.808, 1.737, 2.531, 3.113, 2.562, 0.0, 2.087, 3.413, 5.313, 6.23, 6.034, 7.926, 7.708, 6.502, 7.023, 7.841, 7.6, 7.314, 8.364, 6.614, 4.422, 3.703, 4.108, 4.322, 4.802, 5.709, 5.814, 6.099, 8.856, 10.05, 8.83, 7.828, 6.451, 4.753, 3.47, 2.973, 3.451, 3.737, 4.327, 3.813, 2.948, 2.939, 3.559, 3.111, 3.178, 2.842, 2.186, 3.923, 4.944, 6.923, 7.205, 6.731, 8.434, 8.955, 6.933, 6.124, 6.388, 7.28, 7.796, 6.351, 5.892, 6.142, 5.974, 4.972, 3.657, 3.633, 3.784, 3.703, 4.33, 3.996, 3.775, 3.386, 3.527, 3.033, 3.584, 3.945, 3.759, 4.652, 4.076, 2.862, 3.026, 2.978, 2.409, 2.698, 2.81, 2.639, 2.357, 2.442, 2.383, 2.122, 2.232, 3.267, 4.127, 3.319, 2.698, 3.541, 4.278, 4.111, 4.14, 4.924, 5.459, 4.847, 5.229, 7.126, 6.63, 4.493, 4.023, 3.355, 3.119, 3.359, 2.35, 2.562, 3.074, 3.441, 3.288, 3.413, 3.749, 3.324, 3.046, 3.439, 3.495, 3.58, 4.162, 4.298, 6.022, 6.666, 7.08, 6.878, 6.457, 5.99, 5.879, 5.16, 4.899, 5.007, 4.105, 3.764, 4.442], [1.398, 2.739, 2.576, 2.558, 1.881, 2.251, 2.524, 2.498, 2.921, 2.945, 3.169, 3.932, 4.733, 4.147, 2.087, 0.0, 1.638, 3.519, 4.379, 4.244, 6.275, 5.923, 4.711, 5.26, 5.917, 5.742, 5.645, 6.763, 4.801, 2.757, 2.374, 2.824, 2.726, 3.196, 4.053, 4.137, 4.447, 7.182, 8.37, 7.053, 6.135, 4.653, 2.914, 1.978, 2.339, 3.211, 3.364, 4.056, 3.792, 2.583, 3.257, 4.366, 4.489, 4.83, 4.19, 2.977, 4.765, 6.153, 8.607, 8.874, 8.345, 10.09, 10.657, 8.404, 7.445, 7.753, 8.933, 9.389, 7.826, 7.32, 7.552, 7.439, 6.315, 4.647, 4.161, 4.209, 4.324, 5.501, 5.106, 2.99, 3.277, 4.274, 2.902, 2.519, 3.373, 3.724, 3.396, 2.718, 2.493, 3.845, 4.198, 2.064, 1.767, 2.162, 2.246, 1.349, 1.753, 2.429, 2.496, 2.787, 4.138, 4.868, 4.419, 4.268, 5.052, 5.742, 5.597, 4.858, 5.737, 6.733, 5.954, 6.482, 8.767, 8.206, 6.024, 4.997, 4.047, 2.87, 2.53, 3.083, 3.517, 2.929, 3.283, 3.781, 3.411, 2.72, 2.324, 2.777, 4.428, 4.155, 3.104, 3.465, 3.015, 4.346, 5.11, 5.667, 5.491, 5.213, 5.351, 5.594, 4.419, 4.622, 5.03, 4.132, 4.273, 5.271], [2.115, 3.941, 3.838, 3.106, 2.852, 3.39, 3.586, 3.689, 4.164, 4.14, 4.42, 5.178, 6.055, 5.386, 3.413, 1.638, 0.0, 2.232, 3.024, 3.12, 5.186, 4.926, 3.758, 4.314, 4.945, 4.453, 4.549, 5.704, 3.703, 2.3, 1.965, 2.477, 2.23, 2.402, 2.967, 2.945, 3.261, 5.956, 7.181, 5.819, 4.944, 3.881, 2.149, 1.673, 2.815, 3.275, 3.472, 4.432, 4.686, 3.285, 4.021, 5.395, 5.778, 6.133, 5.416, 4.15, 5.836, 7.3, 9.83, 10.127, 9.604, 11.398, 11.936, 9.675, 8.72, 8.927, 10.068, 10.541, 9.089, 8.629, 8.743, 8.574, 7.462, 5.724, 5.054, 5.071, 5.366, 6.633, 6.243, 3.763, 4.27, 5.367, 3.695, 3.164, 4.067, 4.729, 3.895, 2.947, 3.034, 4.916, 5.395, 3.039, 2.06, 2.385, 2.414, 1.781, 1.945, 2.914, 3.525, 3.75, 5.244, 5.796, 5.673, 5.474, 6.19, 7.002, 6.857, 5.814, 6.786, 7.921, 7.167, 7.672, 9.989, 9.424, 7.19, 6.132, 5.108, 3.917, 3.643, 4.223, 4.598, 3.762, 4.122, 4.967, 4.584, 3.397, 3.052, 3.896, 5.508, 5.056, 3.757, 4.18, 3.315, 3.614, 4.373, 5.342, 5.238, 5.094, 5.595, 6.072, 5.202, 5.295, 5.507, 4.641, 4.913, 6.127], [3.798, 5.896, 5.74, 5.026, 4.743, 5.4, 5.525, 5.671, 6.157, 6.138, 6.347, 7.193, 8.068, 7.41, 5.313, 3.519, 2.232, 0.0, 1.508, 1.673, 3.425, 3.148, 2.181, 2.832, 3.416, 2.603, 2.889, 3.817, 2.162, 1.825, 2.819, 3.052, 2.26, 1.745, 1.688, 1.867, 2.005, 4.145, 5.305, 4.03, 3.122, 2.303, 1.682, 3.079, 4.846, 5.176, 5.124, 6.37, 6.715, 5.278, 6.035, 7.425, 7.779, 8.162, 7.468, 6.15, 7.677, 9.315, 11.87, 12.175, 11.648, 13.45, 13.989, 11.726, 10.772, 10.948, 11.927, 12.536, 11.133, 10.665, 10.775, 10.478, 9.466, 7.801, 7.013, 7.053, 7.303, 8.48, 8.151, 5.611, 6.132, 7.216, 5.536, 4.873, 5.9, 6.661, 5.397, 4.552, 4.951, 6.91, 7.444, 5.032, 3.282, 4.162, 3.949, 3.479, 3.687, 4.854, 5.497, 5.737, 7.25, 7.787, 7.716, 7.562, 8.091, 9.054, 8.943, 7.86, 8.728, 9.909, 9.203, 9.654, 12.028, 11.507, 9.239, 7.98, 7.021, 5.773, 5.436, 6.138, 6.562, 5.493, 5.89, 6.991, 6.623, 5.136, 4.732, 5.9, 7.444, 6.93, 5.668, 6.111, 4.586, 2.414, 3.406, 5.005, 4.991, 5.371, 7.036, 7.823, 6.946, 7.062, 7.337, 6.522, 6.799, 8.116], [4.718, 6.716, 6.725, 5.883, 5.654, 6.023, 6.317, 6.413, 6.626, 6.855, 7.121, 7.771, 8.557, 8.15, 6.23, 4.379, 3.024, 1.508, 0.0, 1.113, 2.701, 2.426, 1.705, 1.762, 2.46, 1.756, 2.08, 3.217, 2.185, 2.597, 3.808, 4.164, 3.272, 2.754, 2.326, 2.27, 2.513, 3.614, 4.797, 3.481, 2.836, 2.715, 2.444, 3.762, 5.331, 5.889, 5.679, 6.953, 7.146, 5.99, 6.551, 7.989, 8.408, 8.725, 8.093, 6.777, 8.323, 9.679, 12.188, 12.55, 11.938, 13.787, 14.329, 12.044, 11.155, 11.397, 12.462, 13.02, 11.531, 11.026, 11.171, 11.055, 9.806, 8.223, 7.421, 7.524, 7.779, 9.055, 8.713, 6.239, 6.746, 7.849, 6.159, 5.462, 6.533, 7.209, 6.045, 5.209, 5.475, 7.403, 7.859, 5.416, 4.079, 4.75, 4.55, 4.475, 4.366, 5.44, 5.931, 6.379, 7.594, 8.145, 8.394, 8.037, 8.661, 9.494, 9.334, 8.3, 9.231, 10.374, 9.636, 10.107, 12.393, 11.9, 9.705, 8.602, 7.526, 6.398, 6.015, 6.79, 7.079, 6.018, 6.408, 7.431, 7.042, 5.567, 5.187, 6.335, 7.99, 7.536, 6.166, 6.588, 4.987, 2.367, 3.755, 5.574, 5.344, 5.679, 7.67, 8.456, 7.579, 7.681, 7.952, 6.917, 7.276, 8.492], [4.353, 6.448, 6.397, 5.536, 5.268, 5.767, 6.078, 6.075, 6.674, 6.638, 6.78, 7.574, 8.398, 7.986, 6.034, 4.244, 3.12, 1.673, 1.113, 0.0, 2.478, 2.109, 1.454, 1.767, 2.776, 1.96, 2.091, 3.102, 1.968, 2.588, 3.74, 4.013, 3.18, 2.613, 2.364, 2.379, 2.37, 3.515, 4.729, 3.456, 2.707, 2.53, 2.47, 4.033, 5.66, 6.0, 5.997, 7.116, 7.287, 5.823, 6.389, 7.749, 8.224, 8.544, 7.994, 6.684, 8.53, 9.865, 12.28, 12.541, 12.056, 13.712, 14.292, 12.061, 11.113, 11.566, 12.731, 13.262, 11.553, 11.012, 11.292, 11.276, 10.162, 8.337, 7.633, 7.695, 7.924, 9.231, 8.981, 6.47, 7.021, 8.056, 6.411, 5.667, 6.71, 7.491, 6.359, 5.503, 5.768, 7.596, 7.996, 5.499, 4.068, 4.973, 4.903, 4.39, 4.459, 5.509, 6.048, 6.272, 7.721, 8.386, 8.177, 8.023, 8.813, 9.413, 9.324, 8.386, 9.346, 10.486, 9.652, 10.186, 12.478, 11.962, 9.792, 8.776, 7.697, 6.588, 6.196, 6.864, 7.237, 6.163, 6.566, 7.49, 7.056, 5.71, 5.336, 6.447, 8.195, 7.719, 6.304, 6.75, 5.18, 2.764, 4.142, 5.944, 5.736, 6.114, 7.869, 8.615, 7.737, 7.851, 8.122, 6.991, 7.474, 8.641], [5.929, 8.474, 8.058, 7.334, 7.117, 8.054, 8.331, 8.307, 9.004, 8.85, 8.702, 9.718, 10.752, 10.136, 7.926, 6.275, 5.186, 3.425, 2.701, 2.478, 0.0, 1.369, 2.662, 2.083, 2.18, 1.727, 1.573, 1.869, 2.585, 4.126, 5.092, 5.305, 4.506, 3.765, 3.162, 2.918, 2.968, 2.079, 2.561, 1.863, 2.517, 2.949, 4.391, 6.208, 7.829, 8.155, 8.249, 9.348, 9.542, 8.014, 8.643, 10.045, 10.506, 10.82, 10.284, 8.981, 10.901, 12.265, 14.71, 14.976, 14.411, 15.966, 16.662, 14.462, 13.475, 13.934, 15.042, 15.58, 13.911, 13.29, 13.655, 13.632, 12.382, 10.669, 9.984, 10.045, 10.328, 11.621, 11.284, 8.814, 9.32, 10.419, 8.742, 8.041, 9.103, 9.778, 8.65, 7.789, 8.066, 9.981, 10.373, 7.853, 6.275, 7.27, 7.097, 6.25, 6.711, 7.717, 8.345, 8.47, 10.036, 10.72, 10.417, 10.351, 11.226, 11.793, 11.764, 10.809, 11.77, 12.873, 12.038, 12.587, 14.856, 14.353, 12.204, 11.179, 10.096, 8.968, 8.585, 9.267, 9.649, 8.574, 8.978, 9.92, 9.468, 8.081, 7.706, 8.806, 10.569, 10.106, 8.715, 9.151, 7.514, 4.61, 5.612, 7.742, 7.522, 7.954, 10.239, 11.026, 10.149, 10.261, 10.532, 9.377, 9.86, 11.052], [5.819, 8.319, 7.99, 7.242, 6.975, 7.697, 8.064, 8.029, 8.562, 8.633, 8.486, 9.358, 10.255, 9.817, 7.708, 5.923, 4.926, 3.148, 2.426, 2.109, 1.369, 0.0, 2.045, 1.851, 2.368, 1.342, 1.486, 1.854, 1.995, 3.894, 5.025, 5.215, 4.507, 3.635, 3.056, 2.757, 2.758, 1.962, 3.057, 1.832, 2.119, 2.607, 4.249, 5.863, 7.435, 7.959, 7.83, 8.966, 9.089, 7.658, 8.255, 9.604, 10.109, 10.343, 9.848, 8.674, 10.377, 11.786, 14.151, 14.404, 13.891, 15.399, 16.099, 13.882, 13.022, 13.424, 14.579, 15.083, 13.373, 12.732, 13.2, 13.133, 11.989, 10.188, 9.479, 9.521, 9.83, 11.135, 10.816, 8.305, 8.834, 9.928, 8.246, 7.523, 8.611, 9.306, 8.196, 7.301, 7.61, 9.461, 9.872, 7.299, 5.842, 6.786, 6.725, 5.985, 6.392, 7.338, 7.909, 8.066, 9.492, 10.219, 10.03, 9.837, 10.714, 11.332, 11.223, 10.285, 11.245, 12.349, 11.445, 12.039, 14.348, 13.84, 11.701, 10.68, 9.613, 8.465, 8.082, 8.774, 9.146, 8.072, 8.475, 9.389, 8.908, 7.561, 7.196, 8.303, 10.056, 9.603, 8.212, 8.648, 7.015, 4.137, 4.999, 6.914, 6.887, 7.464, 9.738, 10.523, 9.646, 9.762, 10.032, 8.883, 9.383, 10.546], [4.943, 6.877, 6.936, 6.124, 5.882, 5.939, 6.361, 6.377, 6.669, 7.013, 7.047, 7.623, 8.457, 8.058, 6.502, 4.711, 3.758, 2.181, 1.705, 1.454, 2.662, 2.045, 0.0, 1.438, 2.69, 2.121, 2.312, 3.176, 1.55, 2.898, 4.355, 4.523, 3.772, 3.024, 2.728, 2.613, 2.554, 3.68, 4.897, 3.508, 2.995, 2.383, 2.742, 4.125, 5.593, 6.118, 6.089, 7.173, 7.259, 6.041, 6.495, 7.716, 8.308, 8.556, 8.103, 6.889, 8.504, 9.852, 12.252, 12.504, 12.002, 13.613, 14.221, 11.986, 11.109, 11.529, 12.685, 13.216, 11.5, 10.903, 11.302, 11.256, 10.136, 8.308, 7.611, 7.651, 7.907, 9.251, 8.911, 6.421, 6.965, 7.992, 6.375, 5.63, 6.712, 7.438, 6.335, 5.442, 5.759, 7.566, 7.928, 5.445, 4.214, 4.946, 4.988, 4.822, 4.634, 5.531, 6.046, 6.399, 7.672, 8.439, 8.371, 7.944, 8.78, 9.401, 9.292, 8.357, 9.322, 10.448, 9.556, 10.16, 12.443, 11.901, 9.758, 8.746, 7.701, 6.555, 6.144, 6.852, 7.203, 6.129, 6.532, 7.464, 6.999, 5.686, 5.325, 6.414, 8.153, 7.685, 6.269, 6.72, 5.188, 2.355, 3.548, 5.542, 5.265, 5.719, 7.827, 8.58, 7.703, 7.82, 8.091, 6.973, 7.451, 8.634], [5.53, 7.557, 7.585, 6.696, 6.545, 6.654, 7.04, 7.035, 7.315, 7.61, 7.787, 8.283, 9.092, 8.784, 7.023, 5.26, 4.314, 2.832, 1.762, 1.767, 2.083, 1.851, 1.438, 0.0, 1.744, 1.625, 1.449, 2.418, 2.046, 3.647, 5.028, 5.351, 4.417, 3.931, 3.514, 3.21, 3.217, 3.279, 4.08, 2.888, 3.187, 3.111, 3.383, 4.718, 6.286, 6.761, 6.713, 7.778, 7.975, 6.772, 7.195, 8.546, 8.982, 9.29, 8.887, 7.459, 9.148, 10.484, 12.886, 13.273, 12.634, 14.431, 14.964, 12.697, 11.756, 12.221, 13.286, 13.839, 12.264, 11.718, 11.907, 11.91, 10.758, 9.028, 8.179, 8.277, 8.579, 9.869, 9.531, 7.049, 7.583, 8.69, 6.976, 6.277, 7.367, 8.041, 6.957, 6.143, 6.354, 8.205, 8.653, 6.13, 4.893, 5.624, 5.606, 5.427, 5.142, 6.175, 6.619, 6.992, 8.332, 9.004, 9.192, 8.812, 9.443, 10.146, 10.061, 9.04, 9.991, 11.117, 10.406, 10.85, 13.153, 12.662, 10.489, 9.415, 8.364, 7.248, 6.828, 7.534, 7.892, 6.818, 7.221, 8.166, 7.764, 6.302, 5.987, 7.137, 8.802, 8.349, 6.958, 7.4, 5.831, 3.209, 4.427, 6.48, 6.094, 6.386, 8.483, 9.269, 8.392, 8.497, 8.784, 7.701, 8.095, 9.249], [6.299, 8.362, 8.28, 7.531, 7.326, 7.77, 8.021, 8.167, 8.34, 8.518, 8.866, 9.506, 10.269, 9.82, 7.841, 5.917, 4.945, 3.416, 2.46, 2.776, 2.18, 2.368, 2.69, 1.744, 0.0, 1.756, 1.638, 2.233, 2.725, 4.509, 5.848, 6.04, 5.127, 4.641, 4.142, 3.597, 3.667, 3.263, 3.324, 2.353, 3.269, 3.431, 4.245, 5.593, 7.035, 7.817, 7.438, 8.623, 8.881, 7.692, 8.364, 9.734, 10.163, 10.484, 9.785, 8.516, 9.906, 11.368, 13.921, 14.247, 13.681, 15.546, 16.093, 13.805, 12.936, 13.039, 14.038, 14.623, 13.249, 12.747, 12.923, 12.655, 11.473, 9.925, 9.086, 9.219, 9.395, 10.653, 10.279, 7.789, 8.301, 9.445, 7.732, 7.028, 8.129, 8.79, 7.634, 6.915, 7.065, 9.019, 9.527, 7.133, 5.691, 6.406, 6.352, 6.027, 6.05, 7.214, 7.629, 8.001, 9.294, 9.904, 10.115, 9.781, 10.284, 11.233, 11.077, 9.97, 10.871, 12.026, 11.324, 11.789, 14.087, 13.614, 11.355, 10.19, 9.138, 7.995, 7.611, 8.467, 8.688, 7.652, 8.012, 9.095, 8.727, 7.228, 6.858, 8.004, 9.587, 9.132, 7.784, 8.222, 6.681, 4.115, 5.098, 7.279, 6.964, 7.169, 9.268, 10.053, 9.175, 9.321, 9.567, 8.592, 8.884, 10.157], [6.006, 8.124, 8.041, 7.255, 7.048, 7.581, 7.749, 7.892, 8.237, 8.334, 8.552, 9.279, 10.128, 9.64, 7.6, 5.742, 4.453, 2.603, 1.756, 1.96, 1.727, 1.342, 2.121, 1.625, 1.756, 0.0, 1.271, 2.028, 2.147, 3.83, 5.034, 5.368, 4.505, 3.839, 3.127, 2.641, 2.904, 2.169, 3.194, 2.048, 2.212, 2.85, 3.792, 5.303, 6.971, 7.469, 7.263, 8.556, 8.788, 7.402, 8.119, 9.599, 9.9, 10.241, 9.589, 8.331, 9.888, 11.335, 13.85, 14.234, 13.621, 15.467, 16.005, 13.704, 12.806, 13.032, 14.027, 14.621, 13.2, 12.681, 12.822, 12.634, 11.476, 9.875, 9.039, 9.131, 9.387, 10.629, 10.282, 7.793, 8.297, 9.427, 7.713, 7.034, 8.111, 8.756, 7.606, 6.757, 7.057, 9.012, 9.518, 7.101, 5.43, 6.26, 6.095, 5.739, 5.89, 6.986, 7.532, 7.83, 9.249, 9.785, 9.912, 9.638, 10.251, 11.144, 11.019, 9.951, 10.846, 12.017, 11.291, 11.752, 14.078, 13.579, 11.329, 10.166, 9.114, 7.977, 7.593, 8.299, 8.664, 7.633, 8.005, 9.082, 8.706, 7.217, 6.829, 7.983, 9.569, 9.114, 7.776, 8.215, 6.649, 3.722, 4.716, 6.845, 6.59, 6.991, 9.248, 10.034, 9.157, 9.259, 9.53, 8.568, 8.863, 10.14], [5.65, 8.148, 7.819, 7.086, 6.822, 7.583, 7.785, 7.813, 8.292, 8.321, 8.358, 9.172, 10.102, 9.579, 7.314, 5.645, 4.549, 2.889, 2.08, 2.091, 1.573, 1.486, 2.312, 1.449, 1.638, 1.271, 0.0, 1.63, 2.171, 3.671, 4.94, 5.217, 4.274, 3.74, 3.083, 2.587, 2.837, 2.511, 3.227, 2.068, 2.393, 2.906, 3.992, 5.495, 7.152, 7.609, 7.484, 8.717, 8.906, 7.319, 8.069, 9.556, 9.843, 10.227, 9.682, 8.356, 10.08, 11.472, 13.878, 14.288, 13.625, 15.472, 16.01, 13.715, 12.745, 13.125, 14.207, 14.78, 13.263, 12.69, 12.865, 12.816, 11.608, 9.984, 9.172, 9.301, 9.555, 10.812, 10.454, 7.95, 8.485, 9.615, 7.936, 7.175, 8.294, 8.974, 7.841, 7.016, 7.244, 9.16, 9.661, 7.141, 5.528, 6.426, 6.266, 5.656, 6.011, 7.042, 7.565, 7.898, 9.3, 9.847, 9.862, 9.72, 10.384, 11.171, 11.064, 10.014, 10.945, 12.074, 11.357, 11.776, 14.16, 13.666, 11.451, 10.328, 9.287, 8.159, 7.775, 8.46, 8.857, 7.765, 8.171, 9.133, 8.766, 7.281, 6.882, 8.106, 9.756, 9.296, 7.906, 8.342, 6.721, 4.036, 5.15, 7.275, 6.967, 7.304, 9.43, 10.214, 9.329, 9.422, 9.693, 8.663, 9.056, 10.244], [6.424, 8.867, 8.377, 7.578, 7.622, 8.57, 8.751, 8.834, 9.534, 9.304, 9.137, 10.217, 11.242, 10.636, 8.364, 6.763, 5.704, 3.817, 3.217, 3.102, 1.869, 1.854, 3.176, 2.418, 2.233, 2.028, 1.63, 0.0, 2.757, 4.548, 5.431, 5.565, 4.736, 4.123, 3.248, 3.048, 2.827, 1.847, 2.227, 1.757, 1.888, 2.748, 4.844, 6.655, 8.283, 8.64, 8.691, 9.777, 9.999, 8.413, 9.132, 10.635, 11.04, 11.331, 10.783, 9.443, 11.337, 12.729, 15.148, 15.526, 14.809, 16.541, 17.179, 14.937, 13.893, 14.458, 15.491, 16.026, 14.458, 13.851, 14.143, 14.082, 12.845, 11.201, 10.442, 10.472, 10.785, 12.078, 11.746, 9.258, 9.762, 10.876, 9.162, 8.482, 9.56, 10.216, 9.073, 8.214, 8.502, 10.434, 10.842, 8.39, 6.717, 7.714, 7.546, 6.665, 7.119, 8.198, 8.823, 8.922, 10.523, 11.199, 10.983, 10.9, 11.693, 12.327, 12.301, 11.334, 12.294, 13.414, 12.576, 13.13, 15.382, 14.86, 12.686, 11.623, 10.553, 9.425, 9.042, 9.724, 10.106, 9.081, 9.435, 10.461, 10.027, 8.613, 8.232, 9.299, 11.016, 10.563, 9.18, 9.651, 8.029, 5.117, 5.965, 7.87, 7.759, 8.307, 10.696, 11.483, 10.606, 10.699, 10.97, 9.91, 10.296, 11.55], [4.927, 7.201, 7.012, 6.239, 5.953, 6.457, 6.849, 6.803, 7.314, 7.386, 7.257, 8.04, 9.012, 8.561, 6.614, 4.801, 3.703, 2.162, 2.185, 1.968, 2.585, 1.995, 1.55, 2.046, 2.725, 2.147, 2.171, 2.757, 0.0, 2.446, 3.837, 4.13, 3.37, 2.669, 2.273, 2.119, 2.026, 3.148, 4.397, 3.073, 2.488, 1.749, 2.755, 4.458, 6.091, 6.519, 6.53, 7.668, 7.878, 6.339, 6.96, 8.335, 8.929, 9.142, 8.666, 7.416, 9.237, 10.558, 12.864, 13.233, 12.591, 14.234, 14.876, 12.641, 11.666, 12.26, 13.358, 13.902, 12.212, 11.523, 11.944, 11.968, 10.65, 8.978, 8.297, 8.381, 8.655, 9.948, 9.604, 7.136, 7.642, 8.746, 7.073, 6.347, 7.43, 8.102, 6.961, 6.12, 6.39, 8.317, 8.7, 6.161, 4.689, 5.592, 5.372, 4.871, 5.035, 6.041, 6.62, 6.859, 8.287, 8.905, 8.771, 8.677, 9.519, 10.106, 10.043, 9.122, 10.083, 11.179, 10.321, 10.861, 13.161, 12.655, 10.51, 9.466, 8.423, 7.295, 6.912, 7.609, 7.975, 6.901, 7.305, 8.227, 7.772, 6.401, 6.027, 7.142, 8.904, 8.436, 7.024, 7.442, 5.827, 2.802, 3.632, 5.826, 5.709, 6.201, 8.57, 9.348, 8.463, 8.555, 8.826, 7.691, 8.173, 9.344], [2.889, 5.166, 4.83, 4.531, 4.004, 4.598, 4.891, 4.861, 5.467, 5.437, 5.187, 6.115, 7.093, 6.63, 4.422, 2.757, 2.3, 1.825, 2.597, 2.588, 4.126, 3.894, 2.898, 3.647, 4.509, 3.83, 3.671, 4.548, 2.446, 0.0, 1.726, 2.037, 1.142, 1.049, 1.969, 2.078, 2.373, 4.956, 6.223, 4.875, 3.883, 2.574, 1.494, 2.528, 4.132, 4.559, 4.586, 5.719, 5.998, 4.373, 5.023, 6.469, 6.973, 7.2, 6.755, 5.518, 7.361, 8.712, 10.995, 11.364, 10.717, 12.367, 13.012, 10.776, 9.821, 10.407, 11.492, 12.009, 10.36, 9.659, 10.092, 10.106, 8.777, 7.137, 6.417, 6.495, 6.809, 8.101, 7.728, 5.237, 5.755, 6.899, 5.186, 4.462, 5.584, 6.223, 5.074, 4.224, 4.496, 6.442, 6.854, 4.279, 3.013, 3.694, 3.475, 2.696, 3.209, 4.106, 4.706, 4.889, 6.382, 7.028, 6.839, 6.819, 7.67, 8.27, 8.197, 7.269, 8.229, 9.316, 8.423, 8.993, 11.311, 10.819, 8.678, 7.623, 6.577, 5.449, 5.065, 5.747, 6.129, 5.13, 5.47, 6.372, 5.909, 4.526, 4.242, 5.287, 7.04, 6.586, 5.186, 5.598, 3.947, 2.641, 3.295, 4.741, 4.618, 4.961, 6.72, 7.507, 6.625, 6.717, 6.988, 5.851, 6.304, 7.471], [2.007, 4.226, 3.576, 3.556, 3.089, 4.0, 4.229, 4.151, 4.828, 4.654, 4.354, 5.513, 6.358, 5.958, 3.703, 2.374, 1.965, 2.819, 3.808, 3.74, 5.092, 5.025, 4.355, 5.028, 5.848, 5.034, 4.94, 5.431, 3.837, 1.726, 0.0, 1.082, 1.436, 1.806, 2.87, 3.235, 3.236, 5.787, 7.11, 6.109, 4.794, 3.409, 2.496, 2.506, 3.548, 3.862, 3.985, 5.088, 5.358, 3.765, 4.35, 5.805, 6.306, 6.534, 6.11, 4.813, 6.72, 8.072, 10.338, 10.692, 10.074, 11.63, 12.351, 10.08, 9.234, 9.767, 10.854, 11.389, 9.718, 9.035, 9.452, 9.466, 8.149, 6.495, 5.776, 5.859, 6.157, 7.461, 7.106, 4.621, 5.126, 6.259, 4.593, 3.972, 4.943, 5.582, 4.766, 3.766, 3.867, 5.802, 6.214, 3.649, 3.034, 3.226, 2.858, 2.084, 2.671, 3.502, 4.098, 4.258, 5.685, 6.347, 6.191, 6.189, 7.043, 7.622, 7.557, 6.628, 7.589, 8.671, 7.776, 8.35, 10.662, 10.183, 8.044, 6.996, 5.935, 4.809, 4.521, 5.107, 5.528, 4.942, 5.221, 5.732, 5.265, 4.121, 4.151, 4.694, 6.399, 5.946, 4.577, 5.002, 3.923, 4.056, 4.683, 5.326, 5.269, 5.231, 6.093, 6.954, 6.118, 6.09, 6.361, 5.206, 5.649, 6.831], [2.319, 4.606, 3.908, 4.037, 3.479, 4.617, 4.814, 4.6, 5.077, 5.09, 4.941, 6.057, 6.584, 6.216, 4.108, 2.824, 2.477, 3.052, 4.164, 4.013, 5.305, 5.215, 4.523, 5.351, 6.04, 5.368, 5.217, 5.565, 4.13, 2.037, 1.082, 0.0, 1.478, 1.868, 2.924, 3.455, 3.295, 5.758, 7.105, 6.21, 4.782, 3.629, 2.887, 3.042, 3.939, 4.035, 4.172, 5.273, 5.562, 4.06, 4.638, 6.015, 6.512, 6.755, 6.351, 5.044, 6.952, 8.324, 10.577, 10.903, 10.361, 11.782, 12.578, 10.345, 9.493, 9.998, 11.083, 11.6, 9.938, 9.221, 9.707, 9.697, 8.394, 6.72, 6.017, 6.086, 6.397, 7.692, 7.319, 4.907, 5.505, 6.49, 5.048, 4.409, 5.221, 5.814, 4.82, 4.128, 4.174, 6.033, 6.445, 4.055, 3.705, 3.849, 3.207, 2.573, 3.091, 3.698, 4.311, 4.428, 5.94, 6.586, 6.413, 6.386, 7.283, 7.813, 7.788, 6.859, 7.816, 8.882, 7.983, 8.572, 10.888, 10.411, 8.275, 7.237, 6.168, 5.119, 4.759, 5.379, 6.019, 5.665, 5.89, 5.963, 5.482, 4.438, 4.774, 5.115, 6.631, 6.194, 4.862, 5.33, 4.243, 4.461, 4.999, 5.465, 5.392, 5.213, 6.313, 7.157, 6.314, 6.337, 6.601, 5.415, 5.887, 7.056], [2.467, 4.887, 4.4, 4.087, 3.685, 4.532, 4.772, 4.761, 5.464, 5.291, 5.053, 6.176, 7.073, 6.586, 4.322, 2.726, 2.23, 2.26, 3.272, 3.18, 4.506, 4.507, 3.772, 4.417, 5.127, 4.505, 4.274, 4.736, 3.37, 1.142, 1.436, 1.478, 0.0, 1.133, 2.147, 2.558, 2.533, 5.017, 6.335, 5.327, 3.963, 2.881, 1.898, 2.518, 4.127, 4.435, 4.524, 5.59, 5.993, 4.438, 5.075, 6.511, 6.945, 7.222, 6.762, 5.451, 7.358, 8.71, 11.101, 11.412, 10.83, 12.425, 13.074, 10.865, 9.916, 10.405, 11.49, 12.007, 10.375, 9.703, 10.089, 10.103, 8.774, 7.142, 6.414, 6.493, 6.806, 8.099, 7.725, 5.221, 5.752, 6.897, 5.183, 4.47, 5.581, 6.22, 5.073, 4.221, 4.494, 6.439, 6.852, 4.291, 3.128, 3.702, 3.489, 2.61, 3.133, 4.103, 4.699, 4.839, 6.394, 7.11, 6.859, 6.829, 7.689, 8.27, 8.218, 7.266, 8.226, 9.331, 8.464, 9.02, 11.315, 10.821, 8.682, 7.639, 6.574, 5.446, 5.063, 5.745, 6.127, 5.191, 5.513, 6.37, 5.928, 4.538, 4.284, 5.284, 7.037, 6.584, 5.193, 5.617, 4.025, 3.509, 4.144, 5.28, 5.219, 5.408, 6.724, 7.504, 6.629, 6.733, 7.004, 5.857, 6.304, 7.476], [2.863, 5.434, 4.928, 4.396, 4.059, 5.016, 5.275, 5.268, 5.98, 5.843, 5.569, 6.621, 7.581, 7.077, 4.802, 3.196, 2.402, 1.745, 2.754, 2.613, 3.765, 3.635, 3.024, 3.931, 4.641, 3.839, 3.74, 4.123, 2.669, 1.049, 1.806, 1.868, 1.133, 0.0, 1.382, 1.86, 1.835, 4.321, 5.608, 4.639, 3.245, 2.305, 1.643, 3.012, 4.663, 4.998, 5.122, 6.238, 6.489, 4.998, 5.629, 6.962, 7.47, 7.754, 7.255, 5.958, 7.85, 9.262, 11.655, 11.907, 11.387, 12.878, 13.571, 11.367, 10.454, 10.896, 12.014, 12.498, 10.844, 10.209, 10.645, 10.595, 9.332, 7.618, 6.955, 6.984, 7.307, 8.611, 8.223, 5.712, 6.245, 7.388, 5.683, 4.968, 6.073, 6.718, 5.579, 4.713, 4.986, 6.931, 7.343, 4.798, 3.417, 4.18, 4.014, 3.12, 3.582, 4.6, 5.249, 5.373, 6.964, 7.664, 7.344, 7.296, 8.194, 8.768, 8.689, 7.77, 8.731, 9.83, 8.924, 9.531, 11.832, 11.312, 9.173, 8.141, 7.086, 5.938, 5.554, 6.236, 6.618, 5.562, 5.951, 6.875, 6.41, 5.043, 4.701, 5.776, 7.529, 7.075, 5.685, 6.116, 4.511, 3.065, 3.678, 5.293, 5.235, 5.628, 7.209, 7.996, 7.119, 7.235, 7.505, 6.37, 6.842, 8.026], [3.932, 6.202, 5.784, 5.134, 4.985, 5.829, 5.951, 6.111, 6.82, 6.643, 6.654, 7.756, 8.662, 7.941, 5.709, 4.053, 2.967, 1.688, 2.326, 2.364, 3.162, 3.056, 2.728, 3.514, 4.142, 3.127, 3.083, 3.248, 2.273, 1.969, 2.87, 2.924, 2.147, 1.382, 0.0, 1.284, 1.155, 3.322, 4.577, 3.86, 2.432, 1.788, 2.147, 3.833, 5.491, 5.812, 5.89, 7.033, 7.345, 5.847, 6.579, 7.985, 8.38, 8.772, 7.995, 6.769, 8.571, 10.053, 12.562, 12.825, 12.247, 13.988, 14.572, 12.34, 11.345, 11.708, 12.812, 13.246, 11.776, 11.231, 11.495, 11.303, 10.173, 8.446, 7.802, 7.76, 8.064, 9.378, 8.978, 6.48, 6.986, 8.066, 6.464, 5.71, 6.756, 7.444, 6.308, 5.453, 5.75, 7.662, 8.03, 5.687, 3.971, 5.025, 4.857, 3.941, 4.449, 5.453, 6.229, 6.341, 7.921, 8.578, 8.279, 8.184, 8.927, 9.648, 9.548, 8.574, 9.548, 10.68, 9.889, 10.441, 12.677, 12.078, 9.892, 8.831, 7.841, 6.626, 6.232, 6.914, 7.296, 6.273, 6.625, 7.728, 7.309, 5.888, 5.487, 6.53, 8.238, 7.769, 6.372, 6.868, 5.35, 2.837, 3.494, 5.293, 5.231, 5.684, 7.904, 8.673, 7.796, 7.923, 8.188, 7.242, 7.611, 8.866], [4.1, 6.53, 6.209, 5.513, 5.284, 6.024, 6.169, 6.305, 6.749, 6.749, 6.896, 7.749, 8.638, 8.024, 5.814, 4.137, 2.945, 1.867, 2.27, 2.379, 2.918, 2.757, 2.613, 3.21, 3.597, 2.641, 2.587, 3.048, 2.119, 2.078, 3.235, 3.455, 2.558, 1.86, 1.284, 0.0, 1.055, 3.343, 4.541, 3.449, 2.418, 1.937, 2.314, 3.834, 5.529, 5.985, 5.923, 7.098, 7.342, 5.831, 6.599, 8.039, 8.353, 8.739, 8.075, 6.808, 8.562, 9.949, 12.48, 12.795, 12.201, 13.989, 14.535, 12.279, 11.319, 11.667, 12.689, 13.225, 11.739, 11.187, 11.39, 11.292, 10.03, 8.467, 7.678, 7.736, 7.984, 9.277, 8.947, 6.447, 6.971, 8.085, 6.422, 5.701, 6.759, 7.448, 6.316, 5.456, 5.754, 7.672, 8.077, 5.648, 4.0, 4.911, 4.701, 4.055, 4.444, 5.499, 6.118, 6.349, 7.836, 8.472, 8.331, 8.191, 8.895, 9.621, 9.566, 8.568, 9.5, 10.669, 9.88, 10.366, 12.635, 12.127, 9.939, 8.82, 7.755, 6.624, 6.241, 6.923, 7.305, 6.287, 6.635, 7.694, 7.283, 5.862, 5.468, 6.565, 8.229, 7.762, 6.413, 6.857, 5.254, 2.939, 3.306, 5.197, 5.039, 5.56, 7.895, 8.682, 7.805, 7.913, 8.184, 7.176, 7.503, 8.761], [4.322, 6.598, 6.145, 5.417, 5.395, 6.233, 6.354, 6.534, 7.176, 7.025, 7.056, 8.125, 9.042, 8.331, 6.099, 4.447, 3.261, 2.005, 2.513, 2.37, 2.968, 2.758, 2.554, 3.217, 3.667, 2.904, 2.837, 2.827, 2.026, 2.373, 3.236, 3.295, 2.533, 1.835, 1.155, 1.055, 0.0, 2.937, 4.178, 3.465, 2.064, 1.544, 2.412, 4.167, 5.884, 6.164, 6.232, 7.382, 7.746, 6.259, 6.995, 8.404, 8.782, 9.169, 8.411, 7.173, 8.929, 10.44, 12.976, 13.241, 12.661, 14.396, 14.999, 12.768, 11.772, 12.065, 13.177, 13.614, 12.175, 11.622, 11.875, 11.678, 10.505, 8.846, 8.151, 8.158, 8.458, 9.762, 9.342, 6.839, 7.334, 8.446, 6.839, 6.069, 7.13, 7.81, 6.653, 5.812, 6.099, 8.038, 8.437, 6.082, 4.417, 5.389, 5.213, 4.334, 4.815, 5.807, 6.612, 6.715, 8.316, 8.956, 8.694, 8.591, 9.329, 10.071, 9.963, 8.976, 9.918, 11.082, 10.314, 10.83, 13.081, 12.476, 10.308, 9.21, 8.238, 6.996, 6.612, 7.294, 7.676, 6.643, 7.016, 8.133, 7.725, 6.268, 5.866, 6.924, 8.597, 8.133, 6.782, 7.235, 5.731, 3.168, 3.638, 5.494, 5.366, 5.895, 8.267, 9.054, 8.176, 8.304, 8.568, 7.649, 8.008, 9.236], [6.997, 9.328, 8.864, 8.074, 8.099, 9.042, 9.181, 9.293, 9.991, 9.803, 9.754, 10.846, 11.777, 11.102, 8.856, 7.182, 5.956, 4.145, 3.614, 3.515, 2.079, 1.962, 3.68, 3.279, 3.263, 2.169, 2.511, 1.847, 3.148, 4.956, 5.787, 5.758, 5.017, 4.321, 3.322, 3.343, 2.937, 0.0, 1.75, 1.743, 1.49, 2.963, 5.041, 6.94, 8.624, 8.899, 9.012, 10.129, 10.481, 9.029, 9.75, 11.159, 11.551, 11.898, 11.215, 9.923, 11.768, 13.241, 15.754, 16.018, 15.445, 17.133, 17.774, 15.543, 14.547, 14.876, 15.977, 16.438, 14.946, 14.395, 14.659, 14.513, 13.311, 11.635, 10.943, 10.912, 11.266, 12.57, 12.154, 9.669, 10.174, 11.306, 9.614, 8.913, 9.99, 10.63, 9.481, 8.634, 8.903, 10.849, 11.261, 8.853, 7.135, 8.178, 8.004, 7.092, 7.536, 8.571, 9.353, 9.423, 11.067, 11.74, 11.458, 11.368, 12.129, 12.846, 12.741, 11.757, 12.736, 13.865, 13.06, 13.613, 15.87, 15.271, 13.128, 12.065, 11.046, 9.856, 9.472, 10.154, 10.536, 9.491, 9.865, 10.911, 10.502, 9.052, 8.65, 9.74, 11.447, 10.993, 9.607, 10.061, 8.519, 5.446, 5.974, 8.137, 8.176, 8.713, 11.127, 11.914, 11.037, 11.159, 11.428, 10.427, 10.805, 12.049], [8.315, 10.604, 10.138, 9.433, 9.4, 10.255, 10.355, 10.541, 11.215, 11.007, 11.049, 12.11, 12.962, 12.334, 10.05, 8.37, 7.181, 5.305, 4.797, 4.729, 2.561, 3.057, 4.897, 4.08, 3.324, 3.194, 3.227, 2.227, 4.397, 6.223, 7.11, 7.105, 6.335, 5.608, 4.577, 4.541, 4.178, 1.75, 0.0, 1.552, 2.451, 4.176, 6.159, 8.031, 9.781, 10.071, 10.136, 11.301, 11.742, 10.286, 11.023, 12.432, 12.773, 13.175, 12.441, 11.119, 12.907, 14.431, 16.964, 17.235, 16.69, 18.425, 18.991, 16.76, 15.772, 16.057, 17.149, 17.569, 16.165, 15.645, 15.846, 15.654, 14.519, 12.825, 12.127, 12.103, 12.443, 13.746, 13.304, 10.77, 11.302, 12.446, 10.789, 10.036, 11.13, 11.769, 10.62, 9.771, 10.045, 11.99, 12.434, 10.07, 8.333, 9.315, 9.148, 8.274, 8.678, 9.752, 10.515, 10.644, 12.285, 12.922, 12.722, 12.584, 13.305, 14.068, 13.939, 12.946, 13.918, 15.048, 14.282, 14.797, 17.101, 16.49, 14.278, 13.21, 12.221, 10.996, 10.612, 11.294, 11.676, 10.643, 11.005, 12.104, 11.717, 10.234, 9.832, 10.922, 12.586, 12.133, 10.747, 11.231, 9.71, 6.616, 7.205, 9.265, 9.299, 9.839, 12.267, 13.053, 12.176, 12.304, 12.568, 11.623, 11.991, 13.235], [7.193, 9.541,