[[0.0, 3.329, 1.622, 2.928, 4.382, 5.264, 5.319, 1.681, 1.267, 1.419, 3.333, 3.988, 4.035, 4.671, 3.868, 3.511, 2.996, 3.723, 6.135, 7.471, 7.871, 10.215, 11.499, 12.465, 9.908, 12.253, 16.033, 16.769, 16.932, 15.85, 17.187, 19.19, 19.21, 18.654, 18.104, 18.911, 21.349, 20.647, 20.859, 22.135, 21.805, 23.142, 20.955, 17.391, 15.128, 13.977, 12.269, 10.995, 11.721, 11.749, 12.492, 9.628, 9.679, 11.976, 11.867, 11.103, 11.279, 11.312, 9.878, 7.454, 6.128, 5.723, 5.194, 4.904, 6.308, 7.215, 4.828, 3.194, 3.605, 2.061, 1.781, 1.801, 1.864, 2.558, 3.803, 4.759, 3.359, 1.914, 1.992, 2.253, 2.641, 3.49, 7.897, 8.4, 8.869, 7.729, 7.313, 7.65, 7.59, 5.975, 5.692, 7.541, 7.274, 9.066, 9.233, 10.936, 11.252, 11.707, 8.941, 4.377, 4.22, 3.758, 2.421, 2.802, 5.568, 8.206, 7.254], [3.329, 0.0, 2.578, 5.94, 6.333, 7.622, 8.224, 3.861, 3.362, 3.867, 4.145, 5.319, 4.78, 5.74, 4.686, 3.595, 3.716, 4.036, 3.791, 4.736, 5.133, 7.465, 8.66, 9.896, 7.364, 9.459, 13.382, 13.703, 13.849, 13.169, 14.273, 15.958, 15.97, 15.414, 14.867, 15.865, 18.373, 17.879, 17.827, 19.229, 19.032, 20.241, 17.988, 14.559, 12.189, 10.909, 9.529, 7.873, 8.478, 8.61, 9.644, 6.662, 6.537, 8.826, 8.567, 7.949, 8.697, 9.047, 7.546, 4.844, 3.333, 2.901, 2.59, 2.214, 3.335, 4.402, 2.383, 1.769, 1.49, 1.728, 4.012, 4.45, 4.299, 3.123, 2.911, 3.294, 2.358, 3.233, 3.705, 5.129, 5.629, 2.592, 5.714, 6.55, 6.345, 5.291, 4.999, 5.288, 5.224, 4.271, 4.898, 5.354, 5.334, 7.856, 7.496, 9.071, 9.322, 9.151, 7.402, 3.545, 2.647, 2.712, 2.124, 1.533, 2.991, 5.88, 4.511], [1.622, 2.578, 0.0, 3.466, 4.532, 5.71, 5.907, 1.925, 1.557, 2.133, 3.848, 4.625, 4.599, 5.524, 4.54, 3.981, 3.591, 4.254, 5.668, 6.796, 7.223, 9.555, 10.794, 12.031, 9.195, 11.551, 15.475, 16.011, 16.171, 15.214, 16.42, 18.435, 18.459, 17.901, 17.351, 18.193, 20.64, 19.956, 20.131, 21.431, 21.16, 22.429, 20.259, 16.653, 14.37, 13.214, 11.543, 10.235, 10.96, 10.989, 11.742, 8.88, 8.918, 11.22, 11.107, 10.343, 10.775, 10.928, 9.532, 6.803, 5.513, 5.01, 4.51, 4.15, 5.539, 6.454, 4.269, 3.007, 3.145, 1.561, 2.0, 2.598, 2.633, 2.499, 3.463, 4.422, 2.921, 1.98, 2.3, 3.157, 3.42, 3.298, 7.455, 8.027, 8.161, 7.164, 6.859, 7.068, 7.079, 5.442, 5.479, 6.981, 6.76, 8.733, 8.774, 10.642, 10.937, 11.032, 8.552, 4.097, 3.777, 3.574, 2.078, 2.405, 5.009, 7.792, 6.542], [2.928, 5.94, 3.466, 0.0, 2.17, 2.906, 2.798, 2.14, 3.17, 3.01, 4.798, 5.19, 5.693, 6.561, 5.933, 5.789, 5.559, 6.072, 8.808, 10.071, 10.45, 12.777, 14.06, 15.193, 12.519, 14.878, 18.655, 19.392, 19.554, 18.449, 19.764, 21.801, 21.824, 21.265, 20.716, 21.533, 23.979, 23.249, 23.488, 24.765, 24.43, 25.752, 23.587, 19.983, 17.711, 16.602, 14.828, 13.618, 14.344, 14.372, 15.04, 12.189, 12.302, 14.596, 14.482, 13.725, 13.934, 13.976, 12.586, 10.017, 8.751, 8.348, 7.735, 7.467, 8.898, 9.785, 7.475, 5.936, 6.245, 4.471, 2.501, 3.653, 3.567, 4.973, 6.358, 7.484, 5.92, 4.294, 4.197, 3.334, 2.918, 6.103, 10.555, 11.086, 11.433, 10.321, 10.005, 10.262, 10.181, 8.566, 8.096, 10.161, 9.936, 11.5, 11.832, 13.655, 13.996, 14.307, 11.59, 6.721, 6.853, 6.429, 4.766, 5.354, 8.135, 10.869, 9.822], [4.382, 6.333, 4.532, 2.17, 0.0, 1.698, 2.536, 3.077, 4.655, 4.661, 6.462, 7.002, 7.542, 8.599, 7.895, 6.885, 7.068, 8.021, 9.58, 10.781, 11.211, 13.542, 14.74, 15.904, 13.23, 15.524, 19.447, 19.85, 20.054, 19.21, 20.387, 22.237, 22.261, 21.702, 21.154, 22.008, 24.495, 23.944, 24.034, 25.388, 25.122, 26.369, 24.095, 20.639, 18.364, 17.139, 15.548, 14.084, 14.739, 14.774, 15.735, 12.793, 12.808, 15.066, 14.875, 14.113, 14.717, 15.001, 13.534, 10.805, 9.384, 8.918, 8.508, 8.145, 9.498, 10.438, 8.31, 6.85, 7.034, 5.214, 3.943, 5.576, 5.637, 6.557, 7.803, 8.646, 7.234, 5.908, 6.091, 5.385, 4.839, 7.472, 11.55, 12.13, 12.158, 11.196, 10.9, 11.098, 11.082, 9.684, 9.755, 10.972, 10.865, 13.107, 12.701, 14.741, 15.055, 15.099, 12.823, 8.05, 7.752, 7.453, 5.738, 6.18, 9.007, 11.846, 10.543], [5.264, 7.622, 5.71, 2.906, 1.698, 0.0, 1.272, 4.13, 5.6, 5.026, 6.907, 6.922, 7.704, 8.676, 8.417, 7.595, 7.984, 8.779, 10.989, 12.196, 12.637, 14.969, 16.167, 17.32, 14.618, 16.944, 20.867, 21.228, 21.396, 20.634, 21.768, 23.566, 23.567, 23.016, 22.463, 23.372, 25.875, 25.365, 25.351, 26.772, 26.536, 27.752, 25.5, 22.054, 19.726, 18.472, 16.946, 15.424, 16.029, 16.155, 17.151, 14.166, 14.098, 16.386, 16.178, 15.47, 16.135, 16.395, 14.953, 12.206, 10.799, 10.313, 9.921, 9.501, 10.845, 11.809, 9.707, 8.225, 8.45, 6.55, 4.918, 6.442, 6.269, 7.785, 9.038, 9.899, 8.524, 7.046, 7.038, 6.056, 4.926, 8.655, 12.935, 13.485, 13.567, 12.591, 12.298, 12.483, 12.5, 11.008, 10.862, 12.403, 12.221, 14.256, 14.1, 16.104, 16.423, 16.493, 14.154, 9.166, 9.141, 8.798, 7.128, 7.574, 10.425, 13.248, 11.959], [5.319, 8.224, 5.907, 2.798, 2.536, 1.272, 0.0, 4.433, 5.533, 4.851, 6.861, 6.557, 7.491, 8.26, 8.15, 8.027, 8.038, 8.625, 11.144, 12.471, 12.903, 15.235, 16.492, 17.496, 14.907, 17.236, 21.101, 21.692, 21.852, 20.868, 22.177, 24.096, 24.119, 23.561, 23.012, 23.835, 26.279, 25.683, 25.847, 27.137, 26.812, 28.096, 25.881, 22.4, 20.132, 18.937, 17.273, 15.933, 16.61, 16.639, 17.506, 14.616, 14.65, 16.905, 16.756, 15.993, 16.308, 16.492, 15.089, 12.477, 11.053, 10.663, 10.21, 9.892, 11.296, 12.229, 9.929, 8.349, 8.641, 6.84, 5.006, 6.34, 6.079, 7.656, 8.997, 10.035, 8.534, 6.943, 6.903, 5.895, 4.765, 8.606, 13.032, 13.6, 13.857, 12.758, 12.461, 12.627, 12.673, 11.078, 10.729, 12.575, 12.364, 14.13, 14.291, 16.189, 16.519, 16.747, 14.176, 9.108, 9.276, 8.924, 7.25, 7.789, 10.596, 13.354, 12.258], [1.681, 3.861, 1.925, 2.14, 3.077, 4.13, 4.433, 0.0, 1.863, 2.007, 4.031, 4.673, 4.897, 5.896, 4.988, 4.123, 4.122, 5.099, 6.941, 8.129, 8.562, 10.894, 12.132, 13.289, 10.544, 12.883, 16.819, 17.288, 17.44, 16.553, 17.767, 19.71, 19.737, 19.185, 18.629, 19.457, 21.913, 21.309, 21.458, 22.783, 22.487, 23.727, 21.516, 18.021, 15.747, 14.525, 12.908, 11.526, 12.223, 12.255, 13.115, 10.228, 10.242, 12.5, 12.369, 11.606, 12.059, 12.276, 10.874, 8.16, 6.776, 6.319, 5.861, 5.509, 6.884, 7.845, 5.665, 4.151, 4.468, 2.619, 1.519, 2.808, 2.784, 3.876, 5.159, 6.012, 4.619, 3.242, 3.28, 2.798, 2.627, 4.666, 8.815, 9.432, 9.495, 8.507, 8.204, 8.371, 8.422, 6.967, 6.954, 8.331, 8.167, 10.325, 10.035, 12.028, 12.328, 12.399, 10.137, 5.324, 5.069, 4.742, 3.079, 3.678, 6.354, 9.137, 7.904], [1.267, 3.362, 1.557, 3.17, 4.655, 5.6, 5.533, 1.863, 0.0, 1.668, 3.894, 4.418, 4.461, 5.015, 4.197, 3.942, 3.319, 3.662, 5.928, 7.313, 7.721, 10.059, 11.315, 12.272, 9.743, 12.087, 15.898, 16.54, 16.726, 15.698, 17.028, 18.97, 18.993, 18.434, 17.885, 18.7, 21.136, 20.498, 20.671, 21.951, 21.633, 22.945, 20.742, 17.239, 14.972, 13.79, 12.113, 10.764, 11.49, 11.538, 12.471, 9.448, 9.488, 11.753, 11.636, 10.898, 11.076, 11.195, 9.802, 7.331, 6.057, 5.735, 5.249, 4.895, 6.209, 7.198, 4.975, 3.322, 3.761, 2.075, 1.78, 2.39, 1.979, 2.503, 3.866, 4.96, 3.427, 2.164, 2.056, 2.763, 2.859, 3.356, 7.715, 8.298, 8.719, 7.629, 7.302, 7.526, 7.463, 5.816, 5.315, 7.387, 7.135, 8.701, 9.113, 10.802, 11.054, 11.539, 8.713, 3.968, 4.083, 3.655, 2.325, 3.028, 5.591, 8.193, 7.194], [1.419, 3.867, 2.133, 3.01, 4.661, 5.026, 4.851, 2.007, 1.668, 0.0, 2.621, 3.056, 3.337, 4.062, 3.575, 3.653, 3.492, 3.973, 6.668, 8.067, 8.504, 10.831, 12.06, 12.988, 10.51, 12.838, 16.674, 17.26, 17.456, 16.481, 17.781, 19.633, 19.658, 19.098, 18.551, 19.388, 21.837, 21.266, 21.414, 22.719, 22.416, 23.7, 21.446, 18.007, 15.739, 14.541, 12.88, 11.499, 12.154, 12.181, 13.109, 10.188, 10.221, 12.477, 12.281, 11.518, 11.851, 11.976, 10.594, 8.104, 6.657, 6.32, 5.884, 5.568, 6.9, 7.82, 5.592, 3.945, 4.375, 2.96, 2.41, 2.055, 1.855, 3.141, 4.547, 5.638, 4.109, 2.526, 2.637, 2.075, 2.235, 4.072, 8.519, 9.092, 9.461, 8.36, 8.012, 8.236, 8.242, 6.603, 6.095, 8.145, 7.916, 9.492, 9.889, 11.62, 11.93, 12.337, 9.586, 4.585, 4.861, 4.442, 3.264, 3.699, 6.295, 8.906, 7.906], [3.333, 4.145, 3.848, 4.798, 6.462, 6.907, 6.861, 4.031, 3.894, 2.621, 0.0, 1.79, 2.302, 2.893, 2.621, 2.821, 2.928, 3.252, 6.04, 7.355, 7.811, 10.146, 11.345, 12.403, 9.758, 12.1, 16.023, 16.462, 16.664, 15.781, 17.0, 18.854, 18.874, 18.316, 17.768, 18.61, 21.085, 20.534, 20.629, 21.986, 21.716, 22.961, 20.698, 17.237, 14.954, 13.749, 12.145, 10.693, 11.348, 11.384, 12.341, 9.398, 9.417, 11.675, 11.492, 10.738, 11.232, 11.376, 10.01, 7.405, 6.002, 5.661, 5.219, 4.788, 6.108, 7.054, 4.915, 3.604, 4.22, 4.432, 4.447, 3.162, 3.088, 3.146, 3.786, 4.907, 4.068, 3.354, 3.357, 2.644, 3.536, 3.293, 7.842, 8.497, 8.701, 7.675, 7.399, 7.549, 7.616, 5.943, 5.183, 7.511, 7.275, 8.567, 9.233, 10.969, 11.242, 11.587, 8.766, 3.769, 4.449, 4.001, 4.866, 4.777, 5.679, 8.178, 7.135], [3.988, 5.319, 4.625, 5.19, 7.002, 6.922, 6.557, 4.673, 4.418, 3.056, 1.79, 0.0, 3.012, 3.134, 3.524, 4.048, 3.991, 4.088, 7.112, 8.472, 8.876, 11.212, 12.508, 13.458, 10.891, 13.253, 17.09, 17.712, 17.861, 16.844, 18.185, 20.133, 20.155, 19.597, 19.048, 19.856, 22.297, 21.65, 21.858, 23.143, 22.794, 24.079, 21.902, 18.386, 16.12, 14.948, 13.264, 11.955, 12.655, 12.684, 13.495, 10.635, 10.67, 12.922, 12.801, 12.038, 12.231, 12.353, 10.98, 8.471, 7.137, 6.885, 6.525, 5.981, 7.314, 8.28, 6.094, 4.751, 5.129, 5.204, 4.966, 3.657, 3.538, 3.772, 4.626, 5.957, 4.824, 4.01, 4.132, 3.119, 3.438, 4.197, 8.859, 9.468, 9.868, 8.723, 8.382, 8.618, 8.617, 6.953, 6.126, 8.525, 8.264, 9.497, 10.259, 11.931, 12.191, 12.68, 9.722, 4.924, 5.396, 4.829, 5.483, 5.507, 6.766, 9.187, 8.254], [4.035, 4.78, 4.599, 5.693, 7.542, 7.704, 7.491, 4.897, 4.461, 3.337, 2.302, 3.012, 0.0, 1.388, 1.195, 1.777, 1.962, 2.294, 4.659, 5.676, 6.042, 8.402, 9.669, 10.823, 8.001, 10.411, 14.298, 14.914, 15.048, 13.911, 15.303, 17.33, 17.358, 16.809, 16.25, 17.072, 19.534, 18.735, 19.02, 20.329, 20.011, 21.26, 19.14, 15.423, 13.177, 12.12, 10.359, 9.156, 9.882, 9.916, 10.65, 7.815, 7.827, 10.134, 10.028, 9.266, 9.521, 9.575, 8.17, 5.68, 5.584, 5.549, 5.108, 4.346, 4.827, 5.917, 4.246, 3.634, 4.566, 4.966, 5.017, 4.257, 3.958, 3.899, 3.513, 3.857, 4.397, 4.11, 4.273, 4.425, 4.611, 3.07, 6.155, 6.686, 6.945, 5.841, 5.623, 5.84, 5.798, 4.242, 3.673, 5.7, 5.502, 7.008, 7.356, 9.21, 9.53, 9.894, 7.105, 2.79, 3.455, 3.404, 4.925, 5.185, 5.047, 6.597, 5.511], [4.671, 5.74, 5.524, 6.561, 8.599, 8.676, 8.26, 5.896, 5.015, 4.062, 2.893, 3.134, 1.388, 0.0, 1.46, 2.433, 2.471, 2.481, 5.11, 6.208, 6.295, 8.778, 9.954, 10.98, 8.36, 10.768, 14.482, 15.254, 15.422, 14.245, 15.618, 17.667, 17.683, 17.132, 16.58, 17.396, 19.827, 19.013, 19.338, 20.612, 20.27, 21.604, 19.429, 15.771, 13.503, 12.481, 10.577, 9.514, 10.239, 10.368, 10.963, 8.202, 8.198, 10.477, 10.377, 9.654, 9.755, 9.636, 8.075, 5.932, 6.445, 6.47, 5.95, 5.139, 5.512, 6.506, 5.102, 4.304, 5.374, 5.87, 5.621, 4.359, 4.115, 4.082, 3.624, 4.114, 4.886, 4.329, 4.326, 4.627, 4.834, 3.555, 6.238, 6.632, 7.173, 6.214, 5.825, 6.284, 6.18, 4.791, 3.546, 6.016, 5.692, 6.834, 7.566, 8.939, 9.218, 10.067, 6.89, 3.151, 4.11, 3.856, 5.633, 5.961, 5.727, 6.859, 5.906], [3.868, 4.686, 4.54, 5.933, 7.895, 8.417, 8.15, 4.988, 4.197, 3.575, 2.621, 3.524, 1.195, 1.46, 0.0, 1.51, 1.695, 1.861, 4.283, 5.41, 5.586, 7.932, 9.222, 10.299, 7.6, 9.99, 13.786, 14.478, 14.617, 13.427, 14.863, 16.891, 16.901, 16.357, 15.799, 16.62, 19.057, 18.263, 18.56, 19.846, 19.49, 20.801, 18.671, 14.954, 12.721, 11.684, 9.906, 8.72, 9.446, 9.564, 10.364, 7.42, 7.44, 9.693, 9.592, 8.911, 9.047, 8.955, 7.548, 5.208, 5.435, 5.443, 4.999, 4.182, 4.599, 5.602, 4.093, 3.36, 4.299, 4.806, 4.784, 4.167, 3.695, 3.666, 3.135, 3.366, 4.075, 3.912, 4.032, 4.456, 4.981, 2.803, 5.596, 6.157, 6.555, 5.516, 5.184, 5.548, 5.435, 3.974, 3.231, 5.222, 4.944, 6.519, 6.758, 8.536, 8.874, 9.398, 6.515, 2.365, 3.045, 2.968, 4.66, 4.97, 4.724, 6.062, 5.173], [3.511, 3.595, 3.981, 5.789, 6.885, 7.595, 8.027, 4.123, 3.942, 3.653, 2.821, 4.048, 1.777, 2.433, 1.51, 0.0, 1.456, 2.103, 3.75, 4.796, 5.15, 7.457, 8.69, 9.917, 7.205, 9.492, 13.364, 13.753, 13.934, 13.137, 14.258, 16.143, 16.171, 15.622, 15.069, 15.946, 18.419, 17.863, 17.869, 19.237, 19.026, 20.265, 18.053, 14.553, 12.222, 10.981, 9.475, 7.97, 8.65, 8.843, 9.891, 6.75, 6.693, 8.937, 8.804, 8.162, 8.73, 8.969, 7.526, 4.779, 4.716, 4.591, 4.316, 3.44, 3.692, 4.756, 3.617, 2.883, 3.738, 4.106, 4.486, 4.354, 4.197, 3.731, 3.258, 3.33, 4.097, 4.032, 4.337, 4.912, 5.375, 2.624, 5.508, 6.137, 6.169, 5.246, 4.956, 5.153, 5.174, 3.809, 3.474, 4.958, 4.788, 6.823, 6.626, 8.664, 8.961, 8.985, 6.707, 2.263, 2.8, 2.641, 4.292, 4.45, 4.32, 6.018, 4.596], [2.996, 3.716, 3.591, 5.559, 7.068, 7.984, 8.038, 4.122, 3.319, 3.492, 2.928, 3.991, 1.962, 2.471, 1.695, 1.456, 0.0, 1.687, 3.507, 4.784, 5.131, 7.479, 8.865, 9.863, 7.313, 9.688, 13.326, 14.074, 14.218, 13.093, 14.415, 16.485, 16.506, 15.95, 15.412, 16.214, 18.647, 17.881, 18.163, 19.446, 19.115, 20.414, 18.254, 14.627, 12.37, 11.274, 9.581, 8.386, 9.087, 9.285, 10.068, 6.999, 7.063, 9.328, 9.21, 8.587, 8.655, 8.68, 7.265, 4.862, 4.524, 4.412, 3.888, 3.378, 3.993, 5.12, 3.241, 2.348, 3.409, 3.845, 3.914, 3.725, 3.576, 2.946, 2.751, 2.858, 3.36, 3.207, 3.465, 4.446, 5.031, 2.224, 5.221, 5.76, 6.219, 5.185, 4.864, 5.145, 4.894, 3.359, 3.023, 4.908, 4.545, 6.344, 6.459, 8.169, 8.51, 8.972, 6.186, 2.139, 2.464, 2.148, 3.737, 4.003, 3.959, 5.87, 4.755], [3.723, 4.036, 4.254, 6.072, 8.021, 8.779, 8.625, 5.099, 3.662, 3.973, 3.252, 4.088, 2.294, 2.481, 1.861, 2.103, 1.687, 0.0, 3.719, 4.915, 5.216, 7.596, 8.985, 9.969, 7.501, 9.929, 13.394, 14.102, 14.277, 13.105, 14.434, 16.443, 16.465, 15.933, 15.394, 16.169, 18.635, 17.877, 18.153, 19.425, 19.079, 20.355, 18.201, 14.571, 12.378, 11.319, 9.611, 8.539, 9.243, 9.547, 10.24, 7.142, 7.194, 9.437, 9.383, 8.835, 8.891, 8.758, 7.256, 5.029, 4.928, 4.94, 4.379, 3.503, 4.347, 5.443, 3.697, 2.702, 3.557, 4.308, 4.499, 3.977, 3.606, 2.84, 2.143, 2.988, 3.137, 3.462, 3.489, 4.585, 5.181, 1.972, 5.345, 5.874, 6.446, 5.389, 5.035, 5.378, 5.05, 3.319, 2.67, 5.052, 4.584, 5.854, 6.455, 7.89, 8.192, 8.865, 5.738, 1.662, 2.397, 1.938, 3.887, 4.487, 4.234, 5.992, 4.997], [6.135, 3.791, 5.668, 8.808, 9.58, 10.989, 11.144, 6.941, 5.928, 6.668, 6.04, 7.112, 4.659, 5.11, 4.283, 3.75, 3.507, 3.719, 0.0, 1.851, 2.166, 4.361, 5.667, 6.606, 4.239, 6.48, 10.136, 10.7, 10.884, 9.868, 11.182, 13.098, 13.114, 12.562, 12.011, 12.82, 15.259, 14.641, 14.84, 16.102, 15.764, 17.063, 14.859, 11.373, 9.152, 7.993, 6.805, 5.188, 5.776, 6.036, 6.971, 3.777, 3.749, 5.96, 5.891, 5.306, 5.476, 5.779, 4.324, 2.224, 2.304, 2.407, 2.265, 2.328, 1.662, 2.336, 2.053, 3.169, 2.96, 4.647, 6.8, 7.069, 6.85, 5.169, 3.499, 2.337, 3.507, 5.731, 6.137, 7.836, 8.391, 3.196, 2.687, 3.651, 3.557, 2.484, 2.303, 2.336, 2.143, 2.107, 2.722, 2.57, 2.929, 5.211, 5.656, 6.14, 5.776, 5.894, 3.895, 3.185, 2.747, 3.234, 4.454, 4.129, 2.072, 3.073, 2.028], [7.471, 4.736, 6.796, 10.071, 10.781, 12.196, 12.471, 8.129, 7.313, 8.067, 7.355, 8.472, 5.676, 6.208, 5.41, 4.796, 4.784, 4.915, 1.851, 0.0, 1.243, 3.133, 4.249, 5.527, 3.395, 5.104, 8.769, 9.342, 9.497, 8.542, 9.736, 11.747, 11.78, 11.214, 10.694, 11.48, 13.945, 13.225, 13.483, 14.742, 14.437, 15.733, 13.56, 10.019, 7.721, 6.651, 5.66, 3.94, 4.441, 4.844, 5.653, 2.602, 2.378, 4.608, 4.537, 4.38, 4.515, 4.801, 3.582, 1.837, 1.918, 2.492, 2.5, 2.83, 1.557, 1.654, 2.908, 4.381, 4.017, 5.836, 7.994, 8.396, 8.18, 6.511, 4.725, 3.473, 4.684, 7.077, 7.472, 9.176, 9.745, 4.435, 2.193, 3.142, 2.824, 1.89, 1.587, 1.725, 1.509, 2.146, 3.014, 2.509, 2.893, 5.04, 5.441, 5.849, 5.521, 4.941, 3.682, 3.964, 3.555, 4.414, 5.639, 5.003, 2.539, 2.435, 1.083], [7.871, 5.133, 7.223, 10.45, 11.211, 12.637, 12.903, 8.562, 7.721, 8.504, 7.811, 8.876, 6.042, 6.295, 5.586, 5.15, 5.131, 5.216, 2.166, 1.243, 0.0, 2.646, 3.891, 5.31, 3.015, 4.838, 8.46, 9.08, 9.213, 8.194, 9.454, 11.467, 11.489, 10.932, 10.38, 11.234, 13.698, 12.896, 13.229, 14.443, 14.127, 15.425, 13.289, 9.627, 7.366, 6.337, 5.116, 3.586, 4.186, 4.534, 5.174, 2.1, 2.301, 4.325, 4.274, 4.056, 4.132, 4.382, 3.106, 1.302, 2.208, 3.03, 2.858, 3.183, 1.99, 1.858, 3.253, 4.758, 4.397, 6.191, 8.28, 8.684, 8.505, 6.873, 4.978, 3.678, 4.982, 7.417, 7.784, 9.497, 10.069, 4.835, 1.96, 2.555, 2.332, 1.549, 1.565, 1.854, 1.723, 2.386, 3.258, 1.926, 2.515, 4.517, 5.02, 5.263, 4.985, 4.512, 3.352, 4.476, 3.987, 4.668, 5.92, 5.292, 2.887, 2.144, 1.297], [10.215, 7.465, 9.555, 12.777, 13.542, 14.969, 15.235, 10.894, 10.059, 10.831, 10.146, 11.212, 8.402, 8.778, 7.932, 7.457, 7.479, 7.596, 4.361, 3.133, 2.646, 0.0, 2.001, 3.557, 3.322, 3.014, 6.08, 6.657, 6.806, 5.955, 7.172, 9.115, 9.149, 8.568, 8.086, 8.87, 11.347, 10.628, 10.966, 12.065, 11.734, 13.043, 11.019, 7.918, 5.148, 5.763, 5.363, 3.585, 2.388, 2.899, 2.936, 1.152, 1.853, 2.03, 2.076, 3.048, 2.928, 3.204, 3.073, 3.104, 4.217, 4.677, 5.129, 5.527, 4.167, 3.165, 5.587, 7.119, 6.74, 8.564, 10.688, 11.108, 10.936, 9.259, 7.395, 6.086, 7.387, 9.825, 10.195, 11.906, 12.493, 7.174, 3.294, 3.308, 3.159, 3.225, 3.403, 3.233, 3.012, 4.755, 5.636, 3.51, 4.047, 5.577, 6.126, 6.28, 5.673, 4.472, 4.368, 6.745, 6.353, 7.063, 8.324, 7.652, 4.879, 2.495, 3.238], [11.499, 8.66, 10.794, 14.06, 14.74, 16.167, 16.492, 12.132, 11.315, 12.06, 11.345, 12.508, 9.669, 9.954, 9.222, 8.69, 8.865, 8.985, 5.667, 4.249, 3.891, 2.001, 0.0, 2.195, 2.688, 1.729, 4.769, 5.46, 5.533, 4.623, 5.814, 7.759, 7.798, 7.22, 6.703, 7.551, 9.997, 9.313, 9.555, 10.746, 10.486, 11.788, 9.621, 6.377, 4.161, 4.489, 4.047, 2.469, 1.519, 2.189, 2.135, 2.466, 3.074, 1.663, 1.7, 2.011, 1.909, 2.659, 2.836, 4.177, 5.478, 5.91, 6.413, 6.806, 5.408, 4.396, 6.887, 8.416, 8.037, 9.835, 12.026, 12.422, 12.294, 10.588, 8.723, 7.392, 8.712, 11.126, 11.506, 13.208, 13.797, 8.487, 3.869, 3.486, 3.131, 3.949, 4.376, 3.957, 4.126, 5.829, 6.669, 4.322, 4.622, 4.964, 5.519, 5.635, 4.9, 3.336, 4.189, 7.841, 7.661, 8.441, 9.644, 8.952, 6.213, 3.573, 4.344], [12.465, 9.896, 12.031, 15.193, 15.904, 17.32, 17.496, 13.289, 12.272, 12.988, 12.403, 13.458, 10.823, 10.98, 10.299, 9.917, 9.863, 9.969, 6.606, 5.527, 5.31, 3.557, 2.195, 0.0, 2.949, 1.269, 3.756, 4.352, 4.524, 3.625, 4.849, 6.753, 6.837, 6.233, 5.771, 6.483, 8.932, 8.373, 8.545, 9.788, 9.464, 10.756, 8.575, 5.393, 3.023, 3.168, 2.745, 2.611, 2.18, 1.888, 2.277, 4.005, 4.674, 3.13, 2.548, 2.172, 1.718, 2.103, 3.091, 5.461, 6.646, 7.112, 7.703, 8.084, 6.756, 5.718, 7.996, 9.385, 9.094, 10.984, 13.12, 13.449, 13.268, 11.567, 9.75, 8.397, 9.774, 12.106, 12.523, 14.215, 14.764, 9.461, 4.911, 4.436, 4.229, 5.067, 5.416, 5.045, 5.27, 6.937, 7.671, 5.369, 5.576, 4.822, 5.086, 4.566, 3.887, 2.636, 4.87, 8.829, 8.722, 9.46, 10.776, 10.205, 7.502, 4.683, 5.63], [9.908, 7.364, 9.195, 12.519, 13.23, 14.618, 14.907, 10.544, 9.743, 10.51, 9.758, 10.891, 8.001, 8.36, 7.6, 7.205, 7.313, 7.501, 4.239, 3.395, 3.015, 3.322, 2.688, 2.949, 0.0, 2.557, 6.363, 6.921, 7.064, 6.039, 7.319, 9.351, 9.369, 8.815, 8.262, 9.108, 11.558, 10.804, 11.031, 12.332, 12.033, 13.283, 11.173, 7.503, 5.229, 4.196, 3.031, 1.565, 2.519, 2.504, 3.454, 3.178, 3.908, 3.469, 3.003, 2.084, 2.287, 2.679, 1.64, 2.833, 4.495, 4.845, 5.038, 5.436, 4.157, 3.781, 5.495, 6.844, 6.639, 8.296, 10.48, 10.826, 10.666, 8.974, 7.127, 5.775, 7.116, 9.484, 9.9, 11.592, 12.141, 6.888, 2.363, 2.435, 1.826, 2.462, 3.026, 2.455, 3.243, 4.325, 5.15, 2.76, 3.053, 3.146, 3.58, 3.472, 2.838, 2.234, 2.767, 6.374, 6.155, 6.968, 8.068, 7.689, 5.229, 3.268, 3.468], [12.253, 9.459, 11.551, 14.878, 15.524, 16.944, 17.236, 12.883, 12.087, 12.838, 12.1, 13.253, 10.411, 10.768, 9.99, 9.492, 9.688, 9.929, 6.48, 5.104, 4.838, 3.014, 1.729, 1.269, 2.557, 0.0, 4.02, 4.518, 4.681, 3.835, 5.07, 6.996, 7.016, 6.464, 5.939, 6.729, 9.172, 8.53, 8.817, 9.98, 9.65, 10.943, 8.896, 5.562, 3.06, 3.272, 2.925, 2.29, 1.818, 1.422, 2.082, 3.269, 3.95, 2.533, 2.039, 1.902, 1.703, 2.373, 2.998, 5.031, 6.237, 6.705, 7.209, 7.605, 6.206, 5.245, 7.643, 9.16, 8.782, 10.598, 12.841, 13.237, 13.06, 11.359, 9.538, 8.185, 9.526, 11.895, 12.311, 14.003, 14.552, 9.226, 4.671, 4.238, 3.799, 4.695, 5.151, 4.697, 4.957, 6.714, 7.499, 5.014, 5.487, 4.776, 4.913, 4.756, 4.013, 2.706, 4.919, 8.744, 8.519, 9.333, 10.458, 9.714, 6.994, 4.357, 5.146], [16.033, 13.382, 15.475, 18.655, 19.447, 20.867, 21.101, 16.819, 15.898, 16.674, 16.023, 17.09, 14.298, 14.482, 13.786, 13.364, 13.326, 13.394, 10.136, 8.769, 8.46, 6.08, 4.769, 3.756, 6.363, 4.02, 0.0, 1.659, 1.755, 2.135, 1.885, 3.273, 3.305, 2.96, 2.784, 3.048, 5.441, 4.741, 5.07, 6.19, 5.841, 7.187, 5.133, 2.287, 2.316, 3.169, 4.284, 5.529, 4.935, 4.787, 4.073, 6.943, 7.367, 5.349, 5.31, 5.494, 4.901, 5.019, 6.596, 8.794, 10.077, 10.596, 11.085, 11.498, 10.11, 9.078, 11.439, 12.946, 12.585, 14.477, 16.58, 16.959, 16.764, 15.086, 13.269, 11.916, 13.282, 15.653, 16.034, 17.742, 18.321, 13.001, 8.324, 7.895, 7.545, 8.505, 8.89, 8.548, 8.621, 10.271, 11.164, 8.741, 8.943, 7.972, 7.594, 6.838, 6.196, 5.26, 8.106, 12.326, 12.101, 12.926, 14.207, 13.507, 10.78, 8.128, 8.952], [16.769, 13.703, 16.011, 19.392, 19.85, 21.228, 21.692, 17.288, 16.54, 17.26, 16.462, 17.712, 14.914, 15.254, 14.478, 13.753, 14.074, 14.102, 10.7, 9.342, 9.08, 6.657, 5.46, 4.352, 6.921, 4.518, 1.659, 0.0, 1.369, 2.412, 2.226, 2.91, 2.943, 2.827, 2.741, 2.672, 5.236, 4.956, 4.933, 5.999, 5.401, 6.639, 5.041, 2.545, 2.093, 3.035, 4.735, 5.864, 5.294, 5.122, 4.749, 7.251, 7.383, 5.334, 5.255, 5.81, 5.534, 5.764, 7.356, 9.451, 10.684, 11.061, 11.701, 12.024, 10.571, 9.629, 12.146, 13.648, 13.258, 15.018, 17.329, 17.731, 17.515, 15.833, 14.028, 12.683, 14.019, 16.396, 16.807, 18.5, 19.055, 13.719, 9.052, 8.663, 8.135, 9.18, 9.638, 9.168, 9.372, 11.029, 11.903, 9.424, 9.643, 8.678, 8.188, 7.332, 6.746, 5.642, 8.779, 12.843, 12.794, 13.666, 14.946, 14.214, 11.482, 8.85, 9.576], [16.932, 13.849, 16.171, 19.554, 20.054, 21.396, 21.852, 17.44, 16.726, 17.456, 16.664, 17.861, 15.048, 15.422, 14.617, 13.934, 14.218, 14.277, 10.884, 9.497, 9.213, 6.806, 5.533, 4.524, 7.064, 4.681, 1.755, 1.369, 0.0, 1.932, 1.625, 2.741, 2.867, 2.434, 2.281, 2.647, 5.026, 4.827, 4.857, 5.788, 5.273, 6.475, 4.974, 2.665, 2.267, 3.412, 4.873, 6.022, 5.385, 5.294, 4.616, 7.44, 7.53, 5.147, 5.344, 6.003, 5.666, 5.897, 7.489, 9.586, 10.853, 11.235, 11.852, 12.14, 10.683, 9.799, 12.279, 13.789, 13.402, 15.156, 17.462, 17.864, 17.647, 15.966, 14.161, 12.816, 14.152, 16.536, 16.94, 18.638, 19.188, 13.878, 9.187, 8.802, 8.276, 9.313, 9.787, 9.312, 9.514, 11.163, 12.056, 9.556, 9.785, 8.826, 8.356, 7.495, 6.916, 5.821, 8.962, 13.042, 12.93, 13.813, 15.079, 14.365, 11.615, 8.983, 9.736], [15.85, 13.169, 15.214, 18.449, 19.21, 20.634, 20.868, 16.553, 15.698, 16.481, 15.781, 16.844, 13.911, 14.245, 13.427, 13.137, 13.093, 13.105, 9.868, 8.542, 8.194, 5.955, 4.623, 3.625, 6.039, 3.835, 2.135, 2.412, 1.932, 0.0, 1.887, 3.732, 3.749, 3.742, 3.256, 3.337, 5.745, 4.985, 5.341, 6.508, 6.238, 7.441, 5.499, 2.829, 2.581, 3.685, 4.101, 5.322, 4.746, 4.586, 3.902, 6.814, 7.225, 5.272, 5.16, 5.287, 4.63, 4.723, 6.274, 8.563, 9.894, 10.364, 10.807, 11.224, 9.889, 8.881, 11.081, 12.723, 12.327, 14.136, 16.26, 16.628, 16.415, 14.81, 12.966, 11.609, 12.955, 15.357, 15.719, 17.461, 17.957, 12.797, 8.061, 7.623, 7.226, 8.129, 8.646, 8.257, 8.341, 10.02, 10.943, 8.402, 8.694, 7.677, 7.108, 6.269, 5.678, 4.773, 7.743, 12.079, 11.696, 12.579, 13.867, 13.201, 10.475, 7.769, 8.714], [17.187, 14.273, 16.42, 19.764, 20.387, 21.768, 22.177, 17.767, 17.028, 17.781, 17.0, 18.185, 15.303, 15.618, 14.863, 14.258, 14.415, 14.434, 11.182, 9.736, 9.454, 7.172, 5.814, 4.849, 7.319, 5.07, 1.885, 2.226, 1.625, 1.887, 0.0, 2.284, 2.35, 2.128, 1.824, 2.037, 4.333, 3.736, 3.867, 5.143, 4.895, 6.106, 4.348, 2.525, 2.767, 3.701, 5.083, 6.423, 5.84, 5.69, 5.002, 7.893, 8.232, 6.147, 6.187, 6.4, 5.972, 6.112, 7.698, 9.812, 11.179, 11.587, 12.068, 12.357, 10.967, 10.009, 12.523, 14.078, 13.71, 15.463, 17.658, 18.056, 17.866, 16.196, 14.374, 13.021, 14.358, 16.768, 17.138, 18.849, 19.428, 14.146, 9.384, 8.999, 8.473, 9.549, 10.008, 9.599, 9.716, 11.372, 12.265, 9.823, 10.029, 9.0, 8.435, 7.581, 6.994, 5.895, 9.04, 13.336, 13.171, 13.996, 15.291, 14.607, 11.86, 9.201, 9.951], [19.19, 15.958, 18.435, 21.801, 22.237, 23.566, 24.096, 19.71, 18.97, 19.633, 18.854, 20.133, 17.33, 17.667, 16.891, 16.143, 16.485, 16.443, 13.098, 11.747, 11.467, 9.115, 7.759, 6.753, 9.351, 6.996, 3.273, 2.91, 2.741, 3.732, 2.284, 0.0, 1.292, 1.709, 1.904, 1.282, 2.869, 2.788, 2.472, 3.594, 3.484, 4.48, 3.059, 2.718, 4.303, 5.318, 7.123, 8.234, 7.54, 7.484, 6.942, 9.713, 9.683, 7.433, 7.52, 8.134, 7.954, 8.181, 9.759, 11.852, 13.088, 13.482, 14.126, 14.429, 12.95, 12.031, 14.56, 16.073, 15.681, 17.455, 19.729, 20.113, 19.896, 18.254, 16.439, 15.09, 16.425, 18.814, 19.206, 20.919, 21.448, 16.142, 11.453, 11.054, 10.532, 11.597, 12.062, 11.589, 11.778, 13.431, 14.305, 11.829, 12.05, 11.064, 10.283, 9.369, 8.817, 7.69, 10.951, 15.227, 15.177, 16.044, 17.348, 16.638, 13.916, 11.259, 11.995], [19.21, 15.97, 18.459, 21.824, 22.261, 23.567, 24.119, 19.737, 18.993, 19.658, 18.874, 20.155, 17.358, 17.683, 16.901, 16.171, 16.506, 16.465, 13.114, 11.78, 11.489, 9.149, 7.798, 6.837, 9.369, 7.016, 3.305, 2.943, 2.867, 3.749, 2.35, 1.292, 0.0, 1.165, 1.715, 1.335, 3.118, 2.84, 2.706, 3.896, 3.76, 4.683, 3.369, 2.681, 4.386, 5.29, 7.144, 8.249, 7.552, 7.525, 6.947, 9.701, 9.665, 7.538, 7.617, 8.16, 7.977, 8.209, 9.769, 11.872, 13.123, 13.508, 14.148, 14.434, 12.957, 12.069, 14.573, 16.09, 15.696, 17.46, 19.742, 20.119, 19.9, 18.263, 16.449, 15.096, 16.438, 18.821, 19.213, 20.931, 21.454, 16.162, 11.474, 11.074, 10.558, 11.617, 12.089, 11.613, 11.796, 13.442, 14.316, 11.835, 12.066, 11.077, 10.294, 9.366, 8.778, 7.665, 10.95, 15.248, 15.189, 16.05, 17.361, 16.649, 13.92, 11.276, 12.018], [18.654, 15.414, 17.901, 21.265, 21.702, 23.016, 23.561, 19.185, 18.434, 19.098, 18.316, 19.597, 16.809, 17.132, 16.357, 15.622, 15.95, 15.933, 12.562, 11.214, 10.932, 8.568, 7.22, 6.233, 8.815, 6.464, 2.96, 2.827, 2.434, 3.742, 2.128, 1.709, 1.165, 0.0, 1.245, 1.606, 3.607, 3.526, 3.325, 4.365, 4.09, 5.132, 4.008, 2.824, 3.851, 4.806, 6.609, 7.695, 6.994, 6.948, 6.38, 9.145, 9.057, 6.855, 6.988, 7.599, 7.419, 7.648, 9.224, 11.317, 12.545, 12.946, 13.595, 13.876, 12.412, 11.496, 14.024, 15.538, 15.146, 16.908, 19.194, 19.585, 19.37, 17.719, 15.904, 14.558, 15.89, 18.279, 18.674, 20.383, 20.924, 15.606, 10.924, 10.526, 9.997, 11.061, 11.527, 11.053, 11.242, 12.905, 13.768, 11.298, 11.516, 10.531, 9.772, 8.84, 8.273, 7.153, 10.439, 14.69, 14.643, 15.515, 16.818, 16.093, 13.365, 10.724, 11.451], [18.104, 14.867, 17.351, 20.716, 21.154, 22.463, 23.012, 18.629, 17.885, 18.551, 17.768, 19.048, 16.25, 16.58, 15.799, 15.069, 15.412, 15.394, 12.011, 10.694, 10.38, 8.086, 6.703, 5.771, 8.262, 5.939, 2.784, 2.741, 2.281, 3.256, 1.824, 1.904, 1.715, 1.245, 0.0, 1.759, 4.182, 3.862, 3.776, 4.997, 4.677, 5.807, 4.509, 3.238, 3.495, 4.271, 6.063, 7.151, 6.461, 6.426, 5.867, 8.638, 8.595, 6.482, 6.556, 7.055, 6.874, 7.116, 8.668, 10.765, 12.014, 12.4, 13.04, 13.33, 11.855, 10.984, 13.471, 14.986, 14.59, 16.353, 18.637, 19.023, 18.808, 17.163, 15.348, 13.999, 15.333, 17.722, 18.115, 19.828, 20.362, 15.055, 10.38, 9.979, 9.452, 10.51, 11.006, 10.506, 10.695, 12.344, 13.212, 10.736, 10.962, 9.99, 9.281, 8.382, 7.792, 6.658, 9.942, 14.171, 14.104, 14.952, 16.257, 15.541, 12.808, 10.186, 10.911], [18.911, 15.865, 18.193, 21.533, 22.008, 23.372, 23.835, 19.457, 18.7, 19.388, 18.61, 19.856, 17.072, 17.396, 16.62, 15.946, 16.214, 16.169, 12.82, 11.48, 11.234, 8.87, 7.551, 6.483, 9.108, 6.729, 3.048, 2.672, 2.647, 3.337, 2.037, 1.282, 1.335, 1.606, 1.759, 0.0, 2.827, 2.639, 2.589, 3.698, 3.637, 4.467, 3.121, 2.631, 4.138, 5.159, 6.914, 8.073, 7.404, 7.302, 6.741, 9.449, 9.626, 7.387, 7.443, 7.977, 7.68, 7.9, 9.475, 11.653, 12.823, 13.265, 13.871, 14.218, 12.781, 11.832, 14.305, 15.796, 15.412, 17.201, 19.452, 19.832, 19.617, 17.97, 16.156, 14.808, 16.142, 18.531, 18.924, 20.635, 21.17, 15.863, 11.189, 10.778, 10.295, 11.336, 11.791, 11.331, 11.512, 13.152, 14.02, 11.564, 11.773, 10.783, 10.001, 9.066, 8.525, 7.404, 10.669, 14.972, 14.916, 15.767, 17.086, 16.364, 13.639, 10.986, 11.745], [21.349, 18.373, 20.64, 23.979, 24.495, 25.875, 26.279, 21.913, 21.136, 21.837, 21.085, 22.297, 19.534, 19.827, 19.057, 18.419, 18.647, 18.635, 15.259, 13.945, 13.698, 11.347, 9.997, 8.932, 11.558, 9.172, 5.441, 5.236, 5.026, 5.745, 4.333, 2.869, 3.118, 3.607, 4.182, 2.827, 0.0, 1.229, 1.436, 1.474, 2.101, 2.297, 2.46, 4.363, 6.657, 7.645, 9.345, 10.557, 9.919, 9.781, 9.231, 11.98, 12.218, 9.91, 10.039, 10.484, 10.128, 10.326, 11.911, 14.069, 15.275, 15.698, 16.334, 16.661, 15.241, 14.248, 16.74, 18.223, 17.846, 19.648, 21.876, 22.246, 22.032, 20.391, 18.578, 17.221, 18.58, 20.946, 21.341, 23.06, 23.585, 18.3, 13.63, 13.218, 12.769, 13.779, 14.23, 13.768, 13.943, 15.583, 16.451, 13.996, 14.203, 13.216, 12.501, 11.575, 11.037, 9.879, 13.147, 17.417, 17.35, 18.2, 19.523, 18.84, 16.113, 13.42, 14.201], [20.647, 17.879, 19.956, 23.249, 23.944, 25.365, 25.683, 21.309, 20.498, 21.266, 20.534, 21.65, 18.735, 19.013, 18.263, 17.863, 17.881, 17.877, 14.641, 13.225, 12.896, 10.628, 9.313, 8.373, 10.804, 8.53, 4.741, 4.956, 4.827, 4.985, 3.736, 2.788, 2.84, 3.526, 3.862, 2.639, 1.229, 0.0, 1.282, 2.009, 2.407, 2.878, 2.528, 3.571, 5.993, 7.045, 8.572, 10.022, 9.424, 9.282, 8.444, 11.425, 11.778, 9.674, 9.786, 9.987, 9.437, 9.556, 11.101, 13.342, 14.687, 15.123, 15.561, 15.952, 14.586, 13.59, 15.965, 17.539, 17.169, 18.95, 21.095, 21.43, 21.218, 19.623, 17.767, 16.402, 17.772, 20.163, 20.529, 22.27, 22.788, 17.604, 12.86, 12.4, 11.959, 12.995, 13.465, 13.081, 13.175, 14.845, 15.72, 13.257, 13.478, 12.459, 11.674, 10.746, 10.221, 9.193, 12.342, 16.846, 16.58, 17.387, 18.72, 18.005, 15.319, 12.611, 13.465], [20.859, 17.827, 20.131, 23.488, 24.034, 25.351, 25.847, 21.458, 20.671, 21.414, 20.629, 21.858, 19.02, 19.338, 18.56, 17.869, 18.163, 18.153, 14.84, 13.483, 13.229, 10.966, 9.555, 8.545, 11.031, 8.817, 5.07, 4.933, 4.857, 5.341, 3.867, 2.472, 2.706, 3.325, 3.776, 2.589, 1.436, 1.282, 0.0, 1.855, 2.225, 2.802, 2.504, 3.844, 6.206, 7.113, 8.862, 10.015, 9.4, 9.337, 8.814, 11.559, 11.741, 9.573, 9.686, 9.999, 9.706, 9.881, 11.459, 13.581, 14.906, 15.264, 15.847, 16.117, 14.686, 13.759, 16.247, 17.757, 17.429, 19.183, 21.424, 21.772, 21.554, 19.917, 18.099, 16.75, 18.093, 20.474, 20.869, 22.587, 23.102, 17.811, 13.137, 12.729, 12.228, 13.286, 13.738, 13.284, 13.501, 15.1, 15.98, 13.534, 13.717, 12.737, 11.98, 11.033, 10.484, 9.344, 12.631, 16.986, 16.847, 17.724, 19.019, 18.392, 15.69, 12.936, 13.729], [22.135, 19.229, 21.431, 24.765, 25.388, 26.772, 27.137, 22.783, 21.951, 22.719, 21.986, 23.143, 20.329, 20.612, 19.846, 19.237, 19.446, 19.425, 16.102, 14.742, 14.443, 12.065, 10.746, 9.788, 12.332, 9.98, 6.19, 5.999, 5.788, 6.508, 5.143, 3.594, 3.896, 4.365, 4.997, 3.698, 1.474, 2.009, 1.855, 0.0, 1.55, 1.967, 2.745, 5.075, 7.322, 8.369, 10.114, 11.375, 10.763, 10.627, 9.934, 12.769, 12.911, 10.661, 10.852, 11.35, 10.95, 11.136, 12.701, 14.814, 16.121, 16.506, 17.127, 17.471, 16.028, 15.027, 17.517, 19.033, 18.66, 20.454, 22.681, 23.059, 22.842, 21.197, 19.379, 18.03, 19.384, 21.756, 22.152, 23.864, 24.394, 19.087, 14.411, 14.0, 13.582, 14.572, 15.005, 14.571, 14.744, 16.38, 17.26, 14.789, 14.989, 14.029, 13.258, 12.338, 11.826, 10.671, 13.922, 18.279, 18.135, 18.984, 20.304, 19.583, 16.875, 14.216, 14.957], [21.805, 19.032, 21.16, 24.43, 25.122, 26.536, 26.812, 22.487, 21.633, 22.416, 21.716, 22.794, 20.011, 20.27, 19.49, 19.026, 19.115, 19.079, 15.764, 14.437, 14.127, 11.734, 10.486, 9.464, 12.033, 9.65, 5.841, 5.401, 5.273, 6.238, 4.895, 3.484, 3.76, 4.09, 4.677, 3.637, 2.101, 2.407, 2.225, 1.55, 0.0, 2.036, 3.096, 4.824, 7.053, 8.168, 9.852, 11.177, 10.568, 10.434, 9.612, 12.485, 12.65, 10.303, 10.535, 11.135, 10.599, 10.775, 12.333, 14.5, 15.808, 16.247, 16.817, 17.22, 15.808, 14.808, 17.162, 18.674, 18.289, 20.106, 22.338, 22.695, 22.479, 20.827, 19.012, 17.663, 19.037, 21.386, 21.785, 23.506, 24.028, 18.75, 14.084, 13.681, 13.295, 14.223, 14.641, 14.234, 14.405, 16.033, 16.912, 14.417, 14.637, 13.684, 12.92, 11.985, 11.478, 10.392, 13.568, 17.982, 17.782, 18.624, 19.967, 19.259, 16.519, 13.872, 14.66], [23.142, 20.241, 22.429, 25.752, 26.369, 27.752, 28.096, 23.727, 22.945, 23.7, 22.961, 24.079, 21.26, 21.604, 20.801, 20.265, 20.414, 20.355, 17.063, 15.733, 15.425, 13.043, 11.788, 10.756, 13.283, 10.943, 7.187, 6.639, 6.475, 7.441, 6.106, 4.48, 4.683, 5.132, 5.807, 4.467, 2.297, 2.878, 2.802, 1.967, 2.036, 0.0, 2.541, 5.954, 8.249, 9.391, 11.094, 12.398, 11.777, 11.643, 10.862, 13.754, 13.909, 11.537, 11.747, 12.345, 11.873, 12.058, 13.649, 15.803, 17.091, 17.499, 18.07, 18.441, 17.043, 16.063, 18.473, 19.986, 19.581, 21.354, 23.628, 23.978, 23.76, 22.127, 20.32, 18.949, 20.323, 22.696, 23.072, 24.814, 25.315, 20.085, 15.387, 14.979, 14.55, 15.516, 15.956, 15.506, 15.695, 17.33, 18.234, 15.712, 15.952, 14.968, 14.136, 13.189, 12.667, 11.591, 14.801, 19.261, 19.078, 19.923, 21.25, 20.552, 17.796, 15.158, 15.953], [20.955, 17.988, 20.259, 23.587, 24.095, 25.5, 25.881, 21.516, 20.742, 21.446, 20.698, 21.902, 19.14, 19.429, 18.671, 18.053, 18.254, 18.201, 14.859, 13.56, 13.289, 11.019, 9.621, 8.575, 11.173, 8.896, 5.133, 5.041, 4.974, 5.499, 4.348, 3.059, 3.369, 4.008, 4.509, 3.121, 2.46, 2.528, 2.504, 2.745, 3.096, 2.541, 0.0, 3.889, 6.319, 7.264, 8.974, 10.187, 9.534, 9.406, 8.857, 11.709, 11.931, 9.735, 9.8, 10.094, 9.739, 9.998, 11.512, 13.697, 14.904, 15.3, 15.93, 16.281, 14.861, 13.902, 16.342, 17.833, 17.455, 19.257, 21.503, 21.851, 21.635, 19.997, 18.182, 16.83, 18.191, 20.554, 20.945, 22.668, 23.186, 17.902, 13.237, 12.821, 12.372, 13.389, 13.82, 13.377, 13.566, 15.194, 16.058, 13.599, 13.809, 12.828, 12.018, 11.067, 10.512, 9.428, 12.679, 17.026, 16.964, 17.784, 19.144, 18.464, 15.734, 13.034, 13.829], [17.391, 14.559, 16.653, 19.983, 20.639, 22.054, 22.4, 18.021, 17.239, 18.007, 17.237, 18.386, 15.423, 15.771, 14.954, 14.553, 14.627, 14.571, 11.373, 10.019, 9.627, 7.918, 6.377, 5.393, 7.503, 5.562, 2.287, 2.545, 2.665, 2.829, 2.525, 2.718, 2.681, 2.824, 3.238, 2.631, 4.363, 3.571, 3.844, 5.075, 4.824, 5.954, 3.889, 0.0, 3.166, 3.793, 5.307, 6.717, 6.354, 6.274, 5.725, 8.47, 9.071, 7.231, 6.992, 6.669, 6.188, 6.37, 7.804, 10.047, 11.47, 11.825, 12.282, 12.653, 11.279, 10.434, 12.639, 14.276, 13.876, 15.643, 17.783, 18.139, 17.921, 16.346, 14.486, 13.122, 14.478, 16.89, 17.233, 19.0, 19.48, 14.345, 9.598, 9.146, 8.683, 9.677, 10.23, 9.782, 9.882, 11.551, 12.468, 9.932, 10.212, 9.179, 8.325, 7.373, 6.843, 5.888, 9.013, 13.566, 13.242, 14.071, 15.39, 14.719, 12.044, 9.311, 10.254], [15.128, 12.189, 14.37, 17.711, 18.364, 19.726, 20.132, 15.747, 14.972, 15.739, 14.954, 16.12, 13.177, 13.503, 12.721, 12.222, 12.37, 12.378, 9.152, 7.721, 7.366, 5.148, 4.161, 3.023, 5.229, 3.06, 2.316, 2.093, 2.267, 2.581, 2.767, 4.303, 4.386, 3.851, 3.495, 4.138, 6.657, 5.993, 6.206, 7.322, 7.053, 8.249, 6.319, 3.166, 0.0, 1.83, 2.994, 4.336, 3.884, 3.637, 3.823, 5.773, 6.049, 4.526, 4.203, 4.486, 4.335, 4.602, 5.59, 7.74, 9.127, 9.506, 10.005, 10.327, 8.918, 7.979, 10.423, 12.012, 11.622, 13.375, 15.563, 15.957, 15.745, 14.121, 12.265, 10.912, 12.248, 14.657, 15.033, 16.762, 17.311, 12.083, 7.354, 6.902, 6.407, 7.442, 7.931, 7.518, 7.641, 9.341, 10.235, 7.753, 7.985, 6.975, 6.234, 5.415, 4.788, 3.813, 6.909, 11.313, 11.064, 11.9, 13.182, 12.436, 9.759, 7.073, 7.897], [13.977, 10.909, 13.214, 16.602, 17.139, 18.472, 18.937, 14.525, 13.79, 14.541, 13.749, 14.948, 12.12, 12.481, 11.684, 10.981, 11.274, 11.319, 7.993, 6.651, 6.337, 5.763, 4.489, 3.168, 4.196, 3.272, 3.169, 3.035, 3.412, 3.685, 3.701, 5.318, 5.29, 4.806, 4.271, 5.159, 7.645, 7.045, 7.113, 8.369, 8.168, 9.391, 7.264, 3.793, 1.83, 0.0, 2.0, 3.119, 3.96, 3.503, 4.575, 5.74, 6.382, 5.21, 4.736, 3.958, 4.058, 4.398, 4.724, 6.643, 7.96, 8.417, 8.914, 9.193, 7.719, 7.281, 9.378, 10.852, 10.474, 12.248, 14.535, 14.937, 14.723, 13.046, 11.234, 9.889, 11.225, 13.605, 14.013, 15.708, 16.261, 10.923, 6.258, 5.961, 5.332, 6.389, 6.873, 6.404, 7.026, 8.237, 9.119, 6.632, 6.857, 5.884, 5.331, 4.455, 3.906, 2.882, 5.945, 10.106, 9.985, 10.883, 12.152, 11.433, 8.761, 6.643, 6.858], [12.269, 9.529, 11.543, 14.828, 15.548, 16.946, 17.273, 12.908, 12.113, 12.88, 12.145, 13.264, 10.359, 10.577, 9.906, 9.475, 9.581, 9.611, 6.805, 5.66, 5.116, 5.363, 4.047, 2.745, 3.031, 2.925, 4.284, 4.735, 4.873, 4.101, 5.083, 7.123, 7.144, 6.609, 6.063, 6.914, 9.345, 8.572, 8.862, 10.114, 9.852, 11.094, 8.974, 5.307, 2.994, 2.0, 0.0, 2.393, 3.737, 3.238, 4.051, 5.336, 6.276, 5.214, 4.703, 3.493, 3.516, 3.685, 3.469, 4.99, 6.692, 7.432, 7.359, 7.515, 6.381, 6.328, 7.675, 9.157, 8.845, 10.556, 12.667, 13.102, 12.98, 11.316, 9.373, 8.077, 9.406, 11.822, 12.186, 13.902, 14.477, 9.254, 4.803, 4.619, 3.74, 4.699, 5.228, 5.315, 6.004, 6.567, 7.38, 5.186, 5.262, 4.257, 3.842, 3.02, 2.712, 2.063, 4.627, 8.594, 8.36, 9.074, 10.274, 9.803, 7.576, 5.712, 5.547], [10.995, 7.873, 10.235, 13.618, 14.084, 15.424, 15.933, 11.526, 10.764, 11.499, 10.693, 11.955, 9.156, 9.514, 8.72, 7.97, 8.386, 8.539, 5.188, 3.94, 3.586, 3.585, 2.469, 2.611, 1.565, 2.29, 5.529, 5.864, 6.022, 5.322, 6.423, 8.234, 8.249, 7.695, 7.151, 8.073, 10.557, 10.022, 10.015, 11.375, 11.177, 12.398, 10.187, 6.717, 4.336, 3.119, 2.393, 0.0, 1.932, 2.353, 3.748, 3.354, 4.028, 3.279, 2.915, 2.278, 2.525, 3.26, 2.348, 3.675, 5.129, 5.6, 5.951, 6.235, 4.789, 4.549, 6.437, 7.879, 7.493, 9.258, 11.586, 11.982, 11.784, 10.083, 8.283, 6.931, 8.272, 10.64, 11.056, 12.748, 13.297, 7.947, 3.317, 3.121, 2.39, 3.424, 3.99, 3.591, 4.281, 5.367, 6.177, 3.712, 4.031, 3.606, 3.57, 3.595, 2.974, 1.861, 3.39, 7.262, 7.14, 7.979, 9.204, 8.544, 6.018, 4.032, 4.066], [11.721, 8.478, 10.96, 14.344, 14.739, 16.029, 16.61, 12.223, 11.49, 12.154, 11.348, 12.655, 9.882, 10.239, 9.446, 8.65, 9.087, 9.243, 5.776, 4.441, 4.186, 2.388, 1.519, 2.18, 2.519, 1.818, 4.935, 5.294, 5.385, 4.746, 5.84, 7.54, 7.552, 6.994, 6.461, 7.404, 9.919, 9.424, 9.4, 10.763, 10.568, 11.777, 9.534, 6.354, 3.884, 3.96, 3.737, 1.932, 0.0, 1.857, 2.874, 2.693, 3.105, 2.197, 1.962, 2.199, 2.423, 3.304, 3.099, 4.401, 5.663, 5.998, 6.673, 6.95, 5.471, 4.582, 7.114, 8.604, 8.213, 9.976, 12.312, 12.708, 12.518, 10.817, 9.009, 7.656, 8.997, 11.365, 11.782, 13.474, 14.023, 8.677, 4.108, 3.801, 3.329, 4.153, 4.607, 4.139, 4.386, 6.108, 6.971, 4.427, 4.764, 4.387, 4.802, 4.928, 4.264, 3.17, 4.323, 7.905, 7.843, 8.701, 9.929, 9.229, 6.548, 3.826, 4.606], [11.749, 8.61, 10.989, 14.372, 14.774, 16.155, 16.639, 12.255, 11.538, 12.181, 11.384, 12.684, 9.916, 10.368, 9.564, 8.843, 9.285, 9.547, 6.036, 4.844, 4.534, 2.899, 2.189, 1.888, 2.504, 1.422, 4.787, 5.122, 5.294, 4.586, 5.69, 7.484, 7.525, 6.948, 6.426, 7.302, 9.781, 9.282, 9.337, 10.627, 10.434, 11.643, 9.406, 6.274, 3.637, 3.503, 3.238, 2.353, 1.857, 0.0, 2.118, 3.005, 3.773, 2.684, 2.134, 1.967, 2.014, 2.578, 2.859, 4.568, 5.634, 6.027, 6.7, 7.024, 5.546, 4.595, 7.142, 8.632, 8.241, 10.005, 12.34, 12.736, 12.578, 10.878, 9.037, 7.685, 9.025, 11.394, 11.81, 13.502, 14.051, 8.737, 4.594, 4.29, 3.883, 4.456, 4.749, 4.391, 4.799, 6.546, 7.37, 4.733, 5.281, 5.114, 5.219, 4.933, 4.15, 3.103, 5.104, 8.35, 8.134, 8.935, 9.958, 9.228, 6.516, 3.922, 4.774], [12.492, 9.644, 11.742, 15.04, 15.735, 17.151, 17.506, 13.115, 12.471, 13.109, 12.341, 13.495, 10.65, 10.963, 10.364, 9.891, 10.068, 10.24, 6.971, 5.653, 5.174, 2.936, 2.135, 2.277, 3.454, 2.082, 4.073, 4.749, 4.616, 3.902, 5.002, 6.942, 6.947, 6.38, 5.867, 6.741, 9.231, 8.444, 8.814, 9.934, 9.612, 10.862, 8.857, 5.725, 3.823, 4.575, 4.051, 3.748, 2.874, 2.118, 0.0, 3.607, 4.242, 2.413, 2.343, 2.192, 1.916, 2.02, 3.335, 5.329, 6.544, 6.907, 7.314, 7.78, 6.442, 5.355, 7.806, 9.376, 8.997, 10.75, 12.899, 13.34, 13.276, 11.585, 9.612, 8.31, 9.616, 12.081, 12.425, 14.126, 14.716, 9.542, 5.342, 4.976, 4.67, 5.208, 5.489, 5.169, 5.328, 7.261, 8.073, 5.481, 6.069, 6.45, 6.611, 6.262, 5.587, 3.884, 5.856, 9.321, 8.958, 9.638, 10.579, 9.896, 7.145, 4.566, 5.482], [9.628, 6.662, 8.88, 12.189, 12.793, 14.166, 14.616, 10.228, 9.448, 10.188, 9.398, 10.635, 7.815, 8.202, 7.42, 6.75, 6.999, 7.142, 3.777, 2.602, 2.1, 1.152, 2.466, 4.005, 3.178, 3.269, 6.94