[[0.0, 1.135, 1.942, 1.991, 1.629, 1.743, 1.692, 1.292, 1.588, 1.97, 2.675, 3.829, 4.465, 3.274, 1.688, 2.041, 2.109, 3.004, 2.585, 3.8, 6.065, 4.386, 3.465, 3.532, 3.187, 3.571, 4.88, 5.195, 4.45, 4.213, 4.655, 5.351, 5.818, 6.229, 6.259, 5.004, 5.68, 5.575, 5.112, 4.702, 4.909, 6.677, 9.743, 12.24, 13.739, 14.347, 14.904, 16.131, 17.35, 17.72, 17.502, 17.181, 17.27, 17.593, 17.138, 15.567, 14.501, 14.893, 15.934, 16.086, 15.418, 15.168, 15.653, 16.122, 15.803, 14.705, 13.727, 13.37, 12.929, 11.803, 10.698, 10.086, 10.679, 12.156, 13.509, 12.334, 8.769, 5.882, 4.979, 5.12, 4.587, 3.378, 2.842, 3.416, 3.557, 3.092, 2.881, 3.351, 3.289, 2.505, 1.799, 2.11, 1.738, 1.668, 1.867, 2.422, 2.195, 2.34, 2.644, 2.882, 3.824, 4.77, 5.358, 6.051, 6.221, 5.916, 5.497, 4.847, 3.673, 3.273, 3.732, 4.294, 4.901, 5.583, 6.811, 7.827, 7.195, 5.623, 5.048, 4.535, 3.782, 3.218, 2.941, 3.362, 3.438, 3.42, 3.849, 3.943, 3.752, 4.005, 3.603, 3.282, 3.867, 5.213, 7.094, 7.942, 7.217, 6.609, 6.817, 8.048, 9.523, 10.179, 10.263, 10.004, 8.986, 8.423, 8.946, 9.827, 11.055, 12.573, 13.477, 14.344, 14.062, 13.779, 13.775, 12.752, 11.552, 12.049], [1.135, 0.0, 1.217, 1.413, 1.343, 1.596, 1.696, 1.364, 1.473, 2.12, 2.728, 4.312, 4.776, 3.265, 1.405, 1.528, 2.222, 2.994, 2.685, 3.416, 5.619, 4.151, 3.564, 3.595, 3.258, 3.69, 4.809, 5.125, 4.303, 4.13, 4.608, 5.338, 5.91, 6.183, 5.96, 4.868, 5.459, 5.301, 4.932, 4.849, 5.028, 6.918, 9.859, 12.554, 14.087, 14.727, 15.289, 16.485, 17.721, 18.124, 17.903, 17.585, 17.661, 18.005, 17.505, 15.956, 14.846, 15.141, 16.172, 16.232, 15.51, 15.291, 15.876, 16.416, 16.127, 15.061, 13.988, 13.602, 13.296, 12.208, 11.146, 10.487, 10.822, 12.302, 13.682, 12.549, 9.236, 6.46, 5.526, 5.662, 5.11, 3.77, 3.137, 3.794, 4.011, 3.553, 3.129, 3.508, 3.791, 2.804, 2.116, 2.409, 1.776, 1.841, 2.497, 2.825, 2.48, 2.581, 2.959, 3.461, 4.353, 5.301, 5.872, 6.545, 6.679, 6.3, 5.86, 5.228, 4.15, 3.706, 4.227, 4.917, 5.422, 6.075, 7.268, 8.405, 7.714, 6.065, 5.435, 4.876, 4.017, 3.423, 2.997, 3.344, 3.437, 3.296, 3.976, 3.922, 3.433, 3.538, 3.216, 2.885, 3.496, 4.834, 6.659, 7.502, 6.842, 6.395, 6.564, 7.728, 9.281, 9.903, 10.042, 9.845, 8.859, 8.371, 8.795, 9.671, 10.939, 12.448, 13.438, 14.303, 14.008, 13.786, 13.712, 12.679, 11.401, 11.928], [1.942, 1.217, 0.0, 0.778, 1.286, 1.916, 2.129, 1.882, 1.723, 2.376, 3.101, 5.043, 5.637, 4.053, 1.944, 1.7, 2.825, 3.579, 2.962, 2.716, 4.877, 3.776, 3.561, 3.562, 3.776, 4.372, 5.014, 5.246, 4.556, 4.486, 4.992, 5.682, 5.89, 6.065, 5.765, 5.004, 5.571, 5.321, 5.133, 5.399, 5.744, 7.693, 10.697, 13.372, 14.869, 15.597, 16.189, 17.402, 18.619, 19.007, 18.796, 18.514, 18.561, 18.893, 18.422, 16.851, 15.758, 16.06, 17.089, 17.148, 16.372, 16.181, 16.756, 17.302, 17.032, 15.984, 14.864, 14.496, 14.204, 13.193, 12.089, 11.371, 11.702, 13.159, 14.623, 13.491, 10.22, 7.432, 6.478, 6.608, 6.058, 4.679, 4.023, 4.728, 4.971, 4.53, 4.082, 4.427, 4.79, 3.754, 2.643, 2.463, 2.051, 2.409, 3.201, 3.565, 3.292, 3.42, 3.848, 4.452, 5.339, 6.267, 6.813, 7.466, 7.632, 7.216, 6.739, 6.121, 5.042, 4.336, 4.846, 5.624, 6.424, 7.072, 8.263, 9.396, 8.704, 7.024, 6.362, 5.766, 4.522, 3.737, 3.17, 3.136, 3.152, 3.298, 4.176, 4.069, 3.017, 2.806, 2.495, 2.213, 2.78, 4.035, 5.801, 6.59, 6.12, 5.959, 6.136, 7.231, 8.648, 9.144, 9.341, 9.204, 8.501, 8.303, 8.53, 9.26, 10.399, 11.841, 12.766, 13.604, 13.274, 13.05, 12.952, 11.953, 10.776, 11.17], [1.991, 1.413, 0.778, 0.0, 1.128, 1.894, 2.112, 1.962, 1.895, 2.402, 3.248, 5.023, 5.737, 4.114, 1.964, 2.033, 3.183, 3.92, 3.428, 2.866, 4.897, 3.999, 3.705, 3.817, 4.157, 4.658, 5.186, 5.263, 4.649, 4.713, 5.342, 6.048, 6.043, 6.267, 6.02, 5.165, 5.789, 5.575, 5.517, 5.759, 5.868, 7.735, 10.757, 13.437, 14.944, 15.663, 16.269, 17.48, 18.683, 19.098, 18.894, 18.601, 18.656, 18.98, 18.513, 16.926, 15.829, 16.149, 17.154, 17.232, 16.469, 16.222, 16.766, 17.329, 17.107, 16.033, 14.971, 14.59, 14.304, 13.297, 12.2, 11.456, 11.789, 13.242, 14.681, 13.575, 10.317, 7.531, 6.581, 6.708, 6.157, 4.758, 4.124, 4.81, 5.073, 4.622, 4.183, 4.53, 4.895, 3.859, 2.777, 2.58, 2.022, 2.445, 3.223, 3.666, 3.39, 3.514, 3.938, 4.556, 5.444, 6.359, 6.903, 7.56, 7.726, 7.307, 6.822, 6.214, 5.062, 4.439, 4.907, 5.708, 6.531, 7.18, 8.372, 9.5, 8.79, 7.098, 6.414, 5.833, 4.654, 3.643, 3.148, 3.17, 3.24, 3.353, 4.279, 4.216, 2.981, 2.7, 2.289, 2.416, 2.967, 4.224, 5.75, 6.518, 6.17, 6.146, 6.354, 7.377, 8.804, 9.171, 9.429, 9.407, 8.716, 8.531, 8.748, 9.491, 10.625, 12.031, 12.793, 13.635, 13.316, 13.023, 12.935, 11.951, 10.996, 11.225], [1.629, 1.343, 1.286, 1.128, 0.0, 1.134, 1.302, 1.243, 1.71, 2.263, 3.081, 4.217, 4.945, 3.37, 1.606, 2.153, 2.754, 3.615, 3.164, 3.485, 5.608, 4.584, 3.901, 3.945, 3.991, 4.3, 5.297, 5.387, 4.652, 4.607, 5.348, 6.02, 6.238, 6.437, 6.199, 5.196, 6.0, 5.625, 5.447, 5.345, 5.353, 7.016, 10.055, 12.707, 14.192, 14.892, 15.488, 16.694, 17.913, 18.311, 18.128, 17.822, 17.893, 18.198, 17.735, 16.158, 15.044, 15.374, 16.38, 16.472, 15.682, 15.488, 15.982, 16.532, 16.319, 15.248, 14.182, 13.809, 13.545, 12.509, 11.402, 10.678, 11.003, 12.475, 13.899, 12.774, 9.52, 6.734, 5.78, 5.909, 5.365, 3.951, 3.311, 4.028, 4.283, 3.842, 3.347, 3.726, 4.058, 3.084, 2.461, 2.351, 1.92, 2.222, 2.78, 3.287, 2.963, 2.891, 3.243, 3.753, 4.64, 5.561, 6.108, 6.762, 6.908, 6.463, 5.984, 5.402, 4.504, 4.054, 4.573, 5.317, 5.792, 6.374, 7.564, 8.701, 7.995, 6.25, 5.542, 5.058, 4.141, 3.388, 3.123, 3.493, 3.43, 3.382, 4.181, 4.276, 3.411, 3.269, 2.878, 3.1, 3.63, 4.904, 6.47, 7.272, 6.854, 6.509, 6.666, 7.89, 9.449, 9.899, 10.1, 10.071, 9.296, 8.925, 9.364, 10.158, 11.29, 12.719, 13.531, 14.371, 14.041, 13.745, 13.658, 12.683, 11.667, 11.933], [1.743, 1.596, 1.916, 1.894, 1.134, 0.0, 1.013, 1.3, 1.724, 2.314, 3.048, 3.487, 4.062, 3.073, 1.876, 2.271, 2.71, 3.541, 3.264, 4.102, 6.314, 5.115, 4.083, 4.156, 3.915, 4.243, 5.293, 5.512, 4.703, 4.593, 5.262, 5.962, 6.372, 6.698, 6.614, 5.235, 5.94, 5.788, 5.466, 5.411, 5.221, 6.486, 9.457, 12.022, 13.393, 14.06, 14.657, 15.86, 17.067, 17.47, 17.275, 16.977, 17.035, 17.362, 16.88, 15.286, 14.197, 14.492, 15.576, 15.631, 14.885, 14.6, 15.182, 15.769, 15.53, 14.396, 13.37, 12.97, 12.675, 11.626, 10.536, 9.834, 10.16, 11.646, 13.075, 11.935, 8.619, 5.828, 4.888, 5.025, 4.495, 3.096, 2.455, 3.229, 3.399, 2.93, 2.458, 2.826, 3.158, 2.29, 1.915, 2.189, 2.23, 2.231, 2.367, 2.728, 2.262, 2.152, 2.498, 2.865, 3.756, 4.687, 5.235, 5.887, 6.018, 5.556, 5.098, 4.524, 3.694, 3.406, 3.984, 4.586, 4.885, 5.5, 6.674, 7.814, 7.117, 5.383, 4.653, 4.213, 3.433, 2.881, 3.269, 3.746, 3.773, 3.511, 4.258, 4.526, 4.024, 4.045, 3.721, 3.551, 4.108, 5.507, 7.193, 8.034, 7.51, 7.145, 7.258, 8.456, 9.948, 10.472, 10.683, 10.508, 9.654, 9.289, 9.704, 10.547, 11.678, 13.129, 14.045, 14.896, 14.59, 14.375, 14.318, 13.268, 12.077, 12.547], [1.692, 1.696, 2.129, 2.112, 1.302, 1.013, 0.0, 1.237, 1.951, 2.402, 2.891, 3.163, 3.829, 2.654, 1.673, 2.521, 2.912, 3.583, 3.338, 4.262, 6.435, 5.151, 4.123, 4.055, 3.936, 4.14, 5.345, 5.39, 4.726, 4.614, 5.313, 5.937, 6.454, 6.699, 6.568, 5.216, 5.909, 5.563, 5.537, 5.434, 5.062, 6.027, 9.071, 11.67, 13.181, 13.791, 14.351, 15.553, 16.786, 17.192, 16.999, 16.697, 16.759, 17.077, 16.596, 15.028, 13.926, 14.234, 15.281, 15.326, 14.588, 14.376, 14.923, 15.486, 15.227, 14.12, 13.065, 12.669, 12.406, 11.363, 10.267, 9.573, 9.873, 11.393, 12.805, 11.692, 8.368, 5.57, 4.616, 4.754, 4.206, 2.914, 2.382, 3.121, 3.263, 2.771, 2.209, 2.584, 2.937, 2.469, 2.295, 2.623, 2.4, 2.087, 1.911, 2.559, 2.196, 2.093, 2.462, 2.642, 3.496, 4.425, 4.972, 5.625, 5.754, 5.297, 4.848, 4.294, 3.642, 3.441, 4.009, 4.392, 4.657, 5.214, 6.398, 7.549, 6.853, 5.108, 4.435, 4.084, 3.465, 3.086, 3.578, 4.023, 3.921, 3.818, 4.45, 4.696, 4.277, 4.226, 3.996, 3.966, 4.414, 5.717, 7.426, 8.248, 7.696, 7.241, 7.367, 8.543, 10.245, 10.742, 10.926, 10.848, 9.999, 9.493, 9.975, 10.868, 12.023, 13.509, 14.389, 15.226, 14.885, 14.647, 14.533, 13.577, 12.442, 12.752], [1.292, 1.364, 1.882, 1.962, 1.243, 1.3, 1.237, 0.0, 1.257, 1.754, 2.497, 3.471, 4.26, 3.056, 1.663, 1.834, 2.048, 2.89, 2.449, 3.683, 5.958, 4.354, 3.236, 3.221, 3.194, 3.55, 4.677, 4.831, 4.08, 3.98, 4.578, 5.25, 5.591, 5.796, 5.75, 4.69, 5.415, 5.168, 4.758, 4.598, 4.631, 6.355, 9.391, 12.037, 13.498, 14.16, 14.703, 15.907, 17.128, 17.537, 17.354, 17.038, 17.149, 17.435, 16.96, 15.375, 14.296, 14.688, 15.734, 15.83, 15.117, 14.92, 15.439, 16.006, 15.65, 14.477, 13.446, 13.071, 12.743, 11.675, 10.587, 9.896, 10.447, 11.922, 13.318, 12.218, 8.705, 5.87, 4.92, 5.057, 4.504, 3.106, 2.593, 3.269, 3.435, 2.966, 2.622, 3.076, 3.291, 2.561, 2.264, 2.421, 2.17, 2.144, 2.402, 2.808, 2.509, 2.497, 2.748, 2.94, 3.804, 4.716, 5.258, 5.912, 6.049, 5.66, 5.251, 4.681, 3.958, 3.755, 4.278, 4.885, 5.008, 5.559, 6.704, 7.827, 7.125, 5.52, 4.848, 4.473, 4.013, 3.485, 3.234, 3.669, 3.723, 3.427, 4.106, 4.463, 3.866, 3.862, 3.66, 3.646, 3.953, 5.211, 7.125, 7.941, 7.248, 6.854, 6.949, 8.198, 9.686, 10.261, 10.427, 10.23, 9.41, 8.963, 9.466, 10.291, 11.42, 12.897, 13.732, 14.572, 14.241, 13.999, 13.85, 12.999, 11.832, 12.089], [1.588, 1.473, 1.723, 1.895, 1.71, 1.724, 1.951, 1.257, 0.0, 1.434, 2.279, 3.864, 4.591, 3.37, 1.985, 1.533, 1.956, 2.824, 2.377, 3.417, 5.745, 3.865, 2.979, 3.062, 3.234, 3.882, 4.488, 4.847, 4.171, 4.011, 4.564, 5.122, 5.387, 5.689, 5.606, 4.589, 5.273, 5.285, 4.714, 4.707, 4.903, 6.778, 9.748, 12.336, 13.814, 14.531, 15.124, 16.334, 17.582, 17.938, 17.745, 17.438, 17.507, 17.832, 17.378, 15.799, 14.708, 15.059, 16.122, 16.274, 15.566, 15.323, 15.837, 16.381, 16.021, 14.927, 13.889, 13.528, 13.144, 12.044, 10.927, 10.303, 10.794, 12.32, 13.687, 12.494, 9.002, 6.16, 5.244, 5.375, 4.847, 3.493, 2.898, 3.564, 3.785, 3.358, 3.203, 3.595, 3.611, 2.847, 2.386, 2.263, 2.035, 2.157, 2.596, 2.925, 2.691, 2.691, 2.903, 3.29, 4.082, 5.045, 5.605, 6.265, 6.394, 6.128, 5.842, 5.212, 4.418, 3.92, 4.396, 5.092, 5.418, 5.935, 7.04, 8.096, 7.401, 5.733, 5.154, 4.719, 4.273, 3.705, 3.241, 3.263, 3.342, 3.268, 4.166, 4.465, 3.548, 3.619, 3.33, 3.07, 3.517, 4.836, 6.733, 7.594, 6.948, 6.733, 6.945, 8.054, 9.241, 9.84, 9.957, 9.728, 8.978, 8.769, 9.036, 9.793, 10.933, 12.346, 13.204, 14.054, 13.753, 13.544, 13.509, 12.44, 11.324, 11.778], [1.97, 2.12, 2.376, 2.402, 2.263, 2.314, 2.402, 1.754, 1.434, 0.0, 1.65, 3.636, 4.327, 2.992, 2.273, 2.351, 2.095, 2.387, 2.218, 4.058, 6.439, 4.5, 2.468, 2.509, 2.685, 3.475, 3.627, 4.125, 3.645, 3.266, 3.791, 4.428, 4.642, 5.284, 5.444, 3.963, 4.441, 4.772, 4.3, 4.478, 4.252, 6.343, 9.408, 11.865, 13.399, 14.072, 14.678, 15.923, 17.087, 17.424, 17.25, 16.897, 16.988, 17.321, 16.905, 15.303, 14.268, 14.682, 15.732, 15.914, 15.257, 15.005, 15.477, 15.983, 15.592, 14.495, 13.57, 13.208, 12.641, 11.517, 10.403, 9.878, 10.464, 11.978, 13.332, 12.103, 8.48, 5.574, 4.701, 4.819, 4.287, 3.173, 2.941, 3.557, 3.644, 3.298, 3.266, 3.489, 3.472, 3.234, 3.131, 3.046, 2.58, 2.738, 2.993, 3.558, 3.5, 3.375, 3.46, 3.274, 3.73, 4.649, 5.065, 5.665, 5.897, 5.742, 5.632, 4.972, 4.651, 4.609, 5.123, 5.465, 5.415, 5.634, 6.595, 7.485, 6.809, 5.234, 4.882, 4.985, 4.89, 4.438, 3.737, 3.777, 3.878, 4.035, 5.049, 5.166, 4.358, 4.496, 4.059, 3.656, 4.171, 5.496, 7.383, 8.243, 7.681, 7.524, 7.815, 8.839, 9.899, 10.478, 10.609, 10.246, 9.413, 9.255, 9.422, 10.119, 11.249, 12.645, 13.553, 14.484, 14.258, 13.978, 13.973, 12.95, 11.735, 12.279], [2.675, 2.728, 3.101, 3.248, 3.081, 3.048, 2.891, 2.497, 2.279, 1.65, 0.0, 2.537, 3.156, 2.111, 2.664, 3.068, 2.691, 2.343, 2.46, 4.91, 7.237, 5.29, 2.972, 2.595, 2.682, 2.938, 3.159, 3.463, 3.125, 2.648, 3.266, 3.965, 4.425, 5.275, 5.406, 3.622, 3.844, 4.046, 3.976, 4.312, 3.854, 5.26, 8.216, 10.837, 12.323, 13.035, 13.594, 14.835, 16.053, 16.422, 16.233, 15.896, 15.994, 16.304, 15.833, 14.27, 13.198, 13.568, 14.665, 14.773, 14.068, 13.842, 14.396, 14.962, 14.568, 13.394, 12.354, 11.995, 11.602, 10.509, 9.396, 8.792, 9.363, 10.839, 12.203, 11.07, 7.461, 4.745, 3.789, 3.799, 3.419, 3.066, 3.2, 3.151, 3.482, 3.404, 3.424, 3.756, 3.839, 3.851, 3.86, 3.896, 3.192, 3.152, 3.261, 3.676, 3.546, 3.612, 3.745, 3.458, 3.804, 4.602, 4.973, 5.338, 5.386, 5.888, 5.846, 5.13, 5.19, 5.116, 5.557, 5.616, 5.44, 5.568, 6.22, 6.905, 6.266, 5.371, 5.085, 5.177, 5.153, 4.909, 4.521, 4.477, 4.508, 4.826, 5.778, 6.016, 5.245, 5.272, 4.984, 4.447, 4.926, 6.295, 8.277, 9.121, 8.444, 8.284, 8.448, 9.502, 10.642, 11.302, 11.438, 11.039, 10.211, 10.037, 10.247, 10.988, 12.161, 13.599, 14.592, 15.473, 15.192, 14.993, 14.926, 13.953, 12.554, 13.196], [3.829, 4.312, 5.043, 5.023, 4.217, 3.487, 3.163, 3.471, 3.864, 3.636, 2.537, 0.0, 1.057, 1.745, 3.941, 4.817, 3.878, 3.146, 4.103, 6.99, 9.223, 7.169, 4.275, 3.634, 3.504, 3.072, 3.944, 4.044, 3.747, 3.469, 4.033, 4.581, 5.19, 5.969, 5.963, 4.326, 4.617, 4.425, 4.524, 4.576, 4.106, 3.906, 6.591, 9.029, 10.433, 11.037, 11.528, 12.761, 13.967, 14.378, 14.169, 13.858, 13.943, 14.261, 13.782, 12.204, 11.099, 11.451, 12.513, 12.62, 11.905, 11.663, 12.221, 12.788, 12.449, 11.298, 10.276, 9.857, 9.567, 8.483, 7.393, 6.756, 7.225, 8.693, 10.065, 8.923, 5.432, 2.861, 2.371, 2.351, 2.171, 2.653, 3.131, 2.716, 2.763, 3.238, 3.039, 3.33, 3.525, 3.907, 4.191, 4.934, 4.9, 4.245, 3.477, 3.462, 3.161, 3.353, 3.472, 3.15, 3.197, 3.887, 4.338, 4.705, 4.834, 5.367, 5.37, 4.757, 5.129, 4.856, 5.0, 4.819, 4.372, 4.507, 5.278, 6.025, 5.493, 4.768, 4.515, 4.748, 4.762, 4.984, 6.113, 6.586, 6.449, 6.348, 6.938, 7.28, 7.021, 7.105, 6.873, 6.717, 7.102, 8.415, 10.295, 11.125, 10.435, 9.992, 10.092, 11.35, 12.833, 13.405, 13.562, 13.398, 12.556, 12.039, 12.564, 13.43, 14.578, 16.073, 16.928, 17.774, 17.458, 17.167, 17.085, 16.134, 15.003, 15.369], [4.465, 4.776, 5.637, 5.737, 4.945, 4.062, 3.829, 4.26, 4.591, 4.327, 3.156, 1.057, 0.0, 1.963, 4.429, 5.499, 4.483, 3.576, 4.713, 7.854, 10.115, 8.025, 4.962, 4.253, 3.931, 3.216, 4.129, 4.444, 4.084, 3.724, 4.152, 4.719, 5.478, 6.405, 6.41, 4.559, 4.743, 4.651, 4.812, 4.742, 4.243, 3.764, 5.885, 8.231, 9.635, 10.209, 10.726, 11.935, 13.174, 13.558, 13.353, 13.03, 13.107, 13.418, 12.949, 11.392, 10.299, 10.577, 11.694, 11.817, 11.065, 10.858, 11.43, 11.988, 11.622, 10.5, 9.457, 9.075, 8.737, 7.664, 6.549, 5.947, 6.378, 7.769, 9.228, 8.038, 4.667, 2.66, 2.338, 2.198, 2.205, 2.883, 3.404, 2.939, 2.963, 3.401, 3.17, 3.484, 3.735, 4.164, 4.599, 5.541, 5.524, 4.706, 3.971, 3.736, 3.494, 3.672, 3.757, 3.406, 3.299, 3.679, 4.127, 4.491, 4.591, 5.153, 5.253, 4.857, 5.4, 5.104, 5.209, 5.055, 4.23, 4.255, 4.993, 5.724, 5.215, 4.632, 4.63, 4.802, 4.924, 5.334, 6.641, 7.159, 7.092, 7.01, 7.476, 7.734, 7.854, 7.94, 7.701, 7.295, 7.814, 9.201, 11.154, 12.005, 11.322, 10.805, 10.871, 12.165, 13.615, 14.24, 14.416, 14.122, 13.158, 12.488, 13.048, 13.969, 15.228, 16.738, 17.687, 18.558, 18.266, 18.056, 18.017, 16.973, 15.664, 16.274], [3.274, 3.265, 4.053, 4.114, 3.37, 3.073, 2.654, 3.056, 3.37, 2.992, 2.111, 1.745, 1.963, 0.0, 2.817, 4.128, 3.34, 3.106, 3.568, 6.415, 8.613, 6.664, 4.077, 3.713, 3.31, 3.153, 4.193, 4.392, 3.943, 3.526, 4.141, 4.801, 5.595, 6.344, 6.17, 4.446, 4.526, 4.244, 4.756, 4.819, 4.177, 4.139, 7.011, 9.735, 11.122, 11.839, 12.373, 13.552, 14.822, 15.177, 14.993, 14.655, 14.749, 15.069, 14.602, 13.059, 11.931, 12.209, 13.254, 13.321, 12.537, 12.334, 12.923, 13.468, 13.225, 12.202, 11.016, 10.67, 10.364, 9.302, 8.266, 7.602, 7.911, 9.321, 10.774, 9.581, 6.317, 3.759, 3.267, 3.165, 2.809, 2.826, 3.04, 2.888, 3.022, 3.149, 3.067, 3.332, 3.546, 3.744, 4.018, 4.495, 4.117, 3.614, 3.332, 3.526, 3.285, 3.349, 3.541, 3.273, 3.491, 4.097, 4.509, 4.865, 4.973, 5.54, 5.628, 5.052, 5.139, 4.933, 5.223, 5.147, 4.735, 4.782, 5.369, 6.159, 5.613, 4.965, 4.806, 5.031, 5.044, 4.926, 5.554, 5.887, 5.849, 5.67, 6.369, 6.612, 6.449, 6.42, 6.029, 5.78, 6.544, 7.861, 9.61, 10.476, 9.854, 9.353, 9.466, 10.719, 12.359, 12.984, 13.119, 12.91, 11.908, 11.32, 11.857, 12.738, 13.974, 15.431, 16.503, 17.369, 17.073, 16.859, 16.788, 15.745, 14.465, 15.014], [1.688, 1.405, 1.944, 1.964, 1.606, 1.876, 1.673, 1.663, 1.985, 2.273, 2.664, 3.941, 4.429, 2.817, 0.0, 2.057, 2.584, 3.304, 2.848, 4.093, 6.242, 4.681, 3.698, 3.66, 3.467, 3.74, 4.916, 4.974, 4.37, 4.348, 4.841, 5.524, 6.064, 6.31, 6.132, 4.967, 5.473, 5.02, 5.169, 5.106, 5.052, 6.646, 9.585, 12.31, 13.785, 14.438, 14.988, 16.193, 17.453, 17.818, 17.617, 17.302, 17.386, 17.69, 17.237, 15.676, 14.544, 14.864, 15.876, 15.979, 15.193, 14.993, 15.538, 16.078, 15.821, 14.814, 13.653, 13.326, 13.022, 12.006, 10.9, 10.193, 10.547, 11.949, 13.417, 12.273, 9.02, 6.277, 5.341, 5.488, 4.928, 3.759, 3.174, 3.866, 4.007, 3.365, 3.184, 3.623, 3.624, 2.944, 2.934, 3.267, 2.673, 2.737, 2.791, 3.276, 3.048, 2.989, 3.192, 3.409, 4.178, 5.109, 5.68, 6.349, 6.473, 6.213, 5.844, 5.251, 4.664, 4.502, 5.069, 5.257, 5.426, 5.943, 7.097, 8.232, 7.523, 5.78, 5.155, 4.707, 4.455, 4.136, 3.919, 4.383, 4.416, 4.372, 4.972, 4.812, 4.236, 4.172, 3.797, 3.712, 4.271, 5.553, 7.162, 8.045, 7.524, 7.109, 7.21, 8.392, 10.146, 10.687, 10.858, 10.741, 9.83, 9.342, 9.803, 10.685, 11.895, 13.405, 14.317, 15.155, 14.815, 14.599, 14.489, 13.503, 12.331, 12.705], [2.041, 1.528, 1.7, 2.033, 2.153, 2.271, 2.521, 1.834, 1.533, 2.351, 3.068, 4.817, 5.499, 4.128, 2.057, 0.0, 2.01, 2.831, 2.244, 2.51, 4.768, 3.199, 3.229, 3.24, 3.174, 3.784, 4.821, 5.122, 4.412, 4.409, 4.683, 5.167, 5.65, 5.877, 5.706, 5.154, 5.486, 5.328, 4.739, 4.796, 5.496, 7.433, 10.418, 13.209, 14.693, 15.441, 15.984, 17.186, 18.37, 18.754, 18.562, 18.247, 18.371, 18.679, 18.186, 16.598, 15.469, 15.918, 16.91, 16.982, 16.271, 16.085, 16.662, 17.204, 16.88, 15.73, 14.652, 14.281, 13.939, 12.856, 11.774, 11.129, 11.652, 13.123, 14.5, 13.387, 9.874, 7.037, 6.1, 6.238, 5.689, 4.276, 3.705, 4.388, 4.608, 4.169, 3.856, 4.261, 4.525, 3.524, 2.597, 2.301, 2.022, 2.508, 3.188, 3.343, 3.129, 3.347, 3.614, 4.158, 4.951, 5.891, 6.415, 7.082, 7.191, 6.781, 6.42, 5.897, 4.974, 4.239, 4.765, 5.637, 6.147, 6.827, 7.88, 8.964, 8.256, 6.62, 5.822, 5.402, 4.638, 3.65, 2.969, 3.183, 3.159, 3.016, 3.714, 3.515, 2.647, 3.101, 2.992, 2.349, 2.68, 4.025, 5.889, 6.739, 6.019, 5.683, 5.846, 6.851, 8.342, 9.057, 9.153, 8.835, 7.977, 7.687, 8.041, 8.879, 10.011, 11.476, 12.41, 13.269, 12.995, 12.825, 12.694, 11.728, 10.421, 10.923], [2.109, 2.222, 2.825, 3.183, 2.754, 2.71, 2.912, 2.048, 1.956, 2.095, 2.691, 3.878, 4.483, 3.34, 2.584, 2.01, 0.0, 1.638, 1.462, 4.066, 6.497, 4.367, 2.43, 2.547, 2.049, 2.835, 4.178, 4.748, 3.914, 3.689, 3.674, 4.02, 4.819, 5.493, 5.463, 4.76, 4.847, 5.073, 4.287, 3.798, 4.345, 6.243, 9.475, 11.88, 13.329, 13.927, 14.519, 15.813, 16.725, 17.07, 16.885, 16.603, 16.8, 17.079, 16.616, 14.956, 14.051, 14.589, 15.747, 15.93, 15.228, 15.036, 15.596, 16.161, 15.658, 14.278, 13.497, 13.077, 12.479, 11.191, 10.114, 9.78, 10.498, 11.987, 13.417, 12.109, 8.305, 5.226, 4.447, 4.522, 3.986, 2.975, 2.634, 2.954, 3.014, 2.953, 3.513, 3.775, 3.62, 3.218, 2.999, 2.972, 2.771, 2.601, 2.937, 3.166, 3.186, 3.139, 3.179, 3.123, 3.656, 4.611, 5.034, 5.452, 5.724, 5.804, 5.707, 5.017, 4.298, 3.923, 4.376, 4.938, 5.223, 5.719, 6.609, 7.403, 6.968, 5.722, 5.137, 4.946, 4.775, 4.329, 3.592, 4.21, 4.31, 4.176, 4.521, 4.469, 4.398, 4.91, 4.798, 3.937, 4.342, 5.704, 7.682, 8.531, 7.754, 7.311, 7.457, 8.614, 9.968, 10.709, 10.823, 10.256, 9.034, 8.344, 8.894, 9.759, 10.879, 12.3, 13.606, 14.556, 14.428, 14.176, 14.039, 13.17, 11.735, 12.392], [3.004, 2.994, 3.579, 3.92, 3.615, 3.541, 3.583, 2.89, 2.824, 2.387, 2.343, 3.146, 3.576, 3.106, 3.304, 2.831, 1.638, 0.0, 1.541, 4.706, 7.118, 4.982, 2.18, 1.682, 1.329, 2.087, 3.188, 3.703, 2.871, 2.658, 2.719, 3.116, 3.811, 4.55, 4.572, 3.741, 3.884, 3.987, 3.269, 2.976, 3.377, 5.395, 8.486, 10.973, 12.603, 13.254, 13.774, 15.035, 16.05, 16.421, 16.185, 15.935, 16.135, 16.434, 15.883, 14.283, 13.313, 13.831, 14.935, 15.071, 14.371, 14.178, 14.704, 15.248, 14.815, 13.516, 12.621, 12.203, 11.662, 10.477, 9.46, 8.928, 9.67, 11.132, 12.537, 11.394, 7.661, 4.619, 3.793, 4.018, 3.565, 3.17, 3.49, 3.202, 3.324, 3.78, 4.177, 4.367, 4.424, 4.195, 4.067, 4.103, 3.77, 3.444, 3.725, 4.105, 4.141, 4.2, 4.253, 3.946, 4.443, 5.134, 5.543, 5.834, 6.0, 6.502, 6.44, 5.827, 5.299, 5.148, 5.652, 5.866, 5.912, 6.127, 6.862, 7.465, 7.044, 6.319, 5.91, 5.988, 5.889, 5.384, 4.583, 5.016, 5.231, 5.164, 5.611, 5.517, 5.222, 5.737, 5.628, 4.81, 5.06, 6.32, 8.307, 9.131, 8.377, 8.05, 8.217, 9.203, 10.597, 11.334, 11.457, 10.859, 9.702, 9.28, 9.642, 10.544, 11.754, 13.251, 14.249, 15.221, 15.073, 14.875, 14.673, 13.82, 12.362, 12.993], [2.585, 2.685, 2.962, 3.428, 3.164, 3.264, 3.338, 2.449, 2.377, 2.218, 2.46, 4.103, 4.713, 3.568, 2.848, 2.244, 1.462, 1.541, 0.0, 3.433, 5.849, 3.761, 1.753, 1.713, 1.636, 2.645, 3.669, 3.973, 3.339, 3.278, 3.395, 3.669, 4.178, 4.638, 4.65, 4.247, 4.586, 4.494, 3.774, 3.557, 4.344, 6.537, 9.678, 12.216, 13.833, 14.5, 15.034, 16.271, 17.305, 17.686, 17.431, 17.221, 17.41, 17.715, 17.151, 15.536, 14.559, 15.092, 16.172, 16.292, 15.595, 15.405, 15.936, 16.467, 16.057, 14.75, 13.839, 13.43, 12.961, 11.746, 10.751, 10.163, 10.901, 12.373, 13.76, 12.646, 8.916, 5.887, 4.93, 5.051, 4.534, 3.543, 3.51, 3.74, 3.818, 3.892, 4.199, 4.512, 4.437, 4.211, 3.987, 3.791, 3.394, 3.354, 3.665, 4.07, 4.131, 4.221, 4.265, 3.986, 4.505, 5.281, 5.724, 6.166, 6.414, 6.614, 6.474, 5.927, 5.323, 5.142, 5.66, 6.031, 6.119, 6.469, 7.212, 7.958, 7.57, 6.463, 5.939, 5.992, 5.873, 5.302, 4.491, 4.615, 4.64, 4.796, 5.314, 5.187, 4.477, 4.908, 4.788, 3.942, 3.938, 5.08, 7.041, 7.87, 7.186, 6.803, 7.078, 8.075, 9.399, 10.075, 10.191, 9.619, 8.691, 8.335, 8.725, 9.522, 10.673, 12.138, 13.12, 14.017, 13.839, 13.66, 13.44, 12.564, 11.201, 11.766], [3.8, 3.416, 2.716, 2.866, 3.485, 4.102, 4.262, 3.683, 3.417, 4.058, 4.91, 6.99, 7.854, 6.415, 4.093, 2.51, 4.066, 4.706, 3.433, 0.0, 2.555, 1.667, 3.445, 3.94, 4.562, 5.632, 6.035, 5.887, 5.764, 6.028, 6.333, 6.627, 6.118, 5.666, 5.654, 6.702, 7.038, 6.939, 6.505, 6.748, 7.605, 9.655, 12.686, 15.319, 16.904, 17.692, 18.244, 19.48, 20.583, 20.948, 20.757, 20.47, 20.646, 20.94, 20.447, 18.814, 17.732, 18.268, 19.245, 19.313, 18.58, 18.439, 18.977, 19.521, 19.203, 17.993, 16.908, 16.588, 16.193, 15.126, 14.058, 13.348, 13.99, 15.476, 16.882, 15.79, 12.19, 9.259, 8.313, 8.444, 7.906, 6.516, 6.028, 6.679, 6.885, 6.35, 5.941, 6.478, 6.716, 5.722, 4.281, 3.631, 3.453, 4.049, 4.838, 5.158, 5.095, 5.461, 5.799, 6.272, 7.184, 8.044, 8.598, 9.242, 9.352, 8.88, 8.381, 7.857, 6.752, 5.901, 6.468, 7.336, 8.327, 9.046, 10.203, 11.161, 10.526, 8.894, 8.039, 7.555, 6.317, 5.049, 4.31, 4.115, 4.043, 4.36, 4.946, 4.813, 3.516, 3.362, 3.208, 2.89, 2.543, 2.278, 3.698, 4.551, 4.283, 4.698, 5.46, 5.849, 6.793, 7.181, 7.367, 7.116, 6.727, 6.786, 6.952, 7.226, 8.375, 9.564, 10.324, 11.163, 10.868, 10.673, 10.431, 9.573, 8.593, 8.77], [6.065, 5.619, 4.877, 4.897, 5.608, 6.314, 6.435, 5.958, 5.745, 6.439, 7.237, 9.223, 10.115, 8.613, 6.242, 4.768, 6.497, 7.118, 5.849, 2.555, 0.0, 2.497, 5.572, 6.298, 6.979, 7.957, 8.341, 8.204, 8.109, 8.422, 8.747, 9.033, 8.401, 7.355, 7.305, 8.912, 9.154, 9.053, 8.791, 9.105, 9.961, 11.916, 14.925, 17.637, 19.14, 19.954, 20.507, 21.73, 22.896, 23.302, 23.111, 22.81, 22.958, 23.265, 22.743, 21.166, 20.036, 20.49, 21.468, 21.512, 20.767, 20.595, 21.146, 21.707, 21.446, 20.262, 19.211, 18.842, 18.547, 17.506, 16.437, 15.674, 16.188, 17.668, 19.066, 17.989, 14.562, 11.696, 10.733, 10.861, 10.309, 8.898, 8.338, 9.002, 9.248, 8.758, 8.316, 8.747, 9.095, 8.043, 6.447, 5.574, 5.427, 6.208, 7.101, 7.545, 7.363, 7.701, 8.053, 8.67, 9.581, 10.461, 10.986, 11.677, 11.791, 11.348, 10.839, 10.266, 9.14, 8.156, 8.471, 9.572, 10.689, 11.381, 12.493, 13.573, 12.908, 11.252, 10.408, 9.893, 8.605, 6.822, 5.723, 5.595, 5.409, 5.588, 5.932, 5.574, 4.411, 3.892, 3.783, 3.779, 3.162, 2.143, 2.211, 2.928, 3.443, 4.389, 5.212, 5.508, 6.148, 6.123, 6.446, 6.161, 6.408, 6.6, 6.659, 6.573, 7.298, 7.941, 8.538, 9.377, 9.243, 8.752, 8.538, 7.759, 6.93, 7.077], [4.386, 4.151, 3.776, 3.999, 4.584, 5.115, 5.151, 4.354, 3.865, 4.5, 5.29, 7.169, 8.025, 6.664, 4.681, 3.199, 4.367, 4.982, 3.761, 1.667, 2.497, 0.0, 3.404, 4.074, 4.74, 5.841, 6.249, 6.1, 5.968, 6.206, 6.511, 6.799, 6.168, 5.354, 5.282, 6.875, 7.117, 7.193, 6.709, 6.883, 7.765, 9.886, 12.883, 15.397, 17.016, 17.819, 18.395, 19.68, 20.763, 21.117, 20.941, 20.619, 20.776, 21.082, 20.65, 19.014, 17.945, 18.433, 19.415, 19.494, 18.8, 18.622, 19.145, 19.688, 19.36, 18.202, 17.119, 16.804, 16.376, 15.287, 14.243, 13.525, 14.149, 15.671, 17.051, 15.956, 12.373, 9.485, 8.541, 8.673, 8.119, 6.983, 6.517, 7.024, 7.14, 6.703, 6.651, 7.035, 7.145, 6.336, 5.238, 4.581, 4.477, 4.897, 5.467, 5.696, 5.738, 6.1, 6.289, 6.613, 7.444, 8.367, 8.992, 9.612, 9.815, 9.592, 9.253, 8.729, 7.461, 6.566, 7.033, 7.844, 8.683, 9.411, 10.504, 11.454, 10.89, 9.47, 8.726, 8.333, 7.495, 6.245, 5.384, 5.061, 5.059, 5.312, 5.875, 5.729, 4.423, 3.987, 3.812, 3.692, 3.324, 2.839, 3.961, 4.833, 5.007, 5.459, 6.254, 6.68, 7.494, 7.675, 7.894, 7.607, 7.462, 7.489, 7.66, 7.857, 8.791, 9.809, 10.413, 11.273, 11.11, 10.524, 10.257, 9.581, 8.886, 8.996], [3.465, 3.564, 3.561, 3.705, 3.901, 4.083, 4.123, 3.236, 2.979, 2.468, 2.972, 4.275, 4.962, 4.077, 3.698, 3.229, 2.43, 2.18, 1.753, 3.445, 5.572, 3.404, 0.0, 1.212, 1.661, 2.888, 3.105, 3.154, 3.0, 3.125, 3.331, 3.57, 3.182, 3.247, 3.38, 3.897, 4.133, 4.351, 3.868, 4.095, 4.581, 6.816, 9.884, 12.396, 13.956, 14.677, 15.221, 16.496, 17.548, 17.919, 17.717, 17.442, 17.591, 17.891, 17.377, 15.782, 14.796, 15.328, 16.424, 16.55, 15.854, 15.665, 16.172, 16.709, 16.293, 14.973, 14.09, 13.699, 13.148, 12.008, 10.921, 10.416, 11.154, 12.633, 14.021, 12.881, 9.17, 6.246, 5.478, 5.689, 5.119, 4.475, 4.44, 4.518, 4.38, 4.712, 5.114, 5.307, 5.315, 5.114, 5.017, 4.957, 4.441, 4.347, 4.516, 4.969, 5.005, 5.088, 5.162, 4.833, 5.413, 6.268, 6.674, 7.129, 7.482, 7.665, 7.519, 6.858, 6.255, 6.02, 6.393, 6.592, 6.645, 7.026, 7.98, 8.756, 8.404, 7.421, 6.898, 6.933, 6.84, 6.33, 5.524, 5.468, 5.394, 5.801, 6.602, 6.498, 5.347, 5.21, 5.035, 4.543, 4.544, 5.098, 6.799, 7.717, 7.592, 7.694, 8.171, 8.824, 9.871, 10.155, 10.417, 10.015, 9.395, 9.298, 9.462, 9.959, 11.113, 12.188, 12.923, 13.81, 13.676, 13.311, 13.187, 12.35, 11.337, 11.604], [3.532, 3.595, 3.562, 3.817, 3.945, 4.156, 4.055, 3.221, 3.062, 2.509, 2.595, 3.634, 4.253, 3.713, 3.66, 3.24, 2.547, 1.682, 1.713, 3.94, 6.298, 4.074, 1.212, 0.0, 1.528, 2.287, 2.6, 2.739, 2.412, 2.38, 2.585, 2.864, 2.952, 3.345, 3.396, 3.138, 3.48, 3.518, 3.066, 3.397, 3.876, 6.065, 9.07, 11.622, 13.24, 13.889, 14.45, 15.728, 16.779, 17.139, 16.963, 16.64, 16.827, 17.135, 16.662, 15.005, 14.021, 14.543, 15.625, 15.731, 15.036, 14.843, 15.363, 15.906, 15.502, 14.231, 13.314, 12.949, 12.438, 11.272, 10.199, 9.605, 10.359, 11.825, 13.208, 12.092, 8.45, 5.584, 5.045, 5.258, 4.752, 4.329, 4.546, 4.381, 4.306, 4.699, 5.113, 5.197, 5.278, 5.147, 5.087, 4.999, 4.483, 4.446, 4.582, 5.071, 5.104, 5.182, 5.259, 4.815, 5.369, 6.185, 6.662, 6.974, 7.223, 7.63, 7.545, 6.879, 6.331, 6.171, 6.54, 6.661, 6.654, 6.915, 7.907, 8.596, 8.193, 7.345, 6.884, 6.994, 6.932, 6.426, 5.672, 5.586, 5.511, 5.939, 6.661, 6.534, 5.347, 5.46, 5.28, 4.644, 4.658, 5.655, 7.56, 8.419, 7.863, 7.898, 8.236, 9.034, 10.146, 10.675, 10.855, 10.479, 9.734, 9.619, 9.803, 10.437, 11.593, 12.963, 13.797, 14.661, 14.417, 14.154, 13.963, 13.147, 12.028, 12.343], [3.187, 3.258, 3.776, 4.157, 3.991, 3.915, 3.936, 3.194, 3.234, 2.685, 2.682, 3.504, 3.931, 3.31, 3.467, 3.174, 2.049, 1.329, 1.636, 4.562, 6.979, 4.74, 1.661, 1.528, 0.0, 1.645, 2.729, 3.111, 2.616, 2.514, 2.404, 2.664, 3.22, 3.957, 4.074, 3.57, 3.719, 3.816, 3.236, 3.016, 3.56, 5.594, 8.813, 11.298, 12.854, 13.504, 14.025, 15.302, 16.292, 16.611, 16.349, 16.131, 16.378, 16.67, 16.133, 14.52, 13.548, 14.096, 15.217, 15.4, 14.698, 14.508, 15.047, 15.587, 15.12, 13.777, 12.959, 12.532, 11.943, 10.627, 9.673, 9.229, 9.963, 11.46, 12.878, 11.621, 7.938, 4.899, 4.186, 4.422, 3.98, 3.597, 3.851, 3.654, 3.649, 4.11, 4.561, 4.635, 4.69, 4.533, 4.534, 4.627, 4.116, 3.731, 3.968, 4.432, 4.557, 4.528, 4.595, 4.235, 4.8, 5.564, 6.04, 6.22, 6.423, 6.866, 6.768, 6.229, 5.507, 5.307, 5.851, 6.015, 6.042, 6.34, 7.304, 7.903, 7.579, 6.754, 6.302, 6.365, 6.272, 5.865, 5.063, 5.292, 5.364, 5.495, 6.241, 6.134, 5.667, 5.973, 5.898, 5.062, 5.29, 6.218, 8.193, 9.04, 8.257, 7.848, 8.117, 9.082, 10.486, 11.216, 11.339, 10.705, 9.436, 8.929, 9.42, 10.284, 11.444, 12.928, 14.085, 15.089, 14.918, 14.735, 14.502, 13.655, 12.21, 12.87], [3.571, 3.69, 4.372, 4.658, 4.3, 4.243, 4.14, 3.55, 3.882, 3.475, 2.938, 3.072, 3.216, 3.153, 3.74, 3.784, 2.835, 2.087, 2.645, 5.632, 7.957, 5.841, 2.888, 2.287, 1.645, 0.0, 2.026, 2.4, 1.918, 1.954, 1.789, 2.446, 2.947, 3.712, 3.737, 2.942, 2.858, 3.101, 2.669, 2.612, 2.905, 4.308, 7.462, 10.111, 11.571, 12.285, 12.794, 13.989, 15.166, 15.532, 15.338, 15.027, 15.18, 15.473, 14.961, 13.388, 12.248, 12.716, 13.769, 13.929, 13.224, 13.031, 13.607, 14.173, 13.715, 12.538, 11.555, 11.113, 10.728, 9.596, 8.571, 7.972, 8.521, 9.988, 11.416, 10.194, 6.68, 4.361, 4.238, 4.386, 4.094, 3.878, 4.071, 3.724, 3.845, 4.399, 4.656, 4.704, 4.908, 4.692, 4.668, 5.029, 4.528, 4.12, 4.612, 4.834, 4.542, 4.542, 4.615, 4.501, 5.082, 5.935, 6.29, 6.651, 6.822, 7.329, 7.272, 6.551, 6.011, 5.733, 6.047, 6.289, 6.247, 6.436, 7.388, 8.167, 7.638, 6.879, 6.437, 6.544, 6.378, 5.809, 5.634, 5.98, 6.015, 6.044, 6.513, 6.333, 6.322, 6.674, 6.555, 5.721, 6.096, 7.24, 9.167, 9.998, 9.239, 8.729, 8.878, 9.997, 11.491, 12.223, 12.348, 11.887, 10.815, 10.103, 10.655, 11.582, 12.846, 14.251, 15.431, 16.342, 16.094, 15.943, 15.817, 14.823, 13.42, 14.073], [4.88, 4.809, 5.014, 5.186, 5.297, 5.293, 5.345, 4.677, 4.488, 3.627, 3.159, 3.944, 4.129, 4.193, 4.916, 4.821, 4.178, 3.188, 3.669, 6.035, 8.341, 6.249, 3.105, 2.6, 2.729, 2.026, 0.0, 1.001, 1.279, 1.36, 1.121, 1.444, 1.632, 2.72, 2.907, 2.01, 2.052, 2.343, 1.974, 2.644, 2.606, 3.918, 6.998, 9.627, 11.11, 11.883, 12.433, 13.651, 14.754, 15.137, 14.952, 14.664, 14.854, 15.141, 14.586, 12.978, 11.882, 12.383, 13.458, 13.608, 12.908, 12.717, 13.248, 13.79, 13.355, 12.13, 11.204, 10.774, 10.376, 9.222, 8.158, 7.561, 8.193, 9.67, 11.073, 9.85, 6.468, 5.477, 5.402, 5.384, 5.239, 5.342, 5.552, 5.305, 5.406, 5.858, 6.052, 6.09, 6.296, 6.102, 6.163, 6.187, 5.662, 5.466, 5.818, 6.28, 6.102, 6.101, 6.175, 5.932, 6.406, 7.202, 7.593, 7.949, 8.074, 8.609, 8.61, 7.928, 7.452, 7.266, 7.579, 7.735, 7.583, 7.75, 8.581, 9.273, 8.826, 8.201, 7.802, 7.954, 7.919, 7.423, 6.741, 6.714, 6.689, 7.02, 8.029, 8.009, 7.127, 7.091, 6.879, 6.247, 6.568, 7.634, 9.551, 10.405, 9.918, 9.843, 10.109, 10.986, 12.129, 12.621, 12.784, 12.342, 11.604, 11.441, 11.615, 12.299, 13.467, 14.736, 15.732, 16.659, 16.448, 16.308, 16.148, 15.158, 13.812, 14.436], [5.195, 5.125, 5.246, 5.263, 5.387, 5.512, 5.39, 4.831, 4.847, 4.125, 3.463, 4.044, 4.444, 4.392, 4.974, 5.122, 4.748, 3.703, 3.973, 5.887, 8.204, 6.1, 3.154, 2.739, 3.111, 2.4, 1.001, 0.0, 1.154, 1.527, 1.449, 1.707, 1.563, 2.266, 2.432, 1.896, 2.054, 2.088, 1.979, 2.744, 2.599, 3.986, 6.944, 9.646, 11.169, 11.952, 12.503, 13.704, 14.82, 15.222, 15.026, 14.736, 14.918, 15.216, 14.672, 13.049, 11.954, 12.477, 13.498, 13.563, 12.843, 12.705, 13.244, 13.792, 13.423, 12.191, 11.162, 10.796, 10.437, 9.331, 8.266, 7.614, 8.235, 9.718, 11.095, 9.985, 6.697, 5.936, 5.823, 5.876, 5.687, 5.787, 6.006, 5.759, 5.83, 6.25, 6.437, 6.499, 6.705, 6.564, 6.656, 6.737, 6.056, 5.936, 6.106, 6.578, 6.415, 6.552, 6.633, 6.33, 6.816, 7.593, 7.988, 8.345, 8.491, 9.014, 9.01, 8.323, 7.913, 7.755, 8.107, 8.139, 7.995, 8.18, 9.009, 9.758, 9.302, 8.614, 8.216, 8.351, 8.33, 7.81, 7.303, 7.233, 7.177, 7.561, 8.507, 8.541, 7.361, 7.157, 7.0, 6.611, 6.786, 7.602, 9.419, 10.276, 9.829, 9.838, 10.146, 10.981, 12.169, 12.682, 12.822, 12.539, 11.922, 11.823, 11.977, 12.662, 13.812, 15.064, 15.881, 16.725, 16.464, 16.293, 16.097, 15.19, 14.06, 14.365], [4.45, 4.303, 4.556, 4.649, 4.652, 4.703, 4.726, 4.08, 4.171, 3.645, 3.125, 3.747, 4.084, 3.943, 4.37, 4.412, 3.914, 2.871, 3.339, 5.764, 8.109, 5.968, 3.0, 2.412, 2.616, 1.918, 1.279, 1.154, 0.0, 0.97, 1.184, 1.805, 1.964, 2.628, 2.649, 1.658, 2.05, 2.027, 1.683, 2.115, 2.166, 3.964, 7.059, 9.754, 11.286, 12.069, 12.623, 13.816, 14.897, 15.315, 15.104, 14.83, 15.027, 15.32, 14.758, 13.121, 12.074, 12.584, 13.596, 13.663, 12.951, 12.803, 13.351, 13.9, 13.543, 12.304, 11.278, 10.889, 10.531, 9.42, 8.4, 7.721, 8.334, 9.809, 11.214, 10.117, 6.671, 5.373, 5.304, 5.467, 5.159, 4.925, 5.177, 4.854, 4.973, 5.497, 5.728, 5.833, 6.01, 5.834, 5.821, 5.891, 5.213, 5.062, 5.402, 5.789, 5.595, 5.717, 5.798, 5.604, 6.177, 6.954, 7.344, 7.674, 7.848, 8.355, 8.289, 7.638, 7.077, 6.861, 7.243, 7.404, 7.364, 7.57, 8.444, 9.201, 8.778, 8.01, 7.569, 7.671, 7.55, 6.948, 6.463, 6.516, 6.344, 6.713, 7.642, 7.712, 6.669, 6.61, 6.504, 6.015, 6.286, 7.483, 9.309, 10.183, 9.626, 9.46, 9.821, 10.63, 11.946, 12.568, 12.671, 12.254, 11.498, 11.279, 11.61, 12.36, 13.496, 14.817, 15.687, 16.572, 16.347, 16.228, 15.99, 15.074, 13.811, 14.278], [4.213, 4.13, 4.486, 4.713, 4.607, 4.593, 4.614, 3.98, 4.011, 3.266, 2.648, 3.469, 3.724, 3.526, 4.348, 4.409, 3.689, 2.658, 3.278, 6.028, 8.422, 6.206, 3.125, 2.38, 2.514, 1.954, 1.36, 1.527, 0.97, 0.0, 1.128, 1.888, 2.289, 3.048, 3.209, 1.672, 2.024, 2.155, 1.796, 2.197, 1.911, 3.828, 6.89, 9.492, 11.123, 11.835, 12.366, 13.599, 14.659, 15.028, 14.806, 14.544, 14.718, 15.02, 14.485, 12.877, 11.87, 12.375, 13.429, 13.495, 12.795, 12.616, 13.192, 13.741, 13.35, 12.107, 11.066, 10.678, 10.216, 9.12, 8.088, 7.482, 8.166, 9.627, 11.024, 9.93, 6.357, 4.805, 4.773, 4.911, 4.636, 4.583, 4.854, 4.592, 4.647, 5.085, 5.309, 5.47, 5.638, 5.507, 5.512, 5.558, 4.825, 4.719, 5.096, 5.414, 5.37, 5.505, 5.581, 5.22, 5.689, 6.416, 6.809, 7.134, 7.297, 7.804, 7.81, 7.162, 6.683, 6.497, 6.888, 7.011, 6.899, 7.065, 7.969, 8.603, 8.19, 7.56, 7.19, 7.325, 7.281, 6.71, 6.088, 6.015, 6.013, 6.422, 7.389, 7.566, 6.766, 6.66, 6.512, 5.929, 6.35, 7.682, 9.63, 10.476, 9.899, 9.675, 9.93, 10.844, 12.096, 12.799, 12.884, 12.335, 11.482, 11.226, 11.496, 12.21, 13.405, 14.814, 15.848, 16.737, 16.516, 16.387, 16.147, 15.295, 13.87, 14.406], [4.655, 4.608, 4.992, 5.342, 5.348, 5.262, 5.313, 4.578, 4.564, 3.791, 3.266, 4.033, 4.152, 4.141, 4.841, 4.683, 3.674, 2.719, 3.395, 6.333, 8.747, 6.511, 3.331, 2.585, 2.404, 1.789, 1.121, 1.449, 1.184, 1.128, 0.0, 1.132, 1.776, 2.825, 3.088, 1.985, 1.898, 2.175, 1.673, 1.943, 2.099, 3.7, 6.843, 9.349, 10.922, 11.591, 12.123, 13.366, 14.406, 14.754, 14.568, 14.274, 14.49, 14.788, 14.258, 12.636, 11.635, 12.143, 13.243, 13.421, 12.708, 12.512, 13.091, 13.652, 13.157, 11.875, 10.988, 10.555, 9.995, 8.822, 7.86, 7.301, 8.0, 9.466, 10.909, 9.648, 6.195, 5.121, 5.0, 5.076, 4.856, 4.939, 5.208, 4.943, 5.008, 5.435, 5.726, 5.836, 5.978, 5.869, 5.887, 5.999, 5.406, 5.15, 5.548, 5.914, 5.905, 5.868, 5.942, 5.54, 6.053, 6.843, 7.241, 7.541, 7.672, 8.196, 8.16, 7.522, 7.011, 6.801, 7.202, 7.38, 7.272, 7.464, 8.409, 8.978, 8.588, 7.96, 7.558, 7.676, 7.631, 7.179, 6.417, 6.509, 6.48, 6.843, 7.66, 7.655, 7.141, 7.304, 7.166, 6.303, 6.675, 7.989, 9.952, 10.797, 10.039, 9.838, 10.117, 10.969, 12.263, 13.009, 13.106, 12.53, 11.356, 11.009, 11.3, 12.141, 13.374, 14.788, 15.967, 16.906, 16.723, 16.58, 16.366, 15.449, 14.039, 14.707], [5.351, 5.338, 5.682, 6.048, 6.02, 5.962, 5.937, 5.25, 5.122, 4.428, 3.965, 4.581, 4.719, 4.801, 5.524, 5.167, 4.02, 3.116, 3.669, 6.627, 9.033, 6.799, 3.57, 2.864, 2.664, 2.446, 1.444, 1.707, 1.805, 1.888, 1.132, 0.0, 1.324, 2.679, 3.028, 2.407, 2.295, 2.29, 1.86, 2.184, 2.486, 3.726, 6.711, 9.188, 10.732, 11.34, 11.924, 13.218, 14.187, 14.461, 14.294, 13.966, 14.197, 14.512, 14.067, 12.409, 11.454, 12.009, 13.143, 13.319, 12.624, 12.433, 12.958, 13.509, 13.041, 11.68, 10.889, 10.499, 9.89, 8.615, 7.497, 7.149, 7.88, 9.383, 10.79, 9.57, 6.275, 5.623, 5.649, 5.586, 5.405, 5.701, 5.923, 5.667, 5.673, 6.026, 6.497, 6.587, 6.634, 6.611, 6.682, 6.683, 6.176, 5.979, 6.081, 6.626, 6.709, 6.68, 6.736, 6.28, 6.689, 7.403, 7.899, 8.077, 8.169, 8.7, 8.757, 8.071, 7.607, 7.51, 7.92, 8.011, 7.888, 8.056, 9.061, 9.58, 9.227, 8.626, 8.25, 8.352, 8.398, 8.018, 7.159, 7.333, 7.234, 7.567, 8.308, 8.202, 7.569, 7.835, 7.754, 6.902, 7.143, 8.291, 10.252, 11.101, 10.358, 10.068, 10.439, 11.227, 12.549, 13.287, 13.435, 12.881, 11.681, 11.22, 11.61, 12.391, 13.546, 15.021, 16.178, 17.161, 17.001, 16.75, 16.588, 15.731, 14.391, 15.0], [5.818, 5.91, 5.89, 6.043, 6.238, 6.372, 6.454, 5.591, 5.387, 4.642, 4.425, 5.19, 5.478, 5.595, 6.064, 5.65, 4.819, 3.811, 4.178, 6.118, 8.401, 6.168, 3.182, 2.952, 3.22, 2.947, 1.632, 1.563, 1.964, 2.289, 1.776, 1.324, 0.0, 1.652, 2.131, 2.363, 2.345, 2.569, 2.091, 2.531, 2.906, 4.194, 7.187, 9.627, 11.223, 11.88, 12.454, 13.767, 14.771, 15.086, 14.927, 14.578, 14.766, 15.086, 14.658, 12.996, 12.038, 12.573, 13.682, 13.833, 13.137, 12.946, 13.45, 13.993, 13.553, 12.242, 11.411, 11.033, 10.44, 9.215, 8.095, 7.657, 8.423, 9.898, 11.289, 10.143, 7.17, 6.578, 6.516, 6.533, 6.297, 6.386, 6.628, 6.341, 6.357, 6.81, 7.338, 7.386, 7.424, 7.318, 7.28, 7.159, 6.692, 6.605, 6.727, 7.267, 7.323, 7.325, 7.401, 7.008, 7.546, 8.299, 8.747, 8.97, 9.133, 9.651, 9.648, 8.948, 8.377, 8.218, 8.609, 8.708, 8.758, 8.946, 9.935, 10.473, 10.084, 9.501, 9.086, 9.169, 9.071, 8.604, 7.793, 7.728, 7.667, 8.116, 9.042, 8.942, 7.9, 7.82, 7.64, 7.071, 7.243, 7.851, 9.632, 10.538, 10.194, 10.236, 10.807, 11.386, 12.444, 12.837, 13.069, 12.583, 11.838, 11.644, 11.804, 12.394, 13.528, 14.815, 15.665, 16.633, 16.477, 16.112, 15.996, 15.17, 14.058, 14.49], [6.229, 6.183, 6.065, 6.267, 6.437, 6.698, 6.699, 5.796, 5.689, 5.284, 5.275, 5.969, 6.405, 6.344, 6.31, 5.877, 5.493, 4.55, 4.638, 5.666, 7.355, 5.354, 3.247, 3.345, 3.957, 3.712, 2.72, 2.266, 2.628, 3.048, 2.825, 2.679, 1.652, 0.0, 1.244, 2.576, 2.828, 2.913, 2.449, 2.985, 3.437, 5.072, 8.029, 10.57, 12.098, 12.901, 13.478, 14.728, 15.902, 16.262, 16.073, 15.767, 15.851, 16.15, 15.741, 14.141, 13.067, 13.502, 14.533, 14.622, 13.96, 13.735, 14.261, 14.797, 14.432, 13.288, 12.239, 11.904, 11.474, 10.484, 9.341, 8.716, 9.329, 10.773, 12.189, 11.174, 8.398, 7.795, 7.7, 7.849, 7.574, 7.175, 7.285, 6.995, 7.077, 7.605, 7.931, 8.061, 8.157, 7.936, 7.768, 7.697, 7.172, 7.196, 7.535, 7.934, 7.759, 7.838, 7.936, 7.717, 8.328, 9.146, 9.606, 9.953, 10.187, 10.624, 10.497, 9.809, 9.276, 9.004, 9.325, 9.521, 9.519, 9.806, 10.837, 11.603, 11.072, 10.181, 9.77, 9.808, 9.649, 9.105, 8.446, 8.33, 8.209, 8.593, 9.396, 9.257, 8.031, 7.705, 7.568, 7.265, 7.324, 7.282, 8.656, 9.635, 9.717, 10.155, 10.744, 11.314, 12.087, 12.286, 12.544, 12.296, 12.12, 12.149, 12.327, 12.516, 13.569, 14.413, 14.947, 15.787, 15.67, 15.147, 15.032, 14.167, 13.4, 13.558], [6.259, 5.96, 5.765, 6.02, 6.199, 6.614, 6.568, 5.75, 5.606, 5.444, 5.406, 5.963, 6.41, 6.17, 6.132, 5.706, 5.463, 4.572, 4.65, 5.654, 7.305, 5.282, 3.38, 3.396, 4.074, 3.737, 2.907, 2.432, 2.649, 3.209, 3.088, 3.028, 2.131, 1.244, 0.0, 2.226, 2.638, 2.571, 2.329, 2.833, 3.426, 5.13, 8.094, 10.711, 12.185, 13.025, 13.591, 14.784, 16.043, 16.434, 16.249, 15.954, 16.061, 16.356, 15.869, 14.307, 13.228, 13.549, 14.544, 14.618, 13.909, 13.733, 14.262, 14.796, 14.492, 13.411, 12.312, 11.961, 11.743, 10.842, 9.711, 8.963, 9.349, 10.78, 12.263, 11.312, 8.754, 7.967, 7.911, 8.073, 7.769, 7.321, 7.367, 7.039, 7.227, 7.804, 8.087, 8.149, 8.362, 8.028, 7.794, 7.724, 7.228, 7.316, 7.721, 8.068, 7.731, 7.792, 7.925, 7.923, 8.551, 9.355, 9.795, 10.149, 10.372, 10.817, 10.71, 10.01, 9.477, 9.116, 9.38, 9.701, 9.695, 9.903, 10.901, 11.773, 11.236, 10.257, 9.878, 9.852, 9.635, 9.082, 8.469, 8.384, 8.251, 8.507, 9.272, 9.036, 7.773, 7.06, 7.002, 6.967, 7.076, 7.166, 8.514, 9.456, 9.612, 9.909, 10.403, 11.052, 12.168, 12.299, 12.554, 12.51, 12.136, 12.145, 12.322, 12.684, 13.804, 14.849, 15.459, 16.301, 16.136, 15.554, 15.308, 14.65, 13.836, 13.97], [5.004, 4.868, 5.004, 5.165, 5.196, 5.235, 5.216, 4.69, 4.589, 3.963, 3.622, 4.326, 4.559, 4.446, 4.967, 5.154, 4.76, 3.741, 4.247, 6.702, 8.912, 6.875, 3.897, 3.138, 3.57, 2.942, 2.01, 1.896, 1.658, 1.672, 1.985, 2.407, 2.363, 2.576, 2.226, 0.0, 1.194, 1.397, 1.228