[[0.0, 1.885, 4.49, 4.595, 4.711, 5.935, 6.359, 8.117, 8.561, 9.1, 8.656, 8.524, 9.852, 9.481, 9.37, 10.008, 9.076, 11.481, 17.05, 19.027, 20.261, 23.317, 24.329, 23.291, 22.751, 24.825, 23.757, 21.812, 20.814, 18.282, 18.705, 16.55, 16.134, 17.335, 16.028, 17.416, 19.068, 17.954, 15.785, 13.778, 11.281, 9.704, 8.58, 9.133, 11.011, 10.658, 8.615, 10.356, 12.048, 11.351, 12.382, 12.512], [1.885, 0.0, 3.379, 3.56, 3.424, 4.457, 4.97, 6.736, 7.179, 7.649, 7.289, 7.219, 8.562, 8.264, 8.05, 8.967, 8.089, 10.417, 15.949, 17.926, 19.154, 22.215, 23.217, 22.186, 21.717, 23.745, 22.693, 20.733, 19.71, 17.179, 17.682, 15.703, 15.199, 16.229, 14.927, 16.305, 17.967, 16.853, 14.676, 12.675, 10.16, 8.488, 7.25, 7.969, 9.874, 9.538, 7.396, 9.114, 10.979, 10.101, 11.203, 11.282], [4.49, 3.379, 0.0, 1.763, 2.648, 2.786, 3.087, 4.937, 5.372, 5.757, 5.272, 5.204, 6.367, 6.211, 6.111, 6.635, 6.123, 8.148, 13.627, 15.603, 16.83, 19.888, 20.896, 19.862, 19.341, 21.463, 20.327, 18.384, 17.391, 14.859, 15.281, 13.205, 12.763, 13.906, 12.604, 13.993, 15.645, 14.531, 12.349, 10.319, 8.233, 6.546, 5.341, 5.847, 7.588, 7.295, 5.662, 7.123, 8.93, 8.18, 9.398, 9.511], [4.595, 3.56, 1.763, 0.0, 1.932, 2.579, 2.924, 4.133, 4.563, 5.0, 4.466, 4.886, 5.774, 6.104, 5.905, 6.119, 5.706, 7.314, 12.686, 14.656, 15.937, 18.951, 20.013, 19.025, 18.781, 20.545, 19.502, 17.521, 16.437, 14.027, 14.545, 13.098, 12.408, 13.013, 11.676, 13.049, 14.706, 13.606, 11.522, 9.569, 7.507, 5.843, 4.796, 5.05, 6.754, 6.418, 4.935, 6.408, 8.158, 7.511, 8.74, 8.824], [4.711, 3.424, 2.648, 1.932, 0.0, 2.726, 2.883, 4.149, 4.441, 4.886, 4.588, 5.295, 6.364, 6.939, 6.715, 7.42, 6.451, 7.962, 13.03, 15.061, 16.318, 19.287, 20.466, 19.611, 19.519, 21.007, 19.991, 17.973, 16.819, 14.899, 15.665, 14.368, 13.74, 13.73, 12.177, 13.49, 15.055, 14.027, 12.045, 10.137, 7.567, 5.842, 4.985, 5.239, 6.975, 6.767, 4.917, 6.284, 8.119, 7.233, 8.392, 8.458], [5.935, 4.457, 2.786, 2.579, 2.726, 0.0, 1.407, 2.933, 3.265, 3.735, 3.642, 3.985, 5.284, 5.332, 5.0, 5.917, 5.203, 7.14, 12.199, 14.162, 15.491, 18.467, 19.634, 18.814, 18.713, 20.161, 19.181, 17.205, 16.004, 13.671, 14.371, 12.807, 12.236, 12.623, 11.288, 12.629, 14.251, 13.2, 11.335, 9.407, 6.943, 5.216, 4.1, 4.451, 6.192, 5.888, 3.965, 5.747, 7.527, 6.643, 7.693, 7.705], [6.359, 4.97, 3.087, 2.924, 2.883, 1.407, 0.0, 2.376, 2.769, 3.151, 3.091, 3.272, 4.563, 4.902, 4.735, 5.356, 4.63, 6.455, 11.766, 13.743, 14.992, 18.038, 19.11, 18.068, 17.797, 19.673, 18.551, 16.616, 15.534, 13.155, 13.81, 12.286, 11.697, 12.148, 10.794, 12.169, 13.788, 12.675, 10.482, 8.727, 6.347, 4.591, 3.377, 4.065, 5.751, 5.475, 3.404, 5.224, 7.15, 6.246, 7.273, 7.319], [8.117, 6.736, 4.937, 4.133, 4.149, 2.933, 2.376, 0.0, 0.98, 1.824, 1.315, 1.856, 3.019, 3.678, 3.71, 4.21, 3.572, 4.678, 9.505, 11.406, 12.692, 15.704, 16.905, 15.993, 16.026, 17.367, 16.481, 14.499, 13.414, 11.368, 12.116, 11.022, 10.247, 10.079, 8.788, 9.83, 11.476, 10.383, 8.575, 6.556, 4.181, 2.67, 2.089, 2.362, 3.572, 3.434, 1.67, 3.035, 4.892, 3.996, 5.083, 5.121], [8.561, 7.179, 5.372, 4.563, 4.441, 3.265, 2.769, 0.98, 0.0, 1.461, 1.3, 1.998, 3.128, 3.84, 3.89, 4.286, 3.726, 4.758, 9.377, 11.322, 12.398, 15.377, 16.699, 15.877, 15.963, 17.052, 16.391, 14.391, 13.325, 11.485, 12.273, 11.107, 10.346, 10.201, 8.837, 9.518, 11.22, 10.225, 8.517, 6.322, 3.958, 2.639, 2.369, 2.655, 3.637, 3.379, 1.823, 2.913, 4.516, 3.717, 4.724, 4.854], [9.1, 7.649, 5.757, 5.0, 4.886, 3.735, 3.151, 1.824, 1.461, 0.0, 1.585, 1.803, 2.633, 3.243, 3.034, 3.639, 3.001, 4.289, 9.074, 10.979, 12.065, 15.052, 16.358, 15.515, 15.641, 16.86, 16.035, 14.038, 13.013, 11.142, 11.951, 10.593, 9.989, 9.871, 8.511, 9.281, 10.926, 9.867, 8.128, 5.982, 3.583, 2.388, 2.032, 2.055, 3.256, 3.046, 1.618, 2.604, 4.265, 3.408, 4.443, 4.602], [8.656, 7.289, 5.272, 4.466, 4.588, 3.642, 3.091, 1.315, 1.3, 1.585, 0.0, 1.691, 2.612, 3.198, 3.276, 3.631, 3.14, 4.194, 8.815, 10.837, 12.002, 15.05, 16.111, 15.302, 15.274, 16.685, 15.774, 13.813, 12.791, 10.885, 11.578, 10.495, 9.707, 9.543, 8.222, 9.148, 10.81, 9.706, 8.012, 5.965, 3.671, 2.083, 1.691, 1.982, 3.225, 3.027, 1.57, 2.711, 4.401, 3.519, 4.716, 4.782], [8.524, 7.219, 5.204, 4.886, 5.295, 3.985, 3.272, 1.856, 1.998, 1.803, 1.691, 0.0, 1.757, 2.333, 2.432, 2.908, 2.382, 3.818, 9.099, 11.078, 12.283, 15.345, 16.381, 15.399, 14.903, 16.933, 15.794, 13.844, 12.868, 10.514, 10.905, 9.542, 8.821, 9.49, 8.11, 9.455, 11.102, 9.994, 7.874, 6.13, 3.839, 2.668, 1.719, 2.068, 3.634, 3.169, 1.463, 2.728, 4.591, 3.708, 4.887, 4.947], [9.852, 8.562, 6.367, 5.774, 6.364, 5.284, 4.563, 3.019, 3.128, 2.633, 2.612, 1.757, 0.0, 1.688, 1.804, 2.344, 2.373, 2.447, 7.525, 9.512, 10.773, 13.794, 14.905, 13.896, 13.566, 15.468, 14.314, 12.333, 11.293, 9.055, 9.56, 8.414, 7.577, 8.105, 6.556, 7.985, 9.536, 8.449, 6.281, 4.647, 3.388, 2.865, 2.193, 1.871, 2.877, 2.428, 2.076, 1.925, 3.208, 2.896, 3.677, 3.675], [9.481, 8.264, 6.211, 6.104, 6.939, 5.332, 4.902, 3.678, 3.84, 3.243, 3.198, 2.333, 1.688, 0.0, 1.103, 2.131, 2.169, 2.94, 7.888, 9.885, 11.105, 14.174, 15.191, 14.196, 13.752, 15.794, 14.616, 12.655, 11.677, 9.189, 9.639, 7.781, 7.284, 8.454, 7.051, 8.316, 9.902, 8.798, 6.656, 4.997, 3.702, 3.27, 2.528, 2.335, 3.209, 2.741, 2.639, 3.118, 3.747, 3.512, 4.178, 3.768], [9.37, 8.05, 6.111, 5.905, 6.715, 5.0, 4.735, 3.71, 3.89, 3.034, 3.276, 2.432, 1.804, 1.103, 0.0, 1.613, 1.757, 2.724, 8.047, 10.028, 11.311, 14.329, 15.437, 14.384, 14.033, 16.006, 14.832, 12.847, 11.823, 9.366, 9.872, 8.009, 7.579, 8.45, 7.04, 8.524, 10.072, 8.997, 6.78, 5.12, 3.35, 3.005, 2.55, 2.176, 2.915, 2.32, 2.634, 3.193, 3.826, 3.572, 4.211, 4.021], [10.008, 8.967, 6.635, 6.119, 7.42, 5.917, 5.356, 4.21, 4.286, 3.639, 3.631, 2.908, 2.344, 2.131, 1.613, 0.0, 1.455, 1.81, 7.073, 9.06, 10.312, 13.347, 14.414, 13.378, 12.974, 15.005, 13.857, 11.853, 10.86, 8.407, 8.93, 7.133, 6.673, 7.393, 6.075, 7.53, 9.091, 7.998, 5.847, 4.192, 2.621, 2.85, 3.059, 2.516, 2.255, 1.762, 3.208, 3.688, 3.997, 3.99, 4.754, 4.421], [9.076, 8.089, 6.123, 5.706, 6.451, 5.203, 4.63, 3.572, 3.726, 3.001, 3.14, 2.382, 2.373, 2.169, 1.757, 1.455, 0.0, 2.418, 7.991, 9.972, 11.231, 14.265, 15.332, 14.268, 13.91, 15.923, 14.753, 12.764, 11.767, 9.289, 9.783, 8.1, 7.553, 8.337, 6.973, 8.444, 10.013, 8.916, 6.739, 4.944, 2.683, 2.033, 2.214, 1.886, 2.669, 2.005, 2.296, 3.228, 3.861, 3.549, 4.43, 4.559], [11.481, 10.417, 8.148, 7.314, 7.962, 7.14, 6.455, 4.678, 4.758, 4.289, 4.194, 3.818, 2.447, 2.94, 2.724, 1.81, 2.418, 0.0, 5.585, 7.591, 8.887, 11.879, 13.039, 12.02, 11.874, 13.581, 12.491, 10.468, 9.402, 7.302, 7.925, 6.859, 6.071, 6.215, 4.652, 6.092, 7.638, 6.588, 4.422, 2.75, 2.139, 3.136, 3.57, 2.985, 2.153, 1.788, 3.53, 3.401, 3.542, 3.761, 4.301, 3.718], [17.05, 15.949, 13.627, 12.686, 13.03, 12.199, 11.766, 9.505, 9.377, 9.074, 8.815, 9.099, 7.525, 7.888, 8.047, 7.073, 7.991, 5.585, 0.0, 2.17, 3.501, 6.32, 7.625, 6.91, 7.012, 8.239, 7.382, 5.973, 5.755, 4.836, 4.765, 5.375, 5.004, 3.898, 3.045, 2.743, 2.832, 2.543, 2.081, 3.963, 6.325, 7.892, 8.856, 8.025, 6.513, 6.568, 8.8, 7.366, 5.911, 6.985, 6.884, 5.959], [19.027, 17.926, 15.603, 14.656, 15.061, 14.162, 13.743, 11.406, 11.322, 10.979, 10.837, 11.078, 9.512, 9.885, 10.028, 9.06, 9.972, 7.591, 2.17, 0.0, 1.778, 4.336, 5.886, 5.36, 5.581, 6.511, 5.862, 5.323, 5.293, 4.518, 4.223, 5.23, 4.893, 3.468, 3.228, 2.637, 2.278, 2.426, 3.723, 5.956, 8.363, 9.935, 10.875, 9.995, 8.276, 8.463, 10.783, 9.412, 7.75, 8.977, 8.671, 7.962], [20.261, 19.154, 16.83, 15.937, 16.318, 15.491, 14.992, 12.692, 12.398, 12.065, 12.002, 12.283, 10.773, 11.105, 11.311, 10.312, 11.231, 8.887, 3.501, 1.778, 0.0, 3.185, 4.448, 4.493, 4.898, 5.442, 5.25, 5.139, 5.415, 5.11, 4.667, 6.013, 5.627, 4.068, 4.615, 3.507, 2.38, 2.87, 4.698, 6.699, 9.155, 10.821, 12.069, 11.355, 9.836, 9.979, 12.041, 10.309, 8.664, 9.713, 9.35, 8.684], [23.317, 22.215, 19.888, 18.951, 19.287, 18.467, 18.038, 15.704, 15.377, 15.052, 15.05, 15.345, 13.794, 14.174, 14.329, 13.347, 14.265, 11.879, 6.32, 4.336, 3.185, 0.0, 2.642, 2.769, 3.503, 3.785, 3.727, 4.508, 4.614, 5.339, 5.118, 6.966, 7.42, 6.056, 7.343, 6.057, 4.413, 5.443, 7.593, 9.769, 12.242, 13.843, 15.116, 14.307, 12.53, 12.766, 15.065, 13.288, 11.452, 12.404, 11.596, 11.251], [24.329, 23.217, 20.896, 20.013, 20.466, 19.634, 19.11, 16.905, 16.699, 16.358, 16.111, 16.381, 14.905, 15.191, 15.437, 14.414, 15.332, 13.039, 7.625, 5.886, 4.448, 2.642, 0.0, 1.759, 2.151, 2.818, 2.654, 3.778, 4.171, 6.146, 5.696, 7.917, 8.334, 7.108, 8.569, 7.292, 5.8, 6.638, 8.789, 10.913, 13.355, 14.94, 16.164, 15.502, 14.105, 14.159, 16.194, 14.454, 12.912, 13.725, 13.387, 12.652], [23.291, 22.186, 19.862, 19.025, 19.611, 18.814, 18.068, 15.993, 15.877, 15.515, 15.302, 15.399, 13.896, 14.196, 14.384, 13.378, 14.268, 12.02, 6.91, 5.36, 4.493, 2.769, 1.759, 0.0, 1.79, 2.751, 2.346, 3.675, 4.017, 5.291, 4.85, 6.939, 7.406, 6.337, 7.745, 6.582, 4.889, 5.793, 7.725, 9.936, 12.472, 14.104, 15.172, 14.677, 13.388, 13.432, 15.251, 13.543, 12.175, 12.882, 12.416, 11.758], [22.751, 21.717, 19.341, 18.781, 19.519, 18.713, 17.797, 16.026, 15.963, 15.641, 15.274, 14.903, 13.566, 13.752, 14.033, 12.974, 13.91, 11.874, 7.012, 5.581, 4.898, 3.503, 2.151, 1.79, 0.0, 2.503, 1.891, 2.636, 3.187, 5.093, 4.388, 6.472, 6.798, 6.256, 7.637, 6.589, 5.418, 5.987, 7.624, 9.973, 12.581, 14.134, 15.024, 14.613, 13.459, 13.491, 15.227, 13.662, 12.265, 13.224, 13.016, 12.183], [24.825, 23.745, 21.463, 20.545, 21.007, 20.161, 19.673, 17.367, 17.052, 16.86, 16.685, 16.933, 15.468, 15.794, 16.006, 15.005, 15.923, 13.581, 8.239, 6.511, 5.442, 3.785, 2.818, 2.751, 2.503, 0.0, 1.576, 3.316, 4.355, 6.717, 6.225, 8.483, 8.774, 7.649, 9.075, 7.648, 6.199, 7.162, 9.314, 11.268, 13.842, 15.561, 16.775, 16.067, 14.605, 14.716, 16.735, 14.963, 13.258, 14.122, 13.463, 13.073], [23.757, 22.693, 20.327, 19.502, 19.991, 19.181, 18.551, 16.481, 16.391, 16.035, 15.774, 15.794, 14.314, 14.616, 14.832, 13.857, 14.753, 12.491, 7.382, 5.862, 5.25, 3.727, 2.654, 2.346, 1.891, 1.576, 0.0, 2.294, 3.418, 5.596, 5.116, 7.323, 7.716, 6.705, 8.106, 6.999, 5.445, 6.29, 8.207, 10.537, 13.052, 14.61, 15.675, 15.05, 13.869, 13.91, 15.681, 14.037, 12.692, 13.432, 12.915, 12.346], [21.812, 20.733, 18.384, 17.521, 17.973, 17.205, 16.616, 14.499, 14.391, 14.038, 13.813, 13.844, 12.333, 12.655, 12.847, 11.853, 12.764, 10.468, 5.973, 5.323, 5.139, 4.508, 3.778, 3.675, 2.636, 3.316, 2.294, 0.0, 1.576, 3.674, 3.395, 5.382, 5.764, 4.712, 6.064, 5.181, 4.316, 4.892, 6.389, 8.752, 11.205, 12.764, 13.71, 13.034, 11.836, 11.879, 13.698, 12.168, 11.036, 11.914, 12.01, 11.079], [20.814, 19.71, 17.391, 16.437, 16.819, 16.004, 15.534, 13.414, 13.325, 13.013, 12.791, 12.868, 11.293, 11.677, 11.823, 10.86, 11.767, 9.402, 5.755, 5.293, 5.415, 4.614, 4.171, 4.017, 3.187, 4.355, 3.418, 1.576, 0.0, 2.668, 3.037, 4.533, 4.895, 3.814, 4.888, 4.287, 4.095, 4.365, 5.461, 7.821, 10.147, 11.674, 12.632, 11.79, 10.538, 10.56, 12.605, 11.177, 10.263, 10.993, 11.287, 10.351], [18.282, 17.179, 14.859, 14.027, 14.899, 13.671, 13.155, 11.368, 11.485, 11.142, 10.885, 10.514, 9.055, 9.189, 9.366, 8.407, 9.289, 7.302, 4.836, 4.518, 5.11, 5.339, 6.146, 5.291, 5.093, 6.717, 5.596, 3.674, 2.668, 0.0, 1.457, 2.128, 2.481, 1.944, 3.187, 3.266, 3.471, 3.501, 4.318, 6.406, 8.645, 10.033, 10.486, 9.802, 8.917, 8.681, 10.464, 9.932, 9.245, 9.943, 10.308, 9.425], [18.705, 17.682, 15.281, 14.545, 15.665, 14.371, 13.81, 12.116, 12.273, 11.951, 11.578, 10.905, 9.56, 9.639, 9.872, 8.93, 9.783, 7.925, 4.765, 4.223, 4.667, 5.118, 5.696, 4.85, 4.388, 6.225, 5.116, 3.395, 3.037, 1.457, 0.0, 2.515, 2.861, 2.474, 3.797, 3.767, 3.592, 3.899, 4.869, 7.171, 9.358, 10.833, 11.139, 10.602, 9.656, 9.507, 11.218, 10.76, 9.982, 10.827, 11.137, 10.181], [16.55, 15.703, 13.205, 13.098, 14.368, 12.807, 12.286, 11.022, 11.107, 10.593, 10.495, 9.542, 8.414, 7.781, 8.009, 7.133, 8.1, 6.859, 5.375, 5.23, 6.013, 6.966, 7.917, 6.939, 6.472, 8.483, 7.323, 5.382, 4.533, 2.128, 2.515, 0.0, 1.517, 2.702, 3.206, 3.347, 4.246, 4.167, 4.175, 6.338, 8.482, 9.68, 9.921, 9.429, 8.713, 8.34, 10.052, 9.885, 9.206, 9.937, 10.243, 9.382], [16.134, 15.199, 12.763, 12.408, 13.74, 12.236, 11.697, 10.247, 10.346, 9.989, 9.707, 8.821, 7.577, 7.284, 7.579, 6.673, 7.553, 6.071, 5.004, 4.893, 5.627, 7.42, 8.334, 7.406, 6.798, 8.774, 7.716, 5.764, 4.895, 2.481, 2.861, 1.517, 0.0, 2.021, 2.35, 2.843, 3.91, 3.855, 3.876, 5.389, 7.591, 8.93, 9.205, 8.752, 7.925, 7.601, 9.33, 9.048, 8.731, 9.284, 9.74, 8.979], [17.335, 16.229, 13.906, 13.013, 13.73, 12.623, 12.148, 10.079, 10.201, 9.871, 9.543, 9.49, 8.105, 8.454, 8.45, 7.393, 8.337, 6.215, 3.898, 3.468, 4.068, 6.056, 7.108, 6.337, 6.256, 7.649, 6.705, 4.712, 3.814, 1.944, 2.474, 2.702, 2.021, 0.0, 1.898, 2.346, 2.683, 2.827, 3.689, 5.416, 7.392, 8.793, 9.408, 8.671, 7.575, 7.39, 9.274, 8.766, 8.573, 9.047, 9.547, 8.745], [16.028, 14.927, 12.604, 11.676, 12.177, 11.288, 10.794, 8.788, 8.837, 8.511, 8.222, 8.11, 6.556, 7.051, 7.04, 6.075, 6.973, 4.652, 3.045, 3.228, 4.615, 7.343, 8.569, 7.745, 7.637, 9.075, 8.106, 6.064, 4.888, 3.187, 3.797, 3.206, 2.35, 1.898, 0.0, 1.834, 3.207, 2.491, 2.407, 4.045, 6.041, 7.468, 7.969, 7.179, 6.042, 5.959, 7.883, 7.333, 7.129, 7.549, 7.989, 7.216], [17.416, 16.305, 13.993, 13.049, 13.49, 12.629, 12.169, 9.83, 9.518, 9.281, 9.148, 9.455, 7.985, 8.316, 8.524, 7.53, 8.444, 6.092, 2.743, 2.637, 3.507, 6.057, 7.292, 6.582, 6.589, 7.648, 6.999, 5.181, 4.287, 3.266, 3.767, 3.347, 2.843, 2.346, 1.834, 0.0, 1.98, 1.592, 2.181, 4.144, 6.458, 8.051, 9.269, 8.535, 6.983, 7.132, 9.21, 7.662, 6.408, 7.42, 7.599, 6.783], [19.068, 17.967, 15.645, 14.706, 15.055, 14.251, 13.788, 11.476, 11.22, 10.926, 10.81, 11.102, 9.536, 9.902, 10.072, 9.091, 10.013, 7.638, 2.832, 2.278, 2.38, 4.413, 5.8, 4.889, 5.418, 6.199, 5.445, 4.316, 4.095, 3.471, 3.592, 4.246, 3.91, 2.683, 3.207, 1.98, 0.0, 1.345, 3.364, 5.418, 7.907, 9.621, 10.863, 10.076, 8.665, 8.713, 10.821, 9.026, 7.477, 8.216, 7.953, 7.225], [17.954, 16.853, 14.531, 13.606, 14.027, 13.2, 12.675, 10.383, 10.225, 9.867, 9.706, 9.994, 8.449, 8.798, 8.997, 7.998, 8.916, 6.588, 2.543, 2.426, 2.87, 5.443, 6.638, 5.793, 5.987, 7.162, 6.29, 4.892, 4.365, 3.501, 3.899, 4.167, 3.855, 2.827, 2.491, 1.592, 1.345, 0.0, 2.339, 4.467, 6.934, 8.507, 9.753, 9.061, 7.608, 7.685, 9.736, 7.984, 6.517, 7.301, 7.278, 6.404], [15.785, 14.676, 12.349, 11.522, 12.045, 11.335, 10.482, 8.575, 8.517, 8.128, 8.012, 7.874, 6.281, 6.656, 6.78, 5.847, 6.739, 4.422, 2.081, 3.723, 4.698, 7.593, 8.789, 7.725, 7.624, 9.314, 8.207, 6.389, 5.461, 4.318, 4.869, 4.175, 3.876, 3.689, 2.407, 2.181, 3.364, 2.339, 0.0, 2.789, 5.231, 6.741, 7.657, 7.111, 5.871, 5.914, 7.762, 6.212, 5.425, 6.169, 6.397, 5.52], [13.778, 12.675, 10.319, 9.569, 10.137, 9.407, 8.727, 6.556, 6.322, 5.982, 5.965, 6.13, 4.647, 4.997, 5.12, 4.192, 4.944, 2.75, 3.963, 5.956, 6.699, 9.769, 10.913, 9.936, 9.973, 11.268, 10.537, 8.752, 7.821, 6.406, 7.171, 6.338, 5.389, 5.416, 4.045, 4.144, 5.418, 4.467, 2.789, 0.0, 2.692, 4.459, 5.66, 5.189, 3.807, 3.879, 5.733, 4.149, 3.762, 4.157, 4.514, 3.906], [11.281, 10.16, 8.233, 7.507, 7.567, 6.943, 6.347, 4.181, 3.958, 3.583, 3.671, 3.839, 3.388, 3.702, 3.35, 2.621, 2.683, 2.139, 6.325, 8.363, 9.155, 12.242, 13.355, 12.472, 12.581, 13.842, 13.052, 11.205, 10.147, 8.645, 9.358, 8.482, 7.591, 7.392, 6.041, 6.458, 7.907, 6.934, 5.231, 2.692, 0.0, 1.946, 3.15, 2.848, 1.929, 2.008, 3.171, 2.729, 2.851, 2.658, 3.361, 3.092], [9.704, 8.488, 6.546, 5.843, 5.842, 5.216, 4.591, 2.67, 2.639, 2.388, 2.083, 2.668, 2.865, 3.27, 3.005, 2.85, 2.033, 3.136, 7.892, 9.935, 10.821, 13.843, 14.94, 14.104, 14.134, 15.561, 14.61, 12.764, 11.674, 10.033, 10.833, 9.68, 8.93, 8.793, 7.468, 8.051, 9.621, 8.507, 6.741, 4.459, 1.946, 0.0, 1.613, 1.759, 2.192, 1.964, 1.851, 2.254, 3.032, 2.472, 3.34, 3.54], [8.58, 7.25, 5.341, 4.796, 4.985, 4.1, 3.377, 2.089, 2.369, 2.032, 1.691, 1.719, 2.193, 2.528, 2.55, 3.059, 2.214, 3.57, 8.856, 10.875, 12.069, 15.116, 16.164, 15.172, 15.024, 16.775, 15.675, 13.71, 12.632, 10.486, 11.139, 9.921, 9.205, 9.408, 7.969, 9.269, 10.863, 9.753, 7.657, 5.66, 3.15, 1.613, 0.0, 1.221, 2.81, 2.678, 1.187, 2.376, 3.943, 3.044, 4.155, 4.27], [9.133, 7.969, 5.847, 5.05, 5.239, 4.451, 4.065, 2.362, 2.655, 2.055, 1.982, 2.068, 1.871, 2.335, 2.176, 2.516, 1.886, 2.985, 8.025, 9.995, 11.355, 14.307, 15.502, 14.677, 14.613, 16.067, 15.05, 13.034, 11.79, 9.802, 10.602, 9.429, 8.752, 8.671, 7.179, 8.535, 10.076, 9.061, 7.111, 5.189, 2.848, 1.759, 1.221, 0.0, 2.103, 1.833, 1.375, 2.225, 3.33, 2.753, 3.8, 3.839], [11.011, 9.874, 7.588, 6.754, 6.975, 6.192, 5.751, 3.572, 3.637, 3.256, 3.225, 3.634, 2.877, 3.209, 2.915, 2.255, 2.669, 2.153, 6.513, 8.276, 9.836, 12.53, 14.105, 13.388, 13.459, 14.605, 13.869, 11.836, 10.538, 8.917, 9.656, 8.713, 7.925, 7.575, 6.042, 6.983, 8.665, 7.608, 5.871, 3.807, 1.929, 2.192, 2.81, 2.103, 0.0, 1.152, 2.983, 3.128, 2.985, 3.168, 3.631, 3.298], [10.658, 9.538, 7.295, 6.418, 6.767, 5.888, 5.475, 3.434, 3.379, 3.046, 3.027, 3.169, 2.428, 2.741, 2.32, 1.762, 2.005, 1.788, 6.568, 8.463, 9.979, 12.766, 14.159, 13.432, 13.491, 14.716, 13.91, 11.879, 10.56, 8.681, 9.507, 8.34, 7.601, 7.39, 5.959, 7.132, 8.713, 7.685, 5.914, 3.879, 2.008, 1.964, 2.678, 1.833, 1.152, 0.0, 2.509, 2.832, 2.82, 2.897, 3.489, 3.264], [8.615, 7.396, 5.662, 4.935, 4.917, 3.965, 3.404, 1.67, 1.823, 1.618, 1.57, 1.463, 2.076, 2.639, 2.634, 3.208, 2.296, 3.53, 8.8, 10.783, 12.041, 15.065, 16.194, 15.251, 15.227, 16.735, 15.681, 13.698, 12.605, 10.464, 11.218, 10.052, 9.33, 9.274, 7.883, 9.21, 10.821, 9.736, 7.762, 5.733, 3.171, 1.851, 1.187, 1.375, 2.983, 2.509, 0.0, 2.08, 3.859, 2.935, 3.946, 4.114], [10.356, 9.114, 7.123, 6.408, 6.284, 5.747, 5.224, 3.035, 2.913, 2.604, 2.711, 2.728, 1.925, 3.118, 3.193, 3.688, 3.228, 3.401, 7.366, 9.412, 10.309, 13.288, 14.454, 13.543, 13.662, 14.963, 14.037, 12.168, 11.177, 9.932, 10.76, 9.885, 9.048, 8.766, 7.333, 7.662, 9.026, 7.984, 6.212, 4.149, 2.729, 2.254, 2.376, 2.225, 3.128, 2.832, 2.08, 0.0, 2.016, 1.456, 2.425, 2.566], [12.048, 10.979, 8.93, 8.158, 8.119, 7.527, 7.15, 4.892, 4.516, 4.265, 4.401, 4.591, 3.208, 3.747, 3.826, 3.997, 3.861, 3.542, 5.911, 7.75, 8.664, 11.452, 12.912, 12.175, 12.265, 13.258, 12.692, 11.036, 10.263, 9.245, 9.982, 9.206, 8.731, 8.573, 7.129, 6.408, 7.477, 6.517, 5.425, 3.762, 2.851, 3.032, 3.943, 3.33, 2.985, 2.82, 3.859, 2.016, 0.0, 1.514, 1.442, 1.395], [11.351, 10.101, 8.18, 7.511, 7.233, 6.643, 6.246, 3.996, 3.717, 3.408, 3.519, 3.708, 2.896, 3.512, 3.572, 3.99, 3.549, 3.761, 6.985, 8.977, 9.713, 12.404, 13.725, 12.882, 13.224, 14.122, 13.432, 11.914, 10.993, 9.943, 10.827, 9.937, 9.284, 9.047, 7.549, 7.42, 8.216, 7.301, 6.169, 4.157, 2.658, 2.472, 3.044, 2.753, 3.168, 2.897, 2.935, 1.456, 1.514, 0.0, 1.376, 1.681], [12.382, 11.203, 9.398, 8.74, 8.392, 7.693, 7.273, 5.083, 4.724, 4.443, 4.716, 4.887, 3.677, 4.178, 4.211, 4.754, 4.43, 4.301, 6.884, 8.671, 9.35, 11.596, 13.387, 12.416, 13.016, 13.463, 12.915, 12.01, 11.287, 10.308, 11.137, 10.243, 9.74, 9.547, 7.989, 7.599, 7.953, 7.278, 6.397, 4.514, 3.361, 3.34, 4.155, 3.8, 3.631, 3.489, 3.946, 2.425, 1.442, 1.376, 0.0, 1.271], [12.512, 11.282, 9.511, 8.824, 8.458, 7.705, 7.319, 5.121, 4.854, 4.602, 4.782, 4.947, 3.675, 3.768, 4.021, 4.421, 4.559, 3.718, 5.959, 7.962, 8.684, 11.251, 12.652, 11.758, 12.183, 13.073, 12.346, 11.079, 10.351, 9.425, 10.181, 9.382, 8.979, 8.745, 7.216, 6.783, 7.225, 6.404, 5.52, 3.906, 3.092, 3.54, 4.27, 3.839, 3.298, 3.264, 4.114, 2.566, 1.395, 1.681, 1.271, 0.0]]