[[0.0, 1.395, 1.303, 1.445, 1.704, 3.213, 2.99, 2.438, 2.672, 2.575, 2.498, 2.693, 2.49, 2.406, 3.524, 5.36, 6.418, 6.303, 5.398, 4.431, 5.226, 7.632, 9.094, 8.364, 6.47, 5.099, 4.049, 2.983, 2.873, 3.623, 4.868, 4.676, 3.523, 2.585, 2.417, 2.601, 2.088, 1.904, 1.755, 1.5, 1.446, 2.906, 4.398, 5.67, 4.883, 3.707, 3.257, 2.763, 3.272, 3.159, 2.905, 2.247, 2.075, 3.629, 4.319, 4.137, 3.399, 2.824, 3.41, 6.612, 9.318, 10.159, 9.631, 10.079, 9.487, 6.432, 3.923, 2.817, 2.243, 2.577, 2.341, 2.071, 2.607, 2.604, 2.263, 1.858, 2.191, 2.841, 3.224, 4.129, 5.729, 7.489, 7.888, 7.341, 7.178, 7.762, 8.167, 8.464, 7.808, 6.855, 6.439, 6.678, 7.03, 7.06, 6.64, 6.365, 6.288, 6.272, 6.806, 8.457, 9.066, 7.364, 5.513, 4.314, 3.661, 2.74, 2.224, 2.967, 4.653, 5.137, 5.025, 5.311, 5.515, 5.825, 7.062, 8.134, 8.162, 7.121, 5.453, 5.452, 6.12, 5.912, 5.697, 5.806, 6.482, 6.837, 6.658, 6.634, 6.831, 7.444, 7.724, 7.859, 7.645, 6.609, 4.75, 3.671, 4.407, 4.363, 4.535, 5.246, 4.598, 3.55, 2.894, 3.332, 4.719, 5.261, 5.592, 6.335, 6.646, 6.803, 7.299, 6.848, 6.07, 5.807, 5.057, 3.873, 2.934, 3.15], [1.395, 0.0, 1.532, 1.773, 2.069, 3.156, 2.89, 2.46, 2.926, 3.12, 2.845, 2.689, 2.709, 2.817, 4.119, 5.9, 7.256, 7.087, 5.968, 5.272, 5.962, 8.508, 9.832, 9.27, 7.045, 5.71, 4.656, 3.645, 3.452, 4.259, 5.617, 5.563, 4.539, 3.488, 3.227, 3.334, 2.524, 1.933, 1.58, 1.653, 2.228, 3.642, 5.088, 6.407, 5.607, 4.215, 3.877, 3.188, 3.453, 3.077, 2.859, 2.135, 2.277, 3.749, 4.485, 4.383, 3.397, 2.571, 3.774, 7.172, 10.153, 11.058, 10.471, 10.941, 10.4, 7.366, 4.811, 3.517, 2.926, 2.999, 2.755, 2.964, 3.369, 3.316, 2.887, 2.715, 2.907, 3.455, 3.898, 5.109, 6.502, 8.192, 8.778, 8.261, 8.08, 8.577, 8.876, 9.019, 8.334, 7.483, 6.997, 7.093, 7.586, 7.495, 7.033, 6.881, 6.7, 6.723, 7.347, 9.288, 9.876, 8.344, 6.508, 4.962, 4.098, 3.275, 2.495, 3.143, 4.8, 5.2, 4.84, 4.924, 5.097, 5.271, 6.49, 7.318, 7.298, 6.251, 4.905, 4.984, 5.457, 5.237, 5.383, 5.482, 6.112, 6.505, 6.22, 6.005, 6.291, 6.936, 7.319, 7.281, 6.925, 5.901, 4.249, 4.003, 4.874, 4.839, 5.258, 5.977, 5.28, 4.125, 3.385, 3.625, 5.497, 5.947, 6.324, 7.023, 7.501, 7.743, 8.046, 7.653, 6.783, 6.618, 5.797, 4.292, 3.045, 3.26], [1.303, 1.532, 0.0, 0.932, 1.471, 3.032, 3.258, 2.456, 2.425, 2.278, 2.279, 2.338, 2.024, 2.047, 2.785, 4.52, 5.855, 5.725, 4.642, 3.874, 4.608, 7.117, 8.452, 7.903, 5.652, 4.347, 3.303, 2.302, 2.106, 2.894, 4.236, 4.115, 3.152, 2.214, 1.987, 2.151, 1.789, 1.96, 1.791, 1.409, 1.422, 2.498, 3.872, 5.141, 4.341, 3.195, 2.82, 2.575, 3.787, 3.577, 3.343, 2.484, 1.986, 3.602, 4.416, 4.325, 3.477, 2.547, 2.62, 5.816, 8.75, 9.632, 9.096, 9.618, 9.072, 6.009, 3.465, 2.214, 1.941, 2.485, 2.523, 2.276, 2.432, 2.643, 2.22, 1.668, 1.829, 2.32, 2.561, 3.74, 5.126, 6.869, 7.412, 6.899, 6.705, 7.248, 7.547, 7.737, 6.989, 6.126, 5.638, 5.805, 6.204, 6.203, 5.761, 5.534, 5.427, 5.419, 6.06, 7.934, 8.474, 6.91, 5.137, 3.63, 2.855, 2.023, 1.743, 3.241, 5.148, 5.309, 5.218, 5.849, 6.142, 6.416, 7.698, 8.56, 8.567, 7.619, 6.121, 6.174, 6.802, 6.449, 6.442, 6.551, 7.295, 7.589, 7.346, 7.165, 7.287, 8.083, 8.4, 8.448, 8.108, 6.968, 4.97, 3.772, 4.224, 4.23, 4.374, 4.854, 4.152, 2.978, 2.692, 3.239, 4.526, 5.026, 5.278, 5.877, 6.19, 6.403, 6.657, 6.307, 5.45, 5.265, 4.533, 3.419, 2.557, 2.703], [1.445, 1.773, 0.932, 0.0, 1.584, 3.277, 3.318, 2.784, 2.594, 2.346, 2.302, 2.504, 2.103, 2.272, 2.889, 4.585, 5.703, 5.586, 4.694, 3.756, 4.508, 6.953, 8.27, 7.736, 5.647, 4.283, 3.196, 2.191, 2.007, 2.788, 4.078, 4.087, 3.08, 2.232, 2.101, 2.164, 1.979, 2.194, 2.248, 1.721, 1.707, 2.495, 3.74, 4.993, 4.244, 3.102, 2.72, 2.696, 3.701, 3.458, 3.328, 2.55, 2.183, 3.648, 4.583, 4.459, 3.729, 2.914, 2.465, 5.772, 8.571, 9.49, 8.994, 9.485, 8.95, 5.973, 3.365, 2.185, 2.068, 2.669, 2.723, 2.353, 2.484, 2.788, 2.45, 1.759, 1.768, 2.218, 2.63, 3.719, 5.076, 6.785, 7.289, 6.776, 6.583, 7.132, 7.592, 7.798, 7.022, 6.034, 5.666, 5.936, 6.248, 6.307, 5.893, 5.546, 5.59, 5.496, 6.112, 7.831, 8.397, 6.83, 5.072, 3.738, 3.105, 2.115, 1.911, 3.271, 5.19, 5.51, 5.525, 5.744, 6.131, 6.523, 7.799, 8.672, 8.71, 7.803, 6.113, 6.116, 6.907, 6.563, 6.237, 6.418, 7.192, 7.497, 7.384, 7.22, 7.25, 8.002, 8.31, 8.45, 8.128, 6.983, 5.009, 3.816, 4.16, 4.162, 4.272, 4.825, 4.022, 2.949, 2.777, 3.442, 4.488, 4.923, 5.179, 5.739, 6.109, 6.306, 6.569, 6.16, 5.366, 5.139, 4.597, 3.515, 2.391, 2.576], [1.704, 2.069, 1.471, 1.584, 0.0, 1.925, 2.251, 1.769, 1.387, 1.882, 1.588, 1.64, 1.631, 2.491, 3.613, 5.237, 6.235, 6.089, 5.144, 4.224, 5.082, 7.496, 8.851, 8.282, 6.23, 4.841, 3.783, 2.732, 2.521, 3.38, 4.664, 4.536, 3.54, 2.59, 2.164, 2.179, 1.766, 1.661, 2.232, 2.195, 1.988, 2.41, 4.055, 5.402, 4.614, 3.177, 2.9, 2.514, 3.371, 2.769, 2.629, 2.196, 1.19, 2.422, 3.149, 3.094, 2.455, 1.87, 2.789, 6.31, 9.142, 10.006, 9.482, 9.957, 9.425, 6.39, 3.855, 2.578, 2.001, 2.301, 2.273, 2.304, 2.61, 2.804, 2.304, 1.9, 2.702, 3.155, 3.273, 4.169, 5.562, 7.295, 7.777, 7.25, 7.053, 7.607, 8.08, 8.29, 7.584, 6.623, 6.456, 6.706, 6.829, 7.15, 6.665, 6.145, 6.165, 6.114, 6.607, 8.319, 8.893, 7.29, 5.542, 4.249, 3.631, 2.713, 1.492, 2.07, 3.879, 4.086, 4.308, 4.809, 5.327, 5.946, 7.164, 8.183, 8.212, 7.226, 5.459, 5.358, 6.279, 5.878, 5.393, 5.661, 6.57, 6.869, 6.772, 6.616, 6.619, 7.335, 7.62, 7.853, 7.623, 6.469, 4.259, 2.52, 3.077, 3.118, 3.865, 4.961, 4.245, 3.132, 2.387, 2.789, 4.229, 4.734, 4.967, 5.958, 6.522, 6.765, 7.093, 6.682, 5.853, 5.662, 5.327, 4.528, 3.834, 3.987], [3.213, 3.156, 3.032, 3.277, 1.925, 0.0, 1.446, 1.541, 1.754, 2.747, 2.23, 1.883, 2.373, 3.783, 5.27, 6.764, 7.711, 7.504, 6.271, 5.641, 6.648, 8.873, 10.186, 9.666, 7.494, 6.178, 5.09, 4.144, 3.989, 4.82, 6.119, 5.941, 4.997, 3.854, 3.287, 3.249, 2.675, 2.189, 2.676, 3.027, 3.109, 3.864, 5.269, 6.345, 5.487, 4.268, 4.092, 3.485, 3.595, 3.005, 3.277, 2.779, 2.059, 2.046, 1.96, 2.107, 1.667, 1.698, 3.716, 7.52, 10.492, 11.392, 10.805, 11.245, 10.741, 7.699, 5.143, 3.92, 3.187, 2.963, 2.903, 3.366, 3.854, 3.897, 3.481, 3.472, 4.381, 4.709, 4.679, 5.602, 6.896, 8.706, 9.161, 8.633, 8.41, 8.991, 9.449, 9.426, 8.78, 7.859, 8.016, 8.225, 8.268, 8.659, 8.174, 7.533, 7.476, 7.318, 7.785, 9.659, 10.236, 8.676, 6.815, 5.5, 4.916, 3.962, 2.378, 1.573, 2.583, 2.602, 2.867, 3.53, 4.097, 4.712, 5.992, 6.905, 6.899, 6.024, 4.611, 4.419, 5.174, 4.776, 4.26, 4.577, 5.55, 5.812, 5.656, 5.367, 5.454, 6.216, 6.477, 6.707, 6.351, 5.249, 2.899, 1.578, 2.876, 3.268, 4.578, 5.776, 5.207, 3.968, 3.034, 3.274, 5.002, 5.574, 5.859, 6.973, 7.826, 8.133, 8.332, 7.975, 7.141, 7.191, 7.002, 6.213, 5.393, 5.567], [2.99, 2.89, 3.258, 3.318, 2.251, 1.446, 0.0, 1.282, 2.123, 2.984, 2.712, 2.298, 2.857, 4.184, 5.488, 7.091, 8.195, 8.118, 7.06, 6.253, 7.025, 9.451, 10.802, 10.156, 8.101, 6.771, 5.718, 4.677, 4.482, 5.341, 6.599, 6.476, 5.393, 4.419, 3.987, 3.781, 3.267, 2.121, 2.523, 3.237, 3.377, 4.166, 5.799, 7.013, 6.256, 4.871, 4.727, 3.943, 3.186, 2.407, 2.582, 2.359, 2.313, 2.167, 2.058, 2.211, 1.535, 2.19, 4.449, 8.266, 11.096, 11.965, 11.336, 11.925, 11.366, 8.277, 5.643, 4.441, 3.774, 3.429, 3.198, 3.486, 4.21, 4.074, 3.831, 3.729, 4.6, 5.02, 5.1, 5.98, 7.541, 9.257, 9.722, 9.21, 9.066, 9.555, 9.941, 10.192, 9.474, 8.528, 8.369, 8.588, 8.682, 9.012, 8.487, 8.005, 8.03, 7.926, 8.504, 10.261, 10.829, 9.269, 7.321, 5.98, 5.342, 4.205, 2.775, 1.604, 2.202, 2.517, 2.417, 2.974, 3.464, 4.086, 5.286, 6.256, 6.279, 5.412, 3.849, 3.638, 4.375, 4.004, 3.641, 3.92, 4.712, 4.999, 4.896, 4.76, 4.763, 5.488, 5.838, 5.909, 5.703, 4.527, 2.249, 2.229, 3.727, 4.02, 5.295, 6.516, 5.854, 4.65, 3.834, 4.026, 5.817, 6.381, 6.583, 7.668, 8.42, 8.705, 9.114, 8.713, 7.805, 7.571, 7.37, 6.442, 5.508, 5.717], [2.438, 2.46, 2.456, 2.784, 1.769, 1.541, 1.282, 0.0, 1.496, 2.322, 2.153, 1.964, 2.213, 3.191, 4.708, 6.578, 7.815, 7.705, 6.626, 5.838, 6.574, 9.077, 10.431, 9.8, 7.711, 6.371, 5.319, 4.283, 4.063, 4.907, 6.208, 6.115, 5.039, 3.909, 3.586, 3.301, 2.652, 1.92, 2.045, 2.645, 2.712, 3.655, 5.377, 6.642, 5.787, 4.457, 4.279, 3.61, 3.46, 2.908, 2.792, 2.53, 1.868, 2.154, 2.373, 2.294, 1.521, 1.837, 4.066, 7.841, 10.731, 11.584, 10.982, 11.477, 10.928, 7.845, 5.27, 4.064, 3.334, 3.054, 2.93, 3.316, 3.869, 3.854, 3.494, 3.313, 3.893, 4.431, 4.561, 5.515, 7.118, 8.824, 9.315, 8.803, 8.667, 9.138, 9.464, 9.735, 9.049, 8.153, 7.687, 7.932, 8.271, 8.32, 7.895, 7.601, 7.556, 7.514, 8.041, 9.807, 10.382, 8.874, 7.003, 5.496, 4.904, 3.551, 2.12, 1.678, 3.124, 3.146, 3.122, 3.711, 4.045, 4.413, 5.744, 6.669, 6.712, 5.694, 4.08, 4.082, 4.755, 4.41, 4.331, 4.428, 5.181, 5.5, 5.346, 5.252, 5.34, 6.069, 6.421, 6.472, 6.175, 5.026, 3.119, 2.118, 3.469, 3.627, 4.881, 6.084, 5.409, 4.236, 3.431, 3.629, 5.375, 5.938, 6.146, 7.234, 7.98, 8.273, 8.686, 8.292, 7.384, 7.123, 6.479, 5.433, 4.79, 4.937], [2.672, 2.926, 2.425, 2.594, 1.387, 1.754, 2.123, 1.496, 0.0, 1.41, 1.353, 1.662, 1.789, 2.592, 3.933, 5.69, 6.714, 6.593, 5.592, 4.691, 5.536, 7.961, 9.377, 8.631, 6.741, 5.377, 4.313, 3.359, 3.08, 3.883, 5.181, 5.008, 3.93, 2.821, 2.668, 2.198, 1.898, 1.903, 2.591, 2.821, 2.407, 2.499, 4.141, 5.38, 4.505, 3.201, 3.014, 3.01, 3.616, 3.193, 2.972, 2.59, 1.487, 2.124, 2.396, 2.396, 2.05, 1.849, 3.118, 6.792, 9.636, 10.51, 9.841, 10.289, 9.645, 6.623, 4.086, 3.099, 2.429, 2.5, 2.623, 2.985, 3.242, 3.548, 2.972, 2.739, 3.641, 3.936, 3.9, 4.479, 6.027, 7.72, 8.121, 7.616, 7.526, 7.985, 8.428, 8.698, 8.066, 7.117, 6.904, 7.129, 7.308, 7.558, 7.076, 6.629, 6.625, 6.565, 7.041, 8.693, 9.383, 7.81, 5.91, 4.509, 4.061, 2.934, 1.678, 1.916, 3.511, 3.738, 3.881, 4.544, 5.004, 5.617, 6.912, 7.98, 8.022, 6.94, 5.197, 4.939, 5.801, 5.528, 5.098, 5.228, 6.119, 6.541, 6.466, 6.411, 6.425, 7.114, 7.42, 7.62, 7.429, 6.267, 4.063, 2.146, 2.587, 2.564, 3.759, 4.788, 4.171, 3.016, 2.451, 2.777, 4.03, 4.615, 4.868, 5.923, 6.679, 7.009, 7.622, 7.161, 6.272, 5.917, 5.72, 5.14, 4.826, 4.977], [2.575, 3.12, 2.278, 2.346, 1.882, 2.747, 2.984, 2.322, 1.41, 0.0, 1.452, 2.174, 1.636, 1.831, 2.942, 4.698, 5.808, 5.685, 4.674, 3.809, 4.618, 7.064, 8.442, 7.743, 5.761, 4.414, 3.432, 2.793, 2.463, 2.991, 4.247, 4.092, 3.044, 2.209, 2.142, 1.591, 1.823, 2.374, 2.829, 2.766, 2.04, 1.681, 3.398, 4.671, 3.874, 2.665, 2.526, 3.299, 4.061, 3.706, 3.567, 2.903, 1.815, 2.936, 3.372, 3.342, 3.085, 2.668, 2.483, 5.901, 8.727, 9.573, 8.983, 9.409, 8.821, 5.7, 3.198, 2.682, 2.303, 2.711, 2.736, 2.936, 3.156, 3.606, 3.131, 2.651, 3.185, 3.341, 3.082, 3.61, 5.148, 6.816, 7.246, 6.751, 6.653, 7.079, 7.492, 7.745, 7.093, 6.209, 5.956, 6.092, 6.325, 6.467, 6.046, 5.645, 5.636, 5.571, 6.082, 7.771, 8.418, 6.824, 4.927, 3.522, 2.983, 2.043, 2.041, 2.953, 4.52, 4.693, 4.845, 5.486, 5.937, 6.537, 7.847, 8.868, 8.888, 7.793, 6.111, 5.898, 6.738, 6.44, 6.182, 6.265, 7.099, 7.529, 7.463, 7.33, 7.389, 8.073, 8.427, 8.506, 8.309, 7.139, 5.022, 3.05, 2.79, 2.582, 3.373, 4.174, 3.419, 2.595, 2.675, 3.139, 3.654, 4.034, 4.277, 5.234, 5.827, 6.116, 6.71, 6.275, 5.39, 5.064, 4.824, 4.28, 4.15, 4.328], [2.498, 2.845, 2.279, 2.302, 1.588, 2.23, 2.712, 2.153, 1.353, 1.452, 0.0, 1.792, 1.579, 2.221, 3.598, 5.151, 6.018, 5.862, 4.938, 4.064, 4.997, 7.207, 8.561, 7.986, 6.045, 4.644, 3.593, 2.615, 2.262, 3.114, 4.475, 4.354, 3.237, 2.338, 2.156, 1.841, 1.475, 2.077, 2.54, 2.643, 2.252, 2.241, 3.686, 4.819, 4.134, 2.864, 2.729, 2.739, 3.498, 2.955, 2.996, 2.228, 1.49, 2.646, 3.0, 3.044, 2.656, 1.875, 2.507, 6.016, 8.865, 9.754, 9.151, 9.758, 9.199, 6.142, 3.472, 2.55, 2.001, 2.167, 2.203, 2.56, 2.93, 3.262, 2.712, 2.54, 3.481, 3.872, 3.782, 4.364, 5.513, 7.322, 7.606, 7.044, 6.9, 7.434, 8.072, 8.204, 7.471, 6.405, 6.376, 6.54, 6.693, 7.005, 6.571, 6.033, 6.211, 6.035, 6.577, 8.153, 8.708, 7.077, 5.2, 4.017, 3.484, 2.499, 1.526, 2.156, 3.854, 4.16, 4.679, 5.216, 5.642, 6.312, 7.512, 8.433, 8.442, 7.583, 5.794, 5.699, 6.592, 6.202, 5.599, 5.793, 6.729, 7.063, 7.025, 6.869, 6.849, 7.574, 7.831, 8.113, 7.822, 6.69, 4.47, 2.342, 2.498, 2.685, 3.559, 4.497, 3.8, 2.757, 2.207, 2.463, 3.729, 4.324, 4.629, 5.574, 6.25, 6.542, 6.867, 6.437, 5.733, 5.413, 5.434, 4.926, 4.497, 4.63], [2.693, 2.689, 2.338, 2.504, 1.64, 1.883, 2.298, 1.964, 1.662, 2.174, 1.792, 0.0, 1.044, 2.758, 4.148, 5.569, 6.847, 6.705, 5.495, 4.952, 5.661, 8.085, 9.374, 8.907, 6.46, 5.065, 4.201, 3.152, 3.014, 3.81, 5.161, 5.231, 4.245, 3.342, 2.829, 2.566, 2.278, 2.109, 2.395, 2.64, 2.598, 3.098, 4.623, 5.611, 4.842, 3.664, 3.548, 3.297, 4.037, 3.389, 3.464, 2.828, 1.732, 2.75, 3.051, 2.742, 2.126, 1.276, 2.88, 6.698, 9.717, 10.639, 10.047, 10.653, 10.14, 7.101, 4.41, 3.198, 2.689, 2.827, 2.727, 2.831, 3.293, 3.633, 3.218, 2.93, 3.754, 4.032, 3.973, 4.922, 6.21, 8.03, 8.529, 7.975, 7.75, 8.327, 8.573, 8.687, 7.785, 6.924, 6.805, 6.867, 7.144, 7.26, 6.781, 6.467, 6.363, 6.348, 7.078, 9.055, 9.604, 8.064, 6.133, 4.576, 3.796, 2.838, 1.736, 2.0, 3.74, 3.951, 3.991, 4.956, 5.412, 5.836, 7.115, 7.762, 7.615, 6.95, 5.501, 5.468, 6.172, 5.667, 5.515, 5.761, 6.586, 6.876, 6.699, 6.351, 6.485, 7.303, 7.614, 7.729, 7.359, 6.152, 3.722, 2.481, 2.906, 3.034, 3.949, 5.188, 4.654, 3.39, 2.522, 2.912, 4.443, 5.065, 5.354, 6.446, 7.187, 7.478, 7.63, 7.259, 6.464, 6.286, 6.144, 5.303, 4.101, 4.339], [2.49, 2.709, 2.024, 2.103, 1.631, 2.373, 2.857, 2.213, 1.789, 1.636, 1.579, 1.044, 0.0, 2.1, 3.53, 5.074, 6.437, 6.274, 5.076, 4.491, 5.209, 7.681, 8.96, 8.493, 6.052, 4.674, 3.804, 2.772, 2.646, 3.39, 4.758, 4.753, 3.745, 2.784, 2.367, 2.082, 1.965, 2.085, 2.354, 2.436, 2.163, 2.488, 4.181, 5.213, 4.455, 3.398, 3.171, 3.436, 4.424, 3.811, 3.749, 3.016, 1.979, 3.218, 3.6, 3.338, 2.641, 1.603, 2.476, 6.296, 9.314, 10.232, 9.644, 10.25, 9.713, 6.628, 3.982, 2.891, 2.625, 2.99, 2.957, 2.922, 3.359, 3.706, 3.276, 2.783, 3.236, 3.478, 3.394, 4.416, 5.789, 7.602, 8.101, 7.561, 7.335, 7.899, 8.168, 8.285, 7.399, 6.52, 6.167, 6.273, 6.685, 6.709, 6.261, 6.008, 5.999, 5.941, 6.668, 8.627, 9.142, 7.601, 5.678, 4.118, 3.352, 2.118, 1.41, 2.477, 4.289, 4.454, 4.551, 5.342, 5.736, 6.161, 7.441, 8.108, 7.994, 7.291, 5.791, 5.778, 6.498, 5.978, 5.885, 6.071, 6.896, 7.189, 7.019, 6.65, 6.794, 7.609, 7.928, 8.034, 7.657, 6.496, 4.204, 2.784, 2.884, 3.025, 3.569, 4.696, 4.135, 2.866, 2.498, 2.959, 4.022, 4.549, 4.898, 6.016, 6.759, 7.044, 7.196, 6.838, 6.061, 5.881, 5.488, 4.629, 3.697, 3.866], [2.406, 2.817, 2.047, 2.272, 2.491, 3.783, 4.184, 3.191, 2.592, 1.831, 2.221, 2.758, 2.1, 0.0, 2.129, 3.837, 5.119, 4.962, 3.906, 3.277, 3.902, 6.382, 7.739, 7.153, 5.038, 3.767, 3.108, 2.722, 2.41, 2.782, 3.5, 3.469, 2.831, 2.381, 2.202, 1.824, 1.993, 2.826, 2.651, 2.697, 2.133, 1.793, 3.176, 3.969, 3.17, 2.244, 2.384, 3.623, 4.882, 4.645, 4.44, 3.493, 2.591, 4.19, 4.655, 4.54, 4.007, 2.933, 2.53, 5.147, 8.017, 8.89, 8.289, 8.807, 8.296, 5.232, 3.055, 2.809, 2.603, 3.088, 3.159, 3.159, 3.471, 3.913, 3.354, 2.949, 3.081, 3.239, 3.078, 3.412, 4.616, 6.236, 6.699, 6.165, 5.985, 6.482, 6.787, 7.026, 6.358, 5.457, 5.023, 5.127, 5.603, 5.636, 5.17, 5.049, 4.877, 4.878, 5.49, 7.206, 7.826, 6.299, 4.384, 2.93, 2.291, 1.82, 2.215, 3.99, 5.772, 5.943, 5.99, 6.666, 6.939, 7.201, 8.456, 9.445, 9.438, 8.379, 6.964, 6.95, 7.43, 7.217, 7.175, 7.258, 8.005, 8.29, 8.032, 7.935, 8.114, 8.851, 9.182, 9.325, 9.063, 7.811, 5.894, 4.169, 3.308, 3.277, 2.938, 3.714, 3.246, 2.702, 2.959, 3.234, 3.963, 3.877, 4.21, 4.755, 5.369, 5.596, 5.988, 5.565, 4.667, 4.499, 3.789, 3.266, 3.549, 3.698], [3.524, 4.119, 2.785, 2.889, 3.613, 5.27, 5.488, 4.708, 3.933, 2.942, 3.598, 4.148, 3.53, 2.129, 0.0, 2.059, 3.257, 3.187, 2.288, 1.967, 2.205, 4.535, 5.931, 5.341, 3.275, 2.156, 1.829, 2.295, 2.359, 2.148, 2.096, 2.539, 2.316, 2.541, 2.615, 2.602, 3.263, 4.142, 4.364, 3.752, 2.923, 2.001, 2.683, 3.303, 3.285, 2.843, 2.937, 4.095, 5.573, 5.512, 5.553, 4.469, 3.599, 5.278, 5.777, 5.876, 5.449, 4.42, 2.555, 3.357, 6.179, 7.14, 6.564, 7.053, 6.565, 3.685, 2.492, 2.859, 3.15, 3.85, 4.042, 3.635, 3.611, 3.766, 3.697, 3.068, 2.969, 2.785, 2.241, 2.05, 2.937, 4.49, 4.946, 4.446, 4.256, 4.72, 4.989, 5.199, 4.527, 3.622, 3.268, 3.404, 3.805, 3.864, 3.528, 3.304, 3.198, 3.088, 3.695, 5.495, 6.12, 4.619, 2.944, 1.56, 1.548, 1.889, 3.544, 5.437, 7.186, 7.319, 7.49, 8.229, 8.595, 8.978, 10.252, 11.236, 11.225, 10.247, 8.618, 8.612, 9.272, 8.914, 8.759, 8.911, 9.646, 9.972, 9.837, 9.666, 9.773, 10.509, 10.886, 10.932, 10.74, 9.572, 7.445, 5.62, 4.768, 4.709, 3.543, 3.252, 2.842, 3.03, 4.214, 4.692, 5.081, 4.733, 4.2, 4.056, 3.73, 3.892, 4.31, 3.83, 2.892, 2.599, 2.152, 2.045, 3.287, 3.526], [5.36, 5.9, 4.52, 4.585, 5.237, 6.764, 7.091, 6.578, 5.69, 4.698, 5.151, 5.569, 5.074, 3.837, 2.059, 0.0, 1.617, 1.778, 1.619, 2.187, 1.88, 2.732, 4.094, 3.665, 1.714, 2.264, 2.669, 3.34, 3.37, 2.844, 2.293, 2.744, 3.221, 3.816, 4.138, 4.174, 4.951, 5.874, 6.167, 5.455, 4.686, 3.6, 3.574, 3.795, 3.967, 4.043, 4.425, 5.421, 6.979, 7.078, 7.258, 6.122, 5.218, 6.833, 7.317, 7.473, 7.043, 5.775, 3.803, 1.943, 4.365, 5.425, 4.998, 5.437, 4.975, 2.657, 3.505, 4.033, 4.505, 5.29, 5.512, 4.997, 4.905, 5.038, 5.126, 4.446, 4.424, 4.184, 3.593, 2.911, 2.5, 3.115, 3.875, 3.71, 3.412, 3.177, 3.283, 3.509, 2.859, 2.589, 2.491, 2.37, 2.689, 2.918, 2.713, 2.62, 2.47, 2.279, 2.827, 4.189, 4.501, 3.097, 2.352, 1.893, 2.409, 3.496, 5.241, 6.936, 8.745, 8.888, 9.059, 9.939, 10.419, 10.906, 12.142, 13.007, 12.965, 12.095, 10.505, 10.481, 11.206, 10.718, 10.515, 10.794, 11.604, 11.887, 11.709, 11.496, 11.552, 12.353, 12.658, 12.754, 12.499, 11.267, 8.878, 7.184, 5.999, 5.932, 4.675, 3.71, 3.986, 4.338, 5.53, 5.86, 6.183, 5.814, 5.13, 4.573, 3.467, 2.367, 2.977, 2.26, 1.671, 1.26, 1.596, 2.852, 4.542, 4.77], [6.418, 7.256, 5.855, 5.703, 6.235, 7.711, 8.195, 7.815, 6.714, 5.808, 6.018, 6.847, 6.437, 5.119, 3.257, 1.617, 0.0, 1.063, 2.244, 2.657, 2.367, 1.85, 2.969, 2.445, 1.924, 2.715, 3.219, 3.983, 4.153, 3.325, 2.304, 2.723, 3.496, 4.542, 4.928, 4.983, 5.892, 7.027, 7.535, 6.733, 5.815, 4.482, 3.721, 3.726, 3.97, 4.415, 5.026, 6.154, 7.652, 7.762, 8.163, 6.937, 6.178, 7.515, 7.997, 8.442, 8.207, 6.968, 4.397, 1.888, 3.051, 4.041, 3.791, 4.171, 3.786, 2.36, 3.751, 4.532, 5.009, 5.803, 6.025, 5.488, 5.42, 5.522, 5.72, 5.191, 5.225, 5.003, 4.41, 3.513, 2.798, 2.91, 3.63, 3.515, 3.147, 2.753, 2.477, 3.05, 2.782, 2.809, 3.338, 3.383, 3.264, 3.69, 3.55, 3.228, 3.125, 2.812, 2.993, 3.75, 3.387, 2.394, 2.5, 2.687, 3.411, 4.687, 6.382, 7.687, 9.338, 9.694, 10.31, 10.962, 11.477, 12.161, 13.359, 14.335, 14.371, 13.439, 11.661, 11.538, 12.452, 12.054, 11.414, 11.673, 12.586, 12.9, 12.85, 12.744, 12.702, 13.405, 13.716, 13.989, 13.75, 12.598, 10.256, 7.914, 6.501, 6.467, 5.022, 3.937, 4.338, 4.791, 5.927, 6.152, 6.349, 6.004, 5.284, 4.645, 3.353, 1.73, 2.55, 1.808, 1.527, 1.518, 2.417, 3.863, 5.755, 5.957], [6.303, 7.087, 5.725, 5.586, 6.089, 7.504, 8.118, 7.705, 6.593, 5.685, 5.862, 6.705, 6.274, 4.962, 3.187, 1.778, 1.063, 0.0, 1.871, 2.345, 2.111, 1.886, 2.938, 2.618, 1.782, 2.41, 2.945, 3.9, 4.066, 3.148, 2.026, 2.445, 3.225, 4.234, 4.636, 4.793, 5.681, 6.87, 7.358, 6.555, 5.674, 4.336, 3.518, 3.405, 3.639, 4.266, 4.907, 6.045, 7.617, 7.55, 8.001, 6.738, 6.046, 7.409, 7.875, 8.331, 8.089, 6.845, 4.154, 1.681, 3.227, 4.219, 3.962, 4.355, 3.909, 1.843, 3.547, 4.506, 4.947, 5.652, 5.846, 5.239, 5.208, 5.382, 5.492, 4.992, 4.86, 4.523, 3.915, 3.213, 2.494, 2.759, 3.41, 3.22, 2.937, 2.55, 2.6, 2.998, 2.705, 2.874, 3.277, 3.255, 3.304, 3.747, 3.582, 3.151, 3.02, 2.668, 2.848, 3.566, 3.258, 2.172, 2.215, 2.427, 3.283, 4.559, 6.273, 7.625, 9.153, 9.596, 10.166, 10.795, 11.333, 11.992, 13.221, 14.18, 14.223, 13.249, 11.506, 11.409, 12.31, 11.897, 11.289, 11.5, 12.463, 12.788, 12.74, 12.523, 12.579, 13.291, 13.537, 13.914, 13.607, 12.46, 10.097, 7.673, 6.311, 6.298, 4.894, 3.685, 4.093, 4.665, 5.757, 5.835, 6.059, 5.719, 4.98, 4.339, 2.949, 1.607, 2.157, 1.438, 1.5, 1.7, 2.423, 3.654, 5.713, 5.884], [5.398, 5.968, 4.642, 4.694, 5.144, 6.271, 7.06, 6.626, 5.592, 4.674, 4.938, 5.495, 5.076, 3.906, 2.288, 1.619, 2.244, 1.871, 0.0, 1.465, 1.589, 2.914, 4.172, 3.69, 1.616, 1.531, 2.222, 3.247, 3.33, 2.769, 2.102, 2.243, 2.594, 3.36, 3.539, 3.688, 4.594, 5.765, 6.162, 5.304, 4.659, 3.322, 3.125, 3.463, 3.531, 3.538, 3.92, 5.132, 6.846, 6.675, 7.118, 5.802, 5.073, 6.397, 6.88, 7.32, 7.027, 5.64, 3.184, 1.83, 4.471, 5.402, 4.944, 5.342, 4.866, 2.197, 3.046, 3.679, 4.089, 4.636, 4.927, 4.49, 4.477, 4.645, 4.757, 4.315, 4.245, 3.78, 2.917, 2.205, 1.716, 2.978, 3.482, 3.147, 2.818, 3.04, 3.574, 3.508, 2.859, 2.221, 2.511, 2.564, 2.634, 3.142, 2.815, 2.311, 2.189, 2.02, 2.262, 3.785, 4.394, 2.894, 1.6, 1.61, 2.358, 3.54, 5.237, 6.66, 8.162, 8.549, 8.997, 9.613, 10.168, 10.876, 12.156, 12.997, 12.994, 11.995, 10.36, 10.29, 11.23, 10.751, 10.262, 10.467, 11.544, 11.857, 11.742, 11.426, 11.53, 12.283, 12.533, 12.872, 12.476, 11.389, 8.931, 6.76, 5.465, 5.405, 4.182, 3.248, 3.389, 3.857, 4.953, 5.229, 5.528, 5.159, 4.484, 4.043, 2.695, 2.217, 2.45, 2.221, 1.701, 1.536, 1.845, 3.015, 4.925, 5.151], [4.431, 5.272, 3.874, 3.756, 4.224, 5.641, 6.253, 5.838, 4.691, 3.809, 4.064, 4.952, 4.491, 3.277, 1.967, 2.187, 2.657, 2.345, 1.465, 0.0, 1.281, 3.454, 4.854, 4.241, 2.401, 1.218, 1.498, 2.441, 2.503, 1.93, 1.808, 1.845, 1.699, 2.388, 2.773, 2.877, 3.789, 4.974, 5.455, 4.591, 3.77, 2.498, 2.528, 3.282, 3.312, 2.972, 3.039, 4.156, 5.859, 5.781, 6.1, 4.896, 4.193, 5.644, 6.081, 6.391, 6.208, 5.072, 2.683, 2.735, 5.114, 5.992, 5.645, 5.937, 5.475, 2.711, 2.194, 2.813, 3.154, 3.893, 4.126, 3.651, 3.532, 3.648, 3.782, 3.161, 3.178, 2.796, 2.077, 1.392, 2.092, 3.516, 3.802, 3.235, 3.079, 3.628, 4.168, 4.277, 3.674, 2.871, 3.071, 3.23, 3.174, 3.627, 3.221, 2.543, 2.519, 2.369, 2.831, 4.406, 5.047, 3.502, 1.858, 1.467, 1.938, 2.726, 4.448, 5.829, 7.378, 7.754, 8.241, 8.811, 9.33, 10.097, 11.302, 12.387, 12.393, 11.29, 9.522, 9.418, 10.369, 9.974, 9.291, 9.521, 10.568, 10.895, 10.845, 10.723, 10.737, 11.438, 11.67, 12.034, 11.77, 10.628, 8.306, 5.86, 4.689, 4.597, 3.649, 3.087, 2.787, 3.159, 4.172, 4.529, 4.793, 4.481, 3.892, 3.893, 3.004, 2.729, 3.13, 2.771, 2.364, 2.031, 2.194, 2.289, 4.13, 4.333], [5.226, 5.962, 4.608, 4.508, 5.082, 6.648, 7.025, 6.574, 5.536, 4.618, 4.997, 5.661, 5.209, 3.902, 2.205, 1.88, 2.367, 2.111, 1.589, 1.281, 0.0, 2.588, 4.022, 3.441, 1.551, 1.076, 2.043, 2.986, 3.142, 2.444, 1.667, 1.892, 2.418, 3.39, 3.854, 3.861, 4.741, 5.771, 6.241, 5.438, 4.596, 3.377, 3.092, 3.566, 3.7, 3.605, 4.051, 5.169, 6.687, 6.72, 6.974, 5.875, 5.043, 6.617, 7.031, 7.242, 6.96, 5.867, 3.545, 2.51, 4.476, 5.468, 5.36, 5.718, 5.311, 2.57, 2.93, 3.68, 4.103, 4.913, 5.1, 4.504, 4.38, 4.495, 4.617, 3.908, 3.548, 3.009, 2.536, 1.724, 1.716, 2.627, 3.052, 2.519, 2.323, 2.853, 3.309, 3.418, 2.703, 2.237, 2.236, 2.437, 2.528, 2.823, 2.412, 1.835, 1.853, 1.605, 2.099, 3.652, 4.217, 2.791, 1.354, 1.531, 2.399, 3.462, 5.199, 6.672, 8.378, 8.673, 9.093, 9.804, 10.303, 10.87, 12.164, 13.104, 13.141, 12.147, 10.429, 10.317, 11.243, 10.813, 10.229, 10.493, 11.361, 11.678, 11.657, 11.492, 11.464, 12.149, 12.514, 12.847, 12.543, 11.422, 9.037, 6.879, 5.604, 5.537, 4.276, 3.39, 3.504, 4.011, 5.143, 5.384, 5.689, 5.32, 4.632, 4.332, 2.927, 2.206, 2.337, 2.308, 2.193, 1.734, 1.777, 2.384, 4.508, 4.64], [7.632, 8.508, 7.117, 6.953, 7.496, 8.873, 9.451, 9.077, 7.961, 7.064, 7.207, 8.085, 7.681, 6.382, 4.535, 2.732, 1.85, 1.886, 2.914, 3.454, 2.588, 0.0, 1.704, 1.292, 1.68, 3.059, 4.001, 5.073, 5.206, 4.338, 3.039, 3.16, 4.301, 5.602, 6.045, 6.235, 7.114, 8.284, 8.799, 7.996, 7.072, 5.724, 4.37, 4.052, 4.404, 5.291, 5.939, 7.103, 8.532, 8.773, 9.212, 8.119, 7.401, 8.489, 9.206, 9.641, 9.47, 8.176, 5.323, 2.011, 2.494, 3.595, 3.523, 3.842, 3.566, 2.382, 4.261, 5.359, 6.026, 6.731, 6.944, 6.421, 6.168, 6.341, 6.587, 6.224, 5.896, 5.36, 4.985, 3.948, 2.378, 1.821, 2.296, 2.093, 1.822, 1.648, 1.608, 1.726, 1.596, 1.878, 2.576, 2.652, 2.491, 2.834, 2.744, 2.5, 2.508, 2.128, 2.099, 2.16, 2.029, 1.432, 2.319, 3.765, 4.629, 5.938, 7.628, 8.893, 10.186, 10.844, 11.555, 12.205, 12.74, 13.414, 14.601, 15.583, 15.625, 14.695, 12.916, 12.799, 13.706, 13.311, 12.54, 12.712, 13.7, 14.054, 14.076, 13.982, 13.959, 14.643, 14.926, 15.249, 15.0, 13.844, 11.5, 8.994, 7.426, 7.219, 5.646, 4.327, 4.787, 5.648, 6.595, 6.653, 6.719, 6.37, 5.663, 5.023, 3.231, 1.436, 1.452, 1.675, 2.11, 2.218, 3.103, 4.727, 6.907, 7.023], [9.094, 9.832, 8.452, 8.27, 8.851, 10.186, 10.802, 10.431, 9.377, 8.442, 8.561, 9.374, 8.96, 7.739, 5.931, 4.094, 2.969, 2.938, 4.172, 4.854, 4.022, 1.704, 0.0, 1.693, 2.922, 4.341, 5.242, 6.311, 6.502, 5.706, 4.315, 4.528, 5.728, 6.953, 7.289, 7.562, 8.445, 9.64, 10.127, 9.325, 8.445, 7.11, 5.694, 4.874, 5.287, 6.658, 7.342, 8.547, 9.879, 10.184, 10.748, 9.476, 8.821, 9.698, 10.629, 11.185, 10.84, 9.484, 6.512, 3.089, 1.791, 2.886, 2.967, 3.272, 3.003, 3.145, 5.624, 6.707, 7.485, 8.141, 8.407, 7.817, 7.482, 7.739, 7.932, 7.617, 7.247, 6.652, 6.303, 5.397, 3.574, 2.389, 2.727, 2.559, 2.304, 2.129, 1.967, 1.941, 2.183, 2.708, 3.265, 3.423, 3.082, 3.429, 3.331, 3.151, 3.368, 3.219, 2.922, 2.142, 1.429, 2.018, 3.689, 5.071, 5.945, 7.273, 8.956, 10.296, 11.494, 12.182, 12.892, 13.556, 14.102, 14.769, 15.977, 16.874, 16.91, 16.03, 14.267, 14.174, 15.092, 14.661, 14.077, 14.25, 15.226, 15.563, 15.516, 15.307, 15.302, 16.037, 16.329, 16.606, 16.294, 15.144, 12.78, 10.378, 8.785, 8.44, 6.881, 5.44, 5.979, 6.849, 7.734, 7.684, 7.599, 7.162, 6.294, 5.716, 3.811, 2.657, 2.012, 2.562, 3.246, 3.659, 4.446, 6.097, 8.162, 8.267], [8.364, 9.27, 7.903, 7.736, 8.282, 9.666, 10.156, 9.8, 8.631, 7.743, 7.986, 8.907, 8.493, 7.153, 5.341, 3.665, 2.445, 2.618, 3.69, 4.241, 3.441, 1.292, 1.693, 0.0, 2.448, 3.942, 4.849, 5.941, 6.135, 5.301, 3.894, 3.847, 4.912, 6.284, 6.702, 6.936, 7.829, 8.983, 9.513, 8.71, 7.782, 6.364, 4.761, 4.135, 4.832, 5.84, 6.441, 7.559, 8.763, 9.396, 9.808, 8.753, 8.156, 8.952, 9.874, 10.361, 10.227, 9.017, 6.034, 2.623, 2.046, 3.038, 3.157, 3.35, 2.97, 2.746, 4.708, 5.889, 6.7, 7.338, 7.481, 6.894, 6.449, 6.64, 6.838, 6.898, 6.665, 6.149, 5.741, 4.662, 3.017, 2.376, 2.546, 2.43, 2.251, 1.879, 1.846, 2.222, 2.205, 2.577, 3.239, 3.306, 3.004, 3.411, 3.242, 3.094, 3.166, 2.883, 2.47, 2.019, 1.647, 1.544, 3.008, 4.575, 5.44, 6.708, 8.423, 9.673, 10.338, 11.502, 12.266, 12.892, 13.448, 14.12, 15.363, 16.366, 16.406, 15.441, 13.647, 13.46, 14.366, 14.014, 13.227, 13.273, 14.335, 14.731, 14.803, 14.8, 14.751, 15.396, 15.738, 15.996, 15.786, 14.639, 12.297, 9.643, 7.871, 7.46, 5.813, 4.667, 5.011, 6.024, 7.039, 7.039, 6.765, 6.42, 5.738, 5.064, 3.306, 2.036, 2.062, 2.025, 2.849, 2.989, 3.995, 5.671, 7.827, 7.95], [6.47, 7.045, 5.652, 5.647, 6.23, 7.494, 8.101, 7.711, 6.741, 5.761, 6.045, 6.46, 6.052, 5.038, 3.275, 1.714, 1.924, 1.782, 1.616, 2.401, 1.551, 1.68, 2.922, 2.448, 0.0, 1.726, 2.932, 3.963, 4.176, 3.394, 2.278, 2.392, 3.425, 4.517, 4.893, 5.008, 5.873, 6.939, 7.296, 6.503, 5.789, 4.504, 3.947, 4.097, 4.342, 4.656, 5.186, 6.495, 7.946, 7.911, 8.283, 7.043, 6.2, 7.633, 8.156, 8.558, 8.163, 6.62, 4.297, 1.947, 3.671, 4.686, 4.557, 5.001, 4.568, 2.498, 3.866, 4.752, 5.161, 6.014, 6.141, 5.645, 5.426, 5.591, 5.787, 5.23, 4.748, 4.073, 3.541, 2.817, 1.627, 1.877, 2.677, 2.547, 2.106, 2.021, 2.283, 2.377, 1.567, 1.472, 1.825, 1.801, 1.816, 2.268, 2.016, 1.6, 1.617, 1.381, 1.546, 2.799, 3.2, 1.838, 1.47, 2.348, 3.148, 4.561, 6.264, 7.702, 9.425, 9.655, 10.136, 10.904, 11.442, 12.041, 13.322, 14.06, 14.014, 13.22, 11.626, 11.541, 12.4, 11.899, 11.514, 11.801, 12.687, 13.0, 12.871, 12.569, 12.612, 13.39, 13.721, 13.888, 13.496, 12.364, 9.901, 8.039, 6.599, 6.559, 5.195, 4.132, 4.475, 4.872, 6.083, 6.272, 6.563, 6.203, 5.506, 4.925, 3.328, 1.648, 1.6, 1.905, 1.9, 1.561, 2.213, 3.626, 5.572, 5.698], [5.099, 5.71, 4.347, 4.283, 4.841, 6.178, 6.771, 6.371, 5.377, 4.414, 4.644, 5.065, 4.674, 3.767, 2.156, 2.264, 2.715, 2.41, 1.531, 1.218, 1.076, 3.059, 4.341, 3.942, 1.726, 0.0, 1.512, 2.487, 2.75, 2.151, 1.804, 1.904, 2.122, 3.162, 3.504, 3.617, 4.488, 5.587, 5.997, 5.202, 4.438, 3.114, 3.031, 3.665, 3.857, 3.502, 3.847, 5.055, 6.537, 6.52, 6.881, 5.669, 4.844, 6.272, 6.783, 7.159, 6.771, 5.276, 2.91, 2.705, 4.919, 5.992, 5.691, 6.156, 5.742, 2.942, 2.699, 3.435, 3.83, 4.582, 4.782, 4.235, 4.137, 4.288, 4.418, 3.833, 3.489, 2.914, 2.333, 1.642, 1.787, 3.135, 3.532, 2.951, 2.76, 3.33, 3.754, 3.748, 2.914, 2.14, 2.403, 2.595, 2.635, 2.981, 2.523, 1.88, 1.834, 1.666, 2.283, 4.108, 4.686, 3.171, 1.572, 1.475, 2.1, 3.246, 4.903, 6.358, 8.093, 8.304, 8.843, 9.555, 10.095, 10.697, 11.97, 12.687, 12.649, 11.916, 10.24, 10.17, 11.074, 10.599, 10.134, 10.378, 11.295, 11.611, 11.521, 11.212, 11.254, 12.026, 12.333, 12.573, 12.139, 11.036, 8.583, 6.651, 5.325, 5.362, 4.124, 3.5, 3.243, 3.69, 4.832, 5.187, 5.592, 5.237, 4.638, 4.484, 3.276, 2.698, 2.729, 2.593, 2.604, 2.094, 2.331, 2.477, 4.163, 4.279], [4.049, 4.656, 3.303, 3.196, 3.783, 5.09, 5.718, 5.319, 4.313, 3.432, 3.593, 4.201, 3.804, 3.108, 1.829, 2.669, 3.219, 2.945, 2.222, 1.498, 2.043, 4.001, 5.242, 4.849, 2.932, 1.512, 0.0, 1.417, 1.616, 1.341, 1.728, 1.824, 1.453, 2.122, 2.277, 2.553, 3.374, 4.535, 4.973, 4.192, 3.387, 2.194, 2.552, 3.261, 3.326, 2.874, 2.605, 3.668, 5.138, 5.237, 5.77, 4.461, 3.724, 4.972, 5.617, 6.158, 5.721, 4.302, 1.945, 3.208, 5.71, 6.817, 6.509, 6.873, 6.44, 3.563, 1.772, 2.217, 2.644, 3.386, 3.653, 3.167, 2.864, 2.973, 3.116, 2.678, 2.554, 2.293, 1.815, 2.021, 2.717, 4.169, 4.467, 3.833, 3.707, 4.251, 4.838, 4.784, 4.048, 3.064, 3.397, 3.673, 3.647, 4.093, 3.622, 2.98, 2.926, 2.706, 3.309, 5.082, 5.648, 4.161, 2.677, 1.748, 1.786, 2.336, 3.876, 5.251, 6.822, 7.192, 7.786, 8.47, 9.022, 9.663, 10.919, 11.704, 11.726, 10.885, 9.195, 9.118, 10.021, 9.553, 9.06, 9.272, 10.216, 10.546, 10.47, 10.182, 10.219, 10.972, 11.283, 11.518, 11.137, 10.028, 7.615, 5.439, 4.399, 4.338, 3.541, 3.505, 2.609, 2.725, 3.836, 4.248, 4.685, 4.448, 4.108, 4.293, 3.914, 3.513, 3.663, 3.193, 2.917, 2.565, 2.746, 2.276, 3.166, 3.303], [2.983, 3.645, 2.302, 2.191, 2.732, 4.144, 4.677, 4.283, 3.359, 2.793, 2.615, 3.152, 2.772, 2.722, 2.295, 3.34, 3.983, 3.9, 3.247, 2.441, 2.986, 5.073, 6.311, 5.941, 3.963, 2.487, 1.417, 0.0, 0.838, 1.234, 2.432, 2.57, 1.706, 1.528, 1.568, 1.774, 2.407, 3.49, 3.943, 3.281, 2.346, 2.086, 2.805, 3.872, 3.261, 2.613, 2.177, 2.714, 4.211, 4.304, 4.713, 3.471, 2.699, 4.143, 4.647, 5.081, 4.671, 3.298, 1.622, 4.144, 6.748, 7.855, 7.538, 7.862, 7.445, 4.597, 2.029, 1.488, 1.638, 2.414, 2.68, 2.131, 2.084, 2.33, 2.286, 1.769, 2.177, 2.241, 2.137, 2.882, 3.651, 5.182, 5.522, 4.895, 4.799, 5.35, 5.868, 5.828, 5.069, 4.1, 4.419, 4.717, 4.651, 5.075, 4.561, 3.913, 3.958, 3.751, 4.418, 6.188, 6.739, 5.3, 3.755, 2.596, 2.074, 1.958, 2.898, 4.224, 5.932, 6.225, 6.787, 7.441, 7.976, 8.612, 9.863, 10.673, 10.659, 9.847, 8.133, 8.065, 8.973, 8.518, 7.956, 8.222, 9.127, 9.441, 9.412, 9.139, 9.161, 9.914, 10.217, 10.479, 10.078, 8.95, 6.545, 4.439, 3.939, 4.058, 3.6, 3.952, 3.135, 2.27, 2.875, 3.478, 4.137, 4.476, 4.425, 4.817, 4.824, 4.529, 4.748, 4.244, 3.744, 3.383, 3.637, 3.002, 2.806, 2.919], [2.873, 3.452, 2.106, 2.007, 2.521, 3.989, 4.482, 4.063, 3.08, 2.463, 2.262, 3.014, 2.646, 2.41, 2.359, 3.37, 4.153, 4.066, 3.33, 2.503, 3.142, 5.206, 6.502, 6.135, 4.176, 2.75, 1.616, 0.838, 0.0, 1.218, 2.634, 2.72, 1.852, 1.45, 1.678, 1.723, 2.119, 3.272, 3.731, 3.108, 2.372, 2.109, 2.879, 3.911, 3.164, 2.308, 2.046, 2.497, 4.012, 4.146, 4.484, 3.215, 2.529, 3.961, 4.485, 4.856, 4.485, 3.179, 1.655, 4.223, 6.922, 7.972, 7.645, 7.99, 7.552, 4.747, 2.055, 1.425, 1.625, 2.284, 2.51, 2.074, 2.013, 2.429, 2.283, 1.889, 2.335, 2.454, 2.422, 3.188, 3.955, 5.373, 5.701, 5.073, 5.027, 5.549, 6.083, 6.04, 5.305, 4.367, 4.561, 4.826, 4.829, 5.164, 4.728, 4.089, 4.186, 3.962, 4.645, 6.394, 6.934, 5.503, 3.942, 2.767, 2.312, 2.102, 2.635, 4.088, 5.769, 6.056, 6.597, 7.23, 7.757, 8.408, 9.653, 10.481, 10.489, 9.636, 7.923, 7.851, 8.759, 8.297, 7.781, 7.979, 8.943, 9.267, 9.202, 8.95, 8.96, 9.713, 10.017, 10.257, 9.881, 8.764, 6.359, 4.221, 3.587, 3.668, 3.573, 4.049, 3.244, 2.284, 2.729, 3.132, 3.859, 4.244, 4.445, 4.903, 4.858, 4.743, 4.959, 4.446, 3.832, 3.506, 3.728, 3.263, 3.023, 3.088], [3.623, 4.259, 2.894, 2.788, 3.38, 4.82, 5.341, 4.907, 3.883, 2.991, 3.114, 3.81, 3.39, 2.782, 2.148, 2.844, 3.325, 3.148, 2.769, 1.93, 2.444, 4.338, 5.706, 5.301, 3.394, 2.151, 1.341, 1.234, 1.218, 0.0, 1.673, 2.005, 1.406, 1.783, 2.14, 2.21, 2.963, 4.122, 4.569, 3.81, 2.991, 2.163, 2.267, 3.12, 2.688, 2.368, 2.502, 3.442, 4.96, 5.011, 5.333, 4.14, 3.369, 4.796, 5.301, 5.703, 5.32, 4.005, 1.663, 3.347, 6.02, 7.083, 6.665, 7.121, 6.66, 3.742, 1.425, 1.816, 2.343, 3.038, 3.301, 2.751, 2.754, 3.019, 3.02, 2.457, 2.532, 2.626, 2.179, 2.683, 3.34, 4.49, 4.875, 4.237, 4.159, 4.716, 5.193, 5.18, 4.474, 3.999, 4.157, 4.374, 4.396, 4.616, 4.351, 3.602, 3.554, 3.239, 3.9, 5.544, 6.11, 4.683, 3.06, 2.169, 1.762, 2.12, 3.438, 4.856, 6.614, 6.887, 7.403, 8.104, 8.608, 9.236, 10.491, 11.332, 11.336, 10.469, 8.759, 8.692, 9.599, 9.142, 8.608, 8.831, 9.759, 10.086, 10.041, 9.797, 9.786, 10.544, 10.874, 11.108, 10.724, 9.618, 7.244, 5.148, 3.973, 3.96, 3.165, 3.368, 2.786, 2.296, 3.215, 3.429, 3.893, 3.87, 3.885, 4.223, 4.039, 3.882, 4.153, 3.656, 3.035, 2.934, 3.289, 2.963, 3.131, 3.275], [4.868, 5.617, 4.236, 4.078, 4.664, 6.119, 6.599, 6.208, 5.181, 4.247, 4.475, 5.161, 4.758, 3.5, 2.096, 2.293, 2.304, 2.026, 2.102, 1.808, 1.667, 3.039, 4.315, 3.894, 2.278, 1.804, 1.728, 2.432, 2.634, 1.673, 0.0, 1.157, 1.803, 2.963, 3.365, 3.402, 4.299, 5.409, 5.9, 5.113, 4.239, 2.946, 2.236, 2.165, 2.287, 2.844, 3.552, 4.809, 6.289, 6.295, 6.626, 5.437, 4.625, 6.084, 6.574, 6.92, 6.581, 5.291, 2.78, 2.306, 4.636, 5.635, 5.33, 5.741, 5.269, 2.385, 2.018, 3.101, 3.535, 4.297, 4.549, 4.006, 3.867, 4.016, 4.183, 3.604, 3.479, 3.218, 2.68, 2.527, 2.681, 3.158, 3.616, 3.205, 2.856, 3.405, 3.728, 3.887, 3.292, 3.252, 3.54, 3.612, 3.682, 4.136, 3.785, 3.129, 3.015, 2.599, 3.029, 4.143, 4.565, 3.32, 2.132, 1.691, 1.964, 3.061, 4.763, 6.112, 7.835, 8.136, 8.676, 9.379, 9.912, 10.538, 11.778, 12.68, 12.702, 11.794, 10.062, 9.969, 10.885, 10.445, 9.871, 10.141, 11.038, 11.355, 11.303, 11.114, 11.083, 11.816, 12.14, 12.406, 12.084, 10.964, 8.583, 6.428, 5.012, 4.949, 3.44, 2.762, 2.826, 3.194, 4.27, 4.384, 4.586, 4.256, 3.721, 3.275, 2.804, 2.425, 2.657, 2.35, 2.023, 2.232, 2.606, 3.081, 4.298, 4.453], [4.676, 5.563, 4.115, 4.087, 4.536, 5.941, 6.476, 6.115, 5.008, 4.092, 4.354, 5.231, 4.753, 3.469, 2.539, 2.744, 2.723, 2.445, 2.243, 1.845, 1.892, 3.16, 4.528, 3.847, 2.392, 1.904, 1.824, 2.57, 2.72, 2.005, 1.157, 0.0, 1.445, 2.675, 3.13, 3.274, 4.104, 5.23, 5.759, 4.966, 4.047, 2.82, 2.216, 2.444, 2.361, 2.613, 3.333, 4.623, 6.067, 6.149, 6.398, 5.102, 4.529, 5.769, 6.391, 6.853, 6.589, 5.295, 2.812, 2.651, 4.899, 5.791, 5.514, 5.966, 5.369, 2.416, 1.875, 2.828, 3.38, 4.113, 4.268, 3.767, 3.572, 3.66, 3.892, 3.5, 3.45, 3.043, 2.514, 2.406, 2.8, 3.357, 3.493, 3.216, 2.946, 3.319, 3.992, 4.107, 3.411, 3.302, 3.744, 3.748, 3.765, 4.314, 3.94, 3.234, 3.081, 2.679, 2.998, 4.09, 4.653, 3.078, 1.846, 1.923, 2.278, 2.984, 4.653, 5.988, 7.371, 7.815, 8.531, 9.163, 9.73, 10.413, 11.603, 12.596, 12.611, 11.664, 9.94, 9.738, 10.618, 10.26, 9.664, 9.853, 10.804, 11.163, 11.068, 10.969, 10.969, 11.676, 12.003, 12.213, 12.017, 10.845, 8.499, 6.096, 4.643, 4.501, 3.166, 2.806, 2.581, 2.695, 3.898, 4.137, 4.309, 4.118, 3.821, 3.526, 2.995, 2.436, 2.85, 2.474, 2.425, 2.389, 2.858, 3.452, 4.556, 4.664], [3.523, 4.539, 3.152, 3.08, 3.54, 4.997, 5.393, 5.039, 3.93, 3.044, 3.237, 4.245, 3.745, 2.831, 2.316, 3.221, 3.496, 3.225, 2.594, 1.699, 2.418, 4.301, 5.728, 4.912, 3.425, 2.122, 1.453, 1.706, 1.852, 1.406, 1.803, 1.445, 0.0, 1.528, 2.068, 2.169, 2.993, 4.111, 4.628, 3.826, 2.897, 1.844, 1.888, 2.846, 2.577, 2.314, 2.44, 3.605, 5.104, 5.097, 5.259, 4.137, 3.559, 4.901, 5.394, 5.772, 5.525, 4.368, 2.005, 3.555, 5.939, 6.846, 6.392, 6.939, 6.282, 3.339, 1.365, 1.938, 2.423, 3.041, 3.192, 2.689, 2.586, 2.727, 2.805, 2.503, 2.579, 2.478, 2.05, 2.255, 3.014, 4.492, 4.577, 3.976, 4.021, 4.494, 5.247, 5.369, 4.708, 3.935, 4.275, 4.432, 4.319, 4.775, 4.382, 3.628, 3.522, 3.326, 3.77, 5.129, 5.729, 4.087, 2.414, 1.973, 1.898, 2.096, 3.55, 4.79, 6.206, 6.746, 7.412, 8.048, 8.603, 9.236, 10.466, 11.465, 11.503, 10.579, 8.756, 8.577, 9.483, 9.129, 8.431, 8.616, 9.58, 9.995, 9.999, 9.955, 9.916, 10.567, 10.877, 11.094, 10.882, 9.739, 7.4, 4.898, 3.614, 3.452, 2.763, 2.956, 2.249, 1.971, 3.061, 3.385, 3.635, 3.631, 3.51, 3.943, 3.674, 3.487, 4.047, 3.58, 3.261, 2.796, 3.403, 3.248, 3.829, 3.974], [2.585, 3.488, 2.214, 2.232, 2.59, 3.854, 4.419, 3.909, 2.821, 2.209, 2.338, 3.342, 2.784, 2.381, 2.541, 3.816, 4.542, 4.234, 3.36, 2.388, 3.39, 5.602, 6.953, 6.284, 4.517, 3.162, 2.122, 1.528, 1.45, 1.783, 2.963, 2.675, 1.528, 0.0, 1.308, 1.302, 1.734, 2.816, 3.338, 2.512, 1.708, 1.745, 2.566, 3.746, 2.909, 2.346, 2.077, 2.668, 4.344, 4.286, 4.304, 3.12, 2.494, 3.985, 4.495, 4.673, 4.414, 3.402, 1.802, 4.632, 7.249, 8.163, 7.678, 7.918, 7.426, 4.263, 2.031, 1.58, 1.656, 2.238, 2.454, 2.02, 1.934, 2.21, 2.103, 1.493, 2.157, 2.356, 2.183, 2.649, 3.903, 5.538, 5.796, 5.253, 5.209, 5.65, 6.278, 6.368, 5.84, 4.926, 5.004, 5.196, 5.182, 5.635, 5.185, 4.556, 4.572, 4.392, 4.787, 6.24, 6.901, 5.329, 3.568, 2.513, 2.191, 1.815, 2.5, 3.97, 5.45, 5.786, 6.188, 6.683, 7.246, 8.016, 9.321, 10.354, 10.394, 9.222, 7.466, 7.277, 8.237, 7.864, 7.274, 7.431, 8.543, 8.97, 8.945, 8.792, 8.811, 9.481, 9.764, 10.058, 9.782, 8.661, 6.331, 3.959, 3.417, 3.285, 3.182, 3.48, 2.781, 1.845, 2.399, 2.757, 3.244, 3.75, 3.826, 4.404, 4.724, 4.669, 5.179, 4.746, 4.145, 3.734, 3.847, 3.553, 3.466, 3.572], [2.417, 3.227, 1.987, 2.101, 2.164, 3.287, 3.987, 3.586, 2.668, 2.142, 2.156, 2.829, 2.367, 2.202, 2.615, 4.138, 4.928, 4.636, 3.539, 2.773, 3.854, 6.045, 7.289, 6.702, 4.893, 3.504, 2.277, 1.568, 1.678, 2.14, 3.365, 3.13, 2.068, 1.308, 0.0, 1.077, 1.508, 2.553, 3.069, 2.574, 1.747, 1.494, 2.612, 3.841, 3.232, 2.381, 1.965, 2.617, 4.07, 3.822, 4.083, 2.959, 2.225, 3.586, 4.265, 4.509, 3.997, 2.835, 1.619, 4.752, 7.591, 8.467, 7.955, 8.281, 7.787, 4.753, 2.286, 1.727, 1.576, 2.0, 2.334, 1.962, 2.266, 2.548, 2.152, 1.841, 2.551, 2.72, 2.301, 2.91, 4.203, 5.977, 6.268, 5.708, 5.548, 6.081, 6.73, 6.714, 6.2, 5.204, 5.412, 5.644, 5.567, 6.102, 5.615, 4.972, 4.963, 4.752, 5.109, 6.731, 7.289, 5.706, 4.046, 2.928, 2.273, 1.642, 2.193, 3.507, 4.957, 5.379, 5.799, 6.319, 6.874, 7.66, 8.941, 9.923, 9.946, 8.821, 7.112, 7.041, 7.996, 7.539, 6.978, 7.204, 8.299, 8.637, 8.543, 8.335, 8.362, 9.053, 9.35, 9.667, 9.343, 8.246, 5.868, 3.532, 3.195, 3.206, 2.916, 3.442, 2.753, 1.961, 2.196, 2.713, 3.232, 3.613, 3.593, 4.386, 4.902, 5.204, 5.477, 5.084, 4.279, 4.314, 4.299, 3.673, 3.552, 3.748], [2.601, 3.334, 2.151, 2.164, 2.179, 3.249, 3.781, 3.301, 2.198, 1.591, 1.841, 2.566, 2.082, 1.824, 2.602, 4.174, 4.983, 4.793, 3.688, 2.877, 3.861, 6.235, 7.562, 6.936, 5.008, 3.617, 2.553, 1.774, 1.723, 2.21, 3.402, 3.274, 2.169, 1.302, 1.077, 0.0, 1.341, 2.267, 2.82, 2.508, 1.612, 1.158, 2.567, 3.77, 2.976, 2.011, 1.784, 2.745, 4.408, 4.015, 3.993, 2.876, 2.096, 3.498, 3.824, 3.972, 3.704, 2.702, 1.615, 4.987, 7.853, 8.729, 8.129, 8.393, 7.963, 4.849, 2.413, 1.887, 1.656, 1.977, 2.338, 2.186, 2.507, 2.781, 2.547, 1.902, 2.652, 2.804, 2.479, 2.893, 4.298, 6.045, 6.468, 5.923, 5.779, 6.26, 6.746, 6.902, 6.34, 5.361, 5.519, 5.704, 5.642, 6.114, 5.63, 5.009, 5.009, 4.899, 5.309, 6.914, 7.536, 5.98, 4.115, 2.851, 2.291, 1.499, 1.886, 3.304, 4.966, 5.264, 5.514, 6.101, 6.655, 7.395, 8.715, 9.728, 9.773, 8.572, 6.828, 6.68, 7.657, 7.279, 6.73, 6.916, 7.964, 8.358, 8.316, 8.149, 8.163, 8.853, 9.139, 9.476, 9.189, 8.069, 5.713, 3.436, 2.923, 2.795, 2.712, 3.277, 2.577, 1.686, 2.132, 2.489, 2.809, 3.358, 3.321, 4.24, 4.965, 5.268, 5.766, 5.361, 4.481, 4.314, 4.251, 3.951, 3.84, 4.035], [2.088, 2.524, 1.789, 1.979, 1.766, 2.675, 3.267, 2.652, 1.898, 1.823, 1.475, 2.278, 1.965, 1.993, 3.263, 4.951, 5.892, 5.681, 4.594, 3.789, 4.741, 7.114, 8.445, 7.829, 5.873, 4.488, 3.374, 2.407, 2.119, 2.963, 4.299, 4.104, 2.993, 1.734, 1.508, 1.341, 0.0, 1.47, 1.811, 1.58, 1.253, 1.959, 3.483, 4.651, 3.752, 2.507, 2.278, 2.352, 3.721, 3.468, 3.302, 2.214, 1.613, 3.075, 3.567, 3.595, 3.086, 2.135, 2.392, 5.876, 8.747, 9.622, 