[[0.0, 4.916, 5.082, 5.211, 5.632, 6.348, 8.842, 10.421, 8.594, 6.405, 6.59, 8.553, 9.747, 8.993, 8.516, 9.394, 9.055, 7.246, 8.898, 11.571, 13.259, 13.358, 13.473, 13.9, 14.214, 14.368, 15.258, 16.403, 18.491, 19.352, 19.153, 19.238, 20.439, 22.373, 23.77, 23.878, 23.921, 24.554, 24.405, 23.56, 23.151, 22.864, 23.01, 21.55, 19.519, 18.232, 18.11, 19.942, 19.623, 21.159, 22.709, 22.405, 20.508, 17.752, 15.275, 15.244, 15.376, 13.459, 10.937, 10.777, 13.082, 15.73, 16.135, 15.485, 15.104, 14.937, 15.533, 17.549, 18.237, 18.287, 17.497, 16.513, 15.713, 15.038, 13.354, 8.432, 3.288, 4.16, 7.752, 6.56, 7.471, 15.274, 21.614, 26.939, 29.852, 29.151, 26.839, 24.306, 22.469, 29.661, 40.401, 41.549, 41.31, 41.174, 39.565, 40.895, 41.04, 39.001, 37.063, 37.08, 36.599, 36.158, 34.23, 32.518, 32.877, 32.558, 31.034, 29.523, 29.205, 29.193, 26.236, 21.867, 21.362, 21.044, 19.354, 23.508, 26.455, 27.47, 27.834, 28.73, 29.569, 30.589, 32.356, 32.796, 33.725, 34.768, 35.471, 36.699, 37.656, 37.977, 36.985, 36.321, 36.601, 35.999, 35.155, 35.149, 35.354, 36.49, 38.012, 38.031, 34.539, 29.928, 31.234, 32.485, 31.218, 31.634, 33.684, 35.567, 36.013, 36.058, 36.634, 37.091, 37.251, 37.445, 37.465, 37.492, 38.179, 38.569, 38.365, 35.849, 40.059, 45.343, 43.37, 39.412, 39.633, 38.646, 35.929, 29.539, 22.296, 20.078, 22.563, 23.026, 19.757, 20.386, 19.595, 19.645, 22.064, 22.132, 21.365, 21.892, 21.726, 21.164, 21.898, 22.524, 22.592, 22.306, 20.764, 19.964, 19.27, 18.35, 18.19, 18.074, 17.377, 16.873, 16.316, 17.143, 18.563, 20.266, 22.078, 23.496, 23.645, 22.198, 21.024, 19.431, 19.829, 20.002], [4.916, 0.0, 1.448, 1.619, 1.836, 2.24, 4.361, 5.815, 4.229, 3.076, 3.37, 4.26, 5.174, 4.702, 4.779, 5.05, 4.542, 3.111, 4.526, 6.969, 8.576, 8.719, 8.879, 9.306, 9.62, 9.821, 10.662, 11.792, 13.878, 14.701, 14.49, 14.614, 15.845, 17.778, 19.17, 19.284, 19.327, 19.915, 19.798, 18.877, 18.468, 18.279, 18.413, 16.972, 14.925, 13.656, 13.821, 15.34, 15.022, 16.606, 18.106, 17.804, 15.908, 13.158, 10.681, 10.65, 10.779, 8.864, 6.34, 6.184, 8.487, 11.136, 11.541, 10.891, 10.509, 10.343, 10.939, 12.951, 13.552, 13.558, 12.988, 12.012, 11.67, 10.926, 9.76, 4.952, 3.728, 2.181, 3.66, 2.587, 2.992, 10.68, 16.981, 22.333, 25.537, 24.552, 22.078, 19.684, 17.869, 24.969, 35.803, 36.902, 36.705, 36.537, 34.939, 36.272, 36.43, 34.367, 32.422, 32.444, 31.982, 31.552, 29.603, 27.889, 28.239, 27.92, 26.399, 24.885, 24.565, 24.558, 21.61, 17.249, 16.75, 16.388, 14.709, 18.863, 21.821, 22.808, 23.179, 24.083, 24.859, 25.978, 27.751, 28.174, 29.091, 30.139, 30.828, 32.025, 33.031, 33.373, 32.389, 31.694, 31.959, 31.362, 30.518, 30.505, 30.718, 31.85, 33.371, 33.391, 29.897, 25.287, 26.645, 27.859, 26.63, 27.057, 29.071, 30.981, 31.426, 31.469, 32.037, 32.508, 32.663, 32.851, 32.869, 32.895, 33.597, 33.967, 33.755, 31.209, 35.39, 40.7, 38.73, 34.783, 35.0, 34.008, 31.313, 24.932, 17.695, 15.478, 17.957, 18.432, 15.163, 15.786, 15.001, 15.011, 17.469, 17.537, 16.771, 17.289, 17.119, 16.563, 17.297, 17.923, 17.991, 17.705, 16.164, 15.363, 14.675, 13.749, 13.596, 13.467, 12.786, 12.302, 12.277, 12.973, 14.205, 15.975, 17.442, 18.735, 18.922, 17.636, 16.417, 14.831, 15.223, 15.363], [5.082, 1.448, 0.0, 1.397, 2.511, 2.468, 4.287, 5.666, 3.947, 2.352, 2.545, 3.854, 5.016, 4.416, 4.271, 4.773, 4.3, 2.717, 4.442, 6.862, 8.407, 8.577, 8.73, 9.157, 9.471, 9.625, 10.509, 11.642, 13.719, 14.559, 14.348, 14.465, 15.696, 17.629, 19.022, 19.135, 19.178, 19.772, 19.639, 18.722, 18.292, 18.121, 18.263, 16.807, 14.776, 13.488, 13.487, 15.188, 14.874, 16.387, 17.947, 17.656, 15.76, 13.009, 10.532, 10.501, 10.63, 8.715, 6.189, 6.034, 8.346, 10.986, 11.392, 10.742, 10.36, 10.194, 10.79, 12.795, 13.386, 13.422, 12.593, 11.717, 11.104, 10.445, 9.156, 4.43, 3.784, 1.562, 3.482, 2.267, 2.741, 10.531, 16.829, 22.07, 25.171, 24.307, 21.903, 19.537, 17.72, 24.836, 35.62, 36.708, 36.531, 36.385, 34.774, 36.104, 36.258, 34.21, 32.28, 32.299, 31.809, 31.381, 29.443, 27.744, 28.096, 27.781, 26.259, 24.747, 24.422, 24.409, 21.467, 17.09, 16.591, 16.238, 14.56, 18.714, 21.666, 22.67, 23.031, 23.93, 24.723, 25.824, 27.597, 28.02, 28.943, 29.986, 30.684, 31.877, 32.868, 33.199, 32.202, 31.534, 31.813, 31.218, 30.37, 30.359, 30.57, 31.701, 33.229, 33.243, 29.754, 25.145, 26.445, 27.673, 26.43, 26.856, 28.901, 30.792, 31.233, 31.287, 31.855, 32.311, 32.469, 32.664, 32.684, 32.711, 33.404, 33.788, 33.583, 31.061, 35.235, 40.531, 38.584, 34.63, 34.849, 33.865, 31.159, 24.777, 17.544, 15.329, 17.808, 18.282, 15.014, 15.637, 14.852, 14.864, 17.32, 17.388, 16.622, 17.135, 16.965, 16.415, 17.148, 17.775, 17.843, 17.557, 16.015, 15.215, 14.526, 13.601, 13.447, 13.288, 12.631, 12.13, 11.758, 12.417, 13.739, 15.434, 17.085, 18.559, 18.73, 17.395, 16.258, 14.672, 15.056, 15.207], [5.211, 1.619, 1.397, 0.0, 1.921, 1.894, 3.99, 5.452, 4.173, 2.642, 3.088, 3.944, 4.681, 4.353, 4.469, 4.735, 4.186, 2.814, 4.109, 6.613, 8.179, 8.272, 8.357, 8.753, 9.068, 9.301, 10.146, 11.276, 13.406, 14.272, 14.054, 14.158, 15.293, 17.226, 18.633, 18.77, 18.793, 19.467, 19.31, 18.48, 18.071, 17.718, 17.864, 16.404, 14.373, 13.097, 13.249, 14.801, 14.485, 16.02, 17.623, 17.267, 15.368, 12.606, 10.129, 10.098, 10.23, 8.339, 5.799, 5.661, 7.935, 10.583, 10.989, 10.339, 9.957, 9.791, 10.386, 12.442, 13.157, 13.201, 12.646, 11.819, 11.254, 10.459, 9.375, 4.505, 3.929, 1.697, 3.406, 2.299, 2.624, 10.132, 16.576, 21.94, 24.94, 24.123, 21.74, 19.15, 17.332, 24.578, 35.343, 36.51, 36.188, 36.028, 34.425, 35.759, 35.915, 33.857, 31.92, 31.94, 31.461, 31.031, 29.147, 27.376, 27.734, 27.417, 25.894, 24.378, 24.079, 24.104, 21.122, 16.756, 16.26, 15.957, 14.269, 18.422, 21.368, 22.382, 22.746, 23.639, 24.473, 25.448, 27.219, 27.657, 28.586, 29.628, 30.319, 31.605, 32.524, 32.862, 31.86, 31.177, 31.458, 30.853, 30.013, 30.001, 30.21, 31.344, 32.868, 32.885, 29.395, 24.785, 26.127, 27.435, 26.177, 26.54, 28.577, 30.454, 30.909, 30.957, 31.516, 31.991, 32.145, 32.335, 32.355, 32.381, 33.077, 33.452, 33.241, 30.703, 34.965, 40.273, 38.224, 34.272, 34.49, 33.506, 30.792, 24.402, 17.159, 14.941, 17.438, 17.879, 14.63, 15.247, 14.449, 14.559, 16.917, 16.985, 16.219, 16.754, 16.59, 16.026, 16.76, 17.387, 17.447, 17.168, 15.617, 14.818, 14.123, 13.213, 13.044, 12.942, 12.227, 11.745, 11.617, 12.576, 13.697, 15.584, 17.097, 18.402, 18.544, 17.169, 15.934, 14.341, 14.748, 14.918], [5.632, 1.836, 2.511, 1.921, 0.0, 1.812, 3.796, 5.381, 4.316, 3.475, 4.015, 4.481, 4.836, 4.725, 5.113, 5.184, 4.63, 3.606, 3.647, 6.487, 8.269, 8.063, 7.96, 8.269, 8.783, 9.407, 10.057, 10.98, 13.181, 14.111, 13.884, 14.012, 14.989, 16.742, 18.281, 18.44, 18.501, 19.052, 19.077, 18.274, 17.859, 17.721, 17.761, 16.513, 14.083, 13.153, 13.815, 14.586, 14.259, 16.261, 17.33, 16.825, 14.882, 12.121, 9.65, 9.766, 9.845, 8.116, 5.698, 5.298, 7.494, 10.098, 10.503, 9.854, 9.472, 9.305, 9.932, 12.155, 12.956, 13.493, 13.44, 12.674, 12.14, 11.332, 10.223, 5.55, 4.212, 2.552, 3.353, 2.639, 3.055, 9.962, 16.969, 22.205, 25.431, 24.486, 21.843, 19.12, 17.236, 24.449, 35.058, 36.383, 35.869, 35.659, 34.063, 35.402, 35.574, 33.489, 31.522, 31.512, 31.115, 30.688, 28.869, 27.003, 27.369, 27.029, 25.477, 23.983, 23.707, 23.741, 20.849, 16.45, 15.847, 15.551, 13.845, 18.007, 20.975, 22.086, 22.38, 23.325, 24.372, 25.081, 26.738, 27.19, 28.137, 29.177, 29.903, 31.278, 32.163, 32.523, 31.521, 30.81, 31.071, 30.481, 29.671, 29.643, 29.797, 30.932, 32.48, 32.491, 28.98, 24.354, 25.816, 27.155, 25.902, 26.306, 28.439, 30.142, 30.59, 30.643, 31.197, 31.664, 31.835, 32.038, 32.034, 32.067, 32.776, 33.138, 32.89, 30.312, 34.647, 39.97, 37.837, 33.824, 34.1, 33.102, 30.319, 23.938, 16.808, 14.459, 17.005, 17.407, 14.196, 14.761, 14.12, 14.56, 16.456, 16.569, 15.789, 16.269, 16.133, 15.561, 16.306, 16.905, 16.965, 16.688, 15.137, 14.332, 13.638, 12.744, 12.575, 13.453, 12.594, 11.792, 12.428, 13.46, 14.561, 16.506, 17.743, 18.552, 18.62, 17.67, 15.679, 14.058, 14.678, 14.842], [6.348, 2.24, 2.468, 1.894, 1.812, 0.0, 2.666, 4.247, 3.498, 2.649, 3.045, 3.593, 3.901, 3.736, 4.137, 4.201, 3.558, 2.644, 2.663, 5.418, 7.15, 7.086, 7.177, 7.571, 7.972, 8.565, 9.006, 10.091, 12.226, 13.148, 12.935, 13.035, 14.098, 16.025, 17.439, 17.586, 17.608, 18.282, 18.183, 17.349, 16.931, 16.589, 16.71, 15.347, 13.186, 12.003, 12.634, 13.626, 13.301, 15.02, 16.459, 16.068, 14.166, 11.405, 8.928, 8.896, 9.028, 7.195, 4.689, 4.532, 6.735, 9.382, 9.787, 9.138, 8.756, 8.59, 9.185, 11.26, 12.018, 12.328, 12.288, 11.511, 11.009, 10.165, 9.076, 4.413, 4.862, 2.451, 2.569, 1.791, 2.142, 9.12, 15.804, 20.965, 24.146, 23.219, 20.789, 18.074, 16.17, 23.466, 34.232, 35.477, 35.059, 34.879, 33.285, 34.623, 34.786, 32.714, 30.758, 30.757, 30.338, 29.908, 28.033, 26.222, 26.573, 26.247, 24.723, 23.221, 22.914, 22.953, 19.985, 15.585, 15.084, 14.781, 13.09, 17.244, 20.204, 21.244, 21.594, 22.479, 23.39, 24.272, 26.02, 26.468, 27.409, 28.444, 29.154, 30.468, 31.377, 31.734, 30.733, 30.025, 30.308, 29.706, 28.873, 28.842, 29.046, 30.181, 31.709, 31.734, 28.228, 23.61, 24.995, 26.312, 25.059, 25.457, 27.539, 29.342, 29.79, 29.836, 30.397, 30.864, 31.031, 31.236, 31.239, 31.267, 31.975, 32.341, 32.106, 29.549, 33.846, 39.151, 37.071, 33.088, 33.335, 32.335, 29.598, 23.21, 15.963, 13.742, 16.253, 16.678, 13.445, 14.045, 13.247, 13.413, 15.716, 15.799, 15.023, 15.553, 15.397, 14.829, 15.561, 16.187, 16.245, 15.969, 14.416, 13.617, 12.922, 12.011, 11.843, 12.168, 11.336, 10.825, 11.279, 12.304, 13.407, 15.363, 16.559, 17.371, 17.57, 16.529, 14.802, 13.184, 13.599, 13.811], [8.842, 4.361, 4.287, 3.99, 3.796, 2.666, 0.0, 1.944, 2.331, 2.921, 2.91, 3.168, 2.464, 2.281, 2.966, 3.035, 2.568, 2.669, 1.372, 3.013, 4.601, 4.57, 4.679, 5.165, 5.799, 6.586, 6.533, 7.578, 9.705, 10.586, 10.359, 10.481, 11.598, 13.536, 14.963, 15.043, 15.133, 15.766, 15.737, 14.855, 14.368, 14.196, 14.27, 13.026, 10.737, 9.743, 10.407, 11.254, 10.829, 12.615, 13.991, 13.567, 11.671, 8.911, 6.437, 6.415, 6.641, 4.922, 2.651, 2.479, 4.294, 6.888, 7.293, 6.644, 6.262, 6.096, 6.718, 8.715, 9.481, 10.083, 10.157, 9.459, 9.082, 8.266, 7.251, 2.955, 7.334, 4.9, 2.292, 2.643, 2.489, 7.08, 13.847, 18.661, 21.778, 20.851, 18.241, 15.586, 13.806, 20.899, 31.714, 32.93, 32.568, 32.38, 30.783, 32.122, 32.289, 30.211, 28.255, 28.258, 27.825, 27.408, 25.488, 23.732, 24.073, 23.748, 22.22, 20.709, 20.382, 20.402, 17.444, 13.034, 12.538, 12.235, 10.545, 14.698, 17.642, 18.668, 19.023, 19.925, 20.821, 21.759, 23.519, 23.962, 24.899, 25.96, 26.654, 27.927, 28.886, 29.232, 28.223, 27.527, 27.805, 27.199, 26.37, 26.336, 26.545, 27.68, 29.202, 29.226, 25.725, 21.111, 22.532, 23.812, 22.559, 22.973, 25.006, 26.866, 27.321, 27.358, 27.918, 28.397, 28.551, 28.771, 28.751, 28.784, 29.495, 29.878, 29.607, 27.059, 31.296, 36.616, 34.565, 30.585, 30.838, 29.825, 27.094, 20.704, 13.458, 11.241, 13.722, 14.184, 10.915, 11.549, 10.753, 10.92, 13.222, 13.29, 12.523, 13.054, 12.892, 12.326, 13.06, 13.686, 13.751, 13.468, 11.922, 11.122, 10.428, 9.513, 9.364, 9.768, 8.937, 8.662, 9.221, 10.193, 11.271, 13.217, 14.384, 14.872, 15.147, 14.464, 12.316, 10.763, 11.196, 11.387], [10.421, 5.815, 5.666, 5.452, 5.381, 4.247, 1.944, 0.0, 2.289, 4.261, 4.189, 3.068, 1.857, 1.984, 3.216, 2.532, 2.274, 3.631, 2.013, 1.52, 3.091, 3.099, 3.376, 3.729, 4.522, 5.203, 5.201, 6.214, 8.218, 9.05, 8.844, 8.991, 10.168, 12.208, 13.627, 13.607, 13.819, 14.368, 14.451, 13.487, 12.86, 12.768, 12.873, 11.69, 9.468, 8.485, 9.173, 10.028, 9.451, 11.217, 12.585, 12.112, 10.215, 7.481, 5.029, 5.04, 5.205, 3.585, 1.4, 1.614, 2.986, 5.456, 5.859, 5.221, 4.832, 4.669, 5.338, 7.277, 7.927, 8.636, 8.729, 7.98, 7.542, 6.739, 5.734, 2.691, 8.867, 6.526, 3.304, 4.075, 3.317, 5.677, 12.327, 17.218, 20.418, 19.488, 16.731, 14.164, 12.514, 19.282, 30.255, 31.395, 31.125, 30.918, 29.325, 30.662, 30.83, 28.753, 26.794, 26.799, 26.365, 25.949, 24.023, 22.268, 22.63, 22.294, 20.762, 19.248, 18.948, 18.934, 16.006, 11.6, 11.095, 10.734, 9.027, 13.135, 16.153, 17.158, 17.457, 18.419, 19.29, 20.296, 22.063, 22.507, 23.442, 24.523, 25.195, 26.426, 27.417, 27.762, 26.773, 26.073, 26.338, 25.738, 24.924, 24.9, 25.08, 26.221, 27.745, 27.77, 24.265, 19.651, 21.054, 22.303, 21.105, 21.564, 23.597, 25.401, 25.86, 25.907, 26.466, 26.935, 27.102, 27.343, 27.297, 27.344, 28.052, 28.471, 28.146, 25.61, 29.772, 34.999, 33.111, 29.129, 29.375, 28.365, 25.64, 19.25, 12.003, 9.808, 12.292, 12.754, 9.486, 10.093, 9.347, 9.3, 11.792, 11.86, 11.094, 11.598, 11.442, 10.871, 11.604, 12.231, 12.298, 12.013, 10.471, 9.67, 8.988, 8.064, 8.025, 8.395, 7.573, 7.347, 7.896, 8.679, 9.962, 11.733, 12.981, 13.425, 13.809, 12.934, 10.977, 9.459, 9.823, 9.955], [8.594, 4.229, 3.947, 4.173, 4.316, 3.498, 2.331, 2.289, 0.0, 2.585, 2.416, 1.663, 1.674, 1.392, 2.078, 1.7, 1.676, 1.867, 1.956, 3.453, 5.173, 4.972, 5.018, 5.402, 5.753, 5.986, 6.991, 8.019, 10.17, 11.076, 10.849, 10.961, 12.105, 13.855, 15.393, 15.514, 15.484, 15.982, 16.023, 15.147, 14.822, 14.643, 14.755, 13.404, 11.119, 10.071, 10.513, 11.591, 11.291, 13.185, 14.266, 13.978, 11.972, 9.225, 6.748, 6.833, 6.998, 4.971, 2.639, 2.451, 4.555, 7.203, 7.608, 6.958, 6.577, 6.41, 7.006, 9.208, 9.938, 10.247, 9.922, 9.026, 8.443, 7.677, 6.373, 2.136, 6.954, 4.6, 1.828, 2.705, 2.135, 6.896, 13.534, 18.908, 22.244, 21.241, 18.816, 16.162, 14.205, 21.378, 32.021, 33.331, 32.935, 32.733, 31.14, 32.478, 32.64, 30.568, 28.602, 28.597, 28.209, 27.837, 25.905, 24.102, 24.443, 24.113, 22.593, 21.098, 20.74, 20.735, 17.898, 13.464, 12.874, 12.519, 10.786, 14.97, 18.0, 19.103, 19.38, 20.345, 21.346, 22.247, 23.895, 24.284, 25.235, 26.293, 27.052, 28.214, 29.25, 29.583, 28.615, 27.879, 28.144, 27.578, 26.732, 26.704, 26.905, 28.021, 29.559, 29.58, 26.068, 21.443, 22.855, 24.039, 22.836, 23.335, 25.514, 27.247, 27.7, 27.749, 28.319, 28.763, 28.913, 29.076, 29.087, 29.113, 29.816, 30.184, 29.959, 27.397, 31.573, 36.883, 34.949, 30.912, 31.196, 30.184, 27.398, 21.02, 13.947, 11.564, 14.072, 14.499, 11.254, 11.849, 11.222, 11.416, 13.556, 13.702, 12.926, 13.355, 13.233, 12.668, 13.361, 14.01, 14.055, 13.817, 12.255, 11.478, 10.753, 9.832, 9.663, 10.304, 9.503, 8.561, 9.133, 10.026, 11.255, 13.015, 14.398, 15.425, 15.57, 14.262, 12.741, 10.967, 11.487, 11.535], [6.405, 3.076, 2.352, 2.642, 3.475, 2.649, 2.921, 4.261, 2.585, 0.0, 1.148, 2.721, 3.507, 2.756, 2.652, 3.178, 2.974, 1.591, 2.959, 5.437, 7.135, 7.171, 7.256, 7.66, 7.974, 8.13, 9.085, 10.175, 12.31, 13.214, 13.0, 13.1, 14.2, 16.133, 17.538, 17.669, 17.692, 18.366, 18.247, 17.419, 17.01, 16.624, 16.77, 15.311, 13.279, 12.003, 11.949, 13.712, 13.4, 14.944, 16.528, 16.172, 14.274, 11.512, 9.035, 9.004, 9.136, 7.238, 4.705, 4.537, 6.842, 9.49, 9.895, 9.245, 8.864, 8.697, 9.293, 11.341, 12.097, 12.185, 11.41, 10.431, 9.667, 8.925, 7.248, 2.379, 4.819, 2.754, 2.049, 1.71, 2.005, 9.034, 15.446, 20.813, 23.698, 23.032, 20.763, 18.096, 16.247, 23.526, 34.251, 35.433, 35.119, 34.961, 33.362, 34.693, 34.844, 32.795, 30.846, 30.858, 30.402, 29.963, 28.073, 26.304, 26.663, 26.343, 24.815, 23.307, 22.995, 23.02, 20.039, 15.662, 15.167, 14.864, 13.174, 17.327, 20.283, 21.31, 21.671, 22.552, 23.442, 24.367, 26.124, 26.571, 27.503, 28.545, 29.255, 30.533, 31.451, 31.781, 30.788, 30.109, 30.385, 29.791, 28.947, 28.929, 29.136, 30.274, 31.795, 31.82, 28.321, 23.71, 25.027, 26.33, 25.062, 25.435, 27.532, 29.367, 29.81, 29.863, 30.437, 30.892, 31.051, 31.249, 31.268, 31.296, 31.983, 32.375, 32.165, 29.636, 33.9, 39.191, 37.158, 33.189, 33.417, 32.425, 29.702, 23.313, 16.064, 13.846, 16.337, 16.786, 13.529, 14.153, 13.355, 13.458, 15.824, 15.902, 15.125, 15.659, 15.501, 14.932, 15.665, 16.292, 16.353, 16.074, 14.524, 13.724, 13.03, 12.119, 11.95, 11.95, 11.211, 10.633, 10.204, 11.118, 12.569, 14.293, 16.081, 17.389, 17.523, 16.076, 14.868, 13.246, 13.648, 13.815], [6.59, 3.37, 2.545, 3.088, 4.015, 3.045, 2.91, 4.189, 2.416, 1.148, 0.0, 2.383, 3.326, 2.652, 2.312, 2.97, 2.746, 1.283, 3.03, 5.431, 6.921, 6.93, 7.061, 7.475, 7.789, 7.944, 8.907, 9.979, 12.07, 13.037, 12.824, 12.924, 14.043, 15.948, 17.367, 17.488, 17.496, 18.126, 18.045, 17.206, 16.797, 16.439, 16.586, 15.128, 13.094, 11.898, 11.785, 13.555, 13.247, 14.822, 16.292, 15.999, 14.083, 11.328, 8.85, 8.819, 8.951, 7.034, 4.529, 4.352, 6.657, 9.305, 9.711, 9.061, 8.679, 8.512, 9.108, 11.15, 11.901, 12.043, 11.267, 10.283, 9.388, 8.752, 6.997, 2.334, 5.08, 3.021, 2.455, 2.182, 1.995, 8.858, 15.282, 20.617, 23.509, 22.854, 20.605, 17.965, 16.09, 23.346, 33.998, 35.231, 34.922, 34.779, 33.165, 34.495, 34.64, 32.601, 30.668, 30.679, 30.201, 29.775, 27.838, 26.14, 26.493, 26.173, 24.645, 23.139, 22.807, 22.794, 19.866, 15.453, 14.948, 14.628, 12.937, 17.091, 20.071, 21.132, 21.464, 22.345, 23.269, 24.203, 25.945, 26.38, 27.323, 28.364, 29.083, 30.301, 31.267, 31.581, 30.582, 29.925, 30.205, 29.619, 28.771, 28.758, 28.957, 30.094, 31.617, 31.636, 28.143, 23.531, 24.832, 26.084, 24.816, 25.235, 27.38, 29.169, 29.612, 29.668, 30.242, 30.686, 30.846, 31.044, 31.063, 31.091, 31.778, 32.17, 31.965, 29.454, 33.659, 38.944, 36.979, 33.009, 33.238, 32.245, 29.509, 23.124, 15.905, 13.653, 16.139, 16.601, 13.332, 13.961, 13.18, 13.267, 15.639, 15.744, 14.942, 15.466, 15.312, 14.761, 15.472, 16.099, 16.166, 15.881, 14.339, 13.538, 12.845, 11.934, 11.765, 11.831, 11.089, 10.448, 10.022, 10.859, 12.329, 14.029, 15.828, 17.232, 17.355, 15.868, 14.706, 13.017, 13.412, 13.574], [8.553, 4.26, 3.854, 3.944, 4.481, 3.593, 3.168, 3.068, 1.663, 2.721, 2.383, 0.0, 2.046, 1.987, 2.156, 1.83, 1.743, 1.691, 2.628, 3.936, 5.166, 4.903, 4.921, 5.347, 5.674, 5.899, 6.833, 7.883, 10.036, 10.936, 10.731, 10.853, 11.915, 13.82, 15.259, 15.364, 15.402, 16.031, 15.886, 15.058, 14.669, 14.509, 14.595, 13.254, 11.02, 9.861, 10.166, 11.453, 11.114, 12.989, 14.211, 13.879, 11.96, 9.2, 6.735, 6.729, 6.834, 4.928, 2.787, 2.679, 4.683, 7.261, 7.742, 7.08, 6.729, 6.663, 7.122, 9.077, 9.787, 10.125, 9.7, 8.775, 8.187, 7.404, 6.148, 2.509, 7.009, 4.579, 2.636, 2.964, 2.335, 6.794, 13.38, 18.772, 22.023, 21.045, 18.645, 15.946, 14.014, 21.252, 32.006, 33.231, 32.881, 32.699, 31.1, 32.438, 32.601, 30.527, 28.56, 28.564, 28.141, 27.737, 25.808, 24.054, 24.386, 24.058, 22.535, 21.016, 20.688, 20.709, 17.77, 13.366, 12.829, 12.525, 10.835, 14.992, 17.932, 19.004, 19.321, 20.226, 21.196, 22.067, 23.817, 24.251, 25.192, 26.242, 26.959, 28.246, 29.197, 29.544, 28.548, 27.848, 28.107, 27.515, 26.682, 26.654, 26.837, 27.977, 29.518, 29.536, 26.024, 21.405, 22.81, 24.092, 22.838, 23.225, 25.322, 27.153, 27.607, 27.664, 28.225, 28.684, 28.84, 29.026, 29.044, 29.07, 29.77, 30.14, 29.924, 27.355, 31.616, 36.935, 34.883, 30.881, 31.139, 30.132, 27.383, 20.993, 13.804, 11.53, 14.011, 14.473, 11.204, 11.838, 11.054, 11.336, 13.516, 13.579, 12.812, 13.343, 13.195, 12.616, 13.349, 13.976, 14.04, 13.758, 12.211, 11.411, 10.717, 9.802, 9.637, 10.076, 9.278, 8.443, 8.804, 9.77, 10.935, 12.768, 14.267, 15.263, 15.364, 14.093, 12.569, 10.919, 11.45, 11.566], [9.747, 5.174, 5.016, 4.681, 4.836, 3.901, 2.464, 1.857, 1.674, 3.507, 3.326, 2.046, 0.0, 1.141, 2.03, 1.492, 1.553, 2.631, 2.21, 2.585, 3.953, 3.733, 3.8, 4.153, 4.497, 4.915, 5.686, 6.716, 8.911, 9.879, 9.641, 9.724, 10.767, 12.625, 14.069, 14.259, 14.206, 14.881, 14.831, 13.997, 13.617, 13.274, 13.367, 12.052, 9.78, 8.779, 9.309, 10.249, 9.964, 11.818, 13.06, 12.698, 10.767, 8.005, 5.528, 5.501, 5.675, 3.792, 1.56, 1.835, 3.378, 6.007, 6.474, 5.81, 5.403, 5.354, 5.849, 7.91, 8.756, 9.024, 8.866, 8.023, 7.436, 6.627, 5.491, 2.339, 8.17, 5.679, 2.427, 3.303, 2.6, 5.557, 12.368, 17.71, 20.951, 20.001, 17.567, 14.828, 12.881, 20.186, 30.864, 32.175, 31.689, 31.51, 29.916, 31.252, 31.415, 29.344, 27.384, 27.382, 26.957, 26.546, 24.68, 22.862, 23.201, 22.872, 21.357, 19.842, 19.537, 19.571, 16.642, 12.202, 11.688, 11.385, 9.695, 13.851, 16.842, 17.928, 18.243, 19.134, 20.122, 20.924, 22.633, 23.069, 24.015, 25.067, 25.782, 27.092, 28.004, 28.348, 27.348, 26.661, 26.927, 26.335, 25.492, 25.467, 25.668, 26.806, 28.337, 28.362, 24.854, 20.232, 21.617, 22.942, 21.689, 22.08, 24.242, 25.975, 26.426, 26.477, 27.039, 27.498, 27.661, 27.865, 27.87, 27.898, 28.606, 28.967, 28.73, 26.177, 30.469, 35.778, 33.709, 29.704, 29.953, 28.956, 26.198, 19.816, 12.616, 10.342, 12.852, 13.278, 10.044, 10.646, 9.902, 10.16, 12.316, 12.439, 11.64, 12.154, 12.008, 11.441, 12.161, 12.788, 12.846, 12.57, 11.016, 10.217, 9.522, 8.612, 8.443, 8.976, 8.141, 7.354, 7.901, 8.936, 10.044, 11.953, 13.245, 14.163, 14.32, 13.099, 11.495, 9.784, 10.235, 10.428], [8.993, 4.702, 4.416, 4.353, 4.725, 3.736, 2.281, 1.984, 1.392, 2.756, 2.652, 1.987, 1.141, 0.0, 1.496, 1.367, 1.41, 2.105, 2.151, 3.003, 4.615, 4.479, 4.512, 4.907, 5.223, 5.495, 6.392, 7.451, 9.611, 10.509, 10.289, 10.402, 11.461, 13.38, 14.807, 14.925, 14.969, 15.622, 15.501, 14.673, 14.287, 14.042, 14.128, 12.763, 10.566, 9.354, 9.742, 10.995, 10.661, 12.499, 13.793, 13.439, 11.521, 8.76, 6.283, 6.278, 6.383, 4.494, 2.075, 2.192, 4.089, 6.737, 7.144, 6.493, 6.111, 5.945, 6.54, 8.629, 9.384, 9.692, 9.307, 8.298, 7.723, 6.964, 5.616, 1.777, 7.435, 4.997, 1.839, 2.823, 2.42, 6.339, 12.94, 18.315, 21.527, 20.595, 18.215, 15.467, 13.554, 20.812, 31.58, 32.806, 32.435, 32.257, 30.66, 31.998, 32.159, 30.089, 28.122, 28.117, 27.705, 27.275, 25.39, 23.602, 23.944, 23.617, 22.084, 20.585, 20.269, 20.296, 17.349, 12.945, 12.423, 12.119, 10.429, 14.583, 17.537, 18.571, 18.926, 19.824, 20.768, 21.627, 23.372, 23.82, 24.761, 25.801, 26.517, 27.829, 28.757, 29.098, 28.109, 27.414, 27.664, 27.074, 26.237, 26.209, 26.407, 27.54, 29.08, 29.099, 25.588, 20.969, 22.358, 23.677, 22.423, 22.805, 24.876, 26.705, 27.155, 27.203, 27.77, 28.235, 28.395, 28.596, 28.601, 28.626, 29.332, 29.706, 29.481, 26.917, 31.2, 36.518, 34.439, 30.442, 30.706, 29.692, 26.951, 20.562, 13.352, 11.095, 13.593, 14.033, 10.785, 11.4, 10.604, 10.86, 13.071, 13.147, 12.373, 12.908, 12.755, 12.18, 12.914, 13.54, 13.6, 13.322, 11.771, 10.972, 10.277, 9.366, 9.198, 9.593, 8.786, 8.003, 8.334, 9.352, 10.508, 12.36, 13.815, 14.828, 14.942, 13.665, 12.138, 10.503, 11.008, 11.125], [8.516, 4.779, 4.271, 4.469, 5.113, 4.137, 2.966, 3.216, 2.078, 2.652, 2.312, 2.156, 2.03, 1.496, 0.0, 1.389, 1.707, 2.033, 3.151, 4.126, 5.154, 4.995, 5.069, 5.444, 5.736, 5.93, 6.827, 7.951, 10.141, 11.025, 10.804, 10.888, 11.967, 13.892, 15.322, 15.479, 15.467, 16.142, 15.987, 15.147, 14.762, 14.463, 14.584, 13.195, 11.039, 9.886, 10.013, 11.467, 11.165, 12.964, 14.315, 13.951, 12.034, 9.272, 6.795, 6.764, 6.917, 5.014, 2.976, 3.153, 4.722, 7.305, 7.715, 7.084, 6.757, 6.638, 7.131, 9.128, 9.901, 10.154, 9.62, 8.56, 7.992, 7.257, 5.604, 2.254, 6.944, 4.652, 2.275, 3.139, 2.512, 6.796, 13.389, 18.707, 21.95, 20.988, 18.706, 15.997, 14.058, 21.332, 32.085, 33.298, 32.93, 32.759, 31.163, 32.497, 32.656, 30.591, 28.633, 28.631, 28.197, 27.787, 25.899, 24.107, 24.451, 24.122, 22.607, 21.092, 20.781, 20.814, 17.846, 13.453, 12.936, 12.633, 10.942, 15.103, 18.043, 19.119, 19.432, 20.335, 21.268, 22.14, 23.89, 24.326, 25.267, 26.32, 27.039, 28.336, 29.25, 29.584, 28.601, 27.909, 28.173, 27.584, 26.736, 26.711, 26.916, 28.055, 29.586, 29.611, 26.103, 21.484, 22.847, 24.164, 22.905, 23.293, 25.381, 27.213, 27.663, 27.703, 28.268, 28.729, 28.888, 29.076, 29.095, 29.122, 29.822, 30.193, 29.974, 27.427, 31.708, 37.015, 34.958, 30.956, 31.203, 30.205, 27.458, 21.068, 13.849, 11.608, 14.113, 14.545, 11.305, 11.913, 11.12, 11.34, 13.588, 13.664, 12.885, 13.421, 13.27, 12.694, 13.427, 14.054, 14.113, 13.836, 12.283, 11.484, 10.789, 9.879, 9.71, 10.0, 9.214, 8.407, 8.653, 9.626, 10.811, 12.643, 14.21, 15.297, 15.431, 14.042, 12.673, 11.029, 11.442, 11.593], [9.394, 5.05, 4.773, 4.735, 5.184, 4.201, 3.035, 2.532, 1.7, 3.178, 2.97, 1.83, 1.492, 1.367, 1.389, 0.0, 1.14, 2.315, 2.646, 3.512, 4.414, 4.212, 4.311, 4.592, 4.854, 5.23, 6.145, 7.127, 9.282, 10.263, 10.085, 10.179, 11.183, 13.032, 14.439, 14.684, 14.689, 15.335, 15.235, 14.411, 14.004, 13.591, 13.698, 12.283, 10.197, 9.062, 9.395, 10.65, 10.365, 12.096, 13.484, 13.068, 11.12, 8.386, 5.926, 5.9, 6.0, 4.22, 2.075, 2.252, 3.905, 6.486, 6.979, 6.351, 5.977, 5.887, 6.36, 8.369, 9.127, 9.32, 8.924, 7.927, 7.381, 6.614, 5.29, 2.147, 7.841, 5.307, 2.352, 3.284, 2.732, 5.972, 12.576, 17.986, 21.151, 20.236, 17.9, 15.153, 13.251, 20.554, 31.266, 32.549, 32.093, 31.855, 30.259, 31.595, 31.758, 29.687, 27.734, 27.738, 27.296, 26.9, 25.087, 23.224, 23.614, 23.28, 21.715, 20.225, 19.962, 19.99, 17.05, 12.616, 12.122, 11.818, 10.132, 14.297, 17.271, 18.335, 18.664, 19.557, 20.488, 21.298, 23.001, 23.434, 24.379, 25.428, 26.171, 27.508, 28.392, 28.682, 27.693, 27.002, 27.275, 26.71, 25.902, 25.887, 26.022, 27.161, 28.683, 28.708, 25.206, 20.591, 21.962, 23.354, 22.096, 22.476, 24.619, 26.316, 26.768, 26.851, 27.408, 27.836, 27.985, 28.193, 28.204, 28.23, 28.935, 29.298, 29.076, 26.523, 30.879, 36.189, 34.058, 30.065, 30.309, 29.306, 26.563, 20.185, 12.973, 10.697, 13.286, 13.713, 10.505, 10.999, 10.255, 10.539, 12.769, 12.911, 12.1, 12.507, 12.373, 11.851, 12.526, 13.143, 13.199, 12.926, 11.37, 10.57, 9.918, 9.026, 8.808, 9.235, 8.412, 7.607, 7.949, 8.994, 10.138, 11.994, 13.432, 14.472, 14.625, 13.262, 11.901, 10.202, 10.618, 10.807], [9.055, 4.542, 4.3, 4.186, 4.63, 3.558, 2.568, 2.274, 1.676, 2.974, 2.746, 1.743, 1.553, 1.41, 1.707, 1.14, 0.0, 2.028, 2.233, 3.337, 4.516, 4.44, 4.586, 4.977, 5.29, 5.53, 6.326, 7.412, 9.524, 10.372, 10.198, 10.329, 11.502, 13.411, 14.819, 14.906, 14.981, 15.535, 15.44, 14.557, 14.158, 13.97, 14.073, 12.701, 10.549, 9.366, 9.642, 10.955, 10.652, 12.403, 13.725, 13.411, 11.521, 8.792, 6.326, 6.281, 6.385, 4.497, 2.138, 2.167, 4.175, 6.807, 7.24, 6.574, 6.167, 6.06, 6.575, 8.556, 9.26, 9.455, 9.111, 8.158, 7.566, 6.783, 5.76, 2.034, 7.453, 5.139, 2.186, 2.789, 2.15, 6.313, 12.738, 18.147, 21.474, 20.445, 18.052, 15.41, 13.56, 20.674, 31.511, 32.669, 32.419, 32.219, 30.625, 31.964, 32.126, 30.054, 28.096, 28.095, 27.674, 27.246, 25.308, 23.565, 23.93, 23.603, 22.064, 20.554, 20.232, 20.22, 17.285, 12.893, 12.375, 12.015, 10.313, 14.486, 17.439, 18.445, 18.799, 19.715, 20.595, 21.62, 23.355, 23.801, 24.742, 25.781, 26.497, 27.699, 28.716, 29.067, 28.065, 27.363, 27.638, 27.038, 26.219, 26.19, 26.389, 27.519, 29.046, 29.071, 25.566, 20.948, 22.332, 23.533, 22.325, 22.786, 24.828, 26.683, 27.132, 27.189, 27.739, 28.21, 28.363, 28.56, 28.575, 28.601, 29.305, 29.667, 29.444, 26.887, 31.065, 36.381, 34.413, 30.421, 30.675, 29.666, 26.933, 20.548, 13.303, 11.098, 13.571, 14.056, 10.798, 11.4, 10.632, 10.735, 13.152, 13.235, 12.403, 12.891, 12.743, 12.187, 12.897, 13.537, 13.6, 13.315, 11.764, 10.972, 10.288, 9.366, 9.208, 9.518, 8.754, 8.045, 8.248, 9.133, 10.387, 12.141, 13.609, 14.626, 14.794, 13.463, 12.072, 10.453, 10.869, 10.998], [7.246, 3.111, 2.717, 2.814, 3.606, 2.644, 2.669, 3.631, 1.867, 1.591, 1.283, 1.691, 2.631, 2.105, 2.033, 2.315, 2.028, 0.0, 2.559, 4.771, 6.337, 6.242, 6.321, 6.686, 6.992, 7.124, 8.147, 9.191, 11.367, 12.336, 12.128, 12.22, 13.295, 15.131, 16.602, 16.74, 16.697, 17.325, 17.27, 16.445, 16.073, 15.675, 15.849, 14.416, 12.287, 11.188, 11.185, 12.771, 12.477, 14.201, 15.516, 15.218, 13.268, 10.507, 8.041, 8.022, 8.188, 6.214, 3.8, 3.596, 5.835, 8.484, 8.891, 8.239, 7.859, 7.697, 8.287, 10.383, 11.212, 11.413, 10.807, 9.735, 9.121, 8.37, 7.061, 2.534, 5.67, 3.277, 1.848, 1.863, 1.351, 8.078, 14.611, 19.955, 23.131, 22.233, 19.982, 17.28, 15.378, 22.639, 33.269, 34.585, 34.169, 33.993, 32.398, 33.732, 33.888, 31.826, 29.875, 29.877, 29.431, 29.043, 27.127, 25.351, 25.697, 25.373, 23.857, 22.341, 22.002, 22.012, 19.103, 14.649, 14.137, 13.833, 12.142, 16.309, 19.306, 20.404, 20.704, 21.6, 22.574, 23.439, 25.153, 25.562, 26.508, 27.571, 28.301, 29.532, 30.494, 30.815, 29.822, 29.139, 29.41, 28.83, 27.978, 27.958, 28.164, 29.301, 30.824, 30.849, 27.346, 22.729, 24.086, 25.35, 24.088, 24.51, 26.699, 28.455, 28.903, 28.955, 29.525, 29.972, 30.124, 30.304, 30.325, 30.351, 31.047, 31.422, 31.209, 28.665, 32.899, 38.205, 36.204, 32.201, 32.448, 31.445, 28.691, 22.311, 15.132, 12.845, 15.33, 15.78, 12.512, 13.147, 12.411, 12.571, 14.832, 14.979, 14.164, 14.648, 14.502, 13.945, 14.654, 15.291, 15.347, 15.074, 13.518, 12.724, 12.024, 11.113, 10.944, 11.245, 10.473, 9.64, 9.792, 10.749, 12.0, 13.783, 15.414, 16.56, 16.712, 15.26, 13.971, 12.237, 12.637, 12.773], [8.898, 4.526, 4.442, 4.109, 3.647, 2.663, 1.372, 2.013, 1.956, 2.959, 3.03, 2.628, 2.21, 2.151, 3.151, 2.646, 2.233, 2.559, 0.0, 3.068, 4.878, 4.768, 4.855, 5.119, 5.894, 6.687, 6.754, 7.681, 9.814, 10.772, 10.528, 10.652, 11.642, 13.583, 15.01, 15.143, 15.281, 15.912, 15.977, 15.07, 14.521, 14.34, 14.391, 13.201, 10.889, 9.998, 10.853, 11.479, 10.931, 12.876, 14.088, 13.558, 11.644, 8.882, 6.411, 6.443, 6.621, 5.074, 2.614, 2.491, 4.354, 6.86, 7.265, 6.615, 6.233, 6.067, 6.709, 8.813, 9.651, 10.503, 10.575, 9.812, 9.319, 8.493, 7.397, 2.77, 7.295, 4.806, 2.216, 2.475, 2.538, 7.113, 14.096, 19.025, 22.089, 21.24, 18.462, 15.761, 13.98, 21.082, 31.822, 33.112, 32.63, 32.395, 30.802, 32.141, 32.309, 30.229, 28.266, 28.259, 27.854, 27.434, 25.612, 23.75, 24.13, 23.788, 22.226, 20.738, 20.466, 20.504, 17.567, 13.141, 12.623, 12.319, 10.629, 14.782, 17.756, 18.811, 19.157, 20.042, 21.006, 21.799, 23.5, 23.955, 24.901, 25.944, 26.676, 28.032, 28.918, 29.255, 28.251, 27.54, 27.816, 27.231, 26.437, 26.403, 26.547, 27.683, 29.219, 29.238, 25.731, 21.11, 22.539, 23.922, 22.676, 23.078, 25.168, 26.874, 27.331, 27.405, 27.954, 28.404, 28.574, 28.797, 28.772, 28.814, 29.525, 29.911, 29.622, 27.063, 31.412, 36.721, 34.576, 30.582, 30.838, 29.838, 27.084, 20.698, 13.477, 11.221, 13.79, 14.192, 10.981, 11.523, 10.774, 11.149, 13.228, 13.35, 12.56, 13.031, 12.886, 12.327, 13.047, 13.667, 13.723, 13.45, 11.894, 11.094, 10.409, 9.529, 9.397, 10.085, 9.229, 8.791, 9.556, 10.589, 11.665, 13.631, 14.816, 15.178, 15.463, 14.762, 12.538, 10.953, 11.419, 11.551], [11.571, 6.969, 6.862, 6.613, 6.487, 5.418, 3.013, 1.52, 3.453, 5.437, 5.431, 3.936, 2.585, 3.003, 4.126, 3.512, 3.337, 4.771, 3.068, 0.0, 1.955, 2.349, 2.245, 2.676, 3.454, 4.206, 4.014, 5.081, 7.082, 7.982, 7.737, 7.814, 8.956, 11.093, 12.497, 12.419, 12.632, 13.265, 13.287, 12.335, 11.672, 11.581, 11.715, 10.575, 8.288, 7.428, 8.112, 8.902, 8.237, 10.113, 11.386, 10.925, 9.027, 6.267, 3.92, 3.886, 4.161, 2.863, 1.834, 2.128, 1.917, 4.244, 4.649, 4.0, 3.618, 3.474, 4.101, 6.07, 6.83, 7.722, 7.773, 7.031, 6.663, 5.976, 5.325, 3.625, 10.065, 7.666, 4.351, 5.206, 4.426, 4.676, 11.496, 16.258, 19.327, 18.362, 15.511, 13.05, 11.394, 18.217, 29.063, 30.251, 29.909, 29.727, 28.132, 29.471, 29.638, 27.56, 25.597, 25.599, 25.187, 24.773, 22.855, 21.076, 21.415, 21.087, 19.571, 18.068, 17.722, 17.745, 14.786, 10.394, 9.884, 9.58, 7.89, 12.044, 14.988, 16.015, 16.364, 17.281, 18.117, 19.131, 20.875, 21.309, 22.239, 23.335, 24.012, 25.267, 26.231, 26.574, 25.592, 24.88, 25.146, 24.55, 23.709, 23.679, 23.896, 25.023, 26.551, 26.575, 23.068, 18.452, 19.885, 21.167, 19.929, 20.359, 22.376, 24.243, 24.693, 24.727, 25.292, 25.774, 25.93, 26.146, 26.107, 26.146, 26.858, 27.278, 26.952, 24.403, 28.642, 33.958, 31.922, 27.924, 28.189, 27.174, 24.437, 18.051, 10.839, 8.597, 11.076, 11.54, 8.272, 8.905, 8.126, 8.292, 10.583, 10.646, 9.88, 10.416, 10.239, 9.686, 10.416, 11.043, 11.107, 10.825, 9.278, 8.479, 7.784, 6.869, 6.882, 7.233, 6.498, 6.318, 6.938, 7.782, 8.91, 10.828, 12.012, 12.25, 12.644, 12.094, 9.887, 8.293, 8.717, 8.859], [13.259, 8.576, 8.407, 8.179, 8.269, 7.15, 4.601, 3.091, 5.173, 7.135, 6.921, 5.166, 3.953, 4.615, 5.154, 4.414, 4.516, 6.337, 4.878, 1.955, 0.0, 1.484, 1.905, 1.73, 2.187, 2.947, 2.65, 3.66, 5.454, 6.325, 6.216, 6.167, 7.379, 9.636, 10.994, 10.909, 11.064, 11.693, 11.774, 10.835, 9.911, 9.893, 10.124, 9.009, 6.8, 5.997, 6.588, 7.462, 6.701, 8.403, 9.768, 9.31, 7.417, 4.668, 2.508, 2.528, 2.993, 2.136, 3.005, 3.302, 1.878, 2.693, 3.399, 2.759, 2.482, 2.778, 3.098, 4.417, 5.152, 6.257, 6.269, 5.564, 5.18, 4.759, 4.266, 5.245, 11.746, 9.377, 6.216, 6.965, 6.101, 3.48, 10.117, 14.679, 17.627, 16.751, 13.785, 11.579, 9.938, 16.469, 27.38, 28.51, 28.246, 28.047, 26.462, 27.791, 27.96, 25.88, 23.932, 23.94, 23.494, 23.089, 21.143, 19.41, 19.756, 19.433, 17.9, 16.403, 16.067, 16.06, 13.13, 8.715, 8.209, 7.858, 6.156, 10.309, 13.29, 14.308, 14.649, 15.56, 16.409, 17.457, 19.214, 19.652, 20.583, 21.696, 22.347, 23.537, 24.584, 24.908, 23.913, 23.231, 23.491, 22.889, 22.045, 22.019, 22.218, 23.36, 24.881, 24.904, 21.404, 16.792, 18.227, 19.464, 18.264, 18.693, 20.78, 22.554, 23.011, 23.057, 23.621, 24.084, 24.26, 24.497, 24.429, 24.473, 25.195, 25.642, 25.297, 22.743, 26.891, 32.214, 30.241, 26.269, 26.526, 25.506, 22.777, 16.387, 9.184, 6.948, 9.415, 9.892, 6.624, 7.244, 6.488, 6.541, 8.943, 9.002, 8.231, 8.77, 8.601, 8.039, 8.756, 9.382, 9.45, 9.164, 7.622, 6.822, 6.136, 5.228, 5.426, 5.529, 4.889, 5.066, 5.503, 6.282, 7.493, 9.319, 10.468, 10.68, 11.191, 10.678, 8.473, 6.79, 7.123, 7.289], [13.358, 8.719, 8.577, 8.272, 8.063, 7.086, 4.57, 3.099, 4.972, 7.171, 6.93, 4.903, 3.733, 4.479, 4.995, 4.212, 4.44, 6.242, 4.768, 2.349, 1.484, 0.0, 1.385, 1.616, 1.968, 2.825, 2.589, 3.231, 5.233, 6.187, 5.981, 6.073, 7.17, 9.157, 10.592, 10.63, 10.824, 11.351, 11.483, 10.545, 9.903, 9.857, 9.977, 8.809, 6.46, 5.586, 6.397, 7.027, 6.497, 8.433, 9.594, 9.125, 7.191, 4.446, 2.151, 2.419, 2.89, 1.615, 2.759, 2.973, 1.624, 2.864, 3.627, 3.073, 2.861, 3.079, 3.377, 4.434, 5.128, 6.086, 6.225, 5.598, 5.366, 4.749, 4.075, 5.341, 11.738, 9.364, 6.008, 6.892, 5.949, 3.372, 10.121, 14.462, 17.632, 16.706, 13.882, 11.318, 9.559, 16.469, 27.255, 28.536, 28.145, 27.935, 26.335, 27.67, 27.846, 25.76, 23.798, 23.794, 23.378, 22.984, 21.041, 19.294, 19.634, 19.304, 17.776, 16.273, 15.936, 15.924, 13.021, 8.581, 8.064, 7.703, 6.008, 10.165, 13.165, 14.229, 14.544, 15.442, 16.401, 17.333, 19.06, 19.488, 20.433, 21.522, 22.213, 23.412, 24.45, 24.775, 23.786, 23.088, 23.343, 22.778, 21.932, 21.891, 22.078, 23.218, 24.752, 24.775, 21.266, 16.647, 18.064, 19.319, 18.101, 18.551, 20.69, 22.438, 22.892, 22.933, 23.501, 23.948, 24.113, 24.356, 24.312, 24.362, 25.069, 25.477, 25.162, 22.611, 26.78, 32.097, 30.126, 26.121, 26.38, 25.376, 22.617, 16.234, 9.042, 6.789, 9.253, 9.715, 6.448, 7.085, 6.365, 6.673, 8.848, 8.879, 8.064, 8.576, 8.439, 7.877, 8.606, 9.207, 9.274, 8.989, 7.447, 6.646, 5.959, 5.08, 4.985, 5.638, 4.796, 4.815, 5.589, 6.33, 7.47, 9.28, 10.431, 10.641, 11.051, 10.711, 8.091, 6.465, 6.872, 7.002], [13.473, 8.879, 8.73, 8.357, 7.96, 7.177, 4.679, 3.376, 5.018, 7.256, 7.061, 4.921, 3.8, 4.512, 5.069, 4.311, 4.586, 6.321, 4.855, 2.245, 1.905, 1.385, 0.0, 1.248, 1.851, 2.71, 2.699, 3.416, 5.428, 6.27, 6.07, 6.221, 7.249, 9.02, 10.606, 10.607, 10.744, 11.231, 11.333, 10.521, 10.035, 9.994, 10.048, 8.833, 6.45, 5.631, 6.43, 7.028, 6.519, 8.489, 9.537, 9.047, 7.041, 4.314, 2.271, 2.629, 2.992, 1.994, 2.817, 2.889, 1.415, 2.971, 3.449, 2.842, 2.672, 2.768, 3.034, 4.624, 5.16, 6.178, 6.267, 5.574, 5.326, 5.032, 4.584, 5.422, 11.896, 9.458, 5.97, 6.984, 6.068, 3.308, 10.076, 14.591, 17.663, 16.755, 14.023, 11.403, 9.619, 16.64, 27.157, 28.492, 28.02, 27.824, 26.228, 27.562, 27.742, 25.65, 23.683, 23.674, 23.296, 22.881, 20.972, 19.192, 19.512, 19.171, 17.635, 16.161, 15.8, 15.843, 13.005, 8.612, 7.937, 7.634, 5.935, 10.086, 13.042, 14.205, 14.463, 15.451, 16.52, 17.3, 18.897, 19.342, 20.3, 21.378, 22.06, 23.379, 24.354, 24.723, 23.722, 22.976, 23.269, 22.661, 21.82, 21.764, 21.95, 23.086, 24.637, 24.64, 21.13, 16.501, 18.061, 19.299, 18.031, 18.487, 20.562, 22.324, 22.774, 22.81, 23.368, 23.874, 24.018, 24.202, 24.2, 24.231, 24.942, 25.308, 25.054, 22.469, 26.748, 32.064, 29.992, 25.97, 26.297, 25.277, 22.466, 16.088, 9.047, 6.666, 9.099, 9.552, 6.304, 6.963, 6.462, 7.005, 8.823, 8.731, 7.933, 8.458, 8.336, 7.754, 8.546, 9.063, 9.191, 8.846, 7.341, 6.545, 5.809, 4.886, 4.838, 5.677, 4.858, 4.733, 5.594, 6.419, 7.415, 9.32, 10.495, 10.775, 11.006, 10.663, 8.027, 6.262, 6.878, 7.039], [13.9, 9.306, 9.157, 8.753, 8.269, 7.571, 5.165, 3.729, 5.402, 7.66, 7.475, 5.347, 4.153, 4.907, 5.444, 4.592, 4.977, 6.686, 5.119, 2.676, 1.73, 1.616, 1.248, 0.0, 1.303, 2.045, 2.325, 2.999, 5.066, 5.967, 5.748, 5.886, 6.846, 8.605, 10.188, 10.27, 10.493, 10.956, 11.151, 10.288, 9.712, 9.62, 9.705, 8.538, 6.131, 5.278, 6.144, 6.718, 6.194, 8.218, 9.24, 8.613, 6.614, 3.876, 2.11, 2.15, 2.444, 1.979, 3.1, 3.191, 1.628, 2.353, 2.914, 2.319, 2.1, 2.347, 2.55, 4.226, 4.875, 5.775, 5.845, 5.128, 4.824, 4.62, 4.289, 5.841, 12.323, 9.81, 6.248, 7.341, 6.474, 2.736, 9.582, 14.351, 17.435, 16.586, 13.688, 11.03, 9.28, 16.309, 26.84, 28.231, 27.643, 27.418, 25.818, 27.15, 27.331, 25.237, 23.265, 23.261, 22.871, 22.487, 20.692, 18.763, 19.13, 18.784, 17.223, 15.737, 15.467, 15.503, 12.678, 8.241, 7.604, 7.302, 5.598, 9.766, 12.758, 13.903, 14.188, 15.149, 16.194, 16.905, 18.494, 18.939, 19.886, 20.934, 21.676, 23.034, 23.932, 24.267, 23.276, 22.564, 22.824, 22.241, 21.433, 21.401, 21.538, 22.678, 24.225, 24.236, 20.726, 16.097, 17.582, 18.935, 17.693, 18.135, 20.285, 21.906, 22.366, 22.443, 22.997, 23.433, 23.596, 23.812, 23.798, 23.837, 24.547, 24.929, 24.644, 22.06, 26.412, 31.734, 29.581, 25.564, 25.85, 24.846, 22.054, 15.676, 8.618, 6.229, 8.76, 9.156, 5.964, 6.511, 6.038, 6.676, 8.408, 8.399, 7.596, 8.002, 7.893, 7.319, 8.068, 8.637, 8.701, 8.42, 6.898, 6.102, 5.383, 4.519, 4.435, 5.433, 4.64, 4.201, 5.11, 6.027, 6.955, 8.908, 10.092, 10.504, 10.743, 10.217, 7.645, 6.074, 6.685, 6.787], [14.214, 9.62, 9.471, 9.068, 8.783, 7.972, 5.799, 4.522, 5.753, 7.974, 7.789, 5.674, 4.497, 5.223, 5.736, 4.854, 5.29, 6.992, 5.894, 3.454, 2.187, 1.968, 1.851, 1.303, 0.0, 1.235, 1.782, 2.577, 4.663, 5.544, 5.357, 5.491, 6.431, 8.184, 9.689, 9.894, 9.884, 10.493, 10.425, 9.647, 9.289, 9.068, 9.131, 7.782, 5.462, 4.48, 5.194, 5.943, 5.655, 7.618, 8.681, 8.269, 6.299, 3.606, 1.946, 1.673, 1.913, 1.453, 3.494, 3.655, 2.335, 2.713, 3.521, 3.045, 3.03, 3.267, 3.232, 3.909, 4.411, 4.868, 4.874, 4.164, 3.807, 3.669, 3.365, 6.156, 12.637, 10.125, 6.586, 7.655, 6.783, 1.893, 8.555, 13.51, 16.735, 15.793, 13.266, 10.535, 8.592, 15.876, 26.499, 27.825, 27.321, 27.08, 25.482, 26.822, 26.988, 24.909, 22.942, 22.932, 22.526, 22.134, 20.327, 18.447, 18.828, 18.485, 16.912, 15.435, 15.163, 15.19, 12.284, 7.862, 7.305, 7.002, 5.307, 9.465, 12.455, 13.555, 13.855, 14.787, 15.805, 16.543, 18.185, 18.613, 19.56, 20.608, 21.367, 22.73, 23.617, 23.918, 22.928, 22.228, 22.487, 21.931, 21.127, 21.096, 21.218, 22.356, 23.899, 23.915, 20.404, 15.779, 17.209, 18.595, 17.337, 17.722, 19.891, 21.553, 22.003, 22.093, 22.65, 23.062, 23.23, 23.432, 23.442, 23.468, 24.174, 24.54, 24.307, 21.735, 26.102, 31.418, 29.265, 25.251, 25.511, 24.522, 21.743, 15.36, 8.226, 5.919, 8.464, 8.866, 5.789, 6.21, 5.577, 6.196, 8.101, 8.112, 7.259, 7.687, 7.582, 7.005, 7.717, 8.322, 8.378, 8.105, 6.549, 5.75, 5.083, 4.21, 3.994, 4.768, 4.033, 3.328, 4.128, 5.083, 5.993, 7.933, 9.139, 9.919, 10.01, 9.197, 7.136, 5.409, 6.02, 6.159], [14.368, 9.821, 9.625, 9.301, 9.407, 8.565, 6.586, 5.203, 5.986, 8.13, 7.944, 5.899, 4.915, 5.495, 5.93, 5.23, 5.53, 7.124, 6.687, 4.206, 2.947, 2.825, 2.71, 2.045, 1.235, 0.0, 1.813, 2.585, 4.424, 5.394, 5.271, 5.325, 6.369, 8.08, 9.614, 9.748, 9.739, 10.256, 10.244, 9.421, 9.112, 8.829, 8.935, 7.591, 5.323, 4.215, 4.637, 5.783, 5.486, 7.378, 8.489, 8.153, 6.154, 3.474, 2.267, 1.775, 2.131, 1.83, 4.177, 4.371, 3.204, 2.993, 3.781, 3.479, 3.434, 3.593, 3.463, 3.724, 4.233, 4.564, 4.203, 3.38, 2.97, 2.917, 2.92, 6.31, 12.791, 10.323, 6.944, 7.852, 7.129, 1.648, 7.898, 13.151, 16.347, 15.449, 13.084, 10.347, 8.435, 15.684, 26.231, 27.596, 27.094, 26.918, 25.321, 26.659, 26.817, 24.749, 22.782, 22.779, 22.378, 22.0, 20.127, 18.27, 18.606, 18.273, 16.755, 15.246, 14.922, 14.947, 12.111, 7.678, 7.056, 6.761, 5.054, 9.236, 12.225, 13.367, 13.659, 14.613, 15.639, 16.424, 18.037, 18.464, 19.418, 20.459, 21.196, 22.475, 23.412, 23.765, 22.783, 22.076, 22.324, 21.741, 20.899, 20.865, 21.07, 22.199, 23.74, 23.758, 20.247, 15.62, 17.003, 18.309, 17.058, 17.495, 19.675, 21.385, 