[[0.0, 1.764, 1.702, 2.467, 3.933, 1.503, 2.745, 1.555, 1.669, 3.474, 5.237, 5.66, 3.893, 4.481, 5.336, 5.892, 7.427, 8.658, 10.022, 11.064, 12.219, 12.585, 12.614, 11.749, 9.413, 8.515, 8.275, 7.474, 7.012, 7.585, 7.631, 8.774, 10.664, 9.676, 7.466, 7.786, 6.572, 5.541, 8.144, 8.954, 7.95, 6.825, 5.573, 4.558, 4.145, 4.051, 4.056, 4.758, 5.043, 2.908, 2.634, 2.742, 2.803, 3.503, 3.941, 4.896, 5.952, 6.026, 7.707, 7.827, 3.407, 4.348, 5.05, 5.941, 5.692, 5.93, 5.995, 6.585, 7.235, 7.435, 7.664, 8.442, 9.174, 9.548, 10.62, 10.449, 11.119, 12.264, 12.726, 13.428, 15.633, 16.899, 16.629, 16.518, 17.482, 17.843, 14.633, 12.041, 13.065, 13.16, 11.928, 8.439, 3.76, 2.352, 2.37, 2.55, 4.807, 7.32, 7.735, 6.509, 5.476, 5.273, 5.147, 4.707, 3.63, 4.364, 2.411, 3.629, 5.574, 4.582, 4.708, 3.51, 4.91, 3.605, 3.105, 6.541, 9.524, 9.573, 7.819, 7.464, 6.542, 7.125, 6.786, 6.635, 6.406, 5.918, 5.467, 4.967, 4.281, 4.164, 3.878, 3.885, 3.908, 4.172, 4.053, 3.757, 4.077, 4.331, 6.039, 7.395, 8.426, 8.134, 6.386, 7.299, 10.91, 11.151, 11.01, 9.379, 6.831, 4.261, 4.544, 3.737, 2.979, 2.453, 2.892, 1.867, 2.177, 2.17, 1.423, 4.094, 5.958, 5.568, 2.969, 1.392, 1.539, 2.338, 3.711, 4.788, 4.369, 3.454, 2.725, 1.879, 2.014, 1.751, 2.614, 4.162, 4.837, 5.172, 5.972, 5.382, 4.837, 5.422, 6.345, 6.539, 6.901, 8.039, 7.078, 4.142, 3.642, 5.14, 5.596, 4.863, 5.076, 5.034, 4.096, 4.337, 4.507, 3.911, 2.491, 1.892, 2.108, 2.809, 3.739, 4.198, 3.411, 3.526], [1.764, 0.0, 1.089, 1.95, 2.423, 1.471, 4.129, 2.528, 1.813, 3.685, 4.543, 4.584, 3.231, 3.233, 4.318, 4.981, 6.138, 7.45, 8.67, 9.644, 10.6, 11.029, 11.107, 10.145, 7.82, 7.471, 7.605, 6.836, 6.509, 6.474, 6.648, 7.745, 9.035, 8.232, 6.301, 7.387, 6.169, 4.78, 6.552, 7.379, 6.836, 6.261, 5.181, 4.303, 4.193, 4.032, 3.891, 4.913, 4.875, 2.936, 3.212, 2.95, 2.58, 3.141, 3.662, 5.084, 6.558, 7.402, 9.291, 9.411, 4.685, 4.027, 4.731, 5.669, 5.442, 5.66, 5.619, 5.377, 5.878, 6.275, 6.917, 7.171, 7.63, 7.939, 9.078, 9.016, 9.61, 11.116, 11.514, 12.486, 14.756, 15.988, 15.638, 15.633, 16.781, 16.35, 13.203, 10.548, 11.549, 11.562, 10.301, 6.997, 3.033, 2.289, 1.835, 2.181, 4.426, 6.323, 6.688, 5.28, 4.238, 4.577, 4.552, 4.237, 3.328, 4.883, 2.845, 3.241, 5.165, 4.239, 4.322, 3.68, 4.683, 3.29, 2.503, 5.464, 8.254, 8.597, 7.036, 6.45, 5.888, 6.649, 6.346, 6.314, 6.096, 5.63, 5.206, 4.754, 4.232, 4.429, 4.292, 4.438, 4.517, 4.408, 4.336, 3.771, 3.817, 3.992, 5.595, 6.672, 7.515, 7.562, 5.642, 6.76, 9.818, 9.575, 9.493, 7.828, 5.996, 3.671, 4.223, 3.415, 2.486, 2.455, 4.382, 2.853, 2.073, 2.113, 1.221, 2.931, 4.409, 4.233, 2.245, 2.259, 2.714, 2.3, 3.291, 3.63, 3.635, 2.849, 2.296, 2.455, 3.093, 1.983, 2.189, 3.528, 3.707, 4.302, 4.732, 4.784, 4.453, 4.96, 5.95, 6.116, 6.432, 7.185, 6.059, 3.561, 3.04, 4.082, 4.692, 4.222, 4.448, 4.384, 3.665, 3.921, 3.94, 3.516, 2.411, 2.748, 3.311, 4.084, 5.137, 5.662, 5.041, 5.107], [1.702, 1.089, 0.0, 1.612, 2.538, 1.389, 3.896, 2.29, 1.556, 3.431, 4.532, 4.524, 3.062, 3.255, 4.289, 4.945, 6.198, 7.355, 8.726, 9.722, 10.807, 11.231, 11.392, 10.516, 8.159, 7.502, 7.461, 6.524, 6.193, 6.461, 6.532, 7.708, 9.331, 8.309, 6.172, 6.993, 5.731, 4.664, 6.816, 7.603, 6.621, 5.993, 4.846, 4.073, 3.788, 3.724, 3.646, 4.595, 4.547, 2.703, 3.066, 2.724, 2.349, 2.961, 3.418, 4.594, 6.163, 7.061, 8.943, 9.04, 4.47, 3.813, 4.494, 5.421, 5.294, 5.587, 5.563, 5.501, 5.917, 6.34, 6.656, 7.23, 7.951, 8.189, 9.244, 9.183, 9.733, 11.007, 11.424, 12.254, 14.512, 15.754, 15.433, 15.335, 16.441, 16.518, 13.466, 10.828, 11.868, 11.862, 10.605, 7.193, 2.727, 2.07, 2.0, 1.882, 4.047, 6.121, 6.514, 5.271, 4.322, 4.494, 4.101, 3.853, 3.027, 4.402, 2.549, 3.027, 4.783, 4.036, 3.997, 3.277, 4.326, 3.015, 2.157, 5.27, 8.147, 8.349, 6.827, 6.252, 5.552, 6.214, 5.94, 6.071, 5.788, 5.352, 4.917, 4.631, 3.974, 3.982, 3.929, 4.204, 4.191, 3.953, 3.907, 3.379, 3.647, 3.807, 5.262, 6.578, 7.46, 7.178, 5.594, 6.522, 9.673, 9.814, 9.666, 7.984, 5.599, 3.286, 3.957, 3.166, 2.181, 2.106, 4.011, 2.412, 1.607, 1.674, 0.966, 2.863, 4.712, 4.293, 1.854, 1.993, 2.541, 1.964, 3.243, 3.691, 3.489, 2.397, 1.981, 2.096, 2.833, 1.692, 1.924, 3.299, 3.695, 4.166, 4.82, 4.705, 4.29, 4.72, 5.641, 5.88, 6.177, 6.914, 5.872, 3.275, 2.728, 3.927, 4.479, 3.879, 4.129, 4.346, 3.697, 3.664, 3.639, 3.119, 2.092, 2.568, 3.092, 3.85, 4.765, 5.335, 4.89, 4.957], [2.467, 1.95, 1.612, 0.0, 1.759, 2.338, 4.726, 3.023, 2.172, 3.191, 3.595, 3.45, 1.947, 2.476, 3.352, 3.737, 5.281, 6.513, 7.928, 8.953, 10.07, 10.444, 10.489, 9.586, 7.202, 6.338, 6.214, 5.478, 4.918, 5.479, 5.514, 6.578, 8.448, 7.534, 5.371, 5.819, 4.519, 3.491, 5.995, 6.819, 5.81, 4.726, 3.75, 3.688, 3.72, 3.593, 3.483, 4.389, 4.349, 2.907, 3.563, 2.921, 2.475, 2.675, 3.128, 4.623, 6.75, 7.998, 9.894, 10.007, 5.238, 3.267, 3.692, 4.873, 4.555, 4.88, 4.918, 4.776, 5.059, 5.304, 5.489, 6.277, 7.006, 7.372, 8.443, 8.326, 8.994, 10.173, 10.614, 11.331, 13.533, 14.827, 14.571, 14.433, 15.421, 15.708, 12.483, 9.892, 10.933, 11.035, 9.752, 6.304, 2.132, 2.202, 2.394, 1.945, 3.066, 5.263, 5.691, 4.416, 3.64, 3.684, 3.328, 2.849, 2.77, 5.249, 3.083, 2.329, 3.864, 2.967, 3.179, 3.491, 4.066, 2.771, 1.504, 4.371, 7.348, 7.432, 5.673, 5.392, 4.503, 5.064, 4.839, 5.18, 4.933, 4.713, 4.499, 4.125, 3.725, 4.07, 4.164, 4.478, 4.495, 4.042, 3.983, 3.28, 3.071, 3.183, 4.017, 5.318, 6.364, 6.056, 4.444, 5.298, 8.819, 9.028, 8.866, 7.223, 4.624, 2.198, 3.359, 2.776, 1.745, 2.415, 4.979, 3.347, 1.786, 1.428, 1.821, 2.162, 3.74, 3.341, 1.395, 2.923, 3.437, 2.099, 2.471, 2.751, 2.238, 1.678, 1.342, 2.759, 3.631, 2.142, 1.177, 2.045, 2.738, 3.021, 3.849, 3.504, 3.258, 3.513, 4.428, 4.997, 5.106, 5.944, 5.002, 2.275, 2.023, 3.026, 3.492, 2.746, 3.022, 3.382, 2.92, 2.265, 2.489, 2.12, 2.54, 3.328, 3.832, 4.679, 5.7, 6.244, 5.582, 5.78], [3.933, 2.423, 2.538, 1.759, 0.0, 3.323, 6.265, 4.514, 3.573, 4.08, 3.777, 2.94, 1.755, 1.276, 2.767, 3.091, 4.226, 5.369, 6.638, 7.608, 8.558, 9.031, 9.143, 8.03, 5.752, 5.428, 5.817, 5.281, 4.755, 4.482, 4.654, 5.645, 6.945, 6.248, 4.346, 5.816, 4.617, 3.569, 4.541, 5.353, 4.785, 4.541, 4.014, 4.205, 4.423, 4.313, 4.382, 5.138, 5.11, 4.091, 4.869, 3.948, 2.808, 3.053, 3.603, 5.36, 7.728, 9.517, 11.416, 11.526, 6.753, 3.922, 4.186, 5.402, 5.102, 5.423, 5.25, 4.411, 4.132, 4.359, 4.885, 5.076, 5.501, 5.843, 6.966, 7.014, 7.634, 9.078, 9.471, 10.452, 12.729, 13.951, 13.611, 13.568, 14.714, 14.288, 11.211, 8.474, 9.544, 9.558, 8.245, 4.992, 2.451, 2.966, 2.965, 2.591, 3.528, 4.313, 4.671, 3.309, 3.321, 3.755, 3.651, 3.152, 3.385, 6.661, 4.552, 2.942, 4.318, 3.519, 3.708, 5.019, 4.539, 3.438, 2.027, 3.348, 6.149, 6.574, 4.998, 4.438, 4.407, 5.015, 5.022, 5.549, 5.34, 5.202, 5.024, 4.692, 4.596, 5.058, 5.4, 5.815, 5.98, 5.539, 4.936, 3.993, 3.649, 3.74, 4.034, 5.071, 5.796, 5.709, 4.368, 5.359, 7.795, 7.592, 7.481, 5.792, 3.947, 2.341, 3.845, 3.24, 2.215, 3.775, 6.498, 4.866, 3.038, 2.667, 2.852, 1.329, 2.336, 2.378, 1.819, 4.311, 4.657, 3.476, 2.689, 2.365, 2.028, 1.986, 2.362, 4.326, 5.18, 3.585, 1.985, 1.772, 2.058, 2.751, 2.974, 3.582, 3.748, 3.936, 4.821, 5.158, 5.321, 5.21, 4.033, 2.549, 2.437, 2.244, 2.672, 2.71, 2.957, 3.37, 3.223, 2.329, 2.568, 2.761, 3.896, 4.773, 5.397, 6.219, 7.243, 7.767, 7.209, 7.322], [1.503, 1.471, 1.389, 2.338, 3.323, 0.0, 3.142, 2.217, 1.444, 3.561, 4.823, 5.186, 3.757, 3.983, 4.686, 5.45, 7.09, 8.277, 9.71, 10.69, 11.629, 12.081, 12.205, 11.207, 8.842, 8.028, 8.19, 7.086, 7.025, 7.325, 7.383, 8.56, 10.048, 9.171, 7.038, 7.676, 6.525, 5.554, 7.639, 8.35, 7.501, 6.817, 5.397, 4.27, 4.046, 3.908, 3.803, 4.776, 4.806, 2.951, 3.007, 2.853, 2.666, 3.232, 3.73, 4.877, 6.359, 6.706, 8.335, 8.359, 4.09, 4.273, 4.98, 5.899, 5.658, 5.81, 5.872, 6.338, 6.717, 7.177, 7.608, 8.067, 8.675, 8.942, 9.999, 10.073, 10.615, 12.063, 12.427, 13.289, 15.548, 16.751, 16.469, 16.34, 17.4, 17.305, 14.261, 11.633, 12.631, 12.638, 11.323, 8.071, 3.578, 2.207, 1.938, 2.305, 4.735, 7.176, 7.572, 6.217, 5.161, 4.8, 4.908, 4.574, 3.299, 4.457, 2.474, 3.482, 5.469, 4.553, 4.574, 3.362, 4.535, 3.367, 3.088, 6.087, 9.085, 9.426, 7.78, 7.323, 6.406, 7.097, 6.787, 6.516, 6.273, 5.767, 5.309, 4.835, 4.184, 4.225, 4.071, 4.255, 4.18, 4.238, 4.194, 3.828, 4.065, 4.288, 6.018, 7.06, 8.082, 8.061, 6.03, 7.199, 10.708, 10.63, 10.552, 8.708, 6.504, 4.133, 4.309, 3.54, 2.613, 2.477, 3.33, 1.994, 1.97, 1.932, 1.397, 3.711, 5.351, 5.06, 2.564, 1.448, 2.034, 2.285, 3.485, 4.462, 4.301, 3.382, 2.605, 2.101, 2.345, 1.547, 2.471, 4.07, 4.478, 4.907, 5.61, 5.104, 4.834, 5.314, 6.33, 6.358, 6.913, 7.855, 6.917, 4.131, 3.547, 4.946, 5.373, 4.696, 4.9, 4.707, 3.85, 4.402, 4.41, 3.878, 2.584, 2.492, 2.608, 3.256, 4.235, 4.675, 4.217, 4.313], [2.745, 4.129, 3.896, 4.726, 6.265, 3.142, 0.0, 1.869, 2.782, 3.634, 7.053, 8.101, 6.069, 6.715, 7.48, 8.251, 9.91, 11.115, 12.455, 13.517, 14.676, 15.009, 15.086, 14.274, 11.893, 10.908, 10.664, 9.43, 9.142, 10.021, 10.039, 11.283, 13.062, 12.111, 9.921, 8.758, 8.153, 7.853, 10.605, 11.396, 10.371, 8.458, 5.984, 4.3, 4.003, 3.839, 3.732, 4.173, 4.35, 2.523, 2.353, 2.959, 4.535, 4.995, 4.234, 3.811, 4.681, 4.261, 5.517, 5.321, 1.881, 4.556, 5.29, 5.71, 5.406, 5.935, 7.719, 9.096, 9.689, 9.939, 10.004, 10.973, 11.71, 12.006, 13.074, 12.911, 13.571, 14.675, 15.175, 15.512, 17.728, 18.999, 18.987, 18.842, 19.655, 20.288, 17.163, 14.559, 15.581, 15.626, 14.403, 10.891, 6.062, 3.84, 3.981, 4.764, 6.768, 9.484, 10.091, 8.945, 7.827, 7.507, 6.768, 6.233, 4.371, 3.353, 2.181, 4.646, 6.232, 5.138, 4.709, 2.875, 4.181, 3.892, 4.831, 8.958, 11.978, 11.708, 9.611, 9.56, 8.504, 8.976, 8.364, 6.656, 6.115, 6.096, 5.905, 4.825, 3.842, 3.304, 2.883, 2.805, 2.956, 3.38, 3.599, 4.406, 5.122, 6.067, 8.122, 9.827, 10.907, 10.335, 8.423, 9.391, 13.135, 13.56, 13.46, 11.798, 8.848, 6.261, 4.49, 4.981, 4.792, 2.961, 1.256, 2.162, 3.763, 3.762, 3.57, 6.294, 8.391, 7.983, 5.068, 2.172, 2.002, 2.887, 5.585, 7.315, 6.628, 5.584, 4.332, 2.127, 1.43, 2.785, 4.704, 6.29, 7.356, 7.629, 8.484, 7.62, 6.641, 6.746, 7.932, 8.553, 8.961, 10.326, 9.301, 6.127, 5.607, 7.554, 8.039, 7.263, 7.341, 7.221, 5.751, 5.845, 6.315, 5.371, 3.474, 2.266, 1.772, 1.168, 1.653, 2.074, 1.72, 1.577], [1.555, 2.528, 2.29, 3.023, 4.514, 2.217, 1.869, 0.0, 1.421, 2.605, 5.336, 6.369, 4.342, 5.011, 5.77, 6.52, 8.136, 9.355, 10.717, 11.784, 12.916, 13.276, 13.41, 12.543, 10.162, 9.177, 8.932, 7.671, 7.402, 8.287, 8.396, 9.545, 11.356, 10.362, 8.178, 7.357, 6.588, 6.166, 8.842, 9.647, 8.622, 7.031, 4.777, 3.438, 3.02, 2.993, 2.988, 3.615, 3.839, 1.98, 1.782, 1.931, 2.833, 3.307, 2.903, 3.651, 4.689, 5.13, 6.971, 7.029, 2.451, 3.794, 4.465, 5.051, 4.8, 5.048, 6.061, 7.379, 7.974, 8.253, 8.195, 9.242, 9.979, 10.246, 11.317, 11.14, 11.822, 12.951, 13.419, 13.972, 16.191, 17.516, 17.285, 17.128, 18.034, 18.576, 15.445, 12.845, 13.876, 13.863, 12.663, 9.218, 4.409, 2.553, 2.393, 2.992, 5.041, 7.925, 8.393, 7.264, 6.196, 5.832, 5.061, 4.767, 3.199, 3.165, 1.455, 3.2, 5.029, 4.07, 3.922, 2.431, 3.606, 2.721, 3.121, 7.202, 10.222, 10.094, 8.152, 8.089, 7.016, 7.418, 6.823, 5.674, 5.339, 4.96, 4.677, 4.035, 3.3, 3.07, 2.695, 2.763, 2.795, 3.06, 3.054, 3.129, 3.707, 4.59, 6.542, 8.096, 9.176, 8.646, 6.724, 7.708, 11.532, 11.854, 11.719, 10.04, 7.208, 4.599, 3.491, 3.371, 3.067, 1.784, 2.065, 1.635, 2.277, 2.184, 2.029, 4.59, 6.66, 6.252, 3.328, 1.502, 1.341, 1.419, 3.858, 5.584, 4.897, 3.862, 2.667, 1.344, 1.387, 1.332, 3.041, 4.559, 5.627, 5.898, 6.753, 5.889, 4.966, 5.202, 6.382, 6.827, 7.393, 8.688, 7.674, 4.569, 3.875, 5.783, 6.29, 5.516, 5.587, 5.438, 4.063, 4.435, 4.977, 4.147, 2.088, 1.262, 1.394, 2.071, 2.83, 3.335, 2.883, 2.927], [1.669, 1.813, 1.556, 2.172, 3.573, 1.444, 2.782, 1.421, 0.0, 2.666, 4.436, 5.321, 3.575, 4.017, 4.756, 5.599, 7.294, 8.514, 9.901, 10.968, 12.075, 12.46, 12.502, 11.556, 9.124, 8.197, 8.009, 6.996, 6.786, 7.47, 7.465, 8.519, 10.423, 9.547, 7.357, 7.01, 5.971, 5.323, 8.0, 8.831, 7.811, 6.413, 4.573, 3.393, 3.166, 2.932, 2.851, 3.702, 3.773, 1.882, 2.206, 2.203, 2.122, 2.74, 2.788, 3.879, 5.362, 6.1, 8.001, 8.064, 3.397, 3.525, 4.147, 4.943, 4.66, 4.73, 5.171, 6.431, 7.066, 7.313, 7.461, 8.256, 8.981, 9.378, 10.45, 10.313, 11.006, 12.126, 12.606, 13.115, 15.303, 16.534, 16.472, 16.371, 17.232, 17.701, 14.468, 11.896, 12.945, 13.047, 11.759, 8.316, 3.505, 1.782, 1.718, 2.224, 4.389, 7.016, 7.578, 6.391, 5.265, 4.968, 4.595, 4.185, 2.627, 3.485, 1.635, 2.8, 4.629, 3.696, 3.713, 2.337, 3.55, 2.554, 2.744, 6.347, 9.354, 9.219, 7.459, 7.126, 6.153, 6.75, 6.365, 5.569, 5.285, 4.801, 4.417, 3.791, 3.148, 3.23, 3.107, 3.297, 3.214, 3.268, 3.204, 2.896, 3.275, 3.755, 5.65, 7.107, 8.125, 7.884, 5.882, 6.894, 10.602, 11.01, 10.882, 9.197, 6.394, 3.814, 3.384, 2.736, 2.295, 1.669, 3.035, 1.68, 1.86, 1.576, 1.309, 3.676, 5.609, 5.201, 2.519, 1.512, 1.757, 1.411, 2.946, 4.548, 4.089, 3.134, 2.17, 1.225, 1.984, 1.08, 2.056, 3.822, 4.652, 4.91, 5.752, 4.984, 4.147, 4.651, 5.792, 6.097, 6.51, 7.82, 6.81, 3.827, 3.391, 4.963, 5.492, 4.689, 4.753, 4.624, 3.238, 3.854, 4.112, 3.49, 1.708, 1.617, 2.078, 2.837, 3.844, 4.366, 3.754, 3.932], [3.474, 3.685, 3.431, 3.191, 4.08, 3.561, 3.634, 2.605, 2.666, 0.0, 4.143, 5.189, 3.682, 4.652, 5.195, 5.417, 7.1, 8.302, 9.749, 10.781, 11.836, 12.273, 12.294, 11.372, 8.948, 8.006, 7.838, 6.591, 6.445, 7.302, 7.341, 8.392, 10.237, 9.338, 7.169, 6.526, 5.674, 5.067, 7.761, 8.619, 7.594, 6.11, 3.887, 2.166, 1.599, 1.571, 1.919, 1.975, 2.609, 2.035, 1.909, 1.202, 2.537, 2.84, 2.13, 2.054, 4.428, 6.218, 8.107, 8.226, 3.757, 3.188, 3.622, 3.995, 3.55, 3.699, 4.835, 6.197, 6.874, 7.11, 7.203, 8.067, 8.797, 9.161, 10.232, 10.152, 10.794, 11.991, 12.391, 13.041, 15.258, 16.583, 16.325, 16.158, 17.116, 17.477, 14.264, 11.658, 12.733, 12.835, 11.559, 8.117, 3.418, 1.857, 2.653, 2.38, 4.088, 6.992, 7.44, 6.221, 5.14, 4.794, 4.251, 4.052, 2.935, 3.843, 2.576, 2.386, 4.179, 3.167, 3.15, 2.515, 2.815, 2.642, 2.874, 6.117, 9.15, 9.161, 7.313, 7.117, 6.124, 6.542, 5.969, 4.81, 4.315, 4.135, 3.877, 2.908, 1.835, 1.636, 1.732, 2.215, 2.644, 2.435, 2.039, 2.49, 2.902, 3.577, 5.61, 6.882, 7.964, 7.671, 5.514, 6.63, 10.6, 10.823, 10.695, 8.959, 6.349, 3.94, 2.677, 2.617, 2.732, 3.082, 3.829, 3.612, 3.579, 3.406, 3.497, 4.439, 5.64, 5.218, 3.55, 3.168, 3.233, 2.153, 3.171, 4.612, 4.085, 3.625, 2.83, 2.75, 3.158, 2.4, 3.032, 3.706, 4.562, 4.684, 5.598, 4.737, 3.932, 4.152, 5.392, 5.852, 6.39, 7.756, 6.734, 3.729, 3.063, 4.772, 5.286, 4.661, 4.523, 4.383, 2.806, 3.827, 4.041, 3.559, 2.854, 2.821, 2.628, 3.395, 4.008, 4.486, 3.885, 4.345], [5.237, 4.543, 4.532, 3.595, 3.777, 4.823, 7.053, 5.336, 4.436, 4.143, 0.0, 1.785, 2.94, 3.535, 2.898, 2.591, 3.657, 4.585, 5.8, 6.857, 7.79, 8.229, 8.242, 7.264, 4.866, 3.96, 3.96, 2.821, 3.086, 3.721, 3.919, 4.623, 6.209, 5.466, 3.204, 3.524, 2.47, 1.752, 3.728, 4.546, 3.578, 2.798, 2.126, 3.382, 3.856, 3.898, 3.752, 3.914, 4.988, 4.736, 5.409, 4.619, 3.173, 2.864, 3.464, 5.444, 8.484, 10.338, 12.22, 12.335, 7.576, 3.669, 2.737, 3.219, 3.18, 2.319, 1.685, 2.361, 2.763, 3.15, 3.484, 4.014, 4.689, 5.054, 6.126, 6.113, 6.725, 8.11, 8.474, 9.316, 11.514, 12.784, 12.512, 12.356, 13.332, 13.447, 10.211, 7.605, 8.655, 8.756, 7.442, 4.197, 2.323, 3.727, 3.609, 2.96, 1.803, 3.59, 3.961, 2.635, 1.753, 1.533, 1.657, 2.41, 3.591, 7.47, 5.272, 2.703, 1.796, 2.634, 3.427, 5.779, 4.42, 3.547, 3.369, 2.989, 5.144, 5.52, 4.568, 4.42, 3.356, 3.506, 3.125, 3.283, 2.945, 2.396, 2.512, 3.008, 3.972, 4.853, 5.665, 6.265, 6.204, 5.354, 4.773, 3.564, 2.716, 2.143, 2.339, 2.857, 3.93, 4.102, 1.581, 2.907, 6.76, 6.764, 6.652, 4.902, 3.403, 2.614, 3.078, 2.644, 3.0, 4.636, 7.306, 5.71, 4.119, 3.83, 4.702, 3.794, 3.665, 3.189, 3.334, 5.401, 5.569, 4.205, 2.16, 2.373, 2.599, 3.029, 3.402, 5.105, 5.947, 4.33, 3.019, 2.701, 2.285, 2.208, 2.552, 1.564, 1.52, 1.684, 1.924, 2.05, 2.712, 3.891, 3.424, 2.633, 2.744, 2.77, 2.791, 2.473, 2.039, 1.439, 1.87, 3.249, 2.885, 3.554, 4.559, 5.576, 6.171, 7.028, 8.088, 8.613, 7.943, 8.057], [5.66, 4.584, 4.524, 3.45, 2.94, 5.186, 8.101, 6.369, 5.321, 5.189, 1.785, 0.0, 2.323, 2.404, 1.814, 1.51, 2.499, 3.57, 4.958, 5.958, 6.906, 7.386, 7.428, 6.267, 3.921, 3.334, 3.451, 2.728, 2.457, 2.773, 2.85, 3.644, 5.281, 4.523, 2.378, 3.55, 2.311, 1.57, 2.872, 3.699, 2.891, 2.247, 2.523, 4.421, 4.94, 5.066, 4.921, 4.997, 6.04, 5.829, 6.454, 5.641, 3.888, 3.332, 4.501, 6.5, 9.515, 11.373, 13.263, 13.382, 8.609, 4.633, 3.786, 4.347, 4.317, 2.999, 2.513, 1.942, 2.068, 2.336, 2.873, 3.242, 3.768, 4.15, 5.244, 5.315, 5.943, 7.266, 7.64, 8.603, 10.885, 12.075, 11.767, 11.65, 12.758, 12.596, 9.403, 6.743, 7.809, 7.906, 6.592, 3.281, 2.385, 4.37, 4.193, 3.479, 2.201, 2.632, 2.946, 1.79, 1.784, 1.752, 1.767, 2.337, 4.473, 8.517, 6.294, 3.614, 2.733, 3.598, 4.338, 6.798, 5.465, 4.523, 3.633, 1.868, 4.328, 4.739, 3.687, 3.222, 2.44, 2.749, 2.595, 3.535, 3.63, 3.233, 3.233, 3.992, 5.055, 5.918, 6.717, 7.301, 7.32, 6.613, 6.006, 4.809, 3.902, 3.158, 1.884, 2.476, 3.272, 3.451, 1.688, 2.749, 5.954, 5.939, 5.834, 4.037, 2.194, 2.542, 4.11, 3.602, 3.536, 5.539, 8.354, 6.722, 4.799, 4.509, 4.79, 2.958, 2.139, 1.784, 3.257, 6.155, 6.499, 5.248, 2.573, 1.458, 2.015, 2.931, 3.985, 6.094, 6.966, 5.318, 3.49, 2.518, 1.572, 1.188, 1.239, 1.251, 1.908, 1.964, 2.115, 2.478, 2.627, 3.165, 2.361, 2.644, 3.028, 2.247, 1.95, 1.661, 1.487, 1.708, 2.864, 3.065, 2.733, 3.791, 5.618, 6.593, 7.189, 8.046, 9.106, 9.631, 8.971, 9.128], [3.893, 3.231, 3.062, 1.947, 1.755, 3.757, 6.069, 4.342, 3.575, 3.682, 2.94, 2.323, 0.0, 1.316, 1.923, 2.305, 4.168, 5.39, 6.881, 7.887, 8.852, 9.326, 9.366, 8.24, 5.857, 4.965, 5.045, 4.048, 3.728, 4.394, 4.471, 5.471, 7.223, 6.395, 4.223, 4.484, 3.288, 2.945, 4.811, 5.636, 4.645, 3.494, 2.744, 3.571, 3.894, 3.82, 3.919, 4.568, 4.684, 3.844, 4.501, 3.658, 2.349, 2.143, 2.802, 4.937, 7.531, 9.342, 11.231, 11.351, 6.577, 3.142, 3.262, 4.306, 4.164, 4.042, 4.078, 3.892, 3.902, 4.2, 4.412, 5.07, 5.698, 6.096, 7.178, 7.237, 7.843, 9.161, 9.515, 10.306, 12.502, 13.812, 13.523, 13.344, 14.363, 14.513, 11.326, 8.672, 9.751, 9.852, 8.538, 5.203, 2.335, 3.142, 3.068, 2.414, 2.35, 4.234, 4.629, 3.347, 3.099, 2.808, 2.608, 2.314, 2.956, 6.497, 4.416, 2.194, 3.327, 2.583, 2.922, 4.929, 3.945, 2.789, 1.825, 3.12, 6.188, 6.407, 4.616, 4.362, 3.474, 3.91, 3.638, 4.203, 4.313, 4.095, 3.878, 3.652, 4.101, 4.704, 5.147, 5.599, 5.804, 5.362, 4.683, 3.653, 3.027, 2.831, 2.946, 4.006, 5.046, 4.927, 3.269, 4.07, 7.807, 7.876, 7.771, 5.942, 3.624, 1.754, 3.106, 2.459, 2.182, 3.536, 6.322, 4.701, 2.814, 2.648, 3.245, 1.452, 2.376, 2.126, 1.793, 4.383, 4.573, 3.217, 1.514, 1.819, 1.177, 1.824, 2.083, 4.08, 4.988, 3.396, 1.827, 1.04, 1.682, 1.873, 2.611, 2.313, 2.592, 2.633, 3.486, 3.99, 4.15, 4.942, 3.972, 2.045, 2.09, 2.488, 2.404, 1.969, 1.861, 2.246, 2.415, 1.489, 1.98, 2.526, 3.659, 4.652, 5.155, 6.048, 7.081, 7.606, 6.94, 7.065], [4.481, 3.233, 3.255, 2.476, 1.276, 3.983, 6.715, 5.011, 4.017, 4.652, 3.535, 2.404, 1.316, 0.0, 1.922, 2.474, 3.749, 5.022, 6.218, 7.2, 8.195, 8.66, 8.704, 7.637, 5.317, 4.84, 5.093, 4.711, 4.097, 4.087, 4.129, 5.145, 6.592, 5.882, 3.822, 5.122, 3.97, 3.291, 4.154, 5.053, 4.399, 3.915, 3.563, 4.392, 4.861, 4.819, 4.917, 5.469, 5.589, 4.718, 5.436, 4.622, 2.872, 2.764, 3.778, 5.82, 8.379, 10.04, 11.947, 12.011, 7.275, 4.193, 4.239, 5.153, 5.028, 4.881, 4.667, 3.909, 3.713, 3.812, 4.398, 4.639, 5.101, 5.509, 6.626, 6.626, 7.28, 8.656, 9.089, 10.095, 12.362, 13.588, 13.247, 13.184, 14.288, 13.929, 10.715, 8.045, 9.111, 9.196, 7.889, 4.541, 2.779, 3.598, 3.436, 3.19, 3.108, 3.933, 4.288, 2.878, 3.022, 3.177, 3.159, 3.017, 3.629, 7.137, 5.192, 3.154, 4.172, 3.569, 3.867, 5.746, 4.627, 3.622, 2.569, 2.947, 5.799, 6.198, 4.631, 4.046, 3.848, 4.41, 4.411, 4.981, 5.11, 4.879, 4.705, 4.535, 5.156, 5.707, 6.118, 6.509, 6.728, 6.327, 5.631, 4.6, 4.014, 3.73, 3.371, 4.335, 5.005, 5.034, 3.752, 4.708, 7.422, 7.223, 7.091, 5.46, 3.386, 2.247, 3.947, 3.184, 2.613, 4.183, 6.967, 5.335, 3.414, 3.152, 3.336, 1.003, 1.823, 1.625, 2.057, 4.884, 5.188, 3.9, 2.045, 1.9, 1.621, 2.23, 2.987, 4.939, 5.844, 4.254, 2.495, 1.533, 1.864, 2.268, 2.313, 3.066, 3.251, 3.466, 4.228, 4.584, 4.718, 4.729, 3.665, 2.578, 2.838, 2.204, 2.358, 2.258, 2.36, 2.859, 3.12, 2.126, 2.543, 3.375, 4.55, 5.434, 5.996, 6.795, 7.792, 8.312, 7.698, 7.878], [5.336, 4.318, 4.289, 3.352, 2.767, 4.686, 7.48, 5.77, 4.756, 5.195, 2.898, 1.814, 1.923, 1.922, 0.0, 1.4, 3.047, 4.302, 5.697, 6.673, 7.586, 8.064, 8.135, 6.927, 4.559, 3.873, 4.045, 3.131, 2.985, 3.361, 3.425, 4.406, 5.926, 5.189, 3.115, 3.746, 2.787, 2.927, 3.653, 4.323, 3.58, 3.014, 3.017, 4.55, 5.11, 5.237, 5.326, 5.6, 5.991, 5.39, 6.08, 5.257, 3.491, 2.927, 4.175, 6.347, 9.061, 10.82, 12.724, 12.793, 8.058, 4.5, 4.497, 5.116, 4.895, 4.013, 3.549, 3.156, 3.148, 3.119, 3.787, 3.988, 4.469, 4.926, 5.911, 6.029, 6.624, 8.082, 8.464, 9.381, 11.662, 12.854, 12.552, 12.44, 13.479, 13.282, 10.113, 7.468, 8.522, 8.563, 7.221, 4.024, 3.243, 4.231, 3.965, 3.681, 3.005, 3.353, 3.665, 3.134, 2.851, 2.514, 2.756, 2.636, 4.2, 7.919, 5.816, 3.605, 3.706, 3.991, 4.401, 6.391, 5.124, 4.242, 3.453, 2.355, 5.088, 5.534, 3.913, 3.414, 2.66, 3.222, 2.965, 3.899, 4.339, 4.13, 4.036, 4.537, 5.51, 6.166, 6.665, 7.084, 7.328, 6.904, 6.207, 5.165, 4.445, 3.817, 2.499, 2.967, 3.786, 4.091, 2.553, 3.25, 6.753, 6.612, 6.534, 4.618, 2.622, 2.512, 4.263, 3.423, 3.194, 4.919, 7.733, 6.102, 4.199, 3.926, 4.43, 2.603, 1.48, 1.387, 2.847, 5.604, 5.888, 4.628, 2.164, 1.469, 1.976, 2.761, 3.651, 5.661, 6.524, 4.924, 3.155, 2.4, 2.004, 1.891, 1.746, 1.992, 2.548, 2.624, 2.978, 3.393, 3.508, 4.036, 3.074, 3.09, 3.321, 3.127, 2.45, 2.004, 1.966, 2.316, 3.365, 2.977, 3.143, 4.042, 5.215, 6.145, 6.733, 7.561, 8.57, 9.095, 8.475, 8.654], [5.892, 4.981, 4.945, 3.737, 3.091, 5.45, 8.251, 6.52, 5.599, 5.417, 2.591, 1.51, 2.305, 2.474, 1.4, 0.0, 2.034, 3.277, 4.717, 5.697, 6.637, 7.098, 7.161, 6.024, 3.667, 2.813, 3.038, 2.336, 1.875, 2.301, 2.544, 3.438, 4.992, 4.193, 2.082, 3.023, 2.275, 2.249, 2.709, 3.409, 2.529, 2.059, 2.823, 4.627, 5.138, 5.249, 5.293, 5.533, 6.215, 5.944, 6.624, 5.739, 4.161, 3.479, 4.641, 6.672, 9.664, 11.523, 13.413, 13.532, 8.759, 4.742, 4.331, 4.955, 4.72, 3.669, 2.833, 2.506, 2.286, 2.395, 2.568, 2.935, 3.501, 3.91, 4.954, 5.031, 5.633, 7.083, 7.455, 8.306, 10.524, 11.768, 11.497, 11.357, 12.348, 12.321, 9.172, 6.506, 7.558, 7.624, 6.311, 3.047, 3.174, 4.642, 4.55, 3.673, 2.821, 2.519, 2.759, 2.473, 2.775, 2.403, 2.435, 2.625, 4.637, 8.667, 6.444, 3.771, 3.415, 3.86, 4.482, 6.938, 5.615, 4.673, 3.723, 1.677, 4.073, 4.444, 2.875, 2.554, 1.874, 2.158, 2.187, 3.583, 4.037, 3.695, 3.81, 4.47, 5.484, 6.18, 6.848, 7.425, 7.437, 6.853, 6.264, 5.129, 4.337, 3.646, 2.012, 2.181, 3.138, 2.975, 1.897, 2.449, 5.732, 5.663, 5.562, 3.731, 1.692, 2.616, 4.361, 3.795, 3.868, 5.689, 8.504, 6.872, 4.985, 4.721, 5.185, 3.029, 1.479, 1.336, 3.624, 6.403, 6.653, 5.435, 2.775, 1.66, 2.008, 3.178, 4.105, 6.231, 7.108, 5.466, 3.743, 2.271, 1.846, 1.553, 1.245, 1.49, 2.424, 2.383, 2.29, 2.758, 2.622, 2.897, 2.064, 2.855, 3.238, 2.603, 1.841, 1.742, 1.652, 2.187, 3.27, 2.857, 2.98, 4.046, 5.718, 6.73, 7.325, 8.182, 9.247, 9.772, 9.145, 9.256], [7.427, 6.138, 6.198, 5.281, 4.226, 7.09, 9.91, 8.136, 7.294, 7.1, 3.657, 2.499, 4.168, 3.749, 3.047, 2.034, 0.0, 1.515, 2.742, 3.772, 4.809, 5.239, 5.287, 4.453, 2.321, 1.992, 2.153, 2.187, 1.631, 1.104, 1.593, 2.104, 3.421, 2.364, 1.27, 2.944, 2.893, 2.723, 1.842, 1.869, 1.366, 2.309, 4.052, 6.157, 6.634, 6.749, 6.684, 6.855, 7.771, 7.561, 8.361, 7.458, 5.568, 5.022, 6.218, 8.227, 11.249, 13.119, 14.998, 15.117, 10.368, 6.245, 5.439, 5.988, 5.939, 4.569, 3.44, 2.597, 2.181, 1.902, 1.907, 1.814, 2.433, 2.81, 3.565, 3.603, 3.983, 5.055, 5.458, 6.376, 8.649, 9.876, 9.543, 9.611, 10.758, 10.49, 7.375, 4.725, 5.743, 5.767, 4.542, 1.525, 4.205, 6.17, 6.179, 5.355, 3.721, 1.915, 1.716, 2.189, 3.238, 3.364, 3.56, 4.033, 6.208, 10.247, 8.064, 5.371, 4.429, 5.16, 5.996, 8.581, 7.2, 6.258, 5.221, 1.605, 2.281, 2.513, 1.897, 1.634, 2.201, 2.102, 2.47, 4.564, 5.127, 4.601, 4.818, 5.655, 6.755, 7.577, 8.383, 8.983, 8.917, 8.181, 7.531, 6.386, 5.496, 4.806, 2.69, 1.794, 2.438, 1.851, 2.56, 2.441, 3.773, 3.798, 3.654, 2.185, 1.376, 4.119, 5.845, 5.326, 5.271, 7.314, 10.089, 8.457, 6.54, 6.301, 6.58, 4.014, 2.476, 2.411, 5.06, 7.918, 8.532, 7.176, 4.506, 2.878, 3.47, 4.53, 5.681, 7.859, 8.736, 7.239, 5.398, 3.879, 2.916, 2.734, 2.039, 2.738, 3.526, 3.497, 2.831, 3.077, 2.795, 2.288, 1.633, 4.075, 4.614, 2.915, 2.615, 2.945, 2.869, 3.431, 4.692, 4.288, 4.045, 5.378, 7.195, 8.28, 8.917, 9.736, 10.81, 11.354, 10.807, 10.783], [8.658, 7.45, 7.355, 6.513, 5.369, 8.277, 11.115, 9.355, 8.514, 8.302, 4.585, 3.57, 5.39, 5.022, 4.302, 3.277, 1.515, 0.0, 1.589, 2.614, 3.62, 4.135, 4.268, 3.476, 1.65, 1.658, 1.694, 2.417, 2.164, 1.411, 1.589, 1.458, 2.458, 1.597, 1.952, 3.729, 3.692, 3.626, 2.466, 1.903, 1.749, 3.141, 5.201, 7.32, 7.692, 7.854, 7.72, 7.973, 8.952, 8.78, 9.576, 8.65, 6.662, 6.153, 7.276, 9.263, 12.315, 14.287, 16.123, 16.176, 11.537, 7.398, 6.351, 6.888, 6.967, 5.622, 4.146, 3.467, 3.009, 2.757, 2.328, 2.281, 2.794, 2.671, 2.997, 3.185, 3.497, 3.983, 4.281, 5.127, 7.384, 8.589, 8.268, 8.236, 9.419, 9.363, 6.311, 3.667, 4.699, 4.628, 3.539, 2.038, 5.204, 7.384, 7.4, 6.578, 4.603, 2.604, 2.094, 3.036, 4.228, 4.297, 4.449, 5.201, 7.353, 11.288, 9.231, 6.545, 5.347, 6.183, 7.118, 9.748, 8.259, 7.384, 6.304, 2.392, 1.345, 1.75, 2.309, 2.323, 3.089, 2.55, 3.327, 5.48, 6.141, 5.621, 5.872, 6.821, 7.91, 8.701, 9.507, 10.102, 9.983, 9.183, 8.487, 7.267, 6.355, 5.675, 3.461, 2.469, 2.46, 1.745, 3.428, 3.058, 2.78, 2.899, 3.066, 1.941, 2.318, 5.179, 6.957, 6.483, 6.415, 8.483, 11.207, 9.567, 7.593, 7.451, 7.803, 5.219, 3.639, 3.668, 6.155, 9.096, 9.751, 8.373, 5.726, 4.11, 4.682, 5.58, 6.806, 9.038, 9.903, 8.448, 6.604, 5.063, 4.056, 3.872, 3.199, 3.871, 4.651, 4.521, 3.669, 3.728, 3.454, 2.468, 2.408, 5.166, 5.679, 3.903, 3.349, 3.925, 3.938, 4.432, 5.751, 5.441, 5.134, 6.369, 8.273, 9.395, 10.035, 10.883, 11.906, 12.465, 12.044, 11.969], [10.022, 8.67, 8.726, 7.928, 6.638, 9.71, 12.455, 10.717, 9.901, 9.749, 5.8, 4.958, 6.881, 6.218, 5.697, 4.717, 2.742, 1.589, 0.0, 1.338, 2.315, 2.791, 3.054, 2.299, 1.863, 2.204, 2.111, 3.349, 3.403, 2.555, 2.487, 1.779, 1.49, 1.584, 2.753, 4.466, 4.66, 4.743, 2.987, 2.12, 2.488, 4.324, 6.558, 8.666, 9.012, 9.192, 9.018, 9.312, 10.298, 10.125, 11.04, 10.142, 8.005, 7.549, 8.532, 10.461, 13.566, 15.596, 17.401, 17.381, 12.883, 8.699, 7.608, 8.073, 8.275, 6.966, 5.159, 4.307, 3.862, 3.515, 3.298, 2.868, 2.929, 2.744, 2.932, 3.168, 3.391, 3.322, 3.497, 4.189, 6.207, 7.482, 7.149, 7.298, 8.483, 8.185, 5.163, 2.717, 3.507, 3.414, 2.594, 2.473, 6.489, 8.72, 8.833, 8.06, 5.762, 3.431, 2.806, 3.886, 4.895, 5.278, 5.741, 6.52, 8.609, 12.493, 10.567, 7.891, 6.605, 7.527, 8.425, 11.091, 9.468, 8.669, 7.711, 3.78, 1.311, 1.414, 3.028, 3.283, 4.413, 3.798, 4.523, 6.678, 7.34, 6.819, 7.121, 8.154, 9.24, 9.966, 10.817, 11.429, 11.311, 10.395, 9.668, 8.46, 7.535, 6.805, 4.587, 3.424, 3.041, 2.586, 4.489, 3.783, 2.395, 2.209, 2.49, 2.003, 3.628, 6.423, 8.197, 7.749, 7.749, 9.829, 12.471, 10.812, 8.947, 8.831, 9.205, 6.537, 4.925, 4.917, 7.487, 10.496, 11.246, 9.823, 7.204, 5.546, 6.134, 6.939, 8.191, 10.405, 11.246, 9.901, 8.031, 6.502, 5.534, 5.367, 4.421, 5.35, 5.962, 5.842, 4.625, 4.449, 4.051, 2.953, 3.427, 6.481, 7.119, 5.141, 4.597, 5.261, 5.282, 5.635, 7.191, 6.738, 6.413, 7.631, 9.541, 10.7, 11.355, 12.191, 13.217, 13.811, 13.386, 13.315], [11.064, 9.644, 9.722, 8.953, 7.608, 10.69, 13.517, 11.784, 10.968, 10.781, 6.857, 5.958, 7.887, 7.2, 6.673, 5.697, 3.772, 2.614, 1.338, 0.0, 1.54, 1.827, 2.127, 1.768, 2.415, 3.137, 3.122, 4.374, 4.49, 3.645, 3.592, 2.563, 1.359, 2.133, 3.795, 5.457, 5.659, 5.818, 3.81, 2.727, 3.487, 5.249, 7.585, 9.693, 10.048, 10.159, 10.008, 10.356, 11.275, 11.17, 12.066, 11.148, 9.08, 8.554, 9.503, 11.379, 14.454, 16.584, 18.382, 18.353, 13.845, 9.635, 8.536, 9.003, 9.279, 8.038, 6.285, 5.333, 4.849, 4.495, 4.399, 3.72, 3.364, 3.217, 2.772, 3.41, 3.5, 3.239, 3.255, 4.171, 5.67, 6.914, 6.633, 6.945, 8.004, 7.523, 4.398, 2.142, 2.624, 2.46, 2.117, 3.0, 7.505, 9.777, 9.843, 9.062, 6.917, 4.446, 3.742, 4.831, 5.984, 6.25, 6.789, 7.452, 9.493, 13.406, 11.55, 8.897, 7.543, 8.521, 9.343, 12.12, 10.411, 9.708, 8.762, 4.792, 2.119, 2.195, 4.055, 4.164, 5.424, 4.794, 5.456, 7.603, 8.294, 7.784, 8.022, 9.145, 10.21, 10.957, 11.775, 12.343, 12.253, 11.329, 10.614, 9.428, 8.629, 7.856, 5.768, 4.518, 3.774, 3.625, 5.584, 4.766, 2.415, 1.97, 2.08, 2.603, 4.685, 7.406, 9.163, 8.627, 8.74, 10.795, 13.402, 11.842, 9.94, 9.89, 10.252, 7.533, 5.878, 5.873, 8.533, 11.486, 12.249, 10.852, 8.217, 6.557, 7.153, 7.98, 9.243, 11.464, 12.271, 10.927, 9.079, 7.56, 6.59, 6.377, 5.352, 6.356, 7.035, 6.928, 5.766, 5.546, 5.001, 3.864, 4.486, 7.503, 8.174, 6.204, 5.617, 6.367, 6.366, 6.731, 8.291, 7.822, 7.425, 8.627, 10.419, 11.627, 12.327, 13.178, 14.124, 14.836, 14.45, 14.341], [12.219, 10.6, 10.807, 10.07, 8.558, 11.629, 14.676, 12.916, 12.075, 11.836, 7.79, 6.906, 8.852, 8.195, 7.586, 6.637, 4.809, 3.62, 2.315, 1.54, 0.0, 1.17, 1.731, 1.916, 3.148, 3.974, 4.14, 5.292, 5.609, 4.701, 4.708, 3.663, 1.807, 2.767, 4.772, 6.56, 6.803, 6.923, 4.612, 3.596, 4.441, 6.485, 8.715, 10.874, 11.227, 11.376, 11.203, 11.518, 12.485, 12.341, 13.086, 12.113, 10.177, 9.714, 10.704, 12.361, 15.714, 17.79, 19.587, 19.475, 15.064, 10.842, 9.78, 10.212, 10.478, 9.16, 7.279, 6.259, 5.736, 5.455, 5.354, 4.5, 3.998, 3.774, 3.416, 4.123, 4.16, 3.942, 3.907, 4.852, 5.619, 6.383, 6.307, 6.864, 7.958, 7.02, 3.921, 2.27, 2.247, 2.042, 1.869, 3.844, 8.7, 10.904, 10.833, 10.071, 7.962, 5.552, 4.802, 5.85, 7.048, 7.329, 7.922, 8.672, 10.757, 14.501, 12.749, 10.073, 8.773, 9.706, 10.568, 13.305, 11.588, 10.868, 9.845, 5.745, 2.853, 3.095, 5.199, 5.363, 6.603, 5.962, 6.657, 8.802, 9.453, 8.964, 9.268, 10.365, 11.432, 12.16, 12.985, 13.58, 13.495, 12.559, 11.776, 10.637, 9.755, 8.976, 6.827, 5.337, 4.548, 4.664, 6.419, 5.743, 3.278, 2.714, 2.253, 3.215, 5.833, 8.452, 10.359, 9.895, 9.9, 12.012, 14.623, 12.982, 11.014, 11.008, 11.332, 8.583, 6.74, 6.914, 9.63, 12.607, 13.197, 11.914, 9.223, 7.547, 8.216, 9.116, 10.361, 12.598, 13.457, 11.965, 10.161, 8.532, 7.478, 7.314, 6.382, 7.305, 8.187, 7.989, 6.862, 6.5, 6.001, 4.847, 5.639, 8.696, 9.264, 7.233, 6.731, 7.444, 7.389, 7.648, 9.181, 9.003, 8.635, 9.857, 11.713, 12.9, 13.56, 14.4, 15.361, 16.006, 15.605, 15.529], [12.585, 11.029, 11.231, 10.444, 9.031, 12.081, 15.009, 13.276, 12.46, 12.273, 8.229, 7.386, 9.326, 8.66, 8.064, 7.098, 5.239, 4.135, 2.791, 1.827, 1.17, 0.0, 1.331, 2.244, 3.599, 4.454, 4.516, 5.816, 5.965, 5.077, 5.083, 4.101, 2.259, 3.077, 5.247, 6.954, 7.148, 7.346, 5.094, 4.009, 4.893, 6.833, 9.088, 11.179, 11.531, 11.678, 11.507, 11.848, 12.788, 12.661, 13.558, 12.605, 10.577, 10.033, 11.045, 12.914, 16.084, 18.099, 19.926, 19.889, 15.368, 11.211, 10.154, 10.605, 10.815, 9.617, 7.749, 6.768, 6.208, 5.846, 5.775, 5.064, 4.549, 4.373, 3.893, 4.604, 4.646, 4.345, 4.234, 5.237, 5.874, 6.371, 6.158, 6.945, 7.832, 6.991, 3.973, 2.496, 1.95, 1.799, 1.975, 4.217, 9.002, 11.269, 11.289, 10.523, 8.439, 6.041, 5.232, 6.24, 7.36, 7.614, 8.285, 8.985, 11.113, 14.96, 13.053, 10.381, 9.107, 10.091, 10.897, 13.609, 11.972, 11.225, 10.254, 6.31, 3.505, 3.657, 5.525, 5.743, 7.013, 6.411, 7.067, 9.183, 9.866, 9.359, 9.613, 10.654, 11.718, 12.484, 13.293, 13.894, 13.785, 12.896, 12.255, 10.984, 10.096, 9.364, 7.24, 5.907, 5.115, 5.097, 6.957, 6.102, 3.672, 2.989, 2.292, 3.747, 6.182, 8.868, 10.737, 10.245, 10.231, 12.314, 14.979, 13.359, 11.422, 11.382, 11.743, 8.984, 7.245, 7.333, 10.025, 12.958, 13.676, 12.34, 9.678, 8.028, 8.628, 9.472, 10.735, 12.968, 13.761, 12.412, 10.571, 9.036, 8.037, 7.826, 6.833, 7.794, 8.567, 8.414, 7.205, 6.953, 6.32, 5.269, 6.008, 9.043, 9.734, 7.699, 7.186, 7.914, 7.795, 8.067, 9.729, 9.342, 8.957, 10.206, 12.078, 13.224, 13.881, 14.682, 15.683, 16.32, 15.934, 15.843], [12.614, 11.107, 11.392, 10.489, 9.143, 12.205, 15.086, 13.41, 12.502, 12.294, 8.242, 7.428, 9.366, 8.704, 8.135, 7.161, 5.287, 4.268, 3.054, 2.127, 1.731, 1.331, 0.0, 1.697, 3.656, 4.485, 4.507, 6.037, 6.165, 5.146, 5.112, 4.044, 2.361, 3.396, 5.519, 7.001, 7.398, 7.334, 4.837, 4.11, 4.993, 6.93, 9.234, 11.351, 11.834, 11.853, 11.693, 11.905, 12.949, 12.726, 13.555, 12.629, 10.813, 10.226, 11.38, 13.372, 16.416, 18.289, 20.176, 20.274, 15.522, 11.398, 10.38, 10.818, 10.906, 9.596, 7.634, 6.314, 5.783, 5.335, 5.589, 4.412, 4.086, 4.107, 3.386, 4.012, 4.161, 3.813, 3.696, 4.69, 5.281, 6.06, 5.756, 6.618, 7.433, 6.464, 3.228, 1.674, 1.44, 1.443, 1.746, 4.223, 9.081, 11.32, 11.336, 10.609, 8.627, 6.182, 5.409, 6.207, 7.289, 7.733, 8.553, 9.208, 11.386, 15.4, 13.207, 10.487, 9.383, 10.12, 11.17, 13.72, 12.356, 11.476, 10.453, 6.494, 3.653, 3.834, 5.7, 5.902, 7.163, 6.692, 7.438, 9.592, 10.252, 9.719, 9.88, 10.733, 11.834, 12.72, 13.544, 14.151, 14.056, 13.191, 12.542, 11.284, 10.295, 9.374, 7.283, 5.758, 4.752, 4.99, 6.871, 5.798, 3.288, 2.527, 2.245, 3.85, 6.373, 9.297, 11.018, 10.504, 10.453, 12.452, 15.263, 13.64, 11.754, 11.579, 11.779, 9.005, 7.364, 7.366, 10.253, 13.098, 13.757, 12.361, 9.705, 8.035, 8.654, 9.718, 10.862, 13.024, 13.89, 12.45, 10.596, 9.007, 7.994, 7.828, 6.882, 7.814, 8.572, 8.419, 7.211, 7.1, 6.208, 5.489, 6.202, 9.151, 9.798, 7.903, 7.415, 8.055, 7.89, 8.043, 9.654, 9.379, 9.052, 10.463, 12.323, 13.381, 13.976, 14.877, 15.985, 16.544, 16.0, 15.996], [11.749, 10.145, 10.516, 9.586, 8.03, 11.207, 14.274, 12.543, 11.556, 11.372, 7.264, 6.267, 8.24, 7.637, 6.927, 6.024, 4.453, 3.476, 2.299, 1.768, 1.916, 2.244, 1.697, 0.0, 2.445, 3.385, 3.621, 5.132, 5.411, 4.368, 4.322, 3.201, 1.607, 3.099, 4.698, 6.283, 6.686, 6.503, 4.039, 3.245, 4.217, 6.224, 8.464, 10.595, 11.072, 11.114, 10.954, 11.132, 12.21, 11.935, 12.522, 11.691, 9.978, 9.46, 10.656, 12.664, 15.688, 17.547, 19.437, 19.556, 14.783, 10.675, 9.683, 10.094, 10.204, 8.697, 6.712, 5.564, 5.02, 4.714, 4.771, 3.658, 3.057, 2.976, 2.521, 3.308, 3.516, 3.355, 3.284, 4.092, 5.328, 6.608, 6.243, 6.715, 7.667, 6.678, 3.608, 1.532, 2.123, 1.779, 1.823, 3.802, 8.365, 10.5, 10.299, 9.566, 7.885, 5.48, 4.725, 5.453, 6.499, 6.971, 7.704, 8.469, 10.646, 14.691, 12.468, 9.744, 8.649, 9.427, 10.434, 12.96, 11.639, 10.697, 9.618, 5.541, 2.828, 3.115, 4.995, 5.22, 6.468, 5.998, 6.747, 8.89, 9.551, 9.014, 9.178, 10.024, 11.132, 12.018, 12.83, 13.431, 13.354, 12.489, 11.841, 10.588, 9.569, 8.678, 6.544, 4.743, 3.761, 4.259, 5.901, 4.969, 2.653, 1.786, 2.342, 2.721, 5.555, 8.557, 10.284, 9.764, 9.709, 11.713, 14.527, 12.896, 10.973, 10.677, 10.848, 8.096, 6.069, 6.366, 9.378, 12.323, 12.67, 11.455, 8.741, 7.024, 7.695, 8.961, 10.09, 12.217, 13.131, 11.49, 9.64, 7.985, 6.941, 6.709, 5.817, 6.752, 7.761, 7.616, 6.466, 6.381, 5.434, 4.836, 5.512, 8.444, 8.901, 7.134, 6.65, 7.208, 7.003, 7.106, 8.655, 8.612, 8.362, 9.773, 11.632, 12.69, 13.285, 14.175, 15.254, 15.793, 15.159, 15.221], [9.413, 7.82, 8.159, 7.202, 5.752, 8.842, 11.893, 10.162, 9.124, 8.948, 4.866, 3.921, 5.857, 5.317, 4.559, 3.667, 2.321, 1.65, 1.863, 2.415, 3.148, 3.599, 3.656, 2.445, 0.0, 1.231, 1.691, 2.894, 3.172, 2.28, 2.4, 1.971, 1.727, 2.135, 2.442, 4.374, 4.467, 4.242, 2.593, 1.6, 2.111, 3.953, 6.129, 8.214, 8.691, 8.733, 8.573, 8.751, 9.828, 9.562, 10.171, 9.367, 7.671, 7.079, 8.282, 10.284, 13.307, 15.166, 17.055, 17.175, 12.401, 8.374, 7.405, 7.857, 7.944, 6.398, 4.545, 3.783, 3.247, 2.956, 2.917, 2.02, 2.077, 1.838, 2.186, 2.558, 2.842, 3.671, 4.056, 5.044, 7.319, 8.578, 8.214, 8.274, 9.437, 8.828, 5.621, 2.982, 4.025, 4.037, 2.734, 2.471, 6.034, 8.114, 7.922, 7.22, 5.696, 3.502, 3.172, 3.588, 4.379, 4.657, 5.323, 6.101, 8.265, 12.309, 10.086, 7.363, 6.292, 7.224, 8.062, 10.593, 9.257, 8.315, 7.242, 3.275, 1.645, 2.294, 3.396, 3.343, 4.306, 3.81, 4.485, 6.542, 7.209, 6.662, 6.826, 7.672, 8.78, 9.666, 10.478, 11.079, 11.014, 10.187, 9.607, 8.352, 7.355, 6.536, 4.393, 2.625, 1.928, 2.37, 3.743, 3.042, 2.517, 2.131, 2.354, 1.371, 3.184, 6.177, 7.903, 7.383, 7.328, 9.332, 12.146, 10.515, 8.592, 8.296, 8.466, 5.692, 3.807, 4.053, 7.006, 9.941, 10.292, 9.041, 6.31, 4.664, 5.369, 6.609, 7.742, 9.884, 10.761, 9.108, 7.219, 5.733, 4.729, 4.391, 3.652, 4.429, 5.481, 5.369, 4.257, 4.323, 3.453, 2.798, 3.31, 6.172, 6.672, 4.911, 4.509, 5.008, 4.648, 4.881, 6.439, 6.324, 6.083, 7.497, 9.33, 10.383, 10.979, 11.835, 12.902, 13.427, 12.757, 12.876], [8.515, 7.471, 7.502, 6.338, 5.428, 8.028, 10.908, 9.177, 8.197, 8.006, 3.96, 3.334, 4.965, 4.84, 3.873, 2.813, 1.992, 1.658, 2.204, 3.137, 3.974, 4.454, 4.485, 3.385, 1.231, 0.0, 1.142, 2.007, 2.23, 1.939, 1.889, 1.629, 2.414, 2.25, 1.954, 3.419, 3.572, 3.525, 2.616, 1.688, 1.66, 3.034, 5.176, 7.238, 7.711, 7.758, 7.61, 7.769, 8.843, 8.592, 9.279, 8.431, 6.795, 6.102, 7.315, 9.298, 12.339, 14.194, 16.076, 16.189, 11.431, 7.418, 6.466, 6.922, 7.006, 5.477, 3.664, 3.46, 2.839, 2.581, 2.25, 1.903, 2.471, 2.509, 2.988, 3.221, 3.581, 4.474, 4.772, 5.623, 7.846, 9.086, 8.812, 8.669, 9.676, 9.624, 6.451, 3.85, 4.866, 4.932, 3.618, 2.552, 5.305, 7.271, 7.156, 6.286, 4.79, 3.212, 3.095, 3.446, 4.132, 3.806, 4.339, 5.144, 7.28, 11.324, 9.101, 6.386, 5.337, 6.286, 7.101, 9.635, 8.272, 7.335, 6.272, 2.639, 1.696, 2.181, 2.801, 3.238, 3.577, 2.887, 3.546, 5.589, 6.255, 5.705, 5.868, 6.715, 7.826, 8.711, 9.52, 10.12, 10.074, 9.252, 8.67, 7.415, 6.432, 5.628, 3.5, 1.88, 1.802, 1.577, 2.94, 2.183, 3.079, 2.966, 2.994, 1.656, 2.48, 5.191, 6.917, 6.402, 6.453, 8.346, 11.161, 9.529, 7.607, 7.33, 7.72, 5.276, 3.494, 3.545, 6.262, 9.005, 9.334, 8.07, 5.379, 4.137, 4.492, 5.751, 6.789, 8.931, 9.803, 8.139, 6.302, 4.814, 4.155, 3.619, 3.106, 3.556, 4.595, 4.431, 3.353, 3.459, 2.649, 2.226, 2.994, 5.26, 5.803, 4.481, 3.915, 4.137, 3.767, 3.99, 5.577, 5.388, 5.308, 6.604, 8.388, 9.43, 10.026, 10.882, 11.944, 12.468, 11.82, 11.912], [8.275, 7.605, 7.461, 6.214, 5.817, 8.19, 10.664, 8.932, 8.009, 7.838, 3.96, 3.451, 5.045, 5.093, 4.045, 3.038, 2.153, 1.694, 2.111, 3.122, 4.14, 4.516, 4.507, 3.621, 1.691, 1.142, 0.0, 1.936, 1.933, 1.921, 1.831, 1.82, 2.771, 2.431, 2.224, 3.026, 3.146, 3.394, 2.804, 2.062, 1.929, 2.832, 4.856, 6.984, 7.461, 7.503, 7.343, 7.521, 8.599, 8.324, 9.112, 8.328, 6.441, 5.936, 7.045, 9.047, 12.077, 13.936, 15.826, 15.945, 11.172, 7.072, 6.094, 6.519, 6.629, 5.184, 3.392, 3.255, 2.842, 2.516, 2.15, 2.245, 2.961, 2.947, 3.353, 3.309, 3.815, 4.254, 4.684, 5.425, 7.666, 8.895, 8.635, 8.526, 9.492, 9.748, 6.549, 3.927, 4.96, 5.052, 3.807, 2.768, 5.075, 7.046, 7.123, 6.328, 4.4, 3.232, 3.248, 3.473, 3.924, 3.728, 4.173, 4.955, 7.035, 11.076, 8.857, 6.133, 5.042, 5.895, 6.823, 9.349, 8.028, 7.094, 6.132, 2.932, 1.825, 2.202, 3.08, 3.364, 3.25, 2.629, 3.178, 5.272, 5.933, 5.396, 5.56, 6.406, 7.514, 8.4, 9.212, 9.813, 9.736, 8.879, 8.27, 7.016, 6.031, 5.255, 3.177, 1.841, 1.632, 1.291, 2.745, 1.939, 3.038, 3.118, 3.261, 2.151, 2.59, 5.011, 6.673, 6.153, 6.212, 8.102, 10.916, 9.285, 7.435, 7.181, 7.624, 5.49, 4.002, 3.76, 6.031, 8.856, 9.388, 7.92, 5.353, 4.156, 4.517, 5.593, 6.497, 8.605, 9.52, 7.995, 6.132, 4.699, 4.233, 3.787, 3.213, 3.577, 4.211, 4.088, 2.936, 3.087, 2.342, 2.183, 2.935, 5.015, 5.638, 4.441, 3.995, 3.914, 3.58, 3.841, 5.416, 5.07, 5.018, 6.261, 8.032, 9.09, 9.686, 10.557, 11.638, 12.182, 11.546, 11.614], [7.474, 6.836, 6.524, 5.478, 5.281, 7.086, 9.43, 7.671, 6.996, 6.591, 2.821, 2.728, 4.048, 4.711, 3.131, 2.336, 2.187, 2.417, 3.349, 4.374, 5.292, 5.816, 6.037, 5.132, 2.894, 2.007, 1.936, 0.0, 1.456, 2.331, 2.714, 2.957, 4.066, 3.172, 1.808, 2.622, 2.21, 2.936, 2.729, 2.291, 1.794, 2.262, 3.499, 5.643, 6.025, 6.169, 6.001, 6.288, 7.275, 7.102, 7.836, 6.856, 5.336, 4.639, 5.577, 7.541, 10.596, 12.572, 14.395, 14.474, 9.86, 5.683, 4.618, 5.102, 5.265, 3.941, 2.47, 2.816, 2.481, 2.688, 2.184, 2.442, 2.911, 2.958, 3.871, 3.945, 4.31, 5.623, 6.002, 6.779, 8.971, 10.281, 9.991, 9.818, 10.818, 11.031, 8.085, 5.404, 6.453, 6.369, 5.225, 2.962, 4.305, 6.09, 6.099, 5.185, 3.107, 3.125, 3.156, 3.23, 3.512, 2.917, 3.129, 3.879, 5.708, 9.569, 7.544, 4.905, 3.599, 4.565, 5.403, 8.068, 6.546, 5.648, 5.122, 2.375, 2.767, 2.974, 3.049, 3.21, 2.263, 1.686, 1.973, 3.766, 4.433, 3.9, 4.106, 5.131, 6.217, 6.