[[0.0, 1.057, 0.857, 1.393, 1.653, 2.025, 2.57, 3.612, 4.532, 5.056, 5.748, 5.653, 5.577, 5.953, 6.186, 6.318, 5.834, 5.154, 4.931, 5.377, 6.316, 6.854, 6.35, 6.615, 7.308, 7.381, 6.654, 6.289, 6.987, 8.191, 8.921, 9.109, 8.457, 7.086, 5.654, 5.011, 5.113, 4.846, 4.417, 4.107, 5.518, 6.74, 6.53, 6.367, 6.926, 8.125, 10.606, 13.249, 10.024, 7.188, 6.888, 6.876, 7.115, 6.876, 6.625, 6.504, 7.824, 8.869, 8.973, 8.439, 8.148, 8.067, 7.347, 6.334, 6.703, 8.112, 8.928, 9.408, 9.303, 9.652, 10.079, 10.955, 11.587, 11.641, 11.703, 11.769, 11.886, 11.882, 11.425, 10.98, 10.362, 10.058, 9.415, 7.851, 6.497], [1.057, 0.0, 1.0, 1.922, 2.489, 2.927, 2.86, 3.603, 4.259, 4.773, 5.379, 5.413, 5.638, 6.025, 6.267, 6.413, 5.957, 5.417, 5.231, 5.833, 6.768, 7.213, 6.85, 7.101, 7.67, 7.689, 7.092, 6.883, 7.726, 8.829, 9.457, 9.577, 8.686, 7.392, 6.075, 5.819, 5.93, 5.539, 5.071, 4.938, 6.451, 7.563, 7.396, 7.149, 7.676, 8.817, 11.259, 13.9, 10.673, 8.1, 7.657, 7.49, 7.759, 7.66, 7.439, 7.284, 8.646, 9.708, 9.815, 9.31, 9.071, 8.996, 8.266, 7.219, 7.582, 8.959, 9.748, 10.151, 9.923, 10.209, 10.664, 11.474, 12.151, 12.206, 12.298, 12.28, 12.389, 12.384, 11.862, 11.412, 10.836, 10.63, 10.188, 8.669, 7.379], [0.857, 1.0, 0.0, 1.121, 1.859, 2.274, 2.715, 3.722, 4.586, 5.147, 5.884, 5.855, 5.779, 6.181, 6.303, 6.413, 5.933, 5.247, 5.062, 5.537, 6.468, 6.926, 6.543, 6.798, 7.379, 7.464, 6.809, 6.63, 7.352, 8.499, 9.154, 9.277, 8.551, 7.165, 5.786, 5.298, 5.356, 5.164, 4.753, 4.365, 5.686, 6.776, 6.632, 6.302, 6.911, 8.024, 10.434, 13.074, 9.839, 7.368, 7.309, 7.332, 7.556, 7.338, 7.015, 6.822, 8.07, 9.063, 9.199, 8.619, 8.328, 8.203, 7.523, 6.505, 6.878, 8.296, 9.23, 9.763, 9.611, 9.902, 10.346, 11.172, 11.84, 11.896, 11.978, 11.964, 12.079, 12.076, 11.56, 11.111, 10.533, 10.312, 9.719, 8.093, 6.711], [1.393, 1.922, 1.121, 0.0, 1.295, 1.929, 3.217, 4.3, 5.291, 5.842, 6.574, 6.502, 6.349, 6.721, 6.813, 6.9, 6.403, 5.696, 5.409, 5.78, 6.703, 7.239, 6.642, 6.933, 7.655, 7.831, 7.074, 6.608, 7.008, 8.294, 9.105, 9.449, 8.937, 7.539, 6.062, 4.926, 4.956, 4.943, 4.577, 3.951, 4.852, 5.947, 5.85, 5.374, 5.97, 7.071, 9.449, 12.055, 8.844, 6.812, 6.992, 7.162, 7.346, 6.924, 6.607, 6.565, 7.66, 8.614, 8.681, 8.124, 7.751, 7.516, 6.898, 5.985, 6.401, 7.809, 8.826, 9.471, 9.413, 9.816, 10.279, 11.204, 11.746, 11.784, 11.877, 12.044, 12.151, 12.134, 11.741, 11.324, 10.687, 10.247, 9.401, 7.663, 6.154], [1.653, 2.489, 1.859, 1.295, 0.0, 1.636, 3.404, 4.613, 5.726, 6.263, 6.99, 6.825, 6.39, 6.618, 6.578, 6.548, 6.072, 5.326, 4.989, 5.378, 6.278, 6.84, 6.237, 6.54, 7.293, 7.452, 6.704, 6.187, 6.513, 7.885, 8.739, 9.047, 8.517, 7.113, 5.643, 4.483, 4.461, 4.502, 4.158, 3.439, 4.121, 5.306, 5.103, 4.921, 5.54, 6.749, 9.126, 11.786, 8.614, 6.117, 6.53, 6.697, 6.936, 6.416, 6.098, 6.13, 7.163, 7.92, 7.953, 7.448, 7.015, 6.719, 6.074, 5.246, 5.713, 7.163, 8.322, 8.997, 8.994, 9.397, 9.868, 10.796, 11.332, 11.37, 11.467, 11.637, 11.743, 11.723, 11.337, 10.925, 10.287, 9.836, 8.922, 7.065, 5.35], [2.025, 2.927, 2.274, 1.929, 1.636, 0.0, 1.984, 3.304, 4.402, 4.928, 5.611, 5.46, 4.905, 5.186, 5.166, 5.125, 4.673, 3.944, 3.788, 4.193, 4.968, 5.54, 4.941, 5.275, 6.01, 6.138, 5.391, 4.931, 5.365, 6.676, 7.484, 7.72, 7.179, 5.769, 4.313, 3.932, 3.652, 3.339, 2.954, 2.688, 4.767, 6.24, 5.966, 5.83, 6.413, 7.613, 10.147, 12.79, 9.562, 5.42, 5.345, 5.494, 5.704, 5.315, 4.961, 4.945, 6.007, 7.017, 7.133, 6.567, 6.342, 6.639, 5.795, 4.437, 4.833, 6.22, 7.126, 7.784, 7.705, 8.11, 8.569, 9.521, 10.038, 10.075, 10.167, 10.337, 10.443, 10.424, 10.036, 9.598, 8.966, 8.537, 7.696, 5.961, 5.361], [2.57, 2.86, 2.715, 3.217, 3.404, 1.984, 0.0, 1.464, 2.586, 3.152, 3.784, 3.763, 3.335, 3.73, 3.919, 4.012, 3.604, 3.244, 3.403, 4.019, 4.68, 5.11, 4.296, 4.328, 4.898, 4.97, 4.346, 4.364, 5.246, 6.214, 6.743, 6.753, 5.996, 4.657, 3.863, 5.149, 4.996, 3.946, 3.324, 4.225, 6.564, 8.029, 7.749, 7.599, 8.172, 9.374, 11.932, 14.593, 11.339, 6.626, 5.253, 5.032, 5.318, 5.327, 5.166, 4.905, 6.168, 7.275, 7.549, 7.3, 7.746, 8.17, 7.304, 5.612, 5.455, 6.618, 7.346, 7.783, 7.373, 7.604, 7.996, 8.737, 9.433, 9.49, 9.611, 9.564, 9.624, 9.627, 9.072, 8.615, 8.062, 7.923, 7.692, 6.498, 7.083], [3.612, 3.603, 3.722, 4.3, 4.613, 3.304, 1.464, 0.0, 1.359, 1.965, 2.661, 2.6, 2.306, 2.743, 3.187, 3.357, 3.152, 3.533, 4.194, 4.994, 5.438, 5.195, 4.586, 4.448, 4.646, 4.645, 4.354, 4.747, 5.664, 6.393, 6.766, 6.504, 5.403, 4.132, 4.618, 6.253, 6.109, 4.879, 4.263, 5.375, 7.724, 9.189, 8.909, 8.786, 9.343, 10.536, 13.092, 15.74, 12.499, 7.742, 5.684, 5.335, 5.694, 5.72, 5.681, 5.422, 6.682, 8.031, 8.503, 8.417, 8.853, 9.361, 8.47, 6.735, 6.356, 7.324, 7.945, 8.223, 7.619, 7.706, 8.104, 8.621, 9.371, 9.47, 9.635, 9.655, 9.61, 9.52, 8.968, 8.431, 7.95, 8.093, 8.121, 7.341, 8.232], [4.532, 4.259, 4.586, 5.291, 5.726, 4.402, 2.586, 1.359, 0.0, 1.026, 1.634, 1.713, 2.08, 2.657, 3.355, 3.543, 3.966, 4.656, 5.377, 6.182, 6.623, 6.249, 5.549, 5.213, 5.227, 5.253, 5.035, 5.457, 6.373, 7.007, 7.294, 6.946, 5.795, 4.522, 5.696, 7.39, 7.239, 5.997, 5.34, 6.532, 8.881, 10.355, 10.075, 9.905, 10.48, 11.682, 14.258, 16.905, 13.665, 8.875, 6.505, 6.035, 6.401, 6.451, 6.434, 6.206, 7.522, 8.963, 9.555, 9.56, 9.991, 10.47, 9.605, 7.875, 7.514, 8.303, 8.801, 9.018, 8.318, 8.262, 8.643, 9.118, 9.84, 9.974, 10.127, 10.178, 10.123, 10.005, 9.443, 8.885, 8.442, 8.712, 8.892, 8.302, 9.391], [5.056, 4.773, 5.147, 5.842, 6.263, 4.928, 3.152, 1.965, 1.026, 0.0, 1.062, 1.261, 1.686, 2.432, 3.215, 4.055, 4.657, 5.383, 6.103, 6.908, 7.339, 6.973, 6.257, 5.405, 5.043, 5.123, 4.982, 5.875, 6.699, 7.13, 7.095, 6.639, 5.401, 4.464, 6.368, 8.062, 7.912, 6.671, 6.005, 7.206, 9.554, 11.042, 10.768, 10.609, 11.192, 12.392, 14.949, 17.593, 14.358, 9.602, 6.808, 6.04, 6.37, 6.416, 6.433, 6.395, 7.916, 9.585, 10.192, 10.255, 10.692, 11.179, 10.321, 8.595, 8.221, 8.853, 9.22, 9.379, 8.616, 8.058, 8.387, 8.878, 9.532, 9.757, 9.869, 9.961, 9.895, 9.719, 9.19, 8.581, 8.235, 8.685, 9.054, 8.943, 10.065], [5.748, 5.379, 5.884, 6.574, 6.99, 5.611, 3.784, 2.661, 1.634, 1.062, 0.0, 0.843, 1.678, 2.51, 3.511, 4.59, 5.224, 5.875, 6.629, 7.43, 7.908, 7.497, 6.719, 5.793, 5.152, 5.152, 5.368, 6.37, 7.206, 7.409, 7.101, 6.596, 5.322, 4.809, 6.911, 8.735, 8.584, 7.341, 6.677, 7.879, 10.227, 11.697, 11.417, 11.236, 11.81, 13.012, 15.6, 18.247, 15.007, 10.165, 7.02, 6.165, 6.519, 6.543, 6.607, 6.638, 8.235, 10.048, 10.672, 10.755, 11.193, 11.754, 10.939, 9.213, 8.808, 9.418, 9.781, 9.915, 9.124, 8.303, 8.448, 8.893, 9.532, 9.776, 9.887, 9.951, 9.908, 9.696, 9.221, 8.615, 8.255, 8.811, 9.311, 9.592, 10.737], [5.653, 5.413, 5.855, 6.502, 6.825, 5.46, 3.763, 2.6, 1.713, 1.261, 0.843, 0.0, 1.322, 2.368, 3.421, 4.437, 5.129, 5.764, 6.497, 7.301, 7.804, 7.365, 6.591, 5.683, 5.176, 5.051, 5.287, 6.233, 7.18, 7.332, 7.072, 6.545, 5.312, 4.813, 6.795, 8.637, 8.489, 7.248, 6.581, 7.783, 10.131, 11.605, 11.325, 11.13, 11.711, 12.902, 15.508, 18.156, 14.915, 10.045, 6.827, 6.002, 6.319, 6.339, 6.416, 6.413, 8.102, 9.933, 10.517, 10.6, 11.05, 11.662, 10.848, 9.122, 8.726, 9.402, 9.821, 9.955, 9.152, 8.352, 8.424, 8.853, 9.485, 9.724, 9.832, 9.907, 9.859, 9.664, 9.183, 8.569, 8.222, 8.746, 9.374, 9.5, 10.641], [5.577, 5.638, 5.779, 6.349, 6.39, 4.905, 3.335, 2.306, 2.08, 1.686, 1.678, 1.322, 0.0, 1.257, 2.269, 3.288, 3.978, 4.612, 5.347, 6.151, 6.658, 6.217, 5.446, 4.578, 4.225, 4.134, 4.157, 5.18, 6.161, 6.405, 6.279, 5.759, 4.484, 3.748, 5.647, 7.485, 7.338, 6.096, 5.429, 6.649, 8.979, 10.454, 10.173, 9.978, 10.559, 11.75, 14.356, 17.004, 13.764, 8.929, 6.205, 5.367, 5.662, 5.732, 5.715, 5.703, 7.232, 8.833, 9.441, 9.479, 9.927, 10.51, 9.697, 7.971, 7.604, 8.303, 8.769, 8.938, 8.153, 7.45, 7.631, 8.062, 8.696, 8.934, 9.042, 9.119, 9.069, 8.87, 8.389, 7.773, 7.424, 7.908, 8.352, 8.349, 9.49], [5.953, 6.025, 6.181, 6.721, 6.618, 5.186, 3.73, 2.743, 2.657, 2.432, 2.51, 2.368, 1.257, 0.0, 1.461, 2.385, 3.052, 3.738, 4.446, 5.218, 5.693, 5.289, 4.585, 3.921, 3.772, 3.593, 3.579, 4.534, 5.471, 5.852, 5.813, 5.296, 4.015, 3.185, 4.752, 6.561, 6.375, 5.133, 4.627, 6.105, 8.217, 9.48, 9.227, 9.064, 9.807, 10.8, 13.383, 16.031, 12.79, 7.961, 6.309, 5.236, 5.478, 5.719, 5.747, 5.849, 7.005, 8.191, 8.639, 8.695, 9.024, 9.585, 8.723, 7.001, 6.857, 7.569, 8.097, 8.287, 7.527, 6.93, 7.151, 7.602, 8.239, 8.486, 8.598, 8.664, 8.616, 8.4, 7.932, 7.329, 6.971, 7.415, 7.815, 7.429, 8.563], [6.186, 6.267, 6.303, 6.813, 6.578, 5.166, 3.919, 3.187, 3.355, 3.215, 3.511, 3.421, 2.269, 1.461, 0.0, 1.266, 1.92, 2.658, 3.302, 4.035, 4.487, 4.107, 3.454, 3.112, 3.047, 2.783, 2.887, 3.98, 4.895, 5.22, 4.983, 4.466, 3.218, 2.424, 3.788, 5.555, 5.18, 3.989, 3.755, 5.143, 7.196, 8.322, 8.096, 8.061, 8.782, 9.599, 12.161, 14.805, 11.562, 6.906, 5.979, 4.903, 5.109, 5.371, 5.393, 5.538, 6.536, 7.602, 7.874, 7.933, 8.139, 8.523, 7.527, 6.056, 6.011, 6.775, 7.145, 7.347, 6.585, 5.965, 6.251, 6.725, 7.351, 7.631, 7.805, 7.872, 7.814, 7.582, 7.04, 6.405, 6.145, 6.655, 7.144, 6.438, 7.561], [6.318, 6.413, 6.413, 6.9, 6.548, 5.125, 4.012, 3.357, 3.543, 4.055, 4.59, 4.437, 3.288, 2.385, 1.266, 0.0, 1.127, 2.05, 2.498, 3.032, 3.43, 3.061, 2.571, 2.791, 3.022, 2.776, 2.8, 3.461, 4.413, 4.798, 4.752, 4.242, 3.133, 2.2, 3.16, 4.802, 4.347, 3.448, 3.367, 4.705, 6.555, 7.415, 7.26, 7.45, 8.198, 8.721, 11.095, 13.734, 10.51, 6.227, 5.619, 4.918, 5.044, 5.383, 5.387, 5.381, 6.033, 7.006, 7.277, 7.349, 7.532, 7.882, 6.552, 5.283, 5.318, 5.938, 6.169, 6.329, 5.612, 5.654, 5.974, 6.493, 7.085, 7.335, 7.564, 7.743, 7.787, 7.507, 6.688, 6.059, 5.874, 6.201, 6.623, 5.64, 6.72], [5.834, 5.957, 5.933, 6.403, 6.072, 4.673, 3.604, 3.152, 3.966, 4.657, 5.224, 5.129, 3.978, 3.052, 1.92, 1.127, 0.0, 1.311, 1.71, 2.336, 2.754, 2.404, 2.155, 2.677, 2.98, 2.731, 2.707, 3.187, 4.165, 4.605, 4.755, 4.247, 3.389, 2.391, 2.69, 4.283, 3.937, 3.102, 2.862, 4.214, 6.016, 6.802, 6.672, 6.865, 7.645, 8.155, 10.604, 13.244, 9.922, 5.775, 5.233, 4.696, 4.782, 5.145, 5.215, 5.084, 5.71, 6.615, 6.778, 6.763, 6.971, 7.328, 5.965, 4.717, 4.612, 5.346, 5.818, 5.966, 5.289, 5.572, 5.875, 6.335, 7.077, 7.276, 7.481, 7.566, 7.706, 7.614, 6.729, 6.125, 5.645, 5.983, 6.331, 5.265, 6.186], [5.154, 5.417, 5.247, 5.696, 5.326, 3.944, 3.244, 3.533, 4.656, 5.383, 5.875, 5.764, 4.612, 3.738, 2.658, 2.05, 1.311, 0.0, 1.057, 1.779, 2.161, 2.147, 2.073, 2.615, 3.047, 3.039, 2.923, 3.286, 4.166, 4.633, 4.919, 4.518, 3.943, 2.713, 2.324, 3.779, 3.416, 2.429, 2.122, 3.341, 5.212, 6.23, 6.053, 6.246, 6.903, 7.622, 10.102, 12.757, 9.372, 5.511, 4.899, 4.257, 4.479, 4.787, 4.796, 4.732, 5.552, 6.465, 6.64, 6.418, 6.535, 6.914, 5.628, 4.367, 4.31, 5.228, 5.679, 5.845, 5.247, 5.665, 5.923, 6.489, 7.262, 7.44, 7.607, 7.648, 7.863, 7.815, 6.945, 6.355, 5.74, 5.905, 6.185, 5.008, 5.637], [4.931, 5.231, 5.062, 5.409, 4.989, 3.788, 3.403, 4.194, 5.377, 6.103, 6.629, 6.497, 5.347, 4.446, 3.302, 2.498, 1.71, 1.057, 0.0, 1.196, 1.872, 2.227, 2.25, 2.966, 3.456, 3.284, 3.128, 3.479, 4.284, 4.88, 5.125, 4.727, 4.184, 3.018, 2.137, 3.138, 2.758, 2.194, 1.964, 2.928, 4.659, 5.519, 5.386, 5.565, 6.285, 6.897, 9.346, 12.011, 8.664, 4.961, 5.031, 4.71, 4.692, 5.04, 4.984, 4.799, 5.406, 6.22, 6.329, 6.037, 5.951, 6.277, 5.038, 3.813, 3.975, 4.94, 5.467, 5.791, 5.447, 5.885, 6.154, 6.74, 7.449, 7.616, 7.827, 7.833, 8.047, 8.008, 7.13, 6.517, 5.985, 6.13, 6.125, 4.819, 5.011], [5.377, 5.833, 5.537, 5.78, 5.378, 4.193, 4.019, 4.994, 6.182, 6.908, 7.43, 7.301, 6.151, 5.218, 4.035, 3.032, 2.336, 1.779, 1.196, 0.0, 1.272, 1.784, 1.831, 2.859, 3.463, 3.521, 2.977, 2.995, 4.098, 4.474, 4.388, 4.531, 4.344, 3.329, 1.765, 2.549, 2.389, 2.275, 2.316, 3.188, 4.83, 5.276, 5.017, 5.467, 6.333, 6.619, 8.638, 11.118, 7.877, 4.319, 5.125, 4.841, 4.786, 5.16, 5.252, 4.88, 5.339, 5.721, 5.813, 5.541, 5.289, 5.71, 4.478, 3.548, 3.98, 4.549, 4.8, 5.01, 4.585, 5.161, 5.512, 6.211, 6.872, 7.254, 7.454, 7.75, 7.746, 7.368, 6.562, 6.15, 5.865, 5.598, 5.579, 4.385, 4.546], [6.316, 6.768, 6.468, 6.703, 6.278, 4.968, 4.68, 5.438, 6.623, 7.339, 7.908, 7.804, 6.658, 5.693, 4.487, 3.43, 2.754, 2.161, 1.872, 1.272, 0.0, 1.181, 1.608, 3.012, 3.587, 3.543, 2.939, 2.947, 4.021, 4.407, 4.303, 4.383, 4.553, 3.527, 1.685, 2.706, 2.857, 2.606, 2.653, 3.727, 5.236, 5.388, 5.073, 5.531, 6.351, 6.669, 8.535, 10.901, 7.654, 4.438, 5.098, 5.077, 4.976, 5.301, 5.569, 4.893, 5.383, 5.729, 5.843, 5.629, 5.348, 5.887, 4.679, 3.667, 4.014, 4.431, 4.427, 4.184, 3.809, 4.637, 5.25, 5.973, 6.631, 7.008, 7.239, 7.528, 7.566, 7.038, 6.071, 5.782, 5.719, 5.385, 5.238, 3.971, 4.687], [6.854, 7.213, 6.926, 7.239, 6.84, 5.54, 5.11, 5.195, 6.249, 6.973, 7.497, 7.365, 6.217, 5.289, 4.107, 3.061, 2.404, 2.147, 2.227, 1.784, 1.181, 0.0, 1.593, 2.868, 3.148, 3.214, 2.811, 3.012, 4.132, 4.531, 4.284, 4.107, 4.122, 3.093, 1.944, 3.214, 3.258, 2.971, 2.994, 4.132, 5.704, 5.951, 5.746, 6.103, 6.856, 7.204, 9.207, 11.449, 8.274, 5.007, 5.308, 5.081, 5.044, 5.361, 5.708, 5.098, 5.612, 6.193, 6.315, 6.172, 5.854, 6.498, 5.21, 4.19, 4.446, 4.983, 4.892, 4.357, 3.79, 4.672, 5.377, 5.885, 6.519, 6.92, 7.156, 7.461, 7.497, 6.962, 5.95, 5.425, 5.427, 5.442, 5.524, 4.539, 5.354], [6.35, 6.85, 6.543, 6.642, 6.237, 4.941, 4.296, 4.586, 5.549, 6.257, 6.719, 6.591, 5.446, 4.585, 3.454, 2.571, 2.155, 2.073, 2.25, 1.831, 1.608, 1.593, 0.0, 1.619, 2.259, 2.413, 1.899, 1.929, 3.09, 3.498, 3.254, 3.508, 3.452, 2.353, 1.468, 2.91, 2.836, 2.353, 2.276, 3.589, 5.211, 5.609, 5.448, 5.717, 6.502, 6.996, 9.131, 11.665, 8.446, 4.335, 4.1, 3.821, 3.854, 4.17, 4.488, 3.965, 4.494, 5.125, 5.343, 5.379, 5.402, 6.034, 4.852, 3.686, 3.792, 4.272, 4.35, 4.549, 3.87, 4.035, 4.498, 5.13, 5.674, 5.996, 6.202, 6.436, 6.421, 5.979, 5.39, 4.958, 4.861, 4.629, 4.822, 3.787, 5.016], [6.615, 7.101, 6.798, 6.933, 6.54, 5.275, 4.328, 4.448, 5.213, 5.405, 5.793, 5.683, 4.578, 3.921, 3.112, 2.791, 2.677, 2.615, 2.966, 2.859, 3.012, 2.868, 1.619, 0.0, 1.394, 1.793, 1.402, 1.662, 2.519, 2.655, 2.578, 3.082, 2.847, 1.613, 2.285, 3.576, 3.453, 2.631, 2.665, 3.776, 5.449, 6.236, 6.065, 6.188, 6.961, 7.664, 10.12, 12.738, 9.458, 4.85, 3.4, 2.547, 2.627, 2.924, 3.168, 3.062, 3.843, 5.025, 5.519, 5.734, 5.952, 6.502, 5.502, 4.029, 3.973, 4.286, 4.545, 4.709, 3.914, 3.577, 3.854, 4.564, 5.219, 5.296, 5.465, 5.533, 5.606, 5.552, 5.013, 4.584, 4.126, 3.886, 4.356, 4.315, 5.549], [7.308, 7.67, 7.379, 7.655, 7.293, 6.01, 4.898, 4.646, 5.227, 5.043, 5.152, 5.176, 4.225, 3.772, 3.047, 3.022, 2.98, 3.047, 3.456, 3.463, 3.587, 3.148, 2.259, 1.394, 0.0, 1.197, 1.468, 2.461, 3.224, 2.999, 2.223, 2.222, 1.851, 1.346, 2.844, 4.498, 4.409, 3.666, 3.478, 4.761, 6.514, 7.294, 7.076, 7.204, 7.956, 8.631, 11.012, 13.663, 10.432, 5.735, 3.726, 2.805, 2.788, 3.078, 3.429, 3.324, 4.199, 5.706, 6.4, 6.546, 6.909, 7.483, 6.417, 4.976, 4.809, 4.933, 5.11, 5.234, 4.439, 3.627, 3.67, 4.086, 4.813, 4.947, 5.09, 5.304, 5.208, 5.096, 4.473, 3.937, 3.619, 3.958, 4.776, 5.223, 6.412], [7.381, 7.689, 7.464, 7.831, 7.452, 6.138, 4.97, 4.645, 5.253, 5.123, 5.152, 5.051, 4.134, 3.593, 2.783, 2.776, 2.731, 3.039, 3.284, 3.521, 3.543, 3.214, 2.413, 1.793, 1.197, 0.0, 1.356, 2.712, 3.506, 3.335, 2.476, 2.045, 1.588, 1.395, 2.876, 4.733, 4.705, 3.999, 3.769, 5.122, 6.695, 7.461, 7.228, 7.294, 8.056, 8.678, 11.202, 13.843, 10.607, 5.936, 4.238, 3.485, 3.35, 3.725, 4.073, 3.875, 4.719, 6.115, 6.631, 6.836, 7.089, 7.653, 6.543, 5.019, 4.911, 5.297, 5.634, 5.766, 4.952, 3.965, 3.733, 4.164, 4.846, 4.995, 5.243, 5.275, 5.243, 5.179, 4.527, 3.988, 3.73, 4.338, 5.22, 5.42, 6.59], [6.654, 7.092, 6.809, 7.074, 6.704, 5.391, 4.346, 4.354, 5.035, 4.982, 5.368, 5.287, 4.157, 3.579, 2.887, 2.8, 2.707, 2.923, 3.128, 2.977, 2.939, 2.811, 1.899, 1.402, 1.468, 1.356, 0.0, 1.787, 2.792, 3.046, 2.622, 2.812, 2.566, 1.546, 2.158, 3.924, 3.978, 3.33, 3.129, 4.618, 6.262, 6.957, 6.607, 6.622, 7.359, 8.089, 10.469, 13.049, 9.813, 5.057, 3.756, 3.193, 3.109, 3.428, 3.797, 3.353, 4.118, 5.377, 5.709, 5.998, 6.131, 6.718, 5.888, 4.3, 4.348, 4.679, 4.957, 5.105, 4.328, 3.656, 4.053, 4.609, 5.343, 5.476, 5.719, 5.769, 5.652, 5.432, 4.908, 4.462, 4.131, 4.305, 4.716, 4.764, 5.948], [6.289, 6.883, 6.63, 6.608, 6.187, 4.931, 4.364, 4.747, 5.457, 5.875, 6.37, 6.233, 5.18, 4.534, 3.98, 3.461, 3.187, 3.286, 3.479, 2.995, 2.947, 3.012, 1.929, 1.662, 2.461, 2.712, 1.787, 0.0, 1.759, 2.255, 2.666, 3.887, 3.931, 2.794, 1.834, 2.914, 3.293, 2.714, 2.495, 3.76, 5.246, 5.855, 5.461, 5.394, 6.264, 6.987, 9.327, 11.945, 8.705, 3.833, 2.83, 2.829, 2.559, 2.934, 3.251, 2.653, 3.279, 4.076, 4.414, 4.58, 4.876, 5.525, 4.744, 3.204, 3.291, 3.538, 4.104, 4.314, 3.598, 3.587, 3.95, 4.861, 5.398, 5.512, 5.594, 5.965, 5.882, 5.716, 5.438, 5.236, 4.682, 3.859, 4.036, 3.446, 4.615], [6.987, 7.726, 7.352, 7.008, 6.513, 5.365, 5.246, 5.664, 6.373, 6.699, 7.206, 7.18, 6.161, 5.471, 4.895, 4.413, 4.165, 4.166, 4.284, 4.098, 4.021, 4.132, 3.09, 2.519, 3.224, 3.506, 2.792, 1.759, 0.0, 1.639, 2.883, 4.597, 4.657, 3.54, 2.864, 3.237, 3.045, 2.873, 3.053, 3.521, 4.476, 5.271, 4.96, 4.483, 5.089, 6.16, 8.424, 11.068, 7.835, 3.071, 2.052, 3.246, 2.704, 2.341, 2.666, 2.352, 1.996, 3.104, 3.729, 3.764, 4.136, 4.682, 3.782, 2.54, 2.297, 2.389, 2.877, 3.227, 3.005, 3.31, 4.179, 5.36, 5.884, 5.659, 5.616, 5.777, 5.895, 6.15, 6.044, 5.975, 5.202, 3.927, 3.019, 2.445, 3.582], [8.191, 8.829, 8.499, 8.294, 7.885, 6.676, 6.214, 6.393, 7.007, 7.13, 7.409, 7.332, 6.405, 5.852, 5.22, 4.798, 4.605, 4.633, 4.88, 4.474, 4.407, 4.531, 3.498, 2.655, 2.999, 3.335, 3.046, 2.255, 1.639, 0.0, 2.364, 4.202, 4.358, 3.544, 3.331, 4.065, 4.169, 3.867, 4.046, 4.717, 5.44, 5.824, 5.515, 5.307, 6.044, 6.792, 8.426, 11.064, 7.831, 3.418, 2.809, 3.542, 3.053, 2.975, 3.243, 2.879, 2.254, 3.175, 3.873, 3.932, 4.29, 4.844, 4.068, 3.524, 3.183, 2.677, 2.726, 3.016, 2.568, 2.648, 3.407, 4.666, 5.252, 5.274, 5.083, 5.407, 5.273, 5.546, 5.444, 5.539, 4.705, 3.213, 2.837, 2.524, 4.034], [8.921, 9.457, 9.154, 9.105, 8.739, 7.484, 6.743, 6.766, 7.294, 7.095, 7.101, 7.072, 6.279, 5.813, 4.983, 4.752, 4.755, 4.919, 5.125, 4.388, 4.303, 4.284, 3.254, 2.578, 2.223, 2.476, 2.622, 2.666, 2.883, 2.364, 0.0, 2.304, 2.569, 3.065, 3.749, 4.727, 4.791, 4.453, 4.773, 5.713, 6.742, 7.11, 6.798, 6.854, 7.626, 8.049, 10.092, 12.663, 9.441, 4.96, 3.289, 3.295, 2.733, 3.002, 3.197, 2.952, 3.719, 5.177, 5.764, 5.996, 6.092, 6.767, 5.694, 4.636, 4.518, 4.275, 3.902, 3.875, 3.063, 1.949, 1.992, 2.91, 3.464, 3.624, 3.661, 3.999, 3.843, 3.622, 3.412, 3.422, 3.151, 2.615, 3.302, 4.545, 5.816], [9.109, 9.577, 9.277, 9.449, 9.047, 7.72, 6.753, 6.504, 6.946, 6.639, 6.596, 6.545, 5.759, 5.296, 4.466, 4.242, 4.247, 4.518, 4.727, 4.531, 4.383, 4.107, 3.508, 3.082, 2.222, 2.045, 2.812, 3.887, 4.597, 4.202, 2.304, 0.0, 1.434, 2.584, 4.131, 5.828, 5.871, 5.403, 5.199, 6.466, 7.947, 8.457, 8.171, 8.367, 9.159, 9.573, 11.926, 14.529, 11.264, 7.036, 4.502, 3.463, 3.432, 4.128, 4.386, 4.084, 5.337, 7.124, 7.777, 7.961, 8.263, 8.74, 7.375, 6.061, 5.948, 5.993, 5.692, 5.576, 4.72, 3.537, 2.434, 2.704, 3.186, 3.633, 3.814, 4.012, 4.008, 3.817, 3.109, 2.515, 2.407, 3.37, 4.749, 6.304, 7.551], [8.457, 8.686, 8.551, 8.937, 8.517, 7.179, 5.996, 5.403, 5.795, 5.401, 5.322, 5.312, 4.484, 4.015, 3.218, 3.133, 3.389, 3.943, 4.184, 4.344, 4.553, 4.122, 3.452, 2.847, 1.851, 1.588, 2.566, 3.931, 4.657, 4.358, 2.569, 1.434, 0.0, 1.668, 4.028, 5.811, 5.605, 5.056, 4.869, 6.272, 7.917, 8.562, 8.421, 8.508, 9.311, 9.833, 12.262, 14.922, 11.689, 7.133, 4.681, 3.521, 3.446, 4.034, 4.254, 4.118, 5.378, 7.237, 7.845, 8.07, 8.336, 8.849, 7.63, 6.255, 6.133, 6.3, 6.096, 6.087, 5.266, 4.082, 3.537, 3.813, 4.371, 4.653, 4.881, 4.984, 4.966, 4.77, 4.134, 3.592, 3.515, 4.278, 5.264, 6.571, 7.778], [7.086, 7.392, 7.165, 7.539, 7.113, 5.769, 4.657, 4.132, 4.522, 4.464, 4.809, 4.813, 3.748, 3.185, 2.424, 2.2, 2.391, 2.713, 3.018, 3.329, 3.527, 3.093, 2.353, 1.613, 1.346, 1.395, 1.546, 2.794, 3.54, 3.544, 3.065, 2.584, 1.668, 0.0, 2.902, 4.621, 4.403, 3.645, 3.401, 4.872, 6.536, 7.408, 7.221, 7.261, 7.993, 8.707, 11.24, 13.927, 10.615, 6.013, 4.195, 3.223, 3.241, 3.614, 3.863, 3.698, 4.619, 6.206, 6.767, 6.995, 7.192, 7.697, 6.678, 5.179, 5.09, 5.295, 5.319, 5.438, 4.643, 4.102, 4.365, 4.736, 5.4, 5.558, 5.84, 5.917, 5.892, 5.654, 5.035, 4.433, 4.184, 4.516, 5.019, 5.484, 6.749], [5.654, 6.075, 5.786, 6.062, 5.643, 4.313, 3.863, 4.618, 5.696, 6.368, 6.911, 6.795, 5.647, 4.752, 3.788, 3.16, 2.69, 2.324, 2.137, 1.765, 1.685, 1.944, 1.468, 2.285, 2.844, 2.876, 2.158, 1.834, 2.864, 3.331, 3.749, 4.131, 4.028, 2.902, 0.0, 2.331, 2.686, 2.225, 2.052, 3.335, 4.968, 5.427, 5.085, 5.055, 5.865, 6.478, 8.741, 11.382, 8.147, 3.691, 4.036, 4.099, 4.039, 4.353, 4.609, 3.744, 4.249, 4.671, 4.797, 4.668, 4.672, 5.201, 4.383, 3.003, 3.425, 3.985, 4.485, 4.781, 4.217, 4.396, 4.773, 5.565, 6.144, 6.422, 6.502, 6.731, 6.529, 6.421, 5.876, 5.596, 5.174, 4.748, 4.715, 3.471, 4.196], [5.011, 5.819, 5.298, 4.926, 4.483, 3.932, 5.149, 6.253, 7.39, 8.062, 8.735, 8.637, 7.485, 6.561, 5.555, 4.802, 4.283, 3.779, 3.138, 2.549, 2.706, 3.214, 2.91, 3.576, 4.498, 4.733, 3.924, 2.914, 3.237, 4.065, 4.727, 5.828, 5.811, 4.621, 2.331, 0.0, 1.34, 1.887, 2.125, 1.896, 3.104, 3.632, 3.236, 3.389, 4.179, 4.812, 6.919, 9.587, 6.296, 2.991, 4.341, 4.948, 4.63, 4.488, 4.551, 4.168, 4.228, 4.513, 4.711, 4.33, 3.959, 4.026, 3.263, 2.291, 3.071, 3.589, 4.062, 4.635, 4.557, 4.974, 5.618, 6.57, 7.099, 7.382, 7.499, 7.926, 7.778, 7.534, 7.227, 7.013, 6.559, 5.51, 4.616, 3.053, 2.497], [5.113, 5.93, 5.356, 4.956, 4.461, 3.652, 4.996, 6.109, 7.239, 7.912, 8.584, 8.489, 7.338, 6.375, 5.18, 4.347, 3.937, 3.416, 2.758, 2.389, 2.857, 3.258, 2.836, 3.453, 4.409, 4.705, 3.978, 3.293, 3.045, 4.169, 4.791, 5.871, 5.605, 4.403, 2.686, 1.34, 0.0, 1.319, 1.945, 1.516, 2.825, 3.43, 3.284, 3.384, 4.222, 4.788, 7.044, 9.72, 6.451, 2.971, 4.238, 4.876, 4.627, 4.191, 4.261, 4.344, 4.058, 4.626, 4.688, 4.396, 4.023, 4.17, 3.223, 2.12, 2.734, 3.583, 3.963, 4.624, 4.724, 5.227, 5.998, 6.937, 7.506, 7.597, 7.818, 8.084, 8.074, 7.824, 7.513, 7.22, 6.877, 6.099, 4.923, 3.182, 2.817], [4.846, 5.539, 5.164, 4.943, 4.502, 3.339, 3.946, 4.879, 5.997, 6.671, 7.341, 7.248, 6.096, 5.133, 3.989, 3.448, 3.102, 2.429, 2.194, 2.275, 2.606, 2.971, 2.353, 2.631, 3.666, 3.999, 3.33, 2.714, 2.873, 3.867, 4.453, 5.403, 5.056, 3.645, 2.225, 1.887, 1.319, 0.0, 1.058, 1.596, 3.521, 4.46, 4.21, 4.353, 5.113, 5.851, 8.278, 10.922, 7.699, 3.665, 3.772, 3.793, 3.719, 3.663, 3.575, 3.647, 4.087, 4.935, 5.023, 4.817, 4.64, 4.931, 4.01, 2.686, 3.073, 4.006, 4.344, 4.677, 4.515, 4.934, 5.597, 6.564, 7.091, 7.182, 7.362, 7.511, 7.575, 7.406, 7.176, 6.864, 6.388, 5.688, 4.884, 3.496, 3.769], [4.417, 5.071, 4.753, 4.577, 4.158, 2.954, 3.324, 4.263, 5.34, 6.005, 6.677, 6.581, 5.429, 4.627, 3.755, 3.367, 2.862, 2.122, 1.964, 2.316, 2.653, 2.994, 2.276, 2.665, 3.478, 3.769, 3.129, 2.495, 3.053, 4.046, 4.773, 5.199, 4.869, 3.401, 2.052, 2.125, 1.945, 1.058, 0.0, 1.752, 3.735, 5.044, 4.779, 4.622, 5.279, 6.401, 8.945, 11.623, 8.353, 4.25, 3.688, 3.392, 3.438, 3.597, 3.59, 3.378, 4.201, 5.104, 5.377, 5.028, 5.209, 5.522, 4.676, 3.117, 3.255, 4.342, 4.87, 5.156, 4.908, 5.276, 5.785, 6.767, 7.238, 7.248, 7.388, 7.553, 7.674, 7.644, 7.283, 6.889, 6.284, 5.686, 5.184, 3.72, 4.159], [4.107, 4.938, 4.365, 3.951, 3.439, 2.688, 4.225, 5.375, 6.532, 7.206, 7.879, 7.783, 6.649, 6.105, 5.143, 4.705, 4.214, 3.341, 2.928, 3.188, 3.727, 4.132, 3.589, 3.776, 4.761, 5.122, 4.618, 3.76, 3.521, 4.717, 5.713, 6.466, 6.272, 4.872, 3.335, 1.896, 1.516, 1.596, 1.752, 0.0, 2.418, 3.836, 3.588, 3.491, 4.021, 5.221, 7.77, 10.39, 7.152, 3.577, 4.007, 4.467, 4.486, 3.967, 3.69, 3.997, 4.326, 5.16, 5.447, 4.803, 4.564, 4.723, 3.748, 2.503, 2.863, 4.136, 4.959, 5.578, 5.642, 6.085, 6.713, 7.67, 8.185, 8.302, 8.365, 8.526, 8.705, 8.662, 8.394, 8.061, 7.374, 6.656, 5.578, 3.765, 3.098], [5.518, 6.451, 5.686, 4.852, 4.121, 4.767, 6.564, 7.724, 8.881, 9.554, 10.227, 10.131, 8.979, 8.217, 7.196, 6.555, 6.016, 5.212, 4.659, 4.83, 5.236, 5.704, 5.211, 5.449, 6.514, 6.695, 6.262, 5.246, 4.476, 5.44, 6.742, 7.947, 7.917, 6.536, 4.968, 3.104, 2.825, 3.521, 3.735, 2.418, 0.0, 1.58, 1.692, 1.556, 1.965, 2.986, 5.466, 8.132, 4.845, 3.076, 5.339, 6.343, 5.986, 5.21, 5.117, 5.513, 5.028, 5.093, 5.312, 4.604, 3.951, 3.452, 2.561, 2.473, 2.872, 4.163, 5.448, 6.246, 6.391, 7.0, 7.935, 8.982, 9.5, 9.594, 9.454, 9.562, 9.844, 9.916, 9.779, 9.46, 8.667, 7.784, 6.399, 3.912, 2.276], [6.74, 7.563, 6.776, 5.947, 5.306, 6.24, 8.029, 9.189, 10.355, 11.042, 11.697, 11.605, 10.454, 9.48, 8.322, 7.415, 6.802, 6.23, 5.519, 5.276, 5.388, 5.951, 5.609, 6.236, 7.294, 7.461, 6.957, 5.855, 5.271, 5.824, 7.11, 8.457, 8.562, 7.408, 5.427, 3.632, 3.43, 4.46, 5.044, 3.836, 1.58, 0.0, 1.05, 1.73, 1.887, 2.033, 4.009, 6.688, 3.476, 3.124, 6.562, 7.682, 7.143, 6.502, 6.529, 6.716, 5.669, 5.271, 5.237, 4.756, 3.781, 3.022, 2.324, 3.115, 3.812, 4.475, 5.447, 6.277, 6.453, 7.232, 8.225, 9.292, 9.757, 9.844, 9.698, 9.967, 10.304, 10.301, 10.009, 9.718, 9.135, 8.121, 6.601, 4.036, 2.742], [6.53, 7.396, 6.632, 5.85, 5.103, 5.966, 7.749, 8.909, 10.075, 10.768, 11.417, 11.325, 10.173, 9.227, 8.096, 7.26, 6.672, 6.053, 5.386, 5.017, 5.073, 5.746, 5.448, 6.065, 7.076, 7.228, 6.607, 5.461, 4.96, 5.515, 6.798, 8.171, 8.421, 7.221, 5.085, 3.236, 3.284, 4.21, 4.779, 3.588, 1.692, 1.05, 0.0, 1.672, 2.186, 2.496, 4.452, 7.081, 3.737, 2.739, 6.223, 7.388, 6.873, 6.171, 6.258, 6.405, 5.381, 4.9, 4.875, 4.386, 3.421, 2.773, 2.099, 2.705, 3.627, 4.134, 5.122, 5.904, 6.042, 6.861, 7.85, 8.883, 9.421, 9.59, 9.464, 9.746, 9.922, 9.883, 9.714, 9.556, 8.864, 7.751, 6.095, 3.745, 2.359], [6.367, 7.149, 6.302, 5.374, 4.921, 5.83, 7.599, 8.786, 9.905, 10.609, 11.236, 11.13, 9.978, 9.064, 8.061, 7.45, 6.865, 6.246, 5.565, 5.467, 5.531, 6.103, 5.717, 6.188, 7.204, 7.294, 6.622, 5.394, 4.483, 5.307, 6.854, 8.367, 8.508, 7.261, 5.055, 3.389, 3.384, 4.353, 4.622, 3.491, 1.556, 1.73, 1.672, 0.0, 1.325, 2.325, 4.523, 7.189, 3.902, 2.76, 5.764, 7.207, 6.652, 5.986, 6.066, 5.994, 4.835, 4.772, 4.935, 4.312, 3.645, 3.21, 2.487, 2.673, 3.287, 4.026, 5.276, 6.075, 6.304, 6.883, 8.044, 9.256, 9.623, 9.482, 9.323, 9.479, 9.727, 9.993, 9.872, 9.732, 8.966, 7.707, 6.084, 3.639, 2.19], [6.926, 7.676, 6.911, 5.97, 5.54, 6.413, 8.172, 9.343, 10.48, 11.192, 11.81, 11.711, 10.559, 9.807, 8.782, 8.198, 7.645, 6.903, 6.285, 6.333, 6.351, 6.856, 6.502, 6.961, 7.956, 8.056, 7.359, 6.264, 5.089, 6.044, 7.626, 9.159, 9.311, 7.993, 5.865, 4.179, 4.222, 5.113, 5.279, 4.021, 1.965, 1.887, 2.186, 1.325, 0.0, 1.763, 4.025, 6.74, 3.332, 3.43, 6.162, 7.856, 7.379, 6.629, 6.667, 6.42, 5.456, 5.46, 5.585, 4.908, 4.137, 3.404, 2.777, 3.42, 3.678, 4.66, 5.947, 6.684, 6.84, 7.506, 8.734, 9.984, 10.379, 10.094, 10.014, 10.035, 10.444, 10.807, 10.61, 10.48, 9.726, 8.278, 6.682, 4.315, 2.747], [8.125, 8.817, 8.024, 7.071, 6.749, 7.613, 9.374, 10.536, 11.682, 12.392, 13.012, 12.902, 11.75, 10.8, 9.599, 8.721, 8.155, 7.622, 6.897, 6.619, 6.669, 7.204, 6.996, 7.664, 8.631, 8.678, 8.089, 6.987, 6.16, 6.792, 8.049, 9.573, 9.833, 8.707, 6.478, 4.812, 4.788, 5.851, 6.401, 5.221, 2.986, 2.033, 2.496, 2.325, 1.763, 0.0, 2.832, 5.519, 2.325, 4.089, 7.526, 8.944, 8.394, 7.755, 7.858, 7.722, 6.663, 6.347, 6.294, 5.818, 4.898, 4.017, 3.306, 4.054, 4.73, 5.45, 6.524, 7.384, 7.367, 8.26, 9.188, 10.379, 10.743, 10.74, 10.661, 10.936, 11.128, 11.297, 10.973, 10.815, 10.135, 9.014, 7.594, 5.123, 3.678], [10.606, 11.259, 10.434, 9.449, 9.126, 10.147, 11.932, 13.092, 14.258, 14.949, 15.6, 15.508, 14.356, 13.383, 12.161, 11.095, 10.604, 10.102, 9.346, 8.638, 8.535, 9.207, 9.131, 10.12, 11.012, 11.202, 10.469, 9.327, 8.424, 8.426, 10.092, 11.926, 12.262, 11.24, 8.741, 6.919, 7.044, 8.278, 8.945, 7.77, 5.466, 4.009, 4.452, 4.523, 4.025, 2.832, 0.0, 2.83, 1.684, 5.513, 9.865, 11.561, 10.981, 10.348, 10.421, 10.191, 7.986, 6.317, 5.915, 5.635, 4.761, 3.979, 4.722, 6.443, 6.878, 6.473, 7.177, 8.102, 8.627, 9.25, 10.708, 12.175, 12.727, 12.746, 12.765, 13.044, 13.227, 13.115, 12.732, 12.849, 12.489, 10.265, 8.495, 6.197, 4.916], [13.249, 13.9, 13.074, 12.055, 11.786, 12.79, 14.593, 15.74, 16.905, 17.593, 18.247, 18.156, 17.004, 16.031, 14.805, 13.734, 13.244, 12.757, 12.011, 11.118, 10.901, 11.449, 11.665, 12.738, 13.663, 13.843, 13.049, 11.945, 11.068, 11.064, 12.663, 14.529, 14.922, 13.927, 11.382, 9.587, 9.72, 10.922, 11.623, 10.39, 8.132, 6.688, 7.081, 7.189, 6.74, 5.519, 2.83, 0.0, 3.698, 8.121, 12.523, 14.219, 13.629, 12.995, 13.068, 12.838, 10.644, 8.461, 7.831, 7.719, 7.132, 6.509, 7.349, 9.101, 9.537, 9.072, 9.149, 9.928, 10.454, 11.374, 13.177, 14.747, 15.311, 15.443, 15.412, 15.689, 15.87, 15.604, 15.272, 15.494, 15.161, 12.886, 10.662, 8.753, 7.528], [10.024, 10.673, 9.839, 8.844, 8.614, 9.562, 11.339, 12.499, 13.665, 14.358, 15.007, 14.915, 13.764, 12.79, 11.562, 10.51, 9.922, 9.372, 8.664, 7.877, 7.654, 8.274, 8.446, 9.458, 10.432, 10.607, 9.813, 8.705, 7.835, 7.831, 9.441, 11.264, 11.689, 10.615, 8.147, 6.296, 6.451, 7.699, 8.353, 7.152, 4.845, 3.476, 3.737, 3.902, 3.332, 2.325, 1.684, 3.698, 0.0, 4.892, 9.27, 10.961, 10.388, 9.755, 9.827, 9.598, 7.647, 5.813, 5.868, 5.658, 4.509, 3.91, 4.14, 5.835, 6.253, 5.883, 5.919, 7.005, 7.339, 8.142, 9.88, 11.366, 12.034, 12.164, 12.16, 12.449, 12.635, 12.373, 12.098, 12.236, 11.753, 9.53, 7.247, 5.429, 4.354], [7.188, 8.1, 7.368, 6.812, 6.117, 5.42, 6.626, 7.742, 8.875, 9.602, 10.165, 10.045, 8.929, 7.961, 6.906, 6.227, 5.775, 5.511, 4.961, 4.319, 4.438, 5.007, 4.335, 4.85, 5.735, 5.936, 5.057, 3.833, 3.071, 3.418, 4.96, 7.036, 7.133, 6.013, 3.691, 2.991, 2.971, 3.665, 4.25, 3.577, 3.076, 3.124, 2.739, 2.76, 3.43, 4.089, 5.513, 8.121, 4.892, 0.0, 4.453, 6.105, 5.562, 4.908, 4.952, 4.753, 3.237, 2.457, 2.439, 2.034, 1.64, 2.03, 1.345, 1.544, 1.915, 2.071, 3.23, 4.191, 4.568, 5.017, 6.158, 7.328, 7.948, 8.036, 7.91, 8.173, 8.086, 8.1, 8.125, 8.222, 7.614, 5.891, 4.254, 2.038, 1.646], [6.888, 7.657, 7.309, 6.992, 6.53, 5.345, 5.253, 5.684, 6.505, 6.808, 7.02, 6.827, 6.205, 6.309, 5.979, 5.619, 5.233, 4.899, 5.031, 5.125, 5.098, 5.308, 4.1, 3.4, 3.726, 4.238, 3.756, 2.83, 2.052, 2.809, 3.289, 4.502, 4.681, 4.195, 4.036, 4.341, 4.238, 3.772, 3.688, 4.007, 5.339, 6.562, 6.223, 5.764, 6.162, 7.526, 9.865, 12.523, 9.27, 4.453, 0.0, 2.07, 1.729, 1.367, 1.807, 1.325, 2.114, 4.239, 4.887, 4.97, 5.479, 6.055, 5.228, 3.813, 3.196, 3.687, 3.864, 4.019, 3.864, 3.962, 4.275, 5.27, 5.791, 5.686, 5.654, 5.752, 5.906, 6.129, 5.964, 5.851, 5.124, 4.072, 3.502, 3.94, 5.03], [6.876, 7.49, 7.332, 7.162, 6.697, 5.494, 5.032, 5.335, 6.035, 6.04, 6.165, 6.002, 5.367, 5.236, 4.903, 4.918, 4.696, 4.257, 4.71, 4.841, 5.077, 5.081, 3.821, 2.547, 2.805, 3.485, 3.193, 2.829, 3.246, 3.542, 3.295, 3.463, 3.521, 3.223, 4.099, 4.948, 4.876, 3.793, 3.392, 4.467, 6.343, 7.682, 7.388, 7.207, 7.856, 8.944, 11.561, 14.219, 10.961, 6.105, 2.07, 0.0, 0.968, 1.672, 1.874, 1.922, 3.832, 5.89, 6.512, 6.666, 7.118, 7.741, 6.914, 5.181, 4.868, 5.356, 5.401, 5.371, 4.702, 4.257, 3.87, 4.524, 5.011, 5.04, 5.152, 5.332, 5.439, 5.456, 5.183, 4.842, 4.223, 3.755, 4.501, 5.591, 6.738], [7.115, 7.759, 7.556, 7.346, 6.936, 5.704, 5.318, 5.694, 6.401, 6.37, 6.519, 6.319, 5.662, 5.478, 5.109, 5.044, 4.782, 4.479, 4.692, 4.786, 4.976, 5.044, 3.854, 2.627, 2.788, 3.35, 3.109, 2.559, 2.704, 3.053, 2.733, 3.432, 3.446, 3.241, 4.039, 4.63, 4.627, 3.719, 3.438, 4.486, 5.986, 7.143, 6.873, 6.652, 7.379, 8.394, 10.981, 13.629, 10.388, 5.562, 1.729, 0.968, 0.0, 1.252, 1.544, 1.556, 3.263, 5.37, 5.982, 6.096, 6.532, 7.154, 6.339, 4.648, 4.436, 4.789, 4.837, 4.811, 4.221, 3.674, 3.478, 4.314, 4.8, 4.826, 4.872, 5.033, 5.144, 5.134, 5.053, 4.781, 4.06, 3.386, 3.82, 4.991, 6.177], [6.876, 7.66, 7.338, 6.924, 6.416, 5.315, 5.327, 5.72, 6.451, 6.416, 6.543, 6.339, 5.732, 5.719, 5.371, 5.383, 5.145, 4.787, 5.04, 5.16, 5.301, 5.361, 4.17, 2.924, 3.078, 3.725, 3.428, 2.934, 2.341, 2.975, 3.002, 4.128, 4.034, 3.614, 4.353, 4.488, 4.191, 3.663, 3.597, 3.967, 5.21, 6.502, 6.171, 5.986, 6.629, 7.755, 10.348, 12.995, 9.755, 4.908, 1.367, 1.672, 1.252, 0.0, 0.944, 1.373, 2.545, 4.699, 5.326, 5.439, 5.921, 6.524, 5.709, 4.113, 3.729, 4.178, 4.289, 4.521, 4.264, 3.956, 4.339, 5.182, 5.725, 5.782, 5.67, 5.806, 5.931, 5.985, 5.971, 5.689, 4.963, 4.214, 3.498, 4.34, 5.5], [6.625, 7.439, 7.015, 6.607, 6.098, 4.961, 5.166, 5.681, 6.434, 6.433, 6.607, 6.416, 5.715, 5.747, 5.393, 5.387, 5.215, 4.796, 4.984, 5.252, 5.569, 5.708, 4.488, 3.168, 3.429, 4.073, 3.797, 3.251, 2.666, 3.243, 3.197, 4.386, 4.254, 3.863, 4.609, 4.551, 4.261, 3.575, 3.59, 3.69, 5.117, 6.529, 6.258, 6.066, 6.667, 7.858, 10.421, 13.068, 9.827, 4.952, 1.807, 1.874, 1.544, 0.944, 0.0, 1.441, 2.551, 4.711, 5.352, 5.459, 5.948, 6.581, 5.759, 4.195, 3.851, 4.217, 4.304, 4.613, 4.503, 4.174, 4.597, 5.45, 5.975, 6.002, 5.845, 5.988, 6.122, 6.191, 6.238, 5.963, 5.245, 4.451, 3.446, 4.449, 5.577], [6.504, 7.284, 6.822, 6.565, 6.13, 4.945, 4.905, 5.422, 6.206, 6.395, 6.638, 6.413, 5.703, 5.849, 5.538, 5.381, 5.084, 4.732, 4.799, 4.88, 4.893, 5.098, 3.965, 3.062, 3.324, 3.875, 3.353, 2.653, 2.352, 2.879, 2.952, 4.084, 4.118, 3.698, 3.744, 4.168, 4.344, 3.647, 3.378, 3.997, 5.513, 6.716, 6.405, 5.994, 6.42, 7.722, 10.191, 12.838, 9.598, 4.753, 1.325, 1.922, 1.556, 1.373, 1.441, 0.0, 2.3, 4.515, 5.189, 5.264, 5.759, 6.36, 5.534, 3.866, 3.493, 3.974, 4.072, 4.191, 3.96, 3.902, 4.056, 5.04, 5.506, 5.508, 5.448, 5.629, 5.742, 5.829, 5.683, 5.509, 4.762, 3.96, 3.443, 4.198, 5.332], [7.824, 8.646, 8.07, 7.66, 7.163, 6.007, 6.168, 6.682, 7.522, 7.916, 8.235, 8.102, 7.232, 7.005, 6.536, 6.033, 5.71, 5.552, 5.406, 5.339, 5.383, 5.612, 4.494, 3.843, 4.199, 4.719, 4.118, 3.279, 1.996, 2.254, 3.719, 5.337, 5.378, 4.619, 4.249, 4.228, 4.058, 4.087, 4.201, 4.326, 5.028, 5.669, 5.381, 4.835, 5.456, 6.663, 7.986, 10.644, 7.647, 3.237, 2.114, 3.832, 3.263, 2.545, 2.551, 2.3, 0.0, 2.376, 3.049, 3.133, 3.572, 4.184, 3.71, 3.2, 2.815, 2.367, 2.624, 3.296, 3.823, 3.955, 5.051, 6.164, 6.692, 6.421, 6.307, 6.302, 6.606, 6.948, 6.909, 6.802, 6.041, 4.522, 2.918, 2.479, 3.93], [8.869, 9.708, 9.063, 8.614, 7.92, 7.017, 7.275, 8.031, 8.963, 9.585, 10.048, 9.933, 8.833, 8.191, 7.602, 7.006, 6.615, 6.465, 6.22, 5.721, 5.729, 6.193, 5.125, 5.025, 5.706, 6.115, 5.377, 4.076, 3.104, 3.175, 5.177, 7.124, 7.237, 6.206, 4.671, 4.513, 4.626, 4.935, 5.104, 5.16, 5.093, 5.271, 4.9, 4.772, 5.46, 6.347, 6.317, 8.461, 5.813, 2.457, 4.239, 5.89, 5.37, 4.699, 4.711, 4.515, 2.376, 0.0, 1.206, 1.409, 2.024, 2.73, 3.267, 3.181, 2.927, 1.874, 2.672, 3.987, 4.503, 4.746, 6.006, 7.382, 8.093, 8.106, 7.953, 8.199, 8.157, 8.201, 8.301, 8.443, 7.747, 5.459, 3.284, 2.086, 3.091], [8.973, 9.815, 9.199, 8.681, 7.953, 7.133, 7.549, 8.503, 9.555, 10.192, 10.672, 10.517, 9.441, 8.639, 7.874, 7.277, 6.778, 6.64, 6.329, 5.813, 5.843, 6.315, 5.343, 5.519, 6.4, 6.631, 5.709, 4.414, 3.729, 3.873, 5.764, 7.777, 7.845, 6.767, 4.797, 4.711, 4.688, 5.023, 5.377, 5.447, 5.312, 5.237, 4.875, 4.935, 5.585, 6.294, 5.915, 7.831, 5.868, 2.439, 4.887, 6.512, 5.982, 5.326, 5.352, 5.189, 3.049, 1.206, 0.0, 1.016, 1.77, 2.351, 3.236, 3.348, 3.266, 2.437, 3.39, 4.647, 5.211, 5.443, 6.635, 7.988, 8.702, 8.7, 8.616, 8.816, 8.764, 8.804, 8.903, 9.047, 8.369, 6.105, 4.071, 2.535, 3.304], [8.439, 9.31, 8.619, 8.124, 7.448, 6.567, 7.3, 8.417, 9.56, 10.255, 10.755, 10.6, 9.479, 8.695, 7.933, 7.349, 6.763, 6.418, 6.037, 5.541, 5.629, 6.172, 5.379, 5.734, 6.546, 6.836, 5.998, 4.58, 3.764, 3.932, 5.996, 7.961, 8.07, 6.995, 4.668, 4.33, 4.396, 4.817, 5.028, 4.803, 4.604, 4.756, 4.386, 4.312, 4.908, 5.818, 5.635, 7.719, 5.658, 2.034, 4.97, 6.666, 6.096, 5.439, 5.459, 5.264, 3.133, 1.409, 1.016, 0.0, 1.384, 2.047, 2.775, 2.907, 2.867, 2.483, 3.826, 4.96, 5.562, 5.759, 7.017, 8.247, 8.939, 8.927, 8.778, 9.009, 8.98, 9.061, 9.122, 9.26, 8.534, 6.338, 4.522, 2.465, 2.68], [8.148, 9.071, 8.328, 7.751, 7.015, 6.342, 7.746, 8.853, 9.991, 10.692, 11.193, 11.05, 9.927, 9.024, 8.139, 7.532, 6.971, 6.535, 5.951, 5.289, 5.348, 5.854, 5.402, 5.952, 6.909, 7.089, 6.131, 4.876, 4.136, 4.29, 6.092, 8.263, 8.336, 7.192, 4.672, 3.959, 4.023, 4.64, 5.209, 4.564, 3.951, 3.781, 3.421, 3.645, 4.137, 4.898, 4.761, 7.132, 4.509, 1.64, 5.479, 7.118, 6.532, 5.921, 5.948, 5.759, 3.572, 2.024, 1.77, 1.384, 0.0, 1.166, 1.93, 2.687, 3.079, 2.761, 3.785, 4.882, 5.484, 5.662, 7.104, 8.341, 9.062, 9.104, 9.045, 9.234, 9.193, 9.055, 9.174, 9.334, 8.773, 6.63, 4.65, 2.713, 2.331], [8.067, 8.996, 8.203, 7.516, 6.719, 6.639, 8.17, 9.361, 10.47, 11.179, 11.754, 11.662, 10.51, 9.585, 8.523, 7.882, 7.328, 6.914, 6.277, 5.71, 5.887, 6.498, 6.034, 6.502, 7.483, 7.653, 6.718, 5.525, 4.682, 4.844, 6.767, 8.74, 8.849, 7.697, 5.201, 4.026, 4.17, 4.931, 5.522, 4.723, 3.452, 3.022, 2.773, 3.21, 3.404, 4.017, 3.979, 6.509, 3.91, 2.03, 6.055, 7.741, 7.154, 6.524, 6.581, 6.36, 4.184, 2.73, 2.351, 2.047, 1.166, 0.0, 1.623, 3.041, 3.501, 3.206, 4.406, 5.522, 6.131, 6.33, 7.673, 8.969, 9.671, 9.627, 9.591, 9.753, 9.689, 9.778, 9.827, 9.96, 9.242, 7.14, 5.345, 3.238, 2.262], [7.347, 8.266, 7.523, 6.898, 6.074, 5.795, 7.304, 8.47, 9.605, 10.321, 10.939, 10.848, 9.697, 8.723, 7.527, 6.552, 5.965, 5.628, 5.038, 4.478, 4.679, 5.21, 4.852, 5.502, 6.417, 6.543, 5.888, 4.744, 3.782, 4.068, 5.694, 7.375, 7.63, 6.678, 4.383, 3.263, 3.223, 4.01, 4.676, 3.748, 2.561, 2.324, 2.099, 2.487, 2.777, 3.306, 4.722, 7.349, 4.14, 1.345, 5.228, 6.914, 6.339, 5.709, 5.759, 5.534, 3.71, 3.267, 3.236, 2.775, 1.93, 1.623, 0.0, 1.849, 2.26, 2.568, 3.61, 4.587, 5.096, 5.599, 6.806, 8.03, 8.485, 8.405, 8.369, 8.564, 8.826, 9.05, 8.717, 8.669, 8.012, 6.51, 4.97, 2.466, 1.685], [6.334, 7.219, 6.505, 5.985, 5.246, 4.437, 5.612, 6.735, 7.875, 8.595, 9.213, 9.122, 7.971, 7.001, 6.056, 5.283, 4.717, 4.367, 3.813, 3.548, 3.667, 4.19, 3.686, 4.029, 4.976, 5.019, 4.3, 3.204, 2.54, 3.524, 4.636, 6.061, 6.255, 5.179, 3.003, 2.291, 2.12, 2.686, 3.117, 2.503, 2.473, 3.115, 2.705, 2.673, 3.42, 4.054, 6.443, 9.101, 5.835, 1.544, 3.813, 5.181, 4.648, 4.113, 4.195, 3.866, 3.2, 3.181, 3.348, 2.907, 2.687, 3.041, 1.849, 0.0, 1.199, 2.07, 3.518, 4.325, 4.44, 5.014, 5.746, 6.771, 7.338, 7.504, 7.377, 7.594, 7.708, 7.769, 7.619, 7.435, 6.676, 5.686, 4.381, 2.267, 1.82], [6.703, 7.582, 6.878, 6.401, 5.713, 4.833, 5.455, 6.356, 7.514, 8.221, 8.808, 8.726, 7.604, 6.857, 6.011, 5.318, 4.612, 4.31, 3.975, 3.98, 4.014, 4.446, 3.792, 3.973, 4.809, 4.911, 4.348, 3.291, 2.297, 3.183, 4.518, 5.948, 6.133, 5.09, 3.425, 3.071, 2.734, 3.073, 3.255, 2.863, 2.872, 3.812, 3.627, 3.287, 3.678, 4.73, 6.878, 9.537, 6.253, 1.915, 3.196, 4.868, 4.436, 3.729, 3.851, 3.493, 2.815, 2.927, 3.266, 2.867, 3.079, 3.501, 2.26, 1.199, 0.0, 1.783, 3.235, 4.09, 4.231, 4.798, 5.626, 6.749, 7.276, 7.245, 7.182, 7.289, 7.659, 7.934, 7.507, 7.363, 6.518, 5.363, 4.209, 2.22, 2.273], [8.112, 8.959, 8.296, 7.809, 7.163, 6.22, 6.618, 7.324, 8.303, 8.853, 9.418, 9.402, 8.303, 7.569, 6.775, 5.938, 5.346, 5.228, 4.94, 4.549, 4.431, 4.983, 4.272, 4.286, 4.933, 5.297, 4.679, 3.538, 2.389, 2.677, 4.275, 5.993, 6.3, 5.295, 3.985, 3.589, 3.583, 4.006, 4.342, 4.136, 4.163, 4.475, 4.134, 4.026, 4.66, 5.45, 6.473, 9.072, 5.883, 2.071, 3.687, 5.356, 4.789, 4.178, 4.217, 3.974, 2.367, 1.874, 2.437, 2.483, 2.761, 3.206, 2.568, 2.07, 1.783, 0.0, 1.931, 2.721, 3.251, 3.635, 4.942, 6.186, 6.957, 7.026, 6.811, 7.081, 7.272, 7.401, 7.179, 7.23, 6.39, 4.41, 2.85, 1.658, 2.179], [8.928, 9.748, 9.23, 8.826, 8.322, 7.126, 7.346, 7.945, 8.801, 9.22, 9.781, 9.821, 8.769, 8.097, 7.145, 6.169, 5.818, 5.679, 5.467, 4.8, 4.427, 4.892, 4.35, 4.545, 5.11, 5.634, 4.957, 4.104, 2.877, 2.726, 3.902, 5.692, 6.096, 5.319, 4.485, 4.062, 3.963, 4.344, 4.87, 4.959, 5.448, 5.447, 5.122, 5.276, 5.947, 6.524, 7.177, 9.149, 5.919, 3.23, 3.864, 5.401, 4.837, 4.289, 4.304, 4.072, 2.624, 2.672, 3.39, 3.826, 3.785, 4.406, 3.61, 3.518, 3.235, 1.931, 0.0, 1.632, 2.025, 2.788, 4.313, 5.774, 6.543, 6.745, 6.696, 6.96, 7.103, 6.835, 6.606, 6.726, 6.168, 4.097, 1.995, 2.019, 3.615], [9.408, 10.151, 9.763, 9.471, 8.997, 7.784, 7.783, 8.223, 9.018, 9.379, 9.915, 9.955, 8.938, 8.287, 7.347, 6.329, 5.966, 5.845, 5.791, 5.01, 4.184, 4.357, 4.549, 4.709, 5.234, 5.766, 5.105, 4.314, 3.227, 3.016, 3.875, 5.576, 6.087, 5.438, 4.781, 4.635, 4.624, 4.677, 5.156, 5.578