[[0.0, 0.939, 2.178, 3.815, 4.808, 5.998, 8.085, 8.875, 8.074, 6.034, 4.361, 3.06, 2.58, 2.76, 2.618, 2.135, 1.925, 2.115, 1.759, 2.085, 4.069, 5.199, 5.394, 5.61, 6.155, 6.959, 7.542, 8.098, 7.672, 6.604, 5.473, 4.545, 3.695, 3.565, 4.207, 4.688, 5.242, 5.025, 5.43, 6.437, 7.692, 7.824, 6.553, 4.668, 3.255, 2.638, 2.764, 2.781, 1.926, 1.581, 1.765, 1.557, 1.607, 3.054, 5.338, 6.043, 4.17, 3.772, 4.719, 4.795, 3.836, 3.252, 2.108, 1.927, 5.991, 8.629, 10.001, 10.639, 9.335, 7.783, 7.179, 7.868, 8.66, 9.611, 10.363, 10.727, 11.465, 12.826, 14.38, 14.987, 15.428, 15.82, 15.996, 16.045, 15.724, 14.784, 13.302, 12.521, 12.673, 12.811, 12.488, 10.942, 9.125, 8.395, 7.682, 7.083, 6.585, 6.055, 4.393, 2.802, 3.227, 3.402, 3.65, 3.444, 2.825, 3.238, 4.303, 5.622, 5.322, 4.655, 5.442, 5.9, 6.03, 5.6, 5.518, 7.28, 9.444, 11.841, 13.884, 14.907, 15.476, 15.985, 16.723, 16.831, 16.883, 16.458, 15.782, 15.616, 15.751, 15.493, 15.394, 15.596, 15.592, 16.125, 16.535, 17.116, 16.456, 15.142, 14.303, 14.807, 15.023, 14.454, 13.587, 12.008, 10.45, 9.566, 9.952, 11.408, 12.705, 13.305, 12.737, 11.672, 11.61, 11.604, 11.024, 10.682, 10.813, 10.092], [0.939, 0.0, 1.582, 3.303, 4.335, 5.523, 7.586, 8.415, 7.595, 5.498, 3.925, 2.595, 2.58, 2.75, 2.449, 2.012, 2.11, 2.345, 1.889, 2.461, 4.541, 5.673, 5.83, 6.048, 6.617, 7.404, 7.999, 8.556, 8.134, 7.054, 5.909, 4.968, 4.092, 4.063, 4.562, 5.098, 5.716, 5.467, 5.887, 6.89, 8.145, 8.298, 7.037, 5.16, 3.674, 3.15, 3.257, 3.254, 2.471, 1.846, 1.626, 1.558, 1.347, 2.594, 4.889, 5.59, 3.697, 3.288, 4.305, 4.267, 3.351, 2.794, 1.635, 2.235, 6.452, 9.091, 10.441, 11.078, 9.775, 8.223, 7.641, 8.33, 9.106, 10.026, 10.825, 11.197, 11.901, 13.283, 14.822, 15.426, 15.89, 16.277, 16.457, 16.501, 16.18, 15.239, 13.751, 13.032, 13.19, 13.284, 12.986, 11.436, 9.615, 8.868, 8.157, 7.544, 7.061, 6.538, 4.915, 3.207, 3.345, 3.831, 4.171, 3.94, 3.063, 3.677, 4.784, 6.101, 5.78, 5.046, 5.506, 5.722, 5.92, 5.858, 5.941, 7.76, 9.917, 12.311, 14.377, 15.393, 15.938, 16.465, 17.222, 17.311, 17.378, 16.953, 16.301, 16.138, 16.271, 16.006, 15.917, 16.106, 16.084, 16.58, 16.996, 17.583, 16.922, 15.622, 14.817, 15.274, 15.474, 14.908, 14.042, 12.459, 10.907, 10.028, 10.4, 11.87, 13.15, 13.741, 13.199, 12.115, 12.067, 12.037, 11.462, 11.133, 11.249, 10.551], [2.178, 1.582, 0.0, 1.856, 2.905, 4.185, 6.258, 6.985, 6.104, 4.201, 2.993, 1.572, 2.416, 2.436, 2.253, 2.079, 3.01, 3.197, 2.916, 3.694, 5.659, 7.06, 7.316, 7.531, 8.07, 8.872, 9.383, 9.922, 9.504, 8.526, 7.394, 6.454, 5.577, 5.28, 5.691, 6.444, 7.054, 6.828, 7.263, 8.362, 9.616, 9.753, 8.44, 6.475, 4.973, 4.462, 4.624, 4.666, 3.751, 2.52, 2.035, 2.072, 1.805, 1.417, 3.483, 4.155, 2.356, 2.15, 3.047, 2.955, 2.437, 2.142, 1.428, 3.621, 7.823, 10.461, 11.916, 12.554, 11.239, 9.663, 9.032, 9.795, 10.589, 11.49, 12.226, 12.582, 13.371, 14.747, 16.228, 16.909, 17.338, 17.715, 17.896, 17.871, 17.544, 16.616, 15.124, 14.353, 14.511, 14.657, 14.343, 12.784, 10.907, 10.04, 9.366, 8.738, 8.167, 7.728, 6.203, 4.443, 4.23, 4.868, 5.501, 5.297, 4.294, 4.731, 5.897, 7.427, 6.963, 5.919, 6.096, 6.226, 6.521, 6.607, 7.167, 9.163, 11.37, 13.678, 15.718, 16.723, 17.282, 17.816, 18.556, 18.636, 18.734, 18.322, 17.631, 17.472, 17.501, 17.329, 17.203, 17.343, 17.319, 17.76, 18.177, 18.787, 18.11, 16.839, 16.122, 16.626, 16.839, 16.274, 15.409, 13.824, 12.275, 11.391, 11.881, 13.304, 14.632, 15.235, 14.624, 13.594, 13.487, 13.53, 12.951, 12.612, 12.731, 11.99], [3.815, 3.303, 1.856, 0.0, 1.404, 2.755, 4.905, 5.317, 4.463, 2.705, 2.423, 1.911, 3.085, 2.676, 3.077, 3.213, 4.329, 4.567, 4.428, 5.102, 6.996, 8.611, 8.935, 9.147, 9.686, 10.494, 10.991, 11.535, 11.151, 10.201, 9.055, 8.075, 7.207, 6.8, 7.063, 7.97, 8.587, 8.343, 8.796, 9.973, 11.243, 11.41, 10.102, 7.968, 6.482, 6.045, 6.26, 6.299, 5.363, 3.629, 2.843, 3.057, 2.933, 1.745, 1.831, 2.612, 1.456, 1.259, 1.896, 1.803, 2.154, 2.711, 2.7, 5.271, 9.452, 12.114, 13.596, 14.225, 12.899, 11.346, 10.666, 11.436, 12.274, 13.167, 13.878, 14.248, 15.056, 16.418, 17.915, 18.596, 19.026, 19.37, 19.526, 19.45, 19.12, 18.272, 16.776, 15.962, 16.041, 16.261, 15.914, 14.349, 12.438, 11.542, 10.974, 10.273, 9.539, 9.257, 7.766, 5.998, 5.59, 6.355, 7.031, 6.831, 5.881, 6.134, 7.272, 8.972, 8.432, 7.064, 6.959, 7.044, 7.367, 7.59, 8.773, 10.782, 13.018, 15.279, 17.282, 18.253, 18.805, 19.332, 20.075, 20.237, 20.302, 19.928, 19.257, 19.069, 19.153, 18.928, 18.764, 18.902, 18.884, 19.254, 19.691, 20.331, 19.696, 18.358, 17.662, 18.243, 18.391, 17.865, 17.046, 15.41, 13.941, 12.998, 13.568, 14.991, 16.305, 16.902, 16.301, 15.277, 15.162, 15.217, 14.636, 14.297, 14.416, 13.675], [4.808, 4.335, 2.905, 1.404, 0.0, 2.174, 4.095, 4.296, 3.557, 2.151, 2.27, 2.096, 2.943, 2.815, 3.281, 3.605, 4.904, 5.387, 5.204, 5.933, 7.72, 9.463, 9.891, 10.207, 10.769, 11.57, 12.079, 12.665, 12.156, 11.15, 10.004, 9.029, 8.156, 7.589, 7.901, 8.949, 9.577, 9.302, 9.883, 11.14, 12.408, 12.575, 11.267, 8.87, 7.331, 6.898, 7.178, 7.231, 6.126, 4.346, 3.548, 3.598, 3.439, 2.06, 1.095, 1.764, 1.575, 1.767, 1.513, 1.491, 2.233, 2.861, 3.349, 6.167, 10.486, 13.102, 14.599, 15.203, 13.879, 12.327, 11.639, 12.417, 13.253, 14.147, 14.858, 15.212, 16.03, 17.382, 18.896, 19.68, 20.046, 20.316, 20.506, 20.291, 20.017, 19.287, 17.82, 16.967, 16.938, 17.111, 16.615, 15.086, 13.277, 12.166, 11.661, 10.936, 10.267, 9.835, 8.453, 6.806, 6.258, 7.024, 7.674, 7.579, 6.587, 6.735, 8.072, 9.631, 9.11, 7.761, 7.346, 7.567, 7.887, 8.131, 9.661, 11.673, 13.926, 16.269, 18.229, 19.07, 19.626, 20.129, 20.953, 21.099, 21.069, 20.723, 20.138, 20.096, 19.981, 19.719, 19.736, 19.884, 19.767, 20.079, 20.51, 21.153, 20.397, 19.05, 18.397, 19.126, 19.26, 18.768, 17.987, 16.377, 14.991, 14.07, 14.587, 15.985, 17.27, 17.87, 17.26, 16.226, 16.11, 16.166, 15.602, 15.269, 15.378, 14.655], [5.998, 5.523, 4.185, 2.755, 2.174, 0.0, 2.424, 3.119, 2.944, 1.452, 2.193, 3.242, 4.349, 4.121, 4.282, 4.924, 6.48, 6.928, 6.628, 7.35, 9.383, 10.685, 10.993, 11.323, 11.885, 12.685, 13.192, 13.789, 13.28, 12.248, 11.102, 10.131, 9.255, 9.007, 9.325, 10.216, 10.826, 10.532, 11.04, 12.256, 13.521, 13.688, 12.38, 10.285, 8.691, 8.093, 8.284, 8.344, 7.422, 5.78, 4.694, 4.976, 4.733, 3.358, 2.22, 2.308, 3.013, 2.735, 2.366, 1.991, 2.921, 3.73, 4.442, 7.265, 11.666, 14.268, 15.72, 16.33, 14.987, 13.435, 12.754, 13.525, 14.351, 15.248, 15.96, 16.313, 17.129, 18.481, 20.009, 20.793, 21.159, 21.417, 21.614, 21.471, 21.207, 20.423, 18.952, 18.219, 18.277, 18.282, 17.945, 16.38, 14.616, 13.816, 13.135, 12.49, 11.904, 11.439, 9.83, 8.177, 7.873, 8.523, 9.082, 8.85, 7.945, 8.427, 9.808, 11.124, 10.676, 9.535, 9.231, 9.246, 9.627, 9.822, 10.915, 12.814, 15.083, 17.435, 19.537, 20.527, 21.009, 21.54, 22.319, 22.337, 22.337, 21.922, 21.375, 21.344, 21.39, 21.073, 21.087, 21.313, 21.25, 21.639, 22.112, 22.71, 21.919, 20.574, 19.809, 20.294, 20.487, 19.914, 19.163, 17.552, 16.144, 15.235, 15.7, 17.098, 18.368, 18.969, 18.358, 17.324, 17.209, 17.265, 16.7, 16.367, 16.476, 15.756], [8.085, 7.586, 6.258, 4.905, 4.095, 2.424, 0.0, 2.303, 3.031, 2.522, 4.181, 5.282, 6.339, 6.246, 5.981, 6.92, 8.475, 8.94, 8.59, 9.41, 11.369, 12.728, 13.106, 13.425, 13.995, 14.822, 15.348, 15.951, 15.442, 14.384, 13.226, 12.246, 11.378, 11.021, 11.487, 12.349, 12.915, 12.695, 13.203, 14.391, 15.66, 15.828, 14.52, 12.334, 10.735, 10.183, 10.399, 10.473, 9.427, 7.842, 6.782, 7.013, 6.681, 5.399, 3.79, 3.866, 4.968, 4.809, 3.58, 3.665, 4.791, 5.69, 6.534, 9.417, 13.828, 16.43, 17.863, 18.473, 17.124, 15.561, 14.907, 15.651, 16.475, 17.372, 18.095, 18.459, 19.252, 20.604, 22.152, 22.932, 23.299, 23.54, 23.741, 23.605, 23.35, 22.585, 21.109, 20.26, 20.304, 20.389, 19.973, 18.413, 16.687, 15.761, 15.068, 14.443, 13.89, 13.405, 11.784, 10.151, 9.855, 10.458, 11.042, 10.901, 9.915, 10.432, 11.829, 13.136, 12.626, 11.594, 11.336, 11.296, 11.735, 11.903, 12.934, 14.907, 17.187, 19.572, 21.608, 22.585, 23.132, 23.636, 24.382, 24.422, 24.374, 23.973, 23.422, 23.37, 23.387, 23.096, 23.091, 23.279, 23.254, 23.632, 24.076, 24.675, 23.885, 22.519, 21.834, 22.425, 22.656, 22.067, 21.325, 19.715, 18.306, 17.398, 17.839, 19.238, 20.491, 21.108, 20.482, 19.448, 19.336, 19.388, 18.824, 18.491, 18.6, 17.881], [8.875, 8.415, 6.985, 5.317, 4.296, 3.119, 2.303, 0.0, 1.596, 3.116, 4.956, 5.956, 6.757, 6.56, 6.71, 7.571, 8.836, 9.276, 9.223, 9.958, 11.73, 13.442, 13.93, 14.207, 14.778, 15.604, 16.114, 16.718, 16.209, 15.196, 14.05, 13.07, 12.202, 11.726, 11.999, 13.096, 13.622, 13.442, 13.951, 15.173, 16.443, 16.61, 15.302, 13.007, 11.329, 10.969, 11.223, 11.277, 10.185, 8.375, 7.432, 7.58, 7.458, 5.942, 3.686, 3.416, 5.128, 5.629, 4.294, 4.452, 5.619, 6.541, 7.393, 10.215, 14.592, 17.194, 18.643, 19.253, 17.935, 16.383, 15.704, 16.473, 17.299, 18.192, 18.908, 19.267, 20.076, 21.428, 22.931, 23.714, 24.081, 24.361, 24.563, 24.36, 24.087, 23.341, 21.868, 20.99, 21.037, 21.135, 20.608, 19.06, 17.419, 16.081, 15.331, 14.635, 14.135, 13.732, 12.427, 10.842, 10.274, 10.797, 11.47, 11.536, 10.505, 10.496, 11.992, 13.586, 12.844, 11.48, 10.899, 10.728, 11.203, 11.962, 13.707, 15.725, 17.966, 20.296, 22.186, 23.17, 23.799, 24.317, 25.015, 25.063, 25.079, 24.71, 24.116, 24.087, 23.987, 23.711, 23.687, 23.877, 23.799, 23.976, 24.349, 25.018, 24.19, 22.983, 22.372, 23.214, 23.388, 22.845, 22.104, 20.468, 19.072, 18.164, 18.622, 20.02, 21.315, 21.916, 21.306, 20.272, 20.156, 20.212, 19.648, 19.315, 19.424, 18.699], [8.074, 7.595, 6.104, 4.463, 3.557, 2.944, 3.031, 1.596, 0.0, 2.361, 4.227, 5.164, 6.041, 5.72, 5.987, 6.679, 8.03, 8.327, 8.329, 9.055, 10.836, 12.561, 13.051, 13.351, 13.891, 14.688, 15.192, 15.785, 15.276, 14.297, 13.151, 12.183, 11.307, 10.822, 11.088, 12.168, 12.716, 12.515, 13.029, 14.259, 15.52, 15.688, 14.38, 12.118, 10.511, 10.059, 10.325, 10.383, 9.383, 7.59, 6.609, 6.764, 6.736, 5.23, 3.004, 2.372, 4.363, 4.876, 3.581, 3.669, 4.977, 5.777, 6.562, 9.335, 13.66, 16.262, 17.719, 18.339, 17.035, 15.483, 14.807, 15.573, 16.397, 17.29, 18.009, 18.36, 19.177, 20.526, 22.009, 22.792, 23.159, 23.458, 23.663, 23.479, 23.184, 22.417, 20.938, 20.065, 20.11, 20.244, 19.782, 18.233, 16.515, 15.211, 14.515, 13.837, 13.2, 12.932, 11.572, 9.949, 9.407, 10.073, 10.82, 10.755, 9.664, 9.714, 11.214, 12.799, 12.032, 10.378, 9.845, 9.43, 10.272, 11.065, 12.808, 14.812, 17.066, 19.391, 21.379, 22.334, 22.923, 23.433, 24.143, 24.188, 24.213, 23.849, 23.211, 23.185, 23.054, 22.802, 22.827, 22.953, 22.936, 23.129, 23.41, 24.205, 23.354, 22.165, 21.535, 22.305, 22.499, 21.944, 21.195, 19.535, 18.139, 17.231, 17.699, 19.098, 20.417, 21.017, 20.407, 19.373, 19.257, 19.313, 18.749, 18.416, 18.525, 17.797], [6.034, 5.498, 4.201, 2.705, 2.151, 1.452, 2.522, 3.116, 2.361, 0.0, 2.22, 3.318, 4.508, 4.223, 4.369, 4.943, 6.376, 6.819, 6.519, 7.165, 9.285, 10.623, 10.816, 11.155, 11.715, 12.542, 13.103, 13.706, 13.197, 12.104, 10.936, 9.956, 9.089, 8.926, 9.217, 10.136, 10.754, 10.468, 10.976, 12.11, 13.38, 13.547, 12.263, 10.267, 8.635, 8.039, 8.151, 8.261, 7.42, 5.792, 4.651, 4.845, 4.737, 3.417, 1.911, 1.958, 3.028, 2.767, 1.785, 1.737, 3.046, 3.772, 4.384, 7.197, 11.586, 14.188, 15.588, 16.198, 14.849, 13.277, 12.665, 13.365, 14.185, 15.083, 15.84, 16.204, 16.963, 18.315, 19.907, 20.652, 21.019, 21.256, 21.467, 21.404, 21.142, 20.345, 18.868, 18.167, 18.247, 18.259, 17.924, 16.34, 14.567, 13.732, 13.032, 12.415, 11.826, 11.385, 9.755, 8.041, 7.771, 8.394, 9.046, 8.847, 7.884, 8.365, 9.724, 11.105, 10.556, 9.47, 9.203, 9.061, 9.52, 9.783, 10.774, 12.671, 14.951, 17.401, 19.507, 20.486, 20.971, 21.508, 22.296, 22.297, 22.298, 21.86, 21.322, 21.278, 21.313, 21.053, 21.047, 21.21, 21.195, 21.573, 22.05, 22.647, 21.866, 20.483, 19.811, 20.219, 20.452, 19.847, 19.08, 17.488, 16.061, 15.153, 15.559, 16.97, 18.202, 18.828, 18.215, 17.158, 17.072, 17.098, 16.534, 16.201, 16.31, 15.605], [4.361, 3.925, 2.993, 2.423, 2.27, 2.193, 4.181, 4.956, 4.227, 2.22, 0.0, 2.117, 3.47, 3.314, 3.312, 3.286, 4.771, 5.102, 4.738, 5.68, 7.653, 8.743, 8.977, 9.287, 9.844, 10.67, 11.208, 11.811, 11.296, 10.243, 9.097, 8.117, 7.288, 7.092, 7.897, 8.361, 8.92, 8.608, 9.099, 10.239, 11.509, 11.676, 10.368, 8.427, 6.974, 6.121, 6.292, 6.353, 5.639, 4.791, 3.976, 3.892, 3.351, 2.381, 2.435, 2.673, 3.01, 2.156, 2.209, 2.054, 1.503, 2.027, 2.753, 5.303, 9.686, 12.288, 13.712, 14.322, 12.986, 11.433, 10.779, 11.524, 12.347, 13.333, 13.999, 14.334, 15.123, 16.475, 18.005, 18.781, 19.147, 19.417, 19.621, 19.564, 19.271, 18.451, 16.987, 16.262, 16.301, 16.324, 15.968, 14.419, 12.746, 11.983, 11.27, 10.675, 10.203, 9.585, 7.905, 6.309, 6.479, 7.035, 7.154, 6.867, 6.15, 6.893, 8.127, 9.224, 8.919, 8.421, 8.485, 8.573, 8.877, 8.955, 9.24, 10.852, 13.091, 15.506, 17.572, 18.599, 19.112, 19.591, 20.358, 20.385, 20.375, 19.961, 19.381, 19.359, 19.378, 19.119, 19.189, 19.395, 19.374, 19.873, 20.305, 20.887, 20.097, 18.739, 17.868, 18.32, 18.581, 17.993, 17.178, 15.6, 14.159, 13.251, 13.688, 15.086, 16.363, 16.963, 16.353, 15.327, 15.203, 15.259, 14.695, 14.362, 14.471, 13.749], [3.06, 2.595, 1.572, 1.911, 2.096, 3.242, 5.282, 5.956, 5.164, 3.318, 2.117, 0.0, 1.851, 1.705, 1.99, 2.285, 3.575, 3.88, 3.682, 4.448, 6.368, 7.843, 8.247, 8.473, 9.035, 9.845, 10.354, 10.944, 10.467, 9.513, 8.367, 7.387, 6.519, 6.093, 6.438, 7.343, 7.932, 7.71, 8.179, 9.413, 10.683, 10.85, 9.542, 7.397, 5.78, 5.302, 5.541, 5.594, 4.498, 3.02, 2.48, 2.399, 1.941, 1.185, 2.51, 3.242, 2.116, 2.133, 2.568, 2.478, 1.788, 1.896, 1.93, 4.53, 8.821, 11.459, 12.917, 13.554, 12.251, 10.69, 10.016, 10.786, 11.605, 12.498, 13.223, 13.576, 14.389, 15.734, 17.214, 17.955, 18.337, 18.67, 18.875, 18.729, 18.409, 17.577, 16.113, 15.295, 15.349, 15.509, 15.148, 13.595, 11.735, 10.875, 10.248, 9.556, 8.896, 8.553, 6.989, 5.255, 4.942, 5.621, 6.236, 6.047, 5.11, 5.509, 6.783, 8.248, 7.739, 6.701, 6.86, 6.992, 7.248, 7.37, 8.036, 10.048, 12.291, 14.594, 16.654, 17.629, 18.143, 18.665, 19.418, 19.502, 19.542, 19.151, 18.488, 18.427, 18.446, 18.157, 18.135, 18.306, 18.256, 18.601, 19.08, 19.701, 18.968, 17.633, 16.943, 17.539, 17.728, 17.16, 16.407, 14.746, 13.298, 12.39, 12.88, 14.303, 15.633, 16.234, 15.623, 14.589, 14.474, 14.529, 13.965, 13.627, 13.741, 13.005], [2.58, 2.58, 2.416, 3.085, 2.943, 4.349, 6.339, 6.757, 6.041, 4.508, 3.47, 1.851, 0.0, 1.182, 1.206, 1.645, 2.553, 3.071, 2.823, 3.634, 5.387, 7.034, 7.515, 7.802, 8.364, 9.164, 9.666, 10.251, 9.742, 8.765, 7.619, 6.653, 5.777, 5.235, 5.557, 6.564, 7.145, 6.94, 7.479, 8.735, 9.994, 10.161, 8.854, 6.572, 5.002, 4.507, 4.793, 4.846, 3.722, 2.496, 1.928, 1.783, 1.581, 1.759, 3.448, 4.104, 2.978, 3.361, 3.603, 3.411, 2.783, 2.362, 2.265, 3.823, 8.077, 10.697, 12.185, 12.799, 11.49, 9.937, 9.257, 10.039, 10.866, 11.758, 12.469, 12.827, 13.645, 14.995, 16.482, 17.266, 17.633, 17.927, 18.117, 17.903, 17.613, 16.875, 15.408, 14.561, 14.543, 14.704, 14.221, 12.694, 10.908, 9.905, 9.295, 8.578, 7.927, 7.542, 6.083, 4.455, 4.345, 4.824, 5.309, 5.179, 4.241, 4.442, 5.739, 7.304, 6.782, 5.793, 6.351, 6.928, 7.048, 6.821, 7.325, 9.287, 11.53, 13.853, 15.805, 16.76, 17.31, 17.837, 18.561, 18.669, 18.685, 18.329, 17.73, 17.699, 17.594, 17.366, 17.31, 17.522, 17.415, 17.665, 18.15, 18.777, 18.01, 16.707, 15.986, 16.765, 16.874, 16.37, 15.607, 13.963, 12.577, 11.652, 12.173, 13.572, 14.885, 15.485, 14.875, 13.841, 13.725, 13.781, 13.217, 12.884, 12.993, 12.266], [2.76, 2.75, 2.436, 2.676, 2.815, 4.121, 6.246, 6.56, 5.72, 4.223, 3.314, 1.705, 1.182, 0.0, 1.389, 2.017, 3.087, 3.191, 3.127, 3.73, 5.702, 7.323, 7.657, 7.909, 8.471, 9.271, 9.779, 10.365, 9.863, 8.913, 7.767, 6.795, 5.921, 5.633, 5.778, 6.698, 7.36, 7.047, 7.635, 8.842, 10.108, 10.275, 8.967, 6.826, 5.299, 4.739, 4.955, 5.005, 4.006, 2.586, 2.144, 1.846, 2.068, 1.777, 3.316, 3.804, 2.666, 3.106, 3.53, 3.274, 2.57, 2.448, 2.455, 4.061, 8.191, 10.833, 12.302, 12.937, 11.633, 10.08, 9.42, 10.17, 11.009, 11.901, 12.625, 12.975, 13.791, 15.138, 16.614, 17.38, 17.746, 18.081, 18.267, 18.193, 17.863, 17.009, 15.543, 14.791, 14.779, 14.971, 14.653, 13.091, 11.18, 10.252, 9.649, 8.968, 8.256, 7.976, 6.47, 4.833, 4.774, 5.079, 5.756, 5.551, 4.611, 4.838, 6.125, 7.716, 7.13, 5.745, 6.536, 6.991, 7.243, 6.85, 7.533, 9.478, 11.718, 14.077, 16.169, 17.1, 17.559, 18.078, 18.881, 18.95, 19.044, 18.632, 17.944, 17.925, 17.834, 17.679, 17.642, 17.744, 17.746, 18.028, 18.499, 19.158, 18.419, 17.101, 16.405, 16.944, 17.127, 16.582, 15.757, 14.126, 12.691, 11.762, 12.287, 13.703, 15.033, 15.633, 15.023, 13.989, 13.873, 13.929, 13.365, 13.031, 13.141, 12.409], [2.618, 2.449, 2.253, 3.077, 3.281, 4.282, 5.981, 6.71, 5.987, 4.369, 3.312, 1.99, 1.206, 1.389, 0.0, 1.741, 2.951, 3.179, 3.034, 3.814, 5.738, 7.263, 7.585, 7.816, 8.331, 9.129, 9.631, 10.216, 9.786, 8.836, 7.69, 6.714, 5.842, 5.476, 5.839, 6.722, 7.303, 7.069, 7.498, 8.689, 9.959, 10.126, 8.819, 6.794, 5.253, 4.687, 4.887, 4.943, 4.079, 2.73, 1.927, 1.829, 1.826, 1.916, 3.637, 4.277, 3.241, 3.371, 3.667, 3.319, 2.35, 2.044, 2.083, 3.916, 8.144, 10.782, 12.239, 12.877, 11.573, 9.999, 9.354, 10.095, 10.921, 11.814, 12.548, 12.899, 13.703, 15.051, 16.537, 17.231, 17.661, 18.005, 18.203, 18.121, 17.798, 16.902, 15.391, 14.65, 14.756, 14.91, 14.584, 13.031, 11.161, 10.215, 9.58, 8.901, 8.27, 7.91, 6.383, 4.631, 4.44, 5.068, 5.733, 5.548, 4.53, 4.894, 6.132, 7.669, 7.114, 6.132, 6.652, 7.053, 7.223, 6.981, 7.455, 9.425, 11.652, 13.948, 16.039, 17.003, 17.542, 18.073, 18.805, 18.894, 18.979, 18.568, 17.878, 17.786, 17.766, 17.562, 17.509, 17.624, 17.611, 17.922, 18.384, 19.03, 18.347, 17.022, 16.364, 16.903, 17.099, 16.527, 15.724, 14.097, 12.601, 11.679, 12.206, 13.626, 14.952, 15.557, 14.946, 13.912, 13.797, 13.852, 13.283, 12.944, 13.063, 12.322], [2.135, 2.012, 2.079, 3.213, 3.605, 4.924, 6.92, 7.571, 6.679, 4.943, 3.286, 2.285, 1.645, 2.017, 1.741, 0.0, 1.872, 2.263, 1.98, 2.996, 4.767, 6.167, 6.56, 6.937, 7.476, 8.24, 8.727, 9.293, 8.783, 7.733, 6.592, 5.679, 4.785, 4.234, 5.052, 5.672, 6.236, 5.964, 6.533, 7.81, 9.064, 9.177, 7.873, 5.921, 4.495, 3.615, 3.748, 3.847, 3.072, 2.584, 1.845, 1.719, 1.524, 2.084, 4.066, 4.855, 3.475, 3.453, 3.652, 3.743, 2.924, 2.157, 1.62, 2.828, 7.116, 9.718, 11.204, 11.814, 10.465, 8.902, 8.248, 9.008, 9.825, 10.79, 11.497, 11.783, 12.601, 13.953, 15.498, 16.282, 16.648, 16.889, 17.081, 16.899, 16.636, 15.896, 14.438, 13.619, 13.619, 13.747, 13.314, 11.745, 9.96, 8.987, 8.372, 7.772, 7.266, 6.648, 5.172, 3.485, 4.032, 4.553, 4.552, 4.411, 3.441, 3.915, 5.165, 6.437, 6.051, 5.88, 6.287, 6.719, 6.88, 6.69, 6.71, 8.312, 10.537, 12.905, 14.934, 15.885, 16.417, 16.922, 17.67, 17.738, 17.698, 17.34, 16.761, 16.75, 16.625, 16.401, 16.45, 16.616, 16.542, 16.917, 17.363, 17.965, 17.162, 15.837, 15.123, 15.748, 15.903, 15.349, 14.62, 12.997, 11.604, 10.731, 11.234, 12.587, 13.84, 14.458, 13.83, 12.796, 12.696, 12.736, 12.172, 11.839, 11.948, 11.23], [1.925, 2.11, 3.01, 4.329, 4.904, 6.48, 8.475, 8.836, 8.03, 6.376, 4.771, 3.575, 2.553, 3.087, 2.951, 1.872, 0.0, 1.235, 1.018, 1.788, 3.437, 4.823, 5.376, 5.725, 6.259, 7.008, 7.484, 8.03, 7.505, 6.474, 5.339, 4.452, 3.557, 3.292, 3.84, 4.758, 5.09, 5.124, 5.287, 6.566, 7.821, 7.909, 6.783, 5.151, 3.67, 2.792, 2.587, 2.822, 2.366, 2.068, 2.224, 1.926, 2.18, 3.373, 5.479, 6.287, 4.571, 4.789, 5.187, 5.441, 4.666, 3.871, 2.797, 1.977, 5.871, 8.438, 9.899, 10.51, 9.16, 7.596, 6.97, 7.837, 8.796, 9.777, 10.566, 10.596, 11.273, 12.618, 14.189, 14.973, 15.339, 15.555, 15.769, 15.538, 15.319, 14.586, 13.121, 12.245, 12.279, 12.392, 11.853, 10.279, 8.65, 7.533, 6.834, 6.149, 5.869, 5.337, 3.827, 2.685, 3.304, 3.554, 3.238, 3.091, 2.429, 2.673, 3.785, 5.2, 4.785, 4.885, 5.623, 6.24, 6.139, 5.796, 5.82, 7.039, 9.228, 11.624, 13.493, 14.441, 15.058, 15.573, 16.283, 16.346, 16.323, 15.939, 15.437, 15.383, 15.302, 15.023, 15.029, 15.41, 15.34, 15.542, 16.013, 16.421, 15.801, 14.313, 13.774, 14.433, 14.614, 14.055, 13.338, 11.734, 10.385, 9.506, 9.991, 11.282, 12.506, 13.149, 12.496, 11.483, 11.407, 11.402, 10.838, 10.505, 10.614, 9.899], [2.115, 2.345, 3.197, 4.567, 5.387, 6.928, 8.94, 9.276, 8.327, 6.819, 5.102, 3.88, 3.071, 3.191, 3.179, 2.263, 1.235, 0.0, 1.032, 1.445, 2.988, 4.453, 4.91, 5.173, 5.706, 6.459, 6.946, 7.493, 6.997, 6.046, 4.954, 4.143, 3.196, 3.169, 3.736, 4.3, 4.582, 4.536, 4.811, 6.029, 7.283, 7.38, 6.162, 4.648, 3.312, 2.389, 2.204, 2.355, 2.059, 1.972, 2.612, 2.323, 2.585, 3.852, 5.873, 6.54, 4.92, 5.043, 5.628, 5.789, 4.906, 4.171, 3.173, 1.805, 5.364, 7.972, 9.424, 10.061, 8.757, 7.205, 6.547, 7.341, 8.31, 9.288, 10.085, 10.118, 10.896, 12.242, 13.72, 14.469, 14.844, 15.188, 15.396, 15.299, 14.979, 14.1, 12.633, 11.825, 11.868, 12.057, 11.664, 10.13, 8.297, 7.159, 6.518, 5.843, 5.395, 5.012, 3.586, 2.588, 3.392, 3.258, 2.997, 2.866, 2.177, 2.283, 3.426, 4.889, 4.514, 4.467, 5.64, 6.09, 6.248, 5.7, 5.655, 6.638, 8.806, 11.166, 13.225, 14.174, 14.71, 15.226, 15.964, 16.028, 16.067, 15.674, 14.963, 14.945, 14.816, 14.605, 14.701, 14.937, 14.959, 15.189, 15.503, 16.146, 15.452, 14.143, 13.513, 14.053, 14.3, 13.724, 12.915, 11.3, 9.853, 8.961, 9.471, 10.815, 12.139, 12.74, 12.13, 11.111, 11.002, 11.036, 10.472, 10.137, 10.248, 9.513], [1.759, 1.889, 2.916, 4.428, 5.204, 6.628, 8.59, 9.223, 8.329, 6.519, 4.738, 3.682, 2.823, 3.127, 3.034, 1.98, 1.018, 1.032, 0.0, 1.223, 3.047, 4.347, 4.803, 5.152, 5.681, 6.44, 6.934, 7.516, 7.006, 5.977, 4.835, 3.912, 3.035, 2.779, 3.494, 4.147, 4.523, 4.444, 4.791, 6.008, 7.264, 7.397, 6.143, 4.502, 3.11, 2.205, 2.203, 2.275, 1.897, 2.01, 2.33, 2.066, 2.204, 3.574, 5.76, 6.546, 4.773, 4.754, 5.288, 5.496, 4.642, 3.795, 2.789, 1.609, 5.421, 7.987, 9.43, 10.041, 8.713, 7.16, 6.508, 7.298, 8.159, 9.214, 9.93, 10.059, 10.853, 12.205, 13.718, 14.501, 14.868, 15.141, 15.341, 15.214, 14.916, 14.147, 12.666, 11.799, 11.874, 11.959, 11.569, 10.03, 8.246, 7.27, 6.589, 5.957, 5.585, 5.001, 3.447, 2.112, 3.065, 3.153, 2.832, 2.672, 1.969, 2.393, 3.545, 4.818, 4.526, 4.507, 5.468, 5.914, 5.965, 5.505, 5.41, 6.573, 8.749, 11.156, 13.196, 14.155, 14.711, 15.228, 15.953, 15.983, 15.966, 15.568, 14.96, 14.929, 14.873, 14.66, 14.656, 14.872, 14.868, 15.238, 15.636, 16.201, 15.466, 14.051, 13.405, 14.004, 14.234, 13.655, 12.885, 11.275, 9.869, 8.963, 9.451, 10.807, 12.092, 12.693, 12.082, 11.049, 10.933, 10.989, 10.425, 10.091, 10.201, 9.478], [2.085, 2.461, 3.694, 5.102, 5.933, 7.35, 9.41, 9.958, 9.055, 7.165, 5.68, 4.448, 3.634, 3.73, 3.814, 2.996, 1.788, 1.445, 1.223, 0.0, 2.298, 3.741, 4.07, 4.439, 4.968, 5.738, 6.27, 6.853, 6.342, 5.26, 4.114, 3.281, 2.458, 2.326, 2.631, 3.502, 3.873, 3.81, 4.15, 5.299, 6.557, 6.685, 5.417, 3.888, 2.543, 1.755, 1.813, 1.858, 1.543, 2.096, 2.872, 2.661, 3.037, 4.272, 6.455, 7.205, 5.366, 5.501, 6.131, 6.281, 5.501, 4.718, 3.618, 1.583, 4.764, 7.321, 8.724, 9.335, 7.988, 6.436, 5.82, 6.564, 7.413, 8.398, 9.19, 9.358, 10.122, 11.474, 13.039, 13.79, 14.156, 14.41, 14.62, 14.55, 14.268, 13.477, 11.999, 11.238, 11.313, 11.335, 11.007, 9.447, 7.631, 6.69, 6.045, 5.371, 4.816, 4.456, 2.944, 1.857, 2.559, 2.452, 2.326, 2.211, 1.902, 1.715, 2.83, 4.221, 3.817, 3.708, 4.846, 5.279, 5.327, 4.806, 4.668, 5.792, 8.058, 10.511, 12.606, 13.578, 14.078, 14.607, 15.378, 15.375, 15.39, 14.968, 14.388, 14.345, 14.339, 14.121, 14.09, 14.286, 14.283, 14.6, 15.047, 15.657, 14.907, 13.484, 12.889, 13.332, 13.586, 12.989, 12.212, 10.627, 9.199, 8.296, 8.732, 10.102, 11.361, 11.966, 11.368, 10.318, 10.212, 10.258, 9.694, 9.361, 9.47, 8.756], [4.069, 4.541, 5.659, 6.996, 7.72, 9.383, 11.369, 11.73, 10.836, 9.285, 7.653, 6.368, 5.387, 5.702, 5.738, 4.767, 3.437, 2.988, 3.047, 2.298, 0.0, 1.904, 2.521, 3.239, 3.439, 4.08, 4.562, 5.147, 4.597, 4.052, 2.974, 2.997, 2.317, 2.051, 2.402, 2.769, 2.635, 2.629, 2.744, 3.776, 4.855, 5.005, 3.918, 2.453, 1.905, 2.122, 2.278, 2.396, 2.335, 3.722, 4.975, 4.722, 5.024, 6.271, 8.338, 9.119, 7.4, 7.589, 8.1, 8.239, 7.503, 6.774, 5.747, 3.456, 3.421, 5.548, 7.026, 7.634, 6.326, 4.794, 4.122, 5.242, 6.25, 7.103, 7.71, 7.753, 8.481, 9.831, 11.326, 12.109, 12.476, 12.764, 12.954, 12.767, 12.442, 11.713, 10.24, 9.386, 9.342, 9.566, 9.084, 7.534, 5.715, 4.601, 4.016, 3.344, 2.839, 2.471, 1.574, 2.264, 2.588, 1.782, 1.431, 1.79, 2.525, 2.0, 1.348, 2.416, 2.923, 3.156, 4.502, 5.0, 4.957, 4.413, 4.093, 4.323, 6.355, 8.797, 10.699, 11.595, 12.143, 12.661, 13.371, 13.499, 13.507, 13.165, 12.537, 12.514, 12.384, 12.162, 12.187, 12.425, 12.418, 12.562, 12.986, 13.592, 12.835, 11.51, 10.868, 11.594, 11.719, 11.215, 10.437, 8.806, 7.421, 6.491, 7.042, 8.415, 9.72, 10.321, 9.71, 8.676, 8.561, 8.616, 8.052, 7.719, 7.828, 7.102], [5.199, 5.673, 7.06, 8.611, 9.463, 10.685, 12.728, 13.442, 12.561, 10.623, 8.743, 7.843, 7.034, 7.323, 7.263, 6.167, 4.823, 4.453, 4.347, 3.741, 1.904, 0.0, 1.714, 2.305, 2.55, 2.731, 2.921, 3.493, 3.215, 3.017, 2.464, 2.829, 2.392, 2.427, 2.737, 2.528, 2.033, 2.15, 1.746, 2.44, 3.276, 3.267, 2.573, 1.958, 2.467, 2.907, 2.837, 2.755, 3.561, 5.25, 6.362, 6.27, 6.298, 7.79, 10.038, 10.844, 9.025, 8.676, 9.459, 9.48, 8.557, 7.659, 6.706, 4.187, 2.573, 3.963, 5.219, 5.848, 4.565, 3.116, 2.519, 3.772, 5.057, 6.031, 6.405, 6.184, 6.733, 8.033, 9.513, 10.272, 10.639, 10.969, 11.171, 11.015, 10.733, 9.933, 8.483, 7.684, 7.744, 7.795, 7.386, 5.817, 4.249, 3.604, 2.926, 2.545, 2.621, 1.902, 1.521, 2.997, 3.551, 2.801, 2.18, 2.273, 3.408, 3.605, 2.268, 1.706, 2.98, 3.74, 5.096, 5.399, 5.305, 4.761, 4.021, 3.314, 4.635, 7.056, 8.997, 9.92, 10.492, 10.984, 11.701, 11.767, 11.851, 11.461, 10.879, 10.828, 10.879, 10.563, 10.725, 11.181, 11.188, 11.648, 12.129, 12.384, 11.915, 10.365, 9.596, 9.862, 10.037, 9.486, 8.733, 7.081, 5.658, 4.804, 5.231, 6.591, 7.921, 8.521, 7.911, 6.886, 6.77, 6.817, 6.253, 5.92, 6.029, 5.297], [5.394, 5.83, 7.316, 8.935, 9.891, 10.993, 13.106, 13.93, 13.051, 10.816, 8.977, 8.247, 7.515, 7.657, 7.585, 6.56, 5.376, 4.91, 4.803, 4.07, 2.521, 1.714, 0.0, 1.508, 1.857, 2.29, 2.706, 3.283, 2.768, 2.225, 1.508, 1.956, 2.008, 2.617, 3.108, 2.887, 2.556, 2.412, 2.054, 2.092, 2.844, 3.104, 2.656, 2.872, 3.079, 3.128, 2.914, 2.879, 3.85, 5.619, 6.533, 6.378, 6.598, 8.096, 10.384, 11.085, 9.185, 8.565, 9.712, 9.665, 8.528, 7.498, 6.648, 3.914, 2.312, 3.723, 4.829, 5.426, 4.123, 2.714, 2.206, 3.347, 4.92, 6.041, 6.376, 6.218, 6.407, 7.655, 9.275, 9.915, 10.297, 10.563, 10.747, 10.921, 10.706, 9.745, 8.429, 8.097, 8.097, 7.962, 7.613, 6.169, 5.178, 4.611, 3.887, 3.425, 3.369, 2.806, 2.272, 3.274, 3.898, 3.23, 2.598, 2.672, 3.888, 4.195, 2.872, 2.429, 3.584, 4.148, 5.634, 5.845, 5.802, 5.241, 4.379, 3.784, 5.299, 7.655, 9.694, 10.588, 11.111, 11.559, 12.013, 12.157, 12.291, 12.103, 11.56, 11.643, 11.48, 11.427, 11.813, 12.14, 12.151, 12.746, 13.177, 13.51, 12.969, 11.341, 10.599, 10.084, 10.217, 9.531, 8.423, 6.926, 5.395, 4.531, 4.884, 6.409, 7.552, 8.12, 7.552, 6.641, 6.384, 6.311, 5.718, 5.385, 5.494, 4.8], [5.61, 6.048, 7.531, 9.147, 10.207, 11.323, 13.425, 14.207, 13.351, 11.155, 9.287, 8.473, 7.802, 7.909, 7.816, 6.937, 5.725, 5.173, 5.152, 4.439, 3.239, 2.305, 1.508, 0.0, 1.07, 1.698, 2.278, 2.901, 2.269, 1.583, 1.449, 1.925, 2.609, 3.202, 4.047, 3.999, 3.672, 3.483, 2.82, 2.645, 2.967, 3.421, 3.366, 3.715, 3.443, 3.47, 3.25, 3.127, 4.297, 5.93, 6.911, 6.744, 6.891, 8.419, 10.726, 11.445, 9.552, 8.789, 10.078, 9.937, 8.735, 7.791, 7.023, 4.251, 1.894, 3.323, 4.507, 5.134, 3.978, 2.652, 2.473, 4.177, 6.036, 7.103, 7.334, 7.082, 6.895, 7.785, 9.058, 9.605, 10.028, 10.482, 10.532, 10.876, 10.601, 9.568, 8.391, 8.098, 8.098, 7.974, 7.621, 6.41, 5.731, 5.313, 4.655, 4.375, 4.536, 3.859, 3.078, 3.813, 4.557, 4.062, 3.066, 2.763, 4.198, 4.517, 3.327, 3.495, 4.843, 5.064, 6.684, 6.952, 6.899, 6.36, 5.636, 4.891, 5.863, 8.283, 10.231, 10.956, 11.334, 11.703, 12.001, 12.242, 12.624, 12.572, 11.992, 11.808, 11.653, 11.876, 12.371, 12.775, 12.942, 13.378, 13.847, 13.947, 13.657, 12.103, 11.272, 10.477, 10.45, 9.718, 8.248, 6.77, 5.097, 4.21, 4.697, 6.457, 7.708, 7.996, 7.699, 6.831, 6.176, 6.165, 5.529, 5.196, 5.322, 4.723], [6.155, 6.617, 8.07, 9.686, 10.769, 11.885, 13.995, 14.778, 13.891, 11.715, 9.844, 9.035, 8.364, 8.471, 8.331, 7.476, 6.259, 5.706, 5.681, 4.968, 3.439, 2.55, 1.857, 1.07, 0.0, 1.144, 1.764, 2.319, 1.71, 1.178, 1.598, 2.26, 3.067, 3.62, 4.404, 4.324, 3.949, 3.748, 3.059, 2.876, 3.24, 3.72, 3.635, 3.926, 3.775, 3.97, 3.764, 3.694, 4.8, 6.493, 7.474, 7.306, 7.461, 8.99, 11.296, 12.015, 10.146, 9.39, 10.648, 10.501, 9.282, 8.339, 7.582, 4.8, 1.833, 2.825, 4.045, 4.616, 3.72, 2.425, 2.672, 4.441, 6.334, 7.492, 7.719, 7.409, 7.261, 7.999, 8.761, 9.248, 9.661, 10.101, 10.18, 10.548, 10.254, 9.303, 8.181, 7.861, 7.889, 7.726, 7.415, 6.537, 5.998, 5.688, 5.029, 4.689, 4.781, 4.131, 3.307, 4.253, 4.904, 4.327, 3.487, 3.307, 4.791, 5.055, 3.784, 3.798, 5.142, 5.486, 6.97, 7.274, 7.281, 6.723, 5.932, 5.201, 6.275, 8.551, 10.474, 11.128, 11.426, 11.657, 11.88, 12.111, 12.585, 12.619, 12.127, 11.859, 11.727, 12.226, 12.725, 13.155, 13.343, 13.775, 14.203, 14.243, 13.928, 12.524, 11.579, 10.618, 10.38, 9.722, 7.95, 6.553, 4.744, 3.806, 4.57, 6.311, 7.557, 7.813, 7.513, 6.668, 5.756, 5.682, 5.043, 4.712, 4.885, 4.449], [6.959, 7.404, 8.872, 10.494, 11.57, 12.685, 14.822, 15.604, 14.688, 12.542, 10.67, 9.845, 9.164, 9.271, 9.129, 8.24, 7.008, 6.459, 6.44, 5.738, 4.08, 2.731, 2.29, 1.698, 1.144, 0.0, 0.974, 1.484, 1.301, 1.284, 2.101, 2.936, 3.716, 4.235, 4.734, 4.549, 4.132, 3.982, 3.202, 2.891, 2.779, 3.068, 3.278, 3.71, 4.378, 4.719, 4.528, 4.443, 5.6, 7.309, 8.292, 8.132, 8.288, 9.816, 12.123, 12.842, 10.954, 10.213, 11.475, 11.328, 10.105, 9.14, 8.383, 5.587, 1.712, 2.032, 3.243, 3.813, 2.878, 2.065, 2.591, 4.262, 6.035, 7.08, 7.222, 7.029, 6.812, 7.251, 7.976, 8.41, 8.883, 9.344, 9.436, 9.763, 9.475, 8.488, 7.39, 7.08, 7.074, 6.919, 6.616, 5.755, 5.307, 5.065, 4.524, 4.496, 4.875, 4.061, 3.666, 4.907, 5.533, 4.96, 4.274, 4.104, 5.48, 5.801, 4.501, 3.911, 5.311, 5.851, 7.265, 7.598, 7.594, 7.004, 6.133, 5.116, 5.559, 7.805, 9.703, 10.363, 10.638, 10.877, 11.075, 11.331, 11.827, 11.834, 11.337, 11.069, 10.961, 11.48, 12.025, 12.481, 12.685, 13.08, 13.523, 13.493, 13.157, 11.866, 10.85, 9.837, 9.608, 8.94, 7.156, 5.768, 3.936, 3.077, 3.777, 5.608, 6.824, 7.106, 6.727, 5.887, 4.859, 4.868, 4.255, 3.934, 4.126, 3.673], [7.542, 7.999, 9.383, 10.991, 12.079, 13.192, 15.348, 16.114, 15.192, 13.103, 11.208, 10.354, 9.666, 9.779, 9.631, 8.727, 7.484, 6.946, 6.934, 6.27, 4.562, 2.921, 2.706, 2.278, 1.764, 0.974, 0.0, 0.91, 1.143, 1.792, 2.514, 3.471, 4.293, 4.66, 4.651, 4.36, 3.914, 3.749, 3.123, 2.837, 2.605, 2.836, 3.135, 3.863, 4.876, 5.214, 5.048, 4.97, 6.1, 7.83, 8.836, 8.691, 8.85, 10.326, 12.64, 13.389, 11.575, 10.835, 12.032, 11.838, 10.615, 9.713, 8.978, 6.078, 2.125, 1.816, 2.888, 3.345, 2.557, 1.752, 2.451, 4.188, 5.942, 6.957, 7.057, 6.864, 6.64, 6.845, 7.255, 7.765, 8.235, 8.689, 8.788, 9.037, 8.761, 7.739, 6.588, 6.303, 6.275, 6.181, 5.882, 5.159, 4.851, 4.787, 4.289, 4.298, 4.658, 3.905, 3.905, 5.404, 5.99, 5.458, 4.806, 4.611, 5.96, 6.268, 4.938, 3.727, 5.087, 5.748, 7.092, 7.457, 7.39, 6.803, 5.939, 4.981, 5.165, 7.241, 9.096, 9.758, 10.03, 10.219, 10.406, 10.629, 11.112, 11.16, 10.736, 10.445, 10.385, 10.923, 11.484, 11.958, 12.277, 12.566, 12.979, 12.928, 12.566, 11.345, 10.343, 9.233, 8.907, 8.262, 6.574, 4.982, 3.27, 2.585, 3.264, 4.916, 6.179, 6.457, 5.989, 5.226, 4.419, 4.426, 3.858, 3.559, 3.678, 3.238], [8.098, 8.556, 9.922, 11.535, 12.665, 13.789, 15.951, 16.718, 15.785, 13.706, 11.811, 10.944, 10.251, 10.365, 10.216, 9.293, 8.03, 7.493, 7.516, 6.853, 5.147, 3.493, 3.283, 2.901, 2.319, 1.484, 0.91, 0.0, 1.016, 2.176, 3.121, 4.055, 4.902, 5.212, 5.201, 4.789, 4.377, 4.27, 3.622, 3.17, 2.863, 2.999, 3.45, 4.192, 5.462, 5.789, 5.627, 5.552, 6.699, 8.433, 9.439, 9.294, 9.453, 10.914, 13.244, 13.993, 12.179, 11.438, 12.636, 12.423, 11.214, 10.316, 9.56, 6.646, 2.503, 1.98, 2.706, 2.96, 2.679, 2.077, 2.79, 4.487, 6.231, 7.194, 7.321, 7.097, 6.851, 6.95, 6.904, 7.276, 7.64, 8.051, 8.18, 8.398, 8.108, 7.153, 6.249, 5.934, 5.83, 5.688, 5.489, 5.068, 5.008, 5.034, 4.606, 4.722, 5.027, 4.28, 4.437, 5.965, 6.559, 6.059, 5.409, 5.21, 6.518, 6.804, 5.435, 4.152, 5.508, 6.342, 7.598, 7.98, 7.903, 7.31, 6.41, 5.251, 5.287, 7.279, 8.947, 9.713, 9.947, 10.026, 10.184, 10.391, 10.89, 10.916, 10.709, 10.361, 10.386, 10.963, 11.539, 12.02, 12.367, 12.672, 13.051, 12.987, 12.502, 11.443, 10.444, 9.192, 8.644, 8.007, 6.263, 4.601, 2.928, 2.442, 3.31, 4.598, 5.869, 6.103, 5.623, 4.894, 4.344, 4.06, 3.726, 3.291, 3.271, 2.917], [7.672, 8.134, 9.504, 11.151, 12.156, 13.28, 15.442, 16.209, 15.276, 13.197, 11.296, 10.467, 9.742, 9.863, 9.786, 8.783, 7.505, 6.997, 7.006, 6.342, 4.597, 3.215, 2.768, 2.269, 1.71, 1.301, 1.143, 1.016, 0.0, 1.499, 2.606, 3.461, 4.288, 4.698, 4.965, 4.769, 4.443, 4.211, 3.616, 3.477, 3.397, 3.613, 3.903, 4.327, 5.026, 5.277, 5.114, 5.042, 6.189, 7.924, 8.93, 8.766, 8.944, 10.405, 12.735, 13.465, 11.642, 10.895, 12.127, 11.914, 10.753, 9.796, 8.997, 6.134, 2.057, 2.109, 3.088, 3.371, 3.011, 2.108, 2.937, 4.75, 6.516, 7.512, 7.626, 7.447, 7.242, 7.54, 7.502, 7.942, 8.185, 8.633, 8.655, 8.974, 8.694, 7.816, 6.968, 6.696, 6.481, 6.342, 6.148, 5.676, 5.595, 5.449, 4.888, 4.895, 5.165, 4.551, 4.189, 5.461, 6.086, 5.55, 4.9, 4.695, 5.989, 6.275, 4.937, 4.14, 5.595, 6.213, 7.611, 7.965, 7.811, 7.206, 6.398, 5.532, 5.851, 7.993, 9.707, 10.442, 10.625, 10.706, 10.901, 11.031, 11.529, 11.556, 11.339, 11.111, 10.998, 11.623, 12.29, 12.784, 13.097, 13.381, 13.792, 13.721, 13.138, 12.071, 11.096, 9.815, 9.281, 8.649, 6.876, 5.245, 3.577, 3.101, 3.88, 5.196, 6.445, 6.615, 6.205, 5.506, 4.884, 4.598, 4.13, 3.694, 3.762, 3.456], [6.604, 7.054, 8.526, 10.201, 11.15, 12.248, 14.384, 15.196, 14.297, 12.104, 10.243, 9.513, 8.765, 8.913, 8.836, 7.733, 6.474, 6.046, 5.977, 5.26, 4.052, 3.017, 2.225, 1.583, 1.178, 1.284, 1.792, 2.176, 1.499, 0.0, 1.737, 2.613, 3.329, 3.908, 4.369, 4.416, 4.132, 4.011, 3.629, 3.397, 3.626, 3.893, 4.082, 4.524, 4.586, 4.394, 4.086, 4.023, 5.146, 6.885, 7.854, 7.694, 7.864, 9.378, 11.684, 12.404, 10.515, 9.843, 11.037, 10.931, 9.789, 8.723, 7.864, 5.084, 2.132, 2.658, 3.719, 4.264, 3.41, 2.319, 2.886, 4.674, 6.528, 7.603, 7.79, 7.567, 7.346, 7.915, 8.65, 9.093, 9.402, 9.756, 9.806, 10.201, 9.947, 9.097, 8.192, 7.817, 7.706, 7.492, 7.247, 6.416, 5.998, 5.71, 5.107, 4.9, 5.024, 4.419, 3.634, 4.46, 5.095, 4.646, 3.907, 3.681, 4.955, 5.373, 4.151, 4.036, 5.2, 5.648, 6.914, 7.278, 7.263, 6.691, 6.008, 5.419, 6.248, 8.617, 10.515, 11.176, 11.403, 11.626, 11.852, 12.035, 12.452, 12.454, 12.074, 11.86, 11.709, 12.264, 12.839, 13.295, 13.493, 13.879, 14.336, 14.316, 13.876, 12.535, 11.578, 10.5, 10.257, 9.566, 7.736, 6.431, 4.651, 3.813, 4.533, 6.259, 7.435, 7.588, 7.343, 6.526, 5.538, 5.376, 4.6, 4.285, 4.532, 4.222], [5.473, 5.909, 7.394, 9.055, 10.004, 11.102, 13.226, 14.05, 13.151, 10.936, 9.097, 8.367, 7.619, 7.767, 7.69, 6.592, 5.339, 4.954, 4.835, 4.114, 2.974, 2.464, 1.508, 1.449, 1.598, 2.101, 2.514, 3.121, 2.606, 1.737, 0.0, 1.153, 1.997, 2.672, 3.172, 3.172, 2.943, 2.877, 2.549, 2.429, 3.041, 3.615, 3.386, 3.738, 3.832, 3.66, 3.176, 3.389, 4.139, 5.824, 6.653, 6.498, 6.718, 8.216, 10.504, 11.205, 9.27, 8.68, 9.818, 9.785, 8.643, 7.577, 6.71, 3.958, 2.204, 3.647, 4.774, 5.377, 4.147, 2.794, 2.516, 3.915, 5.625, 6.834, 7.283, 7.17, 6.939, 7.98, 9.385, 9.969, 10.372, 10.714, 10.798, 11.141, 10.928, 9.962, 8.779, 8.483, 8.481, 8.285, 7.912, 6.636, 5.988, 5.512, 4.754, 4.243, 4.214, 3.535, 2.422, 3.289, 3.927, 3.437, 2.807, 2.933, 4.199, 4.482, 3.51, 3.31, 3.936, 4.481, 5.682, 6.065, 6.077, 5.483, 4.748, 4.586, 6.092, 8.638, 10.582, 11.3, 11.68, 12.076, 12.391, 12.567, 12.845, 12.764, 12.295, 12.177, 11.981, 12.212, 12.71, 13.087, 13.179, 13.662, 14.183, 14.301, 13.944, 12.231, 11.565, 10.702, 10.728, 9.957, 8.515, 7.098, 5.481, 4.532, 5.111, 6.79, 7.874, 8.234, 7.916, 7.045, 6.39, 6.265, 5.598, 5.265, 5.445, 4.845], [4.545, 4.968, 6.454, 8.075, 9.029, 10.131, 12.246, 13.07, 12.183, 9.956, 8.117, 7.387, 6.653, 6.795, 6.714, 5.679, 4.452, 4.143, 3.912, 3.281, 2.997, 2.829, 1.956, 1.925, 2.26, 2.936, 3.471, 4.055, 3.461, 2.613, 1.153, 0.0, 1.39, 2.254, 2.921, 3.059, 3.244, 3.108, 2.709, 2.902, 3.76, 4.3, 3.85, 3.904, 3.678, 3.394, 3.103, 3.252, 3.646, 5.08, 5.673, 5.521, 5.738, 7.236, 9.524, 10.225, 8.29, 7.7, 8.838, 8.805, 7.664, 6.598, 5.778, 3.211, 2.745, 4.522, 5.748, 6.343, 5.072, 3.616, 3.298, 4.437, 6.076, 7.287, 7.875, 7.791, 7.655, 8.825, 10.319, 10.916, 11.314, 11.628, 11.718, 12.042, 11.829, 10.859, 9.625, 9.328, 9.323, 9.173, 8.781, 7.44, 6.663, 6.171, 5.421, 4.86, 4.751, 3.982, 2.593, 2.543, 3.327, 3.099, 2.363, 2.724, 3.916, 4.123, 3.447, 3.775, 4.011, 4.335, 5.388, 5.743, 5.849, 5.312, 4.822, 5.033, 6.765, 9.265, 11.249, 12.002, 12.464, 12.885, 13.225, 13.38, 13.625, 13.518, 13.014, 12.981, 12.79, 12.857, 13.357, 13.734, 13.782, 14.302, 14.803, 14.965, 14.574, 12.864, 12.193, 11.459, 11.536, 10.759, 9.463, 7.98, 6.415, 5.473, 5.948, 7.601, 8.714, 9.085, 8.732, 7.866, 7.371, 7.255, 6.578, 6.245, 6.414, 5.768], [3.695, 4.092, 5.577, 7.207, 8.156, 9.255, 11.378, 12.202, 11.307, 9.089, 7.288, 6.519, 5.777, 5.921, 5.842, 4.785, 3.557, 3.196, 3.035, 2.458, 2.317, 2.392, 2.008, 2.609, 3.067, 3.716, 4.293, 4.902, 4.288, 3.329, 1.997, 1.39, 0.0, 1.49, 2.286, 2.562, 2.74, 2.605, 2.365, 3.176, 4.439, 4.702, 3.902, 3.125, 2.907, 2.675, 2.531, 2.666, 2.78, 4.163, 4.807, 4.651, 4.89, 6.368, 8.656, 9.357, 7.422, 6.96, 7.97, 7.954, 6.973, 5.996, 4.961, 2.65, 3.309, 5.286, 6.633, 7.239, 5.89, 4.318, 3.786, 4.594, 5.849, 7.025, 7.787, 7.771, 8.079, 9.415, 11.079, 11.73, 12.117, 12.383, 12.561, 12.684, 12.427, 11.506, 10.09, 9.541, 9.589, 9.583, 9.248, 7.658, 6.271, 5.744, 5.005, 4.425, 4.261, 3.47, 1.966, 1.673, 2.5, 2.214, 1.796, 2.264, 3.223, 3.183, 2.729, 3.242, 3.344, 3.603, 4.833, 5.176, 5.177, 4.666, 4.153, 4.657, 6.438, 9.051, 11.103, 11.875, 12.335, 12.898, 13.627, 13.653, 13.735, 13.387, 12.773, 12.802, 12.712, 12.542, 12.932, 13.29, 13.306, 13.875, 14.339, 14.603, 14.111, 12.449, 11.765, 11.6, 11.704, 11.113, 10.238, 8.721, 7.202, 6.259, 6.673, 8.054, 9.178, 9.862, 9.27, 8.203, 8.2, 8.041, 7.446, 7.117, 7.253, 6.579], [3.565, 4.063, 5.28, 6.8, 7.589, 9.007, 11.021, 11.726, 10.822, 8.926, 7.092, 6.093, 5.235, 5.633, 5.476, 4.234, 3.292, 3.169, 2.779, 2.326, 2.051, 2.427, 2.617, 3.202, 3.62, 4.235, 4.66, 5.212, 4.698, 3.908, 2.672, 2.254, 1.49, 0.0, 1.623, 2.066, 2.256, 2.12, 2.443, 3.719, 4.9, 5.08, 3.949, 2.929, 2.693, 2.694, 2.82, 2.987, 2.692, 3.923, 4.632, 4.449, 4.614, 6.01, 8.202, 9.022, 7.23, 7.106, 7.669, 7.815, 6.982, 6.028, 5.027, 2.696, 4.07, 5.659, 7.039, 7.646, 6.3, 4.766, 4.187, 4.909, 5.887, 7.096, 7.653, 7.684, 8.443, 9.795, 11.333, 12.117, 12.484, 12.731, 12.923, 12.76, 12.475, 11.734, 10.275, 9.447, 9.449, 9.595, 9.173, 7.603, 5.918, 5.127, 4.535, 3.953, 3.559, 2.895, 1.986, 1.099, 1.748, 2.087, 1.751, 2.451, 3.186, 2.711, 2.261, 2.603, 2.49, 2.743, 3.847, 4.335, 4.165, 3.638, 3.288, 4.455, 6.416, 8.835, 10.828, 11.711, 12.295, 12.769, 13.502, 13.595, 13.603, 13.282, 12.626, 12.661, 12.51, 12.347, 12.532, 12.707, 12.621, 13.221, 13.653, 14.083, 13.452, 11.883, 11.236, 11.583, 11.746, 11.188, 10.442, 8.829, 7.491, 6.616, 7.155, 8.422, 9.682, 10.293, 9.677, 8.64, 8.541, 8.579, 8.015, 7.681, 7.791, 7.071], [4.207, 4.562, 5.691, 7.063, 7.901, 9.325, 11.487, 11.999, 11.088, 9.217, 7.897, 6.438, 5.557, 5.778, 5.839, 5.052, 3.84, 3.736, 3.494, 2.631, 2.402, 2.737, 3.108, 4.047, 4.404, 4.734, 4.651, 5.201, 4.965, 4.369, 3.172, 2.921, 2.286, 1.623, 0.0, 1.376, 1.888, 1.893, 2.497, 3.582, 4.667, 4.854, 3.861, 3.134, 3.422, 3.432, 3.843, 3.944, 3.314, 4.183, 4.929, 4.768, 5.155, 6.297, 8.528, 9.361, 7.552, 7.51, 8.26, 8.216, 7.536, 6.882, 5.717, 3.71, 4.687, 5.771, 6.732, 7.319, 6.013, 4.561, 3.966, 4.695, 5.48, 6.383, 7.177, 7.369, 8.157, 9.509, 11.001, 11.785, 12.151, 12.44, 12.636, 12.446, 12.145, 11.397, 9.939, 9.247, 9.281, 9.339, 8.985, 7.399, 5.571, 4.68, 4.108, 3.412, 2.82, 2.641, 2.533, 1.83, 1.886, 2.204, 2.53, 3.229, 3.758, 3.12, 2.499, 2.242, 1.877, 1.853, 2.932, 3.367, 3.168, 2.623, 2.604, 3.906, 6.136, 8.459, 10.503, 11.458, 11.938, 12.486, 13.273, 13.341, 13.377, 12.999, 12.422, 12.