[[0.0, 1.933, 2.492, 3.336, 3.823, 4.413, 5.72, 7.119, 7.628, 7.877, 8.129, 8.085, 7.342, 5.745, 5.323, 4.829, 4.786, 5.365, 6.671, 7.166, 6.911, 7.044, 7.422, 7.242, 7.347, 7.633, 8.041, 8.227, 8.262, 8.297, 8.081, 8.104, 7.487, 6.951, 6.077, 5.644, 8.006, 10.562, 12.84, 14.065, 13.041, 10.973, 8.727, 8.298, 8.372, 8.678, 8.91, 9.361, 9.345, 8.46, 8.064, 7.994, 8.17, 8.082, 7.781, 7.257, 7.058, 6.658, 6.311, 6.325, 6.314, 6.017, 5.371, 5.259, 4.663, 4.645, 4.797, 5.405, 6.19, 6.742, 7.209, 7.142, 6.851, 7.395, 9.974, 11.909, 12.321, 11.21, 10.243, 9.824, 10.471, 10.172, 9.429, 9.089, 8.223, 7.84, 8.312, 8.24, 7.979, 6.809, 5.741, 4.997, 3.629, 4.04, 3.461, 3.427, 3.571, 4.113, 4.006, 3.908, 4.247, 4.636, 4.776, 4.95, 5.25, 5.52, 5.188, 4.993, 5.75, 7.015, 8.112, 8.743, 9.122, 9.346, 9.916, 10.523, 10.592, 10.358, 10.011, 9.531, 9.115, 8.765, 7.95, 7.407, 5.748, 4.018, 3.607, 3.597, 3.495, 3.965, 4.225, 4.715, 5.83, 7.262, 8.527, 9.177, 9.501, 10.156, 10.57, 10.263, 9.582, 7.208, 3.709, 3.881, 4.884, 5.607, 4.746, 5.309, 5.904, 6.35, 6.242, 6.471, 7.221, 6.74, 4.238, 3.047, 2.973, 2.553], [1.933, 0.0, 1.844, 2.855, 3.473, 3.369, 4.158, 5.533, 6.101, 6.338, 6.581, 6.556, 5.78, 4.368, 4.046, 3.6, 3.512, 4.225, 5.182, 5.637, 5.6, 5.725, 6.023, 5.82, 5.856, 6.185, 6.569, 6.753, 6.847, 6.908, 6.731, 6.889, 6.351, 5.932, 5.177, 5.342, 9.027, 12.198, 14.491, 15.638, 14.191, 11.808, 8.723, 8.208, 8.394, 8.74, 8.977, 9.455, 9.575, 8.774, 8.168, 7.8, 8.292, 8.116, 7.749, 7.255, 7.088, 6.975, 6.779, 6.912, 6.449, 6.18, 6.077, 6.095, 5.249, 5.24, 5.778, 5.877, 6.131, 6.823, 7.557, 7.584, 7.64, 8.493, 11.297, 13.496, 13.897, 12.831, 11.59, 11.182, 11.997, 11.785, 10.811, 10.139, 8.621, 7.68, 7.974, 8.056, 8.009, 7.104, 6.947, 5.97, 3.8, 3.111, 2.945, 3.83, 4.013, 3.911, 3.892, 3.851, 3.805, 4.056, 4.082, 4.321, 4.763, 5.051, 4.817, 4.667, 4.817, 5.86, 6.875, 7.352, 7.729, 7.825, 8.352, 8.974, 8.932, 8.803, 8.609, 8.229, 7.57, 7.194, 6.409, 5.804, 4.525, 2.765, 2.388, 2.323, 2.28, 2.953, 2.996, 3.538, 4.679, 5.958, 7.258, 7.818, 8.197, 8.874, 9.251, 9.11, 8.372, 5.978, 2.748, 4.078, 4.625, 4.649, 4.201, 5.343, 6.339, 6.593, 6.676, 7.833, 8.616, 8.085, 5.099, 3.105, 2.493, 2.748], [2.492, 1.844, 0.0, 1.823, 2.327, 2.177, 3.425, 4.778, 5.325, 5.605, 5.79, 5.79, 5.156, 4.08, 4.075, 3.626, 3.452, 4.288, 5.16, 5.697, 5.748, 5.842, 6.07, 5.961, 5.866, 6.086, 6.32, 6.411, 6.732, 6.851, 6.855, 7.033, 6.496, 6.065, 5.296, 6.095, 10.116, 12.903, 15.182, 16.347, 15.183, 13.111, 10.286, 9.601, 9.836, 10.031, 10.332, 10.95, 10.805, 10.052, 9.095, 8.676, 9.344, 9.051, 8.839, 8.515, 8.401, 8.134, 8.012, 7.62, 7.383, 6.82, 6.539, 6.457, 5.914, 6.326, 6.733, 7.095, 7.321, 8.07, 8.726, 8.603, 8.589, 9.249, 12.171, 14.202, 14.603, 13.523, 12.399, 12.015, 12.769, 12.489, 11.571, 10.834, 9.673, 8.781, 8.874, 8.899, 9.152, 8.185, 7.611, 6.747, 4.558, 3.207, 3.271, 4.005, 4.066, 3.555, 3.454, 3.527, 3.759, 4.108, 4.36, 4.765, 5.084, 5.374, 4.893, 4.38, 4.324, 5.415, 6.329, 7.095, 7.411, 7.298, 7.764, 8.321, 8.287, 8.05, 7.772, 7.328, 6.856, 6.529, 5.659, 5.133, 3.651, 1.927, 1.739, 2.127, 1.703, 1.944, 2.27, 2.699, 3.692, 5.036, 6.29, 6.909, 7.206, 7.905, 8.323, 7.998, 7.303, 4.963, 2.439, 3.599, 4.304, 4.73, 4.275, 5.546, 6.599, 7.069, 7.483, 8.596, 9.306, 8.786, 5.535, 3.151, 2.291, 2.439], [3.336, 2.855, 1.823, 0.0, 1.401, 2.117, 3.398, 4.773, 5.267, 5.576, 5.762, 5.807, 5.335, 4.953, 5.164, 4.969, 4.853, 5.497, 6.064, 6.647, 6.793, 7.014, 7.162, 7.079, 6.774, 6.592, 6.789, 6.896, 7.228, 7.603, 7.643, 8.033, 7.587, 7.194, 6.589, 7.462, 10.931, 13.242, 15.406, 16.957, 16.243, 14.224, 11.455, 10.817, 11.056, 11.268, 11.595, 12.1, 11.913, 11.021, 10.151, 9.975, 10.527, 10.144, 9.932, 9.537, 9.439, 9.047, 8.953, 8.477, 8.422, 7.904, 7.354, 7.117, 6.704, 7.354, 7.55, 8.08, 8.439, 9.23, 9.738, 9.407, 9.212, 10.096, 12.63, 14.8, 15.297, 14.162, 13.361, 12.836, 12.899, 13.076, 12.164, 11.287, 10.495, 10.012, 10.273, 10.317, 10.37, 9.346, 8.185, 7.193, 5.56, 4.335, 4.218, 4.219, 4.279, 4.102, 4.023, 4.229, 5.086, 5.479, 5.811, 6.177, 6.439, 6.707, 6.288, 5.467, 4.809, 5.864, 6.66, 7.549, 7.817, 7.773, 8.152, 8.64, 8.396, 8.119, 7.721, 7.315, 7.086, 6.771, 5.814, 5.385, 3.811, 2.519, 2.305, 2.702, 2.134, 1.529, 2.281, 2.62, 3.547, 4.896, 6.077, 6.777, 7.059, 7.715, 8.099, 7.606, 6.822, 4.584, 3.084, 4.384, 5.329, 5.698, 5.595, 6.416, 7.702, 8.077, 8.456, 9.452, 9.825, 9.388, 6.29, 3.884, 3.004, 3.292], [3.823, 3.473, 2.327, 1.401, 0.0, 1.667, 3.002, 4.115, 4.745, 4.77, 5.002, 5.193, 5.206, 5.068, 5.322, 5.174, 5.076, 5.61, 6.082, 6.67, 6.877, 7.115, 7.123, 7.046, 6.793, 6.651, 6.793, 6.84, 7.251, 7.535, 7.607, 7.99, 7.602, 7.269, 6.825, 8.142, 11.431, 13.819, 15.999, 17.433, 16.693, 14.663, 12.019, 11.405, 11.629, 11.881, 12.182, 12.659, 12.515, 11.577, 10.725, 10.639, 11.1, 10.801, 10.549, 10.098, 9.965, 9.605, 9.457, 9.09, 8.925, 8.472, 7.908, 7.625, 7.27, 7.876, 8.054, 8.57, 9.022, 9.774, 10.28, 9.93, 9.753, 10.579, 13.155, 15.256, 15.759, 14.598, 13.832, 13.272, 13.55, 13.565, 12.703, 11.892, 11.1, 10.69, 10.942, 10.94, 10.983, 9.866, 8.688, 7.742, 6.059, 4.57, 4.461, 4.851, 4.946, 4.561, 4.437, 4.656, 5.499, 5.969, 6.389, 6.854, 7.106, 7.294, 6.733, 5.594, 4.831, 5.885, 6.561, 7.526, 7.777, 7.69, 7.978, 8.34, 8.079, 7.738, 7.214, 6.896, 6.748, 6.455, 5.512, 5.014, 3.638, 2.459, 2.658, 2.975, 2.104, 1.456, 1.949, 2.215, 3.102, 4.357, 5.283, 6.02, 6.296, 6.942, 7.317, 6.836, 6.113, 3.951, 3.168, 4.628, 5.665, 5.706, 5.86, 7.0, 8.399, 8.71, 8.926, 9.877, 10.279, 9.815, 6.74, 4.115, 3.123, 3.501], [4.413, 3.369, 2.177, 2.117, 1.667, 0.0, 1.92, 3.313, 3.805, 3.826, 4.01, 4.329, 4.724, 4.893, 5.022, 4.854, 4.718, 5.36, 5.785, 6.355, 6.599, 6.869, 6.98, 6.894, 6.593, 6.341, 6.365, 6.329, 6.817, 7.299, 7.249, 7.689, 7.293, 7.033, 6.377, 7.911, 11.993, 14.87, 17.104, 18.137, 16.856, 14.704, 11.83, 11.172, 11.475, 11.641, 11.924, 12.487, 12.601, 11.86, 10.847, 10.506, 11.094, 10.872, 10.644, 10.313, 10.143, 9.905, 9.787, 9.495, 9.163, 8.541, 8.361, 8.328, 7.818, 8.148, 8.529, 8.825, 9.076, 9.748, 10.441, 10.376, 10.401, 11.227, 14.012, 16.166, 16.562, 15.418, 14.281, 13.731, 14.534, 14.409, 13.508, 12.756, 11.452, 10.542, 10.503, 10.676, 10.827, 9.834, 9.424, 8.508, 6.281, 4.403, 4.595, 5.79, 5.847, 4.983, 5.007, 5.064, 5.307, 5.653, 5.871, 6.297, 6.639, 6.947, 6.511, 5.691, 4.999, 5.764, 6.25, 7.128, 7.279, 7.028, 7.31, 7.593, 7.311, 6.962, 6.551, 6.402, 5.934, 5.7, 4.812, 4.384, 3.429, 2.361, 2.76, 2.778, 2.12, 1.779, 1.992, 1.709, 2.599, 3.868, 4.67, 5.202, 5.515, 6.253, 6.664, 6.319, 5.616, 3.577, 3.24, 5.051, 5.737, 5.643, 5.772, 7.345, 8.545, 8.874, 9.212, 10.47, 11.19, 10.644, 7.421, 4.684, 3.58, 4.14], [5.72, 4.158, 3.425, 3.398, 3.002, 1.92, 0.0, 1.789, 2.437, 2.627, 2.854, 3.129, 3.568, 3.649, 3.904, 3.932, 3.512, 4.09, 4.588, 5.117, 5.348, 5.516, 5.62, 5.545, 5.272, 5.036, 5.166, 5.268, 5.627, 6.018, 5.93, 6.407, 6.002, 5.752, 5.379, 7.763, 12.958, 16.269, 18.502, 19.52, 18.061, 15.463, 12.031, 11.368, 11.605, 11.884, 12.385, 12.897, 13.142, 12.515, 11.732, 11.078, 11.537, 11.777, 11.47, 11.059, 10.806, 10.68, 10.607, 10.65, 10.261, 9.737, 9.678, 9.71, 9.104, 9.165, 9.73, 9.701, 9.602, 10.062, 11.172, 11.472, 11.643, 12.538, 15.37, 17.565, 17.959, 16.812, 15.584, 15.064, 15.93, 15.795, 14.834, 14.118, 12.401, 10.847, 10.238, 10.701, 10.935, 10.806, 10.823, 9.837, 7.377, 4.922, 5.358, 7.071, 7.187, 6.025, 6.128, 6.159, 5.66, 5.124, 5.342, 5.9, 6.038, 6.214, 5.692, 5.281, 4.499, 4.996, 5.449, 5.986, 6.232, 6.034, 6.32, 6.587, 6.257, 5.836, 5.441, 5.308, 4.966, 4.772, 3.938, 3.353, 2.635, 2.585, 3.03, 2.831, 2.728, 2.685, 2.443, 2.317, 2.877, 3.249, 3.719, 4.063, 4.491, 5.165, 5.522, 5.545, 4.647, 2.818, 3.164, 6.12, 6.066, 5.17, 6.127, 8.295, 9.743, 10.163, 10.392, 11.799, 12.588, 12.061, 8.787, 5.973, 4.796, 5.451], [7.119, 5.533, 4.778, 4.773, 4.115, 3.313, 1.789, 0.0, 1.179, 1.546, 1.819, 2.107, 2.688, 3.316, 4.084, 4.229, 4.008, 4.119, 4.153, 4.553, 4.627, 4.791, 4.705, 4.644, 4.64, 4.276, 4.344, 4.376, 4.825, 5.083, 5.159, 5.493, 5.368, 5.322, 5.577, 8.579, 14.324, 17.659, 19.879, 20.909, 19.446, 16.79, 13.313, 12.279, 12.477, 13.191, 13.7, 14.019, 14.473, 13.844, 13.105, 12.437, 12.801, 13.148, 12.849, 12.432, 12.179, 12.052, 11.973, 12.029, 11.635, 11.104, 11.064, 11.081, 10.492, 10.553, 11.105, 11.054, 10.934, 11.357, 12.514, 12.844, 13.024, 13.928, 16.758, 18.954, 19.347, 18.185, 16.943, 16.453, 17.296, 17.174, 16.216, 15.502, 13.776, 11.992, 11.334, 11.857, 12.207, 12.158, 12.182, 11.201, 8.749, 6.214, 6.737, 8.44, 8.555, 7.384, 7.468, 7.523, 6.994, 6.243, 6.271, 6.72, 6.638, 6.692, 6.639, 6.211, 4.513, 4.721, 4.895, 5.312, 5.279, 4.823, 5.06, 5.338, 4.963, 4.672, 4.101, 4.141, 3.791, 3.612, 2.977, 2.447, 2.341, 3.735, 4.257, 4.043, 4.068, 3.915, 3.636, 3.069, 3.162, 3.205, 3.223, 3.562, 4.0, 4.433, 4.899, 5.159, 4.399, 2.578, 4.308, 7.477, 7.446, 6.148, 7.472, 9.655, 11.085, 11.516, 11.767, 13.171, 13.961, 13.413, 10.166, 7.362, 6.163, 6.817], [7.628, 6.101, 5.325, 5.267, 4.745, 3.805, 2.437, 1.179, 0.0, 0.881, 1.241, 1.397, 2.047, 3.111, 3.995, 4.603, 4.553, 4.498, 4.122, 4.266, 4.48, 4.539, 4.371, 4.291, 4.122, 3.756, 3.561, 3.549, 4.061, 4.621, 4.705, 5.129, 4.982, 4.894, 5.421, 9.091, 14.837, 18.171, 20.405, 21.445, 19.981, 17.373, 13.887, 12.818, 13.05, 13.712, 14.261, 14.59, 15.003, 14.374, 13.635, 12.965, 13.331, 13.682, 13.372, 12.953, 12.709, 12.582, 12.503, 12.552, 12.163, 11.634, 11.606, 11.611, 11.01, 11.067, 11.635, 11.584, 11.464, 11.887, 13.044, 13.374, 13.546, 14.436, 17.273, 19.468, 19.862, 18.714, 17.473, 16.991, 17.826, 17.697, 16.737, 16.02, 14.306, 12.548, 11.857, 12.387, 12.749, 12.688, 12.719, 11.724, 9.279, 6.744, 7.267, 8.97, 9.085, 7.914, 7.998, 8.053, 7.524, 6.782, 6.822, 7.281, 7.014, 6.817, 7.111, 6.735, 4.781, 4.23, 4.269, 4.497, 4.446, 4.156, 4.439, 4.617, 4.223, 3.835, 3.34, 3.233, 3.002, 2.823, 2.197, 1.817, 2.468, 4.256, 4.774, 4.557, 4.603, 4.45, 4.072, 3.291, 3.226, 3.12, 3.115, 3.651, 3.927, 4.227, 4.733, 5.105, 4.342, 2.48, 4.817, 7.986, 7.955, 6.657, 7.986, 10.179, 11.638, 12.059, 12.289, 13.701, 14.491, 13.943, 10.691, 7.864, 6.703, 7.326], [7.877, 6.338, 5.605, 5.576, 4.77, 3.826, 2.627, 1.546, 0.881, 0.0, 0.895, 1.327, 2.212, 3.253, 4.204, 4.86, 4.832, 4.731, 4.234, 4.366, 4.819, 4.793, 4.561, 4.508, 4.249, 3.877, 3.719, 3.6, 4.251, 4.76, 4.815, 5.308, 5.141, 5.087, 5.745, 9.356, 15.075, 18.409, 20.643, 21.701, 20.237, 17.608, 14.13, 13.165, 13.377, 13.964, 14.521, 14.844, 15.248, 14.629, 13.88, 13.212, 13.57, 13.941, 13.61, 13.191, 12.954, 12.827, 12.747, 12.792, 12.401, 11.884, 11.862, 11.856, 11.253, 11.305, 11.894, 11.829, 11.721, 12.132, 13.289, 13.612, 13.783, 14.678, 17.51, 19.705, 20.099, 18.952, 17.72, 17.247, 18.07, 17.935, 16.979, 16.258, 14.551, 12.808, 12.098, 12.632, 13.004, 12.933, 12.978, 11.968, 9.518, 6.989, 7.514, 9.215, 9.327, 8.159, 8.245, 8.298, 7.769, 7.041, 7.077, 7.537, 7.292, 7.048, 7.37, 6.98, 4.942, 4.231, 4.092, 4.525, 4.56, 4.133, 4.269, 4.526, 4.119, 3.654, 3.164, 3.109, 2.889, 2.765, 2.11, 1.645, 2.591, 4.421, 5.078, 4.871, 4.904, 4.734, 4.212, 3.431, 3.141, 2.939, 2.831, 3.431, 3.603, 3.877, 4.35, 4.783, 4.016, 2.415, 5.056, 8.223, 8.192, 6.894, 8.231, 10.426, 11.898, 12.318, 12.531, 13.94, 14.736, 14.188, 10.936, 8.107, 6.95, 7.568], [8.129, 6.581, 5.79, 5.762, 5.002, 4.01, 2.854, 1.819, 1.241, 0.895, 0.0, 1.132, 2.287, 3.404, 4.548, 5.203, 5.164, 5.006, 4.458, 4.449, 5.025, 5.141, 4.802, 4.719, 4.409, 3.803, 3.629, 3.549, 4.145, 4.729, 4.68, 5.084, 5.041, 5.076, 6.08, 9.621, 15.339, 18.673, 20.907, 21.903, 20.431, 17.862, 14.416, 13.312, 13.676, 14.233, 14.748, 15.087, 15.503, 14.874, 14.135, 13.465, 13.832, 14.173, 13.875, 13.467, 13.209, 13.082, 13.003, 13.055, 12.669, 12.135, 12.047, 12.111, 11.509, 11.586, 12.134, 12.084, 11.964, 12.389, 13.545, 13.874, 14.048, 14.937, 17.775, 19.97, 20.364, 19.215, 17.973, 17.431, 18.326, 18.2, 17.24, 16.523, 14.806, 13.022, 12.411, 12.887, 13.188, 13.193, 13.209, 12.223, 9.779, 7.253, 7.774, 9.471, 9.585, 8.415, 8.499, 8.553, 8.024, 7.273, 7.292, 7.693, 7.458, 7.307, 7.606, 7.235, 5.136, 4.212, 4.053, 4.461, 4.465, 4.006, 4.185, 4.352, 4.006, 3.483, 3.045, 2.986, 2.676, 2.658, 1.911, 1.87, 2.862, 4.642, 5.278, 5.068, 5.091, 4.94, 4.49, 3.723, 3.357, 3.139, 2.878, 3.453, 3.628, 3.821, 4.298, 4.786, 3.992, 2.543, 5.32, 8.489, 8.458, 7.181, 8.486, 10.681, 12.114, 12.543, 12.783, 14.202, 14.992, 14.443, 11.192, 8.354, 7.157, 7.829], [8.085, 6.556, 5.79, 5.807, 5.193, 4.329, 3.129, 2.107, 1.397, 1.327, 1.132, 0.0, 1.55, 3.042, 4.378, 5.12, 5.094, 4.963, 4.433, 4.137, 4.473, 4.662, 4.286, 4.134, 3.762, 3.264, 2.987, 2.95, 3.336, 3.869, 3.956, 4.338, 4.467, 4.5, 5.767, 9.557, 15.302, 18.633, 20.87, 21.891, 20.434, 17.855, 14.381, 13.3, 13.574, 14.203, 14.749, 15.073, 15.471, 14.847, 14.1, 13.424, 13.81, 14.148, 13.838, 13.424, 13.175, 13.047, 12.969, 13.018, 12.629, 12.108, 12.051, 12.079, 11.472, 11.533, 12.102, 12.07, 11.949, 12.363, 13.519, 13.84, 14.011, 14.896, 17.735, 19.933, 20.327, 19.18, 17.956, 17.437, 18.298, 18.163, 17.203, 16.486, 14.769, 13.028, 12.354, 12.878, 13.194, 13.183, 13.192, 12.207, 9.745, 7.217, 7.725, 9.439, 9.555, 8.388, 8.473, 8.527, 8.013, 7.259, 7.282, 7.737, 7.47, 7.185, 7.591, 7.208, 5.104, 4.061, 3.957, 3.793, 3.736, 3.471, 3.59, 3.775, 3.369, 3.051, 2.531, 2.649, 2.138, 2.084, 1.297, 1.625, 2.85, 4.593, 5.246, 5.062, 5.084, 5.053, 4.486, 3.897, 3.63, 3.439, 3.467, 4.12, 4.302, 4.467, 4.964, 5.441, 4.628, 2.875, 5.29, 8.461, 8.428, 7.135, 8.455, 10.644, 12.116, 12.534, 12.76, 14.168, 14.959, 14.429, 11.159, 8.336, 7.175, 7.807], [7.342, 5.78, 5.156, 5.335, 5.206, 4.724, 3.568, 2.688, 2.047, 2.212, 2.287, 1.55, 0.0, 2.144, 3.417, 4.204, 4.179, 4.115, 3.587, 3.329, 3.597, 3.701, 3.369, 3.323, 2.858, 2.383, 2.275, 2.379, 2.365, 2.846, 3.076, 3.563, 3.484, 3.497, 4.942, 8.624, 14.32, 17.675, 19.888, 21.098, 19.669, 17.069, 13.585, 12.55, 12.731, 13.4, 13.939, 14.293, 14.546, 13.944, 13.168, 12.5, 12.845, 13.254, 12.881, 12.466, 12.245, 12.102, 12.015, 12.07, 11.669, 11.216, 11.248, 11.137, 10.542, 10.574, 11.199, 11.183, 11.072, 11.448, 12.609, 12.865, 13.029, 13.923, 16.756, 18.951, 19.351, 18.214, 17.046, 16.643, 17.367, 17.203, 16.255, 15.536, 13.827, 12.139, 11.515, 12.021, 12.397, 12.282, 12.351, 11.344, 8.775, 6.297, 6.81, 8.518, 8.616, 7.478, 7.581, 7.606, 7.133, 6.431, 6.508, 6.98, 6.692, 6.306, 6.695, 6.279, 4.324, 3.341, 3.496, 3.07, 3.048, 2.912, 3.211, 3.897, 3.685, 3.587, 3.291, 3.083, 2.372, 1.914, 1.411, 1.606, 2.325, 3.948, 4.559, 4.595, 4.85, 4.826, 4.661, 4.21, 4.043, 4.259, 4.571, 5.23, 5.351, 5.525, 6.014, 6.518, 5.706, 3.591, 4.393, 7.533, 7.493, 6.193, 7.5, 9.691, 11.245, 11.649, 11.873, 13.205, 14.03, 13.516, 10.234, 7.49, 6.391, 6.918], [5.745, 4.368, 4.08, 4.953, 5.068, 4.893, 3.649, 3.316, 3.111, 3.253, 3.404, 3.042, 2.144, 0.0, 1.749, 2.417, 2.344, 2.364, 2.184, 2.218, 2.303, 2.382, 2.449, 2.333, 2.155, 2.376, 2.62, 2.783, 2.835, 3.046, 3.077, 3.299, 2.748, 2.487, 3.25, 6.732, 12.341, 15.666, 17.961, 19.121, 17.72, 15.226, 11.756, 10.725, 10.916, 11.486, 12.04, 12.458, 12.568, 11.971, 11.219, 10.546, 10.992, 11.241, 10.913, 10.525, 10.339, 10.18, 10.101, 10.108, 9.79, 9.324, 9.263, 9.222, 8.52, 8.601, 9.241, 9.251, 9.129, 9.578, 10.705, 10.969, 11.08, 11.927, 14.766, 16.965, 17.368, 16.3, 15.085, 14.661, 15.467, 15.254, 14.28, 13.544, 11.89, 10.131, 9.687, 10.125, 10.427, 10.416, 10.38, 9.408, 6.906, 4.414, 4.84, 6.601, 6.712, 5.564, 5.66, 5.704, 5.227, 4.496, 4.629, 5.084, 4.814, 4.403, 4.718, 4.335, 2.959, 2.937, 3.431, 3.18, 3.499, 3.703, 4.409, 5.362, 5.504, 5.275, 4.969, 4.54, 3.945, 3.521, 2.898, 2.43, 2.28, 3.116, 3.869, 3.92, 4.329, 4.596, 4.32, 4.439, 4.662, 4.964, 5.393, 5.933, 6.288, 6.592, 7.06, 7.488, 6.745, 4.49, 2.984, 5.6, 5.578, 4.355, 5.63, 7.761, 9.193, 9.647, 9.993, 11.32, 12.099, 11.579, 8.326, 5.565, 4.443, 5.135], [5.323, 4.046, 4.075, 5.164, 5.322, 5.022, 3.904, 4.084, 3.995, 4.204, 4.548, 4.378, 3.417, 1.749, 0.0, 1.167, 1.872, 1.991, 2.067, 2.205, 2.051, 2.093, 2.457, 2.421, 2.506, 2.692, 3.199, 3.528, 3.414, 3.313, 3.209, 3.251, 2.727, 2.327, 1.914, 5.294, 10.996, 14.361, 16.564, 17.745, 16.31, 13.729, 10.235, 9.259, 9.432, 10.028, 10.579, 10.974, 11.175, 10.593, 9.806, 9.137, 9.502, 9.905, 9.55, 9.133, 8.89, 8.777, 8.674, 8.736, 8.336, 7.875, 7.897, 7.814, 7.219, 7.249, 7.858, 7.814, 7.719, 8.117, 9.29, 9.543, 9.705, 10.6, 13.432, 15.65, 16.026, 14.876, 13.693, 13.288, 14.041, 13.886, 12.934, 12.203, 10.511, 8.783, 8.154, 8.662, 9.046, 8.899, 9.004, 7.993, 5.45, 3.119, 3.488, 5.19, 5.313, 4.168, 4.279, 4.289, 3.764, 3.085, 3.152, 3.64, 3.34, 3.001, 3.368, 3.14, 2.894, 3.365, 4.051, 3.953, 4.318, 4.617, 5.504, 6.543, 6.803, 6.719, 6.437, 5.941, 5.363, 4.864, 4.289, 3.635, 3.086, 3.174, 3.746, 3.879, 4.309, 4.671, 4.387, 4.801, 5.229, 5.81, 6.363, 6.973, 7.395, 7.703, 8.209, 8.572, 7.815, 5.474, 2.584, 4.16, 4.115, 3.198, 4.158, 6.356, 7.89, 8.295, 8.556, 9.897, 10.663, 10.14, 6.87, 4.165, 3.457, 4.039], [4.829, 3.6, 3.626, 4.969, 5.174, 4.854, 3.932, 4.229, 4.603, 4.86, 5.203, 5.12, 4.204, 2.417, 1.167, 0.0, 1.42, 1.725, 2.228, 2.582, 2.501, 2.417, 2.758, 2.739, 2.9, 3.225, 3.747, 4.063, 4.012, 3.887, 3.654, 3.822, 3.267, 2.817, 2.072, 4.715, 10.311, 13.642, 15.887, 17.144, 15.68, 13.111, 9.661, 8.801, 8.996, 9.514, 10.036, 10.423, 10.53, 10.01, 9.164, 8.463, 8.887, 9.258, 8.838, 8.462, 8.295, 8.181, 8.035, 8.094, 7.727, 7.285, 7.305, 7.223, 6.565, 6.556, 7.26, 7.232, 7.164, 7.555, 8.703, 8.95, 9.007, 9.915, 12.74, 14.936, 15.356, 14.248, 13.074, 12.69, 13.451, 13.245, 12.28, 11.485, 9.908, 8.154, 7.563, 8.066, 8.491, 8.29, 8.414, 7.403, 4.837, 2.578, 2.906, 4.6, 4.718, 3.594, 3.685, 3.717, 3.151, 2.518, 2.52, 3.013, 2.855, 2.78, 2.901, 2.748, 2.762, 3.65, 4.483, 4.572, 4.983, 5.316, 6.19, 7.257, 7.489, 7.429, 7.235, 6.679, 6.063, 5.61, 5.028, 4.318, 3.36, 3.11, 3.366, 3.642, 4.016, 4.489, 4.296, 4.672, 5.111, 5.817, 6.52, 6.923, 7.382, 7.782, 8.274, 8.56, 7.819, 5.579, 2.5, 3.601, 3.61, 2.992, 3.605, 5.718, 7.208, 7.65, 7.965, 9.304, 10.022, 9.533, 6.281, 3.623, 2.969, 3.377], [4.786, 3.512, 3.452, 4.853, 5.076, 4.718, 3.512, 4.008, 4.553, 4.832, 5.164, 5.094, 4.179, 2.344, 1.872, 1.42, 0.0, 1.323, 2.298, 2.626, 2.513, 2.522, 2.811, 2.639, 2.748, 2.994, 3.559, 3.83, 4.014, 3.919, 3.739, 3.856, 3.282, 2.845, 2.565, 4.874, 10.323, 13.654, 15.917, 17.043, 15.586, 13.003, 9.524, 8.663, 8.825, 9.349, 9.869, 10.268, 10.493, 9.873, 9.171, 8.447, 8.874, 9.167, 8.868, 8.441, 8.246, 8.122, 8.043, 8.053, 7.692, 7.207, 7.202, 7.164, 6.486, 6.547, 7.154, 7.166, 7.036, 7.485, 8.645, 8.914, 9.037, 9.926, 12.752, 14.947, 15.341, 14.251, 12.999, 12.587, 13.411, 13.198, 12.223, 11.496, 9.831, 8.119, 7.586, 8.065, 8.346, 8.254, 8.316, 7.335, 4.822, 2.482, 2.858, 4.53, 4.669, 3.576, 3.647, 3.717, 3.149, 2.538, 2.693, 3.128, 3.188, 3.258, 2.903, 2.545, 2.372, 3.487, 4.21, 4.284, 4.698, 5.093, 6.084, 7.238, 7.503, 7.434, 7.17, 6.739, 6.086, 5.588, 5.021, 4.327, 3.276, 2.917, 3.376, 3.63, 3.99, 4.447, 4.188, 4.44, 4.783, 5.292, 6.226, 6.663, 7.165, 7.721, 8.165, 8.288, 7.455, 5.242, 2.336, 3.571, 3.603, 2.864, 3.616, 5.682, 7.087, 7.549, 7.9, 9.244, 10.036, 9.497, 6.211, 3.571, 3.006, 3.342], [5.365, 4.225, 4.288, 5.497, 5.61, 5.36, 4.09, 4.119, 4.498, 4.731, 5.006, 4.963, 4.115, 2.364, 1.991, 1.725, 1.323, 0.0, 1.591, 1.95, 1.92, 2.01, 2.31, 2.107, 2.211, 2.475, 3.227, 3.567, 3.61, 3.425, 3.155, 3.04, 2.586, 2.334, 2.405, 4.968, 10.407, 13.742, 15.975, 17.099, 15.643, 13.081, 9.627, 8.88, 9.006, 9.386, 9.908, 10.411, 10.583, 9.959, 9.219, 8.546, 9.007, 9.257, 8.943, 8.542, 8.303, 8.178, 8.092, 8.137, 7.748, 7.264, 7.255, 7.22, 6.602, 6.654, 7.214, 7.222, 7.09, 7.573, 8.701, 8.969, 9.116, 10.011, 12.843, 15.038, 15.45, 14.3, 13.055, 12.643, 13.466, 13.284, 12.326, 11.591, 9.887, 8.127, 7.571, 8.082, 8.444, 8.339, 8.372, 7.391, 4.878, 2.439, 2.943, 4.587, 4.731, 3.573, 3.7, 3.704, 3.143, 2.494, 2.62, 3.189, 3.208, 3.208, 2.809, 2.37, 1.629, 2.837, 3.65, 3.78, 4.215, 4.703, 5.955, 7.114, 7.384, 7.229, 6.995, 6.549, 5.889, 5.433, 4.807, 4.146, 3.242, 3.528, 4.014, 4.32, 4.669, 5.086, 4.836, 4.982, 5.138, 5.407, 5.939, 6.683, 7.023, 7.55, 7.941, 8.08, 7.365, 5.044, 2.772, 3.575, 3.544, 2.557, 3.589, 5.76, 7.195, 7.625, 7.957, 9.3, 10.076, 9.554, 6.272, 3.594, 3.306, 3.626], [6.671, 5.182, 5.16, 6.064, 6.082, 5.785, 4.588, 4.153, 4.122, 4.234, 4.458, 4.433, 3.587, 2.184, 2.067, 2.228, 2.298, 1.591, 0.0, 0.9, 1.709, 1.87, 1.756, 1.671, 1.444, 1.756, 2.533, 3.028, 3.05, 2.813, 2.599, 2.569, 2.382, 2.282, 2.707, 5.432, 11.018, 14.353, 16.586, 17.714, 16.251, 13.703, 10.179, 9.322, 9.531, 10.05, 10.528, 10.975, 11.19, 10.627, 9.848, 9.153, 9.543, 9.865, 9.567, 9.185, 8.918, 8.793, 8.709, 8.746, 8.363, 7.878, 7.869, 7.835, 7.21, 7.273, 7.825, 7.84, 7.717, 8.184, 9.316, 9.585, 9.727, 10.621, 13.454, 15.649, 16.06, 14.918, 13.67, 13.258, 14.083, 13.892, 12.933, 12.201, 10.502, 8.709, 8.191, 8.648, 9.047, 8.925, 8.987, 8.006, 5.494, 3.137, 3.909, 5.393, 5.445, 4.254, 4.372, 4.379, 3.852, 3.148, 3.129, 3.531, 3.454, 3.254, 3.323, 3.003, 1.775, 2.282, 2.845, 2.793, 3.237, 4.129, 5.377, 6.501, 6.784, 6.68, 6.491, 6.041, 5.284, 4.841, 4.26, 3.769, 3.291, 4.125, 5.009, 5.078, 5.435, 5.668, 5.43, 5.413, 5.549, 5.867, 6.277, 6.88, 7.138, 7.426, 7.904, 8.308, 7.547, 5.219, 3.563, 4.406, 4.194, 2.91, 4.203, 6.372, 7.803, 8.233, 8.572, 9.915, 10.699, 10.168, 6.879, 4.629, 4.218, 4.837], [7.166, 5.637, 5.697, 6.647, 6.67, 6.355, 5.117, 4.553, 4.266, 4.366, 4.449, 4.137, 3.329, 2.218, 2.205, 2.582, 2.626, 1.95, 0.9, 0.0, 1.303, 1.458, 1.345, 1.285, 1.035, 1.448, 2.259, 2.728, 2.711, 2.409, 2.159, 2.073, 1.949, 1.861, 2.549, 5.669, 11.388, 14.719, 16.938, 18.062, 16.599, 13.989, 10.492, 9.56, 9.793, 10.379, 10.86, 11.232, 11.532, 10.933, 10.19, 9.496, 9.893, 10.207, 9.908, 9.5, 9.267, 9.145, 9.062, 9.088, 8.711, 8.226, 8.217, 8.183, 7.551, 7.612, 8.173, 8.196, 8.06, 8.509, 9.664, 9.933, 10.083, 10.992, 13.817, 16.013, 16.406, 15.27, 14.018, 13.606, 14.43, 14.233, 13.275, 12.561, 10.85, 9.051, 8.508, 8.996, 9.36, 9.273, 9.335, 8.354, 5.841, 3.447, 4.304, 5.821, 5.841, 4.636, 4.769, 4.766, 4.215, 3.517, 3.494, 3.877, 3.72, 3.37, 3.657, 3.408, 2.166, 2.491, 2.892, 2.46, 2.882, 3.777, 5.083, 6.181, 6.469, 6.379, 6.229, 5.733, 5.003, 4.576, 4.024, 3.776, 3.774, 4.741, 5.532, 5.662, 6.051, 6.259, 6.022, 6.006, 6.132, 6.348, 6.767, 7.379, 7.648, 7.899, 8.352, 8.833, 8.048, 5.722, 4.08, 4.856, 4.6, 3.302, 4.577, 6.714, 8.144, 8.575, 8.919, 10.263, 11.048, 10.516, 7.252, 5.099, 4.667, 5.259], [6.911, 5.6, 5.748, 6.793, 6.877, 6.599, 5.348, 4.627, 4.48, 4.819, 5.025, 4.473, 3.597, 2.303, 2.051, 2.501, 2.513, 1.92, 1.709, 1.303, 0.0, 0.877, 1.149, 1.125, 1.24, 1.909, 2.717, 3.147, 2.943, 2.526, 2.173, 1.801, 1.624, 1.657, 1.918, 5.459, 11.219, 14.55, 16.781, 17.907, 16.444, 13.83, 10.374, 9.313, 9.491, 10.23, 10.732, 11.042, 11.363, 10.734, 10.035, 9.326, 9.739, 10.037, 9.739, 9.322, 9.119, 8.985, 8.907, 8.919, 8.556, 8.071, 8.062, 8.027, 7.382, 7.445, 8.061, 8.079, 7.937, 8.38, 9.521, 9.778, 9.916, 10.829, 13.648, 15.844, 16.237, 15.115, 13.862, 13.451, 14.275, 14.064, 13.106, 12.392, 10.712, 8.91, 8.382, 8.87, 9.23, 9.142, 9.18, 8.199, 5.696, 3.309, 3.93, 5.554, 5.585, 4.415, 4.504, 4.537, 4.054, 3.359, 3.402, 3.735, 3.475, 3.132, 3.495, 3.252, 2.555, 3.2, 3.613, 3.052, 3.237, 3.937, 5.277, 6.491, 6.778, 6.769, 6.547, 6.16, 5.361, 4.859, 4.379, 4.053, 4.069, 4.843, 5.55, 5.734, 6.113, 6.408, 6.151, 6.226, 6.313, 6.682, 7.184, 7.759, 8.149, 8.46, 8.949, 9.334, 8.567, 6.248, 4.017, 4.613, 4.459, 3.182, 4.455, 6.577, 7.987, 8.418, 8.764, 10.108, 10.892, 10.373, 7.121, 4.785, 4.581, 4.94], [7.044, 5.725, 5.842, 7.014, 7.115, 6.869, 5.516, 4.791, 4.539, 4.793, 5.141, 4.662, 3.701, 2.382, 2.093, 2.417, 2.522, 2.01, 1.87, 1.458, 0.877, 0.0, 0.844, 1.006, 1.417, 2.019, 2.774, 3.22, 3.042, 2.61, 2.36, 2.074, 1.688, 1.556, 1.865, 5.431, 11.122, 14.453, 16.728, 17.925, 16.461, 13.812, 10.393, 9.356, 9.507, 10.255, 10.786, 11.071, 11.311, 10.73, 9.982, 9.258, 9.685, 10.04, 9.68, 9.252, 9.084, 8.963, 8.855, 8.875, 8.513, 8.078, 8.086, 8.005, 7.316, 7.348, 8.099, 8.051, 7.94, 8.345, 9.494, 9.731, 9.851, 10.732, 13.551, 15.747, 16.14, 15.062, 13.855, 13.471, 14.232, 14.027, 13.057, 12.298, 10.699, 8.942, 8.349, 8.857, 9.28, 9.074, 9.195, 8.184, 5.663, 3.497, 3.939, 5.595, 5.618, 4.434, 4.551, 4.559, 4.083, 3.491, 3.503, 3.782, 3.544, 3.181, 3.505, 3.274, 2.705, 3.251, 3.661, 3.238, 3.438, 4.161, 5.4, 6.577, 6.951, 6.984, 6.746, 6.275, 5.568, 5.038, 4.587, 4.157, 4.262, 5.017, 5.582, 5.77, 6.184, 6.548, 6.299, 6.447, 6.559, 6.773, 7.212, 7.765, 8.111, 8.415, 8.892, 9.294, 8.558, 6.247, 4.234, 4.657, 4.423, 3.272, 4.404, 6.524, 7.985, 8.442, 8.747, 10.085, 10.88, 10.327, 7.096, 4.891, 4.643, 5.049], [7.422, 6.023, 6.07, 7.162, 7.123, 6.98, 5.62, 4.705, 4.371, 4.561, 4.802, 4.286, 3.369, 2.449, 2.457, 2.758, 2.811, 2.31, 1.756, 1.345, 1.149, 0.844, 0.0, 0.628, 1.149, 1.616, 2.386, 2.853, 2.716, 2.328, 2.274, 2.048, 2.011, 1.945, 2.509, 5.934, 11.508, 14.808, 17.16, 18.428, 16.964, 14.315, 10.896, 9.859, 10.008, 10.758, 11.289, 11.574, 11.814, 11.232, 10.445, 9.745, 10.171, 10.543, 10.122, 9.73, 9.579, 9.467, 9.319, 9.378, 9.036, 8.608, 8.606, 8.507, 7.799, 7.796, 8.63, 8.556, 8.457, 8.87, 9.999, 10.234, 10.278, 11.087, 13.927, 16.142, 16.589, 15.532, 14.358, 13.974, 14.735, 14.529, 13.56, 12.691, 11.202, 9.445, 8.852, 9.36, 9.796, 9.577, 9.698, 8.687, 6.162, 3.875, 4.576, 6.194, 6.082, 4.954, 5.085, 5.096, 4.599, 4.02, 4.027, 4.288, 4.028, 3.653, 4.011, 3.827, 2.627, 2.838, 3.25, 2.817, 3.022, 3.823, 5.031, 6.215, 6.56, 6.672, 6.376, 5.998, 5.27, 4.734, 4.306, 3.963, 4.274, 5.141, 5.814, 5.971, 6.333, 6.688, 6.426, 6.504, 6.435, 6.578, 7.015, 7.465, 7.714, 7.947, 8.408, 8.886, 8.207, 5.947, 4.436, 5.207, 4.962, 3.663, 4.894, 7.012, 8.5, 8.962, 9.249, 10.588, 11.375, 10.844, 7.581, 5.469, 5.126, 5.441], [7.242, 5.82, 5.961, 7.079, 7.046, 6.894, 5.545, 4.644, 4.291, 4.508, 4.719, 4.134, 3.323, 2.333, 2.421, 2.739, 2.639, 2.107, 1.671, 1.285, 1.125, 1.006, 0.628, 0.0, 0.936, 1.453, 2.212, 2.701, 2.583, 2.306, 2.218, 1.849, 1.987, 1.896, 2.538, 5.975, 11.563, 14.867, 17.201, 18.469, 17.005, 14.374, 10.908, 9.871, 10.02, 10.77, 11.301, 11.608, 11.855, 11.273, 10.486, 9.786, 10.212, 10.583, 10.163, 9.771, 9.617, 9.506, 9.36, 9.419, 9.054, 8.621, 8.63, 8.548, 7.84, 7.83, 8.623, 8.537, 8.455, 8.868, 10.025, 10.275, 10.317, 11.14, 13.97, 16.183, 16.63, 15.573, 14.398, 14.015, 14.776, 14.57, 13.6, 12.736, 11.225, 9.461, 8.864, 9.372, 9.813, 9.615, 9.739, 8.728, 6.188, 3.72, 4.463, 6.085, 6.107, 4.915, 5.064, 5.044, 4.551, 3.926, 3.968, 4.293, 4.065, 3.692, 4.048, 3.688, 2.519, 2.635, 3.083, 2.604, 2.803, 3.637, 4.918, 6.103, 6.438, 6.523, 6.205, 5.863, 5.136, 4.614, 4.17, 3.821, 4.189, 5.066, 5.682, 5.889, 6.259, 6.602, 6.35, 6.42, 6.329, 6.392, 6.813, 7.283, 7.557, 7.824, 8.288, 8.724, 8.058, 5.765, 4.296, 5.046, 4.914, 3.663, 4.902, 7.023, 8.505, 8.98, 9.29, 10.629, 11.384, 10.867, 7.587, 5.313, 5.035, 5.339], [7.347, 5.856, 5.866, 6.774, 6.793, 6.593, 5.272, 4.64, 4.122, 4.249, 4.409, 3.762, 2.858, 2.155, 2.506, 2.9, 2.748, 2.211, 1.444, 1.035, 1.24, 1.417, 1.149, 0.936, 0.0, 1.16, 1.889, 2.351, 2.184, 1.993, 1.807, 1.725, 1.763, 1.716, 2.66, 6.166, 11.885, 15.206, 17.481, 18.625, 17.161, 14.564, 11.079, 10.058, 10.265, 10.89, 11.434, 11.808, 12.064, 11.447, 10.742, 10.018, 10.444, 10.74, 10.434, 10.016, 9.817, 9.692, 9.612, 9.623, 9.262, 8.778, 8.786, 8.734, 8.055, 8.116, 8.725, 8.737, 8.604, 9.056, 10.215, 10.485, 10.601, 11.471, 14.309, 16.508, 16.909, 15.821, 14.569, 14.171, 14.982, 14.768, 13.794, 13.053, 11.401, 9.617, 9.043, 9.547, 9.929, 9.825, 9.895, 8.905, 6.393, 3.904, 4.609, 6.231, 6.24, 5.089, 5.221, 5.226, 4.711, 4.021, 4.078, 4.439, 4.194, 3.831, 4.204, 3.927, 2.362, 2.466, 2.841, 2.191, 2.459, 3.298, 4.583, 5.822, 6.069, 5.868, 5.776, 5.274, 4.507, 4.043, 3.571, 3.493, 3.908, 4.884, 5.714, 5.821, 6.208, 6.389, 6.163, 6.173, 6.123, 6.257, 6.624, 7.211, 7.398, 7.677, 8.147, 8.576, 7.82, 5.57, 4.211, 5.213, 5.119, 3.797, 5.103, 7.253, 8.669, 9.131, 9.471, 10.815, 11.619, 11.068, 7.772, 5.402, 4.997, 5.503], [7.633, 6.185, 6.086, 6.592, 6.651, 6.341, 5.036, 4.276, 3.756, 3.877, 3.803, 3.264, 2.383, 2.376, 2.692, 3.225, 2.994, 2.475, 1.756, 1.448, 1.909, 2.019, 1.616, 1.453, 1.16, 0.0, 1.042, 1.639, 1.551, 1.683, 1.769, 1.961, 2.095, 2.064, 3.186, 6.685, 12.428, 15.774, 17.999, 19.176, 17.741, 15.15, 11.674, 10.598, 10.806, 11.465, 12.009, 12.367, 12.592, 11.991, 11.255, 10.555, 10.958, 11.304, 10.968, 10.551, 10.33, 10.21, 10.127, 10.148, 9.776, 9.314, 9.334, 9.252, 8.617, 8.672, 9.27, 9.257, 9.15, 9.567, 10.729, 10.998, 11.139, 12.031, 14.864, 17.062, 17.466, 16.335, 15.105, 14.719, 15.495, 15.293, 14.335, 13.621, 11.929, 10.174, 9.587, 10.093, 10.476, 10.347, 10.443, 9.432, 6.906, 4.385, 5.0, 6.63, 6.743, 5.591, 5.708, 5.731, 5.212, 4.53, 4.601, 5.049, 4.762, 4.441, 4.753, 4.365, 2.526, 2.074, 2.34, 1.807, 2.039, 2.804, 3.96, 5.122, 5.42, 5.391, 5.11, 4.939, 4.132, 3.635, 3.213, 3.332, 3.589, 4.902, 5.83, 5.867, 6.237, 6.301, 6.134, 5.834, 5.729, 5.817, 6.19, 6.827, 6.909, 7.051, 7.566, 8.036, 7.244, 5.104, 4.375, 5.629, 5.585, 4.315, 5.616, 7.774, 9.281, 9.686, 9.994, 11.333, 12.122, 11.59, 8.285, 5.735, 5.31, 5.708], [8.041, 6.569, 6.32, 6.789, 6.793, 6.365, 5.166, 4.344, 3.561, 3.719, 3.629, 2.987, 2.275, 2.62, 3.199, 3.747, 3.559, 3.227, 2.533, 2.259, 2.717, 2.774, 2.386, 2.212, 1.889, 1.042, 0.0, 0.84, 1.048, 1.601, 1.985, 2.573, 2.76, 2.796, 3.968, 7.567, 13.287, 16.634, 18.841, 20.077, 18.642, 16.043, 12.579, 11.514, 11.704, 12.385, 12.922, 13.26, 13.489, 12.889, 12.135, 11.44, 11.81, 12.201, 11.823, 11.404, 11.212, 11.082, 10.989, 11.013, 10.612, 10.19, 10.23, 10.121, 9.492, 9.52, 10.158, 10.155, 10.051, 10.423, 11.592, 11.834, 11.986, 12.89, 15.72, 17.921, 18.31, 17.171, 16.006, 15.621, 16.34, 16.139, 15.203, 14.47, 12.793, 11.082, 10.486, 10.995, 11.376, 11.245, 11.332, 10.326, 7.745, 5.259, 5.78, 7.5, 7.601, 6.457, 6.567, 6.579, 6.101, 5.398, 5.478, 5.951, 5.664, 5.323, 5.654, 5.252, 3.257, 2.029, 2.025, 1.44, 1.448, 2.109, 3.214, 4.295, 4.589, 4.539, 4.345, 4.387, 3.589, 3.142, 2.826, 3.194, 3.617, 5.062, 6.016, 5.998, 6.376, 6.384, 6.262, 5.796, 5.411, 5.316, 5.712, 6.363, 6.316, 6.437, 6.994, 7.481, 6.744, 4.651, 4.704, 6.503, 6.48, 5.184, 6.468, 8.631, 10.19, 10.594, 10.849, 12.191, 12.994, 12.488, 9.174, 6.558, 5.917, 6.334], [8.227, 6.753, 6.411, 6.896, 6.84, 6.329, 5.268, 4.376, 3.549, 3.6, 3.549, 2.95, 2.379, 2.783, 3.528, 4.063, 3.83, 3.567, 3.028, 2.728, 3.147, 3.22, 2.853, 2.701, 2.351, 1.639, 0.84, 0.0, 1.142, 1.775, 2.138, 2.878, 3.031, 3.156, 4.413, 8.096, 13.822, 17.152, 19.372, 20.573, 19.109, 16.553, 13.077, 12.052, 12.216, 12.863, 13.399, 13.769, 13.976, 13.394, 12.626, 11.929, 12.33, 12.706, 12.342, 11.925, 11.722, 11.611, 11.498, 11.537, 11.156, 10.714, 10.734, 10.652, 10.02, 10.045, 10.671, 10.638, 10.548, 10.956, 12.129, 12.379, 12.516, 13.422, 16.251, 18.446, 18.84, 17.706, 16.503, 16.119, 16.88, 16.689, 15.735, 14.995, 13.33, 11.573, 10.996, 11.476, 11.877, 11.741, 11.843, 10.832, 8.277, 5.776, 6.284, 8.028, 8.143, 6.982, 7.104, 7.128, 6.563, 5.894, 5.972, 6.446, 6.161, 5.785, 6.153, 5.737, 3.663, 2.228, 1.974, 1.443, 1.332, 1.705, 2.797, 3.825, 4.119, 3.994, 3.914, 3.92, 3.216, 2.802, 2.63, 2.941, 3.643, 5.152, 6.141, 6.15, 6.543, 6.483, 6.422, 5.856, 5.233, 5.089, 5.483, 6.113, 6.067, 6.179, 6.742, 7.22, 6.491, 4.507, 4.973, 6.996, 6.977, 5.736, 7.005, 9.147, 10.663, 11.083, 11.395, 12.733, 13.483, 12.961, 9.68, 7.018, 6.254, 6.676], [8.262, 6.847, 6.732, 7.228, 7.251, 6.817, 5.627, 4.825, 4.061, 4.251, 4.145, 3.336, 2.365, 2.835, 3.414, 4.012, 4.014, 3.61, 3.05, 2.711, 2.943, 3.042, 2.716, 2.583, 2.184, 1.551, 1.048, 1.142, 0.0, 1.109, 1.669, 2.353, 2.604, 2.851, 4.34, 8.074, 13.75, 17.08, 19.3, 20.56, 19.124, 16.57, 13.082, 11.977, 12.193, 12.863, 13.405, 13.785, 13.981, 13.396, 12.557, 11.91, 12.256, 12.708, 12.27, 11.874, 11.689, 11.565, 11.412, 11.509, 11.106, 10.672, 10.712, 10.603, 9.999, 9.98, 10.658, 10.629, 10.534, 10.898, 12.074, 12.319, 12.44, 13.347, 16.173, 18.374, 18.78, 17.618, 16.5, 16.103, 16.82, 16.658, 15.71, 14.923, 13.287, 11.589, 10.994, 11.477, 11.859, 11.717, 11.815, 10.808, 8.205, 5.746, 6.275, 7.982, 8.083, 6.934, 7.049, 7.068, 6.579, 5.881, 5.98, 6.439, 6.146, 5.762, 6.148, 5.708, 3.675, 2.465, 2.718, 1.703, 1.509, 2.083, 3.153, 4.243, 4.492, 4.252, 4.317, 4.199, 3.516, 3.045, 2.866, 3.482, 4.05, 5.501, 6.371, 6.414, 6.769, 6.827, 6.693, 6.272, 5.906, 5.692, 6.124, 6.752, 6.711, 6.814, 7.397, 7.888, 7.147, 5.102, 4.915, 6.955, 6.914, 5.658, 6.918, 9.105, 10.697, 11.101, 11.335, 12.673, 13.419, 12.954, 9.668, 6.989, 6.225, 6.624], [8.297, 6.908, 6.851, 7.603, 7.535, 7.299, 6.018, 5.083, 4.621, 4.76, 4.729, 3.869, 2.846, 3.046, 3.313, 3.887, 3.919, 3.425, 2.813, 2.409, 2.526, 2.61, 2.328, 2.306, 1.993, 1.683, 1.601, 1.775, 1.109, 0.0, 1.156, 1.72, 2.036, 2.537, 4.02, 7.84, 13.593, 16.928, 19.148, 20.293, 18.835, 16.23, 12.757, 11.701, 11.861, 12.581, 13.115, 13.452, 13.741, 13.146, 12.374, 11.705, 12.072, 12.459, 12.118, 11.701, 11.447, 11.331, 11.242, 11.297, 10.903, 10.434, 10.454, 10.373, 9.772, 9.821, 10.411, 10.365, 10.268, 10.682, 11.849, 12.113, 12.292, 13.197, 16.027, 18.222, 18.616, 17.453, 16.237, 15.839, 16.61, 16.442, 15.487, 14.771, 13.065, 11.325, 10.687, 11.196, 11.597, 11.453, 11.563, 10.552, 8.021, 5.516, 6.071, 7.754, 7.863, 6.706, 6.824, 6.848, 6.292, 5.617, 5.68, 6.144, 5.862, 5.499, 5.888, 5.48, 3.571, 3.138, 3.327, 2.231, 2.024, 2.663, 3.668, 4.759, 5.047, 4.948, 4.946, 4.904, 4.229, 3.701, 3.409, 4.038, 4.567, 5.692, 6.599, 6.654, 7.031, 7.17, 6.955, 6.814, 6.724, 6.613, 6.998, 7.652, 7.599, 7.643, 8.23, 8.701, 8.03, 5.867, 5.058, 6.75, 6.718, 5.454, 6.746, 8.923, 10.415, 10.836, 11.115, 12.453, 13.23, 12.696, 9.434, 6.803, 6.024, 6.519], [8.081, 6.731, 6.855, 7.643, 7.607, 7.249, 5.93, 5.159, 4.705, 4.815, 4.68, 3.956, 3.076, 3.077, 3.209, 3.654, 3.739, 3.155, 2.599, 2.159, 2.173, 2.36, 2.274, 2.218, 1.807, 1.769, 1.985, 2.138, 1.669, 1.156, 0.0, 1.186, 1.409, 1.921, 3.322, 7.307, 13.074, 16.401, 18.62, 19.613, 18.142, 15.451, 12.057, 10.994, 11.314, 11.986, 12.497, 12.69, 13.214, 12.585, 11.846, 11.177, 11.542, 11.888, 11.59, 11.175, 10.919, 10.792, 10.713, 10.769, 10.394, 9.874, 9.758, 9.822, 9.234, 9.322, 9.94, 9.853, 9.741, 10.161, 11.295, 11.61, 11.793, 12.706, 15.499, 17.695, 18.088, 16.926, 15.684, 15.142, 16.036, 15.915, 14.957, 14.263, 12.561, 10.784, 10.117, 10.653, 10.976, 10.928, 10.929, 9.949, 7.545, 5.117, 5.539, 7.235, 7.321, 6.134, 6.239, 6.277, 5.831, 5.123, 5.038, 5.341, 5.151, 4.9, 5.32, 4.946, 3.44, 3.262, 3.549, 2.575, 2.473, 3.067, 4.038, 5.227, 5.491, 5.283, 5.323, 5.172, 4.302, 3.841, 3.468, 4.139, 4.662, 5.752, 6.684, 6.757, 7.135, 7.266, 7.054, 6.909, 6.901, 6.874, 7.271, 7.936, 7.934, 8.067, 8.622, 9.107, 8.33, 6.155, 4.963, 6.298, 6.255, 4.957, 6.281, 8.453, 9.861, 10.271, 10.5, 11.925, 12.72, 12.194, 8.975, 6.198, 5.683, 6.252], [8.104, 6.889, 7.033, 8.033, 7.99, 7.689, 6.407, 5.493, 5.129, 5.308, 5.084, 4.338, 3.563, 3.299, 3.251, 3.822, 3.856, 3.04, 2.569, 2.073, 1.801, 2.074, 2.048, 1.849, 1.725, 1.961, 2.573, 2.878, 2.353, 1.72, 1.186, 0.0, 1.034, 1.569, 2.882, 6.658, 12.419, 15.75, 17.969, 18.962, 17.503, 14.894, 11.504, 10.358, 10.694, 11.32, 11.846, 12.102, 12.562, 11.933, 11.195, 10.526, 10.905, 11.237, 10.939, 10.522, 10.268, 10.141, 10.062, 10.118, 9.73, 9.221, 9.108, 9.17, 8.582, 8.656, 9.281, 9.183, 9.072, 9.502, 10.625, 10.94, 11.124, 12.036, 14.848, 17.043, 17.437, 16.274, 15.032, 14.49, 15.385, 15.264, 14.305, 13.593, 11.891, 10.121, 9.487, 9.992, 10.317, 10.292, 10.268, 9.283, 6.888, 4.651, 5.062, 6.613, 6.677, 5.505, 5.653, 5.624, 5.19, 4.496, 4.445, 4.768, 4.525, 4.263, 4.669, 4.303, 3.53, 3.418, 3.738, 2.796, 2.778, 3.565, 4.717, 6.012, 6.306, 6.042, 5.902, 5.578, 4.826, 4.345, 3.976, 4.581, 5.05, 6.046, 6.784, 6.961, 7.369, 7.619, 7.379, 7.3, 7.22, 7.258, 7.614, 8.276, 8.45, 8.608, 9.105, 9.58, 8.783, 6.578, 5.238, 5.68, 5.592, 4.292, 5.611, 7.783, 9.203, 9.613, 9.842, 11.261, 12.087, 11.536, 8.311, 5.732, 5.643, 6.141], [7.487, 6.351, 6.496, 7.587, 7.602, 7.293, 6.002, 5.368, 4.982, 5.141, 5.041, 4.467, 3.484, 2.748, 2.727, 3.267, 3.282, 2.586, 2.382, 1.949, 1.624, 1.688, 2.011, 1.987, 1.763, 2.095, 2.76, 3.031, 2.604, 2.036, 1.409, 1.034, 0.0, 0.919, 2.258, 6.16, 11.923, 15.254, 17.473, 18.467, 16.995, 14.441, 11.013, 9.9, 10.208, 10.853, 11.376, 11.66, 12.067, 11.438, 10.699, 10.03, 10.395, 10.741, 10.443, 10.026, 9.773, 9.646, 9.567, 9.623, 9.242, 8.719, 8.611, 8.675, 8.086, 8.17, 8.785, 8.701, 8.589, 9.006, 10.142, 10.458, 10.641, 11.554, 14.352, 16.548, 16.941, 15.779, 14.537, 14.0, 14.89, 14.768, 13.81, 13.111, 11.408, 9.631, 9.012, 9.501, 9.824, 9.794, 9.777, 8.797, 6.391, 4.24, 4.48, 6.08, 6.186, 5.021, 5.192, 5.134, 4.694, 4.0, 3.951, 4.282, 4.018, 3.762, 4.172, 3.853, 3.396, 3.668, 3.984, 3.116, 3.127, 3.797, 5.029, 6.326, 6.54, 6.286, 6.175, 5.743, 4.969, 4.48, 4.046, 4.446, 4.736, 5.537, 6.238, 6.429, 6.85, 7.168, 6.895, 6.939, 7.164, 7.4, 7.755, 8.418, 8.58, 8.743, 9.246, 9.725, 8.924, 6.698, 4.767, 5.209, 5.103, 3.855, 5.129, 7.301, 8.707, 9.119, 9.348, 10.773, 11.57, 11.04, 7.822, 5.19, 5.072, 5.507], [6.951, 5.932, 6.065, 7.194, 7.269, 7.033, 5.752, 5.322, 4.894, 5.087, 5.076, 4.5, 3.497, 2.487, 2.327, 2.817, 2.845, 2.334, 2.282, 1.861, 1.657, 1.556, 1.945, 1.896, 1.716, 2.064, 2.796, 3.156, 2.851, 2.537, 1.921, 1.569, 0.919, 0.0, 1.793, 5.565, 11.319, 14.641, 16.861, 17.957, 16.522, 14.026, 10.598, 9.516, 9.754, 10.361, 10.894, 11.251, 11.454, 10.825, 10.087, 9.418, 9.783, 10.131, 9.831, 9.42, 9.16, 9.033, 8.954, 9.01, 8.644, 8.144, 8.115, 8.062, 7.479, 7.57, 8.196, 8.135, 8.007, 8.454, 9.581, 9.855, 10.038, 10.951, 13.74, 15.935, 16.329, 15.166, 13.934, 13.5, 14.304, 14.156, 13.197, 12.508, 10.806, 9.064, 8.491, 8.954, 9.349, 9.204, 9.231, 8.246, 5.808, 3.801, 3.922, 5.513, 5.665, 4.552, 4.749, 4.599, 4.139, 3.458, 3.573, 3.902, 3.555, 3.173, 3.583, 3.276, 3.21, 3.556, 3.913, 3.188, 3.39, 4.132, 5.301, 6.491, 6.811, 6.552, 6.382, 5.838, 5.175, 4.677, 4.243, 4.298, 4.486, 5.14, 5.735, 5.935, 6.358, 6.743, 6.487, 6.585, 6.906, 7.159, 7.515, 8.177, 8.393, 8.596, 9.067, 9.553, 8.757, 6.462, 4.348, 4.606, 4.5, 3.429, 4.526, 6.698, 8.167, 8.546, 8.804, 10.17, 10.983, 10.467, 7.22, 4.713, 4.719, 4.994], [6.077, 5.177, 5.296, 6.589, 6.825, 6.377, 5.379, 5.577, 5.421, 5.745, 6.08, 5.767, 4.942, 3.25, 1.914, 2.072, 2.565, 2.405, 2.707, 2.549, 1.918, 1.865, 2.509, 2.538, 2.66, 3.186, 3.968, 4.413, 4.34, 4.02, 3.322, 2.882, 2.258, 1.793, 0.0, 3.999, 9.767, 13.082, 15.302, 16.317, 14.853, 12.313, 8.883, 7.855, 8.118, 8.693, 9.256, 9.536, 9.895, 9.267, 8.528, 7.859, 8.224, 8.57, 8.274, 7.868, 7.602, 7.485, 7.396, 7.451, 7.118, 6.609, 6.512, 6.503, 5.926, 6.039, 6.674, 6.567, 6.456, 6.885, 8.007, 8.302, 8.486, 9.399, 12.181, 14.376, 14.77, 13.607, 12.365, 11.863, 12.718, 12.596, 11.638, 10.955, 9.253, 7.498, 6.819, 7.362, 7.742, 7.646, 7.627, 6.641, 4.444, 2.895, 2.876, 4.138, 4.365, 3.371, 3.558, 3.27, 2.795, 2.182, 2.283, 2.445, 2.038, 1.792, 2.235, 2.535, 3.53, 4.287, 4.751, 4.351, 4.709, 5.388, 6.75, 7.833, 8.198, 7.986, 7.873, 7.37, 6.653, 6.186, 5.611, 5.212, 4.736, 4.7, 4.982, 5.265, 5.719, 6.143, 5.96, 6.35, 6.863, 7.519, 8.085, 8.685, 9.116, 9.44, 9.961, 10.303, 9.541, 7.188, 4.091, 3.409, 3.021, 2.457, 2.988, 5.16, 6.615, 7.005, 7.205, 8.633, 9.474, 8.919, 5.667, 3.618, 3.981, 4.19], [5.644, 5.342, 6.095, 7.462, 8.142, 7.911, 7.763, 8.579, 9.091, 9.356, 9.621, 9.557, 8.624, 6.732, 5.294, 4.715, 4.874, 4.968, 5.432, 5.669, 5.459, 5.431, 5.934, 5.975, 6.166, 6.685, 7.567, 8.096, 8.074, 7.84, 7.307, 6.658, 6.16, 5.565, 3.999, 0.0, 5.768, 9.104, 11.322, 12.532, 11.135, 8.704, 5.275, 4.388, 4.546, 4.966, 5.57, 6.001, 5.931, 5.373, 4.588, 3.903, 4.309, 4.651, 4.302, 3.994, 3.818, 3.655, 3.497, 3.548, 3.374, 2.953, 2.915, 2.803, 2.684, 2.78, 3.061, 2.84, 2.682, 3.096, 4.195, 4.394, 4.49