[[0.0, 3.721, 4.432, 4.612, 5.989, 7.08, 8.711, 9.246, 9.432, 10.279, 10.078, 10.048, 9.753, 9.491, 10.337, 10.683, 9.637, 8.825, 8.325, 4.307, 10.974, 9.699, 17.841, 19.545, 17.864, 17.232, 16.603, 16.541, 15.192, 12.843, 15.804, 12.992, 8.479, 10.41, 6.622, 10.227, 9.648, 9.864, 10.978, 10.323, 9.949, 9.519, 8.992, 9.791, 11.22, 11.873, 12.21, 12.321, 13.928, 16.479, 17.946, 19.389, 18.816, 17.968, 18.111, 12.658, 8.897, 9.34, 4.183, 14.247, 14.789, 16.794, 14.192, 6.058, 5.562, 5.63, 5.768, 6.347, 7.64, 9.258, 13.277, 13.727, 13.567, 13.729, 15.786, 15.783, 15.47, 17.379, 17.024, 15.989, 15.546, 15.479, 16.257, 15.745, 18.12, 15.02, 12.922, 9.47, 7.066, 5.694, 4.174, 2.717, 1.972, 2.942, 3.465, 3.18, 2.727, 2.895, 3.283, 3.18, 3.452, 5.116, 4.536, 3.966, 4.319, 3.592, 6.646], [3.721, 0.0, 1.955, 2.266, 2.6, 3.913, 6.177, 6.767, 6.72, 7.282, 6.842, 6.733, 6.659, 6.824, 7.427, 7.73, 6.886, 6.857, 6.792, 7.438, 14.454, 13.064, 21.285, 22.783, 21.051, 20.463, 19.856, 19.816, 18.497, 16.139, 19.098, 16.291, 11.846, 13.635, 4.795, 7.079, 6.3, 6.603, 7.634, 6.969, 6.638, 6.283, 5.697, 6.453, 7.945, 8.588, 8.965, 9.03, 10.626, 13.139, 14.573, 16.031, 15.456, 14.638, 14.663, 9.38, 5.426, 6.595, 7.487, 17.577, 18.265, 20.158, 17.702, 9.32, 8.884, 9.101, 9.081, 9.743, 10.963, 12.585, 16.61, 17.01, 16.853, 16.929, 18.979, 19.081, 18.763, 20.587, 20.254, 19.325, 19.057, 18.985, 19.777, 19.023, 21.518, 18.329, 16.286, 13.026, 10.632, 9.27, 7.675, 6.098, 4.583, 2.881, 2.972, 3.026, 2.572, 2.868, 3.311, 2.552, 2.28, 2.422, 2.64, 4.207, 5.07, 6.544, 9.931], [4.432, 1.955, 0.0, 1.278, 2.021, 2.887, 4.862, 5.422, 5.413, 6.082, 5.865, 5.851, 5.554, 5.65, 6.381, 6.596, 5.72, 5.626, 5.59, 7.664, 14.676, 13.248, 21.505, 22.956, 21.23, 20.7, 20.084, 20.048, 18.74, 16.399, 19.341, 16.48, 12.071, 13.908, 3.866, 6.061, 5.563, 6.258, 7.393, 6.784, 6.336, 5.902, 5.278, 6.123, 7.477, 8.246, 8.764, 8.847, 10.424, 12.929, 14.367, 15.847, 15.224, 14.404, 14.34, 9.409, 5.217, 5.501, 7.672, 17.689, 18.479, 20.353, 17.927, 9.584, 9.143, 9.286, 9.289, 9.919, 11.175, 12.783, 16.843, 17.273, 17.083, 17.112, 19.23, 19.334, 19.014, 20.858, 20.533, 19.546, 19.245, 19.207, 20.024, 19.284, 21.708, 18.58, 16.486, 13.24, 10.859, 9.472, 7.848, 6.351, 4.95, 3.47, 3.479, 3.437, 2.976, 3.404, 3.735, 3.076, 3.041, 3.377, 3.514, 4.782, 5.837, 6.922, 10.169], [4.612, 2.266, 1.278, 0.0, 1.74, 2.759, 4.782, 5.411, 5.455, 6.077, 5.755, 5.721, 5.48, 5.44, 6.156, 6.521, 5.503, 5.202, 4.923, 7.929, 14.916, 13.546, 21.765, 23.312, 21.562, 20.97, 20.366, 20.312, 19.021, 16.668, 19.619, 16.784, 12.342, 14.184, 3.739, 5.955, 5.263, 5.964, 7.039, 6.43, 5.989, 5.578, 4.968, 5.807, 7.236, 7.973, 8.456, 8.506, 10.115, 12.57, 14.016, 15.456, 14.908, 14.022, 14.031, 9.305, 5.211, 5.813, 7.943, 18.028, 18.736, 20.637, 18.184, 9.872, 9.4, 9.575, 9.562, 10.229, 11.473, 13.091, 17.116, 17.536, 17.358, 17.45, 19.498, 19.603, 19.291, 21.116, 20.792, 19.818, 19.535, 19.448, 20.27, 19.574, 21.997, 18.887, 16.742, 13.493, 11.027, 9.703, 8.066, 6.625, 5.179, 3.785, 3.784, 3.544, 3.265, 3.754, 4.279, 3.781, 3.801, 3.771, 4.034, 5.683, 6.486, 7.127, 10.482], [5.989, 2.6, 2.021, 1.74, 0.0, 1.749, 3.906, 4.423, 4.339, 4.916, 4.488, 4.385, 4.322, 4.55, 5.154, 5.327, 4.562, 4.589, 4.952, 9.064, 16.09, 14.775, 22.93, 24.444, 22.682, 22.089, 21.522, 21.42, 20.124, 17.763, 20.737, 18.005, 13.469, 15.315, 3.412, 4.785, 4.043, 4.759, 5.837, 5.216, 4.844, 4.418, 3.875, 4.708, 6.11, 6.889, 7.364, 7.385, 8.97, 11.375, 12.802, 14.26, 13.71, 12.81, 12.732, 8.235, 3.932, 4.868, 9.215, 19.286, 19.946, 21.803, 19.382, 11.064, 10.57, 10.759, 10.738, 11.398, 12.625, 14.258, 18.218, 18.621, 18.49, 18.628, 20.639, 20.694, 20.382, 22.183, 21.871, 20.959, 20.722, 20.651, 21.47, 20.798, 23.189, 20.039, 17.967, 14.758, 12.499, 11.077, 9.485, 7.905, 6.505, 4.693, 4.206, 4.516, 4.258, 4.333, 4.85, 4.144, 3.859, 3.281, 3.523, 5.787, 6.86, 8.312, 11.705], [7.08, 3.913, 2.887, 2.759, 1.749, 0.0, 2.433, 2.931, 2.902, 3.531, 3.288, 3.239, 3.116, 3.333, 4.049, 4.034, 3.358, 3.608, 4.041, 9.413, 16.286, 14.884, 23.131, 24.521, 22.75, 22.24, 21.654, 21.59, 20.299, 17.941, 20.905, 18.08, 13.653, 15.433, 2.968, 4.044, 3.626, 4.718, 5.941, 5.305, 5.044, 4.709, 4.226, 4.952, 6.135, 6.848, 7.332, 7.385, 8.928, 11.388, 12.808, 14.259, 13.693, 12.813, 12.714, 8.609, 4.132, 4.03, 9.374, 19.404, 20.212, 21.986, 19.684, 11.144, 10.76, 10.905, 10.901, 11.549, 12.762, 14.408, 18.403, 18.801, 18.648, 18.675, 20.748, 20.878, 20.568, 22.358, 22.035, 21.129, 20.879, 20.877, 21.721, 20.854, 23.334, 20.149, 18.122, 15.049, 13.11, 11.655, 9.977, 8.43, 7.273, 5.324, 4.587, 4.733, 4.809, 4.828, 4.982, 4.614, 4.79, 3.853, 4.153, 6.471, 7.81, 8.542, 11.785], [8.711, 6.177, 4.862, 4.782, 3.906, 2.433, 0.0, 1.532, 2.259, 2.813, 2.938, 3.307, 3.44, 3.14, 3.225, 3.248, 2.831, 2.739, 3.481, 9.919, 16.52, 15.333, 23.455, 24.125, 22.201, 21.913, 21.419, 21.367, 20.178, 17.775, 20.669, 18.162, 13.576, 15.273, 2.713, 4.333, 4.615, 5.906, 6.898, 6.407, 6.164, 5.883, 5.444, 6.126, 7.298, 7.994, 8.511, 8.541, 9.935, 12.184, 13.519, 14.946, 14.456, 13.529, 13.412, 9.875, 5.342, 3.745, 9.92, 19.75, 20.872, 21.959, 20.316, 11.479, 11.334, 11.46, 10.915, 11.719, 12.811, 14.394, 18.181, 18.62, 18.392, 18.328, 20.307, 20.509, 20.219, 21.979, 21.706, 21.016, 21.313, 21.534, 22.626, 21.471, 23.461, 20.501, 18.435, 16.104, 14.446, 13.018, 11.279, 9.783, 8.886, 6.927, 5.789, 6.033, 6.359, 6.23, 5.884, 5.731, 6.179, 5.311, 5.833, 7.926, 9.294, 9.5, 12.183], [9.246, 6.767, 5.422, 5.411, 4.423, 2.931, 1.532, 0.0, 1.852, 2.54, 2.658, 3.064, 3.012, 2.85, 2.896, 2.817, 2.486, 2.162, 2.958, 9.973, 16.543, 15.3, 23.452, 24.123, 22.373, 21.905, 21.364, 21.287, 20.153, 17.748, 20.638, 18.126, 13.608, 15.256, 2.997, 3.929, 4.357, 5.617, 6.655, 6.191, 5.978, 5.696, 5.323, 5.923, 7.102, 7.79, 8.302, 8.3, 9.713, 11.969, 13.248, 14.712, 14.23, 13.329, 13.212, 9.69, 5.338, 3.619, 10.031, 19.774, 20.854, 21.978, 20.313, 11.495, 11.297, 11.504, 11.031, 11.714, 12.862, 14.366, 18.121, 18.524, 18.354, 18.339, 20.393, 20.523, 20.236, 21.999, 21.717, 20.955, 21.271, 21.509, 22.598, 21.451, 23.432, 20.461, 18.402, 16.109, 14.603, 13.297, 11.408, 10.074, 9.29, 7.21, 6.112, 6.387, 6.828, 6.628, 6.316, 6.329, 6.731, 5.898, 6.458, 8.614, 9.967, 10.075, 12.225], [9.432, 6.72, 5.413, 5.455, 4.339, 2.902, 2.259, 1.852, 0.0, 1.443, 1.612, 1.72, 1.612, 1.808, 2.226, 2.03, 1.836, 2.016, 3.744, 10.843, 17.716, 16.44, 24.628, 25.621, 23.864, 23.454, 22.835, 22.761, 21.533, 19.226, 22.128, 19.422, 14.889, 16.646, 3.506, 2.438, 2.904, 4.193, 5.384, 5.044, 4.909, 4.676, 4.512, 4.746, 5.7, 6.378, 6.882, 6.901, 8.196, 10.381, 11.668, 13.141, 12.675, 11.764, 11.654, 8.798, 4.678, 3.514, 10.905, 20.89, 21.945, 23.271, 21.272, 12.619, 12.442, 12.579, 12.263, 12.962, 14.174, 15.703, 19.581, 19.998, 19.88, 19.881, 21.919, 22.054, 21.759, 23.543, 23.254, 22.36, 22.398, 22.572, 23.575, 22.508, 24.64, 21.585, 19.561, 17.005, 15.237, 13.789, 12.096, 10.495, 9.59, 7.609, 6.602, 6.787, 7.07, 6.958, 6.637, 6.418, 6.897, 5.712, 6.246, 8.65, 10.052, 10.453, 13.357], [10.279, 7.282, 6.082, 6.077, 4.916, 3.531, 2.813, 2.54, 1.443, 0.0, 1.111, 1.782, 1.685, 2.025, 1.742, 1.694, 1.843, 2.767, 4.496, 11.799, 18.425, 17.176, 25.337, 26.252, 24.485, 24.048, 23.422, 23.349, 22.128, 19.817, 22.708, 20.058, 15.507, 17.204, 4.44, 2.187, 2.377, 3.579, 4.74, 4.388, 4.49, 4.507, 4.422, 4.273, 5.009, 5.636, 6.14, 6.135, 7.444, 9.705, 11.014, 12.488, 12.006, 11.096, 10.961, 8.0, 3.823, 2.846, 11.763, 21.665, 22.756, 23.944, 22.169, 13.366, 13.188, 13.295, 12.875, 13.63, 14.794, 16.403, 20.166, 20.605, 20.477, 20.49, 22.515, 22.65, 22.342, 24.133, 23.84, 22.985, 23.135, 23.359, 24.483, 23.323, 25.325, 22.319, 20.29, 17.977, 16.284, 14.813, 13.134, 11.475, 10.471, 8.535, 7.607, 7.794, 7.955, 7.827, 7.553, 7.285, 7.429, 6.107, 6.633, 9.06, 10.594, 11.089, 14.203], [10.078, 6.842, 5.865, 5.755, 4.488, 3.288, 2.938, 2.658, 1.612, 1.111, 0.0, 1.154, 1.356, 1.817, 1.757, 1.723, 2.133, 2.845, 4.515, 11.743, 18.678, 17.429, 25.593, 26.39, 24.608, 24.148, 23.587, 23.509, 22.314, 19.9, 22.842, 20.285, 15.732, 17.425, 4.296, 2.032, 2.238, 3.464, 4.545, 4.332, 4.275, 4.257, 4.141, 4.071, 4.889, 5.553, 6.063, 6.065, 7.367, 9.557, 10.872, 12.298, 11.808, 10.906, 10.782, 7.876, 3.77, 3.067, 11.884, 21.911, 22.96, 24.083, 22.267, 13.561, 13.443, 13.543, 13.034, 13.847, 15.002, 16.505, 20.326, 20.735, 20.599, 20.584, 22.632, 22.77, 22.464, 24.257, 23.954, 23.136, 23.399, 23.569, 24.55, 23.474, 25.605, 22.54, 20.554, 18.007, 16.211, 14.736, 13.088, 11.347, 10.332, 8.423, 7.553, 7.737, 7.777, 7.672, 7.465, 7.161, 7.057, 5.786, 6.302, 8.599, 10.216, 11.006, 14.17], [10.048, 6.733, 5.851, 5.721, 4.385, 3.239, 3.307, 3.064, 1.72, 1.782, 1.154, 0.0, 1.014, 1.43, 1.611, 1.623, 2.202, 2.754, 4.679, 11.806, 18.953, 17.613, 25.843, 26.785, 24.954, 24.511, 23.948, 23.919, 22.699, 20.288, 23.242, 20.522, 16.054, 17.771, 4.281, 1.7, 1.976, 3.436, 4.593, 4.524, 4.482, 4.46, 4.262, 4.007, 4.806, 5.517, 5.961, 5.998, 7.224, 9.269, 10.551, 11.981, 11.489, 10.57, 10.447, 8.033, 4.115, 3.551, 12.042, 22.14, 23.1, 24.436, 22.448, 13.681, 13.619, 13.692, 13.357, 14.07, 15.194, 16.84, 20.709, 21.154, 20.975, 20.966, 22.969, 23.143, 22.844, 24.595, 24.278, 23.534, 23.579, 23.728, 24.658, 23.642, 25.85, 22.71, 20.767, 18.075, 16.173, 14.68, 13.033, 11.306, 10.285, 8.377, 7.506, 7.693, 7.769, 7.641, 7.46, 7.147, 7.076, 5.897, 6.307, 8.444, 10.11, 11.093, 14.33], [9.753, 6.659, 5.554, 5.48, 4.322, 3.116, 3.44, 3.012, 1.612, 1.685, 1.356, 1.014, 0.0, 1.162, 1.543, 1.599, 1.984, 2.616, 4.591, 11.549, 18.595, 17.234, 25.488, 26.614, 24.839, 24.361, 23.764, 23.7, 22.447, 20.092, 23.039, 20.268, 15.798, 17.558, 4.258, 1.652, 2.093, 3.488, 4.697, 4.533, 4.536, 4.488, 4.396, 4.175, 4.943, 5.639, 6.053, 6.084, 7.31, 9.353, 10.619, 12.074, 11.55, 10.665, 10.533, 8.122, 4.181, 3.355, 11.735, 21.78, 22.685, 24.192, 22.09, 13.486, 13.171, 13.344, 13.214, 13.771, 14.975, 16.606, 20.503, 20.935, 20.789, 20.778, 22.846, 22.981, 22.674, 24.466, 24.155, 23.295, 23.193, 23.316, 24.203, 23.206, 25.531, 22.386, 20.411, 17.604, 15.774, 14.292, 12.626, 10.97, 10.011, 8.03, 7.093, 7.277, 7.446, 7.351, 7.262, 7.019, 7.091, 6.089, 6.477, 8.81, 10.271, 10.976, 14.09], [9.491, 6.824, 5.65, 5.44, 4.55, 3.333, 3.14, 2.85, 1.808, 2.025, 1.817, 1.43, 1.162, 0.0, 1.462, 1.768, 2.015, 2.28, 4.133, 11.268, 18.301, 16.95, 25.179, 26.186, 24.387, 23.859, 23.29, 23.259, 22.042, 19.671, 22.561, 19.884, 15.415, 17.14, 3.769, 2.073, 2.607, 3.888, 5.024, 4.978, 5.009, 4.944, 4.869, 4.522, 5.221, 5.888, 6.337, 6.368, 7.629, 9.778, 11.067, 12.564, 12.02, 11.16, 11.008, 8.379, 4.562, 3.167, 11.443, 21.567, 22.388, 23.858, 21.825, 13.129, 12.869, 13.028, 12.835, 13.396, 14.589, 16.201, 20.04, 20.488, 20.313, 20.372, 22.304, 22.471, 22.177, 23.94, 23.628, 22.877, 22.882, 23.029, 23.884, 22.919, 25.178, 22.071, 20.113, 17.3, 15.438, 13.974, 12.278, 10.654, 9.814, 7.767, 6.819, 7.027, 7.254, 7.085, 7.023, 6.791, 7.082, 6.528, 6.802, 9.035, 10.374, 10.632, 13.623], [10.337, 7.427, 6.381, 6.156, 5.154, 4.049, 3.225, 2.896, 2.226, 1.742, 1.757, 1.611, 1.543, 1.462, 0.0, 1.035, 1.784, 2.243, 4.219, 11.887, 18.396, 17.275, 25.342, 26.082, 24.318, 23.801, 23.217, 23.185, 22.024, 19.644, 22.503, 20.06, 15.468, 17.104, 4.399, 2.151, 2.919, 4.396, 5.521, 5.482, 5.629, 5.62, 5.54, 5.083, 5.623, 6.285, 6.67, 6.695, 7.94, 9.953, 11.205, 12.671, 12.186, 11.276, 11.137, 8.87, 5.065, 3.517, 11.881, 21.794, 22.84, 23.828, 22.291, 13.472, 13.252, 13.378, 12.779, 13.654, 14.729, 16.297, 19.993, 20.438, 20.281, 20.348, 22.252, 22.403, 22.102, 23.879, 23.608, 22.871, 23.243, 23.493, 24.592, 23.437, 25.331, 22.447, 20.375, 18.094, 16.4, 14.909, 13.245, 11.563, 10.627, 8.678, 7.797, 7.955, 8.113, 7.957, 7.776, 7.543, 7.704, 7.024, 7.473, 9.551, 10.809, 11.142, 14.167], [10.683, 7.73, 6.596, 6.521, 5.327, 4.034, 3.248, 2.817, 2.03, 1.694, 1.723, 1.623, 1.599, 1.768, 1.035, 0.0, 1.597, 2.45, 4.55, 12.18, 18.469, 17.463, 25.434, 26.071, 24.325, 23.799, 23.191, 23.085, 21.95, 19.637, 22.485, 20.204, 15.445, 17.058, 4.801, 2.239, 2.887, 4.4, 5.549, 5.473, 5.531, 5.49, 5.375, 4.971, 5.629, 6.316, 6.686, 6.713, 7.954, 10.003, 11.257, 12.712, 12.221, 11.313, 11.169, 8.918, 5.149, 3.666, 12.234, 22.022, 23.139, 23.917, 22.597, 13.728, 13.35, 13.526, 12.812, 13.772, 14.891, 16.486, 19.904, 20.332, 20.239, 20.363, 22.298, 22.349, 22.074, 23.888, 23.577, 22.767, 23.406, 23.685, 24.862, 23.696, 25.397, 22.614, 20.543, 18.382, 16.697, 15.214, 13.547, 11.898, 10.987, 8.99, 8.014, 8.302, 8.474, 8.239, 8.014, 7.762, 7.73, 6.912, 7.319, 9.657, 11.063, 11.482, 14.451], [9.637, 6.886, 5.72, 5.503, 4.562, 3.358, 2.831, 2.486, 1.836, 1.843, 2.133, 2.202, 1.984, 2.015, 1.784, 1.597, 0.0, 1.75, 3.849, 11.256, 17.168, 16.052, 24.077, 25.245, 23.484, 22.951, 22.304, 22.203, 20.983, 18.766, 21.602, 19.057, 14.403, 16.151, 4.092, 2.924, 3.061, 4.354, 5.705, 5.329, 5.216, 5.079, 4.917, 4.903, 5.807, 6.508, 6.965, 6.972, 8.35, 10.672, 12.003, 13.461, 12.978, 12.062, 11.926, 8.979, 5.203, 3.72, 11.009, 20.669, 21.859, 22.84, 21.302, 12.705, 12.02, 12.23, 11.745, 12.576, 13.745, 15.369, 18.991, 19.454, 19.367, 19.579, 21.489, 21.501, 21.229, 23.068, 22.749, 21.824, 21.985, 22.308, 23.49, 22.447, 24.157, 21.389, 19.137, 17.074, 15.544, 14.092, 12.366, 10.848, 10.078, 8.029, 6.939, 7.172, 7.422, 7.255, 7.091, 6.979, 7.353, 6.426, 6.884, 9.357, 10.454, 10.667, 13.634], [8.825, 6.857, 5.626, 5.202, 4.589, 3.608, 2.739, 2.162, 2.016, 2.767, 2.845, 2.754, 2.616, 2.28, 2.243, 2.45, 1.75, 0.0, 2.698, 10.058, 16.538, 15.338, 23.459, 24.576, 22.813, 22.213, 21.62, 21.5, 20.256, 17.954, 20.871, 18.324, 13.692, 15.505, 3.097, 3.513, 3.917, 5.312, 6.539, 6.265, 6.166, 5.987, 5.705, 5.836, 6.702, 7.411, 7.82, 7.862, 9.175, 11.406, 12.708, 14.132, 13.648, 12.748, 12.657, 9.915, 6.175, 4.382, 9.996, 19.931, 20.876, 22.009, 20.29, 11.646, 11.369, 11.402, 10.971, 11.783, 13.037, 14.513, 18.275, 18.718, 18.59, 18.747, 20.75, 20.807, 20.513, 22.311, 22.016, 21.043, 21.231, 21.449, 22.525, 21.562, 23.435, 20.575, 18.435, 16.06, 14.468, 13.027, 11.309, 9.769, 9.19, 7.285, 6.198, 6.267, 6.603, 6.355, 6.314, 6.634, 7.311, 6.67, 7.132, 9.275, 10.347, 9.908, 12.424], [8.325, 6.792, 5.59, 4.923, 4.952, 4.041, 3.481, 2.958, 3.744, 4.496, 4.515, 4.679, 4.591, 4.133, 4.219, 4.55, 3.849, 2.698, 0.0, 8.105, 14.686, 13.474, 21.616, 22.319, 20.466, 19.936, 19.459, 19.407, 18.271, 15.834, 18.743, 16.306, 11.732, 13.357, 3.542, 5.547, 6.034, 7.337, 8.691, 8.226, 8.029, 7.783, 7.548, 7.835, 8.768, 9.455, 9.954, 9.965, 11.376, 13.65, 14.986, 16.461, 15.917, 15.043, 14.885, 11.888, 7.695, 5.927, 8.612, 18.029, 19.012, 20.09, 18.357, 9.675, 9.509, 9.819, 9.264, 9.927, 10.988, 12.548, 16.199, 16.617, 16.398, 16.462, 18.44, 18.576, 18.254, 20.042, 19.748, 19.05, 19.421, 19.614, 20.68, 19.543, 21.609, 18.588, 16.575, 14.161, 12.721, 11.724, 9.694, 8.468, 8.481, 7.014, 6.026, 5.848, 6.542, 6.483, 6.456, 6.747, 7.3, 7.036, 7.496, 8.938, 10.086, 9.067, 10.404], [4.307, 7.438, 7.664, 7.929, 9.064, 9.413, 9.919, 9.973, 10.843, 11.799, 11.743, 11.806, 11.549, 11.268, 11.887, 12.18, 11.256, 10.058, 8.105, 0.0, 7.425, 6.058, 14.278, 15.518, 13.765, 13.141, 12.57, 12.478, 11.17, 8.797, 11.786, 9.088, 4.592, 6.392, 7.92, 12.51, 12.694, 13.568, 14.807, 14.181, 13.76, 13.292, 12.698, 13.542, 14.942, 15.719, 16.227, 16.28, 17.848, 20.342, 21.777, 23.243, 22.598, 21.774, 21.717, 16.687, 12.188, 10.87, 3.194, 10.662, 11.432, 12.868, 10.78, 2.498, 3.045, 2.586, 3.094, 2.967, 3.802, 5.319, 9.272, 9.683, 9.514, 9.64, 11.695, 11.749, 11.429, 13.251, 12.939, 12.015, 11.978, 12.099, 13.016, 12.114, 14.279, 11.18, 9.231, 6.416, 5.028, 4.134, 2.971, 2.548, 4.254, 5.602, 5.59, 5.414, 5.904, 5.505, 5.064, 5.719, 6.334, 8.207, 7.471, 5.569, 5.903, 3.714, 3.373], [10.974, 14.454, 14.676, 14.916, 16.09, 16.286, 16.52, 16.543, 17.716, 18.425, 18.678, 18.953, 18.595, 18.301, 18.396, 18.469, 17.168, 16.538, 14.686, 7.425, 0.0, 2.321, 7.166, 8.635, 7.017, 6.376, 5.747, 5.764, 5.043, 5.261, 5.611, 3.171, 3.341, 2.857, 15.113, 19.624, 19.556, 20.485, 21.683, 21.053, 20.658, 20.15, 19.591, 20.441, 21.823, 22.585, 23.097, 23.175, 24.767, 27.243, 28.619, 30.103, 29.613, 28.719, 28.665, 23.603, 19.33, 17.84, 7.46, 6.512, 6.384, 7.079, 6.529, 6.339, 6.036, 6.098, 6.172, 5.406, 4.609, 3.536, 3.589, 3.647, 3.406, 3.805, 5.018, 4.95, 4.698, 6.525, 6.265, 5.424, 5.352, 6.151, 7.517, 7.084, 7.356, 5.977, 3.982, 4.926, 6.018, 6.651, 7.624, 8.81, 10.688, 12.195, 12.268, 12.051, 12.567, 12.177, 11.897, 12.743, 13.495, 15.224, 14.406, 12.105, 11.116, 8.906, 6.402], [9.699, 13.064, 13.248, 13.546, 14.775, 14.884, 15.333, 15.3, 16.44, 17.176, 17.429, 17.613, 17.234, 16.95, 17.275, 17.463, 16.052, 15.338, 13.474, 6.058, 2.321, 0.0, 8.338, 9.995, 8.382, 7.706, 7.067, 7.021, 5.64, 4.195, 6.282, 3.427, 3.007, 2.627, 13.707, 18.294, 18.234, 19.234, 20.475, 19.834, 19.425, 18.91, 18.354, 19.203, 20.587, 21.325, 21.848, 21.938, 23.532, 26.036, 27.449, 28.911, 28.309, 27.468, 27.335, 22.258, 17.893, 16.431, 6.029, 5.593, 6.166, 7.24, 5.785, 4.695, 4.62, 4.755, 4.979, 4.18, 3.643, 2.81, 3.967, 4.249, 4.15, 4.163, 6.222, 6.257, 5.927, 7.832, 7.466, 6.421, 6.113, 6.33, 7.508, 6.698, 8.498, 5.668, 3.426, 3.315, 4.829, 5.421, 6.145, 7.199, 8.937, 10.611, 10.853, 10.623, 11.165, 10.828, 10.492, 11.334, 12.061, 13.817, 13.044, 10.435, 9.611, 7.207, 4.822], [17.841, 21.285, 21.505, 21.765, 22.93, 23.131, 23.455, 23.452, 24.628, 25.337, 25.593, 25.843, 25.488, 25.179, 25.342, 25.434, 24.077, 23.459, 21.616, 14.278, 7.166, 8.338, 0.0, 2.865, 3.417, 2.871, 3.425, 3.622, 4.31, 6.151, 3.922, 5.39, 10.136, 8.735, 21.97, 26.519, 26.443, 27.367, 28.584, 27.952, 27.549, 27.038, 26.48, 27.331, 28.708, 29.473, 29.983, 30.069, 31.665, 34.143, 35.542, 37.019, 36.493, 35.605, 35.512, 30.457, 26.15, 24.702, 13.993, 4.269, 3.459, 2.523, 4.48, 12.275, 12.457, 12.338, 12.722, 11.859, 10.676, 9.13, 6.59, 5.885, 6.066, 5.869, 4.49, 4.672, 4.691, 3.561, 2.777, 3.041, 2.464, 2.681, 2.489, 3.548, 1.947, 3.301, 5.155, 8.59, 11.257, 12.559, 14.055, 15.381, 17.041, 18.827, 19.056, 18.872, 19.408, 18.99, 18.772, 19.608, 20.35, 22.096, 21.254, 18.68, 17.194, 15.079, 11.871], [19.545, 22.783, 22.956, 23.312, 24.444, 24.521, 24.125, 24.123, 25.621, 26.252, 26.39, 26.785, 26.614, 26.186, 26.082, 26.071, 25.245, 24.576, 22.319, 15.518, 8.635, 9.995, 2.865, 0.0, 2.326, 2.668, 3.035, 3.284, 4.546, 6.878, 3.949, 6.635, 11.098, 9.194, 22.959, 27.626, 27.947, 28.983, 30.229, 29.609, 29.223, 28.71, 28.157, 29.004, 30.395, 31.154, 31.67, 31.747, 33.315, 35.781, 37.115, 38.619, 38.051, 37.197, 37.05, 32.082, 27.479, 25.743, 15.451, 5.615, 5.022, 3.647, 6.061, 13.621, 14.092, 13.989, 13.857, 13.283, 12.037, 10.328, 6.514, 6.181, 6.433, 6.263, 4.452, 4.163, 4.366, 3.081, 3.149, 3.889, 4.249, 4.311, 4.386, 4.779, 2.659, 4.886, 6.81, 10.492, 13.054, 14.363, 15.778, 16.981, 18.614, 20.424, 20.597, 20.389, 20.958, 20.661, 20.081, 20.878, 21.513, 23.361, 22.705, 19.688, 18.338, 16.421, 13.045], [17.864, 21.051, 21.23, 21.562, 22.682, 22.75, 22.201, 22.373, 23.864, 24.485, 24.608, 24.954, 24.839, 24.387, 24.318, 24.325, 23.484, 22.813, 20.466, 13.765, 7.017, 8.382, 3.417, 2.326, 0.0, 1.306, 1.674, 1.897, 3.353, 5.367, 3.148, 5.007, 9.437, 7.508, 21.087, 25.851, 26.194, 27.224, 28.468, 27.855, 27.479, 26.96, 26.414, 27.26, 28.652, 29.43, 29.942, 29.991, 31.556, 34.014, 35.367, 36.843, 36.291, 35.418, 35.275, 30.363, 25.742, 23.986, 13.791, 4.902, 4.392, 3.959, 5.244, 11.973, 12.449, 12.361, 12.134, 11.624, 10.356, 8.687, 4.906, 4.512, 4.542, 4.328, 2.581, 2.536, 2.751, 1.607, 2.121, 2.651, 3.094, 3.698, 4.739, 4.645, 3.053, 4.101, 5.201, 8.884, 11.418, 12.708, 14.119, 15.349, 16.973, 18.783, 18.92, 18.738, 19.297, 18.983, 18.391, 19.157, 19.731, 21.626, 21.01, 17.904, 16.659, 14.78, 11.429], [17.232, 20.463, 20.7, 20.97, 22.089, 22.24, 21.913, 21.905, 23.454, 24.048, 24.148, 24.511, 24.361, 23.859, 23.801, 23.799, 22.951, 22.213, 19.936, 13.141, 6.376, 7.706, 2.871, 2.668, 1.306, 0.0, 1.256, 1.657, 2.99, 4.853, 2.712, 4.38, 8.815, 6.964, 20.587, 25.382, 25.619, 26.623, 27.861, 27.246, 26.86, 26.343, 25.795, 26.642, 28.03, 28.812, 29.321, 29.372, 30.947, 33.418, 34.777, 36.272, 35.687, 34.836, 34.686, 29.737, 25.211, 23.392, 13.171, 4.453, 3.766, 3.488, 4.818, 11.393, 11.806, 11.722, 11.501, 10.974, 9.714, 8.042, 4.562, 3.98, 4.088, 3.889, 2.274, 2.418, 2.58, 1.566, 1.551, 1.951, 2.447, 3.125, 4.338, 4.132, 2.745, 3.484, 4.533, 8.204, 10.77, 12.051, 13.486, 14.702, 16.419, 18.177, 18.303, 18.172, 18.751, 18.347, 17.789, 18.573, 19.102, 21.098, 20.372, 17.502, 16.13, 14.16, 10.815], [16.603, 19.856, 20.084, 20.366, 21.522, 21.654, 21.419, 21.364, 22.835, 23.422, 23.587, 23.948, 23.764, 23.29, 23.217, 23.191, 22.304, 21.62, 19.459, 12.57, 5.747, 7.067, 3.425, 3.035, 1.674, 1.256, 0.0, 1.488, 2.922, 4.49, 2.647, 3.722, 8.183, 6.277, 20.091, 24.789, 25.018, 26.032, 27.278, 26.66, 26.275, 25.761, 25.209, 26.056, 27.444, 28.21, 28.728, 28.792, 30.369, 32.835, 34.183, 35.683, 35.118, 34.269, 34.11, 29.144, 24.624, 22.823, 12.517, 4.588, 3.877, 3.722, 4.878, 10.741, 11.175, 11.084, 10.9, 10.359, 9.105, 7.421, 3.807, 3.38, 3.526, 3.546, 1.955, 1.735, 2.026, 1.611, 1.928, 2.118, 2.587, 3.363, 4.524, 4.353, 2.941, 3.58, 3.951, 7.577, 10.132, 11.418, 12.86, 14.068, 15.778, 17.536, 17.695, 17.519, 18.104, 17.715, 17.16, 17.968, 18.537, 20.496, 19.761, 16.937, 15.506, 13.534, 10.183], [16.541, 19.816, 20.048, 20.312, 21.42, 21.59, 21.367, 21.287, 22.761, 23.349, 23.509, 23.919, 23.7, 23.259, 23.185, 23.085, 22.203, 21.5, 19.407, 12.478, 5.764, 7.021, 3.622, 3.284, 1.897, 1.657, 1.488, 0.0, 2.153, 3.997, 1.849, 3.714, 8.119, 6.262, 20.051, 24.715, 24.964, 25.947, 27.19, 26.574, 26.198, 25.681, 25.134, 25.979, 27.368, 28.141, 28.656, 28.708, 30.281, 32.745, 34.088, 35.584, 35.013, 34.158, 34.017, 29.068, 24.588, 22.814, 12.495, 3.815, 3.333, 3.218, 3.974, 10.737, 11.112, 11.02, 10.814, 10.3, 9.085, 7.341, 3.572, 3.346, 3.419, 3.386, 1.783, 2.04, 2.066, 1.622, 1.799, 1.632, 2.156, 2.86, 4.277, 3.555, 2.959, 3.017, 3.9, 7.522, 10.068, 11.351, 12.786, 13.998, 15.739, 17.498, 17.62, 17.492, 18.073, 17.651, 17.119, 17.921, 18.485, 20.451, 19.696, 16.946, 15.476, 13.489, 10.153], [15.192, 18.497, 18.74, 19.021, 20.124, 20.299, 20.178, 20.153, 21.533, 22.128, 22.314, 22.699, 22.447, 22.042, 22.024, 21.95, 20.983, 20.256, 18.271, 11.17, 5.043, 5.64, 4.31, 4.546, 3.353, 2.99, 2.922, 2.153, 0.0, 2.598, 1.218, 2.684, 6.779, 5.074, 18.827, 23.464, 23.683, 24.644, 25.882, 25.259, 24.87, 24.357, 23.804, 24.651, 26.04, 26.806, 27.322, 27.386, 28.966, 31.442, 32.812, 34.299, 33.713, 32.861, 32.739, 27.741, 23.289, 21.565, 11.154, 3.044, 3.45, 3.216, 2.902, 9.314, 9.76, 9.63, 9.505, 8.936, 7.737, 6.031, 2.993, 2.655, 2.768, 2.573, 2.698, 3.048, 2.439, 3.226, 2.769, 2.034, 2.788, 3.147, 4.521, 3.491, 3.611, 2.693, 2.479, 6.046, 8.686, 9.978, 11.394, 12.617, 14.386, 16.144, 16.269, 16.148, 16.737, 16.293, 15.808, 16.604, 17.229, 19.14, 18.355, 15.657, 14.129, 12.159, 8.825], [12.843, 16.139, 16.399, 16.668, 17.763, 17.941, 17.775, 17.748, 19.226, 19.817, 19.9, 20.288, 20.092, 19.671, 19.644, 19.637, 18.766, 17.954, 15.834, 8.797, 5.261, 4.195, 6.151, 6.878, 5.367, 4.853, 4.49, 3.997, 2.598, 0.0, 3.238, 2.79, 5.457, 4.13, 16.401, 21.126, 21.331, 22.278, 23.52, 22.9, 22.512, 21.997, 21.449, 22.293, 23.68, 24.452, 24.966, 25.028, 26.603, 29.078, 30.482, 31.952, 31.346, 30.499, 30.409, 25.396, 20.912, 19.14, 8.81, 3.665, 4.702, 4.663, 3.877, 6.956, 7.504, 7.304, 7.193, 6.599, 5.678, 4.698, 3.185, 2.936, 3.227, 2.541, 3.834, 3.93, 3.5, 4.888, 4.646, 3.666, 4.228, 4.426, 5.813, 4.674, 6.009, 3.589, 2.097, 3.76, 6.354, 7.646, 9.067, 10.289, 12.055, 13.814, 13.923, 13.817, 14.405, 13.945, 13.462, 14.261, 14.811, 16.789, 16.002, 13.244, 11.773, 9.783, 6.435], [15.804, 19.098, 19.341, 19.619, 20.737, 20.905, 20.669, 20.638, 22.128, 22.708, 22.842, 23.242, 23.039, 22.561, 22.503, 22.485, 21.602, 20.871, 18.743, 11.786, 5.611, 6.282, 3.922, 3.949, 3.148, 2.712, 2.647, 1.849, 1.218, 3.238, 0.0, 3.094, 7.446, 5.662, 19.313, 24.069, 24.278, 25.252, 26.492, 25.867, 25.48, 24.966, 24.414, 25.261, 26.649, 27.412, 27.927, 28.0, 29.571, 32.055, 33.411, 34.899, 34.318, 33.477, 33.35, 28.34, 23.883, 22.09, 11.776, 2.665, 2.916, 2.706, 2.868, 9.966, 10.384, 10.263, 10.142, 9.519, 8.262, 6.591, 3.466, 3.307, 3.254, 3.095, 2.928, 3.305, 2.729, 2.765, 2.279, 1.711, 2.525, 2.66, 3.977, 2.963, 3.14, 2.294, 3.101, 6.731, 9.321, 10.612, 12.026, 13.252, 15.021, 16.78, 16.885, 16.772, 17.358, 16.914, 16.427, 17.234, 17.749, 19.753, 18.959, 16.179, 14.752, 12.747, 9.397], [12.992, 16.291, 16.48, 16.784, 18.005, 18.08, 18.162, 18.126, 19.422, 20.058, 20.285, 20.522, 20.268, 19.884, 20.06, 20.204, 19.057, 18.324, 16.306, 9.088, 3.171, 3.427, 5.39, 6.635, 5.007, 4.38, 3.722, 3.714, 2.684, 2.79, 3.094, 0.0, 5.055, 3.573, 16.651, 21.282, 21.46, 22.495, 23.737, 23.1, 22.695, 22.184, 21.628, 22.477, 23.856, 24.617, 25.127, 25.211, 26.805, 29.291, 30.688, 32.166, 31.57, 30.732, 30.578, 25.548, 21.044, 19.38, 8.94, 3.889, 4.116, 4.66, 4.066, 7.147, 7.554, 7.423, 7.582, 6.713, 5.561, 3.928, 2.236, 2.027, 1.859, 1.644, 2.957, 3.062, 2.712, 4.491, 4.125, 3.221, 3.398, 3.989, 5.347, 4.575, 5.361, 3.216, 1.541, 4.159, 6.56, 7.788, 9.222, 10.429, 12.129, 13.888, 14.091, 13.871, 14.46, 14.085, 13.591, 14.432, 15.081, 16.906, 16.189, 13.385, 11.95, 9.9, 6.665], [8.479, 11.846, 12.071, 12.342, 13.469, 13.653, 13.576, 13.608, 14.889, 15.507, 15.732, 16.054, 15.798, 15.415, 15.468, 15.445, 14.403, 13.692, 11.732, 4.592, 3.341, 3.007, 10.136, 11.098, 9.437, 8.815, 8.183, 8.119, 6.779, 5.457, 7.446, 5.055, 0.0, 2.601, 12.233, 16.813, 17.0, 17.922, 19.17, 18.546, 18.159, 17.646, 17.095, 17.94, 19.331, 20.094, 20.608, 20.684, 22.251, 24.728, 26.095, 27.572, 27.008, 26.159, 26.06, 21.057, 16.638, 14.96, 5.385, 7.837, 8.779, 9.095, 8.193, 3.9, 3.54, 3.661, 3.854, 3.048, 2.647, 1.935, 4.885, 5.301, 5.204, 5.461, 7.347, 7.325, 7.008, 8.934, 8.622, 7.632, 8.154, 8.624, 9.909, 9.048, 10.093, 7.626, 5.514, 5.352, 5.927, 5.54, 5.333, 6.022, 7.958, 9.537, 9.645, 9.487, 10.072, 9.584, 9.15, 9.992, 10.623, 12.478, 11.649, 9.153, 8.644, 6.208, 4.592], [10.41, 13.635, 13.908, 14.184, 15.315, 15.433, 15.273, 15.256, 16.646, 17.204, 17.425, 17.771, 17.558, 17.14, 17.104, 17.058, 16.151, 15.505, 13.357, 6.392, 2.857, 2.627, 8.735, 9.194, 7.508, 6.964, 6.277, 6.262, 5.074, 4.13, 5.662, 3.573, 2.601, 0.0, 13.935, 18.578, 18.843, 19.856, 21.101, 20.48, 20.095, 19.581, 19.03, 19.877, 21.264, 22.029, 22.552, 22.615, 24.196, 26.654, 28.013, 29.502, 28.944, 28.076, 27.92, 22.951, 18.402, 16.657, 6.34, 7.016, 7.515, 7.787, 7.315, 4.66, 4.994, 4.926, 4.731, 4.171, 2.97, 1.974, 3.185, 3.51, 3.462, 3.766, 5.494, 5.503, 5.171, 7.045, 6.798, 6.073, 6.839, 7.41, 8.763, 7.884, 8.54, 6.465, 4.355, 4.208, 4.91, 5.366, 6.676, 7.898, 9.581, 11.323, 11.473, 11.33, 11.918, 11.538, 11.001, 11.752, 12.415, 14.333, 13.562, 10.762, 9.359, 7.394, 4.379], [6.622, 4.795, 3.866, 3.739, 3.412, 2.968, 2.713, 2.997, 3.506, 4.44, 4.296, 4.281, 4.258, 3.769, 4.399, 4.801, 4.092, 3.097, 3.542, 7.92, 15.113, 13.707, 21.97, 22.959, 21.087, 20.587, 20.091, 20.051, 18.827, 16.401, 19.313, 16.651, 12.233, 13.935, 0.0, 5.094, 5.37, 6.327, 7.551, 6.921, 6.566, 6.09, 5.596, 6.334, 7.74, 8.523, 8.997, 9.043, 10.628, 13.103, 14.513, 15.981, 15.374, 14.559, 14.44, 9.646, 4.949, 3.601, 8.131, 18.278, 19.159, 20.537, 18.534, 9.786, 9.726, 9.799, 9.513, 10.188, 11.33, 12.914, 16.864, 17.254, 17.029, 17.031, 19.05, 19.213, 18.912, 20.667, 20.353, 19.634, 19.685, 19.817, 20.775, 19.721, 21.971, 18.843, 16.891, 14.193, 12.271, 10.813, 9.122, 7.524, 6.819, 5.21, 4.224, 4.14, 4.506, 4.478, 4.502, 4.567, 5.199, 4.704, 5.166, 6.93, 8.085, 7.676, 10.395], [10.227, 7.079, 6.061, 5.955, 4.785, 4.044, 4.333, 3.929, 2.438, 2.187, 2.032, 1.7, 1.652, 2.073, 2.151, 2.239, 2.924, 3.513, 5.547, 12.51, 19.624, 18.294, 26.519, 27.626, 25.851, 25.382, 24.789, 24.715, 23.464, 21.126, 24.069, 21.282, 16.813, 18.578, 5.094, 0.0, 1.854, 2.979, 3.924, 4.47, 4.741, 4.781, 4.707, 4.252, 4.571, 4.897, 5.048, 5.01, 6.206, 8.326, 9.648, 11.108, 10.582, 9.725, 9.568, 7.138, 3.686, 3.642, 12.706, 22.786, 23.731, 25.176, 23.09, 14.367, 14.283, 14.353, 14.085, 14.779, 16.039, 17.604, 21.534, 21.952, 21.832, 21.83, 23.869, 24.011, 23.69, 25.492, 25.193, 24.292, 24.255, 24.395, 25.355, 24.321, 26.548, 23.436, 21.44, 18.76, 16.573, 15.161, 13.538, 11.715, 10.424, 8.675, 7.963, 8.223, 8.03, 8.073, 8.139, 7.491, 7.514, 6.225, 6.823, 9.274, 10.556, 11.832, 15.112], [9.648, 6.3, 5.563, 5.263, 4.043, 3.626, 4.615, 4.357, 2.904, 2.377, 2.238, 1.976, 2.093, 2.607, 2.919, 2.887, 3.061, 3.917, 6.034, 12.694, 19.556, 18.234, 26.443, 27.947, 26.194, 25.619, 25.018, 24.964, 23.683, 21.331, 24.278, 21.46, 17.0, 18.843, 5.37, 1.854, 0.0, 1.904, 3.089, 3.017, 3.248, 3.33, 3.137, 2.667, 3.205, 3.771, 4.139, 4.181, 5.592, 7.915, 9.321, 10.778, 10.22, 9.351, 9.264, 6.301, 2.854, 3.763, 12.649, 22.687, 23.4, 25.301, 22.869, 14.57, 14.103, 14.224, 14.225, 14.896, 16.159, 17.764, 21.765, 22.192, 22.016, 22.085, 24.149, 24.26, 23.95, 25.757, 25.442, 24.479, 24.171, 24.13, 24.975, 24.282, 26.667, 23.588, 21.428, 18.226, 15.944, 14.582, 12.953, 11.416, 10.08, 8.207, 7.714, 7.848, 7.467, 7.77, 8.138, 7.562, 7.3, 5.741, 6.205, 9.053, 10.47, 11.81, 15.199], [9.864, 6.603, 6.258, 5.964, 4.759, 4.718, 5.906, 5.617, 4.193, 3.579, 3.464, 3.436, 3.488, 3.888, 4.396, 4.4, 4.354, 5.312, 7.337, 13.568, 20.485, 19.234, 27.367, 28.983, 27.224, 26.623, 26.032, 25.947, 24.644, 22.278, 25.252, 22.495, 17.922, 19.856, 6.327, 2.979, 1.904, 0.0, 1.706, 1.829, 2.083, 2.128, 2.232, 1.864, 2.185, 2.506, 2.972, 2.887, 4.386, 6.848, 8.281, 9.737, 9.239, 8.306, 8.481, 4.79, 2.548, 4.44, 13.678, 23.76, 24.318, 26.28, 23.727, 15.585, 15.08, 15.149, 15.223, 15.84, 17.135, 18.74, 22.691, 23.133, 22.979, 23.144, 25.179, 25.198, 24.895, 26.735, 26.413, 25.423, 25.085, 25.03, 25.829, 25.293, 27.636, 24.571, 22.437, 19.015, 16.536, 15.204, 13.609, 12.307, 10.897, 8.983, 8.629, 8.844, 8.357, 8.609, 9.104, 8.426, 7.879, 6.244, 6.724, 9.782, 11.124, 12.785, 16.18], [10.978, 7.634, 7.393, 7.039, 5.837, 5.941, 6.898, 6.655, 5.384, 4.74, 4.545, 4.593, 4.697, 5.024, 5.521, 5.549, 5.705, 6.539, 8.691, 14.807, 21.683, 20.475, 28.584, 30.229, 28.468, 27.861, 27.278, 27.19, 25.882, 23.52, 26.492, 23.737, 19.17, 21.101, 7.551, 3.924, 3.089, 1.706, 0.0, 1.067, 1.519, 1.99, 2.572, 1.926, 1.846, 1.966, 2.211, 2.189, 3.468, 5.677, 7.064, 8.534, 8.258, 7.65, 8.198, 3.906, 3.649, 5.608, 14.915, 24.976, 25.56, 27.519, 24.964, 16.837, 16.322, 16.37, 16.459, 17.082, 18.379, 19.988, 23.936, 24.384, 24.224, 24.382, 26.417, 26.444, 26.145, 27.975, 27.662, 26.667, 26.329, 26.293, 27.079, 26.521, 28.873, 25.813, 23.672, 20.139, 17.514, 16.201, 14.775, 13.5, 12.056, 10.14, 9.83, 10.034, 9.523, 9.786, 10.321, 9.599, 9.033, 7.242, 7.879, 10.934, 12.224, 14.03, 17.424], [10.323, 6.969, 6.784, 6.43, 5.216, 5.305, 6.407, 6.191, 5.044, 4.388, 4.332, 4.524, 4.533, 4.978, 5.482, 5.473, 5.329, 6.265, 8.226, 14.181, 21.053, 19.834, 27.952, 29.609, 27.855, 27.246, 26.66, 26.574, 25.259, 22.9, 25.867, 23.1, 18.546, 20.48, 6.921, 4.47, 3.017, 1.829, 1.067, 0.0, 0.909, 1.342, 1.816, 1.575, 1.978, 2.377, 2.731, 2.794, 4.122, 6.412, 7.766, 9.186, 8.921, 8.39, 8.956, 4.306, 3.423, 5.566, 14.282, 24.342, 24.922, 26.885, 24.324, 16.197, 15.678, 15.732, 15.824, 16.445, 17.729, 19.353, 23.323, 23.761, 23.596, 23.758, 25.803, 25.822, 25.524, 27.363, 27.045, 26.038, 25.695, 25.649, 26.45, 25.89, 28.239, 25.174, 23.034, 19.486, 16.875, 15.568, 14.114, 12.872, 11.366, 9.499, 9.19, 9.408, 8.882, 9.171, 9.694, 8.955, 8.37, 6.492, 7.145, 10.281, 11.574, 13.385, 16.799], [9.949, 6.638, 6.336, 5.989, 4.844, 5.044, 6.164, 5.978, 4.909, 4.49, 4.275, 4.482, 4.536, 5.009, 5.629, 5.531, 5.216, 6.166, 8.029, 13.76, 20.658, 19.425, 27.549, 29.223, 27.479, 26.86, 26.275, 26.198, 24.87, 22.512, 25.48, 22.695, 18.159, 20.095, 6.566, 4.741, 3.248, 2.083, 1.519, 0.909, 0.0, 0.746, 1.336, 1.214, 1.786, 2.324, 2.966, 3.011, 4.436, 6.788, 8.17, 9.61, 9.33, 8.479, 9.005, 4.393, 3.345, 5.547, 13.867, 23.935, 24.512, 26.489, 23.905, 15.78, 15.267, 15.328, 15.431, 16.04, 17.329, 18.948, 22.945, 23.384, 23.211, 23.377, 25.426, 25.443, 25.14, 26.986, 26.668, 25.656, 25.285, 25.227, 26.024, 25.466, 27.836, 24.754, 22.633, 19.067, 16.465, 15.137, 13.688, 12.444, 10.964, 9.09, 8.765, 8.976, 8.461, 8.743, 9.267, 8.564, 7.979, 6.168, 6.684, 9.817, 11.218, 12.965, 16.363], [9.519, 6.283, 5.902, 5.578, 4.418, 4.709, 5.883, 5.696, 4.676, 4.507, 4.257, 4.46, 4.488, 4.944, 5.62, 5.49, 5.079, 5.987, 7.783, 13.292, 20.15, 18.91, 27.038, 28.71, 26.96, 26.343, 25.761, 25.681, 24.357, 21.997, 24.966, 22.184, 17.646, 19.581, 6.09, 4.781, 3.33, 2.128, 1.99, 1.342, 0.746, 0.0, 1.15, 1.337, 2.131, 2.672, 3.406, 3.534, 4.938, 7.274, 8.703, 10.142, 9.866, 9.018, 9.305, 4.675, 3.123, 5.345, 13.351, 23.423, 24.004, 25.982, 23.415, 15.267, 14.752, 14.813, 14.92, 15.529, 16.823, 18.443, 22.428, 22.869, 22.693, 22.86, 24.911, 24.926, 24.626, 26.472, 26.151, 25.14, 24.77, 24.707, 25.518, 24.945, 27.325, 24.245, 22.117, 18.58, 15.963, 14.658, 13.195, 11.957, 10.488, 8.631, 8.293, 8.507, 7.957, 8.246, 8.815, 8.132, 7.549, 5.748, 6.242, 9.383, 10.787, 12.458, 15.849], [8.992, 5.697, 5.278, 4.968, 3.875, 4.226, 5.444, 5.323, 4.512, 4.422, 4.141, 4.262, 4.396, 4.869, 5.54, 5.375, 4.917, 5.705, 7.548, 12.698, 19.591, 18.354, 26.48, 28.157, 26.414, 25.795, 25.209, 25.134, 23.804, 21.449, 24.414, 21.628, 17.095, 19.03, 5.596, 4.707, 3.137, 2.232, 2.572, 1.816, 1.336, 1.15, 0.0, 1.194, 2.536, 3.228, 3.673, 3.814, 5.446, 7.77, 9.25, 10.698, 10.412, 9.575, 9.924, 4.968, 2.724, 4.835, 12.79, 22.862, 23.436, 25.424, 22.827, 14.698, 14.19, 14.257, 14.364, 14.975, 16.261, 17.883, 21.879, 22.321, 22.146, 22.313, 24.364, 24.377, 24.074, 25.924, 25.604, 24.59, 24.211, 24.149, 24.932, 24.38, 26.767, 23.678, 21.556, 17.976, 15.399, 14.05, 12.593, 11.361, 9.931, 8.045, 7.691, 7.884, 7.397, 7.664, 8.171, 7.501, 7.008, 5.219, 5.657, 8.794, 10.229, 11.893, 15.273], [9.791, 6.453, 6.123, 5.807, 4.708, 4.952, 6.126, 5.923, 4.746, 4.273, 4.071, 4.007, 4.175, 4.522, 5.083, 4.971, 4.903, 5.836, 7.835, 13.542, 20.441, 19.203, 27.331, 29.004, 27.26, 26.642, 26.056, 25.979, 24.651, 22.293, 25.261, 22.477, 17.94, 19.877, 6.334, 4.252, 2.667, 1.864, 1.926, 1.575, 1.214, 1.337, 1.194, 0.0, 1.715, 2.387, 2.844, 2.987, 4.608, 6.943, 8.386, 9.857, 9.561, 8.708, 9.099, 4.507, 3.004, 4.97, 13.648, 23.713, 24.29, 26.27, 23.683, 15.546, 15.044, 15.106, 15.215, 15.821, 17.112, 18.732, 22.726, 23.168, 22.992, 23.159, 25.21, 25.224, 24.921, 26.771, 26.45, 25.437, 25.057, 24.995, 25.776, 25.24, 27.62, 24.526, 22.412, 18.817, 16.224, 14.889, 13.439, 12.199, 10.731, 8.854, 8.514, 8.73, 8.227, 8.495, 9.018, 8.316, 7.818, 6.011, 6.537, 9.623, 11.038, 12.731, 16.13], [11.22, 7.945, 7.477, 7.236, 6.11, 6.135, 7.298, 7.102, 5.7, 5.009, 4.889, 4.806, 4.943, 5.221, 5.623, 5.629, 5.807, 6.702, 8.768, 14.942, 21.823, 20.587, 28.708, 30.395, 28.652, 28.03, 27.444, 27.368, 26.04, 23.68, 26.649, 23.856, 19.331, 21.264, 7.74, 4.571, 3.205, 2.185, 1.846, 1.978, 1.786, 2.131, 2.536, 1.715, 0.0, 1.035, 1.675, 1.975, 3.284, 5.629, 6.98, 8.472, 8.147, 7.265, 7.676, 3.727, 3.869, 5.856, 15.017, 25.093, 25.666, 27.659, 25.059, 16.939, 16.428, 16.484, 16.596, 17.202, 18.507, 20.115, 24.113, 24.556, 24.384, 24.548, 26.6, 26.611, 26.31, 28.17, 27.839, 26.824, 26.439, 26.389, 27.168, 26.61, 28.997, 25.91, 23.788, 20.205, 17.642, 16.281, 14.858, 13.624, 12.208, 10.291, 9.952, 10.119, 9.645, 9.921, 10.414, 9.764, 9.21, 7.417, 7.861, 10.993, 12.464, 14.139, 17.517], [11.873, 8.588, 8.246, 7.973, 6.889, 6.848, 7.994, 7.79, 6.378, 5.636, 5.553, 5.517, 5.639, 5.888, 6.285, 6.316, 6.508, 7.411, 9.455, 15.719, 22.585, 21.325, 29.473, 31.154, 29.43, 28.812, 28.21, 28.141, 26.806, 24.452, 27.412, 24.617, 20.094, 22.029, 8.523, 4.897, 3.771, 2.506, 1.966, 2.377, 2.324, 2.672, 3.228, 2.387, 1.035, 0.0, 1.166, 1.49, 2.702, 4.942, 6.35, 7.795, 7.455, 6.702, 7.204, 3.251, 4.111, 6.037, 15.778, 25.852, 26.399, 28.416, 25.821, 17.678, 17.179, 17.228, 17.367, 17.952, 19.264, 20.875, 24.882, 25.329, 25.15, 25.323, 27.374, 27.381, 27.076, 28.949, 28.613, 27.597, 27.177, 27.114, 27.875, 27.347, 29.744, 26.66, 24.547, 20.96, 18.341, 17.017, 15.572, 14.301, 12.918, 11.007, 10.653, 10.851, 10.364, 10.618, 11.151, 10.444, 9.868, 8.08, 8.542, 11.692, 13.129, 14.864, 18.211], [12.21, 8.965, 8.764, 8.456, 7.364, 7.332, 8.511, 8.302, 6.882, 6.14, 6.063, 5.961, 6.053, 6.337, 6.67, 6.686, 6.965, 7.82, 9.954, 16.227, 23.097, 21.848, 29.983, 31.67, 29.942, 29.321, 28.728, 28.656, 27.322, 24.966, 27.927, 25.127, 20.608, 22.552, 8.997, 5.048, 4.139, 2.972, 2.211, 2.731, 2.966, 3.406, 3.673, 2.844, 1.675, 1.166, 0.0, 0.88, 2.134, 4.433, 5.983, 7.481, 7.096, 6.743, 7.284, 3.257, 4.598, 6.556, 16.296, 26.363, 26.936, 28.933, 26.332, 18.198, 17.691, 17.746, 17.884, 18.473, 19.775, 21.388, 25.4, 25.85, 25.668, 25.836, 27.891, 27.896, 27.593, 29.463, 29.13, 28.114, 27.701, 27.637, 28.399, 27.869, 30.264, 27.181, 25.063, 21.492, 18.838, 17.527, 16.063, 14.8, 13.337, 11.43, 11.138, 11.357, 10.865, 11.107, 11.643, 10.88, 10.251, 8.414, 9.024, 12.17, 13.524, 15.366, 18.741], [12.321, 9.03, 8.847, 8.506, 7.385, 7.385, 8.541, 8.3, 6.901, 6.135, 6.065, 5.998, 6.084, 6.368, 6.695, 6.713, 6.972, 7.862, 9.965, 16.28, 23.175, 21.938, 30.069, 31.747, 29.991, 29.372, 28.792, 28.708, 27.386, 25.028, 28.0, 25.211, 20.684, 22.615, 9.043, 5.01, 4.181, 2.887, 2.189, 2.794, 3.011, 3.534, 3.814, 2.987, 1.975, 1.49, 0.88, 0.0, 1.814, 4.257, 5.735, 7.175, 6.767, 6.474, 6.998, 3.066, 4.536, 6.303, 16.377, 26.448, 27.03, 29.006, 26.423, 18.278, 17.783, 17.841, 17.943, 18.56, 19.852, 21.47, 25.464, 25.9, 25.723, 25.888, 27.946, 27.962, 27.657, 29.501, 29.179, 28.174, 27.796, 27.732, 28.501, 27.963, 30.352, 27.263, 25.145, 21.603, 18.992, 17.69, 16.169, 14.903, 13.455, 11.546, 11.228, 11.469, 10.964, 11.203, 11.727, 10.962, 10.347, 8.49, 9.147, 12.256, 13.617, 15.464, 18.849], [13.928, 10.626, 10.424, 10.115, 8.97, 8.928, 9.935, 9.713, 8.196, 7.444, 7.367, 7.224, 7.31, 7.629, 7.94, 7.954, 8.35, 9.175, 11.376, 17.848, 24.767, 23.532, 31.665, 33.315, 31.556, 30.947, 30.369, 30.281, 28.966, 26.603, 29.571, 26.805, 22.251, 24.196, 10.628, 6.206, 5.592, 4.386, 3.468, 4.122, 4.436, 4.938, 5.446, 4.608, 3.284, 2.702, 2.134, 1.814, 0.0, 2.724, 4.259, 5.705, 5.21, 5.087, 5.576, 2.802, 5.997, 7.675, 17.986, 28.067, 28.647, 30.592, 28.053, 19.887, 19.406, 19.439, 19.528, 20.155, 21.455, 23.057, 27.024, 27.457, 27.301, 27.46, 29.505, 29.525, 29.229, 31.066, 30.744, 29.741, 29.393, 29.34, 30.132, 29.584, 31.941, 28.864, 26.764, 23.281, 20.661, 19.369, 17.841, 16.512, 15.087, 13.185, 12.864, 13.094, 12.612, 12.826, 13.348, 12.596, 11.956, 10.06, 10.721, 13.883, 15.24, 17.071, 20.439], [16.479, 13.139, 12.929, 12.57, 11.375, 11.388, 12.184, 11.969, 10.381, 9.705, 9.557, 9.269, 9.353, 9.778, 9.953, 10.003, 10.672, 11.406, 13.65, 20.342, 27.243, 26.036, 34.143, 35.781, 34.014, 33.418, 32.835, 32.745, 31.442, 29.078, 32.055, 29.291, 24.728, 26.654, 13.103, 8.326, 7.915, 6.848, 5.677, 6.412, 6.788, 7.274, 7.77, 6.943, 5.629, 4.942, 4.433, 4.257, 2.724, 0.0, 1.778, 3.183, 2.987, 2.88, 3.563, 4.092, 8.477, 10.158, 20.461, 30.538, 31.12, 33.077, 30.517, 22.391, 21.876, 21.933, 22.014, 22.641, 23.936, 25.549, 29.486, 29.927, 29.784, 29.94, 31.966, 31.991, 31.698, 33.529, 33.211, 32.223, 31.888, 31.84, 32.624, 32.073, 34.433, 31.365, 29.229, 25.685, 23.07, 21.747, 20.315, 19.038, 17.603, 15.684, 15.35, 15.592, 15.066, 15.34, 15.867, 15.113, 14.516, 12.637, 13.237, 16.396, 17.758, 19.584, 22.968], [17.946, 14.573, 14.367, 14.016, 12.802, 12.808, 13.519, 13.248, 11.668, 11.014, 10.872, 10.551, 10.619, 11.067, 11.205, 11.257, 12.003, 12.708, 14.986, 21.777, 28.619, 27.449, 35.542, 37.115, 35.367, 34.777, 34.183, 34.088, 32.812, 30.482, 33.411, 30.688, 26.