[[0.0, 3.653, 4.718, 4.026, 3.617, 4.126, 4.683, 3.505, 2.507, 2.037, 1.612, 2.094, 3.309, 3.473, 3.887, 4.245, 4.428, 3.823, 3.683, 4.342, 4.536, 4.575, 5.798, 6.549, 5.045, 4.456, 4.871, 4.848, 4.636, 3.809, 4.175, 4.365, 4.85, 4.251, 4.17, 3.586, 3.288, 3.638, 6.148, 9.971, 9.907, 7.852, 9.397, 9.395, 7.403, 7.12, 6.897, 5.153, 4.143, 4.401, 3.843, 2.911, 3.311, 4.153, 3.275, 3.133, 2.771, 2.552, 1.801, 2.333, 1.849, 1.049, 1.964, 1.813, 2.657, 2.538, 2.88, 3.336, 3.829, 3.336, 1.953, 1.89, 2.145, 2.779, 2.618, 2.22, 2.19, 1.888, 2.671, 4.114, 6.823, 7.238, 6.641, 7.422, 5.912, 2.714, 3.259, 7.431, 8.554, 8.373, 8.599, 9.303, 7.991, 6.911, 7.169, 6.654, 5.448, 6.097, 6.709, 6.201, 4.5, 3.809, 3.689, 4.963, 5.036, 5.525, 5.337, 5.967, 4.513, 2.978, 4.581, 5.99, 1.708, 4.115, 3.125, 3.116, 2.484, 1.62, 1.787, 2.035, 2.58, 2.74, 3.001, 3.354, 4.388, 4.57, 4.83, 6.462, 6.525, 3.919, 3.296, 3.942, 3.108, 2.809, 3.832, 4.189, 3.938, 3.433, 4.909, 6.323, 5.954, 5.133, 4.132, 4.446, 4.966, 7.308, 8.766, 8.199, 7.694, 7.681, 8.208, 8.976, 10.342, 11.877, 12.687, 13.403, 13.607, 13.482, 12.403, 11.977, 12.258, 11.236, 10.47, 10.317, 8.243, 7.419, 7.131, 3.935, 2.766, 2.566, 2.966, 3.808, 4.33, 4.336, 5.382, 5.146, 4.695, 4.83, 4.272, 3.354, 4.342, 3.728, 1.977, 1.93, 2.823, 3.612, 3.892, 4.388, 4.974, 3.304, 2.313, 2.084, 3.359, 3.073, 2.162, 2.794, 3.222, 3.327, 4.116, 4.507, 5.04, 5.188, 5.992, 7.454, 9.106, 8.64], [3.653, 0.0, 1.667, 2.133, 2.09, 1.961, 1.845, 2.056, 3.209, 2.664, 3.021, 5.098, 6.263, 6.165, 6.375, 7.296, 7.707, 7.201, 7.08, 7.515, 7.549, 6.963, 8.255, 9.475, 7.853, 7.061, 7.785, 7.728, 6.72, 6.499, 7.066, 7.478, 8.081, 7.594, 7.636, 7.028, 6.718, 6.929, 9.484, 13.416, 13.097, 11.074, 12.472, 12.421, 10.484, 10.22, 9.96, 8.392, 7.405, 7.508, 7.121, 6.016, 6.587, 7.453, 6.648, 5.454, 4.737, 4.226, 2.749, 2.871, 4.481, 3.953, 4.928, 3.677, 2.462, 2.149, 2.319, 2.04, 1.509, 0.926, 2.558, 3.524, 4.468, 4.918, 5.142, 4.852, 4.317, 3.552, 2.394, 1.402, 3.494, 3.703, 3.211, 4.024, 2.58, 2.06, 2.68, 3.925, 5.08, 4.896, 5.135, 5.799, 4.483, 3.682, 3.808, 3.512, 3.272, 3.069, 3.624, 3.485, 3.291, 4.397, 3.987, 3.292, 3.231, 3.481, 3.11, 2.953, 2.945, 3.446, 3.03, 3.009, 4.614, 7.288, 6.081, 5.879, 4.677, 3.267, 4.071, 3.92, 3.525, 4.26, 4.968, 5.024, 6.182, 7.067, 7.745, 9.62, 9.677, 7.126, 6.305, 6.88, 6.105, 5.739, 6.61, 6.537, 5.842, 5.382, 8.017, 9.571, 8.749, 7.663, 6.686, 7.263, 7.962, 10.489, 11.925, 11.129, 10.633, 10.894, 11.466, 12.365, 13.708, 15.213, 16.167, 16.864, 17.031, 16.812, 15.76, 15.303, 15.62, 14.583, 13.83, 13.498, 11.154, 10.346, 10.344, 7.086, 5.898, 5.724, 6.248, 7.27, 7.759, 7.74, 8.598, 8.323, 8.042, 8.303, 7.842, 6.876, 7.813, 7.078, 4.377, 3.238, 5.802, 7.02, 7.105, 7.534, 7.911, 6.309, 4.25, 4.488, 6.24, 6.241, 5.043, 5.832, 5.994, 4.846, 4.379, 4.394, 4.733, 4.895, 5.027, 5.04, 6.036, 6.26], [4.718, 1.667, 0.0, 1.671, 2.124, 1.664, 1.484, 2.655, 3.97, 3.474, 4.102, 6.181, 7.287, 7.046, 7.426, 8.322, 8.756, 8.24, 8.122, 8.593, 8.652, 8.012, 9.295, 10.628, 8.915, 8.02, 8.825, 8.705, 7.546, 7.475, 8.127, 8.504, 9.123, 8.689, 8.667, 7.995, 7.693, 7.909, 10.458, 14.495, 14.2, 12.132, 13.597, 13.564, 11.602, 11.341, 11.091, 9.44, 8.419, 8.498, 8.09, 7.038, 7.599, 8.57, 7.616, 6.428, 5.652, 4.871, 3.409, 3.468, 5.495, 4.955, 5.883, 4.66, 3.155, 3.069, 2.859, 2.156, 1.911, 2.15, 3.61, 4.548, 5.509, 5.827, 6.305, 5.977, 5.415, 4.776, 3.622, 2.383, 2.906, 2.862, 2.428, 3.035, 2.117, 2.931, 3.255, 3.062, 3.945, 3.732, 4.045, 4.735, 3.579, 3.461, 2.998, 2.586, 2.863, 2.389, 2.889, 2.791, 2.898, 4.317, 4.214, 3.683, 3.458, 3.128, 3.066, 2.223, 2.693, 4.048, 2.904, 2.461, 5.633, 8.291, 7.14, 6.94, 5.652, 4.289, 4.997, 4.835, 4.362, 5.012, 5.906, 6.007, 6.962, 8.001, 8.755, 10.661, 10.856, 8.257, 7.558, 8.156, 7.331, 6.952, 7.835, 7.621, 6.96, 6.568, 9.153, 10.621, 9.927, 8.774, 7.749, 8.374, 9.067, 11.589, 13.015, 12.199, 11.62, 11.928, 12.517, 13.491, 14.792, 16.322, 17.331, 18.02, 18.154, 17.869, 16.831, 16.364, 16.667, 15.63, 14.877, 14.606, 12.301, 11.508, 11.329, 8.171, 6.861, 6.739, 7.336, 8.369, 8.833, 8.775, 9.671, 9.426, 9.082, 9.236, 8.801, 7.956, 8.917, 8.262, 5.648, 4.438, 6.966, 8.138, 8.168, 8.591, 9.139, 7.522, 4.982, 5.54, 7.327, 7.353, 6.08, 6.897, 7.002, 5.233, 4.091, 3.902, 4.257, 4.413, 4.344, 4.434, 5.407, 5.717], [4.026, 2.133, 1.671, 0.0, 1.882, 1.607, 1.644, 2.114, 3.328, 2.759, 3.335, 5.445, 6.575, 6.213, 6.777, 7.716, 8.047, 7.485, 7.262, 7.752, 7.914, 7.297, 8.523, 9.886, 8.182, 7.31, 8.082, 8.025, 7.025, 6.922, 7.702, 8.054, 8.672, 8.188, 8.08, 7.416, 7.139, 7.361, 9.888, 13.709, 13.545, 11.441, 12.942, 12.884, 10.907, 10.67, 10.418, 8.838, 7.826, 7.891, 7.329, 6.29, 6.923, 7.956, 7.004, 5.863, 5.018, 4.28, 2.81, 3.066, 4.801, 4.303, 5.341, 4.021, 2.846, 2.552, 2.421, 2.143, 2.2, 2.395, 3.046, 3.836, 4.914, 5.272, 5.579, 5.241, 4.794, 4.181, 3.094, 2.757, 3.994, 3.976, 3.1, 3.777, 2.847, 2.422, 2.912, 3.884, 4.753, 4.587, 4.795, 5.555, 4.405, 3.755, 3.628, 3.263, 2.742, 2.91, 3.603, 3.666, 3.21, 3.715, 3.688, 3.281, 2.811, 2.651, 2.398, 2.494, 2.125, 3.498, 2.914, 2.925, 5.105, 7.743, 6.479, 6.341, 5.0, 3.703, 4.356, 4.248, 3.819, 4.463, 5.409, 5.482, 6.502, 7.41, 8.096, 10.113, 10.158, 7.551, 6.846, 7.443, 6.678, 6.266, 7.104, 6.992, 6.173, 5.78, 8.416, 9.965, 9.183, 7.957, 6.953, 7.6, 8.4, 10.927, 12.305, 11.457, 10.93, 11.308, 11.889, 12.745, 14.045, 15.596, 16.529, 17.232, 17.372, 17.187, 16.116, 15.686, 15.971, 14.94, 14.184, 13.958, 11.517, 10.737, 10.741, 7.561, 6.294, 6.194, 6.642, 7.545, 8.042, 8.039, 9.037, 8.757, 8.404, 8.587, 8.087, 7.194, 8.13, 7.532, 4.807, 3.599, 6.244, 7.386, 7.456, 7.969, 8.335, 6.758, 4.392, 5.0, 6.776, 6.705, 5.511, 6.406, 6.485, 4.735, 3.908, 3.727, 4.057, 4.256, 4.654, 5.252, 6.165, 6.549], [3.617, 2.09, 2.124, 1.882, 0.0, 1.082, 1.419, 1.632, 2.865, 2.368, 2.742, 4.814, 6.169, 5.758, 5.922, 6.924, 7.458, 6.981, 6.895, 7.396, 7.248, 6.358, 7.614, 9.027, 7.16, 6.279, 7.019, 6.81, 6.037, 5.779, 6.709, 7.243, 7.949, 7.606, 7.675, 6.9, 6.516, 6.485, 9.033, 13.23, 12.71, 10.778, 11.946, 11.858, 9.971, 9.877, 9.364, 7.993, 7.059, 7.193, 6.908, 5.84, 6.419, 7.144, 6.343, 5.116, 4.39, 3.864, 2.306, 2.518, 4.34, 3.808, 4.457, 3.115, 2.038, 1.886, 1.662, 1.361, 1.407, 1.858, 2.186, 2.861, 4.26, 4.662, 4.506, 4.17, 3.991, 3.356, 2.346, 2.428, 4.081, 4.123, 3.571, 4.415, 3.093, 2.205, 2.599, 4.241, 5.476, 5.083, 5.192, 5.895, 4.675, 4.003, 3.983, 3.426, 2.855, 3.316, 3.396, 2.988, 2.915, 3.526, 3.046, 2.713, 2.673, 2.826, 2.847, 3.123, 2.33, 3.499, 2.657, 2.905, 4.776, 6.812, 5.376, 5.362, 4.037, 3.022, 3.527, 3.131, 3.114, 3.972, 4.717, 4.714, 5.677, 6.225, 6.923, 9.125, 9.42, 6.954, 5.951, 6.529, 5.921, 5.425, 6.138, 6.308, 5.511, 5.184, 7.77, 9.286, 8.251, 6.884, 5.87, 6.508, 7.576, 10.134, 11.573, 10.521, 9.977, 10.577, 11.057, 12.182, 13.502, 14.968, 16.099, 16.751, 16.899, 16.484, 15.524, 14.996, 15.327, 14.258, 13.551, 13.063, 10.467, 9.667, 9.907, 6.752, 5.585, 5.413, 5.982, 7.143, 7.6, 7.461, 8.219, 7.85, 7.745, 8.065, 7.641, 6.729, 7.666, 6.956, 3.83, 2.861, 5.34, 6.847, 6.871, 7.009, 7.468, 6.119, 3.485, 3.907, 5.756, 5.859, 4.698, 5.418, 5.613, 4.146, 3.399, 2.991, 3.364, 3.639, 3.883, 4.453, 5.821, 6.479], [4.126, 1.961, 1.664, 1.607, 1.082, 0.0, 1.05, 1.692, 3.096, 2.651, 3.223, 5.295, 6.624, 6.198, 6.374, 7.375, 7.927, 7.396, 7.304, 7.775, 7.66, 6.831, 8.022, 9.511, 7.747, 6.763, 7.567, 7.484, 6.446, 6.502, 7.371, 7.844, 8.508, 8.16, 8.201, 7.402, 7.038, 7.024, 9.561, 13.638, 13.202, 11.25, 12.499, 12.399, 10.517, 10.33, 9.945, 8.467, 7.498, 7.622, 7.335, 6.268, 6.846, 7.606, 6.774, 5.592, 4.821, 4.278, 2.8, 2.736, 4.781, 4.236, 5.01, 3.652, 2.239, 2.239, 1.967, 1.38, 1.564, 2.098, 2.69, 3.317, 4.535, 4.913, 5.061, 4.71, 4.379, 3.851, 2.743, 2.425, 3.777, 3.771, 3.047, 3.914, 2.801, 2.215, 2.923, 3.919, 4.926, 4.598, 4.777, 5.51, 4.353, 4.021, 3.67, 2.971, 2.469, 2.831, 3.169, 2.853, 2.743, 3.969, 3.573, 3.033, 3.055, 2.805, 2.777, 2.644, 2.352, 3.683, 2.417, 2.48, 5.249, 7.329, 5.964, 5.884, 4.526, 3.445, 3.988, 3.783, 3.541, 4.347, 5.046, 5.081, 6.17, 6.88, 7.681, 9.721, 9.851, 7.363, 6.424, 6.998, 6.349, 5.887, 6.634, 6.518, 5.727, 5.439, 8.194, 9.72, 8.717, 7.438, 6.397, 7.113, 8.036, 10.607, 12.05, 11.019, 10.502, 11.029, 11.554, 12.591, 13.911, 15.376, 16.507, 17.16, 17.308, 16.957, 15.967, 15.463, 15.787, 14.721, 14.023, 13.559, 11.021, 10.245, 10.424, 7.202, 6.073, 5.91, 6.42, 7.551, 8.009, 7.933, 8.69, 8.397, 8.217, 8.5, 8.101, 7.182, 8.075, 7.365, 4.328, 3.274, 5.841, 7.256, 7.296, 7.596, 7.879, 6.477, 4.143, 4.62, 6.427, 6.401, 5.269, 6.101, 6.246, 4.615, 3.278, 2.968, 3.331, 3.518, 3.722, 4.3, 5.504, 6.145], [4.683, 1.845, 1.484, 1.644, 1.419, 1.05, 0.0, 1.768, 3.163, 2.952, 3.81, 5.928, 7.229, 6.831, 7.007, 7.987, 8.524, 8.016, 7.882, 8.369, 8.278, 7.42, 8.534, 10.075, 8.183, 7.077, 7.991, 7.804, 6.744, 6.801, 7.851, 8.339, 9.04, 8.708, 8.738, 7.965, 7.657, 7.601, 10.171, 14.217, 13.765, 11.832, 12.966, 12.868, 11.026, 10.912, 10.413, 9.035, 8.106, 8.262, 7.955, 6.887, 7.466, 8.191, 7.397, 6.215, 5.437, 4.791, 3.366, 3.345, 5.403, 4.85, 5.631, 4.238, 2.671, 2.539, 2.206, 1.85, 1.709, 1.986, 3.141, 3.754, 5.203, 5.507, 5.53, 5.202, 5.012, 4.348, 3.069, 2.113, 3.068, 3.135, 2.59, 3.37, 2.17, 2.704, 2.911, 3.378, 4.587, 4.188, 4.245, 4.946, 3.759, 3.493, 3.075, 2.845, 2.841, 2.876, 2.977, 2.879, 3.207, 4.559, 4.046, 3.13, 2.838, 2.648, 2.9, 2.623, 2.604, 4.19, 2.957, 2.401, 5.764, 7.926, 6.488, 6.422, 5.048, 4.043, 4.412, 4.234, 3.549, 4.369, 5.408, 5.351, 6.244, 7.093, 8.082, 10.313, 10.462, 7.978, 6.971, 7.561, 6.967, 6.483, 7.16, 7.067, 6.168, 6.048, 8.808, 10.344, 9.223, 7.749, 6.615, 7.497, 8.624, 11.189, 12.628, 11.549, 11.004, 11.655, 12.171, 13.169, 14.49, 15.955, 17.086, 17.739, 17.887, 17.538, 16.55, 16.046, 16.37, 15.299, 14.606, 14.101, 11.457, 10.688, 11.05, 7.801, 6.716, 6.55, 7.016, 8.13, 8.587, 8.546, 9.312, 8.905, 8.8, 9.123, 8.744, 7.825, 8.66, 7.954, 4.788, 3.732, 6.402, 7.867, 7.919, 8.12, 8.458, 7.064, 4.51, 4.913, 6.843, 6.85, 5.765, 6.529, 6.687, 5.122, 3.773, 3.267, 3.575, 3.968, 4.037, 4.409, 5.419, 6.441], [3.505, 2.056, 2.655, 2.114, 1.632, 1.692, 1.768, 0.0, 1.731, 1.975, 2.58, 4.707, 6.011, 5.625, 5.8, 6.784, 7.339, 6.817, 6.711, 7.159, 7.08, 6.221, 7.306, 8.906, 7.053, 5.827, 6.709, 6.615, 5.33, 5.648, 6.659, 7.161, 7.85, 7.489, 7.514, 6.756, 6.435, 6.424, 8.971, 13.036, 12.594, 10.662, 11.833, 11.74, 9.875, 9.742, 9.254, 7.852, 6.911, 7.06, 6.74, 5.664, 6.243, 6.968, 6.198, 5.016, 4.255, 3.804, 2.43, 2.674, 4.178, 3.668, 4.438, 3.041, 1.664, 1.651, 1.363, 1.709, 2.123, 1.992, 2.055, 2.604, 3.943, 4.225, 4.327, 3.98, 3.784, 3.148, 2.248, 2.295, 3.974, 4.177, 3.803, 4.523, 3.071, 1.927, 1.673, 4.317, 5.917, 5.493, 5.58, 6.32, 5.083, 3.853, 3.984, 3.846, 3.618, 4.058, 4.434, 4.204, 3.983, 4.144, 3.405, 2.724, 2.651, 2.642, 3.198, 3.813, 2.685, 3.216, 3.084, 3.552, 4.613, 6.741, 5.31, 5.245, 3.835, 2.92, 3.175, 3.1, 2.386, 3.049, 3.938, 3.956, 4.746, 5.785, 6.92, 9.115, 9.236, 6.756, 5.775, 6.338, 5.745, 5.257, 5.97, 5.744, 4.859, 4.816, 7.585, 9.145, 8.058, 6.618, 5.423, 6.366, 7.428, 10.018, 11.457, 10.337, 9.847, 10.453, 10.972, 11.975, 13.311, 14.772, 15.891, 16.544, 16.692, 16.368, 15.379, 14.875, 15.199, 14.129, 13.435, 12.93, 10.315, 9.556, 9.854, 6.579, 5.52, 5.346, 5.831, 6.935, 7.393, 7.347, 8.114, 7.751, 7.629, 7.93, 7.514, 6.595, 7.459, 6.749, 3.627, 2.592, 5.224, 6.645, 6.712, 6.962, 7.271, 5.848, 3.543, 3.772, 5.698, 5.705, 4.574, 5.363, 5.536, 4.433, 4.086, 3.558, 3.73, 4.332, 4.688, 5.39, 6.727, 7.664], [2.507, 3.209, 3.97, 3.328, 2.865, 3.096, 3.163, 1.731, 0.0, 1.372, 1.925, 3.355, 4.663, 4.318, 4.508, 5.459, 6.044, 5.513, 5.416, 5.851, 5.778, 4.892, 6.01, 7.61, 5.78, 4.537, 5.435, 5.355, 4.064, 4.496, 5.484, 5.976, 6.657, 6.24, 6.312, 5.544, 5.126, 5.121, 7.642, 11.742, 11.3, 9.367, 10.547, 10.456, 8.591, 8.447, 7.976, 6.519, 5.578, 5.815, 5.45, 4.548, 4.923, 5.614, 4.869, 4.238, 3.991, 3.919, 3.023, 3.523, 3.127, 2.441, 3.11, 2.223, 2.283, 2.266, 2.182, 2.941, 3.541, 2.949, 1.753, 1.438, 2.67, 2.999, 2.975, 2.68, 2.767, 2.35, 2.743, 3.319, 5.13, 5.409, 4.953, 5.756, 4.248, 2.346, 1.574, 5.65, 7.118, 6.721, 6.846, 7.717, 6.331, 5.101, 5.33, 5.213, 5.057, 5.493, 5.889, 5.698, 5.466, 5.015, 3.939, 3.882, 3.795, 3.944, 4.463, 5.163, 3.762, 2.801, 4.426, 4.982, 3.468, 5.409, 3.993, 3.992, 2.544, 2.358, 2.113, 2.137, 1.673, 1.66, 2.599, 2.705, 3.503, 4.642, 5.686, 7.843, 7.926, 5.437, 4.419, 4.973, 4.372, 3.907, 4.599, 4.37, 3.502, 3.507, 6.225, 7.816, 6.765, 5.36, 4.182, 5.111, 6.135, 8.724, 10.163, 9.007, 8.531, 9.126, 9.643, 10.649, 12.017, 13.478, 14.552, 15.205, 15.368, 15.073, 14.085, 13.58, 13.904, 12.834, 12.14, 11.638, 9.044, 8.278, 8.554, 5.267, 4.211, 4.097, 4.537, 5.607, 6.096, 6.05, 6.803, 6.467, 6.334, 6.618, 6.178, 5.245, 6.139, 5.41, 2.387, 1.817, 3.93, 5.303, 5.402, 5.657, 5.976, 4.555, 2.77, 2.834, 4.543, 4.53, 3.505, 4.215, 4.523, 4.192, 4.697, 4.354, 4.821, 5.355, 5.864, 6.927, 8.224, 9.126], [2.037, 2.664, 3.474, 2.759, 2.368, 2.651, 2.952, 1.975, 1.372, 0.0, 1.428, 3.131, 4.499, 4.13, 4.422, 5.343, 5.864, 5.33, 5.23, 5.664, 5.684, 4.929, 6.151, 7.582, 5.864, 4.769, 5.615, 5.571, 4.603, 4.584, 5.425, 5.806, 6.406, 5.906, 5.999, 5.236, 4.848, 4.974, 7.524, 11.565, 11.232, 9.224, 10.619, 10.571, 8.611, 8.363, 8.101, 6.447, 5.45, 5.686, 5.28, 4.25, 4.755, 5.49, 4.692, 3.931, 3.379, 3.181, 2.131, 2.712, 2.697, 2.185, 2.996, 1.917, 1.994, 2.082, 1.951, 2.346, 3.031, 2.597, 1.428, 1.49, 2.69, 3.031, 3.079, 2.686, 2.485, 2.169, 2.243, 2.846, 5.21, 5.535, 5.011, 5.844, 4.302, 1.828, 1.957, 5.748, 6.943, 6.749, 6.951, 7.693, 6.353, 5.272, 5.523, 5.023, 4.242, 4.734, 5.346, 5.109, 4.509, 4.11, 3.336, 3.683, 3.494, 3.887, 3.887, 4.63, 3.057, 2.224, 3.575, 4.417, 3.134, 5.355, 4.102, 3.949, 2.625, 1.867, 1.982, 1.907, 1.697, 2.303, 2.989, 3.1, 4.284, 4.861, 5.67, 7.779, 7.795, 5.29, 4.42, 4.964, 4.198, 3.828, 4.627, 4.489, 3.775, 3.562, 6.056, 7.664, 6.841, 5.594, 4.477, 5.295, 6.103, 8.636, 10.028, 9.022, 8.54, 8.994, 9.544, 10.483, 11.852, 13.346, 14.329, 15.005, 15.181, 14.957, 13.923, 13.457, 13.773, 12.726, 11.975, 11.645, 9.211, 8.424, 8.386, 5.151, 3.987, 3.838, 4.389, 5.442, 5.91, 5.887, 6.73, 6.447, 6.181, 6.377, 5.935, 5.009, 5.952, 5.231, 2.495, 1.467, 3.939, 5.138, 5.218, 5.629, 6.019, 4.501, 2.741, 2.971, 4.508, 4.454, 3.307, 4.16, 4.443, 3.716, 4.306, 4.142, 4.627, 4.885, 5.477, 6.402, 7.666, 8.148], [1.612, 3.021, 4.102, 3.335, 2.742, 3.223, 3.81, 2.58, 1.925, 1.428, 0.0, 2.418, 3.767, 3.566, 3.947, 4.678, 5.117, 4.522, 4.386, 4.927, 4.928, 4.469, 5.899, 6.913, 5.321, 4.583, 5.084, 5.027, 4.535, 4.114, 4.746, 5.08, 5.648, 5.091, 5.121, 4.42, 4.067, 4.281, 6.789, 10.702, 10.558, 8.446, 9.956, 9.901, 7.922, 7.683, 7.431, 5.763, 4.758, 4.785, 4.364, 3.265, 3.844, 4.784, 3.921, 2.918, 2.688, 2.77, 1.845, 2.25, 2.023, 1.799, 2.315, 1.464, 2.044, 1.955, 2.202, 2.607, 3.223, 2.819, 1.437, 1.61, 2.366, 2.825, 2.62, 2.275, 2.186, 1.893, 2.153, 3.245, 6.003, 6.425, 5.866, 6.642, 5.138, 1.992, 2.555, 6.635, 7.783, 7.574, 7.794, 8.501, 7.201, 6.107, 6.372, 5.874, 4.786, 5.444, 5.909, 5.433, 4.393, 3.885, 3.381, 4.161, 4.231, 4.713, 4.565, 5.256, 3.732, 2.359, 3.889, 5.249, 2.695, 4.683, 3.542, 3.37, 2.245, 1.761, 1.92, 1.9, 2.325, 2.498, 2.907, 3.076, 4.293, 4.681, 5.082, 7.067, 7.102, 4.555, 3.749, 4.311, 3.525, 3.173, 4.098, 4.349, 3.82, 3.35, 5.349, 6.919, 6.255, 5.192, 4.242, 4.726, 5.433, 7.934, 9.28, 8.437, 7.938, 8.256, 8.862, 9.655, 11.045, 12.562, 13.436, 14.127, 14.377, 14.164, 13.13, 12.668, 12.977, 11.929, 11.186, 10.971, 8.548, 7.754, 7.652, 4.471, 3.237, 3.078, 3.631, 4.589, 5.078, 5.091, 6.029, 5.767, 5.388, 5.575, 5.087, 4.165, 5.079, 4.434, 1.849, 1.613, 3.269, 4.313, 4.482, 4.941, 5.339, 3.809, 2.318, 2.316, 3.871, 3.803, 2.667, 3.498, 3.665, 3.282, 3.817, 4.063, 4.743, 4.903, 5.515, 6.762, 8.302, 8.211], [2.094, 5.098, 6.181, 5.445, 4.814, 5.295, 5.928, 4.707, 3.355, 3.131, 2.418, 0.0, 2.279, 2.076, 2.216, 2.737, 3.174, 2.587, 2.573, 3.219, 3.391, 3.039, 4.037, 4.957, 3.225, 2.614, 3.06, 3.079, 3.023, 2.495, 2.965, 3.267, 3.858, 3.338, 3.514, 2.944, 2.378, 2.475, 4.836, 8.768, 8.552, 6.504, 7.926, 7.893, 5.95, 5.681, 5.424, 3.753, 3.097, 3.739, 3.002, 2.529, 2.579, 3.11, 2.358, 2.777, 3.596, 3.887, 3.209, 3.407, 2.486, 2.131, 1.579, 2.114, 3.68, 3.841, 4.162, 4.632, 5.277, 4.849, 3.235, 2.335, 1.315, 1.585, 1.294, 1.673, 1.975, 2.017, 3.23, 5.185, 8.075, 8.51, 7.946, 8.622, 7.173, 3.756, 4.543, 8.722, 9.895, 9.724, 9.88, 10.582, 9.293, 8.202, 8.463, 7.952, 6.799, 7.503, 8.032, 7.526, 6.409, 5.643, 5.079, 6.26, 6.326, 6.811, 6.675, 7.398, 5.885, 4.042, 5.902, 7.336, 2.501, 2.718, 2.141, 2.022, 1.466, 2.191, 1.769, 2.052, 3.019, 2.461, 1.89, 2.527, 3.264, 3.258, 3.31, 5.086, 5.101, 2.579, 2.01, 2.286, 1.761, 1.74, 2.044, 2.477, 2.887, 2.723, 3.389, 4.958, 4.244, 3.391, 2.4, 2.675, 3.454, 5.945, 7.37, 6.41, 5.904, 6.222, 6.871, 7.737, 9.119, 10.646, 11.415, 12.197, 12.425, 12.245, 11.184, 10.735, 11.052, 10.015, 9.262, 8.939, 6.545, 5.754, 5.715, 2.53, 1.76, 2.502, 2.085, 2.528, 3.094, 3.148, 4.019, 3.829, 3.467, 3.699, 3.302, 2.456, 3.171, 2.524, 1.578, 2.374, 1.856, 2.8, 2.641, 3.152, 3.338, 2.608, 2.524, 2.287, 2.383, 2.593, 2.612, 2.379, 3.377, 3.777, 4.884, 5.371, 5.841, 6.34, 7.315, 8.763, 10.401, 10.295], [3.309, 6.263, 7.287, 6.575, 6.169, 6.624, 7.229, 6.011, 4.663, 4.499, 3.767, 2.279, 0.0, 1.458, 1.851, 2.334, 2.385, 2.635, 1.722, 2.064, 2.928, 2.441, 3.541, 4.555, 3.195, 2.709, 3.088, 2.781, 2.276, 2.522, 2.622, 2.9, 3.247, 3.032, 3.102, 3.438, 2.476, 2.81, 4.065, 7.661, 7.836, 5.832, 7.411, 7.438, 5.432, 5.158, 4.923, 3.436, 4.031, 4.679, 3.547, 3.509, 3.634, 3.952, 3.234, 3.98, 4.872, 5.047, 4.751, 5.058, 3.922, 3.609, 2.489, 3.95, 5.126, 5.063, 5.414, 6.034, 6.566, 5.924, 4.409, 3.752, 2.532, 2.07, 2.264, 2.689, 2.803, 3.136, 4.535, 6.478, 9.359, 9.794, 9.213, 9.951, 8.481, 4.842, 5.786, 9.971, 11.07, 10.905, 11.131, 11.827, 10.515, 9.43, 9.69, 9.201, 8.014, 8.633, 9.295, 8.939, 7.531, 6.603, 6.605, 7.547, 7.591, 8.06, 7.882, 8.489, 7.053, 5.354, 7.304, 8.54, 3.282, 2.462, 2.615, 2.422, 2.508, 3.516, 3.22, 3.453, 4.288, 3.515, 2.584, 2.664, 2.934, 3.17, 3.442, 4.596, 4.59, 2.131, 2.117, 2.279, 2.16, 2.191, 2.173, 2.037, 2.425, 2.244, 2.843, 4.303, 3.898, 2.88, 2.299, 2.601, 2.959, 5.195, 6.792, 6.182, 5.683, 5.686, 6.17, 6.883, 8.239, 9.753, 10.39, 11.125, 11.314, 11.275, 10.206, 9.8, 10.014, 9.136, 8.28, 8.218, 6.254, 5.45, 5.11, 2.618, 2.69, 3.838, 2.996, 2.189, 2.706, 2.676, 3.679, 3.868, 3.052, 3.448, 3.878, 3.294, 2.775, 2.328, 3.16, 3.697, 2.478, 2.023, 1.853, 2.376, 3.022, 3.566, 4.112, 4.007, 3.272, 3.878, 3.992, 3.809, 4.69, 5.236, 6.502, 6.975, 7.632, 8.258, 8.904, 10.327, 11.727, 11.494], [3.473, 6.165, 7.046, 6.213, 5.758, 6.198, 6.831, 5.625, 4.318, 4.13, 3.566, 2.076, 1.458, 0.0, 1.059, 1.805, 2.226, 2.499, 1.914, 2.313, 2.753, 1.913, 2.671, 3.939, 2.269, 1.895, 2.257, 2.074, 1.857, 2.329, 2.16, 2.451, 3.014, 3.048, 3.326, 3.398, 2.759, 3.082, 3.839, 7.712, 7.573, 5.434, 6.975, 6.922, 4.948, 4.699, 4.465, 3.198, 4.113, 4.814, 3.668, 3.779, 3.647, 3.974, 3.2, 4.272, 5.231, 5.487, 4.825, 4.945, 4.214, 3.79, 2.225, 3.691, 4.823, 4.864, 5.103, 5.584, 6.255, 5.886, 4.156, 3.258, 2.276, 1.63, 1.86, 2.383, 2.517, 2.973, 4.328, 6.194, 9.171, 9.548, 8.95, 9.787, 8.222, 4.508, 5.44, 9.639, 10.764, 10.589, 10.814, 11.528, 10.212, 9.151, 9.39, 8.864, 7.694, 8.307, 8.979, 8.557, 7.479, 6.952, 6.311, 7.182, 7.246, 7.766, 7.589, 8.267, 6.706, 5.102, 6.841, 8.244, 3.513, 2.314, 2.559, 2.406, 2.098, 3.316, 2.729, 2.967, 3.916, 3.207, 2.349, 2.34, 2.22, 2.199, 2.584, 4.202, 4.252, 2.222, 1.935, 1.712, 2.138, 2.221, 1.956, 1.79, 2.34, 2.207, 2.438, 3.955, 3.233, 2.187, 1.753, 2.008, 2.584, 4.949, 6.299, 5.512, 4.949, 5.318, 5.894, 6.754, 8.031, 9.599, 10.525, 11.231, 11.362, 11.162, 10.082, 9.655, 9.938, 8.906, 8.149, 7.986, 5.57, 4.79, 4.743, 2.114, 2.666, 3.956, 3.189, 2.638, 2.767, 2.438, 3.194, 3.347, 2.759, 3.695, 4.052, 3.493, 2.979, 2.298, 2.847, 3.346, 2.325, 2.496, 1.926, 2.053, 2.409, 3.001, 3.966, 3.903, 2.788, 3.94, 4.219, 3.702, 4.693, 5.33, 6.506, 6.659, 7.333, 7.882, 8.482, 9.847, 11.34, 11.388], [3.887, 6.375, 7.426, 6.777, 5.922, 6.374, 7.007, 5.8, 4.508, 4.422, 3.947, 2.216, 1.851, 1.059, 0.0, 1.307, 2.069, 2.331, 2.39, 2.862, 3.016, 2.193, 2.171, 3.386, 1.714, 1.537, 1.752, 1.667, 1.988, 2.155, 1.723, 1.957, 2.475, 2.775, 3.207, 3.094, 2.698, 2.905, 3.309, 7.428, 7.032, 5.054, 6.392, 6.308, 4.398, 4.165, 3.858, 2.741, 3.788, 4.515, 3.552, 3.827, 3.515, 3.543, 3.086, 4.244, 5.186, 5.5, 5.057, 5.237, 4.34, 3.967, 2.285, 3.545, 4.76, 4.883, 5.211, 5.748, 6.361, 6.006, 4.359, 3.499, 2.337, 1.8, 2.029, 2.444, 2.696, 3.111, 4.447, 6.409, 9.363, 9.68, 9.162, 10.055, 8.501, 4.994, 5.585, 9.802, 11.009, 10.783, 10.962, 11.676, 10.379, 9.295, 9.555, 9.041, 8.127, 8.785, 9.09, 8.687, 7.937, 7.376, 6.414, 7.315, 7.388, 7.887, 7.771, 8.532, 6.97, 5.507, 7.1, 8.434, 3.719, 2.133, 2.52, 2.167, 2.25, 3.497, 2.923, 3.133, 4.062, 3.338, 2.413, 2.497, 2.374, 1.591, 1.925, 3.586, 3.684, 2.164, 1.498, 1.298, 1.951, 2.01, 1.73, 1.666, 2.596, 2.486, 2.027, 3.489, 2.595, 1.913, 1.758, 1.768, 2.488, 4.436, 5.87, 4.87, 4.352, 4.776, 5.357, 6.379, 7.703, 9.178, 10.296, 10.949, 11.097, 10.78, 9.771, 9.28, 9.602, 8.549, 7.827, 7.427, 4.962, 4.176, 4.16, 1.651, 2.566, 3.677, 3.173, 2.779, 2.869, 2.18, 2.68, 2.917, 2.458, 3.551, 4.044, 3.471, 2.889, 2.276, 2.917, 3.584, 2.41, 2.78, 2.268, 2.071, 1.795, 2.494, 3.68, 3.645, 2.211, 3.63, 3.996, 3.338, 4.157, 4.968, 6.275, 6.56, 7.131, 7.841, 8.562, 10.028, 11.488, 11.707], [4.245, 7.296, 8.322, 7.716, 6.924, 7.375, 7.987, 6.784, 5.459, 5.343, 4.678, 2.737, 2.334, 1.805, 1.307, 0.0, 1.459, 1.851, 2.106, 2.656, 2.627, 2.424, 2.135, 2.535, 1.307, 1.661, 1.508, 1.688, 2.632, 2.412, 1.459, 1.626, 1.956, 2.436, 2.88, 2.804, 2.429, 2.685, 2.295, 6.386, 5.98, 3.997, 5.405, 5.407, 3.417, 3.191, 2.944, 2.103, 3.31, 3.996, 3.068, 3.436, 3.057, 2.929, 2.66, 3.884, 4.861, 5.361, 5.382, 5.431, 4.205, 4.148, 2.66, 3.97, 5.708, 5.802, 6.244, 6.729, 7.276, 6.884, 5.181, 4.392, 3.037, 2.784, 2.722, 3.082, 3.398, 4.025, 5.342, 7.422, 10.489, 10.806, 10.304, 11.168, 9.622, 5.746, 6.626, 10.87, 12.064, 11.819, 12.01, 12.725, 11.427, 10.365, 10.598, 10.129, 9.201, 9.768, 10.106, 9.581, 8.315, 7.529, 7.021, 8.356, 8.43, 8.951, 8.798, 9.461, 7.966, 6.442, 8.08, 9.439, 4.136, 1.605, 2.361, 2.001, 3.146, 4.181, 3.841, 4.005, 5.102, 4.44, 3.534, 3.513, 3.202, 2.071, 1.848, 2.842, 2.893, 1.765, 1.49, 1.059, 1.813, 1.902, 1.599, 1.829, 3.16, 2.954, 1.319, 2.455, 1.94, 2.015, 2.0, 1.651, 1.867, 3.368, 4.891, 4.164, 3.597, 3.855, 4.291, 5.338, 6.659, 8.124, 9.255, 9.908, 10.056, 9.699, 8.71, 8.206, 8.53, 7.46, 6.766, 6.385, 4.186, 3.379, 3.355, 1.418, 2.373, 3.423, 2.79, 2.34, 2.204, 1.624, 2.003, 2.325, 1.921, 3.02, 3.622, 3.1, 2.327, 1.943, 3.498, 4.367, 2.491, 2.505, 1.967, 1.679, 1.208, 2.186, 4.163, 3.924, 2.223, 3.297, 3.748, 3.185, 3.758, 4.826, 6.529, 7.317, 7.613, 8.459, 9.361, 10.837, 12.511, 12.303], [4.428, 7.707, 8.756, 8.047, 7.458, 7.927, 8.524, 7.339, 6.044, 5.864, 5.117, 3.174, 2.385, 2.226, 2.069, 1.459, 0.0, 1.409, 1.918, 2.43, 2.721, 2.554, 2.694, 2.767, 1.667, 2.049, 2.018, 2.459, 3.163, 3.131, 2.432, 2.483, 2.117, 2.094, 2.41, 2.429, 2.237, 2.706, 2.196, 5.817, 5.645, 3.836, 5.396, 5.422, 3.408, 3.127, 2.994, 2.016, 2.955, 3.601, 2.465, 3.064, 2.659, 2.671, 2.392, 3.479, 4.654, 5.179, 5.848, 5.825, 4.358, 4.426, 3.183, 4.577, 6.321, 6.415, 6.862, 7.32, 7.813, 7.454, 5.682, 4.897, 3.492, 3.303, 3.32, 3.664, 3.957, 4.619, 5.941, 7.997, 11.058, 11.391, 10.837, 11.662, 10.085, 6.009, 7.238, 11.493, 12.606, 12.408, 12.625, 13.334, 12.022, 11.009, 11.246, 10.702, 9.667, 10.185, 10.764, 10.213, 8.595, 7.55, 7.67, 8.977, 9.043, 9.615, 9.426, 10.03, 8.538, 6.953, 8.653, 10.053, 4.39, 1.67, 2.828, 2.42, 3.735, 4.716, 4.412, 4.625, 5.714, 5.054, 4.111, 4.177, 4.075, 3.146, 2.957, 3.279, 3.061, 1.781, 1.899, 1.567, 2.144, 2.404, 2.002, 2.055, 3.309, 3.179, 1.735, 2.438, 2.433, 2.548, 2.523, 1.989, 2.184, 3.096, 4.785, 4.386, 3.851, 3.739, 4.094, 4.924, 6.167, 7.683, 8.645, 9.33, 9.455, 9.143, 8.105, 7.649, 7.968, 7.015, 6.167, 6.036, 4.322, 3.518, 3.4, 2.05, 2.683, 3.318, 2.514, 1.903, 1.547, 1.25, 2.057, 2.206, 1.415, 2.274, 3.077, 2.57, 1.721, 1.807, 4.046, 4.885, 2.679, 2.05, 1.693, 1.977, 2.014, 2.544, 4.78, 4.48, 2.473, 3.028, 3.592, 3.226, 3.602, 4.99, 7.203, 7.94, 8.223, 9.13, 10.006, 11.483, 13.181, 12.791], [3.823, 7.201, 8.24, 7.485, 6.981, 7.396, 8.016, 6.817, 5.513, 5.33, 4.522, 2.587, 2.635, 2.499, 2.331, 1.851, 1.409, 0.0, 1.806, 2.665, 2.691, 2.735, 3.034, 3.204, 2.008, 2.378, 2.338, 2.668, 3.503, 3.357, 2.842, 2.558, 2.553, 2.313, 2.692, 2.226, 2.126, 2.153, 2.581, 6.266, 6.103, 4.399, 5.853, 5.872, 3.854, 3.441, 3.259, 2.181, 2.383, 3.243, 1.866, 2.249, 2.131, 2.371, 1.834, 3.097, 4.083, 4.609, 5.122, 5.006, 3.38, 3.555, 2.676, 4.024, 5.845, 5.939, 6.382, 6.844, 7.338, 6.922, 5.212, 4.427, 3.018, 3.006, 2.938, 3.063, 3.421, 4.089, 5.409, 7.466, 10.478, 10.859, 10.26, 11.094, 9.527, 5.59, 6.763, 10.954, 12.092, 11.911, 12.135, 12.845, 11.532, 10.473, 10.709, 10.191, 9.113, 9.671, 10.242, 9.718, 8.005, 6.983, 7.117, 8.494, 8.565, 9.077, 8.882, 9.535, 8.027, 6.391, 8.107, 9.537, 3.963, 1.683, 2.584, 2.066, 3.229, 4.172, 3.849, 4.143, 5.239, 4.525, 3.735, 4.15, 4.478, 3.58, 3.318, 3.774, 3.438, 1.578, 1.446, 1.815, 2.031, 2.216, 2.073, 2.157, 3.276, 3.129, 2.027, 2.835, 2.872, 2.851, 2.773, 2.087, 2.333, 3.802, 5.198, 4.782, 4.208, 4.039, 4.556, 5.318, 6.585, 8.141, 9.118, 9.787, 9.942, 9.719, 8.648, 8.214, 8.508, 7.476, 6.714, 6.537, 4.75, 4.007, 3.82, 1.915, 2.124, 2.71, 1.912, 1.52, 1.266, 1.276, 2.486, 2.328, 1.669, 2.191, 2.835, 2.174, 1.764, 1.645, 3.403, 4.369, 1.93, 1.701, 1.784, 2.164, 2.234, 2.488, 4.091, 3.884, 2.518, 2.628, 3.09, 2.745, 3.324, 4.341, 6.461, 7.454, 7.732, 8.482, 9.495, 10.966, 12.649, 12.21], [3.683, 7.08, 8.122, 7.262, 6.895, 7.304, 7.882, 6.711, 5.416, 5.23, 4.386, 2.573, 1.722, 1.914, 2.39, 2.106, 1.918, 1.806, 0.0, 1.305, 1.924, 1.775, 2.735, 3.377, 2.435, 2.595, 2.578, 2.218, 2.458, 2.679, 2.574, 2.852, 3.288, 3.212, 3.506, 3.506, 2.65, 2.985, 3.149, 6.69, 6.616, 4.617, 6.188, 6.219, 4.18, 3.881, 3.766, 2.961, 3.77, 4.626, 3.203, 3.308, 3.435, 3.862, 3.036, 3.927, 5.033, 5.385, 5.048, 5.09, 4.082, 3.799, 2.658, 4.215, 5.779, 5.854, 6.296, 6.758, 7.252, 6.826, 5.121, 4.335, 2.992, 2.842, 2.71, 2.969, 3.296, 3.991, 5.313, 7.37, 10.361, 10.763, 10.164, 10.907, 9.341, 5.461, 6.677, 10.868, 11.992, 11.818, 12.044, 12.742, 11.43, 10.349, 10.597, 10.09, 8.891, 9.523, 10.152, 9.632, 7.943, 7.074, 7.068, 8.406, 8.477, 8.977, 8.782, 9.424, 7.941, 6.184, 8.021, 9.436, 3.86, 1.995, 2.267, 2.349, 3.144, 4.075, 3.756, 4.056, 5.153, 4.422, 3.608, 3.581, 3.619, 3.497, 3.413, 4.175, 4.022, 1.605, 1.909, 2.065, 2.138, 2.199, 2.015, 1.758, 2.205, 2.126, 1.909, 3.135, 2.798, 2.223, 1.981, 2.038, 1.8, 4.037, 5.523, 5.021, 4.507, 4.548, 5.016, 5.762, 7.057, 8.619, 9.504, 10.197, 10.357, 10.207, 9.125, 8.702, 8.968, 7.938, 7.192, 7.068, 5.045, 4.286, 4.328, 2.397, 2.751, 3.915, 2.925, 1.97, 1.869, 2.331, 3.34, 3.514, 2.773, 3.298, 3.87, 3.34, 2.409, 2.305, 3.264, 4.228, 2.188, 1.277, 0.995, 1.43, 2.361, 3.466, 4.348, 4.189, 3.428, 3.819, 4.098, 3.771, 4.722, 5.396, 6.724, 7.421, 8.02, 8.573, 9.41, 10.88, 12.553, 12.104], [4.342, 7.515, 8.593, 7.752, 7.396, 7.775, 8.369, 7.159, 5.851, 5.664, 4.927, 3.219, 2.064, 2.313, 2.862, 2.656, 2.43, 2.665, 1.305, 0.0, 1.217, 1.475, 2.311, 3.524, 2.916, 3.156, 3.106, 2.513, 2.66, 2.946, 3.073, 3.368, 4.022, 4.081, 4.272, 4.431, 3.544, 3.855, 3.379, 6.142, 6.134, 4.224, 5.836, 5.883, 3.878, 3.552, 3.577, 3.598, 4.639, 5.591, 4.134, 4.156, 4.442, 4.785, 3.999, 4.787, 5.903, 6.251, 5.729, 5.853, 4.973, 4.593, 3.449, 4.909, 6.291, 6.337, 6.767, 7.229, 7.723, 7.262, 5.592, 4.806, 3.522, 3.23, 3.178, 3.578, 3.771, 4.425, 5.748, 7.804, 10.775, 11.197, 10.599, 11.321, 9.773, 5.9, 7.148, 11.339, 12.446, 12.28, 12.507, 13.203, 11.891, 10.796, 11.06, 10.557, 9.359, 9.994, 10.657, 10.157, 8.657, 7.808, 7.63, 8.872, 8.943, 9.428, 9.246, 9.876, 8.412, 6.605, 8.487, 9.881, 4.427, 2.825, 2.956, 3.088, 3.615, 4.572, 4.231, 4.581, 5.624, 4.876, 3.951, 3.794, 3.665, 3.828, 3.838, 4.335, 4.402, 2.321, 2.761, 2.691, 2.895, 3.009, 2.62, 2.285, 2.475, 2.359, 1.81, 2.799, 2.568, 1.909, 2.293, 2.568, 1.538, 3.549, 5.082, 4.485, 4.01, 4.128, 4.55, 5.222, 6.546, 8.109, 8.936, 9.629, 9.811, 9.701, 8.615, 8.204, 8.452, 7.428, 6.709, 6.641, 4.658, 3.977, 4.662, 3.006, 3.656, 4.883, 3.802, 2.731, 2.751, 3.072, 4.048, 4.34, 3.63, 4.122, 4.811, 4.251, 3.172, 3.138, 3.925, 4.737, 3.038, 1.767, 1.216, 1.564, 2.688, 4.287, 5.161, 5.045, 4.211, 4.781, 5.0, 4.762, 5.729, 6.366, 7.581, 8.061, 8.7, 9.217, 9.97, 11.438, 13.006, 12.655], [4.536, 7.549, 8.652, 7.914, 7.248, 7.66, 8.278, 7.08, 5.778, 5.684, 4.928, 3.391, 2.928, 2.753, 3.016, 2.627, 2.721, 2.691, 1.924, 1.217, 0.0, 1.449, 2.231, 3.106, 2.641, 3.234, 2.785, 2.403, 2.776, 2.853, 2.792, 3.131, 3.978, 4.219, 4.59, 4.606, 3.709, 3.771, 3.167, 6.008, 5.713, 3.953, 5.281, 5.33, 3.37, 2.979, 3.037, 3.463, 4.575, 5.703, 4.461, 4.378, 4.669, 4.867, 4.074, 4.731, 5.839, 6.216, 5.76, 5.773, 4.986, 4.439, 3.668, 4.718, 6.307, 6.255, 6.669, 7.116, 7.605, 7.216, 5.538, 4.692, 3.544, 3.485, 3.124, 3.419, 3.752, 4.473, 5.709, 7.777, 10.751, 11.124, 10.545, 11.398, 9.83, 6.043, 7.03, 11.221, 12.397, 12.2, 12.403, 13.117, 11.819, 10.751, 10.982, 10.477, 9.454, 10.108, 10.511, 9.986, 8.603, 7.759, 7.52, 8.761, 8.832, 9.343, 9.183, 9.899, 8.357, 6.778, 8.41, 9.864, 4.588, 2.661, 2.53, 3.047, 3.518, 4.566, 4.207, 4.409, 5.506, 4.846, 4.113, 3.712, 3.598, 3.958, 3.688, 3.965, 4.137, 2.282, 2.889, 2.557, 2.706, 2.89, 2.566, 2.615, 2.53, 2.321, 1.862, 2.4, 2.325, 1.927, 2.365, 2.312, 1.231, 3.162, 4.556, 3.925, 3.449, 3.621, 4.109, 4.953, 6.279, 7.8, 8.85, 9.503, 9.666, 9.369, 8.355, 7.876, 8.193, 7.147, 6.468, 6.2, 4.109, 3.511, 4.293, 2.732, 3.429, 4.85, 3.784, 3.097, 2.918, 3.206, 3.895, 4.23, 3.664, 4.319, 5.19, 4.575, 3.488, 3.232, 3.836, 4.65, 2.512, 1.813, 1.542, 1.53, 2.334, 4.107, 4.99, 4.748, 4.092, 4.775, 4.878, 4.667, 5.773, 6.169, 7.339, 8.083, 8.578, 8.839, 9.767, 11.233, 12.914, 12.65], [4.575, 6.963, 8.012, 7.297, 6.358, 6.831, 7.42, 6.221, 4.892, 4.929, 4.469, 3.039, 2.441, 1.913, 2.193, 2.424, 2.554, 2.735, 1.775, 1.475, 1.449, 0.0, 1.974, 3.277, 2.211, 2.405, 2.383, 1.79, 1.693, 2.309, 2.586, 3.268, 3.959, 4.213, 4.633, 4.61, 3.705, 3.714, 3.364, 6.995, 6.523, 4.738, 5.975, 6.023, 4.035, 3.636, 3.463, 3.378, 4.495, 5.627, 4.464, 4.445, 4.676, 4.73, 4.04, 4.754, 5.992, 6.423, 5.86, 5.905, 5.181, 4.735, 3.012, 4.279, 5.56, 5.506, 5.763, 6.225, 6.826, 6.528, 4.793, 3.786, 3.039, 2.513, 2.409, 2.847, 3.076, 3.689, 4.91, 6.94, 9.954, 10.285, 9.767, 10.621, 9.074, 5.32, 6.091, 10.389, 11.632, 11.316, 11.483, 12.195, 10.91, 9.891, 10.114, 9.623, 8.794, 9.397, 9.678, 9.112, 8.432, 7.92, 6.862, 7.827, 7.891, 8.469, 8.392, 9.165, 7.57, 6.125, 7.665, 8.977, 4.586, 2.466, 2.369, 2.581, 2.735, 4.053, 3.559, 3.604, 4.563, 3.95, 3.201, 2.857, 2.695, 3.014, 3.178, 4.27, 4.377, 2.288, 2.408, 2.259, 2.633, 2.667, 2.061, 1.711, 1.72, 1.725, 1.956, 3.154, 2.43, 1.531, 1.709, 1.83, 1.536, 3.866, 5.306, 4.407, 3.846, 4.448, 4.872, 5.912, 7.206, 8.663, 9.794, 10.446, 10.595, 10.181, 9.22, 8.692, 9.075, 8.029, 7.325, 6.931, 4.597, 3.973, 4.563, 2.781, 3.44, 4.829, 3.855, 3.178, 3.001, 3.182, 3.857, 4.064, 3.639, 4.324, 5.202, 4.61, 3.532, 3.257, 3.316, 3.941, 2.612, 1.993, 1.386, 1.355, 2.399, 4.017, 4.5, 4.444, 3.604, 4.595, 4.785, 4.345, 5.513, 6.103, 7.113, 7.313, 7.945, 8.504, 9.082, 10.383, 12.029, 12.279], [5.798, 8.255, 9.295, 8.523, 7.614, 8.022, 8.534, 7.306, 6.01, 6.151, 5.899, 4.037, 3.541, 2.671, 2.171, 2.135, 2.694, 3.034, 2.735, 2.311, 2.231, 1.974, 0.0, 2.207, 1.797, 2.219, 2.03, 1.596, 2.513, 2.902, 2.494, 2.773, 3.613, 4.38, 4.841, 4.826, 4.344, 4.565, 2.483, 5.835, 5.365, 3.425, 4.79, 4.677, 2.773, 2.551, 2.371, 3.46, 5.023, 5.991, 4.752, 5.053, 5.028, 4.927, 4.527, 5.663, 6.829, 7.309, 7.006, 7.028, 6.077, 5.848, 4.085, 5.175, 6.424, 6.661, 6.917, 7.518, 8.155, 7.945, 6.134, 4.958, 3.952, 3.59, 3.595, 3.993, 4.369, 5.111, 6.359, 8.204, 11.049, 11.379, 10.854, 11.68, 10.105, 6.624, 7.198, 11.484, 12.795, 12.437, 12.598, 13.287, 12.013, 11.014, 11.234, 10.722, 10.008, 10.631, 10.974, 10.411, 9.867, 9.257, 8.165, 8.934, 8.988, 9.585, 9.639, 10.467, 8.817, 7.377, 8.963, 10.221, 5.691, 3.203, 3.356, 3.326, 3.93, 5.396, 4.527, 4.823, 5.654, 5.045, 4.135, 3.955, 3.235, 2.263, 2.168, 3.09, 3.468, 2.977, 2.771, 2.46, 3.459, 3.454, 2.778, 2.178, 2.873, 3.057, 1.456, 2.088, 1.368, 1.294, 2.346, 2.257, 1.595, 2.739, 4.157, 3.162, 2.774, 3.353, 3.697, 4.788, 6.109, 7.577, 8.704, 9.357, 9.505, 9.089, 8.13, 7.614, 7.959, 6.891, 6.165, 5.726, 3.34, 2.614, 3.49, 2.767, 4.203, 5.426, 4.569, 3.941, 3.536, 2.992, 3.291, 4.0, 3.576, 4.714, 5.6, 5.033, 3.82, 3.643, 4.497, 5.34, 3.724, 3.109, 2.461, 1.817, 1.688, 3.843, 5.308, 5.261, 3.813, 5.187, 5.596, 4.906, 5.652, 6.751, 8.108, 8.116, 8.504, 9.573, 10.184, 11.604, 13.21, 13.737], [6.549, 9.475, 10.628, 9.886, 9.027, 9.511, 10.075, 8.906, 7.61, 7.582, 6.913, 4.957, 4.555, 3.939, 3.386, 2.535, 2.767, 3.204, 3.377, 3.524, 3.106, 3.277, 2.207, 0.0, 2.025, 3.228, 2.312, 2.698, 4.182, 4.068, 3.058, 2.861, 3.2, 3.537, 4.279, 4.167, 4.161, 4.546, 1.65, 4.229, 3.819, 1.971, 3.422, 3.354, 1.543, 1.184, 1.534, 2.811, 4.329, 4.989, 4.066, 4.867, 4.376, 4.134, 4.318, 5.349, 6.64, 7.188, 7.658, 7.508, 6.195, 6.28, 4.945, 6.169, 7.894, 8.026, 8.428, 8.91, 9.391, 9.14, 7.372, 6.472, 5.272, 5.014, 4.856, 5.143, 5.592, 6.268, 7.596, 9.637, 12.636, 12.967, 12.454, 13.307, 11.73, 7.94, 8.809, 13.071, 14.295, 14.022, 14.199, 14.911, 13.625, 12.602, 12.839, 12.331, 11.475, 12.071, 12.332, 11.764, 10.639, 9.647, 9.242, 10.549, 10.613, 11.183, 11.078, 11.823, 10.205, 8.774, 10.345, 11.714, 6.612, 3.048, 3.872, 4.001, 5.331, 6.536, 6.066, 6.188, 7.285, 6.637, 5.725, 5.54, 4.867, 3.623, 2.364, 1.454, 1.945, 3.084, 3.482, 2.811, 3.59, 3.914, 3.159, 3.47, 4.357, 4.375, 2.07, 1.254, 1.543, 2.78, 3.589, 2.673, 2.324, 1.742, 2.616, 2.014, 1.45, 1.902, 2.228, 3.155, 4.475, 5.964, 7.076, 7.725, 7.873, 7.483, 6.498, 5.99, 6.37, 5.254, 4.586, 4.31, 2.083, 1.407, 1.664, 3.012, 4.198, 5.056, 4.572, 3.815, 3.101, 2.714, 2.439, 3.001, 2.986, 4.094, 4.81, 4.4, 3.296, 3.609, 5.401, 6.491, 4.066, 3.54, 3.132, 2.603, 1.782, 3.342, 6.153, 5.978, 3.745, 4.513, 5.374, 4.594, 4.912, 6.454, 8.648, 9.5, 9.761, 10.586, 11.541, 13.022, 14.751, 14.674], [5.045, 7.853, 8.915, 8.182, 7.16, 7.747, 8.183, 7.053, 5.78, 5.864, 5.321, 3.225, 3.195, 2.269, 1.714, 1.307, 1.667, 2.008, 2.435, 2.916, 2.641, 2.211, 1.797, 2.025, 0.0, 1.49, 1.232, 1.555, 2.815, 2.632, 1.991, 1.996, 2.419, 3.022, 3.492, 3.424, 3.036, 3.297, 2.21, 6.149, 5.654, 3.764, 5.05, 5.015, 3.027, 2.841, 2.492, 2.199, 3.507, 4.539, 3.298, 3.693, 3.571, 3.413, 3.103, 4.26, 5.495, 6.056, 6.093, 6.036, 4.921, 4.899, 3.34, 4.427, 6.08, 6.147, 6.52, 7.12, 7.567, 7.402, 5.521, 4.559, 3.547, 3.253, 2.993, 3.406, 3.841, 4.555, 5.795, 7.737, 10.79, 11.12, 10.664, 11.505, 9.943, 6.243, 6.922, 11.283, 12.555, 12.217, 12.266, 12.98, 11.747, 10.765, 10.995, 10.558, 9.734, 10.338, 10.469, 9.889, 9.147, 8.277, 7.49, 8.633, 8.668, 9.257, 9.318, 10.101, 8.495, 7.038, 8.599, 9.895, 5.046, 1.859, 2.382, 2.296, 3.561, 4.857, 4.322, 4.374, 5.359, 4.835, 3.974, 3.817, 3.419, 2.111, 1.935, 3.004, 3.076, 2.301, 1.894, 1.239, 2.18, 2.374, 1.661, 1.953, 3.019, 3.069, 1.479, 2.386, 1.642, 1.917, 1.998, 1.235, 1.936, 3.075, 4.483, 3.68, 2.987, 3.675, 4.038, 5.101, 6.421, 7.887, 9.018, 9.67, 9.818, 9.394, 8.443, 7.915, 8.252, 7.177, 6.474, 6.05, 3.637, 2.898, 3.307, 1.905, 2.906, 4.014, 3.247, 2.558, 2.288, 1.684, 2.165, 2.44, 2.171, 3.3, 4.182, 3.615, 2.469, 2.389, 3.72, 4.77, 2.696, 2.635, 2.219, 1.767, 1.3, 2.525, 4.41, 4.222, 2.36, 3.64, 4.152, 3.414, 4.147, 5.335, 6.944, 7.557, 7.815, 8.722, 9.666, 11.164, 12.911, 13.097], [4.456, 7.061, 8.02, 7.31, 6.279, 6.763, 7.077, 5.827, 4.537, 4.769, 4.583, 2.614, 2.709, 1.895, 1.537, 1.661, 2.049, 2.378, 2.595, 3.156, 3.234, 2.405, 2.219, 3.228, 1.49, 0.0, 1.14, 1.554, 2.187, 2.281, 2.13, 2.4, 2.859, 2.967, 3.31, 3.191, 2.7, 3.009, 3.38, 7.417, 6.926, 5.019, 6.277, 6.154, 4.32, 4.112, 3.676, 2.398, 3.474, 4.404, 3.405, 3.571, 3.342, 3.276, 2.77, 3.946, 5.144, 5.701, 5.592, 5.571, 4.532, 4.405, 2.74, 3.757, 5.137, 5.326, 5.478, 6.226, 6.787, 6.635, 4.883, 3.683, 2.769, 2.405, 2.157, 2.81, 3.231, 3.835, 5.042, 6.832, 9.459, 9.834, 9.43, 10.193, 8.711, 5.35, 5.762, 9.962, 11.399, 11.024, 11.069, 11.744, 10.547, 9.518, 9.654, 9.318, 8.695, 9.302, 9.555, 9.012, 8.524, 7.835, 6.781, 7.443, 7.486, 8.01, 8.334, 9.181, 7.47, 6.094, 7.692, 8.859, 4.341, 2.003, 1.967, 1.956, 2.675, 4.077, 3.166, 3.492, 4.117, 3.507, 2.755, 2.785, 2.517, 1.614, 2.121, 3.904, 3.979, 2.312, 1.884, 1.247, 2.01, 1.977, 1.507, 1.524, 2.541, 2.778, 2.094, 3.549, 2.538, 1.922, 1.459, 1.378, 2.616, 4.379, 5.785, 4.665, 4.114, 4.832, 5.298, 6.369, 7.69, 9.173, 10.286, 10.939, 11.087, 10.702, 9.712, 9.205, 9.53, 8.471, 7.76, 7.339, 4.796, 4.005, 4.374, 2.041, 2.555, 3.738, 2.946, 2.567, 2.544, 2.168, 2.687, 2.775, 2.49, 3.509, 3.982, 3.466, 2.782, 2.276, 3.106, 4.071, 2.592, 2.932, 2.608, 2.388, 1.809, 2.44, 3.882, 3.61, 2.163, 3.528, 3.898, 3.196, 4.099, 5.065, 6.516, 6.523, 6.72, 8.037, 8.753, 10.068, 11.732, 12.427], [4.871, 7.785, 8.825, 8.082, 7.019, 7.567, 7.991, 6.709, 5.435, 5.615, 5.084, 3.06, 3.088, 2.257, 1.752, 1.508, 2.018, 2.338, 2.578, 3.106, 2.785, 2.383, 2.03, 2.312, 1.232, 1.14, 0.0, 1.287, 2.558, 2.416, 1.811, 1.998, 2.311, 2.715, 3.116, 3.103, 2.663, 3.11, 2.399, 6.456, 6.009, 4.042, 5.416, 5.265, 3.379, 3.13, 2.799, 1.821, 3.351, 4.245, 3.169, 3.513, 3.264, 3.184, 2.827, 4.037, 5.198, 5.778, 5.918, 5.797, 4.642, 4.655, 3.264, 4.285, 5.982, 6.142, 6.387, 7.018, 7.56, 7.393, 5.687, 4.562, 3.542, 3.162, 2.895, 3.272, 3.901, 4.549, 5.776, 7.749, 10.438, 10.722, 10.321, 11.062, 9.578, 6.148, 6.695, 10.796, 12.253, 11.892, 12.074, 12.688, 11.473, 10.366, 10.553, 10.135, 9.496, 10.128, 10.271, 9.725, 8.957, 8.029, 7.455, 8.346, 8.445, 8.955, 9.128, 9.958, 8.295, 6.894, 8.425, 9.696, 4.894, 1.954, 2.138, 2.36, 3.383, 4.744, 3.916, 4.199, 5.097, 4.403, 3.593, 3.416, 2.871, 1.88, 1.814, 3.001, 3.071, 1.984, 2.201, 1.185, 1.995, 2.273, 1.58, 2.236, 3.06, 3.174, 1.613, 2.542, 1.993, 1.936, 1.918, 1.096, 2.157, 3.445, 4.842, 3.737, 3.258, 3.836, 4.335, 5.408, 6.728, 8.208, 9.325, 9.977, 10.125, 9.758, 8.75, 8.261, 8.582, 7.522, 6.806, 6.394, 3.887, 3.118, 3.431, 1.599, 2.623, 3.731, 3.057, 2.615, 2.481, 1.883, 2.029, 2.433, 2.209, 3.279, 3.869, 3.348, 2.36, 2.159, 3.577, 4.621, 2.747, 2.728, 2.23, 2.033, 1.008, 2.32, 4.314, 4.031, 2.246, 3.525, 3.988, 3.262, 4.049, 5.114, 6.882, 7.343, 7.529, 8.533, 9.471, 10.797, 12.594, 12.947], [4.848, 7.728, 8.705, 8.025, 6.81, 7.484, 7.804, 6.615, 5.355, 5.571, 5.027, 3.079, 2.781, 2.074, 1.667, 1.688, 2.459, 2.668, 2.218, 2.513, 2.403, 1.79, 1.596, 2.698, 1.555, 1.554, 1.287, 0.0, 1.765, 1.864, 1.731, 2.058, 2.877, 3.505, 3.967, 3.947, 3.302, 3.413, 2.644, 6.836, 6.326, 4.395, 5.58, 5.451, 3.587, 3.484, 3.035, 2.724, 4.275, 5.186, 4.032, 4.306, 4.241, 4.125, 3.584, 4.65, 5.838, 6.192, 5.903, 5.884, 4.952, 4.695, 3.08, 4.272, 5.696, 5.797, 5.966, 6.782, 7.232, 7.205, 5.396, 4.339, 3.445, 3.02, 2.693, 2.98, 3.602, 4.35, 5.543, 7.52, 10.195, 10.545, 10.218, 10.995, 9.523, 6.164, 6.423, 10.684, 12.139, 11.701, 11.667, 12.296, 11.214, 10.193, 10.33, 10.029, 9.349, 9.996, 10.004, 9.39, 8.849, 8.081, 7.192, 7.966, 8.03, 8.591, 8.948, 9.785, 8.126, 6.743, 8.27, 9.537, 4.771, 2.288, 2.321, 2.465, 3.153, 4.621, 3.855, 3.958, 4.732, 4.22, 3.436, 3.197, 2.48, 1.765, 2.003, 3.259, 3.457, 2.116, 2.157, 1.651, 2.502, 2.5, 1.914, 1.987, 2.635, 2.757, 1.605, 2.887, 1.944, 1.212, 1.516, 1.322, 1.773, 3.753, 5.189, 4.058, 3.49, 4.157, 4.668, 5.788, 7.109, 8.574, 9.705, 10.358, 10.506, 10.1, 9.131, 8.607, 8.933, 