[[0.0, 1.574, 2.039, 4.943, 6.843, 7.131, 6.84, 6.127, 4.132, 4.11, 4.605, 2.568, 1.704, 1.629, 2.212, 1.69, 2.724, 3.849, 4.246, 5.323, 4.144, 2.755, 3.47, 7.066, 6.142, 2.759, 2.196, 2.021, 2.208, 2.523, 2.559, 3.204, 3.266, 2.436, 1.928, 2.219, 2.432, 2.283, 2.735, 2.858, 1.921, 2.265, 4.176, 4.771, 4.281, 2.442, 2.184, 2.898, 2.735, 2.326, 2.252, 1.99, 2.431, 2.952, 3.316, 2.826, 2.344, 2.662, 2.445, 2.531, 2.874, 3.467, 3.08, 2.53, 3.404, 3.42, 2.849, 3.769, 3.447, 2.604, 2.996, 6.174, 7.174, 5.281, 1.931, 4.165, 5.17, 4.486, 5.515, 8.477, 9.775, 10.875, 12.738, 12.63, 12.27, 12.333, 11.705, 11.875, 13.209, 14.111, 13.834, 13.598, 12.969, 12.118, 11.242, 10.252, 8.64, 7.721, 8.061, 6.032, 2.645, 3.581, 3.979, 3.635, 3.448, 3.116, 2.414, 3.008, 2.53, 3.132, 3.247, 3.874, 2.376, 3.186, 2.29, 1.399, 1.436, 1.893, 1.89, 2.02, 1.932, 2.664, 2.204, 3.574, 7.045, 7.807, 6.726, 4.567, 2.891, 2.823, 3.292, 2.899, 2.882, 2.78, 2.791, 2.5, 4.592, 5.618, 4.434, 3.732, 4.211, 5.492, 7.773, 8.909, 6.702, 5.162], [1.574, 0.0, 2.829, 5.756, 7.592, 7.939, 7.676, 6.922, 4.878, 4.869, 5.384, 3.292, 1.702, 1.383, 1.985, 1.63, 3.415, 4.726, 5.01, 6.174, 4.389, 2.878, 4.107, 7.799, 6.987, 3.746, 2.179, 1.84, 1.516, 1.846, 1.967, 2.61, 2.657, 2.102, 1.905, 2.53, 3.247, 2.569, 2.219, 2.631, 2.307, 2.9, 4.756, 5.521, 5.056, 3.27, 2.119, 2.216, 2.02, 1.823, 2.04, 1.83, 2.146, 2.475, 2.861, 2.389, 2.195, 2.588, 2.795, 2.757, 3.186, 4.18, 3.934, 3.234, 3.94, 4.027, 3.609, 4.524, 4.328, 3.342, 3.981, 7.107, 7.958, 6.277, 2.251, 3.312, 4.353, 3.552, 4.667, 7.67, 8.973, 10.137, 11.865, 11.678, 11.441, 11.432, 10.982, 11.152, 12.325, 13.272, 12.968, 12.758, 12.137, 11.287, 10.399, 9.423, 7.831, 6.976, 7.236, 5.128, 2.14, 4.112, 4.681, 4.346, 4.087, 3.772, 3.162, 3.499, 3.273, 3.908, 4.145, 4.65, 3.138, 3.738, 2.933, 2.373, 1.757, 1.751, 1.952, 2.587, 2.551, 3.26, 2.785, 2.8, 6.129, 6.88, 5.884, 3.777, 2.407, 2.223, 2.567, 2.352, 2.681, 2.883, 3.255, 3.086, 5.372, 6.377, 5.08, 4.137, 4.974, 6.272, 8.514, 9.642, 7.469, 6.091], [2.039, 2.829, 0.0, 3.444, 5.253, 5.604, 5.253, 4.569, 2.721, 2.749, 3.236, 1.742, 2.414, 2.866, 3.25, 2.455, 1.619, 2.336, 2.695, 3.578, 3.046, 2.717, 2.323, 5.516, 4.729, 1.873, 2.671, 2.936, 3.575, 4.002, 4.037, 4.581, 4.625, 3.658, 2.923, 2.827, 2.144, 2.824, 3.795, 3.621, 2.327, 2.093, 3.131, 3.378, 2.955, 2.141, 3.602, 4.552, 4.331, 3.532, 2.805, 2.065, 2.977, 3.312, 3.281, 2.518, 2.27, 2.103, 1.785, 1.888, 1.947, 1.924, 1.89, 1.476, 2.238, 2.1, 1.523, 2.426, 1.985, 1.675, 1.673, 4.477, 5.554, 3.983, 2.612, 5.753, 6.733, 5.996, 7.128, 9.906, 11.231, 12.25, 14.082, 13.669, 13.699, 13.755, 13.216, 13.29, 14.713, 15.57, 15.253, 15.067, 14.413, 13.611, 12.735, 11.7, 10.085, 9.241, 9.534, 7.433, 3.416, 3.432, 3.144, 2.714, 3.075, 3.356, 1.835, 3.251, 2.415, 2.223, 2.026, 2.563, 1.791, 2.177, 1.919, 1.576, 2.278, 3.047, 2.635, 2.2, 1.894, 2.297, 1.903, 4.932, 8.42, 9.123, 8.057, 6.127, 4.218, 4.318, 4.876, 4.184, 3.523, 2.776, 2.421, 2.607, 3.213, 4.404, 3.884, 3.68, 3.304, 3.867, 6.131, 7.159, 4.937, 3.683], [4.943, 5.756, 3.444, 0.0, 2.372, 2.656, 2.375, 1.934, 1.648, 1.623, 1.549, 2.908, 4.934, 6.049, 6.601, 5.514, 2.713, 1.956, 1.698, 1.849, 2.371, 3.634, 2.16, 2.3, 2.524, 2.901, 4.914, 6.042, 6.876, 7.253, 7.28, 7.9, 7.925, 6.977, 6.197, 6.059, 5.057, 6.177, 7.179, 7.008, 5.398, 4.759, 3.088, 2.414, 2.696, 4.833, 6.812, 7.662, 7.555, 6.675, 5.556, 4.712, 4.994, 4.765, 4.439, 4.464, 4.259, 4.024, 4.349, 4.391, 4.095, 2.535, 3.027, 3.461, 3.039, 2.827, 2.874, 2.191, 2.208, 3.416, 3.171, 2.689, 3.313, 3.377, 5.654, 8.871, 9.931, 9.116, 10.272, 13.275, 14.576, 15.558, 17.306, 16.843, 16.851, 17.027, 16.46, 16.364, 17.787, 18.878, 18.581, 18.407, 17.769, 16.905, 16.042, 15.045, 13.461, 12.518, 12.831, 10.609, 5.862, 3.782, 2.962, 3.014, 3.241, 3.518, 4.459, 6.14, 5.088, 4.123, 3.888, 4.539, 4.496, 3.237, 3.996, 4.261, 5.523, 6.438, 5.967, 5.251, 4.625, 4.24, 4.686, 8.132, 11.735, 12.454, 11.372, 9.317, 7.426, 7.529, 8.045, 7.439, 5.909, 4.53, 4.342, 4.05, 2.652, 2.527, 2.54, 3.775, 3.156, 2.142, 3.3, 4.319, 2.564, 2.796], [6.843, 7.592, 5.253, 2.372, 0.0, 1.233, 1.451, 1.854, 3.049, 3.104, 2.903, 4.724, 6.797, 7.624, 8.176, 7.219, 4.426, 3.634, 3.214, 2.658, 3.852, 5.32, 3.894, 1.653, 2.372, 4.516, 6.556, 7.834, 8.699, 9.053, 8.987, 9.603, 9.545, 8.638, 7.895, 7.778, 6.82, 7.792, 8.782, 8.587, 6.973, 6.354, 4.342, 3.161, 3.715, 6.38, 8.665, 9.505, 9.278, 8.449, 7.27, 6.435, 6.588, 6.251, 5.935, 5.999, 5.883, 5.634, 5.985, 6.106, 5.772, 4.009, 4.63, 5.093, 4.329, 4.28, 4.516, 3.695, 3.768, 5.09, 5.028, 2.934, 3.273, 3.913, 7.249, 10.447, 11.506, 10.696, 11.945, 14.958, 16.301, 17.287, 18.985, 18.367, 18.435, 18.629, 18.154, 18.024, 19.542, 20.472, 20.194, 20.14, 19.439, 18.644, 17.786, 16.819, 15.258, 14.103, 14.513, 12.33, 7.516, 4.491, 3.633, 4.148, 4.28, 5.067, 6.201, 8.014, 6.814, 5.892, 5.559, 6.375, 6.35, 4.959, 5.727, 5.892, 7.245, 8.075, 7.58, 6.873, 6.213, 5.846, 6.261, 9.707, 13.33, 14.05, 12.956, 10.94, 9.029, 9.207, 9.703, 9.014, 7.484, 6.003, 5.934, 5.484, 3.063, 2.151, 3.125, 4.059, 3.355, 2.227, 2.423, 3.085, 2.42, 3.477], [7.131, 7.939, 5.604, 2.656, 1.233, 0.0, 1.061, 2.012, 3.293, 3.349, 3.205, 5.003, 7.102, 7.885, 8.309, 7.453, 4.758, 3.872, 3.276, 2.666, 4.036, 5.569, 3.986, 1.671, 2.122, 4.8, 6.752, 8.062, 8.916, 9.311, 9.235, 9.84, 9.72, 8.791, 8.087, 7.899, 6.985, 7.937, 8.927, 8.725, 7.107, 6.487, 4.516, 3.383, 3.786, 6.591, 8.927, 9.774, 9.546, 8.704, 7.455, 6.669, 6.837, 6.525, 6.166, 6.206, 6.085, 5.789, 6.185, 6.322, 6.043, 4.253, 4.811, 5.325, 4.41, 4.427, 4.646, 3.726, 3.993, 5.231, 5.19, 2.937, 2.848, 4.006, 7.385, 10.598, 11.649, 10.835, 12.205, 15.191, 16.443, 17.434, 19.13, 18.515, 18.594, 18.821, 18.335, 18.19, 19.729, 20.675, 20.346, 20.281, 19.585, 18.801, 17.953, 16.972, 15.41, 14.35, 14.653, 12.469, 7.787, 4.378, 3.761, 4.254, 4.389, 5.281, 6.291, 8.229, 7.045, 6.059, 5.815, 6.58, 6.53, 5.076, 5.95, 6.096, 7.424, 8.262, 7.743, 7.019, 6.459, 6.054, 6.394, 9.851, 13.463, 14.182, 13.089, 11.113, 9.155, 9.446, 9.964, 9.182, 7.636, 6.11, 6.048, 5.613, 3.176, 2.172, 3.413, 4.429, 3.747, 2.288, 1.974, 2.73, 2.494, 3.279], [6.84, 7.676, 5.253, 2.375, 1.451, 1.061, 0.0, 1.817, 3.078, 3.199, 3.073, 4.859, 6.873, 7.552, 7.883, 7.083, 4.6, 3.49, 3.116, 2.272, 3.617, 5.308, 3.755, 1.674, 2.205, 4.5, 6.408, 7.692, 8.545, 8.949, 8.881, 9.505, 9.382, 8.423, 7.703, 7.484, 6.623, 7.511, 8.507, 8.323, 6.705, 6.054, 4.234, 3.14, 3.639, 6.252, 8.561, 9.484, 9.196, 8.342, 7.055, 6.299, 6.62, 6.278, 5.869, 5.871, 5.739, 5.381, 5.769, 5.912, 5.617, 3.889, 4.404, 4.928, 4.028, 4.047, 4.28, 3.457, 3.642, 4.823, 4.714, 2.825, 3.041, 3.982, 6.964, 10.23, 11.297, 10.475, 11.879, 14.821, 16.052, 17.051, 18.707, 18.137, 18.251, 18.465, 17.962, 17.912, 19.419, 20.323, 19.937, 19.845, 19.151, 18.369, 17.527, 16.598, 15.036, 14.014, 14.216, 12.043, 7.6, 4.144, 3.371, 3.824, 4.001, 4.996, 5.843, 7.834, 6.618, 5.623, 5.39, 6.112, 6.057, 4.618, 5.525, 5.797, 6.986, 7.831, 7.35, 6.678, 6.149, 5.697, 5.968, 9.455, 13.04, 13.773, 12.664, 10.775, 8.767, 9.1, 9.68, 8.776, 7.223, 5.689, 5.623, 5.214, 2.803, 1.905, 3.406, 4.328, 3.466, 1.815, 1.912, 2.702, 2.39, 3.332], [6.127, 6.922, 4.569, 1.934, 1.854, 2.012, 1.817, 0.0, 2.229, 2.315, 2.114, 3.956, 6.07, 6.792, 7.263, 6.379, 3.619, 3.285, 2.781, 2.013, 2.989, 4.564, 2.966, 2.052, 3.127, 3.777, 5.763, 7.073, 7.926, 8.322, 8.246, 8.841, 8.727, 7.82, 7.076, 6.886, 6.003, 6.899, 7.869, 7.668, 6.055, 5.448, 4.03, 3.348, 3.737, 5.635, 7.933, 8.796, 8.546, 7.715, 6.437, 5.673, 5.832, 5.538, 5.189, 5.172, 5.039, 4.692, 5.066, 5.193, 4.917, 3.485, 3.96, 4.188, 3.358, 3.383, 3.605, 2.776, 3.005, 4.125, 4.034, 3.569, 4.082, 4.381, 6.33, 9.529, 10.621, 9.823, 11.227, 14.201, 15.452, 16.448, 18.107, 17.459, 17.583, 17.807, 17.307, 17.212, 18.733, 19.669, 19.304, 19.256, 18.559, 17.764, 16.907, 15.997, 14.436, 13.341, 13.621, 11.446, 6.789, 3.906, 2.938, 3.242, 3.551, 4.434, 5.259, 7.217, 5.93, 4.935, 4.76, 5.462, 5.381, 3.931, 4.825, 5.038, 6.367, 7.193, 6.687, 6.018, 5.519, 5.077, 5.342, 8.789, 12.412, 13.145, 12.038, 10.116, 8.165, 8.457, 8.991, 8.112, 6.578, 5.059, 4.997, 4.602, 2.579, 2.228, 2.365, 3.286, 2.606, 1.727, 3.208, 4.029, 3.066, 3.626], [4.132, 4.878, 2.721, 1.648, 3.049, 3.293, 3.078, 2.229, 0.0, 1.155, 1.444, 1.965, 3.995, 5.04, 5.583, 4.597, 2.081, 2.455, 1.681, 2.547, 2.389, 3.118, 1.661, 3.426, 3.564, 2.207, 3.926, 5.176, 6.042, 6.358, 6.333, 6.945, 6.953, 5.996, 5.272, 5.149, 4.193, 5.186, 6.19, 5.995, 4.381, 3.836, 3.215, 2.836, 2.941, 4.058, 5.988, 6.756, 6.587, 5.794, 4.647, 3.785, 4.003, 3.89, 3.44, 3.414, 3.354, 3.172, 3.412, 3.564, 3.479, 2.234, 2.623, 2.72, 2.479, 2.175, 1.934, 1.668, 1.478, 2.554, 2.483, 3.618, 4.379, 3.975, 4.657, 7.854, 8.914, 8.101, 9.253, 12.304, 13.673, 14.647, 16.352, 15.804, 15.846, 15.992, 15.5, 15.375, 16.912, 17.845, 17.587, 17.507, 16.799, 16.008, 15.136, 14.17, 12.612, 11.467, 11.884, 9.703, 4.888, 3.214, 2.514, 2.565, 2.86, 3.164, 3.542, 5.402, 4.386, 3.375, 3.425, 4.014, 3.818, 2.626, 3.185, 3.331, 4.634, 5.466, 4.99, 4.302, 3.705, 3.531, 3.705, 7.115, 10.734, 11.453, 10.364, 8.32, 6.41, 6.559, 7.046, 6.422, 4.909, 3.747, 3.379, 3.299, 2.781, 3.026, 2.425, 2.956, 2.32, 1.87, 4.192, 5.216, 3.477, 3.353], [4.11, 4.869, 2.749, 1.623, 3.104, 3.349, 3.199, 2.315, 1.155, 0.0, 1.206, 1.995, 3.963, 5.046, 5.571, 4.561, 2.297, 2.19, 1.889, 2.214, 2.085, 2.835, 1.54, 3.367, 3.437, 2.267, 3.907, 5.155, 6.023, 6.316, 6.346, 6.937, 6.954, 6.006, 5.233, 5.106, 4.222, 5.186, 6.176, 6.016, 4.37, 3.824, 3.098, 2.868, 2.963, 4.111, 5.978, 6.707, 6.559, 5.767, 4.601, 3.851, 3.971, 3.615, 3.573, 3.51, 3.329, 3.057, 3.419, 3.622, 3.534, 2.392, 2.64, 2.68, 2.184, 2.133, 2.029, 1.606, 1.477, 2.608, 2.624, 3.644, 4.319, 4.066, 4.649, 7.841, 8.901, 8.078, 9.203, 12.271, 13.626, 14.596, 16.292, 15.827, 15.795, 15.965, 15.443, 15.337, 16.852, 17.812, 17.575, 17.462, 16.75, 15.963, 15.091, 14.137, 12.586, 11.427, 11.843, 9.668, 4.867, 3.07, 2.335, 2.434, 2.753, 3.08, 3.529, 5.415, 4.436, 3.424, 3.451, 4.157, 3.948, 2.44, 3.199, 3.338, 4.614, 5.441, 4.971, 4.331, 3.746, 3.522, 3.68, 7.101, 10.715, 11.434, 10.35, 8.309, 6.398, 6.514, 7.041, 6.408, 4.887, 3.536, 3.379, 3.264, 2.366, 2.879, 2.236, 2.981, 2.34, 2.125, 4.12, 5.223, 3.438, 3.428], [4.605, 5.384, 3.236, 1.549, 2.903, 3.205, 3.073, 2.114, 1.444, 1.206, 0.0, 2.231, 4.6, 5.774, 6.309, 5.23, 2.443, 2.535, 2.047, 2.19, 2.28, 3.285, 1.983, 2.949, 3.565, 2.728, 4.622, 5.735, 6.533, 6.901, 7.007, 7.608, 7.653, 6.712, 5.905, 5.737, 4.772, 5.911, 6.906, 6.72, 5.107, 4.5, 3.451, 3.192, 3.377, 4.7, 6.503, 7.294, 7.199, 6.351, 5.191, 4.424, 4.635, 4.402, 4.129, 4.123, 4.002, 3.785, 4.151, 4.339, 4.087, 2.729, 3.134, 3.282, 2.729, 2.609, 2.718, 2.315, 2.054, 3.247, 3.262, 4.071, 4.598, 4.54, 5.373, 8.564, 9.64, 8.816, 9.926, 12.943, 14.212, 15.18, 16.981, 16.456, 16.494, 16.654, 16.106, 16.03, 17.426, 18.509, 18.267, 18.059, 17.445, 16.604, 15.709, 14.744, 13.155, 12.146, 12.54, 10.255, 5.424, 3.53, 2.658, 2.786, 3.172, 3.559, 4.222, 5.906, 5.038, 4.066, 3.871, 4.624, 4.514, 3.166, 3.887, 4.039, 5.2, 6.166, 5.718, 4.989, 4.319, 4.093, 4.395, 7.831, 11.435, 12.154, 11.072, 9.016, 7.134, 7.211, 7.732, 7.148, 5.617, 4.113, 4.059, 3.913, 2.472, 2.665, 2.17, 2.922, 2.489, 2.304, 4.12, 5.076, 3.629, 3.894], [2.568, 3.292, 1.742, 2.908, 4.724, 5.003, 4.859, 3.956, 1.965, 1.995, 2.231, 0.0, 2.531, 3.7, 4.184, 3.121, 1.353, 2.445, 2.387, 3.668, 2.805, 2.48, 1.762, 4.859, 4.537, 2.198, 2.739, 3.598, 4.416, 4.765, 4.865, 5.473, 5.554, 4.589, 3.776, 3.651, 3.259, 3.799, 4.778, 4.584, 2.988, 2.763, 3.573, 3.525, 3.283, 3.25, 4.348, 5.145, 5.078, 4.227, 3.054, 2.521, 2.81, 3.02, 2.9, 2.303, 2.18, 2.147, 2.205, 2.431, 2.304, 1.885, 2.104, 1.83, 2.048, 1.899, 1.373, 2.216, 1.981, 1.767, 2.163, 4.78, 5.501, 4.632, 3.537, 6.44, 7.506, 6.676, 7.786, 10.822, 12.056, 13.032, 14.839, 14.373, 14.351, 14.515, 13.966, 13.905, 15.316, 16.36, 16.129, 15.919, 15.305, 14.464, 13.569, 12.603, 11.015, 10.005, 10.397, 8.116, 3.444, 3.187, 3.094, 2.914, 3.185, 3.279, 2.796, 4.066, 3.525, 2.851, 3.025, 3.781, 2.962, 2.229, 2.389, 2.393, 3.114, 4.061, 3.598, 3.285, 2.869, 3.436, 2.628, 5.69, 9.293, 10.012, 8.931, 6.876, 5.008, 5.077, 5.599, 5.008, 3.788, 2.768, 2.842, 2.942, 3.547, 4.161, 3.396, 3.071, 2.954, 3.617, 5.782, 6.865, 4.873, 4.071], [1.704, 1.702, 2.414, 4.934, 6.797, 7.102, 6.873, 6.07, 3.995, 3.963, 4.6, 2.531, 0.0, 1.628, 2.169, 1.924, 2.798, 3.987, 4.363, 5.497, 3.775, 2.355, 3.379, 7.079, 6.093, 2.996, 1.763, 2.041, 2.374, 2.479, 2.581, 3.302, 3.307, 2.767, 2.406, 2.992, 3.382, 3.008, 3.042, 3.436, 2.159, 2.628, 4.411, 4.798, 4.385, 3.27, 2.909, 2.958, 2.723, 2.007, 1.5, 1.637, 1.526, 1.945, 2.267, 1.724, 1.472, 1.871, 1.876, 1.958, 2.229, 3.404, 3.078, 2.338, 3.074, 3.215, 2.842, 3.714, 3.485, 2.373, 2.992, 6.13, 7.161, 5.379, 2.686, 4.162, 5.142, 4.484, 5.521, 8.479, 9.828, 10.906, 12.656, 12.577, 12.266, 12.357, 11.699, 11.74, 13.288, 14.114, 13.865, 13.663, 12.983, 12.171, 11.299, 10.323, 8.77, 7.675, 8.065, 6.117, 2.388, 3.516, 3.908, 3.421, 3.502, 3.367, 2.824, 3.9, 3.407, 3.084, 3.393, 4.29, 2.821, 2.803, 2.083, 1.929, 2.363, 2.382, 2.267, 3.015, 2.759, 3.471, 2.631, 3.482, 7.064, 7.812, 6.749, 4.566, 2.69, 2.815, 3.257, 2.694, 2.339, 2.152, 2.339, 2.58, 4.671, 5.861, 4.664, 3.635, 4.405, 5.511, 7.772, 8.903, 6.714, 5.219], [1.629, 1.383, 2.866, 6.049, 7.624, 7.885, 7.552, 6.792, 5.04, 5.046, 5.774, 3.7, 1.628, 0.0, 1.523, 1.63, 3.667, 4.914, 5.266, 6.205, 4.489, 2.929, 4.238, 7.963, 7.072, 3.29, 1.992, 1.993, 1.494, 1.808, 1.63, 2.273, 2.168, 1.871, 1.659, 2.197, 2.864, 2.252, 2.042, 2.447, 1.97, 2.593, 4.615, 5.354, 4.823, 2.689, 2.21, 2.229, 1.871, 1.625, 1.981, 2.021, 2.123, 2.584, 2.877, 2.266, 2.245, 2.351, 2.497, 2.498, 2.883, 3.943, 3.574, 2.858, 3.62, 3.739, 3.44, 4.407, 4.112, 2.935, 3.423, 6.646, 7.901, 5.549, 1.901, 3.1, 4.055, 3.525, 4.725, 7.491, 8.797, 9.988, 11.595, 11.739, 11.141, 11.248, 10.724, 10.968, 12.576, 13.028, 12.695, 12.577, 11.891, 11.095, 10.217, 9.305, 7.744, 6.693, 6.961, 5.219, 2.631, 4.023, 4.456, 3.936, 3.971, 3.786, 2.635, 3.308, 2.708, 3.162, 3.423, 4.027, 2.535, 3.366, 2.438, 1.957, 1.73, 1.55, 1.517, 2.266, 2.471, 3.084, 2.55, 2.671, 5.844, 6.665, 5.711, 3.499, 2.041, 2.125, 2.344, 1.788, 1.868, 2.382, 2.561, 2.649, 5.21, 6.409, 5.103, 4.218, 4.859, 6.08, 8.339, 9.471, 7.226, 5.554], [2.212, 1.985, 3.25, 6.601, 8.176, 8.309, 7.883, 7.263, 5.583, 5.571, 6.309, 4.184, 2.169, 1.523, 0.0, 1.586, 4.235, 5.451, 5.818, 6.697, 4.943, 3.56, 4.719, 8.529, 7.64, 4.054, 2.515, 2.618, 2.116, 2.201, 1.904, 2.099, 1.988, 1.694, 1.852, 2.247, 3.355, 2.398, 1.963, 2.472, 2.576, 3.251, 5.269, 5.783, 5.241, 3.208, 2.123, 2.037, 1.946, 1.871, 1.866, 2.334, 2.416, 3.079, 3.106, 2.78, 2.463, 2.689, 2.598, 2.434, 2.928, 4.363, 3.91, 3.201, 3.956, 4.09, 3.835, 4.875, 4.617, 3.358, 3.777, 6.952, 8.447, 6.208, 2.522, 3.024, 3.694, 3.367, 4.405, 7.089, 8.293, 9.515, 11.341, 11.058, 10.915, 10.827, 10.406, 10.54, 11.975, 12.614, 12.104, 12.036, 11.35, 10.62, 9.769, 8.842, 7.273, 6.392, 6.598, 4.837, 3.38, 4.537, 4.89, 4.28, 4.565, 4.714, 3.047, 3.254, 2.868, 3.755, 3.989, 4.481, 2.994, 3.644, 2.839, 2.717, 1.634, 1.429, 1.845, 2.805, 3.227, 3.828, 2.99, 2.25, 5.319, 5.952, 5.002, 3.305, 2.467, 2.417, 2.396, 2.454, 2.693, 2.616, 2.891, 3.177, 5.616, 6.817, 5.779, 4.79, 5.34, 6.422, 8.828, 9.842, 7.596, 5.953], [1.69, 1.63, 2.455, 5.514, 7.219, 7.453, 7.083, 6.379, 4.597, 4.561, 5.23, 3.121, 1.924, 1.63, 1.586, 0.0, 3.135, 4.396, 4.735, 5.746, 4.216, 3.083, 3.694, 7.428, 6.624, 3.502, 2.203, 2.347, 2.344, 2.544, 2.264, 2.641, 2.598, 1.98, 1.535, 2.035, 3.051, 2.388, 2.179, 2.296, 2.348, 2.784, 4.881, 5.096, 4.809, 3.035, 2.059, 2.595, 2.426, 2.194, 2.139, 1.447, 2.1, 2.597, 2.779, 2.317, 1.95, 2.414, 2.205, 2.202, 2.432, 3.622, 3.419, 2.655, 3.249, 3.519, 3.041, 4.149, 3.792, 2.751, 3.463, 6.498, 7.488, 5.943, 2.376, 3.483, 4.477, 3.755, 4.943, 7.916, 9.126, 10.16, 12.158, 11.657, 11.636, 11.607, 11.008, 11.075, 12.527, 13.456, 13.132, 12.941, 12.3, 11.45, 10.581, 9.671, 8.11, 7.14, 7.387, 5.351, 2.789, 4.059, 4.281, 3.953, 3.962, 4.011, 2.949, 3.017, 2.795, 3.629, 3.845, 4.434, 2.91, 3.147, 2.621, 2.202, 1.233, 1.608, 1.777, 2.408, 2.646, 3.324, 2.69, 2.799, 6.241, 6.974, 5.875, 3.928, 2.708, 2.535, 2.927, 2.799, 3.025, 2.424, 3.014, 3.145, 4.944, 5.86, 4.854, 3.873, 4.395, 5.716, 7.975, 9.073, 6.855, 5.571], [2.724, 3.415, 1.619, 2.713, 4.426, 4.758, 4.6, 3.619, 2.081, 2.297, 2.443, 1.353, 2.798, 3.667, 4.235, 3.135, 0.0, 2.058, 2.088, 3.373, 2.68, 2.329, 1.822, 4.526, 4.508, 2.184, 3.129, 3.691, 4.492, 4.966, 4.982, 5.578, 5.568, 4.616, 3.818, 3.682, 3.222, 3.816, 4.792, 4.626, 3.058, 2.713, 3.545, 3.571, 3.39, 3.102, 4.533, 5.374, 5.243, 4.284, 3.238, 2.505, 2.807, 3.135, 2.908, 2.308, 2.071, 1.98, 2.178, 2.324, 2.166, 1.67, 1.718, 1.622, 1.959, 1.871, 1.398, 2.118, 2.032, 1.761, 2.071, 4.465, 5.323, 4.438, 3.58, 6.483, 7.543, 6.721, 7.935, 10.95, 12.208, 13.195, 14.927, 14.408, 14.481, 14.657, 14.083, 14.034, 15.413, 16.522, 16.214, 16.029, 15.385, 14.531, 13.667, 12.671, 11.034, 10.169, 10.443, 8.214, 3.607, 3.483, 3.265, 3.06, 3.374, 3.711, 2.893, 4.056, 3.281, 2.742, 2.786, 3.459, 2.572, 2.162, 2.041, 2.299, 3.148, 4.05, 3.624, 3.19, 2.803, 3.381, 2.648, 5.744, 9.347, 10.067, 8.985, 6.964, 5.037, 5.172, 5.721, 5.091, 4.112, 2.937, 2.987, 3.191, 3.54, 3.99, 3.348, 3.054, 2.734, 3.384, 5.478, 6.564, 4.611, 4.003], [3.849, 4.726, 2.336, 1.956, 3.634, 3.872, 3.49, 3.285, 2.455, 2.19, 2.535, 2.445, 3.987, 4.914, 5.451, 4.396, 2.058, 0.0, 1.728, 2.168, 2.737, 3.069, 2.228, 3.527, 3.214, 2.876, 4.149, 4.836, 5.622, 6.122, 6.155, 6.752, 6.765, 5.824, 5.047, 4.873, 4.012, 5.016, 6.013, 5.846, 4.238, 3.623, 3.298, 3.112, 2.908, 3.67, 5.654, 6.6, 6.414, 5.477, 4.431, 3.789, 4.109, 4.066, 4.01, 3.713, 3.289, 3.077, 3.245, 3.307, 3.042, 1.816, 2.074, 2.38, 2.347, 2.39, 2.089, 1.879, 2.145, 2.433, 2.298, 3.151, 4.036, 3.368, 4.593, 7.779, 8.798, 8.03, 9.173, 12.124, 13.338, 14.324, 16.164, 15.811, 15.727, 15.894, 15.342, 15.328, 16.702, 17.755, 17.415, 17.207, 16.608, 15.771, 14.88, 13.9, 12.255, 11.37, 11.671, 9.433, 4.972, 4.267, 3.593, 3.419, 3.857, 4.237, 3.716, 4.96, 3.986, 3.389, 3.294, 3.709, 3.338, 2.421, 2.91, 3.208, 4.308, 5.288, 4.801, 4.17, 3.536, 3.764, 3.583, 7.006, 10.585, 11.293, 10.225, 8.221, 6.276, 6.375, 6.964, 6.289, 5.101, 3.762, 3.873, 3.987, 3.53, 4.024, 4.011, 4.091, 3.608, 3.332, 4.286, 5.358, 3.386, 2.945], [4.246, 5.01, 2.695, 1.698, 3.214, 3.276, 3.116, 2.781, 1.681, 1.889, 2.047, 2.387, 4.363, 5.266, 5.818, 4.735, 2.088, 1.728, 0.0, 2.019, 2.676, 3.671, 2.029, 3.268, 3.042, 2.372, 4.223, 5.262, 6.05, 6.569, 6.593, 7.19, 7.175, 6.222, 5.43, 5.243, 4.294, 5.393, 6.388, 6.216, 4.618, 4.002, 3.334, 2.865, 2.799, 4.109, 6.102, 6.994, 6.846, 5.887, 4.746, 4.012, 4.513, 4.548, 4.21, 3.825, 3.764, 3.601, 3.62, 3.697, 3.4, 1.895, 2.53, 3.005, 2.963, 2.654, 2.257, 1.993, 2.016, 2.909, 2.658, 2.937, 3.694, 3.137, 4.927, 8.114, 9.151, 8.354, 9.541, 12.56, 13.751, 14.736, 16.541, 16.018, 16.105, 16.28, 15.688, 15.659, 17.022, 18.135, 17.813, 17.583, 16.982, 16.125, 15.241, 14.277, 12.633, 11.773, 12.039, 9.758, 5.193, 3.784, 3.138, 3.116, 3.41, 3.709, 3.656, 5.364, 4.534, 3.501, 3.186, 3.906, 3.817, 2.999, 3.5, 3.525, 4.682, 5.656, 5.176, 4.495, 3.871, 3.766, 3.942, 7.358, 10.944, 11.663, 10.581, 8.578, 6.643, 6.775, 7.338, 6.654, 5.264, 4.291, 3.657, 3.743, 3.338, 3.641, 3.387, 4.065, 3.346, 2.786, 3.924, 4.985, 3.098, 2.62], [5.323, 6.174, 3.578, 1.849, 2.658, 2.666, 2.272, 2.013, 2.547, 2.214, 2.19, 3.668, 5.497, 6.205, 6.697, 5.746, 3.373, 2.168, 2.019, 0.0, 2.185, 3.982, 2.528, 2.258, 2.394, 3.123, 5.057, 6.133, 6.962, 7.467, 7.492, 8.063, 8.04, 7.068, 6.295, 6.093, 5.131, 6.246, 7.241, 7.066, 5.462, 4.838, 3.697, 3.223, 3.468, 5.013, 7.034, 7.996, 7.791, 6.785, 5.681, 4.974, 5.475, 5.202, 4.962, 4.816, 4.684, 4.297, 4.421, 4.552, 4.241, 2.859, 3.151, 3.577, 2.983, 3.019, 3.189, 2.446, 2.293, 3.563, 3.324, 2.893, 3.336, 3.975, 5.758, 9.15, 10.124, 9.392, 10.584, 13.43, 14.623, 15.616, 17.42, 17.089, 17.032, 17.186, 16.629, 16.609, 18.065, 19.027, 18.675, 18.441, 17.846, 17.001, 16.126, 15.126, 13.49, 12.686, 12.951, 10.761, 6.476, 3.451, 2.47, 2.761, 3.089, 3.907, 4.516, 6.192, 5.303, 4.251, 4.043, 4.66, 4.643, 3.268, 4.128, 4.505, 5.588, 6.502, 6.027, 5.477, 4.847, 4.523, 4.755, 8.334, 11.819, 12.55, 11.469, 9.511, 7.489, 7.729, 8.312, 7.523, 5.98, 4.511, 4.404, 3.999, 2.193, 2.576, 3.23, 3.814, 3.277, 2.246, 3.141, 4.062, 2.764, 3.269], [4.144, 4.389, 3.046, 2.371, 3.852, 4.036, 3.617, 2.989, 2.389, 2.085, 2.28, 2.805, 3.775, 4.489, 4.943, 4.216, 2.68, 2.737, 2.676, 2.185, 0.0, 2.093, 1.463, 3.684, 3.941, 2.73, 3.349, 4.624, 5.355, 5.781, 5.803, 6.334, 6.29, 5.476, 4.879, 4.923, 4.565, 5.224, 5.583, 5.937, 4.171, 4.26, 4.184, 3.912, 4.133, 4.82, 5.679, 6.245, 6.074, 5.146, 4.122, 3.352, 3.679, 3.322, 3.041, 2.875, 2.856, 2.431, 3.245, 3.55, 3.445, 2.863, 3.172, 3.035, 2.185, 2.126, 2.381, 2.344, 2.096, 2.589, 2.975, 4.22, 4.81, 5.009, 4.784, 7.275, 8.314, 7.52, 8.798, 11.713, 12.922, 13.919, 15.673, 15.166, 15.234, 15.438, 14.872, 14.846, 16.213, 17.306, 16.926, 16.752, 16.116, 15.289, 14.437, 13.379, 11.815, 10.981, 11.172, 8.947, 4.52, 2.673, 2.063, 1.968, 2.687, 3.433, 3.368, 5.469, 4.968, 3.61, 3.713, 4.452, 4.053, 1.949, 2.798, 3.68, 4.434, 5.092, 4.77, 4.752, 4.36, 4.653, 4.04, 6.506, 10.069, 10.767, 9.7, 7.743, 5.754, 5.977, 6.563, 5.789, 4.228, 2.8, 2.698, 2.577, 2.709, 3.25, 2.83, 2.336, 2.247, 2.643, 4.534, 5.477, 3.85, 4.327], [2.755, 2.878, 2.717, 3.634, 5.32, 5.569, 5.308, 4.564, 3.118, 2.835, 3.285, 2.48, 2.355, 2.929, 3.56, 3.083, 2.329, 3.069, 3.671, 3.982, 2.093, 0.0, 2.059, 5.542, 5.177, 3.055, 2.314, 2.945, 3.587, 3.921, 4.02, 4.571, 4.679, 4.069, 3.848, 4.212, 3.958, 4.347, 4.46, 5.015, 3.34, 3.467, 4.208, 4.294, 4.271, 4.125, 4.229, 4.439, 4.198, 3.636, 3.014, 2.5, 2.087, 2.055, 2.393, 2.189, 1.951, 1.635, 2.588, 2.987, 3.018, 2.98, 2.73, 2.559, 2.307, 2.383, 2.303, 2.84, 2.578, 2.246, 3.023, 5.417, 6.053, 5.654, 3.862, 5.453, 6.516, 5.686, 6.889, 9.83, 11.191, 12.182, 13.874, 13.487, 13.426, 13.597, 13.071, 13.004, 14.434, 15.45, 15.144, 15.018, 14.322, 13.544, 12.692, 11.648, 10.068, 9.101, 9.396, 7.251, 2.714, 2.691, 2.834, 2.683, 3.089, 3.383, 3.206, 4.866, 4.445, 3.463, 3.906, 4.763, 3.692, 1.938, 2.019, 2.775, 3.52, 3.912, 3.814, 3.977, 3.568, 4.192, 3.208, 4.95, 8.302, 9.02, 7.932, 5.911, 4.025, 4.128, 4.676, 4.026, 2.821, 1.823, 2.187, 2.423, 3.661, 4.36, 3.279, 2.36, 2.94, 4.082, 6.167, 7.224, 5.27, 5.077], [3.47, 4.107, 2.323, 2.16, 3.894, 3.986, 3.755, 2.966, 1.661, 1.54, 1.983, 1.762, 3.379, 4.238, 4.719, 3.694, 1.822, 2.228, 2.029, 2.528, 1.463, 2.059, 0.0, 3.884, 3.609, 1.999, 3.07, 4.225, 5.099, 5.487, 5.508, 6.07, 6.08, 5.125, 4.351, 4.339, 3.76, 4.521, 5.304, 5.26, 3.639, 3.506, 3.217, 3.039, 3.155, 3.905, 5.112, 5.909, 5.775, 4.848, 3.675, 3.098, 3.166, 3.287, 3.107, 2.786, 2.538, 2.3, 2.743, 2.967, 2.816, 2.242, 2.322, 2.254, 1.978, 1.753, 1.563, 1.619, 1.386, 1.851, 2.321, 3.871, 4.467, 4.189, 4.195, 6.982, 8.037, 7.23, 8.455, 11.429, 12.701, 13.69, 15.423, 14.93, 14.984, 15.139, 14.567, 14.513, 15.919, 16.998, 16.7, 16.529, 15.886, 15.038, 14.185, 13.163, 11.602, 10.663, 10.943, 8.724, 4.05, 2.398, 2.219, 1.857, 2.442, 2.945, 2.69, 4.721, 4.251, 2.978, 3.065, 3.79, 3.427, 1.593, 2.427, 3.037, 3.896, 4.671, 4.3, 3.9, 3.402, 3.768, 3.306, 6.228, 9.833, 10.552, 9.47, 7.457, 5.546, 5.661, 6.217, 5.548, 4.049, 2.599, 2.539, 2.485, 2.794, 3.464, 2.801, 2.647, 2.33, 2.678, 4.651, 5.735, 3.777, 3.545], [7.066, 7.799, 5.516, 2.3, 1.653, 1.671, 1.674, 2.052, 3.426, 3.367, 2.949, 4.859, 7.079, 7.963, 8.529, 7.428, 4.526, 3.527, 3.268, 2.258, 3.684, 5.542, 3.884, 0.0, 1.821, 4.826, 6.834, 8.071, 8.9, 9.316, 9.337, 9.914, 9.875, 8.919, 8.129, 7.942, 6.994, 8.111, 9.091, 8.925, 7.312, 6.685, 4.646, 3.463, 4.091, 6.723, 8.846, 9.748, 9.536, 8.676, 7.443, 6.669, 6.974, 6.699, 6.355, 6.297, 6.208, 5.983, 6.306, 6.415, 6.122, 4.382, 4.939, 5.436, 4.714, 4.702, 4.78, 3.987, 4.07, 5.405, 5.145, 2.747, 2.689, 4.026, 7.588, 10.785, 11.855, 11.023, 12.261, 15.258, 16.472, 17.458, 19.247, 18.662, 18.779, 18.968, 18.384, 18.337, 19.717, 20.829, 20.508, 20.304, 19.707, 18.849, 17.961, 17.013, 15.442, 14.468, 14.765, 12.489, 7.76, 4.524, 3.909, 4.49, 4.586, 5.282, 6.377, 8.046, 7.118, 6.135, 5.898, 6.527, 6.526, 5.121, 6.012, 6.244, 7.403, 8.36, 7.912, 7.201, 6.548, 6.192, 6.611, 10.045, 13.643, 14.362, 13.281, 11.274, 9.358, 9.465, 10.039, 9.353, 7.832, 6.316, 6.254, 5.812, 3.298, 2.385, 3.423, 4.511, 4.157, 2.698, 1.964, 2.767, 2.446, 3.471], [6.142, 6.987, 4.729, 2.524, 2.372, 2.122, 2.205, 3.127, 3.564, 3.437, 3.565, 4.537, 6.093, 7.072, 7.64, 6.624, 4.508, 3.214, 3.042, 2.394, 3.941, 5.177, 3.609, 1.821, 0.0, 3.891, 5.949, 7.172, 8.054, 8.363, 8.412, 8.989, 8.977, 8.015, 7.225, 7.104, 6.136, 7.206, 8.191, 8.021, 6.414, 5.811, 3.785, 2.684, 2.995, 5.805, 7.962, 8.767, 8.56, 7.756, 6.6, 6.215, 6.298, 6.432, 6.385, 5.989, 5.711, 5.52, 5.486, 5.512, 5.357, 4.038, 4.182, 4.657, 4.858, 4.697, 4.244, 3.604, 3.694, 4.696, 4.239, 1.704, 1.671, 2.713, 6.677, 9.88, 10.966, 10.16, 11.26, 14.301, 15.627, 16.608, 18.339, 18.047, 17.913, 18.046, 17.477, 17.423, 18.912, 19.883, 19.605, 19.463, 18.786, 17.967, 17.112, 16.132, 14.574, 13.489, 13.852, 11.713, 7.178, 3.723, 3.641, 3.863, 3.823, 4.319, 5.495, 7.202, 6.206, 5.224, 4.987, 5.615, 5.614, 4.571, 5.206, 5.347, 6.583, 7.471, 7.002, 6.277, 5.578, 5.29, 5.724, 9.146, 12.758, 13.479, 12.39, 10.363, 8.469, 8.513, 9.08, 8.46, 6.943, 5.526, 5.402, 4.926, 3.218, 3.071, 4.159, 5.484, 5.009, 3.249, 2.205, 3.079, 1.834, 2.22], [2.759, 3.746, 1.873, 2.901, 4.516, 4.8, 4.5, 3.777, 2.207, 2.267, 2.728, 2.198, 2.996, 3.29, 4.054, 3.502, 2.184, 2.876, 2.372, 3.123, 2.73, 3.055, 1.999, 4.826, 3.891, 0.0, 2.581, 3.632, 4.331, 4.628, 4.565, 5.141, 5.113, 4.169, 3.432, 3.346, 2.514, 3.346, 4.378, 4.157, 2.676, 2.501, 2.475, 2.769, 2.599, 2.484, 4.316, 5.16, 4.866, 4.067, 3.043, 3.254, 3.485, 3.836, 3.707, 3.179, 3.088, 2.837, 2.635, 2.531, 2.624, 2.309, 2.016, 2.062, 2.73, 2.428, 1.866, 2.042, 1.721, 2.012, 1.735, 3.712, 4.764, 3.124, 2.974, 6.209, 7.117, 6.57, 7.662, 10.498, 11.856, 13.001, 14.695, 14.762, 14.27, 14.351, 13.777, 13.938, 15.534, 16.091, 15.852, 15.677, 14.984, 14.209, 13.339, 12.352, 10.79, 9.744, 10.077, 8.25, 4.259, 2.731, 2.657, 2.051, 2.254, 2.268, 1.862, 3.705, 2.83, 1.845, 1.642, 2.523, 2.257, 2.449, 2.218, 1.759, 3.064, 3.685, 3.16, 2.546, 2.197, 2.235, 2.34, 5.606, 9.07, 9.852, 8.804, 6.515, 4.762, 4.991, 5.353, 4.571, 3.254, 2.848, 2.124, 1.82, 2.894, 3.807, 3.328, 3.634, 2.879, 3.225, 5.333, 6.457, 4.218, 2.887], [2.196, 2.179, 2.671, 4.914, 6.556, 6.752, 6.408, 5.763, 3.926, 3.907, 4.622, 2.739, 1.763, 1.992, 2.515, 2.203, 3.129, 4.149, 4.223, 5.057, 3.349, 2.314, 3.07, 6.834, 5.949, 2.581, 0.0, 1.555, 2.417, 2.596, 2.773, 3.423, 3.221, 2.581, 2.41, 3.222, 3.346, 3.121, 2.997, 3.409, 2.037, 2.435, 3.507, 4.216, 3.731, 3.521, 3.047, 3.35, 2.927, 2.271, 1.873, 1.789, 1.642, 1.911, 2.142, 1.8, 1.931, 2.016, 2.209, 2.462, 2.619, 3.129, 3.012, 2.398, 2.966, 2.765, 2.533, 3.334, 2.943, 2.118, 2.749, 5.642, 6.787, 5.151, 2.647, 4.189, 5.138, 4.458, 5.552, 8.467, 9.774, 10.793, 12.526, 12.443, 12.122, 12.232, 11.722, 11.701, 13.272, 14.068, 13.758, 13.608, 12.928, 12.132, 11.255, 10.272, 8.71, 7.706, 8.02, 6.056, 2.2, 2.942, 3.28, 2.823, 2.783, 2.461, 2.506, 4.365, 3.847, 2.718, 3.186, 4.203, 3.276, 2.485, 1.993, 2.1, 2.574, 2.584, 2.628, 2.802, 2.565, 2.795, 1.938, 3.431, 6.919, 7.612, 6.546, 4.522, 2.547, 2.791, 3.322, 2.679, 1.579, 1.536, 1.68, 1.639, 4.082, 5.269, 3.776, 2.785, 3.679, 5.054, 7.358, 8.459, 6.203, 4.656], [2.021, 1.84, 2.936, 6.042, 7.834, 8.062, 7.692, 7.073, 5.176, 5.155, 5.735, 3.598, 2.041, 1.993, 2.618, 2.347, 3.691, 4.836, 5.262, 6.133, 4.624, 2.945, 4.225, 8.071, 7.172, 3.632, 1.555, 0.0, 1.556, 1.89, 2.515, 3.084, 2.916, 2.447, 2.3, 3.067, 3.432, 2.981, 2.733, 2.874, 1.876, 2.331, 4.232, 5.233, 4.702, 3.507, 2.815, 2.902, 2.383, 1.94, 1.967, 1.924, 2.163, 2.722, 3.094, 2.58, 2.478, 2.79, 2.637, 2.896, 3.089, 4.183, 3.81, 3.108, 3.814, 3.858, 3.567, 4.548, 4.121, 3.155, 3.695, 6.875, 8.083, 6.044, 2.448, 3.239, 4.166, 3.528, 4.522, 7.308, 8.602, 9.665, 11.459, 11.498, 11.117, 11.185, 10.601, 10.752, 12.262, 12.988, 12.717, 12.447, 11.816, 11.007, 10.124, 9.074, 7.456, 6.628, 6.921, 5.001, 1.802, 4.127, 4.485, 4.002, 3.821, 3.264, 3.068, 4.21, 3.854, 3.691, 3.972, 4.818, 3.335, 3.598, 2.705, 2.423, 2.564, 2.439, 2.438, 2.83, 2.446, 2.954, 2.194, 2.935, 5.9, 6.591, 5.566, 3.52, 1.789, 1.917, 2.407, 2.078, 2.38, 2.541, 2.752, 2.62, 5.126, 6.431, 4.917, 4.031, 4.933, 6.308, 8.663, 9.703, 7.458, 5.811], [2.208, 1.516, 3.575, 6.876, 8.699, 8.916, 8.545, 7.926, 6.042, 6.023, 6.533, 4.416, 2.374, 1.494, 2.116, 2.344, 4.492, 5.622, 6.05, 6.962, 5.355, 3.587, 5.099, 8.9, 8.054, 4.331, 2.417, 1.556, 0.0, 1.202, 1.582, 2.31, 2.338, 2.104, 2.057, 2.734, 3.627, 2.841, 2.204, 2.537, 2.456, 2.956, 4.924, 6.086, 5.629, 3.577, 2.304, 1.907, 1.445, 1.334, 2.238, 2.477, 2.545, 3.026, 3.363, 2.993, 3.065, 3.375, 3.509, 3.382, 3.86, 5.075, 4.669, 3.922, 4.673, 4.76, 4.438, 5.385, 5.044, 4.006, 4.579, 7.776, 8.971, 6.737, 2.456, 2.537, 3.375, 2.862, 3.811, 6.517, 7.839, 9.052, 10.731, 10.996, 10.469, 10.462, 9.911, 10.236, 11.581, 12.217, 11.938, 11.603, 10.994, 10.172, 9.296, 8.279, 6.664, 5.958, 6.116, 4.386, 2.393, 4.913, 5.282, 4.837, 4.586, 4.008, 3.436, 3.773, 3.744, 4.352, 4.593, 5.127, 3.613, 4.492, 3.552, 2.999, 2.369, 2.137, 2.311, 2.801, 2.792, 3.233, 2.959, 2.253, 5.172, 5.9, 5.021, 2.857, 1.675, 1.547, 1.749, 1.689, 2.281, 3.174, 3.434, 3.42, 6.04, 7.272, 5.795, 4.874, 5.813, 7.203, 9.547, 10.603, 8.366, 6.732], [2.523, 1.846, 4.002, 7.253, 9.053, 9.311, 8.949, 8.322, 6.358, 6.316, 6.901, 4.765, 2.479, 1.808, 2.201, 2.544, 4.966, 6.122, 6.569, 7.467, 5.781, 3.921, 5.487, 9.316, 8.363, 4.628, 2.596, 1.89, 1.202, 0.0, 1.377, 2.335, 2.169, 2.081, 2.099, 3.017, 3.722, 2.892, 2.463, 2.778, 2.788, 3.319, 5.311, 6.462, 5.939, 3.631, 2.618, 1.765, 1.306, 1.363, 2.414, 2.777, 2.634, 3.08, 3.433, 3.199, 3.35, 3.752, 3.733, 3.694, 4.082, 5.454, 5.002, 4.295, 5.066, 5.116, 4.762, 5.762, 5.372, 4.351, 4.934, 8.136, 9.313, 6.94, 2.616, 2.483, 3.083, 2.822, 3.706, 6.114, 7.545, 8.811, 10.547, 10.785, 10.267, 10.238, 9.624, 9.984, 11.454, 11.876, 11.628, 11.332, 10.662, 9.873, 8.957, 7.92, 6.352, 5.484, 5.77, 4.229, 2.574, 5.281, 5.664, 5.198, 4.971, 4.174, 3.653, 4.094, 3.855, 4.522, 4.773, 5.219, 3.785, 4.858, 3.889, 3.345, 2.786, 2.282, 2.426, 3.074, 3.087, 3.52, 3.305, 2.268, 4.927, 5.706, 4.809, 2.464, 1.487, 1.357, 1.455, 1.341, 2.183, 3.49, 3.716, 3.799, 6.41, 7.739, 6.2, 5.228, 6.185, 7.584, 9.919, 10.974, 8.737, 7.061], [2.559, 1.967, 4.037, 7.28, 8.987, 9.235, 8.881, 8.246, 6.333, 6.346, 7.007, 4.865, 2.581, 1.63, 1.904, 2.264, 4.982, 6.155, 6.593, 7.492, 5.803, 4.02, 5.508, 9.337, 8.412, 4.565, 2.773, 2.515, 1.582, 1.377, 0.0, 1.294, 1.491, 1.399, 1.595, 1.974, 2.934, 2.134, 1.981, 2.213, 2.92, 3.542, 5.552, 6.591, 5.943, 2.985, 1.857, 1.502, 1.449, 1.635, 2.681, 2.799, 2.721, 3.187, 3.475, 3.229, 3.28, 3.711, 3.625, 3.632, 3.995, 5.383, 4.89, 4.244, 5.01, 5.063, 4.748, 5.768, 5.32, 4.298, 4.858, 8.072, 9.255, 6.755, 2.36, 2.604, 3.342, 2.964, 4.196, 6.26, 7.825, 9.326, 11.152, 11.46, 10.935, 10.679, 10.204, 10.568, 12.042, 12.275, 11.823, 11.444, 10.74, 10.035, 8.999, 7.978, 6.523, 6.052, 6.147, 4.991, 3.194, 5.348, 5.71, 5.184, 5.075, 4.539, 3.437, 2.895, 3.108, 4.168, 4.384, 4.426, 3.534, 4.8, 3.815, 3.278, 2.423, 1.682, 2.008, 2.671, 3.37, 3.826, 3.569, 2.599, 5.306, 6.075, 5.346, 2.937, 2.112, 2.029, 1.841, 1.528, 2.385, 3.545, 3.714, 3.78, 6.451, 7.756, 6.227, 5.228, 6.152, 7.539, 9.856, 10.942, 8.686, 7.013], [3.204, 2.61, 4.581, 7.9, 9.603, 9.84, 9.505, 8.841, 6.945, 6.937, 7.608, 5.473, 3.302, 2.273, 2.099, 2.641, 5.578, 6.752, 7.19, 8.063, 6.334, 4.571, 6.07, 9.914, 8.989, 5.141, 3.423, 3.084, 2.31, 2.335, 1.294, 0.0, 1.086, 1.623, 2.017, 2.388, 3.353, 2.694, 2.308, 2.596, 3.668, 4.356, 6.321, 7.305, 6.642, 3.575, 1.993, 1.524, 1.695, 2.273, 3.199, 3.446, 3.458, 4.016, 4.295, 3.982, 3.936, 4.322, 4.198, 4.096, 4.568, 5.95, 5.46, 4.812, 5.588, 5.739, 5.452, 6.477, 6.019, 4.968, 5.425, 8.639, 9.853, 7.329, 3.094, 2.972, 3.059, 3.229, 4.277, 5.845, 7.424, 9.113, 10.97, 11.301, 10.787, 10.219, 9.835, 10.277, 11.604, 11.806, 11.268, 10.881, 10.176, 9.467, 8.385, 7.47, 6.003, 5.937, 5.8, 4.98, 3.899, 6.08, 6.457, 5.9, 5.864, 5.319, 4.023, 2.775, 3.659, 4.748, 4.946, 4.867, 4.091, 5.367, 4.382, 3.892, 2.8, 2.029, 2.618, 3.362, 4.203, 4.672, 4.297, 2.681, 4.819, 5.576, 4.921, 3.045, 2.993, 2.839, 2.429, 2.421, 3.229, 4.182, 4.371, 4.489, 7.14, 8.321, 6.899, 5.885, 6.818, 8.125, 10.433, 11.469, 9.217, 7.56], [3.266, 2.657, 4.625, 7.925, 9.545, 9.72, 9.382, 8.727, 6.953, 6.954, 7.653, 5.554, 3.307, 2.168, 1.988, 2.598, 5.568, 6.765, 7.175, 8.04, 6.29, 4.679, 6.08, 9.875, 8.977, 5.113, 3.221, 2.916, 2.338, 2.169, 1.491, 1.086, 0.0, 1.332, 1.982, 2.368, 3.249, 2.517, 2.097, 2.455, 3.408, 4.129, 6.257, 7.124, 6.447, 3.419, 2.152, 1.434, 1.569, 2.18, 3.012, 3.346, 3.282, 3.92, 4.148, 3.909, 3.836, 4.174, 4.077, 3.932, 4.408, 5.813, 5.339, 4.664, 5.421, 5.531, 5.257, 6.261, 5.945, 4.778, 5.264, 8.475, 9.783, 7.206, 2.856, 2.66, 2.954, 3.109, 4.2, 5.956, 7.453, 8.998, 10.697, 10.987, 10.477, 10.3, 9.881, 10.256, 11.71, 11.89, 11.204, 10.971, 10.266, 9.531, 8.466, 7.591, 6.153, 5.755, 5.678, 4.575, 3.843, 5.908, 6.368, 5.746, 5.75, 5.28, 3.848, 2.86, 3.601, 4.672, 4.903, 4.735, 4.009, 5.203, 4.22, 3.76, 2.721, 1.95, 2.518, 3.217, 4.115, 4.543, 3.963, 2.241, 4.849, 5.553, 4.955, 2.64, 2.548, 2.604, 2.097, 2.244, 3.084, 3.986, 4.183, 4.342, 7.014, 8.175, 6.75, 5.88, 6.689, 7.9, 10.294, 11.292, 9.041, 7.359], [2.436, 2.102, 3.658, 6.977, 8.638, 8.791, 8.423, 7.82, 5.996, 6.006, 6.712, 4.589, 2.767, 1.871, 1.694, 1.98, 4.616, 5.824, 6.222, 7.068, 5.476, 4.069, 5.125, 8.919, 8.015, 4.169, 2.581, 2.447, 2.104, 2.081, 1.399, 1.623, 1.332, 0.0, 1.229, 1.749, 2.449, 1.658, 1.742, 1.817, 2.533, 3.263, 5.295, 6.29, 5.465, 2.915, 2.004, 1.97, 1.827, 1.879, 2.468, 2.522, 2.864, 3.576, 3.704, 3.445, 3.114, 3.48, 3.127, 2.963, 3.37, 4.896, 4.251, 3.726, 4.487, 4.634, 4.355, 5.394, 5.025, 3.886, 4.262, 7.433, 8.837, 6.229, 2.037, 3.158, 3.895, 3.631, 4.789, 6.732, 8.08, 9.518, 11.352, 11.728, 11.239, 11.222, 10.717, 11.049, 12.57, 12.792, 12.124, 11.755, 11.033, 10.458, 9.38, 8.291, 6.857, 6.592, 6.518, 5.208, 3.503, 5.088, 5.456, 4.85, 4.87, 4.417, 2.848, 2.614, 2.591, 3.45, 3.692, 3.798, 2.875, 4.187, 3.211, 2.892, 1.987, 1.254, 1.579, 2.626, 3.261, 3.693, 3.103, 2.772, 5.781, 6.491, 5.822, 3.442, 2.573, 2.562, 2.328, 2.064, 2.768, 3.272, 3.396, 3.48, 6.018, 7.218, 5.941, 4.924, 5.748, 6.965, 9.378, 10.396, 8.132, 6.376], [1.928, 1.905, 2.923, 6.197, 7.895, 8.087, 7.703, 7.076, 5.272, 5.233, 5.905, 3.776, 2.406, 1.659, 1.852, 1.535, 3.818, 5.047, 5.43, 6.295, 4.879, 3.848, 4.351, 8.129, 7.225, 3.432, 2.41, 2.3, 2.057, 2.099, 1.595, 2.017, 1.982, 1.229, 0.0, 1.244, 2.006, 1.352, 1.627, 1.66, 2.032, 2.616, 4.673, 5.515, 4.94, 2.175, 1.761, 2.227, 2.207, 1.879, 2.021, 2.064, 2.694, 3.331, 3.205, 2.966, 2.608, 3.032, 2.594, 2.499, 2.891, 4.202, 3.708, 3.067, 3.858, 3.959, 3.582, 4.629, 4.199, 3.144, 3.676, 6.889, 8.111, 5.587, 1.707, 3.382, 4.22, 3.751, 5.012, 7.247, 8.551, 10.041, 11.854, 12.196, 11.654, 11.428, 10.901, 11.376, 12.78, 13.07, 12.72, 12.326, 11.69, 10.876, 9.947, 8.966, 7.475, 6.886, 6.902, 5.617, 3.366, 4.558, 4.769, 4.238, 4.194, 3.813, 2.232, 2.356, 2.242, 3.113, 3.332, 3.587, 2.389, 3.704, 2.929, 2.292, 1.489, 1.157, 1.229, 1.866, 2.573, 3.026, 2.654, 3.058, 6.113, 6.852, 6.113, 3.706, 2.679, 2.571, 2.571, 2.248, 2.798, 2.921, 3.093, 3.193, 5.354, 6.475, 5.554, 4.543, 4.965, 6.309, 8.653, 9.724, 7.471, 5.784], [2.219, 2.53, 2.827, 6.059, 7.778, 7.899, 7.484, 6.886, 5.149, 5.106, 5.737, 3.651, 2.992, 2.197, 2.247, 2.035, 3.682, 4.873, 5.243, 6.093, 4.923, 4.212, 4.339, 7.942, 7.104, 3.346, 3.222, 3.067, 2.734, 3.017, 1.974, 2.388, 2.368, 1.749, 1.244, 0.0, 1.602, 1.153, 1.914, 1.7, 2.144, 2.694, 4.521, 5.297, 4.687, 1.776, 1.904, 2.851, 2.973, 2.767, 2.604, 2.772, 3.575, 4.111, 3.932, 3.461, 3.084, 3.231, 2.783, 2.727, 3.072, 3.981, 3.46, 2.879, 3.827, 3.895, 3.426, 4.415, 4.074, 3.081, 3.419, 6.633, 7.99, 5.334, 1.686, 3.968, 4.777, 4.331, 5.659, 7.7, 9.008, 10.51, 12.407, 12.763, 12.288, 12.086, 11.517, 11.984, 13.392, 13.708, 13.098, 12.608, 11.971, 11.235, 10.179, 9.273, 7.828, 7.555, 7.374, 6.162, 4.017, 4.681, 4.719, 4.152, 4.307, 4.255, 1.978, 1.625, 1.742, 2.907, 3.001, 2.955, 2.109, 3.693, 3.032, 2.455, 1.293, 1.481, 1.249, 1.895, 2.772, 3.251, 2.784, 3.757, 6.636, 7.381, 6.677, 4.421, 3.482, 3.45, 3.407, 3.002, 3.407, 3.343, 3.229, 3.406, 5.156, 6.34, 5.816, 5.105, 5.005, 6.059, 8.458, 9.469, 7.208, 5.534], [2.432, 3.247, 2.144, 5.057, 6.82, 6.985, 6.623, 6.003, 4.193, 4.222, 4.772, 3.259, 3.382, 2.864, 3.355, 3.051, 3.222, 4.012, 4.294, 5.131, 4.565, 3.958, 3.76, 6.994, 6.136, 2.514, 3.346, 3.432, 3.627, 3.722, 2.934, 3.353, 3.249, 2.449, 2.006, 1.602, 0.0, 1.497, 2.864, 2.569, 2.441, 2.366, 3.608, 4.481, 3.75, 1.301, 2.737, 3.676, 3.962, 3.525, 3.225, 3.084, 3.962, 4.412, 4.411, 3.73, 3.567, 3.447, 2.999, 3.094, 3.253, 3.554, 2.877, 2.765, 3.743, 3.598, 2.904, 3.781, 3.271, 2.954, 2.59, 5.693, 7.019, 4.43, 1.771, 5.116, 5.916, 5.515, 6.92, 8.819, 10.084, 11.705, 13.611, 14.012, 13.504, 13.309, 12.817, 13.271, 14.58, 14.862, 14.176, 13.68, 13.061, 12.363, 11.217, 10.199, 8.817, 8.793, 8.617, 7.408, 4.207, 4.378, 4.257, 3.733, 3.692, 3.586, 1.619, 1.976, 1.758, 2.413, 2.286, 2.001, 2.0, 3.607, 2.778, 1.89, 2.306, 2.418, 1.999, 1.698, 2.126, 2.371, 2.372, 4.936, 7.857, 8.586, 7.981, 5.586, 4.262, 4.38, 4.393, 3.54, 3.541, 3.553, 3.085, 3.187, 4.299, 5.428, 4.947, 4.967, 4.422, 5.172, 7.56, 8.574, 6.328, 4.589], [2.283, 2.569, 2.824, 6.177, 7.792, 7.937, 7.511, 6.899, 5.186, 5.186, 5.911, 3.799, 3.008, 2.252, 2.398, 2.388, 3.816, 5.016, 5.393, 6.246, 5.224, 4.347, 4.521, 8.111, 7.206, 3.346, 3.121, 2.981, 2.841, 2.892, 2.134, 2.694, 2.517, 1.658, 1.352, 1.153, 1.497, 0.0, 1.627, 1.457, 1.868, 2.273, 4.253, 5.112, 4.363, 1.757, 2.114, 2.995, 3.026, 2.68, 2.616, 2.73, 3.366, 3.933, 3.868, 3.423, 3.18, 3.365, 2.534, 2.487, 2.804, 3.994, 3.279, 2.877, 3.886, 3.828, 3.415, 4.361, 4.109, 3.081, 3.292, 6.438, 8.01, 5.294, 1.367, 4.104, 4.929, 4.494, 5.904, 7.8, 9.091, 10.572, 12.458, 12.743, 12.365, 12.25, 11.783, 12.175, 13.681, 13.841, 12.999, 12.664, 11.991, 11.464, 10.385, 9.368, 7.977, 7.675, 7.519, 6.329, 3.953, 4.668, 4.769, 4.109, 4.088, 4.093, 2.039, 2.028, 1.579, 2.498, 2.658, 2.632, 1.928, 3.672, 2.932, 2.233, 1.634, 1.382, 1.101, 1.655, 2.359, 2.841, 2.31, 3.805, 6.759, 7.418, 6.813, 4.534, 3.333, 3.428, 3.394, 2.738, 3.216, 3.332, 3.255, 3.31, 4.954, 6.331, 5.542, 5.08, 4.928, 6.0, 8.445, 9.424, 7.185, 5.427], [2.735, 2.219, 3.795, 7.179, 8.782, 8.927, 8.507, 7.869, 6.19, 6.176, 6.906, 4.778, 3.042, 2.042, 1.963, 2.179, 4.792, 6.013, 6.388, 7.241, 5.583, 4.46, 5.304, 9.091, 8.191, 4.378, 2.997, 2.733, 2.204, 2.463, 1.981, 2.308, 2.097, 1.742, 1.627, 1.914, 2.864, 1.627, 0.0, 1.125, 1.991, 2.739, 4.849, 6.002, 5.301, 2.854, 1.819, 2.104, 2.302, 2.284, 2.597, 2.881, 3.254, 3.848, 3.821, 3.461, 3.303, 3.448, 2.935, 2.955, 3.33, 4.907, 4.301, 3.763, 4.579, 4.536, 4.374, 5.291, 5.096, 3.793, 4.136, 7.3, 9.009, 6.358, 1.931, 2.77, 3.607, 3.346, 4.704, 6.847, 8.127, 9.646, 11.362, 11.552, 11.173, 10.93, 10.602, 11.033, 12.401, 12.539, 11.737, 11.671, 11.023, 10.386, 9.43, 8.446, 6.984, 6.56, 6.41, 5.205, 3.621, 5.101, 5.394, 4.732, 4.641, 4.358, 2.994, 2.797, 2.601, 3.618, 3.969, 3.989, 2.946, 4.087, 3.404, 2.997, 1.908, 1.177, 1.634, 2.107, 2.895, 3.407, 2.821, 2.594, 5.342, 6.017, 5.418, 3.521, 2.964, 2.89, 2.715, 2.612, 3.128, 3.313, 3.431, 3.748, 5.893, 7.315, 6.109, 5.323, 5.844, 6.918, 9.333, 10.305, 8.109, 6.328], [2.858,