[[0.0, 1.884, 3.87, 2.861, 2.351, 3.222, 3.855, 3.104, 3.758, 4.686, 5.238, 8.55, 9.259, 9.028, 6.908, 5.341, 4.42, 3.652, 3.104, 3.462, 4.571, 4.72, 5.156, 6.954, 7.657, 7.955, 6.904, 6.454, 5.582, 5.802, 6.267, 6.687, 8.436, 10.547, 11.739, 10.266, 7.578, 4.517, 4.938, 4.102, 4.356, 4.8, 4.267, 3.636, 4.241, 5.484, 4.437, 3.607, 4.668, 3.04, 6.66, 5.779], [1.884, 0.0, 2.817, 2.29, 2.511, 3.25, 4.023, 3.978, 4.238, 5.457, 6.178, 9.939, 10.626, 10.247, 7.593, 6.034, 5.756, 4.548, 4.071, 4.307, 5.586, 5.571, 5.438, 7.308, 9.029, 9.079, 8.22, 7.524, 6.482, 6.419, 6.788, 7.257, 8.733, 10.365, 11.64, 10.046, 7.086, 4.766, 4.473, 4.246, 3.665, 4.195, 4.373, 3.218, 3.83, 4.511, 3.78, 3.38, 4.211, 3.889, 8.13, 7.424], [3.87, 2.817, 0.0, 1.588, 2.678, 3.138, 4.278, 5.939, 5.808, 7.651, 8.468, 12.261, 12.927, 12.599, 9.948, 8.229, 8.086, 6.71, 6.255, 6.576, 7.957, 7.91, 7.442, 8.691, 11.323, 11.374, 10.487, 9.793, 8.503, 8.124, 8.493, 9.109, 10.504, 12.058, 13.845, 11.901, 8.633, 6.176, 6.336, 6.246, 4.386, 5.12, 6.128, 3.123, 2.364, 2.375, 1.908, 3.119, 3.677, 4.432, 10.461, 9.521], [2.861, 2.29, 1.588, 0.0, 1.951, 2.95, 3.908, 4.819, 4.925, 6.659, 7.338, 11.074, 11.763, 11.562, 9.256, 7.252, 6.924, 5.551, 5.052, 5.337, 6.817, 7.002, 6.518, 7.755, 10.148, 10.225, 9.333, 8.649, 7.366, 7.002, 7.382, 8.029, 9.814, 11.735, 13.485, 11.526, 8.328, 5.386, 5.666, 5.251, 4.218, 5.004, 5.258, 2.804, 2.39, 2.884, 2.658, 3.076, 3.892, 3.309, 9.267, 8.276], [2.351, 2.511, 2.678, 1.951, 0.0, 1.633, 2.348, 3.646, 3.521, 5.442, 6.192, 9.971, 10.633, 10.274, 7.866, 6.008, 5.762, 4.431, 3.99, 4.306, 5.662, 5.672, 5.278, 6.357, 9.011, 9.08, 8.18, 7.456, 6.169, 5.773, 6.172, 6.799, 8.432, 10.289, 12.018, 10.083, 6.906, 4.125, 4.335, 4.022, 2.617, 3.301, 3.991, 1.758, 2.685, 4.056, 3.084, 2.113, 2.789, 2.062, 8.149, 7.175], [3.222, 3.25, 3.138, 2.95, 1.633, 0.0, 2.169, 4.315, 4.189, 6.032, 6.903, 10.677, 11.302, 10.94, 8.386, 6.7, 6.43, 5.095, 4.637, 4.975, 6.362, 6.357, 5.898, 7.119, 9.653, 9.749, 8.855, 8.113, 6.817, 6.431, 6.786, 7.417, 8.954, 10.653, 12.497, 10.524, 7.267, 4.622, 4.995, 4.847, 2.853, 3.283, 4.789, 2.308, 2.952, 4.273, 2.612, 1.845, 1.895, 2.883, 8.823, 8.009], [3.855, 4.023, 4.278, 3.908, 2.348, 2.169, 0.0, 2.523, 2.696, 4.546, 5.3, 9.114, 9.505, 9.283, 6.964, 5.246, 4.639, 3.359, 3.142, 3.518, 4.987, 5.005, 4.535, 5.715, 7.746, 7.841, 7.28, 6.351, 5.13, 4.656, 4.851, 5.482, 7.606, 9.406, 11.19, 9.249, 6.035, 3.276, 3.735, 3.745, 2.075, 2.189, 3.408, 2.037, 4.257, 5.724, 4.295, 2.233, 2.909, 1.592, 6.75, 5.931], [3.104, 3.978, 5.939, 4.819, 3.646, 4.315, 2.523, 0.0, 1.626, 2.6, 3.187, 6.853, 7.373, 7.216, 5.124, 3.318, 2.42, 1.369, 1.375, 1.901, 2.868, 2.963, 2.949, 4.863, 5.543, 5.905, 5.114, 4.157, 3.055, 3.206, 3.626, 4.268, 6.292, 8.315, 9.622, 8.065, 5.287, 2.181, 2.912, 2.461, 3.035, 2.951, 2.312, 3.455, 6.071, 7.531, 6.441, 3.632, 4.963, 2.071, 4.714, 4.266], [3.758, 4.238, 5.808, 4.925, 3.521, 4.189, 2.696, 1.626, 0.0, 2.083, 2.884, 6.716, 7.317, 7.014, 4.509, 2.747, 2.677, 2.098, 2.043, 2.385, 2.929, 2.637, 2.18, 3.734, 5.634, 5.764, 4.828, 4.113, 2.833, 2.933, 3.149, 3.968, 5.224, 7.292, 8.92, 7.099, 4.107, 1.279, 2.024, 2.116, 2.742, 2.382, 1.35, 3.319, 5.942, 7.48, 6.252, 3.612, 4.781, 2.324, 4.967, 4.459], [4.686, 5.457, 7.651, 6.659, 5.442, 6.032, 4.546, 2.6, 2.083, 0.0, 1.282, 4.947, 5.48, 5.462, 3.108, 1.509, 1.791, 1.862, 2.43, 2.31, 1.889, 1.682, 1.835, 3.595, 4.096, 3.973, 3.119, 2.524, 2.412, 2.853, 3.085, 3.701, 4.543, 6.604, 7.488, 6.258, 3.638, 1.757, 2.502, 2.499, 4.152, 3.709, 2.036, 5.123, 7.874, 9.354, 8.219, 5.438, 6.675, 4.16, 3.765, 3.942], [5.238, 6.178, 8.468, 7.338, 6.192, 6.903, 5.3, 3.187, 2.884, 1.282, 0.0, 4.193, 4.682, 4.861, 2.709, 1.288, 1.659, 2.287, 2.973, 2.573, 1.742, 1.582, 2.125, 3.647, 3.54, 3.315, 2.805, 2.248, 2.568, 2.997, 3.282, 3.841, 4.659, 6.656, 7.54, 6.328, 3.668, 2.427, 3.044, 3.074, 4.844, 4.445, 2.668, 5.957, 8.651, 10.096, 9.035, 6.23, 7.509, 4.74, 3.294, 3.666], [8.55, 9.939, 12.261, 11.074, 9.971, 10.677, 9.114, 6.853, 6.716, 4.947, 4.193, 0.0, 1.431, 1.5, 2.576, 4.156, 4.732, 5.887, 6.282, 6.028, 4.744, 4.983, 5.678, 5.351, 3.799, 3.348, 3.688, 3.805, 4.618, 5.068, 5.188, 5.788, 6.125, 7.059, 7.359, 6.868, 5.492, 6.17, 6.791, 6.763, 8.657, 8.255, 6.315, 9.737, 12.435, 13.829, 12.803, 10.16, 11.336, 8.489, 3.882, 5.422], [9.259, 10.626, 12.927, 11.763, 10.633, 11.302, 9.505, 7.373, 7.317, 5.48, 4.682, 1.431, 0.0, 1.117, 3.173, 4.782, 5.284, 6.36, 6.933, 6.675, 5.342, 5.551, 6.29, 5.707, 3.743, 3.072, 3.846, 4.081, 4.888, 5.367, 5.281, 5.578, 6.067, 6.967, 7.038, 6.663, 6.048, 6.848, 7.386, 7.402, 9.299, 8.901, 6.988, 10.411, 13.105, 14.516, 13.488, 10.694, 11.976, 8.99, 4.395, 5.951], [9.028, 10.247, 12.599, 11.562, 10.274, 10.94, 9.283, 7.216, 7.014, 5.462, 4.861, 1.5, 1.117, 0.0, 2.895, 4.623, 5.286, 6.364, 6.849, 6.738, 5.284, 5.411, 6.213, 5.498, 3.849, 3.186, 3.878, 4.049, 4.843, 5.299, 5.367, 5.554, 5.84, 6.776, 6.935, 6.542, 5.992, 6.639, 7.411, 7.371, 9.154, 8.692, 6.743, 10.143, 12.769, 14.214, 13.14, 10.407, 11.677, 8.814, 4.369, 5.853], [6.908, 7.593, 9.948, 9.256, 7.866, 8.386, 6.964, 5.124, 4.509, 3.108, 2.709, 2.576, 3.173, 2.895, 0.0, 2.285, 3.528, 4.38, 4.951, 4.746, 3.539, 3.136, 3.89, 4.032, 3.688, 3.118, 3.12, 2.898, 3.585, 3.983, 4.143, 4.907, 5.016, 6.111, 6.461, 5.87, 3.83, 4.163, 4.899, 5.122, 6.516, 6.016, 4.237, 7.451, 10.243, 11.82, 10.475, 7.677, 8.881, 6.687, 2.826, 4.575], [5.341, 6.034, 8.229, 7.252, 6.008, 6.7, 5.246, 3.318, 2.747, 1.509, 1.288, 4.156, 4.782, 4.623, 2.285, 0.0, 2.17, 2.646, 3.184, 3.003, 2.265, 1.825, 2.12, 3.067, 3.384, 3.233, 2.568, 1.988, 2.504, 2.818, 3.114, 3.797, 4.101, 5.957, 6.849, 5.632, 3.046, 2.418, 3.156, 3.258, 4.783, 4.301, 2.412, 5.734, 8.432, 9.895, 8.801, 6.096, 7.299, 4.82, 3.007, 3.747], [4.42, 5.756, 8.086, 6.924, 5.762, 6.43, 4.639, 2.42, 2.677, 1.791, 1.659, 4.732, 5.284, 5.286, 3.528, 2.17, 0.0, 1.519, 2.055, 2.355, 1.879, 1.791, 2.806, 4.628, 3.909, 4.014, 3.556, 2.784, 2.991, 3.372, 3.734, 4.298, 5.811, 7.826, 8.673, 7.477, 4.984, 2.359, 3.159, 2.916, 4.675, 4.215, 2.822, 5.57, 8.204, 9.626, 8.589, 5.749, 7.071, 4.004, 3.082, 2.966], [3.652, 4.548, 6.71, 5.551, 4.431, 5.095, 3.359, 1.369, 2.098, 1.862, 2.287, 5.887, 6.36, 6.364, 4.38, 2.646, 1.519, 0.0, 1.212, 1.627, 1.963, 2.164, 2.739, 4.685, 4.857, 4.926, 4.332, 3.454, 2.834, 3.223, 3.622, 4.208, 5.845, 7.917, 8.891, 7.596, 4.924, 2.069, 2.721, 2.362, 3.364, 3.159, 2.509, 4.175, 6.866, 8.29, 7.251, 4.471, 5.746, 2.975, 4.372, 4.094], [3.104, 4.071, 6.255, 5.052, 3.99, 4.637, 3.142, 1.375, 2.043, 2.43, 2.973, 6.282, 6.933, 6.849, 4.951, 3.184, 2.055, 1.212, 0.0, 1.05, 2.299, 2.638, 2.716, 4.6, 5.322, 5.553, 4.702, 4.131, 3.083, 3.239, 3.638, 4.213, 6.068, 8.177, 9.555, 7.918, 5.022, 2.159, 2.47, 1.974, 2.887, 2.792, 2.221, 3.701, 6.353, 7.702, 6.757, 4.162, 5.39, 2.478, 4.728, 4.517], [3.462, 4.307, 6.576, 5.337, 4.306, 4.975, 3.518, 1.901, 2.385, 2.31, 2.573, 6.028, 6.675, 6.738, 4.746, 3.003, 2.355, 1.627, 1.05, 0.0, 2.066, 2.493, 2.604, 4.393, 5.26, 5.429, 4.598, 3.989, 3.015, 3.112, 3.546, 4.001, 5.918, 8.012, 9.451, 7.728, 4.762, 2.323, 2.497, 2.23, 3.021, 2.948, 2.275, 4.022, 6.657, 7.987, 7.079, 4.481, 5.705, 2.884, 4.791, 4.959], [4.571, 5.586, 7.957, 6.817, 5.662, 6.362, 4.987, 2.868, 2.929, 1.889, 1.742, 4.744, 5.342, 5.284, 3.539, 2.265, 1.879, 1.963, 2.299, 2.066, 0.0, 1.276, 2.221, 4.103, 4.272, 4.139, 3.573, 3.005, 2.82, 3.336, 3.491, 4.107, 5.294, 7.369, 8.34, 7.063, 4.333, 2.554, 2.85, 2.714, 4.476, 4.093, 2.882, 5.402, 8.057, 9.434, 8.452, 5.811, 7.016, 4.335, 3.89, 4.119], [4.72, 5.571, 7.91, 7.002, 5.672, 6.357, 5.005, 2.963, 2.637, 1.682, 1.582, 4.983, 5.551, 5.411, 3.136, 1.825, 1.791, 2.164, 2.638, 2.493, 1.276, 0.0, 1.811, 3.458, 3.904, 3.831, 3.203, 2.609, 2.576, 2.961, 3.034, 3.632, 4.704, 6.706, 7.601, 6.4, 3.846, 2.37, 2.571, 2.747, 4.501, 4.004, 2.645, 5.374, 8.053, 9.621, 8.411, 5.677, 6.912, 4.451, 3.874, 4.265], [5.156, 5.438, 7.442, 6.518, 5.278, 5.898, 4.535, 2.949, 2.18, 1.835, 2.125, 5.678, 6.29, 6.213, 3.89, 2.12, 2.806, 2.739, 2.716, 2.604, 2.221, 1.811, 0.0, 2.451, 4.112, 4.276, 3.358, 2.797, 2.216, 2.26, 2.299, 2.898, 3.85, 5.797, 7.212, 5.544, 2.897, 1.681, 1.84, 2.277, 3.964, 3.514, 1.895, 4.88, 7.561, 9.062, 7.926, 5.298, 6.45, 4.201, 4.853, 5.183], [6.954, 7.308, 8.691, 7.755, 6.357, 7.119, 5.715, 4.863, 3.734, 3.595, 3.647, 5.351, 5.707, 5.498, 4.032, 3.067, 4.628, 4.685, 4.6, 4.393, 4.103, 3.458, 2.451, 0.0, 3.023, 3.204, 2.51, 2.424, 2.351, 2.106, 2.034, 2.156, 2.641, 4.505, 6.143, 4.27, 2.444, 3.307, 3.37, 3.906, 5.205, 4.845, 3.463, 6.156, 8.79, 10.359, 9.173, 6.439, 7.604, 5.191, 5.131, 6.447], [7.657, 9.029, 11.323, 10.148, 9.011, 9.653, 7.746, 5.543, 5.634, 4.096, 3.54, 3.799, 3.743, 3.849, 3.688, 3.384, 3.909, 4.857, 5.322, 5.26, 4.272, 3.904, 4.112, 3.023, 0.0, 1.239, 1.468, 1.939, 2.932, 3.331, 3.062, 2.667, 3.073, 4.432, 5.434, 4.26, 3.939, 5.193, 5.679, 5.733, 7.858, 7.401, 5.433, 8.809, 11.466, 12.916, 11.836, 8.94, 10.28, 7.217, 3.874, 5.283], [7.955, 9.079, 11.374, 10.225, 9.08, 9.749, 7.841, 5.905, 5.764, 3.973, 3.315, 3.348, 3.072, 3.186, 3.118, 3.233, 4.014, 4.926, 5.553, 5.429, 4.139, 3.831, 4.276, 3.204, 1.239, 0.0, 1.548, 2.004, 3.185, 3.661, 3.253, 2.89, 3.317, 4.398, 5.213, 4.212, 3.988, 5.278, 5.694, 5.764, 7.88, 7.423, 5.477, 8.857, 11.548, 13.0, 11.933, 9.106, 10.411, 7.465, 3.956, 5.369], [6.904, 8.22, 10.487, 9.333, 8.18, 8.855, 7.28, 5.114, 4.828, 3.119, 2.805, 3.688, 3.846, 3.878, 3.12, 2.568, 3.556, 4.332, 4.702, 4.598, 3.573, 3.203, 3.358, 2.51, 1.468, 1.548, 0.0, 1.413, 2.368, 2.867, 2.806, 2.488, 2.938, 4.606, 5.461, 4.235, 3.173, 4.36, 4.776, 4.83, 6.979, 6.53, 4.593, 7.948, 10.638, 12.109, 11.016, 8.189, 9.474, 6.638, 3.832, 5.096], [6.454, 7.524, 9.793, 8.649, 7.456, 8.113, 6.351, 4.157, 4.113, 2.524, 2.248, 3.805, 4.081, 4.049, 2.898, 1.988, 2.784, 3.454, 4.131, 3.989, 3.005, 2.609, 2.797, 2.424, 1.939, 2.004, 1.413, 0.0, 1.638, 2.069, 2.282, 2.392, 3.253, 5.243, 6.051, 4.865, 3.22, 3.687, 4.251, 4.352, 6.357, 5.889, 3.931, 7.286, 9.92, 11.368, 10.287, 7.479, 8.778, 5.787, 3.417, 4.609], [5.582, 6.482, 8.503, 7.366, 6.169, 6.817, 5.13, 3.055, 2.833, 2.412, 2.568, 4.618, 4.888, 4.843, 3.585, 2.504, 2.991, 2.834, 3.083, 3.015, 2.82, 2.576, 2.216, 2.351, 2.932, 3.185, 2.368, 1.638, 0.0, 1.089, 1.367, 1.735, 3.465, 5.594, 6.912, 5.322, 3.142, 2.714, 3.254, 3.4, 5.07, 4.592, 2.851, 5.988, 8.624, 10.082, 8.945, 6.099, 7.383, 4.527, 4.239, 5.295], [5.802, 6.419, 8.124, 7.002, 5.773, 6.431, 4.656, 3.206, 2.933, 2.853, 2.997, 5.068, 5.367, 5.299, 3.983, 2.818, 3.372, 3.223, 3.239, 3.112, 3.336, 2.961, 2.26, 2.106, 3.331, 3.661, 2.867, 2.069, 1.089, 0.0, 1.133, 1.542, 3.823, 5.917, 7.424, 5.651, 3.27, 2.745, 3.009, 3.372, 4.687, 4.261, 2.911, 5.593, 8.23, 9.688, 8.55, 5.665, 6.971, 4.178, 4.438, 5.491], [6.267, 6.788, 8.493, 7.382, 6.172, 6.786, 4.851, 3.626, 3.149, 3.085, 3.282, 5.188, 5.281, 5.367, 4.143, 3.114, 3.734, 3.622, 3.638, 3.546, 3.491, 3.034, 2.299, 2.034, 3.062, 3.253, 2.806, 2.282, 1.367, 1.133, 0.0, 1.322, 3.503, 5.612, 7.225, 5.392, 3.118, 2.948, 3.054, 3.473, 5.05, 4.61, 3.128, 5.964, 8.605, 10.082, 8.921, 5.994, 7.34, 4.497, 4.636, 5.74], [6.687, 7.257, 9.109, 8.029, 6.799, 7.417, 5.482, 4.268, 3.968, 3.701, 3.841, 5.788, 5.578, 5.554, 4.907, 3.797, 4.298, 4.208, 4.213, 4.001, 4.107, 3.632, 2.898, 2.156, 2.667, 2.89, 2.488, 2.392, 1.735, 1.542, 1.322, 0.0, 3.032, 5.179, 6.595, 4.92, 3.689, 3.795, 3.819, 4.222, 5.658, 5.319, 3.909, 6.62, 9.247, 10.713, 9.571, 6.693, 8.02, 5.2, 5.32, 6.392], [8.436, 8.733, 10.504, 9.814, 8.432, 8.954, 7.606, 6.292, 5.224, 4.543, 4.659, 6.125, 6.067, 5.84, 5.016, 4.101, 5.811, 5.845, 6.068, 5.918, 5.294, 4.704, 3.85, 2.641, 3.073, 3.317, 2.938, 3.253, 3.465, 3.823, 3.503, 3.032, 0.0, 2.309, 3.865, 2.09, 3.348, 4.626, 4.939, 5.456, 6.988, 6.579, 5.013, 8.079, 10.819, 12.304, 11.059, 8.39, 9.513, 7.443, 6.433, 7.631], [10.547, 10.365, 12.058, 11.735, 10.289, 10.653, 9.406, 8.315, 7.292, 6.604, 6.656, 7.059, 6.967, 6.776, 6.111, 5.957, 7.826, 7.917, 8.177, 8.012, 7.369, 6.706, 5.797, 4.505, 4.432, 4.398, 4.606, 5.243, 5.594, 5.917, 5.612, 5.179, 2.309, 0.0, 2.097, 1.284, 4.259, 6.498, 6.608, 7.373, 8.457, 7.969, 6.788, 9.602, 12.513, 14.031, 12.541, 9.96, 10.882, 9.557, 8.042, 9.481], [11.739, 11.64, 13.845, 13.485, 12.018, 12.497, 11.19, 9.622, 8.92, 7.488, 7.54, 7.359, 7.038, 6.935, 6.461, 6.849, 8.673, 8.891, 9.555, 9.451, 8.34, 7.601, 7.212, 6.143, 5.434, 5.213, 5.461, 6.051, 6.912, 7.424, 7.225, 6.595, 3.865, 2.097, 0.0, 2.234, 6.038, 8.247, 8.232, 8.938, 10.264, 9.679, 8.389, 11.292, 14.295, 15.831, 14.37, 11.735, 12.61, 11.228, 8.604, 10.237], [10.266, 10.046, 11.901, 11.526, 10.083, 10.524, 9.249, 8.065, 7.099, 6.258, 6.328, 6.868, 6.663, 6.542, 5.87, 5.632, 7.477, 7.596, 7.918, 7.728, 7.063, 6.4, 5.544, 4.27, 4.26, 4.212, 4.235, 4.865, 5.322, 5.651, 5.392, 4.92, 2.09, 1.284, 2.234, 0.0, 4.055, 6.338, 6.277, 7.063, 8.16, 7.695, 6.544, 9.31, 12.332, 13.787, 12.398, 9.776, 10.637, 9.341, 7.649, 9.142], [7.578, 7.086, 8.633, 8.328, 6.906, 7.267, 6.035, 5.287, 4.107, 3.638, 3.668, 5.492, 6.048, 5.992, 3.83, 3.046, 4.984, 4.924, 5.022, 4.762, 4.333, 3.846, 2.897, 2.444, 3.939, 3.988, 3.173, 3.22, 3.142, 3.27, 3.118, 3.689, 3.348, 4.259, 6.038, 4.055, 0.0, 3.235, 3.077, 3.746, 4.667, 4.223, 3.582, 6.049, 9.124, 10.289, 9.135, 6.566, 7.339, 6.228, 5.424, 6.667], [4.517, 4.766, 6.176, 5.386, 4.125, 4.622, 3.276, 2.181, 1.279, 1.757, 2.427, 6.17, 6.848, 6.639, 4.163, 2.418, 2.359, 2.069, 2.159, 2.323, 2.554, 2.37, 1.681, 3.307, 5.193, 5.278, 4.36, 3.687, 2.714, 2.745, 2.948, 3.795, 4.626, 6.498, 8.247, 6.338, 3.235, 0.0, 1.555, 1.667, 2.723, 2.329, 1.463, 3.714, 6.391, 7.943, 6.718, 4.133, 5.263, 3.14, 5.056, 4.867], [4.938, 4.473, 6.336, 5.666, 4.335, 4.995, 3.735, 2.912, 2.024, 2.502, 3.044, 6.791, 7.386, 7.411, 4.899, 3.156, 3.159, 2.721, 2.47, 2.497, 2.85, 2.571, 1.84, 3.37, 5.679, 5.694, 4.776, 4.251, 3.254, 3.009, 3.054, 3.819, 4.939, 6.608, 8.232, 6.277, 3.077, 1.555, 0.0, 1.509, 2.412, 2.124, 1.738, 3.592, 6.624, 7.945, 6.91, 4.351, 5.216, 3.582, 6.088, 5.92], [4.102, 4.246, 6.246, 5.251, 4.022, 4.847, 3.745, 2.461, 2.116, 2.499, 3.074, 6.763, 7.402, 7.371, 5.122, 3.258, 2.916, 2.362, 1.974, 2.23, 2.714, 2.747, 2.277, 3.906, 5.733, 5.764, 4.83, 4.352, 3.4, 3.372, 3.473, 4.222, 5.456, 7.373, 8.938, 7.063, 3.746, 1.667, 1.509, 0.0, 2.596, 2.94, 2.29, 3.706, 6.465, 7.535, 6.789, 4.459, 5.368, 3.07, 5.914, 5.558], [4.356, 3.665, 4.386, 4.218, 2.617, 2.853, 2.075, 3.035, 2.742, 4.152, 4.844, 8.657, 9.299, 9.154, 6.516, 4.783, 4.675, 3.364, 2.887, 3.021, 4.476, 4.501, 3.964, 5.205, 7.858, 7.88, 6.979, 6.357, 5.07, 4.687, 5.05, 5.658, 6.988, 8.457, 10.264, 8.16, 4.667, 2.723, 2.412, 2.596, 0.0, 1.559, 3.075, 1.891, 4.698, 6.021, 4.755, 2.33, 3.092, 2.705, 7.525, 7.061], [4.8, 4.195, 5.12, 5.004, 3.301, 3.283, 2.189, 2.951, 2.382, 3.709, 4.445, 8.255, 8.901, 8.692, 6.016, 4.301, 4.215, 3.159, 2.792, 2.948, 4.093, 4.004, 3.514, 4.845, 7.401, 7.423, 6.53, 5.889, 4.592, 4.261, 4.61, 5.319, 6.579, 7.969, 9.679, 7.695, 4.223, 2.329, 2.124, 2.94, 1.559, 0.0, 2.342, 2.5, 5.174, 6.538, 5.175, 3.057, 3.342, 2.952, 6.782, 6.52], [4.267, 4.373, 6.128, 5.258, 3.991, 4.789, 3.408, 2.312, 1.35, 2.036, 2.668, 6.315, 6.988, 6.743, 4.237, 2.412, 2.822, 2.509, 2.221, 2.275, 2.882, 2.645, 1.895, 3.463, 5.433, 5.477, 4.593, 3.931, 2.851, 2.911, 3.128, 3.909, 5.013, 6.788, 8.389, 6.544, 3.582, 1.463, 1.738, 2.29, 3.075, 2.342, 0.0, 3.49, 6.251, 7.78, 6.724, 4.404, 5.43, 3.097, 4.627, 4.493], [3.636, 3.218, 3.123, 2.804, 1.758, 2.308, 2.037, 3.455, 3.319, 5.123, 5.957, 9.737, 10.411, 10.143, 7.451, 5.734, 5.57, 4.175, 3.701, 4.022, 5.402, 5.374, 4.88, 6.156, 8.809, 8.857, 7.948, 7.286, 5.988, 5.593, 5.964, 6.62, 8.079, 9.602, 11.292, 9.31, 6.049, 3.714, 3.592, 3.706, 1.891, 2.5, 3.49, 0.0, 3.251, 4.77, 3.576, 1.618, 2.252, 2.013, 7.91, 6.943], [4.241, 3.83, 2.364, 2.39, 2.685, 2.952, 4.257, 6.071, 5.942, 7.874, 8.651, 12.435, 13.105, 12.769, 10.243, 8.432, 8.204, 6.866, 6.353, 6.657, 8.057, 8.053, 7.561, 8.79, 11.466, 11.548, 10.638, 9.92, 8.624, 8.23, 8.605, 9.247, 10.819, 12.513, 14.295, 12.332, 9.124, 6.391, 6.624, 6.465, 4.698, 5.174, 6.251, 3.251, 0.0, 1.882, 1.626, 3.193, 3.182, 4.315, 10.461, 9.469], [5.484, 4.511, 2.375, 2.884, 4.056, 4.273, 5.724, 7.531, 7.48, 9.354, 10.096, 13.829, 14.516, 14.214, 11.82, 9.895, 9.626, 8.29, 7.702, 7.987, 9.434, 9.621, 9.062, 10.359, 12.916, 13.0, 12.109, 11.368, 10.082, 9.688, 10.082, 10.713, 12.304, 14.031, 15.831, 13.787, 10.289, 7.943, 7.945, 7.535, 6.021, 6.538, 7.78, 4.77, 1.882, 0.0, 2.031, 4.809, 4.349, 5.772, 11.941, 10.967], [4.437, 3.78, 1.908, 2.658, 3.084, 2.612, 4.295, 6.441, 6.252, 8.219, 9.035, 12.803, 13.488, 13.14, 10.475, 8.801, 8.589, 7.251, 6.757, 7.079, 8.452, 8.411, 7.926, 9.173, 11.836, 11.933, 11.016, 10.287, 8.945, 8.55, 8.921, 9.571, 11.059, 12.541, 14.37, 12.398, 9.135, 6.718, 6.91, 6.789, 4.755, 5.175, 6.724, 3.576, 1.626, 2.031, 0.0, 3.269, 2.658, 4.676, 10.882, 9.93], [3.607, 3.38, 3.119, 3.076, 2.113, 1.845, 2.233, 3.632, 3.612, 5.438, 6.23, 10.16, 10.694, 10.407, 7.677, 6.096, 5.749, 4.471, 4.162, 4.481, 5.811, 5.677, 5.298, 6.439, 8.94, 9.106, 8.189, 7.479, 6.099, 5.665, 5.994, 6.693, 8.39, 9.96, 11.735, 9.776, 6.566, 4.133, 4.351, 4.459, 2.33, 3.057, 4.404, 1.618, 3.193, 4.809, 3.269, 0.0, 1.904, 2.481, 8.21, 7.524], [4.668, 4.211, 3.677, 3.892, 2.789, 1.895, 2.909, 4.963, 4.781, 6.675, 7.509, 11.336, 11.976, 11.677, 8.881, 7.299, 7.071, 5.746, 5.39, 5.705, 7.016, 6.912, 6.45, 7.604, 10.28, 10.411, 9.474, 8.778, 7.383, 6.971, 7.34, 8.02, 9.513, 10.882, 12.61, 10.637, 7.339, 5.263, 5.216, 5.368, 3.092, 3.342, 5.43, 2.252, 3.182, 4.349, 2.658, 1.904, 0.0, 3.476, 9.499, 8.716], [3.04, 3.889, 4.432, 3.309, 2.062, 2.883, 1.592, 2.071, 2.324, 4.16, 4.74, 8.489, 8.99, 8.814, 6.687, 4.82, 4.004, 2.975, 2.478, 2.884, 4.335, 4.451, 4.201, 5.191, 7.217, 7.465, 6.638, 5.787, 4.527, 4.178, 4.497, 5.2, 7.443, 9.557, 11.228, 9.341, 6.228, 3.14, 3.582, 3.07, 2.705, 2.952, 3.097, 2.013, 4.315, 5.772, 4.676, 2.481, 3.476, 0.0, 6.218, 5.311], [6.66, 8.13, 10.461, 9.267, 8.149, 8.823, 6.75, 4.714, 4.967, 3.765, 3.294, 3.882, 4.395, 4.369, 2.826, 3.007, 3.082, 4.372, 4.728, 4.791, 3.89, 3.874, 4.853, 5.131, 3.874, 3.956, 3.832, 3.417, 4.239, 4.438, 4.636, 5.32, 6.433, 8.042, 8.604, 7.649, 5.424, 5.056, 6.088, 5.914, 7.525, 6.782, 4.627, 7.91, 10.461, 11.941, 10.882, 8.21, 9.499, 6.218, 0.0, 1.874], [5.779, 7.424, 9.521, 8.276, 7.175, 8.009, 5.931, 4.266, 4.459, 3.942, 3.666, 5.422, 5.951, 5.853, 4.575, 3.747, 2.966, 4.094, 4.517, 4.959, 4.119, 4.265, 5.183, 6.447, 5.283, 5.369, 5.096, 4.609, 5.295, 5.491, 5.74, 6.392, 7.631, 9.481, 10.237, 9.142, 6.667, 4.867, 5.92, 5.558, 7.061, 6.52, 4.493, 6.943, 9.469, 10.967, 9.93, 7.524, 8.716, 5.311, 1.874, 0.0]]