[[0.0, 1.391, 2.063, 2.108, 1.317, 2.351, 3.964, 4.788, 5.429, 7.072, 6.976, 5.102, 4.535, 2.868, 2.174, 2.164, 2.633, 4.591, 4.449, 1.907, 2.712, 5.598, 6.637, 6.026, 5.341, 3.914, 3.232, 2.737, 2.146, 2.251, 5.762, 8.962, 8.43, 8.559, 9.938, 10.456, 11.277, 12.579, 13.26, 14.858, 15.151, 13.805, 13.202, 11.815, 10.66, 8.263, 6.059, 4.955, 3.716, 4.425, 4.054, 4.98, 2.066], [1.391, 0.0, 1.622, 2.417, 1.943, 2.413, 3.866, 4.541, 5.182, 6.823, 6.751, 4.833, 4.328, 2.958, 3.071, 2.911, 3.772, 5.781, 5.57, 2.76, 3.495, 5.94, 6.915, 6.342, 5.632, 4.152, 3.366, 2.788, 1.863, 2.841, 6.313, 9.298, 8.838, 9.13, 10.329, 10.997, 11.626, 12.449, 13.03, 14.627, 14.947, 13.527, 12.953, 11.722, 10.931, 8.822, 6.613, 4.943, 4.054, 5.153, 3.91, 4.267, 1.831], [2.063, 1.622, 0.0, 1.49, 1.956, 3.082, 4.502, 5.343, 6.273, 8.207, 8.168, 6.156, 5.589, 4.076, 3.49, 3.087, 3.535, 5.497, 4.943, 3.001, 3.412, 4.822, 5.641, 5.228, 4.287, 3.068, 2.195, 1.738, 1.461, 3.225, 6.75, 9.72, 9.089, 9.5, 10.838, 11.67, 12.673, 13.844, 14.449, 15.949, 16.324, 14.81, 14.3, 12.778, 11.717, 9.653, 7.42, 6.063, 4.827, 5.508, 4.953, 5.561, 1.827], [2.108, 2.417, 1.49, 0.0, 1.517, 3.596, 5.183, 6.028, 6.905, 8.868, 8.793, 6.725, 6.152, 4.474, 3.16, 3.221, 3.065, 4.656, 4.088, 2.796, 2.789, 4.111, 4.863, 4.642, 3.546, 2.405, 2.005, 1.527, 1.911, 3.16, 6.94, 10.134, 9.549, 9.536, 10.997, 11.723, 12.96, 14.513, 15.178, 16.676, 17.037, 15.565, 15.079, 13.404, 12.179, 9.789, 7.561, 6.579, 5.303, 5.541, 5.473, 6.212, 1.996], [1.317, 1.943, 1.956, 1.517, 0.0, 2.671, 4.338, 5.158, 5.992, 7.815, 7.618, 5.711, 5.04, 3.335, 2.642, 2.757, 2.671, 4.384, 4.218, 2.547, 2.826, 4.948, 5.849, 5.419, 4.562, 3.463, 3.041, 2.632, 2.095, 2.865, 5.954, 9.25, 8.594, 8.584, 10.069, 10.663, 11.874, 13.426, 14.05, 15.596, 15.955, 14.573, 14.025, 12.432, 11.187, 8.639, 6.426, 5.609, 4.37, 4.418, 4.552, 5.626, 2.123], [2.351, 2.413, 3.082, 3.596, 2.671, 0.0, 1.991, 2.74, 3.545, 5.468, 5.428, 3.561, 3.225, 2.421, 3.208, 2.866, 3.77, 5.998, 5.882, 3.58, 4.814, 7.359, 8.28, 7.851, 6.977, 5.616, 4.756, 4.216, 2.974, 2.861, 4.777, 7.317, 6.959, 7.202, 8.457, 9.402, 10.219, 11.174, 11.79, 13.238, 13.674, 12.144, 11.612, 10.202, 9.202, 7.917, 5.422, 3.559, 3.625, 4.263, 2.272, 3.645, 3.319], [3.964, 3.866, 4.502, 5.183, 4.338, 1.991, 0.0, 1.574, 2.175, 4.002, 4.114, 2.966, 3.173, 3.443, 4.614, 3.939, 5.027, 7.263, 7.182, 4.979, 6.466, 9.067, 9.963, 9.555, 8.644, 7.218, 6.454, 5.841, 4.407, 4.165, 4.828, 6.737, 6.55, 6.795, 7.799, 8.719, 9.56, 10.191, 10.566, 11.69, 12.076, 10.539, 10.069, 8.731, 8.197, 7.682, 5.211, 3.311, 3.988, 4.463, 2.209, 2.54, 4.859], [4.788, 4.541, 5.343, 6.028, 5.158, 2.74, 1.574, 0.0, 1.715, 3.345, 3.626, 2.82, 2.96, 3.7, 5.132, 4.685, 5.915, 8.276, 8.375, 5.944, 7.207, 9.78, 10.664, 10.214, 9.345, 8.002, 7.072, 6.484, 5.018, 4.504, 5.391, 7.422, 7.246, 7.483, 8.416, 9.383, 9.975, 10.295, 10.596, 11.159, 11.371, 9.899, 9.401, 8.698, 8.24, 8.192, 5.656, 3.435, 4.184, 4.945, 2.499, 1.867, 5.363], [5.429, 5.182, 6.273, 6.905, 5.992, 3.545, 2.175, 1.715, 0.0, 2.102, 2.35, 1.612, 2.018, 3.148, 4.844, 4.697, 5.992, 8.741, 9.144, 6.421, 7.855, 10.651, 11.583, 11.059, 10.268, 8.73, 7.981, 7.335, 5.921, 4.886, 4.577, 6.399, 6.286, 6.503, 7.318, 8.04, 8.62, 8.851, 9.182, 10.192, 10.574, 8.957, 8.576, 7.711, 7.375, 6.942, 4.384, 2.27, 3.24, 3.985, 2.081, 2.311, 6.104], [7.072, 6.823, 8.207, 8.868, 7.815, 5.468, 4.002, 3.345, 2.102, 0.0, 1.422, 2.439, 3.243, 4.671, 6.392, 6.359, 7.629, 10.312, 10.805, 7.801, 9.427, 12.473, 13.539, 12.96, 12.269, 10.704, 9.954, 9.297, 7.809, 6.616, 4.819, 5.694, 5.791, 5.803, 6.515, 7.128, 7.237, 7.467, 7.75, 8.715, 8.968, 7.353, 6.897, 6.364, 6.302, 6.102, 3.495, 2.7, 4.035, 4.858, 3.663, 3.716, 8.008], [6.976, 6.751, 8.168, 8.793, 7.618, 5.428, 4.114, 3.626, 2.35, 1.422, 0.0, 2.252, 2.994, 4.424, 6.19, 6.17, 7.454, 10.119, 10.739, 7.721, 9.313, 12.376, 13.421, 12.755, 12.128, 10.608, 9.897, 9.231, 7.662, 6.497, 4.126, 5.309, 5.164, 5.345, 6.256, 6.939, 7.265, 7.394, 7.734, 8.999, 9.181, 7.592, 7.154, 6.692, 6.388, 5.371, 2.931, 2.577, 3.876, 4.513, 3.513, 3.765, 7.895], [5.102, 4.833, 6.156, 6.725, 5.711, 3.561, 2.966, 2.82, 1.612, 2.439, 2.252, 0.0, 1.357, 2.666, 4.372, 4.264, 5.647, 8.36, 8.817, 5.949, 7.487, 10.383, 11.342, 10.758, 10.039, 8.539, 7.797, 7.167, 5.598, 4.597, 3.656, 6.297, 5.908, 6.166, 7.282, 8.159, 8.727, 9.009, 9.296, 10.668, 10.929, 9.424, 9.021, 8.075, 7.697, 6.344, 3.806, 1.837, 2.287, 3.08, 1.911, 3.232, 5.832], [4.535, 4.328, 5.589, 6.152, 5.04, 3.225, 3.173, 2.96, 2.018, 3.243, 2.994, 1.357, 0.0, 1.981, 3.793, 3.634, 4.98, 7.687, 8.258, 5.513, 6.951, 9.666, 10.702, 10.049, 9.411, 7.97, 7.183, 6.567, 5.002, 4.111, 4.424, 7.208, 6.78, 7.068, 8.183, 9.029, 9.668, 9.912, 10.209, 11.474, 11.889, 10.376, 9.794, 9.028, 8.587, 7.158, 4.644, 2.599, 2.746, 3.522, 1.774, 3.485, 5.285], [2.868, 2.958, 4.076, 4.474, 3.335, 2.421, 3.443, 3.7, 3.148, 4.671, 4.424, 2.666, 1.981, 0.0, 2.174, 2.144, 3.413, 6.06, 6.653, 3.797, 5.151, 8.03, 9.057, 8.385, 7.766, 6.265, 5.57, 4.957, 3.394, 2.498, 4.744, 7.75, 7.267, 7.553, 8.795, 9.398, 10.032, 10.723, 11.136, 12.806, 13.081, 11.655, 11.043, 10.047, 9.434, 7.239, 4.871, 3.004, 2.538, 3.444, 2.174, 4.194, 3.549], [2.174, 3.071, 3.49, 3.16, 2.642, 3.208, 4.614, 5.132, 4.844, 6.392, 6.19, 4.372, 3.793, 2.174, 0.0, 1.255, 1.939, 4.154, 4.789, 2.081, 3.34, 6.217, 7.286, 6.596, 5.995, 4.565, 3.997, 3.466, 3.22, 1.994, 5.587, 8.757, 8.233, 8.423, 9.705, 10.191, 10.796, 12.11, 12.75, 14.407, 14.685, 13.288, 12.773, 11.359, 10.517, 7.76, 5.439, 4.376, 3.08, 3.72, 3.406, 5.67, 3.004], [2.164, 2.911, 3.087, 3.221, 2.757, 2.866, 3.939, 4.685, 4.697, 6.359, 6.17, 4.264, 3.634, 2.144, 1.255, 0.0, 1.647, 4.193, 4.708, 2.198, 3.585, 6.386, 7.391, 6.761, 6.082, 4.848, 4.073, 3.483, 2.762, 1.425, 5.245, 8.363, 7.796, 8.094, 9.405, 9.869, 10.825, 11.957, 12.553, 14.141, 14.452, 13.039, 12.514, 11.008, 10.219, 7.66, 5.352, 4.27, 2.917, 3.543, 3.131, 5.465, 2.812], [2.633, 3.772, 3.535, 3.065, 2.671, 3.77, 5.027, 5.915, 5.992, 7.629, 7.454, 5.647, 4.98, 3.413, 1.939, 1.647, 0.0, 3.028, 3.41, 2.079, 2.768, 5.25, 6.187, 5.795, 4.904, 4.403, 3.646, 3.48, 3.694, 2.266, 5.569, 8.864, 8.14, 8.229, 9.779, 10.143, 11.575, 13.027, 13.666, 15.217, 15.578, 14.194, 13.636, 12.05, 10.847, 7.984, 5.839, 5.535, 3.881, 3.85, 4.505, 6.935, 3.573], [4.591, 5.781, 5.497, 4.656, 4.384, 5.998, 7.263, 8.276, 8.741, 10.312, 10.119, 8.36, 7.687, 6.06, 4.154, 4.193, 3.028, 0.0, 1.587, 3.341, 2.752, 3.218, 3.848, 3.925, 4.573, 5.093, 5.132, 5.131, 5.704, 4.492, 8.097, 11.729, 10.959, 10.675, 12.283, 12.57, 14.111, 15.724, 16.387, 17.938, 18.306, 16.915, 16.361, 14.786, 13.576, 9.884, 8.261, 8.245, 6.557, 5.77, 7.224, 9.145, 5.523], [4.449, 5.57, 4.943, 4.088, 4.218, 5.882, 7.182, 8.375, 9.144, 10.805, 10.739, 8.817, 8.258, 6.653, 4.789, 4.708, 3.41, 1.587, 0.0, 3.24, 2.444, 3.265, 3.532, 3.903, 3.636, 4.441, 4.521, 4.531, 5.243, 4.751, 8.2, 11.792, 11.016, 10.724, 12.422, 13.007, 14.593, 16.207, 16.908, 18.395, 18.748, 17.302, 16.787, 15.119, 13.697, 10.55, 8.848, 8.688, 7.167, 6.404, 7.594, 9.117, 5.203], [1.907, 2.76, 3.001, 2.796, 2.547, 3.58, 4.979, 5.944, 6.421, 7.801, 7.721, 5.949, 5.513, 3.797, 2.081, 2.198, 2.079, 3.341, 3.24, 0.0, 1.848, 4.922, 5.996, 5.413, 4.813, 3.916, 3.178, 2.595, 3.127, 2.009, 6.814, 10.002, 9.372, 9.628, 11.061, 11.279, 12.013, 13.271, 14.001, 15.706, 15.98, 14.521, 14.054, 12.733, 11.847, 8.936, 6.711, 5.659, 4.154, 5.148, 5.034, 6.102, 2.665], [2.712, 3.495, 3.412, 2.789, 2.826, 4.814, 6.466, 7.207, 7.855, 9.427, 9.313, 7.487, 6.951, 5.151, 3.34, 3.585, 2.768, 2.752, 2.444, 1.848, 0.0, 3.204, 4.225, 3.629, 3.334, 3.075, 2.882, 2.781, 3.472, 3.092, 7.913, 11.402, 10.656, 10.621, 12.276, 12.262, 13.417, 15.016, 15.697, 17.393, 17.635, 16.19, 15.773, 14.223, 13.187, 9.772, 7.589, 7.22, 5.62, 5.73, 6.467, 7.084, 3.33], [5.598, 5.94, 4.822, 4.111, 4.948, 7.359, 9.067, 9.78, 10.651, 12.473, 12.376, 10.383, 9.666, 8.03, 6.217, 6.386, 5.25, 3.218, 3.265, 4.922, 3.204, 0.0, 1.212, 1.249, 2.598, 3.167, 3.715, 3.971, 5.028, 6.069, 10.317, 13.922, 13.194, 12.949, 14.666, 14.957, 16.481, 18.088, 18.819, 20.299, 20.687, 19.276, 18.708, 17.13, 15.839, 12.458, 10.483, 10.168, 8.669, 8.0, 9.03, 9.583, 5.191], [6.637, 6.915, 5.641, 4.863, 5.849, 8.28, 9.963, 10.664, 11.583, 13.539, 13.421, 11.342, 10.702, 9.057, 7.286, 7.391, 6.187, 3.848, 3.532, 5.996, 4.225, 1.212, 0.0, 1.671, 2.262, 3.503, 4.19, 4.662, 5.811, 7.056, 11.112, 14.748, 14.021, 13.708, 15.367, 15.925, 17.536, 19.129, 19.829, 21.311, 21.67, 20.254, 19.743, 18.076, 16.659, 13.461, 11.535, 11.24, 9.738, 9.029, 9.941, 10.324, 5.791], [6.026, 6.342, 5.228, 4.642, 5.419, 7.851, 9.555, 10.214, 11.059, 12.96, 12.755, 10.758, 10.049, 8.385, 6.596, 6.761, 5.795, 3.925, 3.903, 5.413, 3.629, 1.249, 1.671, 0.0, 2.307, 2.829, 3.607, 4.148, 5.298, 6.476, 10.914, 14.481, 13.734, 13.564, 15.237, 15.539, 16.969, 18.572, 19.212, 20.784, 21.121, 19.767, 19.207, 17.562, 16.312, 12.913, 10.881, 10.656, 9.054, 8.415, 9.417, 9.664, 5.166], [5.341, 5.632, 4.287, 3.546, 4.562, 6.977, 8.644, 9.345, 10.268, 12.269, 12.128, 10.039, 9.411, 7.766, 5.995, 6.082, 4.904, 4.573, 3.636, 4.813, 3.334, 2.598, 2.262, 2.307, 0.0, 1.896, 2.661, 3.323, 4.497, 5.73, 9.751, 13.423, 12.667, 12.397, 14.039, 14.669, 16.263, 17.851, 18.521, 20.023, 20.376, 18.946, 18.471, 16.785, 15.319, 12.171, 10.248, 9.975, 8.447, 7.876, 8.669, 8.939, 4.303], [3.914, 4.152, 3.068, 2.405, 3.463, 5.616, 7.218, 8.002, 8.73, 10.704, 10.608, 8.539, 7.97, 6.265, 4.565, 4.848, 4.403, 5.093, 4.441, 3.916, 3.075, 3.167, 3.503, 2.829, 1.896, 0.0, 1.509, 1.973, 3.396, 4.636, 8.789, 12.259, 11.475, 11.302, 13.115, 13.33, 14.711, 16.351, 17.054, 18.642, 18.912, 17.442, 17.0, 15.331, 14.275, 10.864, 8.751, 8.357, 6.948, 6.573, 7.248, 7.466, 3.036], [3.232, 3.366, 2.195, 2.005, 3.041, 4.756, 6.454, 7.072, 7.981, 9.954, 9.897, 7.797, 7.183, 5.57, 3.997, 4.073, 3.646, 5.132, 4.521, 3.178, 2.882, 3.715, 4.19, 3.607, 2.661, 1.509, 0.0, 1.116, 2.522, 3.782, 8.221, 11.522, 10.642, 10.986, 12.617, 12.977, 14.257, 15.562, 16.279, 17.835, 18.217, 16.656, 16.207, 14.692, 13.368, 10.668, 8.39, 7.702, 6.226, 6.454, 6.501, 6.757, 2.354], [2.737, 2.788, 1.738, 1.527, 2.632, 4.216, 5.841, 6.484, 7.335, 9.297, 9.231, 7.167, 6.567, 4.957, 3.466, 3.483, 3.48, 5.131, 4.531, 2.595, 2.781, 3.971, 4.662, 4.148, 3.323, 1.973, 1.116, 0.0, 1.994, 3.243, 7.888, 11.019, 10.218, 10.65, 12.214, 12.736, 13.702, 14.948, 15.664, 17.231, 17.598, 16.057, 15.579, 14.113, 13.014, 10.529, 8.236, 7.006, 5.645, 6.415, 5.907, 6.305, 1.922], [2.146, 1.863, 1.461, 1.911, 2.095, 2.974, 4.407, 5.018, 5.921, 7.809, 7.662, 5.598, 5.002, 3.394, 3.22, 2.762, 3.694, 5.704, 5.243, 3.127, 3.472, 5.028, 5.811, 5.298, 4.497, 3.396, 2.522, 1.994, 0.0, 2.822, 6.851, 9.89, 9.38, 9.665, 10.934, 11.75, 12.683, 13.628, 14.181, 15.668, 15.999, 14.609, 14.05, 12.554, 11.703, 9.656, 7.416, 5.812, 4.703, 5.477, 4.479, 4.861, 1.486], [2.251, 2.841, 3.225, 3.16, 2.865, 2.861, 4.165, 4.504, 4.886, 6.616, 6.497, 4.597, 4.111, 2.498, 1.994, 1.425, 2.266, 4.492, 4.751, 2.009, 3.092, 6.069, 7.056, 6.476, 5.73, 4.636, 3.782, 3.243, 2.822, 0.0, 5.867, 9.036, 8.384, 8.688, 10.109, 10.355, 11.132, 12.264, 12.934, 14.697, 14.959, 13.409, 13.031, 11.737, 10.922, 7.996, 5.683, 4.35, 2.987, 4.005, 3.695, 4.825, 2.62], [5.762, 6.313, 6.75, 6.94, 5.954, 4.777, 4.828, 5.391, 4.577, 4.819, 4.126, 3.656, 4.424, 4.744, 5.587, 5.245, 5.569, 8.097, 8.2, 6.814, 7.913, 10.317, 11.112, 10.914, 9.751, 8.789, 8.221, 7.888, 6.851, 5.867, 0.0, 3.856, 3.159, 3.046, 4.653, 5.438, 6.699, 8.169, 8.842, 10.331, 10.71, 9.279, 8.766, 7.178, 5.679, 3.656, 2.636, 3.515, 3.364, 2.903, 4.155, 6.47, 7.226], [8.962, 9.298, 9.72, 10.134, 9.25, 7.317, 6.737, 7.422, 6.399, 5.694, 5.309, 6.297, 7.208, 7.75, 8.757, 8.363, 8.864, 11.729, 11.792, 10.002, 11.402, 13.922, 14.748, 14.481, 13.423, 12.259, 11.522, 11.019, 9.89, 9.036, 3.856, 0.0, 1.195, 1.34, 1.385, 2.459, 3.383, 4.649, 5.294, 6.776, 7.131, 5.632, 5.163, 3.538, 2.323, 2.426, 4.275, 5.629, 6.506, 6.39, 6.648, 8.392, 10.331], [8.43, 8.838, 9.089, 9.549, 8.594, 6.959, 6.55, 7.246, 6.286, 5.791, 5.164, 5.908, 6.78, 7.267, 8.233, 7.796, 8.14, 10.959, 11.016, 9.372, 10.656, 13.194, 14.021, 13.734, 12.667, 11.475, 10.642, 10.218, 9.38, 8.384, 3.159, 1.195, 0.0, 1.121, 2.243, 3.117, 4.2, 5.568, 6.245, 7.744, 8.075, 6.582, 6.105, 4.504, 3.241, 2.099, 3.722, 5.325, 5.886, 5.631, 6.381, 8.271, 9.749], [8.559, 9.13, 9.5, 9.536, 8.584, 7.202, 6.795, 7.483, 6.503, 5.803, 5.345, 6.166, 7.068, 7.553, 8.423, 8.094, 8.229, 10.675, 10.724, 9.628, 10.621, 12.949, 13.708, 13.564, 12.397, 11.302, 10.986, 10.65, 9.665, 8.688, 3.046, 1.34, 1.121, 0.0, 1.947, 2.796, 4.101, 5.646, 6.332, 7.821, 8.174, 6.683, 6.196, 4.547, 3.181, 1.905, 3.524, 5.497, 6.168, 5.467, 6.566, 8.444, 10.053], [9.938, 10.329, 10.838, 10.997, 10.069, 8.457, 7.799, 8.416, 7.318, 6.515, 6.256, 7.282, 8.183, 8.795, 9.705, 9.405, 9.779, 12.283, 12.422, 11.061, 12.276, 14.666, 15.367, 15.237, 14.039, 13.115, 12.617, 12.214, 10.934, 10.109, 4.653, 1.385, 2.243, 1.947, 0.0, 1.927, 2.662, 3.96, 4.606, 6.079, 6.406, 5.003, 4.534, 2.918, 2.053, 3.026, 5.105, 6.75, 7.564, 7.15, 7.648, 9.336, 11.406], [10.456, 10.997, 11.67, 11.723, 10.663, 9.402, 8.719, 9.383, 8.04, 7.128, 6.939, 8.159, 9.029, 9.398, 10.191, 9.869, 10.143, 12.57, 13.007, 11.279, 12.262, 14.957, 15.925, 15.539, 14.669, 13.33, 12.977, 12.736, 11.75, 10.355, 5.438, 2.459, 3.117, 2.796, 1.927, 0.0, 1.763, 3.301, 3.992, 5.471, 5.82, 4.477, 4.08, 2.933, 2.248, 3.07, 5.116, 7.264, 7.829, 7.2, 8.577, 9.948, 11.922], [11.277, 11.626, 12.673, 12.96, 11.874, 10.219, 9.56, 9.975, 8.62, 7.237, 7.265, 8.727, 9.668, 10.032, 10.796, 10.825, 11.575, 14.111, 14.593, 12.013, 13.417, 16.481, 17.536, 16.969, 16.263, 14.711, 14.257, 13.702, 12.683, 11.132, 6.699, 3.383, 4.2, 4.101, 2.662, 1.763, 0.0, 1.99, 2.638, 4.289, 4.56, 3.243, 3.09, 2.189, 2.418, 4.283, 6.123, 7.564, 8.475, 8.656, 9.258, 10.32, 12.834], [12.579, 12.449, 13.844, 14.513, 13.426, 11.174, 10.191, 10.295, 8.851, 7.467, 7.394, 9.009, 9.912, 10.723, 12.11, 11.957, 13.027, 15.724, 16.207, 13.271, 15.016, 18.088, 19.129, 18.572, 17.851, 16.351, 15.562, 14.948, 13.628, 12.264, 8.169, 4.649, 5.568, 5.646, 3.96, 3.301, 1.99, 0.0, 1.15, 2.726, 3.175, 2.028, 2.196, 2.436, 3.225, 5.902, 7.771, 8.315, 9.638, 10.28, 9.857, 10.364, 13.76], [13.26, 13.03, 14.449, 15.178, 14.05, 11.79, 10.566, 10.596, 9.182, 7.75, 7.734, 9.296, 10.209, 11.136, 12.75, 12.553, 13.666, 16.387, 16.908, 14.001, 15.697, 18.819, 19.829, 19.212, 18.521, 17.054, 16.279, 15.664, 14.181, 12.934, 8.842, 5.294, 6.245, 6.332, 4.606, 3.992, 2.638, 1.15, 0.0, 2.073, 2.456, 1.634, 1.895, 2.571, 3.789, 6.589, 8.457, 8.994, 10.298, 10.944, 10.35, 10.711, 14.401], [14.858, 14.627, 15.949, 16.676, 15.596, 13.238, 11.69, 11.159, 10.192, 8.715, 8.999, 10.668, 11.474, 12.806, 14.407, 14.141, 15.217, 17.938, 18.395, 15.706, 17.393, 20.299, 21.311, 20.784, 20.023, 18.642, 17.835, 17.231, 15.668, 14.697, 10.331, 6.776, 7.744, 7.821, 6.079, 5.471, 4.289, 2.726, 2.073, 0.0, 1.189, 1.834, 2.145, 3.455, 4.857, 8.238, 10.213, 10.893, 12.139, 12.532, 11.526, 11.949, 15.981], [15.151, 14.947, 16.324, 17.037, 15.955, 13.674, 12.076, 11.371, 10.574, 8.968, 9.181, 10.929, 11.889, 13.081, 14.685, 14.452, 15.578, 18.306, 18.748, 15.98, 17.635, 20.687, 21.67, 21.121, 20.376, 18.912, 18.217, 17.598, 15.999, 14.959, 10.71, 7.131, 8.075, 8.174, 6.406, 5.82, 4.56, 3.175, 2.456, 1.189, 0.0, 1.981, 2.323, 3.724, 5.224, 8.522, 10.484, 11.318, 12.42, 12.878, 11.899, 12.257, 16.338], [13.805, 13.527, 14.81, 15.565, 14.573, 12.144, 10.539, 9.899, 8.957, 7.353, 7.592, 9.424, 10.376, 11.655, 13.288, 13.039, 14.194, 16.915, 17.302, 14.521, 16.19, 19.276, 20.254, 19.767, 18.946, 17.442, 16.656, 16.057, 14.609, 13.409, 9.279, 5.632, 6.582, 6.683, 5.003, 4.477, 3.243, 2.028, 1.634, 1.834, 1.981, 0.0, 1.116, 2.414, 3.894, 7.143, 9.011, 9.687, 10.93, 11.479, 10.438, 10.556, 14.853], [13.202, 12.953, 14.3, 15.079, 14.025, 11.612, 10.069, 9.401, 8.576, 6.897, 7.154, 9.021, 9.794, 11.043, 12.773, 12.514, 13.636, 16.361, 16.787, 14.054, 15.773, 18.708, 19.743, 19.207, 18.471, 17.0, 16.207, 15.579, 14.05, 13.031, 8.766, 5.163, 6.105, 6.196, 4.534, 4.08, 3.09, 2.196, 1.895, 2.145, 2.323, 1.116, 0.0, 1.933, 3.326, 6.615, 8.597, 9.234, 10.519, 10.958, 9.899, 10.244, 14.331], [11.815, 11.722, 12.778, 13.404, 12.432, 10.202, 8.731, 8.698, 7.711, 6.364, 6.692, 8.075, 9.028, 10.047, 11.359, 11.008, 12.05, 14.786, 15.119, 12.733, 14.223, 17.13, 18.076, 17.562, 16.785, 15.331, 14.692, 14.113, 12.554, 11.737, 7.178, 3.538, 4.504, 4.547, 2.918, 2.933, 2.189, 2.436, 2.571, 3.455, 3.724, 2.414, 1.933, 0.0, 1.79, 5.088, 7.067, 8.179, 9.205, 9.362, 8.607, 9.556, 12.935], [10.66, 10.931, 11.717, 12.179, 11.187, 9.202, 8.197, 8.24, 7.375, 6.302, 6.388, 7.697, 8.587, 9.434, 10.517, 10.219, 10.847, 13.576, 13.697, 11.847, 13.187, 15.839, 16.659, 16.312, 15.319, 14.275, 13.368, 13.014, 11.703, 10.922, 5.679, 2.323, 3.241, 3.181, 2.053, 2.248, 2.418, 3.225, 3.789, 4.857, 5.224, 3.894, 3.326, 1.79, 0.0, 4.043, 6.07, 7.512, 8.35, 8.253, 8.048, 9.287, 12.23], [8.263, 8.822, 9.653, 9.789, 8.639, 7.917, 7.682, 8.192, 6.942, 6.102, 5.371, 6.344, 7.158, 7.239, 7.76, 7.66, 7.984, 9.884, 10.55, 8.936, 9.772, 12.458, 13.461, 12.913, 12.171, 10.864, 10.668, 10.529, 9.656, 7.996, 3.656, 2.426, 2.099, 1.905, 3.026, 3.07, 4.283, 5.902, 6.589, 8.238, 8.522, 7.143, 6.615, 5.088, 4.043, 0.0, 2.942, 5.642, 5.394, 4.656, 7.053, 8.672, 9.827], [6.059, 6.613, 7.42, 7.561, 6.426, 5.422, 5.211, 5.656, 4.384, 3.495, 2.931, 3.806, 4.644, 4.871, 5.439, 5.352, 5.839, 8.261, 8.848, 6.711, 7.589, 10.483, 11.535, 10.881, 10.248, 8.751, 8.39, 8.236, 7.416, 5.683, 2.636, 4.275, 3.722, 3.524, 5.105, 5.116, 6.123, 7.771, 8.457, 10.213, 10.484, 9.011, 8.597, 7.067, 6.07, 2.942, 0.0, 2.872, 3.011, 2.588, 4.418, 5.933, 7.561], [4.955, 4.943, 6.063, 6.579, 5.609, 3.559, 3.311, 3.435, 2.27, 2.7, 2.577, 1.837, 2.599, 3.004, 4.376, 4.27, 5.535, 8.245, 8.688, 5.659, 7.22, 10.168, 11.24, 10.656, 9.975, 8.357, 7.702, 7.006, 5.812, 4.35, 3.515, 5.629, 5.325, 5.497, 6.75, 7.264, 7.564, 8.315, 8.994, 10.893, 11.318, 9.687, 9.234, 8.179, 7.512, 5.642, 2.872, 0.0, 1.819, 2.963, 2.547, 3.449, 5.809], [3.716, 4.054, 4.827, 5.303, 4.37, 3.625, 3.988, 4.184, 3.24, 4.035, 3.876, 2.287, 2.746, 2.538, 3.08, 2.917, 3.881, 6.557, 7.167, 4.154, 5.62, 8.669, 9.738, 9.054, 8.447, 6.948, 6.226, 5.645, 4.703, 2.987, 3.364, 6.506, 5.886, 6.168, 7.564, 7.829, 8.475, 9.638, 10.298, 12.139, 12.42, 10.93, 10.519, 9.205, 8.35, 5.394, 3.011, 1.819, 0.0, 1.742, 2.899, 4.519, 4.844], [4.425, 5.153, 5.508, 5.541, 4.418, 4.263, 4.463, 4.945, 3.985, 4.858, 4.513, 3.08, 3.522, 3.444, 3.72, 3.543, 3.85, 5.77, 6.404, 5.148, 5.73, 8.0, 9.029, 8.415, 7.876, 6.573, 6.454, 6.415, 5.477, 4.005, 2.903, 6.39, 5.631, 5.467, 7.15, 7.2, 8.656, 10.28, 10.944, 12.532, 12.878, 11.479, 10.958, 9.362, 8.253, 4.656, 2.588, 2.963, 1.742, 0.0, 3.447, 5.609, 5.73], [4.054, 3.91, 4.953, 5.473, 4.552, 2.272, 2.209, 2.499, 2.081, 3.663, 3.513, 1.911, 1.774, 2.174, 3.406, 3.131, 4.505, 7.224, 7.594, 5.034, 6.467, 9.03, 9.941, 9.417, 8.669, 7.248, 6.501, 5.907, 4.479, 3.695, 4.155, 6.648, 6.381, 6.566, 7.648, 8.577, 9.258, 9.857, 10.35, 11.526, 11.899, 10.438, 9.899, 8.607, 8.048, 7.053, 4.418, 2.547, 2.899, 3.447, 0.0, 3.166, 4.766], [4.98, 4.267, 5.561, 6.212, 5.626, 3.645, 2.54, 1.867, 2.311, 3.716, 3.765, 3.232, 3.485, 4.194, 5.67, 5.465, 6.935, 9.145, 9.117, 6.102, 7.084, 9.583, 10.324, 9.664, 8.939, 7.466, 6.757, 6.305, 4.861, 4.825, 6.47, 8.392, 8.271, 8.444, 9.336, 9.948, 10.32, 10.364, 10.711, 11.949, 12.257, 10.556, 10.244, 9.556, 9.287, 8.672, 5.933, 3.449, 4.519, 5.609, 3.166, 0.0, 4.717], [2.066, 1.831, 1.827, 1.996, 2.123, 3.319, 4.859, 5.363, 6.104, 8.008, 7.895, 5.832, 5.285, 3.549, 3.004, 2.812, 3.573, 5.523, 5.203, 2.665, 3.33, 5.191, 5.791, 5.166, 4.303, 3.036, 2.354, 1.922, 1.486, 2.62, 7.226, 10.331, 9.749, 10.053, 11.406, 11.922, 12.834, 13.76, 14.401, 15.981, 16.338, 14.853, 14.331, 12.935, 12.23, 9.827, 7.561, 5.809, 4.844, 5.73, 4.766, 4.717, 0.0]]