[[0.0, 1.223, 1.254, 1.611, 2.392, 2.385, 2.58, 2.719, 3.304, 4.361, 4.01, 3.758, 5.198, 5.295, 3.498, 2.138, 2.202, 2.14, 1.907, 3.739, 4.458, 2.988, 2.847, 2.612, 1.697, 2.943, 4.766, 6.148, 5.918, 4.211, 3.352, 4.161, 4.594, 4.413, 5.049, 5.229, 3.702, 2.94, 2.637, 2.073, 3.732, 6.067, 6.135, 6.055, 8.779, 10.465, 8.912, 7.816, 7.883, 8.382, 8.648, 8.081, 8.249, 8.696, 9.374, 10.297, 12.033, 12.951, 11.463, 10.099, 10.25, 12.403, 13.009, 10.598, 11.563, 13.503, 13.188, 12.842, 14.647, 14.204, 13.564, 13.808, 14.377, 14.301, 14.808, 13.762, 12.225, 12.176, 14.536, 17.274, 18.605, 17.745, 15.03, 10.59, 8.913, 10.796, 10.294, 6.493, 5.002, 5.236, 3.849, 3.819, 3.982, 4.334, 4.462, 3.205, 2.484, 2.621, 3.017, 3.413, 3.078, 3.307, 2.533, 2.123, 2.376, 2.253, 1.817, 2.47, 4.195, 5.082, 4.219, 3.691, 5.182, 6.472, 4.936, 5.18, 6.026, 5.551, 6.357, 8.114, 9.406, 10.504, 11.464, 11.533, 10.573, 11.279, 12.137, 11.007, 11.452, 12.338, 12.782, 12.637, 14.189, 15.938, 15.25, 14.604, 15.921, 15.605, 13.808, 11.782, 7.915, 6.486, 7.072, 5.149, 3.748, 4.072], [1.223, 0.0, 1.315, 1.793, 2.359, 2.617, 2.82, 2.98, 3.887, 4.796, 4.454, 4.332, 5.68, 5.806, 4.297, 2.351, 2.481, 2.254, 2.075, 3.239, 3.896, 2.447, 2.486, 2.567, 2.027, 3.405, 5.313, 6.787, 6.662, 4.971, 4.085, 4.726, 5.234, 5.013, 5.765, 5.959, 4.297, 3.445, 3.028, 2.659, 4.339, 6.764, 6.699, 6.556, 9.361, 10.866, 9.472, 8.364, 8.466, 9.26, 9.385, 8.698, 8.71, 9.291, 9.917, 10.943, 12.607, 13.517, 12.095, 10.685, 10.867, 13.029, 13.644, 11.15, 12.121, 14.322, 13.674, 13.526, 15.368, 14.987, 14.193, 14.59, 15.127, 14.888, 15.578, 14.444, 12.866, 12.896, 15.386, 18.125, 19.465, 18.521, 15.834, 11.45, 9.762, 11.637, 11.147, 7.268, 5.524, 5.772, 4.157, 3.326, 3.438, 3.781, 3.905, 2.74, 2.307, 2.452, 2.568, 2.948, 2.875, 2.604, 2.089, 2.524, 2.959, 2.704, 2.594, 3.178, 4.992, 5.846, 4.85, 4.429, 5.946, 7.232, 5.796, 6.03, 6.731, 6.181, 6.966, 8.893, 10.229, 11.353, 12.302, 12.362, 11.405, 12.076, 12.983, 11.731, 12.177, 13.173, 13.564, 13.324, 15.028, 16.695, 15.906, 15.286, 16.766, 16.465, 14.665, 12.527, 8.649, 7.073, 7.873, 5.996, 4.43, 4.708], [1.254, 1.315, 0.0, 1.702, 2.449, 2.588, 2.764, 2.991, 3.807, 4.928, 4.587, 4.272, 5.341, 5.734, 3.807, 2.179, 2.314, 2.267, 2.034, 3.526, 4.505, 3.157, 2.966, 2.687, 1.927, 2.942, 4.292, 5.725, 5.635, 3.937, 3.245, 3.795, 4.226, 4.136, 4.787, 5.036, 3.38, 2.521, 2.276, 2.203, 4.178, 6.352, 6.289, 6.434, 8.651, 10.618, 9.14, 7.883, 7.851, 8.6, 8.972, 8.344, 8.228, 8.665, 9.117, 10.05, 11.754, 12.685, 11.46, 9.939, 10.137, 12.268, 12.81, 10.457, 11.364, 13.349, 13.148, 12.809, 14.564, 14.156, 13.383, 13.703, 14.274, 14.105, 14.715, 13.485, 11.985, 11.962, 14.419, 17.178, 18.609, 17.673, 15.003, 10.55, 8.814, 10.656, 10.181, 6.35, 4.676, 4.74, 3.258, 3.447, 3.667, 4.047, 4.128, 3.03, 2.36, 2.471, 2.696, 3.467, 3.286, 3.002, 2.076, 2.135, 2.272, 2.333, 2.321, 2.712, 4.099, 4.883, 4.237, 3.926, 5.117, 6.338, 5.231, 5.14, 5.953, 5.692, 6.156, 7.91, 9.247, 10.382, 11.329, 11.386, 10.431, 11.088, 12.03, 10.765, 11.201, 12.199, 12.735, 12.342, 14.033, 15.752, 15.137, 14.463, 15.819, 15.558, 13.834, 11.618, 7.807, 6.271, 7.039, 5.278, 4.103, 4.53], [1.611, 1.793, 1.702, 0.0, 1.581, 2.214, 2.34, 2.699, 4.028, 4.878, 4.456, 4.538, 6.075, 5.825, 4.133, 2.324, 2.213, 2.267, 2.132, 3.493, 3.944, 2.898, 2.784, 2.275, 1.322, 3.008, 4.638, 6.174, 6.384, 4.744, 4.062, 4.814, 5.442, 5.249, 5.901, 6.1, 4.426, 3.487, 3.209, 2.634, 4.241, 6.908, 6.973, 6.931, 9.607, 11.31, 9.69, 8.681, 8.743, 9.311, 9.536, 8.962, 9.054, 9.581, 10.188, 11.147, 12.86, 13.802, 12.363, 10.926, 11.087, 13.288, 13.914, 11.457, 12.401, 14.437, 14.005, 13.714, 15.53, 15.156, 14.405, 14.724, 15.241, 15.122, 15.684, 14.637, 13.058, 13.042, 15.457, 18.157, 19.537, 18.702, 15.974, 11.504, 9.809, 11.656, 11.193, 7.352, 5.056, 5.173, 3.88, 3.273, 3.307, 3.67, 3.813, 3.157, 2.705, 2.669, 2.846, 3.12, 2.744, 2.604, 2.126, 2.697, 2.999, 2.808, 2.387, 2.925, 5.016, 5.996, 5.137, 4.625, 6.009, 7.35, 5.794, 6.125, 6.876, 6.407, 7.203, 8.962, 10.243, 11.407, 12.378, 12.389, 11.435, 12.164, 13.028, 11.879, 12.29, 13.208, 13.681, 13.495, 15.12, 16.831, 16.135, 15.501, 16.834, 16.517, 14.765, 12.673, 8.842, 7.32, 7.987, 6.09, 4.504, 4.789], [2.392, 2.359, 2.449, 1.581, 0.0, 1.545, 1.64, 2.334, 4.384, 5.146, 4.507, 4.792, 6.956, 6.338, 4.856, 2.753, 2.107, 1.99, 2.272, 3.236, 3.409, 2.576, 2.703, 2.401, 1.965, 3.815, 5.42, 6.867, 7.398, 5.704, 5.011, 5.629, 6.299, 6.134, 6.878, 7.007, 5.155, 4.213, 3.884, 3.068, 4.412, 7.77, 7.904, 7.899, 10.587, 12.256, 10.586, 9.648, 9.707, 10.225, 10.434, 9.728, 9.971, 10.554, 11.07, 12.017, 13.702, 14.737, 13.432, 11.892, 11.955, 14.314, 14.89, 12.425, 13.282, 15.393, 15.002, 14.81, 16.637, 16.235, 15.459, 15.785, 16.326, 16.113, 16.766, 15.601, 13.963, 14.069, 16.513, 19.265, 20.664, 19.754, 17.078, 12.617, 10.878, 12.712, 12.284, 8.323, 5.973, 6.131, 4.755, 3.94, 3.917, 4.166, 4.207, 3.206, 2.87, 3.03, 3.23, 3.625, 2.715, 2.71, 2.432, 3.543, 4.019, 3.747, 2.811, 3.698, 6.093, 6.951, 6.046, 5.589, 6.963, 8.359, 6.724, 6.979, 7.829, 7.407, 8.077, 9.825, 11.168, 12.413, 13.353, 13.329, 12.359, 12.998, 13.941, 12.698, 13.193, 14.281, 14.787, 14.377, 16.012, 17.775, 17.194, 16.556, 17.862, 17.622, 15.907, 13.71, 9.883, 8.31, 9.114, 7.084, 4.925, 4.921], [2.385, 2.617, 2.588, 2.214, 1.545, 0.0, 0.74, 1.365, 3.792, 4.357, 3.687, 3.937, 6.062, 5.593, 4.25, 2.017, 1.742, 1.548, 2.091, 3.418, 3.779, 2.74, 2.907, 2.877, 2.094, 3.673, 5.497, 6.775, 6.896, 5.157, 4.334, 4.991, 5.676, 5.478, 6.221, 6.311, 4.517, 3.742, 3.439, 2.386, 3.719, 7.038, 7.129, 7.167, 9.849, 11.418, 9.772, 8.857, 8.941, 9.573, 9.816, 9.0, 9.124, 9.763, 10.31, 11.34, 12.954, 14.081, 12.732, 11.182, 11.302, 13.584, 14.159, 11.652, 12.629, 14.768, 14.177, 14.093, 15.946, 15.588, 14.734, 15.167, 15.671, 15.406, 16.126, 14.983, 13.29, 13.432, 15.894, 18.653, 20.054, 19.138, 16.427, 11.99, 10.267, 12.11, 11.662, 7.738, 6.379, 6.493, 5.165, 4.83, 4.81, 5.035, 5.054, 3.584, 3.048, 3.303, 3.837, 4.162, 3.112, 3.396, 2.899, 3.136, 3.395, 3.037, 2.203, 3.023, 5.472, 6.337, 5.294, 4.933, 6.289, 7.652, 6.146, 6.37, 7.197, 6.789, 7.353, 9.29, 10.621, 11.797, 12.734, 12.757, 11.809, 12.46, 13.393, 12.134, 12.553, 13.662, 14.141, 13.768, 15.404, 17.131, 16.48, 15.844, 17.253, 16.999, 15.243, 13.092, 9.234, 7.568, 8.465, 6.471, 4.233, 3.911], [2.58, 2.82, 2.764, 2.34, 1.64, 0.74, 0.0, 1.436, 3.85, 4.492, 3.829, 4.048, 6.143, 5.631, 4.254, 1.961, 1.725, 1.587, 2.066, 3.319, 3.75, 2.765, 2.95, 2.933, 2.281, 3.873, 5.691, 6.95, 6.978, 5.191, 4.4, 5.027, 5.69, 5.498, 6.235, 6.35, 4.581, 3.786, 3.657, 2.465, 3.815, 7.103, 7.174, 7.223, 9.899, 11.523, 9.845, 8.911, 8.996, 9.601, 9.901, 9.101, 9.161, 9.828, 10.346, 11.382, 13.012, 14.095, 12.761, 11.209, 11.325, 13.627, 14.202, 11.699, 12.642, 14.793, 14.199, 14.122, 15.966, 15.606, 14.764, 15.19, 15.688, 15.444, 16.141, 14.997, 13.311, 13.446, 15.906, 18.665, 20.066, 19.152, 16.445, 12.007, 10.279, 12.122, 11.674, 7.776, 6.595, 6.705, 5.377, 4.97, 4.868, 5.112, 5.114, 3.647, 3.108, 3.361, 3.917, 4.29, 3.177, 3.458, 2.929, 3.205, 3.412, 3.065, 2.212, 3.053, 5.489, 6.355, 5.344, 4.985, 6.33, 7.7, 6.189, 6.421, 7.204, 6.821, 7.376, 9.331, 10.66, 11.809, 12.748, 12.795, 11.848, 12.498, 13.431, 12.174, 12.57, 13.673, 14.159, 13.781, 15.465, 17.154, 16.507, 15.886, 17.265, 17.016, 15.258, 13.106, 9.248, 7.613, 8.479, 6.474, 4.267, 3.926], [2.719, 2.98, 2.991, 2.699, 2.334, 1.365, 1.436, 0.0, 2.727, 3.32, 2.73, 3.046, 5.038, 4.602, 3.34, 2.084, 2.476, 2.297, 2.722, 4.229, 4.763, 3.587, 3.669, 3.671, 2.058, 3.246, 5.417, 6.294, 6.247, 4.357, 3.608, 4.042, 4.735, 4.529, 5.296, 5.44, 3.715, 3.755, 3.46, 2.117, 2.853, 6.184, 6.198, 6.139, 8.954, 10.43, 8.845, 7.948, 8.056, 8.693, 8.728, 8.021, 8.188, 8.882, 9.403, 10.427, 12.09, 13.126, 11.761, 10.252, 10.346, 12.689, 13.266, 10.761, 11.66, 13.828, 13.177, 13.185, 15.028, 14.647, 13.804, 14.221, 14.742, 14.508, 15.182, 14.029, 12.348, 12.48, 14.955, 17.703, 19.104, 18.183, 15.49, 11.045, 9.317, 11.16, 10.717, 7.057, 6.59, 6.728, 5.608, 5.457, 5.493, 5.77, 5.749, 4.316, 3.755, 3.992, 4.564, 4.885, 3.922, 4.177, 3.596, 3.537, 3.056, 2.239, 2.081, 2.629, 4.536, 5.387, 4.392, 3.987, 5.419, 6.75, 5.145, 5.448, 6.206, 5.691, 6.4, 8.382, 9.71, 10.857, 11.796, 11.847, 10.9, 11.55, 12.483, 11.231, 11.625, 12.712, 13.203, 12.813, 14.513, 16.185, 15.564, 14.949, 16.303, 16.055, 14.322, 12.137, 8.286, 6.677, 7.517, 5.511, 3.292, 3.042], [3.304, 3.887, 3.807, 4.028, 4.384, 3.792, 3.85, 2.727, 0.0, 1.415, 1.37, 0.983, 2.653, 2.608, 1.866, 3.116, 4.404, 4.194, 4.403, 6.321, 6.872, 5.512, 5.611, 5.345, 3.406, 3.079, 5.436, 5.886, 5.067, 3.963, 3.22, 2.706, 2.963, 2.645, 3.217, 3.951, 3.012, 3.994, 3.547, 2.371, 1.623, 3.543, 3.709, 3.61, 6.412, 7.977, 6.333, 5.446, 5.499, 6.042, 6.217, 5.484, 5.758, 6.359, 6.998, 7.989, 9.693, 10.539, 9.185, 7.74, 7.896, 10.116, 10.714, 8.232, 9.142, 11.343, 10.763, 10.608, 12.449, 12.06, 11.274, 11.622, 12.159, 11.928, 12.609, 11.465, 9.898, 9.918, 12.395, 15.136, 16.5, 15.578, 12.903, 8.481, 6.913, 8.735, 8.191, 6.106, 6.816, 7.043, 6.356, 6.784, 6.958, 7.274, 7.364, 6.09, 5.502, 5.63, 6.044, 6.273, 5.743, 5.93, 5.229, 4.35, 3.521, 2.319, 2.909, 3.246, 2.781, 3.099, 2.062, 2.385, 2.983, 4.285, 2.875, 3.283, 3.768, 3.318, 4.051, 5.916, 7.252, 8.38, 9.311, 9.378, 8.421, 9.092, 9.995, 8.776, 9.199, 10.188, 10.618, 10.329, 12.05, 13.731, 12.988, 12.368, 13.793, 13.492, 11.736, 9.535, 5.704, 4.136, 4.942, 2.908, 1.76, 2.385], [4.361, 4.796, 4.928, 4.878, 5.146, 4.357, 4.492, 3.32, 1.415, 0.0, 0.979, 1.246, 2.161, 2.149, 2.185, 3.828, 5.041, 4.804, 5.111, 7.051, 7.366, 6.17, 6.256, 5.982, 4.145, 4.123, 6.589, 6.864, 6.127, 5.14, 4.207, 3.829, 3.9, 3.526, 4.049, 4.624, 4.15, 5.168, 4.681, 3.468, 1.744, 3.249, 3.473, 3.359, 6.189, 7.506, 5.988, 5.03, 5.116, 5.871, 6.016, 5.251, 5.469, 5.957, 6.771, 7.833, 9.442, 10.416, 8.988, 7.509, 7.769, 9.83, 10.345, 7.832, 8.983, 11.22, 10.486, 10.348, 12.207, 11.881, 11.081, 11.518, 12.024, 11.7, 12.487, 11.362, 9.761, 9.807, 12.306, 15.046, 16.386, 15.436, 12.737, 8.375, 7.213, 8.803, 8.376, 7.205, 7.923, 8.235, 7.557, 7.725, 7.842, 8.149, 8.184, 6.857, 6.282, 6.422, 6.987, 7.128, 6.403, 6.578, 6.028, 5.304, 4.398, 3.134, 3.481, 3.721, 3.365, 3.434, 2.519, 3.023, 3.187, 4.196, 3.115, 3.591, 3.912, 3.514, 4.1, 5.926, 7.165, 8.262, 9.221, 9.294, 8.337, 9.008, 9.905, 8.638, 9.1, 10.101, 10.461, 10.236, 11.913, 13.591, 12.736, 12.091, 13.685, 13.377, 11.517, 9.443, 5.559, 3.942, 4.792, 2.821, 2.095, 2.416], [4.01, 4.454, 4.587, 4.456, 4.507, 3.687, 3.829, 2.73, 1.37, 0.979, 0.0, 1.308, 2.755, 2.726, 2.239, 3.387, 4.435, 4.163, 4.524, 6.452, 6.705, 5.552, 5.673, 5.435, 3.719, 4.035, 6.381, 6.813, 6.051, 4.921, 3.963, 3.714, 3.843, 3.46, 4.09, 4.582, 3.979, 4.916, 4.54, 3.255, 1.55, 3.999, 4.227, 4.117, 6.962, 8.268, 6.695, 5.786, 5.875, 6.625, 6.782, 5.993, 6.205, 6.715, 7.544, 8.627, 10.235, 11.188, 9.749, 8.288, 8.557, 10.589, 11.104, 8.591, 9.761, 12.008, 11.233, 11.106, 12.966, 12.644, 11.865, 12.305, 12.823, 12.5, 13.287, 12.162, 10.552, 10.592, 13.098, 15.826, 17.152, 16.201, 13.502, 9.136, 7.634, 9.452, 8.927, 7.055, 7.75, 7.991, 7.183, 7.29, 7.342, 7.622, 7.706, 6.332, 5.626, 5.879, 6.459, 6.58, 5.761, 6.069, 5.547, 4.904, 4.037, 2.772, 3.014, 3.314, 3.426, 3.815, 2.681, 2.97, 3.583, 4.85, 3.469, 3.942, 4.484, 4.003, 4.638, 6.667, 7.977, 9.05, 10.01, 10.095, 9.135, 9.814, 10.699, 9.432, 9.912, 10.901, 11.261, 11.042, 12.712, 14.381, 13.494, 12.849, 14.468, 14.151, 12.276, 10.213, 6.328, 4.684, 5.583, 3.579, 2.139, 2.444], [3.758, 4.332, 4.272, 4.538, 4.792, 3.937, 4.048, 3.046, 0.983, 1.246, 1.308, 0.0, 2.241, 2.681, 2.266, 3.43, 4.756, 4.331, 4.845, 6.598, 6.921, 5.695, 5.896, 5.7, 3.902, 3.486, 5.759, 6.044, 5.292, 4.316, 3.455, 3.011, 3.044, 2.769, 3.283, 3.959, 3.31, 4.362, 3.842, 2.606, 1.84, 3.424, 3.638, 3.606, 6.373, 7.724, 6.198, 5.197, 5.286, 6.041, 6.313, 5.456, 5.636, 6.127, 6.956, 8.033, 9.64, 10.6, 9.16, 7.7, 7.962, 10.0, 10.515, 8.002, 9.173, 11.42, 10.668, 10.518, 12.377, 12.055, 11.269, 11.71, 12.228, 11.905, 12.692, 11.566, 9.961, 9.997, 12.502, 15.232, 16.563, 15.613, 12.913, 8.548, 6.913, 8.77, 8.256, 6.348, 7.09, 7.391, 6.782, 7.269, 7.459, 7.776, 7.901, 6.595, 5.971, 6.117, 6.52, 6.757, 6.111, 6.342, 5.78, 4.796, 3.884, 2.653, 3.292, 3.571, 2.95, 3.161, 2.008, 2.475, 2.96, 4.263, 3.142, 3.496, 3.978, 3.447, 4.073, 6.045, 7.381, 8.461, 9.421, 9.5, 8.541, 9.219, 10.105, 8.838, 9.316, 10.306, 10.666, 10.447, 12.117, 13.791, 12.906, 12.261, 13.879, 13.563, 11.688, 9.625, 5.74, 4.096, 4.988, 3.002, 1.872, 2.198], [5.198, 5.68, 5.341, 6.075, 6.956, 6.062, 6.143, 5.038, 2.653, 2.161, 2.755, 2.241, 0.0, 2.22, 2.651, 4.842, 6.523, 6.35, 6.387, 8.406, 8.959, 7.713, 7.601, 7.253, 5.474, 4.396, 6.282, 6.232, 5.366, 5.103, 4.433, 3.391, 3.18, 2.809, 3.267, 3.848, 4.003, 4.97, 4.464, 4.028, 3.012, 2.071, 2.049, 1.918, 4.319, 5.705, 4.298, 3.155, 3.3, 4.235, 4.503, 3.666, 3.659, 4.073, 4.873, 5.95, 7.558, 8.534, 7.106, 5.644, 5.978, 7.946, 8.461, 5.948, 7.1, 9.337, 8.581, 8.464, 10.323, 10.001, 9.21, 9.634, 10.141, 9.818, 10.604, 9.479, 7.899, 7.94, 10.44, 13.178, 14.509, 13.554, 10.854, 6.481, 5.812, 7.207, 6.981, 6.538, 7.564, 8.024, 7.717, 8.6, 8.791, 9.18, 9.354, 8.134, 7.289, 7.418, 7.731, 8.353, 8.09, 7.853, 7.199, 5.793, 4.761, 3.698, 4.793, 4.453, 3.052, 2.158, 2.006, 2.404, 1.869, 2.503, 2.526, 2.35, 2.393, 2.06, 2.376, 4.108, 5.337, 6.408, 7.338, 7.418, 6.458, 7.143, 8.022, 6.755, 7.229, 8.218, 8.579, 8.359, 10.047, 11.708, 10.852, 10.206, 11.802, 11.494, 9.633, 7.56, 3.694, 2.097, 2.924, 1.775, 2.432, 2.704], [5.295, 5.806, 5.734, 5.825, 6.338, 5.593, 5.631, 4.602, 2.608, 2.149, 2.726, 2.681, 2.22, 0.0, 2.204, 4.749, 6.015, 5.896, 5.965, 7.988, 8.607, 7.244, 7.217, 6.948, 5.127, 5.209, 7.472, 7.724, 6.902, 6.008, 5.155, 4.631, 4.551, 3.985, 4.535, 5.219, 4.951, 6.035, 5.563, 4.397, 2.423, 1.679, 1.745, 1.806, 4.381, 5.959, 4.419, 3.401, 3.477, 4.15, 4.348, 3.558, 3.721, 4.309, 4.973, 6.027, 7.645, 8.587, 7.218, 5.734, 6.054, 8.12, 8.684, 6.186, 7.16, 9.407, 8.745, 8.608, 10.448, 10.104, 9.258, 9.705, 10.178, 9.929, 10.631, 9.518, 7.955, 7.982, 10.483, 13.22, 14.591, 13.648, 10.932, 6.8, 7.226, 8.435, 8.394, 7.971, 8.873, 9.106, 8.511, 8.659, 8.654, 9.03, 9.086, 7.742, 6.886, 7.071, 7.688, 8.06, 7.576, 7.603, 6.937, 6.041, 5.031, 3.76, 4.249, 4.052, 3.383, 3.203, 2.598, 3.076, 2.765, 2.481, 2.099, 3.067, 2.461, 2.34, 3.536, 4.916, 5.813, 6.532, 7.507, 7.576, 6.596, 7.18, 8.1, 7.054, 7.417, 8.334, 8.696, 8.381, 10.113, 11.766, 10.984, 10.369, 11.842, 11.528, 9.762, 7.611, 4.01, 2.388, 3.164, 1.557, 2.125, 2.22], [3.498, 4.297, 3.807, 4.133, 4.856, 4.25, 4.254, 3.34, 1.866, 2.185, 2.239, 2.266, 2.651, 2.204, 0.0, 3.094, 4.509, 4.449, 4.302, 6.357, 7.151, 5.817, 5.691, 5.33, 3.445, 4.103, 5.982, 6.547, 5.822, 4.404, 3.645, 3.435, 3.514, 2.896, 3.616, 4.075, 3.536, 4.4, 4.164, 3.159, 2.08, 3.32, 3.381, 3.429, 5.994, 7.865, 6.245, 5.13, 5.128, 5.634, 5.977, 5.425, 5.473, 5.953, 6.497, 7.398, 9.154, 10.09, 8.691, 7.29, 7.34, 9.632, 10.228, 7.828, 8.702, 10.621, 10.378, 10.073, 11.88, 11.473, 10.747, 11.015, 11.553, 11.476, 11.99, 10.865, 9.294, 9.299, 11.711, 14.462, 15.872, 14.986, 12.279, 7.808, 6.701, 8.224, 8.035, 6.613, 7.321, 7.358, 6.477, 6.574, 6.708, 7.109, 7.153, 5.877, 5.098, 5.266, 5.774, 6.269, 5.91, 6.039, 5.204, 4.05, 3.031, 2.07, 2.539, 2.387, 2.082, 2.615, 2.268, 2.311, 2.618, 3.618, 2.247, 2.557, 3.187, 2.812, 3.604, 5.256, 6.578, 7.636, 8.577, 8.647, 7.687, 8.372, 9.29, 8.085, 8.49, 9.455, 9.994, 9.674, 11.345, 13.045, 12.481, 11.823, 13.063, 12.81, 11.104, 8.931, 5.141, 3.665, 4.316, 2.34, 1.163, 1.766], [2.138, 2.351, 2.179, 2.324, 2.753, 2.017, 1.961, 2.084, 3.116, 3.828, 3.387, 3.43, 4.842, 4.749, 3.094, 0.0, 2.161, 2.357, 2.128, 4.025, 4.901, 3.667, 3.472, 3.098, 2.331, 3.717, 5.143, 6.172, 6.027, 4.119, 3.192, 3.633, 4.083, 3.779, 4.612, 4.68, 3.16, 2.869, 2.885, 2.332, 3.315, 5.866, 5.735, 5.776, 8.218, 10.075, 8.653, 7.362, 7.434, 8.357, 8.689, 7.924, 7.719, 8.177, 8.596, 9.605, 11.227, 12.37, 11.123, 9.55, 9.751, 11.864, 12.415, 9.963, 11.024, 13.029, 12.705, 12.422, 14.203, 13.842, 13.019, 13.422, 13.939, 13.666, 14.386, 13.249, 11.579, 11.691, 14.168, 16.925, 18.324, 17.395, 14.685, 10.255, 8.534, 10.382, 9.932, 6.606, 5.909, 6.036, 4.699, 4.311, 4.302, 4.642, 4.702, 3.471, 2.862, 2.883, 3.268, 4.068, 3.806, 3.457, 2.675, 2.141, 1.859, 1.729, 1.699, 1.81, 3.798, 4.635, 3.737, 3.633, 4.798, 5.964, 4.771, 4.818, 5.623, 5.355, 5.732, 7.572, 8.898, 10.062, 11.006, 11.029, 10.082, 10.732, 11.665, 10.393, 10.83, 11.933, 12.405, 12.025, 13.663, 15.39, 14.799, 14.098, 15.523, 15.265, 13.503, 11.35, 7.544, 5.862, 6.756, 4.968, 3.417, 3.631], [2.202, 2.481, 2.314, 2.213, 2.107, 1.742, 1.725, 2.476, 4.404, 5.041, 4.435, 4.756, 6.523, 6.015, 4.509, 2.161, 0.0, 1.354, 1.282, 2.344, 2.89, 1.764, 1.611, 1.554, 2.286, 4.243, 5.841, 7.15, 7.071, 5.326, 4.556, 5.129, 5.814, 5.613, 6.341, 6.466, 4.738, 3.929, 3.67, 2.888, 4.085, 7.403, 7.439, 7.492, 9.989, 11.88, 10.304, 9.152, 9.132, 9.793, 10.165, 9.443, 9.543, 9.991, 10.491, 11.532, 13.166, 14.22, 12.943, 11.344, 11.553, 13.689, 14.301, 11.819, 12.834, 14.884, 14.525, 14.198, 16.038, 15.679, 14.88, 15.283, 15.772, 15.529, 16.225, 15.087, 13.463, 13.549, 16.015, 18.763, 20.161, 19.225, 16.522, 12.092, 10.371, 12.228, 11.765, 7.877, 6.342, 6.44, 4.887, 4.297, 3.727, 3.958, 3.892, 2.504, 1.833, 2.168, 2.739, 3.193, 2.038, 2.268, 1.817, 3.001, 3.516, 3.227, 2.37, 3.124, 5.574, 6.421, 5.423, 5.211, 6.422, 7.779, 6.439, 6.67, 7.374, 7.08, 7.648, 9.485, 10.822, 11.924, 12.875, 12.944, 11.985, 12.659, 13.583, 12.313, 12.752, 13.782, 14.244, 13.889, 15.581, 17.268, 16.613, 15.933, 17.36, 17.102, 15.34, 13.21, 9.351, 7.694, 8.582, 6.605, 4.505, 4.444], [2.14, 2.254, 2.267, 2.267, 1.99, 1.548, 1.587, 2.297, 4.194, 4.804, 4.163, 4.331, 6.35, 5.896, 4.449, 2.357, 1.354, 0.0, 1.202, 2.411, 3.001, 1.93, 1.972, 2.149, 2.443, 4.364, 5.909, 7.207, 6.968, 5.252, 4.394, 5.091, 5.741, 5.621, 6.265, 6.36, 4.696, 4.028, 3.789, 2.924, 3.892, 7.204, 7.395, 7.417, 9.842, 11.718, 10.133, 8.99, 8.94, 9.539, 10.054, 9.268, 9.494, 9.811, 10.479, 11.473, 13.123, 14.131, 12.841, 11.342, 11.633, 13.445, 13.948, 11.621, 12.823, 14.795, 14.536, 14.032, 15.784, 15.424, 14.714, 15.057, 15.561, 15.319, 16.037, 14.9, 13.473, 13.368, 15.863, 18.595, 19.927, 18.982, 16.274, 11.9, 10.218, 12.102, 11.601, 7.812, 6.373, 6.509, 4.908, 4.25, 4.038, 4.382, 4.367, 2.819, 2.201, 2.544, 3.128, 3.47, 2.291, 2.88, 2.146, 2.959, 3.401, 3.247, 2.091, 2.994, 5.43, 6.314, 5.351, 5.029, 6.278, 7.77, 6.465, 6.671, 7.399, 7.113, 7.701, 9.406, 10.72, 11.8, 12.758, 12.838, 11.879, 12.562, 13.442, 12.19, 12.653, 13.638, 13.998, 13.784, 15.461, 17.13, 16.44, 15.654, 17.222, 16.914, 15.054, 12.98, 9.197, 7.569, 8.395, 6.527, 4.346, 4.154], [1.907, 2.075, 2.034, 2.132, 2.272, 2.091, 2.066, 2.722, 4.403, 5.111, 4.524, 4.845, 6.387, 5.965, 4.302, 2.128, 1.282, 1.202, 0.0, 2.236, 3.348, 2.105, 1.734, 1.802, 2.266, 4.186, 5.523, 6.885, 6.571, 4.848, 4.021, 4.81, 5.481, 5.365, 5.957, 6.027, 4.469, 3.696, 3.704, 2.934, 4.042, 7.326, 7.336, 7.333, 9.751, 11.747, 10.258, 9.01, 8.937, 9.568, 10.054, 9.396, 9.42, 9.788, 10.279, 11.21, 12.915, 13.911, 12.54, 11.183, 11.425, 13.307, 13.799, 11.543, 12.673, 14.425, 14.334, 13.824, 15.523, 15.042, 14.463, 14.644, 15.177, 15.155, 15.67, 14.581, 13.189, 13.037, 15.43, 18.139, 19.479, 18.568, 15.874, 11.457, 9.772, 11.64, 11.157, 7.368, 5.931, 6.122, 4.512, 3.607, 3.257, 3.633, 3.586, 2.185, 1.656, 1.969, 2.474, 3.007, 2.241, 2.357, 1.555, 2.431, 2.987, 3.145, 1.987, 2.681, 5.032, 5.932, 5.19, 4.961, 6.231, 7.466, 6.26, 6.327, 7.182, 6.904, 7.404, 9.012, 10.236, 11.361, 12.331, 12.365, 11.433, 12.113, 12.998, 11.893, 12.292, 13.177, 13.559, 13.455, 15.072, 16.79, 16.259, 15.456, 16.781, 16.47, 14.664, 12.635, 8.888, 7.395, 8.017, 6.198, 4.382, 4.54], [3.739, 3.239, 3.526, 3.493, 3.236, 3.418, 3.319, 4.229, 6.321, 7.051, 6.452, 6.598, 8.406, 7.988, 6.357, 4.025, 2.344, 2.411, 2.236, 0.0, 1.694, 1.517, 1.406, 1.931, 3.693, 5.706, 6.683, 8.131, 8.14, 6.527, 5.858, 6.598, 7.312, 7.257, 7.788, 7.819, 6.313, 5.419, 5.535, 4.84, 6.034, 9.347, 9.361, 9.333, 11.747, 13.733, 12.312, 11.009, 10.959, 11.586, 12.101, 11.363, 11.434, 11.797, 12.116, 13.003, 14.712, 15.74, 14.447, 13.1, 13.415, 15.158, 15.632, 13.498, 14.626, 16.294, 16.264, 15.788, 17.341, 16.854, 16.256, 16.471, 16.97, 16.891, 17.479, 16.364, 15.009, 14.881, 17.251, 19.992, 21.332, 20.399, 17.693, 13.306, 11.615, 13.486, 13.002, 9.2, 6.986, 7.203, 5.548, 3.572, 2.697, 3.021, 3.018, 2.317, 2.397, 2.637, 2.449, 2.738, 2.263, 2.043, 1.978, 4.166, 4.832, 5.16, 4.021, 4.718, 7.041, 7.909, 7.14, 7.004, 8.246, 9.401, 8.362, 8.308, 9.223, 8.946, 9.301, 10.821, 12.105, 13.207, 14.152, 14.211, 13.268, 13.924, 14.832, 13.668, 14.131, 15.015, 15.402, 15.225, 16.929, 18.607, 18.089, 17.234, 18.617, 18.319, 16.495, 14.426, 10.734, 9.328, 9.929, 8.26, 6.307, 6.241], [4.458, 3.896, 4.505, 3.944, 3.409, 3.779, 3.75, 4.763, 6.872, 7.366, 6.705, 6.921, 8.959, 8.607, 7.151, 4.901, 2.89, 3.001, 3.348, 1.694, 0.0, 1.575, 1.869, 2.209, 4.302, 6.416, 7.899, 9.342, 9.562, 7.892, 7.061, 7.875, 8.53, 8.419, 9.098, 9.197, 7.504, 6.713, 6.341, 5.559, 6.65, 9.861, 10.113, 10.128, 12.686, 14.389, 12.881, 11.665, 11.609, 12.361, 12.763, 11.978, 12.193, 12.498, 13.307, 14.321, 15.96, 16.901, 15.523, 14.064, 14.325, 16.268, 16.78, 14.345, 15.56, 17.612, 17.239, 16.803, 18.62, 18.277, 17.565, 17.92, 18.414, 18.125, 18.877, 17.763, 16.267, 16.226, 18.719, 21.45, 22.782, 21.828, 19.129, 14.754, 13.073, 14.956, 14.456, 10.594, 7.877, 8.26, 6.68, 4.341, 2.748, 2.904, 3.032, 2.972, 3.37, 3.52, 3.145, 2.454, 1.977, 1.984, 2.988, 5.527, 6.25, 5.999, 4.831, 5.858, 8.285, 9.155, 8.113, 7.741, 9.093, 10.525, 9.178, 9.368, 10.167, 9.81, 10.419, 12.243, 13.582, 14.654, 15.613, 15.693, 14.733, 15.417, 16.297, 15.038, 15.509, 16.491, 16.851, 16.632, 18.316, 19.989, 19.179, 18.494, 20.077, 19.768, 17.909, 15.835, 11.976, 10.383, 11.195, 9.257, 7.106, 6.871], [2.988, 2.447, 3.157, 2.898, 2.576, 2.74, 2.765, 3.587, 5.512, 6.17, 5.552, 5.695, 7.713, 7.244, 5.817, 3.667, 1.764, 1.93, 2.105, 1.517, 1.575, 0.0, 1.065, 1.595, 3.02, 5.223, 6.978, 8.379, 8.356, 6.697, 5.902, 6.623, 7.238, 7.108, 7.79, 7.904, 6.214, 5.382, 5.074, 4.15, 5.237, 8.569, 8.755, 8.69, 11.371, 13.045, 11.506, 10.38, 10.433, 10.983, 11.352, 10.573, 10.876, 11.257, 11.997, 12.99, 14.634, 15.617, 14.213, 12.674, 12.992, 14.999, 15.58, 13.157, 14.222, 16.316, 15.876, 15.515, 17.336, 16.981, 16.242, 16.617, 17.119, 16.859, 17.582, 16.46, 14.96, 14.922, 17.421, 20.152, 21.484, 20.532, 17.838, 13.458, 11.777, 13.66, 13.159, 9.263, 7.139, 7.395, 5.736, 4.009, 2.96, 3.107, 3.175, 2.126, 2.175, 2.417, 2.352, 2.241, 1.518, 1.811, 2.013, 4.19, 4.902, 4.628, 3.532, 4.553, 6.989, 7.845, 6.801, 6.368, 7.8, 9.191, 7.773, 8.091, 8.78, 8.391, 9.131, 10.94, 12.278, 13.357, 14.317, 14.396, 13.437, 14.12, 15.001, 13.741, 14.207, 15.196, 15.556, 15.344, 17.018, 18.695, 17.882, 17.218, 18.781, 18.472, 16.634, 14.553, 10.672, 9.081, 9.891, 7.934, 5.755, 5.575], [2.847, 2.486, 2.966, 2.784, 2.703, 2.907, 2.95, 3.669, 5.611, 6.256, 5.673, 5.896, 7.601, 7.217, 5.691, 3.472, 1.611, 1.972, 1.734, 1.406, 1.869, 1.065, 0.0, 1.134, 2.957, 5.034, 6.531, 7.951, 7.892, 6.233, 5.474, 6.334, 6.965, 6.84, 7.482, 7.523, 5.933, 5.186, 4.892, 4.085, 5.263, 8.569, 8.622, 8.553, 11.138, 12.939, 11.493, 10.241, 10.262, 10.831, 11.309, 10.584, 10.722, 11.089, 11.751, 12.726, 14.401, 15.391, 13.957, 12.507, 12.779, 14.755, 15.301, 12.948, 14.038, 15.938, 15.71, 15.232, 17.005, 16.565, 15.999, 16.193, 16.733, 16.626, 17.217, 16.103, 14.687, 14.597, 16.989, 19.72, 21.06, 20.12, 17.424, 13.036, 11.355, 13.238, 12.738, 8.911, 6.651, 6.94, 5.302, 3.905, 2.978, 3.077, 3.179, 2.067, 1.795, 2.09, 2.204, 2.159, 1.568, 1.406, 1.562, 3.863, 4.526, 4.441, 3.347, 4.197, 6.567, 7.454, 6.553, 6.232, 7.567, 8.838, 7.539, 7.749, 8.51, 8.181, 8.883, 10.548, 11.846, 12.936, 13.897, 13.975, 13.015, 13.7, 14.579, 13.408, 13.877, 14.775, 15.136, 14.971, 16.621, 18.336, 17.662, 16.915, 18.359, 18.05, 16.213, 14.176, 10.322, 8.849, 9.477, 7.594, 5.63, 5.541], [2.612, 2.567, 2.687, 2.275, 2.401, 2.877, 2.933, 3.671, 5.345, 5.982, 5.435, 5.7, 7.253, 6.948, 5.33, 3.098, 1.554, 2.149, 1.802, 1.931, 2.209, 1.595, 1.134, 0.0, 2.508, 4.664, 5.995, 7.455, 7.589, 5.969, 5.204, 5.973, 6.633, 6.435, 7.139, 7.218, 5.605, 4.797, 4.501, 3.884, 5.035, 8.216, 8.327, 8.275, 10.787, 12.623, 11.236, 9.888, 9.85, 10.633, 11.057, 10.311, 10.4, 10.694, 11.345, 12.365, 14.033, 14.967, 13.567, 12.175, 12.402, 14.325, 14.911, 12.476, 13.689, 15.631, 15.341, 14.84, 16.63, 16.257, 15.643, 15.893, 16.404, 16.214, 16.851, 15.789, 14.284, 14.264, 16.673, 19.405, 20.745, 19.798, 17.114, 12.722, 11.041, 12.924, 12.423, 8.597, 6.106, 6.373, 4.8, 3.829, 2.908, 2.981, 3.082, 2.243, 1.77, 2.012, 2.172, 2.66, 1.618, 1.225, 1.441, 3.52, 4.19, 4.112, 3.047, 3.957, 6.262, 7.15, 6.211, 5.953, 7.301, 8.554, 7.271, 7.392, 8.247, 7.915, 8.477, 10.23, 11.533, 12.621, 13.581, 13.657, 12.7, 13.371, 14.265, 13.094, 13.538, 14.458, 14.828, 14.642, 16.297, 18.026, 17.267, 16.539, 18.045, 17.736, 15.877, 13.87, 9.979, 8.465, 9.194, 7.29, 5.472, 5.569], [1.697, 2.027, 1.927, 1.322, 1.965, 2.094, 2.281, 2.058, 3.406, 4.145, 3.719, 3.902, 5.474, 5.127, 3.445, 2.331, 2.286, 2.443, 2.266, 3.693, 4.302, 3.02, 2.957, 2.508, 0.0, 2.37, 4.24, 5.605, 5.712, 4.087, 3.4, 4.155, 4.803, 4.633, 5.267, 5.462, 3.774, 3.225, 3.005, 2.253, 3.545, 6.313, 6.376, 6.305, 8.981, 10.664, 9.083, 8.005, 8.118, 8.742, 9.028, 8.434, 8.418, 8.898, 9.575, 10.518, 12.238, 13.171, 11.663, 10.3, 10.448, 12.61, 13.236, 10.796, 11.783, 13.779, 13.363, 13.039, 14.856, 14.477, 13.77, 14.085, 14.592, 14.453, 15.041, 14.003, 12.438, 12.407, 14.793, 17.518, 18.857, 18.027, 15.296, 10.871, 9.156, 11.024, 10.55, 6.678, 5.013, 5.203, 4.03, 3.893, 3.945, 4.26, 4.276, 3.276, 2.793, 2.788, 3.166, 3.586, 3.072, 2.949, 2.384, 2.669, 2.846, 2.196, 2.171, 2.535, 4.372, 5.362, 4.518, 3.991, 5.402, 6.711, 5.199, 5.498, 6.227, 5.757, 6.53, 8.332, 9.62, 10.759, 11.727, 11.769, 10.811, 11.508, 12.37, 11.244, 11.624, 12.576, 13.008, 12.861, 14.493, 16.197, 15.459, 14.823, 16.182, 15.875, 14.09, 12.031, 8.181, 6.692, 7.304, 5.498, 3.766, 3.995], [2.943, 3.405, 2.942, 3.008, 3.815, 3.673, 3.873, 3.246, 3.079, 4.123, 4.035, 3.486, 4.396, 5.209, 4.103, 3.717, 4.243, 4.364, 4.186, 5.706, 6.416, 5.223, 5.034, 4.664, 2.37, 0.0, 2.994, 3.838, 3.969, 2.909, 2.593, 2.854, 3.356, 3.295, 3.883, 4.098, 2.716, 2.758, 2.264, 2.303, 3.994, 5.564, 5.505, 5.529, 7.621, 9.117, 7.685, 6.589, 6.973, 7.561, 7.778, 7.241, 6.932, 7.479, 8.156, 9.018, 10.774, 11.657, 10.149, 8.837, 8.928, 11.166, 11.789, 9.36, 10.274, 12.241, 11.821, 11.608, 13.418, 12.993, 12.289, 12.538, 13.09, 13.032, 13.527, 12.467, 10.923, 10.866, 13.166, 15.836, 17.19, 16.513, 13.815, 9.278, 7.485, 9.297, 8.928, 5.257, 4.487, 4.796, 4.204, 5.21, 5.469, 5.71, 5.934, 5.036, 4.725, 4.618, 4.779, 5.224, 5.091, 4.874, 4.219, 3.655, 3.519, 2.949, 3.687, 4.047, 3.776, 4.014, 3.711, 3.252, 4.304, 5.361, 4.535, 4.281, 4.798, 4.298, 4.927, 6.723, 7.973, 9.16, 10.114, 10.118, 9.158, 9.893, 10.693, 9.702, 10.072, 10.926, 11.515, 11.318, 12.935, 14.672, 14.015, 13.385, 14.537, 14.27, 12.589, 10.456, 6.669, 5.267, 5.926, 4.563, 3.958, 4.438], [4.766, 5.313, 4.292, 4.638, 5.42, 5.497, 5.691, 5.417, 5.436, 6.589, 6.381, 5.759, 6.282, 7.472, 5.982, 5.143, 5.841, 5.909, 5.523, 6.683, 7.899, 6.978, 6.531, 5.995, 4.24, 2.994, 0.0, 2.023, 2.435, 2.027, 2.739, 3.059, 3.388, 3.797, 3.443, 3.01, 2.815, 2.532, 3.008, 3.877, 6.2, 7.504, 7.39, 7.353, 8.561, 9.975, 9.143, 7.763, 8.455, 8.937, 9.602, 9.149, 8.124, 8.444, 8.64, 8.958, 9.936, 11.232, 10.117, 8.948, 9.269, 10.875, 11.012, 9.733, 10.29, 11.97, 11.874, 11.481, 12.442, 11.754, 11.106, 11.08, 11.582, 12.01, 12.416, 11.441, 10.132, 10.088, 11.788, 14.308, 15.595, 14.974, 12.213, 7.552, 5.848, 7.692, 7.313, 3.517, 2.094, 2.439, 2.533, 4.645, 5.994, 6.035, 5.932, 5.754, 5.654, 5.401, 5.338, 6.425, 6.389, 6.202, 5.263, 3.878, 4.119, 4.616, 5.265, 5.085, 4.571, 4.982, 5.351, 4.961, 5.761, 6.201, 6.584, 5.39, 5.843, 5.951, 5.258, 5.766, 6.883, 7.643, 8.485, 8.448, 7.927, 8.422, 9.172, 8.39, 8.853, 9.356, 10.019, 10.07, 11.508, 13.304, 13.346, 12.218, 12.989, 12.629, 10.935, 9.17, 6.516, 6.231, 6.226, 6.491, 5.868, 6.269], [6.148, 6.787, 5.725, 6.174, 6.867, 6.775, 6.95, 6.294, 5.886, 6.864, 6.813, 6.044, 6.232, 7.724, 6.547, 6.172, 7.15, 7.207, 6.885, 8.131, 9.342, 8.379, 7.951, 7.455, 5.605, 3.838, 2.023, 0.0, 1.819, 2.608, 3.605, 3.295, 3.442, 4.076, 3.409, 2.804, 3.408, 3.718, 4.076, 5.061, 6.483, 7.566, 7.348, 7.24, 8.356, 9.256, 8.644, 7.406, 8.204, 8.588, 9.321, 8.973, 8.009, 8.171, 8.082, 8.288, 8.719, 10.238, 9.334, 8.175, 8.409, 9.91, 9.879, 9.179, 9.655, 11.094, 11.101, 10.558, 11.153, 10.445, 9.811, 9.352, 9.874, 10.635, 11.051, 10.288, 9.157, 9.228, 10.209, 12.531, 13.876, 13.228, 10.49, 5.916, 4.143, 5.933, 5.524, 2.091, 2.425, 2.657, 3.688, 5.979, 7.413, 7.461, 7.37, 7.032, 6.883, 6.645, 6.628, 7.882, 7.841, 7.742, 6.736, 5.191, 5.187, 5.523, 6.408, 6.061, 5.076, 4.962, 5.619, 5.536, 5.685, 6.193, 6.784, 5.698, 5.993, 6.009, 4.916, 4.596, 5.645, 6.014, 6.628, 6.799, 6.89, 6.977, 7.241, 6.564, 6.968, 7.545, 8.284, 8.465, 9.668, 11.52, 11.802, 10.589, 11.14, 10.864, 9.235, 7.645, 6.158, 6.006, 6.092, 6.566, 6.46, 7.017], [5.918, 6.662, 5.635, 6.384, 7.398, 6.896, 6.978, 6.247, 5.067, 6.127, 6.051, 5.292, 5.366, 6.902, 5.822, 6.027, 7.071, 6.968, 6.571, 8.14, 9.562, 8.356, 7.892, 7.589, 5.712, 3.969, 2.435, 1.819, 0.0, 2.142, 3.309, 2.747, 2.774, 3.439, 2.712, 2.211, 3.133, 3.697, 4.1, 4.822, 5.766, 6.68, 6.446, 6.225, 7.305, 8.549, 7.73, 6.363, 7.152, 7.573, 8.304, 7.91, 7.014, 7.157, 7.278, 7.573, 8.544, 9.794, 8.702, 7.586, 7.869, 9.509, 9.551, 8.297, 8.831, 10.56, 10.456, 10.122, 10.936, 10.223, 9.561, 9.32, 9.873, 10.48, 10.909, 9.995, 8.658, 8.608, 10.078, 12.216, 13.442, 13.156, 10.386, 5.664, 3.799, 5.493, 5.403, 2.635, 3.03, 3.406, 3.609, 5.897, 7.551, 7.656, 7.445, 6.906, 6.809, 6.568, 6.838, 7.741, 8.016, 8.045, 6.814, 4.875, 4.9, 5.209, 6.038, 5.725, 4.378, 4.166, 4.784, 4.999, 4.826, 5.479, 6.013, 4.958, 5.159, 5.225, 4.073, 4.239, 5.304, 5.997, 6.56, 6.413, 6.248, 6.672, 7.151, 6.741, 7.078, 7.507, 8.268, 8.487, 9.837, 11.646, 11.805, 10.587, 11.12, 10.755, 9.121, 7.473, 5.126, 5.154, 5.145, 5.704, 5.715, 6.393], [4.211, 4.971, 3.937, 4.744, 5.704, 5.157, 5.191, 4.357, 3.963, 5.14, 4.921, 4.316, 5.103, 6.008, 4.404, 4.119, 5.326, 5.252, 4.848, 6.527, 7.892, 6.697, 6.233, 5.969, 4.087, 2.909, 2.027, 2.608, 2.142, 0.0, 1.375, 1.862, 2.397, 2.606, 2.458, 2.224, 1.687, 2.164, 2.729, 3.132, 4.7, 6.168, 6.073, 6.147, 7.432, 9.216, 8.147, 6.769, 7.385, 7.931, 8.551, 8.008, 7.057, 7.419, 7.684, 8.097, 9.26, 10.498, 9.375, 8.247, 8.53, 10.229, 10.281, 8.849, 9.463, 11.218, 11.104, 10.827, 11.721, 11.052, 10.442, 10.416, 10.992, 11.32, 11.706, 10.727, 9.376, 9.322, 11.036, 13.609, 15.011, 14.374, 11.679, 7.105, 5.297, 7.118, 6.715, 3.378, 3.098, 3.254, 2.835, 4.748, 5.93, 6.087, 6.017, 5.393, 5.203, 5.003, 5.238, 6.188, 6.304, 6.332, 5.114, 3.143, 2.942, 3.254, 4.128, 3.739, 2.959, 3.686, 3.906, 3.614, 4.54, 4.974, 4.924, 3.972, 4.531, 4.625, 4.185, 5.027, 6.251, 6.983, 7.911, 7.917, 7.212, 7.802, 8.499, 7.697, 8.113, 8.778, 9.442, 9.408, 10.846, 12.666, 12.57, 11.522, 12.367, 12.096, 10.433, 8.372, 5.691, 5.194, 5.052, 4.967, 4.312, 4.74], [3.352, 4.085, 3.245, 4.062, 5.011, 4.334, 4.4, 3.608, 3.22, 4.207, 3.963, 3.455, 4.433, 5.155, 3.645, 3.192, 4.556, 4.394, 4.021, 5.858, 7.061, 5.902, 5.474, 5.204, 3.4, 2.593, 2.739, 3.605, 3.309, 1.375, 0.0, 1.518, 2.131, 2.154, 2.348, 2.523, 1.479, 1.975, 2.345, 2.61, 3.889, 5.44, 5.343, 5.436, 6.874, 8.756, 7.625, 6.258, 6.783, 7.385, 8.016, 7.404, 6.624, 6.872, 7.325, 7.905, 9.287, 10.351, 8.977, 7.893, 8.254, 9.879, 10.161, 8.386, 9.211, 11.025, 10.818, 10.459, 11.849, 11.354, 10.796, 10.984, 11.539, 11.55, 12.032, 10.939, 9.535, 9.426, 11.733, 14.464, 15.795, 14.906, 12.193, 7.78, 6.105, 7.991, 7.484, 4.105, 3.846, 4.204, 3.56, 4.855, 5.531, 5.85, 5.917, 5.063, 4.703, 4.612, 4.938, 5.677, 5.596, 5.522, 4.44, 2.606, 2.27, 2.314, 3.182, 2.933, 2.639, 3.243, 3.107, 3.087, 3.87, 4.396, 4.406, 3.743, 4.25, 4.281, 4.017, 5.339, 6.659, 7.694, 8.654, 8.732, 7.797, 8.476, 9.336, 8.194, 8.669, 9.537, 9.93, 9.829, 11.359, 13.107, 12.594, 11.787, 13.111, 12.795, 10.955, 8.945, 5.33, 4.669, 4.591, 4.295, 3.523, 3.929], [4.161, 4.726, 3.795, 4.814, 5.629, 4.991, 5.027, 4.042, 2.706, 3.829, 3.714, 3.011, 3.391, 4.631, 3.435, 3.633, 5.129, 5.091, 4.81, 6.598, 7.875, 6.623, 6.334, 5.973, 4.155, 2.854, 3.059, 3.295, 2.747, 1.862, 1.518, 0.0, 1.136, 1.216, 1.454, 1.828, 1.323, 2.07, 2.412, 2.818, 3.405, 4.58, 4.431, 4.439, 5.827, 7.823, 6.639, 5.292, 5.759, 6.456, 6.936, 6.335, 5.591, 5.875, 6.127, 6.703, 8.258, 9.401, 8.273, 6.938, 7.218, 9.088, 9.446, 7.483, 8.273, 10.113, 9.971, 9.699, 11.081, 10.651, 9.885, 10.208, 10.743, 10.624, 11.188, 10.018, 8.515, 8.502, 10.934, 13.682, 15.087, 14.165, 11.491, 7.033, 5.295, 7.149, 6.692, 3.617, 4.448, 4.775, 4.408, 5.579, 6.385, 6.718, 6.677, 5.823, 5.48, 5.374, 5.672, 6.685, 6.625, 6.333, 5.167, 3.207, 2.856, 2.726, 3.912, 3.569, 2.572, 2.371, 2.503, 2.631, 2.914, 3.497, 4.008, 3.082, 3.316, 3.288, 2.974, 4.481, 5.832, 6.868, 7.81, 7.879, 6.927, 7.597, 8.518, 7.293, 7.686, 8.698, 9.204, 8.835, 10.541, 12.234, 11.818, 10.98, 12.284, 12.04, 10.323, 8.132, 4.551, 3.615, 3.795, 3.735, 3.258, 3.92], [4.594, 5.234, 4.226, 5.442, 6.299, 5.676, 5.69, 4.735, 2.963, 3.9, 3.843, 3.044, 3.18, 4.551, 3.514, 4.083, 5.814, 5.741, 5.481, 7.312, 8.53, 7.238, 6.965, 6.633, 4.803, 3.356, 3.388, 3.442, 2.774, 2.397, 2.131, 1.136, 0.0, 1.106, 0.936, 1.543, 1.436, 2.59, 2.593, 3.434, 3.467, 4.352, 4.252, 4.235, 5.478, 7.064, 6.018, 4.634, 5.311, 5.882, 6.512, 5.987, 4.976, 5.352, 5.665, 6.142, 7.673, 8.737, 7.577, 6.232, 6.493, 8.441, 8.768, 6.842, 7.546, 9.367, 9.299, 9.04, 10.497, 10.059, 9.337, 9.635, 10.206, 10.09, 10.664, 9.421, 7.915, 7.902, 10.335, 13.087, 14.511, 13.575, 10.905, 6.453, 4.718, 6.512, 6.07, 3.69, 4.705, 5.014, 4.819, 6.289, 6.993, 7.437, 7.397, 6.422, 5.966, 5.926, 6.275, 7.307, 7.305, 7.019, 5.857, 3.761, 3.175, 2.979, 4.191, 3.786, 2.557, 2.213, 2.456, 2.564, 2.724, 3.186, 3.856, 2.804, 2.865, 2.992, 2.362, 3.792, 5.129, 6.255, 7.149, 7.231, 6.276, 6.95, 7.9, 6.596, 7.06, 8.087, 8.668, 8.249, 9.875, 11.625, 11.162, 10.393, 11.704, 11.461, 9.736, 7.52, 3.846, 3.13, 3.544, 3.538, 3.309, 3.862], [4.413, 5.013, 4.136, 5.249, 6.134, 5.478, 5.498, 4.529, 2.645, 3.526, 3.46, 2.769, 2.809, 3.985, 2.896, 3.779, 5.613, 5.621, 5.365, 7.257, 8.419, 7.108, 6.84, 6.435, 4.633, 3.295, 3.797, 4.076, 3.439, 2.606, 2.154, 1.216, 1.106, 0.0, 1.14, 1.777, 1.725, 2.724, 2.741, 3.247, 3.028, 3.912, 3.791, 3.792, 5.21, 7.074, 5.893, 4.561, 4.988, 5.769, 6.175, 5.636, 4.879, 5.166, 5.456, 6.181, 7.777, 8.773, 7.618, 6.25, 6.446, 8.403, 8.943, 6.772, 7.51, 9.535, 9.278, 8.979, 10.62, 10.249, 9.488, 9.828, 10.412, 10.228, 10.839, 9.622, 7.946, 8.088, 10.528, 13.279, 14.703, 13.756, 11.086, 6.633, 4.896, 6.692, 6.256, 4.242, 5.182, 5.439, 5.074, 6.274, 6.95, 7.497, 7.405, 6.333, 5.77, 5.759, 6.163, 7.211, 7.211, 6.879, 5.781, 3.679, 2.922, 2.622, 3.891, 3.345, 1.939, 1.761, 1.816, 1.918, 2.367, 2.829, 3.212, 2.196, 2.517, 2.487, 2.246, 3.976, 5.304, 6.419, 7.313, 7.403, 6.448, 7.132, 8.063, 6.751, 7.226, 8.279, 8.86, 8.428, 10.051, 11.792, 11.29, 10.539, 11.884, 11.641, 9.917, 7.723, 3.969, 2.935, 3.372, 3.084, 2.576, 3.271], [5.049, 5.765, 4.787, 5.901, 6.878, 6.221, 6.235, 5.296, 3.217, 4.049, 4.09, 3.283, 3.267, 4.535, 3.616, 4.612, 6.341, 6.265, 5.957, 7.788, 9.098, 7.79, 7.482, 7.139, 5.267, 3.883, 3.443, 3.409, 2.712, 2.458, 2.348, 1.454, 0.936, 1.14, 0.0, 1.348, 1.949, 2.948, 3.167, 3.972, 3.557, 4.393, 4.273, 4.25, 5.425, 6.972, 5.928, 4.596, 5.287, 5.773, 6.434, 6.011, 5.088, 5.237, 5.417, 5.87, 7.149, 8.295, 7.179, 5.953, 6.197, 7.978, 8.313, 6.627, 7.205, 9.084, 8.864, 8.581, 9.922, 9.513, 8.759, 9.092, 9.655, 9.599, 10.105, 8.916, 7.358, 7.345, 9.756, 12.508, 13.932, 13.033, 10.328, 5.863, 4.163, 5.932, 5.484, 3.603, 4.666, 4.994, 4.865, 6.595, 7.457, 7.871, 7.79, 6.872, 6.319, 6.307, 6.647, 7.757, 7.782, 7.58, 6.373, 3.977, 3.403, 3.356, 4.637, 3.99, 2.607, 2.263, 2.45, 2.751, 2.851, 3.151, 3.818, 2.778, 2.796, 2.966, 2.18, 3.238, 4.599, 5.662, 6.559, 6.65, 5.698, 6.379, 7.307, 6.002, 6.486, 7.508, 8.119, 7.735, 9.318, 11.052, 10.682, 9.841, 11.115, 10.871, 9.167, 6.955, 3.591, 3.041, 3.353, 3.459, 3.408, 4.2], [5.229, 5.959, 5.036, 6.1, 7.007, 6.311, 6.35, 5.44, 3.951, 4.624, 4.582, 3.959, 3.848, 5.219, 4.075, 4.68, 6.466, 6.36, 6.027, 7.819, 9.197, 7.904, 7.523, 7.218, 5.462, 4.098, 3.01, 2.804, 2.211, 2.224, 2.523, 1.828, 1.543, 1.777, 1.348, 0.0, 2.025, 2.95, 3.354, 4.203, 4.285, 5.079, 4.958, 4.839, 5.97, 7.255, 6.36, 5.067, 5.829, 6.272, 7.008, 6.577, 5.662, 5.779, 5.808, 6.204, 7.218, 8.653, 7.479, 6.237, 6.595, 8.285, 8.352, 6.937, 7.558, 9.343, 9.212, 8.916, 9.956, 9.389, 8.771, 8.9, 9.426, 9.554, 10.02, 8.947, 7.516, 7.548, 9.673, 12.376, 13.769, 12.829, 10.125, 5.698, 4.012, 5.854, 5.503, 2.919, 4.019, 4.525, 4.566, 6.471, 7.594, 7.927, 7.813, 7.022, 6.441, 6.385, 6.598, 7.883, 7.855, 7.688, 6.501, 4.122, 3.545, 3.639, 4.679, 3.999, 2.868, 2.688, 3.012, 3.146, 3.3, 3.747, 4.471, 3.358, 3.563, 3.63, 2.774, 3.347, 4.686, 5.517, 6.468, 6.535, 5.68, 6.287, 7.147, 6.018, 6.538, 7.419, 7.88, 7.688, 9.214, 10.941, 10.786, 9.785, 10.969, 10.709, 8.94, 6.873, 3.935, 3.639, 3.908, 4.266, 3.874, 4.487], [3.702, 4.297, 3.38, 4.426, 5.155, 4.517, 4.581, 3.715, 3.012, 4.15, 3.979, 3.31, 4.003, 4.951, 3.536, 3.16, 4.738, 4.696, 4.469, 6.313, 7.504, 6.214, 5.933, 5.605, 3.774, 2.716, 2.815, 3.408, 3.133, 1.687, 1.479, 1.323, 1.436, 1.725, 1.949, 2.025, 0.0, 1.744, 1.734, 2.459, 3.693, 5.09, 4.974, 5.071, 6.372, 7.977, 6.994, 5.607, 6.291, 6.868, 7.435, 6.913, 5.866, 6.353, 6.648, 7.139, 8.615, 9.784, 8.531, 7.157, 7.37, 9.34, 9.818, 7.86, 8.595, 10.361, 10.217, 9.92, 11.506, 11.114, 10.328, 10.683, 11.219, 11.092, 11.659, 10.5, 8.928, 8.965, 11.433, 14.18, 15.578, 14.649, 11.961, 7.512, 5.792, 7.645, 7.19, 3.854, 4.134, 4.376, 4.01, 5.523, 6.101, 6.522, 6.533, 5.422, 5.013, 4.959, 5.329, 6.334, 6.256, 5.983, 4.858, 3.048, 2.595, 2.287, 3.48, 3.266, 2.684, 2.871, 2.842, 2.684, 3.489, 4.01, 4.154, 3.133, 3.556, 3.679, 3.288, 4.83, 6.148, 7.325, 8.263, 8.268, 7.315, 7.984, 8.894, 7.643, 8.113, 9.202, 9.68, 9.31, 10.91, 12.649, 12.174, 11.425, 12.777, 12.522, 10.792, 8.615, 4.862, 4.083, 4.572, 4.133, 3.312, 3.76], [2.94, 3.445, 2.521, 3.487, 4.213, 3.742, 3.786, 3.755, 3.994, 5.168, 4.916, 4.362, 4.97, 6.035, 4.4, 2.869, 3.929, 4.028, 3.696, 5.419, 6.713, 5.382, 5.186, 4.797, 3.225, 2.758, 2.532, 3.718, 3.697, 2.164, 1.975, 2.07, 2.59, 2.724, 2.948, 2.95, 1.744, 0.0, 1.473, 2.124, 4.681, 6.166, 6.047, 6.051, 7.338, 9.279, 8.07, 6.713, 7.263, 7.925, 8.452, 7.865, 7.082, 7.348, 7.508, 8.091, 9.744, 11.047, 9.864, 8.443, 8.659, 10.599, 11.01, 8.983, 9.932, 11.577, 11.521, 11.206, 12.632, 12.191, 11.316, 11.734, 12.212, 12.168, 12.695, 11.607, 10.068, 10.047, 12.462, 15.171, 16.57, 15.703, 12.965, 8.509, 6.78, 8.637, 8.188, 4.263, 3.382, 3.472, 3.116, 4.388, 5.226, 5.451, 5.4, 4.623, 4.163, 4.052, 4.347, 5.505, 5.343, 5.074, 3.924, 2.116, 2.265, 2.746, 3.273, 3.262, 3.501, 3.948, 3.957, 3.548, 4.538, 5.112, 5.139, 4.139, 4.667, 4.756, 4.432, 5.847, 7.172, 8.325, 9.272, 9.256, 8.328, 8.933, 9.849, 8.61, 9.127, 10.192, 10.697, 10.406, 11.947, 13.68, 13.388, 12.512, 13.768, 13.519, 11.799, 9.621, 6.158, 5.093, 5.457, 5.232, 4.333, 4.733], [2.637, 3.028, 2.276, 3.209, 3.884, 3.439, 3.657, 3.46, 3.547, 4.681, 4.54, 3.842, 4.464, 5.563, 4.164, 2.885, 3.67, 3.789, 3.704, 5.535, 6.341, 5.074, 4.892, 4.501, 3.005, 2.264, 3.008, 4.076, 4.1, 2.729, 2.345, 2.412, 2.593, 2.741, 3.167, 3.354, 1.734, 1.473, 0.0, 1.