[[0.0, 1.506, 1.953, 3.941, 5.385, 7.383, 6.415, 6.818, 8.469, 9.149, 9.55, 9.43, 9.889, 9.591, 10.976, 12.209, 10.743, 8.905, 9.214, 10.279, 6.663, 4.675, 4.152, 3.348, 6.879, 10.438, 8.886, 8.992, 9.488, 11.097, 12.055, 10.381, 8.759, 4.172, 6.113, 9.153, 6.526, 7.324, 9.719, 12.013, 13.578, 12.006, 10.758, 12.296, 11.102, 10.199, 10.285, 11.177, 10.954, 9.808, 9.836, 11.403, 12.489, 11.084, 11.731, 14.481, 12.104, 11.001, 10.898, 8.679, 11.236, 11.163, 10.295, 11.828, 11.916, 12.485, 11.365, 12.292, 14.658, 15.068, 14.795, 16.711, 16.315, 17.094, 16.542, 13.266, 12.051, 12.326, 11.677, 8.561, 5.963, 8.182, 9.719, 10.399, 12.632, 12.12, 10.786, 10.112, 10.781, 12.182, 11.999, 10.692, 10.619, 5.419, 5.12, 7.511, 6.552, 7.531, 7.954], [1.506, 0.0, 1.363, 3.271, 4.927, 6.691, 5.67, 6.065, 7.735, 8.396, 8.808, 8.69, 9.163, 8.851, 10.321, 11.465, 10.001, 8.225, 8.568, 9.536, 6.697, 5.035, 4.494, 3.422, 6.173, 9.651, 8.169, 8.245, 8.774, 10.311, 11.283, 9.667, 8.048, 3.531, 6.173, 8.587, 6.515, 6.875, 8.978, 11.266, 12.828, 11.284, 10.015, 11.556, 10.354, 9.431, 9.489, 10.423, 10.19, 9.055, 9.01, 10.681, 11.735, 10.336, 10.946, 13.777, 11.362, 10.259, 10.155, 7.943, 10.5, 10.432, 9.57, 11.063, 11.163, 11.715, 10.71, 11.603, 13.926, 14.374, 14.061, 15.978, 15.584, 16.352, 15.778, 12.529, 11.309, 11.584, 10.932, 8.477, 5.971, 7.82, 9.179, 9.756, 11.931, 11.389, 10.258, 9.799, 10.384, 11.551, 11.292, 9.985, 9.917, 5.649, 5.198, 7.062, 6.335, 6.984, 7.215], [1.953, 1.363, 0.0, 2.297, 4.055, 5.796, 4.849, 5.28, 6.876, 7.534, 7.946, 7.828, 8.297, 8.012, 9.404, 10.614, 9.144, 7.328, 7.642, 8.673, 5.845, 4.813, 4.005, 2.983, 5.377, 8.915, 7.36, 7.432, 7.913, 9.535, 10.455, 8.807, 7.207, 2.745, 5.427, 7.683, 5.889, 5.999, 8.205, 10.411, 11.998, 10.454, 9.199, 10.728, 9.526, 8.681, 8.731, 9.708, 9.488, 8.229, 8.264, 9.863, 10.914, 9.454, 10.102, 12.887, 10.501, 9.455, 9.293, 7.076, 9.632, 9.563, 8.67, 10.162, 10.294, 10.852, 9.795, 10.689, 13.036, 13.444, 13.202, 15.113, 14.714, 15.48, 14.923, 11.675, 10.447, 10.722, 10.112, 7.613, 5.163, 6.958, 8.32, 8.885, 11.095, 10.588, 9.421, 8.973, 9.589, 10.718, 10.476, 9.175, 9.084, 5.12, 4.657, 6.198, 5.463, 6.138, 6.417], [3.941, 3.271, 2.297, 0.0, 2.041, 3.679, 2.729, 3.191, 4.691, 5.359, 5.802, 5.715, 6.206, 5.852, 7.238, 8.439, 6.964, 5.314, 5.552, 6.536, 5.325, 4.993, 4.038, 3.133, 3.562, 6.811, 5.305, 5.448, 5.836, 7.426, 8.371, 6.948, 5.309, 2.052, 4.886, 6.272, 5.679, 5.012, 6.163, 8.242, 9.834, 8.325, 7.072, 8.561, 7.413, 6.585, 6.682, 7.588, 7.335, 6.242, 6.28, 7.704, 8.745, 7.266, 7.938, 10.731, 8.327, 7.263, 7.118, 4.99, 7.457, 7.39, 6.506, 7.966, 8.126, 8.676, 7.626, 8.51, 10.854, 11.272, 11.027, 12.94, 12.542, 13.3, 12.748, 9.493, 8.342, 8.565, 7.924, 6.696, 4.515, 5.84, 6.869, 7.277, 9.3, 8.798, 8.03, 7.691, 8.363, 9.297, 8.544, 7.374, 7.296, 5.142, 4.582, 5.106, 4.596, 4.785, 4.642], [5.385, 4.927, 4.055, 2.041, 0.0, 2.239, 1.636, 1.996, 3.255, 3.83, 4.264, 4.181, 4.689, 4.353, 5.715, 6.88, 5.437, 3.982, 4.236, 5.16, 5.169, 5.53, 4.562, 3.738, 2.642, 5.347, 3.919, 4.095, 4.55, 6.069, 6.972, 5.643, 3.935, 2.701, 4.689, 5.723, 5.555, 4.632, 4.791, 6.736, 8.297, 6.838, 5.561, 7.05, 5.93, 5.015, 5.155, 6.028, 5.779, 4.82, 4.891, 6.203, 7.2, 5.835, 6.521, 9.256, 6.78, 5.711, 5.593, 3.866, 5.935, 5.898, 4.973, 6.552, 6.594, 7.182, 6.091, 6.979, 9.339, 9.743, 9.465, 11.381, 10.993, 11.774, 11.201, 7.945, 6.861, 7.008, 6.418, 6.252, 4.169, 5.086, 5.692, 6.322, 8.06, 7.586, 6.982, 6.996, 7.682, 8.19, 7.208, 6.32, 6.471, 5.257, 4.722, 4.748, 4.149, 4.27, 3.877], [7.383, 6.691, 5.796, 3.679, 2.239, 0.0, 1.466, 1.394, 1.838, 2.004, 2.411, 2.618, 2.847, 2.67, 3.845, 4.905, 3.508, 2.479, 2.899, 3.636, 4.57, 6.346, 5.625, 5.121, 1.574, 3.565, 2.351, 2.534, 3.158, 4.443, 5.377, 4.068, 2.501, 3.598, 4.495, 4.213, 4.695, 3.473, 3.286, 4.767, 6.319, 5.074, 3.866, 5.136, 4.529, 3.298, 3.557, 4.31, 4.053, 3.382, 3.721, 4.599, 5.455, 4.392, 5.027, 7.723, 5.038, 3.786, 3.833, 3.654, 4.37, 5.0, 4.049, 4.889, 4.832, 5.454, 4.384, 5.14, 7.453, 7.763, 7.517, 9.372, 8.998, 9.912, 9.408, 6.005, 4.843, 5.009, 4.59, 4.682, 3.838, 3.392, 3.954, 4.643, 6.364, 5.829, 5.251, 5.34, 5.984, 6.433, 5.482, 4.798, 4.82, 5.186, 4.857, 3.461, 2.802, 2.812, 2.257], [6.415, 5.67, 4.849, 2.729, 1.636, 1.466, 0.0, 0.929, 2.371, 2.851, 3.329, 3.197, 3.751, 3.365, 4.727, 5.9, 4.67, 3.214, 3.609, 4.374, 4.34, 5.333, 4.573, 4.074, 1.809, 4.342, 2.912, 3.094, 3.586, 4.987, 5.888, 4.564, 3.0, 2.89, 4.15, 4.794, 4.815, 3.838, 3.857, 5.72, 7.277, 5.839, 4.531, 6.02, 4.917, 4.012, 4.121, 4.981, 4.724, 3.769, 3.813, 5.121, 6.176, 4.81, 5.444, 8.203, 5.8, 4.722, 4.765, 3.915, 5.119, 5.299, 4.284, 5.56, 5.612, 6.189, 5.121, 6.019, 8.349, 8.765, 8.485, 10.406, 10.015, 10.79, 10.215, 6.965, 5.824, 6.029, 5.477, 5.275, 3.706, 3.92, 4.583, 5.244, 6.955, 6.405, 5.833, 5.947, 6.543, 7.0, 6.22, 5.177, 5.454, 4.977, 4.526, 3.878, 3.192, 3.275, 2.93], [6.818, 6.065, 5.28, 3.191, 1.996, 1.394, 0.929, 0.0, 1.914, 2.383, 2.88, 2.837, 3.315, 2.914, 4.355, 5.452, 4.202, 3.004, 3.314, 4.113, 4.116, 5.524, 4.882, 4.515, 1.508, 3.813, 2.42, 2.656, 3.083, 4.524, 5.369, 3.95, 2.537, 2.981, 3.992, 4.405, 4.433, 3.456, 3.27, 5.26, 6.834, 5.348, 4.05, 5.554, 4.574, 3.589, 3.727, 4.572, 4.359, 3.474, 3.753, 4.743, 5.818, 4.704, 5.218, 8.016, 5.402, 4.259, 4.413, 3.878, 4.942, 5.076, 4.187, 5.203, 5.144, 5.773, 4.776, 5.587, 7.919, 8.374, 8.044, 9.924, 9.54, 10.331, 9.776, 6.49, 5.311, 5.573, 4.997, 4.888, 3.529, 3.374, 3.956, 4.684, 6.296, 5.808, 5.248, 5.473, 5.983, 6.368, 5.679, 4.687, 4.958, 4.858, 4.384, 3.504, 2.877, 2.907, 2.447], [8.469, 7.735, 6.876, 4.691, 3.255, 1.838, 2.371, 1.914, 0.0, 1.437, 2.338, 1.89, 2.256, 1.969, 2.973, 3.859, 2.471, 2.229, 2.561, 2.803, 4.124, 6.485, 6.464, 6.18, 2.066, 2.959, 2.259, 2.283, 2.377, 3.673, 4.601, 3.239, 2.264, 4.6, 4.586, 4.032, 4.428, 3.291, 2.718, 4.03, 5.549, 4.428, 3.213, 4.406, 3.863, 2.732, 2.886, 3.641, 3.543, 3.1, 3.342, 3.836, 4.912, 3.834, 4.084, 6.847, 4.157, 2.887, 3.425, 3.767, 3.693, 4.193, 3.499, 3.793, 3.917, 4.268, 3.842, 4.197, 6.291, 6.766, 6.658, 8.29, 7.983, 8.786, 8.337, 4.865, 3.973, 4.094, 3.843, 4.456, 3.907, 2.906, 3.415, 4.112, 5.757, 5.269, 4.775, 4.934, 5.413, 5.883, 5.019, 4.141, 4.42, 5.294, 4.902, 3.193, 3.197, 2.621, 2.011], [9.149, 8.396, 7.534, 5.359, 3.83, 2.004, 2.851, 2.383, 1.437, 0.0, 1.411, 2.025, 2.135, 2.318, 2.581, 3.249, 2.468, 2.918, 3.095, 3.168, 5.207, 7.468, 7.177, 6.847, 2.586, 2.153, 1.566, 1.667, 2.457, 3.488, 4.147, 3.008, 2.07, 5.243, 5.377, 4.423, 5.275, 4.105, 2.806, 3.311, 4.856, 3.671, 2.499, 3.618, 3.325, 1.999, 2.292, 2.916, 2.831, 2.527, 2.742, 3.292, 4.232, 3.256, 3.685, 6.336, 3.534, 2.644, 2.622, 4.07, 4.006, 4.424, 3.905, 3.408, 3.197, 3.71, 3.663, 3.559, 5.736, 6.138, 5.943, 7.598, 7.303, 8.205, 7.757, 4.222, 3.41, 3.445, 3.565, 4.694, 4.643, 3.252, 3.304, 4.022, 5.324, 4.863, 4.912, 5.034, 5.372, 5.591, 4.585, 4.066, 4.45, 6.186, 5.733, 3.708, 3.562, 3.168, 2.499], [9.55, 8.808, 7.946, 5.802, 4.264, 2.411, 3.329, 2.88, 2.338, 1.411, 0.0, 2.383, 2.344, 2.795, 2.578, 2.903, 2.676, 3.581, 3.425, 3.445, 5.913, 8.068, 7.676, 7.267, 3.026, 1.862, 1.678, 1.763, 2.613, 3.647, 4.148, 3.048, 1.901, 5.728, 6.099, 4.615, 5.776, 4.637, 2.982, 2.913, 4.417, 3.222, 2.041, 3.183, 2.809, 1.735, 1.993, 2.654, 2.337, 1.912, 2.138, 2.729, 3.445, 2.579, 3.128, 5.782, 2.889, 2.809, 2.721, 4.179, 4.357, 4.758, 4.295, 3.518, 3.074, 3.664, 3.642, 3.618, 5.519, 5.783, 5.312, 7.192, 6.838, 7.909, 7.326, 3.886, 3.293, 3.306, 3.552, 4.803, 5.426, 3.825, 3.482, 3.963, 5.189, 4.737, 4.932, 5.048, 5.335, 5.467, 4.46, 4.155, 4.467, 6.863, 6.459, 4.153, 4.04, 3.641, 2.831], [9.43, 8.69, 7.828, 5.715, 4.181, 2.618, 3.197, 2.837, 1.89, 2.025, 2.383, 0.0, 1.162, 1.27, 2.321, 3.055, 2.083, 1.787, 1.78, 2.86, 4.43, 7.281, 7.461, 7.129, 2.804, 2.266, 2.316, 2.366, 2.505, 3.663, 4.14, 3.111, 2.453, 5.531, 4.871, 3.405, 4.16, 3.137, 1.501, 3.339, 4.531, 3.404, 2.603, 3.539, 3.673, 3.077, 3.097, 3.61, 3.496, 3.312, 3.651, 3.889, 4.966, 4.199, 4.37, 6.842, 3.879, 2.316, 3.532, 3.829, 2.789, 3.518, 3.972, 3.961, 4.169, 4.608, 4.276, 4.549, 5.85, 6.162, 6.294, 7.341, 7.297, 8.431, 8.007, 4.099, 3.472, 3.508, 3.591, 3.759, 4.123, 2.933, 2.832, 3.614, 4.961, 4.499, 4.114, 4.33, 4.872, 5.191, 4.339, 3.977, 4.129, 5.133, 5.086, 2.902, 3.53, 2.623, 2.242], [9.889, 9.163, 8.297, 6.206, 4.689, 2.847, 3.751, 3.315, 2.256, 2.135, 2.344, 1.162, 0.0, 1.27, 1.911, 2.697, 1.755, 1.844, 1.723, 2.429, 4.461, 7.745, 7.925, 7.61, 3.17, 2.114, 2.503, 2.119, 1.972, 3.092, 3.665, 2.656, 2.168, 6.001, 5.361, 3.048, 4.371, 3.452, 1.405, 2.906, 4.061, 2.939, 2.238, 3.055, 3.259, 3.045, 3.07, 3.378, 3.145, 3.303, 3.709, 3.502, 4.6, 3.796, 4.02, 6.459, 3.452, 2.091, 3.832, 4.486, 3.302, 4.121, 4.396, 3.931, 4.204, 4.631, 4.553, 4.621, 5.565, 6.034, 5.955, 6.875, 6.875, 8.033, 7.62, 3.773, 2.888, 2.943, 2.98, 3.309, 4.647, 2.954, 2.377, 2.959, 4.419, 3.905, 3.501, 3.626, 4.292, 4.632, 3.865, 3.506, 3.552, 5.651, 5.546, 2.809, 3.803, 2.801, 2.19], [9.591, 8.851, 8.012, 5.852, 4.353, 2.67, 3.365, 2.914, 1.969, 2.318, 2.795, 1.27, 1.27, 0.0, 1.883, 2.767, 1.78, 1.625, 1.731, 2.562, 4.282, 7.413, 7.594, 7.288, 2.964, 2.64, 2.69, 2.608, 2.165, 3.228, 3.786, 2.96, 2.71, 5.692, 5.106, 3.222, 4.345, 3.305, 1.362, 3.099, 4.369, 3.481, 2.618, 3.421, 3.659, 3.184, 3.286, 3.68, 3.456, 3.518, 3.85, 3.786, 4.936, 4.175, 4.292, 6.569, 3.667, 2.045, 4.053, 4.22, 3.065, 3.885, 4.06, 4.069, 4.559, 4.924, 4.517, 4.851, 5.844, 6.442, 6.738, 7.318, 7.271, 8.171, 7.699, 3.859, 3.3, 3.292, 3.211, 3.572, 4.342, 3.293, 3.025, 3.432, 4.793, 4.314, 3.9, 4.076, 4.629, 5.03, 4.035, 3.551, 3.687, 5.373, 5.263, 3.063, 3.901, 3.139, 2.62], [10.976, 10.321, 9.404, 7.238, 5.715, 3.845, 4.727, 4.355, 2.973, 2.581, 2.578, 2.321, 1.911, 1.883, 0.0, 1.666, 1.509, 2.544, 2.14, 1.921, 5.329, 8.857, 9.046, 8.693, 4.503, 2.676, 3.084, 2.595, 1.919, 2.403, 2.91, 2.425, 2.924, 7.21, 6.732, 2.887, 5.882, 4.707, 1.849, 2.728, 3.54, 3.149, 2.384, 3.017, 3.244, 2.931, 3.135, 3.296, 3.017, 3.338, 3.566, 3.183, 4.369, 3.473, 3.409, 5.285, 2.85, 2.471, 4.16, 5.579, 4.19, 4.989, 5.192, 4.144, 4.45, 4.639, 4.753, 4.631, 4.937, 5.712, 6.251, 6.389, 6.522, 7.183, 6.673, 2.704, 2.327, 2.322, 2.532, 3.358, 5.976, 4.133, 2.965, 2.97, 3.788, 3.438, 3.306, 3.5, 3.865, 4.067, 3.069, 2.39, 2.684, 6.808, 6.857, 4.064, 5.36, 4.245, 3.644], [12.209, 11.465, 10.614, 8.439, 6.88, 4.905, 5.9, 5.452, 3.859, 3.249, 2.903, 3.055, 2.697, 2.767, 1.666, 0.0, 1.731, 3.46, 3.221, 2.816, 6.644, 10.057, 10.244, 9.907, 5.523, 2.904, 3.727, 3.463, 2.855, 2.746, 3.2, 3.086, 3.745, 8.344, 7.728, 3.883, 6.81, 5.699, 2.704, 2.484, 3.157, 3.061, 2.63, 2.851, 3.576, 3.249, 3.215, 3.527, 3.237, 3.549, 3.623, 3.139, 3.964, 3.277, 2.893, 4.359, 2.17, 2.512, 3.63, 5.332, 3.714, 4.521, 4.988, 3.746, 3.847, 3.868, 4.578, 4.045, 4.278, 4.891, 5.228, 5.328, 5.495, 6.089, 5.521, 1.678, 2.214, 2.289, 2.761, 4.213, 6.979, 5.026, 3.862, 3.525, 3.889, 3.609, 3.841, 4.032, 4.168, 4.152, 3.291, 3.058, 3.177, 7.846, 7.866, 5.013, 6.3, 5.18, 4.577], [10.743, 10.001, 9.144, 6.964, 5.437, 3.508, 4.67, 4.202, 2.471, 2.468, 2.676, 2.083, 1.755, 1.78, 1.509, 1.731, 0.0, 2.15, 1.996, 2.097, 5.219, 8.593, 8.772, 8.44, 4.02, 2.817, 3.223, 2.888, 1.927, 2.748, 3.483, 2.665, 2.726, 6.853, 6.229, 3.098, 5.289, 4.227, 1.958, 2.922, 3.928, 3.491, 2.594, 3.339, 3.726, 3.3, 3.523, 3.853, 3.584, 3.789, 4.035, 3.685, 4.673, 3.762, 3.623, 5.687, 3.064, 2.485, 3.912, 4.769, 3.484, 4.471, 4.674, 3.819, 4.097, 4.371, 4.711, 4.437, 5.012, 5.68, 5.931, 6.352, 6.419, 7.279, 6.787, 2.824, 2.456, 2.443, 2.67, 3.282, 5.429, 3.734, 2.937, 2.91, 4.219, 3.852, 3.564, 3.494, 3.973, 4.421, 3.604, 3.001, 2.965, 6.411, 6.373, 3.617, 4.786, 3.708, 3.097], [8.905, 8.225, 7.328, 5.314, 3.982, 2.479, 3.214, 3.004, 2.229, 2.918, 3.581, 1.787, 1.844, 1.625, 2.544, 3.46, 2.15, 0.0, 1.084, 2.467, 3.672, 6.783, 6.953, 6.632, 2.701, 3.47, 3.278, 3.161, 2.176, 3.194, 4.105, 2.997, 2.752, 5.091, 4.494, 2.377, 3.571, 2.531, 1.812, 3.917, 5.014, 4.253, 3.478, 4.408, 4.611, 4.019, 4.213, 4.527, 4.31, 4.454, 4.761, 4.713, 5.917, 5.006, 5.167, 7.189, 4.477, 2.985, 4.843, 4.662, 3.481, 4.743, 4.985, 5.035, 5.532, 5.846, 5.272, 5.738, 6.698, 7.166, 7.529, 8.143, 8.083, 8.951, 8.573, 4.58, 3.394, 3.646, 3.345, 2.762, 3.758, 2.853, 2.736, 3.044, 4.62, 4.081, 3.396, 3.487, 4.136, 4.621, 3.995, 3.237, 3.21, 4.524, 4.621, 2.287, 3.229, 2.248, 2.147], [9.214, 8.568, 7.642, 5.552, 4.236, 2.899, 3.609, 3.314, 2.561, 3.095, 3.425, 1.78, 1.723, 1.731, 2.14, 3.221, 1.996, 1.084, 0.0, 2.028, 3.753, 7.119, 7.289, 6.931, 2.916, 3.246, 3.315, 2.88, 1.973, 3.075, 3.83, 2.786, 2.652, 5.427, 4.832, 2.191, 3.825, 2.735, 1.536, 3.66, 4.793, 3.9, 3.171, 4.075, 4.251, 3.842, 4.0, 4.303, 4.072, 4.199, 4.529, 4.39, 5.648, 4.841, 4.897, 6.92, 4.299, 2.979, 4.948, 4.899, 3.765, 5.062, 5.276, 5.076, 5.427, 5.762, 5.424, 5.655, 6.417, 7.002, 7.305, 7.815, 7.866, 8.734, 8.306, 4.376, 3.286, 3.455, 3.166, 2.561, 4.1, 3.177, 2.773, 2.94, 4.417, 3.939, 3.377, 3.317, 4.01, 4.608, 3.712, 3.122, 2.962, 4.791, 4.992, 2.303, 3.558, 2.402, 2.259], [10.279, 9.536, 8.673, 6.536, 5.16, 3.636, 4.374, 4.113, 2.803, 3.168, 3.445, 2.86, 2.429, 2.562, 1.921, 2.816, 2.097, 2.467, 2.028, 0.0, 4.584, 8.037, 8.22, 7.85, 3.948, 3.592, 3.754, 2.935, 1.884, 2.286, 3.167, 2.714, 2.646, 6.434, 6.184, 2.776, 5.478, 4.194, 2.703, 3.667, 4.521, 3.928, 3.073, 3.975, 3.953, 3.66, 3.822, 4.107, 3.866, 3.922, 4.165, 3.93, 5.218, 4.183, 3.92, 5.604, 3.45, 3.402, 5.176, 5.78, 4.817, 5.883, 5.554, 4.908, 5.278, 5.311, 5.504, 5.426, 5.962, 6.911, 7.153, 7.627, 7.364, 7.837, 7.2, 3.858, 3.29, 3.328, 2.667, 3.219, 5.578, 4.379, 3.702, 3.277, 4.385, 3.929, 3.419, 3.518, 3.971, 4.582, 3.402, 2.853, 2.734, 6.458, 6.337, 3.575, 4.836, 3.813, 3.238], [6.663, 6.697, 5.845, 5.325, 5.169, 4.57, 4.34, 4.116, 4.124, 5.207, 5.913, 4.43, 4.461, 4.282, 5.329, 6.644, 5.219, 3.672, 3.753, 4.584, 0.0, 3.675, 3.881, 4.076, 3.584, 5.468, 4.986, 4.41, 4.12, 5.543, 6.556, 4.952, 4.294, 3.696, 2.09, 3.421, 2.077, 2.186, 4.203, 6.632, 8.01, 6.658, 5.527, 6.869, 6.245, 5.782, 5.776, 6.348, 6.19, 5.674, 6.042, 6.413, 7.946, 6.845, 7.174, 9.6, 7.197, 5.66, 7.488, 6.718, 6.555, 7.394, 6.938, 7.122, 7.676, 7.787, 7.372, 7.773, 9.215, 9.859, 10.092, 11.212, 11.078, 11.765, 11.354, 7.729, 6.494, 6.797, 6.176, 2.856, 2.039, 3.179, 4.057, 4.774, 7.008, 6.531, 5.117, 4.43, 4.94, 6.537, 6.367, 5.034, 4.945, 3.261, 2.718, 2.194, 2.516, 2.714, 3.377], [4.675, 5.035, 4.813, 4.993, 5.53, 6.346, 5.333, 5.524, 6.485, 7.468, 8.068, 7.281, 7.745, 7.413, 8.857, 10.057, 8.593, 6.783, 7.119, 8.037, 3.675, 0.0, 1.505, 2.295, 5.318, 8.285, 6.906, 7.012, 7.328, 8.886, 9.875, 8.225, 6.738, 3.525, 2.613, 6.722, 3.76, 4.509, 7.543, 9.861, 11.414, 9.856, 8.59, 10.146, 8.944, 8.171, 8.145, 9.049, 8.916, 7.794, 7.955, 9.287, 10.548, 9.302, 9.652, 12.386, 9.972, 8.85, 9.272, 7.001, 9.086, 9.046, 8.319, 9.662, 10.02, 10.48, 9.655, 10.475, 12.491, 12.972, 12.841, 14.566, 14.173, 14.926, 14.363, 11.116, 9.901, 10.176, 9.524, 6.223, 3.349, 5.645, 7.226, 8.025, 10.347, 9.853, 8.461, 7.747, 8.28, 9.876, 9.823, 8.481, 8.396, 2.777, 2.353, 5.216, 4.47, 5.328, 5.945], [4.152, 4.494, 4.005, 4.038, 4.562, 5.625, 4.573, 4.882, 6.464, 7.177, 7.676, 7.461, 7.925, 7.594, 9.046, 10.244, 8.772, 6.953, 7.289, 8.22, 3.881, 1.505, 0.0, 1.536, 4.875, 8.418, 6.877, 6.935, 7.502, 9.069, 10.058, 8.408, 6.777, 2.676, 2.857, 6.948, 4.026, 4.797, 7.726, 10.044, 11.594, 10.036, 8.765, 10.326, 9.116, 8.184, 8.248, 9.177, 8.976, 7.67, 7.79, 9.402, 10.529, 9.075, 9.684, 12.515, 10.139, 9.03, 8.956, 6.813, 9.266, 9.229, 8.3, 9.743, 9.934, 10.44, 9.468, 10.321, 12.636, 13.086, 12.833, 14.75, 14.353, 15.112, 14.53, 11.295, 10.081, 10.356, 9.704, 6.405, 3.461, 5.805, 7.465, 8.27, 10.567, 10.075, 8.664, 7.939, 8.481, 10.095, 10.003, 8.661, 8.588, 3.024, 2.506, 5.404, 4.241, 5.379, 5.98], [3.348, 3.422, 2.983, 3.133, 3.738, 5.121, 4.074, 4.515, 6.18, 6.847, 7.267, 7.129, 7.61, 7.288, 8.693, 9.907, 8.44, 6.632, 6.931, 7.85, 4.076, 2.295, 1.536, 0.0, 4.513, 8.067, 6.614, 6.581, 7.202, 8.752, 9.741, 8.078, 6.474, 2.147, 3.42, 6.605, 3.964, 4.653, 7.462, 9.714, 11.293, 9.749, 8.457, 10.016, 8.801, 7.835, 7.934, 8.87, 8.618, 7.36, 7.373, 9.105, 10.197, 8.806, 9.404, 12.138, 9.813, 8.698, 8.594, 6.397, 8.934, 8.878, 8.004, 9.522, 9.618, 10.182, 9.073, 9.991, 12.332, 12.747, 12.489, 14.41, 14.02, 14.777, 14.238, 10.963, 9.76, 10.044, 9.397, 6.221, 3.446, 5.574, 7.155, 7.944, 10.265, 9.772, 8.359, 7.618, 8.242, 9.795, 9.706, 8.361, 8.277, 3.164, 2.626, 5.134, 4.115, 5.088, 5.684], [6.879, 6.173, 5.377, 3.562, 2.642, 1.574, 1.809, 1.508, 2.066, 2.586, 3.026, 2.804, 3.17, 2.964, 4.503, 5.523, 4.02, 2.701, 2.916, 3.948, 3.584, 5.318, 4.875, 4.513, 0.0, 3.593, 2.353, 2.507, 3.085, 4.508, 5.486, 3.877, 2.286, 3.062, 3.439, 3.302, 3.573, 2.451, 3.163, 5.272, 6.821, 5.237, 4.005, 5.503, 4.714, 3.504, 3.754, 4.602, 4.376, 3.387, 3.86, 4.983, 5.974, 4.93, 5.591, 8.38, 5.514, 4.277, 4.513, 4.137, 4.9, 5.517, 4.58, 5.394, 5.331, 6.013, 5.018, 5.817, 8.106, 8.489, 8.067, 9.945, 9.571, 10.48, 9.936, 6.548, 5.344, 5.532, 4.923, 3.944, 2.816, 2.648, 3.453, 3.978, 5.904, 5.49, 4.674, 4.521, 5.217, 5.926, 5.464, 4.511, 4.317, 4.318, 3.951, 2.51, 1.778, 1.886, 1.699], [10.438, 9.651, 8.915, 6.811, 5.347, 3.565, 4.342, 3.813, 2.959, 2.153, 1.862, 2.266, 2.114, 2.64, 2.676, 2.904, 2.817, 3.47, 3.246, 3.592, 5.468, 8.285, 8.418, 8.067, 3.593, 0.0, 1.687, 1.695, 2.38, 3.303, 3.407, 2.663, 2.372, 6.512, 5.941, 3.968, 5.266, 4.296, 2.343, 2.055, 3.343, 2.055, 1.438, 2.121, 2.253, 1.677, 1.494, 1.858, 1.701, 2.053, 2.288, 2.36, 3.457, 2.76, 3.76, 5.822, 2.92, 2.374, 3.319, 5.318, 4.455, 4.857, 5.168, 4.129, 3.636, 3.862, 4.42, 3.742, 4.886, 5.179, 5.049, 6.436, 6.358, 7.476, 7.07, 3.449, 2.831, 2.566, 3.101, 4.428, 5.107, 3.261, 2.596, 3.218, 4.061, 3.695, 4.251, 4.401, 4.683, 4.288, 3.358, 3.282, 3.821, 6.38, 6.315, 3.745, 4.345, 3.39, 2.785], [8.886, 8.169, 7.36, 5.305, 3.919, 2.351, 2.912, 2.42, 2.259, 1.566, 1.678, 2.316, 2.503, 2.69, 3.084, 3.727, 3.223, 3.278, 3.315, 3.754, 4.986, 6.906, 6.877, 6.614, 2.353, 1.687, 0.0, 1.522, 2.293, 3.64, 3.973, 2.955, 2.043, 5.021, 5.047, 4.164, 5.063, 3.762, 2.492, 3.243, 4.752, 3.266, 2.129, 3.475, 2.702, 1.698, 1.848, 2.712, 2.42, 1.794, 2.177, 2.915, 4.001, 3.067, 3.749, 6.236, 3.454, 2.794, 3.039, 4.413, 4.599, 4.901, 4.184, 3.684, 3.52, 4.119, 3.679, 3.876, 6.052, 6.417, 6.07, 7.91, 7.52, 8.4, 7.961, 4.549, 3.809, 3.73, 3.8, 4.848, 4.547, 3.109, 3.091, 3.817, 4.902, 4.475, 4.845, 5.009, 5.23, 5.171, 4.076, 3.76, 4.217, 5.825, 5.496, 3.525, 3.363, 3.018, 2.546], [8.992, 8.245, 7.432, 5.448, 4.095, 2.534, 3.094, 2.656, 2.283, 1.667, 1.763, 2.366, 2.119, 2.608, 2.595, 3.463, 2.888, 3.161, 2.88, 2.935, 4.41, 7.012, 6.935, 6.581, 2.507, 1.695, 1.522, 0.0, 1.784, 3.204, 3.688, 2.557, 1.489, 5.093, 5.067, 3.334, 4.845, 3.578, 2.157, 3.225, 4.733, 3.232, 2.041, 3.457, 2.674, 1.782, 1.91, 2.643, 2.484, 1.9, 2.252, 2.834, 4.093, 3.25, 3.699, 6.292, 3.55, 3.119, 3.724, 4.854, 4.715, 5.34, 4.537, 3.953, 3.744, 4.132, 4.343, 4.065, 5.889, 6.382, 6.227, 7.875, 7.561, 8.338, 7.886, 4.464, 3.693, 3.674, 3.531, 4.034, 4.489, 3.112, 2.748, 3.214, 4.581, 4.184, 4.058, 4.168, 4.598, 4.852, 3.806, 3.277, 3.495, 5.801, 5.452, 3.128, 3.44, 2.774, 2.28], [9.488, 8.774, 7.913, 5.836, 4.55, 3.158, 3.586, 3.083, 2.377, 2.457, 2.613, 2.505, 1.972, 2.165, 1.919, 2.855, 1.927, 2.176, 1.973, 1.884, 4.12, 7.328, 7.502, 7.202, 3.085, 2.38, 2.293, 1.784, 0.0, 1.882, 2.713, 1.53, 1.64, 5.602, 5.363, 2.565, 4.753, 3.426, 1.948, 2.866, 4.233, 2.974, 1.984, 3.196, 2.791, 2.588, 2.637, 3.13, 2.925, 2.702, 3.093, 2.991, 4.453, 3.433, 3.68, 5.8, 3.158, 2.885, 4.636, 5.733, 4.829, 5.75, 5.261, 4.205, 4.548, 4.633, 5.174, 4.749, 5.627, 6.529, 6.649, 7.484, 7.105, 7.723, 7.263, 3.833, 2.948, 2.925, 2.37, 3.032, 4.873, 3.253, 2.371, 2.307, 3.745, 3.304, 3.186, 3.245, 3.585, 3.941, 2.952, 2.151, 2.421, 5.827, 5.506, 2.839, 3.979, 3.107, 2.495], [11.097, 10.311, 9.535, 7.426, 6.069, 4.443, 4.987, 4.524, 3.673, 3.488, 3.647, 3.663, 3.092, 3.228, 2.403, 2.746, 2.748, 3.194, 3.075, 2.286, 5.543, 8.886, 9.069, 8.752, 4.508, 3.303, 3.64, 3.204, 1.882, 0.0, 1.607, 1.69, 2.887, 7.191, 6.776, 3.261, 6.071, 4.846, 2.974, 3.348, 3.479, 2.95, 2.621, 2.999, 2.989, 2.931, 3.383, 3.336, 3.224, 3.413, 3.722, 3.182, 4.597, 3.785, 3.902, 5.105, 3.072, 3.887, 5.716, 7.075, 6.001, 6.845, 6.714, 5.541, 5.706, 5.664, 6.488, 5.888, 5.998, 6.904, 6.901, 6.935, 6.78, 7.136, 6.238, 3.005, 2.32, 2.567, 1.193, 3.685, 6.162, 4.452, 3.368, 2.44, 2.423, 2.174, 2.564, 3.153, 2.469, 2.464, 1.656, 1.664, 1.775, 7.197, 6.921, 4.178, 5.376, 4.458, 3.814], [12.055, 11.283, 10.455, 8.371, 6.972, 5.377, 5.888, 5.369, 4.601, 4.147, 4.148, 4.14, 3.665, 3.786, 2.91, 3.2, 3.483, 4.105, 3.83, 3.167, 6.556, 9.875, 10.058, 9.741, 5.486, 3.407, 3.973, 3.688, 2.713, 1.607, 0.0, 1.91, 3.609, 8.136, 7.712, 4.16, 6.986, 5.765, 3.516, 3.188, 2.727, 2.358, 2.552, 2.493, 2.154, 3.035, 3.323, 3.031, 3.178, 3.772, 3.951, 2.586, 3.98, 3.632, 4.195, 4.542, 3.225, 4.277, 6.043, 7.718, 6.537, 7.306, 7.301, 5.987, 6.085, 6.0, 6.884, 6.055, 5.901, 6.764, 6.738, 6.168, 5.972, 6.087, 5.288, 2.825, 2.367, 2.192, 1.584, 4.56, 7.083, 5.371, 4.164, 3.278, 2.297, 2.503, 3.645, 4.311, 3.426, 2.141, 1.236, 2.041, 2.645, 8.084, 7.862, 5.098, 6.363, 5.326, 4.741], [10.381, 9.667, 8.807, 6.948, 5.643, 4.068, 4.564, 3.95, 3.239, 3.008, 3.048, 3.111, 2.656, 2.96, 2.425, 3.086, 2.665, 2.997, 2.786, 2.714, 4.952, 8.225, 8.408, 8.078, 3.877, 2.663, 2.955, 2.557, 1.53, 1.69, 1.91, 0.0, 2.181, 6.515, 6.012, 3.192, 5.392, 4.11, 2.733, 2.672, 3.446, 2.205, 1.766, 2.408, 2.139, 2.144, 2.598, 2.525, 2.562, 2.796, 3.051, 2.353, 3.681, 2.972, 3.656, 5.172, 2.917, 3.357, 5.063, 6.557, 5.533, 6.32, 6.175, 4.925, 5.002, 5.039, 5.771, 5.124, 5.308, 6.0, 5.976, 6.593, 6.275, 6.937, 6.484, 3.128, 2.197, 2.257, 1.888, 3.541, 5.476, 3.786, 2.65, 2.313, 2.904, 2.83, 3.366, 3.697, 3.371, 2.887, 2.067, 1.636, 2.413, 6.49, 6.175, 3.486, 4.636, 3.709, 3.184], [8.759, 8.048, 7.207, 5.309, 3.935, 2.501, 3.0, 2.537, 2.264, 2.07, 1.901, 2.453, 2.168, 2.71, 2.924, 3.745, 2.726, 2.752, 2.652, 2.646, 4.294, 6.738, 6.777, 6.474, 2.286, 2.372, 2.043, 1.489, 1.64, 2.887, 3.609, 2.181, 0.0, 4.874, 4.914, 3.193, 4.579, 3.44, 2.563, 3.593, 4.981, 3.405, 2.269, 3.7, 2.908, 2.321, 2.482, 3.062, 2.783, 2.295, 2.676, 3.117, 4.188, 3.224, 3.665, 6.368, 3.555, 3.46, 4.124, 4.821, 4.877, 5.654, 4.657, 4.174, 4.093, 4.557, 4.755, 4.622, 6.18, 6.653, 6.238, 8.003, 7.629, 8.557, 7.957, 4.636, 3.527, 3.677, 3.274, 3.411, 4.364, 3.049, 2.685, 2.935, 4.555, 4.065, 3.759, 3.779, 4.212, 4.625, 3.893, 3.218, 3.358, 5.76, 5.254, 2.808, 3.09, 2.528, 1.951], [4.172, 3.531, 2.745, 2.052, 2.701, 3.598, 2.89, 2.981, 4.6, 5.243, 5.728, 5.531, 6.001, 5.692, 7.21, 8.344, 6.853, 5.091, 5.427, 6.434, 3.696, 3.525, 2.676, 2.147, 3.062, 6.512, 5.021, 5.093, 5.602, 7.191, 8.136, 6.515, 4.874, 0.0, 3.196, 5.369, 3.772, 3.715, 5.842, 8.113, 9.675, 8.127, 6.864, 8.398, 7.365, 6.28, 6.379, 7.348, 7.131, 5.922, 6.305, 7.568, 8.697, 7.418, 7.992, 10.861, 8.314, 7.099, 6.996, 5.044, 7.347, 7.277, 6.448, 7.957, 8.069, 8.538, 7.66, 8.44, 10.753, 11.237, 10.944, 12.829, 12.429, 13.237, 12.695, 9.392, 8.15, 8.425, 7.782, 5.38, 2.906, 4.471, 5.897, 6.577, 8.773, 8.239, 6.948, 6.442, 7.056, 8.33, 8.182, 6.877, 6.796, 3.486, 2.839, 3.736, 3.174, 3.582, 4.045], [6.113, 6.173, 5.427, 4.886, 4.689, 4.495, 4.15, 3.992, 4.586, 5.377, 6.099, 4.871, 5.361, 5.106, 6.732, 7.728, 6.229, 4.494, 4.832, 6.184, 2.09, 2.613, 2.857, 3.42, 3.439, 5.941, 5.047, 5.067, 5.363, 6.776, 7.712, 6.012, 4.914, 3.196, 0.0, 4.305, 1.947, 2.209, 5.106, 7.495, 9.001, 7.465, 6.306, 7.773, 7.215, 6.132, 6.239, 6.985, 6.951, 6.338, 6.811, 7.498, 8.755, 7.965, 8.357, 10.887, 7.974, 6.512, 7.212, 5.653, 6.673, 6.92, 6.579, 7.989, 8.102, 8.625, 7.967, 8.554, 10.357, 10.765, 10.592, 12.17, 11.838, 12.759, 12.35, 8.778, 7.484, 7.749, 7.175, 3.797, 1.32, 3.294, 4.729, 5.559, 7.906, 7.369, 6.029, 5.314, 5.813, 7.4, 7.5, 6.39, 6.115, 2.386, 1.693, 2.824, 2.417, 3.044, 3.638], [9.153, 8.587, 7.683, 6.272, 5.723, 4.213, 4.794, 4.405, 4.032, 4.423, 4.615, 3.405, 3.048, 3.222, 2.887, 3.883, 3.098, 2.377, 2.191, 2.776, 3.421, 6.722, 6.948, 6.605, 3.302, 3.968, 4.164, 3.334, 2.565, 3.261, 4.16, 3.192, 3.193, 5.369, 4.305, 0.0, 3.418, 2.307, 2.376, 4.71, 5.339, 4.613, 3.987, 4.807, 4.964, 4.633, 4.83, 5.129, 4.929, 4.801, 5.326, 5.254, 6.603, 5.816, 5.757, 7.671, 4.948, 4.441, 6.469, 6.721, 5.551, 6.765, 6.923, 6.509, 6.789, 7.019, 7.069, 7.066, 7.394, 8.191, 8.502, 8.615, 8.716, 9.438, 9.035, 4.965, 3.694, 4.047, 3.55, 1.64, 3.752, 2.783, 2.115, 1.874, 3.702, 3.345, 2.094, 1.941, 2.677, 3.45, 3.687, 2.415, 2.016, 4.66, 4.816, 1.939, 3.239, 2.29, 2.546], [6.526, 6.515, 5.889, 5.679, 5.555, 4.695, 4.815, 4.433, 4.428, 5.275, 5.776, 4.16, 4.371, 4.345, 5.882, 6.81, 5.289, 3.571, 3.825, 5.478, 2.077, 3.76, 4.026, 3.964, 3.573, 5.266, 5.063, 4.845, 4.753, 6.071, 6.986, 5.392, 4.579, 3.772, 1.947, 3.418, 0.0, 1.768, 4.168, 6.62, 7.859, 6.548, 5.716, 6.804, 6.704, 5.988, 6.127, 6.612, 6.46, 6.157, 6.694, 7.076, 8.322, 7.584, 7.857, 10.379, 7.343, 5.693, 7.215, 6.32, 6.063, 6.954, 7.186, 7.602, 7.835, 8.323, 7.838, 8.211, 9.62, 9.915, 9.783, 11.029, 10.914, 12.141, 11.712, 7.869, 6.327, 6.655, 6.204, 2.919, 1.949, 2.672, 3.568, 4.334, 6.681, 6.144, 4.811, 4.222, 4.864, 6.206, 6.623, 5.619, 5.249, 2.199, 2.086, 2.119, 2.434, 2.346, 3.033], [7.324, 6.875, 5.999, 5.012, 4.632, 3.473, 3.838, 3.456, 3.291, 4.105, 4.637, 3.137, 3.452, 3.305, 4.707, 5.699, 4.227, 2.531, 2.735, 4.194, 2.186, 4.509, 4.797, 4.653, 2.451, 4.296, 3.762, 3.578, 3.426, 4.846, 5.765, 4.11, 3.44, 3.715, 2.209, 2.307, 1.768, 0.0, 3.099, 5.491, 6.989, 5.563, 4.507, 5.83, 5.515, 4.711, 4.849, 5.413, 5.287, 4.87, 5.367, 5.846, 7.147, 6.384, 6.65, 9.01, 6.131, 4.568, 6.148, 5.638, 5.232, 6.263, 6.106, 6.408, 6.697, 7.135, 6.562, 6.956, 8.394, 8.827, 8.938, 10.171, 9.862, 10.848, 10.459, 6.793, 5.439, 5.718, 5.149, 2.704, 1.878, 2.223, 2.865, 3.596, 5.866, 5.367, 4.074, 3.702, 4.428, 5.444, 5.422, 4.427, 4.101, 3.2, 2.91, 1.33, 1.795, 1.625, 2.1], [9.719, 8.978, 8.205, 6.163, 4.791, 3.286, 3.857, 3.27, 2.718, 2.806, 2.982, 1.501, 1.405, 1.362, 1.849, 2.704, 1.958, 1.812, 1.536, 2.703, 4.203, 7.543, 7.726, 7.462, 3.163, 2.343, 2.492, 2.157, 1.948, 2.974, 3.516, 2.733, 2.563, 5.842, 5.106, 2.376, 4.168, 3.099, 0.0, 3.183, 4.277, 3.333, 2.465, 3.502, 3.548, 3.197, 3.265, 3.609, 3.373, 3.402, 3.837, 3.861, 5.121, 4.355, 4.59, 6.734, 3.915, 2.609, 4.507, 4.975, 3.607, 4.603, 4.995, 4.661, 4.926, 5.233, 5.116, 5.252, 6.007, 6.576, 6.865, 7.407, 7.568, 8.381, 7.952, 3.863, 3.168, 3.16, 3.138, 2.981, 4.36, 2.916, 2.282, 2.757, 3.939, 3.493, 3.085, 3.344, 3.773, 4.145, 3.334, 2.821, 2.921, 5.242, 5.343, 2.67, 3.798, 2.745, 2.464], [12.013, 11.266, 10.411, 8.242, 6.736, 4.767, 5.72, 5.26, 4.03, 3.311, 2.913, 3.339, 2.906, 3.099, 2.728, 2.484, 2.922, 3.917, 3.66, 3.667, 6.632, 9.861, 10.044, 9.714, 5.272, 2.055, 3.243, 3.225, 2.866, 3.348, 3.188, 2.672, 3.593, 8.113, 7.495, 4.71, 6.62, 5.491, 3.183, 0.0, 1.834, 1.468, 1.679, 1.4, 2.42, 2.639, 2.089, 1.811, 1.745, 2.86, 2.902, 2.107, 2.373, 2.151, 3.178, 3.97, 1.866, 1.997, 3.602, 6.004, 4.47, 5.104, 5.501, 4.19, 4.033, 3.81, 4.471, 3.75, 3.496, 4.03, 4.084, 4.874, 4.633, 5.59, 5.193, 2.416, 2.627, 2.174, 3.056, 4.936, 6.758, 4.993, 3.965, 3.847, 4.355, 4.281, 5.04, 5.133, 5.207, 4.595, 3.367, 3.401, 4.205, 7.785, 7.639, 4.846, 6.05, 4.971, 4.329], [13.578, 12.828, 11.998, 9.834, 8.297, 6.319, 7.277, 6.834, 5.549, 4.856, 4.417, 4.531, 4.061, 4.369, 3.54, 3.157, 3.928, 5.014, 4.793, 4.521, 8.01, 11.414, 11.594, 11.293, 6.821, 3.343, 4.752, 4.733, 4.233, 3.479, 2.727, 3.446, 4.981, 9.675, 9.001, 5.339, 7.859, 6.989, 4.277, 1.834, 0.0, 1.75, 2.954, 1.557, 2.779, 3.668, 3.452, 2.548, 2.768, 4.046, 4.146, 2.579, 2.522, 3.097, 3.929, 3.734, 2.469, 3.387, 5.112, 7.453, 5.552, 6.316, 7.074, 5.793, 5.592, 5.379, 6.053, 5.322, 4.459, 4.654, 4.617, 3.719, 3.898, 4.78, 4.238, 2.398, 2.671, 2.038, 2.775, 5.668, 8.246, 6.141, 4.842, 4.012, 3.703, 3.85, 4.861, 5.48, 4.766, 3.784, 2.783, 3.627, 4.198, 9.13, 9.174, 6.225, 7.405, 6.269, 5.721], [12.006, 11.284, 10.454, 8.325, 6.838, 5.074, 5.839, 5.348, 4.428, 3.671, 3.222, 3.404, 2.939, 3.481, 3.149, 3.061, 3.491, 4.253, 3.9, 3.928, 6.658, 9.856, 10.036, 9.749, 5.237, 2.055, 3.266, 3.232, 2.974, 2.95, 2.358, 2.205, 3.405, 8.127, 7.465, 4.613, 6.548, 5.563, 3.333, 1.468, 1.75, 0.0, 1.686, 0.915, 1.734, 2.425, 2.197, 1.766, 1.757, 2.707, 2.869, 1.591, 2.319, 2.248, 3.244, 4.214, 2.0, 2.506, 4.25, 6.499, 5.136, 5.662, 6.097, 4.767, 4.548, 4.484, 5.184, 4.418, 4.382, 4.906, 4.568, 4.852, 4.555, 5.696, 5.284, 2.516, 2.503, 1.996, 2.512, 4.939, 6.779, 4.896, 3.834, 3.409, 3.528, 3.654, 4.604, 4.964, 4.605, 3.603, 2.579, 2.98, 3.857, 7.875, 7.666, 4.747, 5.934, 4.937, 4.268], [10.758, 10.015, 9.199, 7.072, 5.561, 3.866, 4.531, 4.05, 3.213, 2.499, 2.041, 2.603, 2.238, 2.618, 2.384, 2.63, 2.594, 3.478, 3.171, 3.073, 5.527, 8.59, 8.765, 8.457, 4.005, 1.438, 2.129, 2.041, 1.984, 2.621, 2.552, 1.766, 2.269, 6.864, 6.306, 3.987, 5.716, 4.507, 2.465, 1.679, 2.954, 1.686, 0.0, 1.764, 1.499, 1.629, 1.403, 1.724, 1.593, 2.106, 2.211, 1.632, 2.89, 2.133, 3.297, 4.8, 2.266, 2.483, 3.796, 5.756, 4.778, 5.389, 5.338, 3.971, 3.927, 4.092, 4.713, 4.03, 4.432, 5.089, 4.879, 6.052, 5.702, 6.659, 6.106, 2.929, 2.311, 2.015, 2.539, 4.314, 5.764, 4.114, 3.017, 3.213, 3.69, 3.637, 4.371, 4.48, 4.563, 3.946, 2.821, 2.647, 3.545, 6.885, 6.589, 3.941, 4.884, 4.073, 3.402], [12.296, 11.556, 10.728, 8.561, 7.05, 5.136, 6.02, 5.554, 4.406, 3.618, 3.183, 3.539, 3.055, 3.421, 3.017, 2.851, 3.339, 4.408, 4.075, 3.975, 6.869, 10.146, 10.326, 10.016, 5.503, 2.121, 3.475, 3.457, 3.196, 2.999, 2.493, 2.408, 3.7, 8.398, 7.773, 4.807, 6.804, 5.83, 3.502, 1.4, 1.557, 0.915, 1.764, 0.0, 1.674, 2.344, 2.164, 1.603, 1.728, 2.851, 2.829, 1.388, 2.137, 1.994, 3.082, 3.981, 1.859, 2.382, 4.212, 6.376, 4.953, 5.49, 6.005, 4.616, 4.463, 4.437, 5.155, 4.377, 4.077, 4.655, 4.408, 4.582, 4.395, 5.452, 5.059, 2.237, 2.381, 1.738, 2.376, 5.148, 7.054, 5.125, 4.014, 3.5, 3.636, 3.73, 4.702, 5.109, 4.688, 3.796, 2.701, 3.13, 3.979, 8.104, 7.94, 5.013, 6.196, 5.238, 4.542], [11.102, 10.354, 9.526, 7.413, 5.93, 4.529, 4.917, 4.574, 3.863, 3.325, 2.809, 3.673, 3.259, 3.659, 3.244, 3.576, 3.726, 4.611, 4.251, 3.953, 6.245, 8.944, 9.116, 8.801, 4.714, 2.253, 2.702, 2.674, 2.791, 2.989, 2.154, 2.139, 2.908, 7.365, 7.215, 4.964, 6.704, 5.515, 3.548, 2.42, 2.779, 1.734, 1.499, 1.674, 0.0, 1.835, 1.801, 1.793, 1.82, 2.159, 2.154, 1.194, 2.391, 1.892, 3.012, 4.279, 2.458, 3.481, 4.707, 6.495, 5.799, 6.319, 5.939, 4.435, 4.534, 4.727, 5.251, 4.636, 5.033, 5.633, 5.234, 6.043, 5.543, 6.191, 5.536, 3.164, 2.807, 2.358, 2.706, 5.359, 6.727, 5.089, 4.076, 3.847, 3.934, 4.033, 5.069, 5.46, 4.982, 3.823, 2.72, 3.117, 4.075, 7.91, 7.534, 4.913, 5.679, 5.024, 4.336], [10.199, 9.431, 8.681, 6.585, 5.015, 3.298, 4.012, 3.589, 2.732, 1.999, 1.735, 3.077, 3.045, 3.184, 2.931, 3.249, 3.3, 4.019, 3.842, 3.66, 5.782, 8.171, 8.184, 7.835, 3.504, 1.677, 1.698, 1.782, 2.588, 2.931, 3.035, 2.144, 2.321, 6.28, 6.132, 4.633, 5.988, 4.711, 3.197, 2.639, 3.668, 2.425, 1.629, 2.344, 1.835, 0.0, 1.182, 1.587, 1.426, 1.393, 1.5, 1.683, 2.889, 2.224, 3.036, 5.129, 2.679, 3.086, 3.453, 5.172, 5.08, 5.472, 4.852, 4.026, 3.573, 3.787, 4.257, 3.654, 5.128, 5.404, 5.042, 6.699, 6.266, 7.076, 6.679, 3.279, 2.932, 2.752, 2.87, 5.176, 5.59, 4.029, 3.598, 3.67, 4.234, 4.015, 4.898, 5.263, 4.919, 4.464, 3.303, 3.133, 3.83, 6.928, 6.607, 4.292, 4.526, 3.864, 3.241], [10.285, 9.489, 8.731, 6.682, 5.155, 3.557, 4.121, 3.727, 2.886, 2.292, 1.993, 3.097, 3.07, 3.286, 3.135, 3.215, 3.523, 4.213, 4.0, 3.822, 5.776, 8.145, 8.248, 7.934, 3.754, 1.494, 1.848, 1.91, 2.637, 3.383, 3.323, 2.598, 2.482, 6.379, 6.239, 4.83, 6.127, 4.849, 3.265, 2.089, 3.452, 2.197, 1.403, 2.164, 1.801, 1.182, 0.0, 1.285, 1.272, 1.325, 1.284, 1.647, 2.842, 1.969, 3.133, 4.919, 2.487, 2.762, 3.327, 5.336, 4.895, 5.268, 4.753, 3.827, 3.478, 3.517, 4.106, 3.419, 4.714, 5.133, 4.932, 6.564, 6.182, 6.956, 6.463, 3.417, 3.243, 2.978, 3.42, 5.325, 5.716, 4.189, 3.767, 4.01, 4.622, 4.473, 5.212, 5.402, 5.411, 4.864, 3.675, 3.421, 4.293, 7.045, 6.624, 4.427, 4.785, 4.157, 3.563], [11.177, 10.423, 9.708, 7.588, 6.028, 4.31, 4.981, 4.572, 3.641, 2.916, 2.654, 3.61, 3.378, 3.68, 3.296, 3.527, 3.853, 4.527, 4.303, 4.107, 6.348, 9.049, 9.177, 8.87, 4.602, 1.858, 2.712, 2.643, 3.13, 3.336, 3.031, 2.525, 3.062, 7.348, 6.985, 5.129, 6.612, 5.413, 3.609, 1.811, 2.548, 1.766, 1.724, 1.603, 1.793, 1.587, 1.285, 0.0, 0.864, 2.053, 1.986, 1.544, 2.176, 1.996, 3.421, 4.453, 2.721, 3.042, 3.838, 6.137, 5.306, 5.763, 5.606, 4.635, 4.199, 3.987, 4.59, 3.93, 4.342, 4.614, 4.441, 5.675, 5.354, 6.214, 5.77, 3.34, 3.048, 2.477, 3.318, 5.595, 6.344, 4.73, 4.094, 4.166, 4.438, 4.52, 5.382, 5.668, 5.441, 4.619, 3.178, 3.267, 4.337, 7.623, 7.281, 4.813, 5.474, 4.624, 4.033], [10.954, 10.19, 9.488, 7.335, 5.779, 4.053, 4.724, 4.359, 3.543, 2.831, 2.337, 3.496, 3.145, 3.456, 3.017, 3.237, 3.584, 4.31, 4.072, 3.866, 6.19, 8.916, 8.976, 8.618, 4.376, 1.701, 2.42, 2.484, 2.925, 3.224, 3.178, 2.562, 2.783, 7.131, 6.951, 4.929, 6.46, 5.287, 3.373, 1.745, 2.768, 1.757, 1.593, 1.728, 1.82, 1.426, 1.272, 0.864, 0.0, 1.686, 1.775, 1.489, 2.289, 1.71, 2.999, 4.488, 2.383, 2.813, 3.501, 5.781, 5.159, 5.686, 5.309, 4.239, 3.928, 3.81, 4.222, 3.682, 4.263, 4.678, 4.379, 5.87, 5.533, 6.474, 5.986, 3.098, 2.943, 2.558, 3.259, 5.4, 6.342, 4.71, 3.905, 3.94, 4.463, 4.297, 5.169, 5.488, 5.221, 4.696, 3.289, 3.303, 4.069, 7.614, 7.322, 4.693, 5.265, 4.456, 3.924], [9.808, 9.055, 8.229, 6.242, 4.82, 3.382, 3.769, 3.474, 3.1, 2.527, 1.912, 3.312, 3.303, 3.518, 3.338, 3.549, 3.789, 4.454, 4.199, 3.922, 5.674, 7.794, 7.67, 7.36, 3.387, 2.053, 1.794, 1.9, 2.702, 3.413, 3.772, 2.796, 2.295, 5.922, 6.338, 4.801, 6.157, 4.87, 3.402, 2.86, 4.046, 2.707, 2.106, 2.851, 2.159, 1.393, 1.325, 2.053, 1.686, 0.0, 1.104, 2.054, 3.128, 1.803, 2.66, 5.234, 2.762, 3.201, 3.543, 5.191, 5.08, 5.517, 4.687, 3.719, 3.551, 3.658, 4.089, 3.748, 5.354, 5.765, 5.429, 7.185, 6.783, 7.561, 7.047, 3.764, 3.743, 3.648, 3.655, 5.442, 5.874, 4.257, 3.791, 3.902, 4.843, 4.49, 5.145, 5.502, 5.297, 5.117, 4.098, 3.559, 4.172, 7.142, 6.771, 4.537, 4.63, 4.125, 3.702], [9.836, 9.01, 8.264, 6.28, 4.891, 3.721, 3.813, 3.753, 3.342, 2.742, 2.138, 3.651, 3.709, 3.85, 3.566, 3.623, 4.035, 4.761, 4.529, 4.165, 6.042, 7.955, 7.79, 7.373, 3.86, 2.288, 2.177, 2.252, 3.093, 3.722, 3.951, 3.051, 2.676, 6.305, 6.811, 5.326, 6.694, 5.367, 3.837, 2.902, 4.146, 2.869, 2.211, 2.829, 2.154, 1.5, 1.284, 1.986, 1.775, 1.104, 0.0, 1.911, 2.972, 1.754, 2.778, 4.916, 2.786, 3.421, 3.729, 5.339, 5.321, 5.755, 4.923, 3.969, 3.7, 3.854, 4.195, 3.844, 5.355, 5.683, 5.387, 7.148, 6.749, 7.516, 6.927, 3.857, 3.917, 3.76, 3.828, 5.92, 6.272, 4.734, 4.331, 4.465, 5.14, 4.947, 5.68, 5.999, 5.816, 5.415, 4.231, 3.639, 4.586, 7.591, 7.249, 5.007, 5.024, 4.586, 4.056], [11.403, 10.681, 9.863, 7.704, 6.203, 4.599, 5.121, 4.743, 3.836, 3.292, 2.729, 3.889, 3.502, 3.786, 3.183, 3.139, 3.685, 4.713, 4.39, 3.93, 6.413, 9.287, 9.402, 9.105, 4.983, 2.36, 2.915, 2.834, 2.991, 3.182, 2.586, 2.353, 3.117, 7.568, 7.498, 5.254, 7.076, 5.846, 3.861, 2.107, 2.579, 1.591, 1.632, 1.388, 1.194, 1.683, 1.647, 1.544, 1.489, 2.054, 1.911, 0.0, 1.759, 1.431, 2.463, 3.78, 2.054, 2.895, 3.974, 5.898, 5.319, 5.84, 5.26, 3.966, 3.93, 3.958, 4.492, 3.839, 4.423, 4.987, 4.594, 5.555, 5.066, 5.767, 5.258, 2.646, 3.042, 2.541, 3.011, 5.683, 6.963, 5.367, 4.458, 4.198, 4.35, 4.466, 5.429, 5.817, 5.393, 4.368, 3.041, 3.289, 4.302, 8.218, 7.771, 5.165, 5.919, 5.159, 4.501], [12.489, 11.735, 10.914, 8.745, 7.2, 5.455, 6.176, 5.818, 4.912, 4.232, 3.445, 4.966, 4.6, 4.936, 4.369, 3.964, 4.673, 5.917, 5.648, 5.218, 7.946, 10.548, 10.529, 10.197, 5.974, 3.457, 4.001, 4.093, 4.453, 4.597, 3.98, 3.681, 4.188, 8.697, 8.755, 6.603, 8.322, 7.147, 5.121, 2.373, 2.522, 2.319, 2.89, 2.137, 2.391, 2.889, 2.842, 2.176, 2.289, 3.128, 2.972, 1.759, 0.0, 1.924, 2.747, 3.395, 2.367, 3.311, 3.79, 6.029, 5.373, 5.859, 5.403, 4.321, 3.869, 3.958, 4.17, 3.745, 4.007, 4.369, 3.809, 4.646, 4.022, 4.743, 4.185, 3.163, 4.011, 3.22, 4.309, 6.928, 8.209, 6.581, 5.715, 5.532, 5.73, 5.844, 6.752, 7.079, 6.769, 5.732, 4.302, 4.749, 5.733, 9.535, 9.075, 6.463, 6.923, 6.317, 5.58], [11.084, 10.336, 9.454, 7.266, 5.835, 4.392, 4.81, 4.704, 3.834, 3.256, 2.579, 4.199, 3.796, 4.175, 3.473, 3.277, 3.762, 5.006, 4.841, 4.183, 6.845, 9.302, 9.075, 8.806, 4.93, 2.76, 3.067, 3.25, 3.433, 3.785, 3.632, 2.972, 3.224, 7.418, 7.965, 5.816, 7.584, 6.384, 4.355, 2.151, 3.097, 2.248, 2.133, 1.994, 1.892, 2.224, 1.969, 1.996, 1.71, 1.803, 1.754, 1.431, 1.924, 0.0, 1.965, 3.689, 1.824, 2.998, 3.48, 5.513, 5.213, 5.733, 5.002, 3.562, 3.569, 3.626, 3.932, 3.515, 4.287, 4.847, 4.38, 5.788, 5.362, 6.108, 5.558, 2.794, 3.243, 2.827, 3.629, 6.19, 7.471, 5.819, 4.962, 4.757, 5.143, 5.132, 5.973, 6.324, 6.053, 5.386, 4.115, 3.913, 4.922, 8.771, 8.262, 5.662, 6.076, 5.545, 4.895], [11.731, 10.946, 10.102, 7.938, 6.521, 5.027, 5.444, 5.218, 4.084, 3.685, 3.128, 4.37, 4.02, 4.292, 3.409, 2.893, 3.623, 5.167, 4.897, 3.92, 7.174, 9.652, 9.684, 9.404, 5.591, 3.76, 3.749, 3.699, 3.68, 3.902, 4.195, 3.656, 3.665, 7.992, 8.357, 5.757, 7.857, 6.65, 4.59, 3.178, 3.929, 3.244, 3.297, 3.082, 3.012, 3.036, 3.133, 3.421, 2.999, 2.66, 2.778, 2.463, 2.747, 1.965, 0.0, 3.011, 1.811, 2.842, 2.912, 4.627, 4.023, 4.585, 3.845, 2.533, 2.62, 2.902, 3.171, 2.934, 3.866, 4.634, 4.264, 5.213, 4.817, 5.516, 4.913, 2.287, 3.518, 3.587, 3.981, 6.157, 7.856, 6.23, 5.37, 4.815, 5.71, 5.284, 5.842, 6.307, 5.999, 5.973, 4.775, 4.481, 4.989, 9.094, 8.63, 5.942, 6.577, 5.964, 5.297], [14.481, 13.777, 12.887, 10.731, 9.256, 7.723, 8.203, 8.016, 6.847, 6.336, 5.782, 6.842, 6.459, 6.569, 5.285, 4.359, 5.687, 7.189, 6.92, 5.604, 9.6, 12.386, 12.515, 12.138, 8.38, 5.822, 6.236, 6.292, 5.8, 5.105, 4.542, 5.172, 6.368, 10.861, 10.887, 7.671, 10.379, 9.01, 6.734, 3.97, 3.734, 4.214, 4.8, 3.981, 4.279, 5.129, 4.919, 4.453, 4.488, 5.234, 4.916, 3.78, 3.395, 3.689, 3.011, 0.0, 3.084, 4.909, 4.81, 7.02, 5.558, 5.754, 5.563, 4.326, 4.108, 3.821, 4.18, 3.774, 2.8, 3.528, 3.311, 3.441, 3.096, 3.295, 2.763, 3.186, 4.874, 4.682, 4.864, 8.175, 10.456, 8.813, 7.729, 6.813, 6.121, 6.193, 7.434, 8.134, 7.14, 6.214, 4.956, 5.57, 6.124, 11.377, 11.092, 8.415, 9.316, 8.663, 7.982], [12.104, 11.362, 10.501, 8.327, 6.78, 5.038, 5.8, 5.402, 4.157, 3.534, 2.889, 3.879, 3.452, 3.667, 2.85, 2.17, 3.064, 4.477, 4.299, 3.45, 7.197, 9.972, 10.139, 9.813, 5.514, 2.92, 3.454, 3.55, 3.158, 3.072, 3.225, 2.917, 3.555, 8.314, 7.974, 4.948, 7.343, 6.131, 3.915, 1.866, 2.469, 2.0, 2.266, 1.859, 2.458, 2.679, 2.487, 2.721, 2.383, 2.762, 2.786, 2.054, 2.367, 1.824, 1.811, 3.084, 0.0, 2.134, 3.49, 5.575, 4.432, 5.08, 4.933, 3.552, 3.37, 3.628, 4.009, 3.514, 3.854, 4.688, 4.356, 4.907, 4.537, 5.347, 4.652, 1.8, 2.538, 2.363, 2.773, 5.31, 7.515, 5.792, 4.693, 3.893, 4.434, 4.14, 4.869, 5.34, 5.004, 4.703, 3.686, 3.606, 4.118, 8.625, 8.249, 5.468, 6.41, 5.721, 4.962], [11.001, 10.259, 9.455, 7.263, 5.711, 3.786, 4.722, 4.259, 2.887, 2.644, 2.809, 2.316, 2.091, 2.045, 2.471, 2.512, 2.485, 2.985, 2.979, 3.402, 5.66, 8.85, 9.03, 8.698, 4.277, 2.374, 2.794, 3.119, 2.885, 3.887, 4.277, 3.357, 3.46, 7.099, 6.512, 4.441, 5.693, 4.568, 2.609, 1.997, 3.387, 2.506, 2.483, 2.382, 3.481, 3.086, 2.762, 3.042, 2.813, 3.201, 3.421, 2.895, 3.311, 2.998, 2.842, 4.909, 2.134, 0.0, 2.632, 4.376, 2.859, 3.443, 3.839, 3.029, 3.098, 3.396, 3.155, 3.297, 4.272, 4.952, 4.967, 5.777, 5.591, 6.57, 6.181, 2.818, 3.429, 3.232, 3.659, 4.795, 5.838, 4.177, 3.593, 4.191, 5.31, 4.868, 4.967, 5.12, 5.546, 5.579, 4.585, 4.35, 4.762, 6.896, 6.703, 4.128, 5.072, 4.25, 3.578], [10.898, 10.155, 9.293, 7.118, 5.593, 3.833, 4.765, 4.413, 3.425, 2.622, 2.721, 3.532, 3.832, 4.053, 4.16, 3.63, 3.912,