[[0.0, 1.158, 3.277, 4.748, 3.78, 3.404, 5.981, 5.421, 6.306, 7.401, 6.704, 5.492, 4.672, 3.142, 3.676, 4.811, 2.787, 2.481, 2.962, 2.155, 1.756, 1.776, 1.593, 2.319, 3.795, 5.522, 6.489, 8.27, 9.922, 10.489, 8.753, 8.304, 9.516, 10.626, 10.586, 9.583, 9.63, 9.838, 11.85, 11.293, 10.075, 9.875, 9.742, 8.386, 5.893, 6.523, 6.214, 3.987, 2.815, 2.961, 4.738, 5.464, 6.101, 6.059, 4.073, 2.321, 3.078, 2.52, 1.573, 4.066, 4.092, 2.849, 1.756, 2.916, 2.587, 4.892, 6.452, 4.693, 4.134, 4.029, 5.736, 6.275, 2.842, 5.127, 10.498, 10.343, 9.862, 9.539, 8.08, 9.611, 12.464, 12.316, 11.186, 11.552, 10.663, 10.25, 9.779, 10.103, 9.806, 7.418, 3.717, 2.792, 6.7, 8.273, 7.981, 10.169, 10.705, 11.062, 12.441, 11.612, 10.416, 8.847, 6.886, 6.216, 6.026, 4.041, 2.451], [1.158, 0.0, 2.962, 4.306, 3.173, 3.373, 5.622, 5.063, 5.939, 7.062, 6.358, 5.123, 4.335, 2.922, 3.397, 4.531, 2.199, 2.152, 2.285, 2.092, 1.882, 1.773, 1.757, 2.661, 3.976, 5.841, 6.899, 8.533, 10.19, 10.76, 9.016, 8.545, 9.771, 10.898, 10.847, 9.804, 9.978, 10.025, 11.989, 11.589, 10.349, 10.142, 10.025, 8.647, 6.249, 7.103, 6.547, 4.337, 3.239, 2.802, 4.525, 5.052, 5.704, 5.563, 3.393, 1.992, 3.232, 2.777, 1.342, 3.745, 3.795, 2.559, 1.766, 3.101, 2.568, 5.124, 6.696, 4.927, 4.425, 4.121, 5.992, 6.461, 2.623, 5.365, 10.72, 10.575, 10.09, 9.875, 8.585, 9.899, 12.755, 12.596, 11.426, 11.786, 10.843, 10.368, 10.003, 10.314, 10.011, 7.623, 3.764, 3.226, 6.801, 8.414, 8.216, 10.421, 11.068, 11.477, 12.735, 12.029, 10.671, 9.078, 7.458, 6.677, 6.15, 4.218, 2.542], [3.277, 2.962, 0.0, 2.082, 1.912, 2.166, 3.268, 2.419, 3.271, 4.331, 3.665, 2.706, 2.229, 1.719, 2.035, 1.847, 2.045, 2.637, 1.764, 4.261, 4.141, 2.954, 3.316, 4.838, 6.475, 8.294, 9.244, 11.052, 12.71, 13.28, 11.547, 11.103, 12.302, 13.424, 13.354, 12.363, 12.451, 12.697, 14.723, 14.08, 12.885, 12.66, 12.53, 11.141, 8.52, 9.285, 8.995, 6.631, 4.608, 2.037, 1.965, 2.534, 3.133, 3.742, 2.714, 3.656, 5.599, 5.004, 2.67, 1.434, 1.26, 1.2, 3.575, 5.077, 4.876, 7.613, 9.216, 7.423, 6.862, 6.606, 8.527, 8.992, 4.806, 7.99, 13.295, 13.156, 12.697, 12.411, 10.981, 12.444, 15.3, 15.153, 14.013, 14.346, 13.721, 13.142, 12.506, 12.834, 12.485, 10.038, 6.062, 5.128, 9.354, 10.974, 10.845, 12.936, 13.526, 13.972, 15.264, 14.653, 13.246, 11.71, 9.71, 8.895, 8.735, 6.548, 4.803], [4.748, 4.306, 2.082, 0.0, 2.218, 2.407, 3.169, 1.694, 2.22, 3.036, 2.57, 2.644, 2.222, 2.911, 2.948, 1.922, 3.475, 4.31, 3.121, 5.554, 5.354, 4.375, 4.907, 6.21, 7.806, 9.613, 10.636, 12.421, 14.078, 14.647, 12.903, 12.452, 13.684, 14.79, 14.74, 13.724, 13.852, 13.861, 15.91, 15.449, 14.24, 14.027, 13.911, 12.536, 9.932, 10.654, 10.37, 7.957, 6.071, 3.192, 1.822, 1.98, 1.801, 2.55, 2.86, 4.952, 6.908, 6.313, 4.004, 1.992, 1.61, 2.716, 5.001, 6.554, 6.287, 8.997, 10.593, 8.801, 8.234, 7.974, 9.824, 10.285, 6.121, 9.235, 14.601, 14.472, 13.984, 13.736, 12.321, 13.808, 16.664, 16.501, 15.397, 15.676, 14.888, 14.311, 13.861, 14.201, 13.875, 11.413, 7.315, 6.473, 10.566, 12.212, 12.165, 14.298, 14.868, 15.205, 16.622, 16.036, 14.568, 12.918, 11.103, 10.257, 10.021, 7.799, 6.082], [3.78, 3.173, 1.912, 2.218, 0.0, 1.672, 3.807, 2.738, 3.809, 4.874, 4.137, 3.291, 2.774, 3.001, 2.904, 2.293, 2.503, 3.415, 1.797, 4.215, 4.401, 3.677, 3.908, 4.807, 6.252, 8.363, 9.091, 10.563, 12.1, 12.712, 11.118, 10.547, 11.777, 12.814, 12.867, 12.063, 12.262, 12.487, 14.413, 14.035, 12.503, 12.208, 12.002, 10.593, 8.447, 9.569, 8.978, 6.649, 5.483, 2.59, 2.42, 2.564, 3.531, 3.424, 2.457, 3.392, 5.161, 4.83, 3.292, 1.834, 1.828, 2.032, 3.915, 4.886, 4.734, 7.049, 8.67, 6.901, 6.355, 6.029, 8.039, 8.639, 4.402, 7.853, 12.976, 12.761, 12.343, 12.008, 10.902, 11.895, 14.721, 14.585, 13.654, 13.961, 13.57, 12.887, 12.126, 12.224, 11.922, 9.532, 5.822, 5.731, 9.272, 10.741, 10.603, 12.411, 13.516, 13.994, 14.753, 14.297, 12.896, 11.521, 10.13, 9.353, 8.447, 6.217, 4.743], [3.404, 3.373, 2.166, 2.407, 1.672, 0.0, 3.335, 2.794, 3.84, 4.894, 4.149, 3.103, 2.321, 2.302, 2.352, 2.4, 2.693, 3.422, 2.334, 4.26, 4.156, 3.465, 3.504, 4.325, 5.847, 7.734, 8.657, 10.54, 12.116, 12.688, 10.92, 10.574, 11.69, 12.794, 12.828, 11.901, 11.98, 12.254, 14.304, 13.721, 12.357, 12.142, 11.915, 10.562, 7.945, 8.732, 8.555, 6.051, 4.657, 2.043, 2.256, 2.83, 3.694, 3.769, 3.415, 3.453, 4.93, 4.523, 2.867, 1.983, 1.855, 2.011, 3.251, 4.457, 4.368, 6.991, 8.653, 6.862, 6.409, 5.999, 8.028, 8.39, 4.259, 7.495, 12.817, 12.713, 12.256, 11.838, 10.352, 11.85, 14.701, 14.553, 13.6, 13.928, 13.371, 12.772, 11.967, 12.204, 11.855, 9.367, 5.822, 4.851, 8.754, 10.277, 10.442, 12.301, 13.048, 13.509, 14.679, 14.239, 12.623, 11.216, 9.325, 8.561, 8.238, 6.044, 4.499], [5.981, 5.622, 3.268, 3.169, 3.807, 3.335, 0.0, 2.154, 1.995, 2.094, 1.787, 1.338, 1.954, 3.234, 3.033, 2.513, 4.42, 4.842, 4.223, 6.703, 6.559, 5.288, 5.528, 7.373, 9.044, 10.783, 11.912, 13.79, 15.395, 15.959, 14.215, 13.847, 14.994, 16.103, 16.091, 15.044, 15.232, 15.251, 17.329, 16.869, 15.61, 15.349, 15.224, 13.849, 11.216, 11.631, 11.737, 9.193, 7.113, 4.247, 2.331, 2.326, 2.874, 4.628, 4.827, 6.067, 8.133, 7.503, 4.822, 2.892, 2.725, 3.691, 6.069, 7.756, 7.621, 10.292, 11.961, 10.17, 9.554, 9.307, 11.26, 11.619, 7.517, 10.613, 15.933, 15.891, 15.408, 15.106, 13.543, 15.143, 17.999, 17.839, 16.789, 17.105, 16.385, 15.794, 15.245, 15.513, 15.164, 12.667, 8.458, 7.417, 11.807, 13.455, 13.561, 15.61, 16.15, 16.55, 17.967, 17.444, 15.881, 14.232, 12.037, 11.401, 11.364, 9.024, 7.18], [5.421, 5.063, 2.419, 1.694, 2.738, 2.794, 2.154, 0.0, 1.421, 2.249, 1.569, 1.679, 1.754, 3.155, 2.743, 1.354, 3.233, 3.862, 3.248, 6.075, 5.937, 4.547, 4.957, 6.775, 8.467, 10.25, 11.311, 13.202, 14.803, 15.358, 13.59, 13.261, 14.374, 15.477, 15.503, 14.517, 14.643, 14.749, 16.833, 16.325, 15.014, 14.788, 14.598, 13.252, 10.595, 11.123, 11.177, 8.614, 6.527, 3.654, 1.831, 1.372, 1.405, 2.72, 3.345, 5.51, 7.529, 6.941, 4.377, 1.885, 1.758, 3.005, 5.501, 7.142, 7.032, 9.666, 11.34, 9.548, 8.938, 8.686, 10.696, 11.019, 6.935, 10.052, 15.389, 15.35, 14.865, 14.524, 12.939, 14.529, 17.382, 17.231, 16.22, 16.564, 15.881, 15.298, 14.656, 14.887, 14.538, 12.061, 7.831, 6.826, 11.301, 12.878, 13.04, 14.985, 15.599, 15.998, 17.366, 16.883, 15.279, 13.712, 11.625, 11.001, 10.839, 8.433, 6.661], [6.306, 5.939, 3.271, 2.22, 3.809, 3.84, 1.995, 1.421, 0.0, 1.378, 1.242, 1.717, 2.48, 3.847, 3.641, 2.151, 4.293, 4.783, 4.347, 7.125, 6.846, 5.589, 6.032, 7.901, 9.553, 11.346, 12.433, 14.252, 15.91, 16.48, 14.736, 14.239, 15.497, 16.623, 16.554, 15.565, 15.622, 15.785, 17.798, 17.273, 16.058, 15.872, 15.727, 14.339, 11.701, 12.25, 12.142, 9.676, 7.594, 4.712, 2.509, 1.977, 1.475, 3.02, 4.082, 6.602, 8.632, 8.005, 5.342, 2.866, 2.823, 4.071, 6.62, 8.277, 8.068, 10.812, 12.416, 10.622, 10.056, 9.805, 11.723, 12.121, 7.933, 11.056, 16.485, 16.314, 15.868, 15.577, 14.053, 15.637, 18.493, 18.333, 17.168, 17.561, 16.76, 16.203, 15.694, 16.029, 15.685, 13.187, 8.953, 7.867, 12.348, 13.965, 13.96, 16.131, 16.681, 17.005, 18.455, 17.79, 16.396, 14.754, 12.676, 11.911, 11.868, 9.534, 7.73], [7.401, 7.062, 4.331, 3.036, 4.874, 4.894, 2.094, 2.249, 1.378, 0.0, 1.083, 2.082, 2.87, 4.508, 4.139, 2.826, 5.351, 5.807, 5.409, 8.19, 7.914, 6.566, 6.935, 8.958, 10.618, 12.405, 13.497, 15.316, 16.974, 17.544, 15.8, 15.326, 16.57, 17.688, 17.618, 16.626, 16.713, 16.813, 18.848, 18.329, 17.133, 16.924, 16.801, 15.404, 12.765, 13.158, 13.212, 10.739, 8.658, 5.777, 3.074, 2.562, 1.914, 3.432, 4.963, 7.649, 9.696, 9.057, 6.282, 3.626, 3.787, 5.115, 7.656, 9.341, 9.138, 11.877, 13.481, 11.689, 11.13, 10.87, 12.771, 13.175, 9.01, 12.099, 17.518, 17.379, 16.913, 16.633, 15.095, 16.711, 19.567, 19.405, 18.29, 18.599, 17.88, 17.279, 16.759, 17.098, 16.749, 14.252, 10.017, 8.907, 13.404, 15.041, 15.066, 17.196, 17.686, 18.024, 19.524, 18.917, 17.453, 15.802, 13.564, 12.929, 12.927, 10.593, 8.761], [6.704, 6.358, 3.665, 2.57, 4.137, 4.149, 1.787, 1.569, 1.242, 1.083, 0.0, 1.452, 2.244, 3.859, 3.45, 2.156, 4.653, 5.062, 4.66, 7.49, 7.249, 5.809, 6.186, 8.209, 9.885, 11.615, 12.748, 14.63, 16.225, 16.795, 15.051, 14.655, 15.831, 16.939, 16.932, 15.903, 16.043, 16.044, 18.12, 17.667, 16.45, 16.175, 16.06, 14.69, 12.057, 12.402, 12.555, 10.004, 7.954, 5.088, 2.329, 2.036, 1.814, 3.514, 4.344, 6.903, 8.974, 8.344, 5.569, 2.853, 3.037, 4.366, 6.898, 8.592, 8.459, 11.128, 12.802, 11.01, 10.391, 10.148, 12.051, 12.46, 8.325, 11.41, 16.769, 16.713, 16.204, 15.915, 14.364, 15.973, 18.828, 18.679, 17.601, 17.907, 17.172, 16.563, 16.061, 16.349, 16.0, 13.503, 9.268, 8.2, 12.638, 14.292, 14.37, 16.446, 16.961, 17.349, 18.805, 18.254, 16.714, 15.057, 12.803, 12.196, 12.179, 9.844, 7.999], [5.492, 5.123, 2.706, 2.644, 3.291, 3.103, 1.338, 1.679, 1.717, 2.082, 1.452, 0.0, 1.294, 2.616, 2.329, 1.76, 3.834, 4.214, 3.715, 6.36, 6.081, 4.769, 5.094, 7.084, 8.778, 10.485, 11.623, 13.451, 15.1, 15.67, 13.926, 13.446, 14.698, 15.814, 15.753, 14.723, 14.855, 14.874, 16.9, 16.454, 15.259, 15.05, 14.929, 13.53, 10.891, 11.29, 11.354, 8.862, 6.784, 3.909, 1.667, 2.241, 2.412, 4.256, 4.331, 5.816, 7.831, 7.218, 4.424, 2.14, 2.242, 3.247, 5.773, 7.467, 7.28, 10.003, 11.623, 9.832, 9.258, 8.996, 10.874, 11.301, 7.129, 10.199, 15.616, 15.486, 15.003, 14.756, 13.222, 14.835, 17.691, 17.529, 16.415, 16.701, 15.937, 15.336, 14.884, 15.224, 14.875, 12.389, 8.159, 7.041, 11.492, 13.174, 13.147, 15.321, 15.807, 16.152, 17.648, 17.041, 15.578, 13.895, 11.61, 10.978, 11.005, 8.719, 6.883], [4.672, 4.335, 2.229, 2.222, 2.774, 2.321, 1.954, 1.754, 2.48, 2.87, 2.244, 1.294, 0.0, 1.887, 1.547, 1.633, 3.357, 3.726, 3.354, 5.593, 5.261, 4.153, 4.297, 6.243, 7.945, 9.654, 10.782, 12.601, 14.259, 14.829, 13.085, 12.635, 13.853, 14.972, 14.903, 13.879, 14.008, 14.054, 16.101, 15.598, 14.405, 14.209, 14.084, 12.688, 10.05, 10.47, 10.515, 8.038, 5.943, 3.064, 1.339, 2.384, 2.606, 4.095, 4.114, 4.993, 6.998, 6.385, 3.654, 1.836, 1.922, 2.575, 4.932, 6.626, 6.417, 9.161, 10.765, 8.971, 8.413, 8.154, 10.068, 10.459, 6.328, 9.403, 14.766, 14.678, 14.197, 13.935, 12.369, 13.997, 16.852, 16.698, 15.565, 15.876, 15.12, 14.528, 14.049, 14.383, 14.034, 11.556, 7.329, 6.194, 10.668, 12.341, 12.325, 14.48, 14.96, 15.321, 16.812, 16.213, 14.739, 13.072, 10.82, 10.171, 10.174, 7.877, 6.054], [3.142, 2.922, 1.719, 2.911, 3.001, 2.302, 3.234, 3.155, 3.847, 4.508, 3.859, 2.616, 1.887, 0.0, 1.104, 2.313, 2.445, 2.707, 2.526, 4.16, 3.777, 2.988, 3.084, 4.645, 6.324, 8.091, 9.185, 11.004, 12.662, 13.232, 11.488, 10.973, 12.254, 13.375, 13.306, 12.266, 12.381, 12.465, 14.507, 13.989, 12.817, 12.605, 12.485, 11.091, 8.453, 8.858, 8.891, 6.457, 4.412, 1.808, 2.116, 3.592, 3.901, 4.938, 3.974, 3.573, 5.384, 4.765, 2.387, 2.039, 2.227, 1.851, 3.36, 5.029, 4.82, 7.564, 9.167, 7.374, 6.814, 6.557, 8.413, 8.862, 4.675, 7.776, 13.182, 13.035, 12.565, 12.306, 10.794, 12.384, 15.239, 15.076, 13.947, 14.255, 13.449, 12.866, 12.434, 12.785, 12.437, 9.939, 5.787, 4.682, 9.091, 10.751, 10.611, 12.883, 13.371, 13.739, 15.199, 14.552, 13.153, 11.535, 9.257, 8.582, 8.598, 6.292, 4.507], [3.676, 3.397, 2.035, 2.948, 2.904, 2.352, 3.033, 2.743, 3.641, 4.139, 3.45, 2.329, 1.547, 1.104, 0.0, 1.988, 2.463, 2.613, 2.651, 4.434, 4.212, 3.176, 3.149, 5.021, 6.743, 8.531, 9.587, 11.487, 13.044, 13.639, 11.881, 11.515, 12.645, 13.75, 13.788, 12.825, 12.901, 13.033, 15.119, 14.612, 13.316, 13.078, 12.871, 11.515, 8.882, 9.295, 9.468, 6.86, 4.833, 2.117, 1.852, 3.302, 3.71, 4.745, 4.13, 3.91, 5.8, 5.196, 2.579, 1.843, 1.942, 2.017, 3.768, 5.42, 5.298, 7.95, 9.628, 7.836, 7.217, 6.973, 8.98, 9.285, 5.19, 8.339, 13.686, 13.642, 13.163, 12.776, 11.19, 12.808, 15.657, 15.525, 14.518, 14.857, 14.176, 13.578, 12.918, 13.161, 12.812, 10.315, 6.097, 5.075, 9.568, 11.162, 11.339, 13.258, 13.862, 14.251, 15.646, 15.169, 13.553, 11.985, 9.73, 9.191, 9.142, 6.659, 4.94], [4.811, 4.531, 1.847, 1.922, 2.293, 2.4, 2.513, 1.354, 2.151, 2.826, 2.156, 1.76, 1.633, 2.313, 1.988, 0.0, 2.792, 3.184, 2.737, 5.438, 5.298, 3.96, 4.187, 6.196, 7.87, 9.78, 10.769, 12.646, 14.202, 14.821, 13.062, 12.612, 13.811, 14.916, 14.934, 13.997, 14.036, 14.256, 16.311, 15.76, 14.475, 14.258, 14.036, 12.648, 10.01, 10.538, 10.595, 8.026, 5.976, 3.224, 1.522, 2.018, 2.346, 3.138, 2.996, 4.877, 6.928, 6.31, 3.66, 1.216, 1.307, 2.431, 4.989, 6.601, 6.448, 9.105, 10.756, 8.964, 8.385, 8.104, 10.094, 10.414, 6.302, 9.486, 14.904, 14.77, 14.307, 13.877, 12.398, 13.978, 16.815, 16.673, 15.664, 15.994, 15.356, 14.773, 14.045, 14.326, 13.977, 11.48, 7.262, 6.297, 10.816, 12.344, 12.479, 14.424, 15.055, 15.435, 16.78, 16.285, 14.715, 13.243, 11.045, 10.415, 10.317, 7.821, 6.104], [2.787, 2.199, 2.045, 3.475, 2.503, 2.693, 4.42, 3.233, 4.293, 5.351, 4.653, 3.834, 3.357, 2.445, 2.463, 2.792, 0.0, 1.362, 1.177, 3.038, 3.039, 2.304, 2.376, 3.816, 5.38, 7.485, 8.245, 10.086, 11.654, 12.218, 10.48, 10.108, 11.283, 12.345, 12.374, 11.465, 11.622, 11.847, 13.891, 13.306, 11.949, 11.702, 11.472, 10.104, 7.592, 8.55, 8.207, 5.716, 4.032, 2.395, 3.502, 3.448, 4.224, 3.982, 2.302, 2.426, 4.364, 3.838, 1.817, 2.465, 2.716, 1.799, 2.867, 4.177, 3.996, 6.534, 8.19, 6.399, 5.819, 5.564, 7.549, 7.968, 3.777, 7.107, 12.411, 12.269, 11.851, 11.389, 10.074, 11.409, 14.257, 14.11, 13.178, 13.476, 12.953, 12.354, 11.528, 11.755, 11.407, 8.913, 4.709, 4.259, 8.392, 9.927, 10.029, 11.883, 12.722, 13.219, 14.211, 13.764, 12.217, 10.803, 9.155, 8.409, 7.836, 5.314, 3.644], [2.481, 2.152, 2.637, 4.31, 3.415, 3.422, 4.842, 3.862, 4.783, 5.807, 5.062, 4.214, 3.726, 2.707, 2.613, 3.184, 1.362, 0.0, 2.07, 2.744, 2.755, 2.059, 1.657, 3.35, 5.159, 7.092, 7.958, 9.854, 11.359, 11.951, 10.157, 9.843, 10.875, 11.973, 12.142, 11.26, 11.343, 11.652, 13.69, 13.087, 11.713, 11.458, 11.052, 9.845, 7.259, 8.192, 7.908, 5.418, 3.665, 2.594, 3.811, 4.105, 4.893, 4.896, 3.18, 2.517, 4.048, 3.568, 1.65, 2.956, 3.19, 2.27, 2.523, 3.801, 3.73, 6.225, 7.872, 6.067, 5.449, 5.278, 7.328, 7.741, 3.585, 6.916, 12.182, 12.051, 11.64, 11.114, 9.716, 11.021, 13.864, 13.811, 12.963, 13.255, 12.779, 12.161, 11.278, 11.362, 10.992, 8.527, 4.368, 3.801, 8.15, 9.657, 9.832, 11.475, 12.475, 12.95, 13.939, 13.543, 11.978, 10.607, 8.715, 7.892, 7.616, 5.02, 3.415], [2.962, 2.285, 1.764, 3.121, 1.797, 2.334, 4.223, 3.248, 4.347, 5.409, 4.66, 3.715, 3.354, 2.526, 2.651, 2.737, 1.177, 2.07, 0.0, 3.004, 3.162, 2.512, 2.784, 3.788, 5.414, 7.491, 8.445, 10.014, 11.584, 12.161, 10.453, 10.059, 11.187, 12.279, 12.316, 11.414, 11.559, 11.783, 13.799, 13.297, 11.938, 11.608, 11.402, 10.05, 7.702, 8.737, 8.198, 5.975, 4.487, 2.457, 3.22, 3.338, 4.2, 3.802, 2.03, 2.364, 4.387, 4.012, 2.084, 2.183, 2.37, 1.704, 3.209, 4.183, 3.946, 6.485, 8.163, 6.371, 5.739, 5.508, 7.513, 7.94, 3.857, 7.133, 12.308, 12.203, 11.746, 11.341, 10.112, 11.338, 14.186, 14.064, 13.08, 13.404, 12.897, 12.275, 11.466, 11.689, 11.34, 8.854, 4.783, 4.632, 8.308, 9.873, 9.945, 11.787, 12.715, 13.215, 14.186, 13.76, 12.195, 10.755, 9.371, 8.647, 7.728, 5.275, 3.624], [2.155, 2.092, 4.261, 5.554, 4.215, 4.26, 6.703, 6.075, 7.125, 8.19, 7.49, 6.36, 5.593, 4.16, 4.434, 5.438, 3.038, 2.744, 3.004, 0.0, 0.978, 1.92, 2.251, 1.893, 2.806, 5.106, 6.211, 7.389, 8.838, 9.442, 7.783, 7.405, 8.465, 9.498, 9.549, 8.745, 8.875, 9.159, 11.083, 10.686, 9.662, 9.311, 8.948, 7.555, 6.204, 6.89, 5.748, 3.976, 3.008, 3.605, 5.572, 6.045, 6.952, 6.514, 3.648, 1.332, 1.724, 1.649, 2.149, 4.848, 4.78, 3.834, 2.772, 2.892, 2.646, 3.718, 5.318, 3.533, 2.977, 3.021, 4.844, 5.228, 2.788, 4.888, 9.643, 9.464, 9.007, 8.71, 7.773, 8.571, 11.419, 11.255, 10.326, 10.656, 10.25, 9.555, 8.796, 8.908, 8.559, 6.062, 2.501, 3.295, 5.747, 7.18, 7.199, 9.072, 10.153, 10.627, 11.407, 11.074, 9.69, 8.469, 7.302, 6.943, 5.175, 3.1, 2.077], [1.756, 1.882, 4.141, 5.354, 4.401, 4.156, 6.559, 5.937, 6.846, 7.914, 7.249, 6.081, 5.261, 3.777, 4.212, 5.298, 3.039, 2.755, 3.162, 0.978, 0.0, 1.736, 2.102, 1.846, 2.976, 5.207, 6.401, 7.711, 9.226, 9.796, 8.071, 7.714, 8.837, 9.939, 9.87, 8.96, 8.992, 9.267, 11.237, 10.707, 9.937, 9.573, 9.335, 7.967, 6.205, 6.777, 5.799, 3.958, 2.954, 3.628, 5.505, 6.049, 6.796, 6.576, 3.748, 1.535, 2.091, 2.004, 2.111, 4.927, 4.893, 3.861, 2.586, 2.948, 2.545, 4.129, 5.732, 3.992, 3.378, 3.401, 5.002, 5.531, 2.754, 4.794, 9.871, 9.661, 9.203, 8.94, 7.872, 8.948, 11.795, 11.665, 10.555, 10.879, 10.215, 9.586, 9.014, 9.35, 9.001, 6.503, 2.747, 2.814, 5.828, 7.411, 7.254, 9.51, 10.248, 10.659, 11.776, 11.187, 9.962, 8.536, 7.281, 6.67, 5.289, 3.259, 1.932], [1.776, 1.773, 2.954, 4.375, 3.677, 3.465, 5.288, 4.547, 5.589, 6.566, 5.809, 4.769, 4.153, 2.988, 3.176, 3.96, 2.304, 2.059, 2.512, 1.92, 1.736, 0.0, 1.498, 2.74, 4.11, 5.863, 7.035, 8.855, 10.426, 10.986, 9.242, 8.893, 10.024, 11.129, 11.14, 10.146, 10.273, 10.357, 12.442, 11.934, 10.886, 10.576, 10.291, 8.912, 6.859, 6.989, 6.796, 4.402, 3.372, 3.316, 4.096, 4.868, 5.495, 5.56, 3.286, 1.872, 3.191, 2.682, 1.342, 3.335, 3.443, 2.664, 2.257, 3.36, 3.166, 5.332, 7.01, 5.218, 4.585, 4.472, 6.341, 6.667, 3.298, 5.784, 11.003, 10.965, 10.483, 10.151, 8.639, 10.175, 13.029, 12.894, 11.855, 12.179, 11.499, 10.904, 10.286, 10.539, 10.191, 7.693, 3.692, 2.923, 6.88, 8.521, 8.661, 10.637, 11.213, 11.608, 13.017, 12.508, 10.946, 9.423, 7.405, 6.859, 6.491, 4.244, 2.883], [1.593, 1.757, 3.316, 4.907, 3.908, 3.504, 5.528, 4.957, 6.032, 6.935, 6.186, 5.094, 4.297, 3.084, 3.149, 4.187, 2.376, 1.657, 2.784, 2.251, 2.102, 1.498, 0.0, 2.168, 3.942, 5.815, 6.783, 8.725, 10.211, 10.809, 8.991, 8.706, 9.735, 10.825, 11.013, 10.099, 10.178, 10.388, 12.473, 11.901, 10.579, 10.323, 9.874, 8.716, 6.174, 6.728, 6.713, 4.186, 2.913, 2.953, 4.346, 5.122, 5.917, 5.983, 3.818, 2.037, 2.9, 2.509, 1.429, 3.653, 3.695, 2.706, 1.724, 2.876, 2.748, 5.082, 6.724, 4.937, 4.316, 4.272, 6.192, 6.499, 2.838, 5.645, 10.968, 10.892, 10.461, 9.955, 8.399, 9.847, 12.692, 12.669, 11.803, 12.107, 11.516, 10.935, 10.149, 10.203, 9.821, 7.384, 3.445, 2.626, 6.932, 8.452, 8.645, 10.272, 11.123, 11.575, 12.792, 12.395, 10.768, 9.36, 7.217, 6.611, 6.447, 3.865, 2.405], [2.319, 2.661, 4.838, 6.21, 4.807, 4.325, 7.373, 6.775, 7.901, 8.958, 8.209, 7.084, 6.243, 4.645, 5.021, 6.196, 3.816, 3.35, 3.788, 1.893, 1.846, 2.74, 2.168, 0.0, 2.018, 4.093, 5.155, 6.651, 8.087, 8.658, 6.942, 6.681, 7.691, 8.759, 8.869, 8.031, 8.081, 8.429, 10.445, 9.88, 8.8, 8.4, 8.028, 6.797, 4.844, 5.562, 4.827, 2.814, 1.894, 3.583, 6.142, 6.745, 7.709, 7.34, 4.593, 2.128, 1.713, 1.789, 2.736, 5.457, 5.352, 4.176, 2.183, 1.942, 1.808, 2.978, 4.642, 3.227, 2.679, 2.8, 4.104, 4.542, 2.218, 3.887, 8.945, 8.79, 8.378, 7.895, 6.657, 7.82, 10.653, 10.56, 9.69, 9.99, 9.567, 8.921, 8.013, 8.14, 7.791, 5.319, 1.883, 2.065, 4.913, 6.462, 6.574, 8.325, 9.255, 9.748, 10.664, 10.314, 8.839, 7.526, 6.119, 5.577, 4.388, 2.123, 1.262], [3.795, 3.976, 6.475, 7.806, 6.252, 5.847, 9.044, 8.467, 9.553, 10.618, 9.885, 8.778, 7.945, 6.324, 6.743, 7.87, 5.38, 5.159, 5.414, 2.806, 2.976, 4.11, 3.942, 2.018, 0.0, 2.968, 4.185, 5.258, 6.416, 7.021, 5.306, 5.432, 6.199, 7.07, 7.142, 6.224, 6.668, 6.791, 8.677, 8.408, 7.69, 7.297, 6.88, 5.55, 4.285, 4.734, 3.566, 2.061, 2.387, 5.187, 7.819, 8.398, 9.337, 8.93, 5.882, 3.539, 2.179, 2.502, 4.411, 7.137, 7.04, 5.734, 3.476, 2.545, 2.235, 1.509, 3.016, 2.562, 2.014, 2.057, 3.059, 2.76, 2.746, 3.073, 7.147, 7.142, 6.674, 6.352, 5.592, 6.25, 8.988, 8.837, 7.97, 8.281, 7.695, 7.082, 6.31, 6.489, 6.164, 3.714, 1.968, 2.448, 3.318, 4.732, 4.81, 6.885, 7.566, 8.34, 9.158, 9.039, 7.508, 6.371, 5.521, 5.342, 3.165, 1.719, 2.212], [5.522, 5.841, 8.294, 9.613, 8.363, 7.734, 10.783, 10.25, 11.346, 12.405, 11.615, 10.485, 9.654, 8.091, 8.531, 9.78, 7.485, 7.092, 7.491, 5.106, 5.207, 5.863, 5.815, 4.093, 2.968, 0.0, 1.753, 3.318, 4.729, 5.249, 3.471, 3.366, 4.271, 5.375, 5.426, 4.383, 4.549, 4.605, 6.66, 6.286, 5.544, 5.15, 4.802, 3.604, 3.262, 2.66, 1.753, 2.096, 4.056, 7.119, 9.521, 10.247, 11.04, 10.816, 8.181, 5.927, 4.449, 4.203, 6.251, 8.869, 8.862, 7.477, 4.898, 3.794, 4.01, 2.956, 3.801, 4.323, 4.02, 3.929, 3.244, 2.401, 4.362, 2.356, 5.25, 5.249, 4.73, 4.416, 3.402, 4.455, 7.261, 7.131, 6.082, 6.44, 5.708, 5.177, 4.628, 4.903, 4.763, 3.08, 3.704, 3.571, 2.067, 3.078, 3.113, 4.849, 5.633, 6.132, 7.337, 7.168, 5.394, 4.051, 4.142, 4.16, 2.255, 2.876, 4.371], [6.489, 6.899, 9.244, 10.636, 9.091, 8.657, 11.912, 11.311, 12.433, 13.497, 12.748, 11.623, 10.782, 9.185, 9.587, 10.769, 8.245, 7.958, 8.445, 6.211, 6.401, 7.035, 6.783, 5.155, 4.185, 1.753, 0.0, 2.154, 3.608, 4.083, 2.767, 2.368, 3.327, 4.686, 4.43, 3.552, 3.637, 4.068, 5.757, 5.483, 4.381, 4.364, 4.059, 3.025, 2.893, 2.471, 1.837, 2.879, 4.905, 7.87, 10.596, 11.101, 12.121, 11.791, 9.287, 6.858, 5.454, 4.855, 7.333, 9.997, 9.899, 8.515, 5.917, 4.633, 4.959, 3.975, 4.463, 5.227, 4.821, 4.892, 3.533, 2.657, 5.182, 2.502, 4.322, 4.428, 3.82, 3.421, 2.835, 3.458, 6.107, 6.007, 5.038, 5.35, 4.944, 4.396, 3.624, 3.889, 3.814, 3.017, 4.555, 4.694, 2.269, 2.576, 2.726, 4.072, 4.945, 5.846, 6.704, 6.553, 4.552, 3.608, 4.141, 4.101, 2.423, 3.791, 5.386], [8.27, 8.533, 11.052, 12.421, 10.563, 10.54, 13.79, 13.202, 14.252, 15.316, 14.63, 13.451, 12.601, 11.004, 11.487, 12.646, 10.086, 9.854, 10.014, 7.389, 7.711, 8.855, 8.725, 6.651, 5.258, 3.318, 2.154, 0.0, 2.086, 2.383, 1.69, 1.218, 2.029, 2.887, 2.507, 2.146, 2.518, 2.963, 4.207, 4.321, 3.236, 3.111, 3.163, 1.804, 3.03, 2.518, 2.303, 4.672, 6.704, 9.704, 12.521, 13.004, 13.943, 13.615, 10.531, 8.06, 6.136, 6.379, 9.157, 11.911, 11.836, 10.441, 7.792, 6.251, 6.216, 4.605, 4.904, 5.681, 5.522, 5.355, 3.641, 3.098, 6.499, 3.494, 2.683, 2.692, 2.391, 2.338, 2.312, 1.784, 4.533, 4.291, 3.266, 3.668, 3.606, 2.971, 2.905, 2.613, 3.211, 3.37, 5.551, 6.455, 2.626, 2.03, 1.722, 2.742, 3.857, 4.982, 5.309, 5.265, 3.455, 2.947, 4.336, 4.284, 2.651, 4.961, 6.729], [9.922, 10.19, 12.71, 14.078, 12.1, 12.116, 15.395, 14.803, 15.91, 16.974, 16.225, 15.1, 14.259, 12.662, 13.044, 14.202, 11.654, 11.359, 11.584, 8.838, 9.226, 10.426, 10.211, 8.087, 6.416, 4.729, 3.608, 2.086, 0.0, 1.187, 1.996, 2.05, 2.028, 2.439, 2.276, 2.294, 2.495, 2.833, 3.386, 4.049, 3.844, 4.084, 4.002, 3.099, 4.546, 3.986, 3.805, 6.238, 8.345, 11.283, 14.105, 14.592, 15.595, 15.264, 12.106, 9.46, 7.425, 7.96, 10.752, 13.493, 13.366, 12.0, 9.391, 7.791, 7.851, 5.155, 4.947, 5.943, 6.076, 6.243, 4.433, 3.853, 8.031, 5.001, 2.489, 2.819, 2.692, 2.605, 3.375, 1.72, 2.991, 2.829, 2.291, 2.797, 2.434, 1.88, 2.13, 1.905, 2.247, 3.535, 7.105, 8.083, 3.643, 2.66, 2.433, 2.751, 4.044, 5.235, 4.949, 5.492, 4.06, 4.029, 5.543, 5.738, 4.257, 6.386, 8.293], [10.489, 10.76, 13.28, 14.647, 12.712, 12.688, 15.959, 15.358, 16.48, 17.544, 16.795, 15.67, 14.829, 13.232, 13.639, 14.821, 12.218, 11.951, 12.161, 9.442, 9.796, 10.986, 10.809, 8.658, 7.021, 5.249, 4.083, 2.383, 1.187, 0.0, 1.948, 2.403, 1.694, 2.036, 1.605, 1.702, 1.814, 2.258, 2.496, 3.293, 3.084, 3.394, 3.328, 2.741, 4.929, 4.417, 4.341, 6.843, 8.9, 11.889, 14.648, 15.148, 16.173, 15.825, 12.675, 10.048, 8.063, 8.553, 11.362, 14.039, 13.94, 12.566, 9.945, 8.316, 8.43, 5.887, 5.697, 6.62, 6.69, 6.806, 4.918, 4.493, 8.624, 5.539, 1.84, 2.236, 2.104, 2.049, 3.103, 1.687, 2.866, 2.75, 2.036, 2.282, 2.312, 1.938, 2.514, 2.348, 2.983, 4.254, 7.664, 8.639, 4.186, 2.822, 2.707, 2.061, 3.21, 4.346, 4.236, 4.721, 3.33, 3.312, 4.996, 5.32, 4.712, 7.033, 8.831], [8.753, 9.016, 11.547, 12.903, 11.118, 10.92, 14.215, 13.59, 14.736, 15.8, 15.051, 13.926, 13.085, 11.488, 11.881, 13.062, 10.48, 10.157, 10.453, 7.783, 8.071, 9.242, 8.991, 6.942, 5.306, 3.471, 2.767, 1.69, 1.996, 1.948, 0.0, 1.907, 1.235, 2.158, 2.256, 1.749, 1.757, 2.097, 3.597, 3.582, 3.028, 2.95, 2.522, 2.08, 3.156, 2.69, 2.605, 5.09, 7.193, 10.135, 12.81, 13.392, 14.421, 14.057, 10.932, 8.471, 6.831, 6.944, 9.603, 12.25, 12.111, 10.728, 8.171, 6.658, 6.719, 4.811, 5.311, 6.056, 5.691, 5.761, 3.875, 3.059, 7.186, 3.792, 2.355, 2.436, 2.038, 1.726, 1.878, 1.529, 4.026, 3.915, 3.012, 3.249, 2.863, 2.49, 2.577, 2.847, 3.485, 3.642, 6.371, 6.895, 2.528, 1.86, 1.377, 1.873, 2.898, 3.855, 4.457, 4.775, 2.966, 2.518, 4.056, 4.088, 3.091, 5.502, 7.207], [8.304, 8.545, 11.103, 12.452, 10.547, 10.574, 13.847, 13.261, 14.239, 15.326, 14.655, 13.446, 12.635, 10.973, 11.515, 12.612, 10.108, 9.843, 10.059, 7.405, 7.714, 8.893, 8.706, 6.681, 5.432, 3.366, 2.368, 1.218, 2.05, 2.403, 1.907, 0.0, 1.861, 3.253, 3.013, 2.625, 2.505, 2.914, 4.198, 4.111, 3.213, 3.337, 3.268, 2.121, 3.025, 2.672, 2.359, 4.68, 6.759, 9.696, 12.581, 13.081, 13.943, 13.672, 10.711, 8.095, 6.239, 6.417, 9.147, 11.961, 11.841, 10.478, 7.875, 6.355, 6.354, 4.899, 5.279, 6.02, 5.731, 5.78, 3.87, 3.371, 6.364, 3.361, 3.055, 2.764, 2.593, 2.388, 2.432, 1.991, 4.401, 4.228, 3.332, 3.656, 3.392, 2.725, 2.592, 2.496, 3.143, 3.679, 5.718, 6.517, 2.893, 2.161, 1.776, 2.696, 4.094, 5.061, 5.18, 5.032, 3.356, 3.087, 4.287, 4.418, 2.777, 4.948, 6.889], [9.516, 9.771, 12.302, 13.684, 11.777, 11.69, 14.994, 14.374, 15.497, 16.57, 15.831, 14.698, 13.853, 12.254, 12.645, 13.811, 11.283, 10.875, 11.187, 8.465, 8.837, 10.024, 9.735, 7.691, 6.199, 4.271, 3.327, 2.029, 2.028, 1.694, 1.235, 1.861, 0.0, 1.929, 1.843, 1.708, 1.723, 2.218, 2.959, 3.101, 2.524, 2.762, 2.308, 2.04, 3.894, 3.508, 3.406, 5.843, 7.94, 10.867, 13.624, 14.19, 15.19, 14.829, 11.753, 9.096, 7.353, 7.594, 10.352, 13.036, 12.868, 11.515, 8.985, 7.37, 7.498, 5.525, 5.881, 6.659, 6.275, 6.431, 4.455, 3.864, 7.823, 4.555, 1.876, 1.882, 1.628, 1.575, 2.349, 1.446, 3.619, 3.502, 2.713, 2.749, 2.729, 2.638, 2.908, 2.982, 3.657, 4.263, 6.933, 7.669, 3.459, 2.37, 2.048, 1.382, 2.588, 3.731, 4.095, 4.284, 2.471, 2.517, 4.167, 4.417, 3.845, 6.137, 7.898], [10.626, 10.898, 13.424, 14.79, 12.814, 12.794, 16.103, 15.477, 16.623, 17.688, 16.939, 15.814, 14.972, 13.375, 13.75, 14.916, 12.345, 11.973, 12.279, 9.498, 9.939, 11.129, 10.825, 8.759, 7.07, 5.375, 4.686, 2.887, 2.439, 2.036, 2.158, 3.253, 1.929, 0.0, 1.544, 2.177, 2.386, 2.671, 3.239, 3.131, 2.646, 2.318, 1.975, 2.341, 4.933, 4.546, 4.484, 6.952, 9.029, 11.911, 14.737, 15.279, 16.309, 15.945, 12.818, 10.097, 8.072, 8.64, 11.466, 14.159, 13.995, 12.628, 10.056, 8.391, 8.555, 5.883, 5.903, 6.614, 6.801, 6.862, 5.156, 4.709, 8.75, 5.665, 1.721, 2.145, 2.076, 2.276, 3.209, 2.067, 4.035, 3.727, 3.318, 3.543, 3.742, 3.351, 4.175, 3.674, 4.295, 4.181, 7.687, 8.782, 4.336, 3.598, 2.967, 1.471, 2.325, 3.326, 3.293, 3.945, 2.362, 2.442, 4.45, 5.01, 4.836, 7.095, 8.967], [10.586, 10.847, 13.354, 14.74, 12.867, 12.828, 16.091, 15.503, 16.554, 17.618, 16.932, 15.753, 14.903, 13.306, 13.788, 14.934, 12.374, 12.142, 12.316, 9.549, 9.87, 11.14, 11.013, 8.869, 7.142, 5.426, 4.43, 2.507, 2.276, 1.605, 2.256, 3.013, 1.843, 1.544, 0.0, 1.364, 1.884, 2.55, 2.83, 3.385, 2.752, 2.712, 2.69, 2.383, 5.046, 4.548, 4.415, 6.967, 9.001, 12.01, 14.84, 15.3, 16.245, 15.916, 12.815, 10.251, 8.286, 8.661, 11.455, 14.212, 14.124, 12.758, 10.104, 8.557, 8.502, 5.982, 5.406, 6.447, 6.924, 6.925, 5.134, 4.574, 8.795, 5.662, 1.289, 1.844, 1.503, 1.882, 3.135, 2.018, 3.639, 3.415, 2.906, 2.997, 3.127, 2.613, 3.462, 3.067, 3.773, 4.187, 7.806, 8.744, 4.342, 2.864, 2.75, 1.751, 2.543, 3.687, 4.179, 4.567, 2.849, 2.723, 4.65, 5.034, 4.815, 7.228, 9.0], [9.583, 9.804, 12.363, 13.724, 12.063, 11.901, 15.044, 14.517, 15.565, 16.626, 15.903, 14.723, 13.879, 12.266, 12.825, 13.997, 11.465, 11.26, 11.414, 8.745, 8.96, 10.146, 10.099, 8.031, 6.224, 4.383, 3.552, 2.146, 2.294, 1.702, 1.749, 2.625, 1.708, 2.177, 1.364, 0.0, 1.583, 2.107, 2.887, 3.52, 3.08, 2.947, 2.937, 2.163, 4.157, 3.63, 3.493, 6.034, 8.139, 11.167, 13.85, 14.378, 15.288, 14.948, 11.83, 9.512, 7.692, 7.917, 10.509, 13.226, 13.191, 11.784, 9.129, 7.739, 7.656, 5.399, 5.294, 6.253, 6.364, 6.368, 4.475, 3.668, 8.148, 4.668, 1.355, 1.934, 1.369, 1.447, 2.406, 1.703, 3.869, 3.768, 2.897, 2.966, 2.724, 2.332, 3.065, 2.997, 3.658, 4.014, 7.293, 7.765, 3.312, 2.082, 1.989, 2.097, 2.589, 3.85, 4.528, 4.849, 2.977, 2.506, 4.074, 4.131, 3.831, 6.454, 8.078], [9.63, 9.978, 12.451, 13.852, 12.262, 11.98, 15.232, 14.643, 15.622, 16.713, 16.043, 14.855, 14.008, 12.381, 12.901, 14.036, 11.622, 11.343, 11.559, 8.875, 8.992, 10.273, 10.178, 8.081, 6.668, 4.549, 3.637, 2.518, 2.495, 1.814, 1.757, 2.505, 1.723, 2.386, 1.884, 1.583, 0.0, 1.342, 2.475, 2.459, 2.267, 2.627, 2.671, 2.596, 4.259, 3.708, 3.639, 6.13, 8.198, 11.219, 13.951, 14.477, 15.327, 15.056, 12.172, 9.764, 8.171, 8.07, 10.544, 13.341, 13.27, 11.858, 9.228, 7.785, 7.828, 6.248, 6.367, 7.255, 7.108, 7.156, 5.187, 4.411, 8.28, 4.84, 1.814, 1.863, 1.633, 1.401, 2.152, 2.096, 4.054, 4.023, 2.825, 2.967, 2.924, 2.626, 2.841, 3.447, 4.106, 5.028, 7.706, 7.884, 3.884, 2.591, 2.546, 1.72, 2.456, 3.134, 3.886, 3.925, 2.396, 2.445, 4.114, 4.208, 4.244, 6.792, 8.327], [9.838, 10.025, 12.697, 13.861, 12.487, 12.254, 15.251, 14.749, 15.785, 16.813, 16.044, 14.874, 14.054, 12.465, 13.033, 14.256, 11.847, 11.652, 11.783, 9.159, 9.267, 10.357, 10.388, 8.429, 6.791, 4.605, 4.068, 2.963, 2.833, 2.258, 2.097, 2.914, 2.218, 2.671, 2.55, 2.107, 1.342, 0.0, 2.232, 2.178, 2.314, 2.677, 2.856, 2.922, 4.588, 3.827, 3.895, 6.288, 8.498, 11.553, 14.09, 14.714, 15.477, 15.265, 12.253, 9.987, 8.384, 8.371, 10.703, 13.43, 13.411, 12.032, 9.332, 8.107, 8.178, 6.492, 6.999, 7.651, 7.252, 7.377, 5.327, 4.659, 8.51, 4.882, 2.043, 1.958, 1.722, 1.754, 2.172, 2.326, 4.153, 4.172, 3.003, 3.106, 2.806, 2.669, 3.273, 4.021, 4.616, 5.328, 7.915, 8.033, 3.865, 3.184, 2.798, 2.116, 2.576, 3.276, 3.429, 3.727, 2.559, 2.504, 4.268, 4.239, 4.313, 7.002, 8.484], [11.85, 11.989, 14.723, 15.91, 14.413, 14.304, 17.329, 16.833, 17.798, 18.848, 18.12, 16.9, 16.101, 14.507, 15.119, 16.311, 13.891, 13.69, 13.799, 11.083, 11.237, 12.442, 12.473, 10.445, 8.677, 6.66, 5.757, 4.207, 3.386, 2.496, 3.597, 4.198, 2.959, 3.239, 2.83, 2.887, 2.475, 2.232, 0.0, 1.96, 2.905, 3.303, 3.765, 4.166, 6.564, 5.894, 5.855, 8.305, 10.458, 13.514, 16.177, 16.758, 17.491, 17.284, 14.228, 11.879, 10.073, 10.289, 12.744, 15.505, 15.501, 14.113, 11.416, 10.102, 10.066, 7.937, 7.948, 8.864, 8.727, 8.817, 6.697, 6.144, 10.375, 6.865, 2.221, 2.26, 2.431, 2.755, 4.176, 3.379, 3.529, 3.235, 2.346, 2.193, 2.348, 2.836, 3.36, 4.109, 4.682, 6.638, 9.666, 10.082, 5.617, 4.294, 4.086, 2.823, 2.762, 3.38, 3.539, 3.878, 3.131, 3.666, 5.651, 6.043, 6.124, 8.812, 10.47], [11.293, 11.589, 14.08, 15.449, 14.035, 13.721, 16.869, 16.325, 17.273, 18.329, 17.667, 16.454, 15.598, 13.989, 14.612, 15.76, 13.306, 13.087, 13.297, 10.686, 10.707, 11.934, 11.901, 9.88, 8.408, 6.286, 5.483, 4.321, 4.049, 3.293, 3.582, 4.111, 3.101, 3.131, 3.385, 3.52, 2.459, 2.178, 1.96, 0.0, 2.308, 2.707, 3.032, 4.069, 5.994, 5.363, 5.305, 7.867, 9.969, 12.99, 15.636, 16.191, 17.019, 16.758, 13.792, 11.544, 9.942, 9.857, 12.256, 15.026, 14.991, 13.575, 10.912, 9.572, 9.59, 8.211, 8.66, 9.357, 8.98, 9.06, 7.023, 6.323, 9.998, 6.406, 2.742, 2.082, 2.671, 2.67, 3.574, 3.669, 4.703, 4.11, 3.194, 3.217, 3.45, 4.141, 4.197, 5.337, 5.956, 7.129, 9.478, 9.567, 5.631, 4.812, 4.322, 2.556, 2.318, 2.695, 2.676, 2.617, 2.196, 3.052, 5.108, 5.661, 5.91, 8.571, 10.036], [10.075, 10.349, 12.885, 14.24, 12.503, 12.357, 15.61, 15.014, 16.058, 17.133, 16.45, 15.259, 14.405, 12.817, 13.316, 14.475, 11.949, 11.713, 11.938, 9.662, 9.937, 10.886, 10.579, 8.8, 7.69, 5.544, 4.381, 3.236, 3.844, 3.084, 3.028, 3.213, 2.524, 2.646, 2.752, 3.08, 2.267, 2.314, 2.905, 2.308, 0.0, 1.3, 1.835, 2.684, 4.642, 4.138, 4.518, 6.619, 8.555, 11.552, 14.322, 14.846, 15.751, 15.431, 12.744, 10.288, 8.78, 8.517, 10.984, 13.713, 13.647, 12.242, 9.587, 8.212, 8.316, 7.458, 7.935, 8.629, 8.248, 8.23, 6.323, 5.79, 8.582, 5.373, 2.384, 2.004, 2.193, 2.257, 2.543, 2.992, 5.08, 5.043, 4.082, 4.131, 4.289, 4.305, 4.675, 5.112, 5.762, 6.359, 7.901, 8.43, 5.214, 4.33, 3.842, 1.958, 2.271, 2.894, 3.015, 2.815, 1.461, 1.882, 3.98, 4.526, 4.886, 7.137, 8.821], [9.875, 10.142, 12.66, 14.027, 12.208, 12.142, 15.349, 14.788, 15.872, 16.924, 16.175, 15.05, 14.209, 12.605, 13.078, 14.258, 11.702, 11.458, 11.608, 9.311, 9.573, 10.576, 10.323, 8.4, 7.297, 5.15, 4.364, 3.111, 4.084, 3.394, 2.95, 3.337, 2.762, 2.318, 2.712, 2.947, 2.627, 2.677, 3.303, 2.707, 1.3, 0.0, 1.493, 2.286, 4.397, 3.829, 4.152, 6.356, 8.34, 11.356, 14.091, 14.601, 15.588, 15.247, 12.282, 9.843, 8.315, 8.276, 10.787, 13.497, 13.433, 12.029, 9.358, 7.937, 8.016, 6.911, 7.614, 8.213, 7.818, 7.727, 5.85, 5.53, 8.287, 5.088, 2.339, 2.038, 2.151, 2.341, 2.678, 3.241, 5.76, 5.584, 4.615, 4.534, 4.819, 4.672, 5.062, 5.251, 5.962, 5.831, 7.51, 8.185, 4.714, 4.224, 3.491, 1.934, 1.913, 2.487, 2.81, 2.747, 1.381, 1.555, 3.625, 4.244, 4.538, 6.778, 8.428], [9.742, 10.025, 12.53, 13.911, 12.002, 11.915, 15.224, 14.598, 15.727, 16.801, 16.06, 14.929, 14.084, 12.485, 12.871, 14.036, 11.472, 11.052, 11.402, 8.948, 9.335, 10.291, 9.874, 8.028, 6.88, 4.802, 4.059, 3.163, 4.002, 3.328, 2.522, 3.268, 2.308, 1.975, 2.69, 2.937, 2.671, 2.856, 3.765, 3.032, 1.835, 1.493, 0.0, 2.123, 4.04, 3.709, 3.829, 6.081, 8.181, 11.044, 13.808, 14.4, 15.421, 15.06, 12.079, 9.496, 7.885, 7.867, 10.583, 13.258, 13.042, 11.694, 9.161, 7.559, 7.752, 6.541, 7.099, 7.785, 7.351, 7.451, 5.6, 5.047, 8.022, 4.868, 2.642, 2.5, 2.312, 2.341, 2.588, 3.063, 5.403, 5.411, 4.667, 4.573, 4.688, 4.639, 4.904, 5.019, 5.693, 5.343, 7.268, 7.92, 4.361, 3.847, 3.257, 1.504, 2.101, 2.63, 3.256, 3.342, 1.618, 1.59, 3.564, 4.1, 4.301, 6.394, 8.277], [8.386, 8.647, 11.141, 12.536, 10.593, 10.562, 13.849, 13.252, 14.339, 15.404, 14.69, 13.53, 12.688, 11.091, 11.515, 12.648, 10.104, 9.845, 10.05, 7.555, 7.967, 8.912, 8.716, 6.797, 5.55, 3.604, 3.025, 1.804, 3.099, 2.741, 2.08, 2.121, 2.04, 2.341, 2.383, 2.163, 2.596, 2.922, 4.166, 4.069, 2.684, 2.286, 2.123, 0.0, 2.868, 2.621, 2.513, 4.716, 6.759, 9.741, 12.589, 13.062, 14.025, 13.678, 10.777, 8.2, 6.356, 6.499, 9.182, 11.949, 11.822, 10.485, 7.865, 6.34, 6.344, 4.948, 5.624, 6.206, 6.04, 5.769, 4.03, 3.813, 6.628, 3.585, 2.586, 2.504, 2.17, 2.248, 2.137, 2.334, 5.044, 4.877, 4.013, 4.099, 4.294, 3.88, 4.309, 4.083, 4.752, 3.792, 5.664, 6.526, 3.016, 2.697, 2.255, 2.22, 3.409, 4.114, 4.576, 4.581, 2.89, 1.939, 2.85, 3.046, 2.886, 5.055, 6.942], [5.893, 6.249, 8.52, 9.932, 8.447, 7.945, 11.216, 10.595, 11.701, 12.765, 12.057, 10.891, 10.05, 8.453, 8.882, 10.01, 7.592, 7.259, 7.702, 6.204, 6.205, 6.859, 6.174, 4.844, 4.285, 3.262, 2.893, 3.03, 4.546, 4.929, 3.156, 3.025, 3.894, 4.933, 5.046, 4.157, 4.259, 4.588, 6.564, 5.994, 4.642, 4.397, 4.04, 2.868, 0.0, 1.669, 1.951, 2.95, 4.345, 7.198, 9.923, 10.516, 11.387, 11.052, 8.862, 6.691, 5.591, 5.622, 6.659, 9.297, 9.138, 7.822, 5.401, 4.697, 4.507, 4.436, 5.772, 5.958, 5.938, 5.278, 3.582, 3.649, 4.913, 2.227, 5.106, 4.939, 4.537, 4.035, 2.685, 4.06, 6.885, 6.758, 5.866, 6.143, 5.699, 5.185, 4.749, 4.93, 5.488, 4.11, 4.595, 4.296, 2.569, 3.126, 2.95, 4.452, 5.372, 5.82, 6.86, 6.448, 4.892, 3.502, 2.623, 2.367, 1.996, 3.882, 4.988], [6.523, 7.103, 9.285, 10.654, 9.569, 8.732, 11.631, 11.123, 12.25, 13.158, 12.402, 11.29, 10.47, 8.858, 9.295, 10.538, 8.55, 8.192, 8.737, 6.89, 6.777, 6.989, 6.728, 5.562, 4.734, 2.66, 2.471, 2.518, 3.986, 4.417, 2.69, 2.672, 3.508, 4.546, 4.548, 3.63, 3.708, 3.827, 5.894, 5.363, 4.138, 3.829, 3.709, 2.621, 1.669, 0.0, 1.799, 3.291, 5.112, 8.23, 10.413, 11.352, 12.013, 11.874, 9.64, 7.475, 6.297, 5.94, 7.085, 9.698, 9.767, 8.596, 5.996, 5.432, 5.39, 5.018, 6.128, 6.658, 6.421, 6.012, 4.151, 3.613, 5.833, 2.615, 4.488, 4.407, 3.93, 3.589, 2.049, 3.754, 6.507, 6.395, 5.295, 5.594, 4.985, 4.463, 4.148, 4.49, 5.022, 4.015, 5.185, 4.681, 2.351, 2.717, 2.423, 4.054, 4.582, 5.078, 6.421, 5.96, 4.337, 2.868, 2.62, 2.779, 2.259, 4.418, 5.823], [6.214, 6.547, 8.995, 10.37, 8.978, 8.555, 11.737, 11.177, 12.142, 13.212, 12.555, 11.354, 10.515, 8.891, 9.468, 10.595, 8.207, 7.908, 8.198, 5.748, 5.799, 6.796, 6.713, 4.827, 3.566, 1.753, 1.837, 2.303, 3.805, 4.341, 2.605, 2.359, 3.406, 4.484, 4.415, 3.493, 3.639, 3.895, 5.855, 5.305, 4.518, 4.152, 3.829, 2.513, 1.951, 1.799, 0.0, 2.822, 4.819, 7.867, 10.509, 11.067, 11.866, 11.613, 8.796, 6.633, 5.024, 5.012, 7.11, 9.887, 9.826, 8.45, 5.816, 4.566, 4.465, 3.567, 4.54, 4.988, 4.827, 4.427, 2.858, 2.512, 4.996, 1.894, 4.452, 4.234, 3.833, 3.46, 2.502, 3.566, 6.38, 6.217, 5.138, 5.447, 4.931, 4.394, 3.744, 4.127, 4.224, 2.77, 4.386, 4.411, 1.33, 2.356, 2.134, 4.02, 4.711, 5.15, 6.372, 6.017, 4.481, 3.173, 3.201, 3.237, 1.446, 3.483, 5.169], [3.987, 4.337, 6.631, 7.957, 6.649, 6.051, 9.193, 8.614, 9.676, 10.739, 10.004, 8.862, 8.038, 6.457, 6.86, 8.026, 5.716, 5.418, 5.975, 3.976, 3.958, 4.402, 4.186, 2.814, 2.061, 2.096, 2.879, 4.672, 6.238, 6.843, 5.09, 4.68, 5.843, 6.952, 6.967, 6.034, 6.13, 6.288, 8.305, 7.867, 6.619, 6.356, 6.081, 4.716, 2.95, 3.291, 2.822, 0.0, 2.345, 5.387, 7.964, 8.503, 9.377, 9.181, 6.81, 4.551, 3.373, 3.182, 4.552, 7.305, 7.223, 5.897, 3.475, 2.765, 2.694, 2.222, 3.734, 3.818, 3.726, 3.197, 3.085, 3.002, 2.91, 1.931, 6.925, 6.8, 6.33, 5.989, 4.65, 6.013, 8.851, 8.706, 7.686, 8.02, 7.404, 6.763, 6.139, 6.364, 6.052, 3.73, 2.34, 2.024, 3.002, 4.504, 4.552, 6.471, 7.338, 7.724, 8.848, 8.344, 6.783, 5.295, 3.903, 3.596, 2.461, 1.841, 3.008], [2.815, 3.239, 4.608, 6.071, 5.483, 4.657, 7.113, 6.527, 7.594, 8.658, 7.954, 6.784, 5.943, 4.412, 4.833, 5.976, 4.032, 3.665, 4.487, 3.008, 2.954, 3.372, 2.913, 1.894, 2.387, 4.056, 4.905, 6.704, 8.345, 8.9, 7.193, 6.759, 7.94, 9.029, 9.001, 8.139, 8.198, 8.498, 10.458, 9.969, 8.555, 8.34, 8.181, 6.759, 4.345, 5.112, 4.819, 2.345, 0.0, 3.398, 5.936, 6.724, 7.453, 7.509, 5.812, 3.57, 2.763, 2.434, 3.243, 5.383, 5.221, 4.138, 2.625, 2.598, 2.414, 3.32, 4.93, 3.917, 3.341, 3.552, 4.765, 4.715, 2.842, 3.938, 9.036, 8.877, 8.428, 8.133, 6.704, 8.091, 10.945, 10.776, 9.765, 10.084, 9.609, 8.928, 8.196, 8.44, 8.091, 5.615, 2.327, 2.162, 5.024, 6.574, 6.581, 8.537, 9.38, 9.803, 10.89, 10.438, 8.938, 7.452, 5.768, 5.305, 4.472, 2.211, 1.907], [2.961, 2.802, 2.037, 3.192, 2.59, 2.043, 4.247, 3.654, 4.712, 5.777, 5.088, 3.909, 3.064, 1.808, 2.117, 3.224, 2.395, 2.594, 2.457, 3.605, 3.628, 3.316, 2.953, 3.583, 5.187, 7.119, 7.87, 9.704, 11.283, 11.889, 10.135, 9.696, 10.867, 11.911, 12.01, 11.167, 11.219, 11.553, 13.514, 12.99, 11.552, 11.356, 11.044, 9.741, 7.198, 8.23, 7.867, 5.387, 3.398, 0.0, 2.911, 3.61, 4.462, 4.985, 4.179, 2.916, 4.15, 3.692, 2.486, 2.727, 2.44, 1.922, 2.503, 3.662, 3.678, 6.158, 7.72, 5.922, 5.407, 5.147, 7.21, 7.672, 3.414, 6.839, 12.076, 11.9, 11.481, 11.052, 9.707, 10.985, 13.825, 13.699, 12.781, 13.095, 12.641, 11.971, 11.165, 11.33, 11.019, 8.559, 4.759, 4.092, 8.225, 9.672, 9.67, 11.432, 12.453, 12.867, 13.826, 13.392, 11.933, 10.506, 8.675, 7.89, 7.518, 5.143, 3.596], [4.738, 4.525, 1.965, 1.822, 2.42, 2.256, 2.331, 1.831, 2.509, 3.074, 2.329, 1.667, 1.339, 2.116, 1.852, 1.522, 3.502, 3.811, 3.22, 5.572, 5.505, 4.096, 4.346, 6.142, 7.819, 9.521, 10.596, 12.521, 14.105, 14.648, 12.81, 12.581, 13.624, 14.737, 14.84, 13.85, 13.951, 14.09, 16.177, 15.636, 14.322, 14.091, 13.808, 12.589, 9.923, 10.413, 10.509, 7.964, 5.936, 2.911, 0.0, 2.085, 2.437, 3.739, 3.519, 4.859, 6.901, 6.366, 3.875, 1.438, 1.229, 2.246, 4.791, 6.361, 6.371, 8.984, 10.625, 8.829, 8.177, 7.979, 10.008, 10.351, 6.246, 9.406, 14.696, 14.656, 14.19, 13.822, 12.216, 13.751, 16.607, 16.518, 15.539, 15.87, 15.219, 14.64, 13.953, 14.097, 13.785, 11.337, 7.222, 6.306, 10.716, 12.28, 12.412, 14.194, 14.86, 15.325, 16.665, 16.198, 14.574, 13.061, 10.847, 10.253, 10.184, 7.841, 6.133], [5.464, 5.052, 2.534, 1.98, 2.564, 2.83, 2.326, 1.372, 1.977, 2.562, 2.036, 2.241, 2.384, 3.592, 3.302, 2.018, 3.448, 4.105, 3.338, 6.045, 6.049, 4.868, 5.122, 6.745, 8.398, 10.247, 11.101, 13.004, 14.592, 15.148, 13.392, 13.081, 14.19, 15.279, 15.3, 14.378, 14.477, 14.714, 16.758, 16.191, 14.846, 14.601, 14.4, 13.062, 10.516, 11.352, 11.067, 8.503, 6.724, 3.61, 2.085, 0.0, 1.574, 2.726, 3.074, 5.472, 7.441, 6.894, 4.637, 2.284, 2.061, 3.189, 5.539, 6.971, 6.911, 9.484, 11.141, 9.349, 8.737, 8.486, 10.523, 10.931, 6.787, 9.985, 15.271, 15.172, 14.732, 14.326, 12.885, 14.334, 17.182, 17.036, 16.07, 16.381, 15.843, 15.217, 14.478, 14.689, 14.372, 11.937, 7.804, 7.045, 11.36, 12.911, 12.955, 14.8, 15.573, 16.039, 17.155, 16.699, 15.108