[[0.0, 0.981, 1.117, 1.11, 2.947, 4.141, 4.806, 4.499, 5.168, 6.954, 7.186, 7.118, 7.999, 8.892, 8.654, 7.504, 8.052, 9.791, 10.526, 10.467, 10.702, 11.678, 12.613, 13.01, 13.144, 13.322, 13.45, 13.388, 12.319, 11.522, 11.306, 10.228, 8.502, 6.565, 6.349, 7.076, 7.264, 6.715, 6.846, 7.353, 8.347, 8.606, 8.509, 7.49, 6.407, 5.504, 5.309, 5.029, 5.177, 5.747, 6.853, 7.277, 6.519, 5.084, 4.036, 3.211, 1.95, 1.768, 2.687, 3.301, 3.204, 3.176, 3.932, 5.185, 4.84, 4.036, 2.513, 2.082, 2.114, 1.784, 1.988, 2.705, 3.15, 3.459, 3.85, 3.651, 3.505, 2.389, 2.401, 4.328, 8.529, 11.371, 12.632, 12.878, 12.998, 12.401, 11.666, 11.596, 12.963, 14.64, 15.885, 16.776, 17.504, 17.753, 17.697, 17.469, 16.587, 15.311, 13.972, 13.244, 12.77, 12.412, 12.121, 10.944, 10.677, 10.851, 11.756, 13.781, 15.352, 15.589, 15.826, 16.979, 18.512, 19.748, 19.023, 18.645, 19.077, 18.797, 18.194, 18.164, 18.42, 18.641, 17.991, 16.995, 16.05, 15.656, 15.136, 14.991, 15.086, 15.086, 14.992, 15.189, 14.467, 12.851, 11.79, 11.635, 11.405, 10.822, 10.507, 9.827, 8.664, 7.343, 6.327, 5.224, 3.951, 3.427, 2.653, 2.727, 3.618, 5.097, 5.738, 5.609, 5.404, 6.241, 6.601, 7.463, 8.016, 6.786], [0.981, 0.0, 1.174, 1.251, 3.275, 4.432, 5.18, 4.944, 5.556, 7.133, 7.354, 7.38, 8.117, 8.998, 8.856, 7.73, 8.431, 10.2, 10.788, 10.745, 10.937, 11.709, 12.69, 13.068, 13.181, 13.349, 13.495, 13.446, 12.372, 11.544, 11.356, 10.294, 8.56, 6.706, 6.606, 7.298, 7.501, 6.868, 6.998, 7.414, 8.404, 8.638, 8.523, 7.618, 6.63, 5.657, 5.261, 5.185, 5.295, 5.857, 6.85, 7.279, 6.514, 5.084, 4.076, 3.641, 2.377, 2.022, 2.661, 3.352, 3.327, 3.243, 3.958, 5.036, 4.856, 3.997, 2.559, 2.248, 2.181, 1.665, 1.809, 2.487, 3.089, 3.474, 3.821, 3.602, 3.51, 2.406, 2.233, 4.361, 8.575, 11.378, 12.704, 13.107, 13.281, 12.73, 11.868, 11.9, 12.994, 14.771, 16.065, 16.937, 17.603, 17.798, 17.738, 17.507, 16.613, 15.362, 14.283, 13.701, 13.19, 12.771, 12.493, 11.389, 11.03, 11.216, 11.987, 14.187, 15.713, 15.936, 16.002, 17.046, 18.534, 19.767, 19.092, 18.674, 19.201, 18.921, 18.448, 18.336, 18.452, 18.645, 18.049, 17.037, 16.15, 15.69, 15.197, 15.048, 15.127, 15.121, 15.034, 15.231, 14.509, 12.877, 11.809, 11.673, 11.452, 10.88, 10.711, 9.883, 8.711, 7.387, 6.365, 5.344, 4.217, 3.729, 3.032, 2.811, 3.849, 5.414, 6.132, 5.949, 5.856, 6.507, 7.095, 7.822, 8.298, 7.135], [1.117, 1.174, 0.0, 1.452, 3.613, 4.793, 5.373, 5.082, 5.753, 7.662, 7.868, 7.783, 8.685, 9.573, 9.37, 8.174, 8.58, 10.401, 11.136, 11.124, 11.394, 12.36, 13.299, 13.714, 13.83, 14.008, 14.142, 14.092, 13.02, 12.208, 11.997, 10.922, 9.188, 7.252, 7.023, 7.747, 7.971, 7.396, 7.55, 8.057, 9.051, 9.291, 9.196, 8.181, 7.09, 6.185, 5.894, 5.68, 5.891, 6.46, 7.54, 7.965, 7.206, 5.771, 4.695, 3.883, 2.701, 1.942, 2.314, 2.986, 2.985, 2.857, 3.292, 4.384, 4.064, 3.433, 2.077, 2.108, 2.13, 1.84, 2.145, 2.881, 3.644, 4.15, 4.514, 4.293, 4.187, 2.971, 2.776, 5.014, 9.209, 12.059, 13.313, 13.562, 13.7, 13.028, 12.31, 12.357, 13.65, 15.337, 16.554, 17.48, 18.207, 18.448, 18.382, 18.156, 17.273, 15.992, 14.664, 13.947, 13.387, 13.047, 12.842, 11.592, 11.147, 11.352, 12.434, 14.453, 16.012, 16.18, 16.479, 17.676, 19.199, 20.435, 19.7, 19.331, 19.77, 19.49, 18.905, 18.831, 19.1, 19.328, 18.668, 17.684, 16.728, 16.34, 15.839, 15.695, 15.8, 15.799, 15.708, 15.905, 15.183, 13.536, 12.477, 12.321, 12.099, 11.527, 11.194, 10.514, 9.373, 8.027, 7.012, 5.94, 4.488, 3.881, 3.24, 2.999, 4.012, 5.75, 6.393, 6.168, 6.044, 6.561, 7.279, 8.11, 8.663, 7.418], [1.11, 1.251, 1.452, 0.0, 2.461, 3.686, 4.174, 3.937, 4.66, 6.574, 6.774, 6.642, 7.575, 8.43, 8.293, 7.029, 7.376, 9.196, 9.989, 10.012, 10.277, 11.207, 12.183, 12.615, 12.735, 12.881, 13.043, 12.993, 11.917, 11.076, 10.89, 9.825, 8.057, 6.102, 5.917, 6.641, 6.881, 6.299, 6.458, 6.958, 7.952, 8.185, 8.054, 7.072, 5.994, 5.054, 4.734, 4.469, 4.787, 5.381, 6.388, 6.808, 6.065, 4.659, 3.575, 2.795, 1.758, 1.907, 2.704, 3.377, 3.101, 3.159, 4.094, 5.255, 5.121, 4.344, 2.711, 2.599, 2.508, 2.026, 2.212, 2.711, 2.969, 3.172, 3.653, 3.298, 3.258, 2.515, 2.599, 3.908, 8.046, 10.902, 12.166, 12.444, 12.59, 11.903, 11.142, 11.151, 12.516, 14.218, 15.457, 16.396, 17.124, 17.333, 17.249, 17.042, 16.148, 14.892, 13.555, 12.801, 12.294, 11.964, 11.718, 10.389, 9.899, 10.106, 11.18, 13.336, 14.899, 15.116, 15.355, 16.571, 18.056, 19.276, 18.549, 18.173, 18.632, 18.352, 17.775, 17.691, 17.937, 18.17, 17.502, 16.537, 15.588, 15.187, 14.738, 14.595, 14.702, 14.699, 14.618, 14.814, 14.093, 12.409, 11.349, 11.221, 11.0, 10.427, 10.091, 9.373, 8.282, 6.946, 5.912, 4.85, 3.376, 2.685, 2.002, 2.183, 3.163, 4.645, 5.29, 5.085, 4.84, 5.427, 6.098, 6.973, 7.57, 6.319], [2.947, 3.275, 3.613, 2.461, 0.0, 1.752, 2.443, 2.624, 2.493, 4.188, 4.385, 4.335, 5.233, 6.12, 5.9, 4.905, 5.481, 7.095, 7.879, 7.687, 7.983, 8.876, 9.81, 10.213, 10.327, 10.493, 10.641, 10.591, 9.517, 8.696, 8.51, 7.445, 5.731, 3.789, 3.696, 4.462, 4.7, 4.051, 4.053, 4.606, 5.55, 5.783, 5.672, 4.77, 3.685, 2.839, 2.722, 2.689, 2.56, 2.996, 4.058, 4.511, 3.779, 2.588, 2.09, 1.687, 2.099, 3.278, 4.843, 5.5, 4.841, 5.006, 6.117, 7.437, 7.526, 6.741, 4.74, 3.592, 3.904, 2.927, 2.716, 3.003, 2.993, 2.626, 2.821, 2.669, 2.779, 2.752, 3.061, 2.113, 5.773, 8.56, 9.848, 10.146, 10.294, 9.614, 8.862, 8.937, 10.177, 11.88, 13.121, 14.028, 14.725, 14.948, 14.874, 14.653, 13.758, 12.517, 11.263, 10.514, 10.003, 9.703, 9.441, 8.284, 8.2, 8.358, 9.117, 11.038, 12.599, 12.805, 13.034, 14.203, 15.675, 16.933, 16.231, 15.847, 16.339, 16.059, 15.478, 15.398, 15.622, 15.823, 15.209, 14.185, 13.232, 12.806, 12.338, 12.194, 12.292, 12.286, 12.202, 12.399, 11.693, 10.038, 8.954, 8.819, 8.598, 8.026, 7.743, 7.034, 6.014, 4.724, 3.597, 2.98, 2.212, 2.1, 1.612, 2.136, 2.745, 3.059, 3.044, 3.039, 3.005, 3.972, 3.961, 4.718, 5.278, 4.086], [4.141, 4.432, 4.793, 3.686, 1.752, 0.0, 1.572, 1.74, 1.47, 3.062, 3.275, 3.193, 4.016, 4.91, 4.769, 4.007, 4.357, 5.92, 6.604, 6.456, 6.676, 7.589, 8.625, 9.07, 9.198, 9.309, 9.468, 9.45, 8.341, 7.51, 7.382, 6.315, 4.573, 2.715, 2.474, 3.304, 3.511, 2.85, 2.888, 3.444, 4.41, 4.618, 4.551, 3.676, 2.505, 1.724, 1.857, 1.9, 1.693, 2.056, 2.917, 3.347, 2.651, 1.712, 1.299, 1.341, 2.476, 4.162, 5.94, 6.603, 5.846, 5.828, 6.881, 8.7, 8.687, 7.863, 5.801, 4.425, 4.688, 3.685, 3.569, 4.008, 3.884, 3.578, 3.254, 2.797, 2.768, 3.622, 4.072, 2.706, 4.624, 7.326, 8.539, 8.816, 8.941, 8.366, 7.607, 7.693, 8.935, 10.618, 11.844, 12.843, 13.566, 13.781, 13.685, 13.477, 12.611, 11.309, 9.981, 9.297, 8.778, 8.343, 8.122, 7.11, 7.176, 7.275, 7.836, 9.769, 11.375, 11.637, 11.842, 13.025, 14.456, 15.662, 14.934, 14.559, 15.024, 14.744, 14.148, 14.081, 14.33, 14.552, 13.918, 12.906, 11.999, 11.583, 11.162, 11.025, 11.181, 11.157, 11.081, 11.318, 10.635, 8.916, 7.84, 7.697, 7.474, 6.89, 6.588, 5.892, 5.012, 3.624, 2.526, 2.082, 1.502, 1.693, 2.073, 2.516, 1.944, 1.758, 1.986, 1.958, 2.011, 2.997, 2.854, 3.451, 3.934, 2.739], [4.806, 5.18, 5.373, 4.174, 2.443, 1.572, 0.0, 1.233, 1.75, 3.155, 3.325, 3.11, 3.924, 4.931, 4.798, 3.596, 3.653, 5.323, 6.342, 6.458, 6.688, 7.642, 8.664, 9.109, 9.237, 9.33, 9.357, 9.489, 8.35, 7.555, 7.415, 6.399, 4.533, 2.814, 2.568, 3.369, 3.509, 2.806, 3.012, 3.465, 4.434, 4.637, 4.59, 3.764, 2.686, 2.102, 1.827, 1.755, 2.1, 2.774, 3.239, 3.441, 2.853, 2.441, 1.97, 2.104, 3.074, 4.471, 6.003, 6.599, 5.827, 5.824, 7.101, 8.851, 8.705, 7.877, 6.203, 5.301, 5.393, 4.841, 4.809, 5.075, 4.995, 4.668, 4.34, 3.791, 3.874, 4.817, 5.344, 3.822, 4.667, 7.205, 8.414, 8.732, 8.811, 8.146, 7.448, 7.536, 8.888, 10.522, 11.708, 12.861, 13.575, 13.799, 13.716, 13.505, 12.629, 11.352, 9.973, 9.12, 8.493, 8.086, 7.919, 6.586, 6.018, 6.304, 7.589, 9.597, 11.333, 11.541, 11.832, 13.067, 14.487, 15.581, 14.832, 14.416, 14.869, 14.589, 13.983, 13.933, 14.243, 14.491, 13.915, 12.774, 12.021, 11.596, 11.177, 11.068, 11.2, 11.176, 11.1, 11.357, 10.673, 8.955, 7.87, 7.735, 7.483, 6.925, 6.602, 5.907, 4.919, 3.707, 2.866, 2.24, 1.73, 1.891, 2.483, 2.945, 2.126, 1.891, 1.894, 1.675, 1.581, 2.307, 2.42, 3.319, 3.856, 2.705], [4.499, 4.944, 5.082, 3.937, 2.624, 1.74, 1.233, 0.0, 2.009, 3.22, 3.443, 3.288, 4.077, 5.087, 4.844, 3.777, 4.008, 5.633, 6.556, 6.655, 6.951, 7.879, 8.804, 9.183, 9.34, 9.453, 9.524, 9.559, 8.425, 7.683, 7.537, 6.408, 4.666, 2.92, 2.81, 3.539, 3.656, 2.932, 3.007, 3.503, 4.503, 4.803, 4.745, 3.923, 2.921, 2.254, 1.93, 1.811, 2.243, 2.773, 3.408, 3.634, 3.05, 2.437, 2.191, 2.1, 2.899, 4.26, 5.858, 6.514, 5.757, 5.796, 6.953, 8.563, 8.534, 7.776, 6.061, 5.163, 5.29, 4.64, 4.735, 5.275, 5.201, 4.814, 4.433, 3.909, 3.752, 4.554, 5.075, 4.094, 5.032, 7.466, 8.729, 8.99, 9.096, 8.456, 7.739, 7.728, 9.097, 10.728, 11.966, 13.004, 13.705, 13.97, 13.868, 13.647, 12.799, 11.459, 10.149, 9.342, 8.814, 8.436, 8.207, 6.882, 6.315, 6.558, 7.812, 9.875, 11.538, 11.696, 12.042, 13.136, 14.683, 15.846, 15.111, 14.743, 15.187, 14.907, 14.298, 14.253, 14.518, 14.757, 14.179, 13.086, 12.214, 11.798, 11.263, 11.126, 11.276, 11.286, 11.182, 11.401, 10.722, 9.085, 7.993, 7.828, 7.54, 6.969, 6.713, 6.054, 4.981, 3.681, 2.876, 2.271, 1.854, 2.049, 2.382, 2.832, 2.001, 1.979, 2.294, 2.22, 1.95, 2.563, 2.764, 3.577, 4.126, 3.029], [5.168, 5.556, 5.753, 4.66, 2.493, 1.47, 1.75, 2.009, 0.0, 2.27, 2.455, 2.227, 3.117, 4.009, 4.02, 3.218, 3.319, 4.807, 5.633, 5.616, 5.838, 6.784, 7.814, 8.266, 8.394, 8.49, 8.652, 8.638, 7.516, 6.7, 6.545, 5.534, 3.793, 2.009, 1.736, 2.368, 2.727, 2.215, 2.396, 2.731, 3.575, 3.82, 3.7, 2.86, 1.919, 1.433, 1.705, 1.511, 1.196, 1.362, 2.202, 2.532, 1.92, 1.635, 1.927, 2.259, 3.484, 5.104, 6.792, 7.414, 6.649, 6.687, 7.8, 9.59, 9.464, 8.67, 6.8, 5.54, 5.772, 4.898, 4.663, 4.802, 4.671, 4.381, 3.987, 3.615, 3.735, 4.802, 5.246, 3.095, 3.765, 6.441, 7.684, 7.946, 8.038, 7.381, 6.699, 6.815, 8.139, 9.79, 11.011, 12.009, 12.745, 12.972, 12.879, 12.666, 11.8, 10.5, 9.092, 8.35, 7.741, 7.391, 7.158, 6.071, 6.197, 6.089, 6.934, 8.814, 10.508, 10.689, 10.988, 12.198, 13.628, 14.815, 14.059, 13.711, 14.131, 13.851, 13.238, 13.193, 13.469, 13.709, 13.039, 12.063, 11.136, 10.73, 10.337, 10.22, 10.351, 10.351, 10.277, 10.473, 9.768, 8.043, 6.962, 6.843, 6.61, 6.046, 5.701, 5.013, 4.051, 2.884, 2.122, 2.179, 1.903, 2.424, 3.064, 3.527, 2.539, 1.677, 1.3, 1.167, 1.466, 2.201, 1.806, 2.542, 3.032, 2.076], [6.954, 7.133, 7.662, 6.574, 4.188, 3.062, 3.155, 3.22, 2.27, 0.0, 1.035, 1.866, 2.079, 2.311, 2.734, 2.794, 3.047, 3.775, 4.057, 4.208, 4.427, 4.957, 5.806, 6.071, 6.2, 6.384, 6.517, 6.448, 5.382, 4.6, 4.447, 3.494, 1.942, 1.078, 1.365, 1.452, 1.746, 1.36, 1.459, 1.652, 1.72, 1.88, 1.807, 1.563, 1.598, 1.825, 2.173, 2.402, 2.038, 1.72, 1.524, 1.728, 1.51, 2.596, 3.498, 4.217, 5.422, 7.198, 8.975, 9.636, 8.878, 8.842, 9.908, 11.54, 11.67, 10.898, 8.783, 7.371, 7.603, 6.438, 6.164, 6.036, 5.79, 5.34, 4.825, 4.826, 5.127, 6.028, 6.428, 4.098, 2.315, 4.6, 5.893, 6.296, 6.351, 5.766, 4.993, 5.11, 6.356, 7.881, 9.144, 9.987, 10.629, 10.844, 10.771, 10.554, 9.68, 8.398, 7.291, 6.703, 6.189, 5.779, 5.614, 5.312, 6.237, 5.537, 5.205, 7.192, 8.714, 8.891, 9.08, 10.056, 11.624, 12.86, 12.2, 11.782, 12.317, 12.038, 11.51, 11.423, 11.548, 11.738, 11.161, 10.148, 9.19, 8.735, 8.194, 8.053, 8.15, 8.149, 8.046, 8.304, 7.635, 6.028, 4.95, 4.774, 4.513, 3.921, 3.793, 3.112, 2.252, 1.434, 1.741, 2.321, 3.334, 4.411, 5.089, 5.39, 4.507, 3.246, 2.493, 2.719, 3.178, 3.659, 2.283, 1.945, 2.324, 2.786], [7.186, 7.354, 7.868, 6.774, 4.385, 3.275, 3.325, 3.443, 2.455, 1.035, 0.0, 1.204, 1.585, 2.144, 2.242, 2.269, 2.483, 3.552, 4.04, 3.714, 3.967, 4.679, 5.599, 5.93, 6.064, 6.229, 6.354, 6.286, 5.201, 4.401, 4.323, 3.434, 2.026, 1.24, 1.57, 1.729, 1.838, 1.59, 1.349, 1.517, 1.841, 1.823, 1.758, 1.471, 1.523, 1.964, 2.375, 2.616, 2.25, 1.8, 1.501, 1.557, 1.415, 2.75, 3.721, 4.384, 5.627, 7.379, 9.122, 9.783, 9.036, 9.065, 10.075, 11.75, 11.856, 11.054, 8.945, 7.546, 7.855, 6.664, 6.383, 6.168, 5.899, 5.376, 4.922, 4.877, 5.202, 6.084, 6.462, 4.161, 2.614, 4.399, 5.705, 6.009, 6.131, 5.571, 4.855, 4.988, 6.057, 7.671, 8.917, 9.746, 10.397, 10.637, 10.578, 10.346, 9.469, 8.213, 7.141, 6.537, 6.033, 5.688, 5.497, 4.945, 5.697, 5.117, 5.083, 7.016, 8.517, 8.74, 8.837, 9.884, 11.425, 12.662, 11.991, 11.601, 12.134, 11.866, 11.306, 11.19, 11.365, 11.546, 10.996, 9.947, 8.99, 8.532, 8.025, 7.896, 7.958, 7.943, 7.874, 8.144, 7.47, 5.882, 4.793, 4.627, 4.377, 3.789, 3.646, 2.962, 2.249, 1.783, 1.87, 2.459, 3.542, 4.605, 5.303, 5.637, 4.694, 3.179, 2.488, 2.67, 3.295, 3.73, 2.028, 1.478, 1.755, 2.184], [7.118, 7.38, 7.783, 6.642, 4.335, 3.193, 3.11, 3.288, 2.227, 1.866, 1.204, 0.0, 1.155, 2.059, 2.014, 1.525, 1.82, 3.072, 3.789, 3.677, 3.945, 4.753, 5.752, 6.199, 6.333, 6.404, 6.551, 6.557, 5.424, 4.623, 4.628, 3.821, 2.44, 1.551, 1.81, 1.997, 2.027, 1.869, 1.718, 1.814, 2.581, 2.592, 2.415, 2.09, 1.867, 1.976, 2.348, 2.605, 2.417, 2.355, 2.059, 1.809, 1.705, 2.779, 3.693, 4.244, 5.396, 7.09, 8.802, 9.487, 8.709, 8.756, 9.833, 11.503, 11.565, 10.747, 8.701, 7.405, 7.686, 6.66, 6.416, 6.577, 6.288, 5.99, 5.604, 5.28, 5.43, 6.491, 6.922, 4.633, 3.344, 4.41, 5.671, 5.966, 6.104, 5.459, 4.709, 4.79, 6.016, 7.733, 8.97, 9.971, 10.645, 10.877, 10.773, 10.562, 9.7, 8.402, 7.146, 6.508, 5.961, 5.543, 5.229, 4.295, 4.721, 4.445, 4.955, 6.942, 8.55, 8.817, 8.982, 10.113, 11.532, 12.697, 11.987, 11.614, 12.129, 11.862, 11.267, 11.17, 11.377, 11.588, 11.036, 9.953, 9.042, 8.617, 8.24, 8.139, 8.268, 8.266, 8.197, 8.441, 7.768, 6.046, 4.944, 4.821, 4.558, 4.009, 3.717, 3.031, 2.542, 2.266, 2.073, 2.595, 3.493, 4.452, 5.082, 5.421, 4.454, 3.004, 2.266, 2.345, 3.04, 3.438, 1.662, 1.024, 1.323, 1.627], [7.999, 8.117, 8.685, 7.575, 5.233, 4.016, 3.924, 4.077, 3.117, 2.079, 1.585, 1.155, 0.0, 1.438, 1.514, 1.579, 1.891, 2.602, 3.227, 3.116, 3.406, 4.046, 4.914, 5.35, 5.534, 5.592, 5.669, 5.78, 4.722, 4.131, 4.305, 3.493, 2.167, 1.888, 2.021, 2.095, 2.111, 1.899, 1.794, 1.746, 2.371, 2.393, 2.155, 2.18, 2.364, 2.6, 3.024, 3.307, 3.105, 2.655, 2.342, 2.246, 2.116, 3.397, 4.333, 5.151, 6.223, 7.905, 9.643, 10.338, 9.573, 9.558, 10.603, 12.279, 12.385, 11.593, 9.48, 8.109, 8.414, 7.395, 7.14, 7.177, 6.761, 6.461, 6.042, 5.826, 5.916, 7.057, 7.448, 5.076, 3.278, 3.517, 4.775, 5.235, 5.404, 4.902, 4.161, 4.253, 5.295, 6.901, 8.194, 9.244, 9.916, 10.119, 10.002, 9.809, 8.952, 7.628, 6.579, 6.039, 5.497, 4.945, 4.66, 3.975, 4.615, 4.172, 4.417, 6.469, 8.068, 8.299, 8.334, 9.365, 10.765, 11.851, 11.146, 10.722, 11.207, 10.927, 10.424, 10.317, 10.536, 10.767, 10.256, 9.087, 8.356, 7.883, 7.425, 7.295, 7.444, 7.448, 7.367, 7.601, 6.935, 5.218, 4.154, 4.003, 3.727, 3.156, 3.036, 2.338, 2.289, 2.205, 2.36, 3.099, 4.332, 5.413, 5.991, 6.123, 5.248, 3.64, 3.027, 3.185, 3.793, 4.305, 2.387, 1.491, 1.294, 2.063], [8.892, 8.998, 9.573, 8.43, 6.12, 4.91, 4.931, 5.087, 4.009, 2.311, 2.144, 2.059, 1.438, 0.0, 1.245, 1.691, 1.911, 1.773, 2.133, 2.339, 2.503, 2.908, 3.845, 4.257, 4.402, 4.569, 4.667, 4.705, 3.865, 3.373, 3.37, 2.727, 1.79, 2.53, 2.72, 2.293, 2.385, 2.506, 2.681, 2.427, 2.216, 2.163, 1.779, 2.326, 3.05, 3.525, 3.966, 4.316, 4.016, 3.583, 3.051, 2.855, 3.011, 4.3, 5.195, 6.033, 7.184, 8.973, 10.741, 11.397, 10.639, 10.629, 11.686, 13.422, 13.458, 12.665, 10.593, 9.106, 9.332, 8.274, 7.985, 7.831, 7.431, 7.141, 6.666, 6.57, 6.804, 7.88, 8.304, 5.928, 3.191, 2.648, 3.816, 4.27, 4.369, 3.879, 3.17, 3.235, 4.414, 5.904, 7.193, 8.126, 8.849, 9.004, 8.905, 8.689, 7.814, 6.524, 5.435, 4.894, 4.352, 3.945, 3.707, 3.386, 4.368, 3.627, 3.27, 5.337, 6.896, 7.14, 7.173, 8.239, 9.654, 10.885, 10.18, 9.775, 10.266, 9.99, 9.48, 9.381, 9.546, 9.758, 9.11, 8.156, 7.221, 6.783, 6.363, 6.219, 6.361, 6.371, 6.267, 6.536, 5.871, 4.148, 3.08, 2.959, 2.745, 2.128, 1.986, 1.297, 1.752, 2.309, 3.168, 4.025, 5.25, 6.287, 6.873, 7.139, 6.304, 4.716, 4.092, 4.171, 4.852, 5.233, 3.288, 1.918, 1.602, 2.947], [8.654, 8.856, 9.37, 8.293, 5.9, 4.769, 4.798, 4.844, 4.02, 2.734, 2.242, 2.014, 1.514, 1.245, 0.0, 1.425, 1.896, 2.019, 2.535, 2.278, 2.632, 3.361, 4.125, 4.476, 4.683, 4.874, 4.974, 4.952, 4.147, 3.735, 3.633, 3.015, 2.383, 2.781, 2.896, 2.646, 2.533, 2.69, 2.507, 2.257, 2.447, 2.486, 2.3, 2.489, 3.043, 3.41, 3.883, 4.053, 3.733, 3.451, 3.259, 3.046, 3.019, 4.214, 5.19, 5.899, 7.094, 8.911, 10.668, 11.33, 10.574, 10.553, 11.607, 13.243, 13.378, 12.601, 10.491, 9.038, 9.323, 8.171, 7.939, 7.959, 7.744, 7.189, 6.775, 6.641, 6.873, 7.68, 8.073, 5.915, 3.919, 2.995, 4.202, 4.537, 4.744, 4.262, 3.604, 3.564, 4.527, 6.243, 7.491, 8.32, 8.975, 9.263, 9.195, 8.981, 8.099, 6.822, 5.766, 5.172, 4.657, 4.223, 3.997, 3.348, 4.084, 3.621, 3.679, 5.657, 7.168, 7.348, 7.466, 8.462, 10.028, 11.286, 10.595, 10.202, 10.699, 10.419, 9.883, 9.791, 9.977, 10.173, 9.576, 8.531, 7.611, 7.176, 6.609, 6.424, 6.516, 6.506, 6.361, 6.621, 5.967, 4.483, 3.436, 3.268, 3.064, 2.466, 2.443, 1.781, 2.031, 2.671, 3.036, 3.734, 5.022, 6.119, 6.781, 7.13, 6.206, 4.653, 4.008, 4.1, 4.776, 5.137, 3.271, 2.078, 1.84, 2.742], [7.504, 7.73, 8.174, 7.029, 4.905, 4.007, 3.596, 3.777, 3.218, 2.794, 2.269, 1.525, 1.579, 1.691, 1.425, 0.0, 1.554, 2.574, 3.235, 3.154, 3.512, 4.357, 5.246, 5.654, 5.823, 6.009, 6.09, 6.111, 5.119, 4.521, 4.512, 3.836, 2.808, 2.509, 2.715, 2.763, 2.617, 2.598, 2.59, 2.453, 3.121, 3.133, 2.894, 2.748, 2.75, 2.863, 2.819, 3.008, 3.095, 3.393, 3.129, 2.917, 2.798, 3.552, 4.173, 4.876, 5.966, 7.691, 9.384, 10.045, 9.29, 9.31, 10.349, 12.059, 12.125, 11.317, 9.247, 8.253, 8.26, 7.426, 7.297, 7.5, 7.373, 6.904, 6.528, 6.266, 6.472, 7.291, 7.723, 5.73, 4.286, 4.024, 5.255, 5.575, 5.751, 5.174, 4.427, 4.374, 5.572, 7.298, 8.543, 9.421, 10.135, 10.376, 10.314, 10.077, 9.189, 7.933, 6.706, 6.023, 5.523, 5.169, 4.876, 3.722, 3.667, 3.689, 4.437, 6.533, 8.084, 8.307, 8.477, 9.614, 11.112, 12.355, 11.646, 11.253, 11.752, 11.472, 10.919, 10.826, 11.026, 11.244, 10.62, 9.612, 8.675, 8.251, 7.765, 7.621, 7.704, 7.713, 7.61, 7.854, 7.2, 5.58, 4.461, 4.303, 4.1, 3.518, 3.246, 2.683, 2.512, 2.857, 2.706, 3.133, 3.86, 4.848, 5.532, 5.874, 4.995, 3.773, 3.113, 3.105, 3.628, 4.023, 2.474, 1.704, 1.66, 2.238], [8.052, 8.431, 8.58, 7.376, 5.481, 4.357, 3.653, 4.008, 3.319, 3.047, 2.483, 1.82, 1.891, 1.911, 1.896, 1.554, 0.0, 2.153, 3.009, 3.066, 3.291, 4.29, 5.303, 5.764, 5.948, 6.138, 6.19, 6.224, 5.511, 5.015, 5.029, 4.399, 3.17, 2.707, 2.676, 2.721, 2.574, 2.699, 2.941, 2.959, 3.352, 3.325, 3.055, 2.967, 3.095, 3.203, 3.42, 3.589, 3.562, 3.683, 3.488, 3.142, 3.092, 4.126, 4.709, 5.119, 6.411, 7.825, 9.447, 10.012, 9.22, 9.251, 10.481, 12.359, 12.147, 11.27, 9.59, 8.618, 8.608, 7.909, 7.726, 7.824, 7.767, 7.47, 7.097, 6.777, 6.911, 7.882, 8.35, 6.182, 4.26, 4.26, 5.211, 5.372, 5.431, 4.876, 4.234, 4.257, 5.595, 7.273, 8.489, 9.483, 10.211, 10.42, 10.348, 10.148, 9.261, 7.986, 6.581, 5.699, 5.066, 4.751, 4.58, 3.344, 3.429, 3.057, 4.18, 6.218, 7.932, 8.143, 8.424, 9.69, 11.144, 12.3, 11.509, 11.178, 11.561, 11.281, 10.655, 10.653, 10.989, 11.178, 10.499, 9.574, 8.696, 8.282, 7.86, 7.753, 7.878, 7.864, 7.779, 8.06, 7.378, 5.678, 4.611, 4.465, 4.262, 3.657, 3.377, 2.778, 2.914, 3.009, 3.2, 3.845, 4.36, 4.87, 5.672, 6.262, 5.368, 3.96, 3.269, 3.086, 3.575, 3.828, 2.228, 1.807, 1.828, 2.407], [9.791, 10.2, 10.401, 9.196, 7.095, 5.92, 5.323, 5.633, 4.807, 3.775, 3.552, 3.072, 2.602, 1.773, 2.019, 2.574, 2.153, 0.0, 1.347, 1.858, 1.955, 2.626, 3.529, 4.045, 4.331, 4.542, 4.52, 5.02, 4.83, 4.349, 4.002, 3.462, 3.097, 3.698, 3.827, 3.335, 3.289, 3.61, 4.008, 3.76, 3.526, 3.414, 3.192, 3.845, 4.425, 4.776, 5.072, 5.292, 5.202, 5.028, 4.635, 4.358, 4.4, 5.701, 6.425, 6.866, 7.988, 9.471, 11.061, 11.706, 10.926, 10.935, 12.178, 13.889, 13.818, 12.971, 11.176, 10.098, 10.262, 9.424, 9.209, 9.194, 8.982, 8.765, 8.369, 8.122, 8.156, 9.371, 9.817, 7.462, 4.532, 2.873, 3.314, 3.609, 3.681, 3.152, 2.499, 2.449, 3.833, 5.431, 6.634, 7.718, 8.434, 8.664, 8.561, 8.356, 7.499, 6.187, 4.818, 4.019, 3.378, 3.044, 2.772, 2.163, 3.067, 2.402, 2.457, 4.48, 6.204, 6.384, 6.701, 7.9, 9.333, 10.362, 9.605, 9.258, 9.694, 9.414, 8.826, 8.75, 9.025, 9.273, 8.699, 7.604, 6.854, 6.406, 6.026, 5.936, 6.084, 6.096, 6.0, 6.294, 5.711, 3.962, 2.944, 2.92, 2.775, 2.391, 2.225, 2.099, 2.748, 3.686, 4.603, 5.438, 6.115, 6.831, 7.529, 7.892, 6.885, 5.589, 4.85, 4.776, 5.297, 5.573, 3.811, 2.914, 2.881, 3.758], [10.526, 10.788, 11.136, 9.989, 7.879, 6.604, 6.342, 6.556, 5.633, 4.057, 4.04, 3.789, 3.227, 2.133, 2.535, 3.235, 3.009, 1.347, 0.0, 1.442, 1.519, 1.969, 2.751, 3.255, 3.572, 3.804, 4.102, 4.705, 4.682, 4.165, 3.79, 3.361, 3.425, 4.349, 4.47, 3.838, 3.782, 4.202, 4.656, 4.331, 3.787, 3.553, 3.451, 4.264, 4.979, 5.431, 5.695, 5.954, 5.841, 5.596, 5.107, 4.88, 5.048, 6.359, 7.088, 7.635, 8.81, 10.364, 12.141, 12.801, 12.013, 11.985, 13.094, 14.911, 14.899, 14.061, 12.02, 10.849, 10.94, 10.102, 9.886, 9.701, 9.416, 9.201, 8.742, 8.626, 8.802, 9.922, 10.38, 7.992, 4.751, 2.836, 2.422, 2.74, 2.807, 2.624, 2.124, 1.881, 3.029, 4.389, 5.633, 6.646, 7.365, 7.584, 7.477, 7.25, 6.39, 5.11, 3.755, 3.105, 2.558, 2.192, 2.013, 2.242, 3.552, 2.761, 1.793, 3.522, 5.165, 5.448, 5.613, 6.814, 8.217, 9.362, 8.653, 8.266, 8.713, 8.433, 7.834, 7.785, 8.053, 8.254, 7.635, 6.609, 5.744, 5.305, 4.944, 4.84, 4.994, 5.004, 4.944, 5.302, 4.894, 3.305, 2.304, 2.485, 2.552, 2.241, 2.219, 2.293, 2.981, 4.134, 5.221, 6.061, 6.799, 7.736, 8.338, 8.705, 7.814, 6.385, 5.707, 5.689, 6.27, 6.602, 4.729, 3.438, 3.234, 4.424], [10.467, 10.745, 11.124, 10.012, 7.687, 6.456, 6.458, 6.655, 5.616, 4.208, 3.714, 3.677, 3.116, 2.339, 2.278, 3.154, 3.066, 1.858, 1.442, 0.0, 1.045, 1.732, 2.541, 3.124, 3.517, 3.823, 4.093, 4.694, 5.014, 4.48, 3.871, 3.614, 3.73, 4.326, 4.388, 4.128, 4.058, 4.35, 4.274, 4.046, 3.908, 3.791, 3.611, 3.902, 4.538, 5.212, 5.752, 6.038, 5.742, 5.216, 4.745, 4.524, 4.738, 6.025, 6.941, 7.536, 8.793, 10.549, 12.32, 12.914, 12.174, 12.178, 13.254, 15.097, 15.079, 14.193, 12.2, 10.697, 11.017, 9.921, 9.658, 9.369, 9.116, 8.791, 8.352, 8.223, 8.429, 9.429, 9.875, 7.577, 5.142, 3.016, 2.306, 2.49, 2.744, 2.689, 2.402, 2.073, 2.779, 4.269, 5.494, 6.485, 7.213, 7.425, 7.336, 7.112, 6.225, 4.96, 3.753, 3.069, 2.54, 2.324, 2.171, 2.013, 3.342, 2.748, 2.302, 3.558, 5.109, 5.327, 5.482, 6.674, 8.133, 9.337, 8.594, 8.25, 8.656, 8.376, 7.802, 7.739, 8.013, 8.24, 7.565, 6.592, 5.679, 5.264, 4.816, 4.723, 4.847, 4.837, 4.804, 5.22, 4.834, 3.429, 2.801, 2.911, 2.834, 2.456, 2.492, 2.397, 3.441, 4.278, 4.925, 5.74, 6.837, 7.788, 8.426, 8.874, 7.909, 6.277, 5.591, 5.72, 6.404, 6.782, 4.782, 3.373, 3.079, 4.179], [10.702, 10.937, 11.394, 10.277, 7.983, 6.676, 6.688, 6.951, 5.838, 4.427, 3.967, 3.945, 3.406, 2.503, 2.632, 3.512, 3.291, 1.955, 1.519, 1.045, 0.0, 1.508, 2.609, 3.241, 3.535, 3.829, 4.178, 4.715, 4.934, 4.376, 3.863, 3.462, 3.762, 4.51, 4.607, 4.005, 3.93, 4.353, 4.55, 4.282, 3.795, 3.616, 3.47, 3.995, 4.696, 5.414, 5.917, 6.206, 5.951, 5.454, 4.803, 4.642, 4.889, 6.229, 7.13, 7.77, 8.942, 10.757, 12.532, 13.136, 12.409, 12.409, 13.478, 15.315, 15.259, 14.408, 12.418, 10.912, 11.129, 10.102, 9.814, 9.387, 9.199, 8.876, 8.477, 8.257, 8.474, 9.559, 10.003, 7.699, 4.875, 3.014, 2.278, 2.368, 2.595, 2.732, 2.417, 1.956, 2.679, 4.062, 5.286, 6.295, 7.004, 7.223, 7.121, 6.894, 6.031, 4.74, 3.542, 2.883, 2.416, 2.301, 2.205, 2.289, 3.788, 3.092, 2.22, 3.392, 4.914, 5.196, 5.282, 6.461, 7.865, 9.071, 8.363, 7.988, 8.376, 8.096, 7.566, 7.485, 7.748, 7.965, 7.294, 6.331, 5.45, 5.019, 4.604, 4.504, 4.683, 4.695, 4.657, 5.078, 4.748, 3.32, 2.692, 2.808, 2.85, 2.517, 2.481, 2.366, 3.456, 4.438, 5.159, 5.992, 7.09, 8.033, 8.616, 9.037, 8.135, 6.525, 5.784, 5.939, 6.622, 7.062, 5.068, 3.739, 3.463, 4.549], [11.678, 11.709, 12.36, 11.207, 8.876, 7.589, 7.642, 7.879, 6.784, 4.957, 4.679, 4.753, 4.046, 2.908, 3.361, 4.357, 4.29, 2.626, 1.969, 1.732, 1.508, 0.0, 1.428, 2.027, 2.396, 2.679, 2.915, 3.469, 3.959, 3.554, 3.005, 2.844, 3.764, 5.223, 5.431, 4.701, 4.673, 5.067, 5.142, 4.752, 3.787, 3.527, 3.533, 4.429, 5.31, 6.205, 6.624, 7.033, 6.7, 6.057, 4.994, 4.794, 5.334, 6.668, 7.829, 8.77, 9.893, 11.659, 13.408, 14.07, 13.314, 13.321, 14.393, 16.18, 16.238, 15.341, 13.278, 11.845, 11.966, 10.91, 10.569, 10.068, 9.186, 8.926, 8.538, 8.392, 8.725, 9.919, 10.425, 7.959, 4.497, 2.137, 1.446, 2.122, 2.263, 2.408, 2.039, 1.806, 2.461, 3.533, 4.664, 5.606, 6.291, 6.383, 6.311, 6.046, 5.146, 3.967, 3.34, 2.752, 2.188, 2.293, 2.411, 3.021, 4.654, 4.006, 2.478, 3.177, 4.735, 4.99, 4.875, 5.855, 6.994, 8.105, 7.539, 7.092, 7.567, 7.294, 6.924, 6.751, 6.818, 7.009, 6.389, 5.488, 4.731, 4.254, 3.862, 3.77, 3.743, 3.745, 3.622, 4.024, 3.667, 2.405, 2.083, 2.276, 2.409, 2.195, 2.464, 2.333, 3.613, 4.778, 5.606, 6.576, 8.035, 9.018, 9.597, 9.816, 8.977, 7.363, 6.712, 6.875, 7.541, 7.954, 5.972, 4.542, 4.066, 5.453], [12.613, 12.69, 13.299, 12.183, 9.81, 8.625, 8.664, 8.804, 7.814, 5.806, 5.599, 5.752, 4.914, 3.845, 4.125, 5.246, 5.303, 3.529, 2.751, 2.541, 2.609, 1.428, 0.0, 0.952, 1.387, 1.633, 2.066, 2.715, 3.39, 3.155, 2.689, 2.993, 4.545, 6.221, 6.459, 5.666, 5.569, 6.048, 6.077, 5.643, 4.565, 4.219, 4.282, 5.173, 6.268, 7.192, 7.643, 7.983, 7.618, 6.947, 5.951, 5.822, 6.428, 7.715, 8.88, 9.785, 10.953, 12.756, 14.515, 15.168, 14.421, 14.39, 15.453, 17.149, 17.254, 16.444, 14.359, 12.873, 13.04, 11.958, 11.667, 11.025, 10.067, 9.348, 9.033, 9.21, 9.481, 10.674, 11.37, 8.871, 4.957, 2.077, 1.589, 2.059, 2.085, 2.219, 2.242, 1.75, 2.326, 3.062, 3.948, 4.821, 5.463, 5.508, 5.592, 5.088, 4.163, 3.267, 3.02, 2.683, 2.216, 2.638, 2.866, 4.014, 5.578, 4.921, 2.997, 2.811, 4.192, 4.412, 4.325, 5.116, 6.227, 7.22, 6.842, 6.631, 6.738, 6.582, 6.276, 6.019, 5.985, 6.169, 5.685, 4.848, 4.031, 3.502, 3.225, 3.15, 2.923, 2.789, 2.648, 2.967, 2.581, 1.833, 1.876, 2.155, 2.352, 2.559, 2.73, 3.007, 4.293, 5.707, 6.564, 7.498, 8.946, 10.028, 10.654, 10.929, 10.085, 8.468, 7.819, 7.956, 8.631, 8.991, 6.991, 5.493, 5.018, 6.41], [13.01, 13.068, 13.714, 12.615, 10.213, 9.07, 9.109, 9.183, 8.266, 6.071, 5.93, 6.199, 5.35, 4.257, 4.476, 5.654, 5.764, 4.045, 3.255, 3.124, 3.241, 2.027, 0.952, 0.0, 0.828, 1.116, 1.686, 2.356, 3.147, 3.06, 2.623, 3.15, 4.816, 6.62, 6.911, 6.118, 5.999, 6.463, 6.366, 5.872, 4.79, 4.5, 4.624, 5.6, 6.723, 7.628, 7.982, 8.265, 7.914, 7.299, 6.316, 6.164, 6.758, 8.087, 9.307, 10.227, 11.417, 13.228, 14.986, 15.634, 14.891, 14.856, 15.925, 17.54, 17.702, 16.91, 14.8, 13.314, 13.492, 12.372, 12.041, 11.487, 10.481, 9.742, 9.362, 9.536, 9.895, 10.983, 11.638, 9.107, 5.248, 2.305, 1.926, 2.317, 2.188, 2.126, 2.358, 2.113, 2.199, 2.889, 3.655, 4.503, 5.078, 5.125, 5.184, 4.664, 3.756, 2.903, 2.928, 2.712, 2.656, 3.142, 3.375, 4.635, 6.232, 5.549, 3.44, 2.848, 3.929, 4.081, 4.047, 4.699, 5.933, 6.9, 6.575, 6.308, 6.526, 6.359, 6.04, 5.775, 5.678, 5.824, 5.413, 4.582, 3.737, 3.144, 2.762, 2.71, 2.455, 2.389, 2.205, 2.532, 2.011, 1.944, 2.054, 2.318, 2.507, 2.747, 3.085, 3.347, 4.52, 5.929, 6.819, 7.85, 9.386, 10.479, 11.106, 11.359, 10.516, 8.934, 8.284, 8.427, 9.094, 9.448, 7.45, 5.96, 5.455, 6.878], [13.144, 13.181, 13.83, 12.735, 10.327, 9.198, 9.237, 9.34, 8.394, 6.2, 6.064, 6.333, 5.534, 4.402, 4.683, 5.823, 5.948, 4.331, 3.572, 3.517, 3.535, 2.396, 1.387, 0.828, 0.0, 0.883, 1.679, 2.111, 3.152, 3.104, 2.661, 3.251, 4.914, 6.754, 7.039, 6.246, 6.112, 6.591, 6.501, 6.023, 4.937, 4.628, 4.734, 5.717, 6.836, 7.756, 8.113, 8.42, 8.043, 7.415, 6.45, 6.328, 6.892, 8.216, 9.42, 10.355, 11.545, 13.358, 15.121, 15.781, 15.027, 14.989, 16.058, 17.657, 17.834, 17.053, 14.934, 13.453, 13.62, 12.499, 12.172, 11.605, 10.604, 9.863, 9.465, 9.667, 10.015, 11.101, 11.754, 9.235, 5.31, 2.605, 2.322, 2.505, 2.248, 2.081, 2.493, 2.401, 2.554, 3.15, 3.623, 4.429, 5.016, 5.043, 5.091, 4.613, 3.687, 3.087, 3.264, 3.002, 3.079, 3.589, 3.828, 5.166, 6.775, 6.058, 3.969, 3.118, 3.827, 4.12, 3.949, 4.658, 5.874, 6.802, 6.501, 6.23, 6.44, 6.279, 5.949, 5.69, 5.558, 5.742, 5.357, 4.511, 3.638, 3.09, 2.707, 2.597, 2.321, 2.22, 1.951, 2.248, 1.906, 2.178, 2.316, 2.606, 2.825, 3.073, 3.406, 3.443, 4.626, 6.061, 6.964, 7.991, 9.5, 10.592, 11.234, 11.487, 10.649, 9.071, 8.424, 8.555, 9.225, 9.587, 7.61, 6.119, 5.641, 7.11], [13.322, 13.349, 14.008, 12.881, 10.493, 9.309, 9.33, 9.453, 8.49, 6.384, 6.229, 6.404, 5.592, 4.569, 4.874, 6.009, 6.138, 4.542, 3.804, 3.823, 3.829, 2.679, 1.633, 1.116, 0.883, 0.0, 1.295, 1.898, 2.606, 2.903, 2.653, 3.235, 5.006, 6.827, 7.123, 6.376, 6.278, 6.693, 6.646, 6.125, 5.041, 4.725, 4.865, 5.878, 6.988, 7.886, 8.191, 8.549, 8.225, 7.623, 6.53, 6.274, 6.934, 8.331, 9.573, 10.484, 11.629, 13.434, 15.194, 15.855, 15.1, 15.08, 16.131, 17.768, 17.918, 17.127, 15.007, 13.537, 13.707, 12.637, 12.264, 11.752, 10.661, 9.977, 9.588, 9.766, 10.075, 11.207, 11.899, 9.233, 5.317, 2.656, 2.576, 2.798, 2.452, 2.07, 2.595, 2.599, 2.849, 3.436, 3.951, 4.565, 5.068, 5.052, 5.044, 4.44, 3.627, 3.296, 3.512, 3.278, 3.316, 3.81, 4.06, 5.43, 7.037, 6.308, 4.208, 2.982, 3.899, 4.104, 4.023, 4.596, 5.816, 6.685, 6.447, 6.228, 6.294, 6.212, 5.916, 5.669, 5.591, 5.575, 5.249, 4.464, 3.646, 2.992, 2.783, 2.638, 2.356, 2.278, 2.025, 2.131, 1.629, 1.897, 2.333, 2.547, 2.746, 3.229, 3.411, 3.582, 4.821, 6.157, 7.032, 8.18, 9.655, 10.745, 11.345, 11.562, 10.732, 9.143, 8.495, 8.64, 9.309, 9.672, 7.709, 6.208, 5.721, 7.176], [13.45, 13.495, 14.142, 13.043, 10.641, 9.468, 9.357, 9.524, 8.652, 6.517, 6.354, 6.551, 5.669, 4.667, 4.974, 6.09, 6.19, 4.52, 4.102, 4.093, 4.178, 2.915, 2.066, 1.686, 1.679, 1.295, 0.0, 1.164, 1.937, 2.288, 2.287, 3.3, 5.053, 6.955, 7.285, 6.538, 6.427, 6.791, 6.716, 6.235, 5.176, 4.884, 5.022, 6.039, 7.15, 8.048, 8.322, 8.683, 8.363, 7.761, 6.697, 6.492, 7.096, 8.493, 9.735, 10.646, 11.74, 13.52, 15.246, 15.889, 15.148, 15.125, 16.165, 17.834, 17.973, 17.16, 15.059, 13.573, 13.857, 12.799, 12.426, 11.914, 10.915, 10.355, 9.899, 9.958, 10.327, 11.39, 12.024, 9.422, 5.388, 2.659, 2.775, 3.242, 2.877, 2.405, 2.541, 2.936, 3.391, 3.862, 4.202, 4.517, 4.799, 5.144, 4.963, 4.595, 3.934, 3.588, 3.787, 3.799, 3.735, 3.961, 4.274, 5.496, 6.936, 6.302, 4.175, 2.794, 3.697, 3.901, 3.749, 4.255, 5.544, 6.569, 6.164, 5.957, 6.055, 5.821, 5.514, 5.352, 5.406, 5.432, 5.032, 4.165, 3.577, 3.09, 2.838, 2.774, 2.423, 2.482, 2.245, 2.258, 1.749, 1.735, 2.633, 2.66, 2.844, 3.171, 3.323, 3.685, 4.955, 6.297, 7.183, 8.319, 9.814, 10.907, 11.507, 11.641, 10.782, 9.197, 8.532, 8.745, 9.384, 9.803, 7.827, 6.336, 5.83, 7.308], [13.388, 13.446, 14.092, 12.993, 10.591, 9.45, 9.489, 9.559, 8.638, 6.448, 6.286, 6.557, 5.78, 4.705, 4.952, 6.111, 6.224, 5.02, 4.705, 4.694, 4.715, 3.469, 2.715, 2.356, 2.111, 1.898, 1.164, 0.0, 1.494, 2.087, 2.185, 3.282, 5.136, 6.994, 7.29, 6.496, 6.377, 6.842, 6.72, 6.203, 5.123, 4.886, 4.984, 5.99, 7.101, 8.008, 8.354, 8.639, 8.267, 7.662, 6.69, 6.538, 7.104, 8.451, 9.685, 10.606, 11.79, 13.581, 15.336, 15.984, 15.242, 15.217, 16.285, 17.908, 18.06, 17.261, 15.156, 13.675, 13.863, 12.751, 12.397, 11.865, 10.889, 10.285, 9.81, 9.94, 10.355, 11.357, 11.957, 9.397, 5.452, 2.971, 3.592, 4.027, 3.67, 3.259, 3.158, 3.671, 4.19, 4.676, 4.985, 4.89, 5.023, 5.529, 5.307, 4.922, 4.5, 4.237, 4.51, 4.546, 4.476, 4.716, 4.967, 6.127, 7.486, 6.772, 4.69, 3.254, 3.695, 3.992, 3.905, 4.221, 5.542, 6.631, 6.319, 6.092, 6.2, 5.984, 5.668, 5.453, 5.529, 5.487, 5.048, 4.346, 3.795, 3.583, 3.369, 3.252, 2.808, 2.69, 2.448, 2.377, 1.814, 2.195, 3.145, 3.196, 3.431, 3.606, 3.746, 3.788, 4.798, 6.212, 7.173, 8.223, 9.765, 10.857, 11.485, 11.716, 10.876, 9.283, 8.633, 8.789, 9.455, 9.822, 7.816, 6.32, 5.849, 7.308], [12.319, 12.372, 13.02, 11.917, 9.517, 8.341, 8.35, 8.425, 7.516, 5.382, 5.201, 5.424, 4.722, 3.865, 4.147, 5.119, 5.511, 4.83, 4.682, 5.014, 4.934, 3.959, 3.39, 3.147, 3.152, 2.606, 1.937, 1.494, 0.0, 1.144, 1.908, 2.549, 3.997, 5.876, 6.156, 5.407, 5.303, 5.708, 5.56, 5.045, 4.01, 3.781, 3.962, 4.934, 6.023, 6.919, 7.221, 7.516, 7.203, 6.598, 5.592, 5.361, 5.993, 7.373, 8.605, 9.519, 10.655, 12.447, 14.207, 14.868, 14.112, 14.075, 15.144, 16.751, 16.918, 16.139, 14.019, 12.56, 12.724, 11.67, 11.321, 10.786, 9.789, 9.208, 8.763, 8.851, 9.249, 10.305, 10.944, 8.256, 4.311, 2.708, 4.269, 4.833, 4.473, 3.864, 3.624, 4.161, 4.926, 5.527, 5.902, 5.9, 6.077, 6.583, 6.379, 5.936, 5.505, 5.153, 5.341, 5.378, 5.009, 5.015, 5.195, 6.366, 7.598, 6.773, 4.813, 3.968, 4.838, 5.067, 4.955, 5.375, 6.707, 7.732, 7.394, 7.211, 7.328, 7.118, 6.807, 6.617, 6.631, 6.611, 6.202, 5.468, 4.868, 4.578, 4.361, 4.239, 3.848, 3.764, 3.448, 3.39, 2.746, 2.309, 3.104, 3.07, 3.099, 3.282, 3.332, 3.223, 3.788, 5.093, 6.046, 7.143, 8.689, 9.78, 10.377, 10.574, 9.751, 8.156, 7.506, 7.658, 8.313, 8.713, 6.724, 5.205, 4.769, 6.205], [11.522, 11.544, 12.208, 11.076, 8.696, 7.51, 7.555, 7.683, 6.7, 4.6, 4.401, 4.623, 4.131, 3.373, 3.735, 4.521, 5.015, 4.349, 4.165, 4.48, 4.376, 3.554, 3.155, 3.06, 3.104, 2.903, 2.288, 2.087, 1.144, 0.0, 1.212, 1.758, 3.233, 5.075, 5.34, 4.567, 4.471, 4.927, 4.896, 4.401, 3.355, 3.161, 3.259, 4.235, 5.221, 6.079, 6.443, 6.773, 6.439, 5.841, 4.842, 4.742, 5.219, 6.565, 7.767, 8.668, 9.84, 11.632, 13.392, 14.053, 13.298, 13.263, 14.329, 15.984, 16.142, 15.324, 13.204, 11.759, 11.938, 10.821, 10.494, 9.95, 9.145, 8.693, 8.228, 8.181, 8.619, 9.635, 10.15, 7.696, 3.645, 2.268, 3.879, 4.469, 4.161, 3.471, 3.153, 3.65, 4.577, 5.217, 5.708, 5.912, 6.429, 6.794, 6.615, 6.347, 5.758, 4.975, 4.882, 4.923, 4.466, 4.493, 4.616, 5.778, 7.026, 6.188, 4.198, 3.761, 4.947, 5.213, 5.168, 5.856, 7.171, 8.359, 7.832, 7.446, 7.889, 7.632, 7.235, 7.044, 7.081, 7.215, 6.726, 5.81, 5.092, 4.817, 4.405, 4.333, 4.083, 4.153, 3.94, 4.154, 3.406, 2.419, 3.025, 2.989, 3.169, 3.104, 3.159, 2.844, 3.081, 4.436, 5.324, 6.376, 7.855, 8.927, 9.54, 9.764, 8.92, 7.352, 6.702, 6.857, 7.504, 7.86, 5.919, 4.456, 4.086, 5.456], [11.306, 11.356, 11.997, 10.89, 8.51, 7.382, 7.415, 7.537, 6.545, 4.447, 4.323, 4.628, 4.305, 3.37, 3.633, 4.512, 5.029, 4.002, 3.79, 3.871, 3.863, 3.005, 2.689, 2.623, 2.661, 2.653, 2.287, 2.185, 1.908, 1.212, 0.0, 1.37, 3.189, 4.961, 5.194, 4.398, 4.25, 4.779, 4.808, 4.378, 3.422, 3.19, 3.371, 4.064, 5.052, 5.917, 6.344, 6.678, 6.314, 5.69, 4.786, 4.674, 5.174, 6.424, 7.593, 8.495, 9.676, 11.474, 13.234, 13.895, 13.14, 13.105, 14.171, 15.905, 15.992, 15.166, 13.08, 11.585, 11.813, 10.66, 10.344, 9.839, 9.048, 8.552, 8.135, 8.107, 8.51, 9.455, 10.032, 7.715, 3.662, 1.908, 3.273, 3.85, 3.558, 2.937, 2.481, 3.015, 3.939, 4.637, 5.232, 5.769, 6.376, 6.585, 6.626, 6.251, 5.569, 4.516, 4.34, 4.394, 3.919, 3.928, 4.132, 5.288, 6.572, 5.819, 3.782, 3.625, 4.954, 5.188, 5.102, 5.926, 7.275, 8.467, 7.874, 7.528, 7.957, 7.702, 7.285, 7.117, 7.155, 7.342, 6.807, 5.822, 5.063, 4.749, 4.306, 4.246, 3.934, 4.008, 3.877, 4.159, 3.478, 2.373, 2.864, 2.806, 3.12, 3.144, 3.082, 2.711, 3.103, 4.413, 5.27, 6.228, 7.682, 8.727, 9.396, 9.643, 8.762, 7.253, 6.62, 6.812, 7.38, 7.746, 5.831, 4.543, 4.193, 5.534], [10.228, 10.294, 10.922, 9.825, 7.445, 6.315, 6.399, 6.408, 5.534, 3.494, 3.434, 3.821, 3.493, 2.727, 3.015, 3.836, 4.399, 3.462, 3.361, 3.614, 3.462, 2.844, 2.993, 3.15, 3.251, 3.235, 3.3, 3.282, 2.549, 1.758, 1.37, 0.0, 2.037, 3.837, 4.156, 3.406, 3.261, 3.686, 3.655, 3.266, 2.476, 2.314, 2.415, 3.19, 4.092, 4.868, 5.185, 5.538, 5.163, 4.655, 3.829, 3.75, 4.175, 5.387, 6.55, 7.415, 8.561, 10.353, 12.113, 12.774, 12.022, 12.058, 13.061, 14.701, 14.844, 14.045, 11.926, 10.52, 10.699, 9.594, 9.269, 8.744, 8.068, 7.666, 7.2, 7.137, 7.507, 8.567, 9.034, 6.59, 2.888, 1.973, 3.639, 4.193, 3.926, 3.386, 2.749, 3.071, 4.23, 5.135, 6.094, 6.956, 7.525, 7.689, 7.566, 7.339, 6.496, 5.315, 4.777, 4.473, 3.882, 3.806, 3.918, 5.039, 6.288, 5.446, 3.619, 4.593, 6.021, 6.236, 6.211, 7.019, 8.41, 9.646, 9.028, 8.658, 9.13, 8.868, 8.437, 8.286, 8.347, 8.505, 7.97, 6.962, 6.146, 5.734, 5.177, 4.989, 4.985, 5.025, 4.89, 5.141, 4.467, 2.866, 2.6, 2.636, 2.743, 2.651, 2.61, 2.153, 2.266, 3.226, 4.118, 5.185, 6.605, 7.677, 8.326, 8.503, 7.668, 6.276, 5.604, 5.851, 6.434, 6.774, 4.95, 3.758, 3.531, 4.799], [8.502, 8.56, 9.188, 8.057, 5.731, 4.573, 4.533, 4.666, 3.793, 1.942, 2.026, 2.44, 2.167, 1.79, 2.383, 2.808, 3.17, 3.097, 3.425, 3.73, 3.762, 3.764, 4.545, 4.816, 4.914, 5.006, 5.053, 5.136, 3.997, 3.233, 3.189, 2.037, 0.0, 2.05, 2.395, 1.983, 1.865, 2.035, 2.097, 1.744, 1.653, 1.707, 1.491, 2.006, 2.543, 3.089, 3.398, 3.783, 3.485, 2.998, 2.306, 2.225, 2.583, 3.7, 4.792, 5.665, 6.778, 8.525, 10.244, 10.884, 10.183, 10.223, 11.227, 12.823, 12.988, 12.155, 10.054, 8.671, 8.943, 7.862, 7.581, 7.244, 6.649, 6.275, 5.823, 5.712, 6.075, 7.184, 7.524, 5.001, 2.283, 3.293, 4.696, 5.37, 5.261, 4.72, 3.982, 4.312, 5.364, 6.591, 7.78, 8.838, 9.395, 9.54, 9.412, 9.213, 8.358, 7.088, 6.304, 5.759, 5.281, 4.887, 4.848, 4.826, 5.817, 5.138, 4.288, 6.196, 7.764, 8.021, 7.965, 8.889, 10.256, 11.396, 10.798, 10.284, 10.835, 10.566, 10.163, 10.001, 10.107, 10.298, 9.82, 8.686, 7.956, 7.475, 6.948, 6.786, 6.851, 6.847, 6.772, 7.015, 6.309, 4.618, 3.558, 3.462, 3.242, 2.746, 2.85, 1.969, 1.548, 1.533, 2.43, 3.489, 4.856, 5.941, 6.543, 6.684, 5.84, 4.465, 3.845, 4.133, 4.661, 5.069, 3.467, 2.489, 2.482, 3.672], [6.565, 6.706, 7.252, 6.102, 3.789, 2.715, 2.814, 2.92, 2.009, 1.078, 1.24, 1.551, 1.888, 2.53, 2.781, 2.509, 2.707, 3.698, 4.349, 4.326, 4.51, 5.223, 6.221, 6.62, 6.754, 6.827, 6.955, 6.994, 5.876, 5.075, 4.961, 3.837, 2.05, 0.0, 0.908, 1.33, 1.555, 1.162, 1.135, 1.473, 2.191, 2.233, 2.142, 1.763, 1.316, 1.408, 1.619, 2.029, 1.855, 1.653, 1.429, 1.478, 1.292, 2.343, 3.04, 3.792, 4.864, 6.639, 8.396, 9.052, 8.323, 8.354, 9.352, 11.009, 11.12, 10.301, 8.204, 6.907, 7.108, 6.06, 5.798, 5.83, 5.577, 5.202, 4.764, 4.667, 4.816, 5.798, 6.212, 3.875, 2.563, 4.896, 6.147, 6.534, 6.678, 6.064, 5.287, 5.36, 6.499, 8.2, 9.495, 10.509, 11.165, 11.367, 11.246, 11.032, 10.173, 8.879, 7.728, 7.095, 6.56, 6.135, 5.87, 5.177, 5.876, 5.391, 5.558, 7.568, 9.167, 9.389, 9.546, 10.591, 12.029, 13.215, 12.535, 12.137, 12.64, 12.36, 11.859, 11.762, 11.913, 12.101, 11.558, 10.472, 9.614, 9.16, 8.684, 8.569, 8.719, 8.715, 8.626, 8.861, 8.143, 6.435, 5.356, 5.234, 4.98, 4.431, 4.198, 3.41, 2.461, 1.282, 1.362, 2.048, 2.952, 3.971, 4.552, 4.803, 4.023, 2.937, 2.205, 2.414, 2.931, 3.289, 2.097, 1.823, 2.306, 2.659], [6.349, 6.606, 7.023, 5.917, 3.696, 2.474, 2.568, 2.81, 1.736, 1.365, 1.57, 1.81, 2.021, 2.72, 2.896, 2.715, 2.676, 3.827, 4.47, 4.388, 4.607, 5.431, 6.459, 6.911, 7.039, 7.123, 7.285, 7.29, 6.156, 5.34, 5.194, 4.156, 2.395, 0.908, 0.0, 1.119, 1.409, 1.0, 1.248, 1.531, 2.243, 2.435, 2.328, 1.622, 1.125, 1.266, 1.689, 1.983, 1.817, 1.664, 1.525, 1.732, 1.288, 2.286, 2.806, 3.519, 4.634, 6.352, 8.115, 8.767, 8.031, 8.08, 9.077, 10.892, 10.862, 10.022, 7.973, 6.672, 6.951, 5.934, 5.683, 5.725, 5.504, 5.182, 4.781, 4.574, 4.657, 5.667, 6.125, 3.823, 2.444, 5.076, 6.341, 6.612, 6.775, 6.245, 5.49, 5.634, 6.767, 8.432, 9.658, 10.692, 11.418, 11.625, 11.538, 11.314, 10.445, 9.159, 7.912, 7.257, 6.695, 6.222, 6.005, 5.162, 5.817, 5.225, 5.765, 7.675, 9.337, 9.588, 9.716, 10.895, 12.282, 13.453, 12.744, 12.356, 12.82, 12.54, 11.936, 11.882, 12.131, 12.343, 11.731, 10.698, 9.813, 9.388, 8.977, 8.865, 8.994, 8.994, 8.92, 9.118, 8.396, 6.665, 5.607, 5.487, 5.242, 4.691, 4.35, 3.615, 2.679, 1.468, 1.302, 1.958, 2.741, 3.66, 4.29, 4.684, 3.845, 2.7, 2.124, 2.125, 2.732, 3.182, 2.092, 2.066, 2.355, 2.752], [7.076, 7.298, 7.747, 6.641, 4.462, 3.304, 3.369, 3.539, 2.368, 1.452, 1.729, 1.997, 2.095, 2.293, 2.646, 2.763, 2.721, 3.335, 3.838, 4.128, 4.005, 4.701, 5.666, 6.118, 6.246, 6.376, 6.538, 6.496, 5.407, 4.567, 4.398, 3.406, 1.983, 1.33, 1.119, 0.0, 0.779, 0.913, 1.636, 1.561, 1.735, 1.828, 1.735, 1.526, 1.653, 1.835, 2.387, 2.643, 2.403, 2.11, 1.864, 1.842, 1.641, 2.697, 3.451, 4.179, 5.386, 7.139, 8.919, 9.574, 8.849, 8.928, 9.913, 11.657, 11.629, 10.815, 8.791, 7.412, 7.667, 6.603, 6.308, 6.363, 6.172, 5.835, 5.435, 5.154, 5.269, 6.311, 6.77, 4.489, 2.009, 4.352, 5.581, 5.883, 6.076, 5.553, 4.783, 4.891, 6.074, 7.693, 8.946, 9.911, 10.648, 10.853, 10.776, 10.55, 9.668, 8.398, 7.185, 6.577, 6.025, 5.595, 5.332, 4.873, 5.872, 5.103, 4.998, 7.004, 8.596, 8.843, 8.89, 10.112, 11.509, 12.723, 11.998, 11.623, 12.034, 11.754, 11.205, 11.116, 11.37, 11.615, 10.947, 9.984, 9.062, 8.653, 8.235, 8.093, 8.208,