[[0.0, 0.899, 1.989, 3.8, 5.542, 5.484, 3.811, 2.82, 2.008, 2.173, 2.499, 2.734, 2.61, 2.703, 2.587, 2.582, 2.806, 2.839, 2.732, 3.084, 3.36, 3.247, 3.218, 2.887, 2.488, 3.015, 4.075, 5.65, 6.745, 6.16, 5.626, 5.415, 5.63, 6.221, 6.199, 5.791, 6.136, 6.219, 4.887, 3.256, 2.769, 2.894, 2.421, 2.556, 2.405, 2.411, 2.238, 2.418, 2.841, 2.509, 2.359, 2.478, 2.495, 2.476, 2.912, 2.039, 2.162, 2.003, 2.124, 2.233, 2.231, 2.41, 3.254, 3.556, 4.186, 3.716, 3.379, 4.257, 4.172, 3.67, 3.435, 3.15, 2.73, 2.405, 2.388, 1.451, 1.071, 1.544, 1.612, 1.13, 1.141, 2.152, 3.799, 5.04, 4.963, 5.805], [0.899, 0.0, 1.468, 3.543, 5.216, 5.139, 3.346, 2.273, 1.515, 1.928, 2.315, 2.607, 2.804, 2.891, 2.887, 2.931, 3.221, 3.192, 2.924, 3.229, 3.552, 3.592, 3.468, 3.201, 2.465, 2.769, 3.714, 5.328, 6.372, 5.912, 5.27, 5.087, 5.321, 5.912, 5.879, 5.466, 5.78, 5.877, 4.565, 2.954, 2.672, 2.989, 2.711, 2.982, 2.619, 2.524, 2.519, 2.657, 2.995, 2.735, 2.475, 2.529, 2.67, 2.826, 3.155, 2.183, 1.948, 1.757, 1.985, 2.024, 2.083, 2.554, 3.51, 3.913, 4.6, 4.13, 3.802, 4.575, 4.598, 4.134, 4.033, 3.613, 3.116, 2.872, 2.489, 1.676, 0.955, 1.272, 1.261, 1.081, 1.343, 1.986, 3.511, 4.631, 4.611, 5.455], [1.989, 1.468, 0.0, 2.765, 4.425, 4.369, 2.433, 1.633, 1.793, 2.524, 2.807, 3.166, 3.569, 3.793, 4.024, 4.116, 4.302, 4.273, 3.808, 4.109, 4.49, 4.584, 4.493, 4.268, 3.343, 3.198, 3.566, 4.711, 5.767, 5.271, 4.691, 4.489, 4.735, 5.317, 5.298, 4.845, 5.142, 5.229, 3.923, 3.021, 3.34, 3.85, 3.891, 4.183, 3.653, 3.411, 3.566, 3.7, 3.819, 3.453, 3.125, 3.28, 3.689, 4.004, 4.222, 3.071, 2.28, 2.086, 2.353, 2.536, 2.78, 3.282, 4.448, 5.047, 5.767, 5.37, 4.963, 5.766, 5.812, 5.268, 5.256, 4.848, 4.297, 4.108, 3.723, 2.62, 1.814, 1.243, 1.146, 1.873, 2.28, 2.383, 3.097, 3.952, 4.148, 5.042], [3.8, 3.543, 2.765, 0.0, 2.088, 1.943, 1.227, 1.857, 2.888, 4.117, 4.907, 5.08, 5.232, 5.564, 5.926, 5.858, 5.838, 5.875, 5.197, 5.541, 5.994, 6.034, 6.008, 5.855, 4.679, 4.076, 3.401, 2.953, 3.597, 3.095, 2.644, 2.453, 2.672, 3.233, 3.418, 2.987, 3.006, 3.12, 2.388, 3.105, 3.998, 5.05, 5.646, 5.942, 5.319, 5.022, 5.194, 5.252, 5.044, 4.648, 4.516, 4.701, 5.165, 5.677, 6.55, 5.364, 3.476, 3.318, 3.229, 3.688, 4.451, 5.359, 6.459, 7.003, 7.68, 7.159, 6.886, 7.909, 7.82, 7.303, 7.11, 6.713, 6.236, 5.846, 5.7, 4.9, 4.21, 3.206, 2.984, 3.581, 3.874, 3.043, 1.966, 2.556, 2.816, 3.427], [5.542, 5.216, 4.425, 2.088, 0.0, 0.984, 2.42, 3.387, 4.553, 5.82, 6.63, 6.771, 6.807, 7.228, 7.468, 7.4, 7.172, 7.217, 6.415, 6.745, 7.2, 7.318, 7.254, 7.192, 5.938, 5.174, 4.273, 2.692, 2.247, 2.11, 2.189, 2.239, 2.254, 2.43, 2.829, 2.899, 2.57, 2.616, 2.977, 4.169, 5.298, 6.423, 7.185, 7.523, 6.713, 6.342, 6.525, 6.511, 5.989, 5.608, 5.638, 5.815, 6.306, 7.207, 8.22, 7.231, 5.286, 5.057, 5.005, 5.371, 6.255, 7.077, 8.266, 8.829, 9.405, 8.984, 8.647, 9.617, 9.507, 9.154, 8.819, 8.368, 7.817, 7.512, 7.357, 6.582, 6.019, 4.92, 4.837, 5.392, 5.639, 4.546, 2.869, 2.519, 2.813, 3.112], [5.484, 5.139, 4.369, 1.943, 0.984, 0.0, 2.15, 3.299, 4.414, 5.676, 6.505, 6.651, 6.698, 7.092, 7.377, 7.271, 6.961, 6.938, 6.147, 6.433, 6.899, 7.0, 6.97, 6.927, 5.707, 4.891, 3.94, 2.465, 2.176, 1.933, 2.015, 1.936, 1.982, 2.125, 2.586, 2.599, 2.464, 2.529, 2.737, 3.906, 5.019, 6.198, 7.027, 7.383, 6.403, 6.033, 6.248, 6.227, 5.649, 5.285, 5.331, 5.525, 6.028, 6.927, 8.122, 7.019, 5.091, 4.895, 4.804, 5.251, 6.071, 6.922, 8.044, 8.628, 9.25, 8.752, 8.457, 9.491, 9.346, 9.008, 8.733, 8.282, 7.778, 7.387, 7.213, 6.499, 5.812, 4.801, 4.624, 5.217, 5.484, 4.319, 2.621, 2.38, 2.768, 3.053], [3.811, 3.346, 2.433, 1.227, 2.42, 2.15, 0.0, 1.301, 2.746, 3.86, 4.592, 4.656, 5.142, 5.376, 5.652, 5.685, 5.545, 5.469, 4.783, 5.03, 5.464, 5.65, 5.604, 5.495, 4.327, 3.649, 2.715, 2.748, 3.704, 3.184, 2.663, 2.431, 2.683, 3.225, 3.3, 2.846, 3.015, 3.119, 2.024, 2.44, 3.483, 4.606, 5.389, 5.734, 4.85, 4.485, 4.761, 4.717, 4.439, 4.08, 3.868, 4.069, 4.548, 5.415, 6.108, 4.978, 3.054, 2.895, 2.853, 3.384, 4.005, 4.995, 6.159, 6.791, 7.464, 7.102, 6.708, 7.725, 7.656, 7.321, 7.11, 6.678, 6.088, 5.731, 5.432, 4.614, 3.863, 2.832, 2.675, 3.401, 3.65, 2.753, 1.812, 2.677, 3.145, 3.583], [2.82, 2.273, 1.633, 1.857, 3.387, 3.299, 1.301, 0.0, 1.655, 2.754, 3.449, 3.574, 4.118, 4.351, 4.615, 4.754, 4.789, 4.708, 4.136, 4.414, 4.848, 4.985, 4.929, 4.74, 3.625, 3.068, 2.735, 3.713, 4.763, 4.249, 3.691, 3.452, 3.693, 4.245, 4.316, 3.864, 4.061, 4.153, 2.884, 2.285, 2.787, 3.78, 4.451, 4.78, 4.041, 3.753, 3.993, 4.03, 3.962, 3.617, 3.305, 3.519, 3.942, 4.524, 5.0, 3.956, 2.213, 2.027, 2.065, 2.487, 2.949, 3.898, 5.204, 5.805, 6.544, 6.117, 5.763, 6.687, 6.621, 6.28, 6.15, 5.662, 5.093, 4.824, 4.406, 3.561, 2.806, 2.065, 1.927, 2.486, 2.813, 2.091, 2.232, 3.072, 3.456, 4.135], [2.008, 1.515, 1.793, 2.888, 4.553, 4.414, 2.746, 1.655, 0.0, 1.474, 2.308, 2.585, 2.878, 3.187, 3.525, 3.577, 3.76, 3.697, 3.314, 3.583, 3.982, 4.077, 3.989, 3.715, 2.65, 2.702, 3.503, 4.877, 5.779, 5.326, 4.739, 4.57, 4.833, 5.373, 5.479, 5.018, 5.14, 5.263, 4.036, 2.591, 2.423, 2.908, 3.322, 3.614, 3.147, 2.926, 3.034, 3.174, 3.348, 3.115, 2.767, 2.924, 3.181, 3.454, 4.042, 3.01, 1.833, 1.749, 1.833, 1.79, 2.092, 2.974, 4.241, 4.756, 5.586, 4.979, 4.604, 5.329, 5.358, 4.948, 4.938, 4.432, 4.008, 3.746, 3.308, 2.45, 1.968, 1.884, 1.725, 1.672, 1.977, 1.94, 2.707, 3.711, 3.736, 4.589], [2.173, 1.928, 2.524, 4.117, 5.82, 5.676, 3.86, 2.754, 1.474, 0.0, 0.939, 1.411, 2.02, 2.295, 2.603, 2.739, 3.193, 3.196, 3.216, 3.441, 3.757, 3.734, 3.778, 3.32, 3.027, 3.71, 4.646, 6.099, 7.07, 6.564, 6.022, 5.867, 6.131, 6.656, 6.691, 6.229, 6.445, 6.545, 5.287, 3.716, 3.116, 2.806, 2.843, 2.987, 2.813, 2.797, 2.621, 3.13, 3.668, 3.517, 3.393, 3.578, 3.151, 2.969, 2.809, 2.022, 1.892, 1.845, 1.719, 1.277, 1.287, 2.007, 3.132, 3.669, 4.377, 3.874, 3.632, 4.232, 4.285, 3.782, 3.768, 3.345, 2.856, 2.653, 2.125, 1.757, 1.789, 2.28, 2.502, 1.86, 1.782, 2.704, 4.035, 5.068, 5.054, 5.887], [2.499, 2.315, 2.807, 4.907, 6.63, 6.505, 4.592, 3.449, 2.308, 0.939, 0.0, 1.075, 1.898, 2.122, 2.427, 2.625, 3.074, 3.193, 3.286, 3.453, 3.652, 3.661, 3.724, 3.324, 3.503, 4.321, 5.454, 6.946, 7.948, 7.415, 6.885, 6.706, 6.955, 7.522, 7.54, 7.074, 7.33, 7.417, 6.139, 4.562, 3.907, 3.273, 2.799, 2.993, 2.911, 2.891, 2.714, 3.36, 3.95, 3.836, 3.819, 3.977, 3.362, 2.907, 2.412, 1.76, 2.389, 2.345, 2.27, 1.696, 1.501, 1.753, 2.806, 3.3, 3.853, 3.489, 3.376, 3.689, 3.761, 3.199, 3.231, 2.992, 2.436, 2.325, 1.846, 1.853, 1.945, 2.608, 2.843, 2.246, 2.159, 3.241, 4.854, 5.964, 5.95, 6.783], [2.734, 2.607, 3.166, 5.08, 6.771, 6.651, 4.656, 3.574, 2.585, 1.411, 1.075, 0.0, 1.461, 1.547, 1.807, 2.035, 2.59, 2.706, 3.259, 3.32, 3.316, 3.418, 3.432, 3.146, 3.585, 4.452, 5.47, 6.949, 8.051, 7.553, 6.959, 6.727, 6.973, 7.555, 7.536, 7.087, 7.392, 7.478, 6.178, 4.559, 3.9, 3.09, 2.391, 2.491, 2.68, 2.81, 2.655, 3.369, 3.927, 3.909, 3.821, 3.964, 3.307, 2.686, 1.991, 1.473, 2.479, 2.651, 2.358, 2.218, 1.288, 1.237, 2.144, 2.812, 3.412, 2.996, 2.874, 3.531, 3.53, 3.154, 3.04, 2.472, 1.929, 1.783, 1.434, 1.821, 2.343, 2.745, 2.975, 2.37, 2.239, 3.411, 5.024, 6.048, 6.034, 6.867], [2.61, 2.804, 3.569, 5.232, 6.807, 6.698, 5.142, 4.118, 2.878, 2.02, 1.898, 1.461, 0.0, 0.702, 1.126, 1.288, 1.787, 1.956, 2.677, 2.729, 2.488, 2.642, 2.8, 2.504, 3.112, 4.017, 5.125, 6.714, 7.74, 7.344, 6.66, 6.517, 6.77, 7.32, 7.301, 6.848, 7.144, 7.224, 5.926, 4.321, 3.663, 2.717, 1.755, 1.636, 2.198, 2.327, 2.086, 2.814, 3.372, 3.488, 3.317, 3.435, 2.727, 1.919, 1.954, 2.063, 3.242, 3.27, 3.119, 3.007, 2.052, 1.337, 2.109, 2.574, 3.147, 2.603, 2.358, 3.049, 2.899, 2.867, 2.95, 2.266, 2.183, 1.774, 1.592, 2.281, 2.926, 3.326, 3.539, 2.627, 2.39, 3.536, 4.849, 5.874, 5.756, 6.602], [2.703, 2.891, 3.793, 5.564, 7.228, 7.092, 5.376, 4.351, 3.187, 2.295, 2.122, 1.547, 0.702, 0.0, 0.823, 1.204, 1.942, 2.161, 2.931, 2.921, 2.607, 2.801, 2.951, 2.683, 3.503, 4.506, 5.481, 7.07, 8.181, 7.823, 7.08, 6.921, 7.174, 7.674, 7.656, 7.215, 7.52, 7.606, 6.306, 4.676, 4.018, 3.072, 1.879, 1.695, 2.291, 2.412, 2.271, 2.955, 3.506, 3.587, 3.477, 3.541, 2.848, 1.922, 1.57, 2.015, 3.485, 3.517, 3.331, 3.252, 2.249, 1.269, 1.689, 2.115, 2.759, 2.186, 1.89, 2.606, 2.517, 2.5, 2.663, 1.92, 2.038, 1.673, 1.455, 2.255, 2.992, 3.457, 3.61, 2.745, 2.459, 3.875, 5.331, 6.248, 6.202, 7.072], [2.587, 2.887, 4.024, 5.926, 7.468, 7.377, 5.652, 4.615, 3.525, 2.603, 2.427, 1.807, 1.126, 0.823, 0.0, 0.907, 1.82, 1.996, 2.9, 2.894, 2.53, 2.718, 2.826, 2.563, 3.66, 4.7, 5.683, 7.279, 8.464, 8.063, 7.357, 7.088, 7.303, 7.846, 7.81, 7.421, 7.749, 7.841, 6.518, 4.871, 4.15, 3.171, 1.718, 1.501, 2.202, 2.463, 2.208, 2.815, 3.38, 3.413, 3.328, 3.444, 2.783, 1.756, 1.268, 1.852, 3.583, 3.643, 3.576, 3.481, 2.365, 1.208, 1.393, 1.853, 2.334, 1.865, 1.569, 2.345, 2.267, 2.174, 2.244, 1.54, 1.624, 1.369, 1.437, 2.039, 2.894, 3.522, 3.749, 2.889, 2.552, 4.088, 5.621, 6.608, 6.552, 7.391], [2.582, 2.931, 4.116, 5.858, 7.4, 7.271, 5.685, 4.754, 3.577, 2.739, 2.625, 2.035, 1.288, 1.204, 0.907, 0.0, 1.196, 1.345, 2.32, 2.305, 1.887, 2.06, 2.165, 1.91, 3.085, 4.13, 5.211, 6.821, 7.912, 7.466, 6.805, 6.585, 6.807, 7.381, 7.323, 6.964, 7.292, 7.384, 6.063, 4.434, 3.676, 2.685, 1.288, 1.058, 1.875, 2.084, 1.641, 2.301, 2.812, 2.736, 2.849, 2.877, 2.263, 1.435, 1.532, 1.898, 3.666, 3.745, 3.688, 3.628, 2.543, 1.538, 1.903, 2.397, 2.758, 2.258, 1.988, 2.802, 2.632, 2.525, 2.523, 1.774, 1.801, 1.616, 1.618, 1.993, 2.923, 3.561, 3.775, 2.945, 2.549, 3.98, 5.213, 6.398, 6.3, 7.009], [2.806, 3.221, 4.302, 5.838, 7.172, 6.961, 5.545, 4.789, 3.76, 3.193, 3.074, 2.59, 1.787, 1.942, 1.82, 1.196, 0.0, 0.587, 1.355, 1.42, 1.142, 1.15, 1.229, 0.991, 2.019, 3.102, 4.288, 5.89, 7.006, 6.642, 5.885, 5.733, 5.993, 6.494, 6.426, 6.027, 6.356, 6.448, 5.195, 3.75, 2.881, 2.018, 1.48, 1.374, 1.634, 1.656, 1.283, 1.549, 2.085, 2.19, 2.212, 2.154, 1.674, 1.401, 2.592, 2.363, 3.952, 4.048, 3.903, 3.93, 2.933, 2.17, 2.773, 3.324, 3.72, 3.235, 2.929, 3.773, 3.57, 3.399, 3.256, 2.624, 2.374, 2.186, 2.231, 2.417, 3.293, 3.955, 3.95, 3.191, 2.585, 3.596, 4.582, 5.951, 6.131, 6.473], [2.839, 3.192, 4.273, 5.875, 7.217, 6.938, 5.469, 4.708, 3.697, 3.196, 3.193, 2.706, 1.956, 2.161, 1.996, 1.345, 0.587, 0.0, 1.147, 1.376, 1.207, 1.228, 1.234, 0.993, 1.905, 2.907, 4.035, 5.744, 6.796, 6.456, 5.77, 5.539, 5.751, 6.23, 6.153, 5.788, 6.21, 6.213, 4.986, 3.633, 2.573, 1.909, 1.477, 1.338, 1.559, 1.672, 1.269, 1.425, 1.91, 2.074, 2.07, 2.04, 1.615, 1.553, 2.733, 2.369, 3.901, 4.046, 3.955, 4.002, 2.901, 2.273, 2.991, 3.536, 3.924, 3.43, 3.112, 3.922, 3.688, 3.616, 3.568, 2.898, 2.53, 2.283, 2.297, 2.414, 3.278, 3.943, 3.981, 3.242, 2.635, 3.619, 4.522, 5.835, 6.037, 6.375], [2.732, 2.924, 3.808, 5.197, 6.415, 6.147, 4.783, 4.136, 3.314, 3.216, 3.286, 3.259, 2.677, 2.931, 2.9, 2.32, 1.355, 1.147, 0.0, 0.706, 1.089, 1.18, 1.071, 1.097, 1.29, 1.912, 3.056, 4.825, 5.837, 5.464, 4.884, 4.659, 4.874, 5.298, 5.175, 4.875, 5.363, 5.262, 4.104, 2.926, 1.991, 1.752, 1.964, 2.253, 1.659, 1.367, 1.273, 1.075, 1.226, 1.611, 1.401, 1.362, 1.102, 1.997, 3.811, 2.946, 3.755, 3.821, 3.9, 3.971, 3.213, 3.028, 3.856, 4.491, 4.962, 4.449, 4.147, 4.993, 4.777, 4.642, 4.462, 3.869, 3.378, 3.133, 3.046, 2.653, 3.235, 3.743, 3.563, 3.024, 2.457, 3.069, 3.84, 5.296, 5.613, 5.737], [3.084, 3.229, 4.109, 5.541, 6.745, 6.433, 5.03, 4.414, 3.583, 3.441, 3.453, 3.32, 2.729, 2.921, 2.894, 2.305, 1.42, 1.376, 0.706, 0.0, 0.835, 1.071, 0.84, 1.02, 1.568, 2.081, 3.211, 5.133, 6.11, 5.658, 5.167, 4.979, 5.192, 5.556, 5.379, 5.082, 5.625, 5.493, 4.409, 3.221, 2.343, 2.03, 2.084, 2.326, 1.798, 1.517, 1.48, 1.258, 1.442, 1.843, 1.679, 1.589, 1.321, 1.951, 3.752, 3.123, 4.094, 4.105, 4.211, 4.306, 3.413, 3.142, 3.865, 4.499, 4.956, 4.456, 4.146, 4.934, 4.735, 4.654, 4.441, 3.874, 3.565, 3.375, 3.271, 2.871, 3.564, 4.055, 3.913, 3.326, 2.776, 3.34, 4.098, 5.53, 5.871, 5.961], [3.36, 3.552, 4.49, 5.994, 7.2, 6.899, 5.464, 4.848, 3.982, 3.757, 3.652, 3.316, 2.488, 2.607, 2.53, 1.887, 1.142, 1.207, 1.089, 0.835, 0.0, 0.722, 0.657, 0.989, 1.761, 2.536, 3.701, 5.445, 6.563, 6.152, 5.609, 5.45, 5.729, 6.108, 5.856, 5.419, 5.926, 5.859, 4.883, 3.674, 2.744, 2.236, 2.03, 2.045, 1.96, 1.78, 1.637, 1.452, 1.864, 2.099, 2.014, 1.923, 1.586, 1.726, 3.193, 3.129, 4.417, 4.481, 4.537, 4.629, 3.673, 2.903, 3.44, 4.021, 4.399, 3.894, 3.587, 4.418, 4.162, 4.113, 3.97, 3.33, 3.33, 3.139, 3.031, 3.065, 3.852, 4.405, 4.312, 3.694, 3.094, 3.756, 4.523, 6.033, 6.326, 6.427], [3.247, 3.592, 4.584, 6.034, 7.318, 7.0, 5.65, 4.985, 4.077, 3.734, 3.661, 3.418, 2.642, 2.801, 2.718, 2.06, 1.15, 1.228, 1.18, 1.071, 0.722, 0.0, 0.507, 0.871, 1.612, 2.513, 3.861, 5.525, 6.756, 6.279, 5.822, 5.633, 5.917, 6.3, 5.943, 5.486, 5.995, 5.998, 5.082, 3.898, 2.928, 2.236, 2.067, 2.122, 2.067, 2.008, 1.651, 1.606, 2.076, 2.265, 2.264, 2.181, 1.802, 1.919, 3.392, 3.071, 4.367, 4.466, 4.419, 4.47, 3.606, 2.958, 3.561, 4.121, 4.489, 3.997, 3.704, 4.644, 4.333, 4.175, 4.056, 3.466, 3.304, 3.053, 3.099, 2.955, 3.749, 4.379, 4.288, 3.566, 2.979, 3.776, 4.612, 6.231, 6.443, 6.659], [3.218, 3.468, 4.493, 6.008, 7.254, 6.97, 5.604, 4.929, 3.989, 3.778, 3.724, 3.432, 2.8, 2.951, 2.826, 2.165, 1.229, 1.234, 1.071, 0.84, 0.657, 0.507, 0.0, 0.748, 1.521, 2.366, 3.705, 5.41, 6.618, 6.204, 5.69, 5.512, 5.789, 6.158, 5.81, 5.338, 5.866, 5.853, 4.945, 3.757, 2.776, 2.159, 2.002, 2.15, 1.87, 1.819, 1.584, 1.447, 1.93, 2.193, 2.084, 1.997, 1.671, 1.9, 3.507, 3.032, 4.412, 4.486, 4.472, 4.56, 3.625, 3.081, 3.71, 4.218, 4.637, 4.158, 3.855, 4.723, 4.474, 4.349, 4.157, 3.554, 3.313, 3.143, 3.142, 2.949, 3.783, 4.375, 4.248, 3.614, 3.043, 3.731, 4.568, 6.104, 6.345, 6.539], [2.887, 3.201, 4.268, 5.855, 7.192, 6.927, 5.495, 4.74, 3.715, 3.32, 3.324, 3.146, 2.504, 2.683, 2.563, 1.91, 0.991, 0.993, 1.097, 1.02, 0.989, 0.871, 0.748, 0.0, 1.464, 2.561, 3.795, 5.392, 6.624, 6.294, 5.627, 5.53, 5.802, 6.174, 5.834, 5.307, 5.81, 5.879, 4.922, 3.643, 2.548, 1.767, 1.719, 1.912, 1.646, 1.646, 1.271, 1.24, 1.921, 2.134, 2.052, 1.886, 1.516, 1.639, 3.335, 2.741, 4.0, 4.093, 4.065, 4.122, 3.222, 2.855, 3.494, 4.044, 4.487, 3.989, 3.69, 4.517, 4.301, 4.198, 4.008, 3.405, 3.115, 2.95, 2.893, 2.528, 3.401, 4.022, 4.001, 3.262, 2.667, 3.588, 4.505, 5.866, 6.027, 6.401], [2.488, 2.465, 3.343, 4.679, 5.938, 5.707, 4.327, 3.625, 2.65, 3.027, 3.503, 3.585, 3.112, 3.503, 3.66, 3.085, 2.019, 1.905, 1.29, 1.568, 1.761, 1.612, 1.521, 1.464, 0.0, 1.257, 2.75, 4.226, 5.493, 5.146, 4.479, 4.419, 4.713, 5.127, 4.813, 4.27, 4.594, 4.786, 3.81, 2.53, 1.688, 1.681, 2.648, 3.005, 2.267, 1.827, 1.773, 1.353, 1.756, 1.93, 1.574, 1.516, 1.642, 2.711, 4.551, 3.552, 3.331, 3.341, 3.42, 3.597, 3.366, 3.607, 4.61, 5.183, 5.658, 5.181, 4.879, 5.743, 5.513, 5.326, 5.141, 4.558, 4.01, 3.731, 3.657, 2.964, 2.901, 3.262, 3.145, 2.473, 2.255, 2.465, 3.27, 4.758, 4.988, 5.204], [3.015, 2.769, 3.198, 4.076, 5.174, 4.891, 3.649, 3.068, 2.702, 3.71, 4.321, 4.452, 4.017, 4.506, 4.7, 4.13, 3.102, 2.907, 1.912, 2.081, 2.536, 2.513, 2.366, 2.561, 1.257, 0.0, 1.633, 3.4, 4.551, 4.11, 3.695, 3.475, 3.66, 4.047, 3.739, 3.429, 3.953, 3.869, 2.953, 1.884, 1.635, 2.516, 3.693, 4.051, 3.233, 2.726, 2.784, 2.338, 2.191, 2.455, 2.001, 1.913, 2.412, 3.767, 5.596, 4.596, 3.345, 3.232, 3.349, 3.693, 3.921, 4.53, 5.607, 6.194, 6.704, 6.227, 5.925, 6.788, 6.559, 6.373, 6.188, 5.599, 5.065, 4.778, 4.678, 3.964, 3.426, 3.154, 2.97, 2.882, 3.064, 2.242, 2.661, 4.175, 4.527, 4.574], [4.075, 3.714, 3.566, 3.401, 4.273, 3.94, 2.715, 2.735, 3.503, 4.646, 5.454, 5.47, 5.125, 5.481, 5.683, 5.211, 4.288, 4.035, 3.056, 3.211, 3.701, 3.861, 3.705, 3.795, 2.75, 1.633, 0.0, 2.052, 3.288, 2.985, 2.423, 2.183, 2.338, 2.586, 2.334, 2.091, 2.665, 2.477, 1.712, 1.578, 2.027, 3.03, 4.522, 4.925, 4.102, 3.577, 3.761, 3.158, 2.564, 2.863, 2.498, 2.476, 3.163, 4.696, 6.518, 5.676, 3.878, 3.669, 3.766, 4.298, 4.769, 5.54, 6.705, 7.352, 7.858, 7.348, 7.017, 7.815, 7.588, 7.572, 7.38, 6.776, 6.223, 5.959, 5.617, 5.049, 4.512, 3.614, 3.57, 4.072, 4.259, 3.266, 2.39, 3.537, 3.972, 4.144], [5.65, 5.328, 4.711, 2.953, 2.692, 2.465, 2.748, 3.713, 4.877, 6.099, 6.946, 6.949, 6.714, 7.07, 7.279, 6.821, 5.89, 5.744, 4.825, 5.133, 5.445, 5.525, 5.41, 5.392, 4.226, 3.4, 2.052, 0.0, 1.756, 1.549, 1.004, 0.966, 1.125, 1.276, 0.938, 0.703, 1.037, 1.107, 1.1, 2.544, 3.333, 4.413, 6.029, 6.432, 5.609, 5.101, 5.318, 4.646, 4.122, 4.328, 4.061, 4.066, 4.726, 6.223, 8.078, 7.239, 5.351, 5.124, 5.172, 5.571, 6.265, 7.062, 8.227, 8.874, 9.38, 8.87, 8.539, 9.337, 9.11, 9.094, 8.902, 8.298, 7.745, 7.481, 7.139, 6.571, 6.116, 5.005, 4.951, 5.565, 5.88, 4.761, 2.638, 2.837, 3.285, 3.441], [6.745, 6.372, 5.767, 3.597, 2.247, 2.176, 3.704, 4.763, 5.779, 7.07, 7.948, 8.051, 7.74, 8.181, 8.464, 7.912, 7.006, 6.796, 5.837, 6.11, 6.563, 6.756, 6.618, 6.624, 5.493, 4.551, 3.288, 1.756, 0.0, 1.14, 1.227, 1.583, 1.59, 1.487, 1.684, 1.844, 1.514, 1.411, 2.101, 3.799, 4.54, 5.931, 7.304, 7.685, 6.863, 6.316, 6.478, 6.015, 5.35, 5.546, 5.277, 5.226, 5.965, 7.382, 9.287, 8.411, 6.483, 6.227, 6.239, 6.628, 7.356, 8.168, 9.37, 10.006, 10.512, 10.023, 9.713, 10.5, 10.298, 10.226, 10.034, 9.43, 8.877, 8.613, 8.334, 7.732, 7.182, 6.075, 6.05, 6.661, 6.91, 5.737, 3.434, 2.929, 3.122, 3.012], [6.16, 5.912, 5.271, 3.095, 2.11, 1.933, 3.184, 4.249, 5.326, 6.564, 7.415, 7.553, 7.344, 7.823, 8.063, 7.466, 6.642, 6.456, 5.464, 5.658, 6.152, 6.279, 6.204, 6.294, 5.146, 4.11, 2.985, 1.549, 1.14, 0.0, 1.094, 1.238, 1.179, 1.148, 1.281, 1.716, 1.571, 1.411, 1.872, 3.602, 4.353, 5.781, 7.076, 7.404, 6.5, 6.012, 6.089, 5.786, 5.047, 5.083, 4.951, 4.877, 5.724, 7.138, 8.826, 7.933, 6.006, 5.749, 5.742, 6.142, 6.88, 7.704, 8.906, 9.473, 10.029, 9.559, 9.249, 10.133, 9.879, 9.683, 9.463, 8.898, 8.324, 8.059, 7.917, 7.267, 6.69, 5.576, 5.552, 6.13, 6.326, 5.117, 2.883, 2.802, 3.081, 3.031], [5.626, 5.27, 4.691, 2.644, 2.189, 2.015, 2.663, 3.691, 4.739, 6.022, 6.885, 6.959, 6.66, 7.08, 7.357, 6.805, 5.885, 5.77, 4.884, 5.167, 5.609, 5.822, 5.69, 5.627, 4.479, 3.695, 2.423, 1.004, 1.227, 1.094, 0.0, 0.767, 0.946, 1.091, 1.248, 1.077, 0.919, 0.966, 1.112, 2.687, 3.512, 4.78, 6.153, 6.552, 5.731, 5.181, 5.345, 4.87, 4.292, 4.427, 4.181, 4.141, 4.827, 6.245, 8.161, 7.284, 5.357, 5.105, 5.134, 5.525, 6.253, 7.043, 8.236, 8.88, 9.386, 8.889, 8.579, 9.366, 9.164, 9.099, 8.907, 8.304, 7.751, 7.487, 7.2, 6.597, 6.081, 4.97, 4.931, 5.54, 5.823, 4.682, 2.42, 2.316, 2.705, 2.812], [5.415, 5.087, 4.489, 2.453, 2.239, 1.936, 2.431, 3.452, 4.57, 5.867, 6.706, 6.727, 6.517, 6.921, 7.088, 6.585, 5.733, 5.539, 4.659, 4.979, 5.45, 5.633, 5.512, 5.53, 4.419, 3.475, 2.183, 0.966, 1.583, 1.238, 0.767, 0.0, 0.57, 0.927, 1.119, 1.067, 1.215, 1.149, 1.017, 2.502, 3.338, 4.655, 5.948, 6.302, 5.496, 4.954, 5.087, 4.662, 4.002, 4.132, 3.847, 3.945, 4.581, 6.1, 7.868, 7.0, 5.1, 4.888, 4.94, 5.336, 6.024, 6.848, 8.025, 8.672, 9.179, 8.668, 8.337, 9.135, 8.909, 8.892, 8.7, 8.097, 7.543, 7.279, 6.976, 6.369, 5.865, 4.759, 4.705, 5.328, 5.639, 4.527, 2.318, 2.58, 2.993, 3.032], [5.63, 5.321, 4.735, 2.672, 2.254, 1.982, 2.683, 3.693, 4.833, 6.131, 6.955, 6.973, 6.77, 7.174, 7.303, 6.807, 5.993, 5.751, 4.874, 5.192, 5.729, 5.917, 5.789, 5.802, 4.713, 3.66, 2.338, 1.125, 1.59, 1.179, 0.946, 0.57, 0.0, 0.819, 1.059, 1.271, 1.394, 1.248, 1.297, 2.753, 3.552, 4.926, 6.158, 6.509, 5.689, 5.155, 5.288, 4.884, 4.173, 4.333, 4.09, 4.196, 4.806, 6.298, 8.066, 7.201, 5.308, 5.11, 5.185, 5.583, 6.237, 7.058, 8.219, 8.867, 9.373, 8.862, 8.531, 9.329, 9.103, 9.086, 8.894, 8.291, 7.737, 7.473, 7.177, 6.563, 6.074, 4.967, 4.946, 5.572, 5.857, 4.773, 2.563, 2.642, 3.088, 3.096], [6.221, 5.912, 5.317, 3.233, 2.43, 2.125, 3.225, 4.245, 5.373, 6.656, 7.522, 7.555, 7.32, 7.674, 7.846, 7.381, 6.494, 6.23, 5.298, 5.556, 6.108, 6.3, 6.158, 6.174, 5.127, 4.047, 2.586, 1.276, 1.487, 1.148, 1.091, 0.927, 0.819, 0.0, 0.753, 1.36, 1.437, 1.223, 1.563, 3.151, 3.871, 5.241, 6.609, 6.983, 6.181, 5.701, 5.905, 5.35, 4.641, 4.912, 4.629, 4.672, 5.305, 6.828, 8.633, 7.792, 5.911, 5.696, 5.761, 6.159, 6.84, 7.664, 8.82, 9.467, 9.974, 9.463, 9.132, 9.93, 9.704, 9.687, 9.495, 8.892, 8.338, 8.074, 7.732, 7.164, 6.676, 5.565, 5.533, 6.163, 6.451, 5.342, 3.11, 2.939, 3.315, 3.405], [6.199, 5.879, 5.298, 3.418, 2.829, 2.586, 3.3, 4.316, 5.479, 6.691, 7.54, 7.536, 7.301, 7.656, 7.81, 7.323, 6.426, 6.153, 5.175, 5.379, 5.856, 5.943, 5.81, 5.834, 4.813, 3.739, 2.334, 0.938, 1.684, 1.281, 1.248, 1.119, 1.059, 0.753, 0.0, 0.955, 1.352, 1.212, 1.594, 3.041, 3.683, 4.952, 6.565, 6.942, 6.14, 5.651, 5.836, 5.216, 4.601, 4.876, 4.594, 4.555, 5.265, 6.789, 8.597, 7.758, 5.876, 5.677, 5.768, 6.172, 6.798, 7.621, 8.779, 9.426, 9.933, 9.422, 9.091, 9.889, 9.663, 9.646, 9.454, 8.85, 8.304, 8.033, 7.691, 7.123, 6.634, 5.512, 5.513, 6.138, 6.416, 5.348, 3.252, 3.207, 3.627, 3.725], [5.791, 5.466, 4.845, 2.987, 2.899, 2.599, 2.846, 3.864, 5.018, 6.229, 7.074, 7.087, 6.848, 7.215, 7.421, 6.964, 6.027, 5.788, 4.875, 5.082, 5.419, 5.486, 5.338, 5.307, 4.27, 3.429, 2.091, 0.703, 1.844, 1.716, 1.077, 1.067, 1.271, 1.36, 0.955, 0.0, 0.908, 0.919, 1.158, 2.583, 3.31, 4.425, 6.153, 6.53, 5.728, 5.239, 5.461, 4.759, 4.32, 4.5, 4.196, 4.163, 4.873, 6.364, 8.23, 7.392, 5.494, 5.27, 5.298, 5.698, 6.404, 7.2, 8.367, 9.014, 9.52, 9.01, 8.679, 9.477, 9.25, 9.234, 9.042, 8.438, 7.885, 7.621, 7.279, 6.712, 6.259, 5.148, 5.096, 5.713, 6.018, 4.886, 2.783, 3.092, 3.536, 3.642], [6.136, 5.78, 5.142, 3.006, 2.57, 2.464, 3.015, 4.061, 5.14, 6.445, 7.33, 7.392, 7.144, 7.52, 7.749, 7.292, 6.356, 6.21, 5.363, 5.625, 5.926, 5.995, 5.866, 5.81, 4.594, 3.953, 2.665, 1.037, 1.514, 1.571, 0.919, 1.215, 1.394, 1.437, 1.352, 0.908, 0.0, 0.612, 1.442, 2.906, 3.72, 4.813, 6.523, 6.9, 6.1, 5.613, 5.808, 5.142, 4.795, 4.946, 4.579, 4.564, 5.241, 6.728, 8.576, 7.737, 5.837, 5.615, 5.625, 6.004, 6.714, 7.517, 8.737, 9.384, 9.89, 9.38, 9.049, 9.847, 9.621, 9.604, 9.412, 8.808, 8.255, 7.991, 7.649, 7.081, 6.587, 5.476, 5.441, 6.05, 6.333, 5.152, 2.865, 2.673, 3.035, 3.115], [6.219, 5.877, 5.229, 3.12, 2.616, 2.529, 3.119, 4.153, 5.263, 6.545, 7.417, 7.478, 7.224, 7.606, 7.841, 7.384, 6.448, 6.213, 5.262, 5.493, 5.859, 5.998, 5.853, 5.879, 4.786, 3.869, 2.477, 1.107, 1.411, 1.411, 0.966, 1.149, 1.248, 1.223, 1.212, 0.919, 0.612, 0.0, 1.38, 2.972, 3.714, 4.891, 6.594, 6.97, 6.169, 5.68, 5.889, 5.216, 4.747, 4.992, 4.621, 4.606, 5.304, 6.799, 8.658, 7.82, 5.919, 5.698, 5.708, 6.082, 6.811, 7.611, 8.808, 9.455, 9.961, 9.451, 9.12, 9.917, 9.691, 9.675, 9.482, 8.879, 8.326, 8.062, 7.719, 7.151, 6.679, 5.568, 5.524, 6.133, 6.429, 5.242, 3.002, 2.781, 3.115, 3.176], [4.887, 4.565, 3.923, 2.388, 2.977, 2.737, 2.024, 2.884, 4.036, 5.287, 6.139, 6.178, 5.926, 6.306, 6.518, 6.063, 5.195, 4.986, 4.104, 4.409, 4.883, 5.082, 4.945, 4.922, 3.81, 2.953, 1.712, 1.1, 2.101, 1.872, 1.112, 1.017, 1.297, 1.563, 1.594, 1.158, 1.442, 1.38, 0.0, 1.78, 2.587, 3.927, 5.272, 5.639, 4.82, 4.331, 4.571, 4.078, 3.601, 3.804, 3.306, 3.384, 4.006, 5.472, 7.324, 6.485, 4.59, 4.364, 4.38, 4.768, 5.498, 6.299, 7.459, 8.106, 8.612, 8.102, 7.771, 8.569, 8.343, 8.326, 8.134, 7.53, 6.977, 6.713, 6.371, 5.806, 5.356, 4.244, 4.19, 4.805, 5.117, 3.952, 1.83, 2.355, 2.874, 3.029], [3.256, 2.954, 3.021, 3.105, 4.169, 3.906, 2.44, 2.285, 2.591, 3.716, 4.562, 4.559, 4.321, 4.676, 4.871, 4.434, 3.75, 3.633, 2.926, 3.221, 3.674, 3.898, 3.757, 3.643, 2.53, 1.884, 1.578, 2.544, 3.799, 3.602, 2.687, 2.502, 2.753, 3.151, 3.041, 2.583, 2.906, 2.972, 1.78, 0.0, 1.25, 2.414, 3.632, 4.003, 3.231, 2.826, 2.997, 2.613, 2.563, 2.653, 2.185, 2.358, 2.532, 3.84, 5.691, 4.852, 3.177, 2.973, 3.028, 3.302, 3.855, 4.65, 5.838, 6.485, 6.991, 6.481, 6.15, 6.948, 6.721, 6.705, 6.513, 5.909, 5.356, 5.092, 4.75, 4.182, 3.709, 2.858, 2.737, 3.197, 3.469, 2.489, 1.788, 2.889, 3.232, 3.397], [2.769, 2.672, 3.34, 3.998, 5.298, 5.019, 3.483, 2.787, 2.423, 3.116, 3.907, 3.9, 3.663, 4.018, 4.15, 3.676, 2.881, 2.573, 1.991, 2.343, 2.744, 2.928, 2.776, 2.548, 1.688, 1.635, 2.027, 3.333, 4.54, 4.353, 3.512, 3.338, 3.552, 3.871, 3.683, 3.31, 3.72, 3.714, 2.587, 1.25, 0.0, 1.506, 2.936, 3.288, 2.487, 2.058, 2.206, 1.767, 2.098, 2.392, 1.827, 1.852, 1.909, 3.123, 4.958, 4.119, 3.008, 2.963, 3.013, 3.194, 3.212, 3.95, 5.125, 5.773, 6.279, 5.769, 5.438, 6.235, 6.009, 5.992, 5.8, 5.197, 4.644, 4.38, 4.037, 3.469, 3.148, 3.133, 3.029, 2.754, 2.794, 2.31, 2.657, 3.777, 4.069, 4.344], [2.894, 2.989, 3.85, 5.05, 6.423, 6.198, 4.606, 3.78, 2.908, 2.806, 3.273, 3.09, 2.717, 3.072, 3.171, 2.685, 2.018, 1.909, 1.752, 2.03, 2.236, 2.236, 2.159, 1.767, 1.681, 2.516, 3.03, 4.413, 5.931, 5.781, 4.78, 4.655, 4.926, 5.241, 4.952, 4.425, 4.813, 4.891, 3.927, 2.414, 1.506, 0.0, 1.762, 2.104, 1.548, 1.531, 1.467, 1.381, 2.045, 2.301, 1.953, 2.048, 1.755, 2.205, 3.821, 3.039, 3.159, 3.309, 3.288, 3.349, 2.586, 3.001, 3.983, 4.589, 5.095, 4.585, 4.263, 5.051, 4.825, 4.809, 4.616, 4.032, 3.555, 3.271, 2.864, 2.556, 3.226, 3.52, 3.592, 2.875, 2.513, 3.037, 3.889, 4.97, 5.065, 5.521], [2.421, 2.711, 3.891, 5.646, 7.185, 7.027, 5.389, 4.451, 3.322, 2.843, 2.799, 2.391, 1.755, 1.879, 1.718, 1.288, 1.48, 1.477, 1.964, 2.084, 2.03, 2.067, 2.002, 1.719, 2.648, 3.693, 4.522, 6.029, 7.304, 7.076, 6.153, 5.948, 6.158, 6.609, 6.565, 6.153, 6.523, 6.594, 5.272, 3.632, 2.936, 1.762, 0.0, 0.681, 1.075, 1.551, 1.226, 1.635, 2.227, 2.408, 2.273, 2.37, 1.573, 1.186, 2.226, 1.859, 3.453, 3.595, 3.599, 3.663, 2.485, 1.981, 2.555, 2.963, 3.37, 2.912, 2.63, 3.382, 3.137, 3.116, 2.945, 2.37, 2.126, 1.918, 1.48, 1.836, 2.868, 3.455, 3.495, 2.822, 2.387, 3.679, 4.972, 5.902, 5.723, 6.555], [2.556, 2.982, 4.183, 5.942, 7.523, 7.383, 5.734, 4.78, 3.614, 2.987, 2.993, 2.491, 1.636, 1.695, 1.501, 1.058, 1.374, 1.338, 2.253, 2.326, 2.045, 2.122, 2.15, 1.912, 3.005, 4.051, 4.925, 6.432, 7.685, 7.404, 6.552, 6.302, 6.509, 6.983, 6.942, 6.53, 6.9, 6.97, 5.639, 4.003, 3.288, 2.104, 0.681, 0.0, 1.222, 1.803, 1.507, 1.995, 2.493, 2.626, 2.553, 2.626, 1.879, 1.286, 1.925, 1.931, 3.708, 3.81, 3.771, 3.796, 2.648, 1.908, 2.313, 2.706, 2.991, 2.532, 2.293, 3.017, 2.756, 2.737, 2.736, 2.086, 2.075, 1.815, 1.443, 1.951, 3.001, 3.669, 3.793, 3.014, 2.595, 4.019, 5.283, 6.265, 6.113, 6.883], [2.405, 2.619, 3.653, 5.319, 6.713, 6.403, 4.85, 4.041, 3.147, 2.813, 2.911, 2.68, 2.198, 2.291, 2.202, 1.875, 1.634, 1.559, 1.659, 1.798, 1.96, 2.067, 1.87, 1.646, 2.267, 3.233, 4.102, 5.609, 6.863, 6.5, 5.731, 5.496, 5.689, 6.181, 6.14, 5.728, 6.1, 6.169, 4.82, 3.231, 2.487, 1.548, 1.075, 1.222, 0.0, 0.936, 0.898, 1.354, 1.948, 1.955, 1.812, 1.915, 1.307, 1.252, 2.696, 2.052, 3.313, 3.446, 3.502, 3.586, 2.537, 2.266, 2.938, 3.384, 3.801, 3.32, 3.049, 3.86, 3.602, 3.547, 3.362, 2.826, 2.571, 2.348, 1.882, 1.91, 2.855, 3.361, 3.402, 2.728, 2.218, 3.028, 4.247, 5.276, 5.496, 5.994], [2.411, 2.524, 3.411, 5.022, 6.342, 6.033, 4.485, 3.753, 2.926, 2.797, 2.891, 2.81, 2.327, 2.412, 2.463, 2.084, 1.656, 1.672, 1.367, 1.517, 1.78, 2.008, 1.819, 1.646, 1.827, 2.726, 3.577, 5.101, 6.316, 6.012, 5.181, 4.954, 5.155, 5.701, 5.651, 5.239, 5.613, 5.68, 4.331, 2.826, 2.058, 1.531, 1.551, 1.803, 0.936, 0.0, 0.848, 0.949, 1.493, 1.649, 1.49, 1.485, 0.928, 1.511, 3.037, 2.413, 3.276, 3.309, 3.481, 3.617, 2.724, 2.434, 3.209, 3.782, 4.281, 3.791, 3.442, 4.252, 4.119, 4.012, 3.821, 3.202, 2.859, 2.67, 2.277, 2.249, 2.825, 3.257, 3.204, 2.625, 2.244, 2.75, 3.751, 4.926, 5.279, 5.55], [2.238, 2.519, 3.566, 5.194, 6.525, 6.248, 4.761, 3.993, 3.034, 2.621, 2.714, 2.655, 2.086, 2.271, 2.208, 1.641, 1.283, 1.269, 1.273, 1.48, 1.637, 1.651, 1.584, 1.271, 1.773, 2.784, 3.761, 5.318, 6.478, 6.089, 5.345, 5.087, 5.288, 5.905, 5.836, 5.461, 5.808, 5.889, 4.571, 2.997, 2.206, 1.467, 1.226, 1.507, 0.898, 0.848, 0.0, 0.961, 1.561, 1.646, 1.507, 1.578, 0.973, 1.228, 2.85, 2.13, 3.184, 3.278, 3.326, 3.413, 2.546, 2.227, 3.001, 3.591, 4.097, 3.587, 3.262, 4.084, 3.874, 3.82, 3.618, 3.015, 2.587, 2.432, 2.182, 1.916, 2.653, 3.167, 3.236, 2.527, 2.008, 2.897, 4.003, 5.244, 5.39, 5.781], [2.418, 2.657, 3.7, 5.252, 6.511, 6.227, 4.717, 4.03, 3.174, 3.13, 3.36, 3.369, 2.814, 2.955, 2.815, 2.301, 1.549, 1.425, 1.075, 1.258, 1.452, 1.606, 1.447, 1.24, 1.353, 2.338, 3.158, 4.646, 6.015, 5.786, 4.87, 4.662, 4.884, 5.35, 5.216, 4.759, 5.142, 5.216, 4.078, 2.613, 1.767, 1.381, 1.635, 1.995, 1.354, 0.949, 0.961, 0.0, 0.997, 1.292, 1.103, 1.213, 0.691, 1.645, 3.504, 2.803, 3.547, 3.601, 3.762, 3.924, 3.178, 2.999, 3.731, 4.322, 4.794, 4.284, 3.953, 4.751, 4.524, 4.508, 4.316, 3.712, 3.256, 3.05, 2.811, 2.393, 2.925, 3.46, 3.39, 2.824, 2.356, 2.991, 3.831, 5.094, 5.339, 5.542], [2.841, 2.995, 3.819, 5.044, 5.989, 5.649, 4.439, 3.962, 3.348, 3.668, 3.95, 3.927, 3.372, 3.506, 3.38, 2.812, 2.085, 1.91, 1.226, 1.442, 1.864, 2.076, 1.93, 1.921, 1.756, 2.191, 2.564, 4.122, 5.35, 5.047, 4.292, 4.002, 4.173, 4.641, 4.601, 4.32, 4.795, 4.747, 3.601, 2.563, 2.098, 2.045, 2.227, 2.493, 1.948, 1.493, 1.561, 0.997, 0.0, 0.814, 0.962, 1.002, 0.972, 2.221, 4.044, 3.4, 3.976, 4.004, 4.21, 4.391, 3.718, 3.592, 4.279, 4.885, 5.336, 4.826, 4.495, 5.293, 5.066, 5.05, 4.858, 4.254, 3.854, 3.66, 3.41, 2.913, 3.298, 3.724, 3.513, 3.166, 2.796, 3.247, 3.87, 5.189, 5.541, 5.633], [2.509, 2.735, 3.453, 4.648, 5.608, 5.285, 4.08, 3.617, 3.115, 3.517, 3.836, 3.909, 3.488, 3.587, 3.413, 2.736, 2.19, 2.074, 1.611, 1.843, 2.099, 2.265, 2.193, 2.134, 1.93, 2.455, 2.863, 4.328, 5.546, 5.083, 4.427, 4.132, 4.333, 4.912, 4.876, 4.5, 4.946, 4.992, 3.804, 2.653, 2.392, 2.301, 2.408, 2.626, 1.955, 1.649, 1.646, 1.292, 0.814, 0.0, 0.847, 1.078, 1.19, 2.3, 3.896, 3.202, 3.712, 3.795, 3.948, 4.142, 3.578, 3.442, 4.152, 4.713, 5.076, 4.579, 4.292, 5.169, 4.882, 4.806, 4.598, 4.052, 3.662, 3.466, 3.407, 2.665, 3.024, 3.458, 3.164, 2.86, 2.546, 2.92, 3.595, 5.129, 5.546, 5.597], [2.359, 2.475, 3.125, 4.516, 5.638, 5.331, 3.868, 3.305, 2.767, 3.393, 3.819, 3.821, 3.317, 3.477, 3.328, 2.849, 2.212, 2.07, 1.401, 1.679, 2.014, 2.264, 2.084, 2.052, 1.574, 2.001, 2.498, 4.061, 5.277, 4.951, 4.181, 3.847, 4.09, 4.629, 4.594, 4.196, 4.579, 4.621, 3.306, 2.185, 1.827, 1.953, 2.273, 2.553, 1.812, 1.49, 1.507, 1.103, 0.962, 0.847, 0.0, 0.692, 1.065, 2.325, 4.045, 3.296, 3.549, 3.582, 3.777, 3.968, 3.477, 3.462, 4.275, 4.876, 5.363, 4.852, 4.521, 5.35, 5.093, 5.076, 4.884, 4.28, 3.838, 3.612, 3.379, 2.698, 2.862, 3.164, 2.924, 2.654, 2.463, 2.689, 3.306, 4.626, 5.013, 5.116], [2.478, 2.529, 3.28, 4.701, 5.815, 5.525, 4.069, 3.519, 2.924, 3.578, 3.977, 3.964, 3.435, 3.541, 3.444, 2.877, 2.154, 2.04, 1.362, 1.589, 1.923, 2.181, 1.997, 1.886, 1.516, 1.913, 2.476, 4.066, 5.226, 4.877, 4.141, 3.945, 4.196, 4.672, 4.555, 4.163, 4.564, 4.606, 3.384, 2.358, 1.852, 2.048, 2.37, 2.626, 1.915, 1.485, 1.578, 1.213, 1.002, 1.078, 0.692, 0.0, 1.082, 2.405, 4.096, 3.398, 3.72, 3.744, 3.934, 4.129, 3.709, 3.594, 4.349, 4.918, 5.417, 4.907, 4.576, 5.398, 5.148, 5.131, 4.939, 4.335, 3.953, 3.731, 3.474, 2.948, 2.958, 3.245, 3.057, 2.792, 2.635, 2.783, 3.389, 4.729, 5.136, 5.186], [2.495, 2.67, 3.689, 5.165, 6.306, 6.028, 4.548, 3.942, 3.181, 3.151, 3.362, 3.307, 2.727, 2.848, 2.783, 2.263, 1.674, 1.615, 1.102, 1.321, 1.586, 1.802, 1.671, 1.516, 1.642, 2.412, 3.163, 4.726, 5.965, 5.724, 4.827, 4.581, 4.806, 5.305, 5.265, 4.873, 5.241, 5.304, 4.006, 2.532, 1.909, 1.755, 1.573, 1.879, 1.307, 0.928, 0.973, 0.691, 0.972, 1.19, 1.065, 1.082, 0.0, 1.536, 3.394, 2.749, 3.611, 3.624, 3.818, 3.96, 3.207, 3.02, 3.742, 4.262, 4.695, 4.185, 3.868, 4.651, 4.425, 4.409, 4.216, 3.613, 3.196, 3.023, 2.767, 2.52, 2.938, 3.531, 3.377, 2.886, 2.425, 2.997, 3.803, 5.025, 5.313, 5.439], [2.476, 2.826, 4.004, 5.677, 7.207, 6.927, 5.415, 4.524, 3.454, 2.969, 2.907, 2.686, 1.919, 1.922, 1.756, 1.435, 1.401, 1.553, 1.997, 1.951, 1.726, 1.919, 1.9, 1.639, 2.711, 3.767, 4.696, 6.223, 7.382, 7.138, 6.245, 6.1, 6.298, 6.828, 6.789, 6.364, 6.728, 6.799, 5.472, 3.84, 3.123, 2.205, 1.186, 1.286, 1.252, 1.511, 1.228, 1.645, 2.221, 2.3, 2.325, 2.405, 1.536, 0.0, 2.045, 2.131, 3.588, 3.681, 3.68, 3.777, 2.798, 2.171, 2.472, 2.939, 3.291, 2.729, 2.482, 3.152, 2.985, 2.876, 2.693, 2.141, 2.199, 2.24, 2.005, 1.953, 2.917, 3.577, 3.615, 2.924, 2.338, 3.551, 4.897, 5.868, 5.856, 6.607], [2.912, 3.155, 4.222, 6.55, 8.22, 8.122, 6.108, 5.0, 4.042, 2.809, 2.412, 1.991, 1.954, 1.57, 1.268, 1.532, 2.592, 2.733, 3.811, 3.752, 3.193, 3.392, 3.507, 3.335, 4.551, 5.596, 6.518, 8.078, 9.287, 8.826, 8.161, 7.868, 8.066, 8.633, 8.597, 8.23, 8.576, 8.658, 7.324, 5.691, 4.958, 3.821, 2.226, 1.925, 2.696, 3.037, 2.85, 3.504, 4.044, 3.896, 4.045, 4.096, 3.394, 2.045, 0.0, 1.663, 3.797, 3.799, 3.74, 3.411, 2.484, 1.585, 1.441, 1.476, 1.778, 1.477, 1.377, 1.803, 1.761, 1.433, 1.53, 1.185, 1.75, 1.733, 1.411, 1.888, 2.761, 3.645, 3.953, 3.175, 2.928, 4.674, 6.49, 7.495, 7.477, 8.312], [2.039, 2.183, 3.071, 5.364, 7.231, 7.019, 4.978, 3.956, 3.01, 2.022, 1.76, 1.473, 2.063, 2.015, 1.852, 1.898, 2.363, 2.369, 2.946, 3.123, 3.129, 3.071, 3.032, 2.741, 3.552, 4.596, 5.676, 7.239, 8.411, 7.933, 7.284, 7.0, 7.201, 7.792, 7.758, 7.392, 7.737, 7.82, 6.485, 4.852, 4.119, 3.039, 1.859, 1.931, 2.052, 2.413, 2.13, 2.803, 3.4, 3.202, 3.296, 3.398, 2.749, 2.131, 1.663, 0.0, 2.299, 2.536, 2.455, 2.474, 1.331, 1.301, 2.002, 2.439, 2.965, 2.744, 2.387, 3.305, 3.247, 2.776, 2.655, 2.325, 1.863, 1.714, 1.327, 1.064, 1.571, 2.51, 2.578, 2.011, 1.808, 3.452, 5.477, 6.598, 6.584, 7.419], [2.162, 1.948, 2.28, 3.476, 5.286, 5.091, 3.054, 2.213, 1.833, 1.892, 2.389, 2.479, 3.242, 3.485, 3.583, 3.666, 3.952, 3.901, 3.755, 4.094, 4.417, 4.367, 4.412, 4.0, 3.331, 3.345, 3.878, 5.351, 6.483, 6.006, 5.357, 5.1, 5.308, 5.911, 5.876, 5.494, 5.837, 5.919, 4.59, 3.177, 3.008, 3.159, 3.453, 3.708, 3.313, 3.276, 3.184, 3.547, 3.976, 3.712, 3.549, 3.72, 3.611, 3.588, 3.797, 2.299, 0.0, 0.685, 0.759, 1.498, 1.561, 2.687, 3.717, 4.379, 5.158, 4.836, 4.477, 5.45, 5.423, 4.964, 4.842, 4.418, 3.844, 3.562, 3.215, 2.181, 1.632, 1.653, 1.73, 1.554, 1.797, 2.22, 3.523, 4.667, 4.663, 5.484], [2.003, 1.757, 2.086, 3.318, 5.057, 4.895, 2.895, 2.027, 1.749, 1.845, 2.345, 2.651, 3.27, 3.517, 3.643, 3.745, 4.048, 4.046, 3.821, 4.105, 4.481, 4.466, 4.486, 4.093, 3.341, 3.232, 3.669, 5.124, 6.227, 5.749, 5.105, 4.888, 5.11, 5.696, 5.677, 5.27, 5.615, 5.698, 4.364, 2.973, 2.963, 3.309, 3.595, 3.81, 3.446, 3.309, 3.278, 3.601, 4.004, 3.795, 3.582, 3.744, 3.624, 3.681, 3.799, 2.536, 0.685, 0.0, 0.733, 1.296, 1.766, 2.825, 3.844, 4.463, 5.252, 4.929, 4.6, 5.387, 5.425, 4.888, 4.826, 4.488, 3.914, 3.635, 3.277, 2.285, 1.505, 1.477, 1.648, 1.526, 1.858, 2.27, 3.307, 4.444, 4.433, 5.283], [2.124, 1.985, 2.353, 3.229, 5.005, 4.804, 2.853, 2.065, 1.833, 1.719, 2.27, 2.358, 3.119, 3.331, 3.576, 3.688, 3.903, 3.955, 3.9, 4.211, 4.537, 4.419, 4.472, 4.065, 3.42, 3.349, 3.766, 5.172, 6.239, 5.742, 5.134, 4.94, 5.185, 5.761, 5.768, 5.298, 5.625, 5.708, 4.38, 3.028, 3.013, 3.288, 3.599, 3.771, 3.502, 3.481, 3.326, 3.762, 4.21, 3.948, 3.777, 3.934, 3.818, 3.68, 3.74, 2.455, 0.759, 0.733, 0.0, 1.076, 1.646, 2.678, 3.659, 4.268, 5.081, 4.749, 4.456, 5.376, 5.366, 4.84, 4.704, 4.299, 3.724, 3.429, 3.153, 2.203, 1.66, 1.669, 1.707, 1.525, 1.792, 2.186, 3.257, 4.445, 4.45, 5.264], [2.233, 2.024, 2.536, 3.688, 5.371, 5.251, 3.384, 2.487, 1.79, 1.277, 1.696, 2.218, 3.007, 3.252, 3.481, 3.628, 3.93, 4.002, 3.971, 4.306, 4.629, 4.47, 4.56, 4.122, 3.597, 3.693, 4.298, 5.571, 6.628, 6.142, 5.525, 5.336, 5.583, 6.159, 6.172, 5.698, 6.004, 6.082, 4.768, 3.302, 3.194, 3.349, 3.663, 3.796, 3.586, 3.617, 3.413, 3.924, 4.391, 4.142, 3.968, 4.129, 3.96, 3.777, 3.411, 2.474, 1.498, 1.296, 1.076, 0.0, 1.694, 2.684, 3.687, 4.158, 4.738, 4.412, 4.262, 4.739, 4.776, 4.127, 4.106, 3.939, 3.366, 3.171, 2.796, 2.106, 1.705, 2.163, 2.232, 1.735, 2.035, 2.486, 3.677, 4.828, 4.828, 5.649], [2.231, 2.083, 2.78, 4.451, 6.255, 6.071, 4.005, 2.949, 2.092, 1.287, 1.501, 1.288, 2.052, 2.249, 2.365, 2.543, 2.933, 2.901, 3.213, 3.413, 3.673, 3.606, 3.625, 3.222, 3.366, 3.921, 4.769, 6.265, 7.356, 6.88, 6.253, 6.024, 6.237, 6.84, 6.798, 6.404, 6.714, 6.811, 5.498, 3.855, 3.212, 2.586, 2.485, 2.648, 2.537, 2.724, 2.546, 3.178, 3.718, 3.578, 3.477, 3.709, 3.207, 2.798, 2.484, 1.331, 1.561, 1.766, 1.646, 1.694, 0.0, 1.442, 2.632, 3.201, 3.941, 3.637, 3.268, 4.157, 4.134, 3.71, 3.578, 3.23, 2.656, 2.374, 1.991, 1.544, 1.763, 2.194, 2.329, 1.842, 1.651, 2.696, 4.487, 5.592, 5.581, 6.414], [2.41, 2.554, 3.282, 5.359, 7.077, 6.922, 4.995, 3.898, 2.974, 2.007, 1.753, 1.237, 1.337, 1.269, 1.208, 1.538, 2.17, 2.273, 3.028, 3.142, 2.903, 2.958, 3.081, 2.855, 3.607, 4.53, 5.54, 7.062, 8.168, 7.704, 7.043, 6.848, 7.058, 7.664, 7.621, 7.2, 7.517, 7.611, 6.299, 4.65, 3.95, 3.001, 1.981, 1.908, 2.266, 2.434, 2.227, 2.999, 3.592, 3.442, 3.462, 3.594, 3.02, 2.171, 1.585, 1.301, 2.687, 2.825, 2.678, 2.684, 1.442, 0.0, 1.486, 2.106, 2.876, 2.394, 2.068, 2.979, 2.929, 2.591, 2.603, 2.006, 1.72, 1.391, 1.406, 1.702, 2.335, 2.802, 2.91, 2.354, 2.011, 3.553, 5.309, 6.431, 6.427, 7.244], [3.254, 3.51, 4.448, 6.459, 8.266, 8.044, 6.159, 5.204, 4.241, 3.132, 2.806, 2.144, 2.109, 1.689, 1.393, 1.903, 2.773, 2.991, 3.856, 3.865, 3.44, 3.561, 3.71, 3.494, 4.61, 5.607, 6.705, 8.227, 9.37, 8.906, 8.236, 8.025, 8.219, 8.82, 8.779, 8.367, 8.737, 8.808, 7.459, 5.838, 5.125, 3.983, 2.555, 2.313, 2.938, 3.209, 3.001, 3.731, 4.279, 4.152, 4.275, 4.349, 3.742, 2.472, 1.441, 2.002, 3.717, 3.844, 3.659, 3.687, 2.632, 1.486, 0.0, 0.919, 1.717, 1.383, 1.185, 1.947, 2.126, 1.978, 2.162, 1.549, 1.823, 1.536, 1.897, 2.304, 3.143, 3.889, 3.839, 3.283, 2.869, 4.597, 6.484, 7.648, 7.638, 8.469], [3.556, 3.913, 5.047, 7.003, 8.829, 8.628, 6.791, 5.805, 4.756, 3.669, 3.3, 2.812, 2.574, 2.115, 1.853, 2.397, 3.324, 3.536, 4.491, 4.499, 4.021, 4.121, 4.218, 4.044, 5.183, 6.194, 7.352, 8.874, 10.006, 9.473, 8.88, 8.672, 8.867, 9.467, 9.426, 9.014, 9.384, 9.455, 8.106, 6.485, 5.773, 4.589, 2.963, 2.706, 3.384, 3.782, 3.591, 4.322, 4.885, 4.713, 4.876, 4.918, 4.262, 2.939, 1.476, 2.439, 4.379, 4.463, 4.268, 4.158, 3.201, 2.106, 0.919, 0.0, 1.251, 1.101, 0.923, 1.4, 1.66, 1.72, 1.902, 1.487, 2.06, 1.768, 2.154, 2.759, 3.558, 4.398, 4.387, 3.678, 3.354, 5.109, 7.078, 8.284, 8.27, 9.105], [4.186, 4.6, 5.767, 7.68, 9.405, 9.25, 7.464, 6.544, 5.586, 4.377, 3.853, 3.412, 3.147, 2.759, 2.334, 2.758, 3.72, 3.924, 4.962, 4.956, 4.399, 4.489, 4.637, 4.487, 5.658, 6.704, 7.858, 9.38, 10.512, 10.029, 9.386, 9.179, 9.373, 9.974, 9.933, 9.52, 9.89, 9.961, 8.612, 6.991, 6.279, 5.095, 3.37, 2.991, 3.801, 4.281, 4.097, 4.794, 5.336, 5.076, 5.363, 5.417, 4.695, 3.291, 1.778, 2.965, 5.158, 5.252, 5.081, 4.738, 3.941, 2.876, 1.717, 1.251, 0.0, 0.873, 1.26, 1.33, 1.293, 1.595, 1.671, 1.537, 2.114, 2.071, 2.426, 3.263, 4.115, 5.094, 5.228, 4.292, 4.09, 5.695, 7.607, 8.833, 8.793, 9.619], [3.716, 4.13, 5.37, 7.159, 8.984, 8.752, 7.102, 6.117, 4.979, 3.874, 3.489, 2.996, 2.603, 2.186, 1.865, 2.258, 3.235, 3.43, 4.449, 4.456, 3.894, 3.997, 4.158, 3.989, 5.181, 6.227, 7.348, 8.87, 10.023, 9.559, 8.889, 8.668, 8.862, 9.463, 9.422, 9.01, 9.38, 9.451, 8.102, 6.481, 5.769, 4.585, 2.912, 2.532, 3.32, 3.791, 3.587, 4.284, 4.826, 4.579, 4.852, 4.907, 4.185, 2.729, 1.477, 2.744, 4.836, 4.929, 4.749, 4.412, 3.637, 2.394, 1.383, 1.101, 0.873, 0.0, 1.023, 1.208, 0.937, 1.209, 1.293, 1.085, 1.804, 1.677, 2.017, 2.856, 3.908, 4.785, 4.904, 3.979, 3.722, 5.396, 7.137, 8.328, 8.279, 9.114], [3.379, 3.802, 4.963, 6.886, 8.647, 8.457, 6.708, 5.763, 4.604, 3.632, 3.376, 2.874, 2.358, 1.89, 1.569, 1.988, 2.929, 3.112, 4.147, 4.146, 3.587, 3.704, 3.855, 3.69, 4.879, 5.925, 7.017, 8.539, 9.713, 9.249, 8.579, 8.337, 8.531, 9.132, 9.091, 8.679, 9.049, 9.12, 7.771, 6.15, 5.438, 4.263, 2.63, 2.293, 3.049, 3.442, 3.262, 3.953, 4.495, 4.292, 4.521, 4.576, 3.868, 2.482, 1.377, 2.387, 4.477, 4.6, 4.456, 4.262, 3.268, 2.068, 1.185, 0.923, 1.26, 1.023, 0.0, 1.119, 1.436, 1.707, 1.796, 1.482, 2.074, 1.872, 2.078, 2.561, 3.588, 4.487, 4.577, 3.723, 3.408, 5.116, 6.834, 7.993, 7.952, 8.79], [4.257, 4.575, 5.766, 7.909, 9.617, 9.491, 7.725, 6.687, 5.329, 4.232, 3.689, 3.531, 3.049, 2.606, 2.345, 2.802, 3.773, 3.922, 4.993, 4.934, 4.418, 4.644, 4.723, 4.517, 5.743, 6.788, 7.815, 9.337, 10.5, 10.133, 9.366, 9.135, 9.329, 9.93, 9.889, 9.477, 9.847, 9.917, 8.569, 6.948, 6.235, 5.051, 3.382, 3.017