[[0.0, 0.995, 1.423, 2.108, 3.116, 3.427, 3.664, 4.051, 4.464, 4.535, 4.494, 4.269, 3.943, 3.724, 3.302, 3.175, 3.016, 2.974, 2.845, 2.951, 3.564, 3.638, 3.501, 3.641, 3.993, 4.451, 3.831, 3.666, 3.944, 4.425, 5.207, 5.274, 5.087, 5.109, 5.244, 6.262, 7.721, 8.458, 8.919, 9.373, 9.416, 9.647, 9.609, 8.606, 8.029, 8.587, 8.897, 8.389, 7.897, 7.611, 7.789, 7.191, 5.24, 3.087, 3.106, 2.985, 2.917, 2.851, 2.656, 2.619, 2.285, 2.44, 3.078, 3.295, 3.32, 3.592, 3.615, 3.401, 3.04, 2.902, 3.032, 4.336, 4.707, 3.312, 3.068, 2.99, 2.791, 3.352, 3.537, 3.511, 3.665, 4.14, 5.195, 5.805, 6.021, 6.19], [0.995, 0.0, 0.793, 1.589, 2.559, 2.877, 3.173, 3.653, 4.004, 4.079, 4.166, 3.998, 3.742, 3.586, 3.336, 3.238, 2.934, 2.907, 2.821, 2.618, 3.028, 3.156, 3.034, 3.143, 3.476, 3.921, 3.342, 3.149, 3.434, 3.913, 4.745, 4.782, 4.629, 4.632, 4.739, 5.819, 7.226, 7.955, 8.387, 8.838, 8.912, 9.114, 9.109, 8.11, 7.552, 8.077, 8.387, 7.875, 7.365, 7.13, 7.295, 6.718, 4.84, 3.074, 3.21, 3.111, 3.024, 2.923, 2.638, 2.521, 2.379, 2.632, 3.245, 3.42, 3.392, 3.706, 3.718, 3.585, 3.224, 3.131, 3.152, 4.348, 4.848, 3.44, 3.191, 3.172, 2.98, 3.096, 3.11, 2.947, 3.175, 3.68, 4.753, 5.354, 5.476, 5.601], [1.423, 0.793, 0.0, 1.002, 2.205, 2.556, 2.949, 3.389, 3.705, 3.833, 4.059, 3.844, 3.718, 3.627, 3.4, 3.305, 2.996, 3.048, 2.994, 2.59, 2.736, 2.801, 2.574, 2.748, 3.057, 3.482, 2.926, 2.71, 3.024, 3.493, 4.321, 4.363, 4.198, 4.196, 4.328, 5.374, 6.786, 7.522, 7.974, 8.452, 8.518, 8.723, 8.721, 7.706, 7.149, 7.669, 8.022, 7.498, 7.023, 6.781, 6.946, 6.376, 4.506, 3.214, 3.392, 3.202, 3.16, 3.029, 2.772, 2.688, 2.573, 2.743, 3.337, 3.532, 3.488, 3.825, 3.805, 3.728, 3.389, 3.305, 3.202, 4.409, 4.929, 3.689, 3.422, 3.311, 2.887, 2.736, 2.651, 2.585, 2.794, 3.286, 4.19, 4.773, 4.912, 5.147], [2.108, 1.589, 1.002, 0.0, 1.678, 1.938, 2.324, 2.692, 2.978, 3.164, 3.446, 3.265, 3.149, 3.099, 2.894, 2.815, 2.615, 2.754, 2.758, 2.259, 2.188, 2.387, 2.465, 2.725, 3.057, 3.464, 2.955, 2.656, 3.001, 3.511, 4.316, 4.341, 4.226, 4.222, 4.302, 5.358, 6.797, 7.617, 8.073, 8.569, 8.664, 8.86, 8.835, 7.824, 7.198, 7.769, 8.132, 7.62, 7.134, 6.938, 7.137, 6.528, 4.64, 3.544, 3.73, 3.521, 3.446, 3.257, 3.256, 3.194, 3.021, 3.129, 3.591, 3.663, 3.69, 4.054, 4.019, 3.954, 3.693, 3.547, 3.245, 3.902, 4.345, 3.85, 3.692, 3.612, 2.963, 2.622, 2.341, 2.348, 2.685, 3.196, 4.05, 4.479, 4.563, 4.927], [3.116, 2.559, 2.205, 1.678, 0.0, 0.747, 1.316, 1.793, 1.878, 2.023, 2.522, 2.4, 2.155, 2.209, 2.328, 2.607, 2.282, 2.519, 2.575, 2.098, 1.579, 1.777, 2.185, 2.666, 2.941, 3.437, 2.865, 2.692, 2.955, 3.356, 4.175, 4.212, 4.014, 3.991, 4.155, 5.256, 6.722, 7.535, 7.997, 8.479, 8.569, 8.854, 8.867, 7.942, 7.371, 7.89, 8.195, 7.668, 7.278, 6.939, 7.075, 6.627, 4.828, 4.076, 4.164, 3.941, 3.768, 3.494, 3.32, 3.279, 3.422, 3.466, 3.971, 3.909, 4.043, 4.286, 4.179, 4.405, 4.126, 4.091, 3.352, 3.473, 4.115, 4.051, 4.185, 4.351, 3.416, 2.08, 1.894, 1.958, 2.3, 2.832, 3.818, 4.343, 4.435, 4.763], [3.427, 2.877, 2.556, 1.938, 0.747, 0.0, 0.936, 1.433, 1.633, 1.709, 2.111, 2.061, 1.858, 1.888, 2.185, 2.495, 2.156, 2.426, 2.392, 1.987, 1.497, 1.753, 2.17, 2.642, 2.993, 3.494, 2.827, 2.671, 2.946, 3.28, 4.089, 4.153, 3.864, 3.869, 4.119, 5.214, 6.718, 7.579, 7.997, 8.483, 8.581, 8.834, 8.895, 7.944, 7.365, 7.959, 8.245, 7.788, 7.287, 6.963, 7.217, 6.757, 4.813, 4.077, 4.209, 4.057, 3.912, 3.65, 3.642, 3.647, 3.658, 3.678, 3.983, 4.024, 4.136, 4.346, 4.186, 4.361, 4.181, 4.123, 3.421, 3.384, 3.932, 4.266, 4.542, 4.666, 3.651, 2.122, 1.991, 2.022, 2.431, 2.843, 3.792, 4.308, 4.406, 4.781], [3.664, 3.173, 2.949, 2.324, 1.316, 0.936, 0.0, 1.039, 1.175, 1.195, 1.443, 1.435, 1.39, 1.328, 1.845, 2.243, 1.901, 2.115, 2.136, 1.717, 1.444, 2.006, 2.637, 3.031, 3.431, 3.985, 3.421, 3.113, 3.414, 3.867, 4.564, 4.589, 4.222, 4.23, 4.553, 5.655, 7.12, 8.029, 8.435, 8.911, 9.037, 9.265, 9.26, 8.305, 7.771, 8.346, 8.685, 8.194, 7.634, 7.546, 8.024, 7.2, 5.244, 4.151, 4.253, 4.157, 3.982, 3.59, 3.662, 3.725, 3.763, 3.741, 4.1, 3.971, 4.163, 4.327, 4.007, 4.29, 4.162, 4.069, 3.277, 3.023, 3.497, 4.185, 4.535, 4.664, 3.603, 2.357, 2.56, 2.596, 3.029, 3.241, 4.155, 4.684, 4.825, 5.224], [4.051, 3.653, 3.389, 2.692, 1.793, 1.433, 1.039, 0.0, 0.799, 1.062, 1.406, 1.375, 1.482, 1.428, 1.96, 2.13, 1.835, 2.101, 2.132, 1.825, 1.633, 2.371, 3.058, 3.446, 3.815, 4.403, 3.744, 3.519, 3.764, 4.15, 4.861, 4.887, 4.414, 4.347, 4.674, 5.689, 7.16, 8.013, 8.51, 9.05, 9.175, 9.377, 9.415, 8.425, 7.868, 8.421, 8.744, 8.262, 7.871, 7.801, 8.129, 7.456, 5.535, 4.637, 4.627, 4.471, 4.333, 3.961, 3.984, 4.101, 4.171, 4.033, 4.319, 4.327, 4.423, 4.552, 4.28, 4.479, 4.441, 4.347, 3.438, 3.109, 3.511, 4.193, 4.497, 4.642, 3.559, 2.155, 2.563, 2.709, 3.127, 3.491, 4.22, 4.717, 4.85, 5.334], [4.464, 4.004, 3.705, 2.978, 1.878, 1.633, 1.175, 0.799, 0.0, 0.713, 1.121, 1.141, 1.332, 1.64, 2.05, 2.194, 1.964, 2.178, 2.232, 1.992, 1.798, 2.469, 3.111, 3.512, 3.885, 4.454, 3.97, 3.583, 3.74, 4.103, 4.774, 4.777, 4.311, 4.316, 4.686, 5.658, 7.119, 8.027, 8.515, 9.097, 9.226, 9.407, 9.411, 8.453, 7.828, 8.406, 8.752, 8.255, 7.825, 7.83, 8.163, 7.52, 5.749, 5.029, 4.987, 4.816, 4.726, 4.203, 4.139, 4.2, 4.506, 4.371, 4.676, 4.537, 4.719, 4.846, 4.494, 4.811, 4.771, 4.684, 3.75, 3.329, 3.726, 4.465, 4.796, 4.948, 3.827, 2.182, 2.658, 2.821, 3.139, 3.49, 4.199, 4.677, 4.847, 5.324], [4.535, 4.079, 3.833, 3.164, 2.023, 1.709, 1.195, 1.062, 0.713, 0.0, 0.796, 0.851, 1.323, 1.541, 1.976, 2.171, 1.947, 2.136, 2.223, 1.847, 1.741, 2.557, 3.279, 3.715, 4.119, 4.689, 4.059, 3.725, 3.931, 4.348, 5.026, 5.001, 4.459, 4.5, 4.954, 5.975, 7.387, 8.332, 8.78, 9.314, 9.439, 9.593, 9.552, 8.654, 8.056, 8.669, 8.985, 8.51, 8.026, 8.061, 8.567, 7.82, 5.885, 4.91, 4.889, 4.77, 4.699, 4.188, 4.202, 4.307, 4.495, 4.345, 4.634, 4.528, 4.674, 4.8, 4.414, 4.68, 4.642, 4.571, 3.69, 3.174, 3.519, 4.343, 4.812, 4.956, 3.835, 2.421, 3.003, 3.137, 3.536, 3.761, 4.41, 4.95, 5.148, 5.681], [4.494, 4.166, 4.059, 3.446, 2.522, 2.111, 1.443, 1.406, 1.121, 0.796, 0.0, 0.701, 1.124, 1.306, 1.71, 1.984, 1.834, 1.981, 2.061, 1.862, 2.031, 2.895, 3.732, 4.241, 4.63, 5.199, 4.465, 4.07, 4.243, 4.628, 5.241, 5.231, 4.769, 4.806, 5.377, 6.339, 7.753, 8.706, 9.211, 9.649, 9.754, 9.883, 9.896, 9.044, 8.5, 9.119, 9.472, 8.985, 8.282, 8.483, 8.987, 8.315, 6.361, 4.826, 4.664, 4.589, 4.555, 4.231, 4.246, 4.343, 4.375, 4.203, 4.45, 4.438, 4.56, 4.644, 4.321, 4.424, 4.492, 4.39, 3.537, 3.012, 3.335, 4.195, 4.679, 4.826, 3.707, 2.658, 3.421, 3.604, 3.99, 4.174, 4.797, 5.323, 5.532, 6.102], [4.269, 3.998, 3.844, 3.265, 2.4, 2.061, 1.435, 1.375, 1.141, 0.851, 0.701, 0.0, 1.034, 1.064, 1.514, 1.724, 1.546, 1.756, 1.764, 1.544, 1.926, 2.758, 3.592, 4.105, 4.484, 5.043, 4.313, 3.913, 4.182, 4.612, 5.222, 5.219, 4.824, 4.893, 5.456, 6.408, 7.821, 8.782, 9.276, 9.711, 9.808, 9.941, 9.941, 9.093, 8.553, 9.157, 9.5, 9.011, 8.242, 8.455, 8.981, 8.223, 6.124, 4.565, 4.484, 4.354, 4.377, 3.968, 4.041, 4.146, 4.153, 3.943, 4.177, 4.118, 4.259, 4.334, 3.998, 4.114, 4.172, 4.087, 3.213, 2.694, 3.037, 3.87, 4.353, 4.5, 3.393, 2.669, 3.47, 3.566, 3.954, 4.121, 4.852, 5.391, 5.614, 6.138], [3.943, 3.742, 3.718, 3.149, 2.155, 1.858, 1.39, 1.482, 1.332, 1.323, 1.124, 1.034, 0.0, 0.791, 1.413, 1.803, 1.513, 1.852, 1.657, 1.518, 1.649, 2.479, 3.251, 3.93, 4.248, 4.801, 4.054, 3.618, 3.715, 4.069, 4.727, 4.79, 4.628, 4.664, 5.1, 6.12, 7.595, 8.457, 8.929, 9.365, 9.498, 9.687, 9.702, 8.867, 8.338, 8.975, 9.304, 8.843, 8.001, 8.132, 8.597, 7.814, 5.888, 4.332, 4.017, 3.942, 3.943, 3.516, 3.509, 3.57, 3.787, 3.569, 3.757, 3.652, 3.8, 3.936, 3.546, 3.737, 3.803, 3.699, 2.838, 2.374, 3.018, 3.704, 4.103, 4.25, 3.143, 2.254, 3.14, 3.124, 3.438, 3.722, 4.666, 5.179, 5.304, 5.795], [3.724, 3.586, 3.627, 3.099, 2.209, 1.888, 1.328, 1.428, 1.64, 1.541, 1.306, 1.064, 0.791, 0.0, 1.042, 1.535, 1.314, 1.638, 1.453, 1.41, 1.748, 2.674, 3.442, 4.032, 4.372, 4.923, 4.109, 3.819, 4.128, 4.558, 5.243, 5.298, 5.118, 5.15, 5.546, 6.573, 8.072, 8.936, 9.392, 9.807, 9.898, 10.121, 10.109, 9.241, 8.747, 9.347, 9.659, 9.189, 8.376, 8.46, 8.949, 8.118, 5.987, 4.156, 3.737, 3.671, 3.62, 3.258, 3.458, 3.736, 3.566, 3.321, 3.476, 3.46, 3.473, 3.594, 3.334, 3.465, 3.436, 3.374, 2.538, 2.032, 2.572, 3.297, 3.696, 3.839, 2.79, 2.703, 3.418, 3.456, 3.838, 4.084, 5.106, 5.654, 5.757, 6.247], [3.302, 3.336, 3.4, 2.894, 2.328, 2.185, 1.845, 1.96, 2.05, 1.976, 1.71, 1.514, 1.413, 1.042, 0.0, 0.747, 0.843, 1.162, 1.135, 1.539, 2.155, 3.21, 4.007, 4.509, 4.843, 5.364, 4.668, 4.37, 4.732, 5.224, 6.028, 6.065, 5.876, 5.868, 6.135, 7.268, 8.755, 9.599, 10.005, 10.429, 10.504, 10.758, 10.757, 9.77, 9.242, 9.85, 10.194, 9.706, 9.054, 8.843, 9.194, 8.521, 6.372, 4.153, 3.659, 3.363, 3.24, 3.045, 3.261, 3.535, 3.119, 2.943, 3.207, 3.261, 3.211, 3.314, 3.34, 3.302, 3.065, 2.963, 2.291, 2.085, 2.297, 2.693, 3.102, 3.249, 2.414, 2.924, 3.741, 3.792, 4.201, 4.653, 5.825, 6.355, 6.446, 6.755], [3.175, 3.238, 3.305, 2.815, 2.607, 2.495, 2.243, 2.13, 2.194, 2.171, 1.984, 1.724, 1.803, 1.535, 0.747, 0.0, 0.663, 0.94, 0.987, 1.629, 2.418, 3.523, 4.342, 4.768, 5.137, 5.619, 5.026, 4.648, 5.032, 5.586, 6.346, 6.373, 6.216, 6.203, 6.419, 7.486, 8.979, 9.811, 10.265, 10.77, 10.845, 11.096, 11.089, 10.087, 9.479, 10.039, 10.413, 9.901, 9.35, 9.182, 9.384, 8.754, 6.712, 4.479, 3.859, 3.608, 3.525, 3.311, 3.51, 3.649, 3.272, 3.187, 3.378, 3.481, 3.444, 3.51, 3.532, 3.312, 3.154, 3.007, 2.382, 2.131, 2.243, 2.612, 2.803, 2.927, 2.263, 3.106, 3.919, 3.948, 4.383, 4.931, 6.038, 6.574, 6.669, 7.025], [3.016, 2.934, 2.996, 2.615, 2.282, 2.156, 1.901, 1.835, 1.964, 1.947, 1.834, 1.546, 1.513, 1.314, 0.843, 0.663, 0.0, 0.615, 0.728, 1.161, 2.026, 3.13, 3.956, 4.403, 4.772, 5.285, 4.613, 4.247, 4.641, 5.163, 5.962, 6.015, 5.827, 5.829, 6.056, 7.134, 8.631, 9.446, 9.89, 10.374, 10.437, 10.685, 10.697, 9.7, 9.138, 9.701, 10.024, 9.541, 8.99, 8.801, 8.981, 8.356, 6.357, 4.15, 3.553, 3.465, 3.458, 3.255, 3.179, 3.346, 3.191, 3.016, 3.297, 3.507, 3.415, 3.561, 3.494, 3.379, 3.107, 3.064, 2.419, 2.121, 2.503, 2.752, 3.059, 3.168, 2.345, 2.837, 3.662, 3.689, 4.044, 4.524, 5.681, 6.21, 6.318, 6.661], [2.974, 2.907, 3.048, 2.754, 2.519, 2.426, 2.115, 2.101, 2.178, 2.136, 1.981, 1.756, 1.852, 1.638, 1.162, 0.94, 0.615, 0.0, 0.732, 1.404, 2.231, 3.407, 4.232, 4.676, 5.046, 5.549, 4.859, 4.505, 4.911, 5.419, 6.228, 6.272, 6.083, 6.109, 6.328, 7.396, 8.895, 9.703, 10.141, 10.625, 10.661, 10.896, 10.907, 9.904, 9.336, 9.911, 10.257, 9.734, 9.251, 9.028, 9.229, 8.577, 6.725, 4.414, 3.82, 3.741, 3.897, 3.634, 3.46, 3.588, 3.398, 3.29, 3.624, 3.865, 3.804, 3.929, 3.83, 3.641, 3.334, 3.208, 2.748, 2.466, 2.65, 2.84, 3.176, 3.27, 2.527, 3.109, 3.951, 3.975, 4.329, 4.79, 5.944, 6.464, 6.579, 6.934], [2.845, 2.821, 2.994, 2.758, 2.575, 2.392, 2.136, 2.132, 2.232, 2.223, 2.061, 1.764, 1.657, 1.453, 1.135, 0.987, 0.728, 0.732, 0.0, 1.207, 2.06, 3.302, 4.1, 4.53, 4.938, 5.403, 4.74, 4.374, 4.794, 5.305, 6.094, 6.14, 5.948, 5.957, 6.224, 7.299, 8.791, 9.618, 10.027, 10.525, 10.589, 10.784, 10.804, 9.805, 9.266, 9.788, 10.102, 9.609, 9.094, 8.973, 9.177, 8.484, 6.603, 4.387, 3.655, 3.588, 3.671, 3.423, 3.299, 3.479, 3.155, 3.156, 3.453, 3.622, 3.554, 3.648, 3.579, 3.501, 3.218, 3.126, 2.546, 2.246, 2.634, 2.845, 3.131, 3.19, 2.346, 3.079, 3.868, 3.879, 4.259, 4.725, 5.846, 6.371, 6.501, 6.854], [2.951, 2.618, 2.59, 2.259, 2.098, 1.987, 1.717, 1.825, 1.992, 1.847, 1.862, 1.544, 1.518, 1.41, 1.539, 1.629, 1.161, 1.404, 1.207, 0.0, 1.171, 2.307, 3.196, 3.794, 4.167, 4.676, 3.825, 3.404, 3.795, 4.304, 5.077, 5.109, 4.971, 4.99, 5.442, 6.451, 7.907, 8.753, 9.201, 9.582, 9.64, 9.828, 9.854, 8.976, 8.539, 9.102, 9.397, 8.914, 8.097, 8.154, 8.551, 7.793, 5.712, 3.739, 3.508, 3.595, 3.541, 3.074, 3.127, 3.289, 3.257, 3.196, 3.509, 3.653, 3.58, 3.713, 3.488, 3.426, 3.326, 3.165, 2.621, 2.365, 3.023, 3.156, 3.499, 3.597, 2.735, 2.686, 3.28, 3.279, 3.585, 3.902, 4.977, 5.514, 5.651, 6.088], [3.564, 3.028, 2.736, 2.188, 1.579, 1.497, 1.444, 1.633, 1.798, 1.741, 2.031, 1.926, 1.649, 1.748, 2.155, 2.418, 2.026, 2.231, 2.06, 1.171, 0.0, 1.403, 2.225, 2.776, 3.149, 3.637, 2.936, 2.503, 2.883, 3.438, 4.137, 4.141, 3.952, 3.949, 4.407, 5.428, 6.866, 7.743, 8.196, 8.628, 8.693, 8.823, 8.892, 8.052, 7.57, 8.166, 8.427, 7.981, 7.26, 7.292, 7.721, 6.911, 5.15, 4.11, 3.954, 3.902, 3.823, 3.26, 3.299, 3.377, 3.536, 3.573, 3.904, 3.77, 3.842, 4.023, 3.731, 3.914, 3.843, 3.68, 2.946, 2.831, 3.589, 3.773, 4.128, 4.228, 3.257, 2.015, 2.308, 2.332, 2.619, 2.902, 3.906, 4.458, 4.648, 5.111], [3.638, 3.156, 2.801, 2.387, 1.777, 1.753, 2.006, 2.371, 2.469, 2.557, 2.895, 2.758, 2.479, 2.674, 3.21, 3.523, 3.13, 3.407, 3.302, 2.307, 1.403, 0.0, 1.189, 1.686, 2.013, 2.53, 1.927, 1.643, 1.849, 2.241, 2.909, 2.977, 2.829, 2.839, 3.242, 4.278, 5.738, 6.584, 7.027, 7.431, 7.542, 7.735, 7.838, 7.011, 6.552, 7.169, 7.387, 6.937, 6.236, 6.272, 6.619, 5.885, 4.641, 3.963, 4.049, 4.088, 3.907, 3.519, 3.568, 3.607, 3.722, 3.787, 4.092, 3.929, 4.141, 4.324, 3.941, 4.161, 4.124, 4.012, 3.344, 3.828, 4.625, 4.533, 4.656, 4.75, 3.813, 1.972, 1.567, 1.334, 1.573, 1.775, 2.817, 3.396, 3.591, 4.025], [3.501, 3.034, 2.574, 2.465, 2.185, 2.17, 2.637, 3.058, 3.111, 3.279, 3.732, 3.592, 3.251, 3.442, 4.007, 4.342, 3.956, 4.232, 4.1, 3.196, 2.225, 1.189, 0.0, 0.99, 1.28, 1.701, 1.235, 1.175, 1.193, 1.409, 2.071, 2.127, 1.92, 2.048, 2.306, 3.349, 4.826, 5.694, 6.109, 6.556, 6.663, 6.892, 6.996, 6.134, 5.711, 6.281, 6.503, 6.075, 5.42, 5.327, 5.717, 4.96, 3.81, 3.872, 4.171, 4.119, 4.012, 3.714, 3.731, 3.715, 3.836, 3.857, 4.1, 3.98, 4.227, 4.423, 4.049, 4.308, 4.294, 4.171, 3.846, 4.679, 5.412, 5.212, 5.179, 5.241, 4.408, 2.415, 1.831, 1.559, 1.348, 1.308, 2.184, 2.848, 3.07, 3.363], [3.641, 3.143, 2.748, 2.725, 2.666, 2.642, 3.031, 3.446, 3.512, 3.715, 4.241, 4.105, 3.93, 4.032, 4.509, 4.768, 4.403, 4.676, 4.53, 3.794, 2.776, 1.686, 0.99, 0.0, 0.705, 1.145, 0.993, 1.083, 1.069, 1.247, 1.799, 1.814, 1.647, 1.752, 1.854, 2.919, 4.365, 5.274, 5.687, 6.157, 6.303, 6.559, 6.636, 5.729, 5.15, 5.774, 6.024, 5.56, 5.176, 4.978, 5.295, 4.587, 3.609, 4.094, 4.418, 4.314, 4.207, 3.961, 3.91, 3.94, 4.01, 4.097, 4.358, 4.16, 4.406, 4.66, 4.339, 4.642, 4.563, 4.503, 4.339, 5.25, 5.882, 5.618, 5.446, 5.544, 4.702, 2.817, 2.121, 1.776, 1.513, 1.488, 2.335, 2.939, 3.122, 3.148], [3.993, 3.476, 3.057, 3.057, 2.941, 2.993, 3.431, 3.815, 3.885, 4.119, 4.63, 4.484, 4.248, 4.372, 4.843, 5.137, 4.772, 5.046, 4.938, 4.167, 3.149, 2.013, 1.28, 0.705, 0.0, 0.686, 0.919, 1.182, 1.045, 1.079, 1.399, 1.389, 1.434, 1.463, 1.396, 2.518, 3.966, 4.857, 5.269, 5.766, 5.922, 6.178, 6.26, 5.356, 4.838, 5.44, 5.707, 5.224, 4.836, 4.576, 4.884, 4.183, 3.371, 4.036, 4.444, 4.373, 4.278, 4.105, 3.996, 3.992, 4.108, 4.133, 4.395, 4.215, 4.463, 4.718, 4.382, 4.663, 4.757, 4.708, 4.618, 5.63, 6.267, 5.984, 5.72, 5.87, 5.017, 3.032, 2.27, 1.92, 1.575, 1.52, 2.351, 2.961, 3.109, 3.07], [4.451, 3.921, 3.482, 3.464, 3.437, 3.494, 3.985, 4.403, 4.454, 4.689, 5.199, 5.043, 4.801, 4.923, 5.364, 5.619, 5.285, 5.549, 5.403, 4.676, 3.637, 2.53, 1.701, 1.145, 0.686, 0.0, 1.103, 1.629, 1.461, 1.205, 1.181, 1.226, 1.381, 1.507, 1.204, 2.117, 3.544, 4.411, 4.831, 5.287, 5.473, 5.76, 5.857, 4.93, 4.454, 5.015, 5.275, 4.782, 4.515, 4.127, 4.373, 3.843, 3.314, 4.235, 4.687, 4.637, 4.546, 4.376, 4.283, 4.226, 4.328, 4.379, 4.659, 4.438, 4.682, 4.936, 4.638, 4.953, 5.05, 5.094, 5.099, 6.159, 6.763, 6.405, 6.118, 6.287, 5.423, 3.491, 2.634, 2.312, 1.945, 1.714, 2.24, 2.841, 2.999, 2.928], [3.831, 3.342, 2.926, 2.955, 2.865, 2.827, 3.421, 3.744, 3.97, 4.059, 4.465, 4.313, 4.054, 4.109, 4.668, 5.026, 4.613, 4.859, 4.74, 3.825, 2.936, 1.927, 1.235, 0.993, 0.919, 1.103, 0.0, 1.01, 1.038, 1.087, 1.515, 1.608, 1.503, 1.764, 1.783, 2.771, 4.235, 5.078, 5.499, 5.884, 6.016, 6.279, 6.398, 5.533, 5.043, 5.672, 5.914, 5.485, 4.844, 4.71, 5.026, 4.378, 3.047, 3.756, 4.207, 4.254, 4.217, 4.104, 4.072, 4.098, 4.108, 4.065, 4.256, 4.253, 4.385, 4.648, 4.269, 4.431, 4.579, 4.468, 4.462, 5.334, 6.085, 5.807, 5.604, 5.729, 4.882, 3.069, 2.594, 2.243, 1.888, 1.787, 2.606, 3.224, 3.413, 3.42], [3.666, 3.149, 2.71, 2.656, 2.692, 2.671, 3.113, 3.519, 3.583, 3.725, 4.07, 3.913, 3.618, 3.819, 4.37, 4.648, 4.247, 4.505, 4.374, 3.404, 2.503, 1.643, 1.175, 1.083, 1.182, 1.629, 1.01, 0.0, 0.735, 1.203, 1.822, 1.868, 1.895, 2.077, 2.26, 3.194, 4.674, 5.541, 5.969, 6.38, 6.502, 6.724, 6.816, 5.967, 5.549, 6.115, 6.371, 5.928, 5.169, 5.178, 5.584, 4.801, 3.421, 3.956, 4.217, 4.278, 4.201, 3.957, 3.918, 3.964, 4.046, 4.142, 4.335, 4.214, 4.39, 4.668, 4.207, 4.35, 4.595, 4.444, 4.221, 4.951, 5.861, 5.561, 5.529, 5.586, 4.854, 3.049, 2.608, 2.34, 2.101, 2.06, 2.795, 3.374, 3.53, 3.563], [3.944, 3.434, 3.024, 3.001, 2.955, 2.946, 3.414, 3.764, 3.74, 3.931, 4.243, 4.182, 3.715, 4.128, 4.732, 5.032, 4.641, 4.911, 4.794, 3.795, 2.883, 1.849, 1.193, 1.069, 1.045, 1.461, 1.038, 0.735, 0.0, 0.756, 1.387, 1.46, 1.483, 1.695, 1.875, 2.805, 4.259, 5.154, 5.608, 5.977, 6.122, 6.402, 6.511, 5.684, 5.28, 5.833, 6.078, 5.607, 4.887, 4.852, 5.299, 4.489, 3.53, 4.25, 4.579, 4.635, 4.534, 4.316, 4.298, 4.299, 4.43, 4.451, 4.622, 4.526, 4.76, 5.022, 4.549, 4.723, 4.908, 4.792, 4.52, 5.337, 6.206, 5.907, 5.825, 5.876, 5.036, 2.944, 2.385, 2.107, 1.679, 1.588, 2.37, 2.919, 3.101, 3.136], [4.425, 3.913, 3.493, 3.511, 3.356, 3.28, 3.867, 4.15, 4.103, 4.348, 4.628, 4.612, 4.069, 4.558, 5.224, 5.586, 5.163, 5.419, 5.305, 4.304, 3.438, 2.241, 1.409, 1.247, 1.079, 1.205, 1.087, 1.203, 0.756, 0.0, 0.914, 1.014, 1.023, 1.26, 1.442, 2.304, 3.725, 4.61, 5.079, 5.457, 5.611, 5.89, 6.035, 5.232, 4.823, 5.386, 5.622, 5.16, 4.522, 4.374, 4.733, 4.156, 3.482, 4.443, 4.857, 4.902, 4.815, 4.615, 4.57, 4.572, 4.702, 4.724, 4.896, 4.808, 5.035, 5.276, 4.822, 4.986, 5.198, 5.064, 4.944, 5.859, 6.708, 6.413, 6.235, 6.304, 5.439, 3.213, 2.449, 2.212, 1.708, 1.561, 2.081, 2.609, 2.798, 2.84], [5.207, 4.745, 4.321, 4.316, 4.175, 4.089, 4.564, 4.861, 4.774, 5.026, 5.241, 5.222, 4.727, 5.243, 6.028, 6.346, 5.962, 6.228, 6.094, 5.077, 4.137, 2.909, 2.071, 1.799, 1.399, 1.181, 1.515, 1.822, 1.387, 0.914, 0.0, 0.404, 0.866, 1.199, 1.049, 1.567, 3.014, 3.906, 4.399, 4.777, 4.928, 5.167, 5.35, 4.576, 4.245, 4.753, 4.979, 4.574, 4.121, 3.992, 4.229, 3.818, 3.726, 4.873, 5.312, 5.393, 5.325, 5.141, 5.08, 5.055, 5.189, 5.211, 5.387, 5.264, 5.5, 5.759, 5.291, 5.466, 5.744, 5.691, 5.768, 6.67, 7.443, 7.233, 6.903, 7.047, 6.2, 3.969, 3.181, 2.837, 2.29, 1.873, 2.019, 2.292, 2.48, 2.548], [5.274, 4.782, 4.363, 4.341, 4.212, 4.153, 4.589, 4.887, 4.777, 5.001, 5.231, 5.219, 4.79, 5.298, 6.065, 6.373, 6.015, 6.272, 6.14, 5.109, 4.141, 2.977, 2.127, 1.814, 1.389, 1.226, 1.608, 1.868, 1.46, 1.014, 0.404, 0.0, 0.835, 1.056, 0.975, 1.559, 2.921, 3.87, 4.387, 4.781, 4.936, 5.13, 5.304, 4.561, 4.226, 4.707, 4.944, 4.526, 4.11, 4.041, 4.258, 3.795, 3.718, 4.9, 5.344, 5.431, 5.378, 5.206, 5.142, 5.094, 5.224, 5.244, 5.427, 5.293, 5.532, 5.786, 5.312, 5.517, 5.81, 5.777, 5.818, 6.707, 7.488, 7.266, 6.952, 7.111, 6.276, 4.023, 3.217, 2.883, 2.319, 1.829, 1.878, 2.268, 2.482, 2.541], [5.087, 4.629, 4.198, 4.226, 4.014, 3.864, 4.222, 4.414, 4.311, 4.459, 4.769, 4.824, 4.628, 5.118, 5.876, 6.216, 5.827, 6.083, 5.948, 4.971, 3.952, 2.829, 1.92, 1.647, 1.434, 1.381, 1.503, 1.895, 1.483, 1.023, 0.866, 0.835, 0.0, 0.873, 1.149, 1.828, 3.136, 4.123, 4.685, 5.075, 5.256, 5.41, 5.524, 4.825, 4.393, 4.895, 5.084, 4.653, 4.277, 4.326, 4.683, 4.181, 3.936, 4.935, 5.402, 5.431, 5.364, 5.155, 5.108, 5.088, 5.223, 5.246, 5.426, 5.294, 5.534, 5.789, 5.318, 5.528, 5.758, 5.653, 5.644, 6.557, 7.261, 7.093, 6.802, 6.95, 6.099, 3.679, 2.91, 2.665, 2.201, 1.711, 1.554, 2.061, 2.405, 2.619], [5.109, 4.632, 4.196, 4.222, 3.991, 3.869, 4.23, 4.347, 4.316, 4.5, 4.806, 4.893, 4.664, 5.15, 5.868, 6.203, 5.829, 6.109, 5.957, 4.99, 3.949, 2.839, 2.048, 1.752, 1.463, 1.507, 1.764, 2.077, 1.695, 1.26, 1.199, 1.056, 0.873, 0.0, 1.129, 1.803, 3.029, 3.99, 4.496, 4.989, 5.137, 5.3, 5.423, 4.761, 4.341, 4.768, 5.016, 4.631, 4.343, 4.42, 4.852, 4.34, 4.023, 4.865, 5.322, 5.341, 5.282, 5.091, 5.033, 4.991, 5.129, 5.145, 5.34, 5.193, 5.432, 5.686, 5.226, 5.466, 5.69, 5.619, 5.643, 6.568, 7.247, 7.073, 6.785, 6.954, 6.108, 3.647, 2.809, 2.617, 2.17, 1.733, 1.605, 1.961, 2.199, 2.472], [5.244, 4.739, 4.328, 4.302, 4.155, 4.119, 4.553, 4.674, 4.686, 4.954, 5.377, 5.456, 5.1, 5.546, 6.135, 6.419, 6.056, 6.328, 6.224, 5.442, 4.407, 3.242, 2.306, 1.854, 1.396, 1.204, 1.783, 2.26, 1.875, 1.442, 1.049, 0.975, 1.149, 1.129, 0.0, 1.4, 2.685, 3.628, 4.039, 4.582, 4.782, 5.052, 5.103, 4.263, 3.893, 4.361, 4.701, 4.33, 4.22, 4.035, 4.177, 3.907, 3.889, 5.083, 5.538, 5.504, 5.451, 5.268, 5.162, 5.103, 5.268, 5.278, 5.505, 5.341, 5.599, 5.855, 5.436, 5.718, 5.891, 5.876, 5.818, 6.896, 7.519, 7.292, 6.942, 7.104, 6.252, 3.794, 2.933, 2.73, 2.302, 1.896, 1.782, 2.02, 2.129, 2.083], [6.262, 5.819, 5.374, 5.358, 5.256, 5.214, 5.655, 5.689, 5.658, 5.975, 6.339, 6.408, 6.12, 6.573, 7.268, 7.486, 7.134, 7.396, 7.299, 6.451, 5.428, 4.278, 3.349, 2.919, 2.518, 2.117, 2.771, 3.194, 2.805, 2.304, 1.567, 1.559, 1.828, 1.803, 1.4, 0.0, 1.588, 2.464, 3.048, 3.605, 3.775, 3.968, 4.043, 3.355, 3.031, 3.357, 3.744, 3.517, 3.581, 3.317, 3.334, 3.264, 3.799, 5.641, 6.157, 6.213, 6.18, 6.011, 5.875, 5.784, 6.015, 5.975, 6.191, 6.014, 6.264, 6.508, 6.027, 6.375, 6.665, 6.812, 6.867, 7.97, 8.62, 8.414, 7.917, 8.039, 7.231, 4.822, 4.013, 3.8, 3.317, 2.774, 2.515, 2.325, 2.322, 2.354], [7.721, 7.226, 6.786, 6.797, 6.722, 6.718, 7.12, 7.16, 7.119, 7.387, 7.753, 7.821, 7.595, 8.072, 8.755, 8.979, 8.631, 8.895, 8.791, 7.907, 6.866, 5.738, 4.826, 4.365, 3.966, 3.544, 4.235, 4.674, 4.259, 3.725, 3.014, 2.921, 3.136, 3.029, 2.685, 1.588, 0.0, 1.288, 1.899, 2.397, 2.537, 2.716, 2.792, 2.67, 2.599, 2.482, 2.52, 2.611, 3.047, 2.915, 2.872, 3.042, 4.372, 6.515, 7.142, 7.265, 7.278, 7.134, 6.914, 6.859, 7.22, 7.156, 7.254, 6.996, 7.24, 7.483, 7.016, 7.489, 7.931, 8.112, 8.297, 9.458, 10.118, 9.877, 9.343, 9.463, 8.64, 6.27, 5.447, 5.247, 4.75, 4.158, 3.352, 2.974, 3.073, 3.04], [8.458, 7.955, 7.522, 7.617, 7.535, 7.579, 8.029, 8.013, 8.027, 8.332, 8.706, 8.782, 8.457, 8.936, 9.599, 9.811, 9.446, 9.703, 9.618, 8.753, 7.743, 6.584, 5.694, 5.274, 4.857, 4.411, 5.078, 5.541, 5.154, 4.61, 3.906, 3.87, 4.123, 3.99, 3.628, 2.464, 1.288, 0.0, 0.97, 1.518, 1.693, 2.064, 2.246, 2.387, 2.38, 2.138, 2.155, 2.241, 2.547, 2.482, 2.43, 2.723, 4.489, 6.868, 7.58, 7.765, 7.795, 7.702, 7.484, 7.426, 7.83, 7.776, 7.832, 7.467, 7.734, 7.977, 7.469, 8.062, 8.589, 8.803, 9.075, 10.283, 10.949, 10.626, 10.093, 10.234, 9.411, 7.048, 6.234, 6.043, 5.574, 5.01, 4.323, 3.863, 3.799, 3.703], [8.919, 8.387, 7.974, 8.073, 7.997, 7.997, 8.435, 8.51, 8.515, 8.78, 9.211, 9.276, 8.929, 9.392, 10.005, 10.265, 9.89, 10.141, 10.027, 9.201, 8.196, 7.027, 6.109, 5.687, 5.269, 4.831, 5.499, 5.969, 5.608, 5.079, 4.399, 4.387, 4.685, 4.496, 4.039, 3.048, 1.899, 0.97, 0.0, 0.887, 1.065, 1.429, 1.643, 1.713, 1.946, 1.63, 1.59, 1.736, 2.114, 2.045, 1.991, 2.419, 4.484, 6.966, 7.796, 7.962, 8.024, 7.974, 7.777, 7.692, 8.132, 8.077, 8.142, 7.77, 8.023, 8.219, 7.713, 8.404, 8.924, 9.137, 9.479, 10.689, 11.353, 11.008, 10.558, 10.69, 9.868, 7.54, 6.697, 6.524, 6.03, 5.479, 5.011, 4.477, 4.366, 4.073], [9.373, 8.838, 8.452, 8.569, 8.479, 8.483, 8.911, 9.05, 9.097, 9.314, 9.649, 9.711, 9.365, 9.807, 10.429, 10.77, 10.374, 10.625, 10.525, 9.582, 8.628, 7.431, 6.556, 6.157, 5.766, 5.287, 5.884, 6.38, 5.977, 5.457, 4.777, 4.781, 5.075, 4.989, 4.582, 3.605, 2.397, 1.518, 0.887, 0.0, 0.532, 1.054, 1.331, 1.55, 2.162, 1.779, 1.597, 1.818, 2.109, 2.144, 2.192, 2.693, 4.624, 7.156, 8.053, 8.251, 8.36, 8.343, 8.172, 8.102, 8.523, 8.466, 8.5, 8.176, 8.418, 8.586, 8.028, 8.698, 9.301, 9.515, 9.944, 11.058, 11.801, 11.432, 11.016, 11.194, 10.364, 8.04, 7.215, 7.038, 6.511, 5.991, 5.444, 4.869, 4.674, 4.322], [9.416, 8.912, 8.518, 8.664, 8.569, 8.581, 9.037, 9.175, 9.226, 9.439, 9.754, 9.808, 9.498, 9.898, 10.504, 10.845, 10.437, 10.661, 10.589, 9.64, 8.693, 7.542, 6.663, 6.303, 5.922, 5.473, 6.016, 6.502, 6.122, 5.611, 4.928, 4.936, 5.256, 5.137, 4.782, 3.775, 2.537, 1.693, 1.065, 0.532, 0.0, 0.765, 1.098, 1.468, 2.145, 1.728, 1.489, 1.711, 1.975, 2.035, 2.092, 2.607, 4.605, 7.137, 8.048, 8.287, 8.374, 8.386, 8.187, 8.134, 8.552, 8.508, 8.551, 8.238, 8.453, 8.638, 8.067, 8.714, 9.345, 9.58, 10.031, 11.134, 11.876, 11.511, 11.085, 11.273, 10.446, 8.132, 7.329, 7.134, 6.65, 6.11, 5.638, 5.07, 4.898, 4.611], [9.647, 9.114, 8.723, 8.86, 8.854, 8.834, 9.265, 9.377, 9.407, 9.593, 9.883, 9.941, 9.687, 10.121, 10.758, 11.096, 10.685, 10.896, 10.784, 9.828, 8.823, 7.735, 6.892, 6.559, 6.178, 5.76, 6.279, 6.724, 6.402, 5.89, 5.167, 5.13, 5.41, 5.3, 5.052, 3.968, 2.716, 2.064, 1.429, 1.054, 0.765, 0.0, 0.65, 1.291, 2.09, 1.647, 1.363, 1.673, 2.026, 2.222, 2.204, 2.739, 4.771, 7.37, 8.27, 8.487, 8.594, 8.59, 8.422, 8.354, 8.783, 8.755, 8.763, 8.419, 8.644, 8.81, 8.239, 8.951, 9.565, 9.803, 10.264, 11.4, 12.12, 11.734, 11.307, 11.438, 10.63, 8.38, 7.625, 7.383, 6.914, 6.448, 5.859, 5.38, 5.318, 5.096], [9.609, 9.109, 8.721, 8.835, 8.867, 8.895, 9.26, 9.415, 9.411, 9.552, 9.896, 9.941, 9.702, 10.109, 10.757, 11.089, 10.697, 10.907, 10.804, 9.854, 8.892, 7.838, 6.996, 6.636, 6.26, 5.857, 6.398, 6.816, 6.511, 6.035, 5.35, 5.304, 5.524, 5.423, 5.103, 4.043, 2.792, 2.246, 1.643, 1.331, 1.098, 0.65, 0.0, 1.185, 1.859, 1.418, 1.213, 1.423, 2.03, 2.209, 2.244, 2.669, 4.711, 7.309, 8.209, 8.447, 8.551, 8.544, 8.393, 8.333, 8.736, 8.738, 8.77, 8.397, 8.632, 8.805, 8.189, 8.933, 9.564, 9.804, 10.268, 11.397, 12.099, 11.726, 11.301, 11.419, 10.632, 8.406, 7.73, 7.491, 6.992, 6.567, 6.048, 5.572, 5.563, 5.377], [8.606, 8.11, 7.706, 7.824, 7.942, 7.944, 8.305, 8.425, 8.453, 8.654, 9.044, 9.093, 8.867, 9.241, 9.77, 10.087, 9.7, 9.904, 9.805, 8.976, 8.052, 7.011, 6.134, 5.729, 5.356, 4.93, 5.533, 5.967, 5.684, 5.232, 4.576, 4.561, 4.825, 4.761, 4.263, 3.355, 2.67, 2.387, 1.713, 1.55, 1.468, 1.291, 1.185, 0.0, 0.976, 0.858, 1.023, 1.048, 1.419, 1.518, 1.505, 1.829, 3.712, 6.363, 7.245, 7.426, 7.487, 7.523, 7.396, 7.372, 7.737, 7.709, 7.715, 7.361, 7.581, 7.745, 7.193, 7.987, 8.56, 8.803, 9.298, 10.496, 11.123, 10.686, 10.272, 10.388, 9.594, 7.445, 6.785, 6.593, 6.11, 5.824, 5.586, 5.262, 5.238, 4.988], [8.029, 7.552, 7.149, 7.198, 7.371, 7.365, 7.771, 7.868, 7.828, 8.056, 8.5, 8.553, 8.338, 8.747, 9.242, 9.479, 9.138, 9.336, 9.266, 8.539, 7.57, 6.552, 5.711, 5.15, 4.838, 4.454, 5.043, 5.549, 5.28, 4.823, 4.245, 4.226, 4.393, 4.341, 3.893, 3.031, 2.599, 2.38, 1.946, 2.162, 2.145, 2.09, 1.859, 0.976, 0.0, 0.786, 1.207, 1.056, 1.635, 1.649, 1.604, 1.607, 3.167, 5.8, 6.704, 6.845, 6.957, 7.025, 6.923, 6.855, 7.137, 7.113, 7.166, 6.81, 7.05, 7.179, 6.693, 7.425, 8.035, 8.254, 8.699, 10.011, 10.564, 10.09, 9.645, 9.754, 8.988, 6.924, 6.247, 6.046, 5.663, 5.401, 5.097, 4.873, 4.886, 4.847], [8.587, 8.077, 7.669, 7.769, 7.89, 7.959, 8.346, 8.421, 8.406, 8.669, 9.119, 9.157, 8.975, 9.347, 9.85, 10.039, 9.701, 9.911, 9.788, 9.102, 8.166, 7.169, 6.281, 5.774, 5.44, 5.015, 5.672, 6.115, 5.833, 5.386, 4.753, 4.707, 4.895, 4.768, 4.361, 3.357, 2.482, 2.138, 1.63, 1.779, 1.728, 1.647, 1.418, 0.858, 0.786, 0.0, 0.73, 0.843, 1.687, 1.664, 1.434, 1.793, 3.789, 6.442, 7.311, 7.473, 7.573, 7.606, 7.454, 7.383, 7.743, 7.704, 7.781, 7.398, 7.64, 7.791, 7.278, 8.074, 8.607, 8.862, 9.288, 10.597, 11.164, 10.68, 10.204, 10.324, 9.537, 7.452, 6.822, 6.619, 6.147, 5.849, 5.386, 5.149, 5.219, 5.101], [8.897, 8.387, 8.022, 8.132, 8.195, 8.245, 8.685, 8.744, 8.752, 8.985, 9.472, 9.5, 9.304, 9.659, 10.194, 10.413, 10.024, 10.257, 10.102, 9.397, 8.427, 7.387, 6.503, 6.024, 5.707, 5.275, 5.914, 6.371, 6.078, 5.622, 4.979, 4.944, 5.084, 5.016, 4.701, 3.744, 2.52, 2.155, 1.59, 1.597, 1.489, 1.363, 1.213, 1.023, 1.207, 0.73, 0.0, 0.735, 1.761, 1.779, 1.571, 2.036, 4.107, 6.775, 7.637, 7.84, 7.913, 7.969, 7.77, 7.724, 8.111, 8.056, 8.151, 7.761, 7.989, 8.152, 7.637, 8.438, 8.949, 9.217, 9.66, 10.936, 11.523, 11.038, 10.576, 10.693, 9.901, 7.794, 7.147, 6.851, 6.372, 6.043, 5.477, 5.213, 5.325, 5.211], [8.389, 7.875, 7.498, 7.62, 7.668, 7.788, 8.194, 8.262, 8.255, 8.51, 8.985, 9.011, 8.843, 9.189, 9.706, 9.901, 9.541, 9.734, 9.609, 8.914, 7.981, 6.937, 6.075, 5.56, 5.224, 4.782, 5.485, 5.928, 5.607, 5.16, 4.574, 4.526, 4.653, 4.631, 4.33, 3.517, 2.611, 2.241, 1.736, 1.818, 1.711, 1.673, 1.423, 1.048, 1.056, 0.843, 0.735, 0.0, 1.224, 1.304, 1.377, 1.512, 3.66, 6.313, 7.179, 7.382, 7.449, 7.477, 7.295, 7.211, 7.63, 7.592, 7.707, 7.269, 7.523, 7.682, 7.181, 8.003, 8.494, 8.75, 9.171, 10.465, 11.042, 10.572, 10.079, 10.185, 9.397, 7.29, 6.634, 6.387, 5.912, 5.621, 5.164, 5.132, 5.3, 5.242], [7.897, 7.365, 7.023, 7.134, 7.278, 7.287, 7.634, 7.871, 7.825, 8.026, 8.282, 8.242, 8.001, 8.376, 9.054, 9.35, 8.99, 9.251, 9.094, 8.097, 7.26, 6.236, 5.42, 5.176, 4.836, 4.515, 4.844, 5.169, 4.887, 4.522, 4.121, 4.11, 4.277, 4.343, 4.22, 3.581, 3.047, 2.547, 2.114, 2.109, 1.975, 2.026, 2.03, 1.419, 1.635, 1.687, 1.761, 1.224, 0.0, 1.012, 1.578, 1.266, 3.056, 5.591, 6.437, 6.764, 6.815, 6.817, 6.68, 6.647, 7.029, 7.024, 7.032, 6.662, 6.903, 7.056, 6.459, 7.191, 7.812, 8.049, 8.535, 9.67, 10.388, 10.014, 9.585, 9.665, 8.887, 6.86, 6.339, 6.095, 5.574, 5.202, 5.319, 5.415, 5.543, 5.416], [7.611, 7.13, 6.781, 6.938, 6.939, 6.963, 7.546, 7.801, 7.83, 8.061, 8.483, 8.455, 8.132, 8.46, 8.843, 9.182, 8.801, 9.028, 8.973, 8.154, 7.292, 6.272, 5.327, 4.978, 4.576, 4.127, 4.71, 5.178, 4.852, 4.374, 3.992, 4.041, 4.326, 4.42, 4.035, 3.317, 2.915, 2.482, 2.045, 2.144, 2.035, 2.222, 2.209, 1.518, 1.649, 1.664, 1.779, 1.304, 1.012, 0.0, 0.916, 0.925, 2.867, 5.434, 6.357, 6.506, 6.582, 6.623, 6.448, 6.43, 6.798, 6.74, 6.83, 6.511, 6.712, 6.908, 6.368, 7.147, 7.646, 7.911, 8.386, 9.664, 10.249, 9.724, 9.346, 9.515, 8.717, 6.557, 5.893, 5.688, 5.202, 4.929, 5.266, 5.362, 5.377, 5.057], [7.789, 7.295, 6.946, 7.137, 7.075, 7.217, 8.024, 8.129, 8.163, 8.567, 8.987, 8.981, 8.597, 8.949, 9.194, 9.384, 8.981, 9.229, 9.177, 8.551, 7.721, 6.619, 5.717, 5.295, 4.884, 4.373, 5.026, 5.584, 5.299, 4.733, 4.229, 4.258, 4.683, 4.852, 4.177, 3.334, 2.872, 2.43, 1.991, 2.192, 2.092, 2.204, 2.244, 1.505, 1.604, 1.434, 1.571, 1.377, 1.578, 0.916, 0.0, 1.123, 3.237, 5.785, 6.648, 6.777, 6.898, 7.009, 6.711, 6.647, 7.04, 7.001, 7.112, 6.853, 7.014, 7.176, 6.756, 7.51, 7.935, 8.236, 8.707, 10.072, 10.707, 9.998, 9.485, 9.68, 8.88, 6.873, 6.114, 5.882, 5.436, 5.309, 5.355, 5.312, 5.304, 4.944], [7.191, 6.718, 6.376, 6.528, 6.627, 6.757, 7.2, 7.456, 7.52, 7.82, 8.315, 8.223, 7.814, 8.118, 8.521, 8.754, 8.356, 8.577, 8.484, 7.793, 6.911, 5.885, 4.96, 4.587, 4.183, 3.843, 4.378, 4.801, 4.489, 4.156, 3.818, 3.795, 4.181, 4.34, 3.907, 3.264, 3.042, 2.723, 2.419, 2.693, 2.607, 2.739, 2.669, 1.829, 1.607, 1.793, 2.036, 1.512, 1.266, 0.925, 1.123, 0.0, 2.492, 5.107, 5.976, 6.179, 6.286, 6.321, 6.105, 6.079, 6.453, 6.486, 6.527, 6.167, 6.372, 6.529, 5.956, 6.747, 7.288, 7.544, 7.991, 9.271, 9.867, 9.47, 8.948, 9.061, 8.296, 6.362, 5.834, 5.417, 4.848, 4.564, 5.076, 5.246, 5.273, 5.054], [5.24, 4.84, 4.506, 4.64, 4.828, 4.813, 5.244, 5.535, 5.749, 5.885, 6.361, 6.124, 5.888, 5.987, 6.372, 6.712, 6.357, 6.725, 6.603, 5.712, 5.15, 4.641, 3.81, 3.609, 3.371, 3.314, 3.047, 3.421, 3.53, 3.482, 3.726, 3.718, 3.936, 4.023, 3.889, 3.799, 4.372, 4.489, 4.484, 4.624, 4.605, 4.771, 4.711, 3.712, 3.167, 3.789, 4.107, 3.66, 3.056, 2.867, 3.237, 2.492, 0.0, 2.779, 3.732, 3.909, 4.026, 4.148, 4.175, 4.21, 4.372, 4.223, 4.225, 3.962, 4.123, 4.283, 3.779, 4.483, 5.064, 5.258, 5.861, 7.131, 7.69, 7.188, 6.77, 6.888, 6.22, 4.889, 4.856, 4.641, 4.302, 4.346, 5.126, 5.623, 5.711, 5.514], [3.087, 3.074, 3.214, 3.544, 4.076, 4.077, 4.151, 4.637, 5.029, 4.91, 4.826, 4.565, 4.332, 4.156, 4.153, 4.479, 4.15, 4.414, 4.387, 3.739, 4.11, 3.963, 3.872, 4.094, 4.036, 4.235, 3.756, 3.956, 4.25, 4.443, 4.873, 4.9, 4.935, 4.865, 5.083, 5.641, 6.515, 6.868, 6.966, 7.156, 7.137, 7.37, 7.309, 6.363, 5.8, 6.442, 6.775, 6.313, 5.591, 5.434, 5.785, 5.107, 2.779, 0.0, 1.447, 1.666, 1.827, 2.157, 2.24, 2.322, 2.269, 2.006, 2.004, 1.976, 2.077, 2.2, 1.854, 2.237, 2.692, 2.832, 3.732, 5.062, 5.358, 4.824, 4.547, 4.453, 3.961, 4.022, 4.397, 4.246, 4.13, 4.398, 5.758, 6.437, 6.65, 6.678], [3.106, 3.21, 3.392, 3.73, 4.164, 4.209, 4.253, 4.627, 4.987, 4.889, 4.664, 4.484, 4.017, 3.737, 3.659, 3.859, 3.553, 3.82, 3.655, 3.508, 3.954, 4.049, 4.171, 4.418, 4.444, 4.687, 4.207, 4.217, 4.579, 4.857, 5.312, 5.344, 5.402, 5.322, 5.538, 6.157, 7.142, 7.58, 7.796, 8.053, 8.048, 8.27, 8.209, 7.245, 6.704, 7.311, 7.637, 7.179, 6.437, 6.357, 6.648, 5.976, 3.732, 1.447, 0.0, 0.864, 1.171, 1.56, 1.484, 1.672, 1.461, 1.291, 1.148, 1.273, 1.286, 1.309, 1.142, 1.422, 1.66, 1.905, 2.744, 3.987, 4.572, 3.813, 3.488, 3.578, 3.014, 3.799, 4.515, 4.35, 4.242, 4.596, 6.05, 6.724, 6.978, 7.057], [2.985, 3.111, 3.202, 3.521, 3.941, 4.057, 4.157, 4.471, 4.816, 4.77, 4.589, 4.354, 3.942, 3.671, 3.363, 3.608, 3.465, 3.741, 3.588, 3.595, 3.902, 4.088, 4.119, 4.314, 4.373, 4.637, 4.254, 4.278, 4.635, 4.902, 5.393, 5.431, 5.431, 5.341, 5.504, 6.213, 7.265, 7.765, 7.962, 8.251, 8.287, 8.487, 8.447, 7.426, 6.845, 7.473, 7.84, 7.382, 6.764, 6.506, 6.777, 6.179, 3.909, 1.666, 0.864, 0.0, 0.755, 1.22, 1.29, 1.589, 1.254, 0.993, 0.798, 1.0, 1.058, 1.125, 1.092, 1.31, 1.535, 1.722, 2.418, 3.801, 4.294, 3.549, 3.224, 3.287, 2.676, 3.549, 4.279, 4.144, 4.07, 4.535, 5.978, 6.652, 6.907, 6.967], [2.917, 3.024, 3.16, 3.446, 3.768, 3.912, 3.982, 4.333, 4.726, 4.699, 4.555, 4.377, 3.943, 3.62, 3.24, 3.525, 3.458, 3.897, 3.671, 3.541, 3.823, 3.907, 4.012, 4.207, 4.278, 4.546, 4.217, 4.201, 4.534, 4.815, 5.325, 5.378, 5.364, 5.282, 5.451, 6.18, 7.278, 7.795, 8.024, 8.36, 8.374, 8.594, 8.551, 7.487, 6.957, 7.573, 7.913, 7.449, 6.815, 6.582, 6.898, 6.286, 4.026, 1.827, 1.171, 0.755, 0.0, 0.864, 1.298, 1.633, 1.2, 1.098, 0.989, 1.068, 0.945, 1.114, 1.179, 1.298, 1.542, 1.727, 2.262, 3.666, 4.179, 3.467, 3.091, 3.219, 2.787, 3.465, 4.081, 3.982, 3.923, 4.43, 5.877, 6.554, 6.81, 6.873], [2.851, 2.923, 3.029, 3.257, 3.494, 3.65, 3.59, 3.961, 4.203, 4.188, 4.231, 3.968, 3.516, 3.258, 3.045, 3.311, 3.255, 3.634, 3.423, 3.074, 3.26, 3.519, 3.714, 3.961, 4.105, 4.376, 4.104, 3.957, 4.316, 4.615, 5.141, 5.206, 5.155, 5.091, 5.268, 6.011, 7.134, 7.702, 7.974, 8.343, 8.386, 8.59, 8.544, 7.523, 7.025, 7.606, 7.969, 7.477, 6.817, 6.623, 7.009, 6.321, 4.148, 2.157, 1.56, 1.22, 0.864, 0.0, 0.932, 1.34, 1.113, 1.213, 1.207, 1.058, 1.086, 1.239, 1.252, 1.446, 1.604, 1.821, 2.255, 3.556, 4.191, 3.466, 3.082, 3.162, 2.697, 2.998, 3.67, 3.591, 3.582, 4.134, 5.567, 6.264, 6.547, 6.644], [2.656, 2.638, 2.772, 3.256, 3.32, 3.642, 3.662, 3.984, 4.139, 4.202, 4.246, 4.041, 3.509, 3.458, 3.261, 3.51, 3.179, 3.46, 3.299, 3.127, 3.299, 3.568, 3.731, 3.91, 3.996, 4.283, 4.072, 3.918, 4.298, 4.57, 5.08, 5.142, 5.108, 5.033, 5.162, 5.875, 6.914, 7.484, 7.777, 8.172, 8.187, 8.422, 8.393, 7.396, 6.923, 7.454, 7.77, 7.295, 6.68, 6.448, 6.711, 6.105, 4.175, 2.24, 1.484, 1.29, 1.298, 0.932, 0.0, 0.73, 0.956, 0.95, 1.417, 1.289, 1.278, 1.585, 1.403, 1.66, 1.942, 2.233, 2.642, 3.949, 4.74, 3.538, 3.149, 3.365, 2.846, 2.83, 3.62, 3.539, 3.506, 4.072, 5.517, 6.2, 6.486, 6.576], [2.619, 2.521, 2.688, 3.194, 3.279, 3.647, 3.725, 4.101, 4.2, 4.307, 4.343, 4.146, 3.57, 3.736, 3.535, 3.649, 3.346, 3.588, 3.479, 3.289, 3.377, 3.607, 3.715, 3.94, 3.992, 4.226, 4.098, 3.964, 4.299, 4.572, 5.055, 5.094, 5.088, 4.991, 5.103, 5.784, 6.859, 7.426, 7.692, 8.102, 8.134, 8.354, 8.333, 7.372, 6.855, 7.383, 7.724, 7.211, 6.647, 6.43, 6.647, 6.079, 4.21, 2.322, 1.672, 1.589, 1.633, 1.34, 0.73, 0.0, 1.115, 1.11, 1.676, 1.481, 1.531, 1.882, 1.741, 1.998, 2.192, 2.473, 2.932, 4.258, 5.069, 3.691, 3.271, 3.54, 3.022, 2.801, 3.548, 3.446, 3.453, 4.058, 5.495, 6.184, 6.466, 6.562], [2.285, 2.379, 2.573, 3.021, 3.422, 3.658, 3.763, 4.171, 4.506, 4.495, 4.375, 4.153, 3.787, 3.566, 3.119, 3.272, 3.191, 3.398, 3.155, 3.257, 3.536, 3.722, 3.836, 4.01, 4.108, 4.328, 4.108, 4.046, 4.43, 4.702, 5.189, 5.224, 5.223, 5.129, 5.268, 6.015, 7.22, 7.83, 8.132, 8.523, 8.552, 8.783, 8.736, 7.737, 7.137, 7.743, 8.111, 7.63, 7.029, 6.798, 7.04, 6.453, 4.372, 2.269, 1.461, 1.254, 1.2, 1.113, 0.956, 1.115, 0.0, 0.895, 1.315, 1.317, 1.407, 1.549, 1.62, 1.593, 1.574, 1.842, 2.416, 3.821, 4.448, 3.269, 2.835, 3.091, 2.576, 3.209, 3.786, 3.641, 3.622, 4.22, 5.656, 6.348, 6.631, 6.73], [2.44, 2.632, 2.743, 3.129, 3.466, 3.678, 3.741, 4.033, 4.371, 4.345, 4.203, 3.943, 3.569, 3.321, 2.943, 3.187, 3.016, 3.29, 3.156, 3.196, 3.573, 3.787, 3.857, 4.097, 4.133, 4.379, 4.065, 4.142, 4.451, 4.724, 5.211, 5.244, 5.246, 5.145, 5.278, 5.975, 7.156, 7.776, 8.077, 8.466, 8.508, 8.755, 8.738, 7.709, 7.113, 7.704, 8.056, 7.592, 7.024, 6.74, 7.001, 6.486, 4.223, 2.006, 1.291, 0.993, 1.098, 1.213, 0.95, 1.11, 0.895, 0.0, 0.906, 1.17, 1.163, 1.38, 1.392, 1.426, 1.423, 1.671, 2.286, 3.8, 4.249, 3.107, 2.758, 2.975, 2.412, 3.052, 3.825, 3.744, 3.728, 4.267, 5.704, 6.384, 6.647, 6.745], [3.078, 3.245, 3.337, 3.591, 3.971, 3.983, 4.1, 4.319, 4.676, 4.634, 4.45, 4.177, 3.757, 3.476, 3.207, 3.378, 3.297, 3.624, 3.453, 3.509, 3.904, 4.092, 4.1, 4.358, 4.395, 4.659, 4.256, 4.335, 4.622, 4.896, 5.387, 5.427, 5.426, 5.34, 5.505, 6.191, 7.254, 7.832, 8.142, 8.5, 8.551, 8.763, 8.77, 7.715, 7.166, 7.781, 8.151, 7.707, 7.032, 6.83, 7.112, 6.527, 4.225, 2.004, 1.148, 0.798, 0.989, 1.207, 1.417, 1.676, 1.315, 0.906, 0.0, 0.704, 0.781, 0.902, 1.058, 1.007, 1.115, 1.384, 1.974, 3.423, 3.904, 3.203, 2.847, 2.899, 2.295, 3.394, 4.218, 4.051, 3.986, 4.494, 5.932, 6.615, 6.87, 6.956], [3.295, 3.42, 3.532, 3.663, 3.909, 4.024, 3.971, 4.327, 4.537, 4.528, 4.438, 4.118, 3.652, 3.46, 3.261, 3.481, 3.507, 3.865, 3.622, 3.653, 3.77, 3.929, 3.98, 4.16, 4.215, 4.438, 4.253, 4.214, 4.526, 4.808, 5.264, 5.293, 5.294, 5.193, 5.341, 6.014, 6.996, 7.467, 7.77, 8.176, 8.238, 8.419, 8.397, 7.361, 6.81, 7.398, 7.761, 7.269, 6.662, 6.511, 6.853, 6.167, 3.962, 1.976, 1.273, 1.0, 1.068, 1.058, 1.289, 1.481, 1.317, 1.17, 0.704, 0.0, 0.553, 0.846, 0.829, 1.262, 1.508, 1.78, 2.209, 3.553, 4.143, 3.56, 3.125, 3.23, 2.592, 3.26, 4.092, 3.917, 3.796, 4.351, 5.805, 6.482, 6.766, 6.845], [3.32, 3.392, 3.488, 3.69, 4.043, 4.136, 4.163, 4.423, 4.719, 4.674, 4.56, 4.259, 3.8, 3.473, 3.211, 3.444, 3.415, 3.804, 3.554, 3.58, 3.842, 4.141, 4.227, 4.406, 4.463, 4.682, 4.385, 4.39, 4.76, 5.035, 5.5, 5.532, 5.534, 5.432, 5.599, 6.264, 7.24, 7.734, 8.023, 8.418, 8.453, 8.644, 8.632, 7.581, 7.05, 7.64, 7.989, 7.523, 6.903, 6.712, 7.014, 6.372, 4.123, 2.077, 1.286, 1.058, 0.945, 1.086, 1.278, 1.531, 1.407, 1.163, 0.781, 0.553, 0.0, 0.685, 0.799, 1.118, 1.406, 1.705, 2.16, 3.407, 4.063, 3.327, 2.931, 3.021, 2.519, 3.32, 4.256, 4.13, 4.063, 4.619, 6.078, 6.75, 7.027, 7.1], [3.592, 3.706, 3.825, 4.054, 4.286, 4.346, 4.327, 4.552, 4.846, 4.8, 4.644, 4.334, 3.936, 3.594, 3.314, 3.51, 3.561, 3.929, 3.648, 3.713, 4.023, 4.324, 4.423, 4.66, 4.718, 4.936, 4.648, 4.668, 5.022, 5.276, 5.759, 5.786, 5.789, 5.686, 5.855, 6.508, 7.483, 7.977, 8.219, 8.586, 8.638, 8.81, 8.805, 7.745, 7.179, 7.791, 8.152, 7.682, 7.056, 6.908, 7.176, 6.529, 4.283, 2.2, 1.309, 1.125, 1.114, 1.239, 1.585, 1.882, 1.549, 1.38, 0.902, 0.846, 0.685, 0.0, 0.811, 1.006, 1.258, 1.498, 1.999, 3.306, 3.805, 3.147, 2.816, 2.876, 2.51, 3.625, 4.574, 4.426, 4.33, 4.865, 6.283, 6.973, 7.249, 7.337], [3.615, 3.718, 3.805, 4.019, 4.179, 4.186, 4.007, 4.28, 4.494, 4.414, 4.321, 3.998, 3.546, 3.334, 3.34, 3.532, 3.494, 3.83, 3.579, 3.488, 3.731, 3.941, 4.049, 4.339, 4.382, 4.638, 4.269, 4.207, 4.549, 4.822, 5.291, 5.312, 5.318, 5.226, 5.436, 6.027, 7.016, 7.469, 7.713, 8.028, 8.067, 8.239, 8.189, 7.193, 6.693, 7.278, 7.637, 7.181, 6.459, 6.368, 6.756, 5.956, 3.779, 1.854, 1.142, 1.092, 1.179, 1.252, 1.403, 1.741, 1.62, 1.392, 1.058, 0.829, 0.799, 0.811, 0.0, 1.031, 1.673, 1.938, 2.348, 3.511, 4.269, 3.78, 3.394, 3.473, 2.904, 3.394, 4.354, 4.195, 4.08, 4.457, 5.87, 6.549, 6.812, 6.94], [3.401, 3.585, 3.728, 3.954, 4.405, 4.361, 4.29, 4.479, 4.811, 4.68, 4.424, 4.114, 3.737, 3.465, 3.302, 3.312, 3.379, 3.641, 3.501, 3.426, 3.914, 4.