[[0.0, 0.599, 0.937, 1.53, 1.88, 1.905, 1.416, 1.2, 1.508, 1.644, 2.049, 3.067, 4.255, 4.687, 4.948, 5.5, 6.349, 7.345, 7.307, 7.455, 8.264, 8.672, 8.731, 9.414, 9.387, 8.748, 8.647, 8.316, 8.102, 8.243, 9.043, 9.289, 9.162, 9.059, 9.426, 9.962, 10.14, 9.996, 9.97, 9.929, 9.477, 9.49, 9.635, 9.488, 9.645, 8.972, 7.523, 7.151, 7.025, 6.509, 6.364, 5.867, 5.38, 5.241, 5.097, 4.877, 4.722, 4.81, 5.134, 5.688, 6.387, 6.384, 6.17, 5.928, 5.599, 5.611, 5.304, 5.108, 5.216, 4.564, 4.416, 4.24, 4.151, 4.276, 4.204, 4.322, 4.142, 4.345, 4.622, 4.371, 4.323, 4.273, 4.897, 5.471, 6.103, 6.087], [0.599, 0.0, 0.905, 1.471, 1.792, 1.833, 1.389, 1.155, 1.544, 1.76, 2.081, 3.017, 4.189, 4.637, 4.908, 5.453, 6.279, 7.296, 7.269, 7.374, 8.207, 8.614, 8.669, 9.373, 9.365, 8.722, 8.62, 8.246, 8.033, 8.182, 8.995, 9.237, 9.106, 9.007, 9.379, 9.926, 10.104, 9.942, 9.781, 9.818, 9.355, 9.424, 9.561, 9.43, 9.494, 8.865, 7.471, 7.073, 7.021, 6.361, 6.085, 5.627, 5.14, 5.149, 5.024, 4.761, 4.599, 4.738, 5.014, 5.534, 6.373, 6.318, 6.06, 5.886, 5.448, 5.383, 5.071, 4.927, 5.106, 4.468, 4.342, 4.174, 4.037, 4.236, 4.133, 4.152, 3.914, 4.159, 4.584, 4.272, 4.268, 4.261, 4.758, 5.388, 6.062, 6.004], [0.937, 0.905, 0.0, 0.978, 1.563, 1.604, 1.178, 0.945, 1.243, 1.543, 1.785, 2.825, 4.164, 4.459, 4.684, 5.201, 6.042, 7.16, 7.092, 7.296, 8.134, 8.538, 8.589, 9.147, 9.097, 8.428, 8.354, 8.115, 7.887, 8.091, 8.771, 9.075, 8.988, 8.758, 9.13, 9.673, 9.835, 9.663, 9.771, 9.795, 9.341, 9.375, 9.472, 9.378, 9.452, 8.724, 7.18, 6.608, 6.726, 6.199, 5.8, 5.317, 4.888, 4.836, 4.715, 4.584, 4.346, 4.35, 4.595, 5.18, 6.116, 6.179, 5.737, 5.594, 5.408, 5.369, 5.083, 4.815, 4.891, 4.492, 4.382, 4.25, 4.161, 4.308, 3.979, 3.851, 3.774, 4.194, 4.555, 4.157, 4.07, 4.017, 4.706, 5.313, 6.009, 5.883], [1.53, 1.471, 0.978, 0.0, 1.07, 0.984, 0.971, 0.979, 0.947, 1.277, 1.361, 2.344, 3.676, 3.912, 4.215, 4.72, 5.529, 6.593, 6.412, 6.612, 7.47, 7.903, 7.93, 8.568, 8.509, 7.837, 7.785, 7.516, 7.264, 7.416, 8.206, 8.615, 8.496, 8.214, 8.567, 9.072, 9.295, 9.208, 9.391, 9.515, 9.09, 9.124, 9.248, 9.12, 9.088, 8.468, 6.958, 6.338, 6.442, 5.979, 5.673, 5.176, 4.882, 4.952, 4.809, 4.815, 4.505, 4.28, 4.637, 5.143, 5.913, 6.019, 5.487, 5.391, 5.36, 5.531, 5.334, 5.118, 5.14, 4.967, 4.828, 4.688, 4.607, 4.753, 4.284, 3.957, 4.064, 4.562, 4.919, 4.322, 3.898, 3.752, 4.326, 4.99, 5.572, 5.375], [1.88, 1.792, 1.563, 1.07, 0.0, 0.684, 1.267, 1.431, 1.139, 1.357, 1.28, 1.958, 3.028, 3.282, 3.727, 4.257, 5.124, 6.09, 5.913, 5.967, 6.744, 7.13, 7.172, 7.831, 7.803, 7.203, 7.1, 6.801, 6.67, 6.792, 7.506, 8.065, 8.019, 7.661, 7.872, 8.413, 8.628, 8.728, 9.069, 9.188, 8.75, 8.884, 9.029, 8.857, 8.843, 8.333, 6.845, 6.16, 6.273, 5.87, 5.708, 5.299, 5.013, 5.115, 5.081, 5.129, 4.813, 4.533, 4.871, 5.15, 5.741, 5.72, 5.32, 5.231, 5.216, 5.573, 5.418, 5.244, 5.339, 5.227, 5.134, 5.02, 4.901, 4.996, 4.502, 4.12, 4.392, 4.881, 5.139, 4.379, 3.786, 3.566, 4.069, 4.593, 5.277, 4.976], [1.905, 1.833, 1.604, 0.984, 0.684, 0.0, 1.057, 1.332, 1.081, 1.277, 1.32, 1.742, 2.896, 3.111, 3.546, 4.083, 4.934, 5.952, 5.799, 5.906, 6.667, 7.083, 7.135, 7.777, 7.75, 7.111, 7.03, 6.742, 6.582, 6.7, 7.438, 7.911, 7.834, 7.531, 7.849, 8.357, 8.544, 8.607, 8.969, 9.088, 8.65, 8.793, 8.928, 8.772, 8.747, 8.249, 6.768, 6.092, 6.104, 5.845, 5.664, 5.23, 4.89, 4.917, 4.861, 4.924, 4.61, 4.332, 4.605, 5.046, 5.663, 5.682, 5.214, 5.135, 5.161, 5.416, 5.302, 5.105, 5.147, 5.045, 4.939, 4.801, 4.719, 4.807, 4.325, 3.928, 4.23, 4.728, 4.949, 4.147, 3.664, 3.423, 3.889, 4.415, 5.065, 4.826], [1.416, 1.389, 1.178, 0.971, 1.267, 1.057, 0.0, 0.652, 0.739, 1.022, 1.16, 1.98, 3.269, 3.644, 3.883, 4.451, 5.324, 6.346, 6.31, 6.455, 7.303, 7.721, 7.775, 8.381, 8.365, 7.728, 7.629, 7.381, 7.134, 7.33, 8.05, 8.322, 8.169, 8.046, 8.448, 8.967, 9.143, 9.023, 9.138, 9.153, 8.703, 8.804, 8.929, 8.81, 8.86, 8.289, 6.904, 6.287, 6.273, 5.874, 5.644, 5.144, 4.79, 4.801, 4.711, 4.732, 4.432, 4.283, 4.573, 4.935, 5.723, 5.69, 5.288, 5.154, 5.051, 5.273, 5.074, 4.905, 4.905, 4.759, 4.658, 4.53, 4.437, 4.507, 4.112, 3.842, 3.996, 4.487, 4.704, 4.053, 3.65, 3.452, 4.071, 4.602, 5.222, 5.108], [1.2, 1.155, 0.945, 0.979, 1.431, 1.332, 0.652, 0.0, 0.914, 1.277, 1.478, 2.411, 3.663, 4.061, 4.296, 4.885, 5.741, 6.765, 6.71, 6.802, 7.666, 8.072, 8.143, 8.793, 8.782, 8.146, 8.02, 7.729, 7.507, 7.721, 8.429, 8.745, 8.594, 8.501, 8.891, 9.37, 9.549, 9.483, 9.611, 9.661, 9.206, 9.282, 9.391, 9.287, 9.337, 8.704, 7.278, 6.664, 6.625, 6.227, 5.947, 5.394, 4.984, 4.871, 4.765, 4.722, 4.459, 4.366, 4.611, 5.242, 6.067, 6.047, 5.597, 5.523, 5.302, 5.307, 5.075, 4.915, 4.921, 4.721, 4.621, 4.484, 4.403, 4.472, 4.091, 3.944, 3.975, 4.452, 4.665, 4.084, 3.862, 3.923, 4.511, 5.003, 5.633, 5.532], [1.508, 1.544, 1.243, 0.947, 1.139, 1.081, 0.739, 0.914, 0.0, 0.695, 0.96, 1.94, 3.247, 3.613, 3.808, 4.345, 5.252, 6.332, 6.258, 6.37, 7.249, 7.675, 7.715, 8.265, 8.247, 7.61, 7.489, 7.33, 7.115, 7.307, 7.906, 8.207, 8.098, 7.966, 8.374, 8.908, 9.066, 8.96, 9.118, 9.134, 8.67, 8.745, 8.917, 8.801, 8.865, 8.379, 6.944, 6.323, 6.294, 5.98, 5.704, 5.214, 4.806, 4.819, 4.802, 4.844, 4.535, 4.253, 4.511, 4.952, 5.75, 5.737, 5.327, 5.185, 5.145, 5.384, 5.254, 5.017, 4.986, 4.884, 4.772, 4.63, 4.549, 4.644, 4.179, 3.862, 4.086, 4.584, 4.779, 4.135, 3.719, 3.411, 4.08, 4.548, 5.185, 5.105], [1.644, 1.76, 1.543, 1.277, 1.357, 1.277, 1.022, 1.277, 0.695, 0.0, 0.844, 1.757, 3.044, 3.382, 3.557, 4.09, 5.027, 6.13, 6.081, 6.229, 7.087, 7.513, 7.553, 8.069, 8.033, 7.384, 7.285, 7.155, 6.935, 7.124, 7.717, 7.967, 7.865, 7.735, 8.142, 8.719, 8.86, 8.66, 8.683, 8.64, 8.188, 8.245, 8.404, 8.345, 8.407, 7.883, 6.505, 6.03, 5.936, 5.641, 5.389, 4.951, 4.517, 4.569, 4.568, 4.61, 4.293, 4.05, 4.368, 4.718, 5.454, 5.464, 5.248, 5.005, 4.915, 5.141, 4.983, 4.75, 4.735, 4.63, 4.525, 4.4, 4.305, 4.396, 3.911, 3.552, 3.824, 4.306, 4.55, 3.96, 3.498, 3.201, 3.764, 4.237, 4.892, 4.926], [2.049, 2.081, 1.785, 1.361, 1.28, 1.32, 1.16, 1.478, 0.96, 0.844, 0.0, 1.223, 2.556, 2.863, 3.085, 3.616, 4.504, 5.581, 5.521, 5.633, 6.517, 6.938, 6.973, 7.523, 7.471, 6.833, 6.759, 6.565, 6.34, 6.525, 7.182, 7.492, 7.441, 7.218, 7.649, 8.162, 8.31, 8.233, 8.456, 8.553, 8.1, 8.204, 8.406, 8.311, 8.207, 7.873, 6.586, 5.873, 6.014, 5.781, 5.493, 5.021, 4.725, 4.744, 4.738, 4.754, 4.465, 4.176, 4.492, 4.842, 5.601, 5.521, 5.098, 4.988, 4.996, 5.335, 5.178, 4.983, 4.931, 4.909, 4.802, 4.664, 4.581, 4.635, 4.162, 3.846, 4.095, 4.582, 4.709, 4.078, 3.533, 3.155, 3.607, 4.073, 4.571, 4.501], [3.067, 3.017, 2.825, 2.344, 1.958, 1.742, 1.98, 2.411, 1.94, 1.757, 1.223, 0.0, 1.571, 1.861, 2.101, 2.7, 3.47, 4.502, 4.462, 4.536, 5.409, 5.824, 5.873, 6.487, 6.488, 5.861, 5.744, 5.516, 5.293, 5.476, 6.108, 6.475, 6.411, 6.229, 6.662, 7.151, 7.299, 7.273, 7.59, 7.713, 7.329, 7.65, 7.894, 7.717, 7.597, 7.364, 6.097, 5.382, 5.457, 5.289, 5.054, 4.582, 4.407, 4.48, 4.512, 4.567, 4.271, 3.919, 4.211, 4.494, 5.108, 4.991, 4.512, 4.436, 4.571, 4.938, 4.915, 4.764, 4.776, 4.807, 4.703, 4.63, 4.554, 4.527, 3.998, 3.597, 3.95, 4.442, 4.598, 3.75, 3.104, 2.698, 3.021, 3.245, 3.747, 3.679], [4.255, 4.189, 4.164, 3.676, 3.028, 2.896, 3.269, 3.663, 3.247, 3.044, 2.556, 1.571, 0.0, 0.749, 1.017, 1.623, 2.468, 3.381, 3.373, 3.392, 4.162, 4.544, 4.605, 5.37, 5.371, 4.748, 4.626, 4.367, 4.18, 4.271, 5.035, 5.34, 5.247, 5.134, 5.554, 6.037, 6.186, 6.177, 6.51, 6.713, 6.347, 6.775, 7.012, 6.883, 6.743, 6.548, 5.441, 4.824, 4.863, 4.737, 4.607, 4.236, 3.947, 4.015, 4.371, 4.435, 4.024, 3.574, 3.771, 4.043, 4.516, 4.327, 3.95, 3.944, 4.01, 4.476, 4.546, 4.453, 4.488, 4.811, 4.704, 4.672, 4.652, 4.586, 3.748, 3.272, 3.886, 4.51, 4.687, 3.387, 2.643, 2.238, 2.454, 2.829, 3.101, 2.982], [4.687, 4.637, 4.459, 3.912, 3.282, 3.111, 3.644, 4.061, 3.613, 3.382, 2.863, 1.861, 0.749, 0.0, 0.7, 1.225, 2.005, 2.976, 2.838, 3.019, 3.876, 4.229, 4.26, 4.835, 4.834, 4.205, 4.102, 3.935, 3.708, 3.822, 4.516, 4.909, 4.847, 4.621, 5.042, 5.5, 5.641, 5.724, 6.132, 6.332, 5.939, 6.354, 6.591, 6.467, 6.32, 6.189, 5.141, 4.487, 4.538, 4.529, 4.368, 3.994, 3.733, 3.84, 4.204, 4.442, 3.984, 3.393, 3.602, 3.827, 4.294, 4.288, 3.824, 3.796, 3.924, 4.387, 4.465, 4.333, 4.348, 4.735, 4.747, 4.697, 4.799, 4.632, 3.726, 3.226, 4.012, 4.775, 4.898, 3.752, 2.715, 2.229, 2.236, 2.604, 2.892, 2.676], [4.948, 4.908, 4.684, 4.215, 3.727, 3.546, 3.883, 4.296, 3.808, 3.557, 3.085, 2.101, 1.017, 0.7, 0.0, 0.831, 1.667, 2.653, 2.612, 2.849, 3.736, 4.033, 4.094, 4.582, 4.546, 3.946, 3.838, 3.828, 3.55, 3.652, 4.249, 4.543, 4.491, 4.404, 4.877, 5.319, 5.425, 5.342, 5.673, 5.904, 5.558, 6.006, 6.264, 6.169, 6.025, 5.916, 4.875, 4.24, 4.302, 4.28, 4.114, 3.796, 3.569, 3.708, 4.346, 4.637, 4.149, 3.467, 3.499, 3.604, 4.019, 4.075, 3.671, 3.644, 3.821, 4.297, 4.457, 4.305, 4.291, 4.794, 4.861, 4.794, 4.965, 4.782, 3.842, 3.362, 4.182, 4.974, 5.087, 4.03, 2.906, 2.235, 2.072, 2.407, 2.65, 2.444], [5.5, 5.453, 5.201, 4.72, 4.257, 4.083, 4.451, 4.885, 4.345, 4.09, 3.616, 2.7, 1.623, 1.225, 0.831, 0.0, 1.206, 2.177, 2.168, 2.597, 3.418, 3.604, 3.664, 4.079, 4.025, 3.343, 3.312, 3.331, 3.153, 3.184, 3.779, 4.022, 3.99, 3.975, 4.467, 4.753, 4.874, 4.837, 5.173, 5.396, 5.069, 5.507, 5.765, 5.673, 5.53, 5.472, 4.525, 3.946, 4.049, 4.064, 3.873, 3.646, 3.485, 3.644, 4.645, 4.945, 4.434, 3.688, 3.546, 3.538, 3.852, 4.041, 3.581, 3.605, 3.83, 4.325, 4.605, 4.389, 4.347, 4.995, 5.097, 5.059, 5.212, 5.048, 4.139, 3.647, 4.532, 5.346, 5.44, 4.489, 3.323, 2.515, 2.158, 2.395, 2.534, 2.129], [6.349, 6.279, 6.042, 5.529, 5.124, 4.934, 5.324, 5.741, 5.252, 5.027, 4.504, 3.47, 2.468, 2.005, 1.667, 1.206, 0.0, 1.413, 1.512, 1.978, 2.64, 2.751, 2.756, 3.207, 3.181, 2.597, 2.479, 2.344, 2.183, 2.192, 2.825, 3.223, 3.203, 3.272, 3.8, 3.941, 4.063, 4.119, 4.503, 4.716, 4.367, 4.83, 5.064, 4.94, 4.754, 4.729, 3.937, 3.333, 3.5, 3.579, 3.415, 3.246, 3.403, 4.039, 5.253, 5.555, 5.059, 4.258, 4.214, 3.597, 3.52, 3.64, 3.135, 3.17, 3.485, 4.37, 4.927, 4.711, 4.619, 5.671, 5.816, 5.782, 5.927, 5.766, 4.841, 4.405, 5.292, 6.118, 6.243, 5.111, 3.901, 3.104, 2.588, 2.18, 1.918, 1.548], [7.345, 7.296, 7.16, 6.593, 6.09, 5.952, 6.346, 6.765, 6.332, 6.13, 5.581, 4.502, 3.381, 2.976, 2.653, 2.177, 1.413, 0.0, 0.907, 1.476, 1.627, 1.815, 1.684, 2.214, 2.194, 1.818, 1.77, 1.908, 1.709, 1.579, 2.198, 2.408, 2.337, 2.662, 3.147, 3.219, 3.336, 3.75, 4.239, 4.658, 4.35, 4.836, 5.074, 4.964, 4.781, 4.701, 3.772, 3.165, 3.281, 3.335, 3.54, 3.651, 4.101, 4.909, 6.177, 6.532, 6.04, 5.198, 5.192, 4.196, 3.305, 3.465, 3.338, 3.287, 3.937, 5.122, 5.753, 5.576, 5.56, 6.654, 6.828, 6.762, 6.881, 6.731, 5.799, 5.42, 6.304, 7.134, 7.285, 6.037, 4.805, 4.09, 3.545, 2.915, 2.17, 1.988], [7.307, 7.269, 7.092, 6.412, 5.913, 5.799, 6.31, 6.71, 6.258, 6.081, 5.521, 4.462, 3.373, 2.838, 2.612, 2.168, 1.512, 0.907, 0.0, 1.114, 1.496, 1.701, 1.703, 2.222, 2.194, 1.752, 1.52, 1.727, 1.601, 1.342, 2.055, 2.495, 2.436, 2.509, 2.909, 2.98, 3.139, 3.61, 4.16, 4.547, 4.224, 4.693, 4.927, 4.809, 4.624, 4.505, 3.566, 2.929, 3.008, 3.238, 3.653, 3.868, 4.302, 5.082, 6.279, 6.604, 6.112, 5.26, 5.296, 4.326, 3.296, 3.478, 3.502, 3.45, 4.117, 5.335, 5.939, 5.717, 5.685, 6.76, 6.913, 6.868, 7.015, 6.855, 5.927, 5.49, 6.343, 7.195, 7.342, 6.119, 4.893, 4.207, 3.687, 3.102, 2.435, 2.16], [7.455, 7.374, 7.296, 6.612, 5.967, 5.906, 6.455, 6.802, 6.37, 6.229, 5.633, 4.536, 3.392, 3.019, 2.849, 2.597, 1.978, 1.476, 1.114, 0.0, 1.269, 1.696, 1.621, 2.499, 2.668, 2.531, 2.146, 2.071, 2.119, 1.842, 2.379, 3.352, 3.299, 3.317, 3.6, 3.735, 3.939, 4.381, 4.804, 5.128, 4.809, 5.272, 5.506, 5.378, 5.189, 5.022, 3.942, 3.226, 3.326, 3.475, 3.837, 4.052, 4.486, 5.264, 6.439, 6.745, 6.285, 5.391, 5.466, 4.467, 3.532, 3.441, 3.437, 3.486, 4.138, 5.353, 6.022, 5.865, 5.844, 6.896, 7.071, 7.024, 7.157, 6.998, 6.069, 5.674, 6.551, 7.408, 7.559, 6.218, 4.986, 4.372, 3.817, 3.215, 2.41, 2.376], [8.264, 8.207, 8.134, 7.47, 6.744, 6.667, 7.303, 7.666, 7.249, 7.087, 6.517, 5.409, 4.162, 3.876, 3.736, 3.418, 2.64, 1.627, 1.496, 1.269, 0.0, 1.007, 1.081, 2.006, 2.012, 2.064, 2.013, 2.125, 2.157, 1.943, 2.287, 2.932, 2.946, 2.89, 3.065, 3.337, 3.561, 4.228, 4.798, 5.136, 4.804, 5.246, 5.484, 5.345, 5.152, 4.977, 3.959, 3.344, 3.46, 4.022, 4.527, 4.733, 5.201, 6.008, 7.256, 7.56, 7.101, 6.221, 6.284, 5.273, 4.119, 3.903, 4.085, 4.177, 4.901, 6.117, 6.8, 6.653, 6.626, 7.701, 7.885, 7.839, 7.96, 7.812, 6.879, 6.521, 7.398, 8.25, 8.405, 7.049, 5.829, 5.172, 4.606, 3.955, 3.105, 3.054], [8.672, 8.614, 8.538, 7.903, 7.13, 7.083, 7.721, 8.072, 7.675, 7.513, 6.938, 5.824, 4.544, 4.229, 4.033, 3.604, 2.751, 1.815, 1.701, 1.696, 1.007, 0.0, 0.972, 1.896, 1.913, 2.044, 1.981, 2.084, 2.262, 1.908, 2.2, 2.858, 2.923, 3.161, 3.308, 3.314, 3.608, 4.202, 4.784, 5.168, 4.882, 5.37, 5.608, 5.497, 5.315, 5.265, 4.415, 3.819, 3.908, 4.279, 4.854, 5.094, 5.546, 6.368, 7.664, 8.032, 7.528, 6.695, 6.681, 5.661, 4.461, 4.279, 4.427, 4.52, 5.278, 6.471, 7.169, 7.036, 7.013, 8.093, 8.286, 8.237, 8.351, 8.2, 7.266, 6.932, 7.806, 8.645, 8.801, 7.46, 6.239, 5.569, 5.002, 4.299, 3.516, 3.385], [8.731, 8.669, 8.589, 7.93, 7.172, 7.135, 7.775, 8.143, 7.715, 7.553, 6.973, 5.873, 4.605, 4.26, 4.094, 3.664, 2.756, 1.684, 1.703, 1.621, 1.081, 0.972, 0.0, 1.273, 1.41, 1.733, 1.699, 1.914, 2.067, 1.666, 2.089, 2.596, 2.603, 2.844, 3.066, 3.094, 3.328, 4.083, 4.627, 5.045, 4.733, 5.196, 5.429, 5.303, 5.118, 5.036, 4.241, 3.665, 3.77, 4.15, 4.623, 4.888, 5.411, 6.247, 7.603, 8.009, 7.473, 6.632, 6.63, 5.543, 4.282, 4.073, 4.192, 4.32, 5.144, 6.347, 7.033, 6.938, 6.921, 8.002, 8.249, 8.182, 8.298, 8.136, 7.163, 6.91, 7.801, 8.651, 8.808, 7.443, 6.218, 5.517, 4.897, 4.185, 3.369, 3.296], [9.414, 9.373, 9.147, 8.568, 7.831, 7.777, 8.381, 8.793, 8.265, 8.069, 7.523, 6.487, 5.37, 4.835, 4.582, 4.079, 3.207, 2.214, 2.222, 2.499, 2.006, 1.896, 1.273, 0.0, 0.818, 1.409, 1.43, 1.872, 2.031, 1.693, 1.662, 2.155, 2.187, 2.366, 2.652, 2.688, 2.865, 3.559, 4.142, 4.502, 4.214, 4.704, 4.964, 4.88, 4.738, 4.697, 4.074, 3.662, 3.864, 4.463, 4.979, 5.259, 5.71, 6.554, 8.023, 8.511, 7.972, 7.091, 6.881, 5.766, 4.543, 4.602, 4.696, 4.764, 5.648, 6.873, 7.437, 7.272, 7.193, 8.31, 8.553, 8.461, 8.622, 8.399, 7.42, 7.24, 8.145, 9.006, 9.15, 8.012, 6.796, 5.945, 5.297, 4.586, 3.892, 3.705], [9.387, 9.365, 9.097, 8.509, 7.803, 7.75, 8.365, 8.782, 8.247, 8.033, 7.471, 6.488, 5.371, 4.834, 4.546, 4.025, 3.181, 2.194, 2.194, 2.668, 2.012, 1.913, 1.41, 0.818, 0.0, 1.002, 1.272, 1.734, 1.866, 1.542, 1.513, 1.749, 1.796, 1.977, 2.232, 2.247, 2.397, 3.009, 3.633, 3.976, 3.715, 4.234, 4.489, 4.41, 4.268, 4.251, 3.704, 3.333, 3.557, 4.318, 4.815, 5.086, 5.571, 6.424, 7.92, 8.373, 7.833, 6.967, 6.756, 5.605, 4.381, 4.461, 4.537, 4.625, 5.547, 6.808, 7.369, 7.184, 7.093, 8.216, 8.472, 8.365, 8.492, 8.271, 7.298, 7.095, 8.041, 8.876, 9.008, 7.949, 6.736, 5.85, 5.181, 4.495, 3.877, 3.639], [8.748, 8.722, 8.428, 7.837, 7.203, 7.111, 7.728, 8.146, 7.61, 7.384, 6.833, 5.861, 4.748, 4.205, 3.946, 3.343, 2.597, 1.818, 1.752, 2.531, 2.064, 2.044, 1.733, 1.409, 1.002, 0.0, 0.851, 1.276, 1.324, 1.096, 1.389, 1.476, 1.431, 1.521, 1.834, 1.906, 2.053, 2.482, 3.091, 3.45, 3.205, 3.725, 3.965, 3.895, 3.717, 3.742, 3.189, 2.758, 3.093, 3.678, 4.099, 4.359, 4.829, 5.645, 7.21, 7.625, 7.051, 6.191, 5.992, 4.903, 3.676, 3.841, 3.867, 3.94, 4.877, 6.137, 6.698, 6.487, 6.334, 7.464, 7.69, 7.583, 7.679, 7.499, 6.569, 6.326, 7.306, 8.117, 8.225, 7.297, 6.094, 5.176, 4.442, 3.82, 3.354, 3.01], [8.647, 8.62, 8.354, 7.785, 7.1, 7.03, 7.629, 8.02, 7.489, 7.285, 6.759, 5.744, 4.626, 4.102, 3.838, 3.312, 2.479, 1.77, 1.52, 2.146, 2.013, 1.981, 1.699, 1.43, 1.272, 0.851, 0.0, 1.045, 1.123, 0.907, 1.155, 1.501, 1.466, 1.576, 1.916, 1.872, 2.112, 2.602, 3.22, 3.564, 3.323, 3.855, 4.096, 3.988, 3.801, 3.733, 3.259, 2.857, 3.059, 3.511, 4.004, 4.32, 4.73, 5.515, 7.028, 7.513, 6.971, 6.065, 5.796, 4.709, 3.489, 3.56, 3.657, 3.729, 4.599, 5.883, 6.472, 6.335, 6.272, 7.367, 7.621, 7.529, 7.649, 7.394, 6.418, 6.212, 7.261, 8.086, 8.155, 7.058, 5.813, 4.931, 4.271, 3.541, 2.991, 2.739], [8.316, 8.246, 8.115, 7.516, 6.801, 6.742, 7.381, 7.729, 7.33, 7.155, 6.565, 5.516, 4.367, 3.935, 3.828, 3.331, 2.344, 1.908, 1.727, 2.071, 2.125, 2.084, 1.914, 1.872, 1.734, 1.276, 1.045, 0.0, 0.771, 0.795, 1.219, 1.742, 1.608, 1.649, 1.927, 1.981, 2.206, 2.656, 3.187, 3.375, 3.094, 3.586, 3.794, 3.654, 3.427, 3.357, 2.85, 2.575, 2.726, 3.158, 3.764, 4.022, 4.544, 5.35, 6.762, 7.306, 6.765, 5.856, 5.721, 4.489, 3.188, 3.196, 3.14, 3.237, 4.154, 5.527, 6.161, 6.136, 6.216, 7.323, 7.577, 7.485, 7.607, 7.333, 6.316, 6.206, 7.187, 8.037, 8.129, 6.738, 5.457, 4.719, 4.045, 3.303, 2.703, 2.441], [8.102, 8.033, 7.887, 7.264, 6.67, 6.582, 7.134, 7.507, 7.115, 6.935, 6.34, 5.293, 4.18, 3.708, 3.55, 3.153, 2.183, 1.709, 1.601, 2.119, 2.157, 2.262, 2.067, 2.031, 1.866, 1.324, 1.123, 0.771, 0.0, 0.78, 1.527, 1.9, 1.804, 1.673, 1.928, 2.171, 2.385, 2.818, 3.348, 3.604, 3.278, 3.757, 3.985, 3.821, 3.581, 3.438, 2.986, 2.604, 2.773, 3.096, 3.492, 3.721, 4.288, 5.129, 6.521, 7.041, 6.509, 5.606, 5.499, 4.266, 3.059, 3.296, 3.058, 3.151, 4.027, 5.365, 5.955, 5.899, 5.952, 7.057, 7.311, 7.231, 7.358, 7.105, 6.084, 5.986, 6.937, 7.783, 7.913, 6.627, 5.314, 4.496, 3.806, 3.139, 2.51, 2.264], [8.243, 8.182, 8.091, 7.416, 6.792, 6.7, 7.33, 7.721, 7.307, 7.124, 6.525, 5.476, 4.271, 3.822, 3.652, 3.184, 2.192, 1.579, 1.342, 1.842, 1.943, 1.908, 1.666, 1.693, 1.542, 1.096, 0.907, 0.795, 0.78, 0.0, 1.245, 1.876, 1.763, 1.803, 2.107, 2.119, 2.3, 2.824, 3.373, 3.708, 3.395, 3.893, 4.133, 3.999, 3.785, 3.745, 3.155, 2.757, 2.926, 3.234, 3.728, 3.969, 4.527, 5.357, 6.749, 7.28, 6.739, 5.83, 5.739, 4.573, 3.266, 3.341, 3.256, 3.365, 4.254, 5.603, 6.192, 6.131, 6.163, 7.275, 7.529, 7.447, 7.573, 7.333, 6.288, 6.202, 7.163, 8.004, 8.146, 6.792, 5.541, 4.711, 4.043, 3.382, 2.71, 2.461], [9.043, 8.995, 8.771, 8.206, 7.506, 7.438, 8.05, 8.429, 7.906, 7.717, 7.182, 6.108, 5.035, 4.516, 4.249, 3.779, 2.825, 2.198, 2.055, 2.379, 2.287, 2.2, 2.089, 1.662, 1.513, 1.389, 1.155, 1.219, 1.527, 1.245, 0.0, 1.243, 1.669, 1.733, 2.12, 2.008, 2.029, 2.278, 2.948, 3.225, 3.104, 3.587, 3.818, 3.755, 3.61, 3.705, 3.368, 3.131, 3.299, 4.006, 4.461, 4.735, 5.129, 6.015, 7.508, 8.006, 7.47, 6.575, 6.306, 5.194, 4.006, 4.068, 4.079, 4.16, 5.031, 6.292, 6.917, 6.77, 6.715, 7.83, 8.09, 8.006, 8.134, 7.907, 6.89, 6.776, 7.733, 8.567, 8.709, 7.546, 6.329, 5.481, 4.815, 4.016, 3.388, 3.225], [9.289, 9.237, 9.075, 8.615, 8.065, 7.911, 8.322, 8.745, 8.207, 7.967, 7.492, 6.475, 5.34, 4.909, 4.543, 4.022, 3.223, 2.408, 2.495, 3.352, 2.932, 2.858, 2.596, 2.155, 1.749, 1.476, 1.501, 1.742, 1.9, 1.876, 1.243, 0.0, 0.917, 1.416, 1.877, 1.807, 1.697, 1.787, 2.396, 2.806, 2.727, 3.209, 3.444, 3.357, 3.191, 3.417, 3.409, 3.229, 3.362, 4.091, 4.606, 4.863, 5.312, 6.137, 7.639, 8.133, 7.598, 6.737, 6.454, 5.248, 4.034, 4.13, 4.199, 4.249, 5.125, 6.479, 7.088, 6.935, 6.915, 8.026, 8.287, 8.211, 8.321, 8.045, 7.056, 6.929, 7.927, 8.768, 8.84, 7.695, 6.462, 5.62, 4.945, 4.184, 3.665, 3.451], [9.162, 9.106, 8.988, 8.496, 8.019, 7.834, 8.169, 8.594, 8.098, 7.865, 7.441, 6.411, 5.247, 4.847, 4.491, 3.99, 3.203, 2.337, 2.436, 3.299, 2.946, 2.923, 2.603, 2.187, 1.796, 1.431, 1.466, 1.608, 1.804, 1.763, 1.669, 0.917, 0.0, 1.013, 1.411, 1.352, 1.386, 1.658, 2.115, 2.567, 2.415, 2.947, 3.169, 2.999, 2.756, 2.831, 3.179, 2.978, 3.044, 3.894, 4.477, 4.716, 5.185, 5.926, 7.416, 7.965, 7.404, 6.474, 6.285, 5.018, 3.717, 3.871, 3.971, 3.971, 4.9, 6.3, 6.908, 6.778, 6.861, 7.973, 8.234, 8.158, 8.268, 7.959, 6.911, 6.848, 7.865, 8.715, 8.782, 7.553, 6.314, 5.421, 4.706, 3.989, 3.508, 3.27], [9.059, 9.007, 8.758, 8.214, 7.661, 7.531, 8.046, 8.501, 7.966, 7.735, 7.218, 6.229, 5.134, 4.621, 4.404, 3.975, 3.272, 2.662, 2.509, 3.317, 2.89, 3.161, 2.844, 2.366, 1.977, 1.521, 1.576, 1.649, 1.673, 1.803, 1.733, 1.416, 1.013, 0.0, 0.838, 1.292, 1.414, 1.521, 2.075, 2.452, 2.283, 2.764, 3.023, 2.812, 2.513, 2.378, 2.764, 2.69, 2.851, 3.761, 4.279, 4.485, 4.949, 5.713, 7.22, 7.764, 7.199, 6.391, 6.141, 4.727, 3.533, 3.722, 3.87, 3.798, 4.773, 6.189, 6.777, 6.622, 6.684, 7.751, 7.993, 7.924, 8.017, 7.726, 6.678, 6.611, 7.608, 8.458, 8.579, 7.509, 6.336, 5.325, 4.517, 3.885, 3.565, 3.319], [9.426, 9.379, 9.13, 8.567, 7.872, 7.849, 8.448, 8.891, 8.374, 8.142, 7.649, 6.662, 5.554, 5.042, 4.877, 4.467, 3.8, 3.147, 2.909, 3.6, 3.065, 3.308, 3.066, 2.652, 2.232, 1.834, 1.916, 1.927, 1.928, 2.107, 2.12, 1.877, 1.411, 0.838, 0.0, 0.939, 1.186, 1.601, 2.012, 2.364, 2.147, 2.64, 2.865, 2.677, 2.343, 2.212, 3.034, 2.928, 3.096, 4.101, 4.662, 4.896, 5.363, 6.182, 7.655, 8.226, 7.651, 6.85, 6.63, 5.177, 3.902, 4.152, 4.3, 4.223, 5.209, 6.611, 7.195, 7.032, 7.14, 8.155, 8.407, 8.346, 8.461, 8.18, 7.135, 7.022, 8.037, 8.887, 9.077, 7.939, 6.77, 5.793, 4.977, 4.354, 4.037, 3.732], [9.962, 9.926, 9.673, 9.072, 8.413, 8.357, 8.967, 9.37, 8.908, 8.719, 8.162, 7.151, 6.037, 5.5, 5.319, 4.753, 3.941, 3.219, 2.98, 3.735, 3.337, 3.314, 3.094, 2.688, 2.247, 1.906, 1.872, 1.981, 2.171, 2.119, 2.008, 1.807, 1.352, 1.292, 0.939, 0.0, 0.716, 1.363, 1.811, 2.307, 2.11, 2.623, 2.807, 2.715, 2.205, 2.564, 3.6, 3.443, 3.585, 4.653, 5.241, 5.483, 5.978, 6.723, 8.211, 8.769, 8.191, 7.286, 7.126, 5.797, 4.465, 4.714, 4.754, 4.774, 5.771, 7.177, 7.76, 7.637, 7.73, 8.771, 9.031, 8.957, 9.09, 8.801, 7.74, 7.645, 8.663, 9.512, 9.642, 8.451, 7.206, 6.266, 5.542, 4.861, 4.426, 4.118], [10.14, 10.104, 9.835, 9.295, 8.628, 8.544, 9.143, 9.549, 9.066, 8.86, 8.31, 7.299, 6.186, 5.641, 5.425, 4.874, 4.063, 3.336, 3.139, 3.939, 3.561, 3.608, 3.328, 2.865, 2.397, 2.053, 2.112, 2.206, 2.385, 2.3, 2.029, 1.697, 1.386, 1.414, 1.186, 0.716, 0.0, 1.107, 1.643, 2.089, 2.06, 2.549, 2.745, 2.603, 2.193, 2.757, 3.78, 3.627, 3.75, 4.846, 5.399, 5.642, 6.121, 6.87, 8.379, 8.915, 8.347, 7.416, 7.237, 5.938, 4.643, 4.875, 4.93, 4.94, 5.927, 7.34, 7.937, 7.799, 7.863, 8.922, 9.183, 9.107, 9.234, 8.934, 7.892, 7.797, 8.814, 9.664, 9.769, 8.608, 7.354, 6.398, 5.693, 4.992, 4.542, 4.238], [9.996, 9.942, 9.663, 9.208, 8.728, 8.607, 9.023, 9.483, 8.96, 8.66, 8.233, 7.273, 6.177, 5.724, 5.342, 4.837, 4.119, 3.75, 3.61, 4.381, 4.228, 4.202, 4.083, 3.559, 3.009, 2.482, 2.602, 2.656, 2.818, 2.824, 2.278, 1.787, 1.658, 1.521, 1.601, 1.363, 1.107, 0.0, 1.095, 1.48, 1.679, 2.025, 2.293, 2.219, 1.816, 2.534, 3.515, 3.457, 3.721, 4.655, 5.158, 5.35, 5.797, 6.6, 8.207, 8.699, 8.073, 7.321, 7.118, 5.666, 4.469, 4.74, 4.918, 4.776, 5.74, 7.155, 7.738, 7.578, 7.6, 8.616, 8.859, 8.788, 8.88, 8.626, 7.609, 7.467, 8.476, 9.303, 9.518, 8.515, 7.366, 6.281, 5.436, 4.863, 4.587, 4.381], [9.97, 9.781, 9.771, 9.391, 9.069, 8.969, 9.138, 9.611, 9.118, 8.683, 8.456, 7.59, 6.51, 6.132, 5.673, 5.173, 4.503, 4.239, 4.16, 4.804, 4.798, 4.784, 4.627, 4.142, 3.633, 3.091, 3.22, 3.187, 3.348, 3.373, 2.948, 2.396, 2.115, 2.075, 2.012, 1.811, 1.643, 1.095, 0.0, 0.87, 1.142, 1.427, 1.624, 1.463, 1.169, 1.976, 3.215, 3.569, 3.715, 4.286, 4.789, 5.183, 5.462, 6.457, 8.127, 8.561, 7.915, 7.292, 7.22, 5.573, 4.326, 4.66, 5.061, 4.854, 5.508, 6.924, 7.516, 7.401, 7.494, 8.494, 8.721, 8.652, 8.685, 8.516, 7.541, 7.303, 8.131, 8.954, 9.437, 8.483, 7.321, 6.334, 5.35, 4.892, 4.624, 4.59], [9.929, 9.818, 9.795, 9.515, 9.188, 9.088, 9.153, 9.661, 9.134, 8.64, 8.553, 7.713, 6.713, 6.332, 5.904, 5.396, 4.716, 4.658, 4.547, 5.128, 5.136, 5.168, 5.045, 4.502, 3.976, 3.45, 3.564, 3.375, 3.604, 3.708, 3.225, 2.806, 2.567, 2.452, 2.364, 2.307, 2.089, 1.48, 0.87, 0.0, 0.928, 1.145, 1.405, 1.25, 1.2, 1.852, 3.031, 3.677, 3.767, 4.242, 4.707, 5.146, 5.411, 6.34, 8.036, 8.427, 7.784, 7.22, 7.168, 5.568, 4.287, 4.644, 5.086, 4.85, 5.401, 6.703, 7.362, 7.222, 7.243, 8.242, 8.47, 8.4, 8.445, 8.317, 7.354, 7.172, 8.012, 8.76, 9.224, 8.405, 7.222, 6.291, 5.468, 5.002, 4.719, 4.722], [9.477, 9.355, 9.341, 9.09, 8.75, 8.65, 8.703, 9.206, 8.67, 8.188, 8.1, 7.329, 6.347, 5.939, 5.558, 5.069, 4.367, 4.35, 4.224, 4.809, 4.804, 4.882, 4.733, 4.214, 3.715, 3.205, 3.323, 3.094, 3.278, 3.395, 3.104, 2.727, 2.415, 2.283, 2.147, 2.11, 2.06, 1.679, 1.142, 0.928, 0.0, 0.753, 0.969, 0.949, 0.899, 1.479, 2.761, 3.104, 3.28, 3.879, 4.35, 4.826, 5.078, 6.061, 7.7, 8.087, 7.52, 6.907, 6.865, 5.3, 4.02, 4.342, 4.723, 4.573, 5.102, 6.438, 7.012, 6.858, 6.896, 7.901, 8.125, 8.027, 8.069, 7.956, 6.973, 6.787, 7.653, 8.458, 8.891, 7.988, 6.828, 5.904, 5.144, 4.677, 4.348, 4.375], [9.49, 9.424, 9.375, 9.124, 8.884, 8.793, 8.804, 9.282, 8.745, 8.245, 8.204, 7.65, 6.775, 6.354, 6.006, 5.507, 4.83, 4.836, 4.693, 5.272, 5.246, 5.37, 5.196, 4.704, 4.234, 3.725, 3.855, 3.586, 3.757, 3.893, 3.587, 3.209, 2.947, 2.764, 2.64, 2.623, 2.549, 2.025, 1.427, 1.145, 0.753, 0.0, 0.512, 0.722, 0.95, 1.417, 2.685, 3.185, 3.354, 3.802, 4.343, 4.814, 5.028, 6.021, 7.704, 8.092, 7.497, 6.927, 6.975, 5.361, 4.022, 4.369, 4.794, 4.606, 5.106, 6.389, 7.01, 6.835, 6.873, 7.868, 8.089, 7.984, 8.06, 7.979, 6.999, 6.802, 7.542, 8.284, 8.888, 7.991, 6.827, 5.985, 5.389, 4.926, 4.613, 4.636], [9.635, 9.561, 9.472, 9.248, 9.029, 8.928, 8.929, 9.391, 8.917, 8.404, 8.406, 7.894, 7.012, 6.591, 6.264, 5.765, 5.064, 5.074, 4.927, 5.506, 5.484, 5.608, 5.429, 4.964, 4.489, 3.965, 4.096, 3.794, 3.985, 4.133, 3.818, 3.444, 3.169, 3.023, 2.865, 2.807, 2.745, 2.293, 1.624, 1.405, 0.969, 0.512, 0.0, 0.66, 1.024, 1.446, 2.723, 3.265, 3.427, 3.884, 4.41, 4.939, 5.109, 5.999, 7.67, 8.059, 7.466, 6.954, 7.089, 5.481, 4.077, 4.462, 4.895, 4.722, 5.164, 6.391, 6.988, 6.839, 6.894, 7.895, 8.115, 8.001, 8.078, 7.97, 7.098, 6.897, 7.632, 8.324, 8.883, 7.961, 6.794, 6.114, 5.569, 5.105, 4.802, 4.812], [9.488, 9.43, 9.378, 9.12, 8.857, 8.772, 8.81, 9.287, 8.801, 8.345, 8.311, 7.717, 6.883, 6.467, 6.169, 5.673, 4.94, 4.964, 4.809, 5.378, 5.345, 5.497, 5.303, 4.88, 4.41, 3.895, 3.988, 3.654, 3.821, 3.999, 3.755, 3.357, 2.999, 2.812, 2.677, 2.715, 2.603, 2.219, 1.463, 1.25, 0.949, 0.722, 0.66, 0.0, 0.921, 1.358, 2.667, 3.233, 3.342, 3.839, 4.357, 4.829, 5.063, 5.961, 7.635, 8.028, 7.404, 6.82, 6.949, 5.3, 3.897, 4.299, 4.737, 4.525, 5.038, 6.398, 6.981, 6.869, 6.932, 7.933, 8.154, 8.042, 8.101, 7.964, 7.023, 6.844, 7.626, 8.388, 8.879, 7.922, 6.767, 5.851, 5.246, 4.798, 4.561, 4.523], [9.645, 9.494, 9.452, 9.088, 8.843, 8.747, 8.86, 9.337, 8.865, 8.407, 8.207, 7.597, 6.743, 6.32, 6.025, 5.53, 4.754, 4.781, 4.624, 5.189, 5.152, 5.315, 5.118, 4.738, 4.268, 3.717, 3.801, 3.427, 3.581, 3.785, 3.61, 3.191, 2.756, 2.513, 2.343, 2.205, 2.193, 1.816, 1.169, 1.2, 0.899, 0.95, 1.024, 0.921, 0.0, 1.223, 2.745, 3.154, 3.32, 3.972, 4.455, 4.79, 5.175, 6.162, 7.781, 8.21, 7.563, 6.921, 6.969, 5.319, 4.051, 4.362, 4.758, 4.542, 5.245, 6.643, 7.227, 7.099, 7.179, 8.179, 8.407, 8.337, 8.388, 8.199, 7.219, 7.02, 7.875, 8.671, 9.122, 8.123, 6.963, 5.993, 5.197, 4.734, 4.434, 4.47], [8.972, 8.865, 8.724, 8.468, 8.333, 8.249, 8.289, 8.704, 8.379, 7.883, 7.873, 7.364, 6.548, 6.189, 5.916, 5.472, 4.729, 4.701, 4.505, 5.022, 4.977, 5.265, 5.036, 4.697, 4.251, 3.742, 3.733, 3.357, 3.438, 3.745, 3.705, 3.417, 2.831, 2.378, 2.212, 2.564, 2.757, 2.534, 1.976, 1.852, 1.479, 1.417, 1.446, 1.358, 1.223, 0.0, 1.815, 2.365, 2.455, 3.027, 3.53, 4.042, 4.313, 5.154, 6.767, 7.158, 6.538, 5.962, 6.136, 4.468, 3.163, 3.568, 3.996, 3.78, 4.248, 5.592, 6.201, 6.118, 6.226, 7.211, 7.448, 7.389, 7.417, 7.266, 6.321, 6.173, 6.929, 7.669, 8.184, 7.207, 6.001, 5.291, 4.674, 4.319, 4.045, 4.058], [7.523, 7.471, 7.18, 6.958, 6.845, 6.768, 6.904, 7.278, 6.944, 6.505, 6.586, 6.097, 5.441, 5.141, 4.875, 4.525, 3.937, 3.772, 3.566, 3.942, 3.959, 4.415, 4.241, 4.074, 3.704, 3.189, 3.259, 2.85, 2.986, 3.155, 3.368, 3.409, 3.179, 2.764, 3.034, 3.6, 3.78, 3.515, 3.215, 3.031, 2.761, 2.685, 2.723, 2.667, 2.745, 1.815, 0.0, 1.038, 1.045, 1.523, 2.115, 2.601, 2.871, 3.563, 5.142, 5.526, 4.895, 4.364, 4.694, 3.165, 1.914, 2.252, 2.752, 2.546, 2.857, 4.036, 4.619, 4.486, 4.532, 5.533, 5.764, 5.694, 5.773, 5.575, 4.713, 4.565, 5.395, 6.133, 6.484, 5.547, 4.356, 3.887, 3.398, 3.07, 2.905, 2.822], [7.151, 7.073, 6.608, 6.338, 6.16, 6.092, 6.287, 6.664, 6.323, 6.03, 5.873, 5.382, 4.824, 4.487, 4.24, 3.946, 3.333, 3.165, 2.929, 3.226, 3.344, 3.819, 3.665, 3.662, 3.333, 2.758, 2.857, 2.575, 2.604, 2.757, 3.131, 3.229, 2.978, 2.69, 2.928, 3.443, 3.627, 3.457, 3.569, 3.677, 3.104, 3.185, 3.265, 3.233, 3.154, 2.365, 1.038, 0.0, 0.745, 1.607, 2.138, 2.511, 2.878, 3.708, 5.16, 5.528, 4.999, 4.258, 4.385, 3.02, 1.97, 2.178, 2.394, 2.321, 2.938, 4.131, 4.727, 4.551, 4.573, 5.582, 5.828, 5.757, 5.829, 5.636, 4.682, 4.454, 5.415, 6.248, 6.528, 5.413, 4.324, 3.622, 3.133, 2.714, 2.479, 2.295], [7.025, 7.021, 6.726, 6.442, 6.273, 6.104, 6.273, 6.625, 6.294, 5.936, 6.014, 5.457, 4.863, 4.538, 4.302, 4.049, 3.5, 3.281, 3.008, 3.326, 3.46, 3.908, 3.77, 3.864, 3.557, 3.093, 3.059, 2.726, 2.773, 2.926, 3.299, 3.362, 3.044, 2.851, 3.096, 3.585, 3.75, 3.721, 3.715, 3.767, 3.28, 3.354, 3.427, 3.342, 3.32, 2.455, 1.045, 0.745, 0.0, 1.366, 2.056, 2.486, 2.824, 3.427, 4.765, 5.288, 4.733, 3.937, 4.005, 2.707, 1.674, 1.896, 2.231, 2.105, 2.614, 3.774, 4.404, 4.239, 4.325, 5.375, 5.617, 5.541, 5.65, 5.404, 4.395, 4.272, 5.248, 6.098, 6.25, 5.05, 3.92, 3.377, 3.029, 2.484, 2.253, 2.206], [6.509, 6.361, 6.199, 5.979, 5.87, 5.845, 5.874, 6.227, 5.98, 5.641, 5.781, 5.289, 4.737, 4.529, 4.28, 4.064, 3.579, 3.335, 3.238, 3.475, 4.022, 4.279, 4.15, 4.463, 4.318, 3.678, 3.511, 3.158, 3.096, 3.234, 4.006, 4.091, 3.894, 3.761, 4.101, 4.653, 4.846, 4.655, 4.286, 4.242, 3.879, 3.802, 3.884, 3.839, 3.972, 3.027, 1.523, 1.607, 1.366, 0.0, 0.967, 1.67, 1.768, 2.65, 4.105, 4.553, 3.999, 3.421, 3.642, 1.966, 1.0, 1.384, 1.73, 1.603, 1.624, 2.774, 3.38, 3.295, 3.456, 4.42, 4.692, 4.657, 4.694, 4.586, 3.695, 3.402, 4.124, 4.954, 5.498, 4.369, 3.234, 3.112, 2.906, 2.405, 2.291, 2.323], [6.364, 6.085, 5.8, 5.673, 5.708, 5.664, 5.644, 5.947, 5.704, 5.389, 5.493, 5.054, 4.607, 4.368, 4.114, 3.873, 3.415, 3.54, 3.653, 3.837, 4.527, 4.854, 4.623, 4.979, 4.815, 4.099, 4.004, 3.764, 3.492, 3.728, 4.461, 4.606, 4.477, 4.279, 4.662, 5.241, 5.399, 5.158, 4.789, 4.707, 4.35, 4.343, 4.41, 4.357, 4.455, 3.53, 2.115, 2.138, 2.056, 0.967, 0.0, 0.965, 1.325, 2.163, 3.598, 3.973, 3.44, 2.86, 3.021, 1.722, 1.387, 1.659, 1.599, 1.558, 1.409, 2.345, 2.943, 2.822, 2.922, 3.887, 4.151, 4.086, 4.137, 4.048, 3.133, 2.843, 3.624, 4.42, 4.961, 3.933, 2.955, 2.909, 2.663, 2.184, 2.123, 2.284], [5.867, 5.627, 5.317, 5.176, 5.299, 5.23, 5.144, 5.394, 5.214, 4.951, 5.021, 4.582, 4.236, 3.994, 3.796, 3.646, 3.246, 3.651, 3.868, 4.052, 4.733, 5.094, 4.888, 5.259, 5.086, 4.359, 4.32, 4.022, 3.721, 3.969, 4.735, 4.863, 4.716, 4.485, 4.896, 5.483, 5.642, 5.35, 5.183, 5.146, 4.826, 4.814, 4.939, 4.829, 4.79, 4.042, 2.601, 2.511, 2.486, 1.67, 0.965, 0.0, 0.91, 1.793, 3.222, 3.677, 3.102, 2.473, 2.535, 1.499, 1.569, 1.726, 1.414, 1.317, 1.312, 2.229, 2.721, 2.565, 2.653, 3.616, 3.86, 3.787, 3.873, 3.753, 2.764, 2.591, 3.337, 4.148, 4.663, 3.55, 2.799, 2.539, 2.29, 1.848, 1.991, 2.186], [5.38, 5.14, 4.888, 4.882, 5.013, 4.89, 4.79, 4.984, 4.806, 4.517, 4.725, 4.407, 3.947, 3.733, 3.569, 3.485, 3.403, 4.101, 4.302, 4.486, 5.201, 5.546, 5.411, 5.71, 5.571, 4.829, 4.73, 4.544, 4.288, 4.527, 5.129, 5.312, 5.185, 4.949, 5.363, 5.978, 6.121, 5.797, 5.462, 5.411, 5.078, 5.028, 5.109, 5.063, 5.175, 4.313, 2.871, 2.878, 2.824, 1.768, 1.325, 0.91, 0.0, 1.257, 2.847, 3.243, 2.68, 2.105, 2.136, 1.221, 1.814, 1.939, 1.736, 1.604, 1.012, 1.713, 2.196, 2.032, 2.171, 3.074, 3.319, 3.283, 3.337, 3.225, 2.276, 2.059, 2.765, 3.567, 4.145, 3.146, 2.431, 2.302, 1.962, 1.912, 2.335, 2.503], [5.241, 5.149, 4.836, 4.952, 5.115, 4.917, 4.801, 4.871, 4.819, 4.569, 4.744, 4.48, 4.015, 3.84, 3.708, 3.644, 4.039, 4.909, 5.082, 5.264, 6.008, 6.368, 6.247, 6.554, 6.424, 5.645, 5.515, 5.35, 5.129, 5.357, 6.015, 6.137, 5.926, 5.713, 6.182, 6.723, 6.87, 6.6, 6.457, 6.34, 6.061, 6.021, 5.999, 5.961, 6.162, 5.154, 3.563, 3.708, 3.427, 2.65, 2.163, 1.793, 1.257, 0.0, 1.783, 2.161, 1.521, 1.232, 1.355, 1.656, 2.465, 2.711, 2.486, 2.38, 1.557, 1.238, 1.406, 1.313, 1.357, 2.243, 2.44, 2.371, 2.522, 2.263, 1.561, 1.525, 2.295, 2.915, 3.056, 2.127, 1.829, 2.096, 1.94, 2.307, 2.966, 3.04], [5.097, 5.024, 4.715, 4.809, 5.081, 4.861, 4.711, 4.765, 4.802, 4.568, 4.738, 4.512, 4.371, 4.204, 4.346, 4.645, 5.253, 6.177, 6.279, 6.439, 7.256, 7.664, 7.603, 8.023, 7.92, 7.21, 7.028, 6.762, 6.521, 6.749, 7.508, 7.639, 7.416, 7.22, 7.655, 8.211, 8.379, 8.207, 8.127, 8.036, 7.7, 7.704, 7.67, 7.635, 7.781, 6.767, 5.142, 5.16, 4.765, 4.105, 3.598, 3.222, 2.847, 1.783, 0.0, 0.804, 0.854, 1.321, 1.504, 2.84, 4.012, 4.199, 3.944, 3.803, 3.013, 1.818, 1.255, 1.423, 1.511, 1.655, 1.618, 1.666, 2.098, 1.811, 1.473, 1.491, 1.518, 1.788, 1.585, 1.257, 2.093, 2.529, 3.08, 3.737, 4.369, 4.441], [4.877, 4.761, 4.584, 4.815, 5.129, 4.924, 4.732, 4.722, 4.844, 4.61, 4.754, 4.567, 4.435, 4.442, 4.637, 4.945, 5.555, 6.532, 6.604, 6.745, 7.56, 8.032, 8.009, 8.511, 8.373, 7.625, 7.513, 7.306, 7.041, 7.28, 8.006, 8.133, 7.965, 7.764, 8.226, 8.769, 8.915, 8.699, 8.561, 8.427, 8.087, 8.092, 8.059, 8.028, 8.21, 7.158, 5.526, 5.528, 5.288, 4.553, 3.973, 3.677, 3.243, 2.161, 0.804, 0.0, 0.759, 1.65, 1.917, 3.314, 4.514, 4.714, 4.494, 4.372, 3.489, 2.253, 1.477, 1.603, 1.686, 1.508, 1.361, 1.408, 1.739, 1.558, 1.441, 1.605, 1.293, 1.26, 1.167, 1.286, 2.321, 2.792, 3.5, 4.243, 4.859, 4.95], [4.722, 4.599, 4.346, 4.505, 4.813, 4.61, 4.432, 4.459, 4.535, 4.293, 4.465, 4.271, 4.024, 3.984, 4.149, 4.434, 5.059, 6.04, 6.112, 6.285, 7.101, 7.528, 7.473, 7.972, 7.833, 7.051, 6.971, 6.765, 6.509, 6.739, 7.47, 7.598, 7.404, 7.199, 7.651, 8.191, 8.347, 8.073, 7.915, 7.784, 7.52, 7.497, 7.466, 7.404, 7.563, 6.538, 4.895, 4.999, 4.733, 3.999, 3.44, 3.102, 2.68, 1.521, 0.854, 0.759, 0.0, 1.057, 1.344, 2.754, 3.921, 4.174, 3.944, 3.814, 2.931, 1.783, 1.23, 1.269, 1.242, 1.467, 1.324, 1.322, 1.638, 1.453, 1.199, 1.154, 1.169, 1.589, 1.682, 1.108, 1.891, 2.256, 2.897, 3.671, 4.313, 4.4], [4.81, 4.738, 4.35, 4.28, 4.533, 4.332, 4.283, 4.366, 4.253, 4.05, 4.176, 3.919, 3.574, 3.393, 3.467, 3.688, 4.258, 5.198, 5.26, 5.391, 6.221, 6.695, 6.632, 7.091, 6.967, 6.191, 6.065, 5.856, 5.606, 5.83, 6.575, 6.737, 6.474, 6.391, 6.85, 7.286, 7.416, 7.321, 7.292, 7.22, 6.907, 6.927, 6.954, 6.82, 6.921, 5.962, 4.364, 4.258, 3.937, 3.421, 2.86, 2.473, 2.105, 1.232, 1.321, 1.65, 1.057, 0.0, 1.07, 2.117, 3.254, 3.48, 3.109, 3.054, 2.332, 1.968, 1.766, 1.67, 1.692, 2.219, 2.182, 2.099, 2.251, 2.015, 1.304, 1.049, 1.809, 2.539, 2.642, 1.632, 1.481, 1.663, 2.233, 2.892, 3.401, 3.502], [5.134, 5.014, 4.595, 4.637, 4.871, 4.605, 4.573, 4.611, 4.511, 4.368, 4.492, 4.211, 3.771, 3.602, 3.499, 3.546, 4.214, 5.192, 5.296, 5.466, 6.284, 6.681, 6.63, 6.881, 6.756, 5.992, 5.796, 5.721, 5.499, 5.739, 6.306, 6.454, 6.285, 6.141, 6.63, 7.126, 7.237, 7.118, 7.22, 7.168, 6.865, 6.975, 7.089, 6.949, 6.969, 6.136, 4.694, 4.385, 4.005, 3.642, 3.021, 2.535, 2.136, 1.355, 1.504, 1.917, 1.344, 1.07, 0.0, 1.9, 3.262, 3.329, 2.911, 2.977, 2.405, 1.806, 1.721, 1.731, 1.67, 2.28, 2.222, 2.181, 2.375, 2.148, 1.409, 1.213, 1.84, 2.635, 2.672, 1.709, 1.933, 1.919, 2.255, 2.811, 3.426, 3.405], [5.688, 5.534, 5.18, 5.143, 5.15, 5.046, 4.935, 5.242, 4.952, 4.718, 4.842, 4.494, 4.043, 3.827, 3.604, 3.538, 3.597, 4.196, 4.326, 4.467, 5.273, 5.661, 5.543, 5.766, 5.605, 4.903, 4.709, 4.489, 4.266, 4.573, 5.194, 5.248, 5.018, 4.727, 5.177, 5.797, 5.938, 5.666, 5.573, 5.568, 5.3, 5.361, 5.481, 5.3, 5.319, 4.468, 3.165, 3.02, 2.707, 1.966, 1.722, 1.499, 1.221, 1.656, 2.84, 3.314, 2.754, 2.117, 1.9, 0.0, 1.648, 1.756, 1.69, 1.511, 1.124, 1.874, 2.353, 2.307, 2.455, 3.246, 3.511, 3.445, 3.532, 3.277, 2.4, 2.15, 3.049, 3.899, 4.18, 3.11, 2.359, 2.237, 1.93, 2.031, 2.349, 2.507], [6.387, 6.373, 6.116, 5.913, 5.741, 5.663, 5.723, 6.067, 5.75, 5.454, 5.601, 5.108, 4.516, 4.294, 4.019, 3.852, 3.52, 3.305, 3.296, 3.532, 4.119, 4.461, 4.282, 4.543, 4.381, 3.676, 3.489, 3.188, 3.059, 3.266, 4.006, 4.034, 3.717, 3.533, 3.902, 4.465, 4.643, 4.469, 4.326, 4.287, 4.02, 4.022, 4.077, 3.897, 4.051, 3.163, 1.914, 1.97, 1.674, 1.0, 1.387, 1.569, 1.814, 2.465, 4.012, 4.514, 3.921, 3.254, 3.262, 1.648, 0.0, 0.915, 1.235, 1.083, 1.49, 2.913, 3.51, 3.358, 3.446, 4.463, 4.709, 4.638, 4.771, 4.496, 3.464, 3.392, 4.343, 5.181, 5.361, 4.22, 3.053, 2.685, 2.539, 1.953, 1.942, 2.158], [6.384, 6.318, 6.179, 6.019, 5.72, 5.682, 5.69, 6.047, 5.737, 5.464, 5.521, 4.991, 4.327, 4.288, 4.075, 4.041, 3.64, 3.465, 3.478, 3.441, 3.903, 4.279, 4.073, 4.602, 4.461, 3.841, 3.56, 3.196, 3.296, 3.341, 4.068, 4.13, 3.871, 3.722, 4.152, 4.714, 4.875, 4.74, 4.66, 4.644, 4.342, 4.369, 4.462, 4.299, 4.362, 3.568, 2.252, 2.178, 1.896, 1.384, 1.659, 1.726, 1.939, 2.711, 4.199, 4.714, 4.174, 3.48, 3.329, 1.756, 0.915, 0.0, 0.975, 0.95, 1.45, 2.869, 3.549, 3.467, 3.589, 4.655, 4.924, 4.847, 4.936, 4.635, 3.624, 3.51, 4.514, 5.363, 5.487, 4.114, 3.05, 2.801, 2.659, 1.936, 2.001, 2.391], [6.17, 6.06, 5.737, 5.487, 5.32, 5.214, 5.288, 5.597, 5.327, 5.248, 5.098, 4.512, 3.95, 3.824, 3.671, 3.581, 3.135, 3.338, 3.502, 3.437, 4.085, 4.427, 4.192, 4.696, 4.537, 3.867, 3.657, 3.14, 3.058, 3.256, 4.079, 4.199, 3.971, 3.87, 4.3, 4.754, 4.93, 4.918, 5.061, 5.086, 4.723, 4.794, 4.895, 4.737, 4.758, 3.996, 2.752, 2.394, 2.231, 1.73, 1.599, 1.414, 1.736, 2.486, 3.944, 4.494, 3.944, 3.109, 2.911, 1.69, 1.235, 0.975, 0.0, 0.686, 1.325, 2.656, 3.323, 3.283, 3.363, 4.473, 4.733, 4.658, 4.767, 4.483, 3.439, 3.376, 4.365, 5.214, 5.302, 3.903, 2.76, 2.548, 2.485, 1.691, 1.736, 1.913], [5.928, 5.886, 5.594, 5.391, 5.231, 5.135, 5.154, 5.523, 5.185, 5.005, 4.988, 4.436, 3.944, 3.796, 3.644, 3.605, 3.17, 3.287, 3.45, 3.486, 4.177, 4.52, 4.32, 4.764, 4.625, 3.94, 3.729, 3.237, 3.151, 3.365, 4.16, 4.249, 3.971, 3.798, 4.223, 4.774, 4.94, 4.776, 4.854, 4.85, 4.573, 4.606, 4.722, 4.525, 4.542, 3.78, 2.546, 2.321, 2.105, 1.603, 1.558, 1.317, 1.604, 2.38, 3.803, 4.372, 3.814, 3.054, 2.977, 1.511, 1.083, 0.95, 0.686, 0.0, 1.187, 2.532, 3.238, 3.192, 3.309, 4.39, 4.657, 4.581, 4.685, 4.403, 3.371, 3.294, 4.282, 5.118, 5.27, 3.894, 2.827, 2.321, 2.224, 1.501, 1.657, 1.939], [5.599, 5.448, 5.408, 5.36, 5.216, 5.161, 5.051, 5.302, 5.145, 4.915, 4.996, 4.571, 4.01, 3.924, 3.821, 3.83, 3.485, 3.937, 4.117, 4.138, 4.901, 5.278, 5.144, 5.648, 5.547, 4.877, 4.599, 4.154, 4.027, 4.254, 5.031, 5.125, 4.9, 4.773, 5.209, 5.771, 5.927, 5.74, 5.508, 5.401, 5.102, 5.106, 5.164, 5.038, 5.245, 4.248, 2.857, 2.938, 2.614, 1.624, 1.409, 1.312, 1.012, 1.557, 3.013, 3.489, 2.931, 2.332, 2.405, 1.124, 1.49, 1.45, 1.325, 1.187, 0.0, 1.543, 2.205, 2.204, 2.425, 3.462, 3.747, 3.681, 3.715, 3.486, 2.571, 2.427, 3.297, 4.116, 4.385, 3.1, 2.181, 2.362, 2.096, 1.708, 2.039, 2.303], [5.611, 5.383, 5.369, 5.531, 5.573, 5.416, 5.273, 5.307, 5.384, 5.141, 5.335, 4.938, 4.476, 4.387, 4.297, 4.325, 4.37, 5.122, 5.335, 5.353, 6.117, 6.471, 6.347, 6.873, 6.808, 6.137, 5.883, 5.527, 5.365, 5.603, 6.292, 6.479, 6.3, 6.189, 6.611, 7.177, 7.34, 7.155, 6.924, 6.703, 6.438, 6.389, 6.391, 6.398, 6.643, 5.592, 4.036, 4.131, 3.774, 2.774, 2.345, 2.229, 1.713, 1.238, 1.818, 2.253, 1.783, 1.968, 1.806, 1.874, 2.913, 2.869, 2.656, 2.532, 1.543, 0.0, 0.896, 1.187, 1.315, 2.12, 2.43, 2.475, 2.801, 2.623, 2.15, 2.024, 2.474, 2.865, 3.074, 1.971, 2.161, 2.842, 2.645, 2.638, 3.264, 3.36], [5.304, 5.071, 5.083, 5.334, 5.418, 5.302, 5.074, 5.075, 5.254, 4.983, 5.178, 4.915, 4.546, 4.465, 4.457, 4.605, 4.927, 5.753, 5.939, 6.022, 6.8, 7.169, 7.033, 7.437, 7.369, 6.698, 6.472, 6.161, 5.955, 6.192, 6.917, 7.088, 6.908, 6.777, 7.195, 7.76, 7.937, 7.738, 7.516, 7.362, 7.012, 7.01, 6.988, 6.981, 7.227, 6.201, 4.619, 4.727, 4.404, 3.38, 2.943, 2.721, 2.196, 1.406, 1.255, 1.477, 1.23, 1.766, 1.721, 2.353, 3.51, 3.549, 3.323, 3.238, 2.205, 0.896, 0.0, 0.706, 0.949, 1.487, 1.713, 1.738, 2.157, 1.974, 1.59, 1.802, 1.842, 2.109, 2.255, 1.567, 2.289, 2.92, 2.831, 3.251, 3.948, 3.946], [5.108, 4.927, 4.815, 5.118, 5.244, 5.105, 4.905, 4.915, 5.017, 4.75, 4.983, 4.764, 4.453, 4.333, 4.305, 4.389, 4.711, 5.576, 5.717, 5.865, 6.653, 7.036, 6.938, 7.272, 7.184, 6.487, 6.335, 6.136, 5.899, 6.131, 6.77, 6.935, 6.778, 6.622, 7.032, 7.637, 7.799, 7.578, 7.401, 7.222, 6.858, 6.835, 6.839, 6.8