[[0.0, 1.448, 2.035, 2.781, 3.299, 2.327, 3.089, 3.031, 2.87, 3.212, 3.396, 4.152, 4.898, 4.945, 5.127, 5.444, 5.484, 5.473, 5.365, 4.808, 4.807, 4.955, 5.303, 5.542, 5.362, 5.499, 6.309, 6.238, 5.721, 5.509, 5.55, 5.893, 6.019, 7.05, 9.014, 10.29, 10.154, 9.835, 9.435, 8.117, 6.606, 6.406, 6.288, 6.746, 7.181, 7.85, 9.204, 9.545, 9.863, 9.816, 10.332, 10.352, 10.627, 11.409, 11.929, 12.388, 12.615, 13.043, 13.871, 14.465, 14.06, 12.934, 12.05, 12.264, 12.273, 11.911, 11.618, 11.329, 10.64, 10.474, 10.398, 9.141, 7.822, 8.932, 10.555, 11.183, 11.973, 12.202, 12.388, 11.685, 9.677, 9.689, 10.143, 10.24, 10.871, 11.792], [1.448, 0.0, 0.952, 1.682, 2.156, 2.191, 3.602, 3.871, 3.297, 4.03, 4.403, 5.354, 6.097, 6.137, 6.301, 6.654, 6.624, 6.447, 6.36, 5.926, 6.013, 6.045, 6.362, 6.68, 6.54, 6.692, 7.573, 7.468, 6.917, 6.529, 6.446, 6.81, 7.103, 8.163, 10.209, 11.507, 11.339, 11.033, 10.661, 9.369, 7.76, 7.662, 7.55, 7.99, 8.387, 9.038, 10.466, 10.72, 11.0, 11.04, 11.551, 11.625, 11.876, 12.58, 13.085, 13.548, 13.779, 14.207, 14.962, 15.592, 15.189, 14.044, 13.13, 13.391, 13.401, 13.033, 12.704, 12.413, 11.756, 11.602, 11.504, 10.242, 9.032, 10.029, 11.644, 12.374, 13.173, 13.378, 13.502, 12.791, 10.878, 10.89, 11.342, 11.441, 12.097, 13.015], [2.035, 0.952, 0.0, 0.881, 1.48, 2.085, 3.941, 4.554, 3.833, 4.576, 4.968, 5.996, 6.742, 6.778, 6.944, 7.286, 7.297, 7.14, 7.057, 6.618, 6.606, 6.603, 6.949, 7.224, 7.071, 7.23, 8.125, 8.06, 7.547, 6.807, 6.718, 7.165, 7.526, 8.691, 10.857, 12.136, 11.997, 11.679, 11.275, 9.966, 8.314, 8.204, 8.128, 8.596, 9.032, 9.692, 10.964, 11.223, 11.401, 11.57, 12.172, 12.167, 12.459, 13.23, 13.741, 14.208, 14.448, 14.864, 15.735, 16.413, 15.989, 14.851, 13.921, 14.195, 14.216, 13.849, 13.488, 13.191, 12.567, 12.411, 12.334, 11.059, 9.716, 10.786, 12.371, 13.081, 13.896, 14.142, 14.324, 13.621, 11.631, 11.642, 12.091, 12.18, 12.793, 13.744], [2.781, 1.682, 0.881, 0.0, 0.963, 2.226, 4.27, 5.266, 4.348, 5.097, 5.461, 6.556, 7.28, 7.31, 7.504, 7.886, 7.933, 7.881, 7.825, 7.401, 7.249, 7.166, 7.445, 7.723, 7.55, 7.723, 8.605, 8.626, 8.196, 7.253, 7.029, 7.558, 7.983, 9.196, 11.4, 12.69, 12.544, 12.208, 11.795, 10.473, 8.809, 8.688, 8.624, 9.112, 9.554, 10.265, 11.429, 11.726, 11.892, 12.085, 12.711, 12.672, 12.972, 13.839, 14.342, 14.852, 15.067, 15.474, 16.509, 17.186, 16.784, 15.64, 14.72, 14.989, 15.003, 14.647, 14.27, 13.991, 13.374, 13.212, 13.156, 11.881, 10.475, 11.595, 13.18, 13.875, 14.723, 14.97, 15.146, 14.443, 12.459, 12.471, 12.912, 13.007, 13.603, 14.558], [3.299, 2.156, 1.48, 0.963, 0.0, 2.483, 4.799, 5.753, 4.817, 5.465, 5.94, 7.053, 7.719, 7.797, 7.963, 8.392, 8.433, 8.385, 8.336, 7.9, 7.759, 7.619, 7.851, 8.142, 7.989, 8.17, 9.056, 9.071, 8.686, 7.732, 7.485, 8.02, 8.448, 9.683, 11.781, 13.094, 12.931, 12.582, 12.163, 10.866, 9.213, 9.104, 9.028, 9.493, 9.921, 10.711, 11.872, 12.12, 12.335, 12.468, 13.092, 13.075, 13.384, 14.326, 14.76, 15.315, 15.467, 15.888, 16.985, 17.676, 17.267, 16.115, 15.225, 15.481, 15.496, 15.137, 14.758, 14.493, 13.874, 13.702, 13.645, 12.37, 10.962, 12.1, 13.684, 14.345, 15.188, 15.434, 15.635, 14.933, 12.919, 12.931, 13.376, 13.471, 14.096, 15.036], [2.327, 2.191, 2.085, 2.226, 2.483, 0.0, 3.285, 4.5, 3.592, 4.011, 4.486, 5.692, 6.378, 6.494, 6.635, 7.099, 7.1, 7.148, 7.096, 6.656, 6.49, 6.307, 6.424, 6.65, 6.321, 6.676, 7.52, 7.7, 7.442, 5.853, 5.237, 6.01, 6.792, 8.244, 10.367, 11.51, 11.347, 11.041, 10.559, 9.329, 7.457, 7.289, 7.369, 8.05, 8.564, 9.416, 9.974, 10.52, 10.606, 10.898, 11.486, 11.503, 11.775, 12.942, 13.378, 14.001, 14.156, 14.431, 15.7, 16.408, 15.993, 14.829, 13.961, 14.216, 14.22, 13.887, 13.485, 13.225, 12.615, 12.452, 12.393, 11.12, 9.71, 10.845, 12.441, 13.1, 13.955, 14.201, 14.383, 13.68, 11.689, 11.701, 12.143, 12.238, 12.835, 13.79], [3.089, 3.602, 3.941, 4.27, 4.799, 3.285, 0.0, 1.513, 1.055, 1.351, 1.531, 2.528, 3.138, 3.244, 3.398, 3.861, 3.926, 3.913, 3.855, 3.486, 3.376, 3.15, 3.339, 3.654, 3.389, 3.649, 4.499, 4.561, 4.312, 3.162, 2.947, 3.327, 3.82, 5.123, 7.239, 8.538, 8.392, 8.043, 7.631, 6.323, 4.609, 4.469, 4.452, 4.975, 5.37, 6.223, 7.214, 7.518, 7.693, 7.907, 8.536, 8.516, 8.846, 9.788, 10.322, 10.899, 11.083, 11.453, 12.569, 13.252, 12.842, 11.692, 10.744, 11.051, 11.076, 10.733, 10.333, 10.062, 9.463, 9.309, 9.242, 7.978, 6.658, 7.727, 9.325, 10.066, 10.898, 11.156, 11.233, 10.55, 8.628, 8.648, 9.073, 9.171, 9.771, 10.722], [3.031, 3.871, 4.554, 5.266, 5.753, 4.5, 1.513, 0.0, 1.016, 1.118, 1.098, 1.858, 2.445, 2.409, 2.559, 2.87, 2.873, 2.884, 2.732, 2.293, 2.344, 2.393, 2.633, 3.009, 2.899, 3.083, 3.877, 3.767, 3.211, 2.962, 3.124, 3.308, 3.464, 4.467, 6.447, 7.699, 7.525, 7.254, 6.865, 5.568, 4.073, 3.926, 3.809, 4.206, 4.563, 5.239, 6.724, 7.02, 7.319, 7.273, 7.73, 7.817, 8.07, 8.816, 9.302, 9.781, 9.991, 10.414, 11.283, 11.944, 11.544, 10.409, 9.492, 9.755, 9.764, 9.404, 9.039, 8.756, 8.128, 7.974, 7.932, 6.653, 5.366, 6.488, 8.093, 8.754, 9.581, 9.824, 9.908, 9.226, 7.318, 7.331, 7.72, 7.814, 8.414, 9.365], [2.87, 3.297, 3.833, 4.348, 4.817, 3.592, 1.055, 1.016, 0.0, 0.922, 1.324, 2.412, 3.085, 3.063, 3.241, 3.626, 3.648, 3.638, 3.574, 3.115, 2.976, 2.95, 3.279, 3.617, 3.55, 3.693, 4.571, 4.473, 4.012, 3.52, 3.385, 3.806, 4.083, 5.115, 7.18, 8.426, 8.267, 7.942, 7.544, 6.241, 4.715, 4.579, 4.452, 4.898, 5.312, 6.023, 7.348, 7.623, 7.932, 7.917, 8.45, 8.481, 8.746, 9.599, 10.079, 10.574, 10.774, 11.2, 12.197, 12.879, 12.471, 11.327, 10.429, 10.68, 10.701, 10.346, 9.967, 9.7, 9.077, 8.93, 8.889, 7.603, 6.259, 7.45, 9.022, 9.62, 10.473, 10.722, 10.878, 10.186, 8.221, 8.235, 8.619, 8.715, 9.309, 10.256], [3.212, 4.03, 4.576, 5.097, 5.465, 4.011, 1.351, 1.118, 0.922, 0.0, 0.862, 1.92, 2.554, 2.607, 2.738, 3.18, 3.253, 3.345, 3.27, 2.814, 2.666, 2.603, 2.67, 2.958, 2.889, 3.061, 3.918, 3.981, 3.749, 2.919, 2.818, 3.16, 3.44, 4.614, 6.492, 7.682, 7.505, 7.25, 6.802, 5.529, 4.011, 3.842, 3.749, 4.225, 4.73, 5.569, 6.695, 6.925, 7.204, 7.212, 7.688, 7.756, 8.004, 9.04, 9.532, 10.175, 10.325, 10.592, 11.849, 12.542, 12.129, 10.969, 10.097, 10.353, 10.372, 10.048, 9.635, 9.369, 8.795, 8.644, 8.596, 7.306, 5.971, 7.162, 8.727, 9.311, 10.152, 10.417, 10.591, 9.895, 7.91, 7.923, 8.304, 8.394, 9.014, 9.952], [3.396, 4.403, 4.968, 5.461, 5.94, 4.486, 1.531, 1.098, 1.324, 0.862, 0.0, 1.357, 2.038, 2.101, 2.245, 2.668, 2.7, 2.944, 2.826, 2.304, 2.265, 2.215, 2.347, 2.644, 2.475, 2.685, 3.4, 3.512, 3.222, 2.581, 2.65, 2.844, 3.037, 4.107, 6.071, 7.317, 7.151, 6.939, 6.482, 5.13, 3.651, 3.447, 3.373, 3.81, 4.305, 5.061, 6.264, 6.583, 6.885, 6.865, 7.34, 7.405, 7.685, 8.613, 9.047, 9.693, 9.824, 10.122, 11.318, 12.006, 11.591, 10.446, 9.552, 9.812, 9.833, 9.503, 9.099, 8.827, 8.258, 8.104, 8.047, 6.766, 5.478, 6.609, 8.18, 8.857, 9.706, 9.97, 10.05, 9.358, 7.465, 7.479, 7.859, 7.948, 8.549, 9.49], [4.152, 5.354, 5.996, 6.556, 7.053, 5.692, 2.528, 1.858, 2.412, 1.92, 1.357, 0.0, 1.009, 1.082, 1.324, 1.665, 1.783, 2.202, 2.065, 1.447, 1.578, 1.816, 1.889, 2.223, 1.945, 2.117, 2.622, 2.636, 2.381, 2.427, 2.482, 2.353, 2.453, 3.417, 5.06, 6.277, 6.041, 5.966, 5.583, 4.327, 2.932, 2.581, 2.689, 2.978, 3.338, 3.957, 5.462, 5.879, 6.144, 6.092, 6.317, 6.53, 6.89, 7.563, 8.093, 8.736, 8.894, 9.194, 10.324, 11.002, 10.591, 9.446, 8.486, 8.817, 8.821, 8.529, 8.11, 7.838, 7.281, 7.117, 7.064, 5.788, 4.557, 5.618, 7.229, 7.919, 8.774, 9.041, 9.114, 8.408, 6.548, 6.562, 6.952, 7.041, 7.632, 8.578], [4.898, 6.097, 6.742, 7.28, 7.719, 6.378, 3.138, 2.445, 3.085, 2.554, 2.038, 1.009, 0.0, 0.618, 0.855, 1.171, 1.411, 1.89, 1.76, 1.258, 1.331, 1.512, 1.594, 1.873, 1.62, 1.808, 2.166, 2.166, 2.002, 2.457, 2.379, 2.212, 2.211, 2.927, 4.313, 5.505, 5.406, 5.325, 4.926, 3.645, 2.468, 2.155, 2.183, 2.421, 2.661, 3.442, 4.824, 5.308, 5.556, 5.512, 5.74, 5.904, 6.281, 7.026, 7.514, 8.094, 8.181, 8.541, 9.615, 10.238, 9.83, 8.676, 7.713, 8.044, 8.077, 7.763, 7.361, 7.066, 6.52, 6.384, 6.347, 5.116, 3.946, 5.011, 6.6, 7.239, 8.071, 8.339, 8.417, 7.717, 5.905, 5.886, 6.27, 6.362, 6.961, 7.897], [4.945, 6.137, 6.778, 7.31, 7.797, 6.494, 3.244, 2.409, 3.063, 2.607, 2.101, 1.082, 0.618, 0.0, 0.694, 1.01, 1.159, 1.565, 1.43, 1.072, 1.048, 1.305, 1.358, 1.617, 1.418, 1.576, 1.967, 1.959, 1.817, 2.336, 2.288, 2.018, 1.991, 2.691, 4.271, 5.48, 5.282, 5.147, 4.753, 3.556, 2.382, 1.965, 2.022, 2.309, 2.56, 3.265, 4.655, 5.074, 5.283, 5.209, 5.516, 5.675, 6.034, 6.71, 7.29, 7.865, 8.04, 8.408, 9.494, 10.164, 9.755, 8.614, 7.641, 7.979, 8.014, 7.705, 7.275, 7.001, 6.448, 6.298, 6.275, 5.031, 3.892, 4.972, 6.55, 7.172, 7.984, 8.263, 8.326, 7.63, 5.849, 5.83, 6.2, 6.296, 6.887, 7.806], [5.127, 6.301, 6.944, 7.504, 7.963, 6.635, 3.398, 2.559, 3.241, 2.738, 2.245, 1.324, 0.855, 0.694, 0.0, 0.795, 0.936, 1.434, 1.346, 1.099, 1.063, 1.238, 1.336, 1.573, 1.524, 1.698, 2.011, 1.941, 1.82, 2.418, 2.319, 2.081, 2.035, 2.682, 4.201, 5.316, 5.214, 5.06, 4.68, 3.488, 2.347, 2.015, 1.999, 2.307, 2.482, 3.135, 4.599, 4.928, 5.196, 5.127, 5.406, 5.598, 5.943, 6.632, 7.136, 7.734, 7.823, 8.181, 9.304, 9.988, 9.573, 8.43, 7.467, 7.801, 7.837, 7.539, 7.099, 6.823, 6.28, 6.123, 6.109, 4.867, 3.733, 4.842, 6.383, 6.978, 7.795, 8.07, 8.137, 7.437, 5.644, 5.626, 5.998, 6.091, 6.681, 7.6], [5.444, 6.654, 7.286, 7.886, 8.392, 7.099, 3.861, 2.87, 3.626, 3.18, 2.668, 1.665, 1.171, 1.01, 0.795, 0.0, 0.697, 1.187, 1.12, 0.963, 1.016, 1.301, 1.256, 1.506, 1.532, 1.671, 1.898, 1.746, 1.697, 2.5, 2.625, 2.273, 2.029, 2.575, 3.975, 5.054, 4.974, 4.914, 4.493, 3.333, 2.334, 2.107, 1.943, 2.1, 2.282, 2.895, 4.439, 4.762, 5.075, 4.951, 5.221, 5.354, 5.69, 6.302, 6.822, 7.355, 7.43, 7.787, 8.814, 9.476, 9.073, 7.923, 6.955, 7.29, 7.318, 7.008, 6.553, 6.303, 5.737, 5.587, 5.623, 4.442, 3.267, 4.409, 5.921, 6.475, 7.231, 7.532, 7.601, 6.958, 5.095, 5.059, 5.423, 5.524, 6.113, 7.025], [5.484, 6.624, 7.297, 7.933, 8.433, 7.1, 3.926, 2.873, 3.648, 3.253, 2.7, 1.783, 1.411, 1.159, 0.936, 0.697, 0.0, 0.814, 0.84, 1.002, 1.026, 1.196, 1.246, 1.391, 1.479, 1.537, 1.732, 1.544, 1.629, 2.463, 2.627, 2.197, 1.99, 2.33, 3.859, 5.023, 4.873, 4.715, 4.322, 3.183, 2.234, 2.033, 1.843, 2.085, 2.244, 2.654, 4.181, 4.569, 4.87, 4.825, 5.117, 5.309, 5.6, 6.164, 6.626, 7.196, 7.346, 7.688, 8.753, 9.411, 9.007, 7.877, 6.893, 7.236, 7.24, 6.922, 6.521, 6.245, 5.668, 5.516, 5.52, 4.353, 3.203, 4.299, 5.862, 6.415, 7.186, 7.481, 7.556, 6.89, 5.032, 4.997, 5.354, 5.471, 6.058, 6.974], [5.473, 6.447, 7.14, 7.881, 8.385, 7.148, 3.913, 2.884, 3.638, 3.345, 2.944, 2.202, 1.89, 1.565, 1.434, 1.187, 0.814, 0.0, 0.489, 1.253, 1.173, 1.146, 1.357, 1.331, 1.524, 1.375, 1.824, 1.563, 1.66, 2.427, 2.549, 2.185, 1.847, 2.174, 3.943, 5.196, 4.997, 4.686, 4.346, 3.261, 2.203, 2.11, 1.956, 2.14, 2.298, 2.849, 4.171, 4.432, 4.737, 4.772, 5.227, 5.357, 5.622, 6.197, 6.731, 7.251, 7.446, 7.841, 8.745, 9.404, 9.006, 7.865, 6.873, 7.217, 7.228, 6.867, 6.501, 6.227, 5.622, 5.468, 5.44, 4.286, 3.199, 4.212, 5.753, 6.326, 7.11, 7.407, 7.471, 6.788, 4.901, 4.919, 5.258, 5.383, 5.948, 6.888], [5.365, 6.36, 7.057, 7.825, 8.336, 7.096, 3.855, 2.732, 3.574, 3.27, 2.826, 2.065, 1.76, 1.43, 1.346, 1.12, 0.84, 0.489, 0.0, 1.117, 1.032, 1.069, 1.316, 1.347, 1.452, 1.313, 1.73, 1.537, 1.597, 2.353, 2.541, 2.103, 1.815, 2.172, 3.971, 5.233, 5.035, 4.751, 4.383, 3.238, 2.196, 2.091, 1.947, 2.107, 2.286, 2.858, 4.243, 4.51, 4.814, 4.816, 5.265, 5.385, 5.647, 6.274, 6.812, 7.302, 7.53, 7.929, 8.822, 9.462, 9.054, 7.917, 6.922, 7.282, 7.296, 6.917, 6.561, 6.279, 5.657, 5.506, 5.464, 4.26, 3.167, 4.192, 5.738, 6.346, 7.135, 7.41, 7.487, 6.785, 4.921, 4.945, 5.291, 5.402, 5.976, 6.914], [4.808, 5.926, 6.618, 7.401, 7.9, 6.656, 3.486, 2.293, 3.115, 2.814, 2.304, 1.447, 1.258, 1.072, 1.099, 0.963, 1.002, 1.253, 1.117, 0.0, 0.816, 1.24, 1.426, 1.741, 1.637, 1.759, 2.14, 1.908, 1.744, 2.378, 2.588, 2.46, 2.371, 2.963, 4.467, 5.694, 5.529, 5.411, 5.009, 3.723, 2.654, 2.338, 2.209, 2.479, 2.701, 3.29, 4.908, 5.313, 5.632, 5.499, 5.804, 5.919, 6.205, 6.848, 7.229, 7.705, 7.911, 8.311, 9.155, 9.826, 9.422, 8.277, 7.347, 7.637, 7.641, 7.258, 6.905, 6.62, 5.997, 5.844, 5.805, 4.593, 3.397, 4.538, 6.076, 6.651, 7.451, 7.73, 7.808, 7.127, 5.224, 5.222, 5.604, 5.698, 6.296, 7.236], [4.807, 6.013, 6.606, 7.249, 7.759, 6.49, 3.376, 2.344, 2.976, 2.666, 2.265, 1.578, 1.331, 1.048, 1.063, 1.016, 1.026, 1.173, 1.032, 0.816, 0.0, 0.772, 1.165, 1.324, 1.418, 1.468, 1.934, 1.782, 1.591, 2.102, 2.068, 2.083, 2.068, 2.601, 4.382, 5.607, 5.445, 5.203, 4.813, 3.586, 2.365, 2.189, 2.053, 2.285, 2.526, 3.165, 4.666, 4.975, 5.308, 5.226, 5.671, 5.759, 6.019, 6.756, 7.255, 7.747, 7.952, 8.344, 9.297, 9.97, 9.574, 8.432, 7.492, 7.781, 7.776, 7.428, 7.052, 6.779, 6.166, 6.02, 5.991, 4.762, 3.507, 4.694, 6.24, 6.75, 7.563, 7.846, 7.969, 7.298, 5.327, 5.326, 5.721, 5.811, 6.406, 7.346], [4.955, 6.045, 6.603, 7.166, 7.619, 6.307, 3.15, 2.393, 2.95, 2.603, 2.215, 1.816, 1.512, 1.305, 1.238, 1.301, 1.196, 1.146, 1.069, 1.24, 0.772, 0.0, 0.839, 0.924, 1.158, 1.16, 1.754, 1.711, 1.587, 1.765, 1.802, 1.684, 1.651, 2.304, 4.345, 5.615, 5.454, 5.116, 4.701, 3.397, 2.159, 2.022, 1.836, 2.129, 2.466, 3.275, 4.489, 4.752, 5.065, 5.068, 5.614, 5.633, 5.917, 6.847, 7.338, 7.865, 8.058, 8.451, 9.492, 10.166, 9.759, 8.606, 7.674, 7.966, 7.98, 7.632, 7.252, 6.984, 6.37, 6.216, 6.153, 4.896, 3.608, 4.721, 6.285, 6.947, 7.771, 8.031, 8.134, 7.451, 5.526, 5.539, 5.946, 6.038, 6.639, 7.585], [5.303, 6.362, 6.949, 7.445, 7.851, 6.424, 3.339, 2.633, 3.279, 2.67, 2.347, 1.889, 1.594, 1.358, 1.336, 1.256, 1.246, 1.357, 1.316, 1.426, 1.165, 0.839, 0.0, 0.628, 0.875, 1.06, 1.535, 1.543, 1.612, 1.648, 1.81, 1.552, 1.423, 2.181, 4.101, 5.359, 5.195, 4.942, 4.51, 3.214, 1.874, 1.754, 1.541, 1.949, 2.217, 3.096, 4.316, 4.571, 4.875, 4.893, 5.358, 5.414, 5.741, 6.665, 7.182, 7.789, 7.95, 8.281, 9.448, 10.133, 9.724, 8.574, 7.639, 7.942, 7.953, 7.629, 7.223, 6.94, 6.372, 6.221, 6.157, 4.891, 3.529, 4.668, 6.239, 6.905, 7.741, 8.008, 8.13, 7.432, 5.489, 5.515, 5.935, 6.028, 6.628, 7.562], [5.542, 6.68, 7.224, 7.723, 8.142, 6.65, 3.654, 3.009, 3.617, 2.958, 2.644, 2.223, 1.873, 1.617, 1.573, 1.506, 1.391, 1.331, 1.347, 1.741, 1.324, 0.924, 0.628, 0.0, 0.878, 0.86, 1.173, 1.298, 1.495, 1.6, 1.78, 1.485, 1.218, 1.815, 3.789, 4.997, 4.847, 4.544, 4.138, 2.829, 1.596, 1.559, 1.354, 1.613, 2.026, 2.854, 3.899, 4.16, 4.436, 4.462, 5.005, 5.026, 5.332, 6.351, 6.854, 7.534, 7.694, 7.966, 9.223, 9.914, 9.505, 8.342, 7.436, 7.721, 7.728, 7.407, 6.992, 6.731, 6.139, 5.99, 5.932, 4.682, 3.333, 4.476, 6.008, 6.68, 7.516, 7.783, 7.909, 7.206, 5.274, 5.3, 5.721, 5.819, 6.408, 7.347], [5.362, 6.54, 7.071, 7.55, 7.989, 6.321, 3.389, 2.899, 3.55, 2.889, 2.475, 1.945, 1.62, 1.418, 1.524, 1.532, 1.479, 1.524, 1.452, 1.637, 1.418, 1.158, 0.875, 0.878, 0.0, 0.72, 1.356, 1.598, 1.7, 1.526, 1.685, 1.306, 1.222, 2.177, 4.125, 5.369, 5.204, 4.915, 4.507, 3.233, 1.697, 1.39, 1.444, 1.985, 2.298, 3.175, 4.001, 4.464, 4.777, 4.816, 5.332, 5.384, 5.773, 6.759, 7.309, 7.978, 8.139, 8.392, 9.642, 10.337, 9.924, 8.768, 7.817, 8.144, 8.151, 7.824, 7.415, 7.157, 6.552, 6.389, 6.346, 5.071, 3.78, 4.805, 6.442, 7.128, 7.988, 8.238, 8.344, 7.634, 5.734, 5.75, 6.179, 6.272, 6.864, 7.819], [5.499, 6.692, 7.23, 7.723, 8.17, 6.676, 3.649, 3.083, 3.693, 3.061, 2.685, 2.117, 1.808, 1.576, 1.698, 1.671, 1.537, 1.375, 1.313, 1.759, 1.468, 1.16, 1.06, 0.86, 0.72, 0.0, 1.059, 1.313, 1.546, 1.639, 2.027, 1.594, 1.167, 1.831, 3.781, 5.025, 4.862, 4.582, 4.163, 2.875, 1.622, 1.371, 1.355, 1.702, 2.044, 2.858, 3.883, 4.206, 4.455, 4.466, 5.014, 5.036, 5.41, 6.36, 6.968, 7.632, 7.808, 8.035, 9.286, 9.976, 9.562, 8.411, 7.46, 7.789, 7.796, 7.468, 7.062, 6.807, 6.199, 6.036, 5.99, 4.714, 3.421, 4.444, 6.056, 6.754, 7.611, 7.864, 7.98, 7.277, 5.353, 5.365, 5.804, 5.907, 6.486, 7.442], [6.309, 7.573, 8.125, 8.605, 9.056, 7.52, 4.499, 3.877, 4.571, 3.918, 3.4, 2.622, 2.166, 1.967, 2.011, 1.898, 1.732, 1.824, 1.73, 2.14, 1.934, 1.754, 1.535, 1.173, 1.356, 1.059, 0.0, 0.858, 1.253, 1.87, 2.601, 1.91, 1.406, 1.336, 2.971, 4.164, 4.019, 3.839, 3.374, 2.072, 1.298, 1.236, 1.02, 1.032, 1.381, 2.095, 3.111, 3.703, 3.88, 3.878, 4.26, 4.335, 4.72, 5.67, 6.174, 6.846, 6.971, 7.198, 8.449, 9.133, 8.724, 7.56, 6.615, 6.945, 6.951, 6.623, 6.22, 5.962, 5.367, 5.219, 5.191, 3.941, 2.772, 3.78, 5.362, 6.027, 6.869, 7.127, 7.231, 6.529, 4.623, 4.651, 5.068, 5.162, 5.75, 6.695], [6.238, 7.468, 8.06, 8.626, 9.071, 7.7, 4.561, 3.767, 4.473, 3.981, 3.512, 2.636, 2.166, 1.959, 1.941, 1.746, 1.544, 1.563, 1.537, 1.908, 1.782, 1.711, 1.543, 1.298, 1.598, 1.313, 0.858, 0.0, 1.113, 2.023, 2.797, 2.263, 1.845, 1.464, 2.93, 4.105, 3.941, 3.722, 3.3, 2.138, 1.406, 1.334, 1.101, 1.157, 1.342, 1.917, 3.24, 3.696, 3.96, 3.877, 4.171, 4.216, 4.489, 5.381, 5.84, 6.477, 6.619, 6.93, 8.141, 8.807, 8.41, 7.249, 6.312, 6.613, 6.616, 6.285, 5.885, 5.618, 5.027, 4.866, 4.832, 3.689, 2.551, 3.59, 5.07, 5.687, 6.465, 6.754, 6.839, 6.175, 4.215, 4.274, 4.661, 4.787, 5.344, 6.288], [5.721, 6.917, 7.547, 8.196, 8.686, 7.442, 4.312, 3.211, 4.012, 3.749, 3.222, 2.381, 2.002, 1.817, 1.82, 1.697, 1.629, 1.66, 1.597, 1.744, 1.591, 1.587, 1.612, 1.495, 1.7, 1.546, 1.253, 1.113, 0.0, 1.83, 2.632, 2.075, 1.702, 1.694, 3.394, 4.644, 4.476, 4.262, 3.831, 2.567, 1.527, 1.715, 1.4, 1.245, 1.597, 2.215, 3.737, 4.183, 4.48, 4.355, 4.694, 4.786, 5.062, 5.813, 6.265, 6.747, 6.938, 7.365, 8.325, 9.002, 8.599, 7.459, 6.555, 6.805, 6.816, 6.458, 6.093, 5.823, 5.197, 5.043, 4.964, 3.727, 2.451, 3.621, 5.155, 5.815, 6.637, 6.885, 6.985, 6.287, 4.36, 4.372, 4.825, 4.915, 5.523, 6.474], [5.509, 6.529, 6.807, 7.253, 7.732, 5.853, 3.162, 2.962, 3.52, 2.919, 2.581, 2.427, 2.457, 2.336, 2.418, 2.5, 2.463, 2.427, 2.353, 2.378, 2.102, 1.765, 1.648, 1.6, 1.526, 1.639, 1.87, 2.023, 1.83, 0.0, 1.302, 1.144, 1.571, 2.619, 4.543, 5.731, 5.585, 5.251, 4.805, 3.512, 1.909, 1.944, 1.74, 2.256, 2.838, 3.635, 4.322, 4.763, 4.875, 5.127, 5.703, 5.723, 6.003, 7.116, 7.563, 8.235, 8.392, 8.629, 9.944, 10.645, 10.231, 9.067, 8.187, 8.454, 8.46, 8.13, 7.728, 7.464, 6.872, 6.717, 6.639, 5.366, 4.035, 5.167, 6.731, 7.407, 8.257, 8.516, 8.629, 7.938, 5.985, 6.003, 6.449, 6.546, 7.148, 8.093], [5.55, 6.446, 6.718, 7.029, 7.485, 5.237, 2.947, 3.124, 3.385, 2.818, 2.65, 2.482, 2.379, 2.288, 2.319, 2.625, 2.627, 2.549, 2.541, 2.588, 2.068, 1.802, 1.81, 1.78, 1.685, 2.027, 2.601, 2.797, 2.632, 1.302, 0.0, 1.108, 1.967, 3.371, 5.387, 6.516, 6.357, 6.089, 5.608, 4.365, 2.592, 2.353, 2.523, 3.085, 3.597, 4.493, 4.946, 5.508, 5.608, 5.909, 6.486, 6.505, 6.808, 7.944, 8.441, 9.119, 9.27, 9.516, 10.835, 11.541, 11.127, 9.96, 9.077, 9.35, 9.357, 9.032, 8.62, 8.36, 7.764, 7.606, 7.55, 6.281, 4.924, 6.099, 7.66, 8.265, 9.113, 9.368, 9.536, 8.833, 6.863, 6.884, 7.313, 7.407, 7.995, 8.947], [5.893, 6.81, 7.165, 7.558, 8.02, 6.01, 3.327, 3.308, 3.806, 3.16, 2.844, 2.353, 2.212, 2.018, 2.081, 2.273, 2.197, 2.185, 2.103, 2.46, 2.083, 1.684, 1.552, 1.485, 1.306, 1.594, 1.91, 2.263, 2.075, 1.144, 1.108, 0.0, 1.171, 2.692, 4.599, 5.702, 5.489, 5.361, 4.892, 3.706, 1.916, 1.739, 1.942, 2.429, 2.907, 3.734, 4.264, 4.831, 4.873, 5.131, 5.631, 5.766, 6.187, 7.229, 7.83, 8.487, 8.655, 8.907, 10.194, 10.894, 10.479, 9.313, 8.378, 8.708, 8.728, 8.434, 8.009, 7.737, 7.168, 7.014, 6.953, 5.712, 4.436, 5.475, 7.097, 7.803, 8.654, 8.913, 8.982, 8.293, 6.395, 6.402, 6.829, 6.927, 7.527, 8.477], [6.019, 7.103, 7.526, 7.983, 8.448, 6.792, 3.82, 3.464, 4.083, 3.44, 3.037, 2.453, 2.211, 1.991, 2.035, 2.029, 1.99, 1.847, 1.815, 2.371, 2.068, 1.651, 1.423, 1.218, 1.222, 1.167, 1.406, 1.845, 1.702, 1.571, 1.967, 1.171, 0.0, 1.819, 3.815, 4.897, 4.764, 4.562, 4.119, 2.888, 1.593, 1.543, 1.419, 1.659, 2.111, 2.921, 3.737, 4.122, 4.149, 4.259, 4.831, 4.893, 5.378, 6.374, 7.026, 7.684, 7.87, 8.064, 9.347, 10.062, 9.639, 8.474, 7.547, 7.88, 7.901, 7.59, 7.156, 6.906, 6.318, 6.155, 6.139, 4.868, 3.553, 4.612, 6.189, 6.925, 7.79, 8.047, 8.118, 7.434, 5.537, 5.556, 5.947, 6.042, 6.632, 7.589], [7.05, 8.163, 8.691, 9.196, 9.683, 8.244, 5.123, 4.467, 5.115, 4.614, 4.107, 3.417, 2.927, 2.691, 2.682, 2.575, 2.33, 2.174, 2.172, 2.963, 2.601, 2.304, 2.181, 1.815, 2.177, 1.831, 1.336, 1.464, 1.694, 2.619, 3.371, 2.692, 1.819, 0.0, 2.256, 3.537, 3.38, 3.057, 2.666, 1.541, 1.621, 1.908, 1.61, 1.148, 1.166, 1.595, 2.431, 2.742, 2.949, 3.054, 3.591, 3.631, 3.96, 4.802, 5.35, 5.983, 6.157, 6.475, 7.635, 8.325, 7.911, 6.755, 5.832, 6.137, 6.141, 5.833, 5.422, 5.148, 4.578, 4.424, 4.367, 3.219, 2.601, 3.214, 4.594, 5.235, 6.09, 6.357, 6.435, 5.724, 3.916, 3.971, 4.383, 4.545, 4.997, 5.919], [9.014, 10.209, 10.857, 11.4, 11.781, 10.367, 7.239, 6.447, 7.18, 6.492, 6.071, 5.06, 4.313, 4.271, 4.201, 3.975, 3.859, 3.943, 3.971, 4.467, 4.382, 4.345, 4.101, 3.789, 4.125, 3.781, 2.971, 2.93, 3.394, 4.543, 5.387, 4.599, 3.815, 2.256, 0.0, 1.448, 1.314, 1.397, 1.183, 1.501, 3.134, 3.455, 3.108, 2.443, 2.144, 1.966, 1.618, 1.452, 1.661, 1.702, 1.776, 1.916, 2.194, 2.936, 3.452, 4.124, 4.222, 4.49, 5.693, 6.345, 5.939, 5.048, 4.423, 4.476, 4.348, 4.137, 3.788, 3.209, 2.839, 2.832, 2.827, 2.854, 3.18, 3.379, 4.099, 3.798, 4.324, 4.544, 4.574, 3.967, 3.209, 3.645, 3.764, 4.032, 4.222, 4.514], [10.29, 11.507, 12.136, 12.69, 13.094, 11.51, 8.538, 7.699, 8.426, 7.682, 7.317, 6.277, 5.505, 5.48, 5.316, 5.054, 5.023, 5.196, 5.233, 5.694, 5.607, 5.615, 5.359, 4.997, 5.369, 5.025, 4.164, 4.105, 4.644, 5.731, 6.516, 5.702, 4.897, 3.537, 1.448, 0.0, 0.754, 1.063, 1.223, 2.338, 4.134, 4.519, 4.196, 3.614, 3.286, 2.687, 2.027, 1.64, 1.582, 1.613, 1.343, 1.492, 1.524, 2.286, 2.744, 3.405, 3.337, 3.484, 4.845, 5.408, 5.053, 4.155, 3.79, 3.727, 3.505, 3.669, 3.117, 2.542, 2.752, 2.803, 2.738, 3.048, 3.802, 3.705, 4.264, 3.728, 4.079, 4.197, 4.027, 3.516, 3.337, 3.826, 3.878, 4.122, 4.088, 4.061], [10.154, 11.339, 11.997, 12.544, 12.931, 11.347, 8.392, 7.525, 8.267, 7.505, 7.151, 6.041, 5.406, 5.282, 5.214, 4.974, 4.873, 4.997, 5.035, 5.529, 5.445, 5.454, 5.195, 4.847, 5.204, 4.862, 4.019, 3.941, 4.476, 5.585, 6.357, 5.489, 4.764, 3.38, 1.314, 0.754, 0.0, 0.86, 1.083, 2.179, 3.947, 4.218, 4.025, 3.473, 3.1, 2.465, 1.771, 1.446, 1.408, 1.523, 1.245, 1.477, 1.504, 2.262, 2.719, 3.414, 3.445, 3.63, 4.952, 5.582, 5.164, 4.34, 3.883, 3.891, 3.702, 3.828, 3.296, 2.77, 2.888, 2.874, 2.809, 3.062, 3.805, 3.817, 4.326, 3.881, 4.221, 4.371, 4.263, 3.734, 3.355, 3.893, 3.901, 4.148, 4.141, 4.159], [9.835, 11.033, 11.679, 12.208, 12.582, 11.041, 8.043, 7.254, 7.942, 7.25, 6.939, 5.966, 5.325, 5.147, 5.06, 4.914, 4.715, 4.686, 4.751, 5.411, 5.203, 5.116, 4.942, 4.544, 4.915, 4.582, 3.839, 3.722, 4.262, 5.251, 6.089, 5.361, 4.562, 3.057, 1.397, 1.063, 0.86, 0.0, 0.775, 2.046, 3.679, 4.111, 3.737, 3.353, 3.012, 2.363, 1.575, 1.349, 1.38, 1.552, 1.519, 1.465, 1.428, 2.255, 2.758, 3.411, 3.561, 3.756, 5.072, 5.735, 5.321, 4.549, 4.08, 4.135, 3.926, 3.987, 3.454, 2.757, 2.861, 2.899, 2.845, 3.012, 3.713, 3.721, 4.321, 3.922, 4.323, 4.483, 4.286, 3.744, 3.326, 3.792, 3.824, 4.097, 4.179, 4.28], [9.435, 10.661, 11.275, 11.795, 12.163, 10.559, 7.631, 6.865, 7.544, 6.802, 6.482, 5.583, 4.926, 4.753, 4.68, 4.493, 4.322, 4.346, 4.383, 5.009, 4.813, 4.701, 4.51, 4.138, 4.507, 4.163, 3.374, 3.3, 3.831, 4.805, 5.608, 4.892, 4.119, 2.666, 1.183, 1.223, 1.083, 0.775, 0.0, 1.531, 3.197, 3.63, 3.25, 2.866, 2.654, 2.168, 1.495, 1.4, 1.374, 1.631, 1.518, 1.529, 1.57, 2.675, 3.137, 3.812, 3.933, 4.161, 5.484, 6.166, 5.739, 4.849, 4.316, 4.364, 4.208, 4.249, 3.696, 3.078, 2.951, 2.928, 2.923, 2.928, 3.397, 3.556, 4.239, 4.024, 4.559, 4.7, 4.575, 3.979, 3.327, 3.748, 3.868, 4.135, 4.327, 4.512], [8.117, 9.369, 9.966, 10.473, 10.866, 9.329, 6.323, 5.568, 6.241, 5.529, 5.13, 4.327, 3.645, 3.556, 3.488, 3.333, 3.183, 3.261, 3.238, 3.723, 3.586, 3.397, 3.214, 2.829, 3.233, 2.875, 2.072, 2.138, 2.567, 3.512, 4.365, 3.706, 2.888, 1.541, 1.501, 2.338, 2.179, 2.046, 1.531, 0.0, 2.206, 2.52, 2.037, 1.599, 1.501, 1.497, 1.585, 2.092, 2.15, 2.225, 2.497, 2.535, 2.821, 3.929, 4.338, 5.034, 5.101, 5.316, 6.613, 7.273, 6.862, 5.703, 4.87, 5.095, 5.098, 4.804, 4.41, 4.121, 3.65, 3.444, 3.447, 2.323, 2.331, 2.677, 3.833, 4.345, 5.143, 5.42, 5.486, 4.788, 3.07, 3.233, 3.53, 3.707, 4.095, 4.929], [6.606, 7.76, 8.314, 8.809, 9.213, 7.457, 4.609, 4.073, 4.715, 4.011, 3.651, 2.932, 2.468, 2.382, 2.347, 2.334, 2.234, 2.203, 2.196, 2.654, 2.365, 2.159, 1.874, 1.596, 1.697, 1.622, 1.298, 1.406, 1.527, 1.909, 2.592, 1.916, 1.593, 1.621, 3.134, 4.134, 3.947, 3.679, 3.197, 2.206, 0.0, 1.088, 0.91, 1.365, 1.798, 2.419, 2.942, 3.484, 3.549, 3.779, 4.271, 4.37, 4.629, 5.753, 6.248, 6.904, 7.04, 7.284, 8.593, 9.28, 8.86, 7.692, 6.767, 7.093, 7.101, 6.779, 6.376, 6.105, 5.525, 5.375, 5.383, 4.207, 3.046, 4.132, 5.61, 6.245, 7.08, 7.349, 7.42, 6.739, 4.835, 4.838, 5.254, 5.348, 5.939, 6.895], [6.406, 7.662, 8.204, 8.688, 9.104, 7.289, 4.469, 3.926, 4.579, 3.842, 3.447, 2.581, 2.155, 1.965, 2.015, 2.107, 2.033, 2.11, 2.091, 2.338, 2.189, 2.022, 1.754, 1.559, 1.39, 1.371, 1.236, 1.334, 1.715, 1.944, 2.353, 1.739, 1.543, 1.908, 3.455, 4.519, 4.218, 4.111, 3.63, 2.52, 1.088, 0.0, 0.872, 1.582, 1.856, 2.561, 3.238, 3.865, 4.003, 4.072, 4.448, 4.648, 4.996, 6.062, 6.587, 7.268, 7.372, 7.663, 8.945, 9.652, 9.235, 8.067, 7.136, 7.467, 7.486, 7.181, 6.745, 6.492, 5.924, 5.76, 5.737, 4.491, 3.394, 4.499, 5.999, 6.604, 7.453, 7.72, 7.78, 7.09, 5.214, 5.241, 5.622, 5.711, 6.302, 7.248], [6.288, 7.55, 8.128, 8.624, 9.028, 7.369, 4.452, 3.809, 4.452, 3.749, 3.373, 2.689, 2.183, 2.022, 1.999, 1.943, 1.843, 1.956, 1.947, 2.209, 2.053, 1.836, 1.541, 1.354, 1.444, 1.355, 1.02, 1.101, 1.4, 1.74, 2.523, 1.942, 1.419, 1.61, 3.108, 4.196, 4.025, 3.737, 3.25, 2.037, 0.91, 0.872, 0.0, 1.216, 1.611, 2.288, 3.102, 3.643, 3.772, 3.845, 4.227, 4.327, 4.57, 5.695, 6.153, 6.83, 6.943, 7.173, 8.483, 9.196, 8.776, 7.609, 6.713, 7.01, 7.017, 6.692, 6.274, 6.025, 5.422, 5.264, 5.26, 4.007, 2.886, 4.05, 5.482, 6.108, 6.959, 7.229, 7.305, 6.604, 4.723, 4.741, 5.129, 5.218, 5.809, 6.765], [6.746, 7.99, 8.596, 9.112, 9.493, 8.05, 4.975, 4.206, 4.898, 4.225, 3.81, 2.978, 2.421, 2.309, 2.307, 2.1, 2.085, 2.14, 2.107, 2.479, 2.285, 2.129, 1.949, 1.613, 1.985, 1.702, 1.032, 1.157, 1.245, 2.256, 3.085, 2.429, 1.659, 1.148, 2.443, 3.614, 3.473, 3.353, 2.866, 1.599, 1.365, 1.582, 1.216, 0.0, 1.009, 1.709, 2.804, 3.232, 3.478, 3.393, 3.741, 3.837, 4.133, 5.157, 5.578, 6.274, 6.333, 6.585, 7.843, 8.528, 8.135, 6.959, 6.042, 6.341, 6.358, 6.027, 5.612, 5.358, 4.757, 4.607, 4.602, 3.4, 2.374, 3.422, 4.83, 5.449, 6.289, 6.561, 6.64, 5.95, 4.042, 4.086, 4.463, 4.562, 5.146, 6.1], [7.181, 8.387, 9.032, 9.554, 9.921, 8.564, 5.37, 4.563, 5.312, 4.73, 4.305, 3.338, 2.661, 2.56, 2.482, 2.282, 2.244, 2.298, 2.286, 2.701, 2.526, 2.466, 2.217, 2.026, 2.298, 2.044, 1.381, 1.342, 1.597, 2.838, 3.597, 2.907, 2.111, 1.166, 2.144, 3.286, 3.1, 3.012, 2.654, 1.501, 1.798, 1.856, 1.611, 1.009, 0.0, 1.192, 2.532, 2.948, 3.232, 3.16, 3.349, 3.471, 3.871, 4.702, 5.167, 5.784, 5.913, 6.242, 7.438, 8.072, 7.678, 6.52, 5.543, 5.877, 5.89, 5.568, 5.168, 4.889, 4.312, 4.148, 4.127, 3.043, 2.172, 3.011, 4.428, 4.932, 5.758, 6.037, 6.102, 5.435, 3.528, 3.567, 3.965, 4.072, 4.624, 5.574], [7.85, 9.038, 9.692, 10.265, 10.711, 9.416, 6.223, 5.239, 6.023, 5.569, 5.061, 3.957, 3.442, 3.265, 3.135, 2.895, 2.654, 2.849, 2.858, 3.29, 3.165, 3.275, 3.096, 2.854, 3.175, 2.858, 2.095, 1.917, 2.215, 3.635, 4.493, 3.734, 2.921, 1.595, 1.966, 2.687, 2.465, 2.363, 2.168, 1.497, 2.419, 2.561, 2.288, 1.709, 1.192, 0.0, 2.013, 2.546, 2.714, 2.724, 2.801, 3.008, 3.364, 4.01, 4.462, 5.043, 5.132, 5.526, 6.623, 7.298, 6.884, 5.766, 4.787, 5.111, 5.128, 4.821, 4.427, 4.152, 3.642, 3.508, 3.608, 2.712, 2.11, 2.777, 4.074, 4.507, 5.187, 5.469, 5.562, 4.913, 3.042, 3.018, 3.399, 3.516, 4.019, 4.897], [9.204, 10.466, 10.964, 11.429, 11.872, 9.974, 7.214, 6.724, 7.348, 6.695, 6.264, 5.462, 4.824, 4.655, 4.599, 4.439, 4.181, 4.171, 4.243, 4.908, 4.666, 4.489, 4.316, 3.899, 4.001, 3.883, 3.111, 3.24, 3.737, 4.322, 4.946, 4.264, 3.737, 2.431, 1.618, 2.027, 1.771, 1.575, 1.495, 1.585, 2.942, 3.238, 3.102, 2.804, 2.532, 2.013, 0.0, 1.275, 1.387, 1.543, 1.975, 2.225, 2.361, 3.35, 3.863, 4.53, 4.63, 4.864, 6.148, 6.774, 6.357, 5.262, 4.472, 4.645, 4.699, 4.397, 3.996, 3.777, 3.429, 3.397, 3.475, 3.135, 3.617, 3.815, 4.468, 4.423, 5.0, 5.297, 5.321, 4.725, 3.505, 3.812, 3.864, 4.122, 4.275, 4.68], [9.545, 10.72, 11.223, 11.726, 12.12, 10.52, 7.518, 7.02, 7.623, 6.925, 6.583, 5.879, 5.308, 5.074, 4.928, 4.762, 4.569, 4.432, 4.51, 5.313, 4.975, 4.752, 4.571, 4.16, 4.464, 4.206, 3.703, 3.696, 4.183, 4.763, 5.508, 4.831, 4.122, 2.742, 1.452, 1.64, 1.446, 1.349, 1.4, 2.092, 3.484, 3.865, 3.643, 3.232, 2.948, 2.546, 1.275, 0.0, 0.78, 1.021, 1.364, 1.578, 1.739, 2.533, 3.13, 3.753, 3.936, 4.196, 5.467, 6.18, 5.75, 4.819, 4.312, 4.318, 4.156, 4.059, 3.512, 3.136, 3.036, 3.144, 3.097, 3.354, 4.007, 4.092, 4.546, 3.977, 4.396, 4.659, 4.62, 4.079, 3.59, 4.099, 4.085, 4.374, 4.372, 4.429], [9.863, 11.0, 11.401, 11.892, 12.335, 10.606, 7.693, 7.319, 7.932, 7.204, 6.885, 6.144, 5.556, 5.283, 5.196, 5.075, 4.87, 4.737, 4.814, 5.632, 5.308, 5.065, 4.875, 4.436, 4.777, 4.455, 3.88, 3.96, 4.48, 4.875, 5.608, 4.873, 4.149, 2.949, 1.661, 1.582, 1.408, 1.38, 1.374, 2.15, 3.549, 4.003, 3.772, 3.478, 3.232, 2.714, 1.387, 0.78, 0.0, 1.057, 1.328, 1.388, 1.594, 2.559, 3.15, 3.776, 3.934, 4.137, 5.503, 6.217, 5.791, 4.841, 4.325, 4.327, 4.225, 4.113, 3.578, 3.289, 3.306, 3.229, 3.2, 3.455, 4.219, 4.301, 4.667, 4.117, 4.588, 4.821, 4.834, 4.209, 3.75, 4.3, 4.244, 4.56, 4.539, 4.592], [9.816, 11.04, 11.57, 12.085, 12.468, 10.898, 7.907, 7.273, 7.917, 7.212, 6.865, 6.092, 5.512, 5.209, 5.127, 4.951, 4.825, 4.772, 4.816, 5.499, 5.226, 5.068, 4.893, 4.462, 4.816, 4.466, 3.878, 3.877, 4.355, 5.127, 5.909, 5.131, 4.259, 3.054, 1.702, 1.613, 1.523, 1.552, 1.631, 2.225, 3.779, 4.072, 3.845, 3.393, 3.16, 2.724, 1.543, 1.021, 1.057, 0.0, 0.946, 1.232, 1.483, 2.419, 2.988, 3.652, 3.808, 4.001, 5.344, 6.062, 5.629, 4.635, 4.13, 4.157, 4.166, 4.115, 3.548, 3.335, 3.3, 3.345, 3.338, 3.567, 4.145, 4.298, 4.754, 4.193, 4.668, 4.887, 4.908, 4.368, 3.771, 4.333, 4.345, 4.658, 4.512, 4.49], [10.332, 11.551, 12.172, 12.711, 13.092, 11.486, 8.536, 7.73, 8.45, 7.688, 7.34, 6.317, 5.74, 5.516, 5.406, 5.221, 5.117, 5.227, 5.265, 5.804, 5.671, 5.614, 5.358, 5.005, 5.332, 5.014, 4.26, 4.171, 4.694, 5.703, 6.486, 5.631, 4.831, 3.591, 1.776, 1.343, 1.245, 1.519, 1.518, 2.497, 4.271, 4.448, 4.227, 3.741, 3.349, 2.801, 1.975, 1.364, 1.328, 0.946, 0.0, 0.769, 1.074, 1.957, 2.47, 3.196, 3.304, 3.452, 4.822, 5.527, 5.101, 4.145, 3.713, 3.756, 3.765, 3.951, 3.337, 3.07, 3.305, 3.215, 3.157, 3.552, 4.168, 4.304, 4.712, 4.116, 4.495, 4.668, 4.646, 4.109, 3.745, 4.371, 4.322, 4.639, 4.458, 4.383], [10.352, 11.625, 12.167, 12.672, 13.075, 11.503, 8.516, 7.817, 8.481, 7.756, 7.405, 6.53, 5.904, 5.675, 5.598, 5.354, 5.309, 5.357, 5.385, 5.919, 5.759, 5.633, 5.414, 5.026, 5.384, 5.036, 4.335, 4.216, 4.786, 5.723, 6.505, 5.766, 4.893, 3.631, 1.916, 1.492, 1.477, 1.465, 1.529, 2.535, 4.37, 4.648, 4.327, 3.837, 3.471, 3.008, 2.225, 1.578, 1.388, 1.232, 0.769, 0.0, 0.793, 1.778, 2.263, 2.958, 3.135, 3.288, 4.619, 5.333, 4.901, 3.975, 3.638, 3.656, 3.605, 3.79, 3.26, 2.885, 3.246, 3.103, 3.048, 3.493, 4.109, 4.218, 4.622, 3.905, 4.27, 4.411, 4.405, 3.843, 3.614, 4.279, 4.232, 4.546, 4.327, 4.209], [10.627, 11.876, 12.459, 12.972, 13.384, 11.775, 8.846, 8.07, 8.746, 8.004, 7.685, 6.89, 6.281, 6.034, 5.943, 5.69, 5.6, 5.622, 5.647, 6.205, 6.019, 5.917, 5.741, 5.332, 5.773, 5.41, 4.72, 4.489, 5.062, 6.003, 6.808, 6.187, 5.378, 3.96, 2.194, 1.524, 1.504, 1.428, 1.57, 2.821, 4.629, 4.996, 4.57, 4.133, 3.871, 3.364, 2.361, 1.739, 1.594, 1.483, 1.074, 0.793, 0.0, 1.313, 1.785, 2.494, 2.688, 2.849, 4.179, 4.91, 4.471, 3.602, 3.363, 3.337, 3.293, 3.615, 3.072, 2.632, 3.196, 2.976, 3.001, 3.517, 4.455, 4.28, 4.498, 3.773, 4.118, 4.232, 4.078, 3.546, 3.661, 4.198, 4.142, 4.461, 4.212, 4.04], [11.409, 12.58, 13.23, 13.839, 14.326, 12.942, 9.788, 8.816, 9.599, 9.04, 8.613, 7.563, 7.026, 6.71, 6.632, 6.302, 6.164, 6.197, 6.274, 6.848, 6.756, 6.847, 6.665, 6.351, 6.759, 6.36, 5.67, 5.381, 5.813, 7.116, 7.944, 7.229, 6.374, 4.802, 2.936, 2.286, 2.262, 2.255, 2.675, 3.929, 5.753, 6.062, 5.695, 5.157, 4.702, 4.01, 3.35, 2.533, 2.559, 2.419, 1.957, 1.778, 1.313, 0.0, 0.853, 1.487, 1.825, 1.957, 3.052, 3.767, 3.351, 2.655, 2.888, 2.889, 2.676, 3.178, 2.677, 2.527, 3.209, 3.135, 3.249, 3.85, 5.034, 4.761, 4.375, 3.471, 3.661, 3.779, 3.521, 3.026, 4.102, 4.23, 4.066, 4.436, 4.125, 3.874], [11.929, 13.085, 13.741, 14.342, 14.76, 13.378, 10.322, 9.302, 10.079, 9.532, 9.047, 8.093, 7.514, 7.29, 7.136, 6.822, 6.626, 6.731, 6.812, 7.229, 7.255, 7.338, 7.182, 6.854, 7.309, 6.968, 6.174, 5.84, 6.265, 7.563, 8.441, 7.83, 7.026, 5.35, 3.452, 2.744, 2.719, 2.758, 3.137, 4.338, 6.248, 6.587, 6.153, 5.578, 5.167, 4.462, 3.863, 3.13, 3.15, 2.988, 2.47, 2.263, 1.785, 0.853, 0.0, 0.951, 1.288, 1.296, 2.544, 3.223, 2.818, 2.351, 3.027, 2.928, 2.631, 3.089, 2.803, 2.7, 3.437, 3.349, 3.483, 4.091, 5.299, 5.068, 4.565, 3.526, 3.5, 3.589, 3.318, 3.059, 4.338, 4.451, 4.247, 4.634, 4.3, 3.939], [12.388, 13.548, 14.208, 14.852, 15.315, 14.001, 10.899, 9.781, 10.574, 10.175, 9.693, 8.736, 8.094, 7.865, 7.734, 7.355, 7.196, 7.251, 7.302, 7.705, 7.747, 7.865, 7.789, 7.534, 7.978, 7.632, 6.846, 6.477, 6.747, 8.235, 9.119, 8.487, 7.684, 5.983, 4.124, 3.405, 3.414, 3.411, 3.812, 5.034, 6.904, 7.268, 6.83, 6.274, 5.784, 5.043, 4.53, 3.753, 3.776, 3.652, 3.196, 2.958, 2.494, 1.487, 0.951, 0.0, 0.807, 1.036, 1.977, 2.648, 2.233, 2.428, 3.325, 3.12, 2.807, 3.322, 3.119, 3.065, 3.835, 3.766, 3.843, 4.512, 5.742, 5.458, 4.904, 3.771, 3.426, 3.411, 3.267, 3.267, 4.716, 4.762, 4.557, 4.949, 4.597, 4.188], [12.615, 13.779, 14.448, 15.067, 15.467, 14.156, 11.083, 9.991, 10.774, 10.325, 9.824, 8.894, 8.181, 8.04, 7.823, 7.43, 7.346, 7.446, 7.53, 7.911, 7.952, 8.058, 7.95, 7.694, 8.139, 7.808, 6.971, 6.619, 6.938, 8.392, 9.27, 8.655, 7.87, 6.157, 4.222, 3.337, 3.445, 3.561, 3.933, 5.101, 7.04, 7.372, 6.943, 6.333, 5.913, 5.132, 4.63, 3.936, 3.934, 3.808, 3.304, 3.135, 2.688, 1.825, 1.288, 0.807, 0.0, 0.851, 2.026, 2.718, 2.398, 2.597, 3.446, 3.223, 2.922, 3.471, 3.294, 3.243, 4.017, 3.959, 3.917, 4.494, 5.725, 5.569, 5.073, 3.915, 3.494, 3.51, 3.348, 3.45, 4.79, 4.943, 4.754, 5.129, 4.753, 4.304], [13.043, 14.207, 14.864, 15.474, 15.888, 14.431, 11.453, 10.414, 11.2, 10.592, 10.122, 9.194, 8.541, 8.408, 8.181, 7.787, 7.688, 7.841, 7.929, 8.311, 8.344, 8.451, 8.281, 7.966, 8.392, 8.035, 7.198, 6.93, 7.365, 8.629, 9.516, 8.907, 8.064, 6.475, 4.49, 3.484, 3.63, 3.756, 4.161, 5.316, 7.284, 7.663, 7.173, 6.585, 6.242, 5.526, 4.864, 4.196, 4.137, 4.001, 3.452, 3.288, 2.849, 1.957, 1.296, 1.036, 0.851, 0.0, 1.813, 2.672, 2.264, 2.695, 3.528, 3.463, 3.105, 3.615, 3.377, 3.369, 4.111, 4.1, 4.155, 4.81, 6.009, 5.739, 5.142, 4.081, 3.75, 3.675, 3.49, 3.523, 5.032, 5.023, 4.854, 5.239, 4.898, 4.519], [13.871, 14.962, 15.735, 16.509, 16.985, 15.7, 12.569, 11.283, 12.197, 11.849, 11.318, 10.324, 9.615, 9.494, 9.304, 8.814, 8.753, 8.745, 8.822, 9.155, 9.297, 9.492, 9.448, 9.223, 9.642, 9.286, 8.449, 8.141, 8.325, 9.944, 10.835, 10.194, 9.347, 7.635, 5.693, 4.845, 4.952, 5.072, 5.484, 6.613, 8.593, 8.945, 8.483, 7.843, 7.438, 6.623, 6.148, 5.467, 5.503, 5.344, 4.822, 4.619, 4.179, 3.052, 2.544, 1.977, 2.026, 1.813, 0.0, 1.182, 1.055, 2.239, 2.983, 2.797, 2.673, 3.141, 3.18, 3.323, 4.077, 4.11, 4.281, 5.082, 6.464, 5.906, 4.751, 3.668, 3.163, 3.193, 2.936, 3.39, 5.171, 5.091, 4.594, 4.994, 4.573, 3.981], [14.465, 15.592, 16.413, 17.186, 17.676, 16.408, 13.252, 11.944, 12.879, 12.542, 12.006, 11.002, 10.238, 10.164, 9.988, 9.476, 9.411, 9.404, 9.462, 9.826, 9.97, 10.166, 10.133, 9.914, 10.337, 9.976, 9.133, 8.807, 9.002, 10.645, 11.541, 10.894, 10.062, 8.325, 6.345, 5.408, 5.582, 5.735, 6.166, 7.273, 9.28, 9.652, 9.196, 8.528, 8.072, 7.298, 6.774, 6.18, 6.217, 6.062, 5.527, 5.333, 4.91, 3.767, 3.223, 2.648, 2.718, 2.672, 1.182, 0.0, 0.84, 2.087, 3.011, 2.662, 2.629, 3.007, 3.406, 3.545, 4.223, 4.206, 4.356, 5.52, 6.926, 6.143, 4.89, 3.846, 3.233, 3.117, 2.858, 3.457, 5.321, 5.27, 4.775, 5.053, 4.683, 3.858], [14.06, 15.189, 15.989, 16.784, 17.267, 15.993, 12.842, 11.544, 12.471, 12.129, 11.591, 10.591, 9.83, 9.755, 9.573, 9.073, 9.007, 9.006, 9.054, 9.422, 9.574, 9.759, 9.724, 9.505, 9.924, 9.562, 8.724, 8.41, 8.599, 10.231, 11.127, 10.479, 9.639, 7.911, 5.939, 5.053, 5.164, 5.321, 5.739, 6.862, 8.86, 9.235, 8.776, 8.135, 7.678, 6.884, 6.357, 5.75, 5.791, 5.629, 5.101, 4.901, 4.471, 3.351, 2.818, 2.233, 2.398, 2.264, 1.055, 0.84, 0.0, 1.885, 2.771, 2.606, 2.464, 2.84, 3.22, 3.275, 3.928, 3.928, 4.092, 5.15, 6.627, 5.92, 4.696, 3.617, 2.944, 2.749, 2.575, 3.068, 4.92, 4.861, 4.481, 4.795, 4.498, 3.776], [12.934, 14.044, 14.851, 15.64, 16.115, 14.829, 11.692, 10.409, 11.327, 10.969, 10.446, 9.446, 8.676, 8.614, 8.43, 7.923, 7.877, 7.865, 7.917, 8.277, 8.432, 8.606, 8.574, 8.342, 8.768, 8.411, 7.56, 7.249, 7.459, 9.067, 9.96, 9.313, 8.474, 6.755, 5.048, 4.155, 4.34, 4.549, 4.849, 5.703, 7.692, 8.067, 7.609, 6.959, 6.52, 5.766, 5.262, 4.819, 4.841, 4.635, 4.145, 3.975, 3.602, 2.655, 2.351, 2.428, 2.597, 2.695, 2.239, 2.087, 1.885, 0.0, 1.535, 1.25, 1.3, 1.639, 1.62, 2.07, 2.588, 2.665, 2.782, 3.89, 5.282, 4.418, 3.188, 2.391, 2.346, 2.299, 2.211, 2.395, 3.815, 3.741, 3.156, 3.183, 2.922, 2.356], [12.05, 13.13, 13.921, 14.72, 15.225, 13.961, 10.744, 9.492, 10.429, 10.097, 9.552, 8.486, 7.713, 7.641, 7.467, 6.955, 6.893, 6.873, 6.922, 7.347, 7.492, 7.674, 7.639, 7.436, 7.817, 7.46, 6.615, 6.312, 6.555, 8.187, 9.077, 8.378, 7.547, 5.832, 4.423, 3.79, 3.883, 4.08, 4.316, 4.87, 6.767, 7.136, 6.713, 6.042, 5.543, 4.787, 4.472, 4.312, 4.325, 4.13, 3.713, 3.638, 3.363, 2.888, 3.027, 3.325, 3.446, 3.528, 2.983, 3.011, 2.771, 1.535, 0.0, 1.022, 1.468, 1.528, 1.347, 2.036, 2.226, 2.156, 2.299, 3.035, 4.369, 3.505, 2.265, 1.98, 2.39, 2.411, 2.384, 2.584, 2.964, 2.821, 2.226, 2.379, 2.107, 1.791], [12.264, 13.391, 14.195, 14.989, 15.481, 14.216, 11.051, 9.755, 10.68, 10.353, 9.812, 8.817, 8.044, 7.979, 7.801, 7.29, 7.236, 7.217, 7.282, 7.637, 7.781, 7.966, 7.942, 7.721, 8.144, 7.789, 6.945, 6.613, 6.805, 8.454, 9.35, 8.708, 7.88, 6.137, 4.476, 3.727, 3.891, 4.135, 4.364, 5.095, 7.093, 7.467, 7.01, 6.341, 5.877, 5.111, 4.645, 4.318, 4.327, 4.157, 3.756, 3.656, 3.337, 2.889, 2.928, 3.12, 3.223, 3.463, 2.797, 2.662, 2.606, 1.25, 1.022, 0.0, 1.061, 1.358, 1.1, 1.84, 2.118, 2.095, 2.232, 3.262, 4.642, 3.824, 2.47, 1.866, 2.091, 2.183, 2.171, 2.42, 3.219, 3.102, 2.544, 2.677, 2.222, 1.533], [12.273, 13.401, 14.216, 15.003, 15.496, 14.22, 11.076, 9.764, 10.701, 10.372, 9.833, 8.821, 8.077, 8.014, 7.837, 7.318, 7.24, 7.228, 7.296, 7.641, 7.776, 7.98, 7.953, 7.728, 8.151, 7.796, 6.951, 6.616, 6.816, 8.46, 9.357, 8.728, 7.901, 6.141, 4.348, 3.505, 3.702, 3.926, 4.208, 5.098, 7.101, 7.486, 7.017, 6.358, 5.89, 5.128, 4.699, 4.156, 4.225, 4.166, 3.765, 3.605, 3.293, 2.676, 2.631, 2.807, 2.922, 3.105, 2.673, 2.629, 2.464, 1.3, 1.468, 1.061, 0.0, 1.021, 1.182, 1.664, 2.206, 2.158, 2.354, 3.41, 4.741, 4.011, 2.717, 1.542, 1.698, 1.767, 1.695, 2.119, 3.369, 3.253, 2.5, 2.802, 2.315, 1.692], [11.911, 13.033, 13.849, 14.647, 15.137, 13.887, 10.733, 9.404, 10.346, 10.048, 9.503, 8.529, 7.763, 7.705, 7.539, 7.008, 6.922, 6.867, 6.917, 7.258, 7.428, 7.632, 7.629, 7.407, 7.824, 7.468, 6.623, 6.285, 6.458, 8.13, 9.032, 8.434, 7.59, 5.833, 4.137, 3.669, 3.828, 3.987, 4.249, 4.804, 6.779, 7.181, 6.692, 6.027, 5.568, 4.821, 4.397, 4.059, 4.113, 4.115, 3.951, 3.79, 3.615, 3.178, 3.089, 3.322, 3.471, 3.615, 3.141, 3.007, 2.84, 1.639, 1.528, 1.358, 1.021, 0.0, 1.056, 1.734, 1.783, 1.738, 1.933, 2.935, 4.225, 3.459, 2.124, 1.205, 1.349, 1.478, 1.489, 1.791, 2.822, 2.751, 2.006, 2.201, 1.797, 1.3], [11.618, 12.704, 13.488, 14.27, 14.758, 13.485, 10.333, 9.039, 9.967, 9.635, 9.099, 8.11, 7.361, 7.275, 7.099, 6.553, 6.521, 6.501, 6.561, 6.905, 7.052, 7.252, 7.223, 6.992, 7.415, 7.062, 6.22, 5.885, 6.093, 7.728, 8.62, 8.009, 7.156, 5.422, 3.788, 3.117, 3.296, 3.454, 3.696, 4.41, 6.376, 6.745, 6.274, 5.612, 5.168, 4.427, 3.996, 3.512, 3.578, 3.548, 3.33