[[0.0, 1.009, 1.359, 1.612, 1.395, 1.702, 1.853, 2.391, 2.416, 2.821, 3.557, 4.531, 5.322, 6.274, 7.242, 5.923, 2.101, 1.621, 2.139, 2.272, 2.559, 2.795, 2.905, 3.094, 3.385, 3.668, 3.683, 3.032, 2.922, 3.297, 4.107, 4.404, 4.051, 4.334, 4.694, 4.861, 4.714, 5.466, 5.26, 4.595, 3.84, 3.49, 3.649, 3.515, 3.281, 3.021, 3.073, 3.502, 4.105, 4.121, 2.417, 3.177, 4.306, 4.431, 4.786, 4.9, 4.678, 4.862, 4.999, 5.079, 5.043, 4.517, 4.317, 4.729, 4.894, 4.774, 5.15, 5.314, 5.247, 4.599, 5.201, 7.061, 7.246, 7.025, 6.108, 6.3, 7.313, 11.239, 13.209, 13.547, 12.648, 12.309, 12.339, 11.978, 11.785, 11.826], [1.009, 0.0, 0.682, 1.046, 1.006, 1.456, 1.535, 2.165, 2.217, 2.683, 3.219, 4.035, 4.827, 5.513, 6.481, 5.163, 1.711, 2.284, 2.972, 2.886, 3.169, 3.343, 3.679, 3.617, 3.946, 4.24, 4.234, 3.758, 3.506, 3.832, 4.59, 4.926, 4.606, 4.906, 5.254, 5.518, 5.307, 6.175, 5.992, 5.281, 4.574, 4.205, 4.376, 4.216, 3.97, 3.724, 3.77, 4.165, 4.735, 4.772, 3.191, 3.503, 4.562, 4.631, 5.002, 5.077, 4.961, 4.996, 5.213, 5.343, 5.284, 4.869, 4.651, 5.317, 5.411, 5.369, 5.435, 5.642, 5.589, 4.935, 5.682, 7.769, 7.987, 7.796, 6.882, 7.041, 8.085, 11.95, 13.938, 14.255, 13.362, 13.015, 13.045, 12.684, 12.491, 12.546], [1.359, 0.682, 0.0, 0.77, 0.971, 1.38, 1.584, 2.21, 2.368, 2.719, 3.234, 4.009, 4.789, 5.374, 6.299, 4.981, 1.734, 2.646, 3.309, 3.279, 3.691, 3.811, 4.008, 4.049, 4.406, 4.7, 4.648, 4.151, 3.931, 4.238, 4.895, 5.207, 4.832, 5.14, 5.504, 5.719, 5.541, 6.392, 6.22, 5.493, 4.801, 4.421, 4.628, 4.483, 4.225, 4.003, 3.995, 4.408, 5.012, 4.972, 3.503, 3.915, 4.804, 4.879, 5.254, 5.306, 5.255, 5.199, 5.45, 5.697, 5.587, 5.345, 5.052, 5.78, 5.846, 5.848, 5.815, 5.991, 5.978, 5.262, 5.934, 7.987, 8.237, 8.023, 7.099, 7.305, 8.244, 12.234, 14.18, 14.477, 13.633, 13.294, 13.324, 12.963, 12.77, 12.807], [1.612, 1.046, 0.77, 0.0, 0.798, 1.193, 1.756, 2.431, 2.675, 2.938, 3.422, 3.997, 4.719, 5.202, 6.168, 4.85, 1.919, 3.018, 3.622, 3.672, 4.017, 4.106, 4.166, 4.369, 4.723, 5.01, 4.967, 4.421, 4.24, 4.487, 5.218, 5.42, 5.04, 5.298, 5.706, 5.801, 5.677, 6.375, 6.212, 5.483, 4.793, 4.404, 4.631, 4.518, 4.251, 4.041, 4.053, 4.491, 5.059, 5.012, 3.681, 4.34, 5.146, 5.212, 5.59, 5.637, 5.584, 5.503, 5.782, 6.042, 5.921, 5.669, 5.381, 6.106, 6.16, 6.167, 6.169, 6.348, 6.338, 5.605, 6.137, 7.961, 8.279, 8.093, 7.179, 7.345, 8.375, 12.257, 14.215, 14.485, 13.643, 13.304, 13.335, 12.973, 12.781, 12.89], [1.395, 1.006, 0.971, 0.798, 0.0, 1.215, 1.699, 2.371, 2.754, 2.952, 3.556, 4.303, 5.034, 5.833, 6.8, 5.482, 2.052, 2.766, 3.3, 3.384, 3.679, 3.88, 3.935, 4.137, 4.504, 4.802, 4.728, 4.2, 4.015, 4.239, 4.937, 5.128, 4.71, 4.93, 5.454, 5.532, 5.299, 5.845, 5.632, 4.979, 4.209, 3.854, 4.0, 3.844, 3.638, 3.367, 3.496, 3.917, 4.497, 4.498, 3.437, 4.132, 5.035, 5.104, 5.48, 5.525, 5.48, 5.398, 5.688, 5.928, 5.822, 5.459, 5.191, 5.896, 5.939, 5.957, 6.004, 6.214, 6.173, 5.495, 5.738, 7.432, 7.647, 7.473, 6.591, 6.739, 7.75, 11.646, 13.579, 13.918, 13.006, 12.647, 12.677, 12.316, 12.123, 12.206], [1.702, 1.456, 1.38, 1.193, 1.215, 0.0, 1.262, 2.098, 2.435, 2.641, 2.913, 3.491, 4.248, 5.146, 6.114, 4.796, 1.931, 2.723, 3.27, 3.278, 3.611, 3.738, 3.944, 4.038, 4.414, 4.682, 4.646, 4.066, 3.899, 4.144, 5.105, 5.333, 4.887, 5.169, 5.629, 5.773, 5.582, 6.361, 6.172, 5.448, 4.766, 4.432, 4.579, 4.513, 4.42, 4.227, 4.248, 4.809, 5.342, 5.184, 3.548, 3.886, 4.656, 4.769, 5.1, 5.113, 5.132, 4.93, 5.307, 5.607, 5.483, 5.283, 5.103, 5.719, 5.912, 5.788, 5.74, 5.907, 5.9, 5.164, 6.019, 7.956, 8.322, 8.147, 7.233, 7.399, 8.429, 12.293, 14.22, 14.501, 13.598, 13.259, 13.289, 12.928, 12.752, 12.899], [1.853, 1.535, 1.584, 1.756, 1.699, 1.262, 0.0, 1.104, 1.427, 1.631, 2.171, 3.019, 3.802, 4.713, 5.68, 4.386, 1.274, 2.424, 3.337, 3.107, 3.188, 3.41, 3.83, 3.788, 3.78, 4.135, 4.077, 3.582, 3.463, 3.988, 4.942, 5.267, 4.885, 5.226, 5.722, 6.092, 5.657, 6.542, 6.483, 5.675, 5.003, 4.653, 4.882, 4.851, 4.764, 4.555, 4.64, 5.176, 5.662, 5.427, 3.546, 3.155, 3.647, 3.717, 4.221, 4.132, 4.102, 4.029, 4.32, 4.593, 4.491, 4.417, 4.677, 4.907, 5.283, 4.955, 4.868, 4.886, 4.875, 4.515, 6.322, 8.239, 8.756, 8.581, 7.667, 7.833, 8.863, 12.736, 14.591, 14.74, 14.026, 13.592, 13.622, 13.333, 13.162, 13.326], [2.391, 2.165, 2.21, 2.431, 2.371, 2.098, 1.104, 0.0, 0.959, 0.95, 1.776, 2.558, 3.265, 4.187, 5.171, 4.198, 1.49, 2.854, 3.853, 3.62, 3.593, 3.882, 4.283, 4.252, 4.086, 4.357, 4.195, 3.741, 3.773, 4.384, 5.117, 5.732, 5.254, 5.602, 6.209, 6.585, 6.057, 6.865, 6.96, 6.162, 5.446, 5.093, 5.269, 5.243, 5.082, 4.947, 5.023, 5.544, 6.006, 5.811, 3.927, 3.14, 3.422, 3.531, 3.765, 3.62, 3.521, 3.51, 3.576, 4.131, 4.116, 4.301, 4.879, 5.153, 5.557, 5.156, 4.783, 4.464, 4.456, 4.663, 6.729, 8.726, 9.293, 9.118, 8.204, 8.37, 9.4, 13.264, 15.118, 15.277, 14.513, 14.06, 14.095, 13.807, 13.666, 13.863], [2.416, 2.217, 2.368, 2.675, 2.754, 2.435, 1.427, 0.959, 0.0, 1.066, 1.765, 2.655, 3.383, 4.324, 5.309, 4.143, 1.902, 2.765, 3.767, 3.536, 3.516, 3.796, 4.197, 4.192, 4.022, 4.281, 4.129, 3.66, 3.651, 4.299, 5.058, 5.645, 5.154, 5.506, 6.077, 6.499, 5.971, 6.788, 6.874, 6.07, 5.293, 4.996, 5.134, 5.087, 4.995, 4.863, 4.904, 5.424, 5.89, 5.7, 3.822, 2.852, 3.479, 3.623, 3.886, 3.689, 3.448, 3.882, 3.547, 4.017, 4.061, 4.228, 4.827, 5.114, 5.471, 5.033, 4.694, 4.375, 4.459, 4.605, 6.604, 8.586, 9.207, 9.032, 8.118, 8.284, 9.314, 13.177, 15.028, 15.192, 14.36, 13.933, 13.998, 13.71, 13.581, 13.777], [2.821, 2.683, 2.719, 2.938, 2.952, 2.641, 1.631, 0.95, 1.066, 0.0, 1.247, 2.134, 2.829, 3.867, 4.872, 3.842, 1.504, 3.279, 4.281, 4.047, 4.021, 4.314, 4.714, 4.691, 4.553, 4.863, 4.719, 4.273, 4.245, 4.811, 5.522, 6.163, 5.726, 6.074, 6.671, 7.035, 6.532, 7.411, 7.42, 6.625, 5.909, 5.561, 5.737, 5.692, 5.515, 5.366, 5.425, 5.932, 6.393, 6.198, 4.336, 3.262, 3.624, 3.776, 4.047, 3.696, 3.578, 3.595, 3.474, 4.111, 4.352, 4.721, 5.356, 5.604, 5.985, 5.647, 5.203, 4.762, 4.882, 4.941, 7.191, 9.189, 9.721, 9.546, 8.632, 8.798, 9.828, 13.691, 15.551, 15.705, 14.976, 14.527, 14.563, 14.275, 14.112, 14.291], [3.557, 3.219, 3.234, 3.422, 3.556, 2.913, 2.171, 1.776, 1.765, 1.247, 0.0, 1.345, 2.124, 2.982, 4.001, 3.024, 1.914, 4.217, 5.218, 4.985, 4.958, 5.248, 5.655, 5.646, 5.502, 5.744, 5.624, 5.146, 5.153, 5.76, 6.565, 7.097, 6.635, 6.968, 7.554, 7.951, 7.416, 8.252, 8.325, 7.52, 6.791, 6.443, 6.615, 6.566, 6.425, 6.31, 6.35, 6.823, 7.283, 7.136, 5.273, 4.079, 4.539, 4.711, 5.011, 4.684, 4.547, 4.549, 4.36, 5.12, 5.41, 5.778, 6.294, 6.553, 6.922, 6.521, 6.231, 5.825, 5.822, 5.844, 8.085, 10.072, 10.658, 10.483, 9.569, 9.735, 10.765, 14.629, 16.48, 16.658, 15.858, 15.434, 15.465, 15.148, 15.032, 15.228], [4.531, 4.035, 4.009, 3.997, 4.303, 3.491, 3.019, 2.558, 2.655, 2.134, 1.345, 0.0, 1.107, 2.146, 3.404, 2.907, 2.984, 5.253, 6.254, 6.021, 5.994, 6.287, 6.701, 6.718, 6.589, 6.872, 6.731, 6.273, 6.288, 6.804, 7.503, 8.156, 7.769, 8.103, 8.644, 9.008, 8.527, 9.394, 9.397, 8.602, 7.896, 7.563, 7.75, 7.677, 7.485, 7.34, 7.386, 7.851, 8.313, 8.172, 6.309, 5.162, 5.639, 5.756, 5.966, 5.65, 5.462, 5.448, 5.213, 6.008, 6.314, 6.741, 7.394, 7.625, 7.958, 7.658, 7.249, 6.739, 6.817, 6.922, 9.164, 11.162, 11.694, 11.519, 10.605, 10.771, 11.801, 15.665, 17.53, 17.706, 16.949, 16.554, 16.584, 16.259, 16.088, 16.264], [5.322, 4.827, 4.789, 4.719, 5.034, 4.248, 3.802, 3.265, 3.383, 2.829, 2.124, 1.107, 0.0, 1.632, 2.929, 2.719, 3.704, 6.042, 7.044, 6.81, 6.784, 7.073, 7.474, 7.417, 7.265, 7.528, 7.399, 6.935, 6.976, 7.574, 8.276, 8.922, 8.432, 8.793, 9.427, 9.79, 9.275, 10.086, 10.176, 9.38, 8.664, 8.284, 8.459, 8.415, 8.267, 8.129, 8.191, 8.679, 9.139, 8.966, 7.099, 5.944, 6.322, 6.491, 6.633, 6.328, 5.979, 5.878, 5.73, 6.667, 6.863, 7.346, 8.055, 8.313, 8.748, 8.35, 7.913, 7.364, 7.485, 7.692, 9.946, 11.944, 12.484, 12.309, 11.395, 11.561, 12.591, 16.454, 18.312, 18.468, 17.731, 17.239, 17.306, 16.997, 16.867, 17.054], [6.274, 5.513, 5.374, 5.202, 5.833, 5.146, 4.713, 4.187, 4.324, 3.867, 2.982, 2.146, 1.632, 0.0, 1.633, 1.912, 4.367, 7.027, 8.028, 7.795, 7.769, 8.058, 8.459, 8.402, 8.198, 8.405, 8.256, 7.775, 7.887, 8.559, 9.267, 9.907, 9.328, 9.725, 10.339, 10.761, 10.218, 10.914, 11.136, 10.331, 9.576, 9.206, 9.362, 9.318, 9.231, 9.114, 9.16, 9.623, 10.067, 9.953, 8.114, 6.898, 7.294, 7.442, 7.477, 7.22, 6.932, 6.901, 6.72, 7.666, 7.913, 8.278, 8.977, 9.297, 9.733, 9.244, 8.805, 8.245, 8.359, 8.632, 10.866, 12.856, 13.469, 13.293, 12.38, 12.546, 13.576, 17.439, 19.287, 19.453, 18.643, 18.141, 18.231, 17.921, 17.842, 18.038], [7.242, 6.481, 6.299, 6.168, 6.8, 6.114, 5.68, 5.171, 5.309, 4.872, 4.001, 3.404, 2.929, 1.633, 0.0, 1.746, 5.279, 7.995, 8.996, 8.763, 8.738, 9.025, 9.426, 9.369, 9.155, 9.385, 9.223, 8.723, 8.849, 9.527, 10.262, 10.875, 10.283, 10.693, 11.306, 11.728, 11.185, 11.871, 12.103, 11.298, 10.538, 10.151, 10.279, 10.274, 10.198, 10.082, 10.128, 10.59, 11.04, 10.924, 9.098, 7.882, 8.269, 8.41, 8.45, 8.198, 7.893, 7.865, 7.758, 8.706, 8.978, 9.275, 9.936, 10.264, 10.7, 10.206, 9.764, 9.246, 9.318, 9.599, 11.833, 13.818, 14.436, 14.261, 13.347, 13.513, 14.543, 18.407, 20.253, 20.42, 19.605, 19.102, 19.199, 18.873, 18.809, 19.006], [5.923, 5.163, 4.981, 4.85, 5.482, 4.796, 4.386, 4.198, 4.143, 3.842, 3.024, 2.907, 2.719, 1.912, 1.746, 0.0, 3.995, 6.677, 7.678, 7.445, 7.418, 7.724, 8.148, 8.062, 7.848, 8.169, 8.05, 7.524, 7.535, 8.264, 9.06, 9.597, 8.985, 9.416, 9.988, 10.41, 9.935, 10.683, 10.785, 9.98, 9.184, 8.842, 8.945, 8.917, 8.88, 8.764, 8.81, 9.272, 9.716, 9.596, 7.733, 6.538, 6.986, 7.255, 7.517, 7.126, 7.053, 6.95, 6.909, 7.778, 8.009, 8.256, 8.731, 9.059, 9.407, 8.948, 8.601, 8.257, 8.297, 8.393, 10.515, 12.506, 13.118, 12.943, 12.029, 12.195, 13.225, 17.072, 18.918, 19.102, 18.199, 17.727, 17.881, 17.555, 17.491, 17.688], [2.101, 1.711, 1.734, 1.919, 2.052, 1.931, 1.274, 1.49, 1.902, 1.504, 1.914, 2.984, 3.704, 4.367, 5.279, 3.995, 0.0, 2.881, 3.836, 3.62, 3.694, 3.954, 4.334, 4.307, 4.297, 4.59, 4.489, 3.944, 3.908, 4.595, 5.496, 5.752, 5.303, 5.625, 6.2, 6.596, 6.091, 6.884, 6.943, 6.138, 5.408, 5.031, 5.216, 5.162, 5.038, 4.922, 4.968, 5.43, 5.874, 5.771, 3.909, 3.595, 4.005, 4.055, 4.29, 4.268, 4.28, 4.045, 4.503, 5.103, 5.054, 5.008, 5.148, 5.442, 6.024, 5.479, 5.444, 5.386, 5.364, 4.741, 6.807, 8.686, 9.276, 9.101, 8.187, 8.353, 9.383, 13.247, 15.097, 15.26, 14.473, 13.992, 14.048, 13.744, 13.649, 13.846], [1.621, 2.284, 2.646, 3.018, 2.766, 2.723, 2.424, 2.854, 2.765, 3.279, 4.217, 5.253, 6.042, 7.027, 7.995, 6.677, 2.881, 0.0, 1.166, 1.19, 1.362, 1.452, 1.765, 1.85, 2.045, 2.31, 2.23, 1.622, 1.525, 2.145, 2.879, 3.225, 2.872, 3.209, 3.6, 3.86, 3.621, 4.473, 4.311, 3.54, 2.859, 2.509, 2.73, 2.616, 2.631, 2.372, 2.291, 2.879, 3.421, 3.131, 1.266, 1.904, 2.854, 2.99, 3.361, 3.455, 3.214, 3.446, 3.592, 3.672, 3.632, 3.106, 3.021, 3.369, 3.472, 3.357, 3.752, 3.896, 3.824, 3.233, 4.243, 6.068, 6.472, 6.27, 5.352, 5.553, 6.548, 10.464, 12.321, 12.559, 11.758, 11.419, 11.449, 11.107, 10.935, 11.011], [2.139, 2.972, 3.309, 3.622, 3.3, 3.27, 3.337, 3.853, 3.767, 4.281, 5.218, 6.254, 7.044, 8.028, 8.996, 7.678, 3.836, 1.166, 0.0, 0.756, 0.923, 0.928, 1.15, 1.244, 1.642, 1.87, 1.874, 1.454, 1.313, 1.468, 2.339, 2.702, 2.248, 2.574, 2.934, 3.087, 2.947, 3.696, 3.502, 2.82, 2.24, 2.079, 2.407, 2.576, 2.665, 2.283, 2.112, 2.503, 2.931, 2.555, 0.885, 1.715, 2.545, 2.66, 2.954, 3.124, 2.808, 3.12, 3.245, 3.279, 3.252, 2.732, 2.479, 2.773, 3.002, 2.87, 3.306, 3.448, 3.369, 2.786, 3.437, 5.29, 5.514, 5.312, 4.389, 4.595, 5.547, 9.506, 11.443, 11.776, 10.888, 10.549, 10.579, 10.218, 10.025, 10.071], [2.272, 2.886, 3.279, 3.672, 3.384, 3.278, 3.107, 3.62, 3.536, 4.047, 4.985, 6.021, 6.81, 7.795, 8.763, 7.445, 3.62, 1.19, 0.756, 0.0, 0.67, 0.948, 1.306, 1.359, 1.821, 2.029, 2.006, 1.702, 1.505, 1.669, 2.433, 2.954, 2.49, 2.786, 3.042, 3.257, 3.174, 3.975, 3.746, 3.051, 2.678, 2.541, 2.879, 3.063, 3.075, 2.745, 2.618, 3.019, 3.35, 2.903, 1.211, 1.634, 2.184, 2.344, 2.649, 2.8, 2.511, 2.826, 2.946, 2.98, 2.931, 2.51, 2.271, 2.675, 2.919, 2.737, 3.015, 3.166, 3.094, 2.503, 3.48, 5.472, 5.704, 5.503, 4.584, 4.785, 5.781, 9.697, 11.636, 11.958, 11.081, 10.742, 10.772, 10.411, 10.218, 10.262], [2.559, 3.169, 3.691, 4.017, 3.679, 3.611, 3.188, 3.593, 3.516, 4.021, 4.958, 5.994, 6.784, 7.769, 8.738, 7.418, 3.694, 1.362, 0.923, 0.67, 0.0, 0.783, 1.287, 1.335, 1.715, 1.924, 1.878, 1.641, 1.482, 1.594, 2.391, 2.91, 2.5, 2.768, 2.933, 3.229, 3.132, 3.953, 3.696, 3.027, 2.692, 2.53, 2.825, 3.036, 3.094, 2.773, 2.7, 3.028, 3.316, 2.889, 1.293, 1.555, 1.963, 2.143, 2.456, 2.598, 2.307, 2.673, 2.79, 2.773, 2.737, 2.339, 2.258, 2.408, 2.646, 2.423, 2.824, 2.973, 2.894, 2.45, 3.589, 5.395, 5.716, 5.525, 4.611, 4.777, 5.807, 9.67, 11.586, 11.91, 10.978, 10.626, 10.657, 10.298, 10.126, 10.27], [2.795, 3.343, 3.811, 4.106, 3.88, 3.738, 3.41, 3.882, 3.796, 4.314, 5.248, 6.287, 7.073, 8.058, 9.025, 7.724, 3.954, 1.452, 0.928, 0.948, 0.783, 0.0, 0.769, 0.814, 1.311, 1.399, 1.361, 1.258, 1.106, 1.137, 1.842, 2.364, 1.894, 2.184, 2.433, 2.736, 2.532, 3.367, 3.229, 2.543, 2.259, 2.146, 2.568, 2.793, 2.866, 2.548, 2.411, 2.782, 3.086, 2.483, 1.217, 1.908, 2.108, 2.231, 2.536, 2.693, 2.387, 2.725, 2.837, 2.847, 2.821, 2.289, 1.984, 2.298, 2.324, 2.236, 2.835, 3.003, 2.916, 2.399, 3.36, 4.912, 5.411, 5.236, 4.322, 4.488, 5.518, 9.381, 11.256, 11.476, 10.677, 10.32, 10.351, 9.993, 9.821, 9.98], [2.905, 3.679, 4.008, 4.166, 3.935, 3.944, 3.83, 4.283, 4.197, 4.714, 5.655, 6.701, 7.474, 8.459, 9.426, 8.148, 4.334, 1.765, 1.15, 1.306, 1.287, 0.769, 0.0, 0.823, 1.375, 1.319, 1.289, 1.222, 1.027, 1.248, 1.817, 2.205, 1.629, 1.92, 2.206, 2.399, 2.189, 2.859, 2.806, 2.09, 1.829, 1.832, 2.346, 2.487, 2.644, 2.311, 2.096, 2.498, 2.819, 2.257, 1.277, 2.425, 2.517, 2.561, 2.78, 2.959, 2.669, 3.005, 3.035, 2.954, 2.97, 2.468, 2.006, 2.377, 2.382, 2.342, 2.956, 3.127, 3.043, 2.554, 3.263, 4.481, 5.012, 4.845, 3.921, 4.087, 5.117, 8.98, 10.846, 11.014, 10.261, 9.859, 9.889, 9.579, 9.407, 9.579], [3.094, 3.617, 4.049, 4.369, 4.137, 4.038, 3.788, 4.252, 4.192, 4.691, 5.646, 6.718, 7.417, 8.402, 9.369, 8.062, 4.307, 1.85, 1.244, 1.359, 1.335, 0.814, 0.823, 0.0, 0.911, 1.046, 1.04, 1.134, 0.925, 0.817, 1.563, 2.021, 1.381, 1.681, 2.103, 2.394, 2.08, 2.899, 2.85, 2.134, 2.024, 1.961, 2.48, 2.753, 2.909, 2.574, 2.375, 2.511, 2.762, 2.261, 1.259, 2.116, 2.341, 2.423, 2.592, 2.735, 2.453, 2.769, 2.812, 2.726, 2.753, 2.194, 1.69, 2.098, 2.2, 1.984, 2.64, 2.824, 2.73, 2.362, 2.964, 4.541, 5.067, 4.891, 3.978, 4.144, 5.174, 9.037, 10.895, 11.051, 10.315, 9.836, 9.89, 9.592, 9.451, 9.636], [3.385, 3.946, 4.406, 4.723, 4.504, 4.414, 3.78, 4.086, 4.022, 4.553, 5.502, 6.589, 7.265, 8.198, 9.155, 7.848, 4.297, 2.045, 1.642, 1.821, 1.715, 1.311, 1.375, 0.911, 0.0, 0.663, 0.885, 1.005, 1.0, 1.088, 1.702, 2.076, 1.519, 1.758, 2.303, 2.607, 2.127, 2.959, 3.043, 2.466, 2.354, 2.287, 2.679, 3.021, 3.129, 2.843, 2.729, 2.703, 2.886, 2.711, 1.634, 2.136, 2.535, 2.525, 2.664, 2.725, 2.488, 2.769, 2.811, 2.716, 2.747, 2.216, 1.852, 2.21, 2.301, 1.894, 2.485, 2.678, 2.592, 2.535, 3.194, 4.789, 5.301, 5.126, 4.219, 4.396, 5.408, 9.272, 11.125, 11.285, 10.517, 10.014, 10.092, 9.76, 9.674, 9.871], [3.668, 4.24, 4.7, 5.01, 4.802, 4.682, 4.135, 4.357, 4.281, 4.863, 5.744, 6.872, 7.528, 8.405, 9.385, 8.169, 4.59, 2.31, 1.87, 2.029, 1.924, 1.399, 1.319, 1.046, 0.663, 0.0, 0.685, 0.961, 0.974, 1.172, 1.7, 1.933, 1.339, 1.545, 2.09, 2.368, 1.859, 2.632, 2.834, 2.327, 2.318, 2.384, 2.788, 3.06, 3.194, 2.898, 2.75, 2.761, 2.777, 2.671, 1.757, 2.394, 2.686, 2.662, 2.738, 2.866, 2.577, 2.881, 2.887, 2.851, 2.805, 2.271, 1.868, 2.301, 2.374, 1.954, 2.608, 2.728, 2.674, 2.585, 3.3, 4.643, 5.074, 4.945, 4.05, 4.205, 5.17, 9.034, 10.882, 11.047, 10.244, 9.747, 9.826, 9.52, 9.436, 9.633], [3.683, 4.234, 4.648, 4.967, 4.728, 4.646, 4.077, 4.195, 4.129, 4.719, 5.624, 6.731, 7.399, 8.256, 9.223, 8.05, 4.489, 2.23, 1.874, 2.006, 1.878, 1.361, 1.289, 1.04, 0.885, 0.685, 0.0, 0.95, 0.953, 1.163, 1.528, 1.976, 1.31, 1.611, 2.164, 2.509, 1.982, 2.718, 2.919, 2.333, 2.196, 2.318, 2.721, 2.986, 3.139, 2.847, 2.669, 2.572, 2.797, 2.518, 1.742, 2.356, 2.643, 2.553, 2.567, 2.727, 2.473, 2.724, 2.678, 2.64, 2.642, 2.156, 1.882, 2.221, 2.196, 1.847, 2.462, 2.592, 2.564, 2.533, 3.297, 4.618, 5.219, 5.048, 4.124, 4.29, 5.32, 9.184, 11.031, 11.197, 10.387, 9.902, 9.976, 9.682, 9.586, 9.783], [3.032, 3.758, 4.151, 4.421, 4.2, 4.066, 3.582, 3.741, 3.66, 4.273, 5.146, 6.273, 6.935, 7.775, 8.723, 7.524, 3.944, 1.622, 1.454, 1.702, 1.641, 1.258, 1.222, 1.134, 1.005, 0.961, 0.95, 0.0, 0.768, 1.431, 2.081, 2.39, 1.719, 2.089, 2.736, 3.082, 2.57, 3.237, 3.458, 2.774, 2.26, 1.975, 2.265, 2.593, 2.896, 2.589, 2.387, 2.622, 2.901, 2.588, 1.252, 2.099, 2.594, 2.588, 2.649, 2.821, 2.468, 2.726, 2.83, 2.961, 2.906, 2.307, 2.077, 2.432, 2.664, 2.219, 2.783, 2.856, 2.805, 2.719, 3.657, 5.15, 5.771, 5.597, 4.682, 4.848, 5.878, 9.739, 11.585, 11.755, 10.918, 10.415, 10.534, 10.208, 10.144, 10.34], [2.922, 3.506, 3.931, 4.24, 4.015, 3.899, 3.463, 3.773, 3.651, 4.245, 5.153, 6.288, 6.976, 7.887, 8.849, 7.535, 3.908, 1.525, 1.313, 1.505, 1.482, 1.106, 1.027, 0.925, 1.0, 0.974, 0.953, 0.768, 0.0, 1.162, 1.811, 2.196, 1.567, 1.929, 2.509, 2.911, 2.425, 3.22, 3.286, 2.555, 2.099, 1.926, 2.179, 2.541, 2.839, 2.524, 2.338, 2.503, 2.898, 2.544, 1.22, 1.892, 2.413, 2.488, 2.592, 2.795, 2.459, 2.753, 2.813, 2.857, 2.843, 2.28, 1.905, 2.355, 2.475, 2.231, 2.751, 2.913, 2.861, 2.527, 3.467, 4.999, 5.619, 5.444, 4.53, 4.696, 5.726, 9.59, 11.431, 11.603, 10.755, 10.29, 10.382, 10.099, 9.992, 10.189], [3.297, 3.832, 4.238, 4.487, 4.239, 4.144, 3.988, 4.384, 4.299, 4.811, 5.76, 6.804, 7.574, 8.559, 9.527, 8.264, 4.595, 2.145, 1.468, 1.669, 1.594, 1.137, 1.248, 0.817, 1.088, 1.172, 1.163, 1.431, 1.162, 0.0, 1.212, 1.75, 1.26, 1.495, 1.952, 2.244, 1.867, 2.843, 2.788, 2.117, 2.076, 2.233, 2.681, 2.994, 3.036, 2.71, 2.572, 2.493, 2.557, 2.215, 1.393, 2.25, 2.449, 2.442, 2.634, 2.788, 2.504, 2.81, 2.904, 2.703, 2.8, 2.33, 1.797, 2.218, 2.196, 1.969, 2.529, 2.798, 2.759, 2.405, 2.763, 4.43, 4.909, 4.734, 3.823, 4.003, 5.017, 8.888, 10.745, 10.903, 10.178, 9.765, 9.795, 9.49, 9.318, 9.479], [4.107, 4.59, 4.895, 5.218, 4.937, 5.105, 4.942, 5.117, 5.058, 5.522, 6.565, 7.503, 8.276, 9.267, 10.262, 9.06, 5.496, 2.879, 2.339, 2.433, 2.391, 1.842, 1.817, 1.563, 1.702, 1.7, 1.528, 2.081, 1.811, 1.212, 0.0, 1.292, 1.319, 1.584, 1.628, 1.748, 1.757, 2.556, 2.5, 2.162, 2.424, 2.602, 3.03, 3.286, 3.323, 3.01, 2.821, 2.564, 2.486, 1.854, 2.116, 3.039, 3.119, 3.021, 2.988, 3.19, 2.903, 3.082, 3.038, 2.755, 2.877, 2.484, 2.046, 2.408, 2.053, 2.159, 2.581, 2.885, 2.865, 2.527, 2.423, 3.784, 4.229, 4.032, 3.204, 3.47, 4.315, 8.222, 10.072, 10.276, 9.517, 9.154, 9.184, 8.837, 8.666, 8.777], [4.404, 4.926, 5.207, 5.42, 5.128, 5.333, 5.267, 5.732, 5.645, 6.163, 7.097, 8.156, 8.922, 9.907, 10.875, 9.597, 5.752, 3.225, 2.702, 2.954, 2.91, 2.364, 2.205, 2.021, 2.076, 1.933, 1.976, 2.39, 2.196, 1.75, 1.292, 0.0, 1.053, 0.959, 1.042, 1.162, 1.129, 1.839, 1.629, 1.578, 1.93, 2.28, 2.689, 2.912, 3.008, 2.652, 2.554, 2.347, 1.866, 1.852, 2.443, 3.461, 3.835, 3.801, 3.914, 4.139, 3.843, 3.965, 3.902, 3.73, 3.848, 3.442, 2.858, 3.148, 2.935, 2.893, 3.493, 3.832, 3.812, 3.363, 3.048, 3.89, 3.945, 3.808, 3.025, 3.176, 3.782, 7.541, 9.397, 9.563, 8.831, 8.426, 8.456, 8.141, 7.969, 8.131], [4.051, 4.606, 4.832, 5.04, 4.71, 4.887, 4.885, 5.254, 5.154, 5.726, 6.635, 7.769, 8.432, 9.328, 10.283, 8.985, 5.303, 2.872, 2.248, 2.49, 2.5, 1.894, 1.629, 1.381, 1.519, 1.339, 1.31, 1.719, 1.567, 1.26, 1.319, 1.053, 0.0, 0.734, 1.234, 1.479, 1.066, 1.859, 1.875, 1.308, 1.447, 1.786, 2.19, 2.444, 2.62, 2.309, 2.19, 2.021, 1.795, 1.656, 2.062, 3.037, 3.251, 3.267, 3.29, 3.471, 3.197, 3.387, 3.447, 3.404, 3.454, 2.926, 2.296, 2.817, 2.764, 2.472, 3.163, 3.38, 3.374, 3.091, 2.889, 3.859, 4.236, 4.069, 3.127, 3.238, 4.26, 8.123, 9.971, 10.137, 9.332, 8.838, 8.916, 8.593, 8.526, 8.722], [4.334, 4.906, 5.14, 5.298, 4.93, 5.169, 5.226, 5.602, 5.506, 6.074, 6.968, 8.103, 8.793, 9.725, 10.693, 9.416, 5.625, 3.209, 2.574, 2.786, 2.768, 2.184, 1.92, 1.681, 1.758, 1.545, 1.611, 2.089, 1.929, 1.495, 1.584, 0.959, 0.734, 0.0, 0.982, 1.197, 0.862, 1.734, 1.693, 1.29, 1.63, 1.985, 2.424, 2.669, 2.806, 2.497, 2.363, 2.234, 1.947, 1.789, 2.366, 3.367, 3.445, 3.514, 3.587, 3.73, 3.502, 3.694, 3.806, 3.556, 3.593, 3.1, 2.482, 2.953, 2.905, 2.607, 3.339, 3.572, 3.539, 3.197, 3.042, 3.825, 4.117, 3.992, 3.032, 3.093, 3.982, 7.714, 9.564, 9.728, 8.938, 8.478, 8.522, 8.211, 8.117, 8.313], [4.694, 5.254, 5.504, 5.706, 5.454, 5.629, 5.722, 6.209, 6.077, 6.671, 7.554, 8.644, 9.427, 10.339, 11.306, 9.988, 6.2, 3.6, 2.934, 3.042, 2.933, 2.433, 2.206, 2.103, 2.303, 2.09, 2.164, 2.736, 2.509, 1.952, 1.628, 1.042, 1.234, 0.982, 0.0, 0.561, 0.949, 1.576, 1.42, 1.365, 2.037, 2.502, 2.929, 3.04, 3.241, 2.92, 2.742, 2.546, 2.157, 2.015, 2.769, 3.741, 3.684, 3.717, 3.779, 3.899, 3.792, 4.026, 4.03, 3.622, 3.625, 3.151, 2.562, 2.967, 2.705, 2.587, 3.245, 3.557, 3.557, 3.101, 2.74, 3.534, 3.595, 3.417, 2.627, 2.663, 3.349, 7.1, 8.974, 9.201, 8.312, 7.969, 8.013, 7.671, 7.541, 7.7], [4.861, 5.518, 5.719, 5.801, 5.532, 5.773, 6.092, 6.585, 6.499, 7.035, 7.951, 9.008, 9.79, 10.761, 11.728, 10.41, 6.596, 3.86, 3.087, 3.257, 3.229, 2.736, 2.399, 2.394, 2.607, 2.368, 2.509, 3.082, 2.911, 2.244, 1.748, 1.162, 1.479, 1.197, 0.561, 0.0, 0.956, 1.51, 1.306, 1.46, 2.186, 2.647, 3.076, 3.167, 3.293, 2.947, 2.757, 2.569, 2.152, 1.91, 2.921, 4.03, 3.919, 3.95, 4.046, 4.144, 4.069, 4.284, 4.266, 3.696, 3.733, 3.331, 2.682, 2.993, 2.699, 2.759, 3.34, 3.647, 3.618, 3.095, 2.484, 3.275, 3.186, 3.009, 2.241, 2.267, 2.909, 6.678, 8.59, 8.845, 7.991, 7.652, 7.682, 7.321, 7.144, 7.291], [4.714, 5.307, 5.541, 5.677, 5.299, 5.582, 5.657, 6.057, 5.971, 6.532, 7.416, 8.527, 9.275, 10.218, 11.185, 9.935, 6.091, 3.621, 2.947, 3.174, 3.132, 2.532, 2.189, 2.08, 2.127, 1.859, 1.982, 2.57, 2.425, 1.867, 1.757, 1.129, 1.066, 0.862, 0.949, 0.956, 0.0, 1.193, 1.343, 1.164, 1.65, 2.145, 2.49, 2.655, 2.871, 2.629, 2.413, 2.194, 1.801, 1.742, 2.765, 3.793, 3.868, 3.856, 3.927, 4.047, 3.89, 4.059, 3.988, 3.638, 3.683, 3.194, 2.531, 2.978, 2.911, 2.694, 3.376, 3.591, 3.546, 3.187, 2.865, 3.357, 3.463, 3.318, 2.559, 2.629, 3.373, 7.221, 9.073, 9.242, 8.456, 8.027, 8.057, 7.75, 7.624, 7.821], [5.466, 6.175, 6.392, 6.375, 5.845, 6.361, 6.542, 6.865, 6.788, 7.411, 8.252, 9.394, 10.086, 10.914, 11.871, 10.683, 6.884, 4.473, 3.696, 3.975, 3.953, 3.367, 2.859, 2.899, 2.959, 2.632, 2.718, 3.237, 3.22, 2.843, 2.556, 1.839, 1.859, 1.734, 1.576, 1.51, 1.193, 0.0, 1.003, 1.377, 2.044, 2.536, 2.699, 2.841, 3.154, 3.053, 2.823, 2.526, 2.143, 2.311, 3.504, 4.679, 4.751, 4.628, 4.64, 4.846, 4.666, 4.795, 4.618, 4.43, 4.427, 3.887, 3.326, 3.747, 3.677, 3.387, 4.016, 4.254, 4.257, 3.984, 3.383, 3.397, 3.402, 3.151, 2.867, 2.798, 3.107, 6.572, 8.426, 8.594, 7.741, 7.255, 7.371, 7.048, 6.975, 7.171], [5.26, 5.992, 6.22, 6.212, 5.632, 6.172, 6.483, 6.96, 6.874, 7.42, 8.325, 9.397, 10.176, 11.136, 12.103, 10.785, 6.943, 4.311, 3.502, 3.746, 3.696, 3.229, 2.806, 2.85, 3.043, 2.834, 2.919, 3.458, 3.286, 2.788, 2.5, 1.629, 1.875, 1.693, 1.42, 1.306, 1.343, 1.003, 0.0, 1.114, 1.78, 2.251, 2.408, 2.544, 2.686, 2.623, 2.428, 2.155, 1.653, 1.924, 3.288, 4.508, 4.646, 4.629, 4.738, 4.879, 4.745, 4.873, 4.815, 4.557, 4.676, 4.178, 3.552, 3.941, 3.724, 3.65, 4.299, 4.599, 4.608, 4.116, 3.451, 3.326, 3.122, 2.905, 2.772, 2.665, 2.738, 6.332, 8.185, 8.472, 7.555, 7.177, 7.207, 6.886, 6.729, 6.903], [4.595, 5.281, 5.493, 5.483, 4.979, 5.448, 5.675, 6.162, 6.07, 6.625, 7.52, 8.602, 9.38, 10.331, 11.298, 9.98, 6.138, 3.54, 2.82, 3.051, 3.027, 2.543, 2.09, 2.134, 2.466, 2.327, 2.333, 2.774, 2.555, 2.117, 2.162, 1.578, 1.308, 1.29, 1.365, 1.46, 1.164, 1.377, 1.114, 0.0, 1.003, 1.541, 1.805, 1.892, 2.082, 2.01, 1.861, 1.545, 1.337, 1.398, 2.636, 3.935, 4.211, 4.177, 4.292, 4.44, 4.224, 4.438, 4.476, 4.255, 4.309, 3.849, 3.213, 3.64, 3.499, 3.362, 4.074, 4.306, 4.277, 3.826, 3.408, 3.317, 3.431, 3.282, 2.882, 2.736, 3.389, 7.108, 8.967, 9.151, 8.351, 7.952, 7.982, 7.659, 7.511, 7.708], [3.84, 4.574, 4.801, 4.793, 4.209, 4.766, 5.003, 5.446, 5.293, 5.909, 6.791, 7.896, 8.664, 9.576, 10.538, 9.184, 5.408, 2.859, 2.24, 2.678, 2.692, 2.259, 1.829, 2.024, 2.354, 2.318, 2.196, 2.26, 2.099, 2.076, 2.424, 1.93, 1.447, 1.63, 2.037, 2.186, 1.65, 2.044, 1.78, 1.003, 0.0, 0.894, 1.228, 1.161, 1.451, 1.265, 1.09, 1.22, 1.36, 1.246, 2.169, 3.576, 4.15, 4.189, 4.268, 4.474, 4.197, 4.452, 4.516, 4.488, 4.488, 3.961, 3.395, 3.902, 3.815, 3.619, 4.349, 4.554, 4.469, 4.083, 3.787, 3.71, 4.041, 3.822, 3.342, 3.315, 4.157, 7.925, 9.801, 10.016, 9.067, 8.676, 8.776, 8.464, 8.334, 8.519], [3.49, 4.205, 4.421, 4.404, 3.854, 4.432, 4.653, 5.093, 4.996, 5.561, 6.443, 7.563, 8.284, 9.206, 10.151, 8.842, 5.031, 2.509, 2.079, 2.541, 2.53, 2.146, 1.832, 1.961, 2.287, 2.384, 2.318, 1.975, 1.926, 2.233, 2.602, 2.28, 1.786, 1.985, 2.502, 2.647, 2.145, 2.536, 2.251, 1.541, 0.894, 0.0, 0.785, 0.939, 1.308, 1.104, 0.98, 1.289, 1.474, 1.352, 1.859, 3.26, 3.981, 4.117, 4.253, 4.405, 4.086, 4.382, 4.446, 4.504, 4.504, 3.939, 3.369, 3.908, 3.869, 3.757, 4.383, 4.565, 4.469, 4.071, 3.883, 4.052, 4.449, 4.231, 3.786, 3.774, 4.55, 8.325, 10.153, 10.471, 9.531, 9.012, 9.073, 8.722, 8.658, 8.855], [3.649, 4.376, 4.628, 4.631, 4.0, 4.579, 4.882, 5.269, 5.134, 5.737, 6.615, 7.75, 8.459, 9.362, 10.279, 8.945, 5.216, 2.73, 2.407, 2.879, 2.825, 2.568, 2.346, 2.48, 2.679, 2.788, 2.721, 2.265, 2.179, 2.681, 3.03, 2.689, 2.19, 2.424, 2.929, 3.076, 2.49, 2.699, 2.408, 1.805, 1.228, 0.785, 0.0, 0.786, 1.07, 1.18, 1.174, 1.237, 1.508, 1.622, 2.209, 3.502, 4.263, 4.404, 4.538, 4.74, 4.393, 4.692, 4.768, 4.862, 4.862, 4.267, 3.747, 4.294, 4.312, 4.141, 4.72, 4.875, 4.824, 4.47, 4.274, 4.274, 4.423, 4.356, 4.042, 4.079, 4.65, 8.328, 10.158, 10.537, 9.488, 8.867, 8.96, 8.61, 8.546, 8.743], [3.515, 4.216, 4.483, 4.518, 3.844, 4.513, 4.851, 5.243, 5.087, 5.692, 6.566, 7.677, 8.415, 9.318, 10.274, 8.917, 5.162, 2.616, 2.576, 3.063, 3.036, 2.793, 2.487, 2.753, 3.021, 3.06, 2.986, 2.593, 2.541, 2.994, 3.286, 2.912, 2.444, 2.669, 3.04, 3.167, 2.655, 2.841, 2.544, 1.892, 1.161, 0.939, 0.786, 0.0, 0.745, 0.9, 0.881, 1.257, 1.516, 1.742, 2.508, 3.851, 4.754, 4.922, 5.031, 5.217, 4.905, 5.194, 5.271, 5.343, 5.35, 4.742, 4.209, 4.749, 4.647, 4.545, 5.2, 5.387, 5.304, 4.899, 4.593, 4.485, 4.466, 4.435, 4.157, 4.101, 4.707, 8.351, 10.185, 10.626, 9.491, 8.886, 9.006, 8.648, 8.575, 8.772], [3.281, 3.97, 4.225, 4.251, 3.638, 4.42, 4.764, 5.082, 4.995, 5.515, 6.425, 7.485, 8.267, 9.231, 10.198, 8.88, 5.038, 2.631, 2.665, 3.075, 3.094, 2.866, 2.644, 2.909, 3.129, 3.194, 3.139, 2.896, 2.839, 3.036, 3.323, 3.008, 2.62, 2.806, 3.241, 3.293, 2.871, 3.154, 2.686, 2.082, 1.451, 1.308, 1.07, 0.745, 0.0, 0.652, 0.911, 1.147, 1.52, 1.795, 2.604, 3.997, 4.914, 5.075, 5.326, 5.505, 5.166, 5.471, 5.551, 5.551, 5.584, 5.065, 4.459, 4.958, 4.769, 4.751, 5.467, 5.667, 5.577, 5.1, 4.695, 4.599, 4.609, 4.607, 4.243, 4.246, 4.814, 8.489, 10.338, 10.817, 9.717, 9.138, 9.148, 8.799, 8.638, 8.828], [3.021, 3.724, 4.003, 4.041, 3.367, 4.227, 4.555, 4.947, 4.863, 5.366, 6.31, 7.34, 8.129, 9.114, 10.082, 8.764, 4.922, 2.372, 2.283, 2.745, 2.773, 2.548, 2.311, 2.574, 2.843, 2.898, 2.847, 2.589, 2.524, 2.71, 3.01, 2.652, 2.309, 2.497, 2.92, 2.947, 2.629, 3.053, 2.623, 2.01, 1.265, 1.104, 1.18, 0.9, 0.652, 0.0, 0.646, 1.026, 1.338, 1.537, 2.264, 3.628, 4.605, 4.718, 5.003, 5.18, 4.845, 5.153, 5.235, 5.248, 5.268, 4.746, 4.156, 4.631, 4.431, 4.468, 5.181, 5.374, 5.285, 4.789, 4.355, 4.517, 4.594, 4.434, 3.784, 3.827, 4.605, 8.516, 10.418, 10.904, 9.831, 9.344, 9.373, 9.011, 8.819, 8.931], [3.073, 3.77, 3.995, 4.053, 3.496, 4.248, 4.64, 5.023, 4.904, 5.425, 6.35, 7.386, 8.191, 9.16, 10.128, 8.81, 4.968, 2.291, 2.112, 2.618, 2.7, 2.411, 2.096, 2.375, 2.729, 2.75, 2.669, 2.387, 2.338, 2.572, 2.821, 2.554, 2.19, 2.363, 2.742, 2.757, 2.413, 2.823, 2.428, 1.861, 1.09, 0.98, 1.174, 0.881, 0.911, 0.646, 0.0, 0.908, 1.307, 1.355, 1.976, 3.507, 4.481, 4.576, 4.808, 4.992, 4.664, 4.938, 4.952, 4.961, 4.97, 4.462, 3.869, 4.344, 4.144, 4.252, 4.921, 5.101, 5.007, 4.516, 4.158, 4.295, 4.405, 4.262, 3.623, 3.694, 4.437, 8.439, 10.294, 10.711, 9.707, 9.325, 9.355, 8.996, 8.824, 8.897], [3.502, 4.165, 4.408, 4.491, 3.917, 4.809, 5.176, 5.544, 5.424, 5.932, 6.823, 7.851, 8.679, 9.623, 10.59, 9.272, 5.43, 2.879, 2.503, 3.019, 3.028, 2.782, 2.498, 2.511, 2.703, 2.761, 2.572, 2.622, 2.503, 2.493, 2.564, 2.347, 2.021, 2.234, 2.546, 2.569, 2.194, 2.526, 2.155, 1.545, 1.22, 1.289, 1.237, 1.257, 1.147, 1.026, 0.908, 0.0, 0.803, 1.229, 2.208, 3.638, 4.683, 4.65, 4.8, 4.986, 4.705, 4.865, 4.848, 4.82, 4.886, 4.418, 3.777, 4.218, 3.982, 3.996, 4.716, 4.925, 4.865, 4.396, 3.864, 3.955, 3.985, 3.772, 3.341, 3.446, 4.179, 7.949, 9.882, 10.253, 9.315, 8.903, 8.92, 8.559, 8.366, 8.434], [4.105, 4.735, 5.012, 5.059, 4.497, 5.342, 5.662, 6.006, 5.89, 6.393, 7.283, 8.313, 9.139, 10.067, 11.04, 9.716, 5.874, 3.421, 2.931, 3.35, 3.316, 3.086, 2.819, 2.762, 2.886, 2.777, 2.797, 2.901, 2.898, 2.557, 2.486, 1.866, 1.795, 1.947, 2.157, 2.152, 1.801, 2.143, 1.653, 1.337, 1.36, 1.474, 1.508, 1.516, 1.52, 1.338, 1.307, 0.803, 0.0, 1.198, 2.514, 3.874, 4.741, 4.751, 4.86, 5.069, 4.764, 4.953, 4.998, 4.903, 5.013, 4.55, 3.904, 4.302, 4.053, 4.025, 4.712, 4.976, 4.984, 4.477, 3.815, 3.79, 3.557, 3.509, 3.077, 3.09, 3.696, 7.531, 9.461, 9.841, 8.853, 8.389, 8.38, 8.046, 7.834, 8.029], [4.121, 4.772, 4.972, 5.012, 4.498, 5.184, 5.427, 5.811, 5.7, 6.198, 7.136, 8.172, 8.966, 9.953, 10.924, 9.596, 5.771, 3.131, 2.555, 2.903, 2.889, 2.483, 2.257, 2.261, 2.711, 2.671, 2.518, 2.588, 2.544, 2.215, 1.854, 1.852, 1.656, 1.789, 2.015, 1.91, 1.742, 2.311, 1.924, 1.398, 1.246, 1.352, 1.622, 1.742, 1.795, 1.537, 1.355, 1.229, 1.198, 0.0, 2.063, 3.54, 3.98, 3.99, 4.102, 4.302, 4.036, 4.178, 4.259, 4.027, 4.067, 3.656, 3.042, 3.398, 3.189, 3.329, 3.954, 4.156, 4.08, 3.552, 3.252, 3.315, 3.657, 3.455, 2.927, 2.983, 3.714, 7.576, 9.419, 9.782, 8.883, 8.5, 8.53, 8.169, 7.976, 8.092], [2.417, 3.191, 3.503, 3.681, 3.437, 3.548, 3.546, 3.927, 3.822, 4.336, 5.273, 6.309, 7.099, 8.114, 9.098, 7.733, 3.909, 1.266, 0.885, 1.211, 1.293, 1.217, 1.277, 1.259, 1.634, 1.757, 1.742, 1.252, 1.22, 1.393, 2.116, 2.443, 2.062, 2.366, 2.769, 2.921, 2.765, 3.504, 3.288, 2.636, 2.169, 1.859, 2.209, 2.508, 2.604, 2.264, 1.976, 2.208, 2.514, 2.063, 0.0, 1.748, 2.628, 2.704, 2.919, 3.121, 2.771, 3.089, 3.171, 3.221, 3.203, 2.708, 2.409, 2.768, 2.907, 2.782, 3.23, 3.396, 3.309, 2.752, 3.402, 5.044, 5.439, 5.238, 4.314, 4.522, 5.492, 9.432, 11.304, 11.552, 10.747, 10.408, 10.438, 10.089, 9.917, 9.978], [3.177, 3.503, 3.915, 4.34, 4.132, 3.886, 3.155, 3.14, 2.852, 3.262, 4.079, 5.162, 5.944, 6.898, 7.882, 6.538, 3.595, 1.904, 1.715, 1.634, 1.555, 1.908, 2.425, 2.116, 2.136, 2.394, 2.356, 2.099, 1.892, 2.25, 3.039, 3.461, 3.037, 3.367, 3.741, 4.03, 3.793, 4.679, 4.508, 3.935, 3.576, 3.26, 3.502, 3.851, 3.997, 3.628, 3.507, 3.638, 3.874, 3.54, 1.748, 0.0, 1.603, 1.836, 2.331, 2.103, 1.91, 2.405, 2.001, 2.279, 2.488, 2.588, 2.865, 3.039, 3.346, 3.062, 3.038, 2.818, 2.785, 2.53, 4.162, 6.262, 6.58, 6.404, 5.491, 5.657, 6.687, 10.55, 12.517, 12.825, 11.89, 11.551, 11.581, 11.22, 11.057, 11.18], [4.306, 4.562, 4.804, 5.146, 5.035, 4.656, 3.647, 3.422, 3.479, 3.624, 4.539, 5.639, 6.322, 7.294, 8.269, 6.986, 4.005, 2.854, 2.545, 2.184, 1.963, 2.108, 2.517, 2.341, 2.535, 2.686, 2.643, 2.594, 2.413, 2.449, 3.119, 3.835, 3.251, 3.445, 3.684, 3.919, 3.868, 4.751, 4.646, 4.211, 4.15, 3.981, 4.263, 4.754, 4.914, 4.605, 4.481, 4.683, 4.741, 3.98, 2.628, 1.603, 0.0, 0.764, 1.099, 0.955, 1.259, 1.746, 1.702, 1.592, 1.476, 1.648, 1.997, 2.14, 2.616, 2.145, 1.976, 1.775, 1.803, 1.725, 3.666, 5.622, 6.174, 5.999, 5.085, 5.251, 6.282, 10.145, 12.001, 12.159, 11.409, 10.946, 10.988, 10.685, 10.548, 10.744], [4.431, 4.631, 4.879, 5.212, 5.104, 4.769, 3.717, 3.531, 3.623, 3.776, 4.711, 5.756, 6.491, 7.442, 8.41, 7.255, 4.055, 2.99, 2.66, 2.344, 2.143, 2.231, 2.561, 2.423, 2.525, 2.662, 2.553, 2.588, 2.488, 2.442, 3.021, 3.801, 3.267, 3.514, 3.717, 3.95, 3.856, 4.628, 4.629, 4.177, 4.189, 4.117, 4.404, 4.922, 5.075, 4.718, 4.576, 4.65, 4.751, 3.99, 2.704, 1.836, 0.764, 0.0, 0.819, 0.857, 1.128, 1.459, 1.621, 1.57, 1.372, 1.421, 1.803, 1.976, 2.449, 1.972, 1.808, 1.699, 1.705, 1.495, 3.497, 5.495, 6.026, 5.851, 4.937, 5.103, 6.133, 9.997, 11.86, 12.011, 11.282, 10.851, 10.881, 10.588, 10.418, 10.596], [4.786, 5.002, 5.254, 5.59, 5.48, 5.1, 4.221, 3.765, 3.886, 4.047, 5.011, 5.966, 6.633, 7.477, 8.45, 7.517, 4.29, 3.361, 2.954, 2.649, 2.456, 2.536, 2.78, 2.592, 2.664, 2.738, 2.567, 2.649, 2.592, 2.634, 2.988, 3.914, 3.29, 3.587, 3.779, 4.046, 3.927, 4.64, 4.738, 4.292, 4.268, 4.253, 4.538, 5.031, 5.326, 5.003, 4.808, 4.8, 4.86, 4.102, 2.919, 2.331, 1.099, 0.819, 0.0, 0.685, 1.067, 1.304, 1.561, 1.592, 1.304, 1.256, 1.701, 1.883, 2.547, 1.914, 1.605, 1.479, 1.496, 1.514, 3.424, 5.396, 6.017, 5.842, 4.928, 5.094, 6.124, 9.987, 11.833, 12.001, 11.18, 10.701, 10.78, 10.475, 10.39, 10.587], [4.9, 5.077, 5.306, 5.637, 5.525, 5.113, 4.132, 3.62, 3.689, 3.696, 4.684, 5.65, 6.328, 7.22, 8.198, 7.126, 4.268, 3.455, 3.124, 2.8, 2.598, 2.693, 2.959, 2.735, 2.725, 2.866, 2.727, 2.821, 2.795, 2.788, 3.19, 4.139, 3.471, 3.73, 3.899, 4.144, 4.047, 4.846, 4.879, 4.44, 4.474, 4.405, 4.74, 5.217, 5.505, 5.18, 4.992, 4.986, 5.069, 4.302, 3.121, 2.103, 0.955, 0.857, 0.685, 0.0, 1.081, 1.213, 1.321, 1.444, 1.242, 1.333, 1.928, 2.127, 2.685, 2.161, 1.709, 1.469, 1.486, 1.625, 3.671, 5.66, 6.272, 6.097, 5.183, 5.349, 6.379, 10.243, 12.09, 12.256, 11.447, 10.944, 11.035, 10.71, 10.645, 10.842], [4.678, 4.961, 5.255, 5.584, 5.48, 5.132, 4.102, 3.521, 3.448, 3.578, 4.547, 5.462, 5.979, 6.932, 7.893, 7.053, 4.28, 3.214, 2.808, 2.511, 2.307, 2.387, 2.669, 2.453, 2.488, 2.577, 2.473, 2.468, 2.459, 2.504, 2.903, 3.843, 3.197, 3.502, 3.792, 4.069, 3.89, 4.666, 4.745, 4.224, 4.197, 4.086, 4.393, 4.905, 5.166, 4.845, 4.664, 4.705, 4.764, 4.036, 2.771, 1.91, 1.259, 1.128, 1.067, 1.081, 0.0, 1.026, 0.986, 1.476, 1.449, 1.585, 2.179, 2.533, 2.953, 2.498, 2.103, 1.727, 1.826, 1.878, 4.098, 6.096, 6.679, 6.504, 5.59, 5.756, 6.786, 10.649, 12.501, 12.663, 11.883, 11.38, 11.458, 11.126, 11.052, 11.248], [4.862, 4.996, 5.199, 5.503, 5.398, 4.93, 4.029, 3.51, 3.882, 3.595, 4.549, 5.448, 5.878, 6.901, 7.865, 6.95, 4.045, 3.446, 3.12, 2.826, 2.673, 2.725, 3.005, 2.769, 2.769, 2.881, 2.724, 2.726, 2.753, 2.81, 3.082, 3.965, 3.387, 3.694, 4.026, 4.284, 4.059, 4.795, 4.873, 4.438, 4.452, 4.382, 4.692, 5.194, 5.471, 5.153, 4.938, 4.865, 4.953, 4.178, 3.089, 2.405, 1.746, 1.459, 1.304, 1.213, 1.026, 0.0, 1.16, 1.84, 1.728, 1.792, 2.454, 2.775, 3.201, 2.758, 2.292, 2.047, 2.121, 2.107, 4.335, 6.333, 6.917, 6.742, 5.828, 5.994, 7.024, 10.887, 12.739, 12.901, 12.12, 11.617, 11.695, 11.362, 11.29, 11.486], [4.999, 5.213, 5.45, 5.782, 5.688, 5.307, 4.32, 3.576, 3.547, 3.474, 4.36, 5.213, 5.73, 6.72, 7.758, 6.909, 4.503, 3.592, 3.245, 2.946, 2.79, 2.837, 3.035, 2.812, 2.811, 2.887, 2.678, 2.83, 2.813, 2.904, 3.038, 3.902, 3.447, 3.806, 4.03, 4.266, 3.988, 4.618, 4.815, 4.476, 4.516, 4.446, 4.768, 5.271, 5.551, 5.235, 4.952, 4.848, 4.998, 4.259, 3.171, 2.001, 1.702, 1.621, 1.561, 1.321, 0.986, 1.16, 0.0, 1.213, 1.367, 1.888, 2.588, 2.752, 3.159, 2.767, 2.238, 1.755, 1.907, 2.069, 4.303, 6.301, 6.894, 6.719, 5.805, 5.971, 7.001, 10.865, 12.715, 12.878, 12.088, 11.585, 11.663, 11.331, 11.267, 11.464], [5.079, 5.343, 5.697, 6.042, 5.928, 5.607, 4.593, 4.131, 4.017, 4.111, 5.12, 6.008, 6.667, 7.666, 8.706, 7.778, 5.103, 3.672, 3.279, 2.98, 2.773, 2.847, 2.954, 2.726, 2.716, 2.851, 2.64, 2.961, 2.857, 2.703, 2.755, 3.73, 3.404, 3.556, 3.622, 3.696, 3.638, 4.43, 4.557, 4.255, 4.488, 4.504, 4.862, 5.343, 5.551, 5.248, 4.961, 4.82, 4.903, 4.027, 3.221, 2.279, 1.592, 1.57, 1.592, 1.444, 1.476, 1.84, 1.213, 0.0, 0.815, 1.294, 1.847, 1.833, 2.11, 1.911, 1.405, 1.016, 1.16, 1.476, 3.279, 5.277, 5.846, 5.671, 4.757, 4.934, 5.953, 9.816, 11.67, 11.83, 11.064, 10.62, 10.651, 10.351, 10.219, 10.416], [5.043, 5.284, 5.587, 5.921, 5.822, 5.483, 4.491, 4.116, 4.061, 4.352, 5.41, 6.314, 6.863, 7.913, 8.978, 8.009, 5.054, 3.632, 3.252, 2.931, 2.737, 2.821, 2.97, 2.753, 2.747, 2.805, 2.642, 2.906, 2.843, 2.8, 2.877, 3.848, 3.454, 3.593, 3.625, 3.733, 3.683, 4.427, 4.676, 4.309, 4.488, 4.504, 4.862, 5.35, 5.584, 5.268, 4.97, 4.886, 5.013, 4.067, 3.203, 2.488, 1.476, 1.372, 1.304, 1.242, 1.449, 1.728, 1.367, 0.815, 0.0, 0.914, 1.551, 1.613, 2.023, 1.707, 1.178, 0.821, 0.991, 1.316, 3.098, 5.096, 5.694, 5.519, 4.605, 4.771, 5.801, 9.665, 11.515, 11.678, 10.883, 10.445, 10.476, 10.192, 10.067, 10.264], [4.517, 4.869, 5.345, 5.669, 5.459, 5.283, 4.417, 4.301, 4.228, 4.721, 5.778, 6.741, 7.346, 8.278, 9.275, 8.256, 5.008, 3.106, 2.732, 2.51, 2.339, 2.289, 2.468, 2.194, 2.216, 2.271, 2.156, 2.307, 2.28, 2.33, 2.484, 3.442, 2.926, 3.1, 3.151, 3.331, 3.194, 3.887, 4.178, 3.849, 3.961, 3.939, 4.267, 4.742, 5.065, 4.746, 4.462, 4.418, 4.55, 3.656, 2.708, 2.588, 1.648, 1.421, 1.256, 1.333, 1.585, 1.792, 1.888, 1.294, 0.914, 0.0, 0.971, 1.281, 1.666, 1.243, 0.979, 1.046, 1.041, 1.354, 2.695, 4.632, 5.253, 5.078, 4.164, 4.332, 5.36, 9.222, 11.068, 11.237, 10.406, 9.908, 10.016, 9.702, 9.626, 9.823], [4.317, 4.651, 5.052, 5.381, 5.191, 5.103, 4.677, 4.879, 4.827, 5.356, 6.294, 7.394, 8.055, 8.977, 9.936, 8.731, 5.148, 3.021, 2.479, 2.271, 2.258, 1.984, 2.006, 1.69, 1.852, 1.868, 1.882, 2.077, 1.905, 1.797, 2.046, 2.858, 2.296, 2.482, 2.562, 2.682, 2.531, 3.326, 3.552, 3.213, 3.395, 3.369, 3.747, 4.209, 4.459, 4.156, 3.869, 3.777, 3.904, 3.042, 2.409, 2.865, 1.997, 1.803, 1.701, 1.928, 2.179, 2.454, 2.588, 1.847, 1.551, 0.971, 0.0, 1.004, 1.35, 1.091, 1.201, 1.387, 1.354, 1.227, 2.021, 3.92, 4.5, 4.324, 3.42, 3.588, 4.607, 8.47, 10.322, 10.484, 9.707, 9.212, 9.282, 8.957, 8.873, 9.069], [4.729, 5.317, 5.78, 6.106, 5.896, 5.719, 4.907, 5.153, 5.114, 5.604, 6.553, 7.625, 8.313, 9.297, 10.264, 9.059, 5.442, 3.369, 2.773, 2.675, 2.408, 2.298, 2.377, 2.098, 2.21, 2.301, 2.221, 2.432, 2.355, 2.218, 2.408, 3.148, 2.817, 2.953, 2.967, 2.993, 2.978, 3.747, 3.941, 3.64, 3.902, 3.908, 4.294, 4.749, 4.958, 4.631, 4.344, 4.218, 4.302, 3.398, 2.768, 3.039, 2.14, 1.976, 1.883, 2.127, 2.533, 2.775, 2.752, 1.833, 1.613, 1.281, 1.004, 0.0, 1.064, 0.783, 1.063, 1.358, 1.264, 1.204, 2.112, 3.631, 4.172, 4.005, 3.099, 3.27, 4.283, 8.143, 10.0, 10.156, 9.418, 8.933, 8.993, 8.689, 8.554, 8.742], [4.894, 5.411, 5.846, 6.16, 5.939, 5.912, 5.283, 5.557, 5.471, 5.985, 6.922, 7.958, 8.748, 9.733, 10.7, 9.407, 6.024, 3.472, 3.002, 2.919, 2.646, 2.324, 2.382, 2.2, 2.301, 2.374, 2.196, 2.664, 2.475, 2.196, 2.053, 2.935, 2.764, 2.905, 2.705, 2.699, 2.911, 3.677, 3.724, 3.499, 3.815, 3.869, 4.312, 4.647, 4.769, 4.431, 4.144, 3.982, 4.053, 3.189, 2.907, 3.346, 2.616, 2.449, 2.547, 2.685, 2.953, 3.201, 3.159, 2.11, 2.023, 1.666, 1.35, 1.064, 0.0, 0.986, 1.348, 1.755, 1.745, 1.681, 2.089, 3.246, 3.736, 3.572, 2.67, 2.853, 3.843, 7.716, 9.584, 9.786, 9.012, 8.645, 8.675, 8.328, 8.156, 8.306], [4.774, 5.369, 5.848, 6.167, 5.957, 5.788, 4.955, 5.156, 5.033, 5.647, 6.521, 7.658, 8.35, 9.244, 10.206, 8.948, 5.479, 3.357, 2.87, 2.737, 2.423, 2.236, 2.342, 1.984, 1.894, 1.954, 1.847, 2.219, 2.231, 1.969, 2.159, 2.893, 2.472, 2.607, 2.587, 2.759, 2.694, 3.387, 3.65, 3.362, 3.619, 3.757, 4.141, 4.545, 4.751, 4.468, 4.252, 3.996, 4.025, 3.329, 2.782, 3.062, 2.145, 1.972, 1.914, 2.161, 2.498, 2.758, 2.767, 1.911, 1.707, 1.243, 1.091, 0.783, 0.986, 0.0, 1.008, 1.373, 1.417, 1.558, 2.161, 3.647, 4.25, 4.075, 3.161, 3.329, 4.357, 8.218, 10.064, 10.234, 9.398, 8.924, 9.024, 8.702, 8.623, 8.82], [5.15, 5.435, 5.815, 6.169, 6.004, 5.74, 4.868, 4.783, 4.694, 5.203, 6.231, 7.249, 7.913, 8.805, 9.764, 8.601, 5.444, 3.752, 3.306, 3.015, 2.824, 2.835, 2.956, 2.64, 2.485, 2.608, 2.462, 2.783, 2.751, 2.529, 2.581, 3.493, 3.163, 3.339, 3.245, 3.34, 3.376, 4.016, 4.299, 4.074, 4.349, 4.383, 4.72, 5.2, 5.467, 5.181, 4.921, 4.716, 4.712, 3.954, 3.23, 3.038, 1.976, 1.808, 1.605, 1.709, 2.103, 2.292, 2.238,