[[0.0, 0.852, 1.744, 2.265, 2.628, 3.257, 4.734, 5.596, 5.448, 5.225, 4.844, 4.808, 5.359, 7.566, 9.3, 9.324, 8.502, 8.301, 8.388, 7.588, 7.415, 6.442, 5.759, 5.556, 6.017, 6.99, 6.634, 5.996, 6.367, 6.898, 7.201, 7.316, 7.512, 8.036, 8.612, 8.776, 8.657, 8.9, 8.993, 8.808, 8.416, 8.443, 9.092, 8.955, 8.948, 8.95, 7.777, 6.368, 5.661, 5.298, 5.153, 4.292, 3.596, 4.018, 3.949, 3.771, 3.267, 4.502, 5.461, 5.954, 6.351, 6.744, 6.499, 4.428, 3.049, 2.553, 2.599, 3.819, 4.055, 4.467, 5.419, 5.863, 5.814, 4.438, 3.462, 2.944, 2.5, 2.232, 2.192, 2.188, 2.674, 3.306, 2.721, 2.381, 2.292, 2.139], [0.852, 0.0, 1.218, 1.837, 2.247, 2.901, 4.284, 5.152, 5.025, 4.843, 4.483, 4.355, 4.969, 7.178, 8.912, 8.944, 8.125, 7.921, 7.984, 7.192, 7.027, 6.036, 5.392, 5.154, 5.608, 6.603, 6.226, 5.619, 5.974, 6.475, 6.823, 6.925, 7.085, 7.655, 8.276, 8.394, 8.262, 8.486, 8.6, 8.42, 7.985, 8.05, 8.66, 8.531, 8.538, 8.533, 7.347, 6.064, 5.364, 4.987, 4.789, 4.002, 3.2, 3.717, 3.642, 3.44, 2.87, 4.071, 5.018, 5.532, 5.941, 6.341, 6.152, 4.02, 2.492, 2.026, 2.07, 3.44, 3.643, 4.058, 5.002, 5.445, 5.403, 4.021, 3.126, 2.451, 2.094, 1.779, 1.619, 1.73, 2.222, 2.854, 2.331, 1.98, 1.847, 1.806], [1.744, 1.218, 0.0, 1.029, 1.76, 2.087, 3.411, 4.279, 4.138, 4.021, 3.796, 3.537, 4.121, 6.249, 7.986, 8.019, 7.204, 6.978, 7.045, 6.26, 6.097, 5.108, 4.486, 4.233, 4.7, 5.647, 5.268, 4.655, 5.058, 5.631, 5.798, 5.93, 6.236, 6.788, 7.333, 7.452, 7.341, 7.625, 7.736, 7.485, 7.104, 7.224, 7.778, 7.561, 7.554, 7.545, 6.386, 5.157, 4.488, 4.243, 4.154, 3.452, 2.573, 2.902, 2.813, 2.752, 2.159, 3.156, 4.071, 4.817, 5.179, 5.586, 5.292, 3.191, 1.876, 1.619, 1.508, 2.713, 2.697, 3.094, 4.023, 4.466, 4.418, 3.041, 2.154, 1.538, 1.648, 1.575, 1.389, 1.569, 1.897, 2.251, 1.692, 1.345, 1.325, 1.414], [2.265, 1.837, 1.029, 0.0, 1.088, 1.608, 2.674, 3.556, 3.434, 3.441, 3.454, 3.099, 3.63, 5.617, 7.255, 7.292, 6.462, 6.244, 6.317, 5.528, 5.365, 4.393, 3.865, 3.684, 4.015, 4.912, 4.563, 3.926, 4.335, 4.9, 5.068, 5.167, 5.486, 6.056, 6.639, 6.769, 6.623, 6.91, 7.017, 6.737, 6.379, 6.48, 7.059, 6.834, 6.814, 6.8, 5.649, 4.51, 3.686, 3.57, 3.513, 2.838, 2.355, 2.514, 2.5, 2.641, 2.053, 2.665, 3.392, 4.094, 4.476, 4.904, 4.625, 2.542, 1.514, 1.491, 1.062, 2.125, 2.11, 2.475, 3.338, 3.788, 3.733, 2.464, 1.586, 1.369, 1.877, 1.942, 1.397, 1.518, 1.679, 1.711, 1.392, 1.197, 1.242, 1.314], [2.628, 2.247, 1.76, 1.088, 0.0, 1.249, 2.228, 3.113, 3.073, 3.047, 2.967, 2.682, 3.229, 5.176, 6.889, 6.914, 6.071, 5.879, 5.943, 5.152, 4.991, 4.108, 3.554, 3.275, 3.604, 4.565, 4.209, 3.636, 3.938, 4.454, 4.827, 4.902, 5.156, 5.707, 6.282, 6.408, 6.279, 6.534, 6.608, 6.416, 6.03, 6.095, 6.597, 6.493, 6.463, 6.457, 5.323, 4.291, 3.579, 3.483, 3.407, 2.786, 2.436, 2.692, 2.822, 2.996, 2.235, 2.68, 3.161, 3.482, 3.879, 4.382, 4.213, 2.448, 1.5, 1.901, 1.304, 1.833, 2.004, 2.295, 3.07, 3.498, 3.488, 2.336, 1.71, 1.72, 2.248, 2.32, 1.645, 1.717, 1.666, 1.639, 1.628, 1.549, 1.775, 1.86], [3.257, 2.901, 2.087, 1.608, 1.249, 0.0, 1.643, 2.472, 2.352, 2.234, 2.14, 1.94, 2.448, 4.398, 6.126, 6.134, 5.297, 5.128, 5.192, 4.369, 4.193, 3.27, 2.728, 2.444, 2.895, 3.878, 3.559, 3.03, 3.295, 3.818, 4.326, 4.328, 4.457, 5.01, 5.593, 5.748, 5.63, 5.861, 5.946, 5.764, 5.368, 5.357, 5.979, 5.846, 5.835, 5.869, 4.78, 3.898, 3.322, 3.251, 3.228, 2.587, 2.404, 2.649, 2.681, 2.847, 1.978, 2.37, 2.754, 3.177, 3.584, 3.994, 3.701, 2.171, 2.101, 2.449, 1.858, 1.935, 1.959, 2.052, 2.748, 3.053, 3.027, 2.277, 1.986, 1.971, 2.592, 2.712, 2.184, 2.137, 1.962, 1.877, 1.878, 1.785, 2.026, 2.069], [4.734, 4.284, 3.411, 2.674, 2.228, 1.643, 0.0, 1.081, 1.344, 1.526, 1.8, 1.375, 1.792, 3.205, 4.735, 4.771, 3.939, 3.733, 3.796, 2.988, 2.82, 2.202, 1.912, 1.567, 1.801, 2.667, 2.314, 1.958, 2.072, 2.483, 3.03, 2.997, 3.214, 3.714, 4.269, 4.384, 4.248, 4.48, 4.584, 4.349, 4.089, 4.174, 4.627, 4.344, 4.402, 4.428, 3.492, 2.987, 2.658, 2.837, 2.752, 2.418, 2.554, 2.497, 2.688, 3.049, 2.519, 1.857, 2.263, 2.455, 2.763, 3.135, 3.111, 2.371, 2.435, 3.358, 2.693, 2.004, 1.996, 1.886, 2.227, 2.428, 2.552, 2.26, 2.159, 2.798, 3.792, 4.135, 3.294, 3.122, 2.688, 2.244, 2.599, 2.65, 2.886, 3.058], [5.596, 5.152, 4.279, 3.556, 3.113, 2.472, 1.081, 0.0, 0.929, 1.362, 1.722, 1.415, 1.48, 2.313, 4.011, 4.022, 3.091, 2.931, 3.011, 2.279, 2.078, 1.474, 1.322, 1.124, 1.306, 2.195, 2.097, 2.051, 1.666, 1.855, 2.455, 2.363, 2.584, 3.079, 3.722, 3.842, 3.791, 4.024, 4.003, 3.978, 3.739, 3.831, 4.134, 3.99, 3.963, 3.906, 3.09, 2.961, 3.007, 3.26, 3.346, 3.093, 3.32, 3.263, 3.364, 3.6, 3.197, 2.557, 2.822, 2.935, 2.98, 3.303, 3.53, 3.087, 3.368, 4.223, 3.529, 2.756, 2.721, 2.583, 2.875, 3.025, 3.1, 3.032, 2.908, 3.527, 4.663, 4.996, 4.163, 3.976, 3.556, 3.17, 3.472, 3.535, 3.731, 3.902], [5.448, 5.025, 4.138, 3.434, 3.073, 2.352, 1.344, 0.929, 0.0, 1.111, 1.449, 1.302, 1.537, 2.441, 4.152, 4.156, 3.238, 3.095, 3.196, 2.479, 2.216, 1.422, 1.14, 0.793, 1.185, 2.253, 2.177, 2.077, 1.868, 2.426, 2.837, 2.797, 2.98, 3.613, 4.286, 4.387, 4.304, 4.386, 4.455, 4.574, 4.327, 4.411, 4.622, 4.489, 4.458, 4.454, 3.618, 3.312, 3.274, 3.478, 3.565, 3.207, 3.42, 3.394, 3.527, 3.769, 3.21, 2.642, 2.968, 3.232, 3.157, 3.488, 3.621, 3.111, 3.439, 4.146, 3.398, 2.793, 2.732, 2.616, 2.922, 3.06, 3.109, 3.031, 2.962, 3.354, 4.432, 4.801, 4.065, 4.012, 3.7, 3.275, 3.558, 3.638, 3.753, 3.863], [5.225, 4.843, 4.021, 3.441, 3.047, 2.234, 1.526, 1.362, 1.111, 0.0, 0.691, 0.823, 1.054, 2.538, 4.344, 4.349, 3.407, 3.277, 3.354, 2.73, 2.534, 1.837, 1.42, 1.143, 1.159, 2.209, 2.161, 1.967, 1.878, 2.539, 2.931, 2.865, 3.046, 3.643, 4.353, 4.495, 4.425, 4.541, 4.594, 4.69, 4.395, 4.45, 4.912, 4.682, 4.632, 4.616, 3.753, 3.004, 2.916, 3.079, 3.117, 2.684, 2.931, 3.041, 2.997, 3.054, 2.48, 2.486, 2.782, 3.127, 3.178, 3.508, 3.555, 3.001, 3.487, 4.089, 3.613, 2.85, 2.808, 2.467, 2.7, 2.831, 2.868, 2.883, 2.983, 3.154, 4.131, 4.539, 3.967, 3.638, 3.279, 2.963, 3.348, 3.246, 3.421, 3.578], [4.844, 4.483, 3.796, 3.454, 2.967, 2.14, 1.8, 1.722, 1.449, 0.691, 0.0, 0.761, 1.137, 2.922, 4.742, 4.75, 3.84, 3.715, 3.778, 3.074, 2.881, 2.171, 1.645, 1.442, 1.529, 2.61, 2.487, 2.208, 2.238, 2.911, 3.331, 3.256, 3.419, 4.042, 4.738, 4.91, 4.822, 4.936, 4.959, 5.072, 4.774, 4.819, 5.302, 5.091, 5.051, 5.033, 4.166, 3.15, 3.118, 3.137, 3.195, 2.69, 2.982, 3.132, 3.047, 3.035, 2.407, 2.668, 2.954, 3.33, 3.29, 3.634, 3.668, 3.122, 3.504, 3.965, 3.676, 3.07, 3.022, 2.692, 2.845, 2.964, 2.996, 3.105, 3.132, 3.055, 3.771, 4.158, 3.632, 3.347, 3.054, 3.05, 3.307, 2.998, 3.235, 3.326], [4.808, 4.355, 3.537, 3.099, 2.682, 1.94, 1.375, 1.415, 1.302, 0.823, 0.761, 0.0, 1.105, 2.969, 4.769, 4.781, 3.887, 3.676, 3.741, 3.088, 2.89, 2.115, 1.593, 1.244, 1.459, 2.516, 2.373, 1.984, 2.022, 2.695, 3.145, 3.073, 3.287, 3.91, 4.557, 4.673, 4.553, 4.688, 4.723, 4.824, 4.546, 4.663, 5.11, 4.848, 4.811, 4.794, 3.923, 3.151, 2.834, 3.023, 3.057, 2.573, 2.764, 2.9, 2.81, 2.908, 2.266, 2.241, 2.495, 2.883, 2.934, 3.252, 3.325, 2.838, 3.172, 3.749, 3.191, 2.667, 2.596, 2.342, 2.547, 2.633, 2.676, 2.712, 2.669, 2.754, 3.742, 4.135, 3.525, 3.232, 2.912, 2.76, 3.03, 2.897, 3.043, 3.28], [5.359, 4.969, 4.121, 3.63, 3.229, 2.448, 1.792, 1.48, 1.537, 1.054, 1.137, 1.105, 0.0, 2.348, 4.177, 4.18, 3.332, 3.209, 3.282, 2.381, 2.262, 1.842, 1.638, 1.521, 1.413, 2.228, 1.888, 1.76, 1.6, 2.302, 2.959, 2.894, 3.009, 3.467, 4.094, 4.246, 4.119, 4.25, 4.323, 4.402, 4.124, 4.202, 4.551, 4.403, 4.419, 4.446, 3.618, 2.636, 2.584, 2.847, 3.012, 2.694, 3.121, 3.082, 3.007, 3.009, 2.546, 2.516, 2.662, 2.885, 2.868, 3.192, 3.254, 2.95, 3.73, 4.242, 3.783, 2.969, 2.873, 2.599, 2.606, 2.693, 2.762, 3.045, 3.21, 3.331, 4.243, 4.687, 4.188, 3.916, 3.543, 3.26, 3.594, 3.462, 3.697, 3.817], [7.566, 7.178, 6.249, 5.617, 5.176, 4.398, 3.205, 2.313, 2.441, 2.538, 2.922, 2.969, 2.348, 0.0, 1.987, 2.016, 1.314, 1.263, 1.544, 1.185, 1.103, 1.451, 1.895, 2.206, 1.786, 1.768, 1.818, 2.242, 1.754, 1.795, 1.75, 1.66, 1.84, 2.312, 2.937, 3.149, 3.219, 3.391, 3.401, 3.321, 3.253, 3.357, 3.5, 3.309, 3.209, 3.198, 2.856, 3.043, 3.386, 3.803, 4.054, 4.346, 4.84, 4.526, 4.537, 4.683, 4.548, 3.685, 3.44, 3.234, 2.937, 3.19, 3.252, 4.173, 5.445, 6.277, 5.569, 4.349, 4.194, 3.768, 3.553, 3.611, 3.57, 4.077, 4.631, 5.392, 6.488, 6.91, 6.263, 5.944, 5.528, 5.031, 5.516, 5.549, 5.732, 5.931], [9.3, 8.912, 7.986, 7.255, 6.889, 6.126, 4.735, 4.011, 4.152, 4.344, 4.742, 4.769, 4.177, 1.987, 0.0, 0.568, 1.049, 1.367, 1.479, 1.851, 2.13, 3.146, 3.686, 3.98, 3.613, 2.524, 2.796, 3.416, 3.02, 2.593, 2.528, 2.352, 2.043, 1.789, 1.94, 2.138, 2.287, 2.259, 2.125, 2.093, 2.283, 2.283, 2.196, 2.118, 2.009, 2.007, 2.409, 3.35, 4.005, 4.464, 4.644, 5.353, 6.068, 5.794, 5.885, 6.082, 6.208, 5.03, 4.322, 3.909, 3.494, 3.257, 3.362, 5.094, 6.994, 8.0, 7.208, 5.705, 5.477, 5.1, 4.403, 4.211, 4.092, 5.158, 6.168, 7.153, 8.254, 8.647, 7.902, 7.576, 7.101, 6.542, 7.116, 7.28, 7.421, 7.612], [9.324, 8.944, 8.019, 7.292, 6.914, 6.134, 4.771, 4.022, 4.156, 4.349, 4.75, 4.781, 4.18, 2.016, 0.568, 0.0, 1.066, 1.573, 1.673, 1.888, 2.18, 3.187, 3.699, 3.989, 3.638, 2.67, 2.875, 3.476, 3.059, 2.672, 2.582, 2.425, 2.234, 1.887, 1.943, 2.055, 2.171, 2.197, 2.091, 2.23, 2.39, 2.369, 2.169, 2.072, 2.054, 1.977, 2.49, 3.437, 4.062, 4.515, 4.699, 5.394, 6.123, 5.86, 5.908, 6.135, 6.251, 5.083, 4.517, 4.103, 3.661, 3.491, 3.606, 5.181, 7.023, 8.036, 7.244, 5.72, 5.543, 5.163, 4.541, 4.367, 4.288, 5.227, 6.22, 7.188, 8.28, 8.684, 7.947, 7.603, 7.138, 6.556, 7.14, 7.302, 7.467, 7.667], [8.502, 8.125, 7.204, 6.462, 6.071, 5.297, 3.939, 3.091, 3.238, 3.407, 3.84, 3.887, 3.332, 1.314, 1.049, 1.066, 0.0, 0.864, 1.087, 1.101, 1.327, 2.313, 2.826, 3.061, 2.723, 1.974, 2.165, 2.687, 2.29, 1.94, 1.741, 1.593, 1.578, 1.623, 2.073, 2.299, 2.382, 2.438, 2.385, 2.273, 2.285, 2.341, 2.395, 2.246, 2.131, 2.112, 2.176, 2.793, 3.373, 3.837, 4.057, 4.575, 5.287, 5.005, 5.151, 5.329, 5.418, 4.271, 3.815, 3.456, 3.034, 3.221, 3.291, 4.411, 6.201, 7.216, 6.411, 4.861, 4.712, 4.296, 3.783, 3.628, 3.666, 4.45, 5.386, 6.34, 7.447, 7.85, 7.112, 6.773, 6.311, 5.709, 6.325, 6.48, 6.64, 6.84], [8.301, 7.921, 6.978, 6.244, 5.879, 5.128, 3.733, 2.931, 3.095, 3.277, 3.715, 3.676, 3.209, 1.263, 1.367, 1.573, 0.864, 0.0, 0.541, 1.097, 1.342, 2.166, 2.789, 2.945, 2.417, 1.503, 1.783, 2.411, 2.028, 1.622, 1.52, 1.342, 1.441, 1.644, 2.136, 2.449, 2.55, 2.607, 2.604, 2.45, 2.495, 2.562, 2.643, 2.48, 2.285, 2.288, 2.11, 2.683, 3.202, 3.676, 3.883, 4.357, 5.073, 4.783, 4.976, 5.15, 5.197, 3.986, 3.392, 3.04, 2.796, 2.983, 3.035, 4.188, 5.976, 6.986, 6.217, 4.733, 4.475, 4.068, 3.422, 3.344, 3.286, 4.114, 5.127, 6.106, 7.218, 7.624, 6.893, 6.573, 6.095, 5.516, 6.116, 6.273, 6.41, 6.601], [8.388, 7.984, 7.045, 6.317, 5.943, 5.192, 3.796, 3.011, 3.196, 3.354, 3.778, 3.741, 3.282, 1.544, 1.479, 1.673, 1.087, 0.541, 0.0, 1.239, 1.497, 2.297, 2.918, 3.072, 2.499, 1.46, 1.83, 2.487, 2.117, 1.673, 1.604, 1.419, 1.502, 1.672, 2.185, 2.508, 2.608, 2.627, 2.636, 2.463, 2.533, 2.567, 2.68, 2.527, 2.296, 2.298, 2.18, 2.691, 3.233, 3.687, 3.854, 4.316, 5.082, 4.83, 4.999, 5.216, 5.275, 4.035, 3.346, 2.981, 2.747, 2.895, 2.975, 4.245, 6.059, 7.064, 6.279, 4.864, 4.598, 4.138, 3.353, 3.237, 3.17, 4.125, 5.19, 6.169, 7.284, 7.697, 6.974, 6.659, 6.179, 5.602, 6.205, 6.358, 6.475, 6.667], [7.588, 7.192, 6.26, 5.528, 5.152, 4.369, 2.988, 2.279, 2.479, 2.73, 3.074, 3.088, 2.381, 1.185, 1.851, 1.888, 1.101, 1.097, 1.239, 0.0, 0.657, 1.573, 2.134, 2.318, 2.021, 1.573, 1.606, 1.937, 1.652, 1.477, 1.56, 1.421, 1.56, 1.901, 2.384, 2.596, 2.684, 2.759, 2.764, 2.682, 2.624, 2.71, 2.837, 2.684, 2.559, 2.542, 2.326, 2.598, 3.091, 3.547, 3.676, 3.959, 4.536, 4.255, 4.531, 4.739, 4.579, 3.449, 3.099, 3.059, 2.848, 3.108, 3.247, 3.764, 5.286, 6.282, 5.474, 4.092, 3.825, 3.476, 3.086, 3.145, 3.142, 3.605, 4.474, 5.403, 6.506, 6.912, 6.182, 5.885, 5.388, 4.865, 5.421, 5.568, 5.705, 5.9], [7.415, 7.027, 6.097, 5.365, 4.991, 4.193, 2.82, 2.078, 2.216, 2.534, 2.881, 2.89, 2.262, 1.103, 2.13, 2.18, 1.327, 1.342, 1.497, 0.657, 0.0, 1.148, 1.806, 1.996, 1.817, 1.606, 1.748, 2.017, 1.76, 1.708, 1.741, 1.592, 1.8, 2.249, 2.846, 3.071, 3.154, 3.262, 3.296, 3.193, 3.161, 3.226, 3.356, 3.215, 3.088, 3.063, 2.777, 2.931, 3.383, 3.817, 3.906, 4.103, 4.646, 4.4, 4.643, 4.863, 4.605, 3.486, 3.225, 3.222, 3.003, 3.251, 3.371, 3.875, 5.119, 6.107, 5.315, 4.036, 3.757, 3.454, 3.166, 3.275, 3.242, 3.646, 4.299, 5.243, 6.337, 6.752, 6.017, 5.776, 5.326, 4.827, 5.279, 5.394, 5.54, 5.733], [6.442, 6.036, 5.108, 4.393, 4.108, 3.27, 2.202, 1.474, 1.422, 1.837, 2.171, 2.115, 1.842, 1.451, 3.146, 3.187, 2.313, 2.166, 2.297, 1.573, 1.148, 0.0, 0.816, 1.293, 1.328, 1.718, 1.762, 1.968, 1.721, 2.13, 2.326, 2.251, 2.55, 3.102, 3.799, 3.961, 4.042, 4.187, 4.212, 4.157, 4.087, 4.162, 4.306, 4.124, 4.041, 4.017, 3.583, 3.48, 3.624, 3.994, 4.034, 4.01, 4.43, 4.206, 4.313, 4.539, 4.103, 3.244, 3.218, 3.266, 3.102, 3.386, 3.472, 3.736, 4.381, 5.122, 4.39, 3.644, 3.271, 3.074, 3.145, 3.25, 3.196, 3.409, 3.565, 4.356, 5.384, 5.772, 5.192, 5.129, 4.803, 4.287, 4.639, 4.615, 4.763, 4.809], [5.759, 5.392, 4.486, 3.865, 3.554, 2.728, 1.912, 1.322, 1.14, 1.42, 1.645, 1.593, 1.638, 1.895, 3.686, 3.699, 2.826, 2.789, 2.918, 2.134, 1.806, 0.816, 0.0, 0.959, 1.043, 1.984, 1.95, 1.902, 1.788, 2.435, 2.819, 2.746, 3.005, 3.556, 4.256, 4.38, 4.4, 4.586, 4.612, 4.613, 4.469, 4.562, 4.711, 4.525, 4.498, 4.461, 3.904, 3.594, 3.731, 4.056, 4.063, 3.756, 4.024, 3.894, 3.985, 4.172, 3.568, 2.955, 3.214, 3.374, 3.186, 3.511, 3.548, 3.412, 3.977, 4.491, 3.894, 3.317, 3.076, 2.871, 3.031, 3.155, 3.159, 3.262, 3.262, 3.794, 4.798, 5.139, 4.653, 4.623, 4.328, 3.894, 4.137, 4.067, 4.239, 4.29], [5.556, 5.154, 4.233, 3.684, 3.275, 2.444, 1.567, 1.124, 0.793, 1.143, 1.442, 1.244, 1.521, 2.206, 3.98, 3.989, 3.061, 2.945, 3.072, 2.318, 1.996, 1.293, 0.959, 0.0, 0.915, 2.02, 1.93, 1.752, 1.633, 2.319, 2.726, 2.679, 2.896, 3.503, 4.187, 4.304, 4.231, 4.398, 4.433, 4.502, 4.303, 4.393, 4.581, 4.457, 4.423, 4.423, 3.71, 3.313, 3.313, 3.529, 3.547, 3.137, 3.317, 3.346, 3.396, 3.584, 3.095, 2.464, 2.724, 3.026, 2.777, 3.106, 3.169, 2.854, 3.499, 4.337, 3.651, 2.696, 2.605, 2.437, 2.68, 2.793, 2.822, 2.867, 2.929, 3.429, 4.513, 4.892, 4.175, 4.079, 3.652, 3.306, 3.553, 3.649, 3.715, 3.906], [6.017, 5.608, 4.7, 4.015, 3.604, 2.895, 1.801, 1.306, 1.185, 1.159, 1.529, 1.459, 1.413, 1.786, 3.613, 3.638, 2.723, 2.417, 2.499, 2.021, 1.817, 1.328, 1.043, 0.915, 0.0, 1.517, 1.47, 1.408, 1.274, 1.953, 2.344, 2.294, 2.518, 3.091, 3.795, 4.024, 3.985, 4.209, 4.203, 4.152, 4.069, 4.165, 4.37, 4.207, 4.08, 4.126, 3.492, 3.021, 3.051, 3.37, 3.382, 3.084, 3.387, 3.216, 3.358, 3.554, 3.175, 2.344, 2.517, 2.763, 2.71, 3.021, 3.056, 2.82, 3.891, 4.727, 3.973, 2.896, 2.724, 2.344, 2.394, 2.518, 2.524, 2.752, 3.083, 3.808, 4.911, 5.337, 4.65, 4.403, 3.955, 3.533, 3.953, 4.021, 4.142, 4.323], [6.99, 6.603, 5.647, 4.912, 4.565, 3.878, 2.667, 2.195, 2.253, 2.209, 2.61, 2.516, 2.228, 1.768, 2.524, 2.67, 1.974, 1.503, 1.46, 1.573, 1.606, 1.718, 1.984, 2.02, 1.517, 0.0, 0.77, 1.247, 1.07, 1.198, 1.631, 1.412, 1.655, 2.104, 2.742, 3.013, 3.089, 3.282, 3.32, 3.125, 3.111, 3.24, 3.514, 3.179, 2.948, 2.935, 2.613, 2.323, 2.443, 2.782, 2.835, 3.026, 3.705, 3.499, 3.727, 3.938, 3.946, 2.747, 2.084, 1.951, 1.949, 2.255, 2.258, 2.998, 4.691, 5.67, 4.87, 3.655, 3.354, 2.883, 2.067, 1.964, 1.864, 2.753, 3.806, 4.782, 5.888, 6.308, 5.602, 5.284, 4.789, 4.233, 4.825, 4.968, 5.076, 5.265], [6.634, 6.226, 5.268, 4.563, 4.209, 3.559, 2.314, 2.097, 2.177, 2.161, 2.487, 2.373, 1.888, 1.818, 2.796, 2.875, 2.165, 1.783, 1.83, 1.606, 1.748, 1.762, 1.95, 1.93, 1.47, 0.77, 0.0, 0.794, 0.748, 1.169, 1.743, 1.589, 1.794, 2.255, 2.878, 3.109, 3.186, 3.362, 3.421, 3.219, 3.146, 3.286, 3.52, 3.215, 3.105, 3.163, 2.675, 2.154, 2.227, 2.593, 2.6, 2.734, 3.379, 3.112, 3.327, 3.529, 3.521, 2.291, 1.82, 1.769, 1.807, 2.114, 2.063, 2.635, 4.325, 5.318, 4.559, 3.142, 2.885, 2.448, 1.848, 1.825, 1.841, 2.484, 3.456, 4.451, 5.54, 5.947, 5.234, 4.905, 4.41, 3.877, 4.451, 4.581, 4.711, 4.902], [5.996, 5.619, 4.655, 3.926, 3.636, 3.03, 1.958, 2.051, 2.077, 1.967, 2.208, 1.984, 1.76, 2.242, 3.416, 3.476, 2.687, 2.411, 2.487, 1.937, 2.017, 1.968, 1.902, 1.752, 1.408, 1.247, 0.794, 0.0, 0.808, 1.624, 2.065, 2.052, 2.238, 2.765, 3.393, 3.573, 3.62, 3.799, 3.884, 3.648, 3.542, 3.71, 3.93, 3.606, 3.472, 3.576, 2.96, 2.293, 2.136, 2.481, 2.498, 2.37, 2.87, 2.639, 2.827, 3.022, 2.97, 1.689, 1.552, 1.687, 1.892, 2.189, 1.99, 2.138, 3.771, 4.705, 3.957, 2.515, 2.266, 1.834, 1.483, 1.566, 1.731, 2.052, 2.876, 3.882, 4.937, 5.338, 4.625, 4.297, 3.792, 3.346, 3.838, 3.952, 4.085, 4.28], [6.367, 5.974, 5.058, 4.335, 3.938, 3.295, 2.072, 1.666, 1.868, 1.878, 2.238, 2.022, 1.6, 1.754, 3.02, 3.059, 2.29, 2.028, 2.117, 1.652, 1.76, 1.721, 1.788, 1.633, 1.274, 1.07, 0.748, 0.808, 0.0, 1.226, 1.773, 1.674, 1.857, 2.37, 2.986, 3.134, 3.181, 3.387, 3.4, 3.307, 3.215, 3.332, 3.563, 3.248, 3.168, 3.174, 2.695, 2.204, 2.271, 2.567, 2.632, 2.66, 3.275, 2.97, 3.163, 3.314, 3.283, 2.139, 1.841, 1.793, 1.881, 2.161, 2.162, 2.624, 4.073, 5.049, 4.26, 2.98, 2.804, 2.363, 2.005, 2.025, 2.094, 2.54, 3.26, 4.187, 5.314, 5.698, 4.992, 4.694, 4.195, 3.642, 4.221, 4.373, 4.512, 4.686], [6.898, 6.475, 5.631, 4.9, 4.454, 3.818, 2.483, 1.855, 2.426, 2.539, 2.911, 2.695, 2.302, 1.795, 2.593, 2.672, 1.94, 1.622, 1.673, 1.477, 1.708, 2.13, 2.435, 2.319, 1.953, 1.198, 1.169, 1.624, 1.226, 0.0, 1.129, 1.017, 1.083, 1.559, 2.059, 2.309, 2.39, 2.559, 2.618, 2.39, 2.304, 2.404, 2.789, 2.564, 2.422, 2.451, 1.913, 1.95, 2.294, 2.606, 2.756, 2.973, 3.632, 3.429, 3.595, 3.811, 3.943, 2.868, 2.326, 2.18, 2.159, 2.525, 2.555, 3.094, 4.552, 5.564, 4.93, 3.582, 3.5, 3.168, 2.496, 2.47, 2.608, 3.113, 3.954, 4.828, 5.946, 6.274, 5.473, 5.169, 4.712, 4.135, 4.705, 4.849, 4.973, 5.226], [7.201, 6.823, 5.798, 5.068, 4.827, 4.326, 3.03, 2.455, 2.837, 2.931, 3.331, 3.145, 2.959, 1.75, 2.528, 2.582, 1.741, 1.52, 1.604, 1.56, 1.741, 2.326, 2.819, 2.726, 2.344, 1.631, 1.743, 2.065, 1.773, 1.129, 0.0, 0.563, 0.891, 1.536, 2.123, 2.354, 2.41, 2.604, 2.672, 2.399, 2.247, 2.534, 2.9, 2.517, 2.309, 2.258, 1.693, 1.925, 2.376, 2.738, 2.91, 3.323, 3.936, 3.666, 3.763, 3.981, 4.176, 3.197, 2.786, 2.826, 2.874, 3.197, 3.231, 3.856, 4.833, 5.744, 5.148, 4.196, 4.038, 3.581, 3.027, 2.981, 3.15, 3.406, 4.082, 4.971, 6.133, 6.539, 5.819, 5.424, 4.902, 4.25, 4.841, 5.005, 5.189, 5.414], [7.316, 6.925, 5.93, 5.167, 4.902, 4.328, 2.997, 2.363, 2.797, 2.865, 3.256, 3.073, 2.894, 1.66, 2.352, 2.425, 1.593, 1.342, 1.419, 1.421, 1.592, 2.251, 2.746, 2.679, 2.294, 1.412, 1.589, 2.052, 1.674, 1.017, 0.563, 0.0, 0.741, 1.379, 1.972, 2.191, 2.252, 2.435, 2.522, 2.254, 2.189, 2.338, 2.761, 2.396, 2.199, 2.122, 1.678, 1.928, 2.383, 2.801, 3.017, 3.38, 4.052, 3.796, 3.976, 4.188, 4.307, 3.252, 2.692, 2.66, 2.67, 3.018, 3.099, 3.797, 4.919, 5.898, 5.318, 4.251, 4.083, 3.612, 2.898, 2.868, 2.921, 3.354, 4.271, 5.144, 6.321, 6.688, 5.923, 5.539, 5.039, 4.433, 5.02, 5.172, 5.355, 5.595], [7.512, 7.085, 6.236, 5.486, 5.156, 4.457, 3.214, 2.584, 2.98, 3.046, 3.419, 3.287, 3.009, 1.84, 2.043, 2.234, 1.578, 1.441, 1.502, 1.56, 1.8, 2.55, 3.005, 2.896, 2.518, 1.655, 1.794, 2.238, 1.857, 1.083, 0.891, 0.741, 0.0, 1.028, 1.706, 1.976, 2.05, 2.209, 2.25, 1.982, 1.923, 2.017, 2.502, 2.234, 1.948, 2.021, 1.685, 1.961, 2.512, 2.938, 3.158, 3.6, 4.308, 4.043, 4.116, 4.337, 4.519, 3.471, 2.795, 2.824, 2.744, 2.938, 2.931, 3.946, 5.153, 6.161, 5.57, 4.346, 4.178, 3.716, 3.068, 2.945, 3.021, 3.653, 4.514, 5.364, 6.536, 6.902, 6.075, 5.782, 5.314, 4.729, 5.312, 5.477, 5.579, 5.8], [8.036, 7.655, 6.788, 6.056, 5.707, 5.01, 3.714, 3.079, 3.613, 3.643, 4.042, 3.91, 3.467, 2.312, 1.789, 1.887, 1.623, 1.644, 1.672, 1.901, 2.249, 3.102, 3.556, 3.503, 3.091, 2.104, 2.255, 2.765, 2.37, 1.559, 1.536, 1.379, 1.028, 0.0, 1.007, 1.32, 1.417, 1.644, 1.625, 1.374, 1.414, 1.521, 1.86, 1.64, 1.362, 1.381, 1.328, 2.168, 2.776, 3.23, 3.431, 4.035, 4.785, 4.549, 4.614, 4.796, 5.093, 4.041, 3.282, 3.149, 3.112, 3.169, 3.139, 4.142, 5.721, 6.747, 6.054, 4.813, 4.595, 4.216, 3.377, 3.195, 3.294, 4.115, 4.946, 5.883, 6.99, 7.395, 6.658, 6.349, 5.911, 5.302, 5.857, 6.054, 6.167, 6.356], [8.612, 8.276, 7.333, 6.639, 6.282, 5.593, 4.269, 3.722, 4.286, 4.353, 4.738, 4.557, 4.094, 2.937, 1.94, 1.943, 2.073, 2.136, 2.185, 2.384, 2.846, 3.799, 4.256, 4.187, 3.795, 2.742, 2.878, 3.393, 2.986, 2.059, 2.123, 1.972, 1.706, 1.007, 0.0, 0.645, 0.863, 1.055, 1.078, 0.946, 1.044, 1.174, 1.388, 1.169, 1.069, 1.21, 1.505, 2.66, 3.238, 3.652, 3.862, 4.528, 5.288, 5.064, 5.138, 5.353, 5.627, 4.574, 3.859, 3.651, 3.593, 3.681, 3.662, 4.724, 6.238, 7.267, 6.666, 5.386, 5.235, 4.868, 3.914, 3.733, 3.911, 4.683, 5.543, 6.439, 7.59, 7.913, 7.261, 6.886, 6.428, 5.824, 6.35, 6.551, 6.688, 6.876], [8.776, 8.394, 7.452, 6.769, 6.408, 5.748, 4.384, 3.842, 4.387, 4.495, 4.91, 4.673, 4.246, 3.149, 2.138, 2.055, 2.299, 2.449, 2.508, 2.596, 3.071, 3.961, 4.38, 4.304, 4.024, 3.013, 3.109, 3.573, 3.134, 2.309, 2.354, 2.191, 1.976, 1.32, 0.645, 0.0, 0.605, 0.875, 0.806, 0.938, 0.986, 1.139, 1.255, 0.963, 1.225, 1.293, 1.589, 2.819, 3.421, 3.85, 4.015, 4.741, 5.451, 5.318, 5.351, 5.578, 5.797, 4.638, 4.147, 3.91, 3.853, 3.856, 3.896, 4.836, 6.403, 7.434, 6.804, 5.555, 5.382, 5.038, 4.272, 4.048, 4.138, 4.924, 5.788, 6.643, 7.771, 8.129, 7.376, 7.012, 6.549, 5.961, 6.525, 6.696, 6.843, 7.074], [8.657, 8.262, 7.341, 6.623, 6.279, 5.63, 4.248, 3.791, 4.304, 4.425, 4.822, 4.553, 4.119, 3.219, 2.287, 2.171, 2.382, 2.55, 2.608, 2.684, 3.154, 4.042, 4.4, 4.231, 3.985, 3.089, 3.186, 3.62, 3.181, 2.39, 2.41, 2.252, 2.05, 1.417, 0.863, 0.605, 0.0, 0.572, 0.732, 0.941, 1.073, 1.18, 1.259, 1.054, 1.385, 1.484, 1.659, 2.811, 3.418, 3.846, 4.051, 4.655, 5.358, 5.232, 5.308, 5.503, 5.641, 4.613, 4.142, 3.973, 3.878, 4.044, 4.101, 4.77, 6.29, 7.328, 6.658, 5.475, 5.408, 4.992, 4.307, 4.124, 4.251, 4.952, 5.781, 6.585, 7.665, 8.044, 7.278, 6.91, 6.438, 5.847, 6.424, 6.599, 6.742, 7.0], [8.9, 8.486, 7.625, 6.91, 6.534, 5.861, 4.48, 4.024, 4.386, 4.541, 4.936, 4.688, 4.25, 3.391, 2.259, 2.197, 2.438, 2.607, 2.627, 2.759, 3.262, 4.187, 4.586, 4.398, 4.209, 3.282, 3.362, 3.799, 3.387, 2.559, 2.604, 2.435, 2.209, 1.644, 1.055, 0.875, 0.572, 0.0, 0.622, 1.032, 1.192, 1.259, 1.214, 1.095, 1.414, 1.537, 1.805, 3.028, 3.63, 4.058, 4.27, 4.852, 5.645, 5.546, 5.608, 5.762, 5.869, 4.977, 4.406, 4.174, 4.084, 4.197, 4.262, 4.981, 6.58, 7.573, 6.954, 5.678, 5.622, 5.259, 4.498, 4.258, 4.435, 5.259, 6.124, 6.87, 7.902, 8.284, 7.529, 7.128, 6.661, 6.059, 6.666, 6.831, 6.981, 7.245], [8.993, 8.6, 7.736, 7.017, 6.608, 5.946, 4.584, 4.003, 4.455, 4.594, 4.959, 4.723, 4.323, 3.401, 2.125, 2.091, 2.385, 2.604, 2.636, 2.764, 3.296, 4.212, 4.612, 4.433, 4.203, 3.32, 3.421, 3.884, 3.4, 2.618, 2.672, 2.522, 2.25, 1.625, 1.078, 0.806, 0.732, 0.622, 0.0, 0.775, 0.912, 0.995, 1.06, 0.878, 1.192, 1.279, 1.697, 3.029, 3.658, 4.079, 4.253, 4.989, 5.744, 5.649, 5.696, 5.877, 6.008, 5.047, 4.485, 4.267, 4.126, 4.057, 4.191, 5.038, 6.704, 7.674, 7.094, 5.782, 5.701, 5.302, 4.595, 4.25, 4.32, 5.329, 6.174, 6.972, 8.048, 8.405, 7.625, 7.242, 6.774, 6.186, 6.766, 6.938, 7.106, 7.368], [8.808, 8.42, 7.485, 6.737, 6.416, 5.764, 4.349, 3.978, 4.574, 4.69, 5.072, 4.824, 4.402, 3.321, 2.093, 2.23, 2.273, 2.45, 2.463, 2.682, 3.193, 4.157, 4.613, 4.502, 4.152, 3.125, 3.219, 3.648, 3.307, 2.39, 2.399, 2.254, 1.982, 1.374, 0.946, 0.938, 0.941, 1.032, 0.775, 0.0, 0.719, 0.833, 0.988, 0.895, 0.845, 1.064, 1.521, 2.917, 3.465, 3.86, 4.033, 4.796, 5.508, 5.324, 5.432, 5.656, 5.873, 4.762, 4.018, 3.753, 3.774, 3.671, 3.738, 4.859, 6.427, 7.438, 6.843, 5.596, 5.446, 5.085, 4.214, 3.885, 4.035, 4.975, 5.859, 6.771, 7.893, 8.217, 7.429, 7.041, 6.557, 6.002, 6.524, 6.721, 6.918, 7.171], [8.416, 7.985, 7.104, 6.379, 6.03, 5.368, 4.089, 3.739, 4.327, 4.395, 4.774, 4.546, 4.124, 3.253, 2.283, 2.39, 2.285, 2.495, 2.533, 2.624, 3.161, 4.087, 4.469, 4.303, 4.069, 3.111, 3.146, 3.542, 3.215, 2.304, 2.247, 2.189, 1.923, 1.414, 1.044, 0.986, 1.073, 1.192, 0.912, 0.719, 0.0, 0.634, 0.969, 0.907, 1.087, 1.26, 1.298, 2.549, 3.066, 3.409, 3.593, 4.422, 5.106, 5.007, 5.062, 5.273, 5.47, 4.504, 3.915, 3.731, 3.747, 3.662, 3.725, 4.547, 6.045, 7.055, 6.429, 5.212, 5.174, 4.888, 4.173, 3.887, 4.0, 4.853, 5.582, 6.397, 7.46, 7.802, 6.984, 6.627, 6.146, 5.561, 6.141, 6.281, 6.521, 6.782], [8.443, 8.05, 7.224, 6.48, 6.095, 5.357, 4.174, 3.831, 4.411, 4.45, 4.819, 4.663, 4.202, 3.357, 2.283, 2.369, 2.341, 2.562, 2.567, 2.71, 3.226, 4.162, 4.562, 4.393, 4.165, 3.24, 3.286, 3.71, 3.332, 2.404, 2.534, 2.338, 2.017, 1.521, 1.174, 1.139, 1.18, 1.259, 0.995, 0.833, 0.634, 0.0, 0.922, 1.002, 1.147, 1.302, 1.455, 2.657, 3.209, 3.512, 3.646, 4.447, 5.208, 5.063, 5.146, 5.415, 5.615, 4.709, 4.056, 3.794, 3.74, 3.651, 3.709, 4.646, 6.149, 7.188, 6.59, 5.309, 5.287, 5.017, 4.332, 3.943, 4.014, 4.997, 5.801, 6.547, 7.611, 7.898, 7.049, 6.71, 6.257, 5.696, 6.234, 6.39, 6.609, 6.861], [9.092, 8.66, 7.778, 7.059, 6.597, 5.979, 4.627, 4.134, 4.622, 4.912, 5.302, 5.11, 4.551, 3.5, 2.196, 2.169, 2.395, 2.643, 2.68, 2.837, 3.356, 4.306, 4.711, 4.581, 4.37, 3.514, 3.52, 3.93, 3.563, 2.789, 2.9, 2.761, 2.502, 1.86, 1.388, 1.255, 1.259, 1.214, 1.06, 0.988, 0.969, 0.922, 0.0, 0.805, 1.177, 1.228, 1.828, 3.284, 3.787, 4.131, 4.254, 5.087, 5.813, 5.639, 5.8, 6.064, 6.16, 5.135, 4.459, 3.982, 3.765, 3.678, 3.843, 4.917, 6.722, 7.801, 7.012, 5.615, 5.579, 5.392, 4.676, 4.314, 4.447, 5.496, 6.329, 7.181, 8.189, 8.496, 7.692, 7.318, 6.837, 6.243, 6.813, 6.98, 7.259, 7.514], [8.955, 8.531, 7.561, 6.834, 6.493, 5.846, 4.344, 3.99, 4.489, 4.682, 5.091, 4.848, 4.403, 3.309, 2.118, 2.072, 2.246, 2.48, 2.527, 2.684, 3.215, 4.124, 4.525, 4.457, 4.207, 3.179, 3.215, 3.606, 3.248, 2.564, 2.517, 2.396, 2.234, 1.64, 1.169, 0.963, 1.054, 1.095, 0.878, 0.895, 0.907, 1.002, 0.805, 0.0, 0.959, 1.062, 1.516, 2.986, 3.534, 3.954, 4.13, 4.905, 5.67, 5.486, 5.564, 5.812, 5.892, 4.725, 4.152, 3.844, 3.843, 3.785, 3.867, 4.895, 6.594, 7.608, 6.87, 5.562, 5.397, 5.048, 4.263, 3.971, 4.135, 5.068, 5.963, 6.887, 7.995, 8.354, 7.524, 7.178, 6.667, 6.133, 6.632, 6.808, 7.035, 7.294], [8.948, 8.538, 7.554, 6.814, 6.463, 5.835, 4.402, 3.963, 4.458, 4.632, 5.051, 4.811, 4.419, 3.209, 2.009, 2.054, 2.131, 2.285, 2.296, 2.559, 3.088, 4.041, 4.498, 4.423, 4.08, 2.948, 3.105, 3.472, 3.168, 2.422, 2.309, 2.199, 1.948, 1.362, 1.069, 1.225, 1.385, 1.414, 1.192, 0.845, 1.087, 1.147, 1.177, 0.959, 0.0, 0.619, 1.343, 2.892, 3.508, 3.921, 4.09, 4.9, 5.639, 5.409, 5.526, 5.776, 5.865, 4.694, 3.896, 3.608, 3.688, 3.549, 3.628, 4.931, 6.539, 7.561, 6.849, 5.604, 5.41, 4.999, 4.035, 3.697, 3.885, 4.939, 5.878, 6.835, 7.972, 8.325, 7.528, 7.158, 6.63, 6.068, 6.636, 6.789, 7.02, 7.276], [8.95, 8.533, 7.545, 6.8, 6.457, 5.869, 4.428, 3.906, 4.454, 4.616, 5.033, 4.794, 4.446, 3.198, 2.007, 1.977, 2.112, 2.288, 2.298, 2.542, 3.063, 4.017, 4.461, 4.423, 4.126, 2.935, 3.163, 3.576, 3.174, 2.451, 2.258, 2.122, 2.021, 1.381, 1.21, 1.293, 1.484, 1.537, 1.279, 1.064, 1.26, 1.302, 1.228, 1.062, 0.619, 0.0, 1.262, 2.887, 3.465, 3.844, 4.025, 4.839, 5.597, 5.429, 5.517, 5.738, 5.895, 4.761, 4.043, 3.673, 3.702, 3.605, 3.742, 5.009, 6.517, 7.554, 6.822, 5.659, 5.451, 5.113, 4.147, 3.748, 3.926, 4.994, 5.869, 6.782, 7.926, 8.287, 7.525, 7.152, 6.634, 6.014, 6.618, 6.785, 6.999, 7.253], [7.777, 7.347, 6.386, 5.649, 5.323, 4.78, 3.492, 3.09, 3.618, 3.753, 4.166, 3.923, 3.618, 2.856, 2.409, 2.49, 2.176, 2.11, 2.18, 2.326, 2.777, 3.583, 3.904, 3.71, 3.492, 2.613, 2.675, 2.96, 2.695, 1.913, 1.693, 1.678, 1.685, 1.328, 1.505, 1.589, 1.659, 1.805, 1.697, 1.521, 1.298, 1.455, 1.828, 1.516, 1.343, 1.262, 0.0, 1.901, 2.302, 2.74, 2.956, 3.71, 4.419, 4.27, 4.338, 4.538, 4.734, 3.875, 3.472, 3.264, 3.43, 3.568, 3.499, 4.034, 5.428, 6.371, 5.649, 4.611, 4.646, 4.307, 3.655, 3.424, 3.632, 4.198, 4.847, 5.648, 6.778, 7.121, 6.326, 5.972, 5.493, 4.943, 5.487, 5.643, 5.814, 6.067], [6.368, 6.064, 5.157, 4.51, 4.291, 3.898, 2.987, 2.961, 3.312, 3.004, 3.15, 3.151, 2.636, 3.043, 3.35, 3.437, 2.793, 2.683, 2.691, 2.598, 2.931, 3.48, 3.594, 3.313, 3.021, 2.323, 2.154, 2.293, 2.204, 1.95, 1.925, 1.928, 1.961, 2.168, 2.66, 2.819, 2.811, 3.028, 3.029, 2.917, 2.549, 2.657, 3.284, 2.986, 2.892, 2.887, 1.901, 0.0, 1.149, 1.291, 1.455, 2.24, 3.072, 2.907, 2.927, 3.025, 3.6, 3.147, 2.854, 2.744, 2.872, 2.988, 2.816, 3.198, 4.229, 5.014, 4.814, 3.877, 3.836, 3.479, 2.915, 2.712, 2.9, 3.261, 3.739, 4.338, 5.304, 5.644, 5.053, 4.649, 4.195, 3.549, 4.114, 4.263, 4.369, 4.552], [5.661, 5.364, 4.488, 3.686, 3.579, 3.322, 2.658, 3.007, 3.274, 2.916, 3.118, 2.834, 2.584, 3.386, 4.005, 4.062, 3.373, 3.202, 3.233, 3.091, 3.383, 3.624, 3.731, 3.313, 3.051, 2.443, 2.227, 2.136, 2.271, 2.294, 2.376, 2.383, 2.512, 2.776, 3.238, 3.421, 3.418, 3.63, 3.658, 3.465, 3.066, 3.209, 3.787, 3.534, 3.508, 3.465, 2.302, 1.149, 0.0, 0.743, 1.086, 1.686, 2.409, 2.218, 2.273, 2.376, 2.82, 2.307, 2.178, 2.101, 2.353, 2.534, 2.266, 2.449, 3.757, 4.453, 3.939, 2.984, 3.073, 2.78, 2.314, 2.167, 2.375, 2.66, 3.12, 3.747, 4.697, 5.038, 4.407, 4.026, 3.62, 3.074, 3.527, 3.639, 3.74, 3.9], [5.298, 4.987, 4.243, 3.57, 3.483, 3.251, 2.837, 3.26, 3.478, 3.079, 3.137, 3.023, 2.847, 3.803, 4.464, 4.515, 3.837, 3.676, 3.687, 3.547, 3.817, 3.994, 4.056, 3.529, 3.37, 2.782, 2.593, 2.481, 2.567, 2.606, 2.738, 2.801, 2.938, 3.23, 3.652, 3.85, 3.846, 4.058, 4.079, 3.86, 3.409, 3.512, 4.131, 3.954, 3.921, 3.844, 2.74, 1.291, 0.743, 0.0, 0.83, 1.382, 2.057, 1.967, 2.002, 2.076, 2.724, 2.409, 2.326, 2.249, 2.457, 2.611, 2.383, 2.59, 3.487, 4.24, 3.931, 2.961, 3.137, 2.939, 2.487, 2.364, 2.578, 2.847, 3.182, 3.667, 4.509, 4.69, 4.078, 3.673, 3.38, 2.809, 3.228, 3.377, 3.479, 3.627], [5.153, 4.789, 4.154, 3.513, 3.407, 3.228, 2.752, 3.346, 3.565, 3.117, 3.195, 3.057, 3.012, 4.054, 4.644, 4.699, 4.057, 3.883, 3.854, 3.676, 3.906, 4.034, 4.063, 3.547, 3.382, 2.835, 2.6, 2.498, 2.632, 2.756, 2.91, 3.017, 3.158, 3.431, 3.862, 4.015, 4.051, 4.27, 4.253, 4.033, 3.593, 3.646, 4.254, 4.13, 4.09, 4.025, 2.956, 1.455, 1.086, 0.83, 0.0, 1.183, 1.832, 1.709, 1.784, 1.947, 2.649, 2.376, 2.229, 2.171, 2.365, 2.48, 2.269, 2.481, 3.379, 4.135, 3.872, 2.85, 2.998, 2.813, 2.425, 2.32, 2.443, 2.722, 3.081, 3.567, 4.402, 4.61, 3.94, 3.609, 3.192, 2.597, 3.101, 3.265, 3.437, 3.492], [4.292, 4.002, 3.452, 2.838, 2.786, 2.587, 2.418, 3.093, 3.207, 2.684, 2.69, 2.573, 2.694, 4.346, 5.353, 5.394, 4.575, 4.357, 4.316, 3.959, 4.103, 4.01, 3.756, 3.137, 3.084, 3.026, 2.734, 2.37, 2.66, 2.973, 3.323, 3.38, 3.6, 4.035, 4.528, 4.741, 4.655, 4.852, 4.989, 4.796, 4.422, 4.447, 5.087, 4.905, 4.9, 4.839, 3.71, 2.24, 1.686, 1.382, 1.183, 0.0, 1.176, 1.334, 1.341, 1.466, 1.852, 1.813, 1.89, 2.311, 2.655, 2.979, 2.7, 2.199, 2.958, 3.592, 3.254, 2.29, 2.435, 2.225, 2.096, 2.265, 2.452, 2.271, 2.717, 2.959, 3.667, 3.938, 3.309, 2.805, 2.461, 2.132, 2.457, 2.603, 2.626, 2.764], [3.596, 3.2, 2.573, 2.355, 2.436, 2.404, 2.554, 3.32, 3.42, 2.931, 2.982, 2.764, 3.121, 4.84, 6.068, 6.123, 5.287, 5.073, 5.082, 4.536, 4.646, 4.43, 4.024, 3.317, 3.387, 3.705, 3.379, 2.87, 3.275, 3.632, 3.936, 4.052, 4.308, 4.785, 5.288, 5.451, 5.358, 5.645, 5.744, 5.508, 5.106, 5.208, 5.813, 5.67, 5.639, 5.597, 4.419, 3.072, 2.409, 2.057, 1.832, 1.176, 0.0, 0.885, 0.971, 1.141, 1.301, 1.542, 2.316, 2.842, 3.216, 3.544, 3.33, 2.302, 2.656, 3.169, 2.781, 2.034, 2.439, 2.337, 2.556, 2.853, 2.981, 2.531, 2.649, 2.743, 3.371, 3.471, 2.738, 2.301, 2.112, 1.79, 1.859, 1.952, 2.2, 2.228], [4.018, 3.717, 2.902, 2.514, 2.692, 2.649, 2.497, 3.263, 3.394, 3.041, 3.132, 2.9, 3.082, 4.526, 5.794, 5.86, 5.005, 4.783, 4.83, 4.255, 4.4, 4.206, 3.894, 3.346, 3.216, 3.499, 3.112, 2.639, 2.97, 3.429, 3.666, 3.796, 4.043, 4.549, 5.064, 5.318, 5.232, 5.546, 5.649, 5.324, 5.007, 5.063, 5.639, 5.486, 5.409, 5.429, 4.27, 2.907, 2.218, 1.967, 1.709, 1.334, 0.885, 0.0, 0.809, 1.234, 1.644, 1.5, 2.188, 2.641, 3.166, 3.516, 3.223, 2.344, 2.816, 3.443, 2.955, 2.157, 2.483, 2.333, 2.52, 2.773, 2.935, 2.597, 2.606, 2.98, 3.684, 3.822, 3.136, 2.725, 2.374, 1.938, 2.101, 2.307, 2.547, 2.489], [3.949, 3.642, 2.813, 2.5, 2.822, 2.681, 2.688, 3.364, 3.527, 2.997, 3.047, 2.81, 3.007, 4.537, 5.885, 5.908, 5.151, 4.976, 4.999, 4.531, 4.643, 4.313, 3.985, 3.396, 3.358, 3.727, 3.327, 2.827, 3.163, 3.595, 3.763, 3.976, 4.116, 4.614, 5.138, 5.351, 5.308, 5.608, 5.696, 5.432, 5.062, 5.146, 5.8, 5.564, 5.526, 5.517, 4.338, 2.927, 2.273, 2.002, 1.784, 1.341, 0.971, 0.809, 0.0, 0.725, 1.388, 1.768, 2.408, 2.89, 3.316, 3.662, 3.37, 2.637, 2.967, 3.36, 3.035, 2.459, 2.736, 2.606, 2.821, 3.007, 3.183, 2.896, 2.76, 2.858, 3.579, 3.654, 3.057, 2.671, 2.395, 2.157, 2.103, 2.163, 2.362, 2.342], [3.771, 3.44, 2.752, 2.641, 2.996, 2.847, 3.049, 3.6, 3.769, 3.054, 3.035, 2.908, 3.009, 4.683, 6.082, 6.135, 5.329, 5.15, 5.216, 4.739, 4.863, 4.539, 4.172, 3.584, 3.554, 3.938, 3.529, 3.022, 3.314, 3.811, 3.981, 4.188, 4.337, 4.796, 5.353, 5.578, 5.503, 5.762, 5.877, 5.656, 5.273, 5.415, 6.064, 5.812, 5.776, 5.738, 4.538, 3.025, 2.376, 2.076, 1.947, 1.466, 1.141, 1.234, 0.725, 0.0, 1.303, 2.066, 2.681, 3.298, 3.547, 3.921, 3.606, 2.829, 3.111, 3.347, 3.244, 2.777, 2.969, 2.801, 2.945, 3.123, 3.352, 3.051, 2.824, 2.809, 3.492, 3.595, 3.045, 2.661, 2.408, 2.259, 2.171, 2.135, 2.28, 2.263], [3.267, 2.87, 2.159, 2.053, 2.235, 1.978, 2.519, 3.197, 3.21, 2.48, 2.407, 2.266, 2.546, 4.548, 6.208, 6.251, 5.418, 5.197, 5.275, 4.579, 4.605, 4.103, 3.568, 3.095, 3.175, 3.946, 3.521, 2.97, 3.283, 3.943, 4.176, 4.307, 4.519, 5.093, 5.627, 5.797, 5.641, 5.869, 6.008, 5.873, 5.47, 5.615, 6.16, 5.892, 5.865, 5.895, 4.734, 3.6, 2.82, 2.724, 2.649, 1.852, 1.301, 1.644, 1.388, 1.303, 0.0, 1.486, 2.424, 3.279, 3.596, 3.962, 3.609, 2.439, 2.675, 3.05, 2.528, 2.177, 2.271, 2.232, 2.664, 2.957, 3.084, 2.552, 2.426, 2.294, 2.872, 3.183, 2.639, 2.282, 2.135, 2.202, 2.124, 1.8, 1.994, 2.041], [4.502, 4.071, 3.156, 2.665, 2.68, 2.37, 1.857, 2.557, 2.642, 2.486, 2.668, 2.241, 2.516, 3.685, 5.03, 5.083, 4.271, 3.986, 4.035, 3.449, 3.486, 3.244, 2.955, 2.464, 2.344, 2.747, 2.291, 1.689, 2.139, 2.868, 3.197, 3.252, 3.471, 4.041, 4.574, 4.638, 4.613, 4.977, 5.047, 4.762, 4.504, 4.709, 5.135, 4.725, 4.694, 4.761, 3.875, 3.147, 2.307, 2.409, 2.376, 1.813, 1.542, 1.5, 1.768, 2.066, 1.486, 0.0, 1.325, 2.096, 2.491, 2.822, 2.515, 1.813, 2.933, 3.777, 2.741, 1.584, 1.584, 1.387, 1.564, 1.828, 1.962, 1.815, 2.215, 2.955, 3.828, 4.184, 3.517, 3.16, 2.861, 2.545, 2.775, 2.78, 2.889, 3.052], [5.461, 5.018, 4.071, 3.392, 3.161, 2.754, 2.263, 2.822, 2.968, 2.782, 2.954, 2.495, 2.662, 3.44, 4.322, 4.517, 3.815, 3.392, 3.346, 3.099, 3.225, 3.218, 3.214, 2.724, 2.517, 2.084, 1.82, 1.552, 1.841, 2.326, 2.786, 2.692, 2.795, 3.282, 3.859, 4.147, 4.142, 4.406, 4.485, 4.018, 3.915, 4.056, 4.459, 4.152, 3.896, 4.043, 3.472, 2.854, 2.178, 2.326, 2.229, 1.89, 2.316, 2.188, 2.408, 2.681, 2.424, 1.325, 0.0, 1.053, 1.49, 1.792, 1.569, 2.032, 3.579, 4.554, 3.399, 2.197, 1.987, 1.726, 1.171, 1.337, 1.529, 1.871, 2.804, 3.659, 4.552, 4.978, 4.262, 3.881, 3.469, 3.12, 3.467, 3.634, 3.768, 3.979], [5.954, 5.532, 4.817, 4.094, 3.482, 3.177, 2.455, 2.935, 3.232, 3.127, 3.33, 2.883, 2.885, 3.234, 3.909, 4.103, 3.456, 3.04, 2.981, 3.059, 3.222, 3.266, 3.374, 3.026, 2.763, 1.951, 1.769, 1.687, 1.793, 2.18, 2.826, 2.66, 2.824, 3.149, 3.651, 3.91, 3.973, 4.174, 4.267, 3.753, 3.731, 3.794, 3.982, 3.844, 3.608, 3.673, 3.264, 2.744, 2.101, 2.249, 2.171, 2.311, 2.842, 2.641, 2.89, 3.298, 3.279, 2.096, 1.053, 0.0, 1.066, 1.249, 1.218, 2.186, 3.873, 4.989, 3.936, 2.621, 2.645, 2.444, 1.641, 1.639, 1.842, 2.438, 3.431, 4.406, 5.344, 5.551, 4.725, 4.304, 3.847, 3.353, 3.851, 4.16, 4.423, 4.611], [6.351, 5.941, 5.179, 4.476, 3.879, 3.584, 2.763, 2.98, 3.157, 3.178, 3.29, 2.934, 2.868, 2.937, 3.494, 3.661, 3.034, 2.796, 2.747, 2.848, 3.003, 3.102, 3.186, 2.777, 2.71, 1.949, 1.807, 1.892, 1.881, 2.159, 2.874, 2.67, 2.744, 3.112, 3.593, 3.853, 3.878, 4.084, 4.126, 3.774, 3.747, 3.74, 3.765, 3.843, 3.688, 3.702, 3.43, 2.872, 2.353, 2.457, 2.365, 2.655, 3.216, 3.166, 3.316, 3.547, 3.596, 2.491, 1.49, 1.066, 0.0, 0.765, 0.944, 2.383, 4.133, 5.281, 4.307, 2.793, 2.835, 2.64, 1.888, 1.765, 1.799, 2.76, 3.673, 4.577, 5.602, 5.899, 5.129, 4.763, 4.325, 3.747, 4.273, 4.52, 4.786, 4.957], [6.744, 6.341, 5.586, 4.904, 4.382, 3.994, 3.135, 3.303, 3.488, 3.508, 3.634, 3.252, 3.192, 3.19, 3.257, 3.491, 3.221, 2.983, 2.895, 3.108, 3.251, 3.386, 3.511, 3.106, 3.021, 2.255, 2.114, 2.189, 2.161, 2.525, 3.197, 3.018, 2.938, 3.169, 3.681, 3.856, 4.044, 4.197, 4.057, 3.671, 3.662, 3.651, 3.678, 3.785, 3.549, 3.605, 3.568, 2.988, 2.534, 2.611, 2.48, 2.979, 3.544, 3.516, 3.662, 3.921, 3.962, 2.822, 1.792, 1.249, 0.765, 0.0, 0.722, 2.724, 4.592, 5.723, 4.744, 3.189, 3.23, 3.028, 2.165, 1.86, 1.923, 3.157, 4.078, 4.971, 5.993, 6.296, 5.525, 5.175, 4.829, 4.227, 4.729, 4.957, 5.185, 5.385], [6.499, 6.152, 5.292, 4.625, 4.213, 3.701, 3.111, 3.53, 3.621, 3.555, 3.668, 3.325, 3.254, 3.252, 3.362, 3.606, 3.291, 3.035, 2.975, 3.247, 3.371, 3.472, 3.548, 3.169, 3.056, 2.258, 2.063, 1.99, 2.162, 2.555, 3.231, 3.099, 2.931, 3.139, 3.662, 3.896, 4.101, 4.262, 4.191, 3.738, 3.725, 3.709, 3.843, 3.867, 3.628, 3.742, 3.499, 2.816, 2.266, 2.383, 2.269, 2.7, 3.33, 3.223, 3.37, 3.606, 3.609, 2.515, 1.569, 1.218, 0.944, 0.722, 0.0, 2.355, 4.371, 5.452, 4.462, 2.919, 2.852, 2.671, 1.911, 1.71, 1.812, 2.795, 3.709, 4.626, 5.63, 5.97, 5.316, 4.972, 4.592, 4.022, 4.519, 4.722, 4.884, 5.042], [4.428, 4.02, 3.191, 2.542, 2.448, 2.171, 2.371, 3.087, 3.111, 3.001, 3.122, 2.838, 2.95, 4.173, 5.094, 5.181, 4.411, 4.188, 4.245, 3.764, 3.875, 3.736, 3.412, 2.854, 2.82, 2.998, 2.635, 2.138, 2.624, 3.094, 3.856, 3.797, 3.946, 4.142, 4.724, 4.836, 4.77, 4.981, 5.038, 4.859, 4.547, 4.646, 4.917, 4.895, 4.931, 5.009, 4.034, 3.198, 2.449, 2.59, 2.481, 2.199, 2.302, 2.344, 2.637, 2.829, 2.439, 1.813, 2.032, 2.186, 2.383, 2.724, 2.355, 0.0, 2.391, 3.391, 2.419, 1.382, 1.421, 1.445, 1.66, 1.856, 1.816, 1.535, 2.122, 2.817, 3.621, 3.859, 3.143, 2.819, 2.453, 2.146, 2.536, 2.627, 2.753, 2.953], [3.049, 2.492, 1.876, 1.514, 1.5, 2.101, 2.435, 3.368, 3.439, 3.487, 3.504, 3.172, 3.73, 5.445, 6.994, 7.023, 6.201, 5.976, 6.059, 5.286, 5.119, 4.381, 3.977, 3.499, 3.891, 4.691, 4.325, 3.771, 4.073, 4.552, 4.833, 4.919, 5.153, 5.721, 6.238, 6.403, 6.29, 6.58, 6.704, 6.427, 6.045, 6.149, 6.722, 6.594, 6.539, 6.517, 5.428, 4.229, 3.757, 3.487, 3.379, 2.958, 2.656, 2.816, 2.967, 3.111, 2.675, 2.933, 3.579, 3.873, 4.133, 4.592, 4.371, 2.391, 0.0, 1.315, 1.225, 1.988, 2.122, 2.471, 3.265, 3.674, 3.592, 2.243, 1.39, 1.462, 2.013, 2.11, 1.374, 1.563, 1.7, 1.379, 1.542, 1.641, 1.461, 1.63], [2.553, 2.026, 1.619, 1.491, 1.901, 2.449, 3.358, 4.223, 4.146, 4.089, 3.965, 3.749, 4.242, 6.277, 8.0, 8.036, 7.216, 6.986, 7.064, 6.282, 6.107, 5.122, 4.491, 4.337, 4.727, 5.67, 5.318, 4.705, 5.049, 5.564, 5.744, 5.898, 6.161, 6.747, 7.267, 7.434, 7.328, 7.573, 7.674, 7.438, 7.055, 7.188, 7.801, 7.608, 7.561, 7.554, 6.371, 5.014, 4.453, 4.24, 4.135, 3.592, 3.169, 3.443, 3.36, 3.347, 3.05, 3.777, 4.554, 4.989, 5.281, 5.723, 5.452, 3.391, 1.315, 0.0, 1.389, 2.978, 3.084, 3.426, 4.222, 4.644, 4.588, 3.161, 2.097, 1.425, 1.558, 1.402, 1.201, 1.824, 2.114, 2.114, 1.992, 1.777, 1.568, 1.612], [2.599, 2.07, 1.508, 1.062, 1.304, 1.858, 2.693, 3.529, 3.398, 3.613, 3.676, 3.191, 3.783, 5.569, 7.208, 7.244, 6.411, 6.217, 6.279, 5.474, 5.315, 4.39, 3.894, 3.651, 3.973, 4.87, 4.559, 3.957, 4.26, 4.93, 5.148, 5.318, 5.57, 6.054, 6.666, 6.804, 6.658, 6.954, 7.094, 6.843, 6.429, 6.59, 7.012, 6.87, 6.849, 6.822, 5.649, 4.814, 3.939, 3.931, 3.872, 3.254, 2.781, 2.955, 3.035, 3.244, 2.528, 2.741, 3.399, 3.936, 4.307, 4.744, 4.462, 2.419, 1.225, 1.389, 0.0, 1.93, 2.025, 2.437, 3.342, 3.761, 3.747, 2.332, 1.481, 1.321, 1.784, 1.873, 1.356, 1.773, 2.138, 1.987, 1.968, 1.837, 1.563, 1.599], [3.819, 3.44, 2.713, 2.125, 1.833, 1.935, 2.004, 2.756, 2.793, 2.85, 3.07, 2.667, 2.969, 4.349, 5.705, 5.72, 4.861, 4.733, 4.864, 4.092, 4.036, 3.644, 3.317, 2.696, 2.896, 3.655, 3.142, 2.515, 2.98, 3.582, 4.196, 4.251, 4.346, 4.813, 5.386, 5.555, 5.475, 5.678, 5.782, 5.596, 5.212, 5.