[[0.0, 0.728, 1.032, 1.101, 1.065, 1.651, 1.755, 1.258, 1.216, 1.648, 1.899, 1.64, 1.382, 1.771, 3.242, 3.454, 3.177, 3.485, 3.56, 3.697, 3.528, 4.414, 5.557, 6.003, 6.048, 5.875, 5.977, 5.553, 5.027, 4.669, 3.675, 2.365, 2.647, 2.79, 2.994, 3.349, 3.541, 3.786, 4.668, 4.92, 5.459, 5.657, 5.274, 5.204, 5.824, 5.421, 4.415, 3.321, 2.216, 2.161, 2.534, 3.182, 3.263, 2.943, 2.902, 3.222, 3.631, 4.699, 5.42, 5.205, 4.646, 4.496, 4.793, 4.987, 5.327, 5.528, 6.3, 6.504, 6.353, 6.894, 7.051, 6.827, 6.425, 7.049, 7.466, 6.998, 6.321, 5.645, 5.846, 6.507, 6.59, 6.496, 6.286, 5.533, 4.768, 4.809], [0.728, 0.0, 0.852, 1.0, 1.169, 1.876, 1.966, 1.32, 1.558, 2.074, 2.344, 2.059, 1.562, 1.834, 3.117, 3.262, 2.993, 3.363, 3.474, 3.749, 3.666, 4.499, 5.477, 5.911, 5.968, 5.88, 6.053, 5.619, 4.834, 4.216, 3.274, 2.24, 2.717, 2.719, 2.89, 3.188, 3.413, 3.737, 4.634, 4.804, 5.113, 5.367, 5.005, 4.897, 5.471, 5.129, 4.088, 3.057, 2.373, 2.647, 3.071, 3.77, 3.873, 3.491, 3.44, 3.748, 4.119, 5.086, 5.762, 5.475, 4.963, 4.728, 5.01, 5.218, 5.533, 5.695, 6.397, 6.599, 6.556, 7.097, 7.253, 7.029, 6.63, 7.239, 7.671, 7.219, 6.549, 5.942, 6.276, 7.02, 7.017, 6.789, 6.531, 5.777, 5.078, 5.176], [1.032, 0.852, 0.0, 0.702, 1.311, 2.114, 2.355, 1.462, 1.433, 2.016, 2.274, 2.043, 1.546, 1.653, 2.845, 2.901, 2.671, 3.034, 3.226, 3.375, 3.369, 4.133, 5.107, 5.467, 5.618, 5.558, 5.675, 5.257, 4.339, 3.881, 2.99, 1.83, 2.366, 2.375, 2.41, 2.668, 2.891, 3.409, 4.337, 4.372, 4.663, 4.913, 4.519, 4.47, 5.081, 4.706, 3.745, 2.685, 2.151, 2.821, 3.268, 3.852, 3.981, 3.646, 3.628, 3.91, 4.217, 5.22, 5.864, 5.571, 4.992, 4.67, 4.967, 5.304, 5.36, 5.424, 6.058, 6.252, 6.287, 6.828, 6.984, 6.761, 6.348, 6.967, 7.417, 7.156, 6.599, 6.041, 6.375, 7.091, 7.142, 6.919, 6.604, 5.811, 5.204, 5.331], [1.101, 1.0, 0.702, 0.0, 1.211, 2.157, 2.428, 1.44, 1.395, 1.93, 2.144, 1.872, 1.363, 1.608, 2.872, 2.974, 2.717, 3.069, 3.241, 3.419, 3.515, 4.151, 5.074, 5.427, 5.588, 5.511, 5.657, 5.223, 4.314, 3.986, 3.076, 2.004, 2.401, 2.439, 2.446, 2.687, 2.882, 3.418, 4.36, 4.378, 4.656, 4.799, 4.473, 4.485, 5.17, 4.855, 3.856, 2.795, 2.408, 2.778, 3.193, 3.813, 3.88, 3.521, 3.476, 3.706, 4.018, 5.069, 5.753, 5.489, 4.892, 4.661, 5.05, 5.293, 5.503, 5.608, 6.147, 6.264, 6.411, 6.953, 7.106, 6.888, 6.461, 7.092, 7.546, 7.183, 6.596, 5.979, 6.193, 6.931, 6.976, 6.822, 6.532, 5.752, 5.13, 5.244], [1.065, 1.169, 1.311, 1.211, 0.0, 1.407, 1.767, 1.178, 1.167, 1.59, 1.765, 1.717, 1.439, 2.013, 3.356, 3.546, 3.224, 3.611, 3.768, 3.96, 3.868, 4.739, 5.733, 6.171, 6.236, 6.182, 6.312, 5.899, 5.094, 4.66, 3.962, 2.595, 2.942, 2.964, 3.145, 3.469, 3.679, 4.035, 4.95, 5.053, 5.352, 5.594, 5.239, 5.182, 5.752, 5.476, 4.419, 3.356, 2.57, 2.449, 2.532, 2.989, 3.078, 2.989, 3.058, 3.222, 3.76, 4.953, 5.752, 5.583, 5.045, 4.885, 5.179, 5.366, 5.682, 5.86, 6.608, 6.829, 6.745, 7.288, 7.442, 7.218, 6.831, 7.445, 7.859, 7.398, 6.744, 6.073, 6.083, 6.529, 6.744, 6.837, 6.704, 5.933, 5.143, 5.061], [1.651, 1.876, 2.114, 2.157, 1.407, 0.0, 0.978, 1.291, 1.877, 2.167, 2.317, 2.321, 2.203, 2.794, 4.269, 4.448, 4.217, 4.632, 4.58, 4.704, 4.568, 5.427, 6.727, 7.164, 7.192, 6.954, 6.947, 6.555, 6.156, 5.54, 4.683, 3.487, 3.642, 3.781, 4.021, 4.45, 4.667, 4.891, 5.742, 6.015, 6.483, 6.735, 6.384, 6.237, 6.875, 6.431, 5.426, 4.298, 3.196, 2.82, 2.73, 3.175, 3.283, 3.454, 3.56, 3.799, 4.317, 5.512, 6.35, 6.234, 5.688, 5.561, 5.858, 6.06, 6.423, 6.57, 7.322, 7.487, 7.392, 7.937, 8.084, 7.869, 7.476, 8.127, 8.536, 8.07, 7.381, 6.689, 6.53, 6.962, 7.236, 7.432, 7.346, 6.599, 5.82, 5.725], [1.755, 1.966, 2.355, 2.428, 1.767, 0.978, 0.0, 1.462, 2.122, 2.329, 2.448, 2.48, 2.512, 2.904, 4.383, 4.623, 4.478, 4.901, 4.65, 4.76, 4.888, 5.61, 6.997, 7.346, 7.357, 7.073, 7.022, 6.588, 6.413, 5.808, 4.831, 3.771, 3.843, 3.999, 4.275, 4.758, 4.954, 5.066, 5.863, 6.235, 6.764, 7.022, 6.671, 6.532, 7.147, 6.71, 5.668, 4.539, 3.547, 2.965, 2.852, 3.274, 3.404, 3.534, 3.647, 3.919, 4.398, 5.579, 6.393, 6.31, 5.761, 5.654, 5.93, 6.1, 6.497, 6.679, 7.368, 7.561, 7.521, 8.063, 8.219, 7.995, 7.596, 8.202, 8.646, 8.147, 7.433, 6.753, 6.629, 7.046, 7.324, 7.491, 7.407, 6.692, 5.898, 5.785], [1.258, 1.32, 1.462, 1.44, 1.178, 1.291, 1.462, 0.0, 1.236, 1.735, 1.917, 1.862, 1.67, 1.894, 3.145, 3.367, 3.285, 3.562, 3.546, 3.894, 4.061, 4.774, 5.759, 6.162, 6.202, 6.017, 6.178, 5.732, 5.077, 4.676, 3.892, 2.574, 2.831, 2.796, 3.102, 3.507, 3.715, 3.913, 4.766, 5.012, 5.489, 5.82, 5.443, 5.395, 5.969, 5.615, 4.573, 3.425, 2.728, 2.672, 2.789, 3.347, 3.385, 3.361, 3.384, 3.598, 4.011, 5.187, 5.992, 5.781, 5.174, 5.028, 5.314, 5.498, 5.79, 5.948, 6.656, 6.835, 6.832, 7.375, 7.527, 7.309, 6.923, 7.548, 7.982, 7.565, 6.928, 6.283, 6.311, 6.854, 6.998, 7.084, 6.876, 6.095, 5.229, 5.157], [1.216, 1.558, 1.433, 1.395, 1.167, 1.877, 2.122, 1.236, 0.0, 0.897, 1.129, 1.095, 0.863, 1.418, 2.844, 3.194, 2.81, 3.209, 3.266, 3.293, 3.232, 4.04, 5.339, 5.717, 5.758, 5.493, 5.493, 5.078, 4.744, 4.664, 4.058, 2.271, 2.339, 2.498, 2.798, 3.204, 3.318, 3.496, 4.294, 4.658, 5.196, 5.361, 4.955, 4.89, 5.556, 5.283, 4.303, 3.104, 1.905, 1.973, 2.324, 2.796, 2.923, 2.775, 2.688, 2.923, 3.258, 4.381, 5.173, 4.952, 4.26, 4.083, 4.434, 4.679, 4.865, 5.024, 5.775, 5.973, 5.922, 6.463, 6.62, 6.393, 6.004, 6.62, 7.024, 6.654, 6.056, 5.457, 5.585, 6.132, 6.29, 6.295, 5.994, 5.222, 4.457, 4.476], [1.648, 2.074, 2.016, 1.93, 1.59, 2.167, 2.329, 1.735, 0.897, 0.0, 0.59, 0.729, 1.023, 1.738, 3.132, 3.544, 3.165, 3.526, 3.516, 3.452, 3.295, 4.126, 5.579, 5.941, 5.955, 5.645, 5.448, 5.043, 5.086, 5.277, 4.678, 2.715, 2.536, 2.823, 3.241, 3.616, 3.635, 3.758, 4.508, 4.945, 5.658, 5.688, 5.317, 5.28, 5.999, 5.818, 4.996, 3.732, 1.997, 1.582, 1.92, 2.253, 2.319, 2.145, 2.115, 2.307, 2.612, 3.776, 4.577, 4.34, 3.782, 3.578, 3.958, 4.168, 4.401, 4.725, 5.693, 5.859, 5.392, 5.916, 6.05, 5.834, 5.626, 6.22, 6.431, 6.106, 5.501, 4.87, 4.914, 5.473, 5.614, 5.663, 5.438, 4.672, 3.987, 3.952], [1.899, 2.344, 2.274, 2.144, 1.765, 2.317, 2.448, 1.917, 1.129, 0.59, 0.0, 0.639, 1.074, 1.831, 3.147, 3.667, 3.36, 3.612, 3.614, 3.377, 3.333, 4.111, 5.569, 5.927, 5.936, 5.581, 5.211, 4.817, 5.097, 5.515, 4.907, 2.92, 2.606, 2.957, 3.399, 3.742, 3.691, 3.874, 4.587, 5.132, 5.809, 5.812, 5.511, 5.48, 6.192, 6.077, 5.251, 4.012, 2.148, 1.73, 2.032, 2.176, 2.347, 2.055, 2.019, 2.147, 2.437, 3.656, 4.401, 4.154, 3.678, 3.458, 3.844, 4.038, 4.256, 4.522, 5.465, 5.631, 5.284, 5.836, 5.961, 5.733, 5.466, 6.089, 6.3, 5.944, 5.351, 4.718, 4.776, 5.364, 5.447, 5.455, 5.263, 4.542, 3.894, 3.865], [1.64, 2.059, 2.043, 1.872, 1.717, 2.321, 2.48, 1.862, 1.095, 0.729, 0.639, 0.0, 0.807, 1.59, 2.96, 3.514, 3.237, 3.445, 3.397, 3.257, 2.988, 3.769, 5.274, 5.669, 5.681, 5.344, 5.117, 4.696, 4.792, 5.261, 4.677, 2.616, 2.287, 2.636, 3.085, 3.394, 3.417, 3.535, 4.245, 4.927, 5.578, 5.599, 5.309, 5.292, 6.072, 5.937, 5.095, 3.852, 1.968, 1.543, 1.863, 2.158, 2.256, 1.951, 1.944, 2.145, 2.41, 3.509, 4.271, 4.073, 3.526, 3.321, 3.709, 3.939, 4.202, 4.508, 5.403, 5.539, 5.277, 5.818, 5.945, 5.731, 5.435, 6.082, 6.286, 5.849, 5.239, 4.573, 4.612, 5.314, 5.372, 5.382, 5.181, 4.402, 3.714, 3.77], [1.382, 1.562, 1.546, 1.363, 1.439, 2.203, 2.512, 1.67, 0.863, 1.023, 1.074, 0.807, 0.0, 1.174, 2.645, 3.093, 2.747, 3.056, 3.054, 3.072, 2.872, 3.678, 4.983, 5.389, 5.425, 5.178, 5.067, 4.662, 4.459, 4.654, 4.022, 2.091, 2.092, 2.357, 2.669, 2.963, 3.084, 3.242, 4.064, 4.446, 5.013, 5.039, 4.712, 4.783, 5.539, 5.369, 4.476, 3.253, 1.701, 1.918, 2.294, 2.796, 2.837, 2.532, 2.487, 2.675, 2.972, 4.042, 4.741, 4.494, 3.96, 3.665, 4.084, 4.343, 4.533, 4.653, 5.452, 5.585, 5.434, 5.987, 6.132, 5.899, 5.573, 6.201, 6.531, 6.199, 5.617, 4.992, 5.232, 5.979, 5.989, 5.828, 5.537, 4.806, 4.182, 4.25], [1.771, 1.834, 1.653, 1.608, 2.013, 2.794, 2.904, 1.894, 1.418, 1.738, 1.831, 1.59, 1.174, 0.0, 1.721, 2.291, 2.256, 2.47, 2.319, 2.485, 2.551, 3.12, 4.29, 4.614, 4.642, 4.431, 4.493, 4.053, 3.762, 4.147, 3.563, 1.773, 1.736, 1.815, 2.192, 2.519, 2.82, 2.697, 3.508, 3.939, 4.578, 4.728, 4.443, 4.528, 5.334, 5.137, 4.26, 3.037, 2.051, 2.387, 2.713, 3.315, 3.37, 2.887, 2.774, 2.996, 3.389, 4.391, 4.883, 4.647, 4.117, 3.835, 4.156, 4.358, 4.397, 4.329, 5.022, 5.117, 5.128, 5.685, 5.837, 5.597, 5.233, 5.832, 6.239, 6.138, 5.609, 5.077, 5.622, 6.454, 6.352, 5.98, 5.537, 4.84, 4.393, 4.58], [3.242, 3.117, 2.845, 2.872, 3.356, 4.269, 4.383, 3.145, 2.844, 3.132, 3.147, 2.96, 2.645, 1.721, 0.0, 1.249, 1.521, 1.57, 1.282, 1.602, 1.938, 2.368, 3.383, 3.416, 3.451, 3.28, 3.569, 3.155, 2.721, 3.345, 3.045, 1.864, 1.725, 1.448, 1.872, 2.054, 2.27, 2.046, 2.808, 3.216, 3.731, 3.914, 3.757, 3.817, 4.496, 4.378, 3.557, 2.559, 2.554, 3.47, 4.056, 4.395, 4.291, 3.914, 3.706, 3.91, 4.336, 5.295, 5.512, 4.996, 4.56, 4.292, 4.376, 4.346, 4.018, 3.65, 3.994, 4.146, 4.417, 5.033, 5.214, 4.909, 4.436, 5.135, 5.728, 5.976, 5.537, 5.394, 6.493, 7.37, 7.274, 6.521, 5.68, 5.091, 4.934, 5.314], [3.454, 3.262, 2.901, 2.974, 3.546, 4.448, 4.623, 3.367, 3.194, 3.544, 3.667, 3.514, 3.093, 2.291, 1.249, 0.0, 0.95, 0.932, 1.285, 1.844, 2.158, 2.611, 2.875, 3.145, 3.259, 3.34, 3.732, 3.389, 2.246, 2.403, 2.349, 1.689, 2.238, 1.858, 1.914, 1.799, 1.838, 1.842, 2.6, 2.624, 2.857, 3.114, 2.952, 2.997, 3.658, 3.569, 2.735, 1.941, 2.627, 3.974, 4.703, 5.298, 5.352, 4.875, 4.709, 4.985, 5.397, 6.356, 6.573, 6.014, 5.577, 5.15, 5.32, 5.201, 4.43, 4.004, 4.23, 4.345, 4.716, 5.396, 5.569, 5.209, 4.718, 5.422, 6.083, 6.503, 6.294, 6.424, 7.55, 8.427, 8.335, 7.581, 6.572, 6.074, 5.98, 6.345], [3.177, 2.993, 2.671, 2.717, 3.224, 4.217, 4.478, 3.285, 2.81, 3.165, 3.36, 3.237, 2.747, 2.256, 1.521, 0.95, 0.0, 0.885, 1.411, 1.776, 2.085, 2.328, 2.872, 3.218, 3.333, 3.285, 3.499, 3.106, 2.272, 2.419, 2.259, 1.71, 2.048, 1.871, 1.923, 1.861, 1.745, 1.694, 2.526, 2.592, 2.963, 2.996, 2.698, 2.706, 3.412, 3.301, 2.518, 1.623, 2.293, 3.748, 4.524, 5.144, 5.202, 4.825, 4.644, 4.862, 5.227, 6.188, 6.407, 5.872, 5.395, 5.024, 5.147, 5.059, 4.504, 4.093, 4.173, 4.303, 4.721, 5.484, 5.68, 5.308, 4.728, 5.43, 6.201, 6.54, 6.204, 6.264, 7.372, 8.249, 8.165, 7.434, 6.478, 5.928, 5.811, 6.121], [3.485, 3.363, 3.034, 3.069, 3.611, 4.632, 4.901, 3.562, 3.209, 3.526, 3.612, 3.445, 3.056, 2.47, 1.57, 0.932, 0.885, 0.0, 1.243, 1.705, 2.007, 2.373, 2.597, 2.964, 3.138, 3.003, 3.466, 3.168, 2.119, 2.522, 2.496, 1.883, 2.059, 1.924, 1.955, 1.97, 1.746, 1.727, 2.356, 2.458, 2.902, 2.932, 2.705, 2.759, 3.395, 3.339, 2.545, 1.847, 2.372, 3.931, 4.727, 5.205, 5.298, 4.953, 4.771, 4.974, 5.315, 6.256, 6.485, 5.943, 5.461, 5.012, 5.212, 5.112, 4.256, 3.943, 4.07, 4.195, 4.61, 5.326, 5.48, 5.161, 4.621, 5.332, 5.97, 6.308, 6.094, 6.324, 7.454, 8.327, 8.231, 7.507, 6.5, 5.97, 5.876, 6.196], [3.56, 3.474, 3.226, 3.241, 3.768, 4.58, 4.65, 3.546, 3.266, 3.516, 3.614, 3.397, 3.054, 2.319, 1.282, 1.285, 1.411, 1.243, 0.0, 0.942, 1.485, 1.919, 2.969, 3.244, 3.333, 2.948, 3.154, 2.833, 2.555, 2.882, 2.617, 2.033, 2.084, 2.111, 2.175, 2.148, 2.202, 1.787, 2.428, 2.826, 3.397, 3.558, 3.325, 3.422, 4.103, 3.91, 3.098, 2.002, 2.603, 3.811, 4.454, 4.912, 4.903, 4.507, 4.328, 4.594, 5.022, 5.974, 6.207, 5.66, 5.145, 4.67, 4.879, 4.788, 3.733, 3.359, 3.592, 3.744, 4.078, 4.732, 4.878, 4.584, 4.088, 4.792, 5.405, 5.778, 5.719, 6.007, 7.121, 7.993, 7.927, 7.236, 6.241, 5.647, 5.534, 5.877], [3.697, 3.749, 3.375, 3.419, 3.96, 4.704, 4.76, 3.894, 3.293, 3.452, 3.377, 3.257, 3.072, 2.485, 1.602, 1.844, 1.776, 1.705, 0.942, 0.0, 1.134, 1.526, 3.107, 3.416, 3.48, 2.978, 2.736, 2.433, 2.818, 3.338, 2.933, 2.241, 2.074, 2.222, 2.32, 2.306, 2.178, 1.859, 2.615, 3.127, 3.713, 3.8, 3.578, 3.583, 4.277, 4.199, 3.354, 2.165, 2.478, 3.652, 4.323, 4.55, 4.568, 4.209, 3.942, 4.22, 4.576, 5.526, 5.762, 5.213, 4.664, 4.196, 4.394, 4.334, 3.11, 2.684, 3.03, 3.189, 3.471, 4.067, 4.238, 3.951, 3.49, 4.183, 4.749, 5.326, 5.272, 5.541, 6.655, 7.527, 7.469, 6.79, 5.803, 5.189, 5.048, 5.42], [3.528, 3.666, 3.369, 3.515, 3.868, 4.568, 4.888, 4.061, 3.232, 3.295, 3.333, 2.988, 2.872, 2.551, 1.938, 2.158, 2.085, 2.007, 1.485, 1.134, 0.0, 1.158, 2.695, 2.934, 3.026, 2.717, 2.683, 2.392, 2.624, 3.514, 2.947, 2.175, 1.837, 2.079, 2.264, 2.054, 1.887, 1.544, 2.163, 2.943, 3.812, 3.79, 3.54, 3.522, 4.232, 4.131, 3.381, 2.28, 2.118, 3.471, 4.095, 4.218, 4.273, 3.99, 3.814, 4.072, 4.286, 5.225, 5.47, 4.928, 4.34, 3.892, 4.15, 4.205, 3.101, 2.404, 2.904, 3.038, 3.009, 3.699, 3.885, 3.506, 3.033, 3.743, 4.409, 5.058, 5.0, 5.244, 6.345, 7.213, 7.164, 6.503, 5.524, 4.892, 4.954, 5.398], [4.414, 4.499, 4.133, 4.151, 4.739, 5.427, 5.61, 4.774, 4.04, 4.126, 4.111, 3.769, 3.678, 3.12, 2.368, 2.611, 2.328, 2.373, 1.919, 1.526, 1.158, 0.0, 1.982, 2.169, 2.232, 1.897, 1.748, 1.476, 1.885, 2.876, 3.002, 2.936, 2.44, 2.643, 2.826, 2.544, 2.284, 1.685, 1.737, 2.301, 3.022, 3.04, 2.797, 2.726, 3.475, 3.388, 2.776, 2.575, 3.018, 4.292, 4.909, 4.99, 5.017, 4.724, 4.572, 4.744, 4.943, 5.917, 6.146, 5.57, 5.081, 4.595, 4.863, 4.903, 3.664, 2.565, 2.19, 2.255, 2.833, 4.065, 4.404, 3.764, 3.213, 3.476, 4.851, 5.705, 5.687, 5.922, 7.036, 7.911, 7.841, 7.143, 6.161, 5.604, 5.696, 6.14], [5.557, 5.477, 5.107, 5.074, 5.733, 6.727, 6.997, 5.759, 5.339, 5.579, 5.569, 5.274, 4.983, 4.29, 3.383, 2.875, 2.872, 2.597, 2.969, 3.107, 2.695, 1.982, 0.0, 0.885, 1.039, 1.173, 1.992, 2.089, 1.45, 2.54, 3.427, 3.612, 3.361, 3.338, 3.398, 3.063, 2.736, 2.284, 1.626, 1.553, 1.964, 1.955, 1.769, 1.884, 2.355, 2.192, 2.618, 3.194, 4.269, 5.775, 6.397, 6.459, 6.552, 6.197, 6.084, 6.3, 6.442, 7.27, 7.486, 6.928, 6.466, 5.943, 6.237, 6.351, 5.203, 3.955, 3.207, 3.242, 4.034, 5.394, 5.759, 5.071, 4.496, 4.632, 6.108, 7.062, 7.021, 7.263, 8.381, 9.262, 9.191, 8.458, 7.473, 6.949, 7.065, 7.508], [6.003, 5.911, 5.467, 5.427, 6.171, 7.164, 7.346, 6.162, 5.717, 5.941, 5.927, 5.669, 5.389, 4.614, 3.416, 3.145, 3.218, 2.964, 3.244, 3.416, 2.934, 2.169, 0.885, 0.0, 0.722, 1.103, 1.897, 1.976, 1.648, 2.869, 3.823, 3.944, 3.75, 3.639, 3.594, 3.296, 2.965, 2.475, 1.681, 1.758, 2.308, 2.364, 2.148, 2.194, 2.69, 2.601, 3.05, 3.584, 4.693, 6.195, 6.826, 6.67, 6.535, 6.261, 6.092, 6.291, 6.445, 7.058, 7.12, 6.617, 6.151, 5.79, 6.163, 6.212, 5.254, 3.95, 3.225, 3.11, 3.757, 5.125, 5.445, 4.81, 4.251, 4.358, 5.861, 6.708, 6.667, 6.933, 8.067, 8.94, 8.848, 8.097, 7.14, 6.747, 6.923, 7.41], [6.048, 5.968, 5.618, 5.588, 6.236, 7.192, 7.357, 6.202, 5.758, 5.955, 5.936, 5.681, 5.425, 4.642, 3.451, 3.259, 3.333, 3.138, 3.333, 3.48, 3.026, 2.232, 1.039, 0.722, 0.0, 1.132, 1.878, 1.928, 1.916, 3.118, 4.01, 4.109, 3.774, 3.689, 3.797, 3.516, 3.156, 2.535, 1.79, 1.968, 2.556, 2.438, 2.234, 2.29, 2.744, 2.72, 3.358, 3.737, 4.774, 6.22, 6.846, 6.69, 6.524, 6.256, 6.117, 6.3, 6.435, 7.049, 7.096, 6.594, 6.181, 5.794, 6.188, 6.208, 5.277, 3.819, 3.006, 2.919, 3.702, 5.082, 5.431, 4.748, 4.131, 4.222, 5.75, 6.736, 6.687, 6.891, 8.024, 8.897, 8.802, 8.047, 7.048, 6.672, 6.819, 7.329], [5.875, 5.88, 5.558, 5.511, 6.182, 6.954, 7.073, 6.017, 5.493, 5.645, 5.581, 5.344, 5.178, 4.431, 3.28, 3.34, 3.285, 3.003, 2.948, 2.978, 2.717, 1.897, 1.173, 1.103, 1.132, 0.0, 1.385, 1.57, 2.034, 3.21, 4.099, 4.176, 3.556, 3.732, 3.897, 3.608, 3.26, 2.466, 1.679, 2.025, 2.568, 2.569, 2.312, 2.366, 2.902, 2.791, 3.348, 3.631, 4.584, 5.926, 6.532, 6.424, 6.153, 6.004, 5.772, 5.875, 5.888, 6.595, 6.787, 6.31, 5.789, 5.344, 5.683, 5.889, 4.74, 3.425, 2.58, 2.64, 3.394, 4.74, 5.077, 4.421, 3.839, 3.934, 5.451, 6.402, 6.374, 6.594, 7.718, 8.591, 8.497, 7.75, 6.818, 6.442, 6.628, 7.07], [5.977, 6.053, 5.675, 5.657, 6.312, 6.947, 7.022, 6.178, 5.493, 5.448, 5.211, 5.117, 5.067, 4.493, 3.569, 3.732, 3.499, 3.466, 3.154, 2.736, 2.683, 1.748, 1.992, 1.897, 1.878, 1.385, 0.0, 0.884, 2.315, 3.518, 4.259, 4.305, 3.56, 3.877, 4.024, 3.787, 3.402, 2.612, 1.898, 2.498, 3.4, 3.393, 3.128, 3.117, 3.781, 3.716, 3.769, 3.82, 4.397, 5.658, 6.226, 5.977, 5.754, 5.427, 5.094, 5.112, 4.948, 5.517, 5.673, 5.255, 4.761, 4.259, 4.604, 4.784, 3.781, 2.629, 1.997, 1.898, 2.296, 3.579, 3.915, 3.322, 2.73, 2.91, 4.344, 5.219, 5.161, 5.344, 6.478, 7.389, 7.33, 6.568, 5.598, 5.242, 5.423, 5.908], [5.553, 5.619, 5.257, 5.223, 5.899, 6.555, 6.588, 5.732, 5.078, 5.043, 4.817, 4.696, 4.662, 4.053, 3.155, 3.389, 3.106, 3.168, 2.833, 2.433, 2.392, 1.476, 2.089, 1.976, 1.928, 1.57, 0.884, 0.0, 2.063, 3.377, 3.886, 3.824, 3.092, 3.398, 3.57, 3.333, 2.98, 2.303, 1.673, 2.472, 3.362, 3.321, 3.011, 2.994, 3.761, 3.717, 3.545, 3.414, 4.009, 5.264, 5.832, 5.546, 5.246, 4.959, 4.622, 4.7, 4.662, 5.456, 5.581, 5.011, 4.54, 4.167, 4.408, 4.458, 3.528, 2.307, 1.691, 1.606, 2.335, 3.647, 3.979, 3.317, 2.763, 2.957, 4.38, 5.236, 5.149, 5.321, 6.455, 7.369, 7.297, 6.546, 5.488, 5.076, 5.197, 5.682], [5.027, 4.834, 4.339, 4.314, 5.094, 6.156, 6.413, 5.077, 4.744, 5.086, 5.097, 4.792, 4.459, 3.762, 2.721, 2.246, 2.272, 2.119, 2.555, 2.818, 2.624, 1.885, 1.45, 1.648, 1.916, 2.034, 2.315, 2.063, 0.0, 1.562, 2.462, 2.786, 3.069, 2.91, 2.596, 2.068, 1.981, 1.99, 1.663, 1.332, 1.648, 1.675, 1.599, 1.638, 2.278, 2.238, 2.065, 2.479, 3.814, 5.33, 5.862, 6.155, 6.209, 5.745, 5.571, 5.847, 6.239, 7.208, 7.435, 6.849, 6.383, 5.905, 6.09, 6.034, 4.925, 3.805, 3.298, 3.412, 4.191, 5.494, 5.82, 5.164, 4.596, 4.819, 6.218, 7.102, 7.01, 7.211, 8.343, 9.223, 9.146, 8.402, 7.381, 6.881, 6.841, 7.221], [4.669, 4.216, 3.881, 3.986, 4.66, 5.54, 5.808, 4.676, 4.664, 5.277, 5.515, 5.261, 4.654, 4.147, 3.345, 2.403, 2.419, 2.522, 2.882, 3.338, 3.514, 2.876, 2.54, 2.869, 3.118, 3.21, 3.518, 3.377, 1.562, 0.0, 1.631, 2.95, 4.056, 3.607, 3.146, 2.443, 2.493, 2.796, 2.658, 1.678, 1.399, 1.613, 1.581, 1.51, 1.944, 1.763, 1.367, 2.102, 4.202, 5.757, 6.459, 7.217, 7.308, 6.803, 6.676, 6.973, 7.42, 8.398, 8.643, 8.071, 7.522, 7.075, 7.234, 7.144, 5.91, 4.879, 4.522, 4.624, 5.379, 6.593, 6.949, 6.251, 5.649, 5.954, 7.266, 8.239, 8.13, 8.36, 9.501, 10.386, 10.342, 9.622, 8.604, 8.048, 7.92, 8.306], [3.675, 3.274, 2.99, 3.076, 3.962, 4.683, 4.831, 3.892, 4.058, 4.678, 4.907, 4.677, 4.022, 3.563, 3.045, 2.349, 2.259, 2.496, 2.617, 2.933, 2.947, 3.002, 3.427, 3.823, 4.01, 4.099, 4.259, 3.886, 2.462, 1.631, 0.0, 2.29, 3.414, 2.98, 2.598, 1.912, 1.882, 2.397, 3.094, 2.748, 2.546, 2.587, 2.389, 2.475, 3.039, 2.839, 1.798, 1.542, 3.568, 5.126, 5.829, 6.569, 6.631, 6.167, 6.062, 6.377, 6.804, 7.786, 8.027, 7.448, 6.92, 6.426, 6.613, 6.688, 5.489, 4.598, 4.774, 4.899, 5.185, 6.069, 6.427, 5.779, 5.31, 5.892, 6.847, 7.709, 7.604, 7.727, 8.807, 9.751, 9.732, 8.999, 7.993, 7.416, 7.385, 7.783], [2.365, 2.24, 1.83, 2.004, 2.595, 3.487, 3.771, 2.574, 2.271, 2.715, 2.92, 2.616, 2.091, 1.773, 1.864, 1.689, 1.71, 1.883, 2.033, 2.241, 2.175, 2.936, 3.612, 3.944, 4.109, 4.176, 4.305, 3.824, 2.786, 2.95, 2.29, 0.0, 1.51, 1.193, 1.1, 1.237, 1.421, 1.792, 2.83, 2.77, 3.362, 3.58, 3.269, 3.277, 3.97, 3.734, 2.857, 1.829, 1.635, 2.945, 3.669, 4.324, 4.432, 4.029, 3.915, 4.292, 4.682, 5.629, 5.937, 5.41, 4.824, 4.319, 4.549, 4.793, 4.405, 4.139, 4.721, 4.898, 4.916, 5.491, 5.648, 5.391, 4.962, 5.627, 6.127, 6.267, 5.869, 5.769, 6.655, 7.563, 7.584, 6.925, 6.082, 5.502, 5.205, 5.608], [2.647, 2.717, 2.366, 2.401, 2.942, 3.642, 3.843, 2.831, 2.339, 2.536, 2.606, 2.287, 2.092, 1.736, 1.725, 2.238, 2.048, 2.059, 2.084, 2.074, 1.837, 2.44, 3.361, 3.75, 3.774, 3.556, 3.56, 3.092, 3.069, 4.056, 3.414, 1.51, 0.0, 0.826, 1.179, 1.782, 1.832, 1.677, 2.224, 3.191, 4.318, 4.314, 3.995, 3.956, 4.647, 4.506, 3.669, 2.403, 1.693, 2.609, 3.187, 3.392, 3.442, 3.187, 3.208, 3.465, 3.673, 4.634, 5.04, 4.489, 3.904, 3.475, 3.766, 4.077, 3.934, 3.694, 4.105, 4.175, 4.413, 4.971, 5.115, 4.888, 4.437, 5.11, 5.596, 5.697, 5.166, 4.909, 5.695, 6.5, 6.526, 5.946, 5.262, 4.723, 4.364, 4.687], [2.79, 2.719, 2.375, 2.439, 2.964, 3.781, 3.999, 2.796, 2.498, 2.823, 2.957, 2.636, 2.357, 1.815, 1.448, 1.858, 1.871, 1.924, 2.111, 2.222, 2.079, 2.643, 3.338, 3.639, 3.689, 3.732, 3.877, 3.398, 2.91, 3.607, 2.98, 1.193, 0.826, 0.0, 0.853, 1.413, 1.517, 1.46, 2.365, 2.755, 3.892, 3.958, 3.624, 3.509, 4.213, 3.994, 3.173, 2.139, 1.751, 2.798, 3.469, 3.825, 3.969, 3.762, 3.77, 4.027, 4.196, 5.148, 5.568, 4.998, 4.408, 3.984, 4.249, 4.606, 4.493, 4.09, 4.507, 4.594, 4.806, 5.363, 5.534, 5.272, 4.83, 5.495, 6.006, 6.193, 5.663, 5.405, 6.211, 7.006, 7.039, 6.458, 5.748, 5.226, 4.925, 5.249], [2.994, 2.89, 2.41, 2.446, 3.145, 4.021, 4.275, 3.102, 2.798, 3.241, 3.399, 3.085, 2.669, 2.192, 1.872, 1.914, 1.923, 1.955, 2.175, 2.32, 2.264, 2.826, 3.398, 3.594, 3.797, 3.897, 4.024, 3.57, 2.596, 3.146, 2.598, 1.1, 1.179, 0.853, 0.0, 1.017, 1.29, 1.501, 2.497, 2.48, 3.593, 3.63, 3.305, 3.278, 3.929, 3.634, 2.774, 1.911, 1.996, 3.233, 3.829, 4.335, 4.458, 4.239, 4.249, 4.517, 4.742, 5.664, 6.073, 5.519, 4.93, 4.456, 4.813, 5.079, 4.673, 4.349, 4.684, 4.716, 4.994, 5.582, 5.729, 5.468, 5.018, 5.701, 6.226, 6.466, 6.065, 5.925, 6.728, 7.517, 7.555, 6.963, 6.253, 5.753, 5.418, 5.746], [3.349, 3.188, 2.668, 2.687, 3.469, 4.45, 4.758, 3.507, 3.204, 3.616, 3.742, 3.394, 2.963, 2.519, 2.054, 1.799, 1.861, 1.97, 2.148, 2.306, 2.054, 2.544, 3.063, 3.296, 3.516, 3.608, 3.787, 3.333, 2.068, 2.443, 1.912, 1.237, 1.782, 1.413, 1.017, 0.0, 0.871, 1.367, 2.177, 2.171, 2.833, 2.933, 2.712, 2.716, 3.31, 3.118, 2.29, 1.591, 2.446, 3.764, 4.383, 4.963, 5.05, 4.662, 4.631, 4.952, 5.253, 6.177, 6.575, 5.965, 5.378, 4.879, 5.244, 5.472, 4.717, 4.144, 4.391, 4.454, 4.709, 5.452, 5.615, 5.235, 4.734, 5.431, 6.149, 6.737, 6.446, 6.377, 7.261, 8.08, 8.107, 7.492, 6.673, 6.16, 5.912, 6.235], [3.541, 3.413, 2.891, 2.882, 3.679, 4.667, 4.954, 3.715, 3.318, 3.635, 3.691, 3.417, 3.084, 2.82, 2.27, 1.838, 1.745, 1.746, 2.202, 2.178, 1.887, 2.284, 2.736, 2.965, 3.156, 3.26, 3.402, 2.98, 1.981, 2.493, 1.882, 1.421, 1.832, 1.517, 1.29, 0.871, 0.0, 1.048, 1.887, 1.983, 2.794, 2.718, 2.459, 2.39, 3.073, 2.916, 2.201, 1.47, 2.261, 3.811, 4.66, 5.027, 5.123, 4.819, 4.754, 5.068, 5.211, 6.117, 6.471, 5.86, 5.247, 4.802, 5.146, 5.386, 4.63, 3.817, 4.029, 4.081, 4.301, 5.085, 5.331, 4.859, 4.395, 5.016, 5.875, 6.509, 6.266, 6.241, 7.173, 8.026, 8.052, 7.417, 6.545, 6.044, 5.843, 6.251], [3.786, 3.737, 3.409, 3.418, 4.035, 4.891, 5.066, 3.913, 3.496, 3.758, 3.874, 3.535, 3.242, 2.697, 2.046, 1.842, 1.694, 1.727, 1.787, 1.859, 1.544, 1.685, 2.284, 2.475, 2.535, 2.466, 2.612, 2.303, 1.99, 2.796, 2.397, 1.792, 1.677, 1.46, 1.501, 1.367, 1.048, 0.0, 1.209, 1.814, 3.068, 3.072, 2.694, 2.621, 3.266, 3.153, 2.449, 1.694, 2.463, 3.867, 4.603, 4.854, 4.965, 4.659, 4.586, 4.883, 5.026, 5.839, 6.122, 5.558, 4.956, 4.504, 4.827, 5.163, 4.343, 3.555, 3.532, 3.527, 3.817, 4.631, 4.889, 4.413, 3.834, 4.483, 5.432, 6.058, 5.875, 5.868, 6.806, 7.706, 7.732, 7.059, 6.213, 5.761, 5.643, 6.082], [4.668, 4.634, 4.337, 4.36, 4.95, 5.742, 5.863, 4.766, 4.294, 4.508, 4.587, 4.245, 4.064, 3.508, 2.808, 2.6, 2.526, 2.356, 2.428, 2.615, 2.163, 1.737, 1.626, 1.681, 1.79, 1.679, 1.898, 1.673, 1.663, 2.658, 3.094, 2.83, 2.224, 2.365, 2.497, 2.177, 1.887, 1.209, 0.0, 1.58, 2.848, 2.843, 2.496, 2.369, 2.99, 2.948, 2.446, 2.47, 3.408, 4.706, 5.337, 5.269, 5.298, 4.953, 4.835, 5.147, 5.29, 5.934, 6.257, 5.728, 5.072, 4.644, 5.007, 5.337, 4.538, 3.404, 3.112, 3.021, 3.475, 4.609, 4.932, 4.28, 3.722, 4.106, 5.327, 6.198, 6.041, 6.028, 6.983, 7.842, 7.854, 7.237, 6.354, 5.915, 5.821, 6.23], [4.92, 4.804, 4.372, 4.378, 5.053, 6.015, 6.235, 5.012, 4.658, 4.945, 5.132, 4.927, 4.446, 3.939, 3.216, 2.624, 2.592, 2.458, 2.826, 3.127, 2.943, 2.301, 1.553, 1.758, 1.968, 2.025, 2.498, 2.472, 1.332, 1.678, 2.748, 2.77, 3.191, 2.755, 2.48, 2.171, 1.983, 1.814, 1.58, 0.0, 1.536, 1.567, 1.318, 1.311, 1.738, 1.543, 1.674, 2.398, 3.657, 5.193, 6.036, 6.427, 6.521, 6.197, 6.108, 6.372, 6.504, 7.365, 7.72, 7.136, 6.515, 6.118, 6.476, 6.618, 5.594, 4.381, 3.79, 3.764, 4.534, 5.909, 6.24, 5.574, 5.011, 5.087, 6.583, 7.494, 7.384, 7.501, 8.511, 9.338, 9.334, 8.681, 7.75, 7.313, 7.233, 7.621], [5.459, 5.113, 4.663, 4.656, 5.352, 6.483, 6.764, 5.489, 5.196, 5.658, 5.809, 5.578, 5.013, 4.578, 3.731, 2.857, 2.963, 2.902, 3.397, 3.713, 3.812, 3.022, 1.964, 2.308, 2.556, 2.568, 3.4, 3.362, 1.648, 1.399, 2.546, 3.362, 4.318, 3.892, 3.593, 2.833, 2.794, 3.068, 2.848, 1.536, 0.0, 0.843, 0.94, 1.132, 1.359, 1.306, 1.748, 2.709, 4.571, 6.074, 6.855, 7.491, 7.544, 7.072, 6.917, 7.205, 7.602, 8.538, 8.795, 8.276, 7.739, 7.29, 7.489, 7.446, 6.154, 4.776, 4.13, 4.301, 5.297, 6.702, 7.095, 6.361, 5.751, 5.764, 7.295, 8.369, 8.396, 8.596, 9.72, 10.627, 10.559, 9.848, 8.805, 8.296, 8.245, 8.627], [5.657, 5.367, 4.913, 4.799, 5.594, 6.735, 7.022, 5.82, 5.361, 5.688, 5.812, 5.599, 5.039, 4.728, 3.914, 3.114, 2.996, 2.932, 3.558, 3.8, 3.79, 3.04, 1.955, 2.364, 2.438, 2.569, 3.393, 3.321, 1.675, 1.613, 2.587, 3.58, 4.314, 3.958, 3.63, 2.933, 2.718, 3.072, 2.843, 1.567, 0.843, 0.0, 0.647, 0.929, 1.184, 1.251, 1.919, 2.883, 4.679, 6.235, 7.053, 7.598, 7.607, 7.198, 7.035, 7.288, 7.618, 8.546, 8.782, 8.264, 7.719, 7.291, 7.55, 7.509, 6.198, 4.737, 3.913, 4.089, 5.241, 6.651, 7.046, 6.313, 5.688, 5.658, 7.203, 8.305, 8.34, 8.573, 9.725, 10.626, 10.56, 9.824, 8.775, 8.281, 8.34, 8.736], [5.274, 5.005, 4.519, 4.473, 5.239, 6.384, 6.671, 5.443, 4.955, 5.317, 5.511, 5.309, 4.712, 4.443, 3.757, 2.952, 2.698, 2.705, 3.325, 3.578, 3.54, 2.797, 1.769, 2.148, 2.234, 2.312, 3.128, 3.011, 1.599, 1.581, 2.389, 3.269, 3.995, 3.624, 3.305, 2.712, 2.459, 2.694, 2.496, 1.318, 0.94, 0.647, 0.0, 0.676, 1.27, 1.239, 1.749, 2.474, 4.265, 5.88, 6.732, 7.282, 7.34, 6.959, 6.801, 7.031, 7.275, 8.188, 8.456, 7.932, 7.352, 6.934, 7.231, 7.253, 5.991, 4.532, 3.741, 3.882, 4.992, 6.4, 6.782, 6.063, 5.446, 5.408, 6.946, 8.021, 8.065, 8.244, 9.371, 10.277, 10.203, 9.485, 8.454, 7.998, 8.002, 8.436], [5.204, 4.897, 4.47, 4.485, 5.182, 6.237, 6.532, 5.395, 4.89, 5.28, 5.48, 5.292, 4.783, 4.528, 3.817, 2.997, 2.706, 2.759, 3.422, 3.583, 3.522, 2.726, 1.884, 2.194, 2.29, 2.366, 3.117, 2.994, 1.638, 1.51, 2.475, 3.277, 3.956, 3.509, 3.278, 2.716, 2.39, 2.621, 2.369, 1.311, 1.132, 0.929, 0.676, 0.0, 1.075, 1.021, 1.625, 2.433, 4.161, 5.792, 6.696, 7.149, 7.28, 6.918, 6.765, 7.008, 7.218, 8.121, 8.442, 7.89, 7.307, 6.868, 7.146, 7.241, 6.028, 4.422, 3.631, 3.778, 4.935, 6.375, 6.783, 6.035, 5.357, 5.348, 6.911, 8.066, 8.051, 8.209, 9.27, 10.162, 10.121, 9.44, 8.434, 7.964, 7.937, 8.382], [5.824, 5.471, 5.081, 5.17, 5.752, 6.875, 7.147, 5.969, 5.556, 5.999, 6.192, 6.072, 5.539, 5.334, 4.496, 3.658, 3.412, 3.395, 4.103, 4.277, 4.232, 3.475, 2.355, 2.69, 2.744, 2.902, 3.781, 3.761, 2.278, 1.944, 3.039, 3.97, 4.647, 4.213, 3.929, 3.31, 3.073, 3.266, 2.99, 1.738, 1.359, 1.184, 1.27, 1.075, 0.0, 0.833, 1.717, 2.94, 4.819, 6.451, 7.373, 7.791, 7.94, 7.637, 7.494, 7.75, 7.918, 8.768, 9.1, 8.554, 7.956, 7.505, 7.752, 7.92, 6.741, 5.19, 4.285, 4.476, 5.68, 7.095, 7.513, 6.768, 6.097, 6.113, 7.676, 8.809, 8.762, 8.913, 9.936, 10.791, 10.782, 10.101, 9.152, 8.645, 8.559, 8.972], [5.421, 5.129, 4.706, 4.855, 5.476, 6.431, 6.71, 5.615, 5.283, 5.818, 6.077, 5.937, 5.369, 5.137, 4.378, 3.569, 3.301, 3.339, 3.91, 4.199, 4.131, 3.388, 2.192, 2.601, 2.72, 2.791, 3.716, 3.717, 2.238, 1.763, 2.839, 3.734, 4.506, 3.994, 3.634, 3.118, 2.916, 3.153, 2.948, 1.543, 1.306, 1.251, 1.239, 1.021, 0.833, 0.0, 1.405, 2.626, 4.525, 6.167, 7.064, 7.538, 7.744, 7.512, 7.386, 7.66, 7.843, 8.714, 9.072, 8.502, 7.889, 7.454, 7.724, 7.916, 6.759, 5.202, 4.389, 4.572, 5.699, 7.138, 7.556, 6.812, 6.112, 6.138, 7.697, 8.852, 8.775, 8.9, 9.907, 10.69, 10.694, 10.052, 9.156, 8.638, 8.509, 8.904], [4.415, 4.088, 3.745, 3.856, 4.419, 5.426, 5.668, 4.573, 4.303, 4.996, 5.251, 5.095, 4.476, 4.26, 3.557, 2.735, 2.518, 2.545, 3.098, 3.354, 3.381, 2.776, 2.618, 3.05, 3.358, 3.348, 3.769, 3.545, 2.065, 1.367, 1.798, 2.857, 3.669, 3.173, 2.774, 2.29, 2.201, 2.449, 2.446, 1.674, 1.748, 1.919, 1.749, 1.625, 1.717, 1.405, 0.0, 1.521, 3.621, 5.22, 6.054, 6.686, 6.922, 6.675, 6.532, 6.841, 7.12, 8.053, 8.422, 7.829, 7.181, 6.748, 7.035, 7.166, 5.992, 4.837, 4.508, 4.643, 5.257, 6.553, 6.948, 6.224, 5.618, 5.86, 7.251, 8.248, 8.157, 8.248, 9.228, 9.994, 9.989, 9.401, 8.529, 7.955, 7.714, 8.106], [3.321, 3.057, 2.685, 2.795, 3.356, 4.298, 4.539, 3.425, 3.104, 3.732, 4.012, 3.852, 3.253, 3.037, 2.559, 1.941, 1.623, 1.847, 2.002, 2.165, 2.28, 2.575, 3.194, 3.584, 3.737, 3.631, 3.82, 3.414, 2.479, 2.102, 1.542, 1.829, 2.403, 2.139, 1.911, 1.591, 1.47, 1.694, 2.47, 2.398, 2.709, 2.883, 2.474, 2.433, 2.94, 2.626, 1.521, 0.0, 2.301, 3.908, 4.742, 5.399, 5.619, 5.388, 5.265, 5.578, 5.916, 6.857, 7.225, 6.631, 5.981, 5.552, 5.83, 5.946, 4.852, 4.187, 4.441, 4.56, 4.91, 5.655, 5.885, 5.429, 4.977, 5.632, 6.372, 7.108, 6.977, 7.046, 8.024, 8.786, 8.791, 8.212, 7.349, 6.764, 6.47, 6.832], [2.216, 2.373, 2.151, 2.408, 2.57, 3.196, 3.547, 2.728, 1.905, 1.997, 2.148, 1.968, 1.701, 2.051, 2.554, 2.627, 2.293, 2.372, 2.603, 2.478, 2.118, 3.018, 4.269, 4.693, 4.774, 4.584, 4.397, 4.009, 3.814, 4.202, 3.568, 1.635, 1.693, 1.751, 1.996, 2.446, 2.261, 2.463, 3.408, 3.657, 4.571, 4.679, 4.265, 4.161, 4.819, 4.525, 3.621, 2.301, 0.0, 1.85, 2.702, 3.23, 3.48, 3.315, 3.23, 3.544, 3.759, 4.684, 5.053, 4.46, 3.82, 3.431, 3.685, 3.863, 3.779, 3.774, 4.673, 4.864, 4.618, 5.163, 5.315, 5.091, 4.744, 5.365, 5.731, 5.481, 4.971, 4.871, 5.836, 6.621, 6.633, 6.055, 5.192, 4.612, 4.366, 4.749], [2.161, 2.647, 2.821, 2.778, 2.449, 2.82, 2.965, 2.672, 1.973, 1.582, 1.73, 1.543, 1.918, 2.387, 3.47, 3.974, 3.748, 3.931, 3.811, 3.652, 3.471, 4.292, 5.775, 6.195, 6.22, 5.926, 5.658, 5.264, 5.33, 5.757, 5.126, 2.945, 2.609, 2.798, 3.233, 3.764, 3.811, 3.867, 4.706, 5.193, 6.074, 6.235, 5.88, 5.792, 6.451, 6.167, 5.22, 3.908, 1.85, 0.0, 1.049, 1.58, 1.858, 1.752, 1.828, 2.088, 2.346, 3.321, 3.952, 3.876, 3.307, 3.279, 3.386, 3.514, 4.176, 4.873, 5.885, 6.08, 5.554, 6.032, 6.127, 5.949, 5.828, 6.384, 6.344, 5.569, 4.794, 4.176, 4.369, 5.033, 5.151, 4.928, 4.785, 4.241, 3.611, 3.628], [2.534, 3.071, 3.268, 3.193, 2.532, 2.73, 2.852, 2.789, 2.324, 1.92, 2.032, 1.863, 2.294, 2.713, 4.056, 4.703, 4.524, 4.727, 4.454, 4.323, 4.095, 4.909, 6.397, 6.826, 6.846, 6.532, 6.226, 5.832, 5.862, 6.459, 5.829, 3.669, 3.187, 3.469, 3.829, 4.383, 4.66, 4.603, 5.337, 6.036, 6.855, 7.053, 6.732, 6.696, 7.373, 7.064, 6.054, 4.742, 2.702, 1.049, 0.0, 1.079, 1.369, 1.589, 1.646, 1.884, 2.301, 3.276, 4.08, 4.195, 3.644, 3.629, 3.719, 3.809, 4.464, 5.426, 6.452, 6.642, 6.091, 6.397, 6.481, 6.439, 6.389, 6.886, 6.7, 5.885, 5.095, 4.446, 4.255, 4.761, 4.945, 5.033, 5.102, 4.59, 3.825, 3.515], [3.182, 3.77, 3.852, 3.813, 2.989, 3.175, 3.274, 3.347, 2.796, 2.253, 2.176, 2.158, 2.796, 3.315, 4.395, 5.298, 5.144, 5.205, 4.912, 4.55, 4.218, 4.99, 6.459, 6.67, 6.69, 6.424, 5.977, 5.546, 6.155, 7.217, 6.569, 4.324, 3.392, 3.825, 4.335, 4.963, 5.027, 4.854, 5.269, 6.427, 7.491, 7.598, 7.282, 7.149, 7.791, 7.538, 6.686, 5.399, 3.23, 1.58, 1.079, 0.0, 0.888, 1.224, 1.429, 1.505, 1.836, 2.819, 3.709, 3.918, 3.371, 3.35, 3.424, 3.562, 4.336, 5.107, 6.135, 6.293, 5.729, 6.109, 6.197, 6.099, 6.014, 6.543, 6.42, 5.554, 4.732, 4.104, 3.79, 4.128, 4.494, 4.678, 4.748, 4.305, 3.59, 3.279], [3.263, 3.873, 3.981, 3.88, 3.078, 3.283, 3.404, 3.385, 2.923, 2.319, 2.347, 2.256, 2.837, 3.37, 4.291, 5.352, 5.202, 5.298, 4.903, 4.568, 4.273, 5.017, 6.552, 6.535, 6.524, 6.153, 5.754, 5.246, 6.209, 7.308, 6.631, 4.432, 3.442, 3.969, 4.458, 5.05, 5.123, 4.965, 5.298, 6.521, 7.544, 7.607, 7.34, 7.28, 7.94, 7.744, 6.922, 5.619, 3.48, 1.858, 1.369, 0.888, 0.0, 1.038, 1.249, 1.283, 1.564, 2.541, 3.332, 3.576, 3.074, 3.088, 3.145, 3.205, 4.081, 4.887, 5.862, 5.969, 5.419, 5.831, 5.921, 5.795, 5.714, 6.241, 6.066, 5.166, 4.35, 3.709, 3.449, 3.827, 4.157, 4.312, 4.353, 3.938, 3.313, 2.848], [2.943, 3.491, 3.646, 3.521, 2.989, 3.454, 3.534, 3.361, 2.775, 2.145, 2.055, 1.951, 2.532, 2.887, 3.914, 4.875, 4.825, 4.953, 4.507, 4.209, 3.99, 4.724, 6.197, 6.261, 6.256, 6.004, 5.427, 4.959, 5.745, 6.803, 6.167, 4.029, 3.187, 3.762, 4.239, 4.662, 4.819, 4.659, 4.953, 6.197, 7.072, 7.198, 6.959, 6.918, 7.637, 7.512, 6.675, 5.388, 3.315, 1.752, 1.589, 1.224, 1.038, 0.0, 0.718, 0.912, 1.331, 2.306, 3.005, 3.246, 2.767, 2.72, 2.779, 2.856, 3.735, 4.535, 5.543, 5.66, 5.073, 5.468, 5.563, 5.385, 5.326, 5.813, 5.738, 4.792, 4.003, 3.327, 3.314, 3.845, 4.024, 4.055, 3.966, 3.621, 3.01, 2.587], [2.902, 3.44, 3.628, 3.476, 3.058, 3.56, 3.647, 3.384, 2.688, 2.115, 2.019, 1.944, 2.487, 2.774, 3.706, 4.709, 4.644, 4.771, 4.328, 3.942, 3.814, 4.572, 6.084, 6.092, 6.117, 5.772, 5.094, 4.622, 5.571, 6.676, 6.062, 3.915, 3.208, 3.77, 4.249, 4.631, 4.754, 4.586, 4.835, 6.108, 6.917, 7.035, 6.801, 6.765, 7.494, 7.386, 6.532, 5.265, 3.23, 1.828, 1.646, 1.429, 1.249, 0.718, 0.0, 0.587, 1.221, 2.278, 2.914, 2.939, 2.417, 2.487, 2.45, 2.555, 3.382, 4.225, 5.246, 5.375, 4.779, 5.155, 5.245, 5.107, 5.085, 5.552, 5.404, 4.548, 3.879, 3.202, 3.331, 3.981, 4.056, 4.032, 3.831, 3.32, 2.71, 2.453], [3.222, 3.748, 3.91, 3.706, 3.222, 3.799, 3.919, 3.598, 2.923, 2.307, 2.147, 2.145, 2.675, 2.996, 3.91, 4.985, 4.862, 4.974, 4.594, 4.22, 4.072, 4.744, 6.3, 6.291, 6.3, 5.875, 5.112, 4.7, 5.847, 6.973, 6.377, 4.292, 3.465, 4.027, 4.517, 4.952, 5.068, 4.883, 5.147, 6.372, 7.205, 7.288, 7.031, 7.008, 7.75, 7.66, 6.841, 5.578, 3.544, 2.088, 1.884, 1.505, 1.283, 0.912, 0.587, 0.0, 0.955, 2.022, 2.692, 2.811, 2.408, 2.392, 2.355, 2.46, 3.244, 4.214, 5.259, 5.388, 4.775, 5.032, 5.122, 5.001, 5.071, 5.454, 5.288, 4.345, 3.748, 3.047, 3.103, 3.68, 3.788, 3.783, 3.631, 3.222, 2.677, 2.36], [3.631, 4.119, 4.217, 4.018, 3.76, 4.317, 4.398, 4.011, 3.258, 2.612, 2.437, 2.41, 2.972, 3.389, 4.336, 5.397, 5.227, 5.315, 5.022, 4.576, 4.286, 4.943, 6.442, 6.445, 6.435, 5.888, 4.948, 4.662, 6.239, 7.42, 6.804, 4.682, 3.673, 4.196, 4.742, 5.253, 5.211, 5.026, 5.29, 6.504, 7.602, 7.618, 7.275, 7.218, 7.918, 7.843, 7.12, 5.916, 3.759, 2.346, 2.301, 1.836, 1.564, 1.331, 1.221, 0.955, 0.0, 1.348, 2.111, 2.232, 1.865, 1.81, 1.905, 2.031, 2.879, 3.975, 5.076, 5.178, 4.43, 4.51, 4.599, 4.525, 4.748, 5.005, 4.727, 3.832, 3.122, 2.479, 2.483, 3.171, 3.15, 3.174, 3.043, 2.72, 2.268, 1.898], [4.699, 5.086, 5.22, 5.069, 4.953, 5.512, 5.579, 5.187, 4.381, 3.776, 3.656, 3.509, 4.042, 4.391, 5.295, 6.356, 6.188, 6.256, 5.974, 5.526, 5.225, 5.917, 7.27, 7.058, 7.049, 6.595, 5.517, 5.456, 7.208, 8.398, 7.786, 5.629, 4.634, 5.148, 5.664, 6.177, 6.117, 5.839, 5.934, 7.365, 8.538, 8.546, 8.188, 8.121, 8.768, 8.714, 8.053, 6.857, 4.684, 3.321, 3.276, 2.819, 2.541, 2.306, 2.278, 2.022, 1.348, 0.0, 0.969, 1.654, 1.393, 1.568, 1.422, 1.698, 2.972, 4.568, 5.679, 5.588, 4.402, 3.915, 3.913, 4.053, 4.782, 4.819, 3.973, 2.916, 2.245, 1.482, 1.415, 2.201, 2.079, 1.996, 2.072, 2.034, 1.81, 1.437], [5.42, 5.762, 5.864, 5.753, 5.752, 6.35, 6.393, 5.992, 5.173, 4.577, 4.401, 4.271, 4.741, 4.883, 5.512, 6.573, 6.407, 6.485, 6.207, 5.762, 5.47, 6.146, 7.486, 7.12, 7.096, 6.787, 5.673, 5.581, 7.435, 8.643, 8.027, 5.937, 5.04, 5.568, 6.073, 6.575, 6.471, 6.122, 6.257, 7.72, 8.795, 8.782, 8.456, 8.442, 9.1, 9.072, 8.422, 7.225, 5.053, 3.952, 4.08, 3.709, 3.332, 3.005, 2.914, 2.692, 2.111, 0.969, 0.0, 1.096, 1.453, 1.794, 1.566, 1.628, 3.054, 4.656, 5.815, 5.671, 4.299, 3.532, 3.245, 3.528, 4.659, 4.666, 3.307, 2.172, 1.72, 1.027, 1.391, 2.203, 1.943, 1.33, 1.312, 1.522, 1.737, 1.462], [5.205, 5.475, 5.571, 5.489, 5.583, 6.234, 6.31, 5.781, 4.952, 4.34, 4.154, 4.073, 4.494, 4.647, 4.996, 6.014, 5.872, 5.943, 5.66, 5.213, 4.928, 5.57, 6.928, 6.617, 6.594, 6.31, 5.255, 5.011, 6.849, 8.071, 7.448, 5.41, 4.489, 4.998, 5.519, 5.965, 5.86, 5.558, 5.728, 7.136, 8.276, 8.264, 7.932, 7.89, 8.554, 8.502, 7.829, 6.631, 4.46, 3.876, 4.195, 3.918, 3.576, 3.246, 2.939, 2.811, 2.232, 1.654, 1.096, 0.0, 1.028, 1.387, 1.342, 1.364, 2.482, 4.117, 5.226, 5.066, 3.805, 2.968, 2.74, 3.019, 4.104, 4.153, 2.661, 2.045, 1.725, 1.278, 1.909, 2.719, 2.457, 1.646, 1.165, 1.007, 1.322, 1.376], [4.646, 4.963, 4.992, 4.892, 5.045, 5.688, 5.761, 5.174, 4.26, 3.782, 3.678, 3.526, 3.96, 4.117, 4.56, 5.577, 5.395, 5.461, 5.145, 4.664, 4.34, 5.081, 6.466, 6.151, 6.181, 5.789, 4.761, 4.54, 6.383, 7.522, 6.92, 4.824, 3.904, 4.408, 4.93, 5.378, 5.247, 4.956, 5.072, 6.515, 7.739, 7.719, 7.352, 7.307, 7.956, 7.889, 7.181, 5.981, 3.82, 3.307, 3.644, 3.371, 3.074, 2.767, 2.417, 2.408, 1.865, 1.393, 1.453, 1.028, 0.0, 0.85, 1.077, 1.239, 2.047, 3.677, 4.794, 4.701, 3.558, 2.935, 2.899, 3.072, 3.953, 3.957, 3.074, 2.439, 1.942, 1.442, 2.25, 3.009, 2.935, 2.479, 1.856, 1.323, 1.302, 1.447], [4.496, 4.728, 4.67, 4.661, 4.885, 5.561, 5.654, 5.028, 4.083, 3.578, 3.458, 3.321, 3.665, 3.835, 4.292, 5.15, 5.024, 5.012, 4.67, 4.196, 3.892, 4.595, 5.943, 5.79, 5.794, 5.344, 4.259, 4.167, 5.905, 7.075, 6.426, 4.319, 3.475, 3.984, 4.456, 4.879, 4.802, 4.504, 4.644, 6.118, 7.29, 7.291, 6.934, 6.868, 7.505, 7.454, 6.748, 5.552, 3.431, 3.279, 3.629, 3.35, 3.088, 2.72, 2.487, 2.392, 1.81, 1.568, 1.794, 1.387, 0.85, 0.0, 1.056, 1.441, 1.813, 3.358, 4.468, 4.42, 3.41, 2.881, 2.954, 2.995, 3.784, 3.816, 3.086, 2.614, 2.085, 1.752, 2.603, 3.388, 3.319, 2.746, 2.113, 1.583, 1.573, 1.732], [4.793, 5.01, 4.967, 5.05, 5.179, 5.858, 5.93, 5.314, 4.434, 3.958, 3.844, 3.709, 4.084, 4.156, 4.376, 5.32, 5.147, 5.212, 4.879, 4.394, 4.15, 4.863, 6.237, 6.163, 6.188, 5.683, 4.604, 4.408, 6.09, 7.234, 6.613, 4.549, 3.766, 4.249, 4.813, 5.244, 5.146, 4.827, 5.007, 6.476, 7.489, 7.55, 7.231, 7.146, 7.752, 7.724, 7.035, 5.83, 3.685, 3.386, 3.719, 3.424, 3.145, 2.779, 2.45, 2.355, 1.905, 1.422, 1.566, 1.342, 1.077, 1.056, 0.0, 0.919, 1.967, 3.445, 4.563, 4.587, 3.524, 3.226, 3.226, 3.368, 3.906, 4.0, 3.194, 2.415, 1.978, 1.412, 2.325, 3.242, 3.212, 2.514, 1.733, 1.433, 1.665, 1.609], [4.987, 5.218, 5.304, 5.293, 5.366, 6.06, 6.1, 5.498, 4.679, 4.168, 4.038, 3.939, 4.343, 4.358, 4.346, 5.201, 5.059, 5.112, 4.788, 4.334, 4.205, 4.903, 6.351, 6.212, 6.208, 5.889, 4.784, 4.458, 6.034, 7.144, 6.688, 4.793, 4.077, 4.606, 5.079, 5.472, 5.386, 5.163, 5.337, 6.618, 7.446, 7.509, 7.253, 7.241, 7.92, 7.916, 7.166, 5.946, 3.863, 3.514, 3.809, 3.562, 3.205, 2.856, 2.555, 2.46, 2.031, 1.698, 1.628, 1.364, 1.239, 1.441, 0.919, 0.0, 1.736, 3.327, 4.492, 4.549, 3.606, 3.217, 3.095, 3.34, 3.999, 4.068, 3.089, 2.186, 1.76, 1.427, 2.426, 3.368, 3.278, 2.584, 1.663, 1.369, 1.722, 1.603], [5.327, 5.533, 5.36, 5.503, 5.682, 6.423, 6.497, 5.79, 4.865, 4.401, 4.256, 4.202, 4.533, 4.397, 4.018, 4.43, 4.504, 4.256, 3.733, 3.11, 3.101, 3.664, 5.203, 5.254, 5.277, 4.74, 3.781, 3.528, 4.925, 5.91, 5.489, 4.405, 3.934, 4.493, 4.673, 4.717, 4.63, 4.343, 4.538, 5.594, 6.154, 6.198, 5.991, 6.028, 6.741, 6.759, 5.992, 4.852, 3.779, 4.176, 4.464, 4.336, 4.081, 3.735, 3.382, 3.244, 2.879, 2.972, 3.054, 2.482, 2.047, 1.813, 1.967, 1.736, 0.0, 1.968, 3.148, 3.308, 2.434, 2.081, 2.169, 2.123, 2.834, 2.801, 2.336, 2.424, 2.464, 2.775, 4.002, 4.904, 4.79, 4.037, 2.956, 2.455, 2.432, 2.824], [5.528, 5.695, 5.424, 5.608, 5.86, 6.57, 6.679, 5.948, 5.024, 4.725, 4.522, 4.508, 4.653, 4.329, 3.65, 4.004, 4.093, 3.943, 3.359, 2.684, 2.404, 2.565, 3.955, 3.95, 3.819, 3.425, 2.629, 2.307, 3.805, 4.879, 4.598, 4.139, 3.694, 4.09, 4.349, 4.144, 3.817, 3.555, 3.404, 4.381, 4.776, 4.737, 4.532, 4.422, 5.19, 5.202, 4.837, 4.187, 3.774, 4.873, 5.426, 5.107, 4.887, 4.535, 4.225, 4.214, 3.975, 4.568, 4.656, 4.117, 3.677, 3.358, 3.445, 3.327, 1.968, 0.0, 1.388, 1.512, 1.295, 2.321, 2.687, 1.982, 1.637, 1.77, 2.688, 3.967, 4.146, 4.463, 5.613, 6.523, 6.427, 5.652, 4.602, 4.15, 4.184, 4.633], [6.3, 6.397, 6.058, 6.147, 6.608, 7.322, 7.368, 6.656, 5.775, 5.693, 5.465, 5.403, 5.452, 5.022, 3.994, 4.23, 4.173, 4.07, 3.592, 3.03, 2.904, 2.19, 3.207, 3.225, 3.006, 2.58, 1.997, 1.691, 3.298, 4.522, 4.774, 4.721, 4.105, 4.507, 4.684, 4.391, 4.029, 3.532, 3.112, 3.79, 4.13, 3.913, 3.741, 3.631, 4.285, 4.389, 4.508, 4.441, 4.673, 5.885, 6.452, 6.135, 5.862, 5.543, 5.246, 5.259, 5.076, 5.679, 5.815, 5.226, 4.794, 4.468, 4.563, 4.492, 3.148, 1.388, 0.0, 0.582, 1.8, 3.319, 3.611, 2.807, 2.024, 2.011, 3.722, 5.045, 5.231, 5.539, 6.695, 7.606, 7.52, 6.769, 5.676, 5.217, 5.305, 5.769], [6.504, 6.599, 6.252, 6.264, 6.829, 7.487, 7.561, 6.835, 5.973, 5.859, 5.631, 5.539, 5.585, 5.117, 4.146, 4.345, 4.303, 4.195, 3.744, 3.189, 3.038, 2.255, 3.242, 3.11, 2.919, 2.64, 1.898, 1.606, 3.412, 4.624, 4.899, 4.898, 4.175, 4