[[0.0, 0.752, 1.372, 1.602, 1.501, 1.524, 1.62, 1.899, 1.841, 2.414, 3.798, 5.255, 5.27, 5.108, 5.0, 5.362, 5.165, 5.982, 6.192, 5.275, 5.393, 5.22, 4.693, 4.124, 3.828, 3.924, 3.714, 3.467, 3.719, 3.246, 2.72, 2.035, 2.752, 2.419, 1.83, 1.939, 2.04, 2.251, 2.748, 3.225, 3.438, 3.968, 4.28, 5.018, 5.059, 4.547, 3.457, 2.217, 2.164, 2.135, 2.063, 1.994, 1.908, 1.641, 1.982, 2.413, 2.261, 2.16, 2.776, 3.062, 2.993, 2.82, 3.843, 5.788, 7.262, 6.996, 6.817, 7.535, 7.28, 6.845, 7.091, 7.489, 6.589, 5.771, 6.447, 4.913, 3.733, 4.004, 4.932, 5.154, 5.831, 9.132, 12.704, 14.548, 14.452, 14.737], [0.752, 0.0, 0.931, 1.053, 1.069, 1.247, 1.698, 2.255, 2.057, 2.231, 3.171, 4.594, 4.608, 4.468, 4.387, 4.727, 4.54, 5.351, 5.53, 4.638, 4.748, 4.603, 4.078, 3.481, 3.168, 3.329, 3.149, 2.824, 3.087, 2.78, 2.303, 1.99, 3.078, 2.65, 1.644, 1.619, 1.818, 1.957, 2.356, 2.81, 3.009, 3.535, 3.837, 4.509, 4.546, 4.079, 2.981, 1.927, 1.967, 1.849, 1.739, 1.74, 1.736, 1.478, 1.819, 2.092, 2.111, 2.056, 2.796, 3.157, 3.168, 3.043, 4.085, 6.3, 7.888, 7.546, 7.396, 8.171, 7.89, 7.285, 7.593, 8.035, 7.191, 6.173, 6.794, 5.214, 3.776, 4.004, 4.968, 5.318, 6.272, 9.788, 13.345, 15.18, 15.088, 15.384], [1.372, 0.931, 0.0, 0.657, 1.259, 1.435, 2.156, 2.664, 2.309, 1.956, 2.626, 4.01, 4.047, 3.895, 3.807, 4.15, 3.995, 4.786, 4.963, 4.055, 4.178, 4.097, 3.569, 2.935, 2.591, 2.744, 2.581, 2.339, 2.543, 2.207, 1.907, 2.13, 3.583, 3.073, 2.044, 2.007, 2.252, 2.362, 2.677, 2.968, 2.886, 3.274, 3.507, 4.092, 4.131, 3.811, 2.859, 1.843, 1.91, 1.952, 1.757, 1.708, 1.705, 1.571, 1.709, 1.696, 1.611, 1.801, 2.835, 3.342, 3.372, 3.155, 4.568, 6.843, 8.526, 8.125, 8.001, 8.793, 8.482, 7.879, 8.135, 8.62, 7.792, 6.617, 6.884, 5.175, 3.325, 3.53, 4.459, 4.932, 6.696, 10.407, 13.95, 15.78, 15.695, 15.99], [1.602, 1.053, 0.657, 0.0, 1.024, 1.337, 2.131, 2.809, 2.325, 1.909, 2.419, 3.755, 3.776, 3.654, 3.581, 3.962, 3.786, 4.558, 4.713, 3.9, 3.914, 3.902, 3.398, 2.734, 2.325, 2.528, 2.451, 2.151, 2.265, 2.115, 1.792, 2.102, 3.586, 3.052, 1.87, 1.739, 2.017, 2.033, 2.334, 2.637, 2.608, 2.924, 3.172, 3.697, 3.783, 3.449, 2.545, 1.906, 1.829, 1.889, 1.732, 1.669, 1.641, 1.636, 1.669, 1.694, 1.773, 1.866, 2.731, 3.316, 3.39, 3.288, 4.498, 7.009, 8.714, 8.32, 8.174, 8.96, 8.649, 8.054, 8.292, 8.785, 7.949, 6.771, 7.073, 5.377, 3.508, 3.759, 4.735, 5.132, 6.849, 10.598, 14.132, 15.952, 15.887, 16.165], [1.501, 1.069, 1.259, 1.024, 0.0, 1.052, 1.751, 2.503, 2.018, 1.912, 2.531, 3.86, 3.85, 3.718, 3.664, 3.979, 3.789, 4.598, 4.788, 4.014, 4.009, 3.839, 3.363, 2.815, 2.541, 2.657, 2.55, 2.214, 2.44, 2.379, 1.832, 1.721, 3.006, 2.56, 1.337, 1.384, 1.369, 1.467, 1.778, 2.207, 2.362, 2.824, 3.093, 3.703, 3.728, 3.297, 2.331, 1.894, 1.931, 1.925, 1.742, 1.816, 1.76, 1.488, 1.691, 1.982, 2.245, 2.385, 2.716, 3.275, 3.481, 3.318, 4.104, 6.698, 8.617, 8.209, 8.1, 8.892, 8.581, 7.974, 8.215, 8.687, 7.871, 6.769, 7.375, 5.803, 4.098, 4.453, 5.405, 5.815, 6.837, 10.517, 14.056, 15.863, 15.761, 16.058], [1.524, 1.247, 1.435, 1.337, 1.052, 0.0, 1.317, 2.034, 1.762, 1.722, 2.459, 3.931, 3.941, 3.786, 3.702, 4.023, 3.838, 4.656, 4.897, 4.097, 4.145, 4.006, 3.461, 2.837, 2.739, 2.617, 2.498, 2.355, 2.504, 2.233, 1.901, 1.451, 2.713, 2.273, 1.522, 1.748, 1.67, 1.711, 1.91, 2.159, 2.344, 2.966, 3.494, 4.06, 4.187, 3.443, 2.663, 2.123, 2.157, 2.241, 2.085, 2.003, 1.862, 1.841, 2.03, 2.364, 2.649, 2.731, 2.934, 3.473, 3.506, 3.233, 3.868, 6.613, 8.616, 8.195, 8.096, 8.88, 8.575, 7.984, 8.229, 8.697, 7.863, 6.949, 7.589, 5.925, 4.323, 4.687, 5.635, 6.042, 7.004, 10.511, 14.03, 15.813, 15.741, 15.989], [1.62, 1.698, 2.156, 2.131, 1.751, 1.317, 0.0, 1.285, 1.091, 1.536, 3.022, 4.317, 4.47, 4.275, 3.999, 4.402, 4.235, 5.055, 5.277, 4.512, 4.55, 4.361, 3.86, 3.456, 3.365, 3.243, 2.869, 2.995, 3.074, 2.791, 2.116, 1.422, 2.234, 1.883, 1.934, 2.392, 2.316, 2.466, 2.631, 2.85, 3.132, 3.84, 4.341, 4.848, 4.786, 4.3, 3.508, 2.596, 2.674, 2.764, 2.629, 2.517, 2.347, 2.284, 2.608, 2.97, 3.09, 2.768, 2.945, 3.501, 3.489, 3.162, 3.723, 6.37, 8.365, 7.968, 7.87, 8.66, 8.349, 7.733, 8.051, 8.513, 7.675, 6.83, 7.498, 5.884, 4.304, 4.766, 5.809, 5.97, 6.894, 10.273, 13.717, 15.484, 15.398, 15.667], [1.899, 2.255, 2.664, 2.809, 2.503, 2.034, 1.285, 0.0, 0.978, 2.223, 3.836, 5.127, 5.213, 5.081, 4.777, 5.106, 4.975, 5.775, 6.118, 5.355, 5.347, 5.155, 4.714, 4.299, 4.187, 4.068, 3.704, 3.896, 3.991, 3.432, 2.862, 1.714, 2.038, 2.119, 2.532, 3.026, 2.974, 3.159, 3.386, 3.592, 4.019, 4.727, 5.204, 5.746, 5.624, 5.19, 4.338, 3.094, 2.997, 3.314, 3.29, 3.24, 2.747, 2.807, 3.081, 3.291, 3.052, 2.882, 2.965, 3.358, 3.27, 2.847, 3.509, 5.698, 7.654, 7.243, 7.149, 7.933, 7.631, 7.058, 7.369, 7.819, 6.982, 6.187, 6.865, 5.293, 3.964, 4.424, 5.44, 5.607, 6.24, 9.548, 12.985, 14.735, 14.653, 14.941], [1.841, 2.057, 2.309, 2.325, 2.018, 1.762, 1.091, 0.978, 0.0, 1.612, 3.208, 4.557, 4.619, 4.452, 4.176, 4.597, 4.412, 5.254, 5.462, 4.737, 4.747, 4.567, 4.045, 3.62, 3.589, 3.451, 3.099, 3.236, 3.34, 2.828, 2.2, 1.447, 2.106, 2.086, 2.38, 2.856, 2.849, 3.022, 3.145, 3.298, 3.608, 4.235, 4.672, 5.167, 5.07, 4.636, 3.905, 3.001, 3.013, 3.216, 3.055, 3.03, 2.65, 2.64, 2.718, 2.797, 2.751, 2.523, 2.617, 3.031, 3.047, 2.832, 3.49, 6.147, 8.142, 7.729, 7.627, 8.416, 8.094, 7.464, 7.764, 8.227, 7.412, 6.337, 6.917, 5.269, 3.762, 4.27, 5.294, 5.429, 6.386, 10.032, 13.487, 15.246, 15.157, 15.421], [2.414, 2.231, 1.956, 1.909, 1.912, 1.722, 1.536, 2.223, 1.612, 0.0, 1.922, 3.291, 3.371, 3.161, 2.981, 3.351, 3.165, 4.008, 4.199, 3.487, 3.482, 3.339, 2.801, 2.389, 2.433, 2.074, 1.772, 1.924, 2.03, 1.774, 1.235, 1.609, 3.078, 2.82, 2.556, 3.015, 3.001, 3.04, 3.089, 3.02, 2.979, 3.427, 3.805, 4.177, 4.211, 3.933, 3.305, 2.537, 2.795, 2.875, 2.875, 2.624, 2.617, 2.684, 2.735, 2.334, 2.291, 2.275, 2.68, 3.336, 3.498, 3.309, 4.275, 7.268, 9.268, 8.85, 8.729, 9.513, 9.184, 8.487, 8.791, 9.249, 8.478, 7.271, 7.544, 5.543, 3.392, 3.852, 4.848, 5.115, 7.347, 11.146, 14.615, 16.378, 16.289, 16.554], [3.798, 3.171, 2.626, 2.419, 2.531, 2.459, 3.022, 3.836, 3.208, 1.922, 0.0, 1.649, 1.878, 1.865, 1.803, 2.08, 1.963, 2.469, 2.705, 2.343, 2.272, 2.375, 1.917, 1.279, 1.321, 1.151, 1.08, 1.153, 1.004, 1.238, 1.496, 2.831, 4.555, 3.962, 3.057, 3.204, 3.374, 3.259, 3.132, 3.003, 2.832, 2.643, 2.829, 3.09, 3.225, 3.14, 2.718, 3.003, 3.3, 3.126, 3.064, 3.035, 3.198, 3.148, 2.983, 2.622, 2.975, 3.49, 4.001, 4.711, 5.089, 5.025, 5.918, 8.962, 10.991, 10.59, 10.501, 11.275, 10.958, 10.243, 10.565, 11.023, 10.252, 9.002, 9.193, 7.135, 4.383, 4.092, 4.923, 5.568, 9.114, 12.912, 16.388, 18.144, 18.061, 18.313], [5.255, 4.594, 4.01, 3.755, 3.86, 3.931, 4.317, 5.127, 4.557, 3.291, 1.649, 0.0, 1.334, 1.373, 1.308, 1.518, 1.561, 1.482, 2.04, 2.2, 1.979, 1.994, 1.576, 1.498, 1.71, 1.628, 1.727, 1.952, 1.683, 2.169, 2.685, 4.21, 5.781, 4.904, 4.063, 4.138, 4.107, 3.852, 3.5, 3.16, 2.719, 2.352, 2.535, 2.629, 2.74, 2.803, 2.902, 3.586, 4.061, 3.791, 3.819, 3.985, 4.155, 4.278, 3.762, 3.555, 4.192, 4.767, 5.249, 6.011, 6.479, 6.487, 7.412, 10.469, 12.464, 12.043, 11.923, 12.658, 12.329, 11.614, 11.936, 12.394, 11.624, 10.392, 10.495, 8.406, 5.611, 5.417, 5.707, 6.573, 10.485, 14.307, 17.741, 19.491, 19.404, 19.673], [5.27, 4.608, 4.047, 3.776, 3.85, 3.941, 4.47, 5.213, 4.619, 3.371, 1.878, 1.334, 0.0, 0.745, 0.87, 1.0, 0.962, 1.22, 1.579, 1.738, 1.427, 1.312, 1.369, 1.347, 1.744, 1.707, 1.894, 2.094, 1.8, 2.255, 2.77, 4.244, 5.832, 5.084, 4.074, 4.069, 4.087, 3.857, 3.312, 3.083, 2.786, 2.279, 2.017, 2.133, 1.979, 2.041, 2.331, 3.616, 3.971, 3.682, 3.661, 3.838, 4.074, 4.247, 3.635, 3.38, 4.175, 4.759, 5.244, 5.987, 6.454, 6.497, 7.405, 10.48, 12.456, 12.035, 11.915, 12.628, 12.299, 11.583, 11.906, 12.364, 11.593, 10.384, 10.467, 8.474, 5.802, 5.729, 6.017, 7.004, 10.455, 14.287, 17.746, 19.482, 19.399, 19.684], [5.108, 4.468, 3.895, 3.654, 3.718, 3.786, 4.275, 5.081, 4.452, 3.161, 1.865, 1.373, 0.745, 0.0, 0.8, 1.09, 0.998, 1.291, 1.399, 1.571, 1.401, 1.19, 1.043, 1.326, 1.714, 1.706, 1.83, 2.051, 1.787, 2.224, 2.592, 4.072, 5.677, 4.875, 4.005, 4.054, 3.995, 3.731, 3.395, 3.145, 2.84, 2.261, 1.928, 2.198, 2.013, 2.07, 2.296, 3.37, 3.889, 3.61, 3.588, 3.764, 4.003, 4.176, 3.559, 3.301, 4.132, 4.688, 5.167, 5.95, 6.373, 6.342, 7.282, 10.331, 12.333, 11.913, 11.793, 12.557, 12.228, 11.512, 11.835, 12.293, 11.522, 10.272, 10.407, 8.372, 5.809, 5.658, 5.903, 6.965, 10.384, 14.196, 17.66, 19.414, 19.328, 19.586], [5.0, 4.387, 3.807, 3.581, 3.664, 3.702, 3.999, 4.777, 4.176, 2.981, 1.803, 1.308, 0.87, 0.8, 0.0, 0.892, 0.983, 1.34, 1.628, 1.559, 1.501, 1.407, 1.232, 1.262, 1.688, 1.606, 1.629, 1.931, 1.574, 2.012, 2.507, 3.984, 5.55, 4.713, 3.896, 4.042, 4.003, 3.749, 3.44, 3.287, 2.985, 2.412, 2.062, 2.293, 2.161, 2.258, 2.375, 3.446, 3.8, 3.537, 3.494, 3.665, 3.901, 4.074, 3.456, 3.203, 3.981, 4.601, 5.068, 5.832, 6.273, 6.236, 7.191, 10.239, 12.239, 11.821, 11.7, 12.455, 12.126, 11.41, 11.732, 12.19, 11.42, 10.17, 10.333, 8.212, 5.609, 5.515, 5.807, 6.805, 10.281, 14.086, 17.526, 19.27, 19.184, 19.44], [5.362, 4.727, 4.15, 3.962, 3.979, 4.023, 4.402, 5.106, 4.597, 3.351, 2.08, 1.518, 1.0, 1.09, 0.892, 0.0, 0.746, 1.236, 1.74, 2.014, 1.692, 1.601, 1.498, 1.648, 2.055, 1.96, 1.995, 2.382, 2.026, 2.473, 2.946, 4.337, 5.895, 5.07, 4.302, 4.272, 4.268, 4.024, 3.495, 3.273, 2.992, 2.403, 2.126, 2.263, 2.206, 2.248, 2.382, 3.679, 4.191, 3.904, 3.89, 4.066, 4.305, 4.478, 3.853, 3.617, 4.399, 5.003, 5.499, 6.244, 6.682, 6.596, 7.548, 10.596, 12.594, 12.178, 12.072, 12.856, 12.53, 11.814, 12.137, 12.595, 11.824, 10.574, 10.738, 8.619, 5.995, 5.858, 6.156, 7.236, 10.686, 14.488, 17.911, 19.622, 19.543, 19.792], [5.165, 4.54, 3.995, 3.786, 3.789, 3.838, 4.235, 4.975, 4.412, 3.165, 1.963, 1.561, 0.962, 0.998, 0.983, 0.746, 0.0, 0.994, 1.691, 2.121, 1.945, 1.562, 1.412, 1.577, 1.964, 1.95, 1.951, 2.332, 1.972, 2.375, 2.781, 4.146, 5.689, 4.858, 4.099, 4.037, 4.067, 3.822, 3.215, 2.927, 2.688, 2.043, 1.692, 1.885, 1.887, 1.764, 2.108, 3.466, 3.99, 3.704, 3.689, 3.865, 4.105, 4.278, 3.655, 3.419, 4.232, 4.844, 5.304, 6.049, 6.499, 6.394, 7.357, 10.405, 12.404, 11.987, 11.872, 12.657, 12.329, 11.614, 11.936, 12.394, 11.624, 10.373, 10.576, 8.517, 6.043, 5.921, 6.324, 7.281, 10.485, 14.287, 17.74, 19.477, 19.396, 19.645], [5.982, 5.351, 4.786, 4.558, 4.598, 4.656, 5.055, 5.775, 5.254, 4.008, 2.469, 1.482, 1.22, 1.291, 1.34, 1.236, 0.994, 0.0, 1.541, 2.29, 2.049, 1.71, 1.666, 2.042, 2.43, 2.427, 2.503, 2.787, 2.454, 2.959, 3.435, 4.965, 6.506, 5.644, 4.823, 4.799, 4.815, 4.579, 3.935, 3.456, 3.154, 2.435, 1.913, 1.644, 1.728, 1.856, 2.816, 4.243, 4.751, 4.464, 4.45, 4.625, 4.865, 5.038, 4.421, 4.176, 4.964, 5.571, 6.039, 6.792, 7.243, 7.212, 8.161, 11.209, 13.21, 12.791, 12.67, 13.419, 13.09, 12.374, 12.697, 13.154, 12.384, 11.14, 11.306, 9.243, 6.576, 6.401, 6.625, 7.624, 11.246, 15.063, 18.499, 20.236, 20.152, 20.409], [6.192, 5.53, 4.963, 4.713, 4.788, 4.897, 5.277, 6.118, 5.462, 4.199, 2.705, 2.04, 1.579, 1.399, 1.628, 1.74, 1.691, 1.541, 0.0, 1.362, 1.402, 1.42, 1.702, 2.171, 2.517, 2.532, 2.723, 2.866, 2.581, 3.144, 3.614, 5.158, 6.738, 5.912, 5.039, 5.045, 5.021, 4.758, 4.263, 4.1, 3.799, 3.182, 2.63, 2.583, 2.44, 2.721, 3.054, 4.454, 4.925, 4.638, 4.624, 4.799, 5.039, 5.212, 4.597, 4.341, 5.096, 5.705, 6.199, 6.956, 7.414, 7.426, 8.351, 11.409, 13.402, 12.981, 12.861, 13.593, 13.264, 12.548, 12.871, 13.328, 12.558, 11.33, 11.435, 9.267, 6.418, 6.22, 6.083, 7.303, 11.419, 15.239, 18.693, 20.449, 20.365, 20.639], [5.275, 4.638, 4.055, 3.9, 4.014, 4.097, 4.512, 5.355, 4.737, 3.487, 2.343, 2.2, 1.738, 1.571, 1.559, 2.014, 2.121, 2.29, 1.362, 0.0, 0.963, 1.137, 1.571, 1.561, 1.96, 1.975, 2.049, 2.129, 1.936, 2.344, 2.832, 4.322, 5.858, 5.319, 4.425, 4.721, 4.601, 4.438, 4.326, 4.354, 4.082, 3.474, 2.997, 2.994, 2.768, 3.171, 3.064, 3.912, 4.21, 3.999, 3.854, 3.982, 4.178, 4.341, 3.811, 3.461, 4.219, 4.822, 5.371, 6.108, 6.541, 6.497, 7.5, 10.477, 12.47, 12.049, 11.939, 12.72, 12.393, 11.677, 12.0, 12.458, 11.687, 10.437, 10.559, 8.379, 5.476, 5.309, 5.132, 6.387, 10.549, 14.364, 17.821, 19.587, 19.498, 19.779], [5.393, 4.748, 4.178, 3.914, 4.009, 4.145, 4.55, 5.347, 4.747, 3.482, 2.272, 1.979, 1.427, 1.401, 1.501, 1.692, 1.945, 2.049, 1.402, 0.963, 0.0, 0.926, 1.579, 1.665, 1.76, 1.77, 1.984, 2.059, 1.845, 2.3, 2.907, 4.427, 6.116, 5.636, 4.569, 4.477, 4.433, 4.258, 4.077, 4.112, 3.89, 3.296, 2.871, 2.843, 2.645, 3.045, 2.865, 3.764, 4.099, 3.839, 3.804, 3.968, 4.208, 4.388, 3.829, 3.508, 4.266, 4.869, 5.497, 6.246, 6.59, 6.622, 7.568, 10.605, 12.562, 12.141, 12.021, 12.761, 12.432, 11.717, 12.039, 12.497, 11.727, 10.49, 10.598, 8.441, 5.696, 5.523, 5.445, 6.615, 10.588, 14.417, 17.865, 19.598, 19.512, 19.781], [5.22, 4.603, 4.097, 3.902, 3.839, 4.006, 4.361, 5.155, 4.567, 3.339, 2.375, 1.994, 1.312, 1.19, 1.407, 1.601, 1.562, 1.71, 1.42, 1.137, 0.926, 0.0, 1.024, 1.467, 1.886, 1.781, 2.014, 2.154, 2.02, 2.304, 2.708, 4.195, 5.792, 5.346, 4.482, 4.49, 4.297, 4.154, 3.863, 3.816, 3.547, 2.913, 2.46, 2.506, 2.217, 2.559, 2.562, 3.479, 3.935, 3.675, 3.665, 3.817, 4.049, 4.222, 3.762, 3.369, 4.159, 4.751, 5.252, 6.043, 6.436, 6.432, 7.342, 10.414, 12.385, 11.964, 11.844, 12.603, 12.274, 11.558, 11.881, 12.339, 11.568, 10.318, 10.447, 8.451, 5.854, 5.645, 5.592, 6.787, 10.43, 14.255, 17.705, 19.456, 19.369, 19.625], [4.693, 4.078, 3.569, 3.398, 3.363, 3.461, 3.86, 4.714, 4.045, 2.801, 1.917, 1.576, 1.369, 1.043, 1.232, 1.498, 1.412, 1.666, 1.702, 1.571, 1.579, 1.024, 0.0, 0.981, 1.499, 1.346, 1.511, 1.759, 1.593, 1.858, 2.161, 3.615, 5.231, 4.66, 3.971, 4.047, 3.833, 3.698, 3.546, 3.346, 3.022, 2.453, 2.089, 2.362, 2.321, 2.411, 2.374, 2.959, 3.436, 3.163, 3.185, 3.334, 3.551, 3.722, 3.284, 2.873, 3.676, 4.254, 4.722, 5.497, 5.927, 5.901, 6.821, 9.884, 11.872, 11.451, 11.331, 12.102, 11.773, 11.057, 11.38, 11.838, 11.068, 9.817, 9.972, 7.983, 5.398, 5.251, 5.291, 6.458, 9.929, 13.746, 17.212, 18.975, 18.891, 19.148], [4.124, 3.481, 2.935, 2.734, 2.815, 2.837, 3.456, 4.299, 3.62, 2.389, 1.279, 1.498, 1.347, 1.326, 1.262, 1.648, 1.577, 2.042, 2.171, 1.561, 1.665, 1.467, 0.981, 0.0, 0.914, 0.881, 1.06, 1.093, 0.96, 1.296, 1.664, 3.094, 4.736, 4.196, 3.278, 3.457, 3.336, 3.198, 3.087, 3.063, 2.842, 2.245, 2.188, 2.383, 2.473, 2.47, 2.162, 2.702, 3.007, 2.768, 2.66, 2.832, 2.982, 3.148, 2.616, 2.378, 3.089, 3.67, 4.167, 4.914, 5.354, 5.354, 6.275, 9.337, 11.326, 10.905, 10.785, 11.528, 11.199, 10.483, 10.806, 11.264, 10.494, 9.254, 9.365, 7.361, 4.729, 4.6, 5.011, 5.892, 9.355, 13.177, 16.657, 18.424, 18.343, 18.601], [3.828, 3.168, 2.591, 2.325, 2.541, 2.739, 3.365, 4.187, 3.589, 2.433, 1.321, 1.71, 1.744, 1.714, 1.688, 2.055, 1.964, 2.43, 2.517, 1.96, 1.76, 1.886, 1.499, 0.914, 0.0, 0.825, 1.122, 0.965, 0.77, 1.172, 1.681, 3.127, 4.925, 4.462, 3.189, 2.937, 3.021, 2.854, 2.764, 2.906, 2.665, 2.223, 2.191, 2.363, 2.504, 2.626, 2.031, 2.463, 2.658, 2.396, 2.392, 2.514, 2.644, 2.807, 2.392, 2.11, 2.672, 3.265, 4.005, 4.762, 4.988, 5.052, 6.215, 9.034, 10.992, 10.571, 10.451, 11.134, 10.805, 10.136, 10.412, 10.87, 10.1, 8.92, 8.971, 6.979, 4.34, 4.25, 4.721, 5.446, 8.961, 12.801, 16.293, 18.064, 17.975, 18.305], [3.924, 3.329, 2.744, 2.528, 2.657, 2.617, 3.243, 4.068, 3.451, 2.074, 1.151, 1.628, 1.707, 1.706, 1.606, 1.96, 1.95, 2.427, 2.532, 1.975, 1.77, 1.781, 1.346, 0.881, 0.825, 0.0, 0.694, 0.88, 0.724, 0.916, 1.545, 3.031, 4.794, 4.368, 3.405, 3.346, 3.201, 3.068, 3.045, 2.994, 2.775, 2.488, 2.571, 2.791, 2.931, 2.902, 2.449, 2.491, 2.711, 2.508, 2.567, 2.62, 2.762, 2.945, 2.693, 2.22, 2.725, 3.393, 3.987, 4.71, 5.045, 5.129, 6.063, 9.111, 11.048, 10.627, 10.507, 11.204, 10.875, 10.175, 10.482, 10.94, 10.17, 8.976, 9.041, 6.957, 4.273, 4.195, 4.722, 5.406, 9.031, 12.872, 16.347, 18.111, 18.023, 18.328], [3.714, 3.149, 2.581, 2.451, 2.55, 2.498, 2.869, 3.704, 3.099, 1.772, 1.08, 1.727, 1.894, 1.83, 1.629, 1.995, 1.951, 2.503, 2.723, 2.049, 1.984, 2.014, 1.511, 1.06, 1.122, 0.694, 0.0, 0.784, 0.717, 0.807, 1.261, 2.753, 4.478, 4.058, 3.264, 3.381, 3.347, 3.268, 3.224, 3.187, 3.0, 2.697, 2.794, 3.081, 3.153, 3.092, 2.58, 2.417, 2.692, 2.52, 2.544, 2.455, 2.615, 2.807, 2.552, 1.99, 2.572, 3.237, 3.853, 4.567, 4.876, 4.886, 5.862, 8.868, 10.857, 10.436, 10.316, 11.038, 10.709, 9.993, 10.316, 10.774, 10.003, 8.785, 8.924, 6.833, 4.145, 4.111, 4.709, 5.438, 8.865, 12.69, 16.146, 17.918, 17.826, 18.111], [3.467, 2.824, 2.339, 2.151, 2.214, 2.355, 2.995, 3.896, 3.236, 1.924, 1.153, 1.952, 2.094, 2.051, 1.931, 2.382, 2.332, 2.787, 2.866, 2.129, 2.059, 2.154, 1.759, 1.093, 0.965, 0.88, 0.784, 0.0, 0.638, 0.94, 1.269, 2.664, 4.456, 4.084, 2.928, 2.94, 2.933, 2.824, 2.813, 2.982, 2.697, 2.381, 2.544, 2.749, 2.945, 2.904, 2.283, 2.225, 2.466, 2.278, 2.241, 2.209, 2.365, 2.479, 2.319, 1.847, 2.344, 2.975, 3.583, 4.318, 4.623, 4.685, 5.717, 8.668, 10.619, 10.198, 10.078, 10.794, 10.465, 9.749, 10.072, 10.529, 9.759, 8.547, 8.682, 6.588, 3.922, 3.825, 4.551, 5.185, 8.621, 12.454, 15.948, 17.741, 17.642, 17.938], [3.719, 3.087, 2.543, 2.265, 2.44, 2.504, 3.074, 3.991, 3.34, 2.03, 1.004, 1.683, 1.8, 1.787, 1.574, 2.026, 1.972, 2.454, 2.581, 1.936, 1.845, 2.02, 1.593, 0.96, 0.77, 0.724, 0.717, 0.638, 0.0, 0.747, 1.353, 2.826, 4.561, 4.116, 2.981, 3.033, 3.066, 2.958, 2.906, 2.962, 2.725, 2.382, 2.409, 2.662, 2.766, 2.762, 2.283, 2.485, 2.712, 2.5, 2.518, 2.491, 2.662, 2.751, 2.416, 2.061, 2.577, 3.224, 3.845, 4.567, 4.879, 4.947, 5.948, 8.929, 10.88, 10.459, 10.339, 11.046, 10.717, 10.006, 10.323, 10.781, 10.011, 8.808, 8.926, 6.87, 4.194, 4.121, 4.64, 5.376, 8.872, 12.708, 16.175, 17.959, 17.867, 18.171], [3.246, 2.78, 2.207, 2.115, 2.379, 2.233, 2.791, 3.432, 2.828, 1.774, 1.238, 2.169, 2.255, 2.224, 2.012, 2.473, 2.375, 2.959, 3.144, 2.344, 2.3, 2.304, 1.858, 1.296, 1.172, 0.916, 0.807, 0.94, 0.747, 0.0, 1.091, 2.393, 4.19, 3.821, 2.945, 3.18, 3.18, 3.144, 3.179, 3.196, 3.006, 2.742, 2.814, 3.07, 3.166, 3.147, 2.651, 2.525, 2.633, 2.518, 2.562, 2.349, 2.383, 2.416, 2.258, 1.68, 2.127, 2.724, 3.348, 4.065, 4.334, 4.409, 5.371, 8.391, 10.314, 9.895, 9.773, 10.497, 10.168, 9.452, 9.775, 10.232, 9.462, 8.242, 8.376, 6.366, 3.745, 3.695, 4.362, 4.979, 8.324, 12.163, 15.632, 17.411, 17.33, 17.606], [2.72, 2.303, 1.907, 1.792, 1.832, 1.901, 2.116, 2.862, 2.2, 1.235, 1.496, 2.685, 2.77, 2.592, 2.507, 2.946, 2.781, 3.435, 3.614, 2.832, 2.907, 2.708, 2.161, 1.664, 1.681, 1.545, 1.261, 1.269, 1.353, 1.091, 0.0, 1.776, 3.481, 3.209, 2.416, 2.839, 2.827, 2.83, 2.887, 2.956, 2.79, 2.691, 2.962, 3.28, 3.259, 3.212, 2.628, 2.265, 2.479, 2.487, 2.337, 2.122, 2.237, 2.182, 2.211, 1.616, 2.021, 2.399, 2.912, 3.603, 3.872, 3.812, 4.845, 7.801, 9.803, 9.383, 9.263, 10.003, 9.674, 8.958, 9.281, 9.738, 8.968, 7.737, 8.02, 6.149, 3.763, 3.785, 4.641, 5.024, 7.831, 11.647, 15.116, 16.906, 16.814, 17.091], [2.035, 1.99, 2.13, 2.102, 1.721, 1.451, 1.422, 1.714, 1.447, 1.609, 2.831, 4.21, 4.244, 4.072, 3.984, 4.337, 4.146, 4.965, 5.158, 4.322, 4.427, 4.195, 3.615, 3.094, 3.127, 3.031, 2.753, 2.664, 2.826, 2.393, 1.776, 0.0, 1.945, 1.955, 1.974, 2.438, 2.363, 2.457, 2.527, 2.696, 2.823, 3.455, 3.995, 4.531, 4.51, 3.974, 3.221, 2.617, 2.643, 2.87, 2.584, 2.408, 2.184, 2.122, 2.108, 2.328, 2.242, 2.048, 2.166, 2.833, 2.974, 2.599, 3.309, 6.275, 8.262, 7.841, 7.742, 8.522, 8.197, 7.622, 7.881, 8.282, 7.543, 6.63, 7.191, 5.397, 3.644, 4.041, 5.036, 5.381, 6.727, 10.164, 13.649, 15.434, 15.341, 15.615], [2.752, 3.078, 3.583, 3.586, 3.006, 2.713, 2.234, 2.038, 2.106, 3.078, 4.555, 5.781, 5.832, 5.677, 5.55, 5.895, 5.689, 6.506, 6.738, 5.858, 6.116, 5.792, 5.231, 4.736, 4.925, 4.794, 4.478, 4.456, 4.561, 4.19, 3.481, 1.945, 0.0, 1.415, 2.542, 3.238, 2.989, 3.196, 3.481, 3.757, 4.232, 4.866, 5.433, 6.111, 6.007, 5.392, 4.607, 3.957, 3.861, 4.155, 3.855, 3.82, 3.436, 3.247, 3.625, 4.063, 3.874, 3.086, 2.091, 2.235, 2.547, 2.226, 2.404, 4.75, 6.735, 6.315, 6.21, 6.991, 6.705, 6.32, 6.584, 6.938, 6.193, 5.528, 6.158, 4.738, 3.989, 4.615, 5.604, 5.445, 5.595, 8.626, 12.098, 13.897, 13.801, 14.072], [2.419, 2.65, 3.073, 3.052, 2.56, 2.273, 1.883, 2.119, 2.086, 2.82, 3.962, 4.904, 5.084, 4.875, 4.713, 5.07, 4.858, 5.644, 5.912, 5.319, 5.636, 5.346, 4.66, 4.196, 4.462, 4.368, 4.058, 4.084, 4.116, 3.821, 3.209, 1.955, 1.415, 0.0, 1.875, 2.592, 2.354, 2.606, 2.846, 2.987, 3.401, 4.025, 4.648, 5.406, 5.313, 4.642, 4.047, 3.829, 3.843, 3.971, 3.527, 3.578, 3.288, 3.055, 3.142, 3.843, 3.931, 3.397, 2.586, 3.007, 3.338, 3.094, 3.191, 5.714, 7.799, 7.401, 7.329, 8.1, 7.874, 7.502, 7.795, 8.163, 7.385, 6.613, 7.199, 5.647, 4.766, 5.316, 6.359, 6.244, 6.676, 9.698, 13.173, 14.972, 14.876, 15.145], [1.83, 1.644, 2.044, 1.87, 1.337, 1.522, 1.934, 2.532, 2.38, 2.556, 3.057, 4.063, 4.074, 4.005, 3.896, 4.302, 4.099, 4.823, 5.039, 4.425, 4.569, 4.482, 3.971, 3.278, 3.189, 3.405, 3.264, 2.928, 2.981, 2.945, 2.416, 1.974, 2.542, 1.875, 0.0, 1.172, 1.053, 1.179, 1.449, 1.864, 2.191, 2.829, 3.306, 4.008, 4.011, 3.458, 2.543, 2.549, 2.453, 2.552, 2.168, 2.274, 2.082, 1.792, 2.101, 2.822, 3.067, 3.126, 3.313, 3.8, 4.056, 3.883, 4.172, 6.557, 8.416, 8.007, 7.959, 8.664, 8.481, 8.117, 8.41, 8.778, 8.0, 7.32, 7.952, 6.423, 4.879, 5.331, 6.26, 6.543, 7.34, 10.249, 13.752, 15.552, 15.458, 15.757], [1.939, 1.619, 2.007, 1.739, 1.384, 1.748, 2.392, 3.026, 2.856, 3.015, 3.204, 4.138, 4.069, 4.054, 4.042, 4.272, 4.037, 4.799, 5.045, 4.721, 4.477, 4.49, 4.047, 3.457, 2.937, 3.346, 3.381, 2.94, 3.033, 3.18, 2.839, 2.438, 3.238, 2.592, 1.172, 0.0, 0.805, 0.862, 1.232, 1.694, 2.007, 2.663, 3.11, 3.797, 3.8, 3.282, 2.256, 2.164, 2.113, 1.989, 1.77, 1.948, 1.878, 1.7, 2.052, 2.695, 2.91, 3.07, 3.537, 3.939, 4.084, 4.022, 4.584, 6.879, 8.54, 8.161, 8.024, 8.677, 8.463, 8.232, 8.427, 8.742, 8.023, 7.346, 7.837, 6.354, 4.942, 5.317, 6.295, 6.493, 7.288, 10.282, 13.786, 15.599, 15.504, 15.879], [2.04, 1.818, 2.252, 2.017, 1.369, 1.67, 2.316, 2.974, 2.849, 3.001, 3.374, 4.107, 4.087, 3.995, 4.003, 4.268, 4.067, 4.815, 5.021, 4.601, 4.433, 4.297, 3.833, 3.336, 3.021, 3.201, 3.347, 2.933, 3.066, 3.18, 2.827, 2.363, 2.989, 2.354, 1.053, 0.805, 0.0, 0.634, 1.097, 1.592, 1.905, 2.581, 3.04, 3.774, 3.855, 3.275, 2.207, 2.147, 2.064, 2.09, 1.868, 2.079, 1.924, 1.844, 2.205, 2.869, 3.192, 3.296, 3.37, 3.854, 4.054, 4.052, 4.372, 6.689, 8.483, 8.117, 8.047, 8.725, 8.556, 8.247, 8.5, 8.856, 8.09, 7.426, 8.006, 6.464, 5.103, 5.558, 6.546, 6.716, 7.41, 10.26, 13.78, 15.584, 15.492, 15.821], [2.251, 1.957, 2.362, 2.033, 1.467, 1.711, 2.466, 3.159, 3.022, 3.04, 3.259, 3.852, 3.857, 3.731, 3.749, 4.024, 3.822, 4.579, 4.758, 4.438, 4.258, 4.154, 3.698, 3.198, 2.854, 3.068, 3.268, 2.824, 2.958, 3.144, 2.83, 2.457, 3.196, 2.606, 1.179, 0.862, 0.634, 0.0, 0.802, 1.344, 1.662, 2.235, 2.774, 3.478, 3.584, 3.002, 1.929, 2.148, 2.024, 2.004, 1.866, 2.012, 1.837, 1.885, 2.238, 2.818, 3.189, 3.39, 3.487, 4.033, 4.327, 4.207, 4.462, 6.943, 8.783, 8.413, 8.272, 8.931, 8.728, 8.521, 8.71, 9.097, 8.289, 7.648, 8.173, 6.718, 5.215, 5.675, 6.658, 6.834, 7.579, 10.524, 14.06, 15.864, 15.781, 16.145], [2.748, 2.356, 2.677, 2.334, 1.778, 1.91, 2.631, 3.386, 3.145, 3.089, 3.132, 3.5, 3.312, 3.395, 3.44, 3.495, 3.215, 3.935, 4.263, 4.326, 4.077, 3.863, 3.546, 3.087, 2.764, 3.045, 3.224, 2.813, 2.906, 3.179, 2.887, 2.527, 3.481, 2.846, 1.449, 1.232, 1.097, 0.802, 0.0, 0.8, 1.143, 1.773, 2.414, 3.002, 3.092, 2.479, 1.83, 2.403, 2.44, 2.318, 2.138, 2.417, 2.231, 2.24, 2.51, 3.134, 3.584, 3.834, 3.982, 4.565, 4.806, 4.571, 4.852, 7.494, 9.364, 8.969, 8.926, 9.612, 9.426, 9.066, 9.312, 9.71, 8.916, 8.229, 8.75, 7.233, 5.592, 6.028, 6.97, 7.244, 8.178, 11.148, 14.658, 16.448, 16.354, 16.707], [3.225, 2.81, 2.968, 2.637, 2.207, 2.159, 2.85, 3.592, 3.298, 3.02, 3.003, 3.16, 3.083, 3.145, 3.287, 3.273, 2.927, 3.456, 4.1, 4.354, 4.112, 3.816, 3.346, 3.063, 2.906, 2.994, 3.187, 2.982, 2.962, 3.196, 2.956, 2.696, 3.757, 2.987, 1.864, 1.694, 1.592, 1.344, 0.8, 0.0, 0.842, 1.553, 2.368, 3.07, 3.09, 2.303, 2.162, 2.704, 2.854, 2.782, 2.603, 2.835, 2.65, 2.639, 2.898, 3.506, 3.882, 4.099, 4.232, 4.858, 5.18, 4.935, 5.23, 8.016, 9.87, 9.502, 9.479, 10.189, 9.983, 9.573, 9.837, 10.255, 9.432, 8.754, 9.255, 7.631, 5.864, 6.316, 7.255, 7.524, 8.72, 11.655, 15.137, 16.911, 16.819, 17.148], [3.438, 3.009, 2.886, 2.608, 2.362, 2.344, 3.132, 4.019, 3.608, 2.979, 2.832, 2.719, 2.786, 2.84, 2.985, 2.992, 2.688, 3.154, 3.799, 4.082, 3.89, 3.547, 3.022, 2.842, 2.665, 2.775, 3.0, 2.697, 2.725, 3.006, 2.79, 2.823, 4.232, 3.401, 2.191, 2.007, 1.905, 1.662, 1.143, 0.842, 0.0, 1.119, 1.984, 2.623, 2.736, 2.032, 1.899, 2.654, 2.836, 2.752, 2.612, 2.705, 2.632, 2.674, 2.708, 3.169, 3.58, 3.94, 4.173, 4.887, 5.16, 4.898, 5.516, 8.373, 10.221, 9.861, 9.814, 10.552, 10.347, 9.925, 10.181, 10.607, 9.773, 8.961, 9.457, 7.691, 5.587, 5.981, 6.901, 7.293, 8.97, 12.038, 15.54, 17.314, 17.226, 17.526], [3.968, 3.535, 3.274, 2.924, 2.824, 2.966, 3.84, 4.727, 4.235, 3.427, 2.643, 2.352, 2.279, 2.261, 2.412, 2.403, 2.043, 2.435, 3.182, 3.474, 3.296, 2.913, 2.453, 2.245, 2.223, 2.488, 2.697, 2.381, 2.382, 2.742, 2.691, 3.455, 4.866, 4.025, 2.829, 2.663, 2.581, 2.235, 1.773, 1.553, 1.119, 0.0, 1.049, 1.763, 1.905, 1.232, 1.355, 2.594, 2.76, 2.663, 2.574, 2.606, 2.776, 2.948, 2.564, 2.707, 3.644, 4.187, 4.542, 5.279, 5.552, 5.352, 6.087, 8.971, 10.854, 10.484, 10.346, 11.109, 10.886, 10.512, 10.746, 11.217, 10.312, 9.365, 9.881, 8.065, 5.802, 5.677, 6.412, 7.036, 9.441, 12.683, 16.202, 17.992, 17.91, 18.162], [4.28, 3.837, 3.507, 3.172, 3.093, 3.494, 4.341, 5.204, 4.672, 3.805, 2.829, 2.535, 2.017, 1.928, 2.062, 2.126, 1.692, 1.913, 2.63, 2.997, 2.871, 2.46, 2.089, 2.188, 2.191, 2.571, 2.794, 2.544, 2.409, 2.814, 2.962, 3.995, 5.433, 4.648, 3.306, 3.11, 3.04, 2.774, 2.414, 2.368, 1.984, 1.049, 0.0, 1.054, 1.213, 0.909, 1.247, 2.786, 3.057, 2.833, 2.828, 2.871, 3.084, 3.264, 2.755, 2.772, 3.785, 4.37, 4.724, 5.442, 5.783, 5.653, 6.581, 9.431, 11.319, 10.922, 10.796, 11.556, 11.313, 10.797, 11.073, 11.52, 10.665, 9.66, 10.104, 8.256, 5.803, 5.663, 6.105, 6.97, 9.712, 13.198, 16.735, 18.531, 18.449, 18.718], [5.018, 4.509, 4.092, 3.697, 3.703, 4.06, 4.848, 5.746, 5.167, 4.177, 3.09, 2.629, 2.133, 2.198, 2.293, 2.263, 1.885, 1.644, 2.583, 2.994, 2.843, 2.506, 2.362, 2.383, 2.363, 2.791, 3.081, 2.749, 2.662, 3.07, 3.28, 4.531, 6.111, 5.406, 4.008, 3.797, 3.774, 3.478, 3.002, 3.07, 2.623, 1.763, 1.054, 0.0, 0.678, 1.049, 1.824, 3.426, 3.701, 3.474, 3.502, 3.521, 3.758, 3.974, 3.423, 3.341, 4.293, 4.851, 5.322, 6.061, 6.372, 6.319, 7.25, 10.191, 12.088, 11.691, 11.534, 12.277, 11.996, 11.386, 11.692, 12.18, 11.306, 10.237, 10.571, 8.683, 6.203, 6.027, 6.331, 7.207, 10.249, 13.945, 17.47, 19.259, 19.177, 19.451], [5.059, 4.546, 4.131, 3.783, 3.728, 4.187, 4.786, 5.624, 5.07, 4.211, 3.225, 2.74, 1.979, 2.013, 2.161, 2.206, 1.887, 1.728, 2.44, 2.768, 2.645, 2.217, 2.321, 2.473, 2.504, 2.931, 3.153, 2.945, 2.766, 3.166, 3.259, 4.51, 6.007, 5.313, 4.011, 3.8, 3.855, 3.584, 3.092, 3.09, 2.736, 1.905, 1.213, 0.678, 0.0, 1.103, 1.907, 3.407, 3.748, 3.493, 3.479, 3.585, 3.819, 4.007, 3.477, 3.411, 4.444, 4.994, 5.531, 6.253, 6.491, 6.349, 7.399, 10.243, 12.139, 11.724, 11.598, 12.346, 12.054, 11.428, 11.745, 12.208, 11.363, 10.283, 10.684, 8.837, 6.388, 6.212, 6.466, 7.449, 10.31, 14.007, 17.501, 19.299, 19.213, 19.498], [4.547, 4.079, 3.811, 3.449, 3.297, 3.443, 4.3, 5.19, 4.636, 3.933, 3.14, 2.803, 2.041, 2.07, 2.258, 2.248, 1.764, 1.856, 2.721, 3.171, 3.045, 2.559, 2.411, 2.47, 2.626, 2.902, 3.092, 2.904, 2.762, 3.147, 3.212, 3.974, 5.392, 4.642, 3.458, 3.282, 3.275, 3.002, 2.479, 2.303, 2.032, 1.232, 0.909, 1.049, 1.103, 0.0, 1.307, 2.925, 3.23, 2.984, 2.964, 3.061, 3.296, 3.473, 2.956, 3.191, 4.291, 4.835, 5.204, 5.935, 6.203, 5.971, 6.673, 9.68, 11.602, 11.183, 11.061, 11.811, 11.518, 10.967, 11.232, 11.693, 10.843, 9.839, 10.415, 8.628, 6.351, 6.236, 6.738, 7.62, 9.903, 13.473, 16.992, 18.79, 18.704, 18.962], [3.457, 2.981, 2.859, 2.545, 2.331, 2.663, 3.508, 4.338, 3.905, 3.305, 2.718, 2.902, 2.331, 2.296, 2.375, 2.382, 2.108, 2.816, 3.054, 3.064, 2.865, 2.562, 2.374, 2.162, 2.031, 2.449, 2.58, 2.283, 2.283, 2.651, 2.628, 3.221, 4.607, 4.047, 2.543, 2.256, 2.207, 1.929, 1.83, 2.162, 1.899, 1.355, 1.247, 1.824, 1.907, 1.307, 0.0, 1.825, 2.007, 1.844, 1.769, 1.905, 2.156, 2.313, 1.894, 2.196, 3.239, 3.783, 4.3, 4.961, 5.168, 5.031, 5.75, 8.65, 10.458, 10.072, 9.901, 10.603, 10.274, 9.777, 10.017, 10.455, 9.647, 8.742, 9.318, 7.608, 5.364, 5.336, 6.065, 6.69, 8.736, 12.278, 15.821, 17.622, 17.532, 17.849], [2.217, 1.927, 1.843, 1.906, 1.894, 2.123, 2.596, 3.094, 3.001, 2.537, 3.003, 3.586, 3.616, 3.37, 3.446, 3.679, 3.466, 4.243, 4.454, 3.912, 3.764, 3.479, 2.959, 2.702, 2.463, 2.491, 2.417, 2.225, 2.485, 2.525, 2.265, 2.617, 3.957, 3.829, 2.549, 2.164, 2.147, 2.148, 2.403, 2.704, 2.654, 2.594, 2.786, 3.426, 3.407, 2.925, 1.825, 0.0, 0.83, 0.819, 1.109, 1.125, 1.166, 1.406, 1.58, 1.731, 2.172, 2.963, 3.915, 4.357, 4.188, 3.822, 4.963, 7.266, 8.968, 8.566, 8.427, 9.193, 8.864, 8.24, 8.518, 8.95, 8.167, 7.426, 8.073, 6.335, 4.326, 4.291, 5.009, 5.749, 7.487, 10.839, 14.384, 16.201, 16.109, 16.41], [2.164, 1.967, 1.91, 1.829, 1.931, 2.157, 2.674, 2.997, 3.013, 2.795, 3.3, 4.061, 3.971, 3.889, 3.8, 4.191, 3.99, 4.751, 4.925, 4.21, 4.099, 3.935, 3.436, 3.007, 2.658, 2.711, 2.692, 2.466, 2.712, 2.633, 2.479, 2.643, 3.861, 3.843, 2.453, 2.113, 2.064, 2.024, 2.44, 2.854, 2.836, 2.76, 3.057, 3.701, 3.748, 3.23, 2.007, 0.83, 0.0, 0.767, 0.991, 0.887, 0.855, 1.172, 1.46, 1.542, 1.974, 2.776, 3.623, 4.045, 3.93, 3.797, 4.697, 6.945, 8.556, 8.177, 7.992, 8.668, 8.339, 8.008, 8.089, 8.588, 7.712, 7.14, 7.722, 6.073, 4.159, 4.182, 4.98, 5.623, 7.122, 10.355, 13.913, 15.73, 15.646, 16.0], [2.135, 1.849, 1.952, 1.889, 1.925, 2.241, 2.764, 3.314, 3.216, 2.875, 3.126, 3.791, 3.682, 3.61, 3.537, 3.904, 3.704, 4.464, 4.638, 3.999, 3.839, 3.675, 3.163, 2.768, 2.396, 2.508, 2.52, 2.278, 2.5, 2.518, 2.487, 2.87, 4.155, 3.971, 2.552, 1.989, 2.09, 2.004, 2.318, 2.782, 2.752, 2.663, 2.833, 3.474, 3.493, 2.984, 1.844, 0.819, 0.767, 0.0, 0.863, 0.96, 1.038, 1.185, 1.374, 1.63, 2.1, 2.791, 3.849, 4.236, 4.168, 4.151, 5.003, 7.386, 8.861, 8.563, 8.349, 8.955, 8.634, 8.243, 8.404, 8.822, 7.98, 7.325, 7.87, 6.295, 4.369, 4.273, 5.011, 5.654, 7.266, 10.654, 14.218, 16.038, 15.959, 16.343], [2.063, 1.739, 1.757, 1.732, 1.742, 2.085, 2.629, 3.29, 3.055, 2.875, 3.064, 3.819, 3.661, 3.588, 3.494, 3.89, 3.689, 4.45, 4.624, 3.854, 3.804, 3.665, 3.185, 2.66, 2.392, 2.567, 2.544, 2.241, 2.518, 2.562, 2.337, 2.584, 3.855, 3.527, 2.168, 1.77, 1.868, 1.866, 2.138, 2.603, 2.612, 2.574, 2.828, 3.502, 3.479, 2.964, 1.769, 1.109, 0.991, 0.863, 0.0, 0.802, 1.034, 1.01, 1.288, 1.69, 2.222, 2.697, 3.782, 4.231, 4.23, 4.168, 4.985, 7.397, 8.843, 8.521, 8.337, 8.969, 8.648, 8.263, 8.428, 8.842, 8.016, 7.316, 7.894, 6.289, 4.439, 4.369, 5.208, 5.776, 7.284, 10.66, 14.216, 16.051, 15.949, 16.326], [1.994, 1.74, 1.708, 1.669, 1.816, 2.003, 2.517, 3.24, 3.03, 2.624, 3.035, 3.985, 3.838, 3.764, 3.665, 4.066, 3.865, 4.625, 4.799, 3.982, 3.968, 3.817, 3.334, 2.832, 2.514, 2.62, 2.455, 2.209, 2.491, 2.349, 2.122, 2.408, 3.82, 3.578, 2.274, 1.948, 2.079, 2.012, 2.417, 2.835, 2.705, 2.606, 2.871, 3.521, 3.585, 3.061, 1.905, 1.125, 0.887, 0.96, 0.802, 0.0, 0.722, 0.898, 1.138, 1.226, 1.766, 2.359, 3.363, 3.847, 3.877, 3.788, 4.711, 7.196, 8.723, 8.406, 8.205, 8.793, 8.485, 8.207, 8.349, 8.775, 7.896, 7.267, 7.771, 6.126, 4.123, 4.083, 4.944, 5.471, 7.189, 10.479, 14.056, 15.879, 15.812, 16.191], [1.908, 1.736, 1.705, 1.641, 1.76, 1.862, 2.347, 2.747, 2.65, 2.617, 3.198, 4.155, 4.074, 4.003, 3.901, 4.305, 4.105, 4.865, 5.039, 4.178, 4.208, 4.049, 3.551, 2.982, 2.644, 2.762, 2.615, 2.365, 2.662, 2.383, 2.237, 2.184, 3.436, 3.288, 2.082, 1.878, 1.924, 1.837, 2.231, 2.65, 2.632, 2.776, 3.084, 3.758, 3.819, 3.296, 2.156, 1.166, 0.855, 1.038, 1.034, 0.722, 0.0, 0.916, 1.232, 1.386, 1.791, 2.392, 3.217, 3.764, 3.758, 3.521, 4.306, 6.702, 8.476, 8.088, 7.92, 8.554, 8.258, 7.913, 8.092, 8.486, 7.691, 7.133, 7.655, 6.054, 4.025, 4.226, 5.107, 5.574, 7.061, 10.238, 13.785, 15.593, 15.519, 15.9], [1.641, 1.478, 1.571, 1.636, 1.488, 1.841, 2.284, 2.807, 2.64, 2.684, 3.148, 4.278, 4.247, 4.176, 4.074, 4.478, 4.278, 5.038, 5.212, 4.341, 4.388, 4.222, 3.722, 3.148, 2.807, 2.945, 2.807, 2.479, 2.751, 2.416, 2.182, 2.122, 3.247, 3.055, 1.792, 1.7, 1.844, 1.885, 2.24, 2.639, 2.674, 2.948, 3.264, 3.974, 4.007, 3.473, 2.313, 1.406, 1.172, 1.185, 1.01, 0.898, 0.916, 0.0, 1.18, 1.599, 1.794, 2.285, 3.222, 3.657, 3.692, 3.628, 4.27, 6.702, 8.243, 7.93, 7.736, 8.384, 8.135, 7.831, 7.985, 8.413, 7.466, 6.939, 7.497, 5.955, 4.086, 4.103, 4.997, 5.593, 6.925, 10.072, 13.636, 15.463, 15.354, 15.704], [1.982, 1.819, 1.709, 1.669, 1.691, 2.03, 2.608, 3.081, 2.718, 2.735, 2.983, 3.762, 3.635, 3.559, 3.456, 3.853, 3.655, 4.421, 4.597, 3.811, 3.829, 3.762, 3.284, 2.616, 2.392, 2.693, 2.552, 2.319, 2.416, 2.258, 2.211, 2.108, 3.625, 3.142, 2.101, 2.052, 2.205, 2.238, 2.51, 2.898, 2.708, 2.564, 2.755, 3.423, 3.477, 2.956, 1.894, 1.58, 1.46, 1.374, 1.288, 1.138, 1.232, 1.18, 0.0, 1.108, 1.671, 2.169, 3.061, 3.576, 3.578, 3.597, 4.656, 7.191, 8.85, 8.489, 8.309, 9.006, 8.695, 8.201, 8.373, 8.847, 8.005, 7.115, 7.655, 5.966, 3.958, 3.977, 4.658, 5.364, 7.121, 10.659, 14.221, 16.042, 15.943, 16.294], [2.413, 2.092, 1.696, 1.694, 1.982, 2.364, 2.97, 3.291, 2.797, 2.334, 2.622, 3.555, 3.38, 3.301, 3.203, 3.617, 3.419, 4.176, 4.341, 3.461, 3.508, 3.369, 2.873, 2.378, 2.11, 2.22, 1.99, 1.847, 2.061, 1.68, 1.616, 2.328, 4.063, 3.843, 2.822, 2.695, 2.869, 2.818, 3.134, 3.506, 3.169, 2.707, 2.772, 3.341, 3.411, 3.191, 2.196, 1.731, 1.542, 1.63, 1.69, 1.226, 1.386, 1.599, 1.108, 0.0, 1.123, 1.794, 2.645, 3.195, 3.28, 3.483, 4.908, 7.457, 9.17, 8.788, 8.613, 9.262, 8.951, 8.461, 8.598, 9.124, 8.281, 7.149, 7.375, 5.627, 3.467, 3.412, 4.101, 4.729, 7.171, 10.924, 14.482, 16.297, 16.209, 16.588], [2.261, 2.111, 1.611, 1.773, 2.245, 2.649, 3.09, 3.052, 2.751, 2.291, 2.975, 4.192, 4.175, 4.132, 3.981, 4.399, 4.232, 4.964, 5.096, 4.219, 4.266, 4.159, 3.676, 3.089, 2.672, 2.725, 2.572, 2.344, 2.577, 2.127, 2.021, 2.242, 3.874, 3.931, 3.067, 2.91, 3.192, 3.189, 3.584, 3.882, 3.58, 3.644, 3.785, 4.293, 4.444, 4.291, 3.239, 2.172, 1.974, 2.1, 2.222, 1.766, 1.791, 1.794, 1.671, 1.123, 0.0, 1.108, 2.174, 2.672, 2.747, 3.104, 4.644, 7.054, 8.509, 8.247, 7.937, 8.531, 8.215, 7.867, 8.018, 8.487, 7.588, 6.43, 6.438, 4.638, 2.635, 2.702, 3.574, 4.031, 6.447, 10.183, 13.767, 15.587, 15.547, 15.932], [2.16, 2.056, 1.801, 1.866, 2.385, 2.731, 2.768, 2.882, 2.523, 2.275, 3.49, 4.767, 4.759, 4.688, 4.601, 5.003, 4.844, 5.571, 5.705, 4.822, 4.869, 4.751, 4.254, 3.67, 3.265, 3.393, 3.237, 2.975, 3.224, 2.724, 2.399, 2.048, 3.086, 3.397, 3.126, 3.07, 3.296, 3.39, 3.834, 4.099, 3.94, 4.187, 4.37, 4.851, 4.994, 4.835, 3.783, 2.963, 2.776, 2.791, 2.697, 2.359, 2.392, 2.285, 2.169, 1.794, 1.108, 0.0, 1.516, 1.987, 2.095, 2.564, 4.016, 6.511, 7.965, 7.711, 7.347, 7.947, 7.682, 7.361, 7.479, 8.01, 7.057, 5.884, 5.846, 4.09, 2.295, 2.621, 3.597, 3.755, 5.943, 9.591, 13.17, 15.002, 14.968, 15.347], [2.776, 2.796, 2.835, 2.731, 2.716, 2.934, 2.945, 2.965, 2.617, 2.68, 4.001, 5.249, 5.244, 5.167, 5.068, 5.499, 5.304, 6.039, 6.199, 5.371, 5.497, 5.252, 4.722, 4.167, 4.005, 3.987, 3.853, 3.583, 3.845, 3.348, 2.912, 2.166, 2.091, 2.586, 3.313, 3.537, 3.37, 3.487, 3.982, 4.232, 4.173, 4.542, 4.724, 5.322, 5.531, 5.204, 4.3, 3.915, 3.623, 3.849, 3.782, 3.363, 3.217, 3.222, 3.061, 2.645, 2.174, 1.516, 0.0, 0.895, 1.414, 1.79, 2.889, 5.631, 7.415, 7.047, 6.83, 7.45, 7.135, 6.733, 6.844, 7.396, 6.498, 5.35, 5.456, 3.722, 2.844, 3.544, 4.522, 4.293, 5.363, 9.098, 12.648, 14.455, 14.415, 14.784], [3.062, 3.157, 3.342, 3.316, 3.275, 3.473, 3.501, 3.358, 3.031, 3.336, 4.711, 6.011, 5.987, 5.95, 5.832, 6.244, 6.049, 6.792, 6.956, 6.108, 6.246, 6.043, 5.497, 4.914, 4.762, 4.71, 4.567, 4.318, 4.567, 4.065, 3.603, 2.833, 2.235, 3.007, 3.8, 3.939, 3.854, 4.033, 4.565, 4.858, 4.887, 5.279, 5.442, 6.061, 6.253, 5.935, 4.961, 4.357, 4.045, 4.236, 4.231, 3.847, 3.764, 3.657, 3.576, 3.195, 2.672, 1.987, 0.895, 0.0, 0.804, 1.807, 2.755, 4.989, 6.64, 6.294, 6.034, 6.659, 6.351, 5.962, 6.098, 6.625, 5.72, 4.554, 4.732, 3.071, 2.986, 3.648, 4.641, 4.374, 4.585, 8.333, 11.9, 13.715, 13.646, 14.016], [2.993, 3.168, 3.372, 3.39, 3.481, 3.506, 3.489, 3.27, 3.047, 3.498, 5.089, 6.479, 6.454, 6.373, 6.273, 6.682, 6.499, 7.243, 7.414, 6.541, 6.59, 6.436, 5.927, 5.354, 4.988, 5.045, 4.876, 4.623, 4.879, 4.334, 3.872, 2.974, 2.547, 3.338, 4.056, 4.084, 4.054, 4.327, 4.806, 5.18, 5.16, 5.552, 5.783, 6.372, 6.491, 6.203, 5.168, 4.188, 3.93, 4.168, 4.23, 3.877, 3.758, 3.692, 3.578, 3.28, 2.747, 2.095, 1.414, 0.804, 0.0, 1.394, 2.489, 4.521, 6.094, 5.831, 5.499, 6.19, 5.9, 5.483, 5.634, 6.177, 5.201, 4.054, 4.386, 2.672, 2.859, 3.484, 4.485, 4.124, 4.223, 7.864, 11.435, 13.261, 13.153, 13.474], [2.82, 3.043, 3.155, 3.288, 3.318, 3.233, 3.162, 2.847, 2.832, 3.309, 5.025, 6.487, 6.497, 6.342, 6.236, 6.596, 6.394, 7.212, 7.426, 6.497, 6.622, 6.432, 5.901, 5.354, 5.052, 5.129, 4.886, 4.685, 4.947, 4.409, 3.812, 2.599, 2.226, 3.094, 3.883, 4.022, 4.052, 4.207, 4.571, 4.935, 4.898, 5.352, 5.653, 6.319, 6.349, 5.971, 5.031, 3.822, 3.797, 4.151, 4.168, 3.788, 3.521, 3.628, 3.597, 3.483, 3.104, 2.564, 1.79, 1.807, 1.394, 0.0, 1.816, 4.176, 6.013, 5.604, 5.481, 6.273, 5.961, 5.405, 5.617, 6.098, 5.261, 4.304, 4.818, 3.002, 2.458, 3.12, 4.113, 3.727, 4.409, 7.903, 11.449, 13.266, 13.177, 13.464], [3.843, 4.085, 4.568, 4.498, 4.104, 3.868, 3.723, 3.509, 3.49, 4.275, 5.918, 7.412, 7.405, 7.282, 7.191, 7.548, 7.357, 8.161, 8.351, 7.5, 7.568, 7.342, 6.821, 6.275, 6.215, 6.063, 5.862, 5.717, 5.948, 5.371, 4.845, 3.309, 2.404, 3.191, 4.172, 4.584, 4.372, 4.462, 4.852, 5.23, 5.516, 6.087, 6.581, 7.25, 7.399, 6.673, 5.75, 4.963, 4.697, 5.003, 4.985, 4.711, 4.306, 4.27, 4.656, 4.908, 4.644, 4.016, 2.889, 2.755, 2.489, 1.816, 0.0, 3.173, 5.176, 4.783, 4.684, 5.468, 5.184, 4.769, 5.0, 5.385, 4.591, 3.926, 4.525, 3.06, 3.804, 4.326, 5.29, 4.483, 3.957, 7.101, 10.638, 12.425, 12.354, 12.629], [5.788, 6.3, 6.843, 7.009, 6.698, 6.613, 6.37, 5.698, 6.147, 7.268, 8.962, 10.469, 10.48, 10.331, 10.239, 10.596, 10.405, 11.209, 11.409, 10.477, 10.605, 10.414, 9.884, 9.337, 9.034, 9.111, 8.868, 8.668, 8.929, 8.391, 7.801, 6.275, 4.75, 5.714, 6.557, 6.879, 6.689, 6.943, 7.494, 8.016, 8.373, 8.971, 9.431, 10.191, 10.243, 9.68, 8.65, 7.266, 6.945, 7.386, 7.397, 7.196, 6.702, 6.702, 7.191, 7.457, 7.054, 6.511, 5.631, 4.989, 4.521, 4.176, 3.173, 0.0, 2.208, 1.835, 1.842, 2.643, 2.477, 2.315, 2.475, 2.777, 2.31, 2.58, 3.19, 4.029, 5.896, 6.357, 7.245, 6.411, 3.933, 4.134, 7.637, 9.444, 9.369, 9.681], [7.262, 7.888, 8.526, 8.714, 8.617, 8.616, 8.365, 7.654, 8.142, 9.268, 10.991, 12.464, 12.456, 12.333, 12.239, 12.594, 12.404, 13.21, 13.402, 12.47, 12.562, 12.385, 11.872, 11.326, 10.992, 11.048, 10.857, 10.619, 10.88, 10.314, 9.803, 8.262, 6.735, 7.799, 8.416, 8.54, 8.483, 8.783, 9.364, 9.87, 10.221, 10.854, 11.319, 12.088, 12.139, 11.602, 10.458, 8.968, 8.556, 8.861, 8.843, 8.723, 8.476, 8.243, 8.85, 9.17, 8.509, 7.965, 7.415, 6.64, 6.094, 6.013, 5.176, 2.208, 0.0, 0.818, 1.048, 1.086, 1.135, 1.776, 1.6, 1.545, 1.855, 3.188, 3.713, 4.66, 7.35, 7.419, 8.153, 7.124, 4.464, 2.806, 5.572, 7.415, 7.353, 7.65], [6.996, 7.546, 8.125, 8.32, 8.209, 8.195, 7.968, 7.243, 7.729, 8.85, 10.59, 12.043, 12.035, 11.913, 11.821, 12.178, 11.987, 12.791, 12.981, 12.049, 12.141, 11.964, 11.451, 10.905, 10.571, 10.627, 10.436, 10.198, 10.459, 9.895, 9.383, 7.841, 6.315, 7.401, 8.007, 8.161, 8.117, 8.413, 8.969, 9.502, 9.861, 10.484, 10.922, 11.691, 11.724, 11.183, 10.072, 8.566, 8.177, 8.563, 8.521, 8.406, 8.088, 7.93, 8.489, 8.788, 8.247, 7.711, 7.047, 6.294, 5.831, 5.604, 4.783, 1.835, 0.818, 0.0, 0.747, 1.076, 1.185, 1.405, 1.32, 1.709, 1.869, 3.166, 3.62, 4.553, 6.981, 7.216, 8.048, 6.946, 4.178, 2.907, 5.967, 7.788, 7.712, 8.009], [6.817, 7.396, 8.001, 8.174, 8.1, 8.096, 7.87, 7.149, 7.627, 8.729, 10.501, 11.923, 11.915, 11.793, 11.7, 12.072, 11.872, 12.67, 12.861, 11.939, 12.021, 11.844, 11.331, 10.785, 10.451, 10.507, 10.316, 10.078, 10