[[0.0, 0.848, 1.196, 2.357, 4.096, 6.506, 7.172, 7.398, 8.533, 9.791, 10.077, 10.227, 10.766, 11.364, 11.361, 10.991, 10.428, 10.515, 10.226, 9.405, 8.721, 9.057, 9.327, 8.753, 8.313, 8.013, 7.845, 8.124, 7.485, 6.983, 7.643, 7.917, 8.019, 8.28, 7.802, 7.517, 7.614, 6.636, 4.13, 3.311, 3.381, 2.942, 2.426, 2.312, 2.712, 3.288, 3.147, 3.038, 3.61, 3.878, 3.832, 4.505, 5.362, 5.426, 5.951, 6.771, 7.529, 7.046, 6.766, 7.234, 8.285, 9.525, 9.519, 8.429, 6.435, 7.07, 8.387, 8.095, 7.789, 7.356, 6.827, 6.829, 6.823, 7.569, 7.76, 9.059, 11.606, 13.423, 14.485, 15.309, 15.866, 15.924, 15.553, 15.906, 16.559, 16.818], [0.848, 0.0, 0.9, 2.321, 4.05, 6.443, 7.119, 7.309, 8.46, 9.71, 10.002, 10.162, 10.734, 11.343, 11.368, 10.976, 10.412, 10.49, 10.212, 9.413, 8.687, 9.036, 9.287, 8.736, 8.313, 8.021, 7.878, 8.156, 7.522, 6.9, 7.575, 7.879, 8.06, 8.301, 7.8, 7.487, 7.626, 6.639, 4.293, 3.415, 3.502, 3.037, 2.505, 2.426, 2.771, 3.445, 3.33, 3.148, 3.717, 4.038, 3.992, 4.619, 5.526, 5.563, 6.052, 6.835, 7.608, 7.103, 6.831, 7.267, 8.237, 9.456, 9.46, 8.441, 6.47, 7.037, 8.348, 8.073, 7.738, 7.382, 6.9, 6.836, 6.892, 7.718, 7.934, 9.136, 11.627, 13.437, 14.472, 15.286, 15.824, 15.892, 15.524, 15.878, 16.529, 16.788], [1.196, 0.9, 0.0, 2.038, 3.876, 6.361, 6.88, 7.1, 8.307, 9.496, 9.763, 10.031, 10.611, 11.148, 11.196, 10.854, 10.216, 10.282, 10.026, 9.305, 8.596, 8.891, 9.175, 8.57, 8.127, 7.824, 7.708, 7.967, 7.35, 6.614, 7.34, 7.679, 7.873, 8.109, 7.618, 7.319, 7.432, 6.446, 4.125, 3.158, 3.38, 2.951, 2.6, 2.432, 2.842, 3.415, 3.107, 3.108, 3.712, 4.018, 4.005, 4.468, 5.177, 5.242, 5.837, 6.651, 7.461, 6.954, 6.677, 7.062, 7.997, 9.188, 9.188, 8.199, 6.286, 6.83, 8.164, 7.859, 7.527, 7.191, 6.768, 6.716, 6.737, 7.586, 7.769, 8.95, 11.441, 13.232, 14.283, 15.097, 15.62, 15.672, 15.322, 15.659, 16.306, 16.571], [2.357, 2.321, 2.038, 0.0, 2.232, 4.611, 5.268, 5.461, 6.605, 7.779, 8.061, 8.329, 8.926, 9.514, 9.539, 9.152, 8.568, 8.682, 8.368, 7.594, 6.885, 7.214, 7.492, 6.952, 6.555, 6.291, 6.159, 6.44, 5.816, 5.018, 5.692, 6.087, 6.308, 6.553, 6.056, 5.72, 5.837, 4.912, 2.675, 2.577, 2.949, 2.662, 2.744, 2.614, 2.781, 3.209, 3.043, 3.105, 3.645, 3.96, 4.085, 4.301, 4.661, 4.487, 4.472, 5.18, 5.986, 5.452, 5.174, 5.603, 6.436, 7.609, 7.644, 6.704, 4.795, 5.282, 6.562, 6.253, 5.957, 5.642, 5.113, 5.116, 5.269, 6.126, 6.341, 7.482, 9.879, 11.678, 12.711, 13.511, 14.011, 14.059, 13.715, 14.057, 14.709, 14.971], [4.096, 4.05, 3.876, 2.232, 0.0, 2.673, 3.395, 3.548, 4.678, 5.843, 6.151, 6.354, 6.925, 7.491, 7.507, 7.17, 6.627, 6.776, 6.396, 5.561, 4.906, 5.253, 5.541, 5.025, 4.704, 4.499, 4.306, 4.594, 4.004, 3.151, 3.798, 4.152, 4.456, 4.705, 4.201, 3.867, 3.974, 3.112, 1.855, 3.615, 3.531, 3.457, 4.006, 4.043, 3.884, 3.801, 3.84, 4.267, 4.387, 4.632, 4.949, 4.811, 4.838, 4.537, 4.147, 4.027, 4.461, 3.989, 3.967, 4.339, 4.862, 5.901, 5.899, 5.047, 3.254, 3.465, 4.664, 4.34, 4.056, 3.847, 3.329, 3.33, 3.724, 5.111, 5.414, 5.769, 8.043, 9.799, 10.829, 11.622, 12.104, 12.156, 11.829, 12.138, 12.763, 13.014], [6.506, 6.443, 6.361, 4.611, 2.673, 0.0, 0.948, 1.265, 2.206, 3.465, 3.71, 3.826, 4.456, 5.085, 5.052, 4.667, 4.166, 4.343, 3.955, 3.177, 2.552, 2.825, 3.12, 2.761, 2.472, 2.344, 2.19, 2.503, 2.146, 1.584, 1.602, 1.94, 2.233, 2.517, 2.101, 1.981, 1.955, 1.685, 3.424, 5.238, 5.039, 5.101, 5.841, 6.099, 5.362, 5.044, 5.501, 6.235, 6.275, 6.477, 6.526, 6.125, 5.793, 5.373, 4.732, 3.764, 3.697, 3.799, 3.996, 4.044, 4.152, 4.446, 4.507, 4.176, 3.055, 2.058, 2.419, 2.102, 1.924, 2.076, 1.843, 2.402, 3.718, 5.114, 5.347, 4.822, 5.905, 7.47, 8.397, 9.182, 9.654, 9.737, 9.389, 9.699, 10.323, 10.575], [7.172, 7.119, 6.88, 5.268, 3.395, 0.948, 0.0, 0.694, 1.566, 2.713, 3.0, 3.255, 4.032, 4.562, 4.47, 4.081, 3.475, 3.653, 3.385, 2.939, 2.294, 2.322, 2.547, 2.259, 1.901, 1.794, 1.817, 2.094, 1.86, 1.417, 1.366, 1.568, 1.862, 2.042, 1.923, 1.986, 1.978, 1.962, 3.939, 5.775, 5.761, 5.798, 6.687, 6.776, 6.043, 5.684, 5.985, 6.722, 6.735, 6.849, 6.947, 6.555, 6.191, 5.773, 4.903, 3.741, 3.603, 3.9, 4.158, 4.077, 4.062, 4.221, 4.281, 3.989, 3.051, 1.981, 1.924, 1.748, 1.68, 1.999, 2.075, 2.549, 3.662, 4.997, 5.212, 4.677, 5.362, 6.898, 7.743, 8.527, 8.982, 9.038, 8.71, 9.018, 9.607, 9.847], [7.398, 7.309, 7.1, 5.461, 3.548, 1.265, 0.694, 0.0, 1.399, 2.519, 2.785, 3.031, 3.887, 4.339, 4.227, 3.842, 3.248, 3.417, 3.107, 2.766, 2.079, 2.07, 2.29, 2.089, 1.806, 1.752, 1.681, 1.946, 1.835, 1.435, 1.286, 1.487, 1.794, 1.944, 1.894, 1.918, 1.939, 1.98, 4.052, 5.956, 5.912, 6.053, 6.994, 7.047, 6.32, 5.846, 6.116, 6.963, 6.91, 7.052, 7.144, 6.712, 6.328, 5.907, 5.04, 3.848, 3.515, 3.934, 4.241, 4.152, 3.992, 4.091, 4.178, 4.023, 3.094, 1.991, 1.728, 1.687, 1.68, 2.018, 2.088, 2.663, 3.776, 5.071, 5.19, 4.643, 5.11, 6.659, 7.516, 8.292, 8.736, 8.797, 8.462, 8.78, 9.379, 9.624], [8.533, 8.46, 8.307, 6.605, 4.678, 2.206, 1.566, 1.399, 0.0, 1.544, 1.845, 2.124, 2.955, 3.531, 3.305, 2.89, 2.211, 2.369, 2.318, 2.015, 1.592, 1.427, 1.482, 1.552, 1.614, 1.532, 1.705, 2.242, 2.555, 2.323, 1.842, 1.932, 2.094, 1.89, 1.987, 2.321, 2.443, 2.928, 5.198, 7.068, 6.868, 7.067, 7.977, 8.092, 7.326, 6.84, 7.233, 7.995, 7.977, 7.998, 7.99, 7.538, 6.965, 6.591, 5.593, 4.488, 4.142, 4.753, 5.035, 4.974, 4.565, 4.45, 4.565, 4.505, 3.838, 2.686, 1.719, 1.982, 2.179, 2.82, 2.996, 3.45, 4.446, 5.611, 5.652, 5.003, 4.416, 5.656, 6.469, 7.243, 7.693, 7.74, 7.407, 7.732, 8.305, 8.534], [9.791, 9.71, 9.496, 7.779, 5.843, 3.465, 2.713, 2.519, 1.544, 0.0, 0.775, 1.337, 2.161, 2.509, 2.355, 2.129, 1.491, 1.685, 1.588, 1.661, 1.862, 1.704, 1.684, 1.977, 2.646, 2.796, 2.937, 3.194, 3.49, 3.144, 2.639, 2.791, 2.908, 2.689, 2.922, 3.177, 3.305, 3.708, 6.17, 8.012, 8.024, 8.249, 9.176, 9.358, 8.575, 7.981, 8.409, 9.176, 9.029, 8.942, 8.888, 8.303, 7.845, 7.407, 6.4, 5.272, 4.726, 5.378, 5.799, 5.694, 5.145, 4.607, 4.751, 4.945, 4.606, 3.491, 2.521, 2.734, 2.939, 3.543, 3.815, 4.32, 5.265, 6.296, 6.267, 5.366, 4.306, 4.817, 5.409, 6.166, 6.618, 6.605, 6.281, 6.643, 7.195, 7.418], [10.077, 10.002, 9.763, 8.061, 6.151, 3.71, 3.0, 2.785, 1.845, 0.775, 0.0, 0.958, 1.824, 2.193, 2.036, 1.847, 1.408, 1.556, 1.508, 1.692, 1.889, 1.773, 1.717, 2.195, 2.704, 2.906, 3.11, 3.216, 3.671, 3.431, 2.8, 2.939, 3.196, 2.925, 3.132, 3.469, 3.605, 4.015, 6.515, 8.287, 8.25, 8.497, 9.468, 9.65, 8.855, 8.241, 8.625, 9.456, 9.306, 9.231, 9.194, 8.563, 8.094, 7.66, 6.533, 5.353, 4.824, 5.476, 5.9, 5.789, 5.205, 4.707, 4.878, 4.992, 4.876, 3.666, 2.709, 2.937, 3.107, 3.744, 4.101, 4.633, 5.445, 6.343, 6.315, 5.518, 4.436, 4.87, 5.308, 5.98, 6.404, 6.347, 6.029, 6.397, 6.94, 7.167], [10.227, 10.162, 10.031, 8.329, 6.354, 3.826, 3.255, 3.031, 2.124, 1.337, 0.958, 0.0, 1.237, 1.645, 1.646, 1.317, 1.337, 1.508, 1.287, 1.544, 1.868, 1.83, 1.744, 2.308, 2.974, 3.08, 3.232, 3.386, 3.753, 3.821, 3.324, 3.314, 3.553, 3.19, 3.435, 3.677, 3.767, 4.272, 6.739, 8.545, 8.297, 8.608, 9.521, 9.823, 9.003, 8.357, 8.936, 9.801, 9.651, 9.657, 9.645, 9.01, 8.444, 7.978, 6.746, 5.35, 4.743, 5.349, 5.737, 5.678, 5.298, 4.904, 5.021, 5.141, 4.842, 3.891, 2.853, 3.266, 3.307, 3.882, 4.139, 4.567, 5.445, 6.528, 6.503, 5.707, 4.649, 4.976, 5.342, 5.966, 6.367, 6.244, 5.96, 6.334, 6.793, 7.024], [10.766, 10.734, 10.611, 8.926, 6.925, 4.456, 4.032, 3.887, 2.955, 2.161, 1.824, 1.237, 0.0, 0.892, 1.139, 1.159, 1.59, 1.711, 1.393, 1.851, 2.539, 2.551, 2.386, 3.039, 3.763, 3.817, 3.85, 4.145, 4.377, 4.582, 4.249, 3.947, 4.227, 3.8, 4.092, 4.349, 4.311, 4.992, 7.386, 9.23, 8.888, 9.204, 10.032, 10.403, 9.551, 8.981, 9.649, 10.532, 10.461, 10.46, 10.454, 9.717, 9.007, 8.519, 7.303, 5.947, 5.247, 5.744, 6.164, 6.102, 5.807, 5.389, 5.506, 5.687, 5.26, 4.529, 3.617, 3.948, 3.881, 4.407, 4.669, 4.846, 5.942, 7.094, 7.071, 6.246, 4.911, 4.857, 4.991, 5.543, 5.932, 5.846, 5.534, 5.9, 6.326, 6.551], [11.364, 11.343, 11.148, 9.514, 7.491, 5.085, 4.562, 4.339, 3.531, 2.509, 2.193, 1.645, 0.892, 0.0, 0.942, 1.19, 1.837, 1.945, 1.651, 2.307, 3.062, 2.961, 2.759, 3.356, 4.151, 4.342, 4.388, 4.455, 4.636, 4.988, 4.642, 4.374, 4.584, 4.184, 4.494, 4.688, 4.623, 5.377, 7.858, 9.663, 9.396, 9.744, 10.626, 11.018, 10.186, 9.506, 10.16, 11.099, 10.935, 10.93, 10.868, 10.048, 9.289, 8.791, 7.386, 5.997, 5.209, 5.628, 6.121, 6.065, 5.705, 5.312, 5.433, 5.583, 5.594, 4.885, 3.888, 4.284, 4.22, 4.681, 5.037, 5.099, 5.957, 7.046, 7.013, 6.184, 4.746, 4.441, 4.533, 5.065, 5.431, 5.302, 5.031, 5.388, 5.834, 6.061], [11.361, 11.368, 11.196, 9.539, 7.507, 5.052, 4.47, 4.227, 3.305, 2.355, 2.036, 1.646, 1.139, 0.942, 0.0, 0.867, 1.427, 1.595, 1.331, 2.108, 2.792, 2.552, 2.423, 2.986, 3.795, 4.064, 4.107, 4.208, 4.477, 4.896, 4.357, 3.942, 4.133, 3.753, 4.043, 4.327, 4.153, 5.047, 7.696, 9.52, 9.389, 9.746, 10.66, 11.07, 10.146, 9.437, 10.106, 11.053, 10.843, 10.597, 10.496, 9.656, 8.717, 8.211, 7.012, 5.748, 5.03, 5.54, 5.759, 5.859, 5.569, 5.161, 5.279, 5.39, 5.464, 4.756, 3.719, 4.021, 4.067, 4.496, 4.955, 4.942, 5.607, 6.67, 6.544, 5.789, 4.427, 4.232, 4.397, 4.955, 5.32, 5.271, 4.913, 5.266, 5.66, 5.884], [10.991, 10.976, 10.854, 9.152, 7.17, 4.667, 4.081, 3.842, 2.89, 2.129, 1.847, 1.317, 1.159, 1.19, 0.867, 0.0, 1.118, 1.386, 1.226, 1.858, 2.423, 2.175, 1.964, 2.599, 3.381, 3.681, 3.633, 3.692, 3.982, 4.536, 3.975, 3.614, 3.798, 3.381, 3.678, 3.98, 3.948, 4.768, 7.371, 9.214, 9.02, 9.403, 10.266, 10.649, 9.773, 9.098, 9.674, 10.621, 10.392, 10.204, 10.168, 9.348, 8.412, 7.955, 6.67, 5.431, 4.843, 5.438, 5.693, 5.788, 5.491, 5.083, 5.211, 5.257, 5.178, 4.428, 3.289, 3.664, 3.693, 4.36, 4.696, 4.699, 5.278, 6.438, 6.393, 5.63, 4.377, 4.266, 4.536, 5.121, 5.533, 5.494, 5.092, 5.437, 5.872, 6.103], [10.428, 10.412, 10.216, 8.568, 6.627, 4.166, 3.475, 3.248, 2.211, 1.491, 1.408, 1.337, 1.59, 1.837, 1.427, 1.118, 0.0, 0.819, 1.008, 1.522, 1.964, 1.594, 1.387, 1.891, 2.745, 2.987, 3.058, 3.242, 3.803, 3.875, 3.268, 2.885, 2.936, 2.642, 2.985, 3.216, 3.246, 4.14, 6.796, 8.63, 8.465, 8.774, 9.71, 10.077, 9.174, 8.492, 9.039, 9.978, 9.772, 9.507, 9.39, 8.496, 7.607, 7.277, 6.194, 5.136, 4.739, 5.357, 5.7, 5.775, 5.33, 4.999, 5.123, 5.091, 4.768, 3.786, 2.761, 3.008, 3.137, 3.684, 4.105, 4.37, 5.142, 6.063, 6.045, 5.315, 4.24, 4.393, 4.637, 5.273, 5.754, 5.843, 5.348, 5.695, 6.236, 6.47], [10.515, 10.49, 10.282, 8.682, 6.776, 4.343, 3.653, 3.417, 2.369, 1.685, 1.556, 1.508, 1.711, 1.945, 1.595, 1.386, 0.819, 0.0, 0.884, 1.593, 2.047, 1.768, 1.553, 2.084, 2.732, 3.019, 3.129, 3.26, 3.789, 3.865, 3.238, 2.881, 2.949, 2.583, 3.024, 3.147, 3.127, 4.165, 6.825, 8.642, 8.512, 8.835, 9.77, 10.134, 9.23, 8.552, 9.069, 10.03, 9.785, 9.576, 9.374, 8.508, 7.555, 7.106, 5.95, 4.979, 4.504, 5.154, 5.508, 5.445, 4.992, 4.64, 4.764, 4.751, 4.673, 3.771, 2.513, 2.832, 3.036, 3.455, 3.97, 4.16, 4.818, 5.8, 5.81, 5.132, 3.972, 4.116, 4.397, 4.993, 5.47, 5.467, 5.135, 5.471, 6.072, 6.337], [10.226, 10.212, 10.026, 8.368, 6.396, 3.955, 3.385, 3.107, 2.318, 1.588, 1.508, 1.287, 1.393, 1.651, 1.331, 1.226, 1.008, 0.884, 0.0, 1.099, 1.63, 1.498, 1.458, 1.963, 2.965, 3.199, 3.205, 3.465, 3.713, 3.742, 3.153, 2.801, 3.133, 2.813, 3.131, 3.14, 3.116, 3.843, 6.519, 8.341, 8.226, 8.573, 9.499, 9.908, 8.984, 8.269, 8.885, 9.84, 9.604, 9.4, 9.289, 8.48, 7.753, 7.314, 6.397, 5.183, 4.62, 5.191, 5.514, 5.539, 5.269, 4.923, 5.043, 5.106, 4.594, 3.696, 2.749, 3.029, 3.033, 3.546, 3.764, 4.147, 5.092, 6.32, 6.351, 5.632, 4.443, 4.65, 4.868, 5.473, 5.873, 5.884, 5.554, 5.851, 6.419, 6.679], [9.405, 9.413, 9.305, 7.594, 5.561, 3.177, 2.939, 2.766, 2.015, 1.661, 1.692, 1.544, 1.851, 2.307, 2.108, 1.858, 1.522, 1.593, 1.099, 0.0, 1.021, 1.345, 1.429, 1.783, 2.874, 2.964, 2.96, 3.445, 3.539, 3.451, 2.902, 2.764, 2.902, 2.782, 2.811, 2.883, 2.963, 3.402, 5.849, 7.764, 7.489, 7.845, 8.695, 9.117, 8.227, 7.557, 8.262, 9.149, 9.007, 8.856, 8.798, 8.005, 7.574, 7.121, 6.427, 5.324, 4.799, 5.33, 5.612, 5.686, 5.452, 5.135, 5.256, 5.304, 4.554, 3.616, 2.693, 2.919, 2.984, 3.555, 3.504, 3.969, 5.22, 6.534, 6.556, 5.851, 4.648, 5.376, 5.714, 6.298, 6.72, 6.798, 6.412, 6.704, 7.277, 7.523], [8.721, 8.687, 8.596, 6.885, 4.906, 2.552, 2.294, 2.079, 1.592, 1.862, 1.889, 1.868, 2.539, 3.062, 2.792, 2.423, 1.964, 2.047, 1.63, 1.021, 0.0, 0.811, 1.009, 1.24, 2.089, 2.244, 2.273, 2.687, 2.809, 2.692, 2.154, 2.04, 2.263, 2.174, 2.192, 2.267, 2.345, 2.67, 5.117, 6.997, 6.796, 7.129, 7.978, 8.387, 7.521, 6.879, 7.504, 8.4, 8.235, 8.058, 8.008, 7.323, 6.914, 6.533, 5.813, 4.662, 4.244, 4.761, 5.008, 5.08, 4.855, 4.642, 4.759, 4.727, 3.92, 2.955, 2.079, 2.259, 2.373, 2.919, 2.859, 3.373, 4.581, 5.868, 5.909, 5.278, 4.614, 5.653, 6.131, 6.818, 7.271, 7.395, 6.992, 7.289, 7.927, 8.188], [9.057, 9.036, 8.891, 7.214, 5.253, 2.825, 2.322, 2.07, 1.427, 1.704, 1.773, 1.83, 2.551, 2.961, 2.552, 2.175, 1.594, 1.768, 1.498, 1.345, 0.811, 0.0, 0.623, 0.974, 1.835, 2.024, 2.003, 2.297, 2.606, 2.628, 1.996, 1.776, 1.913, 1.7, 1.893, 2.025, 2.125, 2.703, 5.338, 7.207, 7.067, 7.424, 8.324, 8.71, 7.805, 7.121, 7.679, 8.641, 8.383, 8.165, 8.068, 7.263, 6.67, 6.24, 5.376, 4.203, 3.853, 4.376, 4.647, 4.736, 4.534, 4.423, 4.507, 4.389, 3.605, 2.689, 1.648, 1.933, 2.039, 2.627, 2.778, 3.216, 4.195, 5.351, 5.4, 4.81, 4.195, 5.249, 5.759, 6.459, 6.91, 7.08, 6.636, 6.915, 7.551, 7.813], [9.327, 9.287, 9.175, 7.492, 5.541, 3.12, 2.547, 2.29, 1.482, 1.684, 1.717, 1.744, 2.386, 2.759, 2.423, 1.964, 1.387, 1.553, 1.458, 1.429, 1.009, 0.623, 0.0, 0.924, 1.756, 1.934, 1.923, 2.22, 2.629, 2.769, 2.179, 1.846, 1.982, 1.684, 2.045, 2.247, 2.333, 3.041, 5.628, 7.509, 7.333, 7.7, 8.596, 8.965, 8.081, 7.392, 7.949, 8.906, 8.659, 8.445, 8.316, 7.491, 6.783, 6.441, 5.274, 4.17, 3.831, 4.371, 4.634, 4.716, 4.448, 4.299, 4.406, 4.306, 3.652, 2.748, 1.664, 1.94, 2.048, 2.672, 2.928, 3.237, 4.152, 5.225, 5.249, 4.64, 3.988, 4.931, 5.444, 6.149, 6.614, 6.821, 6.352, 6.644, 7.28, 7.542], [8.753, 8.736, 8.57, 6.952, 5.025, 2.761, 2.259, 2.089, 1.552, 1.977, 2.195, 2.308, 3.039, 3.356, 2.986, 2.599, 1.891, 2.084, 1.963, 1.783, 1.24, 0.974, 0.924, 0.0, 1.35, 1.582, 1.586, 1.9, 2.171, 2.258, 1.721, 1.561, 1.582, 1.398, 1.638, 1.716, 1.833, 2.402, 5.011, 6.858, 6.761, 7.068, 8.028, 8.409, 7.478, 6.769, 7.328, 8.28, 8.032, 7.785, 7.694, 6.843, 6.224, 5.866, 4.794, 3.787, 3.614, 4.071, 4.24, 4.395, 4.22, 4.062, 4.181, 4.088, 3.396, 2.397, 1.379, 1.512, 1.631, 2.196, 2.41, 2.782, 3.769, 4.92, 5.046, 4.466, 3.847, 5.099, 5.865, 6.634, 7.222, 7.396, 6.894, 7.21, 7.831, 8.085], [8.313, 8.313, 8.127, 6.555, 4.704, 2.472, 1.901, 1.806, 1.614, 2.646, 2.704, 2.974, 3.763, 4.151, 3.795, 3.381, 2.745, 2.732, 2.965, 2.874, 2.089, 1.835, 1.756, 1.35, 0.0, 0.849, 1.014, 1.086, 1.594, 1.832, 1.413, 1.316, 1.303, 1.095, 1.317, 1.796, 1.882, 2.31, 4.676, 6.517, 6.455, 6.725, 7.735, 7.966, 7.053, 6.418, 6.827, 7.796, 7.573, 7.363, 7.323, 6.72, 5.98, 5.631, 4.361, 3.364, 3.244, 3.689, 3.877, 3.977, 3.778, 3.632, 3.716, 3.586, 3.021, 2.114, 1.207, 1.254, 1.546, 1.997, 2.293, 2.607, 3.373, 4.203, 4.321, 3.737, 3.614, 5.221, 6.241, 7.051, 7.687, 7.83, 7.353, 7.651, 8.284, 8.543], [8.013, 8.021, 7.824, 6.291, 4.499, 2.344, 1.794, 1.752, 1.532, 2.796, 2.906, 3.08, 3.817, 4.342, 4.064, 3.681, 2.987, 3.019, 3.199, 2.964, 2.244, 2.024, 1.934, 1.582, 0.849, 0.0, 0.681, 1.032, 1.582, 1.875, 1.658, 1.56, 1.451, 1.231, 1.434, 1.952, 1.988, 2.256, 4.544, 6.439, 6.249, 6.446, 7.419, 7.619, 6.745, 6.162, 6.584, 7.486, 7.452, 7.316, 7.293, 6.748, 6.114, 5.784, 4.506, 3.379, 3.183, 3.699, 3.897, 4.004, 3.813, 3.861, 3.898, 3.642, 3.022, 2.107, 1.352, 1.494, 1.738, 2.026, 2.248, 2.658, 3.452, 4.294, 4.373, 3.768, 3.722, 5.562, 6.568, 7.37, 8.084, 8.239, 7.673, 7.985, 8.629, 8.888], [7.845, 7.878, 7.708, 6.159, 4.306, 2.19, 1.817, 1.681, 1.705, 2.937, 3.11, 3.232, 3.85, 4.388, 4.107, 3.633, 3.058, 3.129, 3.205, 2.96, 2.273, 2.003, 1.923, 1.586, 1.014, 0.681, 0.0, 0.837, 1.119, 1.681, 1.48, 1.318, 1.286, 1.138, 1.329, 1.765, 1.718, 1.895, 4.15, 6.064, 5.873, 6.126, 7.136, 7.412, 6.496, 5.831, 6.354, 7.292, 7.133, 6.978, 6.917, 6.367, 5.654, 5.324, 4.107, 3.012, 2.83, 3.297, 3.481, 3.602, 3.475, 3.644, 3.71, 3.335, 2.511, 1.733, 1.27, 1.273, 1.367, 1.671, 1.824, 2.125, 2.992, 4.026, 4.126, 3.529, 3.843, 5.696, 6.753, 7.57, 8.215, 8.369, 7.849, 8.18, 8.824, 9.078], [8.124, 8.156, 7.967, 6.44, 4.594, 2.503, 2.094, 1.946, 2.242, 3.194, 3.216, 3.386, 4.145, 4.455, 4.208, 3.692, 3.242, 3.26, 3.465, 3.445, 2.687, 2.297, 2.22, 1.9, 1.086, 1.032, 0.837, 0.0, 0.988, 1.763, 1.408, 1.32, 1.296, 1.226, 1.438, 1.797, 1.77, 1.86, 4.324, 6.089, 6.077, 6.373, 7.31, 7.684, 6.739, 6.057, 6.544, 7.485, 7.264, 6.991, 6.94, 6.26, 5.546, 5.217, 3.749, 2.502, 2.384, 2.792, 3.052, 3.144, 3.028, 3.192, 3.245, 2.851, 2.459, 1.685, 1.307, 1.281, 1.426, 1.567, 1.908, 2.168, 2.655, 3.408, 3.555, 2.979, 3.579, 5.449, 6.496, 7.312, 7.957, 8.108, 7.605, 7.915, 8.556, 8.81], [7.485, 7.522, 7.35, 5.816, 4.004, 2.146, 1.86, 1.835, 2.555, 3.49, 3.671, 3.753, 4.377, 4.636, 4.477, 3.982, 3.803, 3.789, 3.713, 3.539, 2.809, 2.606, 2.629, 2.171, 1.594, 1.582, 1.119, 0.988, 0.0, 1.354, 1.453, 1.484, 1.588, 1.614, 1.657, 1.865, 1.824, 1.459, 3.62, 5.531, 5.464, 5.74, 6.713, 7.035, 6.11, 5.407, 5.949, 6.899, 6.642, 6.516, 6.508, 5.865, 5.28, 4.803, 3.439, 2.197, 2.172, 2.343, 2.565, 2.615, 2.75, 3.146, 3.185, 2.651, 1.891, 1.36, 1.471, 1.43, 1.265, 1.271, 1.449, 1.479, 2.065, 3.366, 3.549, 3.08, 4.199, 6.071, 7.12, 7.935, 8.506, 8.628, 8.181, 8.535, 9.188, 9.448], [6.983, 6.9, 6.614, 5.018, 3.151, 1.584, 1.417, 1.435, 2.323, 3.144, 3.431, 3.821, 4.582, 4.988, 4.896, 4.536, 3.875, 3.865, 3.742, 3.451, 2.692, 2.628, 2.769, 2.258, 1.832, 1.875, 1.681, 1.763, 1.354, 0.0, 1.055, 1.404, 1.693, 1.832, 1.846, 1.951, 1.921, 1.405, 3.315, 5.122, 5.135, 5.3, 6.21, 6.492, 5.649, 5.083, 5.454, 6.336, 6.111, 6.216, 6.225, 5.719, 5.273, 4.835, 3.92, 2.819, 2.75, 2.992, 3.234, 3.108, 3.1, 3.623, 3.639, 3.132, 2.101, 1.185, 1.737, 1.571, 1.28, 1.29, 1.392, 1.717, 2.704, 3.95, 4.093, 3.645, 4.987, 6.689, 7.707, 8.504, 9.045, 9.1, 8.729, 9.071, 9.728, 9.994], [7.643, 7.575, 7.34, 5.692, 3.798, 1.602, 1.366, 1.286, 1.842, 2.639, 2.8, 3.324, 4.249, 4.642, 4.357, 3.975, 3.268, 3.238, 3.153, 2.902, 2.154, 1.996, 2.179, 1.721, 1.413, 1.658, 1.48, 1.408, 1.453, 1.055, 0.0, 0.904, 1.246, 1.444, 1.379, 1.341, 1.435, 1.418, 3.956, 5.705, 5.641, 5.943, 6.909, 7.219, 6.352, 5.692, 6.144, 6.965, 6.776, 6.623, 6.577, 5.887, 5.412, 5.035, 4.085, 3.086, 2.959, 3.398, 3.598, 3.577, 3.318, 3.489, 3.569, 3.288, 2.613, 1.407, 1.333, 1.009, 1.077, 1.417, 1.629, 2.088, 3.016, 4.191, 4.364, 3.799, 4.553, 6.134, 7.106, 7.898, 8.432, 8.518, 8.127, 8.441, 9.07, 9.337], [7.917, 7.879, 7.679, 6.087, 4.152, 1.94, 1.568, 1.487, 1.932, 2.791, 2.939, 3.314, 3.947, 4.374, 3.942, 3.614, 2.885, 2.881, 2.801, 2.764, 2.04, 1.776, 1.846, 1.561, 1.316, 1.56, 1.318, 1.32, 1.484, 1.404, 0.904, 0.0, 0.866, 1.035, 1.118, 1.135, 1.121, 1.538, 4.135, 5.94, 5.9, 6.206, 7.186, 7.557, 6.616, 5.92, 6.439, 7.37, 7.114, 6.808, 6.703, 5.941, 5.215, 4.856, 3.906, 2.957, 2.743, 3.183, 3.405, 3.431, 3.312, 3.304, 3.389, 3.11, 2.472, 1.448, 1.227, 0.941, 1.032, 1.378, 1.621, 1.996, 2.821, 3.916, 4.046, 3.506, 4.062, 5.666, 6.701, 7.499, 8.048, 8.164, 7.752, 8.064, 8.671, 8.928], [8.019, 8.06, 7.873, 6.308, 4.456, 2.233, 1.862, 1.794, 2.094, 2.908, 3.196, 3.553, 4.227, 4.584, 4.133, 3.798, 2.936, 2.949, 3.133, 2.902, 2.263, 1.913, 1.982, 1.582, 1.303, 1.451, 1.286, 1.296, 1.588, 1.693, 1.246, 0.866, 0.0, 0.777, 0.899, 1.125, 1.156, 1.497, 4.222, 6.038, 5.981, 6.314, 7.294, 7.652, 6.72, 6.005, 6.502, 7.453, 7.18, 6.893, 6.737, 5.904, 5.105, 4.673, 3.683, 2.919, 2.77, 3.255, 3.46, 3.619, 3.424, 3.32, 3.379, 3.131, 2.632, 1.645, 1.238, 0.903, 1.274, 1.454, 1.796, 2.014, 2.988, 3.76, 3.846, 3.291, 3.757, 5.425, 6.477, 7.31, 7.929, 8.066, 7.584, 7.917, 8.569, 8.825], [8.28, 8.301, 8.109, 6.553, 4.705, 2.517, 2.042, 1.944, 1.89, 2.689, 2.925, 3.19, 3.8, 4.184, 3.753, 3.381, 2.642, 2.583, 2.813, 2.782, 2.174, 1.7, 1.684, 1.398, 1.095, 1.231, 1.138, 1.226, 1.614, 1.832, 1.444, 1.035, 0.777, 0.0, 0.797, 1.357, 1.436, 1.927, 4.512, 6.328, 6.244, 6.577, 7.556, 7.911, 6.98, 6.277, 6.764, 7.714, 7.445, 7.216, 7.073, 6.301, 5.421, 5.051, 3.992, 3.017, 2.866, 3.333, 3.559, 3.688, 3.516, 3.486, 3.53, 3.329, 2.691, 1.789, 1.213, 1.045, 1.337, 1.672, 2.005, 2.16, 3.061, 3.92, 4.035, 3.471, 3.52, 5.191, 6.221, 7.051, 7.679, 7.812, 7.334, 7.658, 8.31, 8.566], [7.802, 7.8, 7.618, 6.056, 4.201, 2.101, 1.923, 1.894, 1.987, 2.922, 3.132, 3.435, 4.092, 4.494, 4.043, 3.678, 2.985, 3.024, 3.131, 2.811, 2.192, 1.893, 2.045, 1.638, 1.317, 1.434, 1.329, 1.438, 1.657, 1.846, 1.379, 1.118, 0.899, 0.797, 0.0, 1.073, 1.196, 1.592, 4.05, 5.877, 5.797, 6.106, 7.1, 7.412, 6.493, 5.837, 6.303, 7.249, 6.998, 6.736, 6.62, 5.967, 5.197, 4.806, 4.075, 3.148, 3.114, 3.49, 3.711, 3.854, 3.775, 3.816, 3.872, 3.593, 2.854, 1.969, 1.418, 1.181, 1.467, 1.917, 2.144, 2.247, 3.229, 4.237, 4.428, 3.864, 4.06, 5.694, 6.725, 7.539, 8.138, 8.277, 7.783, 8.141, 8.797, 9.058], [7.517, 7.487, 7.319, 5.72, 3.867, 1.981, 1.986, 1.918, 2.321, 3.177, 3.469, 3.677, 4.349, 4.688, 4.327, 3.98, 3.216, 3.147, 3.14, 2.883, 2.267, 2.025, 2.247, 1.716, 1.796, 1.952, 1.765, 1.797, 1.865, 1.951, 1.341, 1.135, 1.125, 1.357, 1.073, 0.0, 0.609, 1.361, 3.74, 5.615, 5.486, 5.808, 6.784, 7.144, 6.216, 5.568, 6.056, 7.018, 6.761, 6.53, 6.412, 5.506, 4.879, 4.43, 3.881, 3.034, 2.941, 3.317, 3.558, 3.698, 3.59, 3.548, 3.618, 3.434, 2.855, 1.868, 1.468, 1.223, 1.451, 1.567, 1.766, 2.038, 3.016, 4.281, 4.494, 3.941, 4.31, 5.994, 7.004, 7.824, 8.407, 8.492, 8.068, 8.417, 9.07, 9.326], [7.614, 7.626, 7.432, 5.837, 3.974, 1.955, 1.978, 1.939, 2.443, 3.305, 3.605, 3.767, 4.311, 4.623, 4.153, 3.948, 3.246, 3.127, 3.116, 2.963, 2.345, 2.125, 2.333, 1.833, 1.882, 1.988, 1.718, 1.77, 1.824, 1.921, 1.435, 1.121, 1.156, 1.436, 1.196, 0.609, 0.0, 1.406, 3.877, 5.672, 5.588, 5.947, 6.875, 7.271, 6.351, 5.631, 6.248, 7.207, 6.965, 6.707, 6.506, 5.669, 4.819, 4.368, 3.707, 2.996, 2.844, 3.084, 3.328, 3.568, 3.523, 3.593, 3.651, 3.378, 2.827, 1.968, 1.485, 1.213, 1.339, 1.381, 1.783, 1.956, 2.956, 4.133, 4.36, 3.818, 4.233, 5.894, 6.928, 7.76, 8.339, 8.426, 7.992, 8.333, 8.98, 9.237], [6.636, 6.639, 6.446, 4.912, 3.112, 1.685, 1.962, 1.98, 2.928, 3.708, 4.015, 4.272, 4.992, 5.377, 5.047, 4.768, 4.14, 4.165, 3.843, 3.402, 2.67, 2.703, 3.041, 2.402, 2.31, 2.256, 1.895, 1.86, 1.459, 1.405, 1.418, 1.538, 1.497, 1.927, 1.592, 1.361, 1.406, 0.0, 2.837, 4.649, 4.655, 4.934, 5.837, 6.236, 5.317, 4.652, 5.207, 6.155, 5.908, 5.694, 5.599, 4.889, 4.534, 4.1, 3.505, 2.586, 2.579, 2.717, 2.894, 3.134, 3.328, 3.653, 3.678, 3.136, 2.137, 1.335, 2.065, 1.707, 1.609, 1.321, 1.266, 1.474, 2.583, 3.774, 3.972, 3.538, 5.052, 6.864, 7.933, 8.756, 9.327, 9.43, 9.011, 9.36, 10.014, 10.27], [4.13, 4.293, 4.125, 2.675, 1.855, 3.424, 3.939, 4.052, 5.198, 6.17, 6.515, 6.739, 7.386, 7.858, 7.696, 7.371, 6.796, 6.825, 6.519, 5.849, 5.117, 5.338, 5.628, 5.011, 4.676, 4.544, 4.15, 4.324, 3.62, 3.315, 3.956, 4.135, 4.222, 4.512, 4.05, 3.74, 3.877, 2.837, 0.0, 2.337, 2.731, 2.736, 3.428, 3.538, 2.942, 2.804, 2.983, 3.483, 3.583, 3.597, 3.57, 3.437, 3.567, 3.236, 2.91, 3.002, 3.665, 3.256, 3.023, 3.424, 4.444, 5.739, 5.743, 4.623, 2.581, 3.412, 4.682, 4.362, 4.044, 3.684, 3.204, 3.125, 3.045, 3.978, 4.048, 5.141, 7.774, 9.638, 10.695, 11.512, 12.072, 12.184, 11.753, 12.107, 12.761, 13.021], [3.311, 3.415, 3.158, 2.577, 3.615, 5.238, 5.775, 5.956, 7.068, 8.012, 8.287, 8.545, 9.23, 9.663, 9.52, 9.214, 8.63, 8.642, 8.341, 7.764, 6.997, 7.207, 7.509, 6.858, 6.517, 6.439, 6.064, 6.089, 5.531, 5.122, 5.705, 5.94, 6.038, 6.328, 5.877, 5.615, 5.672, 4.649, 2.337, 0.0, 1.258, 1.182, 1.693, 2.052, 1.406, 1.514, 1.419, 1.824, 1.945, 1.89, 1.682, 1.949, 2.564, 2.669, 3.511, 4.622, 5.485, 5.078, 4.797, 5.155, 6.194, 7.483, 7.487, 6.353, 4.333, 5.15, 6.494, 6.14, 5.808, 5.402, 5.025, 4.975, 4.793, 5.302, 5.336, 6.94, 9.582, 11.438, 12.51, 13.332, 13.895, 13.961, 13.58, 13.934, 14.587, 14.843], [3.381, 3.502, 3.38, 2.949, 3.531, 5.039, 5.761, 5.912, 6.868, 8.024, 8.25, 8.297, 8.888, 9.396, 9.389, 9.02, 8.465, 8.512, 8.226, 7.489, 6.796, 7.067, 7.333, 6.761, 6.455, 6.249, 5.873, 6.077, 5.464, 5.135, 5.641, 5.9, 5.981, 6.244, 5.797, 5.486, 5.588, 4.655, 2.731, 1.258, 0.0, 0.714, 1.635, 2.025, 1.275, 0.877, 1.131, 1.894, 1.809, 1.889, 1.88, 1.592, 2.177, 2.381, 3.461, 4.512, 5.353, 4.922, 4.672, 5.039, 6.075, 7.377, 7.376, 6.274, 4.176, 5.014, 6.379, 6.107, 5.727, 5.334, 4.79, 4.76, 4.697, 5.253, 5.294, 6.891, 9.528, 11.384, 12.456, 13.275, 13.83, 13.901, 13.517, 13.874, 14.529, 14.786], [2.942, 3.037, 2.951, 2.662, 3.457, 5.101, 5.798, 6.053, 7.067, 8.249, 8.497, 8.608, 9.204, 9.744, 9.746, 9.403, 8.774, 8.835, 8.573, 7.845, 7.129, 7.424, 7.7, 7.068, 6.725, 6.446, 6.126, 6.373, 5.74, 5.3, 5.943, 6.206, 6.314, 6.577, 6.106, 5.808, 5.947, 4.934, 2.736, 1.182, 0.714, 0.0, 1.338, 1.799, 1.156, 1.015, 1.039, 1.548, 1.534, 1.742, 1.737, 1.795, 2.614, 2.86, 3.833, 4.873, 5.719, 5.298, 5.029, 5.37, 6.394, 7.702, 7.699, 6.598, 4.508, 5.32, 6.689, 6.416, 6.061, 5.643, 5.133, 5.139, 5.033, 5.615, 5.67, 7.233, 9.862, 11.718, 12.788, 13.607, 14.165, 14.234, 13.851, 14.204, 14.857, 15.116], [2.426, 2.505, 2.6, 2.744, 4.006, 5.841, 6.687, 6.994, 7.977, 9.176, 9.468, 9.521, 10.032, 10.626, 10.66, 10.266, 9.71, 9.77, 9.499, 8.695, 7.978, 8.324, 8.596, 8.028, 7.735, 7.419, 7.136, 7.31, 6.713, 6.21, 6.909, 7.186, 7.294, 7.556, 7.1, 6.784, 6.875, 5.837, 3.428, 1.693, 1.635, 1.338, 0.0, 0.968, 1.011, 1.63, 1.647, 1.614, 2.025, 2.251, 2.012, 2.638, 3.545, 3.767, 4.783, 5.824, 6.674, 6.208, 5.923, 6.301, 7.31, 8.619, 8.619, 7.531, 5.462, 6.273, 7.662, 7.375, 7.031, 6.617, 5.999, 6.072, 6.01, 6.569, 6.599, 8.206, 10.839, 12.697, 13.761, 14.58, 15.125, 15.184, 14.809, 15.166, 15.825, 16.087], [2.312, 2.426, 2.432, 2.614, 4.043, 6.099, 6.776, 7.047, 8.092, 9.358, 9.65, 9.823, 10.403, 11.018, 11.07, 10.649, 10.077, 10.134, 9.908, 9.117, 8.387, 8.71, 8.965, 8.409, 7.966, 7.619, 7.412, 7.684, 7.035, 6.492, 7.219, 7.557, 7.652, 7.911, 7.412, 7.144, 7.271, 6.236, 3.538, 2.052, 2.025, 1.799, 0.968, 0.0, 1.082, 1.888, 1.74, 1.624, 2.229, 2.499, 2.3, 2.953, 3.856, 4.089, 5.141, 6.199, 7.065, 6.606, 6.298, 6.675, 7.593, 8.96, 8.945, 7.883, 5.841, 6.615, 7.994, 7.723, 7.387, 6.985, 6.402, 6.451, 6.385, 6.946, 6.972, 8.585, 11.204, 13.066, 14.125, 14.938, 15.471, 15.53, 15.177, 15.523, 16.181, 16.442], [2.712, 2.771, 2.842, 2.781, 3.884, 5.362, 6.043, 6.32, 7.326, 8.575, 8.855, 9.003, 9.551, 10.186, 10.146, 9.773, 9.174, 9.23, 8.984, 8.227, 7.521, 7.805, 8.081, 7.478, 7.053, 6.745, 6.496, 6.739, 6.11, 5.649, 6.352, 6.616, 6.72, 6.98, 6.493, 6.216, 6.351, 5.317, 2.942, 1.406, 1.275, 1.156, 1.011, 1.082, 0.0, 0.994, 1.126, 1.396, 1.815, 2.029, 1.743, 2.159, 3.022, 3.146, 4.201, 5.255, 6.132, 5.742, 5.468, 5.749, 6.797, 8.105, 8.108, 6.98, 4.888, 5.761, 7.083, 6.812, 6.472, 6.074, 5.522, 5.517, 5.44, 5.993, 6.019, 7.632, 10.272, 12.128, 13.194, 14.013, 14.576, 14.64, 14.259, 14.613, 15.266, 15.524], [3.288, 3.445, 3.415, 3.209, 3.801, 5.044, 5.684, 5.846, 6.84, 7.981, 8.241, 8.357, 8.981, 9.506, 9.437, 9.098, 8.492, 8.552, 8.269, 7.557, 6.879, 7.121, 7.392, 6.769, 6.418, 6.162, 5.831, 6.057, 5.407, 5.083, 5.692, 5.92, 6.005, 6.277, 5.837, 5.568, 5.631, 4.652, 2.804, 1.514, 0.877, 1.015, 1.63, 1.888, 0.994, 0.0, 0.968, 1.708, 1.707, 1.796, 1.706, 1.572, 2.265, 2.413, 3.521, 4.535, 5.422, 5.014, 4.765, 5.105, 6.17, 7.472, 7.475, 6.341, 4.221, 5.054, 6.424, 6.099, 5.786, 5.383, 4.859, 4.877, 4.725, 5.271, 5.333, 6.909, 9.552, 11.408, 12.48, 13.304, 13.868, 13.931, 13.548, 13.902, 14.555, 14.814], [3.147, 3.33, 3.107, 3.043, 3.84, 5.501, 5.985, 6.116, 7.233, 8.409, 8.625, 8.936, 9.649, 10.16, 10.106, 9.674, 9.039, 9.069, 8.885, 8.262, 7.504, 7.679, 7.949, 7.328, 6.827, 6.584, 6.354, 6.544, 5.949, 5.454, 6.144, 6.439, 6.502, 6.764, 6.303, 6.056, 6.248, 5.207, 2.983, 1.419, 1.131, 1.039, 1.647, 1.74, 1.126, 0.968, 0.0, 1.169, 1.334, 1.471, 1.36, 1.573, 2.431, 2.716, 4.015, 5.102, 6.001, 5.687, 5.412, 5.631, 6.618, 7.906, 7.899, 6.755, 4.779, 5.523, 6.913, 6.592, 6.262, 5.935, 5.492, 5.518, 5.251, 5.79, 5.843, 7.414, 10.049, 11.905, 12.97, 13.789, 14.364, 14.419, 14.055, 14.386, 15.039, 15.298], [3.038, 3.148, 3.108, 3.105, 4.267, 6.235, 6.722, 6.963, 7.995, 9.176, 9.456, 9.801, 10.532, 11.099, 11.053, 10.621, 9.978, 10.03, 9.84, 9.149, 8.4, 8.641, 8.906, 8.28, 7.796, 7.486, 7.292, 7.485, 6.899, 6.336, 6.965, 7.37, 7.453, 7.714, 7.249, 7.018, 7.207, 6.155, 3.483, 1.824, 1.894, 1.548, 1.614, 1.624, 1.396, 1.708, 1.169, 0.0, 0.879, 1.19, 1.283, 2.066, 3.115, 3.62, 4.932, 6.061, 6.938, 6.642, 6.368, 6.64, 7.529, 8.813, 8.852, 7.771, 5.748, 6.44, 7.866, 7.567, 7.234, 6.898, 6.426, 6.447, 6.197, 6.743, 6.79, 8.373, 11.0, 12.856, 13.928, 14.748, 15.32, 15.4, 15.002, 15.341, 15.994, 16.253], [3.61, 3.717, 3.712, 3.645, 4.387, 6.275, 6.735, 6.91, 7.977, 9.029, 9.306, 9.651, 10.461, 10.935, 10.843, 10.392, 9.772, 9.785, 9.604, 9.007, 8.235, 8.383, 8.659, 8.032, 7.573, 7.452, 7.133, 7.264, 6.642, 6.111, 6.776, 7.114, 7.18, 7.445, 6.998, 6.761, 6.965, 5.908, 3.583, 1.945, 1.809, 1.534, 2.025, 2.229, 1.815, 1.707, 1.334, 0.879, 0.0, 0.653, 1.148, 1.623, 2.711, 3.327, 4.649, 5.778, 6.698, 6.402, 6.127, 6.403, 7.301, 8.589, 8.588, 7.495, 5.533, 6.187, 7.588, 7.285, 6.958, 6.638, 6.242, 6.238, 5.935, 6.459, 6.485, 8.098, 10.728, 12.584, 13.655, 14.476, 15.055, 15.122, 14.731, 15.075, 15.728, 15.987], [3.878, 4.038, 4.018, 3.96, 4.632, 6.477, 6.849, 7.052, 7.998, 8.942, 9.231, 9.657, 10.46, 10.93, 10.597, 10.204, 9.507, 9.576, 9.4, 8.856, 8.058, 8.165, 8.445, 7.785, 7.363, 7.316, 6.978, 6.991, 6.516, 6.216, 6.623, 6.808, 6.893, 7.216, 6.736, 6.53, 6.707, 5.694, 3.597, 1.89, 1.889, 1.742, 2.251, 2.499, 2.029, 1.796, 1.471, 1.19, 0.653, 0.0, 0.83, 1.321, 2.359, 3.041, 4.378, 5.528, 6.523, 6.236, 5.927, 6.384, 7.334, 8.563, 8.562, 7.366, 5.466, 6.232, 7.463, 7.057, 6.85, 6.611, 6.245, 6.164, 5.685, 6.147, 6.173, 7.786, 10.437, 12.293, 13.365, 14.197, 14.795, 14.878, 14.457, 14.804, 15.454, 15.709], [3.832, 3.992, 4.005, 4.085, 4.949, 6.526, 6.947, 7.144, 7.99, 8.888, 9.194, 9.645, 10.454, 10.868, 10.496, 10.168, 9.39, 9.374, 9.289, 8.798, 8.008, 8.068, 8.316, 7.694, 7.323, 7.293, 6.917, 6.94, 6.508, 6.225, 6.577, 6.703, 6.737, 7.073, 6.62, 6.412, 6.506, 5.599, 3.57, 1.682, 1.88, 1.737, 2.012, 2.3, 1.743, 1.706, 1.36, 1.283, 1.148, 0.83, 0.0, 1.208, 2.194, 2.899, 4.191, 5.426, 6.394, 6.114, 5.798, 6.247, 7.205, 8.415, 8.415, 7.24, 5.379, 6.213, 7.334, 6.913, 6.775, 6.473, 6.102, 6.021, 5.573, 5.931, 5.956, 7.569, 10.219, 12.102, 13.151, 13.978, 14.59, 14.664, 14.245, 14.598, 15.244, 15.502], [4.505, 4.619, 4.468, 4.301, 4.811, 6.125, 6.555, 6.712, 7.538, 8.303, 8.563, 9.01, 9.717, 10.048, 9.656, 9.348, 8.496, 8.508, 8.48, 8.005, 7.323, 7.263, 7.491, 6.843, 6.72, 6.748, 6.367, 6.26, 5.865, 5.719, 5.887, 5.941, 5.904, 6.301, 5.967, 5.506, 5.669, 4.889, 3.437, 1.949, 1.592, 1.795, 2.638, 2.953, 2.159, 1.572, 1.573, 2.066, 1.623, 1.321, 1.208, 0.0, 1.267, 1.925, 3.239, 4.458, 5.508, 5.196, 4.905, 5.386, 6.315, 7.519, 7.519, 6.323, 4.61, 5.376, 6.486, 6.085, 5.974, 5.563, 5.268, 5.186, 4.676, 4.99, 5.016, 6.629, 9.287, 11.143, 12.215, 13.047, 13.654, 13.772, 13.325, 13.653, 14.302, 14.557], [5.362, 5.526, 5.177, 4.661, 4.838, 5.793, 6.191, 6.328, 6.965, 7.845, 8.094, 8.444, 9.007, 9.289, 8.717, 8.412, 7.607, 7.555, 7.753, 7.574, 6.914, 6.67, 6.783, 6.224, 5.98, 6.114, 5.654, 5.546, 5.28, 5.273, 5.412, 5.215, 5.105, 5.421, 5.197, 4.879, 4.819, 4.534, 3.567, 2.564, 2.177, 2.614, 3.545, 3.856, 3.022, 2.265, 2.431, 3.115, 2.711, 2.359, 2.194, 1.267, 0.0, 0.927, 2.233, 3.634, 4.593, 4.269, 3.921, 4.474, 5.303, 6.468, 6.467, 5.284, 3.906, 4.753, 5.846, 5.408, 5.29, 4.874, 4.774, 4.414, 3.697, 3.827, 3.825, 5.433, 8.122, 9.976, 11.029, 11.861, 12.521, 12.657, 12.139, 12.48, 13.127, 13.384], [5.426, 5.563, 5.242, 4.487, 4.537, 5.373, 5.773, 5.907, 6.591, 7.407, 7.66, 7.978, 8.519, 8.791, 8.211, 7.955, 7.277, 7.106, 7.314, 7.121, 6.533, 6.24, 6.441, 5.866, 5.631, 5.784, 5.324, 5.217, 4.803, 4.835, 5.035, 4.856, 4.673, 5.051, 4.806, 4.43, 4.368, 4.1, 3.236, 2.669, 2.381, 2.86, 3.767, 4.089, 3.146, 2.413, 2.716, 3.62, 3.327, 3.041, 2.899, 1.925, 0.927, 0.0, 1.692, 3.156, 4.077, 3.739, 3.427, 3.935, 4.728, 5.719, 5.686, 4.574, 3.432, 4.303, 5.379, 4.926, 4.827, 4.354, 4.325, 3.891, 3.104, 3.203, 3.231, 4.883, 7.56, 9.347, 10.372, 11.191, 11.802, 11.931, 11.472, 11.804, 12.453, 12.708], [5.951, 6.052, 5.837, 4.472, 4.147, 4.732, 4.903, 5.04, 5.593, 6.4, 6.533, 6.746, 7.303, 7.386, 7.012, 6.67, 6.194, 5.95, 6.397, 6.427, 5.813, 5.376, 5.274, 4.794, 4.361, 4.506, 4.107, 3.749, 3.439, 3.92, 4.085, 3.906, 3.683, 3.992, 4.075, 3.881, 3.707, 3.505, 2.91, 3.511, 3.461, 3.833, 4.783, 5.141, 4.201, 3.521, 4.015, 4.932, 4.649, 4.378, 4.191, 3.239, 2.233, 1.692, 0.0, 1.701, 2.705, 2.362, 2.063, 2.624, 3.403, 4.424, 4.419, 3.27, 2.355, 3.314, 4.038, 3.735, 3.747, 3.326, 3.379, 2.799, 1.833, 1.89, 2.031, 3.501, 6.083, 7.939, 9.021, 9.84, 10.427, 10.58, 10.133, 10.443, 11.093, 11.349], [6.771, 6.835, 6.651, 5.18, 4.027, 3.764, 3.741, 3.848, 4.488, 5.272, 5.353, 5.35, 5.947, 5.997, 5.748, 5.431, 5.136, 4.979, 5.183, 5.324, 4.662, 4.203, 4.17, 3.787, 3.364, 3.379, 3.012, 2.502, 2.197, 2.819, 3.086, 2.957, 2.919, 3.017, 3.148, 3.034, 2.996, 2.586, 3.002, 4.622, 4.512, 4.873, 5.824, 6.199, 5.255, 4.535, 5.102, 6.061, 5.778, 5.528, 5.426, 4.458, 3.634, 3.156, 1.701, 0.0, 1.225, 0.997, 0.965, 1.282, 2.053, 3.233, 3.227, 2.11, 1.389, 2.269, 3.015, 2.907, 2.749, 2.266, 2.307, 1.828, 1.145, 1.497, 1.68, 2.441, 5.024, 6.879, 7.948, 8.779, 9.352, 9.501, 9.03, 9.385, 10.037, 10.294], [7.529, 7.608, 7.461, 5.986, 4.461, 3.697, 3.603, 3.515, 4.142, 4.726, 4.824, 4.743, 5.247, 5.209, 5.03, 4.843, 4.739, 4.504, 4.62, 4.799, 4.244, 3.853, 3.831, 3.614, 3.244, 3.183, 2.83, 2.384, 2.172, 2.75, 2.959, 2.743, 2.77, 2.866, 3.114, 2.941, 2.844, 2.579, 3.665, 5.485, 5.353, 5.719, 6.674, 7.065, 6.132, 5.422, 6.001, 6.938, 6.698, 6.523, 6.394, 5.508, 4.593, 4.077, 2.705, 1.225, 0.0, 0.923, 1.375, 1.308, 1.276, 2.27, 2.249, 1.348, 1.61, 2.029, 2.722, 2.858, 2.724, 2.109, 2.115, 1.696, 1.344, 1.918, 1.961, 1.798, 4.193, 6.047, 7.117, 7.941, 8.508, 8.615, 8.183, 8.543, 9.199, 9.456], [7.046, 7.103, 6.954, 5.452, 3.989, 3.799, 3.9, 3.934, 4.753, 5.378, 5.476, 5.349, 5.744, 5.628, 5.54, 5.438, 5.357, 5.154, 5.191, 5.33, 4.761, 4.376, 4.371, 4.071, 3.689, 3.699, 3.297, 2.792, 2.343, 2.992, 3.398, 3.183, 3.255, 3.333, 3.49, 3.317, 3.084, 2.717, 3.256, 5.078, 4.922, 5.298, 6.208, 6.606, 5.742, 5.014, 5.687, 6.642, 6.402, 6.236, 6.114, 5.196, 4.269, 3.739, 2.362, 0.997, 0.923, 0.0, 0.794, 1.041, 1.533, 2.751, 2.753, 1.695, 1.504, 2.326, 3.177, 3.197, 2.939, 2.268, 2.306, 1.77, 1.26, 1.61, 1.894, 2.155, 4.696, 6.545, 7.611, 8.44, 8.996, 9.13, 8.684, 9.04, 9.697, 9.955], [6.766, 6.831, 6.677, 5.174, 3.967, 3.996, 4.158, 4.241, 5.035, 5.799, 5.9, 5.737, 6.164, 6.121, 5.759, 5.693, 5.7, 5.508, 5.514, 5.612, 5.008, 4.647, 4.634, 4.24, 3.877, 3.897, 3.481, 3.052, 2.565, 3.234, 3.598, 3.405, 3.46, 3.559, 3.711, 3.558, 3.328, 2.894, 3.023, 4.797, 4.672, 5.029, 5.923, 6.298, 5.468, 4.765, 5.412, 6.368, 6.127, 5.927, 5.798, 4.905, 3.921, 3.427, 2.063, 0.965, 1.375, 0.794, 0.0, 0.929, 1.821, 3.061, 3.059, 1.993, 1.678, 2.628, 3.511, 3.371, 3.16, 2.561, 2.578, 2.022, 1.227, 1.615, 1.671, 2.416, 4.997, 6.836, 7.92, 8.735, 9.297, 9.452, 8.985, 9.335, 9.987, 10.243], [7.234, 7.267, 7.062, 5.603, 4.339, 4.044, 4.077, 4.152, 4.974, 5.694, 5.789, 5.678, 6.102, 6.065, 5.859, 5.788, 5.775, 5.445, 5.539, 5.686, 5.08, 4.736, 4.716, 4.395, 3.977, 4.004, 3.602, 3.144, 2.615, 3.108, 3.577, 3.431, 3.619, 3.688, 3.854, 3.698, 3.568, 3.134, 3.424, 5.155, 5.039, 5.37, 6.301, 6.675, 5.749, 5.105, 5.631, 6.64, 6.403, 6.384, 6.247, 5.386, 4.474, 3.935, 2.624, 1.282, 1.308, 1.041, 0.929, 0.0, 1.135, 2.383, 2.426, 1.468, 1.559, 2.551, 3.442, 3.479, 3.097, 2.51, 2.47, 2.03, 1.485, 1.704, 1.839, 2.132, 4.677, 6.469, 7.575, 8.319, 8.857, 8.921, 8.547, 8.899, 9.555, 9.815], [8.285, 8.237, 7.997, 6.436, 4.862, 4.152, 4.062, 3.992, 4.565, 5.145, 5.205, 5.298, 5.807, 5.705, 5.569, 5.491, 5.33, 4.992, 5.269, 5.452, 4.855, 4.534, 4.448, 4.22, 3.778, 3.813, 3.475, 3.028, 2.75, 3.1, 3.318, 3.312, 3.424, 3.516, 3.775, 3.59, 3.523, 3.328, 4.444, 6.194, 6.075, 6.394, 7.31, 7.593, 6.797, 6.17, 6.618, 7.529, 7.301, 7.334, 7.205, 6.315, 5.303, 4.728, 3.403, 2.053, 1.276, 1.533, 1.821, 1.135, 0.0, 1.399, 1.475, 0.824, 2.156, 2.389, 3.224, 3.374, 3.13, 2.496, 2.613, 2.315, 2.002, 2.245, 2.244, 1.576, 3.844, 5.588, 6.68, 7.407, 7.951, 8.016, 7.632, 7.982, 8.635, 8.895], [9.525, 9.456, 9.188, 7.609, 5.901, 4.446, 4.221, 4.091, 4.45, 4.607, 4.707, 4.904, 5.389, 5.312, 5.161, 5.083, 4.999, 4.64, 4.923, 5.135, 4.642, 4.423, 4.299, 4.062, 3.632, 3.861, 3.644, 3.192, 3.146, 3.623, 3.489, 3.304, 3.32, 3.486, 3.816, 3.548, 3.593, 3.653, 5.739, 7.483, 7.377, 7.702, 8.619, 8.96, 8.105, 7.472, 7.906, 8.813, 8.589, 8.563, 8.415, 7.519, 6.468, 5.719, 4.424, 3.233, 2.27, 2.751, 3.061, 2.383, 1.399, 0.0, 0.568, 1.221, 3.308, 2.843, 3.284, 3.339, 3.417, 2.908, 3.075, 2.943, 2.959, 3.033, 3.136, 1.675, 2.742, 4.329, 5.419, 6.072, 6.621, 6.7, 6.28, 6.673, 7.282, 7.54], [9.519, 9.46, 9.188, 7.644, 5.899, 4.507, 4.281, 4.178, 4.565, 4.751, 4.878, 5.021, 5.506, 5.433, 5.279, 5.211, 5.123, 4.764, 5.043, 5.256, 4.759, 4.507, 4.406, 4.181, 3.716, 3.898, 3.71, 3.245, 3.185, 3.639, 3.569, 3.389, 3.379, 3.53, 3.872, 3.618, 3.651, 3.678, 5.743, 7.487, 7.376, 7.699, 8.619, 8.945, 8.108, 7.475, 7.899, 8.852, 8.588, 8.562, 8.415, 7.519, 6.467, 5.686, 4.419, 3.227, 2.249, 2.753, 3.059, 2.426, 1.475, 0.568, 0.0, 1.228, 3.316, 2.858, 3.326, 3.397, 3.451, 2.937, 3.139, 3.004, 2.956, 2.99, 3.136, 1.766, 2.979, 4.478, 5.521, 6.125, 6.592, 6.646, 6.247, 6.645, 7.295, 7.534], [8.429, 8.441, 8.199, 6.704, 5.047, 4.176, 3.989, 4.023, 4.505, 4.945, 4.992, 5.141, 5.687, 5.583, 5.39, 5.257, 5.091, 4.751, 5.106, 5.304, 4.727, 4.389, 4.306, 4.088, 3.586, 3.642, 3.335, 2.851, 2.651, 3.132, 3.288, 3.11, 3.131, 3.329, 3.593, 3.434, 3.378, 3.136, 4.623, 6.353, 6.274, 6.598, 7.531, 7.883, 6.98, 6.341, 6.755, 7.771, 7.495, 7.366, 7.24, 6.323, 5.284, 4.574, 3.27, 2.11, 1.348, 1.695, 1.993, 1.468, 0.824, 1.221, 1.228, 0.0, 2.19, 2.313, 3.07, 3.136, 2.993, 2.433, 2.572, 2.206, 1.862, 1.957, 2.1, 1.335, 3.488, 5.25, 6.325, 7.079, 7.673, 7.712, 7.322, 7.685, 8.321, 8.577], [6.435, 6.47, 6.286, 4.795, 3.254, 3.055, 3.051, 3.094, 3.838, 4.606, 4.876, 4.842, 5.26, 5.594, 5.464, 5.178, 4.768, 4.673, 4.594, 4.554, 3.92, 3.605, 3.652, 3.396, 3.021, 3.022, 2.511, 2.459, 1.891, 2.101, 2.613, 2.472, 2.632, 2.691, 2.854, 2.855, 2.827, 2.137, 2.581, 4.333, 4.176, 4.508, 5.462, 5.841, 4.888, 4.221, 4.779, 5.748, 5.533, 5.466, 5.379, 4.61, 3.906, 3.432, 2.355, 1.389, 1.61, 1.504, 1.678, 1.559, 2.156, 3.308, 3.316, 2.19, 0.0, 1.539, 2.636, 2.627, 2.264, 1.904, 1.596, 1.199, 1.311, 2.282, 2.399, 2.818, 5.401, 7.27, 8.318, 9.134, 9.724, 9.776, 9.386, 9.739, 10.388, 10.643], [7.07, 7.037, 6.83, 5.282, 3.465, 2.058, 1.981, 1.991, 2.686, 3.491, 3.666, 3.891, 4.529, 4.885, 4.756, 4.428, 3.786, 3.771, 3.696, 3.616, 2.955, 2.689, 2.748, 2.397, 2.114, 2.107, 1.733, 1.685, 1.36, 1.185, 1.407, 1.448, 1.645, 1.789, 1.969, 1.868, 1.968, 1.335, 3.412, 5.15, 5.014, 5.32, 6.273, 6.615, 5.761, 5.054, 5.523, 6.44, 6.187, 6.232, 6.213, 5.376, 4.753, 4.303, 3.314, 2.269, 2.029, 2.326, 2.628, 2.551, 2.389, 2.843, 2.858, 2.313, 1.539, 0.0, 1.824, 1.713, 1.362, 1.091, 1.056, 1.269, 2.079, 3.301, 3.351, 2.911, 4.661, 6.49, 7.526, 8.337, 8.902, 8.969, 8.586, 8.93, 9.586, 9.846], [8.387, 8.348, 8.164, 6.562, 4.664, 2.419, 1.924, 1.728, 1.719, 2.521, 2.709, 2.853, 3.617, 3.888, 3.719, 3.289, 2.761, 2.513, 2.749, 2.693, 2.079, 1.648, 1.664, 1.379, 1.207, 1.352, 1.27, 1.307, 1.471, 1.737, 1.333, 1.227, 1.238, 1.213, 1.418, 1.468, 1.485, 2.065, 4.682, 6.494, 6.379, 6.689, 7.662, 7.994, 7.083, 6.424, 6.913, 7.866, 7.588, 7.463, 7.334, 6.486, 5.846, 5.379, 4.038, 3.015, 2.722, 3.177, 3.511, 3.442, 3.224, 3.284, 3.326, 3.07, 2.636, 1.824, 0.0, 0.804, 1.141, 1.536, 1.902, 2.119, 2.889, 4.01