[[0.0, 0.69, 1.115, 2.169, 3.661, 4.596, 4.167, 3.678, 3.352, 4.051, 5.376, 5.985, 6.772, 8.12, 8.029, 6.859, 6.844, 6.88, 6.454, 5.814, 5.861, 5.814, 6.101, 7.621, 9.106, 8.731, 8.341, 7.992, 7.407, 7.464, 8.117, 8.977, 9.264, 8.517, 7.722, 6.668, 5.231, 4.297, 4.288, 4.523, 5.339, 5.891, 6.928, 6.404, 5.412, 5.736, 3.19, 1.365, 1.858, 1.42, 1.529, 1.385, 1.611, 1.802, 1.647, 1.508, 1.355, 1.424, 1.706, 1.597, 1.624, 1.405, 2.115, 3.025, 3.299, 2.767, 2.529, 2.083, 1.813, 1.955, 1.954, 2.47, 3.002, 2.837, 3.3, 3.749, 3.948, 3.391, 2.583, 2.101, 2.276, 2.788, 3.925, 5.001, 5.331, 5.602], [0.69, 0.0, 1.073, 2.201, 3.725, 4.672, 4.273, 3.754, 3.428, 4.13, 5.436, 6.027, 6.852, 8.172, 8.053, 6.894, 6.874, 6.87, 6.446, 5.89, 5.937, 5.882, 6.124, 7.6, 9.182, 8.845, 8.526, 8.087, 7.483, 7.54, 8.191, 9.053, 9.34, 8.593, 7.805, 6.72, 5.267, 4.403, 4.379, 4.685, 5.443, 5.967, 7.004, 6.48, 5.488, 5.836, 3.273, 1.357, 1.938, 1.543, 1.634, 1.456, 1.499, 1.662, 1.437, 1.441, 1.317, 1.412, 1.565, 1.648, 1.611, 1.395, 2.061, 2.893, 3.184, 2.596, 2.346, 1.9, 1.661, 1.601, 1.814, 2.371, 2.959, 2.749, 3.261, 3.712, 3.931, 3.374, 2.513, 1.874, 2.16, 2.886, 3.817, 5.066, 5.327, 5.67], [1.115, 1.073, 0.0, 1.275, 2.805, 3.755, 3.385, 2.905, 2.561, 3.226, 4.529, 5.099, 5.915, 7.24, 7.121, 5.971, 5.963, 5.943, 5.544, 4.973, 5.021, 4.966, 5.208, 6.668, 8.266, 7.943, 7.655, 7.201, 6.581, 6.656, 7.275, 8.137, 8.424, 7.679, 6.883, 5.807, 4.353, 3.471, 3.5, 3.825, 4.531, 5.05, 6.088, 5.564, 4.577, 4.941, 2.646, 2.102, 2.799, 2.285, 2.428, 2.269, 2.061, 2.34, 1.792, 1.737, 1.59, 1.526, 1.511, 1.85, 1.866, 1.236, 1.585, 2.241, 2.547, 2.165, 2.058, 1.786, 1.765, 1.847, 1.997, 1.841, 2.321, 2.315, 2.595, 2.985, 3.004, 2.429, 1.8, 1.743, 1.597, 2.566, 3.341, 4.137, 4.385, 4.731], [2.169, 2.201, 1.275, 0.0, 1.606, 2.513, 2.241, 1.79, 1.554, 2.105, 3.355, 3.936, 4.736, 6.077, 5.97, 4.813, 4.798, 4.825, 4.404, 3.787, 3.778, 3.724, 3.98, 5.499, 7.025, 6.789, 6.599, 6.082, 5.399, 5.507, 6.032, 6.895, 7.182, 6.435, 5.669, 4.558, 3.232, 2.376, 2.407, 2.681, 3.374, 3.808, 4.845, 4.322, 3.384, 3.739, 2.077, 2.999, 3.688, 3.171, 3.319, 3.204, 2.972, 3.19, 2.575, 2.297, 2.255, 2.089, 2.064, 2.437, 2.536, 1.805, 1.63, 2.041, 2.301, 2.332, 2.401, 2.286, 2.353, 2.613, 2.635, 2.11, 2.348, 2.337, 2.359, 2.318, 2.069, 1.655, 1.843, 2.475, 2.001, 2.374, 2.664, 3.039, 3.335, 3.629], [3.661, 3.725, 2.805, 1.606, 0.0, 1.15, 1.197, 1.054, 1.2, 1.098, 1.98, 2.456, 3.255, 4.609, 4.499, 3.334, 3.322, 3.351, 2.921, 2.33, 2.333, 2.251, 2.551, 4.068, 5.633, 5.542, 5.532, 5.042, 4.192, 4.327, 4.605, 5.348, 5.622, 4.954, 4.313, 3.273, 2.156, 1.665, 1.812, 1.675, 2.183, 2.407, 3.311, 2.788, 2.115, 2.38, 2.318, 4.283, 5.052, 4.478, 4.656, 4.616, 4.43, 4.569, 3.789, 3.473, 3.339, 3.179, 3.045, 3.463, 3.556, 2.804, 2.445, 2.269, 2.349, 2.936, 3.142, 3.146, 3.449, 3.614, 3.579, 2.864, 3.117, 2.891, 2.58, 2.308, 1.754, 1.658, 2.777, 3.583, 3.074, 3.039, 1.93, 1.734, 2.055, 2.285], [4.596, 4.672, 3.755, 2.513, 1.15, 0.0, 0.853, 1.209, 1.593, 0.975, 1.19, 1.895, 2.802, 3.852, 3.763, 2.611, 2.763, 2.835, 2.342, 1.785, 1.657, 1.596, 1.795, 3.222, 4.724, 4.587, 4.487, 3.991, 3.189, 3.346, 3.713, 4.499, 4.769, 4.098, 3.343, 2.358, 1.558, 1.503, 1.546, 1.191, 1.229, 1.442, 2.38, 1.898, 1.426, 1.765, 2.611, 5.025, 5.807, 5.211, 5.418, 5.411, 5.199, 5.335, 4.554, 4.277, 4.11, 3.913, 3.704, 4.106, 4.205, 3.621, 3.208, 2.973, 3.065, 3.651, 3.829, 3.802, 4.11, 4.269, 4.244, 3.554, 3.838, 3.659, 3.281, 3.05, 2.473, 2.447, 3.732, 4.508, 3.972, 3.831, 2.035, 1.5, 1.595, 1.713], [4.167, 4.273, 3.385, 2.241, 1.197, 0.853, 0.0, 1.057, 1.45, 1.113, 1.604, 2.287, 3.121, 4.264, 4.173, 3.068, 3.212, 3.238, 2.881, 2.315, 2.082, 2.108, 2.207, 3.635, 5.056, 4.706, 4.591, 4.124, 3.53, 3.761, 4.117, 4.947, 5.198, 4.509, 3.652, 2.733, 1.604, 1.343, 1.353, 0.993, 1.358, 1.903, 2.873, 2.504, 1.625, 2.049, 2.368, 4.641, 5.381, 4.822, 5.021, 4.988, 4.772, 4.922, 4.142, 3.932, 3.729, 3.567, 3.501, 3.897, 3.92, 3.353, 2.937, 2.997, 3.099, 3.702, 3.858, 3.8, 3.916, 4.115, 4.183, 3.545, 3.842, 3.631, 3.308, 3.055, 2.543, 2.514, 3.664, 4.491, 3.872, 3.761, 2.164, 2.017, 1.991, 2.09], [3.678, 3.754, 2.905, 1.79, 1.054, 1.209, 1.057, 0.0, 0.75, 1.325, 2.177, 2.657, 3.423, 4.783, 4.695, 3.525, 3.605, 3.694, 3.226, 2.636, 2.379, 2.385, 2.609, 4.18, 5.718, 5.566, 5.429, 4.91, 4.096, 4.183, 4.666, 5.459, 5.71, 5.134, 4.337, 3.41, 1.981, 1.385, 1.599, 1.572, 2.076, 2.348, 3.398, 2.909, 2.065, 2.599, 2.21, 4.075, 4.85, 4.261, 4.469, 4.427, 4.216, 4.345, 3.554, 3.264, 3.047, 2.876, 2.726, 3.126, 3.232, 2.641, 2.294, 2.287, 2.416, 2.867, 3.019, 3.075, 3.234, 3.303, 3.336, 2.65, 2.914, 2.698, 2.376, 2.143, 1.879, 1.771, 2.955, 3.763, 3.073, 2.938, 1.998, 2.161, 2.362, 2.534], [3.352, 3.428, 2.561, 1.554, 1.2, 1.593, 1.45, 0.75, 0.0, 1.337, 2.534, 3.06, 3.823, 5.233, 5.145, 3.975, 3.963, 4.033, 3.538, 2.891, 2.767, 2.75, 3.102, 4.619, 6.098, 5.969, 5.811, 5.272, 4.459, 4.469, 5.092, 5.895, 6.152, 5.494, 4.656, 3.678, 2.339, 1.686, 1.817, 1.93, 2.38, 2.683, 3.686, 3.167, 2.413, 2.859, 2.08, 3.695, 4.465, 3.881, 4.087, 4.036, 3.767, 3.909, 3.149, 2.913, 2.767, 2.588, 2.445, 2.894, 2.974, 2.325, 2.079, 2.131, 2.232, 2.56, 2.769, 2.866, 2.978, 3.126, 3.141, 2.389, 2.675, 2.472, 2.194, 1.984, 1.858, 1.636, 2.723, 3.529, 2.862, 2.842, 2.059, 2.323, 2.704, 2.907], [4.051, 4.13, 3.226, 2.105, 1.098, 0.975, 1.113, 1.325, 1.337, 0.0, 1.612, 2.368, 3.255, 4.325, 4.276, 3.102, 3.132, 3.096, 2.614, 1.929, 2.165, 2.083, 2.316, 3.758, 5.264, 4.993, 4.931, 4.425, 3.661, 3.759, 4.237, 5.02, 5.288, 4.742, 3.858, 2.952, 2.117, 1.889, 1.87, 1.572, 1.642, 1.965, 3.012, 2.491, 1.596, 1.86, 2.225, 4.571, 5.341, 4.728, 4.951, 4.881, 4.684, 4.839, 3.965, 3.579, 3.387, 3.227, 3.037, 3.461, 3.535, 3.061, 2.568, 2.647, 2.801, 3.229, 3.398, 3.323, 3.466, 3.625, 3.725, 3.073, 3.347, 3.153, 2.821, 2.593, 2.094, 2.067, 3.377, 4.114, 3.515, 3.323, 1.743, 1.691, 2.04, 2.24], [5.376, 5.436, 4.529, 3.355, 1.98, 1.19, 1.604, 2.177, 2.534, 1.612, 0.0, 1.317, 2.433, 3.156, 2.951, 1.996, 2.194, 2.058, 1.621, 1.257, 1.3, 1.187, 1.354, 2.341, 3.927, 3.885, 3.956, 3.501, 2.838, 3.068, 2.937, 3.677, 3.932, 3.275, 2.583, 1.575, 1.472, 1.998, 2.072, 1.675, 1.151, 1.056, 1.733, 1.428, 1.198, 1.163, 3.008, 5.959, 6.805, 6.161, 6.378, 6.384, 6.193, 6.342, 5.504, 5.132, 4.913, 4.695, 4.443, 4.892, 4.856, 4.31, 3.935, 3.587, 3.724, 4.29, 4.358, 4.387, 4.645, 4.81, 4.817, 4.149, 4.392, 4.208, 3.716, 3.431, 2.897, 2.976, 4.449, 5.322, 4.78, 4.541, 2.7, 1.834, 1.82, 1.761], [5.985, 6.027, 5.099, 3.936, 2.456, 1.895, 2.287, 2.657, 3.06, 2.368, 1.317, 0.0, 1.528, 2.492, 2.23, 1.706, 1.787, 1.718, 1.797, 1.566, 1.614, 1.519, 1.662, 2.413, 3.939, 4.282, 4.469, 4.201, 3.582, 3.83, 3.288, 3.515, 3.454, 3.216, 2.844, 1.918, 1.926, 2.679, 2.558, 2.278, 1.913, 1.754, 1.786, 1.932, 2.013, 1.854, 3.485, 6.569, 7.383, 6.739, 6.959, 6.962, 6.774, 6.916, 6.043, 5.64, 5.395, 5.101, 4.821, 5.34, 5.338, 4.799, 4.313, 3.753, 3.87, 4.437, 4.58, 4.753, 5.125, 5.18, 4.936, 4.29, 4.501, 4.35, 3.827, 3.508, 3.016, 3.089, 4.544, 5.463, 4.912, 4.686, 2.92, 1.879, 2.036, 1.839], [6.772, 6.852, 5.915, 4.736, 3.255, 2.802, 3.121, 3.423, 3.823, 3.255, 2.433, 1.528, 0.0, 1.496, 1.532, 1.317, 1.523, 1.992, 2.715, 2.901, 2.841, 2.784, 2.967, 3.579, 4.93, 5.349, 5.542, 5.311, 4.754, 4.985, 4.377, 4.473, 4.265, 4.222, 3.878, 3.071, 2.997, 3.374, 3.228, 3.11, 2.914, 2.853, 2.64, 3.03, 3.234, 3.117, 4.647, 7.325, 8.119, 7.493, 7.715, 7.698, 7.51, 7.652, 6.779, 6.345, 6.118, 5.845, 5.591, 6.054, 6.071, 5.609, 4.971, 4.385, 4.331, 5.001, 5.312, 5.564, 5.914, 5.958, 5.648, 4.942, 4.649, 4.687, 4.147, 3.61, 3.334, 3.657, 4.774, 5.731, 5.371, 5.158, 3.571, 2.436, 2.519, 2.244], [8.12, 8.172, 7.24, 6.077, 4.609, 3.852, 4.264, 4.783, 5.233, 4.325, 3.156, 2.492, 1.496, 0.0, 0.844, 1.512, 1.744, 2.172, 3.221, 3.587, 3.505, 3.437, 3.461, 3.677, 5.016, 5.442, 5.694, 5.497, 5.005, 5.297, 4.515, 4.577, 4.432, 4.369, 4.048, 3.408, 3.883, 4.567, 4.453, 4.269, 3.72, 3.287, 2.957, 3.437, 4.006, 3.882, 5.746, 8.702, 9.53, 8.893, 9.101, 9.097, 8.899, 9.039, 8.172, 7.761, 7.535, 7.262, 6.997, 7.47, 7.466, 6.951, 6.325, 5.486, 5.413, 6.175, 6.556, 6.855, 7.203, 7.19, 6.872, 6.144, 5.604, 5.777, 5.202, 4.694, 4.575, 4.985, 5.865, 6.749, 6.406, 6.109, 4.553, 3.207, 3.033, 2.902], [8.029, 8.053, 7.121, 5.97, 4.499, 3.763, 4.173, 4.695, 5.145, 4.276, 2.951, 2.23, 1.532, 0.844, 0.0, 1.318, 1.588, 1.951, 2.887, 3.254, 3.156, 3.125, 3.033, 3.21, 4.504, 4.911, 5.115, 4.898, 4.458, 4.752, 3.948, 4.024, 3.85, 3.808, 3.566, 2.883, 3.59, 4.454, 4.318, 4.095, 3.465, 2.937, 2.448, 3.123, 3.718, 3.591, 5.464, 8.598, 9.444, 8.805, 9.017, 9.023, 8.835, 8.977, 8.104, 7.673, 7.447, 7.174, 6.909, 7.382, 7.378, 6.862, 6.238, 5.439, 5.388, 6.123, 6.471, 6.786, 7.136, 7.134, 6.816, 6.088, 5.589, 5.739, 5.147, 4.609, 4.489, 4.865, 5.809, 6.717, 6.372, 6.103, 4.523, 3.15, 2.979, 2.756], [6.859, 6.894, 5.971, 4.813, 3.334, 2.611, 3.068, 3.525, 3.975, 3.102, 1.996, 1.706, 1.317, 1.512, 1.318, 0.0, 0.729, 1.361, 2.122, 2.362, 2.261, 2.236, 2.321, 3.272, 4.905, 5.162, 5.339, 4.965, 4.343, 4.617, 4.103, 4.377, 4.319, 4.042, 3.768, 2.768, 2.696, 3.367, 3.317, 3.113, 2.703, 2.498, 2.405, 2.715, 2.705, 2.689, 4.438, 7.425, 8.292, 7.647, 7.865, 7.87, 7.683, 7.825, 6.951, 6.516, 6.277, 6.004, 5.739, 6.212, 6.208, 5.698, 5.088, 4.394, 4.328, 5.039, 5.344, 5.638, 5.998, 6.006, 5.693, 4.961, 4.56, 4.655, 4.054, 3.496, 3.371, 3.707, 4.734, 5.617, 5.298, 5.096, 3.454, 2.414, 2.305, 2.285], [6.844, 6.874, 5.963, 4.798, 3.322, 2.763, 3.212, 3.605, 3.963, 3.132, 2.194, 1.787, 1.523, 1.744, 1.588, 0.729, 0.0, 1.247, 2.176, 2.419, 2.312, 2.169, 2.446, 3.601, 5.197, 5.506, 5.679, 5.33, 4.691, 4.924, 4.442, 4.679, 4.595, 4.358, 4.085, 3.041, 2.983, 3.632, 3.584, 3.363, 3.057, 2.876, 2.665, 3.047, 2.79, 2.794, 4.359, 7.442, 8.296, 7.67, 7.881, 7.882, 7.692, 7.833, 6.956, 6.543, 6.298, 6.039, 5.785, 6.236, 6.252, 5.72, 5.053, 4.323, 4.257, 4.973, 5.303, 5.603, 5.962, 6.004, 5.656, 4.923, 4.521, 4.637, 4.048, 3.513, 3.378, 3.725, 4.679, 5.553, 5.234, 5.017, 3.469, 2.594, 2.599, 2.643], [6.88, 6.87, 5.943, 4.825, 3.351, 2.835, 3.238, 3.694, 4.033, 3.096, 2.058, 1.718, 1.992, 2.172, 1.951, 1.361, 1.247, 0.0, 1.488, 1.844, 1.91, 1.84, 1.96, 2.859, 4.57, 4.779, 4.955, 4.675, 4.104, 4.35, 3.739, 4.004, 3.969, 3.767, 3.377, 2.528, 2.821, 3.727, 3.666, 3.423, 2.74, 2.663, 2.438, 2.647, 2.456, 2.253, 4.257, 7.464, 8.345, 7.72, 7.931, 7.915, 7.718, 7.852, 6.974, 6.594, 6.348, 6.089, 5.836, 6.286, 6.302, 5.769, 5.088, 4.168, 4.091, 4.84, 5.22, 5.599, 5.943, 5.932, 5.521, 4.788, 4.334, 4.511, 3.961, 3.462, 3.309, 3.709, 4.605, 5.438, 5.106, 4.826, 3.369, 2.551, 2.487, 2.67], [6.454, 6.446, 5.544, 4.404, 2.921, 2.342, 2.881, 3.226, 3.538, 2.614, 1.621, 1.797, 2.715, 3.221, 2.887, 2.122, 2.176, 1.488, 0.0, 1.05, 1.357, 1.382, 1.398, 2.083, 3.855, 3.927, 3.96, 3.484, 2.785, 2.968, 2.684, 3.202, 3.258, 3.064, 2.688, 2.021, 2.394, 3.179, 3.173, 2.865, 2.227, 1.975, 2.125, 1.806, 1.618, 1.496, 3.729, 7.006, 7.87, 7.26, 7.465, 7.445, 7.247, 7.385, 6.516, 6.155, 5.911, 5.614, 5.351, 5.823, 5.837, 5.292, 4.755, 4.013, 4.034, 4.627, 4.908, 5.19, 5.53, 5.489, 5.189, 4.489, 4.527, 4.432, 3.939, 3.576, 3.1, 3.384, 4.638, 5.527, 5.115, 4.872, 3.058, 2.291, 2.189, 2.513], [5.814, 5.89, 4.973, 3.787, 2.33, 1.785, 2.315, 2.636, 2.891, 1.929, 1.257, 1.566, 2.901, 3.587, 3.254, 2.362, 2.419, 1.844, 1.05, 0.0, 0.873, 0.896, 1.011, 2.039, 3.692, 3.661, 3.739, 3.293, 2.596, 2.808, 2.666, 3.2, 3.469, 3.027, 2.423, 1.727, 1.97, 2.792, 2.817, 2.413, 1.773, 1.616, 2.027, 1.557, 1.154, 1.037, 3.121, 6.394, 7.185, 6.559, 6.784, 6.762, 6.563, 6.702, 5.832, 5.461, 5.216, 4.913, 4.635, 5.204, 5.164, 4.651, 4.166, 3.808, 3.954, 4.49, 4.538, 4.612, 4.977, 5.097, 4.936, 4.282, 4.524, 4.386, 3.9, 3.6, 3.098, 3.204, 4.608, 5.48, 4.952, 4.714, 2.93, 2.112, 2.403, 2.411], [5.861, 5.937, 5.021, 3.778, 2.333, 1.657, 2.082, 2.379, 2.767, 2.165, 1.3, 1.614, 2.841, 3.505, 3.156, 2.261, 2.312, 1.91, 1.357, 0.873, 0.0, 0.506, 0.691, 2.091, 3.653, 3.591, 3.685, 3.308, 2.692, 2.889, 2.735, 3.25, 3.464, 2.982, 2.34, 1.584, 1.578, 2.385, 2.42, 2.075, 1.572, 1.499, 1.837, 1.569, 1.213, 1.25, 3.023, 6.33, 7.109, 6.495, 6.72, 6.674, 6.475, 6.613, 5.778, 5.462, 5.232, 5.009, 4.691, 5.247, 5.269, 4.675, 4.323, 3.947, 4.048, 4.581, 4.693, 4.719, 5.089, 5.191, 5.091, 4.409, 4.615, 4.463, 3.99, 3.698, 3.171, 3.278, 4.696, 5.55, 5.066, 4.84, 3.159, 2.37, 2.426, 2.393], [5.814, 5.882, 4.966, 3.724, 2.251, 1.596, 2.108, 2.385, 2.75, 2.083, 1.187, 1.519, 2.784, 3.437, 3.125, 2.236, 2.169, 1.84, 1.382, 0.896, 0.506, 0.0, 0.783, 2.076, 3.668, 3.636, 3.693, 3.353, 2.718, 2.949, 2.738, 3.263, 3.527, 2.916, 2.319, 1.48, 1.549, 2.371, 2.382, 2.116, 1.58, 1.482, 1.757, 1.476, 1.254, 1.275, 2.927, 6.212, 7.05, 6.406, 6.623, 6.63, 6.443, 6.579, 5.798, 5.484, 5.253, 5.028, 4.722, 5.203, 5.3, 4.651, 4.292, 3.906, 4.044, 4.569, 4.637, 4.7, 5.079, 5.161, 5.082, 4.412, 4.618, 4.464, 3.985, 3.691, 3.179, 3.265, 4.684, 5.573, 5.062, 4.844, 3.124, 2.37, 2.426, 2.443], [6.101, 6.124, 5.208, 3.98, 2.551, 1.795, 2.207, 2.609, 3.102, 2.316, 1.354, 1.662, 2.967, 3.461, 3.033, 2.321, 2.446, 1.96, 1.398, 1.011, 0.691, 0.783, 0.0, 1.675, 3.335, 3.32, 3.404, 3.023, 2.406, 2.687, 2.484, 3.005, 3.265, 2.687, 2.047, 1.378, 1.554, 2.343, 2.322, 2.072, 1.563, 1.445, 1.78, 1.663, 1.381, 1.352, 3.225, 6.497, 7.363, 6.733, 6.949, 6.964, 6.733, 6.868, 6.109, 5.805, 5.574, 5.337, 5.018, 5.491, 5.572, 4.919, 4.59, 4.158, 4.329, 4.827, 4.931, 4.975, 5.335, 5.364, 5.244, 4.588, 4.911, 4.755, 4.302, 4.017, 3.49, 3.604, 5.006, 5.813, 5.281, 5.015, 3.281, 2.571, 2.573, 2.343], [7.621, 7.6, 6.668, 5.499, 4.068, 3.222, 3.635, 4.18, 4.619, 3.758, 2.341, 2.413, 3.579, 3.677, 3.21, 3.272, 3.601, 2.859, 2.083, 2.039, 2.091, 2.076, 1.675, 0.0, 1.871, 2.111, 2.346, 2.379, 2.12, 2.182, 1.541, 1.722, 2.019, 1.77, 1.576, 1.663, 2.738, 3.806, 3.706, 3.464, 2.656, 2.25, 2.311, 2.164, 2.364, 2.089, 4.783, 8.057, 8.933, 8.295, 8.504, 8.516, 8.305, 8.444, 7.641, 7.31, 7.07, 6.82, 6.533, 7.014, 7.068, 6.461, 6.093, 5.57, 5.721, 6.252, 6.358, 6.467, 6.8, 6.815, 6.718, 6.06, 6.358, 6.188, 5.71, 5.402, 4.892, 4.975, 6.432, 7.284, 6.755, 6.484, 4.679, 3.586, 3.479, 3.109], [9.106, 9.182, 8.266, 7.025, 5.633, 4.724, 5.056, 5.718, 6.098, 5.264, 3.927, 3.939, 4.93, 5.016, 4.504, 4.905, 5.197, 4.57, 3.855, 3.692, 3.653, 3.668, 3.335, 1.871, 0.0, 1.03, 1.512, 1.915, 2.018, 1.898, 1.371, 0.998, 1.077, 1.088, 1.556, 2.801, 4.207, 5.282, 5.159, 4.851, 4.036, 3.583, 3.072, 3.133, 3.81, 3.484, 6.229, 9.547, 10.341, 9.72, 9.936, 9.926, 9.724, 9.886, 9.104, 8.795, 8.582, 8.35, 8.082, 8.576, 8.594, 8.009, 7.669, 7.418, 7.572, 8.091, 8.169, 8.128, 8.417, 8.586, 8.535, 7.894, 8.208, 8.046, 7.57, 7.262, 6.752, 6.827, 8.292, 9.121, 8.592, 8.307, 6.509, 5.216, 5.227, 4.635], [8.731, 8.845, 7.943, 6.789, 5.542, 4.587, 4.706, 5.566, 5.969, 4.993, 3.885, 4.282, 5.349, 5.442, 4.911, 5.162, 5.506, 4.779, 3.927, 3.661, 3.591, 3.636, 3.32, 2.111, 1.03, 0.0, 0.837, 1.254, 1.791, 1.761, 1.409, 1.122, 1.347, 1.349, 1.586, 2.806, 4.026, 4.904, 4.743, 4.427, 3.657, 3.492, 3.261, 3.102, 3.693, 3.357, 5.819, 9.126, 9.906, 9.298, 9.515, 9.503, 9.322, 9.514, 8.702, 8.476, 8.263, 8.02, 7.808, 8.279, 8.322, 7.816, 7.426, 7.358, 7.541, 8.045, 8.112, 8.014, 8.199, 8.373, 8.385, 7.812, 8.138, 7.98, 7.522, 7.217, 6.708, 6.81, 8.222, 9.013, 8.46, 8.155, 6.36, 5.27, 5.245, 4.651], [8.341, 8.526, 7.655, 6.599, 5.532, 4.487, 4.591, 5.429, 5.811, 4.931, 3.956, 4.469, 5.542, 5.694, 5.115, 5.339, 5.679, 4.955, 3.96, 3.739, 3.685, 3.693, 3.404, 2.346, 1.512, 0.837, 0.0, 0.844, 1.474, 1.511, 1.397, 1.477, 1.714, 1.511, 1.712, 2.721, 3.817, 4.525, 4.265, 3.995, 3.519, 3.377, 3.185, 3.014, 3.694, 3.357, 5.397, 8.455, 9.202, 8.615, 8.899, 8.956, 8.863, 9.057, 8.424, 8.204, 8.006, 7.816, 7.583, 7.997, 8.058, 7.616, 7.222, 7.311, 7.481, 7.972, 8.033, 7.95, 8.048, 8.142, 8.181, 7.672, 7.984, 7.894, 7.433, 7.162, 6.713, 6.807, 8.197, 8.851, 8.265, 7.95, 6.149, 5.377, 5.248, 4.782], [7.992, 8.087, 7.201, 6.082, 5.042, 3.991, 4.124, 4.91, 5.272, 4.425, 3.501, 4.201, 5.311, 5.497, 4.898, 4.965, 5.33, 4.675, 3.484, 3.293, 3.308, 3.353, 3.023, 2.379, 1.915, 1.254, 0.844, 0.0, 0.968, 1.196, 1.431, 1.74, 1.969, 1.575, 1.566, 2.338, 3.368, 4.041, 3.83, 3.627, 3.06, 2.889, 2.774, 2.577, 3.18, 2.968, 4.91, 8.043, 8.811, 8.306, 8.614, 8.673, 8.465, 8.653, 8.032, 7.797, 7.599, 7.354, 7.144, 7.61, 7.654, 7.128, 6.752, 6.777, 6.937, 7.427, 7.499, 7.421, 7.53, 7.688, 7.696, 7.128, 7.454, 7.358, 6.881, 6.628, 6.207, 6.303, 7.691, 8.33, 7.779, 7.464, 5.668, 4.903, 4.772, 4.361], [7.407, 7.483, 6.581, 5.399, 4.192, 3.189, 3.53, 4.096, 4.459, 3.661, 2.838, 3.582, 4.754, 5.005, 4.458, 4.343, 4.691, 4.104, 2.785, 2.596, 2.692, 2.718, 2.406, 2.12, 2.018, 1.791, 1.474, 0.968, 0.0, 0.754, 1.248, 1.921, 2.166, 1.552, 1.236, 1.859, 2.849, 3.603, 3.436, 3.071, 2.553, 2.171, 2.194, 1.87, 2.405, 2.377, 4.366, 7.609, 8.41, 7.803, 8.062, 8.107, 7.873, 7.997, 7.39, 7.113, 6.931, 6.692, 6.411, 6.91, 6.97, 6.352, 6.025, 5.917, 6.093, 6.585, 6.655, 6.565, 6.803, 6.936, 6.918, 6.332, 6.657, 6.51, 6.062, 5.768, 5.358, 5.453, 6.842, 7.534, 6.986, 6.691, 4.897, 4.123, 3.972, 3.698], [7.464, 7.54, 6.656, 5.507, 4.327, 3.346, 3.761, 4.183, 4.469, 3.759, 3.068, 3.83, 4.985, 5.297, 4.752, 4.617, 4.924, 4.35, 2.968, 2.808, 2.889, 2.949, 2.687, 2.182, 1.898, 1.761, 1.511, 1.196, 0.754, 0.0, 1.164, 1.903, 2.132, 1.624, 1.499, 2.227, 3.243, 4.044, 3.814, 3.394, 2.783, 2.461, 2.574, 2.035, 2.5, 2.588, 4.508, 7.789, 8.57, 7.962, 8.192, 8.141, 7.9, 8.052, 7.341, 7.08, 6.917, 6.685, 6.4, 6.956, 7.0, 6.423, 6.099, 6.032, 6.151, 6.636, 6.709, 6.655, 6.836, 7.002, 6.951, 6.343, 6.658, 6.563, 6.076, 5.833, 5.476, 5.62, 6.976, 7.536, 7.024, 6.719, 4.916, 4.293, 4.183, 3.968], [8.117, 8.191, 7.275, 6.032, 4.605, 3.713, 4.117, 4.666, 5.092, 4.237, 2.937, 3.288, 4.377, 4.515, 3.948, 4.103, 4.442, 3.739, 2.684, 2.666, 2.735, 2.738, 2.484, 1.541, 1.371, 1.409, 1.397, 1.431, 1.248, 1.164, 0.0, 1.053, 1.274, 1.011, 1.225, 2.242, 3.351, 4.387, 4.215, 3.946, 3.148, 2.736, 2.402, 2.194, 2.843, 2.739, 5.285, 8.601, 9.434, 8.796, 9.005, 8.996, 8.794, 8.933, 8.122, 7.773, 7.542, 7.295, 7.001, 7.513, 7.55, 6.956, 6.574, 6.168, 6.277, 6.844, 6.881, 6.977, 7.327, 7.421, 7.339, 6.662, 6.925, 6.764, 6.265, 5.951, 5.493, 5.562, 7.02, 7.867, 7.346, 7.093, 5.256, 4.186, 4.016, 3.626], [8.977, 9.053, 8.137, 6.895, 5.348, 4.499, 4.947, 5.459, 5.895, 5.02, 3.677, 3.515, 4.473, 4.577, 4.024, 4.377, 4.679, 4.004, 3.202, 3.2, 3.25, 3.263, 3.005, 1.722, 0.998, 1.122, 1.477, 1.74, 1.921, 1.903, 1.053, 0.0, 0.626, 0.951, 1.528, 2.705, 4.117, 5.178, 5.048, 4.752, 3.928, 3.42, 2.924, 2.859, 3.66, 3.428, 6.119, 9.439, 10.246, 9.612, 9.828, 9.815, 9.605, 9.744, 8.878, 8.557, 8.315, 8.011, 7.74, 8.263, 8.339, 7.794, 7.297, 6.831, 6.927, 7.49, 7.61, 7.762, 8.142, 8.201, 8.002, 7.313, 7.497, 7.382, 6.869, 6.526, 6.039, 6.14, 7.582, 8.482, 7.993, 7.743, 5.885, 4.602, 4.562, 3.959], [9.264, 9.34, 8.424, 7.182, 5.622, 4.769, 5.198, 5.71, 6.152, 5.288, 3.932, 3.454, 4.265, 4.432, 3.85, 4.319, 4.595, 3.969, 3.258, 3.469, 3.464, 3.527, 3.265, 2.019, 1.077, 1.347, 1.714, 1.969, 2.166, 2.132, 1.274, 0.626, 0.0, 0.945, 1.715, 2.902, 4.376, 5.454, 5.33, 5.015, 4.185, 3.65, 2.932, 3.043, 3.881, 3.62, 6.401, 9.72, 10.502, 9.893, 10.109, 10.079, 9.865, 10.004, 9.147, 8.827, 8.585, 8.278, 8.01, 8.545, 8.613, 8.078, 7.582, 7.064, 7.1, 7.689, 7.895, 8.051, 8.431, 8.487, 8.238, 7.55, 7.69, 7.554, 7.045, 6.719, 6.213, 6.321, 7.767, 8.655, 8.188, 7.94, 6.089, 4.737, 4.688, 4.126], [8.517, 8.593, 7.679, 6.435, 4.954, 4.098, 4.509, 5.134, 5.494, 4.742, 3.275, 3.216, 4.222, 4.369, 3.808, 4.042, 4.358, 3.767, 3.064, 3.027, 2.982, 2.916, 2.687, 1.77, 1.088, 1.349, 1.511, 1.575, 1.552, 1.624, 1.011, 0.951, 0.945, 0.0, 1.124, 2.121, 3.58, 4.648, 4.524, 4.251, 3.468, 2.982, 2.196, 2.352, 3.269, 2.934, 5.594, 8.911, 9.732, 9.099, 9.324, 9.329, 9.148, 9.307, 8.581, 8.273, 8.057, 7.825, 7.536, 8.048, 8.069, 7.415, 7.115, 6.753, 6.861, 7.432, 7.465, 7.522, 7.863, 7.999, 7.921, 7.246, 7.491, 7.339, 6.832, 6.515, 6.009, 6.092, 7.562, 8.442, 7.929, 7.678, 5.832, 4.499, 4.475, 3.919], [7.722, 7.805, 6.883, 5.669, 4.313, 3.343, 3.652, 4.337, 4.656, 3.858, 2.583, 2.844, 3.878, 4.048, 3.566, 3.768, 4.085, 3.377, 2.688, 2.423, 2.34, 2.319, 2.047, 1.576, 1.556, 1.586, 1.712, 1.566, 1.236, 1.499, 1.225, 1.528, 1.715, 1.124, 0.0, 1.439, 2.793, 3.803, 3.657, 3.359, 2.567, 2.167, 1.821, 1.748, 2.522, 2.147, 4.744, 8.054, 8.858, 8.23, 8.454, 8.464, 8.259, 8.421, 7.654, 7.379, 7.18, 6.934, 6.716, 7.183, 7.217, 6.685, 6.301, 6.086, 6.242, 6.773, 6.849, 6.806, 7.025, 7.243, 7.208, 6.576, 6.897, 6.727, 6.25, 5.943, 5.432, 5.496, 6.972, 7.8, 7.271, 6.978, 5.187, 3.921, 3.914, 3.341], [6.668, 6.72, 5.807, 4.558, 3.273, 2.358, 2.733, 3.41, 3.678, 2.952, 1.575, 1.918, 3.071, 3.408, 2.883, 2.768, 3.041, 2.528, 2.021, 1.727, 1.584, 1.48, 1.378, 1.663, 2.801, 2.806, 2.721, 2.338, 1.859, 2.227, 2.242, 2.705, 2.902, 2.121, 1.439, 0.0, 1.741, 2.619, 2.486, 2.249, 1.535, 1.191, 1.187, 1.204, 1.761, 1.468, 3.624, 6.837, 7.697, 7.078, 7.331, 7.394, 7.164, 7.323, 6.715, 6.458, 6.277, 6.017, 5.791, 6.28, 6.311, 5.701, 5.377, 5.045, 5.211, 5.745, 5.79, 5.813, 6.091, 6.255, 6.202, 5.551, 5.838, 5.671, 5.186, 4.879, 4.369, 4.468, 5.913, 6.775, 6.246, 5.97, 4.165, 2.968, 2.913, 2.465], [5.231, 5.267, 4.353, 3.232, 2.156, 1.558, 1.604, 1.981, 2.339, 2.117, 1.472, 1.926, 2.997, 3.883, 3.59, 2.696, 2.983, 2.821, 2.394, 1.97, 1.578, 1.549, 1.554, 2.738, 4.207, 4.026, 3.817, 3.368, 2.849, 3.243, 3.351, 4.117, 4.376, 3.58, 2.793, 1.741, 0.0, 1.259, 1.396, 1.229, 1.289, 1.35, 2.056, 1.961, 1.579, 1.652, 2.466, 5.366, 6.25, 5.621, 5.899, 5.952, 5.728, 5.842, 5.233, 4.94, 4.766, 4.526, 4.273, 4.754, 4.794, 4.194, 3.852, 3.659, 3.799, 4.314, 4.406, 4.357, 4.606, 4.734, 4.725, 4.101, 4.412, 4.251, 3.79, 3.515, 3.047, 3.171, 4.527, 5.297, 4.762, 4.514, 3.169, 2.643, 2.65, 2.59], [4.297, 4.403, 3.471, 2.376, 1.665, 1.503, 1.343, 1.385, 1.686, 1.889, 1.998, 2.679, 3.374, 4.567, 4.454, 3.367, 3.632, 3.727, 3.179, 2.792, 2.385, 2.371, 2.343, 3.806, 5.282, 4.904, 4.525, 4.041, 3.603, 4.044, 4.387, 5.178, 5.454, 4.648, 3.803, 2.619, 1.259, 0.0, 0.729, 1.053, 1.632, 2.013, 2.927, 2.677, 2.267, 2.46, 2.484, 4.303, 5.178, 4.612, 4.914, 4.984, 4.825, 5.043, 4.4, 4.194, 3.992, 3.74, 3.602, 3.986, 4.051, 3.492, 3.114, 2.982, 3.129, 3.698, 3.857, 3.779, 3.932, 4.129, 4.211, 3.504, 3.765, 3.588, 3.19, 2.938, 2.376, 2.431, 3.82, 4.598, 4.055, 3.904, 2.888, 2.536, 2.609, 2.575], [4.288, 4.379, 3.5, 2.407, 1.812, 1.546, 1.353, 1.599, 1.817, 1.87, 2.072, 2.558, 3.228, 4.453, 4.318, 3.317, 3.584, 3.666, 3.173, 2.817, 2.42, 2.382, 2.322, 3.706, 5.159, 4.743, 4.265, 3.83, 3.436, 3.814, 4.215, 5.048, 5.33, 4.524, 3.657, 2.486, 1.396, 0.729, 0.0, 0.824, 1.447, 1.991, 2.807, 2.642, 2.232, 2.441, 2.519, 4.433, 5.274, 4.649, 4.923, 5.014, 4.825, 5.034, 4.377, 4.171, 3.995, 3.767, 3.674, 4.034, 4.092, 3.528, 3.181, 3.217, 3.275, 3.828, 3.978, 3.923, 4.032, 4.144, 4.221, 3.618, 3.903, 3.757, 3.372, 3.151, 2.631, 2.653, 4.005, 4.643, 4.087, 3.903, 2.747, 2.587, 2.612, 2.544], [4.523, 4.685, 3.825, 2.681, 1.675, 1.191, 0.993, 1.572, 1.93, 1.572, 1.675, 2.278, 3.11, 4.269, 4.095, 3.113, 3.363, 3.423, 2.865, 2.413, 2.075, 2.116, 2.072, 3.464, 4.851, 4.427, 3.995, 3.627, 3.071, 3.394, 3.946, 4.752, 5.015, 4.251, 3.359, 2.249, 1.229, 1.053, 0.824, 0.0, 1.045, 1.583, 2.504, 2.233, 1.73, 2.027, 2.394, 4.796, 5.51, 4.913, 5.175, 5.206, 5.03, 5.189, 4.561, 4.334, 4.179, 3.984, 3.895, 4.214, 4.288, 3.786, 3.426, 3.51, 3.571, 4.157, 4.311, 4.203, 4.335, 4.466, 4.579, 3.977, 4.257, 4.049, 3.677, 3.447, 2.88, 2.945, 4.24, 4.954, 4.378, 4.116, 2.645, 2.363, 2.347, 2.392], [5.339, 5.443, 4.531, 3.374, 2.183, 1.229, 1.358, 2.076, 2.38, 1.642, 1.151, 1.913, 2.914, 3.72, 3.465, 2.703, 3.057, 2.74, 2.227, 1.773, 1.572, 1.58, 1.563, 2.656, 4.036, 3.657, 3.519, 3.06, 2.553, 2.783, 3.148, 3.928, 4.185, 3.468, 2.567, 1.535, 1.289, 1.632, 1.447, 1.045, 0.0, 0.963, 1.864, 1.485, 1.355, 1.335, 2.992, 5.642, 6.414, 5.806, 6.03, 5.997, 5.738, 5.919, 5.21, 4.999, 4.845, 4.636, 4.472, 4.936, 4.971, 4.412, 4.066, 4.003, 4.122, 4.703, 4.841, 4.744, 4.937, 5.084, 5.168, 4.529, 4.809, 4.592, 4.215, 3.987, 3.386, 3.427, 4.812, 5.575, 5.027, 4.758, 3.011, 2.213, 2.148, 2.101], [5.891, 5.967, 5.05, 3.808, 2.407, 1.442, 1.903, 2.348, 2.683, 1.965, 1.056, 1.754, 2.853, 3.287, 2.937, 2.498, 2.876, 2.663, 1.975, 1.616, 1.499, 1.482, 1.445, 2.25, 3.583, 3.492, 3.377, 2.889, 2.171, 2.461, 2.736, 3.42, 3.65, 2.982, 2.167, 1.191, 1.35, 2.013, 1.991, 1.583, 0.963, 0.0, 1.222, 1.064, 1.37, 1.326, 3.149, 6.126, 6.906, 6.309, 6.561, 6.54, 6.292, 6.399, 5.739, 5.447, 5.254, 5.039, 4.77, 5.295, 5.351, 4.815, 4.417, 4.143, 4.314, 4.839, 4.915, 4.902, 5.18, 5.335, 5.302, 4.646, 4.951, 4.8, 4.312, 4.034, 3.485, 3.577, 5.025, 5.869, 5.34, 5.049, 3.257, 2.1, 2.073, 1.938], [6.928, 7.004, 6.088, 4.845, 3.311, 2.38, 2.873, 3.398, 3.686, 3.012, 1.733, 1.786, 2.64, 2.957, 2.448, 2.405, 2.665, 2.438, 2.125, 2.027, 1.837, 1.757, 1.78, 2.311, 3.072, 3.261, 3.185, 2.774, 2.194, 2.574, 2.402, 2.924, 2.932, 2.196, 1.821, 1.187, 2.056, 2.927, 2.807, 2.504, 1.864, 1.222, 0.0, 1.235, 2.17, 1.964, 3.967, 7.116, 7.887, 7.313, 7.587, 7.595, 7.356, 7.452, 6.819, 6.532, 6.345, 6.102, 5.817, 6.351, 6.4, 5.785, 5.472, 5.104, 5.208, 5.778, 5.819, 5.882, 6.221, 6.361, 6.275, 5.592, 5.794, 5.68, 5.167, 4.809, 4.333, 4.418, 5.874, 6.781, 6.273, 6.024, 4.173, 2.822, 2.813, 2.399], [6.404, 6.48, 5.564, 4.322, 2.788, 1.898, 2.504, 2.909, 3.167, 2.491, 1.428, 1.932, 3.03, 3.437, 3.123, 2.715, 3.047, 2.647, 1.806, 1.557, 1.569, 1.476, 1.663, 2.164, 3.133, 3.102, 3.014, 2.577, 1.87, 2.035, 2.194, 2.859, 3.043, 2.352, 1.748, 1.204, 1.961, 2.677, 2.642, 2.233, 1.485, 1.064, 1.235, 0.0, 1.462, 1.458, 3.646, 6.709, 7.489, 6.883, 7.107, 7.072, 6.858, 7.004, 6.298, 6.011, 5.823, 5.588, 5.284, 5.835, 5.89, 5.261, 4.957, 4.591, 4.702, 5.271, 5.317, 5.366, 5.712, 5.839, 5.754, 5.084, 5.335, 5.179, 4.683, 4.37, 3.865, 3.923, 5.409, 6.277, 5.766, 5.516, 3.668, 2.453, 2.375, 2.21], [5.412, 5.488, 4.577, 3.384, 2.115, 1.426, 1.625, 2.065, 2.413, 1.596, 1.198, 2.013, 3.234, 4.006, 3.718, 2.705, 2.79, 2.456, 1.618, 1.154, 1.213, 1.254, 1.381, 2.364, 3.81, 3.693, 3.694, 3.18, 2.405, 2.5, 2.843, 3.66, 3.881, 3.269, 2.522, 1.761, 1.579, 2.267, 2.232, 1.73, 1.355, 1.37, 2.17, 1.462, 0.0, 1.033, 2.803, 5.874, 6.655, 6.047, 6.263, 6.212, 6.004, 6.169, 5.34, 5.027, 4.808, 4.565, 4.326, 4.877, 4.854, 4.325, 3.946, 3.795, 3.904, 4.412, 4.495, 4.434, 4.665, 4.856, 4.824, 4.212, 4.534, 4.37, 3.894, 3.587, 3.142, 3.269, 4.674, 5.462, 4.889, 4.596, 2.853, 2.462, 2.414, 2.778], [5.736, 5.836, 4.941, 3.739, 2.38, 1.765, 2.049, 2.599, 2.859, 1.86, 1.163, 1.854, 3.117, 3.882, 3.591, 2.689, 2.794, 2.253, 1.496, 1.037, 1.25, 1.275, 1.352, 2.089, 3.484, 3.357, 3.357, 2.968, 2.377, 2.588, 2.739, 3.428, 3.62, 2.934, 2.147, 1.468, 1.652, 2.46, 2.441, 2.027, 1.335, 1.326, 1.964, 1.458, 1.033, 0.0, 3.105, 6.164, 6.945, 6.34, 6.57, 6.492, 6.303, 6.456, 5.695, 5.37, 5.148, 4.955, 4.683, 5.197, 5.238, 4.711, 4.33, 4.192, 4.365, 4.874, 4.97, 4.867, 5.089, 5.271, 5.293, 4.663, 4.979, 4.817, 4.35, 4.059, 3.533, 3.631, 5.063, 5.866, 5.333, 5.039, 3.281, 2.546, 2.712, 2.688], [3.19, 3.273, 2.646, 2.077, 2.318, 2.611, 2.368, 2.21, 2.08, 2.225, 3.008, 3.485, 4.647, 5.746, 5.464, 4.438, 4.359, 4.257, 3.729, 3.121, 3.023, 2.927, 3.225, 4.783, 6.229, 5.819, 5.397, 4.91, 4.366, 4.508, 5.285, 6.119, 6.401, 5.594, 4.744, 3.624, 2.466, 2.484, 2.519, 2.394, 2.992, 3.149, 3.967, 3.646, 2.803, 3.105, 0.0, 3.338, 4.193, 3.59, 3.875, 3.934, 3.861, 4.042, 3.527, 3.238, 2.995, 2.86, 2.72, 2.856, 3.044, 2.534, 2.426, 3.11, 3.27, 3.063, 3.108, 2.982, 3.007, 2.994, 2.929, 2.677, 3.079, 2.907, 2.882, 2.851, 2.965, 2.924, 3.534, 3.957, 3.327, 2.774, 2.698, 3.613, 3.917, 4.205], [1.365, 1.357, 2.102, 2.999, 4.283, 5.025, 4.641, 4.075, 3.695, 4.571, 5.959, 6.569, 7.325, 8.702, 8.598, 7.425, 7.442, 7.464, 7.006, 6.394, 6.33, 6.212, 6.497, 8.057, 9.547, 9.126, 8.455, 8.043, 7.609, 7.789, 8.601, 9.439, 9.72, 8.911, 8.054, 6.837, 5.366, 4.303, 4.433, 4.796, 5.642, 6.126, 7.116, 6.709, 5.874, 6.164, 3.338, 0.0, 1.054, 0.782, 1.021, 1.082, 1.591, 1.696, 2.068, 1.984, 1.695, 1.785, 1.888, 1.661, 1.749, 1.823, 2.485, 3.487, 3.784, 2.998, 2.621, 2.141, 1.889, 1.865, 2.148, 2.947, 3.493, 3.262, 3.845, 4.304, 4.527, 3.947, 3.384, 2.929, 3.003, 3.242, 4.449, 5.769, 6.083, 6.357], [1.858, 1.938, 2.799, 3.688, 5.052, 5.807, 5.381, 4.85, 4.465, 5.341, 6.805, 7.383, 8.119, 9.53, 9.444, 8.292, 8.296, 8.345, 7.87, 7.185, 7.109, 7.05, 7.363, 8.933, 10.341, 9.906, 9.202, 8.811, 8.41, 8.57, 9.434, 10.246, 10.502, 9.732, 8.858, 7.697, 6.25, 5.178, 5.274, 5.51, 6.414, 6.906, 7.887, 7.489, 6.655, 6.945, 4.193, 1.054, 0.0, 0.859, 0.826, 0.964, 1.584, 1.604, 2.105, 2.095, 2.096, 2.339, 2.618, 2.135, 2.199, 2.613, 3.274, 4.368, 4.651, 3.835, 3.383, 2.857, 2.482, 2.632, 2.986, 3.826, 4.355, 4.14, 4.73, 5.188, 5.404, 4.812, 4.083, 3.553, 3.722, 3.968, 5.282, 6.505, 6.878, 7.099], [1.42, 1.543, 2.285, 3.171, 4.478, 5.211, 4.822, 4.261, 3.881, 4.728, 6.161, 6.739, 7.493, 8.893, 8.805, 7.647, 7.67, 7.72, 7.26, 6.559, 6.495, 6.406, 6.733, 8.295, 9.72, 9.298, 8.615, 8.306, 7.803, 7.962, 8.796, 9.612, 9.893, 9.099, 8.23, 7.078, 5.621, 4.612, 4.649, 4.913, 5.806, 6.309, 7.313, 6.883, 6.047, 6.34, 3.59, 0.782, 0.859, 0.0, 0.679, 1.02, 1.659, 1.758, 1.991, 1.85, 1.675, 1.825, 2.044, 1.602, 1.753, 1.976, 2.811, 3.77, 4.071, 3.447, 3.087, 2.488, 2.104, 2.228, 2.423, 3.212, 3.718, 3.496, 4.085, 4.544, 4.777, 4.167, 3.577, 3.206, 3.234, 3.393, 4.703, 5.936, 6.298, 6.523], [1.529, 1.634, 2.428, 3.319, 4.656, 5.418, 5.021, 4.469, 4.087, 4.951, 6.378, 6.959, 7.715, 9.101, 9.017, 7.865, 7.881, 7.931, 7.465, 6.784, 6.72, 6.623, 6.949, 8.504, 9.936, 9.515, 8.899, 8.614, 8.062, 8.192, 9.005, 9.828, 10.109, 9.324, 8.454, 7.331, 5.899, 4.914, 4.923, 5.175, 6.03, 6.561, 7.587, 7.107, 6.263, 6.57, 3.875, 1.021, 0.826, 0.679, 0.0, 0.944, 1.592, 1.612, 1.851, 1.808, 1.774, 1.978, 2.267, 1.78, 1.799, 2.199, 2.981, 3.991, 4.294, 3.65, 3.276, 2.703, 2.362, 2.411, 2.661, 3.443, 3.927, 3.716, 4.303, 4.762, 4.986, 4.385, 3.729, 3.277, 3.419, 3.587, 4.886, 6.117, 6.47, 6.711], [1.385, 1.456, 2.269, 3.204, 4.616, 5.411, 4.988, 4.427, 4.036, 4.881, 6.384, 6.962, 7.698, 9.097, 9.023, 7.87, 7.882, 7.915, 7.445, 6.762, 6.674, 6.63, 6.964, 8.516, 9.926, 9.503, 8.956, 8.673, 8.107, 8.141, 8.996, 9.815, 10.079, 9.329, 8.464, 7.394, 5.952, 4.984, 5.014, 5.206, 5.997, 6.54, 7.595, 7.072, 6.212, 6.492, 3.934, 1.082, 0.964, 1.02, 0.944, 0.0, 1.053, 1.158, 1.497, 1.627, 1.682, 1.882, 2.212, 1.999, 2.064, 2.193, 2.874, 3.949, 4.23, 3.498, 3.172, 2.583, 2.214, 2.341, 2.616, 3.396, 3.939, 3.727, 4.306, 4.763, 4.979, 4.391, 3.6, 3.006, 3.276, 3.576, 4.874, 6.064, 6.439, 6.668], [1.611, 1.499, 2.061, 2.972, 4.43, 5.199, 4.772, 4.216, 3.767, 4.684, 6.193, 6.774, 7.51, 8.899, 8.835, 7.683, 7.692, 7.718, 7.247, 6.563, 6.475, 6.443, 6.733, 8.305, 9.724, 9.322, 8.863, 8.465, 7.873, 7.9, 8.794, 9.605, 9.865, 9.148, 8.259, 7.164, 5.728, 4.825, 4.825, 5.03, 5.738, 6.292, 7.356, 6.858, 6.004, 6.303, 3.861, 1.591, 1.584, 1.659, 1.592, 1.053, 0.0, 0.93, 1.295, 1.695, 1.78, 1.893, 2.154, 2.406, 2.318, 2.286, 2.695, 3.761, 4.07, 3.33, 2.873, 2.259, 2.015, 2.37, 2.777, 3.392, 3.993, 3.776, 4.261, 4.684, 4.785, 4.203, 3.346, 2.819, 3.142, 4.003, 4.948, 5.894, 6.269, 6.487], [1.802, 1.662, 2.34, 3.19, 4.569, 5.335, 4.922, 4.345, 3.909, 4.839, 6.342, 6.916, 7.652, 9.039, 8.977, 7.825, 7.833, 7.852, 7.385, 6.702, 6.613, 6.579, 6.868, 8.444, 9.886, 9.514, 9.057, 8.653, 7.997, 8.052, 8.933, 9.744, 10.004, 9.307, 8.421, 7.323, 5.842, 5.043, 5.034, 5.189, 5.919, 6.399, 7.452, 7.004, 6.169, 6.456, 4.042, 1.696, 1.604, 1.758, 1.612, 1.158, 0.93, 0.0, 1.075, 1.449, 1.714, 1.89, 2.182, 2.15, 2.092, 2.231, 2.82, 3.894, 4.159, 3.325, 3.013, 2.703, 2.543, 2.448, 2.876, 3.434, 3.958, 3.753, 4.268, 4.703, 4.919, 4.339, 3.485, 2.869, 3.182, 3.791, 4.787, 6.002, 6.378, 6.606], [1.647, 1.437, 1.792, 2.575, 3.789, 4.554, 4.142, 3.554, 3.149, 3.965, 5.504, 6.043, 6.779, 8.172, 8.104, 6.951, 6.956, 6.974, 6.516, 5.832, 5.778, 5.798, 6.109, 7.641, 9.104, 8.702, 8.424, 8.032, 7.39, 7.341, 8.122, 8.878, 9.147, 8.581, 7.654, 6.715, 5.233, 4.4, 4.377, 4.561, 5.21, 5.739, 6.819, 6.298, 5.34, 5.695, 3.527, 2.068, 2.105, 1.991, 1.851, 1.497, 1.295, 1.075, 0.0, 0.756, 1.149, 1.288, 1.587, 1.823, 1.609, 1.665, 2.267, 3.252, 3.516, 3.069, 3.002, 2.732, 2.434, 2.377, 2.686, 2.711, 3.255, 2.996, 3.442, 3.848, 4.065, 3.471, 2.811, 2.501, 2.61, 3.385, 3.97, 5.147, 5.522, 5.75], [1.508, 1.441, 1.737, 2.297, 3.473, 4.277, 3.932, 3.264, 2.913, 3.579, 5.132, 5.64, 6.345, 7.761, 7.673, 6.516, 6.543, 6.594, 6.155, 5.461, 5.462, 5.484, 5.805, 7.31, 8.795, 8.476, 8.204, 7.797, 7.113, 7.08, 7.773, 8.557, 8.827, 8.273, 7.379, 6.458, 4.94, 4.194, 4.171, 4.334, 4.999, 5.447, 6.532, 6.011, 5.027, 5.37, 3.238, 1.984, 2.095, 1.85, 1.808, 1.627, 1.695, 1.449, 0.756, 0.0, 0.767, 1.103, 1.411, 1.44, 1.273, 1.389, 2.073, 3.079, 3.313, 2.907, 2.827, 2.526, 2.297, 2.143, 2.409, 2.391, 2.791, 2.553, 3.028, 3.415, 3.646, 3.039, 2.575, 2.417, 2.448, 2.862, 3.598, 4.769, 5.143, 5.358], [1.355, 1.317, 1.59, 2.255, 3.339, 4.11, 3.729, 3.047, 2.767, 3.387, 4.913, 5.395, 6.118, 7.535, 7.447, 6.277, 6.298, 6.348, 5.911, 5.216, 5.232, 5.253, 5.574, 7.07, 8.582, 8.263, 8.006, 7.599, 6.931, 6.917, 7.542, 8.315, 8.585, 8.057, 7.18, 6.277, 4.766, 3.992, 3.995, 4.179, 4.845, 5.254, 6.345, 5.823, 4.808, 5.148, 2.995, 1.695, 2.096, 1.675, 1.774, 1.682, 1.78, 1.714, 1.149, 0.767, 0.0, 0.582, 1.011, 1.19, 1.161, 1.097, 1.595, 2.603, 2.858, 2.422, 2.297, 2.002, 1.757, 1.646, 1.83, 1.934, 2.478, 2.244, 2.715, 3.169, 3.401, 2.815, 2.364, 2.171, 2.12, 2.757, 3.484, 4.622, 4.994, 5.2], [1.424, 1.412, 1.526, 2.089, 3.179, 3.913, 3.567, 2.876, 2.588, 3.227, 4.695, 5.101, 5.845, 7.262, 7.174, 6.004, 6.039, 6.089, 5.614, 4.913, 5.009, 5.028, 5.337, 6.82, 8.35, 8.02, 7.816, 7.354, 6.692, 6.685, 7.295, 8.011, 8.278, 7.825, 6.934, 6.017, 4.526, 3.74, 3.767, 3.984, 4.636, 5.039, 6.102, 5.588, 4.565, 4.955, 2.86, 1.785, 2.339, 1.825, 1.978, 1.882, 1.893, 1.89, 1.288, 1.103, 0.582, 0.0, 0.801, 1.293, 1.245, 1.04, 1.333, 2.291, 2.531, 2.097, 2.028, 1.874, 1.626, 1.659, 1.702, 1.674, 2.281, 2.019, 2.464, 2.889, 3.124, 2.584, 2.16, 2.046, 1.858, 2.7, 3.326, 4.388, 4.76, 4.966], [1.706, 1.565, 1.511, 2.064, 3.045, 3.704, 3.501, 2.726, 2.445, 3.037, 4.443, 4.821, 5.591, 6.997, 6.909, 5.739, 5.785, 5.836, 5.351, 4.635, 4.691, 4.722, 5.018, 6.533, 8.082, 7.808, 7.583, 7.144, 6.411, 6.4, 7.001, 7.74, 8.01, 7.536, 6.716, 5.791, 4.273, 3.602, 3.674, 3.895, 4.472, 4.77, 5.817, 5.284, 4.326, 4.683, 2.72, 1.888, 2.618, 2.044, 2.267, 2.212, 2.154, 2.182, 1.587, 1.411, 1.011, 0.801, 0.0, 1.271, 1.159, 1.015, 1.211, 2.049, 2.364, 1.875, 1.837, 1.522, 1.409, 1.222, 1.685, 1.638, 2.11, 2.159, 2.389, 2.75, 2.931, 2.446, 2.184, 2.029, 1.796, 2.83, 3.245, 4.266, 4.637, 4.86], [1.597, 1.648, 1.85, 2.437, 3.463, 4.106, 3.897, 3.126, 2.894, 3.461, 4.892, 5.34, 6.054, 7.47, 7.382, 6.212, 6.236, 6.286, 5.823, 5.204, 5.247, 5.203, 5.491, 7.014, 8.576, 8.279, 7.997, 7.61, 6.91, 6.956, 7.513, 8.263, 8.545, 8.048, 7.183, 6.28, 4.754, 3.986, 4.034, 4.214, 4.936, 5.295, 6.351, 5.835, 4.877, 5.197, 2.856, 1.661, 2.135, 1.602, 1.78, 1.999, 2.406, 2.15, 1.823, 1.44, 1.19, 1.293, 1.271, 0.0, 0.843, 1.202, 1.988, 2.837, 3.075, 2.588, 2.434, 2.145, 1.913, 1.581, 1.649, 2.032, 2.313, 2.168, 2.681, 3.116, 3.348, 2.851, 2.759, 2.774, 2.429, 2.201, 3.33, 4.615, 5.021, 5.234], [1.624, 1.611, 1.866, 2.536, 3.556, 4.205, 3.92, 3.232, 2.974, 3.535, 4.856, 5.338, 6.071, 7.466, 7.378, 6.208, 6.252, 6.302, 5.837, 5.164, 5.269, 5.3, 5.572, 7.068, 8.594, 8.322, 8.058, 7.654, 6.97, 7.0, 7.55, 8.339, 8.613, 8.069, 7.217, 6.311, 4.794, 4.051, 4.092, 4.288, 4.971, 5.351, 6.4, 5.89, 4.854, 5.238, 3.044, 1.749, 2.199, 1.753, 1.799, 2.064, 2.318, 2.092, 1.609, 1.273, 1.161, 1.245, 1.159, 0.843, 0.0, 0.999, 1.831, 2.69, 2.95, 2.46, 2.321, 1.946, 1.647, 1.559, 1.839, 1.957, 2.551, 2.208, 2.663, 3.1, 3.335, 2.857, 2.785, 2.666, 2.359, 2.575, 3.408, 4.67, 5.062, 5.272], [1.405, 1.395, 1.236, 1.805, 2.804, 3.621, 3.353, 2.641, 2.325, 3.061, 4.31, 4.799, 5.609, 6.951, 6.862, 5.698, 5.72, 5.769, 5.292, 4.651, 4.675, 4.651, 4.919, 6.461, 8.009, 7.816, 7.616, 7.128, 6.352, 6.423, 6.956, 7.794, 8.078, 7.415, 6.685, 5.701, 4.194, 3.492, 3.528, 3.786, 4.412, 4.815, 5.785, 5.261, 4.325, 4.711, 2.534, 1.823, 2.613, 1.976, 2.199, 2.193, 2.286, 2.231, 1.665, 1.389, 1.097, 1.04, 1.015, 1.202, 0.999, 0.0, 1.353, 2.114, 2.388, 1.973, 1.885, 1.605, 1.474, 1.391, 1.503, 1.433, 2.036, 1.774, 2.205, 2.619, 2.816, 2.305, 2.157, 2.13, 1.788, 2.266, 3.056, 4.131, 4.497, 4.729], [2.115, 2.061, 1.585, 1.63, 2.445, 3.208, 2.937, 2.294, 2.079, 2.568, 3.935, 4.313, 4.971, 6.325, 6.238, 5.088, 5.053, 5.088, 4.755, 4.166, 4.323, 4.292, 4.59, 6.093, 7.669, 7.426, 7.222, 6.752, 6.025, 6.099, 6.574, 7.297, 7.582, 7.115, 6.301, 5.377, 3.852, 3.114, 3.181, 3.426, 4.066, 4.417, 5.472, 4.957, 3.946, 4.33, 2.426, 2.485, 3.274, 2.811, 2.981, 2.874, 2.695, 2.82, 2.267, 2.073, 1.595, 1.333, 1.211, 1.988, 1.831, 1.353, 0.0, 1.286, 1.646, 1.4, 1.466, 1.538, 1.544, 1.695, 1.861, 1.477, 2.106, 1.989, 2.083, 2.291, 2.252, 1.908, 1.879, 1.843, 1.502, 2.374, 2.797, 3.439, 3.784, 4.03], [3.025, 2.893, 2.241, 2.041, 2.269, 2.973, 2.997, 2.287, 2.131, 2.647, 3.587, 3.753, 4.385, 5.486, 5.439, 4.394, 4.323, 4.168, 4.013, 3.808, 3.947, 3.906, 4.158, 5.57, 7.418, 7.358, 7.311, 6.777, 5.917, 6.032, 6.168, 6.831, 7.064, 6.753, 6.086, 5.045, 3.659, 2.982, 3.217, 3.51, 4.003, 4.143, 5.104, 4.591, 3.795, 4.192, 3.11, 3.487, 4.368, 3.77, 3.991, 3.949, 3.761, 3.894, 3.252, 3.079, 2.603, 2.291, 2.049, 2.837, 2.69, 2.114, 1.286, 0.0, 0.864, 1.183, 1.583, 1.91, 2.15, 2.148, 1.93, 1.331, 1.793, 1.856, 1.707, 1.835, 1.548, 1.336, 1.61, 2.016, 1.613, 2.335, 2.709, 2.776, 2.988, 3.46], [3.299, 3.184, 2.547, 2.301, 2.349, 3.065, 3.099, 2.416, 2.232, 2.801, 3.724, 3.87, 4.331, 5.413, 5.388, 4.328, 4.257, 4.091, 4.034, 3.954, 4.048, 4.044, 4.329, 5.721, 7.572, 7.541, 7.481, 6.937, 6.093, 6.151, 6.277, 6.927, 7.1, 6.861, 6.242, 5.211, 3.799, 3.129, 3.275, 3.571, 4.122, 4.314, 5.208, 4.702, 3.904, 4.365, 3.27, 3.784, 4.651, 4.071, 4.294, 4.23, 4.07, 4.159, 3.516, 3.313, 2.858, 2.531, 2.364, 3.075, 2.95, 2.388, 1.646, 0.864, 0.0, 1.163, 1.878, 2.3, 2.483, 2.379, 2.076, 1.4, 1.755, 1.658, 1.462, 1.572, 1.334, 1.408, 1.635, 1.965, 1.498, 2.182, 2.503, 2.791, 2.936, 3.422], [2.767, 2.596, 2.165, 2.332, 2.936, 3.651, 3.702, 2.867, 2.56, 3.229, 4.29, 4.437, 5.001, 6.175, 6.123, 5.039, 4.973, 4.84, 4.627, 4.49, 4.581, 4.569, 4.827, 6.252, 8.091, 8.045, 7.972, 7.427, 6.585, 6.636, 6.844, 7.49, 7.689, 7.432, 6.773, 5.745, 4.314, 3.698, 3.828, 4.157, 4.703, 4.839, 5.778, 5.271, 4.412, 4.874, 3.063, 2.998, 3.835, 3.447, 3.65, 3.498, 3.33, 3.325, 3.069, 2.907, 2.422, 2.097, 1.875, 2.588, 2.46, 1.973, 1.4, 1.183, 1.163, 0.0, 0.96, 1.476, 1.687, 1.444, 1.416, 0.99, 1.526, 1.506, 1.481, 1.774, 1.923, 1.904, 1.712, 1.745, 1.363, 2.218, 2.581, 3.58, 3.733, 4.224], [2.529, 2.346, 2.058, 2.401, 3.142, 3.829, 3.858, 3.019, 2.769, 3.398, 4.358, 4.58, 5.312, 6.556, 6.471, 5.344, 5.303, 5.22, 4.908, 4.538, 4.693, 4.637, 4.931, 6.358, 8.169, 8.112, 8.033, 7.499, 6.655, 6.709, 6.881, 7.61, 7.895, 7.465, 6.849, 5.79, 4.406, 3.857, 3.978, 4.311, 4.841, 4.915, 5.819, 5.317, 4.495, 4.97, 3.108, 2.621, 3.383, 3.087, 3.276, 3.172, 2.873, 3.013, 3.002, 2.827, 2.297, 2.028, 1.837, 2.434, 2.321, 1.885, 1.466, 1.583, 1.878, 0.96, 0.0, 0.997, 1.321, 1.409, 1.365, 1.422, 2.044, 1.95, 2.133, 2.348, 2.444, 2.25, 2.03, 2.015, 1.797, 2.7, 3.209, 3.953, 4.248, 4.599], [2.083, 1.9, 1.786, 2.286, 3.146, 3.802, 3.8, 3.075, 2.866, 3.323, 4.387, 4.753, 5.564, 6.855, 6.786, 5.638, 5.603, 5.599, 5.19, 4.612, 4.719, 4.7, 4.975, 6.467, 8.128, 8.014, 7.95, 7.421, 6.565, 6.655, 6.977, 7.762, 8.051, 7.5