[[0.0, 1.613, 1.826, 1.839, 1.232, 1.006, 1.388, 2.276, 4.371, 5.137, 4.532, 2.785, 2.597, 3.403, 4.399, 5.874, 6.707, 6.695, 6.533, 6.825, 6.389, 5.776, 6.267, 6.421, 6.383, 6.559, 6.755, 6.743, 6.672, 6.966, 7.167, 6.478, 5.693, 4.89, 4.99, 6.249, 6.572, 6.643, 7.236, 7.45, 7.117, 6.112, 5.03, 4.508, 4.261, 3.637, 3.2, 3.642, 3.07, 4.045, 5.776, 7.558, 8.485, 8.384, 8.58, 9.453, 8.961, 7.384, 6.772, 6.618, 4.863, 4.025, 4.387, 3.404, 2.12, 1.767, 1.719, 1.498, 1.252, 1.171, 1.693, 1.766, 1.883, 2.219, 2.393, 1.296, 2.183, 3.323, 3.561, 3.596, 4.131, 4.251, 4.319, 4.319, 4.613, 5.205], [1.613, 0.0, 0.858, 1.244, 1.179, 1.234, 1.651, 3.422, 5.668, 6.443, 6.037, 4.145, 3.448, 4.006, 5.654, 7.227, 8.044, 8.049, 7.92, 8.168, 7.713, 7.223, 7.689, 7.897, 7.764, 7.951, 8.199, 8.153, 8.072, 8.353, 8.573, 7.879, 7.041, 6.176, 6.303, 7.553, 7.954, 7.975, 8.569, 8.591, 8.144, 7.375, 6.344, 5.751, 5.218, 4.102, 2.812, 2.459, 2.572, 2.82, 4.439, 6.237, 7.188, 7.087, 7.283, 8.156, 7.664, 6.087, 5.475, 5.296, 3.502, 3.148, 3.423, 2.515, 1.696, 1.602, 1.677, 1.775, 2.08, 2.113, 2.015, 2.054, 1.74, 2.03, 2.119, 1.733, 3.462, 4.78, 5.036, 5.003, 5.554, 5.685, 5.745, 5.744, 6.003, 6.602], [1.826, 0.858, 0.0, 0.925, 1.274, 1.51, 1.92, 3.791, 6.022, 6.776, 6.228, 4.442, 3.556, 4.061, 5.844, 7.459, 8.285, 8.28, 8.128, 8.468, 7.991, 7.417, 7.908, 8.073, 7.958, 8.188, 8.366, 8.327, 8.259, 8.545, 8.768, 8.126, 7.281, 6.472, 6.566, 7.834, 8.145, 8.222, 8.822, 8.996, 8.564, 7.698, 6.597, 6.079, 5.603, 4.571, 3.108, 2.611, 2.821, 2.937, 4.102, 5.899, 6.834, 6.733, 6.929, 7.802, 7.31, 5.733, 5.121, 4.956, 3.232, 3.115, 3.434, 2.607, 1.793, 1.589, 1.77, 2.045, 2.348, 2.359, 2.307, 2.301, 1.985, 2.115, 2.105, 1.926, 3.83, 4.986, 5.179, 5.226, 5.71, 5.888, 5.971, 5.932, 6.273, 6.865], [1.839, 1.244, 0.925, 0.0, 1.053, 1.464, 1.771, 3.674, 5.754, 6.65, 6.083, 4.199, 3.493, 4.108, 5.844, 7.437, 8.27, 8.259, 8.13, 8.389, 7.941, 7.436, 7.919, 8.068, 7.959, 8.122, 8.332, 8.356, 8.251, 8.548, 8.789, 8.096, 7.258, 6.426, 6.545, 7.805, 8.149, 8.202, 8.788, 9.016, 8.682, 7.638, 6.585, 6.02, 5.651, 5.031, 3.609, 3.083, 3.07, 3.221, 4.429, 6.226, 7.163, 7.063, 7.258, 8.132, 7.664, 6.078, 5.49, 5.348, 3.75, 3.669, 4.014, 3.12, 2.142, 1.762, 1.938, 2.099, 2.344, 2.472, 2.666, 2.699, 2.327, 2.279, 2.239, 1.895, 3.508, 4.896, 5.157, 5.165, 5.729, 5.859, 5.977, 5.968, 6.265, 6.856], [1.232, 1.179, 1.274, 1.053, 0.0, 0.952, 1.042, 2.879, 4.978, 5.89, 5.378, 3.532, 3.268, 3.993, 5.328, 6.891, 7.708, 7.712, 7.538, 7.826, 7.406, 6.729, 7.244, 7.373, 7.339, 7.547, 7.744, 7.742, 7.705, 7.961, 8.139, 7.468, 6.736, 5.943, 6.018, 7.298, 7.553, 7.663, 8.26, 8.525, 8.158, 7.155, 6.047, 5.55, 5.17, 4.479, 3.426, 3.284, 2.888, 3.628, 5.278, 7.075, 8.004, 7.904, 8.099, 8.973, 8.481, 6.903, 6.292, 6.144, 4.421, 4.041, 4.315, 3.409, 2.239, 1.98, 1.958, 1.905, 1.946, 1.999, 2.359, 2.305, 2.182, 2.36, 2.26, 1.641, 2.816, 4.212, 4.547, 4.592, 5.111, 5.189, 5.273, 5.272, 5.531, 6.121], [1.006, 1.234, 1.51, 1.464, 0.952, 0.0, 0.831, 2.43, 4.623, 5.336, 4.954, 3.089, 2.705, 3.466, 4.636, 6.216, 7.028, 7.052, 6.875, 7.171, 6.73, 6.109, 6.585, 6.839, 6.714, 6.994, 7.183, 7.126, 7.089, 7.335, 7.496, 6.806, 6.084, 5.355, 5.384, 6.669, 6.879, 7.003, 7.622, 7.921, 7.614, 6.518, 5.417, 4.908, 4.655, 4.024, 3.313, 3.345, 2.889, 3.756, 5.501, 7.299, 8.244, 8.143, 8.339, 9.212, 8.72, 7.143, 6.531, 6.356, 4.548, 3.978, 4.213, 3.171, 2.071, 1.844, 1.864, 1.644, 1.652, 1.618, 2.052, 2.062, 2.221, 2.529, 2.553, 1.573, 2.489, 3.701, 3.981, 4.023, 4.544, 4.588, 4.626, 4.625, 4.896, 5.487], [1.388, 1.651, 1.92, 1.771, 1.042, 0.831, 0.0, 2.251, 4.41, 5.191, 4.877, 3.023, 3.033, 3.86, 4.716, 6.125, 6.946, 6.946, 6.774, 7.061, 6.639, 6.104, 6.562, 6.801, 6.684, 6.969, 7.16, 7.096, 7.039, 7.299, 7.46, 6.752, 6.016, 5.289, 5.33, 6.55, 6.794, 6.898, 7.494, 7.835, 7.523, 6.448, 5.338, 4.939, 4.869, 4.313, 3.723, 3.694, 3.152, 4.082, 5.814, 7.649, 8.609, 8.509, 8.704, 9.578, 9.086, 7.508, 6.897, 6.746, 4.846, 4.442, 4.612, 3.613, 2.551, 2.366, 2.354, 2.185, 2.136, 2.05, 2.503, 2.55, 2.639, 2.948, 2.84, 2.001, 2.27, 3.645, 3.956, 3.971, 4.512, 4.551, 4.579, 4.571, 4.791, 5.403], [2.276, 3.422, 3.791, 3.674, 2.879, 2.43, 2.251, 0.0, 2.381, 3.228, 2.909, 1.889, 2.959, 3.92, 3.799, 4.341, 5.191, 5.272, 5.126, 5.369, 4.988, 4.842, 4.791, 4.784, 4.82, 5.059, 5.265, 5.281, 5.302, 5.522, 5.621, 5.048, 4.383, 4.054, 4.444, 5.02, 5.229, 5.199, 5.987, 6.568, 6.297, 5.218, 4.366, 4.016, 4.387, 4.188, 5.005, 5.622, 5.009, 6.02, 7.779, 9.613, 10.573, 10.472, 10.668, 11.541, 11.049, 9.472, 8.86, 8.681, 6.767, 5.986, 6.269, 5.22, 4.091, 3.855, 3.686, 3.508, 2.868, 2.607, 3.056, 3.133, 3.595, 4.091, 4.189, 2.994, 1.571, 1.814, 2.173, 2.255, 2.611, 2.602, 2.595, 2.594, 2.886, 3.436], [4.371, 5.668, 6.022, 5.754, 4.978, 4.623, 4.41, 2.381, 0.0, 1.122, 0.902, 1.771, 3.173, 3.984, 3.477, 3.197, 3.814, 3.891, 3.567, 3.481, 4.013, 4.538, 4.112, 3.67, 3.735, 3.938, 3.827, 3.752, 3.629, 3.547, 3.544, 3.177, 3.42, 3.933, 4.112, 3.908, 3.821, 3.892, 4.306, 4.802, 4.605, 3.841, 3.248, 3.253, 3.988, 4.57, 7.158, 7.878, 7.264, 8.275, 10.034, 11.895, 12.855, 12.755, 12.95, 13.824, 13.332, 11.754, 11.143, 10.964, 9.05, 8.216, 8.534, 7.495, 6.333, 6.038, 5.841, 5.572, 4.722, 4.596, 5.126, 5.217, 5.802, 6.279, 6.415, 5.108, 2.406, 1.404, 1.647, 1.298, 1.071, 1.073, 1.319, 1.621, 1.82, 1.935], [5.137, 6.443, 6.776, 6.65, 5.89, 5.336, 5.191, 3.228, 1.122, 0.0, 0.981, 2.487, 3.632, 4.046, 3.426, 2.973, 3.542, 3.674, 3.254, 3.22, 3.939, 4.432, 4.038, 3.562, 3.58, 3.911, 3.745, 3.587, 3.507, 3.298, 2.998, 2.937, 3.319, 3.968, 4.084, 3.587, 3.329, 3.54, 3.838, 4.066, 3.872, 3.142, 2.765, 3.245, 4.207, 5.191, 7.803, 8.523, 7.91, 8.92, 10.679, 12.546, 13.506, 13.405, 13.601, 14.474, 13.982, 12.405, 11.793, 11.614, 9.702, 8.866, 9.184, 8.145, 6.983, 6.688, 6.491, 6.222, 5.372, 5.249, 5.777, 5.867, 6.45, 6.958, 7.06, 5.774, 3.281, 2.043, 2.127, 1.88, 1.602, 1.202, 1.472, 1.691, 1.626, 1.568], [4.532, 6.037, 6.228, 6.083, 5.378, 4.954, 4.877, 2.909, 0.902, 0.981, 0.0, 2.039, 3.267, 3.895, 3.293, 2.909, 3.492, 3.63, 3.167, 3.222, 3.809, 4.288, 3.894, 3.385, 3.52, 3.667, 3.6, 3.476, 3.406, 3.319, 3.096, 2.861, 3.204, 3.78, 3.935, 3.566, 3.406, 3.519, 3.876, 4.363, 4.154, 3.372, 2.769, 3.012, 3.888, 4.637, 7.258, 7.978, 7.365, 8.375, 10.134, 11.965, 12.925, 12.825, 13.02, 13.894, 13.402, 11.824, 11.213, 11.033, 9.12, 8.293, 8.613, 7.565, 6.402, 6.108, 5.91, 5.641, 4.815, 4.665, 5.196, 5.314, 5.902, 6.379, 6.515, 5.208, 2.837, 1.563, 1.596, 1.328, 1.092, 0.862, 1.113, 1.401, 1.601, 1.575], [2.785, 4.145, 4.442, 4.199, 3.532, 3.089, 3.023, 1.889, 1.771, 2.487, 2.039, 0.0, 1.977, 2.801, 2.5, 3.428, 4.195, 4.335, 4.082, 4.399, 3.941, 3.693, 3.829, 3.917, 3.885, 4.07, 4.279, 4.264, 4.279, 4.499, 4.668, 4.025, 3.395, 3.09, 3.33, 4.019, 4.271, 4.196, 4.966, 5.617, 5.344, 4.316, 3.407, 2.937, 3.189, 3.251, 5.538, 6.258, 5.654, 6.655, 8.414, 10.277, 11.237, 11.137, 11.332, 12.206, 11.714, 10.136, 9.525, 9.345, 7.463, 6.625, 6.925, 5.877, 4.715, 4.42, 4.222, 3.953, 3.104, 3.006, 3.516, 3.6, 4.182, 4.659, 4.795, 3.488, 1.169, 1.38, 1.688, 1.608, 1.816, 1.752, 1.914, 1.827, 2.088, 2.662], [2.597, 3.448, 3.556, 3.493, 3.268, 2.705, 3.033, 2.959, 3.173, 3.632, 3.267, 1.977, 0.0, 1.174, 2.464, 4.068, 4.892, 4.977, 4.794, 5.083, 4.641, 3.969, 4.478, 4.749, 4.676, 4.798, 4.974, 5.002, 4.999, 5.237, 5.427, 4.748, 4.07, 3.349, 3.579, 4.681, 4.906, 4.889, 5.652, 6.141, 5.84, 4.587, 3.58, 3.027, 3.053, 3.106, 4.443, 5.259, 4.991, 5.656, 7.234, 9.103, 10.071, 9.971, 10.166, 11.04, 10.548, 8.97, 8.359, 8.18, 6.266, 5.432, 5.75, 4.711, 3.55, 3.265, 3.186, 2.995, 2.394, 2.545, 2.946, 3.115, 3.241, 3.488, 3.651, 2.507, 2.062, 2.502, 2.741, 2.687, 2.882, 2.856, 2.862, 2.608, 2.848, 3.422], [3.403, 4.006, 4.061, 4.108, 3.993, 3.466, 3.86, 3.92, 3.984, 4.046, 3.895, 2.801, 1.174, 0.0, 1.998, 3.548, 4.368, 4.417, 4.402, 4.754, 4.235, 3.761, 4.3, 4.689, 4.579, 4.605, 4.776, 4.864, 4.801, 4.876, 5.31, 4.613, 3.682, 2.841, 2.921, 4.092, 4.352, 4.424, 5.062, 5.517, 5.332, 4.023, 3.258, 2.795, 2.72, 3.026, 4.465, 5.271, 5.207, 5.65, 7.188, 9.053, 10.021, 9.925, 10.12, 10.99, 10.502, 8.924, 8.313, 8.134, 6.22, 5.386, 5.704, 4.665, 3.558, 3.364, 3.238, 3.208, 2.647, 2.706, 2.883, 3.102, 3.236, 3.539, 3.669, 2.934, 3.094, 3.263, 3.308, 3.412, 3.368, 3.394, 3.327, 2.946, 2.923, 3.394], [4.399, 5.654, 5.844, 5.844, 5.328, 4.636, 4.716, 3.799, 3.477, 3.426, 3.293, 2.5, 2.464, 1.998, 0.0, 1.697, 2.612, 2.985, 3.161, 3.431, 3.007, 2.662, 3.329, 3.614, 3.582, 3.539, 3.664, 3.84, 3.749, 3.759, 4.19, 3.567, 2.711, 2.185, 2.166, 2.84, 2.963, 2.747, 3.733, 4.316, 4.656, 3.49, 2.613, 2.126, 2.485, 3.189, 5.558, 6.199, 5.777, 6.623, 8.355, 10.232, 11.193, 11.12, 11.349, 12.161, 11.669, 10.174, 9.52, 9.607, 7.424, 6.621, 6.893, 6.136, 5.294, 5.031, 4.692, 4.452, 3.766, 3.866, 4.054, 4.148, 4.761, 5.318, 5.241, 4.361, 3.069, 2.953, 2.974, 3.045, 2.937, 2.811, 2.636, 2.176, 2.018, 2.278], [5.874, 7.227, 7.459, 7.437, 6.891, 6.216, 6.125, 4.341, 3.197, 2.973, 2.909, 3.428, 4.068, 3.548, 1.697, 0.0, 1.212, 1.669, 1.864, 2.122, 2.015, 2.904, 2.742, 2.574, 2.489, 2.432, 2.351, 2.507, 2.388, 2.358, 2.803, 2.269, 1.709, 1.997, 1.938, 1.692, 1.716, 1.525, 2.312, 2.912, 3.607, 2.904, 2.332, 2.361, 3.194, 4.219, 6.944, 7.581, 7.109, 8.051, 9.762, 11.62, 12.591, 12.506, 12.772, 13.549, 13.057, 11.659, 11.018, 11.086, 8.897, 8.048, 8.299, 7.663, 6.831, 6.568, 6.215, 5.976, 5.281, 5.244, 5.573, 5.72, 6.325, 6.854, 6.779, 5.89, 4.204, 2.992, 2.884, 2.819, 2.694, 2.577, 2.358, 2.114, 1.806, 1.821], [6.707, 8.044, 8.285, 8.27, 7.708, 7.028, 6.946, 5.191, 3.814, 3.542, 3.492, 4.195, 4.892, 4.368, 2.612, 1.212, 0.0, 1.13, 1.582, 1.718, 1.764, 2.822, 2.506, 2.294, 2.273, 2.057, 2.005, 2.015, 1.91, 1.846, 2.271, 1.827, 1.58, 2.156, 2.105, 1.366, 1.37, 1.136, 1.735, 2.505, 3.37, 2.981, 2.73, 2.964, 3.804, 4.9, 7.708, 8.326, 7.867, 8.783, 10.482, 12.325, 13.295, 13.273, 13.518, 14.216, 13.731, 12.359, 11.803, 11.873, 9.656, 8.821, 9.041, 8.426, 7.626, 7.374, 7.031, 6.79, 6.099, 6.06, 6.393, 6.534, 7.155, 7.657, 7.575, 6.697, 5.045, 3.622, 3.424, 3.378, 3.241, 3.164, 3.087, 2.919, 2.64, 2.584], [6.695, 8.049, 8.28, 8.259, 7.712, 7.052, 6.946, 5.272, 3.891, 3.674, 3.63, 4.335, 4.977, 4.417, 2.985, 1.669, 1.13, 0.0, 1.351, 1.267, 1.451, 2.425, 2.041, 1.872, 1.775, 1.598, 1.481, 1.463, 1.338, 1.279, 1.734, 1.308, 1.364, 1.963, 1.896, 1.209, 1.304, 1.457, 1.481, 1.989, 3.012, 2.875, 2.973, 3.398, 4.181, 5.268, 7.943, 8.65, 8.079, 9.043, 10.816, 12.678, 13.659, 13.597, 13.794, 14.609, 14.125, 12.589, 12.032, 11.95, 9.897, 9.058, 9.348, 8.475, 7.574, 7.342, 7.061, 6.769, 6.129, 6.059, 6.381, 6.549, 7.159, 7.604, 7.527, 6.703, 5.166, 3.652, 3.624, 3.559, 3.376, 3.382, 3.27, 3.218, 2.937, 3.091], [6.533, 7.92, 8.128, 8.13, 7.538, 6.875, 6.774, 5.126, 3.567, 3.254, 3.167, 4.082, 4.794, 4.402, 3.161, 1.864, 1.582, 1.351, 0.0, 0.997, 1.178, 2.094, 1.615, 1.436, 1.439, 1.42, 1.377, 1.267, 1.268, 1.181, 1.498, 1.15, 1.4, 2.187, 2.152, 1.436, 1.506, 1.406, 1.835, 2.631, 3.529, 3.278, 3.267, 3.575, 4.583, 5.665, 8.328, 9.028, 8.449, 9.43, 11.197, 13.065, 14.05, 13.955, 14.154, 15.002, 14.518, 12.961, 12.34, 12.244, 10.251, 9.419, 9.729, 8.782, 7.768, 7.481, 7.195, 6.948, 6.163, 6.119, 6.467, 6.63, 7.142, 7.727, 7.742, 6.694, 4.954, 3.591, 3.337, 3.248, 3.087, 3.12, 3.072, 2.885, 2.579, 2.534], [6.825, 8.168, 8.468, 8.389, 7.826, 7.171, 7.061, 5.369, 3.481, 3.22, 3.222, 4.399, 5.083, 4.754, 3.431, 2.122, 1.718, 1.267, 0.997, 0.0, 1.163, 2.291, 1.801, 1.616, 1.538, 1.587, 1.567, 1.412, 1.3, 1.113, 1.453, 1.145, 1.808, 2.706, 2.655, 1.68, 1.628, 1.781, 1.823, 2.543, 3.598, 3.461, 3.481, 3.791, 4.81, 5.901, 8.558, 9.25, 8.704, 9.691, 11.461, 13.324, 14.284, 14.201, 14.412, 15.237, 14.753, 13.193, 12.586, 12.603, 10.507, 9.695, 9.965, 9.083, 8.115, 7.788, 7.515, 7.233, 6.386, 6.483, 6.816, 6.999, 7.481, 8.085, 8.077, 7.031, 5.221, 3.789, 3.637, 3.44, 3.135, 3.109, 3.246, 3.301, 2.896, 2.759], [6.389, 7.713, 7.991, 7.941, 7.406, 6.73, 6.639, 4.988, 4.013, 3.939, 3.809, 3.941, 4.641, 4.235, 3.007, 2.015, 1.764, 1.451, 1.178, 1.163, 0.0, 1.693, 1.143, 1.151, 1.186, 1.159, 1.374, 1.299, 1.351, 1.599, 2.103, 1.615, 1.53, 2.171, 2.179, 1.837, 1.958, 1.826, 2.179, 3.203, 4.123, 3.934, 3.713, 3.669, 4.396, 5.384, 8.138, 8.807, 8.267, 9.194, 10.903, 12.773, 13.778, 13.746, 13.899, 14.7, 14.221, 12.655, 12.076, 12.073, 10.036, 9.244, 9.459, 8.506, 7.518, 7.202, 6.91, 6.651, 5.967, 5.901, 6.265, 6.458, 6.997, 7.495, 7.532, 6.423, 4.814, 3.646, 3.451, 3.421, 3.389, 3.469, 3.336, 2.994, 2.849, 3.071], [5.776, 7.223, 7.417, 7.436, 6.729, 6.109, 6.104, 4.842, 4.538, 4.432, 4.288, 3.693, 3.969, 3.761, 2.662, 2.904, 2.822, 2.425, 2.094, 2.291, 1.693, 0.0, 1.063, 1.427, 1.593, 1.609, 1.93, 1.975, 2.06, 2.244, 2.594, 2.279, 2.216, 2.212, 2.254, 2.682, 2.917, 2.788, 3.413, 4.223, 4.854, 4.625, 4.407, 4.265, 4.727, 5.446, 7.926, 8.641, 8.039, 9.037, 10.824, 12.691, 13.666, 13.583, 13.772, 14.627, 14.142, 12.604, 11.973, 11.797, 9.874, 9.044, 9.351, 8.341, 7.31, 7.019, 6.749, 6.554, 5.684, 5.574, 6.027, 6.109, 6.642, 7.223, 7.31, 6.117, 4.29, 4.118, 4.264, 4.347, 4.279, 3.87, 3.704, 3.392, 3.26, 3.61], [6.267, 7.689, 7.908, 7.919, 7.244, 6.585, 6.562, 4.791, 4.112, 4.038, 3.894, 3.829, 4.478, 4.3, 3.329, 2.742, 2.506, 2.041, 1.615, 1.801, 1.143, 1.063, 0.0, 0.956, 1.148, 1.169, 1.34, 1.224, 1.404, 1.718, 2.088, 1.691, 1.702, 2.234, 2.288, 2.232, 2.437, 2.429, 2.853, 3.683, 4.372, 4.24, 4.162, 4.127, 4.919, 5.839, 8.478, 9.194, 8.588, 9.607, 11.378, 13.245, 14.22, 14.136, 14.327, 15.18, 14.696, 13.122, 12.526, 12.367, 10.43, 9.602, 9.905, 8.899, 7.778, 7.494, 7.274, 7.027, 6.22, 6.056, 6.558, 6.641, 7.213, 7.721, 7.816, 6.541, 4.75, 3.788, 3.749, 3.81, 3.731, 3.533, 3.439, 3.131, 3.038, 3.441], [6.421, 7.897, 8.073, 8.068, 7.373, 6.839, 6.801, 4.784, 3.67, 3.562, 3.385, 3.917, 4.749, 4.689, 3.614, 2.574, 2.294, 1.872, 1.436, 1.616, 1.151, 1.427, 0.956, 0.0, 0.705, 0.733, 1.039, 1.02, 1.124, 1.42, 1.624, 1.449, 1.662, 2.61, 2.679, 2.303, 2.423, 2.266, 2.69, 3.558, 4.26, 4.283, 4.25, 4.419, 5.192, 6.198, 8.844, 9.56, 8.959, 9.969, 11.751, 13.615, 14.585, 14.504, 14.7, 15.533, 15.054, 13.495, 12.894, 12.732, 10.805, 9.976, 10.276, 9.246, 8.131, 7.856, 7.626, 7.367, 6.598, 6.395, 6.919, 7.003, 7.593, 8.074, 8.17, 6.9, 4.735, 3.504, 3.374, 3.422, 3.38, 3.255, 3.227, 3.001, 2.973, 3.171], [6.383, 7.764, 7.958, 7.959, 7.339, 6.714, 6.684, 4.82, 3.735, 3.58, 3.52, 3.885, 4.676, 4.579, 3.582, 2.489, 2.273, 1.775, 1.439, 1.538, 1.186, 1.593, 1.148, 0.705, 0.0, 0.784, 1.008, 0.906, 1.015, 1.315, 1.643, 1.424, 1.654, 2.495, 2.643, 2.37, 2.432, 2.355, 2.632, 3.455, 4.186, 4.309, 4.324, 4.504, 5.174, 6.132, 8.778, 9.489, 8.888, 9.9, 11.682, 13.546, 14.513, 14.435, 14.631, 15.462, 14.983, 13.428, 12.821, 12.675, 10.735, 9.907, 10.211, 9.2, 8.065, 7.77, 7.573, 7.281, 6.474, 6.338, 6.835, 6.949, 7.504, 7.977, 8.104, 6.805, 4.724, 3.447, 3.541, 3.42, 3.345, 3.226, 3.292, 3.235, 3.146, 3.282], [6.559, 7.951, 8.188, 8.122, 7.547, 6.994, 6.969, 5.059, 3.938, 3.911, 3.667, 4.07, 4.798, 4.605, 3.539, 2.432, 2.057, 1.598, 1.42, 1.587, 1.159, 1.609, 1.169, 0.733, 0.784, 0.0, 0.723, 0.772, 0.92, 1.224, 1.665, 1.396, 1.394, 2.381, 2.482, 2.042, 2.261, 2.069, 2.49, 3.313, 3.95, 3.948, 4.078, 4.283, 5.06, 6.055, 8.696, 9.41, 8.811, 9.826, 11.606, 13.468, 14.435, 14.358, 14.56, 15.383, 14.904, 13.381, 12.79, 12.609, 10.685, 9.831, 10.135, 9.131, 8.044, 7.734, 7.532, 7.273, 6.504, 6.299, 6.823, 6.931, 7.505, 7.953, 8.068, 6.8, 4.838, 3.583, 3.574, 3.552, 3.478, 3.409, 3.343, 3.206, 3.205, 3.42], [6.755, 8.199, 8.366, 8.332, 7.744, 7.183, 7.16, 5.265, 3.827, 3.745, 3.6, 4.279, 4.974, 4.776, 3.664, 2.351, 2.005, 1.481, 1.377, 1.567, 1.374, 1.93, 1.34, 1.039, 1.008, 0.723, 0.0, 0.519, 0.663, 0.955, 1.469, 1.272, 1.523, 2.517, 2.605, 1.938, 2.101, 1.991, 2.228, 2.988, 3.65, 3.736, 4.043, 4.256, 5.176, 6.208, 8.853, 9.553, 8.959, 9.975, 11.755, 13.617, 14.583, 14.507, 14.709, 15.533, 15.052, 13.511, 12.958, 12.751, 10.835, 9.987, 10.284, 9.271, 8.195, 7.918, 7.694, 7.446, 6.745, 6.463, 7.01, 7.081, 7.71, 8.12, 8.22, 7.023, 5.108, 3.701, 3.601, 3.596, 3.337, 3.382, 3.344, 3.332, 3.182, 3.364], [6.743, 8.153, 8.327, 8.356, 7.742, 7.126, 7.096, 5.281, 3.752, 3.587, 3.476, 4.264, 5.002, 4.864, 3.84, 2.507, 2.015, 1.463, 1.267, 1.412, 1.299, 1.975, 1.224, 1.02, 0.906, 0.772, 0.519, 0.0, 0.507, 0.904, 1.369, 1.127, 1.483, 2.596, 2.687, 1.979, 2.051, 2.091, 2.165, 2.965, 3.636, 3.771, 4.0, 4.326, 5.233, 6.297, 8.945, 9.653, 9.058, 10.073, 11.854, 13.716, 14.683, 14.605, 14.804, 15.631, 15.152, 13.605, 13.021, 12.853, 10.917, 10.08, 10.38, 9.38, 8.264, 7.973, 7.741, 7.5, 6.759, 6.516, 7.064, 7.134, 7.73, 8.176, 8.285, 7.036, 5.179, 3.627, 3.546, 3.439, 3.239, 3.267, 3.33, 3.348, 3.23, 3.362], [6.672, 8.072, 8.259, 8.251, 7.705, 7.089, 7.039, 5.302, 3.629, 3.507, 3.406, 4.279, 4.999, 4.801, 3.749, 2.388, 1.91, 1.338, 1.268, 1.3, 1.351, 2.06, 1.404, 1.124, 1.015, 0.92, 0.663, 0.507, 0.0, 0.71, 1.224, 0.959, 1.341, 2.432, 2.539, 1.858, 1.981, 2.009, 2.013, 2.721, 3.37, 3.565, 3.843, 4.149, 5.078, 6.136, 8.784, 9.476, 8.887, 9.902, 11.68, 13.544, 14.507, 14.434, 14.643, 15.458, 14.981, 13.444, 12.875, 12.688, 10.757, 9.913, 10.216, 9.216, 8.093, 7.801, 7.594, 7.35, 6.648, 6.377, 6.933, 7.01, 7.628, 8.006, 8.133, 6.916, 5.109, 3.632, 3.503, 3.314, 3.118, 3.241, 3.319, 3.377, 3.226, 3.344], [6.966, 8.353, 8.545, 8.548, 7.961, 7.335, 7.299, 5.522, 3.547, 3.298, 3.319, 4.499, 5.237, 4.876, 3.759, 2.358, 1.846, 1.279, 1.181, 1.113, 1.599, 2.244, 1.718, 1.42, 1.315, 1.224, 0.955, 0.904, 0.71, 0.0, 0.928, 0.947, 1.518, 2.529, 2.618, 1.765, 1.861, 1.905, 1.915, 2.471, 3.184, 3.431, 3.759, 4.146, 5.111, 6.198, 8.852, 9.556, 8.958, 9.969, 11.75, 13.614, 14.581, 14.503, 14.701, 15.53, 15.051, 13.537, 12.964, 12.743, 10.837, 9.978, 10.28, 9.303, 8.25, 7.969, 7.726, 7.524, 6.774, 6.521, 7.027, 7.096, 7.711, 8.179, 8.266, 7.127, 5.354, 3.858, 3.607, 3.497, 3.091, 3.25, 3.432, 3.467, 3.213, 3.218], [7.167, 8.573, 8.768, 8.789, 8.139, 7.496, 7.46, 5.621, 3.544, 2.998, 3.096, 4.668, 5.427, 5.31, 4.19, 2.803, 2.271, 1.734, 1.498, 1.453, 2.103, 2.594, 2.088, 1.624, 1.643, 1.665, 1.469, 1.369, 1.224, 0.928, 0.0, 0.906, 1.916, 3.091, 3.17, 2.222, 2.074, 2.149, 2.257, 2.536, 3.202, 3.577, 4.156, 4.662, 5.682, 6.78, 9.428, 10.144, 9.541, 10.549, 12.33, 14.196, 15.168, 15.085, 15.278, 16.121, 15.64, 14.075, 13.476, 13.318, 11.383, 10.555, 10.858, 9.847, 8.725, 8.441, 8.21, 7.936, 7.194, 6.981, 7.499, 7.597, 8.176, 8.652, 8.763, 7.492, 5.463, 3.975, 3.742, 3.654, 3.18, 3.183, 3.464, 3.551, 3.395, 3.197], [6.478, 7.879, 8.126, 8.096, 7.468, 6.806, 6.752, 5.048, 3.177, 2.937, 2.861, 4.025, 4.748, 4.613, 3.567, 2.269, 1.827, 1.308, 1.15, 1.145, 1.615, 2.279, 1.691, 1.449, 1.424, 1.396, 1.272, 1.127, 0.959, 0.947, 0.906, 0.0, 1.228, 2.371, 2.432, 1.676, 1.628, 1.812, 1.903, 2.517, 3.148, 3.221, 3.624, 4.009, 4.937, 6.022, 8.67, 9.385, 8.782, 9.797, 11.585, 13.439, 14.409, 14.33, 14.533, 15.362, 14.881, 13.33, 12.716, 12.567, 10.631, 9.808, 10.107, 9.091, 7.989, 7.695, 7.474, 7.225, 6.391, 6.247, 6.757, 6.848, 7.402, 7.941, 8.023, 6.791, 4.892, 3.342, 3.159, 3.039, 2.752, 2.767, 2.899, 3.028, 2.851, 2.807], [5.693, 7.041, 7.281, 7.258, 6.736, 6.084, 6.016, 4.383, 3.42, 3.319, 3.204, 3.395, 4.07, 3.682, 2.711, 1.709, 1.58, 1.364, 1.4, 1.808, 1.53, 2.216, 1.702, 1.662, 1.654, 1.394, 1.523, 1.483, 1.341, 1.518, 1.916, 1.228, 0.0, 1.294, 1.447, 1.207, 1.526, 1.659, 2.044, 2.756, 3.272, 2.844, 2.948, 3.142, 3.89, 4.914, 7.562, 8.278, 7.679, 8.693, 10.483, 12.335, 13.303, 13.227, 13.432, 14.256, 13.775, 12.228, 11.645, 11.47, 9.542, 8.706, 9.003, 8.011, 6.886, 6.593, 6.391, 6.128, 5.448, 5.238, 5.705, 5.862, 6.463, 6.857, 6.92, 5.764, 4.249, 2.981, 2.852, 2.865, 2.839, 2.799, 2.699, 2.597, 2.544, 2.791], [4.89, 6.176, 6.472, 6.426, 5.943, 5.355, 5.289, 4.054, 3.933, 3.968, 3.78, 3.09, 3.349, 2.841, 2.185, 1.997, 2.156, 1.963, 2.187, 2.706, 2.171, 2.212, 2.234, 2.61, 2.495, 2.381, 2.517, 2.596, 2.432, 2.529, 3.091, 2.371, 1.294, 0.0, 0.686, 1.523, 2.086, 2.166, 2.669, 3.058, 3.429, 2.873, 2.669, 2.552, 3.053, 3.778, 6.409, 7.114, 6.508, 7.507, 9.295, 11.162, 12.137, 12.053, 12.243, 13.098, 12.613, 11.085, 10.529, 10.267, 8.382, 7.514, 7.822, 6.838, 5.876, 5.634, 5.365, 5.123, 4.458, 4.234, 4.684, 4.817, 5.436, 5.808, 5.849, 4.899, 3.819, 3.217, 3.222, 3.255, 3.29, 3.34, 3.217, 2.896, 2.722, 3.125], [4.99, 6.303, 6.566, 6.545, 6.018, 5.384, 5.33, 4.444, 4.112, 4.084, 3.935, 3.33, 3.579, 2.921, 2.166, 1.938, 2.105, 1.896, 2.152, 2.655, 2.179, 2.254, 2.288, 2.679, 2.643, 2.482, 2.605, 2.687, 2.539, 2.618, 3.17, 2.432, 1.447, 0.686, 0.0, 1.517, 1.993, 2.117, 2.59, 2.842, 3.305, 2.729, 2.442, 2.421, 2.802, 3.697, 6.326, 7.045, 6.438, 7.436, 9.194, 11.062, 12.03, 11.947, 12.14, 12.999, 12.516, 11.01, 10.487, 10.191, 8.327, 7.414, 7.721, 6.769, 5.907, 5.691, 5.432, 5.131, 4.486, 4.337, 4.739, 4.827, 5.461, 5.831, 5.813, 4.994, 4.128, 3.514, 3.478, 3.529, 3.54, 3.516, 3.311, 2.982, 2.767, 3.188], [6.249, 7.553, 7.834, 7.805, 7.298, 6.669, 6.55, 5.02, 3.908, 3.587, 3.566, 4.019, 4.681, 4.092, 2.84, 1.692, 1.366, 1.209, 1.436, 1.68, 1.837, 2.682, 2.232, 2.303, 2.37, 2.042, 1.938, 1.979, 1.858, 1.765, 2.222, 1.676, 1.207, 1.523, 1.517, 0.0, 1.065, 1.223, 1.512, 2.039, 2.825, 2.359, 2.459, 2.858, 3.7, 4.805, 7.454, 8.171, 7.595, 8.608, 10.363, 12.21, 13.167, 13.089, 13.315, 14.131, 13.648, 12.118, 11.532, 11.437, 9.462, 8.578, 8.873, 7.962, 7.066, 6.765, 6.497, 6.172, 5.649, 5.582, 5.879, 6.132, 6.687, 7.028, 7.048, 6.208, 4.898, 3.708, 3.394, 3.463, 3.339, 3.196, 3.161, 2.976, 2.608, 2.708], [6.572, 7.954, 8.145, 8.149, 7.553, 6.879, 6.794, 5.229, 3.821, 3.329, 3.406, 4.271, 4.906, 4.352, 2.963, 1.716, 1.37, 1.304, 1.506, 1.628, 1.958, 2.917, 2.437, 2.423, 2.432, 2.261, 2.101, 2.051, 1.981, 1.861, 2.074, 1.628, 1.526, 2.086, 1.993, 1.065, 0.0, 1.218, 1.426, 1.961, 2.981, 2.655, 2.528, 3.072, 3.924, 5.062, 7.911, 8.494, 8.082, 9.0, 10.647, 12.487, 13.375, 13.457, 13.764, 14.356, 13.91, 12.519, 11.904, 12.034, 9.807, 9.025, 9.273, 8.505, 7.597, 7.3, 6.997, 6.732, 6.04, 6.002, 6.359, 6.518, 7.092, 7.583, 7.556, 6.644, 5.27, 3.739, 3.506, 3.593, 3.338, 3.072, 3.157, 3.156, 2.739, 2.628], [6.643, 7.975, 8.222, 8.202, 7.663, 7.003, 6.898, 5.199, 3.892, 3.54, 3.519, 4.196, 4.889, 4.424, 2.747, 1.525, 1.136, 1.457, 1.406, 1.781, 1.826, 2.788, 2.429, 2.266, 2.355, 2.069, 1.991, 2.091, 2.009, 1.905, 2.149, 1.812, 1.659, 2.166, 2.117, 1.223, 1.218, 0.0, 1.348, 2.273, 3.139, 2.916, 2.813, 3.059, 4.041, 5.167, 7.96, 8.616, 8.151, 9.06, 10.701, 12.531, 13.52, 13.549, 13.79, 14.458, 14.044, 12.552, 11.933, 12.092, 9.881, 9.092, 9.299, 8.555, 7.699, 7.389, 7.072, 6.823, 6.041, 6.095, 6.409, 6.641, 7.127, 7.677, 7.66, 6.664, 4.937, 3.819, 3.502, 3.505, 3.38, 3.19, 3.087, 2.825, 2.52, 2.395], [7.236, 8.569, 8.822, 8.788, 8.26, 7.622, 7.494, 5.987, 4.306, 3.838, 3.876, 4.966, 5.652, 5.062, 3.733, 2.312, 1.735, 1.481, 1.835, 1.823, 2.179, 3.413, 2.853, 2.69, 2.632, 2.49, 2.228, 2.165, 2.013, 1.915, 2.257, 1.903, 2.044, 2.669, 2.59, 1.512, 1.426, 1.348, 0.0, 1.698, 2.718, 2.704, 2.992, 3.659, 4.587, 5.734, 8.52, 9.176, 8.678, 9.614, 11.251, 13.09, 14.072, 14.096, 14.309, 14.941, 14.52, 13.072, 12.505, 12.555, 10.444, 9.637, 9.837, 9.011, 8.151, 7.848, 7.512, 7.27, 6.677, 6.616, 6.914, 7.114, 7.67, 8.136, 8.098, 7.239, 5.88, 4.385, 4.059, 3.987, 3.772, 3.706, 3.847, 3.811, 3.391, 3.267], [7.45, 8.591, 8.996, 9.016, 8.525, 7.921, 7.835, 6.568, 4.802, 4.066, 4.363, 5.617, 6.141, 5.517, 4.316, 2.912, 2.505, 1.989, 2.631, 2.543, 3.203, 4.223, 3.683, 3.558, 3.455, 3.313, 2.988, 2.965, 2.721, 2.471, 2.536, 2.517, 2.756, 3.058, 2.842, 2.039, 1.961, 2.273, 1.698, 0.0, 1.513, 2.215, 3.169, 3.937, 4.511, 5.486, 8.08, 8.752, 8.214, 9.203, 10.928, 12.789, 13.727, 13.671, 13.945, 14.714, 14.239, 12.747, 12.249, 12.181, 10.152, 9.188, 9.484, 8.765, 8.0, 7.848, 7.623, 7.147, 6.885, 6.745, 7.034, 7.292, 7.775, 7.927, 8.024, 7.464, 6.502, 4.945, 4.761, 4.643, 4.286, 4.33, 4.428, 4.519, 4.105, 3.924], [7.117, 8.144, 8.564, 8.682, 8.158, 7.614, 7.523, 6.297, 4.605, 3.872, 4.154, 5.344, 5.84, 5.332, 4.656, 3.607, 3.37, 3.012, 3.529, 3.598, 4.123, 4.854, 4.372, 4.26, 4.186, 3.95, 3.65, 3.636, 3.37, 3.184, 3.202, 3.148, 3.272, 3.429, 3.305, 2.825, 2.981, 3.139, 2.718, 1.513, 0.0, 1.837, 3.312, 4.182, 4.735, 5.631, 7.967, 8.683, 8.069, 9.073, 10.825, 12.688, 13.656, 13.574, 13.766, 14.625, 14.142, 12.566, 12.175, 11.864, 10.152, 9.134, 9.358, 8.502, 7.77, 7.674, 7.501, 7.076, 6.855, 6.504, 6.873, 7.105, 7.623, 7.671, 7.873, 7.211, 6.225, 4.672, 4.509, 4.421, 4.12, 4.062, 4.34, 4.488, 4.206, 4.224], [6.112, 7.375, 7.698, 7.638, 7.155, 6.518, 6.448, 5.218, 3.841, 3.142, 3.372, 4.316, 4.587, 4.023, 3.49, 2.904, 2.981, 2.875, 3.278, 3.461, 3.934, 4.625, 4.24, 4.283, 4.309, 3.948, 3.736, 3.771, 3.565, 3.431, 3.577, 3.221, 2.844, 2.873, 2.729, 2.359, 2.655, 2.916, 2.704, 2.215, 1.837, 0.0, 1.818, 2.618, 3.411, 4.562, 7.153, 7.776, 7.158, 8.195, 9.966, 11.798, 12.766, 12.702, 12.876, 13.735, 13.252, 11.736, 11.439, 10.984, 9.3, 8.212, 8.462, 7.696, 6.83, 6.606, 6.375, 5.948, 5.575, 5.403, 5.78, 5.913, 6.572, 6.734, 6.753, 6.034, 5.145, 3.799, 3.618, 3.603, 3.38, 3.239, 3.284, 3.317, 3.012, 3.09], [5.03, 6.344, 6.597, 6.585, 6.047, 5.417, 5.338, 4.366, 3.248, 2.765, 2.769, 3.407, 3.58, 3.258, 2.613, 2.332, 2.73, 2.973, 3.267, 3.481, 3.713, 4.407, 4.162, 4.25, 4.324, 4.078, 4.043, 4.0, 3.843, 3.759, 4.156, 3.624, 2.948, 2.669, 2.442, 2.459, 2.528, 2.813, 2.992, 3.169, 3.312, 1.818, 0.0, 1.141, 1.96, 3.08, 5.8, 6.429, 5.895, 6.83, 8.572, 10.418, 11.398, 11.432, 11.594, 12.346, 11.893, 10.561, 10.08, 9.964, 7.931, 6.931, 7.155, 6.613, 5.828, 5.58, 5.278, 5.0, 4.393, 4.354, 4.669, 4.834, 5.455, 5.834, 5.742, 5.023, 4.228, 3.087, 2.945, 2.874, 2.817, 2.61, 2.536, 2.438, 2.091, 2.179], [4.508, 5.751, 6.079, 6.02, 5.55, 4.908, 4.939, 4.016, 3.253, 3.245, 3.012, 2.937, 3.027, 2.795, 2.126, 2.361, 2.964, 3.398, 3.575, 3.791, 3.669, 4.265, 4.127, 4.419, 4.504, 4.283, 4.256, 4.326, 4.149, 4.146, 4.662, 4.009, 3.142, 2.552, 2.421, 2.858, 3.072, 3.059, 3.659, 3.937, 4.182, 2.618, 1.141, 0.0, 1.15, 2.223, 5.02, 5.618, 5.216, 6.119, 7.757, 9.617, 10.606, 10.656, 10.857, 11.538, 11.096, 9.86, 9.398, 9.373, 7.164, 6.188, 6.334, 6.0, 5.234, 4.984, 4.667, 4.388, 3.873, 3.781, 4.089, 4.303, 4.888, 5.245, 5.192, 4.438, 3.724, 3.008, 2.801, 2.824, 2.826, 2.715, 2.552, 2.29, 2.053, 2.355], [4.261, 5.218, 5.603, 5.651, 5.17, 4.655, 4.869, 4.387, 3.988, 4.207, 3.888, 3.189, 3.053, 2.72, 2.485, 3.194, 3.804, 4.181, 4.583, 4.81, 4.396, 4.727, 4.919, 5.192, 5.174, 5.06, 5.176, 5.233, 5.078, 5.111, 5.682, 4.937, 3.89, 3.053, 2.802, 3.7, 3.924, 4.041, 4.587, 4.511, 4.735, 3.411, 1.96, 1.15, 0.0, 1.375, 4.173, 4.638, 4.456, 5.31, 6.795, 8.63, 9.618, 9.83, 10.065, 10.614, 10.167, 9.092, 8.696, 8.62, 6.477, 5.412, 5.42, 5.268, 4.578, 4.336, 4.092, 3.791, 3.46, 3.359, 3.586, 3.868, 4.374, 4.552, 4.592, 4.147, 3.918, 3.455, 3.47, 3.44, 3.494, 3.501, 3.291, 2.919, 2.978, 3.363], [3.637, 4.102, 4.571, 5.031, 4.479, 4.024, 4.313, 4.188, 4.57, 5.191, 4.637, 3.251, 3.106, 3.026, 3.189, 4.219, 4.9, 5.268, 5.665, 5.901, 5.384, 5.446, 5.839, 6.198, 6.132, 6.055, 6.208, 6.297, 6.136, 6.198, 6.78, 6.022, 4.914, 3.778, 3.697, 4.805, 5.062, 5.167, 5.734, 5.486, 5.631, 4.562, 3.08, 2.223, 1.375, 0.0, 2.936, 3.563, 3.578, 4.224, 5.688, 7.551, 8.477, 8.586, 8.863, 9.469, 9.004, 7.86, 7.389, 7.38, 5.191, 4.182, 4.282, 3.976, 3.418, 3.481, 3.326, 3.175, 2.817, 2.749, 2.582, 2.782, 3.12, 3.428, 3.64, 3.407, 3.523, 3.851, 3.934, 3.828, 4.033, 4.301, 4.074, 3.783, 3.962, 4.414], [3.2, 2.812, 3.108, 3.609, 3.426, 3.313, 3.723, 5.005, 7.158, 7.803, 7.258, 5.538, 4.443, 4.465, 5.558, 6.944, 7.708, 7.943, 8.328, 8.558, 8.138, 7.926, 8.478, 8.844, 8.778, 8.696, 8.853, 8.945, 8.784, 8.852, 9.428, 8.67, 7.562, 6.409, 6.326, 7.454, 7.911, 7.96, 8.52, 8.08, 7.967, 7.153, 5.8, 5.02, 4.173, 2.936, 0.0, 1.617, 2.011, 2.374, 3.228, 4.898, 5.858, 5.845, 6.117, 6.875, 6.397, 5.137, 4.793, 4.643, 2.859, 1.875, 1.793, 1.785, 1.893, 2.123, 2.145, 2.233, 2.758, 2.802, 2.458, 2.298, 2.145, 2.124, 2.371, 2.596, 4.904, 6.076, 6.073, 6.183, 6.6, 6.924, 6.625, 6.408, 6.591, 7.055], [3.642, 2.459, 2.611, 3.083, 3.284, 3.345, 3.694, 5.622, 7.878, 8.523, 7.978, 6.258, 5.259, 5.271, 6.199, 7.581, 8.326, 8.65, 9.028, 9.25, 8.807, 8.641, 9.194, 9.56, 9.489, 9.41, 9.553, 9.653, 9.476, 9.556, 10.144, 9.385, 8.278, 7.114, 7.045, 8.171, 8.494, 8.616, 9.176, 8.752, 8.683, 7.776, 6.429, 5.618, 4.638, 3.563, 1.617, 0.0, 1.073, 1.306, 2.347, 4.214, 5.229, 5.464, 5.66, 6.27, 5.777, 4.807, 4.624, 4.4, 2.781, 2.196, 1.97, 2.295, 2.468, 2.427, 2.396, 2.501, 3.301, 3.404, 3.052, 3.09, 2.723, 2.707, 2.709, 3.045, 5.624, 6.796, 6.793, 6.903, 7.32, 7.644, 7.345, 7.128, 7.311, 7.763], [3.07, 2.572, 2.821, 3.07, 2.888, 2.889, 3.152, 5.009, 7.264, 7.91, 7.365, 5.654, 4.991, 5.207, 5.777, 7.109, 7.867, 8.079, 8.449, 8.704, 8.267, 8.039, 8.588, 8.959, 8.888, 8.811, 8.959, 9.058, 8.887, 8.958, 9.541, 8.782, 7.679, 6.508, 6.438, 7.595, 8.082, 8.151, 8.678, 8.214, 8.069, 7.158, 5.895, 5.216, 4.456, 3.578, 2.011, 1.073, 0.0, 1.259, 2.974, 4.716, 5.787, 5.804, 5.966, 6.751, 6.217, 5.217, 5.093, 4.749, 3.361, 2.711, 2.532, 2.76, 2.765, 2.675, 2.643, 2.283, 2.99, 3.011, 2.995, 3.046, 2.731, 2.783, 2.688, 2.713, 5.011, 6.183, 6.18, 6.289, 6.707, 7.031, 6.732, 6.515, 6.714, 7.176], [4.045, 2.82, 2.937, 3.221, 3.628, 3.756, 4.082, 6.02, 8.275, 8.92, 8.375, 6.655, 5.656, 5.65, 6.623, 8.051, 8.783, 9.043, 9.43, 9.691, 9.194, 9.037, 9.607, 9.969, 9.9, 9.826, 9.975, 10.073, 9.902, 9.969, 10.549, 9.797, 8.693, 7.507, 7.436, 8.608, 9.0, 9.06, 9.614, 9.203, 9.073, 8.195, 6.83, 6.119, 5.31, 4.224, 2.374, 1.306, 1.259, 0.0, 1.96, 3.678, 4.798, 4.812, 5.0, 5.732, 5.234, 4.319, 4.274, 4.021, 3.032, 2.778, 2.663, 2.937, 2.985, 2.972, 2.997, 3.01, 3.708, 3.839, 3.388, 3.506, 2.932, 2.878, 2.702, 3.346, 6.021, 7.193, 7.19, 7.3, 7.717, 8.041, 7.742, 7.525, 7.708, 8.189], [5.776, 4.439, 4.102, 4.429, 5.278, 5.501, 5.814, 7.779, 10.034, 10.679, 10.134, 8.414, 7.234, 7.188, 8.355, 9.762, 10.482, 10.816, 11.197, 11.461, 10.903, 10.824, 11.378, 11.751, 11.682, 11.606, 11.755, 11.854, 11.68, 11.75, 12.33, 11.585, 10.483, 9.295, 9.194, 10.363, 10.647, 10.701, 11.251, 10.928, 10.825, 9.966, 8.572, 7.757, 6.795, 5.688, 3.228, 2.347, 2.974, 1.96, 0.0, 2.05, 3.375, 3.643, 3.776, 4.367, 4.056, 3.252, 3.497, 3.281, 2.682, 2.736, 2.549, 3.37, 3.841, 4.095, 4.288, 4.592, 5.429, 5.544, 4.969, 4.89, 4.326, 3.834, 3.801, 4.988, 7.797, 8.953, 8.949, 9.059, 9.476, 9.8, 9.529, 9.299, 9.481, 9.942], [7.558, 6.237, 5.899, 6.226, 7.075, 7.299, 7.649, 9.613, 11.895, 12.546, 11.965, 10.277, 9.103, 9.053, 10.232, 11.62, 12.325, 12.678, 13.065, 13.324, 12.773, 12.691, 13.245, 13.615, 13.546, 13.468, 13.617, 13.716, 13.544, 13.614, 14.196, 13.439, 12.335, 11.162, 11.062, 12.21, 12.487, 12.531, 13.09, 12.789, 12.688, 11.798, 10.418, 9.617, 8.63, 7.551, 4.898, 4.214, 4.716, 3.678, 2.05, 0.0, 1.73, 1.918, 2.155, 2.762, 2.761, 2.648, 2.912, 2.577, 2.885, 3.783, 3.419, 4.4, 5.601, 5.878, 6.057, 6.381, 7.226, 7.342, 6.769, 6.678, 6.12, 5.639, 5.505, 6.822, 9.675, 10.806, 10.815, 10.908, 11.318, 11.671, 11.392, 11.173, 11.356, 11.813], [8.485, 7.188, 6.834, 7.163, 8.004, 8.244, 8.609, 10.573, 12.855, 13.506, 12.925, 11.237, 10.071, 10.021, 11.193, 12.591, 13.295, 13.659, 14.05, 14.284, 13.778, 13.666, 14.22, 14.585, 14.513, 14.435, 14.583, 14.683, 14.507, 14.581, 15.168, 14.409, 13.303, 12.137, 12.03, 13.167, 13.375, 13.52, 14.072, 13.727, 13.656, 12.766, 11.398, 10.606, 9.618, 8.477, 5.858, 5.229, 5.787, 4.798, 3.375, 1.73, 0.0, 0.997, 0.974, 1.307, 1.496, 1.751, 2.009, 2.005, 3.816, 4.654, 4.465, 5.381, 6.523, 6.817, 7.024, 7.29, 8.135, 8.26, 7.729, 7.638, 7.08, 6.599, 6.465, 7.782, 10.635, 11.766, 11.775, 11.868, 12.278, 12.631, 12.36, 12.136, 12.319, 12.773], [8.384, 7.087, 6.733, 7.063, 7.904, 8.143, 8.509, 10.472, 12.755, 13.405, 12.825, 11.137, 9.971, 9.925, 11.12, 12.506, 13.273, 13.597, 13.955, 14.201, 13.746, 13.583, 14.136, 14.504, 14.435, 14.358, 14.507, 14.605, 14.434, 14.503, 15.085, 14.33, 13.227, 12.053, 11.947, 13.089, 13.457, 13.549, 14.096, 13.671, 13.574, 12.702, 11.432, 10.656, 9.83, 8.586, 5.845, 5.464, 5.804, 4.812, 3.643, 1.918, 0.997, 0.0, 0.841, 1.522, 1.528, 1.614, 2.107, 1.944, 3.785, 4.596, 4.572, 5.294, 6.432, 6.72, 6.94, 7.183, 8.033, 8.159, 7.629, 7.538, 6.98, 6.501, 6.365, 7.682, 10.534, 11.665, 11.675, 11.768, 12.177, 12.531, 12.266, 12.036, 12.218, 12.672], [8.58, 7.283, 6.929, 7.258, 8.099, 8.339, 8.704, 10.668, 12.95, 13.601, 13.02, 11.332, 10.166, 10.12, 11.349, 12.772, 13.518, 13.794, 14.154, 14.412, 13.899, 13.772, 14.327, 14.7, 14.631, 14.56, 14.709, 14.804, 14.643, 14.701, 15.278, 14.533, 13.432, 12.243, 12.14, 13.315, 13.764, 13.79, 14.309, 13.945, 13.766, 12.876, 11.594, 10.857, 10.065, 8.863, 6.117, 5.66, 5.966, 5.0, 3.776, 2.155, 0.974, 0.841, 0.0, 1.213, 1.554, 1.647, 2.178, 2.022, 4.034, 4.834, 4.727, 5.455, 6.618, 6.912, 7.112, 7.388, 8.228, 8.355, 7.824, 7.733, 7.175, 6.706, 6.56, 7.877, 10.73, 11.861, 11.871, 11.963, 12.373, 12.726, 12.461, 12.232, 12.414, 12.906], [9.453, 8.156, 7.802, 8.132, 8.973, 9.212, 9.578, 11.541, 13.824, 14.474, 13.894, 12.206, 11.04, 10.99, 12.161, 13.549, 14.216, 14.609, 15.002, 15.237, 14.7, 14.627, 15.18, 15.533, 15.462, 15.383, 15.533, 15.631, 15.458, 15.53, 16.121, 15.362, 14.256, 13.098, 12.999, 14.131, 14.356, 14.458, 14.941, 14.714, 14.625, 13.735, 12.346, 11.538, 10.614, 9.469, 6.875, 6.27, 6.751, 5.732, 4.367, 2.762, 1.307, 1.522, 1.213, 0.0, 0.895, 2.115, 2.688, 2.862, 4.786, 5.624, 5.439, 6.329, 7.491, 7.786, 7.983, 8.252, 9.102, 9.228, 8.697, 8.607, 8.049, 7.605, 7.451, 8.751, 11.603, 12.734, 12.744, 12.837, 13.246, 13.6, 13.329, 13.105, 13.287, 13.741], [8.961, 7.664, 7.31, 7.664, 8.481, 8.72, 9.086, 11.049, 13.332, 13.982, 13.402, 11.714, 10.548, 10.502, 11.669, 13.057, 13.731, 14.125, 14.518, 14.753, 14.221, 14.142, 14.696, 15.054, 14.983, 14.904, 15.052, 15.152, 14.981, 15.051, 15.64, 14.881, 13.775, 12.613, 12.516, 13.648, 13.91, 14.044, 14.52, 14.239, 14.142, 13.252, 11.893, 11.096, 10.167, 9.004, 6.397, 5.777, 6.217, 5.234, 4.056, 2.761, 1.496, 1.528, 1.554, 0.895, 0.0, 1.593, 2.214, 2.378, 4.313, 5.146, 4.963, 5.837, 6.999, 7.294, 7.491, 7.76, 8.61, 8.736, 8.206, 8.115, 7.594, 7.187, 7.06, 8.269, 11.111, 12.242, 12.252, 12.345, 12.754, 13.108, 12.843, 12.613, 12.795, 13.249], [7.384, 6.087, 5.733, 6.078, 6.903, 7.143, 7.508, 9.472, 11.754, 12.405, 11.824, 10.136, 8.97, 8.924, 10.174, 11.659, 12.359, 12.589, 12.961, 13.193, 12.655, 12.604, 13.122, 13.495, 13.428, 13.381, 13.511, 13.605, 13.444, 13.537, 14.075, 13.33, 12.228, 11.085, 11.01, 12.118, 12.519, 12.552, 13.072, 12.747, 12.566, 11.736, 10.561, 9.86, 9.092, 7.86, 5.137, 4.807, 5.217, 4.319, 3.252, 2.648, 1.751, 1.614, 1.647, 2.115, 1.593, 0.0, 0.926, 1.178, 2.912, 3.847, 3.903, 4.263, 5.422, 5.716, 5.914, 6.183, 7.032, 7.159, 6.628, 6.54, 6.01, 5.629, 5.504, 6.693, 9.534, 10.665, 10.675, 10.767, 11.177, 11.53, 11.265, 11.035, 11.218, 11.69], [6.772, 5.475, 5.121, 5.49, 6.292, 6.531, 6.897, 8.86, 11.143, 11.793, 11.213, 9.525, 8.359, 8.313, 9.52, 11.018, 11.803, 12.032, 12.34, 12.586, 12.076, 11.973, 12.526, 12.894, 12.821, 12.79, 12.958, 13.021, 12.875, 12.964, 13.476, 12.716, 11.645, 10.529, 10.487, 11.532, 11.904, 11.933, 12.505, 12.249, 12.175, 11.439, 10.08, 9.398, 8.696, 7.389, 4.793, 4.624, 5.093, 4.274, 3.497, 2.912, 2.009, 2.107, 2.178, 2.688, 2.214, 0.926, 0.0, 1.0, 2.359, 3.549, 3.786, 3.845, 4.864, 5.132, 5.318, 5.64, 6.421, 6.556, 6.016, 5.949, 5.416, 5.084, 4.974, 6.089, 8.922, 10.053, 10.063, 10.156, 10.565, 10.919, 10.654, 10.424, 10.606, 11.067], [6.618, 5.296, 4.956, 5.348, 6.144, 6.356, 6.746, 8.681, 10.964, 11.614, 11.033, 9.345, 8.18, 8.134, 9.607, 11.086, 11.873, 11.95, 12.244, 12.603, 12.073, 11.797, 12.367, 12.732, 12.675, 12.609, 12.751, 12.853, 12.688, 12.743, 13.318, 12.567, 11.47, 10.267, 10.191, 11.437, 12.034, 12.092, 12.555, 12.181, 11.864, 10.984, 9.964, 9.373, 8.62, 7.38, 4.643, 4.4, 4.749, 4.021, 3.281, 2.577, 2.005, 1.944, 2.022, 2.862, 2.378, 1.178, 1.0, 0.0, 2.364, 3.256, 3.5, 3.589, 4.697, 4.996, 5.248, 5.51, 6.321, 6.399, 5.864, 5.747, 5.288, 4.894, 4.816, 5.961, 8.743, 9.874, 9.884, 9.977, 10.386, 10.74, 10.475, 10.265, 10.475, 11.099], [4.863, 3.502, 3.232, 3.75, 4.421, 4.548, 4.846, 6.767, 9.05, 9.702, 9.12, 7.463, 6.266, 6.22, 7.424, 8.897, 9.656, 9.897, 10.251, 10.507, 10.036, 9.874, 10.43, 10.805, 10.735, 10.685, 10.835, 10.917, 10.757, 10.837, 11.383, 10.631, 9.542, 8.382, 8.327, 9.462, 9.807, 9.881, 10.444, 10.152, 10.152, 9.3, 7.931, 7.164, 6.477, 5.191, 2.859, 2.781, 3.361, 3.032, 2.682, 2.885, 3.816, 3.785, 4.034, 4.786, 4.313, 2.912, 2.359, 2.364, 0.0, 1.544, 1.77, 1.887, 2.911, 3.236, 3.438, 3.777, 4.515, 4.609, 3.982, 3.94, 3.529, 3.323, 3.383, 4.185, 6.843, 7.96, 7.97, 8.063, 8.472, 8.826, 8.561, 8.331, 8.513, 8.982], [4.025, 3.148, 3.115, 3.669, 4.041, 3.978, 4.442, 5.986, 8.216, 8.866, 8.293, 6.625, 5.432, 5.386, 6.621, 8.048, 8.821, 9.058, 9.419, 9.695, 9.244, 9.044, 9.602, 9.976, 9.907, 9.831, 9.987, 10.08, 9.913, 9.978, 10.555, 9.808, 8.706, 7.514, 7.414, 8.578, 9.025, 9.092, 9.637, 9.188, 9.134, 8.212, 6.931, 6.188, 5.412, 4.182, 1.875, 2.196, 2.711, 2.778, 2.736, 3.783, 4.654, 4.596, 4.834, 5.624, 5.146, 3.847, 3.549, 3.256, 1.544, 0.0, 0.89, 1.168, 2.106, 2.436, 2.607, 2.849, 3.671, 3.766, 3.226, 3.155, 2.904, 2.693, 2.872, 3.527, 6.006, 7.126, 7.136, 7.229, 7.638, 7.992, 7.727, 7.501, 7.681, 8.16], [4.387, 3.423, 3.434, 4.014, 4.315, 4.213, 4.612, 6.269, 8.534, 9.184, 8.613, 6.925, 5.75, 5.704, 6.893, 8.299, 9.041, 9.348, 9.729, 9.965, 9.459, 9.351, 9.905, 10.276, 10.211, 10.135, 10.284, 10.38, 10.216, 10.28, 10.858, 10.107, 9.003, 7.822, 7.721, 8.873, 9.273, 9.299, 9.837, 9.484, 9.358, 8.462, 7.155, 6.334, 5.42, 4.282, 1.793, 1.97, 2.532, 2.663, 2.549, 3.419, 4.465, 4.572, 4.727, 5.439, 4.963, 3.903, 3.786, 3.5, 1.77, 0.89, 0.0, 1.245, 2.375, 2.762, 2.917, 3.196, 4.028, 4.082, 3.554, 3.483, 3.264, 3.055, 3.212, 3.919, 6.313, 7.444, 7.454, 7.547, 7.956, 8.31, 8.045, 7.815, 7.997, 8.461], [3.404, 2.515, 2.607, 3.12, 3.409, 3.171, 3.613, 5.22, 7.495, 8.145, 7.565, 5.877, 4.711, 4.665, 6.136, 7.663, 8.426, 8.475, 8.782, 9.083, 8.506, 8.341, 8.899, 9.246, 9.2, 9.131, 9.271, 9.38, 9.216, 9.303, 9.847, 9.091, 8.011, 6.838, 6.769, 7.962, 8.505, 8.555, 9.011, 8.765, 8.502, 7.696, 6.613, 6.0, 5.268, 3.976, 1.785, 2.295, 2.76, 2.937, 3.37, 4.4, 5.381, 5.294, 5.455, 6.329, 5.837, 4.263, 3.845, 3.589, 1.887, 1.168, 1.245, 0.0, 1.365, 1.781, 1.95, 2.28, 3.095, 3.031, 2.602, 2.518, 2.33, 2.144, 2.318, 2.993, 5.275, 6.406, 6.415, 6.508, 6.917, 7.271, 7.017, 6.776, 7.007, 7.631], [2.12, 1.696, 1.793, 2.142, 2.239, 2.071, 2.551, 4.091, 6.333, 6.983, 6.402, 4.715, 3.55, 3.558, 5.294, 6.831, 7.626, 7.574, 7.768, 8.115, 7.518, 7.31, 7.778, 8.131, 8.065, 8.044, 8.195, 8.264, 8.093, 8.25, 8.725, 7.989, 6.886, 5.876, 5.907, 7.066, 7.597, 7.699, 8.151, 8.0, 7.77, 6.83, 5.828, 5.234, 4.578, 3.418, 1.893, 2.468, 2.765, 2.985, 3.841, 5.601, 6.523, 6.432, 6.618, 7.491, 6.999, 5.422, 4.864, 4.697, 2.911, 2.106, 2.375, 1.365, 0.0, 0.725, 1.009, 1.256, 1.986, 1.817, 1.535, 1.627, 1.586, 1.162, 1.515, 1.746, 4.112, 5.243, 5.253, 5.346, 5.755, 6.109, 5.898, 5.698, 6.009, 6.644], [1.767, 1.602, 1.589, 1.762, 1.98, 1.844, 2.366, 3.855, 6.038, 6.688, 6.108, 4.42, 3.265, 3.364, 5.031, 6.568, 7.374, 7.342, 7.481, 7.788, 7.202, 7.019, 7.494, 7.856, 7.77, 7.734, 7.918, 7.973, 7.801, 7.969, 8.441, 7.695, 6.593, 5.634, 5.691, 6.765, 7.3, 7.389, 7.848, 7.848, 7.674, 6.606, 5.58, 4.984, 4.336, 3.481, 2.123, 2.427, 2.675, 2.972, 4.095, 5.878, 6.817, 6.72, 6.912, 7.786, 7.294, 5.716, 5.132, 4.996, 3.236, 2.436, 2.762, 1.781, 0.725, 0.0, 0.578, 0.956, 1.648, 1.646, 1.577, 1.752, 1.642, 1.254, 1.506, 1.422, 3.818, 4.949, 4.958, 5.051, 5.46, 5.814, 5.61, 5.376, 5.679, 6.306], [1.719, 1.677, 1.77, 1.938, 1.958, 1.864, 2