[[0.0, 1.432, 1.868, 1.457, 1.633, 1.657, 2.012, 2.528, 2.782, 2.755, 2.917, 3.958, 4.213, 3.905, 3.666, 3.81, 3.99, 4.025, 4.476, 5.577, 5.498, 4.748, 4.696, 4.706, 4.399, 3.799, 3.73, 4.149, 4.509, 4.962, 5.151, 5.02, 4.97, 4.92, 5.074, 4.867, 5.23, 5.14, 5.191, 5.22, 5.052, 4.798, 4.711, 4.61, 4.501, 4.14, 3.977, 3.963, 4.696, 4.591, 3.544, 2.862, 2.941, 3.426, 3.784, 3.715, 4.348, 4.83, 4.943, 4.472, 4.337, 4.172, 4.725, 5.145, 4.809, 5.912, 6.372, 6.736, 7.201, 7.631, 7.662, 7.525, 7.445, 7.453, 7.361, 6.393, 5.139, 4.731, 4.929, 4.924, 4.513, 3.897, 3.64, 3.506, 3.654, 3.964], [1.432, 0.0, 0.825, 1.184, 1.136, 1.344, 1.622, 2.122, 2.303, 2.102, 2.138, 2.962, 3.104, 2.895, 2.746, 3.075, 3.339, 3.267, 3.534, 4.494, 4.536, 3.843, 3.825, 3.785, 3.47, 2.998, 3.018, 3.47, 3.82, 4.308, 4.374, 4.235, 4.162, 4.156, 4.292, 4.303, 4.596, 4.516, 4.657, 4.692, 4.372, 4.273, 4.006, 3.762, 3.982, 3.593, 3.288, 3.124, 3.591, 3.434, 2.441, 2.205, 2.075, 2.623, 2.937, 2.742, 3.097, 3.564, 3.716, 3.324, 3.312, 3.031, 3.477, 3.935, 3.575, 4.684, 5.125, 5.494, 5.969, 6.383, 6.423, 6.276, 6.204, 6.226, 6.17, 5.127, 4.017, 3.783, 4.013, 4.202, 3.877, 3.378, 3.264, 3.062, 3.063, 3.195], [1.868, 0.825, 0.0, 1.121, 1.236, 1.416, 1.873, 2.394, 2.405, 1.989, 1.97, 2.672, 2.741, 2.485, 2.494, 2.895, 3.295, 3.152, 3.237, 4.04, 4.284, 3.672, 3.551, 3.449, 3.182, 2.859, 3.007, 3.458, 3.784, 4.26, 4.236, 4.145, 4.014, 4.11, 4.219, 4.256, 4.6, 4.473, 4.612, 4.639, 4.287, 4.218, 3.969, 3.735, 3.958, 3.594, 3.258, 3.004, 3.272, 3.072, 2.118, 2.05, 1.918, 2.329, 2.702, 2.331, 2.722, 3.22, 3.377, 3.061, 3.058, 2.868, 3.241, 3.531, 3.229, 4.312, 4.774, 5.141, 5.599, 6.011, 6.057, 5.926, 5.847, 5.855, 5.791, 4.725, 3.639, 3.443, 3.676, 3.977, 3.679, 3.269, 3.276, 3.059, 2.889, 2.944], [1.457, 1.184, 1.121, 0.0, 0.913, 1.178, 1.636, 2.025, 2.071, 1.747, 1.783, 2.954, 3.199, 2.814, 2.712, 2.644, 3.071, 2.939, 3.313, 4.265, 4.263, 3.659, 3.592, 3.506, 3.244, 2.686, 2.782, 3.37, 3.707, 4.212, 4.332, 4.219, 4.162, 4.179, 4.331, 4.284, 4.737, 4.647, 4.678, 4.563, 4.407, 4.278, 4.1, 3.999, 3.85, 3.453, 3.354, 3.236, 3.77, 3.557, 2.555, 1.879, 1.844, 2.311, 2.78, 2.589, 3.322, 3.877, 3.945, 3.482, 3.333, 3.439, 3.861, 4.241, 3.903, 4.909, 5.368, 5.729, 6.188, 6.618, 6.652, 6.522, 6.442, 6.45, 6.432, 5.463, 4.162, 3.677, 3.776, 3.817, 3.479, 2.993, 2.939, 2.662, 2.481, 2.74], [1.633, 1.136, 1.236, 0.913, 0.0, 0.951, 1.254, 1.612, 1.635, 1.42, 1.612, 2.93, 3.206, 2.787, 2.586, 2.429, 2.726, 2.771, 3.152, 4.175, 4.153, 3.41, 3.425, 3.338, 3.074, 2.435, 2.449, 2.943, 3.349, 3.843, 3.971, 3.892, 3.812, 3.83, 4.074, 4.006, 4.456, 4.392, 4.38, 4.28, 4.053, 3.992, 3.718, 3.783, 3.525, 3.217, 3.106, 3.172, 3.7, 3.559, 2.66, 1.907, 1.971, 2.48, 2.87, 2.893, 3.537, 3.895, 3.948, 3.455, 3.421, 3.258, 3.756, 4.233, 3.907, 4.983, 5.399, 5.766, 6.242, 6.66, 6.668, 6.521, 6.442, 6.459, 6.457, 5.564, 4.31, 3.722, 3.559, 3.585, 3.331, 2.885, 2.794, 2.564, 2.438, 2.548], [1.657, 1.344, 1.416, 1.178, 0.951, 0.0, 1.02, 1.764, 1.856, 1.684, 1.937, 3.386, 3.687, 3.253, 3.101, 2.819, 2.967, 3.07, 3.351, 4.559, 4.516, 3.632, 3.538, 3.421, 2.966, 2.535, 2.687, 3.097, 3.757, 4.36, 4.418, 4.259, 4.182, 4.164, 4.325, 4.27, 4.785, 4.672, 4.678, 4.53, 4.424, 4.354, 4.105, 4.107, 3.872, 3.601, 3.393, 3.465, 4.143, 3.991, 2.973, 2.273, 2.235, 2.649, 2.971, 3.274, 3.924, 4.353, 4.441, 3.945, 3.803, 3.832, 4.234, 4.632, 4.28, 5.422, 5.859, 6.228, 6.704, 7.126, 7.152, 7.006, 6.927, 6.937, 6.904, 5.858, 4.755, 4.168, 3.938, 3.72, 3.448, 2.997, 2.932, 2.713, 2.68, 2.751], [2.012, 1.622, 1.873, 1.636, 1.254, 1.02, 0.0, 0.958, 1.241, 1.326, 1.862, 3.364, 3.648, 3.219, 3.055, 2.725, 2.566, 2.85, 3.245, 4.5, 4.468, 3.231, 3.312, 3.329, 2.892, 2.149, 2.068, 2.87, 3.61, 4.229, 4.32, 4.116, 4.154, 4.136, 4.42, 4.422, 4.907, 4.826, 4.829, 4.659, 4.462, 4.44, 4.13, 4.14, 3.885, 3.612, 3.497, 3.533, 4.119, 3.922, 2.897, 2.171, 2.118, 2.396, 2.674, 3.115, 3.836, 4.285, 4.407, 3.918, 3.831, 3.76, 4.168, 4.589, 4.233, 5.383, 5.822, 6.192, 6.665, 7.086, 7.115, 6.975, 6.896, 6.904, 6.842, 5.852, 4.666, 4.103, 3.782, 3.099, 2.749, 2.226, 2.086, 1.875, 2.416, 2.48], [2.528, 2.122, 2.394, 2.025, 1.612, 1.764, 0.958, 0.0, 0.629, 1.131, 1.873, 3.287, 3.607, 3.118, 2.917, 2.503, 2.295, 2.747, 3.259, 4.496, 4.498, 3.213, 3.457, 3.525, 3.127, 2.152, 1.858, 3.029, 3.5, 4.04, 4.17, 3.971, 3.978, 4.197, 4.536, 4.38, 4.861, 4.767, 4.746, 4.58, 4.386, 4.329, 4.206, 4.232, 3.953, 3.623, 3.587, 3.633, 4.195, 4.039, 3.106, 2.139, 2.245, 2.428, 2.68, 3.139, 3.97, 4.344, 4.348, 3.855, 3.797, 3.68, 4.275, 4.712, 4.387, 5.354, 5.79, 6.114, 6.577, 7.003, 7.034, 6.884, 6.796, 6.819, 6.847, 6.002, 4.525, 4.125, 3.809, 2.801, 2.201, 1.661, 1.499, 1.342, 2.156, 2.36], [2.782, 2.303, 2.405, 2.071, 1.635, 1.856, 1.241, 0.629, 0.0, 0.903, 1.659, 3.031, 3.351, 2.862, 2.625, 2.279, 2.096, 2.487, 3.003, 4.238, 4.242, 2.939, 3.141, 3.253, 2.855, 1.892, 1.639, 2.793, 3.341, 3.879, 3.994, 3.814, 3.792, 3.98, 4.311, 4.165, 4.657, 4.543, 4.539, 4.38, 4.157, 4.128, 3.992, 4.019, 3.744, 3.412, 3.386, 3.412, 3.952, 3.758, 2.912, 1.984, 2.053, 2.43, 2.556, 3.0, 3.783, 4.099, 4.054, 3.556, 3.53, 3.393, 3.997, 4.44, 4.107, 5.097, 5.519, 5.837, 6.274, 6.708, 6.758, 6.595, 6.508, 6.532, 6.613, 5.729, 4.301, 3.871, 3.518, 2.553, 1.987, 1.612, 1.506, 1.212, 1.935, 2.107], [2.755, 2.102, 1.989, 1.747, 1.42, 1.684, 1.326, 1.131, 0.903, 0.0, 0.999, 2.341, 2.644, 2.162, 2.041, 1.665, 1.568, 1.872, 2.325, 3.525, 3.527, 2.451, 2.547, 2.732, 2.348, 1.55, 1.476, 2.579, 3.068, 3.548, 3.614, 3.559, 3.533, 3.656, 3.895, 3.87, 4.365, 4.273, 4.259, 4.11, 3.89, 3.858, 3.668, 3.697, 3.453, 3.121, 3.078, 2.933, 3.355, 3.169, 2.303, 1.416, 1.442, 1.792, 2.027, 2.318, 3.116, 3.399, 3.42, 2.981, 3.009, 2.96, 3.46, 3.742, 3.404, 4.376, 4.818, 5.154, 5.62, 6.049, 6.081, 5.93, 5.842, 5.866, 5.913, 5.091, 3.646, 3.211, 2.858, 2.349, 1.981, 1.597, 1.735, 1.433, 1.544, 1.604], [2.917, 2.138, 1.97, 1.783, 1.612, 1.937, 1.862, 1.873, 1.659, 0.999, 0.0, 1.612, 1.835, 1.416, 1.459, 1.246, 1.495, 1.363, 1.656, 2.722, 2.686, 2.088, 2.067, 2.199, 1.968, 1.373, 1.413, 2.17, 2.663, 3.07, 3.213, 3.171, 3.086, 3.12, 3.346, 3.327, 3.793, 3.723, 3.72, 3.603, 3.381, 3.335, 3.035, 3.05, 2.887, 2.52, 2.439, 2.338, 2.727, 2.496, 1.699, 1.296, 1.112, 1.803, 2.038, 1.767, 2.52, 2.829, 2.721, 2.365, 2.285, 2.316, 2.754, 2.942, 2.616, 3.546, 3.984, 4.348, 4.809, 5.238, 5.268, 5.147, 5.087, 5.082, 5.158, 4.427, 3.025, 2.504, 2.271, 2.303, 2.084, 1.89, 2.195, 1.862, 1.418, 1.323], [3.958, 2.962, 2.672, 2.954, 2.93, 3.386, 3.364, 3.287, 3.031, 2.341, 1.612, 0.0, 1.043, 1.017, 0.828, 1.292, 1.703, 1.538, 1.582, 1.983, 2.226, 1.919, 1.665, 1.917, 2.018, 1.944, 2.111, 2.012, 2.451, 2.556, 2.725, 2.687, 2.584, 2.604, 2.707, 2.702, 2.908, 2.947, 3.041, 3.104, 2.847, 2.699, 2.475, 2.601, 2.519, 2.137, 1.923, 1.822, 1.781, 1.701, 1.491, 1.838, 2.049, 2.637, 2.937, 1.781, 1.976, 2.095, 1.783, 1.563, 1.516, 1.579, 1.776, 1.942, 1.59, 2.259, 2.706, 3.004, 3.485, 3.861, 3.937, 3.762, 3.665, 3.692, 3.958, 3.243, 1.781, 1.772, 1.813, 2.161, 2.334, 2.821, 3.303, 2.999, 1.791, 1.495], [4.213, 3.104, 2.741, 3.199, 3.206, 3.687, 3.648, 3.607, 3.351, 2.644, 1.835, 1.043, 0.0, 0.733, 1.008, 1.579, 1.919, 1.802, 1.761, 1.958, 2.198, 2.044, 1.699, 1.893, 2.043, 2.233, 2.518, 2.268, 2.578, 2.746, 2.982, 2.817, 2.754, 2.749, 2.849, 2.843, 3.102, 3.055, 3.182, 3.257, 2.939, 2.764, 2.569, 2.499, 2.763, 2.352, 2.036, 1.61, 1.731, 1.531, 1.235, 1.893, 1.91, 2.442, 2.689, 1.432, 1.326, 1.712, 1.402, 1.327, 1.491, 1.372, 1.67, 1.594, 1.262, 1.927, 2.349, 2.659, 3.052, 3.47, 3.494, 3.37, 3.286, 3.272, 3.519, 2.747, 1.52, 1.646, 1.753, 2.013, 2.37, 2.837, 3.379, 3.224, 1.863, 1.548], [3.905, 2.895, 2.485, 2.814, 2.787, 3.253, 3.219, 3.118, 2.862, 2.162, 1.416, 1.017, 0.733, 0.0, 0.735, 1.197, 1.583, 1.53, 1.577, 1.995, 2.214, 1.947, 1.691, 1.825, 1.823, 1.789, 2.053, 2.103, 2.454, 2.719, 2.906, 2.832, 2.737, 2.77, 2.887, 2.876, 3.268, 3.159, 3.238, 3.254, 2.978, 2.822, 2.576, 2.608, 2.646, 2.197, 2.016, 1.673, 1.95, 1.689, 1.199, 1.538, 1.644, 2.204, 2.503, 1.259, 1.63, 1.977, 1.646, 1.507, 1.731, 1.552, 1.969, 1.923, 1.588, 2.4, 2.743, 3.028, 3.508, 3.922, 3.941, 3.846, 3.777, 3.742, 4.029, 3.2, 1.792, 1.757, 1.745, 1.999, 2.191, 2.491, 3.035, 2.763, 1.507, 1.335], [3.666, 2.746, 2.494, 2.712, 2.586, 3.101, 3.055, 2.917, 2.625, 2.041, 1.459, 0.828, 1.008, 0.735, 0.0, 1.056, 1.506, 1.566, 1.78, 2.303, 2.549, 2.122, 1.997, 2.179, 2.111, 1.828, 1.975, 2.098, 2.346, 2.6, 2.822, 2.715, 2.621, 2.651, 2.769, 2.76, 3.03, 2.981, 3.093, 3.143, 2.877, 2.702, 2.511, 2.637, 2.598, 2.173, 1.923, 1.558, 1.936, 1.853, 1.367, 1.578, 1.808, 2.494, 2.83, 1.672, 1.877, 2.092, 1.837, 1.44, 1.57, 1.549, 2.06, 2.219, 1.843, 2.617, 3.003, 3.288, 3.734, 4.163, 4.197, 3.998, 3.932, 3.983, 4.276, 3.478, 2.123, 2.035, 2.061, 2.3, 2.293, 2.504, 2.897, 2.574, 1.516, 1.543], [3.81, 3.075, 2.895, 2.644, 2.429, 2.819, 2.725, 2.503, 2.279, 1.665, 1.246, 1.292, 1.579, 1.197, 1.056, 0.0, 0.98, 1.2, 1.465, 2.119, 2.188, 1.717, 1.61, 1.76, 1.674, 1.414, 1.366, 1.603, 1.97, 2.402, 2.446, 2.434, 2.375, 2.533, 2.76, 2.664, 3.095, 3.024, 3.038, 2.874, 2.737, 2.677, 2.528, 2.532, 2.281, 1.87, 1.88, 1.84, 2.252, 2.127, 1.622, 1.379, 1.741, 2.45, 2.729, 1.935, 2.498, 2.585, 2.49, 2.078, 2.108, 1.939, 2.379, 2.474, 2.134, 3.047, 3.402, 3.762, 4.247, 4.665, 4.672, 4.525, 4.452, 4.488, 4.687, 3.927, 2.537, 2.209, 1.898, 1.806, 2.119, 2.171, 2.437, 2.165, 1.106, 1.135], [3.99, 3.339, 3.295, 3.071, 2.726, 2.967, 2.566, 2.295, 2.096, 1.568, 1.495, 1.703, 1.919, 1.583, 1.506, 0.98, 0.0, 0.788, 1.243, 2.218, 2.216, 1.296, 1.395, 1.894, 1.774, 1.274, 1.122, 1.874, 2.386, 2.739, 2.834, 2.813, 2.772, 2.875, 3.145, 3.057, 3.527, 3.461, 3.441, 3.295, 3.157, 3.097, 2.932, 2.999, 2.743, 2.397, 2.357, 2.434, 2.859, 2.734, 2.238, 1.664, 1.742, 2.264, 2.425, 2.209, 2.975, 3.12, 2.959, 2.58, 2.682, 2.48, 2.915, 2.938, 2.536, 3.374, 3.7, 3.984, 4.437, 4.865, 4.84, 4.785, 4.766, 4.724, 5.094, 4.31, 2.827, 2.389, 1.958, 1.469, 1.613, 1.679, 2.051, 2.004, 1.381, 1.267], [4.025, 3.267, 3.152, 2.939, 2.771, 3.07, 2.85, 2.747, 2.487, 1.872, 1.363, 1.538, 1.802, 1.53, 1.566, 1.2, 0.788, 0.0, 0.785, 1.945, 1.841, 1.412, 1.299, 1.842, 1.85, 1.554, 1.443, 2.035, 2.651, 2.978, 3.042, 3.03, 2.951, 3.001, 3.169, 3.152, 3.609, 3.554, 3.557, 3.434, 3.383, 3.309, 3.129, 3.082, 2.893, 2.535, 2.436, 2.621, 2.803, 2.685, 2.297, 1.877, 1.556, 1.987, 2.164, 2.155, 2.888, 3.138, 2.87, 2.635, 2.667, 2.563, 2.871, 2.761, 2.335, 3.107, 3.356, 3.655, 4.124, 4.545, 4.52, 4.51, 4.521, 4.472, 4.844, 4.15, 2.697, 2.227, 1.938, 1.702, 1.859, 1.865, 2.437, 2.434, 1.705, 1.467], [4.476, 3.534, 3.237, 3.313, 3.152, 3.351, 3.245, 3.259, 3.003, 2.325, 1.656, 1.582, 1.761, 1.577, 1.78, 1.465, 1.243, 0.785, 0.0, 1.498, 1.611, 1.354, 1.094, 1.453, 1.593, 1.614, 1.651, 1.888, 2.582, 2.955, 2.974, 2.998, 2.903, 2.918, 3.09, 3.075, 3.53, 3.472, 3.482, 3.356, 3.375, 3.306, 3.128, 3.046, 2.984, 2.563, 2.539, 2.759, 2.82, 2.659, 2.305, 2.173, 1.831, 2.0, 2.265, 2.1, 2.709, 3.058, 2.825, 2.733, 2.78, 2.568, 2.783, 2.682, 2.244, 2.926, 3.066, 3.433, 3.863, 4.289, 4.366, 4.347, 4.343, 4.244, 4.66, 3.947, 2.54, 2.157, 1.823, 1.777, 1.992, 2.379, 2.941, 2.867, 1.956, 1.522], [5.577, 4.494, 4.04, 4.265, 4.175, 4.559, 4.5, 4.496, 4.238, 3.525, 2.722, 1.983, 1.958, 1.995, 2.303, 2.119, 2.218, 1.945, 1.498, 0.0, 1.002, 1.574, 1.527, 1.671, 2.2, 2.56, 2.759, 2.056, 2.483, 2.313, 2.397, 2.549, 2.403, 2.121, 2.248, 2.492, 2.933, 2.878, 2.827, 2.784, 2.845, 2.683, 2.555, 2.467, 2.383, 2.277, 2.481, 2.869, 2.726, 2.368, 2.474, 2.881, 2.839, 2.981, 3.307, 2.371, 2.856, 3.07, 2.76, 2.463, 2.727, 2.562, 2.428, 2.019, 1.792, 2.065, 2.451, 2.64, 2.914, 3.226, 3.443, 3.584, 3.449, 3.327, 3.842, 3.232, 1.905, 1.745, 1.539, 2.35, 3.071, 3.51, 4.131, 4.101, 2.707, 2.313], [5.498, 4.536, 4.284, 4.263, 4.153, 4.516, 4.468, 4.498, 4.242, 3.527, 2.686, 2.226, 2.198, 2.214, 2.549, 2.188, 2.216, 1.841, 1.611, 1.002, 0.0, 1.392, 1.504, 1.921, 2.272, 2.544, 2.742, 2.301, 2.51, 2.197, 2.221, 2.474, 2.357, 2.087, 2.167, 2.45, 2.828, 2.831, 2.77, 2.689, 2.705, 2.534, 2.421, 2.421, 2.319, 2.293, 2.544, 2.845, 2.797, 2.583, 2.59, 2.887, 2.777, 3.093, 3.295, 2.606, 3.221, 3.389, 2.903, 2.526, 2.773, 2.761, 2.551, 2.04, 1.75, 2.362, 2.651, 2.739, 3.003, 3.247, 3.3, 3.509, 3.503, 3.368, 3.704, 3.318, 2.092, 1.342, 1.391, 2.194, 3.017, 3.394, 4.068, 4.068, 2.759, 2.269], [4.748, 3.843, 3.672, 3.659, 3.41, 3.632, 3.231, 3.213, 2.939, 2.451, 2.088, 1.919, 2.044, 1.947, 2.122, 1.717, 1.296, 1.412, 1.354, 1.574, 1.392, 0.0, 0.885, 1.483, 1.591, 1.416, 1.524, 1.727, 2.246, 2.331, 2.373, 2.437, 2.394, 2.342, 2.606, 2.625, 3.119, 3.094, 3.038, 2.904, 2.839, 2.776, 2.635, 2.607, 2.49, 2.218, 2.269, 2.568, 2.628, 2.414, 2.251, 2.437, 2.309, 2.797, 2.962, 2.518, 3.094, 3.22, 2.894, 2.484, 2.665, 2.456, 2.47, 2.333, 2.047, 2.864, 3.318, 3.517, 3.925, 4.321, 4.354, 4.363, 4.325, 4.243, 4.491, 3.719, 2.329, 1.82, 1.49, 1.538, 2.205, 2.556, 3.024, 2.822, 1.887, 1.497], [4.696, 3.825, 3.551, 3.592, 3.425, 3.538, 3.312, 3.457, 3.141, 2.547, 2.067, 1.665, 1.699, 1.691, 1.997, 1.61, 1.395, 1.299, 1.094, 1.527, 1.504, 0.885, 0.0, 1.107, 1.196, 1.471, 1.731, 1.573, 2.131, 2.432, 2.439, 2.442, 2.377, 2.374, 2.551, 2.55, 3.05, 2.962, 2.986, 2.84, 2.795, 2.734, 2.56, 2.556, 2.421, 2.059, 2.045, 2.346, 2.405, 2.228, 1.952, 2.193, 2.266, 2.642, 2.791, 2.269, 2.597, 2.963, 2.596, 2.401, 2.466, 2.332, 2.374, 2.295, 1.868, 2.767, 3.0, 3.293, 3.747, 4.191, 4.231, 4.225, 4.188, 4.09, 4.327, 3.373, 2.174, 1.775, 1.525, 1.443, 2.179, 2.727, 3.164, 2.972, 1.809, 1.488], [4.706, 3.785, 3.449, 3.506, 3.338, 3.421, 3.329, 3.525, 3.253, 2.732, 2.199, 1.917, 1.893, 1.825, 2.179, 1.76, 1.894, 1.842, 1.453, 1.671, 1.921, 1.483, 1.107, 0.0, 0.834, 1.51, 1.857, 1.185, 1.786, 2.273, 2.298, 2.197, 2.143, 2.176, 2.374, 2.34, 2.824, 2.743, 2.748, 2.587, 2.636, 2.45, 2.304, 2.302, 2.215, 1.795, 1.783, 2.065, 2.333, 2.17, 1.823, 2.565, 2.651, 3.026, 3.131, 2.41, 2.513, 2.917, 2.669, 2.376, 2.356, 2.215, 2.286, 2.347, 2.072, 2.834, 2.966, 3.373, 3.841, 4.243, 4.298, 4.327, 4.263, 4.156, 4.298, 3.301, 2.27, 2.14, 1.749, 1.8, 2.658, 3.132, 3.574, 3.168, 1.839, 1.485], [4.399, 3.47, 3.182, 3.244, 3.074, 2.966, 2.892, 3.127, 2.855, 2.348, 1.968, 2.018, 2.043, 1.823, 2.111, 1.674, 1.774, 1.85, 1.593, 2.2, 2.272, 1.591, 1.196, 0.834, 0.0, 1.131, 1.546, 1.313, 1.84, 2.469, 2.432, 2.265, 2.206, 2.258, 2.514, 2.506, 2.951, 2.903, 2.908, 2.74, 2.7, 2.643, 2.461, 2.477, 2.27, 1.913, 1.751, 1.915, 2.414, 2.254, 1.717, 2.317, 2.566, 2.937, 3.083, 2.432, 2.579, 2.917, 2.773, 2.499, 2.271, 2.135, 2.406, 2.625, 2.345, 3.28, 3.513, 3.881, 4.35, 4.77, 4.765, 4.747, 4.701, 4.67, 4.809, 3.763, 2.759, 2.448, 2.093, 1.826, 2.499, 2.927, 3.344, 2.843, 1.658, 1.418], [3.799, 2.998, 2.859, 2.686, 2.435, 2.535, 2.149, 2.152, 1.892, 1.55, 1.373, 1.944, 2.233, 1.789, 1.828, 1.414, 1.274, 1.554, 1.614, 2.56, 2.544, 1.416, 1.471, 1.51, 1.131, 0.0, 0.826, 1.348, 1.954, 2.547, 2.565, 2.45, 2.432, 2.515, 2.797, 2.783, 3.255, 3.185, 3.171, 3.011, 3.002, 2.956, 2.753, 2.836, 2.582, 2.222, 2.2, 2.27, 2.774, 2.641, 1.884, 1.784, 2.064, 2.683, 2.841, 2.345, 2.91, 3.169, 3.102, 2.638, 2.391, 2.399, 2.805, 3.107, 2.773, 3.806, 4.167, 4.509, 5.003, 5.424, 5.418, 5.393, 5.349, 5.326, 5.467, 4.565, 3.328, 2.734, 2.283, 1.831, 1.956, 2.09, 2.409, 1.965, 1.316, 1.119], [3.73, 3.018, 3.007, 2.782, 2.449, 2.687, 2.068, 1.858, 1.639, 1.476, 1.413, 2.111, 2.518, 2.053, 1.975, 1.366, 1.122, 1.443, 1.651, 2.759, 2.742, 1.524, 1.731, 1.857, 1.546, 0.826, 0.0, 1.538, 2.165, 2.723, 2.763, 2.652, 2.654, 2.731, 3.045, 2.978, 3.444, 3.379, 3.366, 3.213, 3.173, 3.152, 2.967, 3.031, 2.755, 2.375, 2.379, 2.501, 3.034, 2.918, 2.387, 1.943, 2.087, 2.702, 2.913, 2.663, 3.31, 3.441, 3.507, 3.02, 2.792, 2.617, 3.008, 3.391, 3.034, 4.003, 4.366, 4.717, 5.2, 5.629, 5.643, 5.628, 5.582, 5.53, 5.705, 4.895, 3.532, 3.03, 2.576, 1.891, 2.039, 2.059, 2.178, 1.759, 1.584, 1.448], [4.149, 3.47, 3.458, 3.37, 2.943, 3.097, 2.87, 3.029, 2.793, 2.579, 2.17, 2.012, 2.268, 2.103, 2.098, 1.603, 1.874, 2.035, 1.888, 2.056, 2.301, 1.727, 1.573, 1.185, 1.313, 1.348, 1.538, 0.0, 1.089, 1.703, 1.715, 1.561, 1.5, 1.454, 1.747, 1.639, 2.167, 2.067, 2.054, 1.897, 1.979, 1.912, 1.664, 1.766, 1.477, 1.143, 1.145, 1.807, 2.336, 2.242, 1.942, 2.345, 3.001, 3.729, 3.954, 2.93, 3.131, 3.155, 3.023, 2.465, 2.185, 1.828, 2.2, 2.64, 2.306, 3.302, 3.645, 3.992, 4.491, 4.93, 4.973, 4.979, 4.93, 4.841, 4.992, 4.024, 2.977, 2.72, 2.337, 2.277, 2.984, 3.234, 3.554, 3.096, 1.938, 1.563], [4.509, 3.82, 3.784, 3.707, 3.349, 3.757, 3.61, 3.5, 3.341, 3.068, 2.663, 2.451, 2.578, 2.454, 2.346, 1.97, 2.386, 2.651, 2.582, 2.483, 2.51, 2.246, 2.131, 1.786, 1.84, 1.954, 2.165, 1.089, 0.0, 1.152, 0.987, 0.817, 0.847, 1.039, 1.32, 1.187, 1.523, 1.415, 1.403, 1.22, 1.364, 1.326, 1.303, 1.597, 1.386, 0.953, 1.015, 1.442, 2.015, 1.972, 2.146, 2.828, 3.482, 4.353, 4.576, 3.332, 3.23, 3.046, 2.809, 2.337, 1.997, 1.805, 1.922, 2.507, 2.444, 3.18, 3.454, 3.692, 4.182, 4.622, 4.682, 4.685, 4.636, 4.531, 4.682, 3.695, 3.254, 2.97, 2.762, 2.951, 3.651, 3.781, 3.956, 3.518, 2.342, 2.272], [4.962, 4.308, 4.26, 4.212, 3.843, 4.36, 4.229, 4.04, 3.879, 3.548, 3.07, 2.556, 2.746, 2.719, 2.6, 2.402, 2.739, 2.978, 2.955, 2.313, 2.197, 2.331, 2.432, 2.273, 2.469, 2.547, 2.723, 1.703, 1.152, 0.0, 0.743, 0.835, 0.95, 0.924, 1.078, 1.163, 1.292, 1.365, 1.129, 1.093, 1.077, 1.013, 0.916, 1.385, 1.082, 1.147, 1.43, 1.812, 2.099, 2.037, 2.559, 3.229, 3.882, 4.754, 4.973, 3.701, 3.598, 3.342, 3.033, 2.379, 2.229, 2.068, 1.812, 2.039, 2.064, 2.763, 3.115, 3.281, 3.619, 3.892, 3.87, 3.878, 3.816, 3.725, 3.922, 3.431, 2.945, 2.59, 2.58, 3.303, 4.054, 4.278, 4.491, 4.098, 2.827, 2.675], [5.151, 4.374, 4.236, 4.332, 3.971, 4.418, 4.32, 4.17, 3.994, 3.614, 3.213, 2.725, 2.982, 2.906, 2.822, 2.446, 2.834, 3.042, 2.974, 2.397, 2.221, 2.373, 2.439, 2.298, 2.432, 2.565, 2.763, 1.715, 0.987, 0.743, 0.0, 0.691, 0.786, 0.966, 1.158, 1.24, 1.336, 1.38, 1.178, 0.961, 1.022, 1.12, 1.105, 1.569, 1.235, 1.241, 1.518, 1.907, 2.19, 2.148, 2.605, 3.341, 3.994, 4.867, 5.087, 3.798, 3.725, 3.516, 3.235, 2.584, 2.373, 2.257, 1.955, 2.179, 2.287, 3.06, 3.389, 3.494, 3.78, 4.127, 4.104, 4.091, 4.068, 3.989, 4.132, 3.492, 3.194, 2.658, 2.608, 3.378, 4.159, 4.328, 4.507, 4.093, 2.887, 2.763], [5.02, 4.235, 4.145, 4.219, 3.892, 4.259, 4.116, 3.971, 3.814, 3.559, 3.171, 2.687, 2.817, 2.832, 2.715, 2.434, 2.813, 3.03, 2.998, 2.549, 2.474, 2.437, 2.442, 2.197, 2.265, 2.45, 2.652, 1.561, 0.817, 0.835, 0.691, 0.0, 0.618, 0.914, 1.13, 1.04, 1.28, 1.19, 1.133, 1.02, 1.11, 1.175, 1.193, 1.648, 1.298, 1.203, 1.348, 1.721, 2.057, 2.003, 2.523, 3.36, 3.984, 4.856, 5.078, 3.781, 3.526, 3.337, 3.061, 2.402, 2.177, 2.105, 1.873, 2.218, 2.266, 3.03, 3.403, 3.521, 3.936, 4.305, 4.323, 4.318, 4.274, 4.196, 4.341, 3.516, 3.221, 2.862, 2.78, 3.281, 3.993, 4.145, 4.318, 3.889, 2.84, 2.714], [4.97, 4.162, 4.014, 4.162, 3.812, 4.182, 4.154, 3.978, 3.792, 3.533, 3.086, 2.584, 2.754, 2.737, 2.621, 2.375, 2.772, 2.951, 2.903, 2.403, 2.357, 2.394, 2.377, 2.143, 2.206, 2.432, 2.654, 1.5, 0.847, 0.95, 0.786, 0.618, 0.0, 0.739, 0.966, 1.03, 1.302, 1.244, 1.239, 1.082, 1.123, 1.048, 1.163, 1.616, 1.374, 1.177, 1.227, 1.685, 2.077, 1.966, 2.439, 3.245, 3.914, 4.779, 5.014, 3.696, 3.42, 3.224, 2.971, 2.36, 2.075, 1.934, 1.862, 2.116, 2.135, 2.89, 3.218, 3.437, 3.934, 4.288, 4.32, 4.332, 4.276, 4.171, 4.348, 3.466, 3.08, 2.756, 2.666, 3.277, 4.005, 4.161, 4.333, 3.923, 2.794, 2.695], [4.92, 4.156, 4.11, 4.179, 3.83, 4.164, 4.136, 4.197, 3.98, 3.656, 3.12, 2.604, 2.749, 2.77, 2.651, 2.533, 2.875, 3.001, 2.918, 2.121, 2.087, 2.342, 2.374, 2.176, 2.258, 2.515, 2.731, 1.454, 1.039, 0.924, 0.966, 0.914, 0.739, 0.0, 0.634, 0.87, 1.128, 1.072, 1.044, 1.056, 1.126, 0.95, 0.94, 1.42, 1.157, 1.109, 1.154, 1.628, 2.009, 1.889, 2.478, 3.285, 3.951, 4.812, 5.051, 3.74, 3.428, 3.235, 2.97, 2.362, 2.036, 1.973, 1.826, 2.029, 2.068, 2.656, 3.053, 3.152, 3.551, 3.953, 4.042, 4.104, 4.018, 3.903, 4.027, 3.212, 2.954, 2.552, 2.48, 3.38, 4.211, 4.459, 4.706, 4.262, 2.974, 2.766], [5.074, 4.292, 4.219, 4.331, 4.074, 4.325, 4.42, 4.536, 4.311, 3.895, 3.346, 2.707, 2.849, 2.887, 2.769, 2.76, 3.145, 3.169, 3.09, 2.248, 2.167, 2.606, 2.551, 2.374, 2.514, 2.797, 3.045, 1.747, 1.32, 1.078, 1.158, 1.13, 0.966, 0.634, 0.0, 0.707, 0.884, 0.85, 0.854, 0.969, 1.188, 0.845, 1.003, 1.436, 1.311, 1.3, 1.361, 1.65, 1.971, 1.906, 2.611, 3.477, 4.145, 4.983, 5.23, 3.877, 3.458, 3.218, 2.984, 2.357, 2.068, 2.009, 1.842, 1.938, 2.088, 2.654, 2.928, 3.053, 3.503, 3.837, 3.908, 3.965, 3.865, 3.774, 3.938, 3.152, 3.046, 2.594, 2.816, 3.661, 4.485, 4.706, 5.011, 4.551, 3.253, 3.039], [4.867, 4.303, 4.256, 4.284, 4.006, 4.27, 4.422, 4.38, 4.165, 3.87, 3.327, 2.702, 2.843, 2.876, 2.76, 2.664, 3.057, 3.152, 3.075, 2.492, 2.45, 2.625, 2.55, 2.34, 2.506, 2.783, 2.978, 1.639, 1.187, 1.163, 1.24, 1.04, 1.03, 0.87, 0.707, 0.0, 0.845, 0.687, 0.669, 0.844, 1.003, 0.824, 1.102, 1.576, 1.159, 1.106, 1.3, 1.667, 1.99, 2.017, 2.66, 3.438, 4.105, 4.964, 5.205, 3.888, 3.306, 3.104, 2.934, 2.245, 2.022, 1.93, 1.941, 2.113, 2.267, 2.695, 3.056, 3.211, 3.695, 4.105, 4.218, 4.243, 4.177, 4.063, 4.202, 3.313, 3.106, 2.87, 2.993, 3.652, 4.448, 4.664, 4.865, 4.434, 3.12, 3.029], [5.23, 4.596, 4.6, 4.737, 4.456, 4.785, 4.907, 4.861, 4.657, 4.365, 3.793, 2.908, 3.102, 3.268, 3.03, 3.095, 3.527, 3.609, 3.53, 2.933, 2.828, 3.119, 3.05, 2.824, 2.951, 3.255, 3.444, 2.167, 1.523, 1.292, 1.336, 1.28, 1.302, 1.128, 0.884, 0.845, 0.0, 0.604, 0.671, 0.987, 1.185, 1.111, 1.132, 1.638, 1.575, 1.508, 1.547, 1.801, 2.043, 2.186, 3.033, 3.855, 4.58, 5.425, 5.674, 4.297, 3.452, 3.118, 2.918, 2.419, 2.157, 2.219, 1.931, 2.321, 2.481, 2.694, 2.952, 3.043, 3.438, 3.756, 3.805, 3.834, 3.764, 3.655, 3.808, 3.11, 3.33, 3.139, 3.484, 4.119, 4.956, 5.154, 5.347, 4.903, 3.548, 3.496], [5.14, 4.516, 4.473, 4.647, 4.392, 4.672, 4.826, 4.767, 4.543, 4.273, 3.723, 2.947, 3.055, 3.159, 2.981, 3.024, 3.461, 3.554, 3.472, 2.878, 2.831, 3.094, 2.962, 2.743, 2.903, 3.185, 3.379, 2.067, 1.415, 1.365, 1.38, 1.19, 1.244, 1.072, 0.85, 0.687, 0.604, 0.0, 0.484, 0.859, 1.169, 1.022, 1.152, 1.614, 1.481, 1.412, 1.512, 1.735, 1.911, 2.056, 2.916, 3.74, 4.48, 5.326, 5.574, 4.165, 3.44, 3.19, 2.986, 2.394, 2.118, 2.126, 1.929, 2.287, 2.461, 2.821, 3.081, 3.135, 3.523, 3.874, 3.988, 4.027, 3.947, 3.833, 3.974, 3.18, 3.345, 3.13, 3.45, 4.076, 4.859, 5.039, 5.232, 4.788, 3.475, 3.431], [5.191, 4.657, 4.612, 4.678, 4.38, 4.678, 4.829, 4.746, 4.539, 4.259, 3.72, 3.041, 3.182, 3.238, 3.093, 3.038, 3.441, 3.557, 3.482, 2.827, 2.77, 3.038, 2.986, 2.748, 2.908, 3.171, 3.366, 2.054, 1.403, 1.129, 1.178, 1.133, 1.239, 1.044, 0.854, 0.669, 0.671, 0.484, 0.0, 0.666, 0.96, 0.955, 0.956, 1.567, 1.242, 1.356, 1.529, 1.861, 2.087, 2.15, 3.053, 3.835, 4.523, 5.376, 5.623, 4.284, 3.684, 3.463, 3.213, 2.57, 2.281, 2.26, 2.054, 2.375, 2.551, 2.984, 3.284, 3.366, 3.746, 4.041, 4.164, 4.18, 4.121, 4.007, 4.151, 3.393, 3.47, 3.152, 3.403, 4.043, 4.837, 5.032, 5.231, 4.8, 3.502, 3.417], [5.22, 4.692, 4.639, 4.563, 4.28, 4.53, 4.659, 4.58, 4.38, 4.11, 3.603, 3.104, 3.257, 3.254, 3.143, 2.874, 3.295, 3.434, 3.356, 2.784, 2.689, 2.904, 2.84, 2.587, 2.74, 3.011, 3.213, 1.897, 1.22, 1.093, 0.961, 1.02, 1.082, 1.056, 0.969, 0.844, 0.987, 0.859, 0.666, 0.0, 0.884, 0.838, 1.069, 1.446, 1.027, 1.218, 1.493, 1.924, 2.311, 2.273, 3.018, 3.719, 4.392, 5.252, 5.483, 4.194, 3.939, 3.711, 3.45, 2.797, 2.508, 2.344, 2.142, 2.495, 2.603, 3.27, 3.568, 3.647, 4.016, 4.345, 4.438, 4.461, 4.397, 4.283, 4.437, 3.653, 3.57, 3.196, 3.25, 3.882, 4.699, 4.873, 5.048, 4.617, 3.322, 3.26], [5.052, 4.372, 4.287, 4.407, 4.053, 4.424, 4.462, 4.386, 4.157, 3.89, 3.381, 2.847, 2.939, 2.978, 2.877, 2.737, 3.157, 3.383, 3.375, 2.845, 2.705, 2.839, 2.795, 2.636, 2.7, 3.002, 3.173, 1.979, 1.364, 1.077, 1.022, 1.11, 1.123, 1.126, 1.188, 1.003, 1.185, 1.169, 0.96, 0.884, 0.0, 0.749, 0.903, 1.368, 1.124, 1.269, 1.461, 1.828, 2.097, 2.08, 2.688, 3.498, 4.186, 5.039, 5.285, 3.953, 3.471, 3.267, 2.98, 2.347, 2.191, 2.101, 1.961, 2.176, 2.319, 2.814, 3.153, 3.312, 3.703, 4.046, 4.094, 4.082, 4.03, 3.937, 4.089, 3.291, 3.242, 2.913, 3.036, 3.696, 4.468, 4.65, 4.854, 4.421, 3.176, 3.06], [4.798, 4.273, 4.218, 4.278, 3.992, 4.354, 4.44, 4.329, 4.128, 3.858, 3.335, 2.699, 2.764, 2.822, 2.702, 2.677, 3.097, 3.309, 3.306, 2.683, 2.534, 2.776, 2.734, 2.45, 2.643, 2.956, 3.152, 1.912, 1.326, 1.013, 1.12, 1.175, 1.048, 0.95, 0.845, 0.824, 1.111, 1.022, 0.955, 0.838, 0.749, 0.0, 0.914, 1.291, 1.167, 1.144, 1.242, 1.485, 1.945, 1.914, 2.599, 3.405, 4.114, 4.942, 5.187, 3.86, 3.435, 3.2, 2.903, 2.306, 2.086, 1.915, 1.789, 1.908, 2.088, 2.731, 3.033, 3.184, 3.595, 3.981, 3.937, 3.966, 3.912, 3.812, 3.98, 3.257, 3.001, 2.598, 2.847, 3.638, 4.44, 4.621, 4.82, 4.393, 3.111, 3.015], [4.711, 4.006, 3.969, 4.1, 3.718, 4.105, 4.13, 4.206, 3.992, 3.668, 3.035, 2.475, 2.569, 2.576, 2.511, 2.528, 2.932, 3.129, 3.128, 2.555, 2.421, 2.635, 2.56, 2.304, 2.461, 2.753, 2.967, 1.664, 1.303, 0.916, 1.105, 1.193, 1.163, 0.94, 1.003, 1.102, 1.132, 1.152, 0.956, 1.069, 0.903, 0.914, 0.0, 0.897, 0.993, 1.054, 1.123, 1.411, 1.666, 1.681, 2.351, 3.189, 3.84, 4.7, 4.937, 3.615, 3.291, 3.087, 2.8, 2.168, 1.952, 1.773, 1.492, 1.839, 1.897, 2.551, 2.915, 2.991, 3.373, 3.643, 3.713, 3.722, 3.636, 3.523, 3.689, 2.937, 2.838, 2.474, 2.634, 3.339, 4.214, 4.481, 4.744, 4.296, 2.961, 2.712], [4.61, 3.762, 3.735, 3.999, 3.783, 4.107, 4.14, 4.232, 4.019, 3.697, 3.05, 2.601, 2.499, 2.608, 2.637, 2.532, 2.999, 3.082, 3.046, 2.467, 2.421, 2.607, 2.556, 2.302, 2.477, 2.836, 3.031, 1.766, 1.597, 1.385, 1.569, 1.648, 1.616, 1.42, 1.436, 1.576, 1.638, 1.614, 1.567, 1.446, 1.368, 1.291, 0.897, 0.0, 1.024, 1.129, 1.215, 1.546, 1.898, 1.872, 2.141, 2.949, 3.584, 4.394, 4.624, 3.278, 3.124, 2.94, 2.666, 2.179, 2.044, 1.666, 1.385, 1.744, 1.698, 2.404, 2.746, 2.939, 3.337, 3.675, 3.808, 3.871, 3.711, 3.574, 3.703, 2.869, 2.578, 2.388, 2.743, 3.352, 4.227, 4.509, 4.764, 4.32, 2.924, 2.721], [4.501, 3.982, 3.958, 3.85, 3.525, 3.872, 3.885, 3.953, 3.744, 3.453, 2.887, 2.519, 2.763, 2.646, 2.598, 2.281, 2.743, 2.893, 2.984, 2.383, 2.319, 2.49, 2.421, 2.215, 2.27, 2.582, 2.755, 1.477, 1.386, 1.082, 1.235, 1.298, 1.374, 1.157, 1.311, 1.159, 1.575, 1.481, 1.242, 1.027, 1.124, 1.167, 0.993, 1.024, 0.0, 0.73, 1.107, 1.771, 2.256, 2.167, 2.289, 2.981, 3.665, 4.519, 4.769, 3.483, 3.577, 3.421, 3.201, 2.453, 2.349, 2.124, 1.957, 2.203, 2.086, 2.853, 3.283, 3.532, 3.912, 4.31, 4.474, 4.483, 4.377, 4.247, 4.354, 3.465, 2.84, 2.407, 2.489, 3.17, 4.021, 4.25, 4.453, 4.022, 2.68, 2.538], [4.14, 3.593, 3.594, 3.453, 3.217, 3.601, 3.612, 3.623, 3.412, 3.121, 2.52, 2.137, 2.352, 2.197, 2.173, 1.87, 2.397, 2.535, 2.563, 2.277, 2.293, 2.218, 2.059, 1.795, 1.913, 2.222, 2.375, 1.143, 0.953, 1.147, 1.241, 1.203, 1.177, 1.109, 1.3, 1.106, 1.508, 1.412, 1.356, 1.218, 1.269, 1.144, 1.054, 1.129, 0.73, 0.0, 0.736, 1.318, 1.893, 1.755, 1.879, 2.601, 3.261, 4.104, 4.346, 3.087, 3.146, 2.953, 2.704, 2.104, 1.888, 1.66, 1.708, 2.171, 1.972, 2.771, 3.119, 3.394, 3.889, 4.305, 4.432, 4.436, 4.356, 4.23, 4.382, 3.441, 2.661, 2.401, 2.367, 2.912, 3.742, 3.923, 4.116, 3.686, 2.275, 2.249], [3.977, 3.288, 3.258, 3.354, 3.106, 3.393, 3.497, 3.587, 3.386, 3.078, 2.439, 1.923, 2.036, 2.016, 1.923, 1.88, 2.357, 2.436, 2.539, 2.481, 2.544, 2.269, 2.045, 1.783, 1.751, 2.2, 2.379, 1.145, 1.015, 1.43, 1.518, 1.348, 1.227, 1.154, 1.361, 1.3, 1.547, 1.512, 1.529, 1.493, 1.461, 1.242, 1.123, 1.215, 1.107, 0.736, 0.0, 0.903, 1.6, 1.5, 1.606, 2.457, 3.14, 3.971, 4.237, 2.907, 2.765, 2.627, 2.438, 1.977, 1.651, 1.369, 1.51, 2.044, 1.897, 2.717, 3.063, 3.36, 3.84, 4.256, 4.334, 4.287, 4.218, 4.11, 4.237, 3.182, 2.625, 2.406, 2.468, 2.828, 3.612, 3.868, 4.109, 3.662, 2.292, 2.118], [3.963, 3.124, 3.004, 3.236, 3.172, 3.465, 3.533, 3.633, 3.412, 2.933, 2.338, 1.822, 1.61, 1.673, 1.558, 1.84, 2.434, 2.621, 2.759, 2.869, 2.845, 2.568, 2.346, 2.065, 1.915, 2.27, 2.501, 1.807, 1.442, 1.812, 1.907, 1.721, 1.685, 1.628, 1.65, 1.667, 1.801, 1.735, 1.861, 1.924, 1.828, 1.485, 1.411, 1.546, 1.771, 1.318, 0.903, 0.0, 1.053, 1.13, 1.321, 2.287, 2.945, 3.753, 4.023, 2.641, 2.188, 2.021, 1.825, 1.492, 1.156, 1.089, 1.171, 1.636, 1.74, 2.426, 2.751, 2.994, 3.466, 3.882, 3.909, 3.815, 3.72, 3.703, 3.758, 2.763, 2.348, 2.245, 2.542, 2.745, 3.428, 3.691, 3.918, 3.478, 2.089, 2.007], [4.696, 3.591, 3.272, 3.77, 3.7, 4.143, 4.119, 4.195, 3.952, 3.355, 2.727, 1.781, 1.731, 1.95, 1.936, 2.252, 2.859, 2.803, 2.82, 2.726, 2.797, 2.628, 2.405, 2.333, 2.414, 2.774, 3.034, 2.336, 2.015, 2.099, 2.19, 2.057, 2.077, 2.009, 1.971, 1.99, 2.043, 1.911, 2.087, 2.311, 2.097, 1.945, 1.666, 1.898, 2.256, 1.893, 1.6, 1.053, 0.0, 0.778, 1.565, 2.719, 3.199, 3.874, 4.137, 2.733, 1.997, 1.762, 1.667, 1.527, 1.223, 1.241, 0.953, 1.348, 1.612, 2.063, 2.324, 2.419, 2.812, 3.076, 3.093, 2.962, 2.885, 2.917, 2.938, 2.247, 2.114, 2.198, 2.462, 2.821, 3.631, 4.008, 4.348, 3.929, 2.628, 2.296], [4.591, 3.434, 3.072, 3.557, 3.559, 3.991, 3.922, 4.039, 3.758, 3.169, 2.496, 1.701, 1.531, 1.689, 1.853, 2.127, 2.734, 2.685, 2.659, 2.368, 2.583, 2.414, 2.228, 2.17, 2.254, 2.641, 2.918, 2.242, 1.972, 2.037, 2.148, 2.003, 1.966, 1.889, 1.906, 2.017, 2.186, 2.056, 2.15, 2.273, 2.08, 1.914, 1.681, 1.872, 2.167, 1.755, 1.5, 1.13, 0.778, 0.0, 1.338, 2.521, 2.836, 3.441, 3.716, 2.345, 1.961, 1.726, 1.612, 1.307, 1.183, 1.157, 0.937, 1.202, 1.449, 2.04, 2.364, 2.44, 2.861, 3.224, 3.258, 3.129, 3.058, 3.083, 3.092, 2.318, 1.954, 2.02, 2.251, 2.752, 3.396, 3.763, 4.123, 3.714, 2.403, 2.037], [3.544, 2.441, 2.118, 2.555, 2.66, 2.973, 2.897, 3.106, 2.912, 2.303, 1.699, 1.491, 1.235, 1.199, 1.367, 1.622, 2.238, 2.297, 2.305, 2.474, 2.59, 2.251, 1.952, 1.823, 1.717, 1.884, 2.387, 1.942, 2.146, 2.559, 2.605, 2.523, 2.439, 2.478, 2.611, 2.66, 3.033, 2.916, 3.053, 3.018, 2.688, 2.599, 2.351, 2.141, 2.289, 1.879, 1.606, 1.321, 1.565, 1.338, 0.0, 1.563, 1.867, 2.621, 2.839, 1.433, 1.476, 1.706, 1.702, 1.377, 1.384, 1.343, 1.669, 1.826, 1.529, 2.574, 2.997, 3.36, 3.833, 4.259, 4.287, 4.149, 4.07, 4.09, 4.046, 3.01, 1.986, 1.96, 2.228, 2.374, 2.594, 2.769, 3.15, 2.759, 1.519, 1.573], [2.862, 2.205, 2.05, 1.879, 1.907, 2.273, 2.171, 2.139, 1.984, 1.416, 1.296, 1.838, 1.893, 1.538, 1.578, 1.379, 1.664, 1.877, 2.173, 2.881, 2.887, 2.437, 2.193, 2.565, 2.317, 1.784, 1.943, 2.345, 2.828, 3.229, 3.341, 3.36, 3.245, 3.285, 3.477, 3.438, 3.855, 3.74, 3.835, 3.719, 3.498, 3.405, 3.189, 2.949, 2.981, 2.601, 2.457, 2.287, 2.719, 2.521, 1.563, 0.0, 1.049, 1.921, 2.092, 1.434, 2.195, 2.59, 2.623, 2.267, 2.311, 2.211, 2.78, 2.977, 2.603, 3.578, 3.985, 4.3, 4.766, 5.195, 5.227, 5.093, 5.035, 5.02, 5.123, 4.328, 2.809, 2.598, 2.616, 2.407, 2.223, 2.068, 2.335, 2.086, 1.414, 1.616], [2.941, 2.075, 1.918, 1.844, 1.971, 2.235, 2.118, 2.245, 2.053, 1.442, 1.112, 2.049, 1.91, 1.644, 1.808, 1.741, 1.742, 1.556, 1.831, 2.839, 2.777, 2.309, 2.266, 2.651, 2.566, 2.064, 2.087, 3.001, 3.482, 3.882, 3.994, 3.984, 3.914, 3.951, 4.145, 4.105, 4.58, 4.48, 4.523, 4.392, 4.186, 4.114, 3.84, 3.584, 3.665, 3.261, 3.14, 2.945, 3.199, 2.836, 1.867, 1.049, 0.0, 1.18, 1.362, 1.267, 2.232, 2.834, 2.757, 2.51, 2.857, 2.837, 3.254, 3.112, 2.713, 3.589, 4.041, 4.348, 4.766, 5.161, 5.198, 5.119, 5.016, 5.013, 5.151, 4.326, 2.934, 2.522, 2.504, 2.35, 1.938, 1.747, 2.061, 1.976, 1.733, 1.807], [3.426, 2.623, 2.329, 2.311, 2.48, 2.649, 2.396, 2.428, 2.43, 1.792, 1.803, 2.637, 2.442, 2.204, 2.494, 2.45, 2.264, 1.987, 2.0, 2.981, 3.093, 2.797, 2.642, 3.026, 2.937, 2.683, 2.702, 3.729, 4.353, 4.754, 4.867, 4.856, 4.779, 4.812, 4.983, 4.964, 5.425, 5.326, 5.376, 5.252, 5.039, 4.942, 4.7, 4.394, 4.519, 4.104, 3.971, 3.753, 3.874, 3.441, 2.621, 1.921, 1.18, 0.0, 1.045, 1.551, 2.617, 3.319, 3.232, 3.212, 3.583, 3.534, 3.885, 3.684, 3.419, 3.978, 4.12, 4.379, 4.761, 4.973, 5.085, 4.958, 4.966, 4.959, 5.33, 4.584, 3.054, 2.889, 2.775, 2.446, 2.09, 1.993, 2.451, 2.466, 2.331, 2.397], [3.784, 2.937, 2.702, 2.78, 2.87, 2.971, 2.674, 2.68, 2.556, 2.027, 2.038, 2.937, 2.689, 2.503, 2.83, 2.729, 2.425, 2.164, 2.265, 3.307, 3.295, 2.962, 2.791, 3.131, 3.083, 2.841, 2.913, 3.954, 4.576, 4.973, 5.087, 5.078, 5.014, 5.051, 5.23, 5.205, 5.674, 5.574, 5.623, 5.483, 5.285, 5.187, 4.937, 4.624, 4.769, 4.346, 4.237, 4.023, 4.137, 3.716, 2.839, 2.092, 1.362, 1.045, 0.0, 1.825, 2.797, 3.62, 3.542, 3.506, 3.82, 3.775, 4.118, 3.935, 3.624, 4.248, 4.329, 4.592, 4.934, 4.903, 4.998, 5.007, 5.099, 5.134, 5.326, 4.507, 3.154, 3.059, 2.921, 2.418, 2.203, 1.947, 2.501, 2.494, 2.495, 2.595], [3.715, 2.742, 2.331, 2.589, 2.893, 3.274, 3.115, 3.139, 3.0, 2.318, 1.767, 1.781, 1.432, 1.259, 1.672, 1.935, 2.209, 2.155, 2.1, 2.371, 2.606, 2.518, 2.269, 2.41, 2.432, 2.345, 2.663, 2.93, 3.332, 3.701, 3.798, 3.781, 3.696, 3.74, 3.877, 3.888, 4.297, 4.165, 4.284, 4.194, 3.953, 3.86, 3.615, 3.278, 3.483, 3.087, 2.907, 2.641, 2.733, 2.345, 1.433, 1.434, 1.267, 1.551, 1.825, 0.0, 1.315, 2.008, 2.003, 2.131, 2.357, 2.167, 2.562, 2.398, 2.15, 2.777, 3.199, 3.38, 3.773, 4.12, 4.158, 4.114, 4.008, 4.009, 4.213, 3.351, 1.947, 2.114, 2.215, 2.31, 2.21, 2.295, 2.791, 2.662, 1.912, 1.947], [4.348, 3.097, 2.722, 3.322, 3.537, 3.924, 3.836, 3.97, 3.783, 3.116, 2.52, 1.976, 1.326, 1.63, 1.877, 2.498, 2.975, 2.888, 2.709, 2.856, 3.221, 3.094, 2.597, 2.513, 2.579, 2.91, 3.31, 3.131, 3.23, 3.598, 3.725, 3.526, 3.42, 3.428, 3.458, 3.306, 3.452, 3.44, 3.684, 3.939, 3.471, 3.435, 3.291, 3.124, 3.577, 3.146, 2.765, 2.188, 1.997, 1.961, 1.476, 2.195, 2.232, 2.617, 2.797, 1.315, 0.0, 1.119, 1.217, 1.534, 1.756, 1.715, 1.999, 1.905, 1.924, 2.011, 2.235, 2.545, 2.944, 3.352, 3.396, 3.272, 3.181, 3.197, 3.287, 2.323, 1.777, 2.42, 2.786, 2.905, 3.022, 3.238, 3.72, 3.502, 2.456, 2.557], [4.83, 3.564, 3.22, 3.877, 3.895, 4.353, 4.285, 4.344, 4.099, 3.399, 2.829, 2.095, 1.712, 1.977, 2.092, 2.585, 3.12, 3.138, 3.058, 3.07, 3.389, 3.22, 2.963, 2.917, 2.917, 3.169, 3.441, 3.155, 3.046, 3.342, 3.516, 3.337, 3.224, 3.235, 3.218, 3.104, 3.118, 3.19, 3.463, 3.711, 3.267, 3.2, 3.087, 2.94, 3.421, 2.953, 2.627, 2.021, 1.762, 1.726, 1.706, 2.59, 2.834, 3.319, 3.62, 2.008, 1.119, 0.0, 1.002, 1.48, 1.557, 1.529, 1.727, 1.652, 1.942, 1.577, 1.748, 1.983, 2.433, 2.855, 2.883, 2.758, 2.678, 2.689, 2.837, 2.226, 2.162, 2.991, 3.181, 3.272, 3.637, 3.768, 4.21, 3.994, 2.853, 2.765], [4.943, 3.716, 3.377, 3.945, 3.948, 4.441, 4.407, 4.348, 4.054, 3.42, 2.721, 1.783, 1.402, 1.646, 1.837, 2.49, 2.959, 2.87, 2.825, 2.76, 2.903, 2.894, 2.596, 2.669, 2.773, 3.102, 3.507, 3.023, 2.809, 3.033, 3.235, 3.061, 2.971, 2.97, 2.984, 2.934, 2.918, 2.986, 3.213, 3.45, 2.98, 2.903, 2.8, 2.666, 3.201, 2.704, 2.438, 1.825, 1.667, 1.612, 1.702, 2.623, 2.757, 3.232, 3.542, 2.003, 1.217, 1.002, 0.0, 1.019, 1.273, 1.435, 1.497, 1.522, 1.726, 1.405, 1.688, 1.887, 2.347, 2.736, 2.795, 2.629, 2.535, 2.552, 2.855, 2.091, 1.808, 2.494, 2.722, 3.003, 3.241, 3.718, 4.288, 4.022, 2.652, 2.53], [4.472, 3.324, 3.061, 3.482, 3.455, 3.945, 3.918, 3.855, 3.556, 2.981, 2.365, 1.563, 1.327, 1.507, 1.44, 2.078, 2.58, 2.635, 2.733, 2.463, 2.526, 2.484, 2.401, 2.376, 2.499, 2.638, 3.02, 2.465, 2.337, 2.379, 2.584, 2.402, 2.36, 2.362, 2.357, 2.245, 2.419, 2.394, 2.57, 2.797, 2.347, 2.306, 2.168, 2.179, 2.453, 2.104, 1.977, 1.492, 1.527, 1.307, 1.377, 2.267, 2.51, 3.212, 3.506, 2.131, 1.534, 1.48, 1.019, 0.0, 0.9, 1.209, 1.434, 1.468, 1.51, 1.786, 2.2, 2.442, 2.871, 3.294, 3.332, 3.148, 3.065, 3.089, 3.34, 2.658, 1.947, 2.141, 2.494, 2.889, 3.146, 3.504, 3.918, 3.569, 2.201, 2.191], [4.337, 3.312, 3.058, 3.333, 3.421, 3.803, 3.831, 3.797, 3.53, 3.009, 2.285, 1.516, 1.491, 1.731, 1.57, 2.108, 2.682, 2.667, 2.78, 2.727, 2.773, 2.665, 2.466, 2.356, 2.271, 2.391, 2.792, 2.185, 1.997, 2.229, 2.373, 2.177, 2.075, 2.036, 2.068, 2.022, 2.157, 2.118, 2.281, 2.508, 2.191, 2.086, 1.952, 2.044, 2.349, 1.888, 1.651, 1.156, 1.223, 1.183, 1.384, 2.311, 2.857, 3.583, 3.82, 2.357, 1.756, 1.557, 1.273, 0.9, 0.0, 1.054, 1.299, 1.622, 1.696, 2.106, 2.452, 2.706, 3.091, 3.569, 3.604, 3.423, 3.311, 3.347, 3.558, 2.811, 2.231, 2.446, 2.713, 2.921, 3.229, 3.638, 4.111, 3.67, 2.263, 2.127], [4.172, 3.031, 2.868, 3.439, 3.258, 3.832, 3.76, 3.68, 3.393, 2.96, 2.316, 1.579, 1.372, 1.552, 1.549, 1.939, 2.48, 2.563, 2.568, 2.562, 2.761, 2.456, 2.332, 2.215, 2.135, 2.399, 2.617, 1.828, 1.805, 2.068, 2.257, 2.105, 1.934, 1.973, 2.009, 1.93, 2.219, 2.126, 2.26, 2.344, 2.101, 1.915, 1.773, 1.666, 2.124, 1.66, 1.369, 1.089, 1.241, 1.157, 1.343, 2.211, 2.837, 3.534, 3.775, 2.167, 1.715, 1.529, 1.435, 1.209, 1.054, 0.0, 1.035, 1.441, 1.498, 2.031, 2.424, 2.7, 3.172, 3.582, 3.617, 3.466, 3.404, 3.424, 3.568, 2.759, 2.07, 2.379, 2.554, 2.792, 3.47, 3.747, 4.135, 3.701, 2.331, 2.078], [4.725, 3.477, 3.241, 3.861, 3.756, 4.234, 4.168, 4.275, 3.997, 3.46, 2.754, 1.776, 1.67, 1.969, 2.06, 2.379, 2.915, 2.871, 2.783, 2.428, 2.551, 2.47, 2.374, 2.286, 2.406, 2.805, 3.008, 2.2, 1.922, 1.812, 1.955, 1.873, 1.862, 1.826, 1.842, 1.941, 1.931, 1.929, 2.054, 2.142, 1.961, 1.789, 1.492, 1.385, 1.957, 1.708, 1.51, 1.171, 0.953, 0.937, 1.669, 2.78, 3.254, 3.885, 4.118, 2.562, 1.999, 1.727, 1.497, 1.434, 1.299, 1.035, 0.0, 0.961, 1.147, 1.621, 1.988, 2.133, 2.546, 2.948, 2.986, 2.914, 2.823, 2.792, 2.857, 2.094, 1.762, 2.048, 2.458, 2.965, 3.868, 4.227, 4.583, 4.137, 2.829, 2.41], [5.145, 3.935, 3.531, 4.241, 4.233, 4.632, 4.589, 4.712, 4.44, 3.742, 2.942, 1.942, 1.594, 1.923, 2.219, 2.474, 2.938, 2.761, 2.682, 2.019, 2.04, 2.333, 2.295, 2.347, 2.625, 3.107, 3.391, 2.64, 2.507, 2.039, 2.179, 2.218, 2.116, 2.029, 1.938, 2.113, 2.321, 2.287, 2.375, 2.495, 2.176, 1.908, 1.839, 1.744, 2.203, 2.171, 2.044, 1.636, 1.348, 1.202, 1.826, 2.977, 3.112, 3.684, 3.935, 2.398, 1.905, 1.652, 1.522, 1.468, 1.622, 1.441, 0.961, 0.0, 0.729, 1.175, 1.604, 1.805, 2.181, 2.529, 2.547, 2.502, 2.401, 2.34, 2.432, 1.891, 1.443, 1.694, 2.052, 2.851, 3.719, 4.092, 4.544, 4.328, 2.922, 2.493], [4.809, 3.575, 3.229, 3.903, 3.907, 4.28, 4.233, 4.387, 4.107, 3.404, 2.616, 1.59, 1.262, 1.588, 1.843, 2.134, 2.536, 2.335, 2.244, 1.792, 1.75, 2.047, 1.868, 2.072, 2.345, 2.773, 3.034, 2.306, 2.444, 2.064, 2.287, 2.266, 2.135, 2.068, 2.088, 2.267, 2.481, 2.461, 2.551, 2.603, 2.319, 2.088, 1.897, 1.698, 2.086, 1.972, 1.897, 1.74, 1.612, 1.449, 1.529, 2.603, 2.713, 3.419, 3.624, 2.15, 1.924, 1.942, 1.726, 1.51, 1.696, 1.498, 1.147, 0.729, 0.0, 1.334, 1.85, 2.121, 2.555, 2.901, 2.97, 2.975, 2.847, 2.744, 2.895, 2.2, 1.233, 1.388, 1.778, 2.47, 3.313, 3.696, 4.123, 3.986, 2.65, 2.184], [5.912, 4.684, 4.312, 4.909, 4.983, 5.422, 5.383, 5.354, 5.097, 4.376, 3.546, 2.259, 1.927, 2.4, 2.617, 3.047, 3.374, 3.107, 2.926, 2.065, 2.362, 2.864, 2.767, 2.834, 3.28, 3.806, 4.003, 3.302, 3.18, 2.763, 3.06, 3.03, 2.89, 2.656, 2.654, 2.695, 2.694, 2.821, 2.984, 3.27, 2.814, 2.731, 2.551, 2.404, 2.853, 2.771, 2.717, 2.426, 2.063, 2.04, 2.574, 3.578, 3.589, 3.978, 4.248, 2.777, 2.011, 1.577, 1.405, 1.786, 2.106, 2.031, 1.621, 1.175, 1.334, 0.0, 0.926, 1.059, 1.436, 1.793, 2.068, 2.142, 1.996, 1.816, 2.118, 1.512, 1.541, 2.181, 2.578, 3.296, 3.984, 4.556, 5.099, 4.968, 3.563, 3.15], [6.372, 5.125, 4.774, 5.368, 5.399, 5.859, 5.822, 5.79, 5.519, 4.818, 3.984, 2.706, 2.349, 2.743, 3.003, 3.402, 3.7, 3.356, 3.066, 2.451, 2.651, 3.318, 3.0, 2.966, 3.513, 4.167, 4.366, 3.645, 3.454, 3.115, 3.389, 3.403, 3.218, 3.053, 2.928, 3.056, 2.952, 3.081, 3.284, 3.568, 3.153, 3.033, 2.915, 2.746, 3.283, 3.119, 3.063, 2.751, 2.324, 2.364, 2.997, 3.985, 4.041, 4.12, 4.329, 3.199, 2.235, 1.748, 1.688, 2.2, 2.452, 2.424, 1.988, 1.604, 1.85, 0.926, 0.0, 0.697, 1.112, 1.44, 1.62, 1.719, 1.719, 1.604, 1.868, 1.462, 1.846, 2.553, 2.9, 3.58, 4.348, 4.898, 5.505, 5.358, 3.949, 3.543], [6.736, 5.494, 5.141, 5.729, 5.766, 6.228, 6.192, 6.114, 5.837, 5.154, 4.348, 3.004, 2.659, 3.028, 3.288, 3.762, 3.984, 3.655, 3.433, 2.64, 2.739, 3.517, 3.293, 3.373, 3.881, 4.509, 4.717, 3.992, 3.692, 3.281, 3.494, 3.521, 3.437, 3.152, 3.053, 3.211, 3.043, 3.135, 3.366, 3.647, 3.312, 3.184, 2.991, 2.939, 3.532, 3.394, 3.36, 2.9