[[0.0, 0.52, 0.562, 0.863, 1.05, 1.569, 1.948, 2.03, 2.264, 2.107, 1.53, 1.363, 1.657, 2.485, 2.284, 2.068, 2.328, 2.295, 2.053, 3.624, 4.791, 4.854, 4.898, 5.496, 5.752, 5.904, 7.997, 9.858, 11.306, 11.124, 11.683, 12.312, 12.288, 13.07, 12.936, 11.187, 10.79, 11.193, 11.688, 11.233, 11.212, 12.268, 12.288, 13.087, 15.85, 16.418, 16.247, 15.997, 15.407, 14.838, 14.66, 15.306, 15.408, 14.747, 14.076, 13.543, 12.612, 11.881, 12.11, 11.505, 11.575, 12.022, 12.086, 12.919, 12.885, 12.845, 12.442, 12.247, 12.885, 12.746, 13.207, 13.721, 14.702, 14.71, 15.372, 16.084, 17.11, 17.618, 18.558, 17.982, 15.673, 14.244, 13.675, 13.377, 13.902, 14.911], [0.52, 0.0, 0.644, 0.96, 1.077, 1.407, 1.869, 2.064, 2.252, 1.968, 1.547, 1.545, 1.758, 2.57, 2.293, 2.116, 2.351, 2.291, 2.055, 3.612, 4.754, 4.806, 4.843, 5.453, 5.696, 5.871, 7.947, 9.815, 11.248, 11.091, 11.651, 12.279, 12.255, 13.028, 12.898, 11.123, 10.719, 11.088, 11.636, 11.168, 11.109, 12.196, 12.222, 13.021, 15.798, 16.361, 16.181, 15.931, 15.342, 14.818, 14.638, 15.292, 15.353, 14.731, 14.058, 13.526, 12.607, 11.887, 12.106, 11.471, 11.566, 12.007, 12.03, 12.883, 12.855, 12.815, 12.41, 12.201, 12.846, 12.721, 13.194, 13.693, 14.691, 14.735, 15.306, 16.056, 17.081, 17.57, 18.511, 17.926, 15.607, 14.178, 13.66, 13.354, 13.904, 14.894], [0.562, 0.644, 0.0, 0.695, 0.983, 1.611, 2.085, 2.182, 2.401, 2.24, 1.572, 1.419, 1.856, 2.726, 2.442, 2.069, 2.243, 2.087, 2.067, 3.832, 5.027, 5.091, 5.134, 5.727, 5.989, 6.118, 8.213, 10.065, 11.521, 11.349, 11.913, 12.542, 12.518, 13.274, 13.143, 11.412, 10.999, 11.42, 11.915, 11.439, 11.387, 12.491, 12.496, 13.295, 16.064, 16.622, 16.458, 16.208, 15.611, 15.056, 14.89, 15.534, 15.622, 14.962, 14.309, 13.763, 12.842, 12.114, 12.339, 11.727, 11.789, 12.233, 12.291, 13.153, 13.13, 13.09, 12.668, 12.488, 13.103, 12.983, 13.434, 13.946, 14.913, 14.96, 15.596, 16.289, 17.32, 17.827, 18.764, 18.203, 15.885, 14.451, 13.896, 13.625, 14.133, 15.17], [0.863, 0.96, 0.695, 0.0, 0.98, 1.567, 2.115, 2.315, 2.521, 2.303, 1.59, 1.464, 2.069, 2.993, 2.72, 2.237, 2.199, 2.117, 2.155, 4.104, 5.281, 5.365, 5.432, 6.038, 6.264, 6.427, 8.516, 10.374, 11.809, 11.559, 12.13, 12.753, 12.751, 13.559, 13.434, 11.685, 11.234, 11.641, 12.173, 11.712, 11.658, 12.766, 12.788, 13.591, 16.36, 16.929, 16.747, 16.517, 15.912, 15.362, 15.183, 15.83, 15.928, 15.219, 14.517, 13.964, 12.987, 12.25, 12.451, 11.793, 11.996, 12.493, 12.535, 13.424, 13.306, 13.266, 12.857, 12.724, 13.385, 13.198, 13.683, 14.241, 15.206, 15.199, 15.867, 16.59, 17.574, 18.13, 19.075, 18.494, 16.185, 14.764, 14.202, 13.902, 14.38, 15.342], [1.05, 1.077, 0.983, 0.98, 0.0, 0.933, 1.431, 1.68, 1.916, 1.823, 1.374, 1.102, 1.503, 2.484, 2.287, 1.955, 2.134, 2.063, 1.876, 3.647, 4.788, 4.853, 4.903, 5.519, 5.747, 5.913, 7.973, 9.836, 11.285, 11.024, 11.606, 12.203, 12.213, 13.021, 12.907, 11.151, 10.711, 11.091, 11.639, 11.187, 11.138, 12.237, 12.264, 13.068, 15.824, 16.387, 16.224, 15.975, 15.383, 14.809, 14.633, 15.273, 15.389, 14.676, 13.942, 13.387, 12.271, 11.57, 11.661, 11.009, 11.386, 11.917, 11.974, 12.857, 12.752, 12.714, 12.311, 12.123, 12.849, 12.652, 13.153, 13.715, 14.654, 14.633, 15.333, 16.062, 17.05, 17.607, 18.54, 17.957, 15.651, 14.241, 13.663, 13.352, 13.823, 14.782], [1.569, 1.407, 1.611, 1.567, 0.933, 0.0, 0.89, 1.153, 1.383, 1.319, 1.473, 1.288, 1.353, 2.179, 2.027, 1.905, 2.248, 2.432, 1.948, 3.279, 4.398, 4.445, 4.48, 5.092, 5.305, 5.49, 7.521, 9.392, 10.826, 10.537, 11.142, 11.721, 11.751, 12.548, 12.434, 10.685, 10.223, 10.605, 11.158, 10.719, 10.661, 11.764, 11.791, 12.597, 15.35, 15.906, 15.746, 15.517, 14.925, 14.351, 14.174, 14.814, 14.93, 14.208, 13.451, 12.886, 11.779, 11.014, 11.131, 10.367, 10.852, 11.428, 11.5, 12.363, 12.235, 12.181, 11.799, 11.63, 12.368, 12.121, 12.652, 13.243, 14.17, 14.146, 14.853, 15.572, 16.574, 17.135, 18.072, 17.495, 15.189, 13.779, 13.197, 12.865, 13.317, 14.262], [1.948, 1.869, 2.085, 2.115, 1.431, 0.89, 0.0, 0.818, 1.141, 1.128, 1.435, 1.432, 1.111, 1.777, 1.804, 1.905, 2.381, 2.786, 2.019, 2.658, 3.744, 3.767, 3.795, 4.416, 4.63, 4.815, 6.836, 8.69, 10.166, 9.864, 10.468, 11.048, 11.078, 11.891, 11.778, 10.017, 9.578, 9.915, 10.453, 10.024, 9.963, 11.061, 11.092, 11.902, 14.654, 15.233, 15.073, 14.843, 14.256, 13.725, 13.547, 14.193, 14.263, 13.572, 12.78, 12.229, 11.096, 10.33, 10.395, 9.811, 10.292, 10.849, 10.848, 11.704, 11.53, 11.474, 11.103, 10.983, 11.667, 11.432, 11.977, 12.576, 13.549, 13.499, 14.147, 14.899, 15.894, 16.447, 17.379, 16.808, 14.493, 13.089, 12.544, 12.209, 12.66, 13.549], [2.03, 2.064, 2.182, 2.315, 1.68, 1.153, 0.818, 0.0, 0.703, 0.883, 1.409, 1.34, 1.066, 1.675, 1.618, 1.8, 2.335, 2.793, 1.952, 2.355, 3.434, 3.492, 3.556, 4.177, 4.389, 4.574, 6.596, 8.44, 9.907, 9.612, 10.198, 10.795, 10.811, 11.629, 11.515, 9.824, 9.466, 9.769, 10.209, 9.799, 9.792, 10.836, 10.827, 11.633, 14.392, 14.98, 14.827, 14.598, 14.006, 13.432, 13.255, 13.895, 14.011, 13.277, 12.521, 11.97, 10.975, 10.115, 10.395, 9.751, 10.063, 10.662, 10.692, 11.429, 11.265, 11.221, 10.81, 10.817, 11.444, 11.157, 11.687, 12.302, 13.232, 13.174, 13.889, 14.608, 15.594, 16.175, 17.108, 16.534, 14.234, 12.83, 12.233, 11.9, 12.353, 13.294], [2.264, 2.252, 2.401, 2.521, 1.916, 1.383, 1.141, 0.703, 0.0, 0.775, 1.562, 1.565, 1.311, 1.95, 1.736, 1.989, 2.5, 2.995, 2.069, 2.325, 3.262, 3.328, 3.423, 4.026, 4.236, 4.421, 6.44, 8.271, 9.737, 9.415, 10.027, 10.604, 10.64, 11.458, 11.345, 9.621, 9.298, 9.551, 10.014, 9.612, 9.573, 10.625, 10.646, 11.459, 14.221, 14.809, 14.657, 14.427, 13.835, 13.298, 13.085, 13.724, 13.84, 13.106, 12.399, 11.88, 10.866, 10.07, 10.294, 9.64, 9.924, 10.505, 10.583, 11.273, 11.108, 11.021, 10.648, 10.716, 11.267, 11.023, 11.516, 12.144, 13.074, 12.996, 13.707, 14.427, 15.413, 15.993, 16.926, 16.353, 14.053, 12.649, 12.052, 11.719, 12.194, 13.108], [2.107, 1.968, 2.24, 2.303, 1.823, 1.319, 1.128, 0.883, 0.775, 0.0, 1.258, 1.592, 1.403, 1.972, 1.708, 1.767, 2.292, 2.75, 1.886, 2.257, 3.357, 3.43, 3.491, 4.09, 4.323, 4.504, 6.548, 8.406, 9.885, 9.583, 10.187, 10.767, 10.797, 11.608, 11.494, 9.777, 9.414, 9.65, 10.174, 9.777, 9.718, 10.781, 10.811, 11.617, 14.374, 14.952, 14.792, 14.562, 13.975, 13.479, 13.262, 13.908, 13.981, 13.287, 12.561, 12.042, 11.036, 10.255, 10.42, 9.803, 10.167, 10.684, 10.702, 11.441, 11.267, 11.2, 10.822, 10.822, 11.43, 11.189, 11.693, 12.283, 13.264, 13.22, 13.867, 14.615, 15.61, 16.166, 17.098, 16.523, 14.212, 12.809, 12.26, 11.925, 12.386, 13.268], [1.53, 1.547, 1.572, 1.59, 1.374, 1.473, 1.435, 1.409, 1.562, 1.258, 0.0, 1.01, 1.32, 2.084, 1.667, 1.236, 1.554, 2.035, 1.463, 2.772, 3.986, 4.09, 4.144, 4.767, 4.975, 5.13, 7.203, 9.078, 10.535, 10.264, 10.853, 11.481, 11.497, 12.321, 12.197, 10.443, 10.032, 10.347, 10.912, 10.51, 10.417, 11.509, 11.539, 12.364, 15.114, 15.668, 15.478, 15.234, 14.666, 14.2, 13.995, 14.627, 14.691, 14.016, 13.328, 12.806, 11.841, 11.208, 11.426, 10.825, 10.943, 11.389, 11.344, 12.114, 12.037, 11.96, 11.544, 11.513, 12.153, 12.01, 12.5, 13.054, 14.029, 14.022, 14.571, 15.377, 16.363, 16.832, 17.826, 17.266, 14.881, 13.458, 13.003, 12.69, 13.211, 14.092], [1.363, 1.545, 1.419, 1.464, 1.102, 1.288, 1.432, 1.34, 1.565, 1.592, 1.01, 0.0, 0.965, 2.016, 1.64, 1.508, 1.839, 1.991, 1.6, 3.035, 4.196, 4.273, 4.335, 4.967, 5.212, 5.371, 7.433, 9.293, 10.735, 10.527, 11.092, 11.705, 11.699, 12.48, 12.36, 10.684, 10.333, 10.676, 11.12, 10.703, 10.701, 11.732, 11.735, 12.526, 15.293, 15.843, 15.681, 15.43, 14.832, 14.276, 14.087, 14.738, 14.842, 14.162, 13.48, 12.942, 11.948, 11.142, 11.42, 10.809, 11.003, 11.512, 11.554, 12.343, 12.221, 12.19, 11.803, 11.753, 12.333, 12.095, 12.61, 13.172, 14.11, 14.104, 14.813, 15.515, 16.539, 17.057, 17.99, 17.424, 15.118, 13.691, 13.113, 12.812, 13.275, 14.275], [1.657, 1.758, 1.856, 2.069, 1.503, 1.353, 1.111, 1.066, 1.311, 1.403, 1.32, 0.965, 0.0, 1.418, 1.335, 1.627, 2.227, 2.473, 1.72, 2.443, 3.512, 3.567, 3.631, 4.265, 4.494, 4.67, 6.706, 8.567, 10.022, 9.805, 10.37, 10.983, 10.975, 11.755, 11.638, 9.926, 9.597, 9.932, 10.375, 9.953, 9.985, 10.985, 11.003, 11.802, 14.558, 15.104, 14.935, 14.691, 14.112, 13.576, 13.38, 14.031, 14.11, 13.448, 12.757, 12.231, 11.212, 10.438, 10.649, 10.135, 10.348, 10.813, 10.845, 11.6, 11.486, 11.456, 11.073, 11.011, 11.588, 11.364, 11.884, 12.464, 13.432, 13.419, 14.073, 14.787, 15.825, 16.325, 17.269, 16.69, 14.386, 12.956, 12.419, 12.105, 12.562, 13.54], [2.485, 2.57, 2.726, 2.993, 2.484, 2.179, 1.777, 1.675, 1.95, 1.972, 2.084, 2.016, 1.418, 0.0, 1.125, 1.918, 2.458, 2.746, 2.096, 1.952, 2.795, 2.753, 2.842, 3.263, 3.525, 3.779, 5.644, 7.639, 9.051, 8.873, 9.384, 10.024, 9.997, 10.756, 10.626, 9.172, 8.955, 9.197, 9.532, 9.228, 9.413, 10.098, 10.039, 10.77, 13.521, 14.089, 13.927, 13.694, 13.124, 12.67, 12.411, 12.965, 13.058, 12.391, 12.063, 11.622, 10.933, 10.159, 10.55, 10.022, 9.973, 10.134, 10.21, 10.747, 10.813, 10.74, 10.216, 10.384, 10.869, 10.753, 10.999, 11.446, 12.374, 12.53, 13.084, 13.747, 14.761, 15.282, 16.217, 15.665, 13.341, 11.909, 11.365, 11.087, 11.826, 12.774], [2.284, 2.293, 2.442, 2.72, 2.287, 2.027, 1.804, 1.618, 1.736, 1.708, 1.667, 1.64, 1.335, 1.125, 0.0, 1.294, 1.948, 2.209, 1.611, 1.88, 3.176, 3.188, 3.234, 3.666, 4.1, 4.278, 6.137, 8.005, 9.612, 9.415, 9.978, 10.545, 10.568, 11.195, 11.15, 9.511, 9.278, 9.7, 10.052, 9.57, 9.702, 10.406, 10.36, 11.157, 13.881, 14.619, 14.414, 14.163, 13.642, 13.105, 12.973, 13.508, 13.448, 12.954, 12.646, 12.192, 11.444, 10.664, 11.044, 10.526, 10.472, 10.603, 10.511, 11.202, 11.454, 11.367, 10.773, 10.666, 11.279, 11.348, 11.57, 11.989, 12.856, 13.185, 13.59, 14.21, 15.156, 15.647, 16.591, 16.055, 13.774, 12.264, 11.73, 11.644, 12.471, 13.436], [2.068, 2.116, 2.069, 2.237, 1.955, 1.905, 1.905, 1.8, 1.989, 1.767, 1.236, 1.508, 1.627, 1.918, 1.294, 0.0, 0.973, 1.417, 1.184, 2.443, 3.868, 3.991, 4.013, 4.557, 4.871, 4.993, 6.956, 8.902, 10.406, 10.261, 10.855, 11.407, 11.405, 12.089, 12.013, 10.439, 10.138, 10.49, 10.864, 10.384, 10.396, 11.325, 11.227, 12.046, 14.832, 15.464, 15.237, 15.001, 14.415, 13.939, 13.8, 14.408, 14.324, 13.873, 13.424, 13.006, 12.264, 11.503, 11.848, 11.317, 11.272, 11.423, 11.288, 12.042, 12.226, 12.139, 11.642, 11.57, 12.127, 12.105, 12.417, 12.787, 13.753, 13.993, 14.444, 15.173, 16.1, 16.559, 17.492, 16.995, 14.647, 13.186, 12.663, 12.531, 13.262, 14.214], [2.328, 2.351, 2.243, 2.199, 2.134, 2.248, 2.381, 2.335, 2.5, 2.292, 1.554, 1.839, 2.227, 2.458, 1.948, 0.973, 0.0, 0.868, 1.244, 3.124, 4.5, 4.639, 4.661, 5.218, 5.573, 5.66, 7.662, 9.601, 11.106, 10.864, 11.459, 12.027, 12.023, 12.741, 12.635, 11.079, 10.809, 11.165, 11.597, 11.109, 11.124, 12.012, 11.964, 12.767, 15.51, 16.177, 15.956, 15.71, 15.15, 14.637, 14.481, 15.048, 15.044, 14.481, 14.143, 13.708, 12.976, 12.197, 12.525, 11.953, 11.924, 12.136, 12.04, 12.703, 12.935, 12.848, 12.275, 12.24, 12.852, 12.832, 13.066, 13.514, 14.416, 14.665, 15.109, 15.794, 16.75, 17.255, 18.193, 17.67, 15.372, 13.882, 13.359, 13.166, 13.948, 14.907], [2.295, 2.291, 2.087, 2.117, 2.063, 2.432, 2.786, 2.793, 2.995, 2.75, 2.035, 1.991, 2.473, 2.746, 2.209, 1.417, 0.868, 0.0, 1.376, 3.531, 4.992, 5.126, 5.141, 5.615, 6.052, 6.09, 8.038, 10.009, 11.526, 11.313, 11.89, 12.463, 12.496, 13.13, 13.074, 11.542, 11.25, 11.65, 12.04, 11.505, 11.547, 12.384, 12.339, 13.124, 15.894, 16.553, 16.336, 16.077, 15.543, 15.056, 14.928, 15.447, 15.393, 14.913, 14.636, 14.209, 13.461, 12.699, 13.019, 12.457, 12.434, 12.605, 12.478, 13.175, 13.419, 13.332, 12.735, 12.708, 13.284, 13.319, 13.561, 13.948, 14.823, 15.174, 15.561, 16.205, 17.148, 17.623, 18.542, 18.037, 15.72, 14.228, 13.757, 13.634, 14.457, 15.391], [2.053, 2.055, 2.067, 2.155, 1.876, 1.948, 2.019, 1.952, 2.069, 1.886, 1.463, 1.6, 1.72, 2.096, 1.611, 1.184, 1.244, 1.376, 0.0, 2.658, 4.166, 4.313, 4.307, 4.841, 5.22, 5.292, 7.236, 9.168, 10.699, 10.551, 11.143, 11.726, 11.708, 12.444, 12.327, 10.582, 10.18, 10.669, 11.135, 10.541, 10.511, 11.578, 11.601, 12.41, 15.185, 15.741, 15.518, 15.239, 14.717, 14.192, 14.089, 14.729, 14.654, 14.203, 13.751, 13.299, 12.429, 11.748, 11.976, 11.346, 11.39, 11.581, 11.464, 12.349, 12.564, 12.475, 11.938, 11.691, 12.294, 12.432, 12.741, 13.1, 14.087, 14.331, 14.763, 15.496, 16.491, 16.856, 17.808, 17.314, 14.952, 13.469, 12.987, 12.878, 13.624, 14.561], [3.624, 3.612, 3.832, 4.104, 3.647, 3.279, 2.658, 2.355, 2.325, 2.257, 2.772, 3.035, 2.443, 1.952, 1.88, 2.443, 3.124, 3.531, 2.658, 0.0, 1.728, 1.796, 1.814, 2.366, 2.751, 2.835, 4.703, 6.651, 8.198, 8.05, 8.661, 9.248, 9.255, 9.933, 9.841, 8.13, 7.824, 8.277, 8.673, 8.112, 8.127, 9.045, 9.023, 9.803, 12.649, 13.238, 13.007, 12.77, 12.206, 11.747, 11.659, 12.263, 12.118, 11.723, 11.347, 10.909, 10.088, 9.391, 9.696, 9.155, 9.119, 9.274, 9.016, 9.858, 10.111, 10.024, 9.448, 9.323, 9.856, 10.019, 10.29, 10.608, 11.576, 11.91, 12.223, 12.994, 13.93, 14.296, 15.271, 14.778, 12.377, 10.91, 10.476, 10.389, 11.199, 12.117], [4.791, 4.754, 5.027, 5.281, 4.788, 4.398, 3.744, 3.434, 3.262, 3.357, 3.986, 4.196, 3.512, 2.795, 3.176, 3.868, 4.5, 4.992, 4.166, 1.728, 0.0, 0.661, 0.941, 1.196, 1.663, 1.898, 3.356, 5.402, 6.689, 6.516, 7.108, 7.762, 7.752, 8.525, 8.393, 6.791, 6.559, 6.821, 7.219, 6.821, 6.978, 7.724, 7.687, 8.456, 11.236, 11.792, 11.57, 11.337, 10.833, 10.509, 10.24, 10.779, 10.783, 10.22, 9.898, 9.481, 8.688, 7.973, 8.3, 7.815, 7.756, 7.943, 7.846, 8.46, 8.569, 8.477, 7.956, 8.043, 8.534, 8.543, 8.819, 9.234, 10.226, 10.374, 10.713, 11.515, 12.523, 12.918, 13.927, 13.352, 10.985, 9.53, 9.158, 8.849, 9.653, 10.536], [4.854, 4.806, 5.091, 5.365, 4.853, 4.445, 3.767, 3.492, 3.328, 3.43, 4.09, 4.273, 3.567, 2.753, 3.188, 3.991, 4.639, 5.126, 4.313, 1.796, 0.661, 0.0, 0.679, 1.007, 1.463, 1.735, 3.266, 5.292, 6.608, 6.402, 6.976, 7.635, 7.635, 8.416, 8.3, 6.662, 6.496, 6.767, 7.136, 6.743, 6.939, 7.633, 7.59, 8.351, 11.123, 11.676, 11.481, 11.245, 10.733, 10.372, 10.126, 10.658, 10.672, 10.092, 9.741, 9.313, 8.545, 7.808, 8.192, 7.705, 7.654, 7.859, 7.799, 8.341, 8.44, 8.356, 7.822, 7.983, 8.449, 8.356, 8.659, 9.135, 10.129, 10.271, 10.613, 11.398, 12.408, 12.823, 13.812, 13.225, 10.901, 9.442, 9.056, 8.709, 9.499, 10.385], [4.898, 4.843, 5.134, 5.432, 4.903, 4.48, 3.795, 3.556, 3.423, 3.491, 4.144, 4.335, 3.631, 2.842, 3.234, 4.013, 4.661, 5.141, 4.307, 1.814, 0.941, 0.679, 0.0, 0.96, 1.449, 1.637, 3.187, 5.191, 6.532, 6.35, 6.911, 7.53, 7.545, 8.284, 8.206, 6.634, 6.454, 6.807, 7.102, 6.745, 6.901, 7.662, 7.542, 8.324, 11.039, 11.612, 11.444, 11.189, 10.648, 10.261, 9.993, 10.574, 10.585, 10.013, 9.696, 9.269, 8.537, 7.81, 8.199, 7.698, 7.641, 7.835, 7.748, 8.23, 8.366, 8.292, 7.747, 7.938, 8.421, 8.329, 8.594, 9.053, 10.014, 10.186, 10.557, 11.304, 12.322, 12.763, 13.725, 13.165, 10.835, 9.368, 8.932, 8.665, 9.425, 10.336], [5.496, 5.453, 5.727, 6.038, 5.519, 5.092, 4.416, 4.177, 4.026, 4.09, 4.767, 4.967, 4.265, 3.263, 3.666, 4.557, 5.218, 5.615, 4.841, 2.366, 1.196, 1.007, 0.96, 0.0, 0.984, 1.269, 2.583, 4.661, 6.008, 5.839, 6.355, 6.975, 7.032, 7.698, 7.672, 6.183, 6.01, 6.329, 6.577, 6.286, 6.556, 7.045, 6.979, 7.705, 10.442, 11.037, 10.864, 10.601, 10.095, 9.735, 9.476, 9.969, 9.978, 9.433, 9.216, 8.798, 8.06, 7.315, 7.725, 7.28, 7.216, 7.27, 7.263, 7.748, 7.875, 7.782, 7.203, 7.449, 7.884, 7.855, 8.122, 8.499, 9.429, 9.71, 10.033, 10.728, 11.754, 12.181, 13.133, 12.593, 10.256, 8.793, 8.35, 8.127, 8.961, 9.849], [5.752, 5.696, 5.989, 6.264, 5.747, 5.305, 4.63, 4.389, 4.236, 4.323, 4.975, 5.212, 4.494, 3.525, 4.1, 4.871, 5.573, 6.052, 5.22, 2.751, 1.663, 1.463, 1.449, 0.984, 0.0, 0.716, 2.406, 4.612, 5.834, 5.642, 6.189, 6.868, 6.904, 7.656, 7.568, 6.151, 5.909, 6.099, 6.445, 6.266, 6.424, 7.068, 6.89, 7.602, 10.294, 10.818, 10.606, 10.394, 9.99, 9.688, 9.36, 9.813, 9.868, 9.258, 8.984, 8.561, 7.829, 7.14, 7.554, 7.115, 7.055, 7.204, 7.187, 7.543, 7.542, 7.456, 7.024, 7.336, 7.757, 7.626, 7.951, 8.264, 9.315, 9.448, 9.813, 10.57, 11.605, 11.995, 13.015, 12.433, 10.063, 8.629, 8.229, 7.943, 8.675, 9.525], [5.904, 5.871, 6.118, 6.427, 5.913, 5.49, 4.815, 4.574, 4.421, 4.504, 5.13, 5.371, 4.67, 3.779, 4.278, 4.993, 5.66, 6.09, 5.292, 2.835, 1.898, 1.735, 1.637, 1.269, 0.716, 0.0, 2.374, 4.63, 5.774, 5.642, 6.166, 6.819, 6.86, 7.555, 7.531, 6.185, 5.896, 6.189, 6.529, 6.228, 6.365, 7.096, 6.867, 7.622, 10.208, 10.8, 10.54, 10.31, 9.906, 9.655, 9.288, 9.746, 9.741, 9.228, 9.082, 8.668, 7.924, 7.243, 7.648, 7.178, 7.115, 7.236, 7.189, 7.535, 7.617, 7.575, 7.036, 7.297, 7.738, 7.733, 7.963, 8.164, 9.189, 9.431, 9.828, 10.473, 11.495, 11.897, 12.882, 12.359, 9.96, 8.532, 8.177, 7.976, 8.696, 9.515], [7.997, 7.947, 8.213, 8.516, 7.973, 7.521, 6.836, 6.596, 6.44, 6.548, 7.203, 7.433, 6.706, 5.644, 6.137, 6.956, 7.662, 8.038, 7.236, 4.703, 3.356, 3.266, 3.187, 2.583, 2.406, 2.374, 0.0, 2.475, 3.865, 3.75, 4.173, 4.812, 4.923, 5.541, 5.478, 4.32, 4.168, 4.425, 4.57, 4.393, 4.711, 5.037, 4.907, 5.467, 8.159, 8.717, 8.473, 8.244, 7.816, 7.445, 7.264, 7.702, 7.625, 7.175, 7.069, 6.664, 6.048, 5.373, 5.794, 5.369, 5.315, 5.215, 5.136, 5.496, 5.749, 5.635, 5.049, 5.35, 5.653, 5.721, 5.953, 6.129, 7.138, 7.53, 7.783, 8.484, 9.426, 9.779, 10.739, 10.271, 7.861, 6.386, 6.0, 5.921, 6.81, 7.673], [9.858, 9.815, 10.065, 10.374, 9.836, 9.392, 8.69, 8.44, 8.271, 8.406, 9.078, 9.293, 8.567, 7.639, 8.005, 8.902, 9.601, 10.009, 9.168, 6.651, 5.402, 5.292, 5.191, 4.661, 4.612, 4.63, 2.475, 0.0, 1.794, 1.867, 2.284, 2.8, 2.8, 3.405, 3.333, 2.132, 2.156, 2.422, 2.408, 2.263, 2.683, 2.947, 3.033, 3.526, 6.105, 6.745, 6.519, 6.298, 5.773, 5.262, 5.146, 5.732, 5.713, 5.183, 4.848, 4.44, 3.831, 3.206, 3.629, 3.248, 3.156, 3.013, 2.882, 3.371, 3.666, 3.489, 2.955, 3.15, 3.459, 3.553, 3.852, 4.209, 5.082, 5.346, 5.693, 6.469, 7.466, 7.859, 8.827, 8.276, 5.956, 4.625, 4.065, 3.924, 4.713, 5.549], [11.306, 11.248, 11.521, 11.809, 11.285, 10.826, 10.166, 9.907, 9.737, 9.885, 10.535, 10.735, 10.022, 9.051, 9.612, 10.406, 11.106, 11.526, 10.699, 8.198, 6.689, 6.608, 6.532, 6.008, 5.834, 5.774, 3.865, 1.794, 0.0, 1.079, 1.127, 1.463, 1.333, 2.079, 1.955, 1.541, 1.805, 1.649, 1.378, 1.498, 1.807, 1.932, 1.932, 2.243, 4.659, 5.176, 4.984, 4.772, 4.224, 3.994, 3.649, 4.174, 4.291, 3.679, 3.593, 3.212, 2.688, 2.189, 2.513, 2.262, 2.137, 1.998, 1.795, 2.037, 2.138, 2.135, 1.784, 2.049, 2.228, 2.295, 2.516, 2.746, 3.653, 3.825, 4.204, 4.948, 5.994, 6.382, 7.359, 6.754, 4.506, 3.234, 2.642, 2.361, 3.181, 3.956], [11.124, 11.091, 11.349, 11.559, 11.024, 10.537, 9.864, 9.612, 9.415, 9.583, 10.264, 10.527, 9.805, 8.873, 9.415, 10.261, 10.864, 11.313, 10.551, 8.05, 6.516, 6.402, 6.35, 5.839, 5.642, 5.642, 3.75, 1.867, 1.079, 0.0, 1.01, 1.433, 1.513, 2.262, 2.201, 1.611, 1.825, 2.016, 1.888, 1.989, 2.207, 2.297, 2.232, 2.541, 4.934, 5.521, 5.319, 5.092, 4.698, 4.353, 4.057, 4.452, 4.489, 3.877, 3.702, 3.309, 2.585, 2.078, 2.378, 2.201, 2.196, 2.159, 2.175, 2.325, 2.373, 2.245, 2.024, 2.22, 2.543, 2.541, 2.772, 3.159, 4.018, 4.189, 4.518, 5.191, 6.178, 6.68, 7.629, 7.06, 4.781, 3.452, 2.957, 2.653, 3.452, 4.204], [11.683, 11.651, 11.913, 12.13, 11.606, 11.142, 10.468, 10.198, 10.027, 10.187, 10.853, 11.092, 10.37, 9.384, 9.978, 10.855, 11.459, 11.89, 11.143, 8.661, 7.108, 6.976, 6.911, 6.355, 6.189, 6.166, 4.173, 2.284, 1.127, 1.01, 0.0, 0.896, 1.322, 1.807, 1.777, 1.945, 2.238, 2.205, 2.018, 2.221, 2.467, 2.488, 2.308, 2.611, 4.386, 4.895, 4.714, 4.557, 4.064, 3.767, 3.427, 3.802, 3.888, 3.188, 3.198, 2.798, 2.523, 2.366, 2.408, 2.456, 2.291, 1.992, 2.174, 1.98, 2.127, 1.864, 1.728, 2.165, 2.147, 1.963, 2.108, 2.638, 3.443, 3.591, 3.959, 4.576, 5.552, 6.039, 6.988, 6.436, 4.163, 2.873, 2.373, 2.026, 2.829, 3.653], [12.312, 12.279, 12.542, 12.753, 12.203, 11.721, 11.048, 10.795, 10.604, 10.767, 11.481, 11.705, 10.983, 10.024, 10.545, 11.407, 12.027, 12.463, 11.726, 9.248, 7.762, 7.635, 7.53, 6.975, 6.868, 6.819, 4.812, 2.8, 1.463, 1.433, 0.896, 0.0, 0.854, 1.163, 1.185, 1.814, 2.241, 2.126, 1.894, 2.31, 2.212, 2.03, 1.895, 2.197, 3.728, 4.318, 4.147, 3.947, 3.404, 3.078, 2.746, 3.361, 3.404, 2.795, 2.71, 2.434, 2.233, 2.213, 2.138, 2.43, 2.338, 1.908, 2.038, 1.56, 1.757, 1.515, 1.666, 1.998, 1.866, 1.796, 1.838, 2.286, 2.809, 2.98, 3.33, 4.001, 5.019, 5.535, 6.446, 5.87, 3.655, 2.525, 1.907, 1.498, 2.149, 2.963], [12.288, 12.255, 12.518, 12.751, 12.213, 11.751, 11.078, 10.811, 10.64, 10.797, 11.497, 11.699, 10.975, 9.997, 10.568, 11.405, 12.023, 12.496, 11.708, 9.255, 7.752, 7.635, 7.545, 7.032, 6.904, 6.86, 4.923, 2.8, 1.333, 1.513, 1.322, 0.854, 0.0, 1.031, 0.943, 1.529, 2.004, 1.727, 1.426, 1.889, 1.81, 1.397, 1.372, 1.631, 3.653, 4.258, 4.09, 3.903, 3.317, 2.967, 2.7, 3.352, 3.53, 2.926, 2.758, 2.577, 2.062, 1.871, 1.898, 2.134, 2.045, 1.815, 1.789, 1.37, 1.476, 1.637, 1.661, 1.75, 1.913, 2.045, 2.134, 2.436, 2.853, 2.863, 3.232, 3.982, 5.017, 5.53, 6.442, 5.834, 3.72, 2.76, 2.13, 1.51, 2.157, 2.895], [13.07, 13.028, 13.274, 13.559, 13.021, 12.548, 11.891, 11.629, 11.458, 11.608, 12.321, 12.48, 11.755, 10.756, 11.195, 12.089, 12.741, 13.13, 12.444, 9.933, 8.525, 8.416, 8.284, 7.698, 7.656, 7.555, 5.541, 3.405, 2.079, 2.262, 1.807, 1.163, 1.031, 0.0, 0.766, 2.093, 2.655, 2.515, 2.111, 2.547, 2.428, 1.54, 1.417, 1.22, 2.863, 3.56, 3.381, 3.225, 2.812, 2.755, 2.522, 3.081, 3.358, 2.745, 2.843, 2.677, 2.443, 2.485, 2.497, 2.87, 2.712, 2.249, 2.26, 1.723, 1.904, 1.897, 2.046, 2.23, 2.231, 2.355, 2.386, 2.46, 2.675, 2.539, 2.817, 3.303, 4.343, 4.806, 5.668, 5.097, 3.369, 2.663, 2.041, 1.428, 1.9, 2.489], [12.936, 12.898, 13.143, 13.434, 12.907, 12.434, 11.778, 11.515, 11.345, 11.494, 12.197, 12.36, 11.638, 10.626, 11.15, 12.013, 12.635, 13.074, 12.327, 9.841, 8.393, 8.3, 8.206, 7.672, 7.568, 7.531, 5.478, 3.333, 1.955, 2.201, 1.777, 1.185, 0.943, 0.766, 0.0, 1.93, 2.512, 2.294, 1.884, 2.383, 2.274, 1.487, 1.527, 1.38, 3.022, 3.652, 3.485, 3.304, 2.919, 2.633, 2.463, 3.107, 3.304, 2.759, 2.692, 2.51, 2.235, 2.232, 2.249, 2.604, 2.379, 1.945, 2.055, 1.567, 1.817, 1.679, 1.838, 2.024, 1.887, 2.085, 2.082, 2.416, 2.694, 2.686, 2.92, 3.5, 4.508, 4.918, 5.795, 5.269, 3.466, 2.683, 1.994, 1.301, 1.844, 2.536], [11.187, 11.123, 11.412, 11.685, 11.151, 10.685, 10.017, 9.824, 9.621, 9.777, 10.443, 10.684, 9.926, 9.172, 9.511, 10.439, 11.079, 11.542, 10.582, 8.13, 6.791, 6.662, 6.634, 6.183, 6.151, 6.185, 4.32, 2.132, 1.541, 1.611, 1.945, 1.814, 1.529, 2.093, 1.93, 0.0, 0.985, 1.127, 1.241, 1.383, 1.274, 1.333, 1.445, 2.088, 4.84, 5.42, 5.247, 5.09, 4.5, 3.955, 3.916, 4.62, 4.74, 4.225, 3.925, 3.679, 2.844, 2.282, 2.595, 2.343, 2.367, 2.467, 2.268, 2.444, 2.682, 2.783, 2.547, 2.298, 2.582, 2.99, 3.243, 3.696, 4.205, 4.179, 4.428, 5.183, 6.285, 6.639, 7.61, 7.005, 4.913, 3.925, 3.371, 2.657, 3.346, 4.206], [10.79, 10.719, 10.999, 11.234, 10.711, 10.223, 9.578, 9.466, 9.298, 9.414, 10.032, 10.333, 9.597, 8.955, 9.278, 10.138, 10.809, 11.25, 10.18, 7.824, 6.559, 6.496, 6.454, 6.01, 5.909, 5.896, 4.168, 2.156, 1.805, 1.825, 2.238, 2.241, 2.004, 2.655, 2.512, 0.985, 0.0, 0.908, 1.315, 1.223, 1.112, 1.763, 1.845, 2.622, 5.429, 6.023, 5.762, 5.636, 5.062, 4.489, 4.361, 5.033, 5.024, 4.498, 4.155, 3.872, 2.969, 2.522, 2.783, 2.439, 2.489, 2.55, 2.222, 2.684, 2.853, 2.956, 2.709, 2.231, 2.683, 3.19, 3.553, 3.963, 4.605, 4.719, 4.965, 5.834, 6.922, 7.221, 8.24, 7.591, 5.336, 4.219, 3.725, 3.252, 3.843, 4.746], [11.193, 11.088, 11.42, 11.641, 11.091, 10.605, 9.915, 9.769, 9.551, 9.65, 10.347, 10.676, 9.932, 9.197, 9.7, 10.49, 11.165, 11.65, 10.669, 8.277, 6.821, 6.767, 6.807, 6.329, 6.099, 6.189, 4.425, 2.422, 1.649, 2.016, 2.205, 2.126, 1.727, 2.515, 2.294, 1.127, 0.908, 0.0, 0.892, 1.153, 0.924, 1.442, 1.678, 2.276, 5.044, 5.587, 5.381, 5.283, 4.696, 4.28, 4.084, 4.645, 4.672, 4.011, 3.72, 3.526, 2.675, 2.242, 2.502, 2.155, 2.171, 2.408, 2.104, 2.315, 2.333, 2.404, 2.277, 2.128, 2.439, 2.777, 3.148, 3.506, 4.274, 4.279, 4.559, 5.474, 6.589, 6.895, 7.914, 7.256, 5.052, 3.85, 3.356, 2.861, 3.422, 4.23], [11.688, 11.636, 11.915, 12.173, 11.639, 11.158, 10.453, 10.209, 10.014, 10.174, 10.912, 11.12, 10.375, 9.532, 10.052, 10.864, 11.597, 12.04, 11.135, 8.673, 7.219, 7.136, 7.102, 6.577, 6.445, 6.529, 4.57, 2.408, 1.378, 1.888, 2.018, 1.894, 1.426, 2.111, 1.884, 1.241, 1.315, 0.892, 0.0, 0.892, 1.049, 0.988, 1.379, 1.634, 4.39, 4.948, 4.76, 4.644, 4.056, 3.657, 3.43, 4.057, 4.164, 3.481, 3.262, 3.065, 2.346, 1.817, 2.249, 1.947, 1.945, 1.991, 1.712, 1.784, 1.82, 1.943, 1.787, 1.793, 1.886, 2.193, 2.578, 2.981, 3.642, 3.622, 3.932, 4.818, 5.948, 6.249, 7.247, 6.589, 4.446, 3.323, 2.77, 2.29, 2.84, 3.625], [11.233, 11.168, 11.439, 11.712, 11.187, 10.719, 10.024, 9.799, 9.612, 9.777, 10.51, 10.703, 9.953, 9.228, 9.57, 10.384, 11.109, 11.505, 10.541, 8.112, 6.821, 6.743, 6.745, 6.286, 6.266, 6.228, 4.393, 2.263, 1.498, 1.989, 2.221, 2.31, 1.889, 2.547, 2.383, 1.383, 1.223, 1.153, 0.892, 0.0, 1.026, 1.246, 1.583, 2.032, 4.853, 5.398, 5.213, 5.05, 4.467, 4.045, 3.962, 4.546, 4.591, 3.957, 3.807, 3.557, 2.796, 2.238, 2.588, 2.225, 2.19, 2.348, 1.924, 2.302, 2.469, 2.535, 2.162, 2.027, 2.345, 2.633, 3.034, 3.35, 4.114, 4.235, 4.5, 5.314, 6.421, 6.697, 7.662, 7.032, 4.954, 3.789, 3.191, 2.823, 3.487, 4.202], [11.212, 11.109, 11.387, 11.658, 11.138, 10.661, 9.963, 9.792, 9.573, 9.718, 10.417, 10.701, 9.985, 9.413, 9.702, 10.396, 11.124, 11.547, 10.511, 8.127, 6.978, 6.939, 6.901, 6.556, 6.424, 6.365, 4.711, 2.683, 1.807, 2.207, 2.467, 2.212, 1.81, 2.428, 2.274, 1.274, 1.112, 0.924, 1.049, 1.026, 0.0, 1.277, 1.479, 2.126, 4.995, 5.547, 5.313, 5.177, 4.551, 4.087, 4.019, 4.69, 4.627, 4.174, 3.884, 3.647, 2.832, 2.309, 2.6, 2.174, 2.22, 2.428, 1.983, 2.384, 2.483, 2.623, 2.457, 2.194, 2.406, 2.876, 3.218, 3.416, 4.174, 4.27, 4.568, 5.423, 6.479, 6.722, 7.681, 7.115, 4.921, 3.773, 3.233, 2.879, 3.485, 4.267], [12.268, 12.196, 12.491, 12.766, 12.237, 11.764, 11.061, 10.836, 10.625, 10.781, 11.509, 11.732, 10.985, 10.098, 10.406, 11.325, 12.012, 12.384, 11.578, 9.045, 7.724, 7.633, 7.662, 7.045, 7.068, 7.096, 5.037, 2.947, 1.932, 2.297, 2.488, 2.03, 1.397, 1.54, 1.487, 1.333, 1.763, 1.442, 0.988, 1.246, 1.277, 0.0, 0.763, 0.978, 3.75, 4.5, 4.276, 4.126, 3.638, 3.444, 3.391, 3.958, 3.998, 3.621, 3.539, 3.374, 2.644, 2.116, 2.443, 2.242, 2.256, 2.305, 1.988, 2.081, 2.255, 2.37, 2.216, 2.086, 2.271, 2.742, 2.975, 3.15, 3.463, 3.524, 3.633, 4.336, 5.301, 5.631, 6.589, 6.033, 4.147, 3.237, 2.712, 2.128, 2.795, 3.43], [12.288, 12.222, 12.496, 12.788, 12.264, 11.791, 11.092, 10.827, 10.646, 10.811, 11.539, 11.735, 11.003, 10.039, 10.36, 11.227, 11.964, 12.339, 11.601, 9.023, 7.687, 7.59, 7.542, 6.979, 6.89, 6.867, 4.907, 3.033, 1.932, 2.232, 2.308, 1.895, 1.372, 1.417, 1.527, 1.445, 1.845, 1.678, 1.379, 1.583, 1.479, 0.763, 0.0, 1.033, 3.778, 4.504, 4.321, 4.189, 3.722, 3.69, 3.6, 4.056, 4.101, 3.69, 3.806, 3.658, 3.125, 2.567, 2.956, 2.758, 2.782, 2.836, 2.522, 2.361, 2.52, 2.7, 2.572, 2.588, 2.805, 3.078, 3.24, 3.324, 3.676, 3.667, 3.801, 4.363, 5.317, 5.674, 6.566, 6.077, 4.272, 3.37, 2.857, 2.323, 2.964, 3.565], [13.087, 13.021, 13.295, 13.591, 13.068, 12.597, 11.902, 11.633, 11.459, 11.617, 12.364, 12.526, 11.802, 10.77, 11.157, 12.046, 12.767, 13.124, 12.41, 9.803, 8.456, 8.351, 8.324, 7.705, 7.602, 7.622, 5.467, 3.526, 2.243, 2.541, 2.611, 2.197, 1.631, 1.22, 1.38, 2.088, 2.622, 2.276, 1.634, 2.032, 2.126, 0.978, 1.033, 0.0, 2.973, 3.675, 3.484, 3.372, 3.223, 3.276, 3.139, 3.526, 3.684, 3.201, 3.397, 3.257, 2.798, 2.303, 2.712, 2.642, 2.595, 2.529, 2.284, 2.12, 2.192, 2.391, 2.255, 2.361, 2.548, 2.878, 2.999, 2.862, 3.185, 3.133, 3.235, 3.649, 4.572, 4.892, 5.721, 5.274, 3.617, 2.913, 2.422, 1.911, 2.508, 3.014], [15.85, 15.798, 16.064, 16.36, 15.824, 15.35, 14.654, 14.392, 14.221, 14.374, 15.114, 15.293, 14.558, 13.521, 13.881, 14.832, 15.51, 15.894, 15.185, 12.649, 11.236, 11.123, 11.039, 10.442, 10.294, 10.208, 8.159, 6.105, 4.659, 4.934, 4.386, 3.728, 3.653, 2.863, 3.022, 4.84, 5.429, 5.044, 4.39, 4.853, 4.995, 3.75, 3.778, 2.973, 0.0, 1.136, 1.149, 1.393, 1.542, 1.873, 1.845, 2.107, 2.439, 2.076, 2.622, 2.843, 3.729, 4.406, 4.448, 5.13, 4.514, 3.961, 4.022, 3.114, 3.251, 3.37, 3.875, 3.923, 3.286, 3.363, 3.013, 2.902, 1.905, 1.619, 1.734, 1.729, 2.333, 2.403, 3.041, 2.865, 1.892, 3.318, 2.994, 2.774, 2.572, 1.991], [16.418, 16.361, 16.622, 16.929, 16.387, 15.906, 15.233, 14.98, 14.809, 14.952, 15.668, 15.843, 15.104, 14.089, 14.619, 15.464, 16.177, 16.553, 15.741, 13.238, 11.792, 11.676, 11.612, 11.037, 10.818, 10.8, 8.717, 6.745, 5.176, 5.521, 4.895, 4.318, 4.258, 3.56, 3.652, 5.42, 6.023, 5.587, 4.948, 5.398, 5.547, 4.5, 4.504, 3.675, 1.136, 0.0, 0.972, 1.219, 1.36, 1.807, 1.893, 1.637, 2.222, 2.026, 2.551, 3.054, 4.275, 4.997, 5.035, 5.71, 5.08, 4.532, 4.599, 3.705, 3.795, 3.855, 4.345, 4.609, 3.798, 3.86, 3.351, 3.16, 2.279, 1.899, 1.578, 1.463, 1.983, 1.859, 2.514, 2.15, 1.574, 3.752, 3.515, 3.21, 2.871, 2.168], [16.247, 16.181, 16.458, 16.747, 16.224, 15.746, 15.073, 14.827, 14.657, 14.792, 15.478, 15.681, 14.935, 13.927, 14.414, 15.237, 15.956, 16.336, 15.518, 13.007, 11.57, 11.481, 11.444, 10.864, 10.606, 10.54, 8.473, 6.519, 4.984, 5.319, 4.714, 4.147, 4.09, 3.381, 3.485, 5.247, 5.762, 5.381, 4.76, 5.213, 5.313, 4.276, 4.321, 3.484, 1.149, 0.972, 0.0, 0.8, 1.329, 1.727, 1.778, 1.845, 2.041, 1.973, 2.513, 2.912, 4.13, 4.848, 4.896, 5.561, 4.931, 4.35, 4.359, 3.501, 3.641, 3.711, 4.21, 4.415, 3.61, 3.724, 3.171, 2.774, 1.845, 1.845, 1.373, 1.303, 2.007, 2.068, 2.853, 2.422, 1.37, 3.132, 3.237, 3.055, 2.725, 1.934], [15.997, 15.931, 16.208, 16.517, 15.975, 15.517, 14.843, 14.598, 14.427, 14.562, 15.234, 15.43, 14.691, 13.694, 14.163, 15.001, 15.71, 16.077, 15.239, 12.77, 11.337, 11.245, 11.189, 10.601, 10.394, 10.31, 8.244, 6.298, 4.772, 5.092, 4.557, 3.947, 3.903, 3.225, 3.304, 5.09, 5.636, 5.283, 4.644, 5.05, 5.177, 4.126, 4.189, 3.372, 1.393, 1.219, 0.8, 0.0, 1.303, 1.746, 1.587, 1.656, 1.811, 1.727, 2.323, 2.726, 3.968, 4.682, 4.732, 5.394, 4.747, 4.118, 4.142, 3.286, 3.452, 3.513, 3.984, 4.215, 3.42, 3.53, 2.933, 2.442, 1.514, 1.796, 1.206, 1.29, 2.107, 2.255, 3.099, 2.676, 1.245, 2.902, 2.884, 2.895, 2.52, 1.685], [15.407, 15.342, 15.611, 15.912, 15.383, 14.925, 14.256, 14.006, 13.835, 13.975, 14.666, 14.832, 14.112, 13.124, 13.642, 14.415, 15.15, 15.543, 14.717, 12.206, 10.833, 10.733, 10.648, 10.095, 9.99, 9.906, 7.816, 5.773, 4.224, 4.698, 4.064, 3.404, 3.317, 2.812, 2.919, 4.5, 5.062, 4.696, 4.056, 4.467, 4.551, 3.638, 3.722, 3.223, 1.542, 1.36, 1.329, 1.303, 0.0, 0.862, 1.089, 1.517, 1.888, 1.567, 1.857, 2.206, 3.368, 4.024, 4.078, 4.741, 4.104, 3.508, 3.566, 2.75, 2.867, 2.954, 3.43, 3.664, 2.887, 2.911, 2.434, 2.325, 1.45, 1.137, 1.224, 1.504, 2.361, 2.551, 3.407, 2.905, 1.584, 3.179, 2.706, 2.378, 2.079, 1.608], [14.838, 14.818, 15.056, 15.362, 14.809, 14.351, 13.725, 13.432, 13.298, 13.479, 14.2, 14.276, 13.576, 12.67, 13.105, 13.939, 14.637, 15.056, 14.192, 11.747, 10.509, 10.372, 10.261, 9.735, 9.688, 9.655, 7.445, 5.262, 3.994, 4.353, 3.767, 3.078, 2.967, 2.755, 2.633, 3.955, 4.489, 4.28, 3.657, 4.045, 4.087, 3.444, 3.69, 3.276, 1.873, 1.807, 1.727, 1.746, 0.862, 0.0, 0.727, 1.404, 1.803, 1.434, 1.302, 1.652, 2.83, 3.476, 3.509, 4.158, 3.526, 2.925, 3.073, 2.281, 2.495, 2.543, 2.988, 3.064, 2.346, 2.457, 2.056, 2.219, 1.324, 1.054, 1.28, 1.684, 2.626, 2.97, 3.885, 3.258, 1.641, 3.119, 2.516, 2.125, 1.914, 1.737], [14.66, 14.638, 14.89, 15.183, 14.633, 14.174, 13.547, 13.255, 13.085, 13.262, 13.995, 14.087, 13.38, 12.411, 12.973, 13.8, 14.481, 14.928, 14.089, 11.659, 10.24, 10.126, 9.993, 9.476, 9.36, 9.288, 7.264, 5.146, 3.649, 4.057, 3.427, 2.746, 2.7, 2.522, 2.463, 3.916, 4.361, 4.084, 3.43, 3.962, 4.019, 3.391, 3.6, 3.139, 1.845, 1.893, 1.778, 1.587, 1.089, 0.727, 0.0, 1.067, 1.579, 1.025, 1.154, 1.407, 2.646, 3.292, 3.33, 3.978, 3.346, 2.777, 2.98, 2.124, 2.221, 2.271, 2.725, 2.955, 2.182, 2.227, 1.72, 1.769, 0.949, 0.976, 1.102, 1.627, 2.713, 3.144, 4.06, 3.397, 1.457, 2.706, 2.105, 1.803, 1.4, 1.309], [15.306, 15.292, 15.534, 15.83, 15.273, 14.814, 14.193, 13.895, 13.724, 13.908, 14.627, 14.738, 14.031, 12.965, 13.508, 14.408, 15.048, 15.447, 14.729, 12.263, 10.779, 10.658, 10.574, 9.969, 9.813, 9.746, 7.702, 5.732, 4.174, 4.452, 3.802, 3.361, 3.352, 3.081, 3.107, 4.62, 5.033, 4.645, 4.057, 4.546, 4.69, 3.958, 4.056, 3.526, 2.107, 1.637, 1.845, 1.656, 1.517, 1.404, 1.067, 0.0, 1.002, 0.867, 1.495, 2.005, 3.257, 3.926, 3.978, 4.614, 3.984, 3.423, 3.614, 2.729, 2.89, 2.837, 3.311, 3.594, 2.869, 2.866, 2.275, 2.068, 1.338, 1.657, 1.24, 1.287, 2.21, 2.561, 3.461, 2.827, 1.208, 2.726, 2.32, 2.348, 2.072, 1.584], [15.408, 15.353, 15.622, 15.928, 15.389, 14.93, 14.263, 14.011, 13.84, 13.981, 14.691, 14.842, 14.11, 13.058, 13.448, 14.324, 15.044, 15.393, 14.654, 12.118, 10.783, 10.672, 10.585, 9.978, 9.868, 9.741, 7.625, 5.713, 4.291, 4.489, 3.888, 3.404, 3.53, 3.358, 3.304, 4.74, 5.024, 4.672, 4.164, 4.591, 4.627, 3.998, 4.101, 3.684, 2.439, 2.222, 2.041, 1.811, 1.888, 1.803, 1.579, 1.002, 0.0, 1.09, 1.705, 2.215, 3.39, 4.056, 4.12, 4.738, 4.108, 3.52, 3.585, 2.854, 3.05, 2.967, 3.396, 3.56, 2.934, 2.901, 2.376, 1.872, 1.484, 2.234, 1.605, 1.588, 2.274, 2.565, 3.434, 2.954, 1.258, 2.242, 2.134, 2.649, 2.355, 1.77], [14.747, 14.731, 14.962, 15.219, 14.676, 14.208, 13.572, 13.277, 13.106, 13.287, 14.016, 14.162, 13.448, 12.391, 12.954, 13.873, 14.481, 14.913, 14.203, 11.723, 10.22, 10.092, 10.013, 9.433, 9.258, 9.228, 7.175, 5.183, 3.679, 3.877, 3.188, 2.795, 2.926, 2.745, 2.759, 4.225, 4.498, 4.011, 3.481, 3.957, 4.174, 3.621, 3.69, 3.201, 2.076, 2.026, 1.973, 1.727, 1.567, 1.434, 1.025, 0.867, 1.09, 0.0, 1.193, 1.521, 2.729, 3.355, 3.46, 4.06, 3.421, 2.92, 3.108, 2.253, 2.259, 2.23, 2.686, 3.011, 2.372, 2.226, 1.669, 1.6, 1.182, 1.574, 1.367, 1.676, 2.728, 3.224, 4.123, 3.491, 1.527, 2.408, 1.993, 1.996, 1.698, 1.341], [14.076, 14.058, 14.309, 14.517, 13.942, 13.451, 12.78, 12.521, 12.399, 12.561, 13.328, 13.48, 12.757, 12.063, 12.646, 13.424, 14.143, 14.636, 13.751, 11.347, 9.898, 9.741, 9.696, 9.216, 8.984, 9.082, 7.069, 4.848, 3.593, 3.702, 3.198, 2.71, 2.758, 2.843, 2.692, 3.925, 4.155, 3.72, 3.262, 3.807, 3.884, 3.539, 3.806, 3.397, 2.622, 2.551, 2.513, 2.323, 1.857, 1.302, 1.154, 1.495, 1.705, 1.193, 0.0, 0.639, 1.864, 2.521, 2.612, 3.237, 2.652, 2.326, 2.624, 1.952, 1.89, 1.788, 2.338, 2.508, 1.939, 1.592, 1.44, 1.766, 1.532, 1.401, 1.547, 2.26, 3.293, 3.837, 4.749, 4.099, 1.99, 2.788, 2.278, 1.951, 1.514, 1.4], [13.543, 13.526, 13.763, 13.964, 13.387, 12.886, 12.229, 11.97, 11.88, 12.042, 12.806, 12.942, 12.231, 11.622, 12.192, 13.006, 13.708, 14.209, 13.299, 10.909, 9.481, 9.313, 9.269, 8.798, 8.561, 8.668, 6.664, 4.44, 3.212, 3.309, 2.798, 2.434, 2.577, 2.677, 2.51, 3.679, 3.872, 3.526, 3.065, 3.557, 3.647, 3.374, 3.658, 3.257, 2.843, 3.054, 2.912, 2.726, 2.206, 1.652, 1.407, 2.005, 2.215, 1.521, 0.639, 0.0, 1.42, 2.037, 2.159, 2.73, 2.142, 1.826, 2.188, 1.692, 1.611, 1.415, 1.935, 2.079, 1.617, 1.257, 1.07, 1.586, 1.628, 1.544, 2.036, 2.775, 3.785, 4.37, 5.283, 4.636, 2.44, 2.642, 2.14, 1.78, 1.414, 1.603], [12.612, 12.607, 12.842, 12.987, 12.271, 11.779, 11.096, 10.975, 10.866, 11.036, 11.841, 11.948, 11.212, 10.933, 11.444, 12.264, 12.976, 13.461, 12.429, 10.088, 8.688, 8.545, 8.537, 8.06, 7.829, 7.924, 6.048, 3.831, 2.688, 2.585, 2.523, 2.233, 2.062, 2.443, 2.235, 2.844, 2.969, 2.675, 2.346, 2.796, 2.832, 2.644, 3.125, 2.798, 3.729, 4.275, 4.13, 3.968, 3.368, 2.83, 2.646, 3.257, 3.39, 2.729, 1.864, 1.42, 0.0, 0.972, 0.94, 1.506, 1.253, 1.133, 1.371, 1.305, 1.106, 1.132, 1.493, 1.188, 1.365, 1.354, 1.717, 2.136, 2.791, 2.685, 3.252, 4.028, 5.073, 5.523, 6.5, 5.891, 3.638, 2.876, 2.476, 2.05, 1.93, 2.596], [11.881, 11.887, 12.114, 12.25, 11.57, 11.014, 10.33, 10.115, 10.07, 10.255, 11.208, 11.142, 10.438, 10.159, 10.664, 11.503, 12.197, 12.699, 11.748, 9.391, 7.973, 7.808, 7.81, 7.315, 7.14, 7.243, 5.373, 3.206, 2.189, 2.078, 2.366, 2.213, 1.871, 2.485, 2.232, 2.282, 2.522, 2.242, 1.817, 2.238, 2.309, 2.116, 2.567, 2.303, 4.406, 4.997, 4.848, 4.682, 4.024, 3.476, 3.292, 3.926, 4.056, 3.355, 2.521, 2.037, 0.972, 0.0, 0.822, 0.865, 0.919, 1.125, 1.361, 1.699, 1.458, 1.45, 1.457, 1.251, 1.82, 1.673, 2.077, 2.557, 3.397, 3.295, 3.942, 4.645, 5.656, 6.241, 7.154, 6.55, 4.329, 3.202, 2.595, 2.227, 2.409, 3.283], [12.11, 12.106, 12.339, 12.451, 11.661, 11.131, 10.395, 10.395, 10.294, 10.42, 11.426, 11.42, 10.649, 10.55, 11.044, 11.848, 12.525, 13.019, 11.976, 9.696, 8.3, 8.192, 8.199, 7.725, 7.554, 7.648, 5.794, 3.629, 2.513, 2.378, 2.408, 2.138, 1.898, 2.497, 2.249, 2.595, 2.783, 2.502, 2.249, 2.588, 2.6, 2.443, 2.956, 2.712, 4.448, 5.035, 4.896, 4.732, 4.078, 3.509, 3.33, 3.978, 4.12, 3.46, 2.612, 2.159, 0.94, 0.822, 0.0, 0.845, 1.076, 1.175, 1.422, 1.775, 1.61, 1.528, 1.669, 1.432, 1.865, 1.727, 2.139, 2.655, 3.452, 3.327, 3.969, 4.673, 5.691, 6.26, 7.176, 6.593, 4.357, 3.154, 2.631, 2.134, 2.436, 3.325], [11.505, 11.471, 11.727, 11.793, 11.009, 10.367, 9.811, 9.751, 9.64, 9.803, 10.825, 10.809, 10.135, 10.022, 10.526, 11.317, 11.953, 12.457, 11.346, 9.155, 7.815, 7.705, 7.698, 7.28, 7.115, 7.178, 5.369, 3.248, 2.262, 2.201, 2.456, 2.43, 2.134, 2.87, 2.604, 2.343, 2.439, 2.155, 1.947, 2.225, 2.174, 2.242, 2.758, 2.642, 5.13, 5.71, 5.561, 5.394, 4.741, 4.158, 3.978, 4.614, 4.738, 4.06, 3.237, 2.73, 1.506, 0.865, 0.845, 0.0, 0.832, 1.455, 1.633, 2.328, 2.133, 2.036, 1.935, 1.698, 2.371, 2.219, 2.641, 3.198, 4.033, 3.941, 4.64, 5.348, 6.343, 6.93, 7.853, 7.275, 5.02, 3.714, 3.132, 2.677, 3.09, 4.008], [11.575, 11.566, 11.789, 11.996, 11.386, 10.852, 10.292, 10.063, 9.924, 10.167, 10.943, 11.003, 10.348, 9.973, 10.472, 11.272, 11.924, 12.434, 11.39, 9.119, 7.756, 7.654, 7.641, 7.216, 7.055, 7.115, 5.315, 3.156, 2.137, 2.196, 2.291, 2.338, 2.045, 2.712, 2.379, 2.367, 2.489, 2.171, 1.945, 2.19, 2.22, 2.256, 2.782, 2.595, 4.514, 5.08, 4.931, 4.747, 4.104, 3.526, 3.346, 3.984, 4.108, 3.421, 2.652, 2.142, 1.253, 0.919, 1.076, 0.832, 0.0, 1.027, 1.216, 1.784, 1.653, 1.7, 1.528, 1.297, 1.907, 1.749, 2.012, 2.59, 3.396, 3.325, 4.024, 4.733, 5.743, 6.314, 7.238, 6.66, 4.39, 3.249, 2.747, 2.383, 2.573, 3.539], [12.022, 12.007, 12.233, 12.493, 11.917, 11.428, 10.849, 10.662, 10.505, 10.684, 11.389, 11.512, 10.813, 10.134, 10.603, 11.423, 12.136, 12.605, 11.581, 9.274, 7.943, 7.859, 7.835, 7.27, 7.204, 7.236, 5.215, 3.013, 1.998, 2.159, 1.992, 1.908, 1.815, 2.249, 1.945, 2.467, 2.55, 2.408, 1.991, 2.348, 2.428, 2.305, 2.836, 2.529, 3.961, 4.532, 4.35, 4.118, 3.508, 2.925, 2.777, 3.423, 3.52, 2.92, 2.326, 1.826, 1.133, 1.125, 1.175, 1.455, 1.027, 0.0, 0.927, 1.296, 1.446, 1.249, 1.393, 0.995, 1.177, 1.348, 1.514, 2.001, 2.809, 2.916, 3.528, 4.22, 5.254, 5.749, 6.673, 6.095, 3.819, 2.678, 1.977, 1.826, 2.212, 3.226], [12.086, 12.03, 12.291, 12.535, 11.974, 11.5, 10.848, 10.692, 10.583, 10.702, 11.344, 11.554, 10.845, 10.21, 10.511, 11.288, 12.04, 12.478, 11.464, 9.016, 7.846, 7.799, 7.748, 7.263, 7.187, 7.189, 5.136, 2.882, 1.795, 2.175, 2.174, 2.038, 1.789, 2.26, 2.055, 2.268, 2.222, 2.104, 1.712, 1.924, 1.983, 1.988, 2.522, 2.284, 4.022, 4.599, 4.359, 4.142, 3.566, 3.073, 2.98, 3.614, 3.585, 3.108, 2.624, 2.188, 1.371, 1.361, 1.422, 1.633, 1.216, 0.927, 0.0, 1.181, 1.428, 1.381, 1.216, 0.839, 1.281, 1.568, 1.835, 2.111, 2.944, 3.173, 3.56, 4.372, 5.314, 5.661, 6.689, 6.156, 3.799, 2.611, 2.067, 1.938, 2.535, 3.411], [12.919, 12.883, 13.153, 13.424, 12.857, 12.363, 11.704, 11.429, 11.273, 11.441, 12.114, 12.343, 11.6, 10.747, 11.202, 12.042, 12.703, 13.175, 12.349, 9.858, 8.46, 8.341, 8.23, 7.748, 7.543, 7.535, 5.496, 3.371, 2.037, 2.325, 1.98, 1.56, 1.37, 1.723, 1.567, 2.444, 2.684, 2.315, 1.784, 2.302, 2.384, 2.081, 2.361, 2.12, 3.114, 3.705, 3.501, 3.286, 2.75, 2.281, 2.124, 2.729, 2.854, 2.253, 1.952, 1.692, 1.305, 1.699, 1.775, 2.328, 1.784, 1.296, 1.181, 0.0, 0.712, 0.936, 1.102, 1.063, 1.033, 1.149, 1.285, 1.638, 2.145, 2.25, 2.613, 3.454, 4.51, 4.911, 5.889, 5.27, 3.099, 2.267, 1.733, 1.44, 1.671, 2.363], [12.885, 12.855, 13.13, 13.306, 12.752, 12.235, 11.53, 11.265, 11.108, 11.267, 12.037, 12.221, 11.486, 10.813, 11.454, 12.226, 12.935, 13.419, 12.564, 10.111, 8.569, 8.44, 8.366, 7.875, 7.542, 7.617, 5.749, 3.666, 2.138, 2.37