[[0.0, 0.804, 0.962, 1.661, 3.529, 4.095, 4.628, 5.1, 4.813, 5.182, 5.216, 5.188, 5.707, 4.42, 3.163, 3.785, 5.071, 5.168, 5.299, 5.494, 5.382, 5.81, 7.082, 7.298, 6.936, 6.291, 5.47, 4.772, 5.122, 6.39, 6.004, 5.831, 5.492, 4.536, 5.195, 5.818, 5.286, 5.755, 6.607, 7.221, 7.801, 7.834, 8.204, 7.735, 7.316, 6.753, 5.978, 6.913, 7.544, 8.431, 8.428, 7.671, 7.043, 7.05, 7.815, 7.939, 7.931, 8.625, 8.961, 8.801, 8.409, 8.797, 9.905, 11.519, 12.24, 11.98, 11.259, 9.82, 8.579, 8.839, 9.426, 9.481, 8.671, 8.48, 7.161, 6.52, 5.984, 5.181, 4.864, 4.181, 3.676, 3.63, 3.39, 3.716, 4.154, 4.209], [0.804, 0.0, 0.632, 1.599, 3.39, 3.986, 4.577, 4.986, 4.678, 5.157, 5.172, 5.136, 5.71, 4.448, 3.212, 3.82, 5.126, 5.225, 5.343, 5.524, 5.421, 5.828, 7.084, 7.325, 6.902, 6.196, 5.349, 4.668, 5.026, 6.37, 6.021, 5.895, 5.549, 4.569, 5.206, 5.692, 5.108, 5.604, 6.439, 7.031, 7.72, 7.753, 8.185, 7.721, 7.327, 6.807, 6.017, 6.837, 7.428, 8.315, 8.296, 7.539, 6.94, 6.932, 7.684, 7.808, 7.821, 8.585, 8.921, 8.682, 8.278, 8.666, 9.774, 11.388, 12.109, 11.849, 11.127, 9.748, 8.559, 8.865, 9.478, 9.427, 8.611, 8.389, 7.035, 6.479, 6.021, 5.172, 4.793, 4.128, 3.726, 3.681, 3.378, 3.686, 4.022, 4.077], [0.962, 0.632, 0.0, 1.484, 3.251, 3.764, 4.411, 4.884, 4.586, 5.046, 5.054, 5.057, 5.593, 4.397, 3.048, 3.77, 5.063, 5.182, 5.288, 5.449, 5.338, 5.765, 6.962, 7.201, 6.773, 6.107, 5.226, 4.559, 4.954, 6.226, 5.91, 5.803, 5.464, 4.488, 5.136, 5.477, 4.94, 5.514, 6.314, 6.949, 7.558, 7.651, 8.058, 7.589, 7.177, 6.647, 5.8, 6.6, 7.224, 8.111, 8.094, 7.378, 6.719, 6.716, 7.482, 7.606, 7.614, 8.39, 8.746, 8.467, 8.076, 8.464, 9.572, 11.186, 11.907, 11.647, 10.925, 9.574, 8.358, 8.641, 9.253, 9.271, 8.462, 8.154, 6.897, 6.409, 5.912, 5.003, 4.63, 3.961, 3.507, 3.473, 3.166, 3.493, 3.833, 3.907], [1.661, 1.599, 1.484, 0.0, 2.081, 2.65, 3.222, 3.72, 3.406, 3.749, 3.801, 3.733, 4.254, 3.114, 2.206, 2.561, 3.742, 3.873, 3.971, 4.118, 4.011, 4.414, 5.743, 5.901, 5.572, 4.877, 4.031, 3.422, 3.749, 5.03, 4.649, 4.449, 4.075, 3.31, 3.86, 4.356, 3.824, 4.281, 5.224, 5.81, 6.413, 6.42, 6.757, 6.263, 5.851, 5.284, 4.494, 5.442, 6.062, 6.948, 6.951, 6.214, 5.567, 5.574, 6.339, 6.463, 6.455, 7.108, 7.434, 7.325, 6.933, 7.321, 8.429, 10.043, 10.764, 10.504, 9.783, 8.396, 7.109, 7.368, 8.008, 8.028, 7.205, 7.025, 5.696, 5.103, 4.609, 3.793, 3.462, 2.752, 2.178, 2.142, 1.908, 2.309, 2.699, 2.734], [3.529, 3.39, 3.251, 2.081, 0.0, 0.783, 1.432, 1.89, 1.767, 2.005, 2.16, 2.193, 2.576, 1.823, 2.461, 2.157, 2.169, 2.323, 2.329, 2.422, 2.26, 2.647, 3.81, 4.022, 3.629, 2.999, 2.477, 2.39, 2.621, 3.29, 2.875, 2.847, 2.825, 3.189, 2.728, 2.662, 2.364, 2.681, 3.301, 3.862, 4.516, 4.571, 5.002, 4.531, 4.127, 3.534, 2.782, 3.522, 4.123, 5.01, 5.02, 4.281, 3.636, 3.642, 4.407, 4.531, 4.537, 5.333, 5.672, 5.393, 5.001, 5.39, 6.497, 8.111, 8.832, 8.572, 7.851, 6.448, 5.295, 5.601, 6.186, 6.134, 5.316, 5.074, 3.783, 3.205, 2.861, 2.426, 2.107, 2.075, 1.909, 1.73, 1.977, 2.148, 2.309, 2.504], [4.095, 3.986, 3.764, 2.65, 0.783, 0.0, 0.943, 1.455, 1.373, 1.615, 2.025, 2.121, 2.192, 2.0, 2.769, 2.396, 2.246, 2.326, 2.187, 2.181, 1.974, 2.288, 3.282, 3.513, 3.373, 2.756, 2.383, 2.409, 2.662, 3.225, 2.838, 2.748, 2.907, 3.277, 2.774, 2.091, 1.914, 2.194, 2.742, 3.302, 3.909, 3.979, 4.414, 3.995, 3.636, 3.054, 2.264, 2.952, 3.512, 4.398, 4.412, 3.664, 3.035, 3.034, 3.8, 3.924, 3.93, 4.747, 5.138, 4.785, 4.393, 4.782, 5.89, 7.504, 8.225, 7.965, 7.243, 5.886, 4.811, 5.033, 5.562, 5.615, 4.766, 4.465, 3.219, 2.821, 2.472, 2.09, 2.093, 2.02, 1.868, 1.808, 2.185, 2.317, 2.354, 2.533], [4.628, 4.577, 4.411, 3.222, 1.432, 0.943, 0.0, 0.792, 0.777, 1.492, 2.078, 2.152, 2.187, 2.147, 2.995, 2.721, 2.323, 2.409, 2.229, 2.182, 1.96, 2.178, 2.7, 2.948, 3.254, 2.797, 2.496, 2.516, 2.83, 3.296, 2.911, 2.802, 3.067, 3.438, 2.904, 1.879, 1.939, 2.055, 2.222, 2.692, 3.264, 3.307, 3.742, 3.361, 2.982, 2.442, 2.098, 2.838, 3.081, 3.854, 3.828, 3.084, 2.481, 2.484, 3.215, 3.339, 3.331, 4.14, 4.534, 4.213, 3.809, 4.197, 5.305, 6.92, 7.64, 7.38, 6.659, 5.263, 4.189, 4.42, 4.974, 5.059, 4.177, 3.898, 2.637, 2.213, 1.888, 1.975, 2.157, 2.084, 2.003, 2.024, 2.426, 2.536, 2.581, 2.682], [5.1, 4.986, 4.884, 3.72, 1.89, 1.455, 0.792, 0.0, 0.813, 1.59, 2.09, 2.212, 2.318, 2.373, 3.19, 2.972, 2.541, 2.644, 2.355, 2.383, 2.023, 2.014, 2.368, 2.7, 3.031, 2.696, 2.416, 2.385, 2.632, 3.166, 2.876, 2.814, 3.028, 3.423, 2.842, 1.854, 1.92, 2.02, 2.018, 2.404, 2.849, 2.925, 3.365, 2.988, 2.735, 2.295, 2.201, 2.83, 2.819, 3.465, 3.425, 2.756, 2.175, 2.168, 2.809, 2.934, 2.959, 3.808, 4.286, 3.865, 3.414, 3.8, 4.899, 6.514, 7.235, 6.974, 6.255, 4.88, 4.02, 4.235, 4.729, 4.692, 3.771, 3.528, 2.221, 1.803, 1.759, 1.997, 2.238, 2.343, 2.464, 2.46, 2.792, 2.801, 2.73, 2.863], [4.813, 4.678, 4.586, 3.406, 1.767, 1.373, 0.777, 0.813, 0.0, 1.349, 2.081, 2.046, 2.206, 2.082, 2.857, 2.77, 2.228, 2.279, 2.047, 2.137, 1.856, 1.944, 2.547, 2.784, 3.067, 2.681, 2.358, 2.306, 2.603, 3.244, 2.86, 2.74, 2.949, 3.288, 2.779, 1.762, 1.78, 1.862, 2.089, 2.606, 3.176, 3.218, 3.647, 3.248, 2.878, 2.339, 2.032, 2.81, 2.954, 3.765, 3.73, 2.979, 2.361, 2.362, 3.118, 3.242, 3.234, 4.016, 4.394, 4.103, 3.711, 4.1, 5.208, 6.822, 7.543, 7.283, 6.561, 5.222, 4.077, 4.341, 4.903, 4.971, 4.093, 3.846, 2.502, 1.992, 1.723, 1.88, 2.145, 2.103, 2.038, 2.178, 2.547, 2.612, 2.593, 2.663], [5.182, 5.157, 5.046, 3.749, 2.005, 1.615, 1.492, 1.59, 1.349, 0.0, 0.981, 1.166, 1.24, 1.649, 2.86, 2.511, 1.572, 1.754, 1.44, 1.248, 0.939, 1.016, 2.088, 2.387, 2.371, 2.036, 1.694, 1.903, 2.094, 2.348, 1.933, 1.806, 1.999, 2.427, 1.931, 1.593, 1.687, 1.581, 1.806, 2.245, 2.76, 2.772, 3.154, 2.701, 2.411, 1.997, 1.271, 2.127, 2.563, 3.44, 3.391, 2.62, 1.996, 2.051, 2.901, 3.066, 2.957, 3.63, 3.912, 3.788, 3.385, 3.855, 4.864, 6.447, 7.168, 6.908, 6.187, 4.798, 3.618, 3.851, 4.474, 4.521, 3.709, 3.483, 2.4, 1.994, 1.916, 1.735, 1.963, 1.888, 2.125, 2.298, 2.61, 2.639, 2.597, 2.677], [5.216, 5.172, 5.054, 3.801, 2.16, 2.025, 2.078, 2.09, 2.081, 0.981, 0.0, 0.84, 1.192, 1.589, 2.848, 2.391, 1.599, 1.759, 1.492, 1.291, 0.855, 1.053, 2.163, 2.297, 2.11, 1.869, 1.415, 1.67, 1.794, 1.811, 1.505, 1.341, 1.483, 1.87, 1.415, 1.853, 1.848, 1.706, 1.832, 2.242, 2.638, 2.764, 3.056, 2.654, 2.568, 2.263, 1.478, 2.011, 2.603, 3.486, 3.445, 2.682, 2.05, 2.196, 3.076, 3.295, 3.101, 3.747, 4.123, 3.923, 3.559, 3.977, 4.921, 6.497, 7.218, 6.958, 6.236, 4.803, 3.944, 4.134, 4.587, 4.574, 3.734, 3.549, 2.681, 2.5, 2.34, 1.884, 1.732, 1.764, 2.357, 2.376, 2.473, 2.29, 2.249, 2.339], [5.188, 5.136, 5.057, 3.733, 2.193, 2.121, 2.152, 2.212, 2.046, 1.166, 0.84, 0.0, 0.874, 1.362, 2.628, 2.219, 1.45, 1.661, 1.389, 1.226, 0.916, 1.17, 2.339, 2.449, 2.369, 2.184, 1.805, 1.934, 2.013, 2.141, 1.787, 1.583, 1.347, 1.642, 1.52, 2.083, 2.045, 1.856, 2.044, 2.5, 2.914, 3.137, 3.252, 2.749, 2.563, 2.285, 1.646, 2.232, 2.87, 3.719, 3.67, 2.929, 2.327, 2.593, 3.38, 3.642, 3.388, 3.883, 4.204, 4.084, 3.725, 4.118, 5.143, 6.745, 7.466, 7.206, 6.485, 5.025, 3.96, 4.143, 4.718, 4.745, 3.974, 3.782, 3.123, 2.736, 2.519, 2.072, 1.806, 1.88, 2.19, 2.219, 2.477, 2.475, 2.471, 2.566], [5.707, 5.71, 5.593, 4.254, 2.576, 2.192, 2.187, 2.318, 2.206, 1.24, 1.192, 0.874, 0.0, 1.489, 3.026, 2.419, 1.449, 1.528, 1.283, 0.986, 0.951, 1.0, 2.086, 2.134, 2.352, 2.169, 2.035, 2.329, 2.407, 2.269, 2.045, 1.722, 1.397, 1.84, 1.797, 2.082, 2.127, 1.892, 1.986, 2.369, 2.711, 3.029, 2.919, 2.406, 2.19, 2.167, 1.514, 1.937, 2.634, 3.383, 3.323, 2.687, 2.204, 2.524, 3.286, 3.541, 3.246, 3.56, 3.89, 3.793, 3.474, 3.744, 4.797, 6.387, 7.108, 6.848, 6.126, 4.667, 3.703, 3.792, 4.351, 4.387, 3.715, 3.502, 3.008, 2.622, 2.356, 2.194, 2.178, 2.253, 2.5, 2.578, 2.983, 3.039, 2.987, 3.08], [4.42, 4.448, 4.397, 3.114, 1.823, 2.0, 2.147, 2.373, 2.082, 1.649, 1.589, 1.362, 1.489, 0.0, 1.701, 1.232, 0.936, 0.928, 1.164, 1.237, 1.453, 1.754, 3.243, 3.397, 3.082, 2.586, 2.107, 2.172, 2.201, 2.761, 2.245, 1.935, 1.557, 2.048, 1.781, 2.561, 2.44, 2.495, 2.915, 3.455, 3.935, 4.031, 4.205, 3.637, 3.184, 2.907, 2.213, 3.216, 3.851, 4.733, 4.696, 3.939, 3.316, 3.377, 4.226, 4.303, 4.26, 4.852, 5.149, 5.069, 4.677, 5.068, 6.173, 7.787, 8.508, 8.248, 7.527, 6.067, 4.826, 5.082, 5.708, 5.732, 4.972, 4.786, 3.721, 3.031, 2.865, 2.427, 2.217, 2.137, 1.989, 2.045, 2.482, 2.663, 2.665, 2.751], [3.163, 3.212, 3.048, 2.206, 2.461, 2.769, 2.995, 3.19, 2.857, 2.86, 2.848, 2.628, 3.026, 1.701, 0.0, 1.164, 2.269, 2.343, 2.495, 2.626, 2.806, 3.232, 4.743, 4.926, 4.573, 4.032, 3.263, 2.595, 2.8, 4.005, 3.617, 3.293, 2.764, 2.019, 2.68, 3.574, 3.086, 3.524, 4.299, 4.902, 5.438, 5.484, 5.686, 5.167, 4.748, 4.383, 3.581, 4.734, 5.365, 6.252, 6.203, 5.428, 4.802, 4.805, 5.577, 5.691, 5.683, 6.336, 6.633, 6.553, 6.167, 6.586, 7.676, 9.272, 9.992, 9.732, 9.011, 7.551, 6.327, 6.6, 7.226, 7.251, 6.491, 6.295, 4.945, 4.214, 3.845, 3.117, 2.911, 2.465, 2.098, 2.379, 2.287, 2.274, 2.535, 2.767], [3.785, 3.82, 3.77, 2.561, 2.157, 2.396, 2.721, 2.972, 2.77, 2.511, 2.391, 2.219, 2.419, 1.232, 1.164, 0.0, 1.665, 1.598, 1.782, 2.041, 2.342, 2.676, 4.16, 4.302, 4.023, 3.633, 2.896, 2.52, 2.633, 3.486, 3.063, 2.747, 2.299, 2.057, 2.354, 3.327, 2.951, 3.359, 3.913, 4.325, 4.831, 4.898, 5.111, 4.572, 4.093, 3.799, 3.001, 4.148, 4.779, 5.665, 5.616, 4.857, 4.216, 4.315, 4.975, 5.091, 5.083, 5.747, 6.027, 5.947, 5.581, 6.0, 7.09, 8.669, 9.386, 9.126, 8.404, 6.95, 5.741, 6.013, 6.64, 6.664, 5.904, 5.709, 4.481, 3.91, 3.633, 3.063, 2.888, 2.437, 2.172, 2.269, 2.164, 2.258, 2.595, 2.784], [5.071, 5.126, 5.063, 3.742, 2.169, 2.246, 2.323, 2.541, 2.228, 1.572, 1.599, 1.45, 1.449, 0.936, 2.269, 1.665, 0.0, 0.769, 0.928, 1.237, 1.303, 1.519, 2.735, 2.924, 2.683, 2.526, 2.254, 2.416, 2.446, 2.372, 2.064, 1.86, 1.861, 2.51, 2.143, 2.654, 2.653, 2.594, 2.909, 3.18, 3.441, 3.523, 3.677, 3.133, 2.646, 2.343, 1.618, 2.691, 3.248, 4.135, 4.089, 3.403, 2.808, 2.93, 3.625, 3.679, 3.645, 4.246, 4.543, 4.463, 4.082, 4.469, 5.567, 7.181, 7.902, 7.642, 6.92, 5.461, 4.221, 4.483, 5.109, 5.133, 4.373, 4.178, 3.231, 2.788, 2.83, 2.541, 2.398, 2.584, 2.431, 2.488, 3.0, 3.182, 3.143, 3.208], [5.168, 5.225, 5.182, 3.873, 2.323, 2.326, 2.409, 2.644, 2.279, 1.754, 1.759, 1.661, 1.528, 0.928, 2.343, 1.598, 0.769, 0.0, 0.715, 1.201, 1.477, 1.674, 2.95, 3.075, 2.89, 2.615, 2.372, 2.484, 2.524, 2.692, 2.16, 1.88, 1.908, 2.626, 2.255, 2.74, 2.631, 2.697, 2.968, 3.264, 3.649, 3.75, 3.898, 3.342, 2.867, 2.575, 1.851, 2.866, 3.49, 4.374, 4.326, 3.615, 2.979, 3.197, 3.808, 3.957, 3.857, 4.474, 4.771, 4.691, 4.299, 4.709, 5.799, 7.409, 8.13, 7.87, 7.149, 5.689, 4.45, 4.723, 5.349, 5.373, 4.613, 4.418, 3.549, 3.032, 2.942, 2.601, 2.537, 2.632, 2.467, 2.56, 3.085, 3.279, 3.231, 3.285], [5.299, 5.343, 5.288, 3.971, 2.329, 2.187, 2.229, 2.355, 2.047, 1.44, 1.492, 1.389, 1.283, 1.164, 2.495, 1.782, 0.928, 0.715, 0.0, 0.908, 1.21, 1.472, 2.632, 2.784, 2.863, 2.607, 2.322, 2.464, 2.516, 2.629, 2.222, 1.971, 1.961, 2.554, 2.242, 2.464, 2.487, 2.327, 2.582, 2.895, 3.306, 3.416, 3.546, 2.994, 2.499, 2.225, 1.695, 2.627, 3.205, 4.091, 4.042, 3.377, 2.725, 2.897, 3.568, 3.669, 3.571, 4.192, 4.488, 4.408, 4.024, 4.426, 5.516, 7.127, 7.848, 7.587, 6.866, 5.406, 4.167, 4.44, 5.066, 5.09, 4.33, 4.135, 3.255, 2.788, 2.715, 2.587, 2.448, 2.559, 2.52, 2.692, 3.119, 3.216, 3.198, 3.286], [5.494, 5.524, 5.449, 4.118, 2.422, 2.181, 2.182, 2.383, 2.137, 1.248, 1.291, 1.226, 0.986, 1.237, 2.626, 2.041, 1.237, 1.201, 0.908, 0.0, 0.827, 1.2, 2.464, 2.625, 2.67, 2.363, 2.132, 2.415, 2.42, 2.438, 2.121, 1.838, 1.66, 2.138, 1.857, 2.294, 2.357, 2.104, 2.219, 2.723, 3.137, 3.234, 3.408, 2.859, 2.514, 2.353, 1.717, 2.55, 3.088, 3.974, 3.925, 3.161, 2.554, 2.693, 3.598, 3.84, 3.633, 4.187, 4.451, 4.402, 3.998, 4.414, 5.405, 7.01, 7.731, 7.471, 6.749, 5.29, 4.1, 4.333, 4.949, 4.973, 4.213, 4.02, 3.107, 2.592, 2.493, 2.424, 2.385, 2.351, 2.582, 2.716, 3.112, 3.157, 3.152, 3.231], [5.382, 5.421, 5.338, 4.011, 2.26, 1.974, 1.96, 2.023, 1.856, 0.939, 0.855, 0.916, 0.951, 1.453, 2.806, 2.342, 1.303, 1.477, 1.21, 0.827, 0.0, 0.915, 2.101, 2.261, 2.221, 1.977, 1.716, 2.003, 2.018, 2.079, 1.664, 1.432, 1.56, 1.915, 1.559, 1.941, 2.0, 1.793, 1.92, 2.389, 2.788, 2.913, 3.163, 2.693, 2.427, 2.151, 1.398, 2.155, 2.732, 3.611, 3.565, 2.793, 2.168, 2.297, 3.156, 3.4, 3.185, 3.815, 4.112, 3.998, 3.622, 4.079, 5.051, 6.632, 7.353, 7.093, 6.371, 4.917, 3.863, 4.092, 4.618, 4.628, 3.851, 3.657, 2.736, 2.297, 2.154, 2.013, 1.93, 2.048, 2.444, 2.476, 2.796, 2.75, 2.716, 2.801], [5.81, 5.828, 5.765, 4.414, 2.647, 2.288, 2.178, 2.014, 1.944, 1.016, 1.053, 1.17, 1.0, 1.754, 3.232, 2.676, 1.519, 1.674, 1.472, 1.2, 0.915, 0.0, 1.631, 1.758, 1.768, 1.621, 1.515, 1.908, 1.886, 1.768, 1.6, 1.4, 1.314, 1.985, 1.482, 1.603, 1.708, 1.415, 1.567, 1.878, 2.283, 2.442, 2.613, 2.163, 2.147, 1.986, 1.109, 1.681, 2.239, 3.11, 3.082, 2.288, 1.759, 1.94, 2.802, 3.098, 2.89, 3.504, 3.832, 3.717, 3.358, 3.716, 4.549, 6.129, 6.85, 6.59, 5.869, 4.449, 3.641, 3.726, 4.226, 4.152, 3.381, 3.201, 2.348, 1.957, 1.718, 1.692, 1.994, 2.214, 2.603, 2.698, 3.066, 2.964, 2.828, 2.824], [7.082, 7.084, 6.962, 5.743, 3.81, 3.282, 2.7, 2.368, 2.547, 2.088, 2.163, 2.339, 2.086, 3.243, 4.743, 4.16, 2.735, 2.95, 2.632, 2.464, 2.101, 1.631, 0.0, 1.07, 1.399, 1.639, 2.126, 2.734, 2.492, 1.556, 1.847, 1.855, 2.186, 2.974, 2.385, 2.007, 2.5, 2.113, 1.319, 1.347, 1.119, 1.539, 1.715, 1.514, 1.893, 1.711, 1.796, 1.248, 1.325, 1.831, 1.803, 1.16, 1.205, 1.447, 1.907, 2.359, 2.017, 2.764, 3.235, 2.859, 2.431, 2.612, 3.195, 4.554, 5.274, 5.014, 4.4, 3.268, 2.952, 2.975, 3.303, 3.045, 2.238, 2.055, 1.717, 1.798, 1.8, 2.412, 2.872, 3.304, 3.991, 4.059, 4.356, 4.0, 3.689, 3.647], [7.298, 7.325, 7.201, 5.901, 4.022, 3.513, 2.948, 2.7, 2.784, 2.387, 2.297, 2.449, 2.134, 3.397, 4.926, 4.302, 2.924, 3.075, 2.784, 2.625, 2.261, 1.758, 1.07, 0.0, 0.984, 1.736, 2.272, 2.867, 2.574, 1.605, 1.56, 1.719, 2.391, 3.278, 2.407, 2.066, 2.697, 2.215, 1.438, 1.156, 1.205, 1.636, 1.766, 1.73, 2.186, 2.037, 1.998, 1.582, 1.724, 2.135, 2.02, 1.399, 1.479, 1.699, 2.197, 2.635, 2.316, 3.125, 3.599, 3.244, 2.755, 3.041, 3.647, 4.772, 5.178, 5.072, 4.808, 3.789, 3.337, 3.37, 3.742, 3.571, 2.765, 2.444, 2.076, 2.061, 1.871, 2.42, 2.905, 3.434, 4.059, 4.104, 4.451, 4.127, 3.806, 3.603], [6.936, 6.902, 6.773, 5.572, 3.629, 3.373, 3.254, 3.031, 3.067, 2.371, 2.11, 2.369, 2.352, 3.082, 4.573, 4.023, 2.683, 2.89, 2.863, 2.67, 2.221, 1.768, 1.399, 0.984, 0.0, 1.098, 1.783, 2.366, 2.006, 0.947, 1.072, 1.375, 2.029, 2.975, 2.082, 2.074, 2.559, 2.165, 1.634, 1.487, 1.719, 2.153, 2.497, 2.444, 2.956, 2.726, 2.146, 1.606, 2.008, 2.494, 2.301, 1.748, 1.863, 2.049, 2.655, 2.936, 2.764, 3.7, 4.19, 3.742, 3.254, 3.483, 4.028, 5.14, 5.477, 5.468, 5.243, 4.241, 3.936, 3.989, 4.358, 4.065, 3.222, 2.936, 2.449, 2.36, 2.104, 2.225, 2.482, 3.171, 3.928, 3.889, 4.136, 3.783, 3.3, 3.14], [6.291, 6.196, 6.107, 4.877, 2.999, 2.756, 2.797, 2.696, 2.681, 2.036, 1.869, 2.184, 2.169, 2.586, 4.032, 3.633, 2.526, 2.615, 2.607, 2.363, 1.977, 1.621, 1.639, 1.736, 1.098, 0.0, 1.03, 1.623, 1.367, 0.999, 1.16, 1.244, 1.723, 2.674, 1.835, 1.515, 1.843, 1.563, 1.411, 1.808, 2.252, 2.517, 2.907, 2.698, 3.086, 2.813, 2.022, 1.562, 1.98, 2.516, 2.535, 1.854, 1.864, 1.85, 2.583, 2.798, 2.845, 3.788, 4.248, 3.745, 3.236, 3.426, 4.064, 5.462, 6.084, 5.898, 5.398, 4.476, 4.031, 4.15, 4.539, 4.247, 3.338, 3.044, 2.226, 2.134, 1.71, 1.633, 1.924, 2.523, 3.276, 3.24, 3.455, 3.097, 2.515, 2.508], [5.47, 5.349, 5.226, 4.031, 2.477, 2.383, 2.496, 2.416, 2.358, 1.694, 1.415, 1.805, 2.035, 2.107, 3.263, 2.896, 2.254, 2.372, 2.322, 2.132, 1.716, 1.515, 2.126, 2.272, 1.783, 1.03, 0.0, 0.797, 0.91, 1.315, 1.27, 1.319, 1.61, 2.276, 1.603, 1.38, 1.471, 1.5, 1.759, 2.151, 2.759, 2.842, 3.289, 3.033, 3.088, 2.782, 1.843, 1.846, 2.251, 3.033, 3.011, 2.329, 1.946, 1.903, 2.723, 2.923, 2.899, 3.889, 4.327, 3.824, 3.321, 3.691, 4.523, 6.086, 6.782, 6.544, 5.9, 4.791, 4.131, 4.322, 4.74, 4.585, 3.65, 3.302, 2.256, 2.175, 1.853, 1.511, 1.618, 1.984, 2.772, 2.682, 2.633, 2.276, 1.883, 1.926], [4.772, 4.668, 4.559, 3.422, 2.39, 2.409, 2.516, 2.385, 2.306, 1.903, 1.67, 1.934, 2.329, 2.172, 2.595, 2.52, 2.416, 2.484, 2.464, 2.415, 2.003, 1.908, 2.734, 2.867, 2.366, 1.623, 0.797, 0.0, 0.788, 1.827, 1.62, 1.613, 1.774, 2.07, 1.722, 1.595, 1.512, 1.74, 2.258, 2.723, 3.403, 3.463, 3.926, 3.663, 3.562, 3.165, 2.067, 2.442, 2.877, 3.719, 3.678, 2.981, 2.529, 2.456, 3.175, 3.369, 3.355, 4.37, 4.798, 4.334, 3.836, 4.281, 5.171, 6.785, 7.474, 7.21, 6.569, 5.413, 4.631, 4.88, 5.311, 5.197, 4.254, 3.917, 2.739, 2.482, 2.109, 1.503, 1.523, 1.789, 2.529, 2.485, 2.207, 1.824, 1.625, 1.713], [5.122, 5.026, 4.954, 3.749, 2.621, 2.662, 2.83, 2.632, 2.603, 2.094, 1.794, 2.013, 2.407, 2.201, 2.8, 2.633, 2.446, 2.524, 2.516, 2.42, 2.018, 1.886, 2.492, 2.574, 2.006, 1.367, 0.91, 0.788, 0.0, 1.382, 1.259, 1.31, 1.554, 1.991, 1.418, 1.47, 1.542, 1.729, 2.171, 2.566, 3.141, 3.247, 3.691, 3.447, 3.559, 3.212, 2.206, 2.328, 2.772, 3.585, 3.601, 2.776, 2.455, 2.384, 3.067, 3.324, 3.256, 4.364, 4.773, 4.331, 3.796, 4.233, 5.033, 6.527, 7.231, 6.97, 6.315, 5.188, 4.589, 4.847, 5.264, 5.004, 4.121, 3.801, 2.737, 2.388, 1.941, 1.389, 1.544, 1.85, 2.721, 2.632, 2.417, 2.038, 1.805, 1.797], [6.39, 6.37, 6.226, 5.03, 3.29, 3.225, 3.296, 3.166, 3.244, 2.348, 1.811, 2.141, 2.269, 2.761, 4.005, 3.486, 2.372, 2.692, 2.629, 2.438, 2.079, 1.768, 1.556, 1.605, 0.947, 0.999, 1.315, 1.827, 1.382, 0.0, 0.91, 1.205, 1.654, 2.381, 1.75, 2.063, 2.438, 2.135, 1.746, 1.928, 2.06, 2.5, 2.802, 2.643, 3.121, 2.893, 2.083, 1.567, 2.114, 2.606, 2.526, 1.875, 2.05, 2.202, 2.716, 2.998, 2.865, 3.807, 4.269, 3.829, 3.35, 3.551, 4.12, 5.355, 5.996, 5.777, 5.383, 4.36, 4.023, 4.064, 4.466, 4.19, 3.352, 3.053, 2.59, 2.547, 2.231, 2.159, 2.187, 2.849, 3.699, 3.606, 3.592, 3.252, 2.789, 2.684], [6.004, 6.021, 5.91, 4.649, 2.875, 2.838, 2.911, 2.876, 2.86, 1.933, 1.505, 1.787, 2.045, 2.245, 3.617, 3.063, 2.064, 2.16, 2.222, 2.121, 1.664, 1.6, 1.847, 1.56, 1.072, 1.16, 1.27, 1.62, 1.259, 0.91, 0.0, 0.585, 1.526, 2.396, 1.427, 1.73, 2.018, 1.921, 1.747, 1.848, 2.225, 2.455, 2.891, 2.775, 3.11, 2.777, 1.836, 1.855, 2.467, 3.132, 3.078, 2.249, 2.147, 2.297, 2.715, 3.058, 2.89, 4.011, 4.422, 4.046, 3.467, 3.959, 4.652, 5.887, 6.382, 6.206, 5.89, 4.767, 4.176, 4.396, 4.82, 4.607, 3.759, 3.397, 2.672, 2.477, 2.075, 1.796, 1.799, 2.331, 3.113, 3.048, 3.204, 2.861, 2.486, 2.296], [5.831, 5.895, 5.803, 4.449, 2.847, 2.748, 2.802, 2.814, 2.74, 1.806, 1.341, 1.583, 1.722, 1.935, 3.293, 2.747, 1.86, 1.88, 1.971, 1.838, 1.432, 1.4, 1.855, 1.719, 1.375, 1.244, 1.319, 1.613, 1.31, 1.205, 0.585, 0.0, 1.213, 2.082, 1.284, 1.672, 1.902, 1.811, 1.748, 2.034, 2.4, 2.534, 2.78, 2.631, 2.976, 2.695, 1.665, 1.911, 2.584, 3.279, 3.257, 2.383, 2.17, 2.415, 2.908, 3.266, 3.067, 3.979, 4.391, 4.132, 3.607, 4.093, 4.798, 6.098, 6.712, 6.485, 6.069, 4.89, 4.145, 4.345, 4.773, 4.591, 3.783, 3.478, 2.658, 2.427, 1.989, 1.688, 1.817, 2.267, 2.87, 2.813, 3.066, 2.75, 2.509, 2.348], [5.492, 5.549, 5.464, 4.075, 2.825, 2.907, 3.067, 3.028, 2.949, 1.999, 1.483, 1.347, 1.397, 1.557, 2.764, 2.299, 1.861, 1.908, 1.961, 1.66, 1.56, 1.314, 2.186, 2.391, 2.029, 1.723, 1.61, 1.774, 1.554, 1.654, 1.526, 1.213, 0.0, 1.213, 1.062, 2.097, 2.132, 1.948, 2.162, 2.671, 2.918, 3.306, 3.272, 2.793, 3.065, 3.011, 2.046, 2.075, 2.964, 3.676, 3.678, 2.822, 2.596, 2.888, 3.735, 4.102, 3.84, 4.294, 4.67, 4.573, 4.228, 4.407, 5.114, 6.609, 7.33, 7.07, 6.362, 5.083, 4.446, 4.417, 4.867, 4.659, 3.953, 3.864, 3.22, 2.789, 2.314, 1.943, 2.046, 2.17, 2.634, 2.675, 2.797, 2.637, 2.472, 2.427], [4.536, 4.569, 4.488, 3.31, 3.189, 3.277, 3.438, 3.423, 3.288, 2.427, 1.87, 1.642, 1.84, 2.048, 2.019, 2.057, 2.51, 2.626, 2.554, 2.138, 1.915, 1.985, 2.974, 3.278, 2.975, 2.674, 2.276, 2.07, 1.991, 2.381, 2.396, 2.082, 1.213, 0.0, 1.387, 2.878, 2.649, 2.592, 2.942, 3.485, 3.736, 4.147, 4.141, 3.664, 3.784, 3.66, 2.841, 2.89, 3.805, 4.489, 4.47, 3.662, 3.394, 3.754, 4.554, 4.959, 4.639, 5.057, 5.417, 5.273, 4.984, 5.138, 5.956, 7.464, 8.185, 7.925, 7.203, 5.795, 5.151, 5.142, 5.587, 5.49, 4.754, 4.626, 4.091, 3.683, 3.203, 2.589, 2.512, 2.169, 2.65, 2.77, 2.522, 2.263, 2.368, 2.48], [5.195, 5.206, 5.136, 3.86, 2.728, 2.774, 2.904, 2.842, 2.779, 1.931, 1.415, 1.52, 1.797, 1.781, 2.68, 2.354, 2.143, 2.255, 2.242, 1.857, 1.559, 1.482, 2.385, 2.407, 2.082, 1.835, 1.603, 1.722, 1.418, 1.75, 1.427, 1.284, 1.062, 1.387, 0.0, 1.804, 1.772, 1.608, 1.988, 2.367, 2.869, 3.012, 3.35, 3.205, 3.519, 3.322, 2.404, 2.454, 3.276, 4.085, 4.077, 3.136, 2.847, 2.999, 3.754, 4.085, 3.907, 4.752, 5.166, 4.842, 4.455, 4.823, 5.515, 6.801, 7.44, 7.198, 6.629, 5.516, 4.945, 5.035, 5.412, 5.237, 4.367, 4.162, 3.279, 2.989, 2.341, 1.695, 1.661, 1.698, 2.369, 2.358, 2.407, 2.116, 1.961, 1.95], [5.818, 5.692, 5.477, 4.356, 2.662, 2.091, 1.879, 1.854, 1.762, 1.593, 1.853, 2.083, 2.082, 2.561, 3.574, 3.327, 2.654, 2.74, 2.464, 2.294, 1.941, 1.603, 2.007, 2.066, 2.074, 1.515, 1.38, 1.595, 1.47, 2.063, 1.73, 1.672, 2.097, 2.878, 1.804, 0.0, 0.82, 0.829, 1.196, 1.64, 2.189, 2.362, 2.932, 2.756, 2.893, 2.604, 1.701, 1.91, 2.23, 3.031, 3.026, 2.185, 1.828, 1.78, 2.484, 2.748, 2.707, 3.809, 4.203, 3.775, 3.273, 3.732, 4.469, 5.913, 6.55, 6.311, 5.76, 4.657, 4.029, 4.275, 4.71, 4.534, 3.671, 3.245, 2.116, 1.958, 1.411, 0.972, 1.462, 1.783, 2.457, 2.521, 2.766, 2.357, 2.007, 1.947], [5.286, 5.108, 4.94, 3.824, 2.364, 1.914, 1.939, 1.92, 1.78, 1.687, 1.848, 2.045, 2.127, 2.44, 3.086, 2.951, 2.653, 2.631, 2.487, 2.357, 2.0, 1.708, 2.5, 2.697, 2.559, 1.843, 1.471, 1.512, 1.542, 2.438, 2.018, 1.902, 2.132, 2.649, 1.772, 0.82, 0.0, 0.941, 1.754, 2.146, 2.808, 2.947, 3.432, 3.165, 3.126, 2.869, 1.714, 2.192, 2.603, 3.462, 3.447, 2.679, 2.162, 2.1, 2.814, 3.089, 3.037, 4.029, 4.433, 4.014, 3.58, 4.019, 4.928, 6.451, 7.132, 6.877, 6.211, 5.008, 4.308, 4.534, 4.987, 4.889, 3.991, 3.598, 2.419, 2.24, 1.702, 1.005, 1.341, 1.358, 1.927, 1.942, 2.157, 1.827, 1.637, 1.62], [5.755, 5.604, 5.514, 4.281, 2.681, 2.194, 2.055, 2.02, 1.862, 1.581, 1.706, 1.856, 1.892, 2.495, 3.524, 3.359, 2.594, 2.697, 2.327, 2.104, 1.793, 1.415, 2.113, 2.215, 2.165, 1.563, 1.5, 1.74, 1.729, 2.135, 1.921, 1.811, 1.948, 2.592, 1.608, 0.829, 0.941, 0.0, 1.239, 1.742, 2.349, 2.467, 2.934, 2.635, 2.939, 2.68, 1.732, 1.853, 2.433, 3.236, 3.25, 2.388, 2.078, 2.063, 2.884, 3.158, 3.09, 3.93, 4.311, 4.024, 3.658, 3.993, 4.685, 6.065, 6.71, 6.463, 5.852, 4.777, 4.186, 4.278, 4.718, 4.484, 3.694, 3.405, 2.367, 2.135, 1.508, 1.33, 1.638, 1.782, 2.367, 2.408, 2.646, 2.318, 2.188, 2.133], [6.607, 6.439, 6.314, 5.224, 3.301, 2.742, 2.222, 2.018, 2.089, 1.806, 1.832, 2.044, 1.986, 2.915, 4.299, 3.913, 2.909, 2.968, 2.582, 2.219, 1.92, 1.567, 1.319, 1.438, 1.634, 1.411, 1.759, 2.258, 2.171, 1.746, 1.747, 1.748, 2.162, 2.942, 1.988, 1.196, 1.754, 1.239, 0.0, 0.88, 1.365, 1.663, 2.219, 2.104, 2.555, 2.307, 1.973, 1.646, 2.004, 2.592, 2.546, 1.655, 1.53, 1.729, 2.451, 2.731, 2.627, 3.479, 3.91, 3.475, 3.081, 3.374, 4.038, 5.317, 5.906, 5.661, 5.21, 4.148, 3.695, 3.802, 4.215, 3.939, 3.095, 2.767, 2.103, 1.99, 1.647, 1.846, 2.256, 2.671, 3.383, 3.445, 3.706, 3.314, 3.005, 2.942], [7.221, 7.031, 6.949, 5.81, 3.862, 3.302, 2.692, 2.404, 2.606, 2.245, 2.242, 2.5, 2.369, 3.455, 4.902, 4.325, 3.18, 3.264, 2.895, 2.723, 2.389, 1.878, 1.347, 1.156, 1.487, 1.808, 2.151, 2.723, 2.566, 1.928, 1.848, 2.034, 2.671, 3.485, 2.367, 1.64, 2.146, 1.742, 0.88, 0.0, 1.069, 1.369, 1.899, 1.845, 2.282, 2.178, 2.139, 1.729, 1.839, 2.223, 2.12, 1.54, 1.371, 1.685, 2.013, 2.329, 2.242, 3.197, 3.626, 3.156, 2.748, 3.059, 3.688, 4.837, 5.306, 5.149, 4.845, 3.867, 3.454, 3.563, 4.005, 3.706, 2.852, 2.501, 1.976, 1.98, 1.824, 2.39, 2.744, 3.188, 3.949, 3.969, 4.189, 3.823, 3.474, 3.334], [7.801, 7.72, 7.558, 6.413, 4.516, 3.909, 3.264, 2.849, 3.176, 2.76, 2.638, 2.914, 2.711, 3.935, 5.438, 4.831, 3.441, 3.649, 3.306, 3.137, 2.788, 2.283, 1.119, 1.205, 1.719, 2.252, 2.759, 3.403, 3.141, 2.06, 2.225, 2.4, 2.918, 3.736, 2.869, 2.189, 2.808, 2.349, 1.365, 1.069, 0.0, 0.87, 1.249, 1.207, 1.724, 1.814, 2.34, 1.944, 1.724, 1.706, 1.603, 1.226, 1.418, 1.604, 1.81, 2.214, 1.913, 2.633, 3.101, 2.695, 2.278, 2.479, 3.055, 4.275, 4.778, 4.58, 4.239, 3.163, 2.876, 2.889, 3.231, 3.016, 2.343, 1.96, 1.711, 2.109, 2.257, 2.898, 3.31, 3.762, 4.463, 4.507, 4.834, 4.429, 4.112, 3.951], [7.834, 7.753, 7.651, 6.42, 4.571, 3.979, 3.307, 2.925, 3.218, 2.772, 2.764, 3.137, 3.029, 4.031, 5.484, 4.898, 3.523, 3.75, 3.416, 3.234, 2.913, 2.442, 1.539, 1.636, 2.153, 2.517, 2.842, 3.463, 3.247, 2.5, 2.455, 2.534, 3.306, 4.147, 3.012, 2.362, 2.947, 2.467, 1.663, 1.369, 0.87, 0.0, 0.931, 1.181, 1.608, 1.79, 2.425, 2.419, 2.097, 2.113, 1.945, 1.676, 1.663, 1.739, 1.667, 2.001, 1.79, 2.298, 2.643, 2.403, 2.052, 2.46, 2.957, 4.14, 4.703, 4.474, 4.098, 3.025, 2.506, 2.656, 3.139, 2.91, 2.184, 1.864, 1.513, 2.056, 2.266, 3.068, 3.515, 3.912, 4.564, 4.624, 4.931, 4.543, 4.287, 4.138], [8.204, 8.185, 8.058, 6.757, 5.002, 4.414, 3.742, 3.365, 3.647, 3.154, 3.056, 3.252, 2.919, 4.205, 5.686, 5.111, 3.677, 3.898, 3.546, 3.408, 3.163, 2.613, 1.715, 1.766, 2.497, 2.907, 3.289, 3.926, 3.691, 2.802, 2.891, 2.78, 3.272, 4.141, 3.35, 2.932, 3.432, 2.934, 2.219, 1.899, 1.249, 0.931, 0.0, 0.882, 1.339, 1.617, 2.429, 2.272, 2.061, 1.986, 1.995, 1.848, 1.877, 2.027, 1.587, 2.011, 1.761, 1.819, 2.204, 1.969, 1.726, 2.043, 2.52, 3.72, 4.375, 4.113, 3.629, 2.586, 2.05, 2.092, 2.562, 2.389, 1.816, 1.546, 1.794, 2.31, 2.639, 3.494, 4.081, 4.316, 4.807, 4.851, 5.223, 4.907, 4.839, 4.696], [7.735, 7.721, 7.589, 6.263, 4.531, 3.995, 3.361, 2.988, 3.248, 2.701, 2.654, 2.749, 2.406, 3.637, 5.167, 4.572, 3.133, 3.342, 2.994, 2.859, 2.693, 2.163, 1.514, 1.73, 2.444, 2.698, 3.033, 3.663, 3.447, 2.643, 2.775, 2.631, 2.793, 3.664, 3.205, 2.756, 3.165, 2.635, 2.104, 1.845, 1.207, 1.181, 0.882, 0.0, 0.822, 1.263, 1.935, 2.054, 1.799, 1.746, 1.911, 1.633, 1.453, 1.622, 1.732, 2.189, 1.802, 1.911, 2.242, 2.176, 1.935, 2.208, 2.879, 4.217, 4.88, 4.623, 4.01, 2.797, 2.135, 2.132, 2.675, 2.475, 1.963, 1.645, 1.643, 1.926, 2.247, 3.208, 3.854, 3.973, 4.277, 4.361, 4.73, 4.627, 4.584, 4.509], [7.316, 7.327, 7.177, 5.851, 4.127, 3.636, 2.982, 2.735, 2.878, 2.411, 2.568, 2.563, 2.19, 3.184, 4.748, 4.093, 2.646, 2.867, 2.499, 2.514, 2.427, 2.147, 1.893, 2.186, 2.956, 3.086, 3.088, 3.562, 3.559, 3.121, 3.11, 2.976, 3.065, 3.784, 3.519, 2.893, 3.126, 2.939, 2.555, 2.282, 1.724, 1.608, 1.339, 0.822, 0.0, 0.845, 1.674, 2.411, 1.904, 1.959, 2.139, 2.063, 1.616, 1.649, 1.686, 2.006, 1.647, 1.793, 2.09, 2.025, 1.79, 2.093, 3.084, 4.707, 5.376, 5.116, 4.454, 2.935, 1.958, 2.018, 2.636, 2.658, 2.105, 1.746, 1.762, 1.977, 2.528, 3.266, 3.762, 3.792, 3.919, 4.018, 4.437, 4.488, 4.498, 4.529], [6.753, 6.807, 6.647, 5.284, 3.534, 3.054, 2.442, 2.295, 2.339, 1.997, 2.263, 2.285, 2.167, 2.907, 4.383, 3.799, 2.343, 2.575, 2.225, 2.353, 2.151, 1.986, 1.711, 2.037, 2.726, 2.813, 2.782, 3.165, 3.212, 2.893, 2.777, 2.695, 3.011, 3.66, 3.322, 2.604, 2.869, 2.68, 2.307, 2.178, 1.814, 1.79, 1.617, 1.263, 0.845, 0.0, 1.439, 2.248, 1.718, 2.065, 2.28, 2.066, 1.524, 1.545, 1.729, 1.883, 1.63, 2.056, 2.404, 2.238, 1.953, 2.304, 3.345, 4.963, 5.674, 5.413, 4.697, 3.242, 2.113, 2.27, 2.844, 2.874, 2.168, 1.922, 1.743, 1.926, 2.281, 2.909, 3.358, 3.398, 3.408, 3.563, 4.026, 4.136, 4.095, 4.128], [5.978, 6.017, 5.8, 4.494, 2.782, 2.264, 2.098, 2.201, 2.032, 1.271, 1.478, 1.646, 1.514, 2.213, 3.581, 3.001, 1.618, 1.851, 1.695, 1.717, 1.398, 1.109, 1.796, 1.998, 2.146, 2.022, 1.843, 2.067, 2.206, 2.083, 1.836, 1.665, 2.046, 2.841, 2.404, 1.701, 1.714, 1.732, 1.973, 2.139, 2.34, 2.425, 2.429, 1.935, 1.674, 1.439, 0.0, 1.556, 1.785, 2.671, 2.684, 2.113, 1.543, 1.627, 2.099, 2.408, 2.222, 2.947, 3.188, 3.134, 2.773, 3.216, 4.137, 5.743, 6.464, 6.204, 5.483, 4.099, 3.014, 3.151, 3.709, 3.759, 3.028, 2.741, 2.003, 1.827, 1.892, 1.848, 2.321, 2.319, 2.556, 2.615, 3.046, 3.037, 3.009, 2.997], [6.913, 6.837, 6.6, 5.442, 3.522, 2.952, 2.838, 2.83, 2.81, 2.127, 2.011, 2.232, 1.937, 3.216, 4.734, 4.148, 2.691, 2.866, 2.627, 2.55, 2.155, 1.681, 1.248, 1.582, 1.606, 1.562, 1.846, 2.442, 2.328, 1.567, 1.855, 1.911, 2.075, 2.89, 2.454, 1.91, 2.192, 1.853, 1.646, 1.729, 1.944, 2.419, 2.272, 2.054, 2.411, 2.248, 1.556, 0.0, 1.391, 1.918, 1.89, 1.443, 1.384, 1.774, 2.272, 2.657, 2.356, 2.915, 3.296, 2.871, 2.579, 2.658, 3.253, 4.628, 5.342, 5.068, 4.356, 3.409, 3.071, 3.014, 3.334, 3.209, 2.576, 2.305, 2.258, 2.36, 2.164, 2.221, 2.746, 2.953, 3.635, 3.612, 3.817, 3.589, 3.433, 3.368], [7.544, 7.428, 7.224, 6.062, 4.123, 3.512, 3.081, 2.819, 2.954, 2.563, 2.603, 2.87, 2.634, 3.851, 5.365, 4.779, 3.248, 3.49, 3.205, 3.088, 2.732, 2.239, 1.325, 1.724, 2.008, 1.98, 2.251, 2.877, 2.772, 2.114, 2.467, 2.584, 2.964, 3.805, 3.276, 2.23, 2.603, 2.433, 2.004, 1.839, 1.724, 2.097, 2.061, 1.799, 1.904, 1.718, 1.785, 1.391, 0.0, 1.105, 1.346, 1.219, 1.117, 1.158, 1.455, 1.728, 1.333, 2.201, 2.717, 2.189, 1.741, 1.884, 2.66, 4.224, 4.874, 4.565, 4.038, 3.005, 2.628, 2.551, 2.913, 2.865, 2.016, 1.558, 1.664, 2.074, 2.208, 2.619, 3.155, 3.532, 4.186, 4.17, 4.366, 4.047, 3.717, 3.752], [8.431, 8.315, 8.111, 6.948, 5.01, 4.398, 3.854, 3.465, 3.765, 3.44, 3.486, 3.719, 3.383, 4.733, 6.252, 5.665, 4.135, 4.374, 4.091, 3.974, 3.611, 3.11, 1.831, 2.135, 2.494, 2.516, 3.033, 3.719, 3.585, 2.606, 3.132, 3.279, 3.676, 4.489, 4.085, 3.031, 3.462, 3.236, 2.592, 2.223, 1.706, 2.113, 1.986, 1.746, 1.959, 2.065, 2.671, 1.918, 1.105, 0.0, 0.828, 1.248, 1.563, 1.505, 1.502, 1.7, 1.5, 2.071, 2.466, 1.959, 1.569, 1.459, 1.999, 3.446, 4.016, 3.863, 3.569, 2.569, 2.369, 2.318, 2.579, 2.538, 2.044, 1.521, 1.917, 2.492, 2.825, 3.419, 3.879, 4.4, 5.054, 5.048, 5.235, 4.88, 4.428, 4.42], [8.428, 8.296, 8.094, 6.951, 5.02, 4.412, 3.828, 3.425, 3.73, 3.391, 3.445, 3.67, 3.323, 4.696, 6.203, 5.616, 4.089, 4.326, 4.042, 3.925, 3.565, 3.082, 1.803, 2.02, 2.301, 2.535, 3.011, 3.678, 3.601, 2.526, 3.078, 3.257, 3.678, 4.47, 4.077, 3.026, 3.447, 3.25, 2.546, 2.12, 1.603, 1.945, 1.995, 1.911, 2.139, 2.28, 2.684, 1.89, 1.346, 0.828, 0.0, 1.109, 1.543, 1.581, 1.735, 1.898, 1.716, 2.165, 2.574, 2.096, 1.736, 1.759, 2.101, 3.479, 3.91, 3.926, 3.615, 2.619, 2.551, 2.452, 2.886, 2.781, 2.366, 1.793, 1.898, 2.493, 2.814, 3.447, 3.817, 4.381, 5.043, 5.051, 5.247, 4.84, 4.415, 4.365], [7.671, 7.539, 7.378, 6.214, 4.281, 3.664, 3.084, 2.756, 2.979, 2.62, 2.682, 2.929, 2.687, 3.939, 5.428, 4.857, 3.403, 3.615, 3.377, 3.161, 2.793, 2.288, 1.16, 1.399, 1.748, 1.854, 2.329, 2.981, 2.776, 1.875, 2.249, 2.383, 2.822, 3.662, 3.136, 2.185, 2.679, 2.388, 1.655, 1.54, 1.226, 1.676, 1.848, 1.633, 2.063, 2.066, 2.113, 1.443, 1.219, 1.248, 1.109, 0.0, 0.909, 1.165, 1.641, 1.961, 1.62, 2.328, 2.81, 2.438, 1.969, 2.016, 2.579, 3.982, 4.622, 4.354, 3.883, 2.866, 2.715, 2.72, 3.125, 2.862, 2.266, 1.824, 1.611, 1.92, 2.019, 2.647, 3.189, 3.633, 4.357, 4.356, 4.562, 4.211, 3.817, 3.7], [7.043, 6.94, 6.719, 5.567, 3.636, 3.035, 2.481, 2.175, 2.361, 1.996, 2.05, 2.327, 2.204, 3.316, 4.802, 4.216, 2.808, 2.979, 2.725, 2.554, 2.168, 1.759, 1.205, 1.479, 1.863, 1.864, 1.946, 2.529, 2.455, 2.05, 2.147, 2.17, 2.596, 3.394, 2.847, 1.828, 2.162, 2.078, 1.53, 1.371, 1.418, 1.663, 1.877, 1.453, 1.616, 1.524, 1.543, 1.384, 1.117, 1.563, 1.543, 0.909, 0.0, 0.757, 1.393, 1.701, 1.408, 2.121, 2.552, 2.219, 1.849, 2.152, 3.033, 4.527, 5.239, 4.971, 4.303, 3.123, 2.461, 2.655, 3.134, 2.988, 2.172, 1.803, 1.288, 1.444, 1.596, 2.225, 2.826, 3.04, 3.7, 3.71, 3.898, 3.706, 3.489, 3.456], [7.05, 6.932, 6.716, 5.574, 3.642, 3.034, 2.484, 2.168, 2.362, 2.051, 2.196, 2.593, 2.524, 3.377, 4.805, 4.315, 2.93, 3.197, 2.897, 2.693, 2.297, 1.94, 1.447, 1.699, 2.049, 1.85, 1.903, 2.456, 2.384, 2.202, 2.297, 2.415, 2.888, 3.754, 2.999, 1.78, 2.1, 2.063, 1.729, 1.685, 1.604, 1.739, 2.027, 1.622, 1.649, 1.545, 1.627, 1.774, 1.158, 1.505, 1.581, 1.165, 0.757, 0.0, 1.316, 1.527, 1.416, 2.217, 2.668, 2.183, 1.772, 2.115, 2.953, 4.538, 5.197, 4.965, 4.357, 3.195, 2.637, 2.771, 3.254, 3.167, 2.367, 1.906, 1.186, 1.576, 1.762, 2.158, 2.695, 2.999, 3.625, 3.617, 3.813, 3.547, 3.28, 3.337], [7.815, 7.684, 7.482, 6.339, 4.407, 3.8, 3.215, 2.809, 3.118, 2.901, 3.076, 3.38, 3.286, 4.226, 5.577, 4.975, 3.625, 3.808, 3.568, 3.598, 3.156, 2.802, 1.907, 2.197, 2.655, 2.583, 2.723, 3.175, 3.067, 2.716, 2.715, 2.908, 3.735, 4.554, 3.754, 2.484, 2.814, 2.884, 2.451, 2.013, 1.81, 1.667, 1.587, 1.732, 1.686, 1.729, 2.099, 2.272, 1.455, 1.502, 1.735, 1.641, 1.393, 1.316, 0.0, 0.81, 0.806, 1.755, 2.193, 1.679, 1.138, 1.533, 2.282, 3.74, 4.452, 4.201, 3.676, 2.641, 2.083, 2.301, 2.755, 2.61, 1.762, 1.384, 1.444, 1.891, 2.406, 2.878, 3.309, 3.726, 4.41, 4.41, 4.609, 4.299, 3.834, 3.795], [7.939, 7.808, 7.606, 6.463, 4.531, 3.924, 3.339, 2.934, 3.242, 3.066, 3.295, 3.642, 3.541, 4.303, 5.691, 5.091, 3.679, 3.957, 3.669, 3.84, 3.4, 3.098, 2.359, 2.635, 2.936, 2.798, 2.923, 3.369, 3.324, 2.998, 3.058, 3.266, 4.102, 4.959, 4.085, 2.748, 3.089, 3.158, 2.731, 2.329, 2.214, 2.001, 2.011, 2.189, 2.006, 1.883, 2.408, 2.657, 1.728, 1.7, 1.898, 1.961, 1.701, 1.527, 0.81, 0.0, 0.893, 1.651, 2.118, 1.642, 1.256, 1.53, 2.226, 3.722, 4.364, 4.163, 3.756, 2.764, 2.15, 2.359, 2.823, 2.73, 1.87, 1.63, 1.785, 2.26, 2.656, 3.098, 3.461, 3.996, 4.523, 4.529, 4.739, 4.405, 3.988, 4.051], [7.931, 7.821, 7.614, 6.455, 4.537, 3.93, 3.331, 2.959, 3.234, 2.957, 3.101, 3.388, 3.246, 4.26, 5.683, 5.083, 3.645, 3.857, 3.571, 3.633, 3.185, 2.89, 2.017, 2.316, 2.764, 2.845, 2.899, 3.355, 3.256, 2.865, 2.89, 3.067, 3.84, 4.639, 3.907, 2.707, 3.037, 3.09, 2.627, 2.242, 1.913, 1.79, 1.761, 1.802, 1.647, 1.63, 2.222, 2.356, 1.333, 1.5, 1.716, 1.62, 1.408, 1.416, 0.806, 0.893, 0.0, 1.351, 1.857, 1.483, 1.091, 1.47, 2.335, 3.762, 4.478, 4.132, 3.601, 2.531, 1.991, 2.138, 2.587, 2.461, 1.693, 1.252, 1.519, 1.969, 2.445, 3.068, 3.479, 3.915, 4.506, 4.512, 4.711, 4.417, 4.138, 4.124], [8.625, 8.585, 8.39, 7.108, 5.333, 4.747, 4.14, 3.808, 4.016, 3.63, 3.747, 3.883, 3.56, 4.852, 6.336, 5.747, 4.246, 4.474, 4.192, 4.187, 3.815, 3.504, 2.764, 3.125, 3.7, 3.788, 3.889, 4.37, 4.364, 3.807, 4.011, 3.979, 4.294, 5.057, 4.752, 3.809, 4.029, 3.93, 3.479, 3.197, 2.633, 2.298, 1.819, 1.911, 1.793, 2.056, 2.947, 2.915, 2.201, 2.071, 2.165, 2.328, 2.121, 2.217, 1.755, 1.651, 1.351, 0.0, 0.846, 0.9, 1.083, 1.156, 1.841, 3.291, 3.891, 3.618, 3.001, 1.791, 1.115, 1.179, 1.747, 1.651, 1.23, 1.266, 2.13, 2.65, 3.26, 4.147, 4.715, 4.836, 5.144, 5.143, 5.405, 5.353, 5.365, 5.358], [8.961, 8.921, 8.746, 7.434, 5.672, 5.138, 4.534, 4.286, 4.394, 3.912, 4.123, 4.204, 3.89, 5.149, 6.633, 6.027, 4.543, 4.771, 4.488, 4.451, 4.112, 3.832, 3.235, 3.599, 4.19, 4.248, 4.327, 4.798, 4.773, 4.269, 4.422, 4.391, 4.67, 5.417, 5.166, 4.203, 4.433, 4.311, 3.91, 3.626, 3.101, 2.643, 2.204, 2.242, 2.09, 2.404, 3.188, 3.296, 2.717, 2.466, 2.574, 2.81, 2.552, 2.668, 2.193, 2.118, 1.857, 0.846, 0.0, 0.784, 1.319, 1.295, 1.521, 2.877, 3.498, 3.203, 2.592, 1.307, 0.753, 1.143, 1.484, 1.337, 1.307, 1.515, 2.496, 2.876, 3.615, 4.508, 5.104, 5.114, 5.459, 5.483, 5.76, 5.799, 5.788, 5.772], [8.801, 8.682, 8.467, 7.325, 5.393, 4.785, 4.213, 3.865, 4.103, 3.788, 3.923, 4.084, 3.793, 5.069, 6.553, 5.947, 4.463, 4.691, 4.408, 4.402, 3.998, 3.717, 2.859, 3.244, 3.742, 3.745, 3.824, 4.334, 4.331, 3.829, 4.046, 4.132, 4.573, 5.273, 4.842, 3.775, 4.014, 4.024, 3.475, 3.156, 2.695, 2.403, 1.969, 2.176, 2.025, 2.238, 3.134, 2.871, 2.189, 1.959, 2.096, 2.438, 2.219, 2.183, 1.679, 1.642, 1.483, 0.9, 0.784, 0.0, 0.826, 0.885, 1.331, 2.793, 3.473, 3.196, 2.521, 1.347, 0.901, 1.151, 1.423, 1.446, 1.09, 1.049, 2.096, 2.805, 3.429, 4.128, 4.629, 4.81, 5.334, 5.332, 5.536, 5.456, 5.249, 5.328], [8.409, 8.278, 8.076, 6.933, 5.001, 4.393, 3.809, 3.414, 3.711, 3.385, 3.559, 3.725, 3.474, 4.677, 6.167, 5.581, 4.082, 4.299, 4.024, 3.998, 3.622, 3.358, 2.431, 2.755, 3.254, 3.236, 3.321, 3.836, 3.796, 3.35, 3.467, 3.607, 4.228, 4.984, 4.455, 3.273, 3.58, 3.658, 3.081, 2.748, 2.278, 2.052, 1.726, 1.935, 1.79, 1.953, 2.773, 2.579, 1.741, 1.569, 1.736, 1.969, 1.849, 1.772, 1.138, 1.256, 1.091, 1.083, 1.319, 0.826, 0.0, 0.724, 1.585, 3.155, 3.844, 3.594, 2.995, 1.915, 1.165, 1.462, 1.863, 1.949, 1.32, 0.92, 1.778, 2.443, 3.054, 3.657, 4.093, 4.426, 5.049, 5.051, 5.263, 4.995, 4.653, 4.742], [8.797, 8.666, 8.464, 7.321, 5.39, 4.782, 4.197, 3.8, 4.1, 3.855, 3.977, 4.118, 3.744, 5.068, 6.586, 6.0, 4.469, 4.709, 4.426, 4.414, 4.079, 3.716, 2.612, 3.041, 3.483, 3.426, 3.691, 4.281, 4.233, 3.551, 3.959, 4.093, 4.407, 5.138, 4.823, 3.732, 4.019, 3.993, 3.374, 3.059, 2.479, 2.46, 2.043, 2.208, 2.093, 2.304, 3.216, 2.658, 1.884, 1.459, 1.759, 2.016, 2.152, 2.115, 1.533, 1.53, 1.47, 1.156, 1.295, 0.885, 0.724, 0.0, 1.272, 2.831, 3.506, 3.268, 2.702, 1.622, 1.249, 1.369, 1.649, 1.77, 1.29, 1.037, 2.166, 2.919, 3.514, 4.098, 4.534, 4.91, 5.461, 5.46, 5.676, 5.463, 5.071, 5.207], [9.905, 9.774, 9.572, 8.429, 6.497, 5.89, 5.305, 4.899, 5.208, 4.864, 4.921, 5.143, 4.797, 6.173, 7.676, 7.09, 5.567, 5.799, 5.516, 5.405, 5.051, 4.549, 3.195, 3.647, 4.028, 4.064, 4.523, 5.171, 5.033, 4.12, 4.652, 4.798, 5.114, 5.956, 5.515, 4.469, 4.928, 4.685, 4.038, 3.688, 3.055, 2.957, 2.52, 2.879, 3.084, 3.345, 4.137, 3.253, 2.66, 1.999, 2.101, 2.579, 3.033, 2.953, 2.282, 2.226, 2.335, 1.841, 1.521, 1.331, 1.585, 1.272, 0.0, 1.694, 2.387, 2.168, 1.701, 1.128, 1.607, 1.746, 1.672, 1.637, 1.62, 1.653, 2.955, 3.765, 4.257, 4.874, 5.378, 5.865, 6.505, 6.506, 6.705, 6.324, 5.941, 5.951], [11.519, 11.388, 11.186, 10.043, 8.111, 7.504, 6.92, 6.514, 6.822, 6.447, 6.497, 6.745, 6.387, 7.787, 9.272, 8.669, 7.181, 7.409, 7.127, 7.01, 6.632, 6.129, 4.554, 4.772, 5.14, 5.462, 6.086, 6.785, 6.527, 5.355, 5.887, 6.098, 6.609, 7.464, 6.801, 5.913, 6.451, 6.065, 5.317, 4.837, 4.275, 4.14, 3.72, 4.217, 4.707, 4.963, 5.743, 4.628, 4.224, 3.446, 3.479, 3.982, 4.527, 4.538, 3.74, 3.722, 3.762, 3.291, 2.877, 2.793, 3.155, 2.831, 1.694, 0.0, 0.921, 0.817, 0.807, 1.868, 2.962, 2.867, 2.34, 2.289, 2.907, 3.086, 4.398, 5.187, 5.634, 6.399, 6.861, 7.417, 8.097, 8.096, 8.293, 7.912, 7.457, 7.399], [12.24, 12.109, 11.907, 10.764, 8.832, 8.225, 7.64, 7.235, 7.543, 7.168, 7.218, 7.466, 7.108, 8.508, 9.992, 9.386, 7.902, 8.13, 7.848, 7.731, 7.353, 6.85, 5.274, 5.178, 5.477, 6.084, 6.782, 7.474, 7.231, 5.996, 6.382, 6.712, 7.33, 8.185, 7.44, 6.55, 7.132, 6.71, 5.906, 5.306, 4.778, 4.703, 4.375, 4.88, 5.376, 5.674, 6.464, 5.342, 4.874, 4.016, 3.91, 4.622, 5.239, 5.197, 4.452, 4.364, 4.478, 3.891, 3.498, 3.473, 3.844, 3.506, 2.387, 0.921, 0.0, 0.743, 1.133, 2.511, 3.685, 3.481, 2.907, 2.91, 3.607, 3.807, 5.101, 5.891, 6.335, 7.08, 7.527, 8.098, 8.747, 8.745, 8.93, 8.579, 8.108, 8.032], [11.98, 11.849, 11.647, 10.504, 8.572, 7.965, 7.38, 6.974, 7.283, 6.908, 6.958, 7.206, 6.848, 8.248, 9.732, 9.126, 7.642, 7.87, 7.587, 7.471, 7.093, 6.59, 5.014, 5.072, 5.468, 5.898, 6.544, 7.21, 6.97, 5.777, 6.206, 6.485, 7.07, 7.925, 7.198, 6.311, 6.877, 6.463, 5.661, 5.149, 4.58, 4.474, 4.113, 4.623, 5.116, 5.413, 6.204, 5.068, 4.565, 3.863, 3.926, 4.354, 4.971, 4.965, 4.201, 4.163, 4.132, 3.618, 3.203, 3.196, 3.594, 3.268, 2.168, 0.817, 0.743, 0.0, 1.018, 2.216, 3.425, 3.19, 2.595, 2.604, 3.314, 3.514, 4.835, 5.593, 6.062, 6.846, 7.314, 7.849, 8.499, 8.496, 8.681, 8.313, 7.883, 7.789], [11.259, 11.127, 10.925, 9.783, 7.851, 7.243, 6.659, 6.255, 6.561, 6.187, 6.236, 6.485, 6.126, 7.527, 9.011, 8.404, 6.92, 7.149, 6.866, 6.749, 6.371, 5.869, 4.4, 4.808, 5.243, 5.398, 5.9, 6.569, 6.315, 5.383, 5.89, 6.069, 6.362, 7.203, 6.629, 5.76, 6.211, 5.852, 5.21, 4.845, 4.239, 4.098, 3.629, 4.01, 4.454, 4.697, 5.483, 4.356, 4.038, 3.569, 3.615, 3.883, 4.303, 4.357, 3.676, 3.756, 3.601, 3.001, 2.592, 2.521, 2.995, 2.702, 1.701, 0.807, 1.133, 1.018, 0.0, 1.638, 2.728, 2.554, 1.921, 1.929, 2.621, 2.872, 4.11, 4.886, 5.36, 6.156, 6.785, 7.144, 7.824, 7.83, 8.029, 7.726, 7.382, 7.357], [9.82, 9.748, 9.574, 8.396, 6.448, 5.886, 5.263, 4.88, 5.222, 4.798, 4.803, 5.025, 4.667, 6.067, 7.551, 6.95, 5.461, 5.689, 5.406, 5.29, 4.917, 4.449, 3.268, 3.789, 4.241, 4.476, 4.791, 5.413, 5.188, 4.36, 4.767, 4.89, 5.083, 5.795, 5.516, 4.657, 5.008, 4.777, 4.148, 3.867, 3.163, 3.