[[0.0, 1.01, 1.064, 1.631, 2.523, 2.742, 3.33, 3.471, 2.695, 1.999, 2.11, 2.355, 2.575, 3.224, 3.99, 4.087, 2.95, 2.677, 3.264, 3.437, 4.657, 5.618, 5.783, 5.374, 4.923, 6.538, 8.039, 8.611, 8.428, 8.599, 6.715, 4.67, 4.42, 4.007, 3.486, 3.328, 3.688, 3.626, 2.891, 2.422, 1.86, 1.47, 1.717, 2.545, 3.328, 3.909, 4.288, 4.534, 5.861, 7.459, 8.183, 8.128, 8.406, 8.312, 7.856, 7.717, 8.062, 7.503, 7.31, 7.299, 7.505, 8.167, 7.984, 8.337, 8.413, 8.254, 8.044, 7.971, 8.03, 8.436, 8.52, 7.969, 8.348, 8.015, 8.229, 8.46, 8.343, 7.086, 6.376, 6.511, 6.38, 5.88, 4.873, 3.161, 2.044, 1.856], [1.01, 0.0, 0.556, 1.302, 2.037, 2.346, 2.795, 2.912, 2.08, 1.43, 1.627, 1.722, 1.913, 2.477, 3.185, 3.318, 2.138, 1.992, 2.528, 2.744, 3.93, 4.902, 5.006, 4.565, 4.147, 5.738, 7.148, 7.746, 7.537, 7.78, 5.911, 3.856, 3.652, 3.211, 2.722, 2.542, 2.908, 2.875, 2.41, 1.948, 1.353, 1.467, 2.409, 3.279, 4.173, 4.775, 5.154, 5.388, 6.658, 8.256, 8.979, 8.925, 9.203, 9.138, 8.73, 8.592, 8.936, 8.369, 8.177, 8.142, 8.359, 9.021, 8.838, 9.2, 9.268, 9.108, 8.899, 8.826, 8.878, 9.29, 9.367, 8.823, 9.202, 8.87, 9.083, 9.314, 9.198, 7.941, 7.239, 7.377, 7.246, 6.733, 5.73, 4.063, 2.622, 2.452], [1.064, 0.556, 0.0, 1.088, 1.841, 2.049, 2.513, 2.65, 1.913, 1.336, 1.501, 1.614, 1.747, 2.32, 3.087, 3.269, 2.055, 1.819, 2.422, 2.649, 3.869, 4.956, 5.124, 4.687, 4.245, 5.836, 7.232, 7.844, 7.631, 7.89, 6.029, 3.962, 3.766, 3.321, 2.82, 2.656, 3.035, 3.024, 2.506, 2.091, 1.393, 1.681, 2.48, 3.365, 4.108, 4.671, 5.051, 5.297, 6.537, 8.136, 8.858, 8.805, 9.083, 9.058, 8.623, 8.485, 8.83, 8.265, 8.073, 8.037, 8.254, 8.916, 8.733, 9.091, 9.163, 9.003, 8.794, 8.721, 8.775, 9.185, 9.265, 8.718, 9.097, 8.765, 8.978, 9.209, 9.093, 7.836, 7.134, 7.273, 7.143, 6.642, 5.631, 3.976, 2.891, 2.735], [1.631, 1.302, 1.088, 0.0, 1.326, 1.406, 1.805, 1.925, 1.34, 1.43, 1.242, 1.278, 1.334, 1.764, 2.525, 2.762, 1.669, 1.448, 1.772, 2.021, 3.28, 4.468, 4.747, 4.281, 3.813, 5.449, 6.896, 7.481, 7.292, 7.524, 5.686, 3.595, 3.36, 3.022, 2.548, 2.29, 2.662, 3.098, 2.821, 2.506, 1.925, 2.194, 2.869, 3.744, 4.543, 5.081, 5.404, 5.582, 6.831, 8.429, 9.235, 9.153, 9.376, 9.306, 8.89, 8.771, 9.135, 8.604, 8.388, 8.389, 8.606, 9.262, 9.083, 9.439, 9.516, 9.359, 9.138, 9.065, 9.117, 9.522, 9.604, 9.059, 9.449, 9.117, 9.331, 9.566, 9.45, 8.193, 7.491, 7.627, 7.496, 6.892, 5.963, 4.395, 3.442, 3.259], [2.523, 2.037, 1.841, 1.326, 0.0, 1.056, 1.447, 1.607, 1.604, 2.097, 1.952, 2.027, 1.762, 1.659, 2.283, 2.639, 2.0, 1.85, 1.799, 2.11, 3.103, 4.512, 4.927, 4.35, 3.936, 5.512, 6.889, 7.544, 7.327, 7.572, 5.782, 3.74, 3.565, 3.484, 3.015, 2.88, 3.059, 3.7, 3.591, 3.226, 2.59, 2.84, 3.492, 4.337, 4.961, 5.386, 5.547, 5.662, 6.862, 8.385, 9.234, 9.157, 9.364, 9.354, 8.949, 8.843, 9.208, 8.677, 8.462, 8.461, 8.687, 9.337, 9.163, 9.5, 9.597, 9.44, 9.219, 9.146, 9.197, 9.603, 9.684, 9.139, 9.529, 9.197, 9.411, 9.65, 9.542, 8.287, 7.584, 7.724, 7.593, 7.001, 6.072, 5.005, 4.266, 4.085], [2.742, 2.346, 2.049, 1.406, 1.056, 0.0, 0.847, 1.076, 1.318, 1.819, 1.649, 1.654, 1.464, 1.417, 1.884, 2.231, 2.021, 1.753, 1.728, 1.952, 2.751, 4.252, 4.688, 4.159, 3.856, 5.312, 6.806, 7.388, 7.216, 7.417, 5.618, 3.635, 3.57, 3.467, 3.091, 2.961, 3.225, 3.754, 3.759, 3.415, 2.637, 2.982, 3.554, 4.51, 5.148, 5.535, 5.619, 5.664, 6.956, 8.538, 9.388, 9.306, 9.45, 9.385, 8.947, 8.878, 9.242, 8.703, 8.502, 8.483, 8.709, 9.364, 9.185, 9.532, 9.619, 9.462, 9.241, 9.168, 9.219, 9.625, 9.706, 9.161, 9.551, 9.219, 9.433, 9.672, 9.564, 8.308, 7.599, 7.734, 7.604, 7.0, 6.21, 5.29, 4.546, 4.342], [3.33, 2.795, 2.513, 1.805, 1.447, 0.847, 0.0, 0.664, 1.265, 2.163, 2.016, 1.946, 1.579, 1.367, 1.647, 1.995, 1.951, 1.577, 1.371, 1.732, 2.416, 3.912, 4.638, 4.022, 3.472, 4.954, 6.439, 7.018, 6.845, 7.046, 5.255, 3.322, 3.4, 3.425, 3.101, 2.781, 3.026, 3.878, 4.029, 3.716, 2.949, 3.435, 4.115, 5.099, 5.744, 6.112, 6.076, 6.08, 7.328, 8.91, 9.758, 9.68, 9.819, 9.774, 9.328, 9.259, 9.623, 9.082, 8.882, 8.861, 9.086, 9.742, 9.563, 9.909, 9.996, 9.839, 9.618, 9.545, 9.597, 10.002, 10.084, 9.539, 9.929, 9.597, 9.811, 10.049, 9.941, 8.687, 7.98, 8.115, 7.984, 7.38, 6.639, 5.925, 5.092, 4.899], [3.471, 2.912, 2.65, 1.925, 1.607, 1.076, 0.664, 0.0, 1.119, 2.151, 1.91, 1.833, 1.556, 1.205, 1.535, 1.98, 1.855, 1.485, 1.327, 1.602, 2.299, 3.816, 4.685, 4.131, 3.353, 4.925, 6.431, 7.026, 6.863, 7.055, 5.188, 3.141, 3.251, 3.362, 3.133, 2.843, 2.993, 4.026, 4.122, 3.812, 3.032, 3.512, 4.339, 5.3, 5.878, 6.24, 6.158, 6.082, 7.351, 8.949, 9.755, 9.673, 9.896, 9.697, 9.341, 9.222, 9.586, 9.063, 8.849, 8.842, 9.067, 9.723, 9.544, 9.886, 9.977, 9.82, 9.599, 9.526, 9.578, 9.983, 10.065, 9.52, 9.91, 9.578, 9.792, 10.027, 9.911, 8.653, 7.942, 8.077, 7.947, 7.371, 6.733, 6.076, 5.217, 4.983], [2.695, 2.08, 1.913, 1.34, 1.604, 1.318, 1.265, 1.119, 0.0, 1.285, 1.144, 1.158, 1.024, 1.045, 1.637, 1.969, 1.253, 1.117, 1.14, 1.407, 2.414, 3.872, 4.529, 4.07, 3.404, 5.058, 6.564, 7.153, 6.98, 7.181, 5.254, 3.169, 3.079, 2.964, 2.618, 2.312, 2.5, 3.274, 3.239, 2.92, 2.143, 2.684, 3.621, 4.502, 5.345, 5.781, 5.907, 5.916, 7.41, 9.009, 9.77, 9.688, 9.956, 9.754, 9.344, 9.192, 9.485, 8.991, 8.766, 8.758, 8.982, 9.639, 9.46, 9.806, 9.89, 9.731, 9.515, 9.442, 9.494, 9.899, 9.981, 9.436, 9.825, 9.492, 9.706, 9.937, 9.82, 8.544, 7.834, 7.969, 7.838, 7.346, 6.511, 5.335, 4.316, 4.005], [1.999, 1.43, 1.336, 1.43, 2.097, 1.819, 2.163, 2.151, 1.285, 0.0, 0.729, 0.773, 1.095, 1.629, 2.237, 2.602, 1.614, 1.523, 1.937, 2.083, 3.199, 4.654, 5.128, 4.73, 4.261, 5.917, 7.423, 8.001, 7.828, 8.029, 6.093, 4.008, 3.834, 3.43, 2.913, 2.747, 3.081, 3.066, 2.55, 2.209, 1.541, 1.872, 2.93, 3.794, 4.695, 5.099, 5.204, 5.284, 6.643, 8.241, 8.964, 8.91, 9.188, 9.047, 8.576, 8.43, 8.774, 8.206, 7.99, 7.979, 8.191, 8.871, 8.694, 9.043, 9.1, 8.941, 8.732, 8.663, 8.714, 9.12, 9.201, 8.656, 9.034, 8.702, 8.915, 9.147, 9.03, 7.763, 7.052, 7.194, 7.057, 6.621, 5.834, 4.668, 3.464, 3.115], [2.11, 1.627, 1.501, 1.242, 1.952, 1.649, 2.016, 1.91, 1.144, 0.729, 0.0, 0.642, 0.759, 1.509, 2.132, 2.392, 1.456, 1.535, 1.884, 2.002, 3.102, 4.443, 4.894, 4.485, 3.982, 5.638, 7.144, 7.742, 7.569, 7.77, 5.848, 3.763, 3.574, 3.192, 2.686, 2.497, 2.851, 3.149, 2.783, 2.382, 1.722, 2.165, 3.049, 3.835, 4.74, 5.25, 5.395, 5.41, 6.76, 8.359, 9.129, 9.047, 9.306, 9.155, 8.698, 8.559, 8.907, 8.39, 8.191, 8.178, 8.401, 9.063, 8.88, 9.229, 9.309, 9.15, 8.933, 8.86, 8.911, 9.317, 9.398, 8.854, 9.243, 8.911, 9.125, 9.356, 9.239, 7.974, 7.278, 7.412, 7.268, 6.764, 6.05, 4.874, 3.482, 3.193], [2.355, 1.722, 1.614, 1.278, 2.027, 1.654, 1.946, 1.833, 1.158, 0.773, 0.642, 0.0, 0.736, 1.316, 1.901, 2.265, 1.342, 1.39, 1.689, 1.888, 2.944, 4.386, 4.819, 4.322, 3.837, 5.477, 6.975, 7.573, 7.401, 7.601, 5.744, 3.648, 3.423, 3.07, 2.586, 2.333, 2.727, 3.11, 2.764, 2.443, 1.691, 2.217, 3.261, 4.076, 4.992, 5.498, 5.63, 5.612, 6.793, 8.377, 9.172, 9.09, 9.324, 9.212, 8.787, 8.657, 9.021, 8.505, 8.282, 8.287, 8.506, 9.167, 8.987, 9.333, 9.412, 9.254, 9.034, 8.962, 9.015, 9.418, 9.499, 8.954, 9.344, 9.012, 9.226, 9.46, 9.362, 8.121, 7.483, 7.611, 7.45, 6.953, 6.298, 5.157, 3.836, 3.521], [2.575, 1.913, 1.747, 1.334, 1.762, 1.464, 1.579, 1.556, 1.024, 1.095, 0.759, 0.736, 0.0, 1.069, 1.709, 2.203, 1.37, 1.408, 1.634, 1.899, 2.91, 4.343, 4.8, 4.282, 3.801, 5.441, 6.901, 7.491, 7.321, 7.543, 5.702, 3.606, 3.397, 3.151, 2.662, 2.414, 2.719, 3.257, 3.239, 2.855, 2.064, 2.51, 3.436, 4.265, 5.215, 5.71, 5.801, 5.71, 6.819, 8.412, 9.228, 9.147, 9.359, 9.279, 8.859, 8.751, 9.115, 8.574, 8.37, 8.367, 8.588, 9.242, 9.066, 9.417, 9.497, 9.34, 9.119, 9.046, 9.097, 9.503, 9.584, 9.039, 9.429, 9.098, 9.312, 9.549, 9.448, 8.211, 7.567, 7.69, 7.533, 7.016, 6.44, 5.364, 4.053, 3.822], [3.224, 2.477, 2.32, 1.764, 1.659, 1.417, 1.367, 1.205, 1.045, 1.629, 1.509, 1.316, 1.069, 0.0, 1.364, 2.098, 1.518, 1.378, 1.361, 1.604, 2.47, 4.154, 4.816, 4.237, 3.506, 5.055, 6.451, 7.118, 6.921, 7.17, 5.43, 3.389, 3.384, 3.436, 3.057, 2.761, 3.066, 3.828, 3.814, 3.453, 2.668, 3.008, 3.99, 4.942, 5.843, 6.272, 6.309, 6.158, 7.16, 8.736, 9.59, 9.499, 9.66, 9.638, 9.216, 9.15, 9.528, 8.978, 8.773, 8.77, 8.995, 9.65, 9.472, 9.801, 9.899, 9.748, 9.527, 9.454, 9.505, 9.911, 9.992, 9.447, 9.837, 9.506, 9.72, 9.958, 9.852, 8.61, 7.937, 8.065, 7.914, 7.417, 6.966, 5.959, 4.884, 4.628], [3.99, 3.185, 3.087, 2.525, 2.283, 1.884, 1.647, 1.535, 1.637, 2.237, 2.132, 1.901, 1.709, 1.364, 0.0, 1.225, 1.281, 1.7, 1.458, 1.592, 1.654, 3.095, 3.793, 3.199, 2.763, 4.088, 5.398, 6.078, 5.852, 6.173, 4.414, 2.531, 2.599, 2.778, 2.677, 2.392, 2.457, 3.559, 3.618, 3.314, 2.661, 3.556, 4.762, 5.655, 6.686, 7.192, 7.295, 7.193, 8.326, 9.901, 10.733, 10.643, 10.829, 10.788, 10.413, 10.315, 10.68, 10.138, 9.918, 9.917, 10.142, 10.793, 10.619, 10.956, 11.052, 10.895, 10.674, 10.601, 10.653, 11.058, 11.14, 10.595, 10.985, 10.653, 10.867, 11.105, 10.997, 9.758, 9.065, 9.2, 9.069, 8.5, 7.873, 6.78, 5.415, 5.103], [4.087, 3.318, 3.269, 2.762, 2.639, 2.231, 1.995, 1.98, 1.969, 2.602, 2.392, 2.265, 2.203, 2.098, 1.225, 0.0, 1.4, 2.064, 1.805, 1.869, 1.779, 2.226, 2.941, 2.416, 2.133, 3.471, 4.887, 5.459, 5.276, 5.476, 3.637, 1.888, 1.817, 1.941, 1.891, 1.819, 1.69, 2.625, 2.929, 2.717, 2.491, 3.617, 4.891, 5.777, 6.794, 7.358, 7.639, 7.712, 8.997, 10.579, 11.431, 11.342, 11.513, 11.399, 10.992, 10.908, 11.273, 10.746, 10.531, 10.531, 10.756, 11.407, 11.233, 11.569, 11.666, 11.509, 11.288, 11.215, 11.267, 11.672, 11.754, 11.209, 11.599, 11.267, 11.481, 11.719, 11.608, 10.352, 9.643, 9.779, 9.648, 9.046, 8.194, 6.947, 5.381, 4.998], [2.95, 2.138, 2.055, 1.669, 2.0, 2.021, 1.951, 1.855, 1.253, 1.614, 1.456, 1.342, 1.37, 1.518, 1.281, 1.4, 0.0, 1.022, 1.109, 1.343, 2.046, 3.276, 3.998, 3.459, 2.785, 4.426, 5.839, 6.457, 6.244, 6.503, 4.635, 2.547, 2.458, 2.331, 2.042, 1.664, 1.96, 2.647, 2.571, 2.235, 1.623, 2.488, 3.828, 4.765, 5.694, 6.24, 6.598, 6.714, 7.952, 9.55, 10.368, 10.286, 10.497, 10.413, 10.045, 9.937, 10.276, 9.752, 9.544, 9.541, 9.766, 10.42, 10.243, 10.582, 10.676, 10.519, 10.298, 10.225, 10.277, 10.682, 10.764, 10.219, 10.609, 10.277, 10.491, 10.728, 10.611, 9.355, 8.653, 8.792, 8.661, 8.059, 7.167, 5.829, 4.296, 3.977], [2.677, 1.992, 1.819, 1.448, 1.85, 1.753, 1.577, 1.485, 1.117, 1.523, 1.535, 1.39, 1.408, 1.378, 1.7, 2.064, 1.022, 0.0, 0.984, 1.259, 2.419, 4.002, 4.749, 4.131, 3.425, 5.052, 6.497, 7.083, 6.886, 7.124, 5.29, 3.218, 3.141, 3.115, 2.855, 2.353, 2.622, 3.226, 3.066, 2.716, 1.927, 2.411, 3.495, 4.463, 5.365, 5.813, 5.933, 6.013, 7.256, 8.839, 9.69, 9.602, 9.777, 9.7, 9.297, 9.207, 9.572, 9.045, 8.837, 8.83, 9.055, 9.709, 9.532, 9.872, 9.965, 9.808, 9.587, 9.514, 9.566, 9.971, 10.053, 9.508, 9.898, 9.566, 9.78, 10.018, 9.907, 8.65, 7.948, 8.084, 7.953, 7.349, 6.509, 5.442, 4.366, 4.136], [3.264, 2.528, 2.422, 1.772, 1.799, 1.728, 1.371, 1.327, 1.14, 1.937, 1.884, 1.689, 1.634, 1.361, 1.458, 1.805, 1.109, 0.984, 0.0, 0.702, 1.716, 3.416, 4.459, 3.772, 2.766, 4.32, 5.788, 6.36, 6.178, 6.394, 4.617, 2.729, 2.883, 2.88, 2.653, 2.182, 2.463, 3.431, 3.439, 3.121, 2.326, 2.947, 4.085, 5.074, 5.999, 6.448, 6.614, 6.736, 8.002, 9.585, 10.432, 10.341, 10.494, 10.415, 10.02, 9.939, 10.298, 9.771, 9.563, 9.55, 9.775, 10.43, 10.252, 10.593, 10.685, 10.528, 10.307, 10.234, 10.285, 10.691, 10.772, 10.228, 10.618, 10.286, 10.5, 10.738, 10.63, 9.376, 8.671, 8.807, 8.676, 8.072, 7.167, 6.008, 4.832, 4.54], [3.437, 2.744, 2.649, 2.021, 2.11, 1.952, 1.732, 1.602, 1.407, 2.083, 2.002, 1.888, 1.899, 1.604, 1.592, 1.869, 1.343, 1.259, 0.702, 0.0, 1.399, 3.204, 4.485, 3.823, 2.649, 4.068, 5.559, 6.131, 5.948, 6.148, 4.419, 2.71, 2.805, 2.942, 2.89, 2.378, 2.57, 3.692, 3.658, 3.33, 2.53, 3.095, 4.277, 5.248, 6.182, 6.63, 6.855, 6.988, 8.296, 9.878, 10.73, 10.64, 10.808, 10.671, 10.271, 10.191, 10.555, 10.029, 9.813, 9.812, 10.038, 10.69, 10.515, 10.853, 10.948, 10.791, 10.57, 10.497, 10.548, 10.954, 11.035, 10.49, 10.88, 10.548, 10.762, 11.001, 10.891, 9.634, 8.923, 9.058, 8.928, 8.324, 7.417, 6.196, 4.957, 4.684], [4.657, 3.93, 3.869, 3.28, 3.103, 2.751, 2.416, 2.299, 2.414, 3.199, 3.102, 2.944, 2.91, 2.47, 1.654, 1.779, 2.046, 2.419, 1.716, 1.399, 0.0, 2.614, 4.028, 3.629, 2.424, 3.138, 4.454, 4.949, 4.774, 4.974, 3.686, 2.623, 2.734, 3.211, 3.233, 2.851, 2.796, 4.044, 4.197, 3.888, 3.291, 4.219, 5.471, 6.361, 7.373, 7.888, 8.133, 8.261, 9.603, 11.182, 12.036, 11.945, 12.096, 11.957, 11.538, 11.469, 11.834, 11.297, 11.09, 11.089, 11.315, 11.959, 11.789, 12.122, 12.22, 12.067, 11.846, 11.774, 11.825, 12.231, 12.312, 11.767, 12.157, 11.825, 12.039, 12.278, 12.169, 10.907, 10.197, 10.332, 10.201, 9.599, 8.689, 7.418, 6.032, 5.732], [5.618, 4.902, 4.956, 4.468, 4.512, 4.252, 3.912, 3.816, 3.872, 4.654, 4.443, 4.386, 4.343, 4.154, 3.095, 2.226, 3.276, 4.002, 3.416, 3.204, 2.614, 0.0, 1.743, 1.977, 2.257, 2.36, 3.052, 3.56, 3.496, 3.451, 2.147, 1.941, 1.853, 2.314, 2.757, 2.819, 2.38, 2.849, 3.703, 3.737, 4.13, 5.344, 6.697, 7.631, 8.595, 9.243, 9.618, 9.77, 11.157, 12.755, 13.558, 13.477, 13.702, 13.488, 13.106, 12.985, 13.345, 12.829, 12.615, 12.611, 12.837, 13.491, 13.314, 13.654, 13.747, 13.59, 13.369, 13.296, 13.347, 13.753, 13.834, 13.289, 13.679, 13.348, 13.561, 13.797, 13.68, 12.416, 11.706, 11.841, 11.71, 11.106, 10.177, 8.6, 6.848, 6.451], [5.783, 5.006, 5.124, 4.747, 4.927, 4.688, 4.638, 4.685, 4.529, 5.128, 4.894, 4.819, 4.8, 4.816, 3.793, 2.941, 3.998, 4.749, 4.459, 4.485, 4.028, 1.743, 0.0, 1.29, 2.57, 2.843, 3.189, 3.39, 3.458, 3.087, 2.196, 2.13, 2.003, 2.036, 2.485, 2.739, 2.418, 2.452, 3.438, 3.808, 4.506, 5.8, 7.13, 7.953, 8.977, 9.64, 9.989, 10.141, 11.528, 13.126, 13.956, 13.872, 14.073, 13.888, 13.461, 13.356, 13.72, 13.193, 12.992, 12.982, 13.208, 13.863, 13.684, 14.031, 14.118, 13.961, 13.74, 13.667, 13.718, 14.127, 14.205, 13.669, 14.059, 13.727, 13.94, 14.171, 14.055, 12.787, 12.077, 12.212, 12.081, 11.49, 10.563, 8.851, 7.028, 6.798], [5.374, 4.565, 4.687, 4.281, 4.35, 4.159, 4.022, 4.131, 4.07, 4.73, 4.485, 4.322, 4.282, 4.237, 3.199, 2.416, 3.459, 4.131, 3.772, 3.823, 3.629, 1.977, 1.29, 0.0, 1.696, 2.286, 2.829, 3.323, 3.172, 3.333, 1.647, 1.481, 1.642, 1.689, 2.093, 2.261, 1.885, 2.048, 3.086, 3.465, 4.155, 5.356, 6.593, 7.464, 8.484, 9.167, 9.536, 9.669, 10.952, 12.535, 13.38, 13.289, 13.444, 13.365, 12.943, 12.874, 13.238, 12.698, 12.498, 12.505, 12.7, 13.356, 13.177, 13.523, 13.61, 13.453, 13.232, 13.198, 13.248, 13.653, 13.739, 13.189, 13.572, 13.247, 13.458, 13.682, 13.578, 12.305, 11.595, 11.73, 11.599, 11.035, 10.122, 8.511, 6.757, 6.436], [4.923, 4.147, 4.245, 3.813, 3.936, 3.856, 3.472, 3.353, 3.404, 4.261, 3.982, 3.837, 3.801, 3.506, 2.763, 2.133, 2.785, 3.425, 2.766, 2.649, 2.424, 2.257, 2.57, 1.696, 0.0, 1.698, 3.161, 3.77, 3.594, 3.792, 2.074, 0.9, 1.291, 1.483, 1.7, 1.734, 1.425, 2.237, 2.856, 3.043, 3.726, 4.874, 6.182, 7.022, 7.983, 8.648, 9.009, 9.142, 10.428, 11.999, 12.843, 12.762, 12.943, 12.78, 12.405, 12.323, 12.669, 12.152, 11.932, 11.948, 12.156, 12.8, 12.622, 12.968, 13.055, 12.898, 12.699, 12.669, 12.716, 13.128, 13.211, 12.666, 13.048, 12.724, 12.935, 13.159, 13.025, 11.736, 11.037, 11.195, 11.079, 10.522, 9.636, 8.039, 6.33, 6.012], [6.538, 5.738, 5.836, 5.449, 5.512, 5.312, 4.954, 4.925, 5.058, 5.917, 5.638, 5.477, 5.441, 5.055, 4.088, 3.471, 4.426, 5.052, 4.32, 4.068, 3.138, 2.36, 2.843, 2.286, 1.698, 0.0, 1.584, 2.159, 1.989, 2.268, 1.618, 2.066, 2.261, 2.743, 3.13, 3.283, 2.967, 3.456, 4.207, 4.666, 5.366, 6.529, 7.785, 8.652, 9.638, 10.296, 10.653, 10.759, 12.027, 13.58, 14.428, 14.34, 14.477, 14.366, 13.99, 13.92, 14.274, 13.73, 13.513, 13.521, 13.73, 14.38, 14.206, 14.532, 14.627, 14.485, 14.273, 14.235, 14.282, 14.694, 14.777, 14.236, 14.632, 14.308, 14.52, 14.743, 14.59, 13.343, 12.654, 12.811, 12.696, 12.149, 11.269, 9.676, 7.94, 7.66], [8.039, 7.148, 7.232, 6.896, 6.889, 6.806, 6.439, 6.431, 6.564, 7.423, 7.144, 6.975, 6.901, 6.451, 5.398, 4.887, 5.839, 6.497, 5.788, 5.559, 4.454, 3.052, 3.189, 2.829, 3.161, 1.584, 0.0, 1.033, 1.023, 1.255, 1.653, 3.43, 3.658, 4.071, 4.593, 4.746, 4.448, 4.705, 5.713, 6.172, 6.87, 8.035, 9.279, 10.158, 11.144, 11.802, 12.159, 12.272, 13.432, 14.964, 15.809, 15.724, 15.895, 15.887, 15.504, 15.433, 15.789, 15.245, 15.009, 15.015, 15.232, 15.864, 15.701, 16.018, 16.117, 15.975, 15.767, 15.725, 15.775, 16.188, 16.267, 15.73, 16.126, 15.802, 16.014, 16.246, 16.111, 14.86, 14.167, 14.325, 14.209, 13.659, 12.777, 11.183, 9.429, 9.166], [8.611, 7.746, 7.844, 7.481, 7.544, 7.388, 7.018, 7.026, 7.153, 8.001, 7.742, 7.573, 7.491, 7.118, 6.078, 5.459, 6.457, 7.083, 6.36, 6.131, 4.949, 3.56, 3.39, 3.323, 3.77, 2.159, 1.033, 0.0, 0.609, 0.818, 2.093, 4.001, 4.23, 4.644, 5.166, 5.324, 5.02, 5.277, 6.285, 6.744, 7.442, 8.612, 9.862, 10.735, 11.738, 12.396, 12.766, 12.891, 14.112, 15.669, 16.521, 16.431, 16.568, 16.513, 16.122, 16.052, 16.409, 15.876, 15.646, 15.648, 15.871, 16.499, 16.332, 16.662, 16.761, 16.619, 16.403, 16.369, 16.417, 16.828, 16.912, 16.366, 16.756, 16.433, 16.644, 16.877, 16.741, 15.486, 14.786, 14.943, 14.827, 14.272, 13.358, 11.755, 10.001, 9.738], [8.428, 7.537, 7.631, 7.292, 7.327, 7.216, 6.845, 6.863, 6.98, 7.828, 7.569, 7.401, 7.321, 6.921, 5.852, 5.276, 6.244, 6.886, 6.178, 5.948, 4.774, 3.496, 3.458, 3.172, 3.594, 1.989, 1.023, 0.609, 0.0, 0.951, 1.876, 3.825, 4.055, 4.46, 4.992, 5.159, 4.837, 5.094, 6.102, 6.561, 7.259, 8.44, 9.69, 10.563, 11.565, 12.232, 12.603, 12.736, 13.923, 15.476, 16.324, 16.236, 16.373, 16.341, 15.967, 15.897, 16.23, 15.701, 15.468, 15.488, 15.69, 16.315, 16.146, 16.478, 16.578, 16.448, 16.239, 16.209, 16.256, 16.668, 16.751, 16.206, 16.596, 16.273, 16.485, 16.717, 16.564, 15.32, 14.631, 14.788, 14.672, 14.116, 13.203, 11.572, 9.818, 9.555], [8.599, 7.78, 7.89, 7.524, 7.572, 7.417, 7.046, 7.055, 7.181, 8.029, 7.77, 7.601, 7.543, 7.17, 6.173, 5.476, 6.503, 7.124, 6.394, 6.148, 4.974, 3.451, 3.087, 3.333, 3.792, 2.268, 1.255, 0.818, 0.951, 0.0, 2.026, 4.026, 4.21, 4.623, 5.146, 5.313, 5.002, 5.258, 6.269, 6.731, 7.437, 8.641, 9.891, 10.764, 11.767, 12.424, 12.795, 12.928, 14.173, 15.726, 16.576, 16.493, 16.632, 16.548, 16.165, 16.092, 16.436, 15.92, 15.694, 15.712, 15.918, 16.553, 16.374, 16.72, 16.807, 16.662, 16.463, 16.432, 16.48, 16.892, 16.975, 16.43, 16.812, 16.488, 16.699, 16.923, 16.792, 15.514, 14.823, 14.98, 14.865, 14.308, 13.395, 11.738, 9.982, 9.732], [6.715, 5.911, 6.029, 5.686, 5.782, 5.618, 5.255, 5.188, 5.254, 6.093, 5.848, 5.744, 5.702, 5.43, 4.414, 3.637, 4.635, 5.29, 4.617, 4.419, 3.686, 2.147, 2.196, 1.647, 2.074, 1.618, 1.653, 2.093, 1.876, 2.026, 0.0, 2.101, 2.338, 2.718, 3.264, 3.462, 3.1, 3.307, 4.325, 4.786, 5.493, 6.744, 8.075, 8.89, 9.858, 10.533, 10.895, 11.028, 12.363, 13.961, 14.789, 14.705, 14.904, 14.717, 14.31, 14.213, 14.578, 14.053, 13.847, 13.853, 14.07, 14.717, 14.539, 14.885, 14.972, 14.815, 14.607, 14.561, 14.608, 15.02, 15.103, 14.558, 14.94, 14.616, 14.827, 15.051, 14.933, 13.645, 12.934, 13.071, 12.956, 12.398, 11.485, 9.818, 8.02, 7.788], [4.67, 3.856, 3.962, 3.595, 3.74, 3.635, 3.322, 3.141, 3.169, 4.008, 3.763, 3.648, 3.606, 3.389, 2.531, 1.888, 2.547, 3.218, 2.729, 2.71, 2.623, 1.941, 2.13, 1.481, 0.9, 2.066, 3.43, 4.001, 3.825, 4.026, 2.101, 0.0, 0.987, 1.155, 1.318, 1.501, 1.173, 1.911, 2.672, 2.806, 3.44, 4.648, 5.985, 6.8, 7.793, 8.472, 8.84, 8.974, 10.321, 11.92, 12.742, 12.659, 12.867, 12.671, 12.28, 12.177, 12.541, 12.009, 11.809, 11.816, 12.026, 12.68, 12.502, 12.848, 12.935, 12.778, 12.557, 12.511, 12.559, 12.955, 13.04, 12.499, 12.884, 12.56, 12.771, 12.995, 12.89, 11.609, 10.898, 11.033, 10.903, 10.324, 9.4, 7.774, 6.012, 5.737], [4.42, 3.652, 3.766, 3.36, 3.565, 3.57, 3.4, 3.251, 3.079, 3.834, 3.574, 3.423, 3.397, 3.384, 2.599, 1.817, 2.458, 3.141, 2.883, 2.805, 2.734, 1.853, 2.003, 1.642, 1.291, 2.261, 3.658, 4.23, 4.055, 4.21, 2.338, 0.987, 0.0, 0.77, 1.149, 1.294, 0.956, 1.731, 2.362, 2.552, 3.241, 4.445, 5.771, 6.611, 7.6, 8.269, 8.638, 8.774, 10.093, 11.692, 12.521, 12.437, 12.639, 12.465, 12.084, 11.989, 12.353, 11.816, 11.616, 11.623, 11.831, 12.486, 12.308, 12.654, 12.741, 12.584, 12.363, 12.303, 12.365, 12.752, 12.833, 12.293, 12.682, 12.353, 12.564, 12.795, 12.683, 11.42, 10.71, 10.845, 10.714, 10.121, 9.2, 7.542, 5.796, 5.537], [4.007, 3.211, 3.321, 3.022, 3.484, 3.467, 3.425, 3.362, 2.964, 3.43, 3.192, 3.07, 3.151, 3.436, 2.778, 1.941, 2.331, 3.115, 2.88, 2.942, 3.211, 2.314, 2.036, 1.689, 1.483, 2.743, 4.071, 4.644, 4.46, 4.623, 2.718, 1.155, 0.77, 0.0, 0.734, 1.026, 0.806, 1.304, 1.977, 2.158, 2.837, 4.093, 5.444, 6.285, 7.222, 7.876, 8.244, 8.403, 9.786, 11.384, 12.136, 12.054, 12.331, 12.153, 11.777, 11.639, 11.983, 11.452, 11.255, 11.238, 11.455, 12.113, 11.934, 12.281, 12.363, 12.204, 11.99, 11.92, 11.981, 12.384, 12.461, 11.919, 12.298, 11.965, 12.179, 12.41, 12.293, 11.036, 10.325, 10.46, 10.33, 9.778, 8.818, 7.144, 5.422, 5.133], [3.486, 2.722, 2.82, 2.548, 3.015, 3.091, 3.101, 3.133, 2.618, 2.913, 2.686, 2.586, 2.662, 3.057, 2.677, 1.891, 2.042, 2.855, 2.653, 2.89, 3.233, 2.757, 2.485, 2.093, 1.7, 3.13, 4.593, 5.166, 4.992, 5.146, 3.264, 1.318, 1.149, 0.734, 0.0, 0.829, 0.705, 1.272, 1.739, 1.771, 2.356, 3.607, 4.888, 5.731, 6.673, 7.341, 7.709, 7.892, 9.221, 10.82, 11.601, 11.52, 11.767, 11.623, 11.218, 11.08, 11.44, 10.923, 10.713, 10.708, 10.924, 11.579, 11.404, 11.753, 11.833, 11.674, 11.455, 11.382, 11.443, 11.843, 11.921, 11.384, 11.768, 11.436, 11.649, 11.88, 11.763, 10.507, 9.796, 9.931, 9.801, 9.218, 8.282, 6.614, 4.879, 4.608], [3.328, 2.542, 2.656, 2.29, 2.88, 2.961, 2.781, 2.843, 2.312, 2.747, 2.497, 2.333, 2.414, 2.761, 2.392, 1.819, 1.664, 2.353, 2.182, 2.378, 2.851, 2.819, 2.739, 2.261, 1.734, 3.283, 4.746, 5.324, 5.159, 5.313, 3.462, 1.501, 1.294, 1.026, 0.829, 0.0, 0.819, 1.636, 1.99, 1.878, 2.164, 3.384, 4.655, 5.515, 6.512, 7.181, 7.549, 7.693, 8.972, 10.57, 11.406, 11.324, 11.517, 11.417, 10.983, 10.895, 11.269, 10.719, 10.519, 10.525, 10.733, 11.395, 11.218, 11.556, 11.643, 11.485, 11.264, 11.195, 11.258, 11.652, 11.73, 11.194, 11.585, 11.253, 11.466, 11.697, 11.58, 10.324, 9.615, 9.75, 9.62, 9.025, 8.101, 6.454, 4.706, 4.465], [3.688, 2.908, 3.035, 2.662, 3.059, 3.225, 3.026, 2.993, 2.5, 3.081, 2.851, 2.727, 2.719, 3.066, 2.457, 1.69, 1.96, 2.622, 2.463, 2.57, 2.796, 2.38, 2.418, 1.885, 1.425, 2.967, 4.448, 5.02, 4.837, 5.002, 3.1, 1.173, 0.956, 0.806, 0.705, 0.819, 0.0, 1.484, 1.947, 1.94, 2.461, 3.726, 5.065, 5.903, 6.873, 7.546, 7.923, 8.088, 9.442, 11.04, 11.824, 11.742, 11.987, 11.816, 11.431, 11.293, 11.654, 11.137, 10.927, 10.924, 11.139, 11.795, 11.616, 11.963, 12.049, 11.89, 11.671, 11.598, 11.649, 12.055, 12.136, 11.597, 11.984, 11.651, 11.865, 12.096, 11.979, 10.722, 10.011, 10.146, 10.016, 9.431, 8.493, 6.81, 5.06, 4.753], [3.626, 2.875, 3.024, 3.098, 3.7, 3.754, 3.878, 4.026, 3.274, 3.066, 3.149, 3.11, 3.257, 3.828, 3.559, 2.625, 2.647, 3.226, 3.431, 3.692, 4.044, 2.849, 2.452, 2.048, 2.237, 3.456, 4.705, 5.277, 5.094, 5.258, 3.307, 1.911, 1.731, 1.304, 1.272, 1.636, 1.484, 0.0, 1.234, 1.545, 2.256, 3.676, 5.001, 5.871, 6.854, 7.452, 7.772, 8.011, 9.453, 11.051, 11.774, 11.72, 11.998, 11.842, 11.386, 11.235, 11.553, 10.988, 10.795, 10.786, 11.003, 11.665, 11.483, 11.843, 11.912, 11.753, 11.543, 11.47, 11.522, 11.927, 12.009, 11.464, 11.846, 11.514, 11.727, 11.959, 11.842, 10.57, 9.859, 9.995, 9.864, 9.397, 8.331, 6.604, 4.902, 4.547], [2.891, 2.41, 2.506, 2.821, 3.591, 3.759, 4.029, 4.122, 3.239, 2.55, 2.783, 2.764, 3.239, 3.814, 3.618, 2.929, 2.571, 3.066, 3.439, 3.658, 4.197, 3.703, 3.438, 3.086, 2.856, 4.207, 5.713, 6.285, 6.102, 6.269, 4.325, 2.672, 2.362, 1.977, 1.739, 1.99, 1.947, 1.234, 0.0, 0.766, 1.737, 3.023, 4.159, 5.021, 5.999, 6.588, 6.88, 7.137, 8.596, 10.195, 10.918, 10.864, 11.142, 11.045, 10.53, 10.378, 10.671, 10.13, 9.907, 9.839, 10.052, 10.714, 10.533, 10.893, 10.961, 10.801, 10.592, 10.52, 10.572, 10.98, 11.059, 10.514, 10.895, 10.563, 10.776, 11.007, 10.891, 9.604, 8.893, 9.029, 8.898, 8.547, 7.407, 5.651, 3.98, 3.646], [2.422, 1.948, 2.091, 2.506, 3.226, 3.415, 3.716, 3.812, 2.92, 2.209, 2.382, 2.443, 2.855, 3.453, 3.314, 2.717, 2.235, 2.716, 3.121, 3.33, 3.888, 3.737, 3.808, 3.465, 3.043, 4.666, 6.172, 6.744, 6.561, 6.731, 4.786, 2.806, 2.552, 2.158, 1.771, 1.878, 1.94, 1.545, 0.766, 0.0, 1.293, 2.436, 3.665, 4.508, 5.469, 6.064, 6.356, 6.616, 8.068, 9.667, 10.39, 10.336, 10.614, 10.493, 10.002, 9.85, 10.143, 9.602, 9.383, 9.314, 9.527, 10.189, 10.007, 10.369, 10.436, 10.277, 10.068, 9.995, 10.046, 10.452, 10.533, 9.988, 10.37, 10.038, 10.251, 10.483, 10.366, 9.079, 8.368, 8.503, 8.373, 8.034, 6.884, 5.152, 3.548, 3.15], [1.86, 1.353, 1.393, 1.925, 2.59, 2.637, 2.949, 3.032, 2.143, 1.541, 1.722, 1.691, 2.064, 2.668, 2.661, 2.491, 1.623, 1.927, 2.326, 2.53, 3.291, 4.13, 4.506, 4.155, 3.726, 5.366, 6.87, 7.442, 7.259, 7.437, 5.493, 3.44, 3.241, 2.837, 2.356, 2.164, 2.461, 2.256, 1.737, 1.293, 0.0, 1.555, 2.936, 3.778, 4.661, 5.28, 5.573, 5.788, 7.231, 8.83, 9.568, 9.499, 9.777, 9.619, 9.165, 9.013, 9.333, 8.789, 8.593, 8.584, 8.804, 9.466, 9.284, 9.632, 9.713, 9.554, 9.341, 9.268, 9.32, 9.725, 9.807, 9.262, 9.647, 9.315, 9.528, 9.76, 9.643, 8.371, 7.661, 7.796, 7.665, 7.174, 6.132, 4.537, 3.021, 2.602], [1.47, 1.467, 1.681, 2.194, 2.84, 2.982, 3.435, 3.512, 2.684, 1.872, 2.165, 2.217, 2.51, 3.008, 3.556, 3.617, 2.488, 2.411, 2.947, 3.095, 4.219, 5.344, 5.8, 5.356, 4.874, 6.529, 8.035, 8.612, 8.44, 8.641, 6.744, 4.648, 4.445, 4.093, 3.607, 3.384, 3.726, 3.676, 3.023, 2.436, 1.555, 0.0, 1.482, 2.413, 3.34, 3.954, 4.33, 4.509, 5.836, 7.435, 8.238, 8.156, 8.382, 8.233, 7.819, 7.697, 8.061, 7.542, 7.325, 7.319, 7.544, 8.2, 8.021, 8.377, 8.454, 8.297, 8.076, 8.003, 8.055, 8.46, 8.542, 7.997, 8.387, 8.055, 8.269, 8.504, 8.387, 7.128, 6.418, 6.553, 6.422, 5.819, 4.892, 3.454, 2.06, 1.795], [1.717, 2.409, 2.48, 2.869, 3.492, 3.554, 4.115, 4.339, 3.621, 2.93, 3.049, 3.261, 3.436, 3.99, 4.762, 4.891, 3.828, 3.495, 4.085, 4.277, 5.471, 6.697, 7.13, 6.593, 6.182, 7.785, 9.279, 9.862, 9.69, 9.891, 8.075, 5.985, 5.771, 5.444, 4.888, 4.655, 5.065, 5.001, 4.159, 3.665, 2.936, 1.482, 0.0, 1.333, 2.154, 2.739, 3.092, 3.301, 4.529, 6.111, 6.963, 6.881, 7.026, 7.035, 6.521, 6.452, 6.817, 6.279, 6.09, 6.133, 6.316, 6.939, 6.761, 7.123, 7.2, 7.036, 6.815, 6.742, 6.794, 7.199, 7.281, 6.736, 7.126, 6.794, 7.008, 7.246, 7.138, 5.882, 5.173, 5.308, 5.178, 4.584, 3.678, 2.33, 1.24, 1.238], [2.545, 3.279, 3.365, 3.744, 4.337, 4.51, 5.099, 5.3, 4.502, 3.794, 3.835, 4.076, 4.265, 4.942, 5.655, 5.777, 4.765, 4.463, 5.074, 5.248, 6.361, 7.631, 7.953, 7.464, 7.022, 8.652, 10.158, 10.735, 10.563, 10.764, 8.89, 6.8, 6.611, 6.285, 5.731, 5.515, 5.903, 5.871, 5.021, 4.508, 3.778, 2.413, 1.333, 0.0, 1.268, 1.865, 2.252, 2.486, 3.658, 5.211, 6.062, 6.004, 6.195, 6.224, 5.627, 5.506, 5.87, 5.342, 5.222, 5.344, 5.401, 6.021, 5.84, 6.188, 6.264, 6.098, 5.877, 5.814, 5.886, 6.291, 6.376, 5.802, 6.193, 5.885, 6.16, 6.367, 6.206, 4.937, 4.254, 4.467, 4.344, 3.784, 2.882, 1.424, 1.342, 1.706], [3.328, 4.173, 4.108, 4.543, 4.961, 5.148, 5.744, 5.878, 5.345, 4.695, 4.74, 4.992, 5.215, 5.843, 6.686, 6.794, 5.694, 5.365, 5.999, 6.182, 7.373, 8.595, 8.977, 8.484, 7.983, 9.638, 11.144, 11.738, 11.565, 11.767, 9.858, 7.793, 7.6, 7.222, 6.673, 6.512, 6.873, 6.854, 5.999, 5.469, 4.661, 3.34, 2.154, 1.268, 0.0, 0.83, 1.422, 1.641, 2.601, 4.2, 4.99, 4.972, 5.236, 5.209, 4.634, 4.423, 4.782, 4.265, 4.288, 4.513, 4.511, 4.98, 4.825, 5.193, 5.399, 5.158, 4.824, 4.833, 4.841, 5.232, 5.34, 4.773, 5.127, 4.958, 5.239, 5.441, 5.162, 3.897, 3.385, 3.713, 3.571, 3.4, 2.458, 1.094, 2.143, 2.387], [3.909, 4.775, 4.671, 5.081, 5.386, 5.535, 6.112, 6.24, 5.781, 5.099, 5.25, 5.498, 5.71, 6.272, 7.192, 7.358, 6.24, 5.813, 6.448, 6.63, 7.888, 9.243, 9.64, 9.167, 8.648, 10.296, 11.802, 12.396, 12.232, 12.424, 10.533, 8.472, 8.269, 7.876, 7.341, 7.181, 7.546, 7.452, 6.588, 6.064, 5.28, 3.954, 2.739, 1.865, 0.83, 0.0, 0.97, 1.346, 2.279, 3.771, 4.36, 4.353, 4.646, 4.619, 4.044, 3.829, 4.173, 3.643, 3.653, 3.864, 3.955, 4.391, 4.363, 4.662, 4.914, 4.662, 4.385, 4.345, 4.331, 4.577, 4.679, 4.223, 4.622, 4.443, 4.713, 4.799, 4.47, 3.282, 2.797, 3.14, 3.081, 3.003, 2.014, 1.129, 2.813, 3.011], [4.288, 5.154, 5.051, 5.404, 5.547, 5.619, 6.076, 6.158, 5.907, 5.204, 5.395, 5.63, 5.801, 6.309, 7.295, 7.639, 6.598, 5.933, 6.614, 6.855, 8.133, 9.618, 9.989, 9.536, 9.009, 10.653, 12.159, 12.766, 12.603, 12.795, 10.895, 8.84, 8.638, 8.244, 7.709, 7.549, 7.923, 7.772, 6.88, 6.356, 5.573, 4.33, 3.092, 2.252, 1.422, 0.97, 0.0, 0.906, 2.028, 3.46, 4.071, 4.012, 4.288, 4.278, 3.67, 3.519, 3.812, 3.303, 3.208, 3.295, 3.459, 4.04, 3.942, 4.29, 4.57, 4.303, 3.994, 3.96, 3.926, 4.173, 4.273, 3.852, 4.244, 4.12, 4.373, 4.483, 4.133, 2.893, 2.439, 2.634, 2.604, 2.655, 1.576, 1.492, 3.261, 3.569], [4.534, 5.388, 5.297, 5.582, 5.662, 5.664, 6.08, 6.082, 5.916, 5.284, 5.41, 5.612, 5.71, 6.158, 7.193, 7.712, 6.714, 6.013, 6.736, 6.988, 8.261, 9.77, 10.141, 9.669, 9.142, 10.759, 12.272, 12.891, 12.736, 12.928, 11.028, 8.974, 8.774, 8.403, 7.892, 7.693, 8.088, 8.011, 7.137, 6.616, 5.788, 4.509, 3.301, 2.486, 1.641, 1.346, 0.906, 0.0, 1.691, 3.283, 3.903, 3.793, 4.06, 3.933, 3.448, 3.351, 3.69, 3.2, 3.267, 3.412, 3.55, 3.952, 3.907, 4.226, 4.523, 4.181, 3.852, 3.833, 3.816, 4.077, 4.128, 3.77, 4.153, 4.084, 4.369, 4.459, 4.099, 2.839, 2.529, 2.845, 2.685, 2.82, 2.1, 1.914, 3.465, 3.743], [5.861, 6.658, 6.537, 6.831, 6.862, 6.956, 7.328, 7.351, 7.41, 6.643, 6.76, 6.793, 6.819, 7.16, 8.326, 8.997, 7.952, 7.256, 8.002, 8.296, 9.603, 11.157, 11.528, 10.952, 10.428, 12.027, 13.432, 14.112, 13.923, 14.173, 12.363, 10.321, 10.093, 9.786, 9.221, 8.972, 9.442, 9.453, 8.596, 8.068, 7.231, 5.836, 4.529, 3.658, 2.601, 2.279, 2.028, 1.691, 0.0, 1.727, 2.462, 2.53, 2.67, 2.911, 2.296, 2.27, 2.672, 2.248, 2.521, 2.758, 2.699, 2.971, 2.975, 3.219, 3.537, 3.119, 2.736, 2.777, 2.752, 3.004, 3.096, 2.752, 3.09, 3.105, 3.393, 3.488, 3.224, 2.08, 1.897, 2.208, 2.14, 2.443, 2.591, 3.028, 4.71, 4.966], [7.459, 8.256, 8.136, 8.429, 8.385, 8.538, 8.91, 8.949, 9.009, 8.241, 8.359, 8.377, 8.412, 8.736, 9.901, 10.579, 9.55, 8.839, 9.585, 9.878, 11.182, 12.755, 13.126, 12.535, 11.999, 13.58, 14.964, 15.669, 15.476, 15.726, 13.961, 11.92, 11.692, 11.384, 10.82, 10.57, 11.04, 11.051, 10.195, 9.667, 8.83, 7.435, 6.111, 5.211, 4.2, 3.771, 3.46, 3.283, 1.727, 0.0, 1.082, 1.349, 1.767, 2.088, 1.695, 1.428, 1.387, 1.095, 1.377, 1.76, 1.632, 1.722, 1.742, 1.877, 2.196, 1.922, 1.598, 1.614, 1.553, 1.731, 1.775, 1.454, 1.732, 1.776, 2.054, 2.077, 1.985, 1.324, 1.849, 1.97, 1.982, 2.525, 3.155, 4.566, 6.309, 6.565], [8.183, 8.979, 8.858, 9.235, 9.234, 9.388, 9.758, 9.755, 9.77, 8.964, 9.129, 9.172, 9.228, 9.59, 10.733, 11.431, 10.368, 9.69, 10.432, 10.73, 12.036, 13.558, 13.956, 13.38, 12.843, 14.428, 15.809, 16.521, 16.324, 16.576, 14.789, 12.742, 12.521, 12.136, 11.601, 11.406, 11.824, 11.774, 10.918, 10.39, 9.568, 8.238, 6.963, 6.062, 4.99, 4.36, 4.071, 3.903, 2.462, 1.082, 0.0, 0.799, 1.157, 1.481, 1.236, 1.091, 1.191, 1.308, 1.403, 1.594, 1.59, 1.595, 1.757, 1.777, 2.061, 1.789, 1.652, 1.573, 1.42, 1.247, 1.32, 1.531, 1.507, 1.649, 1.919, 1.635, 1.549, 1.697, 2.212, 2.173, 2.22, 2.709, 3.55, 5.28, 7.118, 7.319], [8.128, 8.925, 8.805, 9.153, 9.157, 9.306, 9.68, 9.673, 9.688, 8.91, 9.047, 9.09, 9.147, 9.499, 10.643, 11.342, 10.286, 9.602, 10.341, 10.64, 11.945, 13.477, 13.872, 13.289, 12.762, 14.34, 15.724, 16.431, 16.236, 16.493, 14.705, 12.659, 12.437, 12.054, 11.52, 11.324, 11.742, 11.72, 10.864, 10.336, 9.499, 8.156, 6.881, 6.004, 4.972, 4.353, 4.012, 3.793, 2.53, 1.349, 0.799, 0.0, 0.931, 1.042, 0.92, 0.956, 1.368, 1.303, 1.372, 1.641, 1.552, 1.609, 1.784, 1.828, 2.111, 1.902, 1.62, 1.574, 1.423, 1.225, 1.273, 1.708, 1.559, 1.712, 1.839, 1.735, 1.489, 1.774, 2.235, 2.155, 2.068, 2.549, 3.494, 5.251, 7.038, 7.301], [8.406, 9.203, 9.083, 9.376, 9.364, 9.45, 9.819, 9.896, 9.956, 9.188, 9.306, 9.324, 9.359, 9.66, 10.829, 11.513, 10.497, 9.777, 10.494, 10.808, 12.096, 13.702, 14.073, 13.444, 12.943, 14.477, 15.895, 16.568, 16.373, 16.632, 14.904, 12.867, 12.639, 12.331, 11.767, 11.517, 11.987, 11.998, 11.142, 10.614, 9.777, 8.382, 7.026, 6.195, 5.236, 4.646, 4.288, 4.06, 2.67, 1.767, 1.157, 0.931, 0.0, 0.956, 0.819, 1.153, 1.668, 1.816, 1.85, 2.053, 1.967, 2.0, 2.231, 2.231, 2.498, 2.297, 2.058, 1.988, 1.822, 1.471, 1.59, 2.157, 1.915, 2.014, 2.131, 2.044, 2.142, 2.396, 2.693, 2.688, 2.407, 2.768, 3.798, 5.544, 7.272, 7.594], [8.312, 9.138, 9.058, 9.306, 9.354, 9.385, 9.774, 9.697, 9.754, 9.047, 9.155, 9.212, 9.279, 9.638, 10.788, 11.399, 10.413, 9.7, 10.415, 10.671, 11.957, 13.488, 13.888, 13.365, 12.78, 14.366, 15.887, 16.513, 16.341, 16.548, 14.717, 12.671, 12.465, 12.153, 11.623, 11.417, 11.816, 11.842, 11.045, 10.493, 9.619, 8.233, 7.035, 6.224, 5.209, 4.619, 4.278, 3.933, 2.911, 2.088, 1.481, 1.042, 0.956, 0.0, 0.854, 1.173, 1.727, 1.833, 1.868, 2.0, 1.94, 1.795, 1.988, 1.983, 2.205, 2.159, 1.877, 1.806, 1.67, 1.416, 1.491, 2.278, 1.948, 2.021, 2.056, 1.984, 1.853, 2.327, 2.638, 2.622, 2.413, 2.664, 3.791, 5.505, 7.248, 7.538], [7.856, 8.73, 8.623, 8.89, 8.949, 8.947, 9.328, 9.341, 9.344, 8.576, 8.698, 8.787, 8.859, 9.216, 10.413, 10.992, 10.045, 9.297, 10.02, 10.271, 11.538, 13.106, 13.461, 12.943, 12.405, 13.99, 15.504, 16.122, 15.967, 16.165, 14.31, 12.28, 12.084, 11.777, 11.218, 10.983, 11.431, 11.386, 10.53, 10.002, 9.165, 7.819, 6.521, 5.627, 4.634, 4.044, 3.67, 3.448, 2.296, 1.695, 1.236, 0.92, 0.819, 0.854, 0.0, 0.751, 1.522, 1.499, 1.583, 1.685, 1.569, 1.713, 1.905, 1.969, 2.351, 2.098, 1.767, 1.692, 1.539, 1.334, 1.481, 2.034, 1.766, 1.873, 2.034, 1.912, 1.757, 1.811, 2.056, 2.057, 1.757, 2.121, 3.18, 4.916, 6.644, 6.965], [7.717, 8.592, 8.485, 8.771, 8.843, 8.878, 9.259, 9.222, 9.192, 8.43, 8.559, 8.657, 8.751, 9.15, 10.315, 10.908, 9.937, 9.207, 9.939, 10.191, 11.469, 12.985, 13.356, 12.874, 12.323, 13.92, 15.433, 16.052, 15.897, 16.092, 14.213, 12.177, 11.989, 11.639, 11.08, 10.895, 11.293, 11.235, 10.378, 9.85, 9.013, 7.697, 6.452, 5.506, 4.423, 3.829, 3.519, 3.351, 2.27, 1.428, 1.091, 0.956, 1.153, 1.173, 0.751, 0.0, 0.983, 1.056, 1.25, 1.505, 1.402, 1.567, 1.711, 1.806, 2.206, 1.886, 1.539, 1.462, 1.334, 1.161, 1.275, 1.648, 1.515, 1.627, 1.893, 1.85, 1.645, 1.46, 1.713, 1.722, 1.678, 1.973, 3.01, 4.741, 6.516, 6.748], [8.062, 8.936, 8.83, 9.135, 9.208, 9.242, 9.623, 9.586, 9.485, 8.774, 8.907, 9.021, 9.115, 9.528, 10.68, 11.273, 10.276, 9.572, 10.298, 10.555, 11.834, 13.345, 13.72, 13.238, 12.669, 14.274, 15.789, 16.409, 16.23, 16.436, 14.578, 12.541, 12.353, 11.983, 11.44, 11.269, 11.654, 11.553, 10.671, 10.143, 9.333, 8.061, 6.817, 5.87, 4.782, 4.173, 3.812, 3.69, 2.672, 1.387, 1.191, 1.368, 1.668, 1.727, 1.522, 0.983, 0.0, 0.874, 1.184, 1.477, 1.586, 1.401, 1.498, 1.508, 1.825, 1.503, 1.366, 1.279, 1.152, 1.056, 1.094, 1.193, 1.297, 1.598, 1.75, 1.609, 1.433, 1.46, 2.046, 2.014, 2.219, 2.623, 3.424, 5.034, 6.869, 7.06], [7.503, 8.369, 8.265, 8.604, 8.677, 8.703, 9.082, 9.063, 8.991, 8.206, 8.39, 8.505, 8.574, 8.978, 10.138, 10.746, 9.752, 9.045, 9.771, 10.029, 11.297, 12.829, 13.193, 12.698, 12.152, 13.73, 15.245, 15.876, 15.701, 15.92, 14.053, 12.009, 11.816, 11.452, 10.923, 10.719, 11.137, 10.988, 10.13, 9.602, 8.789, 7.542, 6.279, 5.342, 4.265, 3.643, 3.303, 3.2, 2.248, 1.095, 1.308, 1.303, 1.816, 1.833, 1.499, 1.056, 0.874, 0.0, 0.792, 1.09, 1.041, 0.995, 1.153, 1.254, 1.615, 1.265, 1.038, 0.985, 0.95, 1.179, 1.234, 0.955, 1.155, 1.186, 1.443, 1.467, 1.376, 1.082, 1.484, 1.45, 1.652, 2.109, 2.849, 4.493, 6.353, 6.535], [7.31, 8.177, 8.073, 8.388, 8.462, 8.502, 8.882, 8.849, 8.766, 7.99, 8.191, 8.282, 8.37, 8.773, 9.918, 10.531, 9.544, 8.837, 9.563, 9.813, 11.09, 12.615, 12.992, 12.498, 11.932, 13.513, 15.009, 15.646, 15.468, 15.694, 13.847, 11.809, 11.616, 11.255, 10.713, 10.519, 10.927, 10.795, 9.907, 9.383, 8.593, 7.325, 6.09, 5.222, 4.288, 3.653, 3.208, 3.267, 2.521, 1.377, 1.403, 1.372, 1.85, 1.868, 1.583, 1.25, 1.184, 0.792, 0.0, 0.79, 0.874, 1.233, 1.184, 1.401, 1.589, 1.552, 1.401, 1.269, 1.28, 1.478, 1.396, 1.179, 1.409, 1.305, 1.533, 1.493, 1.419, 1.12, 1.366, 1.24, 1.336, 1.993, 2.566, 4.309, 6.178, 6.477], [7.299, 8.142, 8.037, 8.389, 8.461, 8.483, 8.861, 8.842, 8.758, 7.979, 8.178, 8.287, 8.367, 8.77, 9.917, 10.531, 9.541, 8.83, 9.55, 9.812, 11.089, 12.611, 12.982, 12.505, 11.948, 13.521, 15.015, 15.648, 15.488, 15.712, 13.853, 11.816, 11.623, 11.238, 10.708, 10.525, 10.924, 10.786, 9.839, 9.314, 8.584, 7.319, 6.133, 5.344, 4.513, 3.864, 3.295, 3.412, 2.758, 1.76, 1.594, 1.641, 2.053, 2.0, 1.685, 1.505, 1.477, 1.09, 0.79, 0.0, 0.74, 1.163, 1.167, 1.386, 1.556, 1.415, 1.301, 1.173, 1.193, 1.393, 1.402, 1.236, 1.39, 1.272, 1.439, 1.449, 1.521, 1.401, 1.488, 1.228, 1.377, 1.963, 2.618, 4.429, 6.313, 6.617], [7.505, 8.359, 8.254, 8.606, 8.687, 8.709, 9.086, 9.067, 8.982, 8.191, 8.401, 8.506, 8.588, 8.995, 10.142, 10.756, 9.766, 9.055, 9.775, 10.038, 11.315, 12.837, 13.208, 12.7, 12.156, 13.73, 15.232, 15.871, 15.69, 15.918, 14.07, 12.026, 11.831, 11.455, 10.924, 10.733, 11.139, 11.003, 10.052, 9.527, 8.804, 7.544, 6.316, 5.401, 4.511, 3.955, 3.459, 3.55, 2.699, 1.632, 1.59, 1.552, 1.967, 1.94, 1.569, 1.402, 1.586, 1.041, 0.874, 0.74, 0.0, 0.874, 0.841, 1.081, 1.353, 1.167, 1.019, 0.909, 0.922, 1.182, 1.223, 1.14, 1.136, 0.914, 1.126, 1.252, 1.395, 1.325, 1.344, 1.208, 1.31, 1.914, 2.693, 4.49, 6.442, 6.717], [8.167, 9.021, 8.916, 9.262, 9.337, 9.364, 9.742, 9.723, 9.639, 8.871, 9.063, 9.167, 9.242, 9.65, 10.793, 11.407, 10.42, 9.709, 10.43, 10.69, 11.959, 13.491, 13.863, 13.356, 12.8, 14.38, 15.864, 16.499, 16.315, 16.553, 14.717, 12.68, 12.486, 12.113, 11.579, 11.395, 11.795, 11.665, 10.714, 10.189, 9.466, 8.2, 6.939, 6.021, 4.98, 4.391, 4.04, 3.952, 2.971, 1.722, 1.595, 1.609, 2.0, 1.795, 1.713, 1.567, 1.401, 0.995, 1.233, 1.163, 0.874, 0.0, 0.59, 0.629, 0.953, 0.888, 0.891, 0.82, 0.856, 1.024, 1.088, 1.157, 0.973, 0.982, 1.007, 1.105, 1.358, 1.531, 1.901, 1.756, 1.882, 2.483, 3.351, 5.09, 7.03, 7.206], [7.984, 8.838, 8.733, 9.083, 9.163, 9.185, 9.563, 9.544, 9.46, 8.694, 8.88, 8.987, 9.066, 9.472, 10.619, 11.233, 10.243, 9.532, 10.252, 10.515, 11.789, 13.314, 13.684, 13.177, 12.622, 14.206, 15.701, 16.332, 16.146, 16.374, 14.539, 12.502, 12.308, 11.934, 11.404, 11.218, 11.616, 11.483, 10.533, 10.007, 9.284, 8.021, 6.761, 5.84, 4.825, 4.363, 3.942, 3.907, 2.975, 1.742, 1.757, 1.784, 2.231, 1.988, 1.905, 1.711, 1.498, 1.153, 1.184, 1.167, 0.841, 0.59, 0.0, 0.57, 0.833, 0.872, 0.919, 0.891, 0.953, 1.162, 1.163, 1.265, 1.081, 1.093, 1.057, 1.133, 1.361, 1.525, 1.852, 1.689, 1.82, 2.372, 3.236, 4.911, 6.869, 7.08], [8.337, 9.2, 9.091, 9.439, 9.5, 9.532, 9.909, 9.886, 9.806, 9.043, 9.229, 9.333, 9.417, 9.801, 10.956, 11.569, 10.582, 9.872, 10.593, 10.853, 12.122, 13.654, 14.031, 13.523, 12.968, 14.532, 16.018, 16.662, 16.478, 16.72, 14.885, 12.848, 12.654, 12.281, 11.753, 11.556, 11.963, 11.843, 10.893, 10.369, 9.632, 8.377, 7.123, 6.188, 5.193, 4.662, 4.29, 4.226, 3.219, 1.877, 1.777, 1.828, 2.231, 1.983, 1.969, 1.806, 1.508, 1.254, 1.401, 1.386, 1.081, 0.629, 0.57, 0.0, 0.641, 0.722, 0.899, 0.895, 0.965, 1.105, 1.12, 1.194, 0.949, 1.015, 0.966, 0.913, 1.283, 1.742, 2.165, 2.027, 2.128, 2.652, 3.542, 5.257, 7.196, 7.372], [8.413, 9.268, 9.163, 9.516, 9.597, 9.619, 9.996, 9.977, 9.89, 9.1, 9.309, 9.412, 9.497, 9.899, 11.052, 11.666, 10.676, 9.965, 10.685, 10.948, 12.22, 13.747, 14.118, 13.61, 13.055, 14.627, 16.117, 16.761, 16.578, 16.807, 14.972, 12.935, 12.741, 12.363, 11.833, 11.643, 12.049, 11.912, 10.961, 10.436, 9.713, 8.454, 7.2, 6.264, 5.399, 4.914, 4.57, 4.523, 3.537, 2.196, 2.061, 2.111, 2.498, 2.205, 2.351, 2.206, 1.825, 1.615, 1.589, 1.556, 1.353, 0.953, 0.833, 0.641, 0.0, 0.797, 1.222, 1.171, 1.282, 1.396, 1.311, 1.363, 1.251, 1.197, 1.145, 1.075, 1.451, 1.914, 2.349, 2.221, 2.25, 2.813, 3.752, 5.408, 7.286, 7.504], [8.254, 9.108, 9.003, 9.359, 9.44, 9.462, 9.839, 9.82, 9.731, 8.941, 9.15, 9.254, 9.34, 9.748, 10.895, 11.509, 10.519, 9.808, 10.528, 10.791, 12.067, 13.59, 13.961, 13.453, 12.898, 14.485, 15.975, 16.619, 16.448, 16.662, 14.815, 12.778, 12.584, 12.204, 11.674, 11.485, 11.89, 11.753, 10.801, 10.277, 9.554, 8.297, 7.03