[[0.0, 0.545, 1.414, 1.862, 2.198, 2.254, 2.262, 2.319, 2.436, 2.286, 2.041, 2.05, 2.174, 1.926, 1.64, 1.338, 1.397, 1.51, 1.28, 1.23, 1.401, 1.461, 1.63, 1.523, 1.662, 1.862, 2.087, 2.372, 2.783, 2.787, 2.924, 2.212, 1.907, 1.875, 1.887, 1.597, 1.541, 1.432, 2.114, 2.479, 2.583, 3.132, 2.968, 2.775, 3.313, 4.233, 4.996, 5.441, 6.078, 6.363, 5.503, 5.842, 6.146, 5.845, 4.8, 4.703, 5.201, 4.985, 4.69, 4.601, 4.328, 4.163, 3.498, 3.467, 3.064, 1.486, 0.831, 1.505, 1.879, 1.508, 1.142, 1.685, 3.338, 4.582, 5.183, 5.112, 4.448, 3.699, 3.672, 4.279, 5.528, 6.026, 5.908, 6.408, 5.898, 5.112], [0.545, 0.0, 1.243, 1.725, 2.034, 2.167, 2.12, 2.161, 2.353, 2.208, 1.912, 1.877, 1.962, 1.786, 1.437, 1.322, 1.328, 1.434, 1.237, 1.158, 1.294, 1.362, 1.549, 1.48, 1.469, 1.678, 1.962, 2.177, 2.582, 2.508, 2.615, 2.035, 1.875, 1.857, 1.752, 1.529, 1.558, 1.703, 2.28, 2.558, 2.682, 3.243, 3.083, 2.819, 3.329, 4.312, 5.1, 5.556, 6.204, 6.474, 5.602, 5.934, 6.241, 5.949, 4.896, 4.819, 5.272, 4.972, 4.759, 4.701, 4.38, 4.186, 3.561, 3.491, 3.075, 1.51, 0.941, 1.612, 2.054, 1.758, 1.489, 1.683, 3.259, 4.449, 5.15, 4.967, 4.326, 3.544, 3.498, 4.124, 5.375, 5.878, 5.768, 6.272, 5.77, 4.966], [1.414, 1.243, 0.0, 1.051, 1.881, 2.625, 2.452, 2.613, 2.795, 2.383, 2.127, 1.914, 1.921, 1.809, 1.491, 1.613, 1.977, 2.1, 1.975, 1.85, 2.035, 2.055, 1.847, 1.758, 1.697, 1.819, 1.866, 2.287, 2.696, 2.645, 2.956, 2.595, 2.14, 1.763, 1.945, 2.047, 2.22, 2.361, 2.961, 3.467, 3.635, 4.218, 4.099, 3.845, 4.333, 5.263, 6.083, 6.484, 7.188, 7.285, 6.44, 6.781, 7.1, 6.824, 5.819, 5.812, 6.187, 5.904, 5.708, 5.494, 5.071, 5.087, 4.522, 4.428, 4.026, 2.236, 1.432, 2.365, 2.913, 2.426, 2.038, 1.752, 2.718, 3.662, 4.332, 4.199, 3.663, 2.882, 2.72, 3.195, 4.443, 4.962, 4.89, 5.323, 4.864, 4.095], [1.862, 1.725, 1.051, 0.0, 1.311, 2.349, 2.352, 2.649, 2.754, 2.289, 2.123, 1.752, 1.519, 1.438, 1.348, 1.893, 2.554, 2.733, 2.506, 2.045, 2.152, 2.146, 1.774, 1.49, 1.322, 1.453, 1.536, 1.735, 2.034, 2.276, 2.817, 2.643, 2.108, 1.657, 2.049, 2.273, 2.455, 2.768, 3.502, 3.792, 4.14, 4.776, 4.605, 4.37, 4.889, 5.831, 6.65, 7.063, 7.747, 7.855, 6.897, 7.252, 7.537, 7.32, 6.377, 6.363, 6.758, 6.443, 6.289, 6.091, 5.612, 5.606, 5.066, 4.961, 4.572, 2.829, 1.676, 2.949, 3.499, 2.923, 2.314, 2.035, 3.018, 3.856, 4.331, 3.919, 3.566, 2.929, 2.733, 2.973, 3.987, 4.508, 4.473, 4.906, 4.4, 3.646], [2.198, 2.034, 1.881, 1.311, 0.0, 1.737, 1.81, 2.097, 2.221, 1.846, 1.777, 1.461, 1.313, 1.261, 1.326, 1.674, 2.242, 2.425, 2.303, 1.68, 1.774, 1.675, 1.721, 1.53, 1.032, 1.328, 1.542, 1.47, 1.662, 1.657, 2.196, 2.274, 1.772, 1.838, 2.039, 2.2, 2.578, 2.994, 3.572, 3.66, 3.97, 4.404, 4.223, 3.939, 4.415, 5.356, 6.212, 6.661, 7.335, 7.449, 6.483, 6.855, 7.167, 6.905, 5.951, 5.919, 6.258, 5.99, 5.866, 5.67, 5.192, 5.158, 4.593, 4.506, 4.109, 2.552, 1.831, 2.777, 3.286, 2.99, 2.42, 2.481, 3.683, 4.427, 4.785, 4.363, 4.182, 3.381, 3.154, 3.299, 4.296, 4.824, 4.754, 5.107, 4.557, 3.779], [2.254, 2.167, 2.625, 2.349, 1.737, 0.0, 0.952, 1.273, 1.486, 1.425, 1.366, 1.396, 1.429, 1.528, 1.769, 1.518, 1.648, 1.828, 1.861, 1.643, 1.622, 1.554, 1.962, 1.969, 1.648, 1.735, 2.023, 1.822, 1.97, 1.589, 1.469, 1.515, 2.066, 2.472, 2.442, 2.331, 2.547, 2.791, 3.166, 3.033, 3.202, 3.338, 3.125, 2.838, 3.19, 4.092, 4.93, 5.397, 6.075, 6.204, 5.236, 5.605, 5.912, 5.608, 4.694, 4.675, 5.057, 4.71, 4.65, 4.476, 3.971, 3.846, 3.327, 3.255, 2.986, 2.253, 1.961, 2.162, 2.582, 2.681, 2.451, 3.152, 4.544, 5.471, 5.965, 5.492, 5.147, 4.488, 4.224, 4.561, 5.543, 5.954, 5.814, 6.337, 5.763, 4.941], [2.262, 2.12, 2.452, 2.352, 1.81, 0.952, 0.0, 0.673, 0.894, 1.104, 1.012, 1.203, 1.335, 1.586, 1.767, 1.421, 1.445, 1.627, 1.715, 1.665, 1.805, 1.752, 2.198, 1.986, 1.739, 1.776, 2.043, 2.012, 2.033, 1.459, 1.268, 1.529, 2.239, 2.746, 2.673, 2.426, 2.637, 2.647, 2.902, 2.889, 2.886, 3.062, 2.867, 2.503, 2.932, 3.858, 4.676, 5.137, 5.809, 5.933, 4.985, 5.334, 5.641, 5.356, 4.416, 4.406, 4.827, 4.474, 4.36, 4.168, 3.639, 3.621, 3.075, 2.987, 2.688, 2.073, 1.991, 2.039, 2.416, 2.611, 2.603, 3.287, 4.82, 5.768, 6.281, 5.669, 5.416, 4.539, 4.281, 4.778, 5.727, 6.208, 6.13, 6.587, 6.018, 5.206], [2.319, 2.161, 2.613, 2.649, 2.097, 1.273, 0.673, 0.0, 0.583, 1.141, 1.158, 1.456, 1.561, 1.788, 2.001, 1.437, 1.314, 1.393, 1.539, 1.804, 1.945, 1.907, 2.371, 2.248, 2.009, 2.232, 2.418, 2.445, 2.514, 1.845, 1.262, 1.514, 2.472, 3.007, 2.918, 2.624, 2.765, 2.59, 2.633, 2.723, 2.474, 2.595, 2.432, 2.177, 2.556, 3.482, 4.28, 4.739, 5.403, 5.513, 4.556, 4.898, 5.203, 4.959, 4.032, 4.021, 4.461, 4.097, 3.99, 3.749, 3.264, 3.239, 2.7, 2.624, 2.331, 1.829, 2.101, 1.817, 2.199, 2.527, 2.641, 3.467, 5.043, 5.998, 6.516, 5.998, 5.696, 4.797, 4.592, 5.1, 6.227, 6.743, 6.639, 7.051, 6.489, 5.666], [2.436, 2.353, 2.795, 2.754, 2.221, 1.486, 0.894, 0.583, 0.0, 1.069, 1.145, 1.462, 1.608, 1.948, 2.167, 1.616, 1.587, 1.648, 1.735, 1.939, 2.053, 2.026, 2.579, 2.365, 2.147, 2.266, 2.534, 2.523, 2.554, 1.841, 1.282, 1.571, 2.559, 3.111, 3.025, 2.707, 2.84, 2.65, 2.595, 2.706, 2.514, 2.682, 2.474, 2.206, 2.588, 3.466, 4.267, 4.716, 5.373, 5.49, 4.539, 4.862, 5.182, 4.915, 3.995, 3.989, 4.413, 4.066, 3.968, 3.74, 3.236, 3.233, 2.701, 2.629, 2.394, 1.964, 2.288, 2.015, 2.287, 2.618, 2.716, 3.572, 5.195, 6.193, 6.728, 6.146, 5.842, 4.884, 4.612, 5.135, 6.222, 6.73, 6.651, 7.042, 6.49, 5.678], [2.286, 2.208, 2.383, 2.289, 1.846, 1.425, 1.104, 1.141, 1.069, 0.0, 0.816, 0.924, 1.116, 1.526, 1.663, 1.451, 1.578, 1.843, 1.826, 1.851, 1.831, 1.745, 2.351, 2.222, 1.868, 1.88, 2.122, 2.231, 2.265, 1.6, 1.429, 1.794, 2.183, 2.625, 2.624, 2.376, 2.623, 2.398, 2.577, 2.891, 2.763, 3.174, 2.945, 2.731, 3.136, 4.021, 4.848, 5.281, 5.96, 6.109, 5.112, 5.454, 5.78, 5.496, 4.587, 4.532, 4.931, 4.571, 4.515, 4.351, 3.806, 3.762, 3.24, 3.163, 2.897, 1.972, 2.099, 2.22, 2.368, 2.445, 2.473, 3.23, 4.682, 5.679, 6.216, 5.665, 5.312, 4.395, 4.126, 4.574, 5.679, 6.038, 6.009, 6.505, 5.937, 5.138], [2.041, 1.912, 2.127, 2.123, 1.777, 1.366, 1.012, 1.158, 1.145, 0.816, 0.0, 0.627, 0.851, 1.286, 1.386, 1.152, 1.369, 1.727, 1.721, 1.61, 1.619, 1.488, 1.935, 2.095, 1.726, 1.759, 2.002, 1.998, 2.044, 1.504, 1.51, 1.553, 2.064, 2.403, 2.362, 2.091, 2.316, 2.302, 2.419, 2.543, 2.682, 3.17, 2.962, 2.647, 3.138, 4.011, 4.845, 5.288, 5.968, 6.119, 5.111, 5.487, 5.787, 5.51, 4.627, 4.556, 4.967, 4.62, 4.524, 4.36, 3.836, 3.794, 3.271, 3.208, 2.929, 2.054, 1.836, 2.249, 2.464, 2.298, 2.306, 2.966, 4.408, 5.428, 6.012, 5.582, 5.055, 4.212, 3.974, 4.458, 5.632, 6.107, 6.007, 6.493, 5.933, 5.119], [2.05, 1.877, 1.914, 1.752, 1.461, 1.396, 1.203, 1.456, 1.462, 0.924, 0.627, 0.0, 0.473, 0.996, 0.993, 1.115, 1.577, 1.945, 1.924, 1.537, 1.491, 1.389, 1.657, 1.892, 1.44, 1.356, 1.608, 1.643, 1.74, 1.337, 1.625, 1.625, 1.821, 1.999, 1.994, 1.784, 2.107, 2.298, 2.576, 2.731, 3.008, 3.519, 3.317, 3.042, 3.503, 4.428, 5.257, 5.717, 6.394, 6.54, 5.607, 5.969, 6.29, 5.991, 5.017, 4.975, 5.384, 5.044, 4.94, 4.755, 4.235, 4.226, 3.644, 3.595, 3.256, 2.197, 1.843, 2.438, 2.678, 2.352, 2.177, 2.671, 4.03, 5.014, 5.662, 5.164, 4.738, 3.818, 3.511, 3.984, 5.119, 5.668, 5.597, 6.061, 5.5, 4.68], [2.174, 1.962, 1.921, 1.519, 1.313, 1.429, 1.335, 1.561, 1.608, 1.116, 0.851, 0.473, 0.0, 0.855, 0.949, 1.228, 1.738, 2.126, 2.097, 1.669, 1.561, 1.465, 1.595, 1.883, 1.374, 1.357, 1.517, 1.483, 1.641, 1.374, 1.839, 1.668, 1.766, 1.838, 1.892, 1.764, 2.055, 2.41, 2.74, 2.898, 3.224, 3.735, 3.524, 3.25, 3.763, 4.673, 5.517, 5.966, 6.639, 6.776, 5.783, 6.151, 6.472, 6.199, 5.243, 5.219, 5.619, 5.285, 5.184, 5.01, 4.47, 4.477, 3.922, 3.838, 3.507, 2.386, 1.928, 2.662, 2.881, 2.498, 2.233, 2.598, 3.901, 4.859, 5.41, 4.926, 4.519, 3.671, 3.4, 3.815, 4.969, 5.472, 5.416, 5.859, 5.304, 4.503], [1.926, 1.786, 1.809, 1.438, 1.261, 1.528, 1.586, 1.788, 1.948, 1.526, 1.286, 0.996, 0.855, 0.0, 0.769, 1.148, 1.759, 2.106, 2.031, 1.517, 1.386, 1.288, 1.255, 1.579, 1.177, 1.285, 1.396, 1.369, 1.593, 1.83, 2.21, 1.784, 1.477, 1.404, 1.535, 1.425, 1.707, 2.198, 2.646, 2.856, 3.25, 3.804, 3.628, 3.353, 3.888, 4.852, 5.643, 6.083, 6.75, 6.872, 5.905, 6.269, 6.581, 6.326, 5.382, 5.352, 5.751, 5.409, 5.298, 5.116, 4.671, 4.583, 4.046, 3.962, 3.613, 2.209, 1.731, 2.49, 2.735, 2.335, 1.8, 2.129, 3.433, 4.437, 4.93, 4.629, 4.112, 3.477, 3.37, 3.779, 4.935, 5.37, 5.231, 5.748, 5.196, 4.39], [1.64, 1.437, 1.491, 1.348, 1.326, 1.769, 1.767, 2.001, 2.167, 1.663, 1.386, 0.993, 0.949, 0.769, 0.0, 1.176, 1.655, 1.921, 1.794, 1.363, 1.414, 1.379, 1.413, 1.593, 1.191, 1.154, 1.211, 1.318, 1.645, 1.738, 2.226, 1.935, 1.65, 1.422, 1.493, 1.392, 1.67, 2.032, 2.63, 3.073, 3.326, 3.903, 3.735, 3.47, 3.989, 4.923, 5.734, 6.194, 6.859, 7.005, 6.117, 6.487, 6.799, 6.499, 5.49, 5.447, 5.852, 5.541, 5.392, 5.204, 4.8, 4.733, 4.116, 4.056, 3.656, 2.055, 1.462, 2.405, 2.739, 2.226, 1.739, 1.95, 3.235, 4.203, 4.883, 4.482, 3.974, 3.19, 3.128, 3.519, 4.728, 5.197, 5.096, 5.611, 5.053, 4.227], [1.338, 1.322, 1.613, 1.893, 1.674, 1.518, 1.421, 1.437, 1.616, 1.451, 1.152, 1.115, 1.228, 1.148, 1.176, 0.0, 0.936, 1.317, 1.398, 1.403, 1.494, 1.316, 1.439, 1.628, 1.213, 1.431, 1.709, 1.696, 1.93, 1.87, 1.94, 1.618, 1.66, 1.812, 1.854, 1.754, 1.965, 1.993, 2.2, 2.436, 2.678, 3.128, 3.021, 2.75, 3.171, 4.12, 4.951, 5.4, 6.07, 6.176, 5.34, 5.713, 6.02, 5.728, 4.69, 4.663, 5.045, 4.756, 4.596, 4.387, 3.994, 3.956, 3.337, 3.257, 2.874, 1.552, 1.312, 1.817, 2.09, 1.882, 1.639, 2.382, 3.817, 4.772, 5.456, 5.218, 4.651, 3.918, 3.798, 4.3, 5.528, 6.009, 5.9, 6.401, 5.844, 5.014], [1.397, 1.328, 1.977, 2.554, 2.242, 1.648, 1.445, 1.314, 1.587, 1.578, 1.369, 1.577, 1.738, 1.759, 1.655, 0.936, 0.0, 0.674, 0.94, 1.47, 1.594, 1.476, 1.847, 2.028, 1.698, 1.969, 2.108, 2.215, 2.41, 2.085, 1.83, 1.726, 2.043, 2.353, 2.289, 1.904, 2.114, 1.965, 2.121, 2.357, 2.085, 2.496, 2.443, 2.155, 2.508, 3.453, 4.242, 4.701, 5.361, 5.505, 4.67, 5.034, 5.362, 5.05, 4.0, 3.967, 4.38, 4.082, 3.885, 3.711, 3.407, 3.254, 2.651, 2.58, 2.177, 1.145, 1.507, 1.378, 1.651, 1.732, 1.821, 2.631, 4.17, 5.292, 5.983, 5.814, 5.245, 4.433, 4.391, 4.957, 6.197, 6.695, 6.578, 7.098, 6.534, 5.706], [1.51, 1.434, 2.1, 2.733, 2.425, 1.828, 1.627, 1.393, 1.648, 1.843, 1.727, 1.945, 2.126, 2.106, 1.921, 1.317, 0.674, 0.0, 0.66, 1.371, 1.592, 1.505, 1.988, 2.084, 2.001, 2.177, 2.269, 2.492, 2.734, 2.435, 2.048, 1.971, 2.389, 2.585, 2.517, 2.151, 2.208, 2.098, 2.28, 2.509, 2.037, 2.387, 2.314, 2.157, 2.413, 3.337, 4.137, 4.571, 5.267, 5.384, 4.576, 4.944, 5.281, 4.951, 3.917, 3.853, 4.271, 4.033, 3.856, 3.618, 3.358, 3.22, 2.668, 2.619, 2.16, 1.024, 1.605, 1.224, 1.523, 1.695, 1.845, 2.655, 4.263, 5.476, 6.191, 5.979, 5.397, 4.57, 4.484, 5.065, 6.308, 6.823, 6.7, 7.235, 6.668, 5.845], [1.28, 1.237, 1.975, 2.506, 2.303, 1.861, 1.715, 1.539, 1.735, 1.826, 1.721, 1.924, 2.097, 2.031, 1.794, 1.398, 0.94, 0.66, 0.0, 0.988, 1.278, 1.342, 1.903, 1.809, 1.868, 2.08, 2.195, 2.527, 2.781, 2.466, 2.246, 2.014, 2.211, 2.464, 2.362, 1.912, 2.047, 1.925, 2.209, 2.584, 2.158, 2.603, 2.462, 2.363, 2.712, 3.583, 4.391, 4.863, 5.488, 5.727, 4.868, 5.234, 5.543, 5.24, 4.178, 4.111, 4.558, 4.318, 4.064, 3.946, 3.653, 3.521, 2.874, 2.863, 2.412, 0.988, 1.363, 1.326, 1.544, 1.602, 1.666, 2.421, 4.012, 5.272, 6.005, 5.763, 5.189, 4.363, 4.297, 4.855, 6.101, 6.583, 6.487, 7.007, 6.467, 5.658], [1.23, 1.158, 1.85, 2.045, 1.68, 1.643, 1.665, 1.804, 1.939, 1.851, 1.61, 1.537, 1.669, 1.517, 1.363, 1.403, 1.47, 1.371, 0.988, 0.0, 0.566, 0.801, 1.384, 1.537, 1.558, 1.777, 1.99, 2.095, 2.354, 2.211, 2.438, 2.068, 1.757, 2.038, 1.94, 1.482, 1.606, 1.927, 2.469, 2.642, 2.784, 3.236, 3.064, 2.876, 3.348, 4.223, 5.028, 5.523, 6.135, 6.387, 5.496, 5.852, 6.173, 5.867, 4.818, 4.766, 5.235, 4.947, 4.735, 4.59, 4.216, 4.145, 3.492, 3.471, 3.024, 1.521, 1.138, 1.794, 2.064, 1.913, 1.53, 1.963, 3.623, 4.801, 5.508, 5.218, 4.669, 3.788, 3.682, 4.259, 5.507, 5.984, 5.871, 6.391, 5.864, 5.061], [1.401, 1.294, 2.035, 2.152, 1.774, 1.622, 1.805, 1.945, 2.053, 1.831, 1.619, 1.491, 1.561, 1.386, 1.414, 1.494, 1.594, 1.592, 1.278, 0.566, 0.0, 0.526, 1.196, 1.582, 1.591, 1.78, 1.9, 1.925, 2.201, 2.245, 2.521, 1.971, 1.483, 1.885, 1.72, 1.218, 1.441, 2.019, 2.586, 2.639, 2.847, 3.276, 3.094, 2.9, 3.372, 4.257, 5.07, 5.566, 6.183, 6.456, 5.562, 5.934, 6.233, 5.931, 4.895, 4.797, 5.286, 5.0, 4.797, 4.699, 4.339, 4.199, 3.558, 3.531, 3.104, 1.767, 1.288, 1.917, 2.107, 1.949, 1.558, 1.905, 3.568, 4.761, 5.468, 5.152, 4.583, 3.755, 3.658, 4.225, 5.48, 5.959, 5.847, 6.379, 5.835, 5.041], [1.461, 1.362, 2.055, 2.146, 1.675, 1.554, 1.752, 1.907, 2.026, 1.745, 1.488, 1.389, 1.465, 1.288, 1.379, 1.316, 1.476, 1.505, 1.342, 0.801, 0.526, 0.0, 1.02, 1.646, 1.571, 1.766, 1.813, 1.814, 2.076, 2.183, 2.425, 1.926, 1.431, 1.766, 1.642, 1.295, 1.554, 2.144, 2.648, 2.62, 2.882, 3.351, 3.157, 2.951, 3.422, 4.328, 5.134, 5.615, 6.263, 6.485, 5.62, 5.98, 6.302, 5.99, 4.958, 4.859, 5.335, 5.038, 4.838, 4.714, 4.365, 4.243, 3.623, 3.57, 3.151, 1.835, 1.317, 1.904, 2.215, 2.012, 1.575, 1.953, 3.472, 4.641, 5.348, 5.014, 4.45, 3.649, 3.561, 4.119, 5.371, 5.85, 5.731, 6.254, 5.709, 4.898], [1.63, 1.549, 1.847, 1.774, 1.721, 1.962, 2.198, 2.371, 2.579, 2.351, 1.935, 1.657, 1.595, 1.255, 1.413, 1.439, 1.847, 1.988, 1.903, 1.384, 1.196, 1.02, 0.0, 1.453, 1.572, 1.839, 1.819, 1.732, 1.934, 2.388, 2.85, 2.042, 1.378, 1.388, 1.476, 1.55, 1.793, 2.467, 2.952, 2.873, 3.367, 3.857, 3.671, 3.421, 3.976, 4.927, 5.701, 6.134, 6.813, 6.956, 6.139, 6.495, 6.82, 6.513, 5.466, 5.441, 5.902, 5.586, 5.37, 5.195, 4.912, 4.763, 4.158, 4.045, 3.689, 2.351, 1.458, 2.301, 2.714, 2.305, 1.843, 1.81, 3.101, 4.079, 4.681, 4.515, 3.954, 3.358, 3.123, 3.662, 4.894, 5.371, 5.257, 5.772, 5.254, 4.469], [1.523, 1.48, 1.758, 1.49, 1.53, 1.969, 1.986, 2.248, 2.365, 2.222, 2.095, 1.892, 1.883, 1.579, 1.593, 1.628, 2.028, 2.084, 1.809, 1.537, 1.582, 1.646, 1.453, 0.0, 1.116, 1.5, 1.603, 1.739, 2.076, 2.145, 2.394, 1.74, 1.541, 1.611, 1.861, 2.074, 2.282, 2.571, 3.193, 3.166, 3.355, 3.774, 3.533, 3.371, 3.878, 4.722, 5.528, 5.976, 6.651, 6.925, 6.112, 6.493, 6.756, 6.505, 5.484, 5.383, 5.884, 5.609, 5.391, 5.272, 4.879, 4.747, 4.134, 4.049, 3.722, 2.107, 1.154, 1.785, 2.593, 2.379, 1.872, 2.225, 3.626, 4.57, 5.073, 4.675, 4.276, 3.602, 3.495, 3.867, 4.932, 5.415, 5.32, 5.869, 5.36, 4.583], [1.662, 1.469, 1.697, 1.322, 1.032, 1.648, 1.739, 2.009, 2.147, 1.868, 1.726, 1.44, 1.374, 1.177, 1.191, 1.213, 1.698, 2.001, 1.868, 1.558, 1.591, 1.571, 1.572, 1.116, 0.0, 0.787, 1.131, 1.168, 1.409, 1.504, 1.914, 1.716, 1.439, 1.469, 1.604, 1.736, 2.013, 2.323, 2.816, 2.945, 3.267, 3.831, 3.648, 3.363, 3.843, 4.812, 5.64, 6.081, 6.769, 6.885, 6.037, 6.412, 6.724, 6.422, 5.388, 5.353, 5.708, 5.443, 5.304, 5.118, 4.723, 4.619, 4.021, 3.946, 3.552, 2.066, 1.458, 2.266, 2.677, 2.391, 1.917, 2.187, 3.6, 4.375, 4.877, 4.509, 4.272, 3.644, 3.502, 3.744, 4.686, 5.179, 5.084, 5.6, 5.052, 4.265], [1.862, 1.678, 1.819, 1.453, 1.328, 1.735, 1.776, 2.232, 2.266, 1.88, 1.759, 1.356, 1.357, 1.285, 1.154, 1.431, 1.969, 2.177, 2.08, 1.777, 1.78, 1.766, 1.839, 1.5, 0.787, 0.0, 0.891, 0.929, 1.154, 1.438, 2.01, 2.042, 1.799, 1.648, 1.73, 1.835, 2.1, 2.356, 2.884, 3.195, 3.509, 4.124, 3.931, 3.646, 4.117, 5.082, 5.918, 6.374, 7.05, 7.175, 6.319, 6.677, 6.991, 6.695, 5.667, 5.625, 5.981, 5.725, 5.599, 5.428, 4.981, 4.91, 4.332, 4.23, 3.841, 2.254, 1.683, 2.469, 2.939, 2.306, 1.902, 2.276, 3.748, 4.509, 4.962, 4.556, 4.389, 3.705, 3.489, 3.752, 4.364, 4.859, 4.777, 5.291, 4.737, 3.986], [2.087, 1.962, 1.866, 1.536, 1.542, 2.023, 2.043, 2.418, 2.534, 2.122, 2.002, 1.608, 1.517, 1.396, 1.211, 1.709, 2.108, 2.269, 2.195, 1.99, 1.9, 1.813, 1.819, 1.603, 1.131, 0.891, 0.0, 0.906, 1.383, 1.747, 2.309, 2.194, 1.888, 1.471, 1.657, 1.76, 2.15, 2.533, 3.146, 3.445, 3.748, 4.256, 4.086, 3.82, 4.276, 5.262, 6.084, 6.524, 7.196, 7.348, 6.508, 6.873, 7.197, 6.905, 5.854, 5.798, 6.139, 5.917, 5.752, 5.597, 5.19, 5.095, 4.499, 4.412, 4.013, 2.5, 1.826, 2.472, 3.092, 2.385, 2.001, 2.031, 3.408, 4.252, 4.661, 4.235, 4.021, 3.386, 3.237, 3.414, 4.261, 4.766, 4.684, 5.195, 4.637, 3.842], [2.372, 2.177, 2.287, 1.735, 1.47, 1.822, 2.012, 2.445, 2.523, 2.231, 1.998, 1.643, 1.483, 1.369, 1.318, 1.696, 2.215, 2.492, 2.527, 2.095, 1.925, 1.814, 1.732, 1.739, 1.168, 0.929, 0.906, 0.0, 0.791, 1.424, 2.233, 2.043, 1.806, 1.572, 1.663, 1.878, 2.116, 2.684, 3.236, 3.302, 3.823, 4.315, 4.121, 3.799, 4.255, 5.213, 6.051, 6.52, 7.189, 7.346, 6.484, 6.873, 7.183, 6.893, 5.861, 5.783, 6.168, 5.889, 5.773, 5.646, 5.221, 5.071, 4.475, 4.382, 4.082, 2.832, 2.116, 2.776, 3.257, 2.627, 2.153, 2.419, 3.753, 4.538, 4.788, 4.498, 4.213, 3.651, 3.579, 3.617, 4.299, 4.814, 4.684, 5.22, 4.669, 3.844], [2.783, 2.582, 2.696, 2.034, 1.662, 1.97, 2.033, 2.514, 2.554, 2.265, 2.044, 1.74, 1.641, 1.593, 1.645, 1.93, 2.41, 2.734, 2.781, 2.354, 2.201, 2.076, 1.934, 2.076, 1.409, 1.154, 1.383, 0.791, 0.0, 1.273, 2.131, 2.069, 1.892, 1.905, 1.994, 2.167, 2.415, 2.835, 3.341, 3.383, 3.867, 4.341, 4.15, 3.821, 4.282, 5.235, 6.061, 6.533, 7.199, 7.336, 6.475, 6.863, 7.173, 6.871, 5.892, 5.8, 6.151, 5.901, 5.807, 5.666, 5.177, 5.089, 4.497, 4.429, 4.145, 3.052, 2.585, 3.192, 3.449, 3.019, 2.636, 2.846, 4.151, 4.924, 5.143, 4.916, 4.53, 4.039, 3.895, 3.837, 4.266, 4.732, 4.635, 5.202, 4.627, 3.927], [2.787, 2.508, 2.645, 2.276, 1.657, 1.589, 1.459, 1.845, 1.841, 1.6, 1.504, 1.337, 1.374, 1.83, 1.738, 1.87, 2.085, 2.435, 2.466, 2.211, 2.245, 2.183, 2.388, 2.145, 1.504, 1.438, 1.747, 1.424, 1.273, 0.0, 1.235, 1.707, 2.304, 2.586, 2.589, 2.494, 2.718, 2.986, 3.213, 3.306, 3.393, 3.781, 3.619, 3.311, 3.782, 4.675, 5.522, 5.993, 6.678, 6.794, 5.897, 6.279, 6.578, 6.249, 5.294, 5.218, 5.569, 5.299, 5.23, 5.074, 4.516, 4.498, 3.917, 3.86, 3.538, 2.647, 2.524, 2.995, 3.164, 3.11, 3.038, 3.394, 4.74, 5.498, 5.815, 5.421, 5.127, 4.487, 4.354, 4.213, 4.842, 5.252, 5.206, 5.672, 5.123, 4.344], [2.924, 2.615, 2.956, 2.817, 2.196, 1.469, 1.268, 1.262, 1.282, 1.429, 1.51, 1.625, 1.839, 2.21, 2.226, 1.94, 1.83, 2.048, 2.246, 2.438, 2.521, 2.425, 2.85, 2.394, 1.914, 2.01, 2.309, 2.233, 2.131, 1.235, 0.0, 1.379, 2.606, 3.094, 3.079, 2.913, 3.122, 3.146, 3.076, 3.11, 2.909, 2.935, 2.782, 2.395, 2.802, 3.682, 4.518, 4.952, 5.624, 5.735, 4.842, 5.214, 5.536, 5.223, 4.32, 4.243, 4.536, 4.247, 4.269, 4.144, 3.563, 3.479, 2.972, 2.898, 2.685, 2.282, 2.749, 2.365, 2.866, 3.306, 3.328, 3.866, 5.254, 6.052, 6.632, 6.063, 5.874, 5.088, 4.825, 4.982, 5.85, 6.256, 6.185, 6.702, 6.142, 5.352], [2.212, 2.035, 2.595, 2.643, 2.274, 1.515, 1.529, 1.514, 1.571, 1.794, 1.553, 1.625, 1.668, 1.784, 1.935, 1.618, 1.726, 1.971, 2.014, 2.068, 1.971, 1.926, 2.042, 1.74, 1.716, 2.042, 2.194, 2.043, 2.069, 1.707, 1.379, 0.0, 1.627, 2.274, 2.132, 2.052, 2.161, 2.285, 2.467, 2.171, 2.26, 2.429, 2.214, 1.925, 2.398, 3.277, 4.113, 4.567, 5.25, 5.462, 4.6, 5.002, 5.299, 5.015, 4.016, 3.886, 4.307, 4.097, 4.016, 3.916, 3.428, 3.286, 2.698, 2.627, 2.439, 2.161, 2.073, 1.961, 2.3, 2.621, 2.489, 3.19, 4.621, 5.611, 6.167, 5.927, 5.409, 4.681, 4.584, 4.989, 6.145, 6.631, 6.571, 7.117, 6.547, 5.724], [1.907, 1.875, 2.14, 2.108, 1.772, 2.066, 2.239, 2.472, 2.559, 2.183, 2.064, 1.821, 1.766, 1.477, 1.65, 1.66, 2.043, 2.389, 2.211, 1.757, 1.483, 1.431, 1.378, 1.541, 1.439, 1.799, 1.888, 1.806, 1.892, 2.304, 2.606, 1.627, 0.0, 0.949, 1.145, 1.424, 1.585, 1.965, 2.739, 2.643, 3.012, 3.435, 3.255, 3.013, 3.605, 4.497, 5.274, 5.697, 6.369, 6.546, 5.761, 6.084, 6.411, 6.147, 5.064, 5.02, 5.46, 5.273, 4.979, 4.862, 4.569, 4.476, 3.839, 3.773, 3.41, 2.251, 1.697, 2.095, 2.459, 2.291, 1.671, 1.834, 3.367, 4.381, 4.971, 4.812, 4.232, 3.507, 3.329, 3.845, 5.096, 5.596, 5.518, 6.045, 5.482, 4.663], [1.875, 1.857, 1.763, 1.657, 1.838, 2.472, 2.746, 3.007, 3.111, 2.625, 2.403, 1.999, 1.838, 1.404, 1.422, 1.812, 2.353, 2.585, 2.464, 2.038, 1.885, 1.766, 1.388, 1.611, 1.469, 1.648, 1.471, 1.572, 1.905, 2.586, 3.094, 2.274, 0.949, 0.0, 0.899, 1.379, 1.536, 2.169, 3.025, 3.14, 3.611, 4.219, 4.073, 3.839, 4.39, 5.313, 6.105, 6.524, 7.207, 7.354, 6.553, 6.881, 7.209, 6.936, 5.861, 5.841, 6.243, 6.051, 5.742, 5.588, 5.309, 5.227, 4.591, 4.514, 4.141, 2.62, 1.812, 2.489, 3.045, 2.412, 1.629, 1.413, 2.679, 3.65, 4.164, 4.011, 3.446, 2.825, 2.682, 3.058, 4.307, 4.807, 4.721, 5.254, 4.695, 3.867], [1.887, 1.752, 1.945, 2.049, 2.039, 2.442, 2.673, 2.918, 3.025, 2.624, 2.362, 1.994, 1.892, 1.535, 1.493, 1.854, 2.289, 2.517, 2.362, 1.94, 1.72, 1.642, 1.476, 1.861, 1.604, 1.73, 1.657, 1.663, 1.994, 2.589, 3.079, 2.132, 1.145, 0.899, 0.0, 0.907, 1.313, 1.88, 2.722, 2.878, 3.409, 3.986, 3.802, 3.555, 3.982, 4.93, 5.778, 6.217, 6.911, 7.113, 6.292, 6.667, 6.992, 6.702, 5.638, 5.516, 5.959, 5.725, 5.583, 5.494, 5.063, 4.922, 4.312, 4.264, 3.86, 2.518, 1.916, 2.637, 2.944, 2.39, 1.659, 1.506, 2.858, 3.792, 4.447, 4.234, 3.762, 2.998, 2.803, 3.289, 4.496, 4.974, 4.913, 5.46, 4.895, 4.101], [1.597, 1.529, 2.047, 2.273, 2.2, 2.331, 2.426, 2.624, 2.707, 2.376, 2.091, 1.784, 1.764, 1.425, 1.392, 1.754, 1.904, 2.151, 1.912, 1.482, 1.218, 1.295, 1.55, 2.074, 1.736, 1.835, 1.76, 1.878, 2.167, 2.494, 2.913, 2.052, 1.424, 1.379, 0.907, 0.0, 0.754, 1.522, 2.205, 2.423, 2.834, 3.408, 3.231, 2.999, 3.517, 4.417, 5.209, 5.683, 6.308, 6.597, 5.719, 6.077, 6.399, 6.105, 5.059, 4.928, 5.392, 5.142, 4.942, 4.9, 4.569, 4.356, 3.735, 3.695, 3.237, 2.088, 1.819, 2.442, 2.444, 2.037, 1.416, 1.357, 3.094, 4.334, 4.99, 4.812, 4.243, 3.368, 3.239, 3.834, 5.106, 5.56, 5.522, 6.033, 5.502, 4.711], [1.541, 1.558, 2.22, 2.455, 2.578, 2.547, 2.637, 2.765, 2.84, 2.623, 2.316, 2.107, 2.055, 1.707, 1.67, 1.965, 2.114, 2.208, 2.047, 1.606, 1.441, 1.554, 1.793, 2.282, 2.013, 2.1, 2.15, 2.116, 2.415, 2.718, 3.122, 2.161, 1.585, 1.536, 1.313, 0.754, 0.0, 1.105, 1.831, 2.028, 2.417, 3.006, 2.866, 2.751, 3.352, 4.175, 4.839, 5.322, 5.899, 6.22, 5.321, 5.696, 5.995, 5.681, 4.653, 4.534, 5.1, 4.841, 4.553, 4.528, 4.433, 4.149, 3.488, 3.468, 3.063, 2.196, 1.949, 2.433, 2.048, 1.795, 1.347, 1.429, 3.378, 4.746, 5.363, 5.261, 4.627, 3.792, 3.688, 4.275, 5.546, 6.025, 5.981, 6.5, 5.942, 5.14], [1.432, 1.703, 2.361, 2.768, 2.994, 2.791, 2.647, 2.59, 2.65, 2.398, 2.302, 2.298, 2.41, 2.198, 2.032, 1.993, 1.965, 2.098, 1.925, 1.927, 2.019, 2.144, 2.467, 2.571, 2.323, 2.356, 2.533, 2.684, 2.835, 2.986, 3.146, 2.285, 1.965, 2.169, 1.88, 1.522, 1.105, 0.0, 1.142, 1.681, 1.795, 2.332, 2.199, 2.253, 2.879, 3.666, 4.26, 4.679, 5.261, 5.553, 4.705, 5.07, 5.381, 5.057, 4.016, 3.974, 4.54, 4.373, 4.028, 3.901, 3.855, 3.649, 3.063, 3.085, 2.703, 1.925, 1.939, 2.122, 1.677, 1.346, 1.348, 2.014, 4.023, 5.388, 6.04, 5.926, 5.29, 4.484, 4.362, 4.943, 6.196, 6.68, 6.644, 7.183, 6.613, 5.792], [2.114, 2.28, 2.961, 3.502, 3.572, 3.166, 2.902, 2.633, 2.595, 2.577, 2.419, 2.576, 2.74, 2.646, 2.63, 2.2, 2.121, 2.28, 2.209, 2.469, 2.586, 2.648, 2.952, 3.193, 2.816, 2.884, 3.146, 3.236, 3.341, 3.213, 3.076, 2.467, 2.739, 3.025, 2.722, 2.205, 1.831, 1.142, 0.0, 1.085, 1.277, 1.709, 1.722, 1.967, 2.418, 3.084, 3.655, 4.019, 4.539, 4.777, 3.951, 4.263, 4.528, 4.263, 3.273, 3.359, 3.866, 3.605, 3.349, 3.366, 3.198, 2.978, 2.634, 2.658, 2.351, 2.027, 2.663, 2.579, 1.737, 1.56, 1.881, 2.843, 4.837, 6.144, 6.786, 6.692, 6.047, 5.17, 5.025, 5.642, 6.932, 7.427, 7.381, 7.904, 7.323, 6.493], [2.479, 2.558, 3.467, 3.792, 3.66, 3.033, 2.889, 2.723, 2.706, 2.891, 2.543, 2.731, 2.898, 2.856, 3.073, 2.436, 2.357, 2.509, 2.584, 2.642, 2.639, 2.62, 2.873, 3.166, 2.945, 3.195, 3.445, 3.302, 3.383, 3.306, 3.11, 2.171, 2.643, 3.14, 2.878, 2.423, 2.028, 1.681, 1.085, 0.0, 1.132, 1.555, 1.62, 1.836, 2.425, 3.016, 3.544, 3.816, 4.265, 4.542, 3.865, 4.103, 4.254, 4.086, 3.127, 3.25, 3.958, 3.71, 3.246, 3.333, 3.29, 3.068, 2.726, 2.78, 2.565, 2.568, 2.929, 2.544, 1.843, 2.005, 2.181, 3.048, 5.021, 6.382, 7.021, 6.921, 6.263, 5.418, 5.269, 5.884, 7.158, 7.67, 7.617, 8.145, 7.565, 6.723], [2.583, 2.682, 3.635, 4.14, 3.97, 3.202, 2.886, 2.474, 2.514, 2.763, 2.682, 3.008, 3.224, 3.25, 3.326, 2.678, 2.085, 2.037, 2.158, 2.784, 2.847, 2.882, 3.367, 3.355, 3.267, 3.509, 3.748, 3.823, 3.867, 3.393, 2.909, 2.26, 3.012, 3.611, 3.409, 2.834, 2.417, 1.795, 1.277, 1.132, 0.0, 0.925, 1.197, 1.474, 2.028, 2.669, 3.211, 3.394, 3.808, 3.964, 3.567, 3.792, 3.942, 3.712, 2.793, 2.976, 3.611, 3.358, 2.911, 2.816, 2.915, 2.684, 2.277, 2.332, 2.039, 2.109, 3.035, 2.208, 1.426, 1.788, 2.513, 3.642, 5.595, 6.945, 7.585, 7.504, 6.832, 6.009, 5.871, 6.475, 7.741, 8.258, 8.195, 8.715, 8.135, 7.305], [3.132, 3.243, 4.218, 4.776, 4.404, 3.338, 3.062, 2.595, 2.682, 3.174, 3.17, 3.519, 3.735, 3.804, 3.903, 3.128, 2.496, 2.387, 2.603, 3.236, 3.276, 3.351, 3.857, 3.774, 3.831, 4.124, 4.256, 4.315, 4.341, 3.781, 2.935, 2.429, 3.435, 4.219, 3.986, 3.408, 3.006, 2.332, 1.709, 1.555, 0.925, 0.0, 0.637, 1.05, 1.412, 1.847, 2.414, 2.632, 3.07, 3.347, 2.848, 3.079, 3.259, 3.082, 2.104, 2.208, 2.81, 2.661, 2.186, 2.168, 2.184, 1.987, 1.673, 1.722, 1.498, 2.414, 3.542, 2.356, 1.566, 2.274, 3.01, 4.294, 6.269, 7.603, 8.204, 8.136, 7.479, 6.662, 6.539, 7.124, 8.383, 8.884, 8.849, 9.375, 8.793, 7.973], [2.968, 3.083, 4.099, 4.605, 4.223, 3.125, 2.867, 2.432, 2.474, 2.945, 2.962, 3.317, 3.524, 3.628, 3.735, 3.021, 2.443, 2.314, 2.462, 3.064, 3.094, 3.157, 3.671, 3.533, 3.648, 3.931, 4.086, 4.121, 4.15, 3.619, 2.782, 2.214, 3.255, 4.073, 3.802, 3.231, 2.866, 2.199, 1.722, 1.62, 1.197, 0.637, 0.0, 0.947, 1.337, 1.714, 2.232, 2.564, 3.182, 3.524, 2.799, 3.109, 3.315, 3.13, 2.094, 2.116, 2.675, 2.468, 2.262, 2.202, 2.087, 1.884, 1.475, 1.53, 1.381, 2.281, 3.352, 2.171, 1.589, 2.338, 2.853, 4.138, 6.105, 7.402, 8.051, 7.946, 7.281, 6.468, 6.351, 6.939, 8.197, 8.7, 8.653, 9.192, 8.614, 7.79], [2.775, 2.819, 3.845, 4.37, 3.939, 2.838, 2.503, 2.177, 2.206, 2.731, 2.647, 3.042, 3.25, 3.353, 3.47, 2.75, 2.155, 2.157, 2.363, 2.876, 2.9, 2.951, 3.421, 3.371, 3.363, 3.646, 3.82, 3.799, 3.821, 3.311, 2.395, 1.925, 3.013, 3.839, 3.555, 2.999, 2.751, 2.253, 1.967, 1.836, 1.474, 1.05, 0.947, 0.0, 1.049, 1.743, 2.376, 2.799, 3.436, 3.703, 2.874, 3.208, 3.517, 3.233, 2.289, 2.18, 2.647, 2.399, 2.366, 2.328, 1.974, 1.749, 1.326, 1.298, 1.255, 2.094, 3.104, 2.04, 1.919, 2.695, 2.928, 4.01, 5.922, 7.183, 7.8, 7.658, 7.036, 6.193, 6.078, 6.68, 7.909, 8.405, 8.374, 8.887, 8.312, 7.482], [3.313, 3.329, 4.333, 4.889, 4.415, 3.19, 2.932, 2.556, 2.588, 3.136, 3.138, 3.503, 3.763, 3.888, 3.989, 3.171, 2.508, 2.413, 2.712, 3.348, 3.372, 3.422, 3.976, 3.878, 3.843, 4.117, 4.276, 4.255, 4.282, 3.782, 2.802, 2.398, 3.605, 4.39, 3.982, 3.517, 3.352, 2.879, 2.418, 2.425, 2.028, 1.412, 1.337, 1.049, 0.0, 1.045, 1.889, 2.355, 2.998, 3.252, 2.483, 2.797, 3.076, 2.8, 1.899, 1.719, 2.109, 1.967, 2.009, 2.023, 1.56, 1.456, 1.156, 1.15, 1.297, 2.385, 3.572, 2.504, 2.327, 3.07, 3.379, 4.553, 6.352, 7.655, 8.315, 8.13, 7.546, 6.709, 6.568, 7.132, 8.35, 8.84, 8.784, 9.299, 8.719, 7.909], [4.233, 4.312, 5.263, 5.831, 5.356, 4.092, 3.858, 3.482, 3.466, 4.021, 4.011, 4.428, 4.673, 4.852, 4.923, 4.12, 3.453, 3.337, 3.583, 4.223, 4.257, 4.328, 4.927, 4.722, 4.812, 5.082, 5.262, 5.213, 5.235, 4.675, 3.682, 3.277, 4.497, 5.313, 4.93, 4.417, 4.175, 3.666, 3.084, 3.016, 2.669, 1.847, 1.714, 1.743, 1.045, 0.0, 0.936, 1.418, 2.056, 2.424, 1.757, 2.108, 2.222, 1.955, 1.162, 1.0, 1.377, 1.323, 1.494, 1.518, 1.199, 1.225, 1.339, 1.372, 1.586, 3.225, 4.541, 3.319, 2.909, 3.622, 4.134, 5.407, 7.294, 8.6, 9.265, 9.117, 8.498, 7.627, 7.539, 8.084, 9.305, 9.794, 9.748, 10.26, 9.686, 8.861], [4.996, 5.1, 6.083, 6.65, 6.212, 4.93, 4.676, 4.28, 4.267, 4.848, 4.845, 5.257, 5.517, 5.643, 5.734, 4.951, 4.242, 4.137, 4.391, 5.028, 5.07, 5.134, 5.701, 5.528, 5.64, 5.918, 6.084, 6.051, 6.061, 5.522, 4.518, 4.113, 5.274, 6.105, 5.778, 5.209, 4.839, 4.26, 3.655, 3.544, 3.211, 2.414, 2.232, 2.376, 1.889, 0.936, 0.0, 0.706, 1.271, 1.8, 1.292, 1.629, 1.593, 1.3, 0.937, 0.757, 0.93, 1.071, 1.38, 1.382, 1.419, 1.429, 1.755, 1.807, 2.2, 4.028, 5.352, 4.089, 3.485, 4.314, 4.869, 6.116, 8.091, 9.427, 10.063, 9.944, 9.305, 8.453, 8.316, 8.901, 10.145, 10.647, 10.596, 11.108, 10.534, 9.693], [5.441, 5.556, 6.484, 7.063, 6.661, 5.397, 5.137, 4.739, 4.716, 5.281, 5.288, 5.717, 5.966, 6.083, 6.194, 5.4, 4.701, 4.571, 4.863, 5.523, 5.566, 5.615, 6.134, 5.976, 6.081, 6.374, 6.524, 6.52, 6.533, 5.993, 4.952, 4.567, 5.697, 6.524, 6.217, 5.683, 5.322, 4.679, 4.019, 3.816, 3.394, 2.632, 2.564, 2.799, 2.355, 1.418, 0.706, 0.0, 0.911, 1.387, 1.393, 1.657, 1.461, 1.175, 1.148, 1.054, 1.15, 1.26, 1.45, 1.498, 1.715, 1.845, 2.263, 2.305, 2.691, 4.474, 5.808, 4.49, 3.786, 4.58, 5.228, 6.589, 8.52, 9.873, 10.491, 10.382, 9.757, 8.909, 8.765, 9.357, 10.623, 11.122, 11.086, 11.605, 11.027, 10.188], [6.078, 6.204, 7.188, 7.747, 7.335, 6.075, 5.809, 5.403, 5.373, 5.96, 5.968, 6.394, 6.639, 6.75, 6.859, 6.07, 5.361, 5.267, 5.488, 6.135, 6.183, 6.263, 6.813, 6.651, 6.769, 7.05, 7.196, 7.189, 7.199, 6.678, 5.624, 5.25, 6.369, 7.207, 6.911, 6.308, 5.899, 5.261, 4.539, 4.265, 3.808, 3.07, 3.182, 3.436, 2.998, 2.056, 1.271, 0.911, 0.0, 1.082, 1.39, 1.466, 1.222, 1.099, 1.553, 1.54, 1.374, 1.59, 1.684, 1.838, 2.383, 2.391, 2.86, 2.923, 3.27, 5.107, 6.493, 5.182, 4.375, 5.2, 5.912, 7.21, 9.203, 10.562, 11.175, 11.067, 10.427, 9.553, 9.408, 10.047, 11.299, 11.795, 11.751, 12.263, 11.676, 10.845], [6.363, 6.474, 7.285, 7.855, 7.449, 6.204, 5.933, 5.513, 5.49, 6.109, 6.119, 6.54, 6.776, 6.872, 7.005, 6.176, 5.505, 5.384, 5.727, 6.387, 6.456, 6.485, 6.956, 6.925, 6.885, 7.175, 7.348, 7.346, 7.336, 6.794, 5.735, 5.462, 6.546, 7.354, 7.113, 6.597, 6.22, 5.553, 4.777, 4.542, 3.964, 3.347, 3.524, 3.703, 3.252, 2.424, 1.8, 1.387, 1.082, 0.0, 1.221, 1.15, 0.9, 1.262, 1.824, 1.789, 1.533, 1.828, 1.932, 1.955, 2.481, 2.502, 2.983, 3.039, 3.48, 5.293, 6.706, 5.456, 4.645, 5.395, 6.159, 7.418, 9.375, 10.673, 11.304, 11.197, 10.619, 9.717, 9.544, 10.16, 11.422, 11.929, 11.876, 12.382, 11.792, 10.958], [5.503, 5.602, 6.44, 6.897, 6.483, 5.236, 4.985, 4.556, 4.539, 5.112, 5.111, 5.607, 5.783, 5.905, 6.117, 5.34, 4.67, 4.576, 4.868, 5.496, 5.562, 5.62, 6.139, 6.112, 6.037, 6.319, 6.508, 6.484, 6.475, 5.897, 4.842, 4.6, 5.761, 6.553, 6.292, 5.719, 5.321, 4.705, 3.951, 3.865, 3.567, 2.848, 2.799, 2.874, 2.483, 1.757, 1.292, 1.393, 1.39, 1.221, 0.0, 0.674, 0.902, 1.056, 1.3, 1.144, 1.117, 1.192, 1.312, 1.466, 1.713, 1.657, 2.148, 2.196, 2.626, 4.412, 5.85, 4.681, 3.989, 4.842, 5.427, 6.554, 8.463, 9.816, 10.36, 10.252, 9.64, 8.803, 8.652, 9.249, 10.495, 10.959, 10.888, 11.389, 10.815, 9.984], [5.842, 5.934, 6.781, 7.252, 6.855, 5.605, 5.334, 4.898, 4.862, 5.454, 5.487, 5.969, 6.151, 6.269, 6.487, 5.713, 5.034, 4.944, 5.234, 5.852, 5.934, 5.98, 6.495, 6.493, 6.412, 6.677, 6.873, 6.873, 6.863, 6.279, 5.214, 5.002, 6.084, 6.881, 6.667, 6.077, 5.696, 5.07, 4.263, 4.103, 3.792, 3.079, 3.109, 3.208, 2.797, 2.108, 1.629, 1.657, 1.466, 1.15, 0.674, 0.0, 0.67, 1.17, 1.506, 1.525, 1.354, 1.472, 1.477, 1.683, 2.133, 1.961, 2.488, 2.556, 2.985, 4.79, 6.229, 5.043, 4.309, 5.179, 5.766, 6.918, 8.847, 10.188, 10.707, 10.62, 9.984, 9.144, 8.999, 9.622, 10.884, 11.333, 11.27, 11.766, 11.19, 10.371], [6.146, 6.241, 7.1, 7.537, 7.167, 5.912, 5.641, 5.203, 5.182, 5.78, 5.787, 6.29, 6.472, 6.581, 6.799, 6.02, 5.362, 5.281, 5.543, 6.173, 6.233, 6.302, 6.82, 6.756, 6.724, 6.991, 7.197, 7.183, 7.173, 6.578, 5.536, 5.299, 6.411, 7.209, 6.992, 6.399, 5.995, 5.381, 4.528, 4.254, 3.942, 3.259, 3.315, 3.517, 3.076, 2.222, 1.593, 1.461, 1.222, 0.9, 0.902, 0.67, 0.0, 0.913, 1.588, 1.608, 1.365, 1.526, 1.663, 1.878, 2.338, 2.211, 2.775, 2.848, 3.26, 5.081, 6.544, 5.31, 4.526, 5.402, 6.014, 7.239, 9.165, 10.512, 11.042, 10.931, 10.306, 9.472, 9.326, 9.956, 11.185, 11.635, 11.571, 12.069, 11.49, 10.674], [5.845, 5.949, 6.824, 7.32, 6.905, 5.608, 5.356, 4.959, 4.915, 5.496, 5.51, 5.991, 6.199, 6.326, 6.499, 5.728, 5.05, 4.951, 5.24, 5.867, 5.931, 5.99, 6.513, 6.505, 6.422, 6.695, 6.905, 6.893, 6.871, 6.249, 5.223, 5.015, 6.147, 6.936, 6.702, 6.105, 5.681, 5.057, 4.263, 4.086, 3.712, 3.082, 3.13, 3.233, 2.8, 1.955, 1.3, 1.175, 1.099, 1.262, 1.056, 1.17, 0.913, 0.0, 1.185, 1.316, 1.368, 1.364, 1.535, 1.703, 1.914, 2.002, 2.527, 2.577, 2.998, 4.791, 6.246, 5.087, 4.36, 5.227, 5.837, 6.919, 8.855, 10.21, 10.769, 10.646, 10.013, 9.19, 9.028, 9.632, 10.88, 11.33, 11.262, 11.761, 11.18, 10.358], [4.8, 4.896, 5.819, 6.377, 5.951, 4.694, 4.416, 4.032, 3.995, 4.587, 4.627, 5.017, 5.243, 5.382, 5.49, 4.69, 4.0, 3.917, 4.178, 4.818, 4.895, 4.958, 5.466, 5.484, 5.388, 5.667, 5.854, 5.861, 5.892, 5.294, 4.32, 4.016, 5.064, 5.861, 5.638, 5.059, 4.653, 4.016, 3.273, 3.127, 2.793, 2.104, 2.094, 2.289, 1.899, 1.162, 0.937, 1.148, 1.553, 1.824, 1.3, 1.506, 1.588, 1.185, 0.0, 0.697, 1.238, 1.151, 0.996, 0.989, 1.137, 1.287, 1.633, 1.653, 1.996, 3.753, 5.206, 4.036, 3.241, 4.113, 4.747, 5.885, 7.858, 9.193, 9.814, 9.698, 9.079, 8.182, 8.039, 8.678, 9.918, 10.408, 10.341, 10.851, 10.261, 9.431], [4.703, 4.819, 5.812, 6.363, 5.919, 4.675, 4.406, 4.021, 3.989, 4.532, 4.556, 4.975, 5.219, 5.352, 5.447, 4.663, 3.967, 3.853, 4.111, 4.766, 4.797, 4.859, 5.441, 5.383, 5.353, 5.625, 5.798, 5.783, 5.8, 5.218, 4.243, 3.886, 5.02, 5.841, 5.516, 4.928, 4.534, 3.974, 3.359, 3.25, 2.976, 2.208, 2.116, 2.18, 1.719, 1.0, 0.757, 1.054, 1.54, 1.789, 1.144, 1.525, 1.608, 1.316, 0.697, 0.0, 0.906, 0.896, 1.071, 1.124, 1.24, 1.21, 1.542, 1.572, 1.933, 3.722, 5.087, 3.929, 3.274, 4.097, 4.681, 5.841, 7.805, 9.15, 9.785, 9.652, 9.032, 8.166, 8.027, 8.623, 9.856, 10.33, 10.298, 10.79, 10.211, 9.377], [5.201, 5.272, 6.187, 6.758, 6.258, 5.057, 4.827, 4.461, 4.413, 4.931, 4.967, 5.384, 5.619, 5.751, 5.852, 5.045, 4.38, 4.271, 4.558, 5.235, 5.286, 5.335, 5.902, 5.884, 5.708, 5.981, 6.139, 6.168, 6.151, 5.569, 4.536, 4.307, 5.46, 6.243, 5.959, 5.392, 5.1, 4.54, 3.866, 3.958, 3.611, 2.81, 2.675, 2.647, 2.109, 1.377, 0.93, 1.15, 1.374, 1.533, 1.117, 1.354, 1.365, 1.368, 1.238, 0.906, 0.0, 0.842, 1.416, 1.337, 1.623, 1.565, 1.958, 1.984, 2.347, 4.12, 5.535, 4.42, 3.893, 4.62, 5.174, 6.284, 8.262, 9.538, 10.136, 9.996, 9.45, 8.567, 8.42, 8.99, 10.226, 10.689, 10.663, 11.141, 10.552, 9.729], [4.985, 4.972, 5.904, 6.443, 5.99, 4.71, 4.474, 4.097, 4.066, 4.571, 4.62, 5.044, 5.285, 5.409, 5.541, 4.756, 4.082, 4.033, 4.318, 4.947, 5.0, 5.038, 5.586, 5.609, 5.443, 5.725, 5.917, 5.889, 5.901, 5.299, 4.247, 4.097, 5.273, 6.051, 5.725, 5.142, 4.841, 4.373, 3.605, 3.71, 3.358, 2.661, 2.468, 2.399, 1.967, 1.323, 1.071, 1.26, 1.59, 1.828, 1.192, 1.472, 1.526, 1.364, 1.151, 0.896, 0.842, 0.0, 1.312, 1.358, 1.415, 1.267, 1.695, 1.736, 2.045, 3.822, 5.299, 4.252, 3.715, 4.56, 5.029, 5.993, 7.928, 9.242, 9.864, 9.719, 9.094, 8.245, 8.108, 8.687, 9.931, 10.407, 10.355, 10.862, 10.278, 9.45], [4.69, 4.759, 5.708, 6.289, 5.866, 4.65, 4.36, 3.99, 3.968, 4.515, 4.524, 4.94, 5.184, 5.298, 5.392, 4.596, 3.885, 3.856, 4.064, 4.735, 4.797, 4.838, 5.37, 5.391, 5.304, 5.599, 5.752, 5.773, 5.807, 5.23, 4.269, 4.016, 4.979, 5.742, 5.583, 4.942, 4.553, 4.028, 3.349, 3.246, 2.911, 2.186, 2.262, 2.366, 2.009, 1.494, 1.38, 1.45, 1.684, 1.932, 1.312, 1.477, 1.663, 1.535, 0.996, 1.071, 1.416, 1.312, 0.0, 0.739, 1.439, 1.29, 1.52, 1.563, 1.899, 3.644, 5.094, 3.913, 3.199, 4.023, 4.618, 5.716, 7.746, 9.074, 9.716, 9.619, 8.978, 8.103, 7.961, 8.578, 9.859, 10.359, 10.308, 10.818, 10.238, 9.392], [4.601, 4.701, 5.494, 6.091, 5.67, 4.476, 4.168, 3.749, 3.74, 4.351, 4.36, 4.755, 5.01, 5.116, 5.204, 4.387, 3.711, 3.618, 3.946, 4.59, 4.699, 4.714, 5.195, 5.272, 5.118, 5.428, 5.597, 5.646, 5.666, 5.074, 4.144, 3.916, 4.862, 5.588, 5.494, 4.9, 4.528, 3.901, 3.366, 3.333, 2.816, 2.168, 2.202, 2.328, 2.023, 1.518, 1.382, 1.498, 1.838, 1.955, 1.466, 1.683, 1.878, 1.703, 0.989, 1.124, 1.337, 1.358, 0.739, 0.0, 1.172, 1.062, 1.395, 1.405, 1.753, 3.494, 4.931, 3.765, 3.043, 3.807, 4.474, 5.619, 7.572, 8.883, 9.513, 9.432, 8.811, 7.931, 7.807, 8.437, 9.696, 10.215, 10.133, 10.626, 10.06, 9.216], [4.328, 4.38, 5.071, 5.612, 5.192, 3.971, 3.639, 3.264, 3.236, 3.806, 3.836, 4.235, 4.47, 4.671, 4.8, 3.994, 3.407, 3.358, 3.653, 4.216, 4.339, 4.365, 4.912, 4.879, 4.723, 4.981, 5.19, 5.221, 5.177, 4.516, 3.563, 3.428, 4.569, 5.309, 5.063, 4.569, 4.433, 3.855, 3.198, 3.29, 2.915, 2.184, 2.087, 1.974, 1.56, 1.199, 1.419, 1.715, 2.383, 2.481, 1.713, 2.133, 2.338, 1.914, 1.137, 1.24, 1.623, 1.415, 1.439, 1.172, 0.0, 0.941, 1.25, 1.197, 1.577, 3.163, 4.586, 3.593, 3.17, 3.98, 4.396, 5.554, 7.248, 8.48, 9.09, 8.982, 8.311, 7.496, 7.311, 7.905, 9.119, 9.595, 9.551, 10.071, 9.492, 8.667], [4.163, 4.186, 5.087, 5.606, 5.158, 3.846, 3.621, 3.239, 3.233, 3.762, 3.794, 4.226, 4.477, 4.583, 4.733, 3.956, 3.254, 3.22, 3.521, 4.145, 4.199, 4.243, 4.763, 4.747, 4.619, 4.91, 5.095, 5.071, 5.089, 4.498, 3.479, 3.286, 4.476, 5.227, 4.922, 4.356, 4.149, 3.649, 2.978, 3.068, 2.684, 1.987, 1.884, 1.749, 1.456, 1.225, 1.429, 1.845, 2.391, 2.502, 1.657, 1.961, 2.211, 2.002, 1.287, 1.21, 1.565, 1.267, 1.29, 1.062, 0.941, 0.0, 0.787, 0.852, 1.232, 2.998, 4.481, 3.395, 2.906, 3.752, 4.204, 5.295, 7.149, 8.436, 9.036, 8.876, 8.277, 7.417, 7.289, 7.87, 9.068, 9.567, 9.517, 10.048, 9.463, 8.627], [3.498, 3.561, 4.522, 5.066, 4.593, 3.327, 3.075, 2.7, 2.701, 3.24, 3.271, 3.644, 3.922, 4.046, 4.116, 3.337, 2.651, 2.668, 2.874, 3.492, 3.558, 3.623, 4.158, 4.134, 4.021, 4.332, 4.499, 4.475, 4.497, 3.917, 2.972, 2.698, 3.839, 4.591, 4.312, 3.735, 3.488, 3.063, 2.634, 2.726, 2.277, 1.673, 1.475, 1.326, 1.156, 1.339, 1.755, 2.263, 2.86, 2.983, 2.148, 2.488, 2.775, 2.527, 1.633, 1.542, 1.958, 1.695, 1.52, 1.395, 1.25, 0.787, 0.0, 0.418, 0.861, 2.438, 3.837, 2.764, 2.384, 3.195, 3.561, 4.62, 6.552, 7.844, 8.484, 8.332, 7.712, 6.839, 6.715, 7.308, 8.538, 9.057, 8.995, 9.521, 8.94, 8.115], [3.467, 3.491, 4.428, 4.961, 4.506, 3.255, 2.987, 2.624, 2.629, 3.163, 3.208, 3.595, 3.838, 3.962, 4.056, 3.257, 2.58, 2.619, 2.863, 3.471, 3.531, 3.57, 4.045, 4.049, 3.946, 4.23, 4.412, 4.382, 4.429, 3.86, 2.898, 2.627, 3.773, 4.514, 4.264, 3.695, 3.468, 3.085, 2.658, 2.78, 2.332, 1.722, 1.53, 1.298, 1.15, 1.372, 1.807, 2.305, 2.923, 3.039, 2.196, 2.556, 2.848, 2.577, 1.653, 1.572, 1.984, 1.736, 1.563, 1.405, 1.197, 0.852, 0.418, 0.0, 0.767, 2.383, 3.791, 2.716, 2.414, 3.218, 3.533, 4.627, 6.53, 7.769, 8.39, 8.259, 7.64, 6.787, 6.66, 7.245, 8.468, 8.977, 8.922, 9.448, 8.866, 8.033], [3.064, 3.075, 4.026, 4.572, 4.109, 2.986, 2.688, 2.331, 2.394, 2.897, 2.929, 3.256, 3.507, 3.613, 3.656, 2.874, 2.177, 2.16, 2.412, 3.024, 3.104, 3.151, 3.689, 3.722, 3.552, 3.841, 4.013, 4.082, 4.145, 3.538, 2.685, 2.439, 3.41, 4.141, 3.86, 3.237, 3.063, 2.703, 2.351, 2.565, 2.039, 1.498, 1.381, 1.255, 1.297, 1.586, 2.2, 2.691, 3.27, 3.48, 2.626, 2.985, 3.26, 2.998, 1.996, 1.933, 2.347, 2.045, 1.899, 1.753, 1.577, 1.232, 0.861, 0.767, 0.0, 1.928, 3.381, 2.353, 1.988, 2.802, 3.132, 4.135, 6.07, 7.342, 7.985, 7.864, 7.221, 6.379, 6.228, 6.799, 8.085, 8.587, 8.535, 9.055, 8.475, 7.657], [1.486, 1.51, 2.236, 2.829, 2.552, 2.253, 2.073, 1.829, 1.964, 1.972, 2.054, 2.197, 2.386, 2.209, 2.055, 1.552, 1.145, 1.024, 0.988, 1.521, 1.767, 1.835, 2.351, 2.107, 2.066, 2.254, 2.5, 2.832, 3.052, 2.647, 2.282, 2.161, 2.251, 2.62, 2.518, 2.088, 2.196, 1.925, 2.027, 2.568, 2.109, 2.414, 2.281, 2.094, 2.385, 3.225, 4.028, 4.474, 5.107, 5.293, 4.412, 4.79, 5.081, 4.791, 3.753, 3.722, 4.12, 3.822, 3.644, 3.494, 3.163, 2.998, 2.438, 2.383, 1.928, 0.0, 1.694, 1.23, 1.31, 1.667, 1.696, 2.537, 4.28, 5.539, 6.188, 6.095, 5.431, 4.625, 4.503, 5.047, 6.309, 6.797, 6.745, 7.275, 6.7, 5.89], [0.831, 0.941, 1.432, 1.676, 1.831, 1.961, 1.991, 2.101, 2.288, 2.099, 1.836, 1.843, 1.928, 1.731, 1.462, 1.312, 1.507, 1.605, 1.363, 1.138, 1.288, 1.317, 1.458, 1.154, 1.458, 1.683, 1.826, 2.116, 2.585, 2.524, 2.749, 2.073, 1.697, 1.812, 1.916, 1.819, 1.949, 1.939, 2.663, 2.929, 3.035, 3.542, 3.352, 3.104, 3.572, 4.541, 5.352, 5.808, 6.493, 6.706, 5.85, 6.229, 6.544, 6.246, 5.206, 5.087, 5.535, 5.299, 5.094, 4.931, 4.586, 4.481, 3.837, 3.791, 3.381, 1.694, 0.0, 1.499, 2.309, 1.87, 1.426, 1.858, 3.202, 4.291, 4.935, 4.762, 4.139, 3.394, 3.322, 3.924, 5.164, 5.659, 5.518, 6.03, 5.522, 4.727], [1.505, 1.612, 2.365, 2.949, 2.777, 2.162, 2.039, 1.817, 2.015, 2.22, 2.249, 2.438, 2.662, 2.49, 2.405, 1.817, 1.378, 1.224, 1.326, 1.794, 1.917, 1.904, 2.301, 1.785, 2.266, 2.